utilA;utilB;utilSum;contract;pareto
10498;9653;20151;[0,1,2,3,4,5,6,7,8,9,10,11,12,13,14,15,118,17,18,19,20,21,22,23,24,25,26,27,28,29,30,31,32,33,34,35,36,37,38,39,40,41,42,43,44,45,46,47,48,49,50,51,52,53,54,55,56,57,58,59,60,61,62,63,64,65,66,67,68,69,70,71,72,73,74,75,76,77,78,79,80,81,82,83,84,85,86,87,88,89,90,91,92,93,94,95,96,97,98,99,100,101,102,103,104,105,106,107,108,109,110,111,112,113,114,115,116,183,16,119,120,121,122,123,124,125,126,127,128,129,130,131,132,133,134,135,136,137,138,139,140,141,142,143,144,145,146,147,148,149,150,151,152,153,154,155,156,157,158,159,160,161,162,163,164,165,166,167,168,169,170,171,172,173,174,175,176,177,178,179,180,181,182,117,184,185,186,187,188,189,190,191,192,193,194,195,196,197,198,199,];False
10453;9690;20143;[0,1,2,3,4,5,6,7,8,9,10,11,12,13,14,15,118,17,18,19,20,21,22,23,24,25,26,27,28,29,30,31,32,33,34,35,36,37,38,39,40,41,42,43,44,45,46,47,48,49,50,51,52,53,54,55,56,57,58,59,60,61,62,63,64,65,66,67,68,69,70,71,72,73,74,75,76,77,78,79,80,81,82,83,84,85,86,87,88,89,90,91,92,93,94,95,96,97,98,99,100,168,102,103,104,105,106,107,108,109,110,111,112,113,114,115,116,117,16,119,120,121,122,123,124,125,126,127,128,129,130,131,132,133,134,135,136,137,138,139,140,141,142,143,144,145,146,147,148,149,150,151,152,153,154,155,156,157,158,159,160,161,162,163,164,165,166,167,101,169,170,171,172,173,174,175,176,177,178,179,180,181,182,183,184,185,186,187,188,189,190,191,192,193,194,195,196,197,198,199,];False
10447;9639;20086;[0,1,2,3,4,5,6,7,8,9,10,11,12,13,14,15,118,17,18,19,20,21,22,23,24,25,26,27,28,29,106,31,32,33,34,35,36,37,38,39,40,41,42,43,44,45,46,47,48,49,50,51,52,53,54,55,56,57,58,59,60,61,62,63,64,65,66,67,68,69,70,71,72,73,74,75,76,77,78,79,80,81,82,153,84,85,86,87,88,89,90,91,92,93,94,95,96,97,98,99,100,101,102,103,104,105,30,107,108,109,110,111,112,113,114,115,116,117,16,119,120,121,122,123,124,125,126,127,128,129,130,131,132,133,134,135,136,137,138,139,140,141,142,143,144,145,146,147,148,149,150,151,152,83,154,155,156,157,158,159,160,161,162,163,164,165,166,167,168,169,170,171,172,173,174,175,176,177,178,179,180,181,182,183,184,185,186,187,188,189,190,191,192,193,194,195,196,197,198,199,];False
10434;9646;20080;[0,1,2,3,4,5,6,7,8,9,10,11,12,13,14,15,118,17,18,19,20,21,22,23,24,25,26,27,28,29,106,31,32,33,34,35,36,37,38,39,40,41,42,43,44,45,46,47,48,49,50,51,52,53,54,55,56,57,58,59,60,61,62,63,64,65,66,67,68,69,70,71,72,73,74,75,76,77,78,169,80,81,82,83,84,85,86,87,88,89,90,91,92,93,94,95,96,97,98,99,100,101,102,103,104,105,30,107,108,109,110,111,112,113,114,115,116,117,16,119,120,121,122,123,124,125,126,127,128,129,130,131,132,133,134,135,136,137,138,139,140,141,142,143,144,145,146,147,148,149,150,151,152,153,154,155,156,157,158,159,160,161,162,163,164,165,166,167,168,79,170,171,172,173,174,175,176,177,178,179,180,181,182,183,184,185,186,187,188,189,190,191,192,193,194,195,196,197,198,199,];False
10393;9666;20059;[0,1,2,3,4,5,6,7,8,9,10,11,12,13,14,15,118,17,18,19,20,21,22,23,24,25,26,27,28,29,30,31,32,33,34,35,36,37,38,39,40,41,42,43,44,45,46,47,48,49,50,51,52,132,54,55,56,57,58,59,60,61,62,63,64,65,66,67,68,69,70,71,72,73,74,75,76,77,78,79,80,81,82,83,84,85,86,87,88,89,90,91,92,93,94,95,96,97,98,99,100,101,102,103,104,105,106,107,108,109,110,111,112,113,114,115,116,117,16,119,120,121,122,123,124,125,126,127,128,129,130,131,53,133,134,135,136,137,138,139,140,141,142,143,144,145,146,147,148,149,150,151,152,153,154,155,156,157,158,159,160,161,162,163,164,165,166,167,168,169,170,171,172,173,174,175,176,177,178,179,180,181,182,183,184,185,186,187,188,189,190,191,192,193,194,195,196,197,198,199,];False
10362;9675;20037;[0,1,2,3,4,5,6,7,8,9,10,11,12,13,14,15,16,17,18,19,20,21,22,23,24,25,26,27,28,29,30,31,32,33,34,35,36,37,38,39,40,41,42,43,44,45,46,47,48,49,50,51,52,53,54,55,56,57,58,59,60,61,62,63,64,65,66,67,68,69,70,71,72,73,74,75,76,77,78,79,80,81,82,83,84,85,86,87,88,89,90,91,92,93,94,95,96,97,98,99,100,101,102,103,104,105,106,107,108,109,110,111,112,113,114,115,116,117,118,119,120,121,122,123,124,125,126,127,128,129,130,131,132,133,134,135,136,137,138,139,140,141,142,143,144,145,146,147,148,149,150,151,152,153,154,155,156,157,158,159,160,161,162,163,164,165,166,167,168,169,170,171,172,173,174,175,176,177,178,179,180,181,182,183,184,185,186,187,188,189,190,191,192,193,194,195,196,197,198,199,];False
10395;9640;20035;[0,1,2,3,4,5,6,7,8,9,10,11,12,13,14,15,118,17,18,19,20,21,22,23,24,25,26,27,28,29,106,31,32,33,34,35,36,37,38,39,40,41,42,43,44,94,46,47,48,49,50,51,52,53,54,55,56,57,58,59,60,61,62,63,64,65,66,67,68,69,70,71,72,73,74,75,76,77,78,79,80,81,82,83,84,85,86,87,88,89,90,91,92,93,45,95,96,97,98,99,100,101,102,103,104,105,30,107,108,109,110,111,112,113,114,115,116,117,16,119,120,121,122,123,124,125,126,127,128,129,130,131,132,133,134,135,136,137,138,139,140,141,142,143,144,145,146,147,148,149,150,151,152,153,154,155,156,157,158,159,160,161,162,163,164,165,166,167,168,169,170,171,172,173,174,175,176,177,178,179,180,181,182,183,184,185,186,187,188,189,190,191,192,193,194,195,196,197,198,199,];False
10328;9696;20024;[0,1,2,3,4,5,6,7,8,9,10,11,12,13,14,15,118,17,18,19,20,21,22,23,24,25,26,27,28,29,106,31,32,33,34,35,36,37,38,39,40,41,42,43,44,45,46,47,48,49,50,51,52,53,54,55,56,57,58,155,60,61,62,63,64,65,66,67,68,69,70,71,72,73,74,75,76,77,78,79,80,81,82,83,84,85,86,87,88,89,90,91,92,93,94,95,96,97,98,99,100,101,102,103,104,105,30,107,108,109,110,111,112,113,114,115,116,117,16,119,120,121,122,123,124,125,126,127,128,129,130,131,132,133,134,135,136,137,138,139,140,141,142,143,144,145,146,147,148,149,150,151,152,153,154,59,156,157,158,159,160,161,162,163,164,165,166,167,168,169,170,171,172,173,174,175,176,177,178,179,180,181,182,183,184,185,186,187,188,189,190,191,192,193,194,195,196,197,198,199,];False
10359;9663;20022;[0,1,2,3,4,5,6,7,8,9,10,11,12,13,14,15,118,17,18,19,20,21,22,23,24,25,26,27,28,29,30,31,32,33,34,35,36,37,38,39,40,41,42,43,44,45,46,47,48,49,50,51,52,53,54,55,56,57,58,59,60,61,62,63,64,65,66,67,68,69,70,71,72,73,74,75,76,77,78,79,80,81,82,83,84,85,86,87,88,89,90,91,92,93,94,95,96,97,98,99,100,101,102,103,104,105,106,107,108,109,110,111,112,113,114,115,116,117,16,119,120,121,122,123,124,125,126,127,128,129,130,131,132,133,134,135,136,137,138,139,140,141,142,143,144,145,146,147,148,149,150,151,152,153,154,155,156,157,158,159,160,161,162,163,164,165,166,167,168,169,170,171,172,173,174,175,176,177,178,179,180,181,182,183,184,185,186,187,188,189,190,191,192,193,194,195,196,197,198,199,];False
10329;9665;19994;[0,1,2,3,4,5,6,7,8,9,10,11,12,13,14,15,118,17,18,19,20,21,22,23,24,25,26,27,28,29,106,31,32,33,34,35,36,37,38,39,40,41,42,43,44,45,46,47,48,49,50,51,52,53,54,55,56,57,58,59,60,61,62,63,64,65,66,67,68,69,70,71,72,73,74,75,76,77,193,79,80,81,82,83,84,85,86,87,88,89,90,91,92,93,94,95,96,97,98,99,100,101,102,103,104,105,30,107,108,109,110,111,112,113,114,115,116,117,16,119,120,121,122,123,124,125,126,127,128,129,130,131,132,133,134,135,136,137,138,139,140,141,142,143,144,145,146,147,148,149,150,151,152,153,154,155,156,157,158,159,160,161,162,163,164,165,166,167,168,169,170,171,172,173,174,175,176,177,178,179,180,181,182,183,184,185,186,187,188,189,190,191,192,78,194,195,196,197,198,199,];False
10328;9649;19977;[0,1,2,3,4,5,6,7,8,9,10,11,12,13,14,15,118,17,18,19,20,21,22,23,24,25,26,27,28,29,106,31,32,33,34,35,36,37,38,39,40,41,42,43,44,45,46,47,48,49,50,51,52,53,54,55,56,57,58,59,60,61,62,63,64,65,66,67,68,69,70,71,72,73,74,75,76,77,78,79,80,81,82,83,84,85,86,87,88,89,90,91,92,93,94,95,96,97,98,99,100,101,102,103,104,105,30,107,108,109,110,111,112,113,114,115,116,117,16,119,120,121,122,123,124,125,126,127,128,129,130,131,132,133,134,135,136,177,138,139,140,141,142,143,144,145,146,147,148,149,150,151,152,153,154,155,156,157,158,159,160,161,162,163,164,165,166,167,168,169,170,171,172,173,174,175,176,137,178,179,180,181,182,183,184,185,186,187,188,189,190,191,192,193,194,195,196,197,198,199,];False
10318;9640;19958;[0,1,2,3,4,5,6,7,8,9,10,11,12,13,14,15,118,17,18,19,20,21,22,23,24,25,26,27,28,29,106,31,32,33,34,35,36,37,38,39,40,41,42,43,44,45,46,47,48,49,50,51,52,53,54,55,56,57,58,59,60,61,62,63,64,65,66,67,68,69,70,71,72,73,74,75,76,77,78,79,80,81,82,83,84,85,86,87,88,89,90,91,92,93,94,95,96,97,98,99,100,101,102,103,104,105,30,107,108,109,110,111,112,113,114,115,116,117,16,119,120,121,122,123,124,125,126,127,128,129,130,131,132,133,134,135,136,137,138,139,140,141,142,143,144,145,146,147,148,149,150,151,152,153,154,155,156,157,158,159,160,161,162,163,164,165,166,167,168,169,170,171,172,173,174,175,176,177,178,179,180,181,182,183,184,185,186,187,188,189,190,191,192,193,194,195,196,197,198,199,];False
10321;9622;19943;[0,1,2,3,4,5,6,7,8,9,10,11,12,13,14,15,118,17,18,19,20,21,22,23,24,25,26,27,28,29,106,31,32,33,34,35,36,37,38,39,40,41,42,184,44,45,46,47,48,49,50,51,52,53,54,55,56,57,58,59,60,61,62,63,64,65,159,67,68,69,70,71,72,73,74,75,76,77,78,79,80,81,82,83,84,85,86,87,88,89,90,91,92,93,94,95,96,97,98,99,100,101,102,103,104,105,30,107,108,109,110,111,112,113,114,115,116,117,16,119,120,121,122,123,124,125,126,127,128,129,130,131,132,133,134,135,136,137,138,139,140,141,142,143,144,145,146,147,148,149,150,151,152,153,154,155,156,157,158,66,160,161,162,163,164,165,166,167,168,169,170,171,172,173,174,175,176,177,178,179,180,181,182,183,43,185,186,187,188,189,190,191,192,193,194,195,196,197,198,199,];False
10315;9606;19921;[0,1,2,3,4,5,6,7,8,9,10,11,12,13,14,15,118,17,18,19,20,21,22,23,24,25,26,27,28,29,106,31,32,33,34,35,36,37,38,39,40,41,42,184,44,45,46,47,48,49,50,51,52,53,54,55,56,57,58,59,60,61,62,63,64,65,66,67,68,69,70,71,72,73,74,75,76,77,78,79,80,81,82,83,84,85,86,87,88,89,90,91,92,93,94,95,96,97,98,99,100,101,102,103,104,105,30,107,108,109,110,111,112,113,114,115,116,117,16,119,120,121,122,123,124,125,126,127,128,129,130,131,132,133,134,135,136,137,138,139,140,141,142,143,144,145,146,147,148,149,150,151,152,153,154,155,156,157,158,159,160,161,162,163,164,165,166,167,168,169,170,171,172,173,174,175,176,177,178,179,180,181,182,183,43,185,186,187,188,189,190,191,192,193,194,195,196,197,198,199,];False
10323;9584;19907;[0,1,2,3,4,5,6,7,8,9,10,11,12,13,14,15,118,17,18,19,20,21,22,23,24,25,26,27,28,29,106,31,32,30,34,35,36,37,38,39,40,41,42,184,44,45,46,47,48,49,50,51,52,53,54,55,56,57,58,59,60,61,62,63,64,65,66,67,68,69,70,71,157,73,74,75,76,77,78,79,80,81,82,83,84,85,86,87,88,89,90,91,92,172,94,95,96,97,98,99,100,101,102,103,104,105,33,107,108,109,110,111,112,113,114,115,116,117,16,119,120,121,122,123,124,125,126,127,128,129,130,131,132,133,134,135,136,137,138,139,140,141,142,143,144,145,146,147,148,149,150,151,152,153,154,155,156,72,158,159,160,161,162,163,164,165,166,167,168,169,170,171,93,173,174,175,176,177,178,179,180,181,182,183,43,185,186,187,188,189,190,191,192,193,194,195,196,197,198,199,];False
10295;9598;19893;[0,1,2,3,4,5,6,7,8,9,10,11,193,13,14,15,118,17,18,19,20,21,22,23,24,25,26,27,28,29,106,31,32,33,34,35,36,37,38,39,40,41,42,184,44,45,46,47,48,49,50,51,52,53,54,55,56,57,58,59,60,61,62,63,64,65,66,67,68,69,70,71,157,73,74,75,76,77,78,79,80,81,82,83,84,85,86,87,88,89,90,91,92,93,94,95,96,97,98,99,100,101,102,103,104,105,30,107,108,109,110,111,112,113,114,115,116,117,16,119,120,121,122,123,124,125,126,127,128,129,130,131,132,133,134,135,136,137,138,139,140,141,142,143,144,145,146,147,148,149,150,151,152,153,154,155,156,72,158,159,160,161,162,163,164,165,166,167,168,169,170,171,172,173,174,175,176,177,178,179,180,181,182,183,43,185,186,187,188,189,190,191,192,12,194,195,196,197,198,199,];False
10312;9558;19870;[0,1,2,3,4,5,6,7,8,9,10,11,12,13,23,15,118,17,18,19,20,21,22,14,24,25,26,27,28,29,106,31,32,33,34,35,36,66,38,39,40,41,42,184,45,44,46,47,48,49,50,51,52,53,54,55,56,57,58,59,60,61,62,63,64,65,37,67,68,69,70,71,157,73,74,75,76,77,78,79,80,81,82,83,84,85,86,87,88,89,90,91,92,172,94,95,96,97,98,99,100,101,102,103,104,105,30,107,108,109,110,111,112,113,114,115,116,117,16,119,120,121,122,123,124,125,126,127,128,129,130,131,132,133,134,135,136,137,138,139,140,141,142,143,144,145,146,147,148,149,150,151,152,153,154,155,156,72,158,159,160,161,162,163,164,165,166,167,168,169,170,171,93,173,174,175,176,177,178,179,180,181,182,183,43,185,186,187,188,189,190,191,192,193,194,195,196,197,198,199,];False
10270;9585;19855;[0,1,2,3,4,5,6,7,8,9,10,11,12,13,14,15,118,17,18,19,20,21,22,23,24,25,26,27,28,29,106,31,32,33,34,35,36,37,38,39,40,41,42,184,44,45,46,47,48,49,50,51,52,53,54,55,56,57,58,59,60,61,62,63,64,65,66,67,68,69,70,71,157,73,74,75,76,77,78,79,80,81,82,83,84,85,86,87,88,89,90,91,92,93,94,95,96,97,98,99,100,101,102,103,104,105,30,107,108,109,110,111,112,113,114,115,116,117,16,119,120,121,122,123,124,125,126,127,128,129,130,131,132,133,134,135,136,137,138,139,140,141,142,143,144,145,146,147,148,149,150,151,152,153,154,155,156,72,158,159,160,161,162,163,164,165,166,167,168,169,170,171,172,173,174,175,176,177,178,179,180,181,182,183,43,185,186,187,188,189,190,191,192,193,194,195,196,197,198,199,];False
10276;9571;19847;[0,1,2,3,4,5,6,7,8,9,10,11,12,13,23,15,118,17,18,19,20,21,22,14,24,25,26,27,28,29,106,31,32,33,34,35,36,66,38,39,40,41,42,184,44,45,46,47,48,49,50,51,52,53,54,55,56,57,58,59,60,61,62,63,64,65,37,67,68,69,70,71,157,73,74,75,76,77,78,79,80,81,82,127,84,85,86,87,88,89,90,91,92,172,94,95,96,97,98,99,100,101,102,103,104,105,30,107,108,109,110,111,112,113,114,115,116,117,16,119,120,121,122,123,124,125,126,83,128,129,130,131,132,133,134,135,136,137,138,139,140,141,142,143,144,145,146,147,148,149,150,151,152,153,154,155,156,72,158,159,160,161,162,163,164,165,166,167,168,169,170,171,93,173,174,175,176,177,178,179,180,181,182,183,43,185,186,187,188,189,190,191,192,193,194,195,196,197,198,199,];False
10309;9518;19827;[0,1,2,3,4,5,6,7,8,9,10,11,12,13,14,15,118,17,18,19,20,117,22,23,24,25,26,27,28,29,106,31,32,33,34,35,36,37,38,39,40,41,42,184,44,45,46,47,48,49,50,51,52,53,54,55,56,57,58,59,60,61,62,63,64,65,66,67,68,69,70,71,157,73,74,75,76,77,78,79,80,81,82,83,84,85,86,87,88,89,90,91,92,93,94,95,96,97,98,99,100,101,102,103,104,105,30,107,108,109,110,111,112,113,114,115,116,21,16,119,120,121,122,123,124,125,126,127,128,129,130,131,132,133,134,135,136,137,138,139,140,141,142,143,144,145,146,147,148,149,150,151,152,153,154,155,156,72,158,159,160,161,162,163,164,165,166,167,168,169,170,171,172,173,174,175,176,177,178,179,180,181,182,183,43,185,186,187,188,189,190,191,192,193,194,195,196,197,198,199,];False
10223;9570;19793;[0,1,2,3,4,5,6,7,8,9,10,11,12,13,14,15,118,17,18,19,20,21,22,23,24,25,26,27,28,29,106,31,32,33,34,35,36,37,38,39,40,41,42,184,44,45,46,47,48,49,50,51,52,53,54,55,56,57,58,59,60,61,62,63,64,65,66,67,68,69,70,71,157,73,74,75,76,77,78,79,80,81,82,83,84,85,86,87,88,89,90,91,92,172,94,95,96,97,98,99,100,101,102,103,104,105,30,107,108,109,110,111,112,113,114,115,116,117,16,119,120,121,122,123,124,125,126,127,128,129,130,131,132,133,134,135,136,137,138,139,140,141,142,143,144,145,146,147,148,149,150,151,152,153,154,155,156,72,158,159,160,161,162,163,164,165,166,167,168,169,170,171,93,173,174,175,176,177,178,179,180,181,182,183,43,185,186,187,188,189,190,191,192,193,194,195,196,197,198,199,];False
10214;9566;19780;[0,1,2,3,4,5,6,7,8,9,10,11,12,13,23,15,118,17,18,19,20,21,22,14,24,25,26,27,28,29,106,31,32,33,34,35,36,37,38,39,40,41,42,184,44,45,46,47,48,49,50,51,52,53,54,55,56,57,58,59,60,61,62,63,64,65,66,67,68,69,70,71,157,73,74,75,76,77,78,79,80,81,82,83,84,85,86,87,88,89,90,91,92,172,94,95,96,97,98,99,100,101,102,103,104,105,30,107,108,109,110,111,112,113,114,115,116,117,16,119,120,121,122,123,124,125,126,127,128,129,130,131,132,133,134,135,136,137,138,139,140,141,142,143,144,145,146,147,148,149,150,151,152,153,154,155,156,72,158,159,160,161,162,163,164,165,166,167,168,169,170,171,93,173,174,175,176,177,178,179,180,181,182,183,43,185,186,187,188,189,190,191,192,193,194,195,196,197,198,199,];False
10231;9542;19773;[0,1,2,3,4,5,170,7,8,9,10,11,12,13,23,15,118,17,18,19,20,21,22,14,24,25,26,27,28,29,106,31,32,33,34,35,36,66,38,39,40,41,42,184,44,45,46,47,48,49,50,51,52,53,54,55,56,57,58,59,60,61,62,63,64,65,37,67,68,69,70,71,157,73,74,75,76,77,78,79,80,81,82,83,84,85,86,87,88,89,90,91,92,172,94,95,96,97,98,99,100,101,102,103,104,105,30,107,108,109,110,111,112,113,114,115,116,117,16,119,120,121,122,123,124,125,126,127,128,129,130,131,132,133,134,135,136,137,138,139,140,141,142,143,144,145,146,147,148,149,150,151,152,153,154,155,156,72,158,159,160,161,162,163,164,165,166,167,168,169,6,171,93,173,174,175,176,177,178,179,180,181,182,183,43,185,186,187,188,189,190,191,192,193,194,195,196,197,198,199,];False
10209;9557;19766;[0,1,2,3,4,5,6,7,8,9,10,11,12,13,23,15,118,17,18,19,20,21,22,14,24,25,26,27,28,29,106,31,32,33,34,35,36,66,38,39,40,41,42,184,44,45,46,47,48,49,50,51,52,53,54,55,56,57,58,59,60,61,62,63,64,65,37,67,68,69,70,71,157,73,74,75,76,77,78,79,80,81,82,83,84,85,86,87,88,89,90,91,92,172,94,95,96,97,98,99,100,101,102,103,104,105,30,107,108,109,110,111,112,113,114,115,116,117,16,119,120,121,122,123,124,125,126,127,128,129,130,131,132,133,134,135,136,137,138,139,140,141,142,143,144,145,146,147,148,149,150,151,152,153,154,155,156,72,158,159,160,161,162,163,164,165,166,167,168,169,170,171,93,173,174,175,176,177,178,179,180,181,182,183,43,185,186,187,188,189,190,191,192,193,194,195,196,197,198,199,];False
10123;9580;19703;[0,1,2,3,4,5,6,7,8,9,10,11,12,13,23,15,118,17,18,19,20,21,22,14,24,25,26,27,28,29,106,31,32,33,34,35,36,66,38,39,40,41,42,184,44,45,46,47,48,49,50,51,52,53,54,55,56,57,58,59,60,61,62,63,64,65,37,67,68,69,70,71,157,73,74,75,76,77,78,79,80,81,82,83,103,85,86,87,88,89,90,91,92,172,94,95,96,97,98,99,100,101,102,84,104,105,30,107,108,109,110,111,112,113,114,115,116,117,16,119,120,121,122,123,124,125,126,127,128,129,130,131,132,133,134,135,136,137,138,139,140,141,142,143,144,145,146,147,148,149,150,151,152,153,154,155,156,72,158,159,160,161,162,163,164,165,166,167,168,169,170,171,93,173,174,175,176,177,178,179,180,181,182,183,43,185,186,187,188,189,190,191,192,193,194,195,196,197,198,199,];False
10146;9553;19699;[0,1,2,3,4,5,6,7,8,9,10,11,12,13,23,15,118,17,18,19,20,21,22,14,24,25,26,27,28,29,106,31,32,33,34,35,36,66,38,39,40,41,42,184,44,45,46,47,48,49,50,51,52,53,54,55,56,57,58,59,60,61,62,63,64,65,37,67,68,69,70,71,157,73,74,75,76,77,78,79,80,81,82,83,103,85,86,87,88,89,90,91,92,95,94,172,96,97,98,99,84,101,102,100,104,105,30,107,108,109,110,111,112,113,114,115,116,117,16,119,120,121,122,123,124,125,126,127,128,129,130,131,132,145,134,135,136,137,138,139,140,141,142,143,144,133,146,147,198,149,150,151,152,153,154,155,156,72,158,159,160,161,162,163,164,165,166,167,168,169,170,171,93,173,174,175,176,177,178,179,180,181,182,183,43,185,186,187,188,189,190,191,192,193,194,195,196,197,148,199,];False
10021;9560;19581;[0,1,2,3,4,5,6,7,8,9,10,11,12,13,23,15,118,17,18,19,20,21,22,14,24,25,26,27,28,29,106,31,32,33,34,35,36,66,38,39,40,41,42,184,44,45,46,47,48,49,50,51,52,53,54,55,56,57,58,59,60,61,62,63,64,65,37,67,68,69,70,71,157,73,74,75,76,77,78,79,80,81,82,83,103,85,86,87,88,89,90,91,92,95,94,172,96,97,98,99,100,101,102,84,104,105,30,107,108,109,110,111,112,113,114,115,116,117,16,119,120,121,122,123,124,125,126,127,128,129,130,131,132,133,134,135,136,137,138,139,140,141,142,143,144,145,146,147,148,149,150,151,152,153,154,155,156,72,158,159,160,161,162,163,164,165,166,167,168,169,170,171,93,173,174,175,176,177,178,179,180,181,182,183,43,185,186,187,188,189,190,191,192,193,194,195,196,197,198,199,];False
9966;9602;19568;[0,1,2,3,4,5,6,7,8,9,10,11,12,13,23,15,118,17,18,19,20,21,22,14,24,25,26,27,28,29,106,31,32,33,34,35,36,66,38,39,40,41,42,184,44,45,46,47,48,49,50,51,52,53,54,55,56,57,58,59,60,61,62,63,64,65,37,67,68,69,70,71,157,73,74,75,76,77,78,79,80,81,82,83,103,85,86,87,88,89,90,91,92,95,94,172,96,97,98,99,84,101,102,100,104,105,30,107,108,109,110,111,112,113,114,115,116,117,16,119,120,121,122,123,124,125,126,127,128,129,130,131,132,145,134,135,136,137,138,139,140,141,142,143,144,133,146,147,148,149,150,151,152,153,154,155,156,72,158,159,160,161,162,163,164,165,166,167,168,169,170,171,93,173,174,175,176,177,178,179,180,181,182,183,43,185,186,187,188,189,190,191,192,193,194,195,196,197,198,199,];False
9954;9609;19563;[0,1,2,3,4,5,6,7,8,9,10,11,190,13,23,15,118,17,18,19,20,21,22,14,24,25,26,27,28,29,106,31,32,33,34,35,36,66,38,39,40,41,42,184,44,45,46,47,48,49,50,51,52,53,54,55,56,57,58,59,60,61,62,63,64,65,37,67,68,69,70,71,157,73,74,75,76,77,78,79,80,81,82,83,103,85,86,87,88,89,90,91,92,95,94,172,96,97,98,99,84,101,102,100,104,105,30,107,108,109,110,111,112,113,114,115,116,117,16,119,120,121,122,123,124,125,126,127,128,129,130,131,132,145,134,135,136,137,138,139,140,141,142,143,144,133,146,147,148,149,150,151,152,153,154,155,156,72,158,159,160,161,162,163,164,165,166,167,168,169,170,171,93,173,174,175,176,177,178,179,180,181,182,183,43,185,186,187,188,189,12,191,192,193,194,195,196,197,198,199,];False
9984;9556;19540;[0,1,2,3,4,5,6,7,8,9,10,11,12,13,23,15,118,17,18,19,20,21,22,14,24,25,26,27,28,29,106,31,32,33,34,35,36,66,38,39,40,41,42,184,44,45,46,47,48,49,50,51,52,53,54,55,56,57,58,59,60,61,62,63,64,65,37,67,68,69,70,71,157,73,74,75,76,77,78,79,80,81,82,83,103,85,86,87,88,89,90,91,92,95,94,172,96,97,98,99,84,101,102,100,104,105,30,107,108,109,110,111,112,113,114,115,116,117,16,119,120,121,122,123,124,125,126,127,128,129,130,131,132,133,134,135,136,137,138,139,140,141,142,143,144,145,146,147,148,149,150,151,152,153,154,155,156,72,158,159,160,161,162,163,164,165,166,167,168,169,170,171,93,173,174,175,176,177,178,179,180,181,182,183,43,185,186,187,188,189,190,191,192,193,194,195,196,197,198,199,];False
9908;9628;19536;[0,1,2,3,4,5,6,7,8,9,10,11,23,13,190,15,118,17,18,19,20,21,22,14,24,25,26,27,28,29,106,31,32,33,34,35,55,66,38,39,40,41,42,184,44,45,46,145,48,49,50,51,52,53,54,36,56,57,58,59,60,61,158,63,64,65,37,67,68,69,70,71,157,73,74,75,76,77,78,79,80,81,82,83,103,85,86,87,88,89,90,91,92,95,94,172,96,97,98,99,84,101,102,100,104,105,30,107,108,109,110,111,112,113,114,115,116,117,16,119,120,121,122,123,124,125,126,127,128,129,130,131,132,47,134,135,136,137,138,139,140,141,142,143,144,133,146,147,148,149,150,151,152,153,154,155,156,72,62,159,160,161,162,163,164,165,166,167,168,169,170,171,93,173,174,175,176,177,178,179,180,181,182,183,43,185,186,187,188,189,12,191,192,193,194,195,196,197,198,199,];False
9883;9599;19482;[0,1,2,3,4,52,6,7,8,9,10,11,190,13,23,15,118,17,18,19,20,21,22,14,24,25,26,27,28,29,106,31,32,33,34,35,55,66,38,39,40,41,42,184,44,45,46,145,48,49,50,51,5,53,54,36,56,57,58,59,60,61,158,63,64,65,37,67,68,69,70,71,157,73,74,75,76,77,78,79,80,81,82,83,103,85,86,87,88,89,90,91,92,95,94,172,96,97,98,99,84,101,102,100,104,105,30,107,108,109,110,111,112,113,114,195,116,117,16,119,120,121,122,123,124,125,126,127,128,129,130,131,132,47,134,135,136,137,138,139,140,141,142,143,144,133,146,147,148,149,150,151,152,153,154,155,156,72,62,159,160,161,162,163,164,165,166,167,168,169,170,171,93,173,174,175,176,177,178,179,180,181,182,183,43,185,186,187,188,189,12,191,192,193,194,115,196,197,198,199,];False
9868;9585;19453;[0,1,2,3,4,5,6,7,8,9,10,11,190,13,23,15,118,17,18,19,20,21,22,14,24,25,26,27,28,29,106,31,32,33,34,35,36,66,38,39,40,41,42,184,44,45,46,145,48,49,50,51,52,53,54,55,56,57,58,59,60,61,62,63,64,65,37,67,68,69,70,71,157,73,74,75,76,77,78,79,80,81,82,83,103,85,86,87,88,89,90,91,92,95,94,172,96,97,98,99,84,101,102,100,104,105,30,107,108,109,110,111,112,113,114,115,116,117,16,119,120,121,122,123,124,125,126,127,128,129,130,131,132,47,134,135,136,137,138,139,140,141,142,143,144,133,146,147,148,149,150,151,152,153,154,155,156,72,158,159,160,161,162,163,164,165,166,167,168,169,170,171,93,173,174,175,176,177,178,179,180,181,182,183,43,185,186,187,188,189,12,191,192,193,194,195,196,197,198,199,];False
9851;9597;19448;[0,1,2,3,4,5,6,7,8,9,10,11,190,13,23,15,118,17,18,19,20,21,22,14,12,25,26,27,28,29,106,31,32,33,34,35,36,66,38,39,40,41,42,184,44,45,46,145,48,49,50,51,52,53,54,55,56,57,58,59,60,61,158,63,64,65,37,67,68,69,70,71,157,73,74,75,76,77,78,79,80,81,82,83,103,85,86,87,88,89,90,91,92,95,94,172,96,97,98,99,84,101,102,100,104,105,30,107,108,109,110,111,112,113,114,115,116,117,16,119,120,121,122,123,124,125,126,127,128,129,130,131,132,47,134,135,136,137,138,139,140,141,142,143,144,133,146,147,148,149,150,151,152,153,154,155,156,72,62,159,160,161,162,163,164,165,166,167,168,169,170,171,93,173,174,175,176,177,178,179,180,181,182,183,43,185,186,187,188,189,24,191,192,193,194,195,196,197,198,199,];False
9854;9588;19442;[0,1,2,3,4,5,6,7,8,9,10,11,190,13,23,15,118,17,18,19,20,21,22,14,24,25,26,27,28,29,106,31,32,33,34,35,36,66,38,39,40,41,42,184,44,45,46,145,48,49,50,51,52,53,54,55,56,57,58,59,60,61,158,63,64,187,37,67,68,69,70,71,157,73,74,75,76,77,78,79,80,81,82,83,103,85,86,87,88,89,90,91,92,95,94,172,96,97,98,99,84,101,102,100,104,105,30,107,108,109,110,111,112,113,114,115,116,117,16,119,120,121,122,123,124,125,126,127,128,129,130,131,132,47,134,135,136,137,138,139,140,141,142,143,144,133,146,147,148,149,150,151,152,153,154,155,156,72,62,159,160,161,162,163,164,165,166,167,168,169,170,171,93,173,174,175,176,177,178,179,180,181,182,183,43,185,186,65,188,189,12,191,192,193,194,195,196,197,198,199,];False
9804;9620;19424;[0,1,2,3,4,5,6,7,8,9,10,11,190,13,23,15,118,17,18,19,20,21,22,14,24,25,26,27,28,29,106,31,32,33,34,35,55,66,38,39,40,41,42,184,44,45,46,145,48,49,50,51,52,53,54,36,56,57,58,59,60,61,158,63,64,65,37,67,68,69,70,71,157,73,74,75,76,77,78,79,80,81,82,83,103,85,86,87,88,89,90,91,92,95,94,172,96,97,98,99,84,101,102,100,104,105,30,107,108,109,110,111,112,113,114,115,116,117,16,119,120,121,122,123,124,125,126,127,128,129,130,131,132,47,134,135,136,137,138,139,140,141,142,143,144,133,146,147,148,149,150,151,152,153,154,155,156,72,62,159,160,161,162,163,164,165,166,167,168,169,170,171,93,173,174,175,176,177,178,179,180,181,182,183,43,185,186,187,188,189,12,191,192,193,194,195,196,197,198,199,];False
9810;9589;19399;[0,1,2,3,4,5,6,7,8,9,10,11,190,13,23,15,118,17,18,19,20,21,22,14,24,25,26,27,28,29,106,31,32,33,34,35,36,66,38,39,40,41,42,184,44,45,46,145,48,49,50,51,52,53,54,55,56,57,58,59,60,61,158,63,64,65,37,67,68,69,70,71,157,73,74,75,76,77,78,79,80,81,82,83,103,85,86,87,88,89,90,91,92,95,94,172,96,97,98,99,84,101,102,100,104,105,30,107,108,109,110,111,112,113,114,115,116,117,16,119,120,121,122,123,124,125,126,127,128,129,130,131,132,47,134,135,136,137,138,139,140,141,142,143,144,133,146,147,148,149,150,151,152,153,154,155,156,72,62,159,160,161,162,163,164,165,166,167,168,169,170,171,93,173,174,175,176,177,178,179,180,181,182,183,43,185,186,187,188,189,12,191,192,193,194,195,196,197,198,199,];False
9767;9591;19358;[0,1,2,3,4,5,6,7,8,9,10,11,190,13,23,15,118,17,18,19,20,21,22,14,24,25,26,27,28,29,106,31,32,33,34,35,55,66,38,39,40,41,42,184,44,45,46,145,48,49,50,51,52,53,54,36,56,57,58,59,60,61,158,63,64,65,37,67,68,69,70,71,157,73,74,75,76,77,78,79,80,81,82,83,103,85,86,87,88,89,90,91,92,95,94,172,96,97,98,99,84,101,102,100,104,105,30,107,108,109,110,111,112,113,114,195,116,117,16,119,120,121,122,123,124,125,126,127,128,129,130,131,132,47,134,135,136,137,138,139,140,141,142,143,144,133,146,147,148,149,150,189,152,153,154,155,156,72,62,159,160,161,162,163,164,165,166,167,168,169,170,171,93,173,174,175,176,177,178,179,180,181,182,183,43,185,186,187,188,151,12,191,192,193,194,115,196,197,198,199,];False
9742;9585;19327;[0,1,2,3,4,5,6,7,8,9,10,11,190,13,23,15,118,17,18,19,20,21,22,14,24,25,26,27,28,29,106,31,32,33,34,35,55,66,38,39,40,41,42,184,44,45,46,145,48,49,50,51,52,53,54,36,56,57,58,59,60,61,158,63,64,65,37,67,68,69,70,71,157,73,74,75,76,77,78,79,80,81,82,83,103,85,86,87,88,89,90,91,92,95,94,172,96,97,98,99,84,101,102,100,104,105,30,107,108,109,110,111,112,113,114,195,116,117,16,119,120,121,122,123,124,125,126,127,128,129,130,131,132,47,134,135,136,137,138,139,140,141,142,143,144,133,146,147,148,149,150,151,152,153,154,155,156,72,62,159,160,161,162,163,164,165,166,167,168,169,170,171,93,173,174,175,176,177,178,179,180,181,182,183,43,185,186,187,188,189,12,191,192,193,194,115,196,197,198,199,];False
9610;9582;19192;[0,1,2,3,4,5,6,7,8,9,10,11,190,13,23,15,118,17,18,19,20,21,22,14,24,25,131,27,28,29,106,31,32,33,34,35,55,66,38,39,40,41,42,184,44,45,46,145,48,49,50,51,52,53,54,36,56,57,58,59,60,61,158,63,64,65,37,67,68,69,70,71,157,73,74,75,76,77,78,79,80,81,82,83,103,85,86,87,88,89,90,91,92,95,94,172,96,97,98,99,84,101,102,100,104,105,30,107,108,109,110,111,112,113,114,195,116,117,16,119,120,121,122,123,124,125,126,127,128,129,130,26,132,47,134,135,136,137,138,139,140,141,142,143,144,133,146,147,148,149,150,151,152,153,154,155,156,72,62,159,160,161,162,163,164,165,166,167,168,169,170,171,93,173,174,175,176,177,178,179,180,181,182,183,43,185,186,187,188,189,12,191,192,193,194,115,196,197,198,199,];False
9610;9580;19190;[0,1,2,3,4,5,6,7,8,9,10,11,190,13,23,15,118,17,18,180,20,21,22,14,24,25,131,27,28,29,106,31,32,33,34,35,55,66,38,39,40,41,42,184,44,45,46,145,48,49,50,51,52,53,54,36,56,57,58,59,60,61,158,63,64,65,37,67,68,69,70,71,157,73,74,75,76,77,78,79,80,81,82,83,103,85,86,87,88,89,90,91,92,95,94,172,96,97,98,99,84,101,102,100,104,105,30,107,108,109,110,111,112,113,114,195,116,117,16,119,120,121,122,123,124,125,126,127,128,129,130,26,132,47,134,135,136,137,138,139,140,141,142,143,144,133,146,147,148,149,150,151,152,153,154,155,156,72,62,159,160,161,162,163,164,165,166,167,168,169,170,171,93,173,174,175,176,177,178,179,19,181,182,183,43,185,186,187,188,189,12,191,192,193,194,115,196,197,198,199,];False
9526;9596;19122;[0,1,2,3,4,5,6,7,8,9,10,11,190,13,97,15,118,17,68,19,20,21,182,14,24,25,131,27,28,29,106,31,32,33,34,35,55,66,38,39,40,41,42,184,44,45,46,145,48,49,50,51,52,53,54,36,56,57,58,59,60,61,158,63,64,65,37,67,18,69,70,71,157,73,74,75,76,77,78,79,80,81,82,83,103,85,86,87,88,89,90,91,92,95,94,172,96,23,98,99,84,101,102,100,104,105,30,107,108,109,110,111,112,113,114,195,116,117,16,119,120,121,122,123,124,125,126,127,128,129,130,26,132,47,134,135,136,137,138,139,140,141,142,143,144,133,146,147,148,149,150,151,152,153,154,155,156,72,62,159,160,161,162,163,164,165,166,167,168,169,170,171,93,173,174,175,176,177,178,179,180,181,22,183,43,185,186,187,188,189,12,191,192,193,194,115,196,197,198,199,];False
9523;9561;19084;[0,1,2,3,4,5,6,7,8,9,10,138,190,13,23,15,118,17,68,19,20,21,182,14,24,25,131,27,28,29,106,31,32,33,34,35,55,66,38,39,40,41,42,184,44,45,46,145,48,49,50,51,52,53,54,36,56,57,58,59,60,61,158,63,64,65,37,67,18,69,70,71,157,73,74,75,76,77,78,79,80,81,82,83,103,85,86,87,88,89,90,91,92,95,94,172,96,97,98,99,84,101,102,100,104,105,30,107,108,109,110,111,112,113,114,195,116,117,16,119,120,121,122,123,124,125,126,127,128,129,130,26,132,47,134,135,136,137,11,139,140,141,142,143,144,133,146,147,148,149,150,151,152,153,154,155,156,72,62,159,160,161,162,163,164,165,166,167,168,169,170,171,93,173,174,175,176,177,178,179,180,181,22,183,43,185,186,187,188,189,12,191,192,193,194,115,196,197,198,199,];False
9547;9530;19077;[0,1,2,3,4,5,6,7,8,9,10,11,190,13,23,15,118,17,68,19,20,21,182,14,24,25,131,27,28,29,106,31,32,33,34,35,55,66,38,39,40,41,42,184,44,45,46,145,48,49,50,51,52,53,54,36,56,81,58,59,60,61,158,63,64,65,37,67,18,69,70,71,157,73,74,75,76,77,78,79,80,57,82,83,103,85,86,87,88,89,90,91,92,95,94,172,96,97,98,99,84,101,102,100,104,105,30,107,108,109,110,111,112,113,114,195,116,117,16,119,178,121,122,123,124,125,126,127,128,129,130,26,132,47,134,135,136,137,138,139,140,141,142,143,144,133,146,147,148,149,150,151,152,153,154,155,156,72,62,159,160,161,162,163,164,165,166,167,168,169,170,171,93,173,174,175,176,177,120,179,180,181,22,183,43,185,186,187,188,189,12,191,192,193,194,115,196,197,198,199,];False
9464;9607;19071;[0,1,2,3,4,5,6,7,8,9,10,11,190,13,23,15,118,17,68,19,20,21,182,14,24,25,131,27,28,29,106,31,32,33,34,35,55,66,38,39,40,41,42,184,44,45,46,145,48,49,50,51,52,53,54,36,56,57,58,59,60,61,158,63,64,65,37,67,18,69,70,71,157,73,74,75,76,77,78,79,80,81,82,83,103,85,86,87,88,89,90,91,92,95,94,172,96,97,98,99,84,101,102,100,104,105,30,107,108,109,110,111,112,113,114,195,116,117,16,119,120,121,122,123,124,125,126,127,128,162,130,26,132,47,134,135,136,137,138,139,140,141,142,143,144,133,146,147,148,149,150,151,152,153,154,155,156,72,62,159,160,161,129,163,164,165,166,167,168,169,170,171,93,173,174,175,176,177,178,179,180,181,22,183,43,185,186,187,188,189,12,191,192,193,194,115,196,197,198,199,];False
9488;9580;19068;[0,1,2,3,4,5,6,7,8,9,10,11,190,13,23,15,118,17,68,19,20,21,182,14,24,25,131,27,28,29,106,31,32,33,34,35,55,66,38,39,40,41,50,184,44,45,46,145,48,49,42,51,52,53,54,36,56,57,58,59,60,61,158,63,64,65,37,67,18,69,70,71,157,73,74,75,76,77,78,79,80,81,82,83,103,85,86,87,88,89,90,91,92,95,94,172,96,97,98,99,84,101,102,100,104,105,30,107,108,109,110,111,112,113,114,195,116,117,16,119,120,121,122,123,124,125,126,127,128,129,130,26,132,47,134,135,136,137,138,139,140,141,142,143,144,133,146,147,148,149,150,151,152,153,154,155,156,72,62,159,160,161,162,163,164,165,166,167,168,169,170,171,93,173,174,175,176,177,178,179,180,181,22,183,43,185,186,187,188,189,12,191,192,193,194,115,196,197,198,199,];False
9490;9575;19065;[0,1,2,3,4,5,6,7,8,9,10,11,190,13,23,15,118,17,68,19,20,21,182,14,24,25,131,27,28,29,106,31,32,33,34,35,55,66,38,39,40,41,42,184,44,45,46,145,48,49,50,51,52,53,54,36,56,57,58,59,60,61,158,63,64,65,37,67,18,69,70,134,157,73,74,75,76,77,78,79,80,81,82,83,103,85,86,87,88,89,90,91,92,95,94,172,96,97,98,99,84,101,102,100,104,105,30,107,108,109,110,111,112,113,114,195,116,117,16,119,178,121,122,123,124,125,126,127,128,129,130,26,132,47,71,135,136,137,138,139,140,141,142,143,144,133,146,147,148,149,150,151,152,153,154,155,156,72,62,159,160,161,162,163,164,165,166,167,168,169,170,171,93,173,174,175,176,177,120,179,180,181,22,183,43,185,186,187,188,189,12,191,192,193,194,115,196,197,198,199,];False
9437;9577;19014;[0,1,2,3,4,5,6,7,8,9,10,11,190,13,23,15,118,17,68,19,20,21,182,14,24,25,131,27,28,29,106,31,32,33,34,35,55,66,38,39,40,41,42,184,44,45,46,145,48,49,50,51,52,53,54,36,56,57,58,59,60,61,158,63,64,65,37,67,18,69,70,71,157,73,74,75,76,77,78,79,80,81,82,83,112,85,86,87,88,89,90,91,92,95,94,172,96,97,98,99,84,101,102,100,104,105,30,107,108,109,110,111,103,113,114,195,116,117,16,119,120,121,122,123,124,125,126,127,128,129,130,26,132,47,134,135,136,137,138,139,140,141,142,143,144,133,146,147,148,149,150,151,152,153,154,155,156,72,62,159,160,161,162,163,164,165,166,167,168,169,170,171,93,173,174,175,176,177,178,179,180,181,22,183,43,185,186,187,188,189,12,191,192,193,194,115,196,197,198,199,];False
9423;9587;19010;[0,1,2,3,4,5,6,7,8,9,10,11,190,13,23,15,118,17,68,19,20,21,182,14,24,25,131,27,28,29,106,31,32,33,34,35,55,66,38,39,40,41,42,184,44,45,46,145,48,49,50,51,52,53,54,36,56,57,58,59,60,61,158,63,64,65,37,67,18,69,70,71,157,73,74,75,76,77,78,79,80,81,82,83,103,85,86,87,88,89,90,91,92,95,94,172,96,97,98,99,84,101,102,100,104,105,30,107,108,109,110,111,112,113,114,195,116,117,16,119,120,121,122,123,124,125,126,127,128,129,130,26,132,47,134,135,136,137,138,139,140,141,142,143,144,133,146,147,148,149,150,151,152,153,154,155,156,72,62,159,160,161,162,163,164,165,166,167,168,169,170,171,93,173,174,175,176,177,178,179,180,181,22,183,43,185,186,187,188,189,12,191,192,193,194,115,196,197,198,199,];False
9425;9577;19002;[0,1,2,3,4,5,6,7,8,9,10,11,190,13,23,15,118,17,68,19,20,21,22,14,24,25,131,27,28,29,106,31,32,33,34,35,55,66,38,39,40,41,42,184,44,45,46,145,48,49,50,51,52,53,54,36,56,57,58,59,60,61,158,63,64,65,37,67,18,69,70,71,157,73,74,75,76,77,78,79,80,81,82,83,103,85,86,87,88,89,90,91,92,95,94,172,96,97,98,99,84,101,102,100,104,105,30,107,108,109,110,111,112,113,114,195,116,117,16,119,120,121,122,123,124,125,126,127,128,129,130,26,132,47,134,135,136,137,138,139,140,141,142,143,144,133,146,147,148,149,150,151,152,153,154,155,156,72,62,159,160,161,162,163,164,165,166,167,168,169,170,171,93,173,174,175,176,177,178,179,180,181,182,183,43,185,186,187,188,189,12,191,192,193,194,115,196,197,198,199,];False
9391;9551;18942;[0,1,2,3,4,5,6,7,8,9,10,11,190,13,23,15,118,17,68,19,20,21,182,14,24,25,131,27,28,29,106,31,32,33,34,35,55,66,38,39,40,41,42,184,44,45,46,145,48,49,50,51,52,53,54,36,56,57,58,59,60,61,158,63,64,65,37,67,18,69,70,71,157,73,74,75,76,77,78,79,80,81,82,83,103,85,86,87,88,89,90,91,92,95,94,172,96,97,98,99,84,101,102,100,104,105,30,107,108,109,110,111,112,113,114,195,116,117,16,119,178,121,122,123,124,125,126,127,128,129,130,26,132,47,134,135,136,137,138,139,140,141,142,143,144,133,146,147,148,149,150,151,152,153,154,155,156,72,62,159,160,161,162,163,164,165,166,167,168,169,170,171,93,173,174,175,176,177,120,179,180,181,22,183,43,185,186,187,188,189,12,191,192,193,194,115,196,197,198,199,];False
9282;9534;18816;[0,1,2,3,4,5,6,7,8,9,10,11,190,13,23,15,118,17,68,19,20,21,182,14,24,25,131,27,28,29,106,31,61,33,34,35,55,66,38,39,40,41,42,184,44,45,46,145,48,49,50,51,52,53,54,36,56,57,58,59,60,32,158,63,64,65,37,67,18,69,70,71,157,73,74,75,76,77,78,79,80,81,82,83,103,85,86,87,88,89,90,91,92,95,94,172,96,97,98,99,84,101,102,100,104,105,30,107,108,109,110,111,112,113,114,195,116,117,16,119,178,121,122,123,124,125,126,127,128,129,130,26,132,47,134,135,136,137,138,139,140,141,142,143,144,133,146,147,148,149,150,151,152,153,154,155,156,72,62,159,160,161,162,163,164,165,166,167,168,169,170,171,93,173,174,175,176,177,120,179,180,181,22,183,43,185,186,187,188,189,12,191,192,193,194,115,196,197,198,199,];False
9147;9582;18729;[0,1,2,3,4,5,6,7,8,9,10,11,190,13,23,15,118,17,68,19,20,21,182,14,24,25,131,27,28,29,106,31,61,33,34,35,55,66,38,39,40,41,42,184,44,45,46,145,48,49,50,51,52,53,54,36,56,57,58,59,60,32,158,63,64,65,37,67,18,69,70,71,157,73,74,75,76,77,78,79,80,81,82,83,103,85,86,87,88,89,90,91,92,95,94,172,96,97,98,99,84,101,102,100,104,105,30,107,108,109,110,111,112,113,114,195,116,117,16,119,178,121,122,123,124,125,126,127,128,129,130,26,132,139,134,135,136,137,138,47,140,141,142,143,144,133,146,147,148,149,150,151,152,153,154,155,156,72,62,159,160,161,162,163,164,165,166,167,168,169,170,171,93,173,174,175,176,177,120,179,180,181,22,183,43,185,186,187,188,189,12,191,192,193,194,115,196,197,198,199,];False
9099;9558;18657;[47,1,2,3,4,5,6,7,8,9,10,11,190,13,23,15,118,17,68,19,20,21,182,14,24,25,131,27,28,29,106,31,61,33,34,35,55,66,38,39,40,41,42,184,44,45,46,145,48,49,50,51,52,53,54,36,56,57,58,59,60,32,158,63,64,65,37,67,18,69,70,71,157,73,74,75,76,77,78,79,80,81,82,83,103,85,86,87,88,89,90,91,92,95,94,172,96,97,98,99,84,101,102,100,129,105,30,107,108,109,110,111,112,113,114,195,116,117,16,119,178,121,122,123,124,125,126,127,128,104,130,26,132,139,134,135,136,137,138,0,140,141,142,143,144,133,146,147,148,149,150,151,152,153,154,155,156,72,62,159,160,161,162,163,164,165,166,167,168,169,170,171,93,173,174,175,176,177,120,179,180,181,22,183,43,185,186,187,188,189,12,191,192,193,194,115,196,197,198,199,];False
9071;9564;18635;[0,1,2,3,4,5,6,7,8,9,10,11,190,13,23,15,118,17,68,19,20,21,182,14,24,25,131,27,28,29,106,31,61,33,34,35,55,66,38,39,40,41,42,184,44,45,46,145,48,49,50,51,52,53,54,36,56,57,58,59,60,32,158,63,64,65,37,67,18,69,70,71,157,73,74,75,76,77,78,79,80,81,82,83,103,85,86,87,88,89,90,91,92,95,94,172,96,97,98,99,84,101,102,100,129,105,30,107,108,109,110,111,112,113,114,195,116,117,16,119,178,121,122,123,124,125,126,127,128,104,130,26,132,139,134,135,136,137,138,47,140,141,142,143,144,133,146,147,148,149,150,151,152,153,154,155,156,72,62,159,160,161,162,163,164,165,166,167,168,169,170,171,93,173,174,175,176,177,120,179,180,181,22,183,43,185,186,187,188,189,12,191,192,193,194,115,196,197,198,199,];False
8932;9629;18561;[0,1,2,3,4,5,6,7,8,42,10,11,190,13,23,15,118,17,68,19,20,21,182,14,24,25,131,27,28,29,106,31,61,33,34,35,55,66,38,39,40,41,9,184,44,45,46,145,18,49,50,51,52,53,54,36,56,57,58,59,60,32,158,63,64,65,37,67,186,69,70,71,157,73,74,75,76,77,78,79,80,81,82,83,103,85,86,87,88,89,90,91,92,95,94,172,96,97,98,99,84,101,102,100,129,105,30,107,108,109,110,111,112,113,114,195,116,117,16,119,178,121,122,151,124,125,126,127,128,104,130,26,132,139,134,135,136,137,138,47,140,141,142,143,144,133,146,147,148,149,150,123,152,153,154,155,156,72,62,159,160,161,162,163,164,165,166,167,168,169,170,171,93,173,174,175,176,177,120,179,180,181,22,183,43,185,48,187,188,189,12,191,192,193,194,115,196,197,198,199,];False
8967;9579;18546;[0,1,2,3,4,5,6,7,8,9,10,11,190,13,23,15,118,17,68,19,20,21,182,14,24,25,131,27,28,29,106,31,61,33,34,35,55,66,38,39,40,41,42,184,44,45,46,145,48,49,50,51,52,53,54,36,56,57,58,59,60,32,158,63,64,65,37,67,18,69,70,71,157,73,74,181,76,77,78,79,80,81,82,83,103,85,86,87,88,89,90,91,92,95,94,172,96,97,98,99,84,101,102,100,129,105,30,107,108,109,110,111,112,113,114,195,116,117,16,119,178,121,122,151,124,125,126,127,128,104,130,26,132,139,134,135,136,137,138,47,140,141,142,143,144,133,146,147,148,149,150,123,152,153,154,155,156,72,62,159,160,161,162,163,164,165,166,167,168,169,170,171,93,173,174,175,176,177,120,179,180,75,22,183,43,185,186,187,188,189,12,191,192,193,194,115,196,197,198,199,];False
8956;9584;18540;[0,1,2,3,4,5,6,7,8,42,10,11,190,13,23,15,118,17,68,19,20,21,182,14,24,25,131,27,28,29,106,31,61,33,34,35,55,66,38,39,40,41,9,184,44,45,46,145,186,49,50,51,52,53,54,36,56,57,58,59,60,32,158,63,64,65,37,67,18,69,70,71,157,73,74,75,76,77,78,79,80,81,82,83,103,85,86,87,88,89,90,91,92,95,94,172,96,97,98,99,84,101,102,100,129,105,30,107,108,109,110,111,112,113,114,195,116,16,117,119,178,121,122,151,124,125,126,127,128,104,130,26,132,139,134,135,136,137,138,47,140,141,142,143,144,133,146,147,148,149,150,123,152,153,154,155,156,72,62,159,160,161,162,163,164,165,166,167,168,169,170,171,187,173,174,175,176,177,120,179,180,181,22,183,43,185,48,93,188,189,12,191,192,193,194,115,196,197,198,199,];False
8946;9575;18521;[0,1,2,3,4,5,6,7,8,9,10,11,190,13,23,15,118,17,68,19,20,21,182,14,24,25,131,27,28,29,106,31,61,33,34,35,55,66,38,39,40,41,42,184,44,45,46,145,48,49,50,51,52,53,54,36,56,57,58,59,60,32,158,63,64,65,37,67,18,69,70,71,157,73,74,75,76,77,78,79,80,81,82,83,103,85,86,87,88,89,90,91,92,95,94,172,96,97,98,99,84,101,102,100,129,105,30,107,108,109,110,111,112,113,114,195,116,117,16,119,178,121,122,151,124,125,126,127,128,104,130,26,132,139,134,135,136,137,138,47,140,141,142,143,144,133,146,147,148,149,150,123,152,153,154,155,156,72,62,159,160,161,162,163,164,165,166,167,168,169,170,171,93,173,174,175,176,177,120,179,180,181,22,183,43,185,186,187,188,189,12,191,192,193,194,115,196,197,198,199,];False
8892;9617;18509;[0,1,2,3,4,5,6,7,8,42,10,11,190,13,23,15,118,17,68,19,20,21,182,14,24,25,131,27,28,29,106,31,61,33,34,35,55,66,38,39,40,41,9,184,44,45,46,145,186,49,50,51,52,53,54,36,56,57,58,59,60,32,158,63,64,65,37,67,18,69,70,71,157,73,74,75,76,77,78,79,80,81,82,83,103,85,86,87,88,89,90,91,92,95,94,172,96,97,98,99,84,101,102,100,129,105,30,107,108,109,110,111,112,113,114,195,116,117,16,119,178,121,122,151,124,125,126,127,128,104,130,26,132,139,134,135,136,137,138,47,140,141,142,143,144,133,123,147,148,149,150,146,152,153,154,155,156,72,62,159,160,161,162,163,164,165,166,167,168,169,170,171,93,173,174,175,176,177,120,179,180,181,22,183,43,185,48,187,188,189,12,191,192,193,194,115,196,197,198,199,];False
8849;9627;18476;[0,1,2,3,4,5,6,7,8,42,10,11,190,13,23,15,118,17,68,19,20,21,182,14,24,25,131,27,28,29,106,31,61,33,34,35,55,66,38,39,40,41,9,184,44,45,46,145,186,49,50,51,52,53,54,36,56,57,58,59,60,32,158,63,64,65,37,67,18,69,124,71,157,73,74,75,76,77,78,79,80,81,82,83,103,85,86,87,88,89,90,91,92,95,94,172,96,97,98,99,84,101,102,100,129,105,30,107,108,109,110,111,112,113,114,195,116,117,16,119,178,121,122,151,70,125,126,127,128,104,130,26,132,139,134,135,136,137,138,47,140,141,142,143,144,133,146,147,148,149,150,123,152,153,154,155,156,72,62,159,160,161,162,163,164,165,166,167,168,169,170,171,93,173,174,175,176,177,120,179,180,181,22,183,43,185,48,187,188,189,12,191,192,193,194,115,196,197,198,199,];False
8868;9583;18451;[0,1,2,3,4,5,6,7,8,42,10,11,190,13,23,15,118,17,68,19,20,21,182,14,24,25,131,27,28,29,106,31,61,33,34,35,55,66,38,39,40,41,9,184,44,45,46,145,48,49,50,51,52,53,54,36,56,57,58,59,60,32,158,63,64,65,37,67,18,69,70,71,157,73,74,75,76,77,78,79,80,81,82,83,103,85,86,87,88,89,90,91,92,95,94,172,96,97,98,99,84,101,102,100,129,105,30,107,108,109,110,111,112,113,114,195,116,117,16,119,178,121,122,151,124,125,126,127,128,104,130,26,132,139,134,135,136,137,138,47,140,141,142,143,144,133,146,147,148,149,150,123,152,153,154,155,156,72,62,159,160,161,162,163,164,165,166,167,168,169,170,171,93,173,174,175,176,177,120,179,180,181,22,183,43,185,186,187,188,189,12,191,192,193,194,115,196,197,198,199,];False
8825;9625;18450;[0,1,2,3,4,5,6,7,8,42,10,11,190,13,23,15,118,17,68,19,20,21,182,14,24,25,131,27,28,29,106,31,61,33,34,35,55,66,38,39,40,41,9,184,44,45,46,145,186,49,50,51,52,53,54,36,56,57,58,59,60,32,158,63,64,65,37,67,18,69,70,71,157,73,74,75,76,77,78,79,80,81,82,83,103,85,86,87,88,89,90,91,92,95,94,172,96,97,98,99,84,101,102,100,129,105,30,107,108,109,110,111,112,113,114,195,116,117,16,119,178,121,122,151,124,125,126,127,128,104,130,26,132,139,134,135,136,137,138,47,140,141,142,143,144,133,146,147,148,149,150,123,152,153,154,155,156,72,62,159,160,161,162,163,164,165,166,167,168,169,170,171,93,173,174,175,176,177,120,179,180,181,22,183,43,185,48,187,188,189,12,191,192,193,194,115,196,197,198,199,];False
8860;9589;18449;[0,1,2,3,4,5,6,7,8,42,10,11,190,13,23,15,118,17,68,19,20,21,182,14,24,25,119,27,28,29,106,31,61,33,34,35,55,66,38,39,40,41,9,184,44,45,46,145,186,49,50,51,52,53,54,36,56,57,58,59,60,32,158,63,64,65,37,67,18,69,70,71,157,73,74,75,76,77,78,79,80,81,82,83,103,85,86,87,88,89,90,91,92,95,94,172,96,97,98,99,84,101,102,100,129,105,30,107,108,109,110,111,112,113,114,195,116,16,117,131,178,121,122,151,124,125,126,127,128,104,130,26,132,139,134,135,136,137,138,47,140,141,142,143,144,133,146,147,148,149,150,123,152,153,154,155,156,72,62,159,160,161,162,163,164,165,166,167,168,169,170,171,93,173,174,175,176,177,120,179,180,181,22,183,43,185,48,187,188,189,12,191,192,193,194,115,196,197,198,199,];False
8907;9542;18449;[0,1,2,3,4,5,60,7,8,42,10,11,190,13,23,15,118,17,68,19,20,21,182,14,24,25,131,27,28,29,106,31,61,33,34,35,55,66,38,39,40,41,9,184,44,45,46,145,186,49,50,51,52,53,54,36,56,57,104,59,6,32,158,63,64,65,37,67,18,69,70,71,157,73,74,75,76,77,78,79,80,81,82,83,103,85,86,87,88,89,90,91,92,95,94,172,96,97,98,99,84,101,102,100,129,105,30,107,108,109,110,111,112,113,114,195,116,16,117,119,178,121,122,151,124,125,126,127,128,58,130,26,132,139,134,135,136,137,138,47,140,141,142,143,144,133,146,147,148,149,150,123,152,153,154,155,156,72,62,159,160,161,162,163,164,165,166,167,168,169,170,171,93,173,174,175,176,177,120,179,180,181,22,183,43,185,48,187,188,189,12,191,192,193,194,115,196,197,198,199,];False
8854;9583;18437;[0,1,2,3,4,5,60,7,8,42,10,11,190,13,23,100,118,138,68,19,20,21,182,14,24,25,131,27,28,29,106,31,61,33,34,35,55,66,38,39,40,41,9,184,44,45,46,145,186,49,50,51,160,53,54,36,56,57,58,59,6,32,158,63,64,65,37,67,18,69,70,71,157,73,74,75,76,77,78,79,80,81,82,83,103,85,86,87,88,89,90,91,92,95,94,172,96,97,98,99,84,101,102,15,129,105,30,107,108,109,110,111,112,113,114,195,116,16,117,119,178,121,122,151,124,125,126,127,128,104,130,26,132,139,173,135,136,137,17,47,140,141,142,143,144,133,146,147,148,149,150,123,152,153,154,155,156,72,62,159,52,161,162,163,164,165,166,167,168,169,170,171,93,134,174,175,176,177,120,179,180,181,22,183,43,185,48,187,188,189,12,191,192,193,194,115,196,197,198,199,];False
8856;9568;18424;[0,1,2,3,4,5,6,7,8,42,10,11,190,13,23,15,118,17,68,19,20,21,182,14,24,25,131,27,28,29,106,31,61,33,34,35,55,66,38,39,40,41,9,184,44,45,46,145,186,49,50,51,52,53,54,36,56,57,58,59,60,32,158,63,64,65,37,67,18,69,70,71,157,73,74,75,76,77,78,79,80,81,82,83,103,85,86,87,88,89,90,91,92,95,94,172,96,97,98,99,84,101,102,100,129,105,30,107,108,109,110,111,112,113,114,195,116,16,117,119,178,121,122,151,194,125,126,127,128,104,130,26,132,139,134,135,136,137,138,47,140,141,142,143,144,133,146,147,148,149,150,123,152,153,154,155,156,72,62,159,160,161,162,163,164,165,166,167,168,169,170,171,93,173,174,175,176,177,120,179,180,181,22,183,43,185,48,187,188,189,12,191,192,193,124,115,196,197,198,199,];False
8841;9569;18410;[0,1,2,3,4,5,6,7,8,42,10,11,190,13,23,15,118,17,68,19,20,21,182,14,24,186,131,27,28,29,106,31,61,33,34,35,55,66,38,39,40,41,9,184,44,45,46,145,25,49,50,51,52,53,54,36,56,57,58,59,60,32,158,63,64,65,37,67,18,69,70,71,157,73,74,75,76,77,78,79,80,81,82,83,103,85,86,87,88,89,90,91,92,95,94,172,96,97,98,99,84,101,102,100,129,105,30,107,108,109,110,111,112,113,114,195,116,16,117,119,178,121,122,151,124,125,126,127,128,104,130,26,132,139,134,135,136,137,138,47,140,141,142,143,144,133,146,147,148,149,150,123,152,153,154,155,156,72,62,159,160,161,162,163,164,165,166,167,168,169,170,171,93,173,174,175,176,177,120,179,180,181,22,183,43,185,48,187,188,189,12,191,192,193,194,115,196,197,198,199,];False
8850;9544;18394;[0,1,2,3,4,5,60,7,8,66,10,11,190,13,23,15,118,138,68,19,20,21,182,14,24,25,131,27,28,29,106,31,61,33,34,35,55,42,38,39,40,41,9,184,44,45,46,145,186,49,50,51,52,53,54,36,56,57,58,59,6,32,158,63,64,65,37,67,18,69,70,71,157,73,74,75,76,77,78,79,80,81,82,83,103,85,86,87,88,89,90,91,92,95,94,172,96,97,98,99,84,101,102,100,129,105,30,107,108,109,110,111,112,113,114,195,116,16,117,119,178,121,122,151,124,125,126,127,128,104,130,26,132,139,173,135,136,137,17,47,140,141,142,143,144,133,146,147,148,149,150,123,152,153,154,155,156,72,62,159,160,161,162,163,164,165,166,167,168,169,170,171,93,134,174,175,176,177,120,179,180,181,22,183,43,185,48,187,188,189,12,191,192,193,194,115,196,197,198,199,];False
8808;9561;18369;[0,1,2,3,4,5,6,7,8,42,10,11,190,13,23,15,118,17,68,19,20,21,182,14,24,25,131,27,28,29,106,31,61,33,34,35,55,66,38,39,40,41,9,184,44,45,46,145,186,49,50,51,52,53,54,36,56,57,58,59,60,32,158,63,64,65,37,67,18,69,70,71,157,73,74,75,76,77,78,79,80,81,82,83,103,85,86,87,88,89,90,91,92,95,94,172,96,97,98,99,84,101,102,100,129,105,30,107,108,109,110,111,112,113,114,195,116,16,117,119,178,121,122,151,124,125,126,127,128,104,130,26,132,139,134,135,136,137,138,47,140,141,142,143,144,133,146,147,148,149,150,123,152,153,154,155,156,72,62,159,160,161,162,163,164,165,166,167,168,169,170,171,93,173,174,175,176,177,120,179,180,181,22,183,43,185,48,187,188,189,12,191,192,193,194,115,196,197,198,199,];False
8803;9552;18355;[0,1,2,3,4,5,60,7,8,42,10,11,190,13,23,15,118,138,68,19,20,21,182,14,24,25,131,27,28,29,106,85,61,33,34,35,55,66,38,39,40,41,9,184,44,45,46,145,186,49,50,51,52,53,54,36,56,57,58,59,6,32,158,63,64,65,37,67,18,69,70,71,157,73,74,75,76,77,78,79,80,81,82,83,103,31,86,87,88,89,90,91,92,95,94,172,96,97,98,99,84,101,102,100,129,105,30,107,108,109,110,111,112,113,114,195,116,16,117,119,178,121,122,151,124,125,126,127,128,104,130,26,132,139,173,135,136,137,17,47,140,141,142,143,144,133,146,147,148,149,150,123,152,153,154,155,156,72,62,159,160,161,162,163,164,165,166,167,168,169,170,171,93,134,174,175,176,177,120,179,180,181,22,183,43,185,48,187,188,189,12,191,192,193,194,115,196,197,198,199,];False
8794;9546;18340;[0,1,2,3,4,5,60,7,8,42,10,11,190,13,23,15,118,138,68,19,20,21,182,14,24,25,131,27,28,29,106,31,61,33,168,35,55,66,38,39,40,41,9,184,44,45,46,145,186,49,50,51,160,53,54,36,56,57,58,59,6,32,158,63,64,65,37,67,18,69,70,71,157,73,74,75,76,77,78,79,80,81,82,83,103,85,86,87,88,89,90,91,92,95,94,172,96,97,98,99,84,101,102,100,129,105,30,107,108,109,110,111,112,113,114,195,116,16,117,119,178,121,122,151,124,125,126,127,128,104,130,26,132,139,173,135,136,137,17,47,140,141,142,143,144,133,146,147,148,149,150,123,152,153,154,155,156,72,62,159,52,161,162,163,164,165,166,167,34,169,170,171,93,134,174,175,176,177,120,179,180,181,22,183,43,185,48,187,188,189,12,191,192,193,194,115,196,197,198,199,];False
8796;9540;18336;[0,1,2,3,4,5,60,7,8,42,10,11,31,13,23,15,118,138,68,19,20,21,182,14,24,25,131,27,28,29,106,190,61,33,34,35,55,66,38,39,40,41,9,184,44,45,46,145,186,49,50,51,160,53,54,36,56,57,58,59,6,32,158,63,64,65,37,67,18,69,70,71,157,73,74,75,76,77,78,79,80,81,82,83,103,85,86,87,88,89,90,91,92,95,94,172,96,97,98,99,84,101,102,100,129,105,30,107,108,109,110,111,112,113,114,195,116,16,117,119,178,121,122,151,124,125,126,127,128,104,130,26,132,139,173,135,136,137,17,47,140,141,142,143,144,133,146,147,148,149,150,123,152,153,154,155,156,72,62,159,52,161,162,163,164,165,166,167,168,169,170,171,93,134,174,175,176,177,120,179,180,181,22,183,43,185,48,187,188,189,12,191,192,193,194,115,196,197,198,199,];False
8783;9545;18328;[0,1,2,3,4,5,60,7,8,42,10,11,190,13,23,15,118,138,68,19,20,21,182,14,24,25,131,27,28,29,106,31,61,33,34,35,55,66,38,39,40,41,9,184,44,45,46,145,186,49,50,51,160,53,54,36,56,57,58,59,6,32,158,63,64,65,188,67,18,69,70,71,157,73,74,75,76,77,78,79,80,81,82,83,103,85,86,87,88,89,90,91,92,95,94,172,96,97,98,99,84,101,102,100,129,105,30,107,108,109,110,111,112,113,114,195,116,16,117,119,178,121,122,151,124,125,126,127,128,104,130,26,132,139,173,135,136,137,17,47,140,141,142,143,144,133,146,147,148,149,150,123,152,153,154,155,156,72,62,159,52,161,162,163,164,165,166,167,168,169,170,171,93,134,174,175,176,177,120,179,180,181,22,183,43,185,48,187,37,189,12,191,192,193,194,115,196,197,198,199,];False
8794;9534;18328;[0,1,2,3,4,5,60,7,8,42,10,11,190,13,23,15,118,17,68,19,20,21,182,14,24,25,131,27,28,29,106,31,61,33,34,35,55,66,38,39,40,41,9,184,44,45,46,145,186,49,50,51,52,53,54,36,56,57,58,59,6,32,158,63,64,65,37,67,18,69,70,71,157,73,74,75,76,77,78,79,80,81,82,83,103,85,86,87,88,89,90,91,92,95,94,172,96,97,98,99,84,101,102,100,129,105,30,107,108,109,110,111,112,113,114,195,116,16,117,119,178,121,122,151,124,125,126,127,128,104,130,26,132,139,134,135,136,137,138,47,140,141,142,143,144,133,146,147,148,149,150,123,152,153,154,155,156,72,62,159,160,161,162,163,164,165,166,167,168,169,170,171,93,173,174,175,176,177,120,179,180,181,22,183,43,185,48,187,188,189,12,191,192,193,194,115,196,197,198,199,];False
8755;9553;18308;[0,1,2,3,4,5,60,7,8,42,10,11,190,13,23,15,118,138,68,19,20,21,182,14,24,25,131,27,28,29,106,31,61,33,34,35,55,66,38,39,40,41,9,184,44,45,46,145,186,49,50,51,160,53,54,36,56,57,58,59,6,32,158,63,64,65,37,67,18,69,70,71,157,73,74,75,76,77,78,79,80,81,82,83,103,85,86,87,88,89,90,91,92,95,94,172,96,97,98,99,84,101,102,100,129,105,30,107,108,109,110,111,112,113,114,195,116,16,117,119,178,121,122,151,124,125,126,127,128,104,130,26,132,139,173,135,136,137,17,47,140,141,142,143,144,133,146,147,148,149,150,123,152,197,154,155,156,72,62,159,52,161,162,163,164,165,166,167,168,169,170,171,93,134,174,175,176,177,120,179,180,181,22,183,43,185,48,187,188,189,12,191,192,193,194,115,196,153,198,199,];False
8766;9539;18305;[0,1,2,3,4,5,60,7,8,42,10,11,190,13,23,15,118,138,68,19,20,21,182,14,24,25,131,27,28,29,106,31,61,33,34,35,55,66,38,39,40,41,9,184,44,45,46,145,186,49,50,51,160,53,54,36,56,57,58,59,6,32,158,63,64,65,37,67,18,69,70,71,157,73,74,75,76,77,78,79,80,81,82,83,103,85,86,87,88,89,90,91,92,95,94,172,96,97,98,99,84,101,102,144,129,105,30,107,108,109,110,111,112,113,114,195,116,16,117,119,178,121,122,151,124,125,126,127,128,104,130,26,132,139,173,135,136,137,17,47,140,141,142,143,100,133,146,147,148,149,150,123,152,153,154,155,156,72,62,159,52,161,162,163,164,165,166,167,168,169,170,171,93,134,174,175,176,177,120,179,180,181,22,183,43,185,48,187,188,189,12,191,192,193,194,115,196,197,198,199,];False
8754;9550;18304;[0,1,2,3,4,5,60,7,8,42,10,11,190,13,23,15,118,138,68,19,20,21,182,14,24,25,131,27,28,29,106,31,61,33,34,35,55,66,38,39,40,41,9,184,44,45,46,145,186,49,50,51,52,53,54,36,56,57,58,59,6,32,158,63,64,65,37,67,18,69,70,71,157,73,74,75,76,77,78,79,80,81,82,83,103,85,86,87,88,89,90,91,92,95,94,172,96,97,98,99,84,101,102,100,129,105,30,107,108,109,110,111,112,113,114,195,116,16,117,119,178,121,122,151,124,125,126,127,128,104,130,26,132,139,134,135,136,137,17,47,140,141,142,143,144,133,146,147,148,149,150,123,152,153,154,155,156,72,62,159,160,161,162,163,164,165,166,167,168,169,170,171,93,173,174,175,176,177,120,179,180,181,22,183,43,185,48,187,188,189,12,191,192,193,194,115,196,197,198,199,];False
8774;9519;18293;[0,1,2,3,4,5,60,7,8,42,10,11,190,13,23,15,118,138,68,19,20,21,182,14,24,25,131,27,28,29,106,31,61,33,34,35,55,66,38,39,40,41,9,184,44,45,46,145,186,49,50,51,160,53,54,36,56,57,58,59,6,32,158,63,64,65,37,67,18,69,70,71,157,73,74,75,76,77,78,79,80,81,82,83,103,85,102,87,88,89,90,91,92,95,94,172,96,97,98,99,84,101,86,100,129,105,30,107,108,109,110,111,112,113,114,195,116,16,117,119,178,121,122,151,124,125,126,127,128,104,130,26,132,139,173,135,136,137,17,47,140,141,142,143,144,133,146,147,148,149,150,123,152,153,154,155,156,72,62,159,52,161,162,163,164,165,166,167,168,169,170,171,93,134,174,175,176,177,120,179,180,181,22,183,43,185,48,187,188,189,12,191,192,193,194,115,196,197,198,199,];False
8741;9545;18286;[0,1,2,3,4,5,60,7,8,42,10,11,190,13,23,15,118,138,68,19,20,21,182,14,24,25,131,27,28,29,106,31,61,33,34,35,55,66,38,39,40,41,9,184,44,71,46,145,186,49,50,51,160,53,54,36,56,57,58,59,6,32,158,63,64,65,37,67,18,69,70,45,157,73,74,75,76,77,78,79,80,81,82,83,103,85,86,87,88,89,90,91,92,95,94,172,96,97,98,99,84,101,102,100,129,105,30,107,108,109,110,111,112,113,114,195,116,16,117,119,178,121,122,151,124,125,126,127,128,104,130,26,132,139,173,135,136,137,17,47,140,141,142,143,144,133,146,147,148,149,150,123,152,153,154,155,156,72,62,159,52,161,162,163,164,165,166,167,168,169,170,171,93,134,174,175,176,177,120,179,180,181,22,183,43,185,48,187,188,189,12,191,192,193,194,115,196,197,198,199,];False
8739;9546;18285;[0,1,2,3,4,5,60,7,8,42,10,11,190,13,23,15,118,138,68,19,20,21,182,14,24,25,131,27,28,29,106,31,61,33,34,35,55,66,38,39,40,41,9,184,44,45,46,145,186,49,50,51,52,53,54,36,56,57,58,59,6,32,158,63,64,65,37,67,18,69,70,71,157,73,74,75,76,77,78,79,80,81,82,83,103,85,86,87,88,89,90,91,92,95,94,172,96,97,98,99,84,101,102,100,129,105,30,107,108,109,110,111,112,113,114,195,116,16,117,119,178,121,122,151,124,125,126,127,128,104,130,26,132,139,173,135,136,137,17,47,140,141,142,143,144,133,146,147,148,149,150,123,152,153,154,155,156,72,62,159,160,161,162,163,164,165,166,167,168,169,170,171,93,134,174,175,176,177,120,179,180,181,22,183,43,185,48,187,188,189,12,191,192,193,194,115,196,197,198,199,];False
8756;9528;18284;[0,1,2,3,4,5,60,7,8,68,10,11,190,13,23,15,118,138,42,19,20,21,182,14,24,25,131,27,28,29,106,31,61,33,34,35,55,66,38,39,40,41,9,184,44,45,46,145,186,49,50,51,160,53,54,36,56,57,77,59,6,32,158,63,64,65,37,67,18,69,70,71,157,73,74,75,76,58,78,79,80,81,82,83,103,85,86,87,88,89,90,91,92,95,94,172,96,97,98,99,84,101,102,100,129,105,117,107,108,109,110,111,112,113,114,195,116,16,30,119,178,121,122,151,124,125,126,127,128,104,130,26,132,139,173,135,136,137,17,47,140,141,142,143,144,133,146,147,148,149,150,123,152,153,154,155,156,72,62,159,52,161,162,163,164,165,166,167,168,169,170,171,93,134,174,175,176,177,120,179,180,181,22,183,43,185,48,187,188,189,12,191,192,193,194,115,196,197,198,199,];False
8748;9535;18283;[0,1,2,3,4,5,60,7,8,42,10,11,190,13,23,15,118,138,68,19,20,21,182,14,24,25,131,27,28,29,106,31,61,33,34,35,55,66,38,39,40,41,9,184,44,45,46,145,186,49,50,51,160,53,54,36,56,57,58,59,6,32,158,63,64,65,37,67,18,69,70,17,157,73,74,75,76,77,78,79,80,81,82,83,103,85,86,87,88,89,90,91,92,95,94,172,96,97,98,99,84,101,102,100,129,105,30,107,108,109,110,111,112,113,114,195,116,16,117,119,178,121,122,151,124,125,126,127,128,104,130,26,132,139,173,135,136,137,71,47,140,141,142,143,144,133,146,147,148,149,150,123,152,153,154,155,156,72,62,159,52,161,162,163,164,165,166,167,168,169,170,171,93,134,174,175,176,177,120,179,180,181,22,183,43,185,48,187,188,189,12,191,192,193,194,115,196,197,198,199,];False
8728;9553;18281;[0,1,2,3,4,5,60,7,8,42,10,11,190,13,23,15,118,138,68,19,20,18,182,14,24,25,131,27,28,29,106,31,61,33,34,35,55,66,38,39,40,41,9,184,44,45,46,145,186,49,50,51,160,53,54,36,56,57,77,59,6,32,158,63,64,65,37,67,21,69,70,71,157,73,74,75,76,58,78,79,80,81,82,83,103,85,86,87,88,89,90,91,92,95,94,172,96,97,98,99,84,101,102,100,129,105,117,107,108,109,110,111,112,113,114,195,116,16,30,119,178,121,122,151,124,125,126,127,128,104,130,26,132,139,173,135,136,137,17,47,140,141,142,143,144,133,146,147,148,149,150,123,152,153,154,155,156,72,62,159,52,161,162,163,164,165,166,167,168,169,170,171,93,134,174,175,176,177,120,179,180,181,22,183,43,185,48,187,188,189,12,191,192,193,194,115,196,197,198,199,];False
8727;9550;18277;[0,1,2,3,4,5,60,7,8,42,10,11,190,13,23,15,118,138,68,19,20,21,182,14,24,25,131,27,28,29,106,31,61,33,34,35,55,66,38,39,40,41,9,184,44,45,46,145,186,49,50,51,160,53,54,36,56,57,58,59,6,32,158,63,64,65,37,67,18,69,70,71,157,73,74,75,76,77,78,79,80,81,82,83,103,85,86,87,88,89,90,91,92,95,94,172,96,97,98,99,84,101,102,115,129,105,30,107,108,109,110,111,112,113,114,195,116,16,117,119,178,121,122,151,124,125,126,127,128,104,130,26,132,139,173,135,136,137,17,47,140,141,142,143,144,133,146,147,148,149,150,123,152,153,154,155,156,72,62,159,52,161,162,163,164,165,166,167,168,169,170,171,93,134,174,175,176,177,120,179,180,181,22,183,43,185,48,187,188,189,12,191,192,193,194,100,196,197,198,199,];False
8683;9580;18263;[0,1,2,3,4,5,60,7,8,42,10,11,190,13,23,15,118,138,68,19,20,21,182,14,24,25,131,27,28,29,106,31,61,122,34,35,55,66,38,39,40,41,9,184,44,45,46,145,186,49,50,51,160,53,54,36,56,57,58,59,6,32,158,63,64,65,37,67,18,69,70,71,157,73,74,75,76,77,78,79,80,81,82,83,103,85,86,87,88,89,90,91,92,95,94,172,96,97,98,99,84,101,102,100,129,105,30,107,108,109,110,111,112,113,114,195,116,16,117,119,178,121,33,151,124,125,126,127,128,104,130,26,132,139,173,135,136,137,17,47,140,141,142,143,144,133,146,147,148,149,150,123,152,153,154,155,156,72,62,159,52,161,162,163,164,165,166,167,168,169,170,171,93,134,174,175,176,177,120,179,180,181,22,183,43,185,48,187,188,189,12,191,192,193,194,115,196,197,198,199,];False
8705;9540;18245;[0,1,2,3,4,5,60,7,8,42,10,11,190,13,23,15,118,138,68,19,20,21,182,14,24,25,131,27,28,29,106,31,61,33,34,35,55,66,38,39,40,41,9,184,44,45,46,145,186,49,50,51,160,100,54,36,56,57,58,59,6,32,158,63,64,65,37,67,18,69,70,71,157,73,74,75,76,77,78,79,80,81,82,83,103,85,86,87,88,89,90,91,92,95,94,172,96,97,98,99,84,101,102,53,129,105,117,107,108,109,110,111,112,113,114,195,116,16,30,119,178,121,122,151,124,125,126,127,128,104,130,26,132,139,173,135,136,137,17,47,140,141,142,143,144,133,146,147,148,149,150,123,152,153,154,155,156,72,62,159,52,161,162,163,164,165,166,167,168,169,170,171,93,134,174,175,176,177,120,179,180,181,22,183,43,185,48,187,188,189,12,191,192,193,194,115,196,197,198,199,];False
8723;9518;18241;[0,1,2,3,4,5,60,7,8,42,10,11,190,13,23,15,118,138,68,19,20,21,182,14,24,25,131,27,28,29,106,31,61,33,34,35,55,66,38,39,40,41,9,184,44,45,46,145,186,49,50,51,160,53,54,36,56,48,58,59,6,32,158,63,64,65,37,67,18,69,70,71,157,73,74,75,76,77,78,79,80,81,82,83,103,85,86,87,88,89,90,91,92,95,94,172,96,97,98,99,84,101,102,100,129,105,30,107,108,109,110,111,112,113,114,195,116,16,117,119,178,121,122,151,124,125,126,127,128,104,130,26,132,139,173,135,136,137,17,47,140,141,142,143,144,133,146,147,148,149,150,123,152,153,154,155,156,72,62,159,52,161,162,163,164,165,166,167,168,169,170,171,93,134,174,175,176,177,120,179,180,181,22,183,43,185,57,187,188,189,12,191,192,193,194,115,196,197,198,199,];False
8709;9529;18238;[0,1,2,3,4,5,60,7,8,42,10,11,190,13,23,15,118,138,68,19,20,21,182,14,24,25,131,27,28,29,106,31,61,135,34,35,55,66,38,39,40,41,9,184,44,45,46,145,186,49,50,51,160,53,54,36,56,57,58,59,6,32,158,63,64,65,37,67,18,69,70,71,157,73,74,75,76,77,78,79,80,81,82,83,103,85,86,87,88,89,90,91,92,95,94,172,96,97,98,99,84,101,102,100,129,105,30,107,108,109,110,111,112,113,114,195,116,16,117,119,178,121,122,151,124,125,126,127,128,104,130,26,132,139,173,33,136,137,17,47,140,141,142,143,144,133,146,147,148,149,150,123,152,153,154,155,156,72,62,159,52,161,162,163,164,165,166,167,168,169,170,171,93,134,174,175,176,177,120,179,180,181,22,183,43,185,48,187,188,189,12,191,192,193,194,115,196,197,198,199,];False
8670;9561;18231;[0,1,2,3,4,5,60,7,8,42,10,11,190,13,23,15,118,138,68,19,20,21,182,14,24,25,131,27,28,29,106,31,61,33,34,35,55,66,38,39,40,41,9,184,44,45,46,145,186,49,50,51,160,53,54,36,56,57,77,59,6,32,158,63,64,65,37,67,18,69,70,71,157,73,74,75,76,58,78,79,80,81,82,83,103,85,86,87,88,89,90,91,92,95,94,172,96,97,98,99,84,101,102,100,129,105,117,107,108,109,110,111,112,113,114,195,116,16,30,119,178,121,122,151,124,125,126,127,128,104,130,26,132,139,173,135,136,137,17,47,140,141,142,143,144,133,146,147,148,149,150,123,152,153,154,181,156,72,62,159,52,161,162,163,164,165,166,167,168,169,170,171,93,134,174,175,176,177,120,179,180,155,22,183,43,185,48,187,188,189,12,191,192,193,194,115,196,197,198,199,];False
8670;9554;18224;[0,1,2,3,115,5,60,7,8,42,10,11,190,13,23,15,118,138,68,19,20,21,182,14,24,25,131,27,28,29,106,31,61,33,34,35,55,66,38,39,40,41,9,184,44,45,46,145,186,49,50,51,160,53,54,36,56,57,77,59,6,32,158,63,64,65,37,67,18,69,70,71,157,73,74,75,76,58,78,79,80,81,82,83,103,85,86,87,88,89,90,91,92,95,94,172,96,97,109,99,84,101,102,100,129,105,117,107,108,98,110,111,112,113,114,195,116,16,30,119,178,121,122,151,124,125,126,127,128,104,130,26,132,139,173,135,136,137,17,47,140,141,142,143,144,133,146,147,148,149,150,123,152,153,154,155,156,72,62,159,52,161,162,163,164,165,166,167,168,169,170,171,93,134,174,175,176,177,120,179,180,181,22,183,43,185,48,187,188,189,12,191,192,193,194,4,196,197,198,199,];False
8674;9535;18209;[0,1,2,3,4,5,60,7,8,42,10,11,190,13,23,15,118,138,68,19,20,21,182,14,24,25,131,27,28,29,106,31,61,33,34,35,55,66,38,39,40,41,9,184,44,45,46,145,186,49,50,51,160,53,54,36,56,57,58,59,6,32,158,63,64,65,37,67,18,69,70,71,157,73,74,75,76,77,78,79,80,81,82,83,103,85,86,87,88,89,90,91,92,95,94,172,96,97,98,99,84,101,102,100,129,105,30,107,108,109,110,111,112,113,114,195,116,16,117,119,178,121,122,151,124,125,126,127,128,104,130,26,132,139,173,135,136,137,17,47,140,141,142,143,144,133,146,147,148,149,150,123,152,153,154,155,156,72,62,159,52,161,162,163,164,165,166,167,168,169,170,171,93,134,174,175,176,177,120,179,180,181,22,183,43,185,48,187,188,189,12,191,192,193,194,115,196,197,198,199,];False
8668;9529;18197;[0,1,2,3,4,5,60,7,8,42,10,11,190,13,23,15,118,138,68,19,20,21,182,14,24,25,131,27,28,29,106,31,61,33,34,35,55,66,38,39,40,41,9,184,44,45,46,145,186,49,50,51,160,53,54,36,56,57,58,59,6,32,158,63,64,65,37,67,18,69,70,71,157,73,74,75,76,77,78,79,80,81,82,83,103,85,86,87,88,89,90,91,92,95,94,172,96,97,98,99,84,101,102,100,129,105,117,107,108,109,110,111,112,113,114,195,116,16,30,119,178,121,122,151,124,125,126,127,128,104,130,26,132,139,173,135,136,137,17,47,140,141,142,143,144,133,146,147,148,149,150,123,152,153,154,155,156,72,62,159,52,161,162,163,164,165,166,167,168,169,170,171,93,134,174,175,176,177,120,179,180,181,22,183,43,185,48,187,188,189,12,191,192,193,194,115,196,197,198,199,];False
8603;9531;18134;[0,1,2,3,4,5,60,7,8,42,10,11,190,13,23,15,118,138,68,19,20,21,182,14,24,25,131,27,28,29,106,31,61,33,34,35,55,66,38,39,40,41,9,184,44,45,46,145,186,49,50,51,160,53,54,36,56,57,77,59,6,32,158,63,64,65,37,67,18,69,70,71,157,73,74,75,76,58,78,79,80,81,82,83,103,85,86,87,88,89,90,91,92,95,94,172,96,97,98,99,84,101,102,100,129,105,117,107,108,109,110,111,112,113,114,195,116,16,30,119,178,121,122,151,124,125,126,127,128,104,130,26,132,139,173,135,136,137,17,47,140,141,142,143,144,133,146,147,148,149,150,123,152,153,154,155,156,72,62,159,52,161,162,163,164,165,166,167,168,169,170,171,93,134,174,175,176,177,120,179,180,181,22,183,43,185,48,187,188,189,12,191,192,193,194,115,196,197,198,199,];False
8511;9610;18121;[0,1,2,3,4,5,60,7,8,42,10,11,190,13,23,15,118,138,68,19,20,21,182,14,24,25,131,27,28,29,106,31,59,33,34,35,55,66,38,39,40,41,9,184,44,45,46,145,186,49,50,51,160,53,54,36,56,57,77,61,6,32,158,63,64,65,52,67,18,69,70,71,157,73,74,75,76,58,78,79,80,81,82,83,146,85,86,87,88,89,90,91,92,95,94,172,96,97,109,99,84,101,102,100,129,105,117,107,108,98,110,111,112,113,114,195,116,16,30,119,178,121,122,151,124,125,126,127,128,104,130,26,132,139,173,135,136,137,17,47,140,141,142,143,144,133,103,170,148,149,150,123,152,153,154,155,156,72,62,159,162,161,37,163,164,165,166,167,168,169,147,171,93,134,174,175,176,177,120,179,180,181,22,183,43,185,48,187,188,189,12,191,192,193,194,115,196,197,198,199,];False
8583;9532;18115;[0,1,2,3,4,5,60,7,8,42,10,11,190,13,23,15,118,138,68,19,20,21,182,14,24,25,131,27,28,29,106,31,61,33,34,35,55,66,38,39,40,41,9,184,44,45,46,145,186,49,50,51,160,53,54,36,56,57,77,59,6,32,158,63,64,65,37,67,18,69,70,71,157,73,74,75,76,58,78,79,80,81,82,83,103,85,86,87,88,89,90,91,92,95,94,172,96,97,109,99,84,101,102,100,129,105,117,107,108,98,110,111,112,113,114,195,116,16,30,119,178,121,122,151,124,125,126,127,128,104,130,26,132,139,173,135,136,137,17,47,140,141,142,143,144,133,146,147,148,149,150,123,152,153,154,155,156,72,62,159,52,161,162,163,164,165,166,167,168,169,170,171,93,134,174,175,176,177,120,179,180,181,22,183,43,185,48,187,188,189,12,191,192,193,194,115,196,197,198,199,];False
8527;9568;18095;[0,1,2,3,4,5,60,7,8,42,10,11,190,13,23,15,118,138,68,19,20,21,182,14,24,25,131,27,28,29,106,31,59,33,34,35,55,66,38,39,40,41,9,184,44,45,46,145,186,49,50,51,160,53,54,36,56,57,77,61,6,32,158,63,64,65,162,67,18,69,70,71,157,73,74,75,76,58,78,79,80,81,82,83,103,85,86,87,88,89,90,91,92,95,94,172,96,97,109,99,84,101,102,100,129,105,117,107,108,98,110,111,112,113,114,195,116,16,30,119,178,121,122,151,124,125,126,127,128,104,130,26,132,139,173,135,136,137,17,47,140,141,142,143,144,133,146,147,148,149,150,123,152,153,154,155,156,72,62,159,52,161,37,163,164,165,166,167,168,169,170,171,93,134,174,175,176,177,120,179,180,181,22,183,43,185,48,187,188,189,12,191,192,193,194,115,196,197,198,199,];False
8533;9533;18066;[0,1,2,3,4,5,60,7,8,42,10,11,190,13,23,15,118,138,68,19,20,21,182,14,24,25,131,27,28,29,106,31,61,33,34,35,55,66,38,39,40,41,9,184,44,45,46,145,186,49,50,51,160,53,54,36,56,57,77,59,6,32,158,63,64,65,162,67,18,69,70,71,157,73,74,75,76,58,78,79,80,81,82,83,103,85,86,87,88,89,90,91,92,95,94,172,96,97,109,99,84,101,102,100,129,105,117,107,108,98,110,111,112,113,114,195,116,16,30,119,178,121,122,151,124,125,126,127,128,104,130,26,132,139,173,135,136,137,17,47,140,141,142,143,144,133,146,147,148,149,150,123,152,153,154,155,156,72,62,159,52,161,37,163,164,165,166,167,168,169,170,171,93,134,174,175,176,177,120,179,180,181,22,183,43,185,48,187,188,189,12,191,192,193,194,115,196,197,198,199,];False
8466;9579;18045;[0,1,2,3,4,5,60,7,8,42,10,11,190,13,23,15,118,138,68,19,20,21,182,14,24,25,131,27,28,29,106,31,59,33,34,35,55,66,38,39,40,41,9,184,44,45,46,145,186,49,50,51,160,53,54,36,56,57,77,61,6,32,158,63,64,65,52,67,18,69,70,71,157,73,74,75,76,58,78,79,80,81,82,83,103,85,86,87,88,89,90,91,92,95,94,172,96,97,109,99,84,101,102,100,129,105,117,107,108,98,110,111,112,113,114,195,116,16,30,119,178,121,122,151,124,125,126,127,128,104,130,26,132,139,173,135,136,137,17,47,140,141,142,143,144,133,146,147,148,149,150,123,152,153,154,155,156,72,62,159,162,161,37,163,164,165,166,167,168,169,170,171,93,134,174,175,176,177,120,179,180,181,22,183,43,185,48,187,188,189,12,191,192,193,194,115,196,197,198,199,];False
8380;9646;18026;[0,1,2,3,4,5,60,7,8,42,10,11,190,13,23,15,118,138,68,19,20,21,182,14,24,25,131,27,28,29,106,31,59,33,34,35,55,66,38,39,40,41,9,184,44,45,46,145,186,49,50,51,89,53,54,36,56,57,77,81,6,32,158,63,64,65,52,67,18,69,70,71,157,73,74,75,76,58,78,79,80,61,82,83,146,85,86,87,88,160,90,91,92,95,94,172,105,97,109,99,84,101,102,100,129,96,117,107,108,98,110,111,112,113,114,195,116,16,30,119,178,121,122,151,124,125,126,127,128,104,130,26,132,139,173,135,136,137,17,47,140,141,142,143,144,133,103,147,148,149,150,123,152,153,154,155,156,72,62,185,162,161,37,163,164,165,166,167,168,169,170,171,93,134,174,175,176,177,120,179,180,181,22,183,43,159,48,187,188,189,12,191,192,193,194,115,196,197,198,199,];False
8405;9621;18026;[0,1,2,3,4,5,60,7,8,42,10,11,190,13,23,15,118,138,68,19,20,21,182,14,24,25,131,27,28,29,106,31,59,33,34,35,55,66,38,39,40,41,9,184,44,45,46,145,186,49,50,51,89,53,54,36,56,57,77,81,6,32,158,63,64,65,52,67,18,69,70,71,157,73,74,75,76,58,78,79,80,61,82,161,146,85,86,87,88,160,90,91,92,95,94,172,105,97,109,99,84,101,102,100,129,96,117,107,108,98,110,111,112,113,114,195,116,16,30,119,178,121,122,151,124,125,126,127,128,104,130,26,132,139,173,135,136,137,17,47,140,141,142,143,144,133,103,147,148,149,150,123,152,153,154,155,156,72,62,159,162,83,37,163,164,165,166,167,168,169,170,171,93,134,174,175,176,177,120,179,180,181,22,183,43,185,48,187,188,189,12,191,192,193,194,115,196,197,198,199,];False
8388;9628;18016;[0,1,2,3,4,5,60,7,8,42,10,11,190,13,23,15,118,138,68,19,20,21,182,14,24,25,131,27,28,29,106,31,59,33,34,35,55,66,38,39,40,41,9,184,44,45,46,145,186,49,50,51,89,53,54,36,56,57,77,81,6,32,158,63,64,65,52,67,18,69,70,71,157,73,74,75,76,58,78,79,80,61,82,83,146,85,86,87,88,160,90,91,92,95,94,172,105,97,109,99,84,101,102,100,129,96,154,107,108,98,110,111,112,113,114,195,116,16,30,119,178,121,122,151,124,125,126,127,128,104,130,26,132,139,173,135,136,137,17,47,140,141,142,143,144,133,103,147,148,149,150,123,152,153,117,155,156,72,62,159,162,161,37,163,164,165,166,167,168,169,170,171,93,134,174,175,176,177,120,179,180,181,22,183,43,185,48,187,188,189,12,191,192,193,194,115,196,197,198,199,];False
8404;9602;18006;[0,1,2,3,4,5,60,7,8,42,10,11,190,13,23,15,118,138,68,19,20,21,182,14,24,25,131,27,28,29,106,31,59,33,34,35,55,66,38,39,40,41,9,184,44,45,46,145,186,49,50,51,160,53,54,36,56,57,77,61,6,32,158,63,64,65,52,67,18,69,70,71,157,73,74,75,76,58,78,79,80,81,82,83,146,85,86,87,88,89,90,91,92,95,94,172,96,97,109,99,84,101,102,100,129,105,117,107,108,98,110,111,112,113,114,195,116,16,30,119,178,121,122,151,124,125,126,127,128,104,130,26,132,139,173,135,136,137,17,47,140,141,142,143,144,133,103,147,148,149,150,123,152,153,154,155,156,72,62,159,162,161,37,163,164,165,166,167,168,169,170,171,93,134,174,175,176,177,120,179,180,181,22,183,43,185,48,187,188,189,12,191,192,193,194,115,196,197,198,199,];False
8434;9570;18004;[0,1,2,3,4,5,60,7,8,42,10,11,190,13,23,15,118,138,68,19,20,21,182,14,24,25,131,27,28,29,106,31,59,33,34,35,55,66,38,39,40,41,9,184,44,45,46,145,186,49,50,51,160,53,54,36,56,57,77,61,6,32,158,63,64,198,52,67,18,69,70,71,157,73,74,75,76,58,78,79,80,81,82,83,146,85,86,87,88,89,90,91,92,95,94,172,96,97,109,99,84,101,102,100,129,105,117,107,108,98,110,111,112,113,114,195,116,16,30,119,178,121,122,151,124,125,126,127,128,104,130,26,132,139,173,135,136,137,17,47,140,141,142,143,144,133,103,147,148,149,150,123,152,153,154,155,156,72,62,159,162,161,37,163,164,165,166,167,168,169,170,171,93,134,174,175,176,177,120,179,180,181,22,183,43,185,48,187,188,189,12,191,192,193,194,115,196,197,65,199,];False
8403;9590;17993;[0,1,2,3,4,5,60,7,8,42,10,11,190,13,23,15,118,138,68,19,20,21,182,14,24,25,131,27,28,29,106,31,59,33,34,35,55,66,38,39,40,41,9,184,44,45,46,145,186,49,50,51,160,53,54,36,56,57,77,81,6,32,158,63,64,65,52,67,18,69,70,71,157,73,74,75,76,58,78,79,80,61,82,83,146,85,86,87,88,89,90,91,92,95,94,172,96,97,109,99,84,101,102,100,129,105,117,107,108,98,110,111,112,113,114,195,116,16,30,119,178,121,122,151,124,125,126,127,128,104,130,26,132,139,173,135,136,137,17,47,140,141,142,143,144,133,103,147,148,149,150,123,152,153,154,155,156,72,62,159,162,161,37,163,164,165,166,167,168,169,170,171,93,134,174,175,176,177,120,179,180,181,22,183,43,185,48,187,188,189,12,191,192,193,194,115,196,197,198,199,];False
8371;9608;17979;[0,1,2,3,4,5,60,7,8,42,10,11,190,13,23,15,118,138,68,19,20,21,182,14,24,25,131,27,28,29,106,31,59,33,34,35,55,66,38,39,40,41,9,184,44,45,46,145,186,49,50,51,160,53,54,36,56,57,77,81,6,32,158,63,64,65,52,67,18,69,70,71,157,73,74,75,76,58,78,79,80,61,82,83,146,85,86,87,88,89,90,91,92,95,94,172,105,97,109,99,84,101,102,100,129,96,117,107,108,98,110,111,112,113,114,195,116,16,30,119,178,121,122,151,124,125,126,127,128,104,130,26,132,139,173,135,136,137,17,47,140,141,142,143,144,133,103,147,148,149,150,123,152,153,154,155,156,72,62,159,162,161,37,163,164,165,166,167,168,169,170,171,93,134,174,175,176,177,120,179,180,181,22,183,43,185,48,187,188,189,12,191,192,193,194,115,196,197,198,199,];False
8325;9644;17969;[0,1,2,3,4,5,60,7,8,42,10,11,190,13,23,15,118,138,68,19,20,21,182,14,24,25,131,27,28,29,106,31,59,33,34,35,55,66,38,39,40,41,9,184,44,45,46,145,186,49,50,51,89,53,54,36,56,194,77,81,6,32,158,63,64,65,52,67,18,69,70,71,157,73,74,75,76,58,78,79,80,61,82,83,146,85,86,87,88,160,90,91,92,95,94,172,105,97,109,99,84,101,102,100,129,96,117,107,108,98,110,111,112,113,114,195,116,16,30,119,178,121,122,151,124,125,126,127,128,104,130,26,132,139,173,135,136,137,17,47,140,141,142,143,144,133,103,147,148,149,150,123,152,153,154,155,156,72,62,159,162,161,37,163,164,165,166,167,168,169,170,171,93,134,174,175,176,177,120,179,180,181,22,183,43,185,48,187,188,189,12,191,192,193,57,115,196,197,198,199,];False
8332;9636;17968;[0,1,2,3,4,5,60,7,8,42,10,11,190,13,23,15,118,138,68,19,20,21,182,14,24,25,131,27,28,29,106,31,59,33,34,35,55,66,38,39,40,41,9,184,44,45,46,145,186,49,50,51,89,53,54,36,56,57,77,81,6,32,158,63,64,65,52,67,18,69,70,71,157,73,74,75,76,58,78,79,80,61,82,83,146,85,86,87,88,160,90,91,92,95,94,172,105,97,109,99,84,101,102,100,129,96,117,107,108,98,110,111,112,113,114,195,116,16,30,119,178,121,122,151,124,125,126,127,128,104,130,26,132,139,173,135,136,137,17,47,140,141,142,143,144,133,103,147,148,149,150,123,177,153,154,155,156,72,62,159,162,161,37,163,164,165,166,167,168,169,170,171,93,134,174,175,176,152,120,179,180,181,22,183,43,185,48,187,188,189,12,191,192,193,194,115,196,197,198,199,];False
8297;9665;17962;[0,1,2,3,4,5,60,7,8,42,10,11,190,13,23,15,118,138,68,19,20,21,182,14,24,25,131,27,28,29,106,31,59,33,34,35,55,66,38,39,40,41,9,184,44,45,46,145,186,49,50,51,89,53,54,36,56,57,77,81,6,32,158,63,64,65,52,67,18,69,70,71,159,73,74,75,76,58,78,79,80,61,82,83,146,85,86,87,88,160,90,91,92,95,94,172,105,97,109,99,84,101,102,100,129,96,117,107,108,98,110,111,112,113,114,195,116,16,30,119,178,121,122,151,124,125,126,127,128,104,130,26,132,139,173,135,136,137,17,47,140,141,142,143,144,133,103,147,148,149,150,123,152,153,154,155,156,72,62,157,162,161,37,163,164,165,166,167,168,169,170,171,93,134,174,175,176,177,120,179,180,181,22,183,43,185,48,187,188,189,12,191,192,193,194,115,196,197,198,199,];False
8289;9635;17924;[0,1,2,3,4,5,60,7,8,42,10,11,190,13,23,15,118,138,68,19,20,21,182,14,24,25,131,27,28,29,106,31,59,33,34,35,55,66,38,39,40,41,9,184,44,45,46,145,186,49,50,51,89,53,54,36,56,57,77,81,6,32,158,63,64,65,52,67,18,69,70,71,157,73,74,75,76,58,78,79,80,61,82,83,146,85,86,87,88,160,90,91,92,95,94,172,105,97,109,99,84,101,102,100,129,96,117,107,108,98,110,111,112,113,114,195,116,16,30,119,178,121,122,151,124,125,126,147,128,104,130,26,132,139,173,135,136,137,17,47,140,141,142,143,144,133,103,127,148,149,150,123,152,153,154,155,156,72,62,159,162,161,37,163,164,165,166,167,168,169,170,171,93,134,174,175,176,177,120,179,180,181,22,183,43,185,48,187,188,189,12,191,192,193,194,115,196,197,198,199,];False
8284;9640;17924;[0,1,2,3,4,5,60,7,8,42,10,11,190,13,23,15,118,138,68,19,20,21,182,14,24,25,131,27,28,29,106,31,76,33,34,35,55,66,38,39,40,41,9,184,44,45,46,145,186,49,50,51,89,53,54,36,56,57,77,81,6,32,158,63,64,65,52,67,18,69,70,71,157,73,74,75,59,58,78,79,80,61,82,83,146,85,86,87,88,160,90,91,92,95,94,172,105,97,109,99,84,101,102,100,129,96,117,107,108,98,110,111,112,113,114,195,116,16,30,119,178,121,122,151,124,125,126,127,128,104,130,26,132,139,173,135,136,137,17,47,140,141,142,143,144,133,103,147,148,149,150,123,152,153,154,155,156,72,62,159,162,161,37,163,164,165,166,167,168,169,170,171,93,134,174,175,176,177,120,179,180,181,22,183,43,185,48,187,188,189,12,191,192,193,194,115,196,197,198,199,];False
8270;9639;17909;[0,1,2,3,4,5,60,7,8,42,10,11,190,13,23,15,118,138,68,19,20,21,182,14,24,25,131,27,28,29,106,31,59,33,34,35,55,66,38,39,40,41,9,184,44,45,46,145,186,49,50,51,89,53,54,36,56,57,77,81,6,32,158,63,64,65,52,171,18,69,70,71,157,73,74,75,76,58,78,79,80,61,82,83,146,85,86,87,88,160,90,91,92,95,94,172,105,97,109,99,84,101,102,100,129,96,117,107,108,98,110,111,112,113,114,195,116,16,30,119,178,121,122,151,124,125,126,127,128,104,130,26,132,139,173,135,136,137,17,47,140,141,142,143,144,133,103,147,148,149,150,123,152,153,154,155,156,72,62,159,162,161,37,163,164,165,166,167,168,169,170,67,93,134,174,175,176,177,120,179,180,181,22,183,43,185,48,187,188,189,12,191,192,193,194,115,196,197,198,199,];False
8282;9626;17908;[0,1,2,3,4,5,60,7,8,42,10,11,190,13,23,15,118,138,68,19,20,21,182,14,24,25,131,27,28,29,106,31,59,33,34,35,55,66,38,39,40,41,9,184,44,45,46,145,186,49,91,51,89,53,54,36,56,57,77,81,6,32,158,63,64,65,52,67,18,69,70,71,157,73,74,75,76,58,78,79,80,61,82,83,146,85,86,87,88,160,90,50,92,95,94,172,105,97,109,99,84,101,102,100,129,96,117,107,108,98,110,111,112,113,114,195,116,16,30,119,178,121,122,151,124,125,126,127,128,104,130,26,132,139,173,135,136,137,17,47,140,141,142,143,144,133,103,147,148,149,150,123,152,153,154,155,156,72,62,159,162,161,37,163,164,165,166,167,168,169,170,171,93,134,174,175,176,177,120,179,180,181,22,183,43,185,48,187,188,189,12,191,192,193,194,115,196,197,198,199,];False
8267;9629;17896;[0,1,2,3,4,5,60,7,8,42,10,11,190,13,23,15,118,138,68,19,20,21,182,14,24,25,131,27,28,29,106,31,59,33,34,35,55,66,38,39,40,41,9,184,44,45,46,145,186,49,50,51,89,53,54,36,56,57,77,81,6,32,158,63,64,65,52,67,18,69,70,71,157,73,74,75,76,58,78,79,80,61,82,83,146,85,86,87,88,160,90,91,92,95,94,172,105,97,109,99,84,101,102,100,129,96,117,107,108,98,110,111,112,113,114,195,116,16,30,119,178,121,122,151,124,125,126,127,128,104,130,26,132,139,173,135,136,137,17,47,140,141,142,143,144,133,103,147,148,149,150,123,152,153,154,155,156,72,62,159,162,161,37,163,194,165,166,167,168,169,170,171,93,134,174,175,176,177,120,179,180,181,22,183,43,185,48,187,188,189,12,191,192,193,164,115,196,197,198,199,];False
8228;9640;17868;[0,1,2,3,4,5,60,7,8,42,10,11,190,13,23,15,118,138,68,19,20,21,182,14,24,25,131,27,28,29,106,31,59,33,34,35,55,66,38,39,40,41,9,184,44,45,46,145,186,49,50,51,89,53,54,36,56,57,77,81,6,32,158,63,64,65,52,67,18,82,70,71,157,73,74,75,76,58,78,79,80,61,69,83,146,85,86,87,88,160,90,91,92,95,94,172,105,97,109,99,84,101,102,100,129,96,117,107,108,98,110,111,112,113,114,195,116,16,30,119,178,121,122,151,124,125,126,127,128,104,130,26,132,139,173,135,136,137,17,47,140,141,142,143,144,133,103,147,148,149,150,123,152,153,154,155,156,72,62,159,162,161,37,163,164,165,166,167,168,169,170,171,93,134,174,175,176,177,120,179,180,181,22,183,43,185,48,187,188,189,12,191,192,193,194,115,196,197,198,199,];False
8226;9634;17860;[0,1,2,3,4,5,60,7,8,42,10,11,190,13,23,15,118,138,68,19,20,21,182,14,24,25,131,27,28,29,106,31,59,33,34,35,55,66,38,39,40,41,9,184,44,45,46,145,186,49,50,51,89,53,54,36,56,57,77,81,6,32,158,63,64,65,52,67,18,69,70,71,157,73,74,75,76,58,78,79,80,61,82,83,146,85,86,87,88,160,90,91,92,95,94,172,105,97,109,99,84,101,102,100,129,96,117,107,108,98,110,111,112,113,114,195,116,16,30,119,178,121,122,151,124,125,126,127,128,104,130,26,132,139,173,135,136,137,17,47,140,141,142,143,144,133,103,147,148,149,150,123,152,153,154,155,156,72,62,159,162,161,37,163,164,165,166,167,168,169,170,171,93,134,174,175,176,177,120,179,180,181,22,183,43,185,48,187,188,189,12,191,192,193,194,115,196,197,198,199,];False
8200;9639;17839;[0,1,59,3,4,5,60,7,8,42,10,11,190,13,23,15,118,138,68,19,20,21,182,14,24,25,131,27,28,29,106,31,2,33,34,110,55,66,38,39,40,41,9,184,44,45,46,145,186,49,50,51,89,53,54,36,56,57,77,81,6,32,158,63,64,65,52,67,18,69,70,71,157,73,74,75,76,58,78,79,80,61,82,83,146,85,86,87,88,160,90,91,92,95,94,172,105,97,109,99,84,101,102,100,129,96,117,107,108,98,35,111,112,113,114,195,116,16,30,119,178,47,122,151,124,125,126,127,128,104,130,26,132,139,173,135,136,137,17,121,140,141,142,143,144,133,103,147,148,149,150,123,152,153,154,155,156,72,62,159,162,161,37,163,164,165,166,167,168,169,170,171,93,134,174,175,176,177,120,179,180,181,22,183,43,185,48,187,188,189,12,191,192,193,194,115,196,197,198,199,];False
8269;9567;17836;[0,1,2,3,4,5,60,7,8,42,10,11,190,13,23,15,118,138,68,19,20,21,182,14,24,25,131,27,28,29,106,31,59,33,34,35,55,66,38,39,40,41,9,184,44,45,46,145,186,49,50,51,89,53,54,36,56,57,77,81,6,32,158,63,64,95,52,67,18,69,70,71,157,73,74,75,76,58,78,79,80,61,82,83,146,85,86,87,88,160,90,91,92,65,94,172,105,97,109,99,84,101,102,100,129,96,117,107,108,98,110,111,112,113,114,195,116,16,30,119,178,121,122,151,124,125,126,127,128,104,130,26,132,139,173,135,136,137,17,47,140,141,142,143,144,133,103,147,148,149,150,123,152,153,154,155,156,72,62,159,162,161,37,163,164,165,166,167,168,169,170,171,93,134,174,175,176,177,120,179,180,181,22,183,43,185,48,187,188,189,12,191,192,193,194,115,196,197,198,199,];False
8203;9625;17828;[0,1,59,3,4,5,60,7,8,42,10,11,190,13,23,15,118,138,68,19,20,21,182,14,24,25,131,27,28,29,106,31,2,33,34,35,55,66,38,39,40,41,9,184,44,45,46,145,186,49,50,51,89,53,54,36,56,57,77,81,6,32,158,63,64,65,52,67,18,69,70,71,157,73,74,75,76,58,78,79,80,61,82,83,146,85,86,87,88,160,90,91,92,95,94,172,105,97,109,99,84,101,102,100,129,96,117,107,108,98,110,111,112,113,114,195,116,16,30,119,178,121,122,151,124,125,126,127,128,104,130,26,132,139,173,135,136,137,17,47,140,141,142,143,144,133,103,147,148,149,150,123,152,153,154,155,156,72,62,159,162,161,37,163,164,165,166,167,168,169,170,171,93,134,174,175,176,177,120,179,180,181,22,183,43,185,48,187,188,189,12,191,192,193,194,115,196,197,198,199,];False
8222;9575;17797;[0,1,59,3,4,5,60,7,8,42,10,11,190,13,23,15,118,92,38,19,20,21,182,14,24,25,131,27,28,29,106,31,2,33,34,35,55,66,68,39,40,41,9,184,44,45,46,145,186,49,50,51,89,53,54,36,56,57,77,81,6,32,158,63,64,65,52,67,18,69,70,71,157,73,74,75,76,58,78,79,80,61,82,83,146,85,86,87,88,160,90,91,138,95,94,172,105,97,109,99,84,101,102,100,129,96,117,107,108,98,110,111,112,113,114,195,116,16,30,119,178,47,122,151,124,125,126,127,128,104,130,26,132,139,173,135,136,137,17,121,140,141,142,143,144,133,103,147,148,149,150,123,152,153,154,155,156,72,62,159,162,161,37,163,164,165,166,167,168,169,170,171,93,134,174,175,176,177,120,179,180,181,22,183,43,185,48,187,188,189,12,191,192,193,194,115,196,197,198,199,];False
8155;9596;17751;[0,1,59,3,4,5,60,7,8,42,10,11,190,13,23,15,118,138,68,19,20,21,182,14,24,25,131,27,28,29,106,31,2,33,34,35,55,66,38,39,40,41,9,184,44,45,46,145,186,49,50,51,89,53,54,36,56,57,77,81,6,32,158,63,64,65,52,67,18,69,70,71,157,73,74,75,76,58,78,79,80,61,82,83,146,85,86,87,88,160,90,91,92,95,94,172,105,97,109,99,84,101,102,100,129,96,117,107,108,98,110,111,112,113,114,195,116,16,30,119,178,47,122,151,124,125,126,127,128,104,130,26,132,139,173,135,136,137,17,121,140,141,142,143,144,133,103,147,148,149,150,123,152,153,154,155,156,72,62,159,162,161,37,163,164,165,166,167,168,169,170,171,93,134,174,175,176,177,120,179,180,181,22,183,43,185,48,187,188,189,12,191,192,193,194,115,196,197,198,199,];False
8178;9570;17748;[0,1,59,122,4,5,60,7,8,42,10,192,190,13,23,15,118,92,68,19,20,21,182,14,24,25,131,27,28,29,106,31,2,33,34,35,55,66,38,39,40,41,9,184,44,45,46,145,186,49,50,51,89,53,54,36,56,57,77,81,6,32,158,63,64,65,52,67,18,69,70,71,157,73,74,75,76,58,78,79,80,61,82,83,146,85,86,87,88,160,90,91,138,95,94,172,105,97,109,99,84,101,102,100,129,96,117,107,108,98,110,111,112,113,114,195,116,16,30,119,178,47,3,151,124,125,126,127,128,104,130,26,132,139,173,135,136,137,17,121,140,141,142,143,144,133,103,147,148,149,150,123,152,153,183,155,156,72,62,159,162,161,37,163,164,165,166,167,168,169,170,171,93,134,174,175,176,177,120,179,180,181,22,154,43,185,48,187,188,189,12,191,11,193,194,115,196,197,198,199,];False
8203;9537;17740;[0,1,59,3,4,5,60,7,8,42,10,192,190,13,23,15,118,92,68,19,20,21,182,14,24,25,131,27,28,29,106,31,2,33,34,35,55,66,38,39,40,41,9,184,44,45,46,145,186,49,50,51,89,53,54,36,56,57,77,81,6,32,158,63,64,65,52,67,18,69,70,71,157,73,74,75,76,58,78,79,80,61,82,83,146,85,86,87,88,160,90,91,138,95,94,172,105,97,109,99,84,101,102,100,129,96,117,107,108,98,110,111,112,113,114,195,116,16,30,119,178,47,122,151,124,125,126,127,128,104,130,26,132,139,173,135,136,137,17,121,140,141,142,143,144,133,103,153,148,149,150,123,152,147,183,155,156,72,62,159,162,161,37,163,164,165,166,167,168,169,170,171,93,134,174,175,176,177,120,179,180,181,22,154,43,185,48,187,188,189,12,191,11,193,194,115,196,197,198,199,];False
8140;9563;17703;[0,1,59,3,4,5,60,7,8,42,10,11,190,13,23,50,118,92,68,19,20,21,182,14,24,25,131,27,28,29,106,31,2,33,34,35,55,66,38,39,40,41,9,184,44,45,46,145,186,49,15,51,89,53,54,36,56,57,77,81,6,32,158,63,64,65,52,67,18,69,70,71,157,73,74,75,76,58,78,79,80,61,82,83,146,85,86,87,88,160,90,91,138,95,94,172,105,97,109,99,84,101,102,100,129,96,117,107,108,98,110,111,112,113,114,195,116,16,30,119,178,47,122,151,124,125,126,127,128,104,130,26,132,139,173,135,136,137,17,121,140,141,142,143,144,133,103,147,148,149,150,123,152,153,183,155,156,72,62,159,162,161,37,163,164,165,166,167,168,169,170,171,93,134,174,175,176,177,120,179,180,181,22,154,43,185,48,187,188,189,12,191,192,193,194,115,196,197,198,199,];False
8175;9518;17693;[0,1,59,3,4,5,60,7,8,42,10,11,190,13,23,15,118,92,68,19,20,21,182,14,24,25,131,27,28,29,106,31,2,33,34,35,55,66,38,39,40,41,9,184,44,45,46,145,186,49,50,51,89,83,54,36,56,57,77,81,6,32,158,63,64,65,52,67,18,69,70,71,157,73,74,75,76,58,78,79,80,61,82,53,146,85,86,87,88,160,90,91,138,95,94,172,105,97,109,99,84,101,102,100,129,96,117,107,108,98,110,111,112,113,114,195,116,16,30,119,178,47,122,151,124,125,126,127,128,104,130,26,132,139,173,135,136,137,17,121,140,141,142,143,144,133,103,147,148,149,150,123,152,153,154,155,156,72,62,159,162,161,37,163,164,165,166,167,168,169,170,171,93,134,174,175,176,177,120,179,180,181,22,183,43,185,48,187,188,189,12,191,192,193,194,115,196,197,198,199,];False
8120;9565;17685;[0,1,59,3,4,5,60,7,8,42,10,11,190,13,23,15,118,92,68,19,20,21,182,14,24,25,131,27,28,29,106,31,2,33,34,35,55,66,38,39,173,41,9,184,44,45,46,145,186,49,50,51,89,53,54,36,56,57,77,81,6,32,158,63,64,65,52,67,18,69,70,71,157,73,74,75,76,58,78,79,80,61,82,83,146,85,86,87,88,160,90,91,138,95,94,172,105,97,109,99,84,101,102,100,129,96,117,107,108,98,110,111,112,113,114,195,116,16,30,119,178,47,122,151,124,125,126,127,128,104,130,26,132,139,40,135,136,137,17,121,140,141,142,143,144,133,103,147,148,149,150,123,152,153,183,155,156,72,62,159,162,161,37,163,164,165,166,167,168,169,170,171,93,134,174,175,176,177,120,179,180,181,22,154,43,185,48,187,188,189,12,191,192,193,194,115,196,197,198,199,];False
8128;9554;17682;[0,1,59,3,4,5,60,7,8,42,10,11,190,13,23,15,118,92,68,19,20,21,182,14,24,25,131,27,28,29,106,31,2,33,34,35,55,66,38,39,40,41,9,184,44,45,46,145,186,49,50,51,89,53,54,36,56,57,77,81,6,32,158,63,64,65,52,67,18,69,70,71,157,73,74,75,76,58,78,79,80,61,82,83,146,85,86,87,88,160,90,91,138,95,94,172,105,97,109,99,84,101,102,100,129,96,117,107,108,98,110,111,112,113,114,195,116,16,30,119,178,47,122,151,124,125,126,180,128,104,130,26,132,139,173,135,136,137,17,121,140,141,142,143,144,133,103,147,148,149,150,123,152,153,154,155,156,72,62,159,162,161,37,163,164,165,166,167,168,169,170,171,93,134,174,175,176,177,120,179,127,181,22,183,43,185,48,187,188,189,12,191,192,193,194,115,196,197,198,199,];False
8120;9559;17679;[0,1,59,3,4,5,60,7,8,42,10,11,190,13,23,15,118,92,68,19,20,21,182,14,24,25,62,27,28,29,106,31,2,33,34,35,55,66,38,39,40,41,9,184,44,45,46,145,186,49,50,51,89,53,54,36,56,57,77,81,6,32,158,63,64,65,52,67,18,69,70,71,157,73,74,75,76,58,78,79,80,61,82,83,146,85,86,87,88,160,90,91,138,95,94,172,105,97,109,99,84,101,102,100,129,96,117,107,108,98,110,111,112,113,114,195,116,16,30,119,178,47,122,151,124,125,126,127,128,104,130,26,132,139,173,135,136,137,17,121,140,141,142,143,144,133,103,147,148,149,150,123,152,153,154,155,156,72,131,159,162,161,37,163,164,165,166,167,168,169,170,171,93,134,174,175,176,177,120,179,180,181,22,183,43,185,48,187,188,189,12,191,192,193,194,115,196,197,198,199,];False
8114;9563;17677;[0,1,59,3,4,5,60,7,8,42,10,11,190,13,23,15,118,92,68,19,20,21,182,14,24,25,131,27,28,29,106,31,2,33,34,35,55,66,38,39,40,41,9,184,44,45,46,145,186,49,50,51,89,53,54,36,56,57,77,81,6,32,158,63,64,65,52,67,18,69,70,71,157,73,74,75,122,58,78,79,80,61,82,83,146,85,86,87,88,160,90,91,138,95,94,172,105,97,109,99,84,101,102,100,129,96,117,107,108,98,110,111,112,113,114,195,116,16,30,119,178,47,76,151,124,125,126,127,128,104,130,26,132,139,173,135,136,137,17,121,140,141,142,143,144,133,103,147,148,149,150,123,152,153,154,155,156,72,62,159,162,161,37,163,164,165,166,167,168,169,170,171,93,134,174,175,176,177,120,179,180,181,22,183,43,185,48,187,188,189,12,191,192,193,194,115,196,197,198,199,];False
8057;9604;17661;[0,1,59,3,4,5,60,7,8,42,10,11,190,13,23,15,118,92,68,19,20,21,182,14,24,25,131,27,28,29,106,31,2,33,34,35,55,66,38,39,40,41,9,184,44,45,46,145,186,49,50,51,89,53,54,36,56,57,77,81,6,32,158,63,64,65,52,67,18,69,70,71,157,73,74,75,76,58,78,79,80,61,82,83,146,85,86,87,88,160,90,91,138,95,94,172,105,97,109,99,84,101,102,100,129,96,117,107,108,98,110,111,112,113,114,195,116,16,30,119,178,47,122,125,124,151,126,127,128,104,130,26,132,139,173,135,136,137,17,121,140,141,142,143,144,133,103,147,148,149,150,123,152,153,183,155,156,72,62,159,162,161,37,163,164,165,166,167,168,169,170,171,93,134,174,175,176,177,120,179,180,181,22,154,43,185,48,187,188,189,12,191,192,193,194,115,196,197,198,199,];False
8089;9570;17659;[0,1,185,3,4,5,60,7,8,42,102,192,190,13,23,15,118,92,68,19,20,21,182,14,24,25,131,27,28,29,106,31,2,33,34,35,55,66,38,39,40,41,9,184,44,45,46,145,186,49,50,51,89,53,54,36,56,57,77,81,6,32,158,63,64,65,52,67,18,69,70,71,157,73,74,75,76,58,78,79,80,61,82,83,146,85,86,87,88,160,90,91,138,95,94,172,105,97,109,99,84,101,10,100,129,96,117,107,108,98,110,111,112,113,114,195,116,16,30,119,178,47,122,151,124,125,126,127,128,104,130,26,132,139,173,135,136,137,17,121,140,141,142,143,144,133,103,147,148,149,150,123,152,153,183,155,156,72,62,159,162,161,37,163,164,165,166,167,168,169,170,171,93,134,174,175,176,177,120,179,180,181,22,154,43,59,48,187,188,189,12,191,11,193,194,115,196,197,198,199,];False
8018;9639;17657;[0,1,185,3,4,5,60,7,8,42,10,192,190,13,23,15,118,92,68,19,20,195,182,14,24,25,131,27,28,29,106,31,2,33,34,35,55,66,38,39,40,41,9,184,44,45,46,145,186,49,50,51,89,53,54,36,56,57,77,81,6,84,158,63,64,65,52,67,18,69,70,71,157,73,74,75,76,58,78,79,80,61,82,83,146,85,86,87,88,160,90,91,138,95,94,172,105,97,109,99,32,134,102,100,129,96,117,107,108,98,110,111,112,113,114,21,116,16,30,119,178,47,122,151,124,125,126,127,128,104,130,26,132,139,173,135,136,137,17,121,140,141,142,143,144,133,103,147,148,149,150,123,152,153,183,155,156,72,62,159,162,161,37,163,164,165,166,167,168,169,170,171,93,101,174,175,176,177,120,179,180,181,22,154,43,59,48,187,188,189,12,191,11,193,194,115,196,197,198,199,];False
8069;9580;17649;[0,1,59,3,4,5,60,7,8,42,10,11,190,13,23,15,118,92,68,19,20,21,182,14,24,25,131,27,28,29,106,31,2,33,34,35,55,66,38,39,40,41,9,184,44,45,46,145,186,49,50,51,89,53,54,36,56,57,77,81,6,32,158,63,64,65,52,67,18,69,70,71,157,73,74,75,76,58,78,79,80,61,82,83,146,85,86,87,88,160,90,91,138,95,94,172,105,97,109,99,84,101,102,100,129,96,117,107,108,98,110,111,112,113,114,195,116,16,30,119,178,47,122,151,124,125,126,127,128,104,130,26,132,139,173,135,136,137,17,121,140,141,142,143,144,133,103,147,148,149,150,123,152,153,154,155,156,72,62,159,162,161,37,163,164,165,166,167,168,169,170,171,93,134,174,175,176,177,120,179,180,181,22,183,43,185,48,187,188,189,12,191,192,193,194,115,196,197,198,199,];False
8071;9573;17644;[0,1,185,3,4,5,60,7,8,42,10,192,190,13,23,15,118,92,68,19,20,21,182,14,24,25,131,27,28,29,106,31,2,33,34,35,55,66,38,39,40,41,9,184,44,45,46,145,186,49,50,51,89,53,54,36,56,57,77,81,6,32,158,63,64,65,52,67,18,69,70,71,157,73,74,75,76,58,78,79,80,61,82,83,146,85,86,87,88,160,90,91,138,95,94,172,105,97,109,99,84,101,102,100,129,96,167,107,108,98,110,111,112,113,114,195,116,16,30,119,178,47,122,151,124,125,126,127,128,104,130,26,132,139,173,135,136,137,17,121,140,141,142,143,144,133,103,147,148,149,150,123,152,153,183,155,156,72,62,159,162,161,37,163,164,165,166,117,168,169,170,171,93,134,174,175,176,177,120,179,180,181,22,154,43,59,48,187,188,189,12,191,11,193,194,115,196,197,198,199,];False
8084;9559;17643;[0,1,185,3,4,5,60,7,8,42,66,192,190,13,23,15,118,92,68,19,20,21,182,14,24,25,131,27,28,29,106,31,2,33,34,35,55,10,38,39,40,41,9,184,44,45,46,145,186,49,50,51,89,53,54,36,56,57,77,81,6,32,158,63,64,65,52,67,18,69,70,71,157,73,74,75,76,58,78,79,80,61,82,83,146,85,86,87,88,160,90,91,138,95,94,172,105,97,109,99,84,101,102,100,129,96,117,107,108,98,110,111,112,113,114,195,116,16,30,119,178,47,122,151,124,125,126,127,128,104,130,26,132,139,173,135,136,137,17,121,140,141,142,143,144,133,103,147,148,149,150,123,152,153,183,155,156,72,62,159,162,161,37,163,164,165,166,167,168,169,170,171,93,134,174,175,176,177,120,179,180,181,22,154,43,59,48,187,188,189,12,191,11,193,194,115,196,197,198,199,];False
7987;9640;17627;[0,1,185,3,4,5,60,7,8,42,100,192,190,13,23,15,118,92,68,19,20,195,182,14,24,25,131,27,28,29,106,31,2,33,34,35,55,66,38,39,40,41,9,6,44,45,46,145,186,49,50,51,89,53,54,36,56,57,77,81,184,32,158,63,64,65,52,67,18,69,70,71,157,73,74,75,76,58,78,79,80,61,82,83,146,85,86,87,88,160,90,91,138,95,94,172,105,97,109,99,84,134,102,10,129,96,117,107,108,98,110,111,112,113,114,21,116,16,30,119,178,47,122,151,124,125,126,127,128,104,130,26,132,139,173,135,136,137,17,121,140,141,142,143,144,133,103,147,148,149,150,123,152,153,183,155,156,72,62,159,162,161,37,163,164,165,166,167,168,169,170,171,93,101,174,175,176,177,120,179,180,181,22,154,43,59,48,187,188,189,12,191,11,193,194,115,196,197,198,199,];False
8013;9609;17622;[0,1,185,3,4,5,60,7,8,42,10,192,190,13,23,15,118,92,68,19,20,21,182,14,24,25,131,27,28,29,106,31,2,33,34,35,55,66,38,39,40,41,9,184,44,45,46,145,186,49,50,51,89,53,54,36,56,57,77,81,6,32,158,63,64,65,52,67,18,69,70,71,157,73,74,75,76,58,78,79,80,61,82,83,146,85,86,87,88,160,90,91,138,95,94,172,105,97,109,99,84,101,102,100,129,96,117,107,108,98,110,111,112,113,114,195,116,16,30,119,178,47,122,151,124,125,126,127,173,104,130,26,132,139,128,135,136,137,17,121,140,141,142,143,144,133,103,147,148,149,150,123,152,153,183,155,156,72,62,159,162,161,37,163,164,165,166,167,168,169,170,171,93,134,174,175,176,177,120,179,180,181,22,154,43,59,48,187,188,189,12,191,11,193,194,115,196,197,198,199,];False
8047;9573;17620;[0,1,59,3,4,5,60,7,8,42,10,11,190,13,23,15,118,92,68,19,20,21,182,14,24,25,131,27,28,29,106,31,2,33,34,35,55,66,38,39,40,41,9,184,44,45,46,145,186,49,50,51,89,53,54,36,56,57,77,81,6,32,158,63,64,65,52,67,18,69,70,71,157,73,74,75,76,58,78,79,80,61,82,83,146,85,86,87,88,160,90,91,138,95,94,172,105,97,109,99,84,101,102,100,129,96,117,107,108,98,110,111,112,113,114,195,116,16,30,119,178,47,122,151,124,125,126,127,128,104,130,26,132,139,173,135,136,137,17,121,140,141,142,143,144,133,103,147,148,149,150,123,152,153,183,155,156,72,62,159,162,161,37,163,164,165,166,167,168,169,170,171,93,134,174,175,176,177,120,179,180,181,22,154,43,185,48,187,188,189,12,191,192,193,194,115,196,197,198,199,];False
8063;9557;17620;[0,1,185,3,4,5,60,7,8,42,10,192,190,13,23,15,118,92,68,19,20,21,182,14,24,25,131,27,28,29,106,31,2,33,34,35,55,66,38,39,40,41,9,184,44,45,46,145,186,49,50,51,89,53,54,36,56,57,77,81,6,32,158,63,64,65,52,67,18,69,70,71,157,73,74,75,76,58,78,79,80,61,82,83,146,85,86,87,88,160,90,91,138,95,94,172,105,97,109,99,84,101,102,169,129,96,117,107,108,98,110,111,112,113,114,195,116,16,30,119,178,47,122,151,124,125,126,127,128,104,130,26,132,139,173,135,136,137,17,121,140,141,142,143,144,133,103,147,148,149,150,123,152,153,183,155,156,72,62,159,162,161,37,163,164,165,166,167,168,100,170,171,93,134,174,175,176,177,120,179,180,181,22,154,43,59,48,187,188,189,12,191,11,193,194,115,196,197,198,199,];False
7976;9637;17613;[0,1,185,3,4,5,60,7,8,42,10,192,190,13,23,15,118,92,68,19,20,195,182,14,24,25,131,27,28,29,106,31,2,33,34,35,55,66,38,39,40,41,9,6,44,45,46,145,186,49,50,51,89,53,54,36,56,57,77,81,184,32,158,63,64,65,52,67,18,69,70,71,157,73,74,75,76,58,78,79,80,61,82,83,146,85,86,87,88,160,90,91,138,95,94,172,105,97,109,99,84,134,102,100,129,96,117,107,108,98,110,111,112,113,114,21,116,16,30,119,178,47,122,151,124,125,126,127,128,104,130,26,132,139,173,135,136,137,17,121,140,141,142,143,144,133,103,147,148,149,150,123,152,153,183,155,156,72,62,168,162,161,37,163,164,165,166,167,159,169,170,171,93,101,174,175,176,177,120,179,180,181,22,154,43,59,48,187,188,189,12,191,11,193,194,115,196,197,198,199,];False
7989;9607;17596;[0,1,185,3,4,5,60,7,8,42,10,192,190,13,23,15,118,92,68,145,20,195,182,14,24,25,131,27,28,29,106,31,2,33,34,35,55,66,38,39,40,41,9,6,44,45,46,19,186,49,50,51,89,53,54,36,56,57,77,81,184,32,158,63,64,65,52,67,18,69,70,71,157,73,74,75,76,58,78,79,80,61,82,83,146,85,86,87,88,160,90,91,138,95,94,172,105,97,109,99,84,134,102,100,129,96,117,107,108,98,110,111,112,113,114,21,116,16,30,119,178,47,122,151,124,125,126,127,128,104,130,26,132,139,173,135,136,137,17,121,140,141,142,143,144,133,103,147,148,149,150,123,152,153,183,155,156,72,62,159,162,161,37,163,164,165,166,167,168,169,170,171,93,101,174,175,176,177,120,179,180,181,22,154,43,59,48,187,188,189,12,191,11,193,194,115,196,197,198,199,];False
7977;9599;17576;[0,1,185,3,4,5,60,7,8,42,10,192,190,13,23,15,118,92,68,19,20,195,182,14,24,25,131,27,28,29,106,31,2,33,34,35,55,66,38,39,40,41,9,184,44,45,46,145,186,49,50,51,89,53,54,36,56,57,77,81,6,32,158,63,64,65,52,67,18,69,70,71,157,73,74,75,76,58,78,79,80,61,82,83,146,85,86,87,88,160,90,91,138,95,94,172,105,97,109,99,84,134,102,100,129,96,117,107,108,98,110,111,112,113,114,21,116,16,30,119,178,47,122,151,124,125,126,127,128,104,130,26,132,139,173,135,136,137,17,121,140,141,142,143,144,133,103,187,148,149,150,123,152,153,183,155,156,72,62,159,162,161,37,163,164,165,166,167,168,169,170,171,93,101,174,175,176,177,120,179,180,181,22,154,43,59,48,147,188,189,12,191,11,193,194,115,196,197,198,199,];False
8005;9563;17568;[0,1,59,3,4,5,60,7,8,42,10,192,190,13,23,15,118,92,68,19,20,21,182,14,24,25,131,27,28,29,106,31,2,33,34,35,55,66,38,39,40,41,9,184,44,45,46,145,186,49,50,51,89,53,54,36,56,57,77,81,6,32,158,63,64,65,52,67,18,69,70,71,157,73,74,75,76,58,78,79,80,61,82,83,146,85,86,87,88,160,90,91,138,95,94,172,105,97,109,99,84,101,102,100,129,96,117,107,108,98,110,111,112,113,114,195,116,16,30,119,178,47,122,151,124,125,126,127,128,104,130,26,132,139,173,135,136,137,17,121,140,141,142,143,144,133,103,147,148,149,150,123,152,153,183,155,156,72,62,159,162,161,37,163,164,165,166,167,168,169,170,171,93,134,174,175,176,177,120,179,180,181,22,154,43,185,48,187,188,189,12,191,11,193,194,115,196,197,198,199,];False
7988;9558;17546;[0,1,185,3,4,5,60,7,8,42,10,192,190,13,23,15,118,92,68,19,20,21,182,14,24,25,131,27,28,29,106,31,2,33,34,35,55,66,38,39,40,41,9,184,44,45,46,145,186,49,50,51,89,53,54,36,56,57,77,81,6,32,158,63,64,65,52,67,18,69,70,71,157,73,74,75,76,58,78,79,80,61,82,83,146,85,86,87,88,160,90,91,138,95,94,172,105,97,109,99,84,101,102,100,129,96,117,107,108,98,110,111,112,113,114,195,116,16,30,119,178,47,122,151,124,125,126,127,128,104,130,26,132,139,173,152,136,137,17,121,140,141,142,143,144,133,103,147,148,149,150,123,135,153,183,155,156,72,62,159,162,161,37,163,164,165,166,167,168,169,170,171,93,134,174,175,176,177,120,179,180,181,22,154,43,59,48,187,188,189,12,191,11,193,194,115,196,197,198,199,];False
7938;9606;17544;[0,1,185,3,4,5,60,7,8,42,10,192,190,13,23,15,118,92,68,19,20,195,182,14,24,25,131,27,28,29,106,31,2,33,34,35,55,66,38,39,40,41,9,184,44,45,46,145,186,49,50,51,89,53,54,36,56,57,77,81,6,32,158,63,64,65,52,67,18,69,70,71,157,73,74,75,76,58,78,79,80,61,82,83,146,85,86,87,88,160,90,91,138,95,94,172,105,97,109,99,84,101,102,100,129,96,117,107,108,98,110,111,112,113,114,21,116,16,30,119,178,47,122,151,124,125,126,127,128,104,130,26,132,139,173,135,136,137,17,121,140,141,142,143,144,133,103,147,148,149,150,123,152,153,183,155,156,72,62,159,162,161,37,163,164,165,166,167,168,169,170,171,93,134,174,175,176,177,120,179,180,181,22,154,43,59,48,187,188,189,12,191,11,193,194,115,196,197,198,199,];False
7918;9622;17540;[0,1,185,3,4,5,60,7,8,42,10,192,190,13,23,15,118,92,68,19,20,195,182,14,24,25,131,27,28,29,106,31,2,33,34,35,55,66,38,39,40,41,9,6,44,45,46,145,186,49,50,51,89,53,54,36,56,57,77,81,184,32,158,63,64,65,52,67,18,69,70,71,157,73,74,75,76,58,78,79,80,61,82,83,146,85,86,87,88,160,90,91,138,95,94,172,105,97,109,99,84,134,102,100,129,96,117,107,108,98,110,111,112,113,114,21,116,16,30,119,178,47,122,167,124,125,126,127,128,104,130,26,132,139,173,135,136,137,17,121,140,141,142,143,144,133,103,147,148,149,150,123,152,153,183,155,156,72,62,159,162,161,37,163,164,165,166,151,168,169,170,171,93,101,174,175,176,177,120,179,180,181,22,154,43,59,48,187,188,189,12,191,11,193,194,115,196,197,198,199,];False
7938;9576;17514;[0,1,185,3,4,5,60,7,8,42,10,192,190,13,23,15,118,92,68,19,20,195,182,14,24,25,131,27,28,29,106,31,2,33,34,35,55,66,38,39,40,41,9,6,44,45,46,145,186,49,50,51,89,53,54,36,56,57,77,81,184,32,158,63,64,65,52,67,18,69,70,71,157,73,74,75,76,58,78,79,80,61,82,83,146,85,86,87,88,160,90,91,138,95,94,172,105,97,109,99,84,134,102,100,129,96,117,107,108,98,110,111,112,113,114,21,116,16,30,119,178,47,122,151,124,125,126,127,128,104,130,26,132,139,173,135,136,137,17,121,140,141,142,143,144,133,103,147,148,149,150,123,152,153,183,155,156,72,62,159,162,161,37,174,164,165,166,167,168,169,170,179,93,101,163,175,176,177,120,171,180,181,22,154,43,59,48,187,188,189,12,191,11,193,194,115,196,197,198,199,];False
7902;9603;17505;[0,1,185,3,4,5,60,7,8,42,10,192,190,13,23,15,118,92,68,85,20,195,182,14,24,25,131,27,28,29,106,31,2,33,34,35,55,66,38,39,40,41,9,6,44,45,46,145,186,49,50,51,89,53,54,36,56,57,77,81,184,32,158,63,64,65,52,67,18,69,70,71,157,73,74,75,76,58,78,79,80,61,82,83,146,19,86,87,88,160,90,91,138,95,94,172,105,97,109,99,84,134,102,100,129,96,117,107,108,98,110,111,112,113,114,21,116,16,30,119,178,47,122,151,124,125,126,127,128,104,130,26,132,139,173,135,136,137,17,121,140,141,142,143,144,133,103,147,148,149,150,123,152,153,183,155,156,72,62,159,162,161,37,163,164,165,166,167,168,169,170,171,93,101,174,175,176,177,120,179,180,181,22,154,43,59,48,187,188,189,12,191,11,193,194,115,196,197,198,199,];False
7918;9587;17505;[0,1,185,3,4,5,60,7,8,42,10,192,190,13,23,15,118,92,68,19,20,195,182,14,24,25,131,27,28,29,106,31,2,33,34,35,55,66,38,39,40,41,9,184,44,45,46,145,186,49,50,51,89,53,54,36,56,57,77,81,6,32,158,63,64,65,52,67,18,69,70,71,157,73,74,75,76,58,78,79,80,61,82,83,146,85,86,22,88,160,90,91,138,95,94,172,105,97,109,99,84,134,102,100,129,96,117,107,108,98,110,111,112,113,114,21,116,16,30,119,178,47,122,151,124,125,126,127,128,104,130,26,132,139,173,135,136,137,17,121,140,141,142,143,144,133,103,147,148,149,150,123,152,153,183,155,156,72,62,159,162,161,37,163,164,165,166,167,168,169,170,171,93,101,174,175,176,177,120,179,180,181,87,154,43,59,48,187,188,189,12,191,11,193,194,115,196,197,198,199,];False
7927;9575;17502;[0,1,185,3,4,5,60,7,8,42,74,192,190,13,23,15,118,92,68,19,20,195,182,14,24,25,131,27,28,29,106,31,2,33,34,35,55,66,38,39,40,41,9,6,44,45,46,145,186,49,50,51,89,53,54,36,56,57,77,81,184,32,158,63,64,65,52,67,18,69,70,71,157,73,10,75,76,58,78,79,80,61,82,83,146,85,86,87,88,160,90,91,138,95,94,172,105,97,109,99,84,134,102,100,129,96,117,107,108,98,110,111,112,113,114,21,116,16,30,119,178,47,122,151,124,125,126,127,128,104,130,26,132,139,173,135,136,137,17,121,140,141,142,143,144,133,103,147,148,149,150,123,152,153,183,155,156,72,62,159,162,161,37,174,164,165,166,167,168,169,170,171,93,101,163,175,176,177,120,179,180,181,22,154,43,59,48,187,188,189,12,191,11,193,194,115,196,197,198,199,];False
7889;9608;17497;[0,1,185,3,4,5,60,7,8,42,10,192,190,13,23,15,118,92,68,19,20,195,182,14,24,25,131,27,28,29,106,31,2,33,34,35,55,66,38,39,40,41,9,6,44,45,46,145,186,49,50,51,89,53,54,36,56,57,77,81,184,32,158,63,64,65,52,67,18,69,70,71,157,73,47,75,76,58,78,79,80,61,82,83,146,85,86,87,88,160,90,91,138,95,94,172,105,97,109,99,84,134,102,100,129,96,117,107,108,98,110,111,112,113,114,21,116,16,30,119,178,74,122,151,124,125,126,127,128,104,130,26,132,139,173,135,136,137,17,121,140,141,142,143,144,133,103,147,148,149,150,123,152,153,183,155,156,72,62,159,162,161,37,174,164,165,166,167,168,169,170,171,93,101,163,175,176,177,120,179,180,181,22,154,43,59,48,187,188,189,12,191,11,193,194,115,196,197,198,199,];False
7943;9552;17495;[0,1,185,3,4,5,60,7,8,42,10,192,190,13,23,15,118,92,68,19,20,21,182,14,24,25,131,27,28,29,106,31,2,33,34,35,55,66,38,39,40,41,9,184,44,45,46,145,186,49,50,51,89,53,54,36,56,57,77,81,6,32,158,63,64,65,52,67,18,69,70,71,157,73,74,75,76,58,78,79,80,61,82,83,146,85,86,87,88,160,90,91,138,95,94,172,105,97,109,99,84,101,102,100,129,96,117,107,108,98,110,111,112,113,114,195,116,16,30,119,178,47,122,151,124,125,126,127,128,104,130,26,132,139,173,135,136,137,17,121,140,141,142,143,144,133,103,147,148,149,150,123,152,153,183,155,156,72,62,159,162,161,37,163,164,165,166,167,168,169,170,171,93,134,174,175,176,177,120,179,180,181,22,154,43,59,48,187,188,189,12,191,11,193,194,115,196,197,198,199,];False
7844;9620;17464;[0,1,185,3,4,5,60,7,8,42,10,192,190,13,23,15,118,92,68,19,20,195,182,14,24,25,131,27,28,29,106,31,2,33,34,35,55,66,38,39,40,41,9,184,44,45,46,145,186,49,50,51,89,53,54,36,56,57,77,81,6,32,158,63,64,65,52,67,18,69,70,71,157,73,74,75,76,58,78,79,80,61,82,83,146,85,86,87,88,160,90,91,138,95,94,172,105,97,109,99,84,134,102,100,129,96,117,107,108,98,110,111,112,113,114,21,116,16,30,119,178,47,122,151,124,125,126,127,128,104,130,26,132,139,173,135,136,137,17,121,140,141,142,143,144,133,103,147,148,149,150,123,152,153,183,155,156,72,62,159,162,161,37,163,164,165,166,167,168,169,170,171,93,101,174,175,176,177,120,179,180,181,22,154,43,59,48,187,188,189,12,191,11,193,194,115,196,197,198,199,];False
7827;9620;17447;[0,1,185,3,4,5,60,7,8,42,10,192,190,13,23,15,118,92,68,19,20,195,182,14,24,25,131,27,28,29,106,31,2,33,34,35,55,66,38,39,40,41,9,6,44,45,46,145,186,49,50,51,89,53,54,36,56,57,77,81,184,32,158,63,64,65,52,67,18,69,70,71,157,73,74,75,76,58,78,79,80,61,82,83,146,85,86,87,88,160,90,91,138,95,94,172,105,97,109,99,84,134,102,100,129,96,117,107,108,98,110,111,112,113,114,21,116,16,30,119,178,47,122,151,124,125,126,127,128,104,130,26,132,139,173,135,136,137,17,121,140,141,142,143,144,133,103,147,148,149,150,123,152,153,183,155,156,72,62,159,162,161,37,163,164,165,166,167,168,169,170,171,93,101,174,175,176,177,120,179,180,181,22,154,43,59,48,187,188,189,12,191,11,193,194,115,196,197,198,199,];False
7856;9577;17433;[0,1,185,3,4,5,60,7,8,42,10,192,190,13,23,15,118,92,68,19,20,195,182,14,24,25,131,27,28,29,106,31,2,33,34,35,55,66,38,39,40,41,9,6,44,45,46,145,186,49,50,51,89,53,54,36,56,57,77,81,184,32,158,63,64,65,52,67,18,115,70,71,157,73,74,75,76,58,78,79,80,61,82,83,146,85,86,87,88,160,90,91,138,95,94,172,105,97,109,99,84,134,102,100,129,96,117,107,108,98,110,111,112,113,114,21,116,16,30,119,178,47,122,151,124,125,126,127,128,104,130,26,132,139,173,135,136,137,17,121,140,141,142,143,144,133,103,147,148,149,150,123,152,153,183,155,156,72,62,159,162,161,37,174,164,165,166,167,168,169,170,171,93,101,163,175,176,177,120,179,180,181,22,154,43,59,48,187,188,189,12,191,11,193,194,69,196,197,198,199,];False
7849;9573;17422;[0,1,185,3,4,5,60,7,8,42,10,192,190,13,23,15,118,92,68,19,20,195,182,14,24,25,131,27,28,29,106,31,2,33,34,35,55,66,38,39,40,41,9,6,44,45,46,145,186,49,50,51,89,53,54,36,56,57,77,81,184,32,158,63,64,65,52,67,18,69,70,71,157,73,74,75,76,58,78,79,80,61,151,83,146,85,86,87,88,160,90,91,138,95,94,172,105,97,109,99,84,134,102,100,129,96,117,107,108,98,110,111,112,113,114,21,116,16,30,119,178,47,122,82,124,125,126,127,128,104,130,26,132,139,173,135,136,137,17,121,140,141,142,143,144,133,103,147,148,149,150,123,152,153,183,155,156,72,62,159,162,161,37,174,164,165,166,167,168,169,170,171,93,101,163,175,176,177,120,179,180,181,22,154,43,59,48,187,188,189,12,191,11,193,194,115,196,197,198,199,];False
7826;9569;17395;[0,1,136,3,4,57,60,7,8,42,10,192,190,13,23,15,118,92,68,19,20,195,182,14,24,25,131,27,28,29,106,31,2,33,34,35,55,66,38,39,40,41,9,6,44,45,46,145,21,49,50,51,89,53,54,36,56,5,77,81,184,32,158,63,64,65,52,67,18,69,70,71,157,73,74,75,76,58,78,79,80,185,82,83,146,85,86,87,88,160,150,91,138,95,94,147,105,97,109,99,84,134,102,100,129,96,117,107,108,98,110,111,112,113,114,186,116,16,30,119,178,47,122,151,11,125,126,127,128,104,130,26,132,139,173,135,61,137,17,121,140,141,142,143,144,133,103,172,148,149,90,123,152,153,183,155,156,72,62,159,162,161,37,174,164,165,166,167,168,169,170,171,93,101,163,175,176,177,120,179,180,181,22,154,43,59,48,187,188,189,12,191,124,193,194,115,196,197,198,199,];False
7821;9565;17386;[0,1,185,3,4,5,60,7,8,42,10,192,190,13,23,15,118,92,68,19,20,195,182,14,24,25,131,27,28,29,106,31,2,33,34,35,55,66,38,39,40,41,9,6,44,45,46,145,186,49,50,51,89,53,54,36,56,57,77,81,184,32,158,63,64,65,52,67,18,69,70,71,157,73,74,75,76,58,78,79,80,61,82,83,146,85,86,87,88,160,90,91,138,95,94,172,105,97,109,99,84,134,102,100,129,96,117,107,108,98,110,111,112,113,114,21,116,16,30,119,178,47,122,151,124,125,126,127,128,104,130,26,132,139,173,135,136,137,17,121,140,141,142,143,144,133,103,147,148,149,150,123,152,153,183,155,156,72,62,159,162,161,37,174,164,165,166,167,168,169,170,171,93,101,163,175,176,177,120,179,180,181,22,154,43,59,48,187,188,189,12,191,11,193,194,115,196,197,198,199,];False
7804;9579;17383;[0,1,136,3,4,5,60,7,8,42,10,192,190,13,23,15,118,92,68,19,20,195,182,14,24,25,131,27,28,29,106,31,2,33,34,35,55,66,38,39,40,41,9,6,44,45,46,145,186,49,50,51,89,53,54,36,56,57,77,81,184,32,158,63,64,65,52,67,18,69,70,71,157,73,74,75,76,58,78,79,80,61,82,83,146,85,86,87,88,160,90,91,138,95,94,172,105,97,109,99,84,134,102,100,129,96,117,107,108,98,110,111,112,113,114,21,116,16,30,119,178,47,122,151,124,125,126,127,128,104,130,26,132,139,173,135,185,137,17,121,140,141,142,143,144,133,103,147,148,149,150,123,152,153,183,155,156,72,62,159,162,161,37,174,164,165,166,167,168,169,170,171,93,101,163,175,176,177,120,179,180,181,22,154,43,59,48,187,188,189,12,191,11,193,194,115,196,197,198,199,];False
7769;9575;17344;[0,1,136,3,4,57,60,7,8,42,10,192,190,13,23,15,118,74,68,19,20,195,182,14,24,25,131,27,28,29,106,31,2,33,34,35,55,66,38,39,40,41,9,6,44,45,46,145,21,49,50,51,89,53,54,36,56,5,77,81,184,32,158,63,64,65,52,67,18,69,70,71,157,73,92,75,76,58,78,79,80,61,82,83,146,85,86,87,88,160,150,91,138,95,94,147,105,97,109,99,84,134,102,100,129,96,117,107,108,98,110,111,112,113,114,186,116,16,30,119,178,47,122,151,11,125,126,127,128,104,130,26,132,139,173,135,185,137,17,121,140,141,142,143,144,133,103,172,148,149,90,123,152,153,183,155,156,72,62,159,162,161,37,174,164,165,166,167,168,169,170,171,93,101,163,175,176,177,120,179,180,181,22,154,43,59,48,187,188,189,12,191,124,193,194,115,196,197,198,199,];False
7783;9558;17341;[0,1,136,3,4,5,60,7,8,42,10,192,190,13,23,15,118,92,68,52,20,195,182,14,24,25,131,27,28,29,106,31,2,33,34,35,55,66,38,39,40,41,9,6,44,45,46,145,21,49,50,51,89,53,54,36,56,57,77,81,184,32,158,63,64,65,19,67,18,69,70,71,157,73,74,75,76,58,78,79,80,61,82,83,146,85,86,87,88,160,150,91,138,95,94,172,105,97,109,99,84,134,102,100,129,96,117,107,108,98,110,111,112,113,114,186,116,16,30,119,178,47,122,151,124,125,126,127,128,104,130,26,132,139,173,135,185,137,17,121,140,141,142,143,144,133,103,147,148,149,90,123,152,153,183,155,156,72,62,159,162,161,37,174,164,165,166,167,168,169,170,171,93,101,163,175,176,177,120,179,180,181,22,154,43,59,48,187,188,189,12,191,11,193,194,115,196,197,198,199,];False
7746;9556;17302;[0,1,136,3,4,5,60,7,8,42,10,192,190,13,23,15,118,92,68,19,20,195,182,14,24,25,131,27,28,29,106,31,2,33,34,35,55,66,38,39,40,41,9,6,44,45,46,145,21,49,50,51,89,53,54,36,56,57,77,81,184,32,158,63,64,65,52,67,18,69,70,71,157,73,74,75,76,58,78,79,80,61,82,83,146,85,86,87,88,160,90,91,138,95,94,172,105,97,109,99,84,134,102,100,129,96,117,107,108,98,110,111,112,113,114,186,116,16,30,119,178,47,122,151,124,125,126,127,128,104,130,26,132,139,173,135,185,137,17,121,140,141,142,143,144,133,103,147,148,149,150,123,152,153,183,155,156,72,62,159,162,161,37,174,164,165,166,167,168,169,170,171,93,101,163,175,176,177,120,179,180,181,22,154,43,59,48,187,188,189,12,191,11,193,194,115,196,197,198,199,];False
7825;9470;17295;[0,1,136,3,4,57,60,7,8,42,10,192,190,13,23,15,118,92,87,19,20,195,182,123,24,25,131,27,28,29,106,31,2,33,34,35,55,66,38,39,40,41,9,6,44,45,46,145,21,49,50,51,89,53,54,36,56,5,77,81,184,32,158,63,64,65,52,67,18,69,70,71,146,73,74,75,76,58,78,79,80,61,82,83,157,85,86,68,88,160,150,91,138,95,94,147,105,97,109,99,84,134,102,100,129,96,117,107,108,98,110,111,112,113,114,186,116,16,30,119,178,47,122,151,11,125,126,127,128,104,130,26,132,139,173,135,185,137,17,121,140,189,142,143,144,133,103,172,148,149,90,14,152,153,183,155,156,72,62,159,162,161,37,174,164,165,166,167,168,169,170,171,93,101,163,175,176,177,120,179,180,181,22,154,43,59,48,187,188,141,12,191,124,193,194,115,196,197,198,199,];False
7825;9465;17290;[0,1,136,3,4,57,60,7,8,42,10,192,190,13,23,15,118,92,68,19,20,195,182,123,24,25,131,27,28,29,106,31,2,33,34,35,55,66,38,39,40,41,9,6,44,45,46,145,21,49,50,51,89,53,54,36,56,5,77,81,184,32,158,63,64,65,52,67,18,69,70,71,146,73,74,75,76,58,78,79,80,61,82,169,157,85,86,87,88,160,150,91,138,95,94,147,105,97,109,99,84,134,102,100,129,96,117,107,108,98,110,111,112,113,114,186,116,16,30,119,178,47,122,151,11,125,126,127,128,104,130,26,132,139,173,135,185,137,17,121,140,141,142,143,144,133,103,172,148,149,90,14,152,153,183,155,156,72,62,159,162,161,37,174,164,165,166,167,168,83,170,171,93,101,163,175,176,177,120,179,180,181,22,154,43,59,48,187,188,189,12,191,124,193,194,115,196,197,198,199,];False
7712;9568;17280;[0,1,136,3,4,5,60,7,8,42,10,192,190,13,23,15,118,92,68,19,20,195,182,14,24,25,131,27,28,29,106,31,2,33,34,35,55,66,38,39,40,41,9,6,44,45,46,145,21,49,50,51,89,53,54,36,56,57,77,81,184,32,158,63,64,65,52,67,18,69,70,71,157,73,74,75,76,58,78,79,80,61,82,83,146,85,86,87,88,160,150,91,138,95,94,172,105,97,109,99,84,134,102,100,129,96,117,107,108,98,110,111,112,113,114,186,116,16,30,119,178,47,122,151,124,125,126,127,128,104,130,26,132,139,173,135,185,137,17,121,140,141,142,143,144,133,103,147,148,149,90,123,152,153,183,155,156,72,62,159,162,161,37,174,164,165,166,167,168,169,170,171,93,101,163,175,176,177,120,179,180,181,22,154,43,59,48,187,188,189,12,191,11,193,194,115,196,197,198,199,];False
7698;9532;17230;[0,1,136,3,4,5,60,7,8,42,10,192,190,13,23,15,118,92,68,19,20,195,182,14,24,25,131,27,28,29,106,31,2,33,34,35,55,66,38,39,40,41,9,6,44,45,46,145,21,49,50,51,89,53,54,36,56,57,77,81,184,32,158,63,64,65,52,67,18,69,70,71,157,73,74,75,76,58,78,79,80,61,82,83,146,85,86,87,88,160,150,91,138,95,94,147,105,97,109,99,84,134,102,100,129,96,117,107,108,98,110,111,112,113,114,186,116,16,30,119,178,47,122,151,11,125,126,127,128,104,130,26,132,139,173,135,185,137,17,121,140,141,142,143,144,133,103,172,148,149,90,123,152,153,183,155,156,72,62,159,162,161,37,174,164,165,166,167,168,169,170,171,93,101,163,175,176,177,120,179,43,181,22,154,180,59,48,187,188,189,12,191,124,193,194,115,196,197,198,199,];False
7741;9486;17227;[0,1,136,3,4,57,60,7,8,42,10,192,190,13,23,15,118,92,68,19,20,195,182,123,24,25,131,27,28,29,106,31,2,33,34,35,55,66,38,39,40,41,9,6,44,45,46,145,21,49,50,51,89,53,54,36,56,5,77,81,184,32,158,63,64,65,52,67,11,69,70,71,146,73,74,75,76,58,78,79,80,61,82,83,157,85,86,87,88,160,150,91,138,95,94,147,105,97,109,99,84,134,102,100,129,96,117,107,108,98,110,111,112,113,114,186,116,16,30,119,178,47,122,151,18,125,126,127,128,104,130,26,132,139,173,135,185,137,17,121,140,189,142,143,144,133,103,172,148,149,90,14,152,153,183,155,156,72,62,159,162,161,37,174,164,165,166,167,168,169,170,171,93,101,163,175,176,177,120,179,180,181,22,154,43,59,48,187,188,141,12,191,124,193,194,115,196,197,198,199,];False
7681;9540;17221;[0,1,136,3,4,5,60,7,8,42,10,192,190,13,23,15,118,92,68,19,20,195,182,14,24,25,131,27,28,29,106,31,2,33,34,35,55,66,38,39,40,41,9,6,44,45,46,145,21,49,50,51,89,53,54,36,56,57,77,81,184,32,158,63,64,65,52,67,18,69,70,71,157,73,74,75,76,58,78,79,108,61,82,83,146,85,86,87,88,160,150,91,138,95,94,147,105,97,109,99,84,134,102,100,129,96,117,107,80,98,110,111,112,113,114,186,116,16,30,119,178,47,122,151,11,125,126,127,128,104,130,26,132,139,173,135,185,137,17,121,140,141,142,143,144,133,103,172,148,149,90,123,152,153,183,155,156,72,62,159,162,161,37,174,164,165,166,167,168,169,170,171,93,101,163,175,176,177,120,179,180,181,22,154,43,59,48,187,188,189,12,191,124,193,194,115,196,197,198,199,];False
7639;9563;17202;[0,1,136,3,4,5,60,7,8,42,10,192,190,13,23,15,118,92,68,19,20,195,182,14,24,25,131,27,28,29,106,31,2,33,34,35,55,66,38,39,40,41,9,6,44,45,46,145,21,49,50,51,89,53,54,36,56,57,77,81,184,32,158,63,64,65,52,67,18,69,70,71,157,73,74,75,76,58,78,79,80,61,82,83,146,85,86,87,88,160,150,91,138,95,94,172,105,97,109,99,84,134,102,100,129,96,117,107,108,98,110,111,112,113,114,186,116,16,30,119,178,47,122,151,11,125,126,127,128,104,130,26,132,139,173,135,185,137,17,121,140,141,142,143,144,133,103,147,148,149,90,123,152,153,183,155,156,72,62,159,162,161,37,174,164,165,166,167,168,169,170,171,93,101,163,175,176,177,120,179,180,181,22,154,43,59,48,187,188,189,12,191,124,193,194,115,196,197,198,199,];False
7635;9559;17194;[0,1,136,3,4,57,60,7,8,42,10,192,190,13,23,15,118,92,68,19,20,195,182,14,24,25,131,27,28,29,106,31,2,33,34,35,55,66,38,39,40,41,9,6,44,45,46,145,21,49,50,51,89,53,54,36,56,5,77,81,184,32,158,63,64,65,52,67,18,69,70,71,157,73,74,75,76,58,78,79,80,61,82,83,146,85,86,87,88,160,150,91,138,95,94,147,105,97,109,99,84,134,102,100,129,96,117,107,108,98,110,111,112,113,114,186,116,16,30,119,178,47,122,151,11,125,126,127,128,104,130,26,132,139,173,135,185,137,17,121,140,141,142,143,144,133,103,172,148,149,90,123,152,153,183,155,156,72,62,159,162,161,37,174,164,165,166,167,168,169,170,171,93,101,163,175,176,177,120,179,180,181,22,154,43,59,48,187,188,189,12,191,124,193,194,115,196,197,198,199,];False
7701;9491;17192;[0,1,136,3,4,57,60,7,45,42,10,192,190,13,23,15,118,92,68,19,20,195,182,123,24,25,131,27,28,29,106,31,2,33,34,35,55,66,38,39,40,41,9,6,44,8,46,145,21,49,50,51,89,53,54,36,56,5,77,81,184,32,158,63,64,65,52,67,18,69,70,71,146,73,74,75,76,58,78,79,80,61,82,83,157,85,86,87,88,160,150,91,138,95,94,147,105,97,109,99,84,134,102,100,129,96,117,107,108,98,110,111,112,113,114,186,116,16,30,119,178,47,122,151,11,125,126,127,128,104,130,26,132,139,173,135,185,137,17,121,140,141,142,143,144,133,103,172,148,149,90,14,152,153,183,155,156,72,62,159,162,161,37,174,164,165,166,167,168,169,170,171,93,101,163,175,176,177,120,179,180,181,22,154,43,59,48,187,188,189,12,191,124,193,194,115,196,197,198,199,];False
7639;9546;17185;[0,1,136,3,4,5,60,7,8,42,10,192,190,13,23,15,118,92,68,19,20,195,182,14,24,25,131,27,28,29,106,31,2,33,34,35,55,66,38,39,40,41,9,6,44,45,46,145,21,49,50,51,89,53,54,36,56,57,77,81,184,32,158,63,64,65,52,67,18,69,70,71,157,73,74,75,76,58,78,79,80,61,82,83,146,85,86,87,88,160,150,91,138,95,94,147,105,97,109,99,84,134,102,100,129,96,117,107,108,98,110,111,112,113,114,186,116,16,30,119,178,47,122,151,11,125,126,127,128,104,130,26,132,139,173,135,185,137,17,121,140,141,142,143,144,133,103,172,148,149,90,123,152,153,183,155,156,72,62,159,162,161,37,174,164,165,166,167,168,169,170,171,93,101,163,175,176,177,120,179,180,181,22,154,43,59,48,187,188,189,12,191,124,193,194,115,196,197,198,199,];False
7736;9446;17182;[0,1,136,3,4,57,60,7,8,42,10,192,190,13,23,15,118,92,68,19,20,195,182,123,24,25,131,27,28,29,106,31,2,33,34,35,55,66,38,39,40,41,9,6,44,45,46,145,21,49,50,51,89,53,54,36,56,5,77,81,184,32,158,63,64,65,52,67,18,69,70,71,146,73,74,75,76,58,78,79,80,61,82,83,157,85,86,87,88,160,150,91,138,95,94,147,105,97,109,99,84,134,102,100,129,96,117,107,108,98,110,111,112,113,114,186,116,16,30,119,178,47,122,151,11,125,126,127,128,104,130,26,132,139,173,135,185,137,17,121,140,189,142,143,144,133,103,172,148,149,90,14,152,153,183,155,156,72,62,159,162,161,37,174,164,165,166,167,168,169,170,171,93,101,163,188,176,177,120,179,180,181,22,154,43,59,48,187,175,141,12,191,124,193,194,115,196,197,198,199,];False
7639;9514;17153;[0,1,136,3,4,57,60,7,8,42,10,192,190,13,23,15,118,92,68,19,20,195,182,14,24,25,131,27,28,29,106,31,2,33,34,35,55,66,38,39,40,41,9,6,44,45,46,145,21,49,50,51,89,53,54,36,56,5,77,81,184,32,158,63,64,65,52,67,18,69,70,71,146,73,74,75,76,58,78,79,80,61,82,83,157,85,86,87,88,160,150,91,138,95,94,147,105,97,109,99,84,134,102,100,129,96,117,107,108,98,110,111,112,113,114,186,116,16,30,119,178,47,122,151,11,125,126,127,128,104,130,26,132,139,173,135,185,137,17,121,140,141,142,143,144,133,103,172,148,149,90,123,152,153,183,155,156,72,62,159,162,161,37,174,164,165,166,167,168,169,170,171,93,101,163,175,176,177,120,179,180,181,22,154,43,59,48,187,188,189,12,191,124,193,194,115,196,197,198,199,];False
7710;9437;17147;[0,1,136,3,4,57,60,7,8,42,10,192,190,13,23,15,118,92,68,19,20,195,182,123,24,25,131,27,28,29,106,31,2,33,34,35,55,66,38,39,40,41,9,6,44,45,46,145,21,49,50,51,89,53,54,36,56,183,77,81,184,32,158,63,64,65,124,67,18,69,70,71,146,73,74,75,76,58,78,79,80,61,82,83,157,85,86,87,88,160,150,91,138,95,94,147,105,97,109,99,84,134,102,100,122,96,117,107,108,98,110,111,112,113,114,186,116,16,30,119,178,47,129,151,11,125,126,127,128,104,130,26,132,139,173,135,185,137,17,121,140,189,142,143,144,133,103,172,148,149,90,14,152,153,5,155,156,72,62,159,162,161,37,174,164,165,166,167,168,169,170,171,93,101,163,175,176,177,120,179,180,181,22,154,43,59,48,187,188,141,12,191,52,193,194,115,196,197,198,199,];False
7686;9461;17147;[0,1,136,3,4,57,60,7,8,42,10,192,190,13,23,15,118,92,68,19,20,195,182,123,24,25,131,27,28,29,106,31,2,33,34,35,55,66,38,39,40,41,9,6,44,45,46,145,21,49,50,51,89,53,54,36,56,5,77,81,184,32,158,63,64,65,52,67,18,69,70,71,146,73,74,75,76,58,78,79,80,61,82,83,157,85,86,87,88,160,150,91,138,95,94,147,105,97,109,99,84,134,102,100,129,96,117,107,108,98,110,111,112,113,114,186,116,16,30,119,178,47,122,151,11,125,126,127,128,104,130,26,132,139,173,135,185,137,17,121,140,189,142,143,144,133,103,172,148,149,90,14,152,153,183,155,156,72,62,159,162,161,37,174,164,165,166,167,168,169,170,171,93,101,163,175,176,177,120,179,43,181,22,154,180,59,48,187,188,141,12,191,124,193,194,115,196,197,198,199,];False
7657;9475;17132;[0,1,136,3,4,57,60,7,8,42,10,192,190,13,23,15,118,92,68,19,20,195,182,123,24,25,131,27,28,29,106,31,2,33,34,35,55,66,38,39,40,41,9,6,44,45,46,145,21,49,50,51,89,53,54,36,56,5,77,81,184,32,158,63,64,65,52,67,18,69,70,71,146,73,74,75,76,58,78,79,80,61,82,83,157,85,86,87,88,160,150,91,138,95,94,147,105,97,109,99,84,193,102,100,129,96,117,107,108,98,110,111,112,113,114,186,116,16,30,119,178,47,122,151,11,125,126,127,128,104,130,26,132,139,173,135,185,137,17,121,140,189,142,143,144,133,103,172,148,149,90,14,152,153,183,155,156,72,62,159,162,161,37,174,164,165,166,167,168,169,170,171,93,101,163,175,176,177,120,179,180,181,22,154,43,59,48,187,188,141,12,191,124,134,194,115,196,197,198,199,];False
7630;9492;17122;[0,1,136,3,4,57,60,7,8,42,10,192,190,13,23,15,118,92,68,19,20,195,182,123,24,25,131,27,28,29,106,31,2,33,34,35,55,66,38,39,40,41,9,6,44,45,46,145,21,49,50,51,89,53,54,36,56,5,77,81,184,32,158,63,64,65,52,67,18,69,70,71,146,73,74,75,76,58,78,79,80,61,82,83,157,85,86,87,88,160,150,91,138,95,94,147,105,97,109,99,84,134,102,100,129,96,117,107,108,98,110,111,112,113,114,186,116,16,30,119,178,47,122,151,11,125,126,127,128,104,130,26,132,139,173,135,185,137,17,121,140,141,142,143,144,133,103,172,148,149,90,14,152,153,183,155,156,72,62,159,162,161,37,174,164,165,166,167,168,169,170,171,93,101,163,175,176,177,120,179,180,181,22,154,43,59,48,187,188,189,12,191,124,193,194,115,196,197,198,199,];False
7621;9481;17102;[0,1,136,3,4,57,60,7,8,42,10,192,190,13,23,15,118,92,68,19,20,195,182,123,24,25,131,27,28,29,106,31,2,33,34,35,55,66,38,39,40,41,9,6,44,45,46,145,21,49,50,51,89,53,54,36,56,183,77,81,184,32,158,63,64,65,52,67,18,69,70,71,146,73,74,75,76,58,78,79,80,61,82,83,157,85,86,87,88,160,150,91,138,95,94,147,105,97,109,99,84,134,102,100,129,96,117,107,108,98,110,111,112,113,114,186,116,16,30,119,178,47,122,151,11,125,126,127,128,104,130,26,132,139,173,135,185,137,17,121,140,189,142,143,144,133,103,172,148,149,90,14,152,153,5,155,156,72,62,159,162,161,37,174,164,165,166,167,168,169,170,171,93,101,163,175,176,177,120,179,180,181,22,154,43,59,48,187,188,141,12,191,124,193,194,115,196,197,198,199,];False
7627;9475;17102;[0,1,136,3,4,57,60,7,8,42,10,192,190,13,23,15,118,92,68,19,20,195,182,123,24,25,131,27,28,29,106,31,2,33,34,35,55,66,38,39,40,41,9,6,44,45,46,145,21,49,50,51,89,53,54,36,56,5,77,81,184,32,158,63,64,65,52,67,18,69,70,71,146,73,74,75,76,58,78,79,80,61,82,83,157,85,86,87,88,160,150,91,138,95,94,147,105,97,109,99,84,134,102,100,129,96,117,107,108,98,110,111,112,113,114,186,116,16,30,119,178,47,122,151,11,125,126,127,128,104,130,26,132,139,173,135,185,137,17,121,140,189,142,143,144,133,103,172,148,149,90,14,152,153,183,155,156,72,62,159,162,161,37,174,164,165,166,167,168,169,170,171,93,101,163,175,176,177,120,179,180,181,22,154,43,59,48,187,188,141,12,191,124,193,194,115,196,197,198,199,];False
7604;9474;17078;[0,1,136,3,4,57,60,7,8,42,10,192,190,13,23,15,118,92,68,19,20,195,182,123,24,25,131,27,28,29,106,31,2,33,34,35,55,66,38,39,129,41,9,6,44,45,46,145,21,49,50,51,89,53,54,36,56,183,77,81,184,32,158,63,64,65,124,67,18,69,70,71,146,73,74,75,76,58,78,79,80,61,82,83,157,85,86,87,88,160,150,91,138,95,94,147,105,97,109,99,84,134,102,100,40,96,117,107,108,98,110,111,112,113,114,186,116,16,30,119,178,47,122,151,11,125,126,127,128,104,130,26,132,139,173,135,185,137,17,121,140,189,142,143,144,133,103,172,148,149,90,14,152,153,5,155,156,72,62,159,162,161,37,174,164,165,166,167,168,169,170,171,93,101,163,175,176,177,120,179,180,181,22,154,43,59,48,187,188,141,12,191,52,193,194,115,196,197,198,199,];False
7595;9451;17046;[0,1,136,3,4,57,60,7,8,42,10,192,121,13,23,15,118,92,68,19,20,195,182,123,24,25,131,27,28,29,106,31,2,33,34,35,55,66,38,39,40,41,9,6,44,45,46,145,21,49,50,51,89,53,54,36,56,183,77,81,184,32,158,63,64,65,124,67,18,69,70,71,146,73,74,75,76,58,78,79,80,61,82,83,157,85,86,87,88,160,150,91,138,95,94,147,105,97,109,99,84,134,102,100,129,96,117,107,108,98,110,111,112,113,114,186,116,16,30,119,178,47,122,151,11,125,126,127,128,104,130,26,132,139,173,135,185,137,17,190,140,189,142,143,144,133,103,172,148,149,90,14,152,153,5,155,156,72,62,159,162,161,37,174,164,165,166,167,168,169,170,171,93,101,163,175,176,177,120,179,180,181,22,154,43,59,48,187,188,141,12,191,52,193,194,115,196,197,198,199,];False
7599;9438;17037;[0,1,136,3,4,57,60,7,8,42,10,192,190,13,23,15,118,92,68,19,20,195,182,123,24,25,131,27,28,29,106,31,2,33,34,35,55,66,38,39,40,41,9,6,44,45,46,145,21,49,50,51,89,53,54,36,56,183,77,81,184,32,158,63,64,65,124,67,18,69,70,71,146,73,74,75,76,58,78,79,80,61,82,83,157,85,86,87,88,160,150,104,138,95,94,147,105,97,109,99,84,134,102,100,129,96,117,107,108,98,110,111,112,113,114,186,116,16,30,119,178,47,122,151,11,125,126,127,128,91,130,26,132,139,173,135,185,137,17,121,140,189,142,143,144,133,103,172,148,149,90,14,152,153,5,155,156,72,62,159,162,161,37,174,164,165,166,167,168,169,170,171,93,101,163,175,176,177,120,179,180,181,22,154,43,59,48,187,188,141,12,191,52,193,194,115,196,197,198,199,];False
7564;9465;17029;[0,1,136,3,4,57,60,7,121,42,10,192,190,13,23,15,118,92,68,19,20,195,182,123,24,25,131,27,28,29,106,31,2,33,34,35,55,66,38,39,40,41,9,6,44,45,46,145,21,49,50,51,89,53,54,36,56,183,77,79,184,32,158,63,64,65,124,67,18,69,70,71,146,73,74,75,76,58,78,81,80,61,82,83,157,85,86,87,88,160,150,91,138,95,94,147,105,97,109,99,84,134,102,100,129,96,117,107,108,98,110,111,112,113,114,186,116,16,30,119,178,47,122,151,11,125,126,127,128,104,130,26,132,139,173,135,185,137,17,8,140,189,142,143,144,133,103,172,148,149,90,14,152,153,5,155,156,72,62,159,162,161,37,174,164,165,166,167,168,169,170,171,93,101,163,175,176,177,120,179,180,181,22,154,43,59,48,187,188,141,12,191,52,193,194,115,196,197,198,199,];False
7577;9449;17026;[0,1,136,3,4,57,60,7,8,42,10,192,190,13,23,15,118,92,68,19,20,195,182,123,24,25,131,27,28,29,106,31,2,33,34,35,55,66,38,39,40,41,9,6,44,45,46,145,21,49,50,51,89,53,54,36,56,183,77,81,184,32,158,63,64,65,124,67,18,69,70,71,146,73,74,75,76,58,78,79,80,61,173,83,157,85,86,87,88,160,150,91,138,95,94,147,105,97,109,99,84,134,102,100,129,96,117,107,108,98,110,111,112,113,114,186,116,16,30,119,178,47,122,151,11,125,126,127,128,104,130,26,132,139,82,135,185,137,17,121,140,189,142,143,144,133,103,172,148,149,90,14,152,153,5,155,156,72,62,159,162,161,37,174,164,165,166,167,168,169,170,171,93,101,163,175,176,177,120,179,180,181,22,154,43,59,48,187,188,141,12,191,52,193,194,115,196,197,198,199,];False
7546;9446;16992;[0,1,136,3,4,57,60,7,8,42,10,192,190,13,23,15,118,92,68,19,20,195,182,123,24,25,131,27,28,29,106,31,2,33,34,35,55,66,38,39,40,41,9,6,44,45,46,145,21,49,50,51,89,53,54,36,56,183,77,81,184,32,158,63,64,65,124,67,18,69,70,71,146,73,74,75,76,58,78,79,80,61,82,83,157,85,86,87,88,160,150,91,138,95,94,147,105,97,109,99,84,134,102,100,129,96,117,107,108,98,110,111,112,113,114,186,116,16,30,119,178,47,122,151,11,125,126,127,128,104,130,26,132,139,173,135,185,137,17,121,140,189,142,143,144,133,103,172,148,149,90,14,152,153,5,155,156,72,62,159,162,161,37,174,164,165,166,167,168,169,170,171,93,101,163,175,176,177,120,179,180,181,22,154,43,59,48,187,188,141,12,191,52,193,194,115,196,197,198,199,];False
7539;9427;16966;[0,1,136,3,4,57,60,7,8,42,10,192,190,81,23,15,118,92,68,19,20,195,182,123,24,25,131,27,28,29,106,31,2,109,34,35,55,66,38,39,40,41,9,6,44,45,46,145,21,49,50,51,89,53,54,36,56,183,77,79,184,32,158,63,64,65,124,67,18,69,70,71,146,73,74,75,76,58,78,13,80,61,82,83,157,85,86,87,88,160,150,91,138,95,94,147,105,97,33,99,84,134,102,100,129,96,117,107,108,98,110,111,112,113,114,186,116,16,30,119,178,47,122,151,11,125,126,127,128,104,130,26,132,139,173,135,185,137,179,121,140,189,142,143,144,133,103,172,148,149,90,14,152,153,5,155,156,72,62,159,162,161,37,174,164,165,166,167,168,169,170,171,93,101,163,175,176,177,120,17,180,181,22,154,43,59,48,187,188,141,12,191,52,193,194,115,196,197,198,199,];False
7485;9457;16942;[0,1,136,3,4,57,60,7,8,42,10,192,190,13,23,15,118,92,68,19,20,195,182,123,24,25,131,27,28,29,106,31,2,33,34,35,55,66,38,39,40,41,9,6,44,45,46,145,21,49,50,51,89,53,54,36,56,183,77,79,184,32,158,63,64,65,124,67,18,69,70,71,146,73,74,75,76,58,78,81,80,61,82,83,157,85,86,87,88,160,150,91,138,95,94,147,105,97,109,99,84,134,102,100,129,96,117,107,108,98,110,111,112,113,114,186,116,16,30,119,178,47,122,151,11,125,126,127,128,104,130,26,132,139,173,135,185,137,17,121,140,189,142,143,144,133,103,172,148,149,90,14,152,153,5,155,156,72,62,159,162,161,37,174,164,165,166,167,168,169,170,171,93,101,163,175,176,177,120,179,180,181,22,154,43,59,48,187,188,141,12,191,52,193,194,115,196,197,198,199,];False
7511;9421;16932;[0,1,136,3,4,57,60,7,8,42,10,192,190,193,23,15,118,92,68,19,20,195,182,123,24,25,131,27,28,29,106,31,2,109,34,35,55,66,38,39,40,41,9,6,44,45,46,145,21,49,50,51,89,53,54,36,56,183,77,79,184,32,158,63,64,65,124,67,18,69,70,71,146,73,74,75,76,58,78,81,80,61,82,83,157,85,86,87,88,160,150,91,138,95,94,147,105,97,33,99,84,134,102,100,129,96,117,107,108,98,110,111,112,113,114,186,116,16,30,119,178,47,122,151,11,125,126,127,176,104,130,26,132,139,173,135,185,137,179,121,140,189,142,143,144,133,103,172,148,149,90,14,152,153,5,155,156,72,62,159,162,161,37,174,164,165,166,167,168,169,170,171,93,101,163,175,128,177,120,17,180,181,22,154,43,59,48,187,188,141,12,191,52,13,194,115,196,197,198,199,];False
7546;9369;16915;[0,1,136,3,4,20,60,7,8,42,10,192,190,13,23,15,118,92,68,19,57,195,182,123,24,25,131,27,28,29,106,31,2,109,34,35,55,66,38,39,40,41,9,6,44,45,46,145,21,49,50,51,89,53,54,36,56,183,77,79,184,32,158,63,64,65,124,67,18,69,70,71,146,73,74,75,76,58,78,81,80,61,82,83,157,85,86,87,88,160,150,91,138,95,94,147,105,97,33,99,84,134,102,100,129,96,117,107,108,98,110,111,112,113,114,186,116,16,30,119,178,47,122,151,11,125,126,127,128,104,130,26,132,139,173,135,185,137,179,121,140,189,142,143,144,133,103,172,148,149,90,14,152,153,5,155,156,72,62,159,162,161,37,174,164,165,166,167,168,169,170,171,93,101,163,175,176,177,120,17,180,181,22,154,43,59,48,187,188,141,12,191,52,193,194,115,196,197,198,199,];False
7515;9396;16911;[0,1,136,3,4,57,60,7,8,42,10,192,190,13,23,15,118,92,68,19,20,195,182,123,24,25,131,27,28,29,106,31,2,109,34,35,55,66,38,39,40,41,9,6,44,45,46,145,21,49,50,51,89,53,54,36,56,183,77,79,184,32,158,63,64,65,124,67,18,69,70,71,146,73,74,75,76,58,78,81,80,61,82,83,157,85,86,87,88,160,150,91,138,95,94,147,105,97,33,99,84,134,102,100,129,96,117,107,108,98,110,111,112,113,114,186,116,16,30,119,178,47,122,151,11,125,126,127,128,104,130,26,132,139,173,135,185,137,179,121,140,189,142,143,144,133,103,172,148,149,90,14,152,153,5,155,156,72,62,159,162,161,37,174,164,165,166,167,168,169,170,171,93,101,163,175,176,177,120,17,180,181,22,154,43,59,48,187,188,141,12,191,52,197,194,115,196,193,198,199,];False
7478;9400;16878;[0,1,136,3,4,57,60,7,8,42,10,192,190,13,23,15,118,92,68,19,20,195,182,123,24,25,131,27,28,29,106,31,2,33,34,35,55,66,38,39,40,41,9,6,44,45,46,145,21,49,50,51,89,53,54,36,56,183,77,79,184,32,158,63,64,65,124,67,18,69,70,71,146,73,74,75,76,58,78,81,80,61,82,83,157,85,86,87,88,160,150,91,138,95,94,147,105,97,109,99,84,134,102,100,129,96,117,107,108,98,110,111,112,113,114,186,116,16,30,119,178,47,122,151,11,125,126,127,128,104,130,26,132,139,173,135,185,137,179,121,140,189,142,143,144,133,103,172,148,149,90,14,152,153,5,155,156,72,62,159,162,161,37,174,164,165,166,167,168,169,170,171,93,101,163,175,176,177,120,17,180,181,22,154,43,59,48,187,188,141,12,191,52,193,194,115,196,197,198,199,];False
7437;9371;16808;[187,1,136,3,4,32,60,7,8,42,10,192,190,13,23,15,118,92,68,19,20,195,182,123,24,25,131,27,28,29,106,31,2,109,34,35,55,66,38,39,40,41,9,6,44,45,46,145,21,49,50,51,89,53,54,36,56,183,77,79,184,57,158,63,64,65,124,67,18,69,70,71,146,73,74,75,76,58,78,81,80,61,82,83,157,85,86,87,88,160,150,91,138,95,94,147,105,97,33,99,84,134,102,100,129,96,117,107,108,98,110,111,112,113,114,186,116,16,30,119,178,47,122,151,11,125,126,127,176,104,130,26,132,139,173,135,185,137,179,121,140,189,142,143,144,133,103,172,148,149,90,14,152,5,153,155,156,72,62,159,162,161,37,174,164,165,166,167,168,169,170,171,93,101,163,175,128,177,120,17,180,181,22,154,43,59,48,0,188,141,12,191,52,193,194,115,196,197,198,199,];False
7409;9395;16804;[0,1,136,3,105,57,60,7,8,42,10,192,190,13,23,15,118,92,68,19,20,195,182,123,24,25,131,27,28,29,106,31,2,109,34,35,55,66,38,39,40,41,9,6,44,45,46,145,21,49,50,51,89,53,54,36,56,183,77,79,184,32,158,63,64,65,124,67,18,69,70,71,146,73,74,75,76,58,78,81,80,61,82,83,157,85,86,87,88,160,150,91,138,95,94,147,4,97,33,99,84,134,102,100,129,96,117,107,108,98,110,111,112,113,114,186,116,16,30,119,178,47,122,151,11,125,126,127,128,104,130,26,132,139,173,135,185,137,179,121,140,189,142,143,144,133,103,172,148,149,90,14,152,153,5,155,156,72,62,159,162,161,37,174,164,165,166,167,168,169,170,171,93,101,163,175,176,177,120,17,180,181,22,154,43,59,48,187,188,141,12,191,52,193,194,115,196,197,198,199,];False
7387;9405;16792;[0,1,136,3,4,57,60,7,8,42,10,192,190,13,23,15,118,92,68,19,20,195,182,123,24,25,131,27,28,29,106,31,2,109,34,35,55,66,38,39,40,41,9,6,44,45,46,145,21,49,50,51,89,53,54,36,56,183,77,79,184,32,158,63,64,65,124,67,18,69,70,71,146,73,74,75,76,58,78,81,80,61,82,83,157,85,86,87,88,160,150,91,138,95,94,147,105,97,33,99,84,134,102,100,129,96,117,107,108,98,110,111,112,113,114,186,116,16,30,119,178,47,122,151,11,125,126,127,128,104,130,26,132,139,173,135,185,137,179,121,140,189,142,143,144,133,103,172,148,149,90,14,152,153,5,155,156,72,62,159,162,161,37,174,164,165,166,167,168,169,170,171,93,101,163,175,176,177,120,17,180,181,22,154,43,59,48,187,188,141,12,191,52,193,194,115,196,197,198,199,];False
7359;9412;16771;[187,1,136,3,4,57,60,7,8,42,10,192,190,13,23,15,118,92,68,19,20,195,182,123,24,25,131,27,28,29,106,31,2,109,34,16,55,66,38,39,40,41,9,6,44,45,46,145,21,49,50,51,89,53,54,36,56,183,77,79,184,32,158,63,64,65,124,67,18,69,70,71,146,73,74,144,76,58,78,81,80,61,82,83,157,85,86,87,88,160,150,91,138,95,94,147,105,97,143,99,84,134,102,96,129,100,117,107,108,98,110,111,112,113,114,186,116,35,30,119,178,47,122,151,11,125,126,127,176,104,130,26,132,139,173,135,185,137,179,121,140,189,142,33,75,133,103,172,148,149,90,14,152,5,153,155,156,72,62,159,162,161,37,174,164,165,166,167,168,169,170,171,93,101,163,175,128,177,120,17,180,181,22,154,43,59,48,0,188,141,12,191,52,193,194,115,196,197,198,199,];False
7360;9400;16760;[0,1,136,3,4,57,60,7,8,42,10,192,190,13,23,15,118,92,68,19,20,195,182,123,24,25,131,27,28,29,106,31,2,109,34,35,55,66,38,39,40,41,9,6,44,45,46,145,21,49,50,51,89,53,54,36,56,183,77,79,184,32,158,63,64,65,124,67,18,69,70,71,146,73,74,75,76,58,78,81,80,61,82,83,157,85,86,87,88,160,150,91,138,95,94,147,105,97,33,99,84,134,102,100,129,96,117,107,108,98,110,111,112,113,114,186,116,16,30,119,178,47,122,151,11,125,126,127,176,104,130,26,132,139,173,135,185,137,179,121,140,189,142,143,144,133,103,172,148,149,90,14,152,153,5,155,156,72,62,159,162,161,37,174,164,165,166,167,168,169,170,171,93,101,163,175,128,177,120,17,180,181,22,154,43,59,48,187,188,141,12,191,52,193,194,115,196,197,198,199,];False
7290;9468;16758;[187,1,136,3,4,57,60,7,8,42,10,192,190,13,23,15,118,92,68,19,20,195,182,123,24,25,131,27,28,29,106,31,2,109,34,16,55,66,38,39,40,41,9,6,44,45,46,145,21,49,50,151,89,53,54,36,56,183,77,79,184,32,158,63,64,65,124,67,18,69,70,71,146,73,74,144,76,58,78,81,80,61,82,83,157,85,86,87,88,160,150,91,138,95,94,147,105,97,143,99,84,134,102,100,129,96,117,107,108,98,110,111,112,113,114,186,116,35,30,119,178,47,122,51,11,125,126,127,176,104,130,26,132,139,173,135,185,137,179,121,140,189,142,33,75,133,103,172,148,149,90,14,152,5,153,155,156,72,62,159,162,161,37,174,164,165,166,167,168,169,170,171,93,101,163,175,128,177,120,17,180,181,22,154,43,59,48,0,188,141,12,191,52,193,194,115,196,197,198,199,];False
7396;9358;16754;[0,1,136,3,4,57,60,7,8,42,10,192,190,13,23,15,118,92,68,19,20,195,182,123,24,25,131,27,28,29,106,31,2,109,34,35,55,66,38,39,40,41,9,6,44,45,46,145,21,49,50,51,89,53,65,36,56,183,77,79,184,32,158,63,64,54,124,67,18,69,70,71,146,73,74,75,76,58,78,81,80,61,82,83,157,85,86,87,88,160,150,91,138,95,94,147,105,97,33,99,84,134,102,100,129,96,117,107,108,98,110,111,112,113,114,186,116,16,30,119,178,47,122,151,11,125,126,127,176,104,130,26,132,139,173,135,185,137,179,121,140,189,142,143,144,133,103,172,148,149,90,14,152,153,5,155,156,72,62,159,162,161,37,174,164,165,166,167,168,169,170,171,93,101,163,175,128,177,120,17,180,181,22,154,43,59,48,187,188,141,12,191,52,193,194,115,196,197,198,199,];False
7375;9358;16733;[187,52,136,3,4,57,60,7,8,42,10,192,190,13,23,15,118,92,68,19,20,195,182,123,24,25,131,27,28,29,106,31,2,109,34,35,55,66,38,39,40,41,9,6,44,45,46,145,21,49,50,51,89,53,54,36,56,183,77,79,184,32,158,63,64,65,124,67,18,69,70,71,146,73,74,75,76,58,78,81,80,61,82,83,157,85,86,87,88,160,150,91,138,95,94,147,105,97,33,99,84,134,102,100,129,96,117,107,108,98,110,111,112,113,114,186,116,16,30,119,178,47,122,151,11,125,126,127,176,104,130,26,132,139,173,135,185,137,179,121,140,189,142,143,144,133,103,172,148,149,90,14,152,5,153,155,156,72,62,159,162,161,37,174,164,165,166,167,168,169,170,171,93,101,163,175,128,177,120,17,180,181,22,154,43,59,48,0,188,141,12,191,1,193,194,115,196,197,198,199,];False
7345;9381;16726;[0,1,136,3,4,57,60,7,8,42,10,192,190,13,23,15,118,92,68,19,20,195,182,123,24,25,131,27,28,29,106,31,2,109,34,35,55,66,38,39,40,41,9,6,44,45,46,145,21,49,50,51,89,53,54,36,56,183,77,79,184,32,158,63,64,65,124,67,18,69,70,71,146,73,74,75,76,58,78,81,80,61,82,83,157,85,86,87,88,160,150,91,138,95,94,147,105,97,33,99,84,134,102,100,129,96,117,107,108,98,110,111,112,113,114,186,116,16,30,119,178,47,122,151,11,125,126,127,176,104,130,26,132,139,173,135,185,137,179,121,140,189,142,143,144,133,103,172,148,149,90,14,152,5,153,155,156,72,62,159,162,161,37,174,164,165,166,167,168,169,170,171,93,101,163,175,128,177,120,17,180,181,22,154,43,59,48,187,188,141,12,191,52,193,194,115,196,197,198,199,];False
7284;9441;16725;[187,1,136,3,4,57,60,7,8,42,10,192,190,13,23,15,118,92,68,19,20,195,182,123,24,25,131,27,28,29,106,31,2,109,34,16,55,66,38,39,40,41,9,6,44,45,46,145,21,49,50,26,89,53,54,36,56,183,77,79,184,32,158,63,64,65,124,67,18,69,70,71,146,73,74,75,76,58,78,81,80,61,82,83,157,85,86,87,88,160,150,91,138,95,94,147,105,97,143,99,84,134,102,100,129,96,117,107,108,98,110,111,112,113,114,186,116,35,30,119,178,47,122,151,11,125,126,127,176,104,130,51,132,139,173,135,185,137,179,121,140,189,142,33,144,133,103,172,148,149,90,14,152,5,153,155,156,72,62,159,162,161,37,174,164,165,166,167,168,169,170,171,93,101,163,175,128,177,120,17,180,181,22,154,43,59,48,0,188,141,12,191,52,193,194,115,196,197,198,199,];False
7311;9412;16723;[187,1,136,3,4,57,60,7,8,42,10,192,190,13,23,15,118,92,68,19,20,195,182,123,24,25,131,27,28,29,106,31,2,109,34,16,55,66,38,39,40,41,9,6,44,45,46,145,21,49,50,51,89,53,54,36,56,183,77,79,184,32,158,63,64,65,124,67,18,69,70,71,146,73,74,144,76,58,78,81,80,61,82,83,157,85,86,87,88,160,150,91,138,95,94,147,105,97,143,99,84,134,102,100,129,96,117,107,108,98,110,111,112,113,114,186,116,35,30,119,178,47,122,151,11,125,126,127,176,104,130,26,132,139,173,135,185,137,179,121,140,189,142,33,75,133,103,172,148,149,90,14,152,5,153,155,156,72,62,159,162,161,37,174,164,165,166,167,168,169,170,12,93,101,163,175,128,177,120,17,180,181,22,154,43,59,48,0,188,141,171,191,52,193,194,115,196,197,198,199,];False
7252;9463;16715;[187,1,136,3,4,57,60,7,8,42,10,192,190,13,23,15,118,92,68,19,20,195,182,123,24,25,131,27,28,29,106,31,2,109,34,16,55,66,38,39,40,41,9,6,44,179,46,145,21,49,50,51,89,53,54,36,56,183,77,79,184,32,158,63,64,65,124,67,18,69,70,71,146,73,74,144,76,58,78,81,80,61,82,83,157,85,86,87,88,160,150,91,138,95,94,147,105,97,143,99,84,134,102,100,129,96,117,107,108,98,110,111,112,113,114,186,116,35,30,119,178,47,122,151,11,125,126,127,176,104,130,26,132,139,173,135,185,137,45,121,140,189,142,33,75,133,103,172,148,149,90,14,152,5,153,155,156,72,62,159,162,161,37,174,164,165,166,167,168,169,170,171,93,101,163,175,128,177,120,17,180,181,22,154,43,59,48,0,188,141,12,191,52,193,194,115,196,197,198,199,];False
7277;9433;16710;[187,1,136,3,4,57,60,7,8,42,10,192,190,13,110,15,118,92,68,19,20,195,182,123,24,25,131,27,28,29,106,31,2,109,34,16,55,66,38,39,40,41,9,6,44,45,46,145,21,49,50,51,89,53,54,36,56,183,77,79,184,32,158,63,64,65,124,67,18,69,70,71,146,73,74,144,76,58,78,81,80,61,82,83,157,85,86,87,88,160,150,91,138,95,94,147,105,97,143,99,84,134,102,100,129,96,117,107,108,98,23,111,112,113,114,186,116,35,30,119,178,47,122,151,11,125,126,127,176,104,130,26,132,139,173,135,185,137,179,121,140,189,142,33,75,133,103,172,148,149,90,14,152,5,153,155,156,72,62,159,162,161,37,174,164,165,166,167,168,169,170,171,93,101,163,175,128,177,120,17,180,181,22,154,43,59,48,0,188,141,12,191,52,193,194,115,196,197,198,199,];False
7282;9415;16697;[187,1,136,3,4,57,60,7,8,42,10,192,190,13,23,15,118,92,68,19,20,195,182,123,24,25,131,27,28,29,106,31,2,109,34,35,55,66,38,39,40,41,9,6,44,45,46,145,21,49,50,51,89,53,54,36,56,183,77,79,184,32,158,63,64,65,124,67,18,69,70,71,146,73,74,75,76,58,78,81,80,61,82,83,157,85,86,87,88,160,150,91,138,95,94,147,105,97,143,99,84,134,102,100,129,96,117,107,108,98,110,111,112,113,114,186,116,16,30,119,178,47,122,151,11,125,126,127,176,104,130,26,132,139,173,135,185,137,179,121,140,189,142,33,144,133,103,172,148,149,90,14,152,5,153,155,156,72,62,159,162,161,37,174,164,165,166,167,168,169,170,171,93,101,163,175,128,177,120,17,180,181,22,154,43,59,48,0,188,141,12,191,52,193,194,115,196,197,198,199,];False
7290;9406;16696;[187,1,136,3,4,57,60,7,8,42,10,192,190,13,23,15,118,92,68,19,20,195,182,123,24,25,131,27,28,29,106,31,2,109,34,16,55,66,38,39,40,41,9,6,44,45,46,145,75,49,50,51,89,53,54,36,56,183,77,79,184,32,158,63,64,65,124,67,18,69,70,71,146,73,74,21,76,58,78,81,80,61,82,83,157,85,86,87,88,160,150,91,138,95,94,147,105,97,143,99,84,134,102,100,129,96,117,107,108,98,110,111,112,113,114,186,116,35,30,119,178,47,122,151,11,125,126,127,176,104,130,26,132,139,173,135,185,137,179,121,140,189,142,33,144,133,103,172,148,149,90,14,152,5,153,155,156,72,62,159,162,161,37,174,164,165,166,167,168,169,170,171,93,101,163,175,128,177,120,17,180,181,22,154,43,59,48,0,188,141,12,191,52,193,194,115,196,197,198,199,];False
7326;9370;16696;[187,1,136,3,4,57,60,7,8,42,10,192,190,13,23,15,118,92,68,19,20,195,182,123,24,25,131,27,28,29,106,31,2,109,34,35,55,66,38,39,40,41,9,6,44,45,46,145,21,49,50,51,89,53,54,36,56,183,77,79,184,32,158,63,64,65,124,67,18,69,70,71,146,73,74,75,76,58,78,81,80,61,82,83,157,85,86,87,88,160,150,91,138,95,94,147,105,97,33,99,84,134,102,100,129,96,117,107,108,98,110,111,112,113,114,186,116,16,30,119,178,47,122,151,11,125,126,127,176,104,130,26,132,139,173,135,185,137,179,121,140,189,142,143,144,133,103,172,148,149,90,14,152,5,153,155,156,72,62,159,162,161,37,174,164,165,166,167,168,169,170,171,93,101,163,175,128,177,120,17,180,181,22,154,43,59,48,0,188,141,12,191,52,193,194,115,196,197,198,199,];False
7260;9423;16683;[187,1,136,3,4,57,60,7,8,42,10,192,190,13,23,15,118,92,68,19,20,39,182,123,24,25,131,27,28,29,106,31,2,109,34,16,55,66,38,195,40,41,9,6,44,45,46,145,21,49,50,51,89,53,54,36,56,183,77,79,184,32,158,63,64,65,124,67,18,69,70,71,146,73,74,75,76,58,78,81,80,61,82,83,157,85,86,87,88,160,150,91,138,95,94,147,105,97,143,99,84,134,102,100,129,96,117,107,108,98,110,111,112,113,114,186,116,35,30,119,178,47,122,151,11,125,126,127,176,104,130,26,132,139,173,135,185,137,179,121,140,189,142,33,144,133,103,172,148,149,90,14,152,5,153,155,156,72,62,159,162,161,37,174,164,165,166,167,168,169,170,171,93,101,163,175,128,177,120,17,180,181,22,154,43,59,48,0,188,141,12,191,52,193,194,115,196,197,198,199,];False
7251;9423;16674;[187,1,136,3,4,57,60,7,8,42,10,192,190,13,23,15,118,92,68,19,20,195,182,123,24,25,131,27,28,29,106,31,2,109,34,16,55,66,38,39,40,41,9,6,44,45,46,145,21,49,50,51,89,53,54,36,56,183,77,79,184,32,158,63,64,65,124,67,18,91,70,71,146,73,74,144,76,58,78,81,80,61,82,83,157,85,86,87,88,160,150,69,138,95,94,147,105,97,143,99,84,134,102,100,129,96,117,107,108,98,110,111,112,113,114,186,116,35,30,119,178,47,122,151,11,125,126,127,176,104,130,26,132,139,173,135,185,137,179,121,140,189,142,33,75,133,103,172,148,149,90,14,152,5,153,155,156,72,62,159,162,161,37,174,164,165,166,167,168,169,170,171,93,101,163,175,128,177,120,17,180,181,22,154,43,59,48,0,188,141,12,191,52,193,194,115,196,197,198,199,];False
7241;9429;16670;[187,1,136,3,4,57,60,7,8,42,10,192,190,13,23,15,118,92,68,19,20,195,182,123,24,25,131,27,28,29,106,31,2,109,34,16,55,66,38,39,40,41,9,6,44,45,46,145,21,49,50,51,89,53,54,36,56,183,77,79,184,32,158,63,64,65,124,67,18,69,70,71,146,73,74,144,76,58,78,81,80,61,82,83,157,85,86,87,88,160,150,91,138,95,94,147,105,97,143,99,84,134,102,100,129,96,117,107,108,98,110,111,112,113,114,186,116,35,30,119,178,47,122,151,11,125,126,127,176,104,130,26,132,139,173,135,185,137,179,121,140,189,142,33,75,133,103,172,148,149,90,14,152,5,153,155,156,72,62,159,162,161,37,174,164,165,166,167,168,120,170,171,93,101,163,175,128,177,169,17,180,181,22,154,43,59,48,0,188,141,12,191,52,193,194,115,196,197,198,199,];False
7247;9420;16667;[187,1,136,3,4,57,60,7,8,42,10,192,190,13,23,15,118,92,68,19,20,195,182,123,24,25,131,27,28,29,106,31,2,109,34,16,55,66,38,39,40,41,9,6,44,45,46,145,21,49,50,51,89,53,54,36,56,183,77,79,184,32,158,63,64,65,124,67,18,69,70,71,146,73,74,75,76,58,78,81,80,61,82,83,157,85,86,87,88,160,150,91,138,95,94,147,105,97,143,99,84,134,102,100,129,96,117,107,108,98,110,111,112,113,114,186,116,35,30,119,178,47,122,151,11,125,126,127,176,104,130,26,132,139,173,135,185,137,196,121,140,189,142,33,144,133,103,172,148,149,90,14,152,5,153,155,156,72,62,159,162,161,37,174,164,165,166,167,168,169,170,171,93,101,163,175,128,177,120,17,180,181,22,154,43,59,48,0,188,141,12,191,52,193,194,115,179,197,198,199,];False
7248;9411;16659;[187,1,136,3,4,57,60,7,8,42,10,192,190,13,23,15,118,92,68,19,20,195,182,123,24,25,131,27,28,29,106,31,2,109,34,16,55,66,38,39,40,41,9,6,44,45,46,145,21,49,50,51,89,53,54,36,56,183,77,79,184,32,158,63,64,65,124,67,18,69,70,71,146,73,74,75,76,58,78,81,80,61,82,83,157,85,86,87,88,160,150,91,138,95,94,147,105,97,143,99,84,134,102,100,129,96,117,107,108,98,110,111,112,113,114,186,116,35,30,119,178,47,122,151,11,125,126,127,176,104,130,26,132,139,173,135,185,137,179,121,140,189,142,33,144,133,103,172,148,149,90,14,152,5,153,155,156,72,62,159,162,161,37,174,164,165,166,167,168,169,170,171,93,101,163,175,128,177,120,17,180,181,22,154,43,59,48,0,188,141,12,191,52,193,194,115,196,197,198,199,];False
7259;9387;16646;[187,1,136,3,4,57,60,7,8,42,10,192,190,13,23,15,118,92,68,19,20,195,182,123,24,25,131,27,28,29,106,31,2,109,34,16,55,66,38,39,40,41,9,6,44,45,46,145,21,162,50,51,89,53,54,36,56,183,77,79,184,32,158,63,64,65,124,67,18,69,70,71,146,73,74,144,76,58,78,81,80,61,82,83,157,85,86,87,88,160,150,91,138,95,94,147,105,97,143,99,84,134,102,100,129,96,117,107,108,98,110,111,112,113,114,186,116,35,30,119,178,47,122,151,11,125,126,127,176,104,130,26,132,139,173,135,185,137,179,121,140,189,142,33,75,133,103,172,148,149,90,14,152,5,153,155,156,72,62,159,49,161,37,174,164,165,166,167,168,169,170,171,93,101,163,175,128,177,120,17,180,181,22,154,43,59,48,0,188,141,12,191,52,193,194,115,196,197,198,199,];False
7280;9363;16643;[187,1,136,3,4,57,60,7,8,42,10,192,190,13,23,15,118,92,68,19,20,195,182,123,24,25,131,27,28,29,106,31,2,109,34,16,55,66,38,39,40,41,9,6,44,45,46,145,21,49,50,51,89,53,54,36,56,183,77,79,184,32,158,63,64,65,124,67,18,69,70,71,146,73,74,75,76,58,78,81,80,61,82,83,157,85,86,87,88,160,150,91,138,95,94,147,105,191,143,99,84,134,102,100,129,96,117,107,108,98,110,111,112,113,114,186,116,35,30,119,178,47,122,151,11,125,126,127,176,104,130,26,132,139,173,135,185,137,179,121,140,189,142,33,144,133,103,172,148,149,90,14,152,5,153,155,156,72,62,159,162,161,37,174,164,165,166,167,168,169,170,171,93,101,163,175,128,177,120,17,180,181,22,154,43,59,48,0,188,141,12,97,52,193,194,115,196,197,198,199,];False
7231;9411;16642;[187,1,136,3,4,57,60,7,8,42,10,192,190,13,23,15,118,92,68,19,20,195,182,123,24,25,131,27,28,29,106,31,2,109,34,16,55,66,38,39,40,41,9,6,44,45,46,145,21,49,50,51,89,170,54,36,56,183,77,79,184,32,158,63,64,65,124,67,18,69,70,71,146,73,74,144,76,58,78,81,80,61,82,83,157,85,86,87,88,160,150,91,138,95,94,147,105,97,143,99,84,134,102,100,129,96,117,107,108,98,110,111,112,113,114,186,116,35,30,119,178,47,122,151,11,125,126,127,176,104,130,26,132,139,173,135,185,137,179,121,140,189,142,33,75,133,103,172,148,149,90,14,152,5,153,155,156,72,62,159,162,161,37,174,164,165,166,167,168,169,53,171,93,101,163,175,128,177,120,17,180,181,22,154,43,59,48,0,188,141,12,191,52,193,194,115,196,197,198,199,];False
7217;9411;16628;[187,1,136,3,4,57,60,7,8,42,10,192,190,13,23,15,118,92,68,19,20,195,182,123,24,25,131,27,28,29,106,31,2,109,34,16,55,66,38,39,40,41,9,6,44,45,46,145,21,49,50,51,89,53,54,36,56,183,77,79,184,32,158,63,64,65,124,67,18,69,156,71,146,73,74,144,76,58,78,81,80,143,82,83,157,85,86,87,88,160,150,91,138,95,94,147,105,97,61,99,84,134,102,100,129,96,117,107,108,98,110,111,112,113,114,186,116,35,30,119,178,47,122,151,11,125,126,127,176,104,130,26,132,139,173,135,185,137,179,121,140,189,142,33,75,133,103,172,148,149,90,14,152,5,153,155,70,72,62,159,162,161,37,174,164,165,166,167,168,169,170,171,93,101,163,175,128,177,120,17,180,181,22,154,43,59,48,0,188,141,12,191,52,193,194,115,196,197,198,199,];False
7190;9431;16621;[187,1,136,3,4,57,60,7,8,42,10,192,190,13,23,15,118,92,68,19,20,195,182,123,24,25,131,27,28,29,106,31,2,109,34,16,55,66,38,39,40,41,9,6,44,45,46,145,21,49,50,51,89,53,54,36,56,183,77,79,184,32,158,63,64,65,124,67,18,69,70,71,146,73,74,144,76,58,78,81,80,61,82,83,157,85,86,87,88,160,150,91,138,95,94,147,105,97,143,99,113,134,102,100,129,96,117,107,108,98,110,111,112,84,114,186,116,35,30,119,178,47,122,151,11,125,126,127,176,104,130,26,132,139,173,135,185,137,179,121,140,189,142,33,75,133,103,172,148,149,90,14,152,5,153,155,156,72,62,159,162,161,37,174,164,165,166,167,168,169,170,171,93,101,163,175,128,177,120,17,180,181,22,154,43,59,48,0,188,141,12,191,52,193,194,115,196,197,198,199,];False
7195;9421;16616;[187,1,136,3,4,57,60,7,8,42,10,192,190,13,23,15,118,92,68,19,20,195,182,123,24,25,131,27,28,29,106,31,2,109,34,16,55,66,38,39,40,41,9,6,44,45,46,145,21,49,50,51,89,53,54,36,56,35,77,79,184,32,158,63,64,65,124,67,18,69,70,71,146,73,74,144,76,58,78,81,80,61,82,83,157,85,86,87,88,160,150,91,138,95,94,147,105,97,143,99,84,134,102,100,129,96,117,107,108,98,110,111,112,113,114,186,116,183,30,119,178,47,122,151,11,125,126,127,176,104,130,26,132,139,173,135,185,137,179,121,140,189,142,33,75,133,103,172,148,149,90,14,152,5,153,155,156,72,62,159,162,161,37,174,164,165,166,167,168,169,170,171,93,101,163,175,128,177,120,17,180,181,22,154,43,59,48,0,188,141,12,191,52,193,194,115,196,197,198,199,];False
7134;9462;16596;[187,1,136,3,4,57,60,7,8,42,10,192,190,13,23,15,118,92,68,19,20,195,186,123,24,25,131,27,28,29,106,163,2,109,34,16,55,66,38,39,40,41,9,6,44,45,46,145,21,49,50,51,89,53,54,36,56,183,77,79,184,32,158,63,64,65,124,67,18,69,156,71,146,73,74,144,76,58,78,81,80,61,82,83,157,85,86,87,88,160,150,91,138,95,94,147,105,97,143,99,84,134,102,100,129,96,117,107,108,98,110,111,112,113,114,182,116,35,30,119,178,47,122,151,11,125,126,127,176,104,130,26,132,139,173,135,185,137,179,121,140,189,142,33,75,133,103,172,148,149,90,14,152,5,153,155,70,72,62,159,162,161,37,174,164,165,166,167,168,169,170,171,93,101,31,175,128,177,120,17,180,181,22,154,43,59,48,0,188,141,12,191,52,193,194,115,196,197,198,199,];False
7174;9413;16587;[187,1,136,3,4,57,60,7,8,42,10,192,190,13,23,15,118,92,68,19,20,195,182,123,24,25,131,27,28,29,106,31,2,109,34,16,55,66,38,39,40,41,9,6,44,45,46,145,21,49,50,51,89,53,54,36,56,183,77,79,184,32,158,63,64,65,124,67,18,69,70,71,146,73,74,144,76,58,78,81,80,61,82,83,157,85,86,87,88,160,150,91,138,95,94,147,105,97,143,99,84,134,102,100,129,96,117,107,108,98,110,111,112,113,114,186,116,35,30,119,178,47,122,151,11,125,126,127,176,104,130,26,132,139,173,135,185,137,179,121,140,189,142,33,75,133,103,172,148,149,90,14,152,5,153,155,156,72,62,159,162,161,37,174,164,165,166,167,168,169,170,171,93,101,163,175,128,177,120,17,180,181,22,154,43,59,48,0,188,141,12,191,52,193,194,115,196,197,198,199,];False
7164;9408;16572;[187,1,136,3,4,57,60,7,8,42,10,192,190,13,23,15,118,92,68,19,20,195,186,123,24,25,131,27,28,29,106,31,2,109,34,16,55,66,38,39,40,41,9,6,44,45,46,145,21,49,50,51,89,53,54,36,56,183,77,79,184,32,158,63,64,65,124,67,18,69,156,71,146,73,74,144,76,58,78,81,80,61,82,83,157,85,86,87,88,160,150,91,138,95,174,147,105,97,143,99,84,134,102,100,129,96,117,107,108,98,110,111,112,113,114,182,22,35,30,119,178,47,122,151,11,125,126,127,176,104,130,26,132,139,173,135,185,137,179,121,140,189,142,33,75,133,103,172,148,149,90,14,152,5,153,155,70,72,62,159,162,161,37,94,164,165,166,167,168,169,170,171,93,101,163,175,128,177,120,17,180,181,116,154,43,59,48,0,188,141,12,191,52,193,194,115,196,197,198,199,];False
7159;9408;16567;[187,1,136,3,4,57,60,148,8,42,10,192,190,13,23,15,118,92,68,19,20,195,186,123,24,25,131,27,28,29,106,31,2,109,34,16,55,66,38,39,40,41,9,6,44,45,46,145,21,49,50,51,89,53,54,36,56,183,77,79,184,32,158,63,64,65,124,67,18,69,156,71,146,73,74,144,76,58,78,81,80,61,82,83,157,85,86,87,88,160,150,91,138,95,94,147,105,97,143,99,84,134,102,100,129,96,117,107,108,98,110,111,112,113,114,182,116,35,30,119,178,47,122,151,11,125,126,127,176,104,130,26,132,139,173,135,185,137,179,121,140,189,142,33,75,133,103,172,7,149,90,14,152,5,153,155,70,72,62,159,162,161,37,174,164,165,166,167,168,169,170,171,93,101,163,175,128,177,120,17,180,181,22,154,43,59,48,0,188,141,12,191,52,193,194,115,196,197,198,199,];False
7098;9450;16548;[187,1,136,3,4,57,60,7,8,42,10,192,190,13,23,15,118,92,68,19,20,195,186,123,24,25,131,27,28,29,106,31,2,109,34,16,55,66,38,39,40,41,9,6,44,45,46,145,21,49,50,51,89,53,54,36,56,183,77,79,184,32,158,63,64,65,124,67,18,69,156,71,146,73,74,144,76,58,78,81,80,61,82,83,157,85,86,87,88,160,150,91,138,95,174,147,105,97,143,99,84,134,102,116,129,96,117,107,108,98,110,111,112,113,114,182,100,35,30,119,178,47,122,151,11,125,126,127,176,0,130,26,132,139,173,135,185,137,179,121,140,189,142,33,75,133,103,172,148,149,90,14,152,5,153,155,70,72,62,159,162,161,37,94,164,165,166,167,168,169,170,171,93,101,163,175,128,177,120,17,180,181,22,154,43,59,48,104,188,141,12,191,52,193,194,115,196,197,198,199,];False
7124;9408;16532;[187,1,136,3,4,57,60,7,8,42,10,192,190,13,23,15,118,92,68,19,20,195,186,123,24,25,131,27,28,29,106,31,2,109,34,16,55,66,38,39,40,41,9,6,44,45,46,145,21,49,50,51,89,53,54,36,56,183,77,79,184,32,158,63,64,65,124,67,18,69,156,71,146,73,74,144,76,58,78,81,80,61,82,83,157,85,86,87,88,160,150,91,138,95,94,147,105,97,143,99,84,134,102,100,112,96,117,107,108,98,110,111,129,113,114,182,116,35,30,119,178,47,122,151,11,125,126,127,176,104,130,26,132,139,173,135,185,137,179,121,140,189,142,33,75,133,103,172,148,149,90,14,152,5,153,155,70,72,62,159,162,161,37,174,164,165,166,167,168,169,170,171,93,101,163,175,128,177,120,17,180,181,22,154,43,59,48,0,188,141,12,191,52,193,194,115,196,197,198,199,];False
7124;9405;16529;[187,1,136,3,4,57,60,7,8,42,10,192,190,13,23,15,118,92,68,19,20,195,186,123,61,25,131,27,28,29,106,31,2,109,34,16,55,66,38,39,40,41,9,6,44,45,46,145,21,49,50,51,89,53,54,36,56,183,77,79,184,32,158,63,64,65,124,67,18,69,156,71,146,73,74,144,76,58,78,81,80,24,82,83,157,85,86,87,88,160,150,91,138,95,94,147,105,97,143,99,84,134,102,100,129,96,117,107,108,98,110,111,112,113,114,182,116,35,30,119,178,47,122,151,11,125,126,127,176,104,130,26,132,139,173,135,185,137,179,121,140,189,142,33,75,133,103,172,148,149,90,14,152,5,153,155,70,72,62,159,162,161,37,174,164,165,166,167,168,169,170,171,93,101,163,175,128,177,120,17,180,181,22,154,43,59,48,0,188,141,12,191,52,193,194,115,196,197,198,199,];False
7086;9411;16497;[187,1,136,3,4,57,60,7,8,42,10,192,190,13,23,15,118,92,68,19,20,195,182,123,24,25,131,27,28,29,106,31,2,109,34,16,55,66,38,39,40,41,9,6,44,45,46,145,21,49,50,51,89,53,54,36,56,183,77,79,184,32,158,63,64,65,124,67,18,69,156,71,146,73,74,144,76,58,78,81,80,61,82,83,157,85,86,87,88,160,150,91,138,95,94,147,105,97,143,99,84,134,102,100,129,96,117,107,108,98,110,111,112,113,114,186,116,35,30,119,178,47,122,151,11,125,126,127,176,104,130,26,132,139,173,135,185,137,179,121,140,189,142,33,75,133,103,172,148,149,90,14,152,5,153,155,70,72,62,159,162,161,37,174,164,165,166,167,168,169,170,171,93,101,163,175,128,177,120,17,180,181,22,154,43,59,48,0,188,141,12,191,52,193,194,115,196,197,198,199,];False
7043;9446;16489;[187,14,136,3,4,57,60,7,8,42,10,192,190,13,23,15,118,92,68,19,20,195,186,123,24,25,131,27,28,29,106,31,2,147,34,16,11,66,38,39,132,41,9,6,44,45,46,145,21,49,50,51,89,53,54,36,56,183,77,79,184,32,158,63,52,65,124,67,18,69,156,71,146,73,74,144,76,58,78,81,80,61,82,83,157,85,86,87,88,160,150,91,138,95,174,109,105,97,143,99,84,134,102,100,129,96,117,107,108,98,110,111,112,113,114,182,116,35,30,119,178,47,122,151,55,125,126,127,176,0,130,140,40,139,173,135,185,137,179,121,26,189,142,33,75,133,103,172,148,149,90,1,152,5,153,155,70,72,62,159,162,161,37,94,164,165,166,167,168,169,170,171,93,101,163,175,128,177,120,17,180,181,22,154,43,59,48,104,188,141,12,191,64,193,194,115,196,197,198,199,];False
6904;9569;16473;[187,14,136,3,4,57,60,7,8,42,10,192,190,13,23,15,118,92,68,19,20,173,186,123,24,25,131,27,28,29,106,31,2,147,34,16,55,66,38,39,132,41,9,6,44,45,46,145,21,49,50,51,89,53,54,36,56,183,77,79,184,32,158,63,52,65,124,67,18,69,156,71,146,111,74,144,76,58,78,81,80,61,82,83,157,85,86,87,88,160,150,91,138,95,174,109,195,97,143,99,84,134,102,100,129,96,117,107,108,98,110,73,112,113,114,182,116,35,30,119,178,47,122,151,11,125,126,127,176,0,130,140,40,139,105,135,185,164,179,121,26,189,142,33,75,133,103,172,148,149,90,1,152,5,153,155,70,72,62,159,162,161,37,94,137,165,166,167,168,169,170,171,93,101,163,175,128,177,120,17,180,181,22,154,43,59,48,104,188,141,12,191,64,193,194,115,196,197,198,199,];False
7098;9374;16472;[187,1,136,3,4,57,60,7,8,42,10,192,190,13,23,15,118,92,68,19,20,195,186,123,24,25,131,27,144,29,106,31,2,109,34,16,55,66,38,39,40,41,9,6,44,45,46,145,21,49,50,51,89,53,54,36,56,183,77,79,184,32,158,63,64,65,124,67,18,69,156,71,146,73,74,28,76,58,78,81,80,61,82,83,157,85,86,87,88,160,150,91,138,95,94,147,105,97,143,99,84,134,102,100,129,96,117,107,108,98,110,111,112,113,114,182,116,35,30,119,178,47,122,151,11,125,126,127,176,104,130,26,132,139,173,135,185,137,179,121,140,189,142,33,75,133,103,172,148,149,90,14,152,5,153,155,70,72,62,159,162,161,37,174,164,165,166,167,168,169,170,171,93,101,163,175,128,177,120,17,180,181,22,154,43,59,48,0,188,141,12,191,52,193,194,115,196,197,198,199,];False
7044;9419;16463;[187,1,136,3,4,57,60,7,8,42,10,192,190,13,23,15,118,92,68,19,20,195,186,123,24,25,131,27,28,29,106,31,2,109,34,16,55,66,38,39,40,41,9,6,44,45,46,145,21,49,50,51,89,53,54,36,56,183,77,79,184,32,158,63,64,65,124,67,18,69,156,71,146,73,74,144,76,58,78,81,80,61,82,83,157,85,86,87,88,160,150,91,138,95,94,147,105,97,143,99,84,134,102,100,129,96,117,107,108,98,110,111,112,113,114,182,116,35,30,119,178,177,122,151,11,125,126,127,176,104,130,26,132,139,173,135,185,137,179,121,140,189,142,33,75,133,103,172,148,149,90,14,152,5,153,155,70,72,62,159,162,161,37,174,164,165,166,167,168,169,170,171,93,101,163,175,128,47,120,17,180,181,22,154,43,59,48,0,188,141,12,191,52,193,194,115,196,197,198,199,];False
7036;9413;16449;[187,1,136,3,4,57,60,7,8,42,10,192,190,13,23,15,118,92,68,19,20,195,186,123,24,25,131,27,28,29,106,31,2,109,34,16,55,66,38,39,40,41,9,6,44,45,46,145,21,49,50,51,89,53,54,36,56,183,77,79,184,32,158,81,64,65,124,67,18,69,156,71,146,73,74,144,76,58,78,63,80,61,82,83,157,85,86,87,88,160,150,91,138,95,94,147,105,97,143,99,84,134,102,100,129,96,117,107,108,98,110,111,112,113,114,182,116,35,30,119,178,47,122,151,11,125,126,127,176,104,130,26,132,139,173,135,185,137,179,121,140,189,142,33,75,133,103,172,148,149,90,14,152,5,153,155,70,72,62,159,162,161,37,174,164,165,166,167,168,169,170,171,93,101,163,175,128,177,120,17,180,181,22,154,43,59,48,0,188,141,12,191,52,193,194,115,196,197,198,199,];False
6995;9450;16445;[187,1,136,3,4,57,60,7,8,42,10,192,190,13,23,15,118,92,68,19,20,195,186,123,24,25,131,27,28,29,106,31,2,109,34,16,55,66,38,39,40,41,9,6,44,45,46,145,21,49,50,51,89,53,54,179,56,183,77,79,184,32,158,63,64,65,124,67,18,69,156,71,146,73,74,144,76,58,78,81,80,61,82,83,157,85,86,87,88,160,150,91,138,95,174,147,105,97,143,99,84,134,102,100,129,96,117,107,108,98,110,111,112,113,114,182,116,35,30,119,178,47,122,151,11,125,126,127,176,0,130,140,132,139,173,135,185,137,36,121,26,189,142,33,75,133,103,172,148,149,90,14,152,5,153,155,70,72,62,159,162,161,37,94,164,165,166,167,168,169,170,171,93,101,163,175,128,177,120,17,180,181,22,154,43,59,48,104,188,141,12,191,52,193,194,115,196,197,198,199,];False
7014;9430;16444;[187,1,136,3,4,57,60,7,8,42,10,192,190,13,23,15,118,92,68,19,20,195,186,123,24,25,131,27,28,29,106,31,2,109,34,16,55,66,38,39,40,41,9,6,44,45,46,145,21,49,50,51,89,53,54,36,56,183,77,79,184,32,158,63,64,65,124,67,18,69,156,71,146,73,74,144,76,58,78,81,80,61,82,83,157,85,86,87,88,160,150,91,138,169,94,147,105,97,143,99,84,134,102,100,129,96,117,107,108,98,110,111,112,113,114,182,116,35,30,119,178,47,122,151,11,125,126,127,176,104,130,26,132,139,173,135,185,137,179,121,140,189,142,33,75,133,103,172,148,149,90,14,152,5,153,155,70,72,62,159,162,161,37,174,164,165,166,167,168,95,170,171,93,101,163,175,128,177,120,17,180,181,22,154,43,59,48,0,188,141,12,191,52,193,194,115,196,197,198,199,];False
7020;9417;16437;[187,1,136,3,4,57,60,7,8,42,10,192,190,13,23,15,118,92,68,19,20,195,186,123,24,25,131,27,28,29,106,31,2,109,34,16,55,66,38,39,40,41,9,6,44,45,46,145,21,49,50,51,89,53,54,36,56,183,77,79,184,32,158,63,64,65,124,67,18,69,156,71,146,73,74,144,76,58,78,81,80,61,82,101,157,85,86,87,88,160,150,91,138,95,174,147,105,97,143,99,84,134,102,100,129,96,117,107,108,98,110,111,112,113,114,182,116,35,30,119,178,47,122,151,11,125,126,127,176,104,130,26,132,139,173,135,185,137,179,121,140,189,142,33,75,133,103,172,148,149,90,14,152,5,153,155,70,72,62,159,162,161,37,94,164,165,166,167,168,169,170,171,93,83,163,175,128,177,120,17,180,181,22,154,43,59,48,0,188,141,12,191,52,193,194,115,196,197,198,199,];False
6952;9466;16418;[187,1,136,3,4,57,60,7,8,42,10,192,190,13,23,15,118,92,68,19,20,195,186,123,24,25,131,27,28,29,106,31,2,109,34,16,55,66,38,39,132,41,9,6,44,52,46,145,21,49,50,51,89,53,54,36,56,183,77,79,184,32,158,63,64,65,124,67,18,69,156,71,146,73,74,144,76,58,78,81,80,61,82,83,157,85,86,87,88,160,150,91,138,95,174,147,105,97,143,99,84,134,102,100,129,96,117,107,108,98,110,111,112,113,114,182,116,35,30,119,178,47,122,151,11,125,126,127,176,0,130,140,40,139,173,135,185,137,179,121,26,189,142,33,75,133,103,172,148,149,90,14,152,5,153,155,70,72,62,159,162,161,37,94,164,165,166,167,168,169,170,171,93,101,163,175,128,177,120,17,180,181,22,154,43,59,48,104,188,141,12,191,45,193,194,115,196,197,198,199,];False
6992;9423;16415;[187,1,136,3,4,57,60,7,8,42,10,192,190,13,23,15,118,92,68,19,20,195,186,123,24,25,131,27,28,29,106,31,2,109,34,16,55,66,38,39,40,41,9,6,44,45,46,145,21,49,50,51,89,53,54,36,56,183,77,79,184,32,158,63,64,65,124,67,18,69,156,71,146,73,74,144,76,58,78,81,80,61,82,83,157,85,86,87,88,160,150,91,138,95,94,147,105,97,143,99,84,134,102,100,129,96,117,107,108,98,110,111,112,113,114,182,116,35,30,119,178,47,122,151,11,125,126,127,176,104,130,26,132,139,173,135,185,137,179,121,140,189,142,33,75,133,103,172,148,149,90,14,152,5,153,155,70,72,62,159,162,161,37,174,164,165,166,167,168,169,170,171,93,101,163,175,128,177,120,17,180,181,22,154,43,59,48,0,188,141,12,191,52,193,194,115,196,197,198,199,];False
6967;9447;16414;[187,1,136,3,4,57,60,7,8,42,10,192,190,13,23,15,118,92,68,19,20,195,186,123,24,25,131,27,28,29,106,98,2,109,34,16,55,66,38,39,132,41,9,6,44,45,46,145,21,49,50,51,89,53,54,36,56,183,77,79,184,32,158,63,64,65,124,67,18,69,156,71,146,73,74,144,76,58,78,81,80,61,82,83,157,85,86,87,88,160,150,91,138,95,174,147,105,97,143,99,84,134,102,100,129,96,117,107,108,31,110,111,112,113,114,182,116,35,30,119,178,47,122,151,11,125,126,127,176,0,130,140,40,139,173,135,185,137,179,121,26,189,142,33,75,133,103,172,148,149,90,14,152,5,153,155,70,72,62,159,162,161,37,94,164,165,166,167,168,169,170,171,93,101,163,175,128,177,120,17,180,181,22,154,43,59,48,104,188,141,12,191,52,193,194,115,196,197,198,199,];False
6879;9533;16412;[187,14,136,3,4,57,60,7,8,42,10,192,190,13,23,15,118,92,68,19,20,173,186,123,24,25,131,27,28,29,106,31,2,147,34,16,55,66,38,39,132,41,9,6,44,45,46,145,21,49,80,51,89,53,54,36,56,183,77,79,184,32,158,63,52,65,124,67,18,69,156,71,146,111,74,144,76,58,78,81,50,61,82,83,157,85,86,87,88,160,150,91,138,95,174,109,195,97,143,99,84,134,102,100,129,96,117,107,108,98,110,73,112,113,114,182,116,35,30,119,178,47,122,151,11,125,126,127,176,0,130,140,40,139,105,135,185,137,179,121,26,189,142,33,75,133,103,172,148,149,90,1,152,5,153,155,70,72,62,159,162,161,37,94,164,165,166,167,168,169,170,171,93,101,163,175,128,177,120,17,180,181,22,154,43,59,48,104,188,141,12,191,64,193,194,115,196,197,198,199,];False
6995;9416;16411;[187,1,136,3,4,57,60,7,8,42,10,192,190,13,23,15,118,92,68,19,20,195,11,123,24,25,131,27,28,29,106,31,2,109,34,16,55,66,38,39,40,41,9,6,44,45,46,145,21,49,50,51,89,53,54,36,56,183,77,79,184,32,158,63,64,65,124,67,18,69,156,71,146,73,74,144,76,58,78,81,80,61,82,83,157,85,86,87,88,160,150,91,138,95,94,147,105,97,143,99,84,134,102,100,129,96,117,107,108,98,110,111,112,113,114,182,116,35,30,119,178,47,122,151,186,125,126,127,176,104,130,26,132,139,173,135,185,137,179,121,140,189,142,33,75,133,103,172,148,149,90,14,152,5,153,155,70,72,62,159,162,161,37,174,164,165,166,167,168,169,170,171,93,101,163,175,128,177,120,17,180,181,22,154,43,59,48,0,188,141,12,191,52,193,194,115,196,197,198,199,];False
6995;9415;16410;[187,1,136,3,4,57,60,7,8,42,10,192,190,13,23,15,118,92,68,19,20,195,186,123,24,25,131,27,28,29,106,31,2,109,34,16,55,66,38,39,40,41,9,6,44,45,46,145,21,49,50,51,89,53,54,36,56,183,77,79,184,32,158,63,134,65,124,67,18,69,156,71,146,73,74,144,76,58,78,81,80,61,82,83,157,85,86,87,88,160,150,91,138,95,94,147,105,97,143,99,84,64,102,100,129,96,117,107,108,98,110,111,112,113,114,182,116,35,30,119,178,47,122,151,11,125,126,127,176,104,130,26,132,139,173,135,185,137,179,121,140,189,142,33,75,133,103,172,148,149,90,14,152,5,153,155,70,72,62,159,162,161,37,174,164,165,166,167,168,169,170,171,93,101,163,175,128,177,120,17,180,181,22,154,43,59,48,0,188,141,12,191,52,193,194,115,196,197,198,199,];False
7028;9374;16402;[187,1,136,3,4,57,60,7,8,42,10,192,190,13,23,15,118,92,68,19,20,195,186,123,24,25,131,27,28,29,106,31,2,109,34,16,55,66,38,39,40,41,9,6,44,45,46,145,21,49,50,51,89,53,54,36,56,183,77,79,184,32,158,63,64,65,124,67,18,69,156,71,146,73,74,144,76,58,78,81,80,61,82,83,157,85,188,87,88,160,150,91,138,95,174,147,105,97,143,99,84,134,102,100,129,96,117,107,108,98,110,111,112,113,114,182,116,35,30,119,178,47,122,151,11,125,126,127,176,104,130,26,132,139,173,135,185,137,179,121,140,189,142,33,75,133,103,172,148,149,90,14,152,5,153,155,70,72,62,159,162,161,37,94,164,165,166,167,168,169,170,171,93,101,163,175,128,177,120,17,180,181,22,154,43,59,48,0,86,141,12,191,52,193,194,115,196,197,198,199,];False
6883;9517;16400;[187,14,136,3,4,57,60,7,8,42,10,192,190,13,23,15,118,92,68,19,20,173,186,123,24,25,131,27,28,29,106,31,2,147,34,16,55,66,38,39,132,41,9,6,44,45,46,145,21,49,50,51,89,53,54,36,56,183,77,79,184,32,158,63,52,65,124,67,18,69,156,71,146,111,74,144,76,58,78,81,80,61,82,83,157,85,86,94,88,160,150,91,138,95,174,109,195,97,143,99,84,134,102,100,129,96,117,107,108,98,110,73,112,113,114,182,116,35,30,119,178,47,122,151,11,125,126,127,176,0,130,140,40,139,105,135,185,137,179,121,26,189,142,33,75,133,103,172,148,149,90,1,152,5,153,155,70,72,62,159,162,161,37,87,164,165,166,167,168,169,170,171,93,101,163,175,128,177,120,17,180,181,22,154,43,59,48,104,188,141,12,191,64,193,194,115,196,197,198,199,];False
6989;9397;16386;[187,14,136,3,4,57,60,7,8,42,10,192,190,13,23,15,118,24,68,19,20,105,186,123,92,25,131,27,28,29,106,31,2,147,34,16,55,66,38,39,132,41,9,6,44,45,46,145,21,49,50,51,89,53,54,36,56,183,77,79,184,32,158,63,52,65,124,67,18,69,156,71,146,73,74,144,76,58,78,81,80,61,82,83,157,85,86,87,88,160,150,91,138,95,174,109,195,97,143,99,84,134,102,100,129,96,117,107,108,98,110,111,112,113,114,182,116,35,30,119,178,47,122,151,11,125,126,127,176,0,130,140,40,139,173,135,185,137,179,121,26,189,142,33,75,133,103,172,148,149,90,1,152,5,153,155,70,72,62,159,162,161,37,94,164,165,166,167,168,169,170,171,93,101,163,175,128,177,120,17,180,181,22,154,43,59,48,104,188,141,12,191,64,193,194,115,196,197,198,199,];False
6964;9421;16385;[187,14,136,3,4,57,60,7,8,42,10,192,190,13,23,15,118,92,68,19,20,195,186,123,24,25,131,27,28,29,106,31,2,147,34,16,55,66,38,39,132,41,9,6,44,45,46,145,21,49,50,51,89,53,54,36,56,183,77,79,184,32,158,63,52,65,124,67,18,69,156,71,146,73,74,144,76,58,78,81,80,61,82,83,157,85,86,87,88,160,150,91,138,95,174,109,105,97,143,99,84,134,102,100,129,96,193,107,108,98,110,111,112,113,114,182,116,35,30,119,178,47,122,151,11,125,126,127,176,0,130,140,40,139,173,135,185,137,179,121,26,189,142,33,75,133,103,172,148,149,90,1,152,5,153,155,70,72,62,159,162,161,37,94,164,165,166,167,168,169,170,171,93,101,163,175,128,177,120,17,180,181,22,154,43,59,48,104,188,141,12,191,64,117,194,115,196,197,198,199,];False
6828;9547;16375;[187,14,167,150,4,57,60,7,8,42,10,192,190,13,23,15,118,92,68,19,20,173,186,123,24,25,131,27,28,29,106,31,2,147,34,16,55,66,38,39,132,41,9,6,44,45,46,145,21,49,50,51,89,53,85,36,56,183,77,79,184,32,158,63,52,65,157,67,18,69,156,71,146,111,74,144,76,58,78,81,80,61,82,83,124,54,86,87,88,160,3,91,138,95,174,109,195,97,143,99,84,134,102,100,129,96,117,107,108,98,110,73,112,113,114,26,116,35,30,119,178,47,122,151,11,125,126,127,176,0,130,140,40,139,105,135,185,137,179,121,182,189,142,33,75,133,103,172,148,149,90,1,152,5,153,155,70,72,62,159,162,161,37,94,164,165,166,136,168,169,170,171,93,101,163,175,128,177,120,17,180,181,22,154,43,59,48,104,188,141,12,191,64,193,194,115,196,197,198,199,];False
6944;9426;16370;[187,1,136,3,4,57,60,7,8,42,10,192,190,13,23,15,118,92,68,19,20,195,186,123,24,25,131,27,28,29,106,31,2,109,34,16,55,66,38,39,40,41,9,6,44,45,46,145,21,49,50,51,89,53,54,36,56,183,77,79,184,32,158,63,64,65,124,67,18,69,156,71,146,73,74,144,76,58,78,81,80,61,82,83,157,85,86,87,88,160,150,91,138,95,174,147,105,97,143,99,84,134,102,100,129,96,117,107,108,98,110,111,112,113,114,182,116,35,30,119,178,47,122,151,11,125,126,127,176,104,130,26,132,139,173,135,185,137,179,121,140,189,142,33,75,133,103,172,148,149,90,14,152,5,153,155,70,72,62,159,162,161,37,94,164,165,166,167,168,169,170,171,93,101,163,175,128,177,120,17,180,181,22,154,43,59,48,0,188,141,12,191,52,193,194,115,196,197,198,199,];False
6867;9495;16362;[187,14,136,3,4,57,60,7,8,42,10,192,190,13,23,15,118,92,68,19,20,173,186,123,24,25,131,27,28,29,106,31,2,147,34,16,55,66,38,39,132,41,9,6,44,45,46,145,21,49,50,51,89,53,54,36,56,183,77,79,184,32,158,63,52,65,124,67,18,69,156,71,146,111,74,144,76,58,78,81,80,61,82,83,157,85,86,87,88,160,150,91,138,95,174,109,195,97,143,99,84,134,102,100,129,96,117,107,108,98,110,73,112,113,114,182,176,35,30,119,178,47,122,151,11,125,126,127,116,0,130,140,40,139,105,135,185,137,179,121,26,189,142,33,75,133,103,172,148,149,90,1,152,5,153,155,70,72,62,159,162,161,37,94,164,165,166,167,168,169,170,171,93,101,163,175,128,177,120,17,180,181,22,154,43,59,48,104,188,141,12,191,64,193,194,115,196,197,198,199,];False
6913;9440;16353;[187,14,136,3,4,57,60,7,8,42,10,192,190,13,23,15,118,92,68,19,20,195,186,123,24,25,131,27,28,29,106,31,2,109,34,16,55,66,38,39,62,41,9,6,44,45,46,145,21,49,50,51,89,53,54,36,56,183,77,79,184,32,158,63,64,65,124,67,18,69,156,71,146,73,74,144,76,58,78,81,80,61,82,83,157,85,86,87,88,160,150,91,138,95,174,147,105,97,143,99,84,134,102,100,129,96,117,107,108,98,110,111,112,113,114,182,116,35,30,119,178,47,122,151,11,125,126,127,176,0,130,140,40,139,173,135,185,137,179,121,26,189,142,33,75,133,103,172,148,149,90,1,152,5,153,155,70,72,132,159,162,161,37,94,164,165,166,167,168,169,170,171,93,101,163,175,128,177,120,17,180,181,22,154,43,59,48,104,188,141,12,191,52,193,194,115,196,197,198,199,];False
6931;9417;16348;[187,14,136,3,4,57,60,7,8,42,10,192,190,13,23,15,118,92,68,19,20,195,186,123,24,25,131,27,28,29,106,31,2,69,34,16,55,66,38,39,132,41,9,6,44,45,46,145,21,49,50,51,89,53,54,36,56,183,77,79,184,32,158,63,52,65,124,67,18,147,156,71,146,73,74,144,76,58,78,81,80,61,82,83,157,85,86,87,88,160,150,91,138,95,174,109,105,97,143,99,84,134,102,100,129,96,117,107,108,98,110,111,112,113,114,182,116,35,30,119,178,47,122,151,11,125,126,127,176,0,130,140,40,139,173,135,185,137,179,121,26,189,142,33,75,133,103,172,148,149,90,1,152,5,153,155,70,72,62,159,162,161,37,94,164,165,166,167,168,169,170,171,93,101,163,175,128,177,120,17,180,181,22,154,43,59,48,104,188,141,12,191,64,193,194,115,196,197,198,199,];False
6928;9412;16340;[187,14,136,3,4,57,60,7,8,42,10,192,190,13,23,15,118,92,68,19,20,105,186,123,24,25,131,27,28,29,106,31,2,125,34,16,55,66,38,39,132,41,9,6,44,45,46,145,21,49,50,51,89,53,54,36,56,183,77,79,184,32,158,63,52,65,124,67,18,69,156,71,146,73,74,144,76,58,78,81,80,61,82,83,157,85,86,87,88,160,150,91,138,95,174,109,195,97,143,99,84,134,102,100,129,96,117,107,108,98,110,111,112,113,114,182,116,35,30,119,178,47,122,151,11,147,126,127,176,0,130,140,40,139,173,135,185,137,179,121,26,189,142,33,75,133,103,172,148,149,90,1,152,5,153,155,70,72,62,159,162,161,37,94,164,165,166,167,168,169,170,171,93,101,163,175,128,177,120,17,180,181,22,154,43,59,48,104,188,141,12,191,64,193,194,115,196,197,198,199,];False
6915;9421;16336;[187,14,136,3,4,57,60,7,8,42,10,192,190,13,23,15,118,92,68,19,20,195,186,123,24,25,131,27,28,29,106,31,2,147,34,16,55,66,38,39,132,41,9,6,44,45,46,145,21,49,50,51,89,53,54,36,56,183,77,79,184,32,158,63,52,65,124,67,18,69,156,71,146,73,74,144,76,58,78,81,80,61,82,83,157,85,86,40,88,160,150,91,138,95,174,109,105,97,143,99,84,134,102,100,129,96,117,107,108,98,110,111,112,113,114,182,116,35,30,119,178,47,122,151,11,125,126,127,176,0,130,140,87,139,173,135,185,137,179,121,26,189,142,33,75,133,103,172,148,149,90,1,152,5,153,155,70,72,62,159,162,161,37,94,164,165,166,167,168,169,170,171,93,101,163,175,128,177,120,17,180,181,22,154,43,59,48,104,188,141,12,191,64,193,194,115,196,197,198,199,];False
6842;9493;16335;[187,14,136,3,4,57,60,7,8,42,10,192,190,13,23,15,118,92,68,19,20,173,186,123,24,25,131,27,28,29,106,31,2,147,34,16,55,66,38,39,132,41,9,6,44,45,46,145,21,49,50,51,89,53,54,36,56,183,77,79,184,32,158,63,52,65,124,67,18,69,156,71,146,111,74,144,76,58,78,81,80,61,82,83,157,85,86,87,88,160,150,91,138,95,174,109,195,97,143,99,84,134,102,100,129,96,117,107,108,98,110,73,112,182,114,113,116,35,30,119,178,47,122,151,11,125,126,127,176,0,130,140,40,139,105,135,185,137,179,121,26,189,142,33,75,133,103,172,148,149,90,1,152,5,153,155,70,72,62,159,162,161,37,94,164,165,166,167,168,169,170,171,93,101,163,175,128,177,120,17,180,181,22,154,43,59,48,104,188,141,12,191,64,193,194,115,196,197,198,199,];False
6894;9435;16329;[187,14,136,3,4,57,60,7,8,42,10,192,190,13,23,15,118,92,68,19,20,195,186,123,24,25,131,27,28,29,106,31,2,147,34,16,55,66,38,39,132,41,9,6,44,45,46,145,21,49,50,51,89,53,54,36,56,183,77,79,184,32,158,63,52,65,124,67,18,69,156,71,146,73,74,144,76,58,78,81,80,61,82,83,157,85,86,87,88,160,150,91,138,95,174,109,105,97,143,99,84,134,102,100,129,96,117,107,108,98,110,111,112,113,114,182,116,35,30,119,178,47,122,151,11,125,126,127,176,0,130,140,40,139,173,135,185,137,179,121,26,189,142,33,75,133,103,172,148,149,90,1,152,5,153,155,70,72,62,159,162,161,37,94,164,165,128,167,168,169,170,171,93,101,163,175,166,177,120,17,180,181,22,154,43,59,48,104,188,141,12,191,64,193,194,115,196,197,198,199,];False
6927;9395;16322;[187,1,136,3,4,57,60,7,8,42,10,192,190,13,23,15,118,92,68,19,20,195,186,123,24,25,131,27,28,29,106,31,2,109,34,16,55,66,38,39,40,41,9,6,44,45,46,145,21,49,50,51,89,53,54,36,56,183,77,79,184,32,158,63,64,65,124,67,18,69,156,71,146,73,74,144,76,58,78,81,80,61,82,83,157,85,86,87,88,160,150,91,138,95,174,147,105,97,143,99,84,134,102,100,129,96,117,107,35,98,110,111,112,113,114,182,116,108,30,119,178,47,122,151,11,125,126,127,176,0,130,26,132,139,173,135,185,137,179,121,140,189,142,33,75,133,103,172,148,149,90,14,152,5,153,155,70,72,62,159,162,161,37,94,164,165,166,167,168,169,170,171,93,101,163,175,128,177,120,17,180,181,22,154,43,59,48,104,188,141,12,191,52,193,194,115,196,197,198,199,];False
6827;9492;16319;[187,14,136,3,4,57,60,7,8,42,10,192,190,13,23,15,118,92,68,19,20,173,186,123,24,25,131,27,28,36,106,31,2,147,34,16,55,66,38,39,132,41,9,6,44,45,46,145,21,49,50,51,89,53,54,29,56,183,77,79,184,32,158,63,52,65,124,67,18,69,156,71,146,111,74,144,76,58,78,81,80,61,82,83,157,85,86,87,88,160,150,91,138,95,174,109,195,97,143,99,84,134,102,100,129,96,117,107,108,98,110,73,112,113,114,26,116,35,30,119,178,47,122,151,11,125,126,127,176,0,130,140,40,139,105,135,185,137,179,121,182,189,142,33,75,133,103,172,148,149,90,1,152,5,153,155,70,72,62,159,162,161,37,94,164,165,166,167,168,169,170,171,93,101,163,175,128,177,120,17,180,181,22,154,43,59,48,104,188,141,12,191,64,193,194,115,196,197,198,199,];False
6787;9532;16319;[187,14,136,3,4,57,60,7,8,42,10,192,190,13,23,15,118,92,68,19,20,173,186,123,24,25,131,27,28,29,106,31,2,147,34,16,55,66,38,39,132,41,9,6,44,45,46,145,21,49,50,51,89,53,54,36,56,183,77,79,184,32,158,63,52,65,124,182,18,69,156,71,146,111,74,144,76,58,78,81,80,61,82,83,157,85,86,87,88,160,150,91,138,95,174,109,195,97,143,99,84,134,102,100,129,96,117,107,108,98,110,73,112,113,114,67,116,35,30,119,178,47,122,151,11,125,126,127,176,0,130,140,40,139,105,135,185,137,179,121,26,189,142,33,75,133,103,172,148,149,90,1,152,5,153,155,70,72,62,159,162,161,37,94,164,165,166,167,168,169,170,171,93,101,163,175,128,177,120,17,180,181,22,154,43,59,48,104,188,141,12,191,64,193,194,115,196,197,198,199,];False
6826;9491;16317;[187,14,136,3,4,57,60,7,8,42,10,192,190,13,23,15,118,92,68,19,20,173,186,123,24,25,131,27,28,29,106,31,2,147,34,16,55,66,38,39,132,41,9,6,44,45,46,145,21,49,50,51,89,53,54,36,56,183,77,79,184,32,158,63,52,65,124,67,18,69,156,71,146,111,74,144,76,58,78,81,80,61,82,83,157,85,86,87,88,160,150,91,138,95,174,109,195,97,143,99,84,134,102,100,129,96,117,107,108,98,110,73,112,113,114,182,116,35,30,119,178,47,122,151,11,125,126,127,176,0,130,140,40,139,105,135,185,137,179,121,26,189,142,33,75,133,103,172,148,149,90,1,152,5,153,155,70,72,62,159,162,161,37,94,164,165,166,167,168,22,170,171,93,101,163,175,128,177,120,17,180,181,169,154,43,59,48,104,188,141,12,191,64,193,194,115,196,197,198,199,];False
6878;9438;16316;[187,1,136,3,4,57,60,7,8,42,10,192,190,13,23,15,118,92,68,19,20,195,186,123,24,25,131,27,28,29,106,31,2,109,34,16,55,66,38,39,132,41,9,6,44,45,46,145,21,49,50,51,89,53,54,36,56,183,77,79,184,32,158,63,64,65,124,67,18,69,156,71,146,73,74,144,76,58,78,81,80,61,82,83,157,85,86,87,88,160,150,91,138,95,174,147,105,97,143,99,84,134,102,100,129,96,117,107,108,98,151,111,112,113,114,182,116,35,30,119,178,47,122,110,11,125,126,127,176,0,130,140,40,139,173,135,185,137,179,121,26,189,142,33,75,133,103,172,148,149,90,14,152,5,153,155,70,72,62,159,162,161,37,94,164,165,166,167,168,169,170,171,93,101,163,175,128,177,120,17,180,181,22,154,43,59,48,104,188,141,12,191,52,193,194,115,196,197,198,199,];False
6916;9397;16313;[187,1,136,3,4,57,60,7,8,42,10,192,190,13,23,15,118,92,68,19,20,195,186,123,24,25,131,27,28,29,106,31,2,109,34,16,55,66,38,39,40,41,9,6,44,45,46,145,21,49,50,51,89,53,54,36,56,183,77,165,184,32,158,63,64,65,124,67,18,69,156,71,146,73,74,144,76,58,78,81,80,61,82,83,157,85,86,87,88,160,150,91,138,95,174,147,105,97,143,99,84,134,102,100,129,96,117,107,108,98,110,111,112,113,114,182,116,35,30,119,178,47,122,151,11,125,126,127,176,0,130,26,132,139,173,135,185,137,179,121,140,189,142,33,75,133,103,172,148,149,90,14,152,5,153,155,70,72,62,159,162,161,37,94,164,79,166,167,168,169,170,171,93,101,163,175,128,177,120,17,180,181,22,154,43,59,48,104,188,141,12,191,52,193,194,115,196,197,198,199,];False
6767;9542;16309;[187,14,167,150,4,57,60,7,8,42,10,192,190,13,23,15,118,92,68,19,20,173,186,123,24,25,131,27,28,29,106,31,2,147,34,16,55,66,38,39,132,41,9,6,44,45,46,145,21,49,50,51,89,53,85,36,56,183,77,79,184,32,158,63,52,65,124,67,18,69,156,71,146,111,74,144,76,58,78,81,80,61,82,83,157,54,86,87,88,160,37,91,138,95,174,109,195,97,143,99,84,134,102,100,129,96,117,107,108,98,110,73,112,113,114,26,116,35,30,119,178,47,122,151,11,125,126,127,176,0,130,140,40,139,105,135,185,137,179,121,182,189,142,33,75,133,103,172,148,149,90,1,152,5,153,155,70,72,62,159,162,161,3,94,164,165,166,136,168,169,170,171,93,101,163,175,128,177,120,17,180,181,22,154,43,59,48,104,188,141,12,191,64,193,194,115,196,197,198,199,];False
6833;9471;16304;[187,14,136,3,4,57,60,7,8,42,10,192,190,13,23,15,118,92,157,19,20,173,186,123,24,25,131,27,28,29,106,31,2,147,34,16,55,66,38,39,132,41,9,6,44,45,46,145,21,49,50,51,89,53,54,36,56,183,77,79,184,32,158,63,52,65,124,67,18,69,156,71,146,111,74,144,76,58,78,81,80,61,82,83,68,85,86,87,88,160,150,91,138,95,174,109,195,97,143,99,84,134,102,100,129,96,117,107,108,98,110,73,112,113,114,182,116,35,30,119,178,47,122,151,11,125,126,127,176,0,130,140,40,139,105,135,185,137,179,121,26,189,142,33,75,133,103,172,148,149,90,1,152,5,153,155,70,72,62,159,162,161,37,94,164,165,166,167,168,169,170,171,93,101,163,175,128,177,120,17,180,181,22,154,43,59,48,104,188,141,12,191,64,193,194,115,196,197,198,199,];False
6873;9431;16304;[187,1,136,3,4,57,60,7,8,42,10,192,190,13,23,15,118,92,68,19,20,195,186,123,24,25,131,27,28,29,106,31,2,109,34,16,55,66,38,39,40,41,9,6,44,45,46,145,21,49,50,51,89,53,54,36,56,183,77,79,184,32,158,63,64,65,124,67,18,69,156,71,146,73,74,144,76,58,78,81,80,61,82,83,157,85,86,87,88,160,150,91,138,95,174,147,105,97,143,99,84,125,102,100,129,96,117,107,108,98,110,111,112,113,114,182,116,35,30,119,178,47,122,151,11,134,126,127,176,0,130,140,132,139,173,135,185,137,179,121,26,189,142,33,75,133,103,172,148,149,90,14,152,5,153,155,70,72,62,159,162,161,37,94,164,165,166,167,168,169,170,171,93,101,163,175,128,177,120,17,180,181,22,154,43,59,48,104,188,141,12,191,52,193,194,115,196,197,198,199,];False
6794;9509;16303;[187,14,136,3,4,57,60,7,8,42,10,192,190,13,23,150,118,92,68,19,20,173,186,123,24,25,131,27,28,29,106,31,2,147,34,16,55,66,38,39,132,41,9,6,44,45,46,145,21,49,50,51,89,53,54,36,56,183,77,79,184,32,158,63,52,65,124,67,18,69,156,71,146,111,74,144,76,58,78,81,80,61,82,83,157,85,86,87,88,160,15,91,138,95,174,109,195,97,143,99,84,134,102,100,129,96,117,107,108,98,110,73,112,113,114,182,116,35,30,119,178,47,122,151,11,125,126,127,176,0,130,140,40,139,105,135,185,137,179,121,26,189,142,33,75,133,103,172,148,149,90,1,152,5,153,155,70,72,62,159,162,161,37,94,164,165,166,167,168,169,170,171,93,101,163,175,128,177,120,17,180,181,22,154,43,59,48,104,188,141,12,191,64,193,194,115,196,197,198,199,];False
6848;9449;16297;[187,1,136,3,4,57,60,7,8,42,10,192,190,13,23,15,118,92,68,19,20,195,186,123,24,25,131,27,28,29,106,31,2,109,34,16,55,66,38,39,40,41,9,6,44,45,46,145,21,49,50,51,89,53,54,36,56,183,77,79,184,32,158,63,64,65,124,67,18,69,156,71,146,73,74,144,76,58,78,81,80,61,82,83,157,85,86,87,88,160,150,91,138,95,174,147,105,97,143,99,84,134,102,100,129,96,117,107,108,98,110,111,112,113,114,182,116,35,30,119,178,47,122,151,11,125,126,127,176,0,130,140,132,139,173,135,185,137,179,121,26,189,142,33,75,133,103,172,148,149,90,14,152,5,153,155,70,72,62,159,162,161,37,94,164,165,166,167,168,169,170,171,93,101,163,175,128,177,120,17,180,181,22,154,43,59,48,104,188,141,12,191,52,193,194,115,196,197,198,199,];False
6890;9407;16297;[187,14,136,3,4,57,60,7,8,42,10,192,190,13,23,15,118,92,68,19,20,195,186,123,24,25,131,27,28,29,106,31,2,147,34,16,55,66,38,39,132,41,9,6,44,45,46,145,21,49,50,51,89,53,54,36,56,183,77,79,184,32,158,63,52,65,124,67,18,69,156,71,146,73,74,144,76,58,78,81,80,61,82,83,157,85,86,87,88,160,150,91,138,95,174,109,105,97,143,99,84,134,196,100,129,96,117,107,108,98,110,111,112,113,114,182,116,35,30,119,178,47,122,151,11,125,126,127,176,0,130,140,40,139,173,135,185,137,179,121,26,189,142,33,75,133,103,172,148,149,90,1,152,5,153,155,70,72,62,159,162,161,37,94,164,165,166,167,168,169,170,171,93,101,163,175,128,177,120,17,180,181,22,154,43,59,48,104,188,141,12,191,64,193,194,115,102,197,198,199,];False
6799;9498;16297;[187,14,136,3,4,57,60,7,8,42,10,192,190,13,23,15,118,92,68,19,20,173,186,123,24,25,131,27,28,29,106,31,2,147,34,16,55,66,38,39,132,41,9,6,44,45,46,145,21,49,50,51,89,53,54,36,56,183,77,79,184,32,158,63,52,65,124,67,18,69,156,71,146,111,74,144,76,58,78,81,107,61,82,83,157,85,86,87,88,160,150,91,138,95,174,109,195,97,143,99,84,134,102,100,129,96,117,80,108,98,110,73,112,113,114,182,116,35,30,119,178,47,122,151,11,125,126,127,176,0,130,140,40,139,105,135,185,137,179,121,26,189,142,33,75,133,103,172,148,149,90,1,152,5,153,155,70,72,62,159,162,161,37,94,164,165,166,167,168,169,170,171,93,101,163,175,128,177,120,17,180,181,22,154,43,59,48,104,188,141,12,191,64,193,194,115,196,197,198,199,];False
6855;9441;16296;[187,14,136,3,4,57,60,7,8,42,10,192,190,13,23,15,118,92,68,19,20,195,186,123,24,25,131,27,28,29,106,31,2,147,34,16,55,66,38,39,132,41,9,6,44,45,46,145,21,49,50,51,89,53,54,36,56,183,77,79,184,32,158,63,52,65,124,67,18,69,156,71,146,73,74,144,76,58,78,81,80,61,82,83,157,85,86,87,88,141,150,91,138,95,174,109,105,97,143,99,84,134,102,100,129,96,117,107,108,98,110,111,112,113,114,182,116,35,30,119,178,47,122,151,11,125,126,127,176,0,130,140,40,139,173,135,185,137,179,121,26,189,142,33,75,133,103,172,148,149,90,1,152,5,153,155,70,72,62,159,162,161,37,94,164,165,166,167,168,169,170,171,93,101,163,175,128,177,120,17,180,181,22,154,43,59,48,104,188,160,12,191,64,193,194,115,196,197,198,199,];False
6778;9518;16296;[187,14,136,3,4,57,60,7,8,42,10,192,190,13,23,15,118,92,68,19,20,173,186,123,24,25,131,27,28,29,106,31,2,147,34,16,55,66,38,39,132,41,9,6,44,45,46,145,21,49,50,51,89,53,54,36,56,183,77,79,165,32,158,63,52,65,124,67,18,69,156,71,146,111,74,144,76,58,78,81,80,61,82,83,157,85,86,87,88,160,150,91,138,95,174,109,195,97,143,99,84,134,102,100,129,96,117,107,108,98,110,73,112,113,114,182,116,35,30,119,178,47,122,151,11,125,126,127,176,0,130,140,40,139,105,135,185,137,179,121,26,189,142,33,75,133,103,172,148,149,90,1,152,5,153,155,70,72,62,159,162,161,37,94,164,184,166,167,168,169,170,171,93,101,163,175,128,177,120,17,180,181,22,154,43,59,48,104,188,141,12,191,64,193,194,115,196,197,198,199,];False
6779;9516;16295;[187,14,136,3,4,57,60,7,8,42,10,192,190,13,23,15,118,92,68,19,20,173,186,123,24,25,131,27,28,29,106,31,2,147,34,47,55,66,38,39,132,41,9,6,44,45,46,145,21,49,50,51,89,53,54,36,56,183,77,79,184,32,158,63,52,65,124,67,18,69,156,71,146,111,74,144,76,58,78,81,80,61,82,83,157,85,86,87,88,160,150,91,138,95,174,109,195,97,143,99,84,134,102,100,129,96,117,107,108,98,110,73,112,113,114,182,116,35,30,119,178,16,122,151,11,125,126,127,176,0,130,140,40,139,105,135,185,137,179,121,26,189,142,33,75,133,103,172,148,149,90,1,152,5,153,155,70,72,62,159,162,161,37,94,164,165,166,167,168,169,170,171,93,101,163,175,128,177,120,17,180,181,22,154,43,59,48,104,188,141,12,191,64,193,194,115,196,197,198,199,];False
6798;9495;16293;[187,14,136,3,4,57,60,7,8,42,10,192,190,13,23,15,118,92,68,19,20,173,186,123,24,25,131,27,28,29,106,31,2,147,34,16,55,162,38,39,132,41,9,6,44,45,46,145,21,49,50,51,89,53,54,36,56,183,77,79,184,32,158,63,52,65,124,67,18,69,156,71,146,111,74,144,76,58,78,81,80,61,82,83,157,85,86,87,88,160,150,91,138,95,174,109,195,97,143,99,84,134,102,100,129,96,117,107,108,98,110,73,112,113,114,182,116,35,30,119,178,47,122,151,11,125,126,127,176,0,130,140,40,139,105,135,185,137,179,121,26,189,142,33,75,133,103,172,148,149,90,1,152,5,153,155,70,72,62,159,66,161,37,94,164,165,166,167,168,169,170,171,93,101,163,175,128,177,120,17,180,181,22,154,43,59,48,104,188,141,12,191,64,193,194,115,196,197,198,199,];False
6783;9508;16291;[187,14,136,150,4,57,60,7,8,42,10,192,190,13,23,15,118,92,68,19,20,173,186,123,24,25,131,27,28,29,106,31,2,147,34,16,55,66,38,39,132,41,9,6,44,45,46,145,21,49,50,51,89,53,54,36,139,183,77,79,184,32,158,63,52,65,124,67,18,69,156,71,146,111,74,144,76,58,78,81,80,61,82,83,157,85,86,87,88,160,3,91,138,95,174,109,195,97,143,99,84,134,102,100,129,96,117,107,108,98,110,73,112,113,114,26,116,35,30,119,178,47,122,151,11,125,126,127,176,0,130,140,40,56,105,135,185,137,179,121,182,189,142,33,75,133,103,172,148,149,90,1,152,5,153,155,70,72,62,159,162,161,37,94,164,165,166,167,168,169,170,171,93,101,163,175,128,177,120,17,180,181,22,154,43,59,48,104,188,141,12,191,64,193,194,115,196,197,198,199,];False
6763;9527;16290;[187,14,136,3,4,57,60,7,8,42,10,192,190,13,23,15,118,92,68,19,20,173,186,123,24,25,131,18,28,29,106,31,2,147,34,16,55,66,38,39,132,41,9,6,44,45,46,145,21,49,50,51,89,53,54,36,56,183,77,79,184,32,158,63,52,65,124,67,27,69,156,71,146,111,74,144,76,58,78,81,80,61,82,83,157,85,86,87,88,160,150,91,138,95,174,109,195,97,143,99,84,134,102,100,129,96,117,107,108,98,110,73,112,113,114,182,116,35,30,119,178,47,122,151,11,125,126,127,176,0,130,140,40,139,105,135,185,137,179,121,26,189,142,33,75,133,103,172,148,149,90,1,152,5,153,155,70,72,62,159,162,161,37,94,164,165,166,167,168,169,170,171,93,101,163,175,128,177,120,17,180,181,22,154,43,59,48,104,188,141,12,191,64,193,194,115,196,197,198,199,];False
6767;9522;16289;[187,14,167,150,4,57,60,7,8,97,10,192,190,13,23,15,118,92,68,19,20,173,186,123,24,25,131,27,28,29,106,31,2,147,34,16,55,66,38,39,132,41,9,6,44,45,46,145,21,49,50,51,89,53,85,36,56,183,77,79,184,32,158,63,52,65,124,67,18,69,156,71,146,111,74,144,76,58,78,81,80,61,82,83,157,54,86,87,88,160,3,91,138,95,174,109,195,42,143,99,84,134,102,100,129,96,117,107,108,98,110,73,112,113,114,26,116,35,30,119,178,47,122,151,11,125,126,127,176,0,130,140,40,139,105,135,185,137,179,121,182,189,142,33,75,133,103,172,148,149,90,1,152,5,153,155,70,72,62,159,162,161,37,94,164,165,166,136,168,169,170,171,93,101,163,175,128,177,120,17,180,181,22,154,43,59,48,104,188,141,12,191,64,193,194,115,196,197,198,199,];False
6817;9466;16283;[187,14,136,3,4,57,60,7,8,42,10,192,190,13,23,15,118,92,68,19,20,173,186,123,24,25,131,27,28,29,106,31,2,147,34,16,55,66,38,39,132,41,9,6,44,45,46,145,21,49,50,51,89,53,54,36,56,183,77,79,184,32,158,63,52,65,124,67,18,69,156,71,146,111,74,144,76,58,78,81,80,61,82,83,157,85,86,87,88,160,150,91,138,95,174,109,195,97,143,99,84,134,102,100,129,96,117,107,108,98,110,73,112,113,114,182,116,178,30,119,35,47,122,151,11,125,126,127,176,0,130,140,40,139,105,135,185,137,179,121,26,189,142,33,75,133,103,172,148,149,90,1,152,5,153,155,70,72,62,159,162,161,37,94,164,165,166,167,168,169,170,171,93,101,163,175,128,177,120,17,180,181,22,154,43,59,48,104,188,141,12,191,64,193,194,115,196,197,198,199,];False
6760;9516;16276;[187,14,136,150,4,57,60,7,8,42,10,192,190,13,23,15,118,117,68,19,20,173,186,123,24,25,131,27,28,29,106,31,2,147,34,16,55,66,38,39,132,41,9,6,44,45,46,145,21,49,50,51,89,53,54,36,56,183,77,79,184,32,158,63,52,65,124,67,18,69,156,71,146,111,74,144,76,58,78,81,80,61,82,83,157,85,86,87,88,160,3,91,138,95,174,109,195,97,143,99,84,134,102,100,129,96,92,107,108,98,110,73,112,113,114,26,116,35,30,119,178,47,122,151,11,125,126,127,176,0,130,140,40,139,105,135,185,137,179,121,182,189,142,33,75,133,103,172,148,149,90,1,152,5,153,155,70,72,62,159,162,161,37,94,164,165,166,167,168,169,170,171,93,101,163,175,128,177,120,17,180,181,22,154,43,59,48,104,188,141,12,191,64,193,194,115,196,197,198,199,];False
6773;9503;16276;[187,14,136,3,4,57,60,7,8,42,10,192,190,13,23,15,118,92,68,19,20,173,186,123,24,25,131,27,28,29,106,31,2,147,34,16,55,66,38,39,132,41,9,6,44,45,46,145,21,49,50,51,89,53,54,36,56,183,77,79,184,32,158,63,52,65,124,67,18,69,156,71,146,111,74,144,76,58,78,81,80,61,82,83,157,85,86,87,88,160,150,91,138,95,174,109,195,97,143,99,84,134,102,100,129,96,117,107,108,98,110,73,112,113,114,182,116,35,30,119,178,47,122,151,11,125,126,127,176,0,130,140,40,139,105,135,185,137,179,121,26,189,142,33,75,133,103,172,148,149,90,1,152,5,153,155,70,72,62,159,162,161,37,94,168,165,166,167,164,169,170,171,93,101,163,175,128,177,120,17,180,181,22,154,43,59,48,104,188,141,12,191,64,193,194,115,196,197,198,199,];False
6731;9541;16272;[199,14,167,150,4,57,60,7,8,42,10,192,190,13,23,15,118,92,68,19,20,173,186,123,24,25,131,27,28,29,106,31,2,147,34,16,55,66,38,39,132,114,9,6,44,45,46,145,21,49,50,51,89,53,85,36,56,183,77,79,184,32,158,63,52,65,124,67,97,69,156,71,146,111,74,144,76,58,78,81,80,61,82,83,157,54,86,87,88,160,3,91,138,95,174,109,195,18,143,99,84,134,102,100,129,96,117,107,108,98,110,73,112,113,41,26,116,35,30,119,178,47,122,151,11,125,126,127,176,0,130,140,40,139,105,135,185,137,179,121,182,189,142,33,75,133,103,172,148,149,90,1,152,5,153,155,70,72,62,159,162,161,37,94,164,165,166,136,168,169,170,171,93,101,163,175,128,177,120,17,180,181,22,154,43,59,48,104,188,141,12,191,64,193,194,115,196,197,198,187,];False
6823;9448;16271;[187,1,136,3,4,57,60,7,8,42,10,192,190,13,23,15,118,92,68,19,20,195,186,123,24,25,131,27,28,29,106,31,2,109,34,16,55,66,38,39,132,41,9,6,44,45,46,145,21,49,50,51,89,53,54,36,56,183,77,79,184,32,158,63,64,65,124,67,18,69,156,71,146,73,74,144,76,58,78,81,80,61,82,83,157,85,86,87,88,160,150,91,138,95,174,147,105,97,143,99,84,134,102,100,129,96,117,107,108,98,110,111,112,113,114,182,116,35,30,119,178,47,122,151,11,125,126,127,176,0,130,140,40,139,173,135,185,137,179,121,26,189,142,33,75,133,103,172,148,149,90,14,152,5,153,155,70,72,62,159,162,161,37,94,164,165,166,167,168,169,170,171,93,101,163,175,128,177,120,17,180,181,22,154,43,59,48,104,188,141,12,191,52,193,194,115,196,197,198,199,];False
6710;9557;16267;[187,14,137,3,4,57,60,7,8,42,10,192,190,13,23,15,118,92,68,19,20,173,186,123,24,25,131,27,28,29,106,31,2,147,34,16,55,66,38,39,132,41,9,6,44,45,46,145,21,49,50,51,89,53,54,36,56,183,77,79,184,32,158,63,52,65,124,67,18,69,156,71,146,111,74,144,76,58,78,81,80,61,82,83,157,85,86,87,88,160,150,91,138,95,174,109,195,97,143,99,84,134,102,100,129,96,117,107,108,98,110,73,112,113,114,182,116,35,30,119,178,47,122,151,11,125,126,127,176,0,130,140,40,139,105,135,185,136,179,121,26,189,142,33,75,133,103,172,148,149,90,1,152,5,153,155,70,72,62,159,162,161,37,94,164,165,166,167,168,169,170,171,93,101,163,175,128,177,120,17,180,181,22,154,43,59,48,104,188,141,12,191,64,193,194,115,196,197,198,199,];False
6855;9412;16267;[187,1,136,3,4,57,60,7,8,42,10,192,190,13,23,15,118,92,68,19,20,195,186,123,24,25,131,27,28,29,106,31,2,109,34,16,55,66,38,39,40,41,9,6,44,45,46,145,21,49,50,51,89,53,54,36,56,183,77,79,184,32,158,63,64,65,124,67,18,69,156,71,146,73,74,144,76,58,78,81,80,61,82,83,157,85,86,87,88,160,150,91,138,95,174,147,105,97,143,99,84,134,102,100,129,96,117,107,108,98,110,111,112,113,114,182,116,35,30,119,178,47,122,151,11,125,126,127,176,0,130,26,132,139,173,135,185,137,179,121,140,189,142,33,75,133,103,172,148,149,90,14,152,5,153,155,70,72,62,159,162,161,37,94,164,165,166,167,168,169,170,171,93,101,163,175,128,177,120,17,180,181,22,154,43,59,48,104,188,141,12,191,52,193,194,115,196,197,198,199,];False
6874;9392;16266;[187,14,136,3,4,57,60,7,8,42,141,192,190,13,23,15,118,92,68,19,20,195,186,123,24,25,131,27,28,29,106,31,2,147,34,16,55,66,38,39,132,41,9,6,44,45,46,145,21,49,50,51,89,53,54,36,56,183,77,79,184,32,158,63,52,65,124,67,18,69,156,71,146,73,74,144,76,58,78,81,80,61,82,83,157,85,86,87,88,160,150,91,138,95,174,109,105,97,143,99,84,134,102,100,129,96,117,107,108,98,110,111,112,113,114,182,116,35,30,119,178,47,122,151,11,125,126,127,176,0,130,140,40,139,173,135,185,137,179,121,26,189,142,33,75,133,103,172,148,149,90,1,152,5,153,155,70,72,62,159,162,161,37,94,164,165,166,167,168,169,170,171,93,101,163,175,128,177,120,17,180,181,22,154,43,59,48,104,188,10,12,191,64,193,194,115,196,197,198,199,];False
6847;9417;16264;[187,14,136,3,4,57,60,7,8,42,10,192,190,13,23,15,118,92,68,19,20,195,186,123,24,25,131,27,28,29,106,31,2,147,34,16,55,66,38,39,132,41,9,6,44,45,46,145,21,49,50,51,89,53,54,36,183,56,77,79,184,32,158,63,52,65,124,67,18,69,156,71,146,73,74,144,76,58,78,81,80,61,82,83,157,85,86,87,88,160,150,91,138,95,174,109,105,97,143,99,84,134,102,100,129,96,117,107,108,98,110,111,112,113,114,182,116,35,30,119,178,47,122,151,11,125,126,127,176,0,130,140,40,139,173,135,185,137,179,121,26,189,142,33,75,133,103,172,148,149,90,1,152,5,153,155,70,72,62,159,162,161,37,94,164,165,166,167,168,169,170,171,93,101,163,175,128,177,120,17,180,181,22,154,43,59,48,104,188,141,12,191,64,193,194,115,196,197,198,199,];False
6728;9534;16262;[187,14,136,3,4,57,60,7,8,42,10,192,190,13,23,15,118,92,68,19,20,173,186,123,24,25,131,27,28,29,106,31,2,147,34,16,55,66,38,39,132,41,9,6,44,45,46,145,21,49,50,51,89,53,54,36,56,47,77,79,184,32,158,63,52,65,124,67,18,69,156,71,146,111,74,144,76,58,78,81,80,61,82,83,157,85,86,87,88,160,150,91,138,95,174,109,195,97,143,99,84,134,102,100,129,96,117,107,108,98,110,73,112,113,114,182,116,35,30,119,178,183,122,151,11,125,126,127,176,0,130,140,40,139,105,135,185,137,179,121,26,189,142,33,75,133,103,172,148,149,90,1,152,5,153,155,70,72,62,159,162,161,37,94,164,165,166,167,168,169,170,171,93,101,163,175,128,177,120,17,180,181,22,154,43,59,48,104,188,141,12,191,64,193,194,115,196,197,198,199,];False
6627;9633;16260;[199,14,167,150,4,57,60,7,8,42,10,192,190,13,23,15,128,92,68,19,20,173,186,123,24,25,131,27,28,76,106,31,2,147,34,16,55,66,38,39,132,114,9,6,44,45,46,145,21,49,50,51,89,53,85,36,56,183,77,79,184,32,158,63,52,65,124,67,18,69,156,71,146,111,74,144,29,174,78,81,80,61,82,83,157,54,86,87,88,160,3,91,138,95,58,109,195,97,143,99,84,134,102,100,129,96,117,107,108,98,110,73,112,113,41,26,116,35,30,119,178,47,122,151,11,125,126,127,176,0,130,140,40,139,105,135,185,137,179,121,182,189,142,33,75,133,103,172,148,149,90,1,152,5,153,155,70,72,62,159,162,161,37,94,164,165,166,136,168,169,170,171,93,101,163,175,118,177,120,17,180,181,22,154,43,59,48,104,188,141,193,191,64,12,194,115,196,197,198,187,];False
6833;9426;16259;[187,14,184,3,4,57,60,7,8,42,10,192,190,13,23,15,118,92,68,19,20,195,186,123,24,25,131,27,28,29,106,31,2,147,34,16,55,66,38,39,132,41,9,6,44,45,46,145,21,49,50,51,89,53,54,36,56,183,77,79,136,32,158,63,52,65,124,67,18,69,156,71,146,73,74,144,76,58,78,81,80,61,82,83,157,85,86,87,88,160,150,91,138,95,174,109,105,97,143,99,84,134,102,100,129,96,117,107,108,98,110,111,112,113,114,182,116,35,30,119,178,47,122,151,11,125,126,127,176,0,130,140,40,139,173,135,185,137,179,121,26,189,142,33,75,133,103,172,148,149,90,1,152,5,153,155,70,72,62,159,162,161,37,94,164,165,166,167,168,169,170,171,93,101,163,175,128,177,120,17,180,181,22,154,43,59,48,104,188,141,12,191,64,193,194,115,196,197,198,199,];False
6854;9404;16258;[187,14,136,3,4,57,60,7,8,42,10,192,190,13,23,15,118,92,68,19,20,195,186,123,24,25,131,27,28,29,106,31,2,147,34,16,55,66,38,39,132,41,9,6,44,45,46,145,21,49,50,51,89,53,54,36,56,183,77,79,184,32,158,63,52,65,124,67,113,69,156,71,146,73,74,144,76,58,78,81,80,61,82,83,157,85,86,87,88,160,150,91,138,95,174,109,105,97,143,99,84,134,102,100,129,96,117,107,108,98,110,111,112,18,114,182,116,35,30,119,178,47,122,151,11,125,126,127,176,0,130,140,40,139,173,135,185,137,179,121,26,189,142,33,75,133,103,172,148,149,90,1,152,5,153,155,70,72,62,159,162,161,37,94,164,165,166,167,168,169,170,171,93,101,163,175,128,177,120,17,180,181,22,154,43,59,48,104,188,141,12,191,64,193,194,115,196,197,198,199,];False
6757;9501;16258;[187,14,167,150,4,57,60,7,8,42,10,192,190,13,23,15,118,92,68,19,20,173,186,123,24,25,131,27,28,29,106,31,2,147,34,16,55,66,38,39,132,41,9,6,44,45,46,145,21,49,50,51,89,53,85,36,56,183,77,79,184,32,158,125,52,65,124,67,18,69,156,71,146,111,74,144,76,58,78,81,80,61,82,83,157,54,86,87,88,160,3,91,138,95,174,109,195,97,143,99,84,134,102,100,129,96,117,107,108,98,110,73,112,113,114,26,116,35,30,119,178,47,122,151,11,63,126,127,176,0,130,140,40,139,105,135,185,137,179,121,182,189,142,33,75,133,103,172,148,149,90,1,152,5,153,155,70,72,62,159,162,161,37,94,164,165,166,136,168,169,170,171,93,101,163,175,128,177,120,17,180,181,22,154,43,59,48,104,188,141,12,191,64,193,194,115,196,197,198,199,];False
6783;9469;16252;[187,14,136,3,4,57,60,7,8,42,10,192,190,13,23,15,118,92,68,19,20,173,186,123,24,25,131,27,28,29,106,31,2,147,34,16,55,66,38,39,132,41,9,6,44,45,46,145,21,49,50,51,89,53,154,36,56,183,77,79,184,32,158,63,52,65,124,67,18,69,156,71,146,111,74,144,76,58,78,81,80,61,82,83,157,85,86,87,88,160,150,91,138,95,174,109,195,97,143,99,84,134,102,100,129,96,117,107,108,98,110,73,112,113,114,182,116,35,30,119,178,47,122,151,11,125,126,127,176,0,130,140,40,139,105,135,185,137,179,121,26,189,142,33,75,133,103,172,148,149,90,1,152,5,153,155,70,72,62,159,162,161,37,94,164,165,166,167,168,169,170,171,93,101,163,175,128,177,120,17,180,181,22,54,43,59,48,104,188,141,12,191,64,193,194,115,196,197,198,199,];False
6764;9487;16251;[187,14,136,150,4,57,60,7,8,42,10,192,190,13,23,15,118,92,68,19,20,173,186,123,24,25,131,27,28,29,106,31,2,147,34,16,55,66,38,39,132,41,9,6,44,32,46,145,21,49,50,51,89,53,54,36,56,183,77,79,184,45,158,63,52,65,124,67,18,69,156,71,146,111,74,144,76,58,78,81,80,61,82,83,157,85,86,87,88,160,3,91,138,95,174,109,195,97,143,99,84,134,102,100,129,96,117,107,108,98,110,73,112,113,114,26,116,35,30,119,178,47,122,151,11,125,126,127,176,0,130,140,40,139,105,135,185,137,179,121,182,189,142,33,75,133,103,172,148,149,90,1,152,5,153,155,70,72,62,159,162,161,37,94,164,165,166,167,168,169,170,171,93,101,163,175,128,177,120,17,180,181,22,154,43,59,48,104,188,141,12,191,64,193,194,115,196,197,198,199,];False
6760;9491;16251;[187,14,136,3,4,57,60,7,8,42,10,192,190,13,23,15,118,92,68,19,20,173,186,123,24,25,131,27,28,29,106,31,2,147,34,16,55,66,38,39,132,41,9,6,44,45,46,145,21,49,50,51,89,53,54,36,56,183,77,79,184,32,158,63,52,65,124,67,18,69,156,71,146,111,74,144,76,58,78,81,80,61,82,101,157,85,86,87,88,160,150,91,138,95,174,109,195,97,143,99,84,134,102,100,129,96,117,107,108,98,110,73,112,113,114,182,116,35,30,119,178,47,122,151,11,125,126,127,176,0,130,140,40,139,105,135,185,137,179,121,26,189,142,33,75,133,103,172,148,149,90,1,152,5,153,155,70,72,62,159,162,161,37,94,164,165,166,167,168,169,170,171,93,83,163,175,128,177,120,17,180,181,22,154,43,59,48,104,188,141,12,191,64,193,194,115,196,197,198,199,];False
6746;9500;16246;[187,14,136,3,4,57,60,7,8,42,10,192,190,13,23,15,118,92,68,19,20,173,186,123,24,25,131,27,28,29,106,31,2,147,34,16,55,66,38,39,132,41,9,6,44,45,46,145,21,49,50,51,89,53,54,36,56,183,77,79,184,32,158,63,52,65,124,67,18,69,156,71,146,111,74,144,76,58,78,81,80,61,82,83,157,85,86,87,88,160,150,91,138,95,174,109,195,97,143,99,84,134,102,100,129,96,117,107,108,98,110,73,112,113,114,182,116,35,30,119,178,47,122,151,11,125,126,127,176,0,130,140,40,139,105,135,185,137,179,121,26,189,142,33,75,133,103,172,148,149,90,1,152,5,153,155,70,72,62,159,162,161,37,94,164,165,198,167,168,169,170,171,93,101,163,175,128,177,120,17,180,181,22,154,43,59,48,104,188,141,12,191,64,193,194,115,196,197,166,199,];False
6748;9498;16246;[187,14,136,3,4,57,60,7,8,42,10,192,190,13,23,15,118,92,68,19,20,173,186,123,24,25,131,27,28,29,106,31,2,56,34,16,55,66,38,39,132,41,9,6,44,45,46,145,21,49,50,51,89,53,54,36,147,183,77,79,184,32,158,63,52,65,124,67,18,69,156,71,146,111,74,144,76,58,78,81,80,61,82,83,157,85,86,87,88,160,150,91,138,95,174,109,195,97,143,99,84,134,102,100,129,96,117,107,108,98,110,73,112,113,114,182,116,35,30,119,178,47,122,151,11,125,126,127,176,0,130,140,40,139,105,135,185,137,179,121,26,189,142,33,75,133,103,172,148,149,90,1,152,5,153,155,70,72,62,159,162,161,37,94,164,165,166,167,168,169,170,171,93,101,163,175,128,177,120,17,180,181,22,154,43,59,48,104,188,141,12,191,64,193,194,115,196,197,198,199,];False
6766;9480;16246;[187,14,136,150,4,57,60,7,8,42,10,192,190,13,23,15,118,92,68,19,20,173,186,123,24,25,131,27,28,29,106,31,2,147,34,16,55,66,38,39,132,41,9,6,44,45,46,145,21,49,50,51,89,53,54,36,56,183,77,79,184,32,158,63,52,65,124,67,18,69,156,71,146,111,74,144,76,58,78,81,80,61,82,83,157,85,107,87,88,160,3,91,138,95,174,109,195,97,143,99,84,134,102,100,129,96,117,86,108,98,110,73,112,113,114,26,116,35,30,119,178,47,122,151,11,125,126,127,176,0,130,140,40,139,105,135,185,137,179,121,182,189,142,33,75,133,103,172,148,149,90,1,152,5,153,155,70,72,62,159,162,161,37,94,164,165,166,167,168,169,170,171,93,101,163,175,128,177,120,17,180,181,22,154,43,59,48,104,188,141,12,191,64,193,194,115,196,197,198,199,];False
6765;9478;16243;[187,14,136,3,4,57,60,7,8,42,10,192,190,13,23,15,118,92,68,19,20,173,186,123,24,25,131,27,28,29,106,31,2,147,34,16,55,66,38,39,132,41,9,6,94,45,46,145,21,49,50,51,89,53,54,36,56,183,77,79,184,32,158,63,52,65,124,67,18,69,156,71,146,111,74,144,76,58,78,81,80,61,82,83,157,85,86,87,88,160,150,91,138,95,174,109,195,97,143,99,84,134,102,100,129,96,117,107,108,98,110,73,112,113,114,182,116,35,30,119,178,47,122,151,11,125,126,127,176,0,130,140,40,139,105,135,185,137,179,121,26,189,142,33,75,133,103,172,148,149,90,1,152,5,153,155,70,72,62,159,162,161,37,44,164,165,166,167,168,169,170,171,93,101,163,175,128,177,120,17,180,181,22,154,43,59,48,104,188,141,12,191,64,193,194,115,196,197,198,199,];False
6861;9378;16239;[187,14,136,3,4,57,60,7,8,42,10,192,190,13,23,15,118,92,68,19,20,195,186,123,24,25,131,27,28,29,106,31,2,147,34,16,55,66,38,39,132,41,9,6,44,45,46,145,21,49,50,51,89,53,54,36,56,183,77,79,184,32,158,63,52,65,124,67,18,69,156,71,146,73,74,144,76,58,78,81,80,61,82,83,157,85,126,87,88,160,150,91,138,95,174,109,105,97,143,99,84,134,102,100,129,96,117,107,108,98,110,111,112,113,114,182,116,35,30,119,178,47,122,151,11,125,86,127,176,0,130,140,40,139,173,135,185,137,179,121,26,189,142,33,75,133,103,172,148,149,90,1,152,5,153,155,70,72,62,159,162,161,37,94,164,165,166,167,168,169,170,171,93,101,163,175,128,177,120,17,180,181,22,154,43,59,48,104,188,141,12,191,64,193,194,115,196,197,198,199,];False
6724;9514;16238;[187,14,136,3,4,57,60,7,8,185,10,192,190,13,23,15,118,92,68,19,20,173,186,123,24,25,131,27,28,29,106,31,2,147,34,16,55,66,38,39,132,41,9,6,44,45,46,145,21,49,50,51,89,53,54,36,56,183,77,79,184,32,158,63,52,65,124,67,18,69,156,71,146,111,74,144,76,58,78,81,80,61,82,83,157,85,86,87,88,160,150,91,138,95,174,109,195,97,143,99,84,134,102,100,129,96,117,107,108,98,110,73,112,113,114,182,116,35,30,119,178,47,122,151,11,125,126,127,176,0,130,140,40,139,105,135,42,137,179,121,26,189,142,33,75,133,103,172,148,149,90,1,152,5,153,155,70,72,62,159,162,161,37,94,164,165,166,167,168,169,170,171,93,101,163,175,128,177,120,17,180,181,22,154,43,59,48,104,188,141,12,191,64,193,194,115,196,197,198,199,];False
6849;9384;16233;[187,14,136,3,4,57,60,42,8,7,10,192,190,13,23,15,118,92,68,19,20,105,186,123,24,25,131,27,28,29,106,31,2,147,34,16,55,66,38,39,132,41,9,6,44,45,46,145,21,49,50,51,89,53,54,36,56,183,77,79,184,32,158,63,52,65,124,67,18,69,156,71,146,73,74,144,76,58,78,81,80,61,82,83,157,85,86,87,88,160,150,91,138,95,174,109,195,97,143,99,84,134,102,100,129,96,117,107,108,98,110,111,112,113,114,182,116,35,30,119,178,47,122,151,11,125,126,127,176,0,130,140,40,139,173,135,185,137,179,121,26,189,142,33,75,133,103,172,148,149,90,1,152,5,153,155,70,72,62,159,162,161,37,94,164,165,166,167,168,169,170,171,93,101,163,175,128,177,120,17,180,181,22,154,43,59,48,104,188,141,12,191,64,193,194,115,196,197,198,199,];False
6736;9492;16228;[199,14,167,150,4,57,60,7,8,42,10,192,190,13,23,15,118,92,68,19,20,173,186,123,24,25,131,27,28,29,106,31,2,147,34,16,55,66,38,39,132,114,9,6,44,45,46,145,21,49,50,51,89,53,85,36,56,183,77,79,184,32,158,63,52,65,124,67,18,69,156,71,146,111,74,144,76,58,78,81,80,61,82,83,157,54,86,87,88,160,3,91,138,95,174,109,195,97,143,99,84,134,102,100,129,96,117,107,108,98,110,73,176,113,41,26,116,35,30,119,178,47,122,151,11,125,126,127,112,0,130,140,40,139,105,135,185,137,179,121,182,189,142,33,75,133,103,172,148,149,90,1,152,5,153,155,70,72,62,159,162,161,37,94,164,165,166,136,168,169,170,171,93,101,163,175,128,177,120,17,180,181,22,154,43,59,48,104,188,141,12,191,64,193,194,115,196,197,198,187,];False
6710;9516;16226;[187,14,136,3,4,57,60,7,8,42,10,192,190,13,23,15,118,92,68,19,20,173,186,123,24,25,131,27,28,29,106,31,2,147,34,16,55,66,38,39,132,41,9,6,44,45,46,145,21,49,50,51,89,53,54,36,56,183,77,79,184,32,158,63,52,65,124,67,18,69,156,71,146,111,74,144,76,58,78,81,80,61,82,83,157,85,86,87,88,160,150,91,138,95,174,109,195,97,143,99,84,134,102,100,129,96,117,107,108,98,110,73,112,113,114,182,116,35,30,119,178,47,122,151,11,125,126,127,176,0,130,140,40,139,105,135,185,137,179,121,26,189,142,33,75,133,103,172,148,149,90,1,152,5,153,155,70,72,62,159,162,161,37,94,164,165,166,167,168,169,12,171,93,101,163,175,128,177,120,17,180,181,22,154,43,59,48,104,188,141,170,191,64,193,194,115,196,197,198,199,];False
6602;9621;16223;[199,14,167,150,4,57,60,7,8,42,10,192,190,13,23,15,118,161,68,19,20,173,186,123,24,25,131,27,28,76,106,31,2,147,34,16,55,66,38,39,132,114,9,6,44,45,46,119,21,49,50,51,89,53,85,36,56,183,77,79,184,32,158,63,52,65,124,67,18,69,156,71,146,111,74,144,29,174,78,81,80,61,82,83,157,54,5,87,88,160,3,91,138,189,58,109,195,97,143,99,84,134,102,100,129,96,117,107,108,98,110,73,112,113,41,26,116,35,30,145,178,47,122,151,11,125,126,127,176,0,130,140,40,139,105,135,185,137,179,121,182,95,142,33,75,133,103,172,148,149,90,1,152,86,153,155,70,72,62,159,162,92,37,94,164,165,166,136,168,169,170,171,93,101,163,175,128,177,120,17,180,181,22,154,43,59,48,104,188,141,193,191,64,12,194,115,196,197,198,187,];False
6693;9529;16222;[187,14,167,150,4,57,60,7,8,42,10,192,190,13,23,15,118,92,68,19,20,173,186,123,24,25,131,27,28,29,106,31,2,147,34,16,55,66,38,39,132,41,9,6,44,45,46,145,21,49,50,51,89,53,85,36,56,183,77,79,184,32,158,63,52,65,124,67,18,1,156,71,146,111,74,144,76,58,78,81,80,61,82,83,157,54,86,87,88,160,3,91,138,95,174,109,195,97,143,99,84,134,102,100,129,96,117,107,108,98,110,73,112,113,114,26,116,35,30,119,178,47,122,151,11,125,126,127,176,0,130,140,40,139,105,135,185,137,179,121,182,189,142,33,75,133,103,172,148,149,90,69,152,5,153,155,70,72,62,159,162,161,37,94,164,165,166,136,168,169,170,171,93,101,163,175,128,177,120,17,180,181,22,154,43,59,48,104,188,141,12,191,64,193,194,115,196,197,198,199,];False
6748;9474;16222;[187,14,136,150,4,57,60,7,8,1,10,192,190,13,23,15,118,92,68,19,20,173,186,123,24,25,131,27,28,29,106,31,2,147,34,16,55,66,38,39,132,41,9,6,44,45,46,145,21,49,50,51,89,53,54,36,56,183,77,79,184,32,158,63,52,65,124,67,18,69,156,71,146,111,74,144,76,58,78,81,80,61,82,83,157,85,86,87,88,160,3,91,138,95,174,109,195,97,143,99,84,134,102,100,129,96,117,107,108,98,110,73,112,113,114,26,116,35,30,119,178,47,122,151,11,125,126,127,176,0,130,140,40,139,105,135,185,137,179,121,182,189,142,33,75,133,103,172,148,149,90,42,152,5,153,155,70,72,62,159,162,161,37,94,164,165,166,167,168,169,170,171,93,101,163,175,128,177,120,17,180,181,22,154,43,59,48,104,188,141,12,191,64,193,194,115,196,197,198,199,];False
6719;9500;16219;[187,14,136,3,4,57,60,7,8,42,10,192,190,13,23,15,118,92,68,19,20,173,186,123,24,25,131,27,28,29,106,31,2,147,34,16,55,66,38,39,132,41,9,6,44,45,46,145,21,49,50,51,89,53,54,36,56,183,77,79,184,32,158,63,52,65,124,67,18,69,156,71,146,111,74,144,76,58,78,81,80,61,82,83,157,85,86,87,88,160,150,91,138,95,174,109,195,97,143,99,84,134,102,100,129,47,117,107,108,98,110,73,112,113,114,182,116,35,30,119,178,96,122,151,11,125,126,127,176,0,130,140,40,139,105,135,185,137,179,121,26,189,142,33,75,133,103,172,148,149,90,1,152,5,153,155,70,72,62,159,162,161,37,94,164,165,166,167,168,169,170,171,93,101,163,175,128,177,120,17,180,181,22,154,43,59,48,104,188,141,12,191,64,193,194,115,196,197,198,199,];False
6662;9553;16215;[199,14,167,150,4,57,60,7,8,42,10,192,190,13,23,15,118,92,68,19,20,173,186,123,24,25,131,27,28,29,106,31,2,147,34,16,55,66,38,39,132,114,9,6,44,45,46,145,21,49,50,51,89,53,85,36,56,183,77,79,184,32,158,63,52,65,124,67,18,69,156,71,146,111,74,144,76,174,78,81,80,61,82,83,157,54,86,87,88,160,3,91,138,95,58,109,195,97,143,99,84,134,102,100,129,96,117,107,108,98,110,73,112,113,41,26,116,35,30,119,178,47,22,151,11,125,126,127,176,0,130,140,40,139,105,135,185,137,179,121,182,189,142,33,75,133,103,172,148,149,90,1,152,5,153,155,70,72,62,159,162,161,37,94,164,165,166,136,168,169,170,171,93,101,163,175,128,177,120,17,180,181,122,154,43,59,48,104,188,141,12,191,64,193,194,115,196,197,198,187,];False
6780;9434;16214;[187,14,136,3,4,57,60,7,8,42,10,192,190,13,23,15,118,92,68,19,20,195,186,123,24,25,131,27,28,29,106,31,2,109,34,16,55,66,38,39,132,41,9,6,44,45,46,145,21,49,50,51,89,53,54,36,56,183,77,79,184,32,158,63,64,65,124,67,18,69,156,71,146,73,74,144,76,58,78,81,80,61,82,83,157,85,86,87,88,160,150,91,138,95,174,147,105,97,143,99,84,134,102,100,129,96,117,107,108,98,110,111,112,113,114,182,116,35,30,119,178,47,122,151,11,125,126,127,176,0,130,140,40,139,173,135,185,137,179,121,26,189,142,33,75,133,103,172,148,149,90,1,152,5,153,155,70,72,62,159,162,161,37,94,164,165,166,167,168,169,170,171,93,101,163,175,128,177,120,17,180,181,22,154,43,59,48,104,188,141,12,191,52,193,194,115,196,197,198,199,];False
6659;9546;16205;[199,14,167,150,4,57,60,7,8,42,10,192,190,13,23,15,118,92,68,19,20,173,186,123,24,25,131,27,28,76,106,31,2,147,34,16,55,66,38,39,132,114,9,6,44,45,46,145,21,49,50,51,153,53,85,36,56,183,77,79,184,32,158,63,52,65,124,67,18,69,156,71,146,111,74,144,29,174,78,81,80,61,82,83,157,54,86,87,88,160,3,91,138,95,58,109,195,97,143,99,84,134,102,100,129,96,117,107,108,98,110,73,112,113,41,26,116,35,30,119,178,47,122,151,11,125,126,127,176,0,130,140,40,139,105,135,185,137,179,121,182,189,142,33,75,133,103,172,148,149,90,1,152,5,89,155,70,72,62,159,162,161,37,94,164,165,166,136,168,169,170,171,93,101,163,175,128,177,120,17,180,181,22,154,43,59,48,104,188,141,193,191,64,12,194,115,196,197,198,187,];False
6713;9492;16205;[187,14,136,3,4,57,60,7,8,42,10,192,190,13,23,15,118,92,68,19,20,173,186,123,24,25,131,27,28,29,106,31,2,147,34,16,55,66,38,39,132,41,9,6,44,45,46,145,21,49,50,51,89,53,54,36,56,183,77,79,184,32,158,63,52,65,124,67,18,69,156,71,146,111,74,144,76,58,78,81,80,61,82,83,157,85,86,87,93,160,150,91,138,95,174,109,195,97,143,99,84,134,102,100,129,96,117,107,108,98,110,73,112,113,114,182,116,35,30,119,178,47,122,151,11,125,126,127,176,0,130,140,40,139,105,135,185,137,179,121,26,189,142,33,75,133,103,172,148,149,90,1,152,5,153,155,70,72,62,159,162,161,37,94,164,165,166,167,168,169,170,171,88,101,163,175,128,177,120,17,180,181,22,154,43,59,48,104,188,141,12,191,64,193,194,115,196,197,198,199,];False
6593;9611;16204;[199,14,167,150,4,57,60,7,8,42,10,192,190,13,23,15,118,92,68,19,20,173,186,123,24,25,131,27,28,76,106,31,2,147,34,16,55,66,38,39,132,114,9,6,44,45,46,119,21,49,50,51,89,53,85,36,56,183,77,79,184,32,158,63,52,65,178,67,18,69,156,71,146,111,74,144,29,174,78,81,80,61,82,83,157,54,5,87,88,160,3,91,138,189,58,109,195,97,143,99,84,134,102,100,129,96,117,107,108,98,110,73,112,113,188,26,116,35,30,145,124,47,122,151,11,125,126,127,176,0,130,140,40,139,105,135,185,137,179,121,182,95,142,33,75,133,103,172,148,149,90,1,152,86,153,155,70,72,62,159,162,161,37,94,164,165,166,136,168,169,170,171,93,101,163,175,128,177,120,17,180,181,22,154,43,59,48,104,41,141,193,191,64,12,194,115,196,197,198,187,];False
6803;9401;16204;[187,14,136,3,4,57,60,7,8,42,10,192,190,13,23,15,118,92,68,19,20,195,186,71,24,25,131,27,28,29,106,31,2,147,34,16,55,66,38,39,132,41,9,6,44,45,46,145,21,49,50,51,89,53,54,36,56,183,77,79,184,32,158,63,52,65,124,67,18,69,156,123,146,73,74,144,76,58,78,81,80,61,82,83,157,85,86,87,88,160,150,91,138,95,174,109,105,97,143,99,84,134,102,100,129,96,117,107,108,98,110,111,112,113,114,182,116,35,30,119,178,47,122,151,11,125,126,127,176,0,130,140,40,139,173,135,185,137,179,121,26,189,142,33,75,133,103,172,148,149,90,1,152,5,153,155,70,72,62,159,162,161,37,94,164,165,166,167,168,169,170,171,93,101,163,175,128,177,120,17,180,181,22,154,43,59,48,104,188,141,12,191,64,193,194,115,196,197,198,199,];False
6665;9538;16203;[199,14,167,150,4,57,60,7,8,42,10,192,190,13,23,15,118,92,68,19,20,173,186,123,24,27,131,25,28,76,106,31,2,147,34,16,55,66,38,39,132,114,9,6,44,45,46,145,21,49,50,51,89,53,85,36,56,183,77,79,184,32,158,63,52,65,124,67,18,69,156,71,146,111,74,144,29,174,78,81,80,61,82,83,157,54,86,87,88,160,3,91,138,95,58,109,195,97,143,99,84,134,102,100,129,96,117,107,108,98,110,73,112,113,41,26,116,35,30,119,178,47,122,151,11,125,126,127,176,0,130,140,40,139,105,135,185,137,179,121,182,189,142,33,75,133,103,172,148,149,90,1,152,5,153,155,70,72,62,159,162,161,37,94,164,165,166,136,168,169,170,171,93,101,163,175,128,177,120,17,180,181,22,154,43,59,48,104,188,141,193,191,64,12,194,115,196,197,198,187,];False
6692;9510;16202;[187,14,136,150,4,57,60,7,8,42,10,192,190,13,23,15,118,92,68,19,20,173,186,123,24,25,131,27,28,29,106,31,2,147,34,16,55,66,38,39,132,41,9,6,44,45,46,145,21,49,50,51,89,53,54,36,56,183,77,79,184,32,158,63,52,65,124,67,18,69,156,71,146,111,74,144,76,58,78,81,80,61,82,83,157,85,86,87,88,160,3,91,138,95,174,109,195,97,143,99,84,134,102,100,129,96,117,107,108,98,110,73,112,113,114,26,116,35,30,119,178,47,122,151,11,125,126,127,176,0,130,140,40,139,105,135,185,137,179,121,182,189,142,33,75,133,103,172,148,149,90,1,152,5,153,155,70,17,62,159,162,161,37,94,164,165,166,167,168,169,170,171,93,101,163,175,128,177,120,72,180,181,22,154,43,59,48,104,188,141,12,191,64,193,194,115,196,197,198,199,];False
6750;9452;16202;[187,14,136,3,4,57,60,7,8,42,10,192,190,13,23,15,118,92,68,19,20,173,186,123,41,25,131,27,28,29,106,31,2,147,34,16,55,66,38,39,132,24,9,6,44,45,46,145,21,49,50,51,89,53,54,36,56,183,77,79,184,32,158,63,52,65,124,67,18,69,156,71,146,111,74,144,76,58,78,81,80,61,82,83,157,85,86,87,88,160,150,91,138,95,174,109,195,97,143,99,84,134,102,100,129,96,117,107,108,98,110,73,112,113,114,182,116,35,30,119,178,47,122,151,11,125,126,127,176,0,130,140,40,139,105,135,185,137,179,121,26,189,142,33,75,133,103,172,148,149,90,1,152,5,153,155,70,72,62,159,162,161,37,94,164,165,166,167,168,169,170,171,93,101,163,175,128,177,120,17,180,181,22,154,43,59,48,104,188,141,12,191,64,193,194,115,196,197,198,199,];False
6826;9371;16197;[187,14,136,3,4,57,60,7,8,42,10,192,190,13,23,15,118,92,68,19,20,195,186,123,24,199,131,27,28,29,106,31,2,147,34,16,55,66,38,39,132,41,9,6,44,45,46,145,21,49,50,51,89,53,54,36,56,183,77,79,184,32,158,63,52,65,124,67,18,69,156,71,146,73,74,144,76,58,78,81,80,61,82,83,157,85,86,87,88,160,150,91,138,95,174,109,105,97,143,99,84,134,102,100,129,96,117,107,108,98,110,111,112,113,114,182,116,35,30,119,178,47,122,151,11,125,126,127,176,0,130,140,40,139,173,135,185,137,179,121,26,189,142,33,75,133,103,172,148,149,90,1,152,5,153,155,70,72,62,159,162,161,37,94,164,165,166,167,168,169,170,171,93,101,163,175,128,177,120,17,180,181,22,154,43,59,48,104,188,141,12,191,64,193,194,115,196,197,198,25,];False
6692;9498;16190;[187,14,136,3,4,57,60,7,8,42,10,192,190,13,23,15,118,92,68,19,20,173,186,123,24,25,131,27,28,29,106,31,2,147,34,16,55,66,38,39,132,41,9,6,44,45,46,145,21,49,50,51,89,53,54,36,56,183,77,79,184,32,158,63,52,65,124,67,18,69,156,71,146,111,74,144,76,58,78,81,80,61,82,83,157,85,86,87,155,160,150,91,138,95,174,109,195,97,143,99,84,134,102,100,129,96,117,107,108,98,110,73,112,113,114,182,116,35,30,119,178,47,122,151,11,125,126,127,176,0,130,140,40,139,105,135,185,137,179,121,26,189,142,33,75,133,103,172,148,149,90,1,152,5,153,88,70,72,62,159,162,161,37,94,164,165,166,167,168,169,170,171,93,101,163,175,128,177,120,17,180,181,22,154,43,59,48,104,188,141,12,191,64,193,194,115,196,197,198,199,];False
6790;9399;16189;[187,14,136,3,4,57,60,7,8,42,10,192,190,13,23,15,118,92,68,19,20,195,186,123,24,25,131,27,28,29,106,31,2,147,34,16,55,66,38,39,132,41,9,6,44,45,46,145,21,49,50,51,89,53,54,36,56,183,77,79,184,32,158,63,52,65,124,67,18,69,156,71,146,73,74,144,76,58,78,81,80,61,82,83,157,85,86,87,88,1,150,91,138,95,174,109,105,97,143,99,84,134,102,100,129,96,117,107,108,98,110,111,112,113,114,182,116,35,30,119,178,47,122,151,11,125,126,127,176,0,130,140,40,139,173,135,185,137,179,121,26,189,142,33,75,133,103,172,148,149,90,160,152,5,153,155,70,72,62,159,162,161,37,94,164,165,166,167,168,169,170,171,93,101,163,175,128,177,120,17,180,181,22,154,43,59,48,104,188,141,12,191,64,193,194,115,196,197,198,199,];False
6684;9500;16184;[187,14,136,3,4,57,60,7,8,42,10,192,190,13,23,15,118,92,68,19,20,173,186,123,24,25,131,27,28,29,106,31,2,147,34,16,55,66,38,39,132,41,9,6,44,45,46,145,21,49,50,51,89,53,54,36,56,183,77,79,184,32,158,63,52,65,124,67,18,69,156,71,146,111,74,144,76,58,78,81,80,61,82,83,157,85,86,87,88,160,150,91,138,95,174,109,195,97,143,99,84,134,102,100,129,96,117,107,108,98,110,73,112,113,114,182,116,35,30,119,178,47,122,151,11,125,126,127,176,0,130,140,40,139,105,135,185,137,179,121,26,189,142,33,75,133,103,172,148,149,90,1,152,5,153,155,70,72,62,159,162,161,37,94,164,165,166,167,168,169,170,171,93,101,163,175,128,177,120,17,180,181,22,154,43,59,48,104,188,141,12,191,64,193,194,115,196,197,198,199,];False
6660;9521;16181;[199,14,167,150,4,57,60,7,8,42,10,192,190,13,23,15,118,166,68,19,20,173,186,123,24,25,131,27,28,29,106,31,2,147,34,16,55,66,38,39,132,114,9,6,44,45,46,145,21,49,50,51,89,53,85,36,56,183,77,79,184,32,158,63,52,65,124,67,18,69,156,71,146,111,74,144,76,58,78,81,80,61,82,83,157,54,86,87,88,160,3,91,138,95,174,109,195,97,143,99,84,134,102,100,129,96,117,107,108,98,110,73,112,113,41,26,116,35,30,119,178,47,122,151,11,125,126,127,176,0,130,140,40,139,105,135,185,137,179,121,182,189,142,33,75,133,103,172,148,149,90,1,152,5,153,155,70,72,62,159,162,161,37,94,164,165,92,136,168,169,170,171,93,101,163,175,128,177,120,17,180,181,22,154,43,59,48,104,188,141,12,191,64,193,194,115,196,197,198,187,];False
6660;9520;16180;[187,14,167,150,4,57,60,7,8,42,10,192,190,13,23,15,118,92,68,19,20,173,186,123,24,25,131,27,28,29,106,31,2,147,34,16,55,66,38,39,132,41,9,6,44,45,46,145,21,49,50,51,89,53,54,36,56,183,77,79,184,32,158,63,52,65,124,67,18,69,156,71,146,111,74,144,76,58,78,81,80,61,82,83,157,85,86,87,88,160,3,91,138,95,174,109,195,97,143,99,84,134,102,100,129,96,117,107,108,98,110,73,112,113,114,26,116,35,30,119,178,47,122,151,11,125,126,127,176,0,130,140,40,139,105,135,185,137,179,121,182,189,142,33,75,133,103,172,148,149,90,1,152,5,153,155,70,72,62,159,162,161,37,94,164,165,166,136,168,169,170,171,93,101,163,175,128,177,120,17,180,181,22,154,43,59,48,104,188,141,12,191,64,193,194,115,196,197,198,199,];False
6763;9414;16177;[187,14,136,3,4,57,60,7,8,42,10,192,190,13,23,15,118,92,68,19,20,195,186,123,24,25,131,27,28,29,106,31,2,147,34,16,55,66,38,39,132,41,9,6,44,45,46,145,21,49,50,51,89,53,54,36,56,183,77,79,184,32,158,63,52,65,124,67,18,69,156,71,146,73,74,144,76,58,78,81,80,61,82,83,157,85,86,87,88,160,150,91,138,95,174,109,105,97,143,99,84,134,102,100,129,96,117,107,108,98,110,111,112,113,114,182,116,35,30,119,178,47,122,151,11,125,126,127,176,0,130,140,40,139,173,135,185,137,179,121,26,189,142,33,75,133,103,172,148,149,90,1,152,5,153,155,70,72,62,159,162,161,37,94,164,165,166,167,168,169,170,171,93,101,163,175,128,177,120,17,180,181,22,154,43,59,48,104,188,141,12,191,64,193,194,115,196,197,198,199,];False
6765;9412;16177;[187,14,136,3,4,57,60,7,8,42,10,192,190,13,23,15,118,92,68,19,20,195,186,123,24,25,131,27,28,29,106,31,2,109,34,16,55,66,38,39,132,41,9,6,44,45,46,145,21,49,50,51,89,53,54,36,56,183,77,79,184,32,158,63,52,65,124,67,18,69,156,71,146,73,74,144,76,58,78,81,80,61,82,83,157,85,86,87,88,160,150,91,138,95,174,147,105,97,143,99,84,134,102,100,129,96,117,107,108,98,110,111,112,113,114,182,116,35,30,119,178,47,122,151,11,125,126,127,176,0,130,140,40,139,173,135,185,137,179,121,26,189,142,33,75,133,103,172,148,149,90,1,152,5,153,155,70,72,62,159,162,161,37,94,164,165,166,167,168,169,170,171,93,101,163,175,128,177,120,17,180,181,22,154,43,59,48,104,188,141,12,191,64,193,194,115,196,197,198,199,];False
6652;9524;16176;[187,14,167,150,4,57,60,7,8,42,10,192,190,13,23,15,118,92,68,19,20,173,186,123,24,25,131,27,28,29,106,31,2,147,34,16,55,66,38,39,132,41,9,6,44,45,46,21,145,49,50,51,89,53,85,36,56,183,77,79,184,32,158,63,52,65,124,67,18,69,156,71,146,111,74,144,76,58,78,81,80,61,82,83,157,54,86,87,88,160,3,91,138,95,174,109,195,97,143,99,84,134,102,100,129,96,117,107,108,98,110,73,112,113,114,26,116,35,30,119,178,47,122,151,11,125,126,127,176,0,130,140,40,139,105,135,185,137,179,121,182,189,142,33,75,133,103,172,148,149,90,1,152,5,153,155,70,72,62,159,162,161,37,94,164,165,166,136,168,169,170,171,93,101,163,175,128,177,120,17,180,181,22,154,43,59,48,104,188,141,12,191,64,193,194,115,196,197,198,199,];False
6636;9534;16170;[199,14,167,150,4,57,60,7,8,89,10,192,190,13,23,15,118,92,68,19,20,173,186,123,24,25,131,27,28,76,106,31,2,147,34,16,55,66,38,39,132,114,9,6,44,45,46,145,21,49,50,51,42,53,85,36,56,183,77,79,184,32,158,63,52,65,124,67,18,69,156,71,146,111,74,144,29,174,78,81,80,61,82,83,157,54,86,87,88,160,3,91,138,95,58,109,195,97,143,99,84,134,102,100,129,96,117,107,108,98,110,73,112,113,41,26,116,35,30,119,178,47,122,151,11,125,126,127,176,0,130,140,40,139,105,135,185,137,179,121,182,189,142,33,75,133,103,172,148,149,90,1,152,5,153,155,70,72,62,159,162,161,37,94,164,165,166,136,168,169,170,171,93,101,163,175,128,177,120,17,180,181,22,154,43,59,48,104,188,141,193,191,64,12,194,115,196,197,198,187,];False
6694;9475;16169;[187,14,136,3,4,57,60,7,8,42,10,192,143,13,23,15,118,92,68,19,20,173,186,123,24,25,131,27,28,29,106,31,2,147,34,16,55,66,38,39,132,41,9,6,44,45,46,145,21,49,50,51,89,53,54,36,56,183,77,79,184,32,158,63,52,65,124,67,18,69,156,71,146,111,74,144,76,58,78,81,80,61,82,83,157,85,86,87,88,160,150,91,138,95,174,109,195,97,190,99,84,134,102,100,129,96,117,107,108,98,110,73,112,113,114,182,116,35,30,119,178,47,122,151,11,125,126,127,176,0,130,140,40,139,105,135,185,137,179,121,26,189,142,33,75,133,103,172,148,149,90,1,152,5,153,155,70,72,62,159,162,161,37,94,164,165,166,167,168,169,170,171,93,101,163,175,128,177,120,17,180,181,22,154,43,59,48,104,188,141,12,191,64,193,194,115,196,197,198,199,];False
6665;9504;16169;[199,14,167,150,4,57,60,7,8,42,10,192,190,13,23,15,123,92,68,19,20,173,186,118,24,25,131,27,28,29,106,31,2,147,34,16,55,66,38,39,132,114,9,6,44,45,46,145,21,49,50,51,89,53,85,36,56,183,77,79,184,32,158,63,52,65,124,67,18,69,156,71,146,111,74,144,76,174,78,81,80,61,82,83,157,54,86,87,88,160,3,91,138,95,58,109,195,97,143,99,84,134,102,100,129,96,117,107,108,98,110,73,112,113,41,26,116,35,30,119,178,47,122,151,11,125,126,127,176,0,130,140,40,139,105,135,185,137,179,121,182,189,142,33,75,133,103,172,148,149,90,1,152,5,153,155,70,72,62,159,162,161,37,94,164,165,166,136,168,169,170,171,93,101,163,175,128,177,120,17,180,181,22,154,43,59,48,104,188,141,12,191,64,193,194,115,196,197,198,187,];False
6615;9554;16169;[199,14,167,150,4,57,60,7,8,42,10,192,190,13,23,15,118,92,68,19,20,173,186,123,24,25,131,27,28,76,106,31,2,147,34,16,55,66,38,39,132,114,9,6,44,45,46,145,21,49,50,51,89,53,85,36,56,183,77,79,184,32,158,63,52,65,124,67,18,69,156,71,146,111,74,144,29,174,78,81,80,61,82,83,157,54,86,87,88,160,3,91,138,95,58,109,195,97,143,99,84,134,102,100,129,96,117,107,108,98,110,73,112,113,41,26,116,35,30,119,178,47,122,151,11,125,126,127,176,0,130,140,40,139,105,135,185,137,155,121,182,189,142,33,75,133,103,172,148,149,90,1,152,5,153,179,70,72,62,159,162,161,37,94,164,165,166,136,168,169,170,171,93,101,163,175,128,177,120,17,180,181,22,154,43,59,48,104,188,141,193,191,64,12,194,115,196,197,198,187,];False
6518;9648;16166;[199,14,167,150,4,57,60,7,8,42,10,192,190,13,23,15,118,92,68,19,138,173,186,123,24,25,131,27,28,76,106,31,2,147,34,16,55,66,38,39,132,114,9,6,44,45,46,119,21,49,50,51,89,53,85,36,56,183,77,79,184,32,158,63,52,65,124,67,18,69,156,71,146,111,74,144,29,174,78,81,80,61,82,83,157,54,5,87,88,160,3,91,20,189,58,109,195,97,143,99,84,134,102,100,129,96,117,107,108,98,110,73,112,113,41,26,116,35,30,145,178,47,122,151,11,125,126,127,176,0,130,140,40,139,105,135,185,137,179,121,182,95,142,33,75,133,103,172,148,149,90,1,152,86,153,155,70,72,62,159,162,161,37,94,164,165,166,136,168,169,170,171,93,101,163,175,128,177,120,17,180,181,22,154,43,59,48,104,188,141,193,191,64,12,194,115,196,197,198,187,];False
6710;9454;16164;[187,14,136,3,4,57,60,7,64,42,10,192,190,13,23,15,118,92,68,19,20,173,186,123,24,25,131,27,28,29,106,31,2,147,34,16,55,66,38,39,132,41,9,6,44,45,46,145,21,49,50,51,89,53,54,36,56,183,77,79,184,32,158,63,52,65,124,67,18,69,156,71,146,111,74,144,76,58,78,81,80,61,82,83,157,85,86,87,88,160,150,91,138,95,174,109,195,97,143,99,84,134,102,100,129,96,117,107,108,98,110,73,112,113,114,182,116,35,30,119,178,47,122,151,11,125,126,127,176,0,130,140,40,139,105,135,185,137,179,121,26,189,142,33,75,133,103,172,148,149,90,1,152,5,153,155,70,72,62,159,162,161,37,94,164,165,166,167,168,169,170,171,93,101,163,175,128,177,120,17,180,181,22,154,43,59,48,104,188,141,12,191,8,193,194,115,196,197,198,199,];False
6648;9515;16163;[187,14,167,150,4,57,60,7,8,42,10,192,190,13,23,15,118,92,68,19,20,173,186,123,24,25,131,27,28,29,106,31,2,147,34,16,55,66,73,39,132,41,9,6,44,45,46,145,21,49,50,51,89,53,85,36,56,183,77,79,184,32,158,63,52,65,124,67,18,69,156,71,146,111,74,144,76,58,78,81,80,61,82,83,157,54,86,87,88,160,3,91,138,95,174,109,195,97,143,99,84,134,102,100,129,96,117,107,108,98,110,38,112,113,114,26,116,35,30,119,178,47,122,151,11,125,126,127,176,0,130,140,40,139,105,135,185,137,179,121,182,189,142,33,75,133,103,172,148,149,90,1,152,5,153,155,70,72,62,159,162,161,37,94,164,165,166,136,168,169,170,171,93,101,163,175,128,177,120,17,180,181,22,154,43,59,48,104,188,141,12,191,64,193,194,115,196,197,198,199,];False
6666;9496;16162;[187,14,167,150,4,57,60,7,8,42,10,192,190,13,23,15,118,92,68,19,20,173,186,123,24,25,131,27,28,29,106,31,2,147,34,16,55,66,38,39,132,41,9,6,44,45,46,145,21,49,50,51,89,53,54,36,56,183,77,79,184,32,158,63,52,65,124,67,18,69,156,71,146,111,74,144,76,58,78,81,80,61,82,83,157,85,86,87,88,160,3,91,138,95,174,109,195,97,143,99,84,134,102,100,129,96,117,107,108,98,110,73,112,113,114,26,116,35,30,119,178,47,122,151,11,125,126,127,176,0,130,140,40,139,105,135,136,137,179,121,182,189,142,33,75,133,103,172,148,149,90,1,152,5,153,155,70,72,62,159,162,161,37,94,164,165,166,185,168,169,170,171,93,101,163,175,128,177,120,17,180,181,22,154,43,59,48,104,188,141,12,191,64,193,194,115,196,197,198,199,];False
6629;9531;16160;[199,14,167,150,4,57,60,7,8,42,10,192,190,13,23,15,118,92,68,19,20,173,186,123,24,25,131,27,28,76,106,31,2,147,34,16,55,66,38,39,132,114,9,6,44,45,46,145,21,49,50,51,89,53,85,36,56,183,77,79,184,32,158,63,52,65,124,67,18,69,156,71,146,111,74,144,29,174,78,81,80,61,82,83,157,54,86,87,88,160,3,91,138,95,58,109,195,97,143,99,84,134,102,100,129,96,117,107,108,98,110,73,112,113,41,26,116,35,30,119,178,47,122,153,11,125,126,127,176,0,130,140,40,139,105,135,185,137,179,121,182,189,142,33,75,133,103,172,148,149,90,1,152,5,151,155,70,72,62,159,162,161,37,94,164,165,166,136,168,169,170,171,93,101,163,175,128,177,120,17,180,181,22,154,43,59,48,104,188,141,193,191,64,12,194,115,196,197,198,187,];False
6658;9499;16157;[199,14,167,150,4,57,60,7,8,42,10,192,190,13,23,15,118,92,68,19,20,173,186,123,24,25,131,27,28,76,106,31,2,147,34,16,55,66,38,39,132,114,9,6,44,45,46,145,21,49,50,51,89,53,85,36,56,183,77,79,184,32,47,63,52,65,124,67,18,69,156,71,146,111,74,144,29,174,78,81,80,61,82,83,157,54,86,87,88,160,3,91,138,95,58,109,195,97,143,99,84,134,102,100,129,96,117,107,108,98,110,73,112,113,41,26,116,35,30,119,178,158,122,151,11,125,126,127,176,0,130,140,40,139,105,135,185,137,179,121,182,189,142,33,75,133,103,172,148,149,90,1,152,5,153,155,70,72,62,159,162,161,37,94,164,165,166,136,168,169,170,171,93,101,163,175,128,177,120,17,180,181,22,154,43,59,48,104,188,141,193,191,64,12,194,115,196,197,198,187,];False
6677;9478;16155;[187,14,136,3,4,57,60,7,8,42,10,192,190,13,23,15,118,92,68,19,20,173,186,123,24,25,131,27,28,29,106,31,2,147,34,16,55,66,38,39,132,41,9,6,44,45,46,145,21,49,50,51,89,53,54,36,56,183,77,79,184,32,158,63,52,65,124,67,18,69,156,71,146,111,74,144,76,58,78,81,80,61,82,83,157,85,86,87,88,160,150,91,138,95,174,109,195,97,143,99,84,134,102,100,129,96,117,107,108,98,110,73,112,113,114,26,116,35,30,119,178,47,122,151,11,125,126,127,176,0,130,140,40,139,105,135,185,137,179,121,182,189,142,33,75,133,103,172,148,149,90,1,152,5,153,155,70,72,62,159,162,161,37,94,164,165,166,167,168,169,170,171,93,101,163,175,128,177,120,17,180,181,22,154,43,59,48,104,188,141,12,191,64,193,194,115,196,197,198,199,];False
6669;9485;16154;[187,14,136,150,4,57,60,7,8,42,10,192,190,13,23,15,118,92,68,19,20,173,186,123,24,25,131,27,28,29,106,31,2,147,34,16,55,66,38,39,132,41,9,6,44,45,46,145,21,49,50,51,89,53,54,36,56,183,77,79,184,32,158,63,52,65,124,67,18,69,156,71,146,111,74,144,76,58,78,81,80,61,82,83,157,85,86,87,88,160,3,91,138,95,174,109,195,97,143,99,84,134,102,100,129,96,117,107,108,98,110,73,112,113,114,26,116,35,30,119,178,47,122,151,11,125,126,127,176,0,130,140,40,139,105,135,185,137,179,121,182,189,142,33,75,133,103,172,148,149,90,1,152,5,153,155,70,72,62,159,162,161,37,94,164,165,166,167,168,169,170,171,93,101,163,175,128,177,120,17,180,181,22,154,43,59,48,104,188,141,12,191,64,193,194,115,196,197,198,199,];False
6740;9412;16152;[187,14,136,3,4,57,60,7,8,42,10,192,190,13,23,15,118,92,68,19,20,105,186,123,24,25,131,27,28,29,106,31,2,147,34,16,55,66,38,39,132,41,9,6,44,45,46,145,21,49,50,51,89,53,54,36,56,183,77,79,184,32,158,63,52,65,124,67,18,69,156,71,146,73,74,144,76,58,78,81,80,61,82,83,157,85,86,87,88,160,150,91,138,95,174,109,195,97,143,99,84,134,102,100,129,96,117,107,108,98,110,111,112,113,114,182,116,35,30,119,178,47,122,151,11,125,126,127,176,0,130,140,40,139,173,135,185,137,179,121,26,189,142,33,75,133,103,172,148,149,90,1,152,5,153,155,70,72,62,159,162,161,37,94,164,165,166,167,168,169,170,171,93,101,163,175,128,177,120,17,180,181,22,154,43,59,48,104,188,141,12,191,64,193,194,115,196,197,198,199,];False
6486;9665;16151;[199,14,167,150,4,57,60,7,8,42,10,192,190,13,23,15,118,92,68,19,20,173,186,123,24,25,131,27,28,76,106,31,2,147,34,16,55,66,38,39,132,114,9,6,44,45,46,119,21,49,50,51,89,53,85,36,56,183,77,79,184,32,158,63,52,65,124,67,18,69,156,71,146,111,74,144,29,174,78,81,80,61,120,83,157,54,5,87,88,160,3,91,138,189,58,109,195,97,143,99,84,134,102,100,129,96,117,107,108,98,110,73,112,113,41,26,116,35,30,145,178,47,122,151,11,125,126,127,176,0,130,140,40,139,105,135,185,137,179,121,182,95,142,33,75,133,103,172,148,149,90,1,152,86,153,155,70,72,62,159,162,161,37,94,164,165,166,136,168,169,170,171,93,101,163,175,128,177,82,17,180,181,22,154,43,59,48,104,188,141,193,191,64,12,194,115,196,197,198,187,];False
6654;9492;16146;[199,14,167,150,4,57,60,7,8,42,10,192,190,13,23,15,118,92,68,19,20,173,186,123,24,25,131,27,28,29,106,31,2,147,34,16,55,66,38,39,132,41,9,6,44,45,46,145,21,49,50,51,89,53,85,36,56,183,77,79,184,32,158,63,52,65,124,67,18,69,156,71,146,111,74,144,76,58,78,81,80,61,82,83,157,54,86,87,88,160,3,91,138,95,174,109,195,97,143,99,84,134,102,100,129,96,117,107,108,98,110,73,112,113,114,26,116,35,30,119,178,47,122,151,11,125,126,127,176,196,130,140,40,139,105,135,185,137,179,121,182,189,142,33,75,133,103,172,148,149,90,1,152,5,153,155,70,72,62,159,162,161,37,94,164,165,166,136,168,169,170,171,93,101,163,175,128,177,120,17,180,181,22,154,43,59,48,104,188,141,12,191,64,193,194,115,0,197,198,187,];False
6550;9596;16146;[199,14,167,150,4,57,60,7,8,42,10,192,190,13,23,15,118,92,68,19,20,173,186,123,24,25,131,27,28,29,106,31,2,147,34,16,55,66,38,39,132,114,9,6,44,45,46,145,21,49,50,51,89,53,85,36,56,183,77,79,184,32,158,63,52,65,124,67,18,69,156,71,146,111,74,144,76,58,78,81,80,61,82,83,157,54,86,87,88,160,3,91,138,95,174,109,195,97,143,30,84,134,102,100,129,96,117,107,108,98,110,73,112,113,41,26,116,35,99,119,178,47,122,151,11,125,126,127,176,0,130,140,40,139,105,135,185,137,179,121,182,189,142,33,75,133,103,172,148,149,90,1,152,5,153,155,70,72,62,159,162,161,37,94,164,165,166,136,168,169,170,171,93,101,163,175,128,177,120,17,180,181,22,154,43,59,48,104,188,141,12,191,64,193,194,115,196,197,198,187,];False
6569;9575;16144;[199,14,167,150,4,57,60,7,8,42,10,192,190,13,23,15,118,92,68,19,20,173,186,123,24,25,131,27,28,76,106,31,2,147,34,16,55,66,38,39,132,114,9,6,44,45,46,145,21,49,50,51,89,53,85,36,56,183,77,79,184,32,158,63,52,65,124,67,18,69,156,71,146,111,74,144,29,174,78,81,80,61,82,83,157,54,86,87,88,160,3,91,138,95,58,109,195,97,143,99,84,134,102,100,129,96,117,107,108,98,110,73,112,113,41,26,116,35,30,119,178,47,122,151,11,125,126,127,176,0,130,140,40,43,105,135,185,137,179,121,182,189,142,33,75,133,103,172,148,149,90,1,152,5,153,155,70,72,62,159,162,161,37,94,164,165,166,136,168,169,170,171,93,101,163,175,128,177,120,17,180,181,22,154,139,59,48,104,188,141,193,191,64,12,194,115,196,197,198,187,];False
6617;9525;16142;[187,14,167,150,4,57,60,7,8,42,10,192,190,13,23,15,118,92,68,19,20,173,186,123,24,25,188,27,28,29,106,31,2,147,34,16,55,66,38,39,132,41,9,6,44,45,46,145,21,49,50,51,89,53,85,36,56,183,77,79,184,32,158,63,52,65,124,67,18,69,156,71,146,111,74,144,76,58,78,81,80,61,82,83,157,54,86,87,88,160,3,91,138,95,174,109,195,97,143,99,84,134,102,100,129,96,117,107,108,98,110,73,112,113,114,26,116,35,30,119,178,47,122,151,11,125,126,127,176,0,130,140,40,139,105,135,185,137,179,121,182,189,142,33,75,133,103,172,148,149,90,1,152,5,153,155,70,72,62,159,162,161,37,94,164,165,166,136,168,169,170,171,93,101,163,175,128,177,120,17,180,181,22,154,43,59,48,104,131,141,12,191,64,193,194,115,196,197,198,199,];False
6623;9519;16142;[199,14,167,150,4,57,60,7,8,42,10,192,190,13,23,15,118,92,68,19,20,173,186,123,24,25,131,27,28,29,106,31,55,147,34,16,2,66,38,39,132,114,9,6,44,45,46,145,21,49,50,51,89,53,85,36,56,183,77,79,184,32,158,63,52,65,124,67,18,69,156,71,146,111,74,144,76,58,78,81,80,61,82,83,157,54,86,87,88,160,3,91,138,95,174,109,195,97,143,99,84,134,102,100,129,96,117,107,108,98,110,73,112,113,41,26,116,35,30,119,178,47,122,151,11,125,126,127,176,0,130,140,40,139,105,135,185,137,179,121,182,189,142,33,75,133,103,172,148,149,90,1,152,5,153,155,70,72,62,159,162,161,37,94,164,165,166,136,168,169,170,171,93,101,163,175,128,177,120,17,180,181,22,154,43,59,48,104,188,141,12,191,64,193,194,115,196,197,198,187,];False
6614;9528;16142;[199,14,167,150,4,57,60,7,8,42,10,192,190,13,23,15,118,92,68,19,20,173,186,123,24,25,131,27,28,29,106,31,2,147,34,103,55,66,38,39,132,114,9,6,44,45,46,145,21,49,50,51,89,53,85,36,56,183,77,79,184,32,158,63,52,65,124,67,18,69,156,71,146,111,74,144,76,174,78,81,80,61,82,83,157,54,86,87,88,160,3,91,138,95,58,109,195,97,143,99,84,134,102,100,129,96,117,107,108,98,110,73,112,113,41,26,116,35,30,119,178,47,122,151,11,125,126,127,176,0,130,140,40,139,105,135,185,137,179,121,182,189,142,33,75,133,16,172,148,149,90,1,152,5,153,155,70,72,62,159,162,161,37,94,164,165,166,136,168,169,170,171,93,101,163,175,128,177,120,17,180,181,22,154,43,59,48,104,188,141,12,191,64,193,194,115,196,197,198,187,];False
6579;9550;16129;[199,14,167,150,4,57,60,7,8,42,10,192,190,13,23,15,118,74,68,19,20,173,186,123,24,25,131,27,28,76,106,31,2,147,34,16,55,66,38,39,132,114,9,6,44,45,46,145,21,49,50,51,89,53,85,36,56,183,77,79,184,32,158,63,52,65,124,67,18,69,156,71,146,111,92,144,29,174,78,81,80,61,82,83,157,54,86,87,88,160,3,91,138,95,58,109,195,97,143,99,84,134,102,100,129,96,117,107,108,98,110,73,112,113,41,26,116,35,30,119,178,47,122,151,11,125,126,127,176,0,130,140,40,139,105,135,185,137,179,121,182,189,142,33,75,133,103,172,148,149,90,1,152,5,153,155,70,72,62,159,162,161,37,94,164,165,166,136,168,169,170,171,93,101,163,175,128,177,120,17,180,181,22,154,43,59,48,104,188,141,193,191,64,12,194,115,196,197,198,187,];False
6604;9523;16127;[199,14,167,150,4,57,60,7,8,42,10,192,50,13,23,15,118,92,68,19,20,173,186,123,24,25,131,27,28,29,106,31,2,147,34,16,55,66,38,39,132,41,9,6,44,45,46,145,21,49,190,51,89,53,85,36,56,183,77,79,184,32,158,63,52,65,124,67,18,69,156,71,146,111,74,144,76,58,78,81,80,61,82,83,157,54,86,87,88,160,3,91,138,95,174,109,195,97,143,99,84,134,102,100,129,96,117,107,108,98,110,73,112,113,114,26,116,35,30,119,178,47,122,151,11,125,126,127,176,0,130,140,40,139,105,135,185,137,179,121,182,189,142,33,75,133,103,172,148,149,90,1,152,5,153,155,70,72,62,159,162,161,37,94,164,165,166,136,168,169,170,171,93,101,163,175,128,177,120,17,180,181,22,154,43,59,48,104,188,141,12,191,64,193,194,115,196,197,198,187,];False
6600;9525;16125;[199,14,167,150,4,57,60,7,8,42,10,192,190,13,23,15,118,92,68,19,20,173,186,123,24,25,131,27,28,76,106,45,2,147,34,16,55,66,38,39,132,114,9,6,44,31,46,145,21,49,50,51,89,53,85,36,56,183,77,79,184,32,158,63,52,65,124,67,18,69,156,71,146,111,74,144,29,174,78,81,80,61,82,83,157,54,86,87,88,160,3,91,138,95,58,109,195,97,143,99,84,134,102,100,129,96,117,107,108,98,110,73,112,113,41,26,116,35,30,119,178,47,122,151,11,125,126,127,176,0,130,140,40,139,105,135,185,137,179,121,182,189,142,33,75,133,103,172,148,149,90,1,152,5,153,155,70,72,62,159,162,161,37,94,164,165,166,136,168,169,170,171,93,101,163,175,128,177,120,17,180,181,22,154,43,59,48,104,188,141,193,191,64,12,194,115,196,197,198,187,];False
6589;9532;16121;[187,14,167,150,4,57,60,7,120,42,10,192,190,13,23,15,118,92,68,19,20,173,186,123,24,25,131,27,28,29,106,31,2,147,34,16,55,66,38,39,132,41,9,6,44,45,46,145,21,49,50,51,89,53,85,36,56,183,77,79,184,32,158,63,52,65,124,67,18,69,156,71,146,111,74,144,76,58,78,81,80,61,82,83,157,54,86,87,88,160,3,91,138,95,174,109,195,97,143,99,84,134,102,100,129,96,117,107,108,98,110,73,112,113,114,26,116,35,30,119,178,47,122,151,11,125,126,127,176,0,130,140,40,139,105,135,185,137,179,121,182,189,142,33,75,133,103,172,148,149,90,1,152,5,153,155,70,72,62,159,162,161,37,94,164,165,166,136,168,169,170,171,93,101,163,175,128,177,8,17,180,181,22,154,43,59,48,104,188,141,12,191,64,193,194,115,196,197,198,199,];False
6747;9373;16120;[187,14,136,3,4,57,60,7,8,42,27,192,190,13,23,15,118,92,68,19,20,173,186,123,24,25,131,10,28,29,106,31,2,147,34,16,55,66,38,39,132,41,9,6,44,45,46,145,21,49,50,51,89,53,54,36,56,183,77,79,184,32,158,63,52,65,124,67,18,69,156,71,146,73,74,144,76,58,78,81,80,61,82,83,157,85,86,87,88,160,150,91,138,95,174,109,195,97,143,99,84,134,102,100,129,96,117,107,108,98,110,111,112,113,114,182,116,35,30,119,178,47,122,151,11,125,126,127,176,0,130,140,40,139,105,135,185,137,179,121,26,189,142,33,75,133,103,172,148,149,90,1,152,5,153,155,70,72,62,159,162,161,37,94,164,165,166,167,168,169,170,171,93,101,163,175,128,177,120,17,180,181,22,154,43,59,48,104,188,141,12,191,64,193,194,115,196,197,198,199,];False
6708;9410;16118;[187,14,136,3,4,57,60,7,8,42,10,192,190,13,23,15,118,92,68,19,20,173,186,123,24,25,131,27,28,29,106,31,2,147,34,16,55,66,38,39,132,41,9,6,44,45,46,145,21,146,50,51,89,53,54,36,56,183,77,79,184,32,158,63,52,65,124,67,18,69,156,71,49,111,74,144,76,58,78,81,80,61,82,83,157,85,86,87,88,160,150,91,138,95,174,109,195,97,143,99,84,134,102,100,129,96,117,107,108,98,110,73,112,113,114,182,116,35,30,119,178,47,122,151,11,125,126,127,176,0,130,140,40,139,105,135,185,137,179,121,26,189,142,33,75,133,103,172,148,149,90,1,152,5,153,155,70,72,62,159,162,161,37,94,164,165,166,167,168,169,170,171,93,101,163,175,128,177,120,17,180,181,22,154,43,59,48,104,188,141,12,191,64,193,194,115,196,197,198,199,];False
6583;9533;16116;[199,14,167,150,4,57,60,7,8,42,10,192,190,13,23,15,118,123,68,19,20,173,186,92,24,25,131,27,28,29,106,31,2,147,34,16,55,66,38,39,132,114,9,6,44,45,46,145,21,49,50,51,89,53,85,36,56,183,77,79,184,32,158,63,52,65,124,67,18,69,156,71,146,111,74,144,76,58,78,81,80,61,82,83,157,54,86,87,88,160,3,91,138,95,174,109,195,97,143,99,84,134,102,100,129,96,117,107,108,98,110,73,112,113,41,26,116,35,30,119,178,47,122,151,11,125,126,127,176,0,130,140,40,139,105,135,185,137,179,121,182,189,142,33,75,133,103,172,148,149,90,1,152,5,153,155,70,72,62,159,162,161,37,94,164,165,166,136,168,169,170,171,93,101,163,175,128,177,120,17,180,181,22,154,43,59,48,104,188,141,12,191,64,193,194,115,196,197,198,187,];False
6747;9367;16114;[187,14,136,3,4,57,60,7,8,42,10,192,190,13,23,15,118,92,68,19,20,173,186,123,24,25,131,27,28,29,106,31,2,147,34,16,55,66,38,39,132,41,9,6,44,45,46,145,21,49,50,51,89,53,54,36,56,183,77,79,184,32,158,63,52,65,124,67,18,69,156,71,146,73,74,144,76,58,78,81,80,61,82,83,157,85,86,87,88,160,150,91,138,95,174,109,195,97,143,99,84,134,102,100,129,47,117,107,108,98,110,111,112,113,114,182,116,35,30,119,178,96,122,151,11,125,126,127,176,0,130,140,40,139,105,135,185,137,179,121,26,189,142,33,75,133,103,172,148,149,90,1,152,5,153,155,70,72,62,159,162,161,37,94,164,165,166,167,168,169,170,171,93,101,163,175,128,177,120,17,180,181,22,154,43,59,48,104,188,141,12,191,64,193,194,115,196,197,198,199,];False
6610;9498;16108;[187,14,167,150,4,57,60,7,8,42,10,192,190,13,23,15,118,92,68,19,20,173,186,123,24,25,131,27,28,29,106,31,2,147,34,16,55,66,38,81,132,41,9,6,44,45,46,145,21,49,50,51,89,53,85,36,56,183,77,79,184,32,158,63,52,65,124,67,18,69,156,71,146,111,74,144,76,58,78,39,80,61,82,83,157,54,86,87,88,160,3,91,138,95,174,109,195,97,143,99,84,134,102,100,129,96,117,107,108,98,110,73,112,113,114,26,116,35,30,119,178,47,122,151,11,125,126,127,176,0,130,140,40,139,105,135,185,137,179,121,182,189,142,33,75,133,103,172,148,149,90,1,152,5,153,155,70,72,62,159,162,161,37,94,164,165,166,136,168,169,170,171,93,101,163,175,128,177,120,17,180,181,22,154,43,59,48,104,188,141,12,191,64,193,194,115,196,197,198,199,];False
6576;9525;16101;[187,14,167,150,4,57,60,7,8,42,10,192,190,13,23,15,118,92,68,19,20,173,186,123,24,25,131,27,28,29,106,31,2,147,34,16,55,66,38,39,132,41,9,6,44,45,46,145,21,49,50,51,89,53,85,36,56,183,77,79,184,32,158,63,52,65,124,67,18,69,156,71,146,111,74,144,76,58,78,81,80,61,82,83,157,54,86,87,88,160,3,91,138,95,174,109,195,97,143,99,84,134,102,100,129,96,117,107,108,98,110,73,112,113,114,26,116,35,30,119,178,47,122,151,11,125,126,127,176,0,130,140,40,139,105,135,185,137,179,121,182,189,142,33,75,133,103,172,148,149,90,1,152,5,153,155,70,72,62,159,162,161,37,94,164,165,166,136,168,169,170,171,93,101,163,175,128,177,120,17,180,181,22,154,43,59,48,104,188,141,12,191,64,193,194,115,196,197,198,199,];False
6423;9678;16101;[199,14,167,150,4,57,60,7,8,42,10,192,190,142,23,15,178,92,68,19,20,173,186,123,24,25,131,27,28,76,106,31,2,147,34,16,55,66,38,39,132,114,9,6,44,45,183,119,21,49,50,51,89,53,85,36,56,46,77,79,184,32,158,63,52,129,124,67,18,69,156,71,146,111,74,144,29,174,78,81,80,61,82,83,157,54,5,87,88,160,3,91,138,189,58,109,195,97,143,99,84,134,102,100,65,96,117,187,108,98,110,73,112,113,188,26,116,35,30,145,118,47,122,151,11,125,126,127,176,0,130,140,40,139,105,135,185,137,179,121,182,95,13,33,75,133,103,172,148,149,90,1,152,86,153,155,70,72,62,159,162,161,37,94,164,165,166,136,168,169,170,171,93,101,163,175,128,177,120,17,180,181,22,154,43,59,48,104,41,141,193,191,64,12,194,115,196,197,198,107,];False
6462;9636;16098;[199,14,167,150,4,57,60,7,8,42,10,192,190,13,23,15,118,92,68,19,20,173,186,123,24,25,131,27,28,76,106,31,2,147,34,16,55,66,38,39,132,114,9,6,44,45,46,119,21,49,50,51,89,53,85,36,56,183,77,162,184,32,158,63,52,65,124,67,18,69,156,71,146,111,74,144,29,174,78,81,80,61,82,83,157,54,5,87,88,160,3,91,138,189,58,109,195,97,143,99,84,134,102,100,129,96,117,107,108,98,110,73,112,113,188,26,116,35,30,145,178,47,122,151,11,125,126,127,176,0,130,140,40,139,105,135,185,137,179,121,182,95,142,33,75,133,103,172,148,149,90,1,152,86,153,155,70,72,62,159,79,161,37,94,164,165,166,136,168,169,170,171,93,101,163,175,128,177,120,17,180,181,22,154,43,59,48,104,41,141,193,191,64,12,194,115,196,197,198,187,];False
6569;9522;16091;[199,14,167,150,4,57,60,7,8,42,10,192,190,13,23,15,118,92,68,19,20,173,186,123,24,25,131,27,28,76,106,31,2,147,34,16,55,66,38,39,132,114,9,6,44,45,46,145,21,49,50,51,89,53,85,36,56,183,77,79,184,32,158,63,52,65,124,67,18,69,156,71,146,111,74,144,29,174,78,81,80,61,82,83,157,54,86,87,88,160,3,91,138,95,58,109,195,97,143,99,84,134,102,100,129,96,117,107,108,98,110,73,112,113,41,26,116,35,30,119,178,47,122,151,11,125,126,127,176,0,130,140,40,139,105,135,185,137,179,121,182,189,142,33,75,133,5,172,148,149,90,1,152,103,153,155,70,72,62,159,162,161,37,94,164,165,166,136,168,169,170,171,93,101,163,175,128,177,120,17,180,181,22,154,43,59,48,104,188,141,193,191,64,12,194,115,196,197,198,187,];False
6579;9512;16091;[199,14,167,150,4,57,60,7,8,42,10,192,190,13,23,15,118,92,68,19,20,173,186,123,24,25,131,27,28,29,106,31,2,147,34,16,55,66,38,39,132,114,9,6,44,45,46,145,21,49,50,51,89,53,85,36,56,183,196,79,184,32,158,63,52,65,124,67,18,69,156,71,146,111,74,144,76,58,78,81,80,61,82,83,157,54,86,87,88,160,3,91,138,95,174,109,195,97,143,99,84,134,102,100,129,96,117,107,108,98,110,73,112,113,41,26,116,35,30,119,178,47,122,151,11,125,126,127,176,0,130,140,40,139,105,135,185,137,179,121,182,189,142,33,75,133,103,172,148,149,90,1,152,5,153,155,70,72,62,159,162,161,37,94,164,165,166,136,168,169,170,171,93,101,163,175,128,177,120,17,180,181,22,154,43,59,48,104,188,141,12,191,64,193,194,115,77,197,198,187,];False
6562;9528;16090;[199,14,167,150,4,57,60,7,8,42,10,192,190,13,23,15,118,92,68,19,20,173,186,123,24,25,131,27,28,76,106,31,2,147,34,16,55,66,38,39,132,114,9,6,44,45,46,145,21,49,50,51,89,53,85,36,56,183,77,79,184,32,158,63,52,65,124,67,18,69,156,71,146,111,74,144,29,174,78,81,80,61,82,83,157,54,86,87,88,160,3,91,138,95,58,109,195,97,143,99,84,134,102,100,129,96,117,107,108,98,110,73,112,113,41,26,116,35,30,119,178,47,122,151,11,125,126,127,176,0,130,140,40,139,105,135,185,137,179,121,182,189,142,33,75,133,103,172,148,149,90,1,152,5,153,155,70,136,62,159,162,161,37,94,164,165,166,72,168,169,170,171,93,101,163,175,128,177,120,17,180,181,22,154,43,59,48,104,188,141,193,191,64,12,194,115,196,197,198,187,];False
6542;9545;16087;[199,14,167,150,4,57,60,7,8,42,10,192,190,13,23,15,118,92,68,19,20,173,186,123,24,25,131,27,28,29,106,31,2,147,34,16,9,66,38,39,132,114,55,6,44,45,46,145,21,49,50,51,89,53,85,36,56,183,77,79,184,32,158,63,52,65,124,67,18,69,156,71,146,111,74,144,76,58,78,81,80,61,82,83,157,54,86,87,88,160,3,91,138,95,174,109,195,97,143,99,84,134,102,100,129,96,117,107,108,98,110,73,112,113,41,26,116,35,30,119,178,47,122,151,11,125,126,127,176,0,130,140,40,139,105,135,185,137,179,121,182,189,142,33,75,133,103,172,148,149,90,1,152,5,153,155,70,72,62,159,162,161,37,94,164,165,166,136,168,169,170,171,93,101,163,175,128,177,120,17,180,181,22,154,43,59,48,104,188,141,12,191,64,193,194,115,196,197,198,187,];False
6542;9541;16083;[199,14,167,150,4,57,60,7,8,42,10,192,190,13,23,15,118,92,68,19,20,173,186,123,24,25,131,27,28,29,106,31,2,147,34,16,55,66,38,39,132,114,9,6,44,45,46,145,21,49,50,51,89,53,85,36,56,183,77,79,184,32,158,63,52,65,124,67,18,69,156,71,146,111,74,144,76,58,78,81,80,61,82,83,157,54,86,87,88,160,3,91,138,95,174,109,195,97,143,99,84,134,102,100,129,96,117,107,108,98,110,73,112,113,41,182,116,35,30,119,178,47,122,151,11,125,126,127,176,0,130,140,40,139,105,135,185,137,179,121,26,189,142,33,75,133,103,172,148,149,90,1,152,5,153,155,70,72,62,159,162,161,37,94,164,165,166,136,168,169,170,171,93,101,163,175,128,177,120,17,180,181,22,154,43,59,48,104,188,141,12,191,64,193,194,115,196,197,198,187,];False
6572;9508;16080;[199,14,167,150,4,57,60,7,8,42,10,192,190,13,23,15,118,92,68,19,20,173,186,123,24,25,131,27,28,76,106,31,2,147,34,16,55,66,38,39,132,114,158,6,44,45,46,145,21,49,50,51,89,53,85,36,56,183,77,79,184,32,9,63,52,65,124,67,18,69,156,71,146,111,74,144,29,174,78,81,80,61,82,83,157,54,86,87,88,160,3,91,138,95,58,109,195,97,143,99,84,134,102,100,129,96,117,107,108,98,110,73,112,113,41,26,116,35,30,119,178,47,122,151,11,125,126,127,176,0,130,140,40,139,105,135,185,137,179,121,182,189,142,33,75,133,103,172,148,149,90,1,152,5,153,155,70,72,62,159,162,161,37,94,164,165,166,136,168,169,170,171,93,101,163,175,128,177,120,17,180,181,22,154,43,59,48,104,188,141,193,191,64,12,194,115,196,197,198,187,];False
6712;9367;16079;[187,14,136,3,4,57,60,7,8,42,10,192,190,13,23,15,118,92,68,19,20,173,186,123,24,25,131,27,28,29,106,31,2,147,34,16,55,66,38,39,132,41,9,6,44,45,46,145,21,49,50,51,89,53,54,36,56,183,77,79,184,32,158,63,52,65,124,67,18,69,156,71,146,73,74,144,76,58,78,81,80,61,82,83,157,85,86,87,88,160,150,91,138,95,174,109,195,97,143,99,84,134,102,100,129,96,117,107,108,98,110,111,112,113,114,182,116,35,30,119,178,47,122,151,11,125,126,127,176,0,130,140,40,139,105,135,185,137,179,121,26,189,142,33,75,133,103,172,148,149,90,1,152,5,153,155,70,72,62,159,162,161,37,94,164,165,166,167,168,169,170,171,93,101,163,175,128,177,120,17,180,181,22,154,43,59,48,104,188,141,12,191,64,193,194,115,196,197,198,199,];False
6550;9525;16075;[199,14,167,150,4,57,60,7,8,42,10,192,190,13,23,15,118,92,68,19,20,173,186,123,24,25,131,27,28,29,106,31,2,147,34,16,55,66,38,39,132,41,9,6,44,45,46,145,21,49,50,51,89,53,85,36,56,183,77,79,184,32,158,63,52,65,124,67,18,69,156,71,146,111,74,144,76,58,78,81,80,61,82,83,157,54,86,87,88,160,3,91,138,95,174,109,195,97,143,99,84,134,102,100,129,96,117,107,108,98,110,73,112,113,114,26,116,35,30,119,178,47,122,151,11,125,126,127,176,0,130,140,40,139,105,135,185,137,179,121,182,189,142,33,75,133,103,172,148,149,90,1,152,5,153,155,70,72,62,159,162,161,37,94,164,165,166,136,168,169,170,171,93,101,163,175,128,177,120,17,180,181,22,154,43,59,48,104,188,141,12,191,64,193,194,115,196,197,198,187,];False
6547;9527;16074;[199,14,167,150,4,57,60,7,8,42,10,192,190,13,23,15,118,92,68,19,20,173,186,123,24,25,131,27,28,29,106,31,2,147,34,16,55,66,38,39,132,114,9,6,44,45,46,145,21,49,50,51,89,53,85,36,56,183,77,79,184,32,158,63,52,198,124,67,18,69,156,71,146,111,74,144,76,58,78,81,80,61,82,83,157,54,86,87,88,160,3,91,138,95,174,109,195,97,143,99,84,134,102,100,129,96,117,107,108,98,110,73,112,113,41,26,116,35,30,119,178,47,122,151,11,125,126,127,176,0,130,140,40,139,105,135,185,137,179,121,182,189,142,33,75,133,103,172,148,149,90,1,152,5,153,155,70,72,62,159,162,161,37,94,164,165,166,136,168,169,170,171,93,101,163,175,128,177,120,17,180,181,22,154,43,59,48,104,188,141,12,191,64,193,194,115,196,197,65,187,];False
6582;9491;16073;[199,14,167,150,4,57,60,7,8,42,10,192,190,13,23,15,118,92,68,19,20,173,186,123,24,25,131,27,28,76,106,31,2,147,34,16,55,66,38,39,132,114,9,6,44,45,46,145,21,49,50,51,89,53,158,36,56,183,77,79,184,32,85,63,52,65,124,67,18,69,156,71,146,111,74,144,29,174,78,81,80,61,82,83,157,54,86,87,88,160,3,91,138,95,58,109,195,97,143,99,84,134,102,100,129,96,117,107,108,98,110,73,112,113,41,26,116,35,30,119,178,47,122,151,11,125,126,127,176,0,130,140,40,139,105,135,185,137,179,121,182,189,142,33,75,133,103,172,148,149,90,1,152,5,153,155,70,72,62,159,162,161,37,94,164,165,166,136,168,169,170,171,93,101,163,175,128,177,120,17,180,181,22,154,43,59,48,104,188,141,193,191,64,12,194,115,196,197,198,187,];False
6584;9487;16071;[199,14,167,150,4,57,60,7,8,42,10,192,190,13,23,15,118,92,68,19,20,173,186,123,24,25,131,27,28,29,108,31,2,147,34,16,55,66,38,39,132,41,9,6,44,45,46,145,21,49,50,51,89,53,85,36,56,183,77,79,184,32,158,63,52,65,124,67,18,69,156,71,146,111,74,144,76,58,78,81,80,61,82,83,157,54,86,87,88,160,3,91,138,95,174,109,195,97,143,99,84,134,102,100,129,96,117,107,106,98,110,73,112,113,114,26,116,35,30,119,178,47,122,151,11,125,126,127,176,0,130,140,40,139,105,135,185,137,179,121,182,189,142,33,75,133,103,172,148,149,90,1,152,5,153,155,70,72,62,159,162,161,37,94,164,165,166,136,168,169,170,171,93,101,163,175,128,177,120,17,180,181,22,154,43,59,48,104,188,141,12,191,64,193,194,115,196,197,198,187,];False
6529;9541;16070;[199,14,167,150,4,57,60,7,8,42,10,192,190,13,23,15,118,92,68,19,20,173,186,123,24,25,131,27,28,76,106,31,2,147,34,16,55,66,38,39,132,114,9,6,18,45,46,145,21,49,50,51,89,53,85,36,56,183,77,79,184,32,158,63,52,65,124,67,44,69,156,71,146,111,74,144,29,174,78,81,80,61,82,83,157,54,86,87,88,160,3,91,138,95,58,109,195,97,143,99,84,134,102,100,129,96,117,107,108,98,110,73,112,113,41,26,116,35,30,119,178,47,122,151,11,125,126,127,176,0,130,140,40,139,105,135,185,137,179,121,182,189,142,33,75,133,103,172,148,149,90,1,152,5,153,155,70,72,62,159,162,161,37,94,164,165,166,136,168,169,170,171,93,101,163,175,128,177,120,17,180,181,22,154,43,59,48,104,188,141,193,191,64,12,194,115,196,197,198,187,];False
6447;9620;16067;[199,14,167,150,4,57,60,7,8,42,10,192,190,13,23,15,118,92,68,19,20,173,186,123,24,25,131,27,28,76,106,31,2,147,34,16,55,40,38,39,132,114,9,6,44,45,46,119,21,49,50,51,89,53,85,36,56,183,77,79,184,32,158,63,52,65,124,67,18,69,156,71,146,111,74,144,29,174,78,81,80,61,82,83,157,54,5,87,88,160,3,91,138,189,58,109,195,97,143,99,84,134,102,100,129,96,117,107,108,98,110,73,112,113,188,26,116,35,30,145,178,47,122,151,11,125,126,127,176,0,130,140,66,139,105,135,185,137,179,121,182,95,142,33,75,133,103,172,148,149,90,1,152,86,153,155,70,72,62,159,162,161,37,94,164,165,166,136,168,169,170,171,93,101,163,175,128,177,120,17,180,181,22,154,43,59,48,104,41,141,193,191,64,12,194,115,196,197,198,187,];False
6442;9622;16064;[199,14,167,150,4,57,60,7,8,42,10,192,190,13,23,15,118,92,68,19,20,173,186,123,24,25,131,27,75,76,106,31,2,147,34,16,55,66,38,39,132,114,9,6,44,45,46,119,21,49,50,51,89,53,85,36,56,183,77,79,184,32,158,63,52,65,124,67,18,69,156,71,146,111,74,144,29,174,78,81,80,61,82,83,157,54,5,87,88,160,3,91,138,189,58,109,195,97,143,99,84,134,102,100,129,96,117,107,108,98,110,73,112,113,41,26,116,35,30,145,178,47,122,151,11,125,126,127,176,0,130,140,40,139,105,135,185,137,179,121,182,95,142,33,28,133,103,172,148,149,90,1,152,86,153,155,70,72,62,159,162,161,37,94,164,165,166,136,168,169,170,171,93,101,163,175,128,177,120,17,180,181,22,154,43,59,48,104,188,141,193,191,64,12,194,115,196,197,198,187,];False
6541;9522;16063;[199,14,167,150,4,57,60,7,8,42,10,192,190,13,23,15,118,92,68,19,20,173,186,123,24,25,131,27,166,76,106,31,2,147,34,16,55,66,38,39,132,114,9,6,44,45,46,145,21,49,50,51,89,53,85,36,56,183,77,79,184,32,158,63,52,65,124,67,18,69,156,71,146,111,74,144,29,174,78,81,80,61,82,83,157,54,86,87,88,160,3,91,138,95,58,109,195,97,143,99,84,134,102,100,129,96,117,107,108,98,110,73,112,113,41,26,116,35,30,119,178,47,122,151,11,125,126,127,176,0,130,140,40,139,105,135,185,137,179,121,182,189,142,33,75,133,103,172,148,149,90,1,152,5,153,155,70,72,62,159,162,161,37,94,164,165,28,136,168,169,170,171,93,101,163,175,128,177,120,17,180,181,22,154,43,59,48,104,188,141,193,191,64,12,194,115,196,197,198,187,];False
6502;9548;16050;[199,14,167,150,4,57,60,7,8,42,10,192,190,13,23,15,118,92,68,19,20,173,186,123,24,25,131,27,28,29,106,31,2,147,34,16,55,66,38,39,132,114,9,6,44,45,46,145,21,49,50,51,89,53,85,36,56,183,77,79,184,32,158,63,52,65,124,67,18,69,156,71,146,111,74,144,76,174,78,81,80,61,82,83,157,54,86,87,88,160,3,91,138,95,58,109,195,97,143,99,84,134,102,100,129,96,117,107,108,98,110,73,112,113,41,26,116,35,30,119,178,47,122,151,11,125,126,127,176,0,130,140,40,139,105,135,185,137,179,121,182,189,142,33,75,133,103,172,148,149,90,1,152,5,153,155,70,72,62,159,162,161,37,94,164,165,166,136,168,169,170,171,93,101,163,175,128,177,120,17,180,181,22,154,43,59,48,104,188,141,12,191,64,193,194,115,196,197,198,187,];False
6447;9602;16049;[199,14,167,150,4,57,60,7,8,42,10,192,190,13,23,15,118,92,68,19,20,173,186,123,24,25,131,27,28,76,106,31,2,147,34,16,55,66,38,39,132,114,9,6,44,45,46,119,21,49,50,51,89,53,85,36,56,183,77,79,184,32,158,63,52,65,124,67,18,69,156,71,146,111,74,144,29,174,78,81,80,61,82,83,157,54,5,87,88,160,3,91,138,189,122,109,195,97,143,99,84,134,102,100,129,96,117,107,108,98,110,73,112,113,41,26,116,35,30,145,178,47,58,151,11,125,126,127,176,0,130,140,40,139,105,135,185,137,179,121,182,95,142,33,75,133,103,172,148,149,90,1,152,86,153,155,70,72,62,159,162,161,37,94,164,165,166,136,168,169,170,171,93,101,163,175,128,177,120,17,180,181,22,154,43,59,48,104,188,141,193,191,64,12,194,115,196,197,198,187,];False
6512;9528;16040;[199,14,167,150,4,57,60,7,8,42,10,192,190,13,23,15,118,92,68,19,20,173,186,123,24,25,131,27,28,29,106,31,2,147,34,16,55,66,38,39,132,114,9,6,44,45,46,145,21,49,50,51,89,53,85,36,56,183,77,79,184,32,158,63,52,65,124,67,18,69,156,71,146,111,74,144,76,58,78,81,80,61,82,83,157,54,86,87,88,160,3,91,138,95,174,109,195,97,143,99,84,134,102,100,129,96,117,107,108,98,110,73,112,113,41,26,116,35,30,119,178,47,122,151,11,125,126,127,176,0,130,140,40,139,105,135,185,137,179,121,182,189,142,33,75,133,103,172,148,149,90,1,152,5,153,155,70,72,62,159,162,161,37,94,164,165,166,136,168,169,170,171,93,101,163,175,128,177,120,17,180,181,22,154,43,59,48,104,188,141,12,191,64,193,194,115,196,197,198,187,];False
6508;9526;16034;[199,14,167,150,4,57,60,7,8,42,10,192,190,13,23,15,118,92,68,19,20,173,186,102,24,25,131,27,28,76,106,31,2,147,34,16,55,66,38,39,132,114,9,6,44,45,46,145,21,49,50,51,89,53,85,36,56,183,77,79,184,32,158,63,52,65,124,67,18,69,156,71,146,111,74,144,29,174,78,81,80,61,82,83,157,54,86,87,88,160,3,91,138,95,58,109,195,97,143,99,84,134,123,100,129,96,117,107,108,98,110,73,112,113,41,26,116,35,30,119,178,47,122,151,11,125,126,127,176,0,130,140,40,139,105,135,185,137,179,121,182,189,142,33,75,133,103,172,148,149,90,1,152,5,153,155,70,72,62,159,162,161,37,94,164,165,166,136,168,169,170,171,93,101,163,175,128,177,120,17,180,181,22,154,43,59,48,104,188,141,12,191,64,193,194,115,196,197,198,187,];False
6431;9598;16029;[199,14,167,150,4,57,60,7,8,42,10,192,190,13,23,15,118,92,68,19,20,173,186,123,24,25,131,27,28,76,106,31,2,147,34,16,55,66,38,39,132,114,9,6,44,45,46,119,21,49,50,51,89,53,85,36,56,183,77,79,184,32,158,63,52,65,124,67,18,69,156,71,146,111,74,144,29,174,78,81,160,61,82,83,157,54,5,87,88,80,3,91,138,189,58,109,195,97,143,99,84,134,102,100,129,96,117,187,108,98,110,73,112,113,188,26,116,35,30,145,178,47,122,151,11,125,126,127,176,0,130,140,40,139,105,135,185,137,179,121,182,95,142,33,75,133,103,172,148,149,90,1,152,86,153,155,70,72,62,159,162,161,37,94,164,165,166,136,168,169,170,171,93,101,163,175,128,177,120,17,180,181,22,154,43,59,48,104,41,141,193,191,64,12,194,115,196,197,198,107,];False
6399;9620;16019;[199,14,167,150,4,57,60,7,8,42,10,192,190,13,23,15,118,92,68,19,20,173,186,123,24,25,131,27,28,76,106,31,2,147,34,16,55,66,38,39,132,114,9,6,44,45,183,119,21,49,50,51,89,53,85,36,56,46,77,79,184,32,158,63,52,65,124,67,18,69,156,71,146,111,74,144,29,174,78,81,80,61,82,83,157,54,5,87,88,160,3,91,138,189,58,109,195,97,143,99,84,127,102,100,129,96,117,187,108,98,110,73,112,113,188,26,116,35,30,145,178,47,122,151,11,125,126,134,176,0,130,140,40,139,105,135,185,137,179,121,182,95,142,33,75,133,103,172,148,149,90,1,152,86,153,155,70,72,62,159,162,161,37,94,164,165,166,136,168,169,170,171,93,101,163,175,128,177,120,17,180,181,22,154,43,59,48,104,41,141,193,191,64,12,194,115,196,197,198,107,];False
6480;9536;16016;[199,14,167,150,4,57,60,7,8,42,10,192,190,13,23,15,118,92,68,19,20,173,186,123,24,25,131,27,28,76,106,31,2,147,34,16,55,66,38,39,132,114,9,6,44,45,46,145,21,49,50,51,89,53,85,36,56,183,77,79,184,32,158,63,52,65,124,67,18,69,156,71,146,111,74,144,29,174,78,81,80,61,82,83,157,54,86,87,88,160,3,91,138,95,59,109,195,97,143,99,84,134,102,100,129,96,117,107,108,98,110,73,112,113,41,26,116,35,30,119,178,47,122,151,11,125,126,127,176,0,130,140,40,139,105,135,185,137,179,121,182,189,142,33,75,133,103,172,148,149,90,1,152,5,153,155,70,72,62,159,162,161,37,94,164,165,166,136,168,169,170,171,93,101,163,175,128,177,120,17,180,181,22,154,43,58,48,104,188,141,193,191,64,12,194,115,196,197,198,187,];False
6489;9525;16014;[199,14,167,150,4,57,60,7,8,42,10,192,190,13,23,15,118,92,68,19,20,173,186,123,24,25,131,27,28,76,106,31,2,147,34,16,55,66,38,39,132,114,9,6,44,45,46,145,21,49,50,51,89,53,85,36,56,183,77,79,184,32,158,63,52,65,124,67,18,69,156,71,146,111,74,144,29,174,78,81,80,61,82,83,157,54,86,87,88,160,3,91,138,95,58,109,195,97,143,99,84,134,102,100,129,96,117,107,108,98,110,73,112,113,41,26,116,35,30,119,178,47,122,151,11,125,126,127,176,0,130,140,40,139,105,135,185,137,179,121,182,189,142,33,75,133,103,172,148,149,90,1,152,5,153,155,70,72,62,159,162,161,37,94,164,165,166,136,168,169,170,171,93,101,163,175,128,177,120,17,180,181,22,154,43,59,48,104,188,141,12,191,64,193,194,115,196,197,198,187,];False
6405;9608;16013;[199,14,167,150,4,57,60,7,8,42,10,192,190,142,23,159,118,92,68,19,20,173,186,123,24,25,131,27,28,76,106,31,2,147,34,16,55,66,38,39,132,114,9,6,44,45,183,119,21,49,50,51,89,53,85,36,56,46,77,79,184,32,158,63,52,65,124,67,18,69,156,71,146,111,74,144,29,174,78,81,80,61,82,83,157,54,5,87,88,160,3,91,138,189,58,109,195,97,143,99,84,134,102,100,129,96,117,187,108,98,110,73,112,113,188,26,116,35,30,145,178,47,122,151,11,125,126,127,176,0,130,140,40,139,105,135,185,137,179,121,182,95,13,33,75,133,103,172,148,149,90,1,152,86,153,155,70,72,62,15,162,161,37,94,164,165,166,136,168,169,170,171,93,101,163,175,128,177,120,17,180,181,22,154,43,59,48,104,41,141,193,191,64,12,194,115,196,197,198,107,];False
6380;9632;16012;[199,14,167,150,4,57,60,7,8,42,10,192,190,142,23,15,118,92,68,19,20,173,186,123,24,25,131,27,28,76,106,31,2,147,34,16,55,66,38,39,132,114,9,6,44,45,183,119,21,49,50,51,89,53,85,36,56,46,77,79,184,32,158,63,52,65,124,67,18,69,156,71,146,111,74,144,29,174,78,81,80,61,82,83,157,54,5,87,88,160,3,91,138,189,58,109,195,97,143,99,84,134,102,100,129,96,117,187,108,98,110,73,112,113,188,26,116,35,30,145,178,47,122,151,11,125,126,127,176,0,130,140,40,139,105,135,185,137,179,121,182,95,13,33,75,133,103,172,148,149,90,1,152,86,153,155,70,72,62,115,162,161,37,94,164,165,166,136,168,169,170,171,93,101,163,175,128,177,120,17,180,181,22,154,43,59,48,104,41,141,193,191,64,12,194,159,196,197,198,107,];False
6478;9528;16006;[199,14,167,150,4,57,60,7,8,42,10,192,190,13,23,15,118,92,68,19,20,173,186,123,24,25,131,27,28,76,106,31,2,147,34,16,55,66,38,39,132,114,9,6,44,45,46,145,21,49,50,51,89,53,85,36,56,183,77,79,184,32,158,63,52,65,124,67,18,69,156,71,146,111,74,144,29,174,78,81,80,61,82,83,157,54,86,87,88,160,3,91,138,95,58,109,195,97,143,99,84,134,102,100,129,96,117,107,108,98,110,73,112,113,41,26,116,35,30,119,178,47,122,151,11,125,126,127,176,0,130,140,40,139,105,135,185,137,179,121,182,189,142,33,75,133,103,172,148,149,90,1,152,5,153,155,70,72,62,159,162,161,37,94,164,165,166,136,168,169,170,171,93,101,163,175,128,177,120,17,180,181,22,154,43,59,48,104,188,141,193,191,64,12,194,115,196,197,198,187,];False
6377;9628;16005;[199,14,167,150,4,57,60,7,8,42,10,192,190,13,23,15,118,92,68,19,20,173,186,123,24,25,131,27,28,76,106,31,2,147,34,16,55,66,38,39,132,114,9,6,44,45,183,119,21,49,50,51,89,53,85,36,56,46,77,79,184,32,158,63,52,65,124,67,18,69,156,71,146,111,74,144,29,174,78,81,80,61,82,83,157,54,5,87,88,160,3,91,138,189,58,109,195,120,143,99,84,134,102,100,129,96,117,187,108,98,110,73,112,113,188,26,116,35,30,145,178,47,122,151,11,125,126,127,176,0,130,140,40,139,105,135,185,137,179,121,182,95,142,33,75,133,103,172,148,149,90,1,152,86,153,155,70,72,62,159,162,161,37,94,164,165,166,136,168,169,170,171,93,101,163,175,128,177,97,17,180,181,22,154,43,59,48,104,41,141,193,191,64,12,194,115,196,197,198,107,];False
6338;9666;16004;[199,14,167,150,4,57,60,7,8,42,10,192,190,13,23,15,118,92,68,19,20,173,186,123,24,25,131,27,28,76,106,31,2,147,34,16,55,66,38,39,132,114,9,6,44,45,46,119,21,49,50,51,89,53,85,36,56,183,77,79,184,32,158,63,52,65,124,67,18,69,156,71,146,111,74,144,29,174,78,81,80,61,82,83,157,54,5,87,88,160,3,91,138,189,58,109,195,97,143,99,84,134,102,100,129,96,107,117,108,98,110,73,112,113,188,26,116,35,30,145,178,47,122,151,11,125,126,127,176,0,130,140,40,139,105,135,185,137,179,121,182,95,142,33,75,133,103,172,148,149,90,1,152,86,153,155,70,72,62,159,162,161,37,94,164,165,166,136,168,169,170,171,93,101,163,175,128,177,120,17,180,181,22,154,43,59,48,104,41,141,193,191,64,12,194,115,196,197,198,187,];False
6441;9559;16000;[199,14,167,150,4,57,60,7,8,42,10,192,190,13,23,15,118,92,68,19,20,173,186,123,24,25,131,27,28,76,106,31,2,147,34,16,55,66,38,39,132,114,9,6,44,45,46,145,21,49,50,51,89,53,85,36,56,183,77,79,184,32,158,63,52,65,124,67,18,69,156,71,146,111,74,90,29,174,78,81,80,61,82,83,157,54,5,87,88,160,3,91,138,189,58,109,195,97,143,99,84,134,102,100,129,96,117,107,108,98,110,73,112,113,41,26,116,35,30,119,178,47,122,151,11,125,126,127,176,0,130,140,40,139,105,135,185,137,179,121,182,95,142,33,75,133,103,172,148,149,144,1,152,86,153,155,70,72,62,159,162,161,37,94,164,165,166,136,168,169,170,171,93,101,163,175,128,177,120,17,180,181,22,154,43,59,48,104,188,141,193,191,64,12,194,115,196,197,198,187,];False
6380;9611;15991;[199,14,167,150,4,57,60,7,8,42,10,192,190,13,23,15,118,92,68,19,20,173,186,123,24,25,131,27,28,76,106,31,2,147,34,16,55,66,38,39,132,114,9,6,44,45,46,119,21,49,50,51,89,53,85,36,56,183,77,79,184,189,158,63,52,65,124,67,18,69,156,71,146,111,74,144,29,174,78,81,80,61,82,83,157,54,5,87,88,160,3,91,138,32,58,109,195,97,143,99,84,134,102,100,129,96,117,107,108,98,110,73,112,113,41,26,116,35,30,145,178,47,122,151,11,125,126,127,176,0,130,140,40,139,105,135,185,137,179,121,182,95,142,33,75,133,103,172,148,149,90,1,152,86,153,155,70,72,62,159,162,161,37,94,164,165,166,136,168,169,170,171,93,101,163,175,128,177,120,17,180,181,22,154,43,59,48,104,188,141,193,191,64,12,194,115,196,197,198,187,];False
6360;9629;15989;[199,14,167,150,4,57,60,7,8,42,10,192,190,13,23,15,118,92,68,19,20,173,186,123,24,25,131,27,28,76,106,31,2,147,34,16,55,66,38,39,132,114,9,6,44,45,46,119,21,49,50,51,89,53,85,36,56,183,77,79,184,32,158,63,52,65,124,67,18,69,156,71,146,111,74,144,29,174,78,81,80,61,82,83,157,54,5,87,88,160,3,91,138,189,58,109,195,97,143,99,84,134,102,100,129,96,117,107,108,98,110,73,112,113,41,26,116,35,30,145,178,47,122,151,11,125,126,127,176,0,130,140,40,139,105,135,185,137,179,121,182,95,142,33,75,133,103,172,148,149,90,1,152,86,153,155,70,72,62,159,162,161,37,94,164,165,166,136,168,169,170,171,93,101,163,175,128,177,120,17,180,181,22,154,43,59,48,104,188,141,193,191,64,12,194,115,196,197,198,187,];False
6376;9613;15989;[199,14,167,150,4,57,60,7,8,42,10,192,190,13,23,15,118,92,68,19,20,173,186,123,24,25,131,27,28,76,106,98,2,147,34,16,55,66,38,39,132,114,9,6,44,45,183,119,21,49,50,51,89,53,85,36,56,46,77,79,184,32,158,63,52,65,124,67,18,69,156,71,146,111,74,144,29,174,78,81,80,61,82,83,157,54,5,87,88,160,3,91,138,189,58,109,195,97,143,99,84,134,102,100,129,96,117,187,108,31,110,73,112,113,188,26,116,35,30,145,178,47,122,151,11,125,126,127,176,0,130,140,40,139,105,135,185,137,179,121,182,95,142,33,75,133,103,172,148,149,90,1,152,86,153,155,70,72,62,159,162,161,37,94,164,165,166,136,168,169,170,171,93,101,163,175,128,177,120,17,180,181,22,154,43,59,48,104,41,141,193,191,64,12,194,115,196,197,198,107,];False
6373;9610;15983;[199,14,167,150,4,57,60,7,8,42,10,192,190,13,23,15,118,92,68,19,20,173,186,123,24,25,131,27,28,76,106,31,2,147,34,16,55,66,38,39,132,114,9,6,44,45,46,119,21,49,50,51,89,53,85,36,56,183,77,79,184,32,158,63,52,65,124,67,18,69,156,71,146,111,74,144,29,174,78,81,75,61,82,83,157,54,5,87,88,160,3,91,138,189,58,109,195,97,143,99,84,134,102,100,129,96,117,187,108,98,110,73,112,113,188,26,116,35,30,145,178,47,122,151,11,125,126,127,176,0,130,140,40,139,105,135,185,137,179,121,182,95,142,33,80,133,103,172,148,149,90,1,152,86,153,155,70,72,62,159,162,161,37,94,164,165,166,136,168,169,170,171,93,101,163,175,128,177,120,17,180,181,22,154,43,59,48,104,41,141,193,191,64,12,194,115,196,197,198,107,];False
6340;9636;15976;[199,14,167,150,4,57,60,7,8,42,10,192,190,13,23,15,118,92,68,19,20,173,186,123,24,25,131,27,28,76,106,31,2,147,34,16,55,66,38,39,132,114,9,6,44,45,183,119,21,49,50,51,89,53,85,36,56,46,77,79,184,32,158,63,52,65,124,67,18,69,156,125,146,111,74,144,29,174,78,81,80,61,82,83,157,54,5,87,88,160,3,91,138,189,58,109,195,97,143,99,84,134,102,100,129,96,117,187,108,98,110,73,112,113,188,26,116,35,30,145,178,47,122,151,11,71,126,127,176,0,130,140,40,139,105,135,185,137,179,121,182,95,142,33,75,133,103,172,148,149,90,1,152,86,153,155,70,72,62,159,162,161,37,94,164,165,166,136,168,169,170,171,93,101,163,175,128,177,120,17,180,181,22,154,43,59,48,104,41,141,193,191,64,12,194,115,196,197,198,107,];False
6413;9550;15963;[199,14,167,150,4,57,60,7,8,42,10,192,190,13,23,15,118,92,68,19,20,173,186,123,24,25,131,27,28,76,106,31,2,147,34,16,55,66,38,39,132,114,9,6,44,45,46,145,21,49,50,51,89,53,85,36,56,183,77,79,184,32,158,63,52,65,124,67,18,69,156,71,146,111,74,144,29,174,78,81,80,61,82,83,157,54,5,87,88,160,3,91,138,189,58,109,195,97,143,99,84,134,102,100,129,96,117,107,108,98,110,73,112,113,116,26,41,35,30,119,178,47,122,151,11,125,126,127,176,0,130,140,40,139,105,135,185,137,179,121,182,95,142,33,75,133,103,172,148,149,90,1,152,86,153,155,70,72,62,159,162,161,37,94,164,165,166,136,168,169,170,171,93,101,163,175,128,177,120,17,180,181,22,154,43,59,48,104,188,141,193,191,64,12,194,115,196,197,198,187,];False
6328;9630;15958;[199,14,167,150,4,57,60,7,8,42,10,192,190,13,23,15,118,92,68,19,20,173,186,123,24,25,131,27,28,76,106,31,2,147,34,16,55,66,38,39,132,114,9,6,44,45,46,119,21,49,50,51,89,53,85,36,56,183,77,79,184,32,158,63,52,65,124,67,18,69,156,71,146,111,74,144,29,174,78,81,80,61,82,83,157,54,5,87,88,160,3,91,138,189,58,109,195,97,143,99,84,134,102,100,129,96,117,107,108,98,110,73,112,113,188,26,116,35,30,145,178,47,122,151,11,125,126,127,176,0,130,140,40,139,105,148,185,137,179,121,182,95,142,33,75,133,103,172,135,149,90,1,152,86,153,155,70,72,62,159,162,161,37,94,164,165,166,136,168,169,170,171,93,101,163,175,128,177,120,17,180,181,22,154,43,59,48,104,41,141,193,191,64,12,194,115,196,197,198,187,];False
6418;9535;15953;[199,14,167,150,4,57,60,7,8,42,10,192,190,13,23,15,118,92,68,19,20,173,186,123,24,25,131,27,28,76,106,31,2,147,34,16,55,66,38,39,132,114,9,6,44,45,46,145,21,49,50,51,89,53,85,36,56,183,77,79,184,32,158,63,52,65,124,67,18,69,156,71,146,111,74,144,29,174,78,81,80,61,82,83,157,54,5,87,88,160,3,91,138,95,58,109,195,97,143,99,84,134,102,100,129,96,117,107,108,98,110,73,112,113,41,26,116,35,30,119,178,47,122,151,11,125,126,127,176,0,130,140,40,139,105,135,185,137,179,121,182,189,142,33,75,133,103,172,148,149,90,1,152,86,153,155,70,72,62,159,162,161,37,94,164,165,166,136,168,169,170,171,93,101,163,175,128,177,120,17,180,181,22,154,43,59,48,104,188,141,193,191,64,12,194,115,196,197,198,187,];False
6286;9666;15952;[199,14,167,150,4,57,60,7,8,42,10,192,190,142,23,15,118,92,68,19,20,173,186,123,24,25,131,27,28,76,106,31,2,147,34,16,55,66,38,39,132,114,9,6,44,45,183,119,21,49,50,51,89,53,85,36,56,46,72,79,184,32,158,63,52,129,124,67,18,69,156,71,146,111,74,144,29,174,78,81,80,61,82,83,157,54,5,87,88,160,3,91,138,189,58,109,195,97,143,99,84,134,102,100,65,96,117,187,108,98,110,73,112,113,188,26,116,35,30,145,178,47,122,151,11,125,126,127,176,0,130,140,40,139,105,135,185,137,179,121,182,95,13,33,75,133,103,172,148,149,90,1,152,86,153,155,70,77,62,159,162,161,37,94,164,165,166,136,168,169,170,171,93,101,163,175,128,177,120,17,180,181,22,154,43,59,48,104,41,141,193,191,64,12,194,115,196,197,198,107,];False
6335;9613;15948;[199,14,167,150,4,57,60,7,8,42,10,192,190,13,23,15,118,92,68,19,20,173,186,123,24,25,131,27,28,76,106,31,2,147,34,16,55,66,38,39,132,114,9,6,44,45,183,119,21,49,50,51,89,53,85,36,56,46,77,79,184,32,158,63,52,65,124,67,18,69,156,71,146,111,74,144,29,189,78,81,80,61,82,83,157,54,5,87,88,160,3,91,138,174,58,109,195,97,143,99,84,134,102,100,129,96,117,187,108,98,110,73,112,113,188,26,116,35,30,145,178,47,122,151,11,125,126,127,176,0,130,140,40,139,105,135,185,137,179,121,182,95,142,33,75,133,103,172,148,149,90,1,152,86,153,155,70,72,62,159,162,161,37,94,164,165,166,136,168,169,170,171,93,101,163,175,128,177,120,17,180,181,22,154,43,59,48,104,41,141,193,191,64,12,194,115,196,197,198,107,];False
6248;9698;15946;[199,14,167,150,4,57,60,7,8,42,10,192,130,142,23,15,118,92,68,19,20,173,186,123,24,25,131,27,28,76,106,31,2,147,34,16,55,66,38,39,132,174,101,6,44,45,183,119,21,49,50,51,89,53,85,36,56,46,77,79,184,32,158,63,52,129,124,67,18,69,156,71,146,111,74,144,29,114,78,81,80,61,82,83,157,54,5,87,88,11,3,91,138,189,58,109,195,97,143,99,84,134,102,100,65,96,117,187,108,98,110,73,112,113,188,26,116,35,30,145,178,47,122,151,160,125,126,127,176,0,190,140,40,139,105,135,185,137,179,121,182,95,13,33,75,133,103,172,163,149,90,1,152,86,153,155,70,72,62,159,162,161,37,94,164,165,166,136,168,169,170,171,93,9,148,175,128,177,120,17,180,181,22,154,43,59,48,104,41,141,193,191,64,12,194,115,196,197,198,107,];False
6363;9581;15944;[199,14,167,150,4,57,60,7,8,42,10,192,190,13,23,15,118,92,68,19,20,173,186,123,24,25,131,27,28,76,106,31,2,147,34,16,55,66,38,39,132,114,9,6,44,45,46,119,21,49,50,51,89,53,85,36,56,183,77,79,184,32,158,63,52,65,124,67,18,69,156,71,146,111,74,144,29,174,78,81,80,61,82,83,157,54,5,87,88,160,3,91,138,189,58,109,195,97,143,99,84,134,102,100,129,96,117,187,108,98,110,73,94,113,188,26,116,35,30,145,178,47,122,151,11,125,126,127,176,0,130,140,40,139,105,135,185,137,179,121,182,95,142,33,75,133,103,172,148,149,90,1,152,86,153,155,70,72,62,159,162,161,37,112,164,165,166,136,168,169,170,171,93,101,163,175,128,177,120,17,180,181,22,154,43,59,48,104,41,141,193,191,64,12,194,115,196,197,198,107,];False
6265;9676;15941;[199,14,167,150,4,57,60,7,8,51,10,192,190,142,23,15,118,92,68,19,20,173,186,123,24,25,131,27,28,76,106,31,2,147,34,16,55,66,38,39,132,114,9,6,44,45,183,119,21,49,50,42,89,53,85,36,56,46,77,79,184,32,158,63,52,129,124,67,18,69,156,71,146,111,74,144,29,174,78,81,80,61,82,83,157,54,5,87,88,160,3,91,138,189,58,109,195,97,143,99,84,134,102,100,65,96,117,187,108,98,110,73,112,113,188,26,116,35,30,145,178,47,122,151,11,125,126,127,176,0,130,140,40,139,105,135,185,137,179,121,182,95,13,33,75,133,103,172,148,149,90,1,152,86,153,155,70,72,62,159,162,161,37,94,164,165,166,136,168,169,170,171,93,101,163,175,128,177,120,17,180,181,22,154,43,59,48,104,41,141,193,191,64,12,194,115,196,197,198,107,];False
6263;9677;15940;[199,14,167,150,4,57,60,7,8,42,10,192,130,142,23,15,118,92,68,19,20,173,186,123,24,25,131,27,28,76,106,31,2,147,34,16,55,66,38,39,132,174,9,6,44,45,183,119,21,49,50,51,89,53,85,36,56,46,77,79,184,32,158,63,52,129,124,67,18,69,156,71,146,111,74,144,29,114,78,81,80,61,82,83,157,54,5,87,88,11,3,91,138,189,58,109,195,97,143,145,84,134,102,100,65,96,117,187,108,98,110,73,112,113,188,26,116,35,30,99,178,47,122,151,160,125,126,127,176,0,190,140,40,139,105,135,185,137,179,121,182,95,13,33,75,133,103,172,148,149,90,1,152,86,153,155,70,72,62,159,162,161,37,94,164,165,166,136,168,169,170,171,93,101,163,175,128,177,120,17,180,181,22,154,43,59,48,104,41,141,193,191,64,12,194,115,196,197,198,107,];False
6367;9569;15936;[199,14,167,150,4,57,60,7,8,42,10,192,190,13,23,15,118,92,68,19,20,173,186,123,24,25,131,27,28,76,106,31,2,147,34,16,55,66,38,39,132,114,9,6,44,45,46,145,21,49,50,51,89,53,85,36,56,183,77,79,184,32,158,63,52,65,124,67,18,69,156,71,146,111,74,144,29,174,78,81,80,61,82,83,157,54,5,87,88,160,3,91,138,189,58,109,195,97,143,99,84,134,102,100,129,96,117,107,108,98,110,73,112,113,41,26,116,35,30,119,178,47,122,151,11,125,126,127,176,0,130,140,40,139,105,135,185,137,179,121,182,95,142,33,75,133,103,172,148,149,90,1,152,86,153,155,70,72,62,159,162,161,37,94,164,165,166,136,168,169,170,171,93,101,163,175,128,177,120,17,180,181,22,154,43,59,48,104,188,141,193,191,64,12,194,115,196,197,198,187,];False
6329;9607;15936;[199,14,167,150,4,57,60,7,8,42,10,192,190,142,23,15,118,92,68,19,20,173,186,123,24,25,131,27,28,76,106,31,2,147,34,16,55,66,38,39,132,114,9,6,44,45,183,119,21,49,50,51,89,86,85,36,56,46,77,79,184,32,158,63,52,65,124,67,18,69,156,71,146,111,74,144,29,174,78,81,80,61,82,83,157,54,5,87,88,160,3,91,138,189,58,109,195,97,143,99,84,134,102,100,129,96,117,187,108,98,110,73,112,113,188,26,116,35,30,145,178,47,122,151,11,125,126,127,176,0,130,140,40,139,105,135,185,137,179,121,182,95,13,33,75,133,103,172,148,149,90,1,152,53,153,155,70,72,62,159,162,161,37,94,164,165,166,136,168,169,170,171,93,101,163,175,128,177,120,17,180,181,22,154,43,59,48,104,41,141,193,191,64,12,194,115,196,197,198,107,];False
6427;9506;15933;[199,14,167,150,4,57,60,7,8,42,10,192,190,13,23,15,118,92,68,19,20,173,186,123,24,25,131,27,28,76,106,31,2,147,34,16,55,66,38,39,132,114,9,6,44,45,46,145,21,49,50,51,89,53,85,36,56,183,77,79,184,32,158,63,52,65,124,67,18,69,156,71,146,111,74,144,29,174,78,81,80,61,82,83,157,54,5,87,88,160,3,91,138,189,58,109,195,97,143,99,84,134,102,100,129,96,117,107,108,98,110,73,22,113,41,26,116,35,30,119,178,47,122,151,11,125,126,127,176,0,130,140,40,139,105,135,185,137,179,121,182,95,142,33,75,133,103,172,148,149,90,1,152,86,153,155,70,72,62,159,162,161,37,94,164,165,166,136,168,169,170,171,93,101,163,175,128,177,120,17,180,181,112,154,43,59,48,104,188,141,193,191,64,12,194,115,196,197,198,187,];False
6233;9687;15920;[199,14,167,150,4,57,60,7,8,42,10,192,190,142,23,15,118,92,68,19,20,173,186,123,24,25,131,27,28,76,106,31,2,147,34,16,55,66,38,39,132,114,9,6,44,45,183,119,21,49,50,51,89,53,85,36,56,46,77,79,184,32,158,63,52,129,124,67,18,69,156,71,146,111,74,144,29,174,78,81,80,61,82,83,157,54,5,87,88,160,3,91,138,189,58,109,195,97,143,99,84,134,102,100,65,96,117,182,108,98,110,73,112,113,188,26,116,35,30,145,178,47,122,151,11,125,126,127,176,0,130,140,40,139,105,135,185,137,179,121,187,95,13,33,75,133,103,172,148,149,90,1,152,86,153,155,70,72,62,159,162,161,37,94,164,165,166,136,168,169,170,171,93,101,163,175,128,177,120,17,180,181,22,154,43,59,48,104,41,141,193,191,64,12,194,115,196,197,198,107,];False
6307;9608;15915;[199,14,167,150,4,57,60,7,8,42,10,192,190,13,23,15,118,92,68,19,20,173,186,123,24,140,131,27,28,76,106,31,2,147,34,16,55,66,38,39,132,114,9,6,44,45,183,119,21,49,50,51,89,53,85,36,56,46,77,79,184,32,158,63,52,65,124,67,18,69,156,71,146,111,74,144,29,174,78,81,80,61,82,83,157,54,5,87,88,160,3,91,138,189,58,109,195,97,143,99,84,134,102,100,129,96,117,187,108,98,110,73,112,113,188,26,116,35,30,145,178,47,122,151,11,125,126,127,176,0,130,25,40,139,105,135,185,137,179,121,182,95,142,33,75,133,103,172,148,149,90,1,152,86,153,155,70,72,62,159,162,161,37,94,164,165,166,136,168,169,170,171,93,101,163,175,128,177,120,17,180,181,22,154,43,59,48,104,41,141,193,191,64,12,194,115,196,197,198,107,];False
6214;9700;15914;[199,14,167,150,4,57,60,7,8,42,10,192,130,142,23,15,118,92,68,19,20,173,186,123,24,25,131,27,28,76,106,31,2,147,34,16,55,66,38,39,132,174,101,6,44,45,183,119,21,49,50,51,89,53,85,36,56,46,77,79,184,32,158,63,52,129,124,67,18,69,156,71,146,111,74,144,29,114,78,81,80,61,188,83,157,54,5,87,88,11,3,91,138,189,58,109,195,97,143,99,84,134,102,100,65,96,117,187,108,98,110,73,112,113,82,26,116,35,30,145,178,47,122,151,160,125,126,127,176,0,190,140,40,139,105,135,185,137,179,121,182,95,13,33,75,133,103,172,148,149,90,1,152,86,153,155,70,72,62,159,162,161,37,94,164,165,166,136,168,169,170,171,93,9,163,175,128,177,120,17,180,181,22,154,43,59,48,104,41,141,193,191,64,12,194,115,196,197,198,107,];False
6256;9657;15913;[199,14,167,150,4,57,60,7,8,42,10,192,190,142,23,15,118,92,68,19,20,173,186,123,24,25,131,27,28,76,106,31,2,147,34,16,55,66,38,39,132,114,9,6,44,45,183,119,21,49,50,51,89,53,85,36,56,46,77,79,184,32,158,63,52,129,124,67,18,69,156,71,146,111,74,144,29,174,78,81,80,61,82,83,157,54,5,87,88,160,3,91,138,189,58,109,195,97,143,99,84,134,102,100,65,86,117,187,108,98,110,73,112,113,188,26,116,35,30,145,178,47,122,151,11,125,126,127,176,0,130,140,40,139,105,135,185,137,179,121,182,95,13,33,75,133,103,172,148,149,90,1,152,96,153,155,70,72,62,159,162,161,37,94,164,165,166,136,168,169,170,171,93,101,163,175,128,177,120,17,180,181,22,154,43,59,48,104,41,141,193,191,64,12,194,115,196,197,198,107,];False
6343;9560;15903;[199,14,167,150,4,57,60,7,8,42,10,192,190,142,23,15,118,92,68,19,20,173,186,123,24,25,131,27,28,76,106,31,2,147,34,16,55,66,38,39,132,114,9,6,44,45,183,119,21,49,50,51,89,53,85,36,56,46,77,79,184,32,158,63,52,65,124,67,18,69,156,71,146,111,74,144,29,174,78,81,80,61,82,83,157,54,5,87,88,160,3,91,138,189,58,109,195,97,143,99,84,134,102,100,129,96,117,187,108,98,110,73,112,113,188,26,116,35,30,145,178,47,122,151,11,125,126,127,176,0,130,140,40,139,105,135,185,137,179,121,182,95,13,33,75,133,103,172,148,149,169,1,152,86,153,155,70,72,62,159,162,161,37,94,164,165,166,136,168,90,170,171,93,101,163,175,128,177,120,17,180,181,22,154,43,59,48,104,41,141,193,191,64,12,194,115,196,197,198,107,];False
6285;9614;15899;[199,14,167,150,4,57,60,7,8,42,10,192,190,13,23,15,118,92,68,19,20,173,186,123,24,25,131,27,28,76,106,31,2,147,34,16,55,66,38,39,132,114,9,6,44,45,46,119,21,49,50,51,89,53,85,36,56,183,77,79,184,32,158,63,52,65,124,67,18,69,156,71,146,111,74,144,29,174,78,81,80,61,82,83,157,54,5,87,88,160,3,91,138,189,58,109,195,97,143,99,84,134,102,100,129,96,117,107,108,98,110,73,112,113,188,26,116,35,30,145,178,47,122,151,11,125,126,127,176,0,130,140,40,139,105,135,185,137,179,121,182,95,142,33,75,133,103,172,148,149,90,1,152,86,153,155,70,72,62,159,162,161,37,94,164,165,166,136,168,169,170,171,93,101,163,175,128,177,120,17,180,181,22,154,43,59,48,104,41,141,193,191,64,12,194,115,196,197,198,187,];False
6189;9709;15898;[199,14,167,150,4,57,60,7,8,42,10,192,130,142,23,15,118,92,68,19,20,173,186,123,24,25,131,27,28,76,18,31,2,147,34,16,55,66,38,39,132,174,101,6,44,45,183,119,21,49,50,51,89,53,85,36,56,46,77,79,184,32,158,63,52,129,124,67,106,69,156,71,146,111,74,144,29,114,78,81,80,61,82,83,157,54,5,87,88,11,3,91,138,189,58,109,195,97,143,99,84,134,102,100,65,96,117,187,108,98,110,73,112,113,188,26,116,35,30,145,178,47,122,151,160,125,126,127,176,0,190,140,40,139,105,135,185,137,179,121,182,95,13,33,75,133,103,172,148,149,90,1,152,86,153,155,70,72,62,159,162,161,37,94,164,165,166,136,168,169,170,171,93,9,163,175,128,177,120,17,180,181,22,154,43,59,48,104,41,141,193,191,64,12,194,115,196,197,198,107,];False
6288;9610;15898;[199,14,167,150,4,57,60,7,8,42,10,192,190,13,23,15,118,92,68,19,20,173,186,123,24,40,131,27,28,76,106,31,2,147,34,16,55,66,38,39,132,114,9,6,44,45,46,119,21,49,50,51,89,53,85,36,56,183,77,79,184,32,158,63,52,65,124,67,18,69,156,71,146,111,74,144,29,174,78,81,80,61,82,83,157,54,5,87,88,160,3,91,138,189,58,109,195,97,143,99,84,134,102,100,129,96,117,187,108,98,110,73,112,113,188,26,116,35,30,145,178,47,122,151,11,125,126,127,176,0,130,140,25,139,105,135,185,137,179,121,182,95,142,33,75,133,103,172,148,149,90,1,152,86,153,155,70,72,62,159,162,161,37,94,164,165,166,136,168,169,170,171,93,101,163,175,128,177,120,17,180,181,22,154,43,59,48,104,41,141,193,191,64,12,194,115,196,197,198,107,];False
6267;9629;15896;[199,14,167,150,4,57,60,7,8,42,10,192,130,142,23,15,118,92,83,19,20,173,186,123,24,25,131,27,28,170,106,31,2,147,34,16,55,66,38,39,132,174,101,6,44,45,183,119,21,49,50,51,89,53,85,36,56,46,77,79,184,32,158,63,52,129,124,67,18,69,156,71,146,111,74,144,29,114,78,81,80,61,82,68,157,54,5,87,88,11,3,91,138,189,58,109,195,97,143,99,84,134,102,100,65,96,117,187,108,98,110,73,112,113,188,26,116,35,30,145,178,47,122,151,160,125,126,127,176,0,190,140,40,139,105,135,185,137,179,121,182,95,13,33,75,133,103,172,148,149,90,1,152,86,153,155,70,72,62,159,162,161,37,94,164,165,166,136,168,169,76,171,93,9,163,175,128,177,120,17,180,181,22,12,43,59,48,104,41,141,193,191,64,154,194,115,196,197,198,107,];False
6225;9667;15892;[199,14,167,150,43,57,60,7,8,42,10,192,130,142,23,15,118,92,68,19,20,173,186,123,24,25,131,27,28,170,106,31,2,147,34,16,55,66,38,39,132,174,101,6,44,45,183,119,21,49,50,51,89,53,85,36,56,46,77,79,184,32,158,63,52,129,124,67,18,69,156,71,146,111,74,144,29,114,78,81,80,61,82,83,157,54,5,87,88,11,3,91,138,189,58,109,195,97,143,99,84,134,102,100,65,96,117,187,108,98,110,73,112,113,188,26,116,35,30,145,178,47,122,151,160,125,126,127,176,0,190,140,40,139,105,135,185,137,179,121,182,95,13,33,75,133,103,172,148,149,90,1,152,86,153,155,70,72,62,159,162,161,37,94,164,165,166,136,168,169,76,171,93,9,163,175,128,177,120,17,180,181,22,12,4,59,48,104,41,141,193,191,64,154,194,115,196,197,198,107,];False
6230;9642;15872;[199,14,167,150,4,57,60,7,8,42,10,192,130,142,23,15,118,92,68,19,20,173,186,123,24,25,131,27,28,76,106,31,2,147,34,16,55,66,38,39,132,174,101,6,44,45,183,119,62,49,50,51,89,53,85,36,56,46,77,79,184,32,158,63,52,129,124,67,18,69,156,71,146,111,74,144,29,114,78,81,80,61,82,83,157,54,5,87,88,11,3,91,138,189,58,109,195,97,143,99,84,134,102,100,65,96,117,187,108,98,110,73,112,113,188,26,116,35,30,145,178,47,122,151,160,125,126,127,176,0,190,140,40,139,105,135,185,137,179,121,182,95,13,33,75,133,103,172,148,149,90,1,152,86,153,155,70,72,21,159,162,161,37,94,164,165,166,136,168,169,170,171,93,9,163,175,128,177,120,17,180,181,22,12,43,59,48,104,41,141,193,191,64,154,194,115,196,197,198,107,];False
6274;9598;15872;[199,14,167,150,4,57,60,7,8,42,10,192,190,13,23,15,118,92,68,19,20,173,186,123,24,25,131,27,28,76,106,31,2,147,34,16,55,66,38,39,132,114,9,6,44,45,46,119,21,49,50,51,89,53,85,36,56,183,77,79,184,32,158,63,52,65,124,67,18,69,156,71,146,111,74,144,29,174,78,81,80,61,82,83,157,54,5,87,88,160,3,91,138,189,58,109,195,97,143,99,84,134,102,100,129,96,117,187,108,98,110,73,112,113,188,26,116,35,30,145,178,47,122,151,11,125,126,127,176,0,130,140,40,139,105,135,185,137,179,121,182,95,142,33,75,133,103,172,148,149,90,1,152,86,153,155,70,72,62,159,162,161,37,94,164,165,166,136,168,169,170,171,93,101,163,175,128,177,120,17,180,181,22,154,43,59,48,104,41,141,193,191,64,12,194,115,196,197,198,107,];False
6333;9538;15871;[199,14,167,150,4,57,60,7,8,42,10,192,190,142,23,15,118,92,123,19,20,173,186,68,24,25,131,27,28,76,106,31,2,147,34,16,55,66,38,39,132,114,9,6,44,45,183,119,21,49,50,51,89,53,85,36,56,46,77,79,184,32,158,63,52,65,124,67,18,69,156,71,146,111,74,144,29,174,78,81,80,61,82,83,157,54,5,87,88,160,3,91,138,189,58,109,195,97,143,99,84,134,102,100,129,96,117,187,108,98,110,73,112,113,188,26,116,35,30,145,178,47,122,151,11,125,126,127,176,0,130,140,40,139,105,135,185,137,179,121,182,95,13,33,75,133,103,172,148,149,90,1,152,86,153,155,70,72,62,159,162,161,37,94,164,165,166,136,168,169,170,171,93,101,163,175,128,177,120,17,180,181,22,154,43,59,48,104,41,141,193,191,64,12,194,115,196,197,198,107,];False
6242;9628;15870;[199,14,167,150,4,57,60,7,8,42,10,192,190,142,23,15,118,92,68,19,20,173,186,123,24,25,131,27,28,76,106,31,2,147,34,16,55,66,38,39,132,114,9,6,44,45,183,119,21,49,50,51,89,53,85,36,56,46,77,79,184,32,158,63,52,129,124,67,18,69,156,71,146,111,74,144,29,174,78,81,80,61,82,83,157,54,5,87,88,160,3,91,138,189,58,109,195,97,143,99,84,134,102,100,65,96,117,187,108,98,110,73,112,113,188,26,116,35,30,181,178,47,122,151,11,125,126,127,176,0,130,140,40,139,105,135,185,137,179,121,182,95,13,33,75,133,103,172,148,149,90,1,152,86,153,155,70,72,62,159,162,161,37,94,164,165,166,136,168,169,170,171,93,101,163,175,128,177,120,17,180,145,22,154,43,59,48,104,41,141,193,191,64,12,194,115,196,197,198,107,];False
6237;9627;15864;[199,14,167,150,4,57,60,7,8,42,10,192,130,142,23,15,118,92,68,19,20,173,186,123,24,25,131,27,28,170,106,31,2,147,34,16,55,66,38,39,132,174,101,6,44,45,183,119,21,49,50,51,89,53,85,36,56,46,77,79,184,32,158,63,52,129,124,67,18,69,156,71,146,111,74,144,29,114,78,81,80,61,82,112,157,54,5,87,88,11,3,91,138,189,58,109,195,97,143,99,84,134,102,100,65,96,117,187,108,98,110,73,83,113,188,26,116,35,30,145,178,47,122,151,160,125,126,127,176,0,190,140,40,139,105,135,185,137,179,121,182,95,13,33,75,133,103,172,148,149,90,1,152,86,153,155,70,72,62,159,162,161,37,94,164,165,166,136,168,169,76,171,93,9,163,175,128,177,120,17,180,181,22,12,43,59,48,104,41,141,193,191,64,154,194,115,196,197,198,107,];False
6204;9658;15862;[199,14,167,150,4,57,60,7,8,42,10,192,190,142,23,15,118,92,68,19,20,173,186,123,24,25,131,27,28,76,106,31,2,147,34,16,55,66,38,39,132,114,9,6,44,45,183,119,21,49,50,51,89,53,85,36,56,46,77,79,184,32,158,63,52,129,124,67,18,69,156,71,146,111,74,144,29,174,78,81,80,61,82,83,157,54,5,87,88,160,3,91,138,189,58,109,195,97,143,99,84,134,102,101,65,96,117,187,108,98,110,73,112,113,188,26,116,35,30,145,178,47,122,151,11,125,126,127,176,0,130,140,40,139,105,135,185,137,179,121,182,95,13,33,75,133,103,172,148,149,90,1,152,86,153,155,70,72,62,159,162,161,37,94,164,165,166,136,168,169,170,171,93,100,163,175,128,177,120,17,180,181,22,154,43,59,48,104,41,141,193,191,64,12,194,115,196,197,198,107,];False
6180;9677;15857;[199,14,167,150,4,57,60,7,8,42,10,192,190,142,23,15,118,92,68,19,20,173,186,123,24,25,131,27,28,76,106,31,2,147,34,16,55,66,38,39,132,114,9,6,44,45,183,119,21,49,50,51,89,53,85,36,56,46,77,79,184,32,158,63,52,129,124,67,18,69,156,71,146,111,74,144,29,174,78,81,80,61,82,83,157,54,5,87,88,11,3,91,138,189,58,109,195,97,143,99,84,134,102,100,65,96,117,187,108,98,110,73,112,113,188,26,116,35,30,145,178,47,122,151,160,125,126,127,176,0,130,140,40,139,105,135,185,137,179,121,182,95,13,33,75,133,103,172,148,149,90,1,152,86,153,155,70,72,62,159,162,161,37,94,164,165,166,136,168,169,170,171,93,101,163,175,128,177,120,17,180,181,22,154,43,59,48,104,41,141,193,191,64,12,194,115,196,197,198,107,];False
6173;9678;15851;[199,14,167,150,4,57,60,7,8,42,10,192,130,142,23,15,118,92,68,19,20,173,186,123,24,25,131,27,28,76,106,31,2,147,34,16,55,66,38,39,132,114,9,6,44,45,183,119,21,49,50,51,89,53,85,36,56,46,77,79,184,32,158,63,52,129,124,67,18,69,156,71,146,111,74,144,29,174,78,81,80,61,82,83,157,54,5,87,88,11,3,91,138,189,58,109,195,97,143,99,84,134,102,100,65,96,117,187,108,98,110,73,112,113,188,26,116,35,30,145,178,47,122,151,160,125,126,127,176,0,190,140,40,139,105,135,185,137,179,121,182,95,13,33,75,133,103,172,148,149,90,1,152,86,153,155,70,72,62,159,162,161,37,94,164,165,166,136,168,169,170,171,93,101,163,175,128,177,120,17,180,181,22,154,43,59,48,104,41,141,193,191,64,12,194,115,196,197,198,107,];False
6158;9691;15849;[199,14,167,150,4,57,60,7,8,42,10,192,130,142,23,15,118,92,68,19,20,173,186,123,24,25,131,27,28,76,106,31,2,147,34,16,55,66,38,39,132,174,9,6,44,45,183,119,21,49,50,51,89,53,85,36,56,46,77,79,184,32,158,63,52,129,124,67,18,69,156,71,146,111,74,144,29,114,78,81,80,61,82,83,157,54,5,87,88,11,3,91,138,189,58,109,195,97,143,99,84,134,102,100,65,96,117,187,108,98,110,73,112,113,188,26,116,35,30,145,178,47,122,151,160,125,126,127,176,0,190,140,40,139,105,135,185,137,179,121,182,95,13,33,75,133,103,172,148,149,90,1,152,86,153,155,70,72,62,159,162,161,37,94,164,165,166,136,168,169,170,171,93,101,163,175,128,177,120,17,180,181,22,154,43,59,48,104,41,141,193,191,64,12,194,115,196,197,198,107,];False
6183;9666;15849;[199,14,167,150,4,57,60,7,8,42,10,192,130,142,23,15,118,92,68,19,20,173,186,123,24,25,131,27,28,170,106,31,2,147,34,16,55,66,38,39,132,174,101,6,44,45,183,119,21,49,50,51,89,53,85,36,56,46,77,79,184,32,158,63,52,129,124,67,18,69,156,71,146,111,74,144,29,114,78,81,80,61,82,83,157,54,5,87,88,11,3,91,138,189,58,109,195,97,143,99,84,116,102,100,65,96,117,187,108,98,110,73,112,113,188,26,134,35,30,145,178,47,122,151,160,125,126,127,176,0,190,140,40,139,105,135,185,137,179,121,182,95,13,33,75,133,103,172,148,149,90,1,152,86,153,155,70,72,62,159,162,161,37,94,164,165,166,136,168,169,76,171,93,9,163,175,128,177,120,17,180,181,22,12,43,59,48,104,41,141,193,191,64,154,194,115,196,197,198,107,];False
6184;9664;15848;[199,14,167,150,4,57,60,7,8,42,10,192,190,142,23,15,118,92,68,19,20,173,186,123,24,25,131,27,28,76,106,31,2,147,34,16,55,66,38,39,132,114,9,6,44,45,183,119,21,49,50,51,89,53,85,36,56,46,77,79,184,32,158,63,52,129,124,67,18,69,156,71,146,111,74,144,29,174,78,81,80,61,82,83,157,54,5,87,88,160,3,91,138,189,58,109,195,97,143,99,84,134,102,100,65,96,117,187,108,98,110,73,112,113,188,26,116,35,30,145,178,47,122,151,11,125,126,127,176,0,130,140,40,139,105,135,185,137,179,121,182,95,13,33,75,133,103,172,148,149,90,1,152,86,153,155,70,72,62,159,162,161,37,94,164,165,166,136,168,169,170,171,93,101,163,175,128,177,120,17,180,181,22,154,43,59,48,104,41,141,193,191,64,12,194,115,196,197,198,107,];False
6232;9614;15846;[199,14,167,150,4,57,60,7,8,42,10,192,190,13,23,15,118,92,68,19,20,173,186,123,24,25,131,27,28,76,106,31,2,147,34,16,55,66,38,39,132,114,9,6,44,45,183,119,21,49,50,51,89,53,85,36,56,46,77,79,184,32,158,63,52,65,124,67,18,69,156,71,146,111,74,144,29,174,78,81,80,61,82,83,157,54,5,87,88,160,3,91,138,189,58,109,195,97,143,99,84,134,102,100,129,96,117,187,108,98,110,73,112,113,188,26,116,35,30,145,178,47,122,151,11,125,126,127,176,0,130,140,40,139,105,135,185,137,179,121,182,95,142,33,75,133,103,172,148,149,90,1,152,86,153,155,70,72,62,159,162,161,37,94,164,165,166,136,168,169,170,171,93,101,163,175,128,177,120,17,180,181,22,154,43,59,48,104,41,141,193,191,64,12,194,115,196,197,198,107,];False
6250;9591;15841;[199,14,167,150,4,57,60,7,8,42,10,192,190,142,23,15,118,92,68,19,20,173,186,123,24,25,131,27,28,157,106,31,2,147,34,16,55,66,38,39,132,114,9,6,44,45,183,119,21,49,50,51,89,53,85,36,56,46,77,79,184,32,158,63,52,129,124,67,18,69,156,71,146,111,74,144,29,174,78,81,80,61,82,83,76,54,5,87,88,160,3,91,138,189,58,109,195,97,143,99,84,134,102,100,65,96,117,187,108,98,110,73,112,113,188,26,116,35,30,145,178,47,122,151,11,125,126,127,176,0,130,140,40,139,105,135,185,137,179,121,182,95,13,33,75,133,103,172,148,149,90,1,152,86,153,155,70,72,62,159,162,161,37,94,164,165,166,136,168,169,170,171,93,101,163,175,128,177,120,17,180,181,22,154,43,59,48,104,41,141,193,191,64,12,194,115,196,197,198,107,];False
6170;9666;15836;[199,14,167,150,4,57,60,7,8,42,10,192,31,142,23,15,118,92,68,19,78,173,186,123,24,25,131,27,28,170,106,130,2,147,34,16,55,66,38,39,132,174,101,6,44,45,183,119,21,49,50,51,89,53,85,36,56,46,77,79,184,32,158,63,52,129,124,67,18,69,156,71,146,111,74,144,29,114,20,81,80,61,82,83,157,54,5,87,88,11,3,91,138,189,58,109,195,97,143,99,84,134,102,100,65,96,117,187,108,98,110,73,112,113,188,26,116,35,30,145,178,47,122,151,160,125,126,127,176,0,190,140,40,139,105,135,185,137,179,121,182,95,13,33,75,133,103,172,148,149,90,1,152,86,153,155,70,72,62,159,162,161,37,94,164,165,166,136,168,169,76,171,93,9,163,175,128,177,120,17,180,181,22,12,43,59,48,104,41,141,193,191,64,154,194,115,196,197,198,107,];False
6222;9595;15817;[199,14,167,150,4,57,60,7,8,42,10,192,190,142,23,15,118,92,68,19,20,173,186,123,24,25,131,27,28,76,106,31,2,147,34,16,55,66,38,39,132,114,9,6,44,45,183,119,21,49,50,51,89,53,85,36,56,46,77,79,184,32,158,63,52,65,124,67,18,69,156,71,146,111,74,144,29,174,78,81,80,61,82,83,157,54,5,87,88,160,3,91,138,189,58,109,195,97,143,99,84,134,102,100,129,96,117,187,108,98,110,73,112,113,188,26,116,35,30,145,178,47,122,151,11,125,126,127,176,0,130,140,40,139,105,135,185,137,179,121,182,95,13,33,75,133,103,172,148,149,90,1,152,86,153,155,70,72,62,159,162,161,37,94,164,165,166,136,168,169,170,171,93,101,163,175,128,177,120,17,180,181,22,154,43,59,48,104,41,141,193,191,64,12,194,115,196,197,198,107,];False
6157;9646;15803;[199,14,167,150,4,57,60,7,8,42,10,192,130,142,23,15,118,92,68,19,20,173,186,123,24,25,131,27,28,170,106,31,2,147,34,16,55,66,38,39,132,174,101,6,44,45,183,114,21,49,50,51,89,53,85,36,56,46,77,79,184,32,158,63,52,129,124,67,18,69,156,71,146,111,74,144,29,119,78,81,80,61,82,83,157,54,5,87,88,11,3,91,138,189,58,109,195,97,143,99,84,134,102,100,65,96,117,187,108,98,110,73,112,113,188,26,116,35,30,145,178,47,122,151,160,125,126,127,176,0,190,140,40,139,105,135,185,137,179,121,182,95,13,33,75,133,103,172,148,149,90,1,152,86,153,155,70,72,62,159,162,161,37,94,164,165,166,136,168,169,76,171,93,9,163,175,128,177,120,17,180,181,22,12,43,59,48,104,41,141,193,191,64,154,194,115,196,197,198,107,];False
6161;9635;15796;[199,14,167,150,4,57,60,7,8,42,10,192,130,142,23,15,118,92,68,19,20,173,186,123,24,25,131,27,28,170,106,31,2,147,34,16,55,66,38,39,132,174,101,6,44,45,183,119,21,49,50,51,89,53,85,36,56,46,77,79,184,32,158,63,52,129,124,67,18,69,156,71,146,111,74,144,29,114,78,81,80,61,82,83,157,54,5,87,88,11,3,91,138,189,58,109,195,97,143,99,84,134,102,100,65,96,117,187,108,98,110,73,112,113,188,26,103,35,30,145,178,47,122,151,160,125,126,127,176,0,190,140,40,139,105,135,185,137,179,121,182,95,13,33,75,133,116,172,148,149,90,1,152,86,153,155,70,72,62,159,162,161,37,94,164,165,166,136,168,169,76,171,93,9,163,175,128,177,120,17,180,181,22,12,43,59,48,104,41,141,193,191,64,154,194,115,196,197,198,107,];False
6158;9637;15795;[199,14,167,150,4,57,60,7,8,42,10,192,130,142,23,15,118,92,68,19,20,173,186,123,24,25,131,27,28,170,106,31,2,147,34,16,55,66,38,39,132,174,101,6,44,45,183,119,21,49,50,51,89,53,85,36,56,46,77,79,184,32,158,63,52,129,124,67,18,69,156,71,146,111,74,144,29,114,78,81,80,61,82,83,157,54,5,87,88,11,3,91,138,189,58,109,195,97,143,126,84,134,102,100,65,96,117,187,108,98,110,73,112,113,188,26,116,35,30,145,178,47,122,151,160,125,99,127,176,0,190,140,40,139,105,135,185,137,179,121,182,95,13,33,75,133,103,172,148,149,90,1,152,86,153,155,70,72,62,159,162,161,37,94,164,165,166,136,168,169,76,171,93,9,163,175,128,177,120,17,180,181,22,12,43,59,48,104,41,141,193,191,64,154,194,115,196,197,198,107,];False
6150;9634;15784;[199,14,167,150,4,57,60,7,8,42,10,192,130,142,23,24,118,92,68,19,20,173,186,123,15,25,131,27,28,170,106,31,2,147,34,16,55,66,38,39,132,174,101,6,44,45,183,119,21,49,50,51,89,53,85,36,56,46,77,79,184,32,158,63,52,129,124,67,18,69,156,71,146,111,74,144,29,114,78,81,80,61,82,83,157,54,5,87,88,11,3,91,138,189,58,109,195,97,143,99,84,134,102,100,65,96,117,187,108,98,110,73,112,113,188,26,116,35,30,145,178,47,122,151,160,125,126,127,176,0,190,140,40,139,105,135,185,137,179,121,182,95,13,33,75,133,103,172,148,149,90,1,152,86,153,155,70,72,62,159,162,161,37,94,164,165,166,136,168,169,76,171,93,9,163,175,128,177,120,17,180,181,22,12,43,59,48,104,41,141,193,191,64,154,194,115,196,197,198,107,];False
6134;9646;15780;[199,14,167,150,4,57,60,7,8,42,10,192,130,142,23,15,118,92,68,19,20,173,186,123,24,25,131,27,28,170,106,31,2,147,34,16,55,66,38,39,132,174,101,6,44,45,183,119,21,49,94,51,89,53,85,36,56,46,77,79,184,32,158,63,52,129,124,67,18,69,156,71,146,111,74,144,29,114,78,81,80,61,82,83,157,54,5,87,88,11,3,91,138,189,58,109,195,97,143,99,84,134,102,100,65,96,117,187,108,98,110,73,112,113,188,26,116,35,30,145,178,47,122,151,160,125,126,127,176,0,190,140,40,139,105,135,185,137,179,121,182,95,13,33,75,133,103,172,148,149,90,1,152,86,153,155,70,72,62,159,162,161,37,50,164,165,166,136,168,169,76,171,93,9,163,175,128,177,120,17,180,181,22,12,43,59,48,104,41,141,193,191,64,154,194,115,196,197,198,107,];False
6147;9630;15777;[199,14,167,150,4,57,60,7,8,42,10,138,130,142,23,15,118,92,68,19,20,173,186,123,24,25,131,27,28,170,106,31,2,147,34,16,55,66,38,39,132,174,101,6,44,45,183,119,21,49,50,51,89,53,85,36,56,46,77,79,184,32,158,63,52,129,124,67,18,69,156,71,146,111,74,144,29,114,78,81,80,61,82,83,157,54,5,87,88,11,3,91,192,189,58,109,195,97,143,99,84,134,102,100,65,96,117,187,108,98,110,73,112,113,188,26,116,35,30,145,178,47,122,151,160,125,126,127,176,0,190,140,40,139,105,135,185,137,179,121,182,95,13,33,75,133,103,172,148,149,90,1,152,86,153,155,70,72,62,159,162,161,37,94,164,165,166,136,168,169,76,171,93,9,163,175,128,177,120,17,180,181,22,12,43,59,48,104,41,141,193,191,64,154,194,115,196,197,198,107,];False
6173;9602;15775;[199,14,167,150,4,57,60,7,8,42,10,192,130,142,23,15,118,92,68,19,20,173,186,123,24,25,131,27,28,170,106,31,2,147,34,16,55,66,38,39,132,174,101,6,44,45,183,119,21,49,50,51,89,53,85,36,56,46,77,79,184,32,158,63,52,129,124,67,18,69,156,71,146,111,74,144,29,114,78,81,80,61,82,83,141,54,5,87,88,11,3,91,138,189,58,109,195,97,143,99,84,134,102,100,65,96,117,187,108,98,110,73,112,113,188,26,116,35,30,145,178,47,122,151,160,125,126,127,176,0,190,140,40,139,105,135,185,137,179,121,182,95,13,33,75,133,103,172,148,149,90,1,152,86,153,155,70,72,62,159,162,161,37,94,164,165,166,136,168,169,76,171,93,9,163,175,128,177,120,17,180,181,22,12,43,59,48,104,41,157,193,191,64,154,194,115,196,197,198,107,];False
6136;9637;15773;[199,14,167,150,4,57,60,7,8,42,10,192,130,142,23,15,118,92,68,19,20,173,186,123,24,25,131,27,28,170,106,31,2,147,34,16,55,66,38,39,132,174,101,6,44,45,183,119,21,49,50,51,89,53,85,36,56,46,77,79,184,32,158,63,52,129,124,67,18,69,156,71,146,111,74,144,29,114,78,81,80,61,82,83,157,54,5,87,88,11,3,91,138,189,58,109,195,97,143,99,84,134,102,100,65,96,117,187,108,98,110,73,112,113,188,26,116,35,30,145,178,47,122,151,160,125,126,127,176,0,190,140,40,139,105,135,185,137,179,121,182,95,13,33,75,133,103,172,148,149,90,1,152,86,153,155,70,72,62,159,162,161,17,94,164,165,166,136,168,169,76,171,93,9,163,175,128,177,120,37,180,181,22,12,43,59,48,104,41,141,193,191,64,154,194,115,196,197,198,107,];False
6082;9690;15772;[199,14,167,150,4,57,60,7,8,42,10,192,130,142,23,15,118,92,68,19,20,173,186,123,24,25,131,27,28,76,106,31,2,147,34,16,55,66,38,39,132,174,101,6,44,45,183,119,21,49,50,51,89,53,85,36,56,46,77,79,184,32,158,63,52,129,124,67,18,69,156,71,146,111,74,144,29,114,78,81,80,61,82,83,157,54,5,87,88,11,3,91,138,189,58,109,195,97,143,99,84,134,102,100,65,96,117,187,108,98,110,73,112,113,188,26,116,35,30,145,178,47,122,151,160,125,126,127,176,0,190,140,40,139,105,135,185,137,179,121,182,95,13,33,75,133,103,172,148,149,90,1,152,86,153,155,70,72,62,159,162,161,37,94,164,165,166,136,168,169,170,171,93,9,163,175,128,177,120,17,180,181,22,154,43,59,48,104,41,141,193,191,64,12,194,115,196,197,198,107,];False
6133;9627;15760;[199,14,167,150,4,57,60,7,8,42,10,192,130,142,23,15,118,92,68,19,20,173,186,123,24,25,131,27,28,170,106,31,2,147,34,16,55,66,38,39,132,174,101,6,44,45,183,119,21,49,50,51,89,53,85,36,56,46,77,79,184,32,158,63,52,129,124,67,18,58,156,71,146,111,74,144,29,114,78,81,80,61,82,83,157,54,5,87,88,11,3,91,138,189,69,109,195,97,143,99,84,134,102,100,65,96,117,187,108,98,110,73,112,113,188,26,116,35,30,145,178,47,122,151,160,125,126,127,176,0,190,140,40,139,105,135,185,137,179,121,182,95,13,33,75,133,103,172,148,149,90,1,152,86,153,155,70,72,62,159,162,161,37,94,164,165,166,136,168,169,76,171,93,9,163,175,128,177,120,17,180,181,22,12,43,59,48,104,41,141,193,191,64,154,194,115,196,197,198,107,];False
6083;9675;15758;[199,14,167,150,4,57,60,7,8,42,10,192,130,142,23,15,118,92,68,19,20,173,186,123,24,25,131,27,28,170,106,31,2,147,34,16,55,66,38,39,132,174,101,6,44,45,183,119,21,49,50,51,89,53,85,36,56,46,77,79,184,32,158,63,52,129,124,67,18,69,156,71,146,111,74,144,29,114,78,81,80,61,82,83,157,54,5,87,88,11,3,91,138,189,58,109,195,97,143,99,84,134,102,100,65,96,117,187,108,98,110,73,112,113,188,26,116,35,30,145,178,47,122,151,160,125,171,127,176,0,190,140,40,139,105,135,185,137,179,121,182,95,13,33,75,133,103,172,148,149,90,1,152,86,153,155,70,72,62,159,162,161,37,94,164,165,166,136,168,169,76,126,93,9,163,175,128,177,120,17,180,181,22,12,43,59,48,104,41,141,193,191,64,154,194,115,196,197,198,107,];False
6100;9633;15733;[199,14,167,150,4,57,60,7,8,42,10,192,130,142,23,15,118,92,68,19,20,173,186,123,24,25,131,27,28,170,106,31,2,147,34,16,55,66,38,39,132,174,101,6,44,45,183,119,21,49,50,51,89,53,85,36,56,46,77,79,184,32,158,63,52,129,124,67,18,69,156,71,146,111,74,144,29,114,78,81,80,61,82,83,157,54,5,87,88,11,3,91,138,189,58,109,195,97,143,99,84,134,102,100,65,96,117,187,108,98,110,73,112,113,188,26,116,35,30,145,178,47,122,151,160,125,126,127,176,0,190,140,40,139,105,135,185,137,179,121,182,95,13,33,75,133,103,172,148,149,90,1,152,86,153,155,70,72,62,197,162,161,37,94,164,165,166,136,168,169,76,171,93,9,163,175,128,177,120,17,180,181,22,12,43,59,48,104,41,141,193,191,64,154,194,115,196,159,198,107,];False
6087;9642;15729;[199,14,167,150,4,57,60,7,8,42,10,192,130,142,23,15,118,92,68,19,20,173,186,123,24,25,131,27,28,170,106,31,2,147,34,16,55,66,38,39,132,174,101,6,44,45,183,119,21,49,50,51,89,53,85,36,56,46,77,79,184,32,158,33,52,129,124,67,18,69,156,71,146,111,74,144,29,114,78,81,80,61,82,83,157,54,5,87,88,11,3,91,138,189,58,109,195,97,143,99,84,134,102,100,65,96,117,187,108,98,110,73,112,113,188,26,116,35,30,145,178,47,122,151,160,125,126,127,176,0,190,140,40,139,105,135,185,137,179,121,182,95,13,63,75,133,103,172,148,149,90,1,152,86,153,155,70,72,62,159,162,161,37,94,164,165,166,136,168,169,76,171,93,9,163,175,128,177,120,17,180,181,22,12,43,59,48,104,41,141,193,191,64,154,194,115,196,197,198,107,];False
6130;9586;15716;[199,14,167,150,4,57,60,7,8,42,10,192,31,142,23,15,11,92,68,19,20,173,186,123,24,25,131,27,28,170,106,130,2,147,34,16,55,66,38,39,132,174,101,6,44,45,183,119,21,49,50,51,74,53,85,36,56,46,77,79,184,32,158,63,52,129,124,67,18,69,156,71,146,111,89,144,29,114,78,81,80,61,82,83,157,54,5,87,88,118,3,91,138,189,58,109,195,97,143,99,84,134,102,100,65,96,117,187,108,98,110,73,112,113,188,26,116,35,30,145,178,47,122,151,160,125,126,127,176,0,190,140,40,139,105,135,185,137,179,121,182,95,13,33,75,133,103,172,148,149,90,1,152,86,153,155,70,72,62,159,162,161,37,94,164,165,166,136,168,169,76,171,93,9,163,175,128,177,120,17,180,181,22,12,43,59,48,104,41,141,193,191,64,154,194,115,196,197,198,107,];False
6051;9660;15711;[199,14,167,150,4,57,60,7,8,42,10,192,130,142,23,15,118,92,68,19,20,173,186,123,24,25,131,27,28,76,106,31,2,147,34,16,55,66,38,39,132,174,101,6,44,45,183,119,21,49,50,51,89,53,85,36,56,46,77,79,184,32,158,63,52,129,124,67,18,69,156,71,146,111,74,144,29,114,78,81,80,61,82,83,157,54,5,87,88,11,3,91,138,189,58,109,195,97,143,99,84,134,102,100,65,96,117,187,108,98,110,73,112,113,188,26,116,35,30,145,178,47,122,151,160,125,126,127,176,0,190,140,40,139,105,135,185,137,179,121,182,95,13,33,75,133,103,172,148,149,90,1,152,86,153,155,70,72,62,159,162,161,37,94,164,165,166,136,168,169,170,171,93,9,163,175,128,177,120,17,180,181,22,12,43,59,48,104,41,141,193,191,64,154,194,115,196,197,198,107,];False
6118;9593;15711;[199,14,167,150,4,57,60,7,8,42,10,192,130,142,23,15,118,92,68,19,20,173,186,123,24,25,131,27,28,170,106,31,2,147,34,16,55,66,38,39,132,174,101,6,44,45,183,119,21,49,50,51,89,53,85,36,56,46,77,79,184,32,158,63,52,129,124,67,18,69,156,71,146,111,74,144,29,114,78,81,80,61,82,83,157,54,5,87,88,11,3,91,138,189,58,109,195,97,143,99,84,134,64,100,65,96,117,187,108,98,110,73,112,113,188,26,116,35,30,145,178,47,122,151,160,125,126,127,176,0,190,140,40,139,105,135,185,137,179,121,182,95,13,33,75,133,103,172,148,149,90,1,152,86,153,155,70,72,62,159,162,161,37,94,164,165,166,136,168,169,76,171,93,9,163,175,128,177,120,17,180,181,22,12,43,59,48,104,41,141,193,191,102,154,194,115,196,197,198,107,];False
6064;9646;15710;[199,14,167,150,4,57,60,7,8,42,10,192,130,142,23,15,118,92,68,19,20,173,186,123,24,25,131,27,28,170,106,31,2,147,34,16,55,66,38,39,132,174,101,6,44,45,183,119,21,49,50,51,89,53,85,36,56,46,77,79,184,32,158,63,52,129,124,67,18,69,156,71,146,111,74,144,29,114,78,81,80,61,82,83,157,54,5,87,88,11,3,91,138,189,58,109,195,97,143,99,84,134,102,100,65,96,117,187,108,98,110,73,112,113,188,26,116,35,30,145,178,47,122,151,160,125,126,127,176,0,190,140,40,139,105,135,185,137,179,121,182,196,13,33,75,133,103,172,148,149,90,1,152,86,153,155,70,72,62,159,162,161,37,94,164,165,166,136,168,169,76,171,93,9,163,175,128,177,120,17,180,181,22,12,43,59,48,104,41,141,193,191,64,154,194,115,95,197,198,107,];False
6144;9557;15701;[199,14,167,150,4,85,60,7,8,42,10,192,31,142,185,15,118,92,68,19,20,173,186,123,24,25,131,27,28,170,106,130,2,147,34,16,55,66,38,39,132,174,101,6,44,45,183,119,21,49,50,51,74,53,57,36,56,46,77,79,184,32,158,63,52,129,124,67,18,69,156,71,146,111,89,144,29,114,78,81,80,61,82,83,157,54,5,87,88,11,3,91,138,189,58,109,195,97,143,99,84,134,102,100,65,96,117,187,108,98,110,73,112,113,188,26,116,35,30,145,178,47,122,151,160,125,126,127,176,0,190,140,40,139,105,135,23,137,179,121,182,95,13,33,75,133,103,172,148,149,90,1,152,86,153,155,70,72,62,159,162,161,37,94,164,165,166,136,168,169,76,171,93,9,163,175,128,177,120,17,180,181,22,12,43,59,48,104,41,141,193,191,64,154,194,115,196,197,198,107,];False
6070;9629;15699;[199,14,167,150,4,57,60,7,8,42,10,192,31,142,115,15,118,92,68,19,20,173,186,123,24,25,131,27,28,170,106,130,2,147,34,16,55,66,38,39,132,174,101,6,44,45,183,119,21,49,50,51,89,53,85,36,56,46,77,79,184,32,158,63,52,129,124,67,18,69,156,71,146,111,74,144,29,114,78,81,80,61,82,83,157,54,5,87,88,11,3,91,138,189,58,109,195,97,143,99,84,134,102,100,65,96,117,187,108,98,110,73,112,113,188,26,116,35,30,145,178,47,122,151,160,125,126,127,176,0,190,140,40,139,105,135,185,137,179,121,182,95,13,33,75,133,103,172,148,149,90,1,152,86,153,155,70,72,62,159,162,161,37,94,164,165,166,136,168,169,76,171,93,9,163,175,128,177,120,17,180,181,22,12,43,59,48,104,41,141,193,191,64,154,194,23,196,197,198,107,];False
6132;9562;15694;[199,14,167,150,4,57,60,7,8,42,10,192,31,142,23,15,118,92,68,19,20,173,186,123,24,25,131,27,28,170,106,130,2,147,34,16,55,66,38,39,132,174,101,6,44,45,183,119,21,49,50,51,74,78,85,36,56,46,77,79,184,32,158,63,52,129,124,67,18,69,156,71,146,111,89,144,29,114,53,81,80,61,82,83,157,54,5,87,88,11,3,91,138,189,58,109,195,97,143,99,84,134,102,100,65,96,117,187,108,98,110,73,112,113,188,26,116,35,30,145,178,47,122,151,160,125,126,127,176,0,190,140,40,139,105,135,185,137,179,121,182,95,13,33,75,133,103,172,148,149,90,1,152,86,153,155,70,72,62,159,162,161,37,94,164,165,166,136,168,169,76,171,93,9,163,175,128,177,120,17,180,181,22,12,43,59,48,104,41,141,193,191,64,154,194,115,196,197,198,107,];False
6101;9592;15693;[199,14,167,150,4,57,60,7,8,42,10,192,130,142,23,15,118,92,68,19,20,173,186,123,24,25,131,27,28,170,106,31,2,147,34,16,55,66,38,39,132,174,101,6,44,45,183,119,21,49,50,51,89,53,85,36,56,46,77,79,184,32,158,63,52,129,124,67,18,69,156,71,146,111,74,144,29,114,78,81,80,61,82,83,157,54,5,87,88,11,3,91,138,189,58,109,195,97,143,99,84,134,102,100,65,96,117,187,108,98,110,73,112,113,188,26,116,35,30,145,178,47,122,151,160,125,126,72,176,0,190,140,40,139,105,135,185,137,179,121,182,95,13,33,75,133,103,172,148,149,90,1,152,86,153,155,70,127,62,159,162,161,37,94,164,165,166,136,168,169,76,171,93,9,163,175,128,177,120,17,180,181,22,12,43,59,48,104,41,141,193,191,64,154,194,115,196,197,198,107,];False
6052;9640;15692;[199,14,167,150,4,57,60,7,8,42,10,192,130,142,23,15,118,92,68,19,20,173,186,123,24,25,131,27,28,170,106,31,2,147,34,16,55,66,38,39,132,174,101,6,44,45,183,119,21,49,50,51,89,53,85,36,56,46,77,79,184,32,158,63,52,129,124,67,18,69,156,71,146,111,74,144,29,114,78,81,80,61,82,83,157,54,5,87,88,11,3,91,138,189,58,109,195,97,143,99,84,134,102,100,65,96,117,187,108,98,110,73,112,113,188,26,116,35,30,145,178,47,122,151,160,125,126,127,176,0,190,140,40,139,105,135,185,137,179,121,182,95,13,33,75,133,103,172,148,149,90,1,152,86,153,155,70,72,62,159,162,161,37,94,164,165,166,136,168,169,76,171,93,9,163,175,128,177,120,17,180,181,22,12,43,59,48,104,41,141,193,191,64,154,194,115,196,197,198,107,];False
6163;9525;15688;[199,14,167,150,4,57,60,7,8,42,10,192,31,142,23,15,118,92,68,19,20,173,186,123,24,25,131,27,28,170,106,130,2,147,34,16,55,66,38,39,132,174,101,6,44,45,183,119,21,49,50,51,74,53,85,36,56,46,77,79,184,32,158,63,52,129,124,67,18,69,156,71,146,111,89,144,29,114,78,81,80,61,82,83,157,54,5,87,88,11,3,91,138,189,58,109,195,97,143,99,84,134,102,100,65,96,117,187,108,98,110,73,112,113,188,26,116,35,30,62,178,47,122,151,160,125,126,127,176,0,190,140,40,139,105,135,185,137,179,121,182,95,13,33,75,133,103,172,148,149,90,1,152,86,153,155,70,72,145,159,162,161,37,94,164,165,166,136,168,169,76,171,93,9,163,175,128,177,120,17,180,181,22,12,43,59,48,104,41,141,193,191,64,154,194,115,196,197,198,107,];False
6147;9538;15685;[199,14,167,150,4,57,60,7,8,42,10,192,31,142,23,15,118,92,68,19,20,173,186,123,24,25,131,27,28,170,106,130,2,147,34,16,55,66,38,39,120,174,101,6,44,45,183,119,21,49,50,51,74,53,85,36,56,46,77,79,184,32,158,63,52,129,124,67,18,69,156,71,146,111,89,144,29,114,78,81,80,61,82,83,157,54,5,87,88,11,3,91,138,189,58,109,195,97,143,99,84,134,102,100,65,96,117,187,108,98,110,73,112,113,188,26,116,35,30,145,178,47,122,151,160,125,126,127,176,0,190,140,40,139,105,135,185,137,179,121,182,95,13,33,75,133,103,172,148,149,90,1,152,86,153,155,70,72,62,159,162,161,37,94,164,165,166,136,168,169,76,171,93,9,163,175,128,177,132,17,180,181,22,12,43,59,48,104,41,141,193,191,64,154,194,115,196,197,198,107,];False
6030;9630;15660;[199,14,167,150,4,57,60,7,8,42,10,192,31,142,23,15,118,92,68,19,20,173,186,123,24,25,131,27,28,170,106,130,2,147,34,16,55,66,38,39,132,174,101,6,44,45,183,119,21,49,50,51,89,53,85,36,56,46,77,79,184,32,158,63,52,129,124,67,18,69,156,71,146,111,74,144,29,114,78,81,80,61,82,83,157,54,5,87,88,11,3,91,138,189,58,109,195,97,143,99,84,134,102,100,65,96,117,187,108,98,110,73,112,113,188,26,116,35,30,145,178,47,122,151,160,125,126,127,176,0,190,140,40,139,105,135,185,137,179,121,182,95,13,33,75,133,103,172,148,149,90,1,152,86,153,155,70,72,62,159,162,161,37,94,164,165,166,136,168,169,76,171,93,9,163,175,128,177,120,17,180,181,22,12,43,59,48,104,41,141,193,191,64,154,194,115,196,197,198,107,];False
6110;9550;15660;[199,14,167,150,4,126,60,7,8,42,10,192,31,142,23,15,118,92,68,19,20,173,186,123,24,25,131,27,28,170,106,130,2,147,34,16,55,66,38,39,132,174,101,6,44,45,183,119,21,49,50,51,74,53,85,36,56,46,77,79,184,32,158,63,52,129,124,67,18,69,156,71,146,111,89,144,29,114,78,81,80,61,82,83,157,54,5,87,88,11,3,91,138,189,58,109,195,97,143,99,84,134,102,100,65,96,117,187,108,98,110,73,112,113,188,26,116,35,30,145,178,47,122,151,160,125,57,127,176,0,190,140,40,139,105,135,185,137,179,121,182,95,13,33,75,133,103,172,148,149,90,1,152,86,153,155,70,72,62,159,162,161,37,94,164,165,166,136,168,169,76,171,93,9,163,175,128,177,120,17,180,181,22,12,43,59,48,104,41,141,193,191,64,154,194,115,196,197,198,107,];False
6090;9561;15651;[199,14,167,150,4,57,60,7,8,42,10,192,31,142,185,15,118,92,68,19,20,173,186,123,24,25,131,27,28,170,106,130,2,147,34,16,55,66,38,39,132,174,101,6,44,45,183,119,21,49,50,51,74,53,85,36,56,46,77,79,184,32,158,63,52,129,124,67,18,69,156,71,146,111,89,144,29,114,78,81,80,61,82,83,157,54,5,87,88,11,3,91,138,189,58,109,195,97,143,99,84,134,102,100,65,96,117,187,108,98,110,73,112,113,188,26,116,35,30,145,178,47,122,151,160,125,126,127,176,0,115,140,40,139,105,135,23,137,179,121,182,95,13,33,75,133,103,172,148,149,90,1,152,86,153,155,70,72,62,159,162,161,37,94,164,165,166,136,168,169,76,171,93,9,163,175,128,177,120,17,180,181,22,12,43,59,48,104,41,141,193,191,64,154,194,190,196,197,198,107,];False
6053;9582;15635;[199,14,167,150,4,57,60,7,8,42,10,192,31,142,23,15,118,92,68,19,20,173,186,123,24,25,131,27,28,170,106,130,2,147,34,16,55,66,38,39,132,174,101,6,44,45,183,146,21,49,50,51,89,53,85,36,56,46,77,79,184,32,158,63,52,129,124,67,18,69,156,71,119,111,74,144,29,114,78,81,80,61,82,83,157,54,5,87,88,11,3,91,138,189,58,109,195,97,143,99,84,134,102,100,65,96,117,187,108,98,110,73,112,113,188,26,116,35,30,145,178,47,122,151,160,125,126,127,176,0,190,140,40,139,105,135,185,137,179,121,182,95,13,33,75,133,103,172,148,149,90,1,152,86,153,155,70,72,62,159,162,161,37,94,164,165,166,136,168,169,76,171,93,9,163,175,128,177,120,17,180,181,22,12,43,59,48,104,41,141,193,191,64,154,194,115,196,197,198,107,];False
6089;9533;15622;[199,14,167,150,4,57,60,7,8,42,10,192,31,142,23,15,118,92,68,19,20,173,186,123,24,25,131,27,28,170,106,130,2,147,34,16,55,66,38,39,132,174,101,6,44,45,183,119,103,49,50,51,74,53,85,36,56,46,77,79,184,32,158,63,52,129,124,67,18,69,156,71,146,111,89,144,29,114,78,81,80,61,82,83,157,54,5,87,88,11,3,91,138,189,58,109,195,97,143,99,84,134,102,100,65,96,117,187,108,98,110,73,112,113,188,26,116,35,30,145,178,47,122,151,160,125,126,127,176,0,190,140,40,139,105,135,185,137,179,121,182,95,13,33,75,133,21,172,148,149,90,1,152,86,153,155,70,72,62,159,162,161,37,94,164,165,166,136,168,169,76,171,93,9,163,175,128,177,120,17,180,181,22,12,43,59,48,104,41,141,193,191,64,154,194,115,196,197,198,107,];False
6002;9599;15601;[199,14,167,150,4,57,60,7,8,42,10,192,31,142,185,15,118,92,68,19,20,173,186,123,24,25,131,27,28,170,106,130,2,147,34,16,55,66,38,39,132,174,101,6,44,45,183,119,21,49,50,51,74,53,85,36,56,46,77,79,184,32,158,63,52,129,124,67,18,69,156,71,198,111,89,144,29,114,78,81,80,61,82,83,157,26,5,87,88,11,3,91,138,189,58,109,195,97,143,99,84,134,102,100,65,96,117,187,108,98,110,73,112,113,188,54,116,35,30,145,178,47,122,151,160,125,126,127,176,0,190,140,40,139,105,135,23,137,179,121,182,95,13,33,75,133,103,172,148,149,90,1,152,86,153,155,70,72,62,159,162,161,37,94,164,165,166,136,168,169,76,171,93,9,163,175,128,177,120,17,180,181,22,12,43,59,48,104,41,141,193,191,64,154,194,115,196,197,146,107,];False
6055;9544;15599;[199,14,167,150,4,57,60,7,8,42,10,192,31,142,23,15,118,92,68,19,20,173,186,123,24,25,131,27,28,170,106,130,2,147,34,16,55,66,38,39,132,174,101,6,44,45,183,119,21,49,50,51,74,53,85,36,56,46,77,79,184,32,158,63,52,129,124,67,18,69,156,71,146,111,89,144,29,114,78,81,80,61,82,83,157,54,5,87,88,11,3,91,138,189,58,109,195,97,143,99,84,134,102,100,65,96,117,187,95,98,110,73,112,113,188,26,116,35,30,145,178,47,122,151,160,125,126,127,176,0,190,140,40,139,105,135,185,137,179,121,182,108,13,33,75,133,103,172,148,149,90,1,152,86,153,155,70,72,62,159,162,161,37,94,164,165,166,136,168,169,76,171,93,9,163,175,128,177,120,17,180,181,22,12,43,59,48,104,41,141,193,191,64,154,194,115,196,197,198,107,];False
6046;9548;15594;[199,14,167,150,4,57,60,7,8,42,10,192,31,142,23,15,118,92,68,19,20,173,186,123,24,25,72,27,28,170,106,130,2,147,34,16,55,66,38,39,132,174,101,6,44,45,183,119,21,49,50,51,74,53,85,36,56,46,77,79,184,32,158,63,52,129,124,67,18,69,156,71,146,111,89,144,29,114,78,81,80,61,82,83,157,54,5,87,88,11,3,91,138,189,58,109,195,97,143,99,84,134,102,100,65,96,117,187,108,98,110,73,112,113,188,26,116,35,30,145,178,47,122,151,160,125,126,127,176,0,190,140,40,139,105,135,185,137,179,121,182,95,13,33,75,133,103,172,148,149,90,1,152,86,153,155,70,131,62,159,162,161,37,94,164,165,166,136,168,169,76,171,93,9,163,175,128,177,120,17,180,181,22,12,43,59,48,104,41,141,193,191,64,154,194,115,196,197,198,107,];False
5980;9584;15564;[199,14,167,150,4,57,60,7,148,42,10,192,31,142,185,15,118,92,68,19,20,173,186,123,24,25,131,27,28,170,106,130,2,147,34,16,55,66,38,39,132,174,101,6,44,45,183,119,21,49,50,51,74,53,85,36,56,46,77,79,184,32,158,63,52,129,124,67,18,69,156,71,146,111,89,144,29,114,78,81,80,61,82,83,157,54,5,87,88,11,3,91,138,189,58,109,195,97,143,99,84,134,102,100,65,96,117,187,108,98,110,73,112,113,188,26,116,35,30,145,178,47,122,151,160,125,126,127,176,0,190,140,40,139,105,135,23,137,179,121,182,95,13,33,75,133,103,172,8,149,90,1,152,86,153,155,70,72,62,159,162,161,37,94,164,165,166,136,168,169,76,171,93,9,163,175,128,177,120,17,180,181,22,12,43,59,48,104,41,141,193,191,64,154,194,115,196,197,198,107,];False
6020;9536;15556;[199,14,167,150,4,57,60,7,8,42,10,192,31,142,185,15,118,92,68,19,20,173,186,123,24,25,131,27,28,170,106,130,2,147,34,16,55,66,38,39,132,174,101,6,44,45,183,119,21,49,50,51,74,53,85,36,56,46,77,79,184,32,158,63,52,129,124,67,18,69,156,71,198,111,89,144,29,114,78,81,80,61,82,83,157,54,5,87,88,11,3,91,138,189,58,109,195,97,143,99,84,134,102,100,65,96,117,187,108,98,110,73,0,113,188,26,116,35,30,145,178,47,122,151,160,125,126,127,176,112,190,140,40,139,105,135,23,137,179,121,182,95,13,33,75,133,103,172,148,149,90,1,152,86,153,155,70,72,62,159,162,161,37,94,164,165,166,136,168,169,76,171,93,9,163,175,128,177,120,17,180,181,22,12,43,59,48,104,41,141,193,191,64,154,194,115,196,197,146,107,];False
5989;9559;15548;[199,14,167,150,4,57,60,7,8,42,10,192,31,142,185,15,118,92,68,19,20,173,186,123,24,25,131,27,28,170,106,130,2,147,34,16,55,66,38,39,132,174,101,6,44,45,183,119,21,49,50,51,74,53,85,36,56,46,77,79,184,32,158,63,52,129,124,67,18,69,156,71,198,111,89,144,29,114,78,81,80,61,82,116,157,54,5,87,88,11,90,91,138,189,58,109,195,97,143,99,84,134,102,100,65,96,117,187,108,98,110,73,112,113,188,26,83,35,30,145,178,47,122,151,160,125,126,127,176,0,190,140,40,139,105,135,23,137,179,121,182,95,13,33,75,133,103,172,148,149,3,1,152,86,153,155,70,72,62,159,162,161,37,94,164,165,166,136,168,169,76,171,93,9,163,175,128,177,120,17,180,181,22,12,43,59,48,104,196,141,193,191,64,154,194,115,41,197,146,107,];False
5995;9548;15543;[199,14,167,150,4,57,60,7,8,42,10,192,31,142,23,15,118,92,68,19,20,173,186,123,24,25,131,27,28,170,106,130,2,147,34,16,55,66,38,39,132,174,101,6,44,45,183,119,21,49,50,51,74,53,85,36,56,46,77,79,184,32,158,63,52,129,124,67,18,69,156,71,146,111,89,144,29,114,78,81,80,61,82,83,157,54,5,87,88,11,3,91,138,189,58,109,195,97,143,99,84,134,102,100,65,96,117,187,108,98,110,73,112,113,188,26,116,35,30,145,178,47,122,151,160,125,126,127,176,0,190,140,40,139,105,135,185,137,179,121,182,95,13,33,75,133,103,172,148,149,90,1,152,86,153,155,70,72,62,159,162,161,37,94,164,165,166,136,168,169,76,171,93,9,163,175,128,177,120,17,180,181,22,12,43,59,48,104,41,141,193,191,64,154,194,115,196,197,198,107,];False
5963;9568;15531;[199,14,167,150,4,57,60,7,8,42,10,192,31,142,185,15,118,92,68,19,20,173,186,123,179,25,131,27,28,170,106,130,2,147,34,16,55,66,38,39,132,174,101,6,44,45,183,119,21,49,50,51,74,53,85,36,56,46,77,79,184,32,158,63,52,129,124,67,18,69,156,71,198,111,89,144,29,114,78,81,80,61,82,83,157,54,5,87,88,11,90,91,138,189,58,109,195,97,143,99,84,134,102,100,65,96,117,187,108,98,110,73,112,113,188,26,116,35,30,145,178,47,122,151,160,125,126,127,176,0,190,140,40,139,105,135,23,137,24,121,182,95,13,33,75,133,103,172,148,149,3,1,152,86,153,155,70,72,62,159,162,161,37,94,164,165,166,136,168,169,76,171,93,9,163,175,128,177,120,17,180,181,22,12,43,59,48,104,41,141,193,191,64,154,194,115,196,197,146,107,];False
5948;9583;15531;[199,14,167,150,4,57,60,7,8,42,10,192,31,142,185,15,118,92,68,19,20,1,186,123,24,25,131,27,28,170,106,130,2,147,34,16,55,66,38,39,132,174,101,6,44,45,183,119,21,49,50,51,74,53,85,36,56,46,77,79,184,32,158,63,52,129,124,67,18,69,156,71,198,111,89,144,29,114,78,81,80,61,82,83,157,54,5,87,88,11,3,91,138,189,58,109,195,97,143,99,84,134,102,100,65,96,117,187,108,98,110,73,112,113,188,26,116,35,30,145,178,47,122,151,160,125,126,127,176,0,190,140,40,139,105,135,23,137,179,121,182,95,13,33,75,133,103,172,148,149,90,173,152,86,153,155,70,72,62,159,162,161,37,94,164,165,166,136,168,169,76,171,93,9,163,175,128,177,120,17,180,181,22,12,43,59,48,104,41,141,193,191,64,154,194,115,196,197,146,107,];False
5964;9559;15523;[199,14,167,150,4,57,60,7,8,42,10,192,31,142,185,15,118,92,68,19,20,173,186,123,24,25,131,27,28,170,106,130,2,147,34,16,55,66,38,39,132,174,101,6,44,45,183,119,21,49,50,51,74,53,85,36,56,46,77,79,184,32,158,63,52,129,124,67,18,69,156,71,198,111,89,144,29,114,78,81,80,61,82,83,157,54,5,87,88,11,3,91,138,189,58,109,195,97,143,99,84,134,102,100,65,12,117,187,108,98,110,73,112,113,188,26,116,35,30,145,178,47,122,151,160,125,126,127,176,0,190,140,40,139,105,135,23,137,179,121,182,95,13,33,75,133,103,172,148,149,90,1,152,86,153,155,70,72,62,159,162,161,37,94,164,165,166,136,168,169,76,171,93,9,163,175,128,177,120,17,180,181,22,96,43,59,48,104,41,141,193,191,64,154,194,115,196,197,146,107,];False
6013;9507;15520;[199,14,167,150,4,57,60,7,8,42,10,192,31,142,185,15,118,92,68,19,20,173,186,123,106,25,131,27,28,170,24,130,2,147,34,16,55,66,38,39,132,174,101,6,44,45,183,119,21,49,50,51,74,53,85,36,56,46,77,79,184,32,158,63,52,129,124,67,18,69,156,71,198,111,89,144,29,114,78,81,80,61,82,83,157,54,5,87,88,11,3,91,138,189,58,109,195,97,143,99,84,134,102,100,65,96,117,187,108,98,110,73,112,113,188,26,116,35,30,145,178,47,122,151,160,125,126,127,176,0,190,140,40,139,105,135,23,137,179,121,182,95,13,33,75,133,103,172,148,149,90,1,152,86,153,155,70,72,62,159,162,161,37,94,164,165,166,136,168,169,76,171,93,9,163,175,128,177,120,17,180,181,22,12,43,59,48,104,41,141,193,191,64,154,194,115,196,197,146,107,];False
5913;9606;15519;[199,14,167,150,4,57,60,7,8,42,10,192,139,142,185,15,118,92,68,19,20,173,186,123,24,25,131,27,28,170,106,130,2,147,34,16,55,66,38,39,132,174,101,6,44,45,183,119,21,49,50,51,74,53,85,36,56,46,77,79,184,32,158,63,52,129,124,67,18,69,156,71,198,111,89,144,29,114,78,81,80,61,82,83,157,54,5,87,88,11,90,91,138,189,58,109,195,97,143,99,84,134,102,100,65,96,117,187,108,98,110,73,112,113,188,26,116,35,30,145,178,47,122,151,160,125,126,127,176,0,190,140,40,31,105,135,23,137,179,121,182,95,13,33,75,133,103,172,148,149,3,1,152,86,153,155,70,72,62,159,162,161,37,94,164,165,166,136,168,169,76,171,93,9,163,175,128,177,120,17,180,181,22,12,43,59,48,104,196,141,193,191,64,154,194,115,41,197,146,107,];False
5945;9565;15510;[199,14,167,150,4,57,60,7,168,42,10,192,31,142,185,15,118,92,68,19,20,173,186,123,24,25,131,27,28,170,106,130,2,147,34,16,55,66,38,39,132,174,101,6,44,45,183,119,21,49,50,51,74,53,85,36,56,46,77,79,184,32,158,63,52,129,124,67,18,69,156,71,198,111,89,144,29,114,78,81,80,61,82,83,157,54,5,87,88,11,3,91,138,189,58,109,195,97,143,99,84,134,102,100,65,96,117,187,108,98,110,73,112,113,188,26,116,35,30,145,178,47,122,151,160,125,126,127,176,0,190,140,40,139,105,135,23,137,179,121,182,95,13,33,75,133,103,172,148,149,90,1,152,86,153,155,70,72,62,159,162,161,37,94,164,165,166,136,8,169,76,171,93,9,163,175,128,177,120,17,180,181,22,12,43,59,48,104,41,141,193,191,64,154,194,115,196,197,146,107,];False
5932;9574;15506;[199,70,167,150,4,57,60,7,8,42,10,192,31,142,185,15,118,92,68,19,20,173,186,123,24,25,131,27,28,170,106,130,2,147,34,16,55,66,38,39,132,174,101,6,44,45,183,119,21,49,50,51,74,53,85,36,56,46,77,79,184,32,158,63,52,129,124,67,18,69,156,71,198,111,89,144,29,114,78,81,80,61,82,83,157,54,5,87,88,11,90,91,138,189,58,109,195,97,143,99,84,134,102,100,65,96,117,187,108,98,110,73,112,113,188,26,116,35,30,145,178,47,122,151,160,125,126,127,176,0,190,140,40,139,105,135,23,137,179,121,182,95,13,33,75,133,103,172,148,149,3,1,152,86,153,155,14,72,62,159,162,161,37,94,164,165,166,136,168,169,76,171,93,9,163,175,128,177,120,17,180,181,22,12,43,59,48,104,41,141,193,191,64,154,194,115,196,197,146,107,];False
5946;9558;15504;[199,14,167,150,4,57,60,181,8,42,10,192,31,142,185,15,118,92,68,19,20,173,186,123,24,25,131,27,28,170,106,130,2,147,34,16,55,66,38,39,132,174,101,6,44,45,183,119,21,49,50,51,74,53,85,36,56,46,77,79,184,32,158,63,52,129,124,67,18,69,156,71,198,111,89,144,29,114,78,81,80,61,82,83,157,54,5,87,88,11,3,91,138,189,58,109,195,97,143,99,84,134,102,100,65,96,117,187,108,98,110,73,112,113,188,26,116,35,30,145,178,47,122,151,160,125,126,127,176,0,190,140,40,139,105,135,23,137,179,121,182,95,13,33,75,133,103,172,148,149,90,1,152,86,153,155,70,72,62,159,162,161,37,94,164,165,166,136,168,169,76,171,93,9,163,175,128,177,120,17,180,7,22,12,43,59,48,104,41,141,193,191,64,154,194,115,196,197,146,107,];False
5963;9541;15504;[199,14,167,150,4,57,60,7,8,42,10,192,31,142,185,15,118,92,68,19,20,173,186,123,24,25,131,27,28,170,106,130,2,147,34,16,55,66,38,39,132,174,101,6,44,45,183,119,21,49,50,51,74,53,85,36,56,46,77,79,184,32,158,63,52,129,124,67,18,69,156,71,198,111,89,144,29,114,78,81,80,157,82,83,61,54,5,87,88,11,3,91,138,189,58,109,195,97,143,99,84,134,102,100,65,96,117,187,108,98,110,73,112,113,188,26,116,35,30,145,178,47,122,151,160,125,126,127,176,0,190,140,40,139,105,135,23,137,179,121,182,95,13,33,75,133,103,172,148,149,90,1,152,86,153,155,70,72,62,159,162,161,37,94,164,165,166,136,168,169,76,171,93,9,163,175,128,177,120,17,180,181,22,12,43,59,48,104,41,141,193,191,64,154,194,115,196,197,146,107,];False
5964;9535;15499;[199,14,167,150,4,57,60,184,8,42,10,192,31,142,185,15,118,92,68,19,20,173,186,123,24,25,131,27,28,170,106,130,2,147,34,16,55,66,38,39,132,174,101,6,44,45,183,119,21,49,50,51,74,53,85,36,56,46,77,79,7,32,158,63,52,129,124,67,18,69,156,71,146,111,89,144,29,114,78,81,80,61,82,83,157,54,5,87,88,11,3,91,138,189,58,109,195,97,143,99,84,134,102,100,65,96,117,187,108,98,110,73,112,113,188,26,116,35,30,145,178,47,122,151,160,125,126,127,176,0,190,140,40,139,105,135,23,137,179,121,182,95,13,33,75,133,103,172,148,149,90,1,152,86,153,155,70,72,62,159,162,161,37,94,164,165,166,136,168,169,76,171,93,9,163,175,128,177,120,17,180,181,22,12,43,59,48,104,41,141,193,191,64,154,194,115,196,197,198,107,];False
5949;9550;15499;[199,14,167,150,4,57,60,7,8,42,10,192,31,142,185,15,118,92,68,19,20,173,186,123,24,25,131,27,28,170,106,130,2,147,34,16,55,66,38,39,132,174,101,6,44,45,183,119,21,49,50,51,74,53,85,36,56,46,77,79,184,32,158,63,52,129,124,67,18,69,156,71,146,111,89,144,29,114,78,81,80,61,82,83,157,54,5,87,88,11,3,91,138,189,58,109,195,97,143,99,84,134,102,100,65,96,117,187,108,98,110,73,112,113,188,26,116,35,30,145,178,47,122,151,160,125,126,127,176,0,190,140,40,139,105,135,23,137,179,121,182,95,13,33,75,133,103,172,148,149,90,1,152,86,153,155,70,72,62,159,162,161,37,94,164,165,166,136,168,169,76,171,93,9,163,175,128,177,120,17,180,181,22,12,43,59,48,104,41,141,193,191,64,154,194,115,196,197,198,107,];False
5940;9555;15495;[199,14,167,150,4,57,60,7,8,42,10,192,31,142,185,15,118,92,68,19,20,173,186,123,24,25,131,27,28,170,106,130,2,147,34,16,55,66,38,39,132,46,101,6,44,45,183,119,21,49,50,51,74,53,85,36,56,174,77,79,184,32,158,63,52,129,124,67,18,69,156,71,198,111,89,144,29,114,78,81,80,61,82,83,157,54,5,87,88,11,3,91,138,189,58,109,195,97,143,99,84,134,102,100,65,96,117,187,108,98,110,73,112,113,188,26,116,35,30,145,178,47,122,151,160,125,126,127,176,0,190,140,40,139,105,135,23,137,179,121,182,95,13,33,75,133,103,172,148,149,90,1,152,86,153,155,70,72,62,159,162,161,37,94,164,165,166,136,168,169,76,171,93,9,163,175,128,177,120,17,180,181,22,12,43,59,48,104,41,141,193,191,64,154,194,115,196,197,146,107,];False
5955;9525;15480;[199,14,167,150,4,57,60,7,8,42,10,192,31,142,185,15,118,92,68,19,20,173,186,169,24,25,131,27,28,170,106,130,2,147,34,16,55,66,38,39,132,174,101,6,44,45,183,119,21,49,50,51,74,53,85,36,56,46,77,79,184,32,158,63,52,129,124,67,18,69,156,71,198,111,89,144,29,114,78,81,80,61,82,83,157,54,5,87,88,11,3,91,138,189,58,109,195,97,143,99,84,134,102,100,65,96,117,187,108,98,110,73,112,113,188,26,116,35,30,145,178,47,122,151,160,125,126,127,176,0,190,140,40,139,105,135,23,137,179,121,182,95,13,33,75,133,103,172,148,149,90,1,152,86,153,155,70,72,62,159,162,161,37,94,164,165,166,136,168,123,76,171,93,9,163,175,128,177,120,17,180,181,22,12,43,59,48,104,41,141,193,191,64,154,194,115,196,197,146,107,];False
5930;9541;15471;[199,14,167,150,4,57,60,7,8,42,10,192,31,142,185,15,118,92,68,19,20,173,186,123,108,25,131,27,28,170,106,130,2,147,34,16,55,66,38,39,132,174,101,6,44,45,183,119,21,49,50,51,74,53,85,36,56,46,77,79,184,32,158,63,52,129,124,67,18,69,156,71,198,111,89,144,29,114,78,81,80,61,82,83,157,54,5,87,88,11,3,91,138,189,58,109,195,97,143,99,84,134,102,100,65,96,117,187,24,98,110,73,112,113,188,26,116,35,30,145,178,47,122,151,160,125,126,127,176,0,190,140,40,139,105,135,23,137,179,121,182,95,13,33,75,133,103,172,148,149,90,1,152,86,153,155,70,72,62,159,162,161,37,94,164,165,166,136,168,169,76,171,93,9,163,175,128,177,120,17,180,181,22,12,43,59,48,104,41,141,193,191,64,154,194,115,196,197,146,107,];False
5903;9566;15469;[199,33,167,150,4,57,60,7,8,42,10,192,31,142,185,15,118,92,68,19,20,173,186,123,24,25,131,27,28,170,106,130,2,147,34,16,55,66,38,39,132,174,101,6,44,45,183,119,21,49,50,51,74,53,85,36,56,46,77,79,184,32,158,63,52,129,124,67,18,69,156,71,198,111,89,144,29,114,78,81,80,61,82,83,157,54,5,87,88,11,90,91,138,189,58,109,195,97,143,99,84,134,102,100,65,96,117,187,108,98,110,73,112,113,188,26,116,35,30,145,178,47,122,151,160,125,126,127,176,0,190,140,40,139,105,135,23,137,179,121,182,95,13,14,75,133,103,172,148,149,3,1,152,86,153,155,70,72,62,159,162,161,37,94,164,165,166,136,168,169,76,171,93,9,163,175,128,177,120,17,180,181,22,12,43,59,48,104,41,141,193,191,64,154,194,115,196,197,146,107,];False
5902;9549;15451;[199,14,167,150,4,57,60,7,8,42,10,192,31,154,185,15,118,92,68,19,20,173,186,123,24,25,131,27,28,170,106,130,2,147,34,16,55,66,38,39,132,174,101,6,44,45,183,119,21,49,50,51,74,53,85,36,56,46,77,79,184,32,158,63,52,129,124,67,18,69,156,71,198,111,89,144,29,114,78,81,80,61,82,83,157,54,5,87,88,11,90,91,138,189,58,109,195,97,143,99,84,134,102,100,65,96,117,187,108,98,110,73,112,113,188,26,116,35,30,145,178,47,122,151,160,125,126,127,176,0,190,140,40,139,105,135,23,137,179,121,182,95,13,33,75,133,103,172,148,149,3,1,152,86,153,155,70,72,62,159,162,161,37,94,164,165,166,136,168,169,76,171,93,9,163,175,128,177,120,17,180,181,22,12,43,59,48,104,41,141,193,191,64,142,194,115,196,197,146,107,];False
5852;9594;15446;[199,14,167,150,4,57,60,7,8,42,10,192,31,142,185,15,118,92,68,19,20,61,186,123,24,25,131,27,28,170,106,130,2,147,34,16,55,66,38,39,132,174,101,6,44,45,183,119,21,49,50,51,74,53,85,36,56,46,77,79,184,32,158,63,52,129,124,67,18,69,156,71,198,111,89,144,29,114,78,81,80,173,82,83,157,54,5,87,88,11,3,91,138,189,58,109,195,97,143,99,84,134,102,100,65,96,117,187,108,98,110,73,112,113,188,26,116,35,30,145,178,47,122,151,160,125,126,127,176,0,190,140,40,139,105,135,23,137,179,121,182,95,13,33,75,133,103,172,148,149,90,1,152,86,153,155,70,72,62,159,162,161,37,94,164,165,166,136,168,169,76,171,93,9,163,175,128,177,120,17,180,181,22,12,43,59,48,104,41,141,193,191,64,154,194,115,196,197,146,107,];False
5883;9563;15446;[199,14,167,150,4,57,60,7,8,42,10,192,31,142,185,15,118,92,68,19,20,173,186,123,24,25,131,27,28,170,106,130,2,147,34,16,55,66,38,39,132,174,101,89,44,45,183,119,21,49,50,51,74,53,85,36,56,46,77,79,184,32,158,63,52,129,124,67,18,69,156,71,198,111,6,144,29,114,78,81,80,61,82,83,157,54,5,87,88,11,3,91,138,189,58,109,195,97,143,99,84,134,102,100,65,96,117,187,108,98,110,73,112,113,188,26,116,35,30,145,178,47,122,151,160,125,126,127,176,0,190,140,40,139,105,135,23,137,179,121,182,95,13,33,75,133,103,172,148,149,90,1,152,86,153,155,70,72,62,159,162,161,37,94,164,165,166,136,168,169,76,171,93,9,163,175,128,177,120,17,180,181,22,12,43,59,48,104,41,141,193,191,64,154,194,115,196,197,146,107,];False
5846;9588;15434;[199,14,167,150,4,57,60,7,8,42,10,192,31,142,185,15,118,92,68,19,20,25,186,123,24,173,131,27,28,170,106,130,2,147,34,16,55,66,38,39,132,174,101,6,44,45,183,119,21,49,50,51,74,53,85,36,56,46,77,79,184,32,158,63,52,129,124,67,18,69,156,71,198,111,89,144,29,114,78,81,80,61,82,83,157,54,5,87,88,11,3,91,138,189,58,109,195,97,143,99,84,134,102,100,65,96,117,187,108,98,110,73,112,113,188,26,116,35,30,145,178,47,122,151,160,125,126,127,176,0,190,140,40,139,105,135,23,137,179,121,182,95,13,33,75,133,103,172,148,149,90,1,152,86,153,155,70,72,62,159,162,161,37,94,164,165,166,136,168,169,76,171,93,9,163,175,128,177,120,17,180,181,22,12,43,59,48,104,41,141,193,191,64,154,194,115,196,197,146,107,];False
5860;9574;15434;[199,14,167,150,4,57,60,7,8,42,10,192,31,142,185,15,118,92,68,19,20,173,186,123,24,25,131,27,28,170,106,130,2,147,34,16,55,66,38,39,132,174,101,6,44,45,183,119,21,49,50,51,74,53,85,36,56,46,77,79,184,32,158,63,52,129,124,67,18,69,156,71,198,111,89,144,29,114,78,81,80,61,82,83,157,54,5,87,88,11,90,91,138,189,58,109,195,97,143,99,84,134,102,100,65,96,117,187,108,98,110,73,112,113,188,26,116,35,30,145,178,47,122,151,160,125,126,127,176,0,190,140,40,139,105,135,23,137,179,121,182,95,13,33,75,133,103,172,148,149,3,1,152,86,153,155,70,72,62,159,162,161,37,94,164,165,166,9,168,169,76,171,93,136,163,175,128,177,120,17,180,181,22,12,43,59,48,104,196,141,193,191,64,154,194,115,41,197,146,107,];False
5847;9568;15415;[199,14,167,150,4,57,60,7,120,42,10,192,31,142,185,15,118,92,68,19,20,173,186,123,24,25,131,27,28,170,106,130,2,147,34,16,55,66,38,39,132,174,101,6,44,45,183,119,21,49,50,51,74,53,85,36,56,46,77,79,184,32,158,63,52,129,124,67,18,69,156,71,198,111,89,144,29,114,78,81,80,61,82,83,157,54,5,87,88,11,3,91,138,189,58,109,195,97,143,99,84,134,102,100,65,96,117,187,108,98,110,73,112,113,188,26,116,35,30,145,178,47,122,151,160,125,126,127,176,0,190,140,40,139,105,135,23,137,179,121,182,95,13,33,75,133,103,172,148,149,90,1,152,86,153,155,70,72,62,159,162,161,37,94,164,165,166,136,168,169,76,171,93,9,163,175,128,177,8,17,180,181,22,12,43,59,48,104,41,141,193,191,64,154,194,115,196,197,146,107,];False
5834;9561;15395;[199,14,167,150,4,57,60,7,8,42,10,192,31,142,185,15,118,92,68,19,20,173,186,123,24,25,131,27,28,170,106,130,2,147,34,16,55,66,38,39,132,174,101,6,44,45,183,119,21,49,50,51,74,53,85,36,56,46,77,79,184,32,158,63,52,129,124,67,18,69,156,71,198,111,89,144,29,114,78,81,80,61,82,83,157,54,5,87,88,11,3,91,138,189,58,109,195,97,143,99,84,134,102,100,65,96,117,187,108,98,110,73,112,113,188,26,116,35,30,145,178,47,122,151,160,125,126,127,176,0,190,140,40,139,105,135,23,137,179,121,182,95,13,33,75,133,103,172,148,149,90,1,152,86,153,155,70,72,62,159,162,161,37,94,164,165,166,136,168,169,76,171,93,9,163,175,128,177,120,17,180,181,22,12,43,59,48,104,41,141,193,191,64,154,194,115,196,197,146,107,];False
5830;9557;15387;[199,14,167,150,4,57,60,7,8,42,10,192,31,142,185,15,118,92,68,19,20,173,186,123,24,25,131,27,28,170,106,130,2,147,34,16,55,66,38,39,132,174,101,6,44,45,183,119,21,49,50,51,74,53,85,36,56,46,77,79,184,32,158,63,52,129,124,67,18,69,156,71,198,111,89,144,29,114,78,81,80,61,82,83,157,54,5,87,88,11,90,91,138,189,58,109,195,97,143,99,84,134,102,100,65,96,117,187,108,98,110,73,112,113,188,26,116,35,30,145,178,47,122,151,160,125,126,127,176,0,190,140,40,139,105,135,23,137,179,121,182,95,13,33,75,133,103,172,148,149,3,1,152,86,153,155,70,72,62,159,162,161,37,94,164,165,166,136,168,169,76,171,93,9,163,175,128,177,120,17,180,181,22,12,43,59,48,104,41,141,193,191,64,154,194,115,196,197,146,107,];False
5792;9579;15371;[199,14,167,150,4,57,60,7,8,42,10,192,31,142,185,15,118,92,68,19,20,173,186,123,24,25,131,27,28,170,106,130,2,147,34,16,55,66,38,39,132,174,101,6,44,45,183,119,21,49,50,51,74,53,85,36,56,46,77,79,184,32,158,63,52,129,124,67,18,69,156,71,198,111,89,144,29,114,78,81,80,61,82,83,157,54,5,87,88,11,90,91,138,189,58,109,195,97,143,99,84,134,102,100,65,96,117,187,108,98,110,73,112,113,188,26,116,35,30,145,178,47,122,151,160,125,126,127,176,0,190,140,40,139,105,135,23,137,179,121,182,95,13,33,75,133,103,172,148,149,3,1,152,86,153,155,70,72,62,159,162,161,37,94,164,165,166,136,168,169,76,171,191,9,163,175,128,177,120,17,180,181,22,12,43,59,48,104,196,141,193,93,64,154,194,115,41,197,146,107,];False
5788;9582;15370;[199,14,167,150,4,57,60,7,8,42,10,192,31,142,185,15,118,92,68,19,20,173,186,123,24,25,131,27,28,170,106,130,198,147,34,16,55,66,38,39,132,174,101,6,44,45,183,119,163,49,50,51,74,53,85,36,56,46,77,79,184,32,158,63,52,129,124,67,18,69,156,71,2,111,89,155,29,114,78,81,80,61,82,83,157,54,5,87,88,11,90,91,138,189,58,109,195,97,143,99,84,134,102,100,65,96,117,187,108,98,110,73,112,113,188,26,116,35,30,145,178,47,122,151,160,125,126,127,176,0,190,140,40,139,105,135,23,137,179,121,182,95,13,33,75,133,103,172,148,149,3,1,152,86,153,144,70,72,62,159,162,161,37,94,164,165,166,136,168,169,76,171,93,9,21,175,128,177,120,17,180,181,22,12,43,59,48,104,196,141,193,191,64,154,194,115,41,197,146,107,];False
5782;9583;15365;[199,14,167,150,4,57,60,7,8,42,10,192,31,176,185,15,118,92,68,19,20,173,186,123,24,25,131,27,28,170,106,130,2,147,34,16,55,66,38,39,132,174,101,6,44,45,183,119,21,49,50,51,74,53,85,36,56,46,77,79,184,32,158,63,52,129,124,67,18,69,156,71,198,111,89,144,29,114,78,81,80,61,82,83,157,54,5,87,88,11,90,91,138,189,58,109,195,97,143,99,84,134,102,100,65,96,117,187,108,98,110,73,112,113,188,26,116,35,30,145,178,47,122,151,160,125,126,127,142,0,190,140,40,139,105,135,23,137,179,121,182,95,13,33,75,133,103,172,148,149,3,1,152,86,153,155,70,72,62,159,162,161,37,94,164,165,166,136,168,169,76,171,93,9,163,175,128,177,120,17,180,181,22,12,43,59,48,104,196,141,193,191,64,154,194,115,41,197,146,107,];False
5816;9547;15363;[199,14,167,150,4,57,60,7,8,42,10,192,31,142,185,15,118,92,68,19,20,173,186,123,24,25,131,27,28,170,106,130,2,147,34,16,55,66,38,39,132,174,101,6,44,45,183,119,21,49,50,51,74,53,85,36,56,46,77,198,184,32,158,63,52,129,124,67,18,69,156,71,79,111,89,144,29,114,78,81,80,61,82,83,157,54,5,87,88,11,90,91,138,189,58,109,195,97,143,99,84,134,102,100,65,96,117,187,108,98,110,73,112,113,188,26,116,35,30,145,178,47,122,151,160,125,126,127,176,0,190,140,40,139,105,135,23,137,179,121,182,95,13,33,75,133,103,172,148,149,3,1,152,86,153,155,70,72,62,159,162,161,37,94,164,165,166,136,168,169,76,171,93,9,163,175,128,177,120,17,180,181,22,12,43,59,48,104,196,141,193,191,64,154,194,115,41,197,146,107,];False
5782;9565;15347;[199,14,167,150,4,57,60,7,8,42,10,192,31,142,185,15,118,92,68,19,20,173,186,123,24,25,131,27,28,170,106,130,2,147,34,16,55,66,38,39,132,174,101,6,178,45,183,119,21,49,50,51,74,53,85,36,56,46,77,79,184,32,158,63,52,129,124,67,18,69,156,71,198,111,89,144,29,114,78,81,80,61,82,83,157,54,5,87,88,11,90,91,138,189,58,109,195,97,143,99,84,134,102,100,65,96,117,187,108,98,110,73,112,113,188,26,116,35,30,145,44,47,122,151,160,125,126,127,176,0,190,140,40,139,105,135,23,137,179,121,182,95,13,33,75,133,103,172,148,149,3,1,152,86,153,155,70,72,62,159,162,161,37,94,164,165,166,136,168,169,76,171,93,9,163,175,128,177,120,17,180,181,22,12,43,59,48,104,196,141,193,191,64,154,194,115,41,197,146,107,];False
5783;9563;15346;[199,14,167,150,4,57,60,7,8,42,10,192,31,142,185,15,118,92,68,19,20,173,186,123,24,25,131,27,28,170,106,130,2,147,34,16,55,66,38,175,132,174,101,6,44,45,183,119,21,49,50,51,74,53,85,36,56,46,77,79,184,32,158,63,52,129,124,67,18,69,156,71,198,111,89,144,29,114,78,81,80,61,82,83,157,54,5,87,88,11,90,91,138,189,58,109,195,97,143,99,84,134,102,100,65,96,117,187,108,98,110,73,112,113,188,26,116,35,30,145,178,47,122,151,160,125,126,127,176,0,190,140,40,139,105,135,23,137,179,121,182,95,13,33,75,133,103,172,148,149,3,1,152,86,153,155,70,72,62,159,162,161,37,94,164,165,166,136,168,169,76,171,93,9,163,39,128,177,120,17,180,181,22,12,43,59,48,104,196,141,193,191,64,154,194,115,41,197,146,107,];False
5692;9629;15321;[199,72,167,150,4,57,60,7,8,42,10,192,31,142,185,15,118,92,68,19,20,173,186,123,24,25,131,27,28,170,106,130,198,147,34,16,55,66,38,39,132,174,101,6,44,45,183,119,21,49,50,51,74,53,85,36,56,46,77,79,184,32,158,63,52,129,124,67,18,69,156,71,2,111,89,155,29,114,78,81,80,61,82,83,157,54,5,87,88,11,90,91,138,189,58,109,195,97,143,99,84,134,102,100,65,96,117,187,108,98,110,73,112,113,188,26,116,35,30,145,178,47,122,151,160,125,126,127,176,0,190,140,40,139,133,135,23,137,179,121,182,95,13,33,75,105,103,172,148,149,3,1,152,86,153,144,70,14,62,159,162,161,37,94,164,165,166,136,168,169,76,171,93,9,163,175,128,177,120,17,180,181,22,12,43,59,48,104,196,141,193,191,64,154,194,115,41,197,146,107,];False
5742;9567;15309;[199,72,167,150,4,57,60,7,8,42,10,192,31,142,185,15,118,92,68,19,20,173,186,123,24,25,131,27,28,170,106,130,198,147,34,16,55,66,38,39,132,174,101,6,44,45,183,119,21,49,50,51,74,53,85,36,56,46,77,79,184,32,158,63,52,129,124,67,18,69,156,71,2,111,89,155,29,114,78,81,80,61,82,83,157,54,5,87,88,11,90,91,138,189,58,109,195,97,143,99,84,134,102,100,65,96,117,187,108,98,110,165,112,113,188,26,116,35,30,145,178,47,122,151,160,125,126,127,176,0,190,140,40,139,105,135,23,137,179,121,182,95,13,33,75,133,103,172,196,149,3,1,152,86,153,144,70,14,62,159,162,161,37,94,164,73,166,136,168,169,76,171,93,9,163,175,128,177,120,17,180,181,22,12,43,59,48,104,148,141,193,191,64,154,194,115,41,197,146,107,];False
5729;9571;15300;[199,14,167,150,4,57,60,7,8,42,10,192,31,142,185,15,118,92,68,19,20,173,186,123,24,25,87,27,28,170,106,130,2,147,34,16,55,66,38,39,132,174,101,6,44,45,183,119,21,49,50,51,74,53,85,36,56,46,77,79,184,32,158,63,52,129,124,67,18,69,156,71,198,111,89,144,29,114,78,81,80,61,82,83,157,54,5,131,88,11,90,91,138,189,58,109,195,97,143,99,84,134,102,100,65,96,117,187,108,98,110,73,112,113,188,26,116,35,30,145,178,47,122,151,160,125,126,127,176,0,190,140,40,139,105,135,23,137,179,121,182,95,13,33,75,133,103,172,148,149,3,1,152,86,153,155,70,72,62,159,162,161,37,94,164,165,166,136,168,169,76,171,93,9,163,175,128,177,120,17,180,181,22,12,43,59,48,104,196,141,193,191,64,154,194,115,41,197,146,107,];False
5740;9554;15294;[199,72,167,150,4,57,60,7,8,42,10,192,31,142,185,15,118,92,68,19,20,173,186,123,24,25,131,27,28,170,106,130,198,147,34,16,55,66,38,39,132,174,101,6,44,45,183,119,21,49,50,51,74,53,85,36,56,46,77,79,184,32,158,63,52,129,124,67,18,69,156,71,2,111,89,155,29,114,78,81,80,61,82,83,157,54,5,87,88,11,90,91,138,189,58,109,195,97,143,99,84,134,102,100,65,96,117,187,113,98,110,73,112,108,188,26,116,35,30,145,178,47,122,151,160,125,126,127,176,0,190,140,40,139,105,135,23,137,179,121,182,95,13,33,75,133,103,172,148,149,3,1,152,86,153,144,70,14,62,159,162,161,37,94,164,165,166,136,168,169,76,171,93,9,163,175,128,177,120,17,180,181,22,12,43,59,48,104,196,141,193,191,64,154,194,115,41,197,146,107,];False
5707;9577;15284;[199,14,167,150,4,57,58,7,8,42,10,192,31,142,185,15,118,92,68,19,20,173,186,123,24,25,131,27,28,170,106,130,2,147,34,16,55,66,38,39,132,174,101,6,44,45,183,119,21,49,50,51,74,53,85,36,56,46,77,79,184,32,158,63,52,129,124,67,18,69,156,71,198,111,89,144,29,114,78,81,80,61,82,83,157,54,5,87,88,11,90,91,138,189,60,109,195,97,143,99,84,134,102,100,65,96,117,187,108,98,110,73,112,113,188,26,116,35,30,145,178,47,122,151,160,125,126,127,176,0,190,140,40,139,105,135,23,137,179,121,182,95,13,33,75,133,103,172,148,149,3,1,152,86,153,155,70,72,62,159,162,161,37,94,164,165,166,136,168,169,76,171,93,9,163,175,128,177,120,17,180,181,22,12,43,59,48,104,196,141,193,191,64,154,194,115,41,197,146,107,];False
5731;9537;15268;[199,72,167,150,4,57,60,7,8,42,10,192,31,142,185,15,118,92,68,19,20,173,186,123,24,79,131,27,28,170,106,130,198,147,34,16,55,66,38,39,132,174,101,6,44,45,183,119,21,49,50,51,74,53,85,36,56,46,77,25,184,32,158,63,52,129,124,67,18,69,156,71,2,111,89,155,29,114,78,81,80,61,82,83,157,54,5,87,88,11,90,91,138,189,58,109,195,97,143,99,84,134,102,100,65,96,117,187,108,98,110,73,112,113,188,26,116,35,30,145,178,47,122,151,160,125,126,127,176,0,190,140,40,139,105,135,23,137,179,121,182,95,13,33,75,133,103,172,148,149,3,1,152,86,153,144,70,14,62,159,162,161,37,94,164,165,166,136,168,169,76,171,93,9,163,175,128,177,120,17,180,181,22,12,43,59,48,104,196,141,193,191,64,154,194,115,41,197,146,107,];False
5669;9591;15260;[74,72,167,150,4,57,60,7,8,42,10,192,31,142,185,15,118,92,68,19,20,173,186,123,24,25,131,27,28,170,106,130,198,147,34,16,55,66,38,39,132,174,101,6,44,45,183,119,21,49,50,51,199,53,85,36,56,46,77,79,184,32,158,63,52,129,124,67,18,69,156,71,2,111,89,155,29,114,78,81,80,61,82,83,157,54,5,87,88,11,90,91,138,189,58,109,195,97,143,99,84,134,102,100,65,96,117,187,108,98,110,73,112,113,188,26,116,35,30,145,178,47,122,151,160,125,126,127,176,0,190,140,40,139,105,135,23,137,179,121,182,95,13,33,75,133,103,172,148,149,3,1,152,86,153,144,70,14,62,159,162,161,37,94,164,165,166,136,168,169,76,171,93,9,163,175,128,177,120,17,180,181,22,12,43,59,48,104,196,141,193,191,64,154,194,115,41,197,146,107,];False
5751;9508;15259;[199,72,167,150,4,57,60,7,8,42,10,192,31,142,185,15,118,92,14,19,20,173,186,123,24,25,131,27,28,170,106,130,198,147,34,16,55,66,38,39,132,174,101,6,44,45,183,119,21,49,50,51,74,53,85,36,56,46,77,79,184,32,158,63,52,129,124,67,18,69,156,71,2,111,89,155,29,114,78,81,80,61,82,83,157,54,5,87,88,11,90,91,138,189,58,109,195,97,143,99,84,134,102,100,65,96,117,187,108,98,110,165,112,113,188,26,116,35,30,145,178,47,122,151,160,125,13,127,176,0,190,140,40,139,105,135,23,137,179,121,182,95,126,33,75,133,103,172,148,149,3,1,152,86,153,144,70,68,62,159,162,161,37,94,164,73,166,136,168,169,76,171,93,9,163,175,128,177,120,17,180,181,22,12,43,59,48,104,196,141,193,191,64,154,194,115,41,197,146,107,];False
5681;9567;15248;[199,14,167,150,4,57,60,7,8,42,10,192,31,142,185,15,118,92,68,19,20,173,186,123,24,25,131,27,28,170,106,130,2,147,34,16,55,66,38,39,132,174,101,6,44,45,183,119,21,49,50,51,74,53,85,36,56,46,77,79,184,32,158,63,52,129,124,67,18,69,156,71,198,111,89,144,29,114,78,81,80,61,82,83,157,54,5,87,88,11,90,91,138,189,58,109,195,97,143,99,84,134,102,100,65,96,117,187,108,98,110,73,112,113,188,26,116,35,30,145,178,47,122,151,160,125,126,127,176,0,190,140,40,139,105,135,23,137,179,121,182,95,13,33,75,133,103,172,148,149,3,1,152,86,153,155,70,72,62,159,162,161,37,94,164,165,166,136,168,169,76,171,93,9,163,175,128,177,120,17,180,181,22,12,43,59,48,104,196,141,193,191,64,154,194,115,41,197,146,107,];False
5665;9562;15227;[199,14,167,150,4,57,60,7,8,42,10,192,31,142,185,15,118,92,68,19,20,173,186,123,24,25,131,27,28,170,106,130,2,147,34,16,55,66,38,39,132,174,101,6,44,45,183,119,21,49,50,51,74,53,85,36,56,46,77,79,184,32,158,63,52,129,124,67,18,69,156,71,198,111,89,155,29,114,78,81,80,61,82,83,157,54,5,87,88,11,90,91,138,189,58,109,195,97,143,99,84,134,102,100,65,96,117,187,108,98,110,73,112,113,188,26,116,35,30,145,178,47,122,151,160,125,126,127,176,0,190,140,40,139,105,135,23,137,179,121,182,95,13,33,75,133,103,172,148,149,3,1,152,86,153,144,70,72,62,159,162,161,37,94,164,165,166,136,168,169,76,171,93,9,163,175,128,177,120,17,180,181,22,12,43,59,48,104,196,141,193,191,64,154,194,115,41,197,146,107,];False
5691;9535;15226;[199,72,167,150,4,57,60,7,186,42,10,192,31,142,185,15,118,92,14,19,20,173,8,123,24,25,131,27,28,170,106,130,198,147,34,16,55,66,38,39,132,174,101,6,44,45,183,119,21,49,50,51,74,53,85,36,56,46,77,79,184,32,158,63,52,129,124,67,80,69,156,71,2,111,89,155,29,114,78,81,18,61,82,83,157,54,5,87,88,11,90,91,138,189,58,109,195,97,143,99,84,134,102,100,65,96,117,187,108,98,110,165,112,113,188,26,116,35,30,145,178,47,122,151,160,125,126,127,176,0,190,140,40,139,105,135,23,137,179,121,182,95,13,33,75,133,103,172,148,149,3,1,152,86,153,144,70,68,62,159,162,161,37,94,164,73,166,17,168,169,76,171,93,9,163,175,128,177,120,136,180,181,22,12,43,59,48,104,196,141,193,191,64,154,194,115,41,197,146,107,];False
5642;9574;15216;[199,14,167,150,4,57,60,7,8,42,10,192,31,142,185,15,118,92,68,19,20,173,186,123,24,25,131,27,28,170,106,130,198,147,34,16,55,66,38,39,132,174,101,6,44,45,183,119,21,49,50,51,74,53,85,36,56,46,77,79,184,32,158,63,52,129,124,67,18,69,156,71,2,111,89,155,29,114,78,81,80,61,82,83,157,54,5,87,88,11,90,91,138,189,58,109,195,97,143,99,84,134,102,100,65,96,117,187,108,98,110,73,112,113,188,26,116,35,30,145,178,47,122,151,160,125,126,127,176,0,190,140,40,139,105,135,23,137,179,121,182,95,13,33,75,133,103,172,148,149,3,1,152,86,153,144,70,72,62,159,162,161,37,94,164,165,166,136,168,169,76,171,93,9,163,175,128,177,120,17,180,181,22,12,43,59,48,104,196,141,193,191,64,154,194,115,41,197,146,107,];False
5688;9523;15211;[199,72,167,150,4,57,60,7,186,42,10,192,31,142,185,15,118,92,14,19,20,173,8,123,24,25,131,27,28,170,106,130,198,147,34,16,55,66,38,39,132,174,101,6,44,45,183,119,21,49,50,51,74,53,85,36,56,46,77,79,184,32,158,63,52,129,124,67,18,69,156,71,2,111,89,155,29,114,78,81,80,61,82,83,157,54,5,87,88,11,90,91,138,189,58,109,195,97,143,99,84,134,102,100,65,96,117,187,108,98,110,165,112,113,188,26,116,35,30,145,178,47,122,151,160,125,126,127,176,0,190,140,40,139,105,135,23,137,179,121,182,95,196,33,75,133,103,172,148,149,3,1,152,86,153,144,70,68,62,159,162,161,37,94,164,73,166,136,168,169,76,171,93,9,163,175,128,177,120,17,180,181,22,12,43,59,48,104,13,141,193,191,64,154,194,115,41,197,146,107,];False
5623;9572;15195;[199,72,167,150,4,57,60,7,8,42,10,192,31,142,185,15,118,92,68,19,20,173,186,123,24,25,131,27,28,170,106,130,198,147,34,16,55,66,38,39,132,174,101,6,44,45,183,119,21,49,50,51,74,53,85,36,56,46,77,79,184,32,158,63,52,129,124,67,18,69,156,71,2,111,89,155,29,114,78,81,80,61,82,83,157,54,5,87,88,11,90,91,138,189,58,109,195,97,143,99,84,134,102,100,65,96,117,187,108,98,110,73,112,113,188,26,116,35,30,145,178,47,122,151,160,125,126,127,176,0,190,140,40,139,105,135,23,137,179,121,182,95,13,33,75,133,103,172,148,149,3,1,152,86,153,144,70,14,62,159,162,161,37,94,164,165,166,136,168,169,76,171,93,9,163,175,128,177,120,17,180,181,22,12,43,59,48,104,196,141,193,191,64,154,194,115,41,197,146,107,];False
5643;9552;15195;[199,72,167,150,4,57,60,7,8,42,10,192,31,142,185,15,118,92,68,17,20,173,186,123,24,25,131,27,28,170,106,130,198,147,34,16,55,66,38,39,132,174,101,6,44,45,183,119,21,49,50,51,74,53,85,36,56,46,77,79,184,32,158,63,52,129,124,67,18,69,156,71,2,111,89,155,29,114,78,81,80,61,82,83,157,54,5,87,88,11,90,91,138,189,58,109,195,97,143,99,84,134,102,100,65,96,117,187,108,98,110,73,112,113,188,26,116,35,30,145,178,47,122,151,160,125,126,127,176,0,190,140,40,139,105,135,23,137,179,121,182,95,13,33,75,133,103,172,148,149,3,1,152,86,153,144,70,14,62,159,162,161,37,94,164,165,166,136,168,169,76,171,93,9,163,175,128,177,120,19,180,181,22,12,43,59,48,104,196,141,193,191,64,154,194,115,41,197,146,107,];False
5664;9530;15194;[199,72,167,150,4,57,60,7,186,42,10,192,31,142,185,15,118,92,14,19,20,173,8,123,24,25,131,27,28,170,106,130,198,147,34,16,55,66,38,39,132,174,101,6,44,45,183,119,21,49,26,51,74,53,85,36,56,46,77,79,184,32,158,63,52,129,124,67,18,69,156,71,2,111,89,155,29,114,78,81,80,61,82,83,157,54,5,87,88,11,90,91,138,189,58,109,195,97,143,99,84,134,102,100,65,96,117,187,108,98,110,165,112,113,188,50,116,35,30,145,178,47,122,151,160,125,126,127,176,0,190,140,40,139,105,135,23,137,179,121,182,95,13,33,75,133,103,172,148,149,3,1,152,86,153,144,70,68,62,159,162,161,37,94,164,73,166,136,168,169,76,171,93,9,163,175,128,177,120,17,180,181,22,12,43,59,48,104,196,141,193,191,64,154,194,115,41,197,146,107,];False
5628;9561;15189;[199,72,167,150,4,57,60,7,186,42,10,192,31,142,185,15,118,92,14,19,20,173,8,123,24,25,131,27,28,170,106,130,198,147,34,16,55,66,38,39,132,174,101,6,44,45,183,119,21,49,50,51,74,53,85,36,56,46,77,79,184,32,158,63,52,129,124,67,18,69,156,71,2,111,89,155,29,114,78,81,80,61,82,83,157,54,5,87,88,11,90,91,138,189,58,109,195,97,143,99,84,134,102,100,65,96,117,187,108,98,110,165,161,113,188,26,116,35,30,145,178,47,122,151,160,125,126,127,176,0,190,140,40,139,105,135,23,137,179,121,182,95,13,33,75,133,103,172,148,149,3,1,152,86,153,144,70,68,62,159,162,112,37,94,164,73,166,17,168,169,76,171,93,9,163,175,128,177,120,136,180,181,22,12,43,59,48,104,196,141,193,191,64,154,194,115,41,197,146,107,];False
5651;9526;15177;[199,72,167,150,4,57,60,7,8,42,10,192,31,23,185,15,118,92,14,19,20,173,186,123,24,25,131,27,28,170,106,130,198,147,34,16,55,66,38,39,132,174,101,6,44,45,183,119,21,49,50,51,74,53,85,36,56,46,77,79,184,32,158,63,52,129,124,67,18,69,156,71,2,111,89,155,29,114,78,81,80,61,82,83,157,54,5,87,88,11,90,91,138,189,58,109,195,97,143,99,84,134,102,100,65,96,117,187,108,98,110,165,112,113,188,26,116,35,30,145,178,47,122,151,160,125,126,127,176,0,190,140,40,139,105,135,142,137,179,121,182,95,13,33,75,133,103,172,148,149,3,1,152,86,153,144,70,68,62,159,162,161,37,94,164,73,166,136,168,169,76,171,93,9,163,175,128,177,120,17,180,181,22,12,43,59,48,104,196,141,193,191,64,154,194,115,41,197,146,107,];False
5611;9565;15176;[199,72,167,150,4,57,60,7,186,42,10,192,31,142,185,15,118,92,14,120,20,173,8,123,24,25,131,27,28,170,106,130,198,147,34,16,55,66,38,39,132,174,101,6,44,45,183,119,21,49,50,51,74,53,85,36,56,46,77,79,184,32,158,63,52,129,124,67,18,69,156,71,2,111,89,155,29,114,78,81,80,61,82,83,157,54,5,87,88,11,90,91,138,189,58,109,195,97,143,99,84,134,102,100,65,96,117,187,108,98,110,165,112,113,188,26,116,35,30,145,178,47,122,151,160,125,126,127,176,0,190,140,40,139,105,135,23,137,179,121,182,95,13,33,75,133,103,172,148,149,3,1,152,86,153,144,70,68,62,159,162,161,37,94,164,73,166,136,168,169,76,171,93,9,163,175,128,177,19,17,180,181,22,12,43,59,48,104,196,141,193,191,64,154,194,115,41,197,146,107,];False
5648;9517;15165;[199,72,167,150,4,57,60,7,186,42,10,192,31,142,185,15,118,92,14,19,20,173,8,123,24,25,131,27,28,170,106,130,198,147,34,16,55,66,38,39,132,174,101,6,44,45,155,119,21,49,50,51,74,53,85,36,56,46,77,79,184,32,158,63,52,129,124,67,18,69,156,71,2,111,89,183,29,114,78,81,80,61,82,83,157,54,5,87,88,11,90,91,138,189,58,109,195,97,143,99,84,134,102,100,65,96,117,187,108,98,110,165,112,113,188,26,116,35,30,145,178,47,122,151,160,125,126,127,176,0,190,140,40,139,105,135,23,137,179,121,182,95,13,33,75,133,103,172,148,149,3,1,152,86,153,144,70,68,62,159,162,161,37,94,164,73,166,136,168,169,76,171,93,9,163,175,128,177,120,17,180,181,22,12,43,59,48,104,196,141,193,191,64,154,194,115,41,197,146,107,];False
5623;9540;15163;[199,72,167,150,4,57,60,7,8,42,10,192,31,142,185,15,118,92,14,19,20,173,186,123,24,25,131,27,28,170,106,130,198,147,34,16,55,66,38,39,132,174,101,6,44,45,183,119,21,49,50,51,74,53,85,36,56,46,77,79,184,32,158,63,52,129,124,67,18,69,156,71,2,197,89,155,29,114,78,81,80,61,82,83,157,54,5,87,88,11,90,91,138,189,58,109,195,97,143,99,84,134,102,100,65,96,117,187,108,98,110,165,112,113,188,26,116,35,30,145,178,47,122,151,160,125,126,127,176,0,190,140,40,139,105,135,23,137,179,121,182,95,13,33,75,133,103,172,148,149,3,1,152,86,153,144,70,68,62,159,162,161,37,94,164,73,166,136,168,169,76,171,93,9,163,175,128,177,120,17,180,181,22,12,43,59,48,104,196,141,193,191,64,154,194,115,41,111,146,107,];False
5591;9572;15163;[199,72,167,150,4,57,60,7,186,42,10,192,31,142,185,15,118,92,14,19,20,173,8,123,24,25,131,27,28,170,106,130,198,147,34,16,55,66,38,39,132,174,101,6,44,45,183,119,21,49,50,51,74,53,85,36,56,46,77,79,184,32,158,63,52,129,124,67,18,69,156,71,2,111,89,155,29,114,159,81,80,61,82,83,157,54,5,87,88,11,90,91,138,189,58,109,195,97,143,99,84,134,102,100,65,96,117,187,108,98,110,165,112,113,188,26,116,35,30,145,178,47,122,151,160,125,126,127,176,0,190,140,40,139,105,135,23,137,179,121,182,95,13,33,75,133,103,172,148,149,3,1,152,86,153,144,70,68,62,78,162,161,37,94,164,73,166,136,168,169,76,171,93,9,163,175,128,177,120,17,180,181,22,12,43,59,48,104,196,141,193,191,64,154,194,115,41,197,146,107,];False
5647;9505;15152;[199,72,167,150,4,57,60,7,186,42,10,192,31,142,185,15,118,92,14,19,20,173,8,123,24,25,131,27,28,170,106,130,198,147,34,16,55,66,38,39,132,174,101,6,44,45,183,119,21,49,50,51,74,53,85,36,56,46,98,79,184,32,158,63,52,129,124,67,18,69,156,71,2,111,89,155,29,114,78,81,80,61,82,83,157,54,5,87,88,11,90,91,138,189,58,109,195,97,143,99,84,134,102,100,65,96,117,187,108,77,110,165,112,113,188,26,116,35,30,145,178,47,122,151,160,125,126,127,176,0,190,140,40,139,105,135,23,137,179,121,182,95,13,33,75,133,103,172,148,149,3,1,152,86,153,144,70,68,62,159,162,161,37,94,164,73,166,136,168,169,76,171,93,9,163,175,128,177,120,17,180,181,22,12,43,59,48,104,196,141,193,191,64,154,194,115,41,197,146,107,];False
5589;9559;15148;[199,72,167,150,4,57,60,7,186,42,10,192,31,142,185,15,118,92,14,19,20,173,8,123,24,25,131,27,28,170,106,130,198,147,34,16,55,66,38,39,132,174,101,6,44,45,183,119,21,49,50,51,74,53,85,36,56,46,77,79,184,32,158,63,52,129,124,67,18,69,156,71,2,111,89,155,29,114,78,81,80,61,82,83,157,54,5,87,88,11,90,91,138,189,58,109,195,97,143,99,84,134,102,100,65,96,117,187,108,98,110,165,112,113,188,26,116,35,30,145,178,47,122,17,160,125,126,127,176,0,190,140,40,139,105,135,23,137,179,121,182,95,13,33,75,133,103,172,148,149,3,1,152,86,153,144,70,68,62,159,162,161,37,94,164,73,166,136,168,169,76,171,93,9,163,175,128,177,120,151,180,181,22,12,43,59,48,104,196,141,193,191,64,154,194,115,41,197,146,107,];False
5665;9483;15148;[199,72,167,150,4,57,60,7,186,42,10,192,31,142,185,15,118,92,14,19,20,173,8,123,24,25,131,27,28,170,106,130,198,147,34,16,55,66,38,39,132,174,101,6,44,45,183,119,21,49,50,51,74,53,85,36,56,46,77,79,184,32,158,63,52,129,124,67,18,69,156,71,2,111,89,155,29,114,78,81,80,61,82,83,157,54,5,87,88,11,90,91,138,189,58,109,195,97,143,99,84,134,102,100,65,96,117,187,108,98,110,165,112,113,188,26,116,35,30,145,178,47,122,151,160,125,126,127,153,0,190,140,40,139,105,135,23,137,179,121,182,95,13,33,75,133,103,172,148,149,3,1,152,86,176,144,70,68,62,159,162,161,37,94,164,73,166,136,168,169,76,171,93,9,163,175,128,177,120,17,180,181,22,12,43,59,48,104,196,141,193,191,64,154,194,115,41,197,146,107,];False
5638;9504;15142;[199,72,167,150,4,57,60,7,186,42,10,192,31,142,185,15,118,92,14,19,20,173,8,123,24,25,131,27,28,170,106,130,198,147,34,16,55,66,38,132,39,174,101,6,44,45,183,119,21,49,50,51,74,53,85,36,56,46,77,79,184,32,158,63,52,129,124,67,18,69,156,71,2,111,89,155,29,114,78,81,80,61,82,83,157,54,5,87,88,11,90,91,138,189,58,109,195,97,143,99,84,134,102,100,65,96,117,187,108,98,110,165,112,113,188,26,116,35,30,145,178,47,122,151,160,125,126,127,176,0,190,140,40,139,105,135,23,137,179,121,182,95,13,33,75,133,103,172,148,149,3,1,152,86,153,144,70,68,62,159,162,161,37,94,164,73,166,136,168,169,76,171,93,9,163,175,128,177,120,17,180,181,22,12,43,59,48,104,196,141,193,191,64,154,194,115,41,197,146,107,];False
5587;9548;15135;[199,72,167,150,4,57,60,7,8,42,10,192,31,142,185,15,118,92,68,19,20,173,186,123,24,25,131,27,28,170,106,130,198,147,34,16,55,66,38,39,132,174,101,6,44,45,183,119,21,49,50,51,74,53,85,36,56,46,77,79,184,32,158,63,52,129,124,67,18,69,156,71,2,111,89,155,29,114,78,81,80,61,82,83,157,54,5,87,88,11,90,91,138,189,58,109,195,97,143,99,84,134,102,100,65,96,117,187,108,98,110,165,112,113,188,26,116,35,30,145,178,47,122,151,160,125,126,127,176,0,190,140,40,139,105,135,23,137,179,121,182,95,13,33,75,133,103,172,148,149,3,1,152,86,153,144,70,14,62,159,162,161,37,94,164,73,166,136,168,169,76,171,93,9,163,175,128,177,120,17,180,181,22,12,43,59,48,104,196,141,193,191,64,154,194,115,41,197,146,107,];False
5562;9571;15133;[199,72,167,150,155,57,60,7,186,192,10,42,31,142,185,15,118,92,14,19,20,173,8,123,24,25,131,27,28,170,106,130,198,147,34,16,55,66,38,39,132,174,101,6,44,45,183,119,21,49,50,51,77,53,85,36,56,46,74,79,184,32,158,63,52,129,124,67,18,69,156,71,2,111,89,4,29,114,78,81,80,61,82,83,157,54,5,87,88,11,90,91,138,189,58,109,195,97,143,99,84,134,102,100,65,96,48,187,108,98,110,165,112,113,188,26,116,35,30,120,178,47,122,151,160,125,126,127,176,0,190,140,40,139,105,135,23,137,179,121,182,95,13,33,75,133,103,172,148,149,3,1,152,86,153,144,70,68,62,159,162,161,37,94,164,73,166,17,168,169,76,171,93,9,163,175,128,177,145,136,180,181,22,12,43,59,117,104,196,141,193,191,64,154,194,115,41,197,146,107,];False
5607;9524;15131;[199,72,167,150,4,57,60,7,186,42,10,192,31,142,185,15,118,92,14,19,20,173,8,123,24,25,131,27,28,170,106,130,198,147,34,16,55,66,38,39,132,174,101,6,44,45,183,119,21,49,50,51,74,53,85,36,56,157,77,79,184,32,158,63,52,129,124,67,18,69,156,71,2,111,89,155,29,114,78,81,80,61,82,83,46,54,5,87,88,11,90,91,138,189,58,109,195,97,143,99,84,134,102,100,65,96,117,187,108,98,110,165,112,113,188,26,116,35,30,145,178,47,122,151,160,125,126,127,176,0,190,140,40,139,105,135,23,137,179,121,182,95,13,33,75,133,103,172,148,149,3,1,152,86,153,144,70,68,62,159,162,161,37,94,164,73,166,17,168,169,76,171,93,9,163,175,128,177,120,136,180,181,22,12,43,59,48,104,196,141,193,191,64,154,194,115,41,197,146,107,];False
5515;9611;15126;[199,72,167,150,155,57,60,7,186,192,10,42,31,142,185,15,118,92,14,19,20,173,8,123,24,25,131,27,28,170,106,130,198,147,34,16,55,66,38,39,132,174,101,6,44,45,183,119,21,49,50,51,77,53,85,36,56,46,74,79,184,32,158,63,52,129,124,67,18,69,156,71,2,111,89,4,29,114,78,81,80,61,82,83,157,54,5,87,88,11,90,91,138,189,58,109,195,97,143,99,84,134,102,100,65,96,117,187,108,98,110,165,112,113,188,26,116,35,30,120,178,47,122,151,160,125,126,127,176,0,190,140,40,139,105,135,23,137,179,121,182,95,13,33,75,133,103,172,148,149,3,1,152,86,153,144,70,68,62,159,162,161,37,94,164,73,166,17,168,169,76,171,93,9,163,175,128,115,145,136,180,181,22,12,43,59,48,104,196,141,193,191,64,154,194,177,41,197,146,107,];False
5617;9496;15113;[199,72,167,150,155,57,60,7,186,192,10,42,31,142,185,15,118,92,14,19,20,173,8,123,24,25,131,27,28,170,165,130,198,147,34,16,55,66,38,39,132,174,101,6,44,45,183,119,21,49,50,51,74,53,85,36,56,46,77,79,184,32,158,63,52,129,124,67,18,69,156,71,2,111,89,4,29,114,78,81,80,61,82,83,157,54,5,87,88,11,90,91,138,189,58,109,195,97,143,99,84,134,102,100,65,96,117,187,108,98,110,106,112,113,188,26,116,35,30,120,178,47,122,151,160,125,126,127,176,0,190,140,40,139,105,135,23,137,179,121,182,95,13,33,75,133,103,172,148,149,3,1,152,86,153,144,70,68,62,159,162,161,37,94,164,73,166,17,168,169,76,171,93,9,163,175,128,177,145,136,180,181,22,12,43,59,48,104,196,141,193,191,64,154,194,115,41,197,146,107,];False
5629;9481;15110;[199,72,167,150,155,57,60,7,186,42,10,192,31,142,185,15,118,92,14,19,20,173,8,123,24,25,131,27,28,170,106,130,198,147,34,16,55,66,38,39,132,174,101,6,44,45,183,119,21,49,50,51,74,53,85,36,56,46,77,79,184,32,158,63,52,129,124,67,116,69,156,71,2,111,89,4,29,114,78,81,80,61,82,83,157,54,5,87,88,11,90,91,138,189,58,109,195,97,143,99,84,134,102,100,65,96,117,187,108,98,110,165,112,113,188,26,18,35,30,120,178,47,122,151,160,125,126,127,176,0,190,140,40,139,105,135,23,137,179,121,182,95,13,33,75,133,103,172,148,149,3,1,152,86,153,144,70,68,62,159,162,161,37,94,164,73,166,17,168,169,76,171,93,9,163,175,128,177,145,136,180,181,22,12,43,59,48,104,196,141,193,191,64,154,194,115,41,197,146,107,];False
5568;9540;15108;[199,72,167,150,4,57,60,7,8,42,10,192,31,142,185,15,118,92,14,19,20,173,186,123,24,25,131,27,28,170,106,130,198,147,34,16,55,66,38,39,132,174,101,6,44,45,183,119,21,49,50,51,74,53,85,36,56,46,77,79,184,32,158,63,52,129,124,67,18,69,156,71,2,111,89,155,29,114,78,81,80,61,82,83,157,54,5,87,88,11,90,91,138,189,58,109,195,97,143,99,84,134,102,100,65,96,117,187,108,98,110,165,112,113,188,26,116,35,30,145,178,47,122,151,160,125,126,127,176,0,190,140,40,139,105,135,23,137,179,121,182,95,13,33,75,133,103,172,148,149,3,1,152,86,153,144,70,68,62,159,162,161,37,94,164,73,166,136,168,169,76,171,93,9,163,175,128,177,120,17,180,181,22,12,43,59,48,104,196,141,193,191,64,154,194,115,41,197,146,107,];False
5562;9545;15107;[199,72,167,150,4,57,60,7,186,42,10,192,31,142,185,15,118,92,14,19,20,173,8,123,24,25,131,27,28,170,106,130,198,147,34,16,156,66,38,39,132,174,101,6,44,45,183,119,21,49,50,51,74,53,85,36,56,46,77,79,184,32,158,63,52,129,124,67,18,69,55,71,2,111,89,155,29,114,78,81,80,61,82,83,157,54,5,87,88,11,90,91,138,189,58,109,195,97,143,99,84,134,102,100,65,96,117,187,108,98,110,165,112,113,188,26,116,35,30,145,178,47,122,151,160,125,126,127,176,0,190,140,40,139,105,135,23,137,179,121,182,95,13,33,75,133,103,172,148,149,3,1,152,86,153,144,70,68,62,159,162,161,37,94,164,73,166,17,168,169,76,171,93,9,163,175,128,177,120,136,180,181,22,12,43,59,48,104,196,141,193,191,64,154,194,115,41,197,146,107,];False
5628;9472;15100;[199,72,167,150,155,57,60,7,186,192,10,42,31,142,185,15,118,92,14,19,20,173,8,123,174,25,131,27,28,170,106,130,198,147,34,16,55,66,38,39,132,24,101,6,44,45,183,119,21,49,50,51,74,53,85,36,56,46,77,79,184,32,158,63,52,129,124,67,18,69,156,71,2,111,89,4,29,114,78,81,80,61,82,83,157,54,5,87,88,11,90,91,138,189,58,109,195,97,143,99,84,134,102,100,65,96,117,187,108,98,110,165,112,113,188,26,116,35,30,120,178,47,122,151,160,125,126,127,176,0,190,140,40,139,105,135,23,137,179,121,182,95,13,33,75,133,103,172,148,149,3,1,152,86,153,144,70,68,62,159,162,161,37,94,164,73,166,17,168,169,76,171,93,9,163,175,128,177,145,136,180,181,22,12,43,59,48,104,196,141,193,191,64,154,194,115,41,197,146,107,];False
5603;9491;15094;[199,72,167,150,4,57,60,7,186,42,10,192,31,142,130,15,118,92,14,19,20,173,8,123,24,25,131,27,28,170,106,185,198,147,34,16,55,66,38,39,132,174,101,6,44,45,183,119,21,49,50,51,74,53,85,36,56,46,77,79,184,32,158,63,52,129,124,67,18,69,156,71,2,111,89,155,29,114,78,81,80,61,82,83,157,54,5,87,88,11,90,91,138,189,58,109,195,97,143,99,84,134,102,100,65,96,117,187,108,98,110,165,112,113,188,26,116,35,30,145,178,47,122,151,160,125,126,127,176,0,190,140,40,139,105,135,23,137,179,121,182,95,13,33,75,133,103,172,148,149,3,1,152,86,153,144,70,68,62,159,162,161,37,94,164,73,166,136,168,169,76,171,93,9,163,175,128,177,120,17,180,181,22,12,43,59,48,104,196,141,193,191,64,154,194,115,41,197,146,107,];False
5600;9492;15092;[199,72,167,150,4,57,60,7,186,42,10,192,31,142,185,15,118,92,14,19,20,173,8,123,24,25,131,27,28,170,106,130,198,147,34,16,55,66,38,39,132,174,101,6,44,45,183,119,21,49,50,51,74,53,85,36,56,46,77,79,184,32,158,63,52,129,124,67,18,69,156,71,2,111,89,155,29,114,78,81,80,61,82,83,157,54,5,87,88,11,90,91,138,189,58,109,195,97,143,99,84,134,102,73,65,96,117,187,108,98,110,165,112,113,188,26,116,35,30,145,178,47,122,151,160,125,126,127,176,0,190,140,40,139,105,135,23,137,179,121,182,95,13,33,75,133,103,172,148,149,3,1,152,86,153,144,70,68,62,159,162,161,37,94,164,100,166,136,168,169,76,171,93,9,163,175,128,177,120,17,180,181,22,12,43,59,48,104,196,141,193,191,64,154,194,115,41,197,146,107,];False
5492;9599;15091;[199,72,167,150,155,57,60,7,186,192,10,42,31,142,185,15,191,92,14,19,20,173,8,123,24,25,131,27,28,170,106,130,198,147,34,16,55,66,38,39,132,174,101,6,44,45,183,119,21,49,50,51,77,53,85,36,56,46,74,79,184,32,158,63,52,129,124,67,18,69,156,71,2,111,89,4,29,114,78,81,80,61,82,83,157,54,5,87,88,11,90,91,138,189,58,109,195,97,143,99,84,134,102,100,65,96,117,187,108,98,110,165,112,113,188,26,116,35,30,120,178,47,122,151,160,125,126,127,176,0,190,140,40,139,105,135,23,137,179,121,182,95,13,33,75,133,103,172,148,149,3,1,152,86,153,144,70,68,62,159,162,161,37,94,164,73,166,17,168,169,76,171,93,9,163,175,128,177,145,136,180,181,22,12,43,59,48,104,196,141,193,118,64,154,194,115,41,197,146,107,];False
5626;9451;15077;[199,72,167,150,155,57,60,7,186,42,10,192,31,142,185,15,118,92,14,19,20,173,8,123,24,25,131,27,28,170,106,130,198,147,34,16,55,66,38,39,132,174,101,6,44,45,183,119,21,49,50,51,74,53,85,36,56,46,77,79,184,32,158,63,52,129,124,67,18,69,156,71,2,111,89,4,29,114,78,81,80,61,82,83,157,54,5,87,88,11,90,91,138,189,110,109,195,97,143,99,84,134,102,100,65,96,117,187,108,98,58,165,112,113,188,26,116,35,30,120,178,47,122,151,160,125,126,127,176,0,190,140,40,139,105,135,23,137,179,121,182,95,13,33,75,133,103,172,148,149,3,1,152,86,153,144,70,68,62,159,162,161,37,94,164,73,166,17,168,169,76,171,93,9,163,175,128,177,145,136,180,181,22,12,43,59,48,104,196,141,193,191,64,154,194,115,41,197,146,107,];False
5551;9525;15076;[199,72,167,150,4,57,60,7,186,42,10,192,31,142,185,15,118,92,14,19,20,173,8,123,24,25,131,27,28,170,106,130,198,147,34,16,55,66,38,39,132,174,101,6,44,45,183,119,21,49,50,51,74,53,85,36,56,46,77,79,184,32,158,63,52,129,124,67,18,69,156,71,2,111,89,155,29,114,78,81,80,61,82,83,157,54,5,87,88,11,90,91,138,189,58,109,195,97,143,99,84,134,102,100,65,96,117,187,108,98,110,165,112,113,188,26,116,35,30,145,178,47,122,151,160,125,126,127,176,0,190,140,40,139,105,135,23,137,179,121,182,95,13,33,75,133,103,172,148,149,3,1,152,86,153,144,70,162,62,159,68,161,37,94,164,73,166,17,168,169,76,171,93,9,163,175,128,177,120,136,180,181,22,12,43,59,48,104,196,141,193,191,64,154,194,115,41,197,146,107,];False
5532;9537;15069;[199,72,167,150,4,57,60,7,186,42,10,192,31,142,185,15,118,92,14,187,20,173,8,123,24,25,131,27,28,170,106,130,198,147,34,16,55,66,38,39,132,174,101,6,44,45,183,119,21,49,50,51,74,53,85,36,56,46,77,79,184,32,158,63,52,129,124,67,18,69,156,71,2,111,89,155,29,114,78,81,80,61,82,83,157,54,5,87,88,11,90,91,138,189,58,109,195,97,143,99,84,134,102,100,65,96,117,19,108,98,110,165,112,113,188,26,116,35,30,145,178,47,122,151,160,125,126,127,176,0,190,140,40,139,105,135,23,137,179,121,182,95,13,33,75,133,103,172,148,149,3,1,152,86,153,144,70,68,62,159,162,161,37,94,164,73,166,17,168,169,76,171,93,9,163,175,128,177,120,136,180,181,22,12,43,59,48,104,196,141,193,191,64,154,194,115,41,197,146,107,];False
5541;9524;15065;[199,72,167,150,4,57,60,7,186,42,10,192,31,142,185,15,118,92,14,19,20,173,8,123,24,25,131,27,28,170,106,130,198,143,34,16,55,66,38,39,132,174,101,6,44,45,183,119,21,49,50,51,74,53,85,36,56,46,77,79,184,32,158,63,52,129,124,67,18,69,156,71,2,111,89,155,29,114,78,81,80,61,82,83,157,54,5,87,88,11,90,91,138,189,58,109,195,97,147,99,84,134,102,100,65,96,117,187,108,98,110,165,112,113,188,26,116,35,30,145,178,47,122,151,160,125,126,127,176,0,190,140,40,139,105,135,23,137,179,121,182,95,13,33,75,133,103,172,148,149,3,1,152,86,153,144,70,68,62,159,162,161,37,94,164,73,166,17,168,169,76,171,93,9,163,175,128,177,120,136,180,181,22,12,43,59,48,104,196,141,193,191,64,154,194,115,41,197,146,107,];False
5566;9496;15062;[199,72,167,150,155,75,60,7,186,192,10,42,31,142,185,15,118,92,14,19,20,173,8,123,24,25,131,27,28,170,106,130,198,147,34,16,55,66,38,39,132,174,101,6,44,45,183,119,21,49,50,51,74,53,85,36,56,46,77,79,184,32,158,63,52,129,124,67,18,69,156,71,2,111,89,4,29,114,78,81,80,61,82,83,157,54,5,87,88,11,90,91,138,189,58,109,195,97,143,99,84,134,102,100,65,96,117,187,108,98,110,165,112,113,188,26,116,35,30,120,178,47,122,151,160,125,126,127,176,0,190,140,40,139,105,135,23,137,179,121,182,95,13,33,57,133,103,172,148,149,3,1,152,86,153,144,70,68,62,159,162,161,37,94,164,73,166,17,168,169,76,171,93,9,163,175,128,177,145,136,180,181,22,12,43,59,48,104,196,141,193,191,64,154,194,115,41,197,146,107,];False
5562;9492;15054;[199,72,167,150,155,57,60,7,186,192,10,42,31,142,185,15,118,113,14,19,20,173,8,123,24,25,131,27,28,170,106,130,198,147,34,16,55,66,38,39,132,174,101,6,44,45,183,119,21,49,50,51,74,53,85,36,56,46,77,79,184,32,158,63,52,129,124,67,18,69,156,71,2,111,89,4,29,114,78,81,80,61,82,83,157,54,5,87,88,11,90,91,138,189,58,109,195,97,143,99,84,134,102,100,65,96,117,187,108,98,110,165,112,92,188,26,116,35,30,120,178,47,122,151,160,125,126,127,176,0,190,140,40,139,105,135,23,137,179,121,182,95,13,33,75,133,103,172,148,149,3,1,152,86,153,144,70,68,62,159,162,161,37,94,164,73,166,17,168,169,76,171,93,9,163,175,128,177,145,136,180,181,22,12,43,59,48,104,196,141,193,191,64,154,194,115,41,197,146,107,];False
5508;9537;15045;[199,72,167,150,155,57,60,7,186,42,10,192,31,142,185,15,118,92,14,19,20,173,8,123,24,25,131,27,28,170,106,130,198,147,34,16,55,66,38,39,132,174,101,6,44,45,183,119,21,49,50,51,74,53,85,36,56,46,77,79,184,32,158,63,52,129,124,67,18,69,156,71,2,111,89,4,29,114,78,81,80,61,82,83,157,54,5,87,88,11,90,91,138,189,58,109,195,97,143,99,84,134,102,100,65,96,117,187,108,98,110,165,112,113,188,26,116,35,30,120,178,47,122,151,160,125,126,127,176,0,190,140,40,139,105,135,23,137,179,121,182,95,13,33,75,133,103,172,148,149,3,1,152,86,153,144,70,68,62,159,162,161,37,12,164,73,166,17,168,169,76,171,93,9,163,175,128,177,145,136,180,181,22,94,43,59,48,104,196,141,193,191,64,154,194,115,41,197,146,107,];False
5533;9511;15044;[199,72,167,150,155,57,60,7,186,42,10,192,31,142,185,15,118,92,14,19,20,173,8,123,24,25,131,27,28,170,106,130,198,147,34,16,55,66,38,39,132,174,101,6,44,45,183,119,21,49,50,40,74,53,85,36,56,46,77,79,184,32,158,63,52,129,124,67,18,69,156,71,2,111,89,4,29,114,78,81,80,61,82,83,157,54,5,87,88,11,90,91,138,189,58,109,195,97,143,99,84,134,102,100,65,96,117,187,108,98,110,165,112,113,188,26,116,35,30,120,178,47,122,151,160,125,126,127,176,0,190,140,51,139,105,135,23,137,179,121,182,95,13,33,75,133,103,172,148,149,3,1,152,86,153,144,70,68,62,159,162,161,37,94,164,73,166,17,168,169,76,171,93,9,163,175,128,177,145,136,180,181,22,12,43,59,48,104,196,141,193,191,64,154,194,115,41,197,146,107,];False
5452;9588;15040;[199,72,167,150,155,57,60,7,186,192,10,42,31,142,185,15,118,92,14,19,20,173,8,123,24,25,131,27,28,170,106,130,198,147,34,16,55,66,38,39,132,174,12,6,44,45,183,119,21,49,50,51,77,53,85,36,56,46,74,79,184,32,158,63,52,129,124,67,18,69,156,71,2,111,89,4,29,114,78,81,80,61,82,83,157,54,5,87,88,11,90,91,138,189,58,109,195,97,143,99,84,134,102,100,65,96,117,187,108,98,110,165,112,113,188,26,116,35,30,120,178,47,122,151,160,125,126,127,176,0,190,140,40,139,105,135,23,137,179,121,182,95,13,33,75,133,103,172,148,149,3,1,152,86,153,144,70,68,62,159,162,161,37,94,164,73,166,17,168,169,76,171,93,9,163,175,128,177,145,136,180,181,22,101,43,59,48,104,196,141,193,191,64,154,194,115,41,197,146,107,];False
5552;9488;15040;[199,72,167,150,155,57,60,7,186,42,10,192,31,142,185,15,118,92,14,19,20,173,8,123,24,25,131,27,28,170,106,130,198,147,34,16,55,66,38,39,132,174,101,6,44,45,183,119,21,49,50,51,74,53,85,36,56,46,77,79,184,32,158,63,52,129,124,67,18,69,156,71,2,111,89,82,29,114,78,81,80,61,4,83,157,54,5,87,88,11,90,91,138,189,58,109,195,97,143,99,84,134,102,100,65,96,117,187,108,98,110,165,112,113,188,26,116,35,30,120,178,47,122,151,160,125,126,127,176,0,190,140,40,139,105,135,23,137,179,121,182,95,13,33,75,133,103,172,148,149,3,1,152,86,153,144,70,68,62,159,162,161,37,94,164,73,166,17,168,169,76,171,93,9,163,175,128,177,145,136,180,181,22,12,43,59,48,104,196,141,193,191,64,154,194,115,41,197,146,107,];False
5459;9579;15038;[199,72,167,150,155,57,60,7,186,192,10,42,31,142,185,15,118,92,14,19,20,173,8,123,24,25,131,27,28,170,106,130,198,147,34,16,55,66,38,39,132,174,101,6,44,45,183,119,21,49,50,51,77,53,85,36,56,46,74,79,184,32,158,63,52,135,124,67,18,69,156,71,2,111,89,4,29,114,78,81,80,61,82,83,157,54,5,87,88,11,90,91,138,189,58,109,195,97,143,99,84,134,102,100,65,96,117,187,108,98,110,165,112,113,188,26,116,35,30,120,178,47,122,151,160,125,126,127,176,0,190,140,40,139,105,129,23,137,179,121,182,95,13,33,75,133,103,172,148,149,3,1,152,86,153,144,70,68,62,159,162,161,37,94,164,73,166,17,168,169,76,171,93,9,163,175,128,177,145,136,180,181,22,12,43,59,48,104,196,141,193,191,64,154,194,115,41,197,146,107,];False
5461;9566;15027;[199,72,167,150,4,57,60,7,186,42,10,192,31,142,185,15,118,92,14,19,20,101,8,123,24,25,131,27,28,170,106,130,198,147,34,16,55,66,38,39,132,174,173,6,44,45,183,119,21,49,50,51,74,53,85,36,56,46,77,79,184,32,158,63,52,129,124,67,18,69,156,71,2,111,89,155,29,114,78,81,80,61,82,83,157,54,5,87,88,11,90,91,138,189,58,109,195,97,143,99,84,134,102,100,65,96,117,187,108,98,110,165,112,113,188,26,116,35,30,145,178,47,122,151,160,125,126,127,176,0,190,140,40,139,105,135,23,137,179,121,182,95,13,33,75,133,103,172,148,149,3,1,152,86,153,144,70,68,62,159,162,161,37,94,164,73,166,17,168,169,76,171,93,9,163,175,128,177,120,136,180,181,22,12,43,59,48,104,196,141,193,191,64,154,194,115,41,197,146,107,];False
5470;9556;15026;[199,72,167,150,155,57,60,7,186,192,10,42,31,142,185,15,118,92,14,19,20,173,8,123,24,25,131,27,28,170,106,130,198,147,34,16,55,66,38,39,132,174,101,6,44,45,183,119,21,49,50,51,77,53,85,36,56,46,74,79,184,32,158,63,52,129,124,67,18,69,156,71,2,111,89,4,29,114,78,81,80,61,82,83,157,54,5,87,88,11,90,91,138,163,58,109,195,97,143,99,84,134,102,100,65,96,117,187,108,98,110,165,112,113,188,26,116,35,30,120,178,47,122,151,160,125,126,127,176,0,190,140,40,139,105,135,23,137,179,121,182,95,13,33,75,133,103,172,148,149,3,1,152,86,153,144,70,68,62,159,162,161,37,94,164,73,166,17,168,169,76,171,93,9,189,175,128,177,145,136,180,181,22,12,43,59,48,104,196,141,193,191,64,154,194,115,41,197,146,107,];False
5472;9548;15020;[199,72,167,150,155,57,60,7,186,192,10,42,61,142,185,15,118,92,14,19,20,173,8,123,24,25,131,27,28,170,106,130,198,147,34,16,55,66,38,39,132,174,101,6,44,45,183,119,21,49,50,51,77,53,85,36,56,46,74,79,184,32,158,63,52,129,124,67,18,69,156,71,2,111,89,4,29,114,78,81,80,31,82,83,157,54,5,87,88,11,90,91,138,189,58,109,195,97,143,99,84,134,102,100,65,96,117,187,108,98,110,165,112,113,188,26,116,35,30,120,178,47,122,151,160,125,126,127,176,0,190,140,40,139,105,135,23,137,179,121,182,95,13,33,75,133,103,172,148,149,3,1,152,86,153,144,70,68,62,159,162,161,37,94,164,73,166,17,168,169,76,171,93,9,163,175,128,177,145,136,180,181,22,12,43,59,48,104,196,141,193,191,64,154,194,115,41,197,146,107,];False
5497;9520;15017;[199,72,167,150,4,57,60,7,186,42,10,192,31,142,185,15,118,92,14,19,20,173,8,123,24,25,131,27,28,170,106,130,198,147,34,16,55,66,38,39,132,174,101,6,44,45,183,119,21,49,50,51,74,53,85,36,56,46,77,79,184,32,158,63,52,129,124,67,18,69,156,71,2,111,89,155,29,114,78,81,80,61,82,83,157,54,5,87,88,11,90,91,138,189,58,109,195,97,143,99,84,134,102,100,65,96,117,187,108,98,110,165,112,113,188,26,116,35,30,145,178,47,122,151,160,125,126,127,176,0,190,140,40,139,105,135,23,137,179,121,182,95,13,33,75,133,103,172,148,149,3,1,152,86,153,144,70,68,62,159,162,161,37,94,164,73,166,136,168,169,76,171,93,9,163,175,128,177,120,17,180,181,22,12,43,59,48,104,196,141,193,191,64,154,194,115,41,197,146,107,];False
5423;9580;15003;[199,72,167,150,155,57,60,7,186,192,10,42,31,142,185,15,118,92,14,19,20,173,8,123,24,25,131,27,28,170,106,130,198,147,122,16,55,66,38,39,132,174,101,6,44,45,183,119,21,49,50,51,77,53,85,36,182,46,74,79,184,32,158,63,52,129,124,67,18,69,156,71,2,111,89,4,29,114,78,81,80,61,82,83,157,54,5,87,88,11,90,91,138,189,58,109,195,97,143,99,84,134,102,100,65,96,117,187,108,98,110,165,112,113,188,26,116,35,30,120,178,47,34,151,160,125,126,127,176,0,190,140,40,139,105,135,23,13,179,121,56,95,137,33,75,133,103,172,148,149,3,1,152,86,153,144,70,68,62,159,162,161,37,94,164,73,166,17,168,169,76,171,93,9,163,175,128,177,145,136,180,181,22,12,43,59,48,104,196,141,193,191,64,154,194,115,41,197,146,107,];False
5504;9497;15001;[199,72,167,150,155,57,60,7,186,192,10,42,31,142,185,15,118,92,14,19,20,173,8,123,24,25,131,27,28,170,106,130,198,147,34,16,55,66,38,39,132,33,101,6,44,45,183,119,21,49,50,51,74,53,85,36,56,46,77,79,184,32,158,63,52,129,124,67,18,69,156,71,2,111,89,4,29,114,78,81,80,61,82,83,157,54,5,87,88,11,90,91,138,189,58,109,195,97,143,99,84,134,102,100,65,96,117,187,108,98,110,165,112,113,188,26,116,35,30,120,178,47,122,151,160,125,126,127,176,0,190,140,40,139,105,135,23,137,179,121,182,95,13,174,75,133,103,172,148,149,3,1,152,86,153,144,70,68,62,159,162,161,37,94,164,73,166,17,168,169,76,171,93,9,163,175,128,177,145,136,180,181,22,12,43,59,48,104,196,141,193,191,64,154,194,115,41,197,146,107,];False
5432;9567;14999;[199,72,167,150,155,57,60,7,186,192,10,42,31,142,185,15,118,92,14,19,20,173,8,123,24,25,131,27,28,170,106,130,198,147,34,16,55,66,38,39,132,174,101,6,44,45,183,119,21,49,50,51,77,53,85,36,182,46,74,79,184,32,158,63,52,129,124,67,18,69,156,71,2,111,89,4,29,114,78,81,80,61,82,83,157,54,5,87,88,11,90,91,138,189,58,109,195,97,143,99,84,134,102,100,65,96,117,187,108,98,110,165,112,113,188,26,116,35,30,120,178,47,122,151,160,125,126,127,176,0,190,140,40,139,105,135,23,13,179,121,56,95,137,33,75,133,103,172,148,149,3,1,152,86,153,144,70,68,62,159,162,161,37,17,164,73,166,94,168,169,76,171,93,9,163,175,128,177,145,136,180,181,22,12,43,59,48,104,196,141,193,191,64,154,194,115,41,197,146,107,];False
5428;9570;14998;[199,72,167,150,155,57,60,7,186,192,10,42,31,142,185,40,118,92,14,19,20,173,8,123,24,25,131,27,28,170,106,130,198,147,34,16,55,66,38,39,132,174,90,6,44,45,183,119,21,49,50,51,77,53,85,36,182,46,74,79,184,32,158,63,52,129,124,67,18,69,156,71,2,111,89,180,29,114,78,81,80,61,82,83,157,54,5,87,88,11,101,91,138,189,58,109,195,97,143,99,84,134,102,100,65,96,117,187,108,98,110,165,112,113,188,26,116,35,30,120,178,47,122,151,160,125,126,127,176,0,190,140,15,139,105,135,23,13,179,121,56,95,137,33,75,133,103,172,148,149,3,1,152,86,153,144,70,68,62,159,162,161,37,94,164,73,166,17,168,169,76,171,93,9,163,175,128,177,145,136,4,181,22,12,43,59,48,104,196,141,193,191,64,154,194,115,41,197,146,107,];False
5440;9556;14996;[199,72,167,150,155,57,60,7,186,192,10,42,31,142,185,15,118,92,14,19,20,173,8,123,24,25,131,27,28,170,106,130,198,147,34,16,55,66,38,39,132,174,101,6,44,45,183,119,21,49,50,51,77,53,85,36,56,46,74,79,184,32,161,63,52,129,124,67,18,69,156,71,2,111,89,4,29,114,78,81,80,61,82,83,157,54,5,87,88,11,90,91,138,189,58,109,195,97,143,99,84,134,102,100,65,96,117,187,108,98,110,165,112,113,188,26,116,35,30,120,178,47,122,151,160,125,126,127,176,0,190,140,40,139,105,135,23,137,179,121,182,95,13,33,75,133,103,172,148,149,3,1,152,86,153,144,70,68,62,159,162,158,37,94,164,73,166,17,168,169,76,171,93,9,163,175,128,177,145,136,180,181,22,12,43,59,48,104,196,141,193,191,64,154,194,115,41,197,146,107,];False
5477;9517;14994;[199,72,167,150,4,57,60,7,186,42,10,192,31,142,185,15,118,92,14,19,20,173,8,123,24,25,131,27,28,170,106,130,198,147,34,16,55,66,38,39,132,174,101,6,44,45,183,119,21,49,50,51,74,53,85,36,56,46,77,79,184,32,158,63,52,129,124,67,18,69,156,1,2,111,89,155,29,114,78,81,80,61,82,83,157,54,5,87,88,11,90,91,138,189,58,109,195,97,143,99,84,134,102,100,65,96,117,187,108,98,110,165,112,113,188,26,116,35,30,120,178,47,122,151,160,125,126,127,176,0,190,140,40,139,105,135,23,137,179,121,182,95,13,33,75,133,103,172,148,149,3,71,152,86,153,144,70,68,62,159,162,161,37,94,164,73,166,17,168,169,76,171,93,9,163,175,128,177,145,136,180,181,22,12,43,59,48,104,196,141,193,191,64,154,194,115,41,197,146,107,];False
5511;9479;14990;[199,72,167,150,155,57,60,7,186,192,10,42,31,142,185,15,118,92,14,19,20,173,8,123,24,25,131,27,28,170,106,130,198,147,34,16,55,66,38,39,132,174,101,6,44,45,183,119,21,49,50,51,74,53,85,36,56,46,77,79,184,32,158,63,52,129,124,67,18,69,156,71,2,111,89,4,29,114,78,81,80,61,82,83,157,54,5,87,88,11,90,91,138,189,58,109,195,97,143,99,84,134,102,100,65,96,117,187,108,98,110,165,112,113,188,26,116,35,30,120,178,47,122,151,160,125,126,127,1,0,190,140,40,139,105,135,23,137,179,121,182,95,13,33,75,133,103,172,148,149,3,176,152,86,153,144,70,68,62,159,162,161,37,94,164,73,166,17,168,169,76,171,93,9,163,175,128,177,145,136,180,181,22,12,43,59,48,104,196,141,193,191,64,154,194,115,41,197,146,107,];False
5507;9481;14988;[199,72,167,150,155,57,60,7,186,42,10,192,31,142,185,15,118,92,14,19,20,173,8,123,24,25,131,27,28,170,106,130,198,147,34,16,55,66,38,39,132,174,101,6,44,45,183,119,21,49,50,51,74,53,85,36,56,46,77,79,184,32,158,63,52,4,124,67,18,69,156,71,2,111,89,129,29,114,78,81,80,61,82,83,157,54,5,87,88,11,90,91,138,189,58,109,195,97,143,99,84,134,102,100,65,96,117,187,108,98,110,165,112,113,188,26,116,35,30,120,178,47,122,151,160,125,126,127,176,0,190,140,40,139,105,135,23,137,179,121,182,95,13,33,75,133,103,172,148,149,3,1,152,86,153,144,70,68,62,159,162,161,37,94,164,73,166,17,168,169,76,171,93,9,163,175,128,177,145,136,180,181,22,12,43,59,48,104,196,141,193,191,64,154,194,115,41,197,146,107,];False
5429;9557;14986;[199,72,167,150,155,57,60,7,186,192,10,42,31,142,185,15,118,92,14,19,20,173,8,123,24,25,131,27,28,170,106,130,117,147,34,16,55,66,38,39,132,174,101,6,44,45,183,119,21,49,50,51,77,53,85,36,56,46,74,79,184,32,158,63,52,129,124,67,18,69,156,71,2,111,89,4,29,114,78,81,80,61,82,83,157,54,5,87,88,11,90,91,138,189,58,109,195,97,143,99,84,134,102,100,65,96,198,187,108,98,110,165,112,113,188,26,116,35,30,120,178,47,122,151,160,125,126,127,176,0,190,140,40,139,105,135,23,137,179,121,182,95,13,33,75,133,103,172,148,149,3,1,152,86,153,144,70,68,62,159,162,161,37,94,164,73,166,17,168,169,76,171,93,9,163,175,128,177,145,136,180,181,22,12,43,59,48,104,196,141,193,191,64,154,194,115,41,197,146,107,];False
5540;9446;14986;[199,72,167,150,155,57,60,7,186,42,10,192,31,142,185,15,118,92,14,19,20,173,8,123,24,25,131,27,28,170,83,130,198,147,34,16,55,66,38,39,132,174,101,6,44,45,183,119,21,49,50,51,74,53,85,36,56,46,77,79,184,32,158,63,52,129,124,67,18,69,156,71,2,111,89,4,29,114,78,81,80,61,82,106,157,54,5,87,88,11,90,91,138,189,58,109,195,97,143,99,84,134,102,100,65,96,117,187,108,98,110,165,112,113,188,26,116,35,30,120,178,47,122,151,160,125,126,127,176,0,190,140,40,139,105,135,23,137,179,121,182,95,13,33,75,133,103,172,148,149,3,1,152,86,153,144,70,68,62,159,162,161,37,94,164,73,166,17,168,169,76,171,93,9,163,175,128,177,145,136,180,181,22,12,43,59,48,104,196,141,193,191,64,154,194,115,41,197,146,107,];False
5432;9553;14985;[199,72,167,150,155,57,60,7,186,192,76,42,31,142,185,15,118,92,14,19,20,173,8,123,24,25,131,27,28,170,106,130,198,147,34,16,55,66,38,39,132,174,101,6,44,45,183,119,21,49,50,51,77,53,85,36,56,46,74,79,184,32,158,63,52,129,124,67,18,69,156,71,2,111,89,4,29,114,78,81,80,61,82,83,157,54,5,87,88,11,90,91,138,189,58,109,195,97,143,99,84,134,102,100,65,96,117,187,108,98,110,165,112,113,188,26,116,35,30,120,178,47,122,151,160,125,126,127,176,0,190,140,40,139,105,135,23,137,179,121,182,95,13,33,75,133,103,172,148,149,3,1,152,86,153,144,70,68,62,159,162,161,37,94,164,73,166,17,168,169,10,171,93,9,163,175,128,177,145,136,180,181,22,12,43,59,48,104,196,141,193,191,64,154,194,115,41,197,146,107,];False
5520;9463;14983;[199,72,167,150,155,57,60,7,186,192,10,42,31,142,185,15,118,92,14,19,20,173,8,123,24,25,131,27,28,170,106,130,198,147,34,16,55,66,38,39,132,174,101,6,44,45,183,119,21,49,50,51,74,53,85,36,56,46,77,79,184,32,158,63,52,129,124,67,178,69,156,71,2,111,89,4,29,114,78,81,80,61,82,83,157,54,5,87,88,11,90,91,138,189,58,109,195,97,143,99,84,134,102,100,65,96,117,187,108,98,110,165,112,113,188,26,116,35,30,120,18,47,122,151,160,125,126,127,176,0,190,140,40,139,105,135,23,137,179,121,182,95,13,33,75,133,103,172,148,149,3,1,152,86,153,144,70,68,62,159,162,161,37,94,164,73,166,17,168,169,76,171,93,9,163,175,128,177,145,136,180,181,22,12,43,59,48,104,196,141,193,191,64,154,194,115,41,197,146,107,];False
5432;9551;14983;[199,72,167,150,155,57,60,7,186,192,10,42,31,142,185,15,118,92,14,19,20,173,8,123,24,25,131,27,28,170,106,130,198,147,34,16,55,66,38,39,132,174,101,6,44,45,183,119,21,49,50,51,77,53,85,36,56,46,133,79,184,32,158,63,52,129,124,67,18,69,156,71,2,111,89,4,29,114,78,81,80,61,82,83,157,54,5,87,88,11,90,91,138,189,58,109,195,97,143,99,84,134,102,100,65,96,117,187,108,98,110,165,112,113,188,26,116,35,30,120,178,47,122,151,160,125,126,127,176,0,190,140,40,139,105,135,23,137,179,121,182,95,13,33,75,74,103,172,148,149,3,1,152,86,153,144,70,68,62,159,162,161,37,94,164,73,166,17,168,169,76,171,93,9,163,175,128,177,145,136,180,181,22,12,43,59,48,104,196,141,193,191,64,154,194,115,41,197,146,107,];False
5414;9568;14982;[199,72,167,150,155,57,60,7,186,192,10,42,31,142,185,15,118,92,14,19,20,173,8,123,24,25,131,27,28,170,106,130,198,147,34,16,55,66,38,39,132,174,101,6,44,45,183,119,21,49,50,51,77,53,85,36,182,46,74,79,184,32,158,63,52,129,124,67,18,69,156,71,2,111,89,180,29,114,78,81,80,61,82,83,157,54,5,87,88,11,90,91,138,189,58,109,195,97,143,99,84,134,102,100,65,96,117,187,108,98,110,165,112,113,188,26,116,35,30,120,178,47,122,151,160,9,126,127,176,0,190,140,40,139,105,135,23,13,179,121,56,95,137,33,75,133,103,172,148,149,3,1,152,86,153,144,70,68,62,159,162,161,37,94,164,73,166,17,168,169,76,171,93,125,163,175,128,177,145,136,4,181,22,12,43,59,48,104,196,141,193,191,64,154,194,115,41,197,146,107,];False
5405;9575;14980;[199,72,167,150,155,57,60,7,186,192,10,42,31,142,185,15,118,92,14,19,40,173,8,123,24,25,131,27,28,170,106,130,198,147,34,16,55,66,38,39,132,174,101,6,44,45,183,119,21,49,50,51,77,53,85,36,56,46,74,79,184,32,158,63,52,129,124,67,18,69,156,71,2,111,89,4,29,114,78,81,80,61,82,83,157,54,5,87,88,11,90,91,138,189,58,109,195,97,143,99,84,134,102,100,65,96,117,187,108,98,110,165,112,113,188,26,116,35,30,120,178,47,122,151,160,125,126,127,176,0,190,140,20,139,105,135,23,137,179,121,182,95,13,33,75,133,103,172,148,149,3,1,152,86,153,144,70,68,62,159,162,161,37,94,164,73,166,17,168,169,76,171,93,9,163,175,128,177,145,136,180,181,22,12,43,59,48,104,196,141,193,191,64,154,194,115,41,197,146,107,];False
5521;9457;14978;[199,72,167,150,155,57,60,7,186,192,10,42,31,142,185,15,118,92,14,19,20,173,8,123,24,25,131,27,28,170,106,130,198,147,34,16,55,66,38,39,132,174,101,6,44,45,183,119,21,49,50,51,74,53,85,36,56,46,77,79,184,32,158,63,52,129,124,67,18,69,156,71,2,111,89,4,29,114,78,81,62,61,82,83,157,54,5,87,88,11,90,91,138,189,58,109,195,97,143,99,84,134,102,100,65,96,117,187,108,98,110,165,112,113,188,26,116,35,30,120,178,47,122,151,160,125,126,127,176,0,190,140,40,139,105,135,23,137,179,121,182,95,13,33,75,133,103,172,148,149,3,1,152,86,153,144,70,68,80,159,162,161,37,94,164,73,166,17,168,169,76,171,93,9,163,175,128,177,145,136,180,181,22,12,43,59,48,104,196,141,193,191,64,154,194,115,41,197,146,107,];False
5442;9536;14978;[199,72,167,150,4,57,60,7,186,42,10,192,31,142,185,15,118,92,14,19,20,173,8,123,24,25,131,27,28,170,106,130,198,147,34,16,55,66,38,39,132,174,101,6,44,45,183,119,21,49,50,51,74,53,85,36,56,46,77,79,184,32,158,63,52,129,124,67,18,69,156,71,2,111,89,155,29,114,78,81,80,61,82,83,157,54,5,87,88,11,90,91,138,189,58,109,195,97,143,99,84,134,102,100,65,96,117,187,108,98,110,165,112,113,188,26,116,35,30,145,178,47,122,151,160,125,126,127,176,0,190,140,40,139,105,135,23,137,179,121,182,95,13,33,75,133,103,172,148,149,3,1,152,86,153,144,70,68,62,159,162,161,37,94,164,73,166,17,168,169,76,171,93,9,163,175,128,177,120,136,180,181,22,12,43,59,48,104,196,141,193,191,64,154,194,115,41,197,146,107,];False
5419;9555;14974;[199,72,78,150,155,57,60,7,186,192,10,42,31,61,185,15,118,190,14,19,20,173,8,123,24,25,131,27,28,170,106,130,198,147,34,16,55,66,38,39,132,174,90,6,44,45,183,119,21,49,50,51,77,53,85,36,182,46,74,79,184,32,158,63,52,129,124,67,18,69,156,71,2,111,89,180,29,114,167,81,80,142,82,83,157,54,5,87,88,11,101,91,138,189,58,109,195,97,143,99,84,134,102,100,65,96,117,187,108,98,110,165,112,113,188,26,116,35,30,120,178,47,122,151,160,125,126,127,176,0,92,140,40,139,105,135,23,13,179,121,56,95,137,33,75,133,103,172,148,149,3,1,152,86,153,144,70,68,62,159,162,161,37,94,164,73,166,17,168,169,76,171,93,9,163,175,128,177,145,136,4,181,22,12,43,59,48,104,196,141,193,191,64,154,194,115,41,197,146,107,];False
5422;9552;14974;[199,72,167,150,155,57,60,7,186,192,10,42,31,142,185,15,118,92,14,19,20,173,8,123,24,25,131,27,28,170,106,130,198,147,34,16,55,66,38,39,132,174,101,6,44,45,183,119,21,49,50,51,77,53,85,36,56,46,74,79,184,32,158,63,52,129,124,67,18,69,156,71,2,111,89,4,29,114,78,81,80,61,82,83,157,54,5,87,88,11,90,91,138,189,58,109,195,97,143,99,84,134,102,100,65,96,117,187,108,98,110,165,112,113,188,26,116,35,30,120,178,47,122,151,160,125,126,127,103,0,190,140,40,139,105,135,23,137,179,121,182,95,13,33,75,133,176,172,148,149,3,1,152,86,153,144,70,68,62,159,162,161,37,94,164,73,166,17,168,169,76,171,93,9,163,175,128,177,145,136,180,181,22,12,43,59,48,104,196,141,193,191,64,154,194,115,41,197,146,107,];False
5485;9488;14973;[199,72,167,150,155,57,60,7,186,192,10,42,31,142,185,15,118,92,14,19,20,173,8,123,24,25,131,27,28,170,106,130,198,147,34,16,55,66,38,39,132,174,101,6,44,45,183,119,21,49,50,36,74,53,85,51,56,46,77,79,184,32,158,63,52,129,124,67,18,69,156,71,2,111,89,4,29,114,78,81,80,61,82,83,157,54,5,87,88,11,90,91,138,189,58,109,195,97,143,99,84,134,102,100,65,96,117,187,108,98,110,165,112,113,188,26,116,35,30,120,178,47,122,151,160,125,126,127,176,0,190,140,40,139,105,135,23,137,179,121,182,95,13,33,75,133,103,172,148,149,3,1,152,86,153,144,70,68,62,159,162,161,37,94,164,73,166,17,168,169,76,171,93,9,163,175,128,177,145,136,180,181,22,12,43,59,48,104,196,141,193,191,64,154,194,115,41,197,146,107,];False
5428;9545;14973;[199,72,167,150,155,57,60,7,186,192,10,42,31,142,185,15,118,92,14,19,20,173,8,123,24,25,131,27,28,170,106,130,198,147,34,16,55,66,38,39,132,174,101,6,44,45,183,119,21,49,50,51,77,53,85,36,56,46,74,79,184,32,158,63,52,129,124,67,18,69,156,71,2,111,89,4,29,114,78,81,80,61,82,83,157,54,5,87,88,11,90,91,138,189,58,109,195,97,143,99,84,134,102,100,65,96,117,187,108,98,110,165,112,113,188,26,116,35,30,120,178,47,122,151,160,125,41,127,176,0,190,140,40,139,105,135,23,137,179,121,182,95,13,33,75,133,103,172,148,149,3,1,152,86,153,144,70,68,62,159,162,161,37,94,164,73,166,17,168,169,76,171,93,9,163,175,128,177,145,136,180,181,22,12,43,59,48,104,196,141,193,191,64,154,194,115,126,197,146,107,];False
5483;9488;14971;[199,144,167,150,155,57,60,7,186,192,10,42,31,142,185,15,118,92,14,19,20,173,8,123,24,25,131,27,28,170,106,130,198,147,34,16,55,66,38,39,132,174,101,6,44,45,183,119,21,49,50,51,74,53,85,36,56,46,77,79,184,32,158,63,52,129,124,67,18,69,156,71,2,111,89,4,29,114,78,81,80,61,82,83,157,54,5,87,88,11,90,91,138,189,58,109,195,97,143,99,84,134,102,100,65,96,117,187,108,98,110,165,112,113,188,26,116,35,30,120,178,47,122,151,160,125,126,127,176,0,190,140,40,139,105,135,23,137,179,121,182,95,13,33,75,133,103,172,148,149,3,1,152,86,153,72,70,68,62,159,162,161,37,94,164,73,166,17,168,169,76,171,93,9,163,175,128,177,145,136,180,181,22,12,43,59,48,104,196,141,193,191,64,154,194,115,41,197,146,107,];False
5411;9560;14971;[199,72,167,150,155,57,60,7,186,192,10,42,31,142,185,15,118,92,14,19,20,173,8,123,24,25,131,27,28,170,106,130,198,147,34,16,55,66,38,39,132,174,101,6,44,45,183,119,21,49,50,51,77,53,85,36,56,46,74,79,184,32,158,63,52,129,124,67,18,69,156,71,2,111,89,4,29,114,78,81,80,61,82,83,157,54,5,87,88,11,90,91,138,189,58,109,195,97,180,99,84,134,102,100,65,96,117,187,108,98,110,165,112,113,188,26,116,35,30,120,178,47,122,151,160,125,126,127,176,0,190,140,40,139,105,135,23,137,179,121,182,95,13,33,75,133,103,172,148,149,3,1,152,86,153,144,70,68,62,159,162,161,37,94,164,73,166,17,168,169,76,171,93,9,163,175,128,177,145,136,143,181,22,12,43,59,48,104,196,141,193,191,64,154,194,115,41,197,146,107,];False
5402;9566;14968;[199,72,167,150,155,57,60,7,186,192,10,42,31,142,185,15,118,92,14,19,20,173,8,123,24,25,131,27,28,170,106,130,198,147,34,16,55,66,38,39,132,190,101,6,44,45,183,119,21,49,50,51,77,53,85,36,56,46,74,79,184,32,158,63,52,129,124,67,18,69,156,71,2,111,89,4,29,114,78,81,80,61,82,83,157,54,5,87,88,11,90,91,138,189,58,109,195,97,143,99,84,134,102,100,65,96,117,187,108,98,110,165,112,113,188,26,116,35,30,120,178,47,122,151,160,125,126,127,176,0,174,140,40,139,105,135,23,137,179,121,182,95,13,33,75,133,103,172,148,149,3,1,152,86,153,144,70,68,62,159,162,161,37,94,164,73,166,17,168,169,76,171,93,9,163,175,128,177,145,136,180,181,22,12,43,59,48,104,196,141,193,191,64,154,194,115,41,197,146,107,];False
5383;9585;14968;[199,72,167,150,155,57,60,7,186,192,10,42,31,142,185,15,118,92,14,19,20,173,8,123,24,25,131,27,28,170,106,130,198,147,34,16,55,66,38,39,132,174,101,6,44,45,183,119,21,49,135,51,77,53,85,36,182,46,74,79,184,32,158,63,52,129,124,67,18,69,156,71,2,111,89,180,29,114,78,81,80,61,82,83,157,54,5,87,88,11,90,91,138,189,58,109,195,97,143,99,84,134,102,100,65,96,117,187,108,98,110,165,112,113,188,26,116,35,30,120,178,47,122,151,160,125,126,127,176,0,190,140,40,139,105,50,23,13,179,121,56,95,137,33,75,133,103,172,148,149,3,1,152,86,153,144,70,68,62,159,162,161,37,94,164,73,166,17,168,169,76,171,93,9,163,175,128,177,145,136,4,181,22,12,43,59,48,104,196,141,193,191,64,154,194,115,41,197,146,107,];False
5396;9568;14964;[199,72,78,150,155,57,60,7,186,192,10,42,31,61,185,15,118,92,14,19,20,173,8,123,24,25,131,27,28,170,106,130,198,147,34,16,151,66,38,39,132,174,90,6,44,45,183,119,21,49,50,51,77,53,85,36,182,46,74,79,184,32,158,63,52,129,124,67,18,69,156,71,2,111,89,180,29,114,167,81,80,142,82,83,157,54,5,87,88,11,101,91,138,189,58,109,195,97,143,99,84,134,102,100,65,96,117,187,108,98,110,165,112,113,188,26,116,35,30,120,178,47,122,55,160,125,126,127,176,0,190,140,40,139,105,135,23,13,179,121,56,95,137,33,75,133,103,172,148,149,3,1,152,86,153,144,70,68,62,159,162,161,37,94,164,73,166,17,168,169,76,171,93,9,163,175,128,177,145,136,4,181,22,12,43,59,48,104,196,141,193,191,64,154,194,115,41,197,146,107,];False
5475;9489;14964;[199,72,167,150,155,57,60,7,186,192,10,42,31,142,185,15,118,92,14,19,20,173,8,123,24,25,131,27,28,170,106,130,198,147,34,16,184,66,38,39,132,174,101,6,44,45,183,119,21,49,50,51,74,53,85,36,56,46,77,79,55,32,158,63,52,129,124,67,18,69,156,71,2,111,89,4,29,114,78,81,80,61,82,83,157,54,5,87,88,11,90,91,138,189,58,109,195,97,143,99,84,134,102,100,65,96,117,187,108,98,110,165,112,113,188,26,116,35,30,120,178,47,122,151,160,125,126,127,176,0,190,140,40,139,105,135,23,137,179,121,182,95,13,33,75,133,103,172,148,149,3,1,152,86,153,144,70,68,62,159,162,161,37,94,164,73,166,17,168,169,76,171,93,9,163,175,128,177,145,136,180,181,22,12,43,59,48,104,196,141,193,191,64,154,194,115,41,197,146,107,];False
5493;9470;14963;[199,72,167,150,155,57,60,7,186,42,10,192,31,142,185,15,118,92,14,19,20,173,8,123,24,25,131,27,28,170,106,130,198,147,34,16,169,66,38,39,132,174,101,6,44,45,183,119,21,49,50,51,74,53,85,36,56,46,77,79,184,32,158,63,52,129,124,67,18,69,156,71,2,111,89,4,29,114,78,81,80,61,82,83,157,54,5,87,88,11,90,91,138,189,58,109,195,97,143,99,84,134,102,100,65,96,117,187,108,98,110,165,112,113,188,26,116,35,30,120,178,47,122,151,160,125,126,127,176,0,190,140,40,139,105,135,23,137,179,121,182,95,13,33,75,133,103,172,148,149,3,1,152,86,153,144,70,68,62,159,162,161,37,94,164,73,166,17,168,55,76,171,93,9,163,175,128,177,145,136,180,181,22,12,43,59,48,104,196,141,193,191,64,154,194,115,41,197,146,107,];False
5455;9507;14962;[199,72,167,150,155,57,60,7,186,192,10,15,31,142,185,42,118,92,14,19,20,173,8,123,24,25,131,27,28,170,106,130,198,147,34,16,55,66,38,39,132,174,101,6,44,45,183,119,21,49,50,51,77,53,85,36,56,46,74,79,184,32,158,63,52,129,124,67,18,69,156,71,2,111,89,4,29,114,78,81,80,61,82,83,157,54,5,87,88,11,90,91,138,189,58,109,195,97,143,99,84,134,102,100,65,96,117,187,108,98,110,165,112,113,188,26,116,35,30,120,178,47,122,151,160,125,126,127,176,0,190,140,40,139,105,135,23,137,179,121,182,95,13,33,75,133,103,172,148,149,3,1,152,86,153,144,70,68,62,159,162,161,37,94,164,73,166,17,168,169,76,171,93,9,163,175,128,177,145,136,180,181,22,12,43,59,48,104,196,141,193,191,64,154,194,115,41,197,146,107,];False
5398;9561;14959;[199,72,167,150,155,57,60,7,186,192,10,42,31,142,185,15,118,92,14,19,20,173,8,123,24,25,131,27,28,170,106,130,198,147,34,16,55,66,38,39,132,174,101,6,44,45,183,119,21,113,50,51,77,53,85,36,56,46,74,79,184,32,158,63,52,129,124,67,18,69,156,71,2,111,89,4,29,114,78,81,80,61,82,83,157,54,5,87,88,11,90,91,138,189,58,109,195,97,143,99,84,134,102,100,65,96,117,187,108,98,110,165,112,49,188,26,116,35,30,120,178,47,122,151,160,125,126,127,176,0,190,140,40,139,105,135,23,137,179,121,182,95,13,33,75,133,103,172,148,149,3,1,152,86,153,144,70,68,62,159,162,161,37,94,164,73,166,17,168,169,76,171,93,9,163,175,128,177,145,136,180,181,22,12,43,59,48,104,196,141,193,191,64,154,194,115,41,197,146,107,];False
5483;9476;14959;[199,72,167,150,155,57,60,7,186,192,10,42,31,142,185,15,118,92,14,19,20,173,8,123,196,25,131,27,28,170,106,130,198,147,34,16,55,66,38,39,132,174,101,6,44,45,183,119,21,49,50,51,74,53,85,36,56,46,77,79,184,32,158,63,52,129,124,67,18,69,156,71,2,111,89,4,29,114,78,81,80,61,82,83,157,54,5,87,88,11,90,91,138,189,58,109,195,97,143,99,84,134,102,100,65,96,117,187,108,98,110,165,112,113,188,26,116,35,30,120,178,47,122,151,160,125,126,127,176,0,190,140,40,139,105,135,23,137,179,121,182,95,13,33,75,133,103,172,148,149,3,1,152,86,153,144,70,68,62,159,162,161,37,94,164,73,166,17,168,169,76,171,93,9,163,175,128,177,145,136,180,181,22,12,43,59,48,104,24,141,193,191,64,154,194,115,41,197,146,107,];False
5506;9447;14953;[199,72,167,150,155,57,60,7,186,42,10,192,31,142,185,15,118,92,14,19,20,173,8,123,24,25,131,27,28,170,106,130,198,147,34,16,55,66,38,39,132,174,101,6,44,45,183,119,21,49,50,51,74,53,85,36,56,46,77,79,184,32,158,63,52,129,124,67,18,69,156,71,2,111,89,4,29,114,78,81,80,61,82,83,157,35,5,87,88,11,90,91,138,189,58,109,195,97,143,99,84,134,102,100,65,96,117,187,108,98,110,165,112,113,188,26,116,54,30,120,178,47,122,151,160,125,126,127,176,0,190,140,40,139,105,135,23,137,179,121,182,95,13,33,75,133,103,172,148,149,3,1,152,86,153,144,70,68,62,159,162,161,37,94,164,73,166,17,168,169,76,171,93,9,163,175,128,177,145,136,180,181,22,12,43,59,48,104,196,141,193,191,64,154,194,115,41,197,146,107,];False
5340;9611;14951;[199,72,167,150,155,57,60,7,186,192,10,42,31,142,185,15,118,92,14,19,20,173,8,123,24,25,131,27,28,170,106,130,198,147,34,16,116,66,38,39,132,174,101,6,44,45,183,119,21,49,50,51,77,53,85,36,182,46,74,79,184,32,158,63,52,129,124,67,18,69,156,71,2,111,89,180,29,114,78,81,80,61,82,83,157,54,5,87,88,11,90,91,138,189,58,109,195,97,143,99,84,134,102,100,65,96,117,187,108,98,110,165,112,113,188,26,55,35,30,120,178,47,122,151,160,125,126,127,176,0,190,140,40,139,105,135,23,13,179,121,56,95,137,33,75,133,103,172,148,149,3,1,152,86,153,144,70,68,62,159,162,161,37,94,164,73,166,17,168,169,76,171,93,9,163,175,128,177,145,136,4,181,22,12,43,59,48,104,196,141,193,191,64,154,194,115,41,197,146,107,];False
5451;9498;14949;[199,72,167,150,155,57,60,7,186,192,10,42,31,142,185,15,118,92,14,19,20,173,8,123,24,25,131,27,28,170,106,130,198,147,34,16,55,66,38,39,132,174,101,6,44,45,183,119,21,49,50,51,74,53,85,36,56,46,77,79,184,32,158,63,52,129,124,67,18,69,156,71,2,111,89,4,29,114,78,81,80,61,82,83,157,54,5,87,88,11,90,91,138,189,58,109,195,84,143,99,97,134,102,100,65,96,117,187,108,98,110,165,112,113,188,26,116,35,30,120,178,47,122,151,160,125,126,127,176,0,190,140,40,139,105,135,23,137,179,121,182,95,13,33,75,133,103,172,148,149,3,1,152,86,153,144,70,68,62,159,162,161,37,94,164,73,166,17,168,169,76,171,93,9,163,175,128,177,145,136,180,181,22,12,43,59,48,104,196,141,193,191,64,154,194,115,41,197,146,107,];False
5397;9548;14945;[199,72,78,150,155,57,60,7,186,192,10,42,31,61,185,15,118,92,14,19,20,173,8,123,24,25,131,27,28,170,106,130,198,147,34,16,55,66,38,39,132,174,90,6,44,45,183,119,21,49,50,51,77,53,85,36,182,46,74,79,184,32,158,63,52,129,124,67,18,69,156,71,2,111,89,180,29,114,167,81,80,142,82,83,157,54,5,87,88,11,101,91,138,189,58,109,195,97,120,99,84,134,102,100,65,96,117,187,108,98,110,165,112,113,188,26,116,35,30,143,178,47,122,151,160,125,126,127,176,0,190,140,40,139,105,135,23,13,179,121,56,95,137,33,75,133,103,172,148,149,3,1,152,86,153,144,70,68,62,159,162,161,37,94,164,73,166,17,168,169,76,171,93,9,163,175,128,177,145,136,4,181,22,12,43,59,48,104,196,141,193,191,64,154,194,115,41,197,146,107,];False
5461;9483;14944;[199,72,167,150,155,57,60,7,186,192,10,42,31,142,185,15,118,92,14,19,20,173,8,123,24,25,131,27,28,170,106,130,198,147,34,16,55,66,38,39,132,174,101,6,44,45,183,119,21,49,50,51,74,53,85,36,56,46,77,79,184,32,158,63,52,129,124,67,18,69,156,71,2,111,89,4,29,114,78,81,80,61,82,83,157,54,5,87,88,11,90,91,138,189,58,109,195,97,143,99,84,134,102,100,65,96,117,187,108,98,110,165,112,113,188,26,116,35,30,120,178,47,122,151,160,125,126,127,176,0,190,140,40,139,105,135,23,137,179,121,133,95,13,33,75,182,103,172,148,149,3,1,152,86,153,144,70,68,62,159,162,161,37,94,164,73,166,17,168,169,76,171,93,9,163,175,128,177,145,136,180,181,22,12,43,59,48,104,196,141,193,191,64,154,194,115,41,197,146,107,];False
5452;9492;14944;[199,72,167,150,155,57,60,7,186,192,10,42,31,142,185,15,118,92,14,19,20,173,8,123,24,25,131,27,28,170,106,130,198,147,34,16,55,66,38,39,132,174,101,6,44,45,183,119,21,49,50,51,77,53,85,36,56,46,74,79,184,32,176,63,52,129,124,67,18,69,156,71,2,111,89,4,29,114,78,81,80,61,82,83,157,54,5,87,88,11,90,91,138,189,58,109,195,97,143,99,84,134,102,100,65,96,117,187,108,98,110,165,112,113,188,26,116,35,30,120,178,47,122,151,160,125,126,127,158,0,190,140,40,139,105,135,23,137,179,121,182,95,13,33,75,133,103,172,148,149,3,1,152,86,153,144,70,68,62,159,162,161,37,94,164,73,166,17,168,169,76,171,93,9,163,175,128,177,145,136,180,181,22,12,43,59,48,104,196,141,193,191,64,154,194,115,41,197,146,107,];False
5454;9490;14944;[199,72,167,150,155,57,60,190,186,42,10,192,31,142,185,15,118,92,14,19,20,173,8,123,24,25,131,27,28,170,106,130,198,147,34,16,55,66,38,39,132,174,101,6,44,45,183,119,21,49,50,51,74,53,85,36,56,46,77,79,184,32,158,63,52,129,124,67,18,69,156,71,2,111,89,4,29,114,78,81,80,61,82,83,157,54,5,87,88,11,90,91,138,189,58,109,195,97,143,99,84,134,102,100,65,96,117,187,108,98,110,165,112,113,188,26,116,35,30,120,178,47,122,151,160,125,126,127,176,0,7,140,40,139,105,135,23,137,179,121,182,95,13,33,75,133,103,172,148,149,3,1,152,86,153,144,70,68,62,159,162,161,37,94,164,73,166,17,168,169,76,171,93,9,163,175,128,177,145,136,180,181,22,12,43,59,48,104,196,141,193,191,64,154,194,115,41,197,146,107,];False
5404;9536;14940;[199,72,78,150,155,57,60,7,186,192,10,42,31,142,185,15,118,92,14,19,20,173,8,123,24,159,131,27,28,170,106,130,198,147,34,16,55,66,38,39,132,174,90,6,44,45,183,119,21,49,50,51,77,53,85,36,182,46,74,79,184,32,158,63,52,129,124,67,18,69,156,71,2,111,89,180,29,114,167,81,80,61,82,83,157,54,5,87,88,11,101,91,138,189,58,109,195,97,143,99,84,134,102,100,65,96,117,187,108,98,110,165,112,113,188,26,116,35,30,120,178,47,122,151,160,125,126,127,176,0,190,140,40,139,105,135,23,13,179,121,56,95,137,33,75,133,103,172,148,149,3,1,152,86,153,144,70,68,62,25,162,161,37,94,164,73,166,17,168,169,76,171,93,9,163,175,128,177,145,136,4,181,22,12,43,59,48,104,196,141,193,191,64,154,194,115,41,197,146,107,];False
5360;9579;14939;[199,72,167,150,155,57,60,7,186,192,10,42,31,142,185,15,118,92,14,19,20,173,8,123,24,25,131,27,28,170,106,130,198,147,34,16,55,66,38,39,132,174,101,6,44,45,183,119,21,49,50,51,77,53,85,36,56,46,74,79,184,32,158,63,52,129,124,67,18,69,156,71,2,111,89,4,29,114,78,81,80,61,82,83,157,54,5,87,88,11,90,91,138,189,58,109,195,97,143,99,84,134,102,100,65,96,117,187,191,98,110,165,112,113,188,26,116,35,30,120,178,47,122,151,160,125,126,127,176,0,190,140,40,139,105,135,23,137,179,121,182,95,13,33,75,133,103,172,148,149,3,1,152,86,153,144,70,68,62,159,162,161,37,94,164,73,166,17,168,169,76,171,93,9,163,175,128,177,145,136,180,181,22,12,43,59,48,104,196,141,193,108,64,154,194,115,41,197,146,107,];False
5491;9444;14935;[199,72,167,150,155,57,60,7,186,192,10,42,31,142,185,15,118,92,14,19,20,173,8,123,24,82,131,27,28,170,106,130,198,147,34,16,55,66,38,39,132,174,101,6,44,45,183,119,21,49,50,51,74,53,85,36,56,46,77,79,184,32,158,63,52,129,124,67,18,69,156,71,2,111,89,4,29,114,78,81,80,61,25,83,157,54,5,87,88,11,90,91,138,189,58,109,195,97,143,99,84,134,102,100,65,96,117,187,108,98,110,165,112,113,188,26,116,35,30,120,178,47,122,151,160,125,126,127,176,0,190,140,40,139,105,135,23,137,179,121,182,95,13,33,75,133,103,172,148,149,3,1,152,86,153,144,70,68,62,159,162,161,37,94,164,73,166,17,168,169,76,171,93,9,163,175,128,177,145,136,180,181,22,12,43,59,48,104,196,141,193,191,64,154,194,115,41,197,146,107,];False
5376;9554;14930;[199,72,78,150,155,57,60,7,186,192,10,42,31,142,185,15,118,92,14,19,20,173,8,123,24,25,131,27,28,170,106,130,198,147,34,41,55,66,38,39,132,174,90,6,44,45,183,119,21,49,50,51,77,53,85,36,182,46,74,79,184,32,158,63,52,129,124,67,18,69,156,71,2,111,89,180,29,114,167,81,80,61,82,83,157,54,5,87,88,11,101,91,138,189,58,109,195,97,143,99,84,134,102,100,65,96,117,187,108,98,110,165,112,113,188,26,116,35,30,120,178,47,122,151,160,125,126,127,176,0,190,140,40,139,105,135,23,13,179,121,56,95,137,33,75,133,103,172,148,149,3,1,152,86,153,144,70,68,62,159,162,161,37,94,164,73,166,17,168,169,76,171,93,9,163,175,128,177,145,136,4,181,22,12,43,59,48,104,196,141,193,191,64,154,194,115,16,197,146,107,];False
5374;9554;14928;[199,72,78,150,155,57,60,7,186,192,10,42,31,61,185,15,118,92,14,19,20,173,8,123,24,25,131,27,28,170,106,130,198,147,34,16,55,66,38,39,132,174,90,6,44,45,183,119,21,49,50,51,77,53,85,36,182,46,74,79,184,32,158,63,52,129,124,67,18,69,156,71,2,111,89,180,29,114,167,81,80,142,82,83,157,54,5,87,88,11,101,91,138,189,58,109,195,97,143,99,84,134,102,100,65,96,117,187,108,98,110,165,112,113,188,26,116,35,30,120,178,47,122,151,160,125,126,127,23,0,190,140,40,139,105,135,176,13,179,121,56,95,137,33,75,133,103,172,148,149,3,1,152,86,153,144,70,68,62,159,162,161,37,94,164,73,166,17,168,169,76,171,93,9,163,175,128,177,145,136,4,181,22,12,43,59,48,104,196,141,193,191,64,154,194,115,41,197,146,107,];False
5419;9506;14925;[199,72,167,150,155,37,60,7,186,192,10,42,31,142,185,15,118,92,14,19,20,173,8,123,24,25,131,27,28,170,106,130,198,147,34,16,55,66,38,39,132,174,101,6,44,45,183,119,21,49,50,51,74,53,85,36,56,46,77,79,184,32,158,63,52,129,124,67,18,69,156,71,2,111,89,4,29,114,78,81,80,61,82,83,157,54,5,87,88,11,90,91,138,189,58,109,195,97,143,99,84,134,102,100,65,96,117,187,108,98,110,165,112,113,188,26,116,35,30,120,178,47,122,151,160,125,126,127,176,0,190,140,40,139,105,135,23,137,179,121,182,95,13,33,75,133,103,172,148,149,3,1,152,86,153,144,70,68,62,159,162,161,57,94,164,73,166,17,168,169,76,171,93,9,163,175,128,177,145,136,180,181,22,12,43,59,48,104,196,141,193,191,64,154,194,115,41,197,146,107,];False
5385;9538;14923;[199,72,78,150,155,57,60,7,186,192,10,42,31,61,185,15,118,92,14,19,20,173,8,123,24,25,131,27,28,170,106,130,198,147,34,16,55,66,38,39,132,174,90,6,44,45,183,119,21,49,50,51,77,53,85,36,182,46,74,79,184,32,158,63,52,129,124,67,18,69,156,71,2,111,89,180,29,114,167,81,80,142,82,83,157,54,5,87,88,11,101,91,138,189,58,128,195,97,143,99,84,134,102,100,65,96,117,187,108,98,110,165,112,113,188,26,116,35,30,120,178,148,122,151,160,125,126,127,176,0,190,140,40,139,105,135,23,13,179,121,56,95,137,33,75,133,103,172,47,149,3,1,152,86,153,144,70,68,62,159,162,161,37,94,164,73,166,17,168,169,76,171,93,9,163,175,109,177,145,136,4,181,22,12,43,59,48,104,196,141,193,191,64,154,194,115,41,197,146,107,];False
5449;9473;14922;[199,72,167,150,155,57,60,7,186,42,10,192,31,142,185,15,118,92,14,19,20,173,8,123,24,25,131,27,28,170,106,130,198,147,34,16,55,66,38,39,132,174,101,6,44,45,183,119,21,49,50,51,74,53,85,36,56,46,77,79,184,32,158,63,52,129,124,67,18,69,156,71,2,111,89,4,29,114,78,81,80,61,82,83,157,54,5,87,88,11,90,91,138,189,58,109,195,97,143,99,84,134,102,100,65,96,117,187,108,98,110,165,112,113,188,26,116,35,30,120,178,47,122,151,160,125,126,127,176,0,190,140,40,139,105,135,23,137,179,121,182,95,13,33,75,133,103,172,148,149,3,1,180,86,153,144,70,68,62,159,162,161,37,94,164,73,166,17,168,169,76,171,93,9,163,175,128,177,145,136,152,181,22,12,43,59,48,104,196,141,193,191,64,154,194,115,41,197,146,107,];False
5359;9563;14922;[199,72,167,150,155,57,60,7,186,192,10,42,31,142,185,15,118,92,14,19,20,173,8,123,24,25,131,27,28,170,106,130,198,147,34,16,55,66,38,39,132,174,101,6,44,45,183,119,21,49,50,51,77,53,85,36,182,46,74,79,184,32,158,63,52,129,124,67,18,69,156,71,2,111,89,180,29,80,78,81,114,61,82,83,157,54,5,87,88,11,90,91,138,189,58,109,195,97,143,99,84,134,102,100,65,96,117,187,108,98,110,165,112,113,188,26,116,35,30,120,178,47,122,151,160,125,126,127,176,0,190,140,40,139,105,135,23,13,179,121,56,95,137,33,75,133,103,172,148,149,3,1,152,86,153,144,70,68,62,159,162,161,37,94,164,73,166,17,168,169,76,171,93,9,163,175,128,177,145,136,4,181,22,12,43,59,48,104,196,141,193,191,64,154,194,115,41,197,146,107,];False
5331;9590;14921;[199,72,167,150,155,57,60,7,186,192,10,42,31,142,185,15,118,61,14,19,20,173,8,123,24,25,131,27,28,170,106,130,198,147,34,16,55,66,38,39,132,174,101,6,44,45,183,119,21,49,50,51,77,53,85,36,182,46,74,79,184,32,158,63,52,129,124,67,18,69,156,71,2,111,89,4,29,114,78,81,80,92,82,83,157,54,5,87,88,11,90,91,138,189,58,109,195,97,143,99,84,134,102,100,65,96,117,187,108,98,110,165,112,113,188,26,116,35,30,120,178,47,122,151,160,125,126,127,176,0,190,140,40,139,105,135,23,13,179,121,56,95,137,33,75,133,103,172,148,149,3,1,152,86,153,144,70,68,62,159,162,161,37,94,164,73,166,17,168,169,76,171,93,9,163,175,128,177,145,136,180,181,22,12,43,59,48,104,196,141,193,191,64,154,194,115,41,197,146,107,];False
5436;9484;14920;[120,72,167,150,155,57,60,7,186,192,10,42,31,142,185,15,118,92,14,19,20,173,8,123,24,25,131,27,28,170,106,130,198,147,34,16,55,66,38,39,132,174,101,6,44,45,183,119,21,49,50,51,74,53,85,36,56,46,77,79,184,32,158,63,52,129,124,67,18,69,156,71,2,111,89,4,29,114,78,81,80,61,82,83,157,54,5,87,88,11,90,91,138,189,58,109,195,97,143,99,84,134,102,100,65,96,117,187,108,98,110,165,112,113,188,26,116,35,30,199,178,47,122,151,160,125,126,127,176,0,190,140,40,139,105,135,23,137,179,121,182,95,13,33,75,133,103,172,148,149,3,1,152,86,153,144,70,68,62,159,162,161,37,94,164,73,166,17,168,169,76,171,93,9,163,175,128,177,145,136,180,181,22,12,43,59,48,104,196,141,193,191,64,154,194,115,41,197,146,107,];False
5374;9545;14919;[199,72,167,150,155,57,60,7,186,192,10,42,31,142,185,15,118,92,14,19,20,173,8,123,24,25,131,27,28,170,106,130,198,147,34,16,55,66,38,39,132,174,101,6,44,45,183,35,21,49,50,51,77,53,85,36,56,46,74,79,184,32,158,63,52,129,124,67,18,69,156,71,2,111,89,4,29,114,78,81,80,61,82,83,157,54,5,87,88,11,90,91,138,189,58,109,195,97,143,99,84,134,102,100,65,96,117,187,108,98,110,165,112,113,188,26,116,119,30,120,178,47,122,151,160,125,126,127,176,0,190,140,40,139,105,135,23,137,179,121,182,95,13,33,75,133,103,172,148,149,3,1,152,86,153,144,70,68,62,159,162,161,37,94,164,73,166,17,168,169,76,171,93,9,163,175,128,177,145,136,180,181,22,12,43,59,48,104,196,141,193,191,64,154,194,115,41,197,146,107,];False
5386;9532;14918;[199,72,78,150,155,57,60,7,186,192,10,42,29,142,185,15,118,92,14,19,20,173,8,123,24,25,131,27,28,170,106,130,198,147,34,16,55,66,38,39,132,174,90,6,44,45,183,119,21,49,50,51,77,53,85,36,182,46,74,79,184,32,158,63,52,129,124,67,18,69,156,71,2,111,89,180,31,114,167,81,80,61,82,83,157,54,5,87,88,11,101,91,138,189,58,109,195,97,143,99,84,134,102,100,65,96,117,187,108,98,110,165,112,113,188,26,116,35,30,120,178,47,122,151,160,125,126,127,176,0,190,140,40,139,105,135,23,13,179,121,56,95,137,33,75,133,103,172,148,149,3,1,152,86,153,144,70,68,62,159,162,161,37,94,164,73,166,17,168,169,76,171,93,9,163,175,128,177,145,136,4,181,22,12,43,59,48,104,196,141,193,191,64,154,194,115,41,197,146,107,];False
5340;9577;14917;[199,72,167,150,155,57,60,7,186,192,10,42,31,142,185,15,118,92,14,19,20,173,8,123,24,25,131,27,28,170,106,130,198,147,34,16,55,66,38,39,132,174,101,6,44,45,183,119,21,49,50,51,77,53,85,36,56,46,74,79,184,32,158,63,52,129,124,67,18,69,156,71,2,111,89,4,29,114,78,81,80,61,82,83,157,54,5,87,88,11,90,91,138,189,58,109,195,97,143,99,84,134,102,100,65,96,117,187,108,98,110,165,112,113,188,26,116,35,30,120,178,47,122,151,160,125,126,127,176,0,190,140,40,139,105,135,23,13,179,121,182,95,137,33,75,133,103,172,148,149,3,1,152,86,153,144,70,68,62,159,162,161,37,94,164,73,166,17,168,169,76,171,93,9,163,175,128,177,145,136,180,181,22,12,43,59,48,104,196,141,193,191,64,154,194,115,41,197,146,107,];False
5424;9493;14917;[199,72,167,150,4,57,60,7,186,42,10,192,31,142,185,15,118,92,14,19,20,173,8,123,24,25,131,27,28,170,106,130,198,147,34,16,55,66,38,39,132,174,101,6,44,45,183,119,21,49,50,51,74,53,85,36,56,46,77,79,184,32,158,63,52,129,124,67,18,69,156,71,2,111,89,155,29,114,78,81,80,61,82,83,157,54,5,87,88,11,90,91,138,189,58,109,195,97,143,99,84,134,102,100,65,96,117,187,108,98,110,165,112,113,188,26,116,35,30,120,178,47,122,151,160,125,126,127,176,0,190,140,40,139,105,135,23,137,179,121,182,95,13,33,75,133,103,172,148,149,3,1,152,86,153,144,70,68,62,159,162,161,37,94,164,73,166,17,168,169,76,171,93,9,163,175,128,177,145,136,180,181,22,12,43,59,48,104,196,141,193,191,64,154,194,115,41,197,146,107,];False
5398;9519;14917;[199,72,167,150,155,57,60,7,186,192,10,42,31,142,185,15,118,92,14,19,20,173,8,123,24,25,131,27,28,170,106,130,198,147,34,16,55,66,38,39,132,174,101,6,44,45,183,119,21,49,50,51,77,53,85,36,56,46,74,79,184,32,158,63,52,129,124,67,18,69,156,71,2,111,89,4,29,73,78,81,80,61,82,83,157,54,5,87,88,11,90,91,138,189,58,109,195,97,143,99,84,134,102,100,65,96,117,187,108,98,110,165,112,113,188,26,116,35,30,120,178,47,122,151,160,125,126,127,176,0,190,140,40,139,105,135,23,137,179,121,182,95,13,33,75,133,103,172,148,149,3,1,152,86,153,144,70,68,62,159,162,161,37,94,164,114,166,17,168,169,76,171,93,9,163,175,128,177,145,136,180,181,22,12,43,59,48,104,196,141,193,191,64,154,194,115,41,197,146,107,];False
5385;9531;14916;[199,72,78,150,155,57,60,7,186,192,10,42,31,61,185,15,118,92,14,19,20,173,8,123,24,25,131,27,28,170,106,130,198,147,34,16,55,66,38,39,132,174,90,6,44,45,183,119,21,49,50,51,77,53,85,36,182,46,74,79,184,32,158,63,52,129,124,67,18,69,156,71,2,111,89,180,29,114,167,81,80,142,82,83,157,54,5,87,88,11,101,91,159,189,58,109,195,97,143,99,84,134,102,100,65,96,117,187,108,98,110,165,112,113,188,26,116,35,30,120,178,47,122,151,160,125,126,127,176,0,190,140,40,139,105,135,23,13,179,121,56,95,137,33,75,133,103,172,148,149,3,1,152,86,153,144,70,68,62,138,162,161,37,94,164,73,166,17,168,169,76,171,93,9,163,175,128,177,145,136,4,181,22,12,43,59,48,104,196,141,193,191,64,154,194,115,41,197,146,107,];False
5368;9546;14914;[199,72,78,150,155,57,60,7,186,192,10,42,31,61,185,15,118,92,14,19,20,173,8,123,24,25,131,27,28,170,106,130,198,147,34,16,55,66,38,39,132,174,90,6,44,45,183,119,21,49,50,51,77,53,85,36,182,46,74,79,184,32,158,63,114,129,124,67,18,69,156,71,2,111,89,180,29,52,167,81,80,142,82,83,157,54,5,87,88,11,101,91,138,189,58,109,195,97,143,99,84,134,102,100,65,96,117,187,108,98,110,165,112,113,188,26,116,35,30,120,178,47,122,151,160,125,126,127,176,0,190,140,40,139,105,135,23,13,179,121,56,95,137,33,75,133,103,172,148,149,3,1,152,86,153,144,70,68,62,159,162,161,37,94,164,73,166,17,168,169,76,171,93,9,163,175,128,177,145,136,4,181,22,12,43,59,48,104,196,141,193,191,64,154,194,115,41,197,146,107,];False
5466;9448;14914;[199,72,167,150,155,57,60,7,186,192,10,42,31,142,185,15,118,92,14,19,20,173,8,123,24,25,131,27,28,170,106,130,198,147,34,16,55,66,38,39,132,174,101,6,44,45,183,119,21,49,50,51,74,53,85,36,56,46,77,79,184,32,158,35,52,129,124,67,18,69,156,71,2,111,89,4,29,114,78,81,80,61,82,83,157,54,5,87,88,11,90,91,138,189,58,109,195,97,143,99,84,134,102,100,65,96,117,187,108,98,110,165,112,113,188,26,116,63,30,120,178,47,122,151,160,125,126,127,176,0,190,140,40,139,105,135,23,137,179,121,182,95,13,33,75,133,103,172,148,149,3,1,152,86,153,144,70,68,62,159,162,161,37,94,164,73,166,17,168,169,76,171,93,9,163,175,128,177,145,136,180,181,22,12,43,59,48,104,196,141,193,191,64,154,194,115,41,197,146,107,];False
5452;9461;14913;[199,72,167,150,155,57,60,7,186,192,10,42,31,142,185,15,118,92,14,19,20,173,8,123,24,25,180,27,28,170,106,130,198,147,34,16,55,66,38,39,132,174,101,6,44,45,183,119,21,49,50,51,74,53,85,36,56,46,77,79,184,32,158,63,52,129,124,67,18,69,156,71,2,111,89,4,29,114,78,81,80,61,82,83,157,54,5,87,88,11,90,91,138,189,58,109,195,97,143,99,84,134,102,100,65,96,117,187,108,98,110,165,112,113,188,26,116,35,30,120,178,47,122,151,160,125,126,127,176,0,190,140,40,139,105,135,23,137,179,121,182,95,13,33,75,133,103,172,148,149,3,1,152,86,153,144,70,68,62,159,162,161,37,94,164,73,166,17,168,169,76,171,93,9,163,175,128,177,145,136,131,181,22,12,43,59,48,104,196,141,193,191,64,154,194,115,41,197,146,107,];False
5428;9482;14910;[199,72,167,150,155,57,60,7,186,42,10,192,31,142,185,15,118,92,14,19,20,173,8,123,24,25,131,27,28,170,106,130,198,147,34,16,55,66,38,39,132,174,101,6,44,45,183,119,21,49,50,51,74,53,85,36,56,46,77,79,164,32,158,63,52,129,124,67,18,69,156,71,2,111,89,4,29,114,78,81,80,61,82,83,157,54,5,87,88,11,90,91,138,189,58,109,195,97,143,99,84,134,102,100,65,96,117,187,108,98,110,165,112,113,188,26,116,35,30,120,178,47,122,151,160,125,126,127,176,0,190,140,40,139,105,135,23,137,179,121,182,95,13,33,75,133,103,172,148,149,3,1,152,86,153,144,70,68,62,159,162,161,37,94,184,73,166,17,168,169,76,171,93,9,163,175,128,177,145,136,180,181,22,12,43,59,48,104,196,141,193,191,64,154,194,115,41,197,146,107,];False
5380;9530;14910;[199,72,78,150,155,57,60,7,186,192,10,42,31,61,185,15,118,92,14,19,20,173,8,123,24,25,131,27,28,170,106,130,198,147,34,16,55,66,38,39,132,174,90,6,44,45,183,119,21,49,50,51,77,53,85,36,182,46,74,79,184,32,158,63,52,129,124,67,18,69,156,71,2,111,89,180,29,114,167,81,80,142,82,83,157,54,5,87,88,11,101,91,138,189,58,109,195,97,143,99,84,134,102,100,65,96,117,187,108,98,110,165,112,113,188,26,116,35,30,120,178,47,122,151,160,125,126,127,176,0,190,140,40,139,105,135,23,13,179,121,56,95,137,33,75,133,103,172,148,149,3,1,152,86,153,144,68,70,62,159,162,161,37,94,164,73,166,17,168,169,76,171,93,9,163,175,128,177,145,136,4,181,22,12,43,59,48,104,196,141,193,191,64,154,194,115,41,197,146,107,];False
5348;9561;14909;[199,72,78,150,155,57,60,7,186,192,10,42,31,142,185,15,118,92,14,19,20,173,8,123,24,25,131,27,28,170,106,130,198,147,34,16,55,66,38,39,132,174,90,6,44,45,183,119,21,49,50,51,77,53,85,36,182,46,74,79,184,32,158,63,52,129,124,67,18,69,156,71,2,111,89,180,29,114,167,81,80,61,82,83,157,54,5,87,88,11,101,91,138,189,58,109,195,97,143,99,84,134,102,100,65,96,117,187,108,98,110,165,112,113,188,26,116,35,30,120,178,47,122,151,160,125,126,127,176,0,190,140,40,139,105,135,23,13,179,121,56,95,137,33,145,133,103,172,148,149,3,1,152,86,153,144,70,68,62,159,162,161,37,94,164,73,166,17,168,169,76,171,93,9,163,175,128,177,75,136,4,181,22,12,43,59,48,104,196,141,193,191,64,154,194,115,41,197,146,107,];False
5432;9472;14904;[199,72,78,150,155,57,60,7,186,192,10,42,31,61,185,15,118,92,14,19,20,173,8,123,24,25,131,27,28,170,106,130,198,147,34,16,55,66,38,39,132,174,90,6,44,45,158,119,21,49,50,51,77,53,85,36,182,46,74,79,184,32,183,63,52,129,124,67,18,69,156,71,2,111,89,180,29,114,167,81,80,142,82,83,157,54,5,87,88,11,101,91,138,189,58,128,195,97,143,99,84,134,102,100,70,96,117,187,108,98,110,165,112,113,107,26,116,35,30,120,178,47,122,151,160,125,126,127,176,0,190,140,40,139,105,135,23,13,179,121,56,95,137,33,75,133,103,172,148,149,3,1,152,86,153,144,65,68,62,159,162,161,37,94,164,73,166,17,168,169,76,171,93,9,163,175,109,177,145,136,4,181,22,12,43,59,48,104,196,141,193,191,64,154,194,115,41,197,146,188,];False
5424;9479;14903;[199,72,167,150,155,57,60,7,186,42,10,192,31,142,185,15,118,92,14,19,20,173,8,123,24,25,131,27,28,170,106,130,198,147,34,16,55,66,38,39,132,174,101,6,44,45,183,119,21,49,50,51,74,53,85,36,56,46,77,79,184,32,158,63,52,129,124,67,18,69,156,71,2,111,89,4,29,114,78,81,80,61,82,83,157,54,5,87,88,11,107,91,138,189,58,109,195,97,143,99,84,134,102,100,65,96,117,187,108,98,110,165,112,113,188,26,116,35,30,120,178,47,122,151,160,125,126,127,176,0,190,140,40,139,105,135,23,137,179,121,182,95,13,33,75,133,103,172,148,149,3,1,152,86,153,144,70,68,62,159,162,161,37,94,164,73,166,17,168,169,76,171,93,9,163,175,128,177,145,136,180,181,22,12,43,59,48,104,196,141,193,191,64,154,194,115,41,197,146,90,];False
5342;9559;14901;[199,72,167,150,155,57,60,7,186,192,10,42,31,142,185,15,118,92,14,19,20,173,8,123,24,25,131,27,28,170,106,130,198,147,34,16,55,66,38,39,132,174,101,6,44,45,183,119,21,49,50,51,77,53,85,36,56,46,74,79,184,32,158,63,52,129,124,67,18,69,156,71,2,111,89,4,29,114,78,81,80,61,82,83,157,54,5,87,88,11,90,91,138,189,58,109,195,97,143,99,84,134,102,100,65,96,117,187,108,98,110,165,112,113,188,26,116,35,30,120,178,47,122,151,160,125,126,127,176,0,190,140,40,139,105,135,23,137,179,121,182,95,13,33,75,133,103,172,148,149,3,1,152,86,153,144,70,68,62,159,162,161,37,94,164,73,166,17,168,169,76,171,93,9,163,175,128,177,145,136,180,181,22,12,43,59,48,104,196,141,193,191,64,154,194,115,41,197,146,107,];False
5371;9521;14892;[199,72,78,150,155,165,60,7,186,192,10,42,31,142,185,15,118,92,14,19,20,173,8,123,24,25,131,27,28,170,106,130,198,147,34,16,55,66,38,39,132,174,90,6,44,45,183,119,21,49,50,51,77,53,85,36,182,46,74,79,184,32,158,63,52,129,124,67,18,69,156,71,2,111,89,180,29,114,167,81,80,61,82,83,157,54,5,87,88,11,101,91,138,189,58,109,195,97,143,99,84,134,102,100,65,96,117,187,108,98,110,57,112,113,188,26,116,35,30,120,178,47,122,151,160,125,126,127,176,0,190,140,40,139,105,135,23,13,179,121,56,95,137,33,75,133,103,172,148,149,3,1,152,86,153,144,70,68,62,159,162,161,37,94,164,73,166,17,168,169,76,171,93,9,163,175,128,177,145,136,4,181,22,12,43,59,48,104,196,141,193,191,64,154,194,115,41,197,146,107,];False
5374;9517;14891;[199,72,167,150,155,57,60,7,186,192,10,42,31,142,185,15,118,92,14,19,20,173,8,123,24,25,131,27,28,170,106,130,198,147,34,16,55,66,38,39,132,174,101,6,44,45,183,119,21,49,50,51,77,53,85,138,56,46,74,79,184,32,158,63,52,129,124,67,18,69,156,71,2,111,89,4,29,114,78,81,80,61,82,83,157,54,5,87,88,11,90,91,36,189,58,109,195,97,143,99,84,134,102,100,65,96,117,187,108,98,110,165,112,113,188,26,116,35,30,120,178,47,122,151,160,125,126,127,176,0,190,140,40,139,105,135,23,137,179,121,182,95,13,33,75,133,103,172,148,149,3,1,152,86,153,144,70,68,62,159,162,161,37,94,164,73,166,17,168,169,76,171,93,9,163,175,128,177,145,136,180,181,22,12,43,59,48,104,196,141,193,191,64,154,194,115,41,197,146,107,];False
5332;9558;14890;[199,72,78,150,155,57,60,7,186,192,10,42,31,61,185,15,118,92,47,19,20,173,8,123,24,25,131,27,28,170,106,130,198,147,34,16,55,66,38,39,132,174,90,6,44,45,183,119,21,49,50,51,77,53,85,36,182,46,74,79,184,32,158,63,52,129,124,67,18,69,156,71,2,111,89,180,29,114,167,81,80,142,82,83,157,54,5,87,88,11,101,91,138,189,58,109,195,97,143,99,84,134,102,100,65,96,117,187,108,98,110,165,112,113,188,26,116,35,30,120,178,14,122,151,160,125,126,127,176,0,190,140,40,139,105,135,23,13,179,121,56,95,137,33,75,133,103,172,148,149,3,1,152,86,153,144,70,68,62,159,162,161,37,94,164,73,166,17,168,169,76,171,93,9,163,175,128,177,145,136,4,181,22,12,43,59,48,104,196,141,193,191,64,154,194,115,41,197,146,107,];False
5299;9586;14885;[199,72,78,67,155,57,60,7,186,192,10,42,31,61,185,15,118,92,14,19,20,173,8,123,24,25,131,27,28,170,106,130,198,147,34,16,55,66,38,39,132,174,90,6,44,45,183,119,21,49,50,51,77,53,85,36,182,46,74,79,184,32,158,63,52,129,124,150,18,69,156,71,2,111,89,180,29,114,167,81,80,142,82,83,157,54,5,87,88,11,101,91,138,189,58,109,195,97,143,99,84,134,102,100,65,96,117,187,108,98,110,165,112,113,188,26,116,35,30,120,178,47,122,151,160,125,126,127,176,0,190,140,40,139,105,135,23,13,179,121,56,95,137,33,75,133,103,172,148,149,3,1,152,86,153,144,70,68,62,159,162,161,37,94,164,73,166,17,168,169,76,171,93,9,163,175,128,177,145,136,4,181,22,12,43,59,48,104,196,141,193,191,64,154,194,115,41,197,146,107,];False
5350;9535;14885;[199,72,78,150,155,57,60,7,186,192,10,42,31,142,185,15,118,92,14,19,20,173,8,123,24,25,131,27,28,170,106,130,136,147,34,16,55,66,38,39,132,174,90,6,44,45,183,119,21,49,50,51,77,53,85,36,182,46,74,79,184,32,158,63,52,129,124,67,18,69,156,71,2,111,89,180,29,114,167,81,80,61,82,83,157,54,5,87,88,11,101,91,138,189,58,109,195,97,143,99,84,134,102,100,65,96,117,187,108,98,110,165,112,113,188,26,116,35,30,120,178,47,122,151,160,125,126,127,176,0,190,140,40,139,105,135,23,13,179,121,56,95,137,33,75,133,103,172,148,149,3,1,152,86,153,144,70,68,62,159,162,161,37,94,164,73,166,17,168,169,76,171,93,9,163,175,128,177,145,198,4,181,22,12,43,59,48,104,196,141,193,191,64,154,194,115,41,197,146,107,];False
5346;9535;14881;[199,72,78,150,155,57,60,7,186,192,10,42,31,142,185,15,118,92,14,19,20,173,8,123,24,25,131,27,28,170,106,130,198,147,34,16,55,66,38,39,132,174,90,6,44,45,183,119,21,49,50,51,77,53,85,36,182,46,74,79,184,32,158,63,52,129,124,67,18,69,156,71,2,111,89,180,29,114,167,81,80,61,82,83,157,54,5,87,88,11,101,91,138,189,58,109,195,97,143,99,84,134,102,100,65,96,117,187,108,98,110,165,112,113,188,26,116,35,30,120,178,47,122,151,160,162,126,127,176,0,190,140,40,139,105,135,23,13,179,121,56,95,137,33,75,133,103,172,148,149,3,1,152,86,153,144,70,68,62,159,125,161,37,94,164,73,166,17,168,169,76,171,93,9,163,175,128,177,145,136,4,181,22,12,43,59,48,104,196,141,193,191,64,154,194,115,41,197,146,107,];False
5310;9571;14881;[199,72,78,150,155,57,60,7,186,192,10,42,31,61,185,15,118,92,14,19,20,173,8,123,24,25,131,27,28,170,106,130,198,147,34,16,55,66,38,39,132,174,90,6,44,45,183,119,21,49,50,51,77,53,85,36,182,46,74,79,184,32,158,63,52,129,124,67,18,69,156,71,2,111,89,180,29,114,167,81,80,142,82,83,157,54,5,87,88,11,101,91,138,189,58,109,195,97,143,99,84,134,135,100,65,96,117,187,108,98,110,165,112,113,188,26,116,35,30,120,178,47,122,151,160,125,126,127,176,0,190,140,40,139,105,102,23,13,179,121,56,95,137,33,75,133,103,172,148,149,3,1,152,86,153,144,70,68,62,159,162,161,37,94,164,73,166,17,168,169,76,171,93,9,163,175,128,177,145,136,4,181,22,12,43,59,48,104,196,141,193,191,64,154,194,115,41,197,146,107,];False
5356;9524;14880;[199,72,78,150,155,57,60,7,186,192,10,42,31,61,185,15,118,92,14,19,20,4,8,123,24,25,131,27,28,170,106,130,198,147,34,16,55,66,38,39,132,174,90,6,44,45,183,119,21,49,50,51,77,53,85,36,182,46,74,79,184,32,158,63,52,129,124,67,18,69,156,71,2,111,89,180,29,114,167,81,80,142,82,83,157,54,5,87,88,11,101,91,138,189,58,109,195,97,143,99,84,134,102,100,65,96,117,187,108,98,110,165,112,113,188,26,116,35,30,120,178,47,122,151,160,125,126,127,176,0,190,140,40,139,105,135,23,13,179,121,56,95,137,33,75,133,103,172,148,149,3,1,152,86,153,144,70,68,62,159,162,161,37,94,164,73,166,17,168,169,76,171,93,9,163,175,128,177,145,136,173,181,22,12,43,59,48,104,196,141,193,191,64,154,194,115,41,197,146,107,];False
5409;9461;14870;[199,72,167,150,155,57,60,7,186,42,10,192,31,142,185,15,118,92,14,19,20,173,8,123,24,25,131,27,28,170,106,130,198,147,34,16,55,66,38,39,132,174,101,6,44,45,183,119,21,49,50,51,74,53,85,36,56,46,77,79,184,32,158,63,52,129,124,67,18,69,156,71,2,111,89,4,29,114,78,81,80,61,82,83,157,54,5,87,88,11,90,91,138,189,58,109,195,97,143,99,84,134,102,100,65,96,117,187,108,98,110,165,112,113,188,26,116,35,30,120,178,47,122,151,160,125,126,127,176,0,190,140,40,139,105,135,23,137,179,121,182,95,13,33,75,133,103,172,148,149,3,1,152,86,153,144,70,68,164,159,162,161,37,94,62,73,166,17,168,169,76,171,93,9,163,175,128,177,145,136,180,181,22,12,43,59,48,104,196,141,193,191,64,154,194,115,41,197,146,107,];False
5372;9496;14868;[199,72,78,150,155,57,60,7,186,192,10,42,31,61,185,15,118,92,14,19,20,173,8,123,24,25,131,27,28,170,106,130,198,147,34,16,55,66,38,39,132,174,90,6,44,45,158,119,21,49,50,51,77,53,85,36,182,46,74,79,184,98,183,63,52,129,124,67,18,69,156,71,2,111,89,180,29,114,167,81,80,142,82,83,157,54,5,87,88,11,101,91,138,189,58,128,195,97,143,99,84,134,102,100,65,96,117,187,108,32,110,165,112,113,107,26,116,35,30,120,178,47,122,151,160,125,126,127,176,0,190,140,40,139,105,135,23,13,179,121,56,95,137,33,75,133,103,172,148,149,3,1,152,86,153,144,70,68,62,159,162,161,37,94,164,73,166,17,168,169,76,171,93,9,163,175,109,177,145,136,4,181,22,12,43,59,48,104,196,141,193,191,64,154,194,115,41,197,146,188,];False
5397;9470;14867;[199,72,78,150,155,57,60,7,186,192,10,42,31,61,185,15,118,92,14,19,20,173,8,123,24,25,131,27,28,170,106,130,198,147,34,16,55,66,38,39,132,174,90,6,44,45,158,119,21,49,50,51,77,53,85,36,182,46,74,79,184,32,183,63,52,129,124,67,18,69,156,71,2,111,89,180,29,114,167,81,80,142,82,83,157,54,5,87,88,11,101,91,138,189,179,128,195,97,143,99,84,134,102,100,65,96,117,187,108,98,110,165,112,113,188,26,116,35,30,120,178,47,122,151,160,125,126,127,176,0,190,140,40,139,105,135,23,13,58,121,56,95,137,33,75,133,103,172,148,149,3,1,152,86,153,144,70,68,62,159,162,161,37,94,164,73,166,17,168,169,76,171,93,9,163,175,109,177,145,136,4,181,22,12,43,59,48,104,196,141,193,191,64,154,194,115,41,197,146,107,];False
5388;9475;14863;[199,72,78,150,155,57,60,7,186,192,10,42,31,61,185,15,118,92,14,19,20,173,8,123,24,25,131,27,28,170,106,130,198,147,34,16,55,66,38,39,132,174,90,6,44,45,158,119,21,49,50,51,77,53,85,36,182,46,74,79,184,32,183,63,52,129,124,67,18,69,156,71,2,111,89,180,29,114,26,81,80,142,82,83,157,54,5,87,88,11,101,91,138,189,58,128,195,97,143,99,84,134,102,100,65,96,117,187,108,98,110,165,112,113,188,167,116,35,30,120,178,47,122,151,160,125,126,127,176,0,190,140,40,139,105,135,23,13,179,121,56,95,137,33,75,133,103,172,148,149,3,1,152,86,153,144,70,68,62,159,162,161,37,94,164,73,166,17,168,169,76,171,93,9,163,175,109,177,145,136,4,181,22,12,43,59,48,104,196,141,193,191,64,154,194,115,41,197,146,107,];False
5358;9503;14861;[199,72,78,150,155,57,60,7,186,192,10,42,31,61,185,15,118,92,14,19,20,173,8,123,24,25,131,27,28,170,106,130,198,147,34,16,55,66,38,39,132,174,90,6,44,45,158,119,21,49,50,51,77,53,85,36,182,46,74,79,184,32,183,63,52,129,124,67,18,69,156,71,2,111,89,180,29,114,167,81,80,142,82,83,157,54,5,87,88,11,101,91,138,189,58,128,195,97,143,99,84,134,102,100,65,96,136,187,108,98,110,165,112,113,107,26,116,35,30,120,178,47,122,151,160,125,126,127,176,0,190,140,40,139,105,135,23,13,179,121,56,95,137,33,75,133,103,172,148,149,3,1,152,86,153,144,70,68,62,159,162,161,37,94,164,73,166,17,168,169,76,171,93,9,163,175,109,177,145,117,4,181,22,12,43,59,48,104,196,141,193,191,64,154,194,115,41,197,146,188,];False
5312;9549;14861;[199,72,78,150,155,57,60,7,186,192,10,42,31,61,185,15,118,92,14,19,20,173,8,123,24,25,131,27,28,170,106,130,198,147,34,16,55,66,38,39,132,174,90,6,44,45,183,119,21,49,50,51,77,53,85,36,182,46,74,79,184,32,158,63,52,129,124,67,18,69,156,71,2,111,89,180,29,114,167,81,80,142,82,83,157,54,41,87,88,11,101,91,138,189,58,109,195,97,143,99,84,134,102,100,65,96,117,187,108,98,110,165,112,113,188,26,116,35,30,120,178,47,122,151,160,125,126,127,176,0,190,140,40,139,105,135,23,13,179,121,56,95,137,33,75,133,103,172,148,149,3,1,152,86,153,144,70,68,62,159,162,161,37,94,164,73,166,17,168,169,76,171,93,9,163,175,128,177,145,136,4,181,22,12,43,59,48,104,196,141,193,191,64,154,194,115,5,197,146,107,];False
5393;9468;14861;[199,72,167,150,155,57,60,7,186,42,10,192,31,142,185,15,118,92,14,19,20,173,8,123,24,25,131,27,28,170,106,130,198,147,34,16,55,66,38,39,132,174,101,6,44,45,183,119,21,49,50,51,74,53,85,36,56,46,77,79,184,32,158,63,52,129,124,67,18,69,156,71,2,111,89,4,29,114,78,81,80,61,82,83,157,54,5,87,88,11,90,91,138,189,58,109,195,97,143,99,84,134,102,100,65,96,117,187,108,98,110,165,112,113,188,26,116,35,30,120,178,47,122,151,160,125,126,127,176,0,190,140,40,139,105,135,23,137,179,121,182,95,13,33,75,133,103,172,148,149,3,1,152,86,153,144,70,68,62,159,162,161,37,94,164,73,166,17,168,169,76,171,93,9,163,175,128,177,145,136,180,181,22,12,43,59,48,104,196,141,193,191,64,154,194,115,41,197,146,107,];False
5291;9564;14855;[199,72,78,150,155,57,60,7,186,192,10,42,31,61,185,15,118,92,14,19,20,173,8,123,24,25,195,27,28,170,106,130,198,147,34,16,55,66,38,39,132,174,90,6,44,45,183,119,21,49,50,51,77,53,85,36,182,46,74,79,184,32,158,63,52,129,124,67,18,69,156,71,2,111,89,180,29,114,167,81,80,142,82,83,157,54,5,87,88,11,101,91,138,189,58,128,131,97,143,99,84,134,102,100,65,96,117,187,108,98,110,165,112,113,188,26,116,35,30,120,178,47,122,151,160,125,126,127,176,0,190,140,40,139,105,135,23,13,179,121,56,95,137,33,75,133,103,172,148,149,3,1,152,86,153,144,70,68,62,159,162,161,37,94,164,73,166,17,168,169,76,171,93,9,163,175,109,177,145,136,4,181,22,12,43,59,48,104,196,141,193,191,64,154,194,115,41,197,146,107,];False
5293;9562;14855;[199,72,78,150,155,57,60,7,186,192,10,42,31,61,185,15,118,92,14,19,20,173,8,123,24,25,131,27,28,170,106,130,198,147,34,16,55,66,38,39,132,174,90,6,44,45,183,119,21,49,50,51,77,53,85,36,182,46,74,79,184,32,158,63,52,129,124,67,18,69,156,71,2,111,89,180,29,114,167,81,80,142,82,83,157,54,5,87,88,11,101,91,138,189,58,109,195,97,143,99,84,134,102,100,65,96,117,187,108,145,110,165,112,113,188,26,116,35,30,120,178,47,122,151,160,125,126,127,176,0,190,140,40,139,105,135,23,13,179,121,56,95,137,33,75,133,103,172,148,149,3,1,152,86,153,144,70,68,62,159,162,161,37,94,164,73,166,17,168,169,76,171,93,9,163,175,128,177,98,136,4,181,22,12,43,59,48,104,196,141,193,191,64,154,194,115,41,197,146,107,];False
5285;9567;14852;[199,72,167,150,155,57,60,7,186,192,10,42,31,142,185,15,118,92,14,19,20,173,8,123,24,25,131,27,28,170,106,130,198,147,34,16,55,66,38,39,132,174,101,6,44,45,183,119,21,49,50,51,77,53,85,36,182,46,74,79,184,32,158,63,52,129,124,67,18,69,156,71,2,111,89,4,29,114,78,81,80,61,82,83,157,54,5,87,88,11,90,91,138,189,58,109,195,97,143,99,84,134,102,100,65,96,117,187,108,98,110,165,112,113,188,26,116,35,30,120,178,47,122,151,160,125,126,127,176,0,190,140,40,139,105,135,23,13,179,121,56,95,137,33,75,133,103,172,148,149,3,1,152,86,153,144,70,68,62,159,162,161,37,94,164,73,166,17,168,169,76,171,93,9,163,175,128,177,145,136,180,181,22,12,43,59,48,104,196,141,193,191,64,154,194,115,41,197,146,107,];False
5344;9505;14849;[199,72,78,150,155,57,60,7,186,192,10,42,31,61,185,15,118,92,14,19,20,173,8,123,24,25,131,27,28,170,106,130,198,147,34,16,55,66,38,39,132,174,90,6,44,45,183,154,21,49,50,51,77,53,85,36,182,46,74,79,184,32,158,63,52,129,124,67,18,69,156,71,2,111,89,180,29,114,167,81,80,142,82,83,157,54,5,87,88,11,101,91,138,189,58,109,195,97,143,99,84,134,102,100,65,96,117,187,108,98,110,165,112,113,188,26,116,35,30,120,178,47,122,151,160,125,126,127,176,0,190,140,40,139,105,135,23,13,179,121,56,95,137,33,75,133,103,172,148,149,3,1,152,86,153,144,70,68,62,159,162,161,37,94,164,73,166,17,168,169,76,171,93,9,163,175,128,177,145,136,4,181,22,12,43,59,48,104,196,141,193,191,64,119,194,115,41,197,146,107,];False
5369;9479;14848;[199,72,167,150,155,57,60,7,186,192,10,42,31,142,185,15,118,92,14,19,20,173,8,123,24,25,131,27,28,170,106,130,198,147,34,16,55,66,38,39,132,174,101,6,44,45,183,119,21,49,50,51,74,53,85,36,56,46,77,79,184,32,158,63,52,129,124,67,18,69,156,71,2,111,89,4,29,114,78,81,80,61,82,83,157,54,5,87,88,11,90,91,138,189,58,109,195,97,143,99,84,134,102,100,65,96,117,187,108,98,110,165,112,113,188,26,116,35,30,120,178,47,122,151,160,125,126,127,176,0,190,140,40,139,105,135,23,137,179,121,182,95,13,33,75,133,103,172,148,149,3,1,152,86,153,144,70,68,62,159,162,161,37,94,164,73,166,17,168,169,76,171,93,115,163,175,128,177,145,136,180,181,22,12,43,59,48,104,196,141,193,191,64,154,194,9,41,197,146,107,];False
5325;9521;14846;[199,72,78,150,155,57,60,7,186,192,10,42,31,61,185,15,118,92,14,19,20,173,8,123,24,25,131,27,28,170,106,130,198,147,34,16,55,66,38,39,132,174,90,6,44,45,158,119,21,49,50,51,77,53,85,36,182,46,74,79,184,32,183,63,52,129,124,67,18,69,156,71,2,111,89,180,29,114,167,81,80,142,82,83,157,54,5,87,88,11,101,91,138,189,58,128,195,97,143,99,84,134,102,100,65,96,117,187,108,98,110,165,112,113,188,26,116,35,30,120,178,47,122,151,160,125,126,127,176,0,190,140,40,139,105,135,23,13,179,121,56,95,137,33,75,133,103,172,148,149,3,1,152,86,153,144,70,68,62,159,162,161,37,94,164,73,166,17,168,169,76,171,93,9,163,175,109,177,145,136,4,181,22,12,193,59,48,104,196,141,43,191,64,154,194,115,41,197,146,107,];False
5254;9590;14844;[199,72,167,150,155,57,60,7,186,192,10,42,31,142,185,15,118,92,14,19,20,173,8,123,24,25,131,27,28,170,106,130,198,147,34,16,55,66,38,39,132,174,101,6,44,45,183,119,21,49,50,51,77,53,85,36,182,46,74,79,184,32,158,63,52,129,124,67,18,69,156,71,2,111,89,180,29,114,78,81,80,61,82,83,157,54,5,87,88,11,90,91,138,189,58,109,195,97,143,99,84,134,102,100,65,96,117,187,108,98,110,165,112,113,188,26,116,35,30,120,178,47,122,151,160,125,126,127,176,0,190,140,40,139,105,135,23,13,179,121,56,95,137,33,75,133,103,172,148,149,3,1,152,86,153,144,70,68,62,159,162,161,37,94,164,73,166,17,168,169,76,171,93,9,163,175,128,177,145,136,4,181,22,12,43,59,48,104,196,141,193,191,64,154,194,115,41,197,146,107,];False
5367;9477;14844;[199,72,167,150,155,57,60,7,186,192,10,42,31,142,185,15,118,92,14,19,20,173,8,123,24,25,131,27,28,170,106,130,198,147,34,16,55,66,38,39,132,174,101,6,44,45,183,119,21,49,50,51,74,53,85,36,56,46,77,79,184,32,158,63,52,129,124,67,18,69,156,71,2,111,89,4,29,114,78,81,80,61,82,83,157,54,5,87,88,11,90,91,138,189,58,109,195,97,143,99,84,134,102,100,65,96,117,187,108,98,110,165,112,113,188,26,116,35,30,120,178,47,122,151,160,125,126,127,176,0,190,140,40,139,105,135,23,137,179,121,182,95,13,33,75,133,103,172,148,149,3,1,152,86,153,144,70,68,62,159,162,161,37,94,164,73,166,17,168,169,76,171,93,9,163,175,128,177,145,136,180,181,22,12,43,59,48,104,196,141,193,191,64,154,194,115,41,197,146,107,];False
5299;9542;14841;[199,72,78,150,155,57,60,7,186,192,10,42,31,61,185,15,118,92,14,19,20,173,8,123,24,25,131,27,28,170,106,130,198,147,34,16,55,66,38,39,132,174,90,6,44,45,183,119,21,49,50,51,77,53,85,36,182,46,74,79,184,32,158,63,52,129,124,67,18,69,156,71,2,111,89,180,29,114,167,81,80,142,82,83,157,54,5,87,88,11,101,91,138,189,58,109,195,97,143,99,84,134,161,100,65,96,117,187,108,98,110,165,112,113,188,26,116,35,30,120,178,47,122,151,160,125,126,127,176,0,190,140,40,139,105,135,23,13,179,121,56,95,137,33,75,133,103,172,148,149,3,1,152,86,153,144,70,68,62,159,162,102,37,94,164,73,166,17,168,169,76,171,93,9,163,175,128,177,145,136,4,181,22,12,43,59,48,104,196,141,193,191,64,154,194,115,41,197,146,107,];False
5295;9546;14841;[199,72,167,150,155,57,60,7,186,192,10,42,31,142,185,15,118,92,14,19,20,173,8,123,24,25,131,27,28,170,106,130,198,147,34,16,55,66,38,39,132,174,90,6,44,45,183,119,21,49,50,51,77,53,85,36,182,46,74,79,184,32,158,63,111,129,124,67,18,69,156,71,2,52,89,180,29,114,78,81,80,61,82,83,157,54,5,87,88,11,101,91,138,189,58,109,195,97,143,99,84,134,102,100,65,96,117,187,108,98,110,165,112,113,188,26,116,35,30,120,178,47,122,151,160,125,126,127,176,0,190,140,40,139,105,135,23,13,179,121,56,95,137,33,75,133,103,172,148,149,3,1,152,86,153,144,70,68,62,159,162,161,37,94,164,73,166,17,168,169,76,171,93,9,163,175,128,177,145,136,4,181,22,12,43,59,48,104,196,141,193,191,64,154,194,115,41,197,146,107,];False
5376;9463;14839;[199,72,78,150,155,57,60,7,186,192,10,42,31,61,185,15,118,92,14,19,20,173,8,123,24,25,131,27,28,170,106,130,198,147,34,16,55,66,38,39,132,174,90,6,44,45,158,119,21,49,50,51,77,53,85,36,182,46,74,79,184,32,183,63,52,129,124,67,18,69,156,71,2,111,89,180,29,114,167,81,80,142,82,83,157,54,5,87,88,11,101,91,138,189,58,128,195,97,143,99,84,134,102,100,65,96,117,187,108,98,110,165,112,113,107,26,116,35,30,120,95,47,122,151,160,125,126,127,176,0,190,140,40,139,105,135,23,13,179,121,56,178,137,33,75,133,103,172,148,149,3,1,152,86,153,144,70,68,62,159,162,161,37,94,164,73,166,17,168,169,76,171,93,9,163,175,109,177,145,136,4,181,22,12,43,59,48,104,196,141,193,191,64,154,194,115,41,197,146,188,];False
5354;9485;14839;[199,72,78,150,155,57,60,7,186,192,10,42,31,61,185,122,118,92,14,19,20,173,8,123,24,25,131,27,28,170,106,130,198,147,34,16,55,66,38,39,132,174,90,6,44,45,158,119,21,49,50,51,77,53,85,36,182,46,74,79,184,32,183,63,52,129,124,67,18,69,156,71,2,111,89,180,29,114,167,81,80,142,82,83,157,54,5,87,88,11,101,91,138,189,58,128,195,97,143,99,84,134,102,100,65,96,117,187,108,98,110,165,112,113,188,26,116,35,30,120,178,47,15,151,160,125,126,127,176,0,190,140,40,139,105,135,23,13,179,121,56,95,137,33,75,133,103,172,148,149,3,1,152,86,153,144,70,68,62,159,162,161,37,94,164,73,166,17,168,169,76,171,93,9,163,175,109,177,145,136,4,181,22,12,43,59,48,104,196,141,193,191,64,154,194,115,41,197,146,107,];False
5354;9484;14838;[199,72,78,150,155,57,60,7,186,192,10,42,31,61,185,15,118,92,14,19,20,173,8,123,24,25,131,27,28,170,106,130,198,147,34,16,55,66,38,39,132,174,90,6,44,45,158,119,21,49,50,51,77,53,85,36,182,46,74,79,184,32,183,63,52,129,124,67,114,69,156,71,2,111,89,180,29,18,167,81,80,142,82,83,157,54,5,87,88,11,101,91,138,189,58,128,195,97,143,73,84,134,102,100,65,96,117,187,108,98,110,165,112,113,107,26,116,35,30,120,178,47,122,151,160,125,126,127,176,0,190,140,40,139,105,135,23,13,179,121,56,95,137,33,75,133,103,172,148,149,3,1,152,86,153,144,70,68,62,159,162,161,37,94,164,99,166,17,168,169,76,171,93,9,163,175,109,177,145,136,4,181,22,12,43,59,48,104,196,141,193,191,64,154,194,115,41,197,146,188,];False
5364;9472;14836;[199,72,78,150,155,57,60,7,186,192,10,42,31,61,185,15,118,92,14,19,20,173,8,123,24,25,131,27,28,170,106,130,198,147,34,16,55,66,38,39,132,174,90,6,44,45,158,119,21,49,50,51,77,53,85,36,182,46,74,79,184,32,183,63,52,129,124,67,18,69,156,71,2,111,89,180,29,114,167,81,80,142,82,83,157,54,5,87,88,11,101,91,138,189,58,128,195,97,143,62,84,134,102,100,65,96,117,187,108,98,110,165,112,113,188,26,116,35,30,120,178,47,122,151,160,125,126,127,176,0,190,140,40,139,105,135,23,13,179,121,56,95,137,33,75,133,103,172,148,149,3,1,152,86,153,144,70,68,99,159,162,161,37,94,164,73,166,17,168,169,76,171,93,9,163,175,109,177,145,136,4,181,22,12,43,59,48,104,196,141,193,191,64,154,194,115,41,197,146,107,];False
5217;9616;14833;[199,72,78,150,155,57,60,7,186,192,10,42,31,61,185,15,118,92,177,19,20,173,8,123,24,25,131,27,28,170,106,130,198,147,34,16,55,66,38,39,132,174,90,6,44,45,183,119,21,49,50,51,77,53,85,36,182,46,74,79,184,32,158,63,52,129,124,67,18,69,156,71,2,111,89,180,29,114,167,81,80,142,82,83,157,54,5,87,88,11,101,91,138,189,58,109,195,97,143,99,84,134,102,100,65,96,117,187,108,98,110,165,112,113,188,26,116,35,30,120,178,47,122,151,160,125,126,127,176,0,190,140,40,139,105,135,23,13,179,121,56,95,137,33,75,133,103,172,148,149,3,1,152,86,153,144,70,68,62,159,162,161,37,94,164,73,166,17,168,169,76,171,93,9,163,175,128,14,145,136,4,181,22,12,43,59,48,104,196,141,193,191,64,154,194,115,41,197,146,107,];False
5397;9436;14833;[199,72,167,150,155,57,60,7,186,192,10,42,31,142,185,15,118,92,14,19,20,173,8,123,24,25,131,27,28,170,106,130,198,147,34,16,55,66,38,39,132,174,101,6,44,45,183,119,21,49,50,51,74,53,85,36,56,46,77,79,184,32,158,63,52,129,124,67,18,69,156,71,2,111,89,4,29,114,78,81,80,61,82,83,157,54,5,87,88,11,90,91,138,189,58,109,195,97,143,99,84,134,102,100,65,96,117,187,108,98,110,165,112,113,188,26,116,35,30,120,178,47,122,151,160,125,126,127,176,0,190,140,40,139,105,135,23,137,179,121,182,95,68,33,75,133,103,172,148,149,3,1,152,86,153,144,70,13,62,159,162,161,37,94,164,73,166,17,168,169,76,171,93,9,163,175,128,177,145,136,180,181,22,12,43,59,48,104,196,141,193,191,64,154,194,115,41,197,146,107,];False
5326;9495;14821;[199,72,78,150,155,57,60,7,186,192,10,42,31,61,185,15,118,92,14,19,20,173,8,123,24,25,131,27,28,170,106,130,198,147,34,16,55,66,38,39,132,174,90,6,44,45,158,119,21,49,50,51,77,53,85,36,182,46,74,79,184,32,183,63,52,129,124,67,18,69,156,71,2,111,89,180,29,114,167,81,80,142,82,83,157,54,5,87,88,11,101,91,138,189,58,128,195,97,143,73,84,134,102,100,65,96,117,187,108,98,110,165,112,113,107,26,116,35,30,120,178,135,122,151,160,125,126,127,176,0,190,140,40,139,105,47,23,13,179,121,56,95,137,33,75,133,103,172,148,149,3,1,152,86,153,144,70,68,62,159,162,161,37,94,164,99,166,17,168,169,76,171,93,9,163,175,109,177,145,136,4,181,22,12,43,59,48,104,196,141,193,191,64,154,194,115,41,197,146,188,];False
5296;9524;14820;[199,72,78,150,155,57,60,7,186,192,10,42,31,61,185,15,118,92,14,19,20,173,8,123,24,25,131,27,28,170,106,130,198,147,34,16,55,66,38,39,132,174,90,6,44,45,183,119,21,49,50,51,77,53,164,36,182,46,74,79,184,32,158,63,52,129,124,67,18,69,156,71,2,111,89,180,29,114,167,81,80,142,82,83,157,54,5,87,88,11,101,91,138,189,58,109,195,97,143,99,84,134,102,100,65,96,117,187,108,98,110,165,112,113,188,26,116,35,30,120,178,47,122,151,160,125,126,127,176,0,190,140,40,139,105,135,23,13,179,121,56,95,137,33,75,133,103,172,148,149,3,1,152,86,153,144,70,68,62,159,162,161,37,94,85,73,166,17,168,169,76,171,93,9,163,175,128,177,145,136,4,181,22,12,43,59,48,104,196,141,193,191,64,154,194,115,41,197,146,107,];False
5279;9538;14817;[199,72,78,150,155,57,60,7,186,192,10,42,31,61,185,15,118,92,14,19,20,173,8,123,24,25,131,27,28,170,106,130,198,147,34,16,55,66,38,39,132,174,90,6,44,45,183,119,21,49,50,51,77,53,85,36,182,46,74,79,184,32,158,63,52,129,124,67,18,69,156,71,2,111,89,180,29,114,167,81,80,142,82,83,157,54,5,87,88,11,101,91,138,189,58,109,195,97,143,99,84,134,102,100,65,96,117,187,108,98,110,165,112,113,115,26,116,35,30,120,178,47,122,151,160,125,126,127,176,0,190,140,40,139,105,135,23,13,179,121,56,95,137,33,75,133,103,172,148,149,3,1,152,86,153,144,70,68,62,159,162,161,37,94,164,73,166,17,168,169,76,171,93,9,163,175,128,177,145,136,4,181,22,12,43,59,48,104,196,141,193,191,64,154,194,188,41,197,146,107,];False
5280;9532;14812;[199,72,78,150,155,57,60,7,186,192,10,42,31,61,185,15,118,92,14,19,20,173,8,123,24,25,131,27,28,170,106,130,198,147,34,16,55,66,38,39,132,174,90,6,44,45,183,119,21,49,50,51,77,53,85,36,182,46,74,79,184,32,158,63,52,129,124,67,18,69,156,71,2,111,89,180,29,114,167,81,80,142,82,83,157,54,5,87,88,11,101,91,138,189,58,128,195,97,143,99,84,134,35,100,65,96,117,187,108,98,110,165,112,113,188,26,116,102,30,120,178,47,122,151,160,125,126,127,176,0,190,140,40,139,105,135,23,13,179,121,56,95,137,33,75,133,103,172,148,149,3,1,152,86,153,144,70,68,62,159,162,161,37,94,164,73,166,17,168,169,76,171,93,9,163,175,109,177,145,136,4,181,22,12,43,59,48,104,196,141,193,191,64,154,194,115,41,197,146,107,];False
5296;9508;14804;[199,72,78,150,155,57,60,7,186,192,10,42,31,80,185,15,118,92,14,19,20,173,8,123,24,25,131,27,28,170,106,130,198,147,34,33,55,66,38,39,132,174,63,6,44,45,158,119,124,49,50,51,77,53,85,36,182,46,74,79,184,32,183,90,52,129,21,67,18,69,156,71,2,111,89,180,29,114,167,81,61,142,82,83,157,54,5,87,88,11,101,91,138,189,58,128,195,97,143,73,84,134,102,100,65,96,117,187,108,98,110,165,112,113,107,26,116,35,30,120,178,47,122,151,160,125,126,127,176,0,190,140,40,139,105,135,23,13,179,121,56,95,137,16,75,133,103,172,148,149,3,1,152,86,153,144,70,68,62,159,162,161,37,94,164,99,166,17,168,169,76,171,177,9,163,175,109,93,145,136,4,181,22,12,43,59,48,104,196,141,193,191,64,154,194,115,41,197,146,188,];False
5233;9570;14803;[199,72,167,150,155,57,60,7,186,192,10,42,31,142,185,15,118,92,14,19,20,173,8,123,24,25,131,27,28,170,106,130,198,147,34,16,55,66,38,39,132,174,90,6,44,45,183,119,21,49,50,51,77,53,85,36,182,46,74,79,184,32,158,63,52,129,124,67,18,69,156,71,2,111,89,180,29,114,78,81,80,61,82,83,157,54,5,87,88,11,101,91,138,189,58,109,195,97,143,99,84,134,102,100,65,96,117,187,108,98,110,165,112,113,188,26,116,35,30,120,178,47,122,151,160,125,126,127,176,0,190,140,40,139,105,135,23,13,179,121,56,95,137,33,75,133,103,172,148,149,3,1,152,86,153,144,70,68,62,159,162,161,37,94,164,73,166,17,168,169,76,171,93,9,163,175,128,177,145,136,4,181,22,12,43,59,48,104,196,141,193,191,64,154,194,115,41,197,146,107,];False
5241;9561;14802;[199,72,78,150,155,57,60,7,186,192,10,42,31,142,185,15,118,92,14,19,20,173,8,123,24,25,131,27,28,170,106,130,198,147,34,16,55,66,38,39,132,174,90,6,44,45,183,119,21,49,50,51,77,53,85,36,182,46,74,79,184,32,158,63,52,129,124,67,18,69,156,71,2,111,89,180,29,114,167,81,80,61,82,83,157,54,5,87,88,11,101,91,138,189,58,109,195,97,143,99,84,134,102,100,65,96,117,187,108,98,110,165,112,113,86,26,116,35,30,120,178,47,122,151,160,125,126,127,176,0,190,140,40,139,105,135,23,13,179,121,56,95,137,33,75,133,103,172,148,149,3,1,152,188,153,144,70,68,62,159,162,161,37,94,164,73,166,17,168,169,76,171,93,9,163,175,128,177,145,136,4,181,22,12,43,59,48,104,196,141,193,191,64,154,194,115,41,197,146,107,];False
5316;9486;14802;[199,72,78,150,155,57,60,7,186,192,10,42,31,61,185,15,118,92,14,19,20,173,8,123,24,25,131,27,28,170,106,130,198,147,34,16,139,66,38,39,132,174,90,6,44,45,158,119,21,49,50,51,77,53,85,36,182,46,74,79,184,32,183,63,52,129,124,67,18,69,156,71,2,111,89,180,29,114,167,81,80,142,82,83,157,54,5,87,88,11,101,91,138,189,58,128,195,97,143,99,84,134,102,100,65,96,117,187,108,98,110,165,112,113,107,26,116,35,30,120,178,47,122,151,160,125,126,127,176,0,190,140,40,55,105,135,23,13,179,121,56,95,137,33,75,133,103,172,148,149,3,1,152,86,153,144,70,68,62,159,162,161,37,94,164,73,166,17,168,169,76,171,93,9,163,175,109,177,145,136,4,181,22,12,43,59,48,104,196,141,193,191,64,154,194,115,41,197,146,188,];False
5300;9500;14800;[199,72,78,150,155,57,60,7,186,192,10,42,31,61,185,15,118,92,14,19,20,173,8,123,24,25,131,27,28,170,106,130,198,147,34,16,55,66,38,39,132,174,90,6,44,45,158,119,21,49,50,51,77,53,85,36,182,46,74,79,184,32,183,63,52,129,124,67,18,69,156,71,2,111,89,180,29,114,167,81,80,142,82,83,157,54,5,87,88,11,101,91,138,189,58,128,195,97,143,73,84,134,102,100,65,96,117,187,108,98,110,165,112,113,107,26,116,35,30,120,178,47,122,151,159,125,126,127,176,0,190,140,40,139,105,135,23,13,179,121,56,95,137,33,75,133,103,172,148,149,3,1,152,86,153,144,70,68,62,160,162,161,37,94,164,99,166,17,168,169,76,171,93,9,163,175,109,177,145,136,4,181,22,12,43,59,48,104,196,141,193,191,64,154,194,115,41,197,146,188,];False
5322;9477;14799;[199,72,78,150,155,57,60,7,186,192,10,42,31,61,185,15,118,92,14,19,20,173,8,123,24,25,131,27,28,170,106,130,198,147,34,16,55,66,38,39,132,174,90,6,44,45,158,119,21,49,50,51,77,53,85,36,182,46,74,79,184,32,183,29,52,129,124,67,18,69,156,71,2,111,89,180,63,114,167,81,80,142,82,83,157,54,5,87,88,11,101,91,138,189,58,128,195,97,143,99,84,134,102,100,65,96,117,187,108,98,110,165,112,113,107,26,116,35,30,120,178,47,122,151,160,125,126,127,176,0,190,140,40,139,105,135,23,13,179,121,56,95,137,33,75,133,103,172,148,149,3,1,152,86,153,144,70,68,62,159,162,161,37,94,164,73,166,17,168,169,76,171,93,9,163,175,109,177,145,136,4,181,22,12,43,59,48,104,196,141,193,191,64,154,194,115,41,197,146,188,];False
5317;9478;14795;[199,72,78,150,155,57,60,7,186,192,10,42,31,61,185,15,118,92,14,19,20,173,8,123,24,25,131,27,28,170,106,130,198,147,34,16,55,66,38,39,132,174,90,6,44,45,158,119,21,49,50,51,77,53,85,36,182,46,74,79,184,32,183,63,52,129,124,67,18,69,156,71,2,111,89,180,29,114,167,81,80,142,82,83,157,54,5,87,88,11,101,91,138,189,58,128,195,97,143,73,84,134,102,100,65,96,117,187,108,98,110,165,197,113,107,26,116,35,30,120,178,47,122,151,160,125,126,127,176,0,190,140,40,139,105,135,23,13,179,121,56,95,137,33,75,133,103,172,148,149,3,1,152,86,153,144,70,68,62,159,162,161,37,94,164,99,166,17,168,169,76,171,93,9,163,175,109,177,145,136,4,181,22,12,43,59,48,104,196,141,193,191,64,154,194,115,41,112,146,188,];False
5257;9535;14792;[199,72,78,150,57,155,60,7,186,192,10,42,31,61,185,15,118,92,14,19,20,173,8,123,24,25,131,27,28,170,106,130,198,147,34,16,55,66,38,39,132,174,90,6,44,45,158,119,21,49,50,51,77,53,85,36,182,46,74,79,184,32,183,63,52,129,124,67,18,69,156,71,2,111,89,180,29,114,167,81,80,142,82,83,157,54,5,87,88,11,101,91,138,189,58,128,195,97,143,99,84,134,102,100,65,96,117,187,108,98,110,165,112,113,107,26,116,35,30,120,178,47,122,151,160,125,126,127,176,0,190,140,40,139,105,135,23,13,179,121,56,95,137,33,75,133,103,172,148,149,3,1,152,86,153,144,70,68,62,159,162,161,37,94,164,73,166,17,168,169,76,171,93,9,163,175,109,177,145,136,4,181,22,12,43,59,48,104,196,141,193,191,64,154,194,115,41,197,146,188,];False
5269;9522;14791;[199,72,78,150,155,57,60,7,186,192,10,42,31,61,185,15,118,92,14,19,20,173,8,123,24,25,131,27,28,170,106,130,198,147,34,16,55,66,38,39,132,174,63,6,44,45,158,119,124,49,50,51,77,53,85,36,182,46,74,79,184,32,183,90,52,129,21,67,18,69,156,71,2,111,89,180,29,114,167,81,197,142,82,83,157,54,5,87,88,11,101,91,138,189,58,128,195,97,143,73,84,134,102,100,65,96,117,187,108,98,110,165,112,113,107,26,116,35,30,120,178,47,122,151,160,125,126,127,176,0,190,140,40,139,105,135,23,13,179,121,56,95,137,33,75,133,103,172,148,149,3,1,152,86,153,144,70,68,62,159,162,161,37,94,164,99,166,17,168,169,76,171,93,9,163,175,109,177,145,136,4,181,22,12,43,59,48,104,196,141,193,191,64,154,194,115,41,80,146,188,];False
5234;9556;14790;[199,72,78,150,155,57,60,7,186,192,10,42,31,61,185,15,118,92,14,19,20,173,8,123,24,25,131,27,28,170,106,130,198,147,34,16,55,66,38,39,132,174,90,6,44,45,183,119,21,49,50,51,77,53,85,36,182,46,74,79,184,32,158,63,52,129,124,67,18,69,156,71,2,111,89,180,29,114,167,81,80,142,82,83,157,54,5,87,88,11,101,91,138,189,58,128,195,97,143,99,84,134,102,100,65,96,117,187,108,98,110,165,112,113,188,26,116,35,30,120,178,47,122,151,160,125,126,127,176,0,190,140,40,139,109,135,23,13,179,121,56,95,137,33,75,133,103,172,148,149,3,1,152,86,153,144,70,68,62,159,162,161,37,94,164,73,166,17,168,169,76,171,93,9,163,175,105,177,145,136,4,181,22,12,43,59,48,104,196,141,193,191,64,154,194,115,41,197,146,107,];False
5333;9457;14790;[199,72,78,150,155,57,60,7,186,192,10,42,31,61,185,15,118,92,14,19,20,24,8,123,173,25,131,27,28,170,106,130,198,147,34,16,55,66,38,39,132,174,90,6,44,45,158,119,124,49,50,51,77,53,85,36,182,46,74,79,184,32,183,63,52,129,21,67,18,69,156,71,2,111,89,180,29,114,167,81,80,142,82,83,157,54,5,87,88,11,101,91,138,189,58,128,195,97,143,73,84,134,102,100,65,96,117,187,108,98,110,165,112,113,107,26,116,35,30,120,178,47,122,151,160,125,126,127,176,0,190,140,40,139,105,135,23,13,179,121,56,95,137,33,75,133,103,172,148,149,3,1,152,86,153,144,70,68,62,159,162,161,37,94,164,99,166,17,168,169,76,171,93,9,163,175,109,177,145,136,4,181,22,12,43,59,48,104,196,141,193,191,64,154,194,115,41,197,146,188,];False
5307;9481;14788;[199,72,78,150,155,57,60,7,186,192,10,42,31,61,185,15,118,92,14,19,20,173,8,123,24,25,131,27,28,170,106,130,198,147,34,16,55,66,38,39,132,174,90,6,44,45,158,119,21,49,50,51,77,53,85,36,182,46,74,79,184,32,183,63,52,129,124,67,18,69,156,71,2,111,89,180,29,114,167,81,80,142,82,83,157,54,5,87,88,11,101,91,138,189,58,128,195,97,143,73,84,134,102,100,65,96,117,187,108,98,110,165,112,113,107,26,116,35,30,120,178,146,122,151,160,125,126,127,176,0,190,140,40,139,105,135,23,13,179,121,56,95,137,33,75,133,103,172,148,149,3,1,152,86,153,144,70,68,62,159,162,161,37,94,164,99,166,17,168,169,76,171,93,9,163,175,109,177,145,136,4,181,22,12,43,59,48,104,196,141,193,191,64,154,194,115,41,197,47,188,];False
5257;9529;14786;[199,72,78,150,155,57,60,7,186,192,10,42,31,142,185,15,118,92,14,19,20,173,8,123,24,25,131,27,28,170,106,130,198,147,34,16,55,66,38,39,132,174,90,6,44,45,75,119,21,49,50,51,77,53,85,36,182,46,74,79,184,32,158,63,52,129,124,67,18,69,156,71,2,111,89,180,29,114,167,81,80,61,82,83,157,54,5,87,88,11,101,91,138,189,58,109,195,97,143,99,84,134,102,100,65,96,117,187,108,98,110,165,112,113,188,26,116,35,30,120,178,47,122,151,160,125,126,127,176,0,190,140,40,139,105,135,23,13,179,121,56,95,137,33,183,133,103,172,148,149,3,1,152,86,153,144,70,68,62,159,162,161,37,94,164,73,166,17,168,169,76,171,93,9,163,175,128,177,145,136,4,181,22,12,43,59,48,104,196,141,193,191,64,154,194,115,41,197,146,107,];False
5310;9473;14783;[199,72,78,150,155,57,60,7,186,192,10,42,31,61,185,15,118,92,14,19,33,173,8,123,24,25,131,27,28,170,106,130,198,147,34,16,55,66,38,39,132,174,90,6,44,45,158,119,21,49,50,51,77,53,85,36,182,46,74,79,184,32,183,63,52,129,124,67,18,69,156,71,2,111,89,180,29,114,167,81,80,142,82,83,157,54,5,87,88,11,101,91,138,189,58,128,195,97,143,99,84,134,102,100,65,96,117,187,108,98,110,165,112,113,107,26,116,35,30,120,178,47,122,151,160,125,126,127,176,0,190,140,40,139,105,135,23,13,179,121,56,95,137,20,75,133,103,172,148,149,3,1,152,86,153,144,70,68,62,159,162,161,37,94,164,73,166,17,168,169,76,171,93,9,163,175,109,177,145,136,4,181,22,12,43,59,48,104,196,141,193,191,64,154,194,115,41,197,146,188,];False
5316;9464;14780;[199,72,78,150,155,57,60,7,186,192,10,42,31,61,185,15,118,92,14,19,20,173,8,123,24,25,131,27,28,170,106,130,198,147,34,16,55,66,38,39,132,174,90,6,44,45,158,119,21,49,50,51,77,53,85,36,182,46,74,79,184,32,183,63,52,129,124,67,18,69,156,71,2,111,89,180,29,114,167,81,80,142,82,83,157,54,5,87,88,11,101,91,138,189,58,128,195,97,143,73,84,134,102,100,65,96,117,187,108,98,110,165,112,113,107,26,116,35,30,120,122,47,178,151,160,125,126,127,176,0,190,140,40,139,105,135,23,13,179,121,56,95,137,33,75,133,103,172,148,149,3,1,152,86,153,144,70,68,62,159,162,161,37,94,164,99,166,17,168,169,76,171,93,9,163,175,109,177,145,136,4,181,22,12,43,59,48,104,196,141,193,191,64,154,194,115,41,197,146,188,];False
5307;9470;14777;[199,72,78,150,155,57,60,7,186,192,10,42,31,61,185,15,118,92,14,19,20,173,8,123,24,25,131,27,28,170,106,130,198,147,34,16,55,66,38,39,132,174,90,6,44,45,158,119,21,49,50,51,77,53,85,36,182,46,74,79,184,32,183,63,52,129,124,67,18,69,156,71,2,111,89,180,29,114,167,81,80,142,82,83,157,54,5,87,88,11,101,91,138,189,58,128,195,97,143,99,84,134,102,100,65,96,117,187,108,98,110,165,112,113,181,26,116,35,30,120,178,47,122,151,160,125,126,127,176,0,190,140,40,139,105,135,23,13,179,121,56,95,137,33,75,133,103,172,148,149,3,1,152,86,153,144,70,68,62,159,162,161,37,94,164,73,166,17,168,169,76,171,93,9,163,175,109,177,145,136,4,107,22,12,43,59,48,104,196,141,193,191,64,154,194,115,41,197,146,188,];False
5251;9522;14773;[199,72,78,150,155,57,60,7,186,192,10,42,31,61,185,15,118,92,14,19,20,173,8,123,24,25,131,27,28,170,106,130,198,147,34,16,55,66,38,39,132,174,90,6,44,45,183,119,21,49,50,51,77,53,85,36,182,46,74,79,184,32,158,63,52,129,124,67,18,69,156,71,2,111,89,180,29,114,167,81,80,142,82,83,157,54,5,87,88,11,101,91,138,189,58,109,195,97,143,99,84,134,102,100,65,96,117,187,108,98,110,165,112,17,188,26,116,35,30,120,178,47,122,151,160,125,126,127,176,0,190,140,40,139,105,135,23,13,179,121,56,95,137,33,75,133,103,172,148,149,3,1,152,86,153,144,70,68,62,159,162,161,37,94,164,73,166,113,168,169,76,171,93,9,163,175,128,177,145,136,4,181,22,12,43,59,48,104,196,141,193,191,64,154,194,115,41,197,146,107,];False
5296;9472;14768;[199,72,78,150,155,57,60,7,186,192,10,42,31,61,185,15,118,92,14,19,20,173,8,123,24,25,131,27,28,170,106,130,198,147,34,16,55,66,38,39,132,174,90,6,44,45,158,119,21,49,50,51,77,53,85,36,182,46,74,79,184,32,183,63,52,129,124,67,18,69,156,71,2,111,89,180,29,114,167,81,80,142,82,83,157,54,5,87,88,11,101,91,138,189,33,128,195,97,143,99,84,134,102,100,65,96,117,187,108,98,110,165,112,113,107,26,116,35,30,120,178,47,122,151,160,125,126,127,176,0,190,140,40,139,105,135,23,13,179,121,56,95,137,58,75,133,103,172,148,149,3,1,152,86,153,144,70,68,62,159,162,161,37,94,164,73,166,17,168,169,76,171,93,9,163,175,109,177,145,136,4,181,22,12,43,59,48,104,196,141,193,191,64,154,194,115,41,197,146,188,];False
5263;9504;14767;[199,72,78,150,155,57,60,7,186,192,10,42,31,61,185,15,118,92,14,19,20,173,8,123,24,25,131,27,28,170,106,130,198,147,34,16,55,66,38,39,132,174,90,6,44,45,183,119,21,49,50,51,77,53,85,36,182,46,74,79,184,32,158,63,52,129,124,67,18,69,156,71,2,111,89,180,29,114,167,81,80,142,82,83,157,54,5,87,88,11,101,91,138,189,58,109,195,97,143,107,84,134,102,100,65,96,117,187,108,98,110,165,112,113,188,26,116,35,30,120,178,47,122,151,160,125,126,127,176,0,190,140,40,139,105,135,23,13,179,121,56,95,137,33,75,133,103,172,148,149,3,1,152,86,153,144,70,68,62,159,162,161,37,94,164,73,166,17,168,169,76,171,93,9,163,175,128,177,145,136,4,181,22,12,43,59,48,104,196,141,193,191,64,154,194,115,41,197,146,99,];False
5329;9437;14766;[199,72,78,150,155,57,60,7,186,192,10,42,31,74,185,15,118,92,14,19,20,173,8,123,24,25,131,27,28,170,106,130,198,147,34,16,55,66,38,39,132,174,90,6,44,45,158,119,21,49,50,51,77,53,85,36,182,46,61,79,184,32,183,63,52,129,124,67,18,69,156,71,2,111,89,180,29,114,167,81,80,142,82,83,157,54,5,87,88,11,101,91,138,189,58,128,195,97,143,99,84,134,102,100,65,96,117,187,108,98,110,165,112,113,107,26,116,35,30,120,178,47,122,151,160,125,126,127,176,0,190,140,40,139,105,135,23,13,179,121,56,95,137,33,75,133,103,172,148,149,3,1,152,86,153,144,70,68,62,159,162,161,37,94,164,73,166,17,168,169,76,171,93,9,163,175,109,177,145,136,4,181,22,12,43,59,48,104,196,141,193,191,64,154,194,115,41,197,146,188,];False
5223;9542;14765;[199,72,78,150,155,57,60,7,186,192,10,42,31,61,185,15,118,92,14,19,20,173,8,123,24,25,131,27,28,170,106,130,198,147,34,16,55,66,38,39,132,174,90,6,44,45,183,119,21,49,50,51,77,53,85,36,182,46,74,79,184,32,158,63,52,129,124,67,18,69,156,71,2,111,89,180,29,114,167,81,80,142,82,83,157,54,5,87,88,11,101,91,138,189,58,109,195,97,143,99,84,134,102,100,65,96,117,187,108,98,110,165,112,113,188,26,116,35,30,120,178,47,122,151,160,125,126,127,176,0,190,140,40,139,105,135,23,13,179,121,56,95,137,33,75,133,103,172,148,149,3,1,152,86,153,144,70,68,62,159,162,161,37,94,164,73,166,17,168,169,76,171,93,9,163,175,128,177,145,136,4,181,22,12,43,59,48,104,196,141,193,191,64,154,194,115,41,197,146,107,];False
5229;9536;14765;[199,72,78,150,155,57,60,7,186,192,10,42,31,142,185,15,118,92,14,19,20,173,8,123,24,25,131,27,28,170,106,130,198,147,34,16,55,66,38,39,132,174,90,6,44,45,183,119,21,49,50,51,77,53,85,36,182,46,74,79,184,32,158,63,52,129,124,67,18,69,156,71,2,111,89,180,29,114,167,81,80,61,82,83,157,54,5,87,88,11,101,91,138,189,58,109,195,97,143,99,84,134,102,100,65,96,117,187,108,98,110,165,112,113,188,26,116,35,30,120,178,47,122,151,160,125,126,127,176,0,190,140,40,139,105,135,23,13,179,121,56,95,137,33,75,133,103,172,148,149,3,1,152,86,153,144,70,68,62,159,162,161,37,94,164,73,166,17,168,169,76,171,93,9,163,175,128,177,145,136,4,181,22,12,43,59,48,104,196,141,193,191,64,154,194,115,41,197,146,107,];False
5276;9488;14764;[199,72,78,150,155,57,60,7,186,192,10,42,31,61,185,15,118,92,14,19,20,173,8,123,24,25,131,27,28,170,106,130,198,147,34,16,55,66,38,39,132,174,90,6,44,45,158,119,21,49,50,51,77,53,85,36,182,46,74,79,184,32,183,63,52,129,124,67,18,69,156,71,2,111,89,180,29,114,167,81,80,142,82,83,157,54,5,87,88,11,101,91,138,189,58,128,195,97,143,99,84,134,102,100,65,96,117,187,108,98,110,165,112,113,188,26,116,35,30,120,178,47,122,151,160,125,126,127,176,0,59,140,40,139,105,135,23,13,179,121,56,95,137,33,75,133,103,172,148,149,3,1,152,86,153,144,70,68,62,159,162,161,37,94,164,73,166,17,168,169,76,171,93,9,163,175,109,177,145,136,4,181,22,12,43,190,48,104,196,141,193,191,64,154,194,115,41,197,146,107,];False
5259;9501;14760;[199,72,78,150,155,57,60,7,186,192,10,42,31,142,185,15,118,92,14,19,20,173,8,123,24,25,131,27,28,170,106,130,198,147,34,16,55,66,38,39,132,174,90,6,44,45,183,119,21,49,50,51,77,2,85,36,182,46,74,79,184,32,158,63,52,129,124,67,18,69,156,71,53,111,89,180,29,114,167,81,80,61,82,83,157,54,5,87,88,11,101,91,138,189,58,109,195,97,143,99,84,134,102,100,65,96,117,187,108,98,110,165,112,113,188,26,116,35,30,120,178,47,122,151,160,125,126,127,176,0,190,140,40,139,105,135,23,13,179,121,56,95,137,33,75,133,103,172,148,149,3,1,152,86,153,144,70,68,62,159,162,161,37,94,164,73,166,17,168,169,76,171,93,9,163,175,128,177,145,136,4,181,22,12,43,59,48,104,196,141,193,191,64,154,194,115,41,197,146,107,];False
5283;9475;14758;[199,72,78,150,155,57,60,7,186,192,10,42,31,61,185,15,118,92,14,19,20,173,8,123,24,25,131,27,28,170,106,130,198,147,34,16,55,66,164,39,132,174,90,6,44,45,158,119,21,49,50,51,77,53,85,36,182,46,74,79,184,32,183,63,52,129,124,67,18,69,156,71,2,111,89,180,29,114,167,81,80,142,82,83,157,54,5,87,88,11,101,91,138,189,58,128,195,97,143,73,84,134,102,100,65,96,117,187,108,98,110,165,112,113,107,26,116,35,30,120,178,47,122,151,160,125,126,127,176,0,190,140,40,139,105,135,23,13,179,121,56,95,137,33,75,133,103,172,148,149,3,1,152,86,153,144,70,68,62,159,162,161,37,94,38,99,166,17,168,169,76,171,93,9,163,175,109,177,145,136,4,181,22,12,43,59,48,104,196,141,193,191,64,154,194,115,41,197,146,188,];False
5278;9478;14756;[199,72,78,150,155,57,60,7,186,192,10,42,31,61,185,15,118,92,14,19,20,173,8,123,24,25,131,27,28,170,106,130,198,147,34,16,55,66,38,39,132,174,90,6,44,45,158,119,21,49,50,51,77,53,85,36,182,46,74,79,184,32,183,63,52,129,124,67,18,69,156,71,2,111,89,180,29,114,167,81,80,142,82,83,157,54,5,87,88,11,101,91,138,189,58,128,195,97,143,99,84,134,102,100,65,96,117,187,108,98,110,165,112,113,188,26,116,35,30,120,178,47,122,151,160,125,126,127,176,0,190,140,40,139,105,135,23,13,179,121,56,169,137,33,75,133,103,172,148,149,3,1,152,86,153,144,70,68,62,159,162,161,37,94,164,73,166,17,168,95,76,171,93,9,163,175,109,177,145,136,4,181,22,12,43,59,48,104,196,141,193,191,64,154,194,115,41,197,146,107,];False
5291;9463;14754;[199,72,78,150,155,57,60,7,186,192,10,42,31,61,185,15,118,92,14,19,20,173,8,123,24,25,131,27,28,170,106,130,198,147,34,16,55,66,38,39,132,174,90,6,44,45,158,119,21,49,50,51,77,53,85,36,182,169,74,79,184,32,183,63,52,129,124,67,18,69,156,71,2,111,89,180,29,114,167,81,80,142,82,83,157,54,5,87,88,11,101,91,138,189,58,128,195,97,143,73,84,134,102,100,65,96,117,187,108,98,110,165,112,113,107,26,116,35,30,120,178,47,122,151,160,125,126,127,176,0,190,140,40,139,105,135,23,13,179,121,56,95,137,33,75,133,103,172,148,149,3,1,152,86,153,144,70,68,62,159,162,161,37,94,164,99,166,17,168,46,76,171,93,9,163,175,109,177,145,136,4,181,22,12,43,59,48,104,196,141,193,191,64,154,194,115,41,197,146,188,];False
5276;9477;14753;[199,72,78,150,155,57,60,7,186,192,10,42,31,61,185,15,118,92,14,19,20,173,8,123,24,25,131,27,28,170,106,130,198,147,34,16,55,66,38,39,132,174,90,6,44,45,158,119,21,49,50,51,77,53,85,36,182,46,74,79,184,32,183,70,52,129,124,67,18,69,156,71,2,111,89,180,29,114,167,81,80,142,82,83,157,54,5,87,88,11,101,91,138,189,58,128,195,97,143,99,84,134,102,100,65,96,117,187,108,98,110,165,112,113,107,26,116,35,30,120,178,47,122,151,160,125,126,127,176,0,190,140,40,139,105,135,23,13,179,121,56,95,137,33,75,133,103,172,148,149,3,1,152,86,153,144,63,68,62,159,162,161,37,94,164,73,166,17,168,169,76,171,93,9,163,175,109,177,145,136,4,181,22,12,43,59,48,104,196,141,193,191,64,154,194,115,41,197,146,188,];False
5287;9466;14753;[199,72,78,150,155,57,60,7,186,192,10,42,31,61,185,15,118,92,14,19,20,173,8,123,24,25,131,27,28,170,106,130,198,147,34,16,55,66,38,39,132,174,90,6,44,45,158,119,21,49,50,51,77,53,85,36,182,46,74,79,184,32,183,63,52,129,124,67,18,69,156,71,2,111,89,180,29,114,167,81,80,142,82,83,157,54,5,87,88,11,101,91,138,189,58,128,195,97,143,99,84,86,102,100,65,96,117,187,108,98,110,165,112,113,107,26,116,35,30,120,178,47,122,151,160,125,126,127,176,0,190,140,40,139,105,135,23,13,179,121,56,95,137,33,75,133,103,172,148,149,3,1,152,134,153,144,70,68,62,159,162,161,37,94,164,73,166,17,168,169,76,171,93,9,163,175,109,177,145,136,4,181,22,12,43,59,48,104,196,141,193,191,64,154,194,115,41,197,146,188,];False
5209;9543;14752;[199,72,78,150,155,57,60,7,186,192,10,42,31,61,185,15,118,92,14,19,20,173,8,123,24,25,131,27,28,170,106,130,198,147,34,16,55,66,38,39,132,174,90,6,44,45,183,119,21,49,50,51,77,53,85,36,182,46,74,79,184,32,158,63,52,129,124,67,18,69,156,71,2,111,89,180,29,114,167,81,80,142,82,83,157,54,5,87,88,11,101,91,138,189,58,128,195,97,143,99,84,134,102,100,65,96,117,187,108,98,110,165,112,113,188,26,116,35,30,120,178,47,122,151,160,125,126,127,176,0,190,140,40,139,105,135,23,13,179,121,56,95,137,33,75,133,103,172,148,149,3,1,152,86,153,144,70,68,62,159,162,161,37,94,164,73,166,17,168,169,76,171,93,9,163,175,109,177,145,136,4,181,22,12,43,59,48,104,196,141,193,191,64,154,194,115,41,197,146,107,];False
5251;9500;14751;[149,72,78,150,155,57,60,7,186,192,10,42,31,61,185,15,118,92,14,19,20,173,8,123,24,25,131,27,28,170,106,130,198,147,34,16,55,66,38,39,132,174,90,6,44,45,183,119,21,49,50,51,77,53,85,36,182,46,74,79,184,32,158,63,52,129,124,67,18,69,156,71,2,111,89,180,29,114,167,81,80,142,82,83,157,54,5,87,88,11,101,91,138,189,58,109,195,97,143,99,84,134,102,100,65,96,117,187,108,98,110,165,112,113,188,26,116,35,30,120,178,47,122,151,160,125,126,127,176,0,190,140,40,139,105,135,23,13,179,121,56,95,137,33,75,133,103,172,148,199,3,1,152,86,153,144,70,68,62,159,162,161,37,94,164,73,166,17,168,169,76,171,93,9,163,175,128,177,145,136,4,181,22,12,43,59,48,104,196,141,193,191,64,154,194,115,41,197,146,107,];False
5270;9479;14749;[199,72,78,150,155,57,60,7,186,192,10,42,31,61,185,15,118,92,14,19,20,173,8,123,24,25,131,27,28,170,106,130,198,147,34,16,55,66,38,39,132,174,90,161,44,45,158,119,21,49,50,51,77,53,85,36,182,46,74,79,184,32,183,63,52,129,124,67,18,69,156,71,2,111,89,180,29,114,167,81,80,142,82,83,157,54,5,87,88,11,101,91,138,189,58,128,195,97,143,99,84,134,102,100,65,96,117,187,108,98,110,165,112,113,107,26,116,35,30,120,178,47,122,151,160,125,126,127,176,0,190,140,40,139,105,135,23,13,179,121,56,95,137,33,75,133,103,172,148,149,3,1,152,86,153,144,70,68,62,159,162,6,37,94,164,73,166,17,168,169,76,171,93,9,163,175,109,177,145,136,4,181,22,12,43,59,48,104,196,141,193,191,64,154,194,115,41,197,146,188,];False
5282;9466;14748;[199,72,78,150,155,57,60,7,186,192,10,42,31,61,185,15,118,92,14,19,20,173,8,123,24,25,131,27,28,170,106,130,198,147,34,16,55,66,38,39,132,174,90,6,44,45,158,119,21,49,50,51,77,53,85,36,182,46,74,79,184,32,183,63,52,129,124,67,18,69,156,71,2,111,89,180,29,114,167,81,80,142,82,83,157,54,5,87,88,11,101,91,138,189,58,128,195,97,143,73,84,134,102,100,65,96,117,187,108,98,110,165,112,113,107,26,116,35,30,120,178,47,122,151,160,125,126,37,176,0,190,140,40,139,105,135,23,13,179,121,56,95,137,33,75,133,103,172,148,149,3,1,152,86,153,144,70,68,62,159,162,161,127,94,164,99,166,17,168,169,76,171,93,9,163,175,109,177,145,136,4,181,22,12,43,59,48,104,196,141,193,191,64,154,194,115,41,197,146,188,];False
5258;9490;14748;[199,72,78,150,155,57,60,7,186,192,10,42,31,61,185,15,118,92,14,19,20,173,8,123,24,25,131,27,28,170,106,130,198,147,34,16,55,66,38,39,132,174,90,6,44,45,158,134,21,49,50,51,77,53,85,36,182,46,74,79,184,32,183,63,52,129,124,67,18,69,156,71,2,111,89,180,29,114,167,81,80,142,82,83,157,54,5,87,88,11,101,91,138,189,58,128,195,97,143,99,84,119,102,100,65,96,117,187,108,98,110,165,112,113,188,26,116,35,30,120,178,47,122,151,160,125,126,127,176,0,190,140,40,139,105,135,23,13,179,121,56,95,137,33,75,133,103,172,148,149,3,1,152,86,153,144,70,68,62,159,162,161,37,94,164,73,166,17,168,169,76,171,93,9,163,175,109,177,145,136,4,181,22,12,43,59,48,104,196,141,193,191,64,154,194,115,41,197,146,107,];False
5252;9495;14747;[199,72,78,150,155,57,60,7,186,192,10,42,31,61,185,15,118,92,14,19,174,173,8,123,24,25,131,27,28,170,106,130,198,147,34,16,55,66,38,39,132,20,90,6,44,45,158,119,21,49,50,51,77,53,85,36,182,46,74,79,184,32,183,63,52,129,124,67,18,69,156,71,2,111,89,180,29,114,167,81,80,142,82,83,157,54,5,87,88,11,101,91,138,189,58,128,195,97,143,99,84,134,102,100,65,96,117,187,108,98,110,165,112,113,107,26,116,35,30,120,178,47,122,151,160,125,126,127,176,0,190,140,40,139,105,135,23,13,179,121,56,95,137,33,75,133,103,172,148,149,3,1,152,86,153,144,70,68,62,159,162,161,37,94,164,73,166,17,168,169,76,171,93,9,163,175,109,177,145,136,4,181,22,12,43,59,48,104,196,141,193,191,64,154,194,115,41,197,146,188,];False
5274;9473;14747;[199,72,78,150,155,57,60,7,186,192,10,42,31,61,185,15,118,92,14,19,20,173,8,123,24,25,131,27,28,170,106,130,198,147,34,33,55,66,38,39,132,174,63,6,44,45,158,119,124,49,50,51,77,53,85,36,182,46,74,79,184,32,183,90,52,129,21,67,18,69,156,71,2,111,89,180,29,114,167,81,80,142,82,83,157,54,5,87,88,11,101,91,138,189,58,128,195,97,143,73,84,134,102,152,65,96,117,187,108,98,110,165,112,113,107,26,116,35,30,120,178,47,122,151,160,125,126,127,176,0,190,140,40,139,105,135,23,13,179,121,56,95,137,16,75,133,103,172,148,149,3,1,100,86,153,144,70,68,62,159,162,161,37,94,164,99,166,17,168,169,76,171,177,9,163,175,109,93,145,136,4,181,22,12,43,59,48,104,196,141,193,191,64,154,194,115,41,197,146,188,];False
5243;9502;14745;[199,72,78,150,155,57,60,7,186,192,10,42,31,61,185,15,118,92,14,19,20,173,8,123,24,25,131,27,28,170,106,130,198,147,34,16,51,66,38,39,132,174,63,6,44,45,158,119,124,49,50,55,77,53,85,36,182,46,74,79,184,32,183,90,52,129,21,67,18,69,156,71,2,111,89,180,29,114,167,81,80,142,82,83,157,54,5,87,88,11,101,91,138,189,58,128,195,97,143,73,84,134,102,100,65,96,117,187,108,98,110,165,112,113,107,26,116,35,30,120,178,47,122,151,160,125,126,127,176,0,190,140,40,139,105,135,23,13,179,121,56,95,137,33,75,133,103,172,148,149,3,1,152,86,153,144,70,68,62,159,162,161,37,94,164,99,166,17,168,169,76,171,93,9,163,175,109,177,145,136,4,181,22,12,43,59,48,104,196,141,193,191,64,154,194,115,41,197,146,188,];False
5387;9357;14744;[199,72,78,150,155,57,60,7,186,192,10,42,31,61,185,15,118,92,14,19,20,173,8,123,24,25,131,27,28,170,106,130,198,147,34,16,55,66,38,39,132,174,90,6,44,45,158,119,21,49,50,51,77,53,85,36,182,46,74,79,184,32,183,63,52,129,124,67,18,69,156,71,2,111,89,180,29,114,167,81,80,142,82,83,157,54,5,87,88,11,101,91,138,189,58,128,195,97,143,99,84,134,102,100,62,96,117,187,108,98,110,165,112,113,107,26,116,35,30,120,178,47,122,151,160,125,126,127,176,0,190,140,40,139,105,135,23,13,179,121,56,95,137,33,75,133,103,172,148,149,3,1,152,86,153,144,70,68,65,159,162,161,37,94,164,73,166,17,168,169,76,171,93,9,163,175,109,177,145,136,4,181,22,12,43,59,48,104,196,141,193,191,64,154,194,115,41,197,146,188,];True
5254;9490;14744;[199,72,78,150,155,57,60,7,186,192,10,42,31,61,185,15,118,92,14,19,20,173,8,123,24,25,178,27,28,170,106,130,198,147,34,16,55,66,38,39,132,174,90,6,44,45,158,119,21,49,50,51,77,53,85,36,182,46,74,79,184,32,183,63,52,129,124,67,18,69,156,71,2,111,89,180,29,114,167,81,80,142,82,83,157,54,5,87,88,11,101,91,138,189,58,128,195,97,143,99,84,134,102,100,65,96,117,187,108,98,110,165,112,113,188,26,116,35,30,120,131,47,122,151,160,125,126,127,176,0,190,140,40,139,105,135,23,13,179,121,56,95,137,33,75,133,103,172,148,149,3,1,152,86,153,144,70,68,62,159,162,161,37,94,164,73,166,17,168,169,76,171,93,9,163,175,109,177,145,136,4,181,22,12,43,59,48,104,196,141,193,191,64,154,194,115,41,197,146,107,];False
5169;9574;14743;[199,72,78,28,155,57,60,7,186,192,10,42,31,61,185,15,118,92,14,19,20,173,8,123,24,25,131,27,150,170,106,130,198,147,34,33,55,66,38,39,132,174,63,6,44,45,158,119,124,49,50,51,77,53,85,36,182,46,74,79,184,32,183,90,52,22,21,67,18,69,156,71,2,111,89,180,29,114,167,81,80,142,82,83,157,54,5,87,88,11,101,91,138,189,58,128,195,97,143,73,84,134,102,100,65,96,117,187,108,98,110,165,112,113,107,26,116,35,30,120,178,47,122,151,160,125,126,127,176,0,190,144,40,139,105,135,23,13,179,121,129,95,137,16,75,133,103,172,148,149,3,1,152,86,153,140,70,68,62,159,162,161,37,94,164,99,166,17,168,169,76,171,177,9,163,175,109,93,145,136,4,181,56,12,43,59,48,104,196,141,193,191,64,154,194,115,41,197,146,188,];False
5246;9492;14738;[199,72,78,150,155,57,60,7,186,192,10,42,31,61,185,15,118,92,14,19,20,173,8,123,24,25,131,27,28,170,106,130,198,147,34,16,55,66,38,39,132,174,90,6,44,45,158,119,21,49,50,51,11,53,85,36,182,46,74,79,184,32,183,63,52,129,124,67,18,69,156,71,2,111,89,180,29,114,167,81,80,142,82,83,157,54,5,87,88,77,101,91,138,189,58,128,195,97,143,99,84,134,102,100,65,96,117,187,108,98,110,165,112,113,107,26,116,35,30,120,178,47,122,151,160,125,126,127,176,0,190,140,40,139,105,135,23,13,179,121,56,95,137,33,75,133,103,172,148,149,3,1,152,86,153,144,70,68,62,159,162,161,37,94,164,73,166,17,168,169,76,171,93,9,163,175,109,177,145,136,4,181,22,12,43,59,48,104,196,141,193,191,64,154,194,115,41,197,146,188,];False
5259;9478;14737;[199,72,78,150,155,57,60,7,186,192,10,42,31,61,185,15,118,92,14,19,20,173,8,123,24,25,131,27,28,170,106,130,198,147,34,16,55,66,38,39,132,174,90,6,44,45,158,119,21,49,50,51,77,53,85,36,182,46,74,79,184,32,183,63,52,129,124,67,18,69,156,71,2,111,89,180,29,114,167,81,80,142,82,83,157,54,5,87,88,122,101,91,138,189,58,128,195,97,143,99,84,134,102,100,65,96,117,187,108,98,110,165,112,113,107,26,116,35,30,120,178,47,11,151,160,125,126,127,176,0,190,140,40,139,105,135,23,13,179,121,56,95,137,33,75,133,103,172,148,149,3,1,152,86,153,144,70,68,62,159,162,161,37,94,164,73,166,17,168,169,76,171,93,9,163,175,109,177,145,136,4,181,22,12,43,59,48,104,196,141,193,191,64,154,194,115,41,197,146,188,];False
5265;9469;14734;[199,72,78,150,155,57,60,7,186,192,10,42,31,61,185,173,118,92,14,19,20,15,8,123,24,25,131,27,28,170,106,130,198,147,34,16,55,66,38,39,132,174,90,6,44,45,158,119,124,49,50,51,77,53,85,36,182,46,74,79,184,32,183,63,52,129,21,67,18,69,156,71,2,111,89,180,29,114,167,81,80,142,82,83,157,54,5,87,88,11,101,91,138,189,58,128,195,97,143,73,84,134,102,100,65,96,117,187,108,98,110,165,112,113,107,26,116,35,30,120,178,47,122,151,160,125,126,127,176,0,190,140,40,139,105,135,23,13,179,121,56,95,137,33,75,133,103,172,148,149,3,1,152,86,153,144,70,68,62,159,162,161,37,94,164,99,166,17,168,169,76,171,93,9,163,175,109,177,145,136,4,181,22,12,43,59,48,104,196,141,193,191,64,154,194,115,41,197,146,188,];False
5294;9440;14734;[199,72,78,150,155,57,60,7,186,192,10,42,31,61,185,15,118,92,14,19,20,173,8,123,24,25,131,27,28,170,106,130,198,147,34,16,55,66,38,39,132,174,90,6,44,45,158,119,21,49,50,51,77,53,85,36,182,46,74,79,184,32,183,63,52,129,124,67,18,69,156,71,2,111,89,180,29,114,167,81,80,142,82,83,157,54,5,87,88,11,101,91,138,189,58,128,195,97,143,99,84,134,102,100,65,96,47,187,108,98,110,165,112,113,188,26,116,35,30,120,178,117,122,151,160,125,126,127,176,0,190,140,40,139,105,135,23,13,179,121,56,95,137,33,75,133,103,172,148,149,3,1,152,86,153,144,70,68,62,159,162,161,37,94,164,73,166,17,168,169,76,171,93,9,163,175,109,177,145,136,4,181,22,12,43,59,48,104,196,141,193,191,64,154,194,115,41,197,146,107,];False
5259;9469;14728;[199,72,78,150,155,57,60,7,186,192,10,42,31,61,185,15,118,92,14,19,20,173,8,123,24,25,131,27,28,170,106,130,198,147,17,16,55,66,38,39,132,174,90,6,44,45,158,119,21,49,50,51,77,53,85,36,182,46,74,79,184,32,183,63,52,129,124,67,18,69,156,71,2,111,89,180,29,114,167,81,80,142,82,83,157,54,5,87,88,11,101,91,138,189,58,128,195,97,143,73,84,134,102,100,65,96,117,187,108,98,110,165,112,113,107,26,116,35,30,120,178,47,122,151,160,125,126,127,176,0,190,140,40,139,105,135,23,13,179,121,56,95,137,33,75,133,103,172,148,149,3,1,152,86,153,144,70,68,62,159,162,161,37,94,164,99,166,34,168,169,76,171,93,9,163,175,109,177,145,136,4,181,22,12,43,59,48,104,196,141,193,191,64,154,194,115,41,197,146,188,];False
5236;9491;14727;[199,72,78,150,155,57,60,7,186,192,10,42,31,61,185,15,118,92,14,19,20,173,8,123,24,25,131,27,28,170,106,130,198,147,34,16,55,66,38,39,132,174,90,6,44,45,158,119,21,49,50,51,77,53,85,36,182,46,74,79,184,32,183,63,52,129,124,67,18,69,156,71,2,111,89,180,29,114,167,81,80,142,97,83,157,54,5,87,88,11,101,91,138,189,58,128,195,82,143,99,84,134,102,100,65,96,117,187,108,98,110,165,112,113,188,26,116,35,30,120,178,47,122,151,160,125,126,127,176,0,190,140,40,139,105,135,23,13,179,121,56,95,137,33,75,133,103,172,148,149,3,1,152,86,153,144,70,68,62,159,162,161,37,94,164,73,166,17,168,169,76,171,93,9,163,175,109,177,145,136,4,181,22,12,43,59,48,104,196,141,193,191,64,154,194,115,41,197,146,107,];False
5171;9555;14726;[199,72,78,150,155,57,60,7,186,192,10,42,31,61,185,15,118,92,14,19,20,173,8,123,24,25,131,27,28,170,106,130,198,147,34,33,55,66,38,39,132,174,63,6,44,45,158,119,124,49,50,51,77,53,85,36,182,46,74,79,184,32,183,90,52,129,21,67,18,69,156,71,2,111,89,180,29,114,167,81,80,142,82,83,157,54,5,87,88,11,101,91,138,189,140,128,195,97,143,73,84,134,102,100,65,96,117,187,108,98,110,165,112,113,107,26,116,35,30,120,178,47,122,151,160,125,126,127,176,0,190,58,40,139,105,135,23,13,179,121,56,95,137,16,75,133,103,172,148,149,3,1,152,86,153,144,70,68,62,159,162,161,37,94,164,99,166,17,168,169,76,171,93,9,163,175,109,177,145,136,4,181,22,12,43,59,48,104,196,141,193,191,64,154,194,115,41,197,146,188,];False
5228;9498;14726;[199,72,78,150,155,57,60,7,186,192,10,42,31,61,185,15,118,38,14,19,20,173,8,123,24,25,131,27,28,170,106,130,198,147,34,16,55,66,92,39,132,174,90,6,44,45,158,119,21,49,50,51,77,53,85,36,182,46,74,79,184,32,183,63,52,129,124,67,18,69,156,71,2,111,89,180,29,114,167,81,80,142,82,83,157,54,5,87,88,11,101,91,138,189,58,128,195,97,143,73,84,134,102,100,65,96,117,187,108,98,110,165,112,113,107,26,116,35,30,120,178,47,122,151,160,125,126,127,176,0,190,140,40,139,105,135,23,13,179,121,56,95,137,33,75,133,103,172,148,149,3,1,152,86,153,144,70,68,62,159,162,161,37,94,164,99,166,17,168,169,76,171,93,9,163,175,109,177,145,136,4,181,22,12,43,59,48,104,196,141,193,191,64,154,194,115,41,197,146,188,];False
5224;9497;14721;[199,72,78,150,155,57,60,7,186,192,10,42,31,61,185,15,173,92,14,19,20,118,8,123,24,25,131,27,28,170,106,130,198,147,34,16,55,66,38,39,132,174,90,6,44,45,158,119,21,49,50,51,77,53,85,36,182,46,74,79,184,32,183,63,52,129,124,67,18,69,156,71,2,111,89,180,29,114,167,81,80,142,82,83,157,54,5,87,88,11,101,91,138,189,58,128,195,97,143,73,84,134,102,100,65,96,117,187,108,98,110,165,112,113,107,26,116,35,30,120,178,47,122,151,160,125,126,127,176,0,190,140,40,139,105,135,23,13,179,121,56,95,137,33,75,133,103,172,148,149,3,1,152,86,153,144,70,68,62,159,162,161,37,94,164,99,166,17,168,169,76,171,93,9,163,175,109,177,145,136,4,181,22,12,43,59,48,104,196,141,193,191,64,154,194,115,41,197,146,188,];False
5268;9450;14718;[199,72,78,150,155,57,60,7,186,192,10,42,31,61,185,15,118,92,14,19,20,173,8,123,24,25,131,27,28,170,106,130,198,147,34,16,55,66,0,39,132,174,90,6,44,45,158,119,21,49,50,51,77,53,85,36,182,46,74,79,184,32,183,63,52,129,124,67,18,69,156,71,2,111,89,180,29,114,167,81,80,142,82,83,157,54,5,87,88,11,101,91,138,189,58,128,195,97,143,73,84,134,102,100,65,96,117,187,108,98,110,165,112,113,107,26,116,35,30,120,178,47,122,151,160,125,126,127,176,38,190,140,40,139,105,135,23,13,179,121,56,95,137,33,75,133,103,172,148,149,3,1,152,86,153,144,70,68,62,159,162,161,37,94,164,99,166,17,168,169,76,171,93,9,163,175,109,177,145,136,4,181,22,12,43,59,48,104,196,141,193,191,64,154,194,115,41,197,146,188,];False
5173;9545;14718;[199,72,78,150,155,57,60,7,186,192,10,42,31,61,185,15,118,92,14,19,20,173,8,123,24,25,131,27,28,170,106,130,198,147,34,33,55,66,38,39,132,174,63,6,44,45,158,119,124,49,50,51,77,53,85,36,182,46,74,79,184,32,183,90,52,129,21,105,18,69,156,71,2,111,89,180,29,114,167,81,80,142,82,83,157,54,5,87,88,11,101,91,138,189,58,128,195,97,143,73,84,134,102,100,65,96,117,187,108,98,110,165,112,113,107,26,116,35,30,120,178,47,122,151,160,125,126,127,176,0,190,140,40,139,67,135,23,13,179,121,56,95,137,16,75,133,103,172,148,149,3,1,152,86,153,144,70,68,62,159,162,161,37,94,164,99,166,17,168,169,76,171,93,9,163,175,109,177,145,136,4,181,22,12,43,59,48,104,196,141,193,191,64,154,194,115,41,197,146,188,];False
5201;9517;14718;[199,72,78,150,155,57,60,7,186,192,10,42,31,61,185,15,118,92,14,19,20,173,8,123,24,25,131,27,28,170,106,130,198,147,34,33,55,66,38,39,132,174,63,6,44,45,158,119,124,49,50,51,77,53,85,36,182,46,74,79,184,32,183,90,52,129,21,67,47,69,156,71,2,111,89,180,29,114,167,81,80,142,82,83,157,54,5,87,88,11,101,91,138,189,58,128,195,97,143,73,84,134,102,100,65,96,117,187,108,98,110,165,112,113,107,26,116,35,30,120,178,18,122,151,160,125,126,127,176,0,190,144,40,139,105,135,23,13,179,121,56,95,137,16,75,133,103,172,148,149,3,1,152,86,153,140,70,68,62,159,162,161,37,94,164,99,166,17,168,169,76,171,177,9,163,175,109,93,145,136,4,181,22,12,43,59,48,104,196,141,193,191,64,154,194,115,41,197,146,188,];False
5196;9517;14713;[199,72,78,150,155,57,60,7,186,54,10,42,31,61,185,15,118,92,14,19,20,173,8,123,24,25,131,27,28,170,106,130,198,147,34,33,55,66,38,39,132,174,63,6,44,45,158,119,124,49,50,51,77,53,85,36,182,46,74,79,184,32,183,90,52,129,21,67,18,69,156,71,2,111,89,180,29,114,167,81,80,142,82,83,157,192,5,87,88,11,101,91,138,189,58,128,195,97,143,73,84,134,102,100,65,96,117,187,108,98,110,165,112,113,107,26,116,35,30,120,178,47,122,151,160,125,126,127,176,0,190,144,40,139,105,135,23,13,179,121,56,95,137,16,75,133,103,172,148,149,3,1,152,86,153,140,70,68,62,159,162,161,37,94,164,99,166,17,168,169,76,171,177,9,163,175,109,93,145,136,4,181,22,12,43,59,48,104,196,141,193,191,64,154,194,115,41,197,146,188,];False
5262;9448;14710;[199,72,78,150,155,57,60,7,186,192,10,42,31,61,185,15,118,92,14,19,20,173,8,123,24,25,131,27,28,170,106,130,198,147,34,16,55,66,38,39,132,174,90,6,44,45,158,119,21,49,50,51,77,53,85,36,182,46,74,79,184,32,183,63,52,129,124,67,18,69,156,71,2,111,89,180,29,114,167,81,80,142,82,83,157,54,5,87,88,11,101,91,138,189,58,128,195,97,143,73,84,134,102,100,65,96,117,187,108,98,110,165,112,113,107,26,116,35,30,120,178,47,122,151,160,125,126,127,176,0,190,140,40,139,105,135,23,13,179,121,161,95,137,33,75,133,103,172,148,149,3,1,152,86,153,144,70,68,62,159,162,56,37,94,164,99,166,17,168,169,76,171,93,9,163,175,109,177,145,136,4,181,22,12,43,59,48,104,196,141,193,191,64,154,194,115,41,197,146,188,];False
5230;9480;14710;[199,72,78,150,155,57,60,7,186,192,10,42,31,61,185,15,118,92,14,19,20,173,8,123,24,25,131,27,28,170,106,130,198,147,34,16,55,66,38,39,132,174,90,6,44,45,183,119,21,49,50,51,77,53,85,36,182,46,74,79,184,32,158,63,52,129,124,67,18,69,156,71,2,111,89,180,29,114,167,81,80,142,82,83,157,54,5,87,88,11,101,91,138,189,58,128,195,97,143,99,84,134,102,100,65,96,117,187,108,98,110,165,112,113,188,26,116,35,30,120,178,47,122,151,160,125,126,127,176,0,190,140,40,139,105,135,23,13,179,121,166,95,137,33,75,133,103,172,148,149,3,1,152,86,153,144,70,68,62,159,162,161,37,94,164,73,56,17,168,169,76,171,93,9,163,175,109,177,145,136,4,181,22,12,43,59,48,104,196,141,193,191,64,154,194,115,41,197,146,107,];False
5224;9485;14709;[199,72,78,150,155,57,60,7,186,192,10,42,31,61,185,15,118,92,14,19,20,173,8,123,24,25,131,27,28,170,106,130,198,147,104,33,55,66,38,39,132,174,63,6,44,45,158,119,124,49,50,51,77,53,85,36,182,46,74,79,184,32,183,90,52,129,21,67,18,69,156,71,2,111,89,180,29,114,167,81,80,142,82,83,157,54,5,87,88,11,101,91,138,189,58,128,195,97,143,73,84,134,102,100,65,96,117,187,108,98,110,165,112,113,107,26,116,35,30,120,178,47,122,151,160,125,126,127,176,0,190,144,40,139,105,135,23,13,179,121,56,95,137,16,75,133,103,172,148,149,3,1,152,86,153,140,70,68,62,159,162,161,37,94,164,99,166,17,168,169,76,171,177,9,163,175,109,93,145,136,4,181,22,12,43,59,48,34,196,141,193,191,64,154,194,115,41,197,146,188,];False
5242;9467;14709;[199,187,78,150,155,57,60,7,186,192,10,42,31,61,185,15,118,92,14,19,20,173,8,123,24,25,131,27,28,170,106,130,198,147,34,16,55,66,38,39,132,174,90,6,44,45,158,119,21,49,50,51,77,53,85,36,182,46,74,79,184,32,183,63,52,129,124,67,18,69,156,71,2,111,89,180,29,114,167,81,80,142,82,83,157,54,5,87,88,11,101,91,138,189,58,128,195,97,143,99,84,134,102,100,65,96,117,72,108,98,110,165,112,113,107,26,116,35,30,120,178,47,122,151,160,125,126,127,176,0,190,140,40,139,105,135,23,13,179,121,56,95,137,33,75,133,103,172,148,149,3,1,152,86,153,144,70,68,62,159,162,161,37,94,164,73,166,17,168,169,76,171,93,9,163,175,109,177,145,136,4,181,22,12,43,59,48,104,196,141,193,191,64,154,194,115,41,197,146,188,];False
5216;9488;14704;[199,72,78,150,155,57,60,7,186,192,10,42,31,61,185,15,118,92,14,19,20,173,8,163,24,25,131,27,28,170,106,130,198,147,34,16,55,66,38,39,132,174,90,6,44,45,158,119,124,49,50,51,77,53,85,36,182,46,74,79,184,32,183,63,52,129,21,67,18,69,156,71,2,111,89,180,29,114,167,81,80,142,82,83,157,54,5,87,88,11,101,91,138,189,58,128,195,97,143,73,84,134,102,100,65,96,117,187,108,98,110,165,112,113,107,26,116,35,30,120,178,47,122,151,160,125,126,127,176,0,190,140,40,139,105,135,23,13,179,121,56,95,137,33,75,133,103,172,148,149,3,1,152,86,153,144,70,68,62,159,162,161,37,94,164,99,166,17,168,169,76,171,93,9,123,175,109,177,145,136,4,181,22,12,43,59,48,104,196,141,193,191,64,154,194,115,41,197,146,188,];False
5207;9496;14703;[199,72,78,150,155,57,60,7,186,192,10,42,31,61,185,122,118,92,14,19,20,173,8,123,24,25,131,27,28,170,106,130,198,147,34,33,55,66,38,39,132,174,63,6,44,45,158,119,124,49,50,51,77,53,85,36,182,46,74,79,184,32,183,90,52,129,21,67,18,69,156,71,2,111,89,180,29,114,167,81,80,142,82,83,157,54,5,87,88,11,101,91,138,189,58,128,195,97,143,73,84,134,102,100,65,96,117,187,108,98,110,165,112,113,107,26,116,35,30,120,178,47,15,151,160,125,126,127,176,0,190,140,40,139,105,135,23,13,179,121,56,95,137,16,75,133,103,172,148,149,3,1,152,86,153,144,70,68,62,159,162,161,37,94,164,99,166,17,168,169,76,171,177,9,163,175,109,93,145,136,4,181,22,12,43,59,48,104,196,141,193,191,64,154,194,115,41,197,146,188,];False
5219;9483;14702;[199,72,78,150,155,57,60,7,186,192,10,42,31,61,185,15,118,92,14,19,20,173,8,123,24,25,131,27,28,170,106,130,198,147,34,16,55,66,38,39,132,174,90,6,44,45,158,119,21,49,50,51,77,53,85,36,182,46,74,79,184,32,183,63,52,129,124,67,18,69,156,71,2,111,89,180,29,114,167,81,80,142,82,83,157,54,5,87,88,11,101,91,138,189,58,128,195,97,143,99,84,134,102,100,65,96,117,187,108,98,110,165,112,113,188,26,116,35,30,120,178,47,122,151,160,125,126,127,176,0,93,140,40,139,105,135,23,13,179,121,56,95,137,33,75,133,103,172,148,149,3,1,152,86,153,144,70,68,62,159,162,161,37,94,164,73,166,17,168,169,76,171,190,9,163,175,109,177,145,136,4,181,22,12,43,59,48,104,196,141,193,191,64,154,194,115,41,197,146,107,];False
5243;9458;14701;[199,72,78,150,155,57,60,7,186,192,10,42,31,61,185,15,118,92,14,19,20,173,8,123,24,25,131,27,28,170,106,130,198,147,34,16,55,66,38,39,132,174,90,6,44,45,158,119,21,49,50,51,77,53,85,36,182,46,74,79,184,32,183,63,52,129,124,67,18,69,156,71,2,111,89,180,29,114,167,81,80,142,82,83,157,54,5,87,88,11,101,91,138,189,58,128,195,97,143,73,84,134,35,100,65,96,117,187,108,98,110,165,112,113,107,26,116,102,30,120,178,47,122,151,160,125,126,127,176,0,190,140,40,139,105,135,23,13,179,121,56,95,137,33,75,133,103,172,148,149,3,1,152,86,153,144,70,68,62,159,162,161,37,94,164,99,166,17,168,169,76,171,93,9,163,175,109,177,145,136,4,181,22,12,43,59,48,104,196,141,193,191,64,154,194,115,41,197,146,188,];False
5245;9455;14700;[199,72,78,150,155,57,60,7,186,192,10,42,31,61,185,15,118,92,14,19,20,173,8,123,24,25,131,27,28,170,106,130,198,147,34,16,55,66,38,39,132,174,90,6,44,45,158,119,21,49,50,51,77,53,85,36,182,46,74,79,184,32,183,63,52,129,124,67,18,69,156,71,2,143,89,180,29,114,167,81,80,142,82,83,157,54,5,87,88,11,101,91,138,189,58,128,195,97,111,73,84,134,102,100,65,96,117,187,108,98,110,165,112,113,107,26,116,35,30,120,178,47,122,151,160,125,126,127,176,0,190,140,40,139,105,135,23,13,179,121,56,95,137,33,75,133,103,172,148,149,3,1,152,86,153,144,70,68,62,159,162,161,37,94,164,99,166,17,168,169,76,171,93,9,163,175,109,177,145,136,4,181,22,12,43,59,48,104,196,141,193,191,64,154,194,115,41,197,146,188,];False
5239;9460;14699;[77,72,78,150,155,57,60,7,186,192,10,42,31,61,185,15,118,92,14,19,20,173,8,123,24,25,131,27,28,170,106,130,198,147,34,16,55,66,38,39,132,174,90,6,44,45,158,119,124,49,50,51,199,53,85,36,182,46,74,79,184,32,183,63,52,129,21,67,18,69,156,71,2,111,89,180,29,114,167,81,80,142,82,83,157,54,5,87,88,11,101,91,138,189,58,128,195,97,143,73,84,134,102,100,65,96,117,187,108,98,110,165,112,113,107,26,116,35,30,120,178,47,122,151,160,125,126,127,176,0,190,140,40,139,105,135,23,13,179,121,56,95,137,33,75,133,103,172,148,149,3,1,152,86,153,144,70,68,62,159,162,161,37,94,164,99,166,17,168,169,76,171,93,9,163,175,109,177,145,136,4,181,22,12,43,59,48,104,196,141,193,191,64,154,194,115,41,197,146,188,];False
5164;9534;14698;[199,72,78,150,155,57,60,7,186,192,10,42,31,61,185,15,118,92,14,19,20,173,8,123,24,25,131,27,28,170,106,130,198,147,34,33,55,66,38,39,132,174,63,6,44,45,158,119,124,49,50,51,77,53,85,36,182,46,74,79,184,32,183,90,52,129,21,67,18,69,156,71,2,111,89,180,29,114,167,81,80,142,82,83,157,54,5,87,88,11,101,91,138,189,58,128,195,97,143,73,84,134,102,100,65,96,117,187,108,98,110,165,112,113,107,26,116,35,30,120,178,47,37,151,160,125,126,127,176,0,190,140,40,139,105,135,23,13,179,121,56,95,137,16,75,133,103,172,148,149,3,1,152,86,153,144,70,68,62,159,162,161,122,94,164,99,166,17,168,169,76,171,93,9,163,175,109,177,145,136,4,181,22,12,43,59,48,104,196,141,193,191,64,154,194,115,41,197,146,188,];False
5189;9506;14695;[199,72,78,150,155,57,60,7,186,192,10,42,31,61,185,15,118,92,14,19,20,173,8,123,24,25,131,27,28,73,106,130,198,147,34,33,55,66,38,39,132,174,63,6,44,45,158,119,124,49,50,51,77,53,85,36,182,46,74,79,184,32,183,90,52,129,21,67,18,69,156,71,2,111,89,180,29,114,167,81,80,142,82,83,157,54,5,87,88,11,101,91,138,189,58,128,195,97,143,170,84,134,102,100,65,96,117,187,108,98,110,165,112,113,107,26,116,35,30,120,178,47,122,151,160,125,126,127,176,0,190,144,40,139,105,135,23,13,179,121,56,95,137,16,75,133,103,172,148,149,3,1,152,86,153,140,70,68,62,159,162,161,37,94,164,99,166,17,168,169,76,171,177,9,163,175,109,93,145,136,4,181,22,12,43,59,48,104,196,141,193,191,64,154,194,115,41,197,146,188,];False
5170;9524;14694;[199,72,78,150,155,57,60,7,186,192,10,42,31,61,185,15,118,92,14,19,20,173,8,123,24,25,131,27,28,170,106,130,198,147,34,33,55,66,38,39,132,174,63,6,44,45,158,119,124,49,50,51,77,53,85,135,182,46,74,79,184,32,183,90,52,129,21,67,18,69,156,71,2,111,89,180,29,114,167,81,80,142,82,83,157,54,5,87,88,11,101,91,138,189,58,128,195,97,143,73,84,134,102,100,65,96,117,187,108,98,110,165,112,113,107,26,116,35,30,120,178,47,122,151,160,125,126,127,176,0,190,140,40,139,105,36,23,13,179,121,56,95,137,16,75,133,103,172,148,149,3,1,152,86,153,144,70,68,62,159,162,161,37,94,164,99,166,17,168,169,76,171,93,9,163,175,109,177,145,136,4,181,22,12,43,59,48,104,196,141,193,191,64,154,194,115,41,197,146,188,];False
5192;9495;14687;[199,72,78,150,155,57,60,7,186,192,10,42,31,61,185,15,118,92,14,19,144,173,8,123,24,25,131,27,28,170,106,130,198,147,34,16,55,66,38,39,132,174,90,6,44,45,158,119,21,49,50,51,77,53,85,36,182,46,74,79,184,32,183,63,52,129,124,67,18,69,156,71,2,111,89,180,29,114,167,81,80,142,82,83,157,54,5,87,88,11,101,91,138,189,58,128,195,97,143,99,84,134,102,100,65,96,117,187,108,98,110,165,112,113,107,26,116,35,30,120,178,47,122,151,160,125,126,127,176,0,190,140,40,139,105,135,23,13,179,121,56,95,137,33,75,133,103,172,148,149,3,1,152,86,153,20,70,68,62,159,162,161,37,94,164,73,166,17,168,169,76,171,93,9,163,175,109,177,145,136,4,181,22,12,43,59,48,104,196,141,193,191,64,154,194,115,41,197,146,188,];False
5206;9481;14687;[199,72,78,150,155,57,60,7,186,192,10,42,31,61,185,15,118,92,14,19,20,173,8,123,24,25,131,27,28,170,106,130,198,147,34,16,55,66,38,39,132,174,90,6,44,45,158,119,21,49,50,51,77,53,85,36,182,46,74,79,184,32,183,63,52,129,124,67,18,69,156,71,2,111,89,180,29,114,167,81,80,142,82,83,157,54,5,87,88,11,101,91,138,189,58,128,195,97,143,99,84,134,102,100,65,96,117,187,108,98,110,165,112,113,107,26,116,35,30,120,178,47,122,151,160,125,159,127,176,0,190,140,40,139,105,135,23,13,179,121,56,95,137,33,75,133,103,172,148,149,3,1,152,86,153,144,70,68,62,126,162,161,37,94,164,73,166,17,168,169,76,171,93,9,163,175,109,177,145,136,4,181,22,12,43,59,48,104,196,141,193,191,64,154,194,115,41,197,146,188,];False
5198;9488;14686;[199,72,78,150,155,57,60,7,186,192,10,42,31,61,185,15,118,92,14,19,20,173,8,123,24,25,131,27,28,170,106,130,198,147,34,16,55,66,38,39,132,174,90,6,44,45,158,119,21,49,50,51,77,53,85,36,182,46,74,79,184,32,183,63,52,129,124,67,18,69,156,71,2,111,89,180,29,114,167,81,80,142,82,83,157,54,5,87,88,11,101,91,138,189,58,128,195,97,143,99,84,134,102,100,65,96,117,187,108,98,110,165,112,113,107,26,116,35,30,120,178,47,122,151,160,125,148,127,176,0,190,140,40,139,105,135,23,13,179,121,56,95,137,33,75,133,103,172,126,149,3,1,152,86,153,144,70,68,62,159,162,161,37,94,164,73,166,17,168,169,76,171,93,9,163,175,109,177,145,136,4,181,22,12,43,59,48,104,196,141,193,191,64,154,194,115,41,197,146,188,];False
5200;9483;14683;[199,72,78,150,155,57,60,64,186,192,10,42,31,61,185,15,118,92,14,19,20,173,8,123,24,25,131,27,28,170,106,130,198,147,34,33,55,66,38,39,132,174,63,6,44,45,158,119,124,49,50,51,77,53,85,36,182,46,74,79,184,32,183,90,52,129,21,67,18,69,156,71,2,111,89,180,29,114,167,81,80,142,82,83,157,54,5,87,88,11,101,91,138,189,58,128,195,97,143,73,84,134,102,100,65,96,117,187,108,98,110,165,112,113,107,26,116,35,30,120,178,47,122,151,160,125,126,127,176,0,190,144,40,139,105,135,23,13,179,121,56,95,137,16,75,133,103,172,148,149,3,1,152,86,153,140,70,68,62,159,162,161,37,94,164,99,166,17,168,169,76,171,177,9,163,175,109,93,145,136,4,181,22,12,43,59,48,104,196,141,193,191,7,154,194,115,41,197,146,188,];False
5187;9492;14679;[199,72,78,150,155,57,60,7,186,192,10,42,31,61,185,15,118,92,14,19,20,173,8,123,24,25,131,27,28,170,106,130,198,147,34,16,55,66,38,39,132,174,90,6,44,45,158,119,21,49,50,51,77,53,85,36,182,46,74,79,184,32,183,63,52,129,124,67,18,69,156,71,2,111,89,180,29,114,167,81,80,142,82,83,157,54,5,87,88,11,101,91,138,189,58,128,195,97,143,99,84,134,102,100,65,96,117,187,108,98,110,165,112,113,188,26,116,35,30,120,178,47,122,190,160,125,126,127,176,0,151,140,40,139,105,135,23,13,179,121,56,95,137,33,75,133,103,172,148,149,3,1,152,86,153,144,70,68,62,159,162,161,37,94,164,73,166,17,168,169,76,171,93,9,163,175,109,177,145,136,4,181,22,12,43,59,48,104,196,141,193,191,64,154,194,115,41,197,146,107,];False
5153;9524;14677;[199,72,78,150,155,57,60,7,186,192,10,42,31,61,185,15,118,92,14,19,20,173,8,123,24,25,131,27,28,170,106,130,198,147,34,33,55,66,38,39,132,174,63,6,44,45,158,119,124,49,50,51,77,53,85,36,182,46,74,79,184,32,183,90,52,129,21,67,18,69,156,71,2,111,89,180,29,114,167,81,80,142,82,83,157,54,5,87,88,11,101,91,138,189,58,128,195,97,143,73,84,134,102,100,65,96,117,187,108,98,110,165,112,113,107,26,151,35,30,120,178,47,122,116,160,125,126,127,176,0,190,140,40,139,105,135,23,13,179,121,56,95,137,16,75,133,103,172,148,149,3,1,152,86,153,144,70,68,62,159,162,161,37,94,164,99,166,17,168,169,76,171,93,9,163,175,109,177,145,136,4,181,22,12,43,59,48,104,196,141,193,191,64,154,194,115,41,197,146,188,];False
5211;9466;14677;[199,72,78,150,155,57,60,7,186,192,10,42,31,61,185,15,118,92,14,19,20,173,8,123,24,25,131,27,28,170,106,130,198,147,34,16,55,66,38,39,132,174,90,6,44,45,158,119,124,49,50,51,77,53,85,36,182,46,74,79,184,32,183,63,52,129,21,67,18,69,156,71,2,111,89,180,29,114,167,81,80,142,82,83,157,54,5,87,88,11,101,91,138,189,58,128,195,97,143,73,84,134,102,100,65,96,117,187,108,98,110,165,112,113,107,26,116,35,30,120,178,47,122,151,160,125,126,127,176,0,190,140,40,139,105,135,23,13,179,121,56,95,137,33,75,133,103,172,148,149,3,1,152,43,153,144,70,68,62,159,162,161,37,94,164,99,166,17,168,169,76,171,93,9,163,175,109,177,145,136,4,181,22,12,86,59,48,104,196,141,193,191,64,154,194,115,41,197,146,188,];False
5145;9531;14676;[199,72,78,150,155,57,60,143,186,192,10,42,31,61,185,15,118,92,14,19,20,173,8,123,24,25,131,27,28,170,106,130,198,147,34,33,55,66,38,39,132,174,63,6,44,45,158,119,124,49,50,51,77,53,85,36,182,46,74,79,184,32,183,90,52,129,21,67,18,69,156,71,2,111,89,180,29,114,167,81,80,142,82,83,157,54,5,87,88,11,101,91,138,189,58,128,195,97,7,73,84,134,102,100,65,96,117,187,108,98,110,165,112,113,107,26,116,35,30,120,178,47,122,151,160,125,126,127,176,0,190,144,40,139,105,135,23,13,179,121,56,95,137,16,75,133,103,172,148,149,3,1,152,86,153,140,70,68,62,159,162,161,37,94,164,99,166,17,168,169,76,171,177,9,163,175,109,93,145,136,4,181,22,12,43,59,48,104,196,141,193,191,64,154,194,115,41,197,146,188,];False
5192;9479;14671;[199,72,78,150,155,57,60,7,186,192,10,42,31,61,185,15,118,92,14,19,20,173,8,123,24,25,131,27,28,170,106,130,198,147,34,16,55,66,38,39,132,174,90,6,44,45,158,119,21,49,50,51,77,53,85,36,182,46,74,79,184,32,183,63,52,129,124,67,18,69,156,71,2,111,89,180,29,114,167,81,80,142,82,83,157,54,5,87,88,11,101,91,138,189,58,128,195,97,143,73,84,134,102,100,65,96,117,187,108,98,110,165,112,113,107,26,116,35,30,120,178,99,122,151,160,125,126,127,176,0,190,140,40,139,105,135,23,13,179,121,56,95,137,33,75,133,103,172,148,149,3,1,152,86,153,144,70,68,62,159,162,161,37,94,164,47,166,17,168,169,76,171,93,9,163,175,109,177,145,136,4,181,22,12,43,59,48,104,196,141,193,191,64,154,194,115,41,197,146,188,];False
5090;9581;14671;[199,72,78,28,155,57,60,7,186,192,10,42,31,61,185,15,118,92,14,19,20,173,8,123,24,25,131,27,150,170,106,130,198,147,34,33,55,66,38,39,132,174,63,6,44,45,158,119,124,49,50,51,77,53,85,36,182,46,74,79,184,32,183,90,52,56,21,67,18,69,156,71,2,111,89,180,29,114,167,81,80,142,82,83,157,54,5,87,88,11,101,91,138,189,58,128,139,97,143,73,84,134,102,100,65,96,117,187,108,98,110,165,112,113,107,26,116,35,30,120,178,47,122,151,160,125,126,127,176,0,190,144,40,195,105,135,23,13,179,121,129,95,137,16,75,133,103,172,148,149,3,1,152,86,153,140,70,68,62,159,162,161,37,94,164,99,166,17,168,169,76,171,177,9,163,175,109,93,145,136,4,181,22,12,43,59,48,104,196,141,193,191,64,154,194,115,41,197,146,188,];False
5177;9490;14667;[199,72,78,150,155,57,60,7,186,192,10,42,31,61,185,15,118,92,14,19,20,173,8,123,24,25,131,27,28,170,106,130,198,147,34,33,55,66,38,39,132,174,63,6,44,45,158,119,124,49,50,51,77,53,85,36,182,46,74,79,184,32,183,90,52,129,21,67,18,69,156,71,2,111,89,180,29,114,167,81,80,142,82,83,59,54,5,87,88,11,101,91,138,189,58,128,195,97,143,73,84,134,102,100,65,96,117,187,108,98,110,165,112,113,107,26,116,35,30,120,178,47,122,151,160,125,126,127,176,0,190,144,40,139,105,135,23,13,179,121,56,95,137,16,75,133,103,172,148,149,3,1,152,86,153,140,70,68,62,159,162,161,37,94,164,99,166,17,168,169,76,171,177,9,163,175,109,93,145,136,4,181,22,12,43,157,48,104,196,141,193,191,64,154,194,115,41,197,146,188,];False
5174;9492;14666;[199,72,78,150,155,57,60,7,186,192,10,42,31,61,185,15,118,92,14,19,20,173,8,123,24,25,131,27,28,170,106,130,198,147,34,33,55,66,38,39,132,174,63,6,44,45,158,119,124,49,50,51,77,53,85,36,182,46,74,79,184,32,183,90,52,129,21,67,18,69,156,71,2,111,89,180,29,114,167,81,80,142,82,83,157,54,5,87,88,11,101,91,138,189,58,128,195,97,143,73,84,134,102,100,65,96,117,187,108,98,110,165,112,113,107,26,116,35,30,120,178,47,122,151,160,125,126,127,176,0,190,140,40,139,105,135,23,13,179,121,56,95,137,16,75,133,103,172,148,149,3,1,152,86,153,144,70,68,62,159,162,161,37,94,164,99,166,17,168,169,76,171,177,9,163,175,109,93,145,136,4,181,22,12,43,41,48,104,196,141,193,191,64,154,194,115,59,197,146,188,];False
5181;9485;14666;[199,72,78,150,155,57,60,7,186,192,10,42,31,61,185,15,118,92,14,19,20,173,8,123,24,25,131,27,28,170,106,130,198,147,34,16,55,66,38,39,132,174,90,6,44,45,158,119,21,49,50,51,77,53,85,36,182,46,74,79,184,32,183,63,52,129,124,67,18,69,156,71,2,111,89,180,29,114,167,81,80,142,82,83,157,54,5,87,88,11,101,91,138,189,58,128,195,97,143,99,84,134,102,100,65,96,117,187,108,98,110,165,112,113,188,26,116,35,30,120,178,47,122,151,160,125,126,127,176,0,190,140,40,139,105,135,23,13,179,121,56,95,137,33,75,133,103,172,148,149,3,1,152,86,153,144,70,68,62,159,162,161,37,94,164,73,166,17,168,169,76,171,93,9,163,175,109,177,145,136,4,181,22,12,43,59,48,104,196,141,193,191,64,154,194,115,41,197,146,107,];False
5174;9491;14665;[199,72,78,150,155,57,60,7,186,192,10,42,31,61,185,15,118,92,14,19,20,173,8,123,24,25,131,27,28,170,106,130,198,147,34,33,55,66,38,39,132,174,63,6,44,45,158,119,124,49,50,51,77,53,85,36,182,46,74,79,184,32,183,90,52,129,21,67,18,69,156,71,2,111,89,180,29,114,167,81,80,142,82,83,157,54,5,87,88,11,101,91,138,189,58,128,195,97,143,73,84,134,102,100,65,96,117,187,108,98,110,165,112,113,107,26,116,35,30,120,178,47,122,151,160,125,126,127,176,0,190,144,40,139,105,135,23,13,179,121,56,95,137,16,75,133,103,172,148,149,3,1,152,86,153,140,70,141,62,159,162,161,37,94,164,99,166,17,168,169,76,171,177,9,163,175,109,93,145,136,4,181,22,12,43,59,48,104,196,68,193,191,64,154,194,115,41,197,146,188,];False
5152;9512;14664;[199,72,78,150,155,57,60,7,186,192,10,42,31,61,185,15,118,92,14,19,20,173,8,123,24,25,131,27,28,170,106,130,198,147,34,33,55,66,38,39,132,174,63,6,44,45,158,119,124,49,50,51,77,53,85,36,182,46,74,79,184,32,183,90,52,129,21,67,18,69,156,71,2,111,89,180,29,114,167,81,80,142,82,83,157,54,5,87,88,11,101,91,138,189,58,128,195,97,143,73,84,134,76,100,65,96,117,187,108,98,110,165,112,113,107,26,116,35,30,120,178,47,122,151,160,125,126,127,176,0,190,144,40,139,105,135,23,13,179,121,56,95,137,16,75,133,103,172,148,149,3,1,152,86,153,140,70,68,62,159,162,161,37,94,164,99,166,17,168,169,102,171,177,9,163,175,109,93,145,136,4,181,22,12,43,59,48,104,196,141,193,191,64,154,194,115,41,197,146,188,];False
5179;9485;14664;[199,72,78,150,155,57,60,7,186,192,10,42,31,61,185,15,118,92,14,19,20,173,8,123,24,25,131,27,28,170,106,130,198,147,34,33,55,66,38,39,132,174,63,6,44,45,158,119,124,49,50,51,77,53,85,36,182,46,74,79,184,32,183,90,52,129,21,67,18,69,156,71,2,111,89,180,29,114,167,81,80,142,82,83,157,54,5,87,88,11,101,91,138,189,58,128,195,97,143,37,84,134,102,100,65,96,117,187,108,98,110,165,112,113,107,26,116,35,30,120,178,47,122,151,160,125,126,127,176,0,190,140,40,139,105,135,23,13,179,121,56,95,137,16,75,133,103,172,148,149,3,1,152,86,153,144,70,68,62,159,162,161,73,94,164,99,166,17,168,169,76,171,177,9,163,175,109,93,145,136,4,181,22,12,43,59,48,104,196,141,193,191,64,154,194,115,41,197,146,188,];False
5184;9477;14661;[199,72,78,150,155,57,60,7,186,192,10,42,31,61,185,15,118,92,14,19,20,173,8,123,24,25,131,27,28,170,106,130,198,147,34,16,55,66,38,39,132,174,90,6,44,45,158,119,124,49,50,51,77,53,85,36,182,46,74,79,184,32,183,63,52,129,21,67,18,69,156,71,2,111,89,180,29,114,167,81,80,142,82,83,157,54,5,87,94,11,101,91,138,189,58,128,195,97,143,73,84,134,102,100,65,96,117,187,108,98,110,165,112,113,107,26,116,35,30,120,178,47,122,151,160,125,126,127,176,0,190,140,40,139,105,135,23,13,179,121,56,95,137,33,75,133,103,172,148,149,3,1,152,86,153,144,70,68,62,159,162,161,37,88,164,99,166,17,168,169,76,171,93,9,163,175,109,177,145,136,4,181,22,12,43,59,48,104,196,141,193,191,64,154,194,115,41,197,146,188,];False
5134;9527;14661;[199,72,78,150,155,57,60,7,186,192,10,42,31,61,185,15,118,92,14,19,20,173,8,123,24,25,131,27,28,170,106,130,198,147,34,33,55,66,38,39,132,174,63,6,44,45,158,119,124,49,50,51,77,53,85,36,182,46,74,79,184,32,183,90,52,129,21,67,18,69,156,71,2,111,89,180,29,114,167,81,80,142,82,83,157,54,5,87,88,11,101,91,138,189,58,128,195,97,143,73,84,134,102,100,65,96,117,187,108,98,110,165,112,113,107,26,116,35,30,103,178,47,122,151,160,125,126,127,176,0,190,144,40,139,105,135,23,13,179,121,56,95,137,16,75,133,120,172,148,149,3,1,152,86,153,140,70,68,62,159,162,161,37,94,164,99,166,17,168,169,76,171,177,9,163,175,109,93,145,136,4,181,22,12,43,59,48,104,196,141,193,191,64,154,194,115,41,197,146,188,];False
5160;9500;14660;[199,72,78,150,155,57,60,7,186,192,10,42,31,61,185,15,118,92,14,19,20,173,8,123,24,25,131,27,28,170,106,175,198,147,34,33,55,66,38,39,132,174,63,6,44,45,158,119,124,49,50,51,77,53,85,36,182,46,74,79,184,32,183,90,52,129,21,67,18,69,156,71,2,111,89,180,29,114,167,81,80,142,82,83,157,54,5,87,88,11,101,91,138,189,58,128,195,97,143,73,84,134,102,100,65,96,117,187,108,98,110,165,112,113,107,26,116,35,30,120,178,47,122,151,160,125,126,127,176,0,190,140,40,139,105,135,23,13,179,121,56,95,137,16,75,133,103,172,148,149,3,1,152,86,153,144,70,68,62,159,162,161,37,94,164,99,166,17,168,169,76,171,177,9,163,130,109,93,145,136,4,181,22,12,43,59,48,104,196,141,193,191,64,154,194,115,41,197,146,188,];False
5164;9491;14655;[199,72,78,150,155,57,60,7,186,192,10,42,31,61,185,15,118,92,14,19,20,173,8,123,24,25,131,27,28,170,106,130,198,147,34,16,55,66,38,39,132,174,63,6,44,45,158,119,124,49,50,51,77,53,85,36,182,46,74,79,184,32,183,90,52,129,21,67,18,69,156,71,2,111,89,180,29,114,167,81,80,142,82,83,157,54,5,87,88,11,101,91,138,189,58,128,195,97,143,73,84,134,102,100,65,96,117,187,108,98,110,165,112,113,107,26,116,35,30,120,178,47,122,151,160,125,126,127,176,0,190,140,40,139,105,135,23,13,179,121,56,68,137,33,75,133,103,172,148,149,3,1,152,86,153,144,70,95,62,159,162,161,37,94,164,99,166,17,168,169,76,171,93,9,163,175,109,177,145,136,4,181,22,12,43,59,48,104,196,141,193,191,64,154,194,115,41,197,146,188,];False
5109;9544;14653;[199,183,78,150,155,57,60,7,186,192,10,42,31,61,185,15,118,92,14,19,20,173,8,123,24,25,131,27,28,170,106,130,198,147,34,33,55,66,38,39,132,174,63,6,44,45,158,119,124,49,50,51,77,53,85,36,182,46,74,79,184,32,72,90,52,129,21,67,18,69,156,71,2,111,89,180,29,114,167,81,80,142,82,83,157,54,5,87,88,11,101,91,138,189,58,128,195,97,143,73,84,134,102,100,65,96,117,187,108,98,110,165,112,113,107,26,116,35,30,120,178,47,122,151,160,125,126,127,176,0,190,144,40,139,105,135,23,13,179,121,56,95,137,16,75,133,103,172,148,149,3,1,152,86,153,140,70,68,62,159,162,161,37,94,164,99,166,17,168,169,76,171,177,9,163,175,109,93,145,136,4,181,22,12,43,59,48,104,196,141,193,191,64,154,194,115,41,197,146,188,];False
5177;9475;14652;[199,72,78,150,155,57,60,7,186,192,10,42,31,61,185,15,118,92,14,19,20,173,8,123,24,25,131,27,28,170,106,130,198,147,34,33,55,66,38,39,132,174,63,6,44,45,158,119,124,49,50,51,77,53,85,36,182,46,74,79,184,32,183,90,52,129,21,67,18,69,156,71,2,111,89,180,29,114,167,81,80,142,82,83,157,54,5,87,88,11,101,91,138,189,58,128,195,97,143,73,84,134,102,100,65,96,117,187,108,98,110,165,112,113,107,26,116,35,30,120,178,47,122,151,160,125,126,127,176,0,190,140,40,139,105,135,23,13,179,121,56,95,137,16,75,133,103,172,148,149,64,1,152,86,153,144,70,68,62,159,162,161,37,94,164,99,166,17,168,169,76,171,177,9,163,175,109,93,145,136,4,181,22,12,43,59,48,104,196,141,193,191,3,154,194,115,41,197,146,188,];False
5200;9449;14649;[199,72,78,150,155,57,60,7,186,192,10,42,31,61,185,15,118,92,14,19,20,173,8,123,24,25,131,27,38,170,106,130,198,147,34,16,55,66,28,39,132,174,90,6,44,45,158,119,21,49,50,51,77,53,85,36,182,46,74,79,184,32,183,63,52,129,124,67,18,69,156,71,2,111,89,180,29,114,167,81,80,142,82,83,157,54,5,87,88,11,101,91,138,189,58,128,195,97,143,73,84,134,102,100,65,96,117,187,108,98,110,165,112,113,107,26,116,35,30,120,178,47,122,151,160,125,126,127,176,0,190,140,40,139,105,135,23,13,179,121,56,95,137,33,75,133,103,172,148,149,3,1,152,86,153,144,70,68,62,159,162,161,37,94,164,99,166,17,168,169,76,171,93,9,163,175,109,177,145,136,4,181,22,12,43,59,48,104,196,141,193,191,64,154,194,115,41,197,146,188,];False
5168;9481;14649;[199,72,78,150,155,57,60,7,186,192,10,42,31,61,185,15,118,92,14,19,20,173,8,123,24,25,131,27,28,170,106,130,198,147,34,75,55,66,38,39,132,174,90,6,44,45,158,119,124,49,50,51,77,53,85,36,182,46,74,79,184,32,183,63,52,129,21,67,18,69,156,71,2,111,89,180,29,114,167,81,80,142,82,83,157,54,5,87,88,11,101,91,138,189,58,128,195,97,143,73,84,134,102,100,65,96,117,187,108,98,110,165,112,113,107,26,116,35,30,120,178,47,122,151,160,125,126,127,176,0,190,140,40,139,105,135,23,13,179,121,56,95,137,33,16,133,103,172,148,149,3,1,152,86,153,144,70,68,62,159,162,161,37,94,164,99,166,17,168,169,76,171,93,9,163,175,109,177,145,136,4,181,22,12,43,59,48,104,196,141,193,191,64,154,194,115,41,197,146,188,];False
5172;9476;14648;[199,72,78,150,155,57,60,7,186,192,10,42,31,61,185,15,118,92,14,19,20,173,8,123,24,25,131,27,28,170,106,130,198,147,34,33,55,66,38,2,132,174,63,6,44,45,158,119,124,49,50,51,77,53,85,36,182,46,74,79,184,32,183,90,52,129,21,67,18,69,156,71,39,111,89,180,29,114,167,81,80,142,82,83,157,54,5,87,88,11,101,91,138,189,58,128,195,97,143,73,84,134,102,100,65,96,117,187,108,98,110,165,112,113,107,26,116,35,30,120,178,47,122,151,160,125,126,127,176,0,190,140,40,139,105,135,23,13,179,121,56,95,137,16,75,133,103,172,148,149,3,1,152,86,153,144,70,68,62,159,162,161,37,94,164,99,166,17,168,169,76,171,93,9,163,175,109,177,145,136,4,181,22,12,43,59,48,104,196,141,193,191,64,154,194,115,41,197,146,188,];False
5196;9451;14647;[199,72,78,150,155,57,60,7,186,192,10,42,31,61,185,15,118,92,14,19,20,173,8,123,24,25,131,27,28,170,106,130,198,147,34,16,55,66,38,39,132,174,90,6,62,45,158,119,124,49,50,51,77,53,85,36,182,46,74,79,184,32,183,63,52,129,21,67,18,69,156,71,2,111,89,180,29,114,167,81,80,142,82,83,157,54,5,87,88,11,101,91,138,189,58,128,195,97,143,73,84,134,102,100,65,96,117,187,108,98,110,165,112,113,107,26,116,35,30,120,178,47,122,151,160,125,126,127,176,0,190,140,40,139,105,135,23,13,179,121,56,95,137,33,75,133,103,172,148,149,3,1,152,86,153,144,70,68,44,159,162,161,37,94,164,99,166,17,168,169,76,171,93,9,163,175,109,177,145,136,4,181,22,12,43,59,48,104,196,141,193,191,64,154,194,115,41,197,146,188,];False
5099;9547;14646;[199,72,78,150,155,57,60,7,186,192,10,42,31,61,185,15,118,92,14,19,20,173,8,123,24,25,131,27,28,170,106,130,198,147,34,33,55,66,38,39,132,174,63,6,44,45,158,119,124,49,50,51,77,53,85,36,182,46,74,79,184,32,183,90,52,129,21,67,18,69,156,71,2,111,89,180,29,114,167,81,80,142,82,83,157,54,5,87,88,11,101,91,138,189,58,128,195,97,143,73,84,134,102,100,65,96,117,187,108,98,110,165,112,113,107,26,116,35,30,120,178,47,122,151,160,125,126,127,176,0,190,144,40,193,105,135,23,13,179,121,56,95,137,16,75,133,103,172,148,149,3,1,152,86,153,140,70,68,62,159,162,161,37,94,164,99,166,17,168,169,76,171,177,9,163,175,109,93,145,136,4,181,22,12,43,59,48,104,196,141,139,191,64,154,194,115,41,197,146,188,];False
5172;9473;14645;[199,72,78,150,155,57,60,7,186,192,10,42,31,61,185,15,118,92,14,19,20,173,8,123,24,25,131,27,28,170,106,130,198,147,34,16,55,66,38,39,132,174,90,6,44,45,158,119,21,49,50,51,77,53,85,36,182,46,74,79,184,32,183,63,52,129,124,67,18,69,156,71,2,111,89,180,29,114,167,81,80,142,82,83,157,54,5,87,88,11,101,91,138,189,58,128,195,97,143,99,84,134,102,100,65,96,117,187,108,98,110,165,112,113,107,26,116,35,30,120,178,47,122,151,160,125,126,127,176,0,190,140,40,139,105,135,23,13,179,121,56,95,137,33,75,133,103,172,148,149,3,1,152,86,153,144,70,68,62,159,162,161,37,94,164,73,166,17,168,169,76,171,93,9,163,175,109,177,145,136,4,181,22,12,43,59,48,104,196,141,193,191,64,154,194,115,41,197,146,188,];False
5090;9554;14644;[199,72,78,150,155,57,133,7,186,192,10,42,31,61,185,15,118,92,14,19,20,173,8,123,24,25,131,27,28,170,106,130,198,147,34,33,55,66,38,39,132,174,63,6,44,45,158,119,124,49,50,51,77,53,85,36,182,46,74,79,184,32,183,90,52,129,21,67,18,69,156,71,2,111,89,180,29,114,167,81,80,142,82,83,157,54,5,87,88,11,101,91,138,189,58,128,195,97,143,73,84,134,102,100,65,96,117,187,108,98,110,165,112,113,107,26,116,35,30,120,178,47,122,151,160,125,126,127,176,0,190,144,40,139,105,135,23,13,179,121,56,95,137,16,75,60,103,172,148,149,3,1,152,86,153,140,70,68,62,159,162,161,37,94,164,99,166,17,168,169,76,171,177,9,163,175,109,93,145,136,4,181,22,12,43,59,48,104,196,141,193,191,64,154,194,115,41,197,146,188,];False
5126;9517;14643;[199,72,78,150,155,57,60,7,186,192,10,42,31,61,185,15,118,92,14,19,20,173,8,123,12,25,131,27,28,170,106,130,198,147,34,33,55,66,38,39,132,174,63,6,44,45,158,119,124,49,50,51,77,53,85,36,182,46,74,79,184,32,183,90,52,129,21,67,18,69,156,71,2,111,89,180,29,114,167,81,80,142,82,83,157,54,5,87,88,11,101,91,138,189,58,128,195,97,143,73,84,134,102,100,65,96,117,187,108,98,110,165,112,113,107,26,116,35,30,120,178,47,122,151,160,125,126,127,176,0,190,140,40,139,105,135,23,13,179,121,56,95,137,16,75,133,103,172,148,149,3,1,152,86,153,144,70,68,62,159,162,161,37,94,164,99,166,17,168,169,76,171,93,9,163,175,109,177,145,136,4,181,22,24,43,59,48,104,196,141,193,191,64,154,194,115,41,197,146,188,];False
5172;9469;14641;[199,72,78,150,155,57,60,7,186,192,10,42,31,61,185,15,118,92,14,19,20,173,8,123,24,25,131,27,28,170,106,130,198,147,34,16,55,66,38,39,132,174,90,6,44,45,158,119,21,49,50,51,77,53,85,36,182,46,74,79,184,32,183,63,52,129,124,67,18,69,156,71,2,111,89,180,29,114,167,81,80,142,82,83,157,54,5,87,88,11,101,91,138,189,58,128,195,97,143,73,84,134,102,100,65,96,117,187,108,98,110,165,112,113,107,26,116,35,30,120,178,47,122,151,160,125,126,127,176,0,190,140,40,139,105,135,23,13,179,121,56,95,137,33,75,133,103,172,148,149,3,1,152,86,153,144,70,68,62,159,162,161,37,94,164,99,166,17,168,169,76,171,93,9,163,175,109,177,145,136,4,181,22,12,43,59,48,104,196,141,193,191,64,154,194,115,41,197,146,188,];False
5184;9454;14638;[199,72,78,150,155,57,60,7,186,192,10,42,31,61,185,15,118,92,14,19,20,173,8,123,24,25,131,27,28,170,106,130,198,147,34,33,55,66,38,39,132,174,63,6,44,45,158,119,124,49,50,51,77,53,85,36,182,46,74,79,184,32,183,90,52,129,21,67,18,69,156,71,2,111,89,180,29,114,167,81,80,142,82,83,157,54,5,87,88,11,101,91,138,189,58,128,195,97,143,73,84,134,102,100,110,96,117,187,108,98,65,165,112,113,107,26,116,35,30,120,178,47,122,151,160,125,126,127,176,0,190,144,40,139,105,135,23,13,179,121,56,95,137,16,75,133,103,172,148,149,3,1,152,86,153,140,70,68,62,159,162,161,37,94,164,99,166,17,168,169,76,171,177,9,163,175,109,93,145,136,4,181,22,12,43,59,48,104,196,141,193,191,64,154,194,115,41,197,146,188,];False
5173;9464;14637;[199,72,78,150,155,57,60,7,186,192,10,42,31,61,185,15,118,92,14,19,20,173,8,123,24,25,131,27,28,170,106,130,198,147,34,33,55,66,38,39,132,174,63,6,44,45,158,119,124,49,50,51,77,180,85,36,182,46,74,79,184,32,183,90,52,129,21,67,18,69,156,71,2,111,89,53,29,114,167,81,80,142,82,83,157,54,5,87,88,11,101,91,138,189,58,128,195,97,143,73,84,134,102,100,65,96,117,187,108,98,110,165,112,113,107,26,116,35,30,120,178,47,122,151,160,125,126,127,176,0,190,140,40,139,105,135,23,13,179,121,56,95,137,16,75,133,103,172,148,149,3,1,152,86,153,144,70,68,62,159,162,161,37,94,164,99,166,17,168,169,76,171,177,9,163,175,109,93,145,136,4,181,22,12,43,59,48,104,196,141,193,191,64,154,194,115,41,197,146,188,];False
5174;9462;14636;[199,72,78,150,155,57,60,7,186,192,10,42,31,61,185,15,118,92,14,19,20,173,8,123,24,25,131,27,28,170,106,130,198,147,34,16,55,66,38,39,132,174,90,6,44,45,158,119,124,49,50,51,77,53,85,36,182,46,74,79,184,32,183,63,52,129,21,67,18,69,156,71,2,111,89,180,29,114,167,81,80,142,82,83,157,11,5,87,88,54,101,91,138,189,58,128,195,97,143,73,84,134,102,100,65,96,117,187,108,98,110,165,112,113,107,26,116,35,30,120,178,47,122,151,160,125,126,127,176,0,190,140,40,139,105,135,23,13,179,121,56,95,137,33,75,133,103,172,148,149,3,1,152,86,153,144,70,68,62,159,162,161,37,94,164,99,166,17,168,169,76,171,93,9,163,175,109,177,145,136,4,181,22,12,43,59,48,104,196,141,193,191,64,154,194,115,41,197,146,188,];False
5094;9541;14635;[199,72,78,28,155,57,60,7,186,192,10,42,31,61,185,15,118,92,14,19,20,173,8,123,24,25,131,27,150,170,106,130,198,147,34,33,55,66,38,39,132,174,63,6,44,45,158,119,124,49,50,51,77,53,85,36,182,46,74,79,184,32,183,90,52,56,21,67,18,69,156,71,2,111,89,180,29,114,167,81,80,142,82,83,157,168,5,87,88,11,101,91,138,189,58,128,195,97,143,73,84,134,102,100,65,96,117,187,108,98,110,165,112,113,107,26,116,35,30,120,178,47,122,151,160,125,126,127,176,0,190,144,40,139,105,135,23,13,179,121,129,95,137,16,75,133,103,172,148,149,3,1,152,86,153,140,70,68,62,159,162,161,37,94,164,99,166,17,54,169,76,171,177,9,163,175,109,93,145,136,4,181,22,12,43,59,48,104,196,141,193,191,64,154,194,115,41,197,146,188,];False
5079;9555;14634;[199,72,78,28,155,57,60,7,186,192,10,42,31,61,185,15,118,92,14,19,20,173,8,123,24,25,131,27,150,5,106,130,198,147,34,33,55,66,38,39,132,174,63,0,9,45,158,119,124,49,50,51,77,53,85,36,182,46,74,79,184,32,183,90,52,56,21,67,18,69,156,71,2,111,89,180,29,114,167,81,80,142,82,83,157,54,170,87,88,11,101,91,138,189,58,128,195,97,143,73,84,134,102,100,65,96,117,187,108,98,110,165,112,113,107,26,116,35,30,120,178,47,122,151,160,125,126,127,176,6,190,144,40,139,105,135,23,13,179,121,129,95,137,16,75,133,103,172,148,149,3,1,152,86,153,140,70,68,62,159,162,161,37,94,164,99,166,17,168,169,76,171,177,44,163,175,109,93,145,136,4,181,22,12,43,59,48,104,196,141,193,191,64,154,194,115,41,197,146,188,];False
5162;9469;14631;[199,72,78,150,155,57,60,7,186,192,10,42,31,61,185,15,118,92,14,19,20,173,8,123,24,25,131,27,28,170,106,130,198,147,34,16,55,66,38,39,132,174,90,6,44,45,158,119,124,49,50,51,77,53,85,36,182,46,74,79,184,32,183,63,52,129,21,67,18,69,156,71,2,111,89,180,29,114,167,81,80,102,82,83,157,54,5,87,88,11,101,91,138,189,58,128,195,97,143,73,84,134,142,100,65,96,117,187,108,98,110,165,112,113,107,26,116,35,30,120,178,47,122,151,160,125,126,127,176,0,190,140,40,139,105,135,23,13,179,121,56,95,137,33,75,133,103,172,148,149,3,1,152,86,153,144,70,68,62,159,162,161,37,94,164,99,166,17,168,169,76,171,93,9,163,175,109,177,145,136,4,181,22,12,43,59,48,104,196,141,193,191,64,154,194,115,41,197,146,188,];False
5122;9508;14630;[199,72,78,150,155,57,60,7,186,192,10,42,31,36,185,15,118,92,14,19,20,173,8,123,24,25,131,27,28,170,106,130,198,147,34,33,55,66,38,39,132,174,63,6,44,45,158,119,124,49,50,51,77,53,85,61,182,46,74,79,184,32,183,90,52,129,21,67,18,69,156,71,2,111,89,180,29,114,167,81,80,142,82,83,157,54,5,87,88,11,101,91,138,189,58,128,195,97,143,73,84,134,102,100,65,96,117,187,108,98,110,165,112,113,107,26,116,35,30,120,178,47,122,151,160,125,126,127,176,0,190,140,40,139,105,135,23,13,179,121,56,95,137,16,75,133,103,172,148,149,3,1,152,86,153,144,70,68,62,159,162,161,37,94,164,99,166,17,168,169,76,171,177,9,163,175,109,93,145,136,4,181,22,12,43,59,48,104,196,141,193,191,64,154,194,115,41,197,146,188,];False
5111;9515;14626;[199,72,78,150,155,57,60,7,186,192,10,42,31,61,185,15,118,92,14,19,20,173,8,123,24,25,131,27,28,170,106,130,198,147,34,33,55,66,38,39,132,174,63,6,44,45,158,119,124,49,50,51,77,53,85,36,182,46,74,79,184,32,183,90,52,129,21,67,18,69,156,71,2,111,164,180,29,114,167,81,80,142,82,83,157,54,5,87,88,11,101,91,138,189,58,128,195,97,143,73,84,134,102,100,65,96,117,187,108,98,110,165,112,113,107,26,116,35,30,120,178,47,122,151,160,125,126,127,176,0,190,140,40,139,105,135,23,13,179,121,56,95,137,16,75,133,103,172,148,149,3,1,152,86,153,144,70,68,62,159,162,161,37,94,89,99,166,17,168,169,76,171,177,9,163,175,109,93,145,136,4,181,22,12,43,59,48,104,196,141,193,191,64,154,194,115,41,197,146,188,];False
5182;9444;14626;[199,72,78,150,155,57,60,7,186,192,10,42,31,61,185,15,118,92,14,19,20,173,8,123,24,25,131,27,28,170,106,130,198,147,34,16,55,66,38,39,132,174,90,6,44,45,158,119,21,49,50,51,77,129,85,36,182,46,74,79,184,32,183,63,52,53,124,67,18,69,156,71,2,111,89,180,29,114,167,81,80,142,82,83,157,54,5,87,88,11,101,91,138,189,58,128,195,97,143,73,84,134,102,100,65,96,117,187,108,98,110,165,112,113,107,26,116,35,30,120,178,47,122,151,160,125,126,127,176,0,190,140,40,139,105,135,23,13,179,121,56,95,137,33,75,133,103,172,148,149,3,1,152,86,153,144,70,68,62,159,162,161,37,94,164,99,166,17,168,169,76,171,93,9,163,175,109,177,145,136,4,181,22,12,43,59,48,104,196,141,193,191,64,154,194,115,41,197,146,188,];False
5097;9525;14622;[199,72,78,150,155,57,60,7,186,192,10,42,31,61,185,15,118,92,14,19,20,173,8,123,24,46,131,27,28,170,106,130,198,147,34,33,55,66,38,39,132,174,63,6,44,45,158,119,124,49,50,51,77,53,85,36,182,25,74,79,184,32,183,90,52,129,21,67,18,69,156,71,2,111,89,180,29,114,167,81,80,142,82,83,157,54,5,87,88,11,101,91,138,189,58,128,195,97,143,73,84,134,102,100,65,96,117,187,108,98,110,165,112,113,107,26,116,35,30,120,178,47,122,151,160,125,126,127,176,0,190,144,40,139,105,135,23,13,179,121,56,95,137,16,75,133,103,172,148,149,3,1,152,86,153,140,70,68,62,159,162,161,37,94,164,99,166,17,168,169,76,171,177,9,163,175,109,93,145,136,4,181,22,12,43,59,48,104,196,141,193,191,64,154,194,115,41,197,146,188,];False
5094;9528;14622;[199,72,78,150,155,57,60,7,186,192,10,42,31,61,185,15,118,92,14,19,20,173,8,123,24,25,131,27,28,170,106,130,198,147,34,33,55,66,38,39,132,174,63,6,44,45,158,119,124,49,50,51,77,53,85,36,182,46,74,79,184,32,183,90,52,129,21,67,18,69,156,71,2,111,89,180,29,114,167,81,80,142,82,83,157,54,5,87,88,11,101,91,138,189,58,128,195,97,143,73,84,134,102,100,65,96,117,187,108,98,110,165,112,113,107,26,116,35,30,120,178,47,122,151,160,125,175,127,176,0,190,144,40,139,105,135,23,13,179,121,56,95,137,16,75,133,103,172,148,149,3,1,152,86,153,140,70,68,62,159,162,161,37,94,164,99,166,17,168,169,76,171,177,9,163,126,109,93,145,136,4,181,22,12,43,59,48,104,196,141,193,191,64,154,194,115,41,197,146,188,];False
5103;9517;14620;[199,72,78,150,155,57,60,7,186,192,10,42,31,61,36,15,118,92,14,19,20,173,8,123,24,25,131,27,28,170,106,130,198,147,34,33,55,66,38,39,132,174,63,6,44,45,158,119,124,49,50,51,77,53,85,185,182,46,74,79,184,32,183,90,52,129,21,67,18,69,156,71,2,111,89,180,29,114,167,81,80,142,82,83,157,54,5,87,88,11,101,91,138,189,58,128,195,97,143,73,84,134,102,100,65,96,117,187,108,98,110,165,112,113,107,26,116,35,30,120,178,47,122,151,160,125,126,127,176,0,190,144,40,139,105,135,23,13,179,121,56,95,137,16,75,133,103,172,148,149,3,1,152,86,153,140,70,68,62,159,162,161,37,94,164,99,166,17,168,169,76,171,177,9,163,175,109,93,145,136,4,181,22,12,43,59,48,104,196,141,193,191,64,154,194,115,41,197,146,188,];False
5071;9547;14618;[199,72,78,28,155,57,60,7,186,192,10,42,31,61,185,15,118,92,14,19,20,173,8,123,24,25,131,27,150,170,106,130,198,147,34,33,55,66,38,39,132,174,63,6,44,45,158,119,124,49,50,51,77,53,85,36,182,46,74,79,184,32,183,90,52,129,21,67,18,69,156,71,2,111,89,180,29,114,167,81,80,142,82,83,157,54,5,87,88,11,101,91,138,189,58,128,195,97,143,73,84,134,102,100,65,96,117,187,108,98,110,165,112,113,107,26,116,35,30,120,178,47,122,151,160,125,126,127,176,0,190,144,40,139,105,135,23,13,179,121,56,95,137,16,75,133,103,172,145,149,3,1,152,86,153,140,70,68,62,159,162,161,37,94,164,99,166,17,168,169,76,171,177,9,163,175,109,93,148,136,4,181,22,12,43,59,48,104,196,141,193,191,64,154,194,115,41,197,146,188,];False
5109;9508;14617;[199,72,78,150,155,57,60,7,186,192,10,42,31,61,185,15,118,92,14,19,20,173,8,123,24,25,131,27,28,170,106,130,198,147,34,33,55,66,38,39,132,174,63,6,44,45,158,119,124,49,50,51,77,53,87,36,182,46,74,79,184,32,183,90,52,129,21,67,18,69,156,71,2,111,89,180,29,114,167,81,80,142,82,83,157,54,5,85,88,11,101,91,138,189,58,128,195,97,143,73,84,134,102,100,65,96,117,187,108,98,110,165,112,113,107,26,116,35,30,120,178,47,122,151,160,125,126,127,176,0,190,144,40,139,105,135,23,13,179,121,56,95,137,16,75,133,103,172,148,149,3,1,152,86,153,140,70,68,62,159,162,161,37,94,164,99,166,17,168,169,76,171,177,9,163,175,109,93,145,136,4,181,22,12,43,59,48,104,196,141,193,191,64,154,194,115,41,197,146,188,];False
5082;9533;14615;[199,72,78,150,155,57,60,7,186,192,10,42,31,61,185,15,118,92,14,19,20,173,8,123,24,25,131,27,28,170,106,130,198,147,34,33,55,66,38,39,132,174,63,6,44,45,158,119,124,49,48,51,77,53,85,36,182,46,74,79,184,32,183,90,52,129,21,67,18,69,156,71,2,111,89,180,29,114,167,81,80,142,82,83,157,54,5,87,88,11,101,91,138,189,58,128,195,97,143,73,84,134,102,100,65,96,117,187,108,98,110,165,112,113,107,26,116,35,30,120,178,47,122,151,160,125,126,127,176,0,190,144,40,139,105,135,23,13,179,121,56,95,137,16,75,133,103,172,148,149,3,1,152,86,153,140,70,68,62,159,162,161,37,94,164,99,166,17,168,169,76,171,177,9,163,175,109,93,145,136,4,181,22,12,43,59,50,104,196,141,193,191,64,154,194,115,41,197,146,188,];False
5102;9512;14614;[199,72,78,28,155,57,60,7,186,192,10,42,31,61,185,15,118,92,14,19,20,173,8,123,24,25,131,27,150,5,106,130,198,147,34,33,55,66,38,39,132,174,63,6,9,45,158,119,124,49,50,51,77,53,85,36,182,46,74,79,184,32,183,90,52,56,21,67,18,69,156,71,2,111,89,180,29,114,167,81,80,142,82,83,157,54,64,87,88,11,101,91,138,189,58,128,195,97,143,73,84,134,102,100,65,96,117,187,108,98,110,165,112,113,107,26,116,35,30,120,178,47,122,151,160,125,126,127,176,0,190,144,40,139,105,135,23,13,179,121,129,95,137,16,75,133,103,172,148,149,3,1,152,86,153,140,70,68,62,159,162,161,37,94,164,99,166,17,168,169,76,171,177,44,163,175,109,93,145,136,4,181,22,12,43,59,48,104,196,141,193,191,170,154,194,115,41,197,146,188,];False
5117;9496;14613;[199,72,78,150,155,57,60,7,186,192,10,42,31,61,185,15,118,92,14,19,20,173,8,123,24,25,131,27,28,170,106,130,198,147,34,16,55,66,38,39,132,174,63,6,44,45,158,119,124,49,50,51,77,53,85,36,182,46,74,79,184,32,183,90,52,129,21,67,18,69,156,71,2,111,89,180,29,114,167,81,80,142,82,83,157,54,5,87,88,11,101,91,138,189,58,128,195,97,143,73,84,134,102,100,65,96,117,187,108,98,110,165,112,113,107,26,116,35,30,120,178,47,122,151,139,125,126,127,176,0,190,140,40,160,105,135,23,13,179,121,56,95,137,33,75,133,103,172,148,149,3,1,152,86,153,144,70,68,62,159,162,161,37,94,164,99,166,17,168,169,76,171,93,9,163,175,109,177,145,136,4,181,22,12,43,59,48,104,196,141,193,191,64,154,194,115,41,197,146,188,];False
5163;9450;14613;[199,72,78,150,155,57,60,7,186,192,10,42,31,61,185,15,118,92,14,19,20,173,8,123,24,25,131,27,28,170,106,130,198,147,34,16,55,66,38,39,132,174,90,6,44,45,158,119,124,49,50,51,77,53,85,36,182,46,74,79,184,32,183,63,52,129,21,67,18,69,156,71,2,111,89,180,29,114,167,81,80,142,82,83,157,54,148,87,88,11,101,91,138,189,58,128,195,97,143,73,84,134,102,100,65,96,117,187,108,98,110,165,112,113,107,26,116,35,30,120,178,47,122,151,160,125,126,127,176,0,190,140,40,139,105,135,23,13,179,121,56,95,137,33,75,133,103,172,5,149,3,1,152,86,153,144,70,68,62,159,162,161,37,94,164,99,166,17,168,169,76,171,93,9,163,175,109,177,145,136,4,181,22,12,43,59,48,104,196,141,193,191,64,154,194,115,41,197,146,188,];False
5050;9562;14612;[199,72,78,28,155,57,60,7,186,192,10,42,31,61,185,15,118,92,14,19,20,173,8,123,24,25,131,27,150,170,106,130,198,147,34,33,55,66,38,39,132,174,63,6,44,45,158,119,124,49,50,51,77,53,85,36,182,46,74,79,184,32,183,90,52,129,21,67,18,69,156,71,2,111,89,180,29,114,167,81,80,142,82,83,157,54,5,87,88,11,101,91,138,189,58,128,195,97,143,73,84,134,102,100,65,96,117,187,108,98,110,165,112,113,107,26,116,35,30,120,178,47,122,151,160,125,126,127,176,0,190,144,40,139,105,135,23,13,179,121,56,95,137,16,75,133,103,172,148,149,3,1,152,86,153,140,70,68,62,169,162,161,37,94,164,99,166,17,168,159,76,171,177,9,163,175,109,93,145,136,4,181,22,12,43,59,48,104,196,141,193,191,64,154,194,115,41,197,146,188,];False
5134;9478;14612;[199,72,78,150,155,57,60,7,186,192,10,42,31,61,185,15,118,92,14,19,20,173,8,123,24,25,131,27,28,170,106,130,198,147,34,33,55,85,38,39,132,174,63,6,44,45,158,119,124,49,50,51,77,53,66,36,182,46,74,79,184,32,183,90,52,129,21,67,18,69,156,71,2,111,89,180,29,114,167,81,80,142,82,83,157,54,5,87,88,11,101,91,138,189,58,128,195,97,143,73,84,134,102,100,65,96,117,187,108,98,110,165,112,113,107,26,116,35,30,120,178,47,122,151,160,125,126,127,176,0,190,140,40,139,105,135,23,13,179,121,56,95,137,16,75,133,103,172,148,149,3,1,152,86,153,144,70,68,62,159,162,161,37,94,164,99,166,17,168,169,76,171,177,9,163,175,109,93,145,136,4,181,22,12,43,59,48,104,196,141,193,191,64,154,194,115,41,197,146,188,];False
5068;9544;14612;[199,72,78,150,155,57,60,7,186,192,10,42,31,61,185,15,118,96,14,19,20,173,8,123,24,25,131,27,28,170,106,130,198,147,34,33,55,66,38,39,132,174,63,6,44,45,158,119,124,49,50,51,77,53,85,36,182,46,74,79,184,32,183,90,52,129,21,67,18,69,156,71,2,111,89,180,29,114,167,81,80,142,82,83,157,54,5,87,88,11,101,91,138,189,58,128,195,97,143,73,84,134,102,100,65,92,117,187,108,98,110,165,112,113,107,26,116,35,30,120,178,47,122,151,160,125,126,127,176,0,190,144,40,139,105,135,23,13,179,121,56,95,137,16,75,133,103,172,148,149,3,1,152,86,153,140,70,68,62,159,162,161,37,94,164,99,166,17,168,169,76,171,177,9,163,175,109,93,145,136,4,181,22,12,43,59,48,104,196,141,193,191,64,154,194,115,41,197,146,188,];False
5066;9542;14608;[199,72,78,150,155,57,60,7,186,192,10,42,31,61,185,15,118,92,14,19,20,173,8,123,24,25,131,27,28,170,106,130,198,147,34,33,55,66,38,39,132,174,63,6,44,45,158,119,124,49,50,51,77,53,85,36,182,46,74,79,184,32,183,90,52,129,21,67,18,69,156,71,2,128,89,180,29,114,167,81,80,142,82,83,157,54,5,87,88,11,101,91,138,189,58,111,195,97,143,73,84,134,102,100,65,96,117,187,108,98,110,165,112,113,107,26,116,35,30,120,178,47,122,151,160,125,126,127,176,0,190,144,40,139,105,135,23,13,179,121,56,95,137,16,75,133,103,172,148,149,3,1,152,86,153,140,70,68,62,159,162,161,37,94,164,99,166,17,168,169,76,171,177,9,163,175,109,93,145,136,4,181,22,12,43,59,48,104,196,141,193,191,64,154,194,115,41,197,146,188,];False
5115;9492;14607;[199,72,78,150,155,57,29,7,186,192,10,42,31,61,185,15,118,92,14,19,20,173,8,123,24,25,131,27,28,170,106,130,198,147,34,16,55,66,38,39,132,174,63,6,44,45,158,119,124,49,50,51,77,53,85,36,182,46,74,79,184,32,183,90,52,129,21,67,18,69,156,71,2,111,89,180,60,114,167,81,80,142,82,83,157,54,5,87,88,11,101,91,138,189,58,128,195,97,143,73,84,134,102,100,65,96,117,187,108,98,110,165,112,113,107,26,116,35,30,120,178,47,122,151,160,125,126,127,176,0,190,140,40,139,105,135,23,13,179,121,56,95,137,33,75,133,103,172,148,149,3,1,152,86,153,144,70,68,62,159,162,161,37,94,164,99,166,17,168,169,76,171,93,9,163,175,109,177,145,136,4,181,22,12,43,59,48,104,196,141,193,191,64,154,194,115,41,197,146,188,];False
5106;9494;14600;[199,72,78,150,155,57,60,7,186,192,10,42,31,61,185,15,118,92,14,19,20,173,8,123,24,25,131,27,28,170,106,130,198,147,132,33,55,66,38,39,34,174,63,6,44,45,158,119,124,49,50,51,77,53,85,36,182,46,74,79,184,32,183,90,52,129,21,67,18,69,156,71,2,111,89,180,29,114,167,81,80,142,82,83,157,54,5,87,88,11,101,91,138,189,58,128,195,97,143,73,84,134,102,100,65,96,117,187,108,98,110,165,112,113,107,26,116,35,30,120,178,47,122,151,160,125,126,127,176,0,190,140,40,139,105,135,23,13,179,121,56,95,137,16,75,133,103,172,148,149,3,1,152,86,153,144,70,68,62,159,162,161,37,94,164,99,166,17,168,169,76,171,177,9,163,175,109,93,145,136,4,181,22,12,43,59,48,104,196,141,193,191,64,154,194,115,41,197,146,188,];False
5086;9512;14598;[199,72,2,28,155,57,60,7,186,192,10,42,31,61,185,15,118,92,14,19,20,173,8,123,24,25,131,27,150,170,106,130,198,147,34,33,55,66,38,39,132,174,63,6,44,45,158,119,124,49,50,51,77,53,85,36,182,46,74,79,184,32,183,90,52,56,21,67,18,69,156,71,78,111,89,180,29,114,167,81,80,142,82,83,157,54,5,87,88,11,101,91,138,189,58,128,195,97,143,73,84,134,102,100,65,96,117,187,108,98,110,165,112,113,107,26,116,35,30,120,178,47,122,151,160,125,126,127,176,0,190,144,40,139,105,135,23,13,179,121,129,95,137,16,75,133,103,172,148,149,3,1,152,86,153,140,70,68,62,159,162,161,37,94,164,99,166,17,168,169,76,171,177,9,163,175,109,93,145,136,4,181,22,12,43,59,48,104,196,141,193,191,64,154,194,115,41,197,146,188,];False
5098;9500;14598;[199,72,78,28,155,83,60,7,186,192,10,42,31,61,185,15,118,92,14,19,20,173,8,123,24,25,131,27,150,170,106,130,198,147,34,33,55,66,38,39,132,174,63,6,44,45,158,119,124,49,50,51,77,53,85,36,182,46,74,79,184,32,183,90,52,56,21,67,18,69,156,71,2,111,89,180,29,114,167,81,80,142,82,57,157,54,5,87,88,11,101,91,138,189,58,128,195,97,143,73,84,134,102,100,65,96,117,187,108,98,110,165,112,113,107,26,116,35,30,120,178,47,122,151,160,125,126,127,176,0,190,144,40,139,105,135,23,13,179,121,129,95,137,16,75,133,103,172,148,149,3,1,152,86,153,140,70,68,62,159,162,161,37,94,164,99,166,17,168,169,76,171,177,9,163,175,109,93,145,136,4,181,22,12,43,59,48,104,196,141,193,191,64,154,194,115,41,197,146,188,];False
5085;9511;14596;[199,72,78,150,155,57,60,7,186,192,10,42,31,61,185,15,118,92,14,19,20,173,8,123,24,25,131,27,28,170,106,130,198,147,34,33,55,66,38,39,132,174,63,6,44,45,158,119,124,49,50,51,77,53,85,36,182,46,74,79,184,32,183,90,108,129,21,67,18,69,156,71,2,111,89,180,29,114,167,81,80,142,82,83,157,54,5,87,88,11,101,91,138,189,58,128,195,97,143,73,84,134,102,100,65,96,117,187,52,98,110,165,112,113,107,26,116,35,30,120,178,47,122,151,160,125,126,127,176,0,190,144,40,139,105,135,23,13,179,121,56,95,137,16,75,133,103,172,148,149,3,1,152,86,153,140,70,68,62,159,162,161,37,94,164,99,166,17,168,169,76,171,177,9,163,175,109,93,145,136,4,181,22,12,43,59,48,104,196,141,193,191,64,154,194,115,41,197,146,188,];False
5098;9498;14596;[199,72,78,150,155,57,60,7,186,192,10,42,31,61,185,15,118,92,14,19,20,173,8,123,24,25,131,27,28,170,106,130,198,147,34,33,55,66,38,39,132,174,63,6,44,45,158,119,124,49,50,51,77,53,85,36,182,46,74,79,184,32,183,90,52,129,21,67,18,69,156,71,2,111,89,180,29,114,167,81,80,142,82,83,157,54,5,176,88,11,101,91,138,189,58,128,195,97,143,73,84,134,102,100,65,96,117,187,108,98,110,165,112,113,107,26,116,35,30,120,178,47,122,151,160,125,126,127,87,0,190,140,40,139,105,135,23,13,179,121,56,95,137,16,75,133,103,172,148,149,3,1,152,86,153,144,70,68,62,159,162,161,37,94,164,99,166,17,168,169,76,171,177,9,163,175,109,93,145,136,4,181,22,12,43,59,48,104,196,141,193,191,64,154,194,115,41,197,146,188,];False
5054;9542;14596;[199,72,78,28,155,57,60,7,186,192,10,42,31,61,185,15,118,92,14,19,20,173,8,123,24,25,131,27,150,170,106,130,198,147,34,33,55,66,38,39,132,174,63,6,44,45,158,119,124,49,50,51,77,56,85,36,182,46,74,79,184,32,183,90,52,53,21,67,18,69,156,71,2,111,89,180,29,114,167,81,80,142,82,83,157,54,5,87,88,11,101,91,138,189,58,128,195,97,143,73,84,134,102,100,65,96,117,187,108,98,110,165,112,113,107,26,116,35,30,120,178,47,122,151,160,125,126,127,176,0,190,144,40,139,105,135,23,13,179,121,129,95,137,16,75,133,103,172,148,149,3,1,152,86,153,140,70,68,62,159,162,161,37,94,164,99,166,17,168,169,76,171,177,9,163,175,109,93,145,136,4,181,22,12,43,59,48,104,196,141,193,191,64,154,194,115,41,197,146,188,];False
5050;9542;14592;[199,72,78,28,155,57,111,7,186,192,10,42,31,61,185,15,118,92,14,19,20,173,8,123,24,25,131,27,150,170,106,130,198,147,34,33,55,66,38,39,132,174,63,6,44,45,158,119,124,49,50,51,77,53,85,36,182,46,74,79,184,32,183,90,52,56,21,67,18,69,156,71,2,60,89,180,29,114,167,81,80,142,82,83,157,54,5,87,88,11,101,91,138,189,58,128,195,97,143,73,84,134,102,100,65,96,117,187,108,98,110,165,112,113,107,26,116,35,30,120,178,47,122,151,160,125,126,127,176,0,190,144,40,139,105,135,23,13,179,121,129,95,137,16,75,133,103,172,148,149,3,1,152,86,153,140,70,68,62,159,162,161,37,94,164,99,166,17,168,169,76,171,177,9,163,175,109,93,145,136,4,181,22,12,43,59,48,104,196,141,193,191,64,154,194,115,41,197,146,188,];False
5093;9499;14592;[199,72,78,150,155,57,60,7,186,192,10,42,31,61,185,15,25,92,14,19,20,173,8,123,24,118,131,27,28,170,106,130,198,147,34,33,55,66,38,39,132,174,63,6,44,45,158,119,124,49,50,51,77,53,85,36,182,46,74,79,184,32,183,90,52,129,21,67,18,69,156,71,2,111,89,180,29,114,167,81,80,142,82,83,157,54,5,87,88,11,101,91,138,189,58,128,195,97,143,73,84,134,102,100,65,96,117,187,108,98,110,165,112,113,107,26,116,35,30,120,178,47,122,151,160,125,126,127,176,0,190,140,40,139,105,135,23,13,179,121,56,95,137,16,75,133,103,172,148,149,3,1,152,86,153,144,70,68,62,159,162,161,37,94,164,99,166,17,168,169,76,171,177,9,163,175,109,93,145,136,4,181,22,12,43,59,48,104,196,141,193,191,64,154,194,115,41,197,146,188,];False
5130;9460;14590;[199,72,78,150,155,57,60,7,186,192,10,42,31,61,185,15,118,92,14,19,20,173,8,123,24,25,131,27,28,170,106,130,198,147,34,16,55,66,38,39,132,174,90,6,44,45,158,119,124,49,50,51,77,53,85,36,182,46,74,79,184,32,183,63,52,129,21,67,18,69,156,71,2,111,89,180,29,114,167,81,80,142,82,83,157,54,5,87,88,11,101,91,138,189,58,128,195,97,143,73,84,134,102,100,65,96,117,187,108,98,110,165,112,113,107,26,116,35,30,120,178,47,122,151,160,125,126,127,176,0,190,140,40,139,105,135,23,13,179,121,56,95,137,33,75,133,103,172,148,149,3,1,152,86,153,144,70,68,62,159,162,161,37,94,164,99,166,17,168,169,76,171,93,9,163,175,109,177,145,136,4,181,22,12,43,59,48,104,196,141,193,191,64,154,194,115,41,197,146,188,];False
5089;9501;14590;[199,72,78,28,155,57,60,7,186,192,10,42,31,41,185,15,118,92,14,19,20,173,8,123,24,25,131,27,150,170,106,130,198,147,34,33,55,66,38,39,132,174,63,6,44,45,158,119,124,49,50,51,77,53,85,36,182,46,74,79,184,32,183,90,52,56,21,67,18,69,156,71,2,111,89,180,29,114,167,81,80,142,82,83,157,54,5,87,88,11,101,91,138,189,58,128,195,97,143,73,84,134,102,100,65,96,117,187,108,98,110,165,112,113,107,26,116,35,30,120,178,47,122,151,160,125,126,127,176,0,190,144,40,139,105,135,23,13,179,121,129,95,137,16,75,133,103,172,148,149,3,1,152,86,153,140,70,68,62,159,162,161,37,94,164,99,166,17,168,169,76,171,177,9,163,175,109,93,145,136,4,181,22,12,43,59,48,104,196,141,193,191,64,154,194,115,61,197,146,188,];False
5036;9551;14587;[199,72,78,150,155,57,60,7,186,192,10,42,31,61,185,15,118,92,14,19,20,173,8,123,24,25,131,27,28,170,106,130,198,147,34,33,55,66,38,39,132,174,63,6,44,45,158,119,124,49,50,51,77,53,85,36,182,46,74,79,184,32,183,90,52,129,21,67,18,69,156,71,2,111,89,180,29,114,167,81,80,142,82,83,157,54,5,87,88,11,101,91,138,189,58,128,195,97,143,73,84,134,102,100,65,96,117,187,108,98,110,165,112,113,107,26,116,35,30,120,178,47,122,151,160,125,126,127,176,0,190,144,40,139,105,188,23,13,179,121,56,95,137,16,75,133,103,172,148,149,3,1,152,86,153,140,70,68,62,159,162,161,37,94,164,99,166,17,168,169,76,171,177,9,163,175,109,93,145,136,4,181,22,12,43,59,48,104,196,141,193,191,64,154,194,115,41,197,146,135,];False
5103;9484;14587;[199,72,78,150,155,57,60,7,186,192,10,42,31,61,185,15,118,92,14,19,20,173,8,123,24,25,131,27,28,170,106,130,198,147,34,33,55,66,38,39,132,174,63,6,44,45,153,119,124,49,50,51,77,53,85,36,182,46,74,79,184,32,183,90,52,129,21,67,18,69,156,71,2,111,89,180,29,114,167,81,80,142,82,83,157,54,5,87,88,11,101,91,138,189,58,128,195,97,143,73,84,134,102,100,65,96,117,187,108,98,110,165,112,113,107,26,116,35,30,120,178,47,122,151,160,125,126,127,176,0,190,140,40,139,105,135,23,13,179,121,56,95,137,16,75,133,103,172,148,149,3,1,152,86,158,144,70,68,62,159,162,161,37,94,164,99,166,17,168,169,76,171,93,9,163,175,109,177,145,136,4,181,22,12,43,59,48,104,196,141,193,191,64,154,194,115,41,197,146,188,];False
5077;9505;14582;[199,72,78,150,155,57,60,7,186,192,10,42,31,61,185,15,121,92,14,19,20,173,8,123,24,25,131,27,28,170,106,130,198,147,34,33,55,66,38,39,132,174,63,6,44,45,158,119,124,49,50,51,77,53,85,36,182,46,74,79,184,32,183,90,52,129,21,67,18,69,156,71,2,111,89,180,29,114,167,81,80,142,82,83,157,54,5,87,88,11,101,91,138,189,58,128,195,97,143,73,84,134,102,100,65,96,117,187,108,98,110,165,112,113,107,26,116,35,30,120,178,47,122,151,160,125,126,127,176,0,190,144,40,139,105,135,23,13,179,118,56,95,137,16,75,133,103,172,148,149,3,1,152,86,153,140,70,68,62,159,162,161,37,94,164,99,166,17,168,169,76,171,177,9,163,175,109,93,145,136,4,181,22,12,43,59,48,104,196,141,193,191,64,154,194,115,41,197,146,188,];False
5048;9533;14581;[199,72,78,150,155,57,60,7,186,192,10,42,31,61,185,15,118,92,14,19,20,173,8,123,24,25,131,27,28,34,106,130,198,147,170,33,55,66,38,39,132,174,63,6,44,45,158,119,124,49,50,51,77,53,85,36,182,46,74,79,184,32,183,90,52,129,21,67,18,69,156,71,2,111,89,180,29,114,167,81,80,142,82,83,157,54,5,87,88,11,101,91,138,189,58,128,195,97,143,73,84,134,102,100,65,96,117,187,108,98,110,165,112,113,107,26,116,35,30,120,178,47,122,151,160,125,126,127,176,0,190,144,40,139,105,135,23,13,179,121,56,95,137,16,75,133,103,172,148,149,3,1,152,86,153,140,70,68,62,159,162,161,37,94,164,99,166,17,168,169,76,171,177,9,163,175,109,93,145,136,4,181,22,12,43,59,48,104,196,141,193,191,64,154,194,115,41,197,146,188,];False
5096;9483;14579;[199,72,78,150,155,57,60,7,186,192,10,42,31,61,185,15,118,92,14,19,20,173,8,123,24,25,131,27,28,170,106,130,198,147,34,16,55,66,38,39,132,174,63,6,44,45,158,119,124,49,50,51,77,53,85,36,182,46,74,79,184,135,183,90,52,129,21,67,18,69,156,71,2,111,89,180,29,114,167,81,80,142,82,83,157,54,5,87,88,11,101,91,138,189,58,128,195,97,143,73,84,134,102,100,65,96,117,187,108,98,110,165,112,113,107,26,116,35,30,120,178,47,122,151,160,125,126,127,176,0,190,140,40,139,105,32,23,13,179,121,56,95,137,33,75,133,103,172,148,149,3,1,152,86,153,144,70,68,62,159,162,161,37,94,164,99,166,17,168,169,76,171,93,9,163,175,109,177,145,136,4,181,22,12,43,59,48,104,196,141,193,191,64,154,194,115,41,197,146,188,];False
5027;9548;14575;[199,72,78,28,155,57,60,7,186,192,10,42,31,61,185,15,118,92,14,19,20,173,8,123,24,25,131,27,183,5,106,130,198,147,34,33,55,66,38,39,132,174,63,6,44,45,158,119,124,49,50,51,77,53,85,36,182,46,74,79,184,32,150,90,52,56,21,67,18,69,156,71,2,111,89,180,29,114,167,81,80,142,82,83,157,54,170,87,88,11,101,91,138,189,58,128,195,97,143,73,84,134,102,100,65,96,117,187,108,98,110,165,112,113,107,26,116,35,30,120,178,47,122,151,160,125,126,127,176,0,190,144,40,139,105,135,23,13,179,121,129,95,137,16,75,133,103,172,148,149,3,1,152,86,153,140,70,68,62,159,162,161,37,94,164,99,166,17,168,169,76,171,177,9,163,175,109,93,145,136,4,181,22,12,43,59,48,104,196,141,193,191,64,154,194,115,41,197,146,188,];False
5086;9486;14572;[199,72,78,150,155,57,60,7,186,192,10,42,31,61,185,15,118,92,14,19,20,173,8,123,24,25,131,27,28,170,106,130,198,147,34,16,55,66,38,39,132,174,63,6,44,45,158,119,124,49,50,51,77,53,85,36,182,46,74,79,184,32,183,90,52,129,21,67,18,69,156,71,2,111,89,180,29,114,167,81,80,142,82,83,157,54,5,87,88,11,101,91,138,189,58,128,195,97,143,73,84,134,102,100,65,96,117,187,108,98,110,165,112,113,107,26,116,35,30,120,178,47,122,151,160,125,126,127,176,0,190,140,40,139,105,135,23,13,179,121,56,95,137,33,75,133,103,172,148,149,3,1,152,86,153,144,70,68,62,159,162,161,37,94,164,99,166,17,168,169,76,171,93,9,163,175,109,177,145,136,4,181,22,12,43,59,48,104,196,141,193,191,64,154,194,115,41,197,146,188,];False
5042;9527;14569;[199,72,78,150,155,57,60,7,186,192,10,42,31,61,185,15,118,92,14,19,20,173,8,123,24,25,131,27,28,170,106,130,198,147,34,33,55,66,38,39,132,174,63,6,44,45,158,119,124,49,50,51,77,53,85,36,182,46,74,79,184,32,183,90,52,129,21,67,18,69,156,71,2,111,91,180,29,114,167,81,80,142,82,83,157,54,5,87,88,11,101,89,138,189,58,128,195,97,143,73,84,134,102,100,65,96,117,187,108,98,110,165,112,113,107,26,116,35,30,120,178,47,122,151,160,125,126,127,176,0,190,144,40,139,105,135,23,13,179,121,56,95,137,16,75,133,103,172,148,149,3,1,152,86,153,140,70,68,62,159,162,161,37,94,164,99,166,17,168,169,76,171,177,9,163,175,109,93,145,136,4,181,22,12,43,59,48,104,196,141,193,191,64,154,194,115,41,197,146,188,];False
5060;9504;14564;[199,72,78,150,155,57,60,7,186,192,10,42,31,61,185,15,118,92,14,19,20,173,8,123,24,25,131,27,28,170,106,130,198,147,34,33,55,66,38,39,132,174,63,6,44,45,158,119,124,49,50,51,77,53,85,36,182,46,74,79,184,32,183,90,52,129,21,67,18,69,156,71,2,111,89,180,29,114,167,81,80,142,82,83,157,54,5,87,88,11,101,91,138,189,58,128,195,97,143,73,84,134,102,100,65,96,117,187,108,98,110,165,112,113,107,26,116,35,30,120,178,47,122,151,160,125,126,127,176,0,190,140,40,139,105,135,23,13,179,121,56,95,137,16,75,133,103,172,148,149,3,1,152,86,153,144,70,68,62,159,162,161,37,94,164,99,166,17,168,169,76,171,93,9,163,175,109,177,145,136,4,181,22,12,43,59,48,104,196,141,193,191,64,154,194,115,41,197,146,188,];False
5003;9559;14562;[199,72,78,150,155,57,60,7,186,192,10,42,31,61,185,15,118,92,14,19,20,173,8,123,24,25,131,27,28,170,106,130,198,147,34,33,55,66,38,39,132,174,63,6,44,45,158,119,124,49,50,51,77,53,85,36,182,46,74,79,184,32,183,90,52,76,21,67,18,69,156,71,2,111,89,180,29,114,167,81,80,142,82,83,157,54,5,87,88,11,101,91,138,189,58,128,195,97,143,73,84,134,102,100,65,96,117,187,108,98,110,165,112,113,107,26,116,35,30,120,178,47,122,151,160,125,126,127,176,0,190,144,40,139,105,135,23,13,179,121,56,95,137,16,75,133,103,172,148,149,3,1,152,86,153,140,70,68,62,159,162,161,37,94,164,99,166,17,168,169,129,171,177,9,163,175,109,93,145,136,4,181,22,12,43,59,48,104,196,141,193,191,64,154,194,115,41,197,146,188,];False
5068;9494;14562;[199,72,78,150,155,57,60,96,186,192,10,42,31,61,185,15,118,92,14,19,20,173,8,123,24,25,131,27,28,170,106,130,198,147,34,33,55,66,38,39,132,174,63,6,44,45,158,119,124,49,50,51,77,53,85,36,182,46,74,79,184,32,183,90,52,129,21,67,18,69,156,71,2,111,89,180,29,114,167,81,80,142,82,83,157,54,5,87,88,11,101,91,138,189,58,128,195,97,143,73,84,134,102,100,65,7,117,187,108,98,110,165,112,113,107,26,116,35,30,120,178,47,122,151,160,125,126,127,176,0,190,144,40,139,105,135,23,13,179,121,56,95,137,16,75,133,103,172,148,149,3,1,152,86,153,140,70,68,62,159,162,161,37,94,164,99,166,17,168,169,76,171,177,9,163,175,109,93,145,136,4,181,22,12,43,59,48,104,196,141,193,191,64,154,194,115,41,197,146,188,];False
5019;9542;14561;[199,72,78,150,155,57,60,7,186,192,10,42,31,61,185,15,118,92,14,19,20,173,8,123,24,25,131,27,28,170,106,130,198,147,34,33,55,66,38,39,132,174,63,6,44,45,158,119,124,49,50,51,77,53,85,36,182,46,74,79,184,32,183,90,52,129,21,67,18,69,156,71,2,111,89,180,29,114,167,81,80,142,82,83,157,54,5,87,88,11,101,91,138,189,58,128,35,97,143,73,84,134,102,100,65,96,117,187,108,98,110,165,112,113,107,26,116,195,30,120,178,47,122,151,160,125,126,127,176,0,190,144,40,139,105,135,23,13,179,121,56,95,137,16,75,133,103,172,148,149,3,1,152,86,153,140,70,68,62,159,162,161,37,94,164,99,166,17,168,169,76,171,177,9,163,175,109,93,145,136,4,181,22,12,43,59,48,104,196,141,193,191,64,154,194,115,41,197,146,188,];False
5000;9561;14561;[199,72,78,28,155,57,60,7,186,192,10,42,31,61,185,15,118,92,14,19,20,173,8,123,24,25,131,27,150,5,106,130,198,147,34,33,163,66,38,39,132,174,63,6,44,45,158,119,124,49,50,51,77,53,85,36,182,46,74,79,184,32,183,90,52,56,21,67,18,69,156,71,2,111,89,180,29,114,167,81,80,142,82,83,157,54,170,87,88,11,101,91,138,189,58,128,195,97,143,73,84,134,102,100,65,96,117,187,108,98,110,165,112,113,107,26,116,35,30,120,178,47,122,151,160,125,126,127,176,0,190,144,40,139,105,135,23,13,179,121,129,95,137,16,75,133,103,172,148,149,3,1,152,86,153,140,70,68,62,159,162,161,37,94,164,99,166,17,168,169,76,171,177,9,55,175,109,93,145,136,4,181,22,12,43,59,48,104,196,141,193,191,64,154,194,115,41,197,146,188,];False
5036;9525;14561;[199,72,78,150,155,57,60,7,186,192,10,42,31,61,185,15,118,92,14,19,20,173,8,123,24,25,131,27,28,170,106,130,198,147,34,33,55,66,38,39,132,174,63,6,44,45,158,119,124,49,50,51,77,53,85,36,182,46,74,79,184,32,183,90,52,129,21,67,18,69,156,71,2,111,89,180,29,114,167,81,80,142,82,83,157,54,5,87,88,11,101,91,138,189,58,128,195,97,143,73,84,134,102,100,65,96,117,187,108,98,110,165,112,113,107,26,116,35,30,120,178,47,122,151,160,125,126,127,176,172,190,144,40,139,105,135,23,13,179,121,56,95,137,16,75,133,103,0,148,149,3,1,152,86,153,140,70,68,62,159,162,161,37,94,164,99,166,17,168,169,76,171,177,9,163,175,109,93,145,136,4,181,22,12,43,59,48,104,196,141,193,191,64,154,194,115,41,197,146,188,];False
5098;9458;14556;[199,72,78,150,155,57,60,7,186,192,10,42,31,61,185,15,118,92,14,19,20,173,8,125,24,25,131,27,28,170,106,130,198,147,34,33,55,66,38,39,132,174,63,6,44,45,158,119,124,49,50,51,77,53,85,36,182,46,74,79,184,32,183,90,52,129,21,67,18,69,156,71,2,111,89,180,29,114,167,81,80,142,82,83,157,54,5,87,88,11,101,91,138,189,58,128,195,97,143,73,84,134,102,100,65,96,117,187,108,98,110,165,112,113,107,26,116,35,30,120,178,47,122,151,160,123,126,127,176,0,190,140,40,139,105,135,23,13,179,121,56,95,137,16,75,133,103,172,148,149,3,1,152,86,153,144,70,68,62,159,162,161,37,94,164,99,166,17,168,169,76,171,177,9,163,175,109,93,145,136,4,181,22,12,43,59,48,104,196,141,193,191,64,154,194,115,41,197,146,188,];False
5113;9443;14556;[199,72,78,150,155,57,60,7,186,192,10,42,31,61,185,15,118,92,14,19,20,173,8,123,24,25,131,27,28,170,106,130,198,147,34,33,55,66,38,39,132,174,63,6,44,45,158,119,124,49,50,51,77,53,85,36,182,46,74,79,184,32,183,90,52,129,21,67,18,69,156,71,2,111,89,180,29,114,167,81,80,142,82,83,157,54,5,87,88,11,101,91,138,189,58,128,195,97,143,73,84,134,102,98,65,96,117,187,108,100,110,165,112,113,107,26,116,35,30,120,178,47,122,151,160,125,126,127,176,0,190,140,40,139,105,135,23,13,179,121,56,95,137,16,75,133,103,172,148,149,3,1,152,86,153,144,70,68,62,159,162,161,37,94,164,99,166,17,168,169,76,171,177,9,163,175,109,93,145,136,4,181,22,12,43,59,48,104,196,141,193,191,64,154,194,115,41,197,146,188,];False
4987;9562;14549;[199,72,78,28,155,57,60,7,186,192,10,42,31,61,185,15,118,92,14,19,20,173,8,123,24,25,131,27,150,170,106,130,198,147,34,33,55,66,38,39,132,174,63,6,44,45,158,119,124,49,50,51,77,53,85,36,182,46,74,79,184,32,183,90,52,56,21,67,18,69,156,71,2,111,89,180,29,114,167,81,80,142,82,83,157,54,5,87,88,11,101,91,138,189,58,128,195,97,143,73,84,134,102,100,65,96,117,187,108,98,110,165,194,113,107,26,116,35,30,120,178,47,122,151,160,125,126,127,176,0,190,144,40,139,105,135,23,13,179,121,129,95,137,16,75,133,103,172,148,149,3,1,152,86,153,140,70,68,62,159,162,161,37,94,164,99,166,17,168,169,76,171,177,9,163,175,109,93,145,136,4,181,22,12,43,59,48,104,196,141,193,191,64,154,112,115,41,197,146,188,];False
4987;9561;14548;[199,72,78,28,155,57,60,7,186,192,10,42,31,61,185,15,118,92,14,19,20,173,8,123,24,25,131,27,150,5,106,130,198,132,34,33,55,66,38,39,147,174,63,6,9,45,158,119,124,49,50,51,77,53,85,36,182,46,74,79,184,32,183,90,52,56,21,67,18,69,156,71,2,111,89,180,29,114,167,81,80,142,82,83,157,54,170,87,88,11,101,91,138,189,58,128,195,97,143,73,84,134,102,100,65,96,117,187,108,98,110,165,112,113,107,26,116,35,30,120,178,47,122,151,160,125,126,127,176,0,190,144,40,139,105,135,23,13,179,121,129,95,137,16,75,133,103,172,148,149,3,1,152,86,153,140,70,68,62,159,162,161,37,94,164,99,166,17,168,169,76,171,177,44,163,175,109,93,145,136,4,181,22,12,43,59,48,104,196,141,193,191,64,154,194,115,41,197,146,188,];False
5021;9527;14548;[199,72,78,28,155,57,60,7,186,192,10,42,31,61,185,15,118,92,14,19,20,173,8,123,24,25,131,27,150,5,106,130,198,147,34,33,55,66,38,39,132,174,63,6,181,45,158,119,124,49,50,51,77,53,85,36,182,46,74,79,184,32,183,90,52,56,21,67,18,69,156,71,2,111,89,180,29,114,167,81,80,142,82,83,157,54,170,87,88,11,101,91,138,189,58,128,195,97,143,73,84,134,102,100,65,96,117,187,108,98,110,165,112,113,107,26,116,35,30,120,178,47,122,151,160,125,126,127,176,0,190,144,40,139,105,135,23,13,179,121,129,95,137,16,75,133,103,172,148,149,3,1,152,86,153,140,70,68,62,159,162,161,37,94,164,99,166,17,168,169,76,171,177,9,163,175,109,93,145,136,4,44,22,12,43,59,48,104,196,141,193,191,64,154,194,115,41,197,146,188,];False
4999;9548;14547;[199,72,78,150,155,57,60,7,186,192,10,42,31,27,185,15,118,92,14,19,20,173,8,123,24,25,131,61,28,170,106,130,198,147,34,33,55,66,38,39,132,174,63,6,44,45,158,119,124,49,50,51,77,53,85,36,182,46,74,79,184,32,183,90,52,129,21,67,18,69,156,71,2,111,89,180,29,114,167,81,80,142,82,83,157,54,5,87,88,11,101,91,138,189,58,128,195,97,143,73,84,134,102,100,65,96,117,187,108,98,110,165,112,113,107,26,116,35,30,120,178,47,122,151,160,125,126,127,176,0,190,144,40,139,105,135,23,13,179,121,56,95,137,16,75,133,103,172,148,149,3,1,152,86,153,140,70,68,62,159,162,161,37,94,164,99,166,17,168,169,76,171,177,9,163,175,109,93,145,136,4,181,22,12,43,59,48,104,196,141,193,191,64,154,194,115,41,197,146,188,];False
5005;9540;14545;[199,72,78,28,155,57,60,7,186,192,10,42,31,61,185,15,118,92,14,19,20,173,8,123,24,25,131,27,150,5,106,130,198,147,34,33,55,66,38,39,132,174,63,6,9,45,158,119,124,49,50,51,77,53,85,36,182,46,74,79,184,32,183,90,52,56,21,67,18,69,156,71,2,111,89,180,29,114,152,81,80,142,82,83,157,54,170,87,88,11,101,91,107,189,58,128,195,97,143,73,84,134,102,100,65,96,117,187,108,98,110,165,112,113,138,26,116,35,30,120,178,47,122,151,160,125,126,127,176,0,190,144,40,139,105,135,23,13,179,121,129,95,137,16,75,133,103,172,148,149,3,1,167,86,153,140,70,68,62,159,162,161,37,94,164,99,166,17,168,169,76,171,177,44,163,175,109,93,145,136,4,181,22,12,43,59,48,104,196,141,193,191,64,154,194,115,41,197,146,188,];False
5040;9504;14544;[199,72,78,150,155,57,60,166,186,192,10,42,31,61,185,15,118,92,14,19,20,173,8,123,24,25,131,27,28,170,106,130,198,147,34,33,55,66,38,39,132,174,63,6,44,45,158,119,124,49,50,51,77,53,85,36,182,46,74,79,184,32,183,90,52,129,21,67,18,69,156,71,2,111,89,180,29,114,167,81,80,142,82,83,157,54,5,87,88,11,101,91,138,189,58,128,195,97,143,73,84,134,102,100,65,96,117,187,108,98,110,165,112,113,107,26,116,35,30,120,178,47,122,151,160,125,126,127,176,0,190,140,40,139,105,135,23,13,179,121,56,95,137,16,75,133,103,172,148,149,3,1,152,86,153,144,70,68,62,159,162,161,37,94,164,99,7,17,168,169,76,171,177,9,163,175,109,93,145,136,4,181,22,12,43,59,48,104,196,141,193,191,64,154,194,115,41,197,146,188,];False
5002;9541;14543;[199,72,78,28,155,57,60,7,186,192,10,42,31,61,185,15,118,92,14,19,20,173,8,123,24,25,131,27,150,170,106,130,198,147,34,33,55,66,38,39,132,174,63,6,44,45,158,119,124,49,50,51,77,53,85,36,182,46,74,79,184,32,183,90,52,56,21,67,18,69,172,71,2,111,89,180,29,114,167,81,80,142,82,83,157,54,5,87,88,11,101,91,138,189,58,128,195,97,143,73,84,134,102,100,65,96,117,187,108,98,110,165,112,113,107,26,116,35,30,120,178,47,122,151,160,125,126,127,176,0,190,144,40,139,105,135,23,13,179,121,129,95,137,16,75,133,103,156,148,149,3,1,152,86,153,140,70,68,62,159,162,161,37,94,164,99,166,17,168,169,76,171,177,9,163,175,109,93,145,136,4,181,22,12,43,59,48,104,196,141,193,191,64,154,194,115,41,197,146,188,];False
5004;9536;14540;[199,72,78,150,155,57,60,7,186,192,10,42,31,61,185,15,118,92,14,19,20,173,8,123,24,25,131,27,28,170,106,130,198,147,34,33,55,66,38,39,132,174,63,6,44,45,158,119,124,49,50,51,77,53,85,36,182,46,74,79,184,32,183,90,52,129,21,67,18,69,156,71,2,111,89,180,29,114,167,81,80,142,82,83,157,54,5,87,88,11,101,91,138,189,58,128,195,97,143,73,84,134,102,100,65,96,117,187,108,98,110,165,112,113,70,26,116,35,30,120,178,47,122,151,160,125,126,127,176,0,190,144,40,139,105,135,23,13,179,121,56,95,137,16,75,133,103,172,148,149,3,1,152,86,153,140,107,68,62,159,162,161,37,94,164,99,166,17,168,169,76,171,177,9,163,175,109,93,145,136,4,181,22,12,43,59,48,104,196,141,193,191,64,154,194,115,41,197,146,188,];False
5007;9527;14534;[199,72,78,28,155,57,60,7,186,192,10,42,31,61,185,15,118,92,14,19,20,173,8,123,24,25,131,27,150,5,106,130,198,147,34,33,55,66,38,39,132,174,63,6,44,45,158,119,124,49,50,51,77,53,85,36,182,46,74,79,184,32,183,90,52,56,21,67,18,69,156,71,2,111,89,180,29,114,167,81,80,142,9,83,157,54,170,87,88,11,101,91,138,189,58,128,195,97,143,73,84,134,102,100,65,96,117,187,108,98,110,165,112,113,107,26,116,35,30,120,178,47,122,151,160,125,126,127,176,0,190,144,40,139,105,135,23,13,179,121,129,95,137,16,75,133,103,172,148,149,3,1,152,86,153,140,70,68,62,159,162,161,37,94,164,99,166,17,168,169,76,171,177,82,163,175,109,93,145,136,4,181,22,12,43,59,48,104,196,141,193,191,64,154,194,115,41,197,146,188,];False
4936;9597;14533;[199,72,78,28,155,57,60,7,186,192,10,42,31,61,185,15,118,92,14,19,20,173,8,123,24,25,131,27,150,5,106,130,198,147,34,33,55,66,38,39,132,174,63,6,9,45,158,119,124,49,50,51,77,53,85,36,182,46,74,79,184,32,183,90,52,56,21,67,18,69,156,71,2,111,89,180,29,114,167,81,80,142,82,83,157,54,170,87,88,11,101,91,138,189,58,128,195,97,143,73,84,134,102,100,65,96,117,187,108,98,110,165,112,113,107,26,116,35,146,120,178,47,122,151,160,125,126,127,176,0,190,144,40,139,105,135,23,13,179,121,129,95,137,16,75,133,103,172,148,149,3,1,152,86,153,140,70,68,62,159,162,161,37,94,164,99,166,17,168,169,76,171,177,44,163,175,109,93,145,136,4,181,22,12,43,59,48,104,196,141,193,191,64,154,194,115,41,197,30,188,];False
5029;9502;14531;[199,72,78,28,155,57,60,7,186,192,10,42,31,61,185,15,118,92,14,19,20,173,8,123,24,25,131,27,150,5,106,130,198,147,34,33,55,66,38,39,132,174,63,6,44,45,158,119,124,49,50,51,77,53,85,36,182,46,74,79,184,32,183,90,52,56,21,67,18,69,156,71,2,111,89,180,29,114,167,81,80,142,82,83,157,54,170,87,88,11,101,91,138,189,58,128,195,97,143,73,84,134,102,100,65,96,117,187,108,98,110,165,112,113,107,26,116,35,30,120,178,47,122,151,160,125,126,127,176,0,190,144,40,139,105,135,23,13,179,121,129,95,137,16,75,133,103,172,148,149,3,1,152,86,153,140,70,68,62,159,162,161,37,94,164,99,166,17,168,169,76,171,177,9,163,175,109,93,145,136,4,181,22,12,43,59,64,104,196,141,193,191,48,154,194,115,41,197,146,188,];False
5034;9496;14530;[199,72,78,150,155,57,60,7,186,192,10,42,31,61,185,15,118,92,14,19,20,173,8,123,24,25,131,27,28,170,106,130,198,147,34,33,55,66,38,39,132,174,63,6,44,45,158,119,124,49,50,51,77,53,85,36,182,46,74,79,184,32,183,90,52,129,21,67,18,69,156,71,2,111,89,180,29,114,167,81,80,142,82,83,157,54,5,87,88,11,101,91,138,189,58,128,195,97,143,73,84,134,102,100,65,96,117,187,108,98,110,165,112,113,107,26,116,35,30,120,178,47,122,151,160,125,126,127,176,0,190,140,40,139,105,135,23,13,179,121,56,95,137,16,75,133,103,172,148,149,3,1,152,86,153,144,70,68,62,159,162,161,37,94,164,99,166,17,168,169,76,171,177,9,163,175,109,93,145,136,4,181,22,12,43,59,48,104,196,141,193,191,64,154,194,115,41,197,146,188,];False
5021;9507;14528;[199,72,78,28,155,57,60,7,186,192,10,42,31,61,185,15,118,92,14,19,20,173,8,123,24,4,131,27,150,5,106,130,198,147,34,33,55,66,38,39,132,174,63,6,9,45,158,119,124,49,50,51,77,53,85,36,182,46,74,79,184,32,183,90,52,56,21,67,18,69,156,71,2,111,89,180,29,114,167,81,80,142,82,83,157,54,170,87,88,11,101,91,138,189,58,128,195,97,143,73,84,134,102,100,65,96,117,187,108,98,110,165,112,113,107,26,116,35,30,120,178,47,122,151,160,125,126,127,176,0,190,144,40,139,105,135,23,13,179,121,129,95,137,16,75,133,103,172,148,149,3,1,152,86,153,140,70,68,62,159,162,161,37,94,164,99,166,17,168,169,76,171,177,44,163,175,109,93,145,136,25,181,22,12,43,59,48,104,196,141,193,191,64,154,194,115,41,197,146,188,];False
5001;9525;14526;[199,72,78,28,155,57,60,7,186,192,10,42,31,61,185,160,118,92,14,19,20,173,8,123,24,25,131,27,150,5,106,130,198,147,34,33,55,66,38,39,132,174,63,6,44,45,158,119,124,49,50,51,77,53,85,36,182,46,74,79,184,32,183,90,52,56,21,67,18,69,156,71,2,111,89,180,29,114,167,81,80,142,82,83,157,54,170,87,88,11,101,91,138,189,58,128,195,97,143,73,84,134,102,100,65,96,117,187,108,98,110,165,112,113,107,26,116,35,30,120,178,47,122,151,15,125,126,127,176,0,190,144,40,139,105,135,23,13,179,121,129,95,137,16,75,133,103,172,148,149,3,1,152,86,153,140,70,68,62,159,162,161,37,94,164,99,166,17,168,169,76,171,177,9,163,175,109,93,145,136,4,181,22,12,43,59,48,104,196,141,193,191,64,154,194,115,41,197,146,188,];False
4998;9527;14525;[199,72,78,150,155,57,60,7,186,192,10,42,31,61,185,15,118,92,14,19,20,173,8,123,24,25,131,27,28,170,106,130,198,147,34,33,55,66,38,39,132,174,63,6,44,45,158,119,124,49,50,51,77,53,85,36,182,46,74,79,184,32,183,90,52,129,21,67,18,69,156,71,2,111,89,180,29,114,167,81,80,142,82,83,157,54,5,87,88,11,101,91,138,189,58,128,195,97,143,73,84,134,102,100,65,96,117,187,108,98,110,165,112,113,107,26,116,35,30,120,178,47,122,151,160,125,126,127,176,0,190,144,40,139,105,135,23,13,179,121,56,95,137,16,75,133,103,172,148,149,3,1,152,86,153,140,70,68,62,159,162,161,37,94,164,99,166,17,168,169,76,171,177,9,163,175,109,93,145,136,4,181,22,12,43,59,48,104,196,141,193,191,64,154,194,115,41,197,146,188,];False
4984;9540;14524;[199,72,78,28,155,57,60,7,186,192,10,42,31,61,185,15,118,92,14,19,20,173,8,123,24,25,131,27,150,5,106,130,198,147,34,33,55,66,38,39,132,174,63,6,44,45,158,119,124,49,50,51,77,53,85,36,182,46,74,79,184,32,183,90,52,56,21,67,18,69,156,71,2,111,89,180,29,114,167,81,80,142,82,83,157,54,170,87,189,11,101,91,138,88,58,128,195,97,143,73,84,134,102,100,65,96,117,187,108,98,110,165,112,113,107,26,116,35,30,120,178,47,122,151,160,125,126,127,176,0,190,144,40,139,105,135,23,13,179,121,129,95,137,16,75,133,103,172,148,149,3,1,152,86,153,140,70,68,62,159,162,161,37,94,164,99,166,17,168,169,76,171,177,9,163,175,109,93,145,136,4,181,22,12,43,59,48,104,196,141,193,191,64,154,194,115,41,197,146,188,];False
4988;9535;14523;[199,72,78,28,155,57,60,7,186,192,10,42,31,61,185,15,118,92,14,19,20,173,8,123,24,25,131,27,150,170,106,130,198,147,34,33,55,66,38,39,132,174,63,6,44,45,158,119,124,49,50,51,77,53,85,36,182,46,74,79,184,136,183,90,52,56,21,67,18,69,156,71,2,111,89,180,29,114,167,81,80,142,82,83,157,54,5,87,88,11,101,91,138,189,58,128,195,97,143,73,84,134,102,100,65,96,117,187,108,98,110,165,112,113,107,26,116,35,30,120,178,47,122,151,160,125,126,127,176,0,190,144,40,139,105,135,23,13,179,121,129,95,137,16,75,133,103,172,148,149,3,1,152,86,153,140,70,68,62,159,162,161,37,94,164,99,166,17,168,169,76,171,177,9,163,175,109,93,145,32,4,181,22,12,43,59,48,104,196,141,193,191,64,154,194,115,41,197,146,188,];False
4991;9528;14519;[199,72,78,28,155,57,60,7,186,192,10,42,31,61,185,15,118,92,14,19,20,173,8,123,24,25,131,27,150,5,106,130,198,147,34,33,55,66,38,39,132,174,63,6,44,45,158,119,124,49,50,51,77,53,85,36,182,46,74,79,184,32,183,90,52,56,21,67,18,69,156,71,2,111,89,180,29,114,167,81,80,142,82,83,157,54,170,87,88,11,101,91,138,189,58,128,195,97,143,73,84,134,102,100,65,96,117,187,108,98,110,165,112,113,107,26,116,35,30,120,178,47,122,151,160,125,126,127,176,0,190,144,40,139,105,135,23,13,179,121,129,95,137,16,75,133,103,22,148,149,3,1,152,86,153,140,70,68,62,159,162,161,37,94,164,99,166,17,168,169,76,171,177,9,163,175,109,93,145,136,4,181,172,12,43,59,48,104,196,141,193,191,64,154,194,115,41,197,146,188,];False
4980;9538;14518;[199,72,78,28,155,57,60,7,186,192,10,42,31,61,185,15,118,92,14,19,20,173,8,123,24,25,131,27,150,5,106,130,198,147,34,33,55,66,38,39,132,174,63,6,44,45,158,119,124,49,50,51,77,53,85,36,182,46,74,79,184,32,183,90,52,56,21,67,18,69,156,71,2,111,89,180,29,114,167,81,80,142,82,83,157,54,170,87,88,11,101,91,138,189,58,128,195,97,143,73,84,134,102,100,65,96,117,187,108,98,110,165,112,113,107,154,116,35,30,120,178,47,122,151,160,125,126,127,176,0,190,144,40,139,105,135,23,13,179,121,129,95,137,16,75,133,103,172,148,149,3,1,152,86,153,140,70,68,62,159,162,161,37,94,164,99,166,17,168,169,76,171,177,9,163,175,109,93,145,136,4,181,22,12,43,59,48,104,196,141,193,191,64,26,194,115,41,197,146,188,];False
4976;9541;14517;[199,72,78,28,155,57,74,7,186,192,10,42,31,61,185,15,118,92,14,19,20,173,8,123,24,25,131,27,150,5,106,130,198,147,34,33,55,66,38,39,132,174,63,6,9,45,158,119,124,49,50,51,77,53,85,36,182,46,60,79,184,32,183,90,52,56,21,67,18,69,156,71,2,111,89,180,29,114,167,81,80,142,82,83,157,54,170,87,88,11,101,91,138,189,58,128,195,97,143,73,84,134,102,100,65,96,117,187,108,98,110,165,112,113,107,26,116,35,30,120,178,47,122,151,160,125,126,127,176,0,190,144,40,139,105,135,23,13,179,121,129,95,137,16,75,133,103,172,148,149,3,1,152,86,153,140,70,68,62,159,162,161,37,94,164,99,166,17,168,169,76,171,177,44,163,175,109,93,145,136,4,181,22,12,43,59,48,104,196,141,193,191,64,154,194,115,41,197,146,188,];False
4945;9568;14513;[199,72,78,28,155,57,60,7,186,192,10,42,31,61,185,15,118,92,14,19,20,173,8,123,24,25,131,27,150,170,106,130,198,147,34,33,55,66,146,39,132,174,63,6,44,45,158,119,124,49,50,51,77,53,85,36,182,46,74,79,184,32,183,90,52,129,21,67,18,69,156,71,2,111,89,180,29,114,167,81,80,142,82,83,157,54,5,87,88,11,101,91,138,189,58,128,195,97,143,73,84,134,102,100,65,96,117,187,108,98,110,165,112,113,107,26,116,35,30,120,178,47,122,151,160,125,126,127,176,0,190,144,40,139,105,135,23,13,179,121,56,95,137,16,75,133,103,172,148,149,3,1,152,86,153,140,70,68,62,159,162,161,37,94,164,99,166,17,168,169,76,171,177,9,163,175,109,93,145,136,4,181,22,12,43,59,48,104,196,141,193,191,64,154,194,115,41,197,38,188,];False
4990;9522;14512;[199,72,78,28,155,57,60,7,186,192,10,42,31,61,185,15,118,92,14,19,20,173,8,123,24,25,131,27,150,170,106,130,198,107,34,33,55,66,38,39,132,174,63,6,44,45,158,119,124,49,50,51,77,53,85,36,182,46,74,79,184,32,183,90,52,56,21,67,18,69,156,71,2,111,89,180,29,114,167,81,80,142,82,83,157,54,5,87,88,11,101,91,138,189,58,128,195,97,143,73,84,134,102,100,65,96,117,187,108,98,110,165,112,113,147,26,116,35,30,120,178,47,122,151,160,125,126,127,176,0,190,144,40,139,105,135,23,13,179,121,129,95,137,16,75,133,103,172,148,149,3,1,152,86,153,140,70,68,62,159,162,161,37,94,164,99,166,17,168,169,76,171,177,9,163,175,109,93,145,136,4,181,22,12,43,59,48,104,196,141,193,191,64,154,194,115,41,197,146,188,];False
5041;9462;14503;[199,72,78,150,155,57,60,7,186,192,10,42,31,61,185,15,118,92,14,19,20,173,8,123,24,25,131,27,28,170,106,130,198,147,34,33,55,66,38,39,132,174,63,6,44,45,158,119,124,49,50,51,77,53,85,36,182,46,74,79,184,32,183,90,52,129,21,67,18,69,156,71,2,111,89,180,29,114,167,81,80,142,82,83,157,54,5,87,88,11,101,91,138,189,58,128,195,97,143,73,84,134,102,100,65,96,117,187,108,98,110,165,112,113,107,26,116,35,30,120,178,47,122,151,160,125,126,127,176,0,166,140,40,139,105,135,23,13,179,121,56,95,137,16,75,133,103,172,148,149,3,1,152,86,153,144,70,68,62,159,162,161,37,94,164,99,190,17,168,169,76,171,177,9,163,175,109,93,145,136,4,181,22,12,43,59,48,104,196,141,193,191,64,154,194,115,41,197,146,188,];False
4941;9561;14502;[199,72,78,28,155,57,60,7,186,192,10,42,31,61,185,15,118,92,14,19,20,173,8,123,24,25,131,27,150,5,106,130,198,147,34,33,55,66,38,39,132,174,63,6,44,45,158,189,124,49,50,51,77,53,85,36,182,46,74,79,184,32,183,90,52,56,21,67,18,69,156,71,2,111,89,180,29,114,167,81,80,142,82,83,157,54,170,87,88,11,101,91,138,119,58,128,195,97,143,73,84,134,102,100,65,96,117,187,108,98,110,165,112,113,107,26,116,35,30,120,178,47,122,151,160,125,126,127,176,0,190,144,40,139,105,135,23,13,179,121,129,95,137,16,75,133,103,172,148,149,3,1,152,86,153,140,70,68,62,159,162,161,37,94,164,99,166,17,168,169,76,171,177,9,163,175,109,93,145,136,4,181,22,12,43,59,48,104,196,141,193,191,64,154,194,115,41,197,146,188,];False
4964;9535;14499;[199,72,78,28,155,57,60,7,186,192,10,42,31,61,185,15,118,92,14,19,20,173,8,123,24,25,131,27,150,5,106,130,198,147,34,33,55,66,38,39,132,174,63,6,44,45,158,119,124,49,50,51,77,53,85,36,182,46,74,79,184,32,183,90,52,56,21,67,109,69,156,71,2,111,89,180,29,114,167,81,80,142,82,83,157,54,170,87,88,11,101,91,138,189,58,128,195,97,143,73,84,134,102,100,65,96,117,187,108,98,110,165,112,113,107,26,116,35,30,120,178,47,122,151,160,125,126,127,176,0,190,144,40,139,105,135,23,13,179,121,129,95,137,16,75,133,103,172,148,149,3,1,152,86,153,140,70,68,62,159,162,161,37,94,164,99,166,17,168,169,76,171,177,9,163,175,18,93,145,136,4,181,22,12,43,59,48,104,196,141,193,191,64,154,194,115,41,197,146,188,];False
4943;9552;14495;[199,72,78,28,155,57,60,7,186,192,10,42,31,61,185,15,118,92,14,19,20,173,8,123,24,25,131,27,150,5,106,130,198,147,34,33,55,66,38,39,132,174,63,6,44,45,158,119,124,49,50,51,77,53,85,36,182,46,74,79,184,32,183,90,52,56,21,67,18,69,156,71,2,111,89,180,29,114,167,81,80,142,82,83,157,54,170,87,88,11,101,91,138,189,58,128,195,97,143,73,84,134,102,100,65,96,117,187,108,98,110,165,112,113,107,26,116,35,30,120,178,47,122,151,160,125,126,127,176,0,190,144,40,121,105,135,23,13,179,139,129,95,137,16,75,133,103,172,148,149,3,1,152,86,153,140,70,68,62,159,162,161,37,94,164,99,166,17,168,169,76,171,177,9,163,175,109,93,145,136,4,181,22,12,43,59,48,104,196,141,193,191,64,154,194,115,41,197,146,188,];False
4998;9497;14495;[199,72,78,28,155,57,60,7,186,192,10,42,31,61,185,15,118,92,14,19,20,109,8,123,24,25,131,27,150,170,106,130,198,147,34,33,55,66,38,39,132,174,63,6,44,45,158,119,124,49,50,51,77,53,85,36,182,46,74,79,184,32,183,90,52,56,21,67,18,69,156,71,2,111,89,180,29,114,167,81,80,142,82,83,157,54,5,87,88,11,101,91,138,189,58,128,195,97,143,73,84,134,102,100,65,96,117,187,108,98,110,165,112,113,107,26,116,35,30,120,178,47,122,151,160,125,126,127,176,0,190,144,40,139,105,135,23,13,179,121,129,95,137,16,75,133,103,172,148,149,3,1,152,86,153,140,70,68,62,159,162,161,37,94,164,99,166,17,168,169,76,171,177,9,163,175,173,93,145,136,4,181,22,12,43,59,48,104,196,141,193,191,64,154,194,115,41,197,146,188,];False
4965;9524;14489;[199,72,78,28,155,57,60,7,186,192,10,42,31,61,185,15,118,51,14,19,20,173,8,123,24,25,131,27,150,5,106,130,198,147,34,33,55,66,38,39,132,174,63,6,9,45,158,119,124,49,50,92,77,53,85,36,182,46,74,79,184,32,183,90,52,56,21,67,18,69,156,71,2,111,89,180,29,114,167,81,80,142,82,83,157,54,170,87,88,11,101,91,107,189,58,128,195,97,143,73,84,134,102,100,65,96,117,187,108,98,110,165,112,113,138,26,116,35,30,120,178,47,122,151,160,125,126,127,176,0,190,144,40,139,105,135,23,13,179,121,129,95,137,16,75,133,103,172,148,149,3,1,152,86,153,140,70,68,62,159,162,161,37,94,164,99,166,17,168,169,76,171,177,44,163,175,109,93,145,136,4,181,22,12,43,59,48,104,196,141,193,191,64,154,194,115,41,197,146,188,];False
4946;9542;14488;[199,72,78,28,155,57,60,7,186,192,10,42,31,61,104,15,118,92,14,19,20,173,8,123,24,25,131,27,150,5,106,130,198,147,34,33,55,66,38,39,132,174,63,6,9,45,158,119,124,49,50,51,77,53,85,36,182,46,74,79,184,32,183,90,52,56,21,67,18,69,156,71,2,111,89,180,29,114,167,81,80,142,82,83,157,54,170,87,88,11,101,91,107,189,58,128,195,97,143,73,84,134,102,100,65,96,117,187,108,98,110,165,112,113,138,26,116,35,30,120,178,47,122,151,160,125,126,127,176,0,190,144,40,139,105,135,23,13,179,121,129,95,137,16,75,133,103,172,148,149,3,1,152,86,153,140,70,68,62,159,162,161,37,94,164,99,166,17,168,169,76,171,177,44,163,175,109,93,145,136,4,181,22,12,43,59,48,185,196,141,193,191,64,154,194,115,41,197,146,188,];False
4947;9539;14486;[199,72,78,28,155,57,60,7,186,192,10,42,31,61,185,15,118,92,14,19,20,173,8,123,24,25,131,27,150,170,106,130,198,147,34,33,55,66,38,39,132,174,63,6,44,45,158,119,124,49,50,51,77,53,85,36,182,46,74,79,184,32,183,90,52,129,21,67,18,69,156,71,2,111,146,180,29,114,167,81,80,142,82,83,157,54,5,87,88,11,101,91,138,189,58,128,195,97,143,73,84,134,102,100,65,96,117,187,108,98,110,165,112,113,107,26,116,35,30,120,178,47,122,151,160,125,126,127,176,0,190,144,40,139,105,135,23,13,179,121,56,95,137,16,75,133,103,172,148,149,3,1,152,86,153,140,70,68,62,159,162,161,37,94,164,99,166,17,168,169,76,171,177,9,163,175,109,93,145,136,4,181,22,12,43,59,48,104,196,141,193,191,64,154,194,115,41,197,89,188,];False
4938;9545;14483;[199,72,78,28,155,57,60,166,186,192,10,42,31,61,185,15,118,92,14,19,20,173,8,123,24,25,131,27,150,170,106,130,198,147,34,33,55,66,38,39,132,174,63,6,44,45,158,119,124,49,50,51,77,53,85,36,182,46,74,79,184,32,183,90,52,129,21,67,18,69,156,71,2,111,89,180,29,114,167,81,80,142,82,83,157,54,5,87,88,11,101,91,138,189,58,128,195,97,143,73,84,134,102,100,65,96,117,187,108,98,110,165,112,113,107,26,116,35,30,120,178,47,122,151,160,125,126,127,176,0,190,144,40,139,105,135,23,13,179,121,56,95,137,16,75,133,103,172,148,149,3,1,152,86,153,140,70,68,62,159,162,161,37,94,164,99,7,17,168,169,76,171,177,9,163,175,109,93,145,136,4,181,22,12,43,59,48,104,196,141,193,191,64,154,194,115,41,197,146,188,];False
4923;9558;14481;[199,72,78,99,155,57,176,7,186,192,10,154,31,61,185,15,122,92,14,19,20,173,8,123,24,25,131,27,150,5,106,130,198,147,34,33,55,66,74,39,86,174,63,6,9,45,158,119,124,49,50,51,77,53,85,36,182,46,38,79,184,32,183,90,52,56,21,67,18,69,80,71,2,111,89,180,29,114,167,81,156,142,82,83,157,54,170,87,88,11,101,91,107,189,58,128,195,97,143,73,84,134,102,100,65,96,117,187,108,98,110,165,112,113,138,26,116,35,30,120,178,47,118,151,160,125,126,127,60,0,190,144,40,139,105,135,23,13,179,1,129,95,137,16,75,133,103,172,148,149,3,121,152,132,153,140,70,68,62,159,162,161,37,94,164,28,166,17,168,169,76,171,177,44,163,175,109,93,145,136,4,181,22,12,43,59,48,104,196,141,193,191,64,42,194,115,41,197,146,188,];False
4942;9534;14476;[199,72,53,28,155,57,60,7,186,192,10,42,31,61,185,15,118,92,14,19,20,173,8,123,24,25,131,27,150,5,106,130,198,147,34,33,55,66,38,39,132,174,63,6,44,45,158,119,124,49,50,51,77,78,85,36,182,46,74,79,184,32,183,90,52,56,21,67,18,69,156,71,2,111,89,180,29,114,167,81,80,142,82,83,157,54,170,87,88,11,101,91,138,189,58,128,195,97,143,73,84,134,102,100,65,96,117,187,108,98,110,165,112,113,107,26,116,35,30,120,178,47,122,151,160,125,126,127,176,0,190,144,40,139,105,135,23,13,179,121,129,95,137,16,75,133,103,172,148,149,3,1,152,86,153,140,70,68,62,159,162,161,37,94,164,99,166,17,168,169,76,171,177,9,163,175,109,93,145,136,4,181,22,12,43,59,48,104,196,141,193,191,64,154,194,115,41,197,146,188,];False
4937;9537;14474;[199,72,78,28,155,57,60,7,186,192,10,42,31,61,185,15,9,92,14,19,20,173,8,123,24,25,131,27,150,5,106,130,198,147,34,33,55,66,38,39,132,174,63,6,44,45,158,119,124,49,50,51,77,53,85,36,182,46,74,79,184,32,183,90,52,56,21,67,18,69,156,71,2,111,89,180,29,114,167,81,80,142,82,83,157,54,170,87,88,11,101,91,138,189,58,128,195,97,143,73,84,134,102,100,65,96,117,187,108,98,110,165,112,113,107,26,116,35,30,120,178,47,122,151,160,125,126,127,176,0,190,144,40,139,105,135,23,13,179,121,129,95,137,16,75,133,103,172,148,149,3,1,152,86,153,140,70,68,62,159,162,161,37,94,164,99,166,17,168,169,76,171,177,118,163,175,109,93,145,136,4,181,22,12,43,59,48,104,196,141,193,191,64,154,194,115,41,197,146,188,];False
4938;9535;14473;[199,72,78,28,155,57,60,7,186,192,10,42,31,61,185,15,118,92,14,19,20,173,8,123,24,25,131,27,150,5,106,130,198,147,34,33,55,66,38,39,132,174,63,6,9,45,158,119,124,49,50,51,77,53,85,36,182,46,74,79,184,32,183,90,52,56,21,67,18,69,156,71,2,111,89,180,29,114,167,81,80,142,82,83,157,54,170,87,88,11,101,91,138,140,58,128,195,97,143,73,84,134,102,100,65,96,117,187,108,98,110,165,112,113,107,26,116,35,30,120,178,47,122,151,160,125,126,127,176,0,190,144,40,139,105,135,23,13,179,121,129,95,137,16,75,133,103,172,148,149,3,1,152,86,153,189,70,68,62,159,162,161,37,94,164,99,166,17,168,169,76,171,177,44,163,175,109,93,145,136,4,181,22,12,43,59,48,104,196,141,193,191,64,154,194,115,41,197,146,188,];False
4925;9546;14471;[199,72,78,28,155,57,60,7,186,192,10,42,31,61,185,15,118,92,14,19,20,173,8,123,24,25,131,27,150,170,106,130,198,147,34,33,55,66,38,39,132,174,63,6,44,45,158,119,124,49,50,51,77,53,85,36,182,62,74,79,184,32,183,90,52,56,21,67,18,69,156,71,2,111,89,180,29,114,167,81,80,142,82,83,157,54,5,87,88,11,101,91,138,189,58,128,195,97,143,73,84,134,102,100,65,96,117,187,108,98,110,165,112,113,107,26,116,35,30,120,178,47,122,151,160,125,126,127,176,0,190,144,40,139,105,135,23,13,179,121,129,95,137,16,75,133,103,172,148,149,3,1,152,86,153,140,70,68,46,159,162,161,37,94,164,99,166,17,168,169,76,171,177,9,163,175,109,93,145,136,4,181,22,12,43,59,48,104,196,141,193,191,64,154,194,115,41,197,146,188,];False
4932;9537;14469;[199,72,78,28,155,57,60,7,186,192,10,42,31,61,185,15,118,92,14,19,20,173,8,123,24,25,131,27,150,170,106,130,198,147,34,33,55,66,38,39,132,174,63,6,44,45,158,119,124,49,50,51,77,53,85,36,182,46,74,79,184,32,183,90,52,129,21,67,18,69,156,71,2,111,89,180,29,114,167,81,80,142,82,83,157,54,5,87,88,11,101,91,138,189,58,128,195,97,143,73,84,134,102,100,65,96,117,187,108,98,110,165,112,113,107,26,116,35,30,120,178,47,122,151,160,125,126,127,176,0,190,144,40,139,105,135,23,13,179,121,56,95,137,16,75,133,103,172,148,149,3,1,152,86,153,140,70,68,62,159,162,161,37,94,164,99,166,17,168,169,76,171,177,9,163,175,109,93,145,136,4,181,22,12,43,59,48,104,196,141,193,191,64,154,194,115,41,197,146,188,];False
4953;9512;14465;[199,72,78,28,155,57,60,7,186,192,10,42,31,61,185,15,118,92,14,19,20,173,8,123,24,25,131,27,150,5,106,130,198,147,34,33,55,66,38,39,132,174,63,6,44,45,158,119,124,49,50,51,77,53,85,36,182,46,74,79,184,32,183,90,52,56,21,67,18,69,156,71,2,112,89,180,29,114,167,81,80,142,82,83,157,54,170,87,88,11,101,91,138,189,58,128,195,97,143,73,84,134,102,100,65,96,117,187,108,98,110,165,111,113,107,26,116,35,30,120,178,47,122,151,160,125,126,127,176,0,190,144,40,139,105,135,23,13,179,121,129,95,137,16,75,133,103,172,148,149,3,1,152,86,153,140,70,68,62,159,162,161,37,94,164,99,166,17,168,169,76,171,177,9,163,175,109,93,145,136,4,181,22,12,43,59,48,104,196,141,193,191,64,154,194,115,41,197,146,188,];False
4922;9542;14464;[199,72,78,28,155,57,60,7,186,192,10,42,31,61,185,15,118,92,14,19,20,173,8,123,24,25,131,27,150,18,106,130,198,147,34,33,55,66,38,39,132,174,63,6,9,45,158,119,124,49,50,51,77,53,85,36,182,46,74,79,184,32,183,90,52,56,21,67,5,69,156,71,2,111,89,180,29,114,167,81,80,142,82,83,157,54,170,87,88,11,101,91,107,189,58,128,195,97,143,73,84,134,102,100,65,96,117,187,108,98,110,165,112,113,138,26,116,35,30,120,178,47,122,151,160,125,126,127,176,0,190,144,40,139,105,135,23,13,179,121,129,95,137,16,75,133,103,172,148,149,3,1,152,86,153,140,70,68,62,159,162,161,37,94,164,99,166,17,168,169,76,171,177,44,163,175,109,93,145,136,4,181,22,12,43,59,48,104,196,141,193,191,64,154,194,115,41,197,146,188,];False
4943;9521;14464;[199,72,78,99,155,57,60,7,186,192,10,154,31,61,185,15,118,92,14,19,20,173,8,123,24,25,131,27,150,5,106,130,198,147,34,0,55,66,74,39,86,174,63,6,9,45,158,119,124,49,50,51,77,53,85,36,182,46,38,79,184,32,183,90,52,56,21,67,18,69,80,71,2,111,89,180,29,114,167,81,156,142,82,83,157,54,170,87,88,11,101,91,107,189,58,128,195,97,143,73,84,134,102,100,65,96,117,187,108,98,110,165,112,113,138,26,116,35,30,120,178,47,122,151,160,125,126,127,176,33,190,144,40,139,105,135,23,13,179,1,129,95,137,16,75,133,103,172,148,149,3,121,152,132,153,140,70,68,62,159,162,161,37,94,164,28,166,17,168,169,76,171,177,44,163,175,109,93,145,136,4,181,22,12,43,59,48,104,196,141,193,191,64,42,194,115,41,197,146,188,];False
4952;9511;14463;[199,72,78,28,155,57,60,7,186,192,10,42,31,61,185,15,118,92,14,19,20,173,8,123,24,25,131,27,150,170,106,130,198,147,34,33,55,66,38,39,132,174,63,6,44,151,158,119,124,49,50,51,77,53,85,36,182,46,74,79,184,32,183,90,52,56,21,67,18,69,156,71,2,111,89,180,29,114,167,81,80,142,82,83,157,54,5,87,88,11,101,91,138,189,58,128,195,97,143,73,84,134,102,100,65,96,117,187,108,98,110,165,112,113,107,26,116,35,30,120,178,47,122,45,160,125,126,127,176,0,190,144,40,139,105,135,23,13,179,121,129,95,137,16,75,133,103,172,148,149,3,1,152,86,153,140,70,68,62,159,162,161,37,94,164,99,166,17,168,169,76,171,177,9,163,175,109,93,145,136,4,181,22,12,43,59,48,104,196,141,193,191,64,154,194,115,41,197,146,188,];False
4942;9515;14457;[199,72,78,28,155,57,60,7,186,192,10,42,31,61,185,15,118,92,14,19,20,173,8,123,24,25,131,27,150,5,106,130,198,147,34,33,55,66,38,39,80,174,63,6,9,45,158,119,124,49,50,51,77,53,85,36,182,46,74,79,184,32,183,90,52,56,21,67,18,69,156,71,2,111,89,180,29,114,167,81,132,142,82,83,157,54,170,87,88,11,101,91,107,189,58,128,195,97,143,73,84,134,102,100,65,96,117,187,108,98,110,165,112,113,138,26,116,35,30,120,178,47,122,151,160,125,126,127,176,0,190,144,40,139,105,135,23,13,179,121,129,95,137,16,75,133,103,172,148,149,3,1,152,86,153,140,70,68,62,159,162,161,37,94,164,99,166,17,168,169,76,171,177,44,163,175,109,93,145,136,4,181,22,12,43,59,48,104,196,141,193,191,64,154,194,115,41,197,146,188,];False
4927;9530;14457;[199,72,78,28,155,57,60,7,186,192,10,42,31,61,185,15,118,92,14,19,20,173,8,123,24,25,131,27,150,5,106,130,198,147,34,33,55,66,38,39,132,174,63,6,9,45,158,119,124,49,50,51,77,53,85,36,182,46,74,79,184,32,183,90,52,56,21,67,18,69,156,71,2,111,89,180,29,114,167,81,80,142,82,83,157,54,170,87,88,11,101,91,138,189,58,128,195,97,143,73,84,134,102,100,65,96,117,187,108,98,110,165,112,193,107,26,116,35,30,120,178,47,122,151,160,125,126,127,176,0,190,144,40,139,105,135,23,13,179,121,129,95,137,16,75,133,103,172,148,149,3,1,152,86,153,140,70,68,62,159,162,161,37,94,164,99,166,17,168,169,76,171,177,44,163,175,109,93,145,136,4,181,22,12,43,59,48,104,196,141,113,191,64,154,194,115,41,197,146,188,];False
4903;9552;14455;[199,72,78,28,155,57,60,7,186,192,10,42,31,61,185,15,118,92,14,19,20,173,8,123,24,25,131,27,150,5,106,130,198,147,34,33,55,66,38,39,132,174,63,6,9,45,158,119,124,49,50,51,77,53,85,36,182,75,74,79,184,32,183,90,52,56,21,67,18,69,156,71,2,111,89,180,29,114,167,81,80,142,82,83,157,54,170,87,88,11,101,91,138,189,58,128,195,97,143,73,84,134,102,100,65,96,117,187,108,98,110,165,112,113,107,26,116,35,30,120,178,47,122,151,160,125,126,127,176,0,190,144,40,139,105,135,23,13,179,121,129,95,137,16,46,133,103,172,148,149,3,1,152,86,153,140,70,68,62,159,162,161,37,94,164,99,166,17,168,169,76,171,177,44,163,175,109,93,145,136,4,181,22,12,43,59,48,104,196,141,193,191,64,154,194,115,41,197,146,188,];False
4935;9512;14447;[199,72,78,28,155,57,60,7,186,192,10,42,31,61,185,15,118,92,14,19,20,173,8,123,24,25,131,27,150,5,106,130,198,147,34,33,55,66,38,39,132,174,63,6,44,45,158,119,124,49,50,51,77,53,85,36,182,46,74,79,184,32,183,90,52,56,21,67,18,69,156,71,2,111,89,180,29,114,167,81,80,142,82,83,157,54,170,87,88,11,101,91,138,189,58,128,195,97,143,73,84,134,102,100,65,96,117,187,108,41,110,165,112,113,107,26,116,35,30,120,178,47,122,151,160,125,126,127,176,0,190,144,40,139,105,135,23,13,179,121,129,95,137,16,75,133,103,172,148,149,3,1,152,86,153,140,70,68,62,159,162,161,37,94,164,99,166,17,168,169,76,171,177,9,163,175,109,93,145,136,4,181,22,12,43,59,48,104,196,141,193,191,64,154,194,115,98,197,146,188,];False
4926;9519;14445;[199,72,78,28,155,57,60,7,186,192,10,42,31,61,93,15,118,92,14,19,20,173,8,123,24,25,131,27,150,5,106,130,198,147,34,33,55,66,38,39,132,174,63,6,9,45,158,119,124,49,50,51,77,53,85,36,182,46,74,79,184,32,183,90,52,56,21,67,18,69,156,71,2,111,89,180,29,114,167,81,80,142,82,83,157,54,170,87,88,11,101,91,138,189,58,128,195,97,143,73,84,134,102,100,65,96,117,187,108,98,110,165,112,113,107,26,116,35,30,120,178,47,122,151,160,125,126,127,176,0,190,144,40,139,105,135,23,13,179,121,129,95,137,16,75,133,103,172,148,149,3,1,152,86,153,140,70,68,62,159,162,161,37,94,164,99,166,17,168,169,76,171,177,44,163,175,109,185,145,136,4,181,22,12,43,59,48,104,196,141,193,191,64,154,194,115,41,197,146,188,];False
4937;9506;14443;[199,72,78,28,155,57,60,7,186,192,10,42,31,61,185,15,118,92,14,19,20,173,8,123,24,25,131,27,150,170,106,130,198,147,34,33,55,66,38,39,132,174,63,6,44,45,158,119,124,49,50,51,77,53,85,36,182,46,74,79,184,32,183,90,52,56,21,67,18,69,156,71,2,111,89,180,29,114,167,81,80,142,82,83,157,54,5,87,88,11,101,91,138,189,58,128,195,97,143,73,84,134,102,100,65,96,117,187,108,98,110,165,112,113,107,26,116,35,30,120,178,47,122,151,160,125,126,127,176,0,190,144,40,139,105,135,23,13,179,121,129,95,137,16,75,133,103,172,148,149,3,1,152,86,153,140,166,68,62,159,162,161,37,94,164,99,70,17,168,169,76,171,177,9,163,175,109,93,145,136,4,181,22,12,43,59,48,104,196,141,193,191,64,154,194,115,41,197,146,188,];False
4898;9538;14436;[199,72,78,28,155,57,60,7,186,192,10,42,31,61,185,15,118,92,14,19,20,173,8,123,24,25,131,44,150,5,106,130,198,147,34,33,55,66,38,39,132,174,63,6,9,45,158,119,124,49,50,51,77,53,85,36,182,46,74,79,184,32,183,90,52,56,21,67,18,69,156,71,2,111,89,180,29,114,167,81,80,142,82,83,157,54,170,87,88,11,101,91,138,189,58,128,195,97,143,73,84,134,102,100,65,96,117,187,108,98,110,165,112,113,107,26,116,35,30,120,178,47,122,151,160,125,126,127,176,0,190,144,40,139,105,135,23,13,179,121,129,95,137,16,75,133,103,172,148,149,3,1,152,86,153,140,70,68,62,159,162,161,37,94,164,99,166,17,168,169,76,171,177,27,163,175,109,93,145,136,4,181,22,12,43,59,48,104,196,141,193,191,64,154,194,115,41,197,146,188,];False
4829;9602;14431;[199,72,78,99,155,57,60,7,186,192,10,154,31,61,185,15,118,92,14,19,20,173,8,123,24,25,131,27,150,5,106,130,198,147,34,33,55,66,74,39,86,174,63,6,9,45,158,119,124,49,50,51,77,53,85,36,182,46,38,79,184,32,171,90,52,56,21,67,18,69,80,71,2,111,89,180,29,114,167,81,156,142,82,83,157,54,170,87,88,11,101,91,107,189,58,128,195,97,143,73,84,134,102,100,65,96,117,187,108,98,110,165,112,113,138,26,116,35,30,120,178,47,122,151,160,125,126,127,176,0,190,144,40,139,105,135,23,13,179,1,129,95,137,16,75,133,103,172,148,149,3,121,152,132,153,140,70,68,62,159,162,161,37,94,164,28,166,17,168,169,76,183,177,44,163,175,109,93,145,136,4,181,22,12,43,59,48,104,196,141,193,191,64,42,194,115,41,197,146,188,];False
4889;9533;14422;[199,72,78,28,155,57,60,7,186,192,10,42,31,61,185,15,118,92,14,19,20,173,8,123,24,25,131,27,150,5,106,130,198,147,34,33,55,66,38,39,132,174,63,6,44,45,158,119,124,49,50,51,77,53,85,36,182,46,74,79,184,32,183,90,52,56,21,67,18,69,156,71,2,111,89,180,29,114,167,81,80,142,82,83,157,54,170,87,88,11,101,91,138,189,58,128,195,97,143,73,84,134,102,100,65,96,117,187,108,98,110,165,112,113,107,26,116,35,30,120,178,47,122,151,160,125,126,127,176,0,190,144,40,139,105,135,23,13,179,121,129,95,137,16,75,133,103,172,148,149,3,1,152,86,153,140,70,68,62,159,162,161,37,94,164,99,166,17,168,169,76,171,177,9,163,175,109,93,145,136,4,181,22,12,43,59,48,104,196,141,193,191,64,154,194,115,41,197,146,188,];False
4883;9536;14419;[199,72,78,28,155,57,60,7,186,192,10,42,31,61,185,15,118,92,14,19,20,173,8,123,184,25,131,27,150,5,106,130,198,147,34,33,55,66,38,39,132,174,63,6,9,45,158,119,124,49,50,51,77,53,85,36,182,46,74,79,24,32,183,90,52,56,21,67,18,69,156,71,2,111,89,180,29,114,167,81,80,142,82,83,157,54,170,87,88,11,101,91,138,189,58,128,195,97,143,73,84,134,102,100,65,96,117,187,108,98,110,165,112,113,107,26,116,35,30,120,178,47,122,151,160,125,126,127,176,0,190,144,40,139,105,135,23,13,179,121,129,95,137,16,75,133,103,172,148,149,3,1,152,86,153,140,70,68,62,159,162,161,37,94,164,99,166,17,168,169,76,171,177,44,163,175,109,93,145,136,4,181,22,12,43,59,48,104,196,141,193,191,64,154,194,115,41,197,146,188,];False
4891;9523;14414;[199,72,78,28,155,57,60,7,186,192,10,42,31,61,185,15,118,92,14,19,20,173,8,123,24,25,131,27,150,170,106,130,198,147,34,33,55,66,38,39,132,174,63,6,44,45,158,119,124,49,50,51,77,53,85,36,182,46,74,79,184,32,183,90,52,56,21,67,18,69,156,71,2,111,89,180,29,114,167,81,80,142,82,83,157,54,5,87,88,11,101,91,138,189,58,128,195,97,143,73,84,134,102,100,65,96,117,187,108,98,110,165,112,113,107,26,116,35,30,120,178,47,122,151,160,125,126,127,176,0,190,144,40,139,105,135,23,13,179,121,129,95,137,16,75,133,103,172,148,149,3,1,152,86,153,140,70,68,62,159,162,161,37,94,164,99,166,17,168,169,76,171,177,9,163,175,109,93,145,136,4,181,22,12,43,59,48,104,196,141,193,191,64,154,194,115,41,197,146,188,];False
4897;9517;14414;[199,72,78,28,155,57,60,7,186,192,10,42,31,142,185,15,118,92,14,19,20,173,8,123,24,25,131,27,150,170,106,130,198,147,34,33,55,66,38,39,132,174,63,6,44,45,158,119,124,49,50,51,77,53,85,36,182,46,74,79,184,32,183,90,52,56,21,67,18,69,156,71,2,111,89,180,29,114,167,81,80,61,82,83,157,54,5,87,88,11,101,91,138,189,58,128,195,97,143,73,84,134,102,100,65,96,117,187,108,98,110,165,112,113,107,26,116,35,30,120,178,47,122,151,160,125,126,127,176,0,190,144,40,139,105,135,23,13,179,121,129,95,137,16,75,133,103,172,148,149,3,1,152,86,153,140,70,68,62,159,162,161,37,94,164,99,166,17,168,169,76,171,177,9,163,175,109,93,145,136,4,181,22,12,43,59,48,104,196,141,193,191,64,154,194,115,41,197,146,188,];False
4909;9500;14409;[199,72,78,28,155,57,60,7,186,192,10,154,31,61,185,15,118,92,14,19,20,173,8,123,24,25,131,27,150,5,106,130,198,147,34,33,55,66,38,39,132,174,63,6,9,45,158,119,124,49,50,51,77,53,85,36,182,46,74,79,184,32,183,90,52,56,21,67,18,69,156,71,2,111,89,180,29,114,167,81,80,142,82,83,157,54,170,87,88,11,101,178,107,189,58,128,195,97,143,73,84,134,102,100,65,96,117,187,108,98,110,165,112,113,138,26,116,35,30,120,91,47,122,151,160,125,126,127,176,0,190,144,40,139,105,135,23,13,179,121,129,95,137,16,75,133,103,172,148,149,3,1,152,86,153,140,70,68,62,159,162,161,37,94,164,99,166,17,168,169,76,171,177,44,163,175,109,93,145,136,4,181,22,12,43,59,48,104,196,141,193,191,64,42,194,115,41,197,146,188,];False
4893;9516;14409;[199,72,78,28,155,57,60,7,186,192,10,154,31,61,185,15,118,92,14,19,20,173,8,123,24,25,131,27,150,5,106,130,198,147,34,33,55,66,38,39,132,174,63,6,9,45,158,119,124,49,50,51,77,53,85,36,182,46,74,79,184,32,183,90,52,56,21,67,18,69,156,71,2,111,89,180,29,114,167,81,80,142,82,83,157,54,170,87,88,11,101,91,107,189,58,128,195,97,143,73,84,134,102,100,65,96,117,187,108,98,110,165,112,113,138,26,116,35,30,120,178,47,122,151,160,125,126,127,176,0,190,144,40,139,105,135,23,13,179,121,129,95,137,16,75,133,103,172,148,149,3,1,152,86,153,140,70,68,62,159,162,161,37,94,164,99,166,17,168,169,43,171,177,44,163,175,109,93,145,136,4,181,22,12,76,59,48,104,196,141,193,191,64,42,194,115,41,197,146,188,];False
4881;9521;14402;[199,72,78,99,155,57,176,7,186,192,10,154,31,61,185,15,118,92,14,19,20,173,8,123,24,25,131,27,150,5,106,130,198,147,34,33,55,66,74,39,86,174,63,6,9,45,158,119,124,49,50,51,77,53,85,36,182,46,38,79,184,32,183,90,52,56,21,67,18,69,80,71,2,111,89,180,29,114,167,81,156,142,82,83,157,54,170,87,88,11,101,91,107,189,58,128,195,97,143,73,84,134,102,100,65,96,117,187,108,98,110,165,112,113,138,26,116,35,30,120,178,47,122,151,160,125,126,127,60,0,190,144,40,139,105,135,23,13,179,1,129,95,137,16,94,133,103,172,148,149,3,121,152,163,153,140,70,68,62,159,162,161,37,75,164,28,166,17,168,169,76,171,177,44,132,175,109,93,145,136,4,181,22,12,43,59,48,104,196,141,193,191,64,42,194,115,41,197,146,188,];False
4886;9515;14401;[199,72,78,99,155,57,60,7,186,192,10,154,31,61,185,15,118,92,14,19,20,173,153,123,24,25,131,27,150,5,106,130,198,147,34,33,55,66,74,39,86,174,63,6,9,45,158,119,124,49,50,51,77,53,85,36,182,46,38,79,184,32,183,90,52,56,21,67,18,69,80,71,2,111,89,180,29,114,167,81,156,142,82,83,157,54,170,87,88,11,101,91,107,189,58,128,195,97,143,73,84,134,102,100,65,96,117,187,108,98,110,165,112,113,138,26,116,35,30,120,178,47,122,151,160,125,126,127,176,0,190,144,40,139,105,135,23,13,179,1,129,95,137,16,75,133,103,172,148,149,3,121,152,132,8,140,70,68,62,159,162,161,37,94,164,28,166,17,168,169,76,171,177,44,163,175,109,93,145,136,4,181,22,12,43,59,48,104,196,141,193,191,64,42,194,115,41,197,146,188,];False
4923;9478;14401;[199,72,78,28,155,57,60,7,186,192,10,154,31,61,185,15,118,92,14,19,20,173,8,123,24,25,131,27,150,5,106,130,198,147,34,33,55,66,38,39,132,174,196,6,9,45,158,119,124,49,50,51,77,53,85,36,182,46,74,79,184,32,183,90,52,56,21,67,18,69,156,71,2,111,89,180,29,114,167,81,80,142,82,83,157,54,170,87,88,11,101,91,107,189,58,128,195,97,143,73,84,134,102,100,65,96,117,187,108,98,110,165,112,113,138,26,116,35,30,120,178,47,122,151,160,125,126,127,176,0,190,144,40,139,105,135,23,13,179,121,129,95,137,16,75,133,103,172,148,149,3,1,152,86,153,140,70,68,62,159,162,161,37,94,164,99,166,17,168,169,76,171,177,44,163,175,109,93,145,136,4,181,22,12,43,59,48,104,63,141,193,191,64,42,194,115,41,197,146,188,];False
4866;9533;14399;[199,72,78,28,155,57,60,7,186,192,10,42,31,61,185,15,118,92,14,19,20,173,8,123,24,25,131,27,150,5,106,130,198,147,34,33,55,66,38,39,132,174,63,6,9,45,158,119,124,49,50,51,77,53,85,36,182,46,74,79,184,32,183,90,52,56,21,67,18,69,156,71,2,111,89,180,29,114,167,81,80,142,82,83,157,54,170,87,88,11,101,91,138,189,58,128,195,97,143,73,84,134,102,100,65,96,117,187,108,98,110,165,112,113,107,26,116,35,30,120,178,47,122,151,160,125,126,127,176,0,190,144,40,139,105,135,23,13,179,121,129,95,137,16,75,133,103,172,148,149,3,1,152,86,153,140,70,68,62,159,162,161,37,94,164,99,166,17,168,169,76,171,177,44,163,175,109,93,145,136,4,181,22,12,43,59,48,104,196,141,193,191,64,154,194,115,41,197,146,188,];False
4883;9508;14391;[199,72,78,99,155,57,60,7,186,192,10,154,31,61,96,15,118,92,14,19,20,173,8,123,24,25,131,27,150,5,106,130,198,147,34,33,55,66,74,39,86,174,63,6,9,45,158,119,124,49,50,51,77,53,85,36,182,46,38,79,184,32,183,90,52,56,21,67,18,69,80,71,2,111,89,180,29,114,167,81,156,142,82,83,157,54,170,87,88,11,101,91,107,189,58,128,195,97,143,73,84,134,102,100,65,185,117,187,108,98,110,165,112,113,138,26,116,35,30,120,178,47,122,151,160,125,126,127,176,0,190,144,40,139,105,135,23,13,179,1,129,95,137,16,75,133,103,172,148,149,3,121,152,132,153,140,70,68,62,159,162,161,37,94,164,28,166,17,168,169,76,171,177,44,163,175,109,93,145,136,4,181,22,12,43,59,48,104,196,141,193,191,64,42,194,115,41,197,146,188,];False
4872;9517;14389;[199,72,78,28,155,57,60,7,186,192,10,154,31,61,185,15,118,92,14,19,20,173,8,123,24,25,131,27,150,5,106,130,198,147,34,33,55,66,74,39,86,174,63,6,9,45,158,119,124,49,50,51,77,53,85,36,182,46,38,79,184,32,183,90,52,56,21,67,18,69,156,71,2,111,89,180,29,114,167,81,80,142,82,83,157,54,170,87,88,11,101,91,107,189,58,128,195,97,143,73,84,134,102,100,65,96,117,187,108,98,110,165,112,113,138,26,116,35,30,120,178,47,122,151,160,125,126,127,176,0,190,144,40,139,105,135,23,13,179,121,129,95,137,16,75,133,103,172,148,149,3,1,191,132,153,140,70,68,62,159,162,161,37,94,164,99,166,17,168,169,76,171,177,44,163,175,109,93,145,136,4,181,22,12,43,59,48,104,196,141,193,152,64,42,194,115,41,197,146,188,];False
4919;9461;14380;[199,72,78,28,155,57,60,7,186,192,10,104,31,61,185,15,118,92,14,19,20,173,8,123,24,25,131,27,150,5,106,130,198,147,34,33,55,66,38,39,132,174,63,6,9,45,158,119,124,49,50,51,77,53,85,36,182,46,74,79,184,32,183,90,52,56,21,67,18,69,156,71,2,111,89,180,29,114,167,81,80,142,82,83,157,54,170,87,88,11,101,91,107,189,58,128,195,97,143,73,84,134,102,100,65,96,117,187,108,98,110,165,112,113,138,26,116,35,30,120,178,47,122,151,160,125,126,127,176,0,190,144,40,139,105,135,23,13,179,121,129,95,137,16,75,133,103,172,148,149,3,1,152,86,153,140,70,68,62,159,162,161,37,94,164,99,166,17,168,169,76,171,177,44,163,175,109,93,145,136,4,181,22,12,43,59,48,154,196,141,193,191,64,42,194,115,41,197,146,188,];False
4867;9504;14371;[199,72,78,28,155,57,60,7,186,192,10,154,31,61,185,15,118,92,14,19,20,173,8,123,24,25,131,27,150,5,106,130,198,147,34,33,55,66,74,39,86,174,63,6,9,45,158,119,124,49,50,51,77,53,85,36,182,46,38,79,184,32,183,90,52,56,21,67,18,69,156,71,2,111,89,164,29,114,167,81,80,142,82,83,157,54,170,87,88,11,101,91,107,189,58,128,195,97,143,73,84,134,102,100,65,96,117,187,108,98,110,165,112,113,138,26,116,35,30,120,178,47,122,151,160,125,126,127,176,0,190,144,40,139,105,135,23,13,179,121,129,95,137,16,75,133,103,172,148,149,3,1,152,132,153,140,70,68,62,159,162,161,37,94,180,99,166,17,168,169,76,171,177,44,163,175,109,93,145,136,4,181,22,12,43,59,48,104,196,141,193,191,64,42,194,115,41,197,146,188,];False
4859;9511;14370;[199,72,78,99,155,57,176,7,186,192,10,154,31,61,185,15,118,92,14,19,20,173,8,123,24,25,131,27,150,5,106,130,198,147,34,33,55,66,74,39,86,174,63,6,9,45,158,119,124,49,50,51,77,53,179,36,182,46,38,79,184,32,183,90,52,56,21,67,18,69,80,71,2,111,89,180,29,114,167,81,156,142,82,83,157,54,170,87,88,11,101,91,107,189,58,128,195,97,143,73,84,134,102,100,65,96,117,187,108,98,110,165,112,113,138,26,116,35,30,120,178,47,122,151,160,125,126,127,60,0,190,144,40,139,105,135,23,13,85,1,129,95,137,16,94,133,103,172,148,149,3,121,152,132,153,140,70,68,62,159,162,161,37,75,164,28,166,17,168,169,76,171,177,44,163,175,109,93,145,136,4,181,22,12,43,59,48,104,196,141,193,191,64,42,194,115,41,197,146,188,];False
4839;9528;14367;[199,72,78,99,155,57,176,7,186,192,10,154,31,61,185,15,118,92,14,19,20,173,8,123,24,25,131,27,150,5,106,130,198,147,34,33,55,66,74,39,86,174,63,6,9,45,158,119,124,49,50,51,77,53,85,36,182,46,38,79,184,32,183,90,52,56,21,67,18,69,80,71,2,111,89,117,29,114,167,81,156,142,82,83,157,54,170,87,88,11,101,91,107,189,58,128,195,97,143,73,84,134,102,100,65,96,180,187,108,98,110,165,112,113,138,26,116,35,30,120,178,47,122,151,160,125,126,127,60,0,190,144,40,139,105,135,23,13,179,1,129,95,137,16,94,133,103,172,148,149,3,121,152,132,153,140,70,68,62,159,162,161,37,75,164,28,166,17,168,169,76,171,177,44,163,175,109,93,145,136,4,181,22,12,43,59,48,104,196,141,193,191,64,42,194,115,41,197,146,188,];False
4821;9544;14365;[199,72,78,99,155,124,176,7,186,192,10,154,31,61,185,15,118,92,14,19,20,173,8,123,24,25,131,142,150,5,106,130,198,147,34,33,55,66,74,39,86,174,63,6,9,45,158,119,57,49,50,51,77,53,85,36,182,46,89,79,184,32,183,90,52,56,21,67,18,69,80,71,2,111,38,180,29,114,167,81,156,27,82,83,157,54,170,87,88,11,101,91,107,189,58,128,195,97,109,73,84,134,102,100,65,96,117,187,108,98,110,165,112,113,138,26,116,35,30,120,178,47,122,151,160,125,126,127,60,0,190,144,40,139,105,135,23,13,179,1,129,95,137,16,94,133,103,172,148,149,3,121,152,132,153,140,70,68,62,159,162,161,37,75,164,28,166,17,168,169,76,171,177,44,163,175,143,93,145,136,4,181,22,12,43,59,48,104,196,141,193,191,64,42,194,115,41,197,146,188,];False
4833;9527;14360;[199,72,78,28,155,57,60,7,186,192,10,42,31,61,185,15,118,92,14,19,20,173,8,123,24,25,131,27,150,5,106,130,198,147,34,33,55,66,38,39,132,174,63,6,9,45,158,119,124,49,50,51,77,53,85,36,182,46,74,79,184,32,183,90,52,56,21,67,18,69,156,71,2,111,89,180,29,114,167,81,80,142,82,83,157,54,170,87,88,11,101,91,107,189,58,128,195,97,143,73,84,134,102,100,65,96,117,187,108,98,110,165,112,113,138,26,116,35,30,120,178,47,122,151,160,125,126,127,176,0,190,144,40,139,105,135,23,13,179,121,129,95,137,16,75,133,103,172,148,149,3,1,152,86,153,140,70,68,62,159,162,161,37,94,164,99,166,17,168,169,76,171,177,44,163,175,109,93,145,136,4,181,22,12,43,59,48,104,196,141,193,191,64,154,194,115,41,197,146,188,];False
4872;9485;14357;[199,72,78,28,155,57,60,7,186,192,10,154,31,61,185,15,118,92,14,19,20,173,8,123,24,25,131,27,150,5,106,130,198,147,34,33,55,66,38,39,132,174,63,6,9,45,158,119,124,49,50,51,77,53,85,36,182,46,74,79,184,32,183,90,52,56,21,67,18,69,156,71,2,111,89,180,29,114,167,81,80,142,82,83,157,54,170,87,88,11,101,91,107,189,58,128,195,97,143,73,84,134,102,100,65,96,117,187,108,98,110,165,112,113,138,26,116,35,30,120,178,47,122,151,160,125,126,127,176,0,190,144,40,139,105,135,23,13,179,121,129,70,137,16,75,133,103,172,148,149,3,1,152,86,153,140,95,68,62,159,162,161,37,94,164,99,166,17,168,169,76,171,177,44,163,175,109,93,145,136,4,181,22,12,43,59,48,104,196,141,193,191,64,42,194,115,41,197,146,188,];False
4850;9502;14352;[199,72,78,99,155,57,60,7,186,192,10,154,31,61,185,15,118,92,14,19,20,173,8,123,24,25,131,27,150,5,106,130,198,147,34,33,55,66,74,39,86,174,63,6,9,45,158,119,124,49,50,51,77,53,85,36,182,46,38,79,184,32,183,90,52,56,21,67,18,69,80,71,2,111,89,180,29,114,167,81,156,142,82,83,157,54,170,87,88,11,101,91,107,189,58,128,195,97,143,73,84,134,102,100,65,96,117,187,108,98,110,165,112,113,138,26,116,35,30,120,178,47,122,151,160,125,126,127,176,0,197,144,40,139,105,135,23,13,179,1,129,95,137,16,75,133,103,172,148,149,3,121,152,132,153,140,70,68,62,159,162,161,37,94,164,28,166,17,168,169,76,171,177,44,163,175,109,93,145,136,4,181,22,12,43,59,48,104,196,141,193,191,64,42,194,115,41,190,146,188,];False
4839;9507;14346;[199,72,78,28,155,57,60,7,186,192,10,154,31,61,185,15,118,92,14,19,20,173,8,123,24,25,131,27,150,5,106,130,198,147,34,33,55,66,38,39,132,174,63,6,9,45,158,119,124,49,50,51,77,53,85,36,182,46,74,79,184,32,183,90,52,56,21,67,18,69,156,71,2,111,89,180,29,114,167,81,80,142,82,83,157,54,170,87,88,11,101,91,107,189,58,128,195,97,143,73,84,134,102,100,65,96,117,187,108,98,110,165,112,113,138,26,116,35,30,120,178,47,122,151,160,125,126,127,176,0,190,144,40,139,105,135,23,13,179,121,129,95,137,16,75,133,103,172,148,149,3,1,152,86,153,140,70,68,62,159,162,161,37,94,164,99,166,17,168,169,76,171,177,44,163,175,109,93,145,136,4,181,59,12,43,22,48,104,196,141,193,191,64,42,194,115,41,197,146,188,];False
4867;9474;14341;[199,72,78,99,155,57,176,7,186,192,10,154,31,61,121,15,118,92,14,19,20,173,8,123,24,25,131,27,150,5,106,130,198,147,34,33,55,66,74,39,86,174,63,6,9,45,158,119,124,49,50,51,77,53,85,36,182,46,38,79,184,32,183,90,52,56,21,67,18,69,80,71,2,111,89,180,29,114,167,81,156,142,82,83,157,54,170,87,88,11,101,91,107,189,58,128,195,97,143,73,84,134,102,100,65,96,117,187,108,98,110,165,112,113,138,26,116,35,30,120,178,47,122,151,160,125,126,127,60,0,190,144,40,139,105,135,23,13,179,1,129,95,137,16,75,133,103,172,148,149,3,185,152,132,153,140,70,68,62,159,162,161,37,94,164,28,166,17,168,169,76,171,177,44,163,175,109,93,145,136,4,181,22,12,43,59,48,104,196,141,193,191,64,42,194,115,41,197,146,188,];False
4815;9524;14339;[199,72,78,99,155,57,60,7,186,192,10,154,31,61,185,15,118,92,14,19,20,173,8,123,24,25,131,27,150,5,106,130,198,147,34,33,55,66,74,39,86,174,63,6,9,45,158,119,124,49,50,51,77,53,85,36,182,46,38,79,184,32,183,90,52,56,21,67,18,69,80,71,2,111,89,180,29,114,167,81,156,142,82,83,157,54,170,87,88,11,101,91,107,189,58,128,195,97,143,73,84,134,102,100,65,96,117,187,108,98,110,165,112,113,138,26,116,35,30,120,178,47,122,151,160,125,126,127,176,0,190,144,40,139,105,135,23,13,179,1,129,95,137,16,75,133,103,172,148,149,3,121,152,132,146,140,70,68,62,159,162,161,37,94,164,28,166,17,168,169,76,171,177,44,163,175,109,93,145,136,4,181,22,12,43,59,48,104,196,141,193,191,64,42,194,115,41,197,153,188,];False
4790;9544;14334;[199,72,78,99,155,57,60,7,186,192,10,154,31,61,185,15,118,92,14,19,20,173,8,123,24,25,131,27,150,5,106,130,198,147,34,33,55,66,74,39,86,174,63,6,9,45,158,119,124,49,50,51,77,53,85,172,182,46,38,79,184,32,183,90,52,56,21,67,18,69,80,71,2,111,89,180,29,114,167,81,156,142,82,83,157,54,170,87,88,11,101,91,107,189,58,128,195,97,143,73,84,134,102,100,65,96,117,187,108,98,110,165,112,113,138,26,116,35,30,120,178,47,122,151,160,125,126,127,176,0,190,144,40,139,105,135,23,13,179,1,129,95,137,16,75,133,103,36,148,149,3,121,152,132,153,140,70,68,62,159,162,161,37,94,164,28,166,17,168,169,76,171,177,44,163,175,109,93,145,136,4,181,22,12,43,59,48,104,196,141,193,191,64,42,194,115,41,197,146,188,];False
4858;9476;14334;[199,72,78,99,155,57,176,7,186,192,10,154,31,61,185,15,118,92,14,19,20,173,8,123,24,25,131,27,150,5,106,130,198,147,34,33,55,66,74,39,86,174,63,6,9,45,158,119,124,49,50,51,77,53,85,36,182,46,38,79,184,32,183,90,52,56,21,67,18,69,80,71,2,111,89,180,29,114,167,81,156,142,82,83,157,54,170,87,88,11,101,91,107,189,58,128,195,97,143,73,84,134,102,100,65,96,117,187,108,98,110,165,112,113,138,26,116,35,30,120,178,47,122,151,160,125,126,127,60,0,190,144,40,139,105,135,23,13,179,1,129,95,137,16,75,133,103,172,148,149,3,121,152,132,153,140,70,68,62,159,162,161,37,94,164,28,166,17,168,169,76,171,177,44,163,175,109,93,145,136,104,181,22,12,43,59,48,4,196,141,193,191,64,42,194,115,41,197,146,188,];False
4777;9554;14331;[199,72,78,99,155,0,176,7,186,192,10,154,31,61,185,15,118,92,14,19,20,173,8,123,24,25,131,142,150,5,106,130,198,147,34,33,55,66,74,39,86,174,63,6,9,45,158,119,57,49,50,51,77,53,85,36,182,46,38,79,184,32,183,90,52,56,21,67,18,69,80,71,2,111,89,180,29,114,167,81,156,27,82,83,157,54,170,87,88,11,101,91,107,189,58,128,195,97,143,73,84,134,102,100,65,96,117,187,108,98,110,165,112,113,138,26,116,35,30,120,178,47,122,151,160,125,126,127,60,124,190,144,40,139,105,135,23,13,179,1,129,95,137,16,94,133,103,172,148,149,3,121,152,132,153,140,70,68,62,159,162,161,37,75,164,28,166,17,168,169,76,171,177,44,163,175,109,93,145,136,4,181,22,12,43,59,48,104,196,141,193,191,64,42,194,115,41,197,146,188,];False
4829;9501;14330;[199,72,78,28,155,57,60,7,186,192,10,154,31,61,185,15,118,92,14,19,20,173,8,123,24,25,131,27,150,5,106,130,198,147,34,33,55,66,38,39,132,174,63,6,9,45,158,119,124,49,50,51,77,108,85,36,182,46,74,79,184,32,183,90,52,56,21,67,18,69,156,71,2,111,89,180,29,114,167,81,80,142,82,83,157,54,170,87,88,11,101,91,107,189,58,128,195,97,143,73,84,134,102,100,65,96,117,187,53,98,110,165,112,113,138,26,116,35,30,120,178,47,122,151,160,125,126,127,176,0,190,144,40,139,105,135,23,13,179,121,129,95,137,16,75,133,103,172,148,149,3,1,152,86,153,140,70,68,62,159,162,161,37,94,164,99,166,17,168,169,76,171,177,44,163,175,109,93,145,136,4,181,22,12,43,59,48,104,196,141,193,191,64,42,194,115,41,197,146,188,];False
4811;9515;14326;[199,72,78,99,155,57,176,7,8,192,10,154,31,61,185,15,118,92,14,19,20,173,186,123,24,25,131,27,150,5,106,130,198,147,34,33,55,66,74,39,86,174,63,6,9,45,158,119,124,49,50,51,77,53,85,36,182,46,38,79,184,32,183,90,52,56,21,67,18,69,80,71,2,111,89,180,29,114,167,81,156,142,82,83,157,54,170,87,88,11,101,91,107,189,58,128,195,97,143,73,84,134,102,100,65,96,117,187,108,98,110,165,112,113,138,26,116,35,30,120,178,47,122,151,160,125,126,127,60,0,190,144,40,139,105,135,23,13,179,1,129,95,137,16,75,133,103,172,148,149,3,121,152,132,153,140,70,68,62,159,162,161,37,94,164,28,166,17,168,169,76,171,177,44,163,175,109,93,145,136,4,181,22,12,43,59,48,104,196,141,193,191,64,42,194,115,41,197,146,188,];False
4860;9463;14323;[199,72,78,99,155,57,176,7,186,192,10,33,31,61,185,15,118,92,14,19,20,173,8,123,24,25,131,27,150,5,106,130,198,147,34,154,55,66,74,39,86,174,63,6,9,45,158,119,124,49,50,51,77,53,85,36,182,46,38,79,184,32,183,90,52,56,21,67,18,69,80,71,2,111,89,180,29,114,167,81,156,142,82,83,157,54,170,87,88,11,101,91,107,189,58,128,195,97,143,73,84,134,102,100,65,96,117,187,108,98,110,165,112,113,138,26,116,35,30,120,178,47,122,151,160,125,126,127,60,0,190,144,40,139,105,135,23,13,179,1,129,95,137,16,75,133,103,172,148,149,3,121,152,132,153,140,70,68,62,159,162,161,37,94,164,28,166,17,168,169,76,171,177,44,163,175,109,93,145,136,4,181,22,12,43,59,48,104,196,141,193,191,64,42,194,115,41,197,146,188,];False
4808;9513;14321;[199,72,78,28,155,57,60,7,186,192,10,154,31,61,185,15,118,92,14,19,20,173,8,123,24,25,131,27,11,5,106,130,198,147,34,33,55,66,38,39,132,174,63,6,9,45,158,119,124,49,50,51,77,53,85,36,182,46,74,79,184,32,183,90,52,56,21,67,18,69,156,71,2,111,89,180,29,114,167,81,80,142,82,83,157,54,170,87,88,150,101,91,107,189,58,128,195,97,143,73,84,134,102,100,65,96,117,187,108,98,110,165,112,113,138,26,116,35,30,120,178,47,122,151,160,125,126,127,176,0,190,144,40,139,105,135,23,13,179,121,129,95,137,16,75,133,103,172,148,149,3,1,152,86,153,140,70,68,62,159,162,161,37,94,164,99,166,17,168,169,76,171,177,44,163,175,109,93,145,136,4,181,22,12,43,59,48,104,196,141,193,191,64,42,194,115,41,197,146,188,];False
4808;9511;14319;[199,72,78,99,155,57,176,7,186,192,10,154,31,61,185,15,118,92,14,19,20,173,8,123,24,25,131,27,150,5,106,130,198,147,34,33,55,66,74,39,86,174,63,6,9,45,158,119,124,49,50,51,77,53,85,36,182,46,38,164,184,32,183,90,52,56,21,67,18,69,80,71,2,111,89,180,29,114,167,81,156,142,82,83,157,54,170,87,88,11,101,91,107,189,58,128,195,97,143,73,84,134,102,100,65,96,117,187,108,98,110,165,112,113,138,26,116,35,30,120,178,47,122,151,160,125,126,127,60,0,190,144,40,139,105,135,23,13,179,1,129,95,137,16,75,133,103,172,148,149,3,121,152,132,153,140,70,68,62,159,162,161,37,94,79,28,166,17,168,169,76,171,177,44,163,175,109,93,145,136,4,181,22,12,43,59,48,104,196,141,193,191,64,42,194,115,41,197,146,188,];False
4752;9565;14317;[199,72,78,99,155,124,176,7,186,192,10,154,31,61,185,15,118,92,14,19,20,173,8,123,24,25,131,142,150,5,106,130,198,147,34,33,55,66,74,39,86,174,63,6,9,45,158,119,57,49,50,51,77,53,85,36,182,46,38,79,184,32,193,90,52,56,21,67,18,69,80,71,2,111,89,180,29,114,167,81,156,27,82,83,157,54,170,87,88,11,101,91,107,189,58,128,195,97,109,73,84,134,102,100,65,96,117,187,108,98,110,165,112,113,138,26,116,35,30,120,178,47,122,151,160,125,126,127,60,0,190,144,40,139,105,135,23,13,179,1,129,95,137,16,94,133,103,172,148,149,3,121,152,132,153,140,70,68,62,159,162,161,37,75,164,28,166,17,168,169,76,171,177,44,163,175,143,93,145,136,4,181,22,12,43,59,48,104,196,141,183,191,64,42,194,115,41,197,146,188,];False
4792;9519;14311;[199,72,78,99,155,57,60,7,186,192,10,154,31,61,185,15,118,92,14,19,20,173,8,123,24,25,131,27,150,5,106,130,198,147,34,33,55,66,74,39,86,174,63,6,9,45,158,119,124,49,50,51,77,53,85,36,182,46,38,79,184,91,183,90,52,56,21,67,18,69,80,71,2,111,89,180,29,114,167,81,156,142,82,83,157,54,170,87,88,11,101,32,107,189,58,128,195,97,143,73,84,134,102,100,65,96,117,187,108,98,110,165,112,113,138,26,116,35,30,120,178,47,122,151,160,125,126,127,176,0,190,144,40,139,105,135,23,13,179,1,129,95,137,16,75,133,103,172,148,149,3,121,152,132,153,140,70,68,62,159,162,161,37,94,164,28,166,17,168,169,76,171,177,44,163,175,109,93,145,136,4,181,22,12,43,59,48,104,196,141,193,191,64,42,194,115,41,197,146,188,];False
4802;9507;14309;[199,72,78,28,155,57,60,7,186,192,10,154,31,61,185,15,118,92,14,19,20,173,8,123,24,25,131,27,150,5,106,130,198,147,34,33,55,66,74,39,86,174,63,6,9,45,158,119,124,49,50,51,77,53,85,36,182,46,38,79,184,32,183,90,52,56,21,67,18,69,156,71,2,111,89,180,29,114,167,81,80,142,82,83,157,54,170,87,88,11,101,91,107,189,58,128,195,97,143,73,84,134,102,100,65,96,117,187,108,98,110,165,112,113,138,26,116,35,163,120,178,47,122,151,160,125,126,127,176,0,190,144,40,139,105,135,23,13,179,121,129,95,137,16,75,133,103,172,148,149,3,1,152,132,153,140,70,68,62,159,162,161,37,94,164,99,166,17,168,169,76,171,177,44,30,175,109,93,145,136,4,181,22,12,43,59,48,104,196,141,193,191,64,42,194,115,41,197,146,188,];False
4761;9546;14307;[199,72,78,99,155,124,176,7,186,192,10,154,31,61,185,15,118,92,14,19,20,173,8,123,24,25,131,142,150,5,106,130,198,147,34,33,55,66,74,39,86,174,63,6,9,45,158,119,57,49,50,51,77,53,85,36,182,46,38,79,184,32,183,90,52,56,21,67,18,69,80,71,2,111,89,180,29,114,167,81,156,27,82,83,157,54,170,87,88,11,101,91,107,189,58,128,195,97,143,73,84,134,102,48,65,96,117,187,108,98,110,165,112,113,138,26,116,35,30,120,178,47,122,151,160,125,126,127,60,0,190,144,40,139,105,135,23,13,179,1,129,95,137,16,94,133,103,172,148,149,3,121,152,132,153,140,70,68,62,159,162,161,37,75,164,28,166,17,168,169,76,171,177,44,163,175,109,93,145,136,4,181,22,12,43,59,100,104,196,141,193,191,64,42,194,115,41,197,146,188,];False
4730;9574;14304;[199,72,78,99,155,124,176,7,186,192,10,154,31,61,185,15,118,92,14,19,20,173,8,123,24,25,131,142,150,5,106,130,198,147,34,33,55,66,74,39,86,174,63,6,9,45,158,119,57,49,50,51,77,53,85,36,182,46,38,79,184,32,183,90,52,56,108,67,18,69,80,71,2,111,89,180,29,114,167,81,156,27,82,83,157,54,170,87,88,11,101,91,107,189,58,128,195,97,143,73,84,134,102,100,65,96,117,187,21,98,110,165,112,113,138,26,116,35,30,120,178,47,122,151,160,125,126,127,60,0,190,144,40,139,105,135,23,13,179,1,129,95,137,16,94,133,103,172,148,149,3,121,152,132,153,140,70,68,62,159,162,161,37,75,164,28,166,17,168,169,76,171,177,44,163,175,109,93,145,136,4,181,22,12,43,59,48,104,196,141,193,191,64,42,194,115,41,197,146,188,];False
4805;9498;14303;[199,72,78,99,155,57,176,7,186,192,10,154,31,61,185,15,118,92,14,19,20,173,8,123,24,25,131,27,150,5,106,130,198,147,34,33,55,66,74,39,86,174,63,6,9,45,158,119,124,49,50,51,77,53,85,36,182,46,38,79,184,32,183,90,52,56,21,67,18,69,80,71,2,111,89,180,29,114,167,81,156,142,82,83,157,54,170,87,88,11,101,91,107,189,58,128,195,97,143,73,84,134,102,100,65,96,117,187,108,98,110,165,132,113,138,26,116,35,30,120,178,47,122,151,160,125,126,127,60,0,190,144,40,139,105,135,23,13,179,1,129,95,137,16,75,133,103,172,148,149,3,121,152,112,153,140,70,68,62,159,162,161,37,94,164,28,166,17,168,169,76,171,177,44,163,175,109,93,145,136,4,181,22,12,43,59,48,104,196,141,193,191,64,42,194,115,41,197,146,188,];False
4813;9486;14299;[199,72,78,28,155,57,60,7,186,192,10,154,31,61,185,15,118,92,14,19,20,173,8,123,24,25,131,27,150,5,106,130,198,147,34,33,55,66,74,39,86,174,63,6,9,69,158,119,124,49,50,51,77,53,85,36,182,46,38,79,184,32,183,90,52,56,21,67,18,45,156,71,2,111,89,180,29,114,167,81,80,142,82,83,157,54,170,87,88,11,101,91,107,189,58,128,195,97,143,73,84,134,102,100,65,96,117,187,108,98,110,165,112,113,138,26,116,35,30,120,178,47,122,151,160,125,126,127,176,0,190,144,40,139,105,135,23,13,179,121,129,95,137,16,75,133,103,172,148,149,3,1,152,132,153,140,70,68,62,159,162,161,37,94,164,99,166,17,168,169,76,171,177,44,163,175,109,93,145,136,4,181,22,12,43,59,48,104,196,141,193,191,64,42,194,115,41,197,146,188,];False
4775;9520;14295;[199,72,78,99,155,57,60,7,186,192,10,154,31,61,185,15,118,92,14,19,20,173,8,123,24,25,131,27,150,5,106,130,198,147,34,33,55,66,74,39,86,174,63,6,9,45,158,119,124,49,50,51,77,53,85,36,182,46,38,79,184,32,183,90,52,56,21,67,18,69,156,71,2,111,163,180,29,114,167,81,80,142,82,83,157,54,170,87,88,11,101,91,107,189,58,128,195,97,143,73,84,134,102,100,65,96,117,187,108,98,110,165,112,113,138,26,116,35,30,120,178,47,122,151,160,125,126,127,176,0,190,144,40,139,105,135,23,13,179,1,129,95,137,16,75,133,103,172,148,149,3,121,152,132,153,140,70,68,62,159,162,161,37,94,164,28,166,17,168,169,76,171,177,44,89,175,109,93,145,136,4,181,22,12,43,59,48,104,196,141,193,191,64,42,194,115,41,197,146,188,];False
4786;9509;14295;[199,72,78,99,155,57,60,7,186,192,10,154,31,61,185,15,118,92,14,19,20,173,8,123,24,25,131,27,150,5,106,130,198,147,34,33,55,66,74,39,86,174,63,6,9,45,158,119,124,49,50,51,77,53,85,36,182,46,38,79,184,32,183,90,52,56,21,67,18,69,156,71,2,111,89,180,29,114,167,81,80,142,82,83,157,54,170,87,88,134,101,91,107,189,58,128,195,97,143,73,84,11,102,100,65,96,117,187,108,98,110,165,112,113,138,26,116,35,30,120,178,47,122,151,160,125,126,127,176,0,190,144,40,139,105,135,23,13,179,1,129,95,137,16,75,133,103,172,148,149,3,121,152,132,153,140,70,68,62,159,162,161,37,94,164,28,166,17,168,169,76,171,177,44,163,175,109,93,145,136,4,181,22,12,43,59,48,104,196,141,193,191,64,42,194,115,41,197,146,188,];False
4773;9520;14293;[199,72,78,99,155,57,60,7,186,192,10,154,31,61,185,15,118,92,14,19,20,173,8,123,24,25,131,27,150,5,106,130,198,147,34,33,55,66,74,39,86,174,63,6,9,45,158,119,124,49,50,51,77,53,85,36,182,46,38,79,184,32,183,90,52,56,21,67,18,69,80,71,2,111,89,180,29,114,167,81,156,142,82,83,157,54,170,87,88,11,101,91,107,189,58,128,195,97,143,73,84,134,102,100,65,96,117,187,108,98,110,165,112,113,138,26,116,35,30,120,178,47,122,151,160,125,126,127,176,0,190,169,40,139,105,135,23,13,179,1,129,95,137,16,75,133,103,172,148,149,3,121,152,132,153,140,70,68,62,159,162,161,37,94,164,28,166,17,168,144,76,171,177,44,163,175,109,93,145,136,4,181,22,12,43,59,48,104,196,141,193,191,64,42,194,115,41,197,146,188,];False
4802;9487;14289;[199,72,78,99,155,57,176,7,186,192,10,154,31,61,185,15,118,92,14,19,20,173,8,123,24,25,131,27,150,5,106,130,198,147,34,33,55,66,74,39,86,174,63,6,9,90,158,119,124,49,50,51,77,53,85,36,182,46,38,79,184,32,183,45,52,56,21,67,18,69,80,71,2,111,89,180,29,114,167,81,156,142,82,83,157,54,170,87,88,11,101,91,107,189,58,128,195,97,143,73,84,134,102,100,65,96,117,187,108,98,110,165,112,113,138,26,116,35,30,120,178,47,122,151,160,125,126,127,60,0,190,144,40,139,105,135,23,13,179,1,129,95,137,16,75,133,103,172,148,149,3,121,152,132,153,140,70,68,62,159,162,161,37,94,164,28,166,17,168,169,76,171,177,44,163,175,109,93,145,136,4,181,22,12,43,59,48,104,196,141,193,191,64,42,194,115,41,197,146,188,];False
4798;9490;14288;[199,72,78,99,155,57,176,7,186,192,10,154,31,61,185,15,118,92,14,19,20,173,8,123,24,25,131,27,150,5,106,130,198,147,34,33,55,66,74,39,86,174,63,6,9,45,158,119,124,49,50,51,77,53,85,36,182,46,38,79,184,32,183,90,52,56,21,67,18,69,80,71,2,111,89,180,41,114,167,81,156,142,82,83,157,54,170,87,88,11,101,91,107,189,58,128,195,97,143,73,84,134,102,100,65,96,117,187,108,98,110,165,112,113,138,26,116,35,30,120,178,47,122,151,160,125,126,127,60,0,190,144,40,139,105,135,23,13,179,1,129,95,137,16,75,133,103,172,148,149,3,121,152,132,153,140,70,68,62,159,162,161,37,94,164,28,166,17,168,169,76,171,177,44,163,175,109,93,145,136,4,181,22,12,43,59,48,104,196,141,193,191,64,42,194,115,29,197,146,188,];False
4731;9555;14286;[199,72,78,99,155,124,176,7,186,159,10,154,31,61,185,15,118,92,14,19,20,173,8,123,24,25,131,142,150,5,106,130,198,147,34,33,55,66,74,39,86,174,63,6,9,45,158,119,57,49,50,51,77,53,85,36,182,46,38,79,184,32,183,90,52,56,21,67,18,69,80,71,2,111,89,180,29,114,167,81,156,27,82,83,157,54,170,87,88,11,101,91,107,189,58,128,195,97,109,73,84,134,102,100,65,96,117,187,108,98,110,165,112,113,138,26,116,35,30,120,178,47,122,151,160,125,126,127,60,0,190,144,40,139,105,135,23,13,179,1,129,95,137,16,94,133,103,172,148,149,3,121,152,132,153,140,70,68,62,192,162,161,37,75,164,28,166,17,168,169,76,171,177,44,163,175,143,93,145,136,4,181,22,12,43,59,48,104,196,141,193,191,64,42,194,115,41,197,146,188,];False
4736;9549;14285;[199,72,78,99,155,57,176,7,186,192,10,154,31,61,185,15,118,92,14,19,20,173,8,123,24,25,131,27,150,5,106,130,198,147,34,33,55,66,74,39,86,174,63,6,9,45,158,119,124,49,50,51,77,53,85,36,182,46,38,79,184,32,183,90,52,56,21,67,18,69,80,71,2,111,89,180,29,114,167,81,156,142,82,83,157,54,170,87,88,11,101,91,107,189,58,128,23,97,143,73,84,134,102,100,65,96,117,187,108,98,110,165,112,113,138,26,116,35,30,120,178,47,122,151,160,125,126,127,60,0,190,144,40,139,105,135,195,13,179,1,129,95,137,16,75,133,103,172,148,149,3,121,152,132,153,140,70,68,62,159,162,161,37,94,164,28,166,17,168,169,76,171,177,44,163,175,109,93,145,136,4,181,22,12,43,59,48,104,196,141,193,191,64,42,194,115,41,197,146,188,];False
4766;9517;14283;[199,72,78,99,155,57,176,7,186,192,10,154,31,61,185,15,118,92,14,19,20,173,8,123,24,25,131,27,150,5,106,130,198,147,34,33,55,66,74,39,86,174,63,6,9,45,158,119,124,49,50,51,77,53,85,36,182,46,38,79,184,32,181,90,52,56,21,67,18,69,80,71,2,111,89,180,29,114,167,81,156,142,82,83,157,54,170,87,88,11,101,91,107,189,58,128,195,97,143,73,84,134,102,100,65,96,117,187,108,98,110,165,112,113,138,26,116,35,30,120,178,47,122,151,160,125,126,127,60,0,190,144,40,139,105,135,23,13,179,1,129,95,137,16,75,133,103,172,148,149,3,121,152,132,153,140,70,68,62,159,162,161,37,94,164,28,166,17,168,169,76,171,177,44,163,175,109,93,145,136,4,183,22,12,43,59,48,104,196,141,193,191,64,42,194,115,41,197,146,188,];False
4730;9552;14282;[199,72,78,99,155,124,176,7,186,192,10,154,31,61,185,15,118,92,14,19,20,173,8,123,24,25,131,142,150,5,106,130,198,147,34,33,55,66,74,39,86,174,63,6,9,45,158,119,57,49,50,51,77,53,85,36,182,46,38,79,184,32,183,90,52,56,21,67,18,69,80,71,2,111,89,180,29,114,167,81,156,27,82,83,157,54,170,87,88,11,101,91,107,189,58,128,195,97,109,73,84,134,102,100,65,96,117,187,108,98,110,165,112,113,138,26,116,35,30,120,178,47,122,151,160,125,126,127,60,0,190,144,40,139,105,135,23,13,179,1,129,95,137,16,94,133,103,172,148,149,3,121,152,132,153,140,70,68,62,159,162,161,37,75,164,28,166,17,168,169,76,171,177,44,163,175,41,93,145,136,4,181,22,12,43,59,48,104,196,141,193,191,64,42,194,115,143,197,146,188,];False
4774;9505;14279;[199,72,78,99,155,57,176,7,186,192,10,154,31,61,185,15,118,92,14,19,20,173,8,123,24,25,131,27,150,5,106,130,198,147,34,33,55,66,74,39,86,174,63,6,9,45,158,119,124,49,50,51,77,53,85,36,182,46,38,79,184,32,183,90,52,56,21,67,18,69,80,71,2,111,89,180,29,114,121,81,156,142,82,83,157,54,170,87,88,11,101,91,107,189,58,128,195,97,143,73,84,134,102,100,65,96,117,187,108,98,110,165,112,113,138,26,116,35,30,120,178,47,122,151,160,125,126,127,60,0,190,144,40,139,105,135,23,13,179,1,129,95,137,16,75,133,103,172,148,149,3,167,152,132,153,140,70,68,62,159,162,161,37,94,164,28,166,17,168,169,76,171,177,44,163,175,109,93,145,136,4,181,22,12,43,59,48,104,196,141,193,191,64,42,194,115,41,197,146,188,];False
4751;9525;14276;[199,72,78,99,155,57,60,7,186,192,10,154,31,61,185,15,118,92,14,19,20,173,8,123,24,25,131,27,150,5,106,130,198,147,34,33,55,66,74,39,86,174,63,6,9,45,158,119,124,49,50,51,77,53,85,36,182,46,38,79,184,32,183,90,52,56,21,67,18,69,80,71,2,111,89,180,29,114,167,81,156,142,4,83,157,54,170,87,88,11,101,91,107,189,58,128,195,97,143,73,84,134,102,100,65,96,117,187,108,98,110,165,112,113,138,26,116,35,30,120,178,47,122,151,160,125,126,127,176,0,190,144,40,139,105,135,23,13,179,1,129,95,137,16,75,133,103,172,148,149,3,121,152,132,153,140,70,68,62,159,162,161,37,94,164,28,166,17,168,169,76,171,177,44,163,175,109,93,145,136,82,181,22,12,43,59,48,104,196,141,193,191,64,42,194,115,41,197,146,188,];False
4731;9544;14275;[199,72,78,99,155,57,176,7,186,17,10,154,31,61,185,15,118,92,14,19,20,173,8,123,24,25,131,27,150,5,106,130,198,147,34,33,55,66,74,39,86,174,63,6,9,45,158,119,124,49,50,51,77,53,85,36,182,46,38,79,184,32,183,90,52,56,21,67,18,69,80,71,2,111,89,180,29,114,167,81,156,142,82,83,157,54,170,87,88,11,101,91,107,189,58,128,195,97,143,73,84,134,102,100,65,96,117,187,108,98,110,165,112,113,138,26,116,35,30,120,178,47,122,151,160,125,126,127,60,0,190,144,40,139,105,135,23,13,179,1,129,95,137,16,75,133,103,172,148,149,3,121,152,132,153,140,70,68,62,159,162,161,37,94,164,28,166,192,168,169,76,171,177,44,163,175,109,93,145,136,4,181,22,12,43,59,48,104,196,141,193,191,64,42,194,115,41,197,146,188,];False
4776;9497;14273;[199,72,78,99,155,57,176,7,186,192,10,154,31,61,185,15,118,92,14,19,20,173,8,123,24,25,131,27,150,5,106,130,198,147,34,33,55,66,74,39,86,174,63,6,9,45,158,119,124,49,50,51,77,53,85,36,182,46,38,79,184,32,183,90,52,56,21,67,18,69,80,71,2,111,89,180,29,114,167,81,156,142,82,83,157,54,170,87,88,11,101,91,107,189,58,128,195,97,143,73,84,134,102,100,65,96,117,187,108,98,110,165,112,113,138,26,116,35,30,120,178,47,122,151,160,125,126,127,60,0,190,144,40,139,105,135,23,13,141,1,129,95,137,16,75,133,103,172,148,149,3,121,152,132,153,140,70,68,62,159,162,161,37,94,164,28,166,17,168,169,76,171,177,44,163,175,109,93,145,136,4,181,22,12,43,59,48,104,196,179,193,191,64,42,194,115,41,197,146,188,];False
4716;9555;14271;[199,72,78,99,155,124,176,7,186,192,10,154,31,61,185,15,118,92,14,19,20,173,8,123,24,25,131,51,150,5,106,130,198,147,34,33,55,66,74,39,86,174,63,6,9,45,158,119,57,49,50,142,77,53,85,36,182,46,38,79,184,32,183,90,52,56,21,67,18,69,80,71,2,111,89,180,29,114,167,81,156,27,82,83,157,54,170,87,88,11,101,91,107,189,58,128,195,97,109,73,84,134,102,100,65,96,117,187,108,98,110,165,112,113,138,26,116,35,30,120,178,47,122,151,160,125,126,127,60,0,190,144,40,139,105,135,23,13,179,1,129,95,137,16,94,133,103,172,148,149,3,121,152,132,153,140,70,68,62,159,162,161,37,75,164,28,166,17,168,169,76,171,177,44,163,175,143,93,145,136,4,181,22,12,43,59,48,104,196,141,193,191,64,42,194,115,41,197,146,188,];False
4785;9485;14270;[199,72,78,99,155,57,176,7,186,192,10,154,31,61,185,15,118,92,14,19,20,173,8,123,24,25,131,27,150,5,106,130,198,147,34,33,55,66,74,39,86,174,63,6,9,45,158,119,124,49,50,51,77,53,85,36,182,46,38,79,184,32,183,90,52,56,21,67,18,69,80,71,2,111,89,180,29,114,167,81,156,142,82,83,157,54,170,100,88,11,101,91,107,189,58,128,195,97,143,73,84,134,102,87,65,96,117,187,108,98,110,165,112,113,138,26,116,35,30,120,178,47,122,151,160,125,126,127,60,0,190,144,40,139,105,135,23,13,179,1,129,95,137,16,75,133,103,172,148,149,3,121,152,132,153,140,70,68,62,159,162,161,37,94,164,28,166,17,168,169,76,171,177,44,163,175,109,93,145,136,4,181,22,12,43,59,48,104,196,141,193,191,64,42,194,115,41,197,146,188,];False
4752;9515;14267;[199,72,78,99,155,57,176,7,186,192,10,154,31,61,185,15,118,92,14,19,20,159,8,123,24,25,131,27,150,5,106,130,198,147,34,33,55,66,74,39,86,174,63,6,9,45,158,119,124,49,50,51,77,53,85,36,182,46,38,79,184,32,183,90,52,56,21,67,18,69,80,71,2,111,89,180,29,114,167,81,156,142,82,83,157,54,170,87,88,11,101,91,107,189,58,128,195,97,143,73,84,134,102,100,65,96,117,187,108,98,110,165,112,113,138,26,116,35,30,120,178,47,122,151,160,125,126,127,60,0,190,144,40,139,105,135,23,13,179,1,129,95,137,16,75,133,103,172,148,149,3,121,152,132,153,140,70,68,62,173,162,161,37,94,164,28,166,17,168,169,76,171,177,44,163,175,109,93,145,136,4,181,22,12,43,59,48,104,196,141,193,191,64,42,194,115,41,197,146,188,];False
4747;9517;14264;[199,72,78,99,155,124,176,7,186,192,10,154,31,61,185,15,118,92,14,19,20,173,8,123,24,25,131,142,150,5,106,130,198,147,34,33,55,66,74,39,86,174,63,6,9,45,158,119,57,49,50,51,77,53,85,36,182,46,38,79,184,32,183,90,52,56,21,67,18,69,80,71,2,111,89,180,29,114,167,81,156,27,82,83,157,54,170,87,88,11,101,91,107,189,58,128,195,97,109,73,84,134,102,100,65,96,117,187,108,98,110,165,112,113,138,26,116,35,30,120,23,47,122,151,160,125,126,127,60,0,190,144,40,139,105,135,178,13,179,1,129,95,137,16,94,133,103,172,148,149,3,121,152,132,153,140,70,68,62,159,162,161,37,75,164,28,166,17,168,169,76,171,177,44,163,175,143,93,145,136,4,181,22,12,43,59,48,104,196,141,193,191,64,42,194,115,41,197,146,188,];False
4766;9498;14264;[199,72,78,28,155,57,60,7,186,192,10,154,31,61,185,15,118,92,14,19,20,173,8,123,24,25,131,27,150,5,106,130,198,147,34,33,55,66,38,39,132,174,63,6,9,45,158,119,124,49,50,51,77,53,85,36,182,46,74,79,184,32,183,90,52,56,21,67,18,69,156,71,2,111,89,180,29,114,167,81,80,142,82,83,157,54,170,87,88,11,101,91,107,189,58,128,195,97,143,73,84,134,102,100,65,96,117,187,108,98,110,165,112,113,138,26,116,35,30,120,178,47,122,151,160,125,126,127,176,0,190,144,40,139,105,135,23,13,179,121,129,95,137,16,75,133,103,172,148,149,3,1,152,86,153,140,70,68,62,159,162,161,37,94,164,99,166,17,168,169,76,171,177,44,163,175,109,93,145,136,4,181,22,12,43,59,48,104,196,141,193,191,64,42,194,115,41,197,146,188,];False
4697;9563;14260;[199,72,78,99,155,124,176,7,186,192,10,154,31,61,185,15,118,92,14,19,20,173,8,123,24,25,131,142,150,5,106,130,198,147,34,33,55,66,74,39,86,174,63,57,9,45,158,119,6,49,50,51,77,53,85,36,182,46,38,79,184,32,183,90,52,56,21,67,18,69,80,71,2,111,89,180,29,114,167,81,156,27,82,83,157,54,170,87,88,11,101,91,107,189,58,128,195,97,109,73,84,134,102,100,65,96,117,187,108,98,110,165,112,113,138,26,116,35,30,120,178,47,122,151,160,125,126,127,60,0,190,144,40,139,105,135,23,13,179,1,129,95,137,16,94,133,103,172,148,149,3,121,152,132,153,140,70,68,62,159,162,161,37,75,164,28,166,17,168,169,76,171,177,44,163,175,143,93,145,136,4,181,22,12,43,59,48,104,196,141,193,191,64,42,194,115,41,197,146,188,];False
4750;9510;14260;[199,72,78,28,155,57,60,7,186,192,10,154,31,61,185,15,118,92,14,19,52,173,8,123,24,25,131,27,150,5,106,130,198,147,34,33,55,66,74,39,86,174,63,6,9,45,158,119,124,49,50,51,77,53,85,36,182,46,38,79,184,32,183,90,20,56,21,67,18,69,156,71,2,111,89,180,29,114,167,81,80,142,82,83,157,54,170,87,88,11,101,91,107,189,58,128,195,97,143,73,84,134,102,100,65,96,117,187,108,98,110,165,112,113,138,26,116,35,30,120,178,47,122,151,160,125,126,127,176,0,190,144,40,139,105,135,23,13,179,121,129,95,137,16,75,133,103,172,148,149,3,1,152,132,153,140,70,68,62,159,162,161,37,94,164,99,166,17,168,169,76,171,177,44,163,175,109,93,145,136,4,181,22,12,43,59,48,104,196,141,193,191,64,42,194,115,41,197,146,188,];False
4782;9477;14259;[199,72,78,99,155,57,176,7,186,192,10,154,31,61,185,15,118,92,14,19,20,173,8,123,24,25,131,27,150,5,106,130,198,147,34,33,55,66,74,39,86,174,63,6,9,45,158,119,124,49,50,51,77,53,85,36,100,46,38,79,184,32,183,90,52,56,21,67,18,69,80,71,2,111,89,180,29,114,167,81,156,142,82,83,157,54,170,87,88,11,101,91,107,189,58,128,195,97,143,73,84,134,102,182,65,96,117,187,108,98,110,165,112,113,138,26,116,35,30,120,178,47,122,151,160,125,126,127,60,0,190,144,40,139,105,135,23,13,179,1,129,95,137,16,75,133,103,172,148,149,3,121,152,132,153,140,70,68,62,159,162,161,37,94,164,28,166,17,168,169,76,171,177,44,163,175,109,93,145,136,4,181,22,12,43,59,48,104,196,141,193,191,64,42,194,115,41,197,146,188,];False
4771;9486;14257;[199,72,33,99,155,57,176,7,186,192,10,154,31,61,185,15,118,92,14,19,20,173,8,123,24,25,131,27,150,5,106,130,198,147,34,78,55,66,74,39,86,174,63,6,9,45,158,119,124,49,50,51,77,53,85,36,182,46,38,79,184,32,183,90,52,56,21,67,18,69,80,71,2,111,89,180,29,114,167,81,156,142,82,83,157,54,170,87,88,11,101,91,107,189,58,128,195,97,143,73,84,134,102,100,65,96,117,187,108,98,110,165,112,113,138,26,116,35,30,120,178,47,122,151,160,125,126,127,60,0,190,144,40,139,105,135,23,13,179,1,129,95,137,16,75,133,103,172,148,149,3,121,152,132,153,140,70,68,62,159,162,161,37,94,164,28,166,17,168,169,76,171,177,44,163,175,109,93,145,136,4,181,22,12,43,59,48,104,196,141,193,191,64,42,194,115,41,197,146,188,];False
4715;9542;14257;[199,72,78,99,155,124,176,7,186,192,10,154,31,61,185,15,118,92,14,19,20,173,8,123,24,25,131,142,150,5,106,130,198,147,34,33,55,66,74,39,86,174,63,6,9,45,158,119,57,49,50,51,77,53,85,36,182,71,38,79,184,32,183,90,52,56,21,67,18,69,80,46,2,111,89,180,29,114,167,81,156,27,82,83,157,54,170,87,88,11,101,91,107,189,58,128,195,97,143,73,84,134,102,100,65,96,117,187,108,98,110,165,112,113,138,26,116,35,30,120,178,47,122,151,160,125,126,127,60,0,190,144,40,139,105,135,23,13,179,1,129,95,137,16,94,133,103,172,148,149,3,121,152,132,153,140,70,68,62,159,162,161,37,75,164,28,166,17,168,169,76,171,177,44,163,175,109,93,145,136,4,181,22,12,43,59,48,104,196,141,193,191,64,42,194,115,41,197,146,188,];False
4698;9557;14255;[199,72,78,99,155,124,176,7,186,192,10,154,31,61,185,15,118,92,14,19,20,173,8,123,24,25,131,142,150,5,106,130,198,147,34,33,55,66,74,39,86,174,158,6,9,45,63,119,57,49,50,51,77,53,85,36,182,46,38,79,184,32,183,90,52,56,21,67,18,69,80,71,2,111,89,180,29,114,167,81,156,27,82,83,157,54,170,87,88,11,101,91,107,189,58,128,195,97,109,73,84,134,102,100,65,96,117,187,108,98,110,165,112,113,138,26,116,35,30,120,178,47,122,151,160,125,126,127,60,0,190,144,40,139,105,135,23,13,179,1,129,95,137,16,94,133,103,172,148,149,3,121,152,132,153,140,70,68,62,159,162,161,37,75,164,28,166,17,168,169,76,171,177,44,163,175,143,93,145,136,4,181,22,12,43,59,48,104,196,141,193,191,64,42,194,115,41,197,146,188,];False
4716;9539;14255;[199,72,78,99,155,57,176,7,186,192,10,154,31,61,185,15,118,92,14,19,20,173,8,123,24,25,131,27,150,5,106,130,198,147,34,33,55,66,74,39,86,174,63,6,9,45,158,119,124,49,50,51,77,53,85,36,182,46,38,79,184,32,183,90,52,56,21,67,18,69,80,71,2,111,89,180,29,114,167,81,156,142,82,83,157,54,170,87,88,11,101,91,107,189,58,128,195,97,143,73,84,134,102,100,65,96,117,187,108,98,110,188,112,113,138,26,116,35,30,120,178,47,122,151,160,125,126,127,60,0,190,144,40,139,105,135,23,13,179,1,129,95,137,16,75,133,103,172,148,149,3,121,152,132,153,140,70,68,62,159,162,161,37,94,164,28,166,17,168,169,76,171,177,44,163,175,109,93,145,136,4,181,22,12,43,59,48,104,196,141,193,191,64,42,194,115,41,197,146,165,];False
4722;9532;14254;[199,72,78,99,155,57,60,7,186,192,10,154,31,61,185,15,118,92,14,19,20,173,8,123,24,25,131,27,150,5,106,130,198,147,34,33,55,66,74,39,86,174,63,6,9,45,158,119,124,49,50,51,77,53,85,36,182,46,38,79,184,32,183,90,52,56,21,67,18,69,80,71,2,111,89,180,29,114,167,81,156,142,82,83,157,54,170,87,88,11,101,91,107,189,58,128,195,97,143,196,84,134,102,100,65,96,117,187,108,98,110,165,112,113,138,26,116,35,30,120,178,47,122,151,160,125,126,127,176,0,190,144,40,139,105,135,23,13,179,1,129,95,137,16,75,133,103,172,148,149,3,121,152,132,153,140,70,68,62,159,162,161,37,94,164,28,166,17,168,169,76,171,177,44,163,175,109,93,145,136,4,181,22,12,43,59,48,104,73,141,193,191,64,42,194,115,41,197,146,188,];False
4725;9528;14253;[199,72,78,99,155,57,60,7,186,192,10,154,31,61,185,15,118,92,14,19,20,173,8,123,24,25,131,27,150,5,106,130,198,147,34,33,55,66,74,39,86,174,63,6,9,45,158,119,124,49,50,51,77,53,85,36,182,46,38,79,184,32,183,90,52,56,21,67,18,69,80,71,2,111,89,180,29,114,167,81,156,142,82,83,157,54,170,87,88,11,101,91,107,189,58,128,195,97,143,73,84,134,102,100,65,96,117,187,108,98,110,165,112,113,138,26,116,194,30,120,178,47,122,151,160,125,126,127,176,0,190,144,40,139,105,135,23,13,179,1,129,95,137,16,75,133,103,172,148,149,3,121,152,132,153,140,70,68,62,159,162,161,37,94,164,28,166,17,168,169,76,171,177,44,163,175,109,93,145,136,4,181,22,12,43,59,48,104,196,141,193,191,64,42,35,115,41,197,146,188,];False
4714;9536;14250;[199,72,78,28,155,57,60,7,186,192,10,154,31,61,185,15,118,92,14,19,20,173,8,123,24,25,131,27,150,5,106,130,198,147,34,33,55,62,74,39,86,174,63,6,9,45,158,119,124,49,50,51,77,53,85,36,182,46,38,79,184,32,183,90,52,56,21,67,18,69,156,71,2,111,89,180,29,114,167,81,80,142,82,83,157,54,170,87,88,11,101,91,107,189,58,128,195,97,143,73,84,134,102,100,65,96,117,187,108,98,110,165,112,113,138,26,116,35,30,120,178,47,122,151,160,125,126,127,176,0,190,144,40,139,105,135,23,13,179,121,129,95,137,16,75,133,103,172,148,149,3,1,152,132,153,140,70,68,66,159,162,161,37,94,164,99,166,17,168,169,76,171,177,44,163,175,109,93,145,136,4,181,22,12,43,59,48,104,196,141,193,191,64,42,194,115,41,197,146,188,];False
4696;9552;14248;[199,72,78,99,155,124,176,7,186,192,10,154,31,61,185,15,118,92,14,19,20,173,8,123,24,25,131,142,150,5,106,130,198,147,34,33,55,66,74,39,86,174,63,6,9,45,158,119,57,49,50,51,77,53,85,36,182,46,38,79,184,32,183,90,52,56,21,67,18,69,80,71,2,111,89,180,29,136,167,81,156,27,82,83,157,54,170,87,88,11,101,91,107,189,58,128,195,97,143,73,84,134,102,100,65,96,117,187,108,98,110,165,112,113,138,26,116,35,30,120,178,47,122,151,160,125,126,127,60,0,190,144,40,139,105,135,23,13,179,1,129,95,137,16,94,133,103,172,148,149,3,121,152,132,153,140,70,68,62,159,162,161,37,75,164,28,166,17,168,169,76,171,177,44,163,175,109,93,145,114,4,181,22,12,43,59,48,104,196,141,193,191,64,42,194,115,41,197,146,188,];False
4735;9513;14248;[199,72,78,28,155,57,60,7,186,192,10,154,31,61,185,15,118,92,14,19,20,173,8,123,24,25,131,27,150,5,106,130,198,147,34,33,55,66,38,39,86,174,63,6,9,45,158,119,124,49,50,51,77,53,85,36,182,46,74,79,184,32,183,90,52,56,21,67,18,69,156,71,2,111,89,180,29,114,167,81,80,142,82,83,157,54,170,87,88,11,101,91,107,189,58,128,195,97,143,73,84,134,102,100,65,96,117,187,108,98,110,165,112,113,138,26,116,35,30,120,178,47,122,151,160,125,126,127,176,0,190,144,40,139,105,135,23,13,179,121,129,95,137,16,75,133,103,172,148,149,3,1,152,132,153,140,70,68,62,159,162,161,37,94,164,99,166,17,168,169,76,171,177,44,163,175,109,93,145,136,4,181,22,12,43,59,48,104,196,141,193,191,64,42,194,115,41,197,146,188,];False
4792;9453;14245;[199,72,78,99,155,57,176,7,186,192,10,154,31,61,25,15,118,92,14,19,20,173,8,123,24,185,131,27,150,5,106,130,198,147,34,33,55,66,74,39,86,174,63,6,9,45,158,119,124,49,50,51,77,53,85,36,182,46,38,79,184,32,183,90,52,56,21,67,18,69,80,71,2,111,89,180,29,114,167,81,156,142,82,83,157,54,170,87,88,11,101,91,107,189,58,128,195,97,143,73,84,134,102,100,65,96,117,187,108,98,110,165,112,113,138,26,116,35,30,120,178,47,122,151,160,125,126,127,60,0,190,144,40,139,105,135,23,13,179,1,129,95,137,16,75,133,103,172,148,149,3,121,152,132,153,140,70,68,62,159,162,161,37,94,164,28,166,17,168,169,76,171,177,44,163,175,109,93,145,136,4,181,22,12,43,59,48,104,196,141,193,191,64,42,194,115,41,197,146,188,];False
4740;9502;14242;[199,72,78,99,155,57,176,7,186,192,10,154,31,61,185,15,118,92,14,19,20,173,8,123,24,25,131,27,150,5,106,130,198,147,34,33,55,66,74,39,86,174,63,6,9,45,158,119,124,49,50,51,77,53,85,36,182,46,38,79,184,32,183,125,52,56,21,67,18,69,80,71,2,111,89,180,29,114,167,81,156,142,82,83,157,54,170,87,88,11,101,91,107,189,58,128,195,97,143,73,84,134,102,100,65,96,117,187,108,98,110,165,112,113,138,26,116,35,30,120,178,47,122,151,160,90,126,127,60,0,190,144,40,139,105,135,23,13,179,1,129,95,137,16,75,133,103,172,148,149,3,121,152,132,153,140,70,68,62,159,162,161,37,94,164,28,166,17,168,169,76,171,177,44,163,175,109,93,145,136,4,181,22,12,43,59,48,104,196,141,193,191,64,42,194,115,41,197,146,188,];False
4688;9553;14241;[199,72,78,99,155,124,176,7,186,192,10,154,31,61,185,15,118,92,14,19,20,173,8,123,24,25,131,142,150,5,106,130,198,147,34,33,55,66,74,39,86,174,63,6,9,45,158,119,57,49,50,51,77,53,85,36,182,46,38,79,184,32,183,90,52,56,21,67,18,69,80,71,2,111,89,180,29,114,167,81,156,27,82,83,157,54,170,87,88,11,101,91,107,189,58,128,195,97,109,73,84,134,102,100,65,96,117,187,108,98,110,165,126,113,138,26,116,35,30,120,178,47,122,151,160,125,112,127,60,0,190,144,40,139,105,135,23,13,179,1,129,95,137,16,94,133,103,172,148,149,3,121,152,132,153,140,70,68,62,159,162,161,37,75,164,28,166,17,168,169,76,171,177,44,163,175,143,93,145,136,4,181,22,12,43,59,48,104,196,141,193,191,64,42,194,115,41,197,146,188,];False
4741;9500;14241;[199,72,78,99,155,57,176,7,186,192,10,154,31,61,185,15,118,92,14,19,20,173,8,123,24,25,131,27,150,5,106,130,198,147,34,33,55,66,74,39,86,174,63,6,9,45,158,119,124,49,50,51,77,53,85,36,182,46,38,79,184,32,183,90,52,56,21,67,18,69,80,71,2,111,89,180,29,114,167,81,156,142,82,83,157,54,170,87,88,11,101,91,107,189,58,128,195,97,143,73,84,134,102,100,108,96,117,187,65,98,110,165,112,113,138,26,116,35,30,120,178,47,122,151,160,125,126,127,60,0,190,144,40,139,105,135,23,13,179,1,129,95,137,16,75,133,103,172,148,149,3,121,152,132,153,140,70,68,62,159,162,161,37,94,164,28,166,17,168,169,76,171,177,44,163,175,109,93,145,136,4,181,22,12,43,59,48,104,196,141,193,191,64,42,194,115,41,197,146,188,];False
4701;9539;14240;[199,72,78,99,155,124,176,7,186,192,10,154,31,61,185,15,118,92,14,19,20,173,8,123,24,25,131,142,150,5,106,130,198,147,34,33,55,66,74,39,86,174,63,6,9,45,158,119,57,49,50,51,77,53,85,36,182,46,38,79,184,32,183,90,52,56,21,67,18,69,80,71,2,111,89,180,29,114,167,81,156,27,82,83,157,54,170,87,88,11,101,91,107,189,58,128,195,97,143,73,84,134,102,100,65,96,117,187,108,98,110,165,112,113,138,26,116,35,30,120,178,47,122,151,160,125,126,127,60,0,190,144,40,139,105,135,23,13,179,1,129,95,137,16,94,133,103,172,148,149,3,121,22,132,153,140,70,68,62,159,162,161,37,75,164,28,166,17,168,169,76,171,177,44,163,175,109,93,145,136,4,181,152,12,43,59,48,104,196,141,193,191,64,42,194,115,41,197,146,188,];False
4741;9499;14240;[199,72,15,99,155,57,60,7,186,192,10,154,31,61,185,78,118,92,14,19,20,173,8,123,24,25,131,27,150,5,106,130,198,147,34,33,55,66,74,39,86,174,63,6,9,45,158,119,124,49,50,51,77,53,85,36,182,46,38,79,184,32,183,90,52,56,21,67,18,69,80,71,2,111,89,180,29,114,167,81,156,142,82,83,157,54,170,87,88,11,101,91,107,189,58,128,195,97,143,73,84,134,102,100,65,96,117,187,108,98,110,165,112,113,138,26,116,35,30,120,178,47,122,151,160,125,126,127,176,0,190,144,40,139,105,135,23,13,179,1,129,95,137,16,75,133,103,172,148,149,3,121,152,132,153,140,70,68,62,159,162,161,37,94,164,28,166,17,168,169,76,171,177,44,163,175,109,93,145,136,4,181,22,12,43,59,48,104,196,141,193,191,64,42,194,115,41,197,146,188,];False
4763;9476;14239;[199,72,78,99,155,57,60,7,186,192,10,154,31,61,185,15,118,92,14,19,20,173,8,123,24,25,131,27,150,5,106,130,198,147,34,33,55,66,74,39,86,174,63,6,9,45,158,119,124,49,50,51,77,53,85,36,182,46,38,79,184,32,183,90,52,56,21,67,18,69,156,71,2,111,122,180,29,114,167,81,80,142,82,83,157,54,170,87,88,11,101,91,107,189,58,128,195,97,143,73,84,134,102,100,65,96,117,187,108,98,110,165,112,113,138,26,116,35,30,120,178,47,89,151,160,125,126,127,176,0,190,144,40,139,105,135,23,13,179,1,129,95,137,16,75,133,103,172,148,149,3,121,152,132,153,140,70,68,62,159,162,161,37,94,164,28,166,17,168,169,76,171,177,44,163,175,109,93,145,136,4,181,22,12,43,59,48,104,196,141,193,191,64,42,194,115,41,197,146,188,];False
4815;9424;14239;[199,72,78,28,155,57,60,7,186,192,10,154,31,61,185,15,118,92,14,19,20,173,8,123,24,25,131,27,150,5,106,130,198,147,34,33,55,66,38,39,132,174,63,6,9,45,158,119,124,49,50,51,77,53,85,36,182,46,74,79,184,32,183,90,52,56,21,67,18,69,156,71,2,111,89,180,29,114,167,81,80,142,82,83,157,54,170,87,88,11,101,91,107,189,58,128,195,97,143,73,84,134,102,100,65,16,117,187,108,98,110,165,112,113,138,26,116,35,30,120,178,47,122,151,160,125,126,127,176,0,190,144,40,139,105,135,23,13,179,121,129,95,137,96,75,133,103,172,148,149,3,1,152,86,153,140,70,68,62,159,162,161,37,94,164,99,166,17,168,169,76,171,177,44,163,175,109,93,145,136,4,181,22,12,43,59,48,104,196,141,193,191,64,42,194,115,41,197,146,188,];True
4737;9502;14239;[199,72,78,99,155,57,176,7,186,192,10,154,31,61,185,15,118,92,14,19,20,173,8,123,24,25,131,27,150,5,106,130,198,147,34,33,55,66,74,39,86,174,63,6,9,45,158,119,124,49,50,51,77,53,85,36,182,46,38,79,184,32,183,90,52,56,21,67,18,69,80,71,2,111,89,180,29,114,167,81,156,142,82,83,157,54,170,87,88,11,101,91,107,189,58,128,195,97,143,73,84,134,102,100,65,96,117,187,108,98,110,165,112,113,138,26,116,35,30,120,178,47,122,151,160,125,126,127,60,0,190,144,40,139,105,135,23,13,179,1,129,95,37,16,75,133,103,172,148,149,3,121,152,132,153,140,70,68,62,159,162,161,137,94,164,28,166,17,168,169,76,171,177,44,163,175,109,93,145,136,4,181,22,12,43,59,48,104,196,141,193,191,64,42,194,115,41,197,146,188,];False
4669;9569;14238;[199,72,78,99,155,124,176,7,186,192,10,154,31,61,185,15,118,92,14,19,20,173,8,123,24,25,131,142,150,5,106,130,198,147,34,33,55,66,74,39,86,174,63,6,9,45,158,119,57,49,50,51,77,53,85,36,182,46,38,79,184,32,183,90,52,56,21,67,18,69,80,71,2,111,89,180,29,114,167,81,156,27,82,83,157,54,170,87,171,11,101,91,107,189,58,128,195,97,109,73,84,134,102,100,65,96,117,187,108,98,110,165,112,113,138,26,116,35,30,120,178,47,122,151,160,125,126,127,60,0,190,144,40,139,105,135,23,13,179,1,129,95,137,16,94,133,103,172,148,149,3,121,152,132,153,140,70,68,62,159,162,161,37,75,164,28,166,17,168,169,76,88,177,44,163,175,143,93,145,136,4,181,22,12,43,59,48,104,196,141,193,191,64,42,194,115,41,197,146,188,];False
4659;9568;14227;[199,72,100,99,155,124,176,7,186,192,10,154,31,61,185,15,118,92,14,19,20,173,8,123,24,25,131,142,150,5,106,130,198,147,34,33,55,66,74,39,86,174,63,6,9,45,158,119,57,49,50,51,77,53,85,36,182,46,38,79,184,32,183,90,52,56,21,67,18,69,80,71,2,111,89,180,29,114,167,81,156,27,82,83,157,54,170,87,88,11,101,91,107,189,58,128,195,97,143,73,84,134,102,78,65,96,117,187,108,98,110,165,112,113,138,26,116,35,30,120,178,47,122,151,160,125,126,127,60,0,190,144,40,139,105,135,23,13,179,1,129,95,137,16,94,133,103,172,148,149,3,121,152,132,153,140,70,68,62,159,162,161,37,75,164,28,166,17,168,169,76,171,177,44,163,175,109,93,145,136,4,181,22,12,43,59,48,104,196,141,193,191,64,42,194,115,41,197,146,188,];False
4717;9508;14225;[199,72,78,28,155,57,60,7,186,192,10,154,31,61,185,15,118,92,14,19,20,173,8,123,24,25,131,27,150,5,106,130,198,147,34,33,55,66,74,39,86,174,63,6,9,45,158,119,124,49,50,51,77,53,85,36,182,46,38,79,184,32,183,90,52,56,21,67,18,69,156,71,2,111,89,180,29,114,167,81,80,142,82,83,157,54,170,87,88,11,101,91,107,189,58,128,195,97,143,73,84,134,102,100,65,96,117,187,108,98,110,165,112,113,138,26,116,35,30,44,178,47,122,151,160,125,126,127,176,0,190,144,40,139,105,135,23,13,179,121,129,95,137,16,75,133,103,172,148,149,3,1,152,132,153,140,70,68,62,159,162,161,37,94,164,99,166,17,168,169,76,171,177,120,163,175,109,93,145,136,4,181,22,12,43,59,48,104,196,141,193,191,64,42,194,115,41,197,146,188,];False
4732;9491;14223;[199,72,78,99,155,57,60,7,186,192,10,154,31,61,185,15,118,92,14,19,20,173,8,123,24,25,131,27,150,5,106,130,198,147,34,33,55,66,74,39,86,174,63,6,9,45,158,119,124,49,50,51,77,53,85,36,182,46,38,79,184,32,183,90,52,56,21,67,18,69,80,71,2,111,89,180,29,114,167,81,156,142,82,83,157,54,170,87,88,11,101,91,107,189,58,128,195,97,143,73,84,134,102,100,65,96,117,187,108,127,110,165,112,113,138,26,116,35,30,120,178,47,122,151,160,125,126,98,176,0,190,144,40,139,105,135,23,13,179,1,129,95,137,16,75,133,103,172,148,149,3,121,152,132,153,140,70,68,62,159,162,161,37,94,164,28,166,17,168,169,76,171,177,44,163,175,109,93,145,136,4,181,22,12,43,59,48,104,196,141,193,191,64,42,194,115,41,197,146,188,];False
4690;9529;14219;[199,72,78,99,155,124,176,7,186,192,10,154,31,61,185,15,118,92,14,19,20,173,8,123,24,25,131,142,150,5,106,130,198,147,34,33,55,66,74,39,86,174,63,6,9,45,158,119,57,49,50,51,77,53,85,36,182,46,38,79,184,32,183,90,52,56,21,67,18,69,80,71,2,111,89,180,29,114,167,81,156,27,82,83,157,54,170,87,88,11,101,91,107,189,58,128,195,97,109,73,84,134,102,100,65,96,117,187,108,98,110,165,112,113,138,26,116,35,30,120,178,47,122,151,160,125,126,127,60,0,16,144,40,139,105,135,23,13,179,1,129,95,137,190,94,133,103,172,148,149,3,121,152,132,153,140,70,68,62,159,162,161,37,75,164,28,166,17,168,169,76,171,177,44,163,175,143,93,145,136,4,181,22,12,43,59,48,104,196,141,193,191,64,42,194,115,41,197,146,188,];False
4666;9552;14218;[199,72,78,99,155,124,176,7,186,192,10,154,31,61,185,15,118,92,14,19,20,173,8,123,24,25,131,142,150,5,106,130,198,147,34,33,55,66,74,39,86,174,63,6,9,138,158,119,57,49,50,51,77,53,85,36,182,46,38,79,184,32,183,90,52,56,21,67,18,69,80,71,2,111,89,180,29,114,167,81,156,27,82,83,157,54,170,87,88,11,101,91,107,189,58,128,195,97,109,73,84,134,102,100,65,96,117,187,108,98,110,165,112,113,45,26,116,35,30,120,178,47,122,151,160,125,126,127,60,0,190,144,40,139,105,135,23,13,179,1,129,95,137,16,94,133,103,172,148,149,3,121,152,132,153,140,70,68,62,159,162,161,37,75,164,28,166,17,168,169,76,171,177,44,163,175,143,93,145,136,4,181,22,12,43,59,48,104,196,141,193,191,64,42,194,115,41,197,146,188,];False
4720;9498;14218;[199,72,78,99,155,57,176,7,186,192,10,154,31,61,185,15,118,92,14,19,20,173,8,123,2,25,131,27,150,5,106,130,198,147,34,33,55,66,74,39,86,174,63,6,9,45,158,119,124,49,50,51,77,53,85,36,182,46,38,79,184,32,183,90,52,56,21,67,18,69,80,71,24,111,89,180,29,114,167,81,156,142,82,83,157,54,170,87,88,11,101,91,107,189,58,128,195,97,143,73,84,134,102,100,65,96,117,187,108,98,110,165,112,113,138,26,116,35,30,120,178,47,122,151,160,125,126,127,60,0,190,144,40,139,105,135,23,13,179,1,129,95,137,16,75,133,103,172,148,149,3,121,152,132,153,140,70,68,62,159,162,161,37,94,164,28,166,17,168,169,76,171,177,44,163,175,109,93,145,136,4,181,22,12,43,59,48,104,196,141,193,191,64,42,194,115,41,197,146,188,];False
4598;9618;14216;[199,72,78,99,155,124,176,7,186,192,10,154,31,61,185,15,118,92,14,19,20,173,8,123,24,25,131,142,150,5,106,130,198,147,34,33,55,66,74,39,86,174,63,6,9,45,158,119,57,49,50,51,77,53,85,36,182,46,38,79,184,32,183,90,52,56,21,67,18,69,80,71,2,111,89,180,29,114,167,81,156,27,82,83,157,54,170,87,88,11,101,91,107,189,58,128,195,97,143,73,84,134,102,100,65,96,117,187,108,98,110,165,112,113,138,26,116,35,30,120,178,47,122,151,160,125,126,127,60,0,190,144,40,139,105,135,23,13,179,1,129,95,137,16,94,133,103,172,148,149,3,121,152,132,153,140,70,68,62,159,171,161,37,75,164,28,166,17,168,169,76,162,177,44,163,175,109,93,145,136,4,181,22,12,43,59,48,104,196,141,193,191,64,42,194,115,41,197,146,188,];False
4665;9549;14214;[199,72,78,99,155,124,176,7,186,192,10,154,31,61,185,15,118,92,14,19,20,173,8,123,24,25,131,142,150,5,106,130,198,147,34,33,55,66,74,39,86,174,63,6,9,45,158,119,57,49,65,51,77,53,85,36,182,46,38,79,184,32,183,90,52,56,21,67,18,69,80,71,2,111,89,180,29,114,167,81,156,27,82,83,157,54,170,87,88,11,101,91,107,189,58,128,195,97,143,73,84,134,102,100,50,96,117,187,108,98,110,165,112,113,138,26,116,35,30,120,178,47,122,151,160,125,126,127,60,0,190,144,40,139,105,135,23,13,179,1,129,95,137,16,94,133,103,172,148,149,3,121,152,132,153,140,70,68,62,159,162,161,37,75,164,28,166,17,168,169,76,171,177,44,163,175,109,93,145,136,4,181,22,12,43,59,48,104,196,141,193,191,64,42,194,115,41,197,146,188,];False
4625;9581;14206;[199,72,78,99,155,124,176,7,186,192,10,154,31,61,185,15,118,92,14,19,20,173,8,101,24,25,131,142,150,5,106,130,198,147,34,33,55,66,74,39,86,174,63,6,9,45,158,119,57,49,50,51,77,53,85,36,182,46,38,79,184,32,183,90,52,56,21,67,18,69,80,71,2,111,89,180,29,114,167,81,156,27,82,83,157,54,170,129,88,11,123,91,107,189,58,128,195,97,109,73,84,134,102,100,65,96,117,187,108,98,110,165,112,113,138,26,116,35,30,120,178,47,122,151,160,125,126,127,60,0,190,144,40,139,105,135,59,13,179,1,87,95,137,16,94,133,103,172,148,149,3,121,152,132,153,140,70,68,62,159,162,161,37,75,164,28,166,17,168,169,76,171,177,44,163,175,143,93,145,136,4,181,22,12,43,23,48,104,196,141,193,191,64,42,194,115,41,197,146,188,];False
4689;9516;14205;[199,72,78,99,155,57,60,7,186,192,10,154,31,61,185,15,118,92,14,19,20,173,8,123,24,25,131,27,150,5,106,130,198,147,34,33,55,66,74,39,86,174,63,6,9,45,158,119,124,49,50,51,77,53,85,36,182,46,38,79,184,32,183,90,52,56,21,67,18,69,80,71,2,111,89,180,29,114,167,81,156,142,82,83,157,54,170,87,88,11,101,91,107,189,58,128,195,97,143,73,84,134,102,100,65,96,117,187,108,98,110,165,112,113,138,26,116,35,30,120,178,47,122,151,160,125,126,127,176,0,190,144,40,139,105,135,23,13,179,1,129,95,137,16,75,133,103,172,148,149,3,121,109,132,153,140,70,68,62,159,162,161,37,94,164,28,166,17,168,169,76,171,177,44,163,175,152,93,145,136,4,181,22,12,43,59,48,104,196,141,193,191,64,42,194,115,41,197,146,188,];False
4709;9495;14204;[199,72,78,99,155,57,176,7,186,192,10,154,31,61,185,15,118,92,14,19,20,173,8,123,24,25,131,27,150,5,106,130,198,147,34,33,55,66,74,39,86,174,63,6,9,45,158,119,124,49,50,51,77,53,85,36,182,46,38,79,184,32,183,90,52,56,21,67,18,28,80,71,2,111,89,180,29,114,167,81,156,142,82,83,157,54,170,87,88,11,101,91,107,189,58,128,195,97,143,73,84,134,102,100,65,96,117,187,108,98,110,165,112,113,138,26,116,35,30,120,178,47,122,151,160,125,126,127,60,0,190,144,40,139,105,135,23,13,179,1,129,95,137,16,75,133,103,172,148,149,3,121,152,132,153,140,70,68,62,159,162,161,37,94,164,69,166,17,168,169,76,171,177,44,163,175,109,93,145,136,4,181,22,12,43,59,48,104,196,141,193,191,64,42,194,115,41,197,146,188,];False
4637;9567;14204;[199,72,78,99,155,127,176,7,186,192,10,154,31,61,185,15,118,92,14,19,20,173,8,123,24,25,131,27,150,5,106,130,198,147,34,33,55,66,74,39,86,174,63,6,9,45,158,119,124,49,50,51,77,53,85,36,182,46,38,79,184,32,183,90,52,56,21,67,18,69,80,71,2,111,89,180,29,114,167,81,156,142,82,83,157,54,170,87,88,11,101,91,107,189,58,128,195,97,143,73,84,134,102,100,65,96,117,187,108,98,110,165,112,113,138,26,116,35,30,120,178,47,122,151,160,125,126,57,60,0,190,144,40,139,105,135,23,13,179,1,129,95,137,16,94,133,103,172,148,149,3,121,152,132,153,140,70,68,62,159,162,161,37,75,164,28,166,17,168,169,76,171,177,44,163,175,109,93,145,136,4,181,22,12,43,59,48,104,196,141,193,191,64,42,194,115,41,197,146,188,];False
4696;9499;14195;[199,72,78,99,155,57,176,7,186,192,10,154,31,61,185,15,118,92,14,19,20,173,8,123,24,25,131,27,150,5,106,130,198,181,34,33,55,66,74,39,86,174,63,6,9,45,158,119,124,49,50,51,77,53,85,36,182,46,38,79,184,32,183,90,52,56,21,67,18,69,80,71,2,111,89,180,29,114,167,81,156,142,82,83,157,54,170,87,88,11,101,91,107,189,58,128,195,97,143,73,84,134,102,100,65,96,117,187,108,98,110,165,112,113,138,26,116,35,30,120,178,47,122,151,160,125,126,127,60,0,190,144,40,139,105,135,23,13,179,1,129,95,137,16,75,133,103,172,148,149,3,121,152,132,153,140,70,68,62,159,162,161,37,94,164,28,166,17,168,169,76,171,177,44,163,175,109,93,145,136,4,147,22,12,43,59,48,104,196,141,193,191,64,42,194,115,41,197,146,188,];False
4743;9450;14193;[199,72,78,28,155,57,60,7,186,192,10,154,31,61,185,15,118,92,14,19,20,173,8,123,24,25,131,27,150,5,106,130,198,147,34,33,55,66,74,39,86,174,63,6,9,45,158,119,124,53,50,51,77,49,85,36,182,46,38,79,184,32,183,90,52,56,21,67,18,69,156,71,2,111,89,180,29,114,167,81,80,142,82,83,157,54,170,87,88,11,101,91,107,189,58,128,195,97,143,73,84,134,102,100,65,96,117,187,108,98,110,165,112,113,138,26,116,35,30,120,178,47,122,151,160,125,126,127,176,0,190,144,40,139,105,135,23,13,179,121,129,95,137,16,75,133,103,172,148,149,3,1,152,132,153,140,70,68,62,159,162,161,37,94,164,99,166,17,168,169,76,171,177,44,163,175,109,93,145,136,4,181,22,12,43,59,48,104,196,141,193,191,64,42,194,115,41,197,146,188,];True
4669;9523;14192;[199,72,78,99,155,124,176,7,186,192,10,154,31,61,185,172,118,92,14,19,20,173,8,123,24,25,131,142,150,5,106,130,198,147,34,33,55,66,74,39,86,174,63,6,9,45,158,119,57,49,50,51,77,53,85,36,182,46,38,79,184,32,183,90,52,56,21,67,18,69,80,71,2,111,89,180,29,114,167,81,156,27,82,83,157,54,170,87,88,11,101,91,107,189,58,128,195,97,143,73,84,134,102,100,65,96,117,187,108,98,110,165,112,113,138,26,116,35,30,120,178,47,122,151,160,125,126,127,60,0,190,144,40,139,105,135,23,13,179,1,129,95,137,16,94,133,103,15,148,149,3,121,152,132,153,140,70,68,62,159,162,161,37,75,164,28,166,17,168,169,76,171,177,44,163,175,109,93,145,136,4,181,22,12,43,59,48,104,196,141,193,191,64,42,194,115,41,197,146,188,];False
4732;9458;14190;[199,72,78,99,155,57,176,7,186,192,10,154,31,61,185,15,118,92,14,19,20,173,8,123,24,25,131,27,150,5,106,130,198,147,34,33,55,66,74,39,86,174,63,6,9,45,158,119,124,49,50,51,77,53,85,36,182,46,38,79,184,32,183,90,52,56,21,67,18,69,80,71,2,111,89,180,29,114,167,81,156,142,82,83,157,54,170,87,88,11,101,91,107,189,58,128,195,97,143,73,84,134,102,100,65,96,117,187,108,98,110,165,112,113,138,26,116,35,30,120,178,47,122,151,160,125,126,127,60,0,190,144,40,139,105,135,23,13,179,1,129,95,137,16,75,133,103,172,148,149,3,121,152,132,153,140,70,68,62,159,162,161,37,94,164,28,166,17,168,169,76,171,177,44,163,175,109,48,145,136,4,181,22,12,43,59,93,104,196,141,193,191,64,42,194,115,41,197,146,188,];False
4645;9543;14188;[199,72,78,99,155,124,176,7,186,192,10,154,31,61,185,15,118,92,14,19,20,173,8,123,24,25,131,142,150,5,106,130,198,147,34,33,55,66,74,39,86,174,63,6,9,45,158,119,57,49,50,51,77,53,85,36,145,46,38,79,184,32,183,90,52,56,21,67,18,69,80,71,2,111,89,180,29,114,167,81,156,27,82,83,157,54,170,87,88,11,101,91,107,189,58,128,195,97,109,73,84,134,102,100,65,96,117,187,108,98,110,165,112,113,138,26,116,35,30,120,178,47,122,151,160,125,126,127,60,0,190,144,40,139,105,135,23,13,179,1,129,95,137,16,94,133,103,172,148,149,3,121,152,132,153,140,70,68,62,159,162,161,37,75,164,28,166,17,168,169,76,171,177,44,163,175,143,93,182,136,4,181,22,12,43,59,48,104,196,141,193,191,64,42,194,115,41,197,146,188,];False
4665;9522;14187;[199,72,78,99,155,57,60,7,186,192,10,154,31,61,185,15,118,92,14,19,20,173,8,123,24,25,131,27,150,5,106,130,198,147,34,33,55,66,74,39,86,174,63,6,9,45,158,119,124,49,50,51,77,53,85,36,182,46,38,79,184,32,183,90,52,56,21,67,18,69,80,71,2,111,89,180,29,114,167,81,156,142,82,83,157,54,170,87,88,11,101,91,107,189,58,128,195,97,143,73,84,134,102,100,65,96,117,187,108,98,110,165,112,113,138,26,116,35,30,120,178,47,122,151,160,125,126,127,176,0,190,144,40,139,105,135,23,13,179,1,129,95,137,16,75,133,103,172,148,149,3,121,152,132,153,140,70,68,62,159,162,161,37,94,164,28,166,17,168,169,76,171,177,44,163,175,109,93,145,136,4,181,22,12,43,59,48,104,196,141,193,191,64,42,194,115,41,197,146,188,];False
4681;9504;14185;[199,72,78,28,155,57,60,7,186,192,10,154,31,61,185,15,118,92,14,19,20,173,8,123,24,25,131,27,150,5,106,130,198,147,34,33,55,66,74,39,86,174,63,6,9,45,158,119,124,49,50,51,77,53,85,36,182,46,38,79,184,32,183,90,52,56,21,67,18,69,156,71,2,111,89,180,29,114,167,81,80,142,82,83,157,54,170,87,88,11,101,91,107,189,58,128,195,97,143,73,84,134,102,100,65,96,117,187,108,98,110,165,112,113,138,26,116,35,30,120,178,47,122,151,160,125,126,127,176,0,190,144,40,139,105,135,23,13,179,121,129,95,137,16,75,133,103,172,148,149,3,1,152,132,153,140,70,68,62,159,162,161,37,94,164,99,166,17,168,169,76,171,177,44,163,175,109,93,145,136,4,181,22,12,43,59,48,104,196,141,193,191,64,42,194,115,41,197,146,188,];False
4669;9515;14184;[199,72,78,99,155,124,176,7,186,192,10,154,31,61,185,15,118,92,14,19,20,173,8,101,24,25,131,179,150,5,106,130,198,147,34,33,55,66,74,39,86,174,63,6,9,45,158,119,57,49,50,51,77,53,85,36,182,46,38,79,184,32,183,90,52,56,21,67,18,69,80,71,2,111,89,180,29,114,167,81,156,27,82,83,157,54,170,129,88,11,123,91,107,189,58,128,195,97,109,73,84,134,102,100,65,96,117,187,108,98,110,165,112,113,138,26,116,35,30,120,178,47,122,151,160,125,126,127,60,0,190,144,40,139,105,135,23,13,142,1,87,95,137,16,94,133,103,172,148,149,3,121,152,132,153,140,70,68,62,159,162,161,37,75,164,28,166,17,168,169,76,171,177,44,163,175,143,93,145,136,4,181,22,12,43,59,48,104,196,141,193,191,64,42,194,115,41,197,146,188,];False
4646;9536;14182;[199,72,78,99,155,124,176,7,186,192,10,154,31,61,185,15,118,92,14,19,20,173,8,123,24,25,131,142,150,5,106,130,198,147,34,33,55,66,74,39,86,174,63,6,9,45,158,119,57,49,50,51,77,53,85,36,182,46,38,79,184,32,183,90,52,56,21,67,18,69,80,71,2,111,89,180,29,114,167,81,156,27,82,83,157,54,170,129,88,11,101,91,107,189,58,128,195,97,109,73,84,134,102,100,65,96,117,187,108,98,110,165,112,113,138,105,116,35,30,120,178,47,122,151,160,125,126,127,60,0,190,144,40,139,26,135,23,13,179,1,87,95,137,16,94,133,103,172,148,149,3,121,152,132,153,140,70,68,62,159,162,161,37,75,164,28,166,17,168,169,76,171,177,44,163,175,143,93,145,136,4,181,22,12,43,59,48,104,196,141,193,191,64,42,194,115,41,197,146,188,];False
4702;9479;14181;[199,72,78,99,155,57,176,7,186,192,10,154,31,61,185,15,118,92,14,19,20,173,8,123,24,25,131,27,150,5,94,130,198,147,34,33,55,66,74,39,86,174,63,6,9,45,158,119,124,49,50,51,77,53,85,36,182,46,38,79,184,32,183,90,52,56,21,67,18,69,80,71,2,111,89,180,29,114,167,81,156,142,82,83,157,54,170,87,88,11,101,91,107,189,58,128,195,97,143,73,84,134,102,100,65,96,117,187,108,98,110,165,112,113,138,26,116,35,30,120,178,47,122,151,160,125,126,127,60,0,190,144,40,139,105,135,23,13,179,1,129,95,137,16,75,133,103,172,148,149,3,121,152,132,153,140,70,68,62,159,162,161,37,106,164,28,166,17,168,169,76,171,177,44,163,175,109,93,145,136,4,181,22,12,43,59,48,104,196,141,193,191,64,42,194,115,41,197,146,188,];False
4629;9551;14180;[199,72,78,99,155,124,176,7,186,192,10,154,31,61,185,15,118,92,14,19,20,173,8,123,24,25,131,142,150,5,106,130,198,147,34,33,55,66,74,39,86,174,63,6,9,45,158,119,57,49,50,51,77,53,85,36,182,46,38,79,184,32,183,90,52,56,21,67,18,69,80,71,2,111,89,180,29,114,167,81,156,27,82,83,157,54,170,87,88,11,101,91,107,189,58,128,195,97,143,73,84,134,102,100,65,96,117,187,108,98,110,165,112,113,138,26,116,35,30,120,178,47,122,151,160,125,126,127,60,0,190,144,40,139,105,135,23,13,179,1,129,95,137,16,94,133,103,172,148,149,3,196,152,132,153,140,70,68,62,159,162,161,37,75,164,28,166,17,168,169,76,171,177,44,163,175,109,93,145,136,4,181,22,12,43,59,48,104,121,141,193,191,64,42,194,115,41,197,146,188,];False
4643;9531;14174;[199,72,78,99,155,57,176,7,186,192,10,154,31,61,185,15,118,92,14,19,20,173,8,123,24,25,131,27,150,5,106,130,198,147,34,33,55,66,74,39,86,174,63,6,9,45,158,119,124,49,50,51,77,53,85,36,182,46,38,79,184,32,183,90,52,56,21,67,18,69,80,71,2,111,89,180,29,114,167,81,156,142,82,83,157,54,170,87,88,11,101,91,107,84,58,128,195,97,143,73,189,134,102,100,65,96,117,187,108,98,110,165,112,113,138,26,116,35,30,120,178,47,122,151,160,125,126,127,60,0,190,144,40,139,105,135,23,13,179,1,129,95,137,16,75,133,103,172,148,149,3,121,152,132,153,140,70,68,62,159,162,161,37,94,164,28,166,17,168,169,76,171,177,44,163,175,109,93,145,136,4,181,22,12,43,59,48,104,196,141,193,191,64,42,194,115,41,197,146,188,];False
4674;9492;14166;[199,72,78,99,155,57,60,7,186,192,10,154,31,61,185,15,118,92,14,19,20,173,8,123,24,25,131,27,150,5,106,130,198,147,34,33,55,66,74,39,86,174,63,6,9,45,158,119,124,49,50,51,77,53,85,36,182,46,38,79,184,32,183,90,52,56,21,67,18,69,156,71,2,111,89,180,29,114,167,81,80,142,82,83,157,54,170,87,88,11,101,91,107,189,58,128,195,97,143,73,84,134,102,100,65,96,117,187,108,98,110,165,112,113,138,26,116,35,30,120,178,47,122,151,160,125,126,127,176,0,190,144,40,139,105,135,23,13,179,121,129,95,137,16,75,133,103,172,148,149,3,1,152,132,153,140,70,68,62,159,162,161,37,94,164,28,166,17,168,169,76,171,177,44,163,175,109,93,145,136,4,181,22,12,43,59,48,104,196,141,193,191,64,42,194,115,41,197,146,188,];False
4646;9520;14166;[199,72,78,99,155,57,176,7,186,192,10,154,31,61,185,15,118,92,129,19,20,173,8,123,24,25,131,27,150,5,106,130,198,147,34,33,55,66,74,39,86,174,63,6,9,45,158,119,124,49,50,51,77,53,85,36,182,46,38,79,184,32,183,90,52,56,21,67,18,69,80,71,2,111,89,180,29,114,167,81,156,142,82,83,157,54,170,87,88,11,101,91,107,189,58,128,195,97,143,73,84,134,102,100,65,96,117,187,108,98,110,165,112,113,138,26,116,35,30,120,178,47,122,151,160,125,126,127,60,0,190,144,40,139,105,135,23,13,179,1,14,95,137,16,75,133,103,172,148,149,3,121,152,132,153,140,70,68,62,159,162,161,37,94,164,28,166,17,168,169,76,171,177,44,163,175,109,93,145,136,4,181,22,12,43,59,48,104,196,141,193,191,64,42,194,115,41,197,146,188,];False
4641;9524;14165;[199,72,78,99,155,124,176,7,186,192,10,154,31,61,185,15,118,92,14,19,20,173,8,123,24,147,131,142,150,5,106,130,198,25,34,33,55,66,74,39,86,174,63,6,9,45,158,119,57,49,50,51,77,53,85,36,182,46,38,79,184,32,183,90,52,56,21,67,18,69,80,71,2,111,89,180,29,114,167,81,156,27,82,83,157,54,170,87,88,11,101,91,107,189,58,128,195,97,143,73,84,134,102,100,65,96,117,187,108,98,110,165,112,113,138,26,116,35,30,120,178,47,122,151,160,125,126,127,60,0,190,144,40,139,105,135,23,13,179,1,129,95,137,16,94,133,103,172,148,149,3,121,152,132,153,140,70,68,62,159,162,161,37,75,164,28,166,17,168,169,76,171,177,44,163,175,109,93,145,136,4,181,22,12,43,59,48,104,196,141,193,191,64,42,194,115,41,197,146,188,];False
4673;9491;14164;[199,72,78,99,155,57,176,7,186,192,10,154,31,61,185,15,118,92,14,19,20,173,8,123,24,25,131,27,150,5,106,130,198,147,34,33,55,66,74,39,86,174,63,6,9,45,158,119,124,49,50,51,77,53,85,36,182,46,38,79,184,32,183,90,52,56,21,67,18,69,80,71,2,111,89,180,29,114,167,81,156,142,82,83,157,54,170,87,88,11,101,91,107,189,95,128,195,97,143,73,84,134,102,100,65,96,117,187,108,98,110,165,112,113,138,26,116,35,30,120,178,47,122,151,160,125,126,127,60,0,190,144,40,139,105,135,23,13,179,1,129,58,137,16,75,133,103,172,148,149,3,121,152,132,153,140,70,68,62,159,162,161,37,94,164,28,166,17,168,169,76,171,177,44,163,175,109,93,145,136,4,181,22,12,43,59,48,104,196,141,193,191,64,42,194,115,41,197,146,188,];False
4672;9492;14164;[199,72,78,99,155,57,60,7,186,192,10,154,31,61,185,15,118,92,14,19,20,173,8,123,24,25,131,27,150,5,106,130,198,147,34,33,55,66,74,39,86,174,63,6,9,45,158,119,124,49,50,51,77,53,85,36,182,46,38,79,184,32,183,90,52,56,21,67,18,69,156,71,2,111,89,180,29,114,167,81,80,142,82,83,157,54,170,87,88,11,101,91,107,189,58,128,195,97,143,73,84,134,102,100,65,96,117,187,108,98,110,165,112,113,138,26,116,35,30,120,178,47,122,151,160,125,126,127,176,0,190,144,40,139,105,135,23,13,179,1,129,95,137,16,75,133,103,172,148,149,3,121,152,132,153,140,70,68,62,159,162,161,37,94,164,28,166,17,168,169,76,171,177,44,163,175,109,93,145,136,4,181,22,12,43,59,48,104,196,141,193,191,64,42,194,115,41,197,146,188,];False
4670;9494;14164;[199,72,78,99,155,57,176,7,186,192,10,154,31,61,185,15,118,92,14,19,20,173,8,123,168,25,131,27,150,5,106,130,198,147,34,33,55,66,74,39,86,174,63,6,9,45,158,119,124,49,50,51,77,53,85,36,182,46,38,79,184,32,183,90,52,56,21,67,18,69,80,71,2,111,89,180,29,114,167,81,156,142,82,83,157,54,170,87,88,11,101,91,107,189,58,128,195,97,143,73,84,134,102,100,65,96,117,187,108,98,110,165,112,113,138,26,116,35,30,120,178,47,122,151,160,125,126,127,60,0,190,144,40,139,105,135,23,13,179,1,129,95,137,16,75,133,103,172,148,149,3,121,152,132,153,140,70,68,62,159,162,161,37,94,164,28,166,17,24,169,76,171,177,44,163,175,109,93,145,136,4,181,22,12,43,59,48,104,196,141,193,191,64,42,194,115,41,197,146,188,];False
4589;9574;14163;[199,72,78,99,155,124,176,7,186,192,10,154,31,61,185,15,118,92,14,19,64,173,8,123,24,25,131,142,150,5,106,130,198,147,34,33,55,66,74,39,86,174,63,6,9,45,158,119,57,49,50,51,77,53,85,36,182,46,38,79,184,32,183,90,52,56,21,67,18,69,80,71,2,111,89,180,29,114,167,81,156,27,82,83,157,54,170,129,88,11,101,91,107,189,58,128,195,97,109,73,84,134,102,100,65,96,117,187,108,98,110,165,112,113,138,26,116,35,30,120,178,47,122,151,160,125,126,127,60,0,190,144,40,139,105,135,23,13,179,1,87,95,137,16,94,133,103,172,148,149,3,121,152,132,153,140,70,68,62,159,162,161,37,75,164,28,166,17,168,169,76,171,177,44,163,175,143,93,145,136,4,181,22,12,43,59,48,104,196,141,193,191,20,42,194,115,41,197,146,188,];False
4671;9487;14158;[199,72,78,99,155,57,176,7,186,192,10,154,31,61,185,15,118,92,14,19,20,173,8,123,24,25,131,27,150,5,106,130,198,147,34,33,55,66,74,39,86,174,63,6,9,45,158,119,124,49,50,51,77,53,85,36,182,46,38,79,184,32,183,90,52,56,21,67,18,69,80,71,2,111,89,180,29,114,167,81,156,142,82,83,157,54,170,87,88,11,101,91,107,189,58,128,195,97,143,73,84,134,102,100,65,96,117,187,108,121,110,165,112,113,138,26,116,35,30,120,178,47,122,151,160,125,126,127,60,0,190,144,40,139,105,135,23,13,179,1,129,95,137,16,75,133,103,172,148,149,3,98,152,132,153,140,70,68,62,159,162,161,37,94,164,28,166,17,168,169,76,171,177,44,163,175,109,93,145,136,4,181,22,12,43,59,48,104,196,141,193,191,64,42,194,115,41,197,146,188,];False
4593;9565;14158;[199,72,78,99,155,124,176,7,186,192,10,154,31,61,185,15,118,92,62,19,20,173,8,123,24,25,131,142,150,5,106,130,198,147,34,33,55,66,74,39,86,174,63,6,9,45,158,119,57,49,50,51,77,53,85,36,182,46,38,79,184,32,183,90,52,56,21,67,18,69,80,71,2,111,89,180,29,114,167,81,156,27,82,83,157,54,170,87,88,11,101,91,107,189,58,128,195,97,143,73,84,134,102,100,65,96,117,187,108,98,110,165,112,113,138,26,116,35,30,120,178,47,122,151,160,125,126,127,60,0,190,144,40,139,105,135,23,13,179,1,129,95,137,16,94,133,103,172,148,149,3,121,152,132,153,140,70,68,14,159,162,161,37,75,164,28,166,17,168,169,76,171,177,44,163,175,109,93,145,136,4,181,22,12,43,59,48,104,196,141,193,191,64,42,194,115,41,197,146,188,];False
4600;9557;14157;[199,10,78,99,155,124,176,7,186,192,72,154,31,61,185,15,118,92,14,19,20,173,8,123,24,25,131,142,150,5,106,130,198,147,34,33,55,66,74,39,86,174,63,6,9,45,158,119,57,49,50,51,77,53,85,36,182,46,38,79,184,32,183,90,52,56,21,67,18,69,80,71,2,111,89,180,29,114,167,81,156,27,82,83,157,54,170,87,88,11,101,91,107,189,58,128,195,97,109,73,84,134,102,100,65,96,117,187,108,98,110,165,112,113,138,26,116,35,30,120,178,47,122,151,160,125,126,127,60,0,190,144,40,139,105,135,23,13,179,1,129,95,137,16,94,133,103,172,148,149,3,121,152,132,153,140,70,68,62,159,162,161,37,75,164,28,166,17,168,169,76,171,177,44,163,175,143,93,145,136,4,181,22,12,43,59,48,104,196,141,193,191,64,42,194,115,41,197,146,188,];False
4640;9517;14157;[199,72,78,99,155,57,176,7,186,192,10,154,31,61,185,15,118,92,14,19,20,173,8,4,24,25,131,27,150,5,106,130,198,147,34,33,55,66,74,39,86,174,63,6,9,45,158,119,124,49,50,51,77,53,85,36,182,46,38,79,184,32,183,90,52,56,21,67,18,69,80,71,2,111,89,180,29,114,167,81,156,142,82,83,157,54,170,87,88,11,101,91,107,189,58,128,195,97,143,73,84,134,102,100,65,96,117,187,108,98,110,165,112,113,138,26,116,35,30,120,178,47,122,151,160,125,126,127,60,0,190,144,40,139,105,135,23,13,179,1,129,95,137,16,94,133,103,172,148,149,3,121,152,132,153,140,70,68,62,159,162,161,37,75,164,28,166,17,168,169,76,171,177,44,163,175,109,93,145,136,123,181,22,12,43,59,48,104,196,141,193,191,64,42,194,115,41,197,146,188,];False
4635;9521;14156;[199,72,78,99,155,57,176,7,186,192,10,154,31,61,185,15,118,92,14,19,20,173,8,123,24,25,131,27,150,5,106,130,198,147,34,33,55,66,74,39,86,174,63,6,9,45,158,119,124,49,50,51,77,53,85,36,182,46,38,79,184,32,183,90,52,56,21,67,18,69,80,71,2,111,89,180,29,114,167,81,156,142,82,83,157,54,170,87,88,11,101,91,107,189,58,128,195,97,143,73,84,134,102,100,65,96,117,187,108,98,110,165,112,113,138,26,116,35,30,120,178,47,122,151,160,125,126,127,60,0,190,144,40,139,105,135,23,13,179,1,129,95,137,16,94,133,103,172,148,149,3,121,152,132,153,140,70,68,62,159,162,161,37,75,164,28,166,17,168,169,76,171,177,44,163,175,109,93,145,136,4,181,22,12,43,59,48,104,196,141,193,191,64,42,194,115,41,197,146,188,];False
4637;9518;14155;[199,72,78,99,155,124,176,7,186,192,10,154,31,61,185,15,118,92,14,19,20,173,8,123,24,25,131,142,150,5,106,130,147,198,34,33,55,66,74,39,86,174,63,6,9,45,158,119,57,49,50,51,77,53,85,36,182,46,38,79,184,32,183,90,52,56,21,67,18,69,80,71,2,111,89,180,29,114,167,81,156,27,82,83,157,54,170,87,88,11,101,91,107,189,58,128,195,97,143,73,84,134,102,100,65,96,117,187,108,98,110,165,112,113,138,26,116,35,30,120,178,47,122,151,160,125,126,127,60,0,190,144,40,139,105,135,23,13,179,1,129,95,137,16,94,133,103,172,148,149,3,121,152,132,153,140,70,68,62,159,162,161,37,75,164,28,166,17,168,169,76,171,177,44,163,175,109,93,145,136,4,181,22,12,43,59,48,104,196,141,193,191,64,42,194,115,41,197,146,188,];False
4603;9551;14154;[199,72,78,99,155,124,176,7,186,192,10,154,31,61,185,15,118,92,14,19,20,173,8,123,24,25,131,142,150,5,106,130,198,147,34,33,55,66,74,39,86,102,63,6,9,45,158,119,57,49,50,51,77,53,85,36,182,46,38,79,184,32,183,90,52,56,21,67,18,69,80,71,2,111,89,180,29,114,167,81,156,27,82,83,157,54,170,87,88,11,101,91,107,189,58,128,195,97,143,73,84,134,174,100,65,96,117,187,108,98,110,165,112,113,138,26,116,35,30,120,178,47,122,151,160,125,126,127,60,0,190,144,40,139,105,135,23,13,179,1,129,95,137,16,94,133,103,172,148,149,3,121,152,132,153,140,70,68,62,159,162,161,37,75,164,28,166,17,168,169,76,171,177,44,163,175,109,93,145,136,4,181,22,12,43,59,48,104,196,141,193,191,64,42,194,115,41,197,146,188,];False
4645;9505;14150;[199,72,78,99,155,124,176,7,186,192,10,154,31,137,185,15,118,92,14,19,20,173,8,123,24,25,131,142,150,5,106,130,198,147,34,33,55,66,74,39,86,174,63,6,9,45,158,119,57,49,50,51,77,53,85,36,182,46,38,79,184,32,183,90,52,56,21,67,18,69,80,71,2,111,89,180,29,114,167,81,156,27,82,83,157,54,170,87,88,11,101,91,107,189,58,128,195,97,143,73,84,134,102,100,65,96,117,187,108,98,110,165,112,113,138,26,116,35,30,120,178,47,122,151,160,125,126,127,60,0,190,144,40,139,105,135,23,13,179,1,129,95,61,16,94,133,103,172,148,149,3,121,152,132,153,140,70,68,62,159,162,161,37,75,164,28,166,17,168,169,76,171,177,44,163,175,109,93,145,136,4,181,22,12,43,59,48,104,196,141,193,191,64,42,194,115,41,197,146,188,];False
4677;9471;14148;[199,72,78,99,155,57,60,7,186,192,10,154,31,61,185,15,118,92,14,19,20,173,8,49,24,25,131,27,150,5,106,130,198,147,34,33,55,66,74,39,86,174,63,6,9,45,158,119,124,123,50,51,77,53,85,36,182,46,38,79,184,32,183,90,52,56,21,67,18,69,80,71,2,111,89,180,29,114,167,81,156,142,82,83,157,54,170,87,88,11,101,91,107,189,58,128,195,97,143,73,84,134,102,100,65,96,117,187,108,98,110,165,112,113,138,26,116,35,30,120,178,47,122,151,160,125,126,127,176,0,190,144,40,139,105,135,23,13,179,1,129,95,137,16,75,133,103,172,148,149,3,121,152,132,153,140,70,68,62,159,162,161,37,94,164,28,166,17,168,169,76,171,177,44,163,175,109,93,145,136,4,181,22,12,43,59,48,104,196,141,193,191,64,42,194,115,41,197,146,188,];True
4690;9458;14148;[20,72,78,99,155,57,176,7,186,192,10,154,31,61,185,15,118,92,14,19,199,173,8,123,24,25,131,27,150,5,106,130,198,147,34,33,55,66,74,39,86,174,63,6,9,45,158,119,124,49,50,51,77,53,85,36,182,46,38,79,184,32,183,90,52,56,21,67,18,69,80,71,2,111,89,180,29,114,167,81,156,142,82,83,157,54,170,87,88,11,101,91,107,189,58,128,195,97,143,73,84,134,102,100,65,96,117,187,108,98,110,165,112,113,138,26,116,35,30,120,178,47,122,151,160,125,126,127,60,0,190,144,40,139,105,135,23,13,179,1,129,95,137,16,75,133,103,172,148,149,3,121,152,132,153,140,70,68,62,159,162,161,37,94,164,28,166,17,168,169,76,171,177,44,163,175,109,93,145,136,4,181,22,12,43,59,48,104,196,141,193,191,64,42,194,115,41,197,146,188,];True
4641;9498;14139;[199,72,78,99,155,57,176,7,186,192,10,154,31,61,185,15,118,92,14,19,20,173,8,123,24,25,131,27,150,5,106,130,198,147,34,33,55,66,74,39,86,174,63,6,9,45,158,119,124,49,50,51,77,53,85,36,182,46,38,79,184,32,183,90,52,56,21,67,18,69,80,71,2,111,89,180,29,114,167,81,156,142,82,83,157,54,170,87,88,11,101,91,107,189,58,128,195,97,143,73,84,134,102,100,65,96,117,187,108,98,110,165,112,113,138,26,116,35,30,120,178,47,122,151,160,125,126,127,60,0,190,144,40,139,105,135,23,13,179,1,129,95,137,16,75,133,103,172,148,149,3,121,152,132,153,140,70,68,62,159,162,161,37,94,164,28,166,17,168,169,76,171,177,44,163,175,109,93,145,136,4,181,22,12,43,59,48,104,196,141,193,191,64,42,194,115,41,197,146,188,];False
4602;9530;14132;[199,72,78,99,155,124,176,7,186,192,10,154,31,61,185,15,118,92,14,19,20,173,8,123,24,25,131,142,150,5,106,130,198,147,34,33,55,66,74,39,86,174,63,6,9,45,158,119,57,49,50,51,77,53,85,36,182,46,38,140,184,32,183,90,52,56,21,67,18,69,80,71,2,111,89,180,29,114,167,81,156,27,82,83,157,54,170,87,88,11,101,91,107,189,58,128,195,97,109,73,84,134,102,100,65,96,117,187,108,98,110,165,112,113,138,26,116,35,30,120,178,47,122,151,160,125,126,127,60,0,190,144,40,139,105,135,23,13,179,1,129,95,137,16,94,133,103,172,148,149,3,121,152,132,153,79,70,68,62,159,162,161,37,75,164,28,166,17,168,169,76,171,177,44,163,175,143,93,145,136,4,181,22,12,43,59,48,104,196,141,193,191,64,42,194,115,41,197,146,188,];False
4578;9554;14132;[199,72,78,99,155,124,176,7,186,144,10,154,31,61,185,15,118,92,14,19,20,173,8,123,24,25,131,142,150,5,106,130,198,147,34,33,55,66,74,39,86,174,63,6,9,45,158,119,57,49,50,51,77,53,85,36,182,46,38,79,184,32,183,90,52,56,21,67,18,69,80,71,2,111,89,180,29,114,167,81,156,27,82,83,157,54,170,87,88,11,101,91,107,189,58,128,195,97,143,73,84,134,102,100,65,96,117,187,108,98,110,165,112,113,138,26,116,35,30,120,178,47,122,151,160,125,126,127,60,0,190,192,40,139,105,135,23,13,179,1,129,95,137,16,94,133,103,172,148,149,3,121,152,132,153,140,70,68,62,159,162,161,37,75,164,28,166,17,168,169,76,171,177,44,163,175,109,93,145,136,4,181,22,12,43,59,48,104,196,141,193,191,64,42,194,115,41,197,146,188,];False
4610;9519;14129;[199,72,78,62,155,124,176,7,186,192,10,154,31,61,185,15,118,92,14,19,20,173,8,101,24,25,131,142,150,5,106,130,198,147,34,33,55,66,74,39,86,174,63,6,9,45,158,119,57,49,50,51,77,53,85,36,182,46,38,79,184,32,183,90,52,56,21,67,18,69,80,71,2,111,89,180,29,114,167,81,156,27,82,83,157,54,170,129,88,11,123,91,107,189,58,128,195,97,109,73,84,134,102,100,65,96,117,187,108,98,110,165,112,113,138,26,116,35,30,120,178,47,122,151,160,125,126,127,60,0,190,144,40,139,105,135,23,13,179,1,87,95,137,16,94,133,103,172,148,149,3,121,152,132,153,140,70,68,99,159,162,161,37,75,164,28,166,17,168,169,76,171,177,44,163,175,143,93,145,136,4,181,22,12,43,59,48,104,196,141,193,191,64,42,194,115,41,197,146,188,];False
4619;9495;14114;[199,72,78,99,155,124,176,7,186,192,10,154,31,61,185,15,118,92,14,19,20,173,8,123,24,25,131,27,150,5,106,130,198,147,34,33,55,66,74,39,86,174,63,6,9,45,158,119,57,49,50,51,77,53,85,36,182,46,38,79,184,32,183,90,52,56,21,67,18,69,80,71,2,111,89,180,29,114,167,81,156,142,82,83,157,54,170,87,88,11,101,91,107,189,58,128,195,97,143,73,84,134,102,100,65,96,117,187,108,98,110,165,112,113,138,26,116,35,30,120,178,47,122,151,160,125,126,127,60,0,190,144,40,139,105,135,23,13,179,1,129,95,137,16,94,133,103,172,148,149,3,121,152,132,153,140,70,68,62,159,162,161,37,75,164,28,166,17,168,169,76,171,177,44,163,175,109,93,145,136,4,181,22,12,43,59,48,104,196,141,193,191,64,42,194,115,41,197,146,188,];False
4576;9536;14112;[199,72,78,99,155,124,176,7,186,192,10,154,31,61,185,15,118,92,14,19,20,173,8,101,24,25,131,142,150,5,106,130,198,147,34,33,55,66,74,39,86,174,63,6,9,45,158,119,57,49,50,51,77,53,85,36,182,46,38,79,184,32,56,90,52,183,21,67,18,69,80,71,2,111,89,180,29,114,167,81,156,27,82,83,157,54,170,129,88,11,123,91,107,189,58,128,195,97,109,73,84,134,102,100,65,96,117,187,108,98,110,165,112,113,138,26,116,35,30,120,178,47,122,151,160,125,126,127,60,0,190,144,40,139,105,135,23,13,179,1,87,95,137,16,94,133,103,172,148,149,3,121,152,132,153,140,70,68,62,159,162,161,37,75,164,28,166,17,168,169,76,171,177,44,163,175,143,93,145,136,4,181,22,12,43,59,48,104,196,141,193,191,64,42,194,115,41,197,146,188,];False
4533;9576;14109;[199,72,78,99,155,124,176,7,186,192,10,154,31,61,185,15,118,92,14,19,20,173,8,101,24,25,131,142,150,5,106,130,198,147,34,33,55,66,74,39,86,174,63,6,9,45,158,119,57,49,50,51,77,53,85,36,182,46,38,79,156,32,183,90,52,56,21,67,18,69,80,71,2,111,89,180,29,114,167,81,37,27,82,83,157,54,170,129,88,11,123,91,107,189,58,128,195,97,109,73,84,134,102,100,65,96,117,187,164,98,110,165,112,113,138,26,116,35,30,120,178,47,122,151,160,125,126,127,60,0,190,144,40,139,105,135,23,13,179,1,87,95,137,16,94,133,103,172,148,149,3,121,152,132,153,140,197,68,62,159,162,161,184,75,108,28,166,17,168,169,76,171,177,44,163,175,143,93,145,136,4,181,22,12,43,59,48,104,196,141,193,191,64,42,194,115,41,70,146,188,];False
4533;9571;14104;[199,72,78,99,155,124,176,7,186,192,10,154,31,61,149,15,118,92,14,19,20,32,8,101,24,25,131,142,150,5,106,130,198,147,34,33,55,66,74,39,86,174,63,6,9,45,158,119,57,49,50,51,77,53,85,36,182,46,38,79,156,173,183,90,52,56,21,67,18,69,80,71,2,111,89,180,29,114,167,81,37,27,82,83,157,54,170,129,88,11,123,91,107,189,58,128,195,97,109,1,84,134,102,100,65,96,117,187,164,98,110,165,112,113,138,26,116,35,30,120,178,47,122,151,160,125,126,127,60,0,190,144,40,139,105,135,23,13,179,73,87,95,137,16,94,133,103,172,148,185,3,121,152,132,153,140,70,68,62,159,162,161,184,75,108,28,166,17,168,169,76,171,177,44,163,175,143,93,145,136,4,181,22,12,43,59,48,104,196,141,193,191,64,42,194,115,41,197,146,188,];False
4540;9562;14102;[199,72,78,99,155,124,176,7,186,192,10,154,31,61,185,15,118,92,14,19,20,173,8,101,24,25,131,142,150,5,106,130,198,147,34,175,55,66,74,39,86,174,63,6,9,45,158,119,57,49,50,51,77,53,85,36,182,46,38,79,156,32,183,90,52,56,21,67,18,69,80,71,2,111,89,180,29,114,167,81,37,27,82,83,157,54,170,129,88,11,123,91,107,189,58,128,195,97,109,73,84,134,102,100,65,96,117,187,164,98,110,165,112,113,138,26,116,35,30,120,178,47,122,151,160,125,126,127,60,0,190,144,40,139,105,135,23,13,179,1,87,95,137,16,94,133,103,172,148,149,3,121,152,132,153,140,70,68,62,159,162,161,184,75,108,28,166,17,168,169,76,171,177,44,163,33,143,93,145,136,4,181,22,12,43,59,48,104,196,141,193,191,64,42,194,115,41,197,146,188,];False
4557;9544;14101;[199,72,78,99,155,124,176,7,186,192,10,154,31,61,185,15,118,92,14,19,20,173,8,123,24,25,131,142,150,5,106,130,198,147,34,33,55,66,74,39,86,174,63,6,9,45,158,119,57,49,50,51,77,53,85,36,182,46,38,79,184,32,183,90,52,56,21,67,18,69,80,71,2,111,89,180,29,114,167,81,156,27,82,83,157,54,170,87,88,11,101,91,107,189,58,128,195,97,143,73,84,134,102,100,65,96,117,187,108,98,110,165,112,113,138,26,116,35,30,120,178,47,122,151,160,125,190,127,60,0,126,144,40,139,105,135,23,13,179,1,129,95,137,16,94,133,103,172,148,149,3,121,152,132,153,140,70,68,62,159,162,161,37,75,164,28,166,17,168,169,76,171,177,44,163,175,109,93,145,136,4,181,22,12,43,59,48,104,196,141,193,191,64,42,194,115,41,197,146,188,];False
4553;9548;14101;[199,72,78,99,155,124,176,7,186,192,10,154,31,61,185,15,118,92,14,19,20,173,8,123,24,25,131,142,150,5,106,130,198,147,34,33,55,66,74,39,86,174,63,6,9,45,158,119,57,49,50,51,77,53,85,36,182,46,38,79,184,32,183,90,52,56,21,67,18,69,80,71,2,111,89,180,29,114,167,81,156,27,82,83,157,54,170,87,88,11,101,91,107,189,58,128,195,97,143,73,84,134,102,100,65,96,117,187,108,98,110,165,112,113,138,26,116,35,30,120,178,47,122,151,160,125,126,127,60,0,190,144,40,139,105,135,23,13,179,1,129,95,137,16,94,133,103,172,148,149,3,121,152,132,153,140,70,68,62,159,162,161,37,75,164,28,166,17,168,169,76,171,177,44,163,175,109,93,145,136,4,181,22,12,43,59,48,104,196,141,193,191,64,42,194,115,41,197,146,188,];False
4539;9558;14097;[199,72,78,0,155,124,176,7,186,192,10,154,31,61,185,15,118,92,14,19,20,173,8,101,24,25,131,142,150,5,106,130,198,147,34,33,55,66,74,39,86,174,63,6,9,45,158,119,57,49,50,51,77,53,85,36,182,46,38,79,184,32,183,90,52,56,21,67,18,69,80,71,2,111,89,180,29,114,167,81,156,27,82,83,157,54,170,129,88,11,123,91,107,189,58,128,195,97,109,73,84,134,102,100,65,96,117,187,108,98,110,165,112,113,138,26,116,35,30,120,178,47,122,151,160,125,126,127,60,99,190,144,40,139,105,135,23,13,179,1,87,95,137,16,94,133,103,172,148,149,3,121,152,132,153,140,70,68,62,159,162,161,37,75,164,28,166,17,168,169,76,171,177,44,163,175,143,93,145,136,4,181,22,12,43,59,48,104,196,141,193,191,64,42,194,115,41,197,146,188,];False
4562;9532;14094;[199,72,78,99,155,124,176,7,186,192,10,154,31,61,185,15,118,92,14,19,20,173,8,123,24,25,131,142,150,5,106,130,198,147,34,33,55,66,74,39,86,174,63,6,9,45,158,119,57,49,50,51,77,53,85,135,182,46,38,79,184,32,183,90,52,56,21,67,18,69,80,71,2,111,89,180,29,114,167,81,156,27,82,83,157,54,170,129,88,11,101,91,107,189,58,128,195,97,109,73,84,134,102,100,65,96,117,187,108,98,110,165,112,113,138,26,116,35,30,120,178,47,122,151,160,125,126,127,60,0,190,144,40,139,105,36,23,13,179,1,87,95,137,16,94,133,103,172,148,149,3,121,152,132,153,140,70,68,62,159,162,161,37,75,164,28,166,17,168,169,76,171,177,44,163,175,143,93,145,136,4,181,22,12,43,59,48,104,196,141,193,191,64,42,194,115,41,197,146,188,];False
4552;9536;14088;[199,72,78,99,155,124,176,7,186,192,10,154,31,61,185,15,118,92,14,19,20,173,8,123,24,25,131,142,150,5,106,130,198,147,34,33,55,66,74,39,86,174,63,6,9,45,158,119,57,49,50,51,77,53,85,36,182,46,38,79,184,32,183,90,52,56,21,67,18,69,80,71,2,111,89,180,29,114,167,81,156,27,82,83,157,54,170,87,88,11,101,91,107,189,58,128,195,97,109,73,84,134,102,100,65,96,117,187,108,98,110,165,112,113,138,26,116,35,30,120,178,47,122,151,160,125,126,127,60,0,190,144,40,139,105,135,23,13,179,1,129,95,137,16,94,133,103,172,148,149,3,121,152,132,153,140,70,68,62,159,162,161,37,75,164,28,166,17,168,169,76,171,177,44,163,175,143,93,145,136,4,181,22,12,43,59,48,104,196,141,193,191,64,42,194,115,41,197,146,188,];False
4547;9538;14085;[199,72,78,99,155,124,176,7,186,192,10,154,31,61,185,15,118,92,14,19,20,173,8,101,24,25,131,142,150,5,106,130,198,147,34,33,55,66,74,39,86,174,63,6,9,45,158,119,57,49,50,51,77,53,85,36,182,46,38,79,184,32,183,90,52,56,21,67,18,69,80,71,2,111,89,180,29,114,167,81,156,27,82,83,157,54,170,129,134,11,123,91,107,189,58,128,195,97,109,73,84,88,102,100,65,96,117,187,108,98,110,165,112,113,138,26,116,35,30,120,178,47,122,151,160,125,126,127,60,0,190,144,40,139,105,135,23,13,179,1,87,95,137,16,94,133,103,172,148,149,3,121,152,132,153,140,70,68,62,159,162,161,37,75,164,28,166,17,168,169,76,171,177,44,163,175,143,93,145,136,4,181,22,12,43,59,48,104,196,141,193,191,64,42,194,115,41,197,146,188,];False
4533;9548;14081;[199,72,78,99,155,124,176,7,186,192,10,154,31,61,185,15,118,92,14,19,20,173,8,101,24,25,131,142,150,5,106,130,198,147,34,33,55,66,74,39,86,174,63,6,9,45,158,119,57,49,50,51,77,53,85,36,182,46,38,79,184,32,183,90,52,56,21,67,18,69,80,71,2,111,89,180,29,114,167,96,156,27,82,83,157,54,170,129,88,11,123,91,107,189,58,128,195,97,109,73,84,134,102,100,65,81,117,187,108,98,110,165,112,113,138,26,116,35,30,120,178,47,122,151,160,125,126,127,60,0,190,144,40,139,105,135,23,13,179,1,87,95,137,16,94,133,103,172,148,149,3,121,152,132,153,140,70,68,62,159,162,161,37,75,164,28,166,17,168,169,76,171,177,44,163,175,143,93,145,136,4,181,22,12,43,59,48,104,196,141,193,191,64,42,194,115,41,197,146,188,];False
4551;9527;14078;[199,72,78,99,155,124,176,7,186,192,10,154,31,61,185,15,118,92,14,19,20,173,8,101,24,25,131,187,150,5,106,130,198,147,34,33,55,66,74,39,86,174,63,6,9,45,158,119,57,49,50,51,77,53,85,36,182,46,38,79,156,32,183,90,52,56,21,67,18,69,80,71,2,111,89,180,29,114,167,81,37,27,82,83,157,54,170,129,88,11,123,91,107,189,58,128,195,97,109,73,84,134,102,100,65,96,117,142,164,98,110,165,112,113,138,26,116,35,30,120,178,47,122,151,160,125,126,127,60,0,190,144,40,139,105,135,23,13,179,1,87,95,137,16,94,133,103,172,148,149,3,121,152,132,153,140,70,68,62,159,162,161,184,75,108,28,166,17,168,169,76,171,177,44,163,175,143,93,145,136,4,181,22,12,43,59,48,104,196,141,193,191,64,42,194,115,41,197,146,188,];False
4495;9576;14071;[199,72,78,99,155,124,176,7,186,192,10,154,31,61,185,15,118,92,14,19,20,173,8,101,24,25,131,142,150,5,106,130,198,147,34,33,18,66,74,39,86,174,63,6,9,45,158,119,57,49,50,51,77,53,85,36,182,46,38,79,156,32,183,90,52,56,21,67,55,69,80,71,2,111,89,180,29,114,167,81,37,27,82,83,157,54,170,129,88,11,123,91,107,189,58,128,195,97,109,73,84,134,102,100,65,96,117,187,164,98,110,165,112,113,138,26,116,35,30,120,178,47,122,151,160,125,126,127,60,0,190,144,40,139,105,135,23,13,179,1,87,95,137,16,94,133,103,172,148,149,3,121,152,132,153,140,70,68,62,159,162,161,184,75,108,28,166,17,168,169,76,171,177,44,163,175,143,93,145,136,4,181,22,12,43,59,48,104,196,141,193,191,64,42,194,115,41,197,146,188,];False
4451;9617;14068;[199,72,78,99,155,124,176,7,186,192,10,154,31,61,149,15,118,92,14,19,20,173,8,101,24,25,131,142,150,5,106,130,198,147,34,33,55,66,74,39,86,174,63,6,9,45,158,119,57,49,50,51,77,53,85,36,182,46,38,79,156,32,183,90,52,56,159,67,18,69,80,71,2,111,89,180,29,114,167,81,37,27,82,83,157,54,170,129,88,11,123,91,107,189,58,128,195,97,109,1,84,134,102,100,65,96,117,187,164,98,110,165,112,113,138,26,116,35,30,120,178,47,122,151,160,125,126,127,60,0,190,144,40,139,105,135,23,13,179,73,87,95,137,16,94,133,103,172,148,185,3,121,152,132,153,140,70,68,62,21,162,161,184,75,108,28,166,17,168,169,76,171,177,44,163,175,143,93,145,136,4,181,22,12,43,59,48,104,196,141,193,191,64,42,194,115,41,197,146,188,];False
4491;9571;14062;[199,72,78,99,155,124,176,7,186,192,10,154,31,61,149,15,118,92,14,19,20,173,8,101,24,25,131,142,150,5,106,130,198,147,34,33,55,66,74,39,86,174,63,6,9,45,158,119,57,49,50,51,77,53,85,36,182,46,38,79,73,32,183,90,52,56,21,67,18,69,80,71,2,111,89,180,29,114,167,81,37,27,82,83,157,54,170,129,88,11,123,91,107,189,58,128,195,97,109,1,84,134,102,100,65,96,117,187,164,98,110,165,112,113,138,26,116,35,30,120,178,47,122,151,160,125,126,127,60,0,190,144,40,139,105,135,23,13,179,156,87,95,137,16,94,133,103,172,148,185,3,121,152,132,153,140,70,68,62,159,162,161,184,75,108,28,166,17,168,169,76,171,177,44,163,175,143,93,145,136,4,181,22,12,43,59,48,104,196,141,193,191,64,42,194,115,41,197,146,188,];False
4537;9523;14060;[199,72,78,99,155,124,176,7,186,192,10,154,31,61,185,15,118,92,14,19,20,173,8,123,24,25,131,142,150,5,106,130,198,147,34,33,55,66,74,39,86,174,63,6,9,45,158,119,57,49,50,51,77,53,85,36,182,46,38,79,184,32,183,90,52,56,21,67,18,69,80,71,2,111,89,180,29,114,167,81,156,27,82,83,157,54,170,129,88,11,101,91,107,189,58,128,195,97,109,73,84,134,102,100,65,96,117,187,108,98,110,165,112,113,138,26,116,35,30,120,178,47,122,151,160,125,126,127,60,0,190,144,40,139,105,135,23,13,179,1,87,95,16,137,94,133,103,172,148,149,3,121,152,132,153,140,70,68,62,159,162,161,37,75,164,28,166,17,168,169,76,171,177,44,163,175,143,93,145,136,4,181,22,12,43,59,48,104,196,141,193,191,64,42,194,115,41,197,146,188,];False
4480;9572;14052;[199,72,78,99,155,124,176,7,186,192,10,154,31,61,185,15,118,92,14,19,20,173,8,101,24,25,131,142,150,5,106,130,198,147,34,33,55,66,74,39,86,174,63,6,9,45,158,119,57,49,50,51,77,53,85,36,182,46,38,79,156,32,183,90,52,56,21,67,18,69,80,71,2,111,89,180,29,114,167,81,37,27,82,83,157,54,170,129,88,11,123,91,107,189,58,128,195,97,109,73,84,134,102,100,65,96,117,187,164,98,110,165,112,113,138,26,116,35,30,120,178,47,122,151,160,125,126,127,60,0,190,144,40,139,105,135,23,13,179,1,87,95,137,16,94,133,103,172,148,149,3,121,152,132,153,140,70,68,62,159,162,161,184,75,108,28,166,17,168,169,76,171,177,44,163,175,143,93,145,136,4,181,22,196,43,59,48,104,12,141,193,191,64,42,194,115,41,197,146,188,];False
4513;9538;14051;[199,72,78,99,155,124,176,7,186,192,10,154,31,61,185,15,118,92,14,19,20,173,8,101,24,25,131,142,150,5,106,130,198,147,34,33,55,66,74,39,86,174,63,6,9,45,158,119,57,49,50,51,77,53,85,36,182,46,38,79,184,32,183,90,52,56,21,67,18,69,80,71,2,111,89,180,29,114,167,81,156,27,82,83,157,54,170,129,88,11,123,91,107,189,58,128,195,97,109,73,84,134,102,100,65,96,117,187,108,98,110,165,112,113,138,26,116,35,30,190,178,47,122,151,160,125,126,127,60,0,120,144,40,139,105,135,23,13,179,1,87,95,137,16,94,133,103,172,148,149,3,121,152,132,153,140,70,68,62,159,162,161,37,75,164,28,166,17,168,169,76,171,177,44,163,175,143,93,145,136,4,181,22,12,43,59,48,104,196,141,193,191,64,42,194,115,41,197,146,188,];False
4487;9561;14048;[199,72,78,99,155,124,176,7,186,192,10,154,31,61,149,15,118,92,14,19,20,173,8,101,24,25,131,142,150,5,106,130,198,147,34,33,55,66,74,39,86,174,63,6,9,45,158,119,83,49,50,51,77,53,85,36,182,46,38,79,156,32,183,90,52,56,21,67,18,69,80,71,2,111,89,180,29,114,167,81,37,27,82,57,157,54,170,129,88,11,123,91,107,189,58,128,195,97,109,1,84,134,102,100,65,96,117,187,164,98,110,165,112,113,138,26,116,35,30,120,178,47,122,151,160,125,126,127,60,0,190,144,40,139,105,135,23,13,179,73,87,95,137,16,94,133,103,172,148,185,3,121,152,132,153,140,70,68,62,159,162,161,184,75,108,28,166,17,168,169,76,171,177,44,163,175,143,93,145,136,4,181,22,12,43,59,48,104,196,141,193,191,64,42,194,115,41,197,146,188,];False
4458;9587;14045;[199,72,78,99,155,124,176,7,186,192,10,154,31,61,149,15,118,92,14,19,143,173,8,101,24,25,131,142,150,5,106,130,198,147,34,33,55,66,74,39,86,174,63,6,9,45,158,119,57,49,50,51,77,53,85,36,182,46,38,79,156,32,183,90,52,56,21,67,18,69,80,71,2,111,89,180,29,114,167,81,37,27,82,83,157,54,170,129,88,11,123,91,107,189,58,128,195,97,109,1,84,134,102,100,65,96,117,187,164,98,110,165,112,113,138,26,116,35,30,120,178,47,122,151,160,125,126,127,60,0,190,144,40,139,105,135,23,13,179,73,87,95,137,16,94,133,103,172,148,185,3,121,152,132,153,140,70,68,62,159,162,161,184,75,108,28,166,17,168,169,76,171,177,44,163,175,20,93,145,136,4,181,22,12,43,59,48,104,196,141,193,191,64,42,194,115,41,197,146,188,];False
4502;9541;14043;[199,72,78,99,155,124,176,7,186,192,10,154,31,61,185,15,118,140,14,19,20,173,8,101,24,25,131,142,150,5,106,130,198,147,34,33,55,66,74,39,86,174,63,6,9,45,158,119,57,49,50,51,77,53,85,36,182,46,38,79,184,32,183,90,52,56,21,67,18,69,80,71,2,111,89,180,29,114,167,81,156,27,82,83,157,54,170,129,88,11,123,91,107,189,58,128,195,97,109,73,84,134,102,100,65,96,117,187,108,98,110,165,112,113,138,26,116,35,30,120,178,47,122,151,160,125,126,127,60,0,190,144,40,139,105,135,23,13,179,1,87,95,137,16,94,133,103,172,148,149,3,121,152,132,153,92,70,68,62,159,162,161,37,75,164,28,166,17,168,169,76,171,177,44,163,175,143,93,145,136,4,181,22,12,43,59,48,104,196,141,193,191,64,42,194,115,41,197,146,188,];False
4482;9559;14041;[199,72,78,99,155,124,176,53,186,192,10,154,31,61,149,15,118,92,14,19,20,173,8,101,24,25,131,142,150,5,106,130,198,147,34,33,55,66,74,39,86,174,63,6,9,45,158,119,57,49,50,51,77,7,85,36,182,46,38,79,156,32,183,90,52,56,21,67,18,69,80,71,2,111,89,180,29,114,167,81,37,27,82,83,157,54,170,129,88,11,123,91,107,189,58,128,195,97,109,1,84,134,102,100,65,96,117,187,164,98,110,165,112,113,138,26,116,35,30,120,178,47,122,151,160,125,126,127,60,0,190,144,40,139,105,135,23,13,179,73,87,95,137,16,94,133,103,172,148,185,3,121,152,132,153,140,70,68,62,159,162,161,184,75,108,28,166,17,168,169,76,171,177,44,163,175,143,93,145,136,4,181,22,12,43,59,48,104,196,141,193,191,64,42,194,115,41,197,146,188,];False
4472;9561;14033;[199,72,78,99,155,124,176,7,186,192,10,154,31,61,185,15,118,92,2,19,20,173,8,101,24,25,131,142,150,5,106,130,198,147,34,33,55,66,74,39,86,174,63,6,9,45,158,119,57,49,50,51,77,53,85,36,182,46,38,79,184,32,183,90,52,56,21,67,18,69,80,71,14,111,89,180,29,114,167,81,156,27,82,83,157,54,170,129,88,11,123,91,107,189,58,128,195,97,109,73,84,134,102,100,65,96,117,187,108,98,110,165,112,113,138,26,116,35,30,120,178,47,122,151,160,125,126,127,60,0,190,144,40,139,105,135,23,13,179,1,87,95,137,16,94,133,103,172,148,149,3,121,152,132,153,140,70,68,62,159,162,161,37,75,164,28,166,17,168,169,76,171,177,44,163,175,143,93,145,136,4,181,22,12,43,59,48,104,196,141,193,191,64,42,194,115,41,197,146,188,];False
4471;9562;14033;[199,72,78,99,155,124,176,7,186,192,10,154,31,61,185,15,118,92,14,19,20,173,8,101,24,25,131,142,150,5,106,130,198,147,34,83,55,66,74,39,86,174,63,6,9,45,158,119,57,49,50,51,77,53,85,36,182,46,38,79,156,32,183,90,52,56,21,67,18,69,80,71,2,111,89,180,29,114,167,81,37,27,82,33,157,54,170,129,88,11,123,91,107,189,58,128,195,97,109,73,84,134,102,100,65,96,117,187,164,98,110,165,112,113,138,26,116,35,30,120,178,47,122,151,160,125,126,127,60,0,190,144,40,139,105,135,23,13,179,1,87,95,137,16,94,133,103,172,148,149,3,121,152,132,153,140,70,68,62,159,162,161,184,75,108,28,166,17,168,169,76,171,177,44,163,175,143,93,145,136,4,181,22,12,43,59,48,104,196,141,193,191,64,42,194,115,41,197,146,188,];False
4489;9538;14027;[199,72,78,99,155,124,176,7,186,192,10,154,31,61,185,15,118,92,14,19,20,173,8,101,24,25,131,142,150,5,106,130,198,147,34,33,55,66,74,39,86,174,63,6,9,45,158,119,57,49,50,51,77,53,85,36,182,46,38,79,184,32,183,90,88,56,21,67,18,69,80,71,2,111,89,180,29,114,167,81,156,27,82,83,157,54,170,129,52,11,123,91,107,189,58,128,195,97,109,73,84,134,102,100,65,96,117,187,108,98,110,165,112,113,138,26,116,35,30,120,178,47,122,151,160,125,126,127,60,0,190,144,40,139,105,135,23,13,179,1,87,95,137,16,94,133,103,172,148,149,3,121,152,132,153,140,70,68,62,159,162,161,37,75,164,28,166,17,168,169,76,171,177,44,163,175,143,93,145,136,4,181,22,12,43,59,48,104,196,141,193,191,64,42,194,115,41,197,146,188,];False
4499;9525;14024;[199,72,78,99,155,124,176,7,186,192,10,154,31,61,185,15,118,92,14,19,20,173,8,123,24,25,131,142,150,5,106,130,198,147,34,33,55,66,74,39,86,174,63,6,9,45,158,119,57,49,50,51,77,53,85,36,182,46,38,79,184,32,183,90,52,56,21,67,18,69,80,71,2,111,89,180,29,114,167,81,156,27,82,83,157,54,170,129,88,11,101,91,107,189,58,128,195,97,109,73,84,134,102,100,65,96,117,187,108,98,110,165,112,113,136,26,116,35,30,120,178,47,122,151,160,125,126,127,60,0,190,144,40,139,105,135,23,13,179,1,87,95,137,16,94,133,103,172,148,149,3,121,152,132,153,140,70,68,62,159,162,161,37,75,164,28,166,17,168,169,76,171,177,44,163,175,143,93,145,138,4,181,22,12,43,59,48,104,196,141,193,191,64,42,194,115,41,197,146,188,];False
4427;9596;14023;[199,72,78,99,155,124,176,193,186,192,10,154,31,61,149,15,118,92,14,19,20,173,8,101,24,25,131,142,150,5,106,130,198,147,34,33,55,66,74,111,86,174,63,6,9,45,158,119,57,49,50,51,77,53,85,36,182,46,38,79,156,32,183,90,52,56,21,67,18,69,80,71,2,109,89,180,29,114,167,81,37,27,82,83,157,54,125,129,88,11,3,91,107,189,58,128,195,97,39,1,84,134,17,100,65,96,117,187,164,98,110,165,112,113,138,26,116,35,30,120,168,47,122,151,160,170,126,127,60,0,190,144,40,139,105,135,23,13,179,73,87,95,137,16,94,133,103,172,148,185,123,121,152,132,153,140,70,68,62,159,162,161,184,75,108,28,166,102,178,169,76,171,177,44,163,175,143,93,145,136,4,181,22,12,43,59,48,104,196,141,7,191,64,42,194,115,41,197,146,188,];False
4468;9550;14018;[199,72,78,99,155,124,176,7,186,192,10,154,31,61,185,15,118,92,14,19,20,173,8,101,24,25,131,142,150,5,106,130,198,147,34,33,55,66,74,39,86,174,63,6,9,45,158,119,57,49,50,51,77,53,85,36,182,46,38,79,184,32,183,90,52,56,21,67,18,69,80,71,2,111,89,180,29,114,167,81,156,27,82,83,157,54,170,129,88,11,123,91,107,189,58,128,195,97,109,73,84,134,102,100,65,96,117,187,108,98,110,165,112,113,138,26,116,35,30,120,178,47,122,151,160,148,126,127,60,0,190,144,40,139,105,135,23,13,179,1,87,95,137,16,94,133,103,172,125,149,3,121,152,132,153,140,70,68,62,159,162,161,37,75,164,28,166,17,168,169,76,171,177,44,163,175,143,93,145,136,4,181,22,12,43,59,48,104,196,141,193,191,64,42,194,115,41,197,146,188,];False
4426;9591;14017;[199,72,78,76,155,124,176,7,186,192,10,154,31,61,185,15,118,92,14,19,20,173,8,101,24,25,131,142,150,5,106,130,198,147,34,33,55,66,74,39,86,174,63,6,9,45,158,119,57,49,50,51,77,53,85,36,182,46,38,79,156,32,183,90,52,56,21,67,18,69,80,71,2,111,89,180,29,114,167,81,37,27,82,83,157,54,170,129,88,11,123,91,107,189,58,128,195,97,109,73,84,134,102,100,65,96,117,187,164,98,110,165,112,113,138,26,116,35,30,120,178,47,122,151,160,125,126,127,60,0,190,144,40,139,105,135,23,13,179,1,87,95,137,16,94,133,103,172,148,149,3,121,152,132,153,140,70,68,62,159,162,161,184,75,108,28,166,17,168,169,99,171,177,44,163,175,143,93,145,136,4,181,22,12,43,59,48,104,196,141,193,191,64,42,194,115,41,197,146,188,];False
4459;9558;14017;[199,72,78,99,155,124,176,7,186,192,10,154,31,61,185,15,118,92,14,19,20,173,8,101,24,25,131,142,150,5,106,130,198,147,34,33,55,66,74,39,86,196,63,6,9,45,158,119,57,49,50,51,77,53,85,36,182,46,38,79,156,32,183,90,52,56,21,67,18,69,80,71,2,111,89,180,29,114,167,81,37,27,82,83,157,54,170,129,88,11,123,91,107,189,58,128,195,97,109,73,84,134,102,100,65,96,117,187,164,98,110,165,112,113,138,26,116,35,30,120,178,47,122,151,160,125,126,127,60,0,190,144,40,139,105,135,23,13,179,1,87,95,137,16,94,133,103,172,148,149,3,121,152,132,153,140,70,68,62,159,162,161,184,75,108,28,166,17,168,169,76,171,177,44,163,175,143,93,145,136,4,181,22,12,43,59,48,104,174,141,193,191,64,42,194,115,41,197,146,188,];False
4490;9523;14013;[199,72,78,99,155,32,176,7,186,192,10,154,31,61,185,15,118,92,14,19,20,173,8,101,24,25,131,142,150,5,106,130,198,147,34,33,55,66,74,39,86,174,63,6,9,45,158,119,57,49,50,51,77,53,85,36,182,46,38,79,184,124,183,90,52,56,21,67,18,69,80,71,2,111,89,180,29,114,167,81,156,27,82,83,157,54,170,129,88,11,123,91,107,189,58,128,195,97,109,73,84,134,102,100,65,96,117,187,108,98,110,165,112,113,138,26,116,35,30,120,178,47,122,151,160,125,126,127,60,0,190,144,40,139,105,135,23,13,179,1,87,95,137,16,94,133,103,172,148,149,3,121,152,132,153,140,70,68,62,159,162,161,37,75,164,28,166,17,168,169,76,171,177,44,163,175,143,93,145,136,4,181,22,12,43,59,48,104,196,141,193,191,64,42,194,115,41,197,146,188,];False
4476;9536;14012;[199,72,78,99,155,124,176,7,186,192,10,154,31,61,185,15,118,92,14,19,20,173,8,101,24,25,131,142,150,5,106,130,198,147,34,33,55,66,74,39,86,174,63,6,9,45,158,119,57,49,50,51,77,53,85,36,182,46,38,79,156,32,183,90,52,56,21,67,18,69,80,71,2,102,89,180,29,114,167,81,37,27,82,83,157,54,170,129,88,11,123,91,107,189,58,128,195,97,109,73,84,134,111,100,65,96,117,187,164,98,110,165,112,113,138,26,116,35,30,120,178,47,122,151,160,125,126,127,60,0,190,144,40,139,105,135,23,13,179,1,87,95,137,16,94,133,103,172,148,149,3,121,152,132,153,140,70,68,62,159,162,161,184,75,108,28,166,17,168,169,76,171,177,44,163,175,143,93,145,136,4,181,22,12,43,59,48,104,196,141,193,191,64,42,194,115,41,197,146,188,];False
4456;9554;14010;[199,72,78,99,155,124,176,7,186,192,10,154,31,61,149,15,118,92,14,19,20,173,8,101,24,25,131,142,150,5,106,130,198,147,34,33,55,66,74,111,86,174,63,6,9,45,158,119,57,49,50,51,77,53,85,36,182,46,38,79,156,32,183,90,52,56,21,67,18,69,80,71,2,39,89,180,29,114,167,81,37,27,82,83,157,54,170,129,88,11,123,91,107,189,58,128,195,97,109,1,84,134,102,100,65,96,117,187,164,98,110,165,112,113,138,26,116,35,30,120,178,47,122,151,160,125,126,127,60,0,190,144,40,139,105,135,23,13,179,73,87,95,137,16,94,133,103,172,148,185,3,141,152,132,153,140,70,68,62,159,162,161,184,75,108,28,166,17,168,169,76,171,177,44,163,175,143,93,145,136,4,181,22,12,43,59,48,104,196,121,193,191,64,42,194,115,41,197,146,188,];False
4454;9556;14010;[199,72,78,99,155,124,176,7,186,192,10,154,31,61,185,15,118,92,14,19,20,173,8,101,24,25,131,142,150,5,106,130,198,147,34,33,55,66,74,39,86,174,63,6,9,45,158,119,57,49,50,51,77,53,85,36,182,46,38,79,156,32,183,90,52,56,21,67,18,69,80,71,2,111,89,180,29,114,167,81,37,27,82,83,157,54,170,129,88,11,123,91,107,189,58,128,195,97,109,73,84,134,102,100,65,96,117,187,164,98,110,165,112,113,138,137,116,35,30,120,178,47,122,151,160,125,126,127,60,0,190,144,40,139,105,135,23,13,179,1,87,95,26,16,94,133,103,172,148,149,3,121,152,132,153,140,70,68,62,159,162,161,184,75,108,28,166,17,168,169,76,171,177,44,163,175,143,93,145,136,4,181,22,12,43,59,48,104,196,141,193,191,64,42,194,115,41,197,146,188,];False
4427;9580;14007;[199,72,78,99,155,124,176,7,186,192,10,154,31,61,34,15,118,92,14,19,20,173,8,101,24,25,131,142,150,5,106,130,198,147,149,33,55,66,74,39,86,174,63,6,9,45,158,119,57,49,50,51,77,53,85,36,182,46,38,79,156,32,183,90,52,56,21,67,18,69,80,71,2,111,89,180,29,114,167,81,37,27,82,83,157,54,170,129,88,11,123,91,107,189,58,128,195,97,109,1,84,134,102,100,65,96,117,187,164,98,110,165,112,113,138,26,116,35,30,120,178,47,122,151,160,125,126,127,60,0,190,144,40,139,105,135,23,13,179,73,87,95,137,16,94,133,103,172,148,185,3,121,152,132,153,140,70,68,62,159,162,161,184,75,108,28,166,17,168,169,76,171,177,44,163,175,143,93,145,136,4,181,22,12,43,59,48,104,196,141,193,191,64,42,194,115,41,197,146,188,];False
4470;9534;14004;[199,72,78,99,155,124,176,7,186,192,10,154,31,61,185,15,118,92,14,19,20,173,8,101,24,25,131,142,150,5,106,130,198,147,34,33,55,66,74,39,86,174,63,6,9,45,158,119,57,49,50,51,77,53,85,36,182,46,38,79,184,32,183,90,52,56,21,67,18,69,80,71,2,111,89,180,29,114,167,81,156,27,82,83,157,54,170,129,88,11,123,91,107,189,58,128,195,97,109,73,84,134,102,100,65,96,117,187,108,98,110,165,112,113,138,26,41,35,30,120,178,47,122,151,160,125,126,127,60,0,190,144,40,139,105,135,23,13,179,1,87,95,137,16,94,133,103,172,148,149,3,121,152,132,153,140,70,68,62,159,162,161,37,75,164,28,166,17,168,169,76,171,177,44,163,175,143,93,145,136,4,181,22,12,43,59,48,104,196,141,193,191,64,42,194,115,116,197,146,188,];False
4456;9546;14002;[199,72,78,99,155,124,176,7,186,192,10,154,31,61,185,15,118,92,14,19,20,173,8,101,24,25,131,142,150,5,106,130,198,147,34,33,55,66,74,39,86,174,63,169,9,45,158,119,57,49,50,51,77,53,85,36,182,46,38,79,156,32,183,90,52,56,21,67,18,69,80,71,2,111,89,180,29,114,167,81,37,27,82,83,157,54,170,129,88,11,123,91,107,189,58,128,195,97,109,73,84,134,102,100,65,96,117,187,164,98,110,165,112,113,138,26,116,35,30,120,178,47,122,151,160,125,126,127,60,0,190,144,40,139,105,135,23,13,179,1,87,95,137,16,94,133,103,172,148,149,3,121,152,132,153,140,70,68,62,159,162,161,184,75,108,28,166,17,168,6,76,171,177,44,163,175,143,93,145,136,4,181,22,12,43,59,48,104,196,141,193,191,64,42,194,115,41,197,146,188,];False
4467;9532;13999;[199,72,78,99,155,124,176,7,186,192,10,154,31,61,140,15,118,92,14,19,20,173,8,101,24,25,131,142,150,5,106,130,198,147,34,33,55,66,74,39,86,174,63,6,9,45,158,119,57,49,50,51,77,53,85,36,182,46,38,79,184,32,183,90,52,56,21,67,18,69,80,71,2,111,89,180,29,114,167,81,156,27,82,83,157,54,170,129,88,11,123,91,107,189,58,128,195,97,109,73,84,134,102,100,65,96,117,187,108,98,110,165,112,113,138,26,116,35,30,120,178,47,122,151,160,125,126,127,60,0,190,144,40,139,105,135,23,13,179,1,87,95,137,16,94,133,103,172,148,149,3,121,152,132,153,185,70,68,62,159,162,161,37,75,164,28,166,17,168,169,76,171,177,44,163,175,143,93,145,136,4,181,22,12,43,59,48,104,196,141,193,191,64,42,194,115,41,197,146,188,];False
4458;9535;13993;[199,72,78,99,155,124,176,7,186,192,10,154,31,61,185,15,118,92,14,19,20,173,8,123,24,25,131,142,150,5,106,130,198,147,34,33,55,66,74,39,86,174,63,6,9,45,158,119,57,49,50,51,77,53,85,36,182,46,38,79,184,32,183,90,52,56,21,67,18,69,80,71,2,111,89,180,29,114,167,81,156,27,82,83,157,54,170,129,88,11,101,91,107,189,58,128,195,97,109,73,30,134,102,100,65,96,117,187,108,98,110,165,112,113,138,26,116,35,84,120,178,47,122,151,160,125,126,127,60,0,190,144,40,139,105,135,23,13,179,1,87,95,137,16,94,133,103,172,148,149,3,121,152,132,153,140,70,68,62,159,162,161,37,75,164,28,166,17,168,169,76,171,177,44,163,175,143,93,145,136,4,181,22,12,43,59,48,104,196,141,193,191,64,42,194,115,41,197,146,188,];False
4411;9582;13993;[199,72,78,99,155,124,176,7,186,192,140,154,31,61,149,15,118,92,14,19,20,173,8,101,24,25,131,142,150,5,106,130,198,147,34,33,55,66,74,39,86,174,63,6,9,45,158,119,57,49,50,51,77,53,85,36,182,46,38,79,156,32,183,90,52,56,21,67,18,69,80,71,2,111,89,180,29,114,167,81,37,27,82,83,157,54,170,129,88,11,123,91,107,189,58,128,195,97,109,1,84,134,102,100,65,96,117,187,164,98,110,165,112,113,138,26,116,35,30,120,178,47,122,151,160,125,126,127,60,0,190,144,40,139,105,135,23,13,179,73,87,95,137,16,94,133,103,172,148,185,3,121,152,132,153,10,70,68,62,159,162,161,184,75,108,28,166,17,168,169,76,171,177,44,163,175,143,93,145,136,4,181,22,12,43,59,48,104,196,141,193,191,64,42,194,115,41,197,146,188,];False
4445;9548;13993;[199,72,78,99,155,124,176,7,186,192,10,154,31,61,149,15,118,92,14,19,20,173,8,101,24,25,131,85,150,5,106,130,198,147,34,33,55,66,74,39,86,174,63,6,9,45,158,119,57,49,50,51,77,53,142,36,182,46,38,79,156,32,183,90,52,56,21,67,18,69,80,71,2,111,89,180,29,114,167,81,37,27,82,83,157,54,170,129,88,11,123,91,107,189,58,128,195,97,109,1,84,134,102,100,65,96,117,187,164,98,110,165,112,113,138,26,116,35,30,120,178,47,122,151,160,125,126,127,60,0,190,144,40,139,105,135,23,13,179,73,87,95,137,16,94,133,103,172,148,185,3,121,152,132,153,140,70,68,62,159,162,161,184,75,108,28,166,17,168,169,76,171,177,44,163,175,143,93,145,136,4,181,22,12,43,59,48,104,196,141,193,191,64,42,194,115,41,197,146,188,];False
4460;9532;13992;[199,72,78,99,155,124,176,7,186,192,10,154,31,61,185,15,118,92,14,19,20,173,8,101,24,25,131,142,150,5,106,130,198,147,34,33,55,66,74,39,86,174,63,6,9,45,158,119,57,49,50,51,77,53,85,36,182,46,38,79,156,32,183,90,52,56,21,67,18,69,80,71,2,111,89,180,29,114,167,81,37,27,82,83,157,54,170,129,88,11,123,91,107,189,58,128,195,97,109,73,84,134,102,100,65,96,117,187,164,98,110,165,112,113,138,26,116,35,30,120,178,47,122,151,160,125,126,127,60,0,190,144,40,139,105,135,23,13,179,1,87,95,41,16,94,133,103,172,148,149,3,121,152,132,153,140,70,68,62,159,162,161,184,75,108,28,166,17,168,169,76,171,177,44,163,175,143,93,145,136,4,181,22,12,43,59,48,104,196,141,193,191,64,42,194,115,137,197,146,188,];False
4395;9595;13990;[199,72,78,99,155,124,176,7,186,192,10,154,31,61,149,15,118,92,14,19,20,173,8,101,24,25,131,142,150,5,106,130,198,147,34,33,55,66,74,39,86,174,63,6,9,45,158,119,57,49,50,51,77,53,85,36,182,46,38,79,156,32,183,90,52,56,21,67,18,69,80,71,2,111,89,180,29,114,167,81,37,27,82,83,157,54,170,129,88,11,123,91,107,189,58,128,195,97,109,1,84,134,102,100,65,96,117,187,164,98,110,165,112,113,138,26,116,35,30,120,178,47,122,151,160,125,126,127,60,0,190,144,40,139,105,135,23,13,179,73,87,95,137,16,94,133,103,172,148,185,3,121,152,132,153,140,70,68,75,159,162,161,184,62,108,28,166,17,168,169,76,171,177,44,163,175,143,93,145,136,4,181,22,12,43,59,48,104,196,141,193,191,64,42,194,115,41,197,146,188,];False
4441;9548;13989;[199,72,78,99,155,124,176,7,186,192,10,154,31,61,149,15,146,92,14,19,20,173,8,101,24,25,131,142,150,5,106,130,198,147,34,33,55,66,74,39,86,174,63,6,9,45,158,119,57,49,50,51,77,53,85,36,182,46,38,79,156,32,183,90,52,56,21,67,18,69,80,71,2,111,89,180,29,114,167,81,37,27,82,83,157,54,170,129,88,11,123,91,107,189,58,128,195,97,109,1,84,134,102,100,65,96,117,187,164,98,110,165,112,113,138,26,116,35,30,120,178,47,122,151,160,125,126,127,60,0,190,144,40,139,105,135,23,13,179,73,87,95,137,16,94,133,103,172,148,185,3,121,152,132,153,140,70,68,62,159,162,161,184,75,108,28,166,17,168,169,76,171,177,44,163,175,143,93,145,136,4,181,22,12,43,59,48,104,196,141,193,191,64,42,194,115,41,197,118,188,];False
4387;9601;13988;[199,72,78,99,155,124,176,7,186,192,10,154,31,61,149,15,118,92,14,19,20,173,8,101,24,25,131,142,150,5,106,130,198,147,34,33,55,66,74,111,86,174,63,6,9,45,158,119,57,49,50,139,77,53,85,36,182,46,38,79,156,32,183,90,52,56,21,67,18,69,80,71,2,39,89,180,29,114,167,81,37,27,82,83,157,54,170,129,88,11,123,91,107,189,58,128,195,97,109,1,84,134,102,100,65,96,117,187,164,98,110,165,112,113,138,26,116,35,30,120,178,47,122,151,160,125,126,127,60,0,190,144,40,51,105,135,23,13,179,73,87,95,137,16,94,133,103,172,148,185,3,121,152,132,153,140,70,68,62,159,162,161,184,75,108,28,166,17,168,169,76,171,177,44,163,175,143,93,145,136,4,181,22,12,43,59,48,104,196,141,193,191,64,42,194,115,41,197,146,188,];False
4383;9604;13987;[199,72,78,99,155,124,176,7,186,192,10,154,31,61,149,15,118,92,14,19,20,173,8,101,24,25,131,142,150,5,106,130,198,147,34,33,55,66,74,39,86,174,63,6,9,45,158,119,17,49,50,51,77,53,85,36,182,46,38,79,156,32,183,90,52,56,21,67,18,69,80,71,2,111,89,180,29,114,167,81,37,27,82,83,157,54,170,129,88,11,123,91,107,189,58,128,195,97,109,1,84,134,102,100,65,96,117,187,164,98,110,165,112,113,138,26,116,35,30,120,178,47,122,151,160,125,126,127,60,0,190,144,40,139,105,135,23,13,179,73,87,95,137,16,94,133,103,172,148,185,3,121,152,132,153,140,70,68,62,159,162,161,184,75,108,28,166,57,168,169,76,171,177,44,163,175,143,93,145,136,4,181,22,12,43,59,48,104,196,141,193,191,64,42,194,115,41,197,146,188,];False
4424;9560;13984;[199,72,78,99,155,124,176,7,186,192,10,154,31,61,185,15,118,92,14,19,20,173,8,101,24,25,131,142,150,5,106,130,198,147,34,33,55,66,74,39,86,174,63,6,9,45,158,119,126,49,50,51,77,53,85,36,182,46,38,79,184,32,183,90,52,56,21,67,18,69,80,71,2,111,89,180,29,114,167,81,156,27,82,83,157,54,170,129,88,11,123,91,107,189,58,128,195,97,109,73,84,134,102,100,65,96,117,187,108,98,110,165,112,113,138,26,116,35,30,120,178,47,122,151,160,125,57,127,60,0,190,144,40,139,105,135,23,13,179,1,87,95,137,16,94,133,103,172,148,149,3,121,152,132,153,140,70,68,62,159,162,161,37,75,164,28,166,17,168,169,76,171,177,44,163,175,143,93,145,136,4,181,22,12,43,59,48,104,196,141,193,191,64,42,194,115,41,197,146,188,];False
4434;9546;13980;[199,72,78,99,155,124,176,7,186,192,10,154,31,61,185,15,118,92,14,19,20,173,8,101,24,25,131,142,150,5,106,130,198,147,34,33,55,66,74,39,86,174,63,6,9,45,158,119,57,49,50,51,77,53,85,36,182,46,38,79,156,32,183,90,52,56,21,67,18,69,80,71,2,111,89,180,29,114,167,81,37,27,82,83,157,54,170,129,88,11,123,91,107,189,58,128,195,97,109,73,84,134,102,100,65,96,117,187,164,98,110,165,112,113,138,26,116,35,30,120,178,70,122,151,160,125,126,127,60,0,190,144,40,139,105,135,23,13,179,1,87,95,137,16,94,133,103,172,148,149,3,121,152,132,153,140,47,68,62,159,162,161,184,75,108,28,166,17,168,169,76,171,177,44,163,175,143,93,145,136,4,181,22,12,43,59,48,104,196,141,193,191,64,42,194,115,41,197,146,188,];False
4419;9560;13979;[199,72,78,99,155,124,176,7,186,87,10,154,31,61,185,15,118,92,14,19,20,173,8,101,24,25,131,142,150,5,106,130,198,147,34,33,55,66,74,39,86,174,63,6,9,45,158,119,57,49,50,51,77,53,85,36,182,46,38,79,156,32,183,90,52,56,21,67,18,69,80,71,2,111,89,180,29,114,167,81,37,27,82,83,157,54,170,129,88,11,123,91,107,189,58,128,195,97,109,73,84,134,102,100,65,96,117,187,164,98,110,165,112,113,138,26,116,35,30,120,178,47,122,151,160,125,126,127,60,0,190,144,40,139,105,135,23,13,179,1,192,95,137,16,94,133,103,172,148,149,3,121,152,132,153,140,70,68,62,159,162,161,184,75,108,28,166,17,168,169,76,171,177,44,163,175,143,93,145,136,4,181,22,12,43,59,48,104,196,141,193,191,64,42,194,115,41,197,146,188,];False
4418;9554;13972;[199,72,78,99,155,124,176,7,186,192,10,154,31,61,149,15,118,92,14,19,20,173,8,101,24,25,131,142,150,5,106,130,198,147,34,33,55,66,74,111,86,174,63,90,9,45,158,119,57,49,50,51,77,53,85,36,182,46,38,79,156,32,183,6,52,56,21,67,18,69,80,71,2,39,89,180,29,114,167,81,37,27,82,83,157,54,170,129,88,11,123,91,107,189,58,128,195,97,109,1,84,134,102,100,65,96,117,187,164,98,110,165,112,113,138,26,116,35,30,120,178,47,122,151,160,125,126,127,60,0,190,144,40,139,105,135,23,13,179,73,87,95,137,16,94,133,103,172,148,185,3,121,152,132,153,140,70,68,62,159,162,161,184,75,108,28,166,17,168,169,76,171,177,44,163,175,143,93,145,136,4,181,22,12,43,59,48,104,196,141,193,191,64,42,194,115,41,197,146,188,];False
4393;9576;13969;[199,72,78,99,155,124,176,7,186,192,10,154,31,61,185,15,118,92,14,19,20,173,8,101,24,25,131,142,150,5,106,130,198,147,34,33,55,66,74,39,86,174,63,6,9,45,158,119,57,49,50,51,77,53,85,36,182,46,38,79,156,32,183,90,52,56,21,67,18,69,80,71,2,111,89,180,29,114,167,81,37,27,82,83,157,54,170,129,88,11,123,91,107,189,58,128,195,97,109,73,84,134,102,100,65,96,117,187,164,98,110,165,112,113,138,26,116,35,30,120,178,47,122,151,160,125,126,127,60,0,190,144,40,139,105,135,23,13,179,1,87,95,137,16,94,133,103,172,148,149,3,121,152,132,153,140,70,68,62,159,162,161,184,75,108,28,166,17,168,169,76,171,44,177,163,175,143,93,145,136,4,181,22,12,43,59,48,104,196,141,193,191,64,42,194,115,41,197,146,188,];False
4408;9558;13966;[199,72,78,99,155,124,176,7,186,192,10,154,31,61,149,15,118,92,14,19,20,173,8,101,24,25,131,142,150,5,106,130,198,147,34,33,55,66,74,39,86,174,63,6,9,45,158,119,57,49,50,51,77,53,85,36,182,46,38,79,156,32,183,90,52,56,21,67,18,69,80,71,2,111,89,180,29,114,167,81,37,27,82,83,157,54,170,129,88,11,123,91,107,189,58,128,195,97,109,1,84,134,102,100,65,96,117,187,164,98,110,165,112,113,138,26,116,35,30,120,178,47,122,151,160,125,126,127,60,0,190,144,40,139,105,135,23,13,179,73,87,95,137,16,94,133,103,172,148,185,169,121,152,132,153,140,70,68,62,159,162,161,184,75,108,28,166,17,168,3,76,171,177,44,163,175,143,93,145,136,4,181,22,12,43,59,48,104,196,141,193,191,64,42,194,115,41,197,146,188,];False
4431;9534;13965;[199,72,78,99,155,124,176,7,186,192,10,154,31,61,185,15,118,92,14,19,20,173,8,101,24,25,131,142,150,5,106,130,198,147,34,33,55,66,110,39,86,174,63,6,9,45,158,119,57,49,50,51,77,53,85,36,182,46,38,79,184,32,183,90,52,56,21,67,18,69,80,71,2,111,89,180,29,114,167,81,37,27,82,83,157,54,170,129,88,11,123,91,107,189,58,128,195,97,109,73,84,134,102,100,65,96,117,187,164,98,74,165,112,113,138,26,116,35,30,120,178,47,122,151,160,125,126,127,60,0,190,144,40,139,105,135,23,13,179,1,87,95,137,16,94,133,103,172,148,149,3,121,152,132,153,140,70,68,62,159,162,161,156,75,108,28,166,17,168,169,76,171,177,44,163,175,143,93,145,136,4,181,22,12,43,59,48,104,196,141,193,191,64,42,194,115,41,197,146,188,];False
4470;9495;13965;[199,72,78,99,155,124,176,7,186,192,10,154,31,61,149,15,118,92,14,19,20,173,8,101,24,25,131,142,150,5,106,109,198,147,34,33,55,66,74,111,86,174,63,6,9,45,158,119,57,49,50,51,77,53,85,36,182,46,38,79,156,32,183,90,52,56,21,67,18,69,80,71,2,39,89,180,29,114,167,81,37,27,82,83,157,54,170,129,88,11,123,91,107,189,58,128,195,97,130,1,84,134,102,100,65,96,117,187,164,98,110,165,112,113,138,26,116,35,30,120,178,47,122,151,160,125,126,127,60,0,190,144,40,139,105,135,23,13,179,73,87,95,137,16,94,133,103,172,148,185,3,121,152,132,153,140,70,68,62,159,162,161,184,75,108,28,166,17,168,169,76,171,177,44,163,175,143,93,145,136,4,181,22,12,43,59,48,104,196,141,193,191,64,42,194,115,41,197,146,188,];False
4452;9512;13964;[199,72,78,99,155,124,176,7,186,192,10,154,31,61,185,15,118,92,14,19,20,173,8,123,24,25,131,142,150,5,106,130,198,147,34,33,55,66,74,39,86,174,63,6,9,45,158,119,57,49,50,51,77,53,85,36,182,46,38,79,184,32,183,90,52,56,21,67,18,69,80,71,2,111,89,180,29,114,167,81,156,27,82,83,157,54,170,129,88,11,101,91,107,189,58,128,195,97,109,73,84,134,102,100,65,96,117,187,108,98,110,165,112,113,138,26,116,35,30,120,178,47,122,151,160,125,126,127,60,0,190,144,40,139,105,135,23,13,179,1,87,95,137,16,94,133,103,172,148,149,3,121,152,132,153,140,70,68,62,159,162,161,37,75,164,28,166,17,168,169,76,171,177,44,163,175,143,93,145,136,4,181,22,12,43,59,48,104,196,141,193,191,64,42,194,115,41,197,146,188,];False
4435;9529;13964;[199,72,78,99,155,124,176,7,186,192,10,154,31,61,185,15,118,92,14,19,20,173,8,101,24,25,131,142,150,5,106,130,198,147,34,33,55,66,74,39,86,174,63,6,9,45,158,119,57,49,50,51,77,53,85,36,182,46,38,79,184,32,183,90,52,56,21,67,18,69,80,71,2,111,89,180,29,114,167,81,156,27,82,83,157,54,170,129,88,11,123,91,107,189,58,128,195,97,109,73,84,134,102,100,65,96,117,187,108,121,110,165,112,113,138,26,116,35,30,120,178,47,122,151,160,125,126,127,60,0,190,144,40,139,105,135,23,13,179,1,87,95,137,16,94,133,103,172,148,149,3,98,152,132,153,140,70,68,62,159,162,161,37,75,164,28,166,17,168,169,76,171,177,44,163,175,143,93,145,136,4,181,22,12,43,59,48,104,196,141,193,191,64,42,194,115,41,197,146,188,];False
4402;9562;13964;[199,72,78,99,155,124,176,7,186,192,10,154,31,61,149,15,118,92,14,19,20,173,8,101,24,25,131,142,150,5,106,130,198,147,34,33,55,66,74,39,86,174,63,6,9,45,158,119,57,49,50,51,77,53,85,36,182,46,38,79,156,32,183,90,52,56,21,67,18,69,80,71,2,111,89,180,29,114,167,81,37,27,82,83,157,54,170,129,88,11,123,91,107,189,58,128,195,97,109,1,84,134,102,100,65,96,117,187,164,98,110,165,112,113,138,26,116,35,30,120,178,47,122,151,160,125,126,127,60,0,190,144,40,139,105,135,23,13,179,73,87,95,3,16,94,133,103,172,148,185,137,121,152,132,153,140,70,68,62,159,162,161,184,75,108,28,166,17,168,169,76,171,177,44,163,175,143,93,145,136,4,181,22,12,43,59,48,104,196,141,193,191,64,42,194,115,41,197,146,188,];False
4386;9577;13963;[199,72,78,99,155,124,176,193,186,192,10,154,31,61,149,15,118,92,14,19,20,173,8,101,24,25,131,142,150,5,106,130,198,147,34,33,55,66,74,111,86,174,63,6,9,45,158,119,57,49,50,51,77,53,85,36,182,46,38,79,156,32,183,90,52,56,21,67,18,69,80,71,2,39,89,180,29,114,167,81,37,27,82,83,157,54,170,129,88,11,3,91,107,189,58,128,195,97,109,1,84,134,102,100,65,96,117,187,164,98,110,165,112,113,138,26,116,35,30,120,178,47,122,151,160,125,126,136,60,0,190,144,40,139,105,135,23,13,179,73,87,95,137,16,94,133,103,172,148,185,123,121,152,132,153,140,70,68,62,159,162,161,184,75,108,28,166,17,168,169,76,171,177,44,163,175,143,93,145,127,4,181,22,12,43,59,48,104,196,141,7,191,64,42,194,115,41,197,146,188,];False
4358;9605;13963;[199,72,78,99,155,124,176,7,186,192,10,154,31,61,149,15,118,92,14,19,20,173,8,101,24,25,131,142,150,5,106,130,198,147,34,33,55,66,74,111,86,174,63,6,9,45,158,119,57,49,50,51,77,53,85,36,182,46,38,79,156,32,183,90,52,56,21,67,18,69,80,71,2,39,89,180,29,114,167,81,37,27,82,83,157,54,170,129,88,11,123,91,107,189,58,128,195,97,109,1,84,134,102,100,65,96,117,187,164,98,110,165,112,113,138,26,116,35,30,120,178,47,122,151,160,125,126,127,60,0,190,144,40,139,105,135,23,13,179,73,87,95,137,16,94,133,103,172,148,185,3,121,152,132,153,140,70,68,62,159,162,161,184,75,108,28,166,17,168,171,76,169,177,44,163,175,143,93,145,136,4,181,22,12,43,59,48,104,196,141,193,191,64,42,194,115,41,197,146,188,];False
4394;9568;13962;[199,72,78,99,155,124,176,7,186,192,10,154,31,61,149,15,118,92,14,19,20,173,8,101,24,25,131,142,150,5,106,130,198,147,34,33,55,66,74,111,86,174,63,6,9,45,158,119,57,49,50,54,77,53,85,36,182,46,38,79,156,32,183,90,52,56,21,67,18,69,80,71,2,39,89,180,29,114,167,81,37,27,82,83,157,51,170,129,88,11,123,91,107,189,58,128,195,97,109,1,84,134,102,100,65,96,117,187,164,98,110,165,112,113,138,26,116,35,30,120,178,47,122,151,160,125,126,127,60,0,190,144,40,139,105,135,23,13,179,73,87,95,137,16,94,133,103,172,148,185,3,121,152,132,153,140,70,68,62,159,162,161,184,75,108,28,166,17,168,169,76,171,177,44,163,175,143,93,145,136,4,181,22,12,43,59,48,104,196,141,193,191,64,42,194,115,41,197,146,188,];False
4439;9522;13961;[199,72,78,99,155,124,176,7,186,192,10,154,31,61,185,15,118,92,14,19,20,173,8,101,24,25,131,142,150,5,106,130,198,147,34,33,55,66,74,39,86,174,63,6,9,45,158,119,57,49,50,51,77,53,85,36,182,46,38,79,184,32,183,90,52,56,21,67,18,69,80,71,2,111,89,180,29,114,167,81,37,27,82,83,157,54,170,129,88,11,123,91,107,189,58,128,195,97,109,73,84,134,102,100,65,96,117,187,164,98,110,165,112,113,138,26,116,35,30,120,178,47,41,151,160,125,126,127,60,0,190,144,40,139,105,135,23,13,179,1,87,95,137,16,94,133,103,172,148,149,3,121,152,132,153,140,70,68,62,159,162,161,156,75,108,28,166,17,168,169,76,171,177,44,163,175,143,93,145,136,4,181,22,12,43,59,48,104,196,141,193,191,64,42,194,115,122,197,146,188,];False
4370;9588;13958;[199,72,78,99,155,124,176,7,186,192,10,154,31,61,185,15,118,92,14,19,20,173,8,101,24,25,131,142,150,5,106,130,198,147,34,33,55,66,74,39,86,174,63,6,9,45,158,119,57,49,50,51,77,53,85,36,182,46,38,79,156,32,183,90,52,56,21,67,18,69,80,71,2,111,89,180,29,114,167,81,37,27,82,83,157,54,170,129,88,11,123,91,107,189,58,128,195,97,109,73,84,134,102,100,65,96,117,187,164,98,110,165,112,113,138,26,116,35,30,120,178,47,122,151,160,125,126,127,60,0,190,144,40,152,105,135,23,13,179,1,87,95,137,16,94,133,103,172,148,149,3,121,139,132,153,140,70,68,62,159,162,161,184,75,108,28,166,17,168,169,76,171,177,44,163,175,143,93,145,136,4,181,22,12,43,59,48,104,196,141,193,191,64,42,194,115,41,197,146,188,];False
4406;9551;13957;[199,72,78,99,155,124,176,7,186,192,10,154,31,61,185,15,118,92,14,19,20,173,8,101,24,25,131,142,150,5,106,130,198,147,34,33,55,66,87,39,86,174,63,6,9,45,158,119,57,49,50,51,77,53,85,36,182,46,38,79,156,32,183,90,52,56,21,67,18,69,80,71,2,111,89,180,29,114,167,81,37,27,82,83,157,54,170,129,88,11,123,91,107,189,58,128,195,97,109,73,84,134,102,100,65,96,117,187,164,98,110,165,112,113,138,26,116,35,30,120,178,47,122,151,160,125,126,127,60,0,190,144,40,139,105,135,23,13,179,1,74,95,137,16,94,133,103,172,148,149,3,121,152,132,153,140,70,68,62,159,162,161,184,75,108,28,166,17,168,169,76,171,177,44,163,175,143,93,145,136,4,181,22,12,43,59,48,104,196,141,193,191,64,42,194,115,41,197,146,188,];False
4380;9575;13955;[199,72,78,99,155,124,176,7,186,192,10,154,31,61,185,15,118,92,14,19,20,81,8,101,24,25,131,142,150,5,106,130,198,147,34,33,55,66,74,39,86,174,63,6,9,45,158,119,57,49,50,51,77,53,85,36,182,46,38,79,156,32,183,90,52,56,21,67,18,69,80,71,2,111,89,180,29,114,167,173,37,27,82,83,157,54,170,129,88,11,123,91,107,189,58,128,195,97,109,73,84,134,102,100,65,96,117,187,164,98,110,165,112,113,138,26,116,35,30,120,178,47,122,151,160,125,126,127,60,0,190,144,40,139,105,135,23,13,179,1,87,95,137,16,94,133,103,172,148,149,3,121,152,132,153,140,70,68,62,159,162,161,184,75,108,28,166,17,168,169,76,171,177,44,163,175,143,93,145,136,4,181,22,12,43,59,48,104,196,141,193,191,64,42,194,115,41,197,146,188,];False
4419;9536;13955;[199,72,78,99,155,124,176,7,186,192,10,154,31,61,185,15,118,92,14,19,20,173,8,101,24,25,131,142,150,5,106,130,198,147,34,33,55,66,74,39,86,174,63,6,9,45,158,119,57,49,50,51,77,53,85,36,182,46,38,79,156,32,183,90,52,56,21,67,18,69,80,71,2,111,89,180,29,114,167,81,37,27,82,83,157,54,170,129,88,11,123,91,107,189,58,128,195,97,109,73,84,134,102,100,65,96,117,187,164,98,110,165,112,113,138,26,116,35,30,120,178,47,122,151,160,125,126,127,60,0,190,144,40,139,105,135,23,13,179,1,87,95,137,16,94,133,103,172,148,149,191,121,152,132,153,140,70,68,62,159,162,161,184,75,108,28,166,17,168,169,76,171,177,44,163,175,143,93,145,136,4,181,22,12,43,59,48,104,196,141,193,3,64,42,194,115,41,197,146,188,];False
4424;9529;13953;[199,72,78,99,155,124,176,7,186,192,10,154,31,61,185,15,118,92,14,19,20,173,8,101,24,25,1,142,150,5,106,130,198,147,34,33,55,66,74,39,86,174,63,6,9,45,158,119,57,49,50,51,77,53,85,36,182,46,38,79,156,32,183,90,52,56,21,67,18,69,80,71,2,111,89,180,29,114,167,81,37,27,82,83,157,54,170,129,88,11,123,91,107,189,58,128,195,97,109,73,84,134,102,100,65,96,117,187,164,98,110,165,112,113,138,26,116,35,30,120,178,47,122,151,160,125,126,127,60,0,190,144,40,139,105,135,23,13,179,131,87,95,137,16,94,133,103,172,148,149,3,121,152,132,153,140,70,68,62,159,162,161,184,75,108,28,166,17,168,169,76,171,177,44,163,175,143,93,145,136,4,181,22,12,43,59,48,104,196,141,193,191,64,42,194,115,41,197,146,188,];False
4376;9577;13953;[199,72,78,99,155,124,176,7,186,192,10,154,31,61,149,15,118,92,14,19,20,173,8,101,24,25,131,142,150,5,106,130,198,147,34,33,55,66,74,111,86,174,63,6,9,45,158,119,57,49,50,40,77,53,85,36,182,46,38,79,156,32,183,90,52,56,21,67,18,69,80,71,2,39,89,180,29,114,167,81,37,27,82,83,157,54,170,129,88,11,123,91,107,189,58,128,195,97,109,1,84,134,102,100,65,96,117,187,164,98,110,165,112,113,138,26,116,35,30,120,178,47,122,151,160,125,126,127,60,0,190,144,51,139,105,135,23,13,179,73,87,95,137,16,94,133,103,172,148,185,3,121,152,132,153,140,70,68,62,159,162,161,184,75,108,28,166,17,168,169,76,171,177,44,163,175,143,93,145,136,4,181,22,12,43,59,48,104,196,141,193,191,64,42,194,115,41,197,146,188,];False
4337;9616;13953;[199,72,78,99,177,124,176,7,186,192,10,154,31,61,185,15,118,92,14,19,20,173,8,101,24,25,131,142,150,5,106,130,198,147,34,33,55,66,74,39,86,174,63,6,9,45,158,119,57,49,50,51,77,53,85,36,182,46,38,79,156,32,183,90,52,56,21,67,18,69,80,71,2,111,89,180,29,114,167,81,37,27,82,83,157,54,170,129,88,11,123,91,107,189,58,128,195,97,109,73,84,134,102,100,65,96,117,187,164,98,110,165,112,113,138,26,116,35,30,120,178,47,122,151,160,125,126,127,60,0,190,144,40,139,105,135,23,13,179,1,87,95,137,16,94,133,103,172,148,149,3,121,152,132,153,140,70,68,62,159,162,161,184,75,108,28,166,17,168,169,76,171,155,44,163,175,143,93,145,136,4,181,22,12,43,59,48,104,196,141,193,191,64,42,194,115,41,197,146,188,];False
4402;9550;13952;[199,72,78,99,155,124,176,7,186,192,10,154,31,61,185,15,118,92,14,19,20,173,8,101,24,25,131,142,150,5,106,130,198,147,34,33,55,66,74,39,86,174,63,6,9,1,158,119,57,49,50,51,77,53,85,36,182,46,38,79,156,32,183,90,52,56,21,67,18,69,80,71,2,111,89,180,29,114,167,81,37,27,82,83,157,54,170,129,88,11,123,91,107,189,58,128,195,97,109,73,84,134,102,100,65,96,117,187,164,98,110,165,112,113,138,26,116,35,30,120,178,47,122,151,160,125,126,127,60,0,190,144,40,139,105,135,23,13,179,45,87,95,137,16,94,133,103,172,148,149,3,121,152,132,153,140,70,68,62,159,162,161,184,75,108,28,166,17,168,169,76,171,177,44,163,175,143,93,145,136,4,181,22,12,43,59,48,104,196,141,193,191,64,42,194,115,41,197,146,188,];False
4405;9540;13945;[199,72,78,99,155,124,176,7,186,192,10,154,31,61,185,15,118,92,14,19,20,173,8,101,24,25,131,142,150,5,106,130,198,147,34,33,55,66,74,39,86,174,63,6,9,45,158,119,57,49,50,51,77,53,85,36,182,46,38,79,184,32,183,90,52,56,21,67,18,69,80,71,2,111,89,180,29,114,167,81,156,27,82,83,157,54,170,129,88,11,123,91,107,189,58,128,195,97,109,73,84,134,102,100,65,96,117,187,108,98,110,165,112,113,138,26,116,35,30,120,178,47,122,151,160,125,126,127,60,0,190,144,40,139,105,135,23,13,179,1,87,95,137,16,94,133,103,172,148,149,3,121,152,132,153,140,70,68,62,159,162,161,37,75,164,28,166,17,168,169,76,171,177,44,163,175,143,93,145,136,4,181,22,12,43,59,48,104,196,141,193,191,64,42,194,115,41,197,146,188,];False
4420;9523;13943;[122,72,78,99,155,124,176,7,186,192,10,154,31,61,185,15,118,92,14,19,20,173,8,101,24,25,131,142,150,5,106,130,198,147,34,33,55,66,74,39,86,174,63,6,9,45,158,119,57,49,50,51,77,53,85,36,182,46,38,79,156,32,183,90,52,56,21,67,18,69,80,71,2,111,89,180,29,114,167,81,37,27,82,83,157,54,170,129,88,11,123,91,107,189,58,128,195,97,109,73,84,134,102,100,65,96,117,187,164,98,110,165,112,113,138,26,116,35,30,120,178,47,199,151,160,125,126,127,60,0,190,144,40,139,105,135,23,13,179,1,87,95,137,16,94,133,103,172,148,149,3,121,152,132,153,140,70,68,62,159,162,161,184,75,108,28,166,17,168,169,76,171,177,44,163,175,143,93,145,136,4,181,22,12,43,59,48,104,196,141,193,191,64,42,194,115,41,197,146,188,];False
4376;9566;13942;[199,72,78,99,155,124,176,7,186,192,10,154,31,61,185,15,118,92,14,19,20,173,8,101,24,25,131,142,150,5,106,130,198,147,34,33,55,66,74,39,86,174,63,6,9,45,158,119,57,49,50,51,77,53,85,36,182,46,38,79,156,32,183,90,52,56,21,67,18,69,80,71,2,111,89,180,26,114,167,81,37,27,82,83,157,54,170,129,88,11,123,91,107,189,58,128,195,97,109,73,84,134,102,100,65,96,117,187,164,98,110,165,112,113,138,29,116,35,30,120,178,47,122,151,160,125,126,127,60,0,190,144,40,139,105,135,23,13,179,1,87,95,137,16,94,133,103,172,148,149,3,121,152,132,153,140,70,68,62,159,162,161,184,75,108,28,166,17,168,169,76,171,177,44,163,175,143,93,145,136,4,181,22,12,43,59,48,104,196,141,193,191,64,42,194,115,41,197,146,188,];False
4403;9537;13940;[199,72,78,99,155,124,176,7,186,192,10,154,31,61,185,15,118,92,14,19,20,173,8,101,24,25,131,142,150,5,106,130,198,147,34,33,55,66,74,39,86,174,63,6,9,45,158,119,57,49,50,51,77,53,85,36,182,46,38,79,156,32,183,90,52,56,21,67,18,69,80,71,2,111,89,180,29,114,132,81,37,27,82,83,157,54,170,129,88,11,123,91,107,189,58,128,195,97,109,73,84,134,102,100,65,96,117,187,164,98,110,165,112,113,138,26,116,35,30,120,178,47,122,151,160,125,126,127,60,0,190,144,40,139,105,135,23,13,179,1,87,95,137,16,94,133,103,172,148,149,3,121,152,167,153,140,70,68,62,159,162,161,184,75,108,28,166,17,168,169,76,171,177,44,163,175,143,93,145,136,4,181,22,12,43,59,48,104,196,141,193,191,64,42,194,115,41,197,146,188,];False
4362;9578;13940;[199,72,78,99,155,124,176,193,186,192,10,154,31,61,149,15,118,92,14,19,20,173,8,101,24,25,131,142,150,5,106,130,198,147,34,33,55,66,74,111,86,174,63,6,9,45,158,119,57,49,50,51,77,53,85,36,182,46,38,79,156,32,183,90,52,56,21,67,175,69,80,71,2,39,89,180,29,114,167,81,37,27,82,83,157,54,170,129,88,11,3,91,107,189,58,128,195,97,109,1,84,134,102,100,65,96,117,187,164,98,110,165,112,113,138,26,116,35,30,120,178,47,122,151,160,125,126,127,60,0,190,144,40,139,105,135,23,13,179,73,87,95,137,16,94,133,103,172,148,185,123,121,152,132,153,140,70,68,62,159,162,161,184,75,108,28,166,17,168,169,76,171,177,44,163,18,143,93,145,136,4,181,22,12,43,59,48,104,196,141,7,191,64,42,194,115,41,197,146,188,];False
4351;9586;13937;[199,72,78,99,155,124,176,7,186,136,10,154,31,61,149,15,118,92,14,19,20,173,8,101,24,25,131,142,150,5,106,130,198,147,34,33,55,66,74,111,86,174,63,6,9,45,158,119,57,49,50,51,77,53,85,36,182,46,38,79,156,32,183,90,52,56,21,67,18,69,80,71,2,39,89,180,29,114,167,81,37,27,82,83,157,54,170,129,88,11,123,91,107,189,58,128,195,97,109,1,84,134,102,100,65,96,117,187,164,98,110,165,112,113,138,26,116,35,30,120,178,47,122,151,160,125,126,127,60,0,190,144,40,139,105,135,23,13,179,73,87,95,137,16,94,133,103,172,148,185,3,121,152,132,153,140,70,68,62,159,162,161,184,75,108,28,166,17,168,169,76,171,177,44,163,175,143,93,145,192,4,181,22,12,43,59,48,104,196,141,193,191,64,42,194,115,41,197,146,188,];False
4391;9546;13937;[199,72,78,99,155,124,176,7,186,192,10,154,31,61,185,15,118,92,14,19,20,173,8,101,24,25,131,142,150,5,106,130,198,147,34,33,55,66,74,39,86,174,63,6,9,45,158,119,57,49,50,51,77,53,85,36,22,46,38,79,156,32,183,90,52,56,21,67,18,69,80,71,2,111,89,180,29,114,167,81,37,27,82,83,157,54,170,129,88,11,123,91,107,189,58,128,195,97,109,73,84,134,102,100,65,96,117,187,164,98,110,165,112,113,138,26,116,35,30,120,178,47,122,151,160,125,126,127,60,0,190,144,40,139,105,135,23,13,179,1,87,95,137,16,94,133,103,172,148,149,3,121,152,132,153,140,70,68,62,159,162,161,184,75,108,28,166,17,168,169,76,171,177,44,163,175,143,93,145,136,4,181,182,12,43,59,48,104,196,141,193,191,64,42,194,115,41,197,146,188,];False
4381;9552;13933;[199,72,78,99,155,124,176,7,186,192,10,154,31,61,185,15,118,92,14,19,20,173,8,101,24,25,131,142,150,5,106,115,198,147,34,33,55,66,74,39,86,174,63,6,9,45,158,119,57,49,50,51,77,53,85,36,182,46,38,79,156,32,183,90,52,56,21,67,18,69,80,71,2,111,89,180,29,114,167,81,37,27,82,83,157,54,170,129,88,11,123,91,107,189,58,128,195,97,109,73,84,134,102,100,65,96,117,187,164,98,110,165,112,113,138,26,116,35,30,120,178,47,122,151,160,125,126,127,60,0,190,144,40,139,105,135,23,13,179,1,87,95,137,16,94,133,103,172,148,149,3,121,152,132,153,140,70,68,62,159,162,161,184,75,108,28,166,17,168,169,76,171,177,44,163,175,143,93,145,136,4,181,22,12,43,59,48,104,196,141,193,191,64,42,194,130,41,197,146,188,];False
4370;9563;13933;[199,72,78,99,155,124,176,7,186,192,10,154,31,61,149,15,118,92,14,19,20,173,8,101,24,25,131,142,150,5,106,130,198,147,34,33,55,66,74,111,86,174,63,6,9,45,158,119,57,49,50,51,77,53,85,36,182,46,38,79,156,32,183,90,52,56,21,67,18,69,80,71,2,39,89,180,29,114,167,162,37,27,82,83,157,54,170,129,88,11,123,91,107,189,58,128,195,97,109,1,84,134,102,100,65,96,117,187,164,98,110,165,112,113,138,26,116,35,30,120,178,47,122,151,160,125,126,127,60,0,190,144,40,139,105,135,23,13,179,73,87,95,137,16,94,133,103,172,148,185,3,121,152,132,153,140,70,68,62,159,81,161,184,75,108,28,166,17,168,169,76,171,177,44,163,175,143,93,145,136,4,181,22,12,43,59,48,104,196,141,193,191,64,42,194,115,41,197,146,188,];False
4372;9557;13929;[199,72,78,99,155,124,176,7,186,192,10,154,31,61,149,15,118,92,14,19,20,173,8,101,24,25,131,142,150,5,106,130,198,147,34,33,55,66,74,39,86,174,63,6,9,45,158,119,57,49,50,51,77,53,85,36,182,46,38,79,156,32,183,90,52,56,21,67,18,69,80,71,2,111,89,180,29,114,167,81,37,27,82,83,157,54,170,129,88,11,123,91,107,189,58,128,195,160,109,1,84,134,102,100,65,96,117,187,164,98,110,165,112,113,138,26,116,35,30,120,178,47,122,151,97,125,126,127,60,0,190,144,40,139,105,135,23,13,179,73,87,95,137,16,94,133,103,172,148,185,3,121,152,132,153,140,70,68,62,159,162,161,184,75,108,28,166,17,168,169,76,171,177,44,163,175,143,93,145,136,4,181,22,12,43,59,48,104,196,141,193,191,64,42,194,115,41,197,146,188,];False
4375;9553;13928;[199,72,78,99,155,124,176,7,186,192,10,154,31,61,149,15,118,92,14,19,20,173,8,101,24,25,131,142,150,5,106,130,3,147,34,33,55,66,74,111,86,174,63,6,9,45,158,119,57,49,50,51,77,53,85,36,182,46,38,79,156,32,183,90,52,56,21,67,18,69,80,71,2,39,89,180,29,114,167,81,37,27,82,83,157,54,170,129,88,11,123,91,107,189,58,128,195,97,109,1,84,134,102,100,65,96,117,187,164,98,110,165,112,113,138,26,116,35,30,120,178,47,122,151,160,125,126,127,60,0,190,144,40,139,105,135,23,13,179,73,87,95,137,16,94,133,103,172,148,185,198,121,152,132,153,140,70,68,62,159,162,161,184,75,108,28,166,17,168,169,76,171,177,44,163,175,143,93,145,136,4,181,22,12,43,59,48,104,196,141,193,191,64,42,194,115,41,197,146,188,];False
4373;9554;13927;[199,72,78,99,155,19,176,7,186,192,10,154,31,61,149,15,118,92,14,124,20,173,8,101,24,25,131,142,150,5,106,130,198,147,34,33,55,66,74,111,86,174,63,6,9,45,158,119,57,49,50,51,77,53,85,36,182,46,38,79,156,32,183,90,52,56,21,67,18,69,80,71,2,39,89,180,29,114,167,81,37,27,82,83,157,54,170,129,88,11,123,91,107,189,58,128,195,97,109,1,84,134,102,100,65,96,117,187,164,98,110,165,112,113,138,26,116,35,30,120,178,47,122,151,160,125,126,127,60,0,190,144,40,139,105,135,23,13,179,73,87,95,137,16,94,133,103,172,148,185,3,121,152,132,153,140,70,68,62,159,162,161,184,75,108,28,166,17,168,169,76,171,177,44,163,175,143,93,145,136,4,181,22,12,43,59,48,104,196,141,193,191,64,42,194,115,41,197,146,188,];False
4317;9606;13923;[199,72,78,99,155,124,176,193,186,192,10,154,31,61,149,15,118,92,14,19,20,173,8,101,24,25,131,142,150,5,106,130,198,147,34,33,55,66,74,111,86,174,63,6,9,45,158,119,57,49,50,51,77,53,85,36,182,46,38,79,156,32,183,90,52,56,21,67,18,69,80,71,2,109,89,180,29,114,167,81,37,27,82,83,157,54,125,129,88,11,3,91,107,189,58,128,195,97,39,1,84,134,17,100,65,96,117,187,164,98,110,165,112,113,138,26,116,35,30,120,178,47,122,151,160,170,126,127,60,0,190,144,40,139,105,135,23,13,179,73,87,95,137,16,94,133,103,172,148,185,123,121,152,132,153,140,70,68,62,159,196,161,184,75,108,28,166,102,168,169,76,171,177,44,163,175,143,93,145,136,4,181,22,12,43,59,48,104,162,141,7,191,64,42,194,115,41,197,146,188,];False
4363;9557;13920;[199,72,78,99,155,124,176,7,186,192,10,154,31,61,149,15,118,92,14,19,20,173,8,101,24,25,131,142,150,5,106,130,198,147,34,33,55,66,74,111,86,174,63,6,9,45,158,119,57,49,50,51,77,53,85,36,182,46,38,79,156,32,183,90,52,56,21,67,18,69,80,71,2,39,89,180,29,114,167,81,37,27,82,83,157,54,170,129,88,11,123,91,107,189,58,128,195,97,109,1,84,134,102,100,65,96,117,187,164,98,110,165,112,113,138,26,116,35,30,120,178,47,122,151,160,125,126,127,60,0,190,144,40,139,105,135,23,13,179,73,87,95,137,16,4,133,103,172,148,185,3,121,152,132,153,140,70,68,62,159,162,161,184,75,108,28,166,17,168,169,76,171,177,44,163,175,143,93,145,136,94,181,22,12,43,59,48,104,196,141,193,191,64,42,194,115,41,197,146,188,];False
4367;9553;13920;[199,72,78,99,155,124,176,7,186,192,10,154,31,61,185,15,118,92,14,19,20,173,8,101,24,25,131,142,150,5,106,130,198,147,34,33,22,66,74,39,86,174,63,6,9,45,158,119,57,49,50,51,77,53,85,36,182,46,38,79,156,32,183,90,52,56,21,67,18,69,80,71,2,111,89,180,29,114,167,81,37,27,82,83,157,54,170,129,88,11,123,91,107,189,58,128,195,97,109,73,84,134,102,100,65,96,117,187,164,98,110,165,112,113,138,26,116,35,30,120,178,47,122,151,160,125,126,127,60,0,190,144,40,139,105,135,23,13,179,1,87,95,137,16,94,133,103,172,148,149,3,121,152,132,153,140,70,68,62,159,162,161,184,75,108,28,166,17,168,169,76,171,177,44,163,175,143,93,145,136,4,181,55,12,43,59,48,104,196,141,193,191,64,42,194,115,41,197,146,188,];False
4347;9571;13918;[199,72,78,99,155,124,176,7,186,192,10,154,31,61,149,15,118,92,14,19,20,173,8,101,24,25,131,142,150,5,106,130,198,147,34,33,55,66,74,111,86,174,63,6,9,45,158,119,57,49,50,51,77,53,85,36,182,46,38,79,156,32,183,90,52,56,21,67,18,69,80,71,2,39,89,180,29,114,167,163,37,27,82,83,157,54,170,129,88,11,123,91,107,189,58,128,195,97,109,1,84,134,102,100,65,96,117,187,164,98,110,165,112,113,138,26,116,35,30,120,178,47,122,151,160,125,126,127,60,0,190,144,40,139,105,135,23,13,179,73,87,95,137,16,94,133,103,172,148,185,3,121,152,132,153,140,70,68,62,159,162,161,184,75,108,28,166,17,168,169,76,171,177,44,81,175,143,93,145,136,4,181,22,12,43,59,48,104,196,141,193,191,64,42,194,115,41,197,146,188,];False
4286;9629;13915;[199,72,78,99,155,124,176,193,186,192,10,154,31,61,149,15,118,92,14,19,20,173,8,101,24,25,131,142,150,5,106,130,198,147,34,33,55,66,12,111,86,174,63,6,9,45,158,119,57,49,50,51,77,53,85,36,182,46,38,79,156,32,183,90,52,56,21,67,18,69,80,71,2,109,89,180,29,114,167,81,37,27,82,83,157,54,125,129,88,11,3,91,107,189,58,128,195,97,39,1,84,134,17,100,65,96,117,187,164,98,110,165,112,113,138,26,116,35,30,120,178,47,122,151,160,170,126,127,60,0,190,144,40,139,105,135,23,13,179,73,87,95,137,16,94,133,103,172,148,185,123,121,152,132,153,140,70,68,62,159,162,161,184,75,108,28,166,102,168,169,76,171,177,44,163,175,143,93,145,136,4,181,22,74,43,59,48,104,196,141,7,191,64,42,194,115,41,197,146,188,];False
4357;9555;13912;[199,72,78,99,155,124,176,7,189,192,10,154,31,61,185,15,118,92,14,19,20,173,8,101,24,25,131,142,150,5,106,130,198,147,34,33,55,66,74,39,86,174,63,6,9,45,158,119,57,49,50,51,77,53,85,36,182,46,38,79,156,32,183,90,52,56,21,67,18,69,80,71,2,111,89,180,29,114,167,81,37,27,82,83,157,54,170,129,88,11,123,91,107,186,58,128,195,97,109,73,84,134,102,100,65,96,117,187,164,98,110,165,112,113,138,26,116,35,30,120,178,47,122,151,160,125,126,127,60,0,190,144,40,139,105,135,23,13,179,1,87,95,137,16,94,133,103,172,148,149,3,121,152,132,153,140,70,68,62,159,162,161,184,75,108,28,166,17,168,169,76,171,177,44,163,175,143,93,145,136,4,181,22,12,43,59,48,104,196,141,193,191,64,42,194,115,41,197,146,188,];False
4332;9578;13910;[199,72,78,99,155,124,176,7,186,192,10,154,31,61,149,15,118,92,14,19,20,173,8,101,24,25,135,142,150,5,106,130,198,147,34,33,55,66,74,39,86,174,63,6,9,45,158,119,57,49,50,51,77,53,85,36,182,46,38,79,156,32,183,90,52,56,21,67,18,69,80,71,2,111,89,180,29,114,167,81,37,27,82,83,157,54,170,129,88,11,123,91,107,189,58,128,195,97,109,1,84,134,102,100,65,96,117,187,164,98,110,165,112,113,138,26,116,35,30,120,178,47,122,151,160,125,126,127,60,0,190,144,40,139,105,131,23,13,179,73,87,95,137,16,94,133,103,172,148,185,3,121,152,132,153,140,70,68,62,159,162,161,184,75,108,28,166,17,168,169,76,171,177,44,163,175,143,93,145,136,4,181,22,12,43,59,48,104,196,141,193,191,64,42,194,115,41,197,146,188,];False
4345;9559;13904;[199,72,78,99,155,124,176,7,186,192,10,154,31,61,149,15,118,92,14,19,20,173,8,101,24,25,131,142,150,5,106,130,198,147,34,33,55,66,74,111,86,174,63,6,9,45,158,119,57,49,50,51,77,53,85,36,182,46,38,79,156,32,183,90,52,56,21,67,18,69,80,71,2,39,89,180,68,114,167,81,37,27,82,83,157,54,170,129,88,11,123,91,107,189,58,128,195,97,109,1,84,134,102,100,65,96,117,187,164,98,110,165,112,113,138,26,116,35,30,120,178,47,122,151,160,125,126,127,60,0,190,144,40,139,105,135,23,13,179,73,87,95,137,16,94,133,103,172,148,185,3,121,152,132,153,140,70,29,62,159,162,161,184,75,108,28,166,17,168,169,76,171,177,44,163,175,143,93,145,136,4,181,22,12,43,59,48,104,196,141,193,191,64,42,194,115,41,197,146,188,];False
4378;9526;13904;[199,72,78,99,155,124,176,7,186,192,10,154,31,61,185,15,118,92,14,19,20,173,8,101,24,25,131,142,150,5,106,130,198,147,34,33,55,66,74,39,86,174,63,6,9,45,158,119,57,49,50,51,136,53,85,36,182,46,38,79,156,32,183,90,52,56,21,67,18,69,80,71,2,111,89,180,29,114,167,81,37,27,82,83,157,54,170,129,88,11,123,91,107,189,58,128,195,97,109,73,84,134,102,100,65,96,117,187,164,98,110,165,112,113,138,26,116,35,30,120,178,47,122,151,160,125,126,127,60,0,190,144,40,139,105,135,23,13,179,1,87,95,137,16,94,133,103,172,148,149,3,121,152,132,153,140,70,68,62,159,162,161,184,75,108,28,166,17,168,169,76,171,177,44,163,175,143,93,145,77,4,181,22,12,43,59,48,104,196,141,193,191,64,42,194,115,41,197,146,188,];False
4364;9540;13904;[199,72,78,99,155,124,176,7,186,192,10,154,31,61,185,15,118,92,14,19,20,173,8,101,24,25,131,142,150,5,106,130,198,147,34,33,55,66,74,39,86,174,63,6,9,45,158,119,57,49,50,51,77,53,85,36,182,46,38,79,156,32,183,90,52,56,21,67,18,69,80,71,2,111,89,180,29,114,167,81,37,27,82,83,157,54,170,129,88,11,123,91,107,189,58,128,195,97,109,73,84,134,102,100,65,98,117,187,164,96,110,165,112,113,138,26,116,35,30,120,178,47,122,151,160,125,126,127,60,0,190,144,40,139,105,135,23,13,179,1,87,95,137,16,94,133,103,172,148,149,3,121,152,132,153,140,70,68,62,159,162,161,184,75,108,28,166,17,168,169,76,171,177,44,163,175,143,93,145,136,4,181,22,12,43,59,48,104,196,141,193,191,64,42,194,115,41,197,146,188,];False
4377;9524;13901;[199,72,78,99,155,124,176,7,186,192,10,154,31,61,149,15,118,92,14,19,20,173,8,101,24,25,131,142,150,5,106,130,198,29,34,33,55,66,74,39,86,174,63,6,9,45,158,119,57,49,50,51,77,53,85,36,182,46,38,79,156,32,183,90,52,56,21,67,18,69,80,71,2,111,89,180,147,114,167,81,37,27,82,83,157,54,170,129,88,11,123,91,107,189,58,128,195,97,109,1,84,134,102,100,65,96,117,187,164,98,110,165,112,113,138,26,116,35,30,120,178,47,122,151,160,125,126,127,60,0,190,144,40,139,105,135,23,13,179,73,87,95,137,16,94,133,103,172,148,185,3,121,152,132,153,140,70,68,62,159,162,161,184,75,108,28,166,17,168,169,76,171,177,44,163,175,143,93,145,136,4,181,22,12,43,59,48,104,196,141,193,191,64,42,194,115,41,197,146,188,];False
4371;9527;13898;[199,72,78,99,155,124,176,7,186,192,10,154,31,61,185,15,118,92,14,19,20,173,8,101,24,25,131,142,150,5,106,130,198,147,34,33,55,66,74,39,86,174,63,6,9,45,158,119,57,49,50,51,77,53,85,36,182,46,38,79,184,32,183,90,52,56,21,67,18,69,80,71,2,111,89,180,29,114,167,81,37,27,82,83,157,54,170,129,88,11,123,91,107,189,58,128,195,97,109,73,84,134,102,100,65,96,117,187,108,98,110,165,112,113,138,26,116,35,30,120,178,47,122,151,160,125,126,127,60,0,190,144,40,139,105,135,23,13,179,1,87,95,137,16,94,133,103,172,148,149,3,121,152,132,153,140,70,68,62,159,162,161,156,75,164,28,166,17,168,169,76,171,177,44,163,175,143,93,145,136,4,181,22,12,43,59,48,104,196,141,193,191,64,42,194,115,41,197,146,188,];False
4327;9569;13896;[199,72,78,99,155,124,176,193,186,192,10,154,31,61,149,15,118,92,14,19,20,173,8,101,24,25,131,142,150,5,106,130,198,147,34,113,55,66,74,111,86,174,63,6,9,45,158,119,57,49,50,51,77,53,85,36,182,46,38,79,156,32,183,90,52,56,21,67,18,69,80,71,2,39,89,180,29,114,167,81,37,27,82,83,157,54,170,129,88,11,3,91,107,189,58,128,195,97,109,1,84,134,102,100,65,96,117,187,164,98,110,165,112,33,138,26,116,35,30,120,178,47,122,151,160,125,126,127,60,0,190,144,40,139,105,135,23,13,179,73,87,95,137,16,94,133,103,172,148,185,123,121,152,132,153,140,70,68,62,159,162,161,184,75,108,28,166,17,168,169,76,171,177,44,163,175,143,93,145,136,4,181,22,12,43,59,48,104,196,141,7,191,64,42,194,115,41,197,146,188,];False
4394;9501;13895;[199,72,78,99,155,124,176,7,186,192,10,154,31,61,185,15,118,92,14,19,20,173,8,101,24,25,131,142,150,5,106,130,198,147,34,33,55,66,74,39,86,174,63,6,9,45,158,119,57,49,50,51,77,53,85,36,182,46,38,79,156,32,183,90,52,56,21,67,18,69,80,71,2,111,89,180,29,114,167,81,47,27,82,83,157,54,170,129,88,11,123,91,107,189,58,128,195,97,109,73,84,134,102,100,65,96,117,187,164,98,110,165,112,113,138,26,116,35,30,120,178,37,122,151,160,125,126,127,60,0,190,144,40,139,105,135,23,13,179,1,87,95,137,16,94,133,103,172,148,149,3,121,152,132,153,140,70,68,62,159,162,161,184,75,108,28,166,17,168,169,76,171,177,44,163,175,143,93,145,136,4,181,22,12,43,59,48,104,196,141,193,191,64,42,194,115,41,197,146,188,];False
4354;9540;13894;[199,72,78,99,155,124,176,7,186,192,10,154,31,61,185,15,118,92,14,19,20,173,8,101,24,25,131,142,150,5,106,130,198,147,34,33,55,66,74,39,86,174,63,6,9,45,158,119,57,49,50,51,77,53,85,36,182,46,38,79,156,32,183,90,52,56,21,67,18,69,80,71,2,111,89,180,29,114,167,81,37,27,82,83,157,59,170,129,88,11,123,91,107,189,58,128,195,97,109,73,84,134,102,100,65,96,117,187,164,98,110,165,112,113,138,26,116,35,30,120,178,47,122,151,160,125,126,127,60,0,190,144,40,139,105,135,23,13,179,1,87,95,137,16,94,133,103,172,148,149,3,121,152,132,153,140,70,68,62,159,162,161,184,75,108,28,166,17,168,169,76,171,177,44,163,175,143,93,145,136,4,181,22,12,43,54,48,104,196,141,193,191,64,42,194,115,41,197,146,188,];False
4261;9633;13894;[199,72,78,99,155,124,176,193,186,172,10,154,31,61,149,15,118,92,14,19,20,173,8,101,24,25,131,142,150,5,106,130,198,147,34,33,55,66,74,111,86,174,63,6,9,45,158,119,57,49,50,51,77,53,85,36,182,46,38,79,156,32,183,90,52,56,21,67,18,69,80,71,2,109,89,180,29,114,167,81,37,27,82,83,157,54,125,129,88,11,3,91,107,189,58,128,195,97,39,1,84,134,17,100,65,96,117,187,164,98,110,165,112,113,138,26,116,35,30,120,178,47,122,151,160,170,126,127,60,0,190,144,40,139,105,135,23,13,179,73,87,95,137,16,94,133,103,192,148,185,123,121,152,132,153,140,70,68,62,159,162,161,184,75,108,28,166,102,168,169,76,171,177,44,163,175,143,93,145,136,4,181,22,12,43,59,48,104,196,141,7,191,64,42,194,115,41,197,146,188,];False
4336;9556;13892;[199,72,78,99,155,124,176,7,186,192,10,154,31,61,149,15,118,92,14,19,20,173,8,101,24,25,131,142,150,5,106,130,198,147,34,33,55,66,74,111,86,174,63,6,9,45,158,119,57,49,50,51,77,53,85,36,182,46,38,79,156,32,183,90,52,56,21,67,18,69,80,71,2,39,89,180,29,91,167,81,37,27,82,83,157,54,170,129,88,11,123,114,107,189,58,128,195,97,109,1,84,134,102,100,65,96,117,187,164,98,110,165,112,113,138,26,116,35,30,120,178,47,122,151,160,125,126,127,60,0,190,144,40,139,105,135,23,13,179,73,87,95,137,16,94,133,103,172,148,185,3,121,152,132,153,140,70,68,62,159,162,161,184,75,108,28,166,17,168,169,76,171,177,44,163,175,143,93,145,136,4,181,22,12,43,59,48,104,196,141,193,191,64,42,194,115,41,197,146,188,];False
4329;9562;13891;[199,72,78,99,155,124,176,7,186,192,10,154,31,61,149,15,118,92,14,19,20,173,8,101,24,25,131,142,150,5,106,130,198,147,34,33,55,66,74,39,86,174,63,6,9,45,158,119,57,49,50,51,77,53,85,36,182,46,38,79,156,32,183,90,52,56,21,67,18,69,80,71,2,111,89,180,29,114,167,81,37,27,82,83,157,54,170,129,88,11,123,91,107,189,58,128,195,97,109,1,84,134,102,100,65,96,117,187,164,98,110,165,112,113,138,26,116,35,30,120,178,152,122,151,160,125,126,127,60,0,190,144,40,139,105,135,23,13,179,73,87,95,137,16,94,133,103,172,148,185,3,121,47,132,153,140,70,68,62,159,162,161,184,75,108,28,166,17,168,169,76,171,177,44,163,175,143,93,145,136,4,181,22,12,43,59,48,104,196,141,193,191,64,42,194,115,41,197,146,188,];False
4373;9516;13889;[199,72,78,99,155,124,176,7,186,192,10,154,31,61,149,15,118,92,14,19,20,173,8,101,24,25,131,142,150,5,106,130,198,147,34,33,55,66,74,39,86,174,63,6,9,45,158,119,57,49,50,51,77,53,85,36,182,46,38,178,156,32,183,90,52,56,21,67,18,69,80,71,2,111,89,180,29,114,167,81,37,27,82,83,157,54,170,129,88,11,123,91,107,189,58,128,195,97,109,1,84,134,102,100,65,96,117,187,164,98,110,165,112,113,138,26,116,35,30,120,79,47,122,151,160,125,126,127,60,0,190,144,40,139,105,135,23,13,179,73,87,95,137,16,94,133,103,172,148,185,3,121,152,132,153,140,70,68,62,159,162,161,184,75,108,28,166,17,168,169,76,171,177,44,163,175,143,93,145,136,4,181,22,12,43,59,48,104,196,141,193,191,64,42,194,115,41,197,146,188,];False
4312;9576;13888;[199,72,78,99,155,124,176,7,186,192,10,154,31,61,149,15,118,92,14,19,20,173,8,101,24,25,131,142,150,5,106,130,198,147,34,33,55,66,74,39,86,174,63,6,9,45,158,119,57,49,50,51,77,53,85,36,182,46,38,146,156,32,183,90,52,56,21,67,18,69,80,71,2,111,89,180,29,114,167,81,37,27,82,83,157,54,170,129,88,11,123,91,107,189,58,128,195,97,109,1,84,134,102,100,65,96,117,187,164,98,110,165,112,113,138,26,116,35,30,120,178,47,122,151,160,125,126,127,60,0,190,144,40,139,105,135,23,13,179,73,87,95,137,16,94,133,103,172,148,185,3,121,152,132,153,140,70,68,62,159,162,161,184,75,108,28,166,17,168,169,76,171,177,44,163,175,143,93,145,136,4,181,22,12,43,59,48,104,196,141,193,191,64,42,194,115,41,197,79,188,];False
4318;9567;13885;[199,72,78,99,155,124,176,193,186,192,10,154,31,61,149,15,118,92,14,19,20,173,8,101,24,25,131,142,150,5,106,130,198,147,34,33,55,66,163,111,86,174,63,6,9,45,158,119,57,49,50,51,77,53,85,36,182,46,38,79,156,32,183,90,52,56,21,67,18,69,80,71,2,109,89,180,29,114,167,81,37,27,82,83,157,54,170,129,88,11,3,91,107,189,58,128,195,97,39,1,84,134,17,100,65,96,117,187,164,98,110,165,112,113,138,26,116,35,30,120,178,47,122,151,160,125,126,127,60,0,190,144,40,139,105,135,23,13,179,73,87,95,137,16,94,133,103,172,148,185,123,121,152,132,153,140,70,68,62,159,162,161,184,75,108,28,166,102,168,169,76,171,177,44,74,175,143,93,145,136,4,181,22,12,43,59,48,104,196,141,7,191,64,42,194,115,41,197,146,188,];False
4320;9564;13884;[199,72,78,99,155,124,176,7,186,192,10,154,31,61,149,15,118,92,14,19,20,173,8,101,24,25,131,142,150,5,106,130,198,147,34,33,55,66,74,111,86,174,63,6,9,45,158,119,57,49,50,51,77,53,85,36,182,46,38,79,156,32,183,90,52,56,21,67,18,69,80,71,2,39,89,180,88,114,167,81,37,27,82,83,157,54,170,129,29,11,123,91,107,189,58,128,195,97,109,1,84,134,102,100,65,96,117,187,164,98,110,165,112,113,138,26,116,35,30,120,178,47,122,151,160,125,126,127,60,0,190,144,40,139,105,135,23,13,179,73,87,95,137,16,94,133,103,172,148,185,3,121,152,132,153,140,70,68,62,159,162,161,184,75,108,28,166,17,168,169,76,171,177,44,163,175,143,93,145,136,4,181,22,12,43,59,48,104,196,141,193,191,64,42,194,115,41,197,146,188,];False
4293;9591;13884;[199,72,78,99,155,124,176,193,186,192,10,154,31,61,149,15,118,92,14,19,20,173,8,101,24,25,131,142,150,5,106,130,198,147,34,33,55,52,74,111,86,174,63,6,9,45,158,119,57,49,50,51,77,53,85,36,182,46,38,79,156,32,183,90,66,56,21,67,18,69,80,71,2,39,89,180,29,114,167,81,37,27,82,83,157,54,170,129,88,11,3,91,107,189,58,128,195,97,109,1,84,134,102,100,65,96,117,187,164,98,110,165,112,113,138,26,116,35,30,120,178,47,122,151,160,125,126,127,60,0,190,144,40,139,105,135,23,13,179,73,87,95,137,16,94,133,103,172,148,185,123,121,152,132,153,140,70,68,62,159,162,161,184,75,108,28,166,17,168,169,76,171,177,44,163,175,143,93,145,136,4,181,22,12,43,59,48,104,196,141,7,191,64,42,194,115,41,197,146,188,];False
4312;9570;13882;[199,72,78,99,155,124,176,7,186,192,10,154,31,61,149,15,118,92,14,19,20,173,8,101,24,25,131,142,150,5,106,130,198,147,34,33,55,66,74,111,86,174,63,6,9,45,158,119,57,49,50,51,77,53,85,36,182,46,38,79,156,32,183,90,52,56,21,67,18,69,80,71,2,39,89,180,29,114,167,81,37,27,82,83,157,54,170,129,88,11,123,91,107,189,58,128,195,97,109,1,84,134,102,100,65,96,117,187,164,98,110,178,112,113,138,26,116,35,30,120,165,47,122,151,160,125,126,127,60,0,190,144,40,139,105,135,23,13,179,73,87,95,137,16,94,133,103,172,148,185,3,121,152,132,153,140,70,68,62,159,162,161,184,75,108,28,166,17,168,169,76,171,177,44,163,175,143,93,145,136,4,181,22,12,43,59,48,104,196,141,193,191,64,42,194,115,41,197,146,188,];False
4315;9567;13882;[199,72,78,99,155,124,176,193,186,192,10,154,31,61,149,15,118,92,14,19,20,173,8,101,24,25,131,142,150,5,106,130,198,147,34,33,55,66,74,111,86,174,63,6,9,45,158,119,57,49,50,51,77,53,85,36,182,46,38,79,156,32,183,90,52,56,21,67,18,69,80,71,2,109,89,180,29,114,167,81,37,27,82,83,157,60,170,129,88,11,3,91,107,189,58,128,195,97,39,1,84,134,17,100,65,96,117,187,164,98,110,165,112,113,138,26,116,35,30,120,178,47,122,151,160,125,126,127,54,0,190,144,40,139,105,135,23,13,179,73,87,95,137,16,94,133,103,172,148,185,123,121,152,132,153,140,70,68,62,159,162,161,184,75,108,28,166,102,168,169,76,171,177,44,163,175,143,93,145,136,4,181,22,12,43,59,48,104,196,141,7,191,64,42,194,115,41,197,146,188,];False
4343;9539;13882;[199,72,78,99,155,144,176,7,186,192,10,154,31,61,149,15,118,92,14,19,20,173,8,101,24,25,131,142,150,5,106,130,198,147,34,33,55,66,74,111,86,174,63,6,9,45,158,119,57,49,50,51,77,53,85,36,182,46,38,79,156,32,183,90,52,56,21,67,18,69,80,71,2,39,89,180,29,114,167,81,37,27,82,83,157,54,170,129,88,11,123,91,107,189,58,128,195,97,109,1,84,134,102,100,65,96,117,187,164,98,110,165,112,113,138,26,116,35,30,120,178,47,122,151,160,125,126,127,60,0,190,124,40,139,105,135,23,13,179,73,87,95,137,16,94,133,103,172,148,185,3,121,152,132,153,140,70,68,62,159,162,161,184,75,108,28,166,17,168,169,76,171,177,44,163,175,143,93,145,136,4,181,22,12,43,59,48,104,196,141,193,191,64,42,194,115,41,197,146,188,];False
4343;9538;13881;[199,72,78,99,155,124,176,7,186,192,10,154,31,61,185,15,118,92,14,19,20,173,8,101,24,25,131,142,150,5,106,130,198,147,34,33,55,66,74,39,86,174,63,6,9,45,158,119,57,49,50,51,77,53,85,36,182,46,38,79,156,32,183,90,52,56,21,67,18,69,80,71,2,111,166,180,29,114,167,81,37,27,82,83,157,54,170,129,88,11,123,91,107,189,58,128,195,97,109,73,84,134,102,100,65,96,117,187,164,98,110,165,112,113,138,26,116,35,30,120,178,47,122,151,160,125,126,127,60,0,190,144,40,139,105,135,23,13,179,1,87,95,137,16,94,133,103,172,148,149,3,121,152,132,153,140,70,68,62,159,162,161,184,75,108,28,89,17,168,169,76,171,177,44,163,175,143,93,145,136,4,181,22,12,43,59,48,104,196,141,193,191,64,42,194,115,41,197,146,188,];False
4347;9532;13879;[62,72,78,99,155,124,176,7,186,192,10,154,31,61,185,15,118,92,14,19,20,173,8,101,24,25,131,142,150,5,106,130,198,147,34,33,55,66,74,39,86,174,63,6,9,45,158,119,57,49,50,51,77,53,85,36,182,46,38,79,184,32,183,90,52,56,21,67,18,69,80,71,2,111,89,180,29,114,167,81,37,27,82,83,157,54,170,129,88,11,123,91,107,189,58,128,195,97,109,73,84,134,102,100,65,96,117,187,164,98,110,165,112,113,138,26,116,35,30,120,178,47,122,151,160,125,126,127,60,0,190,144,40,139,105,135,23,13,179,1,87,95,137,16,94,133,103,172,148,149,3,121,152,132,153,140,70,68,199,159,162,161,156,75,108,28,166,17,168,169,76,171,177,44,163,175,143,93,145,136,4,181,22,12,43,59,48,104,196,141,193,191,64,42,194,115,41,197,146,188,];False
4270;9607;13877;[199,72,78,99,155,124,176,193,186,192,10,154,31,61,149,64,118,92,14,19,20,173,8,101,24,25,131,142,150,5,106,130,198,147,34,33,55,66,74,111,86,174,63,6,9,45,158,119,57,49,50,51,77,53,85,36,182,46,38,79,156,32,183,90,52,56,21,67,18,69,80,71,2,109,89,180,29,114,167,81,37,27,82,83,157,54,170,129,88,11,3,91,107,189,58,128,195,97,39,1,84,134,17,100,65,96,117,187,164,98,110,165,112,113,138,26,116,35,30,120,178,47,122,151,160,125,126,127,60,0,190,144,40,139,105,135,23,13,179,73,87,95,137,16,94,133,103,172,148,185,123,121,152,132,153,140,70,68,62,159,162,161,184,75,108,28,166,102,168,169,76,171,177,44,163,175,143,93,145,136,4,181,22,12,43,59,48,104,196,141,7,191,15,42,194,115,41,197,146,188,];False
4269;9607;13876;[199,72,78,99,155,124,192,193,186,176,10,154,31,61,149,15,118,92,14,19,20,173,8,101,24,25,131,142,150,5,106,130,198,147,34,33,55,66,74,111,86,174,63,6,9,45,158,119,57,49,50,51,77,53,85,36,182,46,38,79,156,32,183,90,52,56,21,67,18,69,80,71,2,109,89,180,29,114,167,81,37,27,82,83,157,54,125,129,88,11,3,91,107,189,58,128,195,97,39,1,84,134,17,100,65,96,117,187,164,98,110,165,112,113,138,26,116,35,30,120,178,47,122,151,160,170,126,127,60,0,190,144,40,139,105,135,23,13,179,73,87,95,137,16,94,133,103,172,148,185,123,121,152,132,153,140,70,68,62,159,162,161,184,75,108,28,166,102,168,169,76,171,177,44,163,175,143,93,145,136,4,181,22,12,43,59,48,104,196,141,7,191,64,42,194,115,41,197,146,188,];False
4334;9542;13876;[199,72,78,99,155,124,176,7,186,192,10,154,31,61,149,15,118,92,14,19,20,173,8,101,24,25,168,142,150,5,106,130,198,147,34,33,55,66,74,111,86,174,63,6,9,45,158,119,57,49,50,51,77,53,85,36,182,46,38,79,156,32,183,90,52,56,21,67,18,69,80,71,2,39,89,180,29,114,167,81,37,27,82,83,157,54,170,129,88,11,123,91,107,189,58,128,195,97,109,1,84,134,102,100,65,96,117,187,164,98,110,165,112,113,138,26,116,35,30,120,178,47,122,151,160,125,126,127,60,0,190,144,40,139,105,135,23,13,179,73,87,95,137,16,94,133,103,172,148,185,3,121,152,132,153,140,70,68,62,159,162,161,184,75,108,28,166,17,131,169,76,171,177,44,163,175,143,93,145,136,4,181,22,12,43,59,48,104,196,141,193,191,64,42,194,115,41,197,146,188,];False
4376;9499;13875;[199,72,78,99,155,124,176,7,186,192,10,154,31,61,185,15,118,92,14,19,20,173,8,101,24,25,131,142,150,5,81,130,198,147,34,33,55,66,74,39,86,174,63,6,9,45,158,119,57,49,50,51,77,53,85,36,182,46,38,79,156,32,183,90,52,56,21,67,18,69,80,71,2,111,89,180,29,114,167,106,37,27,82,83,157,54,170,129,88,11,123,91,107,189,58,128,195,97,109,73,84,134,102,100,65,96,117,187,164,98,110,165,112,113,138,26,116,35,30,120,178,47,122,151,160,125,126,127,60,0,190,144,40,139,105,135,23,13,179,1,87,95,137,16,94,133,103,172,148,149,3,121,152,132,153,140,70,68,62,159,162,161,184,75,108,28,166,17,168,169,76,171,177,44,163,175,143,93,145,136,4,181,22,12,43,59,48,104,196,141,193,191,64,42,194,115,41,197,146,188,];False
4292;9583;13875;[199,72,78,99,155,124,176,7,186,192,10,154,31,61,149,15,118,92,14,19,20,173,8,101,24,25,131,142,150,5,106,130,198,147,34,33,55,66,74,111,86,174,63,6,9,45,158,119,57,49,50,51,77,53,85,36,182,46,38,79,156,32,194,90,52,56,21,67,18,69,80,71,2,39,89,180,29,114,167,81,37,27,82,83,157,54,170,129,88,11,123,91,107,189,58,128,195,97,109,1,84,134,102,100,65,96,117,187,164,98,110,165,112,113,138,26,116,35,30,120,178,47,122,151,160,125,126,127,60,0,190,144,40,139,105,135,23,13,179,73,87,95,137,16,94,133,103,172,148,185,3,121,152,132,153,140,70,68,62,159,162,161,184,75,108,28,166,17,168,169,76,171,177,44,163,175,143,93,145,136,4,181,22,12,43,59,48,104,196,141,193,191,64,42,183,115,41,197,146,188,];False
4343;9528;13871;[199,72,78,99,155,124,176,7,186,192,10,154,31,61,185,15,118,92,14,19,20,173,8,101,24,25,131,142,150,5,106,130,198,147,34,33,55,66,74,39,86,174,63,6,9,45,158,119,57,49,50,51,77,53,85,36,182,46,38,79,184,32,183,90,52,56,21,67,18,69,80,71,2,111,89,180,29,114,167,81,37,27,82,83,157,54,170,129,88,0,123,91,107,189,58,128,195,97,109,73,84,134,102,100,65,96,117,187,164,98,110,165,112,113,138,26,116,35,30,120,178,47,122,151,160,125,126,127,60,11,190,144,40,139,105,135,23,13,179,1,87,95,137,16,94,133,103,172,148,149,3,121,152,132,153,140,70,68,62,159,162,161,156,75,108,28,166,17,168,169,76,171,177,44,163,175,143,93,145,136,4,181,22,12,43,59,48,104,196,141,193,191,64,42,194,115,41,197,146,188,];False
4310;9557;13867;[199,72,78,99,155,124,176,7,186,192,10,154,31,61,185,15,118,92,14,19,20,173,8,101,24,25,131,142,150,5,106,130,198,3,34,33,55,66,74,39,86,174,63,6,9,45,158,119,57,49,50,51,77,53,85,36,182,46,38,79,156,32,183,90,52,56,21,67,18,69,80,71,2,111,89,180,29,114,167,81,37,27,82,83,157,54,170,129,88,11,123,91,107,189,58,128,195,97,109,73,84,134,102,100,65,96,117,187,164,98,110,165,112,113,138,26,116,35,30,120,178,47,122,151,160,125,126,127,60,0,190,144,40,139,105,135,23,13,179,1,87,95,137,16,94,133,103,172,148,149,147,121,152,132,153,140,70,68,62,159,162,161,184,75,108,28,166,17,168,169,76,171,177,44,163,175,143,93,145,136,4,181,22,12,43,59,48,104,196,141,193,191,64,42,194,115,41,197,146,188,];False
4310;9556;13866;[199,72,78,99,155,124,176,193,186,192,10,154,31,61,149,15,118,92,14,19,20,173,8,101,24,25,131,142,150,5,106,130,198,147,34,33,55,66,74,111,86,174,63,6,9,45,158,119,57,49,50,51,77,53,85,36,182,46,38,79,156,32,183,90,52,56,21,67,18,69,80,71,2,109,89,180,29,114,167,81,37,27,82,83,157,54,170,129,88,11,3,91,107,189,58,128,195,97,39,1,84,134,17,100,65,96,117,187,164,98,110,165,112,113,138,26,16,35,30,120,178,47,122,151,160,125,126,127,60,0,190,144,40,139,105,135,23,13,179,73,87,95,137,116,94,133,103,172,148,185,123,121,152,132,153,140,70,68,62,159,162,161,184,75,108,28,166,102,168,169,76,171,177,44,163,175,143,93,145,136,4,181,22,12,43,59,48,104,196,141,7,191,64,42,194,115,41,197,146,188,];False
4349;9517;13866;[199,72,78,99,155,124,176,7,186,192,10,154,31,61,185,15,118,92,14,19,20,173,8,101,24,25,131,142,150,5,106,130,198,147,34,33,55,66,74,39,86,174,63,6,9,45,158,119,57,49,50,51,77,53,85,36,182,46,38,79,184,32,183,90,52,56,21,67,18,149,80,71,2,111,89,180,29,114,167,81,37,27,82,83,157,54,170,129,88,11,123,91,107,189,58,128,195,97,109,73,84,134,102,100,65,96,117,187,164,98,110,165,112,113,138,26,116,35,30,120,178,47,122,151,160,125,126,127,60,0,190,144,40,139,105,135,23,13,179,1,87,95,137,16,94,133,103,172,148,69,3,121,152,132,153,140,70,68,62,159,162,161,156,75,108,28,166,17,168,169,76,171,177,44,163,175,143,93,145,136,4,181,22,12,43,59,48,104,196,141,193,191,64,42,194,115,41,197,146,188,];False
4290;9574;13864;[199,72,78,99,155,124,176,193,186,192,10,154,31,61,149,54,118,92,14,19,20,173,8,101,24,25,131,142,150,5,106,130,198,147,34,33,55,66,74,111,86,174,63,6,9,45,158,119,57,49,50,51,77,53,85,36,182,46,38,79,156,32,183,90,52,56,21,67,18,69,80,71,2,39,89,180,29,114,167,81,37,27,82,83,157,15,170,129,88,11,3,91,107,189,58,128,195,97,109,1,84,134,102,100,65,96,117,187,164,98,110,165,112,113,138,26,116,35,30,120,178,47,122,151,160,125,126,127,60,0,190,144,40,139,105,135,23,13,179,73,87,95,137,16,94,133,103,172,148,185,123,121,152,132,153,140,70,68,62,159,162,161,184,75,108,28,166,17,168,169,76,171,177,44,163,175,143,93,145,136,4,181,22,12,43,59,48,104,196,141,7,191,64,42,194,115,41,197,146,188,];False
4246;9616;13862;[199,72,78,99,155,124,176,193,186,192,10,154,31,61,149,15,118,92,14,19,20,173,8,101,24,25,131,142,150,5,106,130,198,147,34,33,55,66,74,111,86,174,63,6,9,45,158,119,57,49,50,51,77,53,85,36,182,46,38,79,93,32,183,90,52,56,21,67,18,69,80,71,2,109,89,180,29,114,167,81,37,27,82,83,157,54,125,129,88,11,3,91,107,189,58,128,195,97,39,1,84,134,17,100,65,96,117,187,164,98,110,165,112,113,138,26,116,35,30,120,178,47,122,151,160,170,126,127,60,0,190,144,40,184,105,135,23,13,179,73,87,95,137,16,94,133,103,172,148,185,123,121,152,132,153,140,70,68,62,159,162,161,139,75,108,28,166,102,168,169,76,171,177,44,163,175,143,156,145,136,4,181,22,12,43,59,48,104,196,141,7,191,64,42,194,115,41,197,146,188,];False
4335;9524;13859;[199,72,78,99,155,124,176,7,186,192,10,154,31,61,185,15,118,92,14,19,20,173,8,101,24,25,131,142,150,5,106,130,198,147,34,33,55,66,74,39,86,174,63,6,9,45,158,119,57,49,50,51,77,53,85,36,182,27,38,79,156,32,183,90,52,56,21,67,18,69,80,71,2,111,89,180,29,114,167,81,37,46,82,83,157,54,170,129,88,11,123,91,107,189,58,128,195,97,109,73,84,134,102,100,65,96,117,187,164,98,110,165,112,113,138,26,116,35,30,120,178,47,122,151,160,125,126,127,60,0,190,144,40,139,105,135,23,13,179,1,87,95,137,16,94,133,103,172,148,149,3,121,152,132,153,140,70,68,62,159,162,161,184,75,108,28,166,17,168,169,76,171,177,44,163,175,143,93,145,136,4,181,22,12,43,59,48,104,196,141,193,191,64,42,194,115,41,197,146,188,];False
4317;9540;13857;[199,72,78,99,155,124,176,193,186,192,10,154,31,61,149,15,118,92,14,19,20,173,8,93,24,25,131,142,150,5,63,130,198,147,34,33,55,66,74,111,86,174,106,6,9,45,158,119,57,49,50,51,77,53,85,36,182,46,38,79,190,32,183,90,52,56,21,67,18,69,80,71,2,109,89,180,29,114,167,81,37,27,82,83,157,54,125,129,88,11,3,91,107,189,58,128,195,97,39,1,84,134,17,100,65,96,117,187,164,98,110,165,112,113,138,26,116,35,30,120,178,47,122,151,160,170,126,127,60,0,101,144,40,139,105,135,23,13,179,73,87,95,137,16,94,133,103,172,148,185,123,121,152,132,153,140,70,68,62,159,162,161,184,75,108,28,166,102,168,169,76,171,177,44,163,175,143,156,145,136,4,181,22,12,43,59,48,104,196,141,7,191,64,42,194,115,41,197,146,188,];False
4326;9530;13856;[199,72,78,99,155,124,29,7,186,192,10,154,31,61,149,15,118,92,14,19,20,173,8,101,24,25,131,142,150,5,106,130,198,147,34,33,55,66,74,111,86,174,63,6,9,45,158,119,57,49,50,51,77,53,85,36,182,46,38,79,156,32,183,90,52,56,21,67,18,69,80,71,2,39,89,180,176,114,167,81,37,27,82,83,157,54,170,129,88,11,123,91,107,189,58,128,195,97,109,1,84,134,102,100,65,96,117,187,164,98,110,165,112,113,138,26,116,35,30,120,178,47,122,151,160,125,126,127,60,0,190,144,40,139,105,135,23,13,179,73,87,95,137,16,94,133,103,172,148,185,3,121,152,132,153,140,70,68,62,159,162,161,184,75,108,28,166,17,168,169,76,171,177,44,163,175,143,93,145,136,4,181,22,12,43,59,48,104,196,141,193,191,64,42,194,115,41,197,146,188,];False
4307;9548;13855;[199,72,78,99,155,124,176,7,186,192,10,154,31,61,185,15,118,92,14,19,20,173,8,101,24,25,131,142,150,5,106,130,198,147,34,33,55,66,74,39,86,174,63,6,9,45,158,119,57,49,50,51,77,53,85,36,182,46,38,79,156,32,183,90,52,56,21,67,18,69,80,71,2,111,89,180,29,114,167,81,37,27,82,83,157,54,170,129,88,11,123,91,107,189,58,128,195,97,109,73,84,134,102,100,65,96,117,187,164,113,110,165,112,98,138,26,116,35,30,120,178,47,122,151,160,125,126,127,60,0,190,144,40,139,105,135,23,13,179,1,87,95,137,16,94,133,103,172,148,149,3,121,152,132,153,140,70,68,62,159,162,161,184,75,108,28,166,17,168,169,76,171,177,44,163,175,143,93,145,136,4,181,22,12,43,59,48,104,196,141,193,191,64,42,194,115,41,197,146,188,];False
4231;9622;13853;[199,72,78,99,91,124,176,193,186,192,10,154,31,61,149,15,118,92,14,19,20,173,8,101,24,25,131,142,150,5,106,130,198,147,34,33,55,66,74,111,86,174,63,6,9,45,158,119,57,49,50,51,77,53,85,36,182,46,38,79,156,32,183,90,52,56,21,67,18,69,80,71,2,109,89,180,29,114,167,81,37,27,82,83,157,54,170,129,88,11,3,155,107,189,58,128,195,97,39,1,84,134,17,100,65,96,117,187,164,98,110,165,112,113,138,26,116,35,30,120,178,47,122,151,160,125,126,127,60,0,190,144,40,139,105,135,23,13,179,73,87,95,137,16,94,133,103,172,148,185,123,121,152,132,153,140,70,68,62,159,162,161,184,75,108,28,166,102,168,169,76,171,177,44,163,175,143,93,145,136,4,181,22,12,43,59,48,104,196,141,7,191,64,42,194,115,41,197,146,188,];False
4283;9569;13852;[199,72,78,99,155,124,176,193,186,192,10,154,31,61,149,15,118,92,14,19,20,173,8,101,24,25,131,142,150,5,106,130,198,147,34,33,55,66,74,111,86,174,63,6,9,45,158,119,57,49,50,51,77,53,85,36,182,46,38,79,156,32,183,90,52,56,21,67,18,69,80,71,2,109,89,180,29,114,167,94,37,27,82,83,157,54,170,129,88,11,3,91,107,189,58,128,195,97,39,1,84,134,17,100,65,96,117,187,164,98,110,165,112,113,138,26,116,35,30,120,178,47,122,151,160,125,126,127,60,0,190,144,40,139,105,135,23,13,179,73,87,95,137,16,81,133,103,172,148,185,123,121,152,132,153,140,70,68,62,159,162,161,184,75,108,28,166,102,168,169,76,171,177,44,163,175,143,93,145,136,4,181,22,12,43,59,48,104,196,141,7,191,64,42,194,115,41,197,146,188,];False
4280;9571;13851;[199,72,78,99,155,124,176,193,186,192,10,154,31,61,149,15,118,92,14,19,20,173,8,101,24,25,131,142,150,5,106,130,198,147,34,33,55,66,74,111,86,174,63,6,9,45,158,119,57,49,50,51,77,53,85,36,182,46,38,79,156,32,183,90,52,56,21,67,18,69,80,71,2,109,89,180,29,114,167,81,37,27,82,83,164,54,170,129,88,11,3,91,107,189,58,128,195,97,39,1,84,134,17,100,65,96,117,187,157,98,110,165,112,113,138,26,116,35,30,120,178,47,122,151,160,125,126,127,60,0,190,144,40,139,105,135,23,13,179,73,87,95,137,16,94,133,103,172,148,185,123,121,152,132,153,140,70,68,62,159,162,161,184,75,108,28,166,102,168,169,76,171,177,44,163,175,143,93,145,136,4,181,22,12,43,59,48,104,196,141,7,191,64,42,194,115,41,197,146,188,];False
4300;9550;13850;[199,72,78,99,155,124,176,7,186,192,10,154,31,61,185,15,118,92,14,19,20,173,8,101,24,25,131,142,150,5,106,130,198,147,34,33,55,66,74,39,86,174,63,6,9,45,158,119,57,49,50,51,77,53,85,36,182,46,38,79,156,32,183,90,52,56,21,67,18,69,80,71,2,111,89,180,29,114,167,81,37,27,82,83,157,54,170,129,88,11,123,91,107,189,58,128,195,97,109,73,84,134,102,100,65,96,117,187,164,98,110,165,112,113,138,26,116,35,30,120,178,47,122,151,160,125,126,127,60,0,190,144,40,139,105,135,23,13,179,1,87,95,137,16,94,133,103,172,148,149,3,121,152,132,153,140,70,68,62,159,162,161,184,75,108,28,166,17,168,169,76,171,177,44,163,175,143,93,145,136,4,181,22,12,43,59,48,104,196,141,193,191,64,42,194,115,41,197,146,188,];False
4240;9610;13850;[199,72,78,99,155,124,176,193,186,192,10,154,31,61,104,15,118,92,14,19,20,173,8,101,24,25,131,142,150,5,106,130,198,147,34,33,55,66,74,111,86,174,63,6,9,45,158,119,57,49,50,51,77,53,85,36,182,46,38,79,156,32,183,90,52,56,21,67,18,69,80,71,2,109,89,180,29,114,167,81,37,27,82,83,157,54,125,129,88,11,3,91,107,189,58,128,195,97,39,1,84,134,17,100,65,96,117,187,164,98,110,165,112,113,138,26,116,35,30,120,178,47,122,151,160,170,126,127,60,0,190,144,40,139,105,135,23,13,179,73,87,95,137,16,94,133,103,172,148,185,123,121,152,132,153,140,70,68,62,159,162,161,184,75,108,28,166,102,168,169,76,171,177,44,163,175,143,93,145,136,4,181,22,12,43,59,48,149,196,141,7,191,64,42,194,115,41,197,146,188,];False
4305;9543;13848;[199,72,78,99,155,124,176,193,142,192,10,154,31,61,149,15,118,92,14,19,20,173,8,101,24,25,131,186,150,5,106,130,198,147,34,33,55,66,74,111,86,174,63,6,9,45,158,119,57,49,50,51,77,53,85,36,182,46,38,79,156,32,183,90,52,56,21,67,18,69,80,71,2,39,89,180,29,114,167,81,37,27,82,83,157,54,170,129,88,11,3,91,107,189,58,128,195,97,109,1,84,134,102,100,65,96,117,187,164,98,110,165,112,113,138,26,116,35,30,120,178,47,122,151,160,125,126,127,60,0,190,144,40,139,105,135,23,13,179,73,87,95,137,16,94,133,103,172,148,185,123,121,152,132,153,140,70,68,62,159,162,161,184,75,108,28,166,17,168,169,76,171,177,44,163,175,143,93,145,136,4,181,22,12,43,59,48,104,196,141,7,191,64,42,194,115,41,197,146,188,];False
4315;9532;13847;[199,72,78,99,155,124,176,7,186,192,10,154,31,61,185,15,118,92,14,19,20,173,8,101,24,25,131,142,150,5,106,130,198,147,34,33,55,66,74,39,86,174,63,6,9,45,158,119,57,49,50,51,77,53,85,36,182,46,38,79,156,32,183,90,52,56,21,67,18,69,80,71,1,111,89,180,29,114,167,81,37,27,82,83,157,54,170,129,88,11,123,91,107,189,58,128,195,97,109,73,84,134,102,100,65,96,117,187,164,98,110,165,112,113,138,26,116,35,30,120,178,47,122,151,160,125,126,127,60,0,190,144,40,139,105,135,23,13,179,2,87,95,137,16,94,133,103,172,148,149,3,121,152,132,153,140,70,68,62,159,162,161,184,75,108,28,166,17,168,169,76,171,177,44,163,175,143,93,145,136,4,181,22,12,43,59,48,104,196,141,193,191,64,42,194,115,41,197,146,188,];False
4304;9539;13843;[199,72,78,99,155,124,176,7,186,192,10,154,31,61,185,15,118,92,14,19,20,173,8,101,24,25,131,142,150,5,106,130,198,147,34,33,55,66,74,39,86,174,63,6,9,45,158,119,57,49,50,51,77,53,85,36,182,46,38,79,184,32,183,90,52,56,21,67,18,69,80,71,2,111,89,180,29,114,167,81,37,27,82,83,157,54,170,129,88,11,123,91,107,189,58,128,195,97,109,73,84,134,102,100,65,96,117,187,164,98,110,165,112,113,138,26,116,35,30,120,178,47,122,151,160,125,126,127,60,0,190,144,40,139,105,135,23,13,179,1,87,95,137,16,94,133,103,172,148,149,3,121,152,132,153,140,70,68,62,159,162,161,156,75,108,28,166,17,168,169,76,171,177,44,163,175,143,93,145,136,4,181,22,12,43,59,48,104,196,141,193,191,64,42,194,115,41,197,146,188,];False
4288;9555;13843;[199,72,78,99,155,124,176,193,186,192,10,179,31,61,149,15,118,92,14,19,20,173,8,93,24,25,131,142,150,5,106,130,198,147,34,33,55,66,74,111,86,174,63,6,9,45,158,119,57,49,50,51,77,53,85,36,182,46,38,79,190,32,183,90,52,56,21,67,18,69,80,71,2,109,89,180,29,114,167,81,37,27,82,83,157,54,125,129,88,11,3,91,107,189,58,128,195,97,39,1,84,134,17,100,65,96,117,187,164,98,110,165,112,113,138,26,116,35,30,120,178,47,122,151,160,170,126,127,60,0,101,144,40,139,105,135,23,13,154,73,87,95,137,16,94,133,103,172,148,185,123,121,152,132,153,140,70,68,62,159,162,161,184,75,108,28,166,102,168,169,76,171,177,44,163,175,143,156,145,136,4,181,22,12,43,59,48,104,196,141,7,191,64,42,194,115,41,197,146,188,];False
4321;9518;13839;[199,72,78,99,155,124,176,193,186,192,10,154,31,61,149,15,118,92,14,19,20,173,8,101,24,25,131,142,150,5,106,130,198,147,34,33,55,66,74,111,86,174,63,6,9,45,158,119,57,49,50,51,77,53,85,36,182,46,38,79,156,32,183,90,52,56,21,67,18,69,80,71,2,39,89,180,29,114,167,81,37,27,82,83,157,54,170,129,88,11,3,91,107,189,58,128,195,97,109,1,84,134,102,100,65,96,117,187,164,98,110,165,112,113,138,26,116,35,30,120,178,47,122,151,160,125,126,127,60,0,190,144,40,139,105,135,23,13,179,73,87,95,137,16,94,133,103,172,148,185,123,121,152,132,28,140,70,68,62,159,162,161,184,75,108,153,166,17,168,169,76,171,177,44,163,175,143,93,145,136,4,181,22,12,43,59,48,104,196,141,7,191,64,42,194,115,41,197,146,188,];False
4257;9582;13839;[199,72,78,99,155,124,176,193,186,192,10,154,31,61,149,15,118,92,14,19,20,173,8,101,24,25,131,142,150,5,106,60,198,147,34,33,55,66,74,111,86,174,63,6,9,45,158,119,57,49,50,51,77,53,85,36,182,46,38,79,156,32,183,90,52,56,21,67,18,69,80,71,2,39,89,180,29,114,167,81,37,27,82,83,157,54,170,129,88,11,3,91,107,189,58,128,195,97,109,1,84,134,102,100,65,96,117,187,164,98,110,165,112,113,138,26,116,35,30,120,178,47,122,151,160,125,126,127,130,0,190,144,40,139,105,135,23,13,179,73,87,95,137,16,94,133,103,172,148,185,123,121,152,132,153,140,70,68,62,159,162,161,184,75,108,28,166,17,168,169,76,171,177,44,163,175,143,93,145,136,4,181,22,12,43,59,48,104,196,141,7,191,64,42,194,115,41,197,146,188,];False
4244;9591;13835;[199,72,78,99,155,124,176,193,186,192,10,154,31,61,149,15,118,92,14,19,20,173,8,101,24,25,131,182,150,5,106,130,198,147,34,33,55,66,74,111,86,174,63,6,9,45,158,119,57,49,50,51,77,53,85,36,142,46,38,79,93,32,183,90,52,56,21,67,18,69,80,71,2,109,89,180,29,114,167,81,37,27,82,83,157,54,125,129,88,11,3,91,107,189,58,128,195,97,39,1,84,134,17,100,65,96,117,187,164,98,110,165,112,113,138,26,116,35,30,120,178,47,122,151,160,170,126,127,60,0,190,144,40,139,105,135,23,13,179,73,87,95,137,16,94,133,103,172,148,185,123,121,152,132,153,140,70,68,62,159,162,161,184,75,108,28,166,102,168,169,76,171,177,44,163,175,143,156,145,136,4,181,22,12,43,59,48,104,196,141,7,191,64,42,194,115,41,197,146,188,];False
4263;9567;13830;[199,72,78,99,155,124,176,193,186,192,10,154,31,61,149,15,118,92,14,19,20,173,8,101,174,25,131,142,150,5,106,130,198,147,34,33,55,66,74,111,86,24,63,6,9,45,158,119,57,49,50,51,77,53,85,36,182,46,38,79,156,32,183,90,52,56,21,67,18,69,80,71,2,109,89,180,29,114,167,81,37,27,82,83,157,54,170,129,88,11,3,91,107,189,58,128,195,97,39,1,84,134,17,100,65,96,117,187,164,98,110,165,112,113,138,26,116,35,30,120,178,47,122,151,160,125,126,127,60,0,190,144,40,139,105,135,23,13,179,73,87,95,137,16,94,133,103,172,148,185,123,121,152,132,153,140,70,68,62,159,162,161,184,75,108,28,166,102,168,169,76,171,177,44,163,175,143,93,145,136,4,181,22,12,43,59,48,104,196,141,7,191,64,42,194,115,41,197,146,188,];False
4294;9535;13829;[199,72,78,99,155,124,176,193,186,192,10,154,31,61,149,15,118,92,14,19,20,173,8,93,24,25,131,142,150,5,106,130,198,147,34,33,55,66,74,111,86,174,63,6,9,45,29,119,57,49,50,51,77,53,85,36,182,46,38,79,190,32,183,90,52,56,21,67,18,69,80,71,2,109,89,180,158,114,167,81,37,27,82,83,157,54,125,129,88,11,3,91,107,189,58,128,195,97,39,1,84,134,17,100,65,96,117,187,164,98,110,165,112,113,138,26,116,35,30,120,178,47,122,151,160,170,126,127,60,0,101,144,40,139,105,135,23,13,179,73,87,95,137,16,94,133,103,172,148,185,123,121,152,132,153,140,70,68,62,159,104,161,184,75,108,28,166,102,168,169,76,171,177,44,163,175,143,156,145,136,4,181,22,12,43,59,48,162,196,141,7,191,64,42,194,115,41,197,146,188,];False
4297;9532;13829;[199,72,78,99,155,124,176,7,186,192,10,154,31,61,149,15,118,92,14,19,20,173,8,101,24,25,131,142,150,5,106,130,198,147,34,33,55,66,74,111,86,174,63,6,9,45,158,119,57,49,50,51,77,53,85,36,182,46,38,79,156,32,183,90,52,56,21,67,18,69,80,71,2,39,89,180,29,114,167,81,37,27,82,83,157,54,170,129,88,11,123,91,107,189,58,128,195,97,109,1,84,134,102,100,65,96,117,187,164,98,110,165,112,113,138,26,116,35,30,120,178,47,122,151,160,125,126,127,60,0,190,144,40,139,105,135,23,13,179,73,87,95,137,16,94,133,103,172,148,185,3,121,152,132,153,140,70,68,62,159,162,161,184,17,108,28,166,75,168,169,76,171,177,44,163,175,143,93,145,136,4,181,22,12,43,59,48,104,196,141,193,191,64,42,194,115,41,197,146,188,];False
4217;9610;13827;[199,72,78,99,155,124,176,193,186,192,10,154,31,61,149,15,118,92,14,19,20,173,8,101,24,25,131,142,150,5,106,130,198,147,34,33,55,66,74,111,86,174,63,6,9,45,158,119,57,49,50,51,77,53,85,36,182,46,38,79,156,32,183,90,52,56,21,67,18,69,80,71,2,109,89,180,29,114,167,81,37,27,82,83,157,54,125,129,88,11,3,91,107,189,58,128,195,97,39,1,84,134,17,100,65,96,117,187,164,98,110,165,112,113,138,26,116,35,30,120,178,47,122,151,160,170,126,127,60,0,190,144,40,139,105,135,23,13,179,73,87,95,137,16,94,133,103,172,148,185,123,121,152,132,153,140,70,68,62,159,162,161,184,75,108,28,166,102,168,169,76,171,177,44,163,175,143,93,145,136,4,181,22,12,43,59,48,104,196,141,41,191,64,42,194,115,7,197,146,188,];False
4254;9571;13825;[199,72,78,99,155,124,176,7,186,192,10,154,31,61,149,15,118,92,14,19,20,173,8,101,24,25,131,142,150,5,106,130,198,147,34,33,55,66,74,39,86,174,63,6,9,45,158,119,57,49,50,51,77,53,85,36,182,46,38,79,156,32,183,90,52,56,21,67,18,69,80,71,2,111,89,180,29,114,167,81,37,27,82,83,157,54,170,129,88,11,123,91,107,189,58,128,195,97,109,1,84,134,102,100,65,96,117,187,164,98,110,165,112,113,138,26,116,35,30,120,178,47,122,151,160,125,126,127,60,0,190,144,40,139,105,135,23,13,179,73,87,95,137,16,94,133,103,172,148,185,3,121,152,132,153,140,70,68,62,159,162,161,184,75,108,28,166,17,168,169,76,171,177,44,163,175,143,93,145,136,4,181,22,12,43,59,48,104,196,141,193,191,64,42,194,115,41,197,146,188,];False
4249;9572;13821;[199,72,78,99,155,124,176,54,186,192,10,154,31,61,149,15,118,92,14,19,20,173,8,101,24,25,131,142,150,5,106,130,198,147,34,33,55,66,74,111,86,174,63,6,9,45,158,119,57,49,50,51,77,53,85,36,182,46,38,79,93,32,183,90,52,56,21,67,18,69,80,71,2,109,89,180,29,114,167,81,37,27,82,83,157,193,125,129,88,11,3,91,107,189,58,128,195,97,39,1,84,134,17,100,65,96,117,187,164,98,110,165,112,113,138,26,116,35,30,120,178,47,122,151,160,170,126,127,60,0,190,144,40,139,105,135,23,13,179,73,87,95,137,16,94,133,103,172,148,185,123,121,152,132,153,140,70,68,62,159,162,161,184,75,108,28,166,102,168,169,76,171,177,44,163,175,143,156,145,136,4,181,22,12,43,59,48,104,196,141,7,191,64,42,194,115,41,197,146,188,];False
4274;9544;13818;[199,72,78,99,155,124,176,7,186,192,10,154,31,61,149,180,118,92,14,19,20,173,8,101,24,25,131,142,150,5,106,130,198,147,34,33,55,66,74,39,86,174,63,6,9,45,158,119,57,49,50,51,77,53,85,36,182,46,38,79,156,32,183,90,52,56,21,67,18,69,80,71,2,111,89,15,29,114,167,81,37,27,82,83,157,54,170,129,88,11,123,91,107,189,58,128,195,97,109,1,84,134,102,100,65,96,117,187,164,98,110,165,112,113,138,26,116,35,30,120,178,47,122,151,160,125,126,127,60,0,190,144,40,139,105,135,23,13,179,73,87,95,137,16,94,133,103,172,148,185,3,121,152,132,153,140,70,68,62,159,162,161,184,75,108,28,166,17,168,169,76,171,177,44,163,175,143,93,145,136,4,181,22,12,43,59,48,104,196,141,193,191,64,42,194,115,41,197,146,188,];False
4232;9585;13817;[199,72,78,99,155,124,176,193,186,192,10,154,31,61,149,15,118,92,14,19,20,173,8,101,24,25,131,142,150,5,106,130,198,147,34,33,55,66,74,111,86,174,63,6,9,90,158,119,57,49,50,51,77,53,85,36,182,46,38,79,156,32,183,45,52,56,21,67,18,69,80,71,2,109,89,180,29,114,167,81,37,27,82,83,157,54,125,129,88,11,3,91,107,189,58,128,195,97,39,1,84,134,17,100,65,96,117,187,164,98,110,165,112,113,138,26,116,35,30,120,178,47,122,151,160,170,126,127,60,0,190,144,40,139,105,135,23,13,179,73,87,95,137,16,94,133,103,172,148,185,123,121,152,132,153,140,70,68,62,159,162,161,184,75,108,28,166,102,168,169,76,171,177,44,163,175,143,93,145,136,4,181,22,12,43,59,48,104,196,141,7,191,64,42,194,115,41,197,146,188,];False
4244;9573;13817;[199,72,78,99,155,124,176,193,186,192,10,154,31,61,149,15,118,92,14,19,20,173,8,93,24,25,131,142,150,5,106,130,198,147,34,33,55,66,74,138,86,174,63,6,9,45,29,119,57,49,50,51,77,53,85,36,182,46,38,79,190,32,183,90,52,56,21,67,18,69,80,71,2,109,89,180,158,114,167,81,37,27,82,83,157,54,125,129,88,11,3,91,107,189,58,128,195,97,126,1,84,134,17,100,65,96,117,187,164,98,110,165,112,113,111,26,116,35,95,120,178,47,168,151,160,170,39,127,122,0,101,144,40,139,105,135,23,13,179,73,87,30,137,16,94,133,103,172,148,185,123,121,152,132,153,140,70,68,62,159,162,161,184,75,108,28,166,102,60,169,76,171,177,44,163,175,143,156,145,136,4,181,22,12,43,59,48,104,196,141,7,191,64,42,194,115,41,197,146,188,];False
4259;9553;13812;[199,72,78,99,155,124,176,7,186,192,10,154,31,61,149,15,118,92,14,19,20,173,8,101,24,25,131,142,150,5,106,130,198,147,34,33,55,66,74,39,86,174,63,6,9,45,158,119,57,49,50,51,77,53,85,36,182,46,38,79,156,32,183,90,52,56,21,67,18,69,80,71,2,111,89,180,29,114,167,81,37,27,82,83,157,54,170,129,88,11,123,91,107,189,58,128,195,97,109,1,84,134,102,100,65,96,117,187,164,98,110,165,112,113,138,26,116,35,30,120,178,47,122,151,160,125,126,127,60,0,62,144,40,139,105,135,23,13,179,73,87,95,137,16,94,133,103,172,148,185,3,121,152,132,153,140,70,68,190,159,162,161,184,75,108,28,166,17,168,169,76,171,177,44,163,175,143,93,145,136,4,181,22,12,43,59,48,104,196,141,193,191,64,42,194,115,41,197,146,188,];False
4192;9619;13811;[199,72,78,99,155,124,176,193,186,90,10,154,31,61,149,15,118,92,14,19,20,173,8,101,24,25,131,142,150,5,106,130,198,147,34,33,55,66,74,111,86,174,63,6,9,45,158,119,57,49,50,51,77,53,85,36,182,46,38,79,93,32,183,192,52,56,21,67,18,69,80,71,2,109,89,180,29,114,167,81,37,27,82,83,157,54,125,129,88,11,3,91,107,189,58,128,195,97,39,1,84,134,17,100,65,96,117,187,164,98,110,165,112,113,138,26,116,35,30,120,178,47,122,151,160,170,126,127,60,0,190,144,40,139,105,135,23,13,179,73,87,95,137,16,94,133,103,172,148,185,123,121,152,132,153,140,70,68,62,159,162,161,184,75,108,28,166,102,168,169,76,171,177,44,163,175,143,156,145,136,4,181,22,12,43,59,48,104,196,141,7,191,64,42,194,115,41,197,146,188,];False
4189;9622;13811;[199,72,78,99,155,124,176,193,186,192,10,154,31,61,149,15,118,92,14,19,20,173,8,101,24,25,131,142,150,5,106,130,198,147,34,33,55,66,74,111,86,174,63,6,9,45,158,119,57,49,50,51,77,53,85,36,182,46,38,79,156,32,183,90,52,56,21,67,18,69,80,71,2,109,89,180,29,114,167,81,37,27,82,83,157,54,125,129,88,11,3,91,107,189,58,128,195,97,39,1,84,134,17,100,65,96,117,187,164,98,197,165,112,113,138,26,116,35,30,120,178,47,122,151,160,170,126,127,60,0,190,144,40,139,105,135,23,13,179,73,87,95,137,16,94,133,103,172,148,185,123,121,152,132,153,140,70,68,62,159,162,161,184,75,108,28,166,102,168,169,76,171,177,44,163,175,143,93,145,136,4,181,22,12,43,59,48,104,196,141,7,191,64,42,194,115,41,110,146,188,];False
4284;9526;13810;[199,72,78,99,155,124,176,193,186,192,10,154,31,61,149,15,118,92,14,19,20,173,8,101,24,25,131,142,150,5,106,130,198,147,34,33,55,66,74,111,86,174,187,6,9,45,158,119,57,49,50,51,77,53,85,36,182,46,38,79,156,32,183,90,52,56,21,67,18,69,80,71,2,39,89,180,29,114,167,81,37,27,82,83,157,54,170,129,88,11,3,91,107,189,58,128,195,97,109,1,84,134,102,100,65,96,117,63,164,98,110,165,112,113,138,26,116,35,30,120,178,47,122,151,160,125,126,127,60,0,190,144,40,139,105,135,23,13,179,73,87,95,137,16,94,133,103,172,148,185,123,121,152,132,153,140,70,68,62,159,162,161,184,75,108,28,166,17,168,169,76,171,177,44,163,175,143,93,145,136,4,181,22,12,43,59,48,104,196,141,7,191,64,42,194,115,41,197,146,188,];False
4238;9572;13810;[199,72,78,99,155,124,176,193,186,192,10,154,50,61,149,15,118,92,14,19,20,173,8,101,24,25,131,142,150,5,106,130,198,147,34,33,55,66,74,111,86,174,63,6,9,45,158,119,57,49,31,51,77,53,85,36,182,46,38,79,156,32,183,90,52,56,21,67,18,69,80,71,2,109,89,180,29,114,167,81,37,27,82,83,157,54,170,129,88,11,3,91,107,189,58,128,195,97,39,1,84,134,17,100,65,96,117,187,164,98,110,165,112,113,138,26,116,35,30,120,178,47,122,151,160,125,126,127,60,0,190,144,40,139,105,135,23,13,179,73,87,95,137,16,94,133,103,172,148,185,123,121,152,132,153,140,70,68,62,159,162,161,184,75,108,28,166,102,168,169,76,171,177,44,163,175,143,93,145,136,4,181,22,12,43,59,48,104,196,141,7,191,64,42,194,115,41,197,146,188,];False
4176;9633;13809;[199,72,78,99,155,124,176,193,186,192,10,154,31,61,149,15,118,92,14,19,20,173,8,93,24,25,131,142,150,5,106,130,198,147,34,33,55,66,74,138,86,174,63,6,9,45,29,119,57,49,50,51,77,53,85,36,182,46,38,79,190,32,76,90,52,56,21,67,18,69,80,71,2,109,89,180,158,114,167,81,37,27,82,83,157,54,125,129,88,11,3,91,107,189,58,128,195,97,126,1,84,134,17,100,65,96,117,187,164,98,110,165,112,113,111,26,116,35,95,120,178,47,60,151,160,170,39,127,122,0,101,144,40,139,105,135,23,13,179,73,87,30,137,16,94,133,103,172,148,185,123,121,152,132,153,140,70,68,62,159,162,161,184,75,108,28,166,102,168,169,183,171,177,44,163,175,143,156,145,136,4,181,22,12,43,59,48,104,196,141,7,191,64,42,194,115,41,197,146,188,];False
4251;9557;13808;[199,72,78,99,155,124,176,193,186,192,10,51,31,61,149,15,118,92,14,19,20,173,8,101,24,25,131,142,150,5,106,130,198,147,34,33,55,66,74,111,86,174,63,6,9,45,158,119,57,49,50,154,77,53,85,36,182,46,38,79,156,32,183,90,52,56,21,67,18,69,80,71,2,109,89,180,29,114,167,81,37,27,82,83,157,54,125,129,88,11,3,91,107,189,58,128,195,97,39,1,84,134,17,100,65,96,117,187,164,98,110,165,112,113,138,26,116,35,30,120,178,47,122,151,160,170,126,127,60,0,190,144,40,139,105,135,23,13,179,73,87,95,137,16,94,133,103,172,148,185,123,121,152,132,153,140,70,68,62,159,162,161,184,75,108,28,166,102,168,169,76,171,177,44,163,175,143,93,145,136,4,181,22,12,43,59,48,104,196,141,7,191,64,42,194,115,41,197,146,188,];False
4242;9565;13807;[199,72,78,99,155,124,176,193,186,192,10,154,31,61,149,15,118,92,14,19,20,173,8,101,24,25,131,142,150,5,106,130,198,147,34,33,55,66,74,111,86,174,63,6,9,45,158,119,57,49,50,51,77,53,85,36,182,46,38,79,156,32,183,90,52,56,21,67,18,69,80,71,2,109,89,180,29,114,167,81,37,27,82,83,157,54,125,129,88,11,3,91,107,189,58,128,195,97,39,1,84,134,17,100,65,96,117,187,164,98,110,137,112,113,138,26,116,35,30,120,178,47,122,151,160,170,126,127,60,0,190,144,40,139,105,135,23,13,179,73,87,95,165,16,94,133,103,172,148,185,123,121,152,132,153,140,70,68,62,159,162,161,184,75,108,28,166,102,168,169,76,171,177,44,163,175,143,93,145,136,4,181,22,12,43,59,48,104,196,141,7,191,64,42,194,115,41,197,146,188,];False
4190;9614;13804;[199,72,78,99,155,124,176,193,186,192,10,154,31,61,149,15,118,92,14,19,20,173,8,101,24,25,131,142,150,5,106,130,198,147,34,33,3,66,74,111,86,174,63,6,9,45,158,119,57,49,50,51,77,53,85,36,182,46,38,79,156,32,183,90,52,56,21,67,18,69,80,71,2,109,89,180,29,114,167,81,37,27,82,83,157,54,125,129,88,11,55,91,107,189,58,128,195,97,39,1,84,134,17,100,65,96,117,187,164,98,110,165,112,113,138,26,116,35,30,120,178,47,122,151,160,170,126,127,60,0,190,144,40,139,105,135,23,13,179,73,87,95,137,16,94,133,103,172,148,185,123,121,152,132,153,140,70,68,62,159,162,161,184,75,108,28,166,102,168,169,76,171,177,44,163,175,143,93,145,136,4,181,22,12,43,59,48,104,196,141,7,191,64,42,194,115,41,197,146,188,];False
4256;9547;13803;[199,72,78,99,155,124,176,193,186,192,10,154,31,61,149,15,118,92,14,19,20,173,8,101,24,25,131,142,150,5,106,130,198,147,34,33,55,66,74,111,86,174,63,6,9,45,158,119,57,49,50,51,77,16,85,36,182,46,38,79,156,32,183,90,52,56,21,67,18,69,80,71,2,39,89,180,29,114,167,81,37,27,82,83,157,54,170,129,88,11,3,91,107,189,58,128,195,97,109,1,84,134,102,100,65,96,117,187,164,98,110,165,112,113,138,26,116,35,30,120,178,47,122,151,160,125,126,127,60,0,190,144,40,139,105,135,23,13,179,73,87,95,137,53,94,133,103,172,148,185,123,121,152,132,153,140,70,68,62,159,162,161,184,75,108,28,166,17,168,169,76,171,177,44,163,175,143,93,145,136,4,181,22,12,43,59,48,104,196,141,7,191,64,42,194,115,41,197,146,188,];False
4230;9573;13803;[199,72,78,99,155,124,176,193,186,192,10,154,31,61,149,15,118,92,14,19,20,173,8,93,24,25,131,142,150,5,106,130,198,147,34,33,55,66,74,111,86,174,63,6,9,45,29,119,57,49,50,51,77,53,85,36,182,46,38,79,190,32,183,90,52,56,21,67,18,69,80,71,2,109,89,180,158,114,167,81,37,27,82,83,157,54,125,129,88,11,3,91,107,189,58,128,195,97,39,1,84,134,17,177,65,96,117,187,164,98,110,165,112,113,138,26,116,35,30,120,178,47,122,151,160,170,126,127,60,0,101,144,40,139,105,135,23,13,179,73,87,95,137,16,94,133,103,172,148,185,123,121,152,132,153,140,70,68,62,159,162,161,184,75,108,28,166,102,168,169,76,171,100,44,163,175,143,156,145,136,4,181,22,12,43,59,48,104,196,141,7,191,64,42,194,115,41,197,146,188,];False
4168;9635;13803;[72,199,78,99,155,124,176,193,186,192,10,154,31,61,149,15,118,92,14,19,20,173,8,93,24,25,84,142,150,5,106,130,198,147,34,33,55,66,141,126,86,174,43,6,9,45,29,119,57,49,50,51,77,53,85,36,182,46,38,79,4,32,183,90,52,56,21,67,18,69,80,71,2,109,89,180,158,114,167,81,37,27,82,83,157,54,125,129,88,11,3,91,107,189,58,128,195,97,138,1,131,134,17,100,65,96,117,187,164,98,110,165,112,113,111,26,116,35,95,120,178,47,64,151,160,170,7,127,122,0,101,144,40,139,105,135,23,13,179,73,87,30,137,16,94,133,103,172,148,185,123,121,152,132,153,140,70,68,62,159,162,161,184,75,108,28,166,102,168,169,76,171,177,44,163,175,143,156,145,136,190,181,22,12,63,59,48,104,196,74,39,191,60,42,194,115,41,197,146,188,];False
4220;9581;13801;[199,72,78,99,155,124,176,193,186,192,10,154,31,61,149,15,118,92,14,19,20,173,8,101,24,25,131,142,150,5,106,130,198,147,34,33,55,66,74,111,86,174,63,6,9,45,158,119,57,49,50,51,77,53,85,36,182,46,38,79,156,32,183,90,52,56,21,67,18,69,80,71,2,109,89,180,29,114,167,81,37,27,82,83,157,54,125,129,88,11,3,91,107,189,58,128,195,97,39,1,84,134,17,100,65,96,117,187,164,98,110,165,112,113,138,26,116,35,30,120,178,47,122,151,160,170,126,127,60,0,190,144,40,139,105,135,23,13,179,73,87,95,137,16,94,133,103,172,148,185,123,121,152,132,153,140,70,68,7,159,162,161,184,75,108,28,166,102,168,169,76,171,177,44,163,175,143,93,145,136,4,181,22,12,43,59,48,104,196,141,62,191,64,42,194,115,41,197,146,188,];False
4202;9596;13798;[199,72,78,99,155,124,176,193,186,192,10,154,31,61,149,15,118,92,14,19,20,173,8,93,24,25,131,142,150,5,106,130,198,147,34,33,55,66,74,111,86,174,63,6,9,45,158,119,57,49,50,51,77,53,85,36,182,46,38,79,190,32,183,90,52,56,21,67,18,69,80,71,127,109,89,180,29,114,167,81,37,27,82,83,157,54,125,129,88,11,3,91,107,189,58,128,195,97,39,1,84,134,17,100,65,96,117,187,164,98,110,165,112,113,138,26,116,35,30,120,178,47,122,151,160,170,126,2,60,0,101,144,40,139,105,135,23,13,179,73,87,95,137,16,94,133,103,172,148,185,123,121,152,132,153,140,70,68,62,159,162,161,184,75,108,28,166,102,168,169,76,171,177,44,163,175,143,156,145,136,4,181,22,12,43,59,48,104,196,141,7,191,64,42,194,115,41,197,146,188,];False
4270;9524;13794;[199,72,78,99,155,124,176,7,186,192,10,154,31,61,149,15,118,92,14,19,20,173,8,101,24,140,131,142,150,5,106,130,198,147,34,33,55,66,74,111,86,174,63,6,9,45,158,119,57,49,50,51,77,53,85,36,182,46,38,79,156,32,183,90,52,56,21,67,18,69,80,71,2,39,89,180,29,114,167,81,37,27,82,83,157,54,170,129,88,11,123,91,107,189,58,128,195,97,109,1,84,134,102,100,65,96,117,187,164,98,110,165,112,113,138,26,116,35,30,120,178,47,122,151,160,125,126,127,60,0,190,144,40,139,105,135,23,13,179,73,87,95,137,16,94,133,103,172,148,185,3,121,152,132,153,25,70,68,62,159,162,161,184,75,108,28,166,17,168,169,76,171,177,44,163,175,143,93,145,136,4,181,22,12,43,59,48,104,196,141,193,191,64,42,194,115,41,197,146,188,];False
4234;9558;13792;[199,72,78,99,155,124,176,7,186,192,10,154,31,61,149,15,118,92,14,19,20,173,8,101,24,25,131,142,150,5,106,130,198,147,34,33,55,66,74,111,86,174,63,6,9,45,158,119,57,49,50,51,77,53,85,36,182,46,38,79,156,32,183,90,52,56,21,67,18,69,80,71,2,39,89,180,29,114,167,81,37,27,82,83,157,54,170,129,88,11,123,91,107,189,58,128,195,97,109,1,84,134,102,100,65,96,117,187,164,98,110,165,112,113,138,26,116,35,30,120,178,47,122,151,160,125,126,127,60,0,190,144,40,139,105,135,23,13,179,73,87,95,137,16,94,133,103,172,148,185,3,121,152,132,153,140,70,68,62,159,162,161,184,75,108,28,166,17,168,169,76,171,177,44,163,175,143,93,145,136,4,181,22,12,43,59,48,104,196,141,193,191,64,42,194,115,41,197,146,188,];False
4217;9574;13791;[199,72,78,99,155,124,176,193,186,192,10,154,31,61,149,15,118,92,14,19,20,173,8,101,24,25,131,142,150,5,106,130,198,147,34,33,55,66,74,111,86,174,113,6,9,45,158,119,57,49,50,51,77,53,85,36,182,46,38,79,156,32,183,90,52,56,21,67,18,69,80,71,2,109,89,180,29,114,167,81,37,27,82,83,157,54,170,129,88,11,3,91,107,189,58,128,195,97,39,1,84,134,17,100,65,96,117,187,164,98,110,165,112,63,138,26,116,35,30,120,178,47,122,151,160,125,126,127,60,0,190,144,40,139,105,135,23,13,179,73,87,95,137,16,94,133,103,172,148,185,123,121,152,132,153,140,70,68,62,159,162,161,184,75,108,28,166,102,168,169,76,171,177,44,163,175,143,93,145,136,4,181,22,12,43,59,48,104,196,141,7,191,64,42,194,115,41,197,146,188,];False
4261;9529;13790;[199,72,78,99,155,124,176,7,186,192,10,154,31,61,149,15,118,92,14,19,20,173,8,101,24,25,131,142,150,5,106,130,198,147,34,33,55,66,74,39,86,174,63,6,9,45,158,119,57,49,50,51,77,53,85,36,182,46,38,79,156,32,183,90,52,56,21,67,18,69,80,71,2,111,89,180,29,114,167,81,37,27,82,83,157,54,170,129,88,11,123,91,107,189,58,128,195,97,109,73,84,134,102,100,65,96,117,187,164,98,110,165,112,113,138,26,116,35,30,120,178,47,122,151,160,125,126,127,60,0,190,144,40,139,105,135,23,13,179,1,87,95,137,16,94,133,103,172,148,185,3,121,152,132,153,140,70,68,62,159,162,161,184,75,108,28,166,17,168,169,76,171,177,44,163,175,143,93,145,136,4,181,22,12,43,59,48,104,196,141,193,191,64,42,194,115,41,197,146,188,];False
4241;9549;13790;[199,72,78,99,155,124,176,7,186,192,10,154,31,61,149,15,118,92,14,19,20,173,8,101,24,25,131,142,150,5,106,130,198,147,34,33,55,66,74,111,86,174,63,6,9,45,158,119,57,49,50,51,77,53,85,36,182,46,38,79,156,32,183,90,52,56,21,67,18,69,132,71,2,39,89,180,29,114,167,81,37,27,82,83,157,54,170,129,88,11,123,91,107,189,58,128,195,97,109,1,84,134,102,100,65,96,117,187,164,98,110,165,112,113,138,26,116,35,30,120,178,47,122,151,160,125,126,127,60,0,190,144,40,139,105,135,23,13,179,73,87,95,137,16,94,133,103,172,148,185,3,121,152,80,153,140,70,68,62,159,162,161,184,75,108,28,166,17,168,169,76,171,177,44,163,175,143,93,145,136,4,181,22,12,43,59,48,104,196,141,193,191,64,42,194,115,41,197,146,188,];False
4263;9527;13790;[199,72,78,99,155,23,176,193,186,192,10,154,31,61,149,15,118,92,14,19,20,173,8,101,24,25,131,142,150,5,106,130,198,147,34,33,55,66,74,111,86,174,63,6,9,45,158,119,57,49,50,51,77,53,85,36,182,46,38,79,156,32,183,90,52,56,21,67,18,69,80,71,2,109,89,180,29,114,167,81,37,27,82,83,157,54,170,129,88,11,3,91,107,189,58,128,195,97,39,1,84,134,102,100,65,96,117,187,164,98,110,165,112,113,138,26,116,35,30,120,178,47,122,151,160,125,126,127,60,0,190,144,40,139,105,135,124,13,179,73,87,95,137,16,94,133,103,172,148,185,123,121,152,132,153,140,70,68,62,159,162,161,184,75,108,28,166,17,168,169,76,171,177,44,163,175,143,93,145,136,4,181,22,12,43,59,48,104,196,141,7,191,64,42,194,115,41,197,146,188,];False
4223;9566;13789;[199,72,78,99,155,124,176,193,186,192,10,154,31,61,149,15,118,92,14,19,20,173,8,93,24,25,131,142,150,5,106,130,198,147,34,33,55,66,74,111,86,174,63,6,9,45,29,119,57,49,50,51,77,53,85,36,182,46,38,79,190,32,183,90,189,56,21,67,18,69,80,71,2,109,89,180,158,114,167,81,37,27,82,83,157,54,125,129,88,11,3,91,107,52,58,128,195,97,39,1,84,134,17,100,65,96,117,187,164,98,110,165,112,113,138,26,116,35,95,120,178,47,122,151,160,170,126,127,60,0,101,144,40,139,105,135,23,13,179,73,87,30,137,16,94,133,103,172,148,185,123,121,152,132,153,140,70,68,62,159,162,161,184,75,108,28,166,102,168,169,76,171,177,44,163,175,143,156,145,136,4,181,22,12,43,59,48,104,196,141,7,191,64,42,194,115,41,197,146,188,];False
4194;9593;13787;[199,72,78,99,155,124,176,193,186,192,10,154,31,61,149,15,118,92,14,19,20,173,8,93,24,25,131,142,150,5,106,130,198,147,34,33,55,66,74,138,86,174,63,6,9,45,29,119,57,49,50,51,77,53,85,36,182,46,38,79,190,32,183,90,52,56,21,67,18,69,80,71,2,109,89,180,158,114,167,81,37,27,82,83,157,54,125,0,88,11,3,91,107,189,58,128,195,97,126,1,84,134,17,100,65,96,117,187,164,98,110,165,112,113,111,26,116,35,95,120,178,47,60,151,160,170,39,127,122,129,101,144,40,139,105,135,23,13,179,73,87,30,137,16,94,133,103,172,148,185,123,121,152,132,153,140,70,68,62,159,162,161,184,75,108,28,166,102,168,169,76,171,177,44,163,175,143,156,145,136,4,181,22,12,43,59,48,104,196,141,7,191,64,42,194,115,41,197,146,188,];False
4292;9494;13786;[199,72,78,99,155,124,176,193,186,192,10,154,137,61,149,15,118,92,14,19,20,173,8,101,24,25,131,142,150,5,106,130,198,147,34,33,55,66,74,111,86,174,63,6,9,45,158,119,57,49,50,51,77,53,85,36,182,46,38,79,156,32,183,90,52,56,21,67,18,69,80,71,2,109,89,180,29,114,167,81,37,27,82,83,157,54,170,129,88,11,3,91,107,189,58,128,195,97,39,1,84,134,102,100,65,96,117,187,164,98,110,165,112,113,138,26,116,35,30,120,178,47,122,151,160,125,126,127,60,0,190,144,40,139,105,135,23,13,179,73,87,95,31,16,94,133,103,172,148,185,123,121,152,132,153,140,70,68,62,159,162,161,184,75,108,28,166,17,168,169,76,171,177,44,163,175,143,93,145,136,4,181,22,12,43,59,48,104,196,141,7,191,64,42,194,115,41,197,146,188,];False
4208;9575;13783;[199,72,78,99,155,124,176,193,186,192,10,154,31,61,149,15,118,92,14,19,20,173,8,101,24,25,131,142,150,5,106,130,198,147,34,33,55,66,74,111,86,174,63,6,9,45,158,119,57,49,50,51,77,53,85,36,182,46,38,79,93,32,183,90,52,56,21,67,18,69,80,71,2,109,89,180,29,114,167,81,37,27,82,83,157,54,125,1,88,11,3,91,107,189,58,128,195,97,39,129,84,134,17,100,65,96,117,187,164,98,110,165,112,113,138,26,116,35,30,120,178,47,122,151,160,170,126,127,60,0,190,144,40,139,105,135,23,13,179,73,87,95,137,16,94,133,103,172,148,185,123,121,152,132,153,140,70,68,62,159,162,161,184,75,108,28,166,102,168,169,76,171,177,44,163,175,143,156,145,136,4,181,22,12,43,59,48,104,196,141,7,191,64,42,194,115,41,197,146,188,];False
4196;9584;13780;[199,72,78,99,155,124,176,193,186,192,10,154,31,61,149,15,118,92,14,19,20,173,8,93,24,25,131,142,150,5,106,130,198,147,34,33,55,66,74,111,86,174,63,6,9,45,29,119,57,49,50,51,77,53,85,36,182,46,38,79,190,32,183,90,52,56,21,67,18,69,80,71,127,109,89,180,158,114,167,81,37,27,82,83,157,54,125,129,88,11,3,91,107,189,58,128,195,97,39,1,84,134,17,100,65,96,117,187,164,98,110,165,112,113,138,26,116,35,30,120,178,47,122,151,160,170,126,2,60,0,101,144,40,139,105,135,23,13,179,73,87,95,137,16,94,133,103,172,148,185,123,121,152,132,153,140,70,68,62,159,162,161,184,75,108,28,166,102,168,169,76,171,177,44,163,175,143,156,145,136,4,181,22,12,43,59,48,104,196,141,7,191,64,42,194,115,41,197,146,188,];False
4220;9559;13779;[199,72,78,99,155,124,176,193,186,192,10,154,31,61,149,15,118,92,14,19,20,173,8,101,24,25,131,142,150,27,106,130,198,147,34,33,55,66,74,111,86,174,63,6,9,45,158,119,57,49,50,51,77,53,85,36,182,46,38,79,156,32,183,90,52,56,21,67,18,69,80,71,2,39,89,180,29,114,167,81,37,5,82,83,157,54,170,129,88,11,3,91,107,189,58,128,195,97,109,1,84,134,102,100,65,96,117,187,164,98,110,165,112,113,138,26,116,35,30,120,178,47,122,151,160,125,126,127,60,0,190,144,40,139,105,135,23,13,179,73,87,95,137,16,94,133,103,172,148,185,123,121,152,132,153,140,70,68,62,159,162,161,184,75,108,28,166,17,168,169,76,171,177,44,163,175,143,93,145,136,4,181,22,12,43,59,48,104,196,141,7,191,64,42,194,115,41,197,146,188,];False
4225;9553;13778;[199,72,78,99,155,124,176,193,186,192,10,154,31,61,149,15,118,92,14,19,20,173,8,93,24,25,131,142,150,5,106,130,198,147,34,33,55,66,74,111,86,174,63,6,9,45,29,119,57,49,50,51,77,53,85,36,182,46,38,79,190,32,183,90,52,56,94,67,18,69,80,71,2,109,89,180,158,114,167,81,37,27,82,83,157,54,125,129,88,11,3,91,107,189,58,128,195,97,39,1,84,134,17,100,65,96,117,187,164,98,110,165,112,113,138,26,116,35,30,120,178,47,122,151,160,170,126,127,60,0,101,144,40,139,105,135,23,13,179,73,87,95,137,16,21,133,103,172,148,185,123,121,152,132,153,140,70,68,62,159,162,161,184,75,108,28,166,102,168,169,76,171,177,44,163,175,143,156,145,136,4,181,22,12,43,59,48,104,196,141,7,191,64,42,194,115,41,197,146,188,];False
4237;9541;13778;[199,72,78,99,155,124,176,7,186,192,10,154,31,61,149,15,118,92,14,19,20,173,8,101,24,25,131,142,150,5,106,130,198,147,34,33,55,66,74,111,86,174,63,6,9,45,158,119,57,49,50,51,77,53,85,36,182,46,38,79,156,32,183,90,52,56,21,67,18,69,80,1,2,39,89,180,29,114,167,81,37,27,82,83,157,54,170,129,88,11,123,91,107,189,58,128,195,97,109,71,84,134,102,100,65,96,117,187,164,98,110,165,112,113,138,26,116,35,30,120,178,47,122,151,160,125,126,127,60,0,190,144,40,139,105,135,23,13,179,73,87,95,137,16,94,133,103,172,148,185,3,121,152,132,153,140,70,68,62,159,162,161,184,75,108,28,166,17,168,169,76,171,177,44,163,175,143,93,145,136,4,181,22,12,43,59,48,104,196,141,193,191,64,42,194,115,41,197,146,188,];False
4206;9569;13775;[199,72,78,99,155,124,176,193,186,192,10,154,31,61,149,15,118,92,14,19,20,173,8,101,24,25,131,142,150,5,106,130,198,147,34,33,55,66,74,111,86,174,63,6,9,45,158,119,57,49,50,51,77,53,85,36,182,46,38,79,93,32,183,90,52,56,21,67,18,69,80,71,2,109,89,180,29,114,167,81,37,27,82,83,157,54,125,129,88,11,3,144,107,189,58,128,195,97,39,1,84,134,17,100,65,96,117,187,164,98,110,165,112,113,138,26,116,35,30,120,178,47,122,151,160,170,126,127,60,0,190,91,40,139,105,135,23,13,179,73,87,95,137,16,94,133,103,172,148,185,123,121,152,132,153,140,70,68,62,159,162,161,184,75,108,28,166,102,168,169,76,171,177,44,163,175,143,156,145,136,4,181,22,12,43,59,48,104,196,141,7,191,64,42,194,115,41,197,146,188,];False
4200;9574;13774;[199,72,78,99,155,124,176,193,186,192,10,154,31,61,149,15,118,92,14,19,20,173,8,101,24,25,131,142,150,5,106,130,198,147,34,33,55,66,74,111,86,174,63,6,9,45,158,119,57,49,50,51,77,53,85,36,182,46,38,79,156,32,183,90,52,56,21,67,18,69,80,71,2,109,89,180,29,114,167,81,37,27,82,83,157,54,125,129,88,11,3,91,107,189,58,128,195,97,39,1,84,134,17,100,65,96,117,187,164,98,110,165,73,113,138,26,116,35,30,120,178,47,122,151,160,170,126,127,60,0,190,144,40,139,105,135,23,13,179,112,87,95,137,16,94,133,103,172,148,185,123,121,152,132,153,140,70,68,62,159,162,161,184,75,108,28,166,102,168,169,76,171,177,44,163,175,143,93,145,136,4,181,22,12,43,59,48,104,196,141,7,191,64,42,194,115,41,197,146,188,];False
4187;9585;13772;[199,72,78,99,155,124,176,193,186,192,10,154,31,61,149,15,94,92,14,19,20,173,8,101,24,25,131,142,150,5,106,130,198,147,34,33,55,66,74,111,86,174,63,6,9,45,158,119,57,49,50,51,77,53,85,36,182,46,38,79,156,32,183,90,52,56,21,67,18,69,80,71,2,109,89,180,29,114,167,81,37,27,82,83,157,54,170,129,88,11,3,91,107,189,58,128,195,97,39,1,84,134,17,100,65,96,117,187,164,98,110,165,112,113,138,26,116,35,30,120,178,47,122,151,160,125,126,127,60,0,190,144,40,139,105,135,23,13,179,73,87,95,137,16,118,133,103,172,148,185,123,121,152,132,153,140,70,68,62,159,162,161,184,75,108,28,166,102,168,169,76,171,177,44,163,175,143,93,145,136,4,181,22,12,43,59,48,104,196,141,7,191,64,42,194,115,41,197,146,188,];False
4175;9596;13771;[199,72,78,99,155,124,176,193,186,192,10,154,31,61,149,15,118,92,14,19,20,173,8,101,24,25,131,142,150,5,106,130,198,147,34,33,55,66,74,111,86,174,63,6,9,45,158,119,57,49,50,51,77,53,85,36,182,46,38,79,156,32,183,90,52,56,21,67,18,69,80,71,2,109,89,180,29,114,167,81,37,27,82,83,157,54,125,129,88,11,3,91,107,189,58,128,195,97,39,1,84,134,17,100,65,96,117,187,164,140,110,165,112,113,138,26,116,35,30,120,178,47,122,151,160,170,126,127,60,0,190,144,40,139,105,135,23,13,179,73,87,95,137,16,94,133,103,172,148,185,123,121,152,132,153,98,70,68,62,159,162,161,184,75,108,28,166,102,168,169,76,171,177,44,163,175,143,93,145,136,4,181,22,12,43,59,48,104,196,141,7,191,64,42,194,115,41,197,146,188,];False
4214;9557;13771;[199,72,78,99,155,124,176,193,186,192,10,154,31,61,149,15,118,92,14,19,20,173,8,101,24,25,131,142,150,5,106,130,198,147,34,33,55,66,74,111,86,174,63,6,9,45,158,119,57,49,50,51,77,53,85,36,182,46,38,79,156,32,183,90,52,56,21,67,18,69,80,71,2,39,89,180,29,114,167,81,37,27,82,83,157,54,170,129,88,11,123,91,107,189,58,128,195,97,109,1,84,134,102,100,65,96,117,187,164,98,110,165,112,113,138,26,116,35,30,120,178,47,122,151,160,125,126,127,60,0,190,144,40,139,105,135,23,13,179,73,87,95,137,16,94,133,103,172,148,185,3,121,152,132,153,140,70,68,62,159,162,161,184,75,108,28,166,17,168,169,76,171,177,44,163,175,143,93,145,136,4,181,22,12,43,59,48,104,196,141,7,191,64,42,194,115,41,197,146,188,];False
4185;9585;13770;[199,72,78,99,155,124,176,193,186,192,10,154,31,61,149,15,118,92,14,19,20,173,8,93,24,25,131,142,150,5,106,130,198,147,34,33,55,66,74,111,86,174,63,6,9,45,29,119,57,49,50,51,77,53,85,36,182,46,38,79,190,32,183,90,52,56,21,67,18,69,80,71,2,109,89,180,158,114,167,81,37,27,82,83,157,54,125,129,88,11,3,91,107,189,156,128,195,97,39,1,84,134,17,100,65,96,117,187,164,98,110,165,112,113,138,26,116,35,95,120,178,47,122,151,160,170,126,127,60,0,101,144,40,139,105,135,23,13,179,73,87,30,137,16,94,133,103,172,148,185,123,121,152,132,153,140,70,68,62,159,162,161,184,75,108,28,166,102,168,169,76,171,177,44,163,175,143,58,145,136,4,181,22,12,43,59,48,104,196,141,7,191,64,42,194,115,41,197,146,188,];False
4209;9559;13768;[199,72,78,99,155,124,176,193,186,192,10,154,31,61,149,15,118,92,14,19,20,173,8,93,24,25,131,142,150,5,106,130,82,147,34,33,55,66,74,111,86,174,63,6,9,45,29,119,57,49,50,51,77,53,85,36,182,46,38,79,190,32,183,90,52,56,21,67,18,69,80,71,2,109,89,180,158,114,167,81,37,27,198,83,157,54,125,129,88,11,3,91,107,189,58,128,195,97,39,1,84,134,17,100,65,96,117,187,164,98,110,165,112,113,138,26,116,35,95,120,178,47,122,151,160,170,126,127,60,0,101,144,40,139,105,135,23,13,179,73,87,30,137,16,94,133,103,172,148,185,123,121,152,132,153,140,70,68,62,159,162,161,184,75,108,28,166,102,168,169,76,171,177,44,163,175,143,156,145,136,4,181,22,12,43,59,48,104,196,141,7,191,64,42,194,115,41,197,146,188,];False
4204;9563;13767;[199,72,78,99,155,124,176,193,186,192,10,140,31,61,149,15,118,92,14,19,20,173,8,101,24,25,131,142,150,5,106,130,198,147,34,33,55,66,74,111,86,174,63,6,9,45,158,119,57,49,50,51,77,53,85,36,182,46,38,79,93,32,183,90,52,56,21,67,18,69,80,71,2,109,89,180,29,114,167,81,37,27,82,83,157,54,125,129,88,11,3,91,107,189,58,128,195,97,39,1,84,134,17,100,65,96,117,187,164,98,110,165,112,113,138,26,116,35,30,120,178,47,122,151,160,170,126,127,60,0,190,144,40,139,105,135,23,13,179,73,87,95,137,16,94,133,103,172,148,185,123,121,152,132,153,154,70,68,62,159,162,161,184,75,108,28,166,102,168,169,76,171,177,44,163,175,143,156,145,136,4,181,22,12,43,59,48,104,196,141,7,191,64,42,194,115,41,197,146,188,];False
4238;9529;13767;[199,72,78,99,155,124,176,193,186,192,10,154,31,61,149,15,118,92,14,19,20,173,8,93,24,25,131,142,150,5,106,130,198,147,34,33,55,66,74,111,86,174,63,6,9,45,158,119,57,49,50,51,77,53,85,36,182,46,38,79,101,32,183,90,52,56,21,67,18,69,80,71,2,109,89,180,29,114,167,81,37,27,82,83,22,54,125,129,88,11,3,91,107,189,58,128,195,97,39,1,84,134,17,100,65,96,117,187,164,98,110,165,112,113,138,26,116,35,30,120,178,47,122,151,160,170,126,127,60,0,190,144,40,139,105,135,23,13,179,73,87,95,137,16,94,133,103,172,148,185,123,121,152,132,153,140,70,68,62,159,162,161,184,75,108,28,166,102,168,169,76,171,177,44,163,175,143,156,145,136,4,181,157,12,43,59,48,104,196,141,7,191,64,42,194,115,41,197,146,188,];False
4262;9505;13767;[199,72,78,99,155,124,176,193,186,192,10,154,31,61,149,15,118,92,14,19,20,173,8,93,24,25,131,142,150,5,106,130,198,147,34,33,55,66,74,111,86,174,63,6,9,45,158,119,57,49,50,51,77,53,85,36,182,46,38,79,101,32,183,90,52,56,21,67,18,69,80,71,2,109,89,180,29,114,167,81,37,27,82,83,157,54,104,129,88,11,3,91,107,189,58,128,195,97,39,1,84,134,17,100,65,96,117,187,164,98,110,165,112,113,138,26,116,35,30,120,178,47,122,151,160,170,126,127,60,0,190,144,40,139,105,135,23,13,179,73,87,95,137,16,94,133,103,172,148,185,123,121,152,132,153,140,70,68,62,159,162,161,184,75,108,28,166,102,168,169,76,171,177,44,163,175,143,156,145,136,4,181,22,12,43,59,48,125,196,141,7,191,64,42,194,115,41,197,146,188,];False
4212;9554;13766;[199,72,78,99,155,124,176,193,186,192,10,154,31,61,149,15,118,92,14,19,20,173,8,101,24,25,131,142,150,94,106,130,198,147,34,33,55,66,74,111,86,174,63,6,9,45,158,119,57,49,50,51,77,53,85,36,182,46,38,79,156,32,183,90,52,56,21,67,18,69,80,71,2,109,89,180,29,114,167,81,37,27,82,83,157,54,125,129,88,11,3,91,107,189,58,128,195,97,39,1,84,134,17,100,65,96,117,187,164,98,110,165,112,113,138,26,116,35,30,120,178,47,122,151,160,170,126,127,60,0,190,144,40,139,105,135,23,13,179,73,87,95,137,16,5,133,103,172,148,185,123,121,152,132,153,140,70,68,62,159,162,161,184,75,108,28,166,102,168,169,76,171,177,44,163,175,143,93,145,136,4,181,22,12,43,59,48,104,196,141,7,191,64,42,194,115,41,197,146,188,];False
4196;9570;13766;[199,72,78,99,155,124,176,193,186,192,10,154,31,61,149,15,118,92,14,19,20,173,8,93,24,25,131,142,150,5,106,130,198,147,34,33,55,66,74,111,86,174,63,6,9,45,29,119,57,49,50,51,77,53,85,36,182,46,38,79,190,32,183,90,52,56,21,67,18,69,80,71,2,109,89,180,158,114,167,81,37,27,82,83,157,54,125,129,88,11,3,91,107,189,58,128,195,97,39,1,84,134,17,100,65,96,117,187,164,98,110,165,112,113,138,26,116,35,95,120,178,47,60,151,160,170,126,127,122,87,101,144,40,139,105,135,23,13,179,73,0,30,137,16,94,133,103,172,148,185,123,121,152,132,153,140,70,68,62,159,162,161,184,75,108,28,166,102,168,169,76,171,177,44,163,175,143,156,145,136,4,181,22,12,43,59,48,104,196,141,7,191,64,42,194,115,41,197,146,188,];False
4207;9557;13764;[199,72,78,99,155,124,176,193,186,192,10,154,31,61,149,15,118,92,14,19,20,173,8,93,24,25,131,142,150,5,106,130,198,147,34,33,55,66,74,111,86,174,63,6,9,45,29,119,57,49,50,51,77,53,85,36,35,46,38,79,190,32,183,90,52,56,21,67,18,69,80,71,2,109,89,180,158,114,167,81,37,27,82,83,157,54,125,129,88,11,3,91,107,189,58,128,195,97,39,1,84,134,17,100,65,96,117,187,164,98,110,165,112,113,138,26,116,182,95,120,178,47,122,151,160,170,126,127,60,0,101,144,40,139,105,135,23,13,179,73,87,30,137,16,94,133,103,172,148,185,123,121,152,132,153,140,70,68,62,159,162,161,184,75,108,28,166,102,168,169,76,171,177,44,163,175,143,156,145,136,4,181,22,12,43,59,48,104,196,141,7,191,64,42,194,115,41,197,146,188,];False
4160;9602;13762;[199,72,78,99,155,124,176,193,186,192,10,154,31,61,149,15,118,92,14,19,20,173,8,101,24,25,131,142,150,5,106,130,198,147,34,33,55,66,74,111,105,174,63,6,9,45,158,119,57,49,50,51,77,53,85,36,182,46,38,79,156,32,183,90,52,56,21,67,18,69,80,71,2,109,89,180,29,114,167,81,37,27,82,83,157,54,170,129,88,11,3,91,107,189,58,128,195,97,39,1,84,134,17,100,65,96,117,187,164,98,110,165,112,113,138,26,116,35,30,120,178,47,122,151,160,125,126,127,60,0,190,144,40,139,86,135,23,13,179,73,87,95,137,16,94,133,103,172,148,185,123,121,152,132,153,140,70,68,62,159,162,161,184,75,108,28,166,102,168,169,76,171,177,44,163,175,143,93,145,136,4,181,22,12,43,59,48,104,196,141,7,191,64,42,194,115,41,197,146,188,];False
4172;9590;13762;[199,72,78,99,155,124,176,193,186,192,10,154,31,61,149,15,118,92,14,19,20,173,8,93,24,25,131,142,150,5,106,130,198,147,34,33,55,66,74,111,86,174,63,6,9,45,29,119,57,49,50,51,77,53,85,36,182,46,38,79,190,32,183,90,52,56,88,67,18,69,80,71,2,109,89,180,158,114,167,81,37,27,82,83,157,54,125,129,21,11,3,91,107,189,58,128,195,97,39,1,84,134,17,100,65,96,117,187,164,98,110,165,112,113,138,26,116,35,30,120,178,47,122,151,160,170,126,127,60,0,101,144,40,139,105,135,23,13,179,73,87,95,137,16,94,133,103,172,148,185,123,121,152,132,153,140,70,68,62,159,162,161,184,75,108,28,166,102,168,169,76,171,177,44,163,175,143,156,145,136,4,181,22,12,43,59,48,104,196,141,7,191,64,42,194,115,41,197,146,188,];False
4160;9600;13760;[199,72,78,99,155,124,12,193,186,192,10,154,31,61,149,15,118,92,14,19,20,173,8,101,24,25,131,142,150,5,106,130,198,147,34,33,55,66,74,111,86,174,63,6,9,45,158,119,57,49,50,51,77,53,85,36,182,46,38,79,156,32,183,90,52,56,21,67,18,69,80,71,2,39,89,180,29,114,167,81,37,27,82,83,157,54,170,129,88,11,3,91,107,189,58,128,195,97,109,1,84,134,102,100,65,96,117,187,164,98,110,165,112,113,138,26,116,35,30,120,178,47,122,151,160,125,126,127,60,0,190,144,40,139,105,135,23,13,179,73,87,95,137,16,94,133,103,172,148,185,123,121,152,132,153,140,70,68,62,159,162,161,184,75,108,28,166,17,168,169,76,171,177,44,163,175,143,93,145,136,4,181,22,176,43,59,48,104,196,141,7,191,64,42,194,115,41,197,146,188,];False
4144;9615;13759;[199,72,78,99,155,124,176,193,186,192,10,154,31,61,149,15,118,92,182,19,20,173,8,101,24,25,131,142,150,5,106,130,198,147,34,33,55,66,74,111,86,174,63,6,9,45,158,119,57,49,50,51,77,53,85,36,14,46,38,79,156,32,183,90,52,56,21,67,18,69,80,71,2,109,89,180,29,114,167,81,37,27,82,83,157,54,125,129,88,11,3,91,107,189,58,128,195,97,39,1,84,134,17,100,65,96,117,187,164,98,110,165,112,113,138,26,116,35,30,120,178,47,122,151,160,170,126,127,60,0,190,144,40,139,105,135,23,13,179,73,87,95,137,16,94,133,103,172,148,185,123,121,152,132,153,140,70,68,62,159,162,161,184,75,108,28,166,102,168,169,76,171,177,44,163,175,143,93,145,136,4,181,22,12,43,59,48,104,196,141,7,191,64,42,194,115,41,197,146,188,];False
4153;9605;13758;[199,72,78,99,155,124,176,193,186,192,10,154,31,61,149,15,118,92,14,19,20,173,8,93,24,25,131,142,150,5,106,130,198,114,34,33,55,66,74,138,86,174,63,6,9,45,29,119,57,49,50,51,77,53,85,36,182,46,38,79,190,32,183,90,52,56,21,67,18,69,80,71,2,109,89,180,158,147,167,81,37,27,82,83,157,54,125,129,88,11,3,91,107,189,58,128,195,97,39,1,84,134,17,100,65,96,117,187,164,98,110,165,112,113,111,26,116,35,95,120,178,47,60,151,160,170,126,127,122,0,101,144,40,139,105,135,23,13,179,73,87,30,137,16,94,133,103,172,148,185,123,121,152,132,153,140,70,68,62,159,162,161,184,75,108,28,166,102,168,169,76,171,177,44,163,175,143,156,145,136,4,181,22,12,43,59,48,104,196,141,7,191,64,42,194,115,41,197,146,188,];False
4187;9571;13758;[199,72,78,99,155,124,176,193,186,192,10,154,31,61,149,15,118,92,14,19,20,173,8,101,24,25,131,142,150,5,106,130,198,147,34,33,55,66,74,111,86,174,63,6,9,45,158,119,57,49,50,51,77,53,85,36,182,46,38,79,156,32,183,90,52,56,21,67,18,69,80,71,2,109,89,180,29,114,167,81,37,27,82,83,157,54,125,129,88,11,3,91,107,189,58,128,195,97,39,1,84,134,17,100,65,96,117,187,164,153,110,165,112,113,138,26,116,35,30,120,178,47,122,151,160,170,126,127,60,0,190,144,40,139,105,135,23,13,179,73,87,95,137,16,94,133,103,172,148,185,123,121,152,132,98,140,70,68,62,159,162,161,184,75,108,28,166,102,168,169,76,171,177,44,163,175,143,93,145,136,4,181,22,12,43,59,48,104,196,141,7,191,64,42,194,115,41,197,146,188,];False
4239;9519;13758;[199,72,78,99,155,124,176,193,186,192,10,154,31,61,149,15,118,92,14,19,20,173,8,101,24,25,131,142,150,5,106,130,198,147,34,33,55,66,74,111,86,174,63,6,9,45,158,119,57,49,50,51,77,53,85,36,182,46,38,79,156,32,183,90,52,56,21,67,18,69,80,71,2,109,89,180,29,114,167,81,37,27,82,83,157,54,170,129,88,11,3,91,107,189,58,128,195,97,39,1,84,134,102,100,65,96,117,187,164,98,110,165,112,113,138,26,116,35,30,120,178,47,122,151,160,125,126,127,60,0,190,144,40,139,105,135,23,13,179,73,87,95,137,16,94,133,41,172,148,185,123,121,152,132,153,140,70,68,62,159,162,161,184,75,108,28,166,17,168,169,76,171,177,44,163,175,143,93,145,136,4,181,22,12,43,59,48,104,196,141,7,191,64,42,194,115,103,197,146,188,];False
4186;9571;13757;[72,199,78,99,155,124,176,193,186,192,10,154,31,61,149,15,118,92,14,19,20,173,8,93,24,25,131,142,150,5,162,130,198,147,34,33,55,66,74,138,86,174,63,6,9,45,29,119,57,49,50,51,77,53,85,36,182,46,38,79,4,32,183,90,52,56,21,67,18,69,80,71,2,109,89,180,158,114,167,81,37,27,82,83,157,54,125,129,88,11,3,91,107,189,58,128,195,97,126,1,84,134,17,100,65,96,117,187,164,98,110,165,112,113,111,26,116,35,95,120,178,47,60,151,160,170,39,127,122,0,101,144,40,139,105,135,23,13,179,73,87,30,137,16,94,133,103,172,148,185,123,121,152,132,153,140,70,68,62,159,106,161,184,75,108,28,166,102,168,169,76,171,177,44,163,175,143,156,145,136,190,181,22,12,43,59,48,104,196,141,7,191,64,42,194,115,41,197,146,188,];False
4212;9545;13757;[199,72,78,99,155,124,176,193,186,192,10,154,31,61,149,15,118,92,14,19,20,173,8,93,24,25,131,142,150,5,106,130,198,147,34,33,55,66,74,111,86,174,63,6,9,45,29,119,57,49,50,51,77,53,85,36,182,46,38,79,190,32,183,90,52,56,21,67,18,69,80,71,2,109,89,180,158,114,167,81,37,27,82,22,157,54,125,129,88,11,3,91,107,189,58,128,195,97,39,1,84,134,17,100,65,96,117,187,164,98,110,165,112,113,138,26,116,35,95,120,178,47,60,151,160,170,126,127,122,0,101,144,40,139,105,135,23,13,179,73,87,30,137,16,94,133,103,172,148,185,123,121,152,132,153,140,70,68,62,159,162,161,184,75,108,28,166,102,168,169,76,171,177,44,163,175,143,156,145,136,4,181,83,12,43,59,48,104,196,141,7,191,64,42,194,115,41,197,146,188,];False
4129;9626;13755;[199,72,78,99,155,124,176,193,186,9,10,154,31,61,149,15,118,92,14,19,20,173,8,101,24,25,131,142,150,5,106,130,198,147,34,33,55,66,74,111,86,174,63,6,192,45,158,119,57,49,50,51,77,53,85,36,182,46,38,79,93,32,183,90,52,56,21,67,18,69,80,71,2,109,89,180,29,114,167,81,37,27,82,83,157,54,125,129,88,11,3,91,107,189,58,128,195,97,39,1,84,134,17,100,65,96,117,187,164,98,110,165,112,113,138,26,116,35,30,120,178,47,122,151,160,170,126,127,60,0,190,144,40,139,105,135,23,13,179,73,87,95,137,16,94,133,103,172,148,185,123,121,152,132,153,140,70,68,62,159,162,161,184,75,108,28,166,102,168,169,76,171,177,44,163,175,143,156,145,136,4,181,22,12,43,59,48,104,196,141,7,191,64,42,194,115,41,197,146,188,];False
4142;9613;13755;[199,72,78,99,155,124,176,193,186,192,10,154,31,61,149,15,118,92,14,19,20,173,8,93,24,25,131,142,150,5,106,130,198,147,34,33,55,66,74,138,86,174,63,6,9,45,29,119,57,49,50,51,77,53,85,36,182,46,38,79,190,60,183,90,52,56,21,67,18,69,80,71,2,109,89,180,158,114,167,81,37,27,82,83,157,54,125,129,88,11,3,91,107,189,58,128,195,97,39,1,84,134,17,100,65,96,117,187,164,98,110,165,112,113,111,26,116,35,95,120,178,47,32,151,160,170,126,127,122,0,101,144,40,139,105,135,23,13,179,73,87,30,137,16,94,133,103,172,148,185,123,121,152,132,153,140,70,68,62,159,162,161,184,75,108,28,166,102,168,169,76,171,177,44,163,175,143,156,145,136,4,181,22,12,43,59,48,104,196,141,7,191,64,42,194,115,41,197,146,188,];False
4109;9646;13755;[72,199,78,99,155,124,176,193,186,192,116,154,31,61,149,15,118,92,14,19,20,173,8,93,24,25,84,142,150,5,106,130,198,147,34,33,138,66,141,126,86,174,63,6,9,45,29,119,57,49,50,51,77,53,85,36,182,46,38,79,4,32,183,90,52,56,21,67,18,178,80,71,2,109,89,180,158,114,167,81,156,27,82,83,157,54,125,129,88,11,3,91,107,189,58,128,195,97,55,1,131,134,17,100,65,96,117,187,164,98,110,165,112,113,111,26,10,35,95,62,69,47,64,151,7,170,160,127,122,0,101,144,40,139,105,135,23,13,179,73,87,30,137,16,94,133,103,172,148,185,123,121,152,132,153,140,70,68,120,159,162,161,184,75,108,28,166,102,168,169,76,171,177,44,163,175,143,37,145,136,190,181,22,12,43,59,48,104,196,74,39,191,60,42,194,115,41,197,146,188,];False
4179;9574;13753;[199,72,78,99,155,124,176,193,186,192,10,154,31,61,149,15,118,92,14,19,20,173,8,93,24,25,131,142,150,5,106,130,198,147,34,33,55,66,74,138,86,174,63,6,9,45,29,119,57,49,50,51,77,53,85,36,182,46,38,79,190,32,183,90,52,56,21,67,18,69,80,71,2,109,89,180,158,114,167,81,37,27,82,83,157,54,125,129,88,11,3,91,107,189,58,128,195,97,126,1,84,134,17,100,65,96,117,187,164,98,110,165,112,113,111,26,116,35,95,120,178,47,60,151,160,170,39,127,122,0,101,144,40,139,105,135,194,13,179,73,87,30,137,16,94,133,103,172,148,185,123,121,152,132,153,140,70,68,62,159,162,161,184,75,108,28,166,102,168,169,76,171,177,44,163,175,143,156,145,136,4,181,22,12,43,59,48,104,196,141,7,191,64,42,23,115,41,197,146,188,];False
4161;9592;13753;[199,72,78,99,155,124,176,193,186,192,10,154,31,61,149,15,118,92,14,19,20,173,8,93,24,25,131,142,150,5,106,130,198,147,34,33,55,66,74,111,86,174,63,6,9,45,29,119,57,49,50,51,77,53,85,36,182,46,38,79,190,32,183,90,52,56,21,67,18,69,80,71,2,109,89,180,158,114,167,81,37,27,82,83,157,54,125,129,88,11,3,91,107,189,58,128,195,97,39,1,84,134,17,100,65,96,117,187,164,98,110,165,112,113,138,26,116,35,95,120,178,47,122,151,160,170,126,127,123,0,101,144,40,139,105,135,23,13,179,73,87,30,137,16,94,133,103,172,148,185,60,121,152,132,153,140,70,68,62,159,162,161,184,75,108,28,166,102,168,169,76,171,177,44,163,175,143,156,145,136,4,181,22,12,43,59,48,104,196,141,7,191,64,42,194,115,41,197,146,188,];False
4202;9551;13753;[199,72,78,99,155,124,176,193,186,192,10,154,31,61,149,15,118,173,14,19,20,92,8,93,24,25,131,142,150,5,106,130,198,147,34,33,55,66,74,111,86,174,63,6,9,45,158,119,57,49,50,51,77,53,85,36,182,46,38,79,190,32,183,90,52,56,21,67,18,69,80,71,2,109,89,180,29,114,167,81,37,27,82,83,157,54,125,129,88,11,3,91,107,189,58,128,195,97,39,1,84,134,17,100,65,96,117,187,164,98,110,165,112,113,138,26,116,35,30,120,178,47,122,151,160,170,126,127,60,0,101,144,40,139,105,135,23,13,179,73,87,95,137,16,94,133,103,172,148,185,123,121,152,132,153,140,70,68,62,159,162,161,184,75,108,28,166,102,168,169,76,171,177,44,163,175,143,156,145,136,4,181,22,12,43,59,48,104,196,141,7,191,64,42,194,115,41,197,146,188,];False
4080;9672;13752;[72,199,78,99,155,124,176,193,186,192,10,154,31,61,149,15,118,92,14,19,20,173,8,93,24,25,84,142,150,5,106,130,198,147,34,33,138,66,141,126,86,174,63,6,9,45,29,119,57,49,50,51,77,53,85,36,182,46,38,79,4,32,183,90,52,56,21,67,18,69,80,71,2,109,89,180,158,114,167,81,156,27,82,83,157,54,125,129,88,11,3,91,107,189,58,128,195,97,55,122,131,134,17,100,65,96,117,187,164,98,110,165,112,113,111,26,116,35,95,62,178,47,64,151,160,170,7,127,1,0,101,144,40,139,105,135,23,13,179,73,87,30,137,16,94,133,103,172,148,185,123,121,152,132,153,140,70,68,120,159,162,161,184,75,108,28,166,102,168,169,76,171,177,44,163,175,143,37,145,136,190,181,22,12,43,59,48,104,196,74,39,191,60,42,194,115,41,197,146,188,];False
4139;9610;13749;[199,72,78,99,155,124,176,193,186,192,10,154,31,61,149,15,118,92,14,19,20,173,8,93,24,25,131,142,150,5,106,130,198,147,34,33,55,66,119,111,86,174,63,6,9,45,158,74,57,49,50,51,77,53,85,36,182,46,38,79,190,32,183,90,52,56,21,67,18,69,80,71,2,109,89,180,29,114,167,81,37,27,82,83,157,54,125,129,88,11,3,91,107,189,58,128,195,97,39,1,84,134,17,100,65,96,117,187,164,98,110,165,112,113,138,26,116,35,30,120,178,47,122,151,160,170,126,127,60,0,101,144,40,139,105,135,23,13,179,73,87,95,137,16,94,133,103,172,148,185,123,121,152,132,153,140,70,68,62,159,162,161,184,75,108,28,166,102,168,169,76,171,177,44,163,175,143,156,145,136,4,181,22,12,43,59,48,104,196,141,7,191,64,42,194,115,41,197,146,188,];False
4156;9591;13747;[199,72,78,99,155,124,176,193,186,192,10,154,31,61,149,15,118,92,14,19,20,173,8,93,24,25,131,142,150,5,106,130,198,147,34,33,55,66,74,138,86,174,63,6,9,45,29,119,57,49,50,51,77,53,85,133,182,46,38,79,190,32,183,90,52,56,21,67,18,69,80,71,2,109,89,180,158,114,167,81,37,27,82,83,157,54,125,129,88,11,3,91,107,189,58,128,195,97,126,1,84,134,17,100,65,96,117,187,164,98,110,165,112,113,111,26,116,35,95,120,178,47,60,151,160,170,39,127,122,0,101,144,40,139,105,135,23,13,179,73,87,30,137,16,94,36,103,172,148,185,123,121,152,132,153,140,70,68,62,159,162,161,184,75,108,28,166,102,168,169,76,171,177,44,163,175,143,156,145,136,4,181,22,12,43,59,48,104,196,141,7,191,64,42,194,115,41,197,146,188,];False
4180;9567;13747;[199,72,78,99,155,124,176,193,186,14,10,154,31,61,149,15,118,92,192,19,20,173,8,93,24,25,131,142,150,5,106,130,198,147,34,33,55,66,74,111,86,174,63,6,9,45,29,119,57,49,50,51,77,53,85,36,182,46,38,79,190,32,183,90,52,56,21,67,18,69,80,71,2,109,89,180,158,114,167,81,37,27,82,83,157,54,125,129,88,11,3,91,107,189,58,128,195,97,39,1,84,134,17,100,65,96,117,187,164,98,110,165,112,113,138,26,116,35,95,120,178,47,122,151,160,170,126,127,60,0,101,144,40,139,105,135,23,13,179,73,87,30,137,16,94,133,103,172,148,185,123,121,152,132,153,140,70,68,62,159,162,161,184,75,108,28,166,102,168,169,76,171,177,44,163,175,143,156,145,136,4,181,22,12,43,59,48,104,196,141,7,191,64,42,194,115,41,197,146,188,];False
4209;9537;13746;[199,72,78,99,155,124,176,193,186,192,10,154,31,61,149,15,118,92,14,19,20,173,8,93,24,25,131,142,150,5,106,130,198,147,34,33,55,66,74,111,86,174,63,6,9,45,29,119,57,49,50,51,77,53,85,36,182,46,38,79,190,32,183,90,52,56,21,67,18,69,80,71,2,109,89,123,158,114,167,81,37,27,82,83,157,54,125,129,88,11,3,91,107,189,58,128,195,97,39,1,84,134,17,100,65,96,117,187,164,98,110,165,112,113,138,26,116,35,30,120,178,47,122,151,160,170,126,127,60,0,101,144,40,139,105,135,23,13,179,73,87,95,137,16,94,133,103,172,148,185,180,121,152,132,153,140,70,68,62,159,162,161,184,75,108,28,166,102,168,169,76,171,177,44,163,175,143,156,145,136,4,181,22,12,43,59,48,104,196,141,7,191,64,42,194,115,41,197,146,188,];False
4154;9592;13746;[72,199,78,99,155,124,176,193,186,192,10,154,31,61,149,15,118,92,14,19,20,173,8,93,24,25,131,142,150,5,106,130,198,147,34,33,55,66,74,138,86,174,63,6,9,45,29,119,57,49,50,51,77,53,85,36,182,46,38,79,4,32,183,90,52,56,21,67,18,69,80,71,2,109,89,180,158,114,167,81,37,27,82,83,157,54,125,129,88,11,3,91,107,189,58,128,195,97,126,1,84,134,17,100,65,96,117,187,164,98,110,165,112,113,111,28,116,35,95,120,178,47,60,151,160,170,7,127,122,0,101,144,40,139,105,135,23,13,179,73,87,30,137,16,94,133,103,172,148,185,123,121,152,132,153,140,70,68,62,159,162,161,184,75,108,26,166,102,168,169,76,171,177,44,163,175,143,156,145,136,190,181,22,12,43,59,48,104,196,141,39,191,64,42,194,115,41,197,146,188,];False
4098;9648;13746;[199,72,78,99,155,124,176,193,186,192,10,154,31,61,149,15,118,92,14,19,20,173,8,101,24,25,131,142,150,5,106,130,198,147,34,33,55,66,74,111,86,174,63,6,9,45,158,119,21,49,50,51,77,53,85,36,182,46,38,79,93,32,183,90,52,56,57,67,18,69,80,71,2,109,89,180,29,114,167,81,37,27,82,83,157,54,125,129,88,11,3,91,107,189,58,128,195,97,39,1,84,134,17,100,65,96,117,187,164,98,110,165,112,113,138,26,116,35,30,120,178,47,122,151,160,170,126,127,60,0,190,144,40,139,105,135,23,13,179,73,87,95,137,16,94,133,103,172,148,185,123,121,152,132,153,140,70,68,62,159,162,161,184,75,108,28,166,102,168,169,76,171,177,44,163,175,143,156,145,136,4,181,22,12,43,59,48,104,196,141,7,191,64,42,194,115,41,197,146,188,];False
4168;9577;13745;[199,72,78,99,155,124,176,193,186,192,10,154,31,61,149,15,118,92,14,19,20,173,8,101,24,25,131,142,150,5,106,130,198,147,34,33,55,66,74,111,86,174,63,6,9,45,158,119,57,49,50,51,77,53,85,36,182,46,38,79,156,32,183,90,52,56,21,67,18,69,80,71,2,109,89,180,29,114,167,81,37,27,82,83,157,54,170,129,88,11,136,91,107,189,58,128,195,97,39,1,84,134,17,100,65,96,117,187,164,98,110,165,112,113,138,26,116,35,30,120,178,47,122,151,160,125,126,127,60,0,190,144,40,139,105,135,23,13,179,73,87,95,137,16,94,133,103,172,148,185,123,121,152,132,153,140,70,68,62,159,162,161,184,75,108,28,166,102,168,169,76,171,177,44,163,175,143,93,145,3,4,181,22,12,43,59,48,104,196,141,7,191,64,42,194,115,41,197,146,188,];False
4173;9571;13744;[72,199,78,99,155,124,176,193,186,192,10,154,31,61,149,15,118,92,14,19,20,173,8,93,24,25,131,142,150,5,106,130,198,147,34,33,55,66,74,138,86,174,63,6,9,45,29,119,57,49,50,51,77,53,85,36,182,46,38,79,4,32,183,90,52,56,21,67,18,69,80,71,2,109,89,180,158,114,167,81,37,27,82,83,157,54,125,129,88,11,3,91,107,151,58,128,195,97,126,1,84,134,17,100,65,96,117,187,164,98,110,165,112,113,111,26,116,35,95,120,178,47,60,189,160,170,39,127,122,0,101,144,40,139,105,135,23,13,179,73,87,30,137,16,94,133,103,172,148,185,123,121,152,132,153,140,70,68,62,159,162,161,184,75,108,28,166,102,168,169,76,171,177,44,163,175,143,156,145,136,190,181,22,12,43,59,48,104,196,141,7,191,64,42,194,115,41,197,146,188,];False
4138;9605;13743;[199,72,78,99,155,124,176,193,186,192,10,154,31,61,149,15,118,92,14,19,20,173,8,101,24,25,131,142,150,5,106,130,198,147,34,33,55,66,74,111,86,174,63,6,9,45,158,119,57,49,50,51,77,53,85,36,182,46,38,79,93,32,183,90,52,56,21,67,18,69,80,71,2,109,89,180,29,114,167,81,37,27,82,83,157,54,125,129,88,11,3,91,107,189,58,128,195,97,39,1,84,134,17,100,65,96,117,187,164,98,110,165,112,113,138,26,116,35,30,120,178,47,122,151,160,170,126,127,60,0,190,144,40,139,105,135,23,13,179,73,87,95,137,16,94,133,103,172,148,115,123,121,152,132,153,140,70,68,62,159,162,161,184,75,108,28,166,102,168,169,76,171,177,44,163,175,143,156,145,136,4,181,22,12,43,59,48,104,196,141,7,191,64,42,194,185,41,197,146,188,];False
4210;9533;13743;[199,72,78,99,155,124,176,193,186,192,10,154,31,135,149,15,118,92,14,19,20,173,8,93,24,25,131,142,150,5,106,130,198,147,34,33,55,66,74,111,86,174,63,6,9,45,29,119,57,49,50,51,77,53,85,36,182,46,38,79,190,32,183,90,52,56,21,67,18,69,80,71,2,109,89,180,158,114,167,81,37,27,82,83,157,54,125,129,88,11,3,91,107,189,58,128,195,97,39,1,84,134,17,100,65,96,117,187,164,98,110,165,112,113,138,26,116,35,30,120,178,47,122,151,160,170,126,127,60,0,101,144,40,139,105,61,23,13,179,73,87,95,137,16,94,133,103,172,148,185,123,121,152,132,153,140,70,68,62,159,162,161,184,75,108,28,166,102,168,169,76,171,177,44,163,175,143,156,145,136,4,181,22,12,43,59,48,104,196,141,7,191,64,42,194,115,41,197,146,188,];False
4216;9526;13742;[199,72,78,99,155,124,176,193,186,192,10,154,31,61,149,15,145,92,14,19,20,173,8,93,24,25,131,142,150,5,106,130,198,147,34,33,55,66,74,111,86,174,63,6,9,45,29,119,57,49,50,51,77,53,85,36,182,46,38,79,190,32,183,90,52,56,21,67,18,69,80,71,2,109,89,180,158,114,167,81,37,27,82,83,157,54,125,129,88,11,3,91,107,189,58,128,195,97,39,1,84,134,17,100,65,96,117,187,164,98,110,165,112,113,138,26,116,35,30,120,178,47,122,151,160,170,126,127,60,0,101,144,40,139,105,135,23,13,179,73,87,95,137,16,94,133,103,172,148,185,123,121,152,132,153,140,70,68,62,159,162,161,184,75,108,28,166,102,168,169,76,171,177,44,163,175,143,156,118,136,4,181,22,12,43,59,48,104,196,141,7,191,64,42,194,115,41,197,146,188,];False
4138;9603;13741;[199,72,78,99,155,124,176,193,186,192,10,154,31,61,149,15,118,92,14,19,20,173,8,101,24,25,131,142,150,5,106,130,4,147,34,33,55,66,74,111,86,174,63,6,9,45,158,119,57,49,50,51,77,53,85,36,182,46,38,79,156,32,183,90,52,56,21,67,18,69,80,71,2,109,89,180,29,114,167,81,37,27,82,83,157,54,125,129,88,11,3,91,107,189,58,128,195,97,39,1,84,134,17,100,65,96,117,187,164,98,110,165,112,113,138,26,116,35,30,120,178,47,122,151,160,170,126,127,60,0,190,144,40,139,105,135,23,13,179,73,87,95,137,16,94,133,103,172,148,185,123,121,152,132,153,140,70,68,62,159,162,161,184,75,108,28,166,102,168,169,76,171,177,44,163,175,143,93,145,136,198,181,22,12,43,59,48,104,196,141,7,191,64,42,194,115,41,197,146,188,];False
4159;9581;13740;[199,72,78,99,155,124,176,193,186,192,10,154,31,61,149,15,118,92,14,19,20,173,8,93,24,25,131,142,150,5,106,130,198,147,34,33,55,66,74,111,86,174,63,6,9,45,29,119,57,49,50,51,77,53,85,36,182,46,38,79,190,32,183,90,52,59,21,67,18,69,80,71,2,109,89,180,158,114,167,81,37,27,82,83,157,54,125,129,88,11,3,91,107,189,58,128,195,97,39,1,84,134,17,100,65,96,117,187,164,98,110,165,112,113,138,26,116,35,30,120,178,47,122,151,160,170,126,127,60,0,101,144,40,139,105,135,23,13,179,73,87,95,137,16,94,133,103,172,148,185,123,121,152,132,153,140,70,68,62,159,162,161,184,75,108,28,166,102,168,169,76,171,177,44,163,175,143,156,145,136,4,181,22,12,43,56,48,104,196,141,7,191,64,42,194,115,41,197,146,188,];False
4115;9623;13738;[72,199,78,99,155,124,176,193,186,192,10,154,31,61,149,15,118,92,14,19,20,173,8,93,24,25,84,142,150,5,106,130,198,147,34,33,138,66,141,126,86,174,63,6,9,45,29,119,57,49,50,51,77,53,85,36,182,46,38,79,4,32,183,90,52,56,21,67,18,69,80,71,2,109,89,180,158,114,167,81,156,27,82,83,157,54,125,129,88,11,3,91,107,189,58,128,195,97,55,1,131,134,17,100,65,96,117,187,164,98,110,165,112,113,111,26,116,35,95,62,178,47,64,151,42,170,7,127,122,0,101,144,40,139,105,135,23,13,179,73,87,30,137,16,94,133,103,172,148,185,123,121,152,132,153,140,70,68,120,159,162,161,184,75,108,28,166,102,168,169,76,171,177,44,163,175,143,37,145,136,190,181,22,12,43,59,48,104,196,74,39,191,60,160,194,115,41,197,146,188,];False
4102;9635;13737;[72,199,78,99,155,124,176,193,186,192,10,154,31,61,149,15,118,92,14,19,20,173,8,93,24,25,84,142,150,5,106,130,198,147,34,33,138,66,141,126,86,174,63,6,9,45,29,119,57,49,50,51,77,53,85,36,182,46,38,79,4,32,183,90,52,56,21,67,18,69,80,71,2,109,89,180,158,114,167,81,156,27,82,83,157,54,125,129,88,11,3,91,107,189,58,128,195,97,55,1,131,134,17,100,65,96,44,187,164,98,110,165,112,113,111,26,116,35,95,62,178,47,64,151,160,170,7,127,122,0,101,144,40,139,105,135,23,13,179,73,87,30,137,16,94,133,103,172,148,185,123,121,152,132,153,140,70,68,120,159,162,161,184,75,108,28,166,102,168,169,76,171,177,117,163,175,143,37,145,136,190,181,22,12,43,59,48,104,196,74,39,191,60,42,194,115,41,197,146,188,];False
4144;9590;13734;[199,72,78,99,155,124,176,193,186,192,10,154,31,61,149,15,118,92,14,19,20,173,8,93,24,25,131,142,150,5,106,130,198,147,34,33,55,66,74,138,86,174,63,6,9,45,29,23,57,49,50,51,77,53,85,36,182,46,38,79,190,32,183,90,52,56,21,67,18,69,80,71,2,109,89,180,158,114,167,81,37,27,82,83,157,54,125,129,88,11,3,91,107,189,58,128,195,97,126,1,84,134,17,100,65,96,117,187,164,98,110,165,112,113,111,26,116,35,95,120,178,47,60,151,160,170,39,127,122,0,101,144,40,139,105,135,119,13,179,73,87,30,137,16,94,133,103,172,148,185,123,121,152,132,153,140,70,68,62,159,162,161,184,75,108,28,166,102,168,169,76,171,177,44,163,175,143,156,145,136,4,181,22,12,43,59,48,104,196,141,7,191,64,42,194,115,41,197,146,188,];False
4163;9571;13734;[199,72,78,99,155,124,176,193,186,192,10,154,31,61,149,15,118,92,14,19,20,173,8,101,24,25,131,142,150,5,106,130,198,147,34,33,55,66,74,111,86,174,63,6,9,45,158,119,57,49,50,51,77,53,85,36,182,46,38,79,93,32,183,90,52,56,21,67,18,69,80,71,2,109,89,180,29,114,167,81,37,27,82,83,157,54,125,129,88,11,3,91,107,13,58,128,195,97,39,1,84,134,17,100,65,96,117,187,164,98,110,165,112,113,138,26,116,35,30,120,178,47,122,151,160,170,126,127,60,0,190,144,40,139,105,135,23,189,179,73,87,95,137,16,94,133,103,172,148,185,123,121,152,132,153,140,70,68,62,159,162,161,184,75,108,28,166,102,168,169,76,171,177,44,163,175,143,156,145,136,4,181,22,12,43,59,48,104,196,141,7,191,64,42,194,115,41,197,146,188,];False
4222;9512;13734;[199,72,78,99,155,124,176,193,186,192,10,154,31,61,149,15,118,92,14,19,20,173,8,93,24,25,131,142,150,5,106,130,198,147,34,33,55,66,74,111,86,174,63,6,9,45,29,119,57,49,50,51,77,53,85,36,182,46,38,79,190,32,183,90,52,56,21,67,18,69,80,71,2,109,89,180,103,114,167,81,37,27,82,83,157,54,125,129,88,11,3,91,107,189,58,128,195,97,39,1,84,134,17,100,65,96,117,187,164,98,110,165,112,113,138,26,116,35,30,120,178,47,122,151,160,170,126,127,60,0,101,144,40,139,105,135,23,13,179,73,87,95,137,16,94,133,158,172,148,185,123,121,152,132,153,140,70,68,62,159,162,161,184,75,108,28,166,102,168,169,76,171,177,44,163,175,143,156,145,136,4,181,22,12,43,59,48,104,196,141,7,191,64,42,194,115,41,197,146,188,];False
4132;9601;13733;[199,72,78,99,155,124,176,115,186,192,10,154,31,61,149,15,118,92,14,19,20,173,8,101,24,25,131,142,150,5,106,130,198,147,34,33,55,66,74,111,86,174,63,6,9,45,158,119,57,49,50,51,77,53,85,36,182,46,38,79,93,32,183,90,52,56,21,67,18,69,80,71,2,109,89,180,29,114,167,81,37,27,82,83,157,54,125,129,88,11,3,91,107,189,58,128,195,97,39,1,84,134,17,100,65,96,117,187,164,98,110,165,112,113,138,26,116,35,30,120,178,47,122,151,160,170,126,127,60,0,190,144,40,139,105,135,23,13,179,73,87,95,137,16,94,133,103,172,148,185,123,121,152,132,153,140,70,68,62,159,162,161,184,75,108,28,166,102,168,169,76,171,177,44,163,175,143,156,145,136,4,181,22,12,43,59,48,104,196,141,7,191,64,42,194,193,41,197,146,188,];False
4172;9560;13732;[199,72,78,99,155,124,176,193,186,192,10,154,31,61,149,15,118,92,14,19,20,173,8,93,24,25,131,142,150,5,106,130,198,147,34,33,55,66,74,111,86,174,63,6,9,45,29,119,57,49,50,51,77,53,85,36,182,46,38,79,190,32,183,90,52,56,21,67,18,69,80,71,2,109,89,180,158,114,167,81,37,27,82,83,157,54,125,129,88,11,3,110,107,189,58,128,195,97,39,1,84,134,17,100,65,96,117,187,164,98,91,165,112,113,138,26,116,35,95,120,178,47,60,151,160,170,126,127,122,0,101,144,40,139,105,135,23,13,179,73,87,30,137,16,94,133,103,172,148,185,123,121,152,132,153,140,70,68,62,159,162,161,184,75,108,28,166,102,168,169,76,171,177,44,163,175,143,156,145,136,4,181,22,12,43,59,48,104,196,141,7,191,64,42,194,115,41,197,146,188,];False
4206;9526;13732;[199,72,78,99,155,124,176,193,186,192,10,154,31,61,149,15,118,92,14,19,20,173,8,93,24,25,131,142,150,5,106,130,198,147,34,33,55,66,74,111,86,174,63,6,9,45,29,119,57,49,50,51,77,53,85,36,182,46,38,79,190,32,183,90,52,56,21,67,18,69,80,71,2,109,89,180,158,114,167,81,37,27,82,83,157,54,125,129,88,11,3,152,107,189,58,128,195,97,39,1,84,134,17,100,65,96,117,187,164,98,110,165,112,113,138,26,116,35,30,120,178,47,122,151,160,170,126,127,60,0,101,144,40,139,105,135,23,13,179,73,87,95,137,16,94,133,103,172,148,185,123,121,91,132,153,140,70,68,62,159,162,161,184,75,108,28,166,102,168,169,76,171,177,44,163,175,143,156,145,136,4,181,22,12,43,59,48,104,196,141,7,191,64,42,194,115,41,197,146,188,];False
4174;9558;13732;[199,72,78,99,155,124,176,193,186,192,10,154,31,61,149,56,118,92,14,19,20,173,8,93,24,25,131,142,150,5,106,130,198,147,34,33,55,66,74,138,86,174,63,6,9,45,29,119,57,49,50,51,77,53,85,36,182,46,38,79,190,32,183,90,52,15,21,67,18,69,80,71,2,109,89,180,158,114,167,81,37,27,82,83,157,54,125,129,88,11,3,91,107,189,58,128,195,97,39,1,84,134,17,100,65,96,117,187,164,98,110,165,112,113,111,26,116,35,95,120,178,47,60,151,160,170,126,127,122,0,101,144,40,139,105,135,23,13,179,73,87,30,137,16,94,133,103,172,148,185,123,121,152,132,153,140,70,68,62,159,162,161,184,75,108,28,166,102,168,169,76,171,177,44,163,175,143,156,145,136,4,181,22,12,43,59,48,104,196,141,7,191,64,42,194,115,41,197,146,188,];False
4160;9571;13731;[199,72,78,99,155,124,176,193,186,192,10,154,31,61,149,15,118,92,14,19,20,173,8,101,24,25,131,142,150,5,106,130,198,147,34,33,55,66,74,63,86,174,111,6,9,45,158,119,57,49,50,51,77,53,85,36,182,46,38,79,93,32,183,90,52,56,21,67,18,69,80,71,2,109,89,180,29,114,167,81,37,27,82,83,157,54,125,129,88,11,3,91,107,189,58,128,195,97,39,1,84,134,17,100,65,96,117,187,164,98,110,165,112,113,138,26,116,35,30,120,178,47,122,151,160,170,126,127,60,0,190,144,40,139,105,135,23,13,179,73,87,95,137,16,94,133,103,172,148,185,123,121,152,132,153,140,70,68,62,159,162,161,184,75,108,28,166,102,168,169,76,171,177,44,163,175,143,156,145,136,4,181,22,12,43,59,48,104,196,141,7,191,64,42,194,115,41,197,146,188,];False
4193;9537;13730;[199,72,78,99,155,124,176,193,186,192,10,154,31,61,149,15,118,92,14,19,20,173,8,93,24,25,131,142,150,5,106,130,198,147,34,33,55,66,74,111,86,174,63,6,9,45,29,119,57,49,50,51,77,53,85,36,182,46,38,79,190,32,183,90,52,56,21,67,18,69,80,71,2,109,89,180,158,114,167,81,37,27,82,83,157,76,125,129,88,11,3,91,107,189,58,128,195,97,39,1,84,134,17,100,65,96,117,187,164,98,110,165,112,113,138,26,116,35,30,120,178,47,122,151,160,170,126,127,60,0,101,144,40,139,105,135,23,13,179,73,87,95,137,16,94,133,103,172,148,185,123,121,152,132,153,140,70,68,62,159,162,161,184,75,108,28,166,102,168,169,54,171,177,44,163,175,143,156,145,136,4,181,22,12,43,59,48,104,196,141,7,191,64,42,194,115,41,197,146,188,];False
4154;9576;13730;[199,72,78,99,155,124,176,193,186,192,10,154,31,61,149,15,118,92,14,19,20,173,8,101,24,25,131,142,150,5,106,130,198,147,34,33,55,66,74,111,86,174,63,6,9,45,158,119,57,49,50,51,77,53,85,36,182,46,164,79,156,32,183,90,52,56,21,67,18,69,80,71,2,109,89,180,29,114,167,81,37,27,82,83,157,54,125,129,88,11,3,91,107,189,58,128,195,97,39,1,84,134,17,100,65,96,117,187,38,98,110,165,112,113,138,26,116,35,30,120,178,47,122,151,160,170,126,127,60,0,190,144,40,139,105,135,23,13,179,73,87,95,137,16,94,133,103,172,148,185,123,121,152,132,153,140,70,68,62,159,162,161,184,75,108,28,166,102,168,169,76,171,177,44,163,175,143,93,145,136,4,181,22,12,43,59,48,104,196,141,7,191,64,42,194,115,41,197,146,188,];False
4118;9611;13729;[72,199,78,99,155,124,176,193,186,192,10,154,31,61,149,15,118,92,14,19,20,173,8,93,24,25,131,142,150,5,106,130,198,147,34,33,55,66,74,138,86,174,63,6,9,45,29,119,104,49,50,51,77,53,85,36,182,46,38,79,190,32,183,90,52,56,21,67,18,69,80,71,2,109,89,180,158,114,167,81,37,27,82,83,157,54,125,129,88,11,3,91,107,189,58,128,195,97,126,1,84,134,17,100,65,96,117,187,164,98,110,165,112,113,111,26,116,35,95,120,178,47,60,151,160,170,39,127,122,0,101,144,40,139,105,135,23,13,179,73,87,30,137,16,94,133,103,172,148,185,123,121,152,132,153,140,70,68,62,159,162,161,184,75,108,28,166,102,168,169,76,171,177,44,163,175,143,156,145,136,4,181,22,12,43,59,48,57,196,141,7,191,64,42,194,115,41,197,146,188,];False
4177;9552;13729;[199,72,78,99,155,124,176,193,186,192,10,154,31,61,149,15,118,92,14,19,20,173,8,93,24,25,131,142,150,5,106,130,198,147,34,33,55,66,74,111,86,174,63,6,9,45,29,119,57,49,50,51,77,53,85,36,182,46,38,79,190,32,183,90,52,56,21,67,18,69,80,71,2,109,89,180,158,114,167,81,37,27,82,83,157,54,125,129,88,11,3,91,107,189,58,128,195,97,39,1,84,134,17,100,65,96,117,187,164,98,110,165,112,113,138,26,116,35,30,120,178,47,122,151,160,170,126,127,60,0,101,144,40,139,105,135,23,13,179,73,181,95,137,16,94,133,103,172,148,185,123,121,152,132,153,140,70,68,62,159,162,161,184,75,108,28,166,102,168,169,76,171,177,44,163,175,143,156,145,136,4,87,22,12,43,59,48,104,196,141,7,191,64,42,194,115,41,197,146,188,];False
4159;9568;13727;[199,72,78,99,155,124,176,193,186,192,10,154,31,61,149,15,118,92,14,19,20,173,8,93,24,25,131,142,150,5,106,130,198,147,34,33,55,66,74,111,86,174,63,6,9,45,29,119,57,49,50,51,77,53,85,36,182,46,38,79,190,32,183,90,52,56,21,67,18,69,80,71,2,109,89,180,158,114,167,81,37,27,82,83,157,54,125,129,88,11,3,91,107,189,58,128,195,97,39,1,84,134,17,100,65,96,117,187,164,98,110,165,112,113,138,26,116,35,30,120,178,47,122,151,160,170,126,127,60,0,101,144,40,139,105,135,23,194,179,73,87,95,137,16,94,133,103,172,148,185,123,121,152,132,153,140,70,68,62,159,162,161,184,75,108,28,166,102,168,169,76,171,177,44,163,175,143,156,145,136,4,181,22,12,43,59,48,104,196,141,7,191,64,42,13,115,41,197,146,188,];False
4167;9560;13727;[199,72,78,99,155,124,176,7,186,192,10,154,31,61,149,15,118,92,14,19,20,173,8,101,24,25,131,142,150,5,106,130,198,147,34,33,55,66,74,111,86,174,63,6,9,45,158,119,57,49,50,51,77,53,85,36,182,46,38,79,156,32,183,90,52,56,21,67,18,69,80,71,2,39,89,180,29,114,167,81,37,27,82,83,157,54,170,129,88,11,3,91,107,189,58,128,195,97,109,1,84,134,102,100,65,96,117,187,164,98,110,165,112,113,138,26,116,35,30,120,178,47,122,151,160,125,126,127,60,0,190,144,40,139,105,135,23,13,179,73,87,95,137,16,94,133,103,172,148,185,123,121,152,132,153,140,70,68,62,159,162,161,184,75,108,28,166,17,168,169,76,171,177,44,163,175,143,93,145,136,4,181,22,12,43,59,48,104,196,141,193,191,64,42,194,115,41,197,146,188,];False
4078;9647;13725;[72,199,78,99,155,124,176,193,186,192,10,154,31,61,149,15,118,92,14,19,20,173,8,93,24,25,84,142,150,5,106,130,198,147,34,33,138,66,141,126,86,174,63,6,9,45,29,119,57,49,50,51,77,53,85,36,182,46,38,79,4,32,183,90,52,56,21,67,18,69,80,71,2,109,89,180,158,114,167,81,156,27,82,83,157,54,125,129,88,133,3,91,107,189,58,128,195,97,55,1,131,134,17,100,65,96,117,187,164,98,110,165,112,113,111,26,116,35,95,62,178,47,64,151,160,170,7,127,122,0,101,144,40,139,105,135,23,13,179,73,87,30,137,16,94,11,103,172,148,185,123,121,152,132,153,140,70,68,120,159,162,161,184,75,108,28,166,102,168,169,76,171,177,44,163,175,143,37,145,136,190,181,22,12,43,59,48,104,196,74,39,191,60,42,194,115,41,197,146,188,];False
4119;9606;13725;[72,199,78,99,155,124,176,193,186,192,52,154,31,61,149,15,118,92,14,19,20,173,8,93,24,25,84,142,150,5,106,130,198,147,34,33,55,66,141,126,86,174,63,6,9,45,29,119,57,49,50,51,77,53,85,36,182,46,38,79,4,32,183,90,10,56,21,67,18,69,80,71,2,109,89,180,158,114,167,81,37,27,82,83,157,54,125,129,88,11,3,91,107,189,58,128,195,97,138,1,131,134,17,100,65,96,117,187,164,98,110,165,112,113,111,26,116,35,95,120,178,47,64,151,160,170,7,127,122,0,101,144,40,139,105,135,23,13,179,73,87,30,137,16,94,133,103,172,148,185,123,121,152,132,153,140,70,68,62,159,162,161,184,75,108,28,166,102,168,169,76,171,177,44,163,175,143,156,145,136,190,181,22,12,43,59,48,104,196,74,39,191,60,42,194,115,41,197,146,188,];False
4160;9564;13724;[199,72,78,99,155,124,176,193,186,192,10,154,31,61,149,15,118,92,14,19,20,173,8,93,24,25,131,142,150,5,106,130,198,147,34,33,55,66,74,111,86,174,63,6,9,45,158,119,57,49,50,51,77,53,85,36,182,46,38,79,190,32,183,90,52,56,21,67,18,69,80,71,2,109,89,180,29,114,167,81,37,27,82,83,157,54,125,129,88,11,3,91,107,189,58,128,195,97,39,1,84,134,17,100,65,96,117,187,164,98,110,165,112,113,138,26,116,35,30,120,178,47,122,151,160,170,126,127,60,0,101,144,40,139,105,135,23,13,179,73,87,95,137,16,94,133,103,172,148,185,123,121,152,196,153,140,70,68,62,159,162,161,184,75,108,28,166,102,168,169,76,171,177,44,163,175,143,156,145,136,4,181,22,12,43,59,48,104,132,141,7,191,64,42,194,115,41,197,146,188,];False
4152;9571;13723;[199,72,78,99,155,124,176,193,186,192,10,154,31,61,149,68,118,92,14,19,20,173,8,93,24,25,131,142,150,5,106,130,198,147,34,33,55,66,74,138,86,174,63,6,9,45,29,119,57,49,50,51,77,53,85,36,182,46,38,79,190,32,183,90,52,56,21,67,18,69,80,71,2,109,89,180,158,114,167,81,37,27,82,83,157,54,125,129,88,11,3,91,107,189,58,128,195,97,126,1,84,134,17,100,65,96,117,187,164,98,110,165,112,113,111,26,116,35,95,120,178,47,60,151,160,170,39,127,122,0,101,144,40,139,105,135,23,13,179,73,87,30,137,16,94,133,103,172,148,185,123,121,152,132,153,140,70,15,62,159,162,161,184,75,108,28,166,102,168,169,76,171,177,44,163,175,143,156,145,136,4,181,22,12,43,59,48,104,196,141,7,191,64,42,194,115,41,197,146,188,];False
4084;9638;13722;[199,39,78,99,155,124,176,193,186,192,10,154,31,61,149,15,118,92,14,19,20,173,8,101,24,25,131,142,150,5,106,130,198,147,34,33,55,66,74,111,86,174,63,6,9,45,158,119,57,49,50,51,77,53,85,36,182,46,38,79,156,32,183,90,52,56,21,67,18,69,80,71,2,109,89,180,29,114,167,81,37,27,82,83,157,54,125,129,88,11,3,91,107,189,58,128,195,97,72,1,84,134,17,100,65,96,117,187,164,98,110,165,112,113,138,26,116,35,30,120,178,47,122,151,160,170,126,127,60,0,190,144,40,139,105,135,23,13,179,73,87,95,137,16,94,133,103,172,148,185,123,121,152,132,153,140,70,68,62,159,162,161,184,75,108,28,166,102,168,169,76,171,177,44,163,175,143,93,145,136,4,181,22,12,43,59,48,104,196,141,7,191,64,42,194,115,41,197,146,188,];False
4126;9596;13722;[199,72,78,99,155,124,176,193,186,192,10,154,31,61,149,15,118,92,14,19,20,173,8,101,24,25,131,142,150,5,106,130,198,147,34,33,55,66,74,111,86,174,63,6,9,45,158,119,57,49,50,51,77,53,85,36,182,46,38,79,156,32,183,90,52,56,21,67,18,69,80,71,2,109,89,180,29,114,167,81,37,27,82,83,157,54,125,129,88,11,3,91,107,189,58,128,195,172,39,1,84,134,17,100,65,96,117,187,164,98,110,165,112,113,138,26,116,35,30,120,178,47,122,151,160,170,126,127,60,0,190,144,40,139,105,135,23,13,179,73,87,95,137,16,94,133,103,97,148,185,123,121,152,132,153,140,70,68,62,159,162,161,184,75,108,28,166,102,168,169,76,171,177,44,163,175,143,93,145,136,4,181,22,12,43,59,48,104,196,141,7,191,64,42,194,115,41,197,146,188,];False
4161;9559;13720;[199,72,78,99,155,124,176,193,186,192,10,154,31,61,149,15,118,92,14,19,20,173,8,101,24,93,131,142,150,5,106,130,198,147,34,33,55,66,74,111,86,174,63,6,9,45,158,119,57,49,50,51,77,53,85,36,182,46,38,79,156,32,183,90,52,56,21,67,18,69,80,71,2,109,89,180,29,114,167,81,37,27,82,83,157,54,170,129,88,11,3,91,107,189,58,128,195,97,39,1,84,134,17,100,65,96,117,187,164,98,110,165,112,113,138,26,116,35,30,120,178,47,122,151,160,125,126,127,60,0,190,144,40,139,105,135,23,13,179,73,87,95,137,16,94,133,103,172,148,185,123,121,152,132,153,140,70,68,62,159,162,161,184,75,108,28,166,102,168,169,76,171,177,44,163,175,143,25,145,136,4,181,22,12,43,59,48,104,196,141,7,191,64,42,194,115,41,197,146,188,];False
4136;9584;13720;[199,72,78,99,155,124,176,193,186,192,10,154,31,61,149,15,118,92,14,19,20,173,8,101,24,25,131,142,150,5,106,130,198,147,34,33,55,66,74,111,86,174,63,6,9,45,158,119,57,49,50,51,77,53,85,36,182,46,179,79,156,32,183,90,52,56,21,67,18,69,80,71,2,109,89,180,29,114,167,81,37,27,82,83,157,54,125,129,88,11,3,91,107,189,58,128,195,97,39,1,84,134,17,100,65,96,117,187,164,98,110,165,112,113,138,26,116,35,30,120,178,47,122,151,160,170,126,127,60,0,190,144,40,139,105,135,23,13,38,73,87,95,137,16,94,133,103,172,148,185,123,121,152,132,153,140,70,68,62,159,162,161,184,75,108,28,166,102,168,169,76,171,177,44,163,175,143,93,145,136,4,181,22,12,43,59,48,104,196,141,7,191,64,42,194,115,41,197,146,188,];False
4152;9568;13720;[72,199,78,99,155,124,176,193,186,192,10,154,31,61,149,15,118,92,14,19,20,173,8,93,24,25,131,142,150,5,106,130,198,147,34,33,55,66,74,138,86,174,63,6,9,45,29,119,57,49,50,51,77,53,85,36,182,46,38,79,4,32,183,90,52,56,21,67,18,69,80,71,2,109,89,180,158,114,167,81,37,27,82,83,157,54,125,129,88,11,3,91,107,189,58,128,195,97,126,1,84,134,17,100,65,96,117,187,164,98,110,165,112,113,111,26,116,35,95,120,178,47,60,151,160,170,7,127,122,0,101,144,40,139,105,135,23,13,179,73,181,30,137,16,94,133,103,172,148,185,123,121,152,132,153,140,70,68,62,159,162,161,184,75,108,28,166,102,168,169,76,171,177,44,163,175,143,156,145,136,190,87,22,12,43,59,48,104,196,141,39,191,64,42,194,115,41,197,146,188,];False
4115;9605;13720;[199,114,78,99,155,124,176,193,186,192,10,154,31,61,149,15,118,92,14,19,20,173,8,101,24,25,131,142,150,5,106,130,198,147,34,33,55,66,74,111,86,174,63,6,9,45,158,119,57,49,50,51,77,53,85,36,182,46,38,79,93,32,183,90,52,56,21,67,18,69,80,71,2,109,89,180,29,72,167,81,37,27,82,83,157,54,125,129,88,11,3,91,107,189,58,128,195,97,39,1,84,134,17,100,65,96,117,187,164,98,110,165,112,113,138,26,116,35,30,120,178,47,122,151,160,170,126,127,60,0,190,144,40,139,105,135,23,13,179,73,87,95,137,16,94,133,103,172,148,185,123,121,152,132,153,140,70,68,62,159,162,161,184,75,108,28,166,102,168,169,76,171,177,44,163,175,143,156,145,136,4,181,22,12,43,59,48,104,196,141,7,191,64,42,194,115,41,197,146,188,];False
4159;9560;13719;[199,72,78,99,155,124,176,193,186,192,10,154,31,61,149,15,118,92,14,19,20,173,8,101,24,25,131,142,150,5,106,130,198,147,34,33,55,66,74,111,86,174,63,6,9,45,158,119,57,49,50,51,77,53,85,36,182,46,38,79,93,32,183,90,52,56,21,67,18,69,80,179,2,109,89,180,29,114,167,81,37,27,82,83,157,54,125,129,88,11,3,91,107,189,58,128,195,97,39,1,84,134,17,100,65,96,117,187,164,98,110,165,112,113,138,26,116,35,30,120,178,47,122,151,160,170,126,127,60,0,190,144,40,139,105,135,23,13,71,73,87,95,137,16,94,133,103,172,148,185,123,121,152,132,153,140,70,68,62,159,162,161,184,75,108,28,166,102,168,169,76,171,177,44,163,175,143,156,145,136,4,181,22,12,43,59,48,104,196,141,7,191,64,42,194,115,41,197,146,188,];False
4129;9590;13719;[199,72,78,99,155,124,176,193,186,192,10,154,31,61,149,15,118,92,14,19,20,173,8,93,24,25,131,142,150,5,106,130,198,147,34,33,55,66,74,138,86,174,63,6,9,45,29,119,57,49,50,51,77,53,85,36,182,46,38,79,190,32,183,90,52,56,21,67,18,69,80,71,2,109,89,180,158,114,167,81,37,27,82,83,157,54,125,129,88,11,3,91,107,189,58,128,195,97,39,1,84,134,17,100,65,96,117,187,164,98,110,165,112,113,111,26,116,35,95,120,178,47,60,151,160,170,126,127,122,0,101,144,40,139,105,135,23,13,179,73,87,30,137,16,94,133,103,172,148,185,123,121,152,197,153,140,70,68,62,159,162,161,184,75,108,28,166,102,168,169,76,171,177,44,163,175,143,156,145,136,4,181,22,12,43,59,48,104,196,141,7,191,64,42,194,115,41,132,146,188,];False
4091;9628;13719;[72,199,78,99,155,124,176,193,186,192,10,154,31,61,149,15,118,92,14,19,20,173,8,93,24,25,84,142,150,5,106,130,198,147,34,33,138,66,76,126,86,174,63,6,9,45,29,119,57,49,50,51,77,53,85,36,182,46,38,79,4,32,183,90,52,56,21,67,18,69,80,71,2,109,89,180,158,114,167,81,156,27,82,83,157,54,125,129,88,11,3,91,107,189,58,128,195,97,55,1,131,134,17,100,65,96,117,187,164,98,110,165,112,113,111,26,116,35,95,62,178,47,64,151,160,170,7,127,122,0,101,144,40,139,105,135,23,13,179,73,87,30,137,16,94,133,103,172,148,185,123,121,152,132,153,140,70,68,120,159,162,161,184,75,108,28,166,102,168,169,141,171,177,44,163,175,143,37,145,136,190,181,22,12,43,59,48,104,196,74,39,191,60,42,194,115,41,197,146,188,];False
4162;9557;13719;[199,72,78,99,155,124,176,193,186,192,10,154,31,61,149,15,118,92,14,19,20,173,8,93,24,25,131,142,150,5,106,130,198,147,34,33,55,66,74,111,86,174,63,6,9,45,29,119,57,49,50,51,77,53,85,36,182,46,38,79,190,32,183,90,52,56,21,67,18,69,80,71,2,109,89,180,158,114,167,81,37,27,82,83,157,54,125,129,88,11,3,91,107,189,58,128,195,97,39,1,84,134,17,100,65,96,117,187,164,98,110,165,112,113,138,26,116,35,30,120,178,47,122,151,160,170,126,127,60,0,101,144,40,139,105,181,23,13,179,73,87,95,137,16,94,133,103,172,148,185,123,121,152,132,153,140,70,68,62,159,162,161,184,75,108,28,166,102,168,169,76,171,177,44,163,175,143,156,145,136,4,135,22,12,43,59,48,104,196,141,7,191,64,42,194,115,41,197,146,188,];False
4129;9590;13719;[72,199,78,99,155,124,176,193,186,192,10,154,31,61,149,15,118,92,14,19,20,173,8,93,24,25,131,142,150,5,106,130,198,147,34,33,55,66,74,138,86,174,63,6,9,45,29,119,57,49,50,51,77,53,85,36,182,46,38,79,4,32,183,90,58,56,21,67,18,69,80,71,2,109,89,180,158,114,167,81,37,27,82,83,157,54,125,129,88,11,3,91,107,189,52,128,195,97,126,1,84,134,17,100,65,96,117,187,164,98,110,165,112,113,111,26,116,35,95,120,178,47,60,151,160,170,7,127,122,0,101,144,40,139,105,135,23,13,179,73,87,30,137,16,94,133,103,172,148,185,123,121,152,132,153,140,70,68,62,159,162,161,184,75,108,28,166,102,168,169,76,171,177,44,163,175,143,156,145,136,190,181,22,12,43,59,48,104,196,141,39,191,64,42,194,115,41,197,146,188,];False
4165;9554;13719;[199,72,78,99,155,124,176,193,186,192,10,154,31,61,149,15,118,92,14,19,20,173,8,93,24,25,131,132,150,5,106,130,198,147,34,33,55,66,74,138,86,174,63,6,9,45,29,119,57,49,50,51,77,53,85,36,182,46,38,79,190,32,183,90,52,56,21,67,18,69,80,71,2,109,89,180,158,114,167,81,37,27,82,83,157,54,125,129,88,11,3,91,107,189,58,128,195,97,39,1,84,134,17,100,65,96,117,187,164,98,110,165,112,113,111,26,116,35,95,120,178,47,60,151,160,170,126,127,122,0,101,144,40,139,105,135,23,13,179,73,87,30,137,16,94,133,103,172,148,185,123,121,152,142,153,140,70,68,62,159,162,161,184,75,108,28,166,102,168,169,76,171,177,44,163,175,143,156,145,136,4,181,22,12,43,59,48,104,196,141,7,191,64,42,194,115,41,197,146,188,];False
4062;9656;13718;[199,72,78,99,155,124,176,193,186,192,10,154,31,61,149,15,118,92,14,19,20,173,8,93,24,25,131,142,150,5,106,130,198,147,34,33,55,66,74,138,86,174,63,6,9,45,29,119,57,49,50,26,77,53,85,36,182,46,38,79,190,32,183,90,52,56,21,67,18,69,80,71,2,109,89,180,158,114,167,81,37,27,82,83,157,54,125,129,88,11,3,91,107,189,58,128,195,97,126,1,84,134,17,100,65,96,117,187,164,98,110,165,112,113,111,51,116,35,95,120,178,47,60,151,160,170,39,127,122,0,101,144,40,139,105,135,23,13,179,73,87,30,137,16,94,133,103,172,148,185,123,121,152,132,153,140,70,68,62,159,162,161,184,75,108,28,166,102,168,169,76,171,177,44,163,175,143,156,145,136,4,181,22,12,43,59,48,104,196,141,7,191,64,42,194,115,41,197,146,188,];False
4203;9514;13717;[199,72,78,99,155,124,176,193,186,192,10,154,31,61,149,15,118,92,14,19,20,173,8,93,24,25,131,142,150,5,55,130,198,147,34,33,106,66,74,111,86,174,63,6,9,45,29,119,57,49,50,51,77,53,85,36,182,46,38,79,190,32,183,90,52,56,21,67,18,69,80,71,2,109,89,180,158,114,167,81,37,27,82,83,157,54,125,129,88,11,3,91,107,189,58,128,195,97,39,1,84,134,17,100,65,96,117,187,164,98,110,165,112,113,138,26,116,35,30,120,178,47,122,151,160,170,126,127,60,0,101,144,40,139,105,135,23,13,179,73,87,95,137,16,94,133,103,172,148,185,123,121,152,132,153,140,70,68,62,159,162,161,184,75,108,28,166,102,168,169,76,171,177,44,163,175,143,156,145,136,4,181,22,12,43,59,48,104,196,141,7,191,64,42,194,115,41,197,146,188,];False
4186;9530;13716;[199,72,78,99,155,124,176,193,186,192,10,154,31,61,149,15,118,92,14,19,20,146,8,93,24,25,131,142,150,5,106,130,198,147,34,33,55,66,74,111,86,174,63,6,9,45,158,119,57,49,50,51,77,53,85,36,182,46,38,79,101,32,183,90,52,56,21,67,18,69,80,71,2,109,89,180,29,114,167,81,37,27,82,83,157,54,125,129,88,11,3,91,107,189,58,128,195,97,39,1,84,134,17,100,65,96,117,187,164,98,110,165,112,113,138,26,116,35,30,120,178,47,122,151,160,170,126,127,60,0,190,144,40,139,105,135,23,13,179,73,87,95,137,16,94,133,103,172,148,185,123,121,152,132,153,140,70,68,62,159,162,161,184,75,108,28,166,102,168,169,76,171,177,44,163,175,143,156,145,136,4,181,22,12,43,59,48,104,196,141,7,191,64,42,194,115,41,197,173,188,];False
4177;9539;13716;[199,72,78,99,155,124,176,193,186,192,10,154,31,61,149,15,118,92,14,19,20,173,8,93,24,25,131,142,150,5,106,130,198,147,34,33,55,66,74,111,86,174,63,6,9,45,29,119,57,49,50,51,77,53,85,36,182,46,38,79,190,32,183,90,52,56,21,67,18,69,80,71,2,109,89,180,158,114,167,81,37,27,82,83,157,54,125,129,88,11,3,91,107,189,58,128,195,97,39,1,84,134,17,100,65,96,117,187,164,98,110,165,112,113,138,26,145,35,30,120,178,47,122,151,160,170,126,127,60,0,101,144,40,139,105,135,23,13,179,73,87,95,137,16,94,133,103,172,148,185,123,121,152,132,153,140,70,68,62,159,162,161,184,75,108,28,166,102,168,169,76,171,177,44,163,175,143,156,116,136,4,181,22,12,43,59,48,104,196,141,7,191,64,42,194,115,41,197,146,188,];False
4136;9580;13716;[199,72,78,99,155,124,176,193,186,192,10,154,31,61,149,15,118,92,14,19,20,173,8,101,24,25,131,142,150,5,106,130,198,147,34,33,55,66,74,111,86,174,63,6,9,45,158,119,57,49,50,51,77,53,85,36,182,46,38,79,93,32,183,90,52,56,21,67,18,41,80,71,2,109,89,180,29,114,167,81,37,27,82,83,157,54,125,129,88,11,3,91,107,189,58,128,195,97,39,1,84,134,17,100,65,96,117,187,164,98,110,165,112,113,138,26,116,35,30,120,178,47,122,151,160,170,126,127,60,0,190,144,40,139,105,135,23,13,179,73,87,95,137,16,94,133,103,172,148,185,123,121,152,132,153,140,70,68,62,159,162,161,184,75,108,28,166,102,168,169,76,171,177,44,163,175,143,156,145,136,4,181,22,12,43,59,48,104,196,141,7,191,64,42,194,115,69,197,146,188,];False
4167;9547;13714;[199,72,78,99,155,124,176,193,186,30,10,154,31,61,149,15,118,92,14,19,20,173,8,101,24,25,131,142,150,5,106,130,198,147,34,33,55,66,74,111,86,174,63,6,9,45,158,119,57,49,50,51,77,53,85,36,182,46,38,79,156,32,183,90,52,56,21,67,18,69,80,71,2,109,89,180,29,114,167,81,37,27,82,83,157,54,170,129,88,11,3,91,107,189,58,128,195,97,39,1,84,134,102,100,65,96,117,187,164,98,110,165,112,113,138,26,116,35,192,120,178,47,122,151,160,125,126,127,60,0,190,144,40,139,105,135,23,13,179,73,87,95,137,16,94,133,103,172,148,185,123,121,152,132,153,140,70,68,62,159,162,161,184,75,108,28,166,17,168,169,76,171,177,44,163,175,143,93,145,136,4,181,22,12,43,59,48,104,196,141,7,191,64,42,194,115,41,197,146,188,];False
4139;9574;13713;[199,72,78,99,155,124,176,193,186,192,10,154,31,61,149,15,118,92,14,19,20,173,8,101,24,25,131,142,150,5,106,130,198,147,34,33,55,66,74,111,86,174,63,6,9,45,158,119,57,49,50,51,77,53,85,36,182,46,38,79,93,32,183,90,52,56,21,67,18,69,80,71,2,109,89,180,29,114,132,81,37,27,82,83,157,54,125,129,88,11,3,91,107,189,58,128,195,97,39,1,84,134,17,100,65,96,117,187,164,98,110,165,112,113,138,26,116,35,30,120,178,47,122,151,160,170,126,127,60,0,190,144,40,139,105,135,23,13,179,73,87,95,137,16,94,133,103,172,148,185,123,121,152,167,153,140,70,68,62,159,162,161,184,75,108,28,166,102,168,169,76,171,177,44,163,175,143,156,145,136,4,181,22,12,43,59,48,104,196,141,7,191,64,42,194,115,41,197,146,188,];False
4154;9558;13712;[199,72,78,99,155,124,176,193,186,192,10,154,31,61,149,15,118,92,14,19,20,173,8,101,24,25,131,142,150,5,106,130,96,147,34,33,55,66,74,111,86,174,63,6,9,45,158,119,57,49,50,51,77,53,85,36,182,46,38,79,156,32,183,90,52,56,21,67,18,69,80,71,2,109,89,180,29,114,167,81,37,27,82,83,157,54,125,129,88,11,3,91,107,189,58,128,195,97,39,1,84,134,17,100,65,198,117,187,164,98,110,165,112,113,138,26,116,35,30,120,178,47,122,151,160,170,126,127,60,0,190,144,40,139,105,135,23,13,179,73,87,95,137,16,94,133,103,172,148,185,123,121,152,132,153,140,70,68,62,159,162,161,184,75,108,28,166,102,168,169,76,171,177,44,163,175,143,93,145,136,4,181,22,12,43,59,48,104,196,141,7,191,64,42,194,115,41,197,146,188,];False
4150;9561;13711;[199,72,78,99,155,124,176,193,186,192,10,154,31,61,149,15,118,92,14,19,20,173,8,101,24,25,131,142,150,5,106,130,198,147,34,33,55,66,74,111,86,174,63,6,9,45,158,119,57,49,50,51,77,53,85,36,182,46,38,79,156,32,183,90,52,56,21,67,18,69,71,80,2,109,89,180,29,114,167,81,37,27,82,83,157,54,170,129,88,11,3,91,107,189,58,128,195,97,39,1,84,134,17,100,65,96,117,187,164,98,110,165,112,113,138,26,116,35,30,120,178,47,122,151,160,125,126,127,60,0,190,144,40,139,105,135,23,13,179,73,87,95,137,16,94,133,103,172,148,185,123,121,152,132,153,140,70,68,62,159,162,161,184,75,108,28,166,102,168,169,76,171,177,44,163,175,143,93,145,136,4,181,22,12,43,59,48,104,196,141,7,191,64,42,194,115,41,197,146,188,];False
4123;9587;13710;[199,72,78,99,155,124,176,193,186,192,10,154,31,61,149,15,118,92,14,19,20,173,8,101,24,25,131,142,150,5,106,130,198,147,34,33,55,66,74,111,86,174,63,6,9,45,158,119,57,49,50,51,77,53,85,36,182,46,38,79,93,32,183,90,52,56,21,67,18,69,80,71,2,109,89,180,29,114,167,81,37,27,82,83,157,54,125,129,88,11,3,91,107,189,58,128,195,97,39,1,84,134,17,100,65,47,117,187,164,98,110,165,112,113,138,26,116,35,30,120,178,96,122,151,160,170,126,127,60,0,190,144,40,139,105,135,23,13,179,73,87,95,137,16,94,133,103,172,148,185,123,121,152,132,153,140,70,68,62,159,162,161,184,75,108,28,166,102,168,169,76,171,177,44,163,175,143,156,145,136,4,181,22,12,43,59,48,104,196,141,7,191,64,42,194,115,41,197,146,188,];False
4142;9567;13709;[199,72,78,99,155,124,176,193,186,192,10,154,31,61,149,15,118,92,14,19,20,173,8,93,24,25,131,142,150,5,106,130,198,147,34,33,55,66,74,111,86,174,63,6,9,45,29,119,57,49,50,51,77,53,85,36,182,46,38,79,190,32,183,90,52,56,21,67,18,69,80,71,2,109,89,180,158,114,167,81,37,27,82,83,157,54,125,129,88,11,3,91,107,189,58,128,195,97,39,1,84,134,17,100,65,96,117,187,164,98,110,165,112,113,138,26,116,35,30,120,178,47,122,151,160,170,126,127,60,0,101,144,145,139,105,135,23,13,179,73,87,95,137,16,94,133,103,172,148,185,123,121,152,132,153,140,70,68,62,159,162,161,184,75,108,28,166,102,168,169,76,171,177,44,163,175,143,156,40,136,4,181,22,12,43,59,48,104,196,141,7,191,64,42,194,115,41,197,146,188,];False
4158;9550;13708;[199,72,78,99,155,124,176,193,186,192,10,154,31,61,149,15,118,92,14,19,20,173,8,101,24,25,131,142,150,5,106,130,198,147,34,33,183,66,74,111,86,174,63,6,9,45,158,119,57,49,50,51,77,53,85,36,182,46,38,79,156,32,55,90,52,56,21,67,18,69,80,71,2,109,89,180,29,114,167,81,37,27,82,83,157,54,170,129,88,11,3,91,107,189,58,128,195,97,39,1,84,134,17,100,65,96,117,187,164,98,110,165,112,113,138,26,116,35,30,120,178,47,122,151,160,125,126,127,60,0,190,144,40,139,105,135,23,13,179,73,87,95,137,16,94,133,103,172,148,185,123,121,152,132,153,140,70,68,62,159,162,161,184,75,108,28,166,102,168,169,76,171,177,44,163,175,143,93,145,136,4,181,22,12,43,59,48,104,196,141,7,191,64,42,194,115,41,197,146,188,];False
4147;9559;13706;[199,72,78,99,155,124,176,193,186,192,10,154,31,61,149,15,118,92,14,19,20,173,8,101,24,25,131,142,150,5,106,130,198,147,34,33,55,66,74,111,86,174,63,6,9,45,158,119,57,49,50,51,77,53,85,36,182,46,38,79,156,32,183,90,52,56,21,67,18,69,80,71,2,39,89,180,29,114,167,81,37,27,82,83,157,54,170,129,88,11,3,91,107,189,58,128,195,97,109,1,84,134,102,100,65,96,117,187,164,98,110,165,112,113,138,26,116,35,30,120,178,47,122,151,160,125,126,127,60,0,190,144,40,139,105,135,23,13,179,73,87,95,137,16,94,133,103,172,148,185,123,121,152,132,153,140,70,68,62,159,162,161,184,75,108,28,166,17,168,169,76,171,177,44,163,175,143,93,145,136,4,181,22,12,43,59,48,104,196,141,7,191,64,42,194,115,41,197,146,188,];False
4127;9579;13706;[199,72,78,99,155,124,176,193,186,192,175,154,31,61,149,15,118,92,14,19,20,173,8,93,24,25,131,142,150,5,106,130,198,147,34,33,55,66,74,111,86,174,63,6,9,45,158,119,57,49,50,51,77,53,85,36,182,46,38,79,190,32,183,90,52,56,21,67,18,69,80,71,2,109,89,180,29,114,167,81,37,27,82,83,157,54,125,129,88,11,3,91,107,189,58,128,195,97,39,1,84,134,17,100,65,96,117,187,164,98,110,165,112,113,138,26,116,35,30,120,178,47,122,151,160,170,126,127,60,0,101,144,40,139,105,135,23,13,179,73,87,95,137,16,94,133,103,172,148,185,123,121,152,132,153,140,70,68,62,159,162,161,184,75,108,28,166,102,168,169,76,171,177,44,163,10,143,156,145,136,4,181,22,12,43,59,48,104,196,141,7,191,64,42,194,115,41,197,146,188,];False
4086;9620;13706;[72,199,78,99,155,124,176,193,186,192,10,154,31,61,149,15,118,92,14,19,20,173,8,93,24,25,84,142,150,5,106,130,198,147,34,33,138,66,141,126,86,174,63,6,9,45,29,119,57,49,50,51,77,53,85,36,182,46,38,79,4,32,183,90,52,56,21,67,18,69,80,71,2,109,89,180,158,114,167,81,156,27,82,83,157,54,125,129,88,11,3,91,168,189,58,128,195,97,55,1,131,134,17,100,65,96,117,187,164,98,110,165,112,113,111,26,116,35,95,62,178,47,64,151,160,170,7,127,122,0,101,144,40,139,105,135,23,13,179,73,87,30,137,16,94,133,103,172,148,185,123,121,152,132,153,140,70,68,120,159,162,161,184,75,108,28,166,102,107,169,76,171,177,44,163,175,143,37,145,136,190,181,22,12,43,59,48,104,196,74,39,191,60,42,194,115,41,197,146,188,];False
4178;9528;13706;[199,72,78,99,155,124,176,193,186,192,10,154,31,61,149,15,118,92,14,19,20,173,8,93,24,25,131,142,150,5,106,130,198,147,34,33,55,66,74,111,86,174,63,6,9,45,158,119,57,49,50,51,77,53,85,36,182,46,38,79,190,32,183,90,52,56,21,67,18,69,80,71,2,109,89,108,29,114,167,81,37,27,82,83,157,54,125,129,88,11,3,91,107,189,58,128,195,97,39,1,84,134,17,100,65,96,117,187,164,98,110,165,112,113,138,26,116,35,30,120,178,47,122,151,160,170,126,127,60,0,101,144,40,139,105,135,23,13,179,73,87,95,137,16,94,133,103,172,148,185,123,121,152,132,153,140,70,68,62,159,162,161,184,75,180,28,166,102,168,169,76,171,177,44,163,175,143,156,145,136,4,181,22,12,43,59,48,104,196,141,7,191,64,42,194,115,41,197,146,188,];False
4175;9530;13705;[199,72,78,99,155,124,176,193,186,192,10,154,31,61,149,15,118,92,14,19,20,173,8,93,24,25,131,142,150,5,106,130,198,147,34,33,55,66,74,111,86,174,63,6,9,45,29,119,57,49,50,51,77,53,85,36,182,46,38,79,190,32,183,90,52,56,21,67,18,69,80,71,2,109,89,180,158,114,167,81,37,27,82,83,157,54,125,129,88,11,3,91,107,189,58,128,195,97,39,1,84,134,17,100,65,96,117,187,164,98,110,165,112,113,138,26,116,35,30,120,178,47,122,151,160,170,126,127,60,0,101,144,40,139,105,135,23,13,179,73,87,95,137,16,94,196,103,172,148,185,123,121,152,132,153,140,70,68,62,159,162,161,184,75,108,28,166,102,168,169,76,171,177,44,163,175,143,156,145,136,4,181,22,12,43,59,48,104,133,141,7,191,64,42,194,115,41,197,146,188,];False
4108;9596;13704;[199,72,78,99,155,124,176,193,186,192,10,154,31,61,149,15,42,92,14,19,20,173,8,93,24,25,131,142,150,5,106,130,198,147,34,33,55,66,74,111,86,174,63,6,9,45,29,119,57,49,50,51,77,53,85,36,182,46,38,79,190,32,183,90,52,56,21,67,18,69,80,71,2,109,89,180,158,114,167,81,37,27,82,83,157,54,125,129,88,11,3,91,107,189,58,128,195,97,39,1,84,134,17,100,65,96,117,187,164,98,110,165,112,113,138,26,116,35,30,120,178,47,122,151,160,170,126,127,60,0,101,144,40,139,105,135,23,13,179,73,87,95,137,16,94,133,103,172,148,185,123,121,152,132,153,140,70,68,62,159,162,161,184,75,108,28,166,102,168,169,76,171,177,44,163,175,143,156,145,136,4,181,22,12,43,59,48,104,196,141,7,191,64,118,194,115,41,197,146,188,];False
4104;9599;13703;[199,72,78,99,155,124,176,193,186,192,10,154,31,61,149,15,118,92,14,19,20,173,8,93,24,25,131,142,150,5,106,130,198,147,34,33,55,66,74,111,86,174,63,6,9,45,158,119,57,49,50,51,77,53,85,36,182,46,38,79,101,32,183,90,52,56,21,67,18,69,80,71,2,109,89,180,29,114,167,81,37,27,82,83,157,54,125,129,88,11,3,91,107,189,58,128,195,97,39,1,84,134,17,100,65,96,117,187,164,98,110,165,112,127,138,26,116,35,30,120,178,47,122,151,160,170,126,113,60,0,190,144,40,139,105,135,23,13,179,73,87,95,137,16,94,133,103,172,148,185,123,121,152,132,153,140,70,68,62,159,162,161,184,75,108,28,166,102,168,169,76,171,177,44,163,175,143,156,145,136,4,181,22,12,43,59,48,104,196,141,7,191,64,42,194,115,41,197,146,188,];False
4069;9634;13703;[72,199,78,99,155,124,176,193,186,192,10,154,31,61,149,15,118,92,14,19,20,173,8,93,24,25,84,142,150,5,106,130,198,147,34,33,138,66,141,126,86,174,63,6,9,45,29,119,57,49,50,51,77,53,85,36,182,46,38,79,4,32,183,90,52,56,21,67,18,69,80,71,2,109,89,180,158,114,159,81,156,27,82,83,157,54,125,129,88,11,3,91,107,189,58,128,195,97,55,1,131,134,17,100,65,96,117,187,164,98,110,165,112,113,111,26,116,35,95,62,178,47,64,151,160,170,7,127,122,0,101,144,40,139,105,135,23,13,179,73,87,30,137,16,94,133,103,172,148,185,123,121,152,132,153,140,70,68,120,167,162,161,184,75,108,28,166,102,168,169,76,171,177,44,163,175,143,37,145,136,190,181,22,12,43,59,48,104,196,74,39,191,60,42,194,115,41,197,146,188,];False
4162;9540;13702;[199,72,78,99,155,124,176,193,186,192,10,154,31,61,149,15,118,92,14,19,20,173,8,93,24,25,131,142,150,5,106,130,198,147,34,33,55,66,74,111,86,174,63,6,9,45,29,119,57,49,50,51,77,53,85,36,182,46,38,79,190,32,183,90,52,56,21,67,18,69,80,71,2,109,89,180,158,114,167,81,37,27,82,83,157,54,125,129,88,11,3,91,107,189,58,128,195,97,39,1,84,134,17,100,65,96,117,187,164,98,110,165,112,113,138,26,116,35,30,120,178,47,122,151,160,170,126,127,60,0,101,163,40,139,105,135,23,13,179,73,87,95,137,16,94,133,103,172,148,185,123,121,152,132,153,140,70,68,62,159,162,161,184,75,108,28,166,102,168,169,76,171,177,44,144,175,143,156,145,136,4,181,22,12,43,59,48,104,196,141,7,191,64,42,194,115,41,197,146,188,];False
4172;9530;13702;[199,72,78,99,155,124,176,193,186,192,10,154,31,61,149,15,118,92,20,19,14,173,8,93,24,25,131,142,150,5,106,130,198,147,34,33,55,66,74,111,86,174,63,6,9,45,29,119,57,49,50,51,77,53,85,36,182,46,38,79,190,32,183,90,52,56,21,67,18,69,80,71,2,109,89,180,158,114,167,81,37,27,82,83,157,54,125,129,88,11,3,91,107,189,58,128,195,97,39,1,84,134,17,100,65,96,117,187,164,98,110,165,112,113,138,26,116,35,30,120,178,47,122,151,160,170,126,127,60,0,101,144,40,139,105,135,23,13,179,73,87,95,137,16,94,133,103,172,148,185,123,121,152,132,153,140,70,68,62,159,162,161,184,75,108,28,166,102,168,169,76,171,177,44,163,175,143,156,145,136,4,181,22,12,43,59,48,104,196,141,7,191,64,42,194,115,41,197,146,188,];False
4145;9556;13701;[199,72,78,99,155,124,176,193,186,192,10,154,31,61,149,15,118,92,14,19,20,173,8,93,24,25,131,142,150,5,106,130,198,147,34,33,55,66,74,138,86,174,63,6,9,45,29,119,57,49,50,51,77,53,85,36,182,46,38,79,190,32,183,90,52,56,21,67,18,69,80,71,2,109,89,180,158,114,167,81,37,27,82,83,157,54,125,129,88,11,3,91,107,70,58,128,195,97,39,1,84,134,17,100,65,96,117,187,164,98,110,165,112,113,111,26,116,35,95,120,178,47,60,151,160,170,126,127,122,0,101,144,40,139,105,135,23,13,179,73,87,30,137,16,94,133,103,172,148,185,123,121,152,132,153,140,189,68,62,159,162,161,184,75,108,28,166,102,168,169,76,171,177,44,163,175,143,156,145,136,4,181,22,12,43,59,48,104,196,141,7,191,64,42,194,115,41,197,146,188,];False
4165;9536;13701;[199,72,78,99,155,124,176,193,186,192,10,154,31,61,149,15,118,92,14,19,20,173,8,93,24,25,131,142,150,5,106,130,198,147,34,33,55,66,74,111,86,174,63,6,9,45,29,119,57,49,50,104,77,53,85,36,182,46,38,79,190,32,183,90,52,56,21,67,18,69,80,71,2,109,89,180,158,114,167,81,37,27,82,83,157,54,125,129,88,11,3,91,107,189,58,128,195,97,39,1,84,134,17,100,65,96,117,187,164,98,110,165,112,113,138,26,116,35,30,120,178,47,122,151,160,170,126,127,60,0,101,144,40,139,105,135,23,13,179,73,87,95,137,16,94,133,103,172,148,185,123,121,152,132,153,140,70,68,62,159,162,161,184,75,108,28,166,102,168,169,76,171,177,44,163,175,143,156,145,136,4,181,22,12,43,59,48,51,196,141,7,191,64,42,194,115,41,197,146,188,];False
4189;9511;13700;[199,72,78,99,155,124,176,193,186,192,10,154,31,61,149,15,118,92,14,19,20,173,8,93,24,25,131,142,150,5,106,130,198,147,34,33,55,66,74,108,86,174,63,6,9,45,29,119,57,49,50,51,77,53,85,36,182,46,38,79,190,32,183,90,52,56,21,67,18,69,80,71,2,109,89,180,158,114,167,81,37,27,82,83,157,54,125,129,88,11,3,91,107,189,58,128,195,97,39,1,84,134,17,100,65,96,117,187,164,98,110,165,112,113,138,26,116,35,30,120,178,47,122,151,160,170,126,127,60,0,101,144,40,139,105,135,23,13,179,73,87,95,137,16,94,133,103,172,148,185,123,121,152,132,153,140,70,68,62,159,162,161,184,75,111,28,166,102,168,169,76,171,177,44,163,175,143,156,145,136,4,181,22,12,43,59,48,104,196,141,7,191,64,42,194,115,41,197,146,188,];False
4153;9546;13699;[199,72,78,99,155,124,176,193,186,192,10,154,31,61,149,15,118,92,14,19,20,173,8,93,24,25,131,142,150,5,106,130,198,147,34,125,55,66,74,111,86,174,63,6,9,45,29,119,57,49,50,51,77,53,85,36,182,46,38,79,190,32,183,90,52,56,21,67,18,69,80,71,2,109,89,180,158,114,167,81,37,27,82,83,157,54,33,129,88,11,3,91,107,189,58,128,195,97,39,1,84,134,17,100,65,96,117,187,164,98,110,165,112,113,138,26,116,35,30,120,178,47,122,151,160,170,126,127,60,0,101,144,40,139,105,135,23,13,179,73,87,95,137,16,94,133,103,172,148,185,123,121,152,132,153,140,70,68,62,159,162,161,184,75,108,28,166,102,168,169,76,171,177,44,163,175,143,156,145,136,4,181,22,12,43,59,48,104,196,141,7,191,64,42,194,115,41,197,146,188,];False
4145;9553;13698;[199,72,78,99,155,124,176,193,186,192,10,154,31,61,149,15,118,92,14,19,20,173,8,93,24,25,131,142,150,5,106,130,198,147,34,33,55,66,74,111,86,174,63,6,9,45,29,119,108,49,50,51,77,53,85,36,182,46,38,79,190,32,183,90,52,56,21,67,18,69,80,71,2,109,89,180,158,114,167,81,37,27,82,83,157,54,125,129,88,11,3,91,107,189,58,128,195,97,39,1,84,134,17,100,65,96,117,187,164,98,110,165,112,113,138,26,116,35,30,120,178,47,122,151,160,170,126,127,60,0,101,144,40,139,105,135,23,13,179,73,87,95,137,16,94,133,103,172,148,185,123,121,152,132,153,140,70,68,62,159,162,161,184,75,57,28,166,102,168,169,76,171,177,44,163,175,143,156,145,136,4,181,22,12,43,59,48,104,196,141,7,191,64,42,194,115,41,197,146,188,];False
4145;9552;13697;[199,72,78,99,155,124,176,193,186,192,10,154,31,61,149,15,118,92,14,19,20,173,8,93,24,25,131,142,150,5,106,130,198,147,34,33,55,66,74,111,86,174,63,6,9,45,29,119,57,49,50,51,77,53,85,36,182,46,38,79,190,32,183,90,52,56,21,67,18,69,80,71,2,109,89,180,158,114,167,81,37,27,82,83,157,54,125,129,88,11,3,91,107,189,58,128,195,97,39,1,84,134,17,100,65,96,117,187,164,98,110,165,112,113,138,26,116,35,30,120,178,47,122,151,160,170,126,127,60,0,101,144,40,139,105,135,23,59,179,73,87,95,137,16,94,133,103,172,148,185,123,121,152,132,153,140,70,68,62,159,162,161,184,75,108,28,166,102,168,169,76,171,177,44,163,175,143,156,145,136,4,181,22,12,43,13,48,104,196,141,7,191,64,42,194,115,41,197,146,188,];False
4117;9580;13697;[199,72,78,99,155,124,176,193,186,192,10,154,31,61,149,15,118,92,14,19,20,173,8,93,24,25,131,142,150,5,106,130,198,147,34,33,55,66,74,138,86,174,63,6,9,45,29,119,57,49,50,51,77,53,85,36,182,46,38,79,190,32,183,90,52,56,21,67,18,69,80,71,2,109,89,180,158,189,167,81,37,27,82,83,157,54,125,129,88,11,3,91,107,114,58,128,195,97,39,1,84,134,17,100,65,96,117,187,164,98,110,165,112,113,111,26,116,35,95,120,178,47,60,151,160,170,126,127,122,0,101,144,40,139,105,135,23,13,179,73,87,30,137,16,94,133,103,172,148,185,123,121,152,132,153,140,70,68,62,159,162,161,184,75,108,28,166,102,168,169,76,171,177,44,163,175,143,156,145,136,4,181,22,12,43,59,48,104,196,141,7,191,64,42,194,115,41,197,146,188,];False
4046;9650;13696;[199,72,78,99,155,124,176,193,186,192,10,154,31,61,149,15,118,92,14,19,20,173,8,93,24,25,131,142,150,5,106,130,198,147,34,33,55,66,74,138,86,174,63,6,9,45,29,119,57,49,50,51,77,53,85,36,182,46,38,79,190,32,183,90,52,56,21,67,18,69,80,71,2,109,89,180,158,114,167,81,37,27,82,83,157,54,125,129,88,11,3,91,107,189,58,128,195,97,126,1,84,134,17,100,65,96,117,187,164,98,110,165,112,113,111,26,116,35,95,120,178,47,60,151,160,170,39,127,122,188,101,144,40,139,105,135,23,13,179,73,87,30,137,16,94,133,103,172,148,185,123,121,152,132,153,140,70,68,62,159,162,161,184,75,108,28,166,102,168,169,76,171,177,44,163,175,143,156,145,136,4,181,22,12,43,59,48,104,196,141,7,191,64,42,194,115,41,197,146,0,];False
4110;9586;13696;[72,199,78,99,155,124,176,193,186,192,10,154,31,61,149,15,118,92,14,19,20,173,8,93,24,25,131,142,150,5,106,130,198,147,34,33,55,66,74,138,86,174,63,6,9,45,29,119,57,49,50,51,77,53,85,36,182,46,38,79,190,32,183,90,52,56,21,67,18,69,80,71,2,109,89,180,158,114,167,81,37,27,82,83,157,54,125,129,88,11,3,91,107,189,58,128,195,97,126,1,84,134,17,100,65,96,117,187,164,98,110,165,112,113,111,102,116,35,95,120,178,47,60,151,160,170,39,127,122,0,101,144,40,139,105,135,23,13,179,73,87,30,137,16,94,133,103,172,148,185,123,121,152,132,153,140,70,68,62,159,162,161,184,75,108,28,166,26,168,169,76,171,177,44,163,175,143,156,145,136,4,181,22,12,43,59,48,104,196,141,7,191,64,42,194,115,41,197,146,188,];False
4140;9553;13693;[199,72,78,99,155,124,176,193,186,192,10,154,31,61,149,15,118,92,14,19,20,173,8,93,24,25,131,142,150,5,106,130,198,147,34,33,55,66,74,111,86,174,63,6,9,45,29,119,57,49,50,51,77,53,85,36,182,46,38,79,190,32,183,90,52,56,21,67,18,69,80,71,2,109,89,180,158,114,167,81,37,27,82,83,157,54,48,129,88,11,3,91,107,189,58,128,195,97,39,1,84,134,17,100,65,96,117,187,164,98,110,165,112,113,138,26,116,35,30,120,178,47,122,151,160,170,126,127,60,0,101,144,40,139,105,135,23,13,179,73,87,95,137,16,94,133,103,172,148,185,123,121,152,132,153,140,70,68,62,159,162,161,184,75,108,28,166,102,168,169,76,171,177,44,163,175,143,156,145,136,4,181,22,12,43,59,125,104,196,141,7,191,64,42,194,115,41,197,146,188,];False
4178;9515;13693;[199,72,78,99,155,124,176,193,186,192,10,154,31,61,149,15,118,92,14,19,20,173,8,93,24,25,131,142,150,5,106,130,198,147,34,33,55,66,74,111,86,174,63,6,9,45,158,119,36,49,50,51,77,53,85,57,182,46,38,79,101,32,183,90,52,56,21,67,18,69,80,71,2,109,89,180,29,114,167,81,37,27,82,83,157,54,125,129,88,11,3,91,107,189,58,128,195,97,39,1,84,134,17,100,65,96,117,187,164,98,110,165,112,113,138,26,116,35,30,120,178,47,122,151,160,170,126,127,60,0,190,144,40,139,105,135,23,13,179,73,87,95,137,16,94,133,103,172,148,185,123,121,152,132,153,140,70,68,62,159,162,161,184,75,108,28,166,102,168,169,76,171,177,44,163,175,143,156,145,136,4,181,22,12,43,59,48,104,196,141,7,191,64,42,194,115,41,197,146,188,];False
4167;9526;13693;[199,72,78,99,155,124,176,193,186,192,10,154,31,61,149,15,118,92,14,19,20,173,8,93,24,25,131,142,150,5,106,130,198,147,34,33,55,66,74,111,86,174,63,6,9,45,158,119,57,49,50,51,77,53,85,36,182,46,38,79,101,32,183,90,52,56,21,67,18,69,80,71,2,109,89,180,29,114,167,81,37,27,82,83,157,54,125,129,88,11,3,91,107,189,58,128,195,97,39,1,84,134,17,100,65,96,117,187,164,98,110,165,112,113,138,26,116,35,30,120,178,47,122,151,160,170,126,127,60,0,190,144,40,139,105,135,23,13,179,73,87,95,137,16,94,133,103,41,148,185,123,121,152,132,153,140,70,68,62,159,162,161,184,75,108,28,166,102,168,169,76,171,177,44,163,175,143,156,145,136,4,181,22,12,43,59,48,104,196,141,7,191,64,42,194,115,172,197,146,188,];False
4091;9601;13692;[199,72,78,99,155,124,176,193,186,192,10,154,31,61,149,15,118,92,14,19,20,173,8,101,24,25,131,142,150,57,106,130,198,147,34,33,55,66,74,111,86,174,63,6,9,45,158,119,5,49,50,51,77,53,85,36,182,46,38,79,156,32,183,90,52,56,21,67,18,69,80,71,2,109,89,180,29,114,167,81,37,27,82,83,157,54,125,129,88,11,3,91,107,189,58,128,195,97,39,1,84,134,17,100,65,96,117,187,164,98,110,165,112,113,138,26,116,35,30,120,178,47,122,151,160,170,126,127,60,0,190,144,40,139,105,135,23,13,179,73,87,95,137,16,94,133,103,172,148,185,123,121,152,132,153,140,70,68,62,159,162,161,184,75,108,28,166,102,168,169,76,171,177,44,163,175,143,93,145,136,4,181,22,12,43,59,48,104,196,141,7,191,64,42,194,115,41,197,146,188,];False
4109;9583;13692;[199,72,78,99,155,124,176,193,186,192,10,154,31,61,149,15,160,92,14,19,20,173,8,93,24,25,131,142,150,5,106,130,198,147,34,33,55,66,74,111,86,174,63,6,9,45,29,119,57,49,50,51,77,53,85,36,182,46,38,79,190,32,183,90,52,56,21,67,18,69,80,71,2,109,89,180,158,114,167,81,37,27,82,83,157,54,125,129,88,11,3,91,107,189,58,128,195,97,39,1,84,134,17,100,65,96,117,187,164,98,110,165,112,113,138,26,116,35,95,120,178,47,122,151,118,170,126,127,60,0,101,144,40,139,105,135,23,13,179,73,87,30,137,16,94,133,103,172,148,185,123,121,152,132,153,140,70,68,62,159,162,161,184,75,108,28,166,102,168,169,76,171,177,44,163,175,143,156,145,136,4,181,22,12,43,59,48,104,196,141,7,191,64,42,194,115,41,197,146,188,];False
4095;9597;13692;[199,72,78,99,155,124,176,193,186,192,10,154,31,61,149,15,118,92,14,19,20,173,8,101,24,25,131,142,150,5,106,81,198,147,34,33,55,66,74,111,86,174,63,6,9,45,158,119,57,49,50,51,77,53,85,36,182,46,38,79,93,32,183,90,52,56,21,67,18,69,80,71,2,109,89,180,29,114,167,130,37,27,82,83,157,54,125,129,88,11,3,91,107,189,58,128,195,97,39,1,84,134,17,100,65,96,117,187,164,98,110,165,112,113,138,26,116,35,30,120,178,47,122,151,160,170,126,127,60,0,190,144,40,139,105,135,23,13,179,73,87,95,137,16,94,133,103,172,148,185,123,121,152,132,153,140,70,68,62,159,162,161,184,75,108,28,166,102,168,169,76,171,177,44,163,175,143,156,145,136,4,181,22,12,43,59,48,104,196,141,7,191,64,42,194,115,41,197,146,188,];False
4115;9576;13691;[199,72,78,99,155,124,176,193,186,192,10,154,31,61,149,15,118,92,14,19,20,173,8,101,24,25,131,142,150,5,106,130,198,147,34,33,55,66,74,111,86,174,63,6,9,45,158,119,57,49,50,51,77,53,85,36,182,46,38,79,93,32,183,90,52,56,21,67,18,69,80,71,2,109,89,180,29,114,167,81,37,27,82,83,157,54,125,129,88,11,3,91,107,189,58,128,195,97,39,1,84,134,17,187,65,96,117,100,164,98,110,165,112,113,138,26,116,35,30,120,178,47,122,151,160,170,126,127,60,0,190,144,40,139,105,135,23,13,179,73,87,95,137,16,94,133,103,172,148,185,123,121,152,132,153,140,70,68,62,159,162,161,184,75,108,28,166,102,168,169,76,171,177,44,163,175,143,156,145,136,4,181,22,12,43,59,48,104,196,141,7,191,64,42,194,115,41,197,146,188,];False
4071;9620;13691;[72,199,78,99,155,124,176,193,186,192,10,154,31,61,149,15,118,92,14,19,20,173,8,93,24,25,84,142,150,5,106,130,198,147,34,33,138,66,141,70,86,174,63,6,9,45,29,119,57,49,50,51,77,53,85,36,182,46,38,79,4,32,183,90,52,56,21,67,18,69,80,71,2,109,89,180,158,114,167,81,156,27,82,83,157,54,125,129,88,11,3,91,107,189,58,128,195,97,55,1,131,134,17,100,65,96,117,187,164,98,110,165,112,113,111,26,116,35,95,62,178,47,64,151,160,170,7,127,122,0,101,144,40,139,105,135,23,13,179,73,87,30,137,16,94,133,103,172,148,185,123,121,152,132,153,140,126,68,120,159,162,161,184,75,108,28,166,102,168,169,76,171,177,44,163,175,143,37,145,136,190,181,22,12,43,59,48,104,196,74,39,191,60,42,194,115,41,197,146,188,];False
4065;9626;13691;[72,199,78,99,155,124,176,193,186,192,10,154,31,61,149,15,118,92,14,19,20,173,8,93,24,25,84,142,150,5,106,130,198,147,34,33,138,66,141,126,86,174,63,6,9,45,29,119,57,49,50,51,77,53,85,36,182,46,38,79,4,32,183,90,52,178,21,67,18,69,80,71,2,109,89,180,158,114,167,81,156,27,82,83,157,54,125,129,88,11,3,91,107,189,58,128,195,97,55,1,131,134,17,100,65,96,117,187,164,98,110,165,112,113,111,26,116,35,95,120,56,47,64,151,160,170,7,127,122,0,101,144,40,139,105,135,23,13,179,73,87,30,137,16,94,133,103,172,148,185,123,121,152,132,153,140,70,68,62,159,162,161,184,75,108,28,166,102,168,169,76,171,177,44,163,175,143,37,145,136,190,181,22,12,43,59,48,104,196,74,39,191,60,42,194,115,41,197,146,188,];False
4078;9612;13690;[199,72,78,99,155,124,176,193,186,192,10,154,31,61,149,15,118,92,14,19,20,173,8,93,24,25,131,142,150,5,106,130,198,147,34,33,55,66,74,138,86,174,63,6,9,45,29,119,57,49,50,51,77,53,85,36,182,46,38,79,190,32,133,90,52,56,21,67,18,69,80,71,2,109,89,180,158,114,167,81,37,27,82,83,157,54,125,129,88,11,3,91,107,189,58,128,195,97,126,1,84,134,17,100,65,96,117,187,164,98,110,165,112,113,111,26,116,35,95,120,178,47,60,151,160,170,39,127,122,0,101,144,40,139,105,135,23,13,179,73,87,30,137,16,94,183,103,172,148,185,123,121,152,132,153,140,70,68,62,159,162,161,184,75,108,28,166,102,168,169,76,171,177,44,163,175,143,156,145,136,4,181,22,12,43,59,48,104,196,141,7,191,64,42,194,115,41,197,146,188,];False
4119;9571;13690;[199,72,78,99,155,124,176,193,186,192,10,154,31,61,149,15,118,92,14,19,20,173,8,93,24,25,131,142,150,5,106,130,198,147,34,33,55,66,74,111,86,174,63,6,9,45,135,119,57,49,50,51,77,53,85,36,182,46,38,79,101,32,183,90,52,56,21,67,18,69,80,71,2,109,89,180,29,114,167,81,37,27,82,83,157,54,125,129,88,11,3,91,107,189,58,128,195,97,39,1,84,134,17,100,65,96,117,187,164,98,110,165,112,113,138,26,116,35,30,120,178,47,122,151,160,170,126,127,60,0,190,144,40,139,105,158,23,13,179,73,87,95,137,16,94,133,103,172,148,185,123,121,152,132,153,140,70,68,62,159,162,161,184,75,108,28,166,102,168,169,76,171,177,44,163,175,143,156,145,136,4,181,22,12,43,59,48,104,196,141,7,191,64,42,194,115,41,197,146,188,];False
4132;9558;13690;[199,72,78,99,155,124,176,193,186,192,10,154,31,61,149,15,118,92,14,19,20,173,8,93,24,25,131,142,150,5,106,130,198,147,34,33,55,66,74,138,86,174,63,6,9,45,29,119,57,49,50,51,77,53,85,36,182,129,38,79,190,32,183,90,52,56,21,67,18,69,80,71,2,109,89,180,158,114,167,81,37,27,82,83,157,54,125,46,88,11,3,91,107,189,58,128,195,97,39,1,84,134,17,100,65,96,117,187,164,98,110,165,112,113,111,26,116,35,95,120,178,47,60,151,160,170,126,127,122,0,101,144,40,139,105,135,23,13,179,73,87,30,137,16,94,133,103,172,148,185,123,121,152,132,153,140,70,68,62,159,162,161,184,75,108,28,166,102,168,169,76,171,177,44,163,175,143,156,145,136,4,181,22,12,43,59,48,104,196,141,7,191,64,42,194,115,41,197,146,188,];False
4112;9577;13689;[199,72,78,99,155,124,176,193,186,192,10,154,31,61,149,15,118,92,14,19,20,173,8,101,24,25,131,142,150,5,106,130,198,147,34,33,55,66,74,111,86,174,63,6,9,45,158,119,57,49,50,51,77,53,85,36,182,46,38,79,93,32,183,90,52,56,21,67,18,69,80,71,2,109,89,180,29,114,167,81,37,27,82,83,157,54,125,129,88,11,3,91,107,189,58,128,195,97,39,1,84,134,17,100,65,96,117,187,164,98,110,165,48,113,138,26,116,35,30,120,178,47,122,151,160,170,126,127,60,0,190,144,40,139,105,135,23,13,179,73,87,95,137,16,94,133,103,172,148,185,123,121,152,132,153,140,70,68,62,159,162,161,184,75,108,28,166,102,168,169,76,171,177,44,163,175,143,156,145,136,4,181,22,12,43,59,112,104,196,141,7,191,64,42,194,115,41,197,146,188,];False
4147;9542;13689;[199,72,78,99,155,124,176,193,186,192,10,154,31,61,149,15,118,92,14,19,20,173,8,93,24,25,131,142,150,5,106,130,198,147,34,33,55,66,74,138,86,174,63,6,9,45,29,119,57,49,50,51,77,53,85,36,182,46,38,79,190,32,183,90,52,56,21,67,18,69,80,71,2,109,89,180,158,114,167,81,37,27,82,83,157,54,125,129,88,11,3,91,107,189,58,128,195,97,39,1,84,134,17,100,65,96,117,187,164,98,110,165,112,113,111,26,116,35,95,120,178,47,60,151,160,170,126,127,122,0,101,144,40,139,105,135,23,13,179,73,87,30,137,16,94,133,103,172,148,185,123,168,152,132,153,140,70,68,62,159,162,161,184,75,108,28,166,102,121,169,76,171,177,44,163,175,143,156,145,136,4,181,22,12,43,59,48,104,196,141,7,191,64,42,194,115,41,197,146,188,];False
4170;9518;13688;[199,72,78,99,155,124,176,193,186,192,10,154,31,61,149,15,118,92,14,19,20,173,8,93,24,25,131,142,150,5,106,130,198,147,34,33,55,66,74,111,86,174,63,6,9,45,29,119,57,49,50,51,77,53,85,36,182,46,38,79,190,32,183,90,52,56,21,67,18,69,80,71,2,109,89,180,158,114,167,81,37,27,82,83,157,54,125,129,88,11,3,91,107,189,58,128,195,97,39,1,84,134,17,100,65,96,117,187,164,98,110,165,112,113,138,26,116,35,30,120,178,140,122,151,160,170,126,127,60,0,101,144,40,139,105,135,23,13,179,73,87,95,137,16,94,133,103,172,148,185,123,121,152,132,153,47,70,68,62,159,162,161,184,75,108,28,166,102,168,169,76,171,177,44,163,175,143,156,145,136,4,181,22,12,43,59,48,104,196,141,7,191,64,42,194,115,41,197,146,188,];False
4131;9557;13688;[199,72,78,99,155,124,176,193,186,192,10,154,31,61,149,15,118,92,14,19,20,173,8,93,24,25,131,142,150,5,106,130,198,147,34,33,55,66,74,111,86,174,63,6,9,45,158,119,57,49,50,51,77,53,85,36,182,46,38,79,190,32,183,90,52,56,21,67,18,69,80,71,2,109,89,180,29,114,167,81,37,27,82,83,157,54,125,129,88,11,3,91,107,189,58,128,195,97,39,1,84,134,17,100,65,96,117,187,164,98,110,165,112,113,138,26,116,35,30,120,178,47,122,151,160,170,126,127,60,0,101,144,40,139,105,135,23,13,179,73,87,95,137,94,16,133,103,172,148,185,123,121,152,132,153,140,70,68,62,159,162,161,184,75,108,28,166,102,168,169,76,171,177,44,163,175,143,156,145,136,4,181,22,12,43,59,48,104,196,141,7,191,64,42,194,115,41,197,146,188,];False
4159;9527;13686;[199,72,78,99,155,124,176,193,186,192,10,154,31,61,149,15,118,92,14,19,20,173,8,93,24,25,131,142,150,5,106,130,198,147,34,33,55,66,74,111,86,174,63,6,9,45,29,119,57,49,50,51,77,53,85,36,182,46,38,79,190,32,183,90,52,56,21,67,18,69,80,71,2,109,89,180,158,114,167,81,37,27,82,83,143,54,125,129,88,11,3,91,107,189,58,128,195,97,39,1,84,134,17,100,65,96,117,187,164,98,110,165,112,113,138,26,116,35,30,120,178,47,122,151,160,170,126,127,60,0,101,144,40,139,105,135,23,13,179,73,87,95,137,16,94,133,103,172,148,185,123,121,152,132,153,140,70,68,62,159,162,161,184,75,108,28,166,102,168,169,76,171,177,44,163,175,157,156,145,136,4,181,22,12,43,59,48,104,196,141,7,191,64,42,194,115,41,197,146,188,];False
4054;9632;13686;[72,199,78,99,155,124,176,193,186,192,10,154,31,61,149,15,118,92,14,19,20,152,8,93,24,25,84,142,150,5,106,130,198,147,34,33,138,66,141,126,86,174,63,6,9,45,29,119,57,49,50,51,77,53,85,36,182,46,38,79,4,32,183,90,52,56,21,67,18,69,80,71,2,109,89,180,158,114,167,81,156,27,82,83,157,54,125,129,88,11,3,91,107,189,58,128,195,97,55,1,131,134,17,100,65,96,117,187,164,98,110,165,112,113,111,26,116,35,95,62,178,47,64,151,160,170,7,127,122,0,101,144,40,139,105,135,23,13,179,73,87,30,137,16,94,133,103,172,148,185,123,121,173,132,153,140,70,68,120,159,162,161,184,75,108,28,166,102,168,169,76,171,177,44,163,175,143,37,145,136,190,181,22,12,43,59,48,104,196,74,39,191,60,42,194,115,41,197,146,188,];False
4155;9531;13686;[199,72,78,99,155,124,176,193,186,192,10,154,31,61,149,15,118,92,14,19,20,173,8,93,24,25,131,142,150,5,106,130,198,147,34,33,55,66,74,111,86,174,63,6,9,45,29,119,57,49,50,51,77,53,85,36,182,46,38,79,190,32,183,44,52,56,21,67,18,69,80,71,2,109,89,180,158,114,167,81,37,27,82,83,157,54,125,129,88,11,3,91,107,189,58,128,195,97,39,1,84,134,17,100,65,96,117,187,164,98,110,165,112,113,138,26,116,35,95,120,178,47,122,151,160,170,126,127,60,0,101,144,40,139,105,135,23,13,179,73,87,30,137,16,94,133,103,172,148,185,123,121,152,132,153,140,70,68,62,159,162,161,184,75,108,28,166,102,168,169,76,171,177,90,163,175,143,156,145,136,4,181,22,12,43,59,48,104,196,141,7,191,64,42,194,115,41,197,146,188,];False
4124;9561;13685;[199,72,78,99,155,124,176,193,186,192,10,154,31,61,149,15,118,92,14,19,20,173,8,93,24,25,131,142,150,5,106,130,198,147,34,33,55,66,74,111,86,174,63,6,9,45,29,119,57,49,50,51,77,53,85,36,182,46,38,79,190,32,183,90,52,56,21,67,18,69,80,71,2,109,89,180,158,114,167,81,37,27,82,83,157,54,125,129,88,11,3,91,107,189,58,128,195,97,39,1,84,134,17,100,65,96,117,187,164,98,110,165,112,113,138,26,116,35,95,120,178,47,122,151,160,170,126,127,60,0,101,144,40,139,87,135,23,13,179,73,105,30,137,16,94,133,103,172,148,185,123,121,152,132,153,140,70,68,62,159,162,161,184,75,108,28,166,102,168,169,76,171,177,44,163,175,143,156,145,136,4,181,22,12,43,59,48,104,196,141,7,191,64,42,194,115,41,197,146,188,];False
4117;9568;13685;[199,72,119,99,155,124,176,193,186,192,10,154,31,61,149,15,118,92,14,19,20,173,8,93,24,25,131,142,150,5,106,130,198,147,34,33,55,66,74,138,86,174,63,6,9,45,29,78,57,49,50,51,77,53,85,36,182,46,38,79,190,32,183,90,52,56,21,67,18,69,80,71,2,109,89,180,158,114,167,81,37,27,82,83,157,54,125,129,88,11,3,91,107,189,58,128,195,97,39,1,84,134,17,100,65,96,117,187,164,98,110,165,112,113,111,26,116,35,95,120,178,47,60,151,160,170,126,127,122,0,101,144,40,139,105,135,23,13,179,73,87,30,137,16,94,133,103,172,148,185,123,121,152,132,153,140,70,68,62,159,162,161,184,75,108,28,166,102,168,169,76,171,177,44,163,175,143,156,145,136,4,181,22,12,43,59,48,104,196,141,7,191,64,42,194,115,41,197,146,188,];False
4126;9559;13685;[199,72,78,99,155,124,176,193,186,192,10,154,31,61,149,15,118,92,14,19,20,173,8,93,24,25,131,142,150,5,106,130,198,147,34,33,55,66,74,138,86,174,63,160,9,45,29,119,57,49,50,51,77,53,85,36,182,46,38,79,190,32,183,90,52,56,21,67,18,69,80,71,2,109,89,180,158,114,167,81,37,27,82,83,157,54,125,129,88,11,3,91,107,189,58,128,195,97,39,1,84,134,17,100,65,96,117,187,164,98,110,165,112,113,111,26,116,35,95,120,178,47,60,151,6,170,126,127,122,0,101,144,40,139,105,135,23,13,179,73,87,30,137,16,94,133,103,172,148,185,123,121,152,132,153,140,70,68,62,159,162,161,184,75,108,28,166,102,168,169,76,171,177,44,163,175,143,156,145,136,4,181,22,12,43,59,48,104,196,141,7,191,64,42,194,115,41,197,146,188,];False
4098;9586;13684;[72,199,78,99,155,124,176,193,186,192,10,154,31,61,149,104,118,92,14,19,20,173,8,93,24,25,84,142,150,5,106,130,198,147,34,33,55,66,141,126,86,174,63,6,9,45,29,119,57,49,50,51,77,53,85,36,182,46,38,79,4,32,183,90,52,56,21,67,18,69,80,71,2,109,89,180,158,114,167,81,37,27,82,83,157,54,125,129,88,11,3,91,107,189,58,128,195,97,138,1,131,134,17,100,65,96,117,187,164,98,110,165,112,113,111,26,116,35,95,120,178,47,64,151,160,170,7,127,122,0,101,144,40,139,105,135,23,13,179,73,87,30,137,16,94,133,103,172,148,185,123,121,152,132,153,140,70,68,62,159,162,161,184,75,108,28,166,102,168,169,76,171,177,44,163,175,143,156,145,136,190,181,22,12,43,59,48,15,196,74,39,191,60,42,194,115,41,197,146,188,];False
4085;9599;13684;[199,72,78,99,155,124,176,193,186,192,10,154,31,61,149,15,118,92,14,19,20,173,8,101,24,25,131,142,150,5,106,130,125,147,34,33,55,66,74,111,86,174,63,6,9,45,158,119,57,49,50,51,77,53,85,36,182,46,38,79,93,32,183,90,52,56,21,67,18,69,80,71,2,109,89,180,29,114,167,81,37,27,82,83,157,54,198,129,88,11,3,91,107,189,58,128,195,97,39,1,84,134,17,100,65,96,117,187,164,98,110,165,112,113,138,26,116,35,30,120,178,47,122,151,160,170,126,127,60,0,190,144,40,139,105,135,23,13,179,73,87,95,137,16,94,133,103,172,148,185,123,121,152,132,153,140,70,68,62,159,162,161,184,75,108,28,166,102,168,169,76,171,177,44,163,175,143,156,145,136,4,181,22,12,43,59,48,104,196,141,7,191,64,42,194,115,41,197,146,188,];False
4198;9485;13683;[199,72,78,99,155,124,176,193,186,192,10,68,31,61,149,15,118,92,14,19,20,173,8,93,24,25,131,142,150,5,106,130,198,147,34,33,55,66,74,111,86,174,63,6,9,45,29,119,57,49,50,51,77,53,85,36,182,46,38,79,190,32,183,90,52,56,21,67,18,69,80,71,2,109,89,180,158,114,167,81,37,27,82,83,157,54,125,129,88,11,3,91,107,189,58,128,195,97,39,1,84,134,17,100,65,96,117,187,164,98,110,165,112,113,138,26,116,35,30,120,178,47,122,151,160,170,126,127,60,0,101,144,40,139,105,135,23,13,179,73,87,95,137,16,94,133,103,172,148,185,123,121,152,132,153,140,70,154,62,159,162,161,184,75,108,28,166,102,168,169,76,171,177,44,163,175,143,156,145,136,4,181,22,12,43,59,48,104,196,141,7,191,64,42,194,115,41,197,146,188,];False
4143;9539;13682;[72,199,78,99,155,124,176,193,186,192,10,154,31,61,149,15,118,92,14,19,20,173,8,93,24,25,131,142,150,5,106,130,198,147,34,33,55,66,74,138,86,174,63,6,9,45,29,119,57,49,50,51,77,53,85,36,182,46,38,79,4,32,183,90,52,56,21,67,18,69,80,71,2,109,89,180,158,114,167,81,37,27,82,83,157,54,125,129,88,11,3,91,107,189,58,128,195,97,126,1,84,134,17,100,65,96,117,187,164,98,110,165,112,113,111,26,116,35,95,120,178,143,60,151,160,170,39,127,122,0,101,144,40,139,105,135,23,13,179,73,87,30,137,16,94,133,103,172,148,185,123,121,152,132,153,140,70,68,62,159,162,161,184,75,108,28,166,102,168,169,76,171,177,44,163,175,47,156,145,136,190,181,22,12,43,59,48,104,196,141,7,191,64,42,194,115,41,197,146,188,];False
4145;9536;13681;[199,72,78,99,155,124,176,193,186,192,10,154,31,61,149,15,118,92,14,19,20,173,8,93,24,25,131,142,150,5,106,130,198,147,34,33,38,66,74,111,86,174,63,6,9,45,29,119,57,49,50,51,77,53,85,36,182,46,55,79,190,32,183,90,52,56,21,67,18,69,80,71,2,109,89,180,158,114,167,81,37,27,82,83,157,54,125,129,88,11,3,91,107,189,58,128,195,97,39,1,84,134,17,100,65,96,117,187,164,98,110,165,112,113,138,26,116,35,30,120,178,47,122,151,160,170,126,127,60,0,101,144,40,139,105,135,23,13,179,73,87,95,137,16,94,133,103,172,148,185,123,121,152,132,153,140,70,68,62,159,162,161,184,75,108,28,166,102,168,169,76,171,177,44,163,175,143,156,145,136,4,181,22,12,43,59,48,104,196,141,7,191,64,42,194,115,41,197,146,188,];False
4084;9596;13680;[72,199,78,99,155,124,176,193,186,192,10,154,31,61,149,15,118,92,14,19,20,173,8,93,24,25,84,142,150,5,106,130,198,147,34,33,55,66,141,126,86,174,63,6,9,45,29,119,57,49,50,51,77,53,85,36,182,46,38,79,4,32,183,90,52,56,21,67,18,69,80,71,2,109,89,180,158,114,167,81,37,27,82,83,157,54,125,129,116,11,3,91,107,189,58,128,195,97,138,1,131,134,17,100,65,96,117,187,164,98,110,165,112,113,111,26,88,35,95,120,178,47,64,151,160,170,7,127,122,0,101,144,40,139,105,135,23,13,179,73,87,30,137,16,94,133,103,172,148,185,123,121,152,132,153,140,70,68,62,159,162,161,184,75,108,28,166,102,168,169,76,171,177,44,163,175,143,156,145,136,190,181,22,12,43,59,48,104,196,74,39,191,60,42,194,115,41,197,146,188,];False
4133;9545;13678;[199,72,78,99,155,124,190,193,186,192,10,154,31,61,149,15,118,92,14,19,20,173,8,93,24,25,131,142,150,5,106,130,198,147,34,33,55,66,74,111,86,174,63,6,9,45,158,119,57,49,50,51,77,53,85,36,182,46,38,79,176,32,183,90,52,56,21,67,18,69,80,71,2,109,89,180,29,114,167,81,37,27,82,83,157,54,125,129,88,11,3,91,107,189,58,128,195,97,39,1,84,134,17,100,65,96,117,187,164,98,110,165,112,113,138,26,116,35,30,120,178,47,122,151,160,170,126,127,60,0,101,144,40,139,105,135,23,13,179,73,87,95,137,16,94,133,103,172,148,185,123,121,152,132,153,140,70,68,62,159,162,161,184,75,108,28,166,102,168,169,76,171,177,44,163,175,143,156,145,136,4,181,22,12,43,59,48,104,196,141,7,191,64,42,194,115,41,197,146,188,];False
4067;9611;13678;[72,199,78,99,155,124,176,193,186,192,10,154,31,61,149,15,118,92,14,19,20,173,8,93,24,25,84,142,150,5,106,130,198,147,34,33,138,66,141,126,86,29,63,6,9,45,174,119,57,49,50,51,77,53,85,36,182,46,38,79,4,32,183,90,52,56,21,67,18,69,80,71,2,109,89,180,158,114,167,81,156,27,82,83,157,54,125,129,88,11,3,91,107,189,58,128,195,97,55,1,131,134,17,100,65,96,117,187,164,98,110,165,112,113,111,26,116,35,95,62,178,47,64,151,160,170,7,127,122,0,101,144,40,139,105,135,23,13,179,73,87,30,137,16,94,133,103,172,148,185,123,121,152,132,153,140,70,68,120,159,162,161,184,75,108,28,166,102,168,169,76,171,177,44,163,175,143,37,145,136,190,181,22,12,43,59,48,104,196,74,39,191,60,42,194,115,41,197,146,188,];False
4111;9565;13676;[199,72,78,99,155,124,176,193,186,192,10,154,31,61,149,15,118,92,14,19,20,173,8,93,24,25,131,142,150,5,106,130,198,147,34,33,55,66,74,111,86,174,63,6,9,45,29,119,57,49,50,51,77,53,85,36,182,46,38,79,190,32,183,90,52,56,21,67,18,69,80,71,2,109,89,180,158,114,167,81,37,27,82,83,157,54,125,129,88,11,3,91,107,189,58,128,195,97,39,1,84,134,17,100,65,96,117,187,164,98,110,165,112,113,138,26,116,35,30,170,178,47,122,151,160,120,126,127,60,0,101,144,40,139,105,135,23,13,179,73,87,95,137,16,94,133,103,172,148,185,123,121,152,132,153,140,70,68,62,159,162,161,184,75,108,28,166,102,168,169,76,171,177,44,163,175,143,156,145,136,4,181,22,12,43,59,48,104,196,141,7,191,64,42,194,115,41,197,146,188,];False
4071;9605;13676;[199,72,78,99,155,124,176,193,186,192,10,154,31,61,149,15,118,92,14,19,20,173,8,93,24,25,131,142,150,5,106,130,198,147,34,33,55,66,74,138,86,174,63,6,9,45,29,119,57,49,50,51,77,53,85,36,182,46,38,79,190,32,183,90,52,56,21,67,18,69,80,71,2,109,89,180,158,114,167,81,37,27,82,83,157,54,125,129,88,11,3,91,107,189,58,128,195,97,126,1,84,134,17,100,65,96,117,187,164,98,110,165,112,113,111,26,116,35,95,120,178,47,60,151,160,170,39,127,122,0,101,144,40,177,105,135,23,13,179,73,87,30,137,16,94,133,103,172,148,185,123,121,152,132,153,140,70,68,62,159,162,161,184,75,108,28,166,102,168,169,76,171,139,44,163,175,143,156,145,136,4,181,22,12,43,59,48,104,196,141,7,191,64,42,194,115,41,197,146,188,];False
4092;9584;13676;[72,199,78,99,155,124,176,193,186,192,10,154,31,61,149,15,118,92,14,19,20,173,8,93,24,6,84,142,150,5,106,130,198,147,34,33,138,66,141,126,86,174,63,25,9,45,29,119,57,49,50,51,77,53,85,36,182,46,38,79,4,32,183,90,52,56,21,67,18,69,80,71,2,109,89,180,158,114,167,81,37,27,82,83,157,54,125,129,88,11,3,91,107,189,58,128,195,97,55,1,131,134,17,100,65,96,117,187,164,98,110,165,112,113,111,26,116,35,95,120,178,47,64,151,160,170,7,127,122,0,101,144,40,139,105,135,23,13,179,73,87,30,137,16,94,133,103,172,148,185,123,121,152,132,153,140,70,68,62,159,162,161,184,75,108,28,166,102,168,169,76,171,177,44,163,175,143,156,145,136,190,181,22,12,43,59,48,104,196,74,39,191,60,42,194,115,41,197,146,188,];False
4105;9570;13675;[199,72,78,99,155,124,176,193,186,192,10,154,31,61,149,15,118,92,14,19,20,173,8,93,24,25,131,142,150,5,106,130,198,147,34,33,55,66,74,111,86,174,63,6,9,45,29,119,57,49,50,51,77,53,85,36,182,46,38,79,190,32,183,90,52,56,21,67,18,69,80,71,2,109,89,180,158,114,167,81,37,27,82,83,157,54,125,129,88,11,3,91,107,189,58,128,195,97,39,1,84,134,17,100,65,96,117,187,164,98,110,165,112,113,138,141,116,35,95,120,178,47,60,151,160,170,126,127,122,0,101,144,40,139,105,135,23,13,179,73,87,30,137,16,94,133,103,172,148,185,123,121,152,132,153,140,70,68,62,159,162,161,184,75,108,28,166,102,168,169,76,171,177,44,163,175,143,156,145,136,4,181,22,12,43,59,48,104,196,26,7,191,64,42,194,115,41,197,146,188,];False
4081;9594;13675;[199,72,78,99,155,124,176,193,186,192,10,154,31,61,149,15,118,92,14,19,20,173,8,101,24,25,131,142,150,5,106,130,198,147,34,33,55,66,74,111,86,174,63,6,9,45,158,119,57,49,50,51,77,53,85,98,182,46,38,79,93,32,183,90,52,56,21,67,18,69,80,71,2,109,89,180,29,114,167,81,37,27,82,83,157,54,125,129,88,11,3,91,107,189,58,128,195,97,39,1,84,134,17,100,65,96,117,187,164,36,110,165,112,113,138,26,116,35,30,120,178,47,122,151,160,170,126,127,60,0,190,144,40,139,105,135,23,13,179,73,87,95,137,16,94,133,103,172,148,185,123,121,152,132,153,140,70,68,62,159,162,161,184,75,108,28,166,102,168,169,76,171,177,44,163,175,143,156,145,136,4,181,22,12,43,59,48,104,196,141,7,191,64,42,194,115,41,197,146,188,];False
4130;9544;13674;[199,72,78,99,155,124,176,193,186,192,10,154,31,61,149,15,118,92,14,19,20,173,8,93,24,25,131,142,150,5,106,130,198,147,34,33,55,66,74,111,86,174,63,6,87,45,29,119,57,49,50,51,77,53,85,36,182,46,38,79,190,32,183,90,52,56,21,67,18,69,80,71,2,109,89,180,158,114,167,81,37,27,82,83,157,54,125,129,88,11,3,91,107,189,58,128,195,97,39,1,84,134,17,100,65,96,117,187,164,98,110,165,112,113,138,26,116,35,30,120,178,47,122,151,160,170,126,127,60,0,101,144,40,139,105,135,23,13,179,73,9,95,137,16,94,133,103,172,148,185,123,121,152,132,153,140,70,68,62,159,162,161,184,75,108,28,166,102,168,169,76,171,177,44,163,175,143,156,145,136,4,181,22,12,43,59,48,104,196,141,7,191,64,42,194,115,41,197,146,188,];False
4040;9633;13673;[72,199,78,99,155,124,176,193,186,192,10,154,31,61,70,15,118,92,14,19,20,173,8,93,24,25,84,142,150,5,106,130,198,147,34,33,138,66,141,126,86,174,63,6,9,45,29,119,57,49,50,51,77,53,85,36,182,46,38,79,4,32,183,90,52,56,21,67,18,178,80,71,2,109,89,180,158,114,167,81,156,27,82,83,157,54,125,129,88,11,3,91,107,189,58,128,195,97,55,1,131,134,17,100,65,96,117,187,164,98,110,165,112,113,111,26,116,35,95,62,69,47,64,151,7,170,160,127,122,0,101,144,40,139,105,135,23,13,179,73,87,30,137,16,94,133,103,172,148,185,123,121,152,132,153,140,149,68,120,159,162,161,184,75,108,28,166,102,168,169,76,171,177,44,163,175,143,37,145,136,190,181,22,12,43,59,48,104,196,74,39,191,60,42,194,115,41,197,146,188,];False
4153;9519;13672;[199,72,78,99,155,124,176,193,186,192,10,154,31,61,149,15,118,92,14,19,20,173,8,93,24,25,131,142,150,5,106,130,198,147,34,33,55,66,74,111,86,174,63,6,9,45,29,119,57,49,50,51,77,53,85,36,182,46,38,79,190,32,183,90,52,56,21,67,18,69,80,71,2,109,89,180,158,114,167,81,37,27,82,83,157,54,125,129,88,11,3,91,107,189,58,128,195,97,39,1,84,134,17,100,65,96,117,187,164,98,110,165,112,113,138,26,116,35,30,120,178,47,122,151,160,170,126,127,60,0,101,144,40,139,105,135,23,13,179,73,87,95,137,16,94,169,103,172,148,185,123,121,152,132,153,140,70,68,62,159,162,161,184,75,108,28,166,102,168,133,76,171,177,44,163,175,143,156,145,136,4,181,22,12,43,59,48,104,196,141,7,191,64,42,194,115,41,197,146,188,];False
4004;9668;13672;[72,199,78,99,155,124,176,193,186,192,10,154,31,61,149,15,118,92,14,19,20,173,8,93,24,25,84,142,150,5,106,130,198,147,34,33,55,66,141,126,86,174,63,6,9,45,29,119,57,49,50,51,77,53,85,36,182,46,38,79,4,32,183,90,52,128,21,67,18,69,80,71,2,109,89,180,158,114,167,81,37,27,82,83,157,54,125,129,88,11,3,91,107,189,58,56,195,97,138,1,131,134,17,100,65,96,117,187,164,98,110,165,112,113,111,26,116,35,95,120,178,47,64,151,160,170,7,127,122,0,101,144,40,139,105,135,23,13,179,73,87,30,137,16,94,133,103,172,148,185,123,121,152,132,153,140,70,68,62,159,162,161,184,75,108,28,166,102,168,169,76,171,177,44,163,175,143,156,145,136,190,181,22,12,43,59,48,104,196,74,39,191,60,42,194,115,41,197,146,188,];False
4086;9585;13671;[199,72,78,99,155,124,176,193,186,192,10,154,31,61,149,15,118,92,14,19,20,173,8,93,24,25,131,142,150,5,106,130,198,147,34,33,55,66,74,138,86,174,63,6,9,45,29,119,57,49,50,51,77,53,85,36,182,46,38,79,190,32,183,90,52,56,21,67,18,69,80,71,2,109,89,180,158,114,167,81,37,27,82,83,157,54,125,129,88,11,3,91,87,189,58,128,195,97,126,1,84,134,17,100,65,96,117,187,164,98,110,165,112,113,111,26,116,35,95,120,178,47,60,151,160,170,39,127,122,0,101,144,40,139,105,135,23,13,179,73,107,30,137,16,94,133,103,172,148,185,123,121,152,132,153,140,70,68,62,159,162,161,184,75,108,28,166,102,168,169,76,171,177,44,163,175,143,156,145,136,4,181,22,12,43,59,48,104,196,141,7,191,64,42,194,115,41,197,146,188,];False
4093;9578;13671;[72,199,78,99,155,124,176,193,186,192,10,154,31,61,149,15,118,92,14,19,20,173,167,93,24,25,84,142,150,5,106,130,198,147,34,33,55,66,141,126,86,174,63,6,9,45,29,119,57,49,50,51,77,53,85,36,182,46,38,79,4,32,183,90,52,56,21,67,18,69,80,71,2,109,89,180,158,114,8,81,37,27,82,83,157,54,125,129,88,11,3,91,107,189,58,128,195,97,138,1,131,134,17,100,65,96,117,187,164,98,110,165,112,113,111,26,116,35,95,120,178,47,64,151,160,170,7,127,122,0,101,144,40,139,105,135,23,13,179,73,87,30,137,16,94,133,103,172,148,185,123,121,152,132,153,140,70,68,62,159,162,161,184,75,108,28,166,102,168,169,76,171,177,44,163,175,143,156,145,136,190,181,22,12,43,59,48,104,196,74,39,191,60,42,194,115,41,197,146,188,];False
4078;9593;13671;[72,199,78,99,155,124,176,193,186,192,10,154,31,61,149,15,118,92,14,19,20,173,8,93,24,25,131,142,150,5,106,130,198,147,34,33,55,66,74,138,86,174,63,6,9,45,29,119,57,49,50,51,77,53,85,36,182,46,38,79,190,32,183,90,52,56,21,67,18,69,80,71,2,109,89,180,158,114,167,81,37,27,82,83,157,54,125,129,166,11,3,91,107,189,58,128,195,97,126,1,84,134,17,100,65,96,117,187,164,98,110,165,112,113,111,26,116,35,95,120,178,47,60,151,160,170,39,127,122,0,101,144,40,139,105,135,23,13,179,73,87,30,137,16,94,133,103,172,148,185,123,121,152,132,153,140,70,68,62,159,162,161,184,75,108,28,88,102,168,169,76,171,177,44,163,175,143,156,145,136,4,181,22,12,43,59,48,104,196,141,7,191,64,42,194,115,41,197,146,188,];False
4086;9585;13671;[72,199,78,99,155,124,176,193,186,192,10,154,31,61,149,15,118,92,14,19,20,173,8,93,24,25,131,142,150,5,106,130,198,147,34,33,55,66,74,138,86,174,63,6,9,45,29,119,57,49,50,51,77,53,85,36,182,46,38,79,190,32,183,90,52,56,21,67,18,69,80,71,2,109,81,180,158,114,167,89,37,27,82,83,157,54,125,129,88,11,3,91,107,189,58,128,195,97,126,1,84,134,17,100,65,96,117,187,164,98,110,165,112,113,111,26,116,35,95,120,178,47,60,151,160,170,39,127,122,0,101,144,40,139,105,135,23,13,179,73,87,30,137,16,94,133,103,172,148,185,123,121,152,132,153,140,70,68,62,159,162,161,184,75,108,28,166,102,168,169,76,171,177,44,163,175,143,156,145,136,4,181,22,12,43,59,48,104,196,141,7,191,64,42,194,115,41,197,146,188,];False
4099;9571;13670;[199,72,78,99,155,124,176,193,186,192,10,154,31,61,149,15,118,92,14,19,20,173,8,101,24,25,131,142,150,5,106,130,198,147,34,33,55,66,74,111,86,174,63,6,9,45,158,119,57,49,50,51,77,53,85,36,182,46,38,79,156,32,183,90,52,56,21,67,18,69,80,71,2,109,89,180,29,114,167,81,37,27,82,83,157,54,170,129,88,11,3,91,107,189,58,128,195,97,39,1,84,134,17,100,65,96,117,187,164,98,110,165,112,113,138,26,116,35,30,120,178,47,122,151,160,125,126,127,60,0,190,144,40,139,105,135,23,13,179,73,87,95,137,16,94,133,103,172,148,185,123,121,152,132,153,140,70,68,62,159,162,161,184,75,108,28,166,102,168,169,76,171,177,44,163,175,143,93,145,136,4,181,22,12,43,59,48,104,196,141,7,191,64,42,194,115,41,197,146,188,];False
4081;9588;13669;[72,199,78,99,155,124,176,193,186,192,10,154,31,61,149,15,118,92,14,19,20,173,8,93,24,25,131,142,150,5,106,130,198,147,34,33,55,66,74,138,86,174,63,6,9,45,29,119,57,49,50,51,77,53,85,36,182,46,38,79,190,32,183,90,52,56,21,67,18,69,80,71,2,109,89,180,158,114,167,81,37,27,82,83,157,54,125,129,88,11,3,91,107,189,58,128,195,97,126,1,84,134,17,100,65,96,117,187,164,98,133,165,112,113,111,26,116,35,95,120,178,47,60,151,160,170,39,127,122,0,101,144,40,139,105,135,23,13,179,73,87,30,137,16,94,110,103,172,148,185,123,121,152,132,153,140,70,68,62,159,162,161,184,75,108,28,166,102,168,169,76,171,177,44,163,175,143,156,145,136,4,181,22,12,43,59,48,104,196,141,7,191,64,42,194,115,41,197,146,188,];False
4107;9562;13669;[72,199,78,99,155,124,176,193,186,192,10,154,31,156,149,15,118,92,14,19,20,173,8,93,24,25,84,142,150,5,106,130,198,147,34,33,138,66,141,126,86,174,63,6,9,45,29,119,57,49,50,51,77,53,85,36,182,46,38,79,4,32,183,90,52,56,21,67,18,69,80,71,2,109,89,180,158,114,167,81,61,27,82,83,157,54,125,129,88,11,3,91,107,189,58,128,195,97,55,1,131,134,17,100,65,96,117,187,164,98,110,165,112,113,111,26,116,35,95,62,178,47,64,151,160,170,7,127,122,0,101,144,40,139,105,135,23,13,179,73,87,30,137,16,94,133,103,172,148,185,123,121,152,132,153,140,70,68,120,159,162,161,184,75,108,28,166,102,168,169,76,171,177,44,163,175,143,37,145,136,190,181,22,12,43,59,48,104,196,74,39,191,60,42,194,115,41,197,146,188,];False
4051;9617;13668;[199,72,78,99,155,124,176,193,186,192,10,154,31,61,149,15,118,92,14,19,20,173,8,101,24,25,131,142,150,5,106,130,198,30,34,33,55,66,74,111,86,174,63,6,9,45,158,119,57,49,50,51,77,53,85,36,182,46,38,79,93,32,183,90,52,56,21,67,18,69,80,71,2,109,89,180,29,114,167,81,37,27,82,83,157,54,125,129,88,11,3,91,107,189,58,128,195,97,39,1,84,134,17,100,65,96,117,187,164,98,110,165,112,113,138,26,116,35,147,120,178,47,122,151,160,170,126,127,60,0,190,144,40,139,105,135,23,13,179,73,87,95,137,16,94,133,103,172,148,185,123,121,152,132,153,140,70,68,62,159,162,161,184,75,108,28,166,102,168,169,76,171,177,44,163,175,143,156,145,136,4,181,22,12,43,59,48,104,196,141,7,191,64,42,194,115,41,197,146,188,];False
4094;9574;13668;[72,199,78,99,155,124,176,193,186,192,10,154,137,61,149,15,118,92,14,19,20,173,8,93,24,25,84,142,150,5,106,130,198,147,34,33,138,66,141,126,86,174,63,6,9,45,29,119,57,49,50,51,77,53,85,36,182,46,38,79,4,32,183,90,52,56,21,67,18,69,80,71,2,109,89,180,158,114,167,81,156,27,82,83,157,54,125,129,88,11,3,91,107,189,58,128,195,97,55,1,131,134,17,100,65,96,117,187,164,98,110,165,112,113,111,26,116,35,95,62,178,47,64,151,160,170,7,127,122,0,101,144,40,139,105,135,23,13,179,73,87,30,31,16,94,133,103,172,148,185,123,121,152,132,153,140,70,68,120,159,162,161,184,75,108,28,166,102,168,169,76,171,177,44,163,175,143,37,145,136,190,181,22,12,43,59,48,104,196,74,39,191,60,42,194,115,41,197,146,188,];False
4129;9538;13667;[72,199,78,99,155,124,176,193,186,192,10,154,31,61,149,15,118,92,14,19,20,173,8,93,24,25,131,142,150,5,106,130,198,147,34,33,55,66,74,126,86,174,63,6,9,45,29,119,57,49,50,51,77,53,85,36,182,46,38,79,4,32,183,90,52,56,21,67,18,69,80,71,2,109,89,180,158,114,167,81,37,27,82,83,157,54,125,129,88,11,3,91,107,189,58,128,195,97,138,1,84,134,17,100,65,96,117,187,164,98,110,165,112,113,111,26,116,35,95,120,178,47,64,151,160,170,7,127,122,0,101,144,40,139,105,135,23,168,179,73,87,30,137,16,94,133,103,172,148,185,123,121,152,132,153,140,70,68,62,159,162,161,184,75,108,28,166,102,13,169,76,171,177,44,163,175,143,156,145,136,190,181,22,12,43,59,48,104,196,141,39,191,60,42,194,115,41,197,146,188,];False
4129;9538;13667;[199,72,78,99,155,124,176,193,186,192,10,154,31,61,149,15,118,92,14,19,20,173,8,93,24,25,131,142,150,5,106,130,198,147,34,33,55,66,74,111,86,174,63,6,9,45,29,119,57,49,50,51,77,53,85,36,182,46,38,79,190,32,183,90,52,56,21,67,18,69,80,71,2,109,89,180,158,114,167,81,37,27,40,83,157,54,125,129,88,11,3,91,107,189,58,128,195,97,39,1,84,134,17,100,65,96,117,187,164,98,110,165,112,113,138,26,116,35,30,120,178,47,122,151,160,170,126,127,60,0,101,144,82,139,105,135,23,13,179,73,87,95,137,16,94,133,103,172,148,185,123,121,152,132,153,140,70,68,62,159,162,161,184,75,108,28,166,102,168,169,76,171,177,44,163,175,143,156,145,136,4,181,22,12,43,59,48,104,196,141,7,191,64,42,194,115,41,197,146,188,];False
4129;9538;13667;[199,72,78,99,155,124,176,193,186,192,10,154,31,61,149,15,118,92,14,19,20,173,8,93,24,25,131,142,150,5,106,130,198,147,34,33,55,66,74,111,86,174,63,6,9,45,29,119,57,49,50,51,77,53,85,36,182,46,38,79,190,32,183,90,52,56,21,67,18,69,80,71,2,109,89,180,158,114,167,81,37,27,82,83,157,54,125,129,88,11,3,91,107,189,58,128,195,97,39,1,84,134,17,100,65,96,117,187,164,98,110,165,112,113,138,26,116,35,30,120,178,47,122,151,160,170,126,127,60,0,101,144,40,139,105,135,23,13,179,73,87,95,137,16,94,133,103,172,148,185,123,121,152,132,153,140,70,68,62,159,136,161,184,75,108,28,166,102,168,169,76,171,177,44,163,175,143,156,145,162,4,181,22,12,43,59,48,104,196,141,7,191,64,42,194,115,41,197,146,188,];False
4071;9596;13667;[199,72,78,99,155,124,176,193,186,192,10,154,31,61,149,15,118,92,14,19,20,173,8,101,24,25,131,142,150,5,106,130,198,147,34,33,55,66,74,111,86,174,63,6,9,45,158,119,57,49,50,51,77,53,85,36,182,46,38,79,156,32,183,90,52,56,21,67,18,69,80,71,2,109,89,180,29,114,167,81,37,27,82,83,157,54,125,129,88,11,3,91,107,189,58,128,195,97,39,1,84,134,17,100,65,96,117,187,164,98,110,165,112,113,138,26,116,35,30,120,178,47,122,151,160,170,126,127,60,0,190,144,40,139,105,135,23,13,179,73,87,95,137,16,94,133,103,172,148,185,123,121,152,132,153,140,70,68,62,159,162,161,184,75,108,28,166,102,168,169,76,171,177,44,163,175,143,93,145,136,4,181,22,12,43,59,48,104,196,141,7,191,64,42,194,115,41,197,146,188,];False
4125;9541;13666;[199,72,78,99,155,124,176,193,186,192,10,154,31,61,149,15,118,92,14,19,20,173,8,101,24,25,131,142,150,5,106,130,198,147,34,33,55,66,74,111,86,174,63,6,9,45,158,119,57,49,50,51,77,53,85,36,182,46,38,79,156,32,183,90,52,56,21,67,18,69,80,71,2,109,89,180,29,114,167,81,37,27,82,83,157,54,170,129,88,11,3,91,107,189,58,128,195,97,39,1,84,134,102,100,65,96,117,187,164,98,110,165,112,113,138,26,116,35,30,120,178,47,122,151,160,125,126,127,60,0,190,144,40,139,105,135,23,13,179,73,87,95,137,16,94,133,103,172,148,185,123,121,152,132,153,140,70,68,62,159,162,161,184,75,108,28,166,17,168,169,76,171,177,44,163,175,143,93,145,136,4,181,22,12,43,59,48,104,196,141,7,191,64,42,194,115,41,197,146,188,];False
4117;9549;13666;[199,72,78,99,155,124,74,193,186,192,10,154,31,61,149,15,118,92,14,19,20,173,8,93,24,25,131,142,150,5,106,130,198,147,34,33,55,66,176,111,86,174,63,6,9,45,29,119,57,49,50,51,77,53,85,36,182,46,38,79,190,32,183,90,52,56,21,67,18,69,80,71,2,109,89,180,158,114,167,81,37,27,82,83,157,54,125,129,88,11,3,91,107,189,58,128,195,97,39,1,84,134,17,100,65,96,117,187,164,98,110,165,112,113,138,26,116,35,95,120,178,47,60,151,160,170,126,127,122,0,101,144,40,139,105,135,23,13,179,73,87,30,137,16,94,133,103,172,148,185,123,121,152,132,153,140,70,68,62,159,162,161,184,75,108,28,166,102,168,169,76,171,177,44,163,175,143,156,145,136,4,181,22,12,43,59,48,104,196,141,7,191,64,42,194,115,41,197,146,188,];False
4087;9578;13665;[199,72,78,99,155,124,176,193,186,192,10,154,31,61,149,15,118,92,14,19,20,173,8,93,24,25,131,142,150,5,106,130,198,147,34,33,55,66,74,111,86,174,63,6,9,45,29,119,57,49,50,51,77,53,85,36,182,46,38,79,190,32,183,90,52,56,21,67,18,69,80,71,2,109,89,180,158,114,167,81,37,27,82,83,157,54,125,129,88,11,3,91,107,189,58,128,195,97,39,1,84,134,17,100,65,96,117,187,164,98,110,165,112,113,138,26,116,35,95,120,178,47,60,151,160,170,126,127,122,0,101,144,40,139,105,135,23,13,179,73,87,30,137,16,94,133,103,172,148,185,123,121,152,132,153,140,70,68,62,159,162,161,146,75,108,28,166,102,168,169,76,171,177,44,163,175,143,156,145,136,4,181,22,12,43,59,48,104,196,141,7,191,64,42,194,115,41,197,184,188,];False
4095;9570;13665;[199,72,78,99,155,124,176,193,186,192,10,154,31,61,149,15,118,92,34,19,20,173,8,93,24,25,131,142,150,5,106,130,198,147,14,33,55,66,74,138,86,174,63,6,9,45,29,119,57,49,50,51,77,53,85,36,182,46,38,79,190,32,183,90,52,56,21,67,18,69,80,71,2,109,89,180,158,114,167,81,37,27,82,83,157,54,125,129,88,11,3,91,107,189,58,128,195,97,126,1,84,134,17,100,65,96,117,187,164,98,110,165,112,113,111,26,116,35,95,120,178,47,60,151,160,170,39,127,122,0,101,144,40,139,105,135,23,13,179,73,87,30,137,16,94,133,103,172,148,185,123,121,152,132,153,140,70,68,62,159,162,161,184,75,108,28,166,102,168,169,76,171,177,44,163,175,143,156,145,136,4,181,22,12,43,59,48,104,196,141,7,191,64,42,194,115,41,197,146,188,];False
4103;9562;13665;[199,72,78,99,155,124,176,193,186,192,10,154,31,61,149,15,118,92,14,19,20,173,8,93,24,25,131,142,150,5,106,130,198,147,34,33,55,66,74,111,86,174,63,6,71,45,29,119,57,49,50,51,77,53,85,36,182,46,38,79,190,32,183,90,52,56,21,67,18,69,80,9,2,109,89,180,158,114,167,81,37,27,82,83,157,54,125,129,88,11,3,91,107,189,58,128,195,97,39,1,84,134,17,100,65,96,117,187,164,98,110,165,112,113,138,26,116,35,95,120,178,47,122,151,160,170,126,127,60,0,101,144,40,139,105,135,23,13,179,73,87,30,137,16,94,133,103,172,148,185,123,121,152,132,153,140,70,68,62,159,162,161,184,75,108,28,166,102,168,169,76,171,177,44,163,175,143,156,145,136,4,181,22,12,43,59,48,104,196,141,7,191,64,42,194,115,41,197,146,188,];False
4078;9585;13663;[199,72,78,99,155,124,176,193,186,192,10,154,31,61,149,15,118,92,14,19,20,173,8,93,24,25,131,142,150,5,106,130,198,147,34,33,55,66,74,138,86,174,63,6,9,45,29,119,57,49,50,51,77,53,85,36,182,46,38,79,190,32,183,90,102,56,21,67,18,69,80,71,2,109,89,180,158,114,167,81,37,27,82,83,157,54,125,129,88,11,3,91,107,189,58,128,195,97,126,1,84,134,17,100,65,96,117,187,164,98,110,165,112,113,111,26,116,35,95,120,178,47,60,151,160,170,39,127,122,0,101,144,40,139,105,135,23,13,179,73,87,30,137,16,94,133,103,172,148,185,123,121,152,132,153,140,70,68,62,159,162,161,184,75,108,28,166,52,168,169,76,171,177,44,163,175,143,156,145,136,4,181,22,12,43,59,48,104,196,141,7,191,64,42,194,115,41,197,146,188,];False
4011;9652;13663;[72,199,78,99,155,88,176,193,186,192,10,154,31,61,149,15,118,92,14,19,20,173,8,93,24,25,84,142,150,5,106,130,198,147,34,33,138,66,141,126,86,174,63,6,9,45,29,119,57,49,50,51,77,53,85,36,182,46,38,79,4,32,183,90,52,56,21,67,18,69,80,71,2,109,89,180,158,114,167,81,156,27,82,83,157,54,125,129,124,11,3,91,107,189,58,128,195,97,55,1,131,134,17,100,65,96,117,187,164,98,110,165,112,113,111,26,116,35,95,62,178,47,64,151,160,170,7,127,122,0,101,144,40,139,105,135,23,13,179,73,87,30,137,16,94,133,103,172,148,185,123,121,152,132,153,140,70,68,120,159,162,161,184,75,108,28,166,102,168,169,76,171,177,44,163,175,143,37,145,136,190,181,22,12,43,59,48,104,196,74,39,191,60,42,194,115,41,197,146,188,];False
4114;9549;13663;[199,72,78,99,155,124,176,193,186,192,10,154,31,61,149,15,118,92,14,19,20,173,8,68,24,25,131,142,150,5,106,130,198,147,34,33,55,66,74,138,86,174,63,6,9,45,29,119,57,49,50,51,77,53,85,36,182,46,38,79,190,32,183,90,52,56,21,67,18,69,80,71,2,109,89,180,158,114,167,81,37,27,82,83,157,54,125,129,88,11,3,91,107,189,58,128,195,97,39,1,84,134,17,100,65,96,117,187,164,98,110,165,112,113,111,26,116,35,95,120,178,47,60,151,160,170,126,127,122,0,101,144,40,139,105,135,23,13,179,73,87,30,137,16,94,133,103,172,148,185,123,121,152,132,153,140,70,93,62,159,162,161,184,75,108,28,166,102,168,169,76,171,177,44,163,175,143,156,145,136,4,181,22,12,43,59,48,104,196,141,7,191,64,42,194,115,41,197,146,188,];False
4058;9604;13662;[72,199,78,99,155,124,176,193,186,192,10,154,31,61,149,15,118,92,14,19,20,173,8,93,24,25,84,103,150,5,106,130,198,147,34,33,138,66,141,126,86,174,63,6,9,45,29,119,57,49,50,51,77,53,85,36,182,46,38,79,4,32,183,90,52,56,21,67,18,69,80,71,2,109,89,180,158,114,167,81,156,27,82,83,157,54,125,129,88,11,3,91,107,189,58,128,195,97,55,1,131,134,17,100,65,96,117,187,164,98,110,165,112,113,111,26,116,35,95,62,178,47,64,151,160,170,7,127,122,0,101,144,40,139,105,135,23,13,179,73,87,30,137,16,94,133,142,172,148,185,123,121,152,132,153,140,70,68,120,159,162,161,184,75,108,28,166,102,168,169,76,171,177,44,163,175,143,37,145,136,190,181,22,12,43,59,48,104,196,74,39,191,60,42,194,115,41,197,146,188,];False
4071;9591;13662;[72,199,78,99,155,124,176,193,186,192,10,55,31,61,149,15,118,92,14,19,20,173,8,93,24,25,84,142,150,5,106,130,198,147,34,33,138,66,141,126,86,174,63,6,9,45,29,119,57,49,50,51,77,53,85,36,182,46,38,79,4,32,183,90,52,56,21,67,18,69,80,71,2,109,89,180,158,114,167,81,156,27,82,83,157,54,125,129,88,11,3,91,107,189,58,128,195,97,154,1,131,134,17,100,65,96,117,187,164,98,110,165,112,113,111,26,116,35,95,62,178,47,64,151,160,170,7,127,122,0,101,144,40,139,105,135,23,13,179,73,87,30,137,16,94,133,103,172,148,185,123,121,152,132,153,140,70,68,120,159,162,161,184,75,108,28,166,102,168,169,76,171,177,44,163,175,143,37,145,136,190,181,22,12,43,59,48,104,196,74,39,191,60,42,194,115,41,197,146,188,];False
4026;9635;13661;[72,199,78,99,155,124,176,193,186,192,10,154,31,61,149,15,118,92,14,19,20,173,8,93,24,25,84,142,150,5,106,130,198,147,34,33,138,66,141,126,86,174,63,6,9,45,29,119,57,49,50,51,77,53,85,36,182,46,38,79,4,32,183,90,52,56,21,102,18,69,80,71,2,109,89,180,158,114,167,81,156,27,82,83,157,54,125,129,88,11,3,91,107,189,58,128,195,97,55,1,131,134,17,100,65,96,117,187,164,98,110,165,112,113,111,26,116,35,95,62,178,47,64,151,160,170,7,127,122,0,101,144,40,139,105,135,23,13,179,73,87,30,137,16,94,133,103,172,148,185,123,121,152,132,153,140,70,68,120,159,162,161,184,75,108,28,166,67,168,169,76,171,177,44,163,175,143,37,145,136,190,181,22,12,43,59,48,104,196,74,39,191,60,42,194,115,41,197,146,188,];False
4042;9619;13661;[199,72,78,99,155,124,176,193,186,192,10,154,31,61,149,15,118,92,36,19,20,173,8,101,24,25,131,142,150,5,106,130,198,147,34,33,55,66,74,111,86,174,63,6,9,45,158,119,57,49,50,51,77,53,85,14,182,46,38,79,93,32,183,90,52,56,21,67,18,69,80,71,2,109,89,180,29,114,167,81,37,27,82,83,157,54,125,129,88,11,3,91,107,189,58,128,195,97,39,1,84,134,17,100,65,96,117,187,164,98,110,165,112,113,138,26,116,35,30,120,178,47,122,151,160,170,126,127,60,0,190,144,40,139,105,135,23,13,179,73,87,95,137,16,94,133,103,172,148,185,123,121,152,132,153,140,70,68,62,159,162,161,184,75,108,28,166,102,168,169,76,171,177,44,163,175,143,156,145,136,4,181,22,12,43,59,48,104,196,141,7,191,64,42,194,115,41,197,146,188,];False
4060;9601;13661;[199,72,78,99,155,124,176,193,186,192,10,154,31,61,149,15,118,92,14,19,20,173,8,93,24,25,131,142,150,5,106,130,198,147,34,33,55,66,74,138,86,174,63,6,9,45,29,119,57,49,50,51,77,53,85,36,182,46,38,79,190,32,183,90,52,56,21,67,18,69,80,71,2,109,89,180,158,114,167,81,37,27,82,83,157,54,125,129,88,11,3,134,107,189,58,128,195,97,126,1,84,91,17,100,65,96,117,187,164,98,110,165,112,113,111,26,116,35,95,120,178,47,60,151,160,170,39,127,122,0,101,144,40,139,105,135,23,13,179,73,87,30,137,16,94,133,103,172,148,185,123,121,152,132,153,140,70,68,62,159,162,161,184,75,108,28,166,102,168,169,76,171,177,44,163,175,143,156,145,136,4,181,22,12,43,59,48,104,196,141,7,191,64,42,194,115,41,197,146,188,];False
4064;9596;13660;[72,199,78,99,155,124,176,193,186,192,170,154,31,61,149,15,118,92,14,19,20,173,8,93,24,25,84,142,150,5,106,130,198,147,34,33,55,66,141,126,86,174,63,6,9,45,29,119,57,49,50,51,77,53,85,36,182,46,38,79,4,32,183,90,52,56,21,67,18,69,80,71,2,109,89,180,158,114,167,81,37,27,82,83,157,54,125,129,88,11,3,91,107,189,58,128,195,97,138,1,131,134,17,100,65,96,117,187,164,98,110,165,112,113,111,26,116,35,95,120,178,47,64,151,160,10,7,127,122,0,101,144,40,139,105,135,23,13,179,73,87,30,137,16,94,133,103,172,148,185,123,121,152,132,153,140,70,68,62,159,162,161,184,75,108,28,166,102,168,169,76,171,177,44,163,175,143,156,145,136,190,181,22,12,43,59,48,104,196,74,39,191,60,42,194,115,41,197,146,188,];False
4115;9544;13659;[199,72,78,99,155,124,176,193,186,192,10,154,31,61,149,15,118,92,14,19,20,173,8,93,24,25,131,142,150,5,106,130,198,147,34,33,55,66,74,111,86,174,63,6,9,45,29,119,57,49,50,51,77,53,85,36,182,46,38,79,190,32,183,90,52,56,21,67,18,69,80,71,2,109,89,180,158,114,167,81,37,27,82,83,157,54,125,129,88,11,3,91,107,189,58,128,195,97,39,1,84,153,17,100,65,96,117,187,164,98,110,165,112,113,138,26,116,35,30,120,178,47,122,151,160,170,126,127,60,0,101,144,40,139,105,135,23,13,179,73,87,95,137,16,94,133,103,172,148,185,123,121,152,132,134,140,70,68,62,159,162,161,184,75,108,28,166,102,168,169,76,171,177,44,163,175,143,156,145,136,4,181,22,12,43,59,48,104,196,141,7,191,64,42,194,115,41,197,146,188,];False
4028;9631;13659;[72,199,78,99,155,124,176,193,186,192,10,154,31,61,149,15,118,92,14,19,20,173,8,93,24,25,84,142,150,5,106,130,198,147,34,33,138,66,141,126,86,174,63,6,9,45,29,119,57,49,50,51,77,53,85,36,182,46,38,79,4,32,183,90,52,56,21,67,18,178,80,71,2,109,89,180,158,114,167,81,156,27,82,83,157,54,125,129,88,11,3,91,107,189,58,128,195,97,55,1,131,134,17,100,65,96,117,187,164,98,110,165,112,113,111,26,116,35,95,62,69,47,64,151,7,170,160,127,122,0,101,144,40,139,105,135,23,13,179,73,87,30,137,16,94,133,103,172,148,185,123,121,152,132,153,140,70,68,120,159,115,161,184,75,108,28,166,102,168,169,76,171,177,44,163,175,143,37,145,136,190,181,22,12,43,59,48,104,196,74,39,191,60,42,194,162,41,197,146,188,];False
4049;9610;13659;[72,199,78,99,155,124,176,193,186,192,10,154,31,61,149,15,118,92,14,19,20,173,8,93,24,25,131,142,150,5,106,130,198,147,34,33,55,66,74,138,86,174,63,6,9,45,29,119,57,49,50,51,77,53,85,36,182,46,38,79,190,32,183,90,52,56,21,67,18,69,80,71,2,109,89,180,158,114,167,81,37,27,82,83,157,54,125,129,88,11,3,91,107,189,58,128,195,97,126,1,84,134,17,100,65,96,117,187,164,98,110,165,112,113,111,26,116,35,95,120,178,47,60,151,160,170,39,127,122,0,101,144,40,139,105,135,23,13,179,73,87,30,137,16,94,133,103,172,148,185,123,121,152,132,153,41,70,68,62,159,162,161,184,75,108,28,166,102,168,169,76,171,177,44,163,175,143,156,145,136,4,181,22,12,43,59,48,104,196,141,7,191,64,42,194,115,140,197,146,188,];False
3978;9680;13658;[160,199,78,99,155,124,176,193,186,192,10,154,31,61,149,15,118,92,14,19,20,173,8,171,24,25,32,142,150,5,106,130,198,147,34,45,138,66,141,126,86,174,63,6,9,33,29,119,57,49,50,51,77,53,85,36,182,46,38,79,4,146,188,133,52,56,21,67,18,178,80,71,2,109,89,180,158,114,167,81,156,27,82,83,157,54,125,129,88,11,3,91,107,189,58,128,195,97,55,1,131,134,17,100,65,96,117,187,164,98,110,165,112,113,111,26,116,35,95,62,69,47,64,151,7,170,72,127,122,0,101,144,40,139,105,135,23,13,179,73,87,30,137,16,94,90,103,172,148,185,123,121,132,152,153,140,70,68,120,159,162,161,184,75,108,28,166,102,168,169,76,93,177,44,163,175,143,37,145,136,190,181,22,12,43,59,48,104,196,74,39,191,60,42,194,115,41,197,84,183,];False
4102;9556;13658;[72,199,78,99,155,124,176,193,186,192,10,154,31,61,149,15,118,92,14,19,20,68,8,93,24,25,84,142,150,5,106,130,198,147,34,33,55,66,141,126,86,174,63,6,9,45,29,119,57,49,50,51,77,53,85,36,182,46,38,79,4,32,183,90,52,56,21,67,18,69,80,71,2,109,89,180,158,114,167,81,37,27,82,83,157,54,125,129,88,11,3,91,107,189,58,128,195,97,138,1,131,134,17,100,65,96,117,187,164,98,110,165,112,113,111,26,116,35,95,120,178,47,64,151,160,170,7,127,122,0,101,144,40,139,105,135,23,13,179,73,87,30,137,16,94,133,103,172,148,185,123,121,152,132,153,140,70,173,62,159,162,161,184,75,108,28,166,102,168,169,76,171,177,44,163,175,143,156,145,136,190,181,22,12,43,59,48,104,196,74,39,191,60,42,194,115,41,197,146,188,];False
4061;9596;13657;[72,199,78,99,155,124,176,193,186,192,10,154,31,61,149,15,118,92,14,19,20,173,8,93,24,25,131,142,150,5,106,130,198,147,34,33,55,66,74,138,86,174,63,6,9,45,29,119,57,49,50,51,77,53,85,36,182,46,38,79,190,32,183,90,52,56,21,67,18,69,80,71,2,109,89,180,158,114,167,175,37,27,82,83,157,54,125,129,88,11,3,91,107,189,58,128,195,97,126,1,84,134,17,100,65,96,117,187,164,98,110,165,112,113,111,26,116,35,95,120,178,47,60,151,160,170,39,127,122,0,101,144,40,139,105,135,23,13,179,73,87,30,137,16,94,133,103,172,148,185,123,121,152,132,153,140,70,68,62,159,162,161,184,75,108,28,166,102,168,169,76,171,177,44,163,81,143,156,145,136,4,181,22,12,43,59,48,104,196,141,7,191,64,42,194,115,41,197,146,188,];False
4054;9603;13657;[72,199,78,99,155,124,176,193,186,192,10,154,31,61,149,15,118,92,14,19,20,173,8,18,24,25,84,142,150,5,106,130,198,147,34,33,55,66,141,126,86,174,63,6,9,45,29,119,57,49,50,51,77,53,85,36,182,46,38,79,4,32,183,90,52,56,21,67,93,69,80,71,2,109,89,180,158,114,167,81,37,27,82,83,157,54,125,129,88,11,3,91,107,189,58,128,195,97,138,1,131,134,17,100,65,96,117,187,164,98,110,165,112,113,111,26,116,35,95,120,178,47,64,151,160,170,7,127,122,0,101,144,40,139,105,135,23,13,179,73,87,30,137,16,94,133,103,172,148,185,123,121,152,132,153,140,70,68,62,159,162,161,184,75,108,28,166,102,168,169,76,171,177,44,163,175,143,156,145,136,190,181,22,12,43,59,48,104,196,74,39,191,60,42,194,115,41,197,146,188,];False
4082;9575;13657;[72,199,78,99,155,124,176,193,186,192,10,154,31,61,149,15,118,92,14,19,20,173,8,93,24,25,131,142,150,5,106,130,198,147,34,33,55,66,74,138,86,174,63,6,9,45,29,119,57,49,50,51,77,53,85,36,182,71,38,79,190,32,183,90,52,56,21,67,18,69,80,46,2,109,89,180,158,114,167,81,37,27,82,83,157,54,125,129,88,11,3,91,107,189,58,128,195,97,126,1,84,134,17,100,65,96,117,187,164,98,110,165,112,113,111,26,116,35,95,120,178,47,60,151,160,170,39,127,122,0,101,144,40,139,105,135,23,13,179,73,87,30,137,16,94,133,103,172,148,185,123,121,152,132,153,140,70,68,62,159,162,161,184,75,108,28,166,102,168,169,76,171,177,44,163,175,143,156,145,136,4,181,22,12,43,59,48,104,196,141,7,191,64,42,194,115,41,197,146,188,];False
4057;9599;13656;[199,72,78,99,155,124,176,193,186,192,10,154,31,61,149,15,118,92,14,19,20,173,8,93,24,25,131,142,150,5,106,130,198,147,34,33,55,66,74,138,86,174,63,6,9,45,29,119,57,49,50,51,77,53,85,36,182,46,38,79,190,32,183,90,52,56,21,67,18,69,80,71,2,109,89,180,158,114,167,81,37,27,82,83,157,54,125,129,88,11,3,91,107,189,58,128,133,97,39,1,84,134,17,100,65,96,117,187,164,98,110,165,112,113,111,26,116,35,95,120,178,47,60,151,160,170,126,127,122,0,101,144,40,139,105,135,23,13,179,73,87,30,137,16,94,195,103,172,148,185,123,121,152,132,153,140,70,68,62,159,162,161,184,75,108,28,166,102,168,169,76,171,177,44,163,175,143,156,145,136,4,181,22,12,43,59,48,104,196,141,7,191,64,42,194,115,41,197,146,188,];False
4131;9525;13656;[199,72,78,99,155,124,176,193,186,192,10,154,31,61,149,15,118,92,14,19,20,173,8,93,24,25,131,142,150,5,106,130,198,147,34,33,55,66,74,111,86,174,63,6,9,45,158,119,57,49,50,51,77,53,85,36,182,46,38,79,101,32,183,90,52,56,21,67,18,69,80,71,2,109,89,180,29,114,167,81,104,27,82,83,157,54,125,129,88,11,3,91,107,189,58,128,195,97,39,1,84,134,17,100,65,96,117,187,164,98,110,165,112,113,138,26,116,35,30,120,178,47,122,151,160,170,126,127,60,0,190,144,40,139,105,135,23,13,179,73,87,95,137,16,94,133,103,172,148,185,123,121,152,132,153,140,70,68,62,159,162,161,184,75,108,28,166,102,168,169,76,171,177,44,163,175,143,156,145,136,4,181,22,12,43,59,48,37,196,141,7,191,64,42,194,115,41,197,146,188,];False
4120;9535;13655;[199,72,78,99,155,124,176,193,186,192,10,154,31,61,149,15,118,92,14,19,20,173,8,93,24,25,131,142,150,187,106,130,198,147,34,33,55,66,74,111,86,174,63,6,9,45,158,119,57,49,50,51,77,53,85,36,182,46,38,79,190,32,183,90,52,56,21,67,18,69,80,71,2,109,89,180,29,114,167,81,37,27,82,83,157,54,125,129,88,11,3,91,107,189,58,128,195,97,39,1,84,134,17,100,65,96,117,5,164,98,110,165,112,113,138,26,116,35,30,120,178,47,122,151,160,170,126,127,60,0,101,144,40,139,105,135,23,13,179,73,87,95,137,16,94,133,103,172,148,185,123,121,152,132,153,140,70,68,62,159,162,161,184,75,108,28,166,102,168,169,76,171,177,44,163,175,143,156,145,136,4,181,22,12,43,59,48,104,196,141,7,191,64,42,194,115,41,197,146,188,];False
4081;9574;13655;[199,2,78,99,155,124,176,193,186,192,10,154,31,61,149,15,118,92,14,19,20,173,8,93,24,25,131,142,150,5,106,130,198,147,34,33,55,66,74,138,86,174,63,6,9,45,29,119,57,49,50,51,77,53,85,36,182,46,38,79,190,32,183,90,52,56,21,67,18,69,80,71,72,109,89,180,158,114,167,81,37,27,82,83,157,54,125,129,88,11,3,91,107,189,58,128,195,97,126,1,84,134,17,100,65,96,117,187,164,98,110,165,112,113,111,26,116,35,95,120,178,47,60,151,160,170,39,127,122,0,101,144,40,139,105,135,23,13,179,73,87,30,137,16,94,133,103,172,148,185,123,121,152,132,153,140,70,68,62,159,162,161,184,75,108,28,166,102,168,169,76,171,177,44,163,175,143,156,145,136,4,181,22,12,43,59,48,104,196,141,7,191,64,42,194,115,41,197,146,188,];False
4057;9598;13655;[199,72,78,99,155,124,176,193,186,192,10,154,31,61,149,15,160,92,14,19,20,173,8,93,24,25,131,142,150,5,106,130,198,147,34,33,55,66,74,138,86,174,63,6,9,45,29,119,57,49,50,51,77,53,85,36,182,46,38,79,190,32,183,90,52,56,21,67,18,69,80,71,2,109,89,180,158,114,167,81,37,27,82,83,157,54,125,129,88,11,3,91,107,189,58,128,195,97,39,1,84,134,17,100,65,96,117,187,164,98,110,165,112,113,111,26,116,35,95,120,178,47,60,151,118,170,126,127,122,0,101,144,40,139,105,135,23,13,179,73,87,30,137,16,94,133,103,172,148,185,123,121,152,132,153,140,70,68,62,159,162,161,184,75,108,28,166,102,168,169,76,171,177,44,163,175,143,156,145,136,4,181,22,12,43,59,48,104,196,141,7,191,64,42,194,115,41,197,146,188,];False
4103;9551;13654;[199,72,78,99,155,124,176,193,186,192,10,154,31,61,149,15,118,92,14,19,20,173,8,93,24,25,131,142,150,5,106,130,198,147,34,33,55,66,74,111,86,174,63,6,9,45,29,119,57,49,50,51,77,53,85,36,182,46,38,79,190,32,183,90,52,56,21,67,18,69,80,71,2,109,89,180,158,114,167,81,37,27,82,83,157,54,125,129,88,11,3,91,107,189,58,128,195,97,39,1,84,134,17,100,65,96,117,187,164,98,110,165,112,113,138,26,116,35,30,120,178,47,122,151,160,170,126,127,60,0,101,144,40,139,105,135,23,13,179,73,87,95,137,16,94,133,146,172,148,185,123,121,152,132,153,140,70,68,62,159,162,161,184,75,108,28,166,102,168,169,76,171,177,44,163,175,143,156,145,136,4,181,22,12,43,59,48,104,196,141,7,191,64,42,194,115,41,197,103,188,];False
4151;9503;13654;[199,72,78,99,155,124,176,193,186,192,10,154,31,61,149,15,118,92,14,19,20,173,8,93,24,25,131,142,150,5,106,130,198,147,34,33,55,66,74,111,86,129,63,6,9,45,29,119,57,49,50,51,77,53,85,36,182,46,38,79,190,32,183,90,52,56,21,67,18,69,80,71,2,109,89,180,158,114,167,81,37,27,82,83,157,54,125,174,88,11,3,91,107,189,58,128,195,97,39,1,84,134,17,100,65,96,117,187,164,98,110,165,112,113,138,26,116,35,30,120,178,47,122,151,160,170,126,127,60,0,101,144,40,139,105,135,23,13,179,73,87,95,137,16,94,133,103,172,148,185,123,121,152,132,153,140,70,68,62,159,162,161,184,75,108,28,166,102,168,169,76,171,177,44,163,175,143,156,145,136,4,181,22,12,43,59,48,104,196,141,7,191,64,42,194,115,41,197,146,188,];False
4149;9504;13653;[199,72,78,99,155,124,176,193,186,192,10,154,31,61,149,15,118,92,14,19,20,173,8,93,24,41,131,142,150,5,106,130,198,147,34,33,55,66,74,111,86,174,63,6,9,45,158,119,57,49,50,51,77,53,85,36,182,46,38,79,190,32,183,90,52,56,21,67,18,69,80,71,2,109,89,180,29,114,167,81,37,27,82,83,157,54,125,129,88,11,3,91,107,189,58,128,195,97,39,1,84,134,17,100,65,96,117,187,164,98,110,165,112,113,138,26,116,35,30,120,178,47,122,151,160,170,126,127,60,0,101,144,40,139,105,135,23,13,179,73,87,95,137,16,94,133,103,172,148,185,123,121,152,132,153,140,70,68,62,159,162,161,184,75,108,28,166,102,168,169,76,171,177,44,163,175,143,156,145,136,4,181,22,12,43,59,48,104,196,141,7,191,64,42,194,115,25,197,146,188,];False
4021;9632;13653;[72,199,78,99,155,124,176,193,186,192,10,154,31,61,149,15,118,92,14,19,20,173,8,93,24,25,84,142,150,5,148,130,198,147,34,33,138,66,141,126,86,174,63,6,9,45,29,119,57,49,50,51,77,53,85,36,182,46,38,79,4,32,183,90,52,56,21,67,18,69,80,71,2,109,89,180,158,114,167,81,156,27,82,83,157,54,125,129,88,11,3,91,107,189,58,128,195,97,55,1,131,134,17,100,65,96,117,187,164,98,110,165,112,113,111,26,116,35,95,62,178,47,64,151,160,170,7,127,122,0,101,144,40,139,105,135,23,13,179,73,87,30,137,16,94,133,103,172,106,185,123,121,152,132,153,140,70,68,120,159,162,161,184,75,108,28,166,102,168,169,76,171,177,44,163,175,143,37,145,136,190,181,22,12,43,59,48,104,196,74,39,191,60,42,194,115,41,197,146,188,];False
4074;9578;13652;[72,199,78,99,155,124,176,193,186,192,10,154,31,61,149,15,118,92,14,19,20,173,8,93,24,25,131,142,150,5,106,130,198,147,34,33,55,66,74,138,86,174,63,6,9,45,29,119,57,49,50,51,77,53,85,36,182,46,38,79,190,32,183,90,52,56,21,67,18,69,80,71,2,109,89,180,158,114,197,81,37,27,82,83,157,54,125,129,88,11,3,91,107,189,58,128,195,97,126,1,84,134,17,100,65,96,117,187,164,98,110,165,112,113,111,26,116,35,95,120,178,47,60,151,160,170,39,127,122,0,101,144,40,139,105,135,23,13,179,73,87,30,137,16,94,133,103,172,148,185,123,121,152,132,153,140,70,68,62,159,162,161,184,75,108,28,166,102,168,169,76,171,177,44,163,175,143,156,145,136,4,181,22,12,43,59,48,104,196,141,7,191,64,42,194,115,41,167,146,188,];False
4060;9592;13652;[199,72,78,99,155,124,176,193,186,192,10,154,31,61,149,15,118,98,14,19,20,173,8,93,24,25,131,142,150,5,106,130,198,147,34,33,55,66,74,111,86,174,63,6,9,45,29,119,57,49,50,51,77,53,85,36,182,46,38,79,190,32,183,90,52,56,21,67,18,69,80,71,2,109,89,180,158,114,167,81,37,27,82,83,157,54,125,129,88,11,3,91,107,189,58,128,195,97,39,1,84,134,17,100,65,96,117,187,164,92,110,165,112,113,138,26,116,35,95,120,178,47,122,151,160,170,126,127,60,0,101,144,40,139,105,135,23,13,179,73,87,30,137,16,94,133,103,172,148,185,123,121,152,132,153,140,70,68,62,159,162,161,184,75,108,28,166,102,168,169,76,171,177,44,163,175,143,156,145,136,4,181,22,12,43,59,48,104,196,141,7,191,64,42,194,115,41,197,146,188,];False
4083;9568;13651;[72,199,78,99,155,124,176,193,186,192,10,154,31,61,149,15,118,92,14,19,20,173,8,93,24,25,131,142,150,5,106,130,198,147,34,33,55,66,74,138,86,174,63,6,9,45,29,119,57,49,50,51,77,53,85,36,182,46,38,79,4,32,183,190,52,56,21,67,18,69,80,71,2,109,89,180,158,114,167,81,37,27,82,83,157,54,125,129,88,11,3,91,107,189,58,128,195,97,126,1,84,134,17,100,65,96,117,187,164,98,110,165,112,113,111,26,116,35,95,120,178,47,60,151,160,170,39,127,122,0,101,144,40,139,105,135,23,13,179,73,87,30,137,16,94,133,103,172,148,185,123,121,152,132,153,140,70,68,62,159,162,161,184,75,108,28,166,102,168,169,76,171,177,44,163,175,143,156,145,136,90,181,22,12,43,59,48,104,196,141,7,191,64,42,194,115,41,197,146,188,];False
4096;9555;13651;[199,72,78,99,155,124,176,193,186,192,10,154,31,61,149,15,118,92,14,19,20,173,8,93,24,25,131,142,150,5,106,130,198,147,34,33,55,66,74,111,86,174,63,6,9,45,29,119,57,49,50,51,77,53,40,36,182,46,38,79,190,32,183,90,52,56,21,67,18,69,80,71,2,109,89,180,158,114,167,81,37,27,82,83,157,54,125,129,88,11,3,91,107,189,58,128,195,97,39,1,84,134,17,100,65,96,117,187,164,98,110,165,112,113,138,26,116,35,95,120,178,47,60,151,160,170,126,127,122,0,101,144,85,139,105,135,23,13,179,73,87,30,137,16,94,133,103,172,148,185,123,121,152,132,153,140,70,68,62,159,162,161,184,75,108,28,166,102,168,169,76,171,177,44,163,175,143,156,145,136,4,181,22,12,43,59,48,104,196,141,7,191,64,42,194,115,41,197,146,188,];False
4061;9590;13651;[199,72,78,99,155,124,176,193,186,192,10,154,31,61,149,15,118,92,14,19,136,173,8,93,24,25,131,142,150,5,106,130,198,147,34,33,55,66,74,138,86,174,63,6,9,45,29,119,57,49,50,51,77,53,85,36,182,46,38,79,190,32,183,90,52,56,21,67,18,69,80,71,2,109,89,180,158,114,167,81,37,27,82,83,157,54,125,129,88,11,3,91,107,189,58,128,195,97,126,1,84,134,17,100,65,96,117,187,164,98,110,165,112,113,111,26,116,35,95,120,178,47,60,151,160,170,39,127,122,0,101,144,40,139,105,135,23,13,179,73,87,30,137,16,94,133,103,172,148,185,123,121,152,132,153,140,70,68,62,159,162,161,184,75,108,28,166,102,168,169,76,171,177,44,163,175,143,156,145,20,4,181,22,12,43,59,48,104,196,141,7,191,64,42,194,115,41,197,146,188,];False
4101;9550;13651;[72,199,78,99,155,124,176,193,186,192,10,154,31,61,149,15,118,92,14,19,20,173,8,93,24,25,84,142,150,5,141,130,198,147,34,33,138,66,106,126,86,174,63,6,9,45,29,119,57,49,50,51,77,53,85,36,182,46,38,79,4,32,183,90,52,56,21,67,18,69,80,71,2,109,89,180,158,114,167,81,156,27,82,83,157,54,125,129,88,11,3,91,107,189,58,128,195,97,55,1,131,134,17,100,65,96,117,187,164,98,110,165,112,113,111,26,116,35,95,62,178,47,64,151,160,170,7,127,122,0,101,144,40,139,105,135,23,13,179,73,87,30,137,16,94,133,103,172,148,185,123,121,152,132,153,140,70,68,120,159,162,161,184,75,108,28,166,102,168,169,76,171,177,44,163,175,143,37,145,136,190,181,22,12,43,59,48,104,196,74,39,191,60,42,194,115,41,197,146,188,];False
4129;9522;13651;[199,72,78,99,155,124,176,193,186,192,10,154,31,61,149,15,118,92,14,19,20,173,8,93,24,25,131,142,150,5,106,130,198,147,34,33,153,66,74,111,86,174,63,6,9,45,158,119,57,49,50,51,77,53,85,36,182,46,38,79,101,32,183,90,52,56,21,67,18,69,80,71,2,109,89,180,29,114,167,81,37,27,82,83,157,54,125,129,88,11,3,91,107,189,58,128,195,97,39,1,84,134,17,100,65,96,117,187,164,98,110,165,112,113,138,26,116,35,30,120,178,47,122,151,160,170,126,127,60,0,190,144,40,139,105,135,23,13,179,73,87,95,137,16,94,133,103,172,148,185,123,121,152,132,55,140,70,68,62,159,162,161,184,75,108,28,166,102,168,169,76,171,177,44,163,175,143,156,145,136,4,181,22,12,43,59,48,104,196,141,7,191,64,42,194,115,41,197,146,188,];False
4095;9554;13649;[72,199,78,99,155,124,176,193,186,192,164,154,31,61,149,15,118,92,14,19,20,173,8,93,24,25,84,142,150,5,106,130,198,147,34,33,55,66,141,126,86,174,63,6,9,45,29,119,57,49,50,51,77,53,85,36,182,46,38,79,4,32,183,90,52,56,21,67,18,69,80,71,2,109,89,180,158,114,167,81,37,27,82,83,157,54,125,129,88,11,3,91,107,189,58,128,195,97,138,1,131,134,17,100,65,96,117,187,10,98,110,165,112,113,111,26,116,35,95,120,178,47,64,151,160,170,7,127,122,0,101,144,40,139,105,135,23,13,179,73,87,30,137,16,94,133,103,172,148,185,123,121,152,132,153,140,70,68,62,159,162,161,184,75,108,28,166,102,168,169,76,171,177,44,163,175,143,156,145,136,190,181,22,12,43,59,48,104,196,74,39,191,60,42,194,115,41,197,146,188,];False
4129;9519;13648;[199,72,78,99,155,124,176,193,186,192,10,154,31,61,149,15,118,92,14,19,20,173,8,93,24,25,131,142,150,5,106,130,198,147,34,33,55,66,74,111,86,174,63,6,9,45,158,119,57,49,50,51,77,53,85,36,182,46,38,79,101,32,183,90,52,56,21,67,18,69,80,71,2,109,89,180,29,114,167,81,37,27,82,83,157,54,125,129,88,11,3,91,107,189,58,128,195,97,39,1,84,134,17,100,65,153,117,187,164,98,110,165,112,113,138,26,116,35,30,120,178,47,122,151,160,170,126,127,60,0,190,144,40,139,105,135,23,13,179,73,87,95,137,16,94,133,103,172,148,185,123,121,152,132,96,140,70,68,62,159,162,161,184,75,108,28,166,102,168,169,76,171,177,44,163,175,143,156,145,136,4,181,22,12,43,59,48,104,196,141,7,191,64,42,194,115,41,197,146,188,];False
4058;9590;13648;[199,72,78,99,155,124,176,193,186,192,10,154,31,61,149,15,118,92,14,19,20,173,8,93,24,25,131,142,150,5,106,130,198,147,34,33,55,66,74,138,86,174,63,6,9,45,29,119,57,49,50,51,77,53,85,36,182,46,158,79,190,32,183,90,52,56,21,67,18,69,80,71,2,109,89,180,38,114,167,81,37,27,82,83,157,54,125,129,88,11,3,91,107,189,58,128,195,97,126,1,84,134,17,100,65,96,117,187,164,98,110,165,112,113,111,26,116,35,95,120,178,47,60,151,160,170,39,127,122,0,101,144,40,139,105,135,23,13,179,73,87,30,137,16,94,133,103,172,148,185,123,121,152,132,153,140,70,68,62,159,162,161,184,75,108,28,166,102,168,169,76,171,177,44,163,175,143,156,145,136,4,181,22,12,43,59,48,104,196,141,7,191,64,42,194,115,41,197,146,188,];False
4117;9530;13647;[199,72,78,99,155,124,176,193,186,192,10,154,31,61,149,15,118,92,14,19,20,173,8,93,24,25,131,142,150,5,106,130,198,147,34,33,55,66,74,111,86,174,63,6,9,45,29,119,57,49,50,51,77,53,85,36,182,46,38,79,190,32,183,90,52,56,21,67,18,69,80,71,2,109,89,180,158,114,167,81,37,27,82,83,157,54,125,129,88,11,47,91,107,189,58,128,195,97,39,1,84,134,17,100,65,96,117,187,164,98,110,165,112,113,138,26,116,35,30,120,178,3,122,151,160,170,126,127,60,0,101,144,40,139,105,135,23,13,179,73,87,95,137,16,94,133,103,172,148,185,123,121,152,132,153,140,70,68,62,159,162,161,184,75,108,28,166,102,168,169,76,171,177,44,163,175,143,156,145,136,4,181,22,12,43,59,48,104,196,141,7,191,64,42,194,115,41,197,146,188,];False
4027;9620;13647;[72,199,78,99,155,124,176,193,186,192,10,154,31,61,149,15,118,92,14,19,20,173,8,93,24,25,84,142,150,5,106,130,198,147,34,33,138,66,141,126,86,174,63,6,156,45,29,119,57,49,50,51,77,53,85,36,182,46,38,79,4,32,183,90,52,56,21,67,18,69,80,71,2,109,89,180,158,114,167,81,9,27,82,83,157,54,125,129,88,11,3,91,107,189,58,128,195,97,55,1,131,134,17,100,65,96,117,187,164,98,110,165,112,113,111,26,116,35,95,62,178,47,64,151,160,170,7,127,122,0,101,144,40,139,105,135,23,13,179,73,87,30,137,16,94,133,103,172,148,185,123,121,152,132,153,140,70,68,120,159,162,161,184,75,108,28,166,102,168,169,76,171,177,44,163,175,143,37,145,136,190,181,22,12,43,59,48,104,196,74,39,191,60,42,194,115,41,197,146,188,];False
4120;9526;13646;[199,72,78,99,155,124,176,193,186,192,10,154,31,61,149,15,118,92,14,19,20,173,8,93,24,25,131,142,150,5,106,130,198,147,34,33,55,66,74,111,86,174,63,65,9,45,29,119,57,49,50,51,77,53,85,36,182,46,38,79,190,32,183,90,52,56,21,67,18,69,80,71,2,109,89,180,158,114,167,81,37,27,82,83,157,54,125,129,88,11,3,91,107,189,58,128,195,97,39,1,84,134,17,100,6,96,117,187,164,98,110,165,112,113,138,26,116,35,95,120,178,47,60,151,160,170,126,127,122,0,101,144,40,139,105,135,23,13,179,73,87,30,137,16,94,133,103,172,148,185,123,121,152,132,153,140,70,68,62,159,162,161,184,75,108,28,166,102,168,169,76,171,177,44,163,175,143,156,145,136,4,181,22,12,43,59,48,104,196,141,7,191,64,42,194,115,41,197,146,188,];False
4079;9567;13646;[72,199,78,99,155,124,176,193,186,192,10,154,152,61,149,15,118,92,14,19,20,173,8,93,24,25,131,142,150,5,106,130,198,147,34,33,55,66,74,138,86,174,63,6,9,45,29,119,57,49,50,51,77,53,85,36,182,46,38,79,190,32,183,90,52,56,21,67,18,69,80,71,2,109,89,180,158,114,167,81,37,27,82,83,157,54,125,129,88,11,3,91,107,189,58,128,195,97,126,1,84,134,17,100,65,96,117,187,164,98,110,165,112,113,111,26,116,35,95,120,178,47,60,151,160,170,39,127,122,0,101,144,40,139,105,135,23,13,179,73,87,30,137,16,94,133,103,172,148,185,123,121,31,132,153,140,70,68,62,159,162,161,184,75,108,28,166,102,168,169,76,171,177,44,163,175,143,156,145,136,4,181,22,12,43,59,48,104,196,141,7,191,64,42,194,115,41,197,146,188,];False
4036;9610;13646;[72,199,78,99,155,124,176,193,186,192,10,154,31,61,149,15,118,92,14,19,20,173,8,93,24,25,131,142,150,5,106,130,198,147,34,33,55,66,74,138,86,174,63,6,9,175,29,119,57,49,50,51,77,53,85,36,182,46,38,79,190,32,183,90,52,56,21,67,18,69,80,71,2,109,89,180,158,114,167,81,37,27,82,83,157,54,125,129,88,11,3,91,107,189,58,128,195,97,126,1,84,134,17,100,65,96,117,187,164,98,110,165,112,113,111,26,116,35,95,120,178,47,60,151,160,170,39,127,122,0,101,144,40,139,105,135,23,13,179,73,87,30,137,16,94,133,103,172,148,185,123,121,152,132,153,140,70,68,62,159,162,161,184,75,108,28,166,102,168,169,76,171,177,44,163,45,143,156,145,136,4,181,22,12,43,59,48,104,196,141,7,191,64,42,194,115,41,197,146,188,];False
4083;9562;13645;[199,72,78,99,155,124,176,193,186,192,10,154,31,61,149,15,118,92,14,19,20,173,8,93,24,25,131,142,150,162,106,130,198,147,34,33,55,66,74,138,86,174,63,6,9,45,29,119,57,49,50,51,77,53,85,36,182,46,38,79,190,32,183,90,52,56,21,67,18,69,80,71,2,109,89,180,158,114,167,81,37,27,82,83,157,54,125,129,88,11,3,91,107,189,58,128,195,97,126,1,84,134,17,100,65,96,117,187,164,98,110,165,112,113,111,26,116,35,95,120,178,47,60,151,160,170,39,127,122,0,101,144,40,139,105,135,23,13,179,73,87,30,137,16,94,133,103,172,148,185,123,121,152,132,153,140,70,68,62,159,5,161,184,75,108,28,166,102,168,169,76,171,177,44,163,175,143,156,145,136,4,181,22,12,43,59,48,104,196,141,7,191,64,42,194,115,41,197,146,188,];False
4108;9537;13645;[199,72,78,99,155,124,176,193,186,192,10,154,31,61,149,15,118,92,14,19,20,173,8,93,24,25,131,142,150,5,106,130,198,147,34,33,55,66,74,111,86,174,63,6,9,45,29,119,57,49,50,51,77,53,85,36,182,46,38,79,190,32,183,90,52,56,21,67,18,69,80,71,2,109,89,180,158,114,167,81,37,27,82,83,157,54,125,129,88,11,3,91,107,189,58,128,195,97,39,1,84,134,17,100,65,96,117,187,164,98,110,165,112,113,138,26,116,35,30,120,178,47,122,151,160,170,126,127,60,0,101,144,40,139,105,135,23,13,179,73,87,95,137,16,94,133,103,172,148,185,123,121,152,132,153,140,70,68,171,159,162,161,184,75,108,28,166,102,168,169,76,62,177,44,163,175,143,156,145,136,4,181,22,12,43,59,48,104,196,141,7,191,64,42,194,115,41,197,146,188,];False
4064;9581;13645;[199,72,78,99,155,124,176,193,186,192,10,154,31,61,149,15,118,92,14,19,20,173,8,93,24,25,131,142,150,5,106,130,198,147,34,33,55,66,74,138,86,174,63,6,105,45,29,119,57,49,50,51,77,53,85,36,182,46,38,79,190,32,183,90,52,56,21,67,18,69,80,71,2,109,89,180,158,114,167,81,37,27,82,83,157,54,125,129,88,11,3,91,107,189,58,128,195,97,39,1,84,134,17,100,65,96,117,187,164,98,110,165,112,113,111,26,116,35,95,120,178,47,60,151,160,170,126,127,122,0,101,144,40,139,9,135,23,13,179,73,87,30,137,16,94,133,103,172,148,185,123,121,152,132,153,140,70,68,62,159,162,161,184,75,108,28,166,102,168,169,76,171,177,44,163,175,143,156,145,136,4,181,22,12,43,59,48,104,196,141,7,191,64,42,194,115,41,197,146,188,];False
4091;9553;13644;[72,199,78,99,155,124,176,193,186,192,10,154,31,61,149,15,118,92,14,19,20,173,8,93,24,25,84,142,150,5,106,130,198,147,34,33,55,66,141,126,86,174,63,168,9,45,29,119,57,49,50,51,77,53,85,36,182,46,38,79,4,32,183,90,52,56,21,67,18,69,80,71,2,109,89,180,158,114,167,81,37,27,82,83,157,54,125,129,88,11,3,91,107,189,58,128,195,97,138,1,131,134,17,100,65,96,117,187,164,98,110,165,112,113,111,26,116,35,95,120,178,47,64,151,160,170,7,127,122,0,101,144,40,139,105,135,23,13,179,73,87,30,137,16,94,133,103,172,148,185,123,121,152,132,153,140,70,68,62,159,162,161,184,75,108,28,166,102,6,169,76,171,177,44,163,175,143,156,145,136,190,181,22,12,43,59,48,104,196,74,39,191,60,42,194,115,41,197,146,188,];False
4140;9503;13643;[199,72,78,99,155,124,176,193,186,192,10,154,31,61,149,15,118,92,14,19,20,173,8,93,24,25,131,142,150,5,106,130,198,147,34,33,55,66,74,111,4,174,63,6,9,45,29,119,57,49,50,51,77,53,85,36,182,46,38,79,190,32,183,90,52,56,21,67,18,69,80,71,2,109,89,180,158,114,167,81,37,27,82,83,157,54,125,129,88,11,3,91,107,189,58,128,195,97,39,1,84,134,17,100,65,96,117,187,164,98,110,165,112,113,138,26,116,35,30,120,178,47,122,151,160,170,126,127,60,0,101,144,40,139,105,135,23,13,179,73,87,95,137,16,94,133,103,172,148,185,123,121,152,132,153,140,70,68,62,159,162,161,184,75,108,28,166,102,168,169,76,171,177,44,163,175,143,156,145,136,86,181,22,12,43,59,48,104,196,141,7,191,64,42,194,115,41,197,146,188,];False
3926;9717;13643;[160,199,78,99,155,124,176,193,186,192,10,154,31,61,149,15,118,92,14,19,20,173,8,171,24,25,32,142,150,5,106,130,198,147,34,45,138,66,141,126,86,174,63,6,9,113,29,119,57,49,50,51,77,53,85,36,182,46,38,79,4,146,188,90,52,56,21,67,18,178,80,71,2,109,89,180,158,114,167,81,156,27,82,83,157,54,125,129,88,11,3,91,107,189,58,128,195,97,55,1,131,134,17,100,65,96,117,187,164,98,110,165,112,33,111,26,116,35,95,62,69,47,64,151,7,170,72,127,122,0,101,144,40,139,105,135,23,13,179,73,87,30,137,16,94,133,103,172,148,185,123,121,132,152,153,140,70,68,120,159,162,161,184,75,108,28,166,102,168,169,76,93,177,44,163,175,143,37,145,136,190,181,22,12,43,59,48,104,196,74,39,191,60,42,194,115,41,197,84,183,];False
4063;9580;13643;[199,72,78,99,155,124,176,193,186,192,10,154,31,61,149,15,118,92,14,19,20,173,8,93,24,25,131,142,150,5,106,130,198,147,34,33,55,66,74,111,86,174,63,6,9,45,29,119,57,49,50,51,77,53,85,36,182,46,38,79,190,32,183,90,52,56,21,67,18,69,80,71,2,109,89,180,158,114,167,81,37,27,82,83,157,54,125,129,88,11,3,91,107,189,58,128,195,97,39,1,84,134,17,100,65,96,117,187,164,98,110,165,188,113,138,26,116,35,30,120,178,47,122,151,160,170,126,127,60,0,101,144,40,139,105,135,23,13,179,73,87,95,137,16,94,133,103,172,148,185,123,121,152,132,153,140,70,68,62,159,162,161,184,75,108,28,166,102,168,169,76,171,177,44,163,175,143,156,145,136,4,181,22,12,43,59,48,104,196,141,7,191,64,42,194,115,41,197,146,112,];False
4042;9600;13642;[199,72,78,99,155,124,176,193,186,192,10,154,31,61,149,15,118,92,14,19,20,173,8,93,24,25,131,142,150,5,106,130,198,147,34,33,55,66,74,138,86,174,63,6,9,45,29,119,57,49,50,51,77,53,85,36,182,46,38,79,190,32,183,90,52,56,21,67,18,69,80,71,2,109,89,180,158,114,167,81,37,27,82,83,157,54,125,129,88,11,3,91,107,189,58,128,195,97,126,1,84,134,17,100,65,96,117,187,164,98,110,165,112,113,111,26,116,35,95,120,178,47,60,151,160,170,39,127,122,0,101,144,40,139,105,135,23,13,179,73,87,30,137,16,94,133,103,172,148,115,123,121,152,132,153,140,70,68,62,159,162,161,184,75,108,28,166,102,168,169,76,171,177,44,163,175,143,156,145,136,4,181,22,12,43,59,48,104,196,141,7,191,64,42,194,185,41,197,146,188,];False
4052;9590;13642;[72,199,78,99,155,124,176,193,186,192,10,154,31,61,149,15,118,92,14,19,20,173,8,93,24,25,84,142,150,5,106,130,198,147,34,33,55,66,141,126,86,174,63,6,9,45,29,119,57,49,50,51,77,53,85,36,182,46,38,79,4,32,183,90,52,56,21,67,18,69,80,71,2,109,89,180,158,114,167,81,37,27,82,83,157,54,125,129,88,11,3,91,107,116,58,128,195,97,138,1,131,134,17,100,65,96,117,187,164,98,110,165,112,113,111,26,189,35,95,120,178,47,64,151,160,170,7,127,122,0,101,144,40,139,105,135,23,13,179,73,87,30,137,16,94,133,103,172,148,185,123,121,152,132,153,140,70,68,62,159,162,161,184,75,108,28,166,102,168,169,76,171,177,44,163,175,143,156,145,136,190,181,22,12,43,59,48,104,196,74,39,191,60,42,194,115,41,197,146,188,];False
4072;9570;13642;[72,199,78,99,155,124,176,193,186,192,10,154,31,61,149,15,118,92,14,19,20,173,8,93,24,25,84,142,150,5,106,130,198,147,34,33,55,66,141,126,86,174,63,6,9,45,29,119,57,49,50,51,77,53,85,36,182,46,38,79,4,32,183,90,52,56,21,67,18,69,80,71,2,109,89,180,158,114,167,81,37,27,82,83,157,54,125,129,88,11,3,91,107,70,58,128,195,97,138,1,131,134,17,100,65,96,117,187,164,98,110,165,112,113,111,26,116,35,95,120,178,47,64,151,160,170,7,127,122,0,101,144,40,139,105,135,23,13,179,73,87,30,137,16,94,133,103,172,148,185,123,121,152,132,153,140,189,68,62,159,162,161,184,75,108,28,166,102,168,169,76,171,177,44,163,175,143,156,145,136,190,181,22,12,43,59,48,104,196,74,39,191,60,42,194,115,41,197,146,188,];False
4056;9586;13642;[199,72,78,99,155,124,176,193,186,192,10,154,31,61,149,15,118,92,14,19,20,173,8,93,24,25,131,142,150,5,106,130,198,147,34,33,55,66,74,138,86,174,63,6,9,45,29,119,57,49,50,51,77,53,85,36,182,46,38,79,190,32,183,90,52,56,21,67,18,69,80,71,2,109,89,180,158,114,167,81,37,27,82,83,157,54,125,129,88,11,3,91,107,189,58,128,195,97,39,1,84,134,17,100,65,96,117,187,164,98,110,165,112,113,111,116,26,35,95,120,178,47,60,151,160,170,126,127,122,0,101,144,40,139,105,135,23,13,179,73,87,30,137,16,94,133,103,172,148,185,123,121,152,132,153,140,70,68,62,159,162,161,184,75,108,28,166,102,168,169,76,171,177,44,163,175,143,156,145,136,4,181,22,12,43,59,48,104,196,141,7,191,64,42,194,115,41,197,146,188,];False
3993;9648;13641;[72,199,78,99,155,124,176,193,186,192,10,154,31,61,149,15,118,92,14,19,20,173,8,93,24,25,84,142,150,5,106,130,198,147,34,33,138,66,141,126,86,174,63,6,9,45,29,119,57,49,50,51,77,53,85,36,182,46,38,79,4,32,183,90,52,56,21,67,18,69,80,71,2,109,89,180,158,114,167,81,156,27,82,83,157,54,125,129,88,11,3,91,107,189,58,128,195,97,55,1,131,134,17,100,65,96,117,187,164,98,110,165,112,113,111,26,116,35,95,62,178,47,64,151,160,170,7,12,122,0,101,144,40,139,105,135,23,13,179,73,87,30,137,16,94,133,103,172,148,185,123,121,152,132,153,140,70,68,120,159,162,161,184,75,108,28,166,102,168,169,76,171,177,44,163,175,143,37,145,136,190,181,22,127,43,59,48,104,196,74,39,191,60,42,194,115,41,197,146,188,];False
4112;9529;13641;[72,199,78,99,155,124,176,193,186,192,10,154,31,61,149,15,118,92,14,19,20,173,8,93,24,25,131,142,150,5,106,130,198,147,34,33,55,66,74,138,86,174,63,6,9,45,29,119,57,49,50,51,77,53,85,36,182,46,38,79,190,32,183,90,52,56,21,67,18,69,80,71,2,109,89,180,158,114,167,81,37,27,82,83,157,54,125,129,88,11,3,91,107,189,58,128,195,97,126,1,84,134,17,100,65,96,117,187,164,98,110,165,112,113,111,26,116,35,95,120,179,47,60,151,160,170,39,127,122,0,101,144,40,139,105,135,23,13,178,73,87,30,137,16,94,133,103,172,148,185,123,121,152,132,153,140,70,68,62,159,162,161,184,75,108,28,166,102,168,169,76,171,177,44,163,175,143,156,145,136,4,181,22,12,43,59,48,104,196,141,7,191,64,42,194,115,41,197,146,188,];False
4057;9584;13641;[72,199,78,99,155,124,176,193,186,192,10,154,31,61,149,15,118,92,14,19,20,173,8,93,24,25,131,142,150,5,106,130,198,125,34,33,55,66,74,138,86,174,63,6,9,45,29,119,57,49,50,51,77,53,85,36,182,46,38,79,190,32,183,90,52,56,21,67,18,69,80,71,2,109,89,180,158,114,167,81,37,27,82,83,157,54,147,129,88,11,3,91,107,189,58,128,195,97,126,1,84,134,17,100,65,96,117,187,164,98,110,165,112,113,111,26,116,35,95,120,178,47,60,151,160,170,39,127,122,0,101,144,40,139,105,135,23,13,179,73,87,30,137,16,94,133,103,172,148,185,123,121,152,132,153,140,70,68,62,159,162,161,184,75,108,28,166,102,168,169,76,171,177,44,163,175,143,156,145,136,4,181,22,12,43,59,48,104,196,141,7,191,64,42,194,115,41,197,146,188,];False
4045;9596;13641;[72,199,78,99,155,124,176,193,186,192,10,154,31,61,149,15,118,92,14,19,20,173,8,93,24,25,84,142,150,5,106,130,198,147,34,33,55,66,141,126,86,174,63,6,9,45,29,119,57,49,50,51,77,53,85,36,182,46,38,79,4,32,108,90,52,56,21,67,18,69,80,71,2,109,89,180,158,114,167,81,37,27,82,83,157,54,125,129,88,11,3,91,107,189,58,128,195,97,138,1,131,134,17,100,65,96,117,187,164,98,110,165,112,113,111,26,116,35,95,120,178,47,64,151,160,170,7,127,122,0,101,144,40,139,105,135,23,13,179,73,87,30,137,16,94,133,103,172,148,185,123,121,152,132,153,140,70,68,62,159,162,161,184,75,183,28,166,102,168,169,76,171,177,44,163,175,143,156,145,136,190,181,22,12,43,59,48,104,196,74,39,191,60,42,194,115,41,197,146,188,];False
4113;9528;13641;[199,72,78,99,155,2,176,193,186,192,10,154,31,61,149,15,118,92,14,19,20,173,8,93,24,25,131,142,150,5,106,130,198,147,34,33,55,66,74,138,86,174,63,6,9,45,29,119,57,49,50,51,77,53,85,36,182,46,38,79,190,32,183,90,52,56,21,67,18,69,80,71,124,109,89,180,158,114,167,81,37,27,82,83,157,54,125,129,88,11,3,91,107,189,58,128,195,97,39,1,84,134,17,100,65,96,117,187,164,98,110,165,112,113,111,26,116,35,95,120,178,47,60,151,160,170,126,127,122,0,101,144,40,139,105,135,23,13,179,73,87,30,137,16,94,133,103,172,148,185,123,121,152,132,153,140,70,68,62,159,162,161,184,75,108,28,166,102,168,169,76,171,177,44,163,175,143,156,145,136,4,181,22,12,43,59,48,104,196,141,7,191,64,42,194,115,41,197,146,188,];False
3953;9687;13640;[72,199,78,99,155,124,176,193,186,192,10,154,31,61,149,15,118,92,14,19,20,173,8,93,24,25,32,142,150,5,106,130,198,147,34,45,138,66,141,126,86,174,63,6,9,33,29,119,57,49,50,51,77,53,85,36,182,46,38,79,4,146,183,90,52,56,21,67,18,178,80,71,2,109,89,180,158,114,167,81,156,27,82,83,157,54,125,129,88,11,3,91,107,189,58,128,195,97,55,1,131,134,17,100,65,96,117,187,164,98,110,165,112,113,111,26,116,35,95,62,69,47,64,151,7,170,160,127,121,0,101,144,40,139,105,135,23,13,179,73,87,30,137,16,94,133,103,172,148,185,123,122,152,132,153,140,70,68,120,159,162,161,184,75,108,28,166,102,168,169,76,171,177,44,163,175,143,37,145,136,190,181,22,12,43,59,48,104,196,74,39,191,60,42,194,115,41,197,84,188,];False
4101;9539;13640;[199,72,78,99,155,124,176,193,186,192,10,154,31,61,149,15,118,92,14,19,20,173,8,93,24,25,131,142,150,5,106,130,198,147,34,33,55,51,74,138,86,174,63,6,9,45,29,119,57,49,50,66,77,53,85,36,182,46,38,79,190,32,183,90,52,56,21,67,18,69,80,71,2,109,89,180,158,114,167,81,37,27,82,83,157,54,125,129,88,11,3,91,107,189,58,128,195,97,39,1,84,134,17,100,65,96,117,187,164,98,110,165,112,113,111,26,116,35,95,120,178,47,60,151,160,170,126,127,122,0,101,144,40,139,105,135,23,13,179,73,87,30,137,16,94,133,103,172,148,185,123,121,152,132,153,140,70,68,62,159,162,161,184,75,108,28,166,102,168,169,76,171,177,44,163,175,143,156,145,136,4,181,22,12,43,59,48,104,196,141,7,191,64,42,194,115,41,197,146,188,];False
4086;9554;13640;[72,199,78,99,155,124,176,193,186,192,10,154,31,61,149,15,118,92,14,19,20,173,8,93,24,25,84,142,150,5,106,130,198,147,34,33,138,66,141,126,86,174,63,6,9,45,29,119,57,49,50,51,77,53,85,36,182,46,38,79,4,32,183,90,52,56,21,67,18,69,80,71,2,109,89,180,158,114,167,81,156,27,82,83,157,54,125,129,88,11,3,91,107,189,58,128,195,97,55,1,131,134,17,100,65,96,117,187,164,98,110,165,112,113,111,26,116,35,95,120,178,47,64,151,160,170,7,127,122,0,101,144,40,139,105,135,23,13,179,73,87,30,137,16,94,133,103,172,148,185,123,121,152,132,153,140,70,68,62,159,162,161,184,75,108,28,166,102,163,169,76,171,177,44,168,175,143,37,145,136,190,181,22,12,43,59,48,104,196,74,39,191,60,42,194,115,41,197,146,188,];False
4059;9581;13640;[72,199,78,99,155,124,176,193,186,192,10,154,31,61,149,15,118,92,14,19,20,173,8,93,24,25,131,142,150,5,106,130,198,147,34,33,55,66,74,138,86,174,63,6,9,45,29,119,57,49,50,51,153,53,85,36,182,46,38,79,190,32,183,90,52,56,21,67,18,69,80,71,2,109,89,180,158,114,167,81,37,27,82,83,157,54,125,129,88,11,3,91,107,189,58,128,195,97,126,1,84,134,17,100,65,96,117,187,164,98,110,165,112,113,111,26,116,35,95,120,178,47,60,151,160,170,39,127,122,0,101,144,40,139,105,135,23,13,179,73,87,30,137,16,94,133,103,172,148,185,123,121,152,132,77,140,70,68,62,159,162,161,184,75,108,28,166,102,168,169,76,171,177,44,163,175,143,156,145,136,4,181,22,12,43,59,48,104,196,141,7,191,64,42,194,115,41,197,146,188,];False
4062;9578;13640;[199,72,78,99,155,124,176,193,186,192,10,154,31,61,149,15,118,92,14,19,20,173,8,93,24,25,131,142,150,153,106,130,198,147,34,33,55,66,74,138,86,174,63,6,9,45,29,119,57,49,50,51,77,53,85,36,182,46,38,79,190,32,183,90,52,56,21,67,18,69,80,71,2,109,89,180,158,114,167,81,37,27,82,83,157,54,125,129,88,11,3,91,107,189,58,128,195,97,39,1,84,134,17,100,65,96,117,187,164,98,110,165,112,113,111,26,116,35,95,120,178,47,60,151,160,170,126,127,122,0,101,144,40,139,105,135,23,13,179,73,87,30,137,16,94,133,103,172,148,185,123,121,152,132,5,140,70,68,62,159,162,161,184,75,108,28,166,102,168,169,76,171,177,44,163,175,143,156,145,136,4,181,22,12,43,59,48,104,196,141,7,191,64,42,194,115,41,197,146,188,];False
4040;9599;13639;[72,199,78,99,155,124,176,193,186,192,10,154,31,61,149,15,118,92,14,19,20,173,8,93,24,25,131,142,150,5,106,130,198,147,34,33,55,66,88,138,86,174,63,6,9,45,29,119,57,49,50,51,77,53,85,36,182,46,38,79,4,32,183,90,52,56,21,67,18,69,80,71,2,109,89,180,158,114,167,81,37,27,82,83,157,54,125,129,74,11,3,91,107,189,58,128,195,97,126,1,84,134,17,100,65,96,117,187,164,98,110,165,112,113,111,26,116,35,95,120,178,47,60,151,160,170,39,127,122,0,101,144,40,139,105,135,23,13,179,73,87,30,137,16,94,133,103,172,148,185,123,121,152,132,153,140,70,68,62,159,162,161,184,75,108,28,166,102,168,169,76,171,177,44,163,175,143,156,145,136,190,181,22,12,43,59,48,104,196,141,7,191,64,42,194,115,41,197,146,188,];False
4073;9566;13639;[72,199,78,99,155,124,176,193,186,192,10,154,164,61,149,15,118,92,14,19,20,173,8,93,24,25,131,142,150,5,106,130,198,147,34,33,55,66,74,138,86,174,63,6,9,45,29,119,57,49,50,51,77,53,85,36,182,46,38,79,4,32,183,90,52,56,21,67,18,69,80,71,2,109,89,180,158,114,167,81,37,27,82,83,157,54,125,129,88,11,3,91,107,189,58,128,195,97,126,1,84,134,17,100,65,96,117,187,31,98,110,165,112,113,111,26,116,35,95,120,178,47,60,151,160,170,39,127,122,0,101,144,40,139,105,135,23,13,179,73,87,30,137,16,94,133,103,172,148,185,123,121,152,132,153,140,70,68,62,159,162,161,184,75,108,28,166,102,168,169,76,171,177,44,163,175,143,156,145,136,190,181,22,12,43,59,48,104,196,141,7,191,64,42,194,115,41,197,146,188,];False
4076;9563;13639;[199,72,78,38,155,124,176,193,186,192,10,154,31,61,149,15,118,92,14,19,20,173,8,93,24,25,131,142,150,5,106,130,198,147,34,33,55,66,74,111,86,174,63,6,9,45,29,119,57,49,50,51,77,53,85,36,182,46,99,79,190,32,183,90,52,56,21,67,18,69,80,71,2,109,89,180,158,114,167,81,37,27,82,83,157,54,125,129,88,11,3,91,107,189,58,128,195,97,39,1,84,134,17,100,65,96,117,187,164,98,110,165,112,113,138,26,116,35,30,120,178,47,122,151,160,170,126,127,60,0,101,144,40,139,105,135,23,13,179,73,87,95,137,16,94,133,103,172,148,185,123,121,152,132,153,140,70,68,62,159,162,161,184,75,108,28,166,102,168,169,76,171,177,44,163,175,143,156,145,136,4,181,22,12,43,59,48,104,196,141,7,191,64,42,194,115,41,197,146,188,];False
4052;9587;13639;[72,199,78,99,155,124,176,193,186,192,10,154,31,61,149,15,118,92,14,19,20,173,8,93,24,25,131,142,150,5,106,130,198,147,34,33,55,66,74,138,86,174,63,6,9,45,29,1,57,49,50,51,77,53,85,36,182,46,38,79,4,32,183,90,52,56,21,67,18,69,80,71,2,109,89,180,158,114,167,81,37,27,82,83,157,54,125,129,88,11,3,91,107,189,58,128,195,97,126,119,84,134,17,100,65,96,117,187,164,98,110,165,112,113,111,26,116,35,95,120,178,47,60,151,160,170,39,127,122,0,101,144,40,139,105,135,23,13,179,73,87,30,137,16,94,133,103,172,148,185,123,121,152,132,153,140,70,68,62,159,162,161,184,75,108,28,166,102,168,169,76,171,177,44,163,175,143,156,145,136,190,181,22,12,43,59,48,104,196,141,7,191,64,42,194,115,41,197,146,188,];False
4114;9523;13637;[199,72,78,99,155,124,176,193,186,192,10,154,31,61,149,15,118,92,14,19,20,173,8,93,24,25,131,142,150,5,106,130,198,147,34,33,55,66,74,111,86,174,63,6,9,45,158,119,57,49,50,51,77,53,85,36,182,46,38,79,101,32,183,90,52,56,21,67,18,69,80,71,2,109,89,94,29,114,167,81,37,27,82,83,157,54,125,129,88,11,3,91,107,189,58,128,195,97,39,1,84,134,17,100,65,96,117,187,164,98,110,165,112,113,138,26,116,35,30,120,178,47,122,151,160,170,126,127,60,0,190,144,40,139,105,135,23,13,179,73,87,95,137,16,180,133,103,172,148,185,123,121,152,132,153,140,70,68,62,159,162,161,184,75,108,28,166,102,168,169,76,171,177,44,163,175,143,156,145,136,4,181,22,12,43,59,48,104,196,141,7,191,64,42,194,115,41,197,146,188,];False
4000;9637;13637;[72,199,78,99,155,124,176,193,186,192,10,154,31,61,149,15,118,92,14,19,20,173,8,93,24,25,84,142,150,5,106,79,198,147,34,33,138,66,141,126,86,174,63,6,9,45,29,119,57,49,50,51,77,53,85,36,182,46,38,130,4,32,183,90,52,56,21,67,18,178,80,71,2,109,89,180,158,114,167,81,156,27,82,83,157,54,125,129,88,11,3,91,107,189,58,128,195,97,55,1,131,134,17,100,65,96,117,187,164,98,110,165,112,113,111,26,116,35,95,62,69,47,64,151,7,170,160,127,122,0,101,144,40,139,105,135,23,13,179,73,87,30,137,16,94,133,103,172,148,185,123,121,152,132,153,140,70,68,120,159,162,161,184,75,108,28,166,102,168,169,76,171,177,44,163,175,143,37,145,136,190,181,22,12,43,59,48,104,196,74,39,191,60,42,194,115,41,197,146,188,];False
3997;9640;13637;[72,199,78,99,155,124,176,193,186,192,10,154,31,61,149,15,118,92,14,19,20,173,8,93,24,25,84,142,150,5,106,130,198,147,34,33,138,66,141,126,86,174,63,6,9,45,29,119,57,49,50,51,77,53,85,36,182,46,38,79,4,32,183,90,52,56,21,67,18,69,80,71,2,109,89,180,158,114,167,81,156,27,82,83,157,54,125,129,88,11,3,91,107,189,58,128,195,97,55,160,131,134,17,100,65,96,117,187,164,98,110,165,112,113,111,26,116,35,95,62,178,47,64,151,1,170,7,127,122,0,101,144,40,139,105,135,23,13,179,73,87,30,137,16,94,133,103,172,148,185,123,121,152,132,153,140,70,68,120,159,162,161,184,75,108,28,166,102,168,169,76,171,177,44,163,175,143,37,145,136,190,181,22,12,43,59,48,104,196,74,39,191,60,42,194,115,41,197,146,188,];False
4054;9583;13637;[72,199,78,99,155,124,176,193,186,192,10,154,31,61,149,15,118,92,14,19,20,173,8,93,24,25,131,142,150,5,106,130,198,147,34,33,55,66,74,138,86,174,63,6,9,45,29,119,57,49,50,51,77,53,85,36,182,46,38,79,190,32,183,90,52,56,21,67,18,69,80,71,2,109,89,180,158,114,167,81,37,27,82,83,157,54,125,129,88,11,3,91,107,189,58,128,195,97,126,1,84,134,17,100,65,96,117,187,164,98,110,165,112,113,111,26,116,35,95,120,178,47,73,151,160,170,39,127,122,0,101,144,40,139,105,135,23,13,179,60,87,30,137,16,94,133,103,172,148,185,123,121,152,132,153,140,70,68,62,159,162,161,184,75,108,28,166,102,168,169,76,171,177,44,163,175,143,156,145,136,4,181,22,12,43,59,48,104,196,141,7,191,64,42,194,115,41,197,146,188,];False
4021;9615;13636;[72,199,78,99,155,124,176,193,186,192,10,154,31,61,149,15,118,92,14,19,20,173,8,93,24,25,84,142,150,5,106,130,198,147,34,33,138,66,141,126,86,174,63,6,9,45,29,119,57,49,50,51,77,53,85,36,182,46,38,79,4,32,183,90,52,56,21,67,18,69,80,71,2,109,89,180,158,114,167,81,156,27,82,83,28,54,125,129,88,11,3,91,107,189,58,128,195,97,55,1,131,134,17,100,65,96,117,187,164,98,110,165,112,113,111,26,116,35,95,62,178,47,64,151,160,170,7,127,122,0,101,144,40,139,105,135,23,13,179,73,87,30,137,16,94,133,103,172,148,185,123,121,152,132,153,140,70,68,120,159,162,161,184,75,108,157,166,102,168,169,76,171,177,44,163,175,143,37,145,136,190,181,22,12,43,59,48,104,196,74,39,191,60,42,194,115,41,197,146,188,];False
4034;9602;13636;[199,72,78,99,155,124,176,193,186,192,10,154,31,61,149,15,118,92,14,19,20,173,8,93,24,25,131,142,150,5,106,130,198,147,34,33,55,66,74,138,86,174,63,6,9,45,29,119,57,49,50,51,77,53,85,36,182,46,38,79,190,32,183,90,52,56,21,67,18,69,80,71,2,109,89,180,158,114,167,81,37,27,82,83,157,54,125,129,88,11,3,91,107,189,58,128,195,97,39,1,84,134,17,100,65,96,117,187,164,98,110,165,112,113,111,26,116,35,95,120,178,47,60,151,160,170,126,127,122,0,101,144,40,139,105,135,23,13,179,73,87,30,137,16,94,133,103,172,148,185,123,64,152,132,153,140,70,68,62,159,162,161,184,75,108,28,166,102,168,169,76,171,177,44,163,175,143,156,145,136,4,181,22,12,43,59,48,104,196,141,7,191,121,42,194,115,41,197,146,188,];False
4027;9609;13636;[72,199,78,99,155,141,176,193,186,192,10,154,31,61,149,15,118,92,14,19,20,173,8,93,24,25,84,142,150,5,106,130,198,147,34,33,138,66,124,126,86,174,63,6,9,45,29,119,57,49,50,51,77,53,85,36,182,46,38,79,4,32,183,90,52,56,21,67,18,178,80,71,2,109,89,180,158,114,167,81,156,27,82,83,157,54,125,129,88,11,3,91,107,189,58,128,195,97,55,1,131,134,17,100,65,96,117,187,164,98,110,165,112,113,111,26,116,35,95,62,69,47,64,151,7,170,160,127,122,0,101,144,40,139,105,135,23,13,179,73,87,30,137,16,94,133,103,172,148,185,123,121,152,132,153,140,70,68,120,159,162,161,184,75,108,28,166,102,168,169,76,171,177,44,163,175,143,37,145,136,190,181,22,12,43,59,48,104,196,74,39,191,60,42,194,115,41,197,146,188,];False
4058;9578;13636;[199,72,78,99,155,124,176,193,186,192,39,154,31,61,149,15,118,92,14,19,20,173,8,93,24,25,131,142,150,5,106,130,198,147,34,33,55,66,74,111,86,174,63,6,9,45,29,119,57,49,50,51,77,53,85,36,182,46,38,79,190,32,183,90,52,56,21,67,18,69,80,71,2,109,89,180,158,114,167,81,37,27,82,83,157,54,125,129,88,11,3,91,107,189,58,128,195,97,10,1,84,134,17,100,65,96,117,187,164,98,110,165,112,113,138,26,116,35,30,120,178,47,122,151,160,170,126,127,60,0,101,144,40,139,105,135,23,13,179,73,87,95,137,16,94,133,103,172,148,185,123,121,152,132,153,140,70,68,62,159,162,161,184,75,108,28,166,102,168,169,76,171,177,44,163,175,143,156,145,136,4,181,22,12,43,59,48,104,196,141,7,191,64,42,194,115,41,197,146,188,];False
4011;9624;13635;[72,199,78,99,155,124,176,193,186,192,10,154,31,61,149,15,118,92,14,19,20,173,8,93,24,25,84,142,150,5,106,130,198,147,34,33,138,66,141,126,86,174,63,6,9,45,29,119,57,49,50,51,77,53,85,36,182,46,38,79,4,32,183,90,52,56,21,67,18,69,80,71,2,109,89,180,158,114,167,81,156,27,82,83,157,54,125,129,88,153,3,91,107,189,58,128,195,97,55,1,131,134,17,100,65,96,117,187,164,98,110,165,112,113,111,26,116,35,95,62,178,47,64,151,160,170,7,127,122,0,101,144,40,139,105,135,23,13,179,73,87,30,137,16,94,133,103,172,148,185,123,121,152,132,11,140,70,68,120,159,162,161,184,75,108,28,166,102,168,169,76,171,177,44,163,175,143,37,145,136,190,181,22,12,43,59,48,104,196,74,39,191,60,42,194,115,41,197,146,188,];False
4006;9628;13634;[72,199,78,99,155,124,176,193,186,192,10,154,31,61,149,15,118,92,14,19,20,173,8,93,24,25,84,142,150,5,106,130,198,147,34,33,138,66,141,126,86,174,172,6,9,45,29,119,57,49,50,51,77,53,85,36,182,46,38,79,4,32,183,90,52,56,21,67,18,178,80,71,2,109,89,180,158,114,167,81,156,27,82,83,157,54,125,129,88,11,3,91,107,189,58,128,195,97,55,1,131,134,17,100,65,96,117,187,164,98,110,165,112,113,111,26,116,35,95,62,69,47,64,151,7,170,160,127,122,0,101,144,40,139,105,135,23,13,179,73,87,30,137,16,94,133,103,63,148,185,123,121,152,132,153,140,70,68,120,159,162,161,184,75,108,28,166,102,168,169,76,171,177,44,163,175,143,37,145,136,190,181,22,12,43,59,48,104,196,74,39,191,60,42,194,115,41,197,146,188,];False
3980;9654;13634;[72,199,78,99,155,124,176,193,186,192,10,154,31,61,149,162,118,92,14,19,20,173,8,93,24,25,32,142,150,5,106,130,198,147,34,33,138,66,141,126,86,174,63,6,9,45,29,119,57,49,50,51,77,53,85,36,182,46,38,79,4,146,183,90,52,56,21,67,18,178,80,71,2,109,89,180,158,114,167,81,156,27,82,83,157,54,125,129,88,11,3,91,107,189,58,128,195,97,55,1,131,134,17,100,65,96,117,187,164,98,110,165,112,113,111,26,116,35,95,62,69,47,64,151,7,170,160,127,122,0,101,144,40,139,105,135,23,13,179,73,87,30,137,16,94,133,103,172,148,185,123,121,152,132,153,140,70,68,120,159,15,161,184,75,108,28,166,102,168,169,76,171,177,44,163,175,143,37,145,136,190,181,22,12,43,59,48,104,196,74,39,191,60,42,194,115,41,197,84,188,];False
4061;9572;13633;[72,199,78,99,155,124,176,193,186,192,10,154,31,61,149,15,118,92,14,19,20,173,8,93,24,25,84,142,150,5,106,130,198,147,34,33,55,66,141,126,86,174,63,6,9,45,29,119,57,49,50,51,77,53,85,36,182,46,38,79,4,32,183,90,52,56,21,67,18,69,80,71,2,109,89,180,158,114,167,81,37,27,82,83,157,54,125,129,88,11,3,91,107,189,58,128,195,97,138,1,131,134,17,30,65,96,117,187,164,98,110,165,112,113,111,26,116,35,95,120,178,47,64,151,160,170,7,127,122,0,101,144,40,139,105,135,23,13,179,73,87,100,137,16,94,133,103,172,148,185,123,121,152,132,153,140,70,68,62,159,162,161,184,75,108,28,166,102,168,169,76,171,177,44,163,175,143,156,145,136,190,181,22,12,43,59,48,104,196,74,39,191,60,42,194,115,41,197,146,188,];False
4042;9591;13633;[199,72,78,99,155,124,176,193,186,192,10,154,31,61,149,15,118,92,14,19,20,173,8,93,24,25,131,142,150,5,106,130,198,147,34,33,55,66,74,138,86,174,63,6,9,45,29,119,57,49,50,51,77,53,85,36,182,46,38,79,190,32,183,90,52,56,21,67,18,69,80,71,2,109,100,180,158,114,167,81,37,27,82,83,157,54,125,129,88,11,3,91,107,189,58,128,195,97,126,1,84,134,17,89,65,96,117,187,164,98,110,165,112,113,111,26,116,35,95,120,178,47,60,151,160,170,39,127,122,0,101,144,40,139,105,135,23,13,179,73,87,30,137,16,94,133,103,172,148,185,123,121,152,132,153,140,70,68,62,159,162,161,184,75,108,28,166,102,168,169,76,171,177,44,163,175,143,156,145,136,4,181,22,12,43,59,48,104,196,141,7,191,64,42,194,115,41,197,146,188,];False
4023;9610;13633;[72,199,78,99,155,124,176,193,186,192,10,154,31,61,149,15,118,92,14,19,20,173,8,93,24,25,84,142,150,5,106,130,198,147,34,33,55,66,141,126,86,174,63,6,9,45,29,119,57,49,50,51,77,53,85,36,182,46,38,79,4,32,183,90,52,56,21,67,18,69,80,71,2,109,89,180,158,114,167,81,37,27,82,83,157,54,125,129,88,11,3,91,107,189,58,128,195,97,138,1,131,134,17,100,65,96,117,187,164,98,110,165,112,113,111,26,116,35,95,120,178,47,64,151,160,170,7,127,122,0,101,144,40,139,105,135,23,13,179,73,87,30,137,16,94,133,103,172,148,185,123,121,152,132,153,140,70,68,62,159,162,161,184,75,108,28,166,102,168,169,76,171,177,44,163,175,143,156,145,136,190,181,22,12,43,48,59,104,196,74,39,191,60,42,194,115,41,197,146,188,];False
3999;9634;13633;[72,199,78,99,155,124,176,193,186,192,10,154,31,61,149,15,118,92,14,19,20,173,48,93,24,25,84,142,150,5,106,130,198,147,34,33,138,66,141,126,86,174,63,6,9,45,29,119,57,49,50,51,77,53,85,36,182,46,38,79,4,32,183,90,52,56,21,67,18,178,80,71,2,109,89,180,158,114,167,81,156,27,82,83,157,54,125,129,88,11,3,91,107,189,58,128,195,97,55,1,131,134,17,100,65,96,117,187,164,98,110,165,112,113,111,26,116,35,95,62,69,47,64,151,7,170,160,127,122,0,101,144,40,139,105,135,23,13,179,73,87,30,137,16,94,133,103,172,148,185,123,121,152,132,153,140,70,68,120,159,162,161,184,75,108,28,166,102,168,169,76,171,177,44,163,175,143,37,145,136,190,181,22,12,43,59,8,104,196,74,39,191,60,42,194,115,41,197,146,188,];False
4014;9619;13633;[72,199,78,99,155,124,176,193,186,192,10,154,31,61,149,15,118,92,14,19,20,173,8,93,24,25,84,142,150,5,106,130,198,147,34,33,138,66,141,126,86,174,63,6,9,45,29,119,57,49,50,51,77,53,85,36,182,46,38,79,4,32,183,90,52,56,21,67,18,69,80,71,2,109,89,180,158,114,167,81,156,27,82,83,157,54,125,129,88,11,3,91,107,189,58,128,195,97,55,1,131,134,17,100,65,96,117,37,164,98,110,165,112,113,111,26,116,35,95,62,178,47,64,151,160,170,7,127,122,0,101,144,40,139,105,135,23,13,179,73,87,30,137,16,94,133,103,172,148,185,123,121,152,132,153,140,70,68,120,159,162,161,184,75,108,28,166,102,168,169,76,171,177,44,163,175,143,187,145,136,190,181,22,12,43,59,48,104,196,74,39,191,60,42,194,115,41,197,146,188,];False
3937;9696;13633;[160,199,78,99,155,124,176,193,186,192,10,154,31,61,149,15,118,92,14,19,20,173,8,171,24,57,32,142,150,5,106,130,198,147,34,45,138,66,141,126,86,174,63,6,9,33,29,119,25,49,50,51,77,53,85,36,182,46,38,79,4,146,188,90,52,56,21,67,18,178,80,71,2,109,89,180,158,114,167,81,156,27,82,83,157,54,125,129,88,11,3,91,107,189,58,128,195,97,55,1,131,134,17,100,65,96,117,187,164,98,110,165,112,113,111,26,116,35,95,62,69,47,64,151,7,170,72,127,122,0,101,144,40,139,105,135,23,13,179,73,87,30,137,16,94,133,103,172,148,185,123,121,132,152,153,140,70,68,120,159,162,161,184,75,108,28,166,102,168,169,76,93,177,44,163,175,143,37,145,136,190,181,22,12,43,59,48,104,196,74,39,191,60,42,194,115,41,197,84,183,];False
4054;9579;13633;[199,72,78,99,155,181,176,193,186,192,10,154,31,61,149,15,118,92,14,19,20,173,8,93,24,25,131,142,150,5,106,130,198,147,34,33,55,66,74,138,86,174,63,6,9,45,29,119,57,49,50,51,77,53,85,36,182,46,38,79,190,32,183,90,52,56,21,67,18,69,80,71,2,109,89,180,158,114,167,81,37,27,82,83,157,54,125,129,88,11,3,91,107,189,58,128,195,97,39,1,84,134,17,100,65,96,117,187,164,98,110,165,112,113,111,26,116,35,95,120,178,47,60,151,160,170,126,127,122,0,101,144,40,139,105,135,23,13,179,73,87,30,137,16,94,133,103,172,148,185,123,121,152,132,153,140,70,68,62,159,162,161,184,75,108,28,166,102,168,169,76,171,177,44,163,175,143,156,145,136,4,124,22,12,43,59,48,104,196,141,7,191,64,42,194,115,41,197,146,188,];False
4081;9551;13632;[199,72,78,99,155,124,176,193,186,192,10,154,31,61,149,15,118,92,14,19,20,173,8,93,24,25,131,142,150,5,106,130,198,147,34,33,55,66,74,138,86,174,63,6,9,45,28,119,57,49,50,51,77,53,85,36,182,46,38,79,190,32,183,90,52,56,21,67,18,69,80,71,2,109,89,180,158,114,167,81,37,27,82,83,157,54,125,129,88,11,3,91,107,189,58,128,195,97,39,1,84,134,17,100,65,96,117,187,164,98,110,165,112,113,111,26,116,35,95,120,178,47,60,151,160,170,126,127,122,0,101,144,40,139,105,135,23,13,179,73,87,30,137,16,94,133,103,172,148,185,123,121,152,132,153,140,70,68,62,159,162,161,184,75,108,29,166,102,168,169,76,171,177,44,163,175,143,156,145,136,4,181,22,12,43,59,48,104,196,141,7,191,64,42,194,115,41,197,146,188,];False
4084;9548;13632;[199,72,78,99,155,124,176,193,186,192,10,154,31,61,149,15,118,92,14,19,20,173,8,101,24,25,131,142,150,5,106,130,198,147,34,33,55,66,74,111,86,174,63,6,9,45,158,119,57,49,50,51,77,53,85,36,182,46,38,79,93,32,183,90,52,56,21,67,18,69,80,71,2,109,89,180,29,114,167,81,141,27,82,83,157,54,125,129,88,11,3,91,107,189,58,128,195,97,39,1,84,134,17,100,65,96,117,187,164,98,110,165,112,113,138,26,116,35,30,120,178,47,122,151,160,170,126,127,60,0,190,144,40,139,105,135,23,13,179,73,87,95,137,16,94,133,103,172,148,185,123,121,152,132,153,140,70,68,62,159,162,161,184,75,108,28,166,102,168,169,76,171,177,44,163,175,143,156,145,136,4,181,22,12,43,59,48,104,196,37,7,191,64,42,194,115,41,197,146,188,];False
4026;9605;13631;[72,199,78,99,155,124,176,193,186,192,10,154,31,61,149,15,118,92,14,19,20,173,8,93,24,25,84,142,150,5,106,130,198,147,34,33,138,66,141,126,86,174,63,53,9,45,29,119,57,49,50,51,77,6,85,36,182,46,38,79,4,32,183,90,52,56,21,67,18,69,80,71,2,109,89,180,158,114,167,81,156,27,82,83,157,54,125,129,88,11,3,91,107,189,58,128,195,97,55,1,131,134,17,100,65,96,117,187,164,98,110,165,112,113,111,26,116,35,95,62,178,47,64,151,160,170,7,127,122,0,101,144,40,139,105,135,23,13,179,73,87,30,137,16,94,133,103,172,148,185,123,121,152,132,153,140,70,68,120,159,162,161,184,75,108,28,166,102,168,169,76,171,177,44,163,175,143,37,145,136,190,181,22,12,43,59,48,104,196,74,39,191,60,42,194,115,41,197,146,188,];False
4079;9552;13631;[72,199,78,99,155,124,176,193,186,192,10,154,31,61,149,15,118,92,14,19,20,173,8,93,24,25,131,142,150,5,106,130,198,147,34,33,55,66,74,138,86,174,63,6,9,45,29,119,57,49,50,51,77,53,85,36,182,46,38,79,190,32,183,90,52,56,21,67,18,69,80,71,2,109,89,180,158,114,167,81,37,27,82,83,157,54,125,129,88,11,3,91,107,187,58,128,195,97,126,1,84,134,17,100,65,96,117,189,164,98,110,165,112,113,111,26,116,35,95,120,178,47,60,151,160,170,39,127,122,0,101,144,40,139,105,135,23,13,179,73,87,30,137,16,94,133,103,172,148,185,123,121,152,132,153,140,70,68,62,159,162,161,184,75,108,28,166,102,168,169,76,171,177,44,163,175,143,156,145,136,4,181,22,12,43,59,48,104,196,141,7,191,64,42,194,115,41,197,146,188,];False
4021;9610;13631;[72,199,78,99,155,124,176,193,186,192,10,154,31,61,149,15,118,92,14,19,20,173,8,93,24,25,84,142,150,5,106,130,198,147,34,33,138,66,141,126,86,174,63,6,9,45,29,119,57,49,50,51,77,53,85,36,182,46,38,79,4,32,183,90,52,56,21,67,18,69,80,71,2,109,89,180,158,114,167,81,156,27,82,83,157,54,125,129,88,11,3,91,107,189,58,128,195,179,55,1,131,134,17,100,65,96,117,187,164,98,110,165,112,113,111,26,116,35,95,62,178,47,64,151,160,170,7,127,122,0,101,144,40,139,105,135,23,13,97,73,87,30,137,16,94,133,103,172,148,185,123,121,152,132,153,140,70,68,120,159,162,161,184,75,108,28,166,102,168,169,76,171,177,44,163,175,143,37,145,136,190,181,22,12,43,59,48,104,196,74,39,191,60,42,194,115,41,197,146,188,];False
4077;9554;13631;[199,72,78,99,155,124,176,193,186,192,10,154,31,61,149,15,118,92,14,19,20,173,8,93,24,25,131,142,150,5,106,130,198,147,34,33,55,66,74,138,86,174,63,6,9,45,29,119,57,49,50,51,77,53,85,36,182,46,38,79,190,32,183,90,52,56,21,67,18,69,80,71,2,109,89,180,158,114,167,81,37,27,82,83,157,54,125,129,88,11,3,91,107,189,58,128,195,97,39,1,84,134,17,100,65,96,117,187,164,98,110,165,112,113,111,26,116,35,95,120,178,47,60,151,160,170,126,127,122,0,101,144,40,139,105,135,23,13,179,73,87,30,137,16,94,133,103,172,148,185,123,121,152,132,153,140,70,68,62,159,162,161,184,75,108,28,166,102,59,169,76,171,177,44,163,175,143,156,145,136,4,181,22,12,43,168,48,104,196,141,7,191,64,42,194,115,41,197,146,188,];False
4010;9621;13631;[72,199,78,99,155,124,176,193,186,192,10,154,31,61,149,15,118,92,14,19,20,24,8,93,173,25,84,142,150,5,106,130,198,147,34,33,138,66,141,126,86,174,63,6,9,45,29,119,57,49,50,51,77,53,85,36,182,46,38,79,4,32,183,90,52,56,21,67,18,69,80,71,2,109,89,180,158,114,167,81,156,27,82,83,157,54,125,129,88,11,3,91,107,189,58,128,195,97,55,1,131,134,17,100,65,96,117,187,164,98,110,165,112,113,111,26,116,35,95,62,178,47,64,151,160,170,7,127,122,0,101,144,40,139,105,135,23,13,179,73,87,30,137,16,94,133,103,172,148,185,123,121,152,132,153,140,70,68,120,159,162,161,184,75,108,28,166,102,168,169,76,171,177,44,163,175,143,37,145,136,190,181,22,12,43,59,48,104,196,74,39,191,60,42,194,115,41,197,146,188,];False
4056;9574;13630;[72,199,78,99,155,124,176,193,186,192,10,154,31,61,149,15,118,92,14,19,20,173,8,93,24,25,84,142,150,5,106,130,198,147,34,33,138,66,141,126,86,174,63,6,9,45,29,119,57,49,50,51,77,53,85,36,182,46,38,79,4,32,183,90,52,56,21,67,18,69,80,71,2,109,89,180,158,114,167,81,156,27,82,83,157,54,125,129,88,11,3,91,107,189,58,128,195,97,55,1,131,134,17,100,65,96,117,187,164,98,110,165,112,113,111,26,116,35,95,120,178,47,64,151,160,170,7,127,122,0,101,144,40,139,105,135,23,13,179,73,87,30,137,16,94,133,103,12,148,185,123,121,152,132,153,140,70,68,62,159,162,161,184,75,108,28,166,102,168,169,76,171,177,44,163,175,143,37,145,136,190,181,22,172,43,59,48,104,196,74,39,191,60,42,194,115,41,197,146,188,];False
4112;9518;13630;[199,72,78,99,155,124,176,193,186,192,10,154,31,142,149,15,118,92,14,19,20,173,8,93,24,25,131,61,150,5,106,130,198,147,34,33,55,66,74,111,86,174,63,6,9,45,29,119,57,49,50,51,77,53,85,36,182,46,38,79,190,32,183,90,52,56,21,67,18,69,80,71,2,109,89,180,158,114,167,81,37,27,82,83,157,54,125,129,88,11,3,91,107,189,58,128,195,97,39,1,84,134,17,100,65,96,117,187,164,98,110,165,112,113,138,26,116,35,95,120,178,47,60,151,160,170,126,127,122,0,101,144,40,139,105,135,23,13,179,73,87,30,137,16,94,133,103,172,148,185,123,121,152,132,153,140,70,68,62,159,162,161,184,75,108,28,166,102,168,169,76,171,177,44,163,175,143,156,145,136,4,181,22,12,43,59,48,104,196,141,7,191,64,42,194,115,41,197,146,188,];False
4037;9593;13630;[199,72,78,99,155,124,176,193,186,192,10,154,31,61,149,15,141,92,14,19,20,173,8,93,24,25,131,142,150,5,106,130,198,147,34,33,55,66,74,111,86,174,63,6,9,45,29,119,57,49,50,51,77,53,85,36,182,46,38,79,190,32,183,90,52,56,21,67,18,69,80,71,2,109,89,180,158,114,167,81,37,27,82,83,157,54,125,129,88,11,3,91,107,189,58,128,195,97,39,1,84,134,17,100,65,96,117,187,164,98,110,165,112,113,138,26,116,35,30,120,178,47,122,151,160,170,126,127,60,0,101,144,40,139,105,135,23,13,179,73,87,95,137,16,94,133,103,172,148,185,123,121,152,132,153,140,70,68,62,159,162,161,184,75,108,28,166,102,168,169,76,171,177,44,163,175,143,156,145,136,4,181,22,12,43,59,48,104,196,118,7,191,64,42,194,115,41,197,146,188,];False
4055;9575;13630;[199,72,78,99,155,124,176,193,186,192,10,154,31,61,149,95,118,92,14,19,20,173,8,93,24,25,131,142,150,5,106,130,198,147,34,33,55,66,74,111,86,174,63,6,9,45,29,119,57,49,50,51,77,53,85,36,182,46,38,79,190,32,183,90,52,56,21,67,18,69,80,71,2,109,89,180,158,114,167,81,37,27,82,83,157,54,125,129,88,11,3,91,107,189,58,128,195,97,39,1,84,134,17,100,65,96,117,187,164,98,110,165,112,113,138,26,116,35,15,120,178,47,122,151,160,170,126,127,60,0,101,144,40,139,105,135,23,13,179,73,87,30,137,16,94,133,103,172,148,185,123,121,152,132,153,140,70,68,62,159,162,161,184,75,108,28,166,102,168,169,76,171,177,44,163,175,143,156,145,136,4,181,22,12,43,59,48,104,196,141,7,191,64,42,194,115,41,197,146,188,];False
4064;9566;13630;[72,199,78,99,155,124,176,193,186,192,10,154,31,61,149,15,118,92,14,19,20,173,8,93,24,25,131,142,150,5,106,130,198,147,34,33,55,66,74,138,86,174,63,6,9,45,29,119,57,49,50,51,77,157,85,36,182,46,38,79,4,32,183,90,52,56,21,67,18,69,80,71,2,109,89,180,158,114,167,81,37,27,82,83,53,54,125,129,88,11,3,91,107,189,58,128,195,97,126,1,84,134,17,100,65,96,117,187,164,98,110,165,112,113,111,26,116,35,95,120,178,47,60,151,160,170,39,127,122,0,101,144,40,139,105,135,23,13,179,73,87,30,137,16,94,133,103,172,148,185,123,121,152,132,153,140,70,68,62,159,162,161,184,75,108,28,166,102,168,169,76,171,177,44,163,175,143,156,145,136,190,181,22,12,43,59,48,104,196,141,7,191,64,42,194,115,41,197,146,188,];False
4100;9529;13629;[199,72,78,99,155,124,176,193,186,192,10,154,31,61,149,15,118,92,14,19,20,173,8,93,24,25,131,142,150,5,106,130,198,147,34,33,55,66,74,111,86,174,63,6,9,45,29,119,57,49,50,51,77,53,85,36,182,46,38,79,190,32,183,90,52,56,21,67,18,69,80,71,2,109,89,180,158,114,167,81,37,27,82,83,157,54,125,129,88,11,3,91,107,189,58,128,195,97,39,1,84,134,17,100,65,96,117,187,164,98,110,165,112,113,138,26,116,35,30,120,178,47,122,151,160,170,126,127,60,0,101,144,40,139,105,135,23,13,179,73,87,95,137,16,94,133,103,172,148,185,123,136,152,132,153,140,70,68,62,159,162,161,184,75,108,28,166,102,168,169,76,171,177,44,163,175,143,156,145,121,4,181,22,12,43,59,48,104,196,141,7,191,64,42,194,115,41,197,146,188,];False
4092;9537;13629;[199,72,78,99,155,124,176,193,186,192,10,154,31,61,149,15,118,92,14,19,20,173,8,93,24,25,131,142,150,5,106,130,198,147,34,33,55,66,74,111,86,174,63,6,9,45,29,119,57,49,50,51,77,53,85,36,182,46,38,79,190,32,183,90,52,56,21,67,18,69,80,71,2,109,89,180,158,114,167,81,37,27,82,83,157,54,125,129,88,11,3,91,107,189,58,128,195,97,39,1,84,134,17,100,160,96,117,187,164,98,110,165,112,113,138,26,116,35,30,120,178,47,122,151,65,170,126,127,60,0,101,144,40,139,105,135,23,13,179,73,87,95,137,16,94,133,103,172,148,185,123,121,152,132,153,140,70,68,62,159,162,161,184,75,108,28,166,102,168,169,76,171,177,44,163,175,143,156,145,136,4,181,22,12,43,59,48,104,196,141,7,191,64,42,194,115,41,197,146,188,];False
3981;9648;13629;[72,199,78,99,155,124,176,193,186,29,10,154,31,61,149,15,118,92,14,19,20,173,8,93,24,25,84,142,150,5,106,130,198,147,34,33,138,66,141,126,86,174,63,6,9,45,192,119,57,49,50,51,77,53,85,36,182,46,38,79,4,32,183,90,52,56,21,67,18,69,80,71,2,109,89,180,158,114,167,81,156,27,82,83,157,54,125,129,88,11,3,91,107,189,58,128,195,97,55,1,131,134,17,100,65,96,117,187,164,98,110,165,112,113,111,26,116,35,95,62,178,47,64,151,160,170,7,127,122,0,101,144,40,139,105,135,23,13,179,73,87,30,137,16,94,133,103,172,148,185,123,121,152,132,153,140,70,68,120,159,162,161,184,75,108,28,166,102,168,169,76,171,177,44,163,175,143,37,145,136,190,181,22,12,43,59,48,104,196,74,39,191,60,42,194,115,41,197,146,188,];False
3957;9672;13629;[72,199,78,99,155,124,176,193,186,192,10,154,31,61,149,15,118,92,14,19,20,173,8,93,24,25,84,142,150,5,106,130,198,147,34,33,138,66,141,126,86,174,63,6,9,45,29,119,57,49,50,151,77,53,85,36,182,46,38,79,4,32,183,90,52,56,21,67,18,69,80,71,2,109,89,180,158,114,167,81,156,27,82,83,157,54,125,129,88,11,3,91,107,189,58,128,195,97,55,1,131,134,17,100,65,96,117,187,164,98,110,165,112,113,111,26,116,35,95,62,178,47,64,51,160,170,7,127,122,0,101,144,40,139,105,135,23,13,179,73,87,30,137,16,94,133,103,172,148,185,123,121,152,132,153,140,70,68,120,159,162,161,184,75,108,28,166,102,168,169,76,171,177,44,163,175,143,37,145,136,190,181,22,12,43,59,48,104,196,74,39,191,60,42,194,115,41,197,146,188,];False
4002;9626;13628;[72,199,78,99,181,124,176,193,186,192,10,154,31,61,149,15,118,92,14,19,20,173,8,93,24,25,84,142,150,5,106,130,198,147,34,33,138,66,141,126,86,174,63,6,9,45,29,119,57,49,50,51,77,53,85,36,182,46,38,79,4,32,183,90,52,56,21,67,18,69,80,71,2,109,89,180,158,114,167,81,156,27,82,83,157,54,125,129,88,11,3,91,107,189,58,128,195,97,55,1,131,134,17,100,65,96,117,187,164,98,110,165,112,113,111,26,116,35,95,120,178,47,64,151,160,170,7,127,122,0,101,144,40,139,105,135,23,13,179,73,87,30,137,16,94,133,103,172,148,185,123,121,152,132,153,140,70,68,62,159,162,161,184,75,108,28,166,102,168,169,76,171,177,44,163,175,143,37,145,136,190,155,22,12,43,59,48,104,196,74,39,191,60,42,194,115,41,197,146,188,];False
4080;9548;13628;[72,199,78,99,155,124,176,193,186,192,10,154,31,91,149,15,118,92,14,19,20,173,8,93,24,25,84,142,150,5,106,130,198,147,34,33,55,66,141,126,86,174,63,6,9,45,29,119,57,49,50,51,77,53,85,36,182,46,38,79,4,32,183,90,52,56,21,67,18,69,80,71,2,109,89,180,158,114,167,81,37,27,82,83,157,54,125,129,88,11,3,61,107,189,58,128,195,97,138,1,131,134,17,100,65,96,117,187,164,98,110,165,112,113,111,26,116,35,95,120,178,47,64,151,160,170,7,127,122,0,101,144,40,139,105,135,23,13,179,73,87,30,137,16,94,133,103,172,148,185,123,121,152,132,153,140,70,68,62,159,162,161,184,75,108,28,166,102,168,169,76,171,177,44,163,175,143,156,145,136,190,181,22,12,43,59,48,104,196,74,39,191,60,42,194,115,41,197,146,188,];False
4075;9551;13626;[72,199,78,99,155,124,176,193,186,192,10,154,31,61,149,15,118,92,14,19,20,173,8,93,24,25,131,142,150,5,106,130,198,147,34,33,55,66,74,126,86,174,63,6,9,45,29,119,57,49,50,51,77,69,85,36,182,46,38,79,4,32,183,90,52,56,21,67,18,53,80,71,2,109,89,180,158,114,167,81,37,27,82,83,157,54,125,129,88,11,3,91,107,189,58,128,195,97,138,1,84,134,17,100,65,96,117,187,164,98,110,165,112,113,111,26,116,35,95,120,178,47,64,151,160,170,7,127,122,0,101,144,40,139,105,135,23,13,179,73,87,30,137,16,94,133,103,172,148,185,123,121,152,132,153,140,70,68,62,159,162,161,184,75,108,28,166,102,168,169,76,171,177,44,163,175,143,156,145,136,190,181,22,12,43,59,48,104,196,141,39,191,60,42,194,115,41,197,146,188,];False
4041;9585;13626;[72,199,78,99,155,124,192,193,186,176,10,154,31,61,149,15,118,92,14,19,20,173,8,93,24,25,84,142,150,5,106,130,198,147,34,33,138,66,141,126,86,174,63,6,9,45,29,119,57,49,50,51,77,53,85,36,182,46,38,79,4,32,183,90,52,56,21,67,18,69,80,71,2,109,89,180,158,114,167,81,156,27,82,83,157,54,125,129,88,11,3,91,107,189,58,128,195,97,55,1,131,134,17,100,65,96,117,187,164,98,110,165,112,113,111,26,116,35,95,120,178,47,64,151,160,170,7,127,122,0,101,144,40,139,105,135,23,13,179,73,87,30,137,16,94,133,103,172,148,185,123,121,152,132,153,140,70,68,62,159,162,161,184,75,108,28,166,102,168,169,76,171,177,44,163,175,143,37,145,136,190,181,22,12,43,59,48,104,196,74,39,191,60,42,194,115,41,197,146,188,];False
4142;9484;13626;[31,72,78,99,155,124,176,193,186,192,10,154,199,61,149,15,118,92,14,19,20,173,8,93,24,25,131,142,150,5,106,130,198,147,34,33,55,66,74,111,86,174,63,6,9,45,29,119,57,49,50,51,77,53,85,36,182,46,38,79,190,32,183,90,52,56,21,67,18,69,80,71,2,109,89,180,158,114,167,81,37,27,82,83,157,54,125,129,88,11,3,91,107,189,58,128,195,97,39,1,84,134,17,100,65,96,117,187,164,98,110,165,112,113,138,26,116,35,95,120,178,47,122,151,160,170,126,127,60,0,101,144,40,139,105,135,23,13,179,73,87,30,137,16,94,133,103,172,148,185,123,121,152,132,153,140,70,68,62,159,162,161,184,75,108,28,166,102,168,169,76,171,177,44,163,175,143,156,145,136,4,181,22,12,43,59,48,104,196,141,7,191,64,42,194,115,41,197,146,188,];False
3980;9645;13625;[72,199,78,99,155,124,176,193,186,192,10,154,31,61,149,15,118,92,14,19,20,173,8,93,24,25,84,142,150,5,106,130,198,147,34,33,138,66,141,126,86,174,63,6,9,45,29,119,57,49,50,51,77,53,85,36,182,46,38,79,4,32,183,90,52,56,21,67,18,69,80,71,2,109,89,180,158,114,167,81,156,27,82,83,157,54,125,129,88,11,3,91,107,189,58,128,195,97,55,1,131,134,17,100,65,96,117,187,164,98,110,165,112,113,111,26,116,35,95,62,178,47,64,151,160,170,7,127,122,0,101,144,12,139,105,135,23,13,179,73,87,30,137,16,94,133,103,172,148,185,123,121,152,132,153,140,70,68,120,159,162,161,184,75,108,28,166,102,168,169,76,171,177,44,163,175,143,37,145,136,190,181,22,40,43,59,48,104,196,74,39,191,60,42,194,115,41,197,146,188,];False
4091;9534;13625;[199,72,78,99,155,124,176,193,186,192,10,154,31,61,149,15,118,92,14,19,20,173,8,93,24,25,131,142,150,5,106,130,198,147,34,33,55,66,74,111,86,174,63,6,9,45,158,119,57,49,50,51,77,53,85,36,182,46,38,79,101,32,183,90,52,56,21,67,18,69,80,71,2,109,89,180,29,114,167,81,37,27,82,83,157,54,125,129,1,11,3,91,107,189,58,128,195,97,39,88,84,134,17,100,65,96,117,187,164,98,110,165,112,113,138,26,116,35,30,120,178,47,122,151,160,170,126,127,60,0,190,144,40,139,105,135,23,13,179,73,87,95,137,16,94,133,103,172,148,185,123,121,152,132,153,140,70,68,62,159,162,161,184,75,108,28,166,102,168,169,76,171,177,44,163,175,143,156,145,136,4,181,22,12,43,59,48,104,196,141,7,191,64,42,194,115,41,197,146,188,];False
3961;9664;13625;[160,199,78,99,155,124,176,193,186,192,10,154,31,61,149,15,118,92,14,19,20,173,8,93,24,25,32,142,150,5,106,130,198,147,34,45,138,66,141,126,86,174,63,6,9,33,29,119,57,49,50,51,77,53,85,36,182,46,38,79,4,146,188,90,52,56,21,189,18,178,80,71,2,109,89,180,158,114,167,81,156,27,82,83,157,54,125,129,88,11,3,91,107,67,58,128,195,97,55,1,131,134,17,100,65,96,117,187,164,98,110,165,112,113,111,26,116,35,95,62,69,47,64,151,7,170,72,127,122,0,101,144,40,139,105,135,23,13,179,73,87,30,137,16,94,133,103,172,148,185,123,121,152,132,153,140,70,68,120,159,162,161,184,75,108,28,166,102,168,169,76,171,177,44,163,175,143,37,145,136,190,181,22,12,43,59,48,104,196,74,39,191,60,42,194,115,41,197,84,183,];False
4075;9550;13625;[199,72,78,99,155,124,176,193,186,192,10,154,31,61,149,15,118,92,14,19,20,173,8,93,24,25,131,142,150,5,106,130,198,147,34,33,55,66,74,111,86,174,63,6,9,45,29,119,57,49,50,51,77,136,85,36,182,46,38,79,190,32,183,90,52,56,21,67,18,69,80,71,2,109,89,180,158,114,167,81,37,27,82,83,157,54,125,129,88,11,3,91,107,189,58,128,195,97,39,1,84,134,17,100,65,96,117,187,164,98,110,165,112,113,138,26,116,35,95,120,178,47,60,151,160,170,126,127,122,0,101,144,40,139,105,135,23,13,179,73,87,30,137,16,94,133,103,172,148,185,123,121,152,132,153,140,70,68,62,159,162,161,184,75,108,28,166,102,168,169,76,171,177,44,163,175,143,156,145,53,4,181,22,12,43,59,48,104,196,141,7,191,64,42,194,115,41,197,146,188,];False
4100;9524;13624;[199,72,78,99,155,124,176,193,186,192,10,154,31,61,149,15,118,92,14,19,20,173,8,93,24,25,131,142,150,5,106,130,198,147,34,33,55,66,74,111,86,174,67,6,9,45,29,119,57,49,50,51,77,53,85,36,182,46,38,79,190,32,183,90,52,56,21,63,18,69,80,71,2,109,89,180,158,114,167,81,37,27,82,83,157,54,125,129,88,11,3,91,107,189,58,128,195,97,39,1,84,134,17,100,65,96,117,187,164,98,110,165,112,113,138,26,116,35,95,120,178,47,60,151,160,170,126,127,122,0,101,144,40,139,105,135,23,13,179,73,87,30,137,16,94,133,103,172,148,185,123,121,152,132,153,140,70,68,62,159,162,161,184,75,108,28,166,102,168,169,76,171,177,44,163,175,143,156,145,136,4,181,22,12,43,59,48,104,196,141,7,191,64,42,194,115,41,197,146,188,];False
4048;9576;13624;[72,199,78,99,155,124,176,193,186,192,10,154,31,61,149,15,118,92,14,19,20,173,8,93,24,25,84,142,150,5,106,130,198,147,34,33,55,66,141,126,86,174,63,6,9,45,29,119,57,49,50,51,77,53,85,36,182,46,38,79,4,32,183,90,52,56,21,67,18,69,80,71,2,109,89,180,158,114,167,81,37,27,82,83,157,54,125,129,88,11,3,91,107,189,58,128,195,97,168,1,131,134,17,100,65,96,117,187,164,98,110,165,112,113,111,26,116,35,95,120,178,47,64,151,160,170,7,127,122,0,101,144,40,139,105,135,23,13,179,73,87,30,137,16,94,133,103,172,148,185,123,121,152,132,153,140,70,68,62,159,162,161,184,75,108,28,166,102,138,169,76,171,177,44,163,175,143,156,145,136,190,181,22,12,43,59,48,104,196,74,39,191,60,42,194,115,41,197,146,188,];False
4087;9537;13624;[199,72,78,99,155,124,176,193,186,192,10,154,31,61,149,15,118,92,14,19,20,173,8,93,24,25,131,142,150,5,106,130,198,147,34,33,55,66,74,111,86,174,63,6,9,45,29,119,57,49,50,51,77,53,85,36,182,46,38,79,190,32,183,90,52,56,21,67,18,69,80,71,2,109,89,180,158,114,167,81,37,27,82,83,157,54,125,129,88,11,3,91,107,189,58,128,195,97,39,1,65,134,17,100,84,96,117,187,164,98,110,165,112,113,138,26,116,35,30,120,178,47,122,151,160,170,126,127,60,0,101,144,40,139,105,135,23,13,179,73,87,95,137,16,94,133,103,172,148,185,123,121,152,132,153,140,70,68,62,159,162,161,184,75,108,28,166,102,168,169,76,171,177,44,163,175,143,156,145,136,4,181,22,12,43,59,48,104,196,141,7,191,64,42,194,115,41,197,146,188,];False
4036;9587;13623;[199,72,78,99,155,124,176,193,186,192,10,154,31,61,149,15,118,92,14,19,20,173,8,101,24,25,131,142,150,5,106,130,198,147,34,33,55,66,74,111,86,174,63,6,9,45,158,119,57,49,50,51,77,53,85,36,182,46,38,79,93,32,183,90,52,56,21,67,18,69,80,71,2,109,89,180,29,114,167,81,37,27,82,83,157,54,125,129,88,11,3,91,107,189,58,128,195,97,39,1,84,134,17,100,65,96,117,187,164,98,110,165,112,113,138,26,116,35,30,120,178,47,122,151,160,170,126,127,60,0,190,144,40,139,105,135,23,13,179,73,87,95,137,16,94,133,103,172,148,185,123,121,152,132,153,140,70,68,62,159,162,161,184,75,108,28,166,102,168,169,76,171,177,44,163,175,143,156,145,136,4,181,22,12,43,59,48,104,196,141,7,191,64,42,194,115,41,197,146,188,];False
3974;9649;13623;[72,199,78,99,155,124,176,193,186,192,10,154,31,61,149,15,118,92,14,19,20,173,8,93,24,25,84,142,150,5,106,130,198,147,34,33,138,66,141,126,86,174,63,6,9,45,29,119,57,49,50,51,77,53,85,36,182,46,38,79,4,32,183,90,135,56,21,67,18,69,80,71,2,109,89,180,158,114,167,81,156,27,82,83,157,54,125,129,88,11,3,91,107,189,58,128,195,97,55,1,131,134,17,100,65,96,117,187,164,98,110,165,112,113,111,26,116,35,95,62,178,47,64,151,160,170,7,127,122,0,101,144,40,139,105,52,23,13,179,73,87,30,137,16,94,133,103,172,148,185,123,121,152,132,153,140,70,68,120,159,162,161,184,75,108,28,166,102,168,169,76,171,177,44,163,175,143,37,145,136,190,181,22,12,43,59,48,104,196,74,39,191,60,42,194,115,41,197,146,188,];False
3952;9671;13623;[72,199,78,99,155,124,176,193,186,192,10,154,31,61,149,15,118,92,14,19,20,173,8,93,24,25,84,142,150,5,106,130,198,147,34,33,138,66,141,126,86,174,63,6,9,45,29,119,57,49,50,51,77,53,85,36,182,46,38,79,4,32,183,90,52,56,97,67,18,178,80,71,2,109,89,180,158,114,167,81,156,27,82,83,157,54,125,129,88,11,3,91,107,189,58,128,195,21,55,1,131,134,17,100,65,96,117,187,164,98,110,165,112,113,111,26,116,35,95,62,69,47,64,151,7,170,160,127,122,0,101,144,40,139,105,135,23,13,179,73,87,30,137,16,94,133,103,172,148,185,123,121,152,132,153,140,70,68,120,159,162,161,184,75,108,28,166,102,168,169,76,171,177,44,163,175,143,37,145,136,190,181,22,12,43,59,48,104,196,74,39,191,60,42,194,115,41,197,146,188,];False
3901;9722;13623;[160,199,78,99,155,124,176,193,186,192,10,154,31,61,149,15,118,92,14,19,20,173,8,171,24,25,32,142,150,5,106,130,198,147,34,45,138,66,141,126,86,174,63,6,9,33,29,119,57,49,50,51,77,53,85,36,182,46,38,79,4,146,188,90,52,56,21,67,18,178,80,71,2,109,89,180,158,114,167,81,156,27,82,83,157,54,125,129,88,11,3,91,107,189,58,128,195,97,55,1,73,134,17,100,65,96,117,187,164,98,110,165,112,113,111,26,116,35,95,62,69,47,64,151,7,170,72,127,122,0,101,144,40,139,105,135,23,13,179,131,87,30,137,16,94,133,103,172,148,185,123,121,132,152,153,140,70,68,120,159,162,161,184,75,108,28,166,102,168,169,76,93,177,44,163,175,143,37,145,136,190,181,22,12,43,59,48,104,196,74,39,191,60,42,194,115,41,197,84,183,];False
4083;9540;13623;[199,72,78,99,155,124,176,193,186,192,10,154,31,61,149,15,118,92,14,109,20,173,8,93,24,25,131,142,150,5,106,130,198,147,34,33,55,66,74,111,86,174,63,6,9,45,158,119,57,49,50,51,77,53,85,36,182,46,38,79,190,32,183,90,52,56,21,67,18,69,80,71,2,19,89,180,29,114,167,81,37,27,82,83,157,54,125,129,88,11,3,91,107,189,58,128,195,97,39,1,84,134,17,100,65,96,117,187,164,98,110,165,112,113,138,26,116,35,30,120,178,47,122,151,160,170,126,127,60,0,101,144,40,139,105,135,23,13,179,73,87,95,137,16,94,133,103,172,148,185,123,121,152,132,153,140,70,68,62,159,162,161,184,75,108,28,166,102,168,169,76,171,177,44,163,175,143,156,145,136,4,181,22,12,43,59,48,104,196,141,7,191,64,42,194,115,41,197,146,188,];False
3929;9694;13623;[72,199,78,99,155,124,176,193,186,192,10,154,31,61,149,15,118,92,14,19,20,173,8,93,24,25,32,142,150,5,106,130,198,147,34,33,138,66,141,126,86,174,63,6,9,45,29,119,57,49,50,51,77,53,85,36,182,46,38,79,4,146,183,90,52,56,97,67,18,178,80,71,2,109,89,180,158,114,167,81,156,27,82,83,157,54,125,129,88,11,3,91,107,189,58,128,195,21,55,1,131,134,17,100,65,96,117,187,164,98,110,165,112,113,111,26,116,35,95,62,69,47,64,151,7,170,160,127,122,0,101,144,40,139,105,135,23,13,179,73,87,30,137,16,94,133,103,172,148,185,123,121,152,132,153,140,70,68,120,159,162,161,184,75,108,28,166,102,168,169,76,171,177,44,163,175,143,37,145,136,190,181,22,12,43,59,48,104,196,74,39,191,60,42,194,115,41,197,84,188,];False
4001;9622;13623;[72,199,78,99,155,124,176,193,186,192,10,154,31,61,149,15,118,30,14,19,20,173,8,93,24,25,84,142,150,5,106,130,198,147,34,33,138,66,141,126,86,174,63,6,9,45,29,119,57,49,50,51,77,53,85,36,182,46,38,79,4,32,183,90,52,56,21,67,18,69,80,71,2,109,89,180,158,114,167,81,156,27,82,83,157,54,125,129,88,11,3,91,107,189,58,128,195,97,55,1,131,134,17,100,65,96,117,187,164,98,110,165,112,113,111,26,116,35,95,120,178,47,64,151,160,170,7,127,122,0,101,144,40,139,105,135,23,13,179,73,87,92,137,16,94,133,103,172,148,185,123,121,152,132,153,140,70,68,62,159,162,161,184,75,108,28,166,102,168,169,76,171,177,44,163,175,143,37,145,136,190,181,22,12,43,59,48,104,196,74,39,191,60,42,194,115,41,197,146,188,];False
4064;9558;13622;[72,199,78,99,155,124,176,193,186,192,10,154,31,61,149,15,118,92,14,19,20,173,8,93,24,25,84,142,150,5,106,130,198,147,34,33,55,66,141,126,86,174,63,6,9,45,29,119,57,49,50,51,77,53,85,36,182,46,38,79,4,32,183,90,52,56,21,67,18,69,80,71,2,109,89,180,158,114,167,81,37,27,82,83,157,54,125,129,88,11,3,91,107,189,58,128,195,97,138,1,131,134,17,100,65,96,117,187,164,98,110,165,112,113,111,26,116,35,95,120,169,47,64,151,160,170,7,127,122,0,101,144,40,139,105,135,23,13,179,73,87,30,137,16,94,133,103,172,148,185,123,121,152,132,153,140,70,68,62,159,162,161,184,75,108,28,166,102,168,178,76,171,177,44,163,175,143,156,145,136,190,181,22,12,43,59,48,104,196,74,39,191,60,42,194,115,41,197,146,188,];False
4080;9541;13621;[199,72,78,99,155,124,176,193,186,192,10,154,31,61,149,15,118,92,14,19,20,173,8,93,24,82,131,142,150,5,106,130,198,147,34,33,55,66,74,138,86,174,63,6,9,45,29,119,57,49,50,51,77,53,85,36,182,46,38,79,190,32,183,90,52,56,21,67,18,69,80,71,2,109,89,180,158,114,167,81,37,27,25,83,157,54,125,129,88,11,3,91,107,189,58,128,195,97,126,1,84,134,17,100,65,96,117,187,164,98,110,165,112,113,111,26,116,35,95,120,178,47,60,151,160,170,39,127,122,0,101,144,40,139,105,135,23,13,179,73,87,30,137,16,94,133,103,172,148,185,123,121,152,132,153,140,70,68,62,159,162,161,184,75,108,28,166,102,168,169,76,171,177,44,163,175,143,156,145,136,4,181,22,12,43,59,48,104,196,141,7,191,64,42,194,115,41,197,146,188,];False
4079;9542;13621;[199,72,78,99,155,124,176,193,186,192,10,154,31,61,149,15,118,92,14,19,20,173,8,93,24,25,131,142,150,5,106,130,198,147,34,33,55,66,74,138,86,174,63,6,9,45,29,119,57,49,50,51,77,53,85,36,182,46,38,79,190,32,183,90,52,56,21,67,18,69,80,71,2,109,89,180,158,114,167,81,37,27,82,83,157,54,125,129,88,11,3,91,107,189,58,128,195,97,39,1,84,134,17,100,65,96,117,187,164,98,110,165,112,113,111,26,116,35,95,120,178,47,60,151,160,170,126,68,122,0,101,144,40,139,105,135,23,13,179,73,87,30,137,16,94,133,103,172,148,185,123,121,152,132,153,140,70,127,62,159,162,161,184,75,108,28,166,102,168,169,76,171,177,44,163,175,143,156,145,136,4,181,22,12,43,59,48,104,196,141,7,191,64,42,194,115,41,197,146,188,];False
3984;9637;13621;[72,199,78,99,155,124,176,193,186,192,10,154,31,61,149,15,118,92,14,19,20,119,8,93,24,25,84,142,150,5,106,130,198,147,34,33,138,66,141,126,86,174,63,6,9,45,29,173,57,49,50,51,77,53,85,36,182,46,38,79,4,32,183,90,52,56,21,67,18,69,80,71,2,109,89,180,158,114,167,81,156,27,82,83,157,54,125,129,88,11,3,91,107,189,58,128,195,97,55,1,131,134,17,100,65,96,117,187,164,98,110,165,112,113,111,26,116,35,95,62,178,47,64,151,160,170,7,127,122,0,101,144,40,139,105,135,23,13,179,73,87,30,137,16,94,133,103,172,148,185,123,121,152,132,153,140,70,68,120,159,162,161,184,75,108,28,166,102,168,169,76,171,177,44,163,175,143,37,145,136,190,181,22,12,43,59,48,104,196,74,39,191,60,42,194,115,41,197,146,188,];False
4113;9508;13621;[199,72,78,99,155,124,176,193,186,192,10,154,31,61,149,15,118,92,14,19,20,173,8,93,24,25,131,142,150,5,106,130,198,147,34,16,55,66,74,111,86,174,63,6,9,45,29,119,57,49,50,51,77,53,85,36,182,46,38,79,190,32,183,90,52,56,21,67,18,69,80,71,2,109,89,180,158,114,167,81,37,27,82,83,157,54,125,129,88,11,3,91,107,189,58,128,195,97,39,1,84,134,17,100,65,96,117,187,164,98,110,165,112,113,138,26,116,35,30,120,178,47,122,151,160,170,126,127,60,0,101,144,40,139,105,135,23,13,179,73,87,95,137,33,94,133,103,172,148,185,123,121,152,132,153,140,70,68,62,159,162,161,184,75,108,28,166,102,168,169,76,171,177,44,163,175,143,156,145,136,4,181,22,12,43,59,48,104,196,141,7,191,64,42,194,115,41,197,146,188,];False
3912;9708;13620;[160,199,78,99,155,124,176,193,186,192,10,154,31,61,149,15,118,92,14,19,20,173,8,171,24,25,32,142,150,5,106,130,198,147,34,45,138,66,141,126,86,174,63,6,9,33,29,119,57,49,50,51,77,53,85,36,182,46,38,79,4,146,188,90,52,56,21,67,18,178,80,71,2,109,89,180,158,114,167,81,156,27,82,83,157,54,125,129,88,11,3,91,107,189,58,128,195,97,55,1,131,134,17,100,65,96,117,187,164,98,110,165,112,113,111,26,116,35,95,62,69,47,64,151,7,170,72,127,122,0,101,144,40,139,105,135,23,13,179,73,87,30,137,16,94,133,103,172,148,185,123,121,132,152,153,140,70,68,120,159,162,161,184,75,28,108,166,102,168,169,76,93,177,44,163,175,143,37,145,136,190,181,22,12,43,59,48,104,196,74,39,191,60,42,194,115,41,197,84,183,];False
3993;9627;13620;[72,199,78,99,155,124,176,193,186,192,10,9,31,61,149,15,118,92,14,19,20,173,8,93,24,25,84,142,150,5,106,130,198,147,34,33,138,66,141,126,86,174,63,6,154,45,29,119,57,49,50,51,77,53,85,36,182,46,38,79,4,32,183,90,52,56,21,67,18,69,80,71,2,109,89,180,158,114,167,81,156,27,82,83,157,54,125,129,88,11,3,91,107,189,58,128,195,97,55,1,131,134,17,100,65,96,117,187,164,98,110,165,112,113,111,26,116,35,95,62,178,47,64,151,160,170,7,127,122,0,101,144,40,139,105,135,23,13,179,73,87,30,137,16,94,133,103,172,148,185,123,121,152,132,153,140,70,68,120,159,162,161,184,75,108,28,166,102,168,169,76,171,177,44,163,175,143,37,145,136,190,181,22,12,43,59,48,104,196,74,39,191,60,42,194,115,41,197,146,188,];False
4045;9575;13620;[199,72,78,99,155,124,176,193,186,192,10,154,31,61,149,15,118,92,14,19,20,173,8,93,24,25,131,142,150,5,106,130,198,147,34,33,55,66,74,138,86,174,63,6,9,45,29,119,57,49,50,51,77,53,85,36,144,46,38,79,190,32,183,90,52,56,21,67,18,69,80,71,2,109,89,180,158,114,167,81,37,27,82,83,157,54,125,129,88,11,3,91,107,189,58,128,195,97,126,1,84,134,17,100,65,96,117,187,164,98,110,165,112,113,111,26,116,35,95,120,178,47,60,151,160,170,39,127,122,0,101,182,40,139,105,135,23,13,179,73,87,30,137,16,94,133,103,172,148,185,123,121,152,132,153,140,70,68,62,159,162,161,184,75,108,28,166,102,168,169,76,171,177,44,163,175,143,156,145,136,4,181,22,12,43,59,48,104,196,141,7,191,64,42,194,115,41,197,146,188,];False
4117;9503;13620;[199,72,78,99,155,124,176,193,186,192,10,154,31,61,149,15,118,92,14,19,20,173,8,93,24,25,131,142,150,5,86,130,198,147,34,33,55,66,74,111,106,174,63,6,9,45,29,119,57,49,50,51,77,53,85,36,182,46,38,79,190,32,183,90,52,56,21,67,18,69,80,71,2,109,89,180,158,114,167,81,37,27,82,83,157,54,125,129,88,11,3,91,107,189,58,128,195,97,39,1,84,134,17,100,65,96,117,187,164,98,110,165,112,113,138,26,116,35,95,120,178,47,122,151,160,170,126,127,60,0,101,144,40,139,105,135,23,13,179,73,87,30,137,16,94,133,103,172,148,185,123,121,152,132,153,140,70,68,62,159,162,161,184,75,108,28,166,102,168,169,76,171,177,44,163,175,143,156,145,136,4,181,22,12,43,59,48,104,196,141,7,191,64,42,194,115,41,197,146,188,];False
4063;9556;13619;[199,109,78,99,155,124,176,193,186,192,10,154,31,61,149,15,118,92,14,19,20,173,8,93,24,25,131,142,150,5,106,130,198,147,34,33,55,66,74,111,86,174,63,6,9,45,158,119,57,49,50,51,77,53,85,36,182,46,38,79,101,32,183,90,52,56,21,67,18,69,80,71,2,72,89,180,29,114,167,81,37,27,82,83,157,54,125,129,88,11,3,91,107,189,58,128,195,97,39,1,84,134,17,100,65,96,117,187,164,98,110,165,112,113,138,26,116,35,30,120,178,47,122,151,160,170,126,127,60,0,190,144,40,139,105,135,23,13,179,73,87,95,137,16,94,133,103,172,148,185,123,121,152,132,153,140,70,68,62,159,162,161,184,75,108,28,166,102,168,169,76,171,177,44,163,175,143,156,145,136,4,181,22,12,43,59,48,104,196,141,7,191,64,42,194,115,41,197,146,188,];False
3991;9628;13619;[72,199,78,99,155,124,176,193,186,192,10,154,31,61,149,15,118,92,14,19,20,173,8,93,24,25,84,142,150,5,106,130,198,147,34,33,138,66,141,126,86,174,63,6,9,45,29,119,57,49,50,51,77,53,85,36,182,46,38,79,4,32,183,90,52,56,21,67,18,69,80,71,2,109,89,180,158,114,167,81,156,27,82,83,157,54,125,129,88,11,3,91,107,189,58,128,195,97,55,1,131,134,17,100,65,96,117,187,164,98,110,165,112,113,111,26,116,35,95,62,178,47,64,151,160,170,7,127,122,0,101,144,40,139,105,135,23,13,179,73,87,30,137,16,94,133,103,172,148,185,123,121,75,132,153,140,70,68,120,159,162,161,184,152,108,28,166,102,168,169,76,171,177,44,163,175,143,37,145,136,190,181,22,12,43,59,48,104,196,74,39,191,60,42,194,115,41,197,146,188,];False
4106;9513;13619;[199,72,78,99,155,124,176,193,186,192,10,154,31,61,149,15,118,92,14,19,20,173,8,93,24,25,131,142,150,5,106,130,198,147,34,33,55,66,74,111,86,174,63,6,9,45,158,119,57,49,50,51,1,53,85,36,182,46,38,79,101,32,183,90,52,56,21,67,18,69,80,71,2,109,89,180,29,114,167,81,37,27,82,83,157,54,125,129,88,11,3,91,107,189,58,128,195,97,39,77,84,134,17,100,65,96,117,187,164,98,110,165,112,113,138,26,116,35,30,120,178,47,122,151,160,170,126,127,60,0,190,144,40,139,105,135,23,13,179,73,87,95,137,16,94,133,103,172,148,185,123,121,152,132,153,140,70,68,62,159,162,161,184,75,108,28,166,102,168,169,76,171,177,44,163,175,143,156,145,136,4,181,22,12,43,59,48,104,196,141,7,191,64,42,194,115,41,197,146,188,];False
3984;9635;13619;[160,199,78,99,155,124,176,193,186,192,10,154,31,61,149,15,118,92,14,19,20,173,8,93,24,25,32,82,150,5,106,130,198,147,34,45,138,66,141,126,86,174,63,6,9,33,29,119,57,49,50,51,77,53,85,36,182,46,38,79,4,146,188,90,52,56,21,67,18,178,80,71,2,109,89,180,158,114,167,81,156,27,142,83,157,54,125,129,88,11,3,91,107,189,58,128,195,97,55,1,131,134,17,100,65,96,117,187,164,98,110,165,112,113,111,26,116,35,95,62,69,47,64,151,7,170,72,127,122,0,101,144,40,139,105,135,23,13,179,73,87,30,137,16,94,133,103,172,148,185,123,121,152,132,153,140,70,68,120,159,162,161,184,75,108,28,166,102,168,169,76,171,177,44,163,175,143,37,145,136,190,181,22,12,43,59,48,104,196,74,39,191,60,42,194,115,41,197,84,183,];False
3964;9655;13619;[72,199,78,29,155,124,176,193,186,192,10,154,31,61,149,15,118,92,14,19,20,173,8,93,24,25,84,142,150,5,106,130,198,147,34,33,138,66,141,126,86,174,63,6,9,45,99,119,57,49,50,51,77,53,85,36,182,46,38,79,4,32,183,90,52,56,21,67,18,178,80,71,2,109,89,180,158,114,167,81,156,27,82,83,157,54,125,129,88,11,3,91,107,189,58,128,195,97,55,1,131,134,17,100,65,96,117,187,164,98,110,165,112,113,111,26,116,35,95,62,69,47,64,151,7,170,160,127,122,0,101,144,40,139,105,135,23,13,179,73,87,30,137,16,94,133,103,172,148,185,123,121,152,132,153,140,70,68,120,159,162,161,184,75,108,28,166,102,168,169,76,171,177,44,163,175,143,37,145,136,190,181,22,12,43,59,48,104,196,74,39,191,60,42,194,115,41,197,146,188,];False
4055;9563;13618;[72,199,78,99,155,124,176,193,186,192,10,2,31,61,149,15,118,92,14,19,20,173,8,93,24,25,84,142,150,5,106,130,198,147,34,33,55,66,141,126,86,174,63,6,9,45,29,119,57,49,50,51,77,53,85,36,182,46,38,79,4,32,183,90,52,56,21,67,18,69,80,71,154,109,89,180,158,114,167,81,37,27,82,83,157,54,125,129,88,11,3,91,107,189,58,128,195,97,138,1,131,134,17,100,65,96,117,187,164,98,110,165,112,113,111,26,116,35,95,120,178,47,64,151,160,170,7,127,122,0,101,144,40,139,105,135,23,13,179,73,87,30,137,16,94,133,103,172,148,185,123,121,152,132,153,140,70,68,62,159,162,161,184,75,108,28,166,102,168,169,76,171,177,44,163,175,143,156,145,136,190,181,22,12,43,59,48,104,196,74,39,191,60,42,194,115,41,197,146,188,];False
4100;9518;13618;[199,72,78,99,155,124,176,193,186,192,10,154,31,61,149,15,118,92,14,19,20,173,8,93,24,25,131,142,150,5,106,130,198,147,34,16,55,66,74,111,86,174,63,6,9,45,29,119,57,49,50,51,77,53,85,36,182,46,38,79,190,32,183,90,52,56,21,67,18,69,80,71,2,109,89,180,158,114,167,81,37,27,82,83,157,54,125,129,88,11,3,91,107,189,58,128,195,97,39,1,84,134,17,100,65,96,117,187,164,98,110,165,112,113,138,26,116,35,95,120,178,47,122,151,160,170,126,127,60,0,101,144,40,139,105,135,23,13,179,73,87,30,137,33,94,133,103,172,148,185,123,121,152,132,153,140,70,68,62,159,162,161,184,75,108,28,166,102,168,169,76,171,177,44,163,175,143,156,145,136,4,181,22,12,43,59,48,104,196,141,7,191,64,42,194,115,41,197,146,188,];False
3990;9628;13618;[72,199,78,99,155,124,176,193,186,192,10,154,31,61,149,15,118,92,14,19,20,173,8,66,24,25,84,142,150,5,106,130,198,147,34,33,138,93,141,126,86,174,63,6,9,45,29,119,57,49,50,51,77,53,85,36,182,46,38,79,4,32,183,90,52,56,21,67,18,69,80,71,2,109,89,180,158,114,167,81,156,27,82,83,157,54,125,129,88,11,3,91,107,189,58,128,195,97,55,1,131,134,17,100,65,96,117,187,164,98,110,165,112,113,111,26,116,35,95,62,178,47,64,151,160,170,7,127,122,0,101,144,40,139,105,135,23,13,179,73,87,30,137,16,94,133,103,172,148,185,123,121,152,132,153,140,70,68,120,159,162,161,184,75,108,28,166,102,168,169,76,171,177,44,163,175,143,37,145,136,190,181,22,12,43,59,48,104,196,74,39,191,60,42,194,115,41,197,146,188,];False
4089;9527;13616;[199,72,78,99,155,124,176,193,186,192,10,154,31,61,149,15,118,92,14,19,20,173,8,93,24,25,131,142,150,5,106,130,198,147,34,33,55,66,74,111,86,174,63,6,9,45,158,119,57,49,50,51,77,53,85,36,182,46,38,79,101,32,183,90,52,56,21,67,18,69,80,71,2,109,89,180,29,114,167,81,37,27,82,83,157,54,125,129,88,11,3,91,107,189,58,128,195,97,39,1,84,134,17,100,65,96,117,187,164,98,110,165,112,113,138,26,116,35,30,120,178,28,122,151,160,170,126,127,60,0,190,144,40,139,105,135,23,13,179,73,87,95,137,16,94,133,103,172,148,185,123,121,152,132,153,140,70,68,62,159,162,161,184,75,108,47,166,102,168,169,76,171,177,44,163,175,143,156,145,136,4,181,22,12,43,59,48,104,196,141,7,191,64,42,194,115,41,197,146,188,];False
4042;9574;13616;[199,72,78,99,155,124,176,193,186,192,10,154,31,61,149,15,118,92,14,19,20,173,8,142,24,25,131,93,150,5,106,130,198,147,34,33,55,66,74,138,86,174,63,6,9,45,29,119,57,49,50,51,77,53,85,36,182,46,38,79,190,32,183,90,52,56,21,67,18,69,80,71,2,109,89,180,158,114,167,81,37,27,82,83,157,54,125,129,88,11,3,91,107,189,58,128,195,97,39,1,84,134,17,100,65,96,117,187,164,98,110,165,112,113,111,26,116,35,95,120,178,47,60,151,160,170,126,127,122,0,101,144,40,139,105,135,23,13,179,73,87,30,137,16,94,133,103,172,148,185,123,121,152,132,153,140,70,68,62,159,162,161,184,75,108,28,166,102,168,169,76,171,177,44,163,175,143,156,145,136,4,181,22,12,43,59,48,104,196,141,7,191,64,42,194,115,41,197,146,188,];False
3996;9620;13616;[72,199,78,99,155,124,176,193,186,192,10,154,31,61,149,15,118,92,14,19,20,173,8,93,24,25,84,142,150,5,106,130,198,147,34,33,138,66,141,126,86,174,63,6,9,45,29,119,57,49,50,51,77,53,85,36,182,46,38,79,4,32,183,90,52,56,21,67,18,69,80,71,2,109,89,180,158,114,167,81,156,27,82,83,157,54,125,129,88,11,3,91,107,189,58,128,195,97,123,1,131,134,17,100,65,96,117,187,164,98,110,165,112,113,111,26,116,35,95,62,178,47,64,151,160,170,7,127,122,0,101,144,40,139,105,135,23,13,179,73,87,30,137,16,94,133,103,172,148,185,55,121,152,132,153,140,70,68,120,159,162,161,184,75,108,28,166,102,168,169,76,171,177,44,163,175,143,37,145,136,190,181,22,12,43,59,48,104,196,74,39,191,60,42,194,115,41,197,146,188,];False
3910;9706;13616;[160,199,78,99,155,124,176,193,186,192,10,154,31,61,149,15,118,92,14,19,20,173,8,171,24,25,32,142,150,5,106,130,198,147,34,45,138,66,141,126,86,174,63,6,9,33,29,119,57,49,50,51,77,53,85,36,182,46,38,79,4,146,188,90,52,56,21,67,18,178,80,7,2,109,89,180,158,114,167,81,156,27,82,83,157,54,125,129,88,11,3,91,107,189,58,128,195,97,55,1,131,134,17,100,65,96,117,187,164,98,110,165,112,113,111,26,116,35,95,62,69,47,64,151,71,170,72,127,122,0,101,144,40,139,105,135,23,13,179,73,87,30,137,16,94,133,103,172,148,185,123,121,132,152,153,140,70,68,120,159,162,161,184,75,108,28,166,102,168,169,76,93,177,44,163,175,143,37,145,136,190,181,22,12,43,59,48,104,196,74,39,191,60,42,194,115,41,197,84,183,];False
4119;9496;13615;[199,72,78,99,155,124,176,193,186,192,10,154,31,61,149,15,118,92,14,19,20,173,8,93,24,25,131,142,150,5,106,130,198,147,34,33,55,156,74,111,86,174,63,6,9,45,29,119,57,49,50,51,77,53,85,36,182,46,38,79,190,32,183,90,52,56,21,67,18,69,80,71,2,109,89,180,158,114,167,81,37,27,82,83,157,54,125,129,88,11,3,91,107,189,58,128,195,97,39,1,84,134,17,100,65,96,117,187,164,98,110,165,112,113,138,26,116,35,95,120,178,47,122,151,160,170,126,127,60,0,101,144,40,139,105,135,23,13,179,73,87,30,137,16,94,133,103,172,148,185,123,121,152,132,153,140,70,68,62,159,162,161,184,75,108,28,166,102,168,169,76,171,177,44,163,175,143,66,145,136,4,181,22,12,43,59,48,104,196,141,7,191,64,42,194,115,41,197,146,188,];False
4103;9511;13614;[199,72,78,99,155,124,176,193,186,192,10,154,19,61,149,15,118,92,14,31,20,173,8,93,24,25,131,142,150,5,106,130,198,147,34,33,55,66,74,111,86,174,63,6,9,45,29,119,57,49,50,51,77,53,85,36,182,46,38,79,190,32,183,90,52,56,21,67,18,69,80,71,2,109,89,180,158,114,167,81,37,27,82,83,157,54,125,129,88,11,3,91,107,189,58,128,195,97,39,1,84,134,17,100,65,96,117,187,164,98,110,165,112,113,138,26,116,35,30,120,178,47,122,151,160,170,126,127,60,0,101,144,40,139,105,135,23,13,179,73,87,95,137,16,94,133,103,172,148,185,123,121,152,132,153,140,70,68,62,159,162,161,184,75,108,28,166,102,168,169,76,171,177,44,163,175,143,156,145,136,4,181,22,12,43,59,48,104,196,141,7,191,64,42,194,115,41,197,146,188,];False
4023;9591;13614;[72,199,78,99,155,124,176,193,186,192,10,154,31,61,149,15,118,92,14,19,20,173,8,93,24,25,84,142,150,5,106,130,198,147,34,33,138,66,141,126,86,174,63,6,9,45,29,119,57,49,50,51,77,53,55,36,182,46,38,79,4,32,183,90,52,56,21,67,18,69,80,71,2,109,89,180,158,114,167,81,156,27,82,83,157,54,125,129,88,11,3,91,107,189,58,128,195,97,85,1,131,134,17,100,65,96,117,187,164,98,110,165,112,113,111,26,116,35,95,62,178,47,64,151,160,170,7,127,122,0,101,144,40,139,105,135,23,13,179,73,87,30,137,16,94,133,103,172,148,185,123,121,152,132,153,140,70,68,120,159,162,161,184,75,108,28,166,102,168,169,76,171,177,44,163,175,143,37,145,136,190,181,22,12,43,59,48,104,196,74,39,191,60,42,194,115,41,197,146,188,];False
3998;9615;13613;[72,199,78,99,155,124,176,92,186,192,10,154,31,61,149,15,118,193,14,19,20,173,8,93,24,25,84,142,150,5,106,130,198,147,34,33,55,66,141,126,86,174,63,6,9,45,29,119,57,49,50,51,77,53,85,36,182,46,38,79,4,32,183,90,52,56,21,67,18,69,80,71,2,109,89,180,158,114,167,81,37,27,82,83,157,54,125,129,88,11,3,91,107,189,58,128,195,97,138,1,131,134,17,100,65,96,117,187,164,98,110,165,112,113,111,26,116,35,95,120,178,47,64,151,160,170,7,127,122,0,101,144,40,139,105,135,23,13,179,73,87,30,137,16,94,133,103,172,148,185,123,121,152,132,153,140,70,68,62,159,162,161,184,75,108,28,166,102,168,169,76,171,177,44,163,175,143,156,145,136,190,181,22,12,43,59,48,104,196,74,39,191,60,42,194,115,41,197,146,188,];False
3975;9638;13613;[72,199,78,99,155,124,176,193,186,192,10,154,31,61,149,15,118,92,14,19,20,173,8,93,24,25,84,142,150,5,106,130,198,147,34,33,138,66,141,126,86,174,134,6,9,45,29,119,57,49,50,51,77,53,85,36,182,46,38,79,4,32,183,90,52,56,21,67,18,178,80,71,2,109,89,180,158,114,167,81,156,27,82,83,157,54,125,129,88,11,3,91,107,189,58,128,195,97,55,1,131,63,17,100,65,96,117,187,164,98,110,165,112,113,111,26,116,35,95,62,69,47,64,151,7,170,160,127,122,0,101,144,40,139,105,135,23,13,179,73,87,30,137,16,94,133,103,172,148,185,123,121,152,132,153,140,70,68,120,159,162,161,184,75,108,28,166,102,168,169,76,171,177,44,163,175,143,37,145,136,190,181,22,12,43,59,48,104,196,74,39,191,60,42,194,115,41,197,146,188,];False
4031;9582;13613;[72,199,78,99,155,124,176,193,186,192,10,154,31,61,149,15,118,92,14,19,20,173,8,93,24,25,84,142,150,5,106,130,198,147,34,33,138,66,141,126,86,174,63,104,9,45,29,119,57,49,50,51,77,53,85,36,182,46,38,79,4,32,183,90,52,56,21,67,18,69,80,71,2,109,89,180,158,114,167,81,37,27,82,83,157,54,125,129,88,11,3,91,107,189,58,128,195,97,55,1,131,134,17,100,65,96,117,187,164,98,110,165,112,113,111,26,116,35,95,120,178,47,64,151,160,170,7,127,122,0,101,144,40,139,105,135,23,13,179,73,87,30,137,16,94,133,103,172,148,185,123,121,152,132,153,140,70,68,62,159,162,161,184,75,108,28,166,102,168,169,76,171,177,44,163,175,143,156,145,136,190,181,22,12,43,59,48,6,196,74,39,191,60,42,194,115,41,197,146,188,];False
3960;9652;13612;[72,199,78,99,155,124,176,193,186,192,10,154,31,61,149,15,118,92,14,19,20,173,8,93,24,25,84,142,150,5,106,130,43,147,34,33,138,66,141,126,86,174,63,6,9,45,29,119,57,49,50,51,77,53,85,36,182,46,38,79,4,32,183,90,52,56,21,67,18,69,80,71,2,109,89,180,158,114,167,81,156,27,82,83,157,54,125,129,88,11,3,91,107,189,58,128,195,97,55,1,131,134,17,100,65,96,117,187,164,98,110,165,112,113,111,26,116,35,95,62,178,47,64,151,160,170,7,127,122,0,101,144,40,139,105,135,23,13,179,73,87,30,137,16,94,133,103,172,148,185,123,121,152,132,153,140,70,68,120,159,162,161,184,75,108,28,166,102,168,169,76,171,177,44,163,175,143,37,145,136,190,181,22,12,198,59,48,104,196,74,39,191,60,42,194,115,41,197,146,188,];False
4028;9584;13612;[72,199,78,99,155,124,176,193,186,192,10,154,31,61,149,15,118,92,14,19,20,173,8,93,24,25,131,142,150,5,106,130,198,147,34,33,55,66,74,138,86,174,63,6,9,45,29,119,57,49,50,51,77,53,85,36,182,46,38,79,4,32,183,90,52,56,21,67,18,69,80,71,2,109,89,180,158,114,167,81,37,27,82,83,157,54,125,129,88,11,3,91,107,189,58,128,195,97,126,1,84,134,17,100,65,96,117,105,164,98,110,165,112,113,111,26,116,35,95,120,178,47,60,151,160,170,7,127,122,0,101,144,40,139,187,135,23,13,179,73,87,30,137,16,94,133,103,172,148,185,123,121,152,132,153,140,70,68,62,159,162,161,184,75,108,28,166,102,168,169,76,171,177,44,163,175,143,156,145,136,190,181,22,12,43,59,48,104,196,141,39,191,64,42,194,115,41,197,146,188,];False
4031;9581;13612;[199,72,78,99,155,124,176,193,186,192,10,154,31,61,127,15,118,92,14,19,20,173,8,93,24,25,131,142,150,5,106,130,198,147,34,33,55,66,74,111,86,174,63,6,9,45,29,119,57,49,50,51,77,53,85,36,182,46,38,79,190,32,183,90,52,56,21,67,18,69,80,71,2,109,89,180,158,114,167,81,37,27,82,83,157,54,125,129,88,11,3,91,107,189,58,128,195,97,39,1,84,134,17,100,65,96,117,187,164,98,110,165,112,113,138,26,116,35,95,120,178,47,60,151,160,170,126,149,122,0,101,144,40,139,105,135,23,13,179,73,87,30,137,16,94,133,103,172,148,185,123,121,152,132,153,140,70,68,62,159,162,161,184,75,108,28,166,102,168,169,76,171,177,44,163,175,143,156,145,136,4,181,22,12,43,59,48,104,196,141,7,191,64,42,194,115,41,197,146,188,];False
3971;9641;13612;[72,199,78,99,155,124,176,193,186,192,10,154,31,61,149,15,118,92,14,19,20,173,8,93,24,25,84,142,150,5,106,175,198,147,34,33,138,66,141,126,86,174,63,6,9,45,29,119,57,49,50,51,77,53,85,36,182,46,38,79,4,32,183,90,52,56,21,67,18,178,80,71,2,109,89,180,158,114,167,81,156,27,82,83,157,54,125,129,88,11,3,91,107,189,58,128,195,97,55,1,131,134,17,100,65,96,117,187,164,98,110,165,112,113,111,26,116,35,95,62,69,47,64,151,7,170,160,127,122,0,101,144,40,139,105,135,23,13,179,73,87,30,137,16,94,133,103,172,148,185,123,121,152,132,153,140,70,68,120,159,162,161,184,75,108,28,166,102,168,169,76,171,177,44,163,130,143,37,145,136,190,181,22,12,43,59,48,104,196,74,39,191,60,42,194,115,41,197,146,188,];False
3972;9639;13611;[72,199,78,99,155,124,176,193,186,192,10,154,31,61,149,15,118,92,14,19,20,173,8,93,24,25,84,142,150,5,106,130,198,147,34,33,138,66,141,126,86,174,63,6,9,45,29,119,57,49,50,51,77,53,85,36,182,46,38,79,4,32,183,90,52,56,21,67,18,69,80,71,2,109,89,180,158,114,167,81,156,27,82,83,157,54,125,129,88,11,3,91,107,189,58,128,195,97,55,1,131,134,17,100,65,96,117,187,164,98,110,165,112,113,111,26,116,35,95,62,178,47,64,151,160,170,7,127,122,0,101,144,40,139,105,135,23,13,179,73,87,30,137,16,94,133,103,172,148,185,123,121,152,132,153,140,70,68,120,159,162,161,184,75,108,28,166,102,168,12,76,171,177,44,163,175,143,37,145,136,190,181,22,169,43,59,48,104,196,74,39,191,60,42,194,115,41,197,146,188,];False
4065;9546;13611;[199,72,78,99,155,124,176,193,186,192,10,154,31,61,149,15,118,92,14,19,20,173,8,93,24,25,131,142,150,5,106,130,198,147,34,33,55,66,74,138,86,174,63,6,9,45,29,119,57,49,50,51,77,53,85,36,182,46,38,79,190,32,183,90,52,56,21,67,18,69,80,71,2,109,89,180,158,114,167,81,37,27,82,83,157,54,125,129,88,11,3,91,107,189,58,128,195,97,39,1,84,134,17,100,65,96,117,187,164,98,110,165,112,113,111,26,116,35,95,120,178,47,60,151,160,181,126,127,122,0,101,144,40,139,105,135,23,13,179,73,87,30,137,16,94,133,103,172,148,185,123,121,152,132,153,140,70,68,62,159,162,161,184,75,108,28,166,102,168,169,76,171,177,44,163,175,143,156,145,136,4,170,22,12,43,59,48,104,196,141,7,191,64,42,194,115,41,197,146,188,];False
3911;9700;13611;[160,199,78,99,155,124,176,193,186,192,10,154,31,61,149,15,118,92,14,19,20,173,8,171,24,25,32,142,150,5,106,130,198,147,34,45,138,66,141,126,86,174,63,6,9,33,29,119,57,49,50,51,77,53,85,36,182,46,38,79,4,146,188,90,52,56,21,67,18,178,80,71,2,109,89,180,158,114,167,81,156,27,82,83,157,54,125,129,88,11,3,91,107,189,58,128,195,97,55,1,131,134,17,100,65,96,117,187,164,47,110,165,112,113,111,26,116,35,95,62,69,98,64,151,7,170,72,127,122,0,101,144,40,139,105,135,23,13,179,73,87,30,137,16,94,133,103,172,148,185,123,121,132,152,153,140,70,68,120,159,162,161,184,75,108,28,166,102,168,169,76,93,177,44,163,175,143,37,145,136,190,181,22,12,43,59,48,104,196,74,39,191,60,42,194,115,41,197,84,183,];False
4029;9581;13610;[72,199,78,99,155,124,176,193,186,192,10,154,31,61,149,15,118,92,14,19,20,173,8,93,24,25,131,142,150,5,106,130,198,147,34,33,55,66,74,138,86,174,63,6,9,45,29,119,57,49,50,51,77,53,85,36,182,46,38,79,190,32,183,90,52,56,21,67,18,69,80,71,2,109,89,180,158,114,167,81,160,27,82,83,157,54,125,129,88,11,3,91,107,189,58,128,195,97,126,1,84,134,17,100,65,96,117,187,164,98,110,165,112,113,111,26,116,35,95,120,178,47,60,151,37,170,39,127,122,0,101,144,40,139,105,135,23,13,179,73,87,30,137,16,94,133,103,172,148,185,123,121,152,132,153,140,70,68,62,159,162,161,184,75,108,28,166,102,168,169,76,171,177,44,163,175,143,156,145,136,4,181,22,12,43,59,48,104,196,141,7,191,64,42,194,115,41,197,146,188,];False
4029;9581;13610;[72,199,78,99,155,124,176,193,186,192,10,154,31,61,149,15,118,92,14,19,20,173,8,93,24,25,131,142,150,5,106,130,198,147,34,33,55,66,74,138,86,174,63,6,9,45,29,119,57,49,50,51,77,53,85,36,182,46,38,79,190,32,183,90,52,56,21,67,18,69,80,71,2,109,89,180,158,114,167,81,37,27,82,83,157,54,125,129,88,11,3,91,107,189,58,128,195,97,126,1,84,134,17,100,65,96,117,187,164,98,179,165,112,113,111,26,116,35,95,120,178,47,60,151,160,170,39,127,122,0,101,144,40,139,105,135,23,13,110,73,87,30,137,16,94,133,103,172,148,185,123,121,152,132,153,140,70,68,62,159,162,161,184,75,108,28,166,102,168,169,76,171,177,44,163,175,143,156,145,136,4,181,22,12,43,59,48,104,196,141,7,191,64,42,194,115,41,197,146,188,];False
4045;9565;13610;[199,72,78,99,155,124,176,193,186,192,10,154,31,61,149,15,118,92,14,19,20,173,8,101,24,25,131,142,150,55,106,130,198,147,34,33,5,66,74,111,86,174,63,6,9,45,158,119,57,49,50,51,77,53,85,36,182,46,38,79,93,32,183,90,52,56,21,67,18,69,80,71,2,109,89,180,29,114,167,81,37,27,82,83,157,54,125,129,88,11,3,91,107,189,58,128,195,97,39,1,84,134,17,100,65,96,117,187,164,98,110,165,112,113,138,26,116,35,30,120,178,47,122,151,160,170,126,127,60,0,190,144,40,139,105,135,23,13,179,73,87,95,137,16,94,133,103,172,148,185,123,121,152,132,153,140,70,68,62,159,162,161,184,75,108,28,166,102,168,169,76,171,177,44,163,175,143,156,145,136,4,181,22,12,43,59,48,104,196,141,7,191,64,42,194,115,41,197,146,188,];False
4063;9547;13610;[72,199,78,99,155,124,176,193,186,192,10,154,31,61,149,15,118,92,14,19,20,173,8,132,24,25,131,142,150,5,106,130,198,147,34,33,55,66,74,126,86,174,63,6,9,45,29,119,57,49,50,51,77,53,85,36,182,46,38,79,4,32,183,90,52,56,21,67,18,69,80,71,2,109,89,180,158,114,167,81,37,27,82,83,157,54,125,129,88,11,3,91,107,189,58,128,195,97,138,1,84,134,17,100,65,96,117,187,164,98,110,165,112,113,111,26,116,35,95,120,178,47,64,151,160,170,7,127,122,0,101,144,40,139,105,135,23,13,179,73,87,30,137,16,94,133,103,172,148,185,123,121,152,93,153,140,70,68,62,159,162,161,184,75,108,28,166,102,168,169,76,171,177,44,163,175,143,156,145,136,190,181,22,12,43,59,48,104,196,141,39,191,60,42,194,115,41,197,146,188,];False
4063;9546;13609;[72,199,78,99,155,124,176,193,186,192,10,154,31,61,149,15,118,92,14,19,20,173,8,93,24,25,84,142,150,5,106,130,198,147,34,33,55,66,141,126,86,174,63,6,9,45,29,119,57,49,50,51,77,53,85,36,182,46,38,79,4,32,183,90,52,56,21,67,18,69,103,71,2,109,89,180,158,114,167,81,37,27,82,83,157,54,125,129,88,11,3,91,107,189,58,128,195,97,138,1,131,134,17,100,65,96,117,187,164,98,110,165,112,113,111,26,116,35,95,120,178,47,64,151,160,170,7,127,122,0,101,144,40,139,105,135,23,13,179,73,87,30,137,16,94,133,80,172,148,185,123,121,152,132,153,140,70,68,62,159,162,161,184,75,108,28,166,102,168,169,76,171,177,44,163,175,143,156,145,136,190,181,22,12,43,59,48,104,196,74,39,191,60,42,194,115,41,197,146,188,];False
4068;9540;13608;[72,199,78,99,155,124,176,193,186,192,10,154,31,61,149,15,118,92,14,19,20,173,8,93,24,25,84,142,150,5,106,130,198,147,34,33,138,66,141,126,86,174,63,6,9,45,29,119,57,49,50,51,77,39,85,36,182,46,38,79,4,32,183,90,52,56,21,67,18,178,80,71,2,109,89,180,158,114,167,81,156,27,82,83,157,54,125,129,88,11,3,91,107,189,58,128,195,97,55,1,131,134,17,100,65,96,117,187,164,98,110,165,112,113,111,26,116,35,95,62,69,47,64,151,7,170,160,127,122,0,101,144,40,139,105,135,23,13,179,73,87,30,137,16,94,133,103,172,148,185,123,121,152,132,153,140,70,68,120,159,162,161,184,75,108,28,166,102,168,169,76,171,177,44,163,175,143,37,145,136,190,181,22,12,43,59,48,104,196,74,53,191,60,42,194,115,41,197,146,188,];False
4074;9534;13608;[72,199,78,99,155,124,176,193,186,192,10,154,31,61,149,15,118,92,14,19,20,173,8,93,24,25,131,142,150,5,106,130,198,147,34,33,55,66,74,138,86,174,63,6,9,45,29,119,57,49,50,51,77,53,85,36,182,46,38,79,190,32,183,90,52,56,21,67,18,69,80,71,2,109,89,180,158,114,167,81,37,187,82,83,157,54,125,129,88,11,3,91,107,189,58,128,195,97,126,1,84,134,17,100,65,96,117,27,164,98,110,165,112,113,111,26,116,35,95,120,178,47,60,151,160,170,39,127,122,0,101,144,40,139,105,135,23,13,179,73,87,30,137,16,94,133,103,172,148,185,123,121,152,132,153,140,70,68,62,159,162,161,184,75,108,28,166,102,168,169,76,171,177,44,163,175,143,156,145,136,4,181,22,12,43,59,48,104,196,141,7,191,64,42,194,115,41,197,146,188,];False
4062;9545;13607;[72,199,78,99,155,124,176,193,186,192,10,154,31,61,149,15,118,92,14,19,20,173,8,93,24,25,131,142,150,5,106,130,198,147,34,33,55,66,74,126,86,174,63,6,9,45,29,119,57,49,50,51,77,53,85,36,182,46,38,79,4,32,183,90,52,56,21,67,18,69,80,71,159,109,89,180,158,114,167,81,37,27,82,83,157,54,125,129,88,11,3,91,107,189,58,128,195,97,138,1,84,134,17,100,65,96,117,187,164,98,110,165,112,113,111,26,116,35,95,120,178,47,64,151,160,170,7,127,122,0,101,144,40,139,105,135,23,13,179,73,87,30,137,16,94,133,103,172,148,185,123,121,152,132,153,140,70,68,62,2,162,161,184,75,108,28,166,102,168,169,76,171,177,44,163,175,143,156,145,136,190,181,22,12,43,59,48,104,196,141,39,191,60,42,194,115,41,197,146,188,];False
4082;9525;13607;[72,199,78,99,155,124,176,193,186,192,10,154,31,61,149,15,118,92,14,19,20,173,8,93,24,25,84,142,150,5,106,130,198,147,34,33,55,66,74,126,86,174,63,6,9,45,29,119,57,49,50,51,77,53,85,36,182,46,38,79,4,32,183,90,52,56,21,67,18,69,80,71,2,109,89,180,158,114,167,81,37,27,82,83,157,54,125,129,88,11,3,91,107,189,58,128,195,97,138,1,131,134,17,100,65,96,117,187,164,98,110,165,112,113,111,26,116,35,95,120,178,47,64,151,160,170,7,127,122,0,101,144,40,139,105,135,23,115,179,73,87,30,137,16,94,133,103,172,148,185,123,121,152,132,153,140,70,68,62,159,162,161,184,75,108,28,166,102,168,169,76,171,177,44,163,175,143,156,145,136,190,181,22,12,43,59,48,104,196,141,39,191,60,42,194,13,41,197,146,188,];False
4066;9541;13607;[199,72,78,99,155,124,176,193,186,192,10,154,31,61,149,15,118,92,14,19,20,173,8,93,24,25,131,142,150,5,106,130,198,147,34,33,55,66,74,111,86,174,63,6,9,45,29,119,57,49,50,51,77,53,85,36,182,46,38,79,190,32,183,90,52,56,21,67,18,69,80,71,2,109,89,180,158,114,167,13,37,27,82,83,157,54,125,129,88,11,3,91,107,189,58,128,195,97,39,1,84,134,17,100,65,96,117,187,164,98,110,165,112,113,138,26,116,35,95,120,178,47,122,151,160,170,126,127,60,0,101,144,40,139,105,135,23,81,179,73,87,30,137,16,94,133,103,172,148,185,123,121,152,132,153,140,70,68,62,159,162,161,184,75,108,28,166,102,168,169,76,171,177,44,163,175,143,156,145,136,4,181,22,12,43,59,48,104,196,141,7,191,64,42,194,115,41,197,146,188,];False
3975;9632;13607;[72,199,78,99,155,124,176,193,186,192,10,154,31,61,149,15,118,92,14,19,20,173,8,93,24,25,84,142,150,5,106,130,198,147,34,33,138,66,141,126,86,174,63,6,9,45,29,119,57,49,50,51,77,53,85,36,37,46,38,79,4,32,183,90,52,56,21,67,18,69,80,71,2,109,89,180,158,114,167,81,156,27,82,83,157,54,125,129,88,11,3,91,107,189,58,128,195,97,55,1,131,134,17,100,65,96,117,187,164,98,110,165,112,113,111,26,116,35,95,62,178,47,64,151,160,170,7,127,122,0,101,144,40,139,105,135,23,13,179,73,87,30,137,16,94,133,103,172,148,185,123,121,152,132,153,140,70,68,120,159,162,161,184,75,108,28,166,102,168,169,76,171,177,44,163,175,143,182,145,136,190,181,22,12,43,59,48,104,196,74,39,191,60,42,194,115,41,197,146,188,];False
3994;9613;13607;[72,199,78,99,155,124,176,193,186,192,10,154,31,61,149,15,118,92,14,19,20,173,8,93,24,25,84,142,150,5,106,130,198,147,34,33,138,66,141,126,86,174,63,6,9,45,29,119,57,49,50,51,77,53,85,36,182,46,38,79,4,32,183,90,52,56,21,67,18,69,80,71,2,109,89,180,158,114,167,81,156,27,82,83,157,132,125,129,88,11,3,91,107,189,58,128,195,97,55,1,131,134,17,100,65,96,117,187,164,98,110,165,112,113,111,26,116,35,95,62,178,47,64,151,160,170,7,127,122,0,101,144,40,139,105,135,23,13,179,73,87,30,137,16,94,133,103,172,148,185,123,121,152,54,153,140,70,68,120,159,162,161,184,75,108,28,166,102,168,169,76,171,177,44,163,175,143,37,145,136,190,181,22,12,43,59,48,104,196,74,39,191,60,42,194,115,41,197,146,188,];False
4068;9539;13607;[199,72,78,99,155,124,176,193,186,192,10,154,31,61,149,15,118,92,14,19,20,173,8,93,24,25,131,142,150,5,106,130,198,147,34,33,55,66,74,111,86,174,63,6,9,45,29,119,57,49,50,51,77,53,85,36,182,46,38,79,190,32,183,90,52,56,21,67,18,69,80,71,2,109,89,180,158,114,167,81,37,27,82,83,157,54,125,129,88,11,3,91,107,189,58,128,195,97,39,1,84,134,17,100,65,96,117,187,164,98,110,165,112,113,138,26,116,35,95,120,178,47,122,151,160,184,126,127,60,0,101,144,40,139,105,135,23,13,179,73,87,30,137,16,94,133,103,172,148,185,123,121,152,132,153,140,70,68,62,159,162,161,170,75,108,28,166,102,168,169,76,171,177,44,163,175,143,156,145,136,4,181,22,12,43,59,48,104,196,141,7,191,64,42,194,115,41,197,146,188,];False
3956;9651;13607;[72,199,78,22,155,124,176,193,186,192,10,154,31,61,149,15,118,92,14,19,20,173,8,93,24,25,84,142,150,5,106,130,198,147,34,33,138,66,141,126,86,174,63,6,9,45,29,119,57,49,50,51,77,53,85,36,182,46,38,79,4,32,183,90,52,56,21,67,18,69,80,71,2,109,89,180,158,114,167,81,156,27,82,83,157,54,125,129,88,11,3,91,107,189,58,128,195,97,55,1,131,134,17,100,65,96,117,187,164,98,110,165,112,113,111,26,116,35,95,62,178,47,64,151,160,170,7,127,122,0,101,144,40,139,105,135,23,13,179,73,87,30,137,16,94,133,103,172,148,185,123,121,152,132,153,140,70,68,120,159,162,161,184,75,108,28,166,102,168,169,76,171,177,44,163,175,143,37,145,136,190,181,99,12,43,59,48,104,196,74,39,191,60,42,194,115,41,197,146,188,];False
4089;9518;13607;[199,72,78,99,155,124,176,193,186,192,10,154,31,61,149,15,118,92,14,19,20,173,8,93,24,25,131,142,150,5,106,130,198,147,34,33,55,66,74,111,86,174,63,6,9,45,158,119,57,189,50,51,77,53,85,36,182,46,38,79,190,32,183,90,52,56,21,67,18,69,80,71,2,109,89,180,29,114,167,81,37,27,82,83,157,54,125,129,88,11,3,91,107,49,58,128,195,97,39,1,84,134,17,100,65,96,117,187,164,98,110,165,112,113,138,26,116,35,30,120,178,47,122,151,160,170,126,127,60,0,101,144,40,139,105,135,23,13,179,73,87,95,137,16,94,133,103,172,148,185,123,121,152,132,153,140,70,68,62,159,162,161,184,75,108,28,166,102,168,169,76,171,177,44,163,175,143,156,145,136,4,181,22,12,43,59,48,104,196,141,7,191,64,42,194,115,41,197,146,188,];False
4016;9589;13605;[72,199,78,99,155,124,176,193,186,192,10,154,31,61,149,15,118,92,14,19,20,173,8,93,24,25,131,142,150,5,106,130,198,147,34,33,55,66,74,138,86,174,63,6,9,45,29,119,57,49,50,51,77,53,85,36,182,46,38,79,190,32,183,90,52,56,21,67,18,69,80,71,2,109,89,180,158,114,167,81,37,27,82,83,157,54,125,129,88,11,3,91,107,189,58,128,195,97,126,1,84,134,17,100,65,96,117,187,164,98,110,165,112,113,111,26,116,35,95,120,178,47,60,151,160,170,39,127,122,0,101,144,40,139,105,135,23,13,179,73,87,30,137,16,94,133,103,172,148,185,123,121,152,132,136,140,70,68,62,159,162,161,184,75,108,28,166,102,168,169,76,171,177,44,163,175,143,156,145,153,4,181,22,12,43,59,48,104,196,141,7,191,64,42,194,115,41,197,146,188,];False
3980;9625;13605;[72,199,78,99,155,124,176,193,186,192,10,154,31,61,149,15,118,92,14,19,20,173,8,93,24,25,84,142,150,5,106,130,198,147,34,33,138,66,141,126,86,174,63,6,9,45,29,119,57,49,111,51,77,53,85,36,182,46,38,79,4,32,183,90,52,56,21,67,18,69,80,71,2,109,89,180,158,114,167,81,156,27,82,83,157,54,125,129,88,11,3,91,107,189,58,128,195,97,55,1,131,134,17,100,65,96,117,187,164,98,110,165,112,113,50,26,116,35,95,62,178,47,64,151,160,170,7,127,122,0,101,144,40,139,105,135,23,13,179,73,87,30,137,16,94,133,103,172,148,185,123,121,152,132,153,140,70,68,120,159,162,161,184,75,108,28,166,102,168,169,76,171,177,44,163,175,143,37,145,136,190,181,22,12,43,59,48,104,196,74,39,191,60,42,194,115,41,197,146,188,];False
4051;9554;13605;[199,72,78,99,155,124,176,193,186,192,10,154,31,61,149,15,118,92,14,19,20,173,8,93,24,25,131,142,150,5,106,130,198,147,34,33,55,66,74,138,86,174,63,6,9,45,29,119,57,49,50,51,77,53,85,36,182,46,38,79,190,32,183,90,52,56,21,67,18,69,80,71,2,109,89,180,158,114,167,81,37,27,82,83,157,54,125,129,88,11,3,91,107,189,58,128,195,97,39,1,84,134,17,100,65,96,117,187,164,98,110,165,112,113,111,26,116,35,95,120,178,47,60,151,160,170,126,127,122,0,101,184,40,139,105,135,23,13,179,73,87,30,137,16,94,133,103,172,148,185,123,121,152,132,153,140,70,68,62,159,162,161,144,75,108,28,166,102,168,169,76,171,177,44,163,175,143,156,145,136,4,181,22,12,43,59,48,104,196,141,7,191,64,42,194,115,41,197,146,188,];False
4018;9587;13605;[72,199,78,99,155,124,176,193,186,192,10,154,31,61,149,15,118,92,14,19,20,173,8,93,24,25,84,142,150,5,106,130,198,147,34,33,138,66,141,126,86,174,63,6,9,45,29,119,57,49,50,51,77,53,85,36,182,46,38,79,4,32,183,90,52,56,21,67,18,69,80,71,2,109,89,180,158,114,167,81,156,27,82,164,157,54,125,129,88,11,3,91,107,189,58,128,195,97,55,1,131,134,17,100,65,96,117,187,83,98,110,165,112,113,111,26,116,35,95,62,178,47,64,151,160,170,7,127,122,0,101,144,40,139,105,135,23,13,179,73,87,30,137,16,94,133,103,172,148,185,123,121,152,132,153,140,70,68,120,159,162,161,184,75,108,28,166,102,168,169,76,171,177,44,163,175,143,37,145,136,190,181,22,12,43,59,48,104,196,74,39,191,60,42,194,115,41,197,146,188,];False
4011;9593;13604;[199,72,78,99,155,124,176,193,186,192,10,154,31,61,149,15,118,92,165,19,20,173,8,93,24,25,131,142,150,5,106,130,198,147,34,33,55,66,74,138,86,174,63,6,9,45,29,119,57,49,50,51,77,53,85,36,182,46,38,79,190,32,183,90,52,56,21,67,18,69,80,71,2,109,89,180,158,114,167,81,37,27,82,83,157,54,125,129,88,11,3,91,107,189,58,128,195,97,39,1,84,134,17,100,65,96,117,187,164,98,110,14,112,113,111,26,116,35,95,120,178,47,60,151,160,170,126,127,122,0,101,144,40,139,105,135,23,13,179,73,87,30,137,16,94,133,103,172,148,185,123,121,152,132,153,140,70,68,62,159,162,161,184,75,108,28,166,102,168,169,76,171,177,44,163,175,143,156,145,136,4,181,22,12,43,59,48,104,196,141,7,191,64,42,194,115,41,197,146,188,];False
3981;9623;13604;[72,199,78,99,155,124,176,193,186,192,163,154,31,61,149,15,118,92,14,19,20,173,8,93,24,25,84,142,150,5,106,130,198,147,34,33,138,66,141,126,86,174,63,6,9,45,29,119,57,49,50,51,77,53,85,36,182,46,38,79,4,32,183,90,52,56,21,67,18,69,80,71,2,109,89,180,158,114,167,81,156,27,82,83,157,54,125,129,88,11,3,91,107,189,58,128,195,97,55,1,131,134,17,100,65,96,117,187,164,98,110,165,112,113,111,26,116,35,95,62,178,47,64,151,160,170,7,127,122,0,101,144,40,139,105,135,23,13,179,73,87,30,137,16,94,133,103,172,148,185,123,121,152,132,153,140,70,68,120,159,162,161,184,75,108,28,166,102,168,169,76,171,177,44,10,175,143,37,145,136,190,181,22,12,43,59,48,104,196,74,39,191,60,42,194,115,41,197,146,188,];False
4075;9529;13604;[199,72,78,99,155,124,176,193,186,192,10,154,31,61,149,15,118,92,14,19,20,173,8,93,24,25,131,142,150,5,106,130,198,147,34,33,55,66,74,111,86,174,63,6,9,45,29,119,57,49,50,51,77,53,85,36,182,46,38,79,190,32,183,90,52,56,21,67,18,69,80,71,2,109,89,180,158,114,167,81,37,27,82,83,157,54,125,129,88,11,3,91,172,189,58,128,195,97,39,1,84,134,17,100,65,96,117,187,164,98,110,165,112,113,138,26,116,35,30,120,178,47,122,151,160,170,126,127,60,0,101,144,40,139,105,135,23,13,179,73,87,95,137,16,94,133,103,107,148,185,123,121,152,132,153,140,70,68,62,159,162,161,184,75,108,28,166,102,168,169,76,171,177,44,163,175,143,156,145,136,4,181,22,12,43,59,48,104,196,141,7,191,64,42,194,115,41,197,146,188,];False
3961;9643;13604;[72,199,78,99,155,124,176,193,186,192,10,154,31,61,149,15,118,92,14,19,20,173,8,93,24,25,84,142,150,5,106,130,198,147,34,33,138,66,141,126,86,174,63,6,9,45,29,119,57,49,50,51,77,53,85,36,182,46,38,79,4,32,183,127,52,56,21,67,18,69,80,71,2,109,89,180,158,114,167,81,156,27,82,83,157,54,125,129,88,11,3,91,107,189,58,128,195,97,55,1,131,134,17,100,65,96,117,187,164,98,110,165,112,113,111,26,116,35,95,62,178,47,64,151,160,170,7,90,122,0,101,144,40,139,105,135,23,13,179,73,87,30,137,16,94,133,103,172,148,185,123,121,152,132,153,140,70,68,120,159,162,161,184,75,108,28,166,102,168,169,76,171,177,44,163,175,143,37,145,136,190,181,22,12,43,59,48,104,196,74,39,191,60,42,194,115,41,197,146,188,];False
4017;9586;13603;[72,199,78,99,155,124,176,193,186,192,10,154,31,61,149,15,118,92,14,19,20,173,8,93,24,25,84,142,150,5,106,130,198,147,34,33,138,66,141,126,86,174,63,6,9,45,29,119,57,49,50,51,77,53,85,36,182,46,38,79,4,32,183,90,52,56,21,67,18,69,80,71,2,109,89,180,158,114,167,81,156,27,82,83,157,54,163,129,88,11,3,91,107,189,58,128,195,97,55,1,131,134,17,100,65,96,117,187,164,98,110,165,112,113,111,26,116,35,95,62,178,47,64,151,160,170,7,127,122,0,101,144,40,139,105,135,23,13,179,73,87,30,137,16,94,133,103,172,148,185,123,121,152,132,153,140,70,68,120,159,162,161,184,75,108,28,166,102,168,169,76,171,177,44,125,175,143,37,145,136,190,181,22,12,43,59,48,104,196,74,39,191,60,42,194,115,41,197,146,188,];False
4025;9578;13603;[72,199,78,99,155,124,176,193,186,192,10,154,31,174,149,15,118,92,14,19,20,173,8,93,24,25,84,142,150,5,106,130,198,147,34,33,138,66,141,126,86,61,63,6,9,45,29,119,57,49,50,51,77,53,85,36,182,46,38,79,4,32,183,90,52,56,21,67,18,178,80,71,2,109,89,180,158,114,167,81,156,27,82,83,157,54,125,129,88,11,3,91,107,189,58,128,195,97,55,1,131,134,17,100,65,96,117,187,164,98,110,165,112,113,111,26,116,35,95,62,69,47,64,151,7,170,160,127,122,0,101,144,40,139,105,135,23,13,179,73,87,30,137,16,94,133,103,172,148,185,123,121,152,132,153,140,70,68,120,159,162,161,184,75,108,28,166,102,168,169,76,171,177,44,163,175,143,37,145,136,190,181,22,12,43,59,48,104,196,74,39,191,60,42,194,115,41,197,146,188,];False
4049;9554;13603;[72,199,78,99,155,124,176,193,186,192,10,154,31,61,149,15,118,92,14,19,20,173,8,93,24,25,131,142,150,5,106,130,198,147,34,33,55,66,74,138,86,174,63,6,9,45,29,119,57,49,50,51,183,53,85,36,182,46,38,79,190,32,77,90,52,56,21,67,18,69,80,71,2,109,89,180,158,114,167,81,37,27,82,83,157,54,125,129,88,11,3,91,107,189,58,128,195,97,126,1,84,134,17,100,65,96,117,187,164,98,110,165,112,113,111,26,116,35,95,120,178,47,60,151,160,170,39,127,122,0,101,144,40,139,105,135,23,13,179,73,87,30,137,16,94,133,103,172,148,185,123,121,152,132,153,140,70,68,62,159,162,161,184,75,108,28,166,102,168,169,76,171,177,44,163,175,143,156,145,136,4,181,22,12,43,59,48,104,196,141,7,191,64,42,194,115,41,197,146,188,];False
3969;9633;13602;[72,199,78,99,155,124,176,193,186,192,10,154,31,61,149,15,118,92,14,19,20,173,8,93,24,25,84,142,150,5,106,130,198,147,34,33,138,66,141,126,86,174,63,6,9,45,29,119,57,49,50,51,77,53,85,36,182,46,38,79,4,32,183,90,52,56,21,67,18,69,80,71,2,109,89,180,158,114,167,81,156,27,82,83,157,54,125,129,88,11,3,91,107,189,58,102,195,97,55,1,131,134,17,100,65,96,117,187,164,98,110,165,112,113,111,26,116,35,95,62,178,47,64,151,160,170,7,127,122,0,101,144,40,139,105,135,23,13,179,73,87,30,137,16,94,133,103,172,148,185,123,121,152,132,153,140,70,68,120,159,162,161,184,75,108,28,166,128,168,169,76,171,177,44,163,175,143,37,145,136,190,181,22,12,43,59,48,104,196,74,39,191,60,42,194,115,41,197,146,188,];False
4000;9602;13602;[72,199,78,99,155,124,176,193,186,192,10,154,31,61,149,15,118,92,14,19,20,173,8,93,24,25,84,142,150,5,106,130,198,147,34,33,55,66,141,126,86,174,63,6,9,45,29,119,57,49,50,51,77,53,85,36,182,46,38,79,4,32,183,90,52,56,21,67,18,69,80,71,2,109,89,180,158,114,167,81,37,27,82,83,157,54,125,145,88,11,3,91,107,189,58,128,195,97,138,1,131,134,17,100,65,96,117,187,164,98,110,165,112,113,111,26,116,35,95,120,178,47,64,151,160,170,7,127,122,0,101,144,40,139,105,135,23,13,179,73,87,30,137,16,94,133,103,172,148,185,123,121,152,132,153,140,70,68,62,159,162,161,184,75,108,28,166,102,168,169,76,171,177,44,163,175,143,156,129,136,190,181,22,12,43,59,48,104,196,74,39,191,60,42,194,115,41,197,146,188,];False
4016;9585;13601;[199,72,78,99,155,124,176,193,186,192,10,154,31,61,149,15,118,92,14,19,20,173,8,93,24,25,131,142,150,5,106,130,198,147,34,33,55,66,74,138,86,174,63,6,9,45,29,119,57,49,50,51,77,53,85,36,182,46,38,79,190,32,183,90,52,56,21,67,18,69,80,71,2,109,89,180,158,114,167,81,37,27,82,83,157,54,125,129,88,11,3,91,107,189,58,128,195,97,126,1,84,134,17,100,65,96,117,187,164,98,110,165,112,113,111,26,116,35,95,120,178,47,60,0,160,170,39,127,122,151,101,144,40,139,105,135,23,13,179,73,87,30,137,16,94,133,103,172,148,185,123,121,152,132,153,140,70,68,62,159,162,161,184,75,108,28,166,102,168,169,76,171,177,44,163,175,143,156,145,136,4,181,22,12,43,59,48,104,196,141,7,191,64,42,194,115,41,197,146,188,];False
4057;9543;13600;[199,72,78,99,155,124,176,193,186,192,10,154,31,61,149,15,118,92,14,19,20,173,8,93,24,25,131,142,150,5,106,130,198,147,34,33,55,66,74,138,86,174,63,6,9,45,29,119,57,49,50,51,77,53,85,36,182,46,38,79,190,32,183,90,52,56,21,67,18,69,68,71,2,109,89,180,158,114,167,81,37,27,82,83,157,54,125,129,88,11,3,91,107,189,58,128,195,97,39,1,84,134,17,100,65,96,117,187,164,98,110,165,112,113,111,26,116,35,95,120,178,47,60,151,160,170,126,127,122,0,101,144,40,139,105,135,23,13,179,73,87,30,137,16,94,133,103,172,148,185,123,121,152,132,153,140,70,80,62,159,162,161,184,75,108,28,166,102,168,169,76,171,177,44,163,175,143,156,145,136,4,181,22,12,43,59,48,104,196,141,7,191,64,42,194,115,41,197,146,188,];False
4066;9534;13600;[199,72,78,99,155,124,176,193,186,192,10,154,31,61,149,15,118,92,14,19,20,173,8,93,24,25,131,142,150,5,106,37,198,147,34,33,55,66,74,138,86,174,63,6,9,45,29,119,57,49,50,51,77,53,85,36,182,46,38,79,190,32,183,90,52,56,21,67,18,69,80,71,2,109,89,180,158,114,167,81,130,27,82,83,157,54,125,129,88,11,3,91,107,189,58,128,195,97,126,1,84,134,17,100,65,96,117,187,164,98,110,165,112,113,111,26,116,35,95,120,178,47,60,151,160,170,39,127,122,0,101,144,40,139,105,135,23,13,179,73,87,30,137,16,94,133,103,172,148,185,123,121,152,132,153,140,70,68,62,159,162,161,184,75,108,28,166,102,168,169,76,171,177,44,163,175,143,156,145,136,4,181,22,12,43,59,48,104,196,141,7,191,64,42,194,115,41,197,146,188,];False
4021;9579;13600;[72,199,78,99,155,124,176,193,186,192,10,154,31,61,149,15,118,92,14,19,20,173,161,93,24,25,131,142,150,5,106,130,198,147,34,33,55,66,74,138,86,174,63,6,9,45,29,119,57,49,50,51,77,53,85,36,182,46,38,79,190,32,183,90,52,56,21,67,18,69,80,71,2,109,89,180,158,114,167,81,37,27,82,83,157,54,125,129,88,11,3,91,107,189,58,128,195,97,126,1,84,134,17,100,65,96,117,187,164,98,110,165,112,113,111,26,116,35,95,120,178,47,60,151,160,170,39,127,122,0,101,144,40,139,105,135,23,13,179,73,87,30,137,16,94,133,103,172,148,185,123,121,152,132,153,140,70,68,62,159,162,8,184,75,108,28,166,102,168,169,76,171,177,44,163,175,143,156,145,136,4,181,22,12,43,59,48,104,196,141,7,191,64,42,194,115,41,197,146,188,];False
4051;9548;13599;[72,199,78,99,155,124,176,193,186,192,10,154,31,61,89,15,118,92,14,19,20,173,8,93,24,25,131,142,150,5,106,130,198,147,34,33,55,66,74,138,86,174,63,6,9,45,29,119,57,49,50,51,77,53,85,36,182,46,38,79,4,32,183,90,52,56,21,67,18,69,80,71,2,109,149,180,158,114,167,81,37,27,82,83,157,54,125,129,88,11,3,91,107,189,58,128,195,97,126,1,84,134,17,100,65,96,117,187,164,98,110,165,112,113,111,26,116,35,95,120,178,47,60,151,160,170,39,127,122,0,101,144,40,139,105,135,23,13,179,73,87,30,137,16,94,133,103,172,148,185,123,121,152,132,153,140,70,68,62,159,162,161,184,75,108,28,166,102,168,169,76,171,177,44,163,175,143,156,145,136,190,181,22,12,43,59,48,104,196,141,7,191,64,42,194,115,41,197,146,188,];False
3964;9635;13599;[72,199,78,99,155,124,176,193,186,192,10,154,31,61,149,15,118,92,14,19,20,173,8,93,24,25,84,142,150,5,106,130,198,147,34,33,138,66,141,126,86,174,63,6,9,45,29,119,57,49,50,51,77,53,85,36,182,46,38,79,4,32,183,90,62,56,21,67,18,178,80,71,2,109,89,180,158,114,167,81,156,27,82,83,157,54,125,129,88,11,3,91,107,189,58,128,195,97,55,1,131,134,17,100,65,96,117,187,164,98,110,165,112,113,111,26,116,35,95,52,69,47,64,151,7,170,160,127,122,0,101,144,40,139,105,135,23,13,179,73,87,30,137,16,94,133,103,172,148,185,123,121,152,132,153,140,70,68,120,159,162,161,184,75,108,28,166,102,168,169,76,171,177,44,163,175,143,37,145,136,190,181,22,12,43,59,48,104,196,74,39,191,60,42,194,115,41,197,146,188,];False
4074;9525;13599;[199,72,78,99,155,124,176,193,186,192,10,154,31,61,149,15,118,92,14,19,20,173,8,93,24,25,131,142,150,5,106,130,198,147,34,33,55,66,74,111,86,174,63,6,9,45,29,119,57,49,50,51,77,53,85,36,182,46,38,79,190,32,183,90,52,56,21,67,18,69,80,71,2,109,89,180,158,114,167,81,37,27,82,83,157,54,125,129,88,11,3,91,107,189,58,128,195,97,39,1,84,122,17,100,65,96,117,187,164,98,110,165,112,113,138,26,116,35,30,120,178,47,134,151,160,170,126,127,60,0,101,144,40,139,105,135,23,13,179,73,87,95,137,16,94,133,103,172,148,185,123,121,152,132,153,140,70,68,62,159,162,161,184,75,108,28,166,102,168,169,76,171,177,44,163,175,143,156,145,136,4,181,22,12,43,59,48,104,196,141,7,191,64,42,194,115,41,197,146,188,];False
3973;9626;13599;[72,199,78,99,155,124,176,193,186,192,10,154,31,61,149,15,118,92,14,19,20,173,8,93,24,25,84,142,150,5,106,130,198,147,34,33,138,66,141,126,86,174,63,6,9,45,29,119,57,49,50,51,77,53,85,36,182,46,38,79,4,32,183,90,52,56,21,67,18,69,80,71,2,109,89,180,158,114,167,81,156,27,82,159,157,54,125,129,88,11,3,91,107,189,58,128,195,97,55,1,131,134,17,100,65,96,117,187,164,98,110,165,112,113,111,26,116,35,95,62,178,47,64,151,160,170,7,127,122,0,101,144,40,139,105,135,23,13,179,73,87,30,137,16,94,133,103,172,148,185,123,121,152,132,153,140,70,68,120,83,162,161,184,75,108,28,166,102,168,169,76,171,177,44,163,175,143,37,145,136,190,181,22,12,43,59,48,104,196,74,39,191,60,42,194,115,41,197,146,188,];False
3986;9613;13599;[72,199,78,99,155,124,176,193,186,192,10,154,31,61,149,80,118,92,14,19,20,173,8,93,24,25,84,142,150,5,106,130,198,147,34,33,138,66,141,126,86,174,63,6,9,45,29,119,57,49,50,51,77,53,85,36,182,46,38,79,4,32,183,90,52,56,21,67,18,69,15,71,2,109,89,180,158,114,167,81,156,27,82,83,157,54,125,129,88,11,3,91,107,189,58,128,195,97,55,1,131,134,17,100,65,96,117,187,164,98,110,165,112,113,111,26,116,35,95,62,178,47,64,151,160,170,7,127,122,0,101,144,40,139,105,135,23,13,179,73,87,30,137,16,94,133,103,172,148,185,123,121,152,132,153,140,70,68,120,159,162,161,184,75,108,28,166,102,168,169,76,171,177,44,163,175,143,37,145,136,190,181,22,12,43,59,48,104,196,74,39,191,60,42,194,115,41,197,146,188,];False
3976;9622;13598;[72,199,78,99,155,124,176,193,186,192,10,154,31,61,149,15,118,92,14,19,20,173,8,93,24,25,84,142,150,5,106,130,198,147,34,33,138,66,141,126,86,174,63,6,9,45,29,119,57,49,50,51,77,53,85,36,182,46,38,79,4,32,183,90,52,56,21,67,18,69,80,71,2,109,89,180,158,114,167,81,156,27,82,83,157,54,125,129,88,11,3,91,107,189,58,128,195,97,55,1,131,134,17,100,65,96,117,187,164,98,110,165,112,113,111,26,116,35,95,62,178,47,64,151,160,170,7,127,122,0,101,144,40,139,105,135,23,13,133,73,87,30,137,16,94,179,103,172,148,185,123,121,152,132,153,140,70,68,120,159,162,161,184,75,108,28,166,102,168,169,76,171,177,44,163,175,143,37,145,136,190,181,22,12,43,59,48,104,196,74,39,191,60,42,194,115,41,197,146,188,];False
4016;9582;13598;[72,199,78,99,155,124,176,193,186,192,10,154,31,61,149,15,118,92,14,19,20,173,8,93,24,25,84,142,150,2,106,130,198,147,34,33,55,66,141,126,86,174,63,6,9,45,29,119,57,49,50,51,77,53,85,36,182,46,38,79,4,32,183,90,52,56,21,67,18,69,80,71,5,109,89,180,158,114,167,81,37,27,82,83,157,54,125,129,88,11,3,91,107,189,58,128,195,97,138,1,131,134,17,100,65,96,117,187,164,98,110,165,112,113,111,26,116,35,95,120,178,47,64,151,160,170,7,127,122,0,101,144,40,139,105,135,23,13,179,73,87,30,137,16,94,133,103,172,148,185,123,121,152,132,153,140,70,68,62,159,162,161,184,75,108,28,166,102,168,169,76,171,177,44,163,175,143,156,145,136,190,181,22,12,43,59,48,104,196,74,39,191,60,42,194,115,41,197,146,188,];False
4040;9558;13598;[72,199,78,99,155,124,176,193,186,192,10,154,31,61,149,15,118,92,14,19,20,173,8,93,24,25,131,142,150,5,106,130,198,147,34,33,55,66,74,138,86,174,63,6,9,45,29,119,57,49,50,51,77,53,85,36,182,46,38,79,190,32,183,90,52,56,21,67,18,69,80,71,2,109,89,180,158,114,167,81,37,27,82,83,157,54,125,129,88,11,3,91,107,189,58,128,195,97,126,1,84,134,166,100,65,96,117,187,164,98,110,165,112,113,111,26,116,35,95,120,178,47,60,151,160,170,39,127,122,0,101,144,40,139,105,135,23,13,179,73,87,30,137,16,94,133,103,172,148,185,123,121,152,132,153,140,70,68,62,159,162,161,184,75,108,28,17,102,168,169,76,171,177,44,163,175,143,156,145,136,4,181,22,12,43,59,48,104,196,141,7,191,64,42,194,115,41,197,146,188,];False
3977;9620;13597;[72,199,78,99,155,124,176,193,186,192,10,154,31,61,149,15,118,92,14,19,20,173,8,93,24,25,84,142,150,5,106,130,198,147,34,33,138,66,141,126,86,174,63,6,9,45,29,119,57,49,50,51,77,53,85,36,182,46,38,79,4,32,183,90,116,56,21,67,18,69,80,71,2,109,89,180,158,114,167,81,156,27,82,83,157,54,125,129,88,11,3,91,107,189,58,128,195,97,55,1,131,134,17,100,65,96,117,187,164,98,110,165,112,113,111,26,52,35,95,62,178,47,64,151,160,170,7,127,122,0,101,144,40,139,105,135,23,13,179,73,87,30,137,16,94,133,103,172,148,185,123,121,152,132,153,140,70,68,120,159,162,161,184,75,108,28,166,102,168,169,76,171,177,44,163,175,143,37,145,136,190,181,22,12,43,59,48,104,196,74,39,191,60,42,194,115,41,197,146,188,];False
4046;9551;13597;[72,199,78,99,155,124,176,193,186,192,10,154,31,61,149,15,118,92,14,19,20,173,8,93,24,25,84,142,150,5,106,130,198,147,34,33,138,66,141,126,86,174,63,6,9,45,29,119,57,49,50,51,77,53,85,36,182,46,38,79,4,32,183,90,52,56,21,67,18,69,80,71,2,109,89,180,158,114,167,81,156,27,82,83,157,54,125,129,88,11,3,91,107,189,58,128,195,97,55,1,131,134,17,100,65,96,117,187,164,98,110,151,112,113,111,26,116,35,95,120,178,47,64,165,160,170,7,127,122,0,101,144,40,139,105,135,23,13,179,73,87,30,137,16,94,133,103,172,148,185,123,121,152,132,153,140,70,68,62,159,162,161,184,75,108,28,166,102,168,169,76,171,177,44,163,175,143,37,145,136,190,181,22,12,43,59,48,104,196,74,39,191,60,42,194,115,41,197,146,188,];False
3932;9665;13597;[160,199,78,99,155,124,176,193,186,192,10,154,31,61,149,15,118,92,14,19,20,173,8,93,24,25,32,142,150,5,106,130,198,147,34,45,138,66,141,126,86,174,63,6,9,33,29,131,57,49,50,51,77,53,85,36,182,46,38,79,4,146,188,90,52,56,21,67,18,178,80,71,2,109,89,180,158,114,167,81,156,27,82,83,157,54,125,129,88,11,3,91,107,189,58,128,195,97,55,1,119,134,17,100,65,96,117,187,164,98,110,165,112,113,111,26,116,35,95,62,69,47,64,151,7,170,72,127,122,0,101,144,40,139,105,135,23,13,179,73,87,30,137,16,94,133,103,172,148,185,123,121,152,132,153,140,70,68,120,159,162,161,184,75,108,28,166,102,168,169,76,171,177,44,163,175,143,37,145,136,190,181,22,12,43,59,48,104,196,74,39,191,60,42,194,115,41,197,84,183,];False
4093;9504;13597;[72,199,78,99,155,124,176,193,186,192,10,154,31,61,149,15,118,92,14,19,20,173,8,93,24,25,131,142,150,5,106,130,198,147,34,33,55,66,74,126,86,2,63,6,9,45,29,119,57,49,50,51,77,53,85,36,182,46,38,79,4,32,183,90,52,56,21,67,18,69,80,71,174,109,89,180,158,114,167,81,37,27,82,83,157,54,125,129,88,11,3,91,107,189,58,128,195,97,138,1,84,134,17,100,65,96,117,187,164,98,110,165,112,113,111,26,116,35,95,120,178,47,64,151,160,170,7,127,122,0,101,144,40,139,105,135,23,13,179,73,87,30,137,16,94,133,103,172,148,185,123,121,152,132,153,140,70,68,62,159,162,161,184,75,108,28,166,102,168,169,76,171,177,44,163,175,143,156,145,136,190,181,22,12,43,59,48,104,196,141,39,191,60,42,194,115,41,197,146,188,];False
4031;9565;13596;[199,72,78,99,155,124,176,193,186,192,10,154,31,61,149,15,118,92,14,19,20,173,8,93,24,25,131,142,150,5,106,130,198,147,34,33,55,66,74,111,86,174,63,6,9,45,29,119,57,49,50,51,77,53,85,36,182,46,38,79,190,32,183,90,52,56,21,67,18,69,80,71,2,109,89,180,158,4,167,81,37,27,82,83,157,54,125,129,88,11,3,91,107,189,58,128,195,97,39,1,84,134,17,100,65,96,117,187,164,98,110,165,112,113,138,26,116,35,95,120,178,47,122,151,160,170,126,127,60,0,101,144,40,139,105,135,23,13,179,73,87,30,137,16,94,133,103,172,148,185,123,121,152,132,153,140,70,68,62,159,162,161,184,75,108,28,166,102,168,169,76,171,177,44,163,175,143,156,145,136,114,181,22,12,43,59,48,104,196,141,7,191,64,42,194,115,41,197,146,188,];False
3980;9616;13596;[72,199,78,99,155,124,176,193,186,192,10,154,31,88,149,15,118,92,14,19,20,173,8,93,24,25,84,142,150,5,106,130,198,147,34,33,138,66,141,126,86,174,63,6,9,45,29,119,57,49,50,51,77,53,85,36,182,46,38,79,4,32,183,90,52,56,21,67,18,69,80,71,2,109,89,180,158,114,167,81,156,27,82,83,157,54,125,129,61,11,3,91,107,189,58,128,195,97,55,1,131,134,17,100,65,96,117,187,164,98,110,165,112,113,111,26,116,35,95,62,178,47,64,151,160,170,7,127,122,0,101,144,40,139,105,135,23,13,179,73,87,30,137,16,94,133,103,172,148,185,123,121,152,132,153,140,70,68,120,159,162,161,184,75,108,28,166,102,168,169,76,171,177,44,163,175,143,37,145,136,190,181,22,12,43,59,48,104,196,74,39,191,60,42,194,115,41,197,146,188,];False
4029;9566;13595;[199,72,78,99,155,124,176,193,186,192,10,154,31,61,149,15,118,92,14,19,20,173,8,93,24,25,131,142,150,5,106,130,198,147,34,33,55,66,74,138,86,174,63,6,9,45,29,119,57,49,50,51,77,53,85,36,182,46,38,79,190,32,183,90,52,56,21,67,18,69,80,71,2,109,89,180,158,60,167,81,37,27,82,83,157,54,125,129,88,11,3,91,107,189,58,128,195,97,39,1,84,134,17,100,65,96,117,187,164,98,110,165,112,113,111,26,116,35,95,120,178,47,114,151,160,170,126,127,122,0,101,144,40,139,105,135,23,13,179,73,87,30,137,16,94,133,103,172,148,185,123,121,152,132,153,140,70,68,62,159,162,161,184,75,108,28,166,102,168,169,76,171,177,44,163,175,143,156,145,136,4,181,22,12,43,59,48,104,196,141,7,191,64,42,194,115,41,197,146,188,];False
4003;9592;13595;[199,72,78,99,155,124,176,193,186,192,10,154,31,61,149,15,118,92,14,19,20,173,8,93,24,25,131,142,150,5,106,130,198,147,34,33,55,66,74,138,86,174,63,6,9,45,29,119,57,49,50,51,77,53,85,36,182,46,38,79,190,32,183,90,52,56,21,67,18,69,80,71,2,109,89,180,158,114,167,81,37,27,82,83,157,54,125,129,88,11,3,91,107,189,58,128,195,97,126,1,84,134,17,100,65,96,117,187,164,98,110,165,112,113,111,26,116,35,95,120,178,47,60,151,160,170,39,127,122,0,101,144,40,139,105,135,23,13,179,73,87,30,137,16,94,133,103,172,148,185,123,121,152,132,153,140,70,68,62,159,162,161,184,75,108,28,166,171,168,169,76,102,177,44,163,175,143,156,145,136,4,181,22,12,43,59,48,104,196,141,7,191,64,42,194,115,41,197,146,188,];False
4039;9556;13595;[199,72,78,99,155,124,176,193,186,192,10,154,31,61,149,15,118,92,14,19,20,173,8,93,24,25,131,142,150,5,106,130,198,147,34,33,55,66,74,138,86,174,63,6,9,45,29,119,57,18,50,51,77,53,85,36,182,46,38,79,190,32,183,90,52,56,21,67,49,69,80,71,2,109,89,180,158,114,167,81,37,27,82,83,157,54,125,129,88,11,3,91,107,189,58,128,195,97,39,1,84,134,17,100,65,96,117,187,164,98,110,165,112,113,111,26,116,35,95,120,178,47,60,151,160,170,126,127,122,0,101,144,40,139,105,135,23,13,179,73,87,30,137,16,94,133,103,172,148,185,123,121,152,132,153,140,70,68,62,159,162,161,184,75,108,28,166,102,168,169,76,171,177,44,163,175,143,156,145,136,4,181,22,12,43,59,48,104,196,141,7,191,64,42,194,115,41,197,146,188,];False
3985;9609;13594;[72,199,78,99,155,124,176,193,186,192,10,154,144,61,149,15,118,92,14,19,20,173,8,93,24,25,84,142,150,5,106,130,198,147,34,33,138,66,141,126,86,174,63,6,9,45,29,119,57,49,50,51,77,53,85,36,182,46,38,79,4,32,183,90,52,56,21,67,18,69,80,71,2,109,89,180,158,114,167,81,156,27,82,83,157,54,125,129,88,11,3,91,107,189,58,128,195,97,55,1,131,134,17,100,65,96,117,187,164,98,110,165,112,113,111,26,116,35,95,62,178,47,64,151,160,170,7,127,122,0,101,31,40,139,105,135,23,13,179,73,87,30,137,16,94,133,103,172,148,185,123,121,152,132,153,140,70,68,120,159,162,161,184,75,108,28,166,102,168,169,76,171,177,44,163,175,143,37,145,136,190,181,22,12,43,59,48,104,196,74,39,191,60,42,194,115,41,197,146,188,];False
4011;9583;13594;[199,72,78,99,155,124,176,193,186,192,10,154,31,61,149,15,118,92,14,19,20,173,8,93,24,25,131,142,150,5,106,130,198,147,34,33,55,66,74,138,86,174,63,6,9,45,29,119,57,49,50,51,77,53,85,36,182,46,38,79,190,32,183,90,52,56,21,67,18,69,80,71,2,109,89,180,158,114,167,81,37,27,82,83,157,54,125,129,88,11,3,91,107,189,58,128,195,97,39,1,84,134,17,100,65,96,117,187,164,98,110,165,112,113,111,26,116,35,95,120,178,47,60,151,160,42,126,127,122,0,101,144,40,139,105,135,23,13,179,73,87,30,137,16,94,133,103,172,148,185,123,121,152,132,153,140,70,68,62,159,162,161,184,75,108,28,166,102,168,169,76,171,177,44,163,175,143,156,145,136,4,181,22,12,43,59,48,104,196,141,7,191,64,170,194,115,41,197,146,188,];False
3969;9625;13594;[72,199,78,99,155,124,176,193,186,192,10,154,31,61,149,15,118,92,14,19,20,173,8,93,24,25,84,142,150,5,106,130,198,147,34,33,138,66,141,126,86,174,63,6,9,45,29,119,57,49,50,51,77,53,85,36,182,46,38,79,4,32,183,90,52,56,21,67,18,69,80,71,2,109,89,180,158,114,167,81,156,27,82,83,157,54,125,129,88,11,3,91,107,189,58,128,195,97,55,1,47,134,17,100,65,96,117,187,164,98,110,165,112,113,111,26,116,35,95,62,178,131,64,151,160,170,7,127,122,0,101,144,40,139,105,135,23,13,179,73,87,30,137,16,94,133,103,172,148,185,123,121,152,132,153,140,70,68,120,159,162,161,184,75,108,28,166,102,168,169,76,171,177,44,163,175,143,37,145,136,190,181,22,12,43,59,48,104,196,74,39,191,60,42,194,115,41,197,146,188,];False
3976;9617;13593;[72,199,78,99,155,124,176,193,186,192,10,154,31,61,149,15,118,92,14,19,20,173,8,93,24,25,84,142,150,5,106,130,198,147,34,33,138,66,141,126,86,174,63,6,9,45,29,119,57,49,50,51,77,53,85,36,182,46,38,79,4,32,183,90,52,56,21,67,18,69,80,71,2,109,89,180,158,114,167,81,156,27,82,83,157,54,125,129,88,11,3,91,107,189,58,128,195,97,55,1,131,134,17,100,65,96,117,187,164,98,110,165,112,113,111,26,116,35,95,62,178,47,64,151,160,170,7,127,122,0,101,144,40,139,105,135,23,13,179,73,87,30,137,16,94,133,103,172,148,185,123,121,152,132,153,140,70,68,120,159,162,161,75,184,108,28,166,102,168,169,76,171,177,44,163,175,143,37,145,136,190,181,22,12,43,59,48,104,196,74,39,191,60,42,194,115,41,197,146,188,];False
3931;9661;13592;[160,199,78,99,155,124,176,193,186,192,10,154,31,61,149,15,118,92,14,19,20,173,8,171,24,25,32,142,150,5,106,130,198,147,34,45,138,66,141,126,86,174,63,6,9,33,29,119,57,49,50,51,77,53,85,36,182,46,38,79,4,146,188,39,52,56,21,67,18,178,80,71,2,109,89,180,158,114,167,81,156,27,82,83,157,54,125,129,88,11,3,91,107,189,58,128,195,97,55,1,131,134,17,100,65,96,117,187,164,98,110,165,112,113,111,26,116,35,95,62,69,47,64,151,7,170,72,127,122,0,101,144,40,139,105,135,23,13,179,73,87,30,137,16,94,133,103,172,148,185,123,121,132,152,153,140,70,68,120,159,162,161,184,75,108,28,166,102,168,169,76,93,177,44,163,175,143,37,145,136,190,181,22,12,43,59,48,104,196,74,90,191,60,42,194,115,41,197,84,183,];False
3917;9675;13592;[160,199,78,99,155,124,176,193,186,192,10,154,31,61,149,15,69,92,14,19,20,173,8,93,24,25,32,142,150,5,106,130,198,147,34,45,138,66,141,126,86,174,63,6,9,33,29,119,57,49,50,51,77,53,85,36,182,46,38,79,4,146,188,90,52,56,21,67,18,178,80,71,2,109,89,180,158,114,167,81,156,27,82,83,157,54,125,129,88,11,3,91,107,189,58,128,195,97,55,1,131,134,17,100,65,96,117,187,164,98,110,165,112,113,111,26,116,35,95,62,118,47,64,151,7,170,72,127,122,0,101,144,40,139,105,135,23,13,179,73,87,30,137,16,94,133,103,172,148,185,123,121,152,132,153,140,70,68,120,159,162,161,184,75,108,28,166,102,168,169,76,171,177,44,163,175,143,37,145,136,190,181,22,12,43,59,48,104,196,74,39,191,60,42,194,115,41,197,84,183,];False
4071;9521;13592;[199,72,78,99,155,124,176,193,186,192,10,154,31,61,149,15,118,92,14,19,20,173,8,93,24,25,131,142,150,5,106,130,198,147,34,33,55,66,74,111,86,174,63,6,9,45,29,119,57,49,50,51,77,53,85,36,182,46,38,79,190,32,183,90,52,56,21,67,18,69,80,71,2,109,89,180,158,114,167,81,37,27,82,83,68,54,125,129,88,11,3,91,107,189,58,128,195,97,39,1,84,134,17,100,65,96,117,187,164,98,110,165,112,113,138,26,116,35,30,120,178,47,122,151,160,170,126,127,60,0,101,144,40,139,105,135,23,13,179,73,87,95,137,16,94,133,103,172,148,185,123,121,152,132,153,140,70,157,62,159,162,161,184,75,108,28,166,102,168,169,76,171,177,44,163,175,143,156,145,136,4,181,22,12,43,59,48,104,196,141,7,191,64,42,194,115,41,197,146,188,];False
3979;9612;13591;[72,199,78,99,155,124,176,193,186,192,10,154,31,61,149,15,118,92,14,19,20,173,8,93,24,25,131,142,150,5,106,130,198,147,34,33,55,66,74,138,86,174,63,6,9,45,29,119,57,49,50,51,77,53,85,36,182,46,38,79,4,32,183,90,52,56,21,67,18,69,80,71,2,109,89,180,158,114,167,81,37,27,82,83,157,54,125,129,88,11,3,91,107,189,58,128,195,97,126,1,84,134,17,100,65,96,117,187,164,98,110,165,112,113,111,26,116,35,95,120,178,47,60,151,160,170,7,127,122,0,101,144,40,139,105,135,23,13,179,73,87,30,137,16,94,133,103,172,148,185,123,121,152,132,153,140,70,68,62,159,162,161,184,75,108,28,166,102,168,169,145,171,177,44,163,175,143,156,76,136,190,181,22,12,43,59,48,104,196,141,39,191,64,42,194,115,41,197,146,188,];False
3960;9631;13591;[72,199,78,99,155,124,176,193,186,192,10,154,31,61,117,15,118,92,14,19,20,173,8,93,24,25,84,142,150,5,106,130,198,147,34,33,138,66,141,126,86,174,63,6,9,45,29,119,57,49,50,51,77,53,85,36,182,46,38,79,4,32,183,90,52,56,21,67,18,178,80,71,2,109,89,180,158,114,167,81,156,27,82,83,157,54,125,129,88,11,3,91,107,189,58,128,195,97,55,1,131,134,17,100,65,96,149,187,164,98,110,165,112,113,111,26,116,35,95,62,69,47,64,151,7,170,160,127,122,0,101,144,40,139,105,135,23,13,179,73,87,30,137,16,94,133,103,172,148,185,123,121,152,132,153,140,70,68,120,159,162,161,184,75,108,28,166,102,168,169,76,171,177,44,163,175,143,37,145,136,190,181,22,12,43,59,48,104,196,74,39,191,60,42,194,115,41,197,146,188,];False
3988;9602;13590;[72,199,78,99,155,129,176,193,186,192,10,154,31,61,149,15,118,92,14,19,20,173,8,93,24,25,84,142,150,5,106,130,198,147,34,33,138,66,141,126,86,174,63,6,9,45,29,119,57,49,50,51,77,53,85,36,182,46,38,79,4,32,183,90,52,56,21,67,18,69,80,71,2,109,89,180,158,114,167,81,156,27,82,83,157,54,125,124,88,11,3,91,107,189,58,128,195,97,55,1,131,134,17,100,65,96,117,187,164,98,110,165,112,113,111,26,116,35,95,120,178,47,64,151,160,170,7,127,122,0,101,144,40,139,105,135,23,13,179,73,87,30,137,16,94,133,103,172,148,185,123,121,152,132,153,140,70,68,62,159,162,161,184,75,108,28,166,102,168,169,76,171,177,44,163,175,143,37,145,136,190,181,22,12,43,59,48,104,196,74,39,191,60,42,194,115,41,197,146,188,];False
3973;9616;13589;[72,199,78,99,155,124,176,193,186,192,10,154,31,61,149,15,118,92,14,19,20,173,8,93,24,25,84,142,150,5,106,130,198,147,34,33,138,66,141,126,86,174,63,6,9,45,29,119,57,49,50,51,77,53,85,36,182,46,38,79,4,32,183,90,52,56,21,67,18,69,80,71,2,109,89,180,158,114,167,81,156,27,82,83,157,54,125,129,88,11,3,91,107,189,58,128,195,97,55,1,131,134,17,100,65,96,117,187,164,98,110,165,112,113,111,26,116,35,95,62,178,47,64,151,160,170,7,127,122,0,101,144,40,139,105,135,23,13,179,73,87,30,137,16,94,133,103,172,148,185,123,121,152,132,153,140,70,68,120,159,162,161,184,75,108,28,166,102,168,169,76,171,177,44,163,175,143,37,145,136,190,181,22,12,43,41,48,104,196,74,39,191,60,42,194,115,59,197,146,188,];False
3997;9592;13589;[72,199,78,99,155,124,176,193,186,192,10,154,31,61,149,15,118,92,14,19,20,173,8,93,24,25,84,142,150,5,106,130,116,147,34,33,138,66,141,126,86,174,63,6,9,45,29,119,57,49,50,51,77,53,85,36,182,46,38,79,4,32,183,90,52,56,21,67,18,69,80,71,2,109,89,180,158,114,167,81,156,27,82,83,157,54,125,129,88,11,3,91,107,189,58,128,195,97,55,1,131,134,17,100,65,96,117,187,164,98,110,165,112,113,111,26,198,35,95,62,178,47,64,151,160,170,7,127,122,0,101,144,40,139,105,135,23,13,179,73,87,30,137,16,94,133,103,172,148,185,123,121,152,132,153,140,70,68,120,159,162,161,184,75,108,28,166,102,168,169,76,171,177,44,163,175,143,37,145,136,190,181,22,12,43,59,48,104,196,74,39,191,60,42,194,115,41,197,146,188,];False
4090;9499;13589;[199,72,78,99,155,124,176,193,186,192,10,154,31,61,149,15,118,92,14,19,20,173,8,93,24,25,131,142,150,5,106,130,198,147,34,33,55,66,74,190,86,174,63,6,9,45,29,119,57,49,50,51,77,53,85,36,182,46,38,79,111,32,183,90,52,56,21,67,18,69,80,71,2,109,89,180,158,114,167,81,37,27,82,83,157,54,125,129,88,11,3,91,107,189,58,128,195,97,39,1,84,134,17,100,65,96,117,187,164,98,110,165,112,113,138,26,116,35,30,120,178,47,122,151,160,170,126,127,60,0,101,144,40,139,105,135,23,13,179,73,87,95,137,16,94,133,103,172,148,185,123,121,152,132,153,140,70,68,62,159,162,161,184,75,108,28,166,102,168,169,76,171,177,44,163,175,143,156,145,136,4,181,22,12,43,59,48,104,196,141,7,191,64,42,194,115,41,197,146,188,];False
3927;9661;13588;[72,199,78,99,155,124,176,193,186,192,10,154,31,61,149,15,118,92,14,19,20,173,8,93,24,25,84,142,150,5,106,130,198,147,34,33,138,66,141,126,86,174,63,6,9,45,29,119,57,49,50,51,77,53,85,36,182,46,38,79,4,32,183,90,52,56,21,67,18,178,80,71,2,109,89,180,158,114,167,81,156,27,82,83,157,54,125,129,88,11,3,91,107,189,58,128,195,97,55,1,131,134,17,100,65,96,117,187,164,98,110,165,112,113,111,26,116,35,95,62,69,47,64,151,7,170,160,127,122,0,101,144,188,139,105,135,23,13,179,73,87,30,137,16,94,133,103,172,148,185,123,121,152,132,153,140,70,68,120,159,162,161,184,75,108,28,166,102,168,169,76,171,177,44,163,175,143,37,145,136,190,181,22,12,43,59,48,104,196,74,39,191,60,42,194,115,41,197,146,40,];False
3989;9599;13588;[72,199,78,99,155,124,176,193,186,192,10,154,31,61,149,15,118,92,14,19,20,173,8,93,24,25,84,142,150,5,106,130,198,147,34,33,138,66,141,126,86,174,63,6,9,45,29,119,57,49,50,51,77,3,85,36,182,46,38,79,4,32,183,90,52,56,21,67,18,69,80,71,2,109,89,180,158,114,167,81,156,27,82,83,157,54,125,129,88,11,53,91,107,189,58,128,195,97,55,1,131,134,17,100,65,96,117,187,164,98,110,165,112,113,111,26,116,35,95,62,178,47,64,151,160,170,7,127,122,0,101,144,40,139,105,135,23,13,179,73,87,30,137,16,94,133,103,172,148,185,123,121,152,132,153,140,70,68,120,159,162,161,184,75,108,28,166,102,168,169,76,171,177,44,163,175,143,37,145,136,190,181,22,12,43,59,48,104,196,74,39,191,60,42,194,115,41,197,146,188,];False
4031;9557;13588;[72,199,78,99,155,124,176,193,186,192,10,154,31,61,149,15,118,92,14,19,20,173,8,93,24,25,84,142,150,5,106,130,198,147,34,33,55,66,141,126,86,174,63,6,9,45,29,119,57,49,50,51,77,53,85,36,182,46,38,79,4,32,183,90,52,56,21,67,18,69,80,71,2,109,89,180,158,114,167,81,37,27,82,83,157,54,125,129,88,11,3,91,107,189,58,128,195,97,138,1,131,134,17,100,65,96,117,187,164,98,110,165,112,113,111,26,116,35,95,120,178,47,64,151,160,170,7,127,122,0,101,144,40,139,105,135,23,13,179,73,87,30,137,16,94,168,103,172,148,185,123,121,152,132,153,140,70,68,62,159,162,161,184,75,108,28,166,102,133,169,76,171,177,44,163,175,143,156,145,136,190,181,22,12,43,59,48,104,196,74,39,191,60,42,194,115,41,197,146,188,];False
3947;9641;13588;[72,199,78,99,155,124,176,193,186,192,10,154,31,61,149,15,118,92,14,19,20,173,8,93,24,25,84,142,150,5,106,76,198,147,34,33,138,66,141,126,86,174,63,6,9,45,29,119,57,49,50,51,77,53,85,36,182,46,38,79,4,32,183,90,52,56,21,67,18,69,80,71,2,109,89,180,158,114,167,81,156,27,82,83,157,54,125,129,88,11,3,91,107,189,58,128,195,97,55,1,131,134,17,100,65,96,117,187,164,98,110,165,112,113,111,26,116,35,95,62,178,47,64,151,160,170,7,127,122,0,101,144,40,139,105,135,23,13,179,73,87,30,137,16,94,133,103,172,148,185,123,121,152,132,153,140,70,68,120,159,162,161,184,75,108,28,166,102,168,169,130,171,177,44,163,175,143,37,145,136,190,181,22,12,43,59,48,104,196,74,39,191,60,42,194,115,41,197,146,188,];False
4034;9554;13588;[199,72,78,99,155,124,176,193,186,192,10,154,31,61,149,15,118,92,14,19,20,173,8,93,24,25,131,142,150,5,106,130,198,147,34,33,55,66,74,138,86,174,63,6,9,45,29,119,57,49,50,51,77,53,85,36,182,46,38,79,190,32,183,90,52,56,21,67,18,69,80,71,2,109,89,35,158,114,167,81,37,27,82,83,157,54,125,129,88,11,3,91,107,189,58,128,195,97,126,1,84,134,17,100,65,96,117,187,164,98,110,165,112,113,111,26,116,180,95,120,178,47,60,151,160,170,39,127,122,0,101,144,40,139,105,135,23,13,179,73,87,30,137,16,94,133,103,172,148,185,123,121,152,132,153,140,70,68,62,159,162,161,184,75,108,28,166,102,168,169,76,171,177,44,163,175,143,156,145,136,4,181,22,12,43,59,48,104,196,141,7,191,64,42,194,115,41,197,146,188,];False
3991;9597;13588;[72,199,78,99,155,124,176,193,186,192,30,154,31,61,149,15,118,92,14,19,20,173,8,93,24,25,84,142,150,5,106,130,198,147,34,33,138,66,141,126,86,174,63,6,9,45,29,119,57,49,50,51,77,53,85,36,182,46,38,79,4,32,183,90,52,56,21,67,18,69,80,71,2,109,89,180,158,114,167,81,156,27,82,83,157,54,125,129,88,11,3,91,107,189,58,128,195,97,55,1,131,134,17,100,65,96,117,187,164,98,110,165,112,113,111,26,116,35,95,120,178,47,64,151,160,170,7,127,122,0,101,144,40,139,105,135,23,13,179,73,87,10,137,16,94,133,103,172,148,185,123,121,152,132,153,140,70,68,62,159,162,161,184,75,108,28,166,102,168,169,76,171,177,44,163,175,143,37,145,136,190,181,22,12,43,59,48,104,196,74,39,191,60,42,194,115,41,197,146,188,];False
4016;9571;13587;[72,199,78,99,155,124,176,193,186,192,10,154,31,61,149,15,118,92,14,19,20,173,8,93,24,25,84,142,150,5,106,130,198,147,34,33,55,66,141,126,86,174,63,6,9,45,29,119,57,49,50,51,77,53,85,36,182,46,38,79,4,32,183,90,52,56,21,67,18,69,80,71,2,109,89,180,158,114,167,81,37,27,82,83,157,54,125,129,88,11,161,91,107,189,58,128,195,97,138,1,131,134,17,100,65,96,117,187,164,98,110,165,112,113,111,26,116,35,95,120,178,47,64,151,160,170,7,127,122,0,101,144,40,139,105,135,23,13,179,73,87,30,137,16,94,133,103,172,148,185,123,121,152,132,153,140,70,68,62,159,162,3,184,75,108,28,166,102,168,169,76,171,177,44,163,175,143,156,145,136,190,181,22,12,43,59,48,104,196,74,39,191,60,42,194,115,41,197,146,188,];False
3971;9616;13587;[72,199,78,99,155,124,176,193,186,192,10,154,31,61,173,15,118,92,14,19,20,149,8,93,24,25,84,142,150,5,106,130,198,147,34,33,138,66,141,126,86,174,63,6,9,45,29,119,57,49,50,51,77,53,85,36,182,46,38,79,4,32,183,90,52,56,21,67,18,69,80,71,2,109,89,180,158,114,167,81,156,27,82,83,157,54,125,129,88,11,3,91,107,189,58,128,195,97,55,1,131,134,17,100,65,96,117,187,164,98,110,165,112,113,111,26,116,35,95,62,178,47,64,151,160,170,7,127,122,0,101,144,40,139,105,135,23,13,179,73,87,30,137,16,94,133,103,172,148,185,123,121,152,132,153,140,70,68,120,159,162,161,184,75,108,28,166,102,168,169,76,171,177,44,163,175,143,37,145,136,190,181,22,12,43,59,48,104,196,74,39,191,60,42,194,115,41,197,146,188,];False
4069;9517;13586;[199,72,34,99,155,124,176,193,186,192,10,154,31,61,149,15,118,92,14,19,20,173,8,93,24,25,131,142,150,5,106,130,198,147,78,33,55,66,74,111,86,174,63,6,9,45,29,119,57,49,50,51,77,53,85,36,182,46,38,79,190,32,183,90,52,56,21,67,18,69,80,71,2,109,89,180,158,114,167,81,37,27,82,83,157,54,125,129,88,11,3,91,107,189,58,128,195,97,39,1,84,134,17,100,65,96,117,187,164,98,110,165,112,113,138,26,116,35,30,120,178,47,122,151,160,170,126,127,60,0,101,144,40,139,105,135,23,13,179,73,87,95,137,16,94,133,103,172,148,185,123,121,152,132,153,140,70,68,62,159,162,161,184,75,108,28,166,102,168,169,76,171,177,44,163,175,143,156,145,136,4,181,22,12,43,59,48,104,196,141,7,191,64,42,194,115,41,197,146,188,];False
4007;9579;13586;[179,199,78,99,155,124,176,193,186,192,10,154,31,61,149,15,118,92,14,19,20,173,8,93,24,25,84,142,150,5,106,130,198,147,34,33,55,66,141,126,86,174,63,6,9,45,29,119,57,49,50,51,77,53,85,36,182,46,38,79,4,32,183,90,52,56,21,67,18,69,80,71,2,109,89,180,158,114,167,81,37,27,82,83,157,54,125,129,88,11,3,91,107,189,58,128,195,97,138,1,131,134,17,100,65,96,117,187,164,98,110,165,112,113,111,26,116,35,95,120,178,47,64,151,160,170,7,127,122,0,101,144,40,139,105,135,23,13,72,73,87,30,137,16,94,133,103,172,148,185,123,121,152,132,153,140,70,68,62,159,162,161,184,75,108,28,166,102,168,169,76,171,177,44,163,175,143,156,145,136,190,181,22,12,43,59,48,104,196,74,39,191,60,42,194,115,41,197,146,188,];False
4021;9565;13586;[72,199,78,99,155,124,176,193,186,192,10,154,31,61,149,15,118,92,14,19,20,173,8,93,24,25,131,142,150,5,106,130,198,147,34,33,55,66,74,138,86,174,63,6,9,45,29,119,57,49,50,51,77,53,85,36,182,46,38,79,190,32,183,90,52,56,21,67,18,69,80,71,2,109,107,180,158,114,167,81,37,27,82,83,157,54,125,129,88,11,3,91,89,189,58,128,195,97,126,1,84,134,17,100,65,96,117,187,164,98,110,165,112,113,111,26,116,35,95,120,178,47,60,151,160,170,39,127,122,0,101,144,40,139,105,135,23,13,179,73,87,30,137,16,94,133,103,172,148,185,123,121,152,132,153,140,70,68,62,159,162,161,184,75,108,28,166,102,168,169,76,171,177,44,163,175,143,156,145,136,4,181,22,12,43,59,48,104,196,141,7,191,64,42,194,115,41,197,146,188,];False
4020;9565;13585;[199,72,78,99,155,45,176,193,186,192,10,154,31,61,149,15,118,92,14,19,20,173,8,93,24,25,131,142,150,5,106,130,198,147,34,33,55,66,74,138,86,174,63,6,9,124,29,119,57,49,50,51,77,53,85,36,182,46,38,79,190,32,183,90,52,56,21,67,18,69,80,71,2,109,89,180,158,114,167,81,37,27,82,83,157,54,125,129,88,11,3,91,107,189,58,128,195,97,39,1,84,134,17,100,65,96,117,187,164,98,110,165,112,113,111,26,116,35,95,120,178,47,60,151,160,170,126,127,122,0,101,144,40,139,105,135,23,13,179,73,87,30,137,16,94,133,103,172,148,185,123,121,152,132,153,140,70,68,62,159,162,161,184,75,108,28,166,102,168,169,76,171,177,44,163,175,143,156,145,136,4,181,22,12,43,59,48,104,196,141,7,191,64,42,194,115,41,197,146,188,];False
3948;9636;13584;[72,199,78,99,155,124,176,193,186,192,10,154,31,61,149,15,118,92,14,19,20,173,8,93,24,25,84,142,150,5,106,130,198,147,34,33,138,66,141,126,86,174,63,6,9,45,29,119,57,49,50,51,77,53,85,36,182,46,38,79,4,32,183,90,52,56,21,67,18,69,80,71,2,109,89,180,143,114,167,81,156,27,82,83,157,54,125,129,88,11,3,91,107,189,58,128,195,97,55,1,131,134,17,100,65,96,117,187,164,98,110,165,112,113,111,26,116,35,95,62,178,47,64,151,160,170,7,127,122,0,101,144,40,139,105,135,23,13,179,73,87,30,137,16,94,133,103,172,148,185,123,121,152,132,153,140,70,68,120,159,162,161,184,75,108,28,166,102,168,169,76,171,177,44,163,175,158,37,145,136,190,181,22,12,43,59,48,104,196,74,39,191,60,42,194,115,41,197,146,188,];False
3934;9650;13584;[72,199,78,99,155,124,176,193,186,192,10,154,31,61,149,15,118,92,14,19,20,173,8,93,24,25,84,142,150,5,106,130,198,147,34,33,138,66,141,126,86,174,63,6,9,45,29,119,57,49,50,51,77,53,85,36,182,46,38,79,4,32,183,90,52,56,21,67,18,178,80,71,2,109,89,180,158,114,167,81,156,27,82,83,157,54,125,129,151,11,3,91,107,189,58,128,195,97,55,1,131,134,17,100,65,96,117,187,164,98,110,165,112,113,111,26,116,35,95,62,69,47,64,88,7,170,160,127,122,0,101,144,40,139,105,135,23,13,179,73,87,30,137,16,94,133,103,172,148,185,123,121,152,132,153,140,70,68,120,159,162,161,184,75,108,28,166,102,168,169,76,171,177,44,163,175,143,37,145,136,190,181,22,12,43,59,48,104,196,74,39,191,60,42,194,115,41,197,146,188,];False
3940;9644;13584;[72,199,78,99,155,124,176,193,186,192,10,154,31,61,149,15,118,92,14,19,146,173,8,93,24,25,84,142,150,5,106,130,198,147,34,33,138,66,141,126,86,174,63,6,9,45,29,119,57,49,50,51,77,53,85,36,182,46,38,79,4,32,183,90,52,56,21,67,18,69,80,71,2,109,89,180,158,114,167,81,156,27,82,83,157,54,125,129,88,11,3,91,107,189,58,128,195,97,55,1,131,134,17,100,65,96,117,187,164,98,110,165,112,113,111,26,116,35,95,62,178,47,64,151,160,170,7,127,122,0,101,144,40,139,105,135,23,13,179,73,87,30,137,16,94,133,103,172,148,185,123,121,152,132,153,140,70,68,120,159,162,161,184,75,108,28,166,102,168,169,76,171,177,44,163,175,143,37,145,136,190,181,22,12,43,59,48,104,196,74,39,191,60,42,194,115,41,197,20,188,];False
4020;9564;13584;[72,199,78,99,155,124,176,193,186,192,10,154,31,61,149,15,118,92,14,19,20,173,8,93,24,25,131,142,150,5,106,130,198,147,34,33,55,66,74,138,86,174,63,6,9,45,29,119,57,49,50,51,77,53,85,36,182,46,38,79,4,32,183,90,52,56,21,67,18,69,80,71,2,109,89,134,158,114,167,81,37,27,82,83,157,54,125,129,88,11,3,91,107,189,58,128,195,97,126,1,84,180,17,100,65,96,117,187,164,98,110,165,112,113,111,26,116,35,95,120,178,47,60,151,160,170,39,127,122,0,101,144,40,139,105,135,23,13,179,73,87,30,137,16,94,133,103,172,148,185,123,121,152,132,153,140,70,68,62,159,162,161,184,75,108,28,166,102,168,169,76,171,177,44,163,175,143,156,145,136,190,181,22,12,43,59,48,104,196,141,7,191,64,42,194,115,41,197,146,188,];False
4112;9472;13584;[199,72,78,99,155,124,176,193,186,192,10,154,31,61,149,15,118,92,14,19,20,173,8,93,24,25,131,142,150,5,106,130,198,147,34,33,55,66,74,111,86,174,63,6,9,45,158,119,57,49,50,51,77,53,85,36,182,46,38,79,101,32,183,90,52,56,21,67,18,69,80,71,2,109,89,180,29,114,167,81,37,27,82,83,157,54,125,129,88,11,3,91,107,189,58,128,195,97,39,1,84,134,17,100,65,96,117,187,164,98,110,165,112,113,138,26,116,35,30,120,178,47,122,151,160,170,126,127,60,0,190,144,40,139,105,135,23,13,179,73,87,95,137,16,94,133,103,172,148,185,75,121,152,132,153,140,70,68,62,159,162,161,184,123,108,28,166,102,168,169,76,171,177,44,163,175,143,156,145,136,4,181,22,12,43,59,48,104,196,141,7,191,64,42,194,115,41,197,146,188,];True
3963;9621;13584;[72,199,78,99,155,124,176,193,186,192,10,154,31,61,149,15,118,92,14,19,20,173,8,93,24,25,131,142,150,5,106,130,198,147,34,33,55,66,74,138,86,174,63,6,9,45,29,119,57,49,50,51,77,53,85,36,182,46,38,79,4,32,183,90,52,160,21,67,18,69,80,71,2,109,89,180,158,114,167,81,37,27,82,83,157,54,125,129,88,11,3,91,107,189,58,128,195,97,126,1,84,134,17,100,65,96,117,187,164,98,110,165,112,113,111,26,116,35,95,120,178,47,60,151,56,170,39,127,122,0,101,144,40,139,105,135,23,13,179,73,87,30,137,16,94,133,103,172,148,185,123,121,152,132,153,140,70,68,62,159,162,161,184,75,108,28,166,102,168,169,76,171,177,44,163,175,143,156,145,136,190,181,22,12,43,59,48,104,196,141,7,191,64,42,194,115,41,197,146,188,];False
3970;9614;13584;[72,199,78,99,155,124,176,193,186,192,10,154,31,61,30,15,118,92,14,19,20,173,8,93,24,25,84,142,150,5,106,130,198,147,34,33,138,66,141,126,86,174,63,6,9,45,29,119,57,49,50,51,77,53,85,36,182,46,38,79,4,32,183,90,52,56,21,67,18,69,80,71,2,109,89,180,158,114,167,81,156,27,82,83,157,54,125,129,88,11,3,91,107,189,58,128,195,97,55,1,131,134,17,100,65,96,117,187,164,98,110,165,112,113,111,26,116,35,95,62,178,47,64,151,160,170,7,127,122,0,101,144,40,139,105,135,23,13,179,73,87,149,137,16,94,133,103,172,148,185,123,121,152,132,153,140,70,68,120,159,162,161,184,75,108,28,166,102,168,169,76,171,177,44,163,175,143,37,145,136,190,181,22,12,43,59,48,104,196,74,39,191,60,42,194,115,41,197,146,188,];False
4069;9515;13584;[199,72,78,99,155,124,176,193,186,192,10,154,31,61,149,15,118,92,14,19,20,173,8,93,24,25,131,142,150,5,106,130,198,147,34,33,55,66,74,111,86,174,63,6,9,45,158,119,57,49,50,51,77,53,85,36,182,46,38,79,101,32,183,90,52,56,21,67,18,69,80,71,2,109,89,180,29,114,167,81,37,27,82,83,157,54,125,129,88,11,3,91,107,189,58,128,195,97,39,1,84,134,17,100,65,96,117,187,164,98,110,165,112,113,138,26,190,35,30,120,178,47,122,151,160,170,126,127,60,0,116,144,40,139,105,135,23,13,179,73,87,95,137,16,94,133,103,172,148,185,123,121,152,132,153,140,70,68,62,159,162,161,184,75,108,28,166,102,168,169,76,171,177,44,163,175,143,156,145,136,4,181,22,12,43,59,48,104,196,141,7,191,64,42,194,115,41,197,146,188,];False
3956;9628;13584;[72,199,78,99,155,124,176,193,186,192,10,154,31,61,149,15,118,92,14,19,20,173,8,93,24,25,84,142,150,5,106,130,198,147,34,33,138,66,141,126,86,174,37,6,9,45,29,119,57,49,50,51,77,53,85,36,182,46,38,79,4,32,183,90,52,56,21,67,18,69,80,71,2,109,89,180,158,114,167,81,156,27,82,83,157,54,125,129,88,11,3,91,107,189,58,128,195,97,55,1,131,134,17,100,65,96,117,187,164,98,110,165,112,113,111,26,116,35,95,62,178,47,64,151,160,170,7,127,122,0,101,144,40,139,105,135,23,13,179,73,87,30,137,16,94,133,103,172,148,185,123,121,152,132,153,140,70,68,120,159,162,161,184,75,108,28,166,102,168,169,76,171,177,44,163,175,143,63,145,136,190,181,22,12,43,59,48,104,196,74,39,191,60,42,194,115,41,197,146,188,];False
3995;9588;13583;[72,199,78,99,155,124,176,193,186,192,10,154,31,61,130,15,118,92,14,19,20,173,8,93,24,25,84,142,150,5,106,149,198,147,34,33,138,66,141,126,86,174,63,6,9,45,29,119,57,49,50,51,77,53,85,36,182,46,38,79,4,32,183,90,52,56,21,67,18,69,80,71,2,109,89,180,158,114,167,81,156,27,82,83,157,54,125,129,88,11,3,91,107,189,58,128,195,97,55,1,131,134,17,100,65,96,117,187,164,98,110,165,112,113,111,26,116,35,95,62,178,47,64,151,160,170,7,127,122,0,101,144,40,139,105,135,23,13,179,73,87,30,137,16,94,133,103,172,148,185,123,121,152,132,153,140,70,68,120,159,162,161,184,75,108,28,166,102,168,169,76,171,177,44,163,175,143,37,145,136,190,181,22,12,43,59,48,104,196,74,39,191,60,42,194,115,41,197,146,188,];False
3950;9633;13583;[72,199,78,99,155,124,176,193,186,192,10,154,31,61,149,15,118,92,14,19,20,173,8,93,24,25,84,142,150,5,106,130,198,147,34,33,138,66,183,126,86,174,63,6,9,45,29,119,57,49,50,51,77,53,85,36,182,46,38,79,4,32,141,90,52,56,21,67,18,178,80,71,2,109,89,180,158,114,167,81,156,27,82,83,157,54,125,129,88,11,3,91,107,189,58,128,195,97,55,1,131,134,17,100,65,96,117,187,164,98,110,165,112,113,111,26,116,35,95,62,69,47,64,151,7,170,160,127,122,0,101,144,40,139,105,135,23,13,179,73,87,30,137,16,94,133,103,172,148,185,123,121,152,132,153,140,70,68,120,159,162,161,184,75,108,28,166,102,168,169,76,171,177,44,163,175,143,37,145,136,190,181,22,12,43,59,48,104,196,74,39,191,60,42,194,115,41,197,146,188,];False
3999;9584;13583;[72,199,78,99,155,124,176,193,186,192,10,154,31,61,156,15,118,92,14,19,20,173,8,93,24,25,131,142,150,5,106,130,198,147,34,33,55,66,74,138,86,174,63,6,9,45,29,119,57,49,50,51,77,53,85,36,182,46,38,79,190,32,183,90,52,56,21,67,18,69,80,71,2,109,89,180,158,114,167,81,37,27,82,83,157,54,125,129,88,11,3,91,107,189,58,128,195,97,126,1,84,134,17,100,65,96,117,187,164,98,110,165,112,113,111,26,116,35,95,120,178,47,60,151,160,170,39,127,122,0,101,144,40,139,105,135,23,13,179,73,87,30,137,16,94,133,103,172,148,185,123,121,152,132,153,140,70,68,62,159,162,161,184,75,108,28,166,102,168,169,76,171,177,44,163,175,143,149,145,136,4,181,22,12,43,59,48,104,196,141,7,191,64,42,194,115,41,197,146,188,];False
3920;9663;13583;[160,199,78,99,155,124,176,193,186,192,10,154,31,61,149,15,118,92,14,19,20,173,8,93,24,25,32,142,150,5,106,130,198,147,34,45,138,66,141,126,86,174,63,6,9,33,29,119,57,49,50,51,77,64,85,36,182,46,38,79,4,146,188,90,52,56,21,67,18,178,80,71,2,109,89,180,158,114,167,81,156,27,82,83,157,54,125,129,88,11,3,91,107,189,58,128,195,97,55,1,131,134,17,100,65,96,117,187,164,98,110,165,112,113,111,26,116,35,95,62,69,47,53,151,7,170,72,127,122,0,101,144,40,139,105,135,23,13,179,73,87,30,137,16,94,133,103,172,148,185,123,121,152,132,153,140,70,68,120,159,162,161,184,75,108,28,166,102,168,169,76,171,177,44,163,175,143,37,145,136,190,181,22,12,43,59,48,104,196,74,39,191,60,42,194,115,41,197,84,183,];False
4001;9582;13583;[72,199,42,99,155,124,176,193,186,192,10,154,31,61,149,15,118,92,14,19,20,173,8,93,24,25,84,142,150,5,106,130,198,147,34,33,55,66,141,126,86,174,63,6,9,45,29,119,57,49,50,51,77,53,85,36,182,46,38,79,4,32,183,90,52,56,21,67,18,69,80,71,2,109,89,180,158,114,167,81,37,27,82,83,157,54,125,129,88,11,3,91,107,189,58,128,195,97,138,1,131,134,17,100,65,96,117,187,164,98,110,165,112,113,111,26,116,35,95,120,178,47,64,151,160,170,7,127,122,0,101,144,40,139,105,135,23,13,179,73,87,30,137,16,94,133,103,172,148,185,123,121,152,132,153,140,70,68,62,159,162,161,184,75,108,28,166,102,168,169,76,171,177,44,163,175,143,156,145,136,190,181,22,12,43,59,48,104,196,74,39,191,60,78,194,115,41,197,146,188,];False
4020;9563;13583;[199,72,78,99,155,124,176,193,186,192,10,154,31,61,149,15,118,92,14,19,20,173,8,93,24,25,131,142,150,5,106,130,198,147,34,33,55,66,74,111,86,174,63,6,38,45,29,119,57,49,50,51,77,53,85,36,182,46,9,79,190,32,183,90,52,56,21,67,18,69,80,71,2,109,89,180,158,114,167,81,37,27,82,83,157,54,125,129,88,11,3,91,107,189,58,128,195,97,39,1,84,134,17,100,65,96,117,187,164,98,110,165,112,113,138,26,116,35,95,120,178,47,60,151,160,170,126,127,122,0,101,144,40,139,105,135,23,13,179,73,87,30,137,16,94,133,103,172,148,185,123,121,152,132,153,140,70,68,62,159,162,161,184,75,108,28,166,102,168,169,76,171,177,44,163,175,143,156,145,136,4,181,22,12,43,59,48,104,196,141,7,191,64,42,194,115,41,197,146,188,];False
4032;9550;13582;[72,199,78,99,155,124,176,193,186,192,10,154,31,61,149,15,118,92,14,19,20,173,8,93,24,25,131,142,150,5,106,130,198,147,34,33,55,66,74,126,86,174,63,6,9,45,29,119,57,49,50,51,77,53,85,36,182,46,38,79,102,32,183,90,52,56,21,67,18,69,80,71,2,109,89,180,158,114,167,81,37,27,82,83,157,54,125,129,88,11,3,91,107,189,58,128,195,97,138,1,84,134,17,100,65,96,117,187,164,98,110,165,112,113,111,26,116,35,95,120,178,47,64,151,160,170,7,127,122,0,101,144,40,139,105,135,23,13,179,73,87,30,137,16,94,133,103,172,148,185,123,121,152,132,153,140,70,68,62,159,162,161,184,75,108,28,166,4,168,169,76,171,177,44,163,175,143,156,145,136,190,181,22,12,43,59,48,104,196,141,39,191,60,42,194,115,41,197,146,188,];False
3957;9625;13582;[72,199,78,99,155,124,176,193,186,192,10,154,31,61,149,15,118,92,14,19,20,173,8,93,24,25,32,142,150,5,106,130,198,147,34,45,138,66,141,126,86,174,63,6,9,33,29,119,57,49,50,51,77,53,85,36,182,46,38,79,4,146,183,90,52,56,21,67,18,178,80,71,137,109,89,180,158,114,167,81,156,27,82,83,157,54,125,129,88,11,3,91,107,189,58,128,195,97,55,1,131,134,17,100,65,96,117,187,164,98,110,165,112,113,111,26,116,35,95,62,69,47,64,151,7,170,160,127,122,0,101,144,40,139,105,135,23,13,179,73,87,30,2,16,94,133,103,172,148,185,123,121,152,132,153,140,70,68,120,159,162,161,184,75,108,28,166,102,168,169,76,171,177,44,163,175,143,37,145,136,190,181,22,12,43,59,48,104,196,74,39,191,60,42,194,115,41,197,84,188,];False
4002;9579;13581;[199,72,78,99,155,124,176,193,186,192,10,154,31,61,149,15,118,92,14,19,20,173,8,93,24,25,131,142,150,5,106,130,198,147,34,33,55,66,74,138,86,174,182,6,9,45,29,119,57,49,50,51,77,53,85,36,63,46,38,79,190,32,183,90,52,56,21,67,18,69,80,71,2,109,89,180,158,114,167,81,37,27,82,83,157,54,125,129,88,11,3,91,107,189,58,128,195,97,39,1,84,134,17,100,65,96,117,187,164,98,110,165,112,113,111,26,116,35,95,120,178,47,60,151,160,170,126,127,122,0,101,144,40,139,105,135,23,13,179,73,87,30,137,16,94,133,103,172,148,185,123,121,152,132,153,140,70,68,62,159,162,161,184,75,108,28,166,102,168,169,76,171,177,44,163,175,143,156,145,136,4,181,22,12,43,59,48,104,196,141,7,191,64,42,194,115,41,197,146,188,];False
3959;9622;13581;[72,199,78,99,155,124,176,193,186,192,10,154,31,61,149,15,118,92,14,19,20,173,8,93,24,68,84,142,150,5,106,130,198,147,34,33,138,66,141,126,86,174,63,6,9,45,29,119,57,49,50,51,77,53,85,36,182,46,38,79,4,32,183,90,52,56,21,67,18,178,80,71,2,109,89,180,158,114,167,81,156,27,82,83,157,54,125,129,88,11,3,91,107,189,58,128,195,97,55,1,131,134,17,100,65,96,117,187,164,98,110,165,112,113,111,26,116,35,95,62,69,47,64,151,7,170,160,127,122,0,101,144,40,139,105,135,23,13,179,73,87,30,137,16,94,133,103,172,148,185,123,121,152,132,153,140,70,25,120,159,162,161,184,75,108,28,166,102,168,169,76,171,177,44,163,175,143,37,145,136,190,181,22,12,43,59,48,104,196,74,39,191,60,42,194,115,41,197,146,188,];False
4002;9579;13581;[177,199,78,99,155,124,176,193,186,192,10,154,31,61,149,15,118,92,14,19,20,173,8,93,24,25,84,142,150,5,106,130,198,147,34,33,55,66,141,126,86,174,63,6,9,45,29,119,57,49,50,51,77,53,85,36,182,46,38,79,4,32,183,90,52,56,21,67,18,69,80,71,2,109,89,180,158,114,167,81,37,27,82,83,157,54,125,129,88,11,3,91,107,189,58,128,195,97,138,1,131,134,17,100,65,96,117,187,164,98,110,165,112,113,111,26,116,35,95,120,178,47,64,151,160,170,7,127,122,0,101,144,40,139,105,135,23,13,179,73,87,30,137,16,94,133,103,172,148,185,123,121,152,132,153,140,70,68,62,159,162,161,184,75,108,28,166,102,168,169,76,171,72,44,163,175,143,156,145,136,190,181,22,12,43,59,48,104,196,74,39,191,60,42,194,115,41,197,146,188,];False
3893;9688;13581;[160,199,78,99,155,124,176,82,186,192,10,154,31,61,149,15,118,92,14,19,20,173,8,171,24,25,32,142,150,5,106,130,198,147,34,45,138,66,141,126,86,174,63,6,9,33,29,119,57,49,50,51,77,53,85,36,182,46,38,79,4,146,188,90,52,56,21,67,18,178,80,71,2,109,89,180,158,114,167,81,156,27,193,83,157,54,125,129,88,11,3,91,107,189,58,128,195,97,55,1,131,134,17,100,65,96,117,187,164,98,110,165,112,113,111,26,116,35,95,62,69,47,64,151,7,170,72,127,122,0,101,144,40,139,105,135,23,13,179,73,87,30,137,16,94,133,103,172,148,185,123,121,132,152,153,140,70,68,120,159,162,161,184,75,108,28,166,102,168,169,76,93,177,44,163,175,143,37,145,136,190,181,22,12,43,59,48,104,196,74,39,191,60,42,194,115,41,197,84,183,];False
3980;9599;13579;[72,199,78,99,155,124,176,193,186,192,10,154,31,61,149,15,118,92,14,19,107,173,8,93,24,25,84,142,150,5,106,130,198,147,34,33,55,66,141,126,86,174,63,6,9,45,29,119,57,49,50,51,77,53,85,36,182,46,38,79,4,32,183,90,52,56,21,67,18,69,80,71,2,109,89,180,158,114,167,81,37,27,82,83,157,54,125,129,88,11,3,91,20,189,58,128,195,97,138,1,131,134,17,100,65,96,117,187,164,98,110,165,112,113,111,26,116,35,95,120,178,47,64,151,160,170,7,127,122,0,101,144,40,139,105,135,23,13,179,73,87,30,137,16,94,133,103,172,148,185,123,121,152,132,153,140,70,68,62,159,162,161,184,75,108,28,166,102,168,169,76,171,177,44,163,175,143,156,145,136,190,181,22,12,43,59,48,104,196,74,39,191,60,42,194,115,41,197,146,188,];False
3968;9611;13579;[72,199,78,99,155,124,176,193,186,192,10,154,31,61,149,15,118,92,14,19,20,173,8,93,24,25,84,142,150,5,106,130,198,147,34,33,138,66,141,126,86,174,63,6,9,45,29,119,57,49,50,51,77,53,85,36,182,46,38,79,4,32,183,90,52,56,21,67,18,69,80,71,2,109,89,180,158,114,167,81,156,27,82,83,157,54,125,129,88,41,3,91,107,189,58,128,195,97,55,1,131,134,17,100,65,96,117,187,164,98,110,165,112,113,111,26,116,35,95,62,178,47,64,151,160,170,7,127,122,0,101,144,40,139,105,135,23,13,179,73,87,30,137,16,94,133,103,172,148,185,123,121,152,132,153,140,70,68,120,159,162,161,184,75,108,28,166,102,168,169,76,171,177,44,163,175,143,37,145,136,190,181,22,12,43,59,48,104,196,74,39,191,60,42,194,115,11,197,146,188,];False
3954;9625;13579;[72,199,78,99,155,124,176,193,186,192,10,154,31,61,149,15,118,92,14,19,20,173,8,93,24,25,84,142,150,5,106,130,198,147,34,33,138,66,141,126,86,174,63,6,9,45,29,119,57,49,50,51,77,53,85,36,182,46,38,79,4,32,183,90,52,56,21,67,18,69,80,71,2,109,89,180,158,114,167,81,156,27,82,83,157,54,125,129,88,11,3,91,107,189,58,128,195,97,55,1,131,134,17,100,65,96,117,187,164,98,110,165,112,113,111,26,116,179,95,62,178,47,64,151,160,170,7,127,122,0,101,144,40,139,105,135,23,13,35,73,87,30,137,16,94,133,103,172,148,185,123,121,152,132,153,140,70,68,120,159,162,161,184,75,108,28,166,102,168,169,76,171,177,44,163,175,143,37,145,136,190,181,22,12,43,59,48,104,196,74,39,191,60,42,194,115,41,197,146,188,];False
3929;9649;13578;[72,199,78,99,155,124,176,193,186,192,10,154,31,61,149,15,118,92,14,19,20,173,8,93,24,25,84,142,150,5,106,130,198,147,34,95,138,66,141,126,86,174,63,6,9,45,29,119,57,49,50,51,77,53,85,36,182,46,38,79,4,32,183,90,52,56,21,67,18,69,80,71,2,109,89,180,158,114,167,81,156,27,82,83,157,54,125,129,88,11,3,91,107,189,58,128,195,97,55,1,131,134,17,100,65,96,117,187,164,98,110,165,112,113,111,26,116,35,33,62,178,47,64,151,160,170,7,127,122,0,101,144,40,139,105,135,23,13,179,73,87,30,137,16,94,133,103,172,148,185,123,121,152,132,153,140,70,68,120,159,162,161,184,75,108,28,166,102,168,169,76,171,177,44,163,175,143,37,145,136,190,181,22,12,43,59,48,104,196,74,39,191,60,42,194,115,41,197,146,188,];False
4020;9557;13577;[72,199,78,99,155,124,176,193,186,192,10,154,31,61,149,34,118,92,14,19,20,173,8,93,24,25,84,142,150,5,106,130,198,147,15,33,55,66,141,126,86,174,63,6,9,45,29,119,57,49,50,51,77,53,85,36,182,46,38,79,4,32,183,90,52,56,21,67,18,69,80,71,2,109,89,180,158,114,167,81,37,27,82,83,157,54,125,129,88,11,3,91,107,189,58,128,195,97,138,1,131,134,17,100,65,96,117,187,164,98,110,165,112,113,111,26,116,35,95,120,178,47,64,151,160,170,7,127,122,0,101,144,40,139,105,135,23,13,179,73,87,30,137,16,94,133,103,172,148,185,123,121,152,132,153,140,70,68,62,159,162,161,184,75,108,28,166,102,168,169,76,171,177,44,163,175,143,156,145,136,190,181,22,12,43,59,48,104,196,74,39,191,60,42,194,115,41,197,146,188,];False
4049;9528;13577;[199,72,78,99,155,124,176,193,186,192,10,154,31,61,149,15,118,92,14,19,20,173,8,93,77,25,131,142,150,5,106,130,198,147,34,33,55,66,74,111,86,174,63,6,9,45,29,119,57,49,50,51,24,53,85,36,182,46,38,79,190,32,183,90,52,56,21,67,18,69,80,71,2,109,89,180,158,114,167,81,37,27,82,83,157,54,125,129,88,11,3,91,107,189,58,128,195,97,39,1,84,134,17,100,65,96,117,187,164,98,110,165,112,113,138,26,116,35,95,120,178,47,122,151,160,170,126,127,60,0,101,144,40,139,105,135,23,13,179,73,87,30,137,16,94,133,103,172,148,185,123,121,152,132,153,140,70,68,62,159,162,161,184,75,108,28,166,102,168,169,76,171,177,44,163,175,143,156,145,136,4,181,22,12,43,59,48,104,196,141,7,191,64,42,194,115,41,197,146,188,];False
4060;9517;13577;[199,72,78,99,155,124,176,193,186,192,10,154,31,61,149,15,118,92,14,19,20,173,8,93,24,25,179,142,150,5,106,130,198,147,34,33,55,66,74,111,86,174,63,6,9,45,158,119,57,49,50,51,77,53,85,36,182,46,38,79,101,32,183,90,52,56,21,67,18,69,80,71,2,109,89,180,29,114,167,81,37,27,82,83,157,54,125,129,88,11,3,91,107,189,58,128,195,97,39,1,84,134,17,100,65,96,117,187,164,98,110,165,112,113,138,26,116,35,30,120,178,47,122,151,160,170,126,127,60,0,190,144,40,139,105,135,23,13,131,73,87,95,137,16,94,133,103,172,148,185,123,121,152,132,153,140,70,68,62,159,162,161,184,75,108,28,166,102,168,169,76,171,177,44,163,175,143,156,145,136,4,181,22,12,43,59,48,104,196,141,7,191,64,42,194,115,41,197,146,188,];False
4024;9553;13577;[72,199,78,99,155,124,176,193,186,192,10,154,31,61,149,15,118,92,14,19,20,173,8,93,24,25,131,142,150,5,106,130,198,147,34,33,55,66,74,126,86,174,63,6,9,45,29,119,57,49,50,51,77,53,85,36,182,46,38,79,4,32,183,90,52,56,21,67,18,69,80,71,2,109,89,180,158,114,167,81,37,27,82,83,157,54,125,129,88,11,141,91,107,189,58,128,195,97,138,1,84,134,17,100,65,96,117,187,164,98,110,165,112,113,111,26,116,35,95,120,178,47,64,151,160,170,7,127,122,0,101,144,40,139,105,135,23,13,179,73,87,30,137,16,94,133,103,172,148,185,123,121,152,132,153,140,70,68,62,159,162,161,184,75,108,28,166,102,168,169,76,171,177,44,163,175,143,156,145,136,190,181,22,12,43,59,48,104,196,3,39,191,60,42,194,115,41,197,146,188,];False
3937;9640;13577;[160,199,78,99,155,124,176,193,186,71,10,154,31,61,149,15,118,92,14,19,20,173,8,93,24,25,32,142,150,5,106,130,198,147,34,45,138,66,141,126,86,174,63,6,9,33,29,119,57,49,50,51,77,53,85,36,182,46,38,79,4,146,188,90,52,56,21,67,18,178,80,192,2,109,89,180,158,114,167,81,156,27,82,83,157,54,125,129,88,11,3,91,107,189,58,128,195,97,55,1,131,134,17,100,65,96,117,187,164,98,110,165,112,113,111,26,116,35,95,62,69,47,64,151,7,170,72,127,122,0,101,144,40,139,105,135,23,13,179,73,87,30,137,16,94,133,103,172,148,185,123,121,152,132,153,140,70,68,120,159,162,161,184,75,108,28,166,102,168,169,76,171,177,44,163,175,143,37,145,136,190,181,22,12,43,59,48,104,196,74,39,191,60,42,194,115,41,197,84,183,];False
4039;9537;13576;[199,72,78,99,155,124,176,193,186,192,10,154,31,61,149,15,118,92,14,19,20,173,8,93,24,25,131,142,150,5,106,130,198,147,34,33,55,66,74,111,86,174,63,6,9,45,158,119,57,49,50,51,77,53,85,36,182,46,38,79,190,32,183,90,52,56,21,67,18,69,80,71,2,109,89,180,29,114,167,81,37,27,82,83,157,54,125,129,88,11,3,91,107,189,58,128,195,97,39,1,84,134,17,100,65,96,117,187,164,98,110,165,112,113,138,26,116,35,30,120,178,47,122,151,160,170,126,127,60,0,101,144,40,139,105,135,23,13,179,73,153,95,137,16,94,133,103,172,148,185,123,121,152,132,87,140,70,68,62,159,162,161,184,75,108,28,166,102,168,169,76,171,177,44,163,175,143,156,145,136,4,181,22,12,43,59,48,104,196,141,7,191,64,42,194,115,41,197,146,188,];False
3944;9632;13576;[72,199,78,99,155,124,176,193,186,192,10,154,31,61,149,15,118,92,14,19,20,173,8,93,24,25,84,142,150,5,106,130,198,147,34,33,138,66,141,126,86,174,63,6,9,45,29,119,57,49,50,51,77,53,85,36,182,46,38,79,4,32,183,35,52,56,21,67,18,69,80,71,2,109,89,180,158,114,167,81,156,27,82,83,157,54,125,129,88,11,3,91,107,189,58,128,195,97,55,1,131,134,17,100,65,96,117,187,164,98,110,165,112,113,111,26,116,90,95,62,178,47,64,151,160,170,7,127,122,0,101,144,40,139,105,135,23,13,179,73,87,30,137,16,94,133,103,172,148,185,123,121,152,132,153,140,70,68,120,159,162,161,184,75,108,28,166,102,168,169,76,171,177,44,163,175,143,37,145,136,190,181,22,12,43,59,48,104,196,74,39,191,60,42,194,115,41,197,146,188,];False
3967;9609;13576;[72,199,78,99,155,124,176,193,186,192,10,154,31,61,149,15,118,92,14,19,20,173,8,93,24,25,84,142,150,5,106,130,198,147,34,33,138,66,141,126,86,170,63,6,9,45,29,119,57,49,50,51,77,53,85,36,182,46,38,79,4,32,183,90,52,56,21,67,18,69,80,71,2,109,89,180,158,114,167,81,156,27,82,83,157,54,125,129,88,11,3,91,107,189,58,128,195,97,55,1,131,134,17,100,65,96,117,187,164,98,110,165,112,113,111,26,116,35,95,62,178,47,64,151,160,174,7,127,122,0,101,144,40,139,105,135,23,13,179,73,87,30,137,16,94,133,103,172,148,185,123,121,152,132,153,140,70,68,120,159,162,161,184,75,108,28,166,102,168,169,76,171,177,44,163,175,143,37,145,136,190,181,22,12,43,59,48,104,196,74,39,191,60,42,194,115,41,197,146,188,];False
3980;9595;13575;[72,199,78,99,155,124,176,193,186,192,10,154,31,61,149,15,118,92,14,19,20,173,8,93,24,25,84,142,150,5,106,130,198,147,34,33,138,66,141,126,86,174,63,6,9,45,29,119,57,49,50,51,77,53,85,36,182,46,38,79,4,32,183,90,52,56,21,67,18,69,80,71,2,109,89,180,158,114,167,81,156,27,82,83,157,54,125,129,88,11,3,91,107,189,58,128,195,97,55,1,131,134,152,100,65,96,117,187,164,98,110,165,112,113,111,26,116,35,95,62,178,47,64,151,160,170,7,127,122,0,101,144,40,139,105,135,23,13,179,73,87,30,137,16,94,133,103,172,148,185,123,121,17,132,153,140,70,68,120,159,162,161,184,75,108,28,166,102,168,169,76,171,177,44,163,175,143,37,145,136,190,181,22,12,43,59,48,104,196,74,39,191,60,42,194,115,41,197,146,188,];False
3992;9582;13574;[199,72,78,99,155,124,176,193,186,192,10,154,31,61,149,15,118,92,14,19,126,173,8,93,24,25,131,142,150,5,106,130,198,147,34,33,55,66,74,138,86,174,63,6,9,45,29,119,57,49,50,51,77,53,85,36,182,46,38,79,190,32,183,90,52,56,21,67,18,69,80,71,2,109,89,180,158,114,167,81,37,27,82,83,157,54,125,129,88,11,3,91,107,189,58,128,195,97,20,1,84,134,17,100,65,96,117,187,164,98,110,165,112,113,111,26,116,35,95,120,178,47,60,151,160,170,39,127,122,0,101,144,40,139,105,135,23,13,179,73,87,30,137,16,94,133,103,172,148,185,123,121,152,132,153,140,70,68,62,159,162,161,184,75,108,28,166,102,168,169,76,171,177,44,163,175,143,156,145,136,4,181,22,12,43,59,48,104,196,141,7,191,64,42,194,115,41,197,146,188,];False
3947;9627;13574;[72,199,78,99,155,124,176,193,186,192,173,154,31,61,149,15,118,92,14,19,20,10,8,93,24,25,84,142,150,5,106,130,198,147,34,33,138,66,141,126,86,174,63,6,9,45,29,119,57,49,50,51,77,53,85,36,182,46,38,79,4,32,183,90,52,56,21,67,18,69,80,71,2,109,89,180,158,114,167,81,156,27,82,83,157,54,125,129,88,11,3,91,107,189,58,128,195,97,55,1,131,134,17,100,65,96,117,187,164,98,110,165,112,113,111,26,116,35,95,62,178,47,64,151,160,170,7,127,122,0,101,144,40,139,105,135,23,13,179,73,87,30,137,16,94,133,103,172,148,185,123,121,152,132,153,140,70,68,120,159,162,161,184,75,108,28,166,102,168,169,76,171,177,44,163,175,143,37,145,136,190,181,22,12,43,59,48,104,196,74,39,191,60,42,194,115,41,197,146,188,];False
3941;9633;13574;[72,199,78,99,155,124,176,193,186,192,10,154,31,61,149,15,118,92,14,19,20,173,8,93,24,25,84,142,150,5,106,130,198,147,34,33,138,66,141,126,86,174,63,6,9,45,29,119,57,49,50,51,77,53,85,36,182,46,103,79,4,32,183,90,52,56,21,67,18,178,80,71,2,109,89,180,158,114,167,81,156,27,82,83,157,54,125,129,88,11,3,91,107,189,58,128,195,97,55,1,131,134,17,100,65,96,117,187,164,98,110,165,112,113,111,26,116,35,95,62,69,47,64,151,7,170,160,127,122,0,101,144,40,139,105,135,23,13,179,73,87,30,137,16,94,133,38,172,148,185,123,121,152,132,153,140,70,68,120,159,162,161,184,75,108,28,166,102,168,169,76,171,177,44,163,175,143,37,145,136,190,181,22,12,43,59,48,104,196,74,39,191,60,42,194,115,41,197,146,188,];False
4058;9515;13573;[199,72,78,99,155,124,176,193,186,192,10,154,31,61,149,15,118,92,14,19,20,173,8,93,24,25,131,142,150,5,106,130,198,147,34,33,55,66,74,111,86,174,63,6,9,45,158,119,57,49,50,51,77,53,85,36,182,46,38,79,101,32,183,90,52,56,21,67,18,39,80,71,2,109,89,180,29,114,167,81,37,27,82,83,157,54,125,129,88,11,3,91,107,189,58,128,195,97,69,1,84,134,17,100,65,96,117,187,164,98,110,165,112,113,138,26,116,35,30,120,178,47,122,151,160,170,126,127,60,0,190,144,40,139,105,135,23,13,179,73,87,95,137,16,94,133,103,172,148,185,123,121,152,132,153,140,70,68,62,159,162,161,184,75,108,28,166,102,168,169,76,171,177,44,163,175,143,156,145,136,4,181,22,12,43,59,48,104,196,141,7,191,64,42,194,115,41,197,146,188,];False
3997;9576;13573;[127,72,78,99,155,124,176,193,186,192,10,154,31,61,149,15,118,92,14,19,20,173,8,93,24,25,131,142,150,5,106,130,198,147,34,33,55,66,74,138,86,174,63,6,9,45,29,119,57,49,50,51,77,53,85,36,182,46,38,79,190,32,183,90,52,56,21,67,18,69,80,71,2,109,89,180,158,114,167,81,37,27,82,83,157,54,125,129,88,11,3,91,107,189,58,128,195,97,39,1,84,134,17,100,65,96,117,187,164,98,110,165,112,113,111,26,116,35,95,120,178,47,60,151,160,170,126,199,122,0,101,144,40,139,105,135,23,13,179,73,87,30,137,16,94,133,103,172,148,185,123,121,152,132,153,140,70,68,62,159,162,161,184,75,108,28,166,102,168,169,76,171,177,44,163,175,143,156,145,136,4,181,22,12,43,59,48,104,196,141,7,191,64,42,194,115,41,197,146,188,];False
3976;9597;13573;[72,199,78,99,155,124,176,193,186,192,10,154,31,61,149,15,118,92,14,19,20,173,8,93,24,25,84,142,150,5,106,130,198,147,34,33,138,66,141,126,86,174,63,6,9,45,29,119,57,49,50,51,77,53,85,36,182,46,38,79,4,32,183,90,52,56,21,67,18,69,80,71,2,109,89,180,158,114,167,81,156,27,82,83,157,54,125,129,88,11,3,91,107,189,58,128,195,97,55,1,131,134,17,100,65,96,117,187,164,98,7,165,112,113,111,26,116,35,95,62,178,47,64,151,160,170,110,127,122,0,101,144,40,139,105,135,23,13,179,73,87,30,137,16,94,133,103,172,148,185,123,121,152,132,153,140,70,68,120,159,162,161,184,75,108,28,166,102,168,169,76,171,177,44,163,175,143,37,145,136,190,181,22,12,43,59,48,104,196,74,39,191,60,42,194,115,41,197,146,188,];False
4023;9550;13573;[72,199,78,99,155,124,176,193,186,192,10,154,31,61,149,15,118,92,14,19,20,173,8,93,24,25,85,142,150,5,106,130,198,147,34,33,138,66,141,126,86,174,63,6,9,45,29,119,57,49,50,51,77,53,84,36,182,46,38,79,4,32,183,90,52,56,21,67,18,69,80,71,2,109,89,180,158,114,167,81,156,27,82,83,157,54,125,129,88,11,3,91,107,189,58,128,195,97,55,1,131,134,17,100,65,96,117,187,164,98,110,165,112,113,111,26,116,35,95,120,178,47,64,151,160,170,7,127,122,0,101,144,40,139,105,135,23,13,179,73,87,30,137,16,94,133,103,172,148,185,123,121,152,132,153,140,70,68,62,159,162,161,184,75,108,28,166,102,168,169,76,171,177,44,163,175,143,37,145,136,190,181,22,12,43,59,48,104,196,74,39,191,60,42,194,115,41,197,146,188,];False
3866;9706;13572;[160,199,78,99,155,124,176,193,186,192,10,154,31,61,149,15,118,92,14,19,20,173,8,171,24,25,32,142,150,5,106,130,198,147,34,45,138,66,141,126,86,174,63,6,9,33,29,119,57,49,50,51,77,53,85,36,182,46,38,79,4,146,188,90,52,56,21,67,18,178,80,71,2,109,89,180,158,114,167,81,156,27,82,83,157,54,125,129,88,11,3,91,107,189,58,128,195,97,55,1,131,134,17,100,65,96,117,187,164,98,110,165,112,113,111,26,116,35,95,62,143,47,64,151,7,170,72,127,122,0,101,144,40,139,105,135,23,13,179,73,87,30,137,16,94,133,103,172,148,185,123,121,132,152,153,140,70,68,120,159,162,161,184,75,108,28,166,102,168,169,76,93,177,44,163,175,69,37,145,136,190,181,22,12,43,59,48,104,196,74,39,191,60,42,194,115,41,197,84,183,];False
3943;9629;13572;[72,199,78,99,155,124,176,193,186,192,10,154,31,61,149,15,118,92,14,19,20,173,8,93,24,25,84,142,150,5,106,130,198,147,191,33,138,66,141,126,86,174,63,6,9,45,29,119,57,49,50,51,77,53,85,36,182,46,38,79,4,32,183,90,52,56,21,67,18,178,80,71,2,109,89,180,158,114,167,81,156,27,82,83,157,54,125,129,88,11,3,91,107,189,58,128,195,97,55,1,131,134,17,100,65,96,117,187,164,98,110,165,112,113,111,26,116,35,95,62,69,47,64,151,7,170,160,127,122,0,101,144,40,139,105,135,23,13,179,73,87,30,137,16,94,133,103,172,148,185,123,121,152,132,153,140,70,68,120,159,162,161,184,75,108,28,166,102,168,169,76,171,177,44,163,175,143,37,145,136,190,181,22,12,43,59,48,104,196,74,39,34,60,42,194,115,41,197,146,188,];False
3879;9693;13572;[160,199,78,99,155,124,176,193,186,192,10,154,31,61,149,15,118,92,14,19,20,173,8,171,24,25,32,142,150,5,106,130,198,147,34,45,138,66,141,126,86,174,63,6,9,33,29,119,57,49,50,51,77,53,85,36,182,46,38,79,4,146,188,90,52,56,21,67,18,178,80,71,2,109,89,180,158,114,167,81,74,27,82,83,157,54,125,129,88,11,3,91,107,189,58,128,195,97,55,1,131,134,17,100,65,96,117,187,164,98,110,165,112,113,111,26,116,35,95,62,69,47,64,151,7,170,72,127,122,0,101,144,40,139,105,135,23,13,179,73,87,30,137,16,94,133,103,172,148,185,123,121,132,152,153,140,70,68,120,159,162,161,184,75,108,28,166,102,168,169,76,93,177,44,163,175,143,37,145,136,190,181,22,12,43,59,48,104,196,156,39,191,60,42,194,115,41,197,84,183,];False
4046;9526;13572;[72,199,78,99,155,124,176,193,186,192,10,154,31,61,149,15,118,92,14,19,20,173,8,93,187,25,131,142,150,5,106,130,198,147,34,33,55,66,74,126,86,174,63,6,9,45,29,119,57,49,50,51,77,53,85,36,182,46,38,79,4,32,183,90,52,56,21,67,18,69,80,71,2,109,89,180,158,114,167,81,37,27,82,83,157,54,125,129,88,11,3,91,107,189,58,128,195,97,138,1,84,134,17,100,65,96,117,24,164,98,110,165,112,113,111,26,116,35,95,120,178,47,60,151,160,170,7,127,122,0,101,144,40,139,105,135,23,13,179,73,87,30,137,16,94,133,103,172,148,185,123,121,152,132,153,140,70,68,62,159,162,161,184,75,108,28,166,102,168,169,76,171,177,44,163,175,143,156,145,136,190,181,22,12,43,59,48,104,196,141,39,191,64,42,194,115,41,197,146,188,];False
3986;9585;13571;[72,199,78,99,155,124,176,193,186,192,10,154,31,61,149,15,118,92,14,19,20,173,8,93,24,25,84,142,150,5,106,130,198,147,34,33,138,66,141,126,86,174,63,6,9,45,29,119,57,49,50,51,77,53,85,36,182,46,38,79,4,32,183,90,52,56,21,67,18,69,80,71,2,109,89,180,158,114,167,81,156,27,82,83,157,54,125,129,88,22,3,91,107,189,58,128,195,97,55,1,131,134,17,100,65,96,117,187,164,98,110,165,112,113,111,26,116,35,95,120,178,47,64,151,160,170,7,127,122,0,101,144,40,139,105,135,23,13,179,73,87,30,137,16,94,133,103,172,148,185,123,121,152,132,153,140,70,68,62,159,162,161,184,75,108,28,166,102,168,169,76,171,177,44,163,175,143,37,145,136,190,181,11,12,43,59,48,104,196,74,39,191,60,42,194,115,41,197,146,188,];False
4002;9569;13571;[72,199,78,99,155,124,176,193,186,192,10,154,31,61,149,15,118,92,14,19,20,173,8,93,24,25,131,142,150,5,106,130,198,147,34,33,55,66,74,138,86,174,63,6,9,45,29,119,57,49,50,51,77,53,85,36,182,46,38,79,4,32,183,90,52,56,21,67,18,69,80,71,2,109,89,180,158,114,167,81,37,27,82,83,157,54,125,129,88,11,3,91,107,189,58,128,195,97,126,1,84,134,98,100,65,96,117,187,164,17,110,165,112,113,111,26,116,35,95,120,178,47,60,151,160,170,39,127,122,0,101,144,40,139,105,135,23,13,179,73,87,30,137,16,94,133,103,172,148,185,123,121,152,132,153,140,70,68,62,159,162,161,184,75,108,28,166,102,168,169,76,171,177,44,163,175,143,156,145,136,190,181,22,12,43,59,48,104,196,141,7,191,64,42,194,115,41,197,146,188,];False
4030;9541;13571;[72,199,78,99,155,124,176,193,186,192,10,154,31,61,163,15,118,92,14,19,20,173,8,93,24,25,131,142,150,5,106,130,198,147,34,33,55,66,74,126,86,174,63,6,9,45,29,119,57,49,50,51,77,53,85,36,182,46,38,79,4,32,183,90,52,56,21,67,18,69,80,71,2,109,89,180,158,114,167,81,37,27,82,83,157,54,125,129,88,11,3,91,107,189,58,128,195,97,138,1,84,134,17,100,65,96,117,187,164,98,110,165,112,113,111,26,116,35,95,120,178,47,64,151,160,170,7,127,122,0,101,144,40,139,105,135,23,13,179,73,87,30,137,16,94,133,103,172,148,185,123,121,152,132,153,140,70,68,62,159,162,161,184,75,108,28,166,102,168,169,76,171,177,44,149,175,143,156,145,136,190,181,22,12,43,59,48,104,196,141,39,191,60,42,194,115,41,197,146,188,];False
4015;9555;13570;[199,72,78,99,155,124,176,193,186,192,10,154,31,61,149,15,118,92,14,19,20,173,8,93,24,25,131,142,150,5,106,130,198,147,34,33,55,66,74,111,86,174,63,6,9,45,29,119,57,49,50,51,77,53,85,36,182,46,38,79,84,32,183,90,52,56,21,67,18,69,80,71,2,109,89,180,158,114,167,81,37,27,82,83,157,54,125,129,88,11,3,91,107,189,58,128,195,97,39,1,190,134,17,100,65,96,117,187,164,98,110,165,112,113,138,26,116,35,95,120,178,47,122,151,160,170,126,127,60,0,101,144,40,139,105,135,23,13,179,73,87,30,137,16,94,133,103,172,148,185,123,121,152,132,153,140,70,68,62,159,162,161,184,75,108,28,166,102,168,169,76,171,177,44,163,175,143,156,145,136,4,181,22,12,43,59,48,104,196,141,7,191,64,42,194,115,41,197,146,188,];False
3927;9643;13570;[72,199,78,99,155,124,176,193,186,192,10,154,31,61,149,15,118,92,14,19,20,173,8,93,24,25,84,142,150,5,106,130,198,147,34,33,138,66,141,126,86,174,63,6,9,45,29,119,57,49,50,51,77,53,85,36,182,46,38,79,4,32,183,90,52,56,21,67,18,69,80,71,2,109,89,180,158,114,167,81,156,27,82,83,157,54,125,129,88,11,3,91,107,189,58,128,195,97,55,1,131,134,17,100,65,96,117,187,164,197,110,165,112,113,111,26,116,35,95,62,178,47,64,151,160,170,7,127,122,0,101,144,40,139,105,135,23,13,179,73,87,30,137,16,94,133,103,172,148,185,123,121,152,132,153,140,70,68,120,159,162,161,184,75,108,28,166,102,168,169,76,171,177,44,163,175,143,37,145,136,190,181,22,12,43,59,48,104,196,74,39,191,60,42,194,115,41,98,146,188,];False
3985;9584;13569;[72,199,78,99,155,124,176,193,186,192,10,154,31,61,149,15,118,92,14,19,20,173,8,93,24,25,131,142,150,5,106,130,198,147,34,33,55,66,74,138,86,174,63,6,9,45,29,119,57,49,50,51,77,53,85,36,182,46,38,79,190,146,183,90,52,56,21,67,18,69,80,71,2,109,89,180,158,114,167,81,37,27,82,83,157,54,125,129,88,11,3,91,107,189,58,128,195,97,126,1,84,134,17,100,65,96,117,187,164,98,110,165,112,113,111,26,116,35,95,120,178,47,60,151,160,170,39,127,122,0,101,144,40,139,105,135,23,13,179,73,87,30,137,16,94,133,103,172,148,185,123,121,152,132,153,140,70,68,62,159,162,161,184,75,108,28,166,102,168,169,76,171,177,44,163,175,143,156,145,136,4,181,22,12,43,59,48,104,196,141,7,191,64,42,194,115,41,197,32,188,];False
4020;9549;13569;[72,199,78,99,155,124,176,193,186,192,10,154,31,61,149,15,118,92,14,19,20,173,8,93,24,25,131,142,150,5,106,130,198,147,34,33,55,66,74,138,86,174,63,6,9,45,29,119,57,49,50,51,77,53,85,36,182,46,38,79,4,32,183,90,52,56,21,67,18,69,80,71,2,109,89,180,158,114,167,81,37,27,82,83,157,54,125,129,88,11,3,91,107,189,58,128,195,97,126,1,84,134,17,100,65,39,117,187,164,98,110,165,112,113,111,26,116,35,95,120,178,47,60,151,160,170,96,127,122,0,101,144,40,139,105,135,23,13,179,73,87,30,137,16,94,133,103,172,148,185,123,121,152,132,153,140,70,68,62,159,162,161,184,75,108,28,166,102,168,169,76,171,177,44,163,175,143,156,145,136,190,181,22,12,43,59,48,104,196,141,7,191,64,42,194,115,41,197,146,188,];False
4021;9547;13568;[72,199,78,99,155,124,176,193,108,192,10,154,31,61,149,15,118,92,14,19,20,173,8,93,24,25,131,142,150,5,106,130,198,147,34,33,55,66,74,138,86,174,63,6,9,45,29,119,57,49,50,51,77,53,85,36,182,46,38,79,4,32,183,90,52,56,21,67,18,69,80,71,2,109,89,180,158,114,167,81,37,27,82,83,157,54,125,129,88,11,3,91,107,189,58,128,195,97,126,1,84,134,17,100,65,96,117,187,164,98,110,165,112,113,111,26,116,35,95,120,178,47,60,151,160,170,7,127,122,0,101,144,40,139,105,135,23,13,179,73,87,30,137,16,94,133,103,172,148,185,123,121,152,132,153,140,70,68,62,159,162,161,184,75,186,28,166,102,168,169,76,171,177,44,163,175,143,156,145,136,190,181,22,12,43,59,48,104,196,141,39,191,64,42,194,115,41,197,146,188,];False
3962;9605;13567;[72,199,78,99,155,124,176,193,186,192,10,154,31,61,149,15,118,92,14,19,20,173,8,93,24,25,84,142,150,5,106,130,198,147,34,33,138,66,141,126,86,174,63,6,9,45,29,119,57,49,50,51,77,53,85,55,182,46,38,79,4,32,183,90,52,56,21,67,18,69,80,71,2,109,89,180,158,114,167,81,156,27,82,83,157,54,125,129,88,11,3,91,107,189,58,128,195,97,36,1,131,134,17,100,65,96,117,187,164,98,110,165,112,113,111,26,116,35,95,62,178,47,64,151,160,170,7,127,122,0,101,144,40,139,105,135,23,13,179,73,87,30,137,16,94,133,103,172,148,185,123,121,152,132,153,140,70,68,120,159,162,161,184,75,108,28,166,102,168,169,76,171,177,44,163,175,143,37,145,136,190,181,22,12,43,59,48,104,196,74,39,191,60,42,194,115,41,197,146,188,];False
3841;9725;13566;[160,199,78,99,155,124,176,193,186,192,10,154,31,61,149,15,118,92,14,19,20,173,8,171,24,25,32,142,150,5,106,130,198,147,34,45,138,66,141,126,86,174,63,6,9,33,29,119,57,49,50,51,77,53,85,36,182,46,38,79,4,146,188,90,52,190,21,67,18,178,80,71,2,109,89,180,158,114,167,81,156,27,82,83,157,54,125,129,88,11,3,91,107,189,58,128,195,97,55,1,131,134,17,100,65,96,117,187,164,98,110,165,112,113,111,26,116,35,95,62,69,47,64,151,7,170,72,127,122,0,101,144,40,139,105,135,23,13,179,73,87,30,137,16,94,133,103,172,148,185,123,121,132,152,153,140,70,68,120,159,162,161,184,75,108,28,166,102,168,169,76,93,177,44,163,175,143,37,145,136,56,181,22,12,43,59,48,104,196,74,39,191,60,42,194,115,41,197,84,183,];False
4013;9553;13566;[199,72,78,99,155,124,176,193,186,192,10,154,31,61,149,15,118,92,14,19,20,173,8,93,24,25,131,142,150,5,106,130,198,147,34,33,55,66,74,111,86,174,63,6,9,45,29,119,57,49,50,51,77,53,85,36,182,46,38,79,190,32,183,90,52,56,21,67,18,69,80,71,2,109,89,180,158,114,167,81,37,27,82,83,157,54,125,129,88,11,3,91,107,189,58,128,195,97,39,1,84,134,17,100,65,96,117,187,164,98,110,165,112,113,138,26,116,35,95,120,178,47,60,151,160,170,126,143,122,0,101,144,40,139,105,135,23,13,179,73,87,30,137,16,94,133,103,172,148,185,123,121,152,132,153,140,70,68,62,159,162,161,184,75,108,28,166,102,168,169,76,171,177,44,163,175,127,156,145,136,4,181,22,12,43,59,48,104,196,141,7,191,64,42,194,115,41,197,146,188,];False
4016;9549;13565;[199,72,78,99,155,124,176,193,186,192,10,154,31,61,149,15,118,92,14,19,20,173,8,93,24,25,131,142,150,5,106,130,198,147,34,33,55,66,74,111,86,174,63,6,9,45,158,119,57,49,50,51,77,53,85,36,182,46,38,79,190,32,183,90,52,56,21,67,18,69,80,71,2,109,89,180,29,114,167,81,37,27,82,83,157,54,125,129,88,11,3,91,107,189,58,128,195,97,39,1,84,134,17,100,65,96,117,187,164,98,110,165,112,113,138,26,116,35,30,120,178,47,122,151,160,170,126,127,60,0,101,144,40,139,105,135,23,13,179,73,87,95,137,16,94,133,103,172,148,185,123,121,152,132,153,140,70,68,62,159,162,161,184,75,108,28,166,102,168,169,76,171,177,44,163,175,143,156,145,136,4,181,22,12,43,59,48,104,196,141,7,191,64,42,194,115,41,197,146,188,];False
4022;9543;13565;[72,199,78,99,155,124,176,193,186,192,10,154,31,61,149,15,118,92,14,19,20,173,8,93,24,25,131,142,150,5,106,130,198,147,34,33,55,66,74,126,86,174,63,6,9,45,29,119,57,49,50,51,77,53,85,36,182,46,38,79,4,32,183,90,52,56,21,67,18,69,80,71,2,109,89,180,158,114,167,81,37,27,82,83,157,54,125,129,88,11,3,91,107,189,58,128,195,97,138,1,84,134,17,100,65,96,117,187,164,98,110,165,112,113,111,26,116,35,95,120,178,47,64,151,160,170,7,127,122,0,101,144,40,139,105,135,23,13,179,73,87,30,137,16,94,133,103,172,148,185,44,121,152,132,153,140,70,68,62,159,162,161,184,75,108,28,166,102,168,169,76,171,177,123,163,175,143,156,145,136,190,181,22,12,43,59,48,104,196,141,39,191,60,42,194,115,41,197,146,188,];False
3925;9639;13564;[72,199,78,99,155,124,176,193,186,192,10,154,31,61,149,15,118,92,14,19,20,173,8,93,24,25,32,142,150,5,106,130,198,147,34,33,138,66,141,126,86,174,63,6,9,45,29,119,57,49,50,51,77,53,85,36,182,46,38,79,4,146,183,90,52,56,21,67,18,178,80,71,13,109,89,180,158,114,167,81,156,27,82,83,157,54,125,129,88,11,3,91,107,189,58,128,195,97,55,1,131,134,17,100,65,96,117,187,164,98,110,165,112,113,111,26,116,35,95,62,69,47,64,151,7,170,160,127,122,0,101,144,40,139,105,135,23,2,179,73,87,30,137,16,94,133,103,172,148,185,123,121,152,132,153,140,70,68,120,159,162,161,184,75,108,28,166,102,168,169,76,171,177,44,163,175,143,37,145,136,190,181,22,12,43,59,48,104,196,74,39,191,60,42,194,115,41,197,84,188,];False
3939;9625;13564;[72,199,78,99,155,124,176,193,186,192,10,154,31,61,149,15,118,92,14,19,20,173,8,93,24,190,84,142,150,5,106,130,198,147,34,33,138,66,141,126,86,174,63,6,9,45,29,119,57,49,50,51,77,53,85,36,182,46,38,79,4,32,183,90,52,56,21,67,18,178,80,71,2,109,89,180,158,114,167,81,156,27,82,83,157,54,125,129,88,11,3,91,107,189,58,128,195,97,55,1,131,134,17,100,65,96,117,187,164,98,110,165,112,113,111,26,116,35,95,62,69,47,64,151,7,170,160,127,122,0,101,144,40,139,105,135,23,13,179,73,87,30,137,16,94,133,103,172,148,185,123,121,152,132,153,140,70,68,120,159,162,161,184,75,108,28,166,102,168,169,76,171,177,44,163,175,143,37,145,136,25,181,22,12,43,59,48,104,196,74,39,191,60,42,194,115,41,197,146,188,];False
4048;9516;13564;[199,72,78,99,155,124,176,193,186,192,10,154,31,61,149,15,118,92,14,19,20,173,8,93,24,25,131,142,150,5,106,130,198,147,34,33,55,66,74,111,42,174,63,6,9,45,29,119,57,49,50,51,77,53,85,36,182,46,38,79,190,32,183,90,52,56,21,67,18,69,80,71,2,109,89,180,158,114,167,81,37,27,82,83,157,54,125,129,88,11,3,91,107,189,58,128,195,97,39,1,84,134,17,100,65,96,117,187,164,98,110,165,112,113,138,26,116,35,30,120,178,47,122,151,160,170,126,127,60,0,101,144,40,139,105,135,23,13,179,73,87,95,137,16,94,133,103,172,148,185,123,121,152,132,153,140,70,68,62,159,162,161,184,75,108,28,166,102,168,169,76,171,177,44,163,175,143,156,145,136,4,181,22,12,43,59,48,104,196,141,7,191,64,86,194,115,41,197,146,188,];False
3856;9707;13563;[160,199,78,99,155,124,176,193,186,192,10,154,31,61,149,15,118,92,14,19,20,173,8,171,24,25,32,142,150,5,106,130,198,147,34,45,138,66,141,126,86,174,63,6,9,33,29,119,57,49,50,51,77,53,85,36,182,46,38,79,4,146,188,90,52,56,21,67,18,178,80,71,2,109,89,180,158,114,194,81,156,27,82,83,157,54,125,129,88,11,3,91,107,189,58,128,195,97,55,1,131,134,17,100,65,96,117,187,164,98,110,165,112,113,111,26,116,35,95,62,69,47,64,151,7,170,72,127,122,0,101,144,40,139,105,135,23,13,179,73,87,30,137,16,94,133,103,172,148,185,123,121,132,152,153,140,70,68,120,159,162,161,184,75,108,28,166,102,168,169,76,93,177,44,163,175,143,37,145,136,190,181,22,12,43,59,48,104,196,74,39,191,60,42,167,115,41,197,84,183,];False
3926;9637;13563;[72,199,78,99,155,124,176,193,186,192,10,154,31,61,149,15,118,92,14,181,20,173,8,93,24,25,84,142,150,5,106,130,198,147,34,33,138,66,141,126,86,174,63,6,9,45,29,119,57,49,50,51,77,53,85,36,182,46,38,79,4,32,183,90,52,56,21,67,18,69,80,71,2,109,89,180,158,114,167,81,156,27,82,83,157,54,125,129,88,11,3,91,107,189,58,128,195,97,55,1,131,134,17,100,65,96,117,187,164,98,110,165,112,113,111,26,116,35,95,62,178,47,64,151,160,170,7,127,122,0,101,144,40,139,105,135,23,13,179,73,87,30,137,16,94,133,103,172,148,185,123,121,152,132,153,140,70,68,120,159,162,161,184,75,108,28,166,102,168,169,76,171,177,44,163,175,143,37,145,136,190,19,22,12,43,59,48,104,196,74,39,191,60,42,194,115,41,197,146,188,];False
3950;9612;13562;[72,199,78,99,155,124,176,193,186,192,10,154,31,61,149,15,118,92,14,19,20,173,8,93,24,25,84,142,150,39,106,130,198,147,34,33,138,66,141,126,86,174,63,6,9,45,29,119,57,49,50,51,77,53,85,36,182,46,38,79,4,32,183,90,52,56,21,67,18,178,80,71,2,109,89,180,158,114,167,81,156,27,82,83,157,54,125,129,88,11,3,91,107,189,58,128,195,97,55,1,131,134,17,100,65,96,117,187,164,98,110,165,112,113,111,26,116,35,95,62,69,47,64,151,7,170,160,127,122,0,101,144,40,139,105,135,23,13,179,73,87,30,137,16,94,133,103,172,148,185,123,121,152,132,153,140,70,68,120,159,162,161,184,75,108,28,166,102,168,169,76,171,177,44,163,175,143,37,145,136,190,181,22,12,43,59,48,104,196,74,5,191,60,42,194,115,41,197,146,188,];False
3911;9651;13562;[72,199,78,99,155,124,176,193,186,192,10,154,31,61,149,15,118,92,14,19,20,173,8,93,24,25,84,142,150,5,106,130,198,147,34,33,138,66,141,126,86,174,63,6,9,45,29,119,57,49,50,51,77,53,85,36,182,46,38,79,4,32,183,3,52,56,21,67,18,178,80,71,2,109,89,180,158,114,167,81,156,27,82,83,157,54,125,129,88,11,90,91,107,189,58,128,195,97,55,1,131,134,17,100,65,96,117,187,164,98,110,165,112,113,111,26,116,35,95,62,69,47,64,151,7,170,160,127,122,0,101,144,40,139,105,135,23,13,179,73,87,30,137,16,94,133,103,172,148,185,123,121,152,132,153,140,70,68,120,159,162,161,184,75,108,28,166,102,168,169,76,171,177,44,163,175,143,37,145,136,190,181,22,12,43,59,48,104,196,74,39,191,60,42,194,115,41,197,146,188,];False
3918;9644;13562;[72,199,78,99,155,124,176,193,186,192,10,154,31,61,149,15,118,92,14,19,20,173,8,93,24,25,84,142,150,5,106,130,198,147,34,33,138,66,141,126,86,174,63,6,9,45,29,119,57,49,50,51,77,53,85,36,182,46,38,79,4,32,183,90,52,56,21,67,18,178,80,71,2,109,89,180,158,114,167,81,156,27,82,83,157,54,125,129,88,11,3,91,107,189,58,128,195,97,55,1,131,134,17,100,65,96,117,187,164,98,161,165,112,113,111,26,116,35,95,62,69,47,64,151,7,170,160,127,122,0,101,144,40,139,105,135,23,13,179,73,87,30,137,16,94,133,103,172,148,185,123,121,152,132,153,140,70,68,120,159,162,110,184,75,108,28,166,102,168,169,76,171,177,44,163,175,143,37,145,136,190,181,22,12,43,59,48,104,196,74,39,191,60,42,194,115,41,197,146,188,];False
3976;9586;13562;[72,199,78,99,155,124,176,193,186,192,10,154,31,61,149,15,118,92,14,19,20,173,8,93,24,25,84,142,150,5,106,130,198,147,34,33,55,66,141,126,86,174,63,6,9,45,29,119,57,49,50,51,77,53,85,36,182,46,38,79,4,32,183,90,52,56,21,67,18,69,80,71,2,109,89,180,158,114,167,81,37,27,82,83,157,54,125,129,88,11,3,91,107,189,58,128,195,97,138,1,131,134,17,100,65,96,117,187,164,98,110,165,112,113,111,26,116,35,95,120,178,47,64,151,160,170,7,127,122,0,101,144,40,139,105,135,23,13,70,73,87,30,137,16,94,133,103,172,148,185,123,121,152,132,153,140,179,68,62,159,162,161,184,75,108,28,166,102,168,169,76,171,177,44,163,175,143,156,145,136,190,181,22,12,43,59,48,104,196,74,39,191,60,42,194,115,41,197,146,188,];False
3881;9680;13561;[160,199,78,99,155,124,176,144,186,192,10,154,31,61,149,15,118,92,14,19,20,173,8,171,24,25,32,142,150,5,106,130,198,147,34,45,138,66,141,126,86,174,63,6,9,33,29,119,57,49,50,51,77,53,85,36,182,46,38,79,4,146,188,90,52,56,21,67,18,178,80,71,2,109,89,180,158,114,167,81,156,27,82,83,157,54,125,129,88,11,3,91,107,189,58,128,195,97,55,1,131,134,17,100,65,96,117,187,164,98,110,165,112,113,111,26,116,35,95,62,69,47,64,151,7,170,72,127,122,0,101,193,40,139,105,135,23,13,179,73,87,30,137,16,94,133,103,172,148,185,123,121,132,152,153,140,70,68,120,159,162,161,184,75,108,28,166,102,168,169,76,93,177,44,163,175,143,37,145,136,190,181,22,12,43,59,48,104,196,74,39,191,60,42,194,115,41,197,84,183,];False
3937;9624;13561;[199,72,78,99,155,124,176,193,186,192,10,154,64,61,149,15,118,92,14,19,20,173,8,93,24,25,131,142,150,5,106,130,198,147,34,33,55,66,74,138,86,174,63,6,9,45,29,119,57,49,50,51,77,53,85,36,182,46,38,79,190,32,183,90,52,56,21,67,18,69,80,71,2,109,89,180,158,114,167,81,37,27,82,83,157,54,125,129,88,11,3,91,107,189,58,128,195,97,126,1,84,134,17,100,65,96,117,187,164,98,110,165,112,113,111,26,116,35,95,120,178,47,60,151,160,170,39,127,122,0,101,144,40,139,105,135,23,13,179,73,87,30,137,16,94,133,103,172,148,185,123,121,152,132,153,140,70,68,62,159,162,161,184,75,108,28,166,102,168,169,76,171,177,44,163,175,143,156,145,136,4,181,22,12,43,59,48,104,196,141,7,191,31,42,194,115,41,197,146,188,];False
3954;9606;13560;[72,199,78,99,155,124,176,193,186,192,10,154,31,61,149,15,118,92,14,19,20,173,8,93,24,25,84,142,150,5,106,130,198,147,34,33,138,66,141,126,104,174,63,6,9,45,29,119,57,49,50,51,77,53,85,36,182,46,38,79,4,32,183,90,52,56,21,67,18,69,80,71,2,109,89,180,158,114,167,81,156,27,82,83,157,54,125,129,88,11,3,91,107,189,58,128,195,97,55,1,131,134,17,100,65,96,117,187,164,98,110,165,112,113,111,26,116,35,95,62,178,47,64,151,160,170,7,127,122,0,101,144,40,139,105,135,23,13,179,73,87,30,137,16,94,133,103,172,148,185,123,121,152,132,153,140,70,68,120,159,162,161,184,75,108,28,166,102,168,169,76,171,177,44,163,175,143,37,145,136,190,181,22,12,43,59,48,86,196,74,39,191,60,42,194,115,41,197,146,188,];False
4050;9510;13560;[199,72,78,99,155,124,176,193,186,192,10,154,31,61,149,15,118,92,14,19,20,173,8,93,24,25,131,142,150,5,106,130,198,147,34,33,55,66,74,111,86,174,63,6,9,45,29,119,57,49,50,51,77,53,85,36,182,46,38,79,190,32,183,90,52,56,21,67,18,69,80,71,2,109,89,180,158,114,167,81,37,27,82,83,157,54,125,129,88,11,3,91,107,189,58,128,195,97,39,1,84,134,17,100,65,96,117,187,164,98,110,165,112,113,138,26,116,35,30,120,178,47,122,151,160,103,126,127,60,0,101,144,40,139,105,135,23,13,179,73,87,95,137,16,94,133,170,172,148,185,123,121,152,132,153,140,70,68,62,159,162,161,184,75,108,28,166,102,168,169,76,171,177,44,163,175,143,156,145,136,4,181,22,12,43,59,48,104,196,141,7,191,64,42,194,115,41,197,146,188,];False
3944;9616;13560;[72,199,78,99,155,124,176,193,186,192,10,154,31,61,149,15,118,92,14,19,20,173,8,93,24,25,84,142,150,5,106,130,198,147,34,33,138,66,141,126,86,174,63,6,9,45,29,119,57,49,50,51,77,53,85,36,182,46,38,79,4,32,183,90,52,56,21,67,18,178,80,71,2,109,89,180,158,114,167,81,156,27,82,83,157,54,125,129,88,189,3,91,107,11,58,128,195,97,55,1,131,134,17,100,65,96,117,187,164,98,110,165,112,113,111,26,116,35,95,62,69,47,64,151,7,170,160,127,122,0,101,144,40,139,105,135,23,13,179,73,87,30,137,16,94,133,103,172,148,185,123,121,152,132,153,140,70,68,120,159,162,161,184,75,108,28,166,102,168,169,76,171,177,44,163,175,143,37,145,136,190,181,22,12,43,59,48,104,196,74,39,191,60,42,194,115,41,197,146,188,];False
3979;9580;13559;[199,72,78,99,155,124,176,193,186,192,10,154,31,61,149,15,118,92,14,19,20,173,8,93,24,25,131,142,150,5,106,130,198,147,34,33,55,66,74,138,86,174,63,6,9,45,29,119,57,49,50,51,77,53,85,36,182,46,38,79,190,32,183,90,52,56,21,67,18,69,80,71,2,109,89,180,158,114,167,81,37,27,82,83,157,54,125,129,88,11,3,91,107,189,58,128,195,97,126,1,84,170,17,100,65,96,117,187,164,98,110,165,112,113,111,26,116,35,95,120,178,47,60,151,160,134,39,127,122,0,101,144,40,139,105,135,23,13,179,73,87,30,137,16,94,133,103,172,148,185,123,121,152,132,153,140,70,68,62,159,162,161,184,75,108,28,166,102,168,169,76,171,177,44,163,175,143,156,145,136,4,181,22,12,43,59,48,104,196,141,7,191,64,42,194,115,41,197,146,188,];False
3932;9627;13559;[72,199,78,99,155,124,176,193,186,192,10,154,31,61,149,15,118,92,14,19,20,173,8,93,24,25,84,142,150,5,106,130,198,147,34,33,138,66,141,126,86,174,63,6,9,45,29,119,57,49,50,51,77,53,85,36,182,46,38,79,4,32,183,90,52,56,21,67,18,69,80,71,2,109,89,180,158,114,167,81,156,27,82,83,157,54,125,129,88,11,3,91,107,189,58,128,195,97,55,1,131,134,17,100,65,96,117,187,164,98,110,165,112,113,111,26,116,35,95,120,178,47,64,151,160,170,7,127,122,0,101,144,40,139,105,135,23,13,179,73,87,30,137,16,94,133,103,172,70,185,123,121,152,132,153,140,148,68,62,159,162,161,184,75,108,28,166,102,168,169,76,171,177,44,163,175,143,37,145,136,190,181,22,12,43,59,48,104,196,74,39,191,60,42,194,115,41,197,146,188,];False
3901;9657;13558;[160,199,78,99,155,124,176,193,186,192,10,79,31,61,149,15,118,92,14,19,20,173,8,93,24,25,32,142,150,5,106,130,198,147,34,45,138,66,141,126,86,174,63,6,9,33,29,119,57,49,50,51,77,53,85,36,182,46,38,154,4,146,188,90,52,56,21,67,18,178,80,71,2,109,89,180,158,114,167,81,156,27,82,83,157,54,125,129,88,11,3,91,107,189,58,128,195,97,55,1,131,134,17,100,65,96,117,187,164,98,110,165,112,113,111,26,116,35,95,62,69,47,64,151,7,170,72,127,122,0,101,144,40,139,105,135,23,13,179,73,87,30,137,16,94,133,103,172,148,185,123,121,152,132,153,140,70,68,120,159,162,161,184,75,108,28,166,102,168,169,76,171,177,44,163,175,143,37,145,136,190,181,22,12,43,59,48,104,196,74,39,191,60,42,194,115,41,197,84,183,];False
3924;9634;13558;[72,199,78,99,155,124,176,193,186,192,10,154,31,61,149,15,118,92,14,19,20,173,8,93,24,25,84,142,35,5,106,130,198,147,34,33,138,66,141,126,86,174,63,6,9,45,29,119,57,49,50,51,77,53,85,36,182,46,38,79,4,32,183,90,52,56,21,67,18,69,80,71,2,109,89,180,158,114,167,81,156,27,82,83,157,54,125,129,88,11,3,91,107,189,58,128,195,97,55,1,131,134,17,100,65,96,117,187,164,98,110,165,112,113,111,26,116,150,95,62,178,47,64,151,160,170,7,127,122,0,101,144,40,139,105,135,23,13,179,73,87,30,137,16,94,133,103,172,148,185,123,121,152,132,153,140,70,68,120,159,162,161,184,75,108,28,166,102,168,169,76,171,177,44,163,175,143,37,145,136,190,181,22,12,43,59,48,104,196,74,39,191,60,42,194,115,41,197,146,188,];False
4031;9527;13558;[199,72,78,99,155,124,176,193,186,192,10,154,31,61,149,15,118,92,14,19,20,173,8,93,24,25,131,142,150,5,106,130,198,147,34,33,55,66,74,111,86,174,63,6,9,45,158,119,57,49,50,51,77,53,85,36,182,46,38,79,101,32,183,90,52,56,21,67,18,69,80,71,2,109,89,180,29,114,167,81,37,27,82,83,157,54,125,129,88,11,3,91,107,189,58,128,195,97,39,1,84,134,17,100,65,96,117,187,164,98,110,165,112,113,138,26,116,35,30,120,178,47,122,151,160,170,126,127,60,0,190,144,40,139,105,135,23,13,179,73,87,95,137,16,94,133,103,172,148,185,123,121,152,132,153,140,70,68,62,159,162,161,184,75,108,28,166,102,168,169,76,171,177,44,163,175,143,156,145,136,4,181,22,12,43,59,48,104,196,141,7,191,64,42,194,115,41,197,146,188,];False
4021;9536;13557;[72,199,78,99,155,124,176,193,186,192,10,154,31,61,149,15,118,92,14,19,20,173,8,93,24,25,131,142,150,5,106,130,198,147,34,33,55,66,74,138,86,174,63,6,9,45,29,119,57,49,50,89,77,53,85,36,182,46,38,79,4,32,183,90,52,56,21,67,18,69,80,71,2,109,51,180,158,114,167,81,37,27,82,83,157,54,125,129,88,11,3,91,107,189,58,128,195,97,126,1,84,134,17,100,65,96,117,187,164,98,110,165,112,113,111,26,116,35,95,120,178,47,60,151,160,170,39,127,122,0,101,144,40,139,105,135,23,13,179,73,87,30,137,16,94,133,103,172,148,185,123,121,152,132,153,140,70,68,62,159,162,161,184,75,108,28,166,102,168,169,76,171,177,44,163,175,143,156,145,136,190,181,22,12,43,59,48,104,196,141,7,191,64,42,194,115,41,197,146,188,];False
3917;9639;13556;[72,199,78,99,155,124,176,193,186,192,144,154,31,61,149,15,118,92,14,19,20,173,8,93,24,25,84,142,150,5,106,130,198,147,34,33,138,66,141,126,86,174,63,6,9,45,29,119,57,49,50,51,77,53,85,36,182,46,38,79,4,32,183,90,52,56,21,67,18,178,80,71,2,109,89,180,158,114,167,81,156,27,82,83,157,54,125,129,88,11,3,91,107,189,58,128,195,97,55,1,131,134,17,100,65,96,117,187,164,98,110,165,112,113,111,26,116,35,95,62,69,47,64,151,7,170,160,127,122,0,101,10,40,139,105,135,23,13,179,73,87,30,137,16,94,133,103,172,148,185,123,121,152,132,153,140,70,68,120,159,162,161,184,75,108,28,166,102,168,169,76,171,177,44,163,175,143,37,145,136,190,181,22,12,43,59,48,104,196,74,39,191,60,42,194,115,41,197,146,188,];False
3962;9594;13556;[72,199,78,99,155,124,176,193,186,192,10,154,31,61,149,15,118,92,14,19,20,173,8,93,24,25,84,142,150,5,106,130,198,147,34,33,138,66,141,126,86,174,63,6,9,45,29,109,57,49,50,51,77,53,85,36,182,46,38,79,4,32,183,90,52,56,21,67,18,69,80,71,2,119,89,180,158,114,167,81,156,27,82,83,157,54,125,129,88,11,3,91,107,189,58,128,195,97,55,1,131,134,17,100,65,96,117,187,164,98,110,165,112,113,111,26,116,35,95,62,178,47,64,151,160,170,7,127,122,0,101,144,40,139,105,135,23,13,179,73,87,30,137,16,94,133,103,172,148,185,123,121,152,132,153,140,70,68,120,159,162,161,184,75,108,28,166,102,168,169,76,171,177,44,163,175,143,37,145,136,190,181,22,12,43,59,48,104,196,74,39,191,60,42,194,115,41,197,146,188,];False
4001;9555;13556;[199,72,129,99,155,124,176,193,186,192,10,154,31,61,149,15,118,92,14,19,20,173,8,93,24,25,131,142,150,5,106,130,198,147,34,33,55,66,74,138,86,174,63,6,9,45,29,119,57,49,50,51,77,53,85,36,182,46,38,79,190,32,183,90,52,56,21,67,18,69,80,71,2,109,89,180,158,114,167,81,37,27,82,83,157,54,125,78,88,11,3,91,107,189,58,128,195,97,39,1,84,134,17,100,65,96,117,187,164,98,110,165,112,113,111,26,116,35,95,120,178,47,60,151,160,170,126,127,122,0,101,144,40,139,105,135,23,13,179,73,87,30,137,16,94,133,103,172,148,185,123,121,152,132,153,140,70,68,62,159,162,161,184,75,108,28,166,102,168,169,76,171,177,44,163,175,143,156,145,136,4,181,22,12,43,59,48,104,196,141,7,191,64,42,194,115,41,197,146,188,];False
4037;9519;13556;[72,199,157,99,155,124,176,193,186,192,10,154,31,61,149,15,118,92,14,19,20,173,8,93,24,25,84,142,150,5,106,130,198,147,34,33,55,66,141,126,86,174,63,6,9,45,29,119,57,49,50,51,77,53,85,36,182,46,38,79,4,32,183,90,52,56,21,67,18,69,80,71,2,109,89,180,158,114,167,81,37,27,82,83,78,54,125,129,88,11,3,91,107,189,58,128,195,97,138,1,131,134,17,100,65,96,117,187,164,98,110,165,112,113,111,26,116,35,95,120,178,47,64,151,160,170,7,127,122,0,101,144,40,139,105,135,23,13,179,73,87,30,137,16,94,133,103,172,148,185,123,121,152,132,153,140,70,68,62,159,162,161,184,75,108,28,166,102,168,169,76,171,177,44,163,175,143,156,145,136,190,181,22,12,43,59,48,104,196,74,39,191,60,42,194,115,41,197,146,188,];False
3982;9574;13556;[72,199,78,99,155,124,176,193,186,192,10,154,31,61,149,15,118,92,14,19,20,173,8,93,24,25,84,142,150,5,106,130,198,147,34,33,138,66,141,126,86,174,63,6,9,45,187,119,57,49,50,51,77,53,85,36,182,46,38,79,4,32,183,90,52,56,21,67,18,69,80,71,2,109,89,180,158,114,167,81,156,27,82,83,157,54,125,129,88,11,3,91,107,189,58,128,195,97,55,1,131,134,17,100,65,96,117,29,164,98,110,165,112,113,111,26,116,35,95,62,178,47,64,151,160,170,7,127,122,0,101,144,40,139,105,135,23,13,179,73,87,30,137,16,94,133,103,172,148,185,123,121,152,132,153,140,70,68,120,159,162,161,184,75,108,28,166,102,168,169,76,171,177,44,163,175,143,37,145,136,190,181,22,12,43,59,48,104,196,74,39,191,60,42,194,115,41,197,146,188,];False
4009;9546;13555;[72,199,78,99,155,124,176,193,186,192,10,154,31,61,149,15,118,92,14,19,20,173,8,93,24,25,131,142,150,5,106,130,198,147,34,33,55,103,74,126,86,174,63,6,9,45,29,119,57,49,50,51,77,53,85,36,182,46,38,79,4,32,183,90,52,56,21,67,18,69,80,71,2,109,89,180,158,114,167,81,37,27,82,83,157,54,125,129,88,11,3,91,107,189,58,128,195,97,138,1,84,134,17,100,65,96,117,187,164,98,110,165,112,113,111,26,116,35,95,120,178,47,64,151,160,170,7,127,122,0,101,144,40,139,105,135,23,13,179,73,87,30,137,16,94,133,66,172,148,185,123,121,152,132,153,140,70,68,62,159,162,161,184,75,108,28,166,102,168,169,76,171,177,44,163,175,143,156,145,136,190,181,22,12,43,59,48,104,196,141,39,191,60,42,194,115,41,197,146,188,];False
3956;9599;13555;[72,199,78,99,155,124,176,193,186,192,10,154,31,61,149,15,118,92,14,19,20,173,8,93,24,25,84,142,150,5,106,130,198,147,34,33,138,66,141,126,86,174,63,6,9,45,29,119,57,49,50,51,77,53,85,36,182,46,38,79,4,32,183,90,52,56,21,67,18,69,80,71,2,109,89,180,158,114,167,81,156,27,82,83,157,54,125,129,88,11,3,91,107,189,58,128,195,97,55,1,131,134,17,100,121,96,117,187,164,98,110,165,112,113,111,26,116,35,95,62,178,47,64,151,160,170,7,127,122,0,101,144,40,139,105,135,23,13,179,73,87,30,137,16,94,133,103,172,148,185,123,65,152,132,153,140,70,68,120,159,162,161,184,75,108,28,166,102,168,169,76,171,177,44,163,175,143,37,145,136,190,181,22,12,43,59,48,104,196,74,39,191,60,42,194,115,41,197,146,188,];False
3930;9625;13555;[72,199,78,99,155,124,176,193,186,192,10,154,31,61,149,15,118,92,14,19,20,173,8,93,24,25,84,142,150,5,106,130,198,147,34,196,138,66,141,126,86,174,63,6,9,45,29,119,57,49,50,51,77,53,85,36,182,46,38,79,4,32,183,90,52,56,21,67,18,178,80,71,2,109,89,180,158,114,167,81,156,27,82,83,157,54,125,129,88,11,3,91,107,189,58,128,195,97,55,1,131,134,17,100,65,96,117,187,164,98,110,165,112,113,111,26,116,35,95,62,69,47,64,151,7,170,160,127,122,0,101,144,40,139,105,135,23,13,179,73,87,30,137,16,94,133,103,172,148,185,123,121,152,132,153,140,70,68,120,159,162,161,184,75,108,28,166,102,168,169,76,171,177,44,163,175,143,37,145,136,190,181,22,12,43,59,48,104,33,74,39,191,60,42,194,115,41,197,146,188,];False
3951;9601;13552;[72,199,78,99,155,124,176,193,186,192,10,154,31,61,149,15,118,92,14,19,20,173,8,93,24,25,131,142,150,5,106,130,198,147,34,33,55,66,74,138,86,174,63,6,9,45,29,119,57,49,50,51,77,53,85,36,182,46,38,79,190,32,183,90,52,56,21,67,18,69,80,71,2,109,89,180,158,114,167,139,37,27,82,83,157,54,125,129,88,11,3,91,107,189,58,128,195,97,126,1,84,134,17,100,65,96,117,187,164,98,110,165,112,113,111,26,116,35,95,120,178,47,60,151,160,170,39,127,122,0,101,144,40,81,105,135,23,13,179,73,87,30,137,16,94,133,103,172,148,185,123,121,152,132,153,140,70,68,62,159,162,161,184,75,108,28,166,102,168,169,76,171,177,44,163,175,143,156,145,136,4,181,22,12,43,59,48,104,196,141,7,191,64,42,194,115,41,197,146,188,];False
3978;9574;13552;[72,199,78,99,155,124,176,193,186,192,10,154,31,61,149,15,118,92,14,19,20,173,8,93,24,25,131,142,150,5,106,130,198,147,34,33,55,66,74,138,86,174,63,6,9,45,29,3,57,49,50,51,77,53,85,36,182,46,38,79,190,32,183,90,52,56,21,67,18,69,80,71,2,109,89,180,158,114,167,81,37,27,82,83,157,54,125,129,88,11,119,91,107,189,58,128,195,97,126,1,84,134,17,100,65,96,117,187,164,98,110,165,112,113,111,26,116,35,95,120,178,47,60,151,160,170,39,127,122,0,101,144,40,139,105,135,23,13,179,73,87,30,137,16,94,133,103,172,148,185,123,121,152,132,153,140,70,68,62,159,162,161,184,75,108,28,166,102,168,169,76,171,177,44,163,175,143,156,145,136,4,181,22,12,43,59,48,104,196,141,7,191,64,42,194,115,41,197,146,188,];False
3895;9657;13552;[72,199,78,99,155,124,176,193,186,192,10,154,31,61,149,15,118,92,14,19,20,173,8,93,24,25,84,142,150,5,106,130,198,147,34,33,138,66,141,126,86,174,63,6,9,45,29,119,57,49,50,51,77,53,85,36,182,46,38,79,4,32,183,90,52,56,21,67,18,178,80,71,2,109,89,180,158,114,167,81,156,27,82,83,157,54,125,129,88,11,3,91,107,189,58,128,195,97,55,1,131,134,17,100,65,96,117,187,164,98,110,165,112,113,111,26,116,35,95,62,69,47,64,151,7,170,160,127,122,0,101,144,40,139,105,177,23,13,179,73,87,30,137,16,94,133,103,172,148,185,123,121,152,132,153,140,70,68,120,159,162,161,184,75,108,28,166,102,168,169,76,171,135,44,163,175,143,37,145,136,190,181,22,12,43,59,48,104,196,74,39,191,60,42,194,115,41,197,146,188,];False
3992;9559;13551;[199,72,78,99,155,124,176,193,186,192,10,154,31,61,149,15,118,92,14,19,20,173,8,93,24,25,131,142,150,5,106,130,198,147,34,33,55,66,74,138,86,174,63,6,9,45,29,119,57,49,50,51,77,53,85,36,182,46,38,79,190,32,183,90,52,56,21,67,18,181,80,71,2,109,89,180,158,114,167,81,37,27,82,83,157,54,125,129,88,11,3,91,107,189,58,128,195,97,126,1,84,134,17,100,65,96,117,187,164,98,110,165,112,113,111,26,116,35,95,120,178,47,60,151,160,170,39,127,122,0,101,144,40,139,105,135,23,13,179,73,87,30,137,16,94,133,103,172,148,185,123,121,152,132,153,140,70,68,62,159,162,161,184,75,108,28,166,102,168,169,76,171,177,44,163,175,143,156,145,136,4,69,22,12,43,59,48,104,196,141,7,191,64,42,194,115,41,197,146,188,];False
3878;9673;13551;[72,199,78,99,155,124,176,193,186,192,10,154,31,61,149,15,118,92,14,19,20,173,8,93,24,25,32,142,150,5,106,130,198,147,34,33,138,66,141,126,86,174,63,6,9,45,29,119,57,49,50,51,77,53,85,36,182,46,38,79,4,146,183,90,52,56,21,67,18,178,80,71,2,109,89,180,158,114,167,81,156,27,82,83,157,54,125,129,88,11,3,91,107,189,58,128,195,97,55,1,131,134,17,100,65,96,117,187,164,98,110,94,112,113,111,26,116,35,95,62,69,47,64,151,7,170,160,127,122,0,101,144,40,139,105,135,23,13,179,73,87,30,137,16,165,133,103,172,148,185,123,121,152,132,153,140,70,68,120,159,162,161,184,75,108,28,166,102,168,169,76,171,177,44,163,175,143,37,145,136,190,181,22,12,43,59,48,104,196,74,39,191,60,42,194,115,41,197,84,188,];False
3861;9690;13551;[160,199,78,99,155,124,176,193,186,192,10,154,31,61,149,70,118,92,14,19,20,173,8,171,24,25,32,142,150,5,106,130,198,147,34,45,138,66,141,126,86,174,63,6,9,33,29,119,57,49,50,51,77,53,85,36,182,46,38,79,4,146,188,90,52,56,21,67,18,178,80,71,2,109,89,180,158,114,167,81,156,27,82,83,157,54,125,129,88,11,3,91,107,189,58,128,195,97,55,1,131,134,17,100,65,96,117,187,164,98,110,165,112,113,111,26,116,35,95,62,69,47,64,151,7,170,72,127,122,0,101,144,40,139,105,135,23,13,179,73,87,30,137,16,94,133,103,172,148,185,123,121,132,152,153,140,15,68,120,159,162,161,184,75,108,28,166,102,168,169,76,93,177,44,163,175,143,37,145,136,190,181,22,12,43,59,48,104,196,74,39,191,60,42,194,115,41,197,84,183,];False
3959;9591;13550;[72,199,78,99,155,124,176,193,186,192,10,154,31,61,149,15,118,92,14,19,20,173,8,93,24,25,84,142,150,5,106,130,198,147,34,107,138,66,141,126,86,174,63,6,9,45,29,119,57,49,50,51,77,53,85,36,182,46,38,79,4,32,183,90,52,56,21,67,18,69,80,71,2,109,89,180,158,114,167,81,37,27,82,83,157,54,125,129,88,11,3,91,33,189,58,128,195,97,55,1,131,134,17,100,65,96,117,187,164,98,110,165,112,113,111,26,116,35,95,120,178,47,64,151,160,170,7,127,122,0,101,144,40,139,105,135,23,13,179,73,87,30,137,16,94,133,103,172,148,185,123,121,152,132,153,140,70,68,62,159,162,161,184,75,108,28,166,102,168,169,76,171,177,44,163,175,143,156,145,136,190,181,22,12,43,59,48,104,196,74,39,191,60,42,194,115,41,197,146,188,];False
3906;9642;13548;[72,199,78,99,155,124,176,193,186,192,10,154,31,61,149,15,118,92,14,19,20,173,8,93,24,25,32,142,150,5,106,130,198,147,34,45,138,66,141,126,86,174,63,6,9,33,29,119,57,49,50,51,77,53,85,36,182,46,38,79,4,146,183,90,52,56,21,67,18,178,80,71,2,109,89,180,158,114,167,81,156,27,82,83,157,54,125,129,88,11,3,91,107,189,58,128,195,97,55,1,131,134,17,100,65,96,117,187,164,98,110,165,112,113,111,26,116,35,95,62,69,47,64,151,7,170,160,127,68,0,101,144,40,139,105,135,23,13,179,73,87,30,137,16,94,133,103,172,148,185,123,121,152,132,153,140,70,122,120,159,162,161,184,75,108,28,166,102,168,169,76,171,177,44,163,175,143,37,145,136,190,181,22,12,43,59,48,104,196,74,39,191,60,42,194,115,41,197,84,188,];False
4008;9540;13548;[72,199,78,99,155,124,176,193,186,192,10,154,31,61,149,15,118,92,14,19,20,173,8,93,24,25,84,142,153,5,106,130,198,147,34,33,55,66,141,126,86,174,63,6,9,45,29,119,57,49,50,51,77,53,85,36,182,46,38,79,4,32,183,90,52,56,21,67,18,69,80,71,2,109,89,180,158,114,167,81,37,27,82,83,157,54,125,129,88,11,3,91,107,189,58,128,195,97,138,1,131,134,17,100,65,96,117,187,164,98,110,165,112,113,111,26,116,35,95,120,178,47,64,151,160,170,7,127,122,0,101,144,40,139,105,135,23,13,179,73,87,30,137,16,94,133,103,172,148,185,123,121,152,132,150,140,70,68,62,159,162,161,184,75,108,28,166,102,168,169,76,171,177,44,163,175,143,156,145,136,190,181,22,12,43,59,48,104,196,74,39,191,60,42,194,115,41,197,146,188,];False
3849;9698;13547;[72,199,78,99,155,124,176,193,186,192,10,154,31,61,149,15,118,92,47,19,20,173,8,93,24,25,32,142,150,5,106,130,198,147,34,45,138,66,141,126,86,174,63,6,9,33,29,119,57,49,50,51,77,53,85,36,182,46,38,79,4,146,188,90,52,56,21,67,18,178,80,71,2,109,89,180,158,114,167,81,156,27,82,83,157,54,125,129,88,11,3,91,107,189,58,128,195,97,55,1,131,134,17,100,65,96,117,187,164,98,110,165,112,113,111,26,116,35,95,62,69,14,64,151,7,170,160,127,122,0,101,144,40,139,105,135,23,13,179,73,87,30,137,16,94,133,103,172,148,185,123,121,152,132,153,140,70,68,120,159,162,161,184,75,108,28,166,102,168,169,76,171,177,44,163,175,143,37,145,136,190,181,22,12,43,59,48,104,196,74,39,191,60,42,194,115,41,197,84,183,];False
3835;9712;13547;[160,199,78,99,155,124,176,193,186,70,10,154,31,61,149,15,118,92,14,19,20,173,8,171,24,25,32,142,150,5,106,130,198,147,34,45,138,66,141,126,86,174,63,6,9,33,29,119,57,49,50,51,77,53,85,36,182,46,38,79,4,146,188,90,52,56,21,67,18,178,80,71,2,109,89,180,158,114,167,81,156,27,82,83,157,54,125,129,88,11,3,91,107,189,58,128,195,97,55,1,131,134,17,100,65,96,117,187,164,98,110,165,112,113,111,26,116,35,95,62,69,47,64,151,7,170,72,127,122,0,101,144,40,139,105,135,23,13,179,73,87,30,137,16,94,133,103,172,148,185,123,121,132,152,153,140,192,68,120,159,162,161,184,75,108,28,166,102,168,169,76,93,177,44,163,175,143,37,145,136,190,181,22,12,43,59,48,104,196,74,39,191,60,42,194,115,41,197,84,183,];False
3944;9603;13547;[72,199,78,99,155,124,176,193,186,192,10,154,31,61,149,15,118,92,14,82,20,173,8,93,24,25,84,142,150,5,106,130,198,147,34,33,138,66,141,126,86,174,63,6,9,45,29,119,57,49,50,51,77,53,85,36,182,46,38,79,4,32,183,90,52,56,21,67,18,69,80,71,2,109,89,180,158,114,167,81,156,27,19,83,157,54,125,129,88,11,3,91,107,189,58,128,195,97,55,1,131,134,17,100,65,96,117,187,164,98,110,165,112,113,111,26,116,35,95,62,178,47,64,151,160,170,7,127,122,0,101,144,40,139,105,135,23,13,179,73,87,30,137,16,94,133,103,172,148,185,123,121,152,132,153,140,70,68,120,159,162,161,184,75,108,28,166,102,168,169,76,171,177,44,163,175,143,37,145,136,190,181,22,12,43,59,48,104,196,74,39,191,60,42,194,115,41,197,146,188,];False
3971;9576;13547;[72,199,78,99,155,124,176,193,186,192,10,154,31,61,149,15,118,92,14,19,20,173,8,93,24,25,84,142,150,5,106,130,198,147,34,33,55,66,141,126,86,174,63,6,9,45,29,119,57,49,50,51,77,53,85,36,182,46,38,79,4,32,183,90,52,56,21,67,18,69,80,74,2,109,89,180,158,114,167,81,37,27,82,83,157,54,125,129,88,11,3,91,107,189,58,128,195,97,138,1,131,134,17,100,65,96,117,187,164,98,110,165,112,113,111,26,116,35,95,120,178,47,64,151,160,170,7,127,122,0,101,144,40,139,105,135,23,13,179,73,87,30,137,16,94,133,103,172,148,185,123,121,152,132,153,140,70,68,62,159,162,161,184,75,108,28,166,102,168,169,76,171,177,44,163,175,143,156,145,136,190,181,22,12,43,59,48,104,196,71,39,191,60,42,194,115,41,197,146,188,];False
4010;9537;13547;[199,72,78,99,155,124,176,193,186,192,10,154,31,61,149,15,118,92,14,19,20,173,8,93,24,25,131,142,150,5,106,130,198,147,34,33,55,66,74,111,86,174,63,6,9,45,29,119,57,49,50,51,77,53,85,36,182,46,38,79,190,32,183,90,52,56,21,67,18,69,80,71,2,109,89,180,158,114,167,81,37,27,82,83,157,54,125,129,88,11,3,91,107,189,58,128,195,97,39,1,84,134,17,100,65,96,117,187,164,98,110,165,112,113,138,26,116,35,30,120,178,47,122,151,160,170,126,127,60,0,101,144,40,139,105,135,23,13,179,73,87,95,137,16,94,133,103,172,148,185,123,121,152,132,153,140,70,68,62,159,162,161,184,75,108,28,166,102,168,169,76,171,177,44,163,175,143,156,145,136,4,181,22,12,43,59,48,104,196,141,7,191,64,42,194,115,41,197,146,188,];False
3921;9626;13547;[72,199,78,99,155,124,176,193,186,192,10,154,31,61,149,15,118,92,14,19,20,173,8,93,24,25,84,142,150,5,106,130,198,147,34,33,138,66,141,126,86,174,63,6,9,45,29,119,57,49,50,51,77,53,85,36,182,46,38,79,4,32,183,90,52,56,21,67,18,178,80,71,2,109,89,180,158,114,167,81,156,27,82,83,157,54,125,129,88,11,3,91,107,189,58,128,195,97,55,1,131,134,17,100,65,96,117,187,164,98,110,165,112,113,111,26,116,35,95,62,69,181,64,151,7,170,160,127,122,0,101,144,40,139,105,135,23,13,179,73,87,30,137,16,94,133,103,172,148,185,123,121,152,132,153,140,70,68,120,159,162,161,184,75,108,28,166,102,168,169,76,171,177,44,163,175,143,37,145,136,190,47,22,12,43,59,48,104,196,74,39,191,60,42,194,115,41,197,146,188,];False
3996;9551;13547;[72,199,78,99,155,124,176,193,186,192,10,154,31,61,149,15,118,92,14,19,20,173,8,93,24,25,131,142,150,5,106,130,198,147,34,33,55,66,74,138,86,174,63,6,9,45,29,119,57,49,50,51,77,53,85,36,182,46,38,79,4,32,183,90,52,56,21,67,18,69,80,71,2,109,89,180,158,114,167,81,37,27,82,83,157,54,125,129,88,11,3,91,107,189,58,128,195,97,126,1,84,134,17,100,65,96,117,187,164,98,110,165,112,113,111,26,116,35,95,120,178,47,60,151,160,170,39,127,122,0,101,144,40,139,105,135,140,13,179,73,87,30,137,16,94,133,103,172,148,185,123,121,152,132,153,23,70,68,62,159,162,161,184,75,108,28,166,102,168,169,76,171,177,44,163,175,143,156,145,136,190,181,22,12,43,59,48,104,196,141,7,191,64,42,194,115,41,197,146,188,];False
4005;9541;13546;[72,199,78,99,155,124,176,193,186,192,10,154,31,61,149,15,118,92,14,19,20,173,8,93,24,25,84,142,150,5,106,130,198,147,34,33,55,66,141,126,86,174,63,6,9,45,29,119,57,49,50,51,77,53,85,36,182,46,38,79,4,32,183,90,52,56,21,67,18,69,80,71,2,109,89,180,158,114,167,81,37,27,82,83,157,54,125,129,88,11,3,91,107,189,58,128,195,97,138,1,131,134,17,100,65,96,117,187,164,98,110,165,112,113,111,26,116,35,95,120,178,47,64,151,160,170,7,127,122,0,101,144,40,139,105,135,23,13,179,73,87,30,137,16,94,133,103,172,148,185,123,121,152,132,153,140,70,68,62,159,162,161,184,75,108,28,166,102,115,169,76,171,177,44,163,175,143,156,145,136,190,181,22,12,43,59,48,104,196,74,39,191,60,42,194,168,41,197,146,188,];False
3930;9615;13545;[72,1,78,99,155,124,176,193,186,192,10,154,31,61,149,15,118,92,14,19,20,173,8,93,24,25,84,142,150,5,106,130,198,147,34,33,138,66,141,126,86,174,63,6,9,45,29,119,57,49,50,51,77,53,85,36,182,46,38,79,4,32,183,90,52,56,21,67,18,69,80,71,2,109,89,180,158,114,167,81,156,27,82,83,157,54,125,129,88,11,3,91,107,189,58,128,195,97,55,199,131,134,17,100,65,96,117,187,164,98,110,165,112,113,111,26,116,35,95,62,178,47,64,151,160,170,7,127,122,0,101,144,40,139,105,135,23,13,179,73,87,30,137,16,94,133,103,172,148,185,123,121,152,132,153,140,70,68,120,159,162,161,184,75,108,28,166,102,168,169,76,171,177,44,163,175,143,37,145,136,190,181,22,12,43,59,48,104,196,74,39,191,60,42,194,115,41,197,146,188,];False
3949;9596;13545;[72,199,78,99,155,124,176,193,186,192,10,154,31,61,149,15,118,92,14,19,20,173,8,93,24,150,84,142,25,5,106,130,198,147,34,33,138,66,141,126,86,174,63,6,9,45,29,119,57,49,50,51,77,53,85,36,182,46,38,79,4,32,183,90,52,56,21,67,18,69,80,71,2,109,89,180,158,114,167,81,156,27,82,83,157,54,125,129,88,11,3,91,107,189,58,128,195,97,55,1,131,134,17,100,65,96,117,187,164,98,110,165,112,113,111,26,116,35,95,62,178,47,64,151,160,170,7,127,122,0,101,144,40,139,105,135,23,13,179,73,87,30,137,16,94,133,103,172,148,185,123,121,152,132,153,140,70,68,120,159,162,161,184,75,108,28,166,102,168,169,76,171,177,44,163,175,143,37,145,136,190,181,22,12,43,59,48,104,196,74,39,191,60,42,194,115,41,197,146,188,];False
4016;9529;13545;[199,72,78,99,155,124,176,193,186,192,10,154,31,61,149,15,118,92,14,19,20,173,8,93,24,25,131,142,150,184,106,130,198,147,34,33,55,66,74,138,86,174,63,6,9,45,29,119,57,49,50,51,77,53,85,36,182,46,38,79,190,32,183,90,52,56,21,67,18,69,80,71,2,109,89,180,158,114,167,81,37,27,82,83,157,54,125,129,88,11,3,91,107,189,58,128,195,97,39,1,84,134,17,100,65,96,117,187,164,98,110,165,112,113,111,26,116,35,95,120,178,47,60,151,160,170,126,127,122,0,101,144,40,139,105,135,23,13,179,73,87,30,137,16,94,133,103,172,148,185,123,121,152,132,153,140,70,68,62,159,162,161,5,75,108,28,166,102,168,169,76,171,177,44,163,175,143,156,145,136,4,181,22,12,43,59,48,104,196,141,7,191,64,42,194,115,41,197,146,188,];False
3968;9577;13545;[72,199,78,99,155,124,176,193,186,192,10,154,31,61,149,15,118,92,14,19,20,173,8,93,24,25,84,142,150,5,106,130,198,147,34,33,81,66,141,126,86,174,63,6,9,45,29,119,57,49,50,51,77,53,85,36,182,46,38,79,4,32,183,90,52,56,21,67,18,69,80,71,2,109,89,180,158,114,167,138,156,27,82,83,157,54,125,129,88,11,3,91,107,189,58,128,195,97,55,1,131,134,17,100,65,96,117,187,164,98,110,165,112,113,111,26,116,35,95,120,178,47,64,151,160,170,7,127,122,0,101,144,40,139,105,135,23,13,179,73,87,30,137,16,94,133,103,172,148,185,123,121,152,132,153,140,70,68,62,159,162,161,184,75,108,28,166,102,168,169,76,171,177,44,163,175,143,37,145,136,190,181,22,12,43,59,48,104,196,74,39,191,60,42,194,115,41,197,146,188,];False
3997;9547;13544;[199,72,78,99,155,124,176,193,186,192,10,154,31,61,149,15,118,92,14,19,20,173,8,93,24,25,131,142,150,5,106,130,198,147,34,33,55,66,74,111,86,174,63,6,9,45,29,119,57,49,50,51,77,53,85,36,182,46,38,79,190,32,183,90,52,56,21,67,18,69,80,71,2,109,89,180,158,114,167,81,37,27,82,83,157,54,125,129,88,11,3,91,107,189,58,128,195,97,39,1,84,134,17,100,65,96,117,187,164,98,110,165,112,113,138,26,116,35,95,120,178,47,122,151,160,170,126,127,60,0,101,144,40,139,105,135,23,13,179,73,87,30,137,16,94,133,103,172,148,185,123,121,152,132,153,140,70,68,62,159,162,161,184,75,108,28,166,102,168,169,76,171,177,44,163,175,143,156,145,136,4,181,22,12,43,59,48,104,196,141,7,191,64,42,194,115,41,197,146,188,];False
3910;9634;13544;[72,199,78,99,155,124,176,193,186,192,10,154,31,61,149,15,118,92,14,19,20,173,8,93,24,25,84,142,150,5,106,130,198,147,34,33,138,66,141,126,86,174,63,6,9,45,29,119,57,49,50,51,77,53,85,36,182,46,38,79,4,32,183,90,52,56,21,67,18,178,80,71,2,109,89,180,158,114,167,81,156,27,82,83,157,54,125,129,88,98,3,91,107,189,58,128,195,97,55,1,131,134,17,100,65,96,117,187,164,11,110,165,112,113,111,26,116,35,95,62,69,47,64,151,7,170,160,127,122,0,101,144,40,139,105,135,23,13,179,73,87,30,137,16,94,133,103,172,148,185,123,121,152,132,153,140,70,68,120,159,162,161,184,75,108,28,166,102,168,169,76,171,177,44,163,175,143,37,145,136,190,181,22,12,43,59,48,104,196,74,39,191,60,42,194,115,41,197,146,188,];False
3928;9616;13544;[72,199,78,99,155,124,176,193,186,192,10,154,31,61,149,15,118,92,14,19,20,173,8,93,24,25,32,142,150,5,106,130,198,147,34,45,138,66,141,126,86,174,63,6,9,33,29,119,57,49,50,51,77,53,85,36,182,46,38,79,4,146,183,90,52,56,21,67,18,178,80,71,2,109,89,180,158,114,167,81,156,27,82,83,157,54,125,129,88,11,3,91,107,189,58,128,195,97,55,1,131,134,17,100,65,96,117,190,164,98,110,165,112,113,111,26,116,35,95,62,69,47,64,151,7,170,160,127,122,0,101,144,40,139,105,135,23,13,179,73,87,30,137,16,94,133,103,172,148,185,123,121,152,132,153,140,70,68,120,159,162,161,184,75,108,28,166,102,168,169,76,171,177,44,163,175,143,37,145,136,187,181,22,12,43,59,48,104,196,74,39,191,60,42,194,115,41,197,84,188,];False
3893;9650;13543;[72,199,78,99,155,124,176,193,186,192,10,154,31,61,149,15,118,92,14,19,20,173,8,93,24,25,84,142,150,5,106,130,198,147,34,33,138,66,141,126,86,174,63,6,9,45,29,119,57,49,50,51,77,53,85,135,182,46,38,79,4,32,183,90,52,56,21,67,18,178,80,71,2,109,89,180,158,114,167,81,156,27,82,83,157,54,125,129,88,11,3,91,107,189,58,128,195,97,55,1,131,134,17,100,65,96,117,187,164,98,110,165,112,113,111,26,116,35,95,62,69,47,64,151,7,170,160,127,122,0,101,144,40,139,105,36,23,13,179,73,87,30,137,16,94,133,103,172,148,185,123,121,152,132,153,140,70,68,120,159,162,161,184,75,108,28,166,102,168,169,76,171,177,44,163,175,143,37,145,136,190,181,22,12,43,59,48,104,196,74,39,191,60,42,194,115,41,197,146,188,];False
4041;9501;13542;[199,72,78,99,155,124,176,193,186,192,10,154,31,61,149,15,118,92,14,19,20,173,8,93,24,25,131,142,150,5,106,130,198,147,34,33,55,66,74,111,86,174,63,6,9,45,158,119,57,49,50,51,77,53,85,36,182,46,38,79,190,32,183,90,52,56,21,67,18,69,80,71,2,109,89,180,29,114,167,81,37,27,82,83,157,54,125,129,88,11,3,91,107,189,58,128,195,97,39,1,84,134,17,100,65,160,117,187,164,98,110,165,112,113,138,26,116,35,30,120,178,47,122,151,96,170,126,127,60,0,101,144,40,139,105,135,23,13,179,73,87,95,137,16,94,133,103,172,148,185,123,121,152,132,153,140,70,68,62,159,162,161,184,75,108,28,166,102,168,169,76,171,177,44,163,175,143,156,145,136,4,181,22,12,43,59,48,104,196,141,7,191,64,42,194,115,41,197,146,188,];False
3892;9650;13542;[72,199,78,99,155,124,176,193,186,192,10,154,31,61,149,15,118,92,14,19,20,173,8,93,24,25,84,142,150,5,106,130,198,147,34,33,138,66,141,126,86,174,63,6,9,45,29,119,57,49,50,51,77,53,85,36,182,46,38,79,4,32,183,90,52,56,21,67,18,69,80,71,2,109,89,180,158,114,167,81,156,27,82,83,157,54,125,129,88,11,3,91,107,189,58,128,195,97,55,1,131,134,17,100,65,96,117,187,164,98,110,165,112,113,111,26,116,35,22,62,178,47,64,151,160,170,7,127,122,0,101,144,40,139,105,135,23,13,179,73,87,30,137,16,94,133,103,172,148,185,123,121,152,132,153,140,70,68,120,159,162,161,184,75,108,28,166,102,168,169,76,171,177,44,163,175,143,37,145,136,190,181,95,12,43,59,48,104,196,74,39,191,60,42,194,115,41,197,146,188,];False
3962;9579;13541;[199,72,167,99,155,124,176,193,186,192,10,154,31,61,149,15,118,92,14,19,20,173,8,93,24,25,131,142,150,5,106,130,198,147,34,33,55,66,74,138,86,174,63,6,9,45,29,119,57,49,50,51,77,53,85,36,182,46,38,79,190,32,183,90,52,56,21,67,18,69,80,71,2,109,89,180,158,114,78,81,37,27,82,83,157,54,125,129,88,11,3,91,107,189,58,128,195,97,39,1,84,134,17,100,65,96,117,187,164,98,110,165,112,113,111,26,116,35,95,120,178,47,60,151,160,170,126,127,122,0,101,144,40,139,105,135,23,13,179,73,87,30,137,16,94,133,103,172,148,185,123,121,152,132,153,140,70,68,62,159,162,161,184,75,108,28,166,102,168,169,76,171,177,44,163,175,143,156,145,136,4,181,22,12,43,59,48,104,196,141,7,191,64,42,194,115,41,197,146,188,];False
3936;9605;13541;[72,199,78,99,155,124,176,193,186,192,10,154,31,61,149,15,118,92,14,19,20,173,8,93,24,25,131,142,150,5,106,130,198,147,34,33,55,66,74,138,86,174,63,6,9,45,29,119,57,49,50,51,77,53,85,36,182,46,38,79,4,32,183,105,52,56,21,67,18,69,80,71,2,109,89,180,158,114,167,81,37,27,82,83,157,54,125,129,88,11,3,91,107,189,58,128,195,97,126,1,84,134,17,100,65,96,117,187,164,98,110,165,112,113,111,26,116,35,95,120,178,47,60,151,160,170,7,127,122,0,101,144,40,139,90,135,23,13,179,73,87,30,137,16,94,133,103,172,148,185,123,121,152,132,153,140,70,68,62,159,162,161,184,75,108,28,166,102,168,169,76,171,177,44,163,175,143,156,145,136,190,181,22,12,43,59,48,104,196,141,39,191,64,42,194,115,41,197,146,188,];False
3962;9577;13539;[72,199,78,99,155,124,176,193,186,192,147,154,31,61,149,15,118,92,14,19,20,173,8,93,24,25,84,142,150,5,106,130,198,10,34,33,138,66,141,126,86,174,63,6,9,45,29,119,57,49,50,51,77,53,85,36,182,46,38,79,4,32,183,90,52,56,21,67,18,69,80,71,2,109,89,180,158,114,167,81,37,27,82,83,157,54,125,129,88,11,3,91,107,189,58,128,195,97,55,1,131,134,17,100,65,96,117,187,164,98,110,165,112,113,111,26,116,35,95,120,178,47,64,151,160,170,7,127,122,0,101,144,40,139,105,135,23,13,179,73,87,30,137,16,94,133,103,172,148,185,123,121,152,132,153,140,70,68,62,159,162,161,184,75,108,28,166,102,168,169,76,171,177,44,163,175,143,156,145,136,190,181,22,12,43,59,48,104,196,74,39,191,60,42,194,115,41,197,146,188,];False
3944;9594;13538;[72,199,78,99,155,124,176,193,186,192,10,154,31,61,149,15,118,92,14,19,20,173,8,93,24,25,84,142,150,5,106,130,198,147,34,33,138,66,141,126,86,174,63,6,9,45,29,119,57,49,50,51,77,53,85,36,182,46,38,79,4,32,183,90,52,56,21,67,18,69,80,71,2,109,89,180,158,114,167,81,156,27,82,83,157,54,125,129,88,11,3,91,107,189,58,128,134,97,55,1,131,195,17,100,65,96,117,187,164,98,110,165,112,113,111,26,116,35,95,120,178,47,64,151,160,170,7,127,122,0,101,144,40,139,105,135,23,13,179,73,87,30,137,16,94,133,103,172,148,185,123,121,152,132,153,140,70,68,62,159,162,161,184,75,108,28,166,102,168,169,76,171,177,44,163,175,143,37,145,136,190,181,22,12,43,59,48,104,196,74,39,191,60,42,194,115,41,197,146,188,];False
3979;9559;13538;[199,72,78,99,155,124,176,193,186,192,10,154,31,61,149,15,118,92,14,19,20,173,8,93,24,25,131,142,150,5,106,130,198,147,34,33,55,66,74,111,86,174,63,6,9,45,29,119,57,49,50,51,77,53,85,36,182,46,38,79,190,32,183,90,52,56,21,67,18,69,80,71,2,109,89,180,158,114,167,81,37,27,82,83,157,54,125,129,88,11,3,91,107,189,58,128,195,97,39,1,84,134,17,100,65,96,117,187,164,98,110,165,112,113,138,26,116,35,95,120,178,47,60,151,160,170,126,127,122,0,101,144,40,139,105,135,23,13,179,73,87,30,137,16,94,133,103,172,148,185,123,121,152,132,153,140,70,68,62,159,162,161,184,75,108,28,166,102,168,169,76,171,177,44,163,175,143,156,145,136,4,181,22,12,43,59,48,104,196,141,7,191,64,42,194,115,41,197,146,188,];False
3859;9678;13537;[160,199,78,99,155,124,176,193,186,192,10,154,31,61,149,15,118,92,14,19,20,173,8,93,24,25,32,142,150,5,106,130,198,147,34,45,138,43,141,126,86,174,63,6,9,33,29,119,57,49,50,51,77,53,85,36,182,46,38,79,4,146,188,90,52,56,21,67,18,178,80,71,2,109,89,180,158,114,167,81,156,27,82,83,157,54,125,129,88,11,3,91,107,189,58,128,195,97,55,1,131,134,17,100,65,96,117,187,164,98,110,165,112,113,111,26,116,35,95,62,69,47,64,151,7,170,72,127,122,0,101,144,40,139,105,135,23,13,179,73,87,30,137,16,94,133,103,172,148,185,123,121,152,132,153,140,70,68,120,159,162,161,184,75,108,28,166,102,168,169,76,171,177,44,163,175,143,37,145,136,190,181,22,12,66,59,48,104,196,74,39,191,60,42,194,115,41,197,84,183,];False
3891;9645;13536;[72,199,78,99,155,124,176,193,186,192,10,154,31,61,149,20,118,92,14,19,15,173,8,93,24,25,84,142,150,5,106,130,198,147,34,33,138,66,141,126,86,174,63,6,9,45,29,119,57,49,50,51,77,53,85,36,182,46,38,79,4,32,183,90,52,56,21,67,18,69,80,71,2,109,89,180,158,114,167,81,156,27,82,83,157,54,125,129,88,11,3,91,107,189,58,128,195,97,55,1,131,134,17,100,65,96,117,187,164,98,110,165,112,113,111,26,116,35,95,62,178,47,64,151,160,170,7,127,122,0,101,144,40,139,105,135,23,13,179,73,87,30,137,16,94,133,103,172,148,185,123,121,152,132,153,140,70,68,120,159,162,161,184,75,108,28,166,102,168,169,76,171,177,44,163,175,143,37,145,136,190,181,22,12,43,59,48,104,196,74,39,191,60,42,194,115,41,197,146,188,];False
3980;9555;13535;[199,72,78,99,155,124,176,193,186,192,10,154,31,61,149,15,118,92,14,19,20,173,8,93,24,25,131,142,150,5,106,130,198,147,34,33,55,66,74,138,86,174,63,6,9,45,29,119,57,49,50,51,77,53,85,36,182,46,38,79,190,32,183,90,52,56,21,67,18,69,80,71,2,109,89,180,158,114,167,81,37,27,82,83,157,54,125,129,88,11,3,91,107,189,58,128,195,97,126,1,84,134,17,100,65,96,117,187,164,98,110,165,112,113,123,26,116,35,95,120,178,47,60,151,160,170,39,127,122,0,101,144,40,139,105,135,23,13,179,73,87,30,137,16,94,133,103,172,148,185,111,121,152,132,153,140,70,68,62,159,162,161,184,75,108,28,166,102,168,169,76,171,177,44,163,175,143,156,145,136,4,181,22,12,43,59,48,104,196,141,7,191,64,42,194,115,41,197,146,188,];False
3836;9699;13535;[160,199,78,99,155,124,176,193,186,192,10,154,31,61,149,15,118,92,14,19,20,173,8,171,24,25,32,142,150,5,106,130,198,147,34,45,138,66,141,126,86,174,63,6,9,33,29,119,57,49,50,51,77,53,85,36,182,46,38,79,4,146,188,90,52,56,21,67,18,178,80,71,2,109,89,180,158,114,167,81,156,27,82,83,157,54,125,129,88,11,3,91,107,189,58,128,195,97,55,1,131,134,17,100,65,96,35,187,164,98,110,165,112,113,111,26,116,117,95,62,69,47,64,151,7,170,72,127,122,0,101,144,40,139,105,135,23,13,179,73,87,30,137,16,94,133,103,172,148,185,123,121,132,152,153,140,70,68,120,159,162,161,184,75,108,28,166,102,168,169,76,93,177,44,163,175,143,37,145,136,190,181,22,12,43,59,48,104,196,74,39,191,60,42,194,115,41,197,84,183,];False
3955;9580;13535;[72,199,78,99,155,124,176,193,186,192,10,154,31,61,149,15,118,92,14,19,20,173,8,93,24,25,131,142,150,5,106,130,198,147,34,33,55,66,74,138,97,174,63,6,9,45,29,119,57,49,50,51,77,53,85,36,182,46,38,79,190,32,183,90,52,56,21,67,18,69,80,71,2,109,89,180,158,114,167,81,37,27,82,83,157,54,125,129,88,11,3,91,107,189,58,128,195,86,126,1,84,134,17,100,65,96,117,187,164,98,110,165,112,113,111,26,116,35,95,120,178,47,60,151,160,170,39,127,122,0,101,144,40,139,105,135,23,13,179,73,87,30,137,16,94,133,103,172,148,185,123,121,152,132,153,140,70,68,62,159,162,161,184,75,108,28,166,102,168,169,76,171,177,44,163,175,143,156,145,136,4,181,22,12,43,59,48,104,196,141,7,191,64,42,194,115,41,197,146,188,];False
3886;9648;13534;[72,199,78,99,155,124,176,193,186,192,10,154,31,61,149,15,118,92,14,19,20,173,8,93,24,25,84,142,150,5,106,130,198,147,34,33,138,66,141,126,86,174,63,6,9,45,29,119,57,49,50,51,77,53,85,36,182,46,38,79,4,32,183,90,52,56,21,67,18,178,80,71,2,109,89,180,158,114,167,81,156,27,82,83,157,54,125,129,88,11,3,91,107,189,58,128,95,97,55,1,131,134,17,100,65,96,117,187,164,98,110,165,112,113,111,26,116,35,195,62,69,47,64,151,7,170,160,127,122,0,101,144,40,139,105,135,23,13,179,73,87,30,137,16,94,133,103,172,148,185,123,121,152,132,153,140,70,68,120,159,162,161,184,75,108,28,166,102,168,169,76,171,177,44,163,175,143,37,145,136,190,181,22,12,43,59,48,104,196,74,39,191,60,42,194,115,41,197,146,188,];False
3914;9620;13534;[72,199,78,99,155,124,176,193,186,192,10,154,31,61,149,15,118,92,14,19,20,173,8,93,24,25,84,142,150,5,106,130,198,147,34,33,138,66,141,126,86,174,63,6,9,45,29,119,57,49,50,51,77,53,85,36,182,46,38,79,4,32,183,90,52,56,21,67,18,69,80,71,2,109,89,180,158,114,167,81,156,27,82,83,157,54,13,129,88,11,3,91,107,189,58,128,195,97,55,1,131,134,17,100,65,96,117,187,164,98,110,165,112,113,111,26,116,35,95,62,178,47,64,151,160,170,7,127,122,0,101,144,40,139,105,135,23,125,179,73,87,30,137,16,94,133,103,172,148,185,123,121,152,132,153,140,70,68,120,159,162,161,184,75,108,28,166,102,168,169,76,171,177,44,163,175,143,37,145,136,190,181,22,12,43,59,48,104,196,74,39,191,60,42,194,115,41,197,146,188,];False
4002;9532;13534;[72,199,78,99,155,124,176,193,186,192,10,154,31,61,149,15,118,92,14,19,20,173,8,93,24,25,84,142,150,5,106,130,198,147,34,33,55,66,74,126,86,174,63,6,9,45,29,119,57,49,50,51,77,53,85,36,182,46,38,79,4,32,183,90,52,56,21,67,18,69,80,71,2,109,89,180,158,114,167,81,37,27,82,83,157,54,125,129,88,3,11,91,107,189,58,128,195,97,138,1,131,134,17,100,65,96,117,187,164,98,110,165,112,113,111,26,116,35,95,120,178,47,64,151,160,170,7,127,122,0,101,144,40,139,105,135,23,13,179,73,87,30,137,16,94,133,103,172,148,185,123,121,152,132,153,140,70,68,62,159,162,161,184,75,108,28,166,102,168,169,76,171,177,44,163,175,143,156,145,136,190,181,22,12,43,59,48,104,196,141,39,191,60,42,194,115,41,197,146,188,];False
3872;9662;13534;[160,199,78,99,155,124,176,193,186,192,10,154,31,61,149,15,118,92,14,19,20,173,8,93,24,25,32,142,150,5,106,130,198,147,34,45,138,66,141,126,86,174,63,6,9,33,29,119,57,49,50,51,77,53,85,36,182,46,38,79,4,146,188,90,52,56,21,67,18,178,80,71,2,109,89,180,158,114,167,81,156,27,82,83,157,54,125,129,88,11,3,91,107,189,58,128,195,97,55,1,131,134,17,100,65,96,117,187,164,184,110,165,112,113,111,26,116,35,95,62,69,47,64,151,7,170,72,127,122,0,101,144,40,139,105,135,23,13,179,73,87,30,137,16,94,133,103,172,148,185,123,121,152,132,153,140,70,68,120,159,162,161,98,75,108,28,166,102,168,169,76,171,177,44,163,175,143,37,145,136,190,181,22,12,43,59,48,104,196,74,39,191,60,42,194,115,41,197,84,183,];False
3846;9687;13533;[160,199,78,99,155,124,176,193,186,192,10,154,31,61,149,15,118,92,14,19,20,173,8,171,24,25,32,142,150,5,106,130,198,147,34,45,138,66,141,126,86,174,63,6,9,33,29,119,57,49,50,51,77,53,85,36,182,46,38,79,4,146,188,90,52,56,21,67,18,178,80,71,2,109,89,180,158,114,167,81,156,27,82,83,157,54,125,129,88,11,3,91,107,189,58,128,195,97,55,1,131,134,17,100,65,96,117,187,164,98,110,165,112,113,111,26,48,35,95,62,69,47,64,151,7,170,72,127,122,0,101,144,40,139,105,135,23,13,179,73,87,30,137,16,94,133,103,172,148,185,123,121,132,152,153,140,70,68,120,159,162,161,184,75,108,28,166,102,168,169,76,93,177,44,163,175,143,37,145,136,190,181,22,12,43,59,116,104,196,74,39,191,60,42,194,115,41,197,84,183,];False
3917;9616;13533;[72,199,78,99,155,124,176,193,186,192,10,154,31,61,149,15,118,92,14,19,20,173,8,93,24,25,84,142,150,5,106,130,198,147,34,33,138,66,141,126,86,174,63,6,9,45,29,119,57,49,50,51,77,53,85,36,182,46,38,79,4,32,183,90,52,56,21,67,18,178,80,71,2,109,89,180,158,114,167,81,156,27,82,83,157,54,125,129,88,11,3,91,107,189,58,128,195,97,55,1,131,134,17,100,65,96,117,187,164,98,110,165,112,113,111,26,116,35,95,62,69,47,64,151,7,170,160,127,122,0,101,144,40,139,105,135,23,163,179,73,87,30,137,16,94,133,103,172,148,185,123,121,152,132,153,140,70,68,120,159,162,161,184,75,108,28,166,102,168,169,76,171,177,44,13,175,143,37,145,136,190,181,22,12,43,59,48,104,196,74,39,191,60,42,194,115,41,197,146,188,];False
3955;9577;13532;[72,199,78,99,155,124,176,193,186,192,10,154,31,170,149,15,118,92,14,19,20,173,8,93,24,25,131,142,150,5,106,130,198,147,34,33,55,66,74,138,86,174,63,6,9,45,29,119,57,49,50,51,77,53,85,36,182,46,38,79,190,32,183,90,52,56,21,67,18,69,80,71,2,109,89,180,158,114,167,81,37,27,82,83,157,54,125,129,88,11,3,91,107,189,58,128,195,97,126,1,84,134,17,100,65,96,117,187,164,98,110,165,112,113,111,26,116,35,95,120,178,47,60,151,160,61,39,127,122,0,101,144,40,139,105,135,23,13,179,73,87,30,137,16,94,133,103,172,148,185,123,121,152,132,153,140,70,68,62,159,162,161,184,75,108,28,166,102,168,169,76,171,177,44,163,175,143,156,145,136,4,181,22,12,43,59,48,104,196,141,7,191,64,42,194,115,41,197,146,188,];False
3947;9584;13531;[105,72,78,99,155,124,176,193,186,192,10,154,31,61,149,15,118,92,14,19,20,173,8,93,24,25,131,142,150,5,106,130,198,147,34,33,55,66,74,138,86,174,63,6,9,45,29,119,57,49,50,51,77,53,85,36,182,46,38,79,190,32,183,90,52,56,21,67,18,69,80,71,2,109,89,180,158,114,167,81,37,27,82,83,157,54,125,129,88,11,3,91,107,189,58,128,195,97,126,1,84,134,17,100,65,96,117,187,164,98,110,165,112,113,111,26,116,35,95,120,178,47,60,151,160,170,39,127,122,0,101,144,40,139,199,135,23,13,179,73,87,30,137,16,94,133,103,172,148,185,123,121,152,132,153,140,70,68,62,159,162,161,184,75,108,28,166,102,168,169,76,171,177,44,163,175,143,156,145,136,4,181,22,12,43,59,48,104,196,141,7,191,64,42,194,115,41,197,146,188,];False
3945;9585;13530;[72,199,78,99,155,124,176,193,186,192,10,154,31,61,149,15,118,92,14,19,20,173,8,93,24,144,84,142,150,5,106,130,198,147,34,33,138,66,141,126,86,174,63,6,9,45,29,119,57,49,50,51,77,53,85,36,182,46,38,79,4,32,183,90,52,56,21,67,18,69,80,71,2,109,89,180,158,114,167,81,156,27,82,83,157,54,125,129,88,11,3,91,107,189,58,128,195,97,55,1,131,134,17,100,65,96,117,187,164,98,110,165,112,113,111,26,116,35,95,62,178,47,64,151,160,170,7,127,122,0,101,25,40,139,105,135,23,13,179,73,87,30,137,16,94,133,103,172,148,185,123,121,152,132,153,140,70,68,120,159,162,161,184,75,108,28,166,102,168,169,76,171,177,44,163,175,143,37,145,136,190,181,22,12,43,59,48,104,196,74,39,191,60,42,194,115,41,197,146,188,];False
3839;9691;13530;[72,199,78,99,155,124,176,193,186,192,10,154,31,61,149,15,118,92,14,19,20,173,8,158,24,25,32,142,150,5,106,130,198,147,34,45,138,66,141,126,86,174,63,6,9,33,29,119,57,49,50,51,77,53,85,36,182,46,38,79,4,146,188,90,52,56,21,67,18,178,80,71,2,109,89,180,93,114,167,81,156,27,82,83,157,54,125,129,88,11,3,91,107,189,58,128,195,97,55,1,131,134,17,100,65,96,117,187,164,98,110,165,112,113,111,26,116,35,95,62,69,47,64,151,7,170,160,127,122,0,101,144,40,139,105,135,23,13,179,73,87,30,137,16,94,133,103,172,148,185,123,121,152,132,153,140,70,68,120,159,162,161,184,75,108,28,166,102,168,169,76,171,177,44,163,175,143,37,145,136,190,181,22,12,43,59,48,104,196,74,39,191,60,42,194,115,41,197,84,183,];False
3970;9559;13529;[72,199,78,99,155,124,176,193,186,192,10,154,31,61,149,15,118,92,14,19,20,173,8,93,24,25,84,142,150,5,106,130,198,147,34,33,138,66,141,126,86,174,63,6,9,45,29,119,57,49,50,51,77,189,85,36,182,46,38,79,4,32,183,90,52,56,21,67,18,69,80,71,2,109,89,180,158,114,167,81,156,27,82,83,157,54,125,129,88,11,3,91,107,53,58,128,195,97,55,1,131,134,17,100,65,96,117,187,164,98,110,165,112,113,111,26,116,35,95,120,178,47,64,151,160,170,7,127,122,0,101,144,40,139,105,135,23,13,179,73,87,30,137,16,94,133,103,172,148,185,123,121,152,132,153,140,70,68,62,159,162,161,184,75,108,28,166,102,168,169,76,171,177,44,163,175,143,37,145,136,190,181,22,12,43,59,48,104,196,74,39,191,60,42,194,115,41,197,146,188,];False
3893;9636;13529;[72,199,78,99,155,124,176,193,186,192,10,154,31,61,149,15,118,92,14,19,20,173,8,93,24,25,84,142,150,5,106,130,90,147,34,33,138,66,141,126,86,174,63,6,9,45,29,119,57,49,50,51,77,53,85,36,182,46,38,79,4,32,183,198,52,56,21,67,18,69,80,71,2,109,89,180,158,114,167,81,156,27,82,83,157,54,125,129,88,11,3,91,107,189,58,128,195,97,55,1,131,134,17,100,65,96,117,187,164,98,110,165,112,113,111,26,116,35,95,62,178,47,64,151,160,170,7,127,122,0,101,144,40,139,105,135,23,13,179,73,87,30,137,16,94,133,103,172,148,185,123,121,152,132,153,140,70,68,120,159,162,161,184,75,108,28,166,102,168,169,76,171,177,44,163,175,143,37,145,136,190,181,22,12,43,59,48,104,196,74,39,191,60,42,194,115,41,197,146,188,];False
3975;9554;13529;[72,199,78,99,155,124,176,65,186,192,10,154,31,61,149,15,118,92,14,19,20,173,8,93,24,25,131,142,150,5,106,130,198,147,34,33,55,66,74,138,86,174,63,6,9,45,29,119,57,49,50,51,77,53,85,36,182,46,38,79,4,32,183,90,52,56,21,67,18,69,80,71,2,109,89,180,158,114,167,81,37,27,82,83,157,54,125,129,88,11,3,91,107,189,58,128,195,97,126,1,84,134,17,100,193,96,117,187,164,98,110,165,112,113,111,26,116,35,95,120,178,47,60,151,160,170,39,127,122,0,101,144,40,139,105,135,23,13,179,73,87,30,137,16,94,133,103,172,148,185,123,121,152,132,153,140,70,68,62,159,162,161,184,75,108,28,166,102,168,169,76,171,177,44,163,175,143,156,145,136,190,181,22,12,43,59,48,104,196,141,7,191,64,42,194,115,41,197,146,188,];False
3990;9539;13529;[72,199,78,99,155,124,176,193,186,192,10,154,31,61,149,15,118,92,14,19,20,173,8,93,24,25,131,142,150,5,106,130,198,147,34,33,168,66,74,126,86,174,63,6,9,45,29,119,57,49,50,51,77,53,85,36,182,46,38,79,4,32,183,90,52,56,21,67,18,69,80,71,2,109,89,180,158,114,167,81,37,27,82,83,157,54,125,129,88,11,3,91,107,189,58,128,195,97,138,1,84,134,17,100,65,96,117,187,164,98,110,165,112,113,111,26,116,35,95,120,178,47,60,151,160,170,7,127,122,0,101,144,40,139,105,135,23,13,179,73,87,30,137,16,94,133,103,172,148,185,123,121,152,132,153,140,70,68,62,159,162,161,184,75,108,28,166,102,55,169,76,171,177,44,163,175,143,156,145,136,190,181,22,12,43,59,48,104,196,141,39,191,64,42,194,115,41,197,146,188,];False
3923;9606;13529;[72,199,78,99,155,124,176,193,186,192,10,154,31,61,149,15,118,92,14,19,20,173,8,113,24,25,84,142,150,5,106,130,198,147,34,33,138,66,141,126,86,174,63,6,9,45,29,119,57,49,50,51,77,53,85,36,182,46,38,79,4,32,183,90,52,56,21,67,18,178,80,71,2,109,89,180,158,114,167,81,156,27,82,83,157,54,125,129,88,11,3,91,107,189,58,128,195,97,55,1,131,134,17,100,65,96,117,187,164,98,110,165,112,93,111,26,116,35,95,62,69,47,64,151,7,170,160,127,122,0,101,144,40,139,105,135,23,13,179,73,87,30,137,16,94,133,103,172,148,185,123,121,152,132,153,140,70,68,120,159,162,161,184,75,108,28,166,102,168,169,76,171,177,44,163,175,143,37,145,136,190,181,22,12,43,59,48,104,196,74,39,191,60,42,194,115,41,197,146,188,];False
3955;9574;13529;[72,199,78,99,155,124,176,193,186,192,10,154,31,61,149,15,118,92,14,19,121,173,8,93,24,25,84,142,150,5,106,130,198,147,34,33,138,66,141,126,86,174,63,6,9,45,29,119,57,49,50,51,77,53,85,36,182,46,38,79,4,32,183,90,52,56,21,67,18,69,80,71,2,109,89,180,158,114,167,81,156,27,82,83,157,54,125,129,88,11,3,91,107,189,58,128,195,97,55,1,131,134,17,100,65,96,117,187,164,98,110,165,112,113,111,26,116,35,95,120,178,47,64,151,160,170,7,127,122,0,101,144,40,139,105,135,23,13,179,73,87,30,137,16,94,133,103,172,148,185,123,20,152,132,153,140,70,68,62,159,162,161,184,75,108,28,166,102,168,169,76,171,177,44,163,175,143,37,145,136,190,181,22,12,43,59,48,104,196,74,39,191,60,42,194,115,41,197,146,188,];False
3862;9666;13528;[72,199,78,99,155,124,176,193,186,192,10,154,31,61,149,15,118,92,14,19,20,173,8,93,24,25,32,142,150,5,106,130,198,147,34,45,138,66,141,126,86,174,63,6,9,33,108,119,57,49,50,51,77,53,85,36,182,46,38,79,4,146,188,90,52,56,21,67,18,178,80,71,2,109,89,180,158,114,167,81,156,27,82,83,157,54,125,129,88,11,3,91,107,189,58,128,195,97,55,1,131,134,17,100,65,96,117,187,164,98,110,165,112,113,111,26,116,35,95,62,69,47,64,151,7,170,160,127,122,0,101,144,40,139,105,135,23,13,179,73,87,30,137,16,94,133,103,172,148,185,123,121,152,132,153,140,70,68,120,159,162,161,184,75,29,28,166,102,168,169,76,171,177,44,163,175,143,37,145,136,190,181,22,12,43,59,48,104,196,74,39,191,60,42,194,115,41,197,84,183,];False
3888;9640;13528;[72,199,78,99,155,124,176,193,186,192,10,154,31,61,149,15,118,92,14,19,20,173,8,93,24,25,84,142,150,5,106,130,198,147,34,33,138,66,141,126,86,174,63,6,9,45,29,119,57,49,50,51,77,53,85,36,182,46,38,79,4,32,183,90,52,56,21,67,18,178,80,71,2,109,89,112,158,114,167,81,156,27,82,83,157,54,125,129,88,11,3,91,107,189,58,128,195,97,55,1,131,134,17,100,65,96,117,187,164,98,110,165,180,113,111,26,116,35,95,62,69,47,64,151,7,170,160,127,122,0,101,144,40,139,105,135,23,13,179,73,87,30,137,16,94,133,103,172,148,185,123,121,152,132,153,140,70,68,120,159,162,161,184,75,108,28,166,102,168,169,76,171,177,44,163,175,143,37,145,136,190,181,22,12,43,59,48,104,196,74,39,191,60,42,194,115,41,197,146,188,];False
3872;9655;13527;[72,199,78,99,155,124,176,193,186,192,10,154,31,61,149,15,118,92,14,19,20,173,8,93,24,25,32,142,150,5,106,130,198,147,34,33,138,66,141,126,86,174,63,6,9,45,29,119,57,49,50,51,77,53,85,36,182,46,38,79,4,146,183,90,52,56,21,67,18,178,80,71,2,109,89,180,158,114,167,81,156,27,82,83,157,54,125,129,88,11,3,91,107,189,58,128,195,97,55,1,131,134,17,100,65,96,117,187,164,98,110,165,112,113,111,26,116,35,95,62,69,47,64,151,7,170,160,127,122,0,101,144,40,139,105,135,23,13,179,73,87,30,137,16,94,133,103,172,148,185,123,121,152,132,153,140,70,68,120,159,162,161,184,75,108,28,166,102,168,169,190,171,177,44,163,175,143,37,145,136,76,181,22,12,43,59,48,104,196,74,39,191,60,42,194,115,41,197,84,188,];False
3856;9671;13527;[160,199,78,99,155,124,176,193,186,192,10,154,31,61,149,15,118,92,14,19,20,173,8,171,24,25,32,142,150,5,106,130,198,147,34,45,138,66,141,126,86,174,63,6,9,33,29,119,57,49,50,51,77,53,85,36,182,46,38,79,4,146,188,90,52,56,21,67,18,178,80,71,2,109,89,180,158,114,167,81,156,27,82,83,157,54,125,129,88,11,3,91,107,73,58,128,195,97,55,1,131,134,17,100,65,96,117,187,164,98,110,165,112,113,111,26,116,35,95,62,69,47,64,151,7,170,72,127,122,0,101,144,40,139,105,135,23,13,179,189,87,30,137,16,94,133,103,172,148,185,123,121,132,152,153,140,70,68,120,159,162,161,184,75,108,28,166,102,168,169,76,93,177,44,163,175,143,37,145,136,190,181,22,12,43,59,48,104,196,74,39,191,60,42,194,115,41,197,84,183,];False
3973;9552;13525;[72,199,78,99,155,124,176,193,186,192,10,154,31,61,149,15,118,92,14,19,20,173,8,93,24,25,84,142,150,5,106,130,198,147,34,33,55,66,141,126,86,174,63,6,9,45,29,119,57,49,50,51,77,53,85,36,182,46,38,79,4,32,183,90,52,56,21,67,18,69,80,71,2,109,89,180,158,114,167,81,37,27,82,83,157,54,125,129,88,11,3,91,107,189,58,128,195,97,138,1,131,134,17,100,65,96,117,187,164,98,110,165,112,113,111,26,116,35,95,120,178,47,64,151,160,170,7,127,122,0,101,144,40,139,105,135,23,13,179,73,87,30,137,16,94,133,103,172,148,194,123,121,152,132,153,140,70,68,62,159,162,161,184,75,108,28,166,102,168,169,76,171,177,44,163,175,143,156,145,136,190,181,22,12,43,59,48,104,196,74,39,191,60,42,185,115,41,197,146,188,];False
3923;9602;13525;[72,199,78,103,155,124,176,193,186,192,10,154,31,61,149,15,118,92,14,19,20,173,8,93,24,25,84,142,150,5,106,130,198,147,34,33,138,66,141,126,86,174,63,6,9,45,29,119,57,49,50,51,77,53,85,36,182,46,38,79,4,32,183,90,52,56,21,67,18,69,80,71,2,109,89,180,158,114,167,81,156,27,82,83,157,54,125,129,88,11,3,91,107,189,58,128,195,97,55,1,131,134,17,100,65,96,117,187,164,98,110,165,112,113,111,26,116,35,95,62,178,47,64,151,160,170,7,127,122,0,101,144,40,139,105,135,23,13,179,73,87,30,137,16,94,133,99,172,148,185,123,121,152,132,153,140,70,68,120,159,162,161,184,75,108,28,166,102,168,169,76,171,177,44,163,175,143,37,145,136,190,181,22,12,43,59,48,104,196,74,39,191,60,42,194,115,41,197,146,188,];False
3865;9660;13525;[72,199,78,99,155,124,176,193,186,192,10,154,31,61,149,15,118,92,14,19,20,173,8,93,24,25,32,142,150,5,106,130,198,147,34,33,138,66,141,126,86,174,63,6,9,45,29,119,57,49,50,51,77,53,85,36,182,46,38,79,4,146,183,90,52,56,21,67,18,178,80,71,2,109,89,180,158,114,167,81,156,27,82,83,157,54,125,129,88,11,3,91,107,189,58,128,195,97,55,1,131,134,17,100,65,96,117,143,164,98,110,165,112,113,111,26,116,35,95,62,69,47,64,151,7,170,160,127,122,0,101,144,40,139,105,135,23,13,179,73,87,30,137,16,94,133,103,172,148,185,123,121,152,132,153,140,70,68,120,159,162,161,184,75,108,28,166,102,168,169,76,171,177,44,163,175,187,37,145,136,190,181,22,12,43,59,48,104,196,74,39,191,60,42,194,115,41,197,84,188,];False
3975;9549;13524;[199,72,78,99,155,124,176,193,186,192,10,154,31,61,149,15,118,92,14,19,20,173,8,93,24,25,131,142,150,5,106,130,198,147,34,33,55,66,74,138,86,174,63,6,9,45,29,119,57,49,50,51,77,53,85,36,182,46,38,79,190,32,183,90,52,56,21,67,18,69,80,71,2,109,89,180,158,114,167,81,37,27,82,83,157,54,125,129,88,11,3,91,107,189,58,128,195,97,126,1,84,134,17,100,65,96,117,187,7,98,110,165,112,113,111,26,116,35,95,120,178,47,60,151,160,170,39,127,122,0,101,144,40,139,105,135,23,13,179,73,87,30,137,16,94,133,103,172,148,185,123,121,152,132,153,140,70,68,62,159,162,161,184,75,108,28,166,102,168,169,76,171,177,44,163,175,143,156,145,136,4,181,22,12,43,59,48,104,196,141,164,191,64,42,194,115,41,197,146,188,];False
3890;9634;13524;[72,199,78,99,155,124,176,193,186,192,10,154,31,61,149,15,118,92,14,19,20,173,8,93,24,25,84,142,150,5,106,130,198,147,34,33,138,66,141,126,86,174,63,6,9,45,29,119,57,49,50,51,77,53,85,36,182,46,38,79,4,32,183,90,52,56,21,67,18,178,80,71,2,109,89,180,158,114,167,81,156,27,82,83,157,54,125,129,88,35,3,91,107,189,58,128,195,97,55,1,131,134,17,100,65,96,117,187,164,98,110,165,112,113,111,26,116,11,95,62,69,47,64,151,7,170,160,127,122,0,101,144,40,139,105,135,23,13,179,73,87,30,137,16,94,133,103,172,148,185,123,121,152,132,153,140,70,68,120,159,162,161,184,75,108,28,166,102,168,169,76,171,177,44,163,175,143,37,145,136,190,181,22,12,43,59,48,104,196,74,39,191,60,42,194,115,41,197,146,188,];False
3971;9552;13523;[199,72,78,99,155,124,176,193,186,192,10,154,31,61,149,15,118,92,14,19,20,173,8,93,24,25,131,142,150,5,106,130,198,147,34,33,55,66,74,138,86,174,63,6,9,45,29,119,57,49,50,51,77,53,85,36,182,46,38,79,190,32,183,90,52,56,21,67,18,69,80,71,2,109,89,180,158,114,167,81,37,27,82,83,157,54,125,129,88,11,3,91,107,189,58,128,195,97,39,1,84,134,17,100,65,96,117,187,164,98,110,165,112,113,111,26,116,35,95,120,178,47,60,151,160,170,126,127,122,0,101,28,40,139,105,135,23,13,179,73,87,30,137,16,94,133,103,172,148,185,123,121,152,132,153,140,70,68,62,159,162,161,184,75,108,144,166,102,168,169,76,171,177,44,163,175,143,156,145,136,4,181,22,12,43,59,48,104,196,141,7,191,64,42,194,115,41,197,146,188,];False
3915;9607;13522;[160,199,78,99,155,124,176,193,186,192,10,154,31,61,149,15,118,92,14,19,20,173,8,93,24,25,32,142,150,5,106,130,198,147,34,45,138,66,141,126,86,174,63,6,9,33,29,119,57,49,50,51,77,53,85,36,182,46,38,79,4,146,188,90,52,56,21,67,18,178,80,71,2,109,89,180,158,114,167,81,156,27,82,83,157,54,125,129,88,11,3,91,107,189,58,128,195,97,55,1,131,134,17,100,65,96,117,187,164,98,110,165,112,113,111,26,116,35,95,62,69,47,64,151,7,170,72,127,122,0,101,144,40,139,105,135,23,13,179,73,87,172,137,16,94,133,103,30,148,185,123,121,152,132,153,140,70,68,120,159,162,161,184,75,108,28,166,102,168,169,76,171,177,44,163,175,143,37,145,136,190,181,22,12,43,59,48,104,196,74,39,191,60,42,194,115,41,197,84,183,];False
3940;9582;13522;[199,72,78,99,155,124,176,193,186,192,10,154,31,61,149,15,118,92,14,19,20,173,8,93,24,25,131,142,150,5,106,130,198,147,34,33,55,66,74,138,86,174,63,6,9,45,29,119,57,49,50,51,77,53,85,36,182,46,38,79,190,32,183,90,52,56,21,67,18,69,80,71,2,109,89,180,158,114,167,81,37,27,82,83,157,54,125,129,88,11,3,91,107,189,58,128,195,97,126,1,84,134,17,100,65,96,117,187,164,98,110,165,112,113,111,26,116,35,95,120,178,47,60,151,160,170,39,127,122,0,101,144,40,139,105,135,23,13,179,73,87,30,137,16,94,133,103,172,148,185,123,121,152,132,153,140,70,68,62,159,162,161,184,75,108,28,166,102,168,169,76,171,177,44,163,175,143,156,145,136,4,181,22,12,43,59,48,104,196,141,7,191,64,42,194,115,41,197,146,188,];False
3839;9683;13522;[160,199,78,99,155,124,176,193,186,192,10,154,31,61,149,15,118,92,14,19,20,173,8,93,24,25,32,142,150,5,106,130,198,147,34,45,138,66,141,126,86,174,42,6,9,33,29,119,57,49,50,51,77,53,85,36,182,46,38,79,4,146,188,90,52,56,21,67,18,178,80,71,2,109,89,180,158,114,167,81,156,27,82,83,157,54,125,129,88,11,3,91,107,189,58,128,195,97,55,1,131,134,17,100,65,96,117,187,164,98,110,165,112,113,111,26,116,35,95,62,69,47,64,151,7,170,72,127,122,0,101,144,40,139,105,135,23,13,179,73,87,30,137,16,94,133,103,172,148,185,123,121,152,132,153,140,70,68,120,159,162,161,184,75,108,28,166,102,168,169,76,171,177,44,163,175,143,37,145,136,190,181,22,12,43,59,48,104,196,74,39,191,60,63,194,115,41,197,84,183,];False
3948;9573;13521;[72,199,78,99,155,38,176,193,186,192,10,154,31,61,149,15,118,92,14,19,20,173,8,93,24,25,131,142,150,5,106,130,198,147,34,33,55,66,74,138,86,174,63,6,9,45,29,119,57,49,50,51,77,53,85,36,182,46,124,79,4,32,183,90,52,56,21,67,18,69,80,71,2,109,89,180,158,114,167,81,37,27,82,83,157,54,125,129,88,11,3,91,107,189,58,128,195,97,126,1,84,134,17,100,65,96,117,187,164,98,110,165,112,113,111,26,116,35,95,120,178,47,60,151,160,170,39,127,122,0,101,144,40,139,105,135,23,13,179,73,87,30,137,16,94,133,103,172,148,185,123,121,152,132,153,140,70,68,62,159,162,161,184,75,108,28,166,102,168,169,76,171,177,44,163,175,143,156,145,136,190,181,22,12,43,59,48,104,196,141,7,191,64,42,194,115,41,197,146,188,];False
3881;9640;13521;[72,199,78,99,155,124,176,193,186,192,10,154,31,61,149,15,118,92,14,19,20,173,8,93,24,25,84,142,150,5,106,130,198,147,34,33,138,66,141,126,86,174,63,6,9,45,29,119,57,49,50,51,77,53,85,36,182,46,38,79,4,32,183,90,52,56,21,67,18,178,80,71,2,109,89,180,158,114,167,81,156,27,82,83,157,54,125,129,88,11,3,91,107,189,58,128,195,97,55,1,131,134,17,100,65,96,117,187,164,98,110,165,112,113,111,26,116,35,95,62,69,47,64,103,7,170,160,127,122,0,101,144,40,139,105,135,23,13,179,73,87,30,137,16,94,133,151,172,148,185,123,121,152,132,153,140,70,68,120,159,162,161,184,75,108,28,166,102,168,169,76,171,177,44,163,175,143,37,145,136,190,181,22,12,43,59,48,104,196,74,39,191,60,42,194,115,41,197,146,188,];False
3892;9629;13521;[72,199,78,99,155,124,176,193,186,192,10,154,31,61,149,15,118,92,14,19,20,173,8,93,24,25,84,142,150,5,106,130,198,147,34,33,138,66,141,126,86,174,63,6,9,45,29,119,57,49,50,51,77,53,85,36,182,46,38,79,4,32,183,90,52,56,21,67,18,69,80,71,2,109,89,180,158,114,167,81,156,27,82,83,157,54,125,129,88,11,3,91,107,35,58,128,195,97,55,1,131,134,17,100,65,96,117,187,164,98,110,165,112,113,111,26,116,189,95,62,178,47,64,151,160,170,7,127,122,0,101,144,40,139,105,135,23,13,179,73,87,30,137,16,94,133,103,172,148,185,123,121,152,132,153,140,70,68,120,159,162,161,184,75,108,28,166,102,168,169,76,171,177,44,163,175,143,37,145,136,190,181,22,12,43,59,48,104,196,74,39,191,60,42,194,115,41,197,146,188,];False
3909;9612;13521;[72,199,78,99,155,124,176,193,186,192,10,154,31,61,149,15,118,92,14,19,20,181,8,93,24,25,84,142,150,5,106,130,198,147,34,33,138,66,141,126,86,174,63,6,9,45,29,119,57,49,50,51,77,53,85,36,182,46,38,79,4,32,183,90,52,56,21,67,18,69,80,71,2,109,89,180,158,114,167,81,156,27,82,83,157,54,125,129,88,11,3,91,107,189,58,128,195,97,55,1,131,134,17,100,65,96,117,187,164,98,110,165,112,113,111,26,116,35,95,62,178,47,64,151,160,170,7,127,122,0,101,144,40,139,105,135,23,13,179,73,87,30,137,16,94,133,103,172,148,185,123,121,152,132,153,140,70,68,120,159,162,161,184,75,108,28,166,102,168,169,76,171,177,44,163,175,143,37,145,136,190,173,22,12,43,59,48,104,196,74,39,191,60,42,194,115,41,197,146,188,];False
3895;9626;13521;[72,199,78,99,155,124,176,193,186,192,10,154,31,61,149,15,118,92,14,19,20,173,8,93,24,25,84,142,150,5,106,130,198,147,34,33,138,66,141,126,86,174,63,6,9,45,29,119,57,49,50,51,77,53,85,36,182,46,38,79,4,32,183,90,52,56,21,67,18,40,80,71,2,109,89,180,158,114,167,81,156,27,82,83,157,54,125,129,88,11,3,91,107,189,58,128,195,97,55,1,131,134,17,100,65,96,117,187,164,98,110,165,112,113,111,26,116,35,95,62,178,47,64,151,160,170,7,127,122,0,101,144,69,139,105,135,23,13,179,73,87,30,137,16,94,133,103,172,148,185,123,121,152,132,153,140,70,68,120,159,162,161,184,75,108,28,166,102,168,169,76,171,177,44,163,175,143,37,145,136,190,181,22,12,43,59,48,104,196,74,39,191,60,42,194,115,41,197,146,188,];False
3952;9567;13519;[72,199,78,99,155,124,176,193,186,192,10,154,31,61,149,15,118,92,14,19,20,173,8,93,177,25,84,142,150,5,106,130,198,147,34,33,55,66,141,126,86,174,63,6,9,45,29,119,57,49,50,51,77,53,85,36,182,46,38,79,4,32,183,90,52,56,21,67,18,69,80,71,2,109,89,180,158,114,167,81,37,27,82,83,157,54,125,129,88,11,3,91,107,189,58,128,195,97,138,1,131,134,17,100,65,96,117,187,164,98,110,165,112,113,111,26,116,35,95,120,178,47,64,151,160,170,7,127,122,0,101,144,40,139,105,135,23,13,179,73,87,30,137,16,94,133,103,172,148,185,123,121,152,132,153,140,70,68,62,159,162,161,184,75,108,28,166,102,168,169,76,171,24,44,163,175,143,156,145,136,190,181,22,12,43,59,48,104,196,74,39,191,60,42,194,115,41,197,146,188,];False
3941;9578;13519;[72,199,78,99,155,124,176,193,186,192,10,154,31,61,149,15,118,92,14,19,20,173,8,93,24,25,84,142,150,5,106,130,198,147,34,33,138,66,141,126,86,174,63,6,9,45,29,119,57,49,50,51,77,53,85,36,182,46,38,79,4,32,183,90,52,56,21,67,18,69,80,71,2,109,89,180,158,114,167,81,37,27,82,83,157,54,125,129,88,11,3,91,107,189,58,128,195,97,55,1,131,134,17,100,65,96,117,187,164,98,110,165,112,113,111,26,116,35,95,120,178,47,64,151,160,170,7,127,122,0,101,144,40,139,105,135,23,13,179,73,87,30,137,16,94,133,103,70,148,185,123,121,152,132,153,140,172,68,62,159,162,161,184,75,108,28,166,102,168,169,76,171,177,44,163,175,143,156,145,136,190,181,22,12,43,59,48,104,196,74,39,191,60,42,194,115,41,197,146,188,];False
3887;9631;13518;[72,199,78,99,155,124,176,193,186,192,10,154,31,61,149,15,118,92,14,19,20,173,8,93,24,25,84,142,150,5,106,130,198,147,34,33,138,66,141,126,86,174,63,6,9,45,29,119,57,49,50,51,77,53,85,36,182,46,38,79,4,32,183,90,52,56,21,67,18,69,80,71,2,109,89,180,158,114,167,81,156,27,82,83,157,54,125,129,88,11,3,91,107,189,58,128,195,97,55,1,131,134,17,100,65,96,117,187,164,98,110,165,112,113,111,26,116,175,95,62,178,47,64,151,160,170,7,127,122,0,101,144,40,139,105,135,23,13,179,73,87,30,137,16,94,133,103,172,148,185,123,121,152,132,153,140,70,68,120,159,162,161,184,75,108,28,166,102,168,169,76,171,177,44,163,35,143,37,145,136,190,181,22,12,43,59,48,104,196,74,39,191,60,42,194,115,41,197,146,188,];False
3775;9743;13518;[160,199,78,99,155,124,176,193,186,192,10,154,31,61,149,15,118,92,14,19,20,173,8,171,24,25,32,142,150,5,106,130,198,147,34,45,138,66,141,126,86,174,63,6,9,33,29,119,57,49,50,51,77,53,85,36,182,46,38,79,4,146,188,90,52,56,21,67,18,178,80,71,2,109,89,180,158,114,167,81,156,27,82,83,157,54,125,129,88,11,3,91,107,189,58,128,195,97,55,1,131,134,17,100,65,96,117,187,164,98,110,165,112,113,111,26,116,35,95,62,69,145,64,151,7,170,72,127,122,0,101,144,40,139,105,135,23,13,179,73,87,30,137,16,94,133,103,172,148,185,123,121,132,152,153,140,70,68,120,159,162,161,184,75,108,28,166,102,168,169,76,93,177,44,163,175,143,37,47,136,190,181,22,12,43,59,48,104,196,74,39,191,60,42,194,115,41,197,84,183,];False
3946;9572;13518;[72,199,78,99,155,124,176,193,186,192,10,154,31,61,149,15,118,92,14,19,20,173,8,93,24,25,84,142,150,5,106,130,198,147,34,33,138,66,141,126,86,174,63,6,9,45,29,119,57,49,50,51,77,53,85,36,182,46,38,79,4,32,183,90,52,56,21,67,18,69,80,71,2,109,89,180,158,114,167,81,156,27,82,83,157,54,125,129,88,11,3,91,107,189,58,128,195,97,55,1,131,134,17,100,65,96,117,187,164,98,110,165,112,113,185,26,116,35,95,120,178,47,64,151,160,170,7,127,122,0,101,144,40,139,105,135,23,13,179,73,87,30,137,16,94,133,103,172,148,111,123,121,152,132,153,140,70,68,62,159,162,161,184,75,108,28,166,102,168,169,76,171,177,44,163,175,143,37,145,136,190,181,22,12,43,59,48,104,196,74,39,191,60,42,194,115,41,197,146,188,];False
3948;9570;13518;[199,72,78,99,155,124,176,193,186,192,10,154,31,61,149,15,118,92,14,19,153,173,8,93,24,25,131,142,150,5,106,130,198,147,34,33,55,66,74,138,86,174,63,6,9,45,29,119,57,49,50,51,77,53,85,36,182,46,38,79,190,32,183,90,52,56,21,67,18,69,80,71,2,109,89,180,158,114,167,81,37,27,82,83,157,54,125,129,88,11,3,91,107,189,58,128,195,97,126,1,84,134,17,100,65,96,117,187,164,98,110,165,112,113,111,26,116,35,95,120,178,47,60,151,160,170,39,127,122,0,101,144,40,139,105,135,23,13,179,73,87,30,137,16,94,133,103,172,148,185,123,121,152,132,20,140,70,68,62,159,162,161,184,75,108,28,166,102,168,169,76,171,177,44,163,175,143,156,145,136,4,181,22,12,43,59,48,104,196,141,7,191,64,42,194,115,41,197,146,188,];False
4001;9516;13517;[72,199,78,99,155,124,176,193,186,192,10,154,31,61,149,15,118,92,14,19,20,173,8,93,24,25,131,142,150,5,106,130,198,147,34,33,55,66,74,126,86,174,63,6,9,45,29,119,57,49,50,51,77,53,85,36,182,46,38,79,4,32,183,90,52,56,21,67,18,69,80,71,2,109,89,180,158,114,110,81,37,27,82,83,157,54,125,129,88,11,3,91,107,189,58,128,195,97,138,1,84,134,17,100,65,96,117,187,164,98,167,165,112,113,111,26,116,35,95,120,178,47,64,151,160,170,7,127,122,0,101,144,40,139,105,135,23,13,179,73,87,30,137,16,94,133,103,172,148,185,123,121,152,132,153,140,70,68,62,159,162,161,184,75,108,28,166,102,168,169,76,171,177,44,163,175,143,156,145,136,190,181,22,12,43,59,48,104,196,141,39,191,60,42,194,115,41,197,146,188,];False
3980;9536;13516;[72,199,78,99,155,124,176,193,186,192,10,154,31,61,149,15,118,92,14,19,20,173,8,93,24,25,131,142,150,5,106,130,198,147,34,33,55,66,74,126,86,174,21,6,9,45,29,119,57,49,50,51,77,53,85,36,182,46,38,79,4,32,183,90,52,56,63,67,18,69,80,71,2,109,89,180,158,114,167,81,37,27,82,83,157,54,125,129,88,11,3,91,107,189,58,128,195,97,138,1,84,134,17,100,65,96,117,187,164,98,110,165,112,113,111,26,116,35,95,120,178,47,64,151,160,170,7,127,122,0,101,144,40,139,105,135,23,13,179,73,87,30,137,16,94,133,103,172,148,185,123,121,152,132,153,140,70,68,62,159,162,161,184,75,108,28,166,102,168,169,76,171,177,44,163,175,143,156,145,136,190,181,22,12,43,59,48,104,196,141,39,191,60,42,194,115,41,197,146,188,];False
3896;9620;13516;[160,199,78,99,155,124,176,193,186,192,10,154,31,61,149,15,118,92,14,19,20,173,8,93,24,25,32,142,150,5,106,130,198,147,34,45,138,66,187,126,86,174,63,6,9,33,29,119,57,49,50,51,77,53,85,36,182,46,38,79,4,146,188,90,52,56,21,67,18,178,80,71,2,109,89,180,158,114,167,81,156,27,82,83,157,54,125,129,88,11,3,91,107,189,58,128,195,97,55,1,131,134,17,100,65,96,117,141,164,98,110,165,112,113,111,26,116,35,95,62,69,47,64,151,7,170,72,127,122,0,101,144,40,139,105,135,23,13,179,73,87,30,137,16,94,133,103,172,148,185,123,121,152,132,153,140,70,68,120,159,162,161,184,75,108,28,166,102,168,169,76,171,177,44,163,175,143,37,145,136,190,181,22,12,43,59,48,104,196,74,39,191,60,42,194,115,41,197,84,183,];False
3852;9664;13516;[72,199,78,99,155,124,176,193,186,192,10,154,31,61,149,15,118,92,14,19,20,173,8,93,24,25,84,142,150,5,106,130,198,147,12,33,138,66,141,126,86,174,63,6,9,45,29,119,57,49,50,51,77,53,85,36,182,46,38,79,4,32,183,90,52,56,21,67,18,69,80,71,2,109,89,180,158,114,167,81,156,27,82,83,157,54,125,129,88,11,3,91,107,189,58,128,195,97,55,1,131,134,17,100,65,96,117,187,164,98,110,165,112,113,111,26,116,35,95,62,178,47,64,151,160,170,7,127,122,0,101,144,40,139,105,135,23,13,179,73,87,30,137,16,94,133,103,172,148,185,123,121,152,132,153,140,70,68,120,159,162,161,184,75,108,28,166,102,168,169,76,171,177,44,163,175,143,37,145,136,190,181,22,34,43,59,48,104,196,74,39,191,60,42,194,115,41,197,146,188,];False
3829;9687;13516;[160,199,78,99,155,124,176,193,186,192,10,154,31,61,149,15,118,92,14,19,20,173,8,171,24,25,32,142,150,5,106,130,198,147,34,45,138,181,141,126,86,174,63,6,9,33,29,119,57,49,50,51,77,53,85,36,182,46,38,79,4,146,188,90,52,56,21,67,18,178,80,71,2,109,89,180,158,114,167,81,156,27,82,83,157,54,125,129,88,11,3,91,107,189,58,128,195,97,55,1,131,134,17,100,65,96,117,187,164,98,110,165,112,113,111,26,116,35,95,62,69,47,64,151,7,170,72,127,122,0,101,144,40,139,105,135,23,13,179,73,87,30,137,16,94,133,103,172,148,185,123,121,132,152,153,140,70,68,120,159,162,161,184,75,108,28,166,102,168,169,76,93,177,44,163,175,143,37,145,136,190,66,22,12,43,59,48,104,196,74,39,191,60,42,194,115,41,197,84,183,];False
3915;9601;13516;[72,199,78,99,155,124,176,193,186,192,10,154,31,61,149,15,118,92,14,19,20,173,8,93,24,25,84,142,150,5,106,130,198,147,34,33,138,66,141,126,86,174,63,6,9,45,29,119,57,49,50,51,77,53,85,36,182,46,38,79,4,32,183,90,52,56,21,67,18,69,80,71,2,109,89,180,158,114,167,81,156,27,82,83,157,54,125,129,88,11,3,91,107,189,58,128,195,181,55,1,131,134,17,100,65,96,117,187,164,98,110,165,112,113,111,26,116,35,95,62,178,47,64,151,160,170,7,127,122,0,101,144,40,139,105,135,23,13,179,73,87,30,137,16,94,133,103,172,148,185,123,121,152,132,153,140,70,68,120,159,162,161,184,75,108,28,166,102,168,169,76,171,177,44,163,175,143,37,145,136,190,97,22,12,43,59,48,104,196,74,39,191,60,42,194,115,41,197,146,188,];False
3867;9648;13515;[160,199,78,99,155,124,176,193,186,192,10,154,31,61,149,15,118,92,14,19,20,173,8,93,24,25,32,142,150,5,106,130,198,147,34,45,138,66,141,126,86,174,63,6,9,33,29,119,57,49,50,51,77,53,85,36,182,46,38,79,4,146,188,90,52,56,21,67,18,178,80,71,2,109,89,180,158,114,167,81,156,27,82,83,157,54,125,129,88,11,3,91,107,189,58,128,195,97,55,1,131,134,17,100,65,96,117,187,164,98,110,165,112,113,111,26,116,35,95,62,69,47,64,151,7,170,72,127,122,0,101,144,196,139,105,135,23,13,179,73,87,30,137,16,94,133,103,172,148,185,123,121,152,132,153,140,70,68,120,159,162,161,184,75,108,28,166,102,168,169,76,171,177,44,163,175,143,37,145,136,190,181,22,12,43,59,48,104,40,74,39,191,60,42,194,115,41,197,84,183,];False
3919;9596;13515;[72,199,78,99,155,124,176,193,186,192,10,154,31,61,149,15,118,92,14,19,20,173,8,93,24,25,84,142,150,5,106,130,198,147,34,33,138,66,141,126,86,174,63,6,9,45,29,119,57,49,50,68,77,53,85,36,182,46,38,79,4,32,183,90,52,56,21,67,18,69,80,71,2,109,89,180,158,114,167,81,156,27,82,83,157,54,125,129,88,11,3,91,107,189,58,128,195,97,55,1,131,134,17,100,65,96,117,187,164,98,110,165,112,113,111,26,116,35,95,120,178,47,64,151,160,170,7,127,122,0,101,144,40,139,105,135,23,13,179,73,87,30,137,16,94,133,103,172,148,185,123,121,152,132,153,140,70,51,62,159,162,161,184,75,108,28,166,102,168,169,76,171,177,44,163,175,143,37,145,136,190,181,22,12,43,59,48,104,196,74,39,191,60,42,194,115,41,197,146,188,];False
3934;9579;13513;[72,199,78,99,155,124,176,193,186,192,10,154,31,61,149,15,118,92,14,19,20,173,8,93,24,25,84,142,150,5,106,130,198,147,34,33,138,66,141,126,86,174,63,6,9,45,29,119,57,49,50,51,77,53,85,36,182,46,183,79,4,32,38,90,52,56,21,67,18,69,80,71,2,109,89,180,158,114,167,81,156,27,82,83,157,54,125,129,88,11,3,91,107,189,58,128,195,97,55,1,131,134,17,100,65,96,117,187,164,98,110,165,112,113,111,26,116,35,95,120,178,47,64,151,160,170,7,127,122,0,101,144,40,139,105,135,23,13,179,73,87,30,137,16,94,133,103,172,148,185,123,121,152,132,153,140,70,68,62,159,162,161,184,75,108,28,166,102,168,169,76,171,177,44,163,175,143,37,145,136,190,181,22,12,43,59,48,104,196,74,39,191,60,42,194,115,41,197,146,188,];False
3906;9607;13513;[72,199,78,99,155,124,176,193,186,192,10,154,31,61,149,15,118,92,14,19,20,173,8,93,24,25,84,142,150,5,106,130,198,147,34,33,138,66,141,126,86,174,63,6,9,45,29,119,57,49,50,51,77,53,85,36,182,46,38,79,4,32,183,90,52,56,21,67,18,69,80,71,2,109,89,180,158,114,125,81,156,27,82,83,157,54,167,129,88,11,3,91,107,189,58,128,195,97,55,1,131,134,17,100,65,96,117,187,164,98,110,165,112,113,111,26,116,35,95,62,178,47,64,151,160,170,7,127,122,0,101,144,40,139,105,135,23,13,179,73,87,30,137,16,94,133,103,172,148,185,123,121,152,132,153,140,70,68,120,159,162,161,184,75,108,28,166,102,168,169,76,171,177,44,163,175,143,37,145,136,190,181,22,12,43,59,48,104,196,74,39,191,60,42,194,115,41,197,146,188,];False
3846;9666;13512;[72,199,78,99,155,124,176,193,186,192,10,154,31,61,149,15,118,92,14,19,20,173,8,93,24,25,84,142,150,5,106,130,198,147,34,33,138,66,141,126,86,174,63,6,9,45,29,119,57,49,50,51,77,53,85,36,182,46,38,79,4,32,183,90,52,56,71,67,18,178,80,21,2,109,89,180,158,114,167,81,156,27,82,83,157,54,125,129,88,11,3,91,107,189,58,128,195,97,55,1,131,134,17,100,65,96,117,187,164,98,110,165,112,113,111,26,116,35,95,62,69,47,64,151,7,170,160,127,122,0,101,144,40,139,105,135,23,13,179,73,87,30,137,16,94,133,103,172,148,185,123,121,152,132,153,140,70,68,120,159,162,161,184,75,108,28,166,102,168,169,76,171,177,44,163,175,143,37,145,136,190,181,22,12,43,59,48,104,196,74,39,191,60,42,194,115,41,197,146,188,];False
3917;9595;13512;[72,199,78,99,155,124,176,193,186,192,10,154,31,61,149,15,118,92,14,19,20,173,8,93,24,25,84,142,150,5,106,130,198,147,34,33,138,66,141,126,86,174,63,6,9,45,29,119,57,49,50,51,77,53,85,36,182,46,38,79,4,32,183,90,52,56,21,67,18,69,80,71,2,109,89,180,158,114,167,81,156,27,82,83,157,54,125,129,88,11,3,91,107,189,58,128,195,97,55,1,131,134,17,100,65,96,117,187,164,98,110,165,112,113,111,26,116,35,95,62,178,47,64,151,160,170,7,127,122,0,101,144,40,139,105,135,23,13,179,73,87,30,137,16,94,133,103,172,148,185,123,121,152,132,153,140,70,194,120,159,162,161,184,75,108,28,166,102,168,169,76,171,177,44,163,175,143,37,145,136,190,181,22,12,43,59,48,104,196,74,39,191,60,42,68,115,41,197,146,188,];False
3807;9704;13511;[160,199,78,99,155,124,176,193,186,192,10,154,162,61,149,15,118,92,14,19,20,173,8,171,24,25,32,142,150,5,106,130,198,147,34,45,138,66,141,126,86,174,63,6,9,33,29,119,57,49,50,51,77,53,85,36,182,46,38,79,4,146,188,90,52,56,21,67,18,178,80,71,2,109,89,180,158,114,167,81,156,27,82,83,157,54,125,129,88,11,3,91,107,189,58,128,195,97,55,1,131,134,17,100,65,96,117,187,164,98,110,165,112,113,111,26,116,35,95,62,69,47,64,151,7,170,72,127,122,0,101,144,40,139,105,135,23,13,179,73,87,30,137,16,94,133,103,172,148,185,123,121,132,152,153,140,70,68,120,159,31,161,184,75,108,28,166,102,168,169,76,93,177,44,163,175,143,37,145,136,190,181,22,12,43,59,48,104,196,74,39,191,60,42,194,115,41,197,84,183,];False
3901;9610;13511;[72,199,78,99,155,124,176,193,186,192,10,154,31,61,149,15,118,92,14,19,20,173,8,93,24,25,84,142,150,5,106,130,198,147,34,33,138,66,141,126,86,174,63,6,9,45,29,119,57,49,50,51,77,53,85,36,182,46,38,79,4,32,183,90,52,56,21,67,18,69,80,71,2,109,89,180,158,114,167,81,156,27,82,83,157,54,125,129,88,11,3,91,107,189,58,128,195,97,55,1,131,134,17,100,65,96,117,187,164,98,110,165,112,113,111,26,116,35,95,62,178,47,64,151,160,170,7,127,122,0,101,144,40,139,105,135,23,13,179,73,87,30,137,16,94,133,103,172,148,185,123,121,152,132,153,140,70,68,120,188,162,161,184,75,108,28,166,102,168,169,76,171,177,44,163,175,143,37,145,136,190,181,22,12,43,59,48,104,196,74,39,191,60,42,194,115,41,197,146,159,];False
3913;9597;13510;[72,199,78,99,155,124,176,193,186,192,10,154,31,61,149,15,118,92,14,104,20,173,8,93,24,25,84,142,150,5,106,130,198,147,34,33,138,66,141,126,86,174,63,6,9,45,29,119,57,49,50,51,77,53,85,36,182,46,38,79,4,32,183,90,52,56,21,67,18,69,80,71,2,109,89,180,158,114,167,81,156,27,82,83,157,54,125,129,88,11,3,91,107,189,58,128,195,97,55,1,131,134,17,100,65,96,117,187,164,98,110,165,112,113,111,26,116,35,95,62,178,47,64,151,160,170,7,127,122,0,101,144,40,139,105,135,23,13,179,73,87,30,137,16,94,133,103,172,148,185,123,121,152,132,153,140,70,68,120,159,162,161,184,75,108,28,166,102,168,169,76,171,177,44,163,175,143,37,145,136,190,181,22,12,43,59,48,19,196,74,39,191,60,42,194,115,41,197,146,188,];False
3968;9542;13510;[72,199,78,99,155,124,176,193,186,192,10,154,31,61,149,15,118,92,14,19,20,173,8,93,24,25,131,142,150,5,106,130,198,147,34,33,55,66,74,138,86,174,63,6,9,45,29,119,57,49,50,51,77,53,85,36,182,46,38,79,190,32,183,90,52,56,21,67,18,69,80,71,2,109,89,180,158,114,167,81,141,27,82,83,157,54,125,129,88,11,3,91,107,189,58,128,195,97,126,1,84,134,17,100,65,96,117,187,164,98,110,165,112,113,111,26,116,35,95,120,178,47,60,151,160,170,39,127,122,0,101,144,40,139,105,135,23,13,179,73,87,30,137,16,94,133,103,172,148,185,123,121,152,132,153,140,70,68,62,159,162,161,184,75,108,28,166,102,168,169,76,171,177,44,163,175,143,156,145,136,4,181,22,12,43,59,48,104,196,37,7,191,64,42,194,115,41,197,146,188,];False
3846;9663;13509;[72,199,78,99,155,124,176,193,186,192,10,154,31,61,149,15,118,92,14,19,20,173,8,93,24,25,84,142,150,5,106,130,198,147,34,33,138,66,141,126,86,174,63,6,9,45,29,119,57,49,50,51,77,53,85,36,182,46,38,79,4,32,183,90,52,56,21,67,18,178,80,71,2,109,89,180,158,108,167,81,156,27,82,83,157,54,125,129,88,11,3,91,107,189,58,128,195,97,55,1,131,134,17,100,65,96,117,187,164,98,110,165,112,113,111,26,116,35,95,62,69,47,64,151,7,170,160,127,122,0,101,144,40,139,105,135,23,13,179,73,87,30,137,16,94,133,103,172,148,185,123,121,152,132,153,140,70,68,120,159,162,161,184,75,114,28,166,102,168,169,76,171,177,44,163,175,143,37,145,136,190,181,22,12,43,59,48,104,196,74,39,191,60,42,194,115,41,197,146,188,];False
3934;9574;13508;[72,199,78,99,155,124,176,193,186,192,10,154,31,61,149,15,118,92,14,19,20,173,8,93,24,25,84,142,150,5,106,147,198,130,34,33,138,66,141,126,86,174,63,6,9,45,29,119,57,49,50,51,77,53,85,36,182,46,38,79,4,32,183,90,52,56,21,67,18,69,80,71,2,109,89,180,158,114,167,81,156,27,82,83,157,54,125,129,88,11,3,91,107,189,58,128,195,97,55,1,131,134,17,100,65,96,117,187,164,98,110,165,112,113,111,26,116,35,95,62,178,47,64,151,160,170,7,127,122,0,101,144,40,139,105,135,23,13,179,73,87,30,137,16,94,133,103,172,148,185,123,121,152,132,153,140,70,68,120,159,162,161,184,75,108,28,166,102,168,169,76,171,177,44,163,175,143,37,145,136,190,181,22,12,43,59,48,104,196,74,39,191,60,42,194,115,41,197,146,188,];False
3935;9573;13508;[72,199,78,99,155,124,176,193,186,192,10,154,31,61,149,15,118,92,14,19,20,173,8,93,24,25,84,142,150,5,106,130,198,147,34,33,138,66,141,126,86,174,63,6,9,45,29,119,57,49,50,51,77,53,85,36,182,46,38,79,4,32,183,90,178,56,21,67,18,69,80,71,2,109,89,180,158,114,167,81,156,27,82,83,157,54,125,129,88,11,3,91,107,189,58,128,195,97,55,1,131,134,17,100,65,96,117,187,164,98,110,165,112,113,111,26,116,35,95,62,52,47,64,151,160,170,7,127,122,0,101,144,40,139,105,135,23,13,179,73,87,30,137,16,94,133,103,172,148,185,123,121,152,132,153,140,70,68,120,159,162,161,184,75,108,28,166,102,168,169,76,171,177,44,163,175,143,37,145,136,190,181,22,12,43,59,48,104,196,74,39,191,60,42,194,115,41,197,146,188,];False
3877;9630;13507;[72,199,78,99,155,124,176,193,186,192,10,154,31,61,149,15,118,92,14,19,20,173,8,93,24,25,84,142,150,5,106,130,198,147,34,33,138,66,141,126,86,174,63,6,9,45,29,119,57,49,50,51,77,53,85,36,182,46,38,79,4,32,183,90,52,56,21,67,18,178,80,71,2,109,89,180,158,114,167,81,156,27,82,83,157,54,125,129,88,11,3,91,107,189,58,128,195,97,164,1,131,134,17,100,65,96,117,187,55,98,110,165,112,113,111,26,116,35,95,62,69,47,64,151,7,170,160,127,122,0,101,144,40,139,105,135,23,13,179,73,87,30,137,16,94,133,103,172,148,185,123,121,152,132,153,140,70,68,120,159,162,161,184,75,108,28,166,102,168,169,76,171,177,44,163,175,143,37,145,136,190,181,22,12,43,59,48,104,196,74,39,191,60,42,194,115,41,197,146,188,];False
3945;9562;13507;[199,72,78,99,155,124,176,193,186,192,10,154,31,61,149,15,118,92,14,19,20,173,8,93,24,25,131,142,150,5,106,130,198,147,34,33,55,66,74,138,86,174,63,6,9,45,29,119,57,49,50,51,77,53,85,36,182,46,38,79,190,32,183,90,52,56,21,67,18,69,80,71,2,109,89,180,158,114,167,81,37,27,82,83,157,54,125,129,88,11,3,91,107,189,58,128,195,97,39,1,84,134,17,100,65,96,117,187,164,98,110,165,112,113,111,26,116,35,95,120,178,47,60,151,160,170,126,127,122,0,101,144,40,139,105,135,23,13,179,73,87,30,137,16,94,133,103,172,148,185,123,121,152,132,153,140,70,68,62,159,162,161,184,75,108,28,166,102,168,169,76,171,177,44,163,175,143,156,145,136,4,181,22,12,43,59,48,104,196,141,7,191,64,42,194,115,41,197,146,188,];False
3856;9649;13505;[72,199,78,99,155,124,176,193,186,192,10,154,31,61,149,15,118,92,14,19,20,173,8,93,24,25,84,142,150,195,106,130,198,147,34,33,138,66,141,126,86,174,63,6,9,45,29,119,57,49,50,51,77,53,85,36,182,46,38,79,4,32,183,90,52,56,21,67,18,178,80,71,2,109,89,180,158,114,167,81,156,27,82,83,157,54,125,129,88,11,3,91,107,189,58,128,5,97,55,1,131,134,17,100,65,96,117,187,164,98,110,165,112,113,111,26,116,35,95,62,69,47,64,151,7,170,160,127,122,0,101,144,40,139,105,135,23,13,179,73,87,30,137,16,94,133,103,172,148,185,123,121,152,132,153,140,70,68,120,159,162,161,184,75,108,28,166,102,168,169,76,171,177,44,163,175,143,37,145,136,190,181,22,12,43,59,48,104,196,74,39,191,60,42,194,115,41,197,146,188,];False
3796;9709;13505;[160,199,78,99,155,124,176,193,186,192,10,154,31,61,149,15,118,92,14,19,20,173,8,151,24,25,32,142,150,5,106,130,198,147,34,45,138,66,141,126,86,174,63,6,9,33,29,119,57,49,50,51,77,53,85,36,182,46,38,79,4,146,188,90,52,56,21,67,18,178,80,71,2,109,89,180,158,114,167,81,156,27,82,83,157,54,125,129,88,11,3,91,107,189,58,128,195,97,55,1,131,134,17,100,65,96,117,187,164,98,110,165,112,113,111,26,116,35,95,62,69,47,64,93,7,170,72,127,122,0,101,144,40,139,105,135,23,13,179,73,87,30,137,16,94,133,103,172,148,185,123,121,152,132,153,140,70,68,120,159,162,161,184,75,108,28,166,102,168,169,76,171,177,44,163,175,143,37,145,136,190,181,22,12,43,59,48,104,196,74,39,191,60,42,194,115,41,197,84,183,];False
3944;9560;13504;[72,61,78,99,155,124,176,193,186,192,10,154,31,199,149,15,118,92,14,19,20,173,8,93,24,25,84,142,150,5,106,130,198,147,34,33,138,66,141,126,86,174,63,6,9,45,29,119,57,49,50,51,77,53,85,36,182,46,38,79,4,32,183,90,52,56,21,67,18,69,80,71,2,109,89,180,158,114,167,81,156,27,82,83,157,54,125,129,88,11,3,91,107,189,58,128,195,97,55,1,131,134,17,100,65,96,117,187,164,98,110,165,112,113,111,26,116,35,95,120,178,47,64,151,160,170,7,127,122,0,101,144,40,139,105,135,23,13,179,73,87,30,137,16,94,133,103,172,148,185,123,121,152,132,153,140,70,68,62,159,162,161,184,75,108,28,166,102,168,169,76,171,177,44,163,175,143,37,145,136,190,181,22,12,43,59,48,104,196,74,39,191,60,42,194,115,41,197,146,188,];False
3874;9629;13503;[160,199,78,99,155,124,176,193,186,192,10,154,31,61,149,15,118,92,14,19,20,173,8,93,24,25,32,142,150,5,106,130,198,147,34,45,138,66,141,126,86,174,63,6,9,33,29,119,57,49,50,137,77,53,85,36,182,46,38,79,4,146,188,90,52,56,21,67,18,178,80,71,2,109,89,180,158,114,167,81,156,27,82,83,157,54,125,129,88,11,3,91,107,189,58,128,195,97,55,1,131,134,17,100,65,96,117,187,164,98,110,165,112,113,111,26,116,35,95,62,69,47,64,151,7,170,72,127,122,0,101,144,40,139,105,135,23,13,179,73,87,30,51,16,94,133,103,172,148,185,123,121,152,132,153,140,70,68,120,159,162,161,184,75,108,28,166,102,168,169,76,171,177,44,163,175,143,37,145,136,190,181,22,12,43,59,48,104,196,74,39,191,60,42,194,115,41,197,84,183,];False
3940;9562;13502;[72,199,78,99,155,124,176,193,186,192,10,154,31,61,149,15,118,92,14,19,20,173,8,93,24,25,84,142,150,5,106,130,198,147,34,33,138,66,141,126,125,174,63,6,9,45,29,119,57,49,50,51,77,53,85,36,182,46,38,79,4,32,183,90,52,56,21,67,18,69,80,71,2,109,89,180,158,114,167,81,156,27,82,83,157,54,86,129,88,11,3,91,107,189,58,128,195,97,55,1,131,134,17,100,65,96,117,187,164,98,110,165,112,113,111,26,116,35,95,62,178,47,64,151,160,170,7,127,122,0,101,144,40,139,105,135,23,13,179,73,87,30,137,16,94,133,103,172,148,185,123,121,152,132,153,140,70,68,120,159,162,161,184,75,108,28,166,102,168,169,76,171,177,44,163,175,143,37,145,136,190,181,22,12,43,59,48,104,196,74,39,191,60,42,194,115,41,197,146,188,];False
3951;9551;13502;[72,199,78,99,73,124,176,193,186,192,10,154,31,61,149,15,118,92,14,19,20,173,8,93,24,25,131,142,150,5,106,130,198,147,34,33,55,66,74,138,86,174,63,6,9,45,29,119,57,49,50,51,77,53,85,36,182,46,38,79,4,32,183,90,52,56,21,67,18,69,80,71,2,109,89,180,158,114,167,81,37,27,82,83,157,54,125,129,88,11,3,91,107,189,58,128,195,97,126,1,84,134,17,100,65,96,117,187,164,98,110,165,112,113,111,26,116,35,95,120,178,47,60,151,160,170,39,127,122,0,101,144,40,139,105,135,23,13,179,155,87,30,137,16,94,133,103,172,148,185,123,121,152,132,153,140,70,68,62,159,162,161,184,75,108,28,166,102,168,169,76,171,177,44,163,175,143,156,145,136,190,181,22,12,43,59,48,104,196,141,7,191,64,42,194,115,41,197,146,188,];False
3852;9649;13501;[160,199,78,99,155,124,176,193,186,192,10,154,31,61,149,15,118,92,14,25,20,173,8,93,24,19,32,142,150,5,106,130,198,147,34,45,138,66,141,126,86,174,63,6,9,33,29,119,57,49,50,51,77,53,85,36,182,46,38,79,4,146,188,90,52,56,21,67,18,178,80,71,2,109,89,180,158,114,167,81,156,27,82,83,157,54,125,129,88,11,3,91,107,189,58,128,195,97,55,1,131,134,17,100,65,96,117,187,164,98,110,165,112,113,111,26,116,35,95,62,69,47,64,151,7,170,72,127,122,0,101,144,40,139,105,135,23,13,179,73,87,30,137,16,94,133,103,172,148,185,123,121,152,132,153,140,70,68,120,159,162,161,184,75,108,28,166,102,168,169,76,171,177,44,163,175,143,37,145,136,190,181,22,12,43,59,48,104,196,74,39,191,60,42,194,115,41,197,84,183,];False
3838;9663;13501;[72,199,78,99,155,124,176,193,186,192,10,154,31,61,149,15,118,92,14,19,20,173,8,93,24,25,32,142,150,5,106,130,198,147,34,33,138,66,141,126,86,174,63,6,9,45,29,119,57,49,50,51,77,53,85,36,182,46,38,79,4,146,183,90,52,56,21,2,18,178,80,71,67,109,89,180,158,114,167,81,156,27,82,83,157,54,125,129,88,11,3,91,107,189,58,128,195,97,55,1,131,134,17,100,65,96,117,187,164,98,110,165,112,113,111,26,116,35,95,62,69,47,64,151,7,170,160,127,122,0,101,144,40,139,105,135,23,13,179,73,87,30,137,16,94,133,103,172,148,185,123,121,152,132,153,140,70,68,120,159,162,161,184,75,108,28,166,102,168,169,76,171,177,44,163,175,143,37,145,136,190,181,22,12,43,59,48,104,196,74,39,191,60,42,194,115,41,197,84,188,];False
3920;9581;13501;[72,199,78,99,155,124,176,193,186,192,10,154,31,61,149,15,118,92,14,19,20,173,8,93,24,25,131,142,150,5,106,130,198,147,34,33,55,66,74,138,86,174,63,6,9,45,29,119,57,49,50,51,77,53,85,36,182,46,38,79,190,32,183,90,52,56,21,67,18,69,80,71,2,109,89,180,158,114,167,81,37,27,82,83,157,54,125,129,88,11,3,91,107,189,58,128,195,97,126,1,84,134,17,100,65,96,117,187,164,98,110,165,112,113,111,26,116,35,95,120,178,47,60,151,160,170,39,127,122,0,101,144,40,139,105,135,23,13,179,73,87,30,137,16,94,133,103,172,148,185,123,121,152,132,153,140,70,68,62,159,162,161,184,75,108,28,166,102,168,169,76,171,177,44,163,175,143,156,145,136,4,181,22,12,43,59,48,104,196,141,7,191,64,42,194,115,41,197,146,188,];False
3870;9630;13500;[72,199,78,99,155,124,176,193,186,192,10,154,31,61,149,15,118,92,14,19,20,173,8,93,24,25,84,142,150,5,106,130,198,147,34,33,138,66,141,126,86,174,63,6,9,45,29,119,57,49,50,51,77,53,85,36,182,46,38,79,4,32,183,90,52,56,21,67,18,178,80,71,2,109,89,180,158,114,167,81,156,27,82,83,157,54,125,129,88,11,3,91,107,189,58,128,195,97,55,1,131,134,17,100,65,96,117,187,123,98,110,165,112,113,111,26,116,35,95,62,69,47,64,151,7,170,160,127,122,0,101,144,40,139,105,135,23,13,179,73,87,30,137,16,94,133,103,172,148,185,164,121,152,132,153,140,70,68,120,159,162,161,184,75,108,28,166,102,168,169,76,171,177,44,163,175,143,37,145,136,190,181,22,12,43,59,48,104,196,74,39,191,60,42,194,115,41,197,146,188,];False
3869;9631;13500;[160,199,78,99,155,124,176,193,130,192,10,154,31,61,149,15,118,92,14,19,20,173,8,93,24,25,32,142,150,5,106,186,198,147,34,45,138,66,141,126,86,174,63,6,9,33,29,119,57,49,50,51,77,53,85,36,182,46,38,79,4,146,188,90,52,56,21,67,18,178,80,71,2,109,89,180,158,114,167,81,156,27,82,83,157,54,125,129,88,11,3,91,107,189,58,128,195,97,55,1,131,134,17,100,65,96,117,187,164,98,110,165,112,113,111,26,116,35,95,62,69,47,64,151,7,170,72,127,122,0,101,144,40,139,105,135,23,13,179,73,87,30,137,16,94,133,103,172,148,185,123,121,152,132,153,140,70,68,120,159,162,161,184,75,108,28,166,102,168,169,76,171,177,44,163,175,143,37,145,136,190,181,22,12,43,59,48,104,196,74,39,191,60,42,194,115,41,197,84,183,];False
3876;9624;13500;[72,199,78,99,155,124,176,193,186,192,10,154,31,61,149,15,118,92,14,19,20,173,8,93,24,25,84,142,150,5,106,130,198,147,34,33,138,66,141,126,86,174,63,6,9,45,29,119,57,49,50,51,77,53,85,36,182,46,38,79,4,32,183,90,52,56,21,67,18,178,80,71,2,109,89,180,158,114,167,81,156,27,82,83,157,54,125,129,88,11,3,91,107,189,58,128,195,97,55,1,131,134,17,100,65,96,117,187,164,98,110,165,112,113,111,26,116,35,95,62,70,47,64,151,7,170,160,127,122,0,101,144,40,139,105,135,23,13,179,73,87,30,137,16,94,133,103,172,148,185,123,121,152,132,153,140,69,68,120,159,162,161,184,75,108,28,166,102,168,169,76,171,177,44,163,175,143,37,145,136,190,181,22,12,43,59,48,104,196,74,39,191,60,42,194,115,41,197,146,188,];False
3815;9684;13499;[160,199,78,99,155,124,176,193,186,192,10,154,31,61,149,15,118,92,14,19,20,173,8,171,24,25,32,142,150,5,106,130,198,147,34,45,138,66,141,126,86,174,63,6,9,33,29,119,57,49,50,51,77,53,85,36,182,46,38,79,4,146,188,90,52,56,21,67,18,178,80,71,2,1,89,180,158,114,167,81,156,27,82,83,157,54,125,129,88,11,3,91,107,189,58,128,195,97,55,109,131,134,17,100,65,96,117,187,164,98,110,165,112,113,111,26,116,35,95,62,69,47,64,151,7,170,72,127,122,0,101,144,40,139,105,135,23,13,179,73,87,30,137,16,94,133,103,172,148,185,123,121,132,152,153,140,70,68,120,159,162,161,184,75,108,28,166,102,168,169,76,93,177,44,163,175,143,37,145,136,190,181,22,12,43,59,48,104,196,74,39,191,60,42,194,115,41,197,84,183,];False
3844;9655;13499;[160,199,78,99,155,124,176,193,186,192,10,154,31,61,149,15,118,92,14,19,20,173,8,93,24,25,32,142,150,5,106,130,198,147,34,45,138,66,141,126,86,174,63,6,9,33,29,119,57,49,50,51,77,53,85,36,182,46,38,79,4,146,188,90,52,56,21,67,18,178,80,71,2,109,89,180,158,114,167,81,156,27,82,83,157,54,125,129,88,11,3,91,107,189,58,128,195,97,55,1,131,134,17,100,65,133,117,187,164,98,110,165,112,113,111,26,116,35,95,62,69,47,64,151,7,170,72,127,122,0,101,144,40,139,105,135,23,13,179,73,87,30,137,16,94,96,103,172,148,185,123,121,152,132,153,140,70,68,120,159,162,161,184,75,108,28,166,102,168,169,76,171,177,44,163,175,143,37,145,136,190,181,22,12,43,59,48,104,196,74,39,191,60,42,194,115,41,197,84,183,];False
3877;9622;13499;[72,199,78,99,155,124,176,193,186,192,10,154,31,61,149,15,118,92,14,19,20,173,8,93,24,25,84,142,150,5,106,130,198,147,34,33,138,66,141,126,86,174,63,6,115,45,29,119,57,49,50,51,77,53,85,36,182,46,38,79,4,32,183,90,52,56,21,67,18,69,80,71,2,109,89,180,158,114,167,81,156,27,82,83,157,54,125,129,88,11,3,91,107,189,58,128,195,97,55,1,131,134,17,100,65,96,117,187,164,98,110,165,112,113,111,26,116,35,95,62,178,47,64,151,160,170,7,127,122,0,101,144,40,139,105,135,23,13,179,73,87,30,137,16,94,133,103,172,148,185,123,121,152,132,153,140,70,68,120,159,162,161,184,75,108,28,166,102,168,169,76,171,177,44,163,175,143,37,145,136,190,181,22,12,43,59,48,104,196,74,39,191,60,42,194,9,41,197,146,188,];False
3868;9630;13498;[72,199,78,99,155,124,176,193,186,192,10,154,31,61,149,15,118,92,14,19,20,173,8,93,24,25,84,9,150,5,106,130,198,147,34,33,138,66,141,126,86,174,63,6,142,45,29,119,57,49,50,51,77,53,85,36,182,46,38,79,4,32,183,90,52,56,21,67,18,69,80,71,2,109,89,180,158,114,167,81,156,27,82,83,157,54,125,129,88,11,3,91,107,189,58,128,195,97,55,1,131,134,17,100,65,96,117,187,164,98,110,165,112,113,111,26,116,35,95,62,178,47,64,151,160,170,7,127,122,0,101,144,40,139,105,135,23,13,179,73,87,30,137,16,94,133,103,172,148,185,123,121,152,132,153,140,70,68,120,159,162,161,184,75,108,28,166,102,168,169,76,171,177,44,163,175,143,37,145,136,190,181,22,12,43,59,48,104,196,74,39,191,60,42,194,115,41,197,146,188,];False
3806;9691;13497;[72,199,78,99,155,124,176,193,186,192,10,154,31,61,149,15,118,92,14,19,20,173,8,93,24,25,32,142,150,5,106,130,198,122,34,33,138,66,141,126,86,174,63,6,9,45,29,119,57,49,50,51,77,53,85,36,182,46,38,79,4,146,183,90,52,56,21,67,18,178,80,71,2,109,89,180,158,114,167,81,156,27,82,83,157,54,125,129,88,11,3,91,107,189,58,128,195,97,55,1,131,134,17,100,65,96,117,187,164,98,110,165,112,113,111,26,116,35,95,62,69,47,64,151,7,170,160,127,147,0,101,144,40,139,105,135,23,13,179,73,87,30,137,16,94,133,103,172,148,185,123,121,152,132,153,140,70,68,120,159,162,161,184,75,108,28,166,102,168,169,76,171,177,44,163,175,143,37,145,136,190,181,22,12,43,59,48,104,196,74,39,191,60,42,194,115,41,197,84,188,];False
3925;9571;13496;[72,199,78,99,155,124,176,193,98,192,10,154,31,61,149,15,118,92,14,19,20,173,8,93,24,25,131,142,150,5,106,130,198,147,34,33,55,66,74,138,86,174,63,6,9,45,29,119,57,49,50,51,77,53,85,36,182,46,38,79,4,32,183,90,52,56,21,67,18,69,80,71,2,109,89,180,158,114,167,81,37,27,82,83,157,54,125,129,88,11,3,91,107,189,58,128,195,97,126,1,84,134,17,100,65,96,117,187,164,186,110,165,112,113,111,26,116,35,95,120,178,47,60,151,160,170,7,127,122,0,101,144,40,139,105,135,23,13,179,73,87,30,137,16,94,133,103,172,148,185,123,121,152,132,153,140,70,68,62,159,162,161,184,75,108,28,166,102,168,169,76,171,177,44,163,175,143,156,145,136,190,181,22,12,43,59,48,104,196,141,39,191,64,42,194,115,41,197,146,188,];False
3854;9642;13496;[160,199,78,99,155,124,176,193,186,192,10,154,31,61,149,15,118,92,14,19,20,173,8,93,24,25,32,142,150,5,106,130,198,147,34,45,138,66,141,126,86,174,63,6,9,33,29,119,57,49,50,51,77,53,85,36,182,46,38,79,4,146,188,90,52,56,21,67,18,178,80,71,2,109,89,180,158,114,167,81,156,27,82,83,157,54,125,129,88,11,3,91,107,189,58,128,195,97,55,1,131,134,17,100,65,96,117,187,164,98,110,165,112,113,111,26,116,35,95,62,69,47,64,151,7,170,72,127,122,0,101,144,40,139,105,135,23,13,84,73,87,30,137,16,94,133,103,172,148,185,123,121,152,132,153,140,70,68,120,159,162,161,184,75,108,28,166,102,168,169,76,171,177,44,163,175,143,37,145,136,190,181,22,12,43,59,48,104,196,74,39,191,60,42,194,115,41,197,179,183,];False
3946;9549;13495;[72,199,78,99,155,124,176,193,186,192,10,154,31,61,149,15,118,92,14,19,20,173,8,93,24,25,84,142,150,5,106,130,198,147,34,33,138,66,141,126,86,161,63,6,9,45,29,119,57,49,50,51,77,53,85,36,182,46,38,79,4,32,183,90,52,56,21,67,18,69,80,71,2,109,89,180,158,114,167,81,156,27,82,83,157,54,125,129,88,11,3,91,107,189,58,128,195,97,55,1,131,134,17,100,65,96,117,187,164,98,110,165,112,113,111,26,116,35,95,120,178,47,64,151,160,170,7,127,122,0,101,144,40,139,105,135,23,13,179,73,87,30,137,16,94,133,103,172,148,185,123,121,152,132,153,140,70,68,62,159,162,174,184,75,108,28,166,102,168,169,76,171,177,44,163,175,143,37,145,136,190,181,22,12,43,59,48,104,196,74,39,191,60,42,194,115,41,197,146,188,];False
3915;9580;13495;[72,199,126,99,155,124,176,193,186,192,10,154,31,61,149,15,118,92,14,19,20,173,8,93,24,25,84,142,150,5,106,130,198,147,34,33,138,66,141,78,86,174,63,6,9,45,29,119,57,49,50,51,77,53,85,36,182,46,38,79,4,32,183,90,52,56,21,67,18,178,80,71,2,109,89,180,158,114,167,81,156,27,82,83,157,54,125,129,88,11,3,91,107,189,58,128,195,97,55,1,131,134,17,100,65,96,117,187,164,98,110,165,112,113,111,26,116,35,95,62,69,47,64,151,7,170,160,127,122,0,101,144,40,139,105,135,23,13,179,73,87,30,137,16,94,133,103,172,148,185,123,121,152,132,153,140,70,68,120,159,162,161,184,75,108,28,166,102,168,169,76,171,177,44,163,175,143,37,145,136,190,181,22,12,43,59,48,104,196,74,39,191,60,42,194,115,41,197,146,188,];False
3865;9630;13495;[72,199,78,99,155,124,176,193,186,192,10,154,31,61,149,15,118,92,14,19,20,173,8,93,24,25,84,142,150,5,106,130,198,147,34,33,138,66,141,126,86,174,63,6,9,45,29,119,57,49,50,51,77,53,85,36,54,46,38,79,4,32,183,90,52,56,21,67,18,178,80,71,2,109,89,180,158,114,167,81,156,27,82,83,157,182,125,129,88,11,3,91,107,189,58,128,195,97,55,1,131,134,17,100,65,96,117,187,164,98,110,165,112,113,111,26,116,35,95,62,69,47,64,151,7,170,160,127,122,0,101,144,40,139,105,135,23,13,179,73,87,30,137,16,94,133,103,172,148,185,123,121,152,132,153,140,70,68,120,159,162,161,184,75,108,28,166,102,168,169,76,171,177,44,163,175,143,37,145,136,190,181,22,12,43,59,48,104,196,74,39,191,60,42,194,115,41,197,146,188,];False
3849;9646;13495;[160,199,78,99,155,124,176,193,186,192,10,154,31,61,149,15,118,92,14,19,20,173,8,93,24,25,32,142,150,5,183,130,198,147,34,45,138,66,141,126,86,174,63,6,9,33,29,119,57,49,50,51,77,53,85,36,182,46,38,79,4,146,188,90,52,56,21,67,18,178,80,71,2,109,89,180,158,114,167,81,156,27,82,83,157,54,125,129,88,11,3,91,107,189,58,128,195,97,55,1,131,134,17,100,65,96,117,187,164,98,110,165,112,113,111,26,116,35,95,62,69,47,64,151,7,170,72,127,122,0,101,144,40,139,105,135,23,13,179,73,87,30,137,16,94,133,103,172,148,185,123,121,152,132,153,140,70,68,120,159,162,161,184,75,108,28,166,102,168,169,76,171,177,44,163,175,143,37,145,136,190,181,22,12,43,59,48,104,196,74,39,191,60,42,194,115,41,197,84,106,];False
3874;9620;13494;[72,199,78,99,155,124,176,193,186,192,10,154,31,61,149,15,118,92,14,19,20,173,8,93,24,25,84,13,150,5,106,130,198,147,34,33,138,66,141,126,86,174,63,6,9,45,29,119,57,49,50,51,77,53,85,36,182,46,38,79,4,32,183,90,52,56,21,67,18,178,80,71,2,109,89,180,158,114,167,81,156,27,82,83,157,54,125,129,88,11,3,91,107,189,58,128,195,97,55,1,131,134,17,100,65,96,117,187,164,98,110,165,112,113,111,26,116,35,95,62,69,47,64,151,7,170,160,127,122,0,101,144,40,139,105,135,23,142,179,73,87,30,137,16,94,133,103,172,148,185,123,121,152,132,153,140,70,68,120,159,162,161,184,75,108,28,166,102,168,169,76,171,177,44,163,175,143,37,145,136,190,181,22,12,43,59,48,104,196,74,39,191,60,42,194,115,41,197,146,188,];False
3844;9650;13494;[72,199,78,99,155,124,176,193,186,192,10,154,31,61,149,15,118,92,14,19,20,173,8,93,24,25,32,142,150,5,106,130,198,147,34,45,138,66,141,126,86,174,63,6,9,33,29,119,57,49,50,51,77,53,85,36,182,46,38,79,4,146,183,90,52,56,21,67,18,178,80,71,2,109,89,180,158,114,167,81,156,27,82,83,157,54,125,129,88,11,3,91,107,189,58,128,195,97,55,1,151,134,17,100,65,96,117,187,164,98,110,165,112,113,111,26,116,35,95,62,69,47,64,131,7,170,160,127,122,0,101,144,40,139,105,135,23,13,179,73,87,30,137,16,94,133,103,172,148,185,123,121,152,132,153,140,70,68,120,159,162,161,184,75,108,28,166,102,168,169,76,171,177,44,163,175,143,37,145,136,190,181,22,12,43,59,48,104,196,74,39,191,60,42,194,115,41,197,84,188,];False
3839;9654;13493;[72,199,78,99,155,124,176,193,186,192,10,154,31,61,149,15,118,92,14,19,20,173,174,93,24,25,32,142,150,5,106,130,198,147,34,45,138,66,141,126,86,8,63,6,9,33,29,119,57,49,50,51,77,53,85,36,182,46,38,79,4,146,188,90,52,56,21,67,18,178,80,71,2,109,89,180,158,114,167,81,156,27,82,83,157,54,125,129,88,11,3,91,107,189,58,128,195,97,55,1,131,134,17,100,65,96,117,187,164,98,110,165,112,113,111,26,116,35,95,62,69,47,64,151,7,170,160,127,122,0,101,144,40,139,105,135,23,13,179,73,87,30,137,16,94,133,103,172,148,185,123,121,152,132,153,140,70,68,120,159,162,161,184,75,108,28,166,102,168,169,76,171,177,44,163,175,143,37,145,136,190,181,22,12,43,59,48,104,196,74,39,191,60,42,194,115,41,197,84,183,];False
3898;9594;13492;[72,199,78,99,155,124,176,193,186,192,10,154,31,61,149,15,118,92,14,19,20,173,63,93,24,25,84,142,150,5,106,130,198,147,34,33,138,66,141,126,86,174,8,6,9,45,29,119,57,49,50,51,77,53,85,36,182,46,38,79,4,32,183,90,52,56,21,67,18,69,80,71,2,109,89,180,158,114,167,81,156,27,82,83,157,54,125,129,88,11,3,91,107,189,58,128,195,97,55,1,131,134,17,100,65,96,117,187,164,98,110,165,112,113,111,26,116,35,95,120,178,47,64,151,160,170,7,127,122,0,101,144,40,139,105,135,23,13,179,73,87,30,137,16,94,133,103,172,148,185,123,121,152,132,153,140,70,68,62,159,162,161,184,75,108,28,166,102,168,169,76,171,177,44,163,175,143,37,145,136,190,181,22,12,43,59,48,104,196,74,39,191,60,42,194,115,41,197,146,188,];False
3852;9639;13491;[160,199,78,99,155,124,176,193,186,192,10,154,31,61,149,15,118,92,14,19,20,173,8,93,24,25,32,142,150,5,106,130,198,147,34,45,138,66,141,126,86,174,63,6,9,33,29,119,57,49,50,51,77,53,85,36,182,46,38,79,4,146,188,90,52,56,21,67,18,178,80,71,2,109,89,180,158,114,167,81,156,27,82,83,157,54,125,129,88,11,3,91,107,189,111,128,195,97,55,1,131,134,17,100,65,96,117,187,164,98,110,165,112,113,58,26,116,35,95,62,69,47,64,151,7,170,72,127,122,0,101,144,40,139,105,135,23,13,179,73,87,30,137,16,94,133,103,172,148,185,123,121,152,132,153,140,70,68,120,159,162,161,184,75,108,28,166,102,168,169,76,171,177,44,163,175,143,37,145,136,190,181,22,12,43,59,48,104,196,74,39,191,60,42,194,115,41,197,84,183,];False
3873;9618;13491;[72,199,78,99,155,124,176,193,186,192,10,154,31,61,149,15,118,92,14,19,20,173,8,93,24,25,32,142,150,5,106,130,198,147,34,45,138,66,141,126,86,174,63,6,9,33,29,119,57,49,50,51,77,53,85,36,182,46,38,79,4,146,188,90,52,56,21,67,191,178,80,71,2,109,89,180,158,114,167,81,156,27,82,83,157,54,125,129,88,11,3,91,107,189,58,128,195,97,55,1,131,134,17,100,65,96,117,187,164,98,110,165,112,113,111,26,116,35,95,62,69,47,64,151,7,170,160,127,122,0,101,144,40,139,105,135,23,13,179,73,87,30,137,16,94,133,103,172,148,185,123,121,152,132,153,140,70,68,120,159,162,161,184,75,108,28,166,102,168,169,76,171,177,44,163,175,143,37,145,136,190,181,22,12,43,59,48,104,196,74,39,18,60,42,194,115,41,197,84,183,];False
3830;9659;13489;[160,199,78,99,155,124,176,193,186,192,10,154,31,61,149,15,118,92,14,19,20,173,8,171,24,25,32,142,150,5,106,130,198,147,34,45,138,66,141,126,86,174,63,6,9,33,29,119,57,49,50,51,77,53,85,36,182,46,38,79,4,146,188,90,52,56,21,67,18,178,80,71,2,109,89,180,158,114,167,81,156,27,82,83,157,54,125,129,88,11,3,91,107,189,58,128,195,97,55,1,131,134,17,100,65,96,117,187,164,98,110,165,112,113,111,26,116,35,95,137,69,47,64,151,7,170,72,127,122,0,101,144,40,139,105,135,23,13,179,73,87,30,62,16,94,133,103,172,148,185,123,121,132,152,153,140,70,68,120,159,162,161,184,75,108,28,166,102,168,169,76,93,177,44,163,175,143,37,145,136,190,181,22,12,43,59,48,104,196,74,39,191,60,42,194,115,41,197,84,183,];False
3808;9680;13488;[160,199,78,99,155,124,176,193,186,192,10,154,31,61,149,15,108,92,14,19,20,173,8,171,24,25,32,142,150,5,106,130,198,147,34,45,138,66,141,126,86,174,63,6,9,33,29,119,57,49,50,51,77,53,85,36,182,46,38,79,4,146,188,90,52,56,21,67,18,178,80,71,2,109,89,180,158,114,167,81,156,27,82,83,157,54,125,129,88,11,3,91,107,189,58,128,195,97,55,1,131,134,17,100,65,96,117,187,164,98,110,165,112,113,111,26,116,35,95,62,69,47,64,151,7,170,72,127,122,0,101,144,40,139,105,135,23,13,179,73,87,30,137,16,94,133,103,172,148,185,123,121,132,152,153,140,70,68,120,159,162,161,184,75,118,28,166,102,168,169,76,93,177,44,163,175,143,37,145,136,190,181,22,12,43,59,48,104,196,74,39,191,60,42,194,115,41,197,84,183,];False
3849;9639;13488;[72,199,78,99,155,124,176,193,186,192,10,154,31,61,149,15,118,92,14,19,20,173,8,93,24,25,84,142,150,5,106,130,198,147,34,33,138,66,141,126,86,174,63,6,9,45,29,119,57,49,50,51,77,53,85,36,182,46,38,79,4,32,183,90,52,56,21,67,18,69,80,71,2,109,89,180,158,114,167,81,156,27,82,83,157,54,125,129,88,11,3,91,107,189,58,128,195,97,55,1,131,134,17,100,65,96,117,187,164,98,110,165,112,113,111,26,116,35,95,62,178,47,64,151,7,170,160,127,122,0,101,144,40,139,105,135,23,13,179,73,87,30,137,16,94,133,103,172,148,185,123,121,152,132,153,140,70,68,120,159,162,161,184,75,108,28,166,102,168,169,76,171,177,44,163,175,143,37,145,136,190,181,22,41,43,59,48,104,196,74,39,191,60,42,194,115,12,197,146,188,];False
3893;9595;13488;[72,199,78,99,155,124,176,193,186,192,10,154,31,61,149,15,118,92,14,19,20,173,8,93,24,25,84,142,150,5,106,130,198,147,34,33,138,66,141,126,86,174,63,6,9,45,29,119,57,49,50,51,77,53,85,36,182,46,38,79,4,32,183,90,52,56,21,67,18,69,80,71,2,109,89,180,158,114,167,81,156,27,82,83,157,54,125,129,88,11,3,91,107,189,58,128,195,97,55,1,131,134,17,100,65,127,117,187,164,98,110,165,112,113,111,26,116,35,95,62,178,47,64,151,160,170,7,96,122,0,101,144,40,139,105,135,23,13,179,73,87,30,137,16,94,133,103,172,148,185,123,121,152,132,153,140,70,68,120,159,162,161,184,75,108,28,166,102,168,169,76,171,177,44,163,175,143,37,145,136,190,181,22,12,43,59,48,104,196,74,39,191,60,42,194,115,41,197,146,188,];False
3926;9562;13488;[72,199,78,99,155,124,176,193,186,192,10,154,31,61,149,15,118,92,14,19,20,173,8,93,24,25,84,142,150,5,106,130,198,147,34,33,55,66,141,126,86,174,63,6,9,45,29,119,57,49,50,51,77,53,85,36,182,46,38,79,4,32,183,90,52,56,21,67,18,69,80,71,2,109,89,180,158,114,167,81,37,27,82,83,157,54,125,129,88,11,3,91,107,189,58,128,195,97,138,1,131,134,17,100,65,96,117,187,164,98,110,165,112,113,111,26,116,35,95,120,178,47,64,151,160,170,7,127,122,0,101,144,40,139,105,135,23,13,179,73,87,30,137,16,94,133,103,172,148,185,123,44,152,132,153,140,70,68,62,159,162,161,184,75,108,28,166,102,168,169,76,171,177,121,163,175,143,156,145,136,190,181,22,12,43,59,48,104,196,74,39,191,60,42,194,115,41,197,146,188,];False
3891;9596;13487;[72,199,78,99,155,124,176,193,186,192,10,154,31,61,149,15,118,92,14,19,20,173,8,93,24,25,191,142,150,5,106,130,198,147,34,33,138,66,141,126,86,174,63,6,9,45,29,119,57,49,50,51,77,53,85,36,182,46,38,79,4,32,183,90,52,56,21,67,18,69,80,71,2,109,89,180,158,114,167,81,156,27,82,83,157,54,125,129,88,11,3,91,107,189,58,128,195,97,55,1,131,134,17,100,65,96,117,187,164,98,110,165,112,113,111,26,116,35,95,62,178,47,64,151,7,170,160,127,122,0,101,144,40,139,105,135,23,13,179,73,87,30,137,16,94,133,103,172,148,185,123,121,152,132,153,140,70,68,120,159,162,161,184,75,108,28,166,102,168,169,76,171,177,44,163,175,143,37,145,136,190,181,22,12,43,59,48,104,196,74,39,84,60,42,194,115,41,197,146,188,];False
3797;9689;13486;[160,199,78,99,155,124,176,193,186,192,10,154,31,61,149,15,118,92,14,19,20,173,8,171,24,25,32,142,150,5,106,130,198,147,34,45,138,66,141,126,86,174,63,6,9,33,29,119,57,49,50,51,77,53,85,36,182,46,38,79,4,146,188,90,52,56,21,67,18,178,80,71,2,109,89,180,158,114,167,81,156,27,82,83,157,54,125,129,88,11,3,91,107,189,58,128,195,97,55,1,131,134,17,100,65,96,117,187,164,98,110,165,112,113,111,26,116,35,95,62,69,47,64,151,7,170,72,127,122,0,101,144,40,139,105,135,23,13,179,73,87,184,137,16,94,133,103,172,148,185,123,121,132,152,153,140,70,68,120,159,162,161,30,75,108,28,166,102,168,169,76,93,177,44,163,175,143,37,145,136,190,181,22,12,43,59,48,104,196,74,39,191,60,42,194,115,41,197,84,183,];False
3916;9570;13486;[72,199,78,99,155,124,176,193,163,192,10,154,31,61,149,15,118,92,14,19,20,173,8,93,24,25,84,142,150,5,106,130,198,147,34,33,138,66,141,126,86,174,63,6,9,45,29,119,57,49,50,51,77,53,85,36,182,46,38,79,4,32,183,90,52,56,21,67,18,69,80,71,2,109,89,180,158,114,167,81,156,27,82,83,157,54,125,129,88,11,3,91,107,189,58,128,195,97,55,1,131,134,17,100,65,96,117,187,164,98,110,165,112,113,111,26,116,35,95,120,178,47,64,151,160,170,7,127,122,0,101,144,40,139,105,135,23,13,179,73,87,30,137,16,94,133,103,172,148,185,123,121,152,132,153,140,70,68,62,159,162,161,184,75,108,28,166,102,168,169,76,171,177,44,186,175,143,37,145,136,190,181,22,12,43,59,48,104,196,74,39,191,60,42,194,115,41,197,146,188,];False
3885;9600;13485;[72,199,78,99,155,124,176,193,186,192,10,154,31,61,149,15,118,92,14,19,20,173,8,93,24,25,32,142,150,5,106,130,198,147,34,33,138,66,141,126,86,174,63,6,9,45,29,119,57,49,50,51,125,53,85,36,182,46,38,79,4,146,183,90,52,56,21,67,18,178,80,71,2,109,89,180,158,114,167,81,156,27,82,83,157,54,77,129,88,11,3,91,107,189,58,128,195,97,55,1,131,134,17,100,65,96,117,187,164,98,110,165,112,113,111,26,116,35,95,62,69,47,64,151,7,170,160,127,122,0,101,144,40,139,105,135,23,13,179,73,87,30,137,16,94,133,103,172,148,185,123,121,152,132,153,140,70,68,120,159,162,161,184,75,108,28,166,102,168,169,76,171,177,44,163,175,143,37,145,136,190,181,22,12,43,59,48,104,196,74,39,191,60,42,194,115,41,197,84,188,];False
3754;9729;13483;[160,199,78,99,155,124,176,193,186,192,10,154,31,61,149,15,118,92,14,19,20,173,8,171,24,25,32,142,150,5,106,130,198,147,34,45,138,66,141,126,86,174,63,6,9,33,29,119,57,49,50,51,77,53,85,36,182,46,38,79,4,146,188,90,52,56,71,67,18,178,80,21,2,109,89,180,158,114,167,81,156,27,82,83,157,54,125,129,88,11,3,91,107,189,58,128,195,97,55,1,131,134,17,100,65,96,117,187,164,98,110,165,112,113,111,26,116,35,95,62,69,47,64,151,7,170,72,127,122,0,101,144,40,139,105,135,23,13,179,73,87,30,137,16,94,133,103,172,148,185,123,121,132,152,153,140,70,68,120,159,162,161,184,75,108,28,166,102,168,169,76,93,177,44,163,175,143,37,145,136,190,181,22,12,43,59,48,104,196,74,39,191,60,42,194,115,41,197,84,183,];False
3869;9614;13483;[72,199,78,99,155,124,176,193,186,192,10,154,31,61,149,15,118,92,14,19,20,173,8,93,24,25,84,142,150,5,106,130,198,147,34,33,138,66,141,126,86,174,63,6,9,45,29,119,57,49,50,51,77,53,85,36,182,46,38,79,4,32,183,90,52,56,21,67,18,178,80,71,2,109,89,180,158,114,167,81,156,27,82,83,157,54,17,129,88,11,3,91,107,189,58,128,195,97,55,1,131,134,125,100,65,96,117,187,164,98,110,165,112,113,111,26,116,35,95,62,69,47,64,151,7,170,160,127,122,0,101,144,40,139,105,135,23,13,179,73,87,30,137,16,94,133,103,172,148,185,123,121,152,132,153,140,70,68,120,159,162,161,184,75,108,28,166,102,168,169,76,171,177,44,163,175,143,37,145,136,190,181,22,12,43,59,48,104,196,74,39,191,60,42,194,115,41,197,146,188,];False
3826;9657;13483;[160,199,78,99,155,124,176,193,186,192,10,154,31,61,149,15,118,92,14,19,20,173,8,93,24,25,32,142,150,5,106,130,198,147,34,45,138,66,141,126,86,174,63,6,9,33,29,119,57,49,50,51,77,53,85,36,182,46,38,79,4,146,188,90,52,56,21,67,18,178,80,71,2,109,89,180,158,114,167,81,156,27,82,83,157,54,125,129,88,11,3,91,107,189,58,128,195,97,55,1,131,134,17,100,65,96,117,187,164,98,110,165,112,113,111,26,116,35,95,62,69,47,64,151,7,170,72,127,122,0,101,144,40,139,105,135,23,13,179,73,87,30,137,16,94,133,103,172,148,185,123,121,28,132,153,140,70,68,120,159,162,161,184,75,108,152,166,102,168,169,76,171,177,44,163,175,143,37,145,136,190,181,22,12,43,59,48,104,196,74,39,191,60,42,194,115,41,197,84,183,];False
3916;9566;13482;[72,199,78,99,155,124,176,193,186,192,10,154,31,61,149,15,118,92,14,19,20,173,8,93,24,25,131,142,150,5,106,130,198,147,34,33,55,66,74,138,86,174,63,6,9,45,29,119,57,49,50,51,77,53,85,36,182,46,38,79,4,32,183,90,52,56,21,67,18,69,80,71,2,109,89,180,158,114,167,81,37,27,82,83,157,54,125,129,88,11,3,91,107,189,58,128,195,97,126,1,84,134,17,100,65,96,117,187,164,98,110,165,112,113,111,26,116,35,95,120,178,47,60,151,160,170,39,127,122,0,101,144,40,139,105,135,23,13,179,73,87,30,137,16,94,133,103,172,148,185,123,121,152,132,153,140,70,68,62,159,162,161,184,75,108,28,166,102,168,169,76,171,177,44,163,175,143,156,145,136,190,181,22,12,43,59,48,104,196,141,7,191,64,42,194,115,41,197,146,188,];False
3864;9618;13482;[72,199,78,99,155,124,176,193,186,192,10,154,31,61,149,15,118,92,14,19,20,173,8,93,24,25,84,142,150,5,106,130,198,147,34,33,138,66,141,126,86,174,63,6,9,45,29,119,57,177,50,51,77,53,85,36,182,46,38,79,4,32,183,90,52,56,21,67,18,69,80,71,2,109,89,180,158,114,167,81,156,27,82,83,157,54,125,129,88,11,3,91,107,189,58,128,195,97,55,1,131,134,17,100,65,96,117,187,164,98,110,165,112,113,111,26,116,35,95,62,178,47,64,151,160,170,7,127,122,0,101,144,40,139,105,135,23,13,179,73,87,30,137,16,94,133,103,172,148,185,123,121,152,132,153,140,70,68,120,159,162,161,184,75,108,28,166,102,168,169,76,171,49,44,163,175,143,37,145,136,190,181,22,12,43,59,48,104,196,74,39,191,60,42,194,115,41,197,146,188,];False
3869;9613;13482;[160,199,78,99,155,124,176,193,186,192,10,154,31,61,149,15,118,92,14,19,20,173,8,93,24,25,32,142,150,5,106,130,198,147,34,45,138,66,82,126,86,174,63,6,9,33,29,119,57,49,50,51,77,53,85,36,182,46,38,79,4,146,188,90,52,56,21,67,18,178,80,71,2,109,89,180,158,114,167,81,156,27,141,83,157,54,125,129,88,11,3,91,107,189,58,128,195,97,55,1,131,134,17,100,65,96,117,187,164,98,110,165,112,113,111,26,116,35,95,62,69,47,64,151,7,170,72,127,122,0,101,144,40,139,105,135,23,13,179,73,87,30,137,16,94,133,103,172,148,185,123,121,152,132,153,140,70,68,120,159,162,161,184,75,108,28,166,102,168,169,76,171,177,44,163,175,143,37,145,136,190,181,22,12,43,59,48,104,196,74,39,191,60,42,194,115,41,197,84,183,];False
3870;9612;13482;[72,199,78,99,155,124,176,193,186,192,10,154,31,61,149,15,118,92,14,19,20,173,8,93,24,25,84,38,150,5,106,130,198,147,34,33,138,66,141,126,86,174,63,6,9,45,29,119,57,49,50,51,77,53,85,36,182,46,142,79,4,32,183,90,52,56,21,67,18,69,80,71,2,109,89,180,158,114,167,81,156,27,82,83,157,54,125,129,88,11,3,91,107,189,58,128,195,97,55,1,131,134,17,100,65,96,117,187,164,98,110,165,112,113,111,26,116,35,95,62,178,47,64,151,160,170,7,127,122,0,101,144,40,139,105,135,23,13,179,73,87,30,137,16,94,133,103,172,148,185,123,121,152,132,153,140,70,68,120,159,162,161,184,75,108,28,166,102,168,169,76,171,177,44,163,175,143,37,145,136,190,181,22,12,43,59,48,104,196,74,39,191,60,42,194,115,41,197,146,188,];False
3880;9602;13482;[72,199,78,99,155,124,176,193,186,192,10,154,31,61,149,15,118,92,14,19,20,173,8,93,24,25,84,142,150,5,66,130,198,147,34,33,138,106,141,126,86,174,63,6,9,45,29,119,57,49,50,51,77,53,85,36,182,46,38,79,4,32,183,90,52,56,21,67,18,69,80,71,2,109,89,180,158,114,167,81,156,27,82,83,157,54,125,129,88,11,3,91,107,189,58,128,195,97,55,1,131,134,17,100,65,96,117,187,164,98,110,165,112,113,111,26,116,35,95,62,178,47,64,151,160,170,7,127,122,0,101,144,40,139,105,135,23,13,179,73,87,30,137,16,94,133,103,172,148,185,123,121,152,132,153,140,70,68,120,159,162,161,184,75,108,28,166,102,168,169,76,171,177,44,163,175,143,37,145,136,190,181,22,12,43,59,48,104,196,74,39,191,60,42,194,115,41,197,146,188,];False
3859;9622;13481;[72,148,78,99,155,124,176,193,186,192,10,154,31,61,149,15,118,92,14,19,20,173,8,93,24,25,84,142,150,5,106,130,198,147,34,33,138,66,141,126,86,174,63,6,9,45,29,119,57,49,50,51,77,53,85,36,182,46,38,79,4,32,183,90,52,56,21,67,18,69,80,71,2,109,89,180,158,114,167,81,156,27,82,83,157,54,125,129,88,11,3,91,107,189,58,128,195,97,55,1,131,134,17,100,65,96,117,187,164,98,110,165,112,113,111,26,116,35,95,62,178,47,64,151,160,170,7,127,122,0,101,144,40,139,105,135,23,13,179,73,87,30,137,16,94,133,103,172,199,185,123,121,152,132,153,140,70,68,120,159,162,161,184,75,108,28,166,102,168,169,76,171,177,44,163,175,143,37,145,136,190,181,22,12,43,59,48,104,196,74,39,191,60,42,194,115,41,197,146,188,];False
3799;9682;13481;[160,199,78,99,155,124,176,193,186,192,10,154,31,61,149,15,118,92,14,19,20,173,8,93,24,25,32,142,150,5,106,130,198,147,34,45,138,66,141,126,86,174,63,6,9,33,29,119,57,49,50,51,77,53,85,36,182,46,38,79,4,146,188,90,52,56,21,67,18,178,80,71,2,109,89,180,158,114,167,81,156,27,82,83,157,54,125,129,88,11,3,91,107,189,58,128,195,97,55,1,131,134,17,100,65,96,117,187,164,98,110,165,112,113,111,26,116,35,95,62,69,47,64,151,143,170,72,127,122,0,101,144,40,139,105,135,23,13,179,73,87,30,137,16,94,133,103,172,148,185,123,121,152,132,153,140,70,68,120,159,162,161,184,75,108,28,166,102,168,169,76,171,177,44,163,175,7,37,145,136,190,181,22,12,43,59,48,104,196,74,39,191,60,42,194,115,41,197,84,183,];False
3821;9659;13480;[160,199,78,99,155,124,176,193,186,192,10,154,31,61,149,15,118,92,14,19,20,173,8,171,24,25,32,142,150,5,106,130,198,147,34,45,138,66,141,126,86,174,63,6,9,33,29,119,57,49,50,51,77,53,85,36,182,46,38,79,4,146,188,90,52,56,21,67,18,178,103,71,2,109,89,180,158,114,167,81,156,27,82,83,157,54,125,129,88,11,3,91,107,189,58,128,195,97,55,1,131,134,17,100,65,96,117,187,164,98,110,165,112,113,111,26,116,35,95,62,69,47,64,151,7,170,72,127,122,0,101,144,40,139,105,135,23,13,179,73,87,30,137,16,94,133,80,172,148,185,123,121,132,152,153,140,70,68,120,159,162,161,184,75,108,28,166,102,168,169,76,93,177,44,163,175,143,37,145,136,190,181,22,12,43,59,48,104,196,74,39,191,60,42,194,115,41,197,84,183,];False
3805;9675;13480;[160,199,78,99,155,124,176,193,186,192,10,154,31,61,149,15,118,92,14,19,20,173,8,93,24,25,32,142,150,5,106,130,198,147,34,45,138,66,141,126,86,174,63,6,9,33,29,119,57,49,50,51,77,53,85,36,182,46,38,79,4,146,188,90,52,56,21,67,18,178,80,71,2,109,89,180,158,114,167,81,156,27,82,83,157,54,125,129,88,11,3,91,107,189,58,128,195,97,55,1,131,134,17,100,65,96,117,187,164,98,110,165,112,113,111,26,116,35,95,62,69,139,64,151,7,170,72,127,122,0,101,144,40,47,105,135,23,13,179,73,87,30,137,16,94,133,103,172,148,185,123,121,152,132,153,140,70,68,120,159,162,161,184,75,108,28,166,102,168,169,76,171,177,44,163,175,143,37,145,136,190,181,22,12,43,59,48,104,196,74,39,191,60,42,194,115,41,197,84,183,];False
3928;9552;13480;[72,199,78,99,155,124,176,193,186,192,10,154,31,61,149,15,118,92,14,1,20,173,8,93,24,25,131,142,150,5,106,130,198,147,34,33,55,66,74,138,86,174,63,6,9,45,29,119,57,49,50,51,77,53,85,36,182,46,38,79,4,32,183,90,52,56,21,67,18,69,80,71,2,109,89,180,158,114,167,81,37,27,82,83,157,54,125,129,88,11,3,91,107,189,58,128,195,97,126,19,84,134,17,100,65,96,117,187,164,98,110,165,112,113,111,26,116,35,95,120,178,47,60,151,160,170,39,127,122,0,101,144,40,139,105,135,23,13,179,73,87,30,137,16,94,133,103,172,148,185,123,121,152,132,153,140,70,68,62,159,162,161,184,75,108,28,166,102,168,169,76,171,177,44,163,175,143,156,145,136,190,181,22,12,43,59,48,104,196,141,7,191,64,42,194,115,41,197,146,188,];False
3821;9659;13480;[72,199,78,99,155,124,176,193,186,192,10,154,31,61,149,15,118,92,14,19,20,173,8,93,24,25,84,142,150,5,106,130,198,147,34,33,138,66,141,126,86,174,63,6,9,45,29,119,32,49,50,51,77,53,85,36,182,46,38,79,4,57,183,90,52,56,21,67,18,178,80,71,2,109,89,180,158,114,167,81,156,27,82,83,157,54,125,129,88,11,3,91,107,189,58,128,195,97,55,1,131,134,17,100,65,96,117,187,164,98,110,165,112,113,111,26,116,35,95,62,69,47,64,151,7,170,160,127,122,0,101,144,40,139,105,135,23,13,179,73,87,30,137,16,94,133,103,172,148,185,123,121,152,132,153,140,70,68,120,159,162,161,184,75,108,28,166,102,168,169,76,171,177,44,163,175,143,37,145,136,190,181,22,12,43,59,48,104,196,74,39,191,60,42,194,115,41,197,146,188,];False
3889;9591;13480;[72,199,78,99,155,124,176,193,186,192,10,154,31,61,149,15,118,92,14,19,20,173,8,93,24,25,84,142,150,5,106,130,198,147,34,33,138,66,141,126,86,174,63,6,9,45,29,119,57,49,50,51,77,53,85,36,182,46,38,79,4,32,183,90,52,56,21,67,18,179,80,71,2,109,89,180,158,114,167,81,156,27,82,83,157,54,125,129,88,11,3,91,107,189,58,128,195,97,55,1,131,134,17,100,65,96,117,187,164,98,110,165,112,113,111,26,116,35,95,62,69,47,64,151,7,170,160,127,122,0,101,144,40,139,105,135,23,13,178,73,87,30,137,16,94,133,103,172,148,185,123,121,152,132,153,140,70,68,120,159,162,161,184,75,108,28,166,102,168,169,76,171,177,44,163,175,143,37,145,136,190,181,22,12,43,59,48,104,196,74,39,191,60,42,194,115,41,197,146,188,];False
3860;9620;13480;[160,199,78,99,155,124,176,193,186,192,10,154,31,61,149,15,118,92,14,19,20,173,8,93,24,25,32,142,150,5,106,130,198,147,34,45,138,66,141,126,86,174,63,6,9,33,29,119,71,49,50,51,77,53,85,36,182,46,38,79,4,146,188,90,52,56,21,67,18,178,80,57,2,109,89,180,158,114,167,81,156,27,82,83,157,54,125,129,88,11,3,91,107,189,58,128,195,97,55,1,131,134,17,100,65,96,117,187,164,98,110,165,112,113,111,26,116,35,95,62,69,47,64,151,7,170,72,127,122,0,101,144,40,139,105,135,23,13,179,73,87,30,137,16,94,133,103,172,148,185,123,121,152,132,153,140,70,68,120,159,162,161,184,75,108,28,166,102,168,169,76,171,177,44,163,175,143,37,145,136,190,181,22,12,43,59,48,104,196,74,39,191,60,42,194,115,41,197,84,183,];False
3924;9555;13479;[72,199,78,99,155,124,176,193,186,192,10,154,31,61,149,15,118,92,14,19,20,173,100,93,24,25,84,142,150,5,106,130,198,147,34,33,138,66,141,126,86,174,63,6,9,45,29,119,57,49,50,51,77,53,85,36,182,46,38,79,4,32,183,90,52,56,21,67,18,69,80,71,2,109,89,180,158,114,167,81,156,27,82,83,157,54,125,129,88,11,3,91,107,189,58,128,195,97,55,1,131,134,17,8,65,96,117,187,164,98,110,165,112,113,111,26,116,35,95,120,178,47,64,151,160,170,7,127,122,0,101,144,40,139,105,135,23,13,179,73,87,30,137,16,94,133,103,172,148,185,123,121,152,132,153,140,70,68,62,159,162,161,184,75,108,28,166,102,168,169,76,171,177,44,163,175,143,37,145,136,190,181,22,12,43,59,48,104,196,74,39,191,60,42,194,115,41,197,146,188,];False
3878;9600;13478;[72,199,78,99,155,124,176,193,186,192,10,154,31,61,149,15,118,92,14,19,20,173,8,93,24,25,84,142,150,5,106,130,198,147,34,33,156,66,141,126,86,174,63,6,9,45,29,119,57,49,50,51,77,53,85,36,182,46,38,79,4,32,183,90,52,56,21,67,18,69,80,71,2,109,89,180,158,114,167,81,138,27,82,83,157,54,125,129,88,11,3,91,107,189,58,128,195,97,55,1,131,134,17,100,65,96,117,187,164,98,110,165,112,113,111,26,116,35,95,62,178,47,64,151,160,170,7,127,122,0,101,144,40,139,105,135,23,13,179,73,87,30,137,16,94,133,103,172,148,185,123,121,152,132,153,140,70,68,120,159,162,161,184,75,108,28,166,102,168,169,76,171,177,44,163,175,143,37,145,136,190,181,22,12,43,59,48,104,196,74,39,191,60,42,194,115,41,197,146,188,];False
3867;9611;13478;[72,199,78,99,155,124,176,193,186,192,10,154,31,61,149,15,118,92,14,19,20,173,8,93,24,25,153,142,150,5,106,130,198,147,34,33,138,66,141,126,86,174,63,6,9,45,29,119,57,49,50,51,77,53,85,36,182,46,38,79,4,32,183,90,52,56,21,67,18,69,80,71,2,109,89,180,158,114,167,81,156,27,82,83,157,54,125,129,88,11,3,91,107,189,58,128,195,97,55,1,131,134,17,100,65,96,117,187,164,98,110,165,112,113,111,26,116,35,95,62,178,47,64,151,160,170,7,127,122,0,101,144,40,139,105,135,23,13,179,73,87,30,137,16,94,133,103,172,148,185,123,121,152,132,84,140,70,68,120,159,162,161,184,75,108,28,166,102,168,169,76,171,177,44,163,175,143,37,145,136,190,181,22,12,43,59,48,104,196,74,39,191,60,42,194,115,41,197,146,188,];False
3840;9638;13478;[72,199,78,99,155,124,176,193,186,192,10,154,31,61,149,15,118,92,14,19,20,173,8,93,24,25,84,142,150,5,106,130,198,147,34,33,138,66,141,126,86,174,63,6,9,45,29,119,57,49,50,51,77,53,85,36,182,46,38,79,4,32,183,90,52,56,21,67,18,69,80,71,2,109,89,180,158,114,167,81,156,27,82,83,157,54,125,129,88,11,3,91,107,189,58,128,195,97,55,1,131,134,17,151,65,96,117,187,164,98,110,165,112,113,111,26,116,35,95,62,178,47,64,100,160,170,7,127,122,0,101,144,40,139,105,135,23,13,179,73,87,30,137,16,94,133,103,172,148,185,123,121,152,132,153,140,70,68,120,159,162,161,184,75,108,28,166,102,168,169,76,171,177,44,163,175,143,37,145,136,190,181,22,12,43,59,48,104,196,74,39,191,60,42,194,115,41,197,146,188,];False
3756;9721;13477;[160,199,78,99,155,124,176,193,186,192,10,154,31,61,149,15,118,92,14,19,20,173,8,171,24,25,32,142,150,5,106,130,198,147,34,45,138,66,141,126,86,174,63,6,9,33,29,119,57,49,158,51,77,53,85,36,182,46,38,79,4,146,188,90,52,56,21,67,18,178,80,71,2,109,89,180,50,114,167,81,156,27,82,83,157,54,125,129,88,11,3,91,107,189,58,128,195,97,55,1,131,134,17,100,65,96,117,187,164,98,110,165,112,113,111,26,116,35,95,62,69,47,64,151,7,170,72,127,122,0,101,144,40,139,105,135,23,13,179,73,87,30,137,16,94,133,103,172,148,185,123,121,132,152,153,140,70,68,120,159,162,161,184,75,108,28,166,102,168,169,76,93,177,44,163,175,143,37,145,136,190,181,22,12,43,59,48,104,196,74,39,191,60,42,194,115,41,197,84,183,];False
3963;9514;13477;[72,178,78,99,155,124,176,193,186,192,10,154,31,61,149,15,118,92,14,19,20,173,8,93,24,25,84,142,150,5,106,130,198,147,34,33,138,66,141,126,86,174,63,6,9,45,29,119,57,49,50,51,77,53,85,36,182,46,38,79,4,32,183,90,52,56,21,67,18,69,80,71,2,109,89,180,158,114,167,81,156,27,82,83,157,54,125,129,88,11,3,91,107,189,58,128,195,97,55,1,131,134,17,100,65,96,117,187,164,98,110,165,112,113,111,26,116,35,95,120,199,47,64,151,160,170,7,127,122,0,101,144,40,139,105,135,23,13,179,73,87,30,137,16,94,133,103,172,148,185,123,121,152,132,153,140,70,68,62,159,162,161,184,75,108,28,166,102,168,169,76,171,177,44,163,175,143,37,145,136,190,181,22,12,43,59,48,104,196,74,39,191,60,42,194,115,41,197,146,188,];False
3789;9688;13477;[160,199,78,99,155,124,176,193,186,192,10,154,31,61,149,15,70,92,14,19,20,173,8,171,24,25,32,142,150,5,106,130,198,147,34,45,138,66,141,126,86,174,63,6,9,33,29,119,57,49,50,51,77,53,85,36,182,46,38,79,4,146,188,90,52,56,21,67,18,178,80,71,2,109,89,180,158,114,167,81,156,27,82,83,157,54,125,129,88,11,3,91,107,189,58,128,195,97,55,1,131,134,17,100,65,96,117,187,164,98,110,165,112,113,111,26,116,35,95,62,69,47,64,151,7,170,72,127,122,0,101,144,40,139,105,135,23,13,179,73,87,30,137,16,94,133,103,172,148,185,123,121,132,152,153,140,118,68,120,159,162,161,184,75,108,28,166,102,168,169,76,93,177,44,163,175,143,37,145,136,190,181,22,12,43,59,48,104,196,74,39,191,60,42,194,115,41,197,84,183,];False
3832;9644;13476;[160,199,78,99,155,124,176,193,186,192,10,154,31,61,149,15,118,92,14,19,20,173,8,93,24,25,32,142,150,5,106,130,198,147,34,45,138,66,141,126,86,174,63,6,9,33,29,148,57,49,50,51,77,53,85,36,182,46,38,79,4,146,188,90,52,56,21,67,18,178,80,71,2,109,89,180,158,114,167,81,156,27,82,83,157,54,125,129,88,11,3,91,107,189,58,128,195,97,55,1,131,134,17,100,65,96,117,187,164,98,110,165,112,113,111,26,116,35,95,62,69,47,64,151,7,170,72,127,122,0,101,144,40,139,105,135,23,13,179,73,87,30,137,16,94,133,103,172,119,185,123,121,152,132,153,140,70,68,120,159,162,161,184,75,108,28,166,102,168,169,76,171,177,44,163,175,143,37,145,136,190,181,22,12,43,59,48,104,196,74,39,191,60,42,194,115,41,197,84,183,];False
3805;9669;13474;[72,199,78,99,155,124,176,193,186,192,10,154,31,61,149,15,118,92,14,19,20,173,8,100,24,25,32,142,150,5,106,130,198,147,34,33,138,66,141,126,86,174,63,6,9,45,29,119,57,49,50,51,77,53,85,36,182,46,38,79,4,146,183,90,52,56,21,67,18,178,80,71,2,109,89,180,158,114,167,81,156,27,82,83,157,54,125,129,88,11,3,91,107,189,58,128,195,97,55,1,131,134,17,93,65,96,117,187,164,98,110,165,112,113,111,26,116,35,95,62,69,47,64,151,7,170,160,127,122,0,101,144,40,139,105,135,23,13,179,73,87,30,137,16,94,133,103,172,148,185,123,121,152,132,153,140,70,68,120,159,162,161,184,75,108,28,166,102,168,169,76,171,177,44,163,175,143,37,145,136,190,181,22,12,43,59,48,104,196,74,39,191,60,42,194,115,41,197,84,188,];False
3965;9509;13474;[72,199,78,99,155,124,176,193,186,192,10,154,31,61,149,15,118,92,14,19,20,173,8,93,24,25,84,142,150,5,106,130,198,147,34,33,138,66,141,126,86,174,63,6,9,45,29,119,57,49,50,51,77,53,85,36,182,46,38,79,4,32,183,90,52,56,21,67,18,69,80,71,2,109,89,180,158,114,167,81,156,27,82,83,157,178,125,129,88,11,3,91,107,189,58,128,195,97,55,1,131,134,17,100,65,96,117,187,164,98,110,165,112,113,111,26,116,35,95,62,54,47,64,151,160,170,7,127,122,0,101,144,40,139,105,135,23,13,179,73,87,30,137,16,94,133,103,172,148,185,123,121,152,132,153,140,70,68,120,159,162,161,184,75,108,28,166,102,168,169,76,171,177,44,163,175,143,37,145,136,190,181,22,12,43,59,48,104,196,74,39,191,60,42,194,115,41,197,146,188,];False
3794;9679;13473;[72,199,78,192,155,124,176,193,186,99,10,154,31,61,149,15,118,92,14,19,20,173,8,93,24,25,32,142,150,5,106,130,198,147,34,45,138,66,141,126,86,174,63,6,9,33,29,119,57,49,50,51,77,53,85,36,182,46,38,79,4,146,188,90,52,56,21,67,18,178,80,71,2,109,89,180,158,114,167,81,156,27,82,83,157,54,125,129,88,11,3,91,107,189,58,128,195,97,55,1,131,134,17,100,65,96,117,187,164,98,110,165,112,113,111,26,116,35,95,62,69,47,64,151,7,170,160,127,122,0,101,144,40,139,105,135,23,13,179,73,87,30,137,16,94,133,103,172,148,185,123,121,152,132,153,140,70,68,120,159,162,161,184,75,108,28,166,102,168,169,76,171,177,44,163,175,143,37,145,136,190,181,22,12,43,59,48,104,196,74,39,191,60,42,194,115,41,197,84,183,];False
3885;9587;13472;[72,199,78,99,155,124,176,193,186,192,10,154,31,61,149,15,118,92,14,19,20,173,8,93,24,25,84,142,150,5,106,130,198,147,34,33,138,66,141,126,86,174,63,6,9,45,29,119,57,49,50,51,77,53,85,36,182,46,38,79,4,32,183,90,52,56,21,67,18,69,80,71,2,89,109,180,158,114,167,81,156,27,82,83,157,54,125,129,88,11,3,91,107,189,58,128,195,97,55,1,131,134,17,100,65,96,117,187,164,98,110,165,112,113,111,26,116,35,95,62,178,47,64,151,160,170,7,127,122,0,101,144,40,139,105,135,23,13,179,73,87,30,137,16,94,133,103,172,148,185,123,121,152,132,153,140,70,68,120,159,162,161,184,75,108,28,166,102,168,169,76,171,177,44,163,175,143,37,145,136,190,181,22,12,43,59,48,104,196,74,39,191,60,42,194,115,41,197,146,188,];False
3818;9654;13472;[160,199,78,99,155,124,176,193,186,192,10,154,31,61,149,15,118,92,14,19,20,173,8,171,24,25,32,142,150,5,106,130,198,147,34,45,138,66,141,126,86,174,63,6,9,33,29,119,57,49,50,51,77,53,85,36,182,46,38,79,4,146,188,90,52,56,21,67,18,178,80,71,2,109,89,180,158,114,167,81,156,27,82,83,157,54,125,129,88,11,3,91,107,189,58,128,195,97,55,1,131,134,17,100,65,96,117,187,164,98,110,165,112,113,111,26,116,35,95,69,62,47,64,151,7,170,72,127,122,0,101,144,40,139,105,135,23,13,179,73,87,30,137,16,94,133,103,172,148,185,123,121,132,152,153,140,70,68,120,159,162,161,184,75,108,28,166,102,168,169,76,93,177,44,163,175,143,37,145,136,190,181,22,12,43,59,48,104,196,74,39,191,60,42,194,115,41,197,84,183,];False
3937;9534;13471;[72,199,78,99,155,124,176,193,186,192,10,154,31,61,149,15,118,92,14,19,20,173,8,93,24,25,131,142,150,5,106,130,198,147,189,33,55,66,74,126,86,174,63,6,9,45,29,119,57,49,50,51,77,53,85,36,182,46,38,79,4,32,183,90,52,56,21,67,18,69,80,71,2,109,89,180,158,114,167,81,37,27,82,83,157,54,125,129,88,11,3,91,107,34,58,128,195,97,138,1,84,134,17,100,65,96,117,187,164,98,110,165,112,113,111,26,116,35,95,120,178,47,64,151,160,170,7,127,122,0,101,144,40,139,105,135,23,13,179,73,87,30,137,16,94,133,103,172,148,185,123,121,152,132,153,140,70,68,62,159,162,161,184,75,108,28,166,102,168,169,76,171,177,44,163,175,143,156,145,136,190,181,22,12,43,59,48,104,196,141,39,191,60,42,194,115,41,197,146,188,];False
3847;9624;13471;[72,199,78,99,155,124,176,193,186,192,10,154,31,61,149,15,118,92,14,19,20,173,8,93,24,25,84,142,150,5,106,130,198,147,34,33,138,66,141,126,86,174,63,6,9,45,29,119,57,146,50,51,77,53,85,36,182,46,38,79,4,32,183,90,52,56,21,67,18,178,80,71,2,109,89,180,158,114,167,81,156,27,82,83,157,54,125,129,88,11,3,91,107,189,58,128,195,97,55,1,131,134,17,100,65,96,117,187,164,98,110,165,112,113,111,26,116,35,95,62,69,47,64,151,7,170,160,127,122,0,101,144,40,139,105,135,23,13,179,73,87,30,137,16,94,133,103,172,148,185,123,121,152,132,153,140,70,68,120,159,162,161,184,75,108,28,166,102,168,169,76,171,177,44,163,175,143,37,145,136,190,181,22,12,43,59,48,104,196,74,39,191,60,42,194,115,41,197,49,188,];False
3950;9521;13471;[72,199,78,99,155,124,176,193,186,192,10,154,31,61,149,15,118,92,14,19,20,173,8,93,24,25,84,142,150,5,106,130,198,147,34,33,55,66,141,126,86,174,63,6,9,45,29,119,57,49,50,51,77,53,85,36,182,46,38,79,4,32,183,90,52,56,21,67,18,69,80,71,2,109,89,180,158,114,167,81,37,27,82,83,157,54,125,129,88,11,3,91,107,189,58,128,195,97,138,1,131,134,17,100,65,168,117,187,164,98,110,165,112,113,111,26,116,35,95,120,178,47,64,151,160,170,7,127,122,0,101,144,40,139,105,135,23,13,179,73,87,30,137,16,94,133,103,172,148,185,123,121,152,132,153,140,70,68,62,159,162,161,184,75,108,28,166,102,96,169,76,171,177,44,163,175,143,156,145,136,190,181,22,12,43,59,48,104,196,74,39,191,60,42,194,115,41,197,146,188,];False
3836;9635;13471;[72,199,78,99,155,124,176,193,186,192,10,154,31,61,149,15,118,92,14,19,20,173,8,93,24,25,84,142,150,5,106,130,198,147,34,33,138,66,141,126,86,174,63,6,9,45,29,119,57,49,50,51,77,53,85,36,182,46,38,79,4,32,183,90,52,56,21,67,18,178,80,71,2,109,89,180,158,114,167,81,156,27,82,83,157,54,125,129,88,11,3,91,107,189,58,128,195,97,55,1,131,134,17,100,65,96,117,187,164,98,110,165,112,113,111,26,116,35,95,62,69,47,64,151,7,170,160,127,122,0,101,144,40,139,105,135,23,13,179,73,87,30,137,16,94,133,103,172,148,185,123,121,152,132,153,140,70,68,120,159,162,161,184,75,108,28,166,102,168,169,76,171,177,42,163,175,143,37,145,136,190,181,22,12,43,59,48,104,196,74,39,191,60,44,194,115,41,197,146,188,];False
3879;9591;13470;[72,199,78,99,155,124,176,193,186,192,10,154,31,61,149,15,118,92,14,19,20,173,8,93,24,25,84,142,150,5,106,130,188,147,34,33,138,66,141,126,86,174,63,6,9,45,29,119,57,49,50,51,77,53,85,36,182,46,38,79,4,32,183,90,52,56,21,67,18,178,80,71,2,109,89,180,158,114,167,81,156,27,82,83,157,54,125,129,88,11,3,91,107,189,58,128,195,97,55,1,131,134,17,100,65,96,117,187,164,98,110,165,112,113,111,26,116,35,95,62,69,47,64,151,7,170,160,127,122,0,101,144,40,139,105,135,23,13,179,73,87,30,137,16,94,133,103,172,148,185,123,121,152,132,153,140,70,68,120,159,162,161,184,75,108,28,166,102,168,169,76,171,177,44,163,175,143,37,145,136,190,181,22,12,43,59,48,104,196,74,39,191,60,42,194,115,41,197,146,198,];False
3902;9568;13470;[72,199,78,99,155,124,176,193,186,192,10,154,31,61,149,15,118,92,194,19,20,173,8,93,24,25,84,142,150,5,106,130,198,147,34,33,55,66,141,126,86,174,63,6,9,45,29,119,57,49,50,51,77,53,85,36,182,46,38,79,4,32,183,90,52,56,21,67,18,69,80,71,2,109,89,180,158,114,167,81,37,27,82,83,157,54,125,129,88,11,3,91,107,189,58,128,195,97,138,1,131,134,17,100,65,96,117,187,164,98,110,165,112,113,111,26,116,35,95,120,178,47,64,151,160,170,7,127,122,0,101,144,40,139,105,135,23,13,179,73,87,30,137,16,94,133,103,172,148,185,123,121,152,132,153,140,70,68,62,159,162,161,184,75,108,28,166,102,168,169,76,171,177,44,163,175,143,156,145,136,190,181,22,12,43,59,48,104,196,74,39,191,60,42,14,115,41,197,146,188,];False
3898;9571;13469;[72,199,78,99,155,124,176,193,186,192,10,154,31,61,149,15,118,92,14,19,20,173,8,93,24,25,131,142,150,5,106,130,198,147,34,33,55,66,74,138,86,174,63,6,9,45,29,119,57,49,50,51,77,53,85,36,182,46,38,79,4,32,183,90,52,56,21,67,18,69,80,71,2,109,89,180,158,114,167,81,37,27,82,83,157,54,125,129,88,11,3,91,107,189,58,128,195,97,126,1,84,134,17,100,65,96,117,187,164,98,110,165,112,113,111,26,116,35,95,120,178,47,60,151,160,170,7,127,122,0,101,144,40,139,105,135,23,13,179,73,87,30,137,16,94,133,103,172,148,185,123,121,152,132,153,140,70,68,62,159,162,161,184,75,108,28,166,102,168,169,76,171,177,44,163,175,143,156,145,136,190,181,22,12,43,59,48,104,196,141,39,191,64,42,194,115,41,197,146,188,];False
3825;9644;13469;[160,199,78,99,155,124,176,193,186,192,10,154,31,61,149,15,118,92,14,19,20,173,8,93,24,25,32,142,150,5,106,130,198,147,34,45,138,66,141,126,86,174,63,6,9,33,29,119,57,49,50,51,77,53,85,36,182,46,38,79,4,146,188,90,52,56,21,67,18,178,80,71,2,109,89,180,158,114,167,81,156,27,82,83,157,54,125,129,88,11,3,91,107,189,58,128,195,97,55,1,131,134,17,100,65,96,117,187,164,98,110,165,112,113,111,26,116,35,95,62,69,47,43,151,7,170,72,127,122,0,101,144,40,139,105,135,23,13,179,73,87,30,137,16,94,133,103,172,148,185,123,121,152,132,153,140,70,68,120,159,162,161,184,75,108,28,166,102,168,169,76,171,177,44,163,175,143,37,145,136,190,181,22,12,64,59,48,104,196,74,39,191,60,42,194,115,41,197,84,183,];False
3896;9572;13468;[72,199,78,99,155,124,176,193,186,192,10,154,31,61,149,15,118,92,14,19,20,173,8,93,24,38,84,142,150,5,106,130,198,147,34,33,55,66,141,126,86,174,63,6,9,45,29,119,57,49,50,51,77,53,85,36,182,46,25,79,4,32,183,90,52,56,21,67,18,69,80,71,2,109,89,180,158,114,167,81,37,27,82,83,157,54,125,129,88,11,3,91,107,189,58,128,195,97,138,1,131,134,17,100,65,96,117,187,164,98,110,165,112,113,111,26,116,35,95,120,178,47,64,151,160,170,7,127,122,0,101,144,40,139,105,135,23,13,179,73,87,30,137,16,94,133,103,172,148,185,123,121,152,132,153,140,70,68,62,159,162,161,184,75,108,28,166,102,168,169,76,171,177,44,163,175,143,156,145,136,190,181,22,12,43,59,48,104,196,74,39,191,60,42,194,115,41,197,146,188,];False
3772;9696;13468;[160,199,78,99,155,124,176,193,186,192,10,154,31,61,149,15,118,92,14,19,20,173,8,171,24,25,32,142,150,5,106,130,198,147,34,45,138,66,141,126,86,174,63,6,9,33,29,119,57,49,50,51,77,53,85,36,182,46,38,79,4,146,188,90,52,56,21,67,18,178,80,71,2,109,89,180,158,114,167,81,156,27,82,83,157,54,125,129,88,11,145,91,107,189,58,128,195,97,55,1,131,134,17,100,65,96,117,187,164,98,110,165,112,113,111,26,116,35,95,62,69,47,64,151,7,170,72,127,122,0,101,144,40,139,105,135,23,13,179,73,87,30,137,16,94,133,103,172,148,185,123,121,132,152,153,140,70,68,120,159,162,161,184,75,108,28,166,102,168,169,76,93,177,44,163,175,143,37,3,136,190,181,22,12,43,59,48,104,196,74,39,191,60,42,194,115,41,197,84,183,];False
3811;9657;13468;[160,199,78,99,155,124,176,193,186,192,10,154,31,61,149,15,118,92,14,19,20,173,8,93,24,25,32,142,150,5,106,130,198,147,34,45,138,66,141,126,86,174,63,6,9,33,29,119,57,49,50,51,77,53,85,36,182,46,38,79,4,146,188,90,52,56,21,67,18,178,80,71,2,109,89,180,158,114,167,81,156,27,82,83,157,54,125,129,88,11,3,91,107,189,58,128,195,97,55,1,131,134,17,100,65,96,117,187,164,98,110,165,112,113,111,26,116,35,95,62,69,47,64,151,7,170,72,127,122,0,101,144,40,139,105,135,23,13,179,73,87,30,137,16,94,133,103,172,148,185,123,121,152,132,153,140,70,68,120,159,162,161,184,75,108,28,166,102,168,169,76,171,177,44,163,175,143,37,145,136,190,181,22,12,84,59,48,104,196,74,39,191,60,42,194,115,41,197,43,183,];False
3881;9587;13468;[72,199,78,99,155,124,176,193,186,192,10,154,31,61,149,15,118,92,14,19,20,173,8,93,24,25,84,142,150,5,106,130,198,147,34,33,55,66,141,126,86,174,63,6,9,45,29,119,57,49,50,51,77,53,85,36,182,46,38,79,4,32,183,90,52,56,21,67,18,69,80,71,2,109,89,180,158,114,167,81,37,27,82,83,157,54,125,129,88,11,3,91,107,189,58,128,195,97,138,1,131,134,17,100,65,96,117,187,164,98,110,165,112,113,111,26,116,35,95,120,178,47,64,151,160,170,7,127,122,0,101,194,40,139,105,135,23,13,179,73,87,30,137,16,94,133,103,172,148,185,123,121,152,132,153,140,70,68,62,159,162,161,184,75,108,28,166,102,168,169,76,171,177,44,163,175,143,156,145,136,190,181,22,12,43,59,48,104,196,74,39,191,60,42,144,115,41,197,146,188,];False
3743;9725;13468;[160,199,78,99,155,124,176,193,186,192,10,154,31,61,149,15,118,92,14,19,20,173,8,171,24,25,32,142,150,5,106,130,198,147,34,45,138,21,141,126,86,174,63,6,9,33,29,119,57,49,50,51,77,53,85,36,182,46,38,79,4,146,188,90,52,56,66,67,18,178,80,71,2,109,89,180,158,114,167,81,156,27,82,83,157,54,125,129,88,11,3,91,107,189,58,128,195,97,55,1,131,134,17,100,65,96,117,187,164,98,110,165,112,113,111,26,116,35,95,62,69,47,64,151,7,170,72,127,122,0,101,144,40,139,105,135,23,13,179,73,87,30,137,16,94,133,103,172,148,185,123,121,132,152,153,140,70,68,120,159,162,161,184,75,108,28,166,102,168,169,76,93,177,44,163,175,143,37,145,136,190,181,22,12,43,59,48,104,196,74,39,191,60,42,194,115,41,197,84,183,];False
3899;9566;13465;[72,199,78,99,155,124,176,193,186,192,10,154,31,61,149,15,118,92,14,19,20,173,8,93,24,25,84,142,150,5,106,130,198,147,34,33,55,66,141,126,86,174,63,6,9,45,29,119,57,49,50,51,77,53,85,36,182,46,38,79,4,32,183,90,52,56,21,67,18,69,80,71,2,109,89,180,158,114,167,81,37,27,82,83,157,54,125,129,88,11,3,91,107,189,58,128,195,97,138,1,131,134,17,100,65,96,117,187,164,98,110,165,112,113,111,26,116,35,95,120,178,47,64,151,160,170,7,127,122,0,101,144,40,139,105,135,23,13,179,73,87,30,137,16,94,133,103,172,148,185,123,121,152,132,153,140,70,68,62,159,162,161,102,75,108,28,166,184,168,169,76,171,177,44,163,175,143,156,145,136,190,181,22,12,43,59,48,104,196,74,39,191,60,42,194,115,41,197,146,188,];False
3832;9632;13464;[160,199,78,99,155,124,176,193,186,192,10,154,31,61,149,15,118,92,14,19,20,173,8,93,24,25,32,142,150,5,106,130,198,147,34,45,138,66,141,126,86,174,63,6,9,33,29,119,57,49,50,51,77,53,85,36,182,46,38,79,4,146,188,90,52,56,21,67,18,178,80,71,2,109,89,180,158,114,167,81,156,27,82,83,157,54,125,129,88,11,3,91,107,189,58,128,195,97,55,1,131,134,17,100,65,30,117,187,164,98,110,165,112,113,111,26,116,35,95,62,69,47,64,151,7,170,72,127,122,0,101,144,40,139,105,135,23,13,179,73,87,96,137,16,94,133,103,172,148,185,123,121,152,132,153,140,70,68,120,159,162,161,184,75,108,28,166,102,168,169,76,171,177,44,163,175,143,37,145,136,190,181,22,12,43,59,48,104,196,74,39,191,60,42,194,115,41,197,84,183,];False
3833;9631;13464;[72,199,78,99,155,124,176,193,186,192,10,154,31,61,149,15,118,92,14,19,20,173,8,93,24,25,84,142,150,5,106,130,198,147,34,33,138,66,141,126,86,174,63,6,9,45,29,119,57,49,50,51,77,53,85,36,182,46,38,79,4,32,183,90,52,56,21,67,18,178,80,71,2,109,89,180,158,114,167,81,156,27,82,83,157,54,125,44,88,11,3,91,107,189,58,128,195,97,55,1,131,134,17,100,65,96,117,187,164,98,110,165,112,113,111,26,116,35,95,62,69,47,64,151,7,170,160,127,122,0,101,144,40,139,105,135,23,13,179,73,87,30,137,16,94,133,103,172,148,185,123,121,152,132,153,140,70,68,120,159,162,161,184,75,108,28,166,102,168,169,76,171,177,129,163,175,143,37,145,136,190,181,22,12,43,59,48,104,196,74,39,191,60,42,194,115,41,197,146,188,];False
3876;9588;13464;[72,199,78,99,155,124,176,193,186,192,10,154,31,61,149,15,118,92,14,19,20,173,8,93,24,25,84,142,150,5,106,130,198,147,34,33,138,66,141,126,86,174,63,6,9,45,29,119,57,49,50,51,77,53,17,36,182,46,38,79,4,32,183,90,52,56,21,67,18,69,80,71,2,109,89,180,158,114,167,81,156,27,82,83,157,54,125,129,88,11,3,91,107,189,58,128,195,97,55,1,131,134,85,100,65,96,117,187,164,98,110,165,112,113,111,26,116,35,95,62,178,47,64,151,160,170,7,127,122,0,101,144,40,139,105,135,23,13,179,73,87,30,137,16,94,133,103,172,148,185,123,121,152,132,153,140,70,68,120,159,162,161,184,75,108,28,166,102,168,169,76,171,177,44,163,175,143,37,145,136,190,181,22,12,43,59,48,104,196,74,39,191,60,42,194,115,41,197,146,188,];False
3863;9600;13463;[72,199,78,99,155,124,176,193,186,192,10,154,31,61,149,15,118,92,14,19,20,173,8,93,24,25,84,142,150,5,106,130,198,147,34,33,138,66,141,126,86,174,63,6,9,45,29,119,57,49,50,51,77,53,85,36,182,46,38,79,4,32,183,90,52,56,21,67,18,69,80,71,2,109,89,180,158,114,167,81,156,27,82,83,157,54,125,129,88,11,3,91,107,189,58,128,195,97,55,1,131,134,17,100,65,96,117,187,164,98,110,165,112,113,111,26,116,123,95,62,178,47,64,151,160,170,7,127,122,0,101,144,40,139,105,135,23,13,179,73,87,30,137,16,94,133,103,172,148,185,35,121,152,132,153,140,70,68,120,159,162,161,184,75,108,28,166,102,168,169,76,171,177,44,163,175,143,37,145,136,190,181,22,12,43,59,48,104,196,74,39,191,60,42,194,115,41,197,146,188,];False
3873;9589;13462;[72,199,78,99,155,124,176,193,186,192,10,154,31,61,149,15,118,92,14,19,20,173,8,93,24,25,84,142,150,5,106,130,198,147,34,33,88,66,141,126,86,174,63,6,9,45,29,119,57,49,50,51,77,53,85,36,182,46,38,79,4,32,183,90,52,56,21,67,18,69,80,71,2,109,89,180,158,114,167,81,156,27,82,83,157,54,125,129,138,11,3,91,107,189,58,128,195,97,55,1,131,134,17,100,65,96,117,187,164,98,110,165,112,113,111,26,116,35,95,120,178,47,64,151,160,170,7,127,122,0,101,144,40,139,105,135,23,13,179,73,87,30,137,16,94,133,103,172,148,185,123,121,152,132,153,140,70,68,62,159,162,161,184,75,108,28,166,102,168,169,76,171,177,44,163,175,143,37,145,136,190,181,22,12,43,59,48,104,196,74,39,191,60,42,194,115,41,197,146,188,];False
3815;9647;13462;[160,199,78,99,155,124,176,193,186,192,10,154,31,61,149,15,118,92,14,19,20,173,8,93,24,25,32,142,150,5,106,130,198,147,34,45,138,66,141,126,86,174,63,6,9,33,29,119,57,49,50,51,77,53,85,36,182,46,38,79,4,146,188,90,52,56,21,67,18,178,80,71,2,109,89,180,158,114,167,81,156,27,82,83,157,54,125,129,88,11,3,0,107,189,58,128,195,97,55,1,131,134,17,100,65,96,117,187,164,98,110,165,112,113,111,26,116,35,95,62,69,47,64,151,7,170,72,127,122,91,101,144,40,139,105,135,23,13,179,73,87,30,137,16,94,133,103,172,148,185,123,121,152,132,153,140,70,68,120,159,162,161,184,75,108,28,166,102,168,169,76,171,177,44,163,175,143,37,145,136,190,181,22,12,43,59,48,104,196,74,39,191,60,42,194,115,41,197,84,183,];False
3801;9661;13462;[72,199,78,99,155,124,176,193,186,192,10,154,31,61,149,15,118,92,14,19,20,173,8,93,131,25,84,142,150,5,106,130,198,147,34,33,138,66,141,126,86,174,63,6,9,45,29,119,57,49,50,51,77,53,85,36,182,46,38,79,4,32,183,90,52,56,21,67,18,178,80,71,2,109,89,180,158,114,167,81,156,27,82,83,157,54,125,129,88,11,3,91,107,189,58,128,195,97,55,1,24,134,17,100,65,96,117,187,164,98,110,165,112,113,111,26,116,35,95,62,69,47,64,151,7,170,160,127,122,0,101,144,40,139,105,135,23,13,179,73,87,30,137,16,94,133,103,172,148,185,123,121,152,132,153,140,70,68,120,159,162,161,184,75,108,28,166,102,168,169,76,171,177,44,163,175,143,37,145,136,190,181,22,12,43,59,48,104,196,74,39,191,60,42,194,115,41,197,146,188,];False
3966;9494;13460;[199,72,78,99,155,124,176,193,186,192,10,154,31,61,149,15,118,92,14,19,20,173,8,93,24,25,131,142,150,5,106,130,198,147,34,33,55,66,74,138,86,174,63,6,9,45,29,119,57,49,50,51,77,53,85,36,182,46,38,79,190,32,183,90,52,56,21,67,18,69,80,71,2,109,89,180,158,114,167,81,37,27,82,83,157,41,125,129,88,11,3,91,107,189,58,128,195,97,39,1,84,134,17,100,65,96,117,187,164,98,110,165,112,113,111,26,116,35,95,120,178,47,60,151,160,170,126,127,122,0,101,144,40,139,105,135,23,13,179,73,87,30,137,16,94,133,103,172,148,185,123,121,152,132,153,140,70,68,62,159,162,161,184,75,108,28,166,102,168,169,76,171,177,44,163,175,143,156,145,136,4,181,22,12,43,59,48,104,196,141,7,191,64,42,194,115,54,197,146,188,];False
3869;9591;13460;[72,199,78,99,155,124,176,193,186,192,10,154,31,61,149,15,118,92,14,19,20,173,8,93,24,25,84,142,150,5,106,130,198,147,34,33,138,66,141,126,86,174,63,6,9,45,29,119,57,58,50,51,77,53,85,36,182,46,38,79,4,32,183,90,52,56,21,67,18,69,80,71,2,109,89,180,158,114,167,81,156,27,82,83,157,54,125,129,88,11,3,91,107,189,49,128,195,97,55,1,131,134,17,100,65,96,117,187,164,98,110,165,112,113,111,26,116,35,95,62,178,47,64,151,160,170,7,127,122,0,101,144,40,139,105,135,23,13,179,73,87,30,137,16,94,133,103,172,148,185,123,121,152,132,153,140,70,68,120,159,162,161,184,75,108,28,166,102,168,169,76,171,177,44,163,175,143,37,145,136,190,181,22,12,43,59,48,104,196,74,39,191,60,42,194,115,41,197,146,188,];False
3812;9647;13459;[160,199,78,99,155,124,176,193,186,192,10,154,31,61,149,15,118,92,14,19,20,173,8,93,24,25,32,142,150,5,106,130,198,147,34,45,138,66,141,126,86,174,63,6,9,33,29,119,57,49,50,51,77,53,85,36,182,46,38,79,4,146,188,90,52,56,21,67,18,178,163,71,2,109,89,180,158,114,167,81,156,27,82,83,157,54,125,129,88,11,3,91,107,189,58,128,195,97,55,1,131,134,17,100,65,96,117,187,164,98,110,165,112,113,111,26,116,35,95,62,69,47,64,151,7,170,72,127,122,0,101,144,40,139,105,135,23,13,179,73,87,30,137,16,94,133,103,172,148,185,123,121,152,132,153,140,70,68,120,159,162,161,184,75,108,28,166,102,168,169,76,171,177,44,80,175,143,37,145,136,190,181,22,12,43,59,48,104,196,74,39,191,60,42,194,115,41,197,84,183,];False
3753;9705;13458;[160,199,78,99,155,124,176,193,186,192,10,154,31,61,149,15,118,92,14,19,20,173,8,171,24,25,32,142,150,5,106,130,198,147,34,45,138,66,141,126,86,174,63,6,9,33,29,119,57,49,50,51,77,53,85,36,182,46,38,79,4,146,188,90,52,56,21,67,18,178,80,71,2,109,89,180,158,114,167,81,156,27,82,83,157,54,125,129,88,11,3,91,107,189,58,128,195,97,55,1,131,134,168,100,65,96,117,187,164,98,110,165,112,113,111,26,116,35,95,62,69,47,64,151,7,170,72,127,122,0,101,144,40,139,105,135,23,13,179,73,87,30,137,16,94,133,103,172,148,185,123,121,132,152,153,140,70,68,120,159,162,161,184,75,108,28,166,102,17,169,76,93,177,44,163,175,143,37,145,136,190,181,22,12,43,59,48,104,196,74,39,191,60,42,194,115,41,197,84,183,];False
3824;9634;13458;[160,199,78,99,155,124,176,193,186,192,10,154,31,61,149,15,118,92,14,19,20,173,8,48,24,25,32,142,150,5,106,130,198,147,34,45,138,66,141,126,86,174,63,6,9,33,29,119,57,49,50,51,77,53,85,36,182,46,38,79,4,146,188,90,52,56,21,67,18,178,80,71,2,109,89,180,158,114,167,81,156,27,82,83,157,54,125,129,88,11,3,91,107,189,58,128,195,97,55,1,131,134,17,100,65,96,117,187,164,98,110,165,112,113,111,26,116,35,95,62,69,47,64,151,7,170,72,127,122,0,101,144,40,139,105,135,23,13,179,73,87,30,137,16,94,133,103,172,148,185,123,121,152,132,153,140,70,68,120,159,162,161,184,75,108,28,166,102,168,169,76,171,177,44,163,175,143,37,145,136,190,181,22,12,43,59,93,104,196,74,39,191,60,42,194,115,41,197,84,183,];False
3769;9689;13458;[160,199,78,99,155,124,176,193,186,192,10,154,31,61,149,15,118,92,14,19,20,173,8,93,24,25,32,142,150,5,106,130,198,147,34,45,138,66,141,126,86,174,63,6,9,33,29,119,57,49,50,51,77,53,85,36,182,46,38,79,4,146,188,90,52,56,21,67,18,178,80,71,2,109,89,180,158,114,167,81,156,27,82,83,157,54,125,129,88,11,3,91,107,189,58,128,195,97,55,1,131,134,17,100,65,96,117,187,164,98,110,165,112,113,111,26,116,35,95,62,69,47,64,151,7,170,72,127,122,0,101,144,40,139,105,135,23,13,179,73,87,30,137,16,94,133,103,172,148,185,123,121,152,132,153,140,70,68,120,159,162,161,184,75,108,28,166,102,168,169,76,171,136,44,163,175,143,37,145,177,190,181,22,12,43,59,48,104,196,74,39,191,60,42,194,115,41,197,84,183,];False
3808;9649;13457;[72,199,78,99,155,124,176,193,186,192,10,154,31,61,149,15,118,92,14,19,20,173,8,93,24,25,32,142,150,5,123,130,198,147,34,45,138,66,141,126,86,174,63,6,9,33,29,119,57,49,50,51,77,53,85,36,182,46,38,79,4,146,188,90,52,56,21,67,18,178,80,71,2,109,89,180,158,114,167,81,156,27,82,83,157,54,125,129,88,11,3,91,107,189,58,128,195,97,55,1,131,134,17,100,65,96,117,187,164,98,110,165,112,113,111,26,116,35,95,62,69,47,64,151,7,170,160,127,122,0,101,144,40,139,105,135,23,13,179,73,87,30,137,16,94,133,103,172,148,185,106,121,152,132,153,140,70,68,120,159,162,161,184,75,108,28,166,102,168,169,76,171,177,44,163,175,143,37,145,136,190,181,22,12,43,59,48,104,196,74,39,191,60,42,194,115,41,197,84,183,];False
3878;9578;13456;[72,199,78,99,155,124,176,193,186,192,10,154,31,61,149,15,118,92,14,19,20,173,8,93,24,25,84,142,150,5,106,130,198,147,34,33,55,66,141,126,86,174,63,6,9,45,29,119,57,49,50,51,77,53,85,36,182,46,38,79,4,32,183,90,52,56,21,67,18,115,80,71,2,109,89,180,158,114,167,81,37,27,82,83,157,54,125,129,88,11,3,91,107,189,58,128,195,97,138,1,131,134,17,100,65,96,117,187,164,98,110,165,112,113,111,26,116,35,95,120,178,47,64,151,160,170,7,127,122,0,101,144,40,139,105,135,23,13,179,73,87,30,137,16,94,133,103,172,148,185,123,121,152,132,153,140,70,68,62,159,162,161,184,75,108,28,166,102,168,169,76,171,177,44,163,175,143,156,145,136,190,181,22,12,43,59,48,104,196,74,39,191,60,42,194,69,41,197,146,188,];False
3770;9685;13455;[72,199,78,99,155,124,176,193,186,192,10,154,31,61,149,15,118,92,14,19,20,173,8,93,24,25,32,142,150,5,106,130,198,147,34,45,138,66,141,126,86,174,63,6,9,33,29,119,57,49,50,51,77,53,85,36,182,46,38,79,4,146,188,90,52,56,71,67,18,178,80,21,2,109,89,180,158,114,167,81,156,27,82,83,157,54,125,129,88,11,3,91,107,189,58,128,195,97,55,1,131,134,17,100,65,96,117,187,164,98,110,165,112,113,111,26,116,35,95,62,69,47,64,151,7,170,160,127,122,0,101,144,40,139,105,135,23,13,179,73,87,30,137,16,94,133,103,172,148,185,123,121,152,132,153,140,70,68,120,159,162,161,184,75,108,28,166,102,168,169,76,171,177,44,163,175,143,37,145,136,190,181,22,12,43,59,48,104,196,74,39,191,60,42,194,115,41,197,84,183,];False
3844;9611;13455;[72,199,78,99,155,124,176,193,186,192,10,154,31,61,149,15,118,92,14,19,20,173,8,93,24,25,84,142,150,5,106,130,198,147,34,33,138,66,141,126,86,174,63,6,9,45,29,119,57,49,50,51,77,53,85,36,182,46,38,79,4,32,183,90,52,56,21,67,18,178,80,71,2,109,89,180,158,114,167,81,156,27,82,83,157,54,125,129,88,11,3,91,107,189,58,128,195,97,55,1,131,134,17,100,65,96,117,187,164,98,110,165,112,113,111,26,116,35,95,62,69,47,64,151,7,70,160,127,122,0,101,144,40,139,105,135,23,13,179,73,87,30,137,16,94,133,103,172,148,185,123,121,152,132,153,140,170,68,120,159,162,161,184,75,108,28,166,102,168,169,76,171,177,44,163,175,143,37,145,136,190,181,22,12,43,59,48,104,196,74,39,191,60,42,194,115,41,197,146,188,];False
3807;9648;13455;[160,199,78,99,155,124,176,193,186,192,10,154,31,61,149,15,118,92,14,19,20,173,8,93,24,25,32,142,150,5,106,130,198,147,34,45,138,66,141,126,86,174,63,6,9,33,29,119,57,49,50,51,77,53,85,36,182,46,38,79,4,146,188,90,52,56,21,67,18,178,80,71,2,109,89,180,158,114,72,81,156,27,82,83,157,54,125,129,88,11,3,91,107,189,58,128,195,97,55,1,131,134,17,100,65,96,117,187,164,98,110,165,112,113,111,26,116,35,95,62,69,47,64,151,7,170,167,127,122,0,101,144,40,139,105,135,23,13,179,73,87,30,137,16,94,133,103,172,148,185,123,121,152,132,153,140,70,68,120,159,162,161,184,75,108,28,166,102,168,169,76,171,177,44,163,175,143,37,145,136,190,181,22,12,43,59,48,104,196,74,39,191,60,42,194,115,41,197,84,183,];False
3896;9558;13454;[72,199,78,99,155,124,176,193,186,192,10,154,31,61,149,15,118,92,14,19,20,173,8,93,24,25,131,142,150,5,106,130,198,147,34,33,55,66,74,126,86,174,63,6,9,45,29,119,57,49,50,51,77,53,85,36,182,46,38,79,4,32,183,90,52,56,21,67,18,69,80,71,2,109,89,180,158,114,167,81,37,27,82,83,157,54,125,129,88,11,3,91,107,189,58,128,195,97,138,1,84,134,17,100,65,96,117,187,164,98,110,165,112,113,111,26,116,35,95,120,178,47,60,151,160,170,7,127,122,0,101,144,40,139,105,135,23,13,179,73,87,30,137,16,94,133,103,172,148,185,123,121,152,132,153,140,70,68,62,159,162,161,184,75,108,28,166,102,168,169,76,171,177,44,163,175,143,156,145,136,190,181,22,12,43,59,48,104,196,141,39,191,64,42,194,115,41,197,146,188,];False
3845;9608;13453;[72,199,78,99,155,124,176,193,186,192,10,154,31,61,149,15,118,92,14,19,20,173,8,93,24,25,84,142,150,5,106,130,198,147,90,33,138,66,141,126,86,174,63,6,9,45,29,119,57,49,50,51,77,53,85,36,182,46,38,79,4,32,183,34,52,56,21,67,18,178,80,71,2,109,89,180,158,114,167,81,156,27,82,83,157,54,125,129,88,11,3,91,107,189,58,128,195,97,55,1,131,134,17,100,65,96,117,187,164,98,110,165,112,113,111,26,116,35,95,62,69,47,64,151,7,170,160,127,122,0,101,144,40,139,105,135,23,13,179,73,87,30,137,16,94,133,103,172,148,185,123,121,152,132,153,140,70,68,120,159,162,161,184,75,108,28,166,102,168,169,76,171,177,44,163,175,143,37,145,136,190,181,22,12,43,59,48,104,196,74,39,191,60,42,194,115,41,197,146,188,];False
3840;9613;13453;[72,199,78,99,155,124,176,193,186,192,10,154,31,61,149,15,118,92,14,19,20,173,8,93,24,25,84,142,150,5,106,130,198,147,34,33,138,66,141,126,86,174,63,6,9,45,29,119,57,49,50,51,77,53,85,36,182,46,38,79,4,32,183,90,52,56,21,67,18,178,80,71,2,109,89,180,158,114,167,81,156,27,82,83,157,54,125,129,88,11,3,91,107,189,58,128,195,97,55,1,131,134,17,100,65,96,117,187,164,98,110,165,112,113,111,26,116,35,170,62,69,47,64,151,7,95,160,127,122,0,101,144,40,139,105,135,23,13,179,73,87,30,137,16,94,133,103,172,148,185,123,121,152,132,153,140,70,68,120,159,162,161,184,75,108,28,166,102,168,169,76,171,177,44,163,175,143,37,145,136,190,181,22,12,43,59,48,104,196,74,39,191,60,42,194,115,41,197,146,188,];False
3833;9620;13453;[72,199,78,99,155,124,176,193,186,192,10,154,31,61,149,15,118,92,14,19,20,173,8,93,24,25,84,142,150,5,106,130,198,147,34,33,138,66,141,126,86,174,63,6,9,45,29,119,57,49,50,51,77,53,85,36,182,46,38,79,4,32,183,90,52,56,21,67,18,69,80,71,2,109,89,180,158,114,167,81,156,27,82,83,157,54,125,129,88,11,3,91,107,189,58,128,195,97,55,1,131,134,17,100,65,96,117,187,164,98,110,165,112,113,111,26,116,35,95,62,178,47,64,151,160,170,7,127,122,0,101,144,40,139,105,135,23,13,179,73,87,30,137,16,94,133,103,172,148,185,123,121,152,132,153,140,70,68,120,159,162,161,184,75,108,28,166,102,168,169,76,171,177,44,163,175,143,37,145,136,190,181,22,12,43,59,48,104,196,74,39,191,60,42,194,115,41,197,146,188,];False
3841;9609;13450;[72,199,78,99,155,124,176,193,186,192,10,154,31,61,149,15,118,92,14,19,20,173,8,93,24,25,84,142,150,5,106,130,198,147,34,33,138,66,141,126,86,174,63,6,9,45,29,119,57,49,50,51,77,53,85,36,182,46,38,120,4,32,183,90,52,56,21,67,18,178,80,71,2,109,89,180,158,114,167,81,156,27,82,83,157,54,125,129,88,11,3,91,107,189,58,128,195,97,55,1,131,134,17,100,65,96,117,187,164,98,110,165,112,113,111,26,116,35,95,62,69,47,64,151,7,170,160,127,122,0,101,144,40,139,105,135,23,13,179,73,87,30,137,16,94,133,103,172,148,185,123,121,152,132,153,140,70,68,79,159,162,161,184,75,108,28,166,102,168,169,76,171,177,44,163,175,143,37,145,136,190,181,22,12,43,59,48,104,196,74,39,191,60,42,194,115,41,197,146,188,];False
3741;9708;13449;[160,199,78,99,155,124,176,193,186,192,10,154,31,61,149,15,118,92,14,19,20,173,8,171,24,25,32,142,150,5,106,130,198,147,34,45,138,66,141,126,86,174,63,6,9,33,29,119,57,49,50,51,77,53,85,36,182,46,38,79,4,146,188,90,52,56,177,67,18,178,80,71,2,109,89,180,158,114,167,81,156,27,82,83,157,54,125,129,88,11,3,91,107,189,58,128,195,97,55,1,131,134,17,100,65,96,117,187,164,98,110,165,112,113,111,26,116,35,95,62,69,47,64,151,7,170,72,127,122,0,101,144,40,139,105,135,23,13,179,73,87,30,137,16,94,133,103,172,148,185,123,121,132,152,153,140,70,68,120,159,162,161,184,75,108,28,166,102,168,169,76,93,21,44,163,175,143,37,145,136,190,181,22,12,43,59,48,104,196,74,39,191,60,42,194,115,41,197,84,183,];False
3736;9713;13449;[36,199,78,99,155,124,176,193,186,192,10,154,31,61,149,15,118,92,14,19,20,173,8,171,24,25,32,142,150,5,106,130,198,147,34,45,138,66,141,126,86,174,63,6,9,33,29,119,57,49,50,51,77,53,85,160,182,46,38,79,4,146,188,90,52,56,21,67,18,178,80,71,2,109,89,180,158,114,167,81,156,27,82,83,157,54,125,129,88,11,3,91,107,189,58,128,195,97,55,1,131,134,17,100,65,96,117,187,164,98,110,165,112,113,111,26,116,35,95,62,69,47,64,151,7,170,72,127,122,0,101,144,40,139,105,135,23,13,179,73,87,30,137,16,94,133,103,172,148,185,123,121,132,152,153,140,70,68,120,159,162,161,184,75,108,28,166,102,168,169,76,93,177,44,163,175,143,37,145,136,190,181,22,12,43,59,48,104,196,74,39,191,60,42,194,115,41,197,84,183,];False
3872;9576;13448;[72,199,78,99,155,124,176,193,186,192,10,154,31,61,149,15,118,92,14,19,20,173,8,93,24,25,84,142,150,5,106,130,198,147,34,33,55,66,141,126,86,174,63,6,9,45,29,119,57,49,50,51,77,53,85,36,182,46,38,79,4,32,183,90,52,56,21,67,18,69,80,71,2,109,89,180,158,114,167,81,37,27,82,83,157,54,125,129,88,11,3,91,107,189,58,128,195,97,138,1,131,134,17,100,65,96,117,187,164,98,110,165,112,113,111,26,116,35,95,120,178,47,64,151,160,170,7,127,122,0,101,144,40,139,105,135,23,13,179,73,87,30,137,16,94,133,103,172,148,185,123,121,152,132,153,140,70,68,62,159,162,161,184,75,108,28,166,102,168,169,76,171,177,44,163,175,143,156,145,136,190,181,22,12,43,59,48,104,196,74,39,191,60,42,194,115,41,197,146,188,];False
3825;9623;13448;[72,199,78,99,155,124,176,193,186,192,10,154,31,61,149,15,118,92,14,19,20,173,8,93,24,25,84,142,150,5,106,130,198,147,34,33,138,66,141,126,86,174,63,6,9,45,29,119,57,49,50,51,77,53,85,36,182,46,38,79,4,32,183,90,52,56,21,67,18,178,80,71,98,109,89,180,158,114,167,81,156,27,82,83,157,54,125,129,88,11,3,91,107,189,58,128,195,97,55,1,131,134,17,100,65,96,117,187,164,2,110,165,112,113,111,26,116,35,95,62,69,47,64,151,7,170,160,127,122,0,101,144,40,139,105,135,23,13,179,73,87,30,137,16,94,133,103,172,148,185,123,121,152,132,153,140,70,68,120,159,162,161,184,75,108,28,166,102,168,169,76,171,177,44,163,175,143,37,145,136,190,181,22,12,43,59,48,104,196,74,39,191,60,42,194,115,41,197,146,188,];False
3899;9547;13446;[72,199,78,99,155,124,176,193,186,192,10,154,31,61,149,15,118,92,14,19,20,173,8,93,24,25,84,142,150,5,106,130,198,147,34,33,55,66,141,126,174,86,63,6,9,45,29,119,57,49,50,51,77,53,85,36,182,46,38,79,4,32,183,90,52,56,21,67,18,69,80,71,2,109,89,180,158,114,167,81,37,27,82,83,157,54,125,129,88,11,3,91,107,189,58,128,195,97,138,1,131,134,17,100,65,96,117,187,164,98,110,165,112,113,111,26,116,35,95,120,178,47,64,151,160,170,7,127,122,0,101,144,40,139,105,135,23,13,179,73,87,30,137,16,94,133,103,172,148,185,123,121,152,132,153,140,70,68,62,159,162,161,184,75,108,28,166,102,168,169,76,171,177,44,163,175,143,156,145,136,190,181,22,12,43,59,48,104,196,74,39,191,60,42,194,115,41,197,146,188,];False
3793;9652;13445;[72,199,78,99,155,124,176,193,186,192,10,154,31,61,149,15,118,92,14,19,20,173,8,93,24,25,32,142,150,5,106,130,198,147,34,45,138,66,141,126,86,174,63,6,9,33,29,119,57,49,50,51,77,53,85,36,182,46,38,79,4,146,188,90,52,56,21,67,18,178,80,71,2,109,89,180,158,114,167,81,156,27,82,83,157,54,125,129,88,11,3,91,107,189,58,128,195,97,55,1,131,134,98,100,65,96,117,187,164,17,110,165,112,113,111,26,116,35,95,62,69,47,64,151,7,170,160,127,122,0,101,144,40,139,105,135,23,13,179,73,87,30,137,16,94,133,103,172,148,185,123,121,152,132,153,140,70,68,120,159,162,161,184,75,108,28,166,102,168,169,76,171,177,44,163,175,143,37,145,136,190,181,22,12,43,59,48,104,196,74,39,191,60,42,194,115,41,197,84,183,];False
3857;9588;13445;[72,199,78,99,155,124,176,193,186,192,10,154,31,61,149,15,118,92,14,19,20,173,8,93,24,25,84,142,150,5,106,130,198,88,34,33,138,66,141,126,86,174,63,6,9,45,29,119,57,49,50,51,77,53,85,36,182,46,38,79,4,32,183,90,52,56,21,67,18,69,80,71,2,109,89,180,158,114,167,81,156,27,82,83,157,54,125,129,147,11,3,91,107,189,58,128,195,97,55,1,131,134,17,100,65,96,117,187,164,98,110,165,112,113,111,26,116,35,95,120,178,47,64,151,160,170,7,127,122,0,101,144,40,139,105,135,23,13,179,73,87,30,137,16,94,133,103,172,148,185,123,121,152,132,153,140,70,68,62,159,162,161,184,75,108,28,166,102,168,169,76,171,177,44,163,175,143,37,145,136,190,181,22,12,43,59,48,104,196,74,39,191,60,42,194,115,41,197,146,188,];False
3964;9479;13443;[72,199,78,99,155,124,176,193,186,192,10,154,31,61,149,15,118,92,14,19,20,173,8,93,24,25,131,142,150,5,106,130,198,147,34,33,55,66,74,138,126,174,63,6,9,45,29,119,57,49,50,51,77,53,85,36,182,46,38,79,4,32,183,90,52,56,21,67,18,69,80,71,2,109,89,180,158,114,167,81,37,27,82,83,157,54,125,129,88,11,3,91,107,189,58,128,195,97,86,1,84,134,17,100,65,96,117,187,164,98,110,165,112,113,111,26,116,35,95,120,178,47,60,151,160,170,39,127,122,0,101,144,40,139,105,135,23,13,179,73,87,30,137,16,94,133,103,172,148,185,123,121,152,132,153,140,70,68,62,159,162,161,184,75,108,28,166,102,168,169,76,171,177,44,163,175,143,156,145,136,190,181,22,12,43,59,48,104,196,141,7,191,64,42,194,115,41,197,146,188,];False
3870;9573;13443;[72,199,78,99,155,124,176,193,186,192,10,154,31,61,149,15,118,92,14,19,20,173,8,93,24,25,84,142,150,5,106,130,198,147,34,33,138,66,141,126,86,174,63,6,9,45,29,119,57,49,50,51,77,53,85,36,182,46,38,79,4,32,183,90,52,56,21,67,18,69,80,71,2,109,89,180,158,114,167,81,156,27,82,83,157,54,125,129,88,11,3,91,107,189,58,128,195,97,55,1,131,134,17,44,65,96,117,187,164,98,110,165,112,113,111,26,116,35,95,62,178,47,64,151,160,170,7,127,122,0,101,144,40,139,105,135,23,13,179,73,87,30,137,16,94,133,103,172,148,185,123,121,152,132,153,140,70,68,120,159,162,161,184,75,108,28,166,102,168,169,76,171,177,100,163,175,143,37,145,136,190,181,22,12,43,59,48,104,196,74,39,191,60,42,194,115,41,197,146,188,];False
3926;9516;13442;[72,157,78,99,155,124,176,193,186,192,10,154,31,61,149,15,118,92,14,19,20,173,8,93,24,25,84,142,150,5,106,130,198,147,34,33,55,66,141,126,86,174,63,6,9,45,29,119,57,49,50,51,77,53,85,36,182,46,38,79,4,32,183,90,52,56,21,67,18,69,80,71,2,109,89,180,158,114,167,81,37,27,82,83,199,54,125,129,88,11,3,91,107,189,58,128,195,97,138,1,131,134,17,100,65,96,117,187,164,98,110,165,112,113,111,26,116,35,95,120,178,47,64,151,160,170,7,127,122,0,101,144,40,139,105,135,23,13,179,73,87,30,137,16,94,133,103,172,148,185,123,121,152,132,153,140,70,68,62,159,162,161,184,75,108,28,166,102,168,169,76,171,177,44,163,175,143,156,145,136,190,181,22,12,43,59,48,104,196,74,39,191,60,42,194,115,41,197,146,188,];True
3807;9634;13441;[160,199,78,99,155,124,176,193,186,192,10,154,31,61,149,15,118,92,14,19,20,173,8,93,24,25,32,142,150,5,106,130,198,147,34,45,138,66,141,126,86,174,63,6,9,33,29,119,57,49,50,51,77,53,85,36,182,46,38,79,4,146,188,90,52,56,21,67,18,178,80,71,2,109,89,180,158,114,167,81,156,27,82,83,125,54,157,129,88,11,3,91,107,189,58,128,195,97,55,1,131,134,17,100,65,96,117,187,164,98,110,165,112,113,111,26,116,35,95,62,69,47,64,151,7,170,72,127,122,0,101,144,40,139,105,135,23,13,179,73,87,30,137,16,94,133,103,172,148,185,123,121,152,132,153,140,70,68,120,159,162,161,184,75,108,28,166,102,168,169,76,171,177,44,163,175,143,37,145,136,190,181,22,12,43,59,48,104,196,74,39,191,60,42,194,115,41,197,84,183,];False
3760;9681;13441;[160,199,78,99,155,124,176,193,186,192,10,154,31,61,149,15,118,92,14,19,20,173,8,93,24,25,32,142,150,5,106,130,198,147,34,45,138,66,141,126,86,174,63,6,9,33,29,119,57,49,50,51,77,53,85,36,182,46,38,79,4,146,188,90,52,56,21,67,18,178,80,71,2,109,89,180,158,114,167,81,156,27,82,83,157,54,125,129,88,11,3,91,107,189,58,128,195,97,55,1,131,134,17,100,65,96,117,187,164,98,110,165,60,113,111,26,116,35,95,62,69,47,64,151,7,170,72,127,122,0,101,144,40,139,105,135,23,13,179,73,87,30,137,16,94,133,103,172,148,185,123,121,152,132,153,140,70,68,120,159,162,161,184,75,108,28,166,102,168,169,76,171,177,44,163,175,143,37,145,136,190,181,22,12,43,59,48,104,196,74,39,191,112,42,194,115,41,197,84,183,];False
3963;9478;13441;[72,199,78,99,155,124,176,193,186,192,10,154,31,61,149,15,118,92,14,19,20,173,8,93,24,25,84,142,150,5,106,130,198,147,34,33,138,66,141,126,86,174,63,6,9,45,29,119,57,49,50,51,74,53,85,36,182,46,38,79,4,32,183,90,52,56,21,67,18,69,80,71,2,109,89,180,158,114,167,81,156,27,82,83,157,54,125,129,88,11,3,91,107,189,58,128,195,97,55,1,131,134,17,100,65,96,117,187,164,98,110,165,112,113,111,26,116,35,95,120,178,47,64,151,160,170,7,127,122,0,101,144,40,139,105,135,23,13,179,73,87,30,137,16,94,133,103,172,148,185,123,121,152,132,153,140,70,68,62,159,162,161,184,75,108,28,166,102,168,169,76,171,177,44,163,175,143,37,145,136,190,181,22,12,43,59,48,104,196,77,39,191,60,42,194,115,41,197,146,188,];True
3843;9597;13440;[72,199,78,99,155,124,176,193,186,192,10,154,31,61,149,15,118,92,14,19,20,173,8,93,24,49,84,142,150,5,106,130,198,147,34,33,138,66,141,126,86,174,63,6,9,45,29,119,57,25,50,51,77,53,85,36,182,46,38,79,4,32,183,90,52,56,21,67,18,178,80,71,2,109,89,180,158,114,167,81,156,27,82,83,157,54,125,129,88,11,3,91,107,189,58,128,195,97,55,1,131,134,17,100,65,96,117,187,164,98,110,165,112,113,111,26,116,35,95,62,69,47,64,151,7,170,160,127,122,0,101,144,40,139,105,135,23,13,179,73,87,30,137,16,94,133,103,172,148,185,123,121,152,132,153,140,70,68,120,159,162,161,184,75,108,28,166,102,168,169,76,171,177,44,163,175,143,37,145,136,190,181,22,12,43,59,48,104,196,74,39,191,60,42,194,115,41,197,146,188,];False
3894;9543;13437;[72,199,78,99,155,124,176,193,186,192,10,154,31,61,149,15,118,92,14,19,20,173,8,93,24,25,131,142,150,5,106,130,198,147,34,33,55,66,74,126,86,174,63,6,9,45,29,119,57,49,50,51,77,53,85,36,182,46,38,79,4,32,183,90,52,56,21,67,18,69,80,71,2,109,89,180,158,114,167,81,37,27,82,83,157,54,125,129,88,11,3,91,107,189,58,128,195,97,138,1,84,134,17,100,65,96,117,187,164,98,110,165,112,113,111,26,116,35,95,120,178,47,64,151,160,170,7,127,122,0,101,144,40,139,105,135,23,13,179,73,87,30,137,16,94,133,103,172,148,185,123,121,152,132,153,140,70,68,62,159,162,161,184,75,108,28,166,102,168,169,76,171,177,44,163,175,143,156,145,136,190,181,22,12,43,59,48,104,196,141,39,191,60,42,194,115,41,197,146,188,];False
3905;9531;13436;[72,199,78,99,155,124,176,193,186,192,10,154,31,61,149,15,118,92,14,19,20,173,8,93,24,25,84,142,150,5,106,130,198,147,34,33,55,66,141,126,86,174,63,6,9,45,29,119,57,49,50,51,77,23,85,36,182,46,38,79,4,32,183,90,52,56,21,67,18,69,80,71,2,109,89,180,158,114,167,81,37,27,82,83,157,54,125,129,88,11,3,91,107,189,58,128,195,97,138,1,131,134,17,100,65,96,117,187,164,98,110,165,112,113,111,26,116,35,95,120,178,47,64,151,160,170,7,127,122,0,101,144,40,139,105,135,53,13,179,73,87,30,137,16,94,133,103,172,148,185,123,121,152,132,153,140,70,68,62,159,162,161,184,75,108,28,166,102,168,169,76,171,177,44,163,175,143,156,145,136,190,181,22,12,43,59,48,104,196,74,39,191,60,42,194,115,41,197,146,188,];False
3795;9641;13436;[160,199,78,99,155,124,176,193,186,192,10,154,31,61,149,15,118,92,14,19,20,173,8,93,24,25,32,142,150,5,106,130,198,147,34,45,138,66,141,126,86,174,71,6,9,33,29,119,57,49,50,51,77,53,85,36,182,46,38,79,4,146,188,90,52,56,21,67,18,178,80,63,2,109,89,180,158,114,167,81,156,27,82,83,157,54,125,129,88,11,3,91,107,189,58,128,195,97,55,1,131,134,17,100,65,96,117,187,164,98,110,165,112,113,111,26,116,35,95,62,69,47,64,151,7,170,72,127,122,0,101,144,40,139,105,135,23,13,179,73,87,30,137,16,94,133,103,172,148,185,123,121,152,132,153,140,70,68,120,159,162,161,184,75,108,28,166,102,168,169,76,171,177,44,163,175,143,37,145,136,190,181,22,12,43,59,48,104,196,74,39,191,60,42,194,115,41,197,84,183,];False
3761;9675;13436;[160,199,78,99,155,124,176,193,186,192,10,154,31,61,149,123,118,92,14,19,20,173,8,171,24,25,32,142,150,5,106,130,198,147,34,45,138,66,141,126,86,174,63,6,9,33,29,119,57,49,50,51,77,53,85,36,182,46,38,79,4,146,188,90,52,56,21,67,18,178,80,71,2,109,89,180,158,114,167,81,156,27,82,83,157,54,125,129,88,11,3,91,107,189,58,128,195,97,55,1,131,134,17,100,65,96,117,187,164,98,110,165,112,113,111,26,116,35,95,62,69,47,64,151,7,170,72,127,122,0,101,144,40,139,105,135,23,13,179,73,87,30,137,16,94,133,103,172,148,185,15,121,132,152,153,140,70,68,120,159,162,161,184,75,108,28,166,102,168,169,76,93,177,44,163,175,143,37,145,136,190,181,22,12,43,59,48,104,196,74,39,191,60,42,194,115,41,197,84,183,];False
3889;9546;13435;[72,199,78,99,155,124,176,193,186,192,10,154,31,61,149,15,118,92,14,19,20,173,8,93,24,25,53,142,150,5,106,130,198,147,34,33,138,66,141,126,86,174,63,6,9,45,29,119,57,49,50,51,77,84,85,36,182,46,38,79,4,32,183,90,52,56,21,67,18,69,80,71,2,109,89,180,158,114,167,81,156,27,82,83,157,54,125,129,88,11,3,91,107,189,58,128,195,97,55,1,131,134,17,100,65,96,117,187,164,98,110,165,112,113,111,26,116,35,95,120,178,47,64,151,160,170,7,127,122,0,101,144,40,139,105,135,23,13,179,73,87,30,137,16,94,133,103,172,148,185,123,121,152,132,153,140,70,68,62,159,162,161,184,75,108,28,166,102,168,169,76,171,177,44,163,175,143,37,145,136,190,181,22,12,43,59,48,104,196,74,39,191,60,42,194,115,41,197,146,188,];False
3905;9529;13434;[72,199,78,5,155,124,176,193,186,192,10,154,31,61,149,15,118,92,14,19,20,173,8,93,24,25,84,142,150,99,106,130,198,147,34,33,138,66,141,126,86,174,63,6,9,45,29,119,57,49,50,51,77,53,85,36,182,46,38,79,4,32,183,90,52,56,21,67,18,69,80,71,2,109,89,180,158,114,167,81,156,27,82,83,157,54,125,129,88,11,3,91,107,189,58,128,195,97,55,1,131,134,17,100,65,96,117,187,164,98,110,165,112,113,111,26,116,35,95,120,178,47,64,151,160,170,7,127,122,0,101,144,40,139,105,135,23,13,179,73,87,30,137,16,94,133,103,172,148,185,123,121,152,132,153,140,70,68,62,159,162,161,184,75,108,28,166,102,168,169,76,171,177,44,163,175,143,37,145,136,190,181,22,12,43,59,48,104,196,74,39,191,60,42,194,115,41,197,146,188,];False
3771;9662;13433;[160,199,78,99,155,124,176,193,186,192,10,154,31,61,149,15,118,92,14,19,20,173,8,93,24,25,32,142,150,5,106,130,198,147,34,45,138,66,141,126,86,174,63,6,9,33,29,119,57,49,50,51,77,53,85,36,182,46,38,79,4,146,188,90,52,56,21,67,18,178,80,71,2,109,89,180,158,114,167,81,156,27,82,83,157,54,125,129,88,11,3,91,107,189,58,128,123,97,55,1,131,134,17,100,65,96,117,187,164,98,110,165,112,113,111,26,116,35,95,62,69,47,64,151,7,170,72,127,122,0,101,144,40,139,105,135,23,13,179,73,87,30,137,16,94,133,103,172,148,185,195,121,152,132,153,140,70,68,120,159,162,161,184,75,108,28,166,102,168,169,76,171,177,44,163,175,143,37,145,136,190,181,22,12,43,59,48,104,196,74,39,191,60,42,194,115,41,197,84,183,];False
3806;9626;13432;[160,199,78,99,155,124,176,193,186,192,10,154,31,61,149,15,118,92,14,19,20,173,8,93,24,25,32,142,150,5,106,130,198,147,34,45,138,66,141,126,86,174,63,6,9,33,29,119,153,49,50,51,77,53,85,36,182,46,38,79,4,146,188,90,52,56,21,67,18,178,80,71,2,109,89,180,158,114,167,81,156,27,82,83,157,54,125,129,88,11,3,91,107,189,58,128,195,97,55,1,131,134,17,100,65,96,117,187,164,98,110,165,112,113,111,26,116,35,95,62,69,47,64,151,7,170,72,127,122,0,101,144,40,139,105,135,23,13,179,73,87,30,137,16,94,133,103,172,148,185,123,121,152,132,57,140,70,68,120,159,162,161,184,75,108,28,166,102,168,169,76,171,177,44,163,175,143,37,145,136,190,181,22,12,43,59,48,104,196,74,39,191,60,42,194,115,41,197,84,183,];False
3777;9655;13432;[160,199,78,99,155,124,176,193,186,192,10,154,31,61,149,15,118,92,14,19,20,173,8,93,24,25,32,142,150,5,106,130,198,147,34,45,138,66,141,126,86,174,63,6,9,33,29,119,57,49,50,51,77,53,85,36,182,46,38,79,4,146,188,90,52,56,21,67,18,178,80,71,2,109,89,180,158,114,167,81,156,189,82,83,157,54,125,129,88,11,3,91,107,27,58,128,195,97,55,1,131,134,17,100,65,96,117,187,164,98,110,165,112,113,111,26,116,35,95,62,69,47,64,151,7,170,72,127,122,0,101,144,40,139,105,135,23,13,179,73,87,30,137,16,94,133,103,172,148,185,123,121,152,132,153,140,70,68,120,159,162,161,184,75,108,28,166,102,168,169,76,171,177,44,163,175,143,37,145,136,190,181,22,12,43,59,48,104,196,74,39,191,60,42,194,115,41,197,84,183,];False
3856;9574;13430;[72,199,78,99,155,124,176,193,186,192,10,154,31,61,149,15,118,92,14,19,20,173,8,93,24,25,84,142,150,5,106,130,198,147,34,33,138,66,141,126,86,174,63,6,9,45,29,119,57,49,50,51,77,53,85,36,182,46,38,79,4,32,183,90,52,56,21,67,18,69,80,71,2,109,89,180,158,114,167,81,37,27,82,83,157,54,125,129,88,11,3,91,107,189,58,128,195,97,55,1,131,134,17,100,65,96,117,187,164,98,110,165,112,113,111,26,116,35,95,120,178,47,64,151,160,170,7,127,122,0,101,144,40,139,105,135,23,13,179,73,87,30,137,16,94,133,103,172,148,185,123,121,152,132,153,140,70,68,62,159,162,161,184,75,108,28,166,102,168,169,76,171,177,44,163,175,143,156,145,136,190,181,22,12,43,59,48,104,196,74,39,191,60,42,194,115,41,197,146,188,];False
3761;9668;13429;[160,199,78,99,155,124,176,193,186,192,10,154,31,171,149,15,118,92,14,19,20,173,8,61,24,25,32,142,150,5,106,130,198,147,34,45,138,66,141,126,86,174,63,6,9,33,29,119,57,49,50,51,77,53,85,36,182,46,38,79,4,146,188,90,52,56,21,67,18,178,80,71,2,109,89,180,158,114,167,81,156,27,82,83,157,54,125,129,88,11,3,91,107,189,58,128,195,97,55,1,131,134,17,100,65,96,117,187,164,98,110,165,112,113,111,26,116,35,95,62,69,47,64,151,7,170,72,127,122,0,101,144,40,139,105,135,23,13,179,73,87,30,137,16,94,133,103,172,148,185,123,121,132,152,153,140,70,68,120,159,162,161,184,75,108,28,166,102,168,169,76,93,177,44,163,175,143,37,145,136,190,181,22,12,43,59,48,104,196,74,39,191,60,42,194,115,41,197,84,183,];False
3806;9622;13428;[72,199,78,99,155,124,176,193,186,192,10,154,31,61,149,15,118,92,14,19,20,173,8,93,24,25,84,142,150,5,106,130,198,147,34,33,138,66,141,126,152,174,63,6,9,45,29,119,57,49,50,51,77,53,85,36,182,46,38,79,4,32,183,90,52,56,21,67,18,178,80,71,2,109,89,180,158,114,167,81,156,27,82,83,157,54,125,129,88,11,3,91,107,189,58,128,195,97,55,1,131,134,17,100,65,96,117,187,164,98,110,165,112,113,111,26,116,35,95,62,69,47,64,151,7,170,160,127,122,0,101,144,40,139,105,135,23,13,179,73,87,30,137,16,94,133,103,172,148,185,123,121,86,132,153,140,70,68,120,159,162,161,184,75,108,28,166,102,168,169,76,171,177,44,163,175,143,37,145,136,190,181,22,12,43,59,48,104,196,74,39,191,60,42,194,115,41,197,146,188,];False
3850;9578;13428;[160,199,78,99,155,124,176,193,186,192,10,154,31,61,149,15,118,92,14,19,20,173,8,93,24,25,32,142,150,5,106,130,198,147,34,45,138,66,125,126,86,174,63,6,9,33,29,119,57,49,50,51,77,53,85,36,182,46,38,79,4,146,188,90,52,56,21,67,18,178,80,71,2,109,89,180,158,114,167,81,156,27,82,83,157,54,141,129,88,11,3,91,107,189,58,128,195,97,55,1,131,134,17,100,65,96,117,187,164,98,110,165,112,113,111,26,116,35,95,62,69,47,64,151,7,170,72,127,122,0,101,144,40,139,105,135,23,13,179,73,87,30,137,16,94,133,103,172,148,185,123,121,152,132,153,140,70,68,120,159,162,161,184,75,108,28,166,102,168,169,76,171,177,44,163,175,143,37,145,136,190,181,22,12,43,59,48,104,196,74,39,191,60,42,194,115,41,197,84,183,];False
3773;9654;13427;[160,199,78,99,155,124,176,193,186,192,10,154,31,61,149,15,118,92,14,19,20,173,8,171,24,25,32,142,150,5,106,130,198,147,34,45,138,66,141,126,86,174,63,6,9,33,29,119,57,49,50,51,77,53,85,36,182,46,38,79,4,146,188,90,52,56,21,67,18,178,80,71,162,109,89,180,158,114,167,81,156,27,82,83,157,54,125,129,88,11,3,91,107,189,58,128,195,97,55,1,131,134,17,100,65,96,117,187,164,98,110,165,112,113,111,26,116,35,95,62,69,47,64,151,7,170,72,127,122,0,101,144,40,139,105,135,23,13,179,73,87,30,137,16,94,133,103,172,148,185,123,121,132,152,153,140,70,68,120,159,2,161,184,75,108,28,166,102,168,169,76,93,177,44,163,175,143,37,145,136,190,181,22,12,43,59,48,104,196,74,39,191,60,42,194,115,41,197,84,183,];False
3734;9693;13427;[160,199,78,99,155,124,176,193,186,192,10,154,31,61,149,15,118,92,14,19,20,173,8,171,24,25,32,142,150,5,106,130,198,147,34,45,138,66,141,126,86,174,63,6,9,33,29,119,57,49,50,51,77,53,85,36,182,184,38,79,4,146,188,90,52,56,21,67,18,178,80,71,2,109,89,180,158,114,167,81,156,27,82,83,157,54,125,129,88,11,3,91,107,189,58,128,195,97,55,1,131,134,17,100,65,96,117,187,164,98,110,165,112,113,111,26,116,35,95,62,69,47,64,151,7,170,72,127,122,0,101,144,40,139,105,135,23,13,179,73,87,30,137,16,94,133,103,172,148,185,123,121,132,152,153,140,70,68,120,159,162,161,46,75,108,28,166,102,168,169,76,93,177,44,163,175,143,37,145,136,190,181,22,12,43,59,48,104,196,74,39,191,60,42,194,115,41,197,84,183,];False
3775;9652;13427;[160,199,78,99,155,124,176,193,186,192,10,154,31,61,149,15,118,92,14,19,20,173,8,93,24,25,32,142,150,5,106,130,198,147,34,45,138,66,141,126,86,174,63,6,9,33,29,119,57,49,50,156,77,53,85,36,182,46,38,79,4,146,188,90,52,56,21,67,18,178,80,71,2,109,89,180,158,114,167,81,51,27,82,83,157,54,125,129,88,11,3,91,107,189,58,128,195,97,55,1,131,134,17,100,65,96,117,187,164,98,110,165,112,113,111,26,116,35,95,62,69,47,64,151,7,170,72,127,122,0,101,144,40,139,105,135,23,13,179,73,87,30,137,16,94,133,103,172,148,185,123,121,152,132,153,140,70,68,120,159,162,161,184,75,108,28,166,102,168,169,76,171,177,44,163,175,143,37,145,136,190,181,22,12,43,59,48,104,196,74,39,191,60,42,194,115,41,197,84,183,];False
3931;9496;13427;[72,199,78,99,155,124,176,193,186,192,10,154,31,61,149,15,118,92,14,19,20,173,8,93,24,25,131,142,150,5,106,130,198,147,34,33,55,66,74,126,86,174,63,6,9,45,29,119,57,49,50,51,77,53,85,36,182,46,38,79,4,32,183,90,52,56,21,67,18,69,80,71,2,109,89,180,158,114,167,81,37,27,82,83,157,54,125,129,88,11,3,91,107,189,58,128,195,97,138,1,84,134,17,44,65,96,117,187,164,98,110,165,112,113,111,26,116,35,95,120,178,47,64,151,160,170,7,127,122,0,101,144,40,139,105,135,23,13,179,73,87,30,137,16,94,133,103,172,148,185,123,121,152,132,153,140,70,68,62,159,162,161,184,75,108,28,166,102,168,169,76,171,177,100,163,175,143,156,145,136,190,181,22,12,43,59,48,104,196,141,39,191,60,42,194,115,41,197,146,188,];True
3777;9646;13423;[72,199,78,99,155,124,176,193,186,192,10,154,31,61,149,15,118,92,14,19,20,173,8,93,24,25,146,142,150,5,106,130,198,147,34,33,138,66,141,126,86,174,63,6,9,45,29,119,57,49,50,51,77,53,85,36,182,46,38,79,4,32,183,90,52,56,21,67,18,178,80,71,2,109,89,180,158,114,167,81,156,27,82,83,157,54,125,129,88,11,3,91,107,189,58,128,195,97,55,1,131,134,17,100,65,96,117,187,164,98,110,165,112,113,111,26,116,35,95,62,69,47,64,151,7,170,160,127,122,0,101,144,40,139,105,135,23,13,179,73,87,30,137,16,94,133,103,172,148,185,123,121,152,132,153,140,70,68,120,159,162,161,184,75,108,28,166,102,168,169,76,171,177,44,163,175,143,37,145,136,190,181,22,12,43,59,48,104,196,74,39,191,60,42,194,115,41,197,84,188,];False
3827;9596;13423;[72,199,78,99,155,124,176,193,186,192,10,154,31,61,149,15,118,92,14,19,20,173,8,93,24,25,32,142,150,5,106,130,198,147,34,33,138,66,141,126,86,174,63,6,9,45,29,119,57,49,50,51,77,53,85,36,182,46,38,79,4,146,183,90,52,56,21,67,18,178,80,71,2,109,89,180,158,114,167,81,156,27,82,83,157,54,125,129,88,11,3,91,107,189,58,128,195,97,55,1,131,134,17,100,60,96,117,187,164,98,110,165,112,113,111,26,116,35,95,62,69,47,64,151,7,170,160,127,122,0,101,144,40,139,105,135,23,13,179,73,87,30,137,16,94,133,103,172,148,185,123,121,152,132,153,140,70,68,120,159,162,161,184,75,108,28,166,102,168,169,76,171,177,44,163,175,143,37,145,136,190,181,22,12,43,59,48,104,196,74,39,191,65,42,194,115,41,197,84,188,];False
3837;9586;13423;[72,199,78,99,155,124,176,193,186,192,10,154,31,61,149,15,118,92,14,19,20,173,8,93,24,25,84,142,150,5,106,130,198,147,34,33,138,66,141,126,86,174,63,6,9,45,29,119,57,49,50,51,53,77,85,36,182,46,38,79,4,32,183,90,52,56,21,67,18,178,80,71,2,109,89,180,158,114,167,81,156,27,82,83,157,54,125,129,88,11,3,91,107,189,58,128,195,97,55,1,131,134,17,100,65,96,117,187,164,98,110,165,112,113,111,26,116,35,95,62,69,47,64,151,7,170,160,127,122,0,101,144,40,139,105,135,23,13,179,73,87,30,137,16,94,133,103,172,148,185,123,121,152,132,153,140,70,68,120,159,162,161,184,75,108,28,166,102,168,169,76,171,177,44,163,175,143,37,145,136,190,181,22,12,43,59,48,104,196,74,39,191,60,42,194,115,41,197,146,188,];True
3715;9705;13420;[160,199,78,99,155,124,176,193,186,192,10,154,31,61,149,15,118,92,14,19,20,173,8,171,24,25,32,142,150,5,106,130,198,147,34,45,138,66,141,126,86,174,63,6,9,33,29,119,57,49,50,51,77,53,85,36,182,46,38,79,4,146,188,90,52,56,21,67,18,178,80,71,2,109,89,180,158,114,167,81,156,27,82,83,157,54,125,129,88,11,3,91,107,189,58,128,195,97,55,1,131,134,17,100,65,96,117,187,164,98,110,165,112,113,111,26,116,35,95,62,69,47,64,151,7,170,72,127,122,0,101,144,181,139,105,135,23,13,179,73,87,30,137,16,94,133,103,172,148,185,123,121,132,152,153,140,70,68,120,159,162,161,184,75,108,28,166,102,168,169,76,93,177,44,163,175,143,37,145,136,190,40,22,12,43,59,48,104,196,74,39,191,60,42,194,115,41,197,84,183,];False
3784;9634;13418;[160,199,78,99,155,124,176,46,186,192,10,154,31,61,149,15,118,92,14,19,20,173,8,93,24,25,32,142,150,5,106,130,198,147,34,45,138,66,141,126,86,174,63,6,9,33,29,119,57,49,50,51,77,53,85,36,182,193,38,79,4,146,188,90,52,56,21,67,18,178,80,71,2,109,89,180,158,114,167,81,156,27,82,83,157,54,125,129,88,11,3,91,107,189,58,128,195,97,55,1,131,134,17,100,65,96,117,187,164,98,110,165,112,113,111,26,116,35,95,62,69,47,64,151,7,170,72,127,122,0,101,144,40,139,105,135,23,13,179,73,87,30,137,16,94,133,103,172,148,185,123,121,152,132,153,140,70,68,120,159,162,161,184,75,108,28,166,102,168,169,76,171,177,44,163,175,143,37,145,136,190,181,22,12,43,59,48,104,196,74,39,191,60,42,194,115,41,197,84,183,];False
3843;9574;13417;[72,199,78,99,155,124,176,193,186,192,10,154,31,61,149,15,118,92,14,19,20,173,8,93,24,25,84,142,150,5,106,130,198,147,34,33,138,66,141,126,86,174,63,6,9,45,29,119,57,49,50,51,77,53,85,36,182,46,38,79,4,32,183,90,52,56,21,67,18,69,80,71,2,109,89,180,158,114,167,81,156,27,82,83,157,54,125,129,88,11,3,91,107,189,58,128,195,97,55,1,131,134,17,100,65,96,117,187,164,98,110,165,112,113,111,26,116,35,95,120,178,47,64,151,160,170,7,127,122,0,101,144,40,139,105,135,23,13,179,73,87,30,137,16,94,133,103,172,148,185,123,121,152,132,153,140,70,68,62,159,162,161,184,75,108,28,166,102,168,169,76,171,177,44,163,175,143,37,145,136,190,181,22,12,43,59,48,104,196,74,39,191,60,42,194,115,41,197,146,188,];True
3855;9562;13417;[72,199,78,99,155,124,176,193,186,192,10,154,31,61,149,15,118,92,14,19,20,173,8,93,80,25,84,142,150,5,106,130,198,147,34,33,138,66,141,126,86,174,63,6,9,45,29,119,57,49,50,51,77,53,85,36,182,46,38,79,4,32,183,90,52,56,21,67,18,69,24,71,2,109,89,180,158,114,167,81,156,27,82,83,157,54,125,129,88,11,3,91,107,189,58,128,195,97,55,1,131,134,17,100,65,96,117,187,164,98,110,165,112,113,111,26,116,35,95,120,178,47,64,151,160,170,7,127,122,0,101,144,40,139,105,135,23,13,179,73,87,30,137,16,94,133,103,172,148,185,123,121,152,132,153,140,70,68,62,159,162,161,184,75,108,28,166,102,168,169,76,171,177,44,163,175,143,37,145,136,190,181,22,12,43,59,48,104,196,74,39,191,60,42,194,115,41,197,146,188,];True
3734;9682;13416;[160,199,13,99,155,124,176,193,186,192,10,154,31,61,149,15,118,92,14,19,20,173,8,171,24,25,32,142,150,5,106,130,198,147,34,45,138,66,141,126,86,174,63,6,9,33,29,119,57,49,50,51,77,53,85,36,182,46,38,79,4,146,188,90,52,56,21,67,18,178,80,71,2,109,89,180,158,114,167,81,156,27,82,83,157,54,125,129,88,11,3,91,107,189,58,128,195,97,55,1,131,134,17,100,65,96,117,187,164,98,110,165,112,113,111,26,116,35,95,62,69,47,64,151,7,170,72,127,122,0,101,144,40,139,105,135,23,78,179,73,87,30,137,16,94,133,103,172,148,185,123,121,132,152,153,140,70,68,120,159,162,161,184,75,108,28,166,102,168,169,76,93,177,44,163,175,143,37,145,136,190,181,22,12,43,59,48,104,196,74,39,191,60,42,194,115,41,197,84,183,];False
3772;9643;13415;[160,199,78,99,155,124,176,193,186,192,10,154,31,61,149,15,118,92,14,19,20,173,8,93,24,25,32,142,150,5,106,130,198,147,34,45,138,66,177,126,86,174,63,6,9,33,29,119,57,49,50,51,77,53,85,36,182,46,38,79,4,146,188,90,52,56,21,67,18,178,80,71,2,109,89,180,158,114,167,81,156,27,82,83,157,54,125,129,88,11,3,91,107,189,58,128,195,97,55,1,131,134,17,100,65,96,117,187,164,98,110,165,112,113,111,26,116,35,95,62,69,47,64,151,7,170,72,127,122,0,101,144,40,139,105,135,23,13,179,73,87,30,137,16,94,133,103,172,148,185,123,121,152,132,153,140,70,68,120,159,162,161,184,75,108,28,166,102,168,169,76,171,141,44,163,175,143,37,145,136,190,181,22,12,43,59,48,104,196,74,39,191,60,42,194,115,41,197,84,183,];False
3760;9653;13413;[72,199,78,99,155,124,176,193,186,192,10,154,31,61,149,15,118,92,14,19,20,173,8,93,24,25,32,142,150,5,106,130,198,147,34,33,138,66,141,126,86,174,63,6,9,45,29,119,57,49,50,51,77,53,85,36,182,46,38,79,4,146,183,90,52,56,21,67,18,178,80,71,2,109,89,180,158,114,167,81,156,27,82,83,157,54,125,129,88,11,3,91,107,189,58,128,195,97,55,1,131,134,17,100,65,96,117,187,164,98,110,165,112,113,111,26,116,35,95,62,69,47,64,151,7,170,160,127,122,0,101,144,40,139,105,135,23,13,179,73,87,30,137,16,94,133,103,172,148,185,123,121,152,132,153,140,70,68,120,159,162,161,184,75,108,28,166,102,168,169,76,171,177,44,163,175,143,37,145,136,190,181,22,12,43,59,48,104,196,74,39,191,60,42,194,115,41,197,84,188,];False
3783;9630;13413;[72,199,78,99,155,124,176,193,186,192,10,154,31,61,149,15,118,92,14,19,20,173,8,93,24,25,84,142,150,5,106,130,198,147,34,33,138,66,141,126,86,174,63,6,9,45,29,119,57,49,50,51,77,53,85,36,182,46,38,79,4,32,183,90,52,56,21,67,18,178,80,71,2,109,89,180,158,114,167,81,156,27,82,83,157,54,125,129,88,11,3,91,107,189,58,128,195,97,55,1,131,134,17,100,65,96,117,187,164,98,110,165,112,113,111,26,116,35,95,62,69,47,64,151,7,170,160,127,122,0,101,144,40,139,105,135,23,13,179,73,87,30,137,16,94,133,103,172,148,185,123,121,152,132,153,140,70,68,120,159,162,161,184,75,108,28,166,102,168,169,76,171,177,44,163,175,143,37,145,136,190,181,22,12,43,59,48,104,196,74,39,191,60,42,194,115,41,197,146,188,];False
3802;9611;13413;[160,199,78,99,155,124,176,193,186,192,10,154,31,61,149,15,118,92,14,19,20,173,8,93,24,25,32,142,150,5,106,130,198,147,34,45,138,66,141,126,86,174,63,6,9,33,29,119,57,49,50,51,77,53,85,36,182,46,38,79,4,146,188,90,52,56,21,67,18,178,80,71,2,125,89,180,158,114,167,81,156,27,82,83,157,54,109,129,88,11,3,91,107,189,58,128,195,97,55,1,131,134,17,100,65,96,117,187,164,98,110,165,112,113,111,26,116,35,95,62,69,47,64,151,7,170,72,127,122,0,101,144,40,139,105,135,23,13,179,73,87,30,137,16,94,133,103,172,148,185,123,121,132,152,153,140,70,68,120,159,162,161,184,75,108,28,166,102,168,169,76,171,177,44,163,175,143,37,145,136,190,181,22,12,43,59,48,104,196,74,39,191,60,42,194,115,41,197,84,183,];False
3738;9673;13411;[160,199,78,99,155,124,176,193,186,192,10,154,31,61,149,15,118,92,14,19,20,173,8,171,24,25,32,142,150,5,106,130,198,147,34,45,138,66,141,126,86,174,63,6,9,33,29,119,57,49,50,51,77,53,85,36,182,46,38,79,4,146,188,90,52,56,21,67,18,178,80,71,2,109,89,180,158,114,167,81,156,27,82,83,157,54,125,129,88,11,3,91,107,189,58,128,195,97,55,1,131,134,17,100,65,96,117,187,164,98,165,110,112,113,111,26,116,35,95,62,69,47,64,151,7,170,72,127,122,0,101,144,40,139,105,135,23,13,179,73,87,30,137,16,94,133,103,172,148,185,123,121,132,152,153,140,70,68,120,159,162,161,184,75,108,28,166,102,168,169,76,93,177,44,163,175,143,37,145,136,190,181,22,12,43,59,48,104,196,74,39,191,60,42,194,115,41,197,84,183,];False
3883;9527;13410;[72,199,78,99,155,124,176,193,186,192,10,154,31,61,149,15,118,92,14,19,20,173,8,93,24,25,84,142,150,5,106,130,198,147,34,33,55,66,74,126,86,174,63,6,9,45,29,119,57,49,50,51,77,53,85,36,182,46,38,79,4,32,183,90,52,56,21,67,18,69,80,71,2,109,89,180,158,114,167,81,37,27,82,83,157,54,125,129,88,11,3,91,107,189,58,128,195,97,138,1,131,134,17,100,65,96,117,187,164,98,110,165,112,113,111,26,116,35,95,120,178,47,64,151,160,170,7,127,122,0,101,144,40,139,105,135,23,13,179,73,87,30,137,16,94,133,103,172,148,185,123,121,152,132,153,140,70,68,62,159,162,161,184,75,108,28,166,102,168,169,76,171,177,44,163,175,143,156,145,136,190,181,22,12,43,59,48,104,196,141,39,191,60,42,194,115,41,197,146,188,];False
3787;9623;13410;[72,199,78,99,155,124,176,193,186,192,10,154,31,61,149,15,118,92,14,19,20,173,8,93,24,25,84,142,150,5,106,130,198,147,34,33,138,66,141,126,86,174,63,6,9,45,29,119,57,49,50,51,77,53,85,36,182,46,38,79,4,32,183,90,52,56,21,67,18,69,80,71,2,109,89,180,158,114,167,81,156,27,82,83,157,54,125,129,88,11,3,91,107,189,58,128,195,97,55,1,131,134,17,100,65,96,117,187,164,98,110,165,112,113,111,26,116,35,95,62,178,47,64,151,7,170,160,127,122,0,101,144,40,139,105,135,23,13,179,73,87,30,137,16,94,133,103,172,148,185,123,121,152,132,153,140,70,68,120,159,162,161,184,75,108,28,166,102,168,169,76,171,177,44,163,175,143,37,145,136,190,181,22,12,43,59,48,104,196,74,39,191,60,42,194,115,41,197,146,188,];False
3883;9526;13409;[72,199,78,99,155,124,176,193,186,192,10,154,31,61,149,15,118,92,14,19,20,173,8,93,24,25,84,142,150,5,106,130,198,147,34,33,138,66,141,126,86,174,63,6,9,45,29,119,57,49,50,51,77,53,85,36,182,46,38,79,4,32,183,90,52,56,21,67,18,69,80,71,2,109,89,180,158,114,167,81,156,27,82,83,157,54,125,129,88,11,3,91,107,189,58,128,195,97,55,1,131,134,17,100,65,96,117,187,164,98,110,165,112,113,47,26,116,35,95,120,178,111,64,151,160,170,7,127,122,0,101,144,40,139,105,135,23,13,179,73,87,30,137,16,94,133,103,172,148,185,123,121,152,132,153,140,70,68,62,159,162,161,184,75,108,28,166,102,168,169,76,171,177,44,163,175,143,37,145,136,190,181,22,12,43,59,48,104,196,74,39,191,60,42,194,115,41,197,146,188,];True
3791;9618;13409;[160,199,86,99,155,124,176,193,186,192,10,154,31,61,149,15,118,92,14,19,20,173,8,93,24,25,32,142,150,5,106,130,198,147,34,45,138,66,141,126,78,174,63,6,9,33,29,119,57,49,50,51,77,53,85,36,182,46,38,79,4,146,188,90,52,56,21,67,18,178,80,71,2,109,89,180,158,114,167,81,156,27,82,83,157,54,125,129,88,11,3,91,107,189,58,128,195,97,55,1,131,134,17,100,65,96,117,187,164,98,110,165,112,113,111,26,116,35,95,62,69,47,64,151,7,170,72,127,122,0,101,144,40,139,105,135,23,13,179,73,87,30,137,16,94,133,103,172,148,185,123,121,152,132,153,140,70,68,120,159,162,161,184,75,108,28,166,102,168,169,76,171,177,44,163,175,143,37,145,136,190,181,22,12,43,59,48,104,196,74,39,191,60,42,194,115,41,197,84,183,];False
3753;9654;13407;[160,199,78,99,155,124,176,193,186,192,10,154,31,61,149,15,118,92,14,19,20,173,8,93,24,25,32,142,150,5,106,130,198,147,34,45,138,66,141,126,86,174,63,6,9,33,29,119,57,49,50,51,77,53,85,36,182,46,38,79,4,146,188,90,52,56,21,67,18,178,80,71,2,109,89,180,158,114,167,81,156,27,82,83,157,54,125,129,88,11,3,91,107,189,58,128,195,97,55,1,131,134,17,100,65,96,117,187,164,98,110,165,112,113,111,26,116,35,95,62,69,47,64,151,7,170,72,127,122,0,101,144,40,191,105,135,23,13,179,73,87,30,137,16,94,133,103,172,148,185,123,121,152,132,153,140,70,68,120,159,162,161,184,75,108,28,166,102,168,169,76,171,177,44,163,175,143,37,145,136,190,181,22,12,43,59,48,104,196,74,39,139,60,42,194,115,41,197,84,183,];False
3764;9642;13406;[160,199,78,99,155,124,176,193,186,192,10,154,31,61,149,15,118,92,14,19,20,173,8,93,24,25,32,142,150,5,106,130,198,147,34,45,74,66,141,126,86,174,63,6,9,33,29,119,57,49,50,51,77,53,85,36,182,46,38,79,4,146,188,90,52,56,21,67,18,178,80,71,2,109,89,180,158,114,167,81,156,27,82,83,157,54,125,129,88,11,3,91,107,189,58,128,195,97,55,1,131,134,17,100,65,96,117,187,164,98,110,165,112,113,111,26,116,35,95,62,69,47,64,151,7,170,72,127,122,0,101,144,40,139,105,135,23,13,179,73,87,30,137,16,94,133,103,172,148,185,123,121,152,132,153,140,70,68,120,159,162,161,184,75,108,28,166,102,168,169,76,171,177,44,163,175,143,37,145,136,190,181,22,12,43,59,48,104,196,138,39,191,60,42,194,115,41,197,84,183,];False
3771;9634;13405;[160,199,78,99,155,124,176,193,186,192,10,154,31,61,149,15,118,92,14,109,20,173,8,93,24,25,32,142,150,5,106,130,198,147,34,45,138,66,141,126,86,174,63,6,9,33,29,119,57,49,50,51,77,53,85,36,182,46,38,79,4,146,188,90,52,56,21,67,18,178,80,71,2,19,89,180,158,114,167,81,156,27,82,83,157,54,125,129,88,11,3,91,107,189,58,128,195,97,55,1,131,134,17,100,65,96,117,187,164,98,110,165,112,113,111,26,116,35,95,62,69,47,64,151,7,170,72,127,122,0,101,144,40,139,105,135,23,13,179,73,87,30,137,16,94,133,103,172,148,185,123,121,152,132,153,140,70,68,120,159,162,161,184,75,108,28,166,102,168,169,76,171,177,44,163,175,143,37,145,136,190,181,22,12,43,59,48,104,196,74,39,191,60,42,194,115,41,197,84,183,];False
3760;9644;13404;[160,199,78,99,155,124,176,193,186,192,10,154,31,95,149,15,118,92,14,19,20,173,8,93,24,25,32,142,150,5,106,130,198,147,34,45,138,66,141,126,86,174,63,6,9,33,29,119,57,49,50,51,77,53,85,36,182,46,38,79,4,146,188,90,52,56,21,67,18,178,80,71,2,109,89,180,158,114,167,81,156,27,82,83,157,54,125,129,88,11,3,91,107,189,58,128,195,97,55,1,131,134,17,100,65,96,117,187,164,98,110,165,112,113,111,26,116,35,61,62,69,47,64,151,7,170,72,127,122,0,101,144,40,139,105,135,23,13,179,73,87,30,137,16,94,133,103,172,148,185,123,121,152,132,153,140,70,68,120,159,162,161,184,75,108,28,166,102,168,169,76,171,177,44,163,175,143,37,145,136,190,181,22,12,43,59,48,104,196,74,39,191,60,42,194,115,41,197,84,183,];False
3752;9647;13399;[72,199,78,99,155,124,176,193,186,192,10,154,31,61,149,15,118,92,14,19,20,173,8,93,24,25,32,142,150,5,106,130,198,147,34,45,138,66,141,126,86,174,63,6,9,33,29,119,57,49,50,51,77,53,85,36,182,46,38,79,4,146,183,90,52,56,21,67,18,178,80,71,2,109,89,180,158,114,167,81,156,27,82,83,157,54,125,129,88,11,3,91,107,189,58,128,195,97,55,1,131,134,17,100,65,96,117,187,164,98,110,165,112,113,111,26,116,35,95,62,69,47,64,151,7,170,160,127,122,0,101,144,40,139,105,135,23,13,179,73,87,30,137,16,94,133,103,172,148,185,123,121,152,132,153,140,70,68,120,159,162,161,184,75,108,28,166,102,168,169,76,171,177,44,163,175,143,37,145,136,190,181,22,12,43,59,48,104,196,74,39,191,60,42,194,115,41,197,84,188,];False
3703;9692;13395;[160,199,78,99,155,124,176,193,186,192,10,154,31,61,149,15,118,92,14,19,20,173,8,171,24,25,32,142,150,5,106,130,198,147,34,45,138,66,141,126,86,174,63,6,9,33,29,119,57,49,50,51,77,53,85,36,182,46,38,79,4,146,188,90,52,56,21,67,18,178,80,71,2,109,89,180,158,114,167,81,156,27,82,83,157,54,125,110,88,11,3,91,107,189,58,128,195,97,55,1,131,134,17,100,65,96,117,187,164,98,129,165,112,113,111,26,116,35,95,62,69,47,64,151,7,170,72,127,122,0,101,144,40,139,105,135,23,13,179,73,87,30,137,16,94,133,103,172,148,185,123,121,132,152,153,140,70,68,120,159,162,161,184,75,108,28,166,102,168,169,76,93,177,44,163,175,143,37,145,136,190,181,22,12,43,59,48,104,196,74,39,191,60,42,194,115,41,197,84,183,];False
3709;9685;13394;[160,199,78,99,155,124,176,193,186,192,10,154,31,61,149,15,118,92,14,19,20,173,8,171,24,25,32,142,150,5,106,130,198,147,34,45,138,66,141,126,86,174,63,6,9,33,29,119,57,49,50,51,77,53,85,36,182,46,38,79,4,146,188,90,52,56,21,67,18,178,80,71,2,109,89,180,158,114,167,81,156,27,82,83,157,54,125,129,88,11,3,91,107,189,58,128,195,97,55,1,131,134,17,100,65,96,117,187,164,98,110,165,112,113,111,26,116,35,95,62,69,47,64,151,7,133,72,127,122,0,101,144,40,139,105,135,23,13,179,73,87,30,137,16,94,170,103,172,148,185,123,121,132,152,153,140,70,68,120,159,162,161,184,75,108,28,166,102,168,169,76,93,177,44,163,175,143,37,145,136,190,181,22,12,43,59,48,104,196,74,39,191,60,42,194,115,41,197,84,183,];False
3736;9657;13393;[160,199,78,99,155,124,176,193,186,192,10,154,31,61,149,15,118,92,14,19,20,173,8,93,24,25,32,142,150,5,106,130,198,147,34,45,138,66,141,126,86,174,63,6,9,33,29,119,57,49,50,51,77,53,135,36,182,46,38,79,4,146,188,90,52,56,21,67,18,178,80,71,2,109,89,180,158,114,167,81,156,27,82,83,157,54,125,129,88,11,3,91,107,189,58,128,195,97,55,1,131,134,17,100,65,96,117,187,164,98,110,165,112,113,111,26,116,35,95,62,69,47,64,151,7,170,72,127,122,0,101,144,40,139,105,85,23,13,179,73,87,30,137,16,94,133,103,172,148,185,123,121,152,132,153,140,70,68,120,159,162,161,184,75,108,28,166,102,168,169,76,171,177,44,163,175,143,37,145,136,190,181,22,12,43,59,48,104,196,74,39,191,60,42,194,115,41,197,84,183,];False
3749;9636;13385;[80,199,78,99,155,124,176,193,186,192,10,154,31,61,149,15,118,92,14,19,20,173,8,93,24,25,32,142,150,5,106,130,198,147,34,45,138,66,141,126,86,174,63,6,9,33,29,119,57,49,50,51,77,53,85,36,182,46,38,79,4,146,188,90,52,56,21,67,18,178,160,71,2,109,89,180,158,114,167,81,156,27,82,83,157,54,125,129,88,11,3,91,107,189,58,128,195,97,55,1,131,134,17,100,65,96,117,187,164,98,110,165,112,113,111,26,116,35,95,62,69,47,64,151,7,170,72,127,122,0,101,144,40,139,105,135,23,13,179,73,87,30,137,16,94,133,103,172,148,185,123,121,152,132,153,140,70,68,120,159,162,161,184,75,108,28,166,102,168,169,76,171,177,44,163,175,143,37,145,136,190,181,22,12,43,59,48,104,196,74,39,191,60,42,194,115,41,197,84,183,];False
3691;9693;13384;[160,199,78,99,155,124,176,193,186,192,10,154,31,61,149,15,118,92,14,19,20,173,8,171,24,25,32,142,150,5,106,130,198,147,34,45,138,66,141,126,86,174,63,6,9,33,29,119,57,49,50,51,77,53,85,36,182,46,38,79,4,146,188,90,52,56,21,67,18,178,80,71,2,109,89,180,158,114,167,81,156,27,82,83,157,54,125,129,88,11,3,91,107,189,58,128,195,97,55,1,131,134,17,100,65,96,117,187,164,98,110,165,112,113,111,26,116,35,95,62,69,47,64,151,7,170,72,127,122,0,101,144,40,139,105,135,23,13,179,73,87,30,137,16,94,133,103,172,148,185,123,121,132,152,153,140,70,68,120,159,162,161,184,75,108,28,166,102,168,169,76,93,177,44,163,175,143,37,145,136,190,181,22,12,43,59,48,104,196,74,39,191,60,42,194,115,41,197,84,183,];True
3751;9622;13373;[72,199,78,99,155,124,176,193,186,192,10,154,31,61,149,15,118,92,14,19,20,173,8,93,24,25,32,142,150,5,106,130,198,147,34,45,138,66,141,126,86,174,63,6,9,33,29,119,57,49,50,51,77,53,85,36,182,46,38,79,4,146,188,90,52,56,21,67,18,178,80,71,2,109,89,180,158,114,167,81,156,27,82,83,157,54,125,129,88,11,3,91,107,189,58,128,195,97,55,1,131,134,17,100,65,96,117,187,164,98,110,165,112,113,111,26,116,35,95,62,69,47,64,151,7,170,160,127,122,0,148,144,40,139,105,135,23,13,179,73,87,30,137,16,94,133,103,172,101,185,123,121,152,132,153,140,70,68,120,159,162,161,184,75,108,28,166,102,168,169,76,171,177,44,163,175,143,37,145,136,190,181,22,12,43,59,48,104,196,74,39,191,60,42,194,115,41,197,84,183,];False
3699;9674;13373;[160,199,78,99,155,124,176,5,186,192,10,154,31,61,149,15,118,92,14,19,20,173,8,171,24,25,32,142,150,193,106,130,198,147,34,45,138,66,141,126,86,174,63,6,9,33,29,119,57,49,50,51,77,53,85,36,182,46,38,79,4,146,188,90,52,56,21,67,18,178,80,71,2,109,89,180,158,114,167,81,156,27,82,83,157,54,125,129,88,11,3,91,107,189,58,128,195,97,55,1,131,134,17,100,65,96,117,187,164,98,110,165,112,113,111,26,116,35,95,62,69,47,64,151,7,170,72,127,122,0,101,144,40,139,105,135,23,13,179,73,87,30,137,16,94,133,103,172,148,185,123,121,132,152,153,140,70,68,120,159,162,161,184,75,108,28,166,102,168,169,76,93,177,44,163,175,143,37,145,136,190,181,22,12,43,59,48,104,196,74,39,191,60,42,194,115,41,197,84,183,];False
3768;9596;13364;[160,199,78,99,155,124,176,193,186,192,10,154,31,61,149,15,118,92,14,19,20,173,8,93,24,25,32,2,150,5,106,130,198,147,34,45,138,66,141,126,86,174,63,6,9,33,29,119,57,49,50,51,77,53,85,36,182,46,38,79,4,146,188,90,52,56,21,67,18,178,80,71,142,109,89,180,158,114,167,81,156,27,82,83,157,54,125,129,88,11,3,91,107,189,58,128,195,97,55,1,131,134,17,100,65,96,117,187,164,98,110,165,112,113,111,26,116,35,95,62,69,47,64,151,7,170,72,127,122,0,101,144,40,139,105,135,23,13,179,73,87,30,137,16,94,133,103,172,148,185,123,121,132,152,153,140,70,68,120,159,162,161,184,75,108,28,166,102,168,169,76,171,177,44,163,175,143,37,145,136,190,181,22,12,43,59,48,104,196,74,39,191,60,42,194,115,41,197,84,183,];False
3707;9649;13356;[72,199,78,99,155,124,176,193,186,192,10,154,31,61,149,15,118,92,14,19,20,173,8,93,24,25,32,142,150,5,106,130,198,147,34,45,138,66,141,126,86,174,63,6,9,33,29,119,57,49,50,51,77,53,85,36,182,46,38,79,4,146,188,90,52,56,21,67,18,178,80,71,2,109,89,180,158,114,167,81,156,27,82,83,157,54,125,129,88,11,3,91,107,189,58,128,195,97,55,1,131,134,17,100,65,96,117,187,164,98,110,165,112,113,111,26,116,35,95,62,69,47,64,151,7,170,160,127,122,0,101,144,40,139,105,135,23,13,179,73,87,30,137,16,94,133,103,172,148,185,123,121,152,132,153,140,70,68,120,159,162,161,184,75,108,28,166,102,168,169,76,171,177,44,163,175,143,37,145,136,190,181,22,12,43,59,48,104,196,74,39,191,60,42,194,115,41,197,84,183,];False
3713;9639;13352;[160,199,78,99,155,124,176,193,186,192,10,154,31,61,149,15,118,92,14,19,20,173,8,93,24,25,32,142,150,5,106,130,198,147,34,45,138,66,141,126,86,174,63,6,9,33,29,119,57,49,50,51,77,53,85,36,182,46,38,79,4,146,188,90,52,56,21,67,18,184,80,71,2,109,89,180,158,114,167,81,156,27,82,83,157,54,125,129,88,11,3,91,107,189,58,128,195,97,55,1,131,134,17,100,65,96,117,187,164,98,110,165,112,113,111,26,116,35,95,62,69,47,64,151,7,170,72,127,122,0,101,144,40,139,105,135,23,13,179,73,87,30,137,16,94,133,103,172,148,185,123,121,152,132,153,140,70,68,120,159,162,161,178,75,108,28,166,102,168,169,76,171,177,44,163,175,143,37,145,136,190,181,22,12,43,59,48,104,196,74,39,191,60,42,194,115,41,197,84,183,];False
3760;9591;13351;[160,199,106,99,155,124,176,193,186,192,10,154,31,61,149,15,118,92,14,19,20,173,8,93,24,25,32,142,150,5,78,130,198,147,34,45,138,66,141,126,86,174,63,6,9,33,29,119,57,49,50,51,77,53,85,36,182,46,38,79,4,146,188,90,52,56,21,67,18,178,80,71,2,109,89,180,158,114,167,81,156,27,82,83,157,54,125,129,88,11,3,91,107,189,58,128,195,97,55,1,131,134,17,100,65,96,117,187,164,98,110,165,112,113,111,26,116,35,95,62,69,47,64,151,7,170,72,127,122,0,101,144,40,139,105,135,23,13,179,73,87,30,137,16,94,133,103,172,148,185,123,121,152,132,153,140,70,68,120,159,162,161,184,75,108,28,166,102,168,169,76,171,177,44,163,175,143,37,145,136,190,181,22,12,43,59,48,104,196,74,39,191,60,42,194,115,41,197,84,183,];True
3704;9643;13347;[160,199,78,99,155,124,176,193,186,192,10,154,31,61,149,15,118,92,14,19,20,173,8,93,24,25,32,142,150,5,106,130,198,147,34,45,138,66,141,126,86,174,63,6,9,33,29,119,57,49,50,51,77,53,85,36,182,46,38,79,4,146,188,90,52,56,21,67,18,178,80,71,2,109,89,180,158,114,167,81,156,27,82,83,157,54,125,129,88,11,3,91,107,189,58,128,195,97,55,1,131,134,17,100,65,96,117,187,164,98,110,165,112,113,111,26,116,35,95,62,69,47,64,151,7,170,72,127,122,0,101,144,40,139,105,135,23,13,179,73,87,30,137,16,94,133,103,172,148,185,123,121,152,132,153,140,70,68,120,159,162,161,184,75,108,28,166,102,168,169,76,171,177,44,163,175,143,37,145,136,190,181,22,12,43,59,48,104,196,74,39,191,60,42,194,115,41,197,84,183,];False
3734;9606;13340;[160,199,78,99,155,124,176,193,186,192,10,154,31,61,149,15,118,92,14,19,20,173,8,93,24,25,32,142,150,5,106,130,198,147,34,45,138,66,141,126,86,174,63,6,9,33,29,119,41,49,50,51,77,53,85,36,182,46,38,79,4,146,188,90,52,56,21,67,18,178,80,71,2,109,89,180,158,114,167,81,156,27,82,83,157,54,125,129,88,11,3,91,107,189,58,128,195,97,55,1,131,134,17,100,65,96,117,187,164,98,110,165,112,113,111,26,116,35,95,62,69,47,64,151,7,170,72,127,122,0,101,144,40,139,105,135,23,13,179,73,87,30,137,16,94,133,103,172,148,185,123,121,132,152,153,140,70,68,120,159,162,161,184,75,108,28,166,102,168,169,76,171,177,44,163,175,143,37,145,136,190,181,22,12,43,59,48,104,196,74,39,191,60,42,194,115,57,197,84,183,];True
3699;9636;13335;[160,199,78,99,155,124,176,193,186,192,10,154,31,61,149,15,118,92,14,19,20,173,8,93,24,25,32,142,150,5,106,130,198,147,34,45,138,66,141,126,86,174,63,6,9,33,29,119,57,49,50,51,77,53,85,36,182,46,38,79,4,146,188,90,52,56,21,67,18,178,80,71,2,109,89,180,158,114,167,81,156,27,82,83,157,54,125,129,88,11,3,91,107,189,58,128,195,97,55,1,131,134,17,100,65,96,117,187,164,98,110,165,112,113,111,26,116,35,95,62,69,47,64,151,7,170,72,127,122,0,101,144,40,139,105,135,23,13,179,73,87,30,137,16,94,133,103,172,148,185,123,121,132,152,153,140,70,68,120,159,162,161,184,75,108,28,166,102,168,169,76,171,177,44,163,175,143,37,145,136,190,181,22,12,43,59,48,104,196,74,39,191,60,42,194,115,41,197,84,183,];True
