utilA;utilB;utilSum;contract;pareto
2709;8236;10945;[4,67,193,48,10,176,91,129,8,84,122,73,174,135,21,99,16,77,112,71,56,18,62,120,24,197,26,9,143,20,3,2,121,160,92,49,130,22,38,34,124,94,75,12,165,153,187,127,39,107,87,76,50,53,93,23,30,134,58,86,69,64,101,151,54,158,199,147,117,98,25,110,81,52,182,28,162,78,60,79,185,148,167,61,41,36,46,131,59,133,96,157,138,178,152,173,66,126,198,159,140,118,109,29,154,156,106,19,108,146,43,128,85,6,111,83,181,82,192,139,33,13,172,195,40,37,15,35,88,1,189,194,31,171,116,57,0,113,196,89,5,141,119,74,183,63,51,72,6,65,102,115,14,45,55,155,184,161,80,114,177,169,191,11,104,180,163,170,95,137,90,125,149,32,68,97,100,7,175,179,27,150,136,144,70,168,17,103,105,142,190,188,186,145,42,47,132,166,123,44];False
2508;8396;10904;[4,67,193,48,10,176,91,129,8,84,122,73,174,135,21,99,16,77,112,71,56,18,62,120,24,197,26,9,143,20,3,2,121,160,92,49,130,22,38,34,124,94,75,12,165,153,187,127,39,107,87,76,50,53,93,23,30,134,58,86,69,64,101,151,54,158,199,6,117,98,25,110,81,52,182,28,162,78,60,79,185,148,167,61,41,36,46,131,59,133,96,157,138,178,152,173,66,126,198,159,140,118,109,114,154,156,106,19,29,146,43,128,85,164,111,83,181,82,192,139,33,13,172,195,40,37,15,35,88,1,189,194,31,171,116,57,0,113,196,89,5,141,119,74,183,63,51,72,147,65,102,115,14,45,55,155,184,161,80,29,177,169,191,11,104,180,163,170,95,137,90,125,149,32,68,97,100,7,175,179,27,150,136,144,70,168,17,103,105,142,190,188,186,145,42,47,132,166,123,44];False
2603;8300;10903;[4,67,193,48,10,176,91,129,8,84,122,73,174,135,21,99,16,77,112,71,56,18,62,120,24,197,26,9,143,20,3,2,121,160,92,49,130,22,38,34,124,94,75,12,165,153,187,127,39,107,87,76,50,53,93,23,30,134,58,86,69,64,101,151,54,158,199,6,117,98,25,110,81,52,182,28,162,78,60,79,185,148,167,61,41,36,46,131,59,133,96,157,138,178,152,173,66,126,198,159,140,118,109,29,154,156,106,19,108,146,43,128,85,164,111,83,181,82,192,139,33,13,172,195,40,161,15,35,88,1,189,194,31,171,116,57,0,113,196,89,5,141,119,74,183,63,51,161,147,65,102,115,14,45,55,155,184,72,80,114,177,169,191,11,104,180,163,170,95,137,90,125,149,32,68,97,100,7,175,179,27,150,136,144,70,168,17,103,105,142,190,188,186,145,42,47,132,166,123,44];False
2622;8267;10889;[4,67,193,48,10,176,91,129,8,84,122,73,174,135,21,99,16,77,112,71,56,18,62,120,24,197,26,9,143,20,3,2,121,160,92,49,130,22,38,34,124,94,75,12,165,153,187,127,39,107,87,76,50,53,93,23,30,134,58,86,69,64,101,151,54,158,199,6,117,98,25,110,81,80,182,28,162,78,60,79,185,148,167,61,41,36,46,131,59,133,96,157,138,178,152,173,66,126,198,159,140,118,109,29,154,156,106,19,108,146,43,128,85,164,111,83,181,82,192,139,33,13,172,195,40,37,15,35,88,1,189,194,31,171,116,52,0,113,196,89,5,141,119,74,183,63,51,72,147,65,102,115,14,45,55,155,184,161,52,114,177,169,191,11,104,180,163,170,95,137,90,125,149,32,68,97,100,7,175,179,27,150,136,144,70,168,17,103,105,142,190,188,186,145,42,47,132,166,123,44];False
2609;8274;10883;[4,67,193,48,10,176,91,129,8,84,122,73,174,135,21,99,16,77,112,71,56,18,62,120,24,197,26,9,143,20,3,2,121,160,92,49,130,22,38,34,124,94,75,12,165,153,187,127,39,107,87,76,50,53,167,23,30,134,58,86,69,64,101,151,54,158,199,6,117,98,25,110,81,52,182,28,162,78,60,79,185,148,93,61,41,36,46,131,59,133,96,157,138,178,152,173,66,126,198,159,140,118,109,29,154,156,106,19,108,146,43,128,85,164,111,83,181,82,192,139,33,13,172,195,40,37,15,35,88,1,189,194,31,171,116,57,0,113,196,89,5,141,119,74,183,63,51,72,147,65,102,115,14,45,55,155,93,161,80,114,177,169,191,11,104,180,163,170,95,137,90,125,149,32,68,97,100,7,175,179,27,150,136,144,70,168,17,103,105,142,190,188,186,145,42,47,132,166,123,44];False
2554;8319;10873;[4,67,193,48,10,176,91,129,8,84,122,73,174,135,21,99,16,77,112,71,56,18,62,120,24,197,26,9,143,20,3,2,121,160,92,49,130,22,38,34,124,94,75,12,165,153,187,127,39,107,87,76,50,53,93,23,30,134,58,86,69,64,101,151,54,158,199,6,117,98,25,110,81,52,182,28,162,78,60,79,185,148,167,61,41,36,46,131,59,133,96,157,138,178,152,173,66,126,198,159,140,118,109,29,154,156,106,19,108,146,43,128,85,164,111,83,181,82,192,139,33,13,172,195,40,37,15,35,88,1,189,194,31,171,116,57,0,105,196,89,5,141,119,74,183,63,51,72,147,65,102,115,14,45,55,155,184,161,80,114,177,169,191,11,104,180,163,170,95,137,90,105,149,32,68,97,100,7,175,179,27,150,136,144,70,168,17,103,113,142,190,188,186,145,42,47,132,166,123,44];False
2549;8324;10873;[4,67,193,48,10,176,91,129,8,84,122,73,174,135,21,99,16,77,112,71,56,18,62,120,24,197,26,9,143,20,3,2,121,160,92,49,130,22,38,34,124,94,75,12,165,153,187,127,53,107,87,76,50,39,93,23,30,134,58,86,69,64,101,151,54,158,199,6,117,98,25,110,81,52,182,28,162,78,60,79,185,148,167,61,41,36,46,131,59,133,96,157,138,178,152,173,66,126,198,159,140,118,109,29,154,156,106,19,108,146,43,128,85,164,111,83,181,82,192,139,33,13,172,195,40,37,15,35,88,1,189,194,31,171,116,57,0,113,196,89,5,141,119,74,183,63,51,72,147,65,102,115,14,45,55,155,184,161,80,114,177,169,191,11,104,180,163,170,95,137,90,125,149,32,68,97,100,7,175,179,27,150,136,144,70,168,17,53,105,142,190,188,186,145,42,47,132,166,123,44];False
2521;8352;10873;[4,67,193,48,10,176,91,129,8,84,122,73,174,135,21,99,16,77,112,71,56,18,62,120,24,197,80,9,143,20,3,2,121,160,92,49,130,22,38,34,124,94,75,12,165,153,187,127,39,107,87,76,50,53,93,23,30,134,58,86,69,64,101,151,54,158,199,6,117,98,25,110,81,52,182,28,162,78,60,79,185,148,167,61,41,36,46,131,59,133,96,157,138,178,152,173,66,126,198,159,140,118,109,29,154,156,106,19,108,146,43,128,85,164,111,83,181,82,192,139,33,13,172,195,40,37,15,35,88,1,189,194,31,171,116,57,0,113,196,89,5,141,119,74,183,63,51,72,147,65,102,115,14,45,55,155,184,161,26,114,177,169,191,11,104,180,163,170,95,137,90,125,149,32,68,97,100,7,175,179,27,150,80,144,70,168,17,103,105,142,190,188,186,145,42,47,132,166,123,44];False
2589;8281;10870;[4,67,193,48,10,176,91,129,8,84,122,73,174,135,21,99,16,77,112,71,56,18,62,120,24,197,26,9,143,20,3,2,121,160,92,49,130,22,38,34,124,94,75,12,165,153,187,66,39,107,87,76,50,53,93,23,30,134,58,86,69,64,101,151,54,158,199,6,117,98,25,110,81,52,182,28,162,78,60,79,185,148,167,61,41,36,46,131,59,133,96,157,138,178,152,173,72,126,198,159,140,118,109,29,154,156,106,19,108,146,43,128,85,164,111,83,181,82,192,139,33,13,172,195,40,37,15,35,88,1,189,194,31,171,116,57,0,113,196,89,5,141,119,74,183,63,51,66,147,65,102,115,14,45,55,155,184,161,80,114,177,169,191,11,104,180,163,170,95,137,90,125,149,32,68,97,100,7,175,179,27,150,136,144,70,168,17,103,105,142,190,188,186,145,42,47,132,166,123,44];False
2540;8329;10869;[4,67,193,48,10,176,91,129,8,84,122,73,174,135,21,99,16,77,112,71,56,18,62,120,24,197,26,9,143,20,3,2,121,160,92,49,130,22,38,34,124,94,75,12,165,153,187,127,39,107,87,76,81,53,93,23,30,134,58,86,69,64,101,151,54,158,199,6,117,98,25,110,50,52,182,28,162,78,60,79,185,148,167,61,41,36,50,131,59,133,96,157,138,178,152,173,66,126,198,159,140,118,109,29,154,156,106,19,108,146,43,128,85,164,111,83,181,82,192,139,33,13,172,195,40,37,15,35,88,1,189,194,31,171,116,57,0,113,196,89,5,141,119,74,183,63,51,72,147,65,102,115,14,45,55,155,184,161,80,114,177,169,191,11,104,180,163,170,95,137,90,125,149,32,68,97,100,7,175,179,27,150,136,144,70,168,17,103,105,142,190,188,186,145,42,47,132,166,123,44];False
2553;8315;10868;[4,67,193,48,10,176,91,129,8,84,122,73,174,135,21,99,16,77,112,71,56,19,62,120,24,197,26,9,143,20,3,2,121,160,92,49,130,22,38,34,124,94,75,12,165,153,187,127,39,107,87,76,50,53,93,23,30,134,58,86,69,64,101,151,54,158,199,6,117,98,25,110,81,52,182,28,162,78,60,79,185,148,167,61,41,36,46,131,59,133,96,157,138,178,152,173,66,126,198,159,140,118,109,29,154,156,106,18,108,146,43,128,85,164,111,83,181,82,192,139,33,13,172,195,40,37,15,35,88,1,189,194,31,171,116,57,0,113,196,89,5,141,119,74,183,63,51,72,147,65,102,115,14,45,55,155,184,161,80,114,177,169,191,11,104,180,163,170,95,137,90,125,149,32,68,97,100,7,175,179,27,150,18,144,70,168,17,103,105,142,190,188,186,145,42,47,132,166,123,44];False
2530;8337;10867;[4,67,193,48,10,176,91,129,8,84,122,73,174,135,21,99,16,77,112,71,56,18,62,120,24,197,26,9,143,20,3,2,121,160,92,49,130,22,38,34,124,94,75,12,165,153,187,127,39,107,87,76,50,53,93,23,30,134,58,86,69,64,101,151,54,158,199,6,117,98,25,110,81,52,182,28,162,78,60,79,185,148,167,61,41,36,46,131,59,133,96,157,138,178,152,173,66,126,198,159,140,118,109,29,154,156,116,19,108,146,43,128,85,164,111,83,181,82,192,139,33,13,172,195,40,37,15,35,88,1,189,194,31,171,106,57,0,113,196,89,5,141,119,74,183,63,51,72,147,65,102,115,14,45,55,155,184,161,80,114,177,169,191,11,104,180,163,170,95,137,90,125,149,32,68,97,100,7,175,179,27,150,136,144,70,168,106,103,105,142,190,188,186,145,42,47,132,166,123,44];False
2605;8255;10860;[4,67,193,48,10,178,91,129,8,84,122,73,174,135,21,99,16,77,112,71,56,18,62,120,24,197,26,9,143,20,3,2,121,160,92,49,130,22,38,34,124,94,75,12,165,153,187,127,39,107,87,76,50,53,93,23,30,134,58,86,69,64,101,151,54,158,199,6,117,98,25,110,176,52,182,28,162,78,60,79,185,148,167,61,41,36,46,131,59,133,96,157,138,176,152,173,66,126,198,159,140,118,109,29,154,156,106,19,108,146,43,128,85,164,111,83,181,82,192,139,33,13,172,195,40,37,15,35,88,1,189,194,31,171,116,57,0,113,196,89,5,141,119,74,183,63,51,72,147,65,102,115,14,45,55,155,184,161,80,114,177,169,191,11,104,180,163,170,95,137,90,125,149,32,68,97,100,7,175,179,27,150,136,144,70,168,17,103,105,142,190,188,186,145,42,47,132,166,123,44];False
2476;8384;10860;[4,67,193,48,10,176,91,129,8,84,122,73,174,135,21,99,16,77,112,71,56,18,62,120,24,197,26,9,143,20,3,2,121,160,92,49,130,22,38,34,124,94,75,12,165,153,187,127,39,107,87,76,50,53,93,23,30,134,58,86,69,64,101,151,54,158,199,6,117,98,25,110,81,52,182,28,79,78,60,162,185,148,167,61,41,36,46,131,59,133,96,157,138,178,152,173,66,126,198,159,140,118,109,29,154,156,106,19,108,146,43,162,85,164,111,83,181,82,192,139,33,13,172,195,40,37,15,35,88,1,189,194,31,171,116,57,0,113,196,89,5,141,119,74,183,63,51,72,147,65,102,115,14,45,55,155,184,161,80,114,177,169,191,11,104,180,163,170,95,137,90,125,149,32,68,97,100,7,175,179,27,150,136,144,70,168,17,103,105,142,190,188,186,145,42,47,132,166,123,44];False
2523;8334;10857;[4,67,193,48,10,176,91,129,8,84,122,73,174,135,21,99,16,77,112,71,56,18,62,120,24,197,26,9,143,20,3,2,121,160,92,49,130,22,38,34,124,94,75,12,165,153,187,127,39,107,87,76,50,53,93,23,30,134,58,86,69,64,164,151,54,158,164,6,117,98,25,110,81,52,182,28,162,78,60,79,185,148,167,61,41,36,46,131,59,133,96,157,138,178,152,173,66,126,198,159,140,118,109,29,154,156,106,19,108,146,43,128,85,101,111,83,181,82,192,139,33,13,172,195,40,37,15,35,88,1,189,194,31,171,116,57,0,113,196,89,5,141,119,74,183,63,51,72,147,65,102,115,14,45,55,155,184,161,80,114,177,169,191,11,104,180,163,170,95,137,90,125,149,32,68,97,100,7,175,179,27,150,136,144,70,168,17,103,105,142,190,188,186,145,42,47,132,166,123,44];False
2564;8290;10854;[4,67,193,48,10,176,91,129,8,84,122,73,174,135,21,99,16,77,112,71,56,18,62,120,24,197,26,9,143,20,3,2,121,160,92,49,130,22,38,34,124,94,75,12,165,153,187,127,39,107,87,76,50,53,93,23,30,134,58,86,69,64,101,151,54,158,199,6,117,98,25,110,81,52,182,28,162,78,60,79,185,148,167,61,41,36,47,131,59,133,96,157,138,178,152,173,66,126,198,159,140,118,109,29,154,156,106,19,108,146,43,128,85,164,111,83,181,82,192,139,33,13,172,195,40,37,15,35,88,1,189,194,31,171,116,57,0,113,196,89,5,141,119,46,183,63,51,72,147,65,102,115,14,45,55,155,184,161,80,114,177,169,191,11,104,180,163,170,95,137,90,125,149,32,68,97,100,7,175,179,27,150,136,144,70,168,17,103,105,142,190,188,186,145,42,46,132,166,123,44];False
2542;8311;10853;[4,67,193,48,10,176,91,129,8,84,122,73,174,135,21,99,16,77,112,71,56,18,62,42,24,197,26,9,143,20,3,2,121,160,92,49,130,22,38,34,124,120,75,12,165,153,187,127,39,107,87,76,50,53,93,23,30,134,58,86,69,64,101,151,54,158,199,6,117,98,25,110,81,52,182,28,162,78,60,79,185,148,167,61,41,36,46,131,59,133,96,157,138,178,152,173,66,126,198,159,140,118,109,29,154,156,106,19,108,146,43,128,85,164,111,83,181,82,192,139,33,13,172,195,40,37,15,35,88,1,189,194,31,171,116,57,0,113,196,89,5,141,119,74,183,63,51,72,147,65,102,115,14,45,55,155,184,161,80,114,177,169,191,11,104,180,163,170,95,137,90,125,149,32,68,97,100,7,175,179,27,150,136,144,70,168,17,103,105,142,190,188,186,145,120,47,132,166,123,44];False
2489;8362;10851;[4,67,193,48,10,176,91,129,8,84,122,73,174,135,21,99,16,77,112,71,56,18,62,120,24,197,26,9,143,20,3,2,121,160,92,49,130,22,38,34,124,94,75,12,165,153,187,127,39,107,87,76,50,53,93,23,30,134,58,86,69,64,101,151,17,158,199,6,117,98,25,110,81,52,182,28,162,78,60,79,185,148,167,17,41,36,46,131,59,133,96,157,138,178,152,173,66,126,198,159,140,118,109,29,154,156,106,19,108,146,43,128,85,164,111,83,181,82,192,139,33,13,172,195,40,37,15,35,88,1,189,194,31,171,116,57,0,113,196,89,5,141,119,74,183,63,51,72,147,65,102,115,14,45,55,155,184,161,80,114,177,169,191,11,104,180,163,170,95,137,90,125,149,32,68,97,100,7,175,179,27,150,136,144,70,168,54,103,105,142,190,188,186,145,42,47,132,166,123,44];False
2584;8261;10845;[4,67,193,48,10,176,91,129,8,84,122,73,174,135,21,99,16,77,112,71,56,18,62,120,24,197,26,9,143,20,3,2,121,160,92,49,130,22,38,34,124,94,75,12,165,153,187,127,39,107,87,76,50,53,93,23,30,134,157,86,69,64,101,151,54,158,199,6,117,98,25,110,81,52,182,28,162,78,60,79,185,148,167,61,41,36,46,131,59,133,96,58,138,178,152,173,157,126,198,159,140,118,109,29,154,156,106,19,108,146,43,128,85,164,111,83,181,82,192,139,33,13,172,195,40,37,15,35,88,1,189,194,31,171,116,57,0,113,196,89,5,141,119,74,183,63,51,72,147,65,102,115,14,45,55,155,184,161,80,114,177,169,191,11,104,180,163,170,95,137,90,125,149,32,68,97,100,7,175,179,27,150,136,144,70,168,17,103,105,142,190,188,186,145,42,47,132,166,123,44];False
2555;8289;10844;[4,67,193,48,10,176,91,129,8,84,122,73,174,135,21,99,16,77,112,71,56,18,62,120,24,197,26,13,143,20,3,2,121,160,92,49,130,22,38,34,124,94,75,12,165,153,187,127,39,107,87,76,50,53,93,23,30,134,58,86,69,64,101,151,54,158,199,6,117,98,25,110,81,52,182,28,162,78,60,79,13,148,167,61,41,36,46,131,59,133,96,157,138,178,152,173,66,126,198,159,140,118,109,29,154,156,106,19,108,146,43,128,85,164,111,83,181,82,192,139,33,9,172,195,40,37,15,35,88,1,189,194,31,171,116,57,0,113,196,89,5,141,119,74,183,63,51,72,147,65,102,115,14,45,55,155,184,161,80,114,177,169,191,11,104,180,163,170,95,137,90,125,149,32,68,97,100,7,175,179,27,150,136,144,70,168,17,103,105,142,190,188,186,145,42,47,132,166,123,44];False
2538;8304;10842;[4,67,193,48,10,176,91,129,8,84,122,73,174,135,21,99,16,77,112,71,56,18,62,120,24,197,26,9,143,20,3,2,121,160,92,49,130,22,38,34,124,94,75,12,165,153,187,127,39,107,87,76,50,53,93,177,30,134,58,86,69,64,101,151,54,158,199,6,117,98,25,110,81,52,182,28,162,78,60,79,185,148,167,61,41,36,46,131,59,133,96,157,138,178,152,173,66,126,198,159,140,118,109,29,154,156,106,19,108,146,43,128,85,164,111,83,181,82,192,139,33,13,172,195,40,37,15,35,88,1,189,194,31,171,116,57,0,113,196,89,5,141,119,74,183,63,51,72,147,65,102,115,14,45,55,155,184,161,80,114,23,169,191,11,104,180,163,170,95,137,90,125,149,32,68,97,100,7,175,179,177,150,136,144,70,168,17,103,105,142,190,188,186,145,42,47,132,166,123,44];False
2520;8321;10841;[4,67,193,48,10,176,91,129,8,183,122,73,174,135,21,99,16,77,112,71,56,18,62,120,24,197,26,9,143,20,3,2,121,160,92,49,130,22,38,34,124,94,75,12,165,153,187,127,39,107,87,76,50,53,93,23,30,134,58,86,69,64,101,151,54,158,199,6,117,98,25,110,81,52,182,28,162,78,60,79,185,148,167,61,41,36,46,131,59,133,96,157,138,178,152,173,66,126,198,159,140,118,109,29,154,156,106,19,108,146,43,128,85,164,111,83,84,82,192,139,33,13,172,195,40,37,15,35,88,1,189,194,31,171,116,57,0,113,196,89,5,141,119,74,84,63,51,72,147,65,102,115,14,45,55,155,184,161,80,114,177,169,191,11,104,180,163,170,95,137,90,125,149,32,68,97,100,7,175,179,27,150,136,144,70,168,17,103,105,142,190,188,186,145,42,47,132,166,123,44];False
2508;8328;10836;[4,67,193,48,10,176,91,129,8,84,122,73,174,135,21,99,16,77,112,71,56,18,62,120,24,197,26,9,143,20,3,2,121,160,92,49,130,22,38,34,124,94,75,12,165,153,187,127,39,107,87,76,50,53,93,23,30,134,58,86,69,64,101,151,54,158,199,6,117,98,25,110,81,52,182,28,162,78,60,79,185,148,167,61,41,36,46,131,59,133,96,157,138,178,152,173,66,126,198,159,140,118,109,29,154,156,106,19,108,146,43,128,85,164,111,83,181,82,192,168,33,13,172,195,40,37,15,35,88,1,189,194,31,171,116,57,0,113,196,89,5,141,119,74,183,63,51,72,147,65,102,115,14,45,55,155,184,161,80,139,177,169,191,11,104,180,163,170,95,137,90,125,149,32,68,97,100,7,175,179,27,150,136,144,70,139,17,103,105,142,190,188,186,145,42,47,132,166,123,44];False
2509;8325;10834;[4,67,193,48,10,176,91,129,8,84,105,73,174,135,21,99,16,77,112,71,56,18,62,120,24,197,26,9,143,20,3,2,121,160,92,49,130,22,38,34,124,94,75,12,165,153,187,127,39,107,87,76,50,53,93,23,30,134,58,86,69,64,101,151,54,158,199,6,117,98,105,110,81,52,182,28,162,78,60,79,185,148,167,61,41,36,46,131,59,133,96,157,138,178,152,173,66,126,198,159,140,118,109,29,154,156,106,19,108,146,43,128,85,164,111,83,181,82,192,139,33,13,172,195,40,37,15,35,88,1,189,194,31,171,116,57,0,113,196,89,5,141,119,74,183,63,51,72,147,65,102,115,14,45,55,155,184,161,80,114,177,169,191,11,104,180,163,170,95,137,90,125,149,32,68,97,100,7,175,179,27,150,136,144,70,168,17,103,122,142,190,188,186,145,42,47,132,166,123,44];False
2521;8312;10833;[4,67,193,48,10,176,91,129,8,84,122,73,174,135,21,99,16,77,112,71,56,18,62,120,24,197,26,9,143,20,3,2,121,160,92,49,130,22,38,34,124,94,75,12,165,153,187,127,39,107,87,76,50,53,93,23,30,134,58,86,69,64,101,151,54,158,199,6,117,98,25,110,81,52,182,28,162,78,60,79,185,148,167,61,41,36,46,131,59,133,96,157,138,178,152,173,66,126,198,159,140,118,109,29,154,156,106,19,108,146,43,128,149,164,111,83,181,82,192,139,33,13,172,195,40,37,15,35,88,1,189,194,31,171,116,57,0,113,196,89,5,141,119,74,183,63,51,72,147,65,102,115,14,45,55,155,184,161,80,114,177,169,191,11,104,180,85,170,95,137,90,125,85,32,68,97,100,7,175,179,27,150,136,144,70,168,17,103,105,142,190,188,186,145,42,47,132,166,123,44];False
2530;8299;10829;[4,67,193,48,10,176,91,129,8,84,122,73,174,135,21,145,16,77,112,71,56,18,62,120,24,197,26,9,143,20,3,2,121,160,92,49,130,22,38,34,124,94,75,12,165,153,187,127,39,107,87,76,50,53,93,23,30,134,58,86,69,64,101,151,54,158,199,6,117,98,25,110,81,52,182,28,162,78,60,79,185,148,167,61,41,36,46,131,59,133,96,157,138,178,152,173,66,126,198,159,140,118,109,29,154,156,106,19,108,146,43,128,85,164,111,83,181,82,192,139,33,13,172,195,40,37,15,35,88,1,189,194,31,171,116,57,0,113,196,89,5,141,119,74,183,63,51,72,147,65,102,115,145,45,55,155,184,161,80,114,177,169,191,11,104,180,163,170,95,137,90,125,149,32,68,97,100,7,175,179,27,150,136,144,70,168,17,103,105,142,190,188,186,14,42,47,132,166,123,44];False
2491;8323;10814;[4,67,193,48,10,176,91,129,8,84,122,73,174,135,21,99,16,77,112,71,56,18,62,120,24,197,26,9,143,20,3,2,121,160,92,49,130,22,38,34,124,94,75,12,165,153,187,127,39,107,87,76,50,53,93,23,30,134,58,86,69,64,61,151,54,158,199,6,117,98,25,110,81,52,182,28,162,78,60,79,185,148,167,101,41,36,46,131,59,133,96,157,138,178,61,173,66,126,198,159,140,118,109,29,154,156,106,19,108,146,43,128,85,164,111,83,181,82,192,139,33,13,172,195,40,37,15,35,88,1,189,194,31,171,116,57,0,113,196,89,5,141,119,74,183,63,51,72,147,65,102,115,14,45,55,155,184,161,80,114,177,169,191,11,104,180,163,170,95,137,90,125,149,32,68,97,100,7,175,179,27,150,136,144,70,168,17,103,105,142,190,188,186,145,42,47,132,166,123,44];False
2580;8233;10813;[4,67,193,48,10,176,91,129,8,84,122,73,174,135,21,99,16,77,112,71,56,18,62,120,24,197,26,9,143,20,3,2,121,160,92,49,130,22,38,34,124,94,75,12,165,153,187,127,39,107,87,76,50,53,93,23,30,134,58,86,69,64,101,151,54,158,199,6,117,98,25,110,81,52,182,28,162,78,60,79,185,148,167,61,41,36,46,192,59,133,96,157,138,178,152,173,66,126,198,192,140,118,109,29,154,156,106,19,108,146,43,128,85,164,111,83,181,82,159,139,33,13,172,195,40,37,15,35,88,1,189,194,31,171,116,57,0,113,196,89,5,141,119,74,183,63,51,72,147,65,102,115,14,45,55,155,184,161,80,114,177,169,191,11,104,180,163,170,95,137,90,125,149,32,68,97,100,7,175,179,27,150,136,144,70,168,17,103,105,142,190,188,186,145,42,47,132,166,123,44];False
2467;8343;10810;[4,67,79,48,10,176,91,129,8,84,122,73,174,135,21,99,16,77,112,71,56,18,62,120,24,197,26,9,143,20,3,2,121,160,92,49,130,22,38,34,124,94,75,12,165,153,187,193,39,107,87,76,50,53,93,23,30,134,58,86,69,64,101,151,54,158,199,6,117,98,25,110,81,52,182,28,162,78,60,193,185,148,167,61,41,36,46,131,59,133,96,157,138,178,152,173,66,126,198,159,140,118,109,29,154,156,106,19,108,146,43,128,85,164,111,83,181,82,192,139,33,13,172,195,40,37,15,35,88,1,189,194,31,171,116,57,0,113,196,89,5,141,119,74,183,63,51,72,147,65,102,115,14,45,55,155,184,161,80,114,177,169,191,11,104,180,163,170,95,137,90,125,149,32,68,97,100,7,175,179,27,150,136,144,70,168,17,103,105,142,190,188,186,145,42,47,132,166,123,44];False
2500;8302;10802;[4,67,193,48,10,176,91,129,8,84,122,73,116,135,21,99,16,77,112,71,56,18,62,120,24,197,26,9,143,20,3,2,121,160,92,49,130,22,38,34,124,94,75,12,165,153,187,127,39,107,87,76,50,53,93,23,30,134,58,86,69,64,101,151,54,158,199,6,117,98,25,110,81,52,182,28,162,78,60,79,185,148,167,61,41,36,46,131,59,133,96,116,138,178,152,173,66,126,198,159,140,118,109,29,154,156,106,19,108,146,43,128,85,164,111,83,181,82,192,139,33,13,172,195,40,37,15,35,88,1,189,194,31,171,174,57,0,113,196,89,5,141,119,74,183,63,51,72,147,65,102,115,14,45,55,155,184,161,80,114,177,169,191,11,104,180,163,170,95,137,90,125,149,32,68,97,100,7,175,179,27,150,136,144,70,168,17,103,105,142,190,188,186,145,42,47,132,166,123,44];False
2501;8298;10799;[4,67,193,48,10,176,91,129,8,84,122,73,174,135,21,99,16,53,112,71,56,18,62,120,24,197,26,9,143,20,3,2,121,160,92,49,130,22,38,34,124,94,75,12,165,153,187,127,39,107,87,76,50,85,93,23,30,134,58,86,69,64,101,151,54,158,199,6,117,98,25,110,81,52,182,28,162,78,60,79,185,148,167,61,41,36,46,131,59,133,96,157,138,178,152,173,66,126,198,159,140,118,109,29,154,156,106,19,108,146,43,128,53,164,111,83,181,82,192,139,33,13,172,195,40,37,15,35,88,1,189,194,31,171,116,57,0,113,196,89,5,141,119,74,183,63,51,72,147,65,102,115,14,45,55,155,184,161,80,114,177,169,191,11,104,180,163,170,95,137,90,125,149,32,68,97,100,7,175,179,27,150,136,144,70,168,17,103,105,142,190,188,186,145,42,47,132,166,123,44];False
2512;8287;10799;[4,67,193,48,10,176,91,129,8,84,122,73,174,135,21,99,16,77,112,71,56,18,62,120,24,197,26,9,41,20,3,2,121,160,92,49,130,22,38,34,124,94,75,12,165,153,187,127,39,107,87,76,50,53,93,23,30,134,58,86,69,64,101,151,54,158,199,6,117,98,25,110,81,52,182,28,162,78,60,79,185,148,167,61,143,36,46,131,59,133,96,157,138,178,152,173,66,126,198,159,140,118,109,29,154,156,106,19,108,146,43,128,85,164,111,83,181,82,192,139,33,13,172,195,40,37,15,35,88,1,189,194,31,171,116,57,0,113,196,89,5,141,41,74,183,63,51,72,147,65,102,115,14,45,55,155,184,161,80,114,177,169,191,11,104,180,163,170,95,137,90,125,149,32,68,97,100,7,175,179,27,150,136,144,70,168,17,103,105,142,190,188,186,145,42,47,132,166,123,44];False
2397;8400;10797;[4,67,193,48,10,176,91,129,8,84,122,73,174,135,21,99,16,77,112,71,56,18,62,120,24,197,26,9,143,20,3,2,121,160,92,49,130,22,38,34,124,94,75,12,165,153,187,127,39,107,87,76,50,53,93,23,30,134,58,86,69,64,101,151,54,158,199,6,117,98,25,110,81,52,182,28,162,78,60,79,180,148,185,61,41,36,46,131,59,133,96,157,138,178,152,173,66,126,198,159,140,118,109,29,154,156,106,19,108,146,43,128,85,164,111,83,181,82,192,139,33,13,172,195,40,37,15,35,88,1,189,194,31,171,116,57,0,113,196,89,5,141,119,74,183,63,51,72,147,65,102,115,14,45,55,155,184,161,80,114,177,169,191,11,104,185,163,170,95,137,90,125,149,32,68,97,100,7,175,179,27,150,136,144,70,168,17,103,105,142,190,188,186,145,42,47,132,166,123,44];False
2492;8304;10796;[4,67,193,48,10,176,91,129,8,84,122,73,174,135,21,99,16,77,112,71,56,18,62,120,24,197,26,9,143,20,3,2,121,160,92,49,130,22,38,34,124,94,75,12,165,153,187,127,39,107,87,76,50,53,93,23,30,134,58,86,69,64,101,151,54,158,199,6,117,98,25,110,81,52,182,28,162,78,60,79,185,148,167,61,41,36,46,131,59,133,96,157,138,178,152,173,66,126,198,159,140,118,109,29,154,156,106,19,108,146,43,128,85,164,111,83,181,82,192,139,33,13,172,195,40,37,15,35,88,1,189,194,31,171,116,57,0,113,196,89,5,141,119,74,183,63,51,72,147,65,102,115,14,45,55,155,184,161,80,114,177,169,191,11,104,180,163,170,95,137,90,125,149,32,68,97,100,7,175,179,27,150,136,144,70,190,17,103,105,142,42,188,186,145,190,47,132,166,123,44];False
2518;8276;10794;[4,67,193,48,10,176,91,129,8,84,122,73,174,135,21,99,16,77,112,71,56,18,62,120,24,197,26,9,143,20,3,2,121,160,92,49,130,22,38,34,124,94,75,12,165,153,187,127,39,107,87,76,50,53,93,23,30,134,58,86,69,64,101,151,54,158,199,102,117,98,25,110,81,52,182,28,162,78,60,79,185,148,167,61,41,36,46,131,59,133,96,157,138,178,152,173,66,126,198,159,140,118,109,29,154,156,106,19,108,146,43,128,85,164,111,83,181,82,192,139,33,13,172,195,40,37,15,35,88,1,189,194,31,171,116,57,0,113,196,89,5,141,119,74,183,63,51,72,147,65,6,115,14,45,55,155,184,161,80,114,177,169,191,11,104,180,163,170,95,137,90,125,149,32,68,97,100,7,175,179,27,150,136,144,70,168,17,103,6,142,190,188,186,145,42,47,132,166,123,44];False
2452;8339;10791;[4,67,193,48,10,176,91,129,8,84,122,73,174,22,21,99,16,77,112,71,56,18,62,120,24,197,26,9,143,20,3,2,121,160,92,49,130,106,38,34,124,94,75,12,165,153,187,127,39,107,87,76,50,53,93,23,30,134,58,86,69,64,101,151,54,158,199,6,117,98,25,110,81,52,182,28,162,78,60,79,185,148,167,61,41,36,46,131,59,133,96,157,138,178,152,173,66,126,198,159,140,118,109,29,154,156,22,19,108,146,43,128,85,164,111,83,181,82,192,139,33,13,172,195,40,37,15,35,88,1,189,194,31,171,116,57,0,113,196,89,5,141,119,74,183,63,51,72,147,65,102,115,14,45,55,155,184,161,80,114,177,169,191,11,104,180,163,170,95,137,90,125,149,32,68,97,100,7,175,179,27,150,136,144,70,168,17,103,105,142,190,188,186,145,42,47,132,166,123,44];False
2430;8361;10791;[4,67,193,48,148,176,91,129,8,84,122,73,174,135,21,99,16,77,112,71,56,18,62,120,24,197,26,9,143,20,3,2,121,160,92,49,130,22,38,34,124,94,75,12,165,153,187,127,39,107,87,76,50,53,93,23,30,134,58,86,69,64,101,151,54,158,199,6,117,98,25,110,81,52,182,28,162,78,60,79,185,72,167,61,41,36,46,131,59,133,96,157,138,178,152,173,66,126,198,159,140,118,109,29,154,156,106,19,108,146,43,128,85,164,111,83,181,82,192,139,33,13,172,195,40,37,15,35,88,1,189,194,31,171,116,57,0,113,196,89,5,141,119,74,183,63,51,148,147,65,102,115,14,45,55,155,184,161,80,114,177,169,191,11,104,180,163,170,95,137,90,125,149,32,68,97,100,7,175,179,27,150,136,144,70,168,17,103,105,142,190,188,186,145,42,47,132,166,123,44];False
2442;8348;10790;[4,67,193,48,10,176,91,129,8,84,122,73,174,135,21,99,16,77,112,71,56,18,72,120,24,197,26,9,143,20,3,2,121,160,92,49,130,22,38,34,124,94,75,12,165,153,187,127,39,107,87,76,50,53,93,23,30,72,58,86,69,64,101,151,54,158,199,6,117,98,25,110,81,52,182,28,162,78,60,79,185,148,167,61,41,36,46,131,59,133,96,157,138,178,152,173,66,126,198,159,140,118,109,29,154,156,106,19,108,146,43,128,85,164,111,83,181,82,192,139,33,13,172,195,40,37,15,35,88,1,189,194,31,171,116,57,0,113,196,89,5,141,119,74,183,63,51,134,147,65,102,115,14,45,55,155,184,161,80,114,177,169,191,11,104,180,163,170,95,137,90,125,149,32,68,97,100,7,175,179,27,150,136,144,70,168,17,103,105,142,190,188,186,145,42,47,132,166,123,44];False
2491;8298;10789;[4,67,193,48,10,176,91,129,8,84,122,73,174,135,21,99,16,77,112,71,56,18,62,120,24,197,26,9,143,20,3,2,121,160,92,49,130,22,38,34,124,94,75,12,165,153,187,127,39,107,87,76,50,53,93,23,30,134,58,86,69,64,101,151,54,158,199,6,117,98,25,110,81,52,182,28,162,78,60,79,185,148,167,61,41,36,46,131,59,133,96,157,138,178,152,173,66,126,198,159,140,118,109,29,154,156,106,19,108,146,43,128,85,164,111,83,181,82,192,139,33,13,172,195,179,37,15,35,88,1,189,194,31,171,116,57,0,113,196,89,5,141,119,74,183,63,51,72,147,65,102,115,14,45,55,155,184,161,80,114,177,169,191,11,104,180,163,170,95,137,90,125,149,32,68,97,100,7,175,40,27,150,136,144,70,168,17,103,105,142,190,40,186,145,42,47,132,166,123,44];False
2513;8274;10787;[4,67,193,48,10,176,91,129,8,84,122,73,174,135,21,99,16,77,112,164,56,18,62,120,24,197,26,9,143,20,3,2,121,160,92,49,130,22,38,34,124,94,75,12,165,153,187,127,39,107,87,76,50,53,93,23,30,134,58,86,69,64,101,151,54,158,199,6,117,98,25,110,81,52,182,28,162,78,60,79,185,148,167,61,41,36,46,131,59,133,96,157,138,178,152,173,66,126,198,159,140,118,109,29,154,156,106,164,108,146,43,128,85,71,111,83,181,82,192,139,33,13,172,195,40,37,15,35,88,1,189,194,31,171,116,57,0,113,196,89,5,141,119,74,183,63,51,72,147,65,102,115,14,45,55,155,184,161,80,114,177,169,191,11,104,180,163,170,95,137,90,125,149,32,68,97,100,7,175,179,27,150,136,144,70,168,17,103,105,142,190,188,186,145,42,47,132,166,123,44];False
2523;8260;10783;[4,67,193,48,10,176,91,129,8,84,122,73,174,135,21,99,16,77,112,71,56,18,62,120,24,197,26,9,143,20,3,2,121,160,92,49,130,22,38,34,124,94,75,12,165,153,187,127,39,107,87,76,50,53,93,23,30,134,58,86,69,64,101,151,54,158,199,6,117,98,25,110,81,52,182,28,19,78,60,79,185,148,167,61,41,36,46,131,59,133,96,157,138,178,152,173,66,126,19,159,140,118,109,29,154,156,106,198,108,146,43,128,85,164,111,83,181,82,192,139,33,13,172,195,40,37,15,35,88,1,189,194,31,171,116,57,0,113,196,89,5,141,119,74,183,63,51,72,147,65,102,115,14,45,55,155,184,161,80,114,177,169,191,11,104,180,163,170,95,137,90,125,149,32,68,97,100,7,175,179,27,150,136,144,70,168,17,103,105,142,190,188,186,145,42,47,132,166,123,44];False
2490;8292;10782;[4,67,193,48,10,176,91,129,8,84,122,73,174,135,21,99,16,77,112,71,34,18,62,120,24,197,26,9,143,20,3,2,121,160,92,49,130,22,38,108,124,94,75,12,165,153,187,127,39,107,87,76,50,53,93,23,30,134,58,86,69,64,101,151,54,158,199,6,117,98,25,110,81,52,182,28,162,78,60,79,185,148,167,61,41,36,46,131,59,133,96,157,138,178,152,173,66,126,198,159,140,118,109,29,154,156,106,19,34,146,43,128,85,164,111,83,181,82,192,139,33,13,172,195,40,37,15,35,88,1,189,194,31,171,116,57,0,113,196,89,5,141,119,74,183,63,51,72,147,65,102,115,14,45,55,155,184,161,80,114,177,169,191,11,104,180,163,170,95,137,90,125,149,32,68,97,100,7,175,179,27,150,136,144,70,168,17,103,105,142,190,188,186,145,42,47,132,166,123,44];False
2514;8255;10769;[4,67,193,48,10,176,91,129,8,84,122,73,174,135,21,99,16,77,112,71,56,18,62,120,24,197,26,9,143,20,3,2,121,160,92,49,130,22,38,34,124,94,75,12,165,153,187,127,39,107,87,76,50,53,93,23,30,134,58,86,69,64,101,151,54,158,199,6,11,98,25,110,81,52,182,28,162,117,60,79,185,148,167,61,41,36,46,131,59,133,96,157,138,178,152,173,66,126,198,159,140,118,109,29,154,156,106,19,108,146,43,128,85,164,111,83,181,82,192,139,33,13,172,195,40,37,15,35,88,1,189,194,31,171,116,57,0,113,196,89,5,141,119,74,183,63,51,72,147,65,102,115,14,45,55,155,184,161,80,114,177,169,191,117,104,180,163,170,95,137,90,125,149,32,68,97,100,7,175,179,27,150,136,144,70,168,17,103,105,142,190,188,186,145,42,47,132,166,123,44];False
2488;8279;10767;[4,67,193,48,10,176,91,129,8,84,122,73,174,135,21,99,16,77,112,71,56,18,62,120,24,197,26,9,143,20,3,2,121,160,92,49,130,22,38,34,124,94,75,12,165,153,187,127,39,107,87,76,50,53,93,23,30,134,58,86,69,64,101,151,54,158,199,6,117,98,25,110,81,52,167,28,162,78,60,79,185,148,182,61,41,36,46,131,59,133,96,157,138,178,152,173,66,126,198,159,140,118,109,29,154,156,106,19,108,146,43,128,85,164,111,83,181,82,192,139,33,13,172,195,40,37,15,35,88,1,189,194,31,171,116,57,0,113,196,89,5,182,119,74,183,63,51,72,147,65,102,115,14,45,55,155,184,161,80,114,177,169,191,11,104,180,163,170,95,137,90,125,149,32,68,97,100,7,175,179,27,150,136,144,70,168,17,103,105,142,190,188,186,145,42,47,132,166,123,44];False
2488;8279;10767;[4,67,193,48,10,176,91,129,8,84,122,73,174,135,21,99,16,77,112,71,56,18,62,120,24,197,26,9,143,20,3,2,121,160,92,49,130,22,38,34,124,94,75,12,165,153,187,127,39,107,87,76,50,53,93,23,30,134,58,86,69,64,101,151,54,158,199,6,117,98,25,110,81,52,182,28,162,78,60,79,185,148,167,61,41,36,46,194,59,133,96,157,138,178,152,173,66,126,198,159,140,118,109,194,154,156,106,19,108,146,43,128,85,164,111,83,181,82,192,139,33,13,172,195,40,37,15,35,88,1,189,29,31,171,116,57,0,113,196,89,5,141,119,74,183,63,51,72,147,65,102,115,14,45,55,155,184,161,80,114,177,169,191,11,104,180,163,170,95,137,90,125,149,32,68,97,100,7,175,179,27,150,136,144,70,168,17,103,105,142,190,188,186,145,42,47,132,166,123,44];False
2483;8279;10762;[4,67,193,48,10,176,91,129,8,84,122,73,174,135,21,99,16,77,112,71,56,18,62,120,24,197,26,163,143,20,3,2,121,160,92,49,130,22,38,34,124,94,75,12,165,153,187,127,39,107,87,76,50,53,93,23,30,134,58,86,69,64,101,151,54,158,199,6,117,98,25,110,81,52,182,28,162,78,60,163,185,148,167,61,41,36,46,131,59,133,96,157,138,178,152,173,66,126,198,159,140,118,109,29,154,156,106,19,108,146,43,128,85,164,111,83,181,82,192,139,33,13,172,195,40,37,15,35,88,1,189,194,31,171,116,57,0,113,196,89,5,141,119,74,183,63,51,72,147,65,102,115,14,45,55,155,184,161,80,114,177,169,191,11,104,180,9,170,95,137,90,125,149,32,68,97,100,7,175,179,27,150,136,144,70,168,17,103,105,142,190,188,186,145,42,47,132,166,123,44];False
2441;8321;10762;[4,67,193,48,10,176,91,129,8,84,122,73,174,135,21,99,16,77,112,71,56,18,62,120,24,197,26,9,85,20,3,2,121,160,92,49,130,22,38,34,124,94,75,12,165,153,187,127,39,107,87,76,50,53,93,23,30,134,58,86,69,64,101,151,54,85,199,6,117,98,25,110,81,52,182,28,162,78,60,79,185,148,167,61,41,36,46,131,59,133,96,157,138,178,152,173,66,126,198,159,140,118,109,29,154,156,106,19,108,146,43,128,158,164,111,83,181,82,192,139,33,13,172,195,40,37,15,35,88,1,189,194,31,171,116,57,0,113,196,89,5,141,119,74,183,63,51,72,147,65,102,115,14,45,55,155,184,161,80,114,177,169,191,11,104,180,163,170,95,137,90,125,149,32,68,97,100,7,175,179,27,150,136,144,70,168,17,103,105,142,190,188,186,145,42,47,132,166,123,44];False
2503;8256;10759;[4,67,193,48,10,176,91,129,8,84,122,73,174,135,21,99,16,77,112,71,56,18,62,12,24,197,26,9,143,20,3,2,121,160,92,49,130,22,38,34,124,94,75,95,165,153,187,127,39,107,87,76,50,53,93,23,30,134,58,86,69,64,101,151,54,158,199,6,117,98,25,110,81,52,182,28,162,78,60,79,185,148,167,61,41,36,46,131,59,133,96,157,138,178,152,173,66,126,198,159,140,118,109,29,154,156,106,19,108,146,43,128,85,164,111,83,181,82,192,139,33,13,172,195,40,37,15,35,88,1,189,194,31,171,116,57,0,113,196,89,5,141,119,74,183,63,51,72,147,65,102,115,14,45,55,155,184,161,80,114,177,169,191,11,104,180,163,170,12,137,90,125,149,32,68,97,100,7,175,179,27,150,136,144,70,168,17,103,105,142,190,188,186,145,42,47,132,166,123,44];False
2426;8331;10757;[4,67,193,48,10,176,91,129,8,84,122,73,174,135,21,99,16,77,112,71,56,18,62,120,24,197,26,9,143,20,3,2,121,160,92,49,130,22,38,34,124,94,75,12,165,153,187,127,39,107,87,76,50,53,93,23,30,134,58,86,69,64,101,151,54,158,199,6,117,98,25,110,81,52,182,28,162,78,60,79,185,148,167,61,41,36,46,131,59,133,96,157,138,178,152,173,66,126,198,159,140,118,109,29,154,156,106,19,108,146,43,128,85,164,111,83,181,82,192,139,33,13,172,183,40,37,15,35,88,1,189,194,31,171,116,57,0,113,196,89,5,141,119,74,195,63,51,72,147,65,102,115,14,45,55,155,184,161,80,114,177,169,191,11,104,180,163,170,95,137,90,125,149,32,68,97,100,7,175,179,27,150,136,144,183,168,17,103,105,142,190,188,186,145,42,47,132,166,123,44];False
2416;8337;10753;[4,67,193,48,10,176,91,129,8,84,122,73,174,135,21,99,16,77,112,71,56,18,62,120,24,197,26,9,143,20,3,2,121,160,92,49,130,22,38,34,124,94,75,12,165,153,187,127,39,107,87,76,50,53,93,23,30,134,58,86,69,64,101,151,54,144,199,6,117,98,25,110,81,52,182,28,162,78,60,79,185,148,167,61,41,36,46,131,59,133,96,157,138,178,152,173,66,126,198,159,140,118,109,29,154,156,106,19,108,146,43,128,85,164,111,144,181,82,192,139,33,13,172,195,40,37,15,35,88,1,189,194,31,171,116,57,0,113,196,89,5,141,119,74,183,63,51,72,147,65,102,115,14,45,55,155,184,161,80,114,177,169,191,11,104,180,163,170,95,137,90,125,149,32,68,97,100,7,175,179,27,150,136,83,70,168,17,103,105,142,190,188,186,145,42,47,132,166,123,44];False
2386;8366;10752;[4,67,193,48,10,176,91,129,8,84,122,73,174,135,21,99,16,77,112,71,56,18,62,120,24,197,26,9,143,20,3,2,121,160,92,49,130,22,38,34,124,94,75,12,165,153,187,127,39,107,87,76,50,53,93,23,30,134,58,86,55,64,101,151,54,158,199,6,117,98,25,110,81,52,182,28,162,78,55,79,185,148,167,61,41,36,46,131,59,133,96,157,138,178,152,173,66,126,198,159,140,118,109,29,154,156,106,19,108,146,43,128,85,164,111,83,181,82,192,139,33,13,172,195,40,37,15,35,88,1,189,194,31,171,116,57,0,113,196,89,5,141,119,74,183,63,51,72,147,65,102,115,14,45,60,155,184,161,80,114,177,169,191,11,104,180,163,170,95,137,90,125,149,32,68,97,100,7,175,179,27,150,136,144,70,168,17,103,105,142,190,188,186,145,42,47,132,166,123,44];False
2428;8317;10745;[4,67,193,48,10,176,91,129,8,84,122,73,174,135,21,99,16,77,112,71,56,18,62,120,24,197,26,9,143,20,3,2,121,160,92,49,130,22,38,34,124,94,75,12,165,153,187,127,39,107,87,76,50,53,93,23,177,134,58,86,69,64,101,151,54,158,199,6,117,98,25,110,81,52,182,28,162,78,60,79,185,148,167,61,41,36,46,131,59,133,96,157,138,178,152,173,66,126,198,159,140,118,109,29,154,156,106,19,108,146,43,128,85,164,111,83,181,82,192,139,33,13,172,195,40,37,15,35,88,1,189,194,31,171,116,57,0,113,196,89,30,141,119,74,183,63,51,72,147,65,102,115,14,45,55,155,184,161,80,114,30,169,191,11,104,180,163,170,95,137,90,125,149,32,68,97,100,7,175,179,27,150,136,144,70,168,17,103,105,142,190,188,186,145,42,47,132,166,123,44];False
2450;8288;10738;[4,67,193,48,10,176,91,129,8,84,122,73,174,135,21,99,16,77,112,71,56,18,62,120,24,197,26,9,143,20,3,2,121,160,92,49,130,22,38,34,124,94,75,12,165,153,187,127,39,107,87,76,50,53,93,23,30,134,58,86,69,64,101,151,54,158,199,6,117,98,25,110,81,52,182,28,188,78,60,79,185,148,167,61,41,36,46,131,59,133,96,157,138,178,152,173,66,126,198,159,140,118,109,29,154,156,106,19,108,146,43,128,85,164,111,83,181,82,192,139,33,13,172,195,40,37,15,35,88,1,189,194,31,171,116,57,0,113,196,89,5,141,119,74,183,63,51,72,147,65,102,115,14,45,55,155,184,161,80,114,177,169,191,11,104,180,163,170,95,137,90,125,162,32,68,97,100,7,175,179,27,150,136,144,70,168,17,103,105,142,190,162,186,145,42,47,132,166,123,44];False
2483;8255;10738;[4,67,193,48,10,176,91,129,8,84,122,73,174,135,21,99,16,77,112,71,56,18,62,120,24,197,26,9,124,20,3,2,121,160,92,49,130,22,38,34,65,94,75,12,165,153,187,127,39,107,87,76,50,53,93,23,30,134,58,86,69,64,101,151,54,158,199,6,117,98,25,110,81,52,182,28,162,78,60,79,185,148,167,61,41,36,46,131,59,133,96,157,138,178,152,173,66,126,198,159,140,118,109,29,154,156,106,19,108,146,43,128,85,164,111,83,181,82,192,139,33,13,172,195,40,37,15,35,88,1,189,194,31,171,116,57,0,113,196,89,5,141,119,74,183,63,51,72,147,124,102,115,14,45,55,155,184,161,80,114,177,169,191,11,104,180,163,170,95,137,90,125,149,32,68,97,100,7,175,179,27,150,136,144,70,168,17,103,105,142,190,188,186,145,42,47,132,166,123,44];False
2452;8283;10735;[4,67,193,48,10,176,91,129,8,84,122,73,174,135,21,99,16,77,112,71,56,18,62,120,24,197,26,9,143,20,3,2,121,160,92,196,130,22,38,34,124,94,75,12,165,153,187,127,39,107,87,76,50,53,93,23,30,134,58,86,69,64,101,151,54,196,199,6,117,98,25,110,81,52,182,28,162,78,60,79,185,148,167,61,41,36,46,131,59,133,96,157,138,178,152,173,66,126,198,159,140,118,109,29,154,156,106,19,108,146,43,128,85,164,111,83,181,82,192,139,33,13,172,195,40,37,15,35,88,1,189,194,31,171,116,57,0,113,49,89,5,141,119,74,183,63,51,72,147,65,102,115,14,45,55,155,184,161,80,114,177,169,191,11,104,180,163,170,95,137,90,125,149,32,68,97,100,7,175,179,27,150,136,144,70,168,17,103,105,142,190,188,186,145,42,47,132,166,123,44];False
2472;8256;10728;[4,67,193,48,10,176,91,129,140,84,122,73,174,135,21,99,16,77,112,71,56,18,62,120,24,197,26,9,143,20,3,2,121,160,92,49,130,22,38,34,124,94,75,12,165,153,187,127,39,107,87,76,50,53,93,23,30,134,58,86,69,64,101,151,54,158,199,6,117,98,25,110,81,52,182,8,162,78,60,79,185,148,167,61,41,36,46,131,59,133,96,157,138,178,152,173,66,126,198,159,8,118,109,29,154,156,106,19,108,146,43,128,85,164,111,83,181,82,192,139,33,13,172,195,40,37,15,35,88,1,189,194,31,171,116,57,0,113,196,89,5,141,119,74,183,63,51,72,147,65,102,115,14,45,55,155,184,161,80,114,177,169,191,11,104,180,163,170,95,137,90,125,149,32,68,97,100,7,175,179,27,150,136,144,70,168,17,103,105,142,190,188,186,145,42,47,132,166,123,44];False
2430;8298;10728;[4,67,193,48,10,176,91,129,8,84,122,73,174,135,21,99,16,66,112,71,56,18,62,120,24,197,26,9,143,20,3,2,121,160,92,49,130,22,38,34,124,94,75,12,165,153,187,127,39,107,87,76,50,53,93,23,30,134,58,86,69,64,101,151,54,158,199,6,117,98,25,110,81,52,182,28,162,78,60,79,185,148,167,61,41,36,46,131,59,133,96,157,138,178,152,173,77,126,198,159,140,118,109,29,154,156,106,19,108,146,43,128,85,164,111,83,181,82,192,139,33,13,172,195,40,37,15,35,88,1,189,194,31,171,116,57,0,113,196,89,5,141,119,74,183,63,51,72,147,65,102,115,14,45,55,155,77,161,80,114,177,169,191,11,104,180,163,170,95,137,90,125,149,32,68,97,100,7,175,179,27,150,136,144,70,168,17,103,105,142,190,188,186,145,42,47,132,166,123,44];False
2454;8271;10725;[4,67,193,48,10,176,91,129,8,84,122,73,174,135,21,99,16,77,112,71,56,18,62,120,24,197,26,9,143,20,3,2,121,160,92,49,130,22,38,34,124,94,75,12,165,153,187,127,39,107,87,76,50,53,93,23,30,134,58,86,69,64,101,151,54,158,199,6,117,98,25,110,81,52,138,28,162,78,60,79,185,148,167,61,41,36,46,131,59,133,96,157,182,178,152,173,66,126,198,159,140,118,109,29,154,156,106,19,108,146,43,128,85,164,111,83,181,82,192,139,33,13,172,195,40,37,15,35,88,1,189,194,31,171,116,57,0,113,196,89,5,141,119,74,183,63,51,72,147,65,102,182,14,45,55,155,184,161,80,114,177,169,191,11,104,180,163,170,95,137,90,125,149,32,68,97,100,7,175,179,27,150,136,144,70,168,17,103,105,142,190,188,186,145,42,47,132,166,123,44];False
2459;8265;10724;[4,67,193,48,10,176,91,129,8,84,122,73,174,135,21,99,16,77,112,71,56,18,62,120,24,197,26,9,143,20,3,2,121,160,92,49,130,22,38,34,124,94,75,12,165,153,187,127,39,107,87,76,50,53,93,23,30,134,58,86,69,64,101,151,54,158,199,6,184,98,25,110,81,52,182,28,162,78,60,79,185,148,167,61,41,36,46,131,59,133,96,157,138,178,152,173,66,126,198,159,140,118,109,29,154,156,106,19,108,146,43,128,85,164,111,83,181,82,192,139,33,13,172,195,40,37,184,35,88,1,189,194,31,171,116,57,0,113,196,89,5,141,119,74,183,63,51,72,147,65,102,115,14,45,55,155,117,161,80,114,177,169,191,11,104,180,163,170,95,137,90,125,149,32,68,97,100,7,175,179,27,150,136,144,70,168,17,103,105,142,190,188,186,145,42,47,132,166,123,44];False
2462;8261;10723;[4,67,193,48,10,176,91,129,8,84,122,73,174,135,21,99,183,77,112,71,56,18,62,120,24,197,26,9,143,20,3,2,121,160,92,49,130,22,38,34,124,94,75,12,165,153,187,127,39,107,87,76,50,53,93,23,30,134,58,86,69,64,101,151,54,158,199,6,117,98,25,110,81,52,182,28,162,78,60,79,185,148,167,61,41,36,46,131,59,133,96,157,138,178,152,173,66,126,198,159,140,118,109,29,154,156,106,19,108,146,43,128,85,164,111,83,181,82,192,139,33,13,172,195,40,37,15,35,88,1,189,194,31,171,116,57,0,113,196,89,5,141,119,74,16,63,51,72,147,65,102,115,14,45,55,155,184,161,80,114,183,169,191,11,104,180,163,170,95,137,90,125,149,32,68,97,100,7,175,179,27,150,136,144,70,168,17,103,105,142,190,188,186,145,42,47,132,166,123,44];False
2396;8324;10720;[4,67,193,48,10,176,91,129,8,84,122,73,174,135,21,99,16,77,112,71,56,18,62,120,24,197,26,9,143,20,3,2,121,160,92,49,130,22,38,34,124,94,75,12,165,153,187,127,39,107,87,76,50,53,93,23,30,134,58,86,69,64,101,151,54,158,199,6,117,98,25,110,81,52,182,28,162,78,60,79,185,148,167,96,41,36,46,131,59,133,61,157,138,178,152,173,66,126,198,159,140,118,109,29,154,156,106,19,108,146,43,128,85,164,111,83,181,82,192,139,33,13,172,195,40,37,15,35,88,1,189,194,31,171,116,57,0,113,196,89,5,141,119,74,183,63,51,72,147,65,102,115,14,45,55,155,184,161,80,96,177,169,191,11,104,180,163,170,95,137,90,125,149,32,68,97,100,7,175,179,27,150,136,144,70,168,17,103,105,142,190,188,186,145,42,47,132,166,123,44];False
2436;8283;10719;[4,67,193,48,10,176,91,129,8,84,122,73,174,135,21,99,16,77,111,71,56,18,62,120,24,197,26,9,143,20,3,2,121,160,92,49,130,22,38,34,124,94,75,12,165,153,187,127,39,107,87,76,50,53,93,23,30,134,58,86,69,64,101,151,54,158,199,6,117,98,25,110,81,52,182,28,162,78,60,79,185,148,167,61,41,36,46,131,59,133,96,157,138,178,152,173,66,126,198,159,140,118,109,29,154,156,106,19,108,146,43,128,85,164,88,83,181,82,192,139,33,13,172,195,40,37,15,35,111,1,189,194,31,171,116,57,0,113,196,89,5,141,119,74,183,63,51,72,147,65,102,115,14,45,55,155,184,161,80,114,177,169,191,11,104,180,163,170,95,137,90,125,149,32,68,97,100,7,175,179,27,150,136,144,70,168,17,103,105,142,190,188,186,145,42,47,132,166,123,44];False
2439;8279;10718;[4,67,193,48,10,176,91,129,8,84,122,73,174,135,21,99,16,77,112,71,56,18,62,120,24,197,26,9,143,20,3,2,121,160,92,49,130,22,38,34,124,94,75,12,165,153,187,127,39,107,87,76,50,53,93,23,30,134,58,86,69,64,101,151,54,158,199,6,117,98,25,110,81,52,182,28,162,78,60,79,185,148,167,61,41,36,46,131,59,133,96,157,138,108,152,173,66,126,198,159,140,118,109,29,154,156,106,19,183,146,43,128,85,164,111,83,181,82,192,139,33,13,172,195,40,37,15,35,88,1,189,194,31,171,116,57,0,113,196,89,5,141,119,74,108,63,51,72,147,65,102,115,14,45,55,155,184,161,80,114,177,169,191,11,104,180,163,170,95,137,90,125,149,32,68,97,100,7,175,179,27,150,136,144,70,168,17,103,105,142,190,188,186,145,42,47,132,166,123,44];False
2416;8301;10717;[4,67,193,48,10,176,91,129,8,84,122,73,174,135,21,99,16,77,112,71,56,18,62,120,24,197,26,9,143,20,3,2,65,160,92,49,130,22,38,34,124,94,75,12,165,153,187,127,39,65,87,76,50,53,93,23,30,134,58,86,69,64,101,151,54,158,199,6,117,98,25,110,81,52,182,28,162,78,60,79,185,148,167,61,41,36,46,131,59,133,96,157,138,178,152,173,66,126,198,159,140,118,109,29,154,156,106,19,108,146,43,128,85,164,111,83,181,82,192,139,33,13,172,195,40,37,15,35,88,1,189,194,31,171,116,57,0,113,196,89,5,141,119,74,183,63,51,72,147,107,102,115,14,45,55,155,184,161,80,114,177,169,191,11,104,180,163,170,95,137,90,125,149,32,68,97,100,7,175,179,27,150,136,144,70,168,17,103,105,142,190,188,186,145,42,47,132,166,123,44];False
2381;8335;10716;[4,67,193,48,10,176,91,129,8,84,122,73,174,135,21,99,16,77,112,71,56,18,62,120,24,197,26,9,143,20,3,2,121,160,92,49,130,22,38,34,83,94,75,12,165,153,187,127,39,107,87,76,50,53,93,23,30,134,58,86,69,64,101,151,54,158,199,6,117,98,25,110,81,52,182,28,162,78,60,79,185,148,167,61,41,36,46,131,59,133,96,157,138,178,152,173,66,126,198,159,140,118,109,29,154,156,106,19,108,146,43,128,85,164,111,124,181,82,192,139,33,13,172,195,40,37,15,35,88,1,189,194,31,171,116,57,0,113,196,89,5,141,119,74,183,63,51,72,147,65,102,115,14,45,55,155,124,161,80,114,177,169,191,11,104,180,163,170,95,137,90,125,149,32,68,97,100,7,175,179,27,150,136,144,70,168,17,103,105,142,190,188,186,145,42,47,132,166,123,44];False
2441;8273;10714;[4,67,193,48,10,176,91,129,8,84,122,73,174,135,21,99,16,77,112,71,56,18,62,120,24,197,26,9,143,20,3,2,80,160,92,49,130,22,38,34,124,94,75,12,165,80,187,127,39,107,87,76,50,53,93,23,30,134,58,86,69,64,101,151,54,158,199,6,117,98,25,110,81,52,182,28,162,78,60,79,185,148,167,61,41,36,46,131,59,133,96,157,138,178,152,173,66,126,198,159,140,118,109,29,154,156,106,19,108,146,43,128,85,164,111,83,181,82,192,139,33,13,172,195,40,37,15,35,88,1,189,194,31,171,116,57,0,113,196,89,5,141,119,74,183,63,51,72,147,65,102,115,14,45,55,155,184,161,121,114,177,169,191,11,104,180,163,170,95,137,90,125,149,32,68,97,100,7,175,179,27,150,136,144,70,168,17,103,105,142,190,188,186,145,42,47,132,166,123,44];False
2373;8337;10710;[4,67,193,48,10,176,91,129,8,84,122,73,174,135,21,99,16,77,112,71,56,18,62,120,24,197,26,9,143,20,3,2,121,160,92,49,130,22,38,170,124,94,75,12,165,153,187,127,39,107,87,76,50,53,93,23,30,134,58,86,69,64,101,151,54,158,199,6,117,98,25,110,81,52,182,28,162,78,60,79,185,148,167,61,41,36,46,131,59,133,96,157,138,178,152,173,66,126,198,159,140,118,109,29,154,156,106,19,108,146,43,128,85,164,111,83,181,82,192,139,33,13,172,195,40,37,15,35,88,1,189,194,31,171,116,57,0,113,196,89,5,141,119,74,183,63,170,72,147,65,102,115,14,45,55,155,184,161,80,114,177,169,191,11,104,180,163,34,95,137,90,125,149,32,68,97,100,7,175,179,27,150,136,144,70,168,17,103,105,142,190,188,186,145,42,47,132,166,123,44];False
2455;8252;10707;[4,67,193,48,10,176,91,129,8,84,122,73,174,135,21,99,16,77,112,71,56,18,62,120,24,197,26,9,143,20,3,2,121,160,92,49,130,22,38,34,124,94,75,12,165,153,187,127,39,107,87,76,50,53,93,23,30,134,58,55,69,64,101,151,54,158,199,6,117,98,25,110,81,52,182,28,162,78,60,79,185,148,167,61,41,36,46,131,59,133,96,157,138,178,152,173,66,126,198,159,140,118,109,29,154,156,106,19,108,146,43,128,85,164,111,83,181,82,192,139,33,13,172,195,40,37,15,35,88,1,189,194,31,171,116,57,0,113,196,89,5,141,119,74,183,63,51,72,147,65,102,115,14,45,104,155,184,161,80,114,177,169,191,11,55,180,163,170,95,137,90,125,149,32,68,97,100,7,175,179,27,150,136,144,70,168,17,103,105,142,190,188,186,145,42,47,132,166,123,44];False
2463;8242;10705;[4,67,193,48,10,176,91,129,8,84,122,73,174,135,21,99,16,77,112,71,56,18,62,120,197,24,26,9,143,20,3,2,121,160,92,49,130,22,38,34,124,94,75,12,165,153,187,127,39,107,87,76,50,53,93,23,30,134,58,86,69,64,101,151,54,158,199,6,117,98,25,110,81,52,182,28,162,78,60,79,185,148,167,61,41,36,46,131,59,133,96,157,138,178,152,173,66,126,198,159,140,118,109,29,154,156,106,19,108,146,43,128,85,164,111,83,181,82,192,139,33,13,172,195,40,37,15,35,88,1,189,194,31,171,116,57,0,113,196,89,5,141,119,74,183,63,51,72,147,65,102,115,14,45,55,155,184,161,80,114,177,169,191,11,197,180,163,170,95,137,90,125,149,32,68,97,100,7,175,179,27,150,136,144,70,168,17,103,105,142,190,188,186,145,42,47,132,166,123,44];False
2432;8273;10705;[4,67,193,48,10,176,91,129,8,84,122,73,147,135,21,99,16,77,112,71,56,18,62,120,24,197,174,9,143,20,3,2,121,160,92,49,130,22,38,34,124,94,75,12,165,153,187,127,39,107,87,76,50,53,93,23,30,134,58,86,69,64,101,151,54,158,199,6,117,98,25,110,81,52,182,28,162,78,60,79,185,148,167,61,41,36,46,131,59,133,96,157,138,178,152,173,66,126,198,159,140,118,109,29,154,156,106,19,108,146,43,128,85,164,111,83,181,82,192,139,33,13,172,195,40,37,15,35,88,1,189,194,31,171,116,57,0,113,196,89,5,141,119,74,183,63,51,72,174,65,102,115,14,45,55,155,184,161,80,114,177,169,191,11,104,180,163,170,95,137,90,125,149,32,68,97,100,7,175,179,27,150,136,144,70,168,17,103,105,142,190,188,186,145,42,47,132,166,123,44];False
2453;8247;10700;[4,67,193,48,10,176,91,129,8,84,122,73,174,135,21,99,16,77,112,71,56,18,62,120,24,197,26,9,143,20,3,2,121,160,92,49,130,22,38,34,124,94,75,12,165,153,187,127,39,107,87,76,50,53,93,23,30,134,58,86,69,64,101,151,54,158,199,6,117,98,25,110,81,52,182,28,162,78,60,79,185,148,167,61,41,36,46,131,59,133,96,157,138,178,152,116,66,126,198,159,140,118,109,29,154,156,106,19,108,146,43,128,85,164,111,83,181,82,192,139,33,13,172,195,40,37,15,35,88,1,189,194,31,171,173,57,0,113,196,89,5,141,119,74,183,63,51,72,147,65,102,115,14,45,55,155,184,161,80,114,177,169,191,11,104,180,163,170,95,137,90,125,149,116,68,97,100,7,175,179,27,150,136,144,70,168,17,103,105,142,190,188,186,145,42,47,132,166,123,44];False
2402;8293;10695;[4,67,193,48,10,176,91,129,8,84,122,73,174,135,21,99,16,77,112,71,56,18,62,120,24,81,26,9,143,20,3,2,121,160,92,49,130,22,38,34,124,94,75,12,165,153,187,127,39,197,87,76,50,53,93,23,30,134,58,86,69,64,101,151,54,158,199,6,117,98,25,110,197,52,182,28,162,78,60,79,185,148,167,61,41,36,46,131,59,133,96,157,138,178,152,173,66,126,198,159,140,118,109,29,154,156,106,19,108,146,43,128,85,164,111,83,181,82,192,139,33,13,172,195,40,37,15,35,88,1,189,194,31,171,116,57,0,113,196,89,5,141,119,74,183,63,51,72,147,65,102,115,14,45,55,155,184,161,80,114,177,169,191,11,104,180,163,170,95,137,90,125,149,32,68,97,100,7,175,179,27,150,136,144,70,168,17,103,105,142,190,188,186,145,42,47,132,166,123,44];False
2384;8307;10691;[4,67,193,48,10,176,91,129,8,84,122,73,174,135,21,99,16,77,112,71,56,18,62,120,24,197,26,9,143,20,3,2,121,160,92,49,127,22,38,34,124,94,75,12,165,153,187,130,39,107,87,76,50,53,93,23,30,134,58,86,69,64,101,151,54,158,199,6,127,98,25,110,81,52,182,28,162,78,60,79,185,148,167,61,41,36,46,131,59,133,96,157,138,178,152,173,66,126,198,159,140,118,109,29,154,156,106,19,108,146,43,128,85,164,111,83,181,82,192,139,33,13,172,195,40,37,15,35,88,1,189,194,31,171,116,57,0,113,196,89,5,141,119,74,183,63,51,72,147,65,102,115,14,45,55,155,184,161,80,114,177,169,191,11,104,180,163,170,95,137,90,125,149,32,68,97,100,7,175,179,27,150,136,144,70,168,17,103,105,142,190,188,186,145,42,47,132,166,123,44];False
2373;8315;10688;[4,67,193,48,10,176,91,129,8,84,122,73,174,135,21,99,16,77,112,71,56,18,62,120,24,197,26,9,143,20,3,2,121,160,92,49,130,22,38,34,124,94,75,12,165,153,187,127,39,107,87,76,50,53,93,23,30,134,58,86,69,64,101,151,54,158,199,6,117,98,25,110,81,52,182,28,162,78,60,79,185,148,167,61,41,36,46,131,59,133,96,157,138,178,152,173,66,126,198,159,140,118,109,29,154,156,106,19,108,146,43,128,85,164,111,83,181,82,192,139,33,13,172,195,40,37,15,35,88,1,189,194,31,171,116,57,0,113,196,89,5,141,119,74,183,63,51,32,147,65,102,115,14,45,55,155,184,161,80,114,177,169,191,11,104,180,163,170,72,137,90,125,149,72,68,97,100,7,175,179,27,150,136,144,70,168,17,103,105,142,190,188,186,145,42,47,132,166,123,44];False
2415;8271;10686;[4,67,193,48,10,176,91,129,8,191,122,73,174,135,21,99,16,77,112,71,56,18,62,120,24,197,26,9,143,20,3,2,121,160,92,49,130,22,38,34,124,94,75,12,165,153,187,127,39,107,87,76,50,53,93,23,30,134,58,86,69,64,101,151,54,158,199,6,117,98,25,110,81,52,182,28,162,78,60,79,185,148,167,61,41,36,46,131,59,133,96,157,138,178,152,173,66,126,198,159,140,118,109,29,154,156,106,19,108,146,43,128,85,164,111,83,181,82,192,139,33,13,172,195,40,37,15,35,88,1,189,194,31,171,116,57,0,113,196,89,5,141,119,74,183,63,51,72,147,65,102,115,14,45,55,155,84,161,80,114,177,169,84,11,104,180,163,170,95,137,90,125,149,32,68,97,100,7,175,179,27,150,136,144,70,168,17,103,105,142,190,188,186,145,42,47,132,166,123,44];False
2409;8274;10683;[4,67,193,48,10,176,91,129,8,84,122,28,174,135,21,99,16,77,112,71,56,18,62,120,24,197,26,9,143,20,3,2,121,160,92,49,130,28,38,34,124,94,75,12,165,153,187,127,39,107,87,76,50,53,93,23,30,134,58,86,69,64,101,151,54,158,199,6,117,98,25,110,81,52,182,73,162,78,60,79,185,148,167,61,41,36,46,131,59,133,96,157,138,178,152,173,66,126,198,159,140,118,109,29,154,156,106,19,108,146,43,128,85,164,111,83,181,82,192,139,33,13,172,195,40,37,15,35,88,1,189,194,31,171,116,57,0,113,196,89,5,141,119,74,183,63,51,72,147,65,102,115,14,45,55,155,184,161,80,114,177,169,191,11,104,180,163,170,95,137,90,125,149,32,68,97,100,7,175,179,27,150,136,144,70,168,17,103,105,142,190,188,186,145,42,47,132,166,123,44];False
2390;8290;10680;[4,67,193,48,10,176,91,129,8,84,122,73,174,135,21,99,16,77,112,71,56,18,62,120,24,197,26,9,143,20,3,2,121,160,92,49,196,22,38,34,124,94,75,12,165,153,187,127,39,107,87,76,50,53,93,23,30,134,58,86,69,64,101,151,54,158,199,6,117,98,25,110,81,52,182,28,162,78,60,79,185,148,167,61,41,36,46,131,59,133,96,157,138,178,152,173,66,126,198,159,140,118,109,29,154,156,106,19,108,146,43,128,85,164,111,83,181,82,192,139,33,13,172,195,40,37,15,35,88,1,189,194,31,171,116,57,0,113,130,89,5,141,119,74,183,63,51,72,147,65,102,115,14,45,55,155,184,130,80,114,177,169,191,11,104,180,163,170,95,137,90,125,149,32,68,97,100,7,175,179,27,150,136,144,70,168,17,103,105,142,190,188,186,145,42,47,132,166,123,44];False
2416;8263;10679;[4,67,48,193,10,176,91,129,8,84,122,73,174,135,21,99,16,77,112,71,56,18,62,120,24,197,26,9,143,20,3,2,121,160,92,49,130,22,38,34,124,94,75,12,165,153,187,127,39,107,87,76,50,53,93,23,30,134,58,86,69,64,101,151,54,158,199,6,117,98,25,110,81,52,182,28,162,78,60,79,185,148,167,61,41,36,46,131,59,133,96,193,138,178,152,173,66,126,198,159,140,118,109,29,154,156,106,19,108,146,43,128,85,164,111,83,181,82,192,139,33,13,172,195,40,37,15,35,88,1,189,194,31,171,116,57,0,113,196,89,5,141,119,74,183,63,51,72,147,65,102,115,14,45,55,155,184,161,80,114,177,169,191,11,104,180,163,170,95,137,90,125,149,32,68,97,100,7,175,179,27,150,136,144,70,168,17,103,105,142,190,188,186,145,42,47,132,166,123,44];False
2430;8242;10672;[4,67,193,48,10,176,91,129,8,84,122,73,174,135,21,99,16,77,112,71,56,18,62,120,24,197,26,9,143,20,3,2,121,160,92,49,130,22,38,34,124,94,75,12,165,153,187,127,39,107,87,76,50,53,93,23,30,134,58,86,69,64,101,151,54,158,199,6,117,98,25,110,81,52,182,28,162,78,60,79,185,148,167,61,41,36,46,161,59,133,96,157,138,178,152,173,66,126,198,159,140,118,109,29,161,156,106,19,108,146,43,128,85,164,111,83,181,82,192,139,33,13,172,195,40,37,15,35,88,1,189,194,31,171,116,57,0,113,196,89,5,141,119,74,183,63,51,72,147,65,102,115,14,45,55,155,184,154,80,114,177,169,191,11,104,180,163,170,95,137,90,125,149,32,68,97,100,7,175,179,27,150,136,144,70,168,17,103,105,142,190,188,186,145,42,47,132,166,123,44];False
2401;8269;10670;[4,67,193,48,10,176,91,129,8,84,122,73,174,135,21,99,16,77,112,71,56,18,62,120,24,197,26,9,143,20,3,2,121,160,92,49,130,22,38,34,124,94,75,12,165,153,187,127,39,107,87,76,50,53,93,23,30,134,58,86,69,64,101,151,54,158,199,6,117,98,25,110,81,52,182,28,162,78,60,79,185,148,167,61,41,36,46,131,59,133,66,157,138,178,152,173,96,126,198,159,140,118,109,29,154,156,106,19,108,146,43,128,85,164,111,83,181,82,192,139,33,13,172,195,40,37,15,35,88,1,189,194,31,171,116,57,0,113,196,89,5,141,119,74,183,63,51,72,147,65,102,115,14,45,55,155,184,161,80,114,177,169,191,11,104,180,163,170,95,137,90,125,149,32,68,66,100,7,175,179,27,150,136,144,70,168,17,103,105,142,190,188,186,145,42,47,132,166,123,44];False
2399;8267;10666;[4,67,193,48,10,176,180,129,8,84,122,73,174,135,21,99,16,77,112,71,56,180,62,120,24,197,26,9,143,20,3,2,121,160,92,49,130,22,38,34,124,94,75,12,165,153,187,127,39,107,87,76,50,53,93,23,30,134,58,86,69,64,101,151,54,158,199,6,117,98,25,110,81,52,182,28,162,78,60,79,185,148,167,61,41,36,46,131,59,133,96,157,138,178,152,173,66,126,198,159,140,118,109,29,154,156,106,19,108,146,43,128,85,164,111,83,181,82,192,139,33,13,172,195,40,37,15,35,88,1,189,194,31,171,116,57,0,113,196,89,5,141,119,74,183,63,51,72,147,65,102,115,14,45,55,155,184,161,80,114,177,169,191,11,104,91,163,170,95,137,90,125,149,32,68,97,100,7,175,179,27,150,136,144,70,168,17,103,105,142,190,188,186,145,42,47,132,166,123,44];False
2411;8251;10662;[4,67,193,48,10,176,91,129,8,84,122,73,174,135,21,99,16,77,112,71,56,18,62,120,24,197,26,9,143,20,3,2,121,160,92,49,130,22,148,34,124,94,75,12,165,153,187,127,39,107,87,76,50,53,93,23,30,134,58,86,69,64,101,151,54,158,199,6,117,98,25,110,81,52,182,28,162,78,60,79,185,170,167,61,41,36,46,131,59,133,96,157,138,178,152,173,66,126,198,159,140,118,109,29,154,156,106,19,108,146,43,128,85,164,111,83,181,82,192,139,33,13,172,195,40,37,15,35,88,1,189,194,31,171,116,57,0,113,196,89,5,141,119,74,183,63,51,72,147,65,102,115,14,45,55,155,184,161,80,114,177,169,191,11,104,180,163,148,95,137,90,125,149,32,68,97,100,7,175,179,27,150,136,144,70,168,17,103,105,142,190,188,186,145,42,47,132,166,123,44];False
2418;8241;10659;[4,67,193,48,10,176,91,129,8,84,122,73,174,135,21,99,16,77,112,71,56,18,62,120,24,197,26,9,143,20,3,2,121,160,92,49,130,22,38,34,124,94,75,12,165,153,187,127,39,107,87,76,50,53,93,23,30,134,58,86,69,64,101,151,54,158,199,6,117,98,25,110,81,52,182,28,162,78,60,79,185,148,167,61,41,36,46,131,59,133,96,157,138,178,152,173,66,126,198,159,140,118,109,29,154,183,106,19,108,146,43,128,85,164,111,83,181,82,192,139,33,13,172,195,40,37,15,35,88,1,189,194,31,171,116,57,0,113,196,89,5,141,119,74,156,63,51,72,147,65,102,115,14,45,156,155,184,161,80,114,177,169,191,11,104,180,163,170,95,137,90,125,149,32,68,97,100,7,175,179,27,150,136,144,70,168,17,103,105,142,190,188,186,145,42,47,132,166,123,44];False
2373;8283;10656;[4,67,193,48,10,176,91,129,8,84,122,73,174,135,21,99,16,77,112,71,56,18,62,120,24,197,26,9,143,20,3,2,121,160,92,49,130,22,38,34,124,94,75,12,165,153,187,127,39,107,87,76,50,53,93,23,30,134,58,86,69,64,101,115,54,158,199,6,117,98,25,110,81,52,182,28,162,78,60,79,185,148,167,61,41,36,46,131,59,133,96,157,138,178,152,173,66,126,198,159,140,118,109,29,154,156,106,19,108,146,43,128,85,164,111,83,181,82,192,139,33,13,172,195,40,37,15,35,88,1,189,194,31,171,116,57,0,113,196,89,5,141,119,74,183,63,51,72,147,65,102,100,14,45,55,155,184,161,80,114,177,169,191,11,104,180,163,170,95,137,90,125,149,32,68,97,115,7,175,179,27,150,136,144,70,168,17,103,105,142,190,188,186,145,42,47,132,166,123,44];False
2339;8301;10640;[4,67,193,48,10,176,91,129,8,84,122,73,174,135,21,99,16,77,112,71,56,18,62,120,24,197,26,9,143,20,3,2,121,160,92,49,130,22,38,34,124,94,75,12,165,153,187,127,39,107,87,76,50,53,93,23,30,134,58,86,69,64,101,151,54,158,78,6,117,98,25,110,81,52,182,28,162,1,60,79,185,148,167,61,41,36,46,131,59,133,96,157,138,178,152,173,66,126,198,159,140,118,109,29,154,156,106,19,108,146,43,128,85,164,111,83,181,82,192,139,33,13,172,195,40,37,15,35,88,78,189,194,31,171,116,57,0,113,196,89,5,141,119,74,183,63,51,72,147,65,102,115,14,45,55,155,184,161,80,114,177,169,191,11,104,180,163,170,95,137,90,125,149,32,68,97,100,7,175,179,27,150,136,144,70,168,17,103,105,142,190,188,186,145,42,47,132,166,123,44];False
2366;8249;10615;[4,67,193,48,10,176,91,129,8,84,122,73,174,135,21,99,16,77,112,71,56,18,62,120,24,197,26,9,143,20,3,2,121,160,92,49,130,22,38,34,124,94,75,12,165,153,187,127,39,107,87,76,50,53,93,23,30,134,58,86,69,64,101,151,54,158,199,6,117,98,25,110,81,52,182,28,162,78,60,79,185,148,167,61,41,36,46,131,59,133,96,157,138,178,152,173,191,126,198,159,140,118,109,29,154,156,106,19,108,146,43,128,85,164,111,83,181,82,192,139,66,13,172,195,40,37,15,35,88,1,189,194,31,171,116,57,0,113,196,89,5,141,119,74,183,63,51,72,147,65,102,115,14,45,55,155,184,161,80,114,177,169,66,11,104,180,163,170,95,137,90,125,149,32,68,97,100,7,175,179,27,150,136,144,70,168,17,103,105,142,190,188,186,145,42,47,132,166,123,44];False
2300;8302;10602;[4,67,193,48,10,176,91,129,8,84,122,73,174,135,21,99,16,77,112,71,56,18,62,120,24,197,26,9,143,20,3,2,121,160,92,49,130,22,38,34,124,94,75,12,165,153,187,127,39,107,164,76,50,53,93,23,30,134,58,86,69,64,101,151,54,158,199,6,117,98,25,110,81,52,182,28,162,78,60,79,185,148,167,61,41,36,46,131,59,133,96,157,138,178,152,173,66,126,198,159,140,118,87,29,154,156,106,19,108,146,43,128,85,87,111,83,181,82,192,139,33,13,172,195,40,37,15,35,88,1,189,194,31,171,116,57,0,113,196,89,5,141,119,74,183,63,51,72,147,65,102,115,14,45,55,155,184,161,80,114,177,169,191,11,104,180,163,170,95,137,90,125,149,32,68,97,100,7,175,179,27,150,136,144,70,168,17,103,105,142,190,188,186,145,42,47,132,166,123,44];False
2330;8272;10602;[4,67,193,48,10,176,91,129,8,84,122,73,174,135,21,99,16,77,112,71,56,18,62,120,24,69,26,9,143,20,3,2,121,160,92,49,130,22,38,34,124,94,75,12,165,153,187,127,39,107,87,76,50,53,93,23,30,134,58,86,61,64,101,151,54,158,199,6,117,98,25,110,81,52,182,28,162,78,60,79,185,148,167,69,41,36,46,131,59,133,96,157,138,178,152,173,66,126,198,159,140,118,109,29,154,156,106,19,108,146,43,128,85,164,111,83,181,82,192,139,33,13,172,195,40,37,15,35,88,1,189,194,31,171,116,57,0,113,196,89,5,141,119,74,183,63,51,72,147,65,102,115,14,45,55,155,184,161,80,114,177,169,191,11,104,180,163,170,95,137,90,125,149,32,68,97,100,7,175,179,27,150,136,144,70,168,17,103,105,142,190,188,186,145,42,47,132,166,123,44];False
2367;8228;10595;[4,67,193,48,10,176,91,129,8,84,122,73,174,135,21,99,16,77,112,71,56,18,62,120,24,197,26,9,143,20,3,2,121,160,92,49,130,22,38,34,124,94,75,12,165,153,187,127,39,107,87,173,50,53,93,23,30,134,58,86,69,64,101,151,54,158,199,6,117,98,25,110,81,52,182,28,162,78,60,79,185,148,167,61,41,36,46,131,59,133,96,157,138,178,152,14,66,126,198,159,140,118,109,29,154,156,106,19,108,146,43,128,85,164,111,83,181,82,192,139,33,13,172,195,40,37,15,35,88,1,189,194,31,171,116,57,0,113,196,89,5,141,119,74,183,63,51,72,147,65,102,115,173,45,55,155,184,161,80,114,177,169,191,11,104,180,163,170,95,137,90,125,149,32,68,97,100,7,175,179,27,150,136,144,70,168,17,103,105,142,190,188,186,145,42,47,132,166,123,44];False
2327;8256;10583;[4,67,193,48,10,176,91,129,8,84,122,73,174,135,21,99,16,77,112,71,56,18,62,120,24,197,26,9,143,20,3,2,121,160,92,49,130,22,38,34,124,94,75,12,165,153,187,127,39,107,87,76,50,53,93,23,30,134,58,86,69,64,101,151,54,158,199,6,117,98,25,110,81,52,182,28,162,78,60,79,185,148,173,61,41,36,46,131,59,133,96,157,138,178,152,167,66,126,198,159,140,118,109,29,154,156,106,19,108,146,43,128,85,164,111,83,181,82,192,139,33,13,172,195,40,173,15,35,88,1,189,194,31,171,116,57,0,113,196,89,5,141,119,74,183,63,51,72,147,65,102,115,14,45,55,155,184,161,80,114,177,169,191,11,104,180,163,170,95,137,90,125,149,32,68,97,100,7,175,179,27,150,136,144,70,168,17,103,105,142,190,188,186,145,42,47,132,166,123,44];False
2351;8228;10579;[4,67,193,48,10,176,91,129,8,84,122,73,174,135,21,99,16,77,121,71,56,18,62,120,24,197,26,9,143,20,3,2,11,160,92,49,130,22,38,34,124,94,75,12,165,153,187,127,39,107,87,76,50,53,93,23,30,134,58,86,69,64,101,151,54,158,199,6,117,98,25,110,81,52,182,28,162,78,60,79,185,148,167,61,41,36,46,131,59,133,96,157,138,178,152,173,66,126,198,159,140,118,109,29,154,156,106,19,108,146,43,128,85,164,111,83,181,82,192,139,33,13,172,195,40,37,15,35,88,1,189,194,31,171,116,57,0,113,196,89,5,141,119,74,183,63,51,72,147,65,102,115,14,45,55,155,184,161,80,114,177,169,191,121,104,180,163,170,95,137,90,125,149,32,68,97,100,7,175,179,27,150,136,144,70,168,17,103,105,142,190,188,186,145,42,47,132,166,123,44];True
2265;8274;10539;[4,67,193,48,10,95,91,129,8,84,122,95,174,135,21,99,16,77,112,71,56,18,62,120,24,197,26,9,143,20,3,2,121,160,92,49,130,22,38,34,124,94,75,12,165,153,187,127,39,107,87,76,50,53,93,23,30,134,58,86,69,64,101,151,54,158,199,6,117,98,25,110,81,52,182,28,162,78,60,79,185,148,167,61,41,36,46,131,59,133,96,157,138,178,152,173,66,126,198,159,140,118,109,29,154,156,106,19,108,146,43,128,85,164,111,83,181,82,192,139,33,13,172,195,40,37,15,35,88,1,189,194,31,171,116,57,0,113,196,89,5,141,119,74,183,63,51,72,147,65,102,115,14,45,55,155,184,161,80,114,177,169,191,11,104,180,163,170,176,137,90,125,149,32,68,97,100,7,175,179,27,150,136,144,70,168,17,103,105,142,190,188,186,145,42,47,132,166,123,44];False
2228;8253;10481;[4,67,193,48,10,176,91,129,8,84,122,73,174,135,21,99,16,77,112,71,56,18,62,120,24,197,26,9,143,20,3,2,121,160,92,49,130,22,38,34,124,94,75,12,165,153,187,127,39,107,87,76,50,53,93,23,30,134,58,86,69,64,101,151,54,158,199,6,117,98,25,110,81,52,182,28,162,78,60,79,185,148,167,61,41,36,46,131,59,133,96,157,138,178,152,173,66,126,198,159,140,118,109,29,154,156,106,19,108,146,43,128,85,164,111,83,181,82,192,139,33,13,172,195,40,37,15,35,88,1,189,194,31,171,116,57,0,113,196,89,5,141,119,74,183,63,51,72,147,65,102,115,14,45,55,155,184,161,80,114,177,169,191,11,104,180,163,170,95,137,90,125,149,32,68,97,100,7,175,179,27,150,136,144,70,168,17,103,105,142,190,188,186,145,42,47,132,166,123,44];True
