utilA;utilB;utilSum;contract;pareto
2094;7297;9391;[50,172,12,22,26,178,147,3,2,130,84,117,77,112,109,118,66,157,103,105,74,188,93,31,6,87,167,61,45,138,41,49,78,128,42,57,37,121,162,126,143,160,91,1,33,124,94,196,36,182,140,92,82,23,189,81,0,85,104,20,146,193,9,144,170,95,38,139,19,46,51,149,34,194,180,123,176,67,32,72,163,25,70,65,16,190,11,113,156,71,165,184,174,8,173,18,131,110,101,59,80,100,30,134,148,195,97,58,175,151,7,191,181,68,198,142,137,158,54,52,119,187,39,107,55,14,13,111,132,89,75,4,15,135,53,183,69,159,164,90,28,155,73,99,106,136,115,152,35,161,102,86,133,76,122,116,44,125,145,56,21,108,192,40,169,129,29,154,60,177,27,43,127,96,171,141,98,114,64,79,179,47,88,5,186,199,83,153,166,24,150,10,185,62,120,197,168,17,48,63];False
2087;7307;9394;[50,172,12,22,26,178,147,3,2,130,84,117,77,112,109,118,66,157,103,105,74,188,93,31,6,87,167,61,45,138,41,49,78,128,42,57,37,121,162,126,143,160,91,1,33,124,94,196,36,182,140,92,82,23,189,81,0,85,104,46,146,193,9,144,170,95,38,139,19,20,51,149,34,194,180,123,176,67,32,72,163,25,70,65,16,190,11,113,156,71,165,184,174,8,173,18,131,110,101,59,80,100,30,134,148,195,97,58,175,151,7,191,181,68,198,142,137,158,54,52,119,187,39,107,55,14,13,111,132,89,75,4,15,135,53,183,69,159,164,90,28,155,73,99,106,136,115,152,35,161,102,86,133,76,122,116,44,125,145,56,21,108,192,40,169,129,29,154,60,177,27,43,127,96,171,141,98,114,64,79,179,47,88,5,186,199,83,153,166,24,150,10,185,62,120,197,168,17,48,63];False
2100;7296;9396;[50,172,12,22,26,93,147,3,2,130,84,117,77,112,109,118,66,157,103,105,74,188,144,31,6,0,167,61,45,138,41,49,78,128,42,57,37,121,162,126,143,160,91,1,33,124,94,196,36,182,140,92,82,23,189,81,87,85,104,20,146,193,9,178,170,95,38,139,19,46,51,149,34,194,180,123,176,67,32,72,163,25,70,65,16,190,11,113,156,71,165,184,174,8,173,18,131,110,101,59,80,100,30,134,148,195,97,58,175,151,7,191,181,68,198,142,137,158,54,52,119,187,39,107,55,14,13,111,132,89,75,4,15,135,53,183,69,159,164,90,28,155,73,99,106,136,115,152,35,161,102,86,133,76,122,116,44,125,145,56,21,108,192,40,169,129,29,154,60,177,27,43,127,96,171,141,98,114,64,79,179,47,88,5,186,199,83,153,166,24,150,10,185,62,120,197,168,17,48,63];False
2068;7327;9395;[50,172,12,22,26,178,147,3,2,130,84,117,77,112,109,118,66,157,103,105,74,188,93,31,6,0,167,61,45,138,41,49,78,128,42,57,37,121,162,126,143,160,91,1,33,124,94,196,36,182,140,92,82,23,189,81,87,85,104,46,146,193,9,144,170,95,38,139,19,20,51,149,34,194,180,123,176,67,32,72,163,25,70,65,16,190,11,113,156,71,165,184,174,8,173,18,131,110,101,59,80,100,30,134,148,195,97,58,175,151,7,191,181,68,198,142,137,158,54,52,119,187,39,107,55,14,13,111,132,89,75,4,15,135,53,183,69,159,164,90,28,155,73,99,106,136,115,152,35,161,102,86,133,76,122,116,44,125,145,56,21,108,192,40,169,129,29,154,60,177,27,43,127,96,171,141,98,114,64,79,179,47,88,5,186,199,83,153,166,24,150,10,185,62,120,197,168,17,48,63];False
2059;7371;9430;[50,172,12,22,26,178,147,3,2,130,132,117,77,112,109,118,66,157,103,105,74,188,93,31,6,87,167,61,45,138,41,49,78,128,42,57,37,121,162,126,143,160,91,1,33,124,94,196,36,182,140,92,82,23,189,46,0,85,104,20,146,193,9,144,170,95,38,139,19,81,51,149,34,194,180,123,176,67,32,72,163,25,70,65,16,190,11,113,156,71,165,184,174,8,173,18,131,110,101,59,80,100,30,134,148,195,97,58,175,151,7,191,181,68,198,142,137,158,54,52,119,187,39,107,55,14,13,111,84,89,75,4,15,135,53,183,69,159,164,90,28,155,73,99,106,136,115,152,35,161,102,86,133,76,122,116,44,125,145,56,21,108,192,40,169,129,29,154,60,177,27,43,127,96,171,141,98,114,64,79,179,47,88,5,186,199,83,153,166,24,150,10,185,62,120,197,168,17,48,63];False
2156;7279;9435;[174,123,146,4,118,109,147,3,2,130,84,117,77,112,178,46,66,157,103,105,74,188,144,31,6,87,167,61,45,138,41,49,78,128,42,57,37,121,162,126,143,160,91,1,33,124,94,196,36,44,140,92,82,23,189,81,0,85,22,26,176,193,9,93,170,95,38,139,19,20,51,149,34,194,180,172,12,67,32,72,163,25,70,65,16,190,195,113,156,71,165,184,50,8,173,18,131,110,101,59,80,100,30,134,148,11,97,58,175,151,7,191,181,68,198,142,137,158,54,52,119,187,39,107,55,14,13,111,132,89,75,129,15,135,53,183,69,159,164,90,28,155,73,99,106,136,115,152,35,161,102,86,133,76,122,116,104,125,145,56,21,108,192,40,169,182,29,154,60,177,27,43,127,96,171,141,98,114,64,79,179,47,88,5,186,199,83,153,166,24,150,10,185,62,120,197,168,17,48,63];False
2057;7377;9434;[50,172,12,22,26,178,147,3,2,130,132,117,77,112,109,118,66,157,103,105,74,188,144,31,6,0,101,61,45,138,41,49,78,128,42,57,37,121,162,126,143,160,91,1,33,124,94,196,36,182,140,92,82,23,189,81,87,85,104,20,146,193,9,93,170,95,38,139,19,46,51,149,34,194,180,123,176,67,32,72,163,25,70,65,16,190,11,113,156,71,165,184,174,8,173,18,131,110,167,59,80,100,30,134,148,195,97,58,175,151,7,191,181,68,198,142,137,158,54,52,119,187,39,107,55,14,13,111,84,89,75,4,15,135,53,183,69,159,164,90,28,155,73,99,106,136,115,152,35,161,102,86,133,76,122,116,44,125,145,56,21,108,192,40,169,129,29,154,60,177,27,43,127,96,171,141,98,114,64,79,179,47,88,5,186,199,83,153,166,24,150,10,185,62,120,197,168,17,48,63];False
2209;7238;9447;[174,123,146,4,193,109,147,3,2,130,84,117,77,112,93,118,66,157,103,105,74,188,144,31,6,87,167,61,45,138,41,49,78,128,42,57,37,121,162,126,143,160,91,1,33,124,94,196,36,44,140,92,82,23,189,81,0,85,22,26,176,46,9,178,170,95,38,139,19,20,51,149,34,194,180,172,12,67,32,72,163,25,70,65,16,190,195,113,156,71,165,184,50,8,173,18,131,110,101,59,80,100,30,134,148,11,97,58,175,151,7,191,181,68,198,142,137,158,54,52,119,187,39,107,55,14,13,111,132,89,75,129,15,135,53,183,69,159,164,90,28,155,73,99,106,136,115,152,35,161,102,86,133,76,122,116,104,125,145,56,21,108,192,40,169,182,29,154,60,177,27,43,127,96,171,141,98,114,64,79,179,47,88,5,186,199,83,153,166,24,150,10,185,62,120,197,168,17,48,63];False
2118;7277;9395;[50,172,12,22,26,93,147,3,2,130,84,117,77,112,109,118,66,157,103,105,74,188,144,31,6,87,167,61,45,138,41,49,78,128,42,57,37,121,162,126,143,160,91,1,33,124,94,196,36,182,140,92,82,23,189,81,0,85,104,20,146,193,9,178,170,95,38,139,19,46,51,149,34,194,180,123,176,67,32,72,163,25,70,65,16,190,11,113,156,71,165,184,174,8,173,18,131,110,101,59,80,100,30,134,148,195,97,58,151,175,7,191,181,68,198,142,137,158,54,52,119,187,39,107,55,14,13,111,132,89,75,4,15,135,53,183,69,159,164,90,28,155,73,99,106,136,115,152,35,161,102,86,133,76,122,116,44,125,145,56,21,108,192,40,169,129,29,154,60,177,27,43,127,96,171,141,98,114,64,79,179,47,88,5,186,199,83,153,166,24,150,10,185,62,120,197,168,17,48,63];False
2012;7420;9432;[180,111,172,132,89,103,105,7,161,35,77,85,62,181,68,36,187,43,165,193,20,188,135,53,183,174,167,61,45,182,65,125,83,128,42,57,37,121,71,162,109,23,0,93,46,146,123,41,88,104,140,17,8,24,169,75,101,147,19,26,176,116,191,149,170,95,38,139,144,51,50,56,21,92,143,3,119,67,32,72,163,25,70,74,198,173,160,190,126,106,91,184,168,31,142,78,131,110,12,59,80,100,30,134,148,11,97,58,151,175,6,1,117,2,87,66,137,158,54,52,112,138,39,107,55,14,194,102,22,195,113,129,15,9,33,13,69,159,164,90,28,155,73,99,16,136,115,152,49,130,18,86,133,76,122,82,34,108,84,4,118,156,192,40,124,94,29,154,60,177,27,185,127,47,171,141,98,114,64,79,179,96,166,5,186,199,81,153,197,189,150,10,145,196,120,178,157,44,48,63];False
2038;7406;9444;[180,111,172,132,89,103,105,7,161,35,77,85,62,181,68,36,187,43,165,193,20,188,135,53,183,174,167,61,45,182,65,125,83,128,42,57,37,121,162,71,109,23,0,93,46,146,123,41,88,104,140,17,8,24,169,75,101,147,19,26,176,116,191,149,170,95,38,139,144,51,50,56,21,92,143,3,119,67,32,72,163,25,70,74,198,173,160,190,126,106,91,184,168,31,142,78,131,110,12,59,80,100,30,134,148,11,97,58,151,175,6,1,117,2,87,66,137,158,54,52,112,138,39,107,55,14,194,102,22,195,113,129,15,9,33,13,69,159,164,90,28,155,73,99,16,136,115,152,49,130,18,86,133,76,122,82,34,108,84,4,118,156,192,40,124,94,29,154,60,177,27,185,127,47,171,141,98,114,64,79,179,96,166,5,186,199,81,153,197,189,150,10,145,196,120,178,157,44,48,63];False
1975;7519;9494;[116,111,172,132,89,103,105,7,161,35,77,85,62,181,68,36,187,43,165,193,20,188,135,53,183,174,167,61,45,182,65,125,83,128,42,57,37,121,71,162,109,23,0,93,46,146,180,41,88,104,140,17,8,24,169,75,101,147,19,26,176,50,123,149,170,95,38,139,144,51,191,56,21,92,143,3,119,67,32,72,163,25,70,74,198,173,160,190,126,106,91,184,168,31,142,78,131,110,12,59,80,100,30,134,148,11,97,58,151,175,6,1,117,2,87,66,137,158,54,52,112,138,39,107,55,14,194,102,22,195,113,129,15,9,33,13,69,159,164,90,28,155,73,99,16,136,115,152,49,130,18,86,133,76,122,82,34,108,84,4,118,156,192,40,124,94,29,154,60,177,27,185,127,47,171,141,98,114,64,79,179,96,166,5,186,199,81,153,197,189,150,10,145,196,120,178,157,44,48,63];False
2051;7399;9450;[50,172,12,22,26,178,147,3,2,130,84,175,77,112,109,118,66,157,103,105,74,188,144,31,117,0,101,61,45,138,41,49,78,128,42,57,37,121,162,126,143,160,91,1,33,124,94,196,36,182,140,92,82,23,189,81,87,85,104,20,146,193,9,93,170,95,38,139,19,46,51,149,34,194,180,123,176,67,32,72,163,25,70,65,16,190,11,113,156,71,165,184,174,8,173,18,131,110,167,59,80,100,30,134,148,195,97,58,6,151,7,191,181,68,198,142,137,158,54,52,119,187,39,107,55,14,13,111,132,89,75,4,15,135,53,183,69,159,164,90,28,155,73,99,106,136,115,152,35,161,102,86,133,76,122,116,44,125,145,56,21,108,192,40,169,129,29,154,60,177,27,43,127,96,171,141,98,114,64,79,179,47,88,5,186,199,83,153,166,24,150,10,185,62,120,197,168,17,48,63];False
2306;7190;9496;[50,123,146,118,193,109,94,37,172,12,130,117,77,112,93,35,66,157,103,105,74,188,144,31,6,87,167,61,45,138,41,49,78,128,42,57,3,121,162,126,143,160,91,1,33,124,147,196,36,44,140,92,82,23,189,81,0,85,22,26,176,46,9,178,170,95,38,139,19,20,51,149,34,194,180,4,84,67,32,72,163,25,70,65,16,190,195,113,156,71,165,184,174,8,173,18,131,110,101,59,80,100,30,134,148,11,97,58,175,151,7,191,181,68,198,142,137,158,54,52,119,187,39,107,55,14,13,111,132,89,75,129,15,135,53,183,69,159,164,90,28,155,73,99,106,136,115,152,2,161,102,86,133,76,122,116,104,125,145,56,21,108,192,40,169,182,29,154,60,177,27,43,127,96,171,141,98,114,64,79,179,47,88,5,186,199,83,153,166,24,150,10,185,62,120,197,168,17,48,63];False
1992;7451;9443;[118,172,12,22,26,178,147,3,2,130,84,117,77,112,109,24,66,157,103,105,74,188,93,31,6,0,101,61,45,138,41,49,78,128,42,57,37,121,162,126,143,160,91,1,33,124,94,196,36,182,140,92,82,23,189,81,87,85,104,20,146,193,9,144,170,95,38,139,19,46,51,149,34,194,180,123,176,67,32,72,163,25,70,65,16,190,11,113,156,71,165,184,174,8,173,18,131,110,167,59,80,100,30,134,148,195,97,58,175,151,7,191,181,68,198,142,137,158,54,52,119,187,39,107,55,14,13,111,132,89,75,4,15,135,53,183,69,159,164,90,28,155,73,99,106,136,115,152,35,161,102,86,133,76,122,116,44,125,145,56,21,108,192,40,169,129,29,154,60,177,27,43,127,96,171,141,98,114,64,79,179,47,88,5,186,199,83,153,166,50,150,10,185,62,120,197,168,17,48,63];False
1977;7502;9479;[118,172,12,22,26,178,147,3,2,130,132,117,77,112,109,24,66,157,103,105,74,188,93,31,6,149,101,61,45,138,41,49,78,128,42,57,37,121,162,126,143,160,91,1,33,124,94,196,36,182,140,92,82,23,189,81,87,85,104,46,146,193,9,144,170,95,38,139,19,20,51,0,34,194,180,123,176,67,32,72,163,25,70,65,16,190,11,113,156,71,165,184,174,8,173,18,131,110,167,59,80,100,30,134,148,195,97,58,175,151,7,191,181,68,198,142,137,158,54,52,119,187,39,107,55,14,13,111,84,89,75,4,15,135,53,183,69,159,164,90,28,155,73,99,106,136,115,152,35,161,102,86,133,76,122,116,44,125,145,56,21,108,192,40,169,129,29,154,60,177,27,43,127,96,171,141,98,114,64,79,179,47,88,5,186,199,83,153,166,50,150,10,185,62,120,197,168,17,48,63];False
1991;7457;9448;[90,111,172,132,89,103,105,7,161,35,93,82,12,181,68,97,187,43,165,193,20,188,135,53,183,174,167,61,45,182,65,125,83,128,42,57,37,121,71,162,109,23,0,101,46,124,143,41,88,104,140,17,8,24,169,75,77,85,19,26,176,116,191,149,170,95,38,139,144,51,50,56,21,92,147,3,119,67,32,72,163,25,70,74,198,173,160,190,126,106,91,184,168,31,142,78,131,110,196,59,80,100,30,134,148,2,36,58,151,175,6,1,117,11,87,66,137,158,54,52,112,138,39,107,55,14,194,102,22,195,113,129,15,9,33,13,69,159,164,94,28,155,73,99,16,136,115,152,49,130,18,86,133,76,122,146,180,108,84,4,118,156,192,40,34,123,29,154,60,177,27,185,127,47,171,141,98,114,64,79,179,96,166,5,186,199,81,153,197,189,150,10,145,62,120,178,157,44,48,63];False
1966;7493;9459;[13,111,172,132,89,103,105,7,161,35,93,82,12,181,68,97,187,43,165,193,20,188,135,53,157,174,167,61,45,182,65,125,83,128,42,57,37,121,71,162,109,23,0,101,46,124,143,41,88,104,140,17,8,24,169,75,77,85,19,26,176,116,191,149,170,95,38,139,144,51,50,56,21,92,147,3,119,67,32,72,163,25,70,74,198,173,160,190,126,106,91,184,168,31,142,78,131,110,196,59,80,100,30,134,148,2,36,58,151,175,6,1,117,11,87,66,137,158,54,52,112,138,39,107,55,14,194,102,22,195,113,129,15,9,33,183,69,159,164,94,28,155,73,99,16,136,115,152,49,130,18,86,133,76,122,146,180,108,84,4,118,156,192,40,34,123,29,154,60,177,27,185,127,47,171,141,98,114,64,79,179,96,166,5,186,199,81,153,197,189,150,10,145,62,120,178,90,44,48,63];False
2421;7158;9579;[50,198,146,35,193,109,147,37,172,12,130,117,77,112,93,118,66,157,103,105,74,188,144,31,6,87,167,61,45,138,41,49,78,128,42,57,3,121,162,126,143,160,91,1,33,124,94,196,36,44,140,92,82,23,189,81,0,85,22,26,176,46,9,178,170,95,38,139,19,20,51,149,34,194,180,4,84,67,32,72,163,25,70,65,16,190,195,113,156,71,165,184,174,8,173,18,131,110,101,59,80,100,30,134,148,11,97,58,175,151,7,191,181,68,123,142,137,158,54,52,119,187,39,107,55,14,13,111,132,89,75,129,15,135,53,183,69,159,164,90,28,155,73,99,106,136,115,152,2,161,102,86,133,76,122,116,104,125,145,56,21,108,192,40,169,182,29,154,60,177,27,43,127,96,171,141,98,114,64,79,179,47,88,5,186,199,83,153,166,24,150,10,185,62,120,197,168,17,48,63];False
2249;7198;9447;[50,123,146,118,193,109,147,37,172,12,130,117,77,112,93,184,66,157,103,105,74,188,144,31,6,87,167,61,45,138,41,49,78,128,42,57,3,121,162,126,143,160,91,1,33,124,94,196,36,44,140,92,82,23,189,81,0,85,22,26,176,46,9,178,170,95,38,139,19,20,51,149,34,194,180,4,84,67,32,72,163,25,70,65,16,190,195,113,156,71,165,2,174,8,173,18,131,110,101,59,80,100,30,134,148,11,97,58,175,151,7,191,181,68,198,142,137,158,54,52,119,187,39,107,55,14,13,111,132,89,75,129,15,135,53,183,69,159,164,90,28,155,73,99,106,136,115,152,35,161,102,86,133,76,122,116,104,125,145,56,21,108,192,40,169,182,29,154,60,177,27,43,127,96,171,141,98,114,64,79,179,47,88,5,186,199,83,153,166,24,150,10,185,62,120,197,168,17,48,63];False
1913;7650;9563;[180,174,41,22,26,178,120,3,2,130,84,117,77,112,31,29,66,157,103,105,74,188,93,118,147,0,101,61,45,138,167,172,78,128,42,57,37,121,162,126,143,160,91,1,33,124,94,196,36,182,197,92,82,23,189,81,87,85,104,20,146,193,9,144,170,95,38,139,19,194,51,149,34,127,175,123,176,67,32,72,163,25,70,65,16,190,11,113,156,71,165,184,125,8,173,18,131,110,12,59,80,100,30,134,148,195,97,58,6,151,7,191,181,68,198,142,137,158,54,52,119,187,39,107,55,14,13,111,132,89,75,4,15,135,53,183,69,159,164,90,28,155,73,99,106,136,115,152,35,161,102,86,133,76,122,116,49,46,109,56,21,108,192,40,169,129,24,154,60,177,27,43,145,96,171,141,98,114,64,79,179,47,88,5,186,199,83,153,166,50,150,10,185,62,44,140,168,17,48,63];False
1875;7584;9459;[50,180,41,22,26,178,120,3,2,130,84,117,77,112,31,29,66,157,103,105,74,188,93,118,147,0,101,61,45,138,167,172,78,128,42,57,37,121,162,126,143,160,91,1,33,124,94,196,36,182,197,92,82,23,189,81,87,85,104,20,146,193,9,144,170,95,38,139,19,194,51,149,34,127,175,123,176,67,32,72,163,25,70,65,16,190,11,113,156,71,165,184,125,8,173,18,131,110,12,59,80,100,30,134,148,195,97,58,6,151,7,191,181,68,198,142,137,158,54,52,119,187,39,107,55,14,13,111,132,89,75,4,15,135,53,183,69,159,164,90,28,155,73,99,106,136,115,152,35,161,102,86,133,76,122,116,49,46,109,56,21,108,192,40,169,129,24,154,60,177,27,43,145,96,171,141,98,114,64,79,179,47,88,5,186,199,83,153,166,174,150,10,185,62,44,140,168,17,48,63];False
1807;7799;9606;[175,180,12,22,26,178,120,3,2,130,84,117,77,112,31,29,66,157,103,105,74,188,93,118,147,0,101,61,45,138,167,172,78,128,42,57,37,121,162,126,143,160,91,1,33,124,94,196,52,182,197,92,82,23,189,81,87,85,104,20,146,193,9,144,170,95,38,139,19,194,51,149,34,127,50,123,176,67,32,72,163,25,70,65,16,190,11,113,156,71,165,184,125,8,173,18,131,110,41,59,80,100,30,134,148,195,97,58,6,151,7,191,181,68,198,142,137,158,54,36,119,187,39,107,55,14,13,111,132,89,75,4,15,135,53,183,69,159,164,90,28,155,73,99,106,136,115,152,35,161,102,86,133,76,122,116,49,46,109,56,21,108,192,40,169,129,24,154,60,177,27,43,145,96,171,141,98,114,64,79,179,47,88,5,186,199,83,153,166,174,150,10,185,62,44,140,168,17,48,63];False
1853;7629;9482;[50,180,41,22,26,178,120,3,2,130,84,117,77,112,31,29,66,157,103,105,74,188,144,118,147,0,101,61,45,138,167,172,78,128,42,57,37,121,162,126,143,160,91,1,33,124,94,196,52,182,197,92,82,23,189,81,87,85,104,20,146,193,9,93,170,95,38,139,19,194,51,149,34,127,175,123,176,67,32,72,163,25,70,65,16,190,11,113,156,71,165,184,125,8,173,18,131,110,12,59,80,100,30,134,148,195,97,58,6,151,7,191,181,68,198,142,137,158,54,36,119,187,39,107,55,14,13,111,132,89,75,4,15,135,53,183,69,159,164,90,28,155,73,99,106,136,115,152,35,161,102,86,133,76,122,116,49,46,109,56,21,108,192,40,169,129,24,154,60,177,27,43,145,96,171,141,98,114,64,79,179,47,88,5,186,199,83,153,166,174,150,10,185,62,44,140,168,17,48,63];False
2384;7154;9538;[174,46,123,190,109,31,147,193,172,12,130,117,77,112,93,184,66,157,103,105,146,188,144,118,6,87,167,61,45,138,41,49,78,128,42,57,3,121,162,126,143,160,91,1,33,124,94,196,36,44,140,92,82,23,189,81,0,85,22,26,176,149,9,178,170,95,38,139,19,20,51,50,34,194,180,4,84,67,32,72,163,25,70,65,16,37,195,113,156,71,165,2,74,8,173,18,131,110,101,59,80,100,30,134,148,11,97,58,175,151,7,191,181,68,198,142,137,158,54,52,119,187,39,107,55,14,13,111,132,89,75,129,15,135,53,183,69,159,164,90,28,155,73,99,106,136,115,152,35,161,102,86,133,76,122,116,104,125,145,56,21,108,192,40,169,182,29,154,60,177,27,43,127,96,171,141,98,114,64,79,179,47,88,5,186,199,83,153,166,24,150,10,185,62,120,197,168,17,48,63];False
1951;7555;9506;[118,172,12,22,26,178,147,3,2,130,84,117,77,112,106,136,66,157,103,105,74,188,93,31,6,149,101,61,45,138,41,49,78,128,42,57,37,121,162,126,143,160,91,1,33,124,94,196,52,182,140,92,82,23,189,81,87,85,104,20,146,193,9,144,170,95,38,139,19,46,51,0,34,194,180,123,176,67,32,72,163,25,70,65,16,190,11,113,156,71,165,184,174,8,173,18,131,110,167,59,80,100,30,134,148,195,97,58,175,151,7,191,181,68,198,142,137,158,54,36,119,187,39,107,55,14,13,111,132,89,75,4,15,135,53,183,69,159,164,90,28,155,73,99,109,24,115,152,35,161,102,86,133,76,122,116,44,125,145,56,21,108,192,40,169,129,29,154,60,177,27,43,127,96,171,141,98,114,64,79,179,47,88,5,186,199,83,153,166,50,150,10,185,62,120,197,168,17,48,63];False
1948;7560;9508;[118,172,12,22,26,178,147,3,2,130,84,117,77,112,106,24,66,157,103,105,74,188,93,31,6,0,101,61,45,138,41,49,78,128,42,57,37,121,162,126,143,160,91,1,33,124,94,196,52,182,140,92,82,23,189,81,87,85,104,46,146,193,9,144,170,95,38,139,19,20,51,149,34,194,180,123,176,67,32,72,163,25,70,65,16,190,11,113,156,71,165,184,174,8,173,18,131,110,167,59,80,100,30,134,148,195,97,58,175,151,7,191,181,68,198,142,137,158,54,36,119,187,39,107,55,14,13,111,132,89,75,4,15,135,53,183,69,159,164,90,28,155,73,99,109,136,115,152,35,161,102,86,133,76,122,116,44,125,145,56,21,108,192,40,169,129,29,154,60,177,27,43,127,96,171,141,98,114,64,79,179,47,88,5,186,199,83,153,166,50,150,10,185,62,120,197,168,17,48,63];False
1943;7546;9489;[50,180,41,22,26,178,120,3,2,130,84,117,77,112,31,29,66,157,103,105,74,188,93,118,147,0,101,61,45,138,167,172,78,128,42,57,37,121,162,126,143,160,91,1,33,124,94,196,36,182,197,92,82,23,189,81,87,85,104,20,146,4,9,144,170,95,38,139,19,194,51,149,34,127,175,123,176,67,32,72,163,25,70,65,16,190,11,113,156,71,165,184,125,8,173,18,131,110,12,59,80,100,30,134,148,195,97,58,6,151,7,191,181,68,198,142,137,158,54,52,119,187,39,107,55,14,13,111,132,89,75,193,15,135,53,183,69,159,164,90,28,155,73,99,106,136,115,152,35,161,102,86,133,76,122,116,49,46,109,56,21,108,192,40,169,129,24,154,60,177,27,43,145,96,171,141,98,114,64,79,179,47,88,5,186,199,83,153,166,174,150,10,185,62,44,140,168,17,48,63];False
1850;7631;9481;[50,180,12,22,26,178,120,3,2,130,84,117,77,112,31,29,66,157,103,105,74,188,93,118,147,0,101,61,45,138,167,172,78,128,42,57,37,121,162,126,143,160,91,1,33,124,94,196,36,182,197,92,82,23,189,81,87,85,104,20,146,193,9,144,170,95,38,139,19,194,51,149,34,127,175,123,176,67,32,72,163,25,70,65,16,190,11,113,156,71,165,184,125,8,173,18,131,110,41,59,80,100,30,134,148,195,97,58,6,151,7,191,181,68,198,142,137,158,54,52,119,187,39,107,55,14,13,111,132,89,75,4,15,135,53,183,69,159,164,90,28,155,73,99,106,136,115,152,35,161,102,86,133,76,122,116,49,46,109,56,21,108,192,40,169,129,24,154,60,177,27,43,145,96,171,141,98,114,64,79,179,47,88,5,186,199,83,153,166,174,150,10,185,62,44,140,168,17,48,63];False
1814;7761;9575;[33,180,12,22,26,178,120,3,2,130,84,117,77,112,31,29,66,157,103,105,74,188,144,118,147,0,101,61,45,138,167,172,78,128,42,57,37,121,162,126,143,160,91,1,140,124,94,196,52,182,197,92,82,23,189,81,87,85,104,20,146,193,9,93,170,95,38,139,19,194,51,149,34,127,175,123,176,67,32,72,163,25,70,65,16,190,11,113,156,71,165,184,125,8,173,18,131,110,41,59,80,100,30,134,148,195,97,58,6,151,7,191,181,68,198,142,137,158,54,36,119,187,39,107,55,14,13,111,132,89,75,4,15,135,53,183,69,159,164,90,28,155,73,99,106,136,115,152,35,161,102,86,133,76,122,116,49,46,109,56,21,108,192,40,169,129,24,154,60,177,27,43,145,96,171,141,98,114,64,79,179,47,88,5,186,199,83,153,166,174,150,10,185,62,44,50,168,17,48,63];False
2485;7135;9620;[174,87,123,190,109,31,6,193,172,12,130,117,195,112,93,184,66,157,103,105,146,188,144,118,147,149,167,61,45,138,41,49,78,128,42,57,3,121,162,126,143,160,91,1,33,124,94,196,36,44,140,92,82,23,189,81,0,85,22,26,176,46,9,178,170,95,38,139,19,20,51,50,34,194,180,4,84,67,32,72,163,25,70,65,16,37,77,113,156,71,165,2,74,8,173,18,131,110,101,59,80,100,30,134,148,11,97,58,175,151,7,191,181,68,198,142,137,158,54,52,119,187,39,107,55,14,13,111,132,89,75,129,15,135,53,183,69,159,164,90,28,155,73,99,106,136,115,152,35,161,102,86,133,76,122,116,104,125,145,56,21,108,192,40,169,182,29,154,60,177,27,43,127,96,171,141,98,114,64,79,179,47,88,5,186,199,83,153,166,24,150,10,185,62,120,197,168,17,48,63];False
2515;7134;9649;[82,184,123,190,109,74,6,193,172,12,130,117,77,112,93,46,66,157,103,105,146,188,144,31,147,87,167,61,45,138,41,49,78,128,42,57,3,121,162,126,143,160,91,1,33,124,94,196,36,44,140,92,174,23,189,81,0,85,22,26,176,149,9,178,170,95,38,139,19,20,51,50,34,194,180,4,84,67,32,72,163,25,70,65,16,37,195,113,156,71,165,2,118,8,173,18,131,110,101,59,80,100,30,134,148,11,97,58,175,151,7,191,181,68,198,142,137,158,54,52,119,187,39,107,55,14,13,111,132,89,75,129,15,135,53,183,69,159,164,90,28,155,73,99,106,136,115,152,35,161,102,86,133,76,122,116,104,125,145,56,21,108,192,40,169,182,29,154,60,177,27,43,127,96,171,141,98,114,64,79,179,47,88,5,186,199,83,153,166,24,150,10,185,62,120,197,168,17,48,63];False
1586;8596;10182;[189,49,102,122,114,3,2,129,72,105,99,73,140,178,192,10,123,17,8,94,173,18,25,120,24,197,15,9,150,143,67,60,147,65,124,142,130,22,38,21,135,14,75,151,7,153,187,127,39,107,101,76,50,53,93,27,30,134,58,86,181,82,23,12,54,158,121,168,117,98,78,110,81,52,106,118,183,83,26,79,185,148,167,61,59,36,46,5,41,133,96,157,138,45,188,87,66,126,198,159,174,1,51,29,154,156,160,71,69,190,43,128,85,164,111,88,40,37,145,139,33,13,172,195,182,109,141,35,6,56,92,194,31,171,152,57,186,113,196,89,162,146,28,74,4,97,131,0,199,62,44,34,108,20,55,155,184,161,80,137,177,169,191,11,104,180,163,170,95,91,90,125,149,32,68,63,100,116,175,165,193,16,136,144,70,19,64,103,112,84,77,115,179,176,42,47,132,166,119,48];True
1784;8595;10379;[160,102,49,122,114,3,2,129,72,105,99,73,140,178,192,10,123,17,8,94,173,18,25,120,24,197,15,9,150,143,67,60,147,65,124,142,130,22,38,21,135,14,75,151,7,153,187,127,39,107,101,76,50,53,93,27,30,134,58,86,181,82,23,12,54,158,121,168,117,98,78,110,81,52,106,118,183,83,26,79,185,148,167,61,59,36,46,5,41,133,96,157,138,45,188,87,66,126,198,159,174,1,51,29,154,156,92,71,69,190,43,128,85,164,111,88,40,37,145,139,33,13,172,195,182,109,141,35,6,56,189,194,31,171,152,57,186,113,196,89,162,146,28,74,4,97,131,0,199,62,44,34,108,20,55,155,184,161,80,137,177,169,191,11,104,180,163,170,95,91,90,125,149,32,68,63,100,116,175,165,193,16,136,144,70,19,64,103,112,84,77,115,179,176,42,47,132,166,119,48];False
2084;7320;9404;[50,172,12,22,26,178,147,3,2,130,84,175,77,112,109,118,66,157,103,105,74,188,93,31,6,87,167,61,45,138,41,49,78,128,42,57,37,121,162,126,143,160,91,1,33,124,94,196,36,182,140,92,82,23,189,81,0,85,104,46,146,193,9,144,170,95,38,139,19,20,51,149,34,194,180,123,176,67,32,72,163,25,70,65,16,190,11,113,156,71,165,184,174,8,173,18,131,110,101,59,80,100,30,134,148,195,97,58,117,151,7,191,181,68,198,142,137,158,54,52,119,187,39,107,55,14,13,111,132,89,75,4,15,135,53,183,69,159,164,90,28,155,73,99,106,136,115,152,35,161,102,86,133,76,122,116,44,125,145,56,21,108,192,40,169,129,29,154,60,177,27,43,127,96,171,141,98,114,64,79,179,47,88,5,186,199,83,153,166,24,150,10,185,62,120,197,168,17,48,63];False
2119;7276;9395;[50,172,12,22,26,93,147,3,2,130,84,117,77,112,109,118,66,157,103,105,74,188,144,31,6,87,167,61,45,138,41,49,78,128,42,57,37,121,162,126,143,160,91,1,33,124,94,196,36,182,140,92,82,23,189,81,0,85,104,20,146,193,9,178,170,95,38,139,19,46,51,149,34,194,180,123,176,67,32,72,163,25,70,65,16,190,11,113,156,71,165,184,174,8,173,18,131,110,101,59,80,100,30,134,148,195,97,58,175,151,7,191,181,68,198,142,137,158,54,52,119,187,39,107,55,14,13,111,132,89,75,4,15,135,53,183,69,159,164,90,28,155,73,99,106,136,115,152,35,161,102,86,133,76,122,116,44,125,145,56,21,108,192,40,169,129,29,154,60,177,27,43,127,96,171,141,98,114,64,79,179,47,88,5,186,199,83,153,166,24,150,10,185,62,120,197,168,17,48,63];False
2053;7375;9428;[50,172,12,22,26,178,147,3,2,130,84,117,77,112,106,118,66,157,103,105,74,188,93,31,6,0,167,61,45,138,41,49,78,128,42,57,37,121,162,126,143,160,91,1,33,124,94,196,36,182,140,92,82,23,189,81,87,85,104,46,146,193,9,144,170,95,38,139,19,20,51,149,34,194,180,123,176,67,32,72,163,25,70,65,16,190,11,113,156,71,165,184,174,8,173,18,131,110,101,59,80,100,30,134,148,195,97,58,175,151,7,191,181,68,198,142,137,158,54,52,119,187,39,107,55,14,13,111,132,89,75,4,15,135,53,183,69,159,164,90,28,155,73,99,109,136,115,152,35,161,102,86,133,76,122,116,44,125,145,56,21,108,192,40,169,129,29,154,60,177,27,43,127,96,171,141,98,114,64,79,179,47,88,5,186,199,83,153,166,24,150,10,185,62,120,197,168,17,48,63];False
2028;7388;9416;[50,172,12,22,26,178,147,3,2,130,132,117,77,112,109,118,66,157,103,105,74,188,93,31,6,87,167,61,45,138,41,49,78,128,42,57,37,121,162,126,143,160,91,1,33,124,94,196,36,182,140,92,82,23,189,46,0,85,104,20,146,193,9,144,170,95,38,139,19,81,51,149,34,194,180,123,176,67,32,72,137,25,70,65,16,190,11,113,156,71,165,184,174,8,173,18,131,110,101,59,80,100,30,134,148,195,97,58,175,151,7,191,181,68,198,142,163,158,54,52,119,187,39,107,55,14,13,111,84,89,75,4,15,135,53,183,69,159,164,90,28,155,73,99,106,136,115,152,35,161,102,86,133,76,122,116,44,125,145,56,21,108,192,40,169,129,29,154,60,177,27,43,127,96,171,141,98,114,64,79,179,47,88,5,186,199,83,153,166,24,150,10,185,62,120,197,168,17,48,63];False
2184;7248;9432;[174,123,146,4,46,109,147,3,2,130,84,117,77,112,93,118,66,157,103,105,74,188,144,31,6,87,167,61,45,138,41,49,78,128,42,57,37,121,162,126,143,160,91,1,33,124,94,196,36,44,140,92,82,23,189,81,0,85,22,26,176,193,9,178,170,95,38,139,19,20,51,149,34,194,180,172,12,67,32,72,163,25,70,65,16,190,195,113,156,71,165,184,50,8,173,18,131,110,101,59,80,100,30,134,148,11,97,58,175,151,7,191,181,68,198,142,137,158,54,52,119,187,39,107,55,14,13,111,132,89,75,129,15,135,53,183,69,159,164,90,28,155,73,99,106,136,115,152,35,161,102,86,133,76,122,116,104,125,145,56,21,108,192,40,169,182,29,154,60,177,27,43,127,96,171,141,98,114,64,79,179,47,88,5,186,199,83,153,166,24,150,10,185,62,120,197,168,17,48,63];False
2103;7292;9395;[50,172,12,22,26,178,147,3,2,130,84,117,77,112,109,118,66,157,103,105,74,188,144,31,6,87,167,61,45,138,41,49,78,128,42,57,37,121,162,126,143,160,91,1,33,124,94,196,36,182,140,92,82,23,189,81,0,85,104,20,146,193,9,93,170,95,38,139,19,46,51,149,34,194,180,123,176,67,32,72,163,25,70,65,16,190,11,113,156,71,165,184,174,8,173,18,131,110,101,59,80,100,30,134,148,195,97,58,151,175,7,191,181,68,198,142,137,158,54,52,119,187,39,107,55,14,13,111,132,89,75,4,15,135,53,183,69,159,164,90,28,155,73,99,106,136,115,152,35,161,102,86,133,76,122,116,44,125,145,56,21,108,192,40,169,129,29,154,60,177,27,43,127,96,171,141,98,114,64,79,179,47,88,5,186,199,83,153,166,24,150,10,185,62,120,197,168,17,48,63];False
2004;7423;9427;[180,172,111,132,89,103,105,7,161,35,77,85,62,181,68,36,187,43,165,193,20,188,135,53,183,174,167,61,45,182,65,125,83,128,42,57,37,121,71,162,109,23,0,93,46,146,123,41,88,104,140,17,8,24,169,75,101,147,19,26,176,116,191,149,170,95,38,139,144,51,50,56,21,92,143,3,119,67,32,72,163,25,70,74,198,173,160,190,126,106,91,184,168,31,142,78,131,110,12,59,80,100,30,134,148,11,97,58,151,175,6,1,117,2,87,66,137,158,54,52,112,138,39,107,55,14,194,102,22,195,113,129,15,9,33,13,69,159,164,90,28,155,73,99,16,136,115,152,49,130,18,86,133,76,122,82,34,108,84,4,118,156,192,40,124,94,29,154,60,177,27,185,127,47,171,141,98,114,64,79,179,96,166,5,186,199,81,153,197,189,150,10,145,196,120,178,157,44,48,63];False
2340;7167;9507;[50,123,146,118,193,109,94,37,172,12,130,117,77,112,93,178,66,157,103,105,74,188,144,31,6,87,167,61,45,138,41,49,78,128,42,57,3,121,162,126,143,160,91,1,33,124,147,196,36,44,140,92,82,23,189,81,0,85,22,26,176,46,9,35,170,95,38,139,19,20,51,149,34,194,180,4,84,67,32,72,163,25,70,65,16,190,195,113,156,71,165,184,174,8,173,18,131,110,101,59,80,100,30,134,148,11,97,58,175,151,7,191,181,68,198,142,137,158,54,52,119,187,39,107,55,14,13,111,132,89,75,129,15,135,53,183,69,159,164,90,28,155,73,99,106,136,115,152,2,161,102,86,133,76,122,116,104,125,145,56,21,108,192,40,169,182,29,154,60,177,27,43,127,96,171,141,98,114,64,79,179,47,88,5,186,199,83,153,166,24,150,10,185,62,120,197,168,17,48,63];False
1987;7471;9458;[118,172,12,22,26,178,147,3,2,130,84,117,77,112,109,24,66,157,103,105,74,188,93,31,6,149,101,61,45,138,41,49,78,128,42,57,37,121,162,126,143,160,91,1,33,124,94,196,36,182,140,92,82,23,189,81,87,85,104,20,146,193,9,144,170,95,38,139,19,46,51,0,34,194,180,123,176,67,32,72,163,25,70,65,16,190,11,113,156,71,165,184,174,8,173,18,131,110,167,59,80,100,30,134,148,195,97,58,175,151,7,191,181,68,198,142,137,158,54,52,119,187,39,107,55,14,13,111,132,89,75,4,15,135,53,183,69,159,164,90,28,155,73,99,106,136,115,152,35,161,102,86,133,76,122,116,44,125,145,56,21,108,192,40,169,129,29,154,60,177,27,43,127,96,171,141,98,114,64,79,179,47,88,5,186,199,83,153,166,50,150,10,185,62,120,197,168,17,48,63];False
1983;7476;9459;[90,111,172,132,89,103,105,7,161,35,93,82,12,181,68,97,187,43,165,193,20,188,135,53,183,174,167,61,45,182,65,125,83,128,42,57,112,121,71,162,109,23,0,101,46,124,143,41,88,104,140,17,8,24,169,75,77,85,19,26,176,116,191,149,170,95,38,139,144,51,50,56,21,92,147,3,119,67,32,72,163,25,70,74,198,173,160,190,126,106,91,184,168,31,142,78,131,110,196,59,80,100,30,134,148,2,36,58,151,175,6,1,117,11,87,66,137,158,54,52,37,138,39,107,55,14,194,102,22,195,113,129,15,9,33,13,69,159,164,94,28,155,73,99,16,136,115,152,49,130,18,86,133,76,122,146,180,108,84,4,118,156,192,40,34,123,29,154,60,177,27,185,127,47,171,141,98,114,64,79,179,96,166,5,186,199,81,153,197,189,150,10,145,62,120,178,157,44,48,63];False
1962;7505;9467;[13,111,172,132,89,103,105,7,161,35,93,82,12,181,68,97,187,43,165,193,20,188,135,53,157,119,167,61,45,182,65,125,83,128,42,57,37,121,71,162,109,23,0,101,46,124,143,41,88,104,140,17,8,24,169,75,77,85,19,26,176,116,191,149,170,95,38,139,144,51,50,56,21,92,147,3,174,67,32,72,163,25,70,74,198,173,160,190,126,106,91,184,168,31,142,78,131,110,196,59,80,100,30,134,148,2,36,58,151,175,6,1,117,11,87,66,137,158,54,52,112,138,39,107,55,14,194,102,22,195,113,129,15,9,33,183,69,159,164,94,28,155,73,99,16,136,115,152,49,130,18,86,133,76,122,146,180,108,84,4,118,156,192,40,34,123,29,154,60,177,27,185,127,47,171,141,98,114,64,79,179,96,166,5,186,199,81,153,197,189,150,10,145,62,120,178,90,44,48,63];False
2313;7185;9498;[149,123,146,118,193,109,147,37,172,12,130,117,77,112,93,184,66,157,103,105,74,188,144,31,6,87,167,61,45,138,41,49,78,128,42,57,3,121,162,126,143,160,91,1,33,124,94,196,36,44,140,92,82,23,189,81,0,85,22,26,176,46,9,178,170,95,38,139,19,20,51,50,34,194,180,4,84,67,32,72,163,25,70,65,16,190,195,113,156,71,165,2,174,8,173,18,131,110,101,59,80,100,30,134,148,11,97,58,175,151,7,191,181,68,198,142,137,158,54,52,119,187,39,107,55,14,13,111,132,89,75,129,15,135,53,183,69,159,164,90,28,155,73,99,106,136,115,152,35,161,102,86,133,76,122,116,104,125,145,56,21,108,192,40,169,182,29,154,60,177,27,43,127,96,171,141,98,114,64,79,179,47,88,5,186,199,83,153,166,24,150,10,185,62,120,197,168,17,48,63];False
1873;7615;9488;[194,180,41,22,26,178,120,3,2,130,84,117,77,112,31,29,66,157,103,105,74,188,93,118,147,0,101,61,45,138,167,172,78,128,42,57,37,121,162,126,143,160,91,1,33,124,94,196,36,182,197,92,82,23,189,81,87,85,104,20,146,193,9,144,170,95,38,139,19,50,51,149,34,127,175,123,176,67,32,72,163,25,70,65,16,190,11,113,156,71,165,184,125,8,173,18,131,110,12,59,80,100,30,134,148,195,97,58,6,151,7,191,181,68,198,142,137,158,54,52,119,187,39,107,55,14,13,111,132,89,75,4,15,135,53,183,69,159,164,90,28,155,73,99,106,136,115,152,35,161,102,86,133,76,122,116,49,46,109,56,21,108,192,40,169,129,24,154,60,177,27,43,145,96,171,141,98,114,64,79,179,47,88,5,186,199,83,153,166,174,150,10,185,62,44,140,168,17,48,63];False
1794;7776;9570;[117,180,12,22,26,178,120,3,2,130,84,175,77,112,31,29,66,157,103,105,74,188,93,118,147,0,101,61,45,138,167,172,78,128,42,57,37,121,162,126,143,160,91,1,33,124,94,196,52,182,197,92,82,23,189,81,87,85,104,20,146,193,9,144,170,95,38,139,19,194,51,149,34,127,50,123,176,67,32,72,163,25,70,65,16,190,11,113,156,71,165,184,125,8,173,18,131,110,41,59,80,100,30,134,148,195,97,58,6,151,7,191,181,68,198,142,137,158,54,36,119,187,39,107,55,14,13,111,132,89,75,4,15,135,53,183,69,159,164,90,28,155,73,99,106,136,115,152,35,161,102,86,133,76,122,116,49,46,109,56,21,108,192,40,169,129,24,154,60,177,27,43,145,96,171,141,98,114,64,79,179,47,88,5,186,199,83,153,166,174,150,10,185,62,44,140,168,17,48,63];False
1823;7697;9520;[174,180,41,22,26,178,120,3,2,130,84,117,77,112,31,29,66,157,103,105,74,188,144,118,147,0,101,61,45,138,167,172,78,128,42,57,37,121,162,126,143,160,91,1,33,124,94,196,52,182,197,92,82,23,189,81,87,85,104,20,146,193,9,93,170,95,38,139,19,194,51,149,34,127,175,123,176,67,32,72,163,25,70,65,16,190,11,113,156,71,165,184,125,8,173,18,131,110,12,59,80,100,30,134,148,195,97,58,6,151,7,191,181,68,198,142,137,158,54,36,119,187,39,107,55,14,13,111,132,89,75,4,15,135,53,183,69,159,164,90,28,155,73,99,106,136,115,152,35,161,102,86,133,76,122,116,49,46,109,56,21,108,192,40,169,129,24,154,60,177,27,43,145,96,171,141,98,114,64,79,179,47,88,5,186,199,83,153,166,50,150,10,185,62,44,140,168,17,48,63];False
2362;7156;9518;[174,149,123,190,109,31,147,193,172,12,130,117,77,112,93,184,66,157,103,105,146,188,144,118,6,87,167,61,45,138,41,49,78,128,42,57,3,121,162,126,143,160,91,1,33,124,94,196,36,44,140,92,82,23,189,81,0,85,22,26,176,46,9,178,170,95,38,139,19,20,51,50,34,194,180,4,84,67,32,72,163,25,70,65,16,37,195,113,156,71,165,2,74,8,173,18,131,110,101,59,80,100,30,134,148,11,97,58,175,151,7,191,181,68,198,142,137,158,54,52,119,187,39,107,55,14,13,111,132,89,75,129,15,135,53,183,69,159,164,90,28,155,73,99,106,136,115,152,35,161,102,86,133,76,122,116,104,125,145,56,21,108,192,40,169,182,29,154,60,177,27,43,127,96,171,141,98,114,64,79,179,47,88,5,186,199,83,153,166,24,150,10,185,62,120,197,168,17,48,63];False
1932;7581;9513;[140,180,41,22,26,178,120,3,2,130,84,117,77,112,31,29,66,157,103,105,74,188,93,118,147,0,101,61,45,138,167,172,78,128,42,57,37,121,162,126,143,160,91,1,33,124,94,196,36,182,197,92,82,23,189,81,87,85,104,20,146,4,9,144,170,95,38,139,19,194,51,149,34,127,175,123,176,67,32,72,163,25,70,65,16,190,11,113,156,71,165,184,125,8,173,18,131,110,12,59,80,100,30,134,148,195,97,58,6,151,7,191,181,68,198,142,137,158,54,52,119,187,39,107,55,14,13,111,132,89,75,193,15,135,53,183,69,159,164,90,28,155,73,99,106,136,115,152,35,161,102,86,133,76,122,116,49,46,109,56,21,108,192,40,169,129,24,154,60,177,27,43,145,96,171,141,98,114,64,79,179,47,88,5,186,199,83,153,166,174,150,10,185,62,44,50,168,17,48,63];False
1839;7666;9505;[140,180,12,22,26,178,120,3,2,130,84,117,77,112,31,29,66,157,103,105,74,188,93,118,147,0,101,61,45,138,167,172,78,128,42,57,37,121,162,126,143,160,91,1,33,124,94,196,36,182,197,92,82,23,189,81,87,85,104,20,146,193,9,144,170,95,38,139,19,194,51,149,34,127,175,123,176,67,32,72,163,25,70,65,16,190,11,113,156,71,165,184,125,8,173,18,131,110,41,59,80,100,30,134,148,195,97,58,6,151,7,191,181,68,198,142,137,158,54,52,119,187,39,107,55,14,13,111,132,89,75,4,15,135,53,183,69,159,164,90,28,155,73,99,106,136,115,152,35,161,102,86,133,76,122,116,49,46,109,56,21,108,192,40,169,129,24,154,60,177,27,43,145,96,171,141,98,114,64,79,179,47,88,5,186,199,83,153,166,174,150,10,185,62,44,50,168,17,48,63];False
1793;7805;9598;[33,180,12,22,26,178,120,3,2,130,84,117,77,112,31,29,66,157,103,105,74,188,144,118,147,0,101,61,45,138,167,172,78,128,42,57,37,121,162,126,143,160,91,1,140,124,94,196,52,182,92,197,82,23,189,81,87,85,104,20,146,193,9,93,170,95,38,139,19,194,51,149,34,127,175,123,176,67,32,72,163,25,70,65,16,190,11,113,156,71,165,184,125,8,173,18,131,110,41,59,80,100,30,134,148,195,97,58,6,151,7,191,181,68,198,142,137,158,54,36,119,187,39,107,55,14,13,111,132,89,75,4,15,135,53,183,69,159,164,90,28,155,73,99,106,136,115,152,35,161,102,86,133,76,122,116,49,46,109,56,21,108,192,40,169,129,24,154,60,177,27,43,145,96,171,141,98,114,64,79,179,47,88,5,186,199,83,153,166,174,150,10,185,62,44,50,168,17,48,63];False
2580;7124;9704;[147,87,123,190,109,31,6,193,172,12,130,117,195,112,93,184,66,157,103,105,146,188,144,118,174,149,167,61,45,138,41,49,78,128,42,57,3,121,162,126,143,160,91,1,33,124,94,196,36,44,140,92,82,23,189,81,0,85,22,26,176,46,9,178,170,95,38,139,19,20,51,50,34,194,180,4,84,67,32,72,163,25,70,65,16,37,77,113,156,71,165,2,74,8,173,18,131,110,101,59,80,100,30,134,148,11,97,58,175,151,7,191,181,68,198,142,137,158,54,52,119,187,39,107,55,14,13,111,132,89,75,129,15,135,53,183,69,159,164,90,28,155,73,99,106,136,115,152,35,161,102,86,133,76,122,116,104,125,145,56,21,108,192,40,169,182,29,154,60,177,27,43,127,96,171,141,98,114,64,79,179,47,88,5,186,199,83,153,166,24,150,10,185,62,120,197,168,17,48,63];False
2575;7130;9705;[82,184,138,190,109,74,6,193,172,12,130,117,77,112,93,46,66,157,103,105,146,188,144,31,147,87,167,61,45,123,41,49,78,128,42,57,3,121,162,126,143,160,91,1,33,124,94,196,36,44,140,92,174,23,189,81,0,85,22,26,176,149,9,178,170,95,38,139,19,20,51,50,34,194,180,4,84,67,32,72,163,25,70,65,16,37,195,113,156,71,165,2,118,8,173,18,131,110,101,59,80,100,30,134,148,11,97,58,175,151,7,191,181,68,198,142,137,158,54,52,119,187,39,107,55,14,13,111,132,89,75,129,15,135,53,183,69,159,164,90,28,155,73,99,106,136,115,152,35,161,102,86,133,76,122,116,104,125,145,56,21,108,192,40,169,182,29,154,60,177,27,43,127,96,171,141,98,114,64,79,179,47,88,5,186,199,83,153,166,24,150,10,185,62,120,197,168,17,48,63];False
1684;8591;10275;[49,189,102,122,114,3,2,129,72,105,99,73,140,178,192,10,123,17,8,94,173,18,25,120,24,197,15,9,150,143,67,60,147,65,124,142,130,22,38,21,135,14,75,151,7,153,187,127,39,107,101,76,50,53,93,27,30,134,58,86,181,82,23,12,54,158,121,168,117,98,78,110,81,52,106,118,183,83,26,79,185,148,167,61,59,36,46,5,41,133,96,157,138,45,188,87,66,126,198,159,174,1,51,29,154,156,160,71,69,190,43,128,85,164,111,88,40,37,145,139,33,13,172,195,182,109,141,35,6,56,92,194,31,171,152,57,186,113,196,89,162,146,28,74,4,97,131,0,199,62,44,34,108,20,55,155,184,161,80,137,177,169,191,11,104,180,163,170,95,91,90,125,149,32,68,63,100,116,175,165,193,16,136,144,70,19,64,103,112,84,77,115,179,176,42,47,132,166,119,48];False
1670;8583;10253;[102,49,189,122,114,3,2,129,72,105,99,73,140,178,192,10,123,17,8,94,173,18,25,120,24,197,15,9,150,143,67,60,147,65,124,142,130,22,38,21,135,14,75,151,7,153,187,127,39,107,101,76,50,53,93,27,30,134,58,86,181,82,23,12,54,158,121,168,117,98,78,110,81,52,106,118,183,83,26,79,185,148,167,61,59,36,46,5,41,133,96,157,138,45,188,87,66,126,198,159,174,1,51,29,154,156,160,71,69,190,43,128,85,164,111,88,40,37,145,139,33,13,172,195,182,109,141,35,6,56,92,194,31,171,152,57,186,113,196,89,162,146,28,74,4,97,131,0,199,62,44,34,108,20,55,155,184,161,80,137,177,169,191,11,104,180,163,170,95,91,90,125,149,32,68,63,100,116,175,165,193,16,136,144,70,19,64,103,112,84,77,115,179,176,42,47,132,166,119,48];False
2053;7337;9390;[50,172,12,22,26,178,147,3,2,130,84,175,77,112,109,118,66,157,103,105,74,188,93,31,6,87,167,61,45,138,41,49,78,128,42,57,37,121,162,126,143,160,91,1,33,124,94,196,36,182,140,92,82,23,189,81,0,85,104,46,146,193,9,144,170,95,38,139,19,20,51,149,34,194,180,123,176,67,32,72,137,25,70,65,16,190,11,113,156,71,165,184,174,8,173,18,131,110,101,59,80,100,30,134,148,195,97,58,117,151,7,191,181,68,198,142,163,158,54,52,119,187,39,107,55,14,13,111,132,89,75,4,15,135,53,183,69,159,164,90,28,155,73,99,106,136,115,152,35,161,102,86,133,76,122,116,44,125,145,56,21,108,192,40,169,129,29,154,60,177,27,43,127,96,171,141,98,114,64,79,179,47,88,5,186,199,83,153,166,24,150,10,185,62,120,197,168,17,48,63];False
2159;7272;9431;[50,102,12,22,26,93,147,3,2,130,84,117,77,112,109,118,66,157,103,105,74,188,144,31,6,87,167,61,45,138,41,49,78,128,42,57,37,121,162,126,143,160,91,1,33,124,94,196,36,182,140,92,82,23,189,81,0,85,104,20,146,193,9,178,170,95,38,139,19,46,51,149,34,194,180,123,176,67,32,72,163,25,70,65,16,190,11,113,156,71,165,184,174,8,173,18,131,110,101,59,80,100,30,134,148,195,97,58,175,151,7,191,181,68,198,142,137,158,54,52,119,187,39,107,55,14,13,111,132,89,75,4,15,135,53,183,69,159,164,90,28,155,73,99,106,136,115,152,35,161,172,86,133,76,122,116,44,125,145,56,21,108,192,40,169,129,29,154,60,177,27,43,127,96,171,141,98,114,64,79,179,47,88,5,186,199,83,153,166,24,150,10,185,62,120,197,168,17,48,63];False
2031;7367;9398;[50,172,12,22,26,178,147,3,2,130,84,117,77,112,109,118,66,157,103,105,74,188,93,31,6,87,167,61,45,138,41,49,78,128,42,57,37,121,162,126,143,160,91,1,33,124,94,196,36,182,140,92,82,23,189,46,0,85,104,20,146,193,9,144,170,95,38,139,19,81,51,149,34,194,180,123,176,67,32,72,137,25,70,65,16,190,11,113,156,71,165,184,174,8,173,18,131,110,101,59,80,100,30,134,148,195,97,58,175,151,7,191,181,68,198,142,163,158,54,52,119,187,39,107,55,14,13,111,132,89,75,4,15,135,53,183,69,159,164,90,28,155,73,99,106,136,115,152,35,161,102,86,133,76,122,116,44,125,145,56,21,108,192,40,169,129,29,154,60,177,27,43,127,96,171,141,98,114,64,79,179,47,88,5,186,199,83,153,166,24,150,10,185,62,120,197,168,17,48,63];False
2188;7222;9410;[50,123,146,4,46,109,147,3,2,130,84,117,77,112,93,118,66,157,103,105,74,188,144,31,6,87,167,61,45,138,41,49,78,128,42,57,37,121,162,126,143,160,91,1,33,124,94,196,36,44,140,92,82,23,189,81,0,85,22,26,176,193,9,178,170,95,38,139,19,20,51,149,34,194,180,172,12,67,32,72,163,25,70,65,16,190,195,113,156,71,165,184,174,8,173,18,131,110,101,59,80,100,30,134,148,11,97,58,175,151,7,191,181,68,198,142,137,158,54,52,119,187,39,107,55,14,13,111,132,89,75,129,15,135,53,183,69,159,164,90,28,155,73,99,106,136,115,152,35,161,102,86,133,76,122,116,104,125,145,56,21,108,192,40,169,182,29,154,60,177,27,43,127,96,171,141,98,114,64,79,179,47,88,5,186,199,83,153,166,24,150,10,185,62,120,197,168,17,48,63];False
2093;7298;9391;[50,172,12,22,26,178,147,3,2,130,84,117,77,112,109,118,66,157,103,105,74,188,93,31,6,87,167,61,45,138,41,49,78,128,42,57,37,121,162,126,143,160,91,1,33,124,94,196,36,182,140,92,82,23,189,81,0,85,104,20,146,193,9,144,170,95,38,139,19,46,51,149,34,194,180,123,176,67,32,72,163,25,70,65,16,190,11,113,156,71,165,184,174,8,173,18,131,110,101,59,80,100,30,134,148,195,97,58,151,175,7,191,181,68,198,142,137,158,54,52,119,187,39,107,55,14,13,111,132,89,75,4,15,135,53,183,69,159,164,90,28,155,73,99,106,136,115,152,35,161,102,86,133,76,122,116,44,125,145,56,21,108,192,40,169,129,29,154,60,177,27,43,127,96,171,141,98,114,64,79,179,47,88,5,186,199,83,153,166,24,150,10,185,62,120,197,168,17,48,63];False
1996;7442;9438;[180,172,111,132,89,103,105,7,161,35,77,85,62,181,68,36,187,43,165,193,20,188,135,53,183,174,167,61,45,182,65,125,83,128,42,57,112,121,71,162,109,23,0,93,46,146,123,41,88,104,140,17,8,24,169,75,101,147,19,26,176,116,191,149,170,95,38,139,144,51,50,56,21,92,143,3,119,67,32,72,163,25,70,74,198,173,160,190,126,106,91,184,168,31,142,78,131,110,12,59,80,100,30,134,148,11,97,58,151,175,6,1,117,2,87,66,137,158,54,52,37,138,39,107,55,14,194,102,22,195,113,129,15,9,33,13,69,159,164,90,28,155,73,99,16,136,115,152,49,130,18,86,133,76,122,82,34,108,84,4,118,156,192,40,124,94,29,154,60,177,27,185,127,47,171,141,98,114,64,79,179,96,166,5,186,199,81,153,197,189,150,10,145,196,120,178,157,44,48,63];False
2400;7147;9547;[50,198,146,118,193,109,94,37,172,12,130,117,77,112,93,178,66,157,103,105,74,188,144,31,6,87,167,61,45,138,41,49,78,128,42,57,3,121,162,126,143,160,91,1,33,124,147,196,36,44,140,92,82,23,189,81,0,85,22,26,176,46,9,35,170,95,38,139,19,20,51,149,34,194,180,4,84,67,32,72,163,25,70,65,16,190,195,113,156,71,165,184,174,8,173,18,131,110,101,59,80,100,30,134,148,11,97,58,175,151,7,191,181,68,123,142,137,158,54,52,119,187,39,107,55,14,13,111,132,89,75,129,15,135,53,183,69,159,164,90,28,155,73,99,106,136,115,152,2,161,102,86,133,76,122,116,104,125,145,56,21,108,192,40,169,182,29,154,60,177,27,43,127,96,171,141,98,114,64,79,179,47,88,5,186,199,83,153,166,24,150,10,185,62,120,197,168,17,48,63];False
1971;7452;9423;[118,172,12,22,26,178,147,3,2,130,84,117,77,112,109,24,66,157,103,105,74,188,93,31,6,149,101,61,45,138,41,49,78,128,42,57,37,121,162,126,143,160,91,1,33,124,94,196,36,182,140,92,82,23,189,81,87,85,104,20,146,193,9,144,170,95,38,139,19,46,166,0,34,194,180,123,176,67,32,72,163,25,70,65,16,190,11,113,156,71,165,184,174,8,173,18,131,110,167,59,80,100,30,134,148,195,97,58,175,151,7,191,181,68,198,142,137,158,54,52,119,187,39,107,55,14,13,111,132,89,75,4,15,135,53,183,69,159,164,90,28,155,73,99,106,136,115,152,35,161,102,86,133,76,122,116,44,125,145,56,21,108,192,40,169,129,29,154,60,177,27,43,127,96,171,141,98,114,64,79,179,47,88,5,186,199,83,153,51,50,150,10,185,62,120,197,168,17,48,63];False
1950;7534;9484;[13,111,172,132,89,103,105,7,161,112,93,82,12,181,68,97,187,43,165,193,20,188,135,53,157,119,167,61,45,182,65,125,83,128,42,57,37,121,71,162,109,23,0,101,46,124,143,41,88,104,140,17,8,24,169,75,77,85,19,26,176,116,191,149,170,95,38,139,144,51,50,56,21,92,147,3,174,67,32,72,163,25,70,74,198,173,160,190,126,106,91,184,168,31,142,78,131,110,196,59,80,100,30,134,148,2,36,58,151,175,6,1,117,11,87,66,137,158,54,52,35,138,39,107,55,14,194,102,22,195,113,129,15,9,33,183,69,159,164,94,28,155,73,99,16,136,115,152,49,130,18,86,133,76,122,146,180,108,84,4,118,156,192,40,34,123,29,154,60,177,27,185,127,47,171,141,98,114,64,79,179,96,166,5,186,199,81,153,197,189,150,10,145,62,120,178,90,44,48,63];False
2302;7188;9490;[149,123,146,118,193,109,147,37,172,12,130,117,77,112,93,184,66,157,103,105,74,188,144,31,6,87,167,61,45,138,41,49,78,128,42,57,3,121,162,126,143,160,91,1,33,124,94,196,36,44,140,92,82,23,189,81,0,85,22,26,176,46,9,178,170,95,38,139,19,20,51,50,34,194,180,4,84,67,32,72,163,25,70,65,16,190,11,113,156,71,165,2,174,8,173,18,131,110,101,59,80,100,30,134,148,195,97,58,175,151,7,191,181,68,198,142,137,158,54,52,119,187,39,107,55,14,13,111,132,89,75,129,15,135,53,183,69,159,164,90,28,155,73,99,106,136,115,152,35,161,102,86,133,76,122,116,104,125,145,56,21,108,192,40,169,182,29,154,60,177,27,43,127,96,171,141,98,114,64,79,179,47,88,5,186,199,83,153,166,24,150,10,185,62,120,197,168,17,48,63];False
1869;7622;9491;[194,180,41,22,26,178,120,3,2,130,84,117,77,112,31,29,66,157,103,105,74,188,144,118,147,0,101,61,45,138,167,172,78,128,42,57,37,121,162,126,143,160,91,1,33,124,94,196,36,182,197,92,82,23,189,81,87,85,104,20,146,193,9,93,170,95,38,139,19,50,51,149,34,127,175,123,176,67,32,72,163,25,70,65,16,190,11,113,156,71,165,184,125,8,173,18,131,110,12,59,80,100,30,134,148,195,97,58,6,151,7,191,181,68,198,142,137,158,54,52,119,187,39,107,55,14,13,111,132,89,75,4,15,135,53,183,69,159,164,90,28,155,73,99,106,136,115,152,35,161,102,86,133,76,122,116,49,46,109,56,21,108,192,40,169,129,24,154,60,177,27,43,145,96,171,141,98,114,64,79,179,47,88,5,186,199,83,153,166,174,150,10,185,62,44,140,168,17,48,63];False
1816;7728;9544;[145,180,12,22,26,178,120,3,2,130,84,175,77,112,31,29,66,157,103,105,74,188,93,118,147,0,101,61,45,138,167,172,78,128,42,57,37,121,162,126,143,160,91,1,33,124,94,196,52,182,197,92,82,23,189,81,87,85,104,20,146,193,9,144,170,95,38,139,19,194,51,149,34,127,50,123,176,67,32,72,163,25,70,65,16,190,11,113,156,71,165,184,125,8,173,18,131,110,41,59,80,100,30,134,148,195,97,58,6,151,7,191,181,68,198,142,137,158,54,36,119,187,39,107,55,14,13,111,132,89,75,4,15,135,53,183,69,159,164,90,28,155,73,99,106,136,115,152,35,161,102,86,133,76,122,116,49,46,109,56,21,108,192,40,169,129,24,154,60,177,27,43,117,96,171,141,98,114,64,79,179,47,88,5,186,199,83,153,166,174,150,10,185,62,44,140,168,17,48,63];False
1798;7744;9542;[174,180,12,22,26,178,120,3,2,130,84,117,77,112,31,29,66,157,103,105,74,188,144,118,147,0,101,61,45,138,167,172,78,128,42,57,37,121,162,126,143,160,91,1,33,124,94,196,52,182,197,92,82,23,189,81,87,85,104,20,146,193,9,93,170,95,38,139,19,194,51,149,34,127,175,123,176,67,32,72,163,25,70,65,16,190,11,113,156,71,165,184,125,8,173,18,131,110,41,59,80,100,30,134,148,195,97,58,6,151,7,191,181,68,198,142,137,158,54,36,119,187,39,107,55,14,13,111,132,89,75,4,15,135,53,183,69,159,164,90,28,155,73,99,106,136,115,152,35,161,102,86,133,76,122,116,49,46,109,56,21,108,192,40,169,129,24,154,60,177,27,43,145,96,171,141,98,114,64,79,179,47,88,5,186,199,83,153,166,50,150,10,185,62,44,140,168,17,48,63];False
2413;7142;9555;[174,149,9,190,109,31,147,193,172,12,130,117,77,112,93,184,66,157,103,105,146,188,144,118,6,87,167,61,45,138,41,49,78,128,42,57,3,121,162,126,143,160,91,1,33,124,94,196,36,44,140,92,82,23,189,81,0,85,22,26,176,46,123,178,170,95,38,139,19,20,51,50,34,194,180,4,84,67,32,72,163,25,70,65,16,37,195,113,156,71,165,2,74,8,173,18,131,110,101,59,80,100,30,134,148,11,97,58,175,151,7,191,181,68,198,142,137,158,54,52,119,187,39,107,55,14,13,111,132,89,75,129,15,135,53,183,69,159,164,90,28,155,73,99,106,136,115,152,35,161,102,86,133,76,122,116,104,125,145,56,21,108,192,40,169,182,29,154,60,177,27,43,127,96,171,141,98,114,64,79,179,47,88,5,186,199,83,153,166,24,150,10,185,62,120,197,168,17,48,63];False
1864;7619;9483;[140,180,41,22,26,178,120,3,2,130,84,117,77,112,31,29,66,157,103,105,74,188,93,118,147,0,101,61,45,138,167,172,78,128,42,57,37,121,162,126,143,160,91,1,33,124,94,196,36,182,197,92,82,23,189,81,87,85,104,20,146,193,9,144,170,95,38,139,19,194,51,149,34,127,175,123,176,67,32,72,163,25,70,65,16,190,11,113,156,71,165,184,125,8,173,18,131,110,12,59,80,100,30,134,148,195,97,58,6,151,7,191,181,68,198,142,137,158,54,52,119,187,39,107,55,14,13,111,132,89,75,4,15,135,53,183,69,159,164,90,28,155,73,99,106,136,115,152,35,161,102,86,133,76,122,116,49,46,109,56,21,108,192,40,169,129,24,154,60,177,27,43,145,96,171,141,98,114,64,79,179,47,88,5,186,199,83,153,166,174,150,10,185,62,44,50,168,17,48,63];False
1818;7710;9528;[140,180,12,22,26,178,120,3,2,130,84,117,77,112,31,29,66,157,103,105,74,188,93,118,147,0,101,61,45,138,167,172,78,128,42,57,37,121,162,126,143,160,91,1,33,124,94,196,36,182,92,197,82,23,189,81,87,85,104,20,146,193,9,144,170,95,38,139,19,194,51,149,34,127,175,123,176,67,32,72,163,25,70,65,16,190,11,113,156,71,165,184,125,8,173,18,131,110,41,59,80,100,30,134,148,195,97,58,6,151,7,191,181,68,198,142,137,158,54,52,119,187,39,107,55,14,13,111,132,89,75,4,15,135,53,183,69,159,164,90,28,155,73,99,106,136,115,152,35,161,102,86,133,76,122,116,49,46,109,56,21,108,192,40,169,129,24,154,60,177,27,43,145,96,171,141,98,114,64,79,179,47,88,5,186,199,83,153,166,174,150,10,185,62,44,50,168,17,48,63];False
1796;7755;9551;[140,180,12,22,26,178,120,3,2,130,84,117,77,112,31,29,66,157,103,105,74,188,144,118,147,0,101,61,45,138,167,172,78,128,42,57,37,121,162,126,143,160,91,1,33,124,94,196,52,182,92,197,82,23,189,81,87,85,104,20,146,193,9,93,170,95,38,139,19,194,51,149,34,127,175,123,176,67,32,72,163,25,70,65,16,190,11,113,156,71,165,184,125,8,173,18,131,110,41,59,80,100,30,134,148,195,97,58,6,151,7,191,181,68,198,142,137,158,54,36,119,187,39,107,55,14,13,111,132,89,75,4,15,135,53,183,69,159,164,90,28,155,73,99,106,136,115,152,35,161,102,86,133,76,122,116,49,46,109,56,21,108,192,40,169,129,24,154,60,177,27,43,145,96,171,141,98,114,64,79,179,47,88,5,186,199,83,153,166,174,150,10,185,62,44,50,168,17,48,63];False
2646;7123;9769;[31,87,123,190,109,147,6,193,172,12,130,117,195,112,93,184,66,157,103,105,146,188,144,118,174,149,167,61,45,138,41,49,78,128,42,57,3,121,162,126,143,160,91,1,33,124,94,196,36,44,140,92,82,23,189,81,0,85,22,26,176,46,9,178,170,95,38,139,19,20,51,50,34,194,180,4,84,67,32,72,163,25,70,65,16,37,77,113,156,71,165,2,74,8,173,18,131,110,101,59,80,100,30,134,148,11,97,58,175,151,7,191,181,68,198,142,137,158,54,52,119,187,39,107,55,14,13,111,132,89,75,129,15,135,53,183,69,159,164,90,28,155,73,99,106,136,115,152,35,161,102,86,133,76,122,116,104,125,145,56,21,108,192,40,169,182,29,154,60,177,27,43,127,96,171,141,98,114,64,79,179,47,88,5,186,199,83,153,166,24,150,10,185,62,120,197,168,17,48,63];False
2775;7121;9896;[82,145,138,190,109,74,6,193,172,12,130,117,77,112,93,46,66,157,103,105,146,188,144,31,147,87,167,61,45,123,41,49,78,128,42,57,3,121,162,126,143,160,91,1,33,124,94,196,36,44,140,92,174,23,189,81,0,85,22,26,176,149,9,178,170,95,38,139,19,20,51,50,34,194,180,4,84,67,32,72,163,25,70,65,16,37,195,113,156,71,165,2,118,8,173,18,131,110,101,59,80,100,30,134,148,11,97,58,175,151,7,191,181,68,198,142,137,158,54,52,119,187,39,107,55,14,13,111,132,89,75,129,15,135,53,183,69,159,164,90,28,155,73,99,106,136,115,152,35,161,102,86,133,76,122,116,104,125,184,56,21,108,192,40,169,182,29,154,60,177,27,43,127,96,171,141,98,114,64,79,179,47,88,5,186,199,83,153,166,24,150,10,185,62,120,197,168,17,48,63];False
1776;8570;10346;[50,49,189,122,114,3,2,129,72,105,99,73,140,178,192,10,123,17,8,94,173,18,25,120,24,197,15,9,150,143,67,60,147,65,124,142,130,22,38,21,135,14,75,151,7,153,187,127,39,107,101,76,102,53,93,27,30,134,58,86,181,82,23,12,54,158,121,168,117,98,78,110,81,52,106,118,183,83,26,79,185,148,167,61,59,36,46,5,41,133,96,157,138,45,188,87,66,126,198,159,174,1,51,29,154,156,160,71,69,190,43,128,85,164,111,88,40,37,145,139,33,13,172,195,182,109,141,35,6,56,92,194,31,171,152,57,186,113,196,89,162,146,28,74,4,97,131,0,199,62,44,34,108,20,55,155,184,161,80,137,177,169,191,11,104,180,163,170,95,91,90,125,149,32,68,63,100,116,175,165,193,16,136,144,70,19,64,103,112,84,77,115,179,176,42,47,132,166,119,48];False
2056;7324;9380;[50,172,12,22,26,178,147,3,2,130,84,117,77,112,109,118,66,157,103,105,74,188,93,31,6,87,167,61,45,138,41,49,78,128,42,57,37,121,162,126,143,160,91,1,33,124,94,196,36,182,140,92,82,23,189,81,0,85,104,46,146,193,9,144,170,95,38,139,19,20,51,149,34,194,180,123,176,67,32,72,137,25,70,65,16,190,11,113,156,71,165,184,174,8,173,18,131,110,101,59,80,100,30,134,148,195,97,58,175,151,7,191,181,68,198,142,163,158,54,52,119,187,39,107,55,14,13,111,132,89,75,4,15,135,53,183,69,159,164,90,28,155,73,99,106,136,115,152,35,161,102,86,133,76,122,116,44,125,145,56,21,108,192,40,169,129,29,154,60,177,27,43,127,96,171,141,98,114,64,79,179,47,88,5,186,199,83,153,166,24,150,10,185,62,120,197,168,17,48,63];False
2112;7291;9403;[50,102,12,22,26,93,147,3,2,130,84,117,77,112,109,118,66,157,103,105,74,188,144,31,6,87,167,61,45,138,41,49,78,128,42,57,37,121,162,126,143,160,91,1,33,124,94,196,36,182,140,92,82,23,189,81,0,85,104,20,146,193,9,178,170,95,38,139,19,46,51,149,34,194,180,123,176,67,32,72,163,25,70,65,16,190,11,113,156,71,165,184,174,8,173,18,131,110,101,59,80,100,30,134,148,195,97,137,175,151,7,191,181,68,198,142,58,158,54,52,119,187,39,107,55,14,13,111,132,89,75,4,15,135,53,183,69,159,164,90,28,155,73,99,106,136,115,152,35,161,172,86,133,76,122,116,44,125,145,56,21,108,192,40,169,129,29,154,60,177,27,43,127,96,171,141,98,114,64,79,179,47,88,5,186,199,83,153,166,24,150,10,185,62,120,197,168,17,48,63];False
2028;7380;9408;[50,172,12,22,26,178,147,3,2,130,84,175,77,112,109,118,66,157,103,105,74,188,93,31,6,87,167,61,45,138,41,49,78,128,42,57,37,121,162,126,143,160,91,1,33,124,94,196,36,182,140,92,82,23,189,46,0,85,104,20,146,193,9,144,170,95,38,139,19,81,51,149,34,194,180,123,176,67,32,72,137,25,70,65,16,190,11,113,156,71,165,184,174,8,173,18,131,110,101,59,80,100,30,134,148,195,97,58,117,151,7,191,181,68,198,142,163,158,54,52,119,187,39,107,55,14,13,111,132,89,75,4,15,135,53,183,69,159,164,90,28,155,73,99,106,136,115,152,35,161,102,86,133,76,122,116,44,125,145,56,21,108,192,40,169,129,29,154,60,177,27,43,127,96,171,141,98,114,64,79,179,47,88,5,186,199,83,153,166,24,150,10,185,62,120,197,168,17,48,63];False
2248;7202;9450;[50,198,146,4,46,109,147,3,2,130,84,117,77,112,93,118,66,157,103,105,74,188,144,31,6,87,167,61,45,138,41,49,78,128,42,57,37,121,162,126,143,160,91,1,33,124,94,196,36,44,140,92,82,23,189,81,0,85,22,26,176,193,9,178,170,95,38,139,19,20,51,149,34,194,180,172,12,67,32,72,163,25,70,65,16,190,195,113,156,71,165,184,174,8,173,18,131,110,101,59,80,100,30,134,148,11,97,58,175,151,7,191,181,68,123,142,137,158,54,52,119,187,39,107,55,14,13,111,132,89,75,129,15,135,53,183,69,159,164,90,28,155,73,99,106,136,115,152,35,161,102,86,133,76,122,116,104,125,145,56,21,108,192,40,169,182,29,154,60,177,27,43,127,96,171,141,98,114,64,79,179,47,88,5,186,199,83,153,166,24,150,10,185,62,120,197,168,17,48,63];False
2074;7318;9392;[50,172,12,22,26,178,147,3,2,130,84,117,77,112,109,118,66,157,103,105,74,188,93,31,6,0,167,61,45,138,41,49,78,128,42,57,37,121,162,126,143,160,91,1,33,124,94,196,36,182,140,92,82,23,189,81,87,85,104,20,146,193,9,144,170,95,38,139,19,46,51,149,34,194,180,123,176,67,32,72,163,25,70,65,16,190,11,113,156,71,165,184,174,8,173,18,131,110,101,59,80,100,30,134,148,195,97,58,151,175,7,191,181,68,198,142,137,158,54,52,119,187,39,107,55,14,13,111,132,89,75,4,15,135,53,183,69,159,164,90,28,155,73,99,106,136,115,152,35,161,102,86,133,76,122,116,44,125,145,56,21,108,192,40,169,129,29,154,60,177,27,43,127,96,171,141,98,114,64,79,179,47,88,5,186,199,83,153,166,24,150,10,185,62,120,197,168,17,48,63];False
1991;7445;9436;[180,172,111,132,89,103,105,7,161,35,77,85,62,181,68,36,187,43,165,193,20,188,135,53,183,174,167,61,45,182,65,125,83,128,42,57,112,71,121,162,109,23,0,93,46,146,123,41,88,104,140,17,8,24,169,75,101,147,19,26,176,116,191,149,170,95,38,139,144,51,50,56,21,92,143,3,119,67,32,72,163,25,70,74,198,173,160,190,126,106,91,184,168,31,142,78,131,110,12,59,80,100,30,134,148,11,97,58,151,175,6,1,117,2,87,66,137,158,54,52,37,138,39,107,55,14,194,102,22,195,113,129,15,9,33,13,69,159,164,90,28,155,73,99,16,136,115,152,49,130,18,86,133,76,122,82,34,108,84,4,118,156,192,40,124,94,29,154,60,177,27,185,127,47,171,141,98,114,64,79,179,96,166,5,186,199,81,153,197,189,150,10,145,196,120,178,157,44,48,63];False
2448;7135;9583;[50,198,174,118,193,109,94,37,172,12,130,117,77,112,93,178,66,157,103,105,74,188,144,31,6,87,167,61,45,138,41,49,78,128,42,57,3,121,162,126,143,160,91,1,33,124,147,196,36,44,140,92,82,23,189,81,0,85,22,26,176,46,9,35,170,95,38,139,19,20,51,149,34,194,180,4,84,67,32,72,163,25,70,65,16,190,195,113,156,71,165,184,146,8,173,18,131,110,101,59,80,100,30,134,148,11,97,58,175,151,7,191,181,68,123,142,137,158,54,52,119,187,39,107,55,14,13,111,132,89,75,129,15,135,53,183,69,159,164,90,28,155,73,99,106,136,115,152,2,161,102,86,133,76,122,116,104,125,145,56,21,108,192,40,169,182,29,154,60,177,27,43,127,96,171,141,98,114,64,79,179,47,88,5,186,199,83,153,166,24,150,10,185,62,120,197,168,17,48,63];False
1968;7473;9441;[118,172,12,22,26,178,147,3,2,130,132,117,77,112,109,24,66,157,103,105,74,188,93,31,6,149,101,61,45,138,41,49,78,128,42,57,37,121,162,126,143,160,91,1,33,124,94,196,36,182,140,92,82,23,189,81,87,85,104,20,146,193,9,144,170,95,38,139,19,46,166,0,34,194,180,123,176,67,32,72,163,25,70,65,16,190,11,113,156,71,165,184,174,8,173,18,131,110,167,59,80,100,30,134,148,195,97,58,175,151,7,191,181,68,198,142,137,158,54,52,119,187,39,107,55,14,13,111,84,89,75,4,15,135,53,183,69,159,164,90,28,155,73,99,106,136,115,152,35,161,102,86,133,76,122,116,44,125,145,56,21,108,192,40,169,129,29,154,60,177,27,43,127,96,171,141,98,114,64,79,179,47,88,5,186,199,83,153,51,50,150,10,185,62,120,197,168,17,48,63];False
1926;7548;9474;[13,111,172,132,89,103,105,7,161,112,93,82,12,181,68,97,187,43,165,193,20,188,135,53,100,119,167,61,45,182,65,125,83,128,42,57,37,121,71,162,109,23,0,101,46,124,143,41,88,104,140,17,8,24,169,75,77,85,19,26,176,116,191,149,170,95,38,139,144,51,50,56,21,92,147,3,174,67,32,72,163,25,70,74,198,173,160,190,126,106,91,184,168,31,142,78,131,110,196,59,80,157,30,134,148,2,36,58,151,175,6,1,117,11,87,66,137,158,54,52,35,138,39,107,55,14,194,102,22,195,113,129,15,9,33,183,69,159,164,94,28,155,73,99,16,136,115,152,49,130,18,86,133,76,122,146,180,108,84,4,118,156,192,40,34,123,29,154,60,177,27,185,127,47,171,141,98,114,64,79,179,96,166,5,186,199,81,153,197,189,150,10,145,62,120,178,90,44,48,63];False
2238;7201;9439;[50,123,146,118,193,109,147,37,172,12,130,117,77,112,93,184,66,157,103,105,74,188,144,31,6,87,167,61,45,138,41,49,78,128,42,57,3,121,162,126,143,160,91,1,33,124,94,196,36,44,140,92,82,23,189,81,0,85,22,26,176,46,9,178,170,95,38,139,19,20,51,149,34,194,180,4,84,67,32,72,163,25,70,65,16,190,11,113,156,71,165,2,174,8,173,18,131,110,101,59,80,100,30,134,148,195,97,58,175,151,7,191,181,68,198,142,137,158,54,52,119,187,39,107,55,14,13,111,132,89,75,129,15,135,53,183,69,159,164,90,28,155,73,99,106,136,115,152,35,161,102,86,133,76,122,116,104,125,145,56,21,108,192,40,169,182,29,154,60,177,27,43,127,96,171,141,98,114,64,79,179,47,88,5,186,199,83,153,166,24,150,10,185,62,120,197,168,17,48,63];False
1793;7730;9523;[145,180,12,22,26,178,120,3,2,130,84,117,77,112,31,29,66,157,103,105,74,188,93,118,147,0,101,61,45,138,167,172,78,128,42,57,37,121,162,126,143,160,91,1,33,124,94,196,52,182,197,92,82,23,189,81,87,85,104,20,146,193,9,144,170,95,38,139,19,194,51,149,34,127,50,123,176,67,32,72,163,25,70,65,16,190,11,113,156,71,165,184,125,8,173,18,131,110,41,59,80,100,30,134,148,195,97,58,6,151,7,191,181,68,198,142,137,158,54,36,119,187,39,107,55,14,13,111,132,89,75,4,15,135,53,183,69,159,164,90,28,155,73,99,106,136,115,152,35,161,102,86,133,76,122,116,49,46,109,56,21,108,192,40,169,129,24,154,60,177,27,43,175,96,171,141,98,114,64,79,179,47,88,5,186,199,83,153,166,174,150,10,185,62,44,140,168,17,48,63];False
2472;7133;9605;[174,87,9,190,109,31,147,193,172,12,130,117,77,112,93,184,66,157,103,105,146,188,144,118,6,149,167,61,45,138,41,49,78,128,42,57,3,121,162,126,143,160,91,1,33,124,94,196,36,44,140,92,82,23,189,81,0,85,22,26,176,46,123,178,170,95,38,139,19,20,51,50,34,194,180,4,84,67,32,72,163,25,70,65,16,37,195,113,156,71,165,2,74,8,173,18,131,110,101,59,80,100,30,134,148,11,97,58,175,151,7,191,181,68,198,142,137,158,54,52,119,187,39,107,55,14,13,111,132,89,75,129,15,135,53,183,69,159,164,90,28,155,73,99,106,136,115,152,35,161,102,86,133,76,122,116,104,125,145,56,21,108,192,40,169,182,29,154,60,177,27,43,127,96,171,141,98,114,64,79,179,47,88,5,186,199,83,153,166,24,150,10,185,62,120,197,168,17,48,63];False
1860;7626;9486;[140,180,41,22,26,178,120,3,2,130,84,117,77,112,31,29,66,157,103,105,74,188,144,118,147,0,101,61,45,138,167,172,78,128,42,57,37,121,162,126,143,160,91,1,33,124,94,196,36,182,197,92,82,23,189,81,87,85,104,20,146,193,9,93,170,95,38,139,19,194,51,149,34,127,175,123,176,67,32,72,163,25,70,65,16,190,11,113,156,71,165,184,125,8,173,18,131,110,12,59,80,100,30,134,148,195,97,58,6,151,7,191,181,68,198,142,137,158,54,52,119,187,39,107,55,14,13,111,132,89,75,4,15,135,53,183,69,159,164,90,28,155,73,99,106,136,115,152,35,161,102,86,133,76,122,116,49,46,109,56,21,108,192,40,169,129,24,154,60,177,27,43,145,96,171,141,98,114,64,79,179,47,88,5,186,199,83,153,166,174,150,10,185,62,44,50,168,17,48,63];False
1829;7675;9504;[50,180,12,22,26,178,120,3,2,130,84,117,77,112,31,29,66,157,103,105,74,188,93,118,147,0,101,61,45,138,167,172,78,128,42,57,37,121,162,126,143,160,91,1,33,124,94,196,36,182,92,197,82,23,189,81,87,85,104,20,146,193,9,144,170,95,38,139,19,194,51,149,34,127,175,123,176,67,32,72,163,25,70,65,16,190,11,113,156,71,165,184,125,8,173,18,131,110,41,59,80,100,30,134,148,195,97,58,6,151,7,191,181,68,198,142,137,158,54,52,119,187,39,107,55,14,13,111,132,89,75,4,15,135,53,183,69,159,164,90,28,155,73,99,106,136,115,152,35,161,102,86,133,76,122,116,49,46,109,56,21,108,192,40,169,129,24,154,60,177,27,43,145,96,171,141,98,114,64,79,179,47,88,5,186,199,83,153,166,174,150,10,185,62,44,140,168,17,48,63];False
2770;7114;9884;[146,87,123,190,109,147,6,193,172,12,130,117,195,112,93,184,66,157,103,105,31,188,144,118,174,149,167,61,45,138,41,49,78,128,42,57,3,121,162,126,143,160,91,1,33,124,94,196,36,44,140,92,82,23,189,81,0,85,22,26,176,46,9,178,170,95,38,139,19,20,51,50,34,194,180,4,84,67,32,72,163,25,70,65,16,37,77,113,156,71,165,2,74,8,173,18,131,110,101,59,80,100,30,134,148,11,97,58,175,151,7,191,181,68,198,142,137,158,54,52,119,187,39,107,55,14,13,111,132,89,75,129,15,135,53,183,69,159,164,90,28,155,73,99,106,136,115,152,35,161,102,86,133,76,122,116,104,125,145,56,21,108,192,40,169,182,29,154,60,177,27,43,127,96,171,141,98,114,64,79,179,47,88,5,186,199,83,153,166,24,150,10,185,62,120,197,168,17,48,63];False
1747;8573;10320;[92,49,189,122,114,3,2,129,72,105,99,73,140,178,192,10,123,17,8,94,173,18,25,120,24,197,15,9,150,143,67,60,147,65,124,142,130,22,38,21,135,14,75,151,7,153,187,127,39,107,101,76,102,53,93,27,30,134,58,86,181,82,23,12,54,158,121,168,117,98,78,110,81,52,106,118,183,83,26,79,185,148,167,61,59,36,46,5,41,133,96,157,138,45,188,87,66,126,198,159,174,1,51,29,154,156,160,71,69,190,43,128,85,164,111,88,40,37,145,139,33,13,172,195,182,109,141,35,6,56,50,194,31,171,152,57,186,113,196,89,162,146,28,74,4,97,131,0,199,62,44,34,108,20,55,155,184,161,80,137,177,169,191,11,104,180,163,170,95,91,90,125,149,32,68,63,100,116,175,165,193,16,136,144,70,19,64,103,112,84,77,115,179,176,42,47,132,166,119,48];False
2066;7318;9384;[50,172,12,22,26,178,147,3,2,130,84,117,77,112,109,118,66,157,103,105,74,188,144,31,6,87,167,61,45,138,41,49,78,128,42,57,37,121,162,126,143,160,91,1,33,124,94,196,36,182,140,92,82,23,189,81,0,85,104,46,146,193,9,93,170,95,38,139,19,20,51,149,34,194,180,123,176,67,32,72,137,25,70,65,16,190,11,113,156,71,165,184,174,8,173,18,131,110,101,59,80,100,30,134,148,195,97,58,175,151,7,191,181,68,198,142,163,158,54,52,119,187,39,107,55,14,13,111,132,89,75,4,15,135,53,183,69,159,164,90,28,155,73,99,106,136,115,152,35,161,102,86,133,76,122,116,44,125,145,56,21,108,192,40,169,129,29,154,60,177,27,43,127,96,171,141,98,114,64,79,179,47,88,5,186,199,83,153,166,24,150,10,185,62,120,197,168,17,48,63];False
2072;7295;9367;[50,172,12,22,26,93,147,3,2,130,84,117,77,112,109,118,66,157,103,105,74,188,144,31,6,87,167,61,45,138,41,49,78,128,42,57,37,121,162,126,143,160,91,1,33,124,94,196,36,182,140,92,82,23,189,81,0,85,104,20,146,193,9,178,170,95,38,139,19,46,51,149,34,194,180,123,176,67,32,72,163,25,70,65,16,190,11,113,156,71,165,184,174,8,173,18,131,110,101,59,80,100,30,134,148,195,97,137,175,151,7,191,181,68,198,142,58,158,54,52,119,187,39,107,55,14,13,111,132,89,75,4,15,135,53,183,69,159,164,90,28,155,73,99,106,136,115,152,35,161,102,86,133,76,122,116,44,125,145,56,21,108,192,40,169,129,29,154,60,177,27,43,127,96,171,141,98,114,64,79,179,47,88,5,186,199,83,153,166,24,150,10,185,62,120,197,168,17,48,63];False
2022;7401;9423;[50,172,12,22,26,178,147,3,2,130,84,175,77,112,109,118,66,157,103,105,74,188,93,31,6,87,35,61,45,138,41,49,78,128,42,57,37,121,162,126,143,160,91,1,33,124,94,196,36,182,140,92,82,23,189,46,0,85,104,20,146,193,9,144,170,95,38,139,19,81,51,149,34,194,180,123,176,67,32,72,137,25,70,65,16,190,11,113,156,71,165,184,174,8,173,18,131,110,101,59,80,100,30,134,148,195,97,58,117,151,7,191,181,68,198,142,163,158,54,52,119,187,39,107,55,14,13,111,132,89,75,4,15,135,53,183,69,159,164,90,28,155,73,99,106,136,115,152,167,161,102,86,133,76,122,116,44,125,145,56,21,108,192,40,169,129,29,154,60,177,27,43,127,96,171,141,98,114,64,79,179,47,88,5,186,199,83,153,166,24,150,10,185,62,120,197,168,17,48,63];False
1961;7479;9440;[180,172,111,132,89,103,105,7,161,35,77,85,62,181,68,36,187,43,165,193,20,188,135,53,183,174,167,61,45,182,65,125,83,128,42,57,112,71,63,162,109,23,0,93,46,146,123,41,88,104,140,17,8,24,169,75,101,147,19,26,176,116,191,149,170,95,38,139,144,51,50,56,21,92,143,3,119,67,32,72,163,25,70,74,198,173,160,190,126,106,91,184,168,31,142,78,131,110,12,59,80,100,30,134,148,11,97,58,151,175,6,1,117,2,87,66,137,158,54,52,37,138,39,107,55,14,194,102,22,195,113,129,15,9,33,13,69,159,164,90,28,155,73,99,16,136,115,152,49,130,18,86,133,76,122,82,34,108,84,4,118,156,192,40,124,94,29,154,60,177,27,185,127,47,171,141,98,114,64,79,179,96,166,5,186,199,81,153,197,189,150,10,145,196,120,178,157,44,48,121];False
2517;7129;9646;[50,198,174,37,193,109,94,118,172,12,130,117,77,112,93,178,66,157,103,105,74,188,144,31,6,87,167,61,45,138,41,49,78,128,42,57,3,121,162,126,143,160,91,1,33,124,147,196,36,44,140,92,82,23,189,81,0,85,22,26,176,46,9,35,170,95,38,139,19,20,51,149,34,194,180,4,84,67,32,72,163,25,70,65,16,190,195,113,156,71,165,184,146,8,173,18,131,110,101,59,80,100,30,134,148,11,97,58,175,151,7,191,181,68,123,142,137,158,54,52,119,187,39,107,55,14,13,111,132,89,75,129,15,135,53,183,69,159,164,90,28,155,73,99,106,136,115,152,2,161,102,86,133,76,122,116,104,125,145,56,21,108,192,40,169,182,29,154,60,177,27,43,127,96,171,141,98,114,64,79,179,47,88,5,186,199,83,153,166,24,150,10,185,62,120,197,168,17,48,63];False
1949;7534;9483;[118,172,12,22,26,178,147,3,2,130,132,117,77,112,106,24,66,157,103,105,74,188,93,31,6,149,101,61,45,138,41,49,78,128,42,57,37,121,162,126,143,160,91,1,33,124,94,196,36,182,140,92,82,23,189,81,87,85,104,20,146,193,9,144,170,95,38,139,19,46,166,0,34,194,180,123,176,67,32,72,163,25,70,65,16,190,11,113,156,71,165,184,174,8,173,18,131,110,167,59,80,100,30,134,148,195,97,58,175,151,7,191,181,68,198,142,137,158,54,52,119,187,39,107,55,14,13,111,84,89,75,4,15,135,53,183,69,159,164,90,28,155,73,99,109,136,115,152,35,161,102,86,133,76,122,116,44,125,145,56,21,108,192,40,169,129,29,154,60,177,27,43,127,96,171,141,98,114,64,79,179,47,88,5,186,199,83,153,51,50,150,10,185,62,120,197,168,17,48,63];False
1938;7519;9457;[13,111,172,132,89,103,105,7,161,35,93,82,12,181,68,97,187,43,165,193,20,188,135,53,100,119,167,61,45,182,65,125,83,128,42,57,37,121,71,162,109,23,0,101,46,124,143,41,88,104,140,17,8,24,169,75,77,85,19,26,176,116,191,149,170,95,38,139,144,51,50,56,21,92,147,3,174,67,32,72,163,25,70,74,198,173,160,190,126,106,91,184,168,31,142,78,131,110,196,59,80,157,30,134,148,2,36,58,151,175,6,1,117,11,87,66,137,158,54,52,112,138,39,107,55,14,194,102,22,195,113,129,15,9,33,183,69,159,164,94,28,155,73,99,16,136,115,152,49,130,18,86,133,76,122,146,180,108,84,4,118,156,192,40,34,123,29,154,60,177,27,185,127,47,171,141,98,114,64,79,179,96,166,5,186,199,81,153,197,189,150,10,145,62,120,178,90,44,48,63];False
2298;7181;9479;[50,198,146,118,193,109,147,37,172,12,130,117,77,112,93,184,66,157,103,105,74,188,144,31,6,87,167,61,45,138,41,49,78,128,42,57,3,121,162,126,143,160,91,1,33,124,94,196,36,44,140,92,82,23,189,81,0,85,22,26,176,46,9,178,170,95,38,139,19,20,51,149,34,194,180,4,84,67,32,72,163,25,70,65,16,190,11,113,156,71,165,2,174,8,173,18,131,110,101,59,80,100,30,134,148,195,97,58,175,151,7,191,181,68,123,142,137,158,54,52,119,187,39,107,55,14,13,111,132,89,75,129,15,135,53,183,69,159,164,90,28,155,73,99,106,136,115,152,35,161,102,86,133,76,122,116,104,125,145,56,21,108,192,40,169,182,29,154,60,177,27,43,127,96,171,141,98,114,64,79,179,47,88,5,186,199,83,153,166,24,150,10,185,62,120,197,168,17,48,63];False
1809;7720;9529;[145,75,12,22,26,178,120,3,2,130,84,117,77,112,31,29,66,157,103,105,74,188,93,118,147,0,101,61,45,138,167,172,78,128,42,57,37,121,162,126,143,160,91,1,33,124,94,196,52,182,197,92,82,23,189,81,87,85,104,20,146,193,9,144,170,95,38,139,19,194,51,149,34,127,50,123,176,67,32,72,163,25,70,65,16,190,11,113,156,71,165,184,125,8,173,18,131,110,41,59,80,100,30,134,148,195,97,58,6,151,7,191,181,68,198,142,137,158,54,36,119,187,39,107,55,14,13,111,132,89,180,4,15,135,53,183,69,159,164,90,28,155,73,99,106,136,115,152,35,161,102,86,133,76,122,116,49,46,109,56,21,108,192,40,169,129,24,154,60,177,27,43,175,96,171,141,98,114,64,79,179,47,88,5,186,199,83,153,166,174,150,10,185,62,44,140,168,17,48,63];False
2561;7125;9686;[174,144,9,190,109,31,147,193,172,12,130,117,77,112,93,184,66,157,103,105,146,188,87,118,6,149,167,61,45,138,41,49,78,128,42,57,3,121,162,126,143,160,91,1,33,124,94,196,36,44,140,92,82,23,189,81,0,85,22,26,176,46,123,178,170,95,38,139,19,20,51,50,34,194,180,4,84,67,32,72,163,25,70,65,16,37,195,113,156,71,165,2,74,8,173,18,131,110,101,59,80,100,30,134,148,11,97,58,175,151,7,191,181,68,198,142,137,158,54,52,119,187,39,107,55,14,13,111,132,89,75,129,15,135,53,183,69,159,164,90,28,155,73,99,106,136,115,152,35,161,102,86,133,76,122,116,104,125,145,56,21,108,192,40,169,182,29,154,60,177,27,43,127,96,171,141,98,114,64,79,179,47,88,5,186,199,83,153,166,24,150,10,185,62,120,197,168,17,48,63];False
1871;7591;9462;[50,180,41,22,26,178,120,3,2,130,84,117,77,112,31,29,66,157,103,105,74,188,144,118,147,0,101,61,45,138,167,172,78,128,42,57,37,121,162,126,143,160,91,1,33,124,94,196,36,182,197,92,82,23,189,81,87,85,104,20,146,193,9,93,170,95,38,139,19,194,51,149,34,127,175,123,176,67,32,72,163,25,70,65,16,190,11,113,156,71,165,184,125,8,173,18,131,110,12,59,80,100,30,134,148,195,97,58,6,151,7,191,181,68,198,142,137,158,54,52,119,187,39,107,55,14,13,111,132,89,75,4,15,135,53,183,69,159,164,90,28,155,73,99,106,136,115,152,35,161,102,86,133,76,122,116,49,46,109,56,21,108,192,40,169,129,24,154,60,177,27,43,145,96,171,141,98,114,64,79,179,47,88,5,186,199,83,153,166,174,150,10,185,62,44,140,168,17,48,63];False
1829;7671;9500;[50,172,12,22,26,178,120,3,2,130,84,117,77,112,31,29,66,157,103,105,74,188,93,118,147,0,101,61,45,138,167,180,78,128,42,57,37,121,162,126,143,160,91,1,33,124,94,196,36,182,92,197,82,23,189,81,87,85,104,20,146,193,9,144,170,95,38,139,19,194,51,149,34,127,175,123,176,67,32,72,163,25,70,65,16,190,11,113,156,71,165,184,125,8,173,18,131,110,41,59,80,100,30,134,148,195,97,58,6,151,7,191,181,68,198,142,137,158,54,52,119,187,39,107,55,14,13,111,132,89,75,4,15,135,53,183,69,159,164,90,28,155,73,99,106,136,115,152,35,161,102,86,133,76,122,116,49,46,109,56,21,108,192,40,169,129,24,154,60,177,27,43,145,96,171,141,98,114,64,79,179,47,88,5,186,199,83,153,166,174,150,10,185,62,44,140,168,17,48,63];False
2662;7119;9781;[118,87,123,190,109,147,6,193,172,12,130,117,195,112,93,184,66,157,103,105,31,188,144,146,174,149,167,61,45,138,41,49,78,128,42,57,3,121,162,126,143,160,91,1,33,124,94,196,36,44,140,92,82,23,189,81,0,85,22,26,176,46,9,178,170,95,38,139,19,20,51,50,34,194,180,4,84,67,32,72,163,25,70,65,16,37,77,113,156,71,165,2,74,8,173,18,131,110,101,59,80,100,30,134,148,11,97,58,175,151,7,191,181,68,198,142,137,158,54,52,119,187,39,107,55,14,13,111,132,89,75,129,15,135,53,183,69,159,164,90,28,155,73,99,106,136,115,152,35,161,102,86,133,76,122,116,104,125,145,56,21,108,192,40,169,182,29,154,60,177,27,43,127,96,171,141,98,114,64,79,179,47,88,5,186,199,83,153,166,24,150,10,185,62,120,197,168,17,48,63];False
1704;8561;10265;[92,189,49,122,114,3,2,129,72,105,99,73,140,178,192,10,123,17,8,94,173,18,25,120,24,197,15,9,150,143,67,60,147,65,124,142,130,22,38,21,135,14,75,151,7,153,187,127,39,107,101,76,102,53,93,27,30,134,58,86,181,82,23,12,54,158,121,168,117,98,78,110,81,52,106,118,183,83,26,79,185,148,167,61,59,36,46,5,41,133,96,157,138,45,188,87,66,126,198,159,174,1,51,29,154,156,160,71,69,190,43,128,85,164,111,88,40,37,145,139,33,13,172,195,182,109,141,35,6,56,50,194,31,171,152,57,186,113,196,89,162,146,28,74,4,97,131,0,199,62,44,34,108,20,55,155,184,161,80,137,177,169,191,11,104,180,163,170,95,91,90,125,149,32,68,63,100,116,175,165,193,16,136,144,70,19,64,103,112,84,77,115,179,176,42,47,132,166,119,48];False
2051;7366;9417;[50,172,12,22,26,178,147,3,2,130,84,117,77,112,106,118,66,157,103,105,74,188,144,31,6,87,167,61,45,138,41,49,78,128,42,57,37,121,162,126,143,160,91,1,33,124,94,196,36,182,140,92,82,23,189,81,0,85,104,46,146,193,9,93,170,95,38,139,19,20,51,149,34,194,180,123,176,67,32,72,137,25,70,65,16,190,11,113,156,71,165,184,174,8,173,18,131,110,101,59,80,100,30,134,148,195,97,58,175,151,7,191,181,68,198,142,163,158,54,52,119,187,39,107,55,14,13,111,132,89,75,4,15,135,53,183,69,159,164,90,28,155,73,99,109,136,115,152,35,161,102,86,133,76,122,116,44,125,145,56,21,108,192,40,169,129,29,154,60,177,27,43,127,96,171,141,98,114,64,79,179,47,88,5,186,199,83,153,166,24,150,10,185,62,120,197,168,17,48,63];False
2057;7310;9367;[50,172,12,22,26,178,147,3,2,130,84,117,77,112,109,118,66,157,103,105,74,188,144,31,6,87,167,61,45,138,41,49,78,128,42,57,37,121,162,126,143,160,91,1,33,124,94,196,36,182,140,92,82,23,189,81,0,85,104,20,146,193,9,93,170,95,38,139,19,46,51,149,34,194,180,123,176,67,32,72,163,25,70,65,16,190,11,113,156,71,165,184,174,8,173,18,131,110,101,59,80,100,30,134,148,195,97,137,175,151,7,191,181,68,198,142,58,158,54,52,119,187,39,107,55,14,13,111,132,89,75,4,15,135,53,183,69,159,164,90,28,155,73,99,106,136,115,152,35,161,102,86,133,76,122,116,44,125,145,56,21,108,192,40,169,129,29,154,60,177,27,43,127,96,171,141,98,114,64,79,179,47,88,5,186,199,83,153,166,24,150,10,185,62,120,197,168,17,48,63];False
2025;7388;9413;[50,172,12,22,26,178,147,3,2,130,84,117,77,112,109,118,66,157,103,105,74,188,93,31,6,87,35,61,45,138,41,49,78,128,42,57,37,121,162,126,143,160,91,1,33,124,94,196,36,182,140,92,82,23,189,46,0,85,104,20,146,193,9,144,170,95,38,139,19,81,51,149,34,194,180,123,176,67,32,72,137,25,70,65,16,190,11,113,156,71,165,184,174,8,173,18,131,110,101,59,80,100,30,134,148,195,97,58,175,151,7,191,181,68,198,142,163,158,54,52,119,187,39,107,55,14,13,111,132,89,75,4,15,135,53,183,69,159,164,90,28,155,73,99,106,136,115,152,167,161,102,86,133,76,122,116,44,125,145,56,21,108,192,40,169,129,29,154,60,177,27,43,127,96,171,141,98,114,64,79,179,47,88,5,186,199,83,153,166,24,150,10,185,62,120,197,168,17,48,63];False
1955;7510;9465;[180,172,111,192,89,103,105,7,161,35,77,85,62,181,68,36,187,43,165,193,20,188,135,53,183,174,167,61,45,182,65,125,83,128,42,57,112,71,63,162,109,23,0,93,46,146,123,41,88,104,140,17,8,24,169,75,101,147,19,26,176,116,191,149,170,95,38,139,144,51,50,56,21,92,143,3,119,67,32,72,163,25,70,74,198,173,160,190,126,106,91,184,168,31,142,78,131,110,12,59,80,100,30,134,148,11,97,58,151,175,6,1,117,2,87,66,137,158,54,52,37,138,39,107,55,14,194,102,22,195,113,129,15,9,33,13,69,159,164,90,28,155,73,99,16,136,115,152,49,130,18,86,133,76,122,82,34,108,84,4,118,156,132,40,124,94,29,154,60,177,27,185,127,47,171,141,98,114,64,79,179,96,166,5,186,199,81,153,197,189,150,10,145,196,120,178,157,44,48,121];False
2537;7122;9659;[50,198,174,6,193,109,94,118,172,12,130,117,77,112,93,178,66,157,103,105,74,188,144,31,37,87,167,61,45,138,41,49,78,128,42,57,3,121,162,126,143,160,91,1,33,124,147,196,36,44,140,92,82,23,189,81,0,85,22,26,176,46,9,35,170,95,38,139,19,20,51,149,34,194,180,4,84,67,32,72,163,25,70,65,16,190,195,113,156,71,165,184,146,8,173,18,131,110,101,59,80,100,30,134,148,11,97,58,175,151,7,191,181,68,123,142,137,158,54,52,119,187,39,107,55,14,13,111,132,89,75,129,15,135,53,183,69,159,164,90,28,155,73,99,106,136,115,152,2,161,102,86,133,76,122,116,104,125,145,56,21,108,192,40,169,182,29,154,60,177,27,43,127,96,171,141,98,114,64,79,179,47,88,5,186,199,83,153,166,24,150,10,185,62,120,197,168,17,48,63];False
1930;7538;9468;[13,111,172,132,89,103,105,7,161,35,93,82,12,181,68,97,187,43,165,193,20,188,135,53,100,119,167,61,45,182,65,125,83,128,42,57,112,121,71,162,109,23,0,101,46,124,143,41,88,104,140,17,8,24,169,75,77,85,19,26,176,116,191,149,170,95,38,139,144,51,50,56,21,92,147,3,174,67,32,72,163,25,70,74,198,173,160,190,126,106,91,184,168,31,142,78,131,110,196,59,80,157,30,134,148,2,36,58,151,175,6,1,117,11,87,66,137,158,54,52,37,138,39,107,55,14,194,102,22,195,113,129,15,9,33,183,69,159,164,94,28,155,73,99,16,136,115,152,49,130,18,86,133,76,122,146,180,108,84,4,118,156,192,40,34,123,29,154,60,177,27,185,127,47,171,141,98,114,64,79,179,96,166,5,186,199,81,153,197,189,150,10,145,62,120,178,90,44,48,63];False
2334;7169;9503;[50,198,146,118,193,109,147,37,172,12,130,117,77,112,93,184,66,157,103,105,74,188,144,31,6,2,167,61,45,138,41,49,78,128,42,57,3,121,162,126,143,160,91,1,33,124,94,196,36,44,140,92,82,23,189,81,0,85,22,26,176,46,9,178,170,95,38,139,19,20,51,149,34,194,180,4,84,67,32,72,163,25,70,65,16,190,11,113,156,71,165,87,174,8,173,18,131,110,101,59,80,100,30,134,148,195,97,58,175,151,7,191,181,68,123,142,137,158,54,52,119,187,39,107,55,14,13,111,132,89,75,129,15,135,53,183,69,159,164,90,28,155,73,99,106,136,115,152,35,161,102,86,133,76,122,116,104,125,145,56,21,108,192,40,169,182,29,154,60,177,27,43,127,96,171,141,98,114,64,79,179,47,88,5,186,199,83,153,166,24,150,10,185,62,120,197,168,17,48,63];False
1786;7798;9584;[145,179,12,22,26,178,120,3,2,130,84,117,77,112,31,29,66,157,103,105,74,188,93,118,147,0,101,61,45,138,167,172,78,128,42,57,37,121,162,126,143,160,91,1,33,124,94,196,52,182,197,92,82,23,189,81,87,85,104,20,146,193,9,144,170,95,38,139,19,194,51,149,34,127,50,123,176,67,32,72,163,25,70,65,16,190,11,113,156,71,165,184,125,8,173,18,131,110,41,59,80,100,30,134,148,195,97,58,6,151,7,191,181,68,198,142,137,158,54,36,119,187,39,107,55,14,13,111,132,89,180,4,15,135,53,183,69,159,164,90,28,155,73,99,106,136,115,152,35,161,102,86,133,76,122,116,49,46,109,56,21,108,192,40,169,129,24,154,60,177,27,43,175,96,171,141,98,114,64,79,75,47,88,5,186,199,83,153,166,174,150,10,185,62,44,140,168,17,48,63];False
1841;7659;9500;[174,180,41,22,26,178,120,3,2,130,84,117,77,112,31,29,66,157,103,105,74,188,144,118,147,0,101,61,45,138,167,172,78,128,42,57,37,121,162,126,143,160,91,1,33,124,94,196,36,182,197,92,82,23,189,81,87,85,104,20,146,193,9,93,170,95,38,139,19,194,51,149,34,127,175,123,176,67,32,72,163,25,70,65,16,190,11,113,156,71,165,184,125,8,173,18,131,110,12,59,80,100,30,134,148,195,97,58,6,151,7,191,181,68,198,142,137,158,54,52,119,187,39,107,55,14,13,111,132,89,75,4,15,135,53,183,69,159,164,90,28,155,73,99,106,136,115,152,35,161,102,86,133,76,122,116,49,46,109,56,21,108,192,40,169,129,24,154,60,177,27,43,145,96,171,141,98,114,64,79,179,47,88,5,186,199,83,153,166,50,150,10,185,62,44,140,168,17,48,63];False
1826;7692;9518;[50,172,12,22,26,178,120,3,2,130,132,117,77,112,31,29,66,157,103,105,74,188,93,118,147,0,101,61,45,138,167,180,78,128,42,57,37,121,162,126,143,160,91,1,33,124,94,196,36,182,92,197,82,23,189,81,87,85,104,20,146,193,9,144,170,95,38,139,19,194,51,149,34,127,175,123,176,67,32,72,163,25,70,65,16,190,11,113,156,71,165,184,125,8,173,18,131,110,41,59,80,100,30,134,148,195,97,58,6,151,7,191,181,68,198,142,137,158,54,52,119,187,39,107,55,14,13,111,84,89,75,4,15,135,53,183,69,159,164,90,28,155,73,99,106,136,115,152,35,161,102,86,133,76,122,116,49,46,109,56,21,108,192,40,169,129,24,154,60,177,27,43,145,96,171,141,98,114,64,79,179,47,88,5,186,199,83,153,166,174,150,10,185,62,44,140,168,17,48,63];False
2720;7112;9832;[87,118,123,190,109,147,6,193,172,12,130,117,195,112,93,184,66,157,103,105,31,188,144,146,174,149,167,61,45,138,41,49,78,128,42,57,3,121,162,126,143,160,91,1,33,124,94,196,36,44,140,92,82,23,189,81,0,85,22,26,176,46,9,178,170,95,38,139,19,20,51,50,34,194,180,4,84,67,32,72,163,25,70,65,16,37,77,113,156,71,165,2,74,8,173,18,131,110,101,59,80,100,30,134,148,11,97,58,175,151,7,191,181,68,198,142,137,158,54,52,119,187,39,107,55,14,13,111,132,89,75,129,15,135,53,183,69,159,164,90,28,155,73,99,106,136,115,152,35,161,102,86,133,76,122,116,104,125,145,56,21,108,192,40,169,182,29,154,60,177,27,43,127,96,171,141,98,114,64,79,179,47,88,5,186,199,83,153,166,24,150,10,185,62,120,197,168,17,48,63];False
2671;7113;9784;[188,87,123,190,109,147,6,193,172,12,130,117,195,112,93,184,66,157,103,105,31,118,144,146,174,149,167,61,45,138,41,49,78,128,42,57,3,121,162,126,143,160,91,1,33,124,94,196,36,44,140,92,82,23,189,81,0,85,22,26,176,46,9,178,170,95,38,139,19,20,51,50,34,194,180,4,84,67,32,72,163,25,70,65,16,37,77,113,156,71,165,2,74,8,173,18,131,110,101,59,80,100,30,134,148,11,97,58,175,151,7,191,181,68,198,142,137,158,54,52,119,187,39,107,55,14,13,111,132,89,75,129,15,135,53,183,69,159,164,90,28,155,73,99,106,136,115,152,35,161,102,86,133,76,122,116,104,125,145,56,21,108,192,40,169,182,29,154,60,177,27,43,127,96,171,141,98,114,64,79,179,47,88,5,186,199,83,153,166,24,150,10,185,62,120,197,168,17,48,63];False
1724;8558;10282;[50,189,49,122,114,3,2,129,72,105,99,73,140,178,192,10,123,17,8,94,173,18,25,120,24,197,15,9,150,143,67,60,147,65,124,142,130,22,38,21,135,14,75,151,7,153,187,127,39,107,101,76,102,53,93,27,30,134,58,86,181,82,23,12,54,158,121,168,117,98,78,110,81,52,106,118,183,83,26,79,185,148,167,61,59,36,46,5,41,133,96,157,138,45,188,87,66,126,198,159,174,1,51,29,154,156,160,71,69,190,43,128,85,164,111,88,40,37,145,139,33,13,172,195,182,109,141,35,6,56,92,194,31,171,152,57,186,113,196,89,162,146,28,74,4,97,131,0,199,62,44,34,108,20,55,155,184,161,80,137,177,169,191,11,104,180,163,170,95,91,90,125,149,32,68,63,100,116,175,165,193,16,136,144,70,19,64,103,112,84,77,115,179,176,42,47,132,166,119,48];False
2017;7377;9394;[50,172,12,22,26,178,147,3,2,130,84,117,77,112,106,118,66,157,103,105,74,188,144,31,6,87,167,61,45,138,41,49,78,128,42,57,37,121,162,126,143,160,91,1,33,124,94,196,36,182,140,92,82,23,189,81,0,85,104,46,146,193,9,93,170,95,38,139,19,20,51,149,34,194,180,123,176,67,32,72,137,25,136,65,16,190,11,113,156,71,165,184,174,8,173,18,131,110,101,59,80,100,30,134,148,195,97,58,175,151,7,191,181,68,198,142,163,158,54,52,119,187,39,107,55,14,13,111,132,89,75,4,15,135,53,183,69,159,164,90,28,155,73,99,109,70,115,152,35,161,102,86,133,76,122,116,44,125,145,56,21,108,192,40,169,129,29,154,60,177,27,43,127,96,171,141,98,114,64,79,179,47,88,5,186,199,83,153,166,24,150,10,185,62,120,197,168,17,48,63];True
2054;7331;9385;[50,172,12,22,26,178,147,3,2,130,132,117,77,112,109,118,66,157,103,105,74,188,144,31,6,87,167,61,45,138,41,49,78,128,42,57,37,121,162,126,143,160,91,1,33,124,94,196,36,182,140,92,82,23,189,81,0,85,104,20,146,193,9,93,170,95,38,139,19,46,51,149,34,194,180,123,176,67,32,72,163,25,70,65,16,190,11,113,156,71,165,184,174,8,173,18,131,110,101,59,80,100,30,134,148,195,97,137,175,151,7,191,181,68,198,142,58,158,54,52,119,187,39,107,55,14,13,111,84,89,75,4,15,135,53,183,69,159,164,90,28,155,73,99,106,136,115,152,35,161,102,86,133,76,122,116,44,125,145,56,21,108,192,40,169,129,29,154,60,177,27,43,127,96,171,141,98,114,64,79,179,47,88,5,186,199,83,153,166,24,150,10,185,62,120,197,168,17,48,63];False
1951;7516;9467;[180,172,111,192,89,103,105,7,161,35,77,85,62,181,68,36,187,43,165,193,20,188,135,53,183,174,167,61,45,182,65,125,83,128,42,57,112,71,63,162,126,23,0,93,46,146,123,41,88,104,140,17,8,24,169,75,101,147,19,26,176,116,191,149,170,95,38,139,144,51,50,56,21,92,143,3,119,67,32,72,163,25,70,74,198,173,160,190,109,106,91,184,168,31,142,78,131,110,12,59,80,100,30,134,148,11,97,58,151,175,6,1,117,2,87,66,137,158,54,52,37,138,39,107,55,14,194,102,22,195,113,129,15,9,33,13,69,159,164,90,28,155,73,99,16,136,115,152,49,130,18,86,133,76,122,82,34,108,84,4,118,156,132,40,124,94,29,154,60,177,27,185,127,47,171,141,98,114,64,79,179,96,166,5,186,199,81,153,197,189,150,10,145,196,120,178,157,44,48,121];False
2650;7120;9770;[34,198,174,6,193,109,94,118,172,12,130,117,77,112,93,178,66,157,103,105,74,188,144,31,37,87,167,61,45,138,41,49,78,128,42,57,3,121,162,126,143,160,91,1,33,124,147,196,36,44,140,92,82,23,189,81,0,85,22,26,176,46,9,35,170,95,38,139,19,20,51,149,50,194,180,4,84,67,32,72,163,25,70,65,16,190,195,113,156,71,165,184,146,8,173,18,131,110,101,59,80,100,30,134,148,11,97,58,175,151,7,191,181,68,123,142,137,158,54,52,119,187,39,107,55,14,13,111,132,89,75,129,15,135,53,183,69,159,164,90,28,155,73,99,106,136,115,152,2,161,102,86,133,76,122,116,104,125,145,56,21,108,192,40,169,182,29,154,60,177,27,43,127,96,171,141,98,114,64,79,179,47,88,5,186,199,83,153,166,24,150,10,185,62,120,197,168,17,48,63];False
1918;7568;9486;[13,111,172,132,89,103,105,7,161,35,93,82,12,181,68,97,187,43,165,193,20,188,135,53,100,119,167,61,45,182,65,125,83,128,42,57,77,121,71,162,109,23,0,101,46,124,143,41,88,104,140,17,8,24,169,75,112,85,19,26,176,116,191,149,170,95,38,139,144,51,50,56,21,92,147,3,174,67,32,72,163,25,70,74,198,173,160,190,126,106,91,184,168,31,142,78,131,110,196,59,80,157,30,134,148,2,36,58,151,175,6,1,117,11,87,66,137,158,54,52,37,138,39,107,55,14,194,102,22,195,113,129,15,9,33,183,69,159,164,94,28,155,73,99,16,136,115,152,49,130,18,86,133,76,122,146,180,108,84,4,118,156,192,40,34,123,29,154,60,177,27,185,127,47,171,141,98,114,64,79,179,96,166,5,186,199,81,153,197,189,150,10,145,62,120,178,90,44,48,63];False
2274;7189;9463;[50,123,146,118,193,109,147,37,172,12,130,117,77,112,93,184,66,157,103,105,74,188,144,31,6,2,167,61,45,138,41,49,78,128,42,57,3,121,162,126,143,160,91,1,33,124,94,196,36,44,140,92,82,23,189,81,0,85,22,26,176,46,9,178,170,95,38,139,19,20,51,149,34,194,180,4,84,67,32,72,163,25,70,65,16,190,11,113,156,71,165,87,174,8,173,18,131,110,101,59,80,100,30,134,148,195,97,58,175,151,7,191,181,68,198,142,137,158,54,52,119,187,39,107,55,14,13,111,132,89,75,129,15,135,53,183,69,159,164,90,28,155,73,99,106,136,115,152,35,161,102,86,133,76,122,116,104,125,145,56,21,108,192,40,169,182,29,154,60,177,27,43,127,96,171,141,98,114,64,79,179,47,88,5,186,199,83,153,166,24,150,10,185,62,120,197,168,17,48,63];False
1790;7789;9579;[109,179,12,22,26,178,120,3,2,130,84,117,77,112,31,29,66,157,103,105,74,188,93,118,147,0,101,61,45,138,167,172,78,128,42,57,37,121,162,126,143,160,91,1,33,124,94,196,52,182,197,92,82,23,189,81,87,85,104,20,146,193,9,144,170,95,38,139,19,194,51,149,34,127,50,123,176,67,32,72,163,25,70,65,16,190,11,113,156,71,165,184,125,8,173,18,131,110,41,59,80,100,30,134,148,195,97,58,6,151,7,191,181,68,198,142,137,158,54,36,119,187,39,107,55,14,13,111,132,89,180,4,15,135,53,183,69,159,164,90,28,155,73,99,106,136,115,152,35,161,102,86,133,76,122,116,49,46,145,56,21,108,192,40,169,129,24,154,60,177,27,43,175,96,171,141,98,114,64,79,75,47,88,5,186,199,83,153,166,174,150,10,185,62,44,140,168,17,48,63];False
1816;7706;9522;[174,180,12,22,26,178,120,3,2,130,84,117,77,112,31,29,66,157,103,105,74,188,144,118,147,0,101,61,45,138,167,172,78,128,42,57,37,121,162,126,143,160,91,1,33,124,94,196,36,182,197,92,82,23,189,81,87,85,104,20,146,193,9,93,170,95,38,139,19,194,51,149,34,127,175,123,176,67,32,72,163,25,70,65,16,190,11,113,156,71,165,184,125,8,173,18,131,110,41,59,80,100,30,134,148,195,97,58,6,151,7,191,181,68,198,142,137,158,54,52,119,187,39,107,55,14,13,111,132,89,75,4,15,135,53,183,69,159,164,90,28,155,73,99,106,136,115,152,35,161,102,86,133,76,122,116,49,46,109,56,21,108,192,40,169,129,24,154,60,177,27,43,145,96,171,141,98,114,64,79,179,47,88,5,186,199,83,153,166,50,150,10,185,62,44,140,168,17,48,63];False
1814;7711;9525;[50,172,12,22,26,178,120,3,2,130,24,117,77,112,31,29,66,157,103,105,74,188,93,118,147,0,101,61,45,138,167,180,78,128,42,57,37,121,162,126,143,160,91,1,33,124,94,196,36,182,92,197,82,23,189,81,87,85,104,20,146,193,9,144,170,95,38,139,19,194,51,149,34,127,175,123,176,67,32,72,163,25,70,65,16,190,11,113,156,71,165,184,125,8,173,18,131,110,41,59,80,100,30,134,148,195,97,58,6,151,7,191,181,68,198,142,137,158,54,52,119,187,39,107,55,14,13,111,84,89,75,4,15,135,53,183,69,159,164,90,28,155,73,99,106,136,115,152,35,161,102,86,133,76,122,116,49,46,109,56,21,108,192,40,169,129,132,154,60,177,27,43,145,96,171,141,98,114,64,79,179,47,88,5,186,199,83,153,166,174,150,10,185,62,44,140,168,17,48,63];False
2729;7103;9832;[147,118,123,190,109,87,6,193,172,12,130,117,195,112,93,184,66,157,103,105,31,188,144,146,174,149,167,61,45,138,41,49,78,128,42,57,3,121,162,126,143,160,91,1,33,124,94,196,36,44,140,92,82,23,189,81,0,85,22,26,176,46,9,178,170,95,38,139,19,20,51,50,34,194,180,4,84,67,32,72,163,25,70,65,16,37,77,113,156,71,165,2,74,8,173,18,131,110,101,59,80,100,30,134,148,11,97,58,175,151,7,191,181,68,198,142,137,158,54,52,119,187,39,107,55,14,13,111,132,89,75,129,15,135,53,183,69,159,164,90,28,155,73,99,106,136,115,152,35,161,102,86,133,76,122,116,104,125,145,56,21,108,192,40,169,182,29,154,60,177,27,43,127,96,171,141,98,114,64,79,179,47,88,5,186,199,83,153,166,24,150,10,185,62,120,197,168,17,48,63];False
2714;7104;9818;[188,184,123,190,109,147,6,193,172,12,130,117,195,112,93,87,66,157,103,105,31,118,144,146,174,149,167,61,45,138,41,49,78,128,42,57,3,121,162,126,143,160,91,1,33,124,94,196,36,44,140,92,82,23,189,81,0,85,22,26,176,46,9,178,170,95,38,139,19,20,51,50,34,194,180,4,84,67,32,72,163,25,70,65,16,37,77,113,156,71,165,2,74,8,173,18,131,110,101,59,80,100,30,134,148,11,97,58,175,151,7,191,181,68,198,142,137,158,54,52,119,187,39,107,55,14,13,111,132,89,75,129,15,135,53,183,69,159,164,90,28,155,73,99,106,136,115,152,35,161,102,86,133,76,122,116,104,125,145,56,21,108,192,40,169,182,29,154,60,177,27,43,127,96,171,141,98,114,64,79,179,47,88,5,186,199,83,153,166,24,150,10,185,62,120,197,168,17,48,63];False
1682;8578;10260;[17,189,49,122,114,3,2,129,72,105,99,73,140,178,192,10,123,50,8,94,173,18,25,120,24,197,15,9,150,143,67,60,147,65,124,142,130,22,38,21,135,14,75,151,7,153,187,127,39,107,101,76,102,53,93,27,30,134,58,86,181,82,23,12,54,158,121,168,117,98,78,110,81,52,106,118,183,83,26,79,185,148,167,61,59,36,46,5,41,133,96,157,138,45,188,87,66,126,198,159,174,1,51,29,154,156,160,71,69,190,43,128,85,164,111,88,40,37,145,139,33,13,172,195,182,109,141,35,6,56,92,194,31,171,152,57,186,113,196,89,162,146,28,74,4,97,131,0,199,62,44,34,108,20,55,155,184,161,80,137,177,169,191,11,104,180,163,170,95,91,90,125,149,32,68,63,100,116,175,165,193,16,136,144,70,19,64,103,112,84,77,115,179,176,42,47,132,166,119,48];False
2032;7362;9394;[50,172,12,22,26,93,147,3,2,130,84,117,77,112,106,118,66,157,103,105,74,188,144,31,6,87,167,61,45,138,41,49,78,128,42,57,37,121,162,126,143,160,91,1,33,124,94,196,36,182,140,92,82,23,189,81,0,85,104,46,146,193,9,178,170,95,38,139,19,20,51,149,34,194,180,123,176,67,32,72,137,25,136,65,16,190,11,113,156,71,165,184,174,8,173,18,131,110,101,59,80,100,30,134,148,195,97,58,175,151,7,191,181,68,198,142,163,158,54,52,119,187,39,107,55,14,13,111,132,89,75,4,15,135,53,183,69,159,164,90,28,155,73,99,109,70,115,152,35,161,102,86,133,76,122,116,44,125,145,56,21,108,192,40,169,129,29,154,60,177,27,43,127,96,171,141,98,114,64,79,179,47,88,5,186,199,83,153,166,24,150,10,185,62,120,197,168,17,48,63];False
2044;7337;9381;[50,172,12,22,26,178,147,3,2,130,132,117,77,112,109,118,66,157,103,105,74,188,93,31,6,87,167,61,45,138,41,49,78,128,42,57,37,121,162,126,143,160,91,1,33,124,94,196,36,182,140,92,82,23,189,81,0,85,104,20,146,193,9,144,170,95,38,139,19,46,51,149,34,194,180,123,176,67,32,72,163,25,70,65,16,190,11,113,156,71,165,184,174,8,173,18,131,110,101,59,80,100,30,134,148,195,97,137,175,151,7,191,181,68,198,142,58,158,54,52,119,187,39,107,55,14,13,111,84,89,75,4,15,135,53,183,69,159,164,90,28,155,73,99,106,136,115,152,35,161,102,86,133,76,122,116,44,125,145,56,21,108,192,40,169,129,29,154,60,177,27,43,127,96,171,141,98,114,64,79,179,47,88,5,186,199,83,153,166,24,150,10,185,62,120,197,168,17,48,63];False
1957;7485;9442;[180,172,111,132,89,103,105,7,161,35,77,85,62,181,68,36,187,43,165,193,20,188,135,53,183,174,167,61,45,182,65,125,83,128,42,57,112,71,63,162,126,23,0,93,46,146,123,41,88,104,140,17,8,24,169,75,101,147,19,26,176,116,191,149,170,95,38,139,144,51,50,56,21,92,143,3,119,67,32,72,163,25,70,74,198,173,160,190,109,106,91,184,168,31,142,78,131,110,12,59,80,100,30,134,148,11,97,58,151,175,6,1,117,2,87,66,137,158,54,52,37,138,39,107,55,14,194,102,22,195,113,129,15,9,33,13,69,159,164,90,28,155,73,99,16,136,115,152,49,130,18,86,133,76,122,82,34,108,84,4,118,156,192,40,124,94,29,154,60,177,27,185,127,47,171,141,98,114,64,79,179,96,166,5,186,199,81,153,197,189,150,10,145,196,120,178,157,44,48,121];False
2706;7111;9817;[34,198,174,10,193,109,94,118,172,12,130,117,77,112,93,178,66,157,103,105,74,188,144,31,37,87,167,61,45,138,41,49,78,128,42,57,3,121,162,126,143,160,91,1,33,124,147,196,36,44,140,92,82,23,189,81,0,85,22,26,176,46,9,35,170,95,38,139,19,20,51,149,50,194,180,4,84,67,32,72,163,25,70,65,16,190,195,113,156,71,165,184,146,8,173,18,131,110,101,59,80,100,30,134,148,11,97,58,175,151,7,191,181,68,123,142,137,158,54,52,119,187,39,107,55,14,13,111,132,89,75,129,15,135,53,183,69,159,164,90,28,155,73,99,106,136,115,152,2,161,102,86,133,76,122,116,104,125,145,56,21,108,192,40,169,182,29,154,60,177,27,43,127,96,171,141,98,114,64,79,179,47,88,5,186,199,83,153,166,24,150,6,185,62,120,197,168,17,48,63];False
1914;7574;9488;[13,111,172,132,89,103,105,7,161,35,93,82,12,181,68,97,187,43,165,193,20,188,135,53,100,119,167,61,45,182,65,125,83,128,42,57,77,121,71,162,126,23,0,101,46,124,143,41,88,104,140,17,8,24,169,75,112,85,19,26,176,116,191,149,170,95,38,139,144,51,50,56,21,92,147,3,174,67,32,72,163,25,70,74,198,173,160,190,109,106,91,184,168,31,142,78,131,110,196,59,80,157,30,134,148,2,36,58,151,175,6,1,117,11,87,66,137,158,54,52,37,138,39,107,55,14,194,102,22,195,113,129,15,9,33,183,69,159,164,94,28,155,73,99,16,136,115,152,49,130,18,86,133,76,122,146,180,108,84,4,118,156,192,40,34,123,29,154,60,177,27,185,127,47,171,141,98,114,64,79,179,96,166,5,186,199,81,153,197,189,150,10,145,62,120,178,90,44,48,63];False
2235;7208;9443;[50,123,146,118,193,109,147,37,172,12,130,117,77,112,93,184,66,157,103,105,74,188,144,31,6,2,167,61,45,138,41,49,78,128,42,57,3,121,162,126,143,160,91,1,33,124,94,196,36,46,140,92,82,23,189,81,0,85,22,26,176,44,9,178,170,95,38,139,19,20,51,149,34,194,180,4,84,67,32,72,163,25,70,65,16,190,11,113,156,71,165,87,174,8,173,18,131,110,101,59,80,100,30,134,148,195,97,58,175,151,7,191,181,68,198,142,137,158,54,52,119,187,39,107,55,14,13,111,132,89,75,129,15,135,53,183,69,159,164,90,28,155,73,99,106,136,115,152,35,161,102,86,133,76,122,116,104,125,145,56,21,108,192,40,169,182,29,154,60,177,27,43,127,96,171,141,98,114,64,79,179,47,88,5,186,199,83,153,166,24,150,10,185,62,120,197,168,17,48,63];False
1782;7789;9571;[123,179,12,22,26,178,120,3,2,130,84,117,77,112,31,29,66,157,103,105,74,188,93,118,147,0,101,61,45,138,167,172,78,128,42,57,37,121,162,126,143,160,91,1,33,124,94,196,52,182,197,92,82,23,189,81,87,85,104,20,146,193,9,144,170,95,38,139,19,194,51,149,34,127,50,109,176,67,32,72,163,25,70,65,16,190,11,113,156,71,165,184,125,8,173,18,131,110,41,59,80,100,30,134,148,195,97,58,6,151,7,191,181,68,198,142,137,158,54,36,119,187,39,107,55,14,13,111,132,89,180,4,15,135,53,183,69,159,164,90,28,155,73,99,106,136,115,152,35,161,102,86,133,76,122,116,49,46,145,56,21,108,192,40,169,129,24,154,60,177,27,43,175,96,171,141,98,114,64,79,75,47,88,5,186,199,83,153,166,174,150,10,185,62,44,140,168,17,48,63];False
1846;7638;9484;[50,180,12,22,26,178,120,3,2,130,84,117,77,112,31,29,66,157,103,105,74,188,144,118,147,0,101,61,45,138,167,172,78,128,42,57,37,121,162,126,143,160,91,1,33,124,94,196,36,182,197,92,82,23,189,81,87,85,104,20,146,193,9,93,170,95,38,139,19,194,51,149,34,127,175,123,176,67,32,72,163,25,70,65,16,190,11,113,156,71,165,184,125,8,173,18,131,110,41,59,80,100,30,134,148,195,97,58,6,151,7,191,181,68,198,142,137,158,54,52,119,187,39,107,55,14,13,111,132,89,75,4,15,135,53,183,69,159,164,90,28,155,73,99,106,136,115,152,35,161,102,86,133,76,122,116,49,46,109,56,21,108,192,40,169,129,24,154,60,177,27,43,145,96,171,141,98,114,64,79,179,47,88,5,186,199,83,153,166,174,150,10,185,62,44,140,168,17,48,63];False
1810;7718;9528;[50,172,12,22,26,178,120,3,2,130,24,117,77,112,31,29,66,157,103,105,74,188,144,118,147,0,101,61,45,138,167,180,78,128,42,57,37,121,162,126,143,160,91,1,33,124,94,196,36,182,92,197,82,23,189,81,87,85,104,20,146,193,9,93,170,95,38,139,19,194,51,149,34,127,175,123,176,67,32,72,163,25,70,65,16,190,11,113,156,71,165,184,125,8,173,18,131,110,41,59,80,100,30,134,148,195,97,58,6,151,7,191,181,68,198,142,137,158,54,52,119,187,39,107,55,14,13,111,84,89,75,4,15,135,53,183,69,159,164,90,28,155,73,99,106,136,115,152,35,161,102,86,133,76,122,116,49,46,109,56,21,108,192,40,169,129,132,154,60,177,27,43,145,96,171,141,98,114,64,79,179,47,88,5,186,199,83,153,166,174,150,10,185,62,44,140,168,17,48,63];False
2750;7099;9849;[31,118,123,190,109,87,6,193,172,12,130,117,195,112,93,184,66,157,103,105,147,188,144,146,174,149,167,61,45,138,41,49,78,128,42,57,3,121,162,126,143,160,91,1,33,124,94,196,36,44,140,92,82,23,189,81,0,85,22,26,176,46,9,178,170,95,38,139,19,20,51,50,34,194,180,4,84,67,32,72,163,25,70,65,16,37,77,113,156,71,165,2,74,8,173,18,131,110,101,59,80,100,30,134,148,11,97,58,175,151,7,191,181,68,198,142,137,158,54,52,119,187,39,107,55,14,13,111,132,89,75,129,15,135,53,183,69,159,164,90,28,155,73,99,106,136,115,152,35,161,102,86,133,76,122,116,104,125,145,56,21,108,192,40,169,182,29,154,60,177,27,43,127,96,171,141,98,114,64,79,179,47,88,5,186,199,83,153,166,24,150,10,185,62,120,197,168,17,48,63];False
2759;7098;9857;[8,184,123,190,109,147,6,193,172,12,130,117,195,112,93,87,66,157,103,105,31,118,144,146,174,149,167,61,45,138,41,49,78,128,42,57,3,121,162,126,143,160,91,1,33,124,94,196,36,44,140,92,82,23,189,81,0,85,22,26,176,46,9,178,170,95,38,139,19,20,51,50,34,194,180,4,84,67,32,72,163,25,70,65,16,37,77,113,156,71,165,2,74,188,173,18,131,110,101,59,80,100,30,134,148,11,97,58,175,151,7,191,181,68,198,142,137,158,54,52,119,187,39,107,55,14,13,111,132,89,75,129,15,135,53,183,69,159,164,90,28,155,73,99,106,136,115,152,35,161,102,86,133,76,122,116,104,125,145,56,21,108,192,40,169,182,29,154,60,177,27,43,127,96,171,141,98,114,64,79,179,47,88,5,186,199,83,153,166,24,150,10,185,62,120,197,168,17,48,63];False
1775;8551;10326;[8,189,49,122,114,3,2,129,72,105,99,73,140,178,192,10,123,50,17,94,173,18,25,120,24,197,15,9,150,143,67,60,147,65,124,142,130,22,38,21,135,14,75,151,7,153,187,127,39,107,101,76,102,53,93,27,30,134,58,86,181,82,23,12,54,158,121,168,117,98,78,110,81,52,106,118,183,83,26,79,185,148,167,61,59,36,46,5,41,133,96,157,138,45,188,87,66,126,198,159,174,1,51,29,154,156,160,71,69,190,43,128,85,164,111,88,40,37,145,139,33,13,172,195,182,109,141,35,6,56,92,194,31,171,152,57,186,113,196,89,162,146,28,74,4,97,131,0,199,62,44,34,108,20,55,155,184,161,80,137,177,169,191,11,104,180,163,170,95,91,90,125,149,32,68,63,100,116,175,165,193,16,136,144,70,19,64,103,112,84,77,115,179,176,42,47,132,166,119,48];False
2029;7375;9404;[50,172,12,22,26,93,147,3,2,130,84,175,77,112,106,118,66,157,103,105,74,188,144,31,6,87,167,61,45,138,41,49,78,128,42,57,37,121,162,126,143,160,91,1,33,124,94,196,36,182,140,92,82,23,189,81,0,85,104,46,146,193,9,178,170,95,38,139,19,20,51,149,34,194,180,123,176,67,32,72,137,25,136,65,16,190,11,113,156,71,165,184,174,8,173,18,131,110,101,59,80,100,30,134,148,195,97,58,117,151,7,191,181,68,198,142,163,158,54,52,119,187,39,107,55,14,13,111,132,89,75,4,15,135,53,183,69,159,164,90,28,155,73,99,109,70,115,152,35,161,102,86,133,76,122,116,44,125,145,56,21,108,192,40,169,129,29,154,60,177,27,43,127,96,171,141,98,114,64,79,179,47,88,5,186,199,83,153,166,24,150,10,185,62,120,197,168,17,48,63];False
2047;7316;9363;[50,172,12,22,26,178,147,3,2,130,84,117,77,112,109,118,66,157,103,105,74,188,93,31,6,87,167,61,45,138,41,49,78,128,42,57,37,121,162,126,143,160,91,1,33,124,94,196,36,182,140,92,82,23,189,81,0,85,104,20,146,193,9,144,170,95,38,139,19,46,51,149,34,194,180,123,176,67,32,72,163,25,70,65,16,190,11,113,156,71,165,184,174,8,173,18,131,110,101,59,80,100,30,134,148,195,97,137,175,151,7,191,181,68,198,142,58,158,54,52,119,187,39,107,55,14,13,111,132,89,75,4,15,135,53,183,69,159,164,90,28,155,73,99,106,136,115,152,35,161,102,86,133,76,122,116,44,125,145,56,21,108,192,40,169,129,29,154,60,177,27,43,127,96,171,141,98,114,64,79,179,47,88,5,186,199,83,153,166,24,150,10,185,62,120,197,168,17,48,63];True
1987;7451;9438;[180,172,111,132,89,103,105,7,161,35,77,85,62,181,68,36,187,43,165,193,20,188,135,53,183,174,167,61,45,182,65,125,83,128,42,57,112,71,121,162,126,23,0,93,46,146,123,41,88,104,140,17,8,24,169,75,101,147,19,26,176,116,191,149,170,95,38,139,144,51,50,56,21,92,143,3,119,67,32,72,163,25,70,74,198,173,160,190,109,106,91,184,168,31,142,78,131,110,12,59,80,100,30,134,148,11,97,58,151,175,6,1,117,2,87,66,137,158,54,52,37,138,39,107,55,14,194,102,22,195,113,129,15,9,33,13,69,159,164,90,28,155,73,99,16,136,115,152,49,130,18,86,133,76,122,82,34,108,84,4,118,156,192,40,124,94,29,154,60,177,27,185,127,47,171,141,98,114,64,79,179,96,166,5,186,199,81,153,197,189,150,10,145,196,120,178,157,44,48,63];False
2593;7113;9706;[50,198,174,10,193,109,94,118,172,12,130,117,77,112,93,178,66,157,103,105,74,188,144,31,37,87,167,61,45,138,41,49,78,128,42,57,3,121,162,126,143,160,91,1,33,124,147,196,36,44,140,92,82,23,189,81,0,85,22,26,176,46,9,35,170,95,38,139,19,20,51,149,34,194,180,4,84,67,32,72,163,25,70,65,16,190,195,113,156,71,165,184,146,8,173,18,131,110,101,59,80,100,30,134,148,11,97,58,175,151,7,191,181,68,123,142,137,158,54,52,119,187,39,107,55,14,13,111,132,89,75,129,15,135,53,183,69,159,164,90,28,155,73,99,106,136,115,152,2,161,102,86,133,76,122,116,104,125,145,56,21,108,192,40,169,182,29,154,60,177,27,43,127,96,171,141,98,114,64,79,179,47,88,5,186,199,83,153,166,24,150,6,185,62,120,197,168,17,48,63];False
1926;7544;9470;[13,111,172,132,89,103,105,7,161,35,93,82,12,181,68,97,187,43,165,193,20,188,135,53,100,119,167,61,45,182,65,125,83,128,42,57,112,121,71,162,126,23,0,101,46,124,143,41,88,104,140,17,8,24,169,75,77,85,19,26,176,116,191,149,170,95,38,139,144,51,50,56,21,92,147,3,174,67,32,72,163,25,70,74,198,173,160,190,109,106,91,184,168,31,142,78,131,110,196,59,80,157,30,134,148,2,36,58,151,175,6,1,117,11,87,66,137,158,54,52,37,138,39,107,55,14,194,102,22,195,113,129,15,9,33,183,69,159,164,94,28,155,73,99,16,136,115,152,49,130,18,86,133,76,122,146,180,108,84,4,118,156,192,40,34,123,29,154,60,177,27,185,127,47,171,141,98,114,64,79,179,96,166,5,186,199,81,153,197,189,150,10,145,62,120,178,90,44,48,63];False
2295;7188;9483;[50,198,146,118,193,109,147,37,172,12,130,117,77,112,93,184,66,157,103,105,74,188,144,31,6,2,167,61,45,138,41,49,78,128,42,57,3,121,162,126,143,160,91,1,33,124,94,196,36,46,140,92,82,23,189,81,0,85,22,26,176,44,9,178,170,95,38,139,19,20,51,149,34,194,180,4,84,67,32,72,163,25,70,65,16,190,11,113,156,71,165,87,174,8,173,18,131,110,101,59,80,100,30,134,148,195,97,58,175,151,7,191,181,68,123,142,137,158,54,52,119,187,39,107,55,14,13,111,132,89,75,129,15,135,53,183,69,159,164,90,28,155,73,99,106,136,115,152,35,161,102,86,133,76,122,116,104,125,145,56,21,108,192,40,169,182,29,154,60,177,27,43,127,96,171,141,98,114,64,79,179,47,88,5,186,199,83,153,166,24,150,10,185,62,120,197,168,17,48,63];False
1777;7817;9594;[185,179,12,22,26,178,120,3,2,130,84,117,77,112,31,29,66,157,103,105,74,188,93,118,147,0,101,61,45,138,167,172,78,128,42,57,37,121,162,126,143,160,91,1,33,124,94,196,52,182,197,92,82,23,189,81,87,85,104,20,146,193,9,144,170,95,38,139,19,194,51,149,34,127,50,109,176,67,32,72,163,25,70,65,16,190,11,113,156,71,165,184,125,8,173,18,131,110,41,59,80,100,30,134,148,195,97,58,6,151,7,191,181,68,198,142,137,158,54,36,119,187,39,107,55,14,13,111,132,89,180,4,15,135,53,183,69,159,164,90,28,155,73,99,106,136,115,152,35,161,102,86,133,76,122,116,49,46,145,56,21,108,192,40,169,129,24,154,60,177,27,43,175,96,171,141,98,114,64,79,75,47,88,5,186,199,83,153,166,174,150,10,123,62,44,140,168,17,48,63];False
1846;7634;9480;[50,172,12,22,26,178,120,3,2,130,84,117,77,112,31,29,66,157,103,105,74,188,144,118,147,0,101,61,45,138,167,180,78,128,42,57,37,121,162,126,143,160,91,1,33,124,94,196,36,182,197,92,82,23,189,81,87,85,104,20,146,193,9,93,170,95,38,139,19,194,51,149,34,127,175,123,176,67,32,72,163,25,70,65,16,190,11,113,156,71,165,184,125,8,173,18,131,110,41,59,80,100,30,134,148,195,97,58,6,151,7,191,181,68,198,142,137,158,54,52,119,187,39,107,55,14,13,111,132,89,75,4,15,135,53,183,69,159,164,90,28,155,73,99,106,136,115,152,35,161,102,86,133,76,122,116,49,46,109,56,21,108,192,40,169,129,24,154,60,177,27,43,145,96,171,141,98,114,64,79,179,47,88,5,186,199,83,153,166,174,150,10,185,62,44,140,168,17,48,63];False
1792;7756;9548;[50,172,12,22,26,178,120,3,2,130,24,117,77,112,31,29,66,157,103,105,74,188,144,118,147,0,101,61,45,138,167,180,78,128,42,57,37,121,162,126,143,160,91,1,33,124,94,196,52,182,92,197,82,23,189,81,87,85,104,20,146,193,9,93,170,95,38,139,19,194,51,149,34,127,175,123,176,67,32,72,163,25,70,65,16,190,11,113,156,71,165,184,125,8,173,18,131,110,41,59,80,100,30,134,148,195,97,58,6,151,7,191,181,68,198,142,137,158,54,36,119,187,39,107,55,14,13,111,84,89,75,4,15,135,53,183,69,159,164,90,28,155,73,99,106,136,115,152,35,161,102,86,133,76,122,116,49,46,109,56,21,108,192,40,169,129,132,154,60,177,27,43,145,96,171,141,98,114,64,79,179,47,88,5,186,199,83,153,166,174,150,10,185,62,44,140,168,17,48,63];False
2752;7091;9843;[146,118,123,190,109,87,6,193,172,12,130,117,195,112,93,184,66,157,103,105,147,188,144,31,174,149,167,61,45,138,41,49,78,128,42,57,3,121,162,126,143,160,91,1,33,124,94,196,36,44,140,92,82,23,189,81,0,85,22,26,176,46,9,178,170,95,38,139,19,20,51,50,34,194,180,4,84,67,32,72,163,25,70,65,16,37,77,113,156,71,165,2,74,8,173,18,131,110,101,59,80,100,30,134,148,11,97,58,175,151,7,191,181,68,198,142,137,158,54,52,119,187,39,107,55,14,13,111,132,89,75,129,15,135,53,183,69,159,164,90,28,155,73,99,106,136,115,152,35,161,102,86,133,76,122,116,104,125,145,56,21,108,192,40,169,182,29,154,60,177,27,43,127,96,171,141,98,114,64,79,179,47,88,5,186,199,83,153,166,24,150,10,185,62,120,197,168,17,48,63];False
1707;8560;10267;[8,189,49,122,114,3,2,129,72,105,99,73,140,178,192,10,123,17,50,94,173,18,25,120,24,197,15,9,150,143,67,60,147,65,124,142,130,22,38,21,135,14,75,151,7,153,187,127,39,107,101,76,102,53,93,27,30,134,58,86,181,82,23,12,54,158,121,168,117,98,78,110,81,52,106,118,183,83,26,79,185,148,167,61,59,36,46,5,41,133,96,157,138,45,188,87,66,126,198,159,174,1,51,29,154,156,160,71,69,190,43,128,85,164,111,88,40,37,145,139,33,13,172,195,182,109,141,35,6,56,92,194,31,171,152,57,186,113,196,89,162,146,28,74,4,97,131,0,199,62,44,34,108,20,55,155,184,161,80,137,177,169,191,11,104,180,163,170,95,91,90,125,149,32,68,63,100,116,175,165,193,16,136,144,70,19,64,103,112,84,77,115,179,176,42,47,132,166,119,48];False
2014;7390;9404;[50,172,12,22,26,178,147,3,2,130,84,175,77,112,106,118,66,157,103,105,74,188,144,31,6,87,167,61,45,138,41,49,78,128,42,57,37,121,162,126,143,160,91,1,33,124,94,196,36,182,140,92,82,23,189,81,0,85,104,46,146,193,9,93,170,95,38,139,19,20,51,149,34,194,180,123,176,67,32,72,137,25,136,65,16,190,11,113,156,71,165,184,174,8,173,18,131,110,101,59,80,100,30,134,148,195,97,58,117,151,7,191,181,68,198,142,163,158,54,52,119,187,39,107,55,14,13,111,132,89,75,4,15,135,53,183,69,159,164,90,28,155,73,99,109,70,115,152,35,161,102,86,133,76,122,116,44,125,145,56,21,108,192,40,169,129,29,154,60,177,27,43,127,96,171,141,98,114,64,79,179,47,88,5,186,199,83,153,166,24,150,10,185,62,120,197,168,17,48,63];False
2030;7369;9399;[50,172,12,22,26,178,147,3,2,130,84,117,77,112,109,24,66,157,103,105,74,188,93,31,6,87,167,61,45,138,41,49,78,128,42,57,37,121,162,126,143,160,91,1,33,124,94,196,36,182,140,92,82,23,189,81,0,85,104,20,146,193,9,144,170,95,38,139,19,46,51,149,34,194,180,123,176,67,32,72,163,25,70,65,16,190,11,113,156,71,165,184,174,8,173,18,131,110,101,59,80,100,30,134,148,195,97,137,175,151,7,191,181,68,198,142,58,158,54,52,119,187,39,107,55,14,13,111,132,89,75,4,15,135,53,183,69,159,164,90,28,155,73,99,106,136,115,152,35,161,102,86,133,76,122,116,44,125,145,56,21,108,192,40,169,129,29,154,60,177,27,43,127,96,171,141,98,114,64,79,179,47,88,5,186,199,83,153,166,118,150,10,185,62,120,197,168,17,48,63];False
1964;7477;9441;[180,172,111,132,89,103,105,7,161,35,77,85,62,181,68,36,187,43,165,193,20,188,135,53,183,174,167,61,45,182,65,125,83,128,42,57,112,71,121,162,126,23,0,93,46,146,123,41,88,104,140,17,8,24,169,75,101,147,19,26,176,116,191,149,170,95,38,139,144,50,51,56,21,92,143,3,119,67,32,72,163,25,70,74,198,173,160,190,109,106,91,184,168,31,142,78,131,110,12,59,80,100,30,134,148,11,97,58,151,175,6,1,117,2,87,66,137,158,54,52,37,138,39,107,55,14,194,102,22,195,113,129,15,9,33,13,69,159,164,90,28,155,73,99,16,136,115,152,49,130,18,86,133,76,122,82,34,108,84,4,118,156,192,40,124,94,29,154,60,177,27,185,127,47,171,141,98,114,64,79,179,96,166,5,186,199,81,153,197,189,150,10,145,196,120,178,157,44,48,63];False
2607;7112;9719;[50,198,174,3,193,109,94,118,172,12,130,117,77,112,93,178,66,157,103,105,74,188,144,31,37,87,167,61,45,138,41,49,78,128,42,57,10,121,162,126,143,160,91,1,33,124,147,196,36,44,140,92,82,23,189,81,0,85,22,26,176,46,9,35,170,95,38,139,19,20,51,149,34,194,180,4,84,67,32,72,163,25,70,65,16,190,195,113,156,71,165,184,146,8,173,18,131,110,101,59,80,100,30,134,148,11,97,58,175,151,7,191,181,68,123,142,137,158,54,52,119,187,39,107,55,14,13,111,132,89,75,129,15,135,53,183,69,159,164,90,28,155,73,99,106,136,115,152,2,161,102,86,133,76,122,116,104,125,145,56,21,108,192,40,169,182,29,154,60,177,27,43,127,96,171,141,98,114,64,79,179,47,88,5,186,199,83,153,166,24,150,6,185,62,120,197,168,17,48,63];False
1924;7535;9459;[13,111,172,132,89,103,105,7,161,35,93,82,12,181,68,97,187,43,165,193,20,188,135,53,100,119,167,61,45,182,65,125,83,128,42,57,148,121,71,162,126,23,0,101,46,124,143,41,88,104,140,17,8,24,169,75,77,85,19,26,176,116,191,149,170,95,38,139,144,51,50,56,21,92,147,3,174,67,32,72,163,25,70,74,198,173,160,190,109,106,91,184,168,31,142,78,131,110,196,59,80,157,30,134,112,2,36,58,151,175,6,1,117,11,87,66,137,158,54,52,37,138,39,107,55,14,194,102,22,195,113,129,15,9,33,183,69,159,164,94,28,155,73,99,16,136,115,152,49,130,18,86,133,76,122,146,180,108,84,4,118,156,192,40,34,123,29,154,60,177,27,185,127,47,171,141,98,114,64,79,179,96,166,5,186,199,81,153,197,189,150,10,145,62,120,178,90,44,48,63];False
2311;7177;9488;[50,198,146,118,193,109,147,37,172,12,130,117,77,112,93,184,66,157,103,105,74,188,144,31,6,2,167,61,45,138,41,49,78,128,42,57,3,121,162,126,143,160,91,1,33,124,94,196,36,46,140,92,82,23,189,81,0,85,22,26,176,44,9,178,170,95,38,139,65,20,51,149,34,194,180,4,84,67,32,72,163,25,70,19,16,190,11,113,156,71,165,87,174,8,173,18,131,110,101,59,80,100,30,134,148,195,97,58,175,151,7,191,181,68,123,142,137,158,54,52,119,187,39,107,55,14,13,111,132,89,75,129,15,135,53,183,69,159,164,90,28,155,73,99,106,136,115,152,35,161,102,86,133,76,122,116,104,125,145,56,21,108,192,40,169,182,29,154,60,177,27,43,127,96,171,141,98,114,64,79,179,47,88,5,186,199,83,153,166,24,150,10,185,62,120,197,168,17,48,63];False
1771;7864;9635;[136,179,12,22,26,178,120,3,2,130,84,117,77,112,31,29,66,157,103,105,74,188,93,118,147,0,101,61,45,138,167,172,78,128,42,57,37,121,162,126,143,160,91,1,33,124,94,196,52,182,197,92,82,23,189,81,87,85,104,20,146,193,9,144,170,95,38,139,19,194,51,149,34,127,50,109,176,67,32,72,163,25,70,65,16,190,11,113,156,71,165,184,125,8,173,18,131,110,41,59,80,100,30,134,148,195,97,58,6,151,7,191,181,68,198,142,137,158,54,36,119,187,39,107,55,14,13,111,132,89,180,4,15,135,53,183,69,159,164,90,28,155,73,99,106,185,115,152,35,161,102,86,133,76,122,116,49,46,145,56,21,108,192,40,169,129,24,154,60,177,27,43,175,96,171,141,98,114,64,79,75,47,88,5,186,199,83,153,166,174,150,10,123,62,44,140,168,17,48,63];False
1843;7655;9498;[50,172,12,22,26,178,120,3,2,130,132,117,77,112,31,29,66,157,103,105,74,188,144,118,147,0,101,61,45,138,167,180,78,128,42,57,37,121,162,126,143,160,91,1,33,124,94,196,36,182,197,92,82,23,189,81,87,85,104,20,146,193,9,93,170,95,38,139,19,194,51,149,34,127,175,123,176,67,32,72,163,25,70,65,16,190,11,113,156,71,165,184,125,8,173,18,131,110,41,59,80,100,30,134,148,195,97,58,6,151,7,191,181,68,198,142,137,158,54,52,119,187,39,107,55,14,13,111,84,89,75,4,15,135,53,183,69,159,164,90,28,155,73,99,106,136,115,152,35,161,102,86,133,76,122,116,49,46,109,56,21,108,192,40,169,129,24,154,60,177,27,43,145,96,171,141,98,114,64,79,179,47,88,5,186,199,83,153,166,174,150,10,185,62,44,140,168,17,48,63];False
1783;7777;9560;[50,172,12,22,26,178,120,3,2,190,24,117,77,112,31,29,66,157,103,105,74,188,144,118,147,0,101,61,45,138,167,180,78,128,42,57,37,121,162,126,143,160,91,1,33,124,94,196,52,182,92,197,82,23,189,81,87,85,104,20,146,193,9,93,170,95,38,139,19,194,51,149,34,127,175,123,176,67,32,72,163,25,70,65,16,130,11,113,156,71,165,184,125,8,173,18,131,110,41,59,80,100,30,134,148,195,97,58,6,151,7,191,181,68,198,142,137,158,54,36,119,187,39,107,55,14,13,111,84,89,75,4,15,135,53,183,69,159,164,90,28,155,73,99,106,136,115,152,35,161,102,86,133,76,122,116,49,46,109,56,21,108,192,40,169,129,132,154,60,177,27,43,145,96,171,141,98,114,64,79,179,47,88,5,186,199,83,153,166,174,150,10,185,62,44,140,168,17,48,63];False
2640;7104;9744;[147,118,123,190,109,87,6,193,172,12,130,117,195,112,93,184,66,157,103,105,146,188,144,31,174,149,167,61,45,138,41,49,78,128,42,57,3,121,162,126,143,160,91,1,33,124,94,196,36,44,140,92,82,23,189,81,0,85,22,26,176,46,9,178,170,95,38,139,19,20,51,50,34,194,180,4,84,67,32,72,163,25,70,65,16,37,77,113,156,71,165,2,74,8,173,18,131,110,101,59,80,100,30,134,148,11,97,58,175,151,7,191,181,68,198,142,137,158,54,52,119,187,39,107,55,14,13,111,132,89,75,129,15,135,53,183,69,159,164,90,28,155,73,99,106,136,115,152,35,161,102,86,133,76,122,116,104,125,145,56,21,108,192,40,169,182,29,154,60,177,27,43,127,96,171,141,98,114,64,79,179,47,88,5,186,199,83,153,166,24,150,10,185,62,120,197,168,17,48,63];False
1767;8550;10317;[53,189,49,122,114,3,2,129,72,105,99,73,140,178,192,10,123,17,50,94,173,18,25,120,24,197,15,9,150,143,67,60,147,65,124,142,130,22,38,21,135,14,75,151,7,153,187,127,39,107,101,76,102,8,93,27,30,134,58,86,181,82,23,12,54,158,121,168,117,98,78,110,81,52,106,118,183,83,26,79,185,148,167,61,59,36,46,5,41,133,96,157,138,45,188,87,66,126,198,159,174,1,51,29,154,156,160,71,69,190,43,128,85,164,111,88,40,37,145,139,33,13,172,195,182,109,141,35,6,56,92,194,31,171,152,57,186,113,196,89,162,146,28,74,4,97,131,0,199,62,44,34,108,20,55,155,184,161,80,137,177,169,191,11,104,180,163,170,95,91,90,125,149,32,68,63,100,116,175,165,193,16,136,144,70,19,64,103,112,84,77,115,179,176,42,47,132,166,119,48];False
2004;7396;9400;[50,172,12,22,26,178,147,3,2,130,84,175,77,112,106,118,66,157,103,105,74,188,93,31,6,87,167,61,45,138,41,49,78,128,42,57,37,121,162,126,143,160,91,1,33,124,94,196,36,182,140,92,82,23,189,81,0,85,104,46,146,193,9,144,170,95,38,139,19,20,51,149,34,194,180,123,176,67,32,72,137,25,136,65,16,190,11,113,156,71,165,184,174,8,173,18,131,110,101,59,80,100,30,134,148,195,97,58,117,151,7,191,181,68,198,142,163,158,54,52,119,187,39,107,55,14,13,111,132,89,75,4,15,135,53,183,69,159,164,90,28,155,73,99,109,70,115,152,35,161,102,86,133,76,122,116,44,125,145,56,21,108,192,40,169,129,29,154,60,177,27,43,127,96,171,141,98,114,64,79,179,47,88,5,186,199,83,153,166,24,150,10,185,62,120,197,168,17,48,63];True
1989;7405;9394;[118,172,12,22,26,178,147,3,2,130,84,117,77,112,109,24,66,157,103,105,74,188,93,31,6,87,167,61,45,138,41,49,78,128,42,57,37,121,162,126,143,160,91,1,33,124,94,196,36,182,140,92,82,23,189,81,0,85,104,20,146,193,9,144,170,95,38,139,19,46,51,149,34,194,180,123,176,67,32,72,163,25,70,65,16,190,11,113,156,71,165,184,174,8,173,18,131,110,101,59,80,100,30,134,148,195,97,137,175,151,7,191,181,68,198,142,58,158,54,52,119,187,39,107,55,14,13,111,132,89,75,4,15,135,53,183,69,159,164,90,28,155,73,99,106,136,115,152,35,161,102,86,133,76,122,116,44,125,145,56,21,108,192,40,169,129,29,154,60,177,27,43,127,96,171,141,98,114,64,79,179,47,88,5,186,199,83,153,166,50,150,10,185,62,120,197,168,17,48,63];False
1934;7511;9445;[180,172,111,132,89,103,105,7,161,35,77,85,62,181,68,36,187,43,165,193,20,188,135,53,183,174,167,61,45,182,65,125,83,128,42,57,112,71,63,162,126,23,0,93,46,146,123,41,88,104,140,17,8,24,169,75,101,147,19,26,176,116,191,149,170,95,38,139,144,50,51,56,21,92,143,3,119,67,32,72,163,25,70,74,198,173,160,190,109,106,91,184,168,31,142,78,131,110,12,59,80,100,30,134,148,11,97,58,151,175,6,1,117,2,87,66,137,158,54,52,37,138,39,107,55,14,194,102,22,195,113,129,15,9,33,13,69,159,164,90,28,155,73,99,16,136,115,152,49,130,18,86,133,76,122,82,34,108,84,4,118,156,192,40,124,94,29,154,60,177,27,185,127,47,171,141,98,114,64,79,179,96,166,5,186,199,81,153,197,189,150,10,145,196,120,178,157,44,48,121];False
2597;7101;9698;[50,198,174,3,193,109,8,118,172,12,130,117,77,112,93,178,66,157,103,105,74,188,144,31,37,87,167,61,45,138,41,49,78,128,42,57,10,121,162,126,143,160,91,1,33,124,147,196,36,44,140,92,82,23,189,81,0,85,22,26,176,46,9,35,170,95,38,139,19,20,51,149,34,194,180,4,84,67,32,72,163,25,70,65,16,190,195,113,156,71,165,184,146,94,173,18,131,110,101,59,80,100,30,134,148,11,97,58,175,151,7,191,181,68,123,142,137,158,54,52,119,187,39,107,55,14,13,111,132,89,75,129,15,135,53,183,69,159,164,90,28,155,73,99,106,136,115,152,2,161,102,86,133,76,122,116,104,125,145,56,21,108,192,40,169,182,29,154,60,177,27,43,127,96,171,141,98,114,64,79,179,47,88,5,186,199,83,153,166,24,150,6,185,62,120,197,168,17,48,63];False
1917;7542;9459;[13,111,172,132,89,103,105,7,161,35,93,82,12,181,68,97,187,43,165,193,20,188,135,53,100,119,167,61,45,182,65,125,83,128,42,134,148,121,71,162,126,23,0,101,46,124,143,41,88,104,140,17,8,24,169,75,77,85,19,26,176,116,191,149,170,95,38,139,144,51,50,56,21,92,147,3,174,67,32,72,163,25,70,74,198,173,160,190,109,106,91,184,168,31,142,78,131,110,196,59,80,157,30,57,112,2,36,58,151,175,6,1,117,11,87,66,137,158,54,52,37,138,39,107,55,14,194,102,22,195,113,129,15,9,33,183,69,159,164,94,28,155,73,99,16,136,115,152,49,130,18,86,133,76,122,146,180,108,84,4,118,156,192,40,34,123,29,154,60,177,27,185,127,47,171,141,98,114,64,79,179,96,166,5,186,199,81,153,197,189,150,10,145,62,120,178,90,44,48,63];False
2251;7197;9448;[50,123,146,118,193,109,147,37,172,12,130,117,77,112,93,184,66,157,103,105,74,188,144,31,6,2,167,61,45,138,41,49,78,128,42,57,3,121,162,126,143,160,91,1,33,124,94,196,36,46,140,92,82,23,189,81,0,85,22,26,176,44,9,178,170,95,38,139,65,20,51,149,34,194,180,4,84,67,32,72,163,25,70,19,16,190,11,113,156,71,165,87,174,8,173,18,131,110,101,59,80,100,30,134,148,195,97,58,175,151,7,191,181,68,198,142,137,158,54,52,119,187,39,107,55,14,13,111,132,89,75,129,15,135,53,183,69,159,164,90,28,155,73,99,106,136,115,152,35,161,102,86,133,76,122,116,104,125,145,56,21,108,192,40,169,182,29,154,60,177,27,43,127,96,171,141,98,114,64,79,179,47,88,5,186,199,83,153,166,24,150,10,185,62,120,197,168,17,48,63];False
1759;7904;9663;[182,179,12,22,26,178,120,3,2,130,84,117,77,112,31,29,66,157,103,105,74,188,93,118,147,0,101,61,45,138,167,172,78,128,42,57,37,121,162,126,143,160,91,1,33,124,94,196,52,136,197,92,82,23,189,81,87,85,104,20,146,193,9,144,170,95,38,139,19,194,51,149,34,127,50,109,176,67,32,72,163,25,70,65,16,190,11,113,156,71,165,184,125,8,173,18,131,110,41,59,80,100,30,134,148,195,97,58,6,151,7,191,181,68,198,142,137,158,54,36,119,187,39,107,55,14,13,111,132,89,180,4,15,135,53,183,69,159,164,90,28,155,73,99,106,185,115,152,35,161,102,86,133,76,122,116,49,46,145,56,21,108,192,40,169,129,24,154,60,177,27,43,175,96,171,141,98,114,64,79,75,47,88,5,186,199,83,153,166,174,150,10,123,62,44,140,168,17,48,63];False
1825;7693;9518;[50,172,12,22,26,178,120,3,2,130,132,117,77,112,31,29,66,157,103,105,74,188,144,118,147,0,101,61,45,138,167,180,78,128,42,57,37,121,162,126,143,160,91,1,33,124,94,196,52,182,197,92,82,23,189,81,87,85,104,20,146,193,9,93,170,95,38,139,19,194,51,149,34,127,175,123,176,67,32,72,163,25,70,65,16,190,11,113,156,71,165,184,125,8,173,18,131,110,41,59,80,100,30,134,148,195,97,58,6,151,7,191,181,68,198,142,137,158,54,36,119,187,39,107,55,14,13,111,84,89,75,4,15,135,53,183,69,159,164,90,28,155,73,99,106,136,115,152,35,161,102,86,133,76,122,116,49,46,109,56,21,108,192,40,169,129,24,154,60,177,27,43,145,96,171,141,98,114,64,79,179,47,88,5,186,199,83,153,166,174,150,10,185,62,44,140,168,17,48,63];False
1770;7810;9580;[50,172,12,22,26,178,120,3,136,190,24,117,77,112,31,29,66,157,103,105,74,188,144,118,147,0,101,61,45,138,167,180,78,128,42,57,37,121,162,126,143,160,91,1,33,124,94,196,52,182,92,197,82,23,189,81,87,85,104,20,146,193,9,93,170,95,38,139,19,194,51,149,34,127,175,123,176,67,32,72,163,25,70,65,16,130,11,113,156,71,165,184,125,8,173,18,131,110,41,59,80,100,30,134,148,195,97,58,6,151,7,191,181,68,198,142,137,158,54,36,119,187,39,107,55,14,13,111,84,89,75,4,15,135,53,183,69,159,164,90,28,155,73,99,106,2,115,152,35,161,102,86,133,76,122,116,49,46,109,56,21,108,192,40,169,129,132,154,60,177,27,43,145,96,171,141,98,114,64,79,179,47,88,5,186,199,83,153,166,174,150,10,185,62,44,140,168,17,48,63];False
2007;7383;9390;[50,172,12,22,26,178,147,3,2,130,84,117,77,112,106,118,66,157,103,105,74,188,93,31,6,87,167,61,45,138,41,49,78,128,42,57,37,121,162,126,143,160,91,1,33,124,94,196,36,182,140,92,82,23,189,81,0,85,104,46,146,193,9,144,170,95,38,139,19,20,51,149,34,194,180,123,176,67,32,72,137,25,136,65,16,190,11,113,156,71,165,184,174,8,173,18,131,110,101,59,80,100,30,134,148,195,97,58,175,151,7,191,181,68,198,142,163,158,54,52,119,187,39,107,55,14,13,111,132,89,75,4,15,135,53,183,69,159,164,90,28,155,73,99,109,70,115,152,35,161,102,86,133,76,122,116,44,125,145,56,21,108,192,40,169,129,29,154,60,177,27,43,127,96,171,141,98,114,64,79,179,47,88,5,186,199,83,153,166,24,150,10,185,62,120,197,168,17,48,63];True
1986;7426;9412;[118,172,12,22,26,178,147,3,2,130,132,117,77,112,109,24,66,157,103,105,74,188,93,31,6,87,167,61,45,138,41,49,78,128,42,57,37,121,162,126,143,160,91,1,33,124,94,196,36,182,140,92,82,23,189,81,0,85,104,20,146,193,9,144,170,95,38,139,19,46,51,149,34,194,180,123,176,67,32,72,163,25,70,65,16,190,11,113,156,71,165,184,174,8,173,18,131,110,101,59,80,100,30,134,148,195,97,137,175,151,7,191,181,68,198,142,58,158,54,52,119,187,39,107,55,14,13,111,84,89,75,4,15,135,53,183,69,159,164,90,28,155,73,99,106,136,115,152,35,161,102,86,133,76,122,116,44,125,145,56,21,108,192,40,169,129,29,154,60,177,27,43,127,96,171,141,98,114,64,79,179,47,88,5,186,199,83,153,166,50,150,10,185,62,120,197,168,17,48,63];False
1942;7508;9450;[180,111,172,132,89,103,105,7,161,35,77,85,62,181,68,36,187,43,165,193,20,188,135,53,183,174,167,61,45,182,65,125,83,128,42,57,112,71,63,162,126,23,0,93,46,146,123,41,88,104,140,17,8,24,169,75,101,147,19,26,176,116,191,149,170,95,38,139,144,50,51,56,21,92,143,3,119,67,32,72,163,25,70,74,198,173,160,190,109,106,91,184,168,31,142,78,131,110,12,59,80,100,30,134,148,11,97,58,151,175,6,1,117,2,87,66,137,158,54,52,37,138,39,107,55,14,194,102,22,195,113,129,15,9,33,13,69,159,164,90,28,155,73,99,16,136,115,152,49,130,18,86,133,76,122,82,34,108,84,4,118,156,192,40,124,94,29,154,60,177,27,185,127,47,171,141,98,114,64,79,179,96,166,5,186,199,81,153,197,189,150,10,145,196,120,178,157,44,48,121];False
2734;7099;9833;[92,198,174,3,193,109,8,118,172,12,130,117,77,112,93,178,66,157,103,105,74,188,144,31,37,87,167,61,45,138,41,49,78,128,42,57,10,121,162,126,143,160,91,1,33,124,147,196,36,44,140,50,82,23,189,81,0,85,22,26,176,46,9,35,170,95,38,139,19,20,51,149,34,194,180,4,84,67,32,72,163,25,70,65,16,190,195,113,156,71,165,184,146,94,173,18,131,110,101,59,80,100,30,134,148,11,97,58,175,151,7,191,181,68,123,142,137,158,54,52,119,187,39,107,55,14,13,111,132,89,75,129,15,135,53,183,69,159,164,90,28,155,73,99,106,136,115,152,2,161,102,86,133,76,122,116,104,125,145,56,21,108,192,40,169,182,29,154,60,177,27,43,127,96,171,141,98,114,64,79,179,47,88,5,186,199,83,153,166,24,150,6,185,62,120,197,168,17,48,63];False
1921;7536;9457;[13,111,172,132,89,103,105,7,161,35,93,82,12,181,68,97,187,43,165,193,20,188,135,53,100,119,167,61,45,182,65,125,83,128,42,134,148,121,71,162,109,23,0,101,46,124,143,41,88,104,140,17,8,24,169,75,77,85,19,26,176,116,191,149,170,95,38,139,144,51,50,56,21,92,147,3,174,67,32,72,163,25,70,74,198,173,160,190,126,106,91,184,168,31,142,78,131,110,196,59,80,157,30,57,112,2,36,58,151,175,6,1,117,11,87,66,137,158,54,52,37,138,39,107,55,14,194,102,22,195,113,129,15,9,33,183,69,159,164,94,28,155,73,99,16,136,115,152,49,130,18,86,133,76,122,146,180,108,84,4,118,156,192,40,34,123,29,154,60,177,27,185,127,47,171,141,98,114,64,79,179,96,166,5,186,199,81,153,197,189,150,10,145,62,120,178,90,44,48,63];False
2309;7172;9481;[50,123,146,118,44,109,147,37,172,12,130,117,77,112,93,184,66,157,103,105,74,188,144,31,6,2,167,61,45,138,41,49,78,128,42,57,3,121,162,126,143,160,91,1,33,124,94,196,36,46,140,92,82,23,189,81,0,85,22,26,176,193,9,178,170,95,38,139,65,20,51,149,34,194,180,4,84,67,32,72,163,25,70,19,16,190,11,113,156,71,165,87,174,8,173,18,131,110,101,59,80,100,30,134,148,195,97,58,175,151,7,191,181,68,198,142,137,158,54,52,119,187,39,107,55,14,13,111,132,89,75,129,15,135,53,183,69,159,164,90,28,155,73,99,106,136,115,152,35,161,102,86,133,76,122,116,104,125,145,56,21,108,192,40,169,182,29,154,60,177,27,43,127,96,171,141,98,114,64,79,179,47,88,5,186,199,83,153,166,24,150,10,185,62,120,197,168,17,48,63];False
1757;7932;9689;[51,179,12,22,26,178,120,3,2,130,84,117,77,112,31,29,66,157,103,105,74,188,93,118,147,0,101,61,45,138,167,172,78,128,42,57,37,121,162,126,143,160,91,1,33,124,94,196,52,136,197,92,82,23,189,81,87,85,104,20,146,193,9,144,170,95,38,139,19,194,182,149,34,127,50,109,176,67,32,72,163,25,70,65,16,190,11,113,156,71,165,184,125,8,173,18,131,110,41,59,80,100,30,134,148,195,97,58,6,151,7,191,181,68,198,142,137,158,54,36,119,187,39,107,55,14,13,111,132,89,180,4,15,135,53,183,69,159,164,90,28,155,73,99,106,185,115,152,35,161,102,86,133,76,122,116,49,46,145,56,21,108,192,40,169,129,24,154,60,177,27,43,175,96,171,141,98,114,64,79,75,47,88,5,186,199,83,153,166,174,150,10,123,62,44,140,168,17,48,63];False
1828;7672;9500;[50,172,12,22,26,178,120,3,2,130,84,117,77,112,31,29,66,157,103,105,74,188,144,118,147,0,101,61,45,138,167,180,78,128,42,57,37,121,162,126,143,160,91,1,33,124,94,196,52,182,197,92,82,23,189,81,87,85,104,20,146,193,9,93,170,95,38,139,19,194,51,149,34,127,175,123,176,67,32,72,163,25,70,65,16,190,11,113,156,71,165,184,125,8,173,18,131,110,41,59,80,100,30,134,148,195,97,58,6,151,7,191,181,68,198,142,137,158,54,36,119,187,39,107,55,14,13,111,132,89,75,4,15,135,53,183,69,159,164,90,28,155,73,99,106,136,115,152,35,161,102,86,133,76,122,116,49,46,109,56,21,108,192,40,169,129,24,154,60,177,27,43,145,96,171,141,98,114,64,79,179,47,88,5,186,199,83,153,166,174,150,10,185,62,44,140,168,17,48,63];False
1760;7882;9642;[50,172,12,22,26,178,120,3,136,190,24,117,77,112,31,29,66,157,103,90,74,188,144,118,147,0,101,61,45,138,167,180,78,128,42,57,37,121,162,126,143,160,91,1,33,124,94,196,52,182,92,197,82,23,189,81,87,85,104,20,146,193,9,93,170,95,38,139,19,194,51,149,34,127,175,123,176,67,32,72,163,25,70,65,16,130,11,113,156,71,165,184,125,8,173,18,131,110,41,59,80,100,30,134,148,195,97,58,6,151,7,191,181,68,198,142,137,158,54,36,119,187,39,107,55,14,13,111,84,89,75,4,15,135,53,183,69,159,164,105,28,155,73,99,106,2,115,152,35,161,102,86,133,76,122,116,49,46,109,56,21,108,192,40,169,129,132,154,60,177,27,43,145,96,171,141,98,114,64,79,179,47,88,5,186,199,83,153,166,174,150,10,185,62,44,140,168,17,48,63];False
1988;7403;9391;[50,172,12,22,26,178,147,3,2,130,84,117,77,112,106,118,66,157,103,105,74,188,93,31,6,0,167,61,45,138,41,49,78,128,42,57,37,121,162,126,143,160,91,1,33,124,94,196,36,182,140,92,82,23,189,81,87,85,104,46,146,193,9,144,170,95,38,139,19,20,51,149,34,194,180,123,176,67,32,72,137,25,136,65,16,190,11,113,156,71,165,184,174,8,173,18,131,110,101,59,80,100,30,134,148,195,97,58,175,151,7,191,181,68,198,142,163,158,54,52,119,187,39,107,55,14,13,111,132,89,75,4,15,135,53,183,69,159,164,90,28,155,73,99,109,70,115,152,35,161,102,86,133,76,122,116,44,125,145,56,21,108,192,40,169,129,29,154,60,177,27,43,127,96,171,141,98,114,64,79,179,47,88,5,186,199,83,153,166,24,150,10,185,62,120,197,168,17,48,63];True
1967;7446;9413;[118,172,12,22,26,178,147,3,2,130,132,117,77,112,109,24,66,157,103,105,74,188,93,31,6,0,167,61,45,138,41,49,78,128,42,57,37,121,162,126,143,160,91,1,33,124,94,196,36,182,140,92,82,23,189,81,87,85,104,20,146,193,9,144,170,95,38,139,19,46,51,149,34,194,180,123,176,67,32,72,163,25,70,65,16,190,11,113,156,71,165,184,174,8,173,18,131,110,101,59,80,100,30,134,148,195,97,137,175,151,7,191,181,68,198,142,58,158,54,52,119,187,39,107,55,14,13,111,84,89,75,4,15,135,53,183,69,159,164,90,28,155,73,99,106,136,115,152,35,161,102,86,133,76,122,116,44,125,145,56,21,108,192,40,169,129,29,154,60,177,27,43,127,96,171,141,98,114,64,79,179,47,88,5,186,199,83,153,166,50,150,10,185,62,120,197,168,17,48,63];False
1927;7530;9457;[123,111,172,132,89,103,105,7,161,35,77,85,62,181,68,36,187,43,165,193,20,188,135,53,183,174,167,61,45,182,65,125,83,128,42,57,112,71,63,162,126,23,0,93,46,146,180,41,88,104,140,17,8,24,169,75,101,147,19,26,176,116,191,149,170,95,38,139,144,50,51,56,21,92,143,3,119,67,32,72,163,25,70,74,198,173,160,190,109,106,91,184,168,31,142,78,131,110,12,59,80,100,30,134,148,11,97,58,151,175,6,1,117,2,87,66,137,158,54,52,37,138,39,107,55,14,194,102,22,195,113,129,15,9,33,13,69,159,164,90,28,155,73,99,16,136,115,152,49,130,18,86,133,76,122,82,34,108,84,4,118,156,192,40,124,94,29,154,60,177,27,185,127,47,171,141,98,114,64,79,179,96,166,5,186,199,81,153,197,189,150,10,145,196,120,178,157,44,48,121];False
2720;7100;9820;[92,198,174,10,193,109,8,118,172,12,130,117,77,112,93,178,66,157,103,105,74,188,144,31,37,87,167,61,45,138,41,49,78,128,42,57,3,121,162,126,143,160,91,1,33,124,147,196,36,44,140,50,82,23,189,81,0,85,22,26,176,46,9,35,170,95,38,139,19,20,51,149,34,194,180,4,84,67,32,72,163,25,70,65,16,190,195,113,156,71,165,184,146,94,173,18,131,110,101,59,80,100,30,134,148,11,97,58,175,151,7,191,181,68,123,142,137,158,54,52,119,187,39,107,55,14,13,111,132,89,75,129,15,135,53,183,69,159,164,90,28,155,73,99,106,136,115,152,2,161,102,86,133,76,122,116,104,125,145,56,21,108,192,40,169,182,29,154,60,177,27,43,127,96,171,141,98,114,64,79,179,47,88,5,186,199,83,153,166,24,150,6,185,62,120,197,168,17,48,63];False
1928;7529;9457;[13,111,172,132,89,103,105,7,161,35,93,82,12,181,68,97,187,43,165,193,20,188,135,53,100,119,167,61,45,182,65,125,83,128,42,57,148,121,71,162,109,23,0,101,46,124,143,41,88,104,140,17,8,24,169,75,77,85,19,26,176,116,191,149,170,95,38,139,144,51,50,56,21,92,147,3,174,67,32,72,163,25,70,74,198,173,160,190,126,106,91,184,168,31,142,78,131,110,196,59,80,157,30,134,112,2,36,58,151,175,6,1,117,11,87,66,137,158,54,52,37,138,39,107,55,14,194,102,22,195,113,129,15,9,33,183,69,159,164,94,28,155,73,99,16,136,115,152,49,130,18,86,133,76,122,146,180,108,84,4,118,156,192,40,34,123,29,154,60,177,27,185,127,47,171,141,98,114,64,79,179,96,166,5,186,199,81,153,197,189,150,10,145,62,120,178,90,44,48,63];False
2369;7152;9521;[50,198,146,118,44,109,147,37,172,12,130,117,77,112,93,184,66,157,103,105,74,188,144,31,6,2,167,61,45,138,41,49,78,128,42,57,3,121,162,126,143,160,91,1,33,124,94,196,36,46,140,92,82,23,189,81,0,85,22,26,176,193,9,178,170,95,38,139,65,20,51,149,34,194,180,4,84,67,32,72,163,25,70,19,16,190,11,113,156,71,165,87,174,8,173,18,131,110,101,59,80,100,30,134,148,195,97,58,175,151,7,191,181,68,123,142,137,158,54,52,119,187,39,107,55,14,13,111,132,89,75,129,15,135,53,183,69,159,164,90,28,155,73,99,106,136,115,152,35,161,102,86,133,76,122,116,104,125,145,56,21,108,192,40,169,182,29,154,60,177,27,43,127,96,171,141,98,114,64,79,179,47,88,5,186,199,83,153,166,24,150,10,185,62,120,197,168,17,48,63];False
1748;8000;9748;[175,179,12,22,26,178,120,3,2,130,84,117,77,112,31,29,66,157,103,105,74,188,93,118,147,0,101,61,45,138,167,172,78,128,42,57,37,121,162,126,143,160,91,1,33,124,94,196,52,136,197,92,82,23,189,81,87,85,104,20,146,193,9,144,170,95,38,139,19,194,182,149,34,127,50,109,176,67,32,72,163,25,70,65,16,190,11,113,156,71,165,184,125,8,173,18,131,110,41,59,80,100,30,134,148,195,97,58,6,151,7,191,181,68,198,142,137,158,54,36,119,187,39,107,55,14,13,111,132,89,180,4,15,135,53,183,69,159,164,90,28,155,73,99,106,185,115,152,35,161,102,86,133,76,122,116,49,46,145,56,21,108,192,40,169,129,24,154,60,177,27,43,51,96,171,141,98,114,64,79,75,47,88,5,186,199,83,153,166,174,150,10,123,62,44,140,168,17,48,63];False
1832;7665;9497;[50,172,12,22,26,178,120,3,2,130,84,117,77,112,31,29,66,157,103,105,74,188,93,118,147,0,101,61,45,138,167,180,78,128,42,57,37,121,162,126,143,160,91,1,33,124,94,196,52,182,197,92,82,23,189,81,87,85,104,20,146,193,9,144,170,95,38,139,19,194,51,149,34,127,175,123,176,67,32,72,163,25,70,65,16,190,11,113,156,71,165,184,125,8,173,18,131,110,41,59,80,100,30,134,148,195,97,58,6,151,7,191,181,68,198,142,137,158,54,36,119,187,39,107,55,14,13,111,132,89,75,4,15,135,53,183,69,159,164,90,28,155,73,99,106,136,115,152,35,161,102,86,133,76,122,116,49,46,109,56,21,108,192,40,169,129,24,154,60,177,27,43,145,96,171,141,98,114,64,79,179,47,88,5,186,199,83,153,166,174,150,10,185,62,44,140,168,17,48,63];False
1764;7875;9639;[50,172,12,22,26,178,120,3,136,190,24,117,77,112,31,29,66,157,103,90,74,188,93,118,147,0,101,61,45,138,167,180,78,128,42,57,37,121,162,126,143,160,91,1,33,124,94,196,52,182,92,197,82,23,189,81,87,85,104,20,146,193,9,144,170,95,38,139,19,194,51,149,34,127,175,123,176,67,32,72,163,25,70,65,16,130,11,113,156,71,165,184,125,8,173,18,131,110,41,59,80,100,30,134,148,195,97,58,6,151,7,191,181,68,198,142,137,158,54,36,119,187,39,107,55,14,13,111,84,89,75,4,15,135,53,183,69,159,164,105,28,155,73,99,106,2,115,152,35,161,102,86,133,76,122,116,49,46,109,56,21,108,192,40,169,129,132,154,60,177,27,43,145,96,171,141,98,114,64,79,179,47,88,5,186,199,83,153,166,174,150,10,185,62,44,140,168,17,48,63];False
1985;7424;9409;[50,172,12,22,26,178,147,3,2,130,132,117,77,112,106,118,66,157,103,105,74,188,93,31,6,0,167,61,45,138,41,49,78,128,42,57,37,121,162,126,143,160,91,1,33,124,94,196,36,182,140,92,82,23,189,81,87,85,104,46,146,193,9,144,170,95,38,139,19,20,51,149,34,194,180,123,176,67,32,72,137,25,136,65,16,190,11,113,156,71,165,184,174,8,173,18,131,110,101,59,80,100,30,134,148,195,97,58,175,151,7,191,181,68,198,142,163,158,54,52,119,187,39,107,55,14,13,111,84,89,75,4,15,135,53,183,69,159,164,90,28,155,73,99,109,70,115,152,35,161,102,86,133,76,122,116,44,125,145,56,21,108,192,40,169,129,29,154,60,177,27,43,127,96,171,141,98,114,64,79,179,47,88,5,186,199,83,153,166,24,150,10,185,62,120,197,168,17,48,63];False
1970;7425;9395;[118,172,12,22,26,178,147,3,2,130,84,117,77,112,109,24,66,157,103,105,74,188,93,31,6,0,167,61,45,138,41,49,78,128,42,57,37,121,162,126,143,160,91,1,33,124,94,196,36,182,140,92,82,23,189,81,87,85,104,20,146,193,9,144,170,95,38,139,19,46,51,149,34,194,180,123,176,67,32,72,163,25,70,65,16,190,11,113,156,71,165,184,174,8,173,18,131,110,101,59,80,100,30,134,148,195,97,137,175,151,7,191,181,68,198,142,58,158,54,52,119,187,39,107,55,14,13,111,132,89,75,4,15,135,53,183,69,159,164,90,28,155,73,99,106,136,115,152,35,161,102,86,133,76,122,116,44,125,145,56,21,108,192,40,169,129,29,154,60,177,27,43,127,96,171,141,98,114,64,79,179,47,88,5,186,199,83,153,166,50,150,10,185,62,120,197,168,17,48,63];False
1912;7578;9490;[123,111,172,132,89,103,105,7,161,35,77,85,62,181,68,36,187,43,165,193,20,188,135,53,183,174,167,61,45,182,65,125,83,128,42,49,112,71,63,162,126,23,0,93,46,146,180,41,88,104,140,17,8,24,169,75,101,147,19,26,176,116,191,149,170,95,38,139,144,50,51,56,21,92,143,3,119,67,32,72,163,25,70,74,198,173,160,190,109,106,91,184,168,31,142,78,131,110,12,59,80,100,30,134,148,11,97,58,151,175,6,1,117,2,87,66,137,158,54,52,37,138,39,107,55,14,194,102,22,195,113,129,15,9,33,13,69,159,164,90,28,155,73,99,16,136,115,152,57,130,18,86,133,76,122,82,34,108,84,4,118,156,192,40,124,94,29,154,60,177,27,185,127,47,171,141,98,114,64,79,179,96,166,5,186,199,81,153,197,189,150,10,145,196,120,178,157,44,48,121];False
2583;7102;9685;[50,198,174,10,193,109,8,118,172,12,130,117,77,112,93,178,66,157,103,105,74,188,144,31,37,87,167,61,45,138,41,49,78,128,42,57,3,121,162,126,143,160,91,1,33,124,147,196,36,44,140,92,82,23,189,81,0,85,22,26,176,46,9,35,170,95,38,139,19,20,51,149,34,194,180,4,84,67,32,72,163,25,70,65,16,190,195,113,156,71,165,184,146,94,173,18,131,110,101,59,80,100,30,134,148,11,97,58,175,151,7,191,181,68,123,142,137,158,54,52,119,187,39,107,55,14,13,111,132,89,75,129,15,135,53,183,69,159,164,90,28,155,73,99,106,136,115,152,2,161,102,86,133,76,122,116,104,125,145,56,21,108,192,40,169,182,29,154,60,177,27,43,127,96,171,141,98,114,64,79,179,47,88,5,186,199,83,153,166,24,150,6,185,62,120,197,168,17,48,63];False
1912;7556;9468;[13,111,172,132,89,103,105,7,161,35,93,82,12,181,68,97,187,43,165,193,20,188,135,53,100,119,167,61,45,182,65,125,83,128,42,57,148,121,71,162,109,23,0,101,46,145,143,41,88,104,140,17,8,24,169,75,77,85,19,26,176,116,191,149,170,95,38,139,144,51,50,56,21,92,147,3,174,67,32,72,163,25,70,74,198,173,160,190,126,106,91,184,168,31,142,78,131,110,196,59,80,157,30,134,112,2,36,58,151,175,6,1,117,11,87,66,137,158,54,52,37,138,39,107,55,14,194,102,22,195,113,129,15,9,33,183,69,159,164,94,28,155,73,99,16,136,115,152,49,130,18,86,133,76,122,146,180,108,84,4,118,156,192,40,34,123,29,154,60,177,27,185,127,47,171,141,98,114,64,79,179,96,166,5,186,199,81,153,197,189,150,10,124,62,120,178,90,44,48,63];False
2411;7139;9550;[50,198,146,118,109,44,147,37,172,12,130,117,77,112,93,184,66,157,103,105,74,188,144,31,6,2,167,61,45,138,41,49,78,128,42,57,3,121,162,126,143,160,91,1,33,124,94,196,36,46,140,92,82,23,189,81,0,85,22,26,176,193,9,178,170,95,38,139,65,20,51,149,34,194,180,4,84,67,32,72,163,25,70,19,16,190,11,113,156,71,165,87,174,8,173,18,131,110,101,59,80,100,30,134,148,195,97,58,175,151,7,191,181,68,123,142,137,158,54,52,119,187,39,107,55,14,13,111,132,89,75,129,15,135,53,183,69,159,164,90,28,155,73,99,106,136,115,152,35,161,102,86,133,76,122,116,104,125,145,56,21,108,192,40,169,182,29,154,60,177,27,43,127,96,171,141,98,114,64,79,179,47,88,5,186,199,83,153,166,24,150,10,185,62,120,197,168,17,48,63];False
1747;8029;9776;[28,179,12,22,26,178,120,3,2,130,84,117,77,112,31,29,66,157,103,105,74,188,93,118,147,0,101,61,45,138,167,172,78,128,42,57,37,121,162,126,143,160,91,1,33,124,94,196,52,136,197,92,82,23,189,81,87,85,104,20,146,193,9,144,170,95,38,139,19,194,182,149,34,127,50,109,176,67,32,72,163,25,70,65,16,190,11,113,156,71,165,184,125,8,173,18,131,110,41,59,80,100,30,134,148,195,97,58,6,151,7,191,181,68,198,142,137,158,54,36,119,187,39,107,55,14,13,111,132,89,180,4,15,135,53,183,69,159,164,90,175,155,73,99,106,185,115,152,35,161,102,86,133,76,122,116,49,46,145,56,21,108,192,40,169,129,24,154,60,177,27,43,51,96,171,141,98,114,64,79,75,47,88,5,186,199,83,153,166,174,150,10,123,62,44,140,168,17,48,63];False
1850;7627;9477;[50,172,12,22,26,178,120,3,2,130,84,117,77,112,31,29,66,157,103,105,74,188,93,118,147,0,101,61,45,138,167,180,78,128,42,57,37,121,162,126,143,160,91,1,33,124,94,196,36,182,197,92,82,23,189,81,87,85,104,20,146,193,9,144,170,95,38,139,19,194,51,149,34,127,175,123,176,67,32,72,163,25,70,65,16,190,11,113,156,71,165,184,125,8,173,18,131,110,41,59,80,100,30,134,148,195,97,58,6,151,7,191,181,68,198,142,137,158,54,52,119,187,39,107,55,14,13,111,132,89,75,4,15,135,53,183,69,159,164,90,28,155,73,99,106,136,115,152,35,161,102,86,133,76,122,116,49,46,109,56,21,108,192,40,169,129,24,154,60,177,27,43,145,96,171,141,98,114,64,79,179,47,88,5,186,199,83,153,166,174,150,10,185,62,44,140,168,17,48,63];False
1774;7803;9577;[50,172,12,22,26,178,120,3,136,190,24,117,77,112,31,29,66,157,103,105,74,188,93,118,147,0,101,61,45,138,167,180,78,128,42,57,37,121,162,126,143,160,91,1,33,124,94,196,52,182,92,197,82,23,189,81,87,85,104,20,146,193,9,144,170,95,38,139,19,194,51,149,34,127,175,123,176,67,32,72,163,25,70,65,16,130,11,113,156,71,165,184,125,8,173,18,131,110,41,59,80,100,30,134,148,195,97,58,6,151,7,191,181,68,198,142,137,158,54,36,119,187,39,107,55,14,13,111,84,89,75,4,15,135,53,183,69,159,164,90,28,155,73,99,106,2,115,152,35,161,102,86,133,76,122,116,49,46,109,56,21,108,192,40,169,129,132,154,60,177,27,43,145,96,171,141,98,114,64,79,179,47,88,5,186,199,83,153,166,174,150,10,185,62,44,140,168,17,48,63];False
1960;7469;9429;[50,172,12,22,26,178,147,3,2,130,132,117,77,112,106,118,66,157,103,105,74,188,93,31,6,0,101,61,45,138,41,49,78,128,42,57,37,121,162,126,143,160,91,1,33,124,94,196,36,182,140,92,82,23,189,81,87,85,104,46,146,193,9,144,170,95,38,139,19,20,51,149,34,194,180,123,176,67,32,72,137,25,136,65,16,190,11,113,156,71,165,184,174,8,173,18,131,110,167,59,80,100,30,134,148,195,97,58,175,151,7,191,181,68,198,142,163,158,54,52,119,187,39,107,55,14,13,111,84,89,75,4,15,135,53,183,69,159,164,90,28,155,73,99,109,70,115,152,35,161,102,86,133,76,122,116,44,125,145,56,21,108,192,40,169,129,29,154,60,177,27,43,127,96,171,141,98,114,64,79,179,47,88,5,186,199,83,153,166,24,150,10,185,62,120,197,168,17,48,63];False
1951;7486;9437;[118,172,12,22,26,178,147,3,2,130,84,117,77,112,106,24,66,157,103,105,74,188,93,31,6,0,167,61,45,138,41,49,78,128,42,57,37,121,162,126,143,160,91,1,33,124,94,196,36,182,140,92,82,23,189,81,87,85,104,20,146,193,9,144,170,95,38,139,19,46,51,149,34,194,180,123,176,67,32,72,163,25,70,65,16,190,11,113,156,71,165,184,174,8,173,18,131,110,101,59,80,100,30,134,148,195,97,137,175,151,7,191,181,68,198,142,58,158,54,52,119,187,39,107,55,14,13,111,132,89,75,4,15,135,53,183,69,159,164,90,28,155,73,99,109,136,115,152,35,161,102,86,133,76,122,116,44,125,145,56,21,108,192,40,169,129,29,154,60,177,27,43,127,96,171,141,98,114,64,79,179,47,88,5,186,199,83,153,166,50,150,10,185,62,120,197,168,17,48,63];False
2696;7100;9796;[34,198,174,10,193,109,8,118,172,12,130,117,77,112,93,178,66,157,103,105,74,188,144,31,37,87,167,61,45,138,41,49,78,128,42,57,3,121,162,126,143,160,91,1,33,124,147,196,36,44,140,92,82,23,189,81,0,85,22,26,176,46,9,35,170,95,38,139,19,20,51,149,50,194,180,4,84,67,32,72,163,25,70,65,16,190,195,113,156,71,165,184,146,94,173,18,131,110,101,59,80,100,30,134,148,11,97,58,175,151,7,191,181,68,123,142,137,158,54,52,119,187,39,107,55,14,13,111,132,89,75,129,15,135,53,183,69,159,164,90,28,155,73,99,106,136,115,152,2,161,102,86,133,76,122,116,104,125,145,56,21,108,192,40,169,182,29,154,60,177,27,43,127,96,171,141,98,114,64,79,179,47,88,5,186,199,83,153,166,24,150,6,185,62,120,197,168,17,48,63];False
1905;7563;9468;[13,111,172,132,89,103,105,7,161,35,93,82,12,181,68,97,187,43,165,193,20,188,135,53,100,119,167,61,45,182,65,125,83,128,42,134,148,121,71,162,109,23,0,101,46,145,143,41,88,104,140,17,8,24,169,75,77,85,19,26,176,116,191,149,170,95,38,139,144,51,50,56,21,92,147,3,174,67,32,72,163,25,70,74,198,173,160,190,126,106,91,184,168,31,142,78,131,110,196,59,80,157,30,57,112,2,36,58,151,175,6,1,117,11,87,66,137,158,54,52,37,138,39,107,55,14,194,102,22,195,113,129,15,9,33,183,69,159,164,94,28,155,73,99,16,136,115,152,49,130,18,86,133,76,122,146,180,108,84,4,118,156,192,40,34,123,29,154,60,177,27,185,127,47,171,141,98,114,64,79,179,96,166,5,186,199,81,153,197,189,150,10,124,62,120,178,90,44,48,63];False
2507;7129;9636;[50,194,146,118,109,44,147,37,172,12,130,117,77,112,93,184,66,157,103,105,74,188,144,31,6,2,167,61,45,138,41,49,78,128,42,57,3,121,162,126,143,160,91,1,33,124,94,196,36,46,140,92,82,23,189,81,0,85,22,26,176,193,9,178,170,95,38,139,65,20,51,149,34,198,180,4,84,67,32,72,163,25,70,19,16,190,11,113,156,71,165,87,174,8,173,18,131,110,101,59,80,100,30,134,148,195,97,58,175,151,7,191,181,68,123,142,137,158,54,52,119,187,39,107,55,14,13,111,132,89,75,129,15,135,53,183,69,159,164,90,28,155,73,99,106,136,115,152,35,161,102,86,133,76,122,116,104,125,145,56,21,108,192,40,169,182,29,154,60,177,27,43,127,96,171,141,98,114,64,79,179,47,88,5,186,199,83,153,166,24,150,10,185,62,120,197,168,17,48,63];False
1739;8054;9793;[28,155,12,22,26,178,120,3,2,130,84,117,77,112,31,29,66,157,103,105,74,188,93,118,147,0,101,61,45,138,167,172,78,128,42,57,37,121,162,126,143,160,91,1,33,124,94,196,52,136,197,92,82,23,189,81,87,85,104,20,146,193,9,144,170,95,38,139,19,194,182,149,34,127,50,109,176,67,32,72,163,25,70,65,16,190,11,113,156,71,165,184,125,8,173,18,131,110,41,59,80,100,30,134,148,195,97,58,6,151,7,191,181,68,198,142,137,158,54,36,119,187,39,107,55,14,13,111,132,89,180,4,15,135,53,183,69,159,164,90,175,179,73,99,106,185,115,152,35,161,102,86,133,76,122,116,49,46,145,56,21,108,192,40,169,129,24,154,60,177,27,43,51,96,171,141,98,114,64,79,75,47,88,5,186,199,83,153,166,174,150,10,123,62,44,140,168,17,48,63];False
1837;7654;9491;[50,172,12,22,26,178,120,3,2,130,84,117,77,112,31,29,66,157,103,105,74,188,93,118,147,0,101,61,45,138,167,180,78,128,42,57,37,121,162,126,143,160,91,1,33,124,94,196,36,182,140,92,82,23,189,81,87,85,104,20,146,193,9,144,170,95,38,139,19,194,51,149,34,127,175,123,176,67,32,72,163,25,70,65,16,190,11,113,156,71,165,184,125,8,173,18,131,110,41,59,80,100,30,134,148,195,97,58,6,151,7,191,181,68,198,142,137,158,54,52,119,187,39,107,55,14,13,111,132,89,75,4,15,135,53,183,69,159,164,90,28,155,73,99,106,136,115,152,35,161,102,86,133,76,122,116,49,46,109,56,21,108,192,40,169,129,24,154,60,177,27,43,145,96,171,141,98,114,64,79,179,47,88,5,186,199,83,153,166,174,150,10,185,62,44,197,168,17,48,63];False
1787;7770;9557;[50,172,12,22,26,178,120,3,2,190,24,117,77,112,31,29,66,157,103,105,74,188,93,118,147,0,101,61,45,138,167,180,78,128,42,57,37,121,162,126,143,160,91,1,33,124,94,196,52,182,92,197,82,23,189,81,87,85,104,20,146,193,9,144,170,95,38,139,19,194,51,149,34,127,175,123,176,67,32,72,163,25,70,65,16,130,11,113,156,71,165,184,125,8,173,18,131,110,41,59,80,100,30,134,148,195,97,58,6,151,7,191,181,68,198,142,137,158,54,36,119,187,39,107,55,14,13,111,84,89,75,4,15,135,53,183,69,159,164,90,28,155,73,99,106,136,115,152,35,161,102,86,133,76,122,116,49,46,109,56,21,108,192,40,169,129,132,154,60,177,27,43,145,96,171,141,98,114,64,79,179,47,88,5,186,199,83,153,166,174,150,10,185,62,44,140,168,17,48,63];False
1963;7448;9411;[50,172,12,22,26,178,147,3,2,130,84,117,77,112,106,118,66,157,103,105,74,188,93,31,6,0,101,61,45,138,41,49,78,128,42,57,37,121,162,126,143,160,91,1,33,124,94,196,36,182,140,92,82,23,189,81,87,85,104,46,146,193,9,144,170,95,38,139,19,20,51,149,34,194,180,123,176,67,32,72,137,25,136,65,16,190,11,113,156,71,165,184,174,8,173,18,131,110,167,59,80,100,30,134,148,195,97,58,175,151,7,191,181,68,198,142,163,158,54,52,119,187,39,107,55,14,13,111,132,89,75,4,15,135,53,183,69,159,164,90,28,155,73,99,109,70,115,152,35,161,102,86,133,76,122,116,44,125,145,56,21,108,192,40,169,129,29,154,60,177,27,43,127,96,171,141,98,114,64,79,179,47,88,5,186,199,83,153,166,24,150,10,185,62,120,197,168,17,48,63];False
1948;7507;9455;[118,172,12,22,26,178,147,3,2,130,132,117,77,112,106,24,66,157,103,105,74,188,93,31,6,0,167,61,45,138,41,49,78,128,42,57,37,121,162,126,143,160,91,1,33,124,94,196,36,182,140,92,82,23,189,81,87,85,104,20,146,193,9,144,170,95,38,139,19,46,51,149,34,194,180,123,176,67,32,72,163,25,70,65,16,190,11,113,156,71,165,184,174,8,173,18,131,110,101,59,80,100,30,134,148,195,97,137,175,151,7,191,181,68,198,142,58,158,54,52,119,187,39,107,55,14,13,111,84,89,75,4,15,135,53,183,69,159,164,90,28,155,73,99,109,136,115,152,35,161,102,86,133,76,122,116,44,125,145,56,21,108,192,40,169,129,29,154,60,177,27,43,127,96,171,141,98,114,64,79,179,47,88,5,186,199,83,153,166,50,150,10,185,62,120,197,168,17,48,63];False
2751;7094;9845;[34,198,149,10,193,109,8,118,172,12,130,117,77,112,93,178,66,157,103,105,74,188,144,31,37,87,167,61,45,138,41,49,78,128,42,57,3,121,162,126,143,160,91,1,33,124,147,196,36,44,140,92,82,23,189,81,0,85,22,26,176,46,9,35,170,95,38,139,19,20,51,174,50,194,180,4,84,67,32,72,163,25,70,65,16,190,195,113,156,71,165,184,146,94,173,18,131,110,101,59,80,100,30,134,148,11,97,58,175,151,7,191,181,68,123,142,137,158,54,52,119,187,39,107,55,14,13,111,132,89,75,129,15,135,53,183,69,159,164,90,28,155,73,99,106,136,115,152,2,161,102,86,133,76,122,116,104,125,145,56,21,108,192,40,169,182,29,154,60,177,27,43,127,96,171,141,98,114,64,79,179,47,88,5,186,199,83,153,166,24,150,6,185,62,120,197,168,17,48,63];False
1901;7569;9470;[13,111,172,132,89,103,105,7,161,35,93,82,12,181,68,97,187,43,165,193,20,188,135,53,100,119,167,61,45,182,65,125,83,128,42,134,148,121,71,162,126,23,0,101,46,145,143,41,88,104,140,17,8,24,169,75,77,85,19,26,176,116,191,149,170,95,38,139,144,51,50,56,21,92,147,3,174,67,32,72,163,25,70,74,198,173,160,190,109,106,91,184,168,31,142,78,131,110,196,59,80,157,30,57,112,2,36,58,151,175,6,1,117,11,87,66,137,158,54,52,37,138,39,107,55,14,194,102,22,195,113,129,15,9,33,183,69,159,164,94,28,155,73,99,16,136,115,152,49,130,18,86,133,76,122,146,180,108,84,4,118,156,192,40,34,123,29,154,60,177,27,185,127,47,171,141,98,114,64,79,179,96,166,5,186,199,81,153,197,189,150,10,124,62,120,178,90,44,48,63];False
2445;7133;9578;[50,194,180,118,109,44,147,37,172,12,130,117,77,112,93,184,66,157,103,105,74,188,144,31,6,2,167,61,45,138,41,49,78,128,42,57,3,121,162,126,143,160,91,1,33,124,94,196,36,46,140,92,82,23,189,81,0,85,22,26,176,193,9,178,170,95,38,139,65,20,51,149,34,198,146,4,84,67,32,72,163,25,70,19,16,190,11,113,156,71,165,87,174,8,173,18,131,110,101,59,80,100,30,134,148,195,97,58,175,151,7,191,181,68,123,142,137,158,54,52,119,187,39,107,55,14,13,111,132,89,75,129,15,135,53,183,69,159,164,90,28,155,73,99,106,136,115,152,35,161,102,86,133,76,122,116,104,125,145,56,21,108,192,40,169,182,29,154,60,177,27,43,127,96,171,141,98,114,64,79,179,47,88,5,186,199,83,153,166,24,150,10,185,62,120,197,168,17,48,63];False
1732;8058;9790;[193,155,12,22,26,178,120,3,2,130,84,117,77,112,31,29,66,157,103,105,74,188,93,118,147,0,101,61,45,138,167,172,78,128,42,57,37,121,162,126,143,160,91,1,33,124,94,196,52,136,197,92,82,23,189,81,87,85,104,20,146,28,9,144,170,95,38,139,19,194,182,149,34,127,50,109,176,67,32,72,163,25,70,65,16,190,11,113,156,71,165,184,125,8,173,18,131,110,41,59,80,100,30,134,148,195,97,58,6,151,7,191,181,68,198,142,137,158,54,36,119,187,39,107,55,14,13,111,132,89,180,4,15,135,53,183,69,159,164,90,175,179,73,99,106,185,115,152,35,161,102,86,133,76,122,116,49,46,145,56,21,108,192,40,169,129,24,154,60,177,27,43,51,96,171,141,98,114,64,79,75,47,88,5,186,199,83,153,166,174,150,10,123,62,44,140,168,17,48,63];False
1856;7608;9464;[50,172,12,22,26,178,44,3,2,130,84,117,77,112,31,29,66,157,103,105,74,188,93,118,147,0,101,61,45,138,167,180,78,128,42,57,37,121,162,126,143,160,91,1,33,124,94,196,36,182,140,92,82,23,189,81,87,85,104,20,146,193,9,144,170,95,38,139,19,194,51,149,34,127,175,123,176,67,32,72,163,25,70,65,16,190,11,113,156,71,165,184,125,8,173,18,131,110,41,59,80,100,30,134,148,195,97,58,6,151,7,191,181,68,198,142,137,158,54,52,119,187,39,107,55,14,13,111,132,89,75,4,15,135,53,183,69,159,164,90,28,155,73,99,106,136,115,152,35,161,102,86,133,76,122,116,49,46,109,56,21,108,192,40,169,129,24,154,60,177,27,43,145,96,171,141,98,114,64,79,179,47,88,5,186,199,83,153,166,174,150,10,185,62,120,197,168,17,48,63];False
1777;7771;9548;[50,172,12,22,26,178,120,3,2,166,24,117,77,112,31,29,66,157,103,105,74,188,93,118,147,0,101,61,45,138,167,180,78,128,42,57,37,121,162,126,143,160,91,1,33,124,94,196,52,182,92,197,82,23,189,81,87,85,104,20,146,193,9,144,170,95,38,139,19,194,51,149,34,127,175,123,176,67,32,72,163,25,70,65,16,130,11,113,156,71,165,184,125,8,173,18,131,110,41,59,80,100,30,134,148,195,97,58,6,151,7,191,181,68,198,142,137,158,54,36,119,187,39,107,55,14,13,111,84,89,75,4,15,135,53,183,69,159,164,90,28,155,73,99,106,136,115,152,35,161,102,86,133,76,122,116,49,46,109,56,21,108,192,40,169,129,132,154,60,177,27,43,145,96,171,141,98,114,64,79,179,47,88,5,186,199,83,153,190,174,150,10,185,62,44,140,168,17,48,63];False
1960;7461;9421;[50,172,12,22,26,178,147,3,2,130,84,175,77,112,106,118,66,157,103,105,74,188,93,31,6,0,101,61,45,138,41,49,78,128,42,57,37,121,162,126,143,160,91,1,33,124,94,196,36,182,140,92,82,23,189,81,87,85,104,46,146,193,9,144,170,95,38,139,19,20,51,149,34,194,180,123,176,67,32,72,137,25,136,65,16,190,11,113,156,71,165,184,174,8,173,18,131,110,167,59,80,100,30,134,148,195,97,58,117,151,7,191,181,68,198,142,163,158,54,52,119,187,39,107,55,14,13,111,132,89,75,4,15,135,53,183,69,159,164,90,28,155,73,99,109,70,115,152,35,161,102,86,133,76,122,116,44,125,145,56,21,108,192,40,169,129,29,154,60,177,27,43,127,96,171,141,98,114,64,79,179,47,88,5,186,199,83,153,166,24,150,10,185,62,120,197,168,17,48,63];False
1949;7492;9441;[118,172,12,22,26,178,147,3,2,130,132,117,77,112,106,136,66,157,103,105,74,188,93,31,6,0,167,61,45,138,41,49,78,128,42,57,37,121,162,126,143,160,91,1,33,124,94,196,36,182,140,92,82,23,189,81,87,85,104,20,146,193,9,144,170,95,38,139,19,46,51,149,34,194,180,123,176,67,32,72,163,25,70,65,16,190,11,113,156,71,165,184,174,8,173,18,131,110,101,59,80,100,30,134,148,195,97,137,175,151,7,191,181,68,198,142,58,158,54,52,119,187,39,107,55,14,13,111,84,89,75,4,15,135,53,183,69,159,164,90,28,155,73,99,109,24,115,152,35,161,102,86,133,76,122,116,44,125,145,56,21,108,192,40,169,129,29,154,60,177,27,43,127,96,171,141,98,114,64,79,179,47,88,5,186,199,83,153,166,50,150,10,185,62,120,197,168,17,48,63];False
2740;7096;9836;[50,198,149,10,193,109,8,118,172,12,130,117,77,112,93,178,66,157,103,105,74,188,144,31,37,87,167,61,45,138,41,49,78,128,42,57,3,121,162,126,143,160,91,1,33,124,147,196,36,44,140,92,82,23,189,81,0,85,22,26,176,46,9,35,170,95,38,139,19,20,51,174,34,194,180,4,84,67,32,72,163,25,70,65,16,190,195,113,156,71,165,184,146,94,173,18,131,110,101,59,80,100,30,134,148,11,97,58,175,151,7,191,181,68,123,142,137,158,54,52,119,187,39,107,55,14,13,111,132,89,75,129,15,135,53,183,69,159,164,90,28,155,73,99,106,136,115,152,2,161,102,86,133,76,122,116,104,125,145,56,21,108,192,40,169,182,29,154,60,177,27,43,127,96,171,141,98,114,64,79,179,47,88,5,186,199,83,153,166,24,150,6,185,62,120,197,168,17,48,63];False
1908;7562;9470;[13,111,172,132,89,103,105,7,161,35,93,82,12,181,68,97,187,43,165,193,20,188,135,53,100,119,167,61,45,182,65,125,83,128,42,57,148,121,71,162,126,23,0,101,46,145,143,41,88,104,140,17,8,24,169,75,77,85,19,26,176,116,191,149,170,95,38,139,144,51,50,56,21,92,147,3,174,67,32,72,163,25,70,74,198,173,160,190,109,106,91,184,168,31,142,78,131,110,196,59,80,157,30,134,112,2,36,58,151,175,6,1,117,11,87,66,137,158,54,52,37,138,39,107,55,14,194,102,22,195,113,129,15,9,33,183,69,159,164,94,28,155,73,99,16,136,115,152,49,130,18,86,133,76,122,146,180,108,84,4,118,156,192,40,34,123,29,154,60,177,27,185,127,47,171,141,98,114,64,79,179,96,166,5,186,199,81,153,197,189,150,10,124,62,120,178,90,44,48,63];False
2468;7131;9599;[50,174,180,118,109,44,147,37,172,12,130,117,77,112,93,184,66,157,103,105,74,188,144,31,6,2,167,61,45,138,41,49,78,128,42,57,3,121,162,126,143,160,91,1,33,124,94,196,36,46,140,92,82,23,189,81,0,85,22,26,176,193,9,178,170,95,38,139,65,20,51,149,34,198,146,4,84,67,32,72,163,25,70,19,16,190,11,113,156,71,165,87,194,8,173,18,131,110,101,59,80,100,30,134,148,195,97,58,175,151,7,191,181,68,123,142,137,158,54,52,119,187,39,107,55,14,13,111,132,89,75,129,15,135,53,183,69,159,164,90,28,155,73,99,106,136,115,152,35,161,102,86,133,76,122,116,104,125,145,56,21,108,192,40,169,182,29,154,60,177,27,43,127,96,171,141,98,114,64,79,179,47,88,5,186,199,83,153,166,24,150,10,185,62,120,197,168,17,48,63];False
1740;8046;9786;[193,20,12,22,26,178,120,3,2,130,84,117,77,112,31,29,66,157,103,105,74,188,93,118,147,0,101,61,45,138,167,172,78,128,42,57,37,121,162,126,143,160,91,1,33,124,94,196,52,136,197,92,82,23,189,81,87,85,104,155,146,28,9,144,170,95,38,139,19,194,182,149,34,127,50,109,176,67,32,72,163,25,70,65,16,190,11,113,156,71,165,184,125,8,173,18,131,110,41,59,80,100,30,134,148,195,97,58,6,151,7,191,181,68,198,142,137,158,54,36,119,187,39,107,55,14,13,111,132,89,180,4,15,135,53,183,69,159,164,90,175,179,73,99,106,185,115,152,35,161,102,86,133,76,122,116,49,46,145,56,21,108,192,40,169,129,24,154,60,177,27,43,51,96,171,141,98,114,64,79,75,47,88,5,186,199,83,153,166,174,150,10,123,62,44,140,168,17,48,63];False
1852;7615;9467;[50,172,12,22,26,178,44,3,2,130,84,117,77,112,31,29,66,157,103,105,74,188,144,118,147,0,101,61,45,138,167,180,78,128,42,57,37,121,162,126,143,160,91,1,33,124,94,196,36,182,140,92,82,23,189,81,87,85,104,20,146,193,9,93,170,95,38,139,19,194,51,149,34,127,175,123,176,67,32,72,163,25,70,65,16,190,11,113,156,71,165,184,125,8,173,18,131,110,41,59,80,100,30,134,148,195,97,58,6,151,7,191,181,68,198,142,137,158,54,52,119,187,39,107,55,14,13,111,132,89,75,4,15,135,53,183,69,159,164,90,28,155,73,99,106,136,115,152,35,161,102,86,133,76,122,116,49,46,109,56,21,108,192,40,169,129,24,154,60,177,27,43,145,96,171,141,98,114,64,79,179,47,88,5,186,199,83,153,166,174,150,10,185,62,120,197,168,17,48,63];False
1767;7843;9610;[50,172,12,22,26,178,120,3,2,166,24,117,77,112,31,29,66,157,103,90,74,188,93,118,147,0,101,61,45,138,167,180,78,128,42,57,37,121,162,126,143,160,91,1,33,124,94,196,52,182,92,197,82,23,189,81,87,85,104,20,146,193,9,144,170,95,38,139,19,194,51,149,34,127,175,123,176,67,32,72,163,25,70,65,16,130,11,113,156,71,165,184,125,8,173,18,131,110,41,59,80,100,30,134,148,195,97,58,6,151,7,191,181,68,198,142,137,158,54,36,119,187,39,107,55,14,13,111,84,89,75,4,15,135,53,183,69,159,164,105,28,155,73,99,106,136,115,152,35,161,102,86,133,76,122,116,49,46,109,56,21,108,192,40,169,129,132,154,60,177,27,43,145,96,171,141,98,114,64,79,179,47,88,5,186,199,83,153,190,174,150,10,185,62,44,140,168,17,48,63];False
1955;7481;9436;[50,172,12,22,26,178,147,3,2,130,84,175,77,112,106,118,66,157,103,105,74,188,93,31,6,149,101,61,45,138,41,49,78,128,42,57,37,121,162,126,143,160,91,1,33,124,94,196,36,182,140,92,82,23,189,81,87,85,104,46,146,193,9,144,170,95,38,139,19,20,51,0,34,194,180,123,176,67,32,72,137,25,136,65,16,190,11,113,156,71,165,184,174,8,173,18,131,110,167,59,80,100,30,134,148,195,97,58,117,151,7,191,181,68,198,142,163,158,54,52,119,187,39,107,55,14,13,111,132,89,75,4,15,135,53,183,69,159,164,90,28,155,73,99,109,70,115,152,35,161,102,86,133,76,122,116,44,125,145,56,21,108,192,40,169,129,29,154,60,177,27,43,127,96,171,141,98,114,64,79,179,47,88,5,186,199,83,153,166,24,150,10,185,62,120,197,168,17,48,63];False
1951;7480;9431;[118,172,12,22,26,178,147,3,2,115,132,117,77,112,106,136,66,157,103,105,74,188,93,31,6,0,167,61,45,138,41,49,78,128,42,57,37,121,162,126,143,160,91,1,33,124,94,196,36,182,140,92,82,23,189,81,87,85,104,20,146,193,9,144,170,95,38,139,19,46,51,149,34,194,180,123,176,67,32,72,163,25,70,65,16,190,11,113,156,71,165,184,174,8,173,18,131,110,101,59,80,100,30,134,148,195,97,137,175,151,7,191,181,68,198,142,58,158,54,52,119,187,39,107,55,14,13,111,84,89,75,4,15,135,53,183,69,159,164,90,28,155,73,99,109,24,130,152,35,161,102,86,133,76,122,116,44,125,145,56,21,108,192,40,169,129,29,154,60,177,27,43,127,96,171,141,98,114,64,79,179,47,88,5,186,199,83,153,166,50,150,10,185,62,120,197,168,17,48,63];False
2769;7085;9854;[174,198,149,10,193,109,8,118,172,12,130,117,77,112,93,178,66,157,103,105,74,188,144,31,37,87,167,61,45,138,41,49,78,128,42,57,3,121,162,126,143,160,91,1,33,124,147,196,36,44,140,92,82,23,189,81,0,85,22,26,176,46,9,35,170,95,38,139,19,20,51,50,34,194,180,4,84,67,32,72,163,25,70,65,16,190,195,113,156,71,165,184,146,94,173,18,131,110,101,59,80,100,30,134,148,11,97,58,175,151,7,191,181,68,123,142,137,158,54,52,119,187,39,107,55,14,13,111,132,89,75,129,15,135,53,183,69,159,164,90,28,155,73,99,106,136,115,152,2,161,102,86,133,76,122,116,104,125,145,56,21,108,192,40,169,182,29,154,60,177,27,43,127,96,171,141,98,114,64,79,179,47,88,5,186,199,83,153,166,24,150,6,185,62,120,197,168,17,48,63];False
1897;7583;9480;[13,111,172,132,89,103,105,7,161,35,93,82,12,181,68,97,187,43,165,193,20,188,135,53,100,119,167,61,45,182,65,125,83,128,42,189,148,121,71,162,126,23,0,101,46,145,143,41,88,104,140,17,8,24,169,75,77,85,19,26,176,116,191,149,170,95,38,139,144,51,50,56,21,92,147,3,174,67,32,72,163,25,70,74,198,173,160,190,109,106,91,184,168,31,142,78,131,110,196,59,80,157,30,134,112,2,36,58,151,175,6,1,117,11,87,66,137,158,54,52,37,138,39,107,55,14,194,102,22,195,113,129,15,9,33,183,69,159,164,94,28,155,73,99,16,136,115,152,49,130,18,86,133,76,122,146,180,108,84,4,118,156,192,40,34,123,29,154,60,177,27,185,127,47,171,141,98,114,64,79,179,96,166,5,186,199,81,153,197,57,150,10,124,62,120,178,90,44,48,63];False
2461;7129;9590;[50,180,174,118,109,44,147,37,172,12,130,117,77,112,93,184,66,157,103,105,74,188,144,31,6,2,167,61,45,138,41,49,78,128,42,57,3,121,162,126,143,160,91,1,33,124,94,196,36,46,140,92,82,23,189,81,0,85,22,26,176,193,9,178,170,95,38,139,65,20,51,149,34,198,146,4,84,67,32,72,163,25,70,19,16,190,11,113,156,71,165,87,194,8,173,18,131,110,101,59,80,100,30,134,148,195,97,58,175,151,7,191,181,68,123,142,137,158,54,52,119,187,39,107,55,14,13,111,132,89,75,129,15,135,53,183,69,159,164,90,28,155,73,99,106,136,115,152,35,161,102,86,133,76,122,116,104,125,145,56,21,108,192,40,169,182,29,154,60,177,27,43,127,96,171,141,98,114,64,79,179,47,88,5,186,199,83,153,166,24,150,10,185,62,120,197,168,17,48,63];False
1728;8071;9799;[132,20,12,22,26,178,120,3,2,130,84,117,77,112,31,29,66,157,103,105,74,188,93,118,147,0,101,61,45,138,167,172,78,128,42,57,37,121,162,126,143,160,91,1,33,124,94,196,52,136,197,92,82,23,189,81,87,85,104,155,146,28,9,144,170,95,38,139,19,194,182,149,34,127,50,109,176,67,32,72,163,25,70,65,16,190,11,113,156,71,165,184,125,8,173,18,131,110,41,59,80,100,30,134,148,195,97,58,6,151,7,191,181,68,198,142,137,158,54,36,119,187,39,107,55,14,13,111,193,89,180,4,15,135,53,183,69,159,164,90,175,179,73,99,106,185,115,152,35,161,102,86,133,76,122,116,49,46,145,56,21,108,192,40,169,129,24,154,60,177,27,43,51,96,171,141,98,114,64,79,75,47,88,5,186,199,83,153,166,174,150,10,123,62,44,140,168,17,48,63];False
1833;7661;9494;[50,172,12,22,26,178,120,3,2,130,84,117,77,112,31,29,66,157,103,105,74,188,144,118,147,0,101,61,45,138,167,180,78,128,42,57,37,121,162,126,143,160,91,1,33,124,94,196,36,182,140,92,82,23,189,81,87,85,104,20,146,193,9,93,170,95,38,139,19,194,51,149,34,127,175,123,176,67,32,72,163,25,70,65,16,190,11,113,156,71,165,184,125,8,173,18,131,110,41,59,80,100,30,134,148,195,97,58,6,151,7,191,181,68,198,142,137,158,54,52,119,187,39,107,55,14,13,111,132,89,75,4,15,135,53,183,69,159,164,90,28,155,73,99,106,136,115,152,35,161,102,86,133,76,122,116,49,46,109,56,21,108,192,40,169,129,24,154,60,177,27,43,145,96,171,141,98,114,64,79,179,47,88,5,186,199,83,153,166,174,150,10,185,62,44,197,168,17,48,63];False
1763;7850;9613;[50,172,12,22,26,178,120,3,2,166,24,117,77,112,31,29,66,157,103,90,74,188,144,118,147,0,101,61,45,138,167,180,78,128,42,57,37,121,162,126,143,160,91,1,33,124,94,196,52,182,92,197,82,23,189,81,87,85,104,20,146,193,9,93,170,95,38,139,19,194,51,149,34,127,175,123,176,67,32,72,163,25,70,65,16,130,11,113,156,71,165,184,125,8,173,18,131,110,41,59,80,100,30,134,148,195,97,58,6,151,7,191,181,68,198,142,137,158,54,36,119,187,39,107,55,14,13,111,84,89,75,4,15,135,53,183,69,159,164,105,28,155,73,99,106,136,115,152,35,161,102,86,133,76,122,116,49,46,109,56,21,108,192,40,169,129,132,154,60,177,27,43,145,96,171,141,98,114,64,79,179,47,88,5,186,199,83,153,190,174,150,10,185,62,44,140,168,17,48,63];False
1926;7525;9451;[118,172,12,22,26,178,147,3,2,115,132,117,77,112,106,136,66,157,103,105,74,188,93,31,6,0,101,61,45,138,41,49,78,128,42,57,37,121,162,126,143,160,91,1,33,124,94,196,36,182,140,92,82,23,189,81,87,85,104,20,146,193,9,144,170,95,38,139,19,46,51,149,34,194,180,123,176,67,32,72,163,25,70,65,16,190,11,113,156,71,165,184,174,8,173,18,131,110,167,59,80,100,30,134,148,195,97,137,175,151,7,191,181,68,198,142,58,158,54,52,119,187,39,107,55,14,13,111,84,89,75,4,15,135,53,183,69,159,164,90,28,155,73,99,109,24,130,152,35,161,102,86,133,76,122,116,44,125,145,56,21,108,192,40,169,129,29,154,60,177,27,43,127,96,171,141,98,114,64,79,179,47,88,5,186,199,83,153,166,50,150,10,185,62,120,197,168,17,48,63];False
2640;7059;9699;[198,174,149,10,193,109,8,118,172,12,130,117,77,112,93,178,66,157,103,105,74,188,144,31,37,87,167,61,45,138,41,49,78,128,42,57,3,121,162,126,143,160,91,1,33,124,147,196,36,44,140,92,82,23,189,81,0,85,22,26,176,46,9,35,170,95,38,139,19,20,51,50,34,194,180,4,84,67,32,72,163,25,70,65,16,190,195,113,156,71,165,184,146,94,173,18,131,110,101,59,80,100,30,134,148,11,97,58,175,151,7,191,181,68,123,142,137,158,54,52,119,187,39,107,55,14,13,111,132,89,75,129,15,135,53,183,69,159,164,90,28,155,73,99,106,136,115,152,2,161,102,86,133,76,122,116,104,125,145,56,21,108,192,40,169,182,29,154,60,177,27,43,127,96,171,141,98,114,64,79,179,47,88,5,186,199,83,153,166,24,150,6,185,62,120,197,168,17,48,63];False
1869;7601;9470;[13,111,172,132,89,103,105,7,161,35,93,82,12,181,68,97,187,43,165,193,20,188,135,53,100,119,167,61,45,182,65,125,83,128,42,189,148,121,71,162,126,23,0,101,46,145,143,41,88,104,140,17,8,24,169,75,77,85,19,26,176,116,191,149,170,95,38,139,144,51,50,56,21,92,147,3,174,67,32,72,163,25,70,74,198,173,160,190,109,106,91,184,168,31,142,78,131,110,196,59,80,157,30,134,112,2,36,58,151,175,6,1,192,11,87,66,137,158,54,52,37,138,39,107,55,14,194,102,22,195,113,129,15,9,33,183,69,159,164,94,28,155,73,99,16,136,115,152,49,130,18,86,133,76,122,146,180,108,84,4,118,156,117,40,34,123,29,154,60,177,27,185,127,47,171,141,98,114,64,79,179,96,166,5,186,199,81,153,197,57,150,10,124,62,120,178,90,44,48,63];False
2564;7116;9680;[50,31,174,118,109,44,147,37,172,12,130,117,77,112,93,184,66,157,103,105,74,188,144,180,6,2,167,61,45,138,41,49,78,128,42,57,3,121,162,126,143,160,91,1,33,124,94,196,36,46,140,92,82,23,189,81,0,85,22,26,176,193,9,178,170,95,38,139,65,20,51,149,34,198,146,4,84,67,32,72,163,25,70,19,16,190,11,113,156,71,165,87,194,8,173,18,131,110,101,59,80,100,30,134,148,195,97,58,175,151,7,191,181,68,123,142,137,158,54,52,119,187,39,107,55,14,13,111,132,89,75,129,15,135,53,183,69,159,164,90,28,155,73,99,106,136,115,152,35,161,102,86,133,76,122,116,104,125,145,56,21,108,192,40,169,182,29,154,60,177,27,43,127,96,171,141,98,114,64,79,179,47,88,5,186,199,83,153,166,24,150,10,185,62,120,197,168,17,48,63];False
1729;8062;9791;[119,20,12,22,26,178,120,3,2,130,84,117,77,112,31,29,66,157,103,105,74,188,93,118,147,0,101,61,45,138,167,172,78,128,42,57,37,121,162,126,143,160,91,1,33,124,94,196,52,136,197,92,82,23,189,81,87,85,104,155,146,28,9,144,170,95,38,139,19,194,182,149,34,127,50,109,176,67,32,72,163,25,70,65,16,190,11,113,156,71,165,184,125,8,173,18,131,110,41,59,80,100,30,134,148,195,97,58,6,151,7,191,181,68,198,142,137,158,54,36,132,187,39,107,55,14,13,111,193,89,180,4,15,135,53,183,69,159,164,90,175,179,73,99,106,185,115,152,35,161,102,86,133,76,122,116,49,46,145,56,21,108,192,40,169,129,24,154,60,177,27,43,51,96,171,141,98,114,64,79,75,47,88,5,186,199,83,153,166,174,150,10,123,62,44,140,168,17,48,63];False
1815;7699;9514;[50,172,12,22,26,178,120,3,2,130,84,117,77,112,31,29,66,157,103,105,74,188,144,118,147,0,101,61,45,138,167,180,78,128,42,57,37,121,162,126,143,160,91,1,33,124,94,196,52,182,140,92,82,23,189,81,87,85,104,20,146,193,9,93,170,95,38,139,19,194,51,149,34,127,175,123,176,67,32,72,163,25,70,65,16,190,11,113,156,71,165,184,125,8,173,18,131,110,41,59,80,100,30,134,148,195,97,58,6,151,7,191,181,68,198,142,137,158,54,36,119,187,39,107,55,14,13,111,132,89,75,4,15,135,53,183,69,159,164,90,28,155,73,99,106,136,115,152,35,161,102,86,133,76,122,116,49,46,109,56,21,108,192,40,169,129,24,154,60,177,27,43,145,96,171,141,98,114,64,79,179,47,88,5,186,199,83,153,166,174,150,10,185,62,44,197,168,17,48,63];False
1773;7778;9551;[50,172,12,22,26,178,120,3,2,166,24,117,77,112,31,29,66,157,103,105,74,188,144,118,147,0,101,61,45,138,167,180,78,128,42,57,37,121,162,126,143,160,91,1,33,124,94,196,52,182,92,197,82,23,189,81,87,85,104,20,146,193,9,93,170,95,38,139,19,194,51,149,34,127,175,123,176,67,32,72,163,25,70,65,16,130,11,113,156,71,165,184,125,8,173,18,131,110,41,59,80,100,30,134,148,195,97,58,6,151,7,191,181,68,198,142,137,158,54,36,119,187,39,107,55,14,13,111,84,89,75,4,15,135,53,183,69,159,164,90,28,155,73,99,106,136,115,152,35,161,102,86,133,76,122,116,49,46,109,56,21,108,192,40,169,129,132,154,60,177,27,43,145,96,171,141,98,114,64,79,179,47,88,5,186,199,83,153,190,174,150,10,185,62,44,140,168,17,48,63];False
1919;7535;9454;[118,172,12,22,26,178,147,3,2,115,132,117,77,112,106,136,66,157,103,105,74,188,93,31,6,0,101,61,45,138,41,49,78,128,42,57,37,121,162,126,143,160,91,1,33,124,94,196,36,182,140,92,82,23,189,81,87,85,104,46,146,193,9,144,170,95,38,139,19,20,51,149,34,194,180,123,176,67,32,72,163,25,70,65,16,190,11,113,156,71,165,184,174,8,173,18,131,110,167,59,80,100,30,134,148,195,97,137,175,151,7,191,181,68,198,142,58,158,54,52,119,187,39,107,55,14,13,111,84,89,75,4,15,135,53,183,69,159,164,90,28,155,73,99,109,24,130,152,35,161,102,86,133,76,122,116,44,125,145,56,21,108,192,40,169,129,29,154,60,177,27,43,127,96,171,141,98,114,64,79,179,47,88,5,186,199,83,153,166,50,150,10,185,62,120,197,168,17,48,63];False
2575;7096;9671;[37,174,149,10,193,109,8,118,172,12,130,117,77,112,93,178,66,157,103,105,74,188,144,31,198,87,167,61,45,138,41,49,78,128,42,57,3,121,162,126,143,160,91,1,33,124,147,196,36,44,140,92,82,23,189,81,0,85,22,26,176,46,9,35,170,95,38,139,19,20,51,50,34,194,180,4,84,67,32,72,163,25,70,65,16,190,195,113,156,71,165,184,146,94,173,18,131,110,101,59,80,100,30,134,148,11,97,58,175,151,7,191,181,68,123,142,137,158,54,52,119,187,39,107,55,14,13,111,132,89,75,129,15,135,53,183,69,159,164,90,28,155,73,99,106,136,115,152,2,161,102,86,133,76,122,116,104,125,145,56,21,108,192,40,169,182,29,154,60,177,27,43,127,96,171,141,98,114,64,79,179,47,88,5,186,199,83,153,166,24,150,6,185,62,120,197,168,17,48,63];False
1880;7580;9460;[13,111,172,132,89,103,105,7,161,35,93,82,12,181,68,97,187,43,165,193,20,188,135,53,100,119,167,61,45,182,65,125,83,128,42,57,148,121,71,162,126,23,0,101,46,145,143,41,88,104,140,17,8,24,169,75,77,85,19,26,176,116,191,149,170,95,38,139,144,51,50,56,21,92,147,3,174,67,32,72,163,25,70,74,198,173,160,190,109,106,91,184,168,31,142,78,131,110,196,59,80,157,30,134,112,2,36,58,151,175,6,1,192,11,87,66,137,158,54,52,37,138,39,107,55,14,194,102,22,195,113,129,15,9,33,183,69,159,164,94,28,155,73,99,16,136,115,152,49,130,18,86,133,76,122,146,180,108,84,4,118,156,117,40,34,123,29,154,60,177,27,185,127,47,171,141,98,114,64,79,179,96,166,5,186,199,81,153,197,189,150,10,124,62,120,178,90,44,48,63];False
2534;7124;9658;[50,31,180,118,109,44,147,37,172,12,130,117,77,112,93,184,66,157,103,105,74,188,144,174,6,2,167,61,45,138,41,49,78,128,42,57,3,121,162,126,143,160,91,1,33,124,94,196,36,46,140,92,82,23,189,81,0,85,22,26,176,193,9,178,170,95,38,139,65,20,51,149,34,198,146,4,84,67,32,72,163,25,70,19,16,190,11,113,156,71,165,87,194,8,173,18,131,110,101,59,80,100,30,134,148,195,97,58,175,151,7,191,181,68,123,142,137,158,54,52,119,187,39,107,55,14,13,111,132,89,75,129,15,135,53,183,69,159,164,90,28,155,73,99,106,136,115,152,35,161,102,86,133,76,122,116,104,125,145,56,21,108,192,40,169,182,29,154,60,177,27,43,127,96,171,141,98,114,64,79,179,47,88,5,186,199,83,153,166,24,150,10,185,62,120,197,168,17,48,63];False
1727;8059;9786;[110,20,12,22,26,178,120,3,2,130,84,117,77,112,31,29,66,157,103,105,74,188,93,118,147,0,101,61,45,138,167,172,78,128,42,57,37,121,162,126,143,160,91,1,33,124,94,196,52,136,197,92,82,23,189,81,87,85,104,155,146,28,9,144,170,95,38,139,19,194,182,149,34,127,50,109,176,67,32,72,163,25,70,65,16,190,11,113,156,71,165,184,125,8,173,18,131,119,41,59,80,100,30,134,148,195,97,58,6,151,7,191,181,68,198,142,137,158,54,36,132,187,39,107,55,14,13,111,193,89,180,4,15,135,53,183,69,159,164,90,175,179,73,99,106,185,115,152,35,161,102,86,133,76,122,116,49,46,145,56,21,108,192,40,169,129,24,154,60,177,27,43,51,96,171,141,98,114,64,79,75,47,88,5,186,199,83,153,166,174,150,10,123,62,44,140,168,17,48,63];False
1834;7653;9487;[50,172,12,22,26,178,44,3,2,130,84,117,77,112,31,29,66,157,103,105,74,188,144,118,147,0,101,61,45,138,167,180,78,128,42,57,37,121,162,126,143,160,91,1,33,124,94,196,52,182,140,92,82,23,189,81,87,85,104,20,146,193,9,93,170,95,38,139,19,194,51,149,34,127,175,123,176,67,32,72,163,25,70,65,16,190,11,113,156,71,165,184,125,8,173,18,131,110,41,59,80,100,30,134,148,195,97,58,6,151,7,191,181,68,198,142,137,158,54,36,119,187,39,107,55,14,13,111,132,89,75,4,15,135,53,183,69,159,164,90,28,155,73,99,106,136,115,152,35,161,102,86,133,76,122,116,49,46,109,56,21,108,192,40,169,129,24,154,60,177,27,43,145,96,171,141,98,114,64,79,179,47,88,5,186,199,83,153,166,174,150,10,185,62,120,197,168,17,48,63];False
1755;7820;9575;[50,172,12,22,26,178,120,3,2,166,24,117,77,112,31,29,66,157,103,190,74,188,144,118,147,0,101,61,45,138,167,180,78,128,42,57,37,121,162,126,143,160,91,1,33,124,94,196,52,182,92,197,82,23,189,81,87,85,104,20,146,193,9,93,170,95,38,139,19,194,51,149,34,127,175,123,176,67,32,72,163,25,70,65,16,130,11,113,156,71,165,184,125,8,173,18,131,110,41,59,80,100,30,134,148,195,97,58,6,151,7,191,181,68,198,142,137,158,54,36,119,187,39,107,55,14,13,111,84,89,75,4,15,135,53,183,69,159,164,90,28,155,73,99,106,136,115,152,35,161,102,86,133,76,122,116,49,46,109,56,21,108,192,40,169,129,132,154,60,177,27,43,145,96,171,141,98,114,64,79,179,47,88,5,186,199,83,153,105,174,150,10,185,62,44,140,168,17,48,63];False
1914;7555;9469;[118,172,12,22,26,178,147,3,2,115,132,117,77,112,106,136,66,157,103,105,74,188,93,31,6,149,101,61,45,138,41,49,78,128,42,57,37,121,162,126,143,160,91,1,33,124,94,196,36,182,140,92,82,23,189,81,87,85,104,46,146,193,9,144,170,95,38,139,19,20,51,0,34,194,180,123,176,67,32,72,163,25,70,65,16,190,11,113,156,71,165,184,174,8,173,18,131,110,167,59,80,100,30,134,148,195,97,137,175,151,7,191,181,68,198,142,58,158,54,52,119,187,39,107,55,14,13,111,84,89,75,4,15,135,53,183,69,159,164,90,28,155,73,99,109,24,130,152,35,161,102,86,133,76,122,116,44,125,145,56,21,108,192,40,169,129,29,154,60,177,27,43,127,96,171,141,98,114,64,79,179,47,88,5,186,199,83,153,166,50,150,10,185,62,120,197,168,17,48,63];False
2572;7105;9677;[190,174,149,10,193,109,8,118,172,12,130,117,77,112,93,178,66,157,103,105,74,188,144,31,198,87,167,61,45,138,41,49,78,128,42,57,3,121,162,126,143,160,91,1,33,124,147,196,36,44,140,92,82,23,189,81,0,85,22,26,176,46,9,35,170,95,38,139,19,20,51,50,34,194,180,4,84,67,32,72,163,25,70,65,16,37,195,113,156,71,165,184,146,94,173,18,131,110,101,59,80,100,30,134,148,11,97,58,175,151,7,191,181,68,123,142,137,158,54,52,119,187,39,107,55,14,13,111,132,89,75,129,15,135,53,183,69,159,164,90,28,155,73,99,106,136,115,152,2,161,102,86,133,76,122,116,104,125,145,56,21,108,192,40,169,182,29,154,60,177,27,43,127,96,171,141,98,114,64,79,179,47,88,5,186,199,83,153,166,24,150,6,185,62,120,197,168,17,48,63];False
1899;7575;9474;[13,111,172,132,89,103,105,7,161,35,93,82,12,181,68,36,187,43,165,193,20,188,135,53,100,119,167,61,45,182,65,125,83,128,42,57,148,121,71,162,126,23,0,101,46,145,143,41,88,104,140,17,8,24,169,75,77,85,19,26,176,116,191,149,170,95,38,139,144,51,50,56,21,92,147,3,174,67,32,72,163,25,70,74,198,173,160,190,109,106,91,184,168,31,142,78,131,110,196,59,80,157,30,134,112,2,97,58,151,175,6,1,192,11,87,66,137,158,54,52,37,138,39,107,55,14,194,102,22,195,113,129,15,9,33,183,69,159,164,94,28,155,73,99,16,136,115,152,49,130,18,86,133,76,122,146,180,108,84,4,118,156,117,40,34,123,29,154,60,177,27,185,127,47,171,141,98,114,64,79,179,96,166,5,186,199,81,153,197,189,150,10,124,62,120,178,90,44,48,63];False
2475;7124;9599;[50,31,147,118,109,44,180,37,172,12,130,117,77,112,93,184,66,157,103,105,74,188,144,174,6,2,167,61,45,138,41,49,78,128,42,57,3,121,162,126,143,160,91,1,33,124,94,196,36,46,140,92,82,23,189,81,0,85,22,26,176,193,9,178,170,95,38,139,65,20,51,149,34,198,146,4,84,67,32,72,163,25,70,19,16,190,11,113,156,71,165,87,194,8,173,18,131,110,101,59,80,100,30,134,148,195,97,58,175,151,7,191,181,68,123,142,137,158,54,52,119,187,39,107,55,14,13,111,132,89,75,129,15,135,53,183,69,159,164,90,28,155,73,99,106,136,115,152,35,161,102,86,133,76,122,116,104,125,145,56,21,108,192,40,169,182,29,154,60,177,27,43,127,96,171,141,98,114,64,79,179,47,88,5,186,199,83,153,166,24,150,10,185,62,120,197,168,17,48,63];False
1746;8041;9787;[91,20,12,22,26,178,120,3,2,130,84,117,77,112,31,29,66,157,103,105,74,188,93,118,147,0,101,61,45,138,167,172,78,128,42,57,37,121,162,126,143,160,110,1,33,124,94,196,52,136,197,92,82,23,189,81,87,85,104,155,146,28,9,144,170,95,38,139,19,194,182,149,34,127,50,109,176,67,32,72,163,25,70,65,16,190,11,113,156,71,165,184,125,8,173,18,131,119,41,59,80,100,30,134,148,195,97,58,6,151,7,191,181,68,198,142,137,158,54,36,132,187,39,107,55,14,13,111,193,89,180,4,15,135,53,183,69,159,164,90,175,179,73,99,106,185,115,152,35,161,102,86,133,76,122,116,49,46,145,56,21,108,192,40,169,129,24,154,60,177,27,43,51,96,171,141,98,114,64,79,75,47,88,5,186,199,83,153,166,174,150,10,123,62,44,140,168,17,48,63];False
1838;7646;9484;[50,172,12,22,26,178,44,3,2,130,84,117,77,112,31,29,66,157,103,105,74,188,93,118,147,0,101,61,45,138,167,180,78,128,42,57,37,121,162,126,143,160,91,1,33,124,94,196,52,182,140,92,82,23,189,81,87,85,104,20,146,193,9,144,170,95,38,139,19,194,51,149,34,127,175,123,176,67,32,72,163,25,70,65,16,190,11,113,156,71,165,184,125,8,173,18,131,110,41,59,80,100,30,134,148,195,97,58,6,151,7,191,181,68,198,142,137,158,54,36,119,187,39,107,55,14,13,111,132,89,75,4,15,135,53,183,69,159,164,90,28,155,73,99,106,136,115,152,35,161,102,86,133,76,122,116,49,46,109,56,21,108,192,40,169,129,24,154,60,177,27,43,145,96,171,141,98,114,64,79,179,47,88,5,186,199,83,153,166,174,150,10,185,62,120,197,168,17,48,63];False
1744;7870;9614;[50,172,12,22,26,178,120,3,2,166,24,117,77,112,31,29,66,157,106,190,74,188,144,118,147,0,101,61,45,138,167,180,78,128,42,57,37,121,162,126,143,160,91,1,33,124,94,196,52,182,92,197,82,23,189,81,87,85,104,20,146,193,9,93,170,95,38,139,19,194,51,149,34,127,175,123,176,67,32,72,163,25,70,65,16,130,11,113,156,71,165,184,125,8,173,18,131,110,41,59,80,100,30,134,148,195,97,58,6,151,7,191,181,68,198,142,137,158,54,36,119,187,39,107,55,14,13,111,84,89,75,4,15,135,53,183,69,159,164,90,28,155,73,99,103,136,115,152,35,161,102,86,133,76,122,116,49,46,109,56,21,108,192,40,169,129,132,154,60,177,27,43,145,96,171,141,98,114,64,79,179,47,88,5,186,199,83,153,105,174,150,10,185,62,44,140,168,17,48,63];False
1907;7532;9439;[118,172,12,22,26,178,147,3,2,115,132,117,77,112,106,136,66,157,103,105,74,188,93,31,6,149,101,61,45,138,41,49,78,128,42,57,37,121,162,126,143,160,91,1,33,124,94,196,36,182,140,92,82,23,189,81,87,85,104,46,146,193,9,144,170,95,38,139,19,20,51,0,34,194,180,123,176,67,32,72,163,25,70,65,16,190,11,113,156,71,165,184,50,8,173,18,131,110,167,59,80,100,30,134,148,195,97,137,175,151,7,191,181,68,198,142,58,158,54,52,119,187,39,107,55,14,13,111,84,89,75,4,15,135,53,183,69,159,164,90,28,155,73,99,109,24,130,152,35,161,102,86,133,76,122,116,44,125,145,56,21,108,192,40,169,129,29,154,60,177,27,43,127,96,171,141,98,114,64,79,179,47,88,5,186,199,83,153,166,174,150,10,185,62,120,197,168,17,48,63];False
2629;7070;9699;[198,174,149,10,193,109,8,118,172,12,130,117,77,112,93,178,66,157,103,105,74,188,144,31,190,87,167,61,45,138,41,49,78,128,42,57,3,121,162,126,143,160,91,1,33,124,147,196,36,44,140,92,82,23,189,81,0,85,22,26,176,46,9,35,170,95,38,139,19,20,51,50,34,194,180,4,84,67,32,72,163,25,70,65,16,37,195,113,156,71,165,184,146,94,173,18,131,110,101,59,80,100,30,134,148,11,97,58,175,151,7,191,181,68,123,142,137,158,54,52,119,187,39,107,55,14,13,111,132,89,75,129,15,135,53,183,69,159,164,90,28,155,73,99,106,136,115,152,2,161,102,86,133,76,122,116,104,125,145,56,21,108,192,40,169,182,29,154,60,177,27,43,127,96,171,141,98,114,64,79,179,47,88,5,186,199,83,153,166,24,150,6,185,62,120,197,168,17,48,63];False
2450;7127;9577;[50,180,147,118,109,44,31,37,172,12,130,117,77,112,93,184,66,157,103,105,74,188,144,174,6,2,167,61,45,138,41,49,78,128,42,57,3,121,162,126,143,160,91,1,33,124,94,196,36,46,140,92,82,23,189,81,0,85,22,26,176,193,9,178,170,95,38,139,65,20,51,149,34,198,146,4,84,67,32,72,163,25,70,19,16,190,11,113,156,71,165,87,194,8,173,18,131,110,101,59,80,100,30,134,148,195,97,58,175,151,7,191,181,68,123,142,137,158,54,52,119,187,39,107,55,14,13,111,132,89,75,129,15,135,53,183,69,159,164,90,28,155,73,99,106,136,115,152,35,161,102,86,133,76,122,116,104,125,145,56,21,108,192,40,169,182,29,154,60,177,27,43,127,96,171,141,98,114,64,79,179,47,88,5,186,199,83,153,166,24,150,10,185,62,120,197,168,17,48,63];False
1819;7692;9511;[50,172,12,22,26,178,120,3,2,130,84,117,77,112,31,29,66,157,103,105,74,188,93,118,147,0,101,61,45,138,167,180,78,128,42,57,37,121,162,126,143,160,91,1,33,124,94,196,52,182,140,92,82,23,189,81,87,85,104,20,146,193,9,144,170,95,38,139,19,194,51,149,34,127,175,123,176,67,32,72,163,25,70,65,16,190,11,113,156,71,165,184,125,8,173,18,131,110,41,59,80,100,30,134,148,195,97,58,6,151,7,191,181,68,198,142,137,158,54,36,119,187,39,107,55,14,13,111,132,89,75,4,15,135,53,183,69,159,164,90,28,155,73,99,106,136,115,152,35,161,102,86,133,76,122,116,49,46,109,56,21,108,192,40,169,129,24,154,60,177,27,43,145,96,171,141,98,114,64,79,179,47,88,5,186,199,83,153,166,174,150,10,185,62,44,197,168,17,48,63];False
1740;7872;9612;[50,172,12,22,26,178,120,3,2,166,24,117,77,112,31,29,66,157,106,93,74,188,144,118,147,0,101,61,45,138,167,180,78,128,42,57,37,121,162,126,143,160,91,1,33,124,94,196,52,182,92,197,82,23,189,81,87,85,104,20,146,193,9,190,170,95,38,139,19,194,51,149,34,127,175,123,176,67,32,72,163,25,70,65,16,130,11,113,156,71,165,184,125,8,173,18,131,110,41,59,80,100,30,134,148,195,97,58,6,151,7,191,181,68,198,142,137,158,54,36,119,187,39,107,55,14,13,111,84,89,75,4,15,135,53,183,69,159,164,90,28,155,73,99,103,136,115,152,35,161,102,86,133,76,122,116,49,46,109,56,21,108,192,40,169,129,132,154,60,177,27,43,145,96,171,141,98,114,64,79,179,47,88,5,186,199,83,153,105,174,150,10,185,62,44,140,168,17,48,63];False
1930;7504;9434;[50,172,12,22,26,178,147,3,2,115,132,117,77,112,106,136,66,157,103,105,74,188,93,31,6,149,101,61,45,138,41,49,78,128,42,57,37,121,162,126,143,160,91,1,33,124,94,196,36,182,140,92,82,23,189,81,87,85,104,46,146,193,9,144,170,95,38,139,19,20,51,0,34,194,180,123,176,67,32,72,163,25,70,65,16,190,11,113,156,71,165,184,118,8,173,18,131,110,167,59,80,100,30,134,148,195,97,137,175,151,7,191,181,68,198,142,58,158,54,52,119,187,39,107,55,14,13,111,84,89,75,4,15,135,53,183,69,159,164,90,28,155,73,99,109,24,130,152,35,161,102,86,133,76,122,116,44,125,145,56,21,108,192,40,169,129,29,154,60,177,27,43,127,96,171,141,98,114,64,79,179,47,88,5,186,199,83,153,166,174,150,10,185,62,120,197,168,17,48,63];False
2593;7072;9665;[198,174,190,10,193,109,8,118,172,12,130,117,77,112,93,178,66,157,103,105,74,188,144,31,149,87,167,61,45,138,41,49,78,128,42,57,3,121,162,126,143,160,91,1,33,124,147,196,36,44,140,92,82,23,189,81,0,85,22,26,176,46,9,35,170,95,38,139,19,20,51,50,34,194,180,4,84,67,32,72,163,25,70,65,16,37,195,113,156,71,165,184,146,94,173,18,131,110,101,59,80,100,30,134,148,11,97,58,175,151,7,191,181,68,123,142,137,158,54,52,119,187,39,107,55,14,13,111,132,89,75,129,15,135,53,183,69,159,164,90,28,155,73,99,106,136,115,152,2,161,102,86,133,76,122,116,104,125,145,56,21,108,192,40,169,182,29,154,60,177,27,43,127,96,171,141,98,114,64,79,179,47,88,5,186,199,83,153,166,24,150,6,185,62,120,197,168,17,48,63];False
2553;7121;9674;[50,174,147,118,109,44,31,37,172,12,130,117,77,112,93,184,66,157,103,105,74,188,144,180,6,2,167,61,45,138,41,49,78,128,42,57,3,121,162,126,143,160,91,1,33,124,94,196,36,46,140,92,82,23,189,81,0,85,22,26,176,193,9,178,170,95,38,139,65,20,51,149,34,198,146,4,84,67,32,72,163,25,70,19,16,190,11,113,156,71,165,87,194,8,173,18,131,110,101,59,80,100,30,134,148,195,97,58,175,151,7,191,181,68,123,142,137,158,54,52,119,187,39,107,55,14,13,111,132,89,75,129,15,135,53,183,69,159,164,90,28,155,73,99,106,136,115,152,35,161,102,86,133,76,122,116,104,125,145,56,21,108,192,40,169,182,29,154,60,177,27,43,127,96,171,141,98,114,64,79,179,47,88,5,186,199,83,153,166,24,150,10,185,62,120,197,168,17,48,63];False
1788;7709;9497;[50,172,12,22,26,178,120,3,2,130,84,117,77,112,31,29,66,157,103,105,74,188,93,118,147,0,101,61,45,138,167,180,78,128,42,57,37,121,162,126,143,160,91,1,33,124,94,196,52,182,140,92,82,23,189,81,87,85,104,20,146,193,9,144,170,95,38,139,19,194,51,149,34,127,175,123,176,67,32,72,137,25,70,65,16,190,11,113,156,71,165,184,125,8,173,18,131,110,41,59,80,100,30,134,148,195,97,58,6,151,7,191,181,68,198,142,163,158,54,36,119,187,39,107,55,14,13,111,132,89,75,4,15,135,53,183,69,159,164,90,28,155,73,99,106,136,115,152,35,161,102,86,133,76,122,116,49,46,109,56,21,108,192,40,169,129,24,154,60,177,27,43,145,96,171,141,98,114,64,79,179,47,88,5,186,199,83,153,166,174,150,10,185,62,44,197,168,17,48,63];False
1766;7799;9565;[50,172,12,22,26,178,120,3,2,166,24,117,77,112,31,29,66,157,103,93,74,188,144,118,147,0,101,61,45,138,167,180,78,128,42,57,37,121,162,126,143,160,91,1,33,124,94,196,52,182,92,197,82,23,189,81,87,85,104,20,146,193,9,190,170,95,38,139,19,194,51,149,34,127,175,123,176,67,32,72,163,25,70,65,16,130,11,113,156,71,165,184,125,8,173,18,131,110,41,59,80,100,30,134,148,195,97,58,6,151,7,191,181,68,198,142,137,158,54,36,119,187,39,107,55,14,13,111,84,89,75,4,15,135,53,183,69,159,164,90,28,155,73,99,106,136,115,152,35,161,102,86,133,76,122,116,49,46,109,56,21,108,192,40,169,129,132,154,60,177,27,43,145,96,171,141,98,114,64,79,179,47,88,5,186,199,83,153,105,174,150,10,185,62,44,140,168,17,48,63];False
1928;7516;9444;[50,172,12,22,26,178,147,3,2,130,132,117,77,112,106,136,66,157,103,105,74,188,93,31,6,149,101,61,45,138,41,49,78,128,42,57,37,121,162,126,143,160,91,1,33,124,94,196,36,182,140,92,82,23,189,81,87,85,104,46,146,193,9,144,170,95,38,139,19,20,51,0,34,194,180,123,176,67,32,72,163,25,70,65,16,190,11,113,156,71,165,184,118,8,173,18,131,110,167,59,80,100,30,134,148,195,97,137,175,151,7,191,181,68,198,142,58,158,54,52,119,187,39,107,55,14,13,111,84,89,75,4,15,135,53,183,69,159,164,90,28,155,73,99,109,24,115,152,35,161,102,86,133,76,122,116,44,125,145,56,21,108,192,40,169,129,29,154,60,177,27,43,127,96,171,141,98,114,64,79,179,47,88,5,186,199,83,153,166,174,150,10,185,62,120,197,168,17,48,63];False
2563;7093;9656;[198,174,10,190,193,109,8,118,172,12,130,117,77,112,93,178,66,157,103,105,74,188,144,31,149,87,167,61,45,138,41,49,78,128,42,57,3,121,162,126,143,160,91,1,33,124,147,196,36,44,140,92,82,23,189,81,0,85,22,26,176,46,9,35,170,95,38,139,19,20,51,50,34,194,180,4,84,67,32,72,163,25,70,65,16,37,195,113,156,71,165,184,146,94,173,18,131,110,101,59,80,100,30,134,148,11,97,58,175,151,7,191,181,68,123,142,137,158,54,52,119,187,39,107,55,14,13,111,132,89,75,129,15,135,53,183,69,159,164,90,28,155,73,99,106,136,115,152,2,161,102,86,133,76,122,116,104,125,145,56,21,108,192,40,169,182,29,154,60,177,27,43,127,96,171,141,98,114,64,79,179,47,88,5,186,199,83,153,166,24,150,6,185,62,120,197,168,17,48,63];False
2533;7115;9648;[50,146,147,118,109,44,31,37,172,12,130,117,77,112,93,184,66,157,103,105,74,188,144,180,6,2,167,61,45,138,41,49,78,128,42,57,3,121,162,126,143,160,91,1,33,124,94,196,36,46,140,92,82,23,189,81,0,85,22,26,176,193,9,178,170,95,38,139,65,20,51,149,34,198,174,4,84,67,32,72,163,25,70,19,16,190,11,113,156,71,165,87,194,8,173,18,131,110,101,59,80,100,30,134,148,195,97,58,175,151,7,191,181,68,123,142,137,158,54,52,119,187,39,107,55,14,13,111,132,89,75,129,15,135,53,183,69,159,164,90,28,155,73,99,106,136,115,152,35,161,102,86,133,76,122,116,104,125,145,56,21,108,192,40,169,182,29,154,60,177,27,43,127,96,171,141,98,114,64,79,179,47,88,5,186,199,83,153,166,24,150,10,185,62,120,197,168,17,48,63];False
1779;7757;9536;[197,172,12,22,26,178,120,3,2,130,84,117,77,112,31,29,66,157,103,105,74,188,93,118,147,0,101,61,45,138,167,180,78,128,42,57,37,121,162,126,143,160,91,1,33,124,94,196,52,182,140,92,82,23,189,81,87,85,104,20,146,193,9,144,170,95,38,139,19,194,51,149,34,127,175,123,176,67,32,72,137,25,70,65,16,190,11,113,156,71,165,184,125,8,173,18,131,110,41,59,80,100,30,134,148,195,97,58,6,151,7,191,181,68,198,142,163,158,54,36,119,187,39,107,55,14,13,111,132,89,75,4,15,135,53,183,69,159,164,90,28,155,73,99,106,136,115,152,35,161,102,86,133,76,122,116,49,46,109,56,21,108,192,40,169,129,24,154,60,177,27,43,145,96,171,141,98,114,64,79,179,47,88,5,186,199,83,153,166,174,150,10,185,62,44,50,168,17,48,63];False
1719;7865;9584;[50,172,12,22,26,178,120,3,2,166,24,117,77,112,31,29,66,157,103,136,74,188,144,118,147,0,101,61,45,138,167,180,78,128,42,57,37,121,162,126,143,160,91,1,33,124,94,196,52,182,92,197,82,23,189,81,87,85,104,20,146,193,9,190,170,95,38,139,19,194,51,149,34,127,175,123,176,67,32,72,163,25,70,65,16,130,11,113,156,71,165,184,125,8,173,18,131,110,41,59,80,100,30,134,148,195,97,58,6,151,7,191,181,68,198,142,137,158,54,36,119,187,39,107,55,14,13,111,84,89,75,4,15,135,53,183,69,159,164,90,28,155,73,99,106,93,115,152,35,161,102,86,133,76,122,116,49,46,109,56,21,108,192,40,169,129,132,154,60,177,27,43,145,96,171,141,98,114,64,79,179,47,88,5,186,199,83,153,105,174,150,10,185,62,44,140,168,17,48,63];False
1905;7544;9449;[118,172,12,22,26,178,147,3,2,130,132,117,77,112,106,136,66,157,103,105,74,188,93,31,6,149,101,61,45,138,41,49,78,128,42,57,37,121,162,126,143,160,91,1,33,124,94,196,36,182,140,92,82,23,189,81,87,85,104,46,146,193,9,144,170,95,38,139,19,20,51,0,34,194,180,123,176,67,32,72,163,25,70,65,16,190,11,113,156,71,165,184,50,8,173,18,131,110,167,59,80,100,30,134,148,195,97,137,175,151,7,191,181,68,198,142,58,158,54,52,119,187,39,107,55,14,13,111,84,89,75,4,15,135,53,183,69,159,164,90,28,155,73,99,109,24,115,152,35,161,102,86,133,76,122,116,44,125,145,56,21,108,192,40,169,129,29,154,60,177,27,43,127,96,171,141,98,114,64,79,179,47,88,5,186,199,83,153,166,174,150,10,185,62,120,197,168,17,48,63];False
2554;7093;9647;[198,174,178,190,193,109,8,118,172,12,130,117,77,112,93,10,66,157,103,105,74,188,144,31,149,87,167,61,45,138,41,49,78,128,42,57,3,121,162,126,143,160,91,1,33,124,147,196,36,44,140,92,82,23,189,81,0,85,22,26,176,46,9,35,170,95,38,139,19,20,51,50,34,194,180,4,84,67,32,72,163,25,70,65,16,37,195,113,156,71,165,184,146,94,173,18,131,110,101,59,80,100,30,134,148,11,97,58,175,151,7,191,181,68,123,142,137,158,54,52,119,187,39,107,55,14,13,111,132,89,75,129,15,135,53,183,69,159,164,90,28,155,73,99,106,136,115,152,2,161,102,86,133,76,122,116,104,125,145,56,21,108,192,40,169,182,29,154,60,177,27,43,127,96,171,141,98,114,64,79,179,47,88,5,186,199,83,153,166,24,150,6,185,62,120,197,168,17,48,63];False
2520;7115;9635;[50,180,147,118,109,44,31,37,172,12,130,117,77,112,93,184,66,157,103,105,74,188,144,146,6,2,167,61,45,138,41,49,78,128,42,57,3,121,162,126,143,160,91,1,33,124,94,196,36,46,140,92,82,23,189,81,0,85,22,26,176,193,9,178,170,95,38,139,65,20,51,149,34,198,174,4,84,67,32,72,163,25,70,19,16,190,11,113,156,71,165,87,194,8,173,18,131,110,101,59,80,100,30,134,148,195,97,58,175,151,7,191,181,68,123,142,137,158,54,52,119,187,39,107,55,14,13,111,132,89,75,129,15,135,53,183,69,159,164,90,28,155,73,99,106,136,115,152,35,161,102,86,133,76,122,116,104,125,145,56,21,108,192,40,169,182,29,154,60,177,27,43,127,96,171,141,98,114,64,79,179,47,88,5,186,199,83,153,166,24,150,10,185,62,120,197,168,17,48,63];False
1752;7735;9487;[111,172,12,22,26,178,120,3,2,130,84,117,77,112,31,29,66,157,103,105,74,188,93,118,147,0,101,61,45,138,167,180,78,128,42,57,37,121,162,126,143,160,91,1,33,124,94,196,52,182,140,92,82,23,189,81,87,85,104,20,146,193,9,144,170,95,38,139,19,194,51,149,34,127,175,123,176,67,32,72,137,25,70,65,16,190,11,113,156,71,165,184,125,8,173,18,131,110,41,59,80,100,30,134,148,195,97,58,6,151,7,191,181,68,198,142,163,158,54,36,119,187,39,107,55,14,13,197,132,89,75,4,15,135,53,183,69,159,164,90,28,155,73,99,106,136,115,152,35,161,102,86,133,76,122,116,49,46,109,56,21,108,192,40,169,129,24,154,60,177,27,43,145,96,171,141,98,114,64,79,179,47,88,5,186,199,83,153,166,174,150,10,185,62,44,50,168,17,48,63];False
1751;7864;9615;[50,172,12,22,26,139,120,3,2,166,24,117,77,112,31,29,66,157,103,136,74,188,144,118,147,0,101,61,45,138,167,180,78,128,42,57,37,121,162,126,143,160,91,1,33,124,94,196,52,182,92,197,82,23,189,81,87,85,104,20,146,193,9,190,170,95,38,178,19,194,51,149,34,127,175,123,176,67,32,72,163,25,70,65,16,130,11,113,156,71,165,184,125,8,173,18,131,110,41,59,80,100,30,134,148,195,97,58,6,151,7,191,181,68,198,142,137,158,54,36,119,187,39,107,55,14,13,111,84,89,75,4,15,135,53,183,69,159,164,90,28,155,73,99,106,93,115,152,35,161,102,86,133,76,122,116,49,46,109,56,21,108,192,40,169,129,132,154,60,177,27,43,145,96,171,141,98,114,64,79,179,47,88,5,186,199,83,153,105,174,150,10,185,62,44,140,168,17,48,63];False
1908;7523;9431;[118,172,12,22,26,178,147,3,2,130,84,117,77,112,106,136,66,157,103,105,74,188,93,31,6,149,101,61,45,138,41,49,78,128,42,57,37,121,162,126,143,160,91,1,33,124,94,196,36,182,140,92,82,23,189,81,87,85,104,46,146,193,9,144,170,95,38,139,19,20,51,0,34,194,180,123,176,67,32,72,163,25,70,65,16,190,11,113,156,71,165,184,50,8,173,18,131,110,167,59,80,100,30,134,148,195,97,137,175,151,7,191,181,68,198,142,58,158,54,52,119,187,39,107,55,14,13,111,132,89,75,4,15,135,53,183,69,159,164,90,28,155,73,99,109,24,115,152,35,161,102,86,133,76,122,116,44,125,145,56,21,108,192,40,169,129,29,154,60,177,27,43,127,96,171,141,98,114,64,79,179,47,88,5,186,199,83,153,166,174,150,10,185,62,120,197,168,17,48,63];True
2533;7103;9636;[198,174,8,190,193,109,178,118,172,12,130,117,77,112,93,10,66,157,103,105,74,188,144,31,149,87,167,61,45,138,41,49,78,128,42,57,3,121,162,126,143,160,91,1,33,124,147,196,36,44,140,92,82,23,189,81,0,85,22,26,176,46,9,35,170,95,38,139,19,20,51,50,34,194,180,4,84,67,32,72,163,25,70,65,16,37,195,113,156,71,165,184,146,94,173,18,131,110,101,59,80,100,30,134,148,11,97,58,175,151,7,191,181,68,123,142,137,158,54,52,119,187,39,107,55,14,13,111,132,89,75,129,15,135,53,183,69,159,164,90,28,155,73,99,106,136,115,152,2,161,102,86,133,76,122,116,104,125,145,56,21,108,192,40,169,182,29,154,60,177,27,43,127,96,171,141,98,114,64,79,179,47,88,5,186,199,83,153,166,24,150,6,185,62,120,197,168,17,48,63];False
2484;7119;9603;[50,180,147,37,109,44,31,118,172,12,130,117,77,112,93,184,66,157,103,105,74,188,144,146,6,2,167,61,45,138,41,49,78,128,42,57,3,121,162,126,143,160,91,1,33,124,94,196,36,46,140,92,82,23,189,81,0,85,22,26,176,193,9,178,170,95,38,139,65,20,51,149,34,198,174,4,84,67,32,72,163,25,70,19,16,190,11,113,156,71,165,87,194,8,173,18,131,110,101,59,80,100,30,134,148,195,97,58,175,151,7,191,181,68,123,142,137,158,54,52,119,187,39,107,55,14,13,111,132,89,75,129,15,135,53,183,69,159,164,90,28,155,73,99,106,136,115,152,35,161,102,86,133,76,122,116,104,125,145,56,21,108,192,40,169,182,29,154,60,177,27,43,127,96,171,141,98,114,64,79,179,47,88,5,186,199,83,153,166,24,150,10,185,62,120,197,168,17,48,63];False
1791;7708;9499;[78,172,12,22,26,178,120,3,2,130,84,117,77,112,31,29,66,157,103,105,74,188,93,118,147,0,101,61,45,138,167,180,111,128,42,57,37,121,162,126,143,160,91,1,33,124,94,196,52,182,140,92,82,23,189,81,87,85,104,20,146,193,9,144,170,95,38,139,19,194,51,149,34,127,175,123,176,67,32,72,137,25,70,65,16,190,11,113,156,71,165,184,125,8,173,18,131,110,41,59,80,100,30,134,148,195,97,58,6,151,7,191,181,68,198,142,163,158,54,36,119,187,39,107,55,14,13,197,132,89,75,4,15,135,53,183,69,159,164,90,28,155,73,99,106,136,115,152,35,161,102,86,133,76,122,116,49,46,109,56,21,108,192,40,169,129,24,154,60,177,27,43,145,96,171,141,98,114,64,79,179,47,88,5,186,199,83,153,166,174,150,10,185,62,44,50,168,17,48,63];False
1931;7495;9426;[50,172,12,22,26,178,147,3,2,130,84,117,77,112,106,136,66,157,103,105,74,188,93,31,6,149,101,61,45,138,41,49,78,128,42,57,37,121,162,126,143,160,91,1,33,124,94,196,36,182,140,92,82,23,189,81,87,85,104,46,146,193,9,144,170,95,38,139,19,20,51,0,34,194,180,123,176,67,32,72,163,25,70,65,16,190,11,113,156,71,165,184,118,8,173,18,131,110,167,59,80,100,30,134,148,195,97,137,175,151,7,191,181,68,198,142,58,158,54,52,119,187,39,107,55,14,13,111,132,89,75,4,15,135,53,183,69,159,164,90,28,155,73,99,109,24,115,152,35,161,102,86,133,76,122,116,44,125,145,56,21,108,192,40,169,129,29,154,60,177,27,43,127,96,171,141,98,114,64,79,179,47,88,5,186,199,83,153,166,174,150,10,185,62,120,197,168,17,48,63];False
2572;7079;9651;[198,174,190,8,193,109,178,118,172,12,130,117,77,112,93,10,66,157,103,105,74,188,144,31,149,87,167,61,45,138,41,49,78,128,42,57,3,121,162,126,143,160,91,1,33,124,147,196,36,44,140,92,82,23,189,81,0,85,22,26,176,46,9,35,170,95,38,139,19,20,51,50,34,194,180,4,84,67,32,72,163,25,70,65,16,37,195,113,156,71,165,184,146,94,173,18,131,110,101,59,80,100,30,134,148,11,97,58,175,151,7,191,181,68,123,142,137,158,54,52,119,187,39,107,55,14,13,111,132,89,75,129,15,135,53,183,69,159,164,90,28,155,73,99,106,136,115,152,2,161,102,86,133,76,122,116,104,125,145,56,21,108,192,40,169,182,29,154,60,177,27,43,127,96,171,141,98,114,64,79,179,47,88,5,186,199,83,153,166,24,150,6,185,62,120,197,168,17,48,63];False
2507;7112;9619;[50,31,147,37,109,44,180,118,172,12,130,117,77,112,93,184,66,157,103,105,74,188,144,146,6,2,167,61,45,138,41,49,78,128,42,57,3,121,162,126,143,160,91,1,33,124,94,196,36,46,140,92,82,23,189,81,0,85,22,26,176,193,9,178,170,95,38,139,65,20,51,149,34,198,174,4,84,67,32,72,163,25,70,19,16,190,11,113,156,71,165,87,194,8,173,18,131,110,101,59,80,100,30,134,148,195,97,58,175,151,7,191,181,68,123,142,137,158,54,52,119,187,39,107,55,14,13,111,132,89,75,129,15,135,53,183,69,159,164,90,28,155,73,99,106,136,115,152,35,161,102,86,133,76,122,116,104,125,145,56,21,108,192,40,169,182,29,154,60,177,27,43,127,96,171,141,98,114,64,79,179,47,88,5,186,199,83,153,166,24,150,10,185,62,120,197,168,17,48,63];False
1739;7774;9513;[167,172,12,22,26,178,120,3,2,130,84,117,77,112,31,29,66,157,103,105,74,188,93,118,147,0,101,61,45,138,78,180,111,128,42,57,37,121,162,126,143,160,91,1,33,124,94,196,52,182,140,92,82,23,189,81,87,85,104,20,146,193,9,144,170,95,38,139,19,194,51,149,34,127,175,123,176,67,32,72,137,25,70,65,16,190,11,113,156,71,165,184,125,8,173,18,131,110,41,59,80,100,30,134,148,195,97,58,6,151,7,191,181,68,198,142,163,158,54,36,119,187,39,107,55,14,13,197,132,89,75,4,15,135,53,183,69,159,164,90,28,155,73,99,106,136,115,152,35,161,102,86,133,76,122,116,49,46,109,56,21,108,192,40,169,129,24,154,60,177,27,43,145,96,171,141,98,114,64,79,179,47,88,5,186,199,83,153,166,174,150,10,185,62,44,50,168,17,48,63];False
1941;7489;9430;[50,172,12,22,26,178,147,3,2,130,84,117,77,112,106,136,66,157,103,105,74,188,144,31,6,149,101,61,45,138,41,49,78,128,42,57,37,121,162,126,143,160,91,1,33,124,94,196,36,182,140,92,82,23,189,81,87,85,104,46,146,193,9,93,170,95,38,139,19,20,51,0,34,194,180,123,176,67,32,72,163,25,70,65,16,190,11,113,156,71,165,184,118,8,173,18,131,110,167,59,80,100,30,134,148,195,97,137,175,151,7,191,181,68,198,142,58,158,54,52,119,187,39,107,55,14,13,111,132,89,75,4,15,135,53,183,69,159,164,90,28,155,73,99,109,24,115,152,35,161,102,86,133,76,122,116,44,125,145,56,21,108,192,40,169,129,29,154,60,177,27,43,127,96,171,141,98,114,64,79,179,47,88,5,186,199,83,153,166,174,150,10,185,62,120,197,168,17,48,63];False
2559;7077;9636;[198,174,190,149,193,109,178,118,172,12,130,117,77,112,93,10,66,157,103,105,74,188,144,31,8,87,167,61,45,138,41,49,78,128,42,57,3,121,162,126,143,160,91,1,33,124,147,196,36,44,140,92,82,23,189,81,0,85,22,26,176,46,9,35,170,95,38,139,19,20,51,50,34,194,180,4,84,67,32,72,163,25,70,65,16,37,195,113,156,71,165,184,146,94,173,18,131,110,101,59,80,100,30,134,148,11,97,58,175,151,7,191,181,68,123,142,137,158,54,52,119,187,39,107,55,14,13,111,132,89,75,129,15,135,53,183,69,159,164,90,28,155,73,99,106,136,115,152,2,161,102,86,133,76,122,116,104,125,145,56,21,108,192,40,169,182,29,154,60,177,27,43,127,96,171,141,98,114,64,79,179,47,88,5,186,199,83,153,166,24,150,6,185,62,120,197,168,17,48,63];True
2444;7114;9558;[50,146,147,37,109,44,180,118,172,12,130,117,77,112,93,184,66,157,103,105,74,188,144,31,6,2,167,61,45,138,41,49,78,128,42,57,3,121,162,126,143,160,91,1,33,124,94,196,36,46,140,92,82,23,189,81,0,85,22,26,176,193,9,178,170,95,38,139,65,20,51,149,34,198,174,4,84,67,32,72,163,25,70,19,16,190,11,113,156,71,165,87,194,8,173,18,131,110,101,59,80,100,30,134,148,195,97,58,175,151,7,191,181,68,123,142,137,158,54,52,119,187,39,107,55,14,13,111,132,89,75,129,15,135,53,183,69,159,164,90,28,155,73,99,106,136,115,152,35,161,102,86,133,76,122,116,104,125,145,56,21,108,192,40,169,182,29,154,60,177,27,43,127,96,171,141,98,114,64,79,179,47,88,5,186,199,83,153,166,24,150,10,185,62,120,197,168,17,48,63];True
1785;7722;9507;[146,172,12,22,26,178,120,3,2,130,84,117,77,112,31,29,66,157,103,105,74,188,93,118,147,0,101,61,45,138,78,180,111,128,42,57,37,121,162,126,143,160,91,1,33,124,94,196,52,182,140,92,82,23,189,81,87,85,104,20,167,193,9,144,170,95,38,139,19,194,51,149,34,127,175,123,176,67,32,72,137,25,70,65,16,190,11,113,156,71,165,184,125,8,173,18,131,110,41,59,80,100,30,134,148,195,97,58,6,151,7,191,181,68,198,142,163,158,54,36,119,187,39,107,55,14,13,197,132,89,75,4,15,135,53,183,69,159,164,90,28,155,73,99,106,136,115,152,35,161,102,86,133,76,122,116,49,46,109,56,21,108,192,40,169,129,24,154,60,177,27,43,145,96,171,141,98,114,64,79,179,47,88,5,186,199,83,153,166,174,150,10,185,62,44,50,168,17,48,63];False
1918;7517;9435;[118,172,12,22,26,178,147,3,2,130,84,117,77,112,106,136,66,157,103,105,74,188,144,31,6,149,101,61,45,138,41,49,78,128,42,57,37,121,162,126,143,160,91,1,33,124,94,196,36,182,140,92,82,23,189,81,87,85,104,46,146,193,9,93,170,95,38,139,19,20,51,0,34,194,180,123,176,67,32,72,163,25,70,65,16,190,11,113,156,71,165,184,50,8,173,18,131,110,167,59,80,100,30,134,148,195,97,137,175,151,7,191,181,68,198,142,58,158,54,52,119,187,39,107,55,14,13,111,132,89,75,4,15,135,53,183,69,159,164,90,28,155,73,99,109,24,115,152,35,161,102,86,133,76,122,116,44,125,145,56,21,108,192,40,169,129,29,154,60,177,27,43,127,96,171,141,98,114,64,79,179,47,88,5,186,199,83,153,166,174,150,10,185,62,120,197,168,17,48,63];False
2553;7093;9646;[198,174,61,149,193,109,178,118,172,12,130,117,77,112,93,10,66,157,103,105,74,188,144,31,8,87,167,190,45,138,41,49,78,128,42,57,3,121,162,126,143,160,91,1,33,124,147,196,36,44,140,92,82,23,189,81,0,85,22,26,176,46,9,35,170,95,38,139,19,20,51,50,34,194,180,4,84,67,32,72,163,25,70,65,16,37,195,113,156,71,165,184,146,94,173,18,131,110,101,59,80,100,30,134,148,11,97,58,175,151,7,191,181,68,123,142,137,158,54,52,119,187,39,107,55,14,13,111,132,89,75,129,15,135,53,183,69,159,164,90,28,155,73,99,106,136,115,152,2,161,102,86,133,76,122,116,104,125,145,56,21,108,192,40,169,182,29,154,60,177,27,43,127,96,171,141,98,114,64,79,179,47,88,5,186,199,83,153,166,24,150,6,185,62,120,197,168,17,48,63];False
2421;7129;9550;[50,53,147,37,109,44,180,118,172,12,130,117,77,112,93,184,66,157,103,105,74,188,144,31,6,2,167,61,45,138,41,49,78,128,42,57,3,121,162,126,143,160,91,1,33,124,94,196,36,46,140,92,82,23,189,81,0,85,22,26,176,193,9,178,170,95,38,139,65,20,51,149,34,198,174,4,84,67,32,72,163,25,70,19,16,190,11,113,156,71,165,87,194,8,173,18,131,110,101,59,80,100,30,134,148,195,97,58,175,151,7,191,181,68,123,142,137,158,54,52,119,187,39,107,55,14,13,111,132,89,75,129,15,135,146,183,69,159,164,90,28,155,73,99,106,136,115,152,35,161,102,86,133,76,122,116,104,125,145,56,21,108,192,40,169,182,29,154,60,177,27,43,127,96,171,141,98,114,64,79,179,47,88,5,186,199,83,153,166,24,150,10,185,62,120,197,168,17,48,63];False
1824;7675;9499;[78,172,12,22,26,178,120,3,2,130,84,117,77,112,31,29,66,157,103,105,74,188,93,118,147,0,101,61,45,138,146,180,111,128,42,57,37,121,162,126,143,160,91,1,33,124,94,196,52,182,140,92,82,23,189,81,87,85,104,20,167,193,9,144,170,95,38,139,19,194,51,149,34,127,175,123,176,67,32,72,137,25,70,65,16,190,11,113,156,71,165,184,125,8,173,18,131,110,41,59,80,100,30,134,148,195,97,58,6,151,7,191,181,68,198,142,163,158,54,36,119,187,39,107,55,14,13,197,132,89,75,4,15,135,53,183,69,159,164,90,28,155,73,99,106,136,115,152,35,161,102,86,133,76,122,116,49,46,109,56,21,108,192,40,169,129,24,154,60,177,27,43,145,96,171,141,98,114,64,79,179,47,88,5,186,199,83,153,166,174,150,10,185,62,44,50,168,17,48,63];False
1923;7497;9420;[118,172,12,22,26,178,147,3,2,130,84,117,77,112,106,136,66,157,103,105,74,188,144,31,6,0,101,61,45,138,41,49,78,128,42,57,37,121,162,126,143,160,91,1,33,124,94,196,36,182,140,92,82,23,189,81,87,85,104,46,146,193,9,93,170,95,38,139,19,20,51,149,34,194,180,123,176,67,32,72,163,25,70,65,16,190,11,113,156,71,165,184,50,8,173,18,131,110,167,59,80,100,30,134,148,195,97,137,175,151,7,191,181,68,198,142,58,158,54,52,119,187,39,107,55,14,13,111,132,89,75,4,15,135,53,183,69,159,164,90,28,155,73,99,109,24,115,152,35,161,102,86,133,76,122,116,44,125,145,56,21,108,192,40,169,129,29,154,60,177,27,43,127,96,171,141,98,114,64,79,179,47,88,5,186,199,83,153,166,174,150,10,185,62,120,197,168,17,48,63];False
2550;7102;9652;[198,174,61,149,193,109,147,118,172,12,130,117,77,112,93,10,66,157,103,105,74,188,144,31,8,87,167,190,45,138,41,49,78,128,42,57,3,121,162,126,143,160,91,1,33,124,178,196,36,44,140,92,82,23,189,81,0,85,22,26,176,46,9,35,170,95,38,139,19,20,51,50,34,194,180,4,84,67,32,72,163,25,70,65,16,37,195,113,156,71,165,184,146,94,173,18,131,110,101,59,80,100,30,134,148,11,97,58,175,151,7,191,181,68,123,142,137,158,54,52,119,187,39,107,55,14,13,111,132,89,75,129,15,135,53,183,69,159,164,90,28,155,73,99,106,136,115,152,2,161,102,86,133,76,122,116,104,125,145,56,21,108,192,40,169,182,29,154,60,177,27,43,127,96,171,141,98,114,64,79,179,47,88,5,186,199,83,153,166,24,150,6,185,62,120,197,168,17,48,63];False
2514;7109;9623;[50,53,180,37,109,44,147,118,172,12,130,117,77,112,93,184,66,157,103,105,74,188,144,31,6,2,167,61,45,138,41,49,78,128,42,57,3,121,162,126,143,160,91,1,33,124,94,196,36,46,140,92,82,23,189,81,0,85,22,26,176,193,9,178,170,95,38,139,65,20,51,149,34,198,174,4,84,67,32,72,163,25,70,19,16,190,11,113,156,71,165,87,194,8,173,18,131,110,101,59,80,100,30,134,148,195,97,58,175,151,7,191,181,68,123,142,137,158,54,52,119,187,39,107,55,14,13,111,132,89,75,129,15,135,146,183,69,159,164,90,28,155,73,99,106,136,115,152,35,161,102,86,133,76,122,116,104,125,145,56,21,108,192,40,169,182,29,154,60,177,27,43,127,96,171,141,98,114,64,79,179,47,88,5,186,199,83,153,166,24,150,10,185,62,120,197,168,17,48,63];False
1785;7702;9487;[111,172,12,22,26,178,120,3,2,130,84,117,77,112,31,29,66,157,103,105,74,188,93,118,147,0,101,61,45,138,146,180,78,128,42,57,37,121,162,126,143,160,91,1,33,124,94,196,52,182,140,92,82,23,189,81,87,85,104,20,167,193,9,144,170,95,38,139,19,194,51,149,34,127,175,123,176,67,32,72,137,25,70,65,16,190,11,113,156,71,165,184,125,8,173,18,131,110,41,59,80,100,30,134,148,195,97,58,6,151,7,191,181,68,198,142,163,158,54,36,119,187,39,107,55,14,13,197,132,89,75,4,15,135,53,183,69,159,164,90,28,155,73,99,106,136,115,152,35,161,102,86,133,76,122,116,49,46,109,56,21,108,192,40,169,129,24,154,60,177,27,43,145,96,171,141,98,114,64,79,179,47,88,5,186,199,83,153,166,174,150,10,185,62,44,50,168,17,48,63];False
1946;7469;9415;[50,172,12,22,26,178,147,3,2,130,84,117,77,112,106,136,66,157,103,105,74,188,144,31,6,0,101,61,45,138,41,49,78,128,42,57,37,121,162,126,143,160,91,1,33,124,94,196,36,182,140,92,82,23,189,81,87,85,104,46,146,193,9,93,170,95,38,139,19,20,51,149,34,194,180,123,176,67,32,72,163,25,70,65,16,190,11,113,156,71,165,184,118,8,173,18,131,110,167,59,80,100,30,134,148,195,97,137,175,151,7,191,181,68,198,142,58,158,54,52,119,187,39,107,55,14,13,111,132,89,75,4,15,135,53,183,69,159,164,90,28,155,73,99,109,24,115,152,35,161,102,86,133,76,122,116,44,125,145,56,21,108,192,40,169,129,29,154,60,177,27,43,127,96,171,141,98,114,64,79,179,47,88,5,186,199,83,153,166,174,150,10,185,62,120,197,168,17,48,63];False
2556;7086;9642;[198,174,190,149,193,109,147,118,172,12,130,117,77,112,93,10,66,157,103,105,74,188,144,31,8,87,167,61,45,138,41,49,78,128,42,57,3,121,162,126,143,160,91,1,33,124,178,196,36,44,140,92,82,23,189,81,0,85,22,26,176,46,9,35,170,95,38,139,19,20,51,50,34,194,180,4,84,67,32,72,163,25,70,65,16,37,195,113,156,71,165,184,146,94,173,18,131,110,101,59,80,100,30,134,148,11,97,58,175,151,7,191,181,68,123,142,137,158,54,52,119,187,39,107,55,14,13,111,132,89,75,129,15,135,53,183,69,159,164,90,28,155,73,99,106,136,115,152,2,161,102,86,133,76,122,116,104,125,145,56,21,108,192,40,169,182,29,154,60,177,27,43,127,96,171,141,98,114,64,79,179,47,88,5,186,199,83,153,166,24,150,6,185,62,120,197,168,17,48,63];False
2499;7109;9608;[50,146,180,37,109,44,147,118,172,12,130,117,77,112,93,184,66,157,103,105,74,188,144,31,6,2,167,61,45,138,41,49,78,128,42,57,3,121,162,126,143,160,91,1,33,124,94,196,36,46,140,92,82,23,189,81,0,85,22,26,176,193,9,178,170,95,38,139,65,20,51,149,34,198,174,4,84,67,32,72,163,25,70,19,16,190,11,113,156,71,165,87,194,8,173,18,131,110,101,59,80,100,30,134,148,195,97,58,175,151,7,191,181,68,123,142,137,158,54,52,119,187,39,107,55,14,13,111,132,89,75,129,15,135,53,183,69,159,164,90,28,155,73,99,106,136,115,152,35,161,102,86,133,76,122,116,104,125,145,56,21,108,192,40,169,182,29,154,60,177,27,43,127,96,171,141,98,114,64,79,179,47,88,5,186,199,83,153,166,24,150,10,185,62,120,197,168,17,48,63];False
1838;7644;9482;[145,172,12,22,26,178,120,3,2,130,84,117,77,112,31,29,66,157,103,105,74,188,93,118,147,0,101,61,45,138,146,180,78,128,42,57,37,121,162,126,143,160,91,1,33,124,94,196,52,182,140,92,82,23,189,81,87,85,104,20,167,193,9,144,170,95,38,139,19,194,51,149,34,127,175,123,176,67,32,72,137,25,70,65,16,190,11,113,156,71,165,184,125,8,173,18,131,110,41,59,80,100,30,134,148,195,97,58,6,151,7,191,181,68,198,142,163,158,54,36,119,187,39,107,55,14,13,197,132,89,75,4,15,135,53,183,69,159,164,90,28,155,73,99,106,136,115,152,35,161,102,86,133,76,122,116,49,46,109,56,21,108,192,40,169,129,24,154,60,177,27,43,111,96,171,141,98,114,64,79,179,47,88,5,186,199,83,153,166,174,150,10,185,62,44,50,168,17,48,63];False
1961;7454;9415;[50,172,12,22,26,93,147,3,2,130,84,117,77,112,106,136,66,157,103,105,74,188,144,31,6,0,101,61,45,138,41,49,78,128,42,57,37,121,162,126,143,160,91,1,33,124,94,196,36,182,140,92,82,23,189,81,87,85,104,46,146,193,9,178,170,95,38,139,19,20,51,149,34,194,180,123,176,67,32,72,163,25,70,65,16,190,11,113,156,71,165,184,118,8,173,18,131,110,167,59,80,100,30,134,148,195,97,137,175,151,7,191,181,68,198,142,58,158,54,52,119,187,39,107,55,14,13,111,132,89,75,4,15,135,53,183,69,159,164,90,28,155,73,99,109,24,115,152,35,161,102,86,133,76,122,116,44,125,145,56,21,108,192,40,169,129,29,154,60,177,27,43,127,96,171,141,98,114,64,79,179,47,88,5,186,199,83,153,166,174,150,10,185,62,120,197,168,17,48,63];False
2524;7087;9611;[198,174,142,149,193,109,147,118,172,12,130,117,77,112,93,10,66,157,103,105,74,188,144,31,8,87,167,61,45,138,41,49,78,128,42,57,3,121,162,126,143,160,91,1,33,124,178,196,36,44,140,92,82,23,189,81,0,85,22,26,176,46,9,35,170,95,38,139,19,20,51,50,34,194,180,4,84,67,32,72,163,25,70,65,16,37,195,113,156,71,165,184,146,94,173,18,131,110,101,59,80,100,30,134,148,11,97,58,175,151,7,191,181,68,123,190,137,158,54,52,119,187,39,107,55,14,13,111,132,89,75,129,15,135,53,183,69,159,164,90,28,155,73,99,106,136,115,152,2,161,102,86,133,76,122,116,104,125,145,56,21,108,192,40,169,182,29,154,60,177,27,43,127,96,171,141,98,114,64,79,179,47,88,5,186,199,83,153,166,24,150,6,185,62,120,197,168,17,48,63];True
2483;7109;9592;[50,146,180,118,109,44,147,37,172,12,130,117,77,112,93,184,66,157,103,105,74,188,144,31,6,2,167,61,45,138,41,49,78,128,42,57,3,121,162,126,143,160,91,1,33,124,94,196,36,46,140,92,82,23,189,81,0,85,22,26,176,193,9,178,170,95,38,139,65,20,51,149,34,198,174,4,84,67,32,72,163,25,70,19,16,190,11,113,156,71,165,87,194,8,173,18,131,110,101,59,80,100,30,134,148,195,97,58,175,151,7,191,181,68,123,142,137,158,54,52,119,187,39,107,55,14,13,111,132,89,75,129,15,135,53,183,69,159,164,90,28,155,73,99,106,136,115,152,35,161,102,86,133,76,122,116,104,125,145,56,21,108,192,40,169,182,29,154,60,177,27,43,127,96,171,141,98,114,64,79,179,47,88,5,186,199,83,153,166,24,150,10,185,62,120,197,168,17,48,63];False
1845;7613;9458;[194,172,12,22,26,178,120,3,2,130,84,117,77,112,31,29,66,157,103,105,74,188,93,118,147,0,101,61,45,138,146,180,78,128,42,57,37,121,162,126,143,160,91,1,33,124,94,196,52,182,140,92,82,23,189,81,87,85,104,20,167,193,9,144,170,95,38,139,19,145,51,149,34,127,175,123,176,67,32,72,137,25,70,65,16,190,11,113,156,71,165,184,125,8,173,18,131,110,41,59,80,100,30,134,148,195,97,58,6,151,7,191,181,68,198,142,163,158,54,36,119,187,39,107,55,14,13,197,132,89,75,4,15,135,53,183,69,159,164,90,28,155,73,99,106,136,115,152,35,161,102,86,133,76,122,116,49,46,109,56,21,108,192,40,169,129,24,154,60,177,27,43,111,96,171,141,98,114,64,79,179,47,88,5,186,199,83,153,166,174,150,10,185,62,44,50,168,17,48,63];False
1938;7482;9420;[118,172,12,22,26,93,147,3,2,130,84,117,77,112,106,136,66,157,103,105,74,188,144,31,6,0,101,61,45,138,41,49,78,128,42,57,37,121,162,126,143,160,91,1,33,124,94,196,36,182,140,92,82,23,189,81,87,85,104,46,146,193,9,178,170,95,38,139,19,20,51,149,34,194,180,123,176,67,32,72,163,25,70,65,16,190,11,113,156,71,165,184,50,8,173,18,131,110,167,59,80,100,30,134,148,195,97,137,175,151,7,191,181,68,198,142,58,158,54,52,119,187,39,107,55,14,13,111,132,89,75,4,15,135,53,183,69,159,164,90,28,155,73,99,109,24,115,152,35,161,102,86,133,76,122,116,44,125,145,56,21,108,192,40,169,129,29,154,60,177,27,43,127,96,171,141,98,114,64,79,179,47,88,5,186,199,83,153,166,174,150,10,185,62,120,197,168,17,48,63];False
2520;7095;9615;[198,142,174,149,193,109,147,118,172,12,130,117,77,112,93,10,66,157,103,105,74,188,144,31,8,87,167,61,45,138,41,49,78,128,42,57,3,121,162,126,143,160,91,1,33,124,178,196,36,44,140,92,82,23,189,81,0,85,22,26,176,46,9,35,170,95,38,139,19,20,51,50,34,194,180,4,84,67,32,72,163,25,70,65,16,37,195,113,156,71,165,184,146,94,173,18,131,110,101,59,80,100,30,134,148,11,97,58,175,151,7,191,181,68,123,190,137,158,54,52,119,187,39,107,55,14,13,111,132,89,75,129,15,135,53,183,69,159,164,90,28,155,73,99,106,136,115,152,2,161,102,86,133,76,122,116,104,125,145,56,21,108,192,40,169,182,29,154,60,177,27,43,127,96,171,141,98,114,64,79,179,47,88,5,186,199,83,153,166,24,150,6,185,62,120,197,168,17,48,63];True
2512;7106;9618;[50,21,180,118,109,44,147,37,172,12,130,117,77,112,93,184,66,157,103,105,74,188,144,31,6,2,167,61,45,138,41,49,78,128,42,57,3,121,162,126,143,160,91,1,33,124,94,196,36,46,140,92,82,23,189,81,0,85,22,26,176,193,9,178,170,95,38,139,65,20,51,149,34,198,174,4,84,67,32,72,163,25,70,19,16,190,11,113,156,71,165,87,194,8,173,18,131,110,101,59,80,100,30,134,148,195,97,58,175,151,7,191,181,68,123,142,137,158,54,52,119,187,39,107,55,14,13,111,132,89,75,129,15,135,53,183,69,159,164,90,28,155,73,99,106,136,115,152,35,161,102,86,133,76,122,116,104,125,145,56,146,108,192,40,169,182,29,154,60,177,27,43,127,96,171,141,98,114,64,79,179,47,88,5,186,199,83,153,166,24,150,10,185,62,120,197,168,17,48,63];False
1841;7620;9461;[194,172,12,22,26,178,120,3,2,130,84,117,77,112,31,29,66,157,103,105,74,188,144,118,147,0,101,61,45,138,146,180,78,128,42,57,37,121,162,126,143,160,91,1,33,124,94,196,52,182,140,92,82,23,189,81,87,85,104,20,167,193,9,93,170,95,38,139,19,145,51,149,34,127,175,123,176,67,32,72,137,25,70,65,16,190,11,113,156,71,165,184,125,8,173,18,131,110,41,59,80,100,30,134,148,195,97,58,6,151,7,191,181,68,198,142,163,158,54,36,119,187,39,107,55,14,13,197,132,89,75,4,15,135,53,183,69,159,164,90,28,155,73,99,106,136,115,152,35,161,102,86,133,76,122,116,49,46,109,56,21,108,192,40,169,129,24,154,60,177,27,43,111,96,171,141,98,114,64,79,179,47,88,5,186,199,83,153,166,174,150,10,185,62,44,50,168,17,48,63];False
1963;7437;9400;[118,172,12,22,26,93,147,3,2,130,84,117,77,112,106,136,66,157,103,105,74,188,144,31,6,0,167,61,45,138,41,49,78,128,42,57,37,121,162,126,143,160,91,1,33,124,94,196,36,182,140,92,82,23,189,81,87,85,104,46,146,193,9,178,170,95,38,139,19,20,51,149,34,194,180,123,176,67,32,72,163,25,70,65,16,190,11,113,156,71,165,184,50,8,173,18,131,110,101,59,80,100,30,134,148,195,97,137,175,151,7,191,181,68,198,142,58,158,54,52,119,187,39,107,55,14,13,111,132,89,75,4,15,135,53,183,69,159,164,90,28,155,73,99,109,24,115,152,35,161,102,86,133,76,122,116,44,125,145,56,21,108,192,40,169,129,29,154,60,177,27,43,127,96,171,141,98,114,64,79,179,47,88,5,186,199,83,153,166,174,150,10,185,62,120,197,168,17,48,63];False
2509;7108;9617;[198,142,167,149,193,109,147,118,172,12,130,117,77,112,93,10,66,157,103,105,74,188,144,31,8,87,174,61,45,138,41,49,78,128,42,57,3,121,162,126,143,160,91,1,33,124,178,196,36,44,140,92,82,23,189,81,0,85,22,26,176,46,9,35,170,95,38,139,19,20,51,50,34,194,180,4,84,67,32,72,163,25,70,65,16,37,195,113,156,71,165,184,146,94,173,18,131,110,101,59,80,100,30,134,148,11,97,58,175,151,7,191,181,68,123,190,137,158,54,52,119,187,39,107,55,14,13,111,132,89,75,129,15,135,53,183,69,159,164,90,28,155,73,99,106,136,115,152,2,161,102,86,133,76,122,116,104,125,145,56,21,108,192,40,169,182,29,154,60,177,27,43,127,96,171,141,98,114,64,79,179,47,88,5,186,199,83,153,166,24,150,6,185,62,120,197,168,17,48,63];False
2468;7113;9581;[50,21,180,4,109,44,147,37,172,12,130,117,77,112,93,184,66,157,103,105,74,188,144,31,6,2,167,61,45,138,41,49,78,128,42,57,3,121,162,126,143,160,91,1,33,124,94,196,36,46,140,92,82,23,189,81,0,85,22,26,176,193,9,178,170,95,38,139,65,20,51,149,34,198,174,118,84,67,32,72,163,25,70,19,16,190,11,113,156,71,165,87,194,8,173,18,131,110,101,59,80,100,30,134,148,195,97,58,175,151,7,191,181,68,123,142,137,158,54,52,119,187,39,107,55,14,13,111,132,89,75,129,15,135,53,183,69,159,164,90,28,155,73,99,106,136,115,152,35,161,102,86,133,76,122,116,104,125,145,56,146,108,192,40,169,182,29,154,60,177,27,43,127,96,171,141,98,114,64,79,179,47,88,5,186,199,83,153,166,24,150,10,185,62,120,197,168,17,48,63];False
1834;7651;9485;[145,172,12,22,26,178,120,3,2,130,84,117,77,112,31,29,66,157,103,105,74,188,144,118,147,0,101,61,45,138,146,180,78,128,42,57,37,121,162,126,143,160,91,1,33,124,94,196,52,182,140,92,82,23,189,81,87,85,104,20,167,193,9,93,170,95,38,139,19,194,51,149,34,127,175,123,176,67,32,72,137,25,70,65,16,190,11,113,156,71,165,184,125,8,173,18,131,110,41,59,80,100,30,134,148,195,97,58,6,151,7,191,181,68,198,142,163,158,54,36,119,187,39,107,55,14,13,197,132,89,75,4,15,135,53,183,69,159,164,90,28,155,73,99,106,136,115,152,35,161,102,86,133,76,122,116,49,46,109,56,21,108,192,40,169,129,24,154,60,177,27,43,111,96,171,141,98,114,64,79,179,47,88,5,186,199,83,153,166,174,150,10,185,62,44,50,168,17,48,63];False
1986;7409;9395;[50,172,12,22,26,93,147,3,2,130,84,117,77,112,106,136,66,157,103,105,74,188,144,31,6,0,167,61,45,138,41,49,78,128,42,57,37,121,162,126,143,160,91,1,33,124,94,196,36,182,140,92,82,23,189,81,87,85,104,46,146,193,9,178,170,95,38,139,19,20,51,149,34,194,180,123,176,67,32,72,163,25,70,65,16,190,11,113,156,71,165,184,118,8,173,18,131,110,101,59,80,100,30,134,148,195,97,137,175,151,7,191,181,68,198,142,58,158,54,52,119,187,39,107,55,14,13,111,132,89,75,4,15,135,53,183,69,159,164,90,28,155,73,99,109,24,115,152,35,161,102,86,133,76,122,116,44,125,145,56,21,108,192,40,169,129,29,154,60,177,27,43,127,96,171,141,98,114,64,79,179,47,88,5,186,199,83,153,166,174,150,10,185,62,120,197,168,17,48,63];False
2544;7081;9625;[198,174,167,149,193,109,147,118,172,12,130,117,77,112,93,10,66,157,103,105,74,188,144,31,8,87,142,61,45,138,41,49,78,128,42,57,3,121,162,126,143,160,91,1,33,124,178,196,36,44,140,92,82,23,189,81,0,85,22,26,176,46,9,35,170,95,38,139,19,20,51,50,34,194,180,4,84,67,32,72,163,25,70,65,16,37,195,113,156,71,165,184,146,94,173,18,131,110,101,59,80,100,30,134,148,11,97,58,175,151,7,191,181,68,123,190,137,158,54,52,119,187,39,107,55,14,13,111,132,89,75,129,15,135,53,183,69,159,164,90,28,155,73,99,106,136,115,152,2,161,102,86,133,76,122,116,104,125,145,56,21,108,192,40,169,182,29,154,60,177,27,43,127,96,171,141,98,114,64,79,179,47,88,5,186,199,83,153,166,24,150,6,185,62,120,197,168,17,48,63];True
2439;7116;9555;[50,146,180,4,109,44,147,37,172,12,130,117,77,112,93,184,66,157,103,105,74,188,144,31,6,2,167,61,45,138,41,49,78,128,42,57,3,121,162,126,143,160,91,1,33,124,94,196,36,46,140,92,82,23,189,81,0,85,22,26,176,193,9,178,170,95,38,139,65,20,51,149,34,198,174,118,84,67,32,72,163,25,70,19,16,190,11,113,156,71,165,87,194,8,173,18,131,110,101,59,80,100,30,134,148,195,97,58,175,151,7,191,181,68,123,142,137,158,54,52,119,187,39,107,55,14,13,111,132,89,75,129,15,135,53,183,69,159,164,90,28,155,73,99,106,136,115,152,35,161,102,86,133,76,122,116,104,125,145,56,21,108,192,40,169,182,29,154,60,177,27,43,127,96,171,141,98,114,64,79,179,47,88,5,186,199,83,153,166,24,150,10,185,62,120,197,168,17,48,63];True
1822;7661;9483;[109,172,12,22,26,178,120,3,2,130,84,117,77,112,31,29,66,157,103,105,74,188,144,118,147,0,101,61,45,138,146,180,78,128,42,57,37,121,162,126,143,160,91,1,33,124,94,196,52,182,140,92,82,23,189,81,87,85,104,20,167,193,9,93,170,95,38,139,19,194,51,149,34,127,175,123,176,67,32,72,137,25,70,65,16,190,11,113,156,71,165,184,125,8,173,18,131,110,41,59,80,100,30,134,148,195,97,58,6,151,7,191,181,68,198,142,163,158,54,36,119,187,39,107,55,14,13,197,132,89,75,4,15,135,53,183,69,159,164,90,28,155,73,99,106,136,115,152,35,161,102,86,133,76,122,116,49,46,145,56,21,108,192,40,169,129,24,154,60,177,27,43,111,96,171,141,98,114,64,79,179,47,88,5,186,199,83,153,166,174,150,10,185,62,44,50,168,17,48,63];False
1971;7424;9395;[50,172,12,22,26,178,147,3,2,130,84,117,77,112,106,136,66,157,103,105,74,188,144,31,6,0,167,61,45,138,41,49,78,128,42,57,37,121,162,126,143,160,91,1,33,124,94,196,36,182,140,92,82,23,189,81,87,85,104,46,146,193,9,93,170,95,38,139,19,20,51,149,34,194,180,123,176,67,32,72,163,25,70,65,16,190,11,113,156,71,165,184,118,8,173,18,131,110,101,59,80,100,30,134,148,195,97,137,175,151,7,191,181,68,198,142,58,158,54,52,119,187,39,107,55,14,13,111,132,89,75,4,15,135,53,183,69,159,164,90,28,155,73,99,109,24,115,152,35,161,102,86,133,76,122,116,44,125,145,56,21,108,192,40,169,129,29,154,60,177,27,43,127,96,171,141,98,114,64,79,179,47,88,5,186,199,83,153,166,174,150,10,185,62,120,197,168,17,48,63];False
2588;7056;9644;[198,174,149,167,193,109,147,118,172,12,130,117,77,112,93,10,66,157,103,105,74,188,144,31,8,87,142,61,45,138,41,49,78,128,42,57,3,121,162,126,143,160,91,1,33,124,178,196,36,44,140,92,82,23,189,81,0,85,22,26,176,46,9,35,170,95,38,139,19,20,51,50,34,194,180,4,84,67,32,72,163,25,70,65,16,37,195,113,156,71,165,184,146,94,173,18,131,110,101,59,80,100,30,134,148,11,97,58,175,151,7,191,181,68,123,190,137,158,54,52,119,187,39,107,55,14,13,111,132,89,75,129,15,135,53,183,69,159,164,90,28,155,73,99,106,136,115,152,2,161,102,86,133,76,122,116,104,125,145,56,21,108,192,40,169,182,29,154,60,177,27,43,127,96,171,141,98,114,64,79,179,47,88,5,186,199,83,153,166,24,150,6,185,62,120,197,168,17,48,63];True
2482;7107;9589;[50,146,180,37,109,44,147,4,172,12,130,117,77,112,93,184,66,157,103,105,74,188,144,31,6,2,167,61,45,138,41,49,78,128,42,57,3,121,162,126,143,160,91,1,33,124,94,196,36,46,140,92,82,23,189,81,0,85,22,26,176,193,9,178,170,95,38,139,65,20,51,149,34,198,174,118,84,67,32,72,163,25,70,19,16,190,11,113,156,71,165,87,194,8,173,18,131,110,101,59,80,100,30,134,148,195,97,58,175,151,7,191,181,68,123,142,137,158,54,52,119,187,39,107,55,14,13,111,132,89,75,129,15,135,53,183,69,159,164,90,28,155,73,99,106,136,115,152,35,161,102,86,133,76,122,116,104,125,145,56,21,108,192,40,169,182,29,154,60,177,27,43,127,96,171,141,98,114,64,79,179,47,88,5,186,199,83,153,166,24,150,10,185,62,120,197,168,17,48,63];False
1820;7636;9456;[118,172,12,22,26,178,120,3,2,130,84,117,77,112,31,29,66,157,103,105,74,188,144,109,147,0,101,61,45,138,146,180,78,128,42,57,37,121,162,126,143,160,91,1,33,124,94,196,52,182,140,92,82,23,189,81,87,85,104,20,167,193,9,93,170,95,38,139,19,194,51,149,34,127,175,123,176,67,32,72,137,25,70,65,16,190,11,113,156,71,165,184,125,8,173,18,131,110,41,59,80,100,30,134,148,195,97,58,6,151,7,191,181,68,198,142,163,158,54,36,119,187,39,107,55,14,13,197,132,89,75,4,15,135,53,183,69,159,164,90,28,155,73,99,106,136,115,152,35,161,102,86,133,76,122,116,49,46,145,56,21,108,192,40,169,129,24,154,60,177,27,43,111,96,171,141,98,114,64,79,179,47,88,5,186,199,83,153,166,174,150,10,185,62,44,50,168,17,48,63];True
1948;7452;9400;[118,172,12,22,26,178,147,3,2,130,84,117,77,112,106,136,66,157,103,105,74,188,144,31,6,0,167,61,45,138,41,49,78,128,42,57,37,121,162,126,143,160,91,1,33,124,94,196,36,182,140,92,82,23,189,81,87,85,104,46,146,193,9,93,170,95,38,139,19,20,51,149,34,194,180,123,176,67,32,72,163,25,70,65,16,190,11,113,156,71,165,184,50,8,173,18,131,110,101,59,80,100,30,134,148,195,97,137,175,151,7,191,181,68,198,142,58,158,54,52,119,187,39,107,55,14,13,111,132,89,75,4,15,135,53,183,69,159,164,90,28,155,73,99,109,24,115,152,35,161,102,86,133,76,122,116,44,125,145,56,21,108,192,40,169,129,29,154,60,177,27,43,127,96,171,141,98,114,64,79,179,47,88,5,186,199,83,153,166,174,150,10,185,62,120,197,168,17,48,63];True
2719;7044;9763;[198,174,23,167,193,109,147,118,172,12,130,117,77,112,93,10,66,157,103,105,74,188,144,31,8,87,142,61,45,138,41,49,78,128,42,57,3,121,162,126,143,160,91,1,33,124,178,196,36,44,140,92,82,149,189,81,0,85,22,26,176,46,9,35,170,95,38,139,19,20,51,50,34,194,180,4,84,67,32,72,163,25,70,65,16,37,195,113,156,71,165,184,146,94,173,18,131,110,101,59,80,100,30,134,148,11,97,58,175,151,7,191,181,68,123,190,137,158,54,52,119,187,39,107,55,14,13,111,132,89,75,129,15,135,53,183,69,159,164,90,28,155,73,99,106,136,115,152,2,161,102,86,133,76,122,116,104,125,145,56,21,108,192,40,169,182,29,154,60,177,27,43,127,96,171,141,98,114,64,79,179,47,88,5,186,199,83,153,166,24,150,6,185,62,120,197,168,17,48,63];False
2511;7104;9615;[50,21,180,37,109,44,147,4,172,12,130,117,77,112,93,184,66,157,103,105,74,188,144,31,6,2,167,61,45,138,41,49,78,128,42,57,3,121,162,126,143,160,91,1,33,124,94,196,36,46,140,92,82,23,189,81,0,85,22,26,176,193,9,178,170,95,38,139,65,20,51,149,34,198,174,118,84,67,32,72,163,25,70,19,16,190,11,113,156,71,165,87,194,8,173,18,131,110,101,59,80,100,30,134,148,195,97,58,175,151,7,191,181,68,123,142,137,158,54,52,119,187,39,107,55,14,13,111,132,89,75,129,15,135,53,183,69,159,164,90,28,155,73,99,106,136,115,152,35,161,102,86,133,76,122,116,104,125,145,56,146,108,192,40,169,182,29,154,60,177,27,43,127,96,171,141,98,114,64,79,179,47,88,5,186,199,83,153,166,24,150,10,185,62,120,197,168,17,48,63];False
1818;7668;9486;[118,172,12,22,26,178,120,3,2,130,84,117,77,112,31,24,66,157,103,105,74,188,144,109,147,0,101,61,45,138,146,180,78,128,42,57,37,121,162,126,143,160,91,1,33,124,94,196,52,182,140,92,82,23,189,81,87,85,104,20,167,193,9,93,170,95,38,139,19,194,51,149,34,127,175,123,176,67,32,72,137,25,70,65,16,190,11,113,156,71,165,184,125,8,173,18,131,110,41,59,80,100,30,134,148,195,97,58,6,151,7,191,181,68,198,142,163,158,54,36,119,187,39,107,55,14,13,197,132,89,75,4,15,135,53,183,69,159,164,90,28,155,73,99,106,136,115,152,35,161,102,86,133,76,122,116,49,46,145,56,21,108,192,40,169,129,29,154,60,177,27,43,111,96,171,141,98,114,64,79,179,47,88,5,186,199,83,153,166,174,150,10,185,62,44,50,168,17,48,63];False
1945;7473;9418;[118,172,12,22,26,178,147,3,2,130,132,117,77,112,106,136,66,157,103,105,74,188,144,31,6,0,167,61,45,138,41,49,78,128,42,57,37,121,162,126,143,160,91,1,33,124,94,196,36,182,140,92,82,23,189,81,87,85,104,46,146,193,9,93,170,95,38,139,19,20,51,149,34,194,180,123,176,67,32,72,163,25,70,65,16,190,11,113,156,71,165,184,50,8,173,18,131,110,101,59,80,100,30,134,148,195,97,137,175,151,7,191,181,68,198,142,58,158,54,52,119,187,39,107,55,14,13,111,84,89,75,4,15,135,53,183,69,159,164,90,28,155,73,99,109,24,115,152,35,161,102,86,133,76,122,116,44,125,145,56,21,108,192,40,169,129,29,154,60,177,27,43,127,96,171,141,98,114,64,79,179,47,88,5,186,199,83,153,166,174,150,10,185,62,120,197,168,17,48,63];False
2698;7053;9751;[198,174,118,167,193,109,147,23,172,12,130,117,77,112,93,10,66,157,103,105,74,188,144,31,8,87,142,61,45,138,41,49,78,128,42,57,3,121,162,126,143,160,91,1,33,124,178,196,36,44,140,92,82,149,189,81,0,85,22,26,176,46,9,35,170,95,38,139,19,20,51,50,34,194,180,4,84,67,32,72,163,25,70,65,16,37,195,113,156,71,165,184,146,94,173,18,131,110,101,59,80,100,30,134,148,11,97,58,175,151,7,191,181,68,123,190,137,158,54,52,119,187,39,107,55,14,13,111,132,89,75,129,15,135,53,183,69,159,164,90,28,155,73,99,106,136,115,152,2,161,102,86,133,76,122,116,104,125,145,56,21,108,192,40,169,182,29,154,60,177,27,43,127,96,171,141,98,114,64,79,179,47,88,5,186,199,83,153,166,24,150,6,185,62,120,197,168,17,48,63];False
2503;7103;9606;[50,21,180,37,109,44,82,4,172,12,130,117,77,112,93,184,66,157,103,105,74,188,144,31,6,2,167,61,45,138,41,49,78,128,42,57,3,121,162,126,143,160,91,1,33,124,94,196,36,46,140,92,147,23,189,81,0,85,22,26,176,193,9,178,170,95,38,139,65,20,51,149,34,198,174,118,84,67,32,72,163,25,70,19,16,190,11,113,156,71,165,87,194,8,173,18,131,110,101,59,80,100,30,134,148,195,97,58,175,151,7,191,181,68,123,142,137,158,54,52,119,187,39,107,55,14,13,111,132,89,75,129,15,135,53,183,69,159,164,90,28,155,73,99,106,136,115,152,35,161,102,86,133,76,122,116,104,125,145,56,146,108,192,40,169,182,29,154,60,177,27,43,127,96,171,141,98,114,64,79,179,47,88,5,186,199,83,153,166,24,150,10,185,62,120,197,168,17,48,63];True
1812;7681;9493;[118,172,12,22,26,178,120,3,2,130,84,117,77,112,31,24,66,157,103,105,74,188,144,109,147,0,101,61,45,138,126,180,78,128,42,57,37,121,162,146,143,160,91,1,33,124,94,196,52,182,140,92,82,23,189,81,87,85,104,20,167,193,9,93,170,95,38,139,19,194,51,149,34,127,175,123,176,67,32,72,137,25,70,65,16,190,11,113,156,71,165,184,125,8,173,18,131,110,41,59,80,100,30,134,148,195,97,58,6,151,7,191,181,68,198,142,163,158,54,36,119,187,39,107,55,14,13,197,132,89,75,4,15,135,53,183,69,159,164,90,28,155,73,99,106,136,115,152,35,161,102,86,133,76,122,116,49,46,145,56,21,108,192,40,169,129,29,154,60,177,27,43,111,96,171,141,98,114,64,79,179,47,88,5,186,199,83,153,166,174,150,10,185,62,44,50,168,17,48,63];False
1947;7461;9408;[118,172,12,22,26,178,147,3,2,115,132,117,77,112,106,136,66,157,103,105,74,188,144,31,6,0,167,61,45,138,41,49,78,128,42,57,37,121,162,126,143,160,91,1,33,124,94,196,36,182,140,92,82,23,189,81,87,85,104,46,146,193,9,93,170,95,38,139,19,20,51,149,34,194,180,123,176,67,32,72,163,25,70,65,16,190,11,113,156,71,165,184,50,8,173,18,131,110,101,59,80,100,30,134,148,195,97,137,175,151,7,191,181,68,198,142,58,158,54,52,119,187,39,107,55,14,13,111,84,89,75,4,15,135,53,183,69,159,164,90,28,155,73,99,109,24,130,152,35,161,102,86,133,76,122,116,44,125,145,56,21,108,192,40,169,129,29,154,60,177,27,43,127,96,171,141,98,114,64,79,179,47,88,5,186,199,83,153,166,174,150,10,185,62,120,197,168,17,48,63];False
2685;7050;9735;[198,174,10,167,193,109,147,23,172,12,130,117,77,112,93,118,66,157,103,105,74,188,144,31,8,87,142,61,45,138,41,49,78,128,42,57,3,121,162,126,143,160,91,1,33,124,178,196,36,44,140,92,82,149,189,81,0,85,22,26,176,46,9,35,170,95,38,139,19,20,51,50,34,194,180,4,84,67,32,72,163,25,70,65,16,37,195,113,156,71,165,184,146,94,173,18,131,110,101,59,80,100,30,134,148,11,97,58,175,151,7,191,181,68,123,190,137,158,54,52,119,187,39,107,55,14,13,111,132,89,75,129,15,135,53,183,69,159,164,90,28,155,73,99,106,136,115,152,2,161,102,86,133,76,122,116,104,125,145,56,21,108,192,40,169,182,29,154,60,177,27,43,127,96,171,141,98,114,64,79,179,47,88,5,186,199,83,153,166,24,150,6,185,62,120,197,168,17,48,63];False
2474;7106;9580;[50,146,180,37,109,44,82,4,172,12,130,117,77,112,93,184,66,157,103,105,74,188,144,31,6,2,167,61,45,138,41,49,78,128,42,57,3,121,162,126,143,160,91,1,33,124,94,196,36,46,140,92,147,23,189,81,0,85,22,26,176,193,9,178,170,95,38,139,65,20,51,149,34,198,174,118,84,67,32,72,163,25,70,19,16,190,11,113,156,71,165,87,194,8,173,18,131,110,101,59,80,100,30,134,148,195,97,58,175,151,7,191,181,68,123,142,137,158,54,52,119,187,39,107,55,14,13,111,132,89,75,129,15,135,53,183,69,159,164,90,28,155,73,99,106,136,115,152,35,161,102,86,133,76,122,116,104,125,145,56,21,108,192,40,169,182,29,154,60,177,27,43,127,96,171,141,98,114,64,79,179,47,88,5,186,199,83,153,166,24,150,10,185,62,120,197,168,17,48,63];True
1814;7649;9463;[118,172,12,22,26,178,120,3,2,130,84,117,77,112,31,29,66,157,103,105,74,188,144,109,147,0,101,61,45,138,126,180,78,128,42,57,37,121,162,146,143,160,91,1,33,124,94,196,52,182,140,92,82,23,189,81,87,85,104,20,167,193,9,93,170,95,38,139,19,194,51,149,34,127,175,123,176,67,32,72,137,25,70,65,16,190,11,113,156,71,165,184,125,8,173,18,131,110,41,59,80,100,30,134,148,195,97,58,6,151,7,191,181,68,198,142,163,158,54,36,119,187,39,107,55,14,13,197,132,89,75,4,15,135,53,183,69,159,164,90,28,155,73,99,106,136,115,152,35,161,102,86,133,76,122,116,49,46,145,56,21,108,192,40,169,129,24,154,60,177,27,43,111,96,171,141,98,114,64,79,179,47,88,5,186,199,83,153,166,174,150,10,185,62,44,50,168,17,48,63];True
1962;7446;9408;[118,172,12,22,26,93,147,3,2,115,132,117,77,112,106,136,66,157,103,105,74,188,144,31,6,0,167,61,45,138,41,49,78,128,42,57,37,121,162,126,143,160,91,1,33,124,94,196,36,182,140,92,82,23,189,81,87,85,104,46,146,193,9,178,170,95,38,139,19,20,51,149,34,194,180,123,176,67,32,72,163,25,70,65,16,190,11,113,156,71,165,184,50,8,173,18,131,110,101,59,80,100,30,134,148,195,97,137,175,151,7,191,181,68,198,142,58,158,54,52,119,187,39,107,55,14,13,111,84,89,75,4,15,135,53,183,69,159,164,90,28,155,73,99,109,24,130,152,35,161,102,86,133,76,122,116,44,125,145,56,21,108,192,40,169,129,29,154,60,177,27,43,127,96,171,141,98,114,64,79,179,47,88,5,186,199,83,153,166,174,150,10,185,62,120,197,168,17,48,63];False
2709;7049;9758;[198,174,3,167,193,109,147,23,172,12,130,117,77,112,93,118,66,157,103,105,74,188,144,31,8,87,142,61,45,138,41,49,78,128,42,57,10,121,162,126,143,160,91,1,33,124,178,196,36,44,140,92,82,149,189,81,0,85,22,26,176,46,9,35,170,95,38,139,19,20,51,50,34,194,180,4,84,67,32,72,163,25,70,65,16,37,195,113,156,71,165,184,146,94,173,18,131,110,101,59,80,100,30,134,148,11,97,58,175,151,7,191,181,68,123,190,137,158,54,52,119,187,39,107,55,14,13,111,132,89,75,129,15,135,53,183,69,159,164,90,28,155,73,99,106,136,115,152,2,161,102,86,133,76,122,116,104,125,145,56,21,108,192,40,169,182,29,154,60,177,27,43,127,96,171,141,98,114,64,79,179,47,88,5,186,199,83,153,166,24,150,6,185,62,120,197,168,17,48,63];False
2500;7105;9605;[50,146,180,37,109,17,82,4,172,12,130,117,77,112,93,184,66,157,103,105,74,188,144,31,6,2,167,61,45,138,41,49,78,128,42,57,3,121,162,126,143,160,91,1,33,124,94,196,36,46,140,92,147,23,189,81,0,85,22,26,176,193,9,178,170,95,38,139,65,20,51,149,34,198,174,118,84,67,32,72,163,25,70,19,16,190,11,113,156,71,165,87,194,8,173,18,131,110,101,59,80,100,30,134,148,195,97,58,175,151,7,191,181,68,123,142,137,158,54,52,119,187,39,107,55,14,13,111,132,89,75,129,15,135,53,183,69,159,164,90,28,155,73,99,106,136,115,152,35,161,102,86,133,76,122,116,104,125,145,56,21,108,192,40,169,182,29,154,60,177,27,43,127,96,171,141,98,114,64,79,179,47,88,5,186,199,83,153,166,24,150,10,185,62,120,197,168,44,48,63];True
1811;7658;9469;[118,172,12,22,26,178,120,3,2,130,84,117,77,112,31,29,66,157,103,105,74,188,144,109,147,0,101,61,45,55,126,180,78,128,42,57,37,121,162,146,143,160,91,1,33,124,94,196,52,182,140,92,82,23,189,81,87,85,104,20,167,193,9,93,170,95,38,139,19,194,51,149,34,127,175,123,176,67,32,72,137,25,70,65,16,190,11,113,156,71,165,184,125,8,173,18,131,110,41,59,80,100,30,134,148,195,97,58,6,151,7,191,181,68,198,142,163,158,54,36,119,187,39,107,138,14,13,197,132,89,75,4,15,135,53,183,69,159,164,90,28,155,73,99,106,136,115,152,35,161,102,86,133,76,122,116,49,46,145,56,21,108,192,40,169,129,24,154,60,177,27,43,111,96,171,141,98,114,64,79,179,47,88,5,186,199,83,153,166,174,150,10,185,62,44,50,168,17,48,63];False
1985;7418;9403;[50,172,12,22,26,93,147,3,2,115,132,117,77,112,106,136,66,157,103,105,74,188,144,31,6,0,167,61,45,138,41,49,78,128,42,57,37,121,162,126,143,160,91,1,33,124,94,196,36,182,140,92,82,23,189,81,87,85,104,46,146,193,9,178,170,95,38,139,19,20,51,149,34,194,180,123,176,67,32,72,163,25,70,65,16,190,11,113,156,71,165,184,118,8,173,18,131,110,101,59,80,100,30,134,148,195,97,137,175,151,7,191,181,68,198,142,58,158,54,52,119,187,39,107,55,14,13,111,84,89,75,4,15,135,53,183,69,159,164,90,28,155,73,99,109,24,130,152,35,161,102,86,133,76,122,116,44,125,145,56,21,108,192,40,169,129,29,154,60,177,27,43,127,96,171,141,98,114,64,79,179,47,88,5,186,199,83,153,166,174,150,10,185,62,120,197,168,17,48,63];False
2713;7048;9761;[198,174,91,167,193,109,147,23,172,12,130,117,77,112,93,118,66,157,103,105,74,188,144,31,8,87,142,61,45,138,41,49,78,128,42,57,10,121,162,126,143,160,3,1,33,124,178,196,36,44,140,92,82,149,189,81,0,85,22,26,176,46,9,35,170,95,38,139,19,20,51,50,34,194,180,4,84,67,32,72,163,25,70,65,16,37,195,113,156,71,165,184,146,94,173,18,131,110,101,59,80,100,30,134,148,11,97,58,175,151,7,191,181,68,123,190,137,158,54,52,119,187,39,107,55,14,13,111,132,89,75,129,15,135,53,183,69,159,164,90,28,155,73,99,106,136,115,152,2,161,102,86,133,76,122,116,104,125,145,56,21,108,192,40,169,182,29,154,60,177,27,43,127,96,171,141,98,114,64,79,179,47,88,5,186,199,83,153,166,24,150,6,185,62,120,197,168,17,48,63];False
2466;7113;9579;[50,146,180,37,109,17,82,4,172,12,130,117,77,112,93,184,66,157,103,105,74,188,144,31,142,2,167,61,45,138,41,49,78,128,42,57,3,121,162,126,143,160,91,1,33,124,94,196,36,46,140,92,147,23,189,81,0,85,22,26,176,193,9,178,170,95,38,139,65,20,51,149,34,198,174,118,84,67,32,72,163,25,70,19,16,190,11,113,156,71,165,87,194,8,173,18,131,110,101,59,80,100,30,134,148,195,97,58,175,151,7,191,181,68,123,6,137,158,54,52,119,187,39,107,55,14,13,111,132,89,75,129,15,135,53,183,69,159,164,90,28,155,73,99,106,136,115,152,35,161,102,86,133,76,122,116,104,125,145,56,21,108,192,40,169,182,29,154,60,177,27,43,127,96,171,141,98,114,64,79,179,47,88,5,186,199,83,153,166,24,150,10,185,62,120,197,168,44,48,63];True
1809;7690;9499;[118,172,12,22,26,178,120,3,2,130,84,117,77,112,31,24,66,157,103,105,74,188,144,109,147,0,101,61,45,55,126,180,78,128,42,57,37,121,162,146,143,160,91,1,33,124,94,196,52,182,140,92,82,23,189,81,87,85,104,20,167,193,9,93,170,95,38,139,19,194,51,149,34,127,175,123,176,67,32,72,137,25,70,65,16,190,11,113,156,71,165,184,125,8,173,18,131,110,41,59,80,100,30,134,148,195,97,58,6,151,7,191,181,68,198,142,163,158,54,36,119,187,39,107,138,14,13,197,132,89,75,4,15,135,53,183,69,159,164,90,28,155,73,99,106,136,115,152,35,161,102,86,133,76,122,116,49,46,145,56,21,108,192,40,169,129,29,154,60,177,27,43,111,96,171,141,98,114,64,79,179,47,88,5,186,199,83,153,166,174,150,10,185,62,44,50,168,17,48,63];False
1973;7422;9395;[50,172,12,22,26,93,147,3,2,115,132,117,77,112,106,136,66,157,103,105,74,188,144,118,6,0,167,61,45,138,41,49,78,128,42,57,37,121,162,126,143,160,91,1,33,124,94,196,36,182,140,92,82,23,189,81,87,85,104,46,146,193,9,178,170,95,38,139,19,20,51,149,34,194,180,123,176,67,32,72,163,25,70,65,16,190,11,113,156,71,165,184,31,8,173,18,131,110,101,59,80,100,30,134,148,195,97,137,175,151,7,191,181,68,198,142,58,158,54,52,119,187,39,107,55,14,13,111,84,89,75,4,15,135,53,183,69,159,164,90,28,155,73,99,109,24,130,152,35,161,102,86,133,76,122,116,44,125,145,56,21,108,192,40,169,129,29,154,60,177,27,43,127,96,171,141,98,114,64,79,179,47,88,5,186,199,83,153,166,174,150,10,185,62,120,197,168,17,48,63];False
2684;7048;9732;[198,174,196,167,193,109,147,23,172,12,130,117,77,112,93,118,66,157,103,105,74,188,144,31,8,87,142,61,45,138,41,49,78,128,42,57,10,121,162,126,143,160,3,1,33,124,178,91,36,44,140,92,82,149,189,81,0,85,22,26,176,46,9,35,170,95,38,139,19,20,51,50,34,194,180,4,84,67,32,72,163,25,70,65,16,37,195,113,156,71,165,184,146,94,173,18,131,110,101,59,80,100,30,134,148,11,97,58,175,151,7,191,181,68,123,190,137,158,54,52,119,187,39,107,55,14,13,111,132,89,75,129,15,135,53,183,69,159,164,90,28,155,73,99,106,136,115,152,2,161,102,86,133,76,122,116,104,125,145,56,21,108,192,40,169,182,29,154,60,177,27,43,127,96,171,141,98,114,64,79,179,47,88,5,186,199,83,153,166,24,150,6,185,62,120,197,168,17,48,63];True
2403;7145;9548;[50,146,180,37,109,125,82,4,172,12,130,117,77,112,93,184,66,157,103,105,74,188,144,31,142,2,167,61,45,138,41,49,78,128,42,57,3,121,162,126,143,160,91,1,33,124,94,196,36,46,140,92,147,23,189,81,0,85,22,26,176,193,9,178,170,95,38,139,65,20,51,149,34,198,174,118,84,67,32,72,163,25,70,19,16,190,11,113,156,71,165,87,194,8,173,18,131,110,101,59,80,100,30,134,148,195,97,58,175,151,7,191,181,68,123,6,137,158,54,52,119,187,39,107,55,14,13,111,132,89,75,129,15,135,53,183,69,159,164,90,28,155,73,99,106,136,115,152,35,161,102,86,133,76,122,116,104,17,145,56,21,108,192,40,169,182,29,154,60,177,27,43,127,96,171,141,98,114,64,79,179,47,88,5,186,199,83,153,166,24,150,10,185,62,120,197,168,44,48,63];False
1776;7716;9492;[118,172,12,22,26,178,120,3,2,130,84,117,77,112,31,24,66,157,103,105,74,188,144,109,147,0,101,61,45,55,126,180,78,128,42,57,37,121,162,146,143,160,91,1,33,124,94,196,52,182,140,92,82,23,189,81,87,85,104,20,167,193,9,93,170,95,38,139,19,194,51,149,34,127,175,123,176,67,32,72,137,25,70,65,16,190,11,113,156,71,165,184,125,8,173,18,131,110,41,59,80,100,30,134,148,195,97,58,6,43,7,191,181,68,198,142,163,158,54,36,119,187,39,107,138,14,13,197,132,89,75,4,15,135,53,183,69,159,164,90,28,155,73,99,106,136,115,152,35,161,102,86,133,76,122,116,49,46,145,56,21,108,192,40,169,129,29,154,60,177,27,151,111,96,171,141,98,114,64,79,179,47,88,5,186,199,83,153,166,174,150,10,185,62,44,50,168,17,48,63];False
1958;7437;9395;[50,172,12,22,26,178,147,3,2,115,132,117,77,112,106,136,66,157,103,105,74,188,144,118,6,0,167,61,45,138,41,49,78,128,42,57,37,121,162,126,143,160,91,1,33,124,94,196,36,182,140,92,82,23,189,81,87,85,104,46,146,193,9,93,170,95,38,139,19,20,51,149,34,194,180,123,176,67,32,72,163,25,70,65,16,190,11,113,156,71,165,184,31,8,173,18,131,110,101,59,80,100,30,134,148,195,97,137,175,151,7,191,181,68,198,142,58,158,54,52,119,187,39,107,55,14,13,111,84,89,75,4,15,135,53,183,69,159,164,90,28,155,73,99,109,24,130,152,35,161,102,86,133,76,122,116,44,125,145,56,21,108,192,40,169,129,29,154,60,177,27,43,127,96,171,141,98,114,64,79,179,47,88,5,186,199,83,153,166,174,150,10,185,62,120,197,168,17,48,63];False
2762;7040;9802;[198,174,23,167,193,109,147,196,172,12,130,117,77,112,93,118,66,157,103,105,74,188,144,31,8,87,142,61,45,138,41,49,78,128,42,57,10,121,162,126,143,160,3,1,33,124,178,91,36,44,140,92,82,149,189,81,0,85,22,26,176,46,9,35,170,95,38,139,19,20,51,50,34,194,180,4,84,67,32,72,163,25,70,65,16,37,195,113,156,71,165,184,146,94,173,18,131,110,101,59,80,100,30,134,148,11,97,58,175,151,7,191,181,68,123,190,137,158,54,52,119,187,39,107,55,14,13,111,132,89,75,129,15,135,53,183,69,159,164,90,28,155,73,99,106,136,115,152,2,161,102,86,133,76,122,116,104,125,145,56,21,108,192,40,169,182,29,154,60,177,27,43,127,96,171,141,98,114,64,79,179,47,88,5,186,199,83,153,166,24,150,6,185,62,120,197,168,17,48,63];False
2404;7130;9534;[50,146,180,37,109,190,82,4,172,12,130,117,77,112,93,184,66,157,103,105,74,188,144,31,142,2,167,61,45,138,41,49,78,128,42,57,3,121,162,126,143,160,91,1,33,124,94,196,36,46,140,92,147,23,189,81,0,85,22,26,176,193,9,178,170,95,38,139,65,20,51,149,34,198,174,118,84,67,32,72,163,25,70,19,16,125,11,113,156,71,165,87,194,8,173,18,131,110,101,59,80,100,30,134,148,195,97,58,175,151,7,191,181,68,123,6,137,158,54,52,119,187,39,107,55,14,13,111,132,89,75,129,15,135,53,183,69,159,164,90,28,155,73,99,106,136,115,152,35,161,102,86,133,76,122,116,104,17,145,56,21,108,192,40,169,182,29,154,60,177,27,43,127,96,171,141,98,114,64,79,179,47,88,5,186,199,83,153,166,24,150,10,185,62,120,197,168,44,48,63];False
1807;7686;9493;[118,172,12,22,26,178,120,3,2,130,84,117,77,112,109,24,66,157,103,105,74,188,144,31,147,0,101,61,45,55,126,180,78,128,42,57,37,121,162,146,143,160,91,1,33,124,94,196,52,182,140,92,82,23,189,81,87,85,104,20,167,193,9,93,170,95,38,139,19,194,51,149,34,127,175,123,176,67,32,72,137,25,70,65,16,190,11,113,156,71,165,184,125,8,173,18,131,110,41,59,80,100,30,134,148,195,97,58,6,43,7,191,181,68,198,142,163,158,54,36,119,187,39,107,138,14,13,197,132,89,75,4,15,135,53,183,69,159,164,90,28,155,73,99,106,136,115,152,35,161,102,86,133,76,122,116,49,46,145,56,21,108,192,40,169,129,29,154,60,177,27,151,111,96,171,141,98,114,64,79,179,47,88,5,186,199,83,153,166,174,150,10,185,62,44,50,168,17,48,63];False
1956;7449;9405;[50,172,12,22,26,178,147,3,2,130,132,117,77,112,106,136,66,157,103,105,74,188,144,118,6,0,167,61,45,138,41,49,78,128,42,57,37,121,162,126,143,160,91,1,33,124,94,196,36,182,140,92,82,23,189,81,87,85,104,46,146,193,9,93,170,95,38,139,19,20,51,149,34,194,180,123,176,67,32,72,163,25,70,65,16,190,11,113,156,71,165,184,31,8,173,18,131,110,101,59,80,100,30,134,148,195,97,137,175,151,7,191,181,68,198,142,58,158,54,52,119,187,39,107,55,14,13,111,84,89,75,4,15,135,53,183,69,159,164,90,28,155,73,99,109,24,115,152,35,161,102,86,133,76,122,116,44,125,145,56,21,108,192,40,169,129,29,154,60,177,27,43,127,96,171,141,98,114,64,79,179,47,88,5,186,199,83,153,166,174,150,10,185,62,120,197,168,17,48,63];False
2761;7043;9804;[198,174,91,167,193,109,147,196,172,12,130,117,77,112,93,118,66,157,103,105,74,188,144,31,8,87,142,61,45,138,41,49,78,128,42,57,10,121,162,126,143,160,3,1,33,124,178,23,36,44,140,92,82,149,189,81,0,85,22,26,176,46,9,35,170,95,38,139,19,20,51,50,34,194,180,4,84,67,32,72,163,25,70,65,16,37,195,113,156,71,165,184,146,94,173,18,131,110,101,59,80,100,30,134,148,11,97,58,175,151,7,191,181,68,123,190,137,158,54,52,119,187,39,107,55,14,13,111,132,89,75,129,15,135,53,183,69,159,164,90,28,155,73,99,106,136,115,152,2,161,102,86,133,76,122,116,104,125,145,56,21,108,192,40,169,182,29,154,60,177,27,43,127,96,171,141,98,114,64,79,179,47,88,5,186,199,83,153,166,24,150,6,185,62,120,197,168,17,48,63];False
2433;7127;9560;[50,21,180,37,109,190,82,4,172,12,130,117,77,112,93,184,66,157,103,105,74,188,144,31,142,2,167,61,45,138,41,49,78,128,42,57,3,121,162,126,143,160,91,1,33,124,94,196,36,46,140,92,147,23,189,81,0,85,22,26,176,193,9,178,170,95,38,139,65,20,51,149,34,198,174,118,84,67,32,72,163,25,70,19,16,125,11,113,156,71,165,87,194,8,173,18,131,110,101,59,80,100,30,134,148,195,97,58,175,151,7,191,181,68,123,6,137,158,54,52,119,187,39,107,55,14,13,111,132,89,75,129,15,135,53,183,69,159,164,90,28,155,73,99,106,136,115,152,35,161,102,86,133,76,122,116,104,17,145,56,146,108,192,40,169,182,29,154,60,177,27,43,127,96,171,141,98,114,64,79,179,47,88,5,186,199,83,153,166,24,150,10,185,62,120,197,168,44,48,63];False
1797;7692;9489;[118,172,12,22,26,178,120,3,2,130,84,117,77,112,109,24,66,157,103,105,74,188,93,31,147,0,101,61,45,55,126,180,78,128,42,57,37,121,162,146,143,160,91,1,33,124,94,196,52,182,140,92,82,23,189,81,87,85,104,20,167,193,9,144,170,95,38,139,19,194,51,149,34,127,175,123,176,67,32,72,137,25,70,65,16,190,11,113,156,71,165,184,125,8,173,18,131,110,41,59,80,100,30,134,148,195,97,58,6,43,7,191,181,68,198,142,163,158,54,36,119,187,39,107,138,14,13,197,132,89,75,4,15,135,53,183,69,159,164,90,28,155,73,99,106,136,115,152,35,161,102,86,133,76,122,116,49,46,145,56,21,108,192,40,169,129,29,154,60,177,27,151,111,96,171,141,98,114,64,79,179,47,88,5,186,199,83,153,166,174,150,10,185,62,44,50,168,17,48,63];False
1959;7428;9387;[50,172,12,22,26,178,147,3,2,130,84,117,77,112,106,136,66,157,103,105,74,188,144,118,6,0,167,61,45,138,41,49,78,128,42,57,37,121,162,126,143,160,91,1,33,124,94,196,36,182,140,92,82,23,189,81,87,85,104,46,146,193,9,93,170,95,38,139,19,20,51,149,34,194,180,123,176,67,32,72,163,25,70,65,16,190,11,113,156,71,165,184,31,8,173,18,131,110,101,59,80,100,30,134,148,195,97,137,175,151,7,191,181,68,198,142,58,158,54,52,119,187,39,107,55,14,13,111,132,89,75,4,15,135,53,183,69,159,164,90,28,155,73,99,109,24,115,152,35,161,102,86,133,76,122,116,44,125,145,56,21,108,192,40,169,129,29,154,60,177,27,43,127,96,171,141,98,114,64,79,179,47,88,5,186,199,83,153,166,174,150,10,185,62,120,197,168,17,48,63];False
2848;7039;9887;[198,174,37,167,193,109,147,196,172,12,130,117,77,112,93,118,66,157,103,105,74,188,144,31,8,87,142,61,45,138,41,49,78,128,42,57,10,121,162,126,143,160,3,1,33,124,178,23,36,44,140,92,82,149,189,81,0,85,22,26,176,46,9,35,170,95,38,139,19,20,51,50,34,194,180,4,84,67,32,72,163,25,70,65,16,91,195,113,156,71,165,184,146,94,173,18,131,110,101,59,80,100,30,134,148,11,97,58,175,151,7,191,181,68,123,190,137,158,54,52,119,187,39,107,55,14,13,111,132,89,75,129,15,135,53,183,69,159,164,90,28,155,73,99,106,136,115,152,2,161,102,86,133,76,122,116,104,125,145,56,21,108,192,40,169,182,29,154,60,177,27,43,127,96,171,141,98,114,64,79,179,47,88,5,186,199,83,153,166,24,150,6,185,62,120,197,168,17,48,63];False
2411;7129;9540;[50,21,180,37,109,178,82,4,172,12,130,117,77,112,93,184,66,157,103,105,74,188,144,31,142,2,167,61,45,138,41,49,78,128,42,57,3,121,162,126,143,160,91,1,33,124,94,196,36,46,140,92,147,23,189,81,0,85,22,26,176,193,9,190,170,95,38,139,65,20,51,149,34,198,174,118,84,67,32,72,163,25,70,19,16,125,11,113,156,71,165,87,194,8,173,18,131,110,101,59,80,100,30,134,148,195,97,58,175,151,7,191,181,68,123,6,137,158,54,52,119,187,39,107,55,14,13,111,132,89,75,129,15,135,53,183,69,159,164,90,28,155,73,99,106,136,115,152,35,161,102,86,133,76,122,116,104,17,145,56,146,108,192,40,169,182,29,154,60,177,27,43,127,96,171,141,98,114,64,79,179,47,88,5,186,199,83,153,166,24,150,10,185,62,120,197,168,44,48,63];False
1800;7683;9483;[118,172,12,22,26,178,120,3,2,130,84,117,77,112,109,24,66,157,103,105,74,188,93,31,147,0,101,61,45,138,126,180,78,128,42,57,37,121,162,146,143,160,91,1,33,124,94,196,52,182,140,92,82,23,189,81,87,85,104,20,167,193,9,144,170,95,38,139,19,194,51,149,34,127,175,123,176,67,32,72,137,25,70,65,16,190,11,113,156,71,165,184,125,8,173,18,131,110,41,59,80,100,30,134,148,195,97,58,6,43,7,191,181,68,198,142,163,158,54,36,119,187,39,107,55,14,13,197,132,89,75,4,15,135,53,183,69,159,164,90,28,155,73,99,106,136,115,152,35,161,102,86,133,76,122,116,49,46,145,56,21,108,192,40,169,129,29,154,60,177,27,151,111,96,171,141,98,114,64,79,179,47,88,5,186,199,83,153,166,174,150,10,185,62,44,50,168,17,48,63];False
1974;7413;9387;[50,172,12,22,26,93,147,3,2,130,84,117,77,112,106,136,66,157,103,105,74,188,144,118,6,0,167,61,45,138,41,49,78,128,42,57,37,121,162,126,143,160,91,1,33,124,94,196,36,182,140,92,82,23,189,81,87,85,104,46,146,193,9,178,170,95,38,139,19,20,51,149,34,194,180,123,176,67,32,72,163,25,70,65,16,190,11,113,156,71,165,184,31,8,173,18,131,110,101,59,80,100,30,134,148,195,97,137,175,151,7,191,181,68,198,142,58,158,54,52,119,187,39,107,55,14,13,111,132,89,75,4,15,135,53,183,69,159,164,90,28,155,73,99,109,24,115,152,35,161,102,86,133,76,122,116,44,125,145,56,21,108,192,40,169,129,29,154,60,177,27,43,127,96,171,141,98,114,64,79,179,47,88,5,186,199,83,153,166,174,150,10,185,62,120,197,168,17,48,63];False
2705;7044;9749;[198,174,196,167,193,109,147,37,172,12,130,117,77,112,93,118,66,157,103,105,74,188,144,31,8,87,142,61,45,138,41,49,78,128,42,57,10,121,162,126,143,160,3,1,33,124,178,23,36,44,140,92,82,149,189,81,0,85,22,26,176,46,9,35,170,95,38,139,19,20,51,50,34,194,180,4,84,67,32,72,163,25,70,65,16,91,195,113,156,71,165,184,146,94,173,18,131,110,101,59,80,100,30,134,148,11,97,58,175,151,7,191,181,68,123,190,137,158,54,52,119,187,39,107,55,14,13,111,132,89,75,129,15,135,53,183,69,159,164,90,28,155,73,99,106,136,115,152,2,161,102,86,133,76,122,116,104,125,145,56,21,108,192,40,169,182,29,154,60,177,27,43,127,96,171,141,98,114,64,79,179,47,88,5,186,199,83,153,166,24,150,6,185,62,120,197,168,17,48,63];False
2382;7132;9514;[50,146,180,37,109,178,82,4,172,12,130,117,77,112,93,184,66,157,103,105,74,188,144,31,142,2,167,61,45,138,41,49,78,128,42,57,3,121,162,126,143,160,91,1,33,124,94,196,36,46,140,92,147,23,189,81,0,85,22,26,176,193,9,190,170,95,38,139,65,20,51,149,34,198,174,118,84,67,32,72,163,25,70,19,16,125,11,113,156,71,165,87,194,8,173,18,131,110,101,59,80,100,30,134,148,195,97,58,175,151,7,191,181,68,123,6,137,158,54,52,119,187,39,107,55,14,13,111,132,89,75,129,15,135,53,183,69,159,164,90,28,155,73,99,106,136,115,152,35,161,102,86,133,76,122,116,104,17,145,56,21,108,192,40,169,182,29,154,60,177,27,43,127,96,171,141,98,114,64,79,179,47,88,5,186,199,83,153,166,24,150,10,185,62,120,197,168,44,48,63];False
1810;7677;9487;[118,172,12,22,26,178,120,3,2,130,84,117,77,112,109,24,66,157,103,105,74,188,144,31,147,0,101,61,45,138,126,180,78,128,42,57,37,121,162,146,143,160,91,1,33,124,94,196,52,182,140,92,82,23,189,81,87,85,104,20,167,193,9,93,170,95,38,139,19,194,51,149,34,127,175,123,176,67,32,72,137,25,70,65,16,190,11,113,156,71,165,184,125,8,173,18,131,110,41,59,80,100,30,134,148,195,97,58,6,43,7,191,181,68,198,142,163,158,54,36,119,187,39,107,55,14,13,197,132,89,75,4,15,135,53,183,69,159,164,90,28,155,73,99,106,136,115,152,35,161,102,86,133,76,122,116,49,46,145,56,21,108,192,40,169,129,29,154,60,177,27,151,111,96,171,141,98,114,64,79,179,47,88,5,186,199,83,153,166,174,150,10,185,62,44,50,168,17,48,63];False
1956;7406;9362;[50,172,12,22,26,93,147,3,2,130,84,117,77,112,106,136,66,157,103,105,74,188,144,118,10,0,167,61,45,138,41,49,78,128,42,57,37,121,162,126,143,160,91,1,33,124,94,196,36,182,140,92,82,23,189,81,87,85,104,46,146,193,9,178,170,95,38,139,19,20,51,149,34,194,180,123,176,67,32,72,163,25,70,65,16,190,11,113,156,71,165,184,31,8,173,18,131,110,101,59,80,100,30,134,148,195,97,137,175,151,7,191,181,68,198,142,58,158,54,52,119,187,39,107,55,14,13,111,132,89,75,4,15,135,53,183,69,159,164,90,28,155,73,99,109,24,115,152,35,161,102,86,133,76,122,116,44,125,145,56,21,108,192,40,169,129,29,154,60,177,27,43,127,96,171,141,98,114,64,79,179,47,88,5,186,199,83,153,166,174,150,6,185,62,120,197,168,17,48,63];True
2735;7041;9776;[198,174,23,167,193,109,147,37,172,12,130,117,77,112,93,118,66,157,103,105,74,188,144,31,8,87,142,61,45,138,41,49,78,128,42,57,10,121,162,126,143,160,3,1,33,124,178,196,36,44,140,92,82,149,189,81,0,85,22,26,176,46,9,35,170,95,38,139,19,20,51,50,34,194,180,4,84,67,32,72,163,25,70,65,16,91,195,113,156,71,165,184,146,94,173,18,131,110,101,59,80,100,30,134,148,11,97,58,175,151,7,191,181,68,123,190,137,158,54,52,119,187,39,107,55,14,13,111,132,89,75,129,15,135,53,183,69,159,164,90,28,155,73,99,106,136,115,152,2,161,102,86,133,76,122,116,104,125,145,56,21,108,192,40,169,182,29,154,60,177,27,43,127,96,171,141,98,114,64,79,179,47,88,5,186,199,83,153,166,24,150,6,185,62,120,197,168,17,48,63];False
2401;7130;9531;[50,146,180,37,9,178,82,4,172,12,130,117,77,112,93,184,66,157,103,105,74,188,144,31,142,2,167,61,45,138,41,49,78,128,42,57,3,121,162,126,143,160,91,1,33,124,94,196,36,46,140,92,147,23,189,81,0,85,22,26,176,193,109,190,170,95,38,139,65,20,51,149,34,198,174,118,84,67,32,72,163,25,70,19,16,125,11,113,156,71,165,87,194,8,173,18,131,110,101,59,80,100,30,134,148,195,97,58,175,151,7,191,181,68,123,6,137,158,54,52,119,187,39,107,55,14,13,111,132,89,75,129,15,135,53,183,69,159,164,90,28,155,73,99,106,136,115,152,35,161,102,86,133,76,122,116,104,17,145,56,21,108,192,40,169,182,29,154,60,177,27,43,127,96,171,141,98,114,64,79,179,47,88,5,186,199,83,153,166,24,150,10,185,62,120,197,168,44,48,63];False
1779;7707;9486;[118,172,12,22,26,178,120,3,2,130,84,117,77,112,31,24,66,157,103,105,74,188,144,109,147,0,101,61,45,138,126,180,78,128,42,57,37,121,162,146,143,160,91,1,33,124,94,196,52,182,140,92,82,23,189,81,87,85,104,20,167,193,9,93,170,95,38,139,19,194,51,149,34,127,175,123,176,67,32,72,137,25,70,65,16,190,11,113,156,71,165,184,125,8,173,18,131,110,41,59,80,100,30,134,148,195,97,58,6,43,7,191,181,68,198,142,163,158,54,36,119,187,39,107,55,14,13,197,132,89,75,4,15,135,53,183,69,159,164,90,28,155,73,99,106,136,115,152,35,161,102,86,133,76,122,116,49,46,145,56,21,108,192,40,169,129,29,154,60,177,27,151,111,96,171,141,98,114,64,79,179,47,88,5,186,199,83,153,166,174,150,10,185,62,44,50,168,17,48,63];False
1954;7441;9395;[24,172,12,22,26,93,147,3,2,130,84,117,77,112,106,136,66,157,103,105,74,188,144,118,10,0,167,61,45,138,41,49,78,128,42,57,37,121,162,126,143,160,91,1,33,124,94,196,36,182,140,92,82,23,189,81,87,85,104,46,146,193,9,178,170,95,38,139,19,20,51,149,34,194,180,123,176,67,32,72,163,25,70,65,16,190,11,113,156,71,165,184,31,8,173,18,131,110,101,59,80,100,30,134,148,195,97,137,175,151,7,191,181,68,198,142,58,158,54,52,119,187,39,107,55,14,13,111,132,89,75,4,15,135,53,183,69,159,164,90,28,155,73,99,109,50,115,152,35,161,102,86,133,76,122,116,44,125,145,56,21,108,192,40,169,129,29,154,60,177,27,43,127,96,171,141,98,114,64,79,179,47,88,5,186,199,83,153,166,174,150,6,185,62,120,197,168,17,48,63];False
2604;7053;9657;[198,174,149,167,193,109,147,37,172,12,130,117,77,112,93,118,66,157,103,105,74,188,144,31,8,87,142,61,45,138,41,49,78,128,42,57,10,121,162,126,143,160,3,1,33,124,178,196,36,44,140,92,82,23,189,81,0,85,22,26,176,46,9,35,170,95,38,139,19,20,51,50,34,194,180,4,84,67,32,72,163,25,70,65,16,91,195,113,156,71,165,184,146,94,173,18,131,110,101,59,80,100,30,134,148,11,97,58,175,151,7,191,181,68,123,190,137,158,54,52,119,187,39,107,55,14,13,111,132,89,75,129,15,135,53,183,69,159,164,90,28,155,73,99,106,136,115,152,2,161,102,86,133,76,122,116,104,125,145,56,21,108,192,40,169,182,29,154,60,177,27,43,127,96,171,141,98,114,64,79,179,47,88,5,186,199,83,153,166,24,150,6,185,62,120,197,168,17,48,63];True
2430;7127;9557;[50,21,180,37,9,178,82,4,172,12,130,117,77,112,93,184,66,157,103,105,74,188,144,31,142,2,167,61,45,138,41,49,78,128,42,57,3,121,162,126,143,160,91,1,33,124,94,196,36,46,140,92,147,23,189,81,0,85,22,26,176,193,109,190,170,95,38,139,65,20,51,149,34,198,174,118,84,67,32,72,163,25,70,19,16,125,11,113,156,71,165,87,194,8,173,18,131,110,101,59,80,100,30,134,148,195,97,58,175,151,7,191,181,68,123,6,137,158,54,52,119,187,39,107,55,14,13,111,132,89,75,129,15,135,53,183,69,159,164,90,28,155,73,99,106,136,115,152,35,161,102,86,133,76,122,116,104,17,145,56,146,108,192,40,169,182,29,154,60,177,27,43,127,96,171,141,98,114,64,79,179,47,88,5,186,199,83,153,166,24,150,10,185,62,120,197,168,44,48,63];False
1796;7701;9497;[143,172,12,22,26,178,120,3,2,130,84,117,77,112,31,24,66,157,103,105,74,188,144,109,147,0,101,61,45,138,126,180,78,128,42,57,37,121,162,146,118,160,91,1,33,124,94,196,52,182,140,92,82,23,189,81,87,85,104,20,167,193,9,93,170,95,38,139,19,194,51,149,34,127,175,123,176,67,32,72,137,25,70,65,16,190,11,113,156,71,165,184,125,8,173,18,131,110,41,59,80,100,30,134,148,195,97,58,6,43,7,191,181,68,198,142,163,158,54,36,119,187,39,107,55,14,13,197,132,89,75,4,15,135,53,183,69,159,164,90,28,155,73,99,106,136,115,152,35,161,102,86,133,76,122,116,49,46,145,56,21,108,192,40,169,129,29,154,60,177,27,151,111,96,171,141,98,114,64,79,179,47,88,5,186,199,83,153,166,174,150,10,185,62,44,50,168,17,48,63];False
1949;7438;9387;[136,172,12,22,26,93,147,3,2,130,84,117,77,112,106,24,66,157,103,105,74,188,144,118,10,0,167,61,45,138,41,49,78,128,42,57,37,121,162,126,143,160,91,1,33,124,94,196,36,182,140,92,82,23,189,81,87,85,104,46,146,193,9,178,170,95,38,139,19,20,51,149,34,194,180,123,176,67,32,72,163,25,70,65,16,190,11,113,156,71,165,184,31,8,173,18,131,110,101,59,80,100,30,134,148,195,97,137,175,151,7,191,181,68,198,142,58,158,54,52,119,187,39,107,55,14,13,111,132,89,75,4,15,135,53,183,69,159,164,90,28,155,73,99,109,50,115,152,35,161,102,86,133,76,122,116,44,125,145,56,21,108,192,40,169,129,29,154,60,177,27,43,127,96,171,141,98,114,64,79,179,47,88,5,186,199,83,153,166,174,150,6,185,62,120,197,168,17,48,63];True
2619;7051;9670;[198,174,149,85,193,109,147,37,172,12,130,117,77,112,93,118,66,157,103,105,74,188,144,31,8,87,142,61,45,138,41,49,78,128,42,57,10,121,162,126,143,160,3,1,33,124,178,196,36,44,140,92,82,23,189,81,0,167,22,26,176,46,9,35,170,95,38,139,19,20,51,50,34,194,180,4,84,67,32,72,163,25,70,65,16,91,195,113,156,71,165,184,146,94,173,18,131,110,101,59,80,100,30,134,148,11,97,58,175,151,7,191,181,68,123,190,137,158,54,52,119,187,39,107,55,14,13,111,132,89,75,129,15,135,53,183,69,159,164,90,28,155,73,99,106,136,115,152,2,161,102,86,133,76,122,116,104,125,145,56,21,108,192,40,169,182,29,154,60,177,27,43,127,96,171,141,98,114,64,79,179,47,88,5,186,199,83,153,166,24,150,6,185,62,120,197,168,17,48,63];True
2377;7127;9504;[50,21,180,178,9,37,82,4,172,12,130,117,77,112,93,184,66,157,103,105,74,188,144,31,142,2,167,61,45,138,41,49,78,128,42,57,3,121,162,126,143,160,91,1,33,124,94,196,36,46,140,92,147,23,189,81,0,85,22,26,176,193,109,190,170,95,38,139,65,20,51,149,34,198,174,118,84,67,32,72,163,25,70,19,16,125,11,113,156,71,165,87,194,8,173,18,131,110,101,59,80,100,30,134,148,195,97,58,175,151,7,191,181,68,123,6,137,158,54,52,119,187,39,107,55,14,13,111,132,89,75,129,15,135,53,183,69,159,164,90,28,155,73,99,106,136,115,152,35,161,102,86,133,76,122,116,104,17,145,56,146,108,192,40,169,182,29,154,60,177,27,43,127,96,171,141,98,114,64,79,179,47,88,5,186,199,83,153,166,24,150,10,185,62,120,197,168,44,48,63];True
1781;7690;9471;[180,172,12,22,26,178,120,3,2,130,84,117,77,112,31,24,66,157,103,105,74,188,144,109,147,0,101,61,45,138,126,143,78,128,42,57,37,121,162,146,118,160,91,1,33,124,94,196,52,182,140,92,82,23,189,81,87,85,104,20,167,193,9,93,170,95,38,139,19,194,51,149,34,127,175,123,176,67,32,72,137,25,70,65,16,190,11,113,156,71,165,184,125,8,173,18,131,110,41,59,80,100,30,134,148,195,97,58,6,43,7,191,181,68,198,142,163,158,54,36,119,187,39,107,55,14,13,197,132,89,75,4,15,135,53,183,69,159,164,90,28,155,73,99,106,136,115,152,35,161,102,86,133,76,122,116,49,46,145,56,21,108,192,40,169,129,29,154,60,177,27,151,111,96,171,141,98,114,64,79,179,47,88,5,186,199,83,153,166,174,150,10,185,62,44,50,168,17,48,63];True
1937;7490;9427;[144,172,12,22,26,93,147,3,2,130,84,117,77,112,106,24,66,157,103,105,74,188,136,118,10,0,167,61,45,138,41,49,78,128,42,57,37,121,162,126,143,160,91,1,33,124,94,196,36,182,140,92,82,23,189,81,87,85,104,46,146,193,9,178,170,95,38,139,19,20,51,149,34,194,180,123,176,67,32,72,163,25,70,65,16,190,11,113,156,71,165,184,31,8,173,18,131,110,101,59,80,100,30,134,148,195,97,137,175,151,7,191,181,68,198,142,58,158,54,52,119,187,39,107,55,14,13,111,132,89,75,4,15,135,53,183,69,159,164,90,28,155,73,99,109,50,115,152,35,161,102,86,133,76,122,116,44,125,145,56,21,108,192,40,169,129,29,154,60,177,27,43,127,96,171,141,98,114,64,79,179,47,88,5,186,199,83,153,166,174,150,6,185,62,120,197,168,17,48,63];False
2702;7038;9740;[198,174,23,85,193,109,147,37,172,12,130,117,77,112,93,118,66,157,103,105,74,188,144,31,8,87,142,61,45,138,41,49,78,128,42,57,10,121,162,126,143,160,3,1,33,124,178,196,36,44,140,92,82,149,189,81,0,167,22,26,176,46,9,35,170,95,38,139,19,20,51,50,34,194,180,4,84,67,32,72,163,25,70,65,16,91,195,113,156,71,165,184,146,94,173,18,131,110,101,59,80,100,30,134,148,11,97,58,175,151,7,191,181,68,123,190,137,158,54,52,119,187,39,107,55,14,13,111,132,89,75,129,15,135,53,183,69,159,164,90,28,155,73,99,106,136,115,152,2,161,102,86,133,76,122,116,104,125,145,56,21,108,192,40,169,182,29,154,60,177,27,43,127,96,171,141,98,114,64,79,179,47,88,5,186,199,83,153,166,24,150,6,185,62,120,197,168,17,48,63];True
2348;7130;9478;[50,146,180,178,9,37,82,4,172,12,130,117,77,112,93,184,66,157,103,105,74,188,144,31,142,2,167,61,45,138,41,49,78,128,42,57,3,121,162,126,143,160,91,1,33,124,94,196,36,46,140,92,147,23,189,81,0,85,22,26,176,193,109,190,170,95,38,139,65,20,51,149,34,198,174,118,84,67,32,72,163,25,70,19,16,125,11,113,156,71,165,87,194,8,173,18,131,110,101,59,80,100,30,134,148,195,97,58,175,151,7,191,181,68,123,6,137,158,54,52,119,187,39,107,55,14,13,111,132,89,75,129,15,135,53,183,69,159,164,90,28,155,73,99,106,136,115,152,35,161,102,86,133,76,122,116,104,17,145,56,21,108,192,40,169,182,29,154,60,177,27,43,127,96,171,141,98,114,64,79,179,47,88,5,186,199,83,153,166,24,150,10,185,62,120,197,168,44,48,63];True
1783;7658;9441;[180,172,12,22,26,178,120,3,2,130,84,117,77,112,31,29,66,157,103,105,74,188,144,109,147,0,101,61,45,138,126,143,78,128,42,57,37,121,162,146,118,160,91,1,33,124,94,196,52,182,140,92,82,23,189,81,87,85,104,20,167,193,9,93,170,95,38,139,19,194,51,149,34,127,175,123,176,67,32,72,137,25,70,65,16,190,11,113,156,71,165,184,125,8,173,18,131,110,41,59,80,100,30,134,148,195,97,58,6,43,7,191,181,68,198,142,163,158,54,36,119,187,39,107,55,14,13,197,132,89,75,4,15,135,53,183,69,159,164,90,28,155,73,99,106,136,115,152,35,161,102,86,133,76,122,116,49,46,145,56,21,108,192,40,169,129,24,154,60,177,27,151,111,96,171,141,98,114,64,79,179,47,88,5,186,199,83,153,166,174,150,10,185,62,44,50,168,17,48,63];True
1942;7472;9414;[193,172,12,22,26,93,147,3,2,130,84,117,77,112,106,24,66,157,103,105,74,188,136,118,10,0,167,61,45,138,41,49,78,128,42,57,37,121,162,126,143,160,91,1,33,124,94,196,36,182,140,92,82,23,189,81,87,85,104,46,146,144,9,178,170,95,38,139,19,20,51,149,34,194,180,123,176,67,32,72,163,25,70,65,16,190,11,113,156,71,165,184,31,8,173,18,131,110,101,59,80,100,30,134,148,195,97,137,175,151,7,191,181,68,198,142,58,158,54,52,119,187,39,107,55,14,13,111,132,89,75,4,15,135,53,183,69,159,164,90,28,155,73,99,109,50,115,152,35,161,102,86,133,76,122,116,44,125,145,56,21,108,192,40,169,129,29,154,60,177,27,43,127,96,171,141,98,114,64,79,179,47,88,5,186,199,83,153,166,174,150,6,185,62,120,197,168,17,48,63];False
2840;7036;9876;[198,174,23,3,193,109,147,37,172,12,130,117,77,112,93,118,66,157,103,105,74,188,144,31,8,87,142,61,45,138,41,49,78,128,42,57,10,121,162,126,143,160,85,1,33,124,178,196,36,44,140,92,82,149,189,81,0,167,22,26,176,46,9,35,170,95,38,139,19,20,51,50,34,194,180,4,84,67,32,72,163,25,70,65,16,91,195,113,156,71,165,184,146,94,173,18,131,110,101,59,80,100,30,134,148,11,97,58,175,151,7,191,181,68,123,190,137,158,54,52,119,187,39,107,55,14,13,111,132,89,75,129,15,135,53,183,69,159,164,90,28,155,73,99,106,136,115,152,2,161,102,86,133,76,122,116,104,125,145,56,21,108,192,40,169,182,29,154,60,177,27,43,127,96,171,141,98,114,64,79,179,47,88,5,186,199,83,153,166,24,150,6,185,62,120,197,168,17,48,63];True
2328;7165;9493;[194,146,180,178,9,37,82,4,172,12,130,117,77,112,93,184,66,157,103,105,74,188,144,31,142,2,167,61,45,138,41,49,78,128,42,57,3,121,162,126,143,160,91,1,33,124,94,196,36,46,140,92,147,23,189,81,0,85,22,26,176,193,109,190,170,95,38,139,65,20,51,149,34,198,174,118,84,67,32,72,163,25,70,19,16,125,11,113,156,71,165,87,50,8,173,18,131,110,101,59,80,100,30,134,148,195,97,58,175,151,7,191,181,68,123,6,137,158,54,52,119,187,39,107,55,14,13,111,132,89,75,129,15,135,53,183,69,159,164,90,28,155,73,99,106,136,115,152,35,161,102,86,133,76,122,116,104,17,145,56,21,108,192,40,169,182,29,154,60,177,27,43,127,96,171,141,98,114,64,79,179,47,88,5,186,199,83,153,166,24,150,10,185,62,120,197,168,44,48,63];False
1773;7730;9503;[180,172,12,22,26,178,120,3,2,130,84,117,77,112,31,29,66,157,103,90,74,188,144,109,147,0,101,61,45,138,126,143,78,128,42,57,37,121,162,146,118,160,91,1,33,124,94,196,52,182,140,92,82,23,189,81,87,85,104,20,167,193,9,93,170,95,38,139,19,194,51,149,34,127,175,123,176,67,32,72,137,25,70,65,16,190,11,113,156,71,165,184,125,8,173,18,131,110,41,59,80,100,30,134,148,195,97,58,6,43,7,191,181,68,198,142,163,158,54,36,119,187,39,107,55,14,13,197,132,89,75,4,15,135,53,183,69,159,164,105,28,155,73,99,106,136,115,152,35,161,102,86,133,76,122,116,49,46,145,56,21,108,192,40,169,129,24,154,60,177,27,151,111,96,171,141,98,114,64,79,179,47,88,5,186,199,83,153,166,174,150,10,185,62,44,50,168,17,48,63];False
1927;7487;9414;[193,172,12,22,26,178,147,3,2,130,84,117,77,112,106,24,66,157,103,105,74,188,136,118,10,0,167,61,45,138,41,49,78,128,42,57,37,121,162,126,143,160,91,1,33,124,94,196,36,182,140,92,82,23,189,81,87,85,104,46,146,144,9,93,170,95,38,139,19,20,51,149,34,194,180,123,176,67,32,72,163,25,70,65,16,190,11,113,156,71,165,184,31,8,173,18,131,110,101,59,80,100,30,134,148,195,97,137,175,151,7,191,181,68,198,142,58,158,54,52,119,187,39,107,55,14,13,111,132,89,75,4,15,135,53,183,69,159,164,90,28,155,73,99,109,50,115,152,35,161,102,86,133,76,122,116,44,125,145,56,21,108,192,40,169,129,29,154,60,177,27,43,127,96,171,141,98,114,64,79,179,47,88,5,186,199,83,153,166,174,150,6,185,62,120,197,168,17,48,63];False
2928;7031;9959;[198,174,37,3,193,109,147,23,172,12,130,117,77,112,93,118,66,157,103,105,74,188,144,31,8,87,142,61,45,138,41,49,78,128,42,57,10,121,162,126,143,160,85,1,33,124,178,196,36,44,140,92,82,149,189,81,0,167,22,26,176,46,9,35,170,95,38,139,19,20,51,50,34,194,180,4,84,67,32,72,163,25,70,65,16,91,195,113,156,71,165,184,146,94,173,18,131,110,101,59,80,100,30,134,148,11,97,58,175,151,7,191,181,68,123,190,137,158,54,52,119,187,39,107,55,14,13,111,132,89,75,129,15,135,53,183,69,159,164,90,28,155,73,99,106,136,115,152,2,161,102,86,133,76,122,116,104,125,145,56,21,108,192,40,169,182,29,154,60,177,27,43,127,96,171,141,98,114,64,79,179,47,88,5,186,199,83,153,166,24,150,6,185,62,120,197,168,17,48,63];False
2308;7177;9485;[194,146,180,147,9,37,82,4,172,12,130,117,77,112,93,184,66,157,103,105,74,188,144,31,142,2,167,61,45,138,41,49,78,128,42,57,3,121,162,126,143,160,91,1,33,124,94,196,36,46,140,92,178,23,189,81,0,85,22,26,176,193,109,190,170,95,38,139,65,20,51,149,34,198,174,118,84,67,32,72,163,25,70,19,16,125,11,113,156,71,165,87,50,8,173,18,131,110,101,59,80,100,30,134,148,195,97,58,175,151,7,191,181,68,123,6,137,158,54,52,119,187,39,107,55,14,13,111,132,89,75,129,15,135,53,183,69,159,164,90,28,155,73,99,106,136,115,152,35,161,102,86,133,76,122,116,104,17,145,56,21,108,192,40,169,182,29,154,60,177,27,43,127,96,171,141,98,114,64,79,179,47,88,5,186,199,83,153,166,24,150,10,185,62,120,197,168,44,48,63];False
1738;7804;9542;[180,172,12,22,26,178,120,3,2,130,84,117,77,112,31,29,66,157,103,90,74,188,144,109,147,0,101,61,45,138,126,185,78,128,42,57,37,121,162,146,118,160,91,1,33,124,94,196,52,182,140,92,82,23,189,81,87,85,104,20,167,193,9,93,170,95,38,139,19,194,51,149,34,127,175,123,176,67,32,72,137,25,70,65,16,190,11,113,156,71,165,184,125,8,173,18,131,110,41,59,80,100,30,134,148,195,97,58,6,43,7,191,181,68,198,142,163,158,54,36,119,187,39,107,55,14,13,197,132,89,75,4,15,135,53,183,69,159,164,105,28,155,73,99,106,136,115,152,35,161,102,86,133,76,122,116,49,46,145,56,21,108,192,40,169,129,24,154,60,177,27,151,111,96,171,141,98,114,64,79,179,47,88,5,186,199,83,153,166,174,150,10,143,62,44,50,168,17,48,63];False
1922;7505;9427;[144,172,12,22,26,178,147,3,2,130,84,117,77,112,106,24,66,157,103,105,74,188,136,118,10,0,167,61,45,138,41,49,78,128,42,57,37,121,162,126,143,160,91,1,33,124,94,196,36,182,140,92,82,23,189,81,87,85,104,46,146,193,9,93,170,95,38,139,19,20,51,149,34,194,180,123,176,67,32,72,163,25,70,65,16,190,11,113,156,71,165,184,31,8,173,18,131,110,101,59,80,100,30,134,148,195,97,137,175,151,7,191,181,68,198,142,58,158,54,52,119,187,39,107,55,14,13,111,132,89,75,4,15,135,53,183,69,159,164,90,28,155,73,99,109,50,115,152,35,161,102,86,133,76,122,116,44,125,145,56,21,108,192,40,169,129,29,154,60,177,27,43,127,96,171,141,98,114,64,79,179,47,88,5,186,199,83,153,166,174,150,6,185,62,120,197,168,17,48,63];False
2845;7035;9880;[198,174,147,3,193,109,37,23,172,12,130,117,77,112,93,118,66,157,103,105,74,188,144,31,8,87,142,61,45,138,41,49,78,128,42,57,10,121,162,126,143,160,85,1,33,124,178,196,36,44,140,92,82,149,189,81,0,167,22,26,176,46,9,35,170,95,38,139,19,20,51,50,34,194,180,4,84,67,32,72,163,25,70,65,16,91,195,113,156,71,165,184,146,94,173,18,131,110,101,59,80,100,30,134,148,11,97,58,175,151,7,191,181,68,123,190,137,158,54,52,119,187,39,107,55,14,13,111,132,89,75,129,15,135,53,183,69,159,164,90,28,155,73,99,106,136,115,152,2,161,102,86,133,76,122,116,104,125,145,56,21,108,192,40,169,182,29,154,60,177,27,43,127,96,171,141,98,114,64,79,179,47,88,5,186,199,83,153,166,24,150,6,185,62,120,197,168,17,48,63];False
2328;7142;9470;[50,146,180,147,9,37,82,4,172,12,130,117,77,112,93,184,66,157,103,105,74,188,144,31,142,2,167,61,45,138,41,49,78,128,42,57,3,121,162,126,143,160,91,1,33,124,94,196,36,46,140,92,178,23,189,81,0,85,22,26,176,193,109,190,170,95,38,139,65,20,51,149,34,198,174,118,84,67,32,72,163,25,70,19,16,125,11,113,156,71,165,87,194,8,173,18,131,110,101,59,80,100,30,134,148,195,97,58,175,151,7,191,181,68,123,6,137,158,54,52,119,187,39,107,55,14,13,111,132,89,75,129,15,135,53,183,69,159,164,90,28,155,73,99,106,136,115,152,35,161,102,86,133,76,122,116,104,17,145,56,21,108,192,40,169,182,29,154,60,177,27,43,127,96,171,141,98,114,64,79,179,47,88,5,186,199,83,153,166,24,150,10,185,62,120,197,168,44,48,63];True
1736;7836;9572;[180,172,12,22,26,178,120,3,2,130,84,117,77,112,31,24,66,157,103,90,74,188,144,109,147,0,101,61,45,138,126,185,78,128,42,57,37,121,162,146,118,160,91,1,33,124,94,196,52,182,140,92,82,23,189,81,87,85,104,20,167,193,9,93,170,95,38,139,19,194,51,149,34,127,175,123,176,67,32,72,137,25,70,65,16,190,11,113,156,71,165,184,125,8,173,18,131,110,41,59,80,100,30,134,148,195,97,58,6,43,7,191,181,68,198,142,163,158,54,36,119,187,39,107,55,14,13,197,132,89,75,4,15,135,53,183,69,159,164,105,28,155,73,99,106,136,115,152,35,161,102,86,133,76,122,116,49,46,145,56,21,108,192,40,169,129,29,154,60,177,27,151,111,96,171,141,98,114,64,79,179,47,88,5,186,199,83,153,166,174,150,10,143,62,44,50,168,17,48,63];False
1934;7453;9387;[136,172,12,22,26,178,147,3,2,130,84,117,77,112,106,24,66,157,103,105,74,188,144,118,10,0,167,61,45,138,41,49,78,128,42,57,37,121,162,126,143,160,91,1,33,124,94,196,36,182,140,92,82,23,189,81,87,85,104,46,146,193,9,93,170,95,38,139,19,20,51,149,34,194,180,123,176,67,32,72,163,25,70,65,16,190,11,113,156,71,165,184,31,8,173,18,131,110,101,59,80,100,30,134,148,195,97,137,175,151,7,191,181,68,198,142,58,158,54,52,119,187,39,107,55,14,13,111,132,89,75,4,15,135,53,183,69,159,164,90,28,155,73,99,109,50,115,152,35,161,102,86,133,76,122,116,44,125,145,56,21,108,192,40,169,129,29,154,60,177,27,43,127,96,171,141,98,114,64,79,179,47,88,5,186,199,83,153,166,174,150,6,185,62,120,197,168,17,48,63];True
2951;7028;9979;[198,174,23,3,193,109,37,147,172,12,130,117,77,112,93,118,66,157,103,105,74,188,144,31,8,87,142,61,45,138,41,49,78,128,42,57,10,121,162,126,143,160,85,1,33,124,178,196,36,44,140,92,82,149,189,81,0,167,22,26,176,46,9,35,170,95,38,139,19,20,51,50,34,194,180,4,84,67,32,72,163,25,70,65,16,91,195,113,156,71,165,184,146,94,173,18,131,110,101,59,80,100,30,134,148,11,97,58,175,151,7,191,181,68,123,190,137,158,54,52,119,187,39,107,55,14,13,111,132,89,75,129,15,135,53,183,69,159,164,90,28,155,73,99,106,136,115,152,2,161,102,86,133,76,122,116,104,125,145,56,21,108,192,40,169,182,29,154,60,177,27,43,127,96,171,141,98,114,64,79,179,47,88,5,186,199,83,153,166,24,150,6,185,62,120,197,168,17,48,63];False
2317;7160;9477;[50,146,180,147,22,37,82,4,172,12,130,117,77,112,93,184,66,157,103,105,74,188,144,31,142,2,167,61,45,138,41,49,78,128,42,57,3,121,162,126,143,160,91,1,33,124,94,196,36,46,140,92,178,23,189,81,0,85,9,26,176,193,109,190,170,95,38,139,65,20,51,149,34,198,174,118,84,67,32,72,163,25,70,19,16,125,11,113,156,71,165,87,194,8,173,18,131,110,101,59,80,100,30,134,148,195,97,58,175,151,7,191,181,68,123,6,137,158,54,52,119,187,39,107,55,14,13,111,132,89,75,129,15,135,53,183,69,159,164,90,28,155,73,99,106,136,115,152,35,161,102,86,133,76,122,116,104,17,145,56,21,108,192,40,169,182,29,154,60,177,27,43,127,96,171,141,98,114,64,79,179,47,88,5,186,199,83,153,166,24,150,10,185,62,120,197,168,44,48,63];False
1746;7764;9510;[180,172,12,22,26,178,120,3,2,130,84,117,77,112,31,24,66,157,103,105,74,188,144,109,147,0,101,61,45,138,126,185,78,128,42,57,37,121,162,146,118,160,91,1,33,124,94,196,52,182,140,92,82,23,189,81,87,85,104,20,167,193,9,93,170,95,38,139,19,194,51,149,34,127,175,123,176,67,32,72,137,25,70,65,16,190,11,113,156,71,165,184,125,8,173,18,131,110,41,59,80,100,30,134,148,195,97,58,6,43,7,191,181,68,198,142,163,158,54,36,119,187,39,107,55,14,13,197,132,89,75,4,15,135,53,183,69,159,164,90,28,155,73,99,106,136,115,152,35,161,102,86,133,76,122,116,49,46,145,56,21,108,192,40,169,129,29,154,60,177,27,151,111,96,171,141,98,114,64,79,179,47,88,5,186,199,83,153,166,174,150,10,143,62,44,50,168,17,48,63];False
1921;7487;9408;[104,172,12,22,26,178,147,3,2,130,84,117,77,112,106,24,66,157,103,105,74,188,144,118,10,0,167,61,45,138,41,49,78,128,42,57,37,121,162,126,143,160,91,1,33,124,94,196,36,182,140,92,82,23,189,81,87,85,136,46,146,193,9,93,170,95,38,139,19,20,51,149,34,194,180,123,176,67,32,72,163,25,70,65,16,190,11,113,156,71,165,184,31,8,173,18,131,110,101,59,80,100,30,134,148,195,97,137,175,151,7,191,181,68,198,142,58,158,54,52,119,187,39,107,55,14,13,111,132,89,75,4,15,135,53,183,69,159,164,90,28,155,73,99,109,50,115,152,35,161,102,86,133,76,122,116,44,125,145,56,21,108,192,40,169,129,29,154,60,177,27,43,127,96,171,141,98,114,64,79,179,47,88,5,186,199,83,153,166,174,150,6,185,62,120,197,168,17,48,63];True
2913;7034;9947;[198,174,118,3,193,109,37,147,172,12,130,117,77,112,93,23,66,157,103,105,74,188,144,31,8,87,142,61,45,138,41,49,78,128,42,57,10,121,162,126,143,160,85,1,33,124,178,196,36,44,140,92,82,149,189,81,0,167,22,26,176,46,9,35,170,95,38,139,19,20,51,50,34,194,180,4,84,67,32,72,163,25,70,65,16,91,195,113,156,71,165,184,146,94,173,18,131,110,101,59,80,100,30,134,148,11,97,58,175,151,7,191,181,68,123,190,137,158,54,52,119,187,39,107,55,14,13,111,132,89,75,129,15,135,53,183,69,159,164,90,28,155,73,99,106,136,115,152,2,161,102,86,133,76,122,116,104,125,145,56,21,108,192,40,169,182,29,154,60,177,27,43,127,96,171,141,98,114,64,79,179,47,88,5,186,199,83,153,166,24,150,6,185,62,120,197,168,17,48,63];False
2303;7166;9469;[50,146,180,147,22,37,82,4,172,12,130,117,77,112,93,118,66,157,103,105,74,188,144,31,142,2,167,61,45,138,41,49,78,128,42,57,3,121,162,126,143,160,91,1,33,124,94,196,36,46,140,92,178,23,189,81,0,85,9,26,176,193,109,190,170,95,38,139,65,20,51,149,34,198,174,184,84,67,32,72,163,25,70,19,16,125,11,113,156,71,165,87,194,8,173,18,131,110,101,59,80,100,30,134,148,195,97,58,175,151,7,191,181,68,123,6,137,158,54,52,119,187,39,107,55,14,13,111,132,89,75,129,15,135,53,183,69,159,164,90,28,155,73,99,106,136,115,152,35,161,102,86,133,76,122,116,104,17,145,56,21,108,192,40,169,182,29,154,60,177,27,43,127,96,171,141,98,114,64,79,179,47,88,5,186,199,83,153,166,24,150,10,185,62,120,197,168,44,48,63];False
1748;7732;9480;[180,172,12,22,26,178,120,3,2,130,84,117,77,112,31,29,66,157,103,105,74,188,144,109,147,0,101,61,45,138,126,185,78,128,42,57,37,121,162,146,118,160,91,1,33,124,94,196,52,182,140,92,82,23,189,81,87,85,104,20,167,193,9,93,170,95,38,139,19,194,51,149,34,127,175,123,176,67,32,72,137,25,70,65,16,190,11,113,156,71,165,184,125,8,173,18,131,110,41,59,80,100,30,134,148,195,97,58,6,43,7,191,181,68,198,142,163,158,54,36,119,187,39,107,55,14,13,197,132,89,75,4,15,135,53,183,69,159,164,90,28,155,73,99,106,136,115,152,35,161,102,86,133,76,122,116,49,46,145,56,21,108,192,40,169,129,24,154,60,177,27,151,111,96,171,141,98,114,64,79,179,47,88,5,186,199,83,153,166,174,150,10,143,62,44,50,168,17,48,63];True
1898;7534;9432;[104,172,12,22,46,178,147,3,2,130,84,117,77,112,106,24,66,157,103,105,74,188,144,118,10,0,167,61,45,138,41,49,78,128,42,57,37,121,162,126,143,160,91,1,33,124,94,196,36,182,140,92,82,23,189,81,87,85,136,26,146,193,9,93,170,95,38,139,19,20,51,149,34,194,180,123,176,67,32,72,163,25,70,65,16,190,11,113,156,71,165,184,31,8,173,18,131,110,101,59,80,100,30,134,148,195,97,137,175,151,7,191,181,68,198,142,58,158,54,52,119,187,39,107,55,14,13,111,132,89,75,4,15,135,53,183,69,159,164,90,28,155,73,99,109,50,115,152,35,161,102,86,133,76,122,116,44,125,145,56,21,108,192,40,169,129,29,154,60,177,27,43,127,96,171,141,98,114,64,79,179,47,88,5,186,199,83,153,166,174,150,6,185,62,120,197,168,17,48,63];True
2841;7027;9868;[198,174,118,10,193,109,37,147,172,12,130,117,77,112,93,23,66,157,103,105,74,188,144,31,8,87,142,61,45,138,41,49,78,128,42,57,3,121,162,126,143,160,85,1,33,124,178,196,36,44,140,92,82,149,189,81,0,167,22,26,176,46,9,35,170,95,38,139,19,20,51,50,34,194,180,4,84,67,32,72,163,25,70,65,16,91,195,113,156,71,165,184,146,94,173,18,131,110,101,59,80,100,30,134,148,11,97,58,175,151,7,191,181,68,123,190,137,158,54,52,119,187,39,107,55,14,13,111,132,89,75,129,15,135,53,183,69,159,164,90,28,155,73,99,106,136,115,152,2,161,102,86,133,76,122,116,104,125,145,56,21,108,192,40,169,182,29,154,60,177,27,43,127,96,171,141,98,114,64,79,179,47,88,5,186,199,83,153,166,24,150,6,185,62,120,197,168,17,48,63];True
2314;7148;9462;[50,146,180,147,9,37,82,4,172,12,130,117,77,112,93,118,66,157,103,105,74,188,144,31,142,2,167,61,45,138,41,49,78,128,42,57,3,121,162,126,143,160,91,1,33,124,94,196,36,46,140,92,178,23,189,81,0,85,22,26,176,193,109,190,170,95,38,139,65,20,51,149,34,198,174,184,84,67,32,72,163,25,70,19,16,125,11,113,156,71,165,87,194,8,173,18,131,110,101,59,80,100,30,134,148,195,97,58,175,151,7,191,181,68,123,6,137,158,54,52,119,187,39,107,55,14,13,111,132,89,75,129,15,135,53,183,69,159,164,90,28,155,73,99,106,136,115,152,35,161,102,86,133,76,122,116,104,17,145,56,21,108,192,40,169,182,29,154,60,177,27,43,127,96,171,141,98,114,64,79,179,47,88,5,186,199,83,153,166,24,150,10,185,62,120,197,168,44,48,63];True
1771;7729;9500;[180,172,12,22,26,178,120,3,2,130,84,117,77,112,31,29,66,157,103,105,74,188,93,109,147,0,101,61,45,138,126,185,78,128,42,57,37,121,162,146,118,160,91,1,33,124,94,196,52,182,140,92,82,23,189,81,87,85,104,20,167,193,9,144,170,95,38,139,19,194,51,149,34,127,175,123,176,67,32,72,137,25,70,65,16,190,11,113,156,71,165,184,125,8,173,18,131,110,41,59,80,100,30,134,148,195,97,58,6,43,7,191,181,68,198,142,163,158,54,36,119,187,39,107,55,14,13,197,132,89,75,4,15,135,53,183,69,159,164,90,28,155,73,99,106,136,115,152,35,161,102,86,133,76,122,116,49,46,145,56,21,108,192,40,169,129,24,154,60,177,27,151,111,96,171,141,98,114,64,79,179,47,88,5,186,199,83,153,166,174,150,10,143,62,44,50,168,17,48,63];False
1897;7565;9462;[104,172,12,49,46,178,147,3,2,130,84,117,77,112,106,24,66,157,103,105,74,188,144,118,10,0,167,61,45,138,41,22,78,128,42,57,37,121,162,126,143,160,91,1,33,124,94,196,36,182,140,92,82,23,189,81,87,85,136,26,146,193,9,93,170,95,38,139,19,20,51,149,34,194,180,123,176,67,32,72,163,25,70,65,16,190,11,113,156,71,165,184,31,8,173,18,131,110,101,59,80,100,30,134,148,195,97,137,175,151,7,191,181,68,198,142,58,158,54,52,119,187,39,107,55,14,13,111,132,89,75,4,15,135,53,183,69,159,164,90,28,155,73,99,109,50,115,152,35,161,102,86,133,76,122,116,44,125,145,56,21,108,192,40,169,129,29,154,60,177,27,43,127,96,171,141,98,114,64,79,179,47,88,5,186,199,83,153,166,174,150,6,185,62,120,197,168,17,48,63];False
3099;7025;10124;[198,174,145,10,193,109,37,147,172,12,130,117,77,112,93,23,66,157,103,105,74,188,144,31,8,87,142,61,45,138,41,49,78,128,42,57,3,121,162,126,143,160,85,1,33,124,178,196,36,44,140,92,82,149,189,81,0,167,22,26,176,46,9,35,170,95,38,139,19,20,51,50,34,194,180,4,84,67,32,72,163,25,70,65,16,91,195,113,156,71,165,184,146,94,173,18,131,110,101,59,80,100,30,134,148,11,97,58,175,151,7,191,181,68,123,190,137,158,54,52,119,187,39,107,55,14,13,111,132,89,75,129,15,135,53,183,69,159,164,90,28,155,73,99,106,136,115,152,2,161,102,86,133,76,122,116,104,125,118,56,21,108,192,40,169,182,29,154,60,177,27,43,127,96,171,141,98,114,64,79,179,47,88,5,186,199,83,153,166,24,150,6,185,62,120,197,168,17,48,63];False
2294;7183;9477;[194,146,180,147,9,37,82,4,172,12,130,117,77,112,93,118,66,157,103,105,74,188,144,31,142,2,167,61,45,138,41,49,78,128,42,57,3,121,162,126,143,160,91,1,33,124,94,196,36,46,140,92,178,23,189,81,0,85,22,26,176,193,109,190,170,95,38,139,65,20,51,149,34,198,174,184,84,67,32,72,163,25,70,19,16,125,11,113,156,71,165,87,50,8,173,18,131,110,101,59,80,100,30,134,148,195,97,58,175,151,7,191,181,68,123,6,137,158,54,52,119,187,39,107,55,14,13,111,132,89,75,129,15,135,53,183,69,159,164,90,28,155,73,99,106,136,115,152,35,161,102,86,133,76,122,116,104,17,145,56,21,108,192,40,169,182,29,154,60,177,27,43,127,96,171,141,98,114,64,79,179,47,88,5,186,199,83,153,166,24,150,10,185,62,120,197,168,44,48,63];False
1733;7770;9503;[180,172,12,22,26,178,120,3,2,130,84,117,77,112,31,29,66,157,103,105,74,188,93,170,147,0,101,61,45,138,126,185,78,128,42,57,37,121,162,146,118,160,91,1,33,124,94,196,52,182,140,92,82,23,189,81,87,85,104,20,167,193,9,144,109,95,38,139,19,194,51,149,34,127,175,123,176,67,32,72,137,25,70,65,16,190,11,113,156,71,165,184,125,8,173,18,131,110,41,59,80,100,30,134,148,195,97,58,6,43,7,191,181,68,198,142,163,158,54,36,119,187,39,107,55,14,13,197,132,89,75,4,15,135,53,183,69,159,164,90,28,155,73,99,106,136,115,152,35,161,102,86,133,76,122,116,49,46,145,56,21,108,192,40,169,129,24,154,60,177,27,151,111,96,171,141,98,114,64,79,179,47,88,5,186,199,83,153,166,174,150,10,143,62,44,50,168,17,48,63];False
1892;7563;9455;[104,172,12,49,182,178,147,3,2,130,84,117,77,112,106,24,66,157,103,105,74,188,144,118,10,0,167,61,45,138,41,22,78,128,42,57,37,121,162,126,143,160,91,1,33,124,94,196,36,46,140,92,82,23,189,81,87,85,136,26,146,193,9,93,170,95,38,139,19,20,51,149,34,194,180,123,176,67,32,72,163,25,70,65,16,190,11,113,156,71,165,184,31,8,173,18,131,110,101,59,80,100,30,134,148,195,97,137,175,151,7,191,181,68,198,142,58,158,54,52,119,187,39,107,55,14,13,111,132,89,75,4,15,135,53,183,69,159,164,90,28,155,73,99,109,50,115,152,35,161,102,86,133,76,122,116,44,125,145,56,21,108,192,40,169,129,29,154,60,177,27,43,127,96,171,141,98,114,64,79,179,47,88,5,186,199,83,153,166,174,150,6,185,62,120,197,168,17,48,63];False
3205;7017;10222;[198,174,157,10,193,109,37,147,172,12,130,117,77,112,93,23,66,145,103,105,74,188,144,31,8,87,142,61,45,138,41,49,78,128,42,57,3,121,162,126,143,160,85,1,33,124,178,196,36,44,140,92,82,149,189,81,0,167,22,26,176,46,9,35,170,95,38,139,19,20,51,50,34,194,180,4,84,67,32,72,163,25,70,65,16,91,195,113,156,71,165,184,146,94,173,18,131,110,101,59,80,100,30,134,148,11,97,58,175,151,7,191,181,68,123,190,137,158,54,52,119,187,39,107,55,14,13,111,132,89,75,129,15,135,53,183,69,159,164,90,28,155,73,99,106,136,115,152,2,161,102,86,133,76,122,116,104,125,118,56,21,108,192,40,169,182,29,154,60,177,27,43,127,96,171,141,98,114,64,79,179,47,88,5,186,199,83,153,166,24,150,6,185,62,120,197,168,17,48,63];False
2295;7176;9471;[194,146,180,147,9,37,82,4,172,12,130,117,77,112,93,118,66,157,103,105,74,188,144,31,142,2,167,61,45,138,41,49,78,128,42,57,3,121,162,126,143,160,91,1,33,124,94,196,36,46,140,92,178,23,189,81,0,85,22,26,176,193,109,190,170,95,38,139,65,20,51,149,34,198,174,87,84,67,32,72,163,25,70,19,16,125,11,113,156,71,165,184,50,8,173,18,131,110,101,59,80,100,30,134,148,195,97,58,175,151,7,191,181,68,123,6,137,158,54,52,119,187,39,107,55,14,13,111,132,89,75,129,15,135,53,183,69,159,164,90,28,155,73,99,106,136,115,152,35,161,102,86,133,76,122,116,104,17,145,56,21,108,192,40,169,182,29,154,60,177,27,43,127,96,171,141,98,114,64,79,179,47,88,5,186,199,83,153,166,24,150,10,185,62,120,197,168,44,48,63];False
1731;7802;9533;[180,172,12,22,26,178,120,3,2,130,84,117,77,112,31,24,66,157,103,105,74,188,93,170,147,0,101,61,45,138,126,185,78,128,42,57,37,121,162,146,118,160,91,1,33,124,94,196,52,182,140,92,82,23,189,81,87,85,104,20,167,193,9,144,109,95,38,139,19,194,51,149,34,127,175,123,176,67,32,72,137,25,70,65,16,190,11,113,156,71,165,184,125,8,173,18,131,110,41,59,80,100,30,134,148,195,97,58,6,43,7,191,181,68,198,142,163,158,54,36,119,187,39,107,55,14,13,197,132,89,75,4,15,135,53,183,69,159,164,90,28,155,73,99,106,136,115,152,35,161,102,86,133,76,122,116,49,46,145,56,21,108,192,40,169,129,29,154,60,177,27,151,111,96,171,141,98,114,64,79,179,47,88,5,186,199,83,153,166,174,150,10,143,62,44,50,168,17,48,63];False
1894;7539;9433;[104,172,12,22,182,178,147,3,2,130,84,117,77,112,106,24,66,157,103,105,74,188,144,118,10,0,167,61,45,138,41,49,78,128,42,57,37,121,162,126,143,160,91,1,33,124,94,196,36,46,140,92,82,23,189,81,87,85,136,26,146,193,9,93,170,95,38,139,19,20,51,149,34,194,180,123,176,67,32,72,163,25,70,65,16,190,11,113,156,71,165,184,31,8,173,18,131,110,101,59,80,100,30,134,148,195,97,137,175,151,7,191,181,68,198,142,58,158,54,52,119,187,39,107,55,14,13,111,132,89,75,4,15,135,53,183,69,159,164,90,28,155,73,99,109,50,115,152,35,161,102,86,133,76,122,116,44,125,145,56,21,108,192,40,169,129,29,154,60,177,27,43,127,96,171,141,98,114,64,79,179,47,88,5,186,199,83,153,166,174,150,6,185,62,120,197,168,17,48,63];True
3234;7010;10244;[198,174,37,10,193,109,157,147,172,12,130,117,77,112,93,23,66,145,103,105,74,188,144,31,8,87,142,61,45,138,41,49,78,128,42,57,3,121,162,126,143,160,85,1,33,124,178,196,36,44,140,92,82,149,189,81,0,167,22,26,176,46,9,35,170,95,38,139,19,20,51,50,34,194,180,4,84,67,32,72,163,25,70,65,16,91,195,113,156,71,165,184,146,94,173,18,131,110,101,59,80,100,30,134,148,11,97,58,175,151,7,191,181,68,123,190,137,158,54,52,119,187,39,107,55,14,13,111,132,89,75,129,15,135,53,183,69,159,164,90,28,155,73,99,106,136,115,152,2,161,102,86,133,76,122,116,104,125,118,56,21,108,192,40,169,182,29,154,60,177,27,43,127,96,171,141,98,114,64,79,179,47,88,5,186,199,83,153,166,24,150,6,185,62,120,197,168,17,48,63];False
2279;7185;9464;[194,146,180,147,9,37,82,4,172,12,130,117,77,112,93,118,66,157,103,105,74,188,144,31,142,35,167,61,45,138,41,49,78,128,42,57,3,121,162,126,143,160,91,1,33,124,94,196,36,46,140,92,178,23,189,81,0,85,22,26,176,193,109,190,170,95,38,139,65,20,51,149,34,198,174,87,84,67,32,72,163,25,70,19,16,125,11,113,156,71,165,184,50,8,173,18,131,110,101,59,80,100,30,134,148,195,97,58,175,151,7,191,181,68,123,6,137,158,54,52,119,187,39,107,55,14,13,111,132,89,75,129,15,135,53,183,69,159,164,90,28,155,73,99,106,136,115,152,2,161,102,86,133,76,122,116,104,17,145,56,21,108,192,40,169,182,29,154,60,177,27,43,127,96,171,141,98,114,64,79,179,47,88,5,186,199,83,153,166,24,150,10,185,62,120,197,168,44,48,63];False
1728;7811;9539;[180,172,12,22,26,178,120,3,2,130,84,117,77,112,31,24,66,157,103,105,74,188,93,170,147,0,101,61,45,55,126,185,78,128,42,57,37,121,162,146,118,160,91,1,33,124,94,196,52,182,140,92,82,23,189,81,87,85,104,20,167,193,9,144,109,95,38,139,19,194,51,149,34,127,175,123,176,67,32,72,137,25,70,65,16,190,11,113,156,71,165,184,125,8,173,18,131,110,41,59,80,100,30,134,148,195,97,58,6,43,7,191,181,68,198,142,163,158,54,36,119,187,39,107,138,14,13,197,132,89,75,4,15,135,53,183,69,159,164,90,28,155,73,99,106,136,115,152,35,161,102,86,133,76,122,116,49,46,145,56,21,108,192,40,169,129,29,154,60,177,27,151,111,96,171,141,98,114,64,79,179,47,88,5,186,199,83,153,166,174,150,10,143,62,44,50,168,17,48,63];False
1889;7574;9463;[104,172,12,22,49,178,147,3,2,130,84,117,77,112,106,24,66,157,103,105,74,188,144,118,10,0,167,61,45,138,41,182,78,128,42,57,37,121,162,126,143,160,91,1,33,124,94,196,36,46,140,92,82,23,189,81,87,85,136,26,146,193,9,93,170,95,38,139,19,20,51,149,34,194,180,123,176,67,32,72,163,25,70,65,16,190,11,113,156,71,165,184,31,8,173,18,131,110,101,59,80,100,30,134,148,195,97,137,175,151,7,191,181,68,198,142,58,158,54,52,119,187,39,107,55,14,13,111,132,89,75,4,15,135,53,183,69,159,164,90,28,155,73,99,109,50,115,152,35,161,102,86,133,76,122,116,44,125,145,56,21,108,192,40,169,129,29,154,60,177,27,43,127,96,171,141,98,114,64,79,179,47,88,5,186,199,83,153,166,174,150,6,185,62,120,197,168,17,48,63];False
3121;7024;10145;[198,174,10,37,193,109,157,147,172,12,130,117,77,112,93,23,66,145,103,105,74,188,144,31,8,87,142,61,45,138,41,49,78,128,42,57,3,121,162,126,143,160,85,1,33,124,178,196,36,44,140,92,82,149,189,81,0,167,22,26,176,46,9,35,170,95,38,139,19,20,51,50,34,194,180,4,84,67,32,72,163,25,70,65,16,91,195,113,156,71,165,184,146,94,173,18,131,110,101,59,80,100,30,134,148,11,97,58,175,151,7,191,181,68,123,190,137,158,54,52,119,187,39,107,55,14,13,111,132,89,75,129,15,135,53,183,69,159,164,90,28,155,73,99,106,136,115,152,2,161,102,86,133,76,122,116,104,125,118,56,21,108,192,40,169,182,29,154,60,177,27,43,127,96,171,141,98,114,64,79,179,47,88,5,186,199,83,153,166,24,150,6,185,62,120,197,168,17,48,63];False
2299;7173;9472;[194,146,180,178,9,37,82,4,172,12,130,117,77,112,93,118,66,157,103,105,74,188,144,31,142,35,167,61,45,138,41,49,78,128,42,57,3,121,162,126,143,160,91,1,33,124,94,196,36,46,140,92,147,23,189,81,0,85,22,26,176,193,109,190,170,95,38,139,65,20,51,149,34,198,174,87,84,67,32,72,163,25,70,19,16,125,11,113,156,71,165,184,50,8,173,18,131,110,101,59,80,100,30,134,148,195,97,58,175,151,7,191,181,68,123,6,137,158,54,52,119,187,39,107,55,14,13,111,132,89,75,129,15,135,53,183,69,159,164,90,28,155,73,99,106,136,115,152,2,161,102,86,133,76,122,116,104,17,145,56,21,108,192,40,169,182,29,154,60,177,27,43,127,96,171,141,98,114,64,79,179,47,88,5,186,199,83,153,166,24,150,10,185,62,120,197,168,44,48,63];False
1730;7779;9509;[180,172,12,22,26,178,120,3,2,130,84,117,77,112,31,29,66,157,103,105,74,188,93,170,147,0,101,61,45,55,126,185,78,128,42,57,37,121,162,146,118,160,91,1,33,124,94,196,52,182,140,92,82,23,189,81,87,85,104,20,167,193,9,144,109,95,38,139,19,194,51,149,34,127,175,123,176,67,32,72,137,25,70,65,16,190,11,113,156,71,165,184,125,8,173,18,131,110,41,59,80,100,30,134,148,195,97,58,6,43,7,191,181,68,198,142,163,158,54,36,119,187,39,107,138,14,13,197,132,89,75,4,15,135,53,183,69,159,164,90,28,155,73,99,106,136,115,152,35,161,102,86,133,76,122,116,49,46,145,56,21,108,192,40,169,129,24,154,60,177,27,151,111,96,171,141,98,114,64,79,179,47,88,5,186,199,83,153,166,174,150,10,143,62,44,50,168,17,48,63];False
1895;7535;9430;[104,172,12,22,26,178,147,3,2,130,84,117,77,112,106,24,66,157,103,105,74,188,144,118,10,0,167,61,45,138,41,182,78,128,42,57,37,121,162,126,143,160,91,1,33,124,94,196,36,46,140,92,82,23,189,81,87,85,136,49,146,193,9,93,170,95,38,139,19,20,51,149,34,194,180,123,176,67,32,72,163,25,70,65,16,190,11,113,156,71,165,184,31,8,173,18,131,110,101,59,80,100,30,134,148,195,97,137,175,151,7,191,181,68,198,142,58,158,54,52,119,187,39,107,55,14,13,111,132,89,75,4,15,135,53,183,69,159,164,90,28,155,73,99,109,50,115,152,35,161,102,86,133,76,122,116,44,125,145,56,21,108,192,40,169,129,29,154,60,177,27,43,127,96,171,141,98,114,64,79,179,47,88,5,186,199,83,153,166,174,150,6,185,62,120,197,168,17,48,63];True
3192;7020;10212;[198,174,138,37,193,109,157,147,172,12,130,117,77,112,93,23,66,145,103,105,74,188,144,31,8,87,142,61,45,10,41,49,78,128,42,57,3,121,162,126,143,160,85,1,33,124,178,196,36,44,140,92,82,149,189,81,0,167,22,26,176,46,9,35,170,95,38,139,19,20,51,50,34,194,180,4,84,67,32,72,163,25,70,65,16,91,195,113,156,71,165,184,146,94,173,18,131,110,101,59,80,100,30,134,148,11,97,58,175,151,7,191,181,68,123,190,137,158,54,52,119,187,39,107,55,14,13,111,132,89,75,129,15,135,53,183,69,159,164,90,28,155,73,99,106,136,115,152,2,161,102,86,133,76,122,116,104,125,118,56,21,108,192,40,169,182,29,154,60,177,27,43,127,96,171,141,98,114,64,79,179,47,88,5,186,199,83,153,166,24,150,6,185,62,120,197,168,17,48,63];False
2237;7184;9421;[194,146,180,178,9,37,147,4,172,12,130,117,77,112,93,118,66,157,103,105,74,188,144,31,142,35,167,61,45,138,41,49,78,128,42,57,3,121,162,126,143,160,91,1,33,124,94,196,36,46,140,92,82,23,189,81,0,85,22,26,176,193,109,190,170,95,38,139,65,20,51,149,34,198,174,87,84,67,32,72,163,25,70,19,16,125,11,113,156,71,165,184,50,8,173,18,131,110,101,59,80,100,30,134,148,195,97,58,175,151,7,191,181,68,123,6,137,158,54,52,119,187,39,107,55,14,13,111,132,89,75,129,15,135,53,183,69,159,164,90,28,155,73,99,106,136,115,152,2,161,102,86,133,76,122,116,104,17,145,56,21,108,192,40,169,182,29,154,60,177,27,43,127,96,171,141,98,114,64,79,179,47,88,5,186,199,83,153,166,24,150,10,185,62,120,197,168,44,48,63];False
1720;7851;9571;[180,172,12,22,26,178,120,3,2,130,84,117,77,112,31,29,66,157,103,90,74,188,93,170,147,0,101,61,45,55,126,185,78,128,42,57,37,121,162,146,118,160,91,1,33,124,94,196,52,182,140,92,82,23,189,81,87,85,104,20,167,193,9,144,109,95,38,139,19,194,51,149,34,127,175,123,176,67,32,72,137,25,70,65,16,190,11,113,156,71,165,184,125,8,173,18,131,110,41,59,80,100,30,134,148,195,97,58,6,43,7,191,181,68,198,142,163,158,54,36,119,187,39,107,138,14,13,197,132,89,75,4,15,135,53,183,69,159,164,105,28,155,73,99,106,136,115,152,35,161,102,86,133,76,122,116,49,46,145,56,21,108,192,40,169,129,24,154,60,177,27,151,111,96,171,141,98,114,64,79,179,47,88,5,186,199,83,153,166,174,150,10,143,62,44,50,168,17,48,63];False
1910;7520;9430;[104,172,12,22,26,93,147,3,2,130,84,117,77,112,106,24,66,157,103,105,74,188,144,118,10,0,167,61,45,138,41,182,78,128,42,57,37,121,162,126,143,160,91,1,33,124,94,196,36,46,140,92,82,23,189,81,87,85,136,49,146,193,9,178,170,95,38,139,19,20,51,149,34,194,180,123,176,67,32,72,163,25,70,65,16,190,11,113,156,71,165,184,31,8,173,18,131,110,101,59,80,100,30,134,148,195,97,137,175,151,7,191,181,68,198,142,58,158,54,52,119,187,39,107,55,14,13,111,132,89,75,4,15,135,53,183,69,159,164,90,28,155,73,99,109,50,115,152,35,161,102,86,133,76,122,116,44,125,145,56,21,108,192,40,169,129,29,154,60,177,27,43,127,96,171,141,98,114,64,79,179,47,88,5,186,199,83,153,166,174,150,6,185,62,120,197,168,17,48,63];True
3216;7011;10227;[198,174,37,138,193,109,157,147,172,12,130,117,77,112,93,23,66,145,103,105,74,188,144,31,8,87,142,61,45,10,41,49,78,128,42,57,3,121,162,126,143,160,85,1,33,124,178,196,36,44,140,92,82,149,189,81,0,167,22,26,176,46,9,35,170,95,38,139,19,20,51,50,34,194,180,4,84,67,32,72,163,25,70,65,16,91,195,113,156,71,165,184,146,94,173,18,131,110,101,59,80,100,30,134,148,11,97,58,175,151,7,191,181,68,123,190,137,158,54,52,119,187,39,107,55,14,13,111,132,89,75,129,15,135,53,183,69,159,164,90,28,155,73,99,106,136,115,152,2,161,102,86,133,76,122,116,104,125,118,56,21,108,192,40,169,182,29,154,60,177,27,43,127,96,171,141,98,114,64,79,179,47,88,5,186,199,83,153,166,24,150,6,185,62,120,197,168,17,48,63];False
2299;7163;9462;[50,146,180,178,9,37,147,4,172,12,130,117,77,112,93,118,66,157,103,105,74,188,144,31,142,35,167,61,45,138,41,49,78,128,42,57,3,121,162,126,143,160,91,1,33,124,94,196,36,46,140,92,82,23,189,81,0,85,22,26,176,193,109,190,170,95,38,139,65,20,51,149,34,198,174,87,84,67,32,72,163,25,70,19,16,125,11,113,156,71,165,184,194,8,173,18,131,110,101,59,80,100,30,134,148,195,97,58,175,151,7,191,181,68,123,6,137,158,54,52,119,187,39,107,55,14,13,111,132,89,75,129,15,135,53,183,69,159,164,90,28,155,73,99,106,136,115,152,2,161,102,86,133,76,122,116,104,17,145,56,21,108,192,40,169,182,29,154,60,177,27,43,127,96,171,141,98,114,64,79,179,47,88,5,186,199,83,153,166,24,150,10,185,62,120,197,168,44,48,63];True
1718;7883;9601;[180,172,12,22,26,178,120,3,2,130,84,117,77,112,31,24,66,157,103,90,74,188,93,170,147,0,101,61,45,55,126,185,78,128,42,57,37,121,162,146,118,160,91,1,33,124,94,196,52,182,140,92,82,23,189,81,87,85,104,20,167,193,9,144,109,95,38,139,19,194,51,149,34,127,175,123,176,67,32,72,137,25,70,65,16,190,11,113,156,71,165,184,125,8,173,18,131,110,41,59,80,100,30,134,148,195,97,58,6,43,7,191,181,68,198,142,163,158,54,36,119,187,39,107,138,14,13,197,132,89,75,4,15,135,53,183,69,159,164,105,28,155,73,99,106,136,115,152,35,161,102,86,133,76,122,116,49,46,145,56,21,108,192,40,169,129,29,154,60,177,27,151,111,96,171,141,98,114,64,79,179,47,88,5,186,199,83,153,166,174,150,10,143,62,44,50,168,17,48,63];False
1893;7554;9447;[104,172,12,22,26,93,147,3,2,130,84,117,77,112,106,24,66,157,103,105,74,188,144,118,10,110,167,61,45,138,41,182,78,128,42,57,37,121,162,126,143,160,91,1,33,124,94,196,36,46,140,92,82,23,189,81,87,85,136,49,146,193,9,178,170,95,38,139,19,20,51,149,34,194,180,123,176,67,32,72,163,25,70,65,16,190,11,113,156,71,165,184,31,8,173,18,131,0,101,59,80,100,30,134,148,195,97,137,175,151,7,191,181,68,198,142,58,158,54,52,119,187,39,107,55,14,13,111,132,89,75,4,15,135,53,183,69,159,164,90,28,155,73,99,109,50,115,152,35,161,102,86,133,76,122,116,44,125,145,56,21,108,192,40,169,129,29,154,60,177,27,43,127,96,171,141,98,114,64,79,179,47,88,5,186,199,83,153,166,174,150,6,185,62,120,197,168,17,48,63];False
3186;7018;10204;[198,174,157,138,193,109,37,147,172,12,130,117,77,112,93,23,66,145,103,105,74,188,144,31,8,87,142,61,45,10,41,49,78,128,42,57,3,121,162,126,143,160,85,1,33,124,178,196,36,44,140,92,82,149,189,81,0,167,22,26,176,46,9,35,170,95,38,139,19,20,51,50,34,194,180,4,84,67,32,72,163,25,70,65,16,91,195,113,156,71,165,184,146,94,173,18,131,110,101,59,80,100,30,134,148,11,97,58,175,151,7,191,181,68,123,190,137,158,54,52,119,187,39,107,55,14,13,111,132,89,75,129,15,135,53,183,69,159,164,90,28,155,73,99,106,136,115,152,2,161,102,86,133,76,122,116,104,125,118,56,21,108,192,40,169,182,29,154,60,177,27,43,127,96,171,141,98,114,64,79,179,47,88,5,186,199,83,153,166,24,150,6,185,62,120,197,168,17,48,63];False
2264;7178;9442;[50,146,180,178,9,37,147,4,172,12,130,35,77,112,93,118,66,157,103,105,74,188,144,31,142,117,167,61,45,138,41,49,78,128,42,57,3,121,162,126,143,160,91,1,33,124,94,196,36,46,140,92,82,23,189,81,0,85,22,26,176,193,109,190,170,95,38,139,65,20,51,149,34,198,174,87,84,67,32,72,163,25,70,19,16,125,11,113,156,71,165,184,194,8,173,18,131,110,101,59,80,100,30,134,148,195,97,58,175,151,7,191,181,68,123,6,137,158,54,52,119,187,39,107,55,14,13,111,132,89,75,129,15,135,53,183,69,159,164,90,28,155,73,99,106,136,115,152,2,161,102,86,133,76,122,116,104,17,145,56,21,108,192,40,169,182,29,154,60,177,27,43,127,96,171,141,98,114,64,79,179,47,88,5,186,199,83,153,166,24,150,10,185,62,120,197,168,44,48,63];False
1707;7882;9589;[180,172,12,22,26,178,120,3,2,130,84,117,77,112,31,24,66,157,103,90,74,188,93,170,147,0,101,61,45,55,126,185,78,128,42,57,37,121,162,146,118,10,91,1,33,124,94,196,52,182,140,92,82,23,189,81,87,85,104,20,167,193,9,144,109,95,38,139,19,194,51,149,34,127,175,123,176,67,32,72,137,25,70,65,16,190,11,113,156,71,165,184,125,8,173,18,131,110,41,59,80,100,30,134,148,195,97,58,6,43,7,191,181,68,198,142,163,158,54,36,119,187,39,107,138,14,13,197,132,89,75,4,15,135,53,183,69,159,164,105,28,155,73,99,106,136,115,152,35,161,102,86,133,76,122,116,49,46,145,56,21,108,192,40,169,129,29,154,60,177,27,151,111,96,171,141,98,114,64,79,179,47,88,5,186,199,83,153,166,174,150,160,143,62,44,50,168,17,48,63];False
1878;7569;9447;[104,172,12,22,26,178,147,3,2,130,84,117,77,112,106,24,66,157,103,105,74,188,144,118,10,110,167,61,45,138,41,182,78,128,42,57,37,121,162,126,143,160,91,1,33,124,94,196,36,46,140,92,82,23,189,81,87,85,136,49,146,193,9,93,170,95,38,139,19,20,51,149,34,194,180,123,176,67,32,72,163,25,70,65,16,190,11,113,156,71,165,184,31,8,173,18,131,0,101,59,80,100,30,134,148,195,97,137,175,151,7,191,181,68,198,142,58,158,54,52,119,187,39,107,55,14,13,111,132,89,75,4,15,135,53,183,69,159,164,90,28,155,73,99,109,50,115,152,35,161,102,86,133,76,122,116,44,125,145,56,21,108,192,40,169,129,29,154,60,177,27,43,127,96,171,141,98,114,64,79,179,47,88,5,186,199,83,153,166,174,150,6,185,62,120,197,168,17,48,63];False
3201;7016;10217;[198,174,23,138,193,109,37,147,172,12,130,117,77,112,93,157,66,145,103,105,74,188,144,31,8,87,142,61,45,10,41,49,78,128,42,57,3,121,162,126,143,160,85,1,33,124,178,196,36,44,140,92,82,149,189,81,0,167,22,26,176,46,9,35,170,95,38,139,19,20,51,50,34,194,180,4,84,67,32,72,163,25,70,65,16,91,195,113,156,71,165,184,146,94,173,18,131,110,101,59,80,100,30,134,148,11,97,58,175,151,7,191,181,68,123,190,137,158,54,52,119,187,39,107,55,14,13,111,132,89,75,129,15,135,53,183,69,159,164,90,28,155,73,99,106,136,115,152,2,161,102,86,133,76,122,116,104,125,118,56,21,108,192,40,169,182,29,154,60,177,27,43,127,96,171,141,98,114,64,79,179,47,88,5,186,199,83,153,166,24,150,6,185,62,120,197,168,17,48,63];False
2202;7199;9401;[194,146,180,178,9,37,147,4,172,12,130,35,77,112,93,118,66,157,103,105,74,188,144,31,142,117,167,61,45,138,41,49,78,128,42,57,3,121,162,126,143,160,91,1,33,124,94,196,36,46,140,92,82,23,189,81,0,85,22,26,176,193,109,190,170,95,38,139,65,20,51,149,34,198,174,87,84,67,32,72,163,25,70,19,16,125,11,113,156,71,165,184,50,8,173,18,131,110,101,59,80,100,30,134,148,195,97,58,175,151,7,191,181,68,123,6,137,158,54,52,119,187,39,107,55,14,13,111,132,89,75,129,15,135,53,183,69,159,164,90,28,155,73,99,106,136,115,152,2,161,102,86,133,76,122,116,104,17,145,56,21,108,192,40,169,182,29,154,60,177,27,43,127,96,171,141,98,114,64,79,179,47,88,5,186,199,83,153,166,24,150,10,185,62,120,197,168,44,48,63];False
1709;7850;9559;[180,172,12,22,26,178,120,3,2,130,84,117,77,112,31,29,66,157,103,90,74,188,93,170,147,0,101,61,45,55,126,185,78,128,42,57,37,121,162,146,118,10,91,1,33,124,94,196,52,182,140,92,82,23,189,81,87,85,104,20,167,193,9,144,109,95,38,139,19,194,51,149,34,127,175,123,176,67,32,72,137,25,70,65,16,190,11,113,156,71,165,184,125,8,173,18,131,110,41,59,80,100,30,134,148,195,97,58,6,43,7,191,181,68,198,142,163,158,54,36,119,187,39,107,138,14,13,197,132,89,75,4,15,135,53,183,69,159,164,105,28,155,73,99,106,136,115,152,35,161,102,86,133,76,122,116,49,46,145,56,21,108,192,40,169,129,24,154,60,177,27,151,111,96,171,141,98,114,64,79,179,47,88,5,186,199,83,153,166,174,150,160,143,62,44,50,168,17,48,63];False
1902;7531;9433;[104,172,12,22,26,178,147,3,2,130,84,117,77,112,85,24,66,157,103,105,74,188,144,118,10,110,167,61,45,138,41,182,78,128,42,57,37,121,162,126,143,160,91,1,33,124,94,196,36,46,140,92,82,23,189,81,87,106,136,49,146,193,9,93,170,95,38,139,19,20,51,149,34,194,180,123,176,67,32,72,163,25,70,65,16,190,11,113,156,71,165,184,31,8,173,18,131,0,101,59,80,100,30,134,148,195,97,137,175,151,7,191,181,68,198,142,58,158,54,52,119,187,39,107,55,14,13,111,132,89,75,4,15,135,53,183,69,159,164,90,28,155,73,99,109,50,115,152,35,161,102,86,133,76,122,116,44,125,145,56,21,108,192,40,169,129,29,154,60,177,27,43,127,96,171,141,98,114,64,79,179,47,88,5,186,199,83,153,166,174,150,6,185,62,120,197,168,17,48,63];False
3182;7011;10193;[198,174,160,138,193,109,37,147,172,12,130,117,77,112,93,157,66,145,103,105,74,188,144,31,8,87,142,61,45,10,41,49,78,128,42,57,3,121,162,126,143,23,85,1,33,124,178,196,36,44,140,92,82,149,189,81,0,167,22,26,176,46,9,35,170,95,38,139,19,20,51,50,34,194,180,4,84,67,32,72,163,25,70,65,16,91,195,113,156,71,165,184,146,94,173,18,131,110,101,59,80,100,30,134,148,11,97,58,175,151,7,191,181,68,123,190,137,158,54,52,119,187,39,107,55,14,13,111,132,89,75,129,15,135,53,183,69,159,164,90,28,155,73,99,106,136,115,152,2,161,102,86,133,76,122,116,104,125,118,56,21,108,192,40,169,182,29,154,60,177,27,43,127,96,171,141,98,114,64,79,179,47,88,5,186,199,83,153,166,24,150,6,185,62,120,197,168,17,48,63];False
2194;7214;9408;[194,146,180,178,9,37,147,4,172,12,33,35,77,112,93,118,66,157,103,105,74,188,144,31,142,117,167,61,45,138,41,49,78,128,42,57,3,121,162,126,143,160,91,1,130,124,94,196,36,46,140,92,82,23,189,81,0,85,22,26,176,193,109,190,170,95,38,139,65,20,51,149,34,198,174,87,84,67,32,72,163,25,70,19,16,125,11,113,156,71,165,184,50,8,173,18,131,110,101,59,80,100,30,134,148,195,97,58,175,151,7,191,181,68,123,6,137,158,54,52,119,187,39,107,55,14,13,111,132,89,75,129,15,135,53,183,69,159,164,90,28,155,73,99,106,136,115,152,2,161,102,86,133,76,122,116,104,17,145,56,21,108,192,40,169,182,29,154,60,177,27,43,127,96,171,141,98,114,64,79,179,47,88,5,186,199,83,153,166,24,150,10,185,62,120,197,168,44,48,63];False
1719;7778;9497;[180,172,12,22,26,178,120,3,2,130,84,117,77,112,31,29,66,157,103,105,74,188,93,170,147,0,101,61,45,55,126,185,78,128,42,57,37,121,162,146,118,10,91,1,33,124,94,196,52,182,140,92,82,23,189,81,87,85,104,20,167,193,9,144,109,95,38,139,19,194,51,149,34,127,175,123,176,67,32,72,137,25,70,65,16,190,11,113,156,71,165,184,125,8,173,18,131,110,41,59,80,100,30,134,148,195,97,58,6,43,7,191,181,68,198,142,163,158,54,36,119,187,39,107,138,14,13,197,132,89,75,4,15,135,53,183,69,159,164,90,28,155,73,99,106,136,115,152,35,161,102,86,133,76,122,116,49,46,145,56,21,108,192,40,169,129,24,154,60,177,27,151,111,96,171,141,98,114,64,79,179,47,88,5,186,199,83,153,166,174,150,160,143,62,44,50,168,17,48,63];True
1917;7516;9433;[104,172,12,22,26,93,147,3,2,130,84,117,77,112,85,24,66,157,103,105,74,188,144,118,10,110,167,61,45,138,41,182,78,128,42,57,37,121,162,126,143,160,91,1,33,124,94,196,36,46,140,92,82,23,189,81,87,106,136,49,146,193,9,178,170,95,38,139,19,20,51,149,34,194,180,123,176,67,32,72,163,25,70,65,16,190,11,113,156,71,165,184,31,8,173,18,131,0,101,59,80,100,30,134,148,195,97,137,175,151,7,191,181,68,198,142,58,158,54,52,119,187,39,107,55,14,13,111,132,89,75,4,15,135,53,183,69,159,164,90,28,155,73,99,109,50,115,152,35,161,102,86,133,76,122,116,44,125,145,56,21,108,192,40,169,129,29,154,60,177,27,43,127,96,171,141,98,114,64,79,179,47,88,5,186,199,83,153,166,174,150,6,185,62,120,197,168,17,48,63];False
3304;7006;10310;[198,174,160,193,138,109,37,147,172,12,130,117,77,112,93,157,66,145,103,105,74,188,144,31,8,87,142,61,45,10,41,49,78,128,42,57,3,121,162,126,143,23,85,1,33,124,178,196,36,44,140,92,82,149,189,81,0,167,22,26,176,46,9,35,170,95,38,139,19,20,51,50,34,194,180,4,84,67,32,72,163,25,70,65,16,91,195,113,156,71,165,184,146,94,173,18,131,110,101,59,80,100,30,134,148,11,97,58,175,151,7,191,181,68,123,190,137,158,54,52,119,187,39,107,55,14,13,111,132,89,75,129,15,135,53,183,69,159,164,90,28,155,73,99,106,136,115,152,2,161,102,86,133,76,122,116,104,125,118,56,21,108,192,40,169,182,29,154,60,177,27,43,127,96,171,141,98,114,64,79,179,47,88,5,186,199,83,153,166,24,150,6,185,62,120,197,168,17,48,63];False
2170;7241;9411;[194,146,180,178,9,37,147,4,172,12,33,35,77,112,93,118,66,157,103,105,74,188,144,31,142,117,167,61,45,138,41,49,78,128,42,57,197,121,162,126,143,160,91,1,130,124,94,196,36,46,140,92,82,23,189,81,0,85,22,26,176,193,109,190,170,95,38,139,65,20,51,149,34,198,174,87,84,67,32,72,163,25,70,19,16,125,11,113,156,71,165,184,50,8,173,18,131,110,101,59,80,100,30,134,148,195,97,58,175,151,7,191,181,68,123,6,137,158,54,52,119,187,39,107,55,14,13,111,132,89,75,129,15,135,53,183,69,159,164,90,28,155,73,99,106,136,115,152,2,161,102,86,133,76,122,116,104,17,145,56,21,108,192,40,169,182,29,154,60,177,27,43,127,96,171,141,98,114,64,79,179,47,88,5,186,199,83,153,166,24,150,10,185,62,120,3,168,44,48,63];False
1717;7810;9527;[180,172,12,22,26,178,120,3,2,130,84,117,77,112,31,24,66,157,103,105,74,188,93,170,147,0,101,61,45,55,126,185,78,128,42,57,37,121,162,146,118,10,91,1,33,124,94,196,52,182,140,92,82,23,189,81,87,85,104,20,167,193,9,144,109,95,38,139,19,194,51,149,34,127,175,123,176,67,32,72,137,25,70,65,16,190,11,113,156,71,165,184,125,8,173,18,131,110,41,59,80,100,30,134,148,195,97,58,6,43,7,191,181,68,198,142,163,158,54,36,119,187,39,107,138,14,13,197,132,89,75,4,15,135,53,183,69,159,164,90,28,155,73,99,106,136,115,152,35,161,102,86,133,76,122,116,49,46,145,56,21,108,192,40,169,129,29,154,60,177,27,151,111,96,171,141,98,114,64,79,179,47,88,5,186,199,83,153,166,174,150,160,143,62,44,50,168,17,48,63];False
1914;7516;9430;[104,172,12,22,26,93,147,3,2,130,84,117,77,112,193,24,66,157,103,105,74,188,144,118,10,110,167,61,45,138,41,182,78,128,42,57,37,121,162,126,143,160,91,1,33,124,94,196,36,46,140,92,82,23,189,81,87,106,136,49,146,85,9,178,170,95,38,139,19,20,51,149,34,194,180,123,176,67,32,72,163,25,70,65,16,190,11,113,156,71,165,184,31,8,173,18,131,0,101,59,80,100,30,134,148,195,97,137,175,151,7,191,181,68,198,142,58,158,54,52,119,187,39,107,55,14,13,111,132,89,75,4,15,135,53,183,69,159,164,90,28,155,73,99,109,50,115,152,35,161,102,86,133,76,122,116,44,125,145,56,21,108,192,40,169,129,29,154,60,177,27,43,127,96,171,141,98,114,64,79,179,47,88,5,186,199,83,153,166,174,150,6,185,62,120,197,168,17,48,63];True
3335;7000;10335;[198,174,3,193,138,109,37,147,172,12,130,117,77,112,93,157,66,145,103,105,74,188,144,31,8,87,142,61,45,10,41,49,78,128,42,57,160,121,162,126,143,23,85,1,33,124,178,196,36,44,140,92,82,149,189,81,0,167,22,26,176,46,9,35,170,95,38,139,19,20,51,50,34,194,180,4,84,67,32,72,163,25,70,65,16,91,195,113,156,71,165,184,146,94,173,18,131,110,101,59,80,100,30,134,148,11,97,58,175,151,7,191,181,68,123,190,137,158,54,52,119,187,39,107,55,14,13,111,132,89,75,129,15,135,53,183,69,159,164,90,28,155,73,99,106,136,115,152,2,161,102,86,133,76,122,116,104,125,118,56,21,108,192,40,169,182,29,154,60,177,27,43,127,96,171,141,98,114,64,79,179,47,88,5,186,199,83,153,166,24,150,6,185,62,120,197,168,17,48,63];False
2148;7271;9419;[194,146,121,178,9,37,147,4,172,12,33,35,77,112,93,118,66,157,103,105,74,188,144,31,142,117,167,61,45,138,41,49,78,128,42,57,197,180,162,126,143,160,91,1,130,124,94,196,36,46,140,92,82,23,189,81,0,85,22,26,176,193,109,190,170,95,38,139,65,20,51,149,34,198,174,87,84,67,32,72,163,25,70,19,16,125,11,113,156,71,165,184,50,8,173,18,131,110,101,59,80,100,30,134,148,195,97,58,175,151,7,191,181,68,123,6,137,158,54,52,119,187,39,107,55,14,13,111,132,89,75,129,15,135,53,183,69,159,164,90,28,155,73,99,106,136,115,152,2,161,102,86,133,76,122,116,104,17,145,56,21,108,192,40,169,182,29,154,60,177,27,43,127,96,171,141,98,114,64,79,179,47,88,5,186,199,83,153,166,24,150,10,185,62,120,3,168,44,48,63];False
1712;7849;9561;[180,172,12,22,26,178,120,3,2,130,84,117,77,112,31,24,66,157,103,105,74,188,93,170,147,0,101,61,45,55,126,185,78,128,42,57,37,121,162,146,118,10,91,1,33,124,94,196,52,182,140,92,82,23,189,194,87,85,104,20,167,193,9,144,109,95,38,139,19,81,51,149,34,127,175,123,176,67,32,72,137,25,70,65,16,190,11,113,156,71,165,184,125,8,173,18,131,110,41,59,80,100,30,134,148,195,97,58,6,43,7,191,181,68,198,142,163,158,54,36,119,187,39,107,138,14,13,197,132,89,75,4,15,135,53,183,69,159,164,90,28,155,73,99,106,136,115,152,35,161,102,86,133,76,122,116,49,46,145,56,21,108,192,40,169,129,29,154,60,177,27,151,111,96,171,141,98,114,64,79,179,47,88,5,186,199,83,153,166,174,150,160,143,62,44,50,168,17,48,63];False
1899;7531;9430;[104,172,12,22,26,178,147,3,2,130,84,117,77,112,193,24,66,157,103,105,74,188,144,118,10,110,167,61,45,138,41,182,78,128,42,57,37,121,162,126,143,160,91,1,33,124,94,196,36,46,140,92,82,23,189,81,87,106,136,49,146,85,9,93,170,95,38,139,19,20,51,149,34,194,180,123,176,67,32,72,163,25,70,65,16,190,11,113,156,71,165,184,31,8,173,18,131,0,101,59,80,100,30,134,148,195,97,137,175,151,7,191,181,68,198,142,58,158,54,52,119,187,39,107,55,14,13,111,132,89,75,4,15,135,53,183,69,159,164,90,28,155,73,99,109,50,115,152,35,161,102,86,133,76,122,116,44,125,145,56,21,108,192,40,169,129,29,154,60,177,27,43,127,96,171,141,98,114,64,79,179,47,88,5,186,199,83,153,166,174,150,6,185,62,120,197,168,17,48,63];True
3263;7007;10270;[198,174,3,45,138,109,37,147,172,12,130,117,77,112,93,157,66,145,103,105,74,188,144,31,8,87,142,61,193,10,41,49,78,128,42,57,160,121,162,126,143,23,85,1,33,124,178,196,36,44,140,92,82,149,189,81,0,167,22,26,176,46,9,35,170,95,38,139,19,20,51,50,34,194,180,4,84,67,32,72,163,25,70,65,16,91,195,113,156,71,165,184,146,94,173,18,131,110,101,59,80,100,30,134,148,11,97,58,175,151,7,191,181,68,123,190,137,158,54,52,119,187,39,107,55,14,13,111,132,89,75,129,15,135,53,183,69,159,164,90,28,155,73,99,106,136,115,152,2,161,102,86,133,76,122,116,104,125,118,56,21,108,192,40,169,182,29,154,60,177,27,43,127,96,171,141,98,114,64,79,179,47,88,5,186,199,83,153,166,24,150,6,185,62,120,197,168,17,48,63];False
2156;7256;9412;[194,146,121,178,9,37,147,4,172,12,130,35,77,112,93,118,66,157,103,105,74,188,144,31,142,117,167,61,45,138,41,49,78,128,42,57,197,180,162,126,143,160,91,1,33,124,94,196,36,46,140,92,82,23,189,81,0,85,22,26,176,193,109,190,170,95,38,139,65,20,51,149,34,198,174,87,84,67,32,72,163,25,70,19,16,125,11,113,156,71,165,184,50,8,173,18,131,110,101,59,80,100,30,134,148,195,97,58,175,151,7,191,181,68,123,6,137,158,54,52,119,187,39,107,55,14,13,111,132,89,75,129,15,135,53,183,69,159,164,90,28,155,73,99,106,136,115,152,2,161,102,86,133,76,122,116,104,17,145,56,21,108,192,40,169,182,29,154,60,177,27,43,127,96,171,141,98,114,64,79,179,47,88,5,186,199,83,153,166,24,150,10,185,62,120,3,168,44,48,63];False
1714;7817;9531;[180,172,12,22,26,178,120,3,2,130,84,117,77,112,31,29,66,157,103,105,74,188,93,170,147,0,101,61,45,55,126,185,78,128,42,57,37,121,162,146,118,10,91,1,33,124,94,196,52,182,140,92,82,23,189,194,87,85,104,20,167,193,9,144,109,95,38,139,19,81,51,149,34,127,175,123,176,67,32,72,137,25,70,65,16,190,11,113,156,71,165,184,125,8,173,18,131,110,41,59,80,100,30,134,148,195,97,58,6,43,7,191,181,68,198,142,163,158,54,36,119,187,39,107,138,14,13,197,132,89,75,4,15,135,53,183,69,159,164,90,28,155,73,99,106,136,115,152,35,161,102,86,133,76,122,116,49,46,145,56,21,108,192,40,169,129,24,154,60,177,27,151,111,96,171,141,98,114,64,79,179,47,88,5,186,199,83,153,166,174,150,160,143,62,44,50,168,17,48,63];False
1903;7524;9427;[104,172,12,22,26,178,147,3,2,130,84,117,77,112,193,24,66,157,103,105,74,188,93,118,10,110,167,61,45,138,41,182,78,128,42,57,37,121,162,126,143,160,91,1,33,124,94,196,36,46,140,92,82,23,189,81,87,106,136,49,146,85,9,144,170,95,38,139,19,20,51,149,34,194,180,123,176,67,32,72,163,25,70,65,16,190,11,113,156,71,165,184,31,8,173,18,131,0,101,59,80,100,30,134,148,195,97,137,175,151,7,191,181,68,198,142,58,158,54,52,119,187,39,107,55,14,13,111,132,89,75,4,15,135,53,183,69,159,164,90,28,155,73,99,109,50,115,152,35,161,102,86,133,76,122,116,44,125,145,56,21,108,192,40,169,129,29,154,60,177,27,43,127,96,171,141,98,114,64,79,179,47,88,5,186,199,83,153,166,174,150,6,185,62,120,197,168,17,48,63];True
3437;6997;10434;[198,174,37,45,138,109,3,147,172,12,130,117,77,112,93,157,66,145,103,105,74,188,144,31,8,87,142,61,193,10,41,49,78,128,42,57,160,121,162,126,143,23,85,1,33,124,178,196,36,44,140,92,82,149,189,81,0,167,22,26,176,46,9,35,170,95,38,139,19,20,51,50,34,194,180,4,84,67,32,72,163,25,70,65,16,91,195,113,156,71,165,184,146,94,173,18,131,110,101,59,80,100,30,134,148,11,97,58,175,151,7,191,181,68,123,190,137,158,54,52,119,187,39,107,55,14,13,111,132,89,75,129,15,135,53,183,69,159,164,90,28,155,73,99,106,136,115,152,2,161,102,86,133,76,122,116,104,125,118,56,21,108,192,40,169,182,29,154,60,177,27,43,127,96,171,141,98,114,64,79,179,47,88,5,186,199,83,153,166,24,150,6,185,62,120,197,168,17,48,63];False
2153;7266;9419;[194,146,138,178,9,37,147,4,172,12,130,35,77,112,93,118,66,157,103,105,74,188,144,31,142,117,167,61,45,121,41,49,78,128,42,57,197,180,162,126,143,160,91,1,33,124,94,196,36,46,140,92,82,23,189,81,0,85,22,26,176,193,109,190,170,95,38,139,65,20,51,149,34,198,174,87,84,67,32,72,163,25,70,19,16,125,11,113,156,71,165,184,50,8,173,18,131,110,101,59,80,100,30,134,148,195,97,58,175,151,7,191,181,68,123,6,137,158,54,52,119,187,39,107,55,14,13,111,132,89,75,129,15,135,53,183,69,159,164,90,28,155,73,99,106,136,115,152,2,161,102,86,133,76,122,116,104,17,145,56,21,108,192,40,169,182,29,154,60,177,27,43,127,96,171,141,98,114,64,79,179,47,88,5,186,199,83,153,166,24,150,10,185,62,120,3,168,44,48,63];False
1704;7889;9593;[180,172,12,22,26,178,120,3,2,130,84,117,77,112,31,29,66,157,103,90,74,188,93,170,147,0,101,61,45,55,126,185,78,128,42,57,37,121,162,146,118,10,91,1,33,124,94,196,52,182,140,92,82,23,189,194,87,85,104,20,167,193,9,144,109,95,38,139,19,81,51,149,34,127,175,123,176,67,32,72,137,25,70,65,16,190,11,113,156,71,165,184,125,8,173,18,131,110,41,59,80,100,30,134,148,195,97,58,6,43,7,191,181,68,198,142,163,158,54,36,119,187,39,107,138,14,13,197,132,89,75,4,15,135,53,183,69,159,164,105,28,155,73,99,106,136,115,152,35,161,102,86,133,76,122,116,49,46,145,56,21,108,192,40,169,129,24,154,60,177,27,151,111,96,171,141,98,114,64,79,179,47,88,5,186,199,83,153,166,174,150,160,143,62,44,50,168,17,48,63];False
1920;7490;9410;[104,172,12,22,26,178,147,3,2,130,84,117,77,112,193,24,66,157,103,105,74,188,93,118,10,0,167,61,45,138,41,182,78,128,42,57,37,121,162,126,143,160,91,1,33,124,94,196,36,46,140,92,82,23,189,81,87,106,136,49,146,85,9,144,170,95,38,139,19,20,51,149,34,194,180,123,176,67,32,72,163,25,70,65,16,190,11,113,156,71,165,184,31,8,173,18,131,110,101,59,80,100,30,134,148,195,97,137,175,151,7,191,181,68,198,142,58,158,54,52,119,187,39,107,55,14,13,111,132,89,75,4,15,135,53,183,69,159,164,90,28,155,73,99,109,50,115,152,35,161,102,86,133,76,122,116,44,125,145,56,21,108,192,40,169,129,29,154,60,177,27,43,127,96,171,141,98,114,64,79,179,47,88,5,186,199,83,153,166,174,150,6,185,62,120,197,168,17,48,63];True
3319;7000;10319;[198,174,160,45,138,109,3,147,172,12,130,117,77,112,93,157,66,145,103,105,74,188,144,31,8,87,142,61,193,10,41,49,78,128,42,57,37,121,162,126,143,23,85,1,33,124,178,196,36,44,140,92,82,149,189,81,0,167,22,26,176,46,9,35,170,95,38,139,19,20,51,50,34,194,180,4,84,67,32,72,163,25,70,65,16,91,195,113,156,71,165,184,146,94,173,18,131,110,101,59,80,100,30,134,148,11,97,58,175,151,7,191,181,68,123,190,137,158,54,52,119,187,39,107,55,14,13,111,132,89,75,129,15,135,53,183,69,159,164,90,28,155,73,99,106,136,115,152,2,161,102,86,133,76,122,116,104,125,118,56,21,108,192,40,169,182,29,154,60,177,27,43,127,96,171,141,98,114,64,79,179,47,88,5,186,199,83,153,166,24,150,6,185,62,120,197,168,17,48,63];False
2124;7265;9389;[194,146,138,178,9,37,147,4,172,12,130,84,77,112,93,118,66,157,103,105,74,188,144,31,142,117,167,61,45,121,41,49,78,128,42,57,197,180,162,126,143,160,91,1,33,124,94,196,36,46,140,92,82,23,189,81,0,85,22,26,176,193,109,190,170,95,38,139,65,20,51,149,34,198,174,87,35,67,32,72,163,25,70,19,16,125,11,113,156,71,165,184,50,8,173,18,131,110,101,59,80,100,30,134,148,195,97,58,175,151,7,191,181,68,123,6,137,158,54,52,119,187,39,107,55,14,13,111,132,89,75,129,15,135,53,183,69,159,164,90,28,155,73,99,106,136,115,152,2,161,102,86,133,76,122,116,104,17,145,56,21,108,192,40,169,182,29,154,60,177,27,43,127,96,171,141,98,114,64,79,179,47,88,5,186,199,83,153,166,24,150,10,185,62,120,3,168,44,48,63];False
1702;7921;9623;[180,172,12,22,26,178,120,3,2,130,84,117,77,112,31,24,66,157,103,90,74,188,93,170,147,0,101,61,45,55,126,185,78,128,42,57,37,121,162,146,118,10,91,1,33,124,94,196,52,182,140,92,82,23,189,194,87,85,104,20,167,193,9,144,109,95,38,139,19,81,51,149,34,127,175,123,176,67,32,72,137,25,70,65,16,190,11,113,156,71,165,184,125,8,173,18,131,110,41,59,80,100,30,134,148,195,97,58,6,43,7,191,181,68,198,142,163,158,54,36,119,187,39,107,138,14,13,197,132,89,75,4,15,135,53,183,69,159,164,105,28,155,73,99,106,136,115,152,35,161,102,86,133,76,122,116,49,46,145,56,21,108,192,40,169,129,29,154,60,177,27,151,111,96,171,141,98,114,64,79,179,47,88,5,186,199,83,153,166,174,150,160,143,62,44,50,168,17,48,63];False
1917;7511;9428;[104,172,12,22,26,178,147,3,2,130,132,117,77,112,193,24,66,157,103,105,74,188,93,118,10,0,167,61,45,138,41,182,78,128,42,57,37,121,162,126,143,160,91,1,33,124,94,196,36,46,140,92,82,23,189,81,87,106,136,49,146,85,9,144,170,95,38,139,19,20,51,149,34,194,180,123,176,67,32,72,163,25,70,65,16,190,11,113,156,71,165,184,31,8,173,18,131,110,101,59,80,100,30,134,148,195,97,137,175,151,7,191,181,68,198,142,58,158,54,52,119,187,39,107,55,14,13,111,84,89,75,4,15,135,53,183,69,159,164,90,28,155,73,99,109,50,115,152,35,161,102,86,133,76,122,116,44,125,145,56,21,108,192,40,169,129,29,154,60,177,27,43,127,96,171,141,98,114,64,79,179,47,88,5,186,199,83,153,166,174,150,6,185,62,120,197,168,17,48,63];False
3175;7012;10187;[198,174,3,45,138,109,160,147,172,12,130,117,77,112,93,157,66,145,103,105,74,188,144,31,8,87,142,61,193,10,41,49,78,128,42,57,37,121,162,126,143,23,85,1,33,124,178,196,36,44,140,92,82,149,189,81,0,167,22,26,176,46,9,35,170,95,38,139,19,20,51,50,34,194,180,4,84,67,32,72,163,25,70,65,16,91,195,113,156,71,165,184,146,94,173,18,131,110,101,59,80,100,30,134,148,11,97,58,175,151,7,191,181,68,123,190,137,158,54,52,119,187,39,107,55,14,13,111,132,89,75,129,15,135,53,183,69,159,164,90,28,155,73,99,106,136,115,152,2,161,102,86,133,76,122,116,104,125,118,56,21,108,192,40,169,182,29,154,60,177,27,43,127,96,171,141,98,114,64,79,179,47,88,5,186,199,83,153,166,24,150,6,185,62,120,197,168,17,48,63];False
2115;7281;9396;[194,146,157,178,9,37,147,4,172,12,130,84,77,112,93,118,66,138,103,105,74,188,144,31,142,117,167,61,45,121,41,49,78,128,42,57,197,180,162,126,143,160,91,1,33,124,94,196,36,46,140,92,82,23,189,81,0,85,22,26,176,193,109,190,170,95,38,139,65,20,51,149,34,198,174,87,35,67,32,72,163,25,70,19,16,125,11,113,156,71,165,184,50,8,173,18,131,110,101,59,80,100,30,134,148,195,97,58,175,151,7,191,181,68,123,6,137,158,54,52,119,187,39,107,55,14,13,111,132,89,75,129,15,135,53,183,69,159,164,90,28,155,73,99,106,136,115,152,2,161,102,86,133,76,122,116,104,17,145,56,21,108,192,40,169,182,29,154,60,177,27,43,127,96,171,141,98,114,64,79,179,47,88,5,186,199,83,153,166,24,150,10,185,62,120,3,168,44,48,63];False
1680;7929;9609;[180,172,12,22,26,178,120,3,2,130,84,117,77,112,31,24,66,157,103,90,74,188,93,170,147,0,101,61,45,55,126,185,78,128,42,57,37,121,162,146,118,10,91,1,33,124,94,196,52,182,140,92,82,23,189,194,87,85,104,20,167,193,164,144,109,95,38,139,19,81,51,149,34,127,175,123,176,67,32,72,137,25,70,65,16,190,11,113,156,71,165,184,125,8,173,18,131,110,41,59,80,100,30,134,148,195,97,58,6,43,7,191,181,68,198,142,163,158,54,36,119,187,39,107,138,14,13,197,132,89,75,4,15,135,53,183,69,159,9,105,28,155,73,99,106,136,115,152,35,161,102,86,133,76,122,116,49,46,145,56,21,108,192,40,169,129,29,154,60,177,27,151,111,96,171,141,98,114,64,79,179,47,88,5,186,199,83,153,166,174,150,160,143,62,44,50,168,17,48,63];False
1913;7518;9431;[104,172,12,22,26,178,147,3,2,130,132,117,77,112,193,24,66,157,103,105,74,188,144,118,10,0,167,61,45,138,41,182,78,128,42,57,37,121,162,126,143,160,91,1,33,124,94,196,36,46,140,92,82,23,189,81,87,106,136,49,146,85,9,93,170,95,38,139,19,20,51,149,34,194,180,123,176,67,32,72,163,25,70,65,16,190,11,113,156,71,165,184,31,8,173,18,131,110,101,59,80,100,30,134,148,195,97,137,175,151,7,191,181,68,198,142,58,158,54,52,119,187,39,107,55,14,13,111,84,89,75,4,15,135,53,183,69,159,164,90,28,155,73,99,109,50,115,152,35,161,102,86,133,76,122,116,44,125,145,56,21,108,192,40,169,129,29,154,60,177,27,43,127,96,171,141,98,114,64,79,179,47,88,5,186,199,83,153,166,174,150,6,185,62,120,197,168,17,48,63];True
3263;7000;10263;[198,174,37,45,138,109,160,147,172,12,130,117,77,112,93,157,66,145,103,105,74,188,144,31,8,87,142,61,193,10,41,49,78,128,42,57,3,121,162,126,143,23,85,1,33,124,178,196,36,44,140,92,82,149,189,81,0,167,22,26,176,46,9,35,170,95,38,139,19,20,51,50,34,194,180,4,84,67,32,72,163,25,70,65,16,91,195,113,156,71,165,184,146,94,173,18,131,110,101,59,80,100,30,134,148,11,97,58,175,151,7,191,181,68,123,190,137,158,54,52,119,187,39,107,55,14,13,111,132,89,75,129,15,135,53,183,69,159,164,90,28,155,73,99,106,136,115,152,2,161,102,86,133,76,122,116,104,125,118,56,21,108,192,40,169,182,29,154,60,177,27,43,127,96,171,141,98,114,64,79,179,47,88,5,186,199,83,153,166,24,150,6,185,62,120,197,168,17,48,63];False
2102;7291;9393;[194,146,157,178,9,37,147,4,172,12,130,84,77,112,93,118,10,138,103,105,74,188,144,31,142,117,167,61,45,121,41,49,78,128,42,57,197,180,162,126,143,160,91,1,33,124,94,196,36,46,140,92,82,23,189,81,0,85,22,26,176,193,109,190,170,95,38,139,65,20,51,149,34,198,174,87,35,67,32,72,163,25,70,19,16,125,11,113,156,71,165,184,50,8,173,18,131,110,101,59,80,100,30,134,148,195,97,58,175,151,7,191,181,68,123,6,137,158,54,52,119,187,39,107,55,14,13,111,132,89,75,129,15,135,53,183,69,159,164,90,28,155,73,99,106,136,115,152,2,161,102,86,133,76,122,116,104,17,145,56,21,108,192,40,169,182,29,154,60,177,27,43,127,96,171,141,98,114,64,79,179,47,88,5,186,199,83,153,166,24,150,66,185,62,120,3,168,44,48,63];False
1682;7897;9579;[180,172,12,22,26,178,120,3,2,130,84,117,77,112,31,29,66,157,103,90,74,188,93,170,147,0,101,61,45,55,126,185,78,128,42,57,37,121,162,146,118,10,91,1,33,124,94,196,52,182,140,92,82,23,189,194,87,85,104,20,167,193,164,144,109,95,38,139,19,81,51,149,34,127,175,123,176,67,32,72,137,25,70,65,16,190,11,113,156,71,165,184,125,8,173,18,131,110,41,59,80,100,30,134,148,195,97,58,6,43,7,191,181,68,198,142,163,158,54,36,119,187,39,107,138,14,13,197,132,89,75,4,15,135,53,183,69,159,9,105,28,155,73,99,106,136,115,152,35,161,102,86,133,76,122,116,49,46,145,56,21,108,192,40,169,129,24,154,60,177,27,151,111,96,171,141,98,114,64,79,179,47,88,5,186,199,83,153,166,174,150,160,143,62,44,50,168,17,48,63];False
1916;7497;9413;[104,172,12,22,26,178,147,3,2,130,84,117,77,112,193,24,66,157,103,105,74,188,144,118,10,0,167,61,45,138,41,182,78,128,42,57,37,121,162,126,143,160,91,1,33,124,94,196,36,46,140,92,82,23,189,81,87,106,136,49,146,85,9,93,170,95,38,139,19,20,51,149,34,194,180,123,176,67,32,72,163,25,70,65,16,190,11,113,156,71,165,184,31,8,173,18,131,110,101,59,80,100,30,134,148,195,97,137,175,151,7,191,181,68,198,142,58,158,54,52,119,187,39,107,55,14,13,111,132,89,75,4,15,135,53,183,69,159,164,90,28,155,73,99,109,50,115,152,35,161,102,86,133,76,122,116,44,125,145,56,21,108,192,40,169,129,29,154,60,177,27,43,127,96,171,141,98,114,64,79,179,47,88,5,186,199,83,153,166,174,150,6,185,62,120,197,168,17,48,63];True
3233;6998;10231;[198,174,160,45,138,109,37,147,172,12,130,117,77,112,93,157,66,145,103,105,74,188,144,31,8,87,142,61,193,10,41,49,78,128,42,57,3,121,162,126,143,23,85,1,33,124,178,196,36,44,140,92,82,149,189,81,0,167,22,26,176,46,9,35,170,95,38,139,19,20,51,50,34,194,180,4,84,67,32,72,163,25,70,65,16,91,195,113,156,71,165,184,146,94,173,18,131,110,101,59,80,100,30,134,148,11,97,58,175,151,7,191,181,68,123,190,137,158,54,52,119,187,39,107,55,14,13,111,132,89,75,129,15,135,53,183,69,159,164,90,28,155,73,99,106,136,115,152,2,161,102,86,133,76,122,116,104,125,118,56,21,108,192,40,169,182,29,154,60,177,27,43,127,96,171,141,98,114,64,79,179,47,88,5,186,199,83,153,166,24,150,6,185,62,120,197,168,17,48,63];False
2117;7273;9390;[194,146,157,178,9,37,147,4,172,12,130,84,77,112,93,118,10,121,103,105,74,188,144,31,142,117,167,61,45,138,41,49,78,128,42,57,197,180,162,126,143,160,91,1,33,124,94,196,36,46,140,92,82,23,189,81,0,85,22,26,176,193,109,190,170,95,38,139,65,20,51,149,34,198,174,87,35,67,32,72,163,25,70,19,16,125,11,113,156,71,165,184,50,8,173,18,131,110,101,59,80,100,30,134,148,195,97,58,175,151,7,191,181,68,123,6,137,158,54,52,119,187,39,107,55,14,13,111,132,89,75,129,15,135,53,183,69,159,164,90,28,155,73,99,106,136,115,152,2,161,102,86,133,76,122,116,104,17,145,56,21,108,192,40,169,182,29,154,60,177,27,43,127,96,171,141,98,114,64,79,179,47,88,5,186,199,83,153,166,24,150,66,185,62,120,3,168,44,48,63];False
1697;7885;9582;[180,172,12,22,26,178,120,3,2,130,84,117,77,112,31,29,66,157,103,90,74,188,93,70,147,0,101,61,45,55,126,185,78,128,42,57,37,121,162,146,118,10,91,1,33,124,94,196,52,182,140,92,82,23,189,194,87,85,104,20,167,193,164,144,109,95,38,139,19,81,51,149,34,127,175,123,176,67,32,72,137,25,170,65,16,190,11,113,156,71,165,184,125,8,173,18,131,110,41,59,80,100,30,134,148,195,97,58,6,43,7,191,181,68,198,142,163,158,54,36,119,187,39,107,138,14,13,197,132,89,75,4,15,135,53,183,69,159,9,105,28,155,73,99,106,136,115,152,35,161,102,86,133,76,122,116,49,46,145,56,21,108,192,40,169,129,24,154,60,177,27,151,111,96,171,141,98,114,64,79,179,47,88,5,186,199,83,153,166,174,150,160,143,62,44,50,168,17,48,63];False
1931;7482;9413;[104,172,12,22,26,93,147,3,2,130,84,117,77,112,193,24,66,157,103,105,74,188,144,118,10,0,167,61,45,138,41,182,78,128,42,57,37,121,162,126,143,160,91,1,33,124,94,196,36,46,140,92,82,23,189,81,87,106,136,49,146,85,9,178,170,95,38,139,19,20,51,149,34,194,180,123,176,67,32,72,163,25,70,65,16,190,11,113,156,71,165,184,31,8,173,18,131,110,101,59,80,100,30,134,148,195,97,137,175,151,7,191,181,68,198,142,58,158,54,52,119,187,39,107,55,14,13,111,132,89,75,4,15,135,53,183,69,159,164,90,28,155,73,99,109,50,115,152,35,161,102,86,133,76,122,116,44,125,145,56,21,108,192,40,169,129,29,154,60,177,27,43,127,96,171,141,98,114,64,79,179,47,88,5,186,199,83,153,166,174,150,6,185,62,120,197,168,17,48,63];True
3225;7008;10233;[198,174,35,45,138,109,37,147,172,12,130,117,77,112,93,157,66,145,103,105,74,188,144,31,8,87,142,61,193,10,41,49,78,128,42,57,3,121,162,126,143,23,85,1,33,124,178,196,36,44,140,92,82,149,189,81,0,167,22,26,176,46,9,160,170,95,38,139,19,20,51,50,34,194,180,4,84,67,32,72,163,25,70,65,16,91,195,113,156,71,165,184,146,94,173,18,131,110,101,59,80,100,30,134,148,11,97,58,175,151,7,191,181,68,123,190,137,158,54,52,119,187,39,107,55,14,13,111,132,89,75,129,15,135,53,183,69,159,164,90,28,155,73,99,106,136,115,152,2,161,102,86,133,76,122,116,104,125,118,56,21,108,192,40,169,182,29,154,60,177,27,43,127,96,171,141,98,114,64,79,179,47,88,5,186,199,83,153,166,24,150,6,185,62,120,197,168,17,48,63];False
2183;7240;9423;[194,146,180,178,9,37,147,4,172,12,130,84,77,112,93,118,10,121,103,105,74,188,144,31,142,117,167,61,45,138,41,49,78,128,42,57,197,157,162,126,143,160,91,1,33,124,94,196,36,46,140,92,82,23,189,81,0,85,22,26,176,193,109,190,170,95,38,139,65,20,51,149,34,198,174,87,35,67,32,72,163,25,70,19,16,125,11,113,156,71,165,184,50,8,173,18,131,110,101,59,80,100,30,134,148,195,97,58,175,151,7,191,181,68,123,6,137,158,54,52,119,187,39,107,55,14,13,111,132,89,75,129,15,135,53,183,69,159,164,90,28,155,73,99,106,136,115,152,2,161,102,86,133,76,122,116,104,17,145,56,21,108,192,40,169,182,29,154,60,177,27,43,127,96,171,141,98,114,64,79,179,47,88,5,186,199,83,153,166,24,150,66,185,62,120,3,168,44,48,63];False
1673;7920;9593;[180,172,12,22,26,178,120,3,2,130,84,117,77,112,31,29,66,157,103,90,74,188,93,70,100,0,101,61,45,55,126,185,78,128,42,57,37,121,162,146,118,10,91,1,33,124,94,196,52,182,140,92,82,23,189,194,87,85,104,20,167,193,164,144,109,95,38,139,19,81,51,149,34,127,175,123,176,67,32,72,137,25,170,65,16,190,11,113,156,71,165,184,125,8,173,18,131,110,41,59,80,147,30,134,148,195,97,58,6,43,7,191,181,68,198,142,163,158,54,36,119,187,39,107,138,14,13,197,132,89,75,4,15,135,53,183,69,159,9,105,28,155,73,99,106,136,115,152,35,161,102,86,133,76,122,116,49,46,145,56,21,108,192,40,169,129,24,154,60,177,27,151,111,96,171,141,98,114,64,79,179,47,88,5,186,199,83,153,166,174,150,160,143,62,44,50,168,17,48,63];False
1886;7545;9431;[104,172,12,22,26,93,147,3,2,130,84,117,77,112,193,24,66,157,103,105,74,188,144,118,10,0,167,61,45,138,41,44,78,128,42,57,37,121,162,126,143,160,91,1,33,124,94,196,36,46,140,92,82,23,189,81,87,106,136,49,146,85,9,178,170,95,38,139,19,20,51,149,34,194,180,123,176,67,32,72,163,25,70,65,16,190,11,113,156,71,165,184,31,8,173,18,131,110,101,59,80,100,30,134,148,195,97,137,175,151,7,191,181,68,198,142,58,158,54,52,119,187,39,107,55,14,13,111,132,89,75,4,15,135,53,183,69,159,164,90,28,155,73,99,109,50,115,152,35,161,102,86,133,76,122,116,182,125,145,56,21,108,192,40,169,129,29,154,60,177,27,43,127,96,171,141,98,114,64,79,179,47,88,5,186,199,83,153,166,174,150,6,185,62,120,197,168,17,48,63];True
3171;7012;10183;[198,174,61,45,138,109,37,147,172,12,130,117,77,112,93,157,66,145,103,105,74,188,144,31,8,87,142,35,193,10,41,49,78,128,42,57,3,121,162,126,143,23,85,1,33,124,178,196,36,44,140,92,82,149,189,81,0,167,22,26,176,46,9,160,170,95,38,139,19,20,51,50,34,194,180,4,84,67,32,72,163,25,70,65,16,91,195,113,156,71,165,184,146,94,173,18,131,110,101,59,80,100,30,134,148,11,97,58,175,151,7,191,181,68,123,190,137,158,54,52,119,187,39,107,55,14,13,111,132,89,75,129,15,135,53,183,69,159,164,90,28,155,73,99,106,136,115,152,2,161,102,86,133,76,122,116,104,125,118,56,21,108,192,40,169,182,29,154,60,177,27,43,127,96,171,141,98,114,64,79,179,47,88,5,186,199,83,153,166,24,150,6,185,62,120,197,168,17,48,63];False
2184;7237;9421;[194,146,180,178,9,37,147,4,172,12,130,84,77,112,93,118,10,157,103,105,74,188,144,31,142,117,167,61,45,138,41,49,78,128,42,57,197,121,162,126,143,160,91,1,33,124,94,196,36,46,140,92,82,23,189,81,0,85,22,26,176,193,109,190,170,95,38,139,65,20,51,149,34,198,174,87,35,67,32,72,163,25,70,19,16,125,11,113,156,71,165,184,50,8,173,18,131,110,101,59,80,100,30,134,148,195,97,58,175,151,7,191,181,68,123,6,137,158,54,52,119,187,39,107,55,14,13,111,132,89,75,129,15,135,53,183,69,159,164,90,28,155,73,99,106,136,115,152,2,161,102,86,133,76,122,116,104,17,145,56,21,108,192,40,169,182,29,154,60,177,27,43,127,96,171,141,98,114,64,79,179,47,88,5,186,199,83,153,166,24,150,66,185,62,120,3,168,44,48,63];False
1671;7952;9623;[180,172,12,22,26,178,120,3,2,130,84,117,77,112,31,24,66,157,103,90,74,188,93,70,100,0,101,61,45,55,126,185,78,128,42,57,37,121,162,146,118,10,91,1,33,124,94,196,52,182,140,92,82,23,189,194,87,85,104,20,167,193,164,144,109,95,38,139,19,81,51,149,34,127,175,123,176,67,32,72,137,25,170,65,16,190,11,113,156,71,165,184,125,8,173,18,131,110,41,59,80,147,30,134,148,195,97,58,6,43,7,191,181,68,198,142,163,158,54,36,119,187,39,107,138,14,13,197,132,89,75,4,15,135,53,183,69,159,9,105,28,155,73,99,106,136,115,152,35,161,102,86,133,76,122,116,49,46,145,56,21,108,192,40,169,129,29,154,60,177,27,151,111,96,171,141,98,114,64,79,179,47,88,5,186,199,83,153,166,174,150,160,143,62,44,50,168,17,48,63];False
1874;7584;9458;[104,172,12,22,49,93,147,3,2,130,84,117,77,112,193,24,66,157,103,105,74,188,144,118,10,0,167,61,45,138,41,44,78,128,42,57,37,121,162,126,143,160,91,1,33,124,94,196,36,46,140,92,82,23,189,81,87,106,136,26,146,85,9,178,170,95,38,139,19,20,51,149,34,194,180,123,176,67,32,72,163,25,70,65,16,190,11,113,156,71,165,184,31,8,173,18,131,110,101,59,80,100,30,134,148,195,97,137,175,151,7,191,181,68,198,142,58,158,54,52,119,187,39,107,55,14,13,111,132,89,75,4,15,135,53,183,69,159,164,90,28,155,73,99,109,50,115,152,35,161,102,86,133,76,122,116,182,125,145,56,21,108,192,40,169,129,29,154,60,177,27,43,127,96,171,141,98,114,64,79,179,47,88,5,186,199,83,153,166,174,150,6,185,62,120,197,168,17,48,63];False
3165;7019;10184;[198,174,10,45,138,109,37,147,172,12,130,117,77,112,93,157,66,145,103,105,74,188,144,31,8,87,142,35,193,61,41,49,78,128,42,57,3,121,162,126,143,23,85,1,33,124,178,196,36,44,140,92,82,149,189,81,0,167,22,26,176,46,9,160,170,95,38,139,19,20,51,50,34,194,180,4,84,67,32,72,163,25,70,65,16,91,195,113,156,71,165,184,146,94,173,18,131,110,101,59,80,100,30,134,148,11,97,58,175,151,7,191,181,68,123,190,137,158,54,52,119,187,39,107,55,14,13,111,132,89,75,129,15,135,53,183,69,159,164,90,28,155,73,99,106,136,115,152,2,161,102,86,133,76,122,116,104,125,118,56,21,108,192,40,169,182,29,154,60,177,27,43,127,96,171,141,98,114,64,79,179,47,88,5,186,199,83,153,166,24,150,6,185,62,120,197,168,17,48,63];False
2149;7225;9374;[194,146,180,178,9,37,147,4,172,12,130,84,77,112,93,118,66,157,103,105,74,188,144,31,142,117,167,61,45,138,41,49,78,128,42,57,197,121,162,126,143,160,91,1,33,124,94,196,36,46,140,92,82,23,189,81,0,85,22,26,176,193,109,190,170,95,38,139,65,20,51,149,34,198,174,87,35,67,32,72,163,25,70,19,16,125,11,113,156,71,165,184,50,8,173,18,131,110,101,59,80,100,30,134,148,195,97,58,175,151,7,191,181,68,123,6,137,158,54,52,119,187,39,107,55,14,13,111,132,89,75,129,15,135,53,183,69,159,164,90,28,155,73,99,106,136,115,152,2,161,102,86,133,76,122,116,104,17,145,56,21,108,192,40,169,182,29,154,60,177,27,43,127,96,171,141,98,114,64,79,179,47,88,5,186,199,83,153,166,24,150,10,185,62,120,3,168,44,48,63];False
1676;7913;9589;[180,172,12,22,26,178,120,3,2,130,84,117,77,112,31,24,66,157,103,90,74,188,93,70,100,0,101,61,45,55,126,185,78,128,42,57,37,121,162,146,118,10,91,1,33,124,94,196,52,182,140,92,82,23,189,81,87,85,104,20,167,193,164,144,109,95,38,139,19,194,51,149,34,127,175,123,176,67,32,72,137,25,170,65,16,190,11,113,156,71,165,184,125,8,173,18,131,110,41,59,80,147,30,134,148,195,97,58,6,43,7,191,181,68,198,142,163,158,54,36,119,187,39,107,138,14,13,197,132,89,75,4,15,135,53,183,69,159,9,105,28,155,73,99,106,136,115,152,35,161,102,86,133,76,122,116,49,46,145,56,21,108,192,40,169,129,29,154,60,177,27,151,111,96,171,141,98,114,64,79,179,47,88,5,186,199,83,153,166,174,150,160,143,62,44,50,168,17,48,63];False
1864;7577;9441;[104,172,12,22,81,93,147,3,2,130,84,117,77,112,193,24,66,157,103,105,74,188,144,118,10,0,167,61,45,138,41,44,78,128,42,57,37,121,162,126,143,160,91,1,33,124,94,196,36,46,140,92,82,23,189,49,87,106,136,26,146,85,9,178,170,95,38,139,19,20,51,149,34,194,180,123,176,67,32,72,163,25,70,65,16,190,11,113,156,71,165,184,31,8,173,18,131,110,101,59,80,100,30,134,148,195,97,137,175,151,7,191,181,68,198,142,58,158,54,52,119,187,39,107,55,14,13,111,132,89,75,4,15,135,53,183,69,159,164,90,28,155,73,99,109,50,115,152,35,161,102,86,133,76,122,116,182,125,145,56,21,108,192,40,169,129,29,154,60,177,27,43,127,96,171,141,98,114,64,79,179,47,88,5,186,199,83,153,166,174,150,6,185,62,120,197,168,17,48,63];False
3124;7013;10137;[198,174,10,45,138,37,109,147,172,12,130,117,77,112,93,157,66,145,103,105,74,188,144,31,8,87,142,35,193,61,41,49,78,128,42,57,3,121,162,126,143,23,85,1,33,124,178,196,36,44,140,92,82,149,189,81,0,167,22,26,176,46,9,160,170,95,38,139,19,20,51,50,34,194,180,4,84,67,32,72,163,25,70,65,16,91,195,113,156,71,165,184,146,94,173,18,131,110,101,59,80,100,30,134,148,11,97,58,175,151,7,191,181,68,123,190,137,158,54,52,119,187,39,107,55,14,13,111,132,89,75,129,15,135,53,183,69,159,164,90,28,155,73,99,106,136,115,152,2,161,102,86,133,76,122,116,104,125,118,56,21,108,192,40,169,182,29,154,60,177,27,43,127,96,171,141,98,114,64,79,179,47,88,5,186,199,83,153,166,24,150,6,185,62,120,197,168,17,48,63];False
2127;7255;9382;[194,146,121,178,9,37,147,4,172,12,130,84,77,112,93,118,66,157,103,105,74,188,144,31,142,117,167,61,45,138,41,49,78,128,42,57,197,180,162,126,143,160,91,1,33,124,94,196,36,46,140,92,82,23,189,81,0,85,22,26,176,193,109,190,170,95,38,139,65,20,51,149,34,198,174,87,35,67,32,72,163,25,70,19,16,125,11,113,156,71,165,184,50,8,173,18,131,110,101,59,80,100,30,134,148,195,97,58,175,151,7,191,181,68,123,6,137,158,54,52,119,187,39,107,55,14,13,111,132,89,75,129,15,135,53,183,69,159,164,90,28,155,73,99,106,136,115,152,2,161,102,86,133,76,122,116,104,17,145,56,21,108,192,40,169,182,29,154,60,177,27,43,127,96,171,141,98,114,64,79,179,47,88,5,186,199,83,153,166,24,150,10,185,62,120,3,168,44,48,63];False
1678;7881;9559;[180,172,12,22,26,178,120,3,2,130,84,117,77,112,31,29,66,157,103,90,74,188,93,70,100,0,101,61,45,55,126,185,78,128,42,57,37,121,162,146,118,10,91,1,33,124,94,196,52,182,140,92,82,23,189,81,87,85,104,20,167,193,164,144,109,95,38,139,19,194,51,149,34,127,175,123,176,67,32,72,137,25,170,65,16,190,11,113,156,71,165,184,125,8,173,18,131,110,41,59,80,147,30,134,148,195,97,58,6,43,7,191,181,68,198,142,163,158,54,36,119,187,39,107,138,14,13,197,132,89,75,4,15,135,53,183,69,159,9,105,28,155,73,99,106,136,115,152,35,161,102,86,133,76,122,116,49,46,145,56,21,108,192,40,169,129,24,154,60,177,27,151,111,96,171,141,98,114,64,79,179,47,88,5,186,199,83,153,166,174,150,160,143,62,44,50,168,17,48,63];False
1861;7598;9459;[104,172,12,22,81,93,147,3,2,130,132,117,77,112,193,24,66,157,103,105,74,188,144,118,10,0,167,61,45,138,41,44,78,128,42,57,37,121,162,126,143,160,91,1,33,124,94,196,36,46,140,92,82,23,189,49,87,106,136,26,146,85,9,178,170,95,38,139,19,20,51,149,34,194,180,123,176,67,32,72,163,25,70,65,16,190,11,113,156,71,165,184,31,8,173,18,131,110,101,59,80,100,30,134,148,195,97,137,175,151,7,191,181,68,198,142,58,158,54,52,119,187,39,107,55,14,13,111,84,89,75,4,15,135,53,183,69,159,164,90,28,155,73,99,109,50,115,152,35,161,102,86,133,76,122,116,182,125,145,56,21,108,192,40,169,129,29,154,60,177,27,43,127,96,171,141,98,114,64,79,179,47,88,5,186,199,83,153,166,174,150,6,185,62,120,197,168,17,48,63];False
3130;7006;10136;[198,174,61,45,138,37,109,147,172,12,130,117,77,112,93,157,66,145,103,105,74,188,144,31,8,87,142,35,193,10,41,49,78,128,42,57,3,121,162,126,143,23,85,1,33,124,178,196,36,44,140,92,82,149,189,81,0,167,22,26,176,46,9,160,170,95,38,139,19,20,51,50,34,194,180,4,84,67,32,72,163,25,70,65,16,91,195,113,156,71,165,184,146,94,173,18,131,110,101,59,80,100,30,134,148,11,97,58,175,151,7,191,181,68,123,190,137,158,54,52,119,187,39,107,55,14,13,111,132,89,75,129,15,135,53,183,69,159,164,90,28,155,73,99,106,136,115,152,2,161,102,86,133,76,122,116,104,125,118,56,21,108,192,40,169,182,29,154,60,177,27,43,127,96,171,141,98,114,64,79,179,47,88,5,186,199,83,153,166,24,150,6,185,62,120,197,168,17,48,63];False
2141;7244;9385;[194,19,121,178,9,37,147,4,172,12,130,84,77,112,93,118,66,157,103,105,74,188,144,31,142,117,167,61,45,138,41,49,78,128,42,57,197,180,162,126,143,160,91,1,33,124,94,196,36,46,140,92,82,23,189,81,0,85,22,26,176,193,109,190,170,95,38,139,65,20,51,149,34,198,174,87,35,67,32,72,163,25,70,146,16,125,11,113,156,71,165,184,50,8,173,18,131,110,101,59,80,100,30,134,148,195,97,58,175,151,7,191,181,68,123,6,137,158,54,52,119,187,39,107,55,14,13,111,132,89,75,129,15,135,53,183,69,159,164,90,28,155,73,99,106,136,115,152,2,161,102,86,133,76,122,116,104,17,145,56,21,108,192,40,169,182,29,154,60,177,27,43,127,96,171,141,98,114,64,79,179,47,88,5,186,199,83,153,166,24,150,10,185,62,120,3,168,44,48,63];False
1696;7843;9539;[180,172,12,22,26,178,120,3,2,130,84,117,77,112,31,29,66,157,103,70,74,188,93,90,100,0,101,61,45,55,126,185,78,128,42,57,37,121,162,146,118,10,91,1,33,124,94,196,52,182,140,92,82,23,189,81,87,85,104,20,167,193,164,144,109,95,38,139,19,194,51,149,34,127,175,123,176,67,32,72,137,25,170,65,16,190,11,113,156,71,165,184,125,8,173,18,131,110,41,59,80,147,30,134,148,195,97,58,6,43,7,191,181,68,198,142,163,158,54,36,119,187,39,107,138,14,13,197,132,89,75,4,15,135,53,183,69,159,9,105,28,155,73,99,106,136,115,152,35,161,102,86,133,76,122,116,49,46,145,56,21,108,192,40,169,129,24,154,60,177,27,151,111,96,171,141,98,114,64,79,179,47,88,5,186,199,83,153,166,174,150,160,143,62,44,50,168,17,48,63];False
1837;7607;9444;[104,172,12,22,81,93,147,3,2,130,132,117,77,112,193,24,66,157,103,105,74,188,144,118,10,0,167,61,45,138,41,44,78,128,42,57,37,121,162,126,143,160,91,1,33,124,94,196,36,46,140,92,82,23,189,49,87,106,136,26,146,85,9,178,170,95,38,139,19,20,51,149,34,194,180,123,176,67,32,72,163,25,70,65,16,190,11,113,156,71,165,184,31,8,173,18,131,110,101,59,80,100,30,134,148,195,97,137,175,151,7,191,181,68,198,142,58,158,54,52,29,187,39,107,55,14,13,111,84,89,75,4,15,135,53,183,69,159,164,90,28,155,73,99,109,50,115,152,35,161,102,86,133,76,122,116,182,125,145,56,21,108,192,40,169,129,119,154,60,177,27,43,127,96,171,141,98,114,64,79,179,47,88,5,186,199,83,153,166,174,150,6,185,62,120,197,168,17,48,63];False
3184;7002;10186;[198,174,35,45,138,37,109,147,172,12,130,117,77,112,93,157,66,145,103,105,74,188,144,31,8,87,142,61,193,10,41,49,78,128,42,57,3,121,162,126,143,23,85,1,33,124,178,196,36,44,140,92,82,149,189,81,0,167,22,26,176,46,9,160,170,95,38,139,19,20,51,50,34,194,180,4,84,67,32,72,163,25,70,65,16,91,195,113,156,71,165,184,146,94,173,18,131,110,101,59,80,100,30,134,148,11,97,58,175,151,7,191,181,68,123,190,137,158,54,52,119,187,39,107,55,14,13,111,132,89,75,129,15,135,53,183,69,159,164,90,28,155,73,99,106,136,115,152,2,161,102,86,133,76,122,116,104,125,118,56,21,108,192,40,169,182,29,154,60,177,27,43,127,96,171,141,98,114,64,79,179,47,88,5,186,199,83,153,166,24,150,6,185,62,120,197,168,17,48,63];False
2144;7242;9386;[194,19,121,178,9,37,147,4,172,12,130,84,77,112,93,162,66,157,103,105,74,188,144,31,142,117,167,61,45,138,41,49,78,128,42,57,197,180,118,126,143,160,91,1,33,124,94,196,36,46,140,92,82,23,189,81,0,85,22,26,176,193,109,190,170,95,38,139,65,20,51,149,34,198,174,87,35,67,32,72,163,25,70,146,16,125,11,113,156,71,165,184,50,8,173,18,131,110,101,59,80,100,30,134,148,195,97,58,175,151,7,191,181,68,123,6,137,158,54,52,119,187,39,107,55,14,13,111,132,89,75,129,15,135,53,183,69,159,164,90,28,155,73,99,106,136,115,152,2,161,102,86,133,76,122,116,104,17,145,56,21,108,192,40,169,182,29,154,60,177,27,43,127,96,171,141,98,114,64,79,179,47,88,5,186,199,83,153,166,24,150,10,185,62,120,3,168,44,48,63];False
1694;7875;9569;[180,172,12,22,26,178,120,3,2,130,84,117,77,112,31,24,66,157,103,70,74,188,93,90,100,0,101,61,45,55,126,185,78,128,42,57,37,121,162,146,118,10,91,1,33,124,94,196,52,182,140,92,82,23,189,81,87,85,104,20,167,193,164,144,109,95,38,139,19,194,51,149,34,127,175,123,176,67,32,72,137,25,170,65,16,190,11,113,156,71,165,184,125,8,173,18,131,110,41,59,80,147,30,134,148,195,97,58,6,43,7,191,181,68,198,142,163,158,54,36,119,187,39,107,138,14,13,197,132,89,75,4,15,135,53,183,69,159,9,105,28,155,73,99,106,136,115,152,35,161,102,86,133,76,122,116,49,46,145,56,21,108,192,40,169,129,29,154,60,177,27,151,111,96,171,141,98,114,64,79,179,47,88,5,186,199,83,153,166,174,150,160,143,62,44,50,168,17,48,63];False
1840;7586;9426;[104,172,12,22,81,93,147,3,2,130,84,117,77,112,193,24,66,157,103,105,74,188,144,118,10,0,167,61,45,138,41,44,78,128,42,57,37,121,162,126,143,160,91,1,33,124,94,196,36,46,140,92,82,23,189,49,87,106,136,26,146,85,9,178,170,95,38,139,19,20,51,149,34,194,180,123,176,67,32,72,163,25,70,65,16,190,11,113,156,71,165,184,31,8,173,18,131,110,101,59,80,100,30,134,148,195,97,137,175,151,7,191,181,68,198,142,58,158,54,52,29,187,39,107,55,14,13,111,132,89,75,4,15,135,53,183,69,159,164,90,28,155,73,99,109,50,115,152,35,161,102,86,133,76,122,116,182,125,145,56,21,108,192,40,169,129,119,154,60,177,27,43,127,96,171,141,98,114,64,79,179,47,88,5,186,199,83,153,166,174,150,6,185,62,120,197,168,17,48,63];True
3094;7021;10115;[198,174,142,45,138,37,109,147,172,12,130,117,77,112,93,157,66,145,103,105,74,188,144,31,8,87,35,61,193,10,41,49,78,128,42,57,3,121,162,126,143,23,85,1,33,124,178,196,36,44,140,92,82,149,189,81,0,167,22,26,176,46,9,160,170,95,38,139,19,20,51,50,34,194,180,4,84,67,32,72,163,25,70,65,16,91,195,113,156,71,165,184,146,94,173,18,131,110,101,59,80,100,30,134,148,11,97,58,175,151,7,191,181,68,123,190,137,158,54,52,119,187,39,107,55,14,13,111,132,89,75,129,15,135,53,183,69,159,164,90,28,155,73,99,106,136,115,152,2,161,102,86,133,76,122,116,104,125,118,56,21,108,192,40,169,182,29,154,60,177,27,43,127,96,171,141,98,114,64,79,179,47,88,5,186,199,83,153,166,24,150,6,185,62,120,197,168,17,48,63];False
2130;7253;9383;[194,146,121,178,9,37,147,4,172,12,130,84,77,112,93,162,66,157,103,105,74,188,144,31,142,117,167,61,45,138,41,49,78,128,42,57,197,180,118,126,143,160,91,1,33,124,94,196,36,46,140,92,82,23,189,81,0,85,22,26,176,193,109,190,170,95,38,139,65,20,51,149,34,198,174,87,35,67,32,72,163,25,70,19,16,125,11,113,156,71,165,184,50,8,173,18,131,110,101,59,80,100,30,134,148,195,97,58,175,151,7,191,181,68,123,6,137,158,54,52,119,187,39,107,55,14,13,111,132,89,75,129,15,135,53,183,69,159,164,90,28,155,73,99,106,136,115,152,2,161,102,86,133,76,122,116,104,17,145,56,21,108,192,40,169,182,29,154,60,177,27,43,127,96,171,141,98,114,64,79,179,47,88,5,186,199,83,153,166,24,150,10,185,62,120,3,168,44,48,63];False
1670;7939;9609;[180,172,12,22,26,178,120,3,2,130,84,117,77,112,31,24,66,157,106,70,74,188,93,90,100,0,101,61,45,55,126,185,78,128,42,57,37,121,162,146,118,10,91,1,33,124,94,196,52,182,140,92,82,23,189,81,87,85,104,20,167,193,164,144,109,95,38,139,19,194,51,149,34,127,175,123,176,67,32,72,137,25,170,65,16,190,11,113,156,71,165,184,125,8,173,18,131,110,41,59,80,147,30,134,148,195,97,58,6,43,7,191,181,68,198,142,163,158,54,36,119,187,39,107,138,14,13,197,132,89,75,4,15,135,53,183,69,159,9,105,28,155,73,99,103,136,115,152,35,161,102,86,133,76,122,116,49,46,145,56,21,108,192,40,169,129,29,154,60,177,27,151,111,96,171,141,98,114,64,79,179,47,88,5,186,199,83,153,166,174,150,160,143,62,44,50,168,17,48,63];False
1873;7570;9443;[104,172,12,22,81,93,147,3,2,87,84,117,77,112,193,24,66,157,103,105,74,188,144,118,10,0,167,61,45,138,41,44,78,128,42,57,37,121,162,126,143,160,91,1,33,124,94,196,36,46,140,92,82,23,189,49,130,106,136,26,146,85,9,178,170,95,38,139,19,20,51,149,34,194,180,123,176,67,32,72,163,25,70,65,16,190,11,113,156,71,165,184,31,8,173,18,131,110,101,59,80,100,30,134,148,195,97,137,175,151,7,191,181,68,198,142,58,158,54,52,29,187,39,107,55,14,13,111,132,89,75,4,15,135,53,183,69,159,164,90,28,155,73,99,109,50,115,152,35,161,102,86,133,76,122,116,182,125,145,56,21,108,192,40,169,129,119,154,60,177,27,43,127,96,171,141,98,114,64,79,179,47,88,5,186,199,83,153,166,174,150,6,185,62,120,197,168,17,48,63];False
3106;7018;10124;[198,174,61,45,138,37,109,147,172,12,130,117,77,112,93,157,66,145,103,105,74,188,144,31,8,87,35,142,193,10,41,49,78,128,42,57,3,121,162,126,143,23,85,1,33,124,178,196,36,44,140,92,82,149,189,81,0,167,22,26,176,46,9,160,170,95,38,139,19,20,51,50,34,194,180,4,84,67,32,72,163,25,70,65,16,91,195,113,156,71,165,184,146,94,173,18,131,110,101,59,80,100,30,134,148,11,97,58,175,151,7,191,181,68,123,190,137,158,54,52,119,187,39,107,55,14,13,111,132,89,75,129,15,135,53,183,69,159,164,90,28,155,73,99,106,136,115,152,2,161,102,86,133,76,122,116,104,125,118,56,21,108,192,40,169,182,29,154,60,177,27,43,127,96,171,141,98,114,64,79,179,47,88,5,186,199,83,153,166,24,150,6,185,62,120,197,168,17,48,63];False
2125;7255;9380;[194,146,121,178,9,37,147,4,172,12,130,84,77,112,93,162,66,157,103,105,74,188,144,31,142,117,167,61,45,138,41,49,78,128,42,57,197,94,118,126,143,160,91,1,33,124,180,196,36,46,140,92,82,23,189,81,0,85,22,26,176,193,109,190,170,95,38,139,65,20,51,149,34,198,174,87,35,67,32,72,163,25,70,19,16,125,11,113,156,71,165,184,50,8,173,18,131,110,101,59,80,100,30,134,148,195,97,58,175,151,7,191,181,68,123,6,137,158,54,52,119,187,39,107,55,14,13,111,132,89,75,129,15,135,53,183,69,159,164,90,28,155,73,99,106,136,115,152,2,161,102,86,133,76,122,116,104,17,145,56,21,108,192,40,169,182,29,154,60,177,27,43,127,96,171,141,98,114,64,79,179,47,88,5,186,199,83,153,166,24,150,10,185,62,120,3,168,44,48,63];False
1664;7958;9622;[180,172,12,22,26,178,120,3,2,130,106,117,77,112,31,24,66,157,84,70,74,188,93,90,100,0,101,61,45,55,126,185,78,128,42,57,37,121,162,146,118,10,91,1,33,124,94,196,52,182,140,92,82,23,189,81,87,85,104,20,167,193,164,144,109,95,38,139,19,194,51,149,34,127,175,123,176,67,32,72,137,25,170,65,16,190,11,113,156,71,165,184,125,8,173,18,131,110,41,59,80,147,30,134,148,195,97,58,6,43,7,191,181,68,198,142,163,158,54,36,119,187,39,107,138,14,13,197,132,89,75,4,15,135,53,183,69,159,9,105,28,155,73,99,103,136,115,152,35,161,102,86,133,76,122,116,49,46,145,56,21,108,192,40,169,129,29,154,60,177,27,151,111,96,171,141,98,114,64,79,179,47,88,5,186,199,83,153,166,174,150,160,143,62,44,50,168,17,48,63];False
1878;7553;9431;[104,172,12,22,81,93,147,3,2,87,84,117,77,112,193,24,66,157,103,105,74,188,144,118,10,0,167,61,45,138,41,44,78,128,42,57,37,121,162,126,143,160,91,1,33,124,94,196,36,46,140,92,82,23,189,49,130,106,136,26,146,85,9,178,170,95,38,139,19,20,51,149,34,194,180,123,176,67,32,72,163,25,70,182,16,190,11,113,156,71,165,184,31,8,173,18,131,110,101,59,80,100,30,134,148,195,97,137,175,151,7,191,181,68,198,142,58,158,54,52,29,187,39,107,55,14,13,111,132,89,75,4,15,135,53,183,69,159,164,90,28,155,73,99,109,50,115,152,35,161,102,86,133,76,122,116,65,125,145,56,21,108,192,40,169,129,119,154,60,177,27,43,127,96,171,141,98,114,64,79,179,47,88,5,186,199,83,153,166,174,150,6,185,62,120,197,168,17,48,63];True
3079;7017;10096;[198,174,61,45,138,37,109,178,172,12,130,117,77,112,93,157,66,145,103,105,74,188,144,31,8,87,35,142,193,10,41,49,78,128,42,57,3,121,162,126,143,23,85,1,33,124,147,196,36,44,140,92,82,149,189,81,0,167,22,26,176,46,9,160,170,95,38,139,19,20,51,50,34,194,180,4,84,67,32,72,163,25,70,65,16,91,195,113,156,71,165,184,146,94,173,18,131,110,101,59,80,100,30,134,148,11,97,58,175,151,7,191,181,68,123,190,137,158,54,52,119,187,39,107,55,14,13,111,132,89,75,129,15,135,53,183,69,159,164,90,28,155,73,99,106,136,115,152,2,161,102,86,133,76,122,116,104,125,118,56,21,108,192,40,169,182,29,154,60,177,27,43,127,96,171,141,98,114,64,79,179,47,88,5,186,199,83,153,166,24,150,6,185,62,120,197,168,17,48,63];False
2139;7244;9383;[194,19,121,178,9,37,147,4,172,12,130,84,77,112,93,162,66,157,103,105,74,188,144,31,142,117,167,61,45,138,41,49,78,128,42,57,197,94,118,126,143,160,91,1,33,124,180,196,36,46,140,92,82,23,189,81,0,85,22,26,176,193,109,190,170,95,38,139,65,20,51,149,34,198,174,87,35,67,32,72,163,25,70,146,16,125,11,113,156,71,165,184,50,8,173,18,131,110,101,59,80,100,30,134,148,195,97,58,175,151,7,191,181,68,123,6,137,158,54,52,119,187,39,107,55,14,13,111,132,89,75,129,15,135,53,183,69,159,164,90,28,155,73,99,106,136,115,152,2,161,102,86,133,76,122,116,104,17,145,56,21,108,192,40,169,182,29,154,60,177,27,43,127,96,171,141,98,114,64,79,179,47,88,5,186,199,83,153,166,24,150,10,185,62,120,3,168,44,48,63];False
1666;7926;9592;[180,172,12,22,26,178,120,3,2,130,106,117,77,112,31,29,66,157,84,70,74,188,93,90,100,0,101,61,45,55,126,185,78,128,42,57,37,121,162,146,118,10,91,1,33,124,94,196,52,182,140,92,82,23,189,81,87,85,104,20,167,193,164,144,109,95,38,139,19,194,51,149,34,127,175,123,176,67,32,72,137,25,170,65,16,190,11,113,156,71,165,184,125,8,173,18,131,110,41,59,80,147,30,134,148,195,97,58,6,43,7,191,181,68,198,142,163,158,54,36,119,187,39,107,138,14,13,197,132,89,75,4,15,135,53,183,69,159,9,105,28,155,73,99,103,136,115,152,35,161,102,86,133,76,122,116,49,46,145,56,21,108,192,40,169,129,24,154,60,177,27,151,111,96,171,141,98,114,64,79,179,47,88,5,186,199,83,153,166,174,150,160,143,62,44,50,168,17,48,63];False
1851;7570;9421;[104,172,12,22,81,93,147,3,35,87,84,117,77,112,193,24,66,157,103,105,74,188,144,118,10,0,167,61,45,138,41,44,78,128,42,57,37,121,162,126,143,160,91,1,33,124,94,196,36,46,140,92,82,23,189,49,130,106,136,26,146,85,9,178,170,95,38,139,19,20,51,149,34,194,180,123,176,67,32,72,163,25,70,182,16,190,11,113,156,71,165,184,31,8,173,18,131,110,101,59,80,100,30,134,148,195,97,137,175,151,7,191,181,68,198,142,58,158,54,52,29,187,39,107,55,14,13,111,132,89,75,4,15,135,53,183,69,159,164,90,28,155,73,99,109,50,115,152,2,161,102,86,133,76,122,116,65,125,145,56,21,108,192,40,169,129,119,154,60,177,27,43,127,96,171,141,98,114,64,79,179,47,88,5,186,199,83,153,166,174,150,6,185,62,120,197,168,17,48,63];True
3067;7020;10087;[198,174,142,45,138,37,109,178,172,12,130,117,77,112,93,157,66,145,103,105,74,188,144,31,8,87,35,61,193,10,41,49,78,128,42,57,3,121,162,126,143,23,85,1,33,124,147,196,36,44,140,92,82,149,189,81,0,167,22,26,176,46,9,160,170,95,38,139,19,20,51,50,34,194,180,4,84,67,32,72,163,25,70,65,16,91,195,113,156,71,165,184,146,94,173,18,131,110,101,59,80,100,30,134,148,11,97,58,175,151,7,191,181,68,123,190,137,158,54,52,119,187,39,107,55,14,13,111,132,89,75,129,15,135,53,183,69,159,164,90,28,155,73,99,106,136,115,152,2,161,102,86,133,76,122,116,104,125,118,56,21,108,192,40,169,182,29,154,60,177,27,43,127,96,171,141,98,114,64,79,179,47,88,5,186,199,83,153,166,24,150,6,185,62,120,197,168,17,48,63];False
2134;7241;9375;[194,19,121,178,9,37,147,4,172,12,130,84,77,112,93,162,66,157,103,105,74,188,144,31,142,117,167,61,45,138,41,49,78,128,42,57,197,8,118,126,143,160,91,1,33,124,180,196,36,46,140,92,82,23,189,81,0,85,22,26,176,193,109,190,170,95,38,139,65,20,51,149,34,198,174,87,35,67,32,72,163,25,70,146,16,125,11,113,156,71,165,184,50,94,173,18,131,110,101,59,80,100,30,134,148,195,97,58,175,151,7,191,181,68,123,6,137,158,54,52,119,187,39,107,55,14,13,111,132,89,75,129,15,135,53,183,69,159,164,90,28,155,73,99,106,136,115,152,2,161,102,86,133,76,122,116,104,17,145,56,21,108,192,40,169,182,29,154,60,177,27,43,127,96,171,141,98,114,64,79,179,47,88,5,186,199,83,153,166,24,150,10,185,62,120,3,168,44,48,63];False
1672;7907;9579;[180,172,12,22,26,178,120,3,2,130,84,117,77,112,31,29,66,157,106,70,74,188,93,90,100,0,101,61,45,55,126,185,78,128,42,57,37,121,162,146,118,10,91,1,33,124,94,196,52,182,140,92,82,23,189,81,87,85,104,20,167,193,164,144,109,95,38,139,19,194,51,149,34,127,175,123,176,67,32,72,137,25,170,65,16,190,11,113,156,71,165,184,125,8,173,18,131,110,41,59,80,147,30,134,148,195,97,58,6,43,7,191,181,68,198,142,163,158,54,36,119,187,39,107,138,14,13,197,132,89,75,4,15,135,53,183,69,159,9,105,28,155,73,99,103,136,115,152,35,161,102,86,133,76,122,116,49,46,145,56,21,108,192,40,169,129,24,154,60,177,27,151,111,96,171,141,98,114,64,79,179,47,88,5,186,199,83,153,166,174,150,160,143,62,44,50,168,17,48,63];False
1847;7581;9428;[104,172,12,22,81,93,147,3,35,182,84,117,77,112,193,24,66,157,103,105,74,188,144,118,10,0,167,61,45,138,41,44,78,128,42,57,37,121,162,126,143,160,91,1,33,124,94,196,36,46,140,92,82,23,189,49,130,106,136,26,146,85,9,178,170,95,38,139,19,20,51,149,34,194,180,123,176,67,32,72,163,25,70,87,16,190,11,113,156,71,165,184,31,8,173,18,131,110,101,59,80,100,30,134,148,195,97,137,175,151,7,191,181,68,198,142,58,158,54,52,29,187,39,107,55,14,13,111,132,89,75,4,15,135,53,183,69,159,164,90,28,155,73,99,109,50,115,152,2,161,102,86,133,76,122,116,65,125,145,56,21,108,192,40,169,129,119,154,60,177,27,43,127,96,171,141,98,114,64,79,179,47,88,5,186,199,83,153,166,174,150,6,185,62,120,197,168,17,48,63];True
3157;7001;10158;[198,174,35,45,138,37,109,178,172,12,130,117,77,112,93,157,66,145,103,105,74,188,144,31,8,87,142,61,193,10,41,49,78,128,42,57,3,121,162,126,143,23,85,1,33,124,147,196,36,44,140,92,82,149,189,81,0,167,22,26,176,46,9,160,170,95,38,139,19,20,51,50,34,194,180,4,84,67,32,72,163,25,70,65,16,91,195,113,156,71,165,184,146,94,173,18,131,110,101,59,80,100,30,134,148,11,97,58,175,151,7,191,181,68,123,190,137,158,54,52,119,187,39,107,55,14,13,111,132,89,75,129,15,135,53,183,69,159,164,90,28,155,73,99,106,136,115,152,2,161,102,86,133,76,122,116,104,125,118,56,21,108,192,40,169,182,29,154,60,177,27,43,127,96,171,141,98,114,64,79,179,47,88,5,186,199,83,153,166,24,150,6,185,62,120,197,168,17,48,63];False
2113;7276;9389;[182,19,121,178,9,37,147,4,172,12,130,84,77,112,93,162,66,157,103,105,74,188,144,31,142,117,167,61,45,138,41,49,78,128,42,57,197,8,118,126,143,160,91,1,33,124,180,196,36,46,140,92,82,23,189,81,0,85,22,26,176,193,109,190,170,95,38,139,65,20,51,149,34,198,174,87,35,67,32,72,163,25,70,146,16,125,11,113,156,71,165,184,50,94,173,18,131,110,101,59,80,100,30,134,148,195,97,58,175,151,7,191,181,68,123,6,137,158,54,52,119,187,39,107,55,14,13,111,132,89,75,129,15,135,53,183,69,159,164,90,28,155,73,99,106,136,115,152,2,161,102,86,133,76,122,116,104,17,145,56,21,108,192,40,169,194,29,154,60,177,27,43,127,96,171,141,98,114,64,79,179,47,88,5,186,199,83,153,166,24,150,10,185,62,120,3,168,44,48,63];False
1668;7878;9546;[180,172,12,22,26,178,120,3,2,130,84,117,77,112,31,29,66,157,106,136,74,188,93,90,100,0,101,61,45,55,126,185,78,128,42,57,37,121,162,146,118,10,91,1,33,124,94,196,52,182,140,92,82,23,189,81,87,85,104,20,167,193,164,144,109,95,38,139,19,194,51,149,34,127,175,123,176,67,32,72,137,25,170,65,16,190,11,113,156,71,165,184,125,8,173,18,131,110,41,59,80,147,30,134,148,195,97,58,6,43,7,191,181,68,198,142,163,158,54,36,119,187,39,107,138,14,13,197,132,89,75,4,15,135,53,183,69,159,9,105,28,155,73,99,103,70,115,152,35,161,102,86,133,76,122,116,49,46,145,56,21,108,192,40,169,129,24,154,60,177,27,151,111,96,171,141,98,114,64,79,179,47,88,5,186,199,83,153,166,174,150,160,143,62,44,50,168,17,48,63];False
1850;7571;9421;[104,172,12,22,81,93,147,3,35,61,84,117,77,112,193,24,66,157,103,105,74,188,144,118,10,0,167,182,45,138,41,44,78,128,42,57,37,121,162,126,143,160,91,1,33,124,94,196,36,46,140,92,82,23,189,49,130,106,136,26,146,85,9,178,170,95,38,139,19,20,51,149,34,194,180,123,176,67,32,72,163,25,70,87,16,190,11,113,156,71,165,184,31,8,173,18,131,110,101,59,80,100,30,134,148,195,97,137,175,151,7,191,181,68,198,142,58,158,54,52,29,187,39,107,55,14,13,111,132,89,75,4,15,135,53,183,69,159,164,90,28,155,73,99,109,50,115,152,2,161,102,86,133,76,122,116,65,125,145,56,21,108,192,40,169,129,119,154,60,177,27,43,127,96,171,141,98,114,64,79,179,47,88,5,186,199,83,153,166,174,150,6,185,62,120,197,168,17,48,63];True
3103;7005;10108;[198,174,61,45,138,37,109,178,172,12,130,117,77,112,93,157,66,145,103,105,74,188,144,31,8,87,142,35,193,10,41,49,78,128,42,57,3,121,162,126,143,23,85,1,33,124,147,196,36,44,140,92,82,149,189,81,0,167,22,26,176,46,9,160,170,95,38,139,19,20,51,50,34,194,180,4,84,67,32,72,163,25,70,65,16,91,195,113,156,71,165,184,146,94,173,18,131,110,101,59,80,100,30,134,148,11,97,58,175,151,7,191,181,68,123,190,137,158,54,52,119,187,39,107,55,14,13,111,132,89,75,129,15,135,53,183,69,159,164,90,28,155,73,99,106,136,115,152,2,161,102,86,133,76,122,116,104,125,118,56,21,108,192,40,169,182,29,154,60,177,27,43,127,96,171,141,98,114,64,79,179,47,88,5,186,199,83,153,166,24,150,6,185,62,120,197,168,17,48,63];False
2116;7264;9380;[182,19,121,178,9,37,147,4,172,12,130,84,77,112,93,162,66,157,103,105,74,188,144,31,142,117,167,61,45,138,41,49,78,128,42,57,197,146,118,126,143,160,91,1,33,124,180,196,36,46,140,92,82,23,189,81,0,85,22,26,176,193,109,190,170,95,38,139,65,20,51,149,34,198,174,87,35,67,32,72,163,25,70,8,16,125,11,113,156,71,165,184,50,94,173,18,131,110,101,59,80,100,30,134,148,195,97,58,175,151,7,191,181,68,123,6,137,158,54,52,119,187,39,107,55,14,13,111,132,89,75,129,15,135,53,183,69,159,164,90,28,155,73,99,106,136,115,152,2,161,102,86,133,76,122,116,104,17,145,56,21,108,192,40,169,194,29,154,60,177,27,43,127,96,171,141,98,114,64,79,179,47,88,5,186,199,83,153,166,24,150,10,185,62,120,3,168,44,48,63];False
1666;7910;9576;[180,172,12,22,26,178,120,3,2,130,84,117,77,112,31,24,66,157,106,136,74,188,93,90,100,0,101,61,45,55,126,185,78,128,42,57,37,121,162,146,118,10,91,1,33,124,94,196,52,182,140,92,82,23,189,81,87,85,104,20,167,193,164,144,109,95,38,139,19,194,51,149,34,127,175,123,176,67,32,72,137,25,170,65,16,190,11,113,156,71,165,184,125,8,173,18,131,110,41,59,80,147,30,134,148,195,97,58,6,43,7,191,181,68,198,142,163,158,54,36,119,187,39,107,138,14,13,197,132,89,75,4,15,135,53,183,69,159,9,105,28,155,73,99,103,70,115,152,35,161,102,86,133,76,122,116,49,46,145,56,21,108,192,40,169,129,29,154,60,177,27,151,111,96,171,141,98,114,64,79,179,47,88,5,186,199,83,153,166,174,150,160,143,62,44,50,168,17,48,63];False
1833;7605;9438;[104,172,12,22,81,93,147,3,35,61,84,117,77,112,193,24,66,157,103,105,74,188,144,118,10,110,167,182,45,138,41,44,78,128,42,57,37,121,162,126,143,160,91,1,33,124,94,196,36,46,140,92,82,23,189,49,130,106,136,26,146,85,9,178,170,95,38,139,19,20,51,149,34,194,180,123,176,67,32,72,163,25,70,87,16,190,11,113,156,71,165,184,31,8,173,18,131,0,101,59,80,100,30,134,148,195,97,137,175,151,7,191,181,68,198,142,58,158,54,52,29,187,39,107,55,14,13,111,132,89,75,4,15,135,53,183,69,159,164,90,28,155,73,99,109,50,115,152,2,161,102,86,133,76,122,116,65,125,145,56,21,108,192,40,169,129,119,154,60,177,27,43,127,96,171,141,98,114,64,79,179,47,88,5,186,199,83,153,166,174,150,6,185,62,120,197,168,17,48,63];True
3097;7012;10109;[198,174,10,45,138,37,109,178,172,12,130,117,77,112,93,157,66,145,103,105,74,188,144,31,8,87,142,35,193,61,41,49,78,128,42,57,3,121,162,126,143,23,85,1,33,124,147,196,36,44,140,92,82,149,189,81,0,167,22,26,176,46,9,160,170,95,38,139,19,20,51,50,34,194,180,4,84,67,32,72,163,25,70,65,16,91,195,113,156,71,165,184,146,94,173,18,131,110,101,59,80,100,30,134,148,11,97,58,175,151,7,191,181,68,123,190,137,158,54,52,119,187,39,107,55,14,13,111,132,89,75,129,15,135,53,183,69,159,164,90,28,155,73,99,106,136,115,152,2,161,102,86,133,76,122,116,104,125,118,56,21,108,192,40,169,182,29,154,60,177,27,43,127,96,171,141,98,114,64,79,179,47,88,5,186,199,83,153,166,24,150,6,185,62,120,197,168,17,48,63];False
2137;7229;9366;[194,19,121,178,9,37,147,4,172,12,130,84,77,112,93,162,66,157,103,105,74,188,144,31,142,117,167,61,45,138,41,49,78,128,42,57,197,146,118,126,143,160,91,1,33,124,180,196,36,46,140,92,82,23,189,81,0,85,22,26,176,193,109,190,170,95,38,139,65,20,51,149,34,198,174,87,35,67,32,72,163,25,70,8,16,125,11,113,156,71,165,184,50,94,173,18,131,110,101,59,80,100,30,134,148,195,97,58,175,151,7,191,181,68,123,6,137,158,54,52,119,187,39,107,55,14,13,111,132,89,75,129,15,135,53,183,69,159,164,90,28,155,73,99,106,136,115,152,2,161,102,86,133,76,122,116,104,17,145,56,21,108,192,40,169,182,29,154,60,177,27,43,127,96,171,141,98,114,64,79,179,47,88,5,186,199,83,153,166,24,150,10,185,62,120,3,168,44,48,63];False
1660;7920;9580;[180,172,12,22,26,178,120,3,2,130,84,117,77,112,31,24,66,157,103,136,74,188,93,90,100,0,101,61,45,55,126,185,78,128,42,57,37,121,162,146,118,10,91,1,33,124,94,196,52,182,140,92,82,23,189,81,87,85,104,20,167,193,164,144,109,95,38,139,19,194,51,149,34,127,175,123,176,67,32,72,137,25,170,65,16,190,11,113,156,71,165,184,125,8,173,18,131,110,41,59,80,147,30,134,148,195,97,58,6,43,7,191,181,68,198,142,163,158,54,36,119,187,39,107,138,14,13,197,132,89,75,4,15,135,53,183,69,159,9,105,28,155,73,99,106,70,115,152,35,161,102,86,133,76,122,116,49,46,145,56,21,108,192,40,169,129,29,154,60,177,27,151,111,96,171,141,98,114,64,79,179,47,88,5,186,199,83,153,166,174,150,160,143,62,44,50,168,17,48,63];False
1830;7615;9445;[104,172,12,22,81,93,147,3,35,182,84,117,77,112,193,24,66,157,103,105,74,188,144,118,10,110,167,61,45,138,41,44,78,128,42,57,37,121,162,126,143,160,91,1,33,124,94,196,36,46,140,92,82,23,189,49,130,106,136,26,146,85,9,178,170,95,38,139,19,20,51,149,34,194,180,123,176,67,32,72,163,25,70,87,16,190,11,113,156,71,165,184,31,8,173,18,131,0,101,59,80,100,30,134,148,195,97,137,175,151,7,191,181,68,198,142,58,158,54,52,29,187,39,107,55,14,13,111,132,89,75,4,15,135,53,183,69,159,164,90,28,155,73,99,109,50,115,152,2,161,102,86,133,76,122,116,65,125,145,56,21,108,192,40,169,129,119,154,60,177,27,43,127,96,171,141,98,114,64,79,179,47,88,5,186,199,83,153,166,174,150,6,185,62,120,197,168,17,48,63];True
3075;7015;10090;[198,174,10,45,138,37,157,178,172,12,130,117,77,112,93,109,66,145,103,105,74,188,144,31,8,87,142,35,193,61,41,49,78,128,42,57,3,121,162,126,143,23,85,1,33,124,147,196,36,44,140,92,82,149,189,81,0,167,22,26,176,46,9,160,170,95,38,139,19,20,51,50,34,194,180,4,84,67,32,72,163,25,70,65,16,91,195,113,156,71,165,184,146,94,173,18,131,110,101,59,80,100,30,134,148,11,97,58,175,151,7,191,181,68,123,190,137,158,54,52,119,187,39,107,55,14,13,111,132,89,75,129,15,135,53,183,69,159,164,90,28,155,73,99,106,136,115,152,2,161,102,86,133,76,122,116,104,125,118,56,21,108,192,40,169,182,29,154,60,177,27,43,127,96,171,141,98,114,64,79,179,47,88,5,186,199,83,153,166,24,150,6,185,62,120,197,168,17,48,63];True
2193;7220;9413;[194,138,121,178,9,37,147,4,172,12,130,84,77,112,93,162,66,157,103,105,74,188,144,31,142,117,167,61,45,19,41,49,78,128,42,57,197,146,118,126,143,160,91,1,33,124,180,196,36,46,140,92,82,23,189,81,0,85,22,26,176,193,109,190,170,95,38,139,65,20,51,149,34,198,174,87,35,67,32,72,163,25,70,8,16,125,11,113,156,71,165,184,50,94,173,18,131,110,101,59,80,100,30,134,148,195,97,58,175,151,7,191,181,68,123,6,137,158,54,52,119,187,39,107,55,14,13,111,132,89,75,129,15,135,53,183,69,159,164,90,28,155,73,99,106,136,115,152,2,161,102,86,133,76,122,116,104,17,145,56,21,108,192,40,169,182,29,154,60,177,27,43,127,96,171,141,98,114,64,79,179,47,88,5,186,199,83,153,166,24,150,10,185,62,120,3,168,44,48,63];False
1634;7970;9604;[180,172,12,22,26,178,120,3,2,130,106,117,77,112,31,24,66,157,103,136,74,188,93,90,100,0,101,61,45,55,126,185,78,128,42,57,37,121,162,146,118,10,91,1,33,124,94,196,52,182,140,92,82,23,189,81,87,85,104,20,167,193,164,144,109,95,38,139,19,194,51,149,34,127,175,123,176,67,32,72,137,25,170,65,16,190,11,113,156,71,165,184,125,8,173,18,131,110,41,59,80,147,30,134,148,195,97,58,6,43,7,191,181,68,198,142,163,158,54,36,119,187,39,107,138,14,13,197,132,89,75,4,15,135,53,183,69,159,9,105,28,155,73,99,84,70,115,152,35,161,102,86,133,76,122,116,49,46,145,56,21,108,192,40,169,129,29,154,60,177,27,151,111,96,171,141,98,114,64,79,179,47,88,5,186,199,83,153,166,174,150,160,143,62,44,50,168,17,48,63];True
1834;7604;9438;[104,172,12,22,81,93,147,3,35,87,84,117,77,112,193,24,66,157,103,105,74,188,144,118,10,110,167,61,45,138,41,44,78,128,42,57,37,121,162,126,143,160,91,1,33,124,94,196,36,46,140,92,82,23,189,49,130,106,136,26,146,85,9,178,170,95,38,139,19,20,51,149,34,194,180,123,176,67,32,72,163,25,70,182,16,190,11,113,156,71,165,184,31,8,173,18,131,0,101,59,80,100,30,134,148,195,97,137,175,151,7,191,181,68,198,142,58,158,54,52,29,187,39,107,55,14,13,111,132,89,75,4,15,135,53,183,69,159,164,90,28,155,73,99,109,50,115,152,2,161,102,86,133,76,122,116,65,125,145,56,21,108,192,40,169,129,119,154,60,177,27,43,127,96,171,141,98,114,64,79,179,47,88,5,186,199,83,153,166,174,150,6,185,62,120,197,168,17,48,63];True
3081;7008;10089;[198,174,61,45,138,37,157,178,172,12,130,117,77,112,93,109,66,145,103,105,74,188,144,31,8,87,142,35,193,10,41,49,78,128,42,57,3,121,162,126,143,23,85,1,33,124,147,196,36,44,140,92,82,149,189,81,0,167,22,26,176,46,9,160,170,95,38,139,19,20,51,50,34,194,180,4,84,67,32,72,163,25,70,65,16,91,195,113,156,71,165,184,146,94,173,18,131,110,101,59,80,100,30,134,148,11,97,58,175,151,7,191,181,68,123,190,137,158,54,52,119,187,39,107,55,14,13,111,132,89,75,129,15,135,53,183,69,159,164,90,28,155,73,99,106,136,115,152,2,161,102,86,133,76,122,116,104,125,118,56,21,108,192,40,169,182,29,154,60,177,27,43,127,96,171,141,98,114,64,79,179,47,88,5,186,199,83,153,166,24,150,6,185,62,120,197,168,17,48,63];True
2189;7221;9410;[194,138,121,178,9,37,147,4,172,12,130,84,77,112,93,162,66,157,103,105,74,188,144,31,142,117,167,61,45,19,41,49,78,128,42,57,197,146,118,126,143,160,91,1,33,124,180,196,36,46,140,92,82,23,189,81,0,85,22,26,176,193,109,190,170,95,38,139,65,20,70,149,34,198,174,87,35,67,32,72,163,25,51,8,16,125,11,113,156,71,165,184,50,94,173,18,131,110,101,59,80,100,30,134,148,195,97,58,175,151,7,191,181,68,123,6,137,158,54,52,119,187,39,107,55,14,13,111,132,89,75,129,15,135,53,183,69,159,164,90,28,155,73,99,106,136,115,152,2,161,102,86,133,76,122,116,104,17,145,56,21,108,192,40,169,182,29,154,60,177,27,43,127,96,171,141,98,114,64,79,179,47,88,5,186,199,83,153,166,24,150,10,185,62,120,3,168,44,48,63];False
1636;7938;9574;[180,172,12,22,26,178,120,3,2,130,106,117,77,112,31,29,66,157,103,136,74,188,93,90,100,0,101,61,45,55,126,185,78,128,42,57,37,121,162,146,118,10,91,1,33,124,94,196,52,182,140,92,82,23,189,81,87,85,104,20,167,193,164,144,109,95,38,139,19,194,51,149,34,127,175,123,176,67,32,72,137,25,170,65,16,190,11,113,156,71,165,184,125,8,173,18,131,110,41,59,80,147,30,134,148,195,97,58,6,43,7,191,181,68,198,142,163,158,54,36,119,187,39,107,138,14,13,197,132,89,75,4,15,135,53,183,69,159,9,105,28,155,73,99,84,70,115,152,35,161,102,86,133,76,122,116,49,46,145,56,21,108,192,40,169,129,24,154,60,177,27,151,111,96,171,141,98,114,64,79,179,47,88,5,186,199,83,153,166,174,150,160,143,62,44,50,168,17,48,63];True
1827;7633;9460;[104,172,12,22,81,93,147,3,35,87,84,117,77,112,193,24,66,157,103,105,74,188,144,118,10,110,167,61,45,138,41,44,78,128,42,57,37,121,162,126,143,160,91,1,33,124,94,196,36,46,140,92,82,23,189,49,130,106,136,26,146,85,9,178,170,166,38,139,19,20,51,149,34,194,180,123,176,67,32,72,163,25,70,182,16,190,11,113,156,71,165,184,31,8,173,18,131,0,101,59,80,100,30,134,148,195,97,137,175,151,7,191,181,68,198,142,58,158,54,52,29,187,39,107,55,14,13,111,132,89,75,4,15,135,53,183,69,159,164,90,28,155,73,99,109,50,115,152,2,161,102,86,133,76,122,116,65,125,145,56,21,108,192,40,169,129,119,154,60,177,27,43,127,96,171,141,98,114,64,79,179,47,88,5,186,199,83,153,95,174,150,6,185,62,120,197,168,17,48,63];True
3135;7004;10139;[198,174,35,45,138,37,157,178,172,12,130,117,77,112,93,109,66,145,103,105,74,188,144,31,8,87,142,61,193,10,41,49,78,128,42,57,3,121,162,126,143,23,85,1,33,124,147,196,36,44,140,92,82,149,189,81,0,167,22,26,176,46,9,160,170,95,38,139,19,20,51,50,34,194,180,4,84,67,32,72,163,25,70,65,16,91,195,113,156,71,165,184,146,94,173,18,131,110,101,59,80,100,30,134,148,11,97,58,175,151,7,191,181,68,123,190,137,158,54,52,119,187,39,107,55,14,13,111,132,89,75,129,15,135,53,183,69,159,164,90,28,155,73,99,106,136,115,152,2,161,102,86,133,76,122,116,104,125,118,56,21,108,192,40,169,182,29,154,60,177,27,43,127,96,171,141,98,114,64,79,179,47,88,5,186,199,83,153,166,24,150,6,185,62,120,197,168,17,48,63];False
2133;7230;9363;[194,19,121,178,9,37,147,4,172,12,130,84,77,112,93,162,66,157,103,105,74,188,144,31,142,117,167,61,45,138,41,49,78,128,42,57,197,146,118,126,143,160,91,1,33,124,180,196,36,46,140,92,82,23,189,81,0,85,22,26,176,193,109,190,170,95,38,139,65,20,70,149,34,198,174,87,35,67,32,72,163,25,51,8,16,125,11,113,156,71,165,184,50,94,173,18,131,110,101,59,80,100,30,134,148,195,97,58,175,151,7,191,181,68,123,6,137,158,54,52,119,187,39,107,55,14,13,111,132,89,75,129,15,135,53,183,69,159,164,90,28,155,73,99,106,136,115,152,2,161,102,86,133,76,122,116,104,17,145,56,21,108,192,40,169,182,29,154,60,177,27,43,127,96,171,141,98,114,64,79,179,47,88,5,186,199,83,153,166,24,150,10,185,62,120,3,168,44,48,63];False
1662;7888;9550;[180,172,12,22,26,178,120,3,2,130,84,117,77,112,31,29,66,157,103,136,74,188,93,90,100,0,101,61,45,55,126,185,78,128,42,57,37,121,162,146,118,10,91,1,33,124,94,196,52,182,140,92,82,23,189,81,87,85,104,20,167,193,164,144,109,95,38,139,19,194,51,149,34,127,175,123,176,67,32,72,137,25,170,65,16,190,11,113,156,71,165,184,125,8,173,18,131,110,41,59,80,147,30,134,148,195,97,58,6,43,7,191,181,68,198,142,163,158,54,36,119,187,39,107,138,14,13,197,132,89,75,4,15,135,53,183,69,159,9,105,28,155,73,99,106,70,115,152,35,161,102,86,133,76,122,116,49,46,145,56,21,108,192,40,169,129,24,154,60,177,27,151,111,96,171,141,98,114,64,79,179,47,88,5,186,199,83,153,166,174,150,160,143,62,44,50,168,17,48,63];False
3045;7023;10068;[198,174,142,45,138,37,157,178,172,12,130,117,77,112,93,109,66,145,103,105,74,188,144,31,8,87,35,61,193,10,41,49,78,128,42,57,3,121,162,126,143,23,85,1,33,124,147,196,36,44,140,92,82,149,189,81,0,167,22,26,176,46,9,160,170,95,38,139,19,20,51,50,34,194,180,4,84,67,32,72,163,25,70,65,16,91,195,113,156,71,165,184,146,94,173,18,131,110,101,59,80,100,30,134,148,11,97,58,175,151,7,191,181,68,123,190,137,158,54,52,119,187,39,107,55,14,13,111,132,89,75,129,15,135,53,183,69,159,164,90,28,155,73,99,106,136,115,152,2,161,102,86,133,76,122,116,104,125,118,56,21,108,192,40,169,182,29,154,60,177,27,43,127,96,171,141,98,114,64,79,179,47,88,5,186,199,83,153,166,24,150,6,185,62,120,197,168,17,48,63];True
2115;7247;9362;[149,19,121,178,9,37,147,4,172,12,130,84,77,112,93,162,66,157,103,105,74,188,144,31,142,117,167,61,45,138,41,49,78,128,42,57,197,146,118,126,143,160,91,1,33,124,180,196,36,46,140,92,82,23,189,81,0,85,22,26,176,193,109,190,170,95,38,139,65,20,70,194,34,198,174,87,35,67,32,72,163,25,51,8,16,125,11,113,156,71,165,184,50,94,173,18,131,110,101,59,80,100,30,134,148,195,97,58,175,151,7,191,181,68,123,6,137,158,54,52,119,187,39,107,55,14,13,111,132,89,75,129,15,135,53,183,69,159,164,90,28,155,73,99,106,136,115,152,2,161,102,86,133,76,122,116,104,17,145,56,21,108,192,40,169,182,29,154,60,177,27,43,127,96,171,141,98,114,64,79,179,47,88,5,186,199,83,153,166,24,150,10,185,62,120,3,168,44,48,63];False
1694;7865;9559;[180,172,12,22,26,178,120,3,2,130,84,117,77,112,31,29,66,157,103,190,74,188,93,90,100,0,101,61,45,55,126,185,78,128,42,57,37,121,162,146,118,10,91,1,33,124,94,196,52,182,140,92,82,23,189,81,87,85,104,20,167,193,164,144,109,95,38,139,19,194,51,149,34,127,175,123,176,67,32,72,137,25,170,65,16,136,11,113,156,71,165,184,125,8,173,18,131,110,41,59,80,147,30,134,148,195,97,58,6,43,7,191,181,68,198,142,163,158,54,36,119,187,39,107,138,14,13,197,132,89,75,4,15,135,53,183,69,159,9,105,28,155,73,99,106,70,115,152,35,161,102,86,133,76,122,116,49,46,145,56,21,108,192,40,169,129,24,154,60,177,27,151,111,96,171,141,98,114,64,79,179,47,88,5,186,199,83,153,166,174,150,160,143,62,44,50,168,17,48,63];False
3057;7020;10077;[198,174,61,45,138,37,157,178,172,12,130,117,77,112,93,109,66,145,103,105,74,188,144,31,8,87,35,142,193,10,41,49,78,128,42,57,3,121,162,126,143,23,85,1,33,124,147,196,36,44,140,92,82,149,189,81,0,167,22,26,176,46,9,160,170,95,38,139,19,20,51,50,34,194,180,4,84,67,32,72,163,25,70,65,16,91,195,113,156,71,165,184,146,94,173,18,131,110,101,59,80,100,30,134,148,11,97,58,175,151,7,191,181,68,123,190,137,158,54,52,119,187,39,107,55,14,13,111,132,89,75,129,15,135,53,183,69,159,164,90,28,155,73,99,106,136,115,152,2,161,102,86,133,76,122,116,104,125,118,56,21,108,192,40,169,182,29,154,60,177,27,43,127,96,171,141,98,114,64,79,179,47,88,5,186,199,83,153,166,24,150,6,185,62,120,197,168,17,48,63];True
2107;7251;9358;[37,19,121,178,9,149,147,4,172,12,130,84,77,112,93,162,66,157,103,105,74,188,144,31,142,117,167,61,45,138,41,49,78,128,42,57,197,146,118,126,143,160,91,1,33,124,180,196,36,46,140,92,82,23,189,81,0,85,22,26,176,193,109,190,170,95,38,139,65,20,70,194,34,198,174,87,35,67,32,72,163,25,51,8,16,125,11,113,156,71,165,184,50,94,173,18,131,110,101,59,80,100,30,134,148,195,97,58,175,151,7,191,181,68,123,6,137,158,54,52,119,187,39,107,55,14,13,111,132,89,75,129,15,135,53,183,69,159,164,90,28,155,73,99,106,136,115,152,2,161,102,86,133,76,122,116,104,17,145,56,21,108,192,40,169,182,29,154,60,177,27,43,127,96,171,141,98,114,64,79,179,47,88,5,186,199,83,153,166,24,150,10,185,62,120,3,168,44,48,63];False
1712;7827;9539;[180,172,12,22,26,178,120,3,2,130,84,117,77,112,31,29,66,157,103,190,74,188,93,90,100,0,101,61,45,55,126,185,78,128,42,57,37,121,162,146,118,10,91,1,33,124,94,196,36,182,140,92,82,23,189,81,87,85,104,20,167,193,164,144,109,95,38,139,19,194,51,149,34,127,175,123,176,67,32,72,137,25,170,65,16,136,11,113,156,71,165,184,125,8,173,18,131,110,41,59,80,147,30,134,148,195,97,58,6,43,7,191,181,68,198,142,163,158,54,52,119,187,39,107,138,14,13,197,132,89,75,4,15,135,53,183,69,159,9,105,28,155,73,99,106,70,115,152,35,161,102,86,133,76,122,116,49,46,145,56,21,108,192,40,169,129,24,154,60,177,27,151,111,96,171,141,98,114,64,79,179,47,88,5,186,199,83,153,166,174,150,160,143,62,44,50,168,17,48,63];False
3100;6997;10097;[198,174,61,45,138,37,157,178,172,12,130,117,195,112,93,109,66,145,103,105,74,188,144,31,8,87,35,142,193,10,41,49,78,128,42,57,3,121,162,126,143,23,85,1,33,124,147,196,36,44,140,92,82,149,189,81,0,167,22,26,176,46,9,160,170,95,38,139,19,20,51,50,34,194,180,4,84,67,32,72,163,25,70,65,16,91,77,113,156,71,165,184,146,94,173,18,131,110,101,59,80,100,30,134,148,11,97,58,175,151,7,191,181,68,123,190,137,158,54,52,119,187,39,107,55,14,13,111,132,89,75,129,15,135,53,183,69,159,164,90,28,155,73,99,106,136,115,152,2,161,102,86,133,76,122,116,104,125,118,56,21,108,192,40,169,182,29,154,60,177,27,43,127,96,171,141,98,114,64,79,179,47,88,5,186,199,83,153,166,24,150,6,185,62,120,197,168,17,48,63];True
2147;7219;9366;[50,19,121,178,9,149,147,4,172,12,130,84,77,112,93,162,66,157,103,105,74,188,144,31,142,117,167,61,45,138,41,49,78,128,42,57,197,146,118,126,143,160,91,1,33,124,180,196,36,46,140,92,82,23,189,81,0,85,22,26,176,193,109,190,170,95,38,139,65,20,70,194,34,198,174,87,35,67,32,72,163,25,51,8,16,125,11,113,156,71,165,184,37,94,173,18,131,110,101,59,80,100,30,134,148,195,97,58,175,151,7,191,181,68,123,6,137,158,54,52,119,187,39,107,55,14,13,111,132,89,75,129,15,135,53,183,69,159,164,90,28,155,73,99,106,136,115,152,2,161,102,86,133,76,122,116,104,17,145,56,21,108,192,40,169,182,29,154,60,177,27,43,127,96,171,141,98,114,64,79,179,47,88,5,186,199,83,153,166,24,150,10,185,62,120,3,168,44,48,63];False
1686;7877;9563;[180,172,12,22,26,178,120,3,2,130,106,117,77,112,31,29,66,157,103,190,74,188,93,90,100,0,101,61,45,55,126,185,78,128,42,57,37,121,162,146,118,10,91,1,33,124,94,196,36,182,140,92,82,23,189,81,87,85,104,20,167,193,164,144,109,95,38,139,19,194,51,149,34,127,175,123,176,67,32,72,137,25,170,65,16,136,11,113,156,71,165,184,125,8,173,18,131,110,41,59,80,147,30,134,148,195,97,58,6,43,7,191,181,68,198,142,163,158,54,52,119,187,39,107,138,14,13,197,132,89,75,4,15,135,53,183,69,159,9,105,28,155,73,99,84,70,115,152,35,161,102,86,133,76,122,116,49,46,145,56,21,108,192,40,169,129,24,154,60,177,27,151,111,96,171,141,98,114,64,79,179,47,88,5,186,199,83,153,166,174,150,160,143,62,44,50,168,17,48,63];False
3306;6987;10293;[198,174,37,45,138,61,157,178,172,12,130,117,195,112,93,109,66,145,103,105,74,188,144,31,8,87,35,142,193,10,41,49,78,128,42,57,3,121,162,126,143,23,85,1,33,124,147,196,36,44,140,92,82,149,189,81,0,167,22,26,176,46,9,160,170,95,38,139,19,20,51,50,34,194,180,4,84,67,32,72,163,25,70,65,16,91,77,113,156,71,165,184,146,94,173,18,131,110,101,59,80,100,30,134,148,11,97,58,175,151,7,191,181,68,123,190,137,158,54,52,119,187,39,107,55,14,13,111,132,89,75,129,15,135,53,183,69,159,164,90,28,155,73,99,106,136,115,152,2,161,102,86,133,76,122,116,104,125,118,56,21,108,192,40,169,182,29,154,60,177,27,43,127,96,171,141,98,114,64,79,179,47,88,5,186,199,83,153,166,24,150,6,185,62,120,197,168,17,48,63];False
2134;7228;9362;[50,4,121,178,9,149,147,19,172,12,130,84,77,112,93,162,66,157,103,105,74,188,144,31,142,117,167,61,45,138,41,49,78,128,42,57,197,146,118,126,143,160,91,1,33,124,180,196,36,46,140,92,82,23,189,81,0,85,22,26,176,193,109,190,170,95,38,139,65,20,70,194,34,198,174,87,35,67,32,72,163,25,51,8,16,125,11,113,156,71,165,184,37,94,173,18,131,110,101,59,80,100,30,134,148,195,97,58,175,151,7,191,181,68,123,6,137,158,54,52,119,187,39,107,55,14,13,111,132,89,75,129,15,135,53,183,69,159,164,90,28,155,73,99,106,136,115,152,2,161,102,86,133,76,122,116,104,17,145,56,21,108,192,40,169,182,29,154,60,177,27,43,127,96,171,141,98,114,64,79,179,47,88,5,186,199,83,153,166,24,150,10,185,62,120,3,168,44,48,63];False
1654;7900;9554;[180,172,12,22,26,178,120,3,2,130,106,117,77,112,31,29,66,157,103,136,74,188,93,90,100,0,101,61,45,55,126,185,78,128,42,57,37,121,162,146,118,10,91,1,33,124,94,196,36,182,140,92,82,23,189,81,87,85,104,20,167,193,164,144,109,95,38,139,19,194,51,149,34,127,175,123,176,67,32,72,137,25,170,65,16,190,11,113,156,71,165,184,125,8,173,18,131,110,41,59,80,147,30,134,148,195,97,58,6,43,7,191,181,68,198,142,163,158,54,52,119,187,39,107,138,14,13,197,132,89,75,4,15,135,53,183,69,159,9,105,28,155,73,99,84,70,115,152,35,161,102,86,133,76,122,116,49,46,145,56,21,108,192,40,169,129,24,154,60,177,27,151,111,96,171,141,98,114,64,79,179,47,88,5,186,199,83,153,166,174,150,160,143,62,44,50,168,17,48,63];False
3388;6986;10374;[198,174,19,45,138,61,157,178,172,12,130,117,195,112,93,109,66,145,103,105,74,188,144,31,8,87,35,142,193,10,41,49,78,128,42,57,3,121,162,126,143,23,85,1,33,124,147,196,36,44,140,92,82,149,189,81,0,167,22,26,176,46,9,160,170,95,38,139,37,20,51,50,34,194,180,4,84,67,32,72,163,25,70,65,16,91,77,113,156,71,165,184,146,94,173,18,131,110,101,59,80,100,30,134,148,11,97,58,175,151,7,191,181,68,123,190,137,158,54,52,119,187,39,107,55,14,13,111,132,89,75,129,15,135,53,183,69,159,164,90,28,155,73,99,106,136,115,152,2,161,102,86,133,76,122,116,104,125,118,56,21,108,192,40,169,182,29,154,60,177,27,43,127,96,171,141,98,114,64,79,179,47,88,5,186,199,83,153,166,24,150,6,185,62,120,197,168,17,48,63];False
2175;7206;9381;[50,4,121,178,9,147,149,19,172,12,130,84,77,112,93,162,66,157,103,105,74,188,144,31,142,117,167,61,45,138,41,49,78,128,42,57,197,146,118,126,143,160,91,1,33,124,180,196,36,46,140,92,82,23,189,81,0,85,22,26,176,193,109,190,170,95,38,139,65,20,70,194,34,198,174,87,35,67,32,72,163,25,51,8,16,125,11,113,156,71,165,184,37,94,173,18,131,110,101,59,80,100,30,134,148,195,97,58,175,151,7,191,181,68,123,6,137,158,54,52,119,187,39,107,55,14,13,111,132,89,75,129,15,135,53,183,69,159,164,90,28,155,73,99,106,136,115,152,2,161,102,86,133,76,122,116,104,17,145,56,21,108,192,40,169,182,29,154,60,177,27,43,127,96,171,141,98,114,64,79,179,47,88,5,186,199,83,153,166,24,150,10,185,62,120,3,168,44,48,63];True
1680;7850;9530;[180,172,12,22,26,178,120,3,2,130,84,117,77,112,31,29,66,157,103,136,74,188,93,90,100,0,101,61,45,55,126,185,78,128,42,57,37,121,162,146,118,10,91,1,33,124,94,196,36,182,140,92,82,23,189,81,87,85,104,20,167,193,164,144,109,95,38,139,19,194,51,149,34,127,175,123,176,67,32,72,137,25,170,65,16,190,11,113,156,71,165,184,125,8,173,18,131,110,41,59,80,147,30,134,148,195,97,58,6,43,7,191,181,68,198,142,163,158,54,52,119,187,39,107,138,14,13,197,132,89,75,4,15,135,53,183,69,159,9,105,28,155,73,99,106,70,115,152,35,161,102,86,133,76,122,116,49,46,145,56,21,108,192,40,169,129,24,154,60,177,27,151,111,96,171,141,98,114,64,79,179,47,88,5,186,199,83,153,166,174,150,160,143,62,44,50,168,17,48,63];False
3433;6984;10417;[198,174,45,19,138,61,157,178,172,12,130,117,195,112,93,109,66,145,103,105,74,188,144,31,8,87,35,142,193,10,41,49,78,128,42,57,3,121,162,126,143,23,85,1,33,124,147,196,36,44,140,92,82,149,189,81,0,167,22,26,176,46,9,160,170,95,38,139,37,20,51,50,34,194,180,4,84,67,32,72,163,25,70,65,16,91,77,113,156,71,165,184,146,94,173,18,131,110,101,59,80,100,30,134,148,11,97,58,175,151,7,191,181,68,123,190,137,158,54,52,119,187,39,107,55,14,13,111,132,89,75,129,15,135,53,183,69,159,164,90,28,155,73,99,106,136,115,152,2,161,102,86,133,76,122,116,104,125,118,56,21,108,192,40,169,182,29,154,60,177,27,43,127,96,171,141,98,114,64,79,179,47,88,5,186,199,83,153,166,24,150,6,185,62,120,197,168,17,48,63];False
2147;7212;9359;[50,4,121,178,147,9,149,19,172,12,130,84,77,112,93,162,66,157,103,105,74,188,144,31,142,117,167,61,45,138,41,49,78,128,42,57,197,146,118,126,143,160,91,1,33,124,180,196,36,46,140,92,82,23,189,81,0,85,22,26,176,193,109,190,170,95,38,139,65,20,70,194,34,198,174,87,35,67,32,72,163,25,51,8,16,125,11,113,156,71,165,184,37,94,173,18,131,110,101,59,80,100,30,134,148,195,97,58,175,151,7,191,181,68,123,6,137,158,54,52,119,187,39,107,55,14,13,111,132,89,75,129,15,135,53,183,69,159,164,90,28,155,73,99,106,136,115,152,2,161,102,86,133,76,122,116,104,17,145,56,21,108,192,40,169,182,29,154,60,177,27,43,127,96,171,141,98,114,64,79,179,47,88,5,186,199,83,153,166,24,150,10,185,62,120,3,168,44,48,63];True
1686;7840;9526;[180,172,12,22,26,178,120,3,2,130,84,117,77,112,31,29,66,157,106,136,74,188,93,90,100,0,101,61,45,55,126,185,78,128,42,57,37,121,162,146,118,10,91,1,33,124,94,196,36,182,140,92,82,23,189,81,87,85,104,20,167,193,164,144,109,95,38,139,19,194,51,149,34,127,175,123,176,67,32,72,137,25,170,65,16,190,11,113,156,71,165,184,125,8,173,18,131,110,41,59,80,147,30,134,148,195,97,58,6,43,7,191,181,68,198,142,163,158,54,52,119,187,39,107,138,14,13,197,132,89,75,4,15,135,53,183,69,159,9,105,28,155,73,99,103,70,115,152,35,161,102,86,133,76,122,116,49,46,145,56,21,108,192,40,169,129,24,154,60,177,27,151,111,96,171,141,98,114,64,79,179,47,88,5,186,199,83,153,166,174,150,160,143,62,44,50,168,17,48,63];False
3297;6987;10284;[198,174,45,138,19,61,157,178,172,12,130,117,195,112,93,109,66,145,103,105,74,188,144,31,8,87,35,142,193,10,41,49,78,128,42,57,3,121,162,126,143,23,85,1,33,124,147,196,36,44,140,92,82,149,189,81,0,167,22,26,176,46,9,160,170,95,38,139,37,20,51,50,34,194,180,4,84,67,32,72,163,25,70,65,16,91,77,113,156,71,165,184,146,94,173,18,131,110,101,59,80,100,30,134,148,11,97,58,175,151,7,191,181,68,123,190,137,158,54,52,119,187,39,107,55,14,13,111,132,89,75,129,15,135,53,183,69,159,164,90,28,155,73,99,106,136,115,152,2,161,102,86,133,76,122,116,104,125,118,56,21,108,192,40,169,182,29,154,60,177,27,43,127,96,171,141,98,114,64,79,179,47,88,5,186,199,83,153,166,24,150,6,185,62,120,197,168,17,48,63];False
2200;7188;9388;[50,4,121,162,147,9,149,19,172,12,130,84,77,112,93,178,66,157,103,105,74,188,144,31,142,117,167,61,45,138,41,49,78,128,42,57,197,146,118,126,143,160,91,1,33,124,180,196,36,46,140,92,82,23,189,81,0,85,22,26,176,193,109,190,170,95,38,139,65,20,70,194,34,198,174,87,35,67,32,72,163,25,51,8,16,125,11,113,156,71,165,184,37,94,173,18,131,110,101,59,80,100,30,134,148,195,97,58,175,151,7,191,181,68,123,6,137,158,54,52,119,187,39,107,55,14,13,111,132,89,75,129,15,135,53,183,69,159,164,90,28,155,73,99,106,136,115,152,2,161,102,86,133,76,122,116,104,17,145,56,21,108,192,40,169,182,29,154,60,177,27,43,127,96,171,141,98,114,64,79,179,47,88,5,186,199,83,153,166,24,150,10,185,62,120,3,168,44,48,63];True
1702;7835;9537;[180,172,12,22,26,178,120,3,2,130,84,117,77,112,31,29,66,157,106,136,74,188,93,90,100,0,101,61,176,55,126,185,78,128,42,57,37,121,162,146,118,10,91,1,33,124,94,196,36,182,140,92,82,23,189,81,87,85,104,20,167,193,164,144,109,95,38,139,19,194,51,149,34,127,175,123,45,67,32,72,137,25,170,65,16,190,11,113,156,71,165,184,125,8,173,18,131,110,41,59,80,147,30,134,148,195,97,58,6,43,7,191,181,68,198,142,163,158,54,52,119,187,39,107,138,14,13,197,132,89,75,4,15,135,53,183,69,159,9,105,28,155,73,99,103,70,115,152,35,161,102,86,133,76,122,116,49,46,145,56,21,108,192,40,169,129,24,154,60,177,27,151,111,96,171,141,98,114,64,79,179,47,88,5,186,199,83,153,166,174,150,160,143,62,44,50,168,17,48,63];False
3291;6981;10272;[198,174,138,45,19,61,157,178,172,12,130,117,195,112,93,109,66,145,103,105,74,188,144,31,8,87,35,142,193,10,41,49,78,128,42,57,3,121,162,126,143,23,85,1,33,124,147,196,36,44,140,92,82,149,189,81,0,167,22,26,176,46,9,160,170,95,38,139,37,20,51,50,34,194,180,4,84,67,32,72,163,25,70,65,16,91,77,113,156,71,165,184,146,94,173,18,131,110,101,59,80,100,30,134,148,11,97,58,175,151,7,191,181,68,123,190,137,158,54,52,119,187,39,107,55,14,13,111,132,89,75,129,15,135,53,183,69,159,164,90,28,155,73,99,106,136,115,152,2,161,102,86,133,76,122,116,104,125,118,56,21,108,192,40,169,182,29,154,60,177,27,43,127,96,171,141,98,114,64,79,179,47,88,5,186,199,83,153,166,24,150,6,185,62,120,197,168,17,48,63];True
2248;7179;9427;[50,4,28,162,147,9,149,19,172,12,130,84,77,112,93,178,66,157,103,105,74,188,144,31,142,117,167,61,45,138,41,49,78,128,42,57,197,146,118,126,143,160,91,1,33,124,180,196,36,46,140,92,82,23,189,81,0,85,22,26,176,193,109,190,170,95,38,139,65,20,70,194,34,198,174,87,35,67,32,72,163,25,51,8,16,125,11,113,156,71,165,184,37,94,173,18,131,110,101,59,80,100,30,134,148,195,97,58,175,151,7,191,181,68,123,6,137,158,54,52,119,187,39,107,55,14,13,111,132,89,75,129,15,135,53,183,69,159,164,90,121,155,73,99,106,136,115,152,2,161,102,86,133,76,122,116,104,17,145,56,21,108,192,40,169,182,29,154,60,177,27,43,127,96,171,141,98,114,64,79,179,47,88,5,186,199,83,153,166,24,150,10,185,62,120,3,168,44,48,63];False
1704;7805;9509;[180,172,12,22,26,178,120,3,2,130,84,117,77,112,31,29,66,157,106,136,74,188,93,90,100,0,101,61,176,55,126,185,78,128,42,57,37,121,162,146,118,10,91,1,33,124,94,196,36,182,140,92,82,23,189,81,87,85,104,20,167,193,164,144,62,95,38,139,19,194,51,149,34,127,175,123,45,67,32,72,137,25,170,65,16,190,11,113,156,71,165,184,125,8,173,18,131,110,41,59,80,147,30,134,148,195,97,58,6,43,7,191,181,68,198,142,163,158,54,52,119,187,39,107,138,14,13,197,132,89,75,4,15,135,53,183,69,159,9,105,28,155,73,99,103,70,115,152,35,161,102,86,133,76,122,116,49,46,145,56,21,108,192,40,169,129,24,154,60,177,27,151,111,96,171,141,98,114,64,79,179,47,88,5,186,199,83,153,166,174,150,160,143,109,44,50,168,17,48,63];False
3488;6980;10468;[198,190,138,45,19,61,157,178,172,12,130,117,195,112,93,109,66,145,103,105,74,188,144,31,8,87,35,142,193,10,41,49,78,128,42,57,3,121,162,126,143,23,85,1,33,124,147,196,36,44,140,92,82,149,189,81,0,167,22,26,176,46,9,160,170,95,38,139,37,20,51,50,34,194,180,4,84,67,32,72,163,25,70,65,16,91,77,113,156,71,165,184,146,94,173,18,131,110,101,59,80,100,30,134,148,11,97,58,175,151,7,191,181,68,123,174,137,158,54,52,119,187,39,107,55,14,13,111,132,89,75,129,15,135,53,183,69,159,164,90,28,155,73,99,106,136,115,152,2,161,102,86,133,76,122,116,104,125,118,56,21,108,192,40,169,182,29,154,60,177,27,43,127,96,171,141,98,114,64,79,179,47,88,5,186,199,83,153,166,24,150,6,185,62,120,197,168,17,48,63];False
2294;7174;9468;[50,4,28,162,147,9,149,19,172,132,130,84,77,112,93,178,66,157,103,105,74,188,144,31,142,117,167,61,45,138,41,49,78,128,42,57,197,146,118,126,143,160,91,1,33,124,180,196,36,46,140,92,82,23,189,81,0,85,22,26,176,193,109,190,170,95,38,139,65,20,70,194,34,198,174,87,35,67,32,72,163,25,51,8,16,125,11,113,156,71,165,184,37,94,173,18,131,110,101,59,80,100,30,134,148,195,97,58,175,151,7,191,181,68,123,6,137,158,54,52,119,187,39,107,55,14,13,111,12,89,75,129,15,135,53,183,69,159,164,90,121,155,73,99,106,136,115,152,2,161,102,86,133,76,122,116,104,17,145,56,21,108,192,40,169,182,29,154,60,177,27,43,127,96,171,141,98,114,64,79,179,47,88,5,186,199,83,153,166,24,150,10,185,62,120,3,168,44,48,63];False
1698;7815;9513;[180,172,12,22,26,178,120,3,2,130,84,117,77,112,31,29,66,157,103,136,74,188,93,90,100,0,101,61,176,55,126,185,78,128,42,57,37,121,162,146,118,10,91,1,33,124,94,196,36,182,140,92,82,23,189,81,87,85,104,20,167,193,164,144,62,95,38,139,19,194,51,149,34,127,175,123,45,67,32,72,137,25,170,65,16,190,11,113,156,71,165,184,125,8,173,18,131,110,41,59,80,147,30,134,148,195,97,58,6,43,7,191,181,68,198,142,163,158,54,52,119,187,39,107,138,14,13,197,132,89,75,4,15,135,53,183,69,159,9,105,28,155,73,99,106,70,115,152,35,161,102,86,133,76,122,116,49,46,145,56,21,108,192,40,169,129,24,154,60,177,27,151,111,96,171,141,98,114,64,79,179,47,88,5,186,199,83,153,166,174,150,160,143,109,44,50,168,17,48,63];False
3592;6977;10569;[194,190,138,45,19,61,157,178,172,12,130,117,195,112,93,109,66,145,103,105,74,188,144,31,8,87,35,142,193,10,41,49,78,128,42,57,3,121,162,126,143,23,85,1,33,124,147,196,36,44,140,92,82,149,189,81,0,167,22,26,176,46,9,160,170,95,38,139,37,20,51,50,34,198,180,4,84,67,32,72,163,25,70,65,16,91,77,113,156,71,165,184,146,94,173,18,131,110,101,59,80,100,30,134,148,11,97,58,175,151,7,191,181,68,123,174,137,158,54,52,119,187,39,107,55,14,13,111,132,89,75,129,15,135,53,183,69,159,164,90,28,155,73,99,106,136,115,152,2,161,102,86,133,76,122,116,104,125,118,56,21,108,192,40,169,182,29,154,60,177,27,43,127,96,171,141,98,114,64,79,179,47,88,5,186,199,83,153,166,24,150,6,185,62,120,197,168,17,48,63];False
2246;7183;9429;[50,4,121,162,147,9,149,19,172,132,130,84,77,112,93,178,66,157,103,105,74,188,144,31,142,117,167,61,45,138,41,49,78,128,42,57,197,146,118,126,143,160,91,1,33,124,180,196,36,46,140,92,82,23,189,81,0,85,22,26,176,193,109,190,170,95,38,139,65,20,70,194,34,198,174,87,35,67,32,72,163,25,51,8,16,125,11,113,156,71,165,184,37,94,173,18,131,110,101,59,80,100,30,134,148,195,97,58,175,151,7,191,181,68,123,6,137,158,54,52,119,187,39,107,55,14,13,111,12,89,75,129,15,135,53,183,69,159,164,90,28,155,73,99,106,136,115,152,2,161,102,86,133,76,122,116,104,17,145,56,21,108,192,40,169,182,29,154,60,177,27,43,127,96,171,141,98,114,64,79,179,47,88,5,186,199,83,153,166,24,150,10,185,62,120,3,168,44,48,63];False
1672;7865;9537;[180,172,12,22,26,178,120,3,2,130,106,117,77,112,31,29,66,157,103,136,74,188,93,90,100,0,101,61,176,55,126,185,78,128,42,57,37,121,162,146,118,10,91,1,33,124,94,196,36,182,140,92,82,23,189,81,87,85,104,20,167,193,164,144,62,95,38,139,19,194,51,149,34,127,175,123,45,67,32,72,137,25,170,65,16,190,11,113,156,71,165,184,125,8,173,18,131,110,41,59,80,147,30,134,148,195,97,58,6,43,7,191,181,68,198,142,163,158,54,52,119,187,39,107,138,14,13,197,132,89,75,4,15,135,53,183,69,159,9,105,28,155,73,99,84,70,115,152,35,161,102,86,133,76,122,116,49,46,145,56,21,108,192,40,169,129,24,154,60,177,27,151,111,96,171,141,98,114,64,79,179,47,88,5,186,199,83,153,166,174,150,160,143,109,44,50,168,17,48,63];False
3543;6978;10521;[194,138,190,45,19,61,157,178,172,12,130,117,195,112,93,109,66,145,103,105,74,188,144,31,8,87,35,142,193,10,41,49,78,128,42,57,3,121,162,126,143,23,85,1,33,124,147,196,36,44,140,92,82,149,189,81,0,167,22,26,176,46,9,160,170,95,38,139,37,20,51,50,34,198,180,4,84,67,32,72,163,25,70,65,16,91,77,113,156,71,165,184,146,94,173,18,131,110,101,59,80,100,30,134,148,11,97,58,175,151,7,191,181,68,123,174,137,158,54,52,119,187,39,107,55,14,13,111,132,89,75,129,15,135,53,183,69,159,164,90,28,155,73,99,106,136,115,152,2,161,102,86,133,76,122,116,104,125,118,56,21,108,192,40,169,182,29,154,60,177,27,43,127,96,171,141,98,114,64,79,179,47,88,5,186,199,83,153,166,24,150,6,185,62,120,197,168,17,48,63];False
2210;7174;9384;[50,4,121,162,147,9,149,19,172,132,130,84,77,112,93,178,66,157,103,105,74,188,144,31,142,117,167,61,45,138,41,49,78,128,42,57,197,146,118,126,143,160,91,1,33,124,180,196,36,46,140,92,82,23,189,81,0,85,22,26,176,193,109,190,170,95,38,139,65,20,70,194,34,198,174,184,35,67,32,72,163,25,51,8,16,125,11,113,156,71,165,87,37,94,173,18,131,110,101,59,80,100,30,134,148,195,97,58,175,151,7,191,181,68,123,6,137,158,54,52,119,187,39,107,55,14,13,111,12,89,75,129,15,135,53,183,69,159,164,90,28,155,73,99,106,136,115,152,2,161,102,86,133,76,122,116,104,17,145,56,21,108,192,40,169,182,29,154,60,177,27,43,127,96,171,141,98,114,64,79,179,47,88,5,186,199,83,153,166,24,150,10,185,62,120,3,168,44,48,63];True
1660;7875;9535;[180,172,12,22,26,178,120,3,2,130,106,117,77,112,31,29,66,157,103,44,74,188,93,90,100,0,101,61,176,55,126,185,78,128,42,57,37,121,162,146,118,10,91,1,33,124,94,196,36,182,140,92,82,23,189,81,87,85,104,20,167,193,164,144,62,95,38,139,19,194,51,149,34,127,175,123,45,67,32,72,137,25,170,65,16,190,11,113,156,71,165,184,125,8,173,18,131,110,41,59,80,147,30,134,148,195,97,58,6,43,7,191,181,68,198,142,163,158,54,52,119,187,39,107,138,14,13,197,132,89,75,4,15,135,53,183,69,159,9,105,28,155,73,99,84,70,115,152,35,161,102,86,133,76,122,116,49,46,145,56,21,108,192,40,169,129,24,154,60,177,27,151,111,96,171,141,98,114,64,79,179,47,88,5,186,199,83,153,166,174,150,160,143,109,136,50,168,17,48,63];False
3596;6975;10571;[194,109,190,45,19,61,157,178,172,12,130,117,195,112,93,138,66,145,103,105,74,188,144,31,8,87,35,142,193,10,41,49,78,128,42,57,3,121,162,126,143,23,85,1,33,124,147,196,36,44,140,92,82,149,189,81,0,167,22,26,176,46,9,160,170,95,38,139,37,20,51,50,34,198,180,4,84,67,32,72,163,25,70,65,16,91,77,113,156,71,165,184,146,94,173,18,131,110,101,59,80,100,30,134,148,11,97,58,175,151,7,191,181,68,123,174,137,158,54,52,119,187,39,107,55,14,13,111,132,89,75,129,15,135,53,183,69,159,164,90,28,155,73,99,106,136,115,152,2,161,102,86,133,76,122,116,104,125,118,56,21,108,192,40,169,182,29,154,60,177,27,43,127,96,171,141,98,114,64,79,179,47,88,5,186,199,83,153,166,24,150,6,185,62,120,197,168,17,48,63];True
2287;7168;9455;[50,20,121,162,147,9,149,19,172,132,130,84,77,112,93,178,66,157,103,105,74,188,144,31,142,117,167,61,45,138,41,49,78,128,42,57,197,146,118,126,143,160,91,1,33,124,180,196,36,46,140,92,82,23,189,81,0,85,22,26,176,193,109,190,170,95,38,139,65,4,70,194,34,198,174,184,35,67,32,72,163,25,51,8,16,125,11,113,156,71,165,87,37,94,173,18,131,110,101,59,80,100,30,134,148,195,97,58,175,151,7,191,181,68,123,6,137,158,54,52,119,187,39,107,55,14,13,111,12,89,75,129,15,135,53,183,69,159,164,90,28,155,73,99,106,136,115,152,2,161,102,86,133,76,122,116,104,17,145,56,21,108,192,40,169,182,29,154,60,177,27,43,127,96,171,141,98,114,64,79,179,47,88,5,186,199,83,153,166,24,150,10,185,62,120,3,168,44,48,63];True
1686;7825;9511;[180,172,12,22,26,178,120,3,2,130,84,117,77,112,31,29,66,157,103,44,74,188,93,90,100,0,101,61,176,55,126,185,78,128,42,57,37,121,162,146,118,10,91,1,33,124,94,196,36,182,140,92,82,23,189,81,87,85,104,20,167,193,164,144,62,95,38,139,19,194,51,149,34,127,175,123,45,67,32,72,137,25,170,65,16,190,11,113,156,71,165,184,125,8,173,18,131,110,41,59,80,147,30,134,148,195,97,58,6,43,7,191,181,68,198,142,163,158,54,52,119,187,39,107,138,14,13,197,132,89,75,4,15,135,53,183,69,159,9,105,28,155,73,99,106,70,115,152,35,161,102,86,133,76,122,116,49,46,145,56,21,108,192,40,169,129,24,154,60,177,27,151,111,96,171,141,98,114,64,79,179,47,88,5,186,199,83,153,166,174,150,160,143,109,136,50,168,17,48,63];False
3466;6978;10444;[198,109,190,45,19,61,157,178,172,12,130,117,195,112,93,138,66,145,103,105,74,188,144,31,8,87,35,142,193,10,41,49,78,128,42,57,3,121,162,126,143,23,85,1,33,124,147,196,36,44,140,92,82,149,189,81,0,167,22,26,176,46,9,160,170,95,38,139,37,20,51,50,34,194,180,4,84,67,32,72,163,25,70,65,16,91,77,113,156,71,165,184,146,94,173,18,131,110,101,59,80,100,30,134,148,11,97,58,175,151,7,191,181,68,123,174,137,158,54,52,119,187,39,107,55,14,13,111,132,89,75,129,15,135,53,183,69,159,164,90,28,155,73,99,106,136,115,152,2,161,102,86,133,76,122,116,104,125,118,56,21,108,192,40,169,182,29,154,60,177,27,43,127,96,171,141,98,114,64,79,179,47,88,5,186,199,83,153,166,24,150,6,185,62,120,197,168,17,48,63];False
2187;7194;9381;[50,190,121,162,147,9,149,19,172,132,130,84,77,112,93,178,66,157,103,105,74,188,144,31,142,117,167,61,45,138,41,49,78,128,42,57,197,146,118,126,143,160,91,1,33,124,180,196,36,46,140,92,82,23,189,81,0,85,22,26,176,193,109,20,170,95,38,139,65,4,70,194,34,198,174,184,35,67,32,72,163,25,51,8,16,125,11,113,156,71,165,87,37,94,173,18,131,110,101,59,80,100,30,134,148,195,97,58,175,151,7,191,181,68,123,6,137,158,54,52,119,187,39,107,55,14,13,111,12,89,75,129,15,135,53,183,69,159,164,90,28,155,73,99,106,136,115,152,2,161,102,86,133,76,122,116,104,17,145,56,21,108,192,40,169,182,29,154,60,177,27,43,127,96,171,141,98,114,64,79,179,47,88,5,186,199,83,153,166,24,150,10,185,62,120,3,168,44,48,63];True
1670;7830;9500;[180,172,12,22,26,178,120,3,2,130,84,117,77,112,31,29,66,157,103,44,74,188,93,90,100,0,101,61,45,55,126,185,78,128,42,57,37,121,162,146,118,10,91,1,33,124,94,196,36,182,140,92,82,23,189,81,87,85,104,20,167,193,164,144,62,95,38,139,19,194,51,149,34,127,175,123,176,67,32,72,137,25,170,65,16,190,11,113,156,71,165,184,125,8,173,18,131,110,41,59,80,147,30,134,148,195,97,58,6,43,7,191,181,68,198,142,163,158,54,52,119,187,39,107,138,14,13,197,132,89,75,4,15,135,53,183,69,159,9,105,28,155,73,99,106,70,115,152,35,161,102,86,133,76,122,116,49,46,145,56,21,108,192,40,169,129,24,154,60,177,27,151,111,96,171,141,98,114,64,79,179,47,88,5,186,199,83,153,166,174,150,160,143,109,136,50,168,17,48,63];False
3454;6977;10431;[198,146,190,45,19,61,157,178,172,12,130,117,195,112,93,138,66,145,103,105,74,188,144,31,8,87,35,142,193,10,41,49,78,128,42,57,3,121,162,126,143,23,85,1,33,124,147,196,36,44,140,92,82,149,189,81,0,167,22,26,176,46,9,160,170,95,38,139,37,20,51,50,34,194,180,4,84,67,32,72,163,25,70,65,16,91,77,113,156,71,165,184,109,94,173,18,131,110,101,59,80,100,30,134,148,11,97,58,175,151,7,191,181,68,123,174,137,158,54,52,119,187,39,107,55,14,13,111,132,89,75,129,15,135,53,183,69,159,164,90,28,155,73,99,106,136,115,152,2,161,102,86,133,76,122,116,104,125,118,56,21,108,192,40,169,182,29,154,60,177,27,43,127,96,171,141,98,114,64,79,179,47,88,5,186,199,83,153,166,24,150,6,185,62,120,197,168,17,48,63];True
2134;7218;9352;[50,190,121,178,147,9,149,19,172,132,130,84,77,112,93,162,66,157,103,105,74,188,144,31,142,117,167,61,45,138,41,49,78,128,42,57,197,146,118,126,143,160,91,1,33,124,180,196,36,46,140,92,82,23,189,81,0,85,22,26,176,193,109,20,170,95,38,139,65,4,70,194,34,198,174,184,35,67,32,72,163,25,51,8,16,125,11,113,156,71,165,87,37,94,173,18,131,110,101,59,80,100,30,134,148,195,97,58,175,151,7,191,181,68,123,6,137,158,54,52,119,187,39,107,55,14,13,111,12,89,75,129,15,135,53,183,69,159,164,90,28,155,73,99,106,136,115,152,2,161,102,86,133,76,122,116,104,17,145,56,21,108,192,40,169,182,29,154,60,177,27,43,127,96,171,141,98,114,64,79,179,47,88,5,186,199,83,153,166,24,150,10,185,62,120,3,168,44,48,63];True
1644;7880;9524;[180,172,12,22,26,178,120,3,2,130,106,117,77,112,31,29,66,157,103,44,74,188,93,90,100,0,101,61,45,55,126,185,78,128,42,57,37,121,162,146,118,10,91,1,33,124,94,196,36,182,140,92,82,23,189,81,87,85,104,20,167,193,164,144,62,95,38,139,19,194,51,149,34,127,175,123,176,67,32,72,137,25,170,65,16,190,11,113,156,71,165,184,125,8,173,18,131,110,41,59,80,147,30,134,148,195,97,58,6,43,7,191,181,68,198,142,163,158,54,52,119,187,39,107,138,14,13,197,132,89,75,4,15,135,53,183,69,159,9,105,28,155,73,99,84,70,115,152,35,161,102,86,133,76,122,116,49,46,145,56,21,108,192,40,169,129,24,154,60,177,27,151,111,96,171,141,98,114,64,79,179,47,88,5,186,199,83,153,166,174,150,160,143,109,136,50,168,17,48,63];False
3532;6976;10508;[194,146,190,45,19,61,157,178,172,12,130,117,195,112,93,138,66,145,103,105,74,188,144,31,8,87,35,142,193,10,41,49,78,128,42,57,3,121,162,126,143,23,85,1,33,124,147,196,36,44,140,92,82,149,189,81,0,167,22,26,176,46,9,160,170,95,38,139,37,20,51,50,34,198,180,4,84,67,32,72,163,25,70,65,16,91,77,113,156,71,165,184,109,94,173,18,131,110,101,59,80,100,30,134,148,11,97,58,175,151,7,191,181,68,123,174,137,158,54,52,119,187,39,107,55,14,13,111,132,89,75,129,15,135,53,183,69,159,164,90,28,155,73,99,106,136,115,152,2,161,102,86,133,76,122,116,104,125,118,56,21,108,192,40,169,182,29,154,60,177,27,43,127,96,171,141,98,114,64,79,179,47,88,5,186,199,83,153,166,24,150,6,185,62,120,197,168,17,48,63];True
2111;7238;9349;[50,190,121,178,147,9,149,19,111,132,130,84,77,112,93,162,66,157,103,105,74,188,144,31,142,117,167,61,45,138,41,49,78,128,42,57,197,146,118,126,143,160,91,1,33,124,180,196,36,46,140,92,82,23,189,81,0,85,22,26,176,193,109,20,170,95,38,139,65,4,70,194,34,198,174,184,35,67,32,72,163,25,51,8,16,125,11,113,156,71,165,87,37,94,173,18,131,110,101,59,80,100,30,134,148,195,97,58,175,151,7,191,181,68,123,6,137,158,54,52,119,187,39,107,55,14,13,172,12,89,75,129,15,135,53,183,69,159,164,90,28,155,73,99,106,136,115,152,2,161,102,86,133,76,122,116,104,17,145,56,21,108,192,40,169,182,29,154,60,177,27,43,127,96,171,141,98,114,64,79,179,47,88,5,186,199,83,153,166,24,150,10,185,62,120,3,168,44,48,63];True
1642;7912;9554;[180,172,12,22,26,178,120,3,2,130,106,117,77,112,31,24,66,157,103,44,74,188,93,90,100,0,101,61,45,55,126,185,78,128,42,57,37,121,162,146,118,10,91,1,33,124,94,196,36,182,140,92,82,23,189,81,87,85,104,20,167,193,164,144,62,95,38,139,19,194,51,149,34,127,175,123,176,67,32,72,137,25,170,65,16,190,11,113,156,71,165,184,125,8,173,18,131,110,41,59,80,147,30,134,148,195,97,58,6,43,7,191,181,68,198,142,163,158,54,52,119,187,39,107,138,14,13,197,132,89,75,4,15,135,53,183,69,159,9,105,28,155,73,99,84,70,115,152,35,161,102,86,133,76,122,116,49,46,145,56,21,108,192,40,169,129,29,154,60,177,27,151,111,96,171,141,98,114,64,79,179,47,88,5,186,199,83,153,166,174,150,160,143,109,136,50,168,17,48,63];False
3747;6973;10720;[194,140,190,45,19,61,157,178,172,12,130,117,195,112,93,138,66,145,103,105,74,188,144,31,8,87,35,142,193,10,41,49,78,128,42,57,3,121,162,126,143,23,85,1,33,124,147,196,36,44,146,92,82,149,189,81,0,167,22,26,176,46,9,160,170,95,38,139,37,20,51,50,34,198,180,4,84,67,32,72,163,25,70,65,16,91,77,113,156,71,165,184,109,94,173,18,131,110,101,59,80,100,30,134,148,11,97,58,175,151,7,191,181,68,123,174,137,158,54,52,119,187,39,107,55,14,13,111,132,89,75,129,15,135,53,183,69,159,164,90,28,155,73,99,106,136,115,152,2,161,102,86,133,76,122,116,104,125,118,56,21,108,192,40,169,182,29,154,60,177,27,43,127,96,171,141,98,114,64,79,179,47,88,5,186,199,83,153,166,24,150,6,185,62,120,197,168,17,48,63];True
2105;7249;9354;[50,190,121,178,19,9,149,147,111,132,130,84,77,112,93,162,66,157,103,105,74,188,144,31,142,117,167,61,45,138,41,49,78,128,42,57,197,146,118,126,143,160,91,1,33,124,180,196,36,46,140,92,82,23,189,81,0,85,22,26,176,193,109,20,170,95,38,139,65,4,70,194,34,198,174,184,35,67,32,72,163,25,51,8,16,125,11,113,156,71,165,87,37,94,173,18,131,110,101,59,80,100,30,134,148,195,97,58,175,151,7,191,181,68,123,6,137,158,54,52,119,187,39,107,55,14,13,172,12,89,75,129,15,135,53,183,69,159,164,90,28,155,73,99,106,136,115,152,2,161,102,86,133,76,122,116,104,17,145,56,21,108,192,40,169,182,29,154,60,177,27,43,127,96,171,141,98,114,64,79,179,47,88,5,186,199,83,153,166,24,150,10,185,62,120,3,168,44,48,63];False
1668;7862;9530;[180,172,12,22,26,178,120,3,2,130,84,117,77,112,31,24,66,157,103,44,74,188,93,90,100,0,101,61,45,55,126,185,78,128,42,57,37,121,162,146,118,10,91,1,33,124,94,196,36,182,140,92,82,23,189,81,87,85,104,20,167,193,164,144,62,95,38,139,19,194,51,149,34,127,175,123,176,67,32,72,137,25,170,65,16,190,11,113,156,71,165,184,125,8,173,18,131,110,41,59,80,147,30,134,148,195,97,58,6,43,7,191,181,68,198,142,163,158,54,52,119,187,39,107,138,14,13,197,132,89,75,4,15,135,53,183,69,159,9,105,28,155,73,99,106,70,115,152,35,161,102,86,133,76,122,116,49,46,145,56,21,108,192,40,169,129,29,154,60,177,27,151,111,96,171,141,98,114,64,79,179,47,88,5,186,199,83,153,166,174,150,160,143,109,136,50,168,17,48,63];False
3650;6974;10624;[198,140,190,45,19,61,157,178,172,12,130,117,195,112,93,138,66,145,103,105,74,188,144,31,8,87,35,142,193,10,41,49,78,128,42,57,3,121,162,126,143,23,85,1,33,124,147,196,36,44,146,92,82,149,189,81,0,167,22,26,176,46,9,160,170,95,38,139,37,20,51,50,34,194,180,4,84,67,32,72,163,25,70,65,16,91,77,113,156,71,165,184,109,94,173,18,131,110,101,59,80,100,30,134,148,11,97,58,175,151,7,191,181,68,123,174,137,158,54,52,119,187,39,107,55,14,13,111,132,89,75,129,15,135,53,183,69,159,164,90,28,155,73,99,106,136,115,152,2,161,102,86,133,76,122,116,104,125,118,56,21,108,192,40,169,182,29,154,60,177,27,43,127,96,171,141,98,114,64,79,179,47,88,5,186,199,83,153,166,24,150,6,185,62,120,197,168,17,48,63];True
2096;7257;9353;[50,190,121,147,19,9,149,178,111,132,130,84,77,112,93,162,66,157,103,105,74,188,144,31,142,117,167,61,45,138,41,49,78,128,42,57,197,146,118,126,143,160,91,1,33,124,180,196,36,46,140,92,82,23,189,81,0,85,22,26,176,193,109,20,170,95,38,139,65,4,70,194,34,198,174,184,35,67,32,72,163,25,51,8,16,125,11,113,156,71,165,87,37,94,173,18,131,110,101,59,80,100,30,134,148,195,97,58,175,151,7,191,181,68,123,6,137,158,54,52,119,187,39,107,55,14,13,172,12,89,75,129,15,135,53,183,69,159,164,90,28,155,73,99,106,136,115,152,2,161,102,86,133,76,122,116,104,17,145,56,21,108,192,40,169,182,29,154,60,177,27,43,127,96,171,141,98,114,64,79,179,47,88,5,186,199,83,153,166,24,150,10,185,62,120,3,168,44,48,63];False
1665;7847;9512;[180,172,12,22,26,178,120,3,2,130,84,117,77,112,31,24,66,157,103,44,74,188,93,90,100,0,101,61,45,55,126,185,78,128,42,57,37,121,162,146,118,10,91,1,33,124,94,196,36,182,140,92,82,23,189,81,87,85,104,20,167,193,164,144,62,95,38,139,19,194,51,149,34,127,175,123,136,67,32,72,137,25,170,65,16,190,11,113,156,71,165,184,125,8,173,18,131,110,41,59,80,147,30,134,148,195,97,58,6,43,7,191,181,68,198,142,163,158,54,52,119,187,39,107,138,14,13,197,132,89,75,4,15,135,53,183,69,159,9,105,28,155,73,99,106,70,115,152,35,161,102,86,133,76,122,116,49,46,145,56,21,108,192,40,169,129,29,154,60,177,27,151,111,96,171,141,98,114,64,79,179,47,88,5,186,199,83,153,166,174,150,160,143,109,176,50,168,17,48,63];True
3810;6971;10781;[198,162,190,45,19,61,157,178,172,12,130,117,195,112,93,138,66,145,103,105,74,188,144,31,8,87,35,142,193,10,41,49,78,128,42,57,3,121,140,126,143,23,85,1,33,124,147,196,36,44,146,92,82,149,189,81,0,167,22,26,176,46,9,160,170,95,38,139,37,20,51,50,34,194,180,4,84,67,32,72,163,25,70,65,16,91,77,113,156,71,165,184,109,94,173,18,131,110,101,59,80,100,30,134,148,11,97,58,175,151,7,191,181,68,123,174,137,158,54,52,119,187,39,107,55,14,13,111,132,89,75,129,15,135,53,183,69,159,164,90,28,155,73,99,106,136,115,152,2,161,102,86,133,76,122,116,104,125,118,56,21,108,192,40,169,182,29,154,60,177,27,43,127,96,171,141,98,114,64,79,179,47,88,5,186,199,83,153,166,24,150,6,185,62,120,197,168,17,48,63];False
2083;7240;9323;[50,190,121,162,19,9,149,178,111,132,130,84,77,112,93,147,66,157,103,105,74,188,144,31,142,117,167,61,45,138,41,49,78,128,42,57,197,146,118,126,143,160,91,1,33,124,180,196,36,46,140,92,82,23,189,81,0,85,22,26,176,193,109,20,170,95,38,139,65,4,70,194,34,198,174,184,35,67,32,72,163,25,51,8,16,125,11,113,156,71,165,87,37,94,173,18,131,110,101,59,80,100,30,134,148,195,97,58,175,151,7,191,181,68,123,6,137,158,54,52,119,187,39,107,55,14,13,172,12,89,75,129,15,135,53,183,69,159,164,90,28,155,73,99,106,136,115,152,2,161,102,86,133,76,122,116,104,17,145,56,21,108,192,40,169,182,29,154,60,177,27,43,127,96,171,141,98,114,64,79,179,47,88,5,186,199,83,153,166,24,150,10,185,62,120,3,168,44,48,63];True
1639;7897;9536;[180,172,12,22,26,178,120,3,2,130,106,117,77,112,31,24,66,157,103,44,74,188,93,90,100,0,101,61,45,55,126,185,78,128,42,57,37,121,162,146,118,10,91,1,33,124,94,196,36,182,140,92,82,23,189,81,87,85,104,20,167,193,164,144,62,95,38,139,19,194,51,149,34,127,175,123,136,67,32,72,137,25,170,65,16,190,11,113,156,71,165,184,125,8,173,18,131,110,41,59,80,147,30,134,148,195,97,58,6,43,7,191,181,68,198,142,163,158,54,52,119,187,39,107,138,14,13,197,132,89,75,4,15,135,53,183,69,159,9,105,28,155,73,99,84,70,115,152,35,161,102,86,133,76,122,116,49,46,145,56,21,108,192,40,169,129,29,154,60,177,27,151,111,96,171,141,98,114,64,79,179,47,88,5,186,199,83,153,166,174,150,160,143,109,176,50,168,17,48,63];True
3902;6968;10870;[194,162,190,45,19,61,157,178,172,12,130,117,195,112,93,138,66,145,103,105,74,188,144,31,8,87,35,142,193,10,41,49,78,128,42,57,3,121,140,126,143,23,85,1,33,124,147,196,36,44,146,92,82,149,189,81,0,167,22,26,176,46,9,160,170,95,38,139,37,20,51,50,34,198,180,4,84,67,32,72,163,25,70,65,16,91,77,113,156,71,165,184,109,94,173,18,131,110,101,59,80,100,30,134,148,11,97,58,175,151,7,191,181,68,123,174,137,158,54,52,119,187,39,107,55,14,13,111,132,89,75,129,15,135,53,183,69,159,164,90,28,155,73,99,106,136,115,152,2,161,102,86,133,76,122,116,104,125,118,56,21,108,192,40,169,182,29,154,60,177,27,43,127,96,171,141,98,114,64,79,179,47,88,5,186,199,83,153,166,24,150,6,185,62,120,197,168,17,48,63];False
2118;7226;9344;[50,190,121,162,109,9,149,178,111,132,130,84,77,112,93,147,66,157,103,105,74,188,144,31,142,117,167,61,45,138,41,49,78,128,42,57,197,146,118,126,143,160,91,1,33,124,180,196,36,46,140,92,82,23,189,81,0,85,22,26,176,193,19,20,170,95,38,139,65,4,70,194,34,198,174,184,35,67,32,72,163,25,51,8,16,125,11,113,156,71,165,87,37,94,173,18,131,110,101,59,80,100,30,134,148,195,97,58,175,151,7,191,181,68,123,6,137,158,54,52,119,187,39,107,55,14,13,172,12,89,75,129,15,135,53,183,69,159,164,90,28,155,73,99,106,136,115,152,2,161,102,86,133,76,122,116,104,17,145,56,21,108,192,40,169,182,29,154,60,177,27,43,127,96,171,141,98,114,64,79,179,47,88,5,186,199,83,153,166,24,150,10,185,62,120,3,168,44,48,63];True
1641;7865;9506;[180,172,12,22,26,178,120,3,2,130,106,117,77,112,31,29,66,157,103,44,74,188,93,90,100,0,101,61,45,55,126,185,78,128,42,57,37,121,162,146,118,10,91,1,33,124,94,196,36,182,140,92,82,23,189,81,87,85,104,20,167,193,164,144,62,95,38,139,19,194,51,149,34,127,175,123,136,67,32,72,137,25,170,65,16,190,11,113,156,71,165,184,125,8,173,18,131,110,41,59,80,147,30,134,148,195,97,58,6,43,7,191,181,68,198,142,163,158,54,52,119,187,39,107,138,14,13,197,132,89,75,4,15,135,53,183,69,159,9,105,28,155,73,99,84,70,115,152,35,161,102,86,133,76,122,116,49,46,145,56,21,108,192,40,169,129,24,154,60,177,27,151,111,96,171,141,98,114,64,79,179,47,88,5,186,199,83,153,166,174,150,160,143,109,176,50,168,17,48,63];True
3937;6967;10904;[194,124,190,45,19,61,157,178,172,12,130,117,195,112,93,138,66,145,103,105,74,188,144,31,8,87,35,142,193,10,41,49,78,128,42,57,3,121,140,126,143,23,85,1,33,162,147,196,36,44,146,92,82,149,189,81,0,167,22,26,176,46,9,160,170,95,38,139,37,20,51,50,34,198,180,4,84,67,32,72,163,25,70,65,16,91,77,113,156,71,165,184,109,94,173,18,131,110,101,59,80,100,30,134,148,11,97,58,175,151,7,191,181,68,123,174,137,158,54,52,119,187,39,107,55,14,13,111,132,89,75,129,15,135,53,183,69,159,164,90,28,155,73,99,106,136,115,152,2,161,102,86,133,76,122,116,104,125,118,56,21,108,192,40,169,182,29,154,60,177,27,43,127,96,171,141,98,114,64,79,179,47,88,5,186,199,83,153,166,24,150,6,185,62,120,197,168,17,48,63];False
2116;7235;9351;[50,190,121,162,109,9,149,178,127,132,130,84,77,112,93,147,66,157,103,105,74,188,144,31,142,117,167,61,45,138,41,49,78,128,42,57,197,146,118,126,143,160,91,1,33,124,180,196,36,46,140,92,82,23,189,81,0,85,22,26,176,193,19,20,170,95,38,139,65,4,70,194,34,198,174,184,35,67,32,72,163,25,51,8,16,125,11,113,156,71,165,87,37,94,173,18,131,110,101,59,80,100,30,134,148,195,97,58,175,151,7,191,181,68,123,6,137,158,54,52,119,187,39,107,55,14,13,172,12,89,75,129,15,135,53,183,69,159,164,90,28,155,73,99,106,136,115,152,2,161,102,86,133,76,122,116,104,17,145,56,21,108,192,40,169,182,29,154,60,177,27,43,111,96,171,141,98,114,64,79,179,47,88,5,186,199,83,153,166,24,150,10,185,62,120,3,168,44,48,63];True
1667;7815;9482;[180,172,12,22,26,178,120,3,2,130,84,117,77,112,31,29,66,157,103,44,74,188,93,90,100,0,101,61,45,55,126,185,78,128,42,57,37,121,162,146,118,10,91,1,33,124,94,196,36,182,140,92,82,23,189,81,87,85,104,20,167,193,164,144,62,95,38,139,19,194,51,149,34,127,175,123,136,67,32,72,137,25,170,65,16,190,11,113,156,71,165,184,125,8,173,18,131,110,41,59,80,147,30,134,148,195,97,58,6,43,7,191,181,68,198,142,163,158,54,52,119,187,39,107,138,14,13,197,132,89,75,4,15,135,53,183,69,159,9,105,28,155,73,99,106,70,115,152,35,161,102,86,133,76,122,116,49,46,145,56,21,108,192,40,169,129,24,154,60,177,27,151,111,96,171,141,98,114,64,79,179,47,88,5,186,199,83,153,166,174,150,160,143,109,176,50,168,17,48,63];True
3776;6970;10746;[198,124,190,45,19,61,157,178,172,12,130,117,195,112,93,138,66,145,103,105,74,188,144,31,8,87,35,142,193,10,41,49,78,128,42,57,3,121,140,126,143,23,85,1,33,162,147,196,36,44,146,92,82,149,189,81,0,167,22,26,176,46,9,160,170,95,38,139,37,20,51,50,34,194,180,4,84,67,32,72,163,25,70,65,16,91,77,113,156,71,165,184,109,94,173,18,131,110,101,59,80,100,30,134,148,11,97,58,175,151,7,191,181,68,123,174,137,158,54,52,119,187,39,107,55,14,13,111,132,89,75,129,15,135,53,183,69,159,164,90,28,155,73,99,106,136,115,152,2,161,102,86,133,76,122,116,104,125,118,56,21,108,192,40,169,182,29,154,60,177,27,43,127,96,171,141,98,114,64,79,179,47,88,5,186,199,83,153,166,24,150,6,185,62,120,197,168,17,48,63];False
2081;7249;9330;[50,190,121,162,19,9,149,178,127,132,130,84,77,112,93,147,66,157,103,105,74,188,144,31,142,117,167,61,45,138,41,49,78,128,42,57,197,146,118,126,143,160,91,1,33,124,180,196,36,46,140,92,82,23,189,81,0,85,22,26,176,193,109,20,170,95,38,139,65,4,70,194,34,198,174,184,35,67,32,72,163,25,51,8,16,125,11,113,156,71,165,87,37,94,173,18,131,110,101,59,80,100,30,134,148,195,97,58,175,151,7,191,181,68,123,6,137,158,54,52,119,187,39,107,55,14,13,172,12,89,75,129,15,135,53,183,69,159,164,90,28,155,73,99,106,136,115,152,2,161,102,86,133,76,122,116,104,17,145,56,21,108,192,40,169,182,29,154,60,177,27,43,111,96,171,141,98,114,64,79,179,47,88,5,186,199,83,153,166,24,150,10,185,62,120,3,168,44,48,63];True
1715;7799;9514;[180,172,41,22,26,178,120,3,2,130,84,117,77,112,31,29,66,157,103,44,74,188,93,90,100,0,101,61,45,55,126,185,78,128,42,57,37,121,162,146,118,10,91,1,33,124,94,196,36,182,140,92,82,23,189,81,87,85,104,20,167,193,164,144,62,95,38,139,19,194,51,149,34,127,175,123,136,67,32,72,137,25,170,65,16,190,11,113,156,71,165,184,125,8,173,18,131,110,12,59,80,147,30,134,148,195,97,58,6,43,7,191,181,68,198,142,163,158,54,52,119,187,39,107,138,14,13,197,132,89,75,4,15,135,53,183,69,159,9,105,28,155,73,99,106,70,115,152,35,161,102,86,133,76,122,116,49,46,145,56,21,108,192,40,169,129,24,154,60,177,27,151,111,96,171,141,98,114,64,79,179,47,88,5,186,199,83,153,166,174,150,160,143,109,176,50,168,17,48,63];False
3857;6969;10826;[198,20,190,45,19,61,157,178,172,12,130,117,195,112,93,138,66,145,103,105,74,188,144,31,8,87,35,142,193,10,41,49,78,128,42,57,3,121,140,126,143,23,85,1,33,162,147,196,36,44,146,92,82,149,189,81,0,167,22,26,176,46,9,160,170,95,38,139,37,124,51,50,34,194,180,4,84,67,32,72,163,25,70,65,16,91,77,113,156,71,165,184,109,94,173,18,131,110,101,59,80,100,30,134,148,11,97,58,175,151,7,191,181,68,123,174,137,158,54,52,119,187,39,107,55,14,13,111,132,89,75,129,15,135,53,183,69,159,164,90,28,155,73,99,106,136,115,152,2,161,102,86,133,76,122,116,104,125,118,56,21,108,192,40,169,182,29,154,60,177,27,43,127,96,171,141,98,114,64,79,179,47,88,5,186,199,83,153,166,24,150,6,185,62,120,197,168,17,48,63];False
2080;7281;9361;[50,190,121,162,19,65,149,178,127,132,130,84,77,112,93,147,66,157,103,105,74,188,144,31,142,117,167,61,45,138,41,49,78,128,42,57,197,146,118,126,143,160,91,1,33,124,180,196,36,46,140,92,82,23,189,81,0,85,22,26,176,193,109,20,170,95,38,139,9,4,70,194,34,198,174,184,35,67,32,72,163,25,51,8,16,125,11,113,156,71,165,87,37,94,173,18,131,110,101,59,80,100,30,134,148,195,97,58,175,151,7,191,181,68,123,6,137,158,54,52,119,187,39,107,55,14,13,172,12,89,75,129,15,135,53,183,69,159,164,90,28,155,73,99,106,136,115,152,2,161,102,86,133,76,122,116,104,17,145,56,21,108,192,40,169,182,29,154,60,177,27,43,111,96,171,141,98,114,64,79,179,47,88,5,186,199,83,153,166,24,150,10,185,62,120,3,168,44,48,63];False
1718;7790;9508;[180,172,41,22,26,178,120,3,2,130,84,117,77,112,31,29,66,157,103,44,74,188,93,90,100,0,101,61,45,138,126,185,78,128,42,57,37,121,162,146,118,10,91,1,33,124,94,196,36,182,140,92,82,23,189,81,87,85,104,20,167,193,164,144,62,95,38,139,19,194,51,149,34,127,175,123,136,67,32,72,137,25,170,65,16,190,11,113,156,71,165,184,125,8,173,18,131,110,12,59,80,147,30,134,148,195,97,58,6,43,7,191,181,68,198,142,163,158,54,52,119,187,39,107,55,14,13,197,132,89,75,4,15,135,53,183,69,159,9,105,28,155,73,99,106,70,115,152,35,161,102,86,133,76,122,116,49,46,145,56,21,108,192,40,169,129,24,154,60,177,27,151,111,96,171,141,98,114,64,79,179,47,88,5,186,199,83,153,166,174,150,160,143,109,176,50,168,17,48,63];False
3827;6967;10794;[74,20,190,45,19,61,157,178,172,12,130,117,195,112,93,138,66,145,103,105,198,188,144,31,8,87,35,142,193,10,41,49,78,128,42,57,3,121,140,126,143,23,85,1,33,162,147,196,36,44,146,92,82,149,189,81,0,167,22,26,176,46,9,160,170,95,38,139,37,124,51,50,34,194,180,4,84,67,32,72,163,25,70,65,16,91,77,113,156,71,165,184,109,94,173,18,131,110,101,59,80,100,30,134,148,11,97,58,175,151,7,191,181,68,123,174,137,158,54,52,119,187,39,107,55,14,13,111,132,89,75,129,15,135,53,183,69,159,164,90,28,155,73,99,106,136,115,152,2,161,102,86,133,76,122,116,104,125,118,56,21,108,192,40,169,182,29,154,60,177,27,43,127,96,171,141,98,114,64,79,179,47,88,5,186,199,83,153,166,24,150,6,185,62,120,197,168,17,48,63];False
2051;7274;9325;[50,190,121,162,19,87,149,178,127,132,130,84,77,112,93,147,66,157,103,105,74,188,144,31,142,117,167,61,45,138,41,49,78,128,42,57,197,146,118,126,143,160,91,1,33,124,180,196,36,46,140,92,82,23,189,81,0,85,22,26,176,193,109,20,170,95,38,139,9,4,70,194,34,198,174,184,35,67,32,72,163,25,51,8,16,125,11,113,156,71,165,65,37,94,173,18,131,110,101,59,80,100,30,134,148,195,97,58,175,151,7,191,181,68,123,6,137,158,54,52,119,187,39,107,55,14,13,172,12,89,75,129,15,135,53,183,69,159,164,90,28,155,73,99,106,136,115,152,2,161,102,86,133,76,122,116,104,17,145,56,21,108,192,40,169,182,29,154,60,177,27,43,111,96,171,141,98,114,64,79,179,47,88,5,186,199,83,153,166,24,150,10,185,62,120,3,168,44,48,63];False
1670;7806;9476;[180,172,12,22,26,178,120,3,2,130,84,117,77,112,31,29,66,157,103,44,74,188,93,90,100,0,101,61,45,138,126,185,78,128,42,57,37,121,162,146,118,10,91,1,33,124,94,196,36,182,140,92,82,23,189,81,87,85,104,20,167,193,164,144,62,95,38,139,19,194,51,149,34,127,175,123,136,67,32,72,137,25,170,65,16,190,11,113,156,71,165,184,125,8,173,18,131,110,41,59,80,147,30,134,148,195,97,58,6,43,7,191,181,68,198,142,163,158,54,52,119,187,39,107,55,14,13,197,132,89,75,4,15,135,53,183,69,159,9,105,28,155,73,99,106,70,115,152,35,161,102,86,133,76,122,116,49,46,145,56,21,108,192,40,169,129,24,154,60,177,27,151,111,96,171,141,98,114,64,79,179,47,88,5,186,199,83,153,166,174,150,160,143,109,176,50,168,17,48,63];True
3903;6955;10858;[34,20,190,45,19,61,157,178,172,12,130,117,195,112,93,138,66,145,103,105,198,188,144,31,8,87,35,142,193,10,41,49,78,128,42,57,3,121,140,126,143,23,85,1,33,162,147,196,36,44,146,92,82,149,189,81,0,167,22,26,176,46,9,160,170,95,38,139,37,124,51,50,74,194,180,4,84,67,32,72,163,25,70,65,16,91,77,113,156,71,165,184,109,94,173,18,131,110,101,59,80,100,30,134,148,11,97,58,175,151,7,191,181,68,123,174,137,158,54,52,119,187,39,107,55,14,13,111,132,89,75,129,15,135,53,183,69,159,164,90,28,155,73,99,106,136,115,152,2,161,102,86,133,76,122,116,104,125,118,56,21,108,192,40,169,182,29,154,60,177,27,43,127,96,171,141,98,114,64,79,179,47,88,5,186,199,83,153,166,24,150,6,185,62,120,197,168,17,48,63];False
2049;7274;9323;[50,190,149,162,19,87,121,178,127,132,130,84,77,112,93,147,66,157,103,105,74,188,144,31,142,117,167,61,45,138,41,49,78,128,42,57,197,146,118,126,143,160,91,1,33,124,180,196,36,46,140,92,82,23,189,81,0,85,22,26,176,193,109,20,170,95,38,139,9,4,70,194,34,198,174,184,35,67,32,72,163,25,51,8,16,125,11,113,156,71,165,65,37,94,173,18,131,110,101,59,80,100,30,134,148,195,97,58,175,151,7,191,181,68,123,6,137,158,54,52,119,187,39,107,55,14,13,172,12,89,75,129,15,135,53,183,69,159,164,90,28,155,73,99,106,136,115,152,2,161,102,86,133,76,122,116,104,17,145,56,21,108,192,40,169,182,29,154,60,177,27,43,111,96,171,141,98,114,64,79,179,47,88,5,186,199,83,153,166,24,150,10,185,62,120,3,168,44,48,63];True
1702;7805;9507;[180,172,12,22,26,139,120,3,2,130,84,117,77,112,31,29,66,157,103,44,74,188,93,90,100,0,101,61,45,138,126,185,78,128,42,57,37,121,162,146,118,10,91,1,33,124,94,196,36,182,140,92,82,23,189,81,87,85,104,20,167,193,164,144,62,95,38,178,19,194,51,149,34,127,175,123,136,67,32,72,137,25,170,65,16,190,11,113,156,71,165,184,125,8,173,18,131,110,41,59,80,147,30,134,148,195,97,58,6,43,7,191,181,68,198,142,163,158,54,52,119,187,39,107,55,14,13,197,132,89,75,4,15,135,53,183,69,159,9,105,28,155,73,99,106,70,115,152,35,161,102,86,133,76,122,116,49,46,145,56,21,108,192,40,169,129,24,154,60,177,27,151,111,96,171,141,98,114,64,79,179,47,88,5,186,199,83,153,166,174,150,160,143,109,176,50,168,17,48,63];False
3885;6962;10847;[34,45,190,20,19,61,157,178,172,12,130,117,195,112,93,138,66,145,103,105,198,188,144,31,8,87,35,142,193,10,41,49,78,128,42,57,3,121,140,126,143,23,85,1,33,162,147,196,36,44,146,92,82,149,189,81,0,167,22,26,176,46,9,160,170,95,38,139,37,124,51,50,74,194,180,4,84,67,32,72,163,25,70,65,16,91,77,113,156,71,165,184,109,94,173,18,131,110,101,59,80,100,30,134,148,11,97,58,175,151,7,191,181,68,123,174,137,158,54,52,119,187,39,107,55,14,13,111,132,89,75,129,15,135,53,183,69,159,164,90,28,155,73,99,106,136,115,152,2,161,102,86,133,76,122,116,104,125,118,56,21,108,192,40,169,182,29,154,60,177,27,43,127,96,171,141,98,114,64,79,179,47,88,5,186,199,83,153,166,24,150,6,185,62,120,197,168,17,48,63];False
2066;7273;9339;[50,118,149,162,19,87,121,178,127,132,130,84,77,112,93,147,66,157,103,105,74,188,144,31,142,117,167,61,45,138,41,49,78,128,42,57,197,146,190,126,143,160,91,1,33,124,180,196,36,46,140,92,82,23,189,81,0,85,22,26,176,193,109,20,170,95,38,139,9,4,70,194,34,198,174,184,35,67,32,72,163,25,51,8,16,125,11,113,156,71,165,65,37,94,173,18,131,110,101,59,80,100,30,134,148,195,97,58,175,151,7,191,181,68,123,6,137,158,54,52,119,187,39,107,55,14,13,172,12,89,75,129,15,135,53,183,69,159,164,90,28,155,73,99,106,136,115,152,2,161,102,86,133,76,122,116,104,17,145,56,21,108,192,40,169,182,29,154,60,177,27,43,111,96,171,141,98,114,64,79,179,47,88,5,186,199,83,153,166,24,150,10,185,62,120,3,168,44,48,63];True
1718;7786;9504;[180,172,12,22,26,139,120,3,2,130,84,117,77,112,31,29,66,157,103,44,74,188,93,90,100,0,101,61,45,138,126,185,78,128,42,57,37,121,162,146,118,10,91,1,33,124,94,196,36,182,140,92,82,23,189,81,87,85,104,20,167,193,164,67,62,95,38,178,19,194,51,149,34,127,175,123,136,144,32,72,137,25,170,65,16,190,11,113,156,71,165,184,125,8,173,18,131,110,41,59,80,147,30,134,148,195,97,58,6,43,7,191,181,68,198,142,163,158,54,52,119,187,39,107,55,14,13,197,132,89,75,4,15,135,53,183,69,159,9,105,28,155,73,99,106,70,115,152,35,161,102,86,133,76,122,116,49,46,145,56,21,108,192,40,169,129,24,154,60,177,27,151,111,96,171,141,98,114,64,79,179,47,88,5,186,199,83,153,166,174,150,160,143,109,176,50,168,17,48,63];True
3858;6963;10821;[34,190,45,20,19,61,157,178,172,12,130,117,195,112,93,138,66,145,103,105,198,188,144,31,8,87,35,142,193,10,41,49,78,128,42,57,3,121,140,126,143,23,85,1,33,162,147,196,36,44,146,92,82,149,189,81,0,167,22,26,176,46,9,160,170,95,38,139,37,124,51,50,74,194,180,4,84,67,32,72,163,25,70,65,16,91,77,113,156,71,165,184,109,94,173,18,131,110,101,59,80,100,30,134,148,11,97,58,175,151,7,191,181,68,123,174,137,158,54,52,119,187,39,107,55,14,13,111,132,89,75,129,15,135,53,183,69,159,164,90,28,155,73,99,106,136,115,152,2,161,102,86,133,76,122,116,104,125,118,56,21,108,192,40,169,182,29,154,60,177,27,43,127,96,171,141,98,114,64,79,179,47,88,5,186,199,83,153,166,24,150,6,185,62,120,197,168,17,48,63];False
2048;7286;9334;[146,118,149,162,19,87,121,178,127,132,130,84,77,112,93,147,66,157,103,105,74,188,144,31,142,117,167,61,45,138,41,49,78,128,42,57,197,50,190,126,143,160,91,1,33,124,180,196,36,46,140,92,82,23,189,81,0,85,22,26,176,193,109,20,170,95,38,139,9,4,70,194,34,198,174,184,35,67,32,72,163,25,51,8,16,125,11,113,156,71,165,65,37,94,173,18,131,110,101,59,80,100,30,134,148,195,97,58,175,151,7,191,181,68,123,6,137,158,54,52,119,187,39,107,55,14,13,172,12,89,75,129,15,135,53,183,69,159,164,90,28,155,73,99,106,136,115,152,2,161,102,86,133,76,122,116,104,17,145,56,21,108,192,40,169,182,29,154,60,177,27,43,111,96,171,141,98,114,64,79,179,47,88,5,186,199,83,153,166,24,150,10,185,62,120,3,168,44,48,63];True
1686;7787;9473;[180,172,12,22,26,178,120,3,2,130,84,117,77,112,31,29,66,157,103,44,74,188,93,90,100,0,101,61,45,138,126,185,78,128,42,57,37,121,162,146,118,10,91,1,33,124,94,196,36,182,140,92,82,23,189,81,87,85,104,20,167,193,164,67,62,95,38,139,19,194,51,149,34,127,175,123,136,144,32,72,137,25,170,65,16,190,11,113,156,71,165,184,125,8,173,18,131,110,41,59,80,147,30,134,148,195,97,58,6,43,7,191,181,68,198,142,163,158,54,52,119,187,39,107,55,14,13,197,132,89,75,4,15,135,53,183,69,159,9,105,28,155,73,99,106,70,115,152,35,161,102,86,133,76,122,116,49,46,145,56,21,108,192,40,169,129,24,154,60,177,27,151,111,96,171,141,98,114,64,79,179,47,88,5,186,199,83,153,166,174,150,160,143,109,176,50,168,17,48,63];True
3824;6960;10784;[34,190,157,20,19,61,45,178,172,12,130,117,195,112,93,138,66,145,103,105,198,188,144,31,8,87,35,142,193,10,41,49,78,128,42,57,3,121,140,126,143,23,85,1,33,162,147,196,36,44,146,92,82,149,189,81,0,167,22,26,176,46,9,160,170,95,38,139,37,124,51,50,74,194,180,4,84,67,32,72,163,25,70,65,16,91,77,113,156,71,165,184,109,94,173,18,131,110,101,59,80,100,30,134,148,11,97,58,175,151,7,191,181,68,123,174,137,158,54,52,119,187,39,107,55,14,13,111,132,89,75,129,15,135,53,183,69,159,164,90,28,155,73,99,106,136,115,152,2,161,102,86,133,76,122,116,104,125,118,56,21,108,192,40,169,182,29,154,60,177,27,43,127,96,171,141,98,114,64,79,179,47,88,5,186,199,83,153,166,24,150,6,185,62,120,197,168,17,48,63];False
2021;7321;9342;[9,118,149,162,19,87,121,178,127,132,130,84,77,112,93,147,66,157,103,105,74,188,144,31,142,117,167,61,45,138,41,49,78,128,42,57,197,50,190,126,143,160,91,1,33,124,180,196,36,46,140,92,82,23,189,81,0,85,22,26,176,193,109,20,170,95,38,139,146,4,70,194,34,198,174,184,35,67,32,72,163,25,51,8,16,125,11,113,156,71,165,65,37,94,173,18,131,110,101,59,80,100,30,134,148,195,97,58,175,151,7,191,181,68,123,6,137,158,54,52,119,187,39,107,55,14,13,172,12,89,75,129,15,135,53,183,69,159,164,90,28,155,73,99,106,136,115,152,2,161,102,86,133,76,122,116,104,17,145,56,21,108,192,40,169,182,29,154,60,177,27,43,111,96,171,141,98,114,64,79,179,47,88,5,186,199,83,153,166,24,150,10,185,62,120,3,168,44,48,63];True
1727;7770;9497;[180,172,12,22,26,176,120,3,2,130,84,117,77,112,31,29,66,157,103,44,74,188,93,90,100,0,101,61,45,138,126,185,78,128,42,57,37,121,162,146,118,10,91,1,33,124,94,196,36,182,140,92,82,23,189,81,87,85,104,20,167,193,164,67,62,95,38,139,19,194,51,149,34,127,175,123,136,144,32,72,137,25,170,65,16,190,11,113,156,71,165,184,125,8,173,18,131,110,41,59,80,147,30,134,148,195,97,58,6,43,7,191,181,68,198,142,163,158,54,52,119,187,39,107,55,14,13,197,132,89,75,4,15,135,53,183,69,159,9,105,28,155,73,99,106,70,115,152,35,161,102,86,133,76,122,116,49,46,145,56,21,108,192,40,169,129,24,154,60,177,27,151,111,96,171,141,98,114,64,79,179,47,88,5,186,199,83,153,166,174,150,160,143,109,178,50,168,17,48,63];True
3863;6958;10821;[34,178,157,20,19,61,45,190,172,12,130,117,195,112,93,138,66,145,103,105,198,188,144,31,8,87,35,142,193,10,41,49,78,128,42,57,3,121,140,126,143,23,85,1,33,162,147,196,36,44,146,92,82,149,189,81,0,167,22,26,176,46,9,160,170,95,38,139,37,124,51,50,74,194,180,4,84,67,32,72,163,25,70,65,16,91,77,113,156,71,165,184,109,94,173,18,131,110,101,59,80,100,30,134,148,11,97,58,175,151,7,191,181,68,123,174,137,158,54,52,119,187,39,107,55,14,13,111,132,89,75,129,15,135,53,183,69,159,164,90,28,155,73,99,106,136,115,152,2,161,102,86,133,76,122,116,104,125,118,56,21,108,192,40,169,182,29,154,60,177,27,43,127,96,171,141,98,114,64,79,179,47,88,5,186,199,83,153,166,24,150,6,185,62,120,197,168,17,48,63];False
2079;7267;9346;[50,118,149,162,19,87,121,178,127,132,130,84,77,112,93,147,66,157,103,105,74,188,144,31,142,117,167,61,45,138,41,49,78,128,42,57,197,9,190,126,143,160,91,1,33,124,180,196,36,46,140,92,82,23,189,81,0,85,22,26,176,193,109,20,170,95,38,139,146,4,70,194,34,198,174,184,35,67,32,72,163,25,51,8,16,125,11,113,156,71,165,65,37,94,173,18,131,110,101,59,80,100,30,134,148,195,97,58,175,151,7,191,181,68,123,6,137,158,54,52,119,187,39,107,55,14,13,172,12,89,75,129,15,135,53,183,69,159,164,90,28,155,73,99,106,136,115,152,2,161,102,86,133,76,122,116,104,17,145,56,21,108,192,40,169,182,29,154,60,177,27,43,111,96,171,141,98,114,64,79,179,47,88,5,186,199,83,153,166,24,150,10,185,62,120,3,168,44,48,63];False
1747;7754;9501;[180,172,12,22,26,176,120,3,2,130,84,117,77,112,31,29,66,157,103,178,74,188,93,90,100,0,101,61,45,138,126,185,78,128,42,57,37,121,162,146,118,10,91,1,33,124,94,196,36,182,140,92,82,23,189,81,87,85,104,20,167,193,164,67,62,95,38,139,19,194,51,149,34,127,175,123,136,144,32,72,137,25,170,65,16,190,11,113,156,71,165,184,125,8,173,18,131,110,41,59,80,147,30,134,148,195,97,58,6,43,7,191,181,68,198,142,163,158,54,52,119,187,39,107,55,14,13,197,132,89,75,4,15,135,53,183,69,159,9,105,28,155,73,99,106,70,115,152,35,161,102,86,133,76,122,116,49,46,145,56,21,108,192,40,169,129,24,154,60,177,27,151,111,96,171,141,98,114,64,79,179,47,88,5,186,199,83,153,166,174,150,160,143,109,44,50,168,17,48,63];False
3865;6954;10819;[34,138,157,20,19,61,45,190,172,12,130,117,195,112,93,178,66,145,103,105,198,188,144,31,8,87,35,142,193,10,41,49,78,128,42,57,3,121,140,126,143,23,85,1,33,162,147,196,36,44,146,92,82,149,189,81,0,167,22,26,176,46,9,160,170,95,38,139,37,124,51,50,74,194,180,4,84,67,32,72,163,25,70,65,16,91,77,113,156,71,165,184,109,94,173,18,131,110,101,59,80,100,30,134,148,11,97,58,175,151,7,191,181,68,123,174,137,158,54,52,119,187,39,107,55,14,13,111,132,89,75,129,15,135,53,183,69,159,164,90,28,155,73,99,106,136,115,152,2,161,102,86,133,76,122,116,104,125,118,56,21,108,192,40,169,182,29,154,60,177,27,43,127,96,171,141,98,114,64,79,179,47,88,5,186,199,83,153,166,24,150,6,185,62,120,197,168,17,48,63];False
2070;7270;9340;[34,118,149,162,19,87,121,178,127,132,130,84,77,112,93,147,66,157,103,105,74,188,144,31,142,117,167,61,45,138,41,49,78,128,42,57,197,9,190,126,143,160,91,1,33,124,180,196,36,46,140,92,82,23,189,81,0,85,22,26,176,193,109,20,170,95,38,139,146,4,70,194,50,198,174,184,35,67,32,72,163,25,51,8,16,125,11,113,156,71,165,65,37,94,173,18,131,110,101,59,80,100,30,134,148,195,97,58,175,151,7,191,181,68,123,6,137,158,54,52,119,187,39,107,55,14,13,172,12,89,75,129,15,135,53,183,69,159,164,90,28,155,73,99,106,136,115,152,2,161,102,86,133,76,122,116,104,17,145,56,21,108,192,40,169,182,29,154,60,177,27,43,111,96,171,141,98,114,64,79,179,47,88,5,186,199,83,153,166,24,150,10,185,62,120,3,168,44,48,63];True
1771;7704;9475;[180,172,12,22,26,176,120,3,2,130,84,117,77,112,31,29,66,157,103,105,74,188,93,90,100,0,101,61,45,138,126,185,78,128,42,57,37,121,162,146,118,10,91,1,33,124,94,196,36,182,140,92,82,23,189,81,87,85,104,20,167,193,164,67,62,95,38,139,19,194,51,149,34,127,175,123,136,144,32,72,137,25,170,65,16,190,11,113,156,71,165,184,125,8,173,18,131,110,41,59,80,147,30,134,148,195,97,58,6,43,7,191,181,68,198,142,163,158,54,52,119,187,39,107,55,14,13,197,132,89,75,4,15,135,53,183,69,159,9,178,28,155,73,99,106,70,115,152,35,161,102,86,133,76,122,116,49,46,145,56,21,108,192,40,169,129,24,154,60,177,27,151,111,96,171,141,98,114,64,79,179,47,88,5,186,199,83,153,166,174,150,160,143,109,44,50,168,17,48,63];True
3753;6963;10716;[34,190,157,20,19,61,45,138,172,12,130,117,195,112,93,178,66,145,103,105,198,188,144,31,8,87,35,142,193,10,41,49,78,128,42,57,3,121,140,126,143,23,85,1,33,162,147,196,36,44,146,92,82,149,189,81,0,167,22,26,176,46,9,160,170,95,38,139,37,124,51,50,74,194,180,4,84,67,32,72,163,25,70,65,16,91,77,113,156,71,165,184,109,94,173,18,131,110,101,59,80,100,30,134,148,11,97,58,175,151,7,191,181,68,123,174,137,158,54,52,119,187,39,107,55,14,13,111,132,89,75,129,15,135,53,183,69,159,164,90,28,155,73,99,106,136,115,152,2,161,102,86,133,76,122,116,104,125,118,56,21,108,192,40,169,182,29,154,60,177,27,43,127,96,171,141,98,114,64,79,179,47,88,5,186,199,83,153,166,24,150,6,185,62,120,197,168,17,48,63];True
2078;7259;9337;[34,147,149,162,19,87,121,178,127,132,130,84,77,112,93,118,66,157,103,105,74,188,144,31,142,117,167,61,45,138,41,49,78,128,42,57,197,9,190,126,143,160,91,1,33,124,180,196,36,46,140,92,82,23,189,81,0,85,22,26,176,193,109,20,170,95,38,139,146,4,70,194,50,198,174,184,35,67,32,72,163,25,51,8,16,125,11,113,156,71,165,65,37,94,173,18,131,110,101,59,80,100,30,134,148,195,97,58,175,151,7,191,181,68,123,6,137,158,54,52,119,187,39,107,55,14,13,172,12,89,75,129,15,135,53,183,69,159,164,90,28,155,73,99,106,136,115,152,2,161,102,86,133,76,122,116,104,17,145,56,21,108,192,40,169,182,29,154,60,177,27,43,111,96,171,141,98,114,64,79,179,47,88,5,186,199,83,153,166,24,150,10,185,62,120,3,168,44,48,63];True
1745;7754;9499;[180,172,12,22,26,176,120,3,2,130,106,117,77,112,31,29,66,157,103,105,74,188,93,90,100,0,101,61,45,138,126,185,78,128,42,57,37,121,162,146,118,10,91,1,33,124,94,196,36,182,140,92,82,23,189,81,87,85,104,20,167,193,164,67,62,95,38,139,19,194,51,149,34,127,175,123,136,144,32,72,137,25,170,65,16,190,11,113,156,71,165,184,125,8,173,18,131,110,41,59,80,147,30,134,148,195,97,58,6,43,7,191,181,68,198,142,163,158,54,52,119,187,39,107,55,14,13,197,132,89,75,4,15,135,53,183,69,159,9,178,28,155,73,99,84,70,115,152,35,161,102,86,133,76,122,116,49,46,145,56,21,108,192,40,169,129,24,154,60,177,27,151,111,96,171,141,98,114,64,79,179,47,88,5,186,199,83,153,166,174,150,160,143,109,44,50,168,17,48,63];True
3782;6960;10742;[34,37,157,20,19,61,45,138,172,12,130,117,195,112,93,178,66,145,103,105,198,188,144,31,8,87,35,142,193,10,41,49,78,128,42,57,3,121,140,126,143,23,85,1,33,162,147,196,36,44,146,92,82,149,189,81,0,167,22,26,176,46,9,160,170,95,38,139,190,124,51,50,74,194,180,4,84,67,32,72,163,25,70,65,16,91,77,113,156,71,165,184,109,94,173,18,131,110,101,59,80,100,30,134,148,11,97,58,175,151,7,191,181,68,123,174,137,158,54,52,119,187,39,107,55,14,13,111,132,89,75,129,15,135,53,183,69,159,164,90,28,155,73,99,106,136,115,152,2,161,102,86,133,76,122,116,104,125,118,56,21,108,192,40,169,182,29,154,60,177,27,43,127,96,171,141,98,114,64,79,179,47,88,5,186,199,83,153,166,24,150,6,185,62,120,197,168,17,48,63];True
2074;7269;9343;[34,147,149,162,22,87,121,178,127,132,130,84,77,112,93,118,66,157,103,105,74,188,144,31,142,117,167,61,45,138,41,49,78,128,42,57,197,9,190,126,143,160,91,1,33,124,180,196,36,46,140,92,82,23,189,81,0,85,19,26,176,193,109,20,170,95,38,139,146,4,70,194,50,198,174,184,35,67,32,72,163,25,51,8,16,125,11,113,156,71,165,65,37,94,173,18,131,110,101,59,80,100,30,134,148,195,97,58,175,151,7,191,181,68,123,6,137,158,54,52,119,187,39,107,55,14,13,172,12,89,75,129,15,135,53,183,69,159,164,90,28,155,73,99,106,136,115,152,2,161,102,86,133,76,122,116,104,17,145,56,21,108,192,40,169,182,29,154,60,177,27,43,111,96,171,141,98,114,64,79,179,47,88,5,186,199,83,153,166,24,150,10,185,62,120,3,168,44,48,63];True
1742;7763;9505;[180,172,12,22,26,176,120,3,2,130,106,117,77,112,31,29,66,157,103,105,74,188,93,90,100,0,101,61,45,55,126,185,78,128,42,57,37,121,162,146,118,10,91,1,33,124,94,196,36,182,140,92,82,23,189,81,87,85,104,20,167,193,164,67,62,95,38,139,19,194,51,149,34,127,175,123,136,144,32,72,137,25,170,65,16,190,11,113,156,71,165,184,125,8,173,18,131,110,41,59,80,147,30,134,148,195,97,58,6,43,7,191,181,68,198,142,163,158,54,52,119,187,39,107,138,14,13,197,132,89,75,4,15,135,53,183,69,159,9,178,28,155,73,99,84,70,115,152,35,161,102,86,133,76,122,116,49,46,145,56,21,108,192,40,169,129,24,154,60,177,27,151,111,96,171,141,98,114,64,79,179,47,88,5,186,199,83,153,166,174,150,160,143,109,44,50,168,17,48,63];True
3880;6951;10831;[34,37,157,20,138,61,45,19,172,12,130,117,195,112,93,178,66,145,103,105,198,188,144,31,8,87,35,142,193,10,41,49,78,128,42,57,3,121,140,126,143,23,85,1,33,162,147,196,36,44,146,92,82,149,189,81,0,167,22,26,176,46,9,160,170,95,38,139,190,124,51,50,74,194,180,4,84,67,32,72,163,25,70,65,16,91,77,113,156,71,165,184,109,94,173,18,131,110,101,59,80,100,30,134,148,11,97,58,175,151,7,191,181,68,123,174,137,158,54,52,119,187,39,107,55,14,13,111,132,89,75,129,15,135,53,183,69,159,164,90,28,155,73,99,106,136,115,152,2,161,102,86,133,76,122,116,104,125,118,56,21,108,192,40,169,182,29,154,60,177,27,43,127,96,171,141,98,114,64,79,179,47,88,5,186,199,83,153,166,24,150,6,185,62,120,197,168,17,48,63];True
2076;7260;9336;[34,147,149,162,22,87,121,178,111,132,130,84,77,112,93,118,66,157,103,105,74,188,144,31,142,117,167,61,45,138,41,49,78,128,42,57,197,9,190,126,143,160,91,1,33,124,180,196,36,46,140,92,82,23,189,81,0,85,19,26,176,193,109,20,170,95,38,139,146,4,70,194,50,198,174,184,35,67,32,72,163,25,51,8,16,125,11,113,156,71,165,65,37,94,173,18,131,110,101,59,80,100,30,134,148,195,97,58,175,151,7,191,181,68,123,6,137,158,54,52,119,187,39,107,55,14,13,172,12,89,75,129,15,135,53,183,69,159,164,90,28,155,73,99,106,136,115,152,2,161,102,86,133,76,122,116,104,17,145,56,21,108,192,40,169,182,29,154,60,177,27,43,127,96,171,141,98,114,64,79,179,47,88,5,186,199,83,153,166,24,150,10,185,62,120,3,168,44,48,63];True
1768;7713;9481;[180,172,12,22,26,176,120,3,2,130,84,117,77,112,31,29,66,157,103,105,74,188,93,90,100,0,101,61,45,55,126,185,78,128,42,57,37,121,162,146,118,10,91,1,33,124,94,196,36,182,140,92,82,23,189,81,87,85,104,20,167,193,164,67,62,95,38,139,19,194,51,149,34,127,175,123,136,144,32,72,137,25,170,65,16,190,11,113,156,71,165,184,125,8,173,18,131,110,41,59,80,147,30,134,148,195,97,58,6,43,7,191,181,68,198,142,163,158,54,52,119,187,39,107,138,14,13,197,132,89,75,4,15,135,53,183,69,159,9,178,28,155,73,99,106,70,115,152,35,161,102,86,133,76,122,116,49,46,145,56,21,108,192,40,169,129,24,154,60,177,27,151,111,96,171,141,98,114,64,79,179,47,88,5,186,199,83,153,166,174,150,160,143,109,44,50,168,17,48,63];True
3851;6954;10805;[34,190,157,20,138,61,45,19,172,12,130,117,195,112,93,178,66,145,103,105,198,188,144,31,8,87,35,142,193,10,41,49,78,128,42,57,3,121,140,126,143,23,85,1,33,162,147,196,36,44,146,92,82,149,189,81,0,167,22,26,176,46,9,160,170,95,38,139,37,124,51,50,74,194,180,4,84,67,32,72,163,25,70,65,16,91,77,113,156,71,165,184,109,94,173,18,131,110,101,59,80,100,30,134,148,11,97,58,175,151,7,191,181,68,123,174,137,158,54,52,119,187,39,107,55,14,13,111,132,89,75,129,15,135,53,183,69,159,164,90,28,155,73,99,106,136,115,152,2,161,102,86,133,76,122,116,104,125,118,56,21,108,192,40,169,182,29,154,60,177,27,43,127,96,171,141,98,114,64,79,179,47,88,5,186,199,83,153,166,24,150,6,185,62,120,197,168,17,48,63];True
2068;7271;9339;[34,118,149,162,22,87,121,178,111,132,130,84,77,112,93,147,66,157,103,105,74,188,144,31,142,117,167,61,45,138,41,49,78,128,42,57,197,9,190,126,143,160,91,1,33,124,180,196,36,46,140,92,82,23,189,81,0,85,19,26,176,193,109,20,170,95,38,139,146,4,70,194,50,198,174,184,35,67,32,72,163,25,51,8,16,125,11,113,156,71,165,65,37,94,173,18,131,110,101,59,80,100,30,134,148,195,97,58,175,151,7,191,181,68,123,6,137,158,54,52,119,187,39,107,55,14,13,172,12,89,75,129,15,135,53,183,69,159,164,90,28,155,73,99,106,136,115,152,2,161,102,86,133,76,122,116,104,17,145,56,21,108,192,40,169,182,29,154,60,177,27,43,127,96,171,141,98,114,64,79,179,47,88,5,186,199,83,153,166,24,150,10,185,62,120,3,168,44,48,63];True
