utilA;utilB;utilSum;contract;pareto
9523;6518;16041;[50,174,23,136,149,11,59,57,132,152,163,86,151,185,133,98,193,173,89,3,161,159,15,135,194,115,46,44,37,190,109,10,184,51,34,91,69,28,8,118,180,53,188,48,92,90,131,148,93,14,178,142,66,61,145,94,13,12,7,38,176,35,97,128,52,2,167,107,123,73,155,65,198,17,82,18,0,36,196,170,77,25,105,4,6,88,70,108,21,106,154,122,197,24,72,78,111,110,171,189,49,127,30,114,182,139,29,137,158,175,85,1,117,120,157,84,186,79,42,27,169,172,39,32,55,125,33,192,165,40,87,181,68,9,103,162,147,67,95,144,156,146,31,143,191,183,164,41,75,130,102,62,5,134,112,104,99,63,74,20,138,168,140,126,16,71,19,83,60,179,47,43,187,76,101,141,80,58,64,96,177,199,166,22,195,119,81,153,129,26,150,56,100,54,113,116,124,160,45,121];True
9472;6519;15991;[73,174,23,136,149,11,59,57,132,152,163,86,151,185,133,98,193,173,89,3,161,159,15,135,194,115,46,44,37,190,109,10,184,51,34,91,69,28,8,118,180,53,188,48,92,90,131,148,93,14,178,142,66,61,145,94,13,12,7,38,176,35,97,128,52,2,167,107,123,50,155,65,198,17,82,18,0,36,196,170,77,25,105,4,6,88,70,108,21,106,154,122,197,24,72,78,111,110,171,189,49,127,30,114,182,139,29,137,158,175,85,1,117,120,157,84,186,79,42,27,169,172,39,32,55,125,33,192,165,40,87,181,68,9,103,162,147,67,95,144,156,146,31,143,191,183,164,41,75,130,102,62,5,134,112,104,99,63,74,20,138,168,140,126,16,71,19,83,60,179,47,43,187,76,101,141,80,58,64,96,177,199,166,22,195,119,81,153,129,26,150,56,100,54,113,116,124,160,45,121];True
9431;6520;15951;[50,174,23,136,149,11,59,57,132,75,163,86,151,185,133,98,193,173,89,3,161,159,15,135,194,115,46,44,37,190,109,10,184,51,34,91,69,28,8,118,180,53,188,48,92,90,131,148,93,14,178,142,66,61,145,94,13,12,7,38,176,35,97,128,52,2,167,107,123,73,155,65,198,17,82,18,0,36,196,170,77,25,105,4,6,88,70,108,21,106,154,122,197,24,72,78,111,110,171,189,49,127,30,114,182,139,29,137,158,175,85,1,117,120,157,84,186,79,42,27,169,172,39,32,55,125,33,192,165,40,87,181,68,9,103,162,147,67,95,144,156,146,31,143,191,183,164,41,152,130,102,62,5,134,112,104,99,63,74,20,138,168,140,126,16,71,19,83,60,179,47,43,187,76,101,141,80,58,64,96,177,199,166,22,195,119,81,153,129,26,150,56,100,54,113,116,124,160,45,121];True
9380;6521;15901;[73,174,23,136,149,11,59,57,132,75,163,86,151,185,133,98,193,173,89,3,161,159,15,135,194,115,46,44,37,190,109,10,184,51,34,91,69,28,8,118,180,53,188,48,92,90,131,148,93,14,178,142,66,61,145,94,13,12,7,38,176,35,97,128,52,2,167,107,123,50,155,65,198,17,82,18,0,36,196,170,77,25,105,4,6,88,70,108,21,106,154,122,197,24,72,78,111,110,171,189,49,127,30,114,182,139,29,137,158,175,85,1,117,120,157,84,186,79,42,27,169,172,39,32,55,125,33,192,165,40,87,181,68,9,103,162,147,67,95,144,156,146,31,143,191,183,164,41,152,130,102,62,5,134,112,104,99,63,74,20,138,168,140,126,16,71,19,83,60,179,47,43,187,76,101,141,80,58,64,96,177,199,166,22,195,119,81,153,129,26,150,56,100,54,113,116,124,160,45,121];True
9363;6527;15890;[73,174,23,75,149,11,59,57,132,152,163,86,151,185,133,98,193,173,89,3,130,159,15,135,194,115,46,44,37,190,109,10,184,51,34,91,69,28,8,118,180,53,188,48,92,90,131,148,93,14,178,142,66,61,145,94,13,12,7,38,176,35,97,128,52,2,167,107,123,50,155,65,198,17,82,18,0,36,196,170,77,25,105,4,6,88,70,108,21,106,154,122,197,24,72,78,111,110,171,189,49,127,30,114,182,139,29,137,158,175,85,1,117,120,157,84,186,79,42,27,169,172,39,32,55,125,33,192,165,40,87,181,68,9,103,162,147,67,95,144,156,146,31,143,191,183,164,41,136,161,102,62,5,134,112,104,99,63,74,20,138,168,140,126,16,71,19,83,60,179,47,43,187,76,101,141,80,58,64,96,177,199,166,22,195,119,81,153,129,26,150,56,100,54,113,116,124,160,45,121];True
9358;6528;15886;[73,174,23,75,149,11,59,57,132,152,163,86,151,185,133,98,193,173,89,3,161,159,15,135,194,115,46,44,37,190,109,10,184,51,34,91,69,28,8,118,180,53,188,48,92,90,131,148,93,14,178,142,66,61,145,94,13,12,7,38,176,35,97,128,52,2,167,107,123,50,155,65,198,17,82,18,0,36,196,170,77,25,105,4,6,88,70,108,21,106,154,122,197,24,72,78,111,110,171,189,49,127,30,114,182,139,29,137,158,175,85,1,117,120,157,84,186,79,42,27,169,172,39,32,55,125,33,192,165,40,87,181,68,9,103,162,147,67,95,144,156,146,31,143,191,183,164,41,136,130,102,62,5,134,112,104,99,63,74,20,138,168,140,126,16,71,19,83,60,179,47,43,187,76,101,141,80,58,64,96,177,199,166,22,195,119,81,153,129,26,150,56,100,54,113,116,124,160,45,121];False
9337;6528;15865;[73,174,23,75,149,11,59,57,132,152,163,86,12,185,133,98,193,173,89,3,130,159,15,135,194,115,46,44,37,190,109,10,184,51,34,91,69,28,8,118,180,53,188,48,92,90,131,148,93,14,178,142,66,61,145,94,13,151,7,38,176,35,97,128,52,2,167,107,123,50,155,65,198,17,82,18,0,36,196,170,77,25,105,4,6,88,70,108,21,106,154,122,197,24,72,78,111,110,171,189,49,127,30,114,182,139,29,137,158,175,85,1,117,120,157,84,186,79,42,27,169,172,39,32,55,125,33,192,165,40,87,181,68,9,103,162,147,67,95,144,156,146,31,143,191,183,164,41,136,161,102,62,5,134,112,104,99,63,74,20,138,168,140,126,16,71,19,83,60,179,47,43,187,76,101,141,80,58,64,96,177,199,166,22,195,119,81,153,129,26,150,56,100,54,113,116,124,160,45,121];True
9255;6529;15784;[50,174,67,36,149,11,59,57,132,75,163,86,151,185,133,98,193,173,89,3,161,159,15,135,194,115,46,44,37,190,109,10,184,51,34,91,69,28,8,118,180,53,188,48,92,90,131,148,93,14,178,142,66,61,145,94,13,12,7,38,176,35,97,128,52,2,167,107,123,73,155,65,198,17,82,18,0,95,196,170,77,25,105,4,6,88,70,108,21,106,154,122,197,24,72,78,111,110,171,189,49,127,30,114,182,139,29,137,158,175,85,1,117,120,157,84,186,79,42,27,169,172,39,32,55,125,33,192,165,40,87,181,68,9,103,162,147,23,136,144,156,146,31,143,191,183,164,41,152,130,102,62,5,134,112,104,99,63,74,20,138,168,140,126,16,71,19,83,60,179,47,43,187,76,101,141,80,58,64,96,177,199,166,22,195,119,81,153,129,26,150,56,100,54,113,116,124,160,45,121];True
9204;6530;15734;[73,174,67,36,149,11,59,57,132,75,163,86,151,185,133,98,193,173,89,3,161,159,15,135,194,115,46,44,37,190,109,10,184,51,34,91,69,28,8,118,180,53,188,48,92,90,131,148,93,14,178,142,66,61,145,94,13,12,7,38,176,35,97,128,52,2,167,107,123,50,155,65,198,17,82,18,0,95,196,170,77,25,105,4,6,88,70,108,21,106,154,122,197,24,72,78,111,110,171,189,49,127,30,114,182,139,29,137,158,175,85,1,117,120,157,84,186,79,42,27,169,172,39,32,55,125,33,192,165,40,87,181,68,9,103,162,147,23,136,144,156,146,31,143,191,183,164,41,152,130,102,62,5,134,112,104,99,63,74,20,138,168,140,126,16,71,19,83,60,179,47,43,187,76,101,141,80,58,64,96,177,199,166,22,195,119,81,153,129,26,150,56,100,54,113,116,124,160,45,121];True
9191;6538;15729;[50,174,67,36,149,11,59,81,132,75,163,86,151,185,133,98,193,173,89,3,161,159,15,135,194,115,46,44,37,190,109,10,184,51,34,91,69,28,8,118,180,53,188,48,92,90,131,148,93,14,178,142,66,61,145,94,13,12,7,38,176,35,97,128,52,2,167,107,123,73,155,65,198,17,82,18,0,95,196,170,77,25,105,4,6,88,70,108,21,106,154,122,197,24,72,78,111,110,171,189,49,127,30,114,182,139,29,137,158,175,85,1,117,120,157,84,186,79,42,27,169,172,39,32,55,125,33,192,165,40,87,181,68,9,103,162,147,23,136,144,156,146,31,143,191,183,164,41,152,130,102,62,5,134,112,104,99,63,74,20,138,168,140,126,16,71,19,83,60,179,47,43,187,76,101,141,80,58,64,96,177,199,166,22,195,119,57,153,129,26,150,56,100,54,113,116,124,160,45,121];False
9146;6538;15684;[50,174,67,36,149,11,59,81,132,75,163,86,151,185,133,98,193,173,89,3,161,159,15,135,194,115,46,44,37,190,109,10,184,51,34,91,69,28,8,118,124,53,188,48,92,90,131,148,93,14,178,142,66,61,145,94,13,12,7,38,176,35,97,128,52,2,167,107,123,73,155,65,198,17,82,18,0,95,196,170,77,25,105,4,6,88,70,108,21,106,154,122,197,24,72,78,111,110,171,189,49,127,30,114,182,139,29,137,158,175,85,1,117,120,157,84,186,79,42,27,169,172,39,32,55,125,33,192,165,40,87,181,68,9,103,162,147,23,136,144,156,146,31,143,191,183,164,41,152,130,102,62,5,134,112,104,99,63,74,20,138,168,140,126,16,71,19,83,60,179,47,43,187,76,101,141,80,58,64,96,177,199,166,22,195,119,57,153,129,26,150,56,100,54,113,116,180,160,45,121];False
9116;6533;15649;[50,174,23,136,149,83,59,57,132,75,137,133,12,185,76,26,193,173,89,3,161,159,15,135,194,115,46,44,37,190,109,10,184,51,34,91,69,28,8,118,180,53,188,48,92,90,131,148,93,14,178,142,66,61,145,94,13,151,7,38,176,35,97,128,52,2,167,107,123,73,155,65,198,17,82,18,0,77,196,170,129,25,105,4,6,88,70,108,21,106,154,122,197,24,72,78,86,110,171,189,49,127,30,114,182,139,29,163,158,175,85,1,117,120,157,84,186,79,42,27,169,172,39,32,55,125,33,192,165,40,87,181,68,9,103,162,147,67,95,144,156,146,31,143,191,183,164,41,152,130,102,62,5,134,112,104,99,63,74,20,138,168,140,126,16,71,19,98,60,179,47,43,187,111,101,141,11,58,64,96,177,199,166,22,195,119,81,153,80,36,150,56,100,54,113,116,124,160,45,121];True
9062;6539;15601;[50,174,23,136,149,83,59,57,132,75,137,86,12,185,133,26,169,84,89,3,161,159,15,135,194,115,46,44,37,190,109,10,184,51,34,91,69,28,8,118,180,53,188,48,92,90,131,148,93,14,178,142,66,61,145,94,13,151,7,38,176,35,97,128,52,2,167,107,123,73,155,65,198,17,82,18,0,77,196,170,129,25,105,4,6,88,70,108,21,106,154,122,197,24,72,78,111,110,171,189,49,127,30,114,182,139,29,163,158,175,85,1,117,120,157,173,186,79,42,27,193,172,39,32,55,125,33,192,165,40,87,181,68,9,103,162,147,67,95,144,156,146,31,143,191,183,164,41,152,130,102,62,5,134,112,104,99,63,74,20,138,168,140,126,16,71,19,98,60,179,47,43,187,76,101,141,11,58,64,96,177,199,166,22,195,119,81,153,80,36,150,56,100,54,113,116,124,160,45,121];False
9065;6534;15599;[73,174,23,136,149,83,59,57,132,75,137,133,12,185,76,26,193,173,89,3,161,159,15,135,194,115,46,44,37,190,109,10,184,51,34,91,69,28,8,118,180,53,188,48,92,90,131,148,93,14,178,142,66,61,145,94,13,151,7,38,176,35,97,128,52,2,167,107,123,50,155,65,198,17,82,18,0,77,196,170,129,25,105,4,6,88,70,108,21,106,154,122,197,24,72,78,86,110,171,189,49,127,30,114,182,139,29,163,158,175,85,1,117,120,157,84,186,79,42,27,169,172,39,32,55,125,33,192,165,40,87,181,68,9,103,162,147,67,95,144,156,146,31,143,191,183,164,41,152,130,102,62,5,134,112,104,99,63,74,20,138,168,140,126,16,71,19,98,60,179,47,43,187,111,101,141,11,58,64,96,177,199,166,22,195,119,81,153,80,36,150,56,100,54,113,116,124,160,45,121];True
9057;6539;15596;[50,174,23,136,149,83,59,57,132,75,137,133,12,185,76,26,169,173,89,3,161,159,15,135,194,115,46,44,37,190,109,10,184,51,34,91,69,28,8,118,180,53,188,48,92,90,131,148,93,14,178,142,66,61,145,94,13,151,7,38,176,35,97,128,52,2,167,107,123,73,155,65,198,17,82,18,0,77,196,170,129,25,105,4,6,88,70,108,21,106,154,122,197,24,72,78,86,110,171,189,49,127,30,114,182,139,29,163,158,175,85,1,117,120,157,84,186,79,42,27,193,172,39,32,55,125,33,192,165,40,87,181,68,9,103,162,147,67,95,144,156,146,31,143,191,183,164,41,152,130,102,62,5,134,112,104,99,63,74,20,138,168,140,126,16,71,19,98,60,179,47,43,187,111,101,141,11,58,64,96,177,199,166,22,195,119,81,153,80,36,150,56,100,54,113,116,124,160,45,121];False
9011;6540;15551;[73,174,23,136,149,83,59,57,132,75,137,86,12,185,133,26,169,84,89,3,161,159,15,135,194,115,46,44,37,190,109,10,184,51,34,91,69,28,8,118,180,53,188,48,92,90,131,148,93,14,178,142,66,61,145,94,13,151,7,38,176,35,97,128,52,2,167,107,123,50,155,65,198,17,82,18,0,77,196,170,129,25,105,4,6,88,70,108,21,106,154,122,197,24,72,78,111,110,171,189,49,127,30,114,182,139,29,163,158,175,85,1,117,120,157,173,186,79,42,27,193,172,39,32,55,125,33,192,165,40,87,181,68,9,103,162,147,67,95,144,156,146,31,143,191,183,164,41,152,130,102,62,5,134,112,104,99,63,74,20,138,168,140,126,16,71,19,98,60,179,47,43,187,76,101,141,11,58,64,96,177,199,166,22,195,119,81,153,80,36,150,56,100,54,113,116,124,160,45,121];False
9006;6540;15546;[73,174,23,136,149,83,59,57,132,75,137,133,12,185,76,26,169,173,89,3,161,159,15,135,194,115,46,44,37,190,109,10,184,51,34,91,69,28,8,118,180,53,188,48,92,90,131,148,93,14,178,142,66,61,145,94,13,151,7,38,176,35,97,128,52,2,167,107,123,50,155,65,198,17,82,18,0,77,196,170,129,25,105,4,6,88,70,108,21,106,154,122,197,24,72,78,86,110,171,189,49,127,30,114,182,139,29,163,158,175,85,1,117,120,157,84,186,79,42,27,193,172,39,32,55,125,33,192,165,40,87,181,68,9,103,162,147,67,95,144,156,146,31,143,191,183,164,41,152,130,102,62,5,134,112,104,99,63,74,20,138,168,140,126,16,71,19,98,60,179,47,43,187,111,101,141,11,58,64,96,177,199,166,22,195,119,81,153,80,36,150,56,100,54,113,116,124,160,45,121];False
8995;6539;15534;[73,174,23,136,149,83,59,57,132,75,163,133,12,185,76,26,193,173,89,3,161,159,15,135,194,115,46,44,37,190,109,10,184,51,34,91,69,28,8,118,180,53,188,48,92,90,131,148,93,14,178,142,66,61,145,94,13,151,7,38,176,35,97,128,52,2,167,107,123,50,155,65,198,17,82,18,0,77,196,170,129,25,105,4,6,88,70,108,21,106,154,122,197,24,72,78,86,110,171,189,49,127,30,114,182,139,29,137,158,175,85,1,117,120,157,84,186,79,42,27,169,172,39,32,55,125,33,192,165,40,87,181,68,9,103,162,147,67,95,144,156,146,31,143,191,183,164,41,152,130,102,62,5,134,112,104,99,63,74,20,138,168,140,126,16,71,19,98,60,179,47,43,187,111,101,141,11,58,64,96,177,199,166,22,195,119,81,153,80,36,150,56,100,54,113,116,124,160,45,121];True
8939;6544;15483;[73,174,23,136,149,83,59,57,132,36,163,86,12,185,133,26,169,84,89,3,161,159,15,135,194,115,46,44,37,190,109,10,184,51,34,91,69,28,8,118,180,53,188,48,92,90,131,148,93,14,178,142,66,61,145,94,13,151,7,38,176,35,97,128,52,2,167,107,123,50,155,65,198,17,82,18,0,77,196,170,129,25,105,4,6,88,70,108,21,106,154,122,197,24,72,78,111,110,171,189,49,127,30,114,182,139,29,137,158,175,85,1,117,120,157,173,186,79,42,27,193,172,39,32,55,125,33,192,165,40,87,181,68,9,103,162,147,67,95,144,156,146,31,143,191,183,164,41,75,130,102,62,5,134,112,104,99,63,74,20,138,168,140,126,16,71,19,98,60,179,47,43,187,76,101,141,11,58,64,96,177,199,166,22,195,119,81,153,80,152,150,56,100,54,113,116,124,160,45,121];False
8932;6545;15477;[73,174,23,136,149,83,59,57,132,75,137,133,12,185,76,26,169,84,89,3,161,159,15,135,194,115,46,44,37,190,109,10,184,51,34,91,69,28,8,118,180,53,188,48,92,90,131,148,93,14,178,142,66,61,145,94,13,151,7,38,176,35,97,128,52,2,167,107,123,50,155,65,198,17,82,18,0,77,196,170,129,25,105,4,6,88,70,108,21,106,154,122,197,24,72,78,86,110,171,189,49,127,30,114,182,139,29,163,158,175,85,1,117,120,157,173,186,79,42,27,193,172,39,32,55,125,33,192,165,40,87,181,68,9,103,162,147,67,95,144,156,146,31,143,191,183,164,41,152,130,102,62,5,134,112,104,99,63,74,20,138,168,140,126,16,71,19,98,60,179,47,43,187,111,101,141,11,58,64,96,177,199,166,22,195,119,81,153,80,36,150,56,100,54,113,116,124,160,45,121];False
8916;6547;15463;[73,174,23,136,149,83,59,57,132,75,137,86,12,185,133,26,169,84,89,3,161,159,15,135,194,115,46,44,37,190,109,10,184,51,34,91,69,28,8,118,180,53,188,48,92,90,131,148,93,14,178,142,66,61,145,94,13,151,7,38,176,35,97,128,52,2,167,107,123,50,155,65,198,17,82,18,0,77,196,170,129,25,105,4,6,88,70,108,21,106,154,122,197,24,72,78,111,110,171,189,49,127,30,114,182,139,29,163,158,175,85,1,117,120,157,173,186,79,42,27,193,172,39,32,55,125,33,192,165,40,87,181,68,9,103,162,147,67,95,144,156,146,31,143,191,183,164,41,36,130,102,62,5,134,112,104,99,63,74,20,138,168,140,126,16,71,19,98,60,179,47,43,187,76,101,141,11,58,64,96,177,199,166,22,195,119,81,153,80,152,150,56,100,54,113,116,124,160,45,121];False
8904;6545;15449;[50,174,67,36,149,11,59,98,3,161,163,86,151,185,54,57,193,173,89,23,136,160,15,135,194,115,46,44,37,190,109,66,184,51,34,91,69,28,8,118,180,159,188,48,92,90,131,148,93,14,178,142,191,61,145,94,13,12,7,38,176,35,97,128,52,2,167,107,123,73,155,65,198,17,82,49,133,18,132,170,77,25,105,4,6,88,70,108,21,106,154,122,197,24,72,78,111,110,171,189,130,127,30,114,182,139,29,137,158,175,85,1,117,120,157,84,186,79,42,27,169,172,39,32,55,125,33,192,165,40,87,181,68,9,103,162,147,196,95,144,156,146,31,143,53,183,164,41,75,152,102,62,5,134,112,104,99,63,74,20,138,168,140,126,16,71,19,83,60,179,47,43,187,76,101,141,80,58,64,96,177,199,166,22,195,119,81,153,129,26,150,56,100,0,113,116,124,10,45,121];False
8902;6546;15448;[50,174,67,36,149,80,59,98,3,161,163,86,151,185,54,57,193,173,89,23,136,160,15,135,194,115,46,44,37,190,109,66,184,51,34,91,69,28,8,118,180,159,188,48,92,90,131,148,93,14,178,142,191,61,145,94,13,12,7,38,176,35,97,128,52,2,167,107,123,73,155,65,198,17,82,49,133,18,132,170,77,25,105,4,6,88,70,108,21,106,154,122,197,24,72,78,111,110,171,189,130,127,30,114,182,139,29,137,158,175,85,1,117,120,157,84,186,79,42,27,169,172,39,32,55,125,33,192,165,40,87,181,68,9,103,162,147,196,95,144,156,146,31,143,53,183,164,41,75,152,102,62,5,134,112,104,99,63,74,20,138,168,140,126,16,71,19,83,60,179,47,43,187,76,101,141,11,58,64,96,177,199,166,22,195,119,81,153,129,26,150,56,100,0,113,116,124,10,45,121];False
8898;6548;15446;[73,174,23,136,149,83,59,57,132,75,137,133,12,185,111,26,169,84,89,3,161,159,15,135,194,115,46,44,37,190,109,10,184,51,34,91,69,28,8,118,180,53,188,48,92,90,131,148,93,14,178,142,66,61,145,94,13,151,7,38,176,35,97,128,52,2,167,107,123,50,155,65,198,17,82,18,0,77,196,170,129,25,105,4,6,88,70,108,21,106,154,122,197,24,72,78,86,110,171,189,49,127,30,114,182,139,29,163,158,175,85,1,117,120,157,173,186,79,42,27,193,172,39,32,55,125,33,192,165,40,87,181,68,9,103,162,147,67,95,144,156,146,31,143,191,183,164,41,152,130,102,62,5,134,112,104,99,63,74,20,138,168,140,126,16,71,19,98,60,179,47,43,187,76,101,141,11,58,64,96,177,199,166,22,195,119,81,153,80,36,150,56,100,54,113,116,124,160,45,121];False
8897;6544;15441;[50,174,23,136,149,83,59,57,132,75,137,133,12,185,76,26,169,173,89,3,161,159,15,135,194,115,46,44,37,190,109,66,184,51,34,91,69,28,8,118,180,53,188,48,92,90,131,148,93,14,178,142,10,61,145,94,13,151,7,38,176,35,97,128,52,2,167,107,123,73,155,65,198,17,82,18,0,77,196,170,129,25,105,4,6,88,70,108,21,106,154,122,197,24,72,78,86,110,171,189,49,127,30,114,182,139,29,163,158,175,85,1,117,120,157,84,186,79,42,27,193,172,39,32,55,125,33,192,165,40,87,181,68,9,103,162,147,67,95,144,156,146,31,143,191,183,164,41,152,130,102,62,5,134,112,104,99,63,74,20,138,168,140,126,16,71,19,98,60,179,47,43,187,111,101,141,11,58,64,96,177,199,166,22,195,119,81,153,80,36,150,56,100,54,113,116,124,160,45,121];True
8884;6549;15433;[50,174,67,36,149,11,59,98,3,161,163,86,151,185,54,57,169,173,89,23,136,160,15,135,194,115,46,44,37,190,109,66,184,51,34,91,69,28,8,118,180,159,188,48,92,90,131,148,93,14,178,142,191,61,145,94,13,12,7,38,176,35,97,128,52,2,167,107,123,73,155,65,198,17,82,49,133,18,132,170,77,25,105,4,6,88,70,108,21,106,154,122,197,24,72,78,111,110,171,189,130,127,30,114,182,139,29,137,158,175,85,1,117,120,157,84,186,79,42,27,193,172,39,32,55,125,33,192,165,40,87,181,68,9,103,162,147,196,95,144,156,146,31,143,53,183,164,41,75,152,102,62,5,134,112,104,99,63,74,20,138,168,140,126,16,71,19,83,60,179,47,43,187,76,101,141,80,58,64,96,177,199,166,22,195,119,81,153,129,26,150,56,100,0,113,116,124,10,45,121];False
8878;6551;15429;[73,174,23,136,149,83,59,81,132,75,163,86,12,185,133,26,169,84,89,3,161,159,15,135,194,115,46,44,37,190,109,10,184,51,34,91,69,28,8,118,180,53,188,48,92,90,131,148,93,14,178,142,66,61,145,94,13,151,7,38,176,35,97,128,52,2,167,107,123,50,155,65,198,17,82,18,0,77,196,170,129,25,105,4,6,88,70,108,21,106,154,122,197,24,72,78,111,110,171,189,49,127,30,114,182,139,29,137,158,175,85,1,117,120,157,173,186,79,42,27,193,172,39,32,55,125,33,192,165,40,87,181,68,9,103,162,147,67,95,144,156,146,31,143,191,183,164,41,152,130,102,62,5,134,112,104,99,63,74,20,138,168,140,126,16,71,19,98,60,179,47,43,187,76,101,141,11,58,64,96,177,199,166,22,195,119,57,153,80,36,150,56,100,54,113,116,124,160,45,121];False
8851;6547;15398;[73,174,67,36,149,80,59,98,3,161,163,86,151,185,54,57,193,173,89,23,136,160,15,135,194,115,46,44,37,190,109,66,184,51,34,91,69,28,8,118,180,159,188,48,92,90,131,148,93,14,178,142,191,61,145,94,13,12,7,38,176,35,97,128,52,2,167,107,123,50,155,65,198,17,82,49,133,18,132,170,77,25,105,4,6,88,70,108,21,106,154,122,197,24,72,78,111,110,171,189,130,127,30,114,182,139,29,137,158,175,85,1,117,120,157,84,186,79,42,27,169,172,39,32,55,125,33,192,165,40,87,181,68,9,103,162,147,196,95,144,156,146,31,143,53,183,164,41,75,152,102,62,5,134,112,104,99,63,74,20,138,168,140,126,16,71,19,83,60,179,47,43,187,76,101,141,11,58,64,96,177,199,166,22,195,119,81,153,129,26,150,56,100,0,113,116,124,10,45,121];False
8847;6549;15396;[73,174,23,136,149,83,59,57,132,75,163,86,12,185,133,26,169,84,89,3,161,159,15,135,194,115,46,44,37,190,109,10,184,51,34,91,69,28,8,118,180,53,188,48,92,90,131,148,93,14,178,142,66,61,145,94,13,151,7,38,176,35,97,128,52,2,167,107,123,50,155,65,198,17,82,18,0,77,196,170,129,25,105,4,6,88,70,108,21,106,154,122,197,24,72,78,111,110,171,189,49,127,30,114,182,139,29,137,158,175,85,1,117,120,157,173,186,79,42,27,193,172,39,32,55,125,33,192,165,40,87,181,68,9,103,162,147,67,95,144,156,146,31,143,191,183,164,41,36,130,102,62,5,134,112,104,99,63,74,20,138,168,140,126,16,71,19,98,60,179,47,43,187,76,101,141,11,58,64,96,177,199,166,22,195,119,81,153,80,152,150,56,100,54,113,116,124,160,45,121];False
8846;6545;15391;[73,174,23,136,149,83,59,57,132,75,137,133,12,185,76,26,169,173,89,3,161,159,15,135,194,115,46,44,37,190,109,66,184,51,34,91,69,28,8,118,180,53,188,48,92,90,131,148,93,14,178,142,10,61,145,94,13,151,7,38,176,35,97,128,52,2,167,107,123,50,155,65,198,17,82,18,0,77,196,170,129,25,105,4,6,88,70,108,21,106,154,122,197,24,72,78,86,110,171,189,49,127,30,114,182,139,29,163,158,175,85,1,117,120,157,84,186,79,42,27,193,172,39,32,55,125,33,192,165,40,87,181,68,9,103,162,147,67,95,144,156,146,31,143,191,183,164,41,152,130,102,62,5,134,112,104,99,63,74,20,138,168,140,126,16,71,19,98,60,179,47,43,187,111,101,141,11,58,64,96,177,199,166,22,195,119,81,153,80,36,150,56,100,54,113,116,124,160,45,121];True
8833;6550;15383;[73,174,67,36,149,11,59,98,3,161,163,86,151,185,54,57,169,173,89,23,136,160,15,135,194,115,46,44,37,190,109,66,184,51,34,91,69,28,8,118,180,159,188,48,92,90,131,148,93,14,178,142,191,61,145,94,13,12,7,38,176,35,97,128,52,2,167,107,123,50,155,65,198,17,82,49,133,18,132,170,77,25,105,4,6,88,70,108,21,106,154,122,197,24,72,78,111,110,171,189,130,127,30,114,182,139,29,137,158,175,85,1,117,120,157,84,186,79,42,27,193,172,39,32,55,125,33,192,165,40,87,181,68,9,103,162,147,196,95,144,156,146,31,143,53,183,164,41,75,152,102,62,5,134,112,104,99,63,74,20,138,168,140,126,16,71,19,83,60,179,47,43,187,76,101,141,80,58,64,96,177,199,166,22,195,119,81,153,129,26,150,56,100,0,113,116,124,10,45,121];False
8831;6551;15382;[73,174,67,36,149,80,59,98,3,161,163,86,151,185,54,57,169,173,89,23,136,160,15,135,194,115,46,44,37,190,109,66,184,51,34,91,69,28,8,118,180,159,188,48,92,90,131,148,93,14,178,142,191,61,145,94,13,12,7,38,176,35,97,128,52,2,167,107,123,50,155,65,198,17,82,49,133,18,132,170,77,25,105,4,6,88,70,108,21,106,154,122,197,24,72,78,111,110,171,189,130,127,30,114,182,139,29,137,158,175,85,1,117,120,157,84,186,79,42,27,193,172,39,32,55,125,33,192,165,40,87,181,68,9,103,162,147,196,95,144,156,146,31,143,53,183,164,41,75,152,102,62,5,134,112,104,99,63,74,20,138,168,140,126,16,71,19,83,60,179,47,43,187,76,101,141,11,58,64,96,177,199,166,22,195,119,81,153,129,26,150,56,100,0,113,116,124,10,45,121];False
8823;6549;15372;[50,174,23,136,149,83,59,57,132,75,137,133,12,185,76,26,169,84,89,3,161,159,15,135,194,115,46,44,37,190,109,66,184,51,34,91,69,28,8,118,180,53,188,48,92,90,131,148,93,14,178,142,10,61,145,94,13,151,7,38,176,35,97,128,52,2,167,107,123,73,155,65,198,17,82,18,0,77,196,170,129,25,105,4,6,88,70,108,21,106,154,122,197,24,72,78,86,110,171,189,49,127,30,114,182,139,29,163,158,175,85,1,117,120,157,173,186,79,42,27,193,172,39,32,55,125,33,192,165,40,87,181,68,9,103,162,147,67,95,144,156,146,31,143,191,183,164,41,152,130,102,62,5,134,112,104,99,63,74,20,138,168,140,126,16,71,19,98,60,179,47,43,187,111,101,141,11,58,64,96,177,199,166,22,195,119,81,153,80,36,150,56,100,54,113,116,124,160,45,121];True
8789;6552;15341;[50,174,23,136,149,83,59,57,132,75,137,133,12,185,111,26,169,84,89,3,161,159,15,135,194,115,46,44,37,190,109,66,184,51,34,91,69,28,8,118,180,53,188,48,92,90,131,148,93,14,178,142,10,61,145,94,13,151,7,38,176,35,97,128,52,2,167,107,123,73,155,65,198,17,82,18,0,77,196,170,129,25,105,4,6,88,70,108,21,106,154,122,197,24,72,78,86,110,171,189,49,127,30,114,182,139,29,163,158,175,85,1,117,120,157,173,186,79,42,27,193,172,39,32,55,125,33,192,165,40,87,181,68,9,103,162,147,67,95,144,156,146,31,143,191,183,164,41,152,130,102,62,5,134,112,104,99,63,74,20,138,168,140,126,16,71,19,98,60,179,47,43,187,76,101,141,11,58,64,96,177,199,166,22,195,119,81,153,80,36,150,56,100,54,113,116,124,160,45,121];False
8772;6550;15322;[73,174,23,136,149,83,59,57,132,75,137,133,12,185,76,26,169,84,89,3,161,159,15,135,194,115,46,44,37,190,109,66,184,51,34,91,69,28,8,118,180,53,188,48,92,90,131,148,93,14,178,142,10,61,145,94,13,151,7,38,176,35,97,128,52,2,167,107,123,50,155,65,198,17,82,18,0,77,196,170,129,25,105,4,6,88,70,108,21,106,154,122,197,24,72,78,86,110,171,189,49,127,30,114,182,139,29,163,158,175,85,1,117,120,157,173,186,79,42,27,193,172,39,32,55,125,33,192,165,40,87,181,68,9,103,162,147,67,95,144,156,146,31,143,191,183,164,41,152,130,102,62,5,134,112,104,99,63,74,20,138,168,140,126,16,71,19,98,60,179,47,43,187,111,101,141,11,58,64,96,177,199,166,22,195,119,81,153,80,36,150,56,100,54,113,116,124,160,45,121];True
8738;6553;15291;[73,174,23,136,149,83,59,57,132,75,137,133,12,185,111,26,169,84,89,3,161,159,15,135,194,115,46,44,37,190,109,66,184,51,34,91,69,28,8,118,180,53,188,48,92,90,131,148,93,14,178,142,10,61,145,94,13,151,7,38,176,35,97,128,52,2,167,107,123,50,155,65,198,17,82,18,0,77,196,170,129,25,105,4,6,88,70,108,21,106,154,122,197,24,72,78,86,110,171,189,49,127,30,114,182,139,29,163,158,175,85,1,117,120,157,173,186,79,42,27,193,172,39,32,55,125,33,192,165,40,87,181,68,9,103,162,147,67,95,144,156,146,31,143,191,183,164,41,152,130,102,62,5,134,112,104,99,63,74,20,138,168,140,126,16,71,19,98,60,179,47,43,187,76,101,141,11,58,64,96,177,199,166,22,195,119,81,153,80,36,150,56,100,54,113,116,124,160,45,121];True
8731;6557;15288;[73,174,67,36,149,80,59,98,3,161,163,86,12,185,54,57,169,84,89,23,136,160,15,135,194,115,46,44,37,190,109,66,184,51,34,91,69,28,8,118,180,159,188,48,92,90,131,148,93,14,178,142,191,61,145,94,13,151,7,38,176,35,97,128,52,2,167,107,123,50,155,65,198,17,82,49,133,18,132,170,77,25,105,4,6,88,70,108,21,106,154,122,197,24,72,78,111,110,171,189,130,127,30,114,182,139,29,137,158,175,85,1,117,120,157,173,186,79,42,27,193,172,39,32,55,125,33,192,165,40,87,181,68,9,103,162,147,196,95,144,156,146,31,143,53,183,164,41,75,152,102,62,5,134,112,104,99,63,74,20,138,168,140,126,16,71,19,83,60,179,47,43,187,76,101,141,11,58,64,96,177,199,166,22,195,119,81,153,129,26,150,56,100,0,113,116,124,10,45,121];False
8719;6557;15276;[50,174,23,136,149,83,59,57,132,75,163,133,12,185,111,26,169,84,89,3,161,159,15,135,194,115,46,44,37,190,109,66,184,51,34,91,69,28,8,118,180,53,188,48,92,90,131,148,93,14,178,142,10,61,145,94,13,151,7,38,176,35,97,128,52,2,167,107,123,73,155,65,198,17,82,18,0,77,196,170,129,25,105,4,6,88,70,108,21,106,154,122,197,24,72,78,86,110,171,189,49,127,30,114,182,139,29,137,158,175,85,1,117,120,157,173,186,79,42,27,193,172,39,32,55,125,33,192,165,40,87,181,68,9,103,162,147,67,95,144,156,146,31,143,191,183,164,41,152,130,102,62,5,134,112,104,99,63,74,20,138,168,140,126,16,71,19,98,60,179,47,43,187,76,101,141,11,58,64,96,177,199,166,22,195,119,81,153,80,36,150,56,100,54,113,116,124,160,45,121];False
8716;6558;15274;[73,174,67,36,149,11,148,98,3,161,163,86,151,185,54,57,169,84,89,23,136,160,15,135,194,115,46,44,37,190,109,66,184,51,34,91,69,28,8,118,180,159,188,48,92,90,131,59,93,14,178,142,191,61,145,94,13,12,7,38,176,35,97,128,52,2,167,107,123,50,155,65,198,17,82,49,133,18,132,170,77,25,105,4,6,88,70,108,21,106,154,122,197,24,72,78,111,110,171,189,130,127,30,114,182,139,29,137,158,175,85,1,117,120,157,173,186,79,42,27,193,172,39,32,55,125,33,192,165,40,87,181,68,9,103,162,147,196,95,144,156,146,31,143,53,183,164,41,75,152,102,62,5,134,112,104,99,63,74,20,138,168,140,126,16,71,19,83,60,179,47,43,187,76,101,141,80,58,64,96,177,199,166,22,195,119,81,153,129,26,150,56,100,0,113,116,124,10,45,121];False
8648;6555;15203;[50,174,67,36,149,83,59,57,132,75,137,133,12,185,54,120,157,84,89,3,161,159,15,135,194,115,46,44,37,190,109,10,184,51,34,91,69,28,8,118,180,53,188,48,92,90,131,148,93,14,178,142,66,61,145,94,13,151,7,38,176,35,97,111,52,2,95,107,123,73,155,65,198,17,82,18,0,77,196,170,129,25,105,4,6,88,70,108,21,106,154,122,197,24,72,78,86,110,171,189,49,127,30,114,182,139,29,163,158,128,85,1,117,167,169,173,186,79,42,27,193,172,39,32,55,125,33,192,165,40,87,181,68,9,103,162,147,23,136,144,156,146,31,143,191,183,164,41,152,130,102,62,5,134,112,104,99,63,74,20,138,168,140,126,16,71,19,98,60,179,47,43,187,76,101,141,11,58,64,96,177,199,166,22,195,119,81,153,80,26,150,56,100,175,113,116,124,160,45,121];True
8644;6558;15202;[50,174,67,36,149,83,59,57,132,75,137,133,12,185,54,120,169,84,89,3,161,159,15,135,194,115,46,44,37,190,109,10,184,51,34,91,69,28,8,118,180,53,188,48,92,90,131,148,93,14,178,142,66,61,145,94,13,151,7,38,176,35,97,111,52,2,95,107,123,73,155,65,198,17,82,18,0,77,196,170,129,25,105,4,6,88,70,108,21,106,154,122,197,24,72,78,86,110,171,189,49,127,30,114,182,139,29,163,158,128,85,1,117,167,157,173,186,79,42,27,193,172,39,32,55,125,33,192,165,40,87,181,68,9,103,162,147,23,136,144,156,146,31,143,191,183,164,41,152,130,102,62,5,134,112,104,99,63,74,20,138,168,140,126,16,71,19,98,60,179,47,43,187,76,101,141,11,58,64,96,177,199,166,22,195,119,81,153,80,26,150,56,100,175,113,116,124,160,45,121];True
8593;6559;15152;[73,174,67,36,149,83,59,57,132,75,137,133,12,185,54,120,169,84,89,3,161,159,15,135,194,115,46,44,37,190,109,10,184,51,34,91,69,28,8,118,180,53,188,48,92,90,131,148,93,14,178,142,66,61,145,94,13,151,7,38,176,35,97,111,52,2,95,107,123,50,155,65,198,17,82,18,0,77,196,170,129,25,105,4,6,88,70,108,21,106,154,122,197,24,72,78,86,110,171,189,49,127,30,114,182,139,29,163,158,128,85,1,117,167,157,173,186,79,42,27,193,172,39,32,55,125,33,192,165,40,87,181,68,9,103,162,147,23,136,144,156,146,31,143,191,183,164,41,152,130,102,62,5,134,112,104,99,63,74,20,138,168,140,126,16,71,19,98,60,179,47,43,187,76,101,141,11,58,64,96,177,199,166,22,195,119,81,153,80,26,150,56,100,175,113,116,124,160,45,121];True
8578;6560;15138;[50,174,67,36,149,83,59,57,132,75,163,133,12,185,54,120,157,84,89,3,161,159,15,135,194,115,46,44,37,190,109,10,184,51,34,91,69,28,8,118,180,53,188,48,92,90,131,148,93,14,178,142,66,61,145,94,13,151,7,38,176,35,97,111,52,2,95,107,123,73,155,65,198,17,82,18,0,77,196,170,129,25,105,4,6,88,70,108,21,106,154,122,197,24,72,78,86,110,171,189,49,127,30,114,182,139,29,137,158,128,85,1,117,167,169,173,186,79,42,27,193,172,39,32,55,125,33,192,165,40,87,181,68,9,103,162,147,23,136,144,156,146,31,143,191,183,164,41,152,130,102,62,5,134,112,104,99,63,74,20,138,168,140,126,16,71,19,98,60,179,47,43,187,76,101,141,11,58,64,96,177,199,166,22,195,119,81,153,80,26,150,56,100,175,113,116,124,160,45,121];True
8574;6563;15137;[50,174,67,36,149,83,59,57,132,75,163,133,12,185,54,120,169,84,89,3,161,159,15,135,194,115,46,44,37,190,109,10,184,51,34,91,69,28,8,118,180,53,188,48,92,90,131,148,93,14,178,142,66,61,145,94,13,151,7,38,176,35,97,111,52,2,95,107,123,73,155,65,198,17,82,18,0,77,196,170,129,25,105,4,6,88,70,108,21,106,154,122,197,24,72,78,86,110,171,189,49,127,30,114,182,139,29,137,158,128,85,1,117,167,157,173,186,79,42,27,193,172,39,32,55,125,33,192,165,40,87,181,68,9,103,162,147,23,136,144,156,146,31,143,191,183,164,41,152,130,102,62,5,134,112,104,99,63,74,20,138,168,140,126,16,71,19,98,60,179,47,43,187,76,101,141,11,58,64,96,177,199,166,22,195,119,81,153,80,26,150,56,100,175,113,116,124,160,45,121];False
8527;6561;15088;[73,174,67,36,149,83,59,57,132,75,163,133,12,185,54,120,157,84,89,3,161,159,15,135,194,115,46,44,37,190,109,10,184,51,34,91,69,28,8,118,180,53,188,48,92,90,131,148,93,14,178,142,66,61,145,94,13,151,7,38,176,35,97,111,52,2,95,107,123,50,155,65,198,17,82,18,0,77,196,170,129,25,105,4,6,88,70,108,21,106,154,122,197,24,72,78,86,110,171,189,49,127,30,114,182,139,29,137,158,128,85,1,117,167,169,173,186,79,42,27,193,172,39,32,55,125,33,192,165,40,87,181,68,9,103,162,147,23,136,144,156,146,31,143,191,183,164,41,152,130,102,62,5,134,112,104,99,63,74,20,138,168,140,126,16,71,19,98,60,179,47,43,187,76,101,141,11,58,64,96,177,199,166,22,195,119,81,153,80,26,150,56,100,175,113,116,124,160,45,121];True
8523;6564;15087;[73,174,67,36,149,83,59,57,132,75,163,133,12,185,54,120,169,84,89,3,161,159,15,135,194,115,46,44,37,190,109,10,184,51,34,91,69,28,8,118,180,53,188,48,92,90,131,148,93,14,178,142,66,61,145,94,13,151,7,38,176,35,97,111,52,2,95,107,123,50,155,65,198,17,82,18,0,77,196,170,129,25,105,4,6,88,70,108,21,106,154,122,197,24,72,78,86,110,171,189,49,127,30,114,182,139,29,137,158,128,85,1,117,167,157,173,186,79,42,27,193,172,39,32,55,125,33,192,165,40,87,181,68,9,103,162,147,23,136,144,156,146,31,143,191,183,164,41,152,130,102,62,5,134,112,104,99,63,74,20,138,168,140,126,16,71,19,98,60,179,47,43,187,76,101,141,11,58,64,96,177,199,166,22,195,119,81,153,80,26,150,56,100,175,113,116,124,160,45,121];True
8420;6575;14995;[50,73,194,136,149,83,59,57,132,75,163,133,12,185,111,26,169,84,89,3,161,159,15,135,142,115,46,44,37,190,109,10,184,21,174,91,69,28,8,118,180,198,188,48,92,90,131,148,93,14,178,23,66,61,145,94,13,151,7,38,176,35,97,128,52,2,167,107,123,146,155,65,53,17,82,18,0,77,196,170,129,25,105,4,6,88,70,108,51,106,154,122,197,24,72,78,86,110,171,189,49,127,30,114,182,139,29,137,158,175,85,1,117,120,157,173,186,79,42,27,193,172,39,32,55,125,33,192,165,40,87,181,68,9,103,162,147,67,95,144,156,140,31,143,191,183,164,41,152,130,102,62,5,134,112,104,99,63,74,20,138,168,34,126,16,71,19,98,60,179,47,43,187,76,101,141,11,58,64,96,177,199,166,22,195,119,81,153,80,36,150,56,100,54,113,116,124,160,45,121];False
8427;6565;14992;[50,74,194,136,149,83,59,57,132,75,163,133,12,185,111,26,169,84,89,3,161,159,15,135,142,115,46,44,37,190,109,10,184,51,174,91,69,28,8,118,180,198,188,48,92,90,131,148,93,14,178,23,66,61,145,94,13,151,7,38,176,35,97,128,52,2,167,107,123,146,155,65,53,17,82,18,0,77,196,170,129,25,105,4,6,88,70,108,21,106,154,122,197,24,72,78,86,110,171,189,49,127,30,114,182,139,29,137,158,175,85,1,117,120,157,173,186,79,42,27,193,172,39,32,55,125,33,192,165,40,87,181,68,9,103,162,147,67,95,144,156,140,31,143,191,183,164,41,152,130,102,62,5,134,112,104,99,63,73,20,138,168,34,126,16,71,19,98,60,179,47,43,187,76,101,141,11,58,64,96,177,199,166,22,195,119,81,153,80,36,150,56,100,54,113,116,124,160,45,121];False
8391;6579;14970;[73,50,194,136,149,83,59,57,132,75,163,133,12,185,111,26,169,84,89,3,161,159,15,135,142,115,46,44,37,190,109,10,184,21,174,91,69,28,8,118,180,198,188,48,92,90,131,148,93,14,178,23,66,61,145,94,13,151,7,38,176,35,97,128,52,2,167,107,123,146,155,65,53,17,82,18,0,77,196,170,129,25,105,4,6,88,70,108,51,106,154,122,197,24,72,78,86,110,171,189,49,127,30,114,182,139,29,137,158,175,85,1,117,120,157,173,186,79,42,27,193,172,39,32,55,125,33,192,165,40,87,181,68,9,103,162,147,67,95,144,156,140,31,143,191,183,164,41,152,130,102,62,5,134,112,104,99,63,74,20,138,168,34,126,16,71,19,98,60,179,47,43,187,76,101,141,11,58,64,96,177,199,166,22,195,119,81,153,80,36,150,56,100,54,113,116,124,160,45,121];False
8400;6570;14970;[73,31,143,136,149,83,59,57,132,75,163,133,12,185,111,26,169,84,89,3,161,159,15,135,142,115,46,44,37,190,109,10,184,51,174,91,69,28,8,118,180,198,188,48,92,90,131,148,93,14,178,23,66,61,145,94,13,151,7,38,176,35,97,128,52,2,167,107,123,146,155,65,53,17,82,18,0,77,196,170,129,25,105,4,6,88,70,108,21,106,154,122,197,24,72,78,86,110,171,189,49,127,30,114,182,139,29,137,158,175,85,1,117,120,157,173,186,79,42,27,193,172,39,32,55,125,33,192,165,40,87,181,68,9,103,162,147,67,95,144,156,140,74,194,191,183,164,41,152,130,102,62,5,134,112,104,99,63,50,20,138,168,34,126,16,71,19,98,60,179,47,43,187,76,101,141,11,58,64,96,177,199,166,22,195,119,81,153,80,36,150,56,100,54,113,116,124,160,45,121];False
8388;6565;14953;[50,31,143,136,149,83,59,57,132,75,163,133,12,185,111,26,169,84,89,3,161,159,15,135,142,115,46,44,37,190,109,10,184,51,174,91,69,28,8,118,180,198,188,48,92,90,131,148,93,14,178,23,66,61,145,94,13,151,7,38,176,35,97,128,52,2,167,107,123,146,155,65,53,17,82,18,0,77,196,170,129,25,105,4,6,88,70,108,21,106,154,122,197,24,72,78,86,110,171,189,49,127,30,114,182,139,29,137,158,175,85,1,117,120,157,173,186,79,42,27,193,172,39,32,55,125,33,192,165,40,87,181,68,9,103,162,147,67,95,144,156,140,74,194,191,183,164,41,152,130,102,62,5,134,112,104,99,63,73,20,138,168,34,126,16,71,19,98,60,179,47,43,187,76,101,141,11,58,64,96,177,199,166,22,195,119,81,153,80,36,150,56,100,54,113,116,124,160,45,121];True
8356;6586;14942;[50,21,194,136,149,83,59,57,132,75,163,133,12,185,111,26,169,84,89,3,161,159,15,135,142,115,46,44,37,190,109,10,184,73,174,91,69,28,8,118,180,198,188,48,92,90,131,148,93,14,178,23,66,61,145,94,13,151,7,38,176,35,97,128,52,2,167,107,123,146,155,65,53,17,82,18,0,77,196,170,129,25,105,4,6,88,70,108,51,106,154,122,197,24,72,78,86,110,171,189,49,127,30,114,182,139,29,137,158,175,85,1,117,120,157,173,186,79,42,27,193,172,39,32,55,125,33,192,165,40,87,181,68,9,103,162,147,67,95,144,156,140,31,143,191,183,164,41,152,130,102,62,5,134,112,104,99,63,74,20,138,168,34,126,16,71,19,98,60,179,47,43,187,76,101,141,11,58,64,96,177,199,166,22,195,119,81,153,80,36,150,56,100,54,113,116,124,160,45,121];False
8357;6575;14932;[50,31,194,136,149,83,59,57,132,75,163,133,12,185,111,26,169,84,89,3,161,159,15,135,142,115,46,44,37,190,109,10,184,51,174,91,69,28,8,118,180,198,188,48,92,90,131,148,93,14,178,23,66,61,145,94,13,151,7,38,176,35,97,128,52,2,167,107,123,146,155,65,53,17,82,18,0,77,196,170,129,25,105,4,6,88,70,108,21,106,154,122,197,24,72,78,86,110,171,189,49,127,30,114,182,139,29,137,158,175,85,1,117,120,157,173,186,79,42,27,193,172,39,32,55,125,33,192,165,40,87,181,68,9,103,162,147,67,95,144,156,140,74,143,191,183,164,41,152,130,102,62,5,134,112,104,99,63,73,20,138,168,34,126,16,71,19,98,60,179,47,43,187,76,101,141,11,58,64,96,177,199,166,22,195,119,81,153,80,36,150,56,100,54,113,116,124,160,45,121];True
8350;6580;14930;[63,50,194,136,149,83,59,57,132,75,163,133,12,185,111,26,169,84,89,3,161,159,15,135,142,115,46,44,37,190,109,10,184,51,174,91,69,28,8,118,180,198,188,48,92,90,131,148,93,14,178,23,66,61,145,94,13,151,7,38,176,35,97,128,52,2,167,107,123,146,155,65,53,17,82,18,0,77,196,170,129,25,105,4,6,88,70,108,21,106,154,122,197,24,72,78,86,110,171,189,49,127,30,114,182,139,29,137,158,175,85,1,117,120,157,173,186,79,42,27,193,172,39,32,55,125,33,192,165,40,87,181,68,9,103,162,147,67,95,144,156,140,31,143,191,183,164,41,152,130,102,62,5,134,112,104,99,73,74,20,138,168,34,126,16,71,19,98,60,179,47,43,187,76,101,141,11,58,64,96,177,199,166,22,195,119,81,153,80,36,150,56,100,54,113,116,124,160,45,121];False
8358;6571;14929;[73,74,194,136,149,83,59,57,132,75,163,133,12,185,111,26,169,84,89,3,161,159,15,135,142,115,46,44,37,190,109,10,184,51,174,91,69,28,8,118,180,198,188,48,92,90,131,148,93,14,178,23,66,61,145,94,13,151,7,38,176,35,97,128,52,2,167,107,123,146,155,65,53,17,82,18,0,77,196,170,129,25,105,4,6,88,70,108,21,106,154,122,197,24,72,78,86,110,171,189,49,127,30,114,182,139,29,137,158,175,85,1,117,120,157,173,186,79,42,27,193,172,39,32,55,125,33,192,165,40,87,181,68,9,103,162,147,67,95,144,156,140,31,143,191,183,164,41,152,130,102,62,5,134,112,104,99,63,50,20,138,168,34,126,16,71,19,98,60,179,47,43,187,76,101,141,11,58,64,96,177,199,166,22,195,119,81,153,80,36,150,56,100,54,113,116,124,160,45,121];True
8342;6582;14924;[194,51,50,136,149,83,59,57,132,75,163,133,12,185,111,26,169,84,89,3,161,159,15,135,142,115,46,44,37,190,109,10,184,73,174,91,69,28,8,118,180,198,188,48,92,90,131,148,93,14,178,23,66,61,145,94,13,151,7,38,176,35,97,128,52,2,167,107,123,146,155,65,53,17,82,18,0,77,196,170,129,25,105,4,6,88,70,108,21,106,154,122,197,24,72,78,86,110,171,189,49,127,30,114,182,139,29,137,158,175,85,1,117,120,157,173,186,79,42,27,193,172,39,32,55,125,33,192,165,40,87,181,68,9,103,162,147,67,95,144,156,140,31,143,191,183,164,41,152,130,102,62,5,134,112,104,99,63,74,20,138,168,34,126,16,71,19,98,60,179,47,43,187,76,101,141,11,58,64,96,177,199,166,22,195,119,81,153,80,36,150,56,100,54,113,116,124,160,45,121];False
8317;6580;14897;[140,50,194,136,149,83,59,57,132,75,163,133,12,185,111,26,169,84,89,3,161,159,15,135,142,115,46,44,37,190,109,10,184,51,174,91,69,28,8,118,180,198,188,48,92,90,131,148,93,14,178,23,66,61,145,94,13,151,7,38,176,35,97,128,52,2,167,107,123,146,155,65,53,17,82,18,0,77,196,170,129,25,105,4,6,88,70,108,21,106,154,122,197,24,72,78,86,110,171,189,49,127,30,114,182,139,29,137,158,175,85,1,117,120,157,173,186,79,42,27,193,172,39,32,55,125,33,192,165,40,87,181,68,9,103,162,147,67,95,144,156,63,31,143,191,183,164,41,152,130,102,62,5,134,112,104,99,73,74,20,138,168,34,126,16,71,19,98,60,179,47,43,187,76,101,141,11,58,64,96,177,199,166,22,195,119,81,153,80,36,150,56,100,54,113,116,124,160,45,121];False
8309;6587;14896;[20,51,50,136,149,83,59,57,132,75,163,133,12,185,111,26,169,84,89,3,161,159,15,135,142,115,46,44,37,190,109,10,184,73,174,91,69,28,8,118,180,198,188,48,92,90,131,148,93,14,178,23,66,61,145,94,13,151,7,38,176,35,97,128,52,2,167,107,123,146,155,65,53,17,82,18,0,77,196,170,129,25,105,4,6,88,70,108,21,106,154,122,197,24,72,78,86,110,171,189,49,127,30,114,182,139,29,137,158,175,85,1,117,120,157,173,186,79,42,27,193,172,39,32,55,125,33,192,165,40,87,181,68,9,103,162,147,67,95,144,156,140,31,143,191,183,164,41,152,130,102,62,5,134,112,104,99,63,74,194,138,168,34,126,16,71,19,98,60,179,47,43,187,76,101,141,11,58,64,96,177,199,166,22,195,119,81,153,80,36,150,56,100,54,113,116,124,160,45,121];False
8288;6591;14879;[50,174,67,136,149,83,59,57,132,75,137,133,12,185,111,26,169,115,89,46,161,28,15,135,53,180,118,44,23,190,109,10,184,51,34,91,69,159,8,37,94,198,188,48,92,90,131,148,93,14,178,191,66,61,145,84,13,151,7,38,176,35,97,128,52,2,167,107,123,73,155,65,194,17,82,18,0,77,196,170,129,25,105,4,6,88,70,108,21,106,154,122,197,24,72,78,86,110,171,189,49,127,30,114,182,139,29,163,158,175,85,1,117,120,157,173,186,79,42,27,193,172,39,32,55,125,33,192,165,40,87,181,68,9,103,162,147,3,95,144,156,146,31,143,160,183,164,41,152,130,102,62,5,134,112,104,99,63,74,20,138,168,140,126,16,71,19,98,60,179,47,43,187,76,101,141,11,58,64,96,177,199,166,22,195,119,81,153,80,36,150,56,100,54,113,116,124,142,45,121];False
8281;6588;14869;[63,50,194,136,149,83,59,57,132,75,163,133,12,185,111,26,169,84,89,3,161,159,15,135,142,115,46,44,37,190,109,10,184,21,174,91,69,28,8,118,180,198,188,48,92,90,131,148,93,14,178,23,66,61,145,94,13,151,7,38,176,35,97,128,52,2,167,107,123,146,155,65,53,17,82,18,0,77,196,170,129,25,105,4,6,88,70,108,51,106,154,122,197,24,72,78,86,110,171,189,49,127,30,114,182,139,29,137,158,175,85,1,117,120,157,173,186,79,42,27,193,172,39,32,55,125,33,192,165,40,87,181,68,9,103,162,147,67,95,144,156,140,31,143,191,183,164,41,152,130,102,62,5,134,112,104,99,73,74,20,138,168,34,126,16,71,19,98,60,179,47,43,187,76,101,141,11,58,64,96,177,199,166,22,195,119,81,153,80,36,150,56,100,54,113,116,124,160,45,121];False
8291;6577;14868;[73,74,143,136,149,83,59,57,132,75,163,133,12,185,111,26,169,84,89,3,161,159,15,135,142,115,46,44,37,190,109,10,184,51,174,91,69,28,8,118,180,198,188,48,92,90,131,148,93,14,178,23,66,61,145,94,13,151,7,38,176,35,97,128,52,2,167,107,123,146,155,65,53,17,82,18,0,77,196,170,129,25,105,4,6,88,70,108,21,106,154,122,197,24,72,78,86,110,171,189,49,127,30,114,182,139,29,137,158,175,85,1,117,120,157,173,186,79,42,27,193,172,39,32,55,125,33,192,165,40,87,181,68,9,103,162,147,67,95,144,156,140,31,194,191,183,164,41,152,130,102,62,5,134,112,104,99,63,50,20,138,168,34,126,16,71,19,98,60,179,47,43,187,76,101,141,11,58,64,96,177,199,166,22,195,119,81,153,80,36,150,56,100,54,113,116,124,160,45,121];True
8281;6582;14863;[20,51,50,136,149,83,59,57,132,75,163,133,12,185,111,26,169,84,89,3,161,159,15,135,142,115,46,44,37,190,109,10,184,65,174,91,69,28,8,118,180,198,188,48,92,90,131,148,93,14,178,23,66,61,145,94,13,151,7,38,176,35,97,128,52,2,167,107,123,146,155,73,53,17,82,18,0,77,196,170,129,25,105,4,6,88,70,108,21,106,154,122,197,24,72,78,86,110,171,189,49,127,30,114,182,139,29,137,158,175,85,1,117,120,157,173,186,79,42,27,193,172,39,32,55,125,33,192,165,40,87,181,68,9,103,162,147,67,95,144,156,140,31,143,191,183,164,41,152,130,102,62,5,134,112,104,99,63,74,194,138,168,34,126,16,71,19,98,60,179,47,43,187,76,101,141,11,58,64,96,177,199,166,22,195,119,81,153,80,36,150,56,100,54,113,116,124,160,45,121];False
8273;6587;14860;[140,50,53,136,149,83,59,57,132,75,163,133,12,185,111,26,169,84,89,3,161,159,15,135,142,115,46,44,37,190,109,10,184,51,174,91,69,28,8,118,180,198,188,48,92,90,131,148,93,14,178,23,66,61,145,94,13,151,7,38,176,35,97,128,52,2,167,107,123,146,155,65,194,17,82,18,0,77,196,170,129,25,105,4,6,88,70,108,21,106,154,122,197,24,72,78,86,110,171,189,49,127,30,114,182,139,29,137,158,175,85,1,117,120,157,173,186,79,42,27,193,172,39,32,55,125,33,192,165,40,87,181,68,9,103,162,147,67,95,144,156,63,31,143,191,183,164,41,152,130,102,62,5,134,112,104,99,73,74,20,138,168,34,126,16,71,19,98,60,179,47,43,187,76,101,141,11,58,64,96,177,199,166,22,195,119,81,153,80,36,150,56,100,54,113,116,124,160,45,121];False
8257;6581;14838;[50,34,194,136,149,83,59,57,132,75,163,133,12,185,111,26,169,84,89,3,161,159,15,135,142,115,46,44,37,190,109,10,184,51,174,91,69,28,8,118,180,198,188,48,92,90,131,148,93,14,178,23,66,61,145,94,13,151,7,38,176,35,97,128,52,2,167,107,123,146,155,65,53,17,82,18,0,77,196,170,129,25,105,4,6,88,70,108,21,106,154,122,197,24,72,78,86,110,171,189,49,127,30,114,182,139,29,137,158,175,85,1,117,120,157,173,186,79,42,27,193,172,39,32,55,125,33,192,165,40,87,181,68,9,103,162,147,67,95,144,156,140,74,143,191,183,164,41,152,130,102,62,5,134,112,104,99,63,73,20,138,168,31,126,16,71,19,98,60,179,47,43,187,76,101,141,11,58,64,96,177,199,166,22,195,119,81,153,80,36,150,56,100,54,113,116,124,160,45,121];True
8248;6588;14836;[140,50,194,136,149,83,59,57,132,75,163,133,12,185,111,26,169,84,89,3,161,159,15,135,142,115,46,44,37,190,109,10,184,21,174,91,69,28,8,118,180,198,188,48,92,90,131,148,93,14,178,23,66,61,145,94,13,151,7,38,176,35,97,128,52,2,167,107,123,146,155,65,53,17,82,18,0,77,196,170,129,25,105,4,6,88,70,108,51,106,154,122,197,24,72,78,86,110,171,189,49,127,30,114,182,139,29,137,158,175,85,1,117,120,157,173,186,79,42,27,193,172,39,32,55,125,33,192,165,40,87,181,68,9,103,162,147,67,95,144,156,63,31,143,191,183,164,41,152,130,102,62,5,134,112,104,99,73,74,20,138,168,34,126,16,71,19,98,60,179,47,43,187,76,101,141,11,58,64,96,177,199,166,22,195,119,81,153,80,36,150,56,100,54,113,116,124,160,45,121];False
8237;6592;14829;[73,174,67,136,149,83,59,57,132,75,137,133,12,185,111,26,169,115,89,46,161,28,15,135,53,180,118,44,23,190,109,10,184,51,34,91,69,159,8,37,94,198,188,48,92,90,131,148,93,14,178,191,66,61,145,84,13,151,7,38,176,35,97,128,52,2,167,107,123,50,155,65,194,17,82,18,0,77,196,170,129,25,105,4,6,88,70,108,21,106,154,122,197,24,72,78,86,110,171,189,49,127,30,114,182,139,29,163,158,175,85,1,117,120,157,173,186,79,42,27,193,172,39,32,55,125,33,192,165,40,87,181,68,9,103,162,147,3,95,144,156,146,31,143,160,183,164,41,152,130,102,62,5,134,112,104,99,63,74,20,138,168,140,126,16,71,19,98,60,179,47,43,187,76,101,141,11,58,64,96,177,199,166,22,195,119,81,153,80,36,150,56,100,54,113,116,124,142,45,121];False
8177;6596;14773;[73,174,67,75,149,83,59,57,132,136,137,133,12,185,111,26,169,115,89,46,161,159,15,135,53,180,118,44,23,190,109,10,184,51,34,91,69,28,8,37,94,198,188,48,92,90,131,148,93,14,178,191,66,61,145,84,13,151,7,38,176,35,97,128,52,2,167,107,123,50,155,65,194,17,82,18,0,77,196,170,129,25,105,4,6,88,70,108,21,106,154,122,197,24,72,78,86,110,171,189,49,127,30,114,182,139,29,163,158,175,85,1,117,120,157,173,186,79,42,27,193,172,39,32,55,125,33,192,165,40,87,181,68,9,103,162,147,3,95,144,156,146,31,143,160,183,164,41,152,130,102,62,5,134,112,104,99,63,74,20,138,168,140,126,16,71,19,98,60,179,47,43,187,76,101,141,11,58,64,96,177,199,166,22,195,119,81,153,80,36,150,56,100,54,113,116,124,142,45,121];False
8188;6583;14771;[198,56,50,174,149,83,59,57,132,75,163,133,12,185,111,36,169,115,89,3,161,159,15,135,53,180,46,44,23,190,109,10,184,51,34,91,69,28,8,37,94,71,188,48,92,90,131,148,93,14,178,191,66,61,145,84,13,151,7,38,176,35,97,128,52,2,167,107,123,146,155,65,118,17,82,18,0,77,196,170,129,25,105,4,6,88,70,108,21,106,154,122,197,24,72,78,86,110,171,189,49,127,30,114,182,139,29,137,158,175,85,1,117,120,157,173,186,79,42,27,193,172,39,32,55,125,33,192,165,40,87,181,68,9,103,162,147,67,95,144,156,63,31,143,160,183,164,41,152,130,102,62,5,134,112,104,99,73,74,20,138,168,140,126,16,194,19,98,60,179,47,43,187,76,101,141,11,58,64,96,177,199,166,22,195,119,81,153,80,26,150,136,100,54,113,116,124,142,45,121];True
8166;6588;14754;[20,51,50,136,149,83,59,57,132,75,163,133,12,185,111,26,169,84,89,3,161,159,15,135,142,115,46,44,37,109,190,10,184,65,174,91,69,28,8,118,180,198,188,48,92,90,131,148,93,14,178,23,66,61,145,94,13,151,7,38,176,35,97,128,52,2,167,107,123,146,155,73,53,17,82,18,0,77,196,170,129,25,105,4,6,88,70,108,21,106,154,122,197,24,72,78,86,110,171,189,49,127,30,114,182,139,29,137,158,175,85,1,117,120,157,173,186,79,42,27,193,172,39,32,55,125,33,192,165,40,87,181,68,9,103,162,147,67,95,144,156,140,31,143,191,183,164,41,152,130,102,62,5,134,112,104,99,63,74,194,138,168,34,126,16,71,19,98,60,179,47,43,187,76,101,141,11,58,64,96,177,199,166,22,195,119,81,153,80,36,150,56,100,54,113,116,124,160,45,121];False
8147;6594;14741;[73,174,67,75,149,83,59,57,132,136,163,133,12,185,111,26,169,115,89,46,161,103,15,135,53,180,118,44,23,190,109,10,184,51,34,91,69,159,8,37,94,198,188,48,92,90,131,148,93,14,178,191,66,61,145,84,13,151,7,38,176,35,97,128,52,2,167,107,123,50,155,65,194,17,82,18,0,77,196,170,129,25,105,4,6,88,70,108,21,106,154,122,197,24,72,78,86,110,171,189,49,127,30,114,182,139,29,137,158,175,85,1,117,120,157,173,186,79,42,27,193,172,39,32,55,125,33,192,165,40,87,181,68,9,28,162,147,3,95,144,156,146,31,143,160,183,164,41,152,130,102,62,5,134,112,104,99,63,74,20,138,168,140,126,16,71,19,98,60,179,47,43,187,76,101,141,11,58,64,96,177,199,166,22,195,119,81,153,80,36,150,56,100,54,113,116,124,142,45,121];False
8142;6597;14739;[73,174,67,75,149,83,59,57,132,136,137,133,12,185,111,26,169,115,89,46,161,28,15,135,53,180,118,44,23,190,109,10,184,51,34,91,69,159,8,37,94,198,188,48,92,90,131,148,93,14,178,191,66,61,145,84,13,151,7,38,176,35,97,128,52,2,167,107,123,50,155,65,194,17,82,18,0,77,196,170,129,25,105,4,6,88,70,108,21,106,154,122,197,24,72,78,86,110,171,189,49,127,30,114,182,139,29,163,158,175,85,1,117,120,157,173,186,79,42,27,193,172,39,32,55,125,33,192,165,40,87,181,68,9,103,162,147,3,95,144,156,146,31,143,160,183,164,41,152,130,102,62,5,134,112,104,99,63,74,20,138,168,140,126,16,71,19,98,60,179,47,43,187,76,101,141,11,58,64,96,177,199,166,22,195,119,81,153,80,36,150,56,100,54,113,116,124,142,45,121];False
8097;6599;14696;[73,174,67,75,149,83,59,57,132,191,163,133,12,185,111,26,169,115,89,46,161,103,15,135,53,180,118,44,23,190,109,10,184,51,34,91,69,159,8,37,94,198,188,48,92,90,131,148,93,14,178,136,66,61,145,84,13,151,7,38,176,35,97,128,52,2,167,107,123,50,155,65,194,17,82,18,0,77,196,170,129,25,105,4,6,88,70,108,21,106,154,122,197,24,72,78,86,110,171,189,49,127,30,114,182,139,29,137,158,175,85,1,117,120,157,173,186,79,42,27,193,172,39,32,55,125,33,192,165,40,87,181,68,9,28,162,147,3,95,144,156,146,31,143,160,183,164,41,152,130,102,62,5,134,112,104,99,63,74,20,138,168,140,126,16,71,19,98,60,179,47,43,187,76,101,141,11,58,64,96,177,199,166,22,195,119,81,153,80,36,150,56,100,54,113,116,124,142,45,121];False
8082;6600;14682;[73,174,67,75,149,83,59,57,132,136,137,133,12,185,111,26,161,115,89,46,169,28,15,135,53,180,118,44,23,190,109,10,184,51,34,91,69,159,8,37,94,198,188,48,92,90,131,148,93,14,178,191,66,61,145,84,13,151,7,38,176,35,97,128,52,2,167,107,123,50,155,65,194,17,82,18,0,77,196,170,129,25,105,4,6,88,70,108,21,106,154,122,197,24,72,78,86,110,171,189,49,127,30,114,182,139,29,163,158,175,85,1,117,120,157,173,186,79,42,27,193,172,39,32,55,125,33,192,165,40,87,181,68,9,103,162,147,3,95,144,156,146,31,143,160,183,164,41,152,130,102,62,5,134,112,104,99,63,74,20,138,168,140,126,16,71,19,98,60,179,47,43,187,76,101,141,11,58,64,96,177,199,166,22,195,119,81,153,80,36,150,56,100,54,113,116,124,142,45,121];False
8081;6589;14670;[50,56,198,174,149,83,59,57,132,75,163,133,12,185,111,36,169,115,89,3,161,159,15,135,53,180,46,44,23,190,109,10,184,51,34,91,69,28,8,37,94,71,188,48,92,90,131,148,93,14,178,191,66,61,145,84,13,151,7,38,176,35,97,128,52,2,167,107,123,146,155,65,118,17,82,18,0,77,196,170,129,25,105,4,6,88,70,108,21,106,154,122,197,24,72,78,86,110,171,189,49,127,30,114,182,139,29,137,158,175,85,1,117,120,157,173,186,79,42,27,193,172,39,32,55,125,33,192,165,40,87,181,68,9,103,162,147,67,95,144,156,63,31,143,160,183,164,41,152,130,102,62,5,134,112,104,99,73,74,20,138,168,140,126,16,194,19,98,60,179,47,43,187,76,101,141,11,58,64,96,177,199,166,22,195,119,81,153,80,26,150,136,100,54,113,116,124,142,45,121];False
8030;6602;14632;[50,180,198,174,149,83,59,57,132,75,163,133,12,185,111,36,169,115,89,3,161,159,15,135,53,56,46,44,23,190,109,10,184,51,34,91,69,28,8,37,94,71,188,48,92,90,131,148,93,14,178,191,66,61,145,84,13,151,7,38,176,35,97,128,52,2,167,107,123,146,155,65,118,17,82,18,0,77,196,170,129,25,105,4,6,88,70,108,21,106,154,122,197,24,72,78,86,110,171,189,49,127,30,114,182,139,29,137,158,175,85,1,117,120,157,173,186,79,42,27,193,172,39,32,55,125,33,192,165,40,87,181,68,9,103,162,147,67,95,144,156,63,31,143,160,183,164,41,152,130,102,62,5,134,112,104,99,73,74,20,138,168,140,126,16,194,19,98,60,179,47,43,187,76,101,141,11,58,64,96,177,199,166,22,195,119,81,153,80,26,150,136,100,54,113,116,124,142,45,121];False
8044;6587;14631;[198,51,50,174,149,83,59,57,132,75,163,133,12,185,111,36,169,115,89,3,161,159,15,135,53,180,46,44,23,190,109,10,184,56,34,91,69,28,8,37,94,71,188,48,92,90,131,148,93,14,178,191,66,61,145,84,13,151,7,38,176,35,97,128,52,2,167,107,123,146,155,65,118,17,82,18,0,77,196,170,129,25,105,4,6,88,70,108,21,106,154,122,197,24,72,78,86,110,171,189,49,127,30,114,182,139,29,137,158,175,85,1,117,120,157,173,186,79,42,27,193,172,39,32,55,125,33,192,165,40,87,181,68,9,103,162,147,67,95,144,156,63,31,143,160,183,164,41,152,130,102,62,5,134,112,104,99,73,74,20,138,168,140,126,16,194,19,98,60,179,47,43,187,76,101,141,11,58,64,96,177,199,166,22,195,119,81,153,80,26,150,136,100,54,113,116,124,142,45,121];True
8008;6592;14600;[50,51,198,174,149,83,59,57,132,75,163,133,12,185,111,36,169,115,89,3,161,159,15,135,53,180,46,44,23,190,109,10,184,56,34,91,69,28,8,37,94,71,188,48,92,90,131,148,93,14,178,191,66,61,145,84,13,151,7,38,176,35,97,128,52,2,167,107,123,146,155,65,118,17,82,18,0,77,196,170,129,25,105,4,6,88,70,108,21,106,154,122,197,24,72,78,86,110,171,189,49,127,30,114,182,139,29,137,158,175,85,1,117,120,157,173,186,79,42,27,193,172,39,32,55,125,33,192,165,40,87,181,68,9,103,162,147,67,95,144,156,63,31,143,160,183,164,41,152,130,102,62,5,134,112,104,99,73,74,20,138,168,140,126,16,194,19,98,60,179,47,43,187,76,101,141,11,58,64,96,177,199,166,22,195,119,81,153,80,26,150,136,100,54,113,116,124,142,45,121];True
7994;6603;14597;[50,51,71,174,149,83,59,57,132,75,163,133,12,185,111,36,169,115,89,3,161,159,15,135,53,180,46,44,23,190,109,10,184,56,34,91,69,28,8,37,94,198,188,48,92,90,131,148,93,14,178,191,66,61,145,84,13,151,7,38,176,35,97,128,52,2,167,107,123,146,155,65,118,17,82,18,0,77,196,170,129,25,105,4,6,88,70,108,21,106,154,122,197,24,72,78,86,110,171,189,49,127,30,114,182,139,29,137,158,175,85,1,117,120,157,173,186,79,42,27,193,172,39,32,55,125,33,192,165,40,87,181,68,9,103,162,147,67,95,144,156,63,31,143,160,183,164,41,152,130,102,62,5,134,112,104,99,73,74,20,138,168,140,126,16,194,19,98,60,179,47,43,187,76,101,141,11,58,64,96,177,199,166,22,195,119,81,153,80,26,150,136,100,54,113,116,124,142,45,121];True
7939;6604;14543;[50,29,198,174,149,83,59,57,132,75,163,133,12,185,111,36,169,115,89,3,161,159,15,135,53,56,46,44,23,190,109,10,184,51,34,91,69,28,8,37,94,71,188,48,92,90,131,148,93,14,178,191,66,61,145,84,13,151,7,38,176,35,97,128,52,2,167,107,123,146,155,65,118,17,82,18,0,77,196,170,129,25,105,4,6,88,70,108,21,106,154,122,197,24,72,78,86,110,171,189,49,127,30,114,182,139,180,137,158,175,85,1,117,120,157,173,186,79,42,27,193,172,39,32,55,125,33,192,165,40,87,181,68,9,103,162,147,67,95,144,156,63,31,143,160,183,164,41,152,130,102,62,5,134,112,104,99,73,74,20,138,168,140,126,16,194,19,98,60,179,47,43,187,76,101,141,11,58,64,96,177,199,166,22,195,119,81,153,80,26,150,136,100,54,113,116,124,142,45,121];False
7918;6612;14530;[50,94,71,174,149,83,59,57,132,75,163,133,12,185,111,36,169,115,89,3,161,159,15,135,53,56,46,44,23,190,109,10,184,51,34,91,69,28,8,37,29,198,188,48,92,90,131,148,93,14,178,191,66,61,145,84,13,151,7,38,176,35,97,128,52,2,167,107,123,146,155,65,118,17,82,18,0,77,196,170,129,25,105,4,6,88,70,108,21,106,154,122,197,24,72,78,86,110,171,189,49,127,30,114,182,139,180,137,158,175,85,1,117,120,157,173,186,79,42,27,193,172,39,32,55,125,33,192,165,40,87,181,68,9,103,162,147,67,95,144,156,63,31,143,160,183,164,41,152,130,102,62,5,134,112,104,99,73,74,20,138,168,140,126,16,194,19,98,60,179,47,43,187,76,101,141,11,58,64,96,177,199,166,22,195,119,81,153,80,26,150,136,100,54,113,116,124,142,45,121];False
7902;6606;14508;[50,29,198,174,196,83,59,57,132,75,163,133,12,185,111,36,169,115,89,3,161,159,15,135,53,56,46,44,23,190,109,10,184,51,34,91,69,28,8,37,94,71,188,48,92,90,131,148,93,14,178,191,66,61,145,84,13,151,7,38,176,35,97,128,52,2,167,107,123,146,155,65,118,17,82,18,0,77,149,170,129,25,105,4,6,88,70,108,21,106,154,122,197,24,72,78,86,110,171,189,49,127,30,114,182,139,180,137,158,175,85,1,117,120,157,173,186,79,42,27,193,172,39,32,55,125,33,192,165,40,87,181,68,9,103,162,147,67,95,144,156,63,31,143,160,183,164,41,152,130,102,62,5,134,112,104,99,73,74,20,138,168,140,126,16,194,19,98,60,179,47,43,187,76,101,141,11,58,64,96,177,199,166,22,195,119,81,153,80,26,150,136,100,54,113,116,124,142,45,121];False
7895;6607;14502;[198,51,50,174,149,83,59,57,132,75,163,133,12,185,111,36,169,115,89,3,161,159,15,135,53,29,46,44,23,190,109,10,184,56,34,91,69,28,8,37,94,71,188,48,92,90,131,148,93,14,178,191,66,61,145,84,13,151,7,38,176,35,97,128,52,2,167,107,123,146,155,65,118,17,82,18,0,77,196,170,129,25,105,4,6,88,70,108,21,106,154,122,197,24,72,78,86,110,171,189,49,127,30,114,182,139,180,137,158,175,85,1,117,120,157,173,186,79,42,27,193,172,39,32,55,125,33,192,165,40,87,181,68,9,103,162,147,67,95,144,156,63,31,143,160,183,164,41,152,130,102,62,5,134,112,104,99,73,74,20,138,168,140,126,16,194,19,98,60,179,47,43,187,76,101,141,11,58,64,96,177,199,166,22,195,119,81,153,80,26,150,136,100,54,113,116,124,142,45,121];False
7885;6611;14496;[50,140,198,174,196,83,59,57,132,75,163,133,12,185,111,36,169,115,89,3,161,159,15,135,53,56,46,44,23,190,109,10,184,51,34,91,69,28,8,37,94,71,188,48,92,90,131,148,93,14,178,191,66,61,145,84,13,151,7,38,176,35,97,128,52,2,167,107,123,146,155,65,118,17,82,18,0,77,149,170,129,25,105,4,6,88,70,108,21,106,154,122,197,24,72,78,86,110,171,189,49,127,30,114,182,139,180,137,158,175,85,1,117,120,157,173,186,79,42,27,193,172,39,32,55,125,33,192,165,40,87,181,68,9,103,162,147,67,95,144,156,63,31,143,160,183,164,41,152,130,102,62,5,134,112,104,99,73,74,20,138,168,29,126,16,194,19,98,60,179,47,43,187,76,101,141,11,58,64,96,177,199,166,22,195,119,81,153,80,26,150,136,100,54,113,116,124,142,45,121];False
7874;6604;14478;[50,51,198,174,67,83,59,57,132,75,137,133,12,185,111,36,169,115,89,3,161,159,15,135,53,29,46,44,23,190,109,10,184,56,34,91,69,28,8,37,94,71,188,48,92,90,131,148,93,14,178,191,66,61,145,84,13,151,7,38,176,35,97,128,52,2,167,107,123,146,155,65,118,17,82,18,0,77,149,170,129,25,105,4,6,88,70,108,21,106,154,122,197,24,72,78,86,110,171,189,49,127,30,114,182,139,180,163,158,175,85,1,117,120,157,173,186,79,42,27,193,172,39,32,55,125,33,192,165,40,87,181,68,9,103,162,147,196,95,144,156,63,31,143,160,183,164,41,152,130,102,62,5,134,112,104,99,73,74,20,138,168,140,126,16,194,19,98,60,179,47,43,187,76,101,141,11,58,64,96,177,199,166,22,195,119,81,153,80,26,150,136,100,54,113,116,124,142,45,121];True
7859;6612;14471;[50,51,198,174,149,83,59,57,132,75,163,133,12,185,111,36,169,115,89,3,161,159,15,135,53,29,46,44,23,190,109,10,184,56,34,91,69,28,8,37,94,71,188,48,92,90,131,148,93,14,178,191,66,61,145,84,13,151,7,38,176,35,97,128,52,2,167,107,123,146,155,65,118,17,82,18,0,77,196,170,129,25,105,4,6,88,70,108,21,106,154,122,197,24,72,78,86,110,171,189,49,127,30,114,182,139,180,137,158,175,85,1,117,120,157,173,186,79,42,27,193,172,39,32,55,125,33,192,165,40,87,181,68,9,103,162,147,67,95,144,156,63,31,143,160,183,164,41,152,130,102,62,5,134,112,104,99,73,74,20,138,168,140,126,16,194,19,98,60,179,47,43,187,76,101,141,11,58,64,96,177,199,166,22,195,119,81,153,80,26,150,136,100,54,113,116,124,142,45,121];False
7865;6605;14470;[198,51,50,174,67,83,59,57,132,75,163,133,12,185,111,36,169,115,89,3,161,159,15,135,53,29,46,44,23,190,109,10,184,56,34,91,69,28,8,37,94,71,188,48,92,90,131,148,93,14,178,191,66,61,145,84,13,151,7,38,176,35,97,128,52,2,167,107,123,146,155,65,118,17,82,18,0,77,149,170,129,25,105,4,6,88,70,108,21,106,154,122,197,24,72,78,86,110,171,189,49,127,30,114,182,139,180,137,158,175,85,1,117,120,157,173,186,79,42,27,193,172,39,32,55,125,33,192,165,40,87,181,68,9,103,162,147,196,95,144,156,63,31,143,160,183,164,41,152,130,102,62,5,134,112,104,99,73,74,20,138,168,140,126,16,194,19,98,60,179,47,43,187,76,101,141,11,58,64,96,177,199,166,22,195,119,81,153,80,26,150,136,100,54,113,116,124,142,45,121];True
7858;6609;14467;[198,51,50,174,196,83,59,57,132,75,163,133,12,185,111,36,169,115,89,3,161,159,15,135,53,29,46,44,23,190,109,10,184,56,34,91,69,28,8,37,94,71,188,48,92,90,131,148,93,14,178,191,66,61,145,84,13,151,7,38,176,35,97,128,52,2,167,107,123,146,155,65,118,17,82,18,0,77,149,170,129,25,105,4,6,88,70,108,21,106,154,122,197,24,72,78,86,110,171,189,49,127,30,114,182,139,180,137,158,175,85,1,117,120,157,173,186,79,42,27,193,172,39,32,55,125,33,192,165,40,87,181,68,9,103,162,147,67,95,144,156,63,31,143,160,183,164,41,152,130,102,62,5,134,112,104,99,73,74,20,138,168,140,126,16,194,19,98,60,179,47,43,187,76,101,141,11,58,64,96,177,199,166,22,195,119,81,153,80,26,150,136,100,54,113,116,124,142,45,121];True
7834;6614;14448;[50,34,198,174,149,83,59,57,132,75,163,133,12,185,111,36,169,115,89,3,161,159,15,135,53,56,46,44,23,190,109,10,184,51,29,91,69,28,8,37,94,71,188,48,92,90,131,148,93,14,178,191,66,61,145,84,13,151,7,38,176,35,97,128,52,2,167,107,123,146,155,65,118,17,82,18,0,77,196,170,129,25,105,4,6,88,70,108,21,106,154,122,197,24,72,78,86,110,171,189,49,127,30,114,182,139,180,137,158,175,85,1,117,120,157,173,186,79,42,27,193,172,39,32,55,125,33,192,165,40,87,181,68,9,103,162,147,67,95,144,156,63,31,143,160,183,164,41,152,130,102,62,5,134,112,104,99,73,74,20,138,168,140,126,16,194,19,98,60,179,47,43,187,76,101,141,11,58,64,96,177,199,166,22,195,119,81,153,80,26,150,136,100,54,113,116,124,142,45,121];False
7829;6610;14439;[50,51,198,174,67,83,59,57,132,75,163,133,12,185,111,36,169,115,89,3,161,159,15,135,53,29,46,44,23,190,109,10,184,56,34,91,69,28,8,37,94,71,188,48,92,90,131,148,93,14,178,191,66,61,145,84,13,151,7,38,176,35,97,128,52,2,167,107,123,146,155,65,118,17,82,18,0,77,149,170,129,25,105,4,6,88,70,108,21,106,154,122,197,24,72,78,86,110,171,189,49,127,30,114,182,139,180,137,158,175,85,1,117,120,157,173,186,79,42,27,193,172,39,32,55,125,33,192,165,40,87,181,68,9,103,162,147,196,95,144,156,63,31,143,160,183,164,41,152,130,102,62,5,134,112,104,99,73,74,20,138,168,140,126,16,194,19,98,60,179,47,43,187,76,101,141,11,58,64,96,177,199,166,22,195,119,81,153,80,26,150,136,100,54,113,116,124,142,45,121];True
7822;6614;14436;[50,51,198,174,196,83,59,57,132,75,163,133,12,185,111,36,169,115,89,3,161,159,15,135,53,29,46,44,23,190,109,10,184,56,34,91,69,28,8,37,94,71,188,48,92,90,131,148,93,14,178,191,66,61,145,84,13,151,7,38,176,35,97,128,52,2,167,107,123,146,155,65,118,17,82,18,0,77,149,170,129,25,105,4,6,88,70,108,21,106,154,122,197,24,72,78,86,110,171,189,49,127,30,114,182,139,180,137,158,175,85,1,117,120,157,173,186,79,42,27,193,172,39,32,55,125,33,192,165,40,87,181,68,9,103,162,147,67,95,144,156,63,31,143,160,183,164,41,152,130,102,62,5,134,112,104,99,73,74,20,138,168,140,126,16,194,19,98,60,179,47,43,187,76,101,141,11,58,64,96,177,199,166,22,195,119,81,153,80,26,150,136,100,54,113,116,124,142,45,121];True
7797;6616;14413;[50,34,198,174,196,83,59,57,132,75,163,133,12,185,111,36,169,115,89,3,161,159,15,135,53,56,46,44,23,190,109,10,184,51,29,91,69,28,8,37,94,71,188,48,92,90,131,148,93,14,178,191,66,61,145,84,13,151,7,38,176,35,97,128,52,2,167,107,123,146,155,65,118,17,82,18,0,77,149,170,129,25,105,4,6,88,70,108,21,106,154,122,197,24,72,78,86,110,171,189,49,127,30,114,182,139,180,137,158,175,85,1,117,120,157,173,186,79,42,27,193,172,39,32,55,125,33,192,165,40,87,181,68,9,103,162,147,67,95,144,156,63,31,143,160,183,164,41,152,130,102,62,5,134,112,104,99,73,74,20,138,168,140,126,16,194,19,98,60,179,47,43,187,76,101,141,11,58,64,96,177,199,166,22,195,119,81,153,80,26,150,136,100,54,113,116,124,142,45,121];False
7363;6615;13978;[198,174,67,163,128,158,141,47,89,75,137,133,12,185,54,52,189,28,38,14,72,118,10,36,184,66,46,44,23,190,109,56,73,74,143,91,69,159,15,135,37,8,71,48,92,90,131,59,93,3,169,142,191,61,145,94,13,86,7,77,176,35,97,171,57,2,167,107,123,50,146,51,20,17,82,78,170,18,132,161,115,25,105,4,6,88,70,108,21,106,154,122,197,162,125,49,111,110,129,24,130,127,30,114,182,139,178,136,101,175,85,1,117,120,157,173,186,79,42,27,193,172,39,32,55,155,33,192,165,40,87,181,68,9,103,140,147,196,95,144,156,180,188,65,53,183,164,41,149,152,102,62,98,134,112,104,99,63,31,34,138,168,29,126,16,194,19,83,60,179,5,43,187,76,151,148,80,58,64,96,177,199,166,22,195,119,81,153,11,26,150,84,100,0,113,116,124,160,45,121];True
7358;6618;13976;[198,84,67,163,128,158,141,47,89,75,137,133,12,185,54,52,189,28,38,14,72,118,10,36,184,66,46,44,23,190,109,56,73,74,143,91,69,159,15,135,37,8,71,48,92,90,131,59,93,3,169,142,191,61,145,94,13,86,7,77,176,35,97,171,57,2,167,107,123,50,146,51,20,17,82,78,170,18,132,161,115,25,105,4,6,88,70,108,21,106,154,122,197,162,125,49,111,110,129,24,130,127,30,114,182,139,178,136,101,175,85,1,117,120,157,173,186,79,42,27,193,172,39,32,55,155,33,192,165,40,87,181,68,9,103,140,147,196,95,144,156,180,188,65,53,183,164,41,149,152,102,62,98,134,112,104,99,63,31,34,138,168,29,126,16,194,19,83,60,179,5,43,187,76,151,148,80,58,64,96,177,199,166,22,195,119,81,153,11,26,150,174,100,0,113,116,124,160,45,121];True
7354;6620;13974;[34,84,67,163,128,158,141,47,89,75,137,133,12,185,54,52,189,28,38,14,72,118,10,36,184,66,46,44,23,190,109,56,73,74,143,91,69,159,15,135,37,8,71,48,92,90,131,59,93,3,169,142,191,61,145,94,13,86,7,77,176,35,97,171,57,2,167,107,123,50,146,51,20,17,82,78,170,18,132,161,115,25,105,4,6,88,70,108,21,106,154,122,197,162,125,49,111,110,129,24,130,127,30,114,182,139,178,136,101,175,85,1,117,120,157,173,186,79,42,27,193,172,39,32,55,155,33,192,165,40,87,181,68,9,103,140,147,196,95,144,156,180,188,65,53,183,164,41,149,152,102,62,98,134,112,104,99,63,31,198,138,168,29,126,16,194,19,83,60,179,5,43,187,76,151,148,80,58,64,96,177,199,166,22,195,119,81,153,11,26,150,174,100,0,113,116,124,160,45,121];False
7335;6619;13954;[34,84,67,163,128,158,141,47,189,75,137,133,12,185,54,52,89,28,38,14,72,118,10,36,184,66,46,44,23,190,109,56,73,74,143,91,69,159,15,135,37,8,71,48,92,90,131,59,93,3,169,142,191,61,145,94,13,86,7,77,176,35,97,171,57,2,167,107,123,50,146,51,20,17,82,78,170,18,132,161,115,25,105,4,6,88,70,108,21,106,154,122,197,162,125,49,111,110,129,24,130,127,30,114,182,139,178,136,101,175,85,1,117,120,157,173,186,79,42,27,193,172,39,32,55,155,33,192,165,40,87,181,68,9,103,140,147,196,95,144,156,180,188,65,53,183,164,41,149,152,102,62,98,134,112,104,99,63,31,198,138,168,29,126,16,194,19,83,60,179,5,43,187,76,151,148,80,58,64,96,177,199,166,22,195,119,81,153,11,26,150,174,100,0,113,116,124,160,45,121];True
7326;6621;13947;[198,174,67,163,111,128,141,47,89,75,137,133,12,185,54,52,189,28,38,14,72,118,10,36,184,66,46,44,23,190,109,56,73,74,143,91,69,159,15,135,37,8,71,48,92,90,131,59,93,3,169,142,191,61,145,94,13,86,7,77,176,35,97,171,57,2,167,107,123,50,146,51,20,17,82,78,170,18,132,161,115,25,105,4,6,88,70,108,21,106,154,122,197,162,125,49,158,110,129,24,130,127,30,114,182,139,178,136,101,175,85,1,117,120,157,173,186,79,42,27,193,172,39,32,55,155,33,192,165,40,87,181,68,9,103,140,147,196,95,144,156,180,188,65,53,183,164,41,149,152,102,62,98,134,112,104,99,63,31,34,138,168,29,126,16,194,19,83,60,179,5,43,187,76,151,148,80,58,64,96,177,199,166,22,195,119,81,153,11,26,150,84,100,0,113,116,124,160,45,121];False
7243;6621;13864;[198,174,67,163,158,128,141,47,89,75,137,133,12,185,54,52,189,28,38,14,72,118,10,36,184,66,46,44,23,190,109,56,73,74,143,91,69,159,15,135,37,8,71,48,92,90,131,59,93,3,169,142,191,61,145,94,13,86,7,77,176,35,97,171,57,2,167,107,123,50,146,51,20,17,82,78,170,18,132,161,115,25,105,4,6,88,70,108,21,106,154,122,197,162,125,49,111,110,129,24,130,127,30,114,182,139,178,136,101,175,85,1,117,120,157,173,186,79,42,27,193,172,39,32,55,155,33,192,165,40,87,181,68,9,103,140,147,196,95,144,156,180,188,65,53,183,164,41,149,152,102,62,98,134,112,104,99,63,31,34,138,168,29,126,16,194,19,83,60,179,5,43,187,76,151,148,80,58,64,96,177,199,166,22,195,119,81,153,11,26,150,84,100,0,113,116,124,160,45,121];True
7222;6622;13844;[198,174,67,163,86,128,141,47,89,75,137,133,12,185,54,52,189,28,38,14,72,118,10,36,184,66,46,44,23,190,109,56,73,74,143,91,69,159,15,135,37,8,71,48,92,90,131,59,93,3,169,142,191,61,145,94,13,111,7,77,176,35,97,171,57,2,167,107,123,50,146,51,20,17,82,78,170,18,132,161,115,25,105,4,6,88,70,108,21,106,154,122,197,162,125,49,158,110,129,24,130,127,30,114,182,139,178,136,101,175,85,1,117,120,157,173,186,79,42,27,193,172,39,32,55,155,33,192,165,40,87,181,68,9,103,140,147,196,95,144,156,180,188,65,53,183,164,41,149,152,102,62,98,134,112,104,99,63,31,34,138,168,29,126,16,194,19,83,60,179,5,43,187,76,151,148,80,58,64,96,177,199,166,22,195,119,81,153,11,26,150,84,100,0,113,116,124,160,45,121];True
7183;6629;13812;[198,174,67,163,158,128,141,47,89,75,137,133,12,185,54,52,189,28,38,14,72,118,10,36,184,66,46,44,23,190,109,56,73,74,143,91,69,159,15,135,37,8,71,48,92,90,131,59,93,3,169,142,191,61,145,94,13,111,7,77,176,35,97,171,57,2,167,107,123,50,146,51,20,17,82,78,170,18,132,161,115,25,105,4,6,88,70,108,21,106,154,122,197,162,125,49,86,110,129,24,130,127,30,114,182,139,178,136,101,175,85,1,117,120,157,173,186,79,42,27,193,172,39,32,55,155,33,192,165,40,87,181,68,9,103,140,147,196,95,144,156,180,188,65,53,183,164,41,149,152,102,62,98,134,112,104,99,63,31,34,138,168,29,126,16,194,19,83,60,179,5,43,187,76,151,148,80,58,64,96,177,199,166,22,195,119,81,153,11,26,150,84,100,0,113,116,124,160,45,121];False
7178;6632;13810;[198,84,67,163,158,128,141,47,89,75,137,133,12,185,54,52,189,28,38,14,72,118,10,36,184,66,46,44,23,190,109,56,73,74,143,91,69,159,15,135,37,8,71,48,92,90,131,59,93,3,169,142,191,61,145,94,13,111,7,77,176,35,97,171,57,2,167,107,123,50,146,51,20,17,82,78,170,18,132,161,115,25,105,4,6,88,70,108,21,106,154,122,197,162,125,49,86,110,129,24,130,127,30,114,182,139,178,136,101,175,85,1,117,120,157,173,186,79,42,27,193,172,39,32,55,155,33,192,165,40,87,181,68,9,103,140,147,196,95,144,156,180,188,65,53,183,164,41,149,152,102,62,98,134,112,104,99,63,31,34,138,168,29,126,16,194,19,83,60,179,5,43,187,76,151,148,80,58,64,96,177,199,166,22,195,119,81,153,11,26,150,174,100,0,113,116,124,160,45,121];False
7179;6630;13809;[198,174,67,163,158,42,141,47,89,75,137,133,12,185,54,52,189,28,38,14,72,118,10,36,184,66,46,44,23,190,109,56,73,74,143,91,69,159,15,135,37,8,71,48,92,90,131,59,93,3,169,142,191,61,145,94,13,111,7,77,176,35,97,171,57,2,167,107,123,50,146,51,20,17,82,78,170,18,132,161,115,25,105,4,6,88,70,108,21,106,154,122,197,162,125,49,86,110,129,24,130,127,30,114,182,139,178,136,101,175,85,1,117,120,157,173,186,79,128,27,193,172,39,32,55,155,33,192,165,40,87,181,68,9,103,140,147,196,95,144,156,180,188,65,53,183,164,41,149,152,102,62,98,134,112,104,99,63,31,34,138,168,29,126,16,194,19,83,60,179,5,43,187,76,151,148,80,58,64,96,177,199,166,22,195,119,81,153,11,26,150,84,100,0,113,116,124,160,45,121];False
7174;6633;13807;[198,84,67,163,158,42,141,47,89,75,137,133,12,185,54,52,189,28,38,14,72,118,10,36,184,66,46,44,23,190,109,56,73,74,143,91,69,159,15,135,37,8,71,48,92,90,131,59,93,3,169,142,191,61,145,94,13,111,7,77,176,35,97,171,57,2,167,107,123,50,146,51,20,17,82,78,170,18,132,161,115,25,105,4,6,88,70,108,21,106,154,122,197,162,125,49,86,110,129,24,130,127,30,114,182,139,178,136,101,175,85,1,117,120,157,173,186,79,128,27,193,172,39,32,55,155,33,192,165,40,87,181,68,9,103,140,147,196,95,144,156,180,188,65,53,183,164,41,149,152,102,62,98,134,112,104,99,63,31,34,138,168,29,126,16,194,19,83,60,179,5,43,187,76,151,148,80,58,64,96,177,199,166,22,195,119,81,153,11,26,150,174,100,0,113,116,124,160,45,121];False
7115;6645;13760;[34,90,67,163,158,60,141,119,89,75,137,133,12,185,54,52,189,28,38,14,72,118,10,36,184,66,46,44,23,190,109,56,73,74,143,91,69,159,15,135,37,8,71,48,92,84,131,59,93,3,169,142,191,61,145,94,13,111,7,77,176,35,97,171,57,2,167,107,123,50,146,51,20,17,82,78,170,18,132,161,115,25,105,4,6,88,70,108,21,106,154,122,197,162,125,49,86,110,129,24,130,127,30,114,182,139,178,136,101,175,85,1,117,120,157,173,186,79,42,27,193,172,39,32,55,155,33,192,165,40,87,181,68,9,103,140,147,196,95,144,156,180,188,65,53,183,164,41,149,152,102,62,98,134,112,104,99,63,31,198,138,168,29,126,16,194,19,83,128,179,5,43,187,76,151,148,80,58,64,96,177,199,166,22,195,11,81,153,47,26,150,174,100,0,113,116,124,160,45,121];False
7097;6625;13722;[198,174,67,163,158,60,179,47,89,75,137,133,12,185,54,52,189,28,38,14,72,118,10,36,184,66,46,44,23,190,109,56,73,74,143,91,69,159,15,135,37,8,71,48,92,90,131,59,93,3,169,142,191,61,145,94,13,111,7,77,176,35,97,171,57,2,167,107,123,50,146,51,20,17,82,78,170,18,132,161,115,25,105,4,6,88,70,108,21,106,154,122,197,162,125,49,86,110,129,24,130,127,30,114,182,139,178,136,101,175,85,1,117,120,157,173,186,79,42,27,193,172,39,32,55,155,33,192,165,40,87,181,68,9,103,140,147,196,95,144,156,180,188,65,53,183,164,41,149,152,102,62,98,134,112,104,99,63,31,34,138,168,29,126,16,194,19,83,128,141,5,43,187,76,151,148,80,58,64,96,177,199,166,22,195,119,81,153,11,26,150,84,100,0,113,116,124,160,45,121];False
7092;6628;13720;[198,84,67,163,158,60,179,47,89,75,137,133,12,185,54,52,189,28,38,14,72,118,10,36,184,66,46,44,23,190,109,56,73,74,143,91,69,159,15,135,37,8,71,48,92,90,131,59,93,3,169,142,191,61,145,94,13,111,7,77,176,35,97,171,57,2,167,107,123,50,146,51,20,17,82,78,170,18,132,161,115,25,105,4,6,88,70,108,21,106,154,122,197,162,125,49,86,110,129,24,130,127,30,114,182,139,178,136,101,175,85,1,117,120,157,173,186,79,42,27,193,172,39,32,55,155,33,192,165,40,87,181,68,9,103,140,147,196,95,144,156,180,188,65,53,183,164,41,149,152,102,62,98,134,112,104,99,63,31,34,138,168,29,126,16,194,19,83,128,141,5,43,187,76,151,148,80,58,64,96,177,199,166,22,195,119,81,153,11,26,150,174,100,0,113,116,124,160,45,121];False
7088;6630;13718;[34,84,67,163,158,60,179,47,89,75,137,133,12,185,54,52,189,28,38,14,72,118,10,36,184,66,46,44,23,190,109,56,73,74,143,91,69,159,15,135,37,8,71,48,92,90,131,59,93,3,169,142,191,61,145,94,13,111,7,77,176,35,97,171,57,2,167,107,123,50,146,51,20,17,82,78,170,18,132,161,115,25,105,4,6,88,70,108,21,106,154,122,197,162,125,49,86,110,129,24,130,127,30,114,182,139,178,136,101,175,85,1,117,120,157,173,186,79,42,27,193,172,39,32,55,155,33,192,165,40,87,181,68,9,103,140,147,196,95,144,156,180,188,65,53,183,164,41,149,152,102,62,98,134,112,104,99,63,31,198,138,168,29,126,16,194,19,83,128,141,5,43,187,76,151,148,80,58,64,96,177,199,166,22,195,119,81,153,11,26,150,174,100,0,113,116,124,160,45,121];False
7078;6624;13702;[198,174,67,163,158,60,179,47,189,75,137,133,12,185,54,52,89,28,38,14,72,118,10,36,184,66,46,44,23,190,109,56,73,74,143,91,69,159,15,135,37,8,71,48,92,90,131,59,93,3,169,142,191,61,145,94,13,111,7,77,176,35,97,171,57,2,167,107,123,50,146,51,20,17,82,78,170,18,132,161,115,25,105,4,6,88,70,108,21,106,154,122,197,162,125,49,86,110,129,24,130,127,30,114,182,139,178,136,101,175,85,1,117,120,157,173,186,79,42,27,193,172,39,32,55,155,33,192,165,40,87,181,68,9,103,140,147,196,95,144,156,180,188,65,53,183,164,41,149,152,102,62,98,134,112,104,99,63,31,34,138,168,29,126,16,194,19,83,128,141,5,43,187,76,151,148,80,58,64,96,177,199,166,22,195,119,81,153,11,26,150,84,100,0,113,116,124,160,45,121];True
7073;6627;13700;[198,84,67,163,158,60,179,47,189,75,137,133,12,185,54,52,89,28,38,14,72,118,10,36,184,66,46,44,23,190,109,56,73,74,143,91,69,159,15,135,37,8,71,48,92,90,131,59,93,3,169,142,191,61,145,94,13,111,7,77,176,35,97,171,57,2,167,107,123,50,146,51,20,17,82,78,170,18,132,161,115,25,105,4,6,88,70,108,21,106,154,122,197,162,125,49,86,110,129,24,130,127,30,114,182,139,178,136,101,175,85,1,117,120,157,173,186,79,42,27,193,172,39,32,55,155,33,192,165,40,87,181,68,9,103,140,147,196,95,144,156,180,188,65,53,183,164,41,149,152,102,62,98,134,112,104,99,63,31,34,138,168,29,126,16,194,19,83,128,141,5,43,187,76,151,148,80,58,64,96,177,199,166,22,195,119,81,153,11,26,150,174,100,0,113,116,124,160,45,121];True
7047;6647;13694;[34,90,67,83,86,128,42,119,132,89,137,133,12,185,54,52,189,28,38,14,72,118,10,36,184,66,46,44,23,190,109,48,73,74,143,91,69,159,15,135,37,8,71,56,92,84,131,59,93,3,169,142,191,61,145,94,13,111,7,77,176,35,97,171,57,2,167,107,123,50,146,51,20,17,82,78,170,18,75,161,115,25,105,4,6,88,70,108,21,180,154,122,197,162,125,163,158,110,129,24,130,127,30,114,182,139,178,136,101,175,85,1,117,120,157,173,186,79,141,27,193,172,39,32,55,155,33,192,165,40,87,181,68,9,103,140,147,196,95,144,156,106,188,65,53,183,164,41,149,152,102,62,11,134,112,104,99,63,31,198,138,168,29,126,16,194,19,49,60,179,5,43,187,76,151,148,80,58,64,96,177,199,166,22,195,98,81,153,47,26,150,174,100,0,113,116,124,160,45,121];False
7049;6636;13685;[34,90,67,163,158,60,179,47,89,75,137,133,12,185,54,52,189,28,38,14,72,118,10,36,184,66,46,44,23,190,109,56,73,74,143,91,69,159,15,135,37,8,71,48,92,84,131,59,93,3,169,142,191,61,145,94,13,111,7,77,176,35,97,171,57,2,167,107,123,50,146,51,20,17,82,78,170,18,132,161,115,25,105,4,6,88,70,108,21,106,154,122,197,162,125,49,86,110,129,24,130,127,30,114,182,139,178,136,101,175,85,1,117,120,157,173,186,79,42,27,193,172,39,32,55,155,33,192,165,40,87,181,68,9,103,140,147,196,95,144,156,180,188,65,53,183,164,41,149,152,102,62,98,134,112,104,99,63,31,198,138,168,29,126,16,194,19,83,128,141,5,43,187,76,151,148,80,58,64,96,177,199,166,22,195,119,81,153,11,26,150,174,100,0,113,116,124,160,45,121];True
7044;6637;13681;[198,174,67,163,158,60,179,11,89,75,137,133,12,185,54,52,189,28,38,14,72,118,10,36,184,66,46,44,23,190,109,56,73,74,143,91,69,159,15,135,37,8,71,48,92,90,131,59,93,3,169,142,191,61,145,94,13,111,7,77,176,35,97,171,57,2,167,107,123,50,146,51,20,17,82,78,170,18,132,161,115,25,105,4,6,88,70,108,21,106,154,122,197,162,125,49,86,110,129,24,130,127,30,114,182,139,178,136,101,175,85,1,117,120,157,173,186,79,42,27,193,172,39,32,55,155,33,192,165,40,87,181,68,9,103,140,147,196,95,144,156,180,188,65,53,183,164,41,149,152,102,62,98,134,112,104,99,63,31,34,138,168,29,126,16,194,19,83,128,141,5,43,187,76,151,148,80,58,64,96,177,199,166,22,195,119,81,153,47,26,150,84,100,0,113,116,124,160,45,121];False
7039;6640;13679;[198,84,67,163,158,60,179,11,89,75,137,133,12,185,54,52,189,28,38,14,72,118,10,36,184,66,46,44,23,190,109,56,73,74,143,91,69,159,15,135,37,8,71,48,92,90,131,59,93,3,169,142,191,61,145,94,13,111,7,77,176,35,97,171,57,2,167,107,123,50,146,51,20,17,82,78,170,18,132,161,115,25,105,4,6,88,70,108,21,106,154,122,197,162,125,49,86,110,129,24,130,127,30,114,182,139,178,136,101,175,85,1,117,120,157,173,186,79,42,27,193,172,39,32,55,155,33,192,165,40,87,181,68,9,103,140,147,196,95,144,156,180,188,65,53,183,164,41,149,152,102,62,98,134,112,104,99,63,31,34,138,168,29,126,16,194,19,83,128,141,5,43,187,76,151,148,80,58,64,96,177,199,166,22,195,119,81,153,47,26,150,174,100,0,113,116,124,160,45,121];False
7035;6642;13677;[34,84,67,163,158,60,179,11,89,75,137,133,12,185,54,52,189,28,38,14,72,118,10,36,184,66,46,44,23,190,109,56,73,74,143,91,69,159,15,135,37,8,71,48,92,90,131,59,93,3,169,142,191,61,145,94,13,111,7,77,176,35,97,171,57,2,167,107,123,50,146,51,20,17,82,78,170,18,132,161,115,25,105,4,6,88,70,108,21,106,154,122,197,162,125,49,86,110,129,24,130,127,30,114,182,139,178,136,101,175,85,1,117,120,157,173,186,79,42,27,193,172,39,32,55,155,33,192,165,40,87,181,68,9,103,140,147,196,95,144,156,180,188,65,53,183,164,41,149,152,102,62,98,134,112,104,99,63,31,198,138,168,29,126,16,194,19,83,128,141,5,43,187,76,151,148,80,58,64,96,177,199,166,22,195,119,81,153,47,26,150,174,100,0,113,116,124,160,45,121];False
7015;6638;13653;[198,174,67,163,158,30,179,47,89,75,137,133,12,185,54,52,189,28,38,14,72,118,10,36,184,66,46,44,23,190,109,56,73,74,143,91,69,159,15,135,37,8,71,48,92,90,131,59,93,3,169,142,191,61,145,94,13,111,7,77,176,35,97,171,57,2,167,107,123,50,146,51,20,17,82,78,170,18,132,161,115,25,105,4,6,88,70,108,21,106,154,122,197,162,125,49,86,110,129,24,130,127,60,114,182,139,178,136,101,175,85,1,117,120,157,173,186,79,42,27,193,172,39,32,55,155,33,192,165,40,87,181,68,9,103,140,147,196,95,144,156,180,188,65,53,183,164,41,149,152,102,62,98,134,112,104,99,63,31,34,138,168,29,126,16,194,19,83,128,141,5,43,187,76,151,148,80,58,64,96,177,199,166,22,195,119,81,153,11,26,150,84,100,0,113,116,124,160,45,121];False
7010;6641;13651;[198,84,67,163,158,30,179,47,89,75,137,133,12,185,54,52,189,28,38,14,72,118,10,36,184,66,46,44,23,190,109,56,73,74,143,91,69,159,15,135,37,8,71,48,92,90,131,59,93,3,169,142,191,61,145,94,13,111,7,77,176,35,97,171,57,2,167,107,123,50,146,51,20,17,82,78,170,18,132,161,115,25,105,4,6,88,70,108,21,106,154,122,197,162,125,49,86,110,129,24,130,127,60,114,182,139,178,136,101,175,85,1,117,120,157,173,186,79,42,27,193,172,39,32,55,155,33,192,165,40,87,181,68,9,103,140,147,196,95,144,156,180,188,65,53,183,164,41,149,152,102,62,98,134,112,104,99,63,31,34,138,168,29,126,16,194,19,83,128,141,5,43,187,76,151,148,80,58,64,96,177,199,166,22,195,119,81,153,11,26,150,174,100,0,113,116,124,160,45,121];False
6996;6637;13633;[198,174,67,163,158,30,179,47,189,75,137,133,12,185,54,52,89,28,38,14,72,118,10,36,184,66,46,44,23,190,109,56,73,74,143,91,69,159,15,135,37,8,71,48,92,90,131,59,93,3,169,142,191,61,145,94,13,111,7,77,176,35,97,171,57,2,167,107,123,50,146,51,20,17,82,78,170,18,132,161,115,25,105,4,6,88,70,108,21,106,154,122,197,162,125,49,86,110,129,24,130,127,60,114,182,139,178,136,101,175,85,1,117,120,157,173,186,79,42,27,193,172,39,32,55,155,33,192,165,40,87,181,68,9,103,140,147,196,95,144,156,180,188,65,53,183,164,41,149,152,102,62,98,134,112,104,99,63,31,34,138,168,29,126,16,194,19,83,128,141,5,43,187,76,151,148,80,58,64,96,177,199,166,22,195,119,81,153,11,26,150,84,100,0,113,116,124,160,45,121];True
6991;6640;13631;[198,84,67,163,158,30,179,47,189,75,137,133,12,185,54,52,89,28,38,14,72,118,10,36,184,66,46,44,23,190,109,56,73,74,143,91,69,159,15,135,37,8,71,48,92,90,131,59,93,3,169,142,191,61,145,94,13,111,7,77,176,35,97,171,57,2,167,107,123,50,146,51,20,17,82,78,170,18,132,161,115,25,105,4,6,88,70,108,21,106,154,122,197,162,125,49,86,110,129,24,130,127,60,114,182,139,178,136,101,175,85,1,117,120,157,173,186,79,42,27,193,172,39,32,55,155,33,192,165,40,87,181,68,9,103,140,147,196,95,144,156,180,188,65,53,183,164,41,149,152,102,62,98,134,112,104,99,63,31,34,138,168,29,126,16,194,19,83,128,141,5,43,187,76,151,148,80,58,64,96,177,199,166,22,195,119,81,153,11,26,150,174,100,0,113,116,124,160,45,121];False
6952;6638;13590;[198,174,67,163,158,60,42,47,89,75,137,133,12,185,54,52,189,28,38,14,72,118,10,36,184,66,46,44,23,190,109,56,73,74,143,91,69,159,15,135,37,8,71,48,92,90,131,59,93,3,169,142,191,61,145,94,13,111,7,77,176,35,97,171,57,2,167,107,123,50,146,51,20,17,82,78,170,18,132,161,115,25,105,4,6,88,70,108,21,106,154,122,197,162,125,49,86,110,129,24,130,127,30,114,182,139,178,136,101,175,85,1,117,120,157,173,186,79,179,27,193,172,39,32,55,155,33,192,165,40,87,181,68,9,103,140,147,196,95,144,156,180,188,65,53,183,164,41,149,152,102,62,98,134,112,104,99,63,31,34,138,168,29,126,16,194,19,83,128,141,5,43,187,76,151,148,80,58,64,96,177,199,166,22,195,119,81,153,11,26,150,84,100,0,113,116,124,160,45,121];True
6947;6641;13588;[198,84,67,163,158,60,42,47,89,75,137,133,12,185,54,52,189,28,38,14,72,118,10,36,184,66,46,44,23,190,109,56,73,74,143,91,69,159,15,135,37,8,71,48,92,90,131,59,93,3,169,142,191,61,145,94,13,111,7,77,176,35,97,171,57,2,167,107,123,50,146,51,20,17,82,78,170,18,132,161,115,25,105,4,6,88,70,108,21,106,154,122,197,162,125,49,86,110,129,24,130,127,30,114,182,139,178,136,101,175,85,1,117,120,157,173,186,79,179,27,193,172,39,32,55,155,33,192,165,40,87,181,68,9,103,140,147,196,95,144,156,180,188,65,53,183,164,41,149,152,102,62,98,134,112,104,99,63,31,34,138,168,29,126,16,194,19,83,128,141,5,43,187,76,151,148,80,58,64,96,177,199,166,22,195,119,81,153,11,26,150,174,100,0,113,116,124,160,45,121];True
6927;6642;13569;[198,174,67,83,86,128,141,119,132,89,137,133,12,185,54,52,189,28,38,14,136,118,10,36,184,66,46,44,23,190,109,48,73,74,143,91,69,159,15,135,37,8,71,56,92,90,131,59,93,3,169,142,191,61,145,94,13,111,7,77,176,35,97,171,57,2,167,107,123,50,146,51,20,17,82,78,170,18,75,161,115,25,105,4,6,88,70,108,21,106,154,122,197,162,125,163,158,110,129,24,130,127,30,114,182,139,178,72,101,175,85,1,117,120,157,173,186,79,42,27,193,172,39,32,55,155,33,192,165,40,87,181,68,9,103,140,147,196,95,144,156,180,188,65,53,183,164,41,149,152,102,62,11,134,112,104,99,63,31,34,138,168,29,126,16,194,19,49,60,179,5,43,187,76,151,148,80,58,64,96,177,199,166,22,195,98,81,153,47,26,150,84,100,0,113,116,124,160,45,121];True
6922;6645;13567;[198,84,67,83,86,128,141,119,132,89,137,133,12,185,54,52,189,28,38,14,136,118,10,36,184,66,46,44,23,190,109,48,73,74,143,91,69,159,15,135,37,8,71,56,92,90,131,59,93,3,169,142,191,61,145,94,13,111,7,77,176,35,97,171,57,2,167,107,123,50,146,51,20,17,82,78,170,18,75,161,115,25,105,4,6,88,70,108,21,106,154,122,197,162,125,163,158,110,129,24,130,127,30,114,182,139,178,72,101,175,85,1,117,120,157,173,186,79,42,27,193,172,39,32,55,155,33,192,165,40,87,181,68,9,103,140,147,196,95,144,156,180,188,65,53,183,164,41,149,152,102,62,11,134,112,104,99,63,31,34,138,168,29,126,16,194,19,49,60,179,5,43,187,76,151,148,80,58,64,96,177,199,166,22,195,98,81,153,47,26,150,174,100,0,113,116,124,160,45,121];False
6920;6646;13566;[198,174,196,83,86,128,141,119,132,89,137,133,12,185,54,52,189,28,38,14,136,118,10,36,184,66,46,44,23,190,109,48,73,74,143,91,69,159,15,135,37,8,71,56,92,90,131,59,93,3,169,142,191,61,145,94,13,111,7,77,176,35,97,171,57,2,167,107,123,50,146,51,20,17,82,78,170,18,75,161,115,25,105,4,6,88,70,108,21,106,154,122,197,162,125,163,158,110,129,24,130,127,30,114,182,139,178,72,101,175,85,1,117,120,157,173,186,79,42,27,193,172,39,32,55,155,33,192,165,40,87,181,68,9,103,140,147,67,95,144,156,180,188,65,53,183,164,41,149,152,102,62,11,134,112,104,99,63,31,34,138,168,29,126,16,194,19,49,60,179,5,43,187,76,151,148,80,58,64,96,177,199,166,22,195,98,81,153,47,26,150,84,100,0,113,116,124,160,45,121];False
6918;6647;13565;[34,84,67,83,86,128,141,119,132,89,137,133,12,185,54,52,189,28,38,14,136,118,10,36,184,66,46,44,23,190,109,48,73,74,143,91,69,159,15,135,37,8,71,56,92,90,131,59,93,3,169,142,191,61,145,94,13,111,7,77,176,35,97,171,57,2,167,107,123,50,146,51,20,17,82,78,170,18,75,161,115,25,105,4,6,88,70,108,21,106,154,122,197,162,125,163,158,110,129,24,130,127,30,114,182,139,178,72,101,175,85,1,117,120,157,173,186,79,42,27,193,172,39,32,55,155,33,192,165,40,87,181,68,9,103,140,147,196,95,144,156,180,188,65,53,183,164,41,149,152,102,62,11,134,112,104,99,63,31,198,138,168,29,126,16,194,19,49,60,179,5,43,187,76,151,148,80,58,64,96,177,199,166,22,195,98,81,153,47,26,150,174,100,0,113,116,124,160,45,121];False
6909;6644;13553;[198,174,67,83,86,128,42,119,132,89,137,133,12,185,54,52,189,28,38,14,136,118,10,36,184,66,46,44,23,190,109,48,73,74,143,91,69,159,15,135,37,8,71,56,92,90,131,59,93,3,169,142,191,61,145,94,13,111,7,77,176,35,97,171,57,2,167,107,123,50,146,51,20,17,82,78,170,18,75,161,115,25,105,4,6,88,70,108,21,106,154,122,197,162,125,163,158,110,129,24,130,127,30,114,182,139,178,72,101,175,85,1,117,120,157,173,186,79,141,27,193,172,39,32,55,155,33,192,165,40,87,181,68,9,103,140,147,196,95,144,156,180,188,65,53,183,164,41,149,152,102,62,11,134,112,104,99,63,31,34,138,168,29,126,16,194,19,49,60,179,5,43,187,76,151,148,80,58,64,96,177,199,166,22,195,98,81,153,47,26,150,84,100,0,113,116,124,160,45,121];True
6904;6649;13553;[34,90,67,163,158,60,42,47,89,75,137,133,12,185,54,52,189,28,38,14,72,118,10,36,184,66,46,44,23,190,109,56,73,74,143,91,69,159,15,135,37,8,71,48,92,84,131,59,93,3,169,142,191,61,145,94,13,111,7,77,176,35,97,171,57,2,167,107,123,50,146,51,20,17,82,78,170,18,132,161,115,25,105,4,6,88,70,108,21,106,154,122,197,162,125,49,86,110,129,24,130,127,30,114,182,139,178,136,101,175,85,1,117,120,157,173,186,79,179,27,193,172,39,32,55,155,33,192,165,40,87,181,68,9,103,140,147,196,95,144,156,180,188,65,53,183,164,41,149,152,102,62,98,134,112,104,99,63,31,198,138,168,29,126,16,194,19,83,128,141,5,43,187,76,151,148,80,58,64,96,177,199,166,22,195,119,81,153,11,26,150,174,100,0,113,116,124,160,45,121];False
6904;6647;13551;[198,84,67,83,86,128,42,119,132,89,137,133,12,185,54,52,189,28,38,14,136,118,10,36,184,66,46,44,23,190,109,48,73,74,143,91,69,159,15,135,37,8,71,56,92,90,131,59,93,3,169,142,191,61,145,94,13,111,7,77,176,35,97,171,57,2,167,107,123,50,146,51,20,17,82,78,170,18,75,161,115,25,105,4,6,88,70,108,21,106,154,122,197,162,125,163,158,110,129,24,130,127,30,114,182,139,178,72,101,175,85,1,117,120,157,173,186,79,141,27,193,172,39,32,55,155,33,192,165,40,87,181,68,9,103,140,147,196,95,144,156,180,188,65,53,183,164,41,149,152,102,62,11,134,112,104,99,63,31,34,138,168,29,126,16,194,19,49,60,179,5,43,187,76,151,148,80,58,64,96,177,199,166,22,195,98,81,153,47,26,150,174,100,0,113,116,124,160,45,121];True
6902;6648;13550;[198,174,196,83,86,128,42,119,132,89,137,133,12,185,54,52,189,28,38,14,136,118,10,36,184,66,46,44,23,190,109,48,73,74,143,91,69,159,15,135,37,8,71,56,92,90,131,59,93,3,169,142,191,61,145,94,13,111,7,77,176,35,97,171,57,2,167,107,123,50,146,51,20,17,82,78,170,18,75,161,115,25,105,4,6,88,70,108,21,106,154,122,197,162,125,163,158,110,129,24,130,127,30,114,182,139,178,72,101,175,85,1,117,120,157,173,186,79,141,27,193,172,39,32,55,155,33,192,165,40,87,181,68,9,103,140,147,67,95,144,156,180,188,65,53,183,164,41,149,152,102,62,11,134,112,104,99,63,31,34,138,168,29,126,16,194,19,49,60,179,5,43,187,76,151,148,80,58,64,96,177,199,166,22,195,98,81,153,47,26,150,84,100,0,113,116,124,160,45,121];True
6896;6650;13546;[198,174,67,163,158,30,42,47,89,75,137,133,12,185,54,52,189,28,38,14,72,118,10,36,184,66,46,44,23,190,109,56,73,74,143,91,69,159,15,135,37,8,71,48,92,90,131,59,93,3,169,142,191,61,145,94,13,111,7,77,176,35,97,171,57,2,167,107,123,50,146,51,20,17,82,78,170,18,132,161,115,25,105,4,6,88,70,108,21,106,154,122,197,162,125,49,86,110,129,24,130,127,60,114,182,139,178,136,101,175,85,1,117,120,157,173,186,79,179,27,193,172,39,32,55,155,33,192,165,40,87,181,68,9,103,140,147,196,95,144,156,180,188,65,53,183,164,41,149,152,102,62,98,134,112,104,99,63,31,34,138,168,29,126,16,194,19,83,128,141,5,43,187,76,151,148,80,58,64,96,177,199,166,22,195,119,81,153,11,26,150,84,100,0,113,116,124,160,45,121];True
6861;6654;13515;[198,174,67,83,86,128,141,47,132,89,137,133,12,185,54,52,189,28,38,14,136,118,10,36,184,66,46,44,23,190,109,48,73,74,143,91,69,159,15,135,37,8,71,56,92,90,131,59,93,3,169,142,191,61,145,94,13,111,7,77,176,35,97,171,57,2,167,107,123,50,146,51,20,17,82,78,170,18,75,161,115,25,105,4,6,88,70,108,21,180,154,122,197,162,125,163,158,110,129,24,130,127,30,114,182,139,178,72,101,175,85,1,117,120,157,173,186,79,42,27,193,172,39,32,55,155,33,192,165,40,87,181,68,9,103,140,147,196,95,144,156,106,188,65,53,183,164,41,149,152,102,62,11,134,112,104,99,63,31,34,138,168,29,126,16,194,19,49,60,179,5,43,187,76,151,148,80,58,64,96,177,199,166,22,195,98,81,153,119,26,150,84,100,0,113,116,124,160,45,121];False
6856;6657;13513;[198,84,67,83,86,128,141,47,132,89,137,133,12,185,54,52,189,28,38,14,136,118,10,36,184,66,46,44,23,190,109,48,73,74,143,91,69,159,15,135,37,8,71,56,92,90,131,59,93,3,169,142,191,61,145,94,13,111,7,77,176,35,97,171,57,2,167,107,123,50,146,51,20,17,82,78,170,18,75,161,115,25,105,4,6,88,70,108,21,180,154,122,197,162,125,163,158,110,129,24,130,127,30,114,182,139,178,72,101,175,85,1,117,120,157,173,186,79,42,27,193,172,39,32,55,155,33,192,165,40,87,181,68,9,103,140,147,196,95,144,156,106,188,65,53,183,164,41,149,152,102,62,11,134,112,104,99,63,31,34,138,168,29,126,16,194,19,49,60,179,5,43,187,76,151,148,80,58,64,96,177,199,166,22,195,98,81,153,119,26,150,174,100,0,113,116,124,160,45,121];False
6854;6658;13512;[198,174,196,83,86,128,141,47,132,89,137,133,12,185,54,52,189,28,38,14,136,118,10,36,184,66,46,44,23,190,109,48,73,74,143,91,69,159,15,135,37,8,71,56,92,90,131,59,93,3,169,142,191,61,145,94,13,111,7,77,176,35,97,171,57,2,167,107,123,50,146,51,20,17,82,78,170,18,75,161,115,25,105,4,6,88,70,108,21,180,154,122,197,162,125,163,158,110,129,24,130,127,30,114,182,139,178,72,101,175,85,1,117,120,157,173,186,79,42,27,193,172,39,32,55,155,33,192,165,40,87,181,68,9,103,140,147,67,95,144,156,106,188,65,53,183,164,41,149,152,102,62,11,134,112,104,99,63,31,34,138,168,29,126,16,194,19,49,60,179,5,43,187,76,151,148,80,58,64,96,177,199,166,22,195,98,81,153,119,26,150,84,100,0,113,116,124,160,45,121];False
6852;6659;13511;[34,84,67,83,86,128,141,47,132,89,137,133,12,185,54,52,189,28,38,14,136,118,10,36,184,66,46,44,23,190,109,48,73,74,143,91,69,159,15,135,37,8,71,56,92,90,131,59,93,3,169,142,191,61,145,94,13,111,7,77,176,35,97,171,57,2,167,107,123,50,146,51,20,17,82,78,170,18,75,161,115,25,105,4,6,88,70,108,21,180,154,122,197,162,125,163,158,110,129,24,130,127,30,114,182,139,178,72,101,175,85,1,117,120,157,173,186,79,42,27,193,172,39,32,55,155,33,192,165,40,87,181,68,9,103,140,147,196,95,144,156,106,188,65,53,183,164,41,149,152,102,62,11,134,112,104,99,63,31,198,138,168,29,126,16,194,19,49,60,179,5,43,187,76,151,148,80,58,64,96,177,199,166,22,195,98,81,153,119,26,150,174,100,0,113,116,124,160,45,121];False
6851;6654;13505;[198,84,67,163,158,60,42,57,89,75,137,133,12,185,54,52,189,28,38,14,72,118,10,36,184,66,46,44,23,190,109,56,73,74,143,91,69,159,15,135,37,8,71,48,92,90,131,59,93,3,169,142,191,61,145,94,13,111,7,77,176,35,97,171,47,2,167,107,123,50,146,51,20,17,82,78,170,18,132,161,115,25,105,4,6,88,70,108,21,106,154,122,197,162,125,49,86,110,129,24,130,127,30,114,182,139,178,136,101,175,85,1,117,120,157,173,186,79,179,27,193,172,39,32,55,155,33,192,165,40,87,181,68,9,103,140,147,196,95,144,156,180,188,65,53,183,164,41,149,152,102,62,98,134,112,104,99,63,31,34,138,168,29,126,16,194,19,83,128,141,5,43,187,76,151,148,80,58,64,96,177,199,166,22,195,119,81,153,11,26,150,174,100,0,113,116,124,160,45,121];True
6834;6665;13499;[198,174,196,83,86,128,42,119,132,75,137,170,5,185,54,52,2,95,38,14,72,118,10,36,184,66,46,44,23,190,109,56,73,74,143,91,69,159,15,135,37,8,71,48,92,90,131,59,93,3,169,142,191,61,145,94,13,111,7,77,176,35,97,171,57,195,167,107,123,50,146,51,20,17,82,78,133,18,89,161,115,25,105,4,6,88,70,108,21,106,154,122,197,162,125,163,158,110,129,24,130,127,30,114,182,139,178,136,101,175,85,1,117,120,157,173,186,79,141,27,193,172,39,32,55,155,33,192,165,40,87,181,68,9,103,140,147,67,28,144,156,180,188,65,53,183,164,41,149,152,102,62,11,134,112,104,99,63,31,34,138,168,29,126,16,194,19,49,60,179,12,43,187,76,151,148,80,58,64,96,177,199,166,22,189,98,81,153,47,26,150,84,100,0,113,116,124,160,45,121];False
6813;6665;13478;[34,90,67,83,86,128,141,47,132,89,137,133,12,185,54,52,189,28,38,14,136,118,10,36,184,66,46,44,23,190,109,48,73,74,143,91,69,159,15,135,37,8,71,56,92,84,131,59,93,3,169,142,191,61,145,94,13,111,7,77,176,35,97,171,57,2,167,107,123,50,146,51,20,17,82,78,170,18,75,161,115,25,105,4,6,88,70,108,21,180,154,122,197,162,125,163,158,110,129,24,130,127,30,114,182,139,178,72,101,175,85,1,117,120,157,173,186,79,42,27,193,172,39,32,55,155,33,192,165,40,87,181,68,9,103,140,147,196,95,144,156,106,188,65,53,183,164,41,149,152,102,62,11,134,112,104,99,63,31,198,138,168,29,126,16,194,19,49,60,179,5,43,187,76,151,148,80,58,64,96,177,199,166,22,195,98,81,153,119,26,150,174,100,0,113,116,124,160,45,121];False
6807;6662;13469;[198,174,67,83,86,128,42,47,132,89,137,133,12,185,54,52,189,28,38,14,136,118,10,36,184,66,46,44,23,190,109,48,73,74,143,91,69,159,15,135,37,8,71,56,92,90,131,59,93,3,169,142,191,61,145,94,13,111,7,77,176,35,97,171,57,2,167,107,123,50,146,51,20,17,82,78,170,18,75,161,115,25,105,4,6,88,70,108,21,180,154,122,197,162,125,163,158,110,129,24,130,127,30,114,182,139,178,72,101,175,85,1,117,120,157,173,186,79,141,27,193,172,39,32,55,155,33,192,165,40,87,181,68,9,103,140,147,196,95,144,156,106,188,65,53,183,164,41,149,152,102,62,11,134,112,104,99,63,31,34,138,168,29,126,16,194,19,49,60,179,5,43,187,76,151,148,80,58,64,96,177,199,166,22,195,98,81,153,119,26,150,84,100,0,113,116,124,160,45,121];True
6800;6666;13466;[198,174,196,83,86,128,42,47,132,89,137,133,12,185,54,52,189,28,38,14,136,118,10,36,184,66,46,44,23,190,109,48,73,74,143,91,69,159,15,135,37,8,71,56,92,90,131,59,93,3,169,142,191,61,145,94,13,111,7,77,176,35,97,171,57,2,167,107,123,50,146,51,20,17,82,78,170,18,75,161,115,25,105,4,6,88,70,108,21,180,154,122,197,162,125,163,158,110,129,24,130,127,30,114,182,139,178,72,101,175,85,1,117,120,157,173,186,79,141,27,193,172,39,32,55,155,33,192,165,40,87,181,68,9,103,140,147,67,95,144,156,106,188,65,53,183,164,41,149,152,102,62,11,134,112,104,99,63,31,34,138,168,29,126,16,194,19,49,60,179,5,43,187,76,151,148,80,58,64,96,177,199,166,22,195,98,81,153,119,26,150,84,100,0,113,116,124,160,45,121];True
6798;6667;13465;[34,84,67,83,86,128,42,47,132,89,137,133,12,185,54,52,189,28,38,14,136,118,10,36,184,66,46,44,23,190,109,48,73,74,143,91,69,159,15,135,37,8,71,56,92,90,131,59,93,3,169,142,191,61,145,94,13,111,7,77,176,35,97,171,57,2,167,107,123,50,146,51,20,17,82,78,170,18,75,161,115,25,105,4,6,88,70,108,21,180,154,122,197,162,125,163,158,110,129,24,130,127,30,114,182,139,178,72,101,175,85,1,117,120,157,173,186,79,141,27,193,172,39,32,55,155,33,192,165,40,87,181,68,9,103,140,147,196,95,144,156,106,188,65,53,183,164,41,149,152,102,62,11,134,112,104,99,63,31,198,138,168,29,126,16,194,19,49,60,179,5,43,187,76,151,148,80,58,64,96,177,199,166,22,195,98,81,153,119,26,150,174,100,0,113,116,124,160,45,121];False
6779;6670;13449;[198,174,196,83,101,171,141,119,132,89,137,170,5,185,54,52,189,95,38,14,72,118,10,36,184,66,46,44,23,190,109,56,73,74,143,91,69,159,15,135,37,8,71,48,92,90,131,59,93,3,169,142,191,61,145,94,13,86,7,77,176,35,97,128,57,195,167,107,123,50,146,51,20,17,82,78,133,18,75,161,115,25,105,4,6,88,70,108,21,106,154,122,197,162,125,163,158,110,129,24,130,127,30,114,182,139,178,136,111,175,85,1,117,120,157,173,186,79,42,27,193,172,39,32,55,155,33,192,165,40,87,181,68,9,103,140,147,67,28,144,156,180,188,65,53,183,164,41,149,152,102,62,11,134,112,104,99,63,31,34,138,168,29,126,16,194,19,49,60,179,12,43,187,76,151,148,80,58,64,96,177,199,166,22,2,98,81,153,47,26,150,84,100,0,113,116,124,160,45,121];False
6780;6667;13447;[198,174,196,83,111,171,141,119,132,89,49,170,5,185,54,52,2,95,38,14,72,118,10,36,184,66,46,44,23,190,109,56,73,74,143,91,69,159,15,135,37,8,71,48,92,90,131,59,93,3,169,142,191,61,145,94,13,86,7,77,176,35,97,128,57,195,167,107,123,50,146,51,20,17,82,137,133,18,75,161,115,25,105,4,6,88,70,108,21,106,154,122,197,162,125,163,158,110,129,24,130,127,30,114,182,139,178,136,101,175,85,1,117,120,157,173,186,79,42,27,193,172,39,32,55,155,33,192,165,40,87,181,68,9,103,140,147,67,28,144,156,180,188,65,53,183,164,41,149,152,102,62,11,134,112,104,99,63,31,34,138,168,29,126,16,194,19,78,60,179,12,43,187,76,151,148,80,58,64,96,177,199,166,22,189,98,81,153,47,26,150,84,100,0,113,116,124,160,45,121];False
6762;6671;13433;[198,174,196,83,86,128,141,119,132,89,137,170,5,185,54,52,189,95,38,14,72,118,10,36,184,66,46,44,23,190,109,56,73,74,143,91,69,159,15,135,37,8,71,48,92,90,131,59,93,3,169,142,191,61,145,94,13,111,7,77,176,35,97,171,57,195,167,107,123,50,146,51,20,17,82,78,133,18,75,161,115,25,105,4,6,88,70,108,21,106,154,122,197,162,125,163,158,110,129,24,130,127,30,114,182,139,178,136,101,175,85,1,117,120,157,173,186,79,42,27,193,172,39,32,55,155,33,192,165,40,87,181,68,9,103,140,147,67,28,144,156,180,188,65,53,183,164,41,149,152,102,62,11,134,112,104,99,63,31,34,138,168,29,126,16,194,19,49,60,179,12,43,187,76,151,148,80,58,64,96,177,199,166,22,2,98,81,153,47,26,150,84,100,0,113,116,124,160,45,121];False
6746;6670;13416;[198,174,196,83,111,171,141,119,132,89,78,170,5,185,54,52,2,95,38,14,72,118,10,36,184,66,46,44,23,190,109,56,73,74,143,91,69,159,15,135,37,8,71,48,92,90,131,59,93,3,169,142,191,61,145,94,13,86,7,77,176,35,97,128,57,195,167,107,123,50,146,51,20,17,82,137,133,18,75,161,115,25,105,4,6,88,70,108,21,106,154,122,197,162,125,163,158,110,129,24,130,127,30,114,182,139,178,136,101,175,85,1,117,120,157,173,186,79,42,27,193,172,39,32,55,155,33,192,165,40,87,181,68,9,103,140,147,67,28,144,156,180,188,65,53,183,164,41,149,152,102,62,11,134,112,104,99,63,31,34,138,168,29,126,16,194,19,49,60,179,12,43,187,76,151,148,80,58,64,96,177,199,166,22,189,98,81,153,47,26,150,84,100,0,113,116,124,160,45,121];False
6746;6669;13415;[198,174,196,83,101,171,141,119,132,89,49,170,5,185,54,52,2,95,38,14,72,118,10,36,184,66,46,44,23,190,109,56,73,74,143,91,69,159,15,135,37,8,71,48,92,90,131,59,93,3,169,142,191,61,145,94,13,86,7,77,176,35,97,128,57,195,167,107,123,50,146,51,20,17,82,137,133,18,75,161,115,25,105,4,6,88,70,108,21,106,154,122,197,162,125,163,158,110,129,24,130,127,30,114,182,139,178,136,111,175,85,1,117,120,157,173,186,79,42,27,193,172,39,32,55,155,33,192,165,40,87,181,68,9,103,140,147,67,28,144,156,180,188,65,53,183,164,41,149,152,102,62,11,134,112,104,99,63,31,34,138,168,29,126,16,194,19,78,60,179,12,43,187,76,151,148,80,58,64,96,177,199,166,22,189,98,81,153,47,26,150,84,100,0,113,116,124,160,45,121];False
6727;6671;13398;[198,174,196,83,101,171,141,119,132,89,49,170,5,185,54,52,189,95,38,14,72,118,10,36,184,66,46,44,23,190,109,56,73,74,143,91,69,159,15,135,37,8,71,48,92,90,131,59,93,3,169,142,191,61,145,94,13,86,7,77,176,35,97,128,57,195,167,107,123,50,146,51,20,17,82,137,133,18,75,161,115,25,105,4,6,88,70,108,21,106,154,122,197,162,125,163,158,110,129,24,130,127,30,114,182,139,178,136,111,175,85,1,117,120,157,173,186,79,42,27,193,172,39,32,55,155,33,192,165,40,87,181,68,9,103,140,147,67,28,144,156,180,188,65,53,183,164,41,149,152,102,62,11,134,112,104,99,63,31,34,138,168,29,126,16,194,19,78,60,179,12,43,187,76,151,148,80,58,64,96,177,199,166,22,2,98,81,153,47,26,150,84,100,0,113,116,124,160,45,121];False
6564;6671;13235;[50,56,147,172,54,113,193,35,36,101,185,175,12,7,85,15,135,198,19,33,183,17,154,38,178,13,197,123,29,71,44,91,52,2,83,59,93,138,124,94,118,48,34,90,149,163,186,148,173,116,65,192,10,95,61,97,0,77,57,26,145,160,136,137,170,103,105,74,20,156,31,194,51,73,82,67,32,165,169,23,75,152,98,25,1,88,70,37,21,92,8,184,190,109,72,78,111,128,171,110,80,100,30,114,182,139,41,187,158,62,189,130,5,122,157,84,131,79,42,27,89,115,39,107,55,14,125,196,167,40,87,181,68,9,28,162,108,102,132,144,146,63,140,99,16,159,164,69,3,161,191,174,18,134,112,104,106,53,180,4,188,168,155,126,143,142,49,127,60,179,47,43,133,76,151,141,11,58,64,96,177,199,166,22,195,119,81,153,129,24,150,6,86,117,120,66,176,46,45,121];False
6460;6672;13132;[50,56,147,172,117,113,193,35,152,18,185,175,12,7,85,15,135,198,19,33,183,17,154,38,178,13,197,123,29,71,44,91,52,2,83,59,93,138,124,94,118,48,34,90,149,163,186,148,173,116,65,192,10,95,61,97,0,77,57,26,145,160,136,137,170,103,105,74,20,156,31,194,51,73,82,67,32,165,169,23,75,36,98,25,1,88,70,37,21,92,8,184,190,109,72,78,111,128,171,110,80,100,30,114,182,139,41,187,158,62,189,130,5,122,157,84,131,79,42,27,89,115,39,107,55,14,125,196,167,40,87,181,68,9,28,162,108,102,132,144,146,63,140,99,16,159,164,69,3,161,191,174,101,134,112,104,106,53,180,4,188,168,155,126,143,142,49,127,60,179,47,43,133,76,151,141,11,58,64,96,177,199,166,22,195,119,81,153,129,24,150,6,86,54,120,66,176,46,45,121];False
6445;6672;13117;[50,56,147,172,54,120,193,35,36,101,185,175,12,7,85,15,135,198,19,33,183,17,154,38,178,13,197,123,29,71,44,91,52,2,83,59,93,138,124,94,118,48,34,90,149,163,186,148,173,116,65,192,10,95,61,97,0,77,57,26,145,160,136,137,170,103,105,74,20,156,31,194,51,73,82,67,32,165,169,23,75,152,98,25,1,88,70,37,21,92,8,184,190,109,72,78,111,128,171,110,80,100,30,114,182,139,41,187,158,62,189,130,5,122,157,84,131,79,42,27,89,115,39,107,55,14,125,196,167,40,87,181,68,9,28,162,108,102,132,144,146,63,140,99,16,159,164,69,3,161,191,174,18,134,112,104,106,53,180,4,188,168,155,126,143,142,49,127,60,179,47,43,133,76,151,141,11,58,64,96,177,199,166,22,195,119,81,153,129,24,150,6,86,117,113,66,176,46,45,121];False
6412;6673;13085;[73,56,147,172,117,113,193,35,152,18,185,175,12,7,85,15,135,198,19,33,183,17,154,38,178,13,197,123,29,71,44,91,52,2,83,59,93,138,124,94,118,48,34,90,149,163,186,148,173,116,65,192,10,95,61,97,0,77,57,26,145,160,136,137,170,103,105,74,20,156,31,194,51,50,82,67,32,165,169,23,75,36,98,25,1,88,70,37,21,92,8,184,190,109,72,78,111,128,171,110,80,100,30,114,182,139,41,187,158,62,189,130,5,122,157,84,131,79,42,27,89,115,39,107,55,14,125,196,167,40,87,181,68,9,28,162,108,102,132,144,146,63,140,99,16,159,164,69,3,161,191,174,101,134,112,104,106,53,180,4,188,168,155,126,143,142,49,127,60,179,47,43,133,76,151,141,11,58,64,96,177,199,166,22,195,119,81,153,129,24,150,6,86,54,120,66,176,46,45,121];False
6388;6673;13061;[50,56,147,172,54,120,193,35,36,18,185,175,12,7,85,15,135,198,19,33,183,17,154,38,178,13,197,123,29,71,44,91,52,2,83,59,93,138,124,94,118,48,34,90,149,163,186,148,173,116,65,192,10,95,61,97,0,77,57,26,145,160,136,137,170,103,105,74,20,156,31,194,51,73,82,67,32,165,169,23,75,152,98,25,1,88,70,37,21,92,8,184,190,109,72,78,111,128,171,110,80,100,30,114,182,139,41,187,158,62,189,130,5,122,157,84,131,79,42,27,89,115,39,107,55,14,125,196,167,40,87,181,68,9,28,162,108,102,132,144,146,63,140,99,16,159,164,69,3,161,191,174,101,134,112,104,106,53,180,4,188,168,155,126,143,142,49,127,60,179,47,43,133,76,151,141,11,58,64,96,177,199,166,22,195,119,81,153,129,24,150,6,86,117,113,66,176,46,45,121];False
6340;6674;13014;[73,56,147,172,54,120,193,35,36,18,185,175,12,7,85,15,135,198,19,33,183,17,154,38,178,13,197,123,29,71,44,91,52,2,83,59,93,138,124,94,118,48,34,90,149,163,186,148,173,116,65,192,10,95,61,97,0,77,57,26,145,160,136,137,170,103,105,74,20,156,31,194,51,50,82,67,32,165,169,23,75,152,98,25,1,88,70,37,21,92,8,184,190,109,72,78,111,128,171,110,80,100,30,114,182,139,41,187,158,62,189,130,5,122,157,84,131,79,42,27,89,115,39,107,55,14,125,196,167,40,87,181,68,9,28,162,108,102,132,144,146,63,140,99,16,159,164,69,3,161,191,174,101,134,112,104,106,53,180,4,188,168,155,126,143,142,49,127,60,179,47,43,133,76,151,141,11,58,64,96,177,199,166,22,195,119,81,153,129,24,150,6,86,117,113,66,176,46,45,121];False
6237;6676;12913;[73,146,147,172,54,120,193,35,36,18,185,175,12,7,85,15,135,198,19,33,183,17,154,38,178,13,197,123,29,71,44,91,52,2,83,59,93,138,124,94,118,48,34,90,149,163,186,148,173,116,65,192,10,95,61,97,0,77,57,26,145,160,136,137,170,103,105,74,20,156,31,194,51,50,82,67,32,165,169,23,75,152,98,25,1,88,70,37,21,92,8,184,190,109,72,78,111,128,171,110,80,100,30,114,182,139,41,187,158,62,189,130,5,122,157,84,131,79,42,27,89,115,39,107,55,14,125,196,167,40,87,181,68,9,28,162,108,102,132,144,56,63,140,99,16,159,164,69,3,161,191,174,101,134,112,104,106,53,180,4,188,168,155,126,143,142,49,127,60,179,47,43,133,76,151,141,11,58,64,96,177,199,166,22,195,119,81,153,129,24,150,6,86,117,113,66,176,46,45,121];False
6123;6668;12791;[50,154,137,86,54,120,89,46,6,18,185,175,12,7,85,15,135,198,19,33,183,17,143,38,178,41,197,123,29,71,44,91,52,2,83,59,93,138,124,94,118,48,146,90,149,163,186,148,173,116,65,192,10,95,61,97,0,77,57,26,145,3,136,49,170,103,105,74,20,156,106,194,51,73,82,67,32,165,169,23,75,36,98,25,1,88,70,37,21,92,8,184,190,109,72,78,111,128,171,110,80,100,30,114,182,139,125,187,158,62,189,130,5,122,157,84,131,79,42,27,193,172,39,107,55,14,147,196,167,40,87,181,68,9,28,162,108,102,132,144,56,63,140,99,34,159,164,69,35,161,191,152,101,134,112,104,31,53,180,4,188,168,155,126,16,142,115,127,60,179,47,43,133,76,151,141,11,58,64,96,177,199,166,22,195,119,81,153,129,24,150,174,13,117,113,66,176,160,45,121];False
6091;6681;12772;[73,146,41,100,54,120,89,46,152,18,185,175,12,7,85,15,135,198,19,33,183,17,154,38,178,13,197,123,29,71,44,91,52,2,83,59,93,138,124,94,118,48,34,90,149,163,186,148,173,116,65,192,10,95,61,97,0,77,57,26,145,3,136,49,170,103,105,74,20,156,106,194,51,50,82,67,32,165,169,23,75,36,98,25,1,88,70,37,21,92,8,184,190,109,72,78,111,128,171,110,80,127,30,114,182,139,125,187,158,62,189,130,5,122,157,84,131,79,42,27,193,172,39,107,55,14,147,196,167,40,87,181,68,9,28,162,108,102,132,144,56,63,140,99,16,159,164,69,35,161,191,174,101,134,112,104,31,53,180,4,188,168,155,126,143,142,115,86,60,179,47,43,133,76,151,141,11,58,64,96,177,199,166,22,195,119,81,153,129,24,150,6,137,117,113,66,176,160,45,121];False
6088;6680;12768;[50,143,13,127,54,120,89,46,174,18,185,175,12,7,85,15,135,198,19,33,183,17,154,38,178,41,197,123,29,71,44,91,52,2,83,59,93,138,124,94,118,48,146,90,149,163,186,148,173,116,65,192,10,95,61,97,0,77,57,26,145,3,136,49,170,103,105,74,20,156,106,194,51,73,82,67,32,165,169,23,75,36,98,25,1,88,70,37,21,92,8,184,190,109,72,78,111,128,171,110,80,100,30,114,182,139,125,187,158,62,189,130,5,122,157,84,131,79,42,27,193,172,39,107,55,14,147,196,167,40,87,181,68,9,28,162,108,102,132,144,56,63,140,99,34,159,164,69,35,161,191,152,101,134,112,104,31,53,180,4,188,168,155,126,16,142,115,86,60,179,47,43,133,76,151,141,11,58,64,96,177,199,166,22,195,119,81,153,129,24,150,6,137,117,113,66,176,160,45,121];False
6084;6682;12766;[50,143,13,86,54,120,89,46,6,18,185,175,12,7,85,15,135,198,19,33,183,17,154,38,178,41,197,123,29,71,44,91,52,2,83,59,93,138,124,94,118,48,146,90,149,163,186,148,173,116,65,192,10,95,61,97,0,77,57,26,145,3,136,49,170,103,105,74,20,156,106,194,51,73,82,67,32,165,169,23,75,36,98,25,1,88,70,37,21,92,8,184,190,109,72,78,111,128,171,110,80,100,30,114,182,139,125,187,158,62,189,130,5,122,157,84,131,79,42,27,193,172,39,107,55,14,147,196,167,40,87,181,68,9,28,162,108,102,132,144,56,63,140,99,34,159,164,69,35,161,191,152,101,134,112,104,31,53,180,4,188,168,155,126,16,142,115,127,60,179,47,43,133,76,151,141,11,58,64,96,177,199,166,22,195,119,81,153,129,24,150,174,137,117,113,66,176,160,45,121];False
6082;6678;12760;[50,143,137,86,54,120,89,46,6,18,185,175,12,7,85,15,135,198,19,33,183,17,154,38,178,41,197,123,29,71,44,91,52,2,83,59,93,138,124,94,118,48,146,90,149,163,186,148,173,116,65,192,10,95,61,97,0,77,57,26,145,3,136,49,170,103,105,74,20,156,106,194,51,73,82,67,32,165,169,23,75,36,98,25,1,88,70,37,21,92,8,184,190,109,72,78,111,128,171,110,80,100,30,114,182,139,125,187,158,62,189,130,5,122,157,84,131,79,42,27,193,172,39,107,55,14,147,196,167,40,87,181,68,9,28,162,108,102,132,144,56,63,140,99,34,159,164,69,35,161,191,152,101,134,112,104,31,53,180,4,188,168,155,126,16,142,115,127,60,179,47,43,133,76,151,141,11,58,64,96,177,199,166,22,195,119,81,153,129,24,150,174,13,117,113,66,176,160,45,121];False
6065;6667;12732;[73,154,137,86,54,120,89,46,6,18,185,175,12,7,85,15,135,198,19,33,183,17,143,38,178,41,197,123,29,71,44,91,52,2,83,59,93,138,124,94,118,48,146,90,149,163,186,148,173,116,65,192,10,95,61,97,0,77,57,26,145,3,136,49,170,103,105,74,20,156,106,194,51,50,82,67,32,165,169,23,75,36,98,25,1,88,70,37,21,92,8,184,190,109,72,78,111,128,171,110,80,100,30,114,182,139,125,187,158,62,189,130,5,122,157,84,131,79,42,27,193,172,39,107,55,14,147,196,167,40,87,181,68,9,28,162,108,102,132,144,56,63,140,99,34,159,164,69,35,161,191,152,101,134,112,104,31,53,180,4,188,168,155,126,16,142,115,127,60,179,47,43,133,76,151,141,11,58,64,96,177,199,166,22,195,119,81,153,129,24,150,174,13,117,113,66,176,160,45,121];True
6033;6679;12712;[73,143,69,100,54,120,89,46,174,18,185,175,12,7,85,15,135,198,19,33,183,17,154,38,178,13,197,123,29,71,44,91,52,2,83,59,93,138,124,94,118,48,146,90,149,163,186,148,173,116,65,192,10,95,61,97,0,77,57,26,145,3,136,49,170,103,105,74,20,156,106,194,51,50,82,67,32,165,169,23,75,36,98,25,1,88,70,37,21,92,8,184,190,109,72,78,111,128,171,110,80,127,30,114,182,139,125,187,158,62,189,130,5,122,157,84,131,79,42,27,193,172,39,107,55,14,147,196,167,40,87,181,68,9,28,162,108,102,132,144,56,63,140,99,34,159,164,41,35,161,191,152,101,134,112,104,31,53,180,4,188,168,155,126,16,142,115,86,60,179,47,43,133,76,151,141,11,58,64,96,177,199,166,22,195,119,81,153,129,24,150,6,137,117,113,66,176,160,45,121];True
6019;6683;12702;[50,143,13,86,54,120,89,46,174,18,185,175,12,7,85,15,135,198,19,33,183,17,154,38,178,41,197,123,29,71,44,91,52,2,83,59,93,138,124,94,118,48,146,90,149,163,186,148,173,116,65,192,10,95,61,97,0,77,57,26,145,3,136,49,170,103,105,74,20,156,106,194,51,73,82,67,32,165,169,23,75,36,98,25,1,88,70,37,21,92,8,184,190,109,72,78,111,128,171,110,80,100,30,114,182,139,125,187,158,62,189,130,5,122,157,84,131,79,42,27,193,172,39,107,55,14,147,196,167,40,87,181,68,9,28,162,108,102,132,144,56,63,140,99,34,159,164,69,35,161,191,152,101,134,112,104,31,53,180,4,188,168,155,126,16,142,115,127,60,179,47,43,133,76,151,141,11,58,64,96,177,199,166,22,195,119,81,153,129,24,150,6,137,117,113,66,176,160,45,121];False
6004;6684;12688;[50,143,41,127,54,120,89,46,174,18,185,175,12,7,85,15,135,198,19,33,183,17,154,38,178,13,197,123,29,71,44,91,52,2,83,59,93,138,124,94,118,48,146,90,149,163,186,148,173,116,65,192,10,95,61,97,0,77,57,26,145,3,136,49,170,103,105,74,20,156,106,194,51,73,82,67,32,165,169,23,75,36,98,25,1,88,70,37,21,92,8,184,190,109,72,78,111,128,171,110,80,100,30,114,182,139,125,187,158,62,189,130,5,122,157,84,131,79,42,27,193,172,39,107,55,14,147,196,167,40,87,181,68,9,28,162,108,102,132,144,56,63,140,99,34,159,164,69,35,161,191,152,101,134,112,104,31,53,180,4,188,168,155,126,16,142,115,86,60,179,47,43,133,76,151,141,11,58,64,96,177,199,166,22,195,119,81,153,129,24,150,6,137,117,113,66,176,160,45,121];False
5952;6681;12633;[146,143,69,100,54,120,89,46,174,18,185,175,12,7,85,15,135,198,19,33,183,17,154,38,178,13,197,123,29,71,44,91,52,2,83,59,93,138,124,94,118,48,73,90,149,163,186,148,173,116,65,192,10,95,61,97,0,77,57,26,145,3,136,49,170,103,105,74,20,156,106,194,51,50,82,67,32,165,169,23,75,36,98,25,1,88,70,37,21,92,8,184,190,109,72,78,111,128,171,110,80,127,30,114,182,139,125,187,158,62,189,130,5,122,157,84,131,79,42,27,193,172,39,107,55,14,147,196,167,40,87,181,68,9,28,162,108,102,132,144,56,63,140,99,34,159,164,41,35,161,191,152,101,134,112,104,31,53,180,4,188,168,155,126,16,142,115,86,60,179,47,43,133,76,151,141,11,58,64,96,177,199,166,22,195,119,81,153,129,24,150,6,137,117,113,66,176,160,45,121];True
5931;6685;12616;[146,147,69,100,54,120,89,46,174,18,185,175,12,7,85,15,135,198,19,33,183,17,154,38,178,13,197,123,29,71,44,91,52,2,83,59,93,138,124,94,118,48,73,90,149,163,186,148,173,116,65,192,10,95,61,97,0,77,57,26,145,3,136,49,170,103,105,74,20,156,106,194,51,50,82,67,32,165,169,23,75,36,98,25,1,88,70,37,21,92,8,184,190,109,72,78,111,128,171,110,80,127,30,114,182,139,125,187,158,62,189,130,5,122,157,84,131,79,42,27,193,172,39,107,55,14,143,196,167,40,87,181,68,9,28,162,108,102,132,144,56,63,140,99,34,159,164,41,35,161,191,152,101,134,112,104,31,53,180,4,188,168,155,126,16,142,115,86,60,179,47,43,133,76,151,141,11,58,64,96,177,199,166,22,195,119,81,153,129,24,150,6,137,117,113,66,176,160,45,121];True
5919;6688;12607;[146,147,41,127,54,120,89,46,174,18,185,175,12,7,85,15,135,198,19,33,183,17,154,38,178,13,197,123,29,71,44,91,52,2,83,59,93,138,124,94,118,48,73,90,149,163,186,148,173,116,65,192,10,95,61,97,0,77,57,26,145,3,136,49,170,103,105,74,20,156,106,194,51,50,82,67,32,165,169,23,75,36,98,25,1,88,70,37,21,92,8,184,190,109,72,78,111,128,171,110,80,100,30,114,182,139,125,187,158,62,189,130,5,122,157,84,131,79,42,27,193,172,39,107,55,14,143,196,167,40,87,181,68,9,28,162,108,102,132,144,56,63,140,99,34,159,164,69,35,161,191,152,101,134,112,104,31,53,180,4,188,168,155,126,16,142,115,86,60,179,47,43,133,76,151,141,11,58,64,96,177,199,166,22,195,119,81,153,129,24,150,6,137,117,113,66,176,160,45,121];False
5871;6686;12557;[34,147,69,100,54,120,89,46,174,18,185,175,12,7,85,15,135,198,19,33,183,17,154,38,178,13,197,123,29,71,44,91,52,2,83,59,93,138,124,94,118,48,73,90,149,163,186,148,173,116,65,192,10,95,61,97,0,77,57,26,145,3,136,49,170,103,105,74,20,156,106,194,51,50,82,67,32,165,169,23,75,36,98,25,1,88,70,37,21,92,8,184,190,109,72,78,111,128,171,110,80,127,30,114,182,139,125,187,158,62,189,130,5,122,157,84,131,79,42,27,193,172,39,107,55,14,143,196,167,40,87,181,68,9,28,162,108,102,132,144,56,63,140,99,146,159,164,41,35,161,191,152,101,134,112,104,31,53,180,4,188,168,155,126,16,142,115,86,60,179,47,43,133,76,151,141,11,58,64,96,177,199,166,22,195,119,81,153,129,24,150,6,137,117,113,66,176,160,45,121];True
5859;6689;12548;[34,147,41,127,54,120,89,46,174,18,185,175,12,7,85,15,135,198,19,33,183,17,154,38,178,13,197,123,29,71,44,91,52,2,83,59,93,138,124,94,118,48,73,90,149,163,186,148,173,116,65,192,10,95,61,97,0,77,57,26,145,3,136,49,170,103,105,74,20,156,106,194,51,50,82,67,32,165,169,23,75,36,98,25,1,88,70,37,21,92,8,184,190,109,72,78,111,128,171,110,80,100,30,114,182,139,125,187,158,62,189,130,5,122,157,84,131,79,42,27,193,172,39,107,55,14,143,196,167,40,87,181,68,9,28,162,108,102,132,144,56,63,140,99,146,159,164,69,35,161,191,152,101,134,112,104,31,53,180,4,188,168,155,126,16,142,115,86,60,179,47,43,133,76,151,141,11,58,64,96,177,199,166,22,195,119,81,153,129,24,150,6,137,117,113,66,176,160,45,121];True
5832;6695;12527;[146,180,41,127,54,120,89,46,174,18,185,175,12,7,85,15,135,198,19,33,183,17,154,38,178,13,197,123,29,71,44,91,52,2,83,59,93,138,124,94,118,48,73,90,149,163,186,148,173,116,65,192,10,95,61,97,0,77,57,26,145,3,136,49,170,103,105,74,20,156,106,194,51,50,82,67,32,165,169,23,75,36,98,25,1,88,70,37,21,92,8,184,190,109,72,78,111,128,171,110,80,100,30,114,182,139,125,187,158,62,189,130,5,122,157,84,131,79,42,27,193,172,39,107,55,14,147,196,167,40,87,181,68,9,28,162,108,102,132,144,56,63,140,99,16,159,164,69,35,161,191,152,101,134,112,104,31,53,34,4,188,168,155,126,143,142,115,86,60,179,47,43,133,76,151,141,11,58,64,96,177,199,166,22,195,119,81,153,129,24,150,6,137,117,113,66,176,160,45,121];False
5813;6692;12505;[34,147,69,127,54,120,89,46,174,18,185,175,12,7,85,15,135,198,19,33,183,17,154,38,178,13,197,123,29,71,44,91,52,2,83,59,93,138,124,94,118,48,73,90,149,163,186,148,173,116,65,192,10,95,61,97,0,77,57,26,145,3,136,49,170,103,105,74,20,156,106,194,51,50,82,67,32,165,169,23,75,36,98,25,1,88,70,37,21,92,8,184,190,109,72,78,111,128,171,110,80,100,30,114,182,139,125,187,158,62,189,130,5,122,157,84,131,79,42,27,193,172,39,107,55,14,143,196,167,40,87,181,68,9,28,162,108,102,132,144,56,63,140,99,146,159,164,41,35,161,191,152,101,134,112,104,31,53,180,4,188,168,155,126,16,142,115,86,60,179,47,43,133,76,151,141,11,58,64,96,177,199,166,22,195,119,81,153,129,24,150,6,137,117,113,66,176,160,45,121];True
5537;6696;12233;[198,174,125,196,130,5,179,47,26,89,115,77,12,148,139,48,106,20,190,183,124,168,164,45,19,41,113,61,145,138,123,82,187,128,134,195,33,94,118,126,143,160,91,75,152,149,189,7,173,116,65,4,84,122,2,97,0,85,18,132,176,3,136,49,170,95,167,93,66,135,51,50,21,92,90,67,32,165,169,23,163,25,29,147,6,88,70,37,156,71,8,184,162,109,72,78,131,110,101,59,80,100,30,114,182,15,36,58,151,175,197,1,117,98,157,142,137,158,54,57,193,172,39,107,55,14,13,111,52,40,87,181,68,9,28,105,69,159,38,144,56,63,140,99,73,74,192,103,35,161,102,153,133,76,112,104,31,53,146,108,188,44,155,17,16,194,34,154,60,42,27,43,127,96,171,141,11,22,64,79,177,199,166,83,86,119,81,186,129,24,150,10,185,62,120,178,46,180,191,121];False
5436;6700;12136;[198,174,125,196,130,5,42,47,26,89,115,77,12,148,139,48,106,20,190,183,124,168,164,45,19,41,113,61,145,138,123,82,187,128,134,195,33,94,118,126,143,160,91,75,152,149,189,7,173,116,65,4,84,122,2,97,0,85,18,132,176,3,136,49,170,95,167,93,66,135,51,50,21,92,90,67,32,165,169,23,163,25,29,147,6,88,70,37,156,71,8,184,162,109,72,78,131,110,101,59,80,100,30,114,182,15,36,58,151,175,197,1,117,98,157,142,137,158,54,57,193,172,39,107,55,14,13,111,52,40,87,181,68,9,28,105,69,159,38,144,56,63,140,99,73,74,192,103,35,161,102,153,133,76,112,104,31,53,146,108,188,44,155,17,16,194,34,154,60,179,27,43,127,96,171,141,11,22,64,79,177,199,166,83,86,119,81,186,129,24,150,10,185,62,120,178,46,180,191,121];False
5385;6695;12080;[194,29,147,78,130,5,54,120,26,145,115,152,186,129,139,123,106,198,56,140,124,168,164,190,174,196,113,61,45,138,51,82,187,128,134,195,33,94,118,126,143,160,91,75,77,149,189,7,173,116,65,4,84,122,2,97,0,85,18,132,176,3,136,49,170,95,167,93,66,135,48,50,21,92,90,67,32,165,169,23,163,25,70,125,6,88,44,37,156,71,8,184,162,109,72,41,131,110,101,59,80,100,30,114,182,15,36,58,151,175,197,1,117,98,157,142,137,158,42,57,193,172,39,107,55,14,13,111,52,40,87,181,68,9,28,105,69,159,38,144,146,63,73,99,155,178,192,103,35,161,102,12,133,76,112,104,31,183,34,108,188,74,53,17,16,20,19,154,60,179,27,43,127,96,171,141,11,22,64,79,177,199,148,83,86,119,81,153,166,24,150,10,185,62,47,89,46,180,191,121];True
5341;6701;12042;[20,29,125,78,130,5,54,120,26,145,115,152,186,129,139,123,106,198,56,140,124,168,164,190,174,196,113,61,45,138,51,82,187,128,134,195,33,94,118,126,143,160,91,75,77,149,189,7,173,116,65,4,84,122,2,97,0,85,18,132,176,3,136,49,170,95,167,93,66,135,48,50,21,92,90,67,32,165,169,23,163,25,70,147,6,88,44,37,156,71,8,184,162,109,72,41,131,110,101,59,80,100,30,114,182,15,36,58,151,175,197,1,117,98,157,142,137,158,42,57,193,172,39,107,55,14,13,111,52,40,87,181,68,9,28,105,69,159,38,144,146,63,73,99,155,178,192,103,35,161,102,12,133,76,112,104,31,183,34,108,188,74,53,17,16,194,19,154,60,179,27,43,127,96,171,141,11,22,64,79,177,199,148,83,86,119,81,153,166,24,150,10,185,62,47,89,46,180,191,121];False
5334;6703;12037;[198,174,125,196,130,5,179,47,26,89,115,152,153,148,139,48,106,20,190,183,124,168,164,45,19,41,113,61,145,138,123,82,187,128,134,195,33,94,118,126,143,160,91,75,77,149,189,7,173,116,65,4,84,122,2,97,0,85,18,132,176,3,136,49,170,95,167,93,66,135,51,50,21,92,90,67,32,165,169,23,163,25,29,147,6,88,70,37,156,71,8,184,162,109,72,78,131,110,101,59,80,100,30,114,182,15,36,58,151,175,197,1,117,98,157,142,137,158,54,57,193,172,39,107,55,14,13,111,52,40,87,181,68,9,28,105,69,159,38,144,56,63,140,99,73,74,192,103,35,161,102,12,133,76,112,104,31,53,146,108,188,44,155,17,16,194,34,154,60,42,27,43,127,96,171,141,11,22,64,79,177,199,166,83,86,119,81,186,129,24,150,10,185,62,120,178,46,180,191,121];False
5334;6702;12036;[194,29,147,78,130,5,42,120,26,145,115,152,186,129,139,123,106,198,56,140,124,168,164,190,174,196,113,61,45,138,51,82,187,128,134,195,33,94,118,126,143,160,91,75,77,149,189,7,173,116,65,4,84,122,2,97,0,85,18,132,176,3,136,49,170,95,167,93,66,135,48,50,21,92,90,67,32,165,169,23,163,25,70,125,6,88,44,37,156,71,8,184,162,109,72,41,131,110,101,59,80,100,30,114,182,15,36,58,151,175,197,1,117,98,157,142,137,158,54,57,193,172,39,107,55,14,13,111,52,40,87,181,68,9,28,105,69,159,38,144,146,63,73,99,155,178,192,103,35,161,102,12,133,76,112,104,31,183,34,108,188,74,53,17,16,20,19,154,60,179,27,43,127,96,171,141,11,22,64,79,177,199,148,83,86,119,81,153,166,24,150,10,185,62,47,89,46,180,191,121];False
5320;6703;12023;[198,174,147,196,130,5,42,47,26,89,115,77,186,148,139,48,106,20,190,183,124,168,164,45,19,41,113,61,145,138,123,82,187,128,134,195,33,94,118,126,143,160,91,75,152,149,189,7,173,116,65,4,84,122,2,97,0,85,18,132,176,3,136,49,170,95,167,93,66,135,51,50,21,92,90,67,32,165,169,23,163,25,29,125,6,88,70,37,156,71,8,184,162,109,72,78,131,110,101,59,80,100,30,114,182,15,36,58,151,175,197,1,117,98,157,142,137,158,54,57,193,172,39,107,55,14,13,111,52,40,87,181,68,9,28,105,69,159,38,144,56,63,140,99,73,74,192,103,35,161,102,12,133,76,112,104,31,53,146,108,188,44,155,17,16,194,34,154,60,179,27,43,127,96,171,141,11,22,64,79,177,199,166,83,86,119,81,153,129,24,150,10,185,62,120,178,46,180,191,121];False
5274;6697;11971;[198,29,147,78,130,5,54,120,26,145,115,152,186,129,139,123,106,194,56,140,124,168,164,190,174,196,113,61,45,138,51,82,187,128,134,195,33,94,118,126,143,160,91,75,77,149,189,7,173,116,65,4,84,122,2,97,0,85,18,132,176,3,136,49,170,95,167,93,66,135,48,50,21,92,90,67,32,165,169,23,163,25,70,125,6,88,44,37,156,71,8,184,162,109,72,41,131,110,101,59,80,100,30,114,182,15,36,58,151,175,197,1,117,98,157,142,137,158,42,57,193,172,39,107,55,14,13,111,52,40,87,181,68,9,28,105,69,159,38,144,146,63,73,99,155,178,192,103,35,161,102,12,133,76,112,104,31,183,34,108,188,74,53,17,16,20,19,154,60,179,27,43,127,96,171,141,11,22,64,79,177,199,148,83,86,119,81,153,166,24,150,10,185,62,47,89,46,180,191,121];True
5266;6699;11965;[198,29,125,78,130,5,54,120,26,145,115,152,186,129,139,123,106,194,56,140,124,168,164,190,174,196,113,61,45,138,51,82,187,128,134,195,33,94,118,126,143,160,91,75,77,149,189,7,173,116,65,4,84,122,2,97,0,85,18,132,176,3,136,49,170,95,167,93,66,135,48,50,21,92,90,67,32,165,169,23,163,25,70,147,6,88,44,37,156,71,8,184,162,109,72,41,131,110,101,59,80,100,30,114,182,15,36,58,151,175,197,1,117,98,157,142,137,158,42,57,193,172,39,107,55,14,13,111,52,40,87,181,68,9,28,105,69,159,38,144,146,63,73,99,155,178,192,103,35,161,102,12,133,76,112,104,31,183,34,108,188,74,53,17,16,20,19,154,60,179,27,43,127,96,171,141,11,22,64,79,177,199,148,83,86,119,81,153,166,24,150,10,185,62,47,89,46,180,191,121];True
5218;6703;11921;[198,29,125,78,130,5,54,120,26,145,115,152,186,129,139,123,106,20,56,140,124,168,164,190,174,196,113,61,45,138,51,82,187,128,134,195,33,94,118,126,143,160,91,75,77,149,189,7,173,116,65,4,84,122,2,97,0,85,18,132,176,3,136,49,170,95,167,93,66,135,48,50,21,92,90,67,32,165,169,23,163,25,70,147,6,88,44,37,156,71,8,184,162,109,72,41,131,110,101,59,80,100,30,114,182,15,36,58,151,175,197,1,117,98,157,142,137,158,42,57,193,172,39,107,55,14,13,111,52,40,87,181,68,9,28,105,69,159,38,144,146,63,73,99,155,178,192,103,35,161,102,12,133,76,112,104,31,183,34,108,188,74,53,17,16,194,19,154,60,179,27,43,127,96,171,141,11,22,64,79,177,199,148,83,86,119,81,153,166,24,150,10,185,62,47,89,46,180,191,121];True
5210;6707;11917;[198,29,125,78,130,60,54,120,26,145,115,152,186,129,139,123,106,194,56,140,124,168,164,190,174,196,113,61,45,138,51,82,187,128,134,195,33,94,118,126,143,160,91,75,77,149,189,7,173,116,65,4,84,122,2,97,0,85,18,132,176,3,136,49,170,95,167,93,66,135,48,50,21,92,90,67,32,165,169,23,163,25,70,147,6,88,44,37,156,71,8,184,162,109,72,41,131,110,101,59,80,100,30,114,182,15,36,58,151,175,197,1,117,98,157,142,137,158,42,57,193,172,39,107,55,14,13,111,52,40,87,181,68,9,28,105,69,159,38,144,146,63,73,99,155,178,192,103,35,161,102,12,133,76,112,104,31,183,34,108,188,74,53,17,16,20,19,154,5,179,27,43,127,96,171,141,11,22,64,79,177,199,148,83,86,119,81,153,166,24,150,10,185,62,47,89,46,180,191,121];False
5167;6710;11877;[198,29,125,78,130,5,42,120,26,145,115,152,186,129,139,123,106,20,56,140,124,168,164,190,174,196,113,61,45,138,51,82,187,128,134,195,33,94,118,126,143,160,91,75,77,149,189,7,173,116,65,4,84,122,2,97,0,85,18,132,176,3,136,49,170,95,167,93,66,135,48,50,21,92,90,67,32,165,169,23,163,25,70,147,6,88,44,37,156,71,8,184,162,109,72,41,131,110,101,59,80,100,30,114,182,15,36,58,151,175,197,1,117,98,157,142,137,158,54,57,193,172,39,107,55,14,13,111,52,40,87,181,68,9,28,105,69,159,38,144,146,63,73,99,155,178,192,103,35,161,102,12,133,76,112,104,31,183,34,108,188,74,53,17,16,194,19,154,60,179,27,43,127,96,171,141,11,22,64,79,177,199,148,83,86,119,81,153,166,24,150,10,185,62,47,89,46,180,191,121];False
5162;6711;11873;[198,29,125,41,130,60,54,120,26,145,115,152,186,129,139,123,106,194,56,140,124,168,164,190,174,196,113,61,45,138,51,82,187,128,134,195,33,94,118,126,143,160,91,75,77,149,189,7,173,116,65,4,84,122,2,97,0,85,18,132,176,3,136,49,170,95,167,93,66,135,48,50,21,92,90,67,32,165,169,23,163,25,70,147,6,88,44,37,156,71,8,184,162,109,72,78,131,110,101,59,80,100,30,114,182,15,36,58,151,175,197,1,117,98,157,142,137,158,42,57,193,172,39,107,55,14,13,111,52,40,87,181,68,9,28,105,69,159,38,144,146,63,73,99,155,178,192,103,35,161,102,12,133,76,112,104,31,183,34,108,188,74,53,17,16,20,19,154,5,179,27,43,127,96,171,141,11,22,64,79,177,199,148,83,86,119,81,153,166,24,150,10,185,62,47,89,46,180,191,121];False
5126;6707;11833;[198,29,90,41,187,60,42,47,26,145,115,152,186,129,139,123,106,20,56,140,124,168,164,190,174,196,113,61,45,138,51,82,154,128,134,195,33,94,118,126,143,160,91,75,77,149,189,7,173,116,65,4,84,122,2,97,0,85,18,132,176,3,136,49,170,95,167,93,66,135,48,50,21,92,147,67,32,165,169,23,163,25,70,125,6,88,44,37,156,71,8,184,162,109,72,78,131,110,101,59,80,100,30,114,182,15,36,58,151,175,197,1,117,98,157,142,137,158,54,57,193,172,39,107,55,14,13,111,52,40,87,181,68,9,28,105,69,159,38,144,146,63,73,99,155,178,192,103,35,161,102,12,133,76,112,104,31,183,34,108,188,74,53,17,16,194,19,130,5,179,27,43,127,96,171,141,11,22,64,79,177,199,148,83,86,119,81,153,166,24,150,10,185,62,120,89,46,180,191,121];True
5076;6715;11791;[198,29,125,78,130,5,42,47,26,145,115,152,186,129,139,123,106,20,56,140,124,168,164,190,174,196,113,61,45,138,51,82,187,128,134,195,33,94,118,126,143,160,91,75,77,149,189,7,173,116,65,4,84,122,2,97,0,85,18,132,176,3,136,49,170,95,167,93,66,135,48,50,21,92,90,67,32,165,169,23,163,25,70,147,6,88,44,37,156,71,8,184,162,109,72,41,131,110,101,59,80,100,30,114,182,15,36,58,151,175,197,1,117,98,157,142,137,158,54,57,193,172,39,107,55,14,13,111,52,40,87,181,68,9,28,105,69,159,38,144,146,63,73,99,155,178,192,103,35,161,102,12,133,76,112,104,31,183,34,108,188,74,53,17,16,194,19,154,60,179,27,43,127,96,171,141,11,22,64,79,177,199,148,83,86,119,81,153,166,24,150,10,185,62,120,89,46,180,191,121];False
5041;6718;11759;[198,29,147,41,130,5,42,47,26,145,115,152,186,129,139,123,106,20,56,140,124,168,164,190,174,196,113,61,45,138,51,82,187,128,134,195,33,94,118,126,143,160,91,75,77,149,189,7,173,116,65,4,84,122,2,97,0,85,18,132,176,3,136,49,170,95,167,93,66,135,48,50,21,92,90,67,32,165,169,23,163,25,70,125,6,88,44,37,156,71,8,184,162,109,72,78,131,110,101,59,80,100,30,114,182,15,36,58,151,175,197,1,117,98,157,142,137,158,54,57,193,172,39,107,55,14,13,111,52,40,87,181,68,9,28,105,69,159,38,144,146,63,73,99,155,178,192,103,35,161,102,12,133,76,112,104,31,183,34,108,188,74,53,17,16,194,19,154,60,179,27,43,127,96,171,141,11,22,64,79,177,199,148,83,86,119,81,153,166,24,150,10,185,62,120,89,46,180,191,121];False
5028;6723;11751;[198,174,45,19,130,5,134,120,26,145,115,152,186,7,15,51,106,20,44,140,124,168,34,136,125,6,113,61,118,138,123,82,187,128,171,195,33,94,190,126,143,160,91,75,77,149,189,148,173,116,65,4,84,122,2,97,0,85,18,132,176,3,196,49,170,95,167,93,66,135,48,50,21,92,147,67,32,165,169,23,163,25,70,90,41,88,146,37,156,71,8,184,162,109,72,78,131,110,101,59,80,100,30,114,182,139,36,58,151,175,197,1,117,98,157,142,137,158,54,57,193,172,39,107,55,14,13,111,52,40,87,181,68,9,28,105,69,159,38,144,56,63,73,99,155,178,192,103,35,161,102,12,133,76,112,104,31,183,164,108,188,74,53,17,16,194,29,154,60,179,27,43,127,96,42,141,11,22,64,79,177,199,166,83,86,119,81,153,129,24,150,10,185,62,47,89,46,180,191,121];False
5028;6719;11747;[198,29,125,41,130,5,42,47,26,145,115,152,186,129,139,123,106,20,56,140,124,168,164,190,174,196,113,61,45,138,51,82,187,128,134,195,33,94,118,126,143,160,91,75,77,149,189,7,173,116,65,4,84,122,2,97,0,85,18,132,176,3,136,49,170,95,167,93,66,135,48,50,21,92,90,67,32,165,169,23,163,25,70,147,6,88,44,37,156,71,8,184,162,109,72,78,131,110,101,59,80,100,30,114,182,15,36,58,151,175,197,1,117,98,157,142,137,158,54,57,193,172,39,107,55,14,13,111,52,40,87,181,68,9,28,105,69,159,38,144,146,63,73,99,155,178,192,103,35,161,102,12,133,76,112,104,31,183,34,108,188,74,53,17,16,194,19,154,60,179,27,43,127,96,171,141,11,22,64,79,177,199,148,83,86,119,81,153,166,24,150,10,185,62,120,89,46,180,191,121];False
5022;6721;11743;[198,29,125,78,130,5,179,47,26,145,115,152,186,129,139,123,106,20,44,140,124,168,164,190,174,196,113,61,45,138,51,82,187,128,134,195,33,94,118,126,143,160,91,75,77,149,189,7,173,116,65,4,84,122,2,97,0,85,18,132,176,3,136,49,170,95,167,93,66,135,48,50,21,92,90,67,32,165,169,23,163,25,70,147,6,88,146,37,156,71,8,184,162,109,72,41,131,110,101,59,80,100,30,114,182,15,36,58,151,175,197,1,117,98,157,142,137,158,54,57,193,172,39,107,55,14,13,111,52,40,87,181,68,9,28,105,69,159,38,144,56,63,73,99,155,178,192,103,35,161,102,12,133,76,112,104,31,183,34,108,188,74,53,17,16,194,19,154,60,42,27,43,127,96,171,141,11,22,64,79,177,199,148,83,86,119,81,153,166,24,150,10,185,62,120,89,46,180,191,121];False
4987;6722;11709;[198,146,147,78,130,5,42,47,26,145,115,152,186,129,139,123,106,20,44,140,124,168,164,190,174,196,113,61,45,138,51,82,187,128,134,195,33,94,118,126,143,160,91,75,77,149,189,7,173,116,65,4,84,122,2,97,0,85,18,132,176,3,136,49,170,95,167,93,66,135,48,50,21,92,90,67,32,165,169,23,163,25,70,125,6,88,29,37,156,71,8,184,162,109,72,41,131,110,101,59,80,100,30,114,182,15,36,58,151,175,197,1,117,98,157,142,137,158,54,57,193,172,39,107,55,14,13,111,52,40,87,181,68,9,28,105,69,159,38,144,56,63,73,99,155,178,192,103,35,161,102,12,133,76,112,104,31,183,34,108,188,74,53,17,16,194,19,154,60,179,27,43,127,96,171,141,11,22,64,79,177,199,148,83,86,119,81,153,166,24,150,10,185,62,120,89,46,180,191,121];False
4984;6722;11706;[198,29,90,41,154,5,42,47,26,145,115,152,186,129,139,123,106,20,56,140,124,168,164,190,174,196,113,61,45,138,51,82,187,128,134,195,33,94,118,126,143,160,91,75,77,149,189,7,173,116,65,4,84,122,2,97,0,85,18,132,176,3,136,49,170,95,167,93,66,135,48,50,21,92,147,67,32,165,169,23,163,25,70,125,6,88,44,37,156,71,8,184,162,109,72,78,131,110,101,59,80,100,30,114,182,15,36,58,151,175,197,1,117,98,157,142,137,158,54,57,193,172,39,107,55,14,13,111,52,40,87,181,68,9,28,105,69,159,38,144,146,63,73,99,155,178,192,103,35,161,102,12,133,76,112,104,31,183,34,108,188,74,53,17,16,194,19,130,60,179,27,43,127,96,171,141,11,22,64,79,177,199,148,83,86,119,81,153,166,24,150,10,185,62,120,89,46,180,191,121];False
4985;6715;11700;[198,29,90,41,130,5,42,47,26,145,115,152,186,129,139,123,106,20,56,140,124,168,164,190,174,196,113,61,45,138,51,82,187,128,134,195,33,94,118,126,143,160,91,75,77,149,189,7,173,116,65,4,84,122,2,97,0,85,18,132,176,3,136,49,170,95,167,93,66,135,48,50,21,92,147,67,32,165,169,23,163,25,70,125,6,88,44,37,156,71,8,184,162,109,72,78,131,110,101,59,80,100,30,114,182,15,36,58,151,175,197,1,117,98,157,142,137,158,54,57,193,172,39,107,55,14,13,111,52,40,87,181,68,9,28,105,69,159,38,144,146,63,73,99,155,178,192,103,35,161,102,12,133,76,112,104,31,183,34,108,188,74,53,17,16,194,19,154,60,179,27,43,127,96,171,141,11,22,64,79,177,199,148,83,86,119,81,153,166,24,150,10,185,62,120,89,46,180,191,121];True
4961;6718;11679;[198,29,90,41,154,60,42,47,26,145,115,152,186,129,139,123,106,20,56,140,124,168,164,190,174,196,113,61,45,138,51,82,187,128,134,195,33,94,118,126,143,160,91,75,77,149,189,7,173,116,65,4,84,122,2,97,0,85,18,132,176,3,136,49,170,95,167,93,66,135,48,50,21,92,147,67,32,165,169,23,163,25,70,125,6,88,44,37,156,71,8,184,162,109,72,78,131,110,101,59,80,100,30,114,182,15,36,58,151,175,197,1,117,98,157,142,137,158,54,57,193,172,39,107,55,14,13,111,52,40,87,181,68,9,28,105,69,159,38,144,146,63,73,99,155,178,192,103,35,161,102,12,133,76,112,104,31,183,34,108,188,74,53,17,16,194,19,130,5,179,27,43,127,96,171,141,11,22,64,79,177,199,148,83,86,119,81,153,166,24,150,10,185,62,120,89,46,180,191,121];True
4943;6725;11668;[198,29,90,41,130,5,171,120,26,145,115,152,186,7,15,51,106,20,44,140,124,168,164,190,174,196,113,61,45,138,123,82,187,128,134,195,33,94,118,126,143,160,91,75,77,149,189,148,173,116,65,4,84,122,2,97,0,85,18,132,176,3,136,49,170,95,167,93,66,135,48,50,21,92,147,67,32,165,169,23,163,25,70,125,6,88,146,37,156,71,8,184,162,109,72,78,131,110,101,59,80,100,30,114,182,139,36,58,151,175,197,1,117,98,157,142,137,158,54,57,193,172,39,107,55,14,13,111,52,40,87,181,68,9,28,105,69,159,38,144,56,63,73,99,155,178,192,103,35,161,102,12,133,76,112,104,31,183,34,108,188,74,53,17,16,194,19,154,60,179,27,43,127,96,42,141,11,22,64,79,177,199,166,83,86,119,81,153,129,24,150,10,185,62,47,89,46,180,191,121];False
4929;6723;11652;[198,29,147,78,130,5,42,47,26,145,115,152,186,129,139,123,106,20,44,140,124,168,164,190,174,196,113,61,45,138,51,82,187,128,134,195,33,94,118,126,143,160,91,75,77,149,189,7,173,116,65,4,84,122,2,97,0,85,18,132,176,3,136,49,170,95,167,93,66,135,48,50,21,92,90,67,32,165,169,23,163,25,70,125,6,88,146,37,156,71,8,184,162,109,72,41,131,110,101,59,80,100,30,114,182,15,36,58,151,175,197,1,117,98,157,142,137,158,54,57,193,172,39,107,55,14,13,111,52,40,87,181,68,9,28,105,69,159,38,144,56,63,73,99,155,178,192,103,35,161,102,12,133,76,112,104,31,183,34,108,188,74,53,17,16,194,19,154,60,179,27,43,127,96,171,141,11,22,64,79,177,199,148,83,86,119,81,153,166,24,150,10,185,62,120,89,46,180,191,121];True
4921;6725;11646;[198,29,125,78,130,5,42,47,26,145,115,152,186,129,139,123,106,20,44,140,124,168,164,190,174,196,113,61,45,138,51,82,187,128,134,195,33,94,118,126,143,160,91,75,77,149,189,7,173,116,65,4,84,122,2,97,0,85,18,132,176,3,136,49,170,95,167,93,66,135,48,50,21,92,90,67,32,165,169,23,163,25,70,147,6,88,146,37,156,71,8,184,162,109,72,41,131,110,101,59,80,100,30,114,182,15,36,58,151,175,197,1,117,98,157,142,137,158,54,57,193,172,39,107,55,14,13,111,52,40,87,181,68,9,28,105,69,159,38,144,56,63,73,99,155,178,192,103,35,161,102,12,133,76,112,104,31,183,34,108,188,74,53,17,16,194,19,154,60,179,27,43,127,96,171,141,11,22,64,79,177,199,148,83,86,119,81,153,166,24,150,10,185,62,120,89,46,180,191,121];False
4890;6724;11614;[198,174,190,10,130,5,179,47,26,145,115,152,186,7,15,51,106,20,44,140,124,168,34,136,125,6,113,61,45,138,123,82,187,128,134,195,33,94,118,126,143,160,91,75,77,149,189,148,173,116,65,4,84,122,2,97,0,85,18,132,176,3,196,49,170,95,167,93,66,135,48,50,21,92,147,67,32,165,169,23,163,25,70,90,41,88,146,37,156,71,8,184,162,109,72,78,131,110,101,59,80,100,30,114,182,139,36,58,151,175,197,1,117,98,157,142,137,158,54,120,193,172,39,107,55,14,13,111,52,40,87,181,68,9,28,105,69,159,38,144,56,63,73,99,155,178,192,103,35,161,102,12,133,76,112,104,31,183,164,108,188,74,53,17,16,194,29,154,60,42,27,43,127,96,171,141,11,22,64,79,177,199,166,83,86,119,81,153,129,24,150,19,185,62,57,89,46,180,191,121];True
4879;6728;11607;[198,174,118,10,130,5,114,120,26,145,115,152,186,7,15,51,106,20,44,140,124,168,164,136,125,6,113,61,45,138,123,82,187,128,171,195,33,94,190,126,143,160,91,75,77,149,189,148,173,116,65,4,84,122,2,97,0,85,18,132,176,3,196,49,170,95,167,93,66,135,48,50,21,92,147,67,32,165,169,23,163,25,70,90,41,88,146,37,156,71,8,184,162,109,72,78,131,110,101,59,80,100,30,134,182,139,36,58,151,175,197,1,117,98,157,142,137,158,54,57,193,172,39,107,55,14,13,111,52,40,87,181,68,9,28,105,69,159,38,144,56,63,73,99,155,178,192,103,35,161,102,12,133,76,112,104,31,183,34,108,188,74,53,17,16,194,29,154,60,179,27,43,127,96,42,141,11,22,64,79,177,199,166,83,86,119,81,153,129,24,150,19,185,62,47,89,46,180,191,121];False
4876;6729;11605;[198,174,190,10,130,5,114,120,26,145,115,152,186,7,15,51,106,20,44,140,124,168,164,136,125,6,113,61,45,138,123,82,187,128,171,195,33,94,118,126,143,160,91,75,77,149,189,148,173,116,65,4,84,122,2,97,0,85,18,132,176,3,196,49,170,95,167,93,66,135,48,50,21,92,147,67,32,165,169,23,163,25,70,90,41,88,146,37,156,71,8,184,162,109,72,78,131,110,101,59,80,100,30,134,182,139,36,58,151,175,197,1,117,98,157,142,137,158,54,57,193,172,39,107,55,14,13,111,52,40,87,181,68,9,28,105,69,159,38,144,56,63,73,99,155,178,192,103,35,161,102,12,133,76,112,104,31,183,34,108,188,74,53,17,16,194,29,154,60,179,27,43,127,96,42,141,11,22,64,79,177,199,166,83,86,119,81,153,129,24,150,19,185,62,47,89,46,180,191,121];False
4864;6730;11594;[198,174,118,10,130,5,114,57,26,145,115,152,186,7,15,51,106,20,44,140,124,168,164,136,125,6,113,61,45,138,123,82,187,128,171,195,33,94,190,126,143,160,91,75,77,149,189,148,173,116,65,4,84,122,2,97,0,85,18,132,176,3,196,49,170,95,167,93,66,135,48,50,21,92,147,67,32,165,169,23,163,25,70,90,41,88,146,37,156,71,8,184,162,109,72,78,131,110,101,59,80,100,30,134,182,139,36,58,151,175,197,1,117,98,157,142,137,158,54,120,193,172,39,107,55,14,13,111,52,40,87,181,68,9,28,105,69,159,38,144,56,63,73,99,155,178,192,103,35,161,102,12,133,76,112,104,31,183,34,108,188,74,53,17,16,194,29,154,60,179,27,43,127,96,42,141,11,22,64,79,177,199,166,83,86,119,81,153,129,24,150,19,185,62,47,89,46,180,191,121];False
4861;6731;11592;[198,174,190,10,130,5,114,57,26,145,115,152,186,7,15,51,106,20,44,140,124,168,164,136,125,6,113,61,45,138,123,82,187,128,171,195,33,94,118,126,143,160,91,75,77,149,189,148,173,116,65,4,84,122,2,97,0,85,18,132,176,3,196,49,170,95,167,93,66,135,48,50,21,92,147,67,32,165,169,23,163,25,70,90,41,88,146,37,156,71,8,184,162,109,72,78,131,110,101,59,80,100,30,134,182,139,36,58,151,175,197,1,117,98,157,142,137,158,54,120,193,172,39,107,55,14,13,111,52,40,87,181,68,9,28,105,69,159,38,144,56,63,73,99,155,178,192,103,35,161,102,12,133,76,112,104,31,183,34,108,188,74,53,17,16,194,29,154,60,179,27,43,127,96,42,141,11,22,64,79,177,199,166,83,86,119,81,153,129,24,150,19,185,62,47,89,46,180,191,121];False
4836;6731;11567;[198,174,118,10,130,5,171,57,26,145,115,152,186,7,15,51,106,20,44,140,124,168,164,136,125,6,113,61,45,138,123,82,187,128,134,195,33,94,190,126,143,160,91,75,77,149,189,148,173,116,65,4,84,122,2,97,0,85,18,132,176,3,196,49,170,95,167,93,66,135,48,50,21,92,147,67,32,165,169,23,163,25,70,90,41,88,146,37,156,71,8,184,162,109,72,78,131,110,101,59,80,100,30,114,182,139,36,58,151,175,197,1,117,98,157,142,137,158,54,120,193,172,39,107,55,14,13,111,52,40,87,181,68,9,28,105,69,159,38,144,56,63,73,99,155,178,192,103,35,161,102,12,133,76,112,104,31,183,34,108,188,74,53,17,16,194,29,154,60,179,27,43,127,96,42,141,11,22,64,79,177,199,166,83,86,119,81,153,129,24,150,19,185,62,47,89,46,180,191,121];False
4833;6732;11565;[198,174,190,10,130,5,171,57,26,145,115,152,186,7,15,51,106,20,44,140,124,168,164,136,125,6,113,61,45,138,123,82,187,128,134,195,33,94,118,126,143,160,91,75,77,149,189,148,173,116,65,4,84,122,2,97,0,85,18,132,176,3,196,49,170,95,167,93,66,135,48,50,21,92,147,67,32,165,169,23,163,25,70,90,41,88,146,37,156,71,8,184,162,109,72,78,131,110,101,59,80,100,30,114,182,139,36,58,151,175,197,1,117,98,157,142,137,158,54,120,193,172,39,107,55,14,13,111,52,40,87,181,68,9,28,105,69,159,38,144,56,63,73,99,155,178,192,103,35,161,102,12,133,76,112,104,31,183,34,108,188,74,53,17,16,194,29,154,60,179,27,43,127,96,42,141,11,22,64,79,177,199,166,83,86,119,81,153,129,24,150,19,185,62,47,89,46,180,191,121];False
4820;6733;11553;[198,174,118,10,130,5,171,57,26,125,115,152,186,7,15,51,106,20,44,140,124,168,164,136,145,6,113,61,45,138,123,82,187,128,134,195,33,94,190,126,143,160,91,75,77,149,189,148,173,116,65,4,84,122,2,97,0,85,18,132,176,3,196,49,170,95,167,93,66,135,48,50,21,92,147,67,32,165,169,23,163,25,70,90,41,88,146,37,156,71,8,184,162,109,72,78,131,110,101,59,80,100,30,114,182,139,36,58,151,175,197,1,117,98,157,142,137,158,54,120,193,172,39,107,55,14,13,111,52,40,87,181,68,9,28,105,69,159,38,144,56,63,73,99,155,178,192,103,35,161,102,12,133,76,112,104,31,183,34,108,188,74,53,17,16,194,29,154,60,179,27,43,127,96,42,141,11,22,64,79,177,199,166,83,86,119,81,153,129,24,150,19,185,62,47,89,46,180,191,121];False
4784;6742;11526;[198,29,90,41,130,5,42,120,26,145,115,152,186,7,15,51,106,20,44,140,124,168,164,190,174,196,113,61,45,138,123,82,187,128,134,195,33,94,118,126,143,160,91,75,77,149,189,148,173,116,65,4,84,122,2,97,0,85,18,132,176,3,136,49,170,95,167,93,66,135,48,50,21,92,147,67,32,165,169,23,163,25,70,125,6,88,146,37,156,71,8,184,162,109,72,78,131,110,101,59,80,100,30,114,182,139,36,58,151,175,197,1,117,98,157,142,137,158,54,57,193,172,39,107,55,14,13,111,52,40,87,181,68,9,28,105,69,159,38,144,56,63,73,99,155,178,192,103,35,161,102,12,133,76,112,104,31,183,34,108,188,74,53,17,16,194,19,154,60,179,27,43,127,96,171,141,11,22,64,79,177,199,166,83,86,119,81,153,129,24,150,10,185,62,47,89,46,180,191,121];False
4792;6727;11519;[198,174,118,10,130,5,42,47,26,145,115,152,186,7,15,51,106,20,44,140,124,168,34,136,125,6,113,61,45,138,123,82,187,128,134,195,33,94,190,126,143,160,91,75,77,149,189,148,173,116,65,4,84,122,2,97,0,85,18,132,176,3,196,49,170,95,167,93,66,135,48,50,21,92,147,67,32,165,169,23,163,25,70,90,41,88,146,37,156,71,8,184,162,109,72,78,131,110,101,59,80,100,30,114,182,139,36,58,151,175,197,1,117,98,157,142,137,158,54,120,193,172,39,107,55,14,13,111,52,40,87,181,68,9,28,105,69,159,38,144,56,63,73,99,155,178,192,103,35,161,102,12,133,76,112,104,31,183,164,108,188,74,53,17,16,194,29,154,60,179,27,43,127,96,171,141,11,22,64,79,177,199,166,83,86,119,81,153,129,24,150,19,185,62,57,89,46,180,191,121];True
4789;6728;11517;[198,174,190,10,130,5,42,47,26,145,115,152,186,7,15,51,106,20,44,140,124,168,34,136,125,6,113,61,45,138,123,82,187,128,134,195,33,94,118,126,143,160,91,75,77,149,189,148,173,116,65,4,84,122,2,97,0,85,18,132,176,3,196,49,170,95,167,93,66,135,48,50,21,92,147,67,32,165,169,23,163,25,70,90,41,88,146,37,156,71,8,184,162,109,72,78,131,110,101,59,80,100,30,114,182,139,36,58,151,175,197,1,117,98,157,142,137,158,54,120,193,172,39,107,55,14,13,111,52,40,87,181,68,9,28,105,69,159,38,144,56,63,73,99,155,178,192,103,35,161,102,12,133,76,112,104,31,183,164,108,188,74,53,17,16,194,29,154,60,179,27,43,127,96,171,141,11,22,64,79,177,199,166,83,86,119,81,153,129,24,150,19,185,62,57,89,46,180,191,121];True
4772;6736;11508;[198,174,118,10,130,5,134,57,26,145,115,152,186,7,15,51,106,20,44,140,124,168,164,136,125,6,113,61,45,138,123,82,187,128,171,195,33,94,190,126,143,160,91,75,77,149,189,148,173,116,65,4,84,122,2,97,0,85,18,132,176,3,196,49,170,95,167,93,66,135,48,50,21,92,147,67,32,165,169,23,163,25,70,90,41,88,146,37,156,71,8,184,162,109,72,78,131,110,101,59,80,100,30,114,182,139,36,58,151,175,197,1,117,98,157,142,137,158,54,120,193,172,39,107,55,14,13,111,52,40,87,181,68,9,28,105,69,159,38,144,56,63,73,99,155,178,192,103,35,161,102,12,133,76,112,104,31,183,34,108,188,74,53,17,16,194,29,154,60,179,27,43,127,96,42,141,11,22,64,79,177,199,166,83,86,119,81,153,129,24,150,19,185,62,47,89,46,180,191,121];False
4771;6736;11507;[198,174,118,10,130,5,171,120,26,145,115,152,186,7,15,51,106,20,44,140,124,168,74,136,125,6,113,61,45,138,123,82,187,128,134,195,33,94,190,126,143,160,91,75,77,149,189,148,173,116,65,4,84,122,2,97,0,85,18,132,176,3,196,49,170,95,167,93,66,135,48,50,21,92,147,67,32,165,169,23,163,25,70,90,41,88,146,37,156,71,8,184,162,109,72,78,131,110,101,59,80,100,30,114,182,139,36,58,151,175,197,1,117,98,157,142,137,158,54,57,193,172,39,107,55,14,13,111,52,40,87,181,68,9,28,105,69,159,38,144,56,63,73,99,155,178,192,103,35,161,102,12,133,76,112,104,31,183,34,108,188,164,53,17,16,194,29,154,60,179,27,43,127,96,42,141,11,22,64,79,177,199,166,83,86,119,81,153,129,24,150,19,185,62,47,89,46,180,191,121];False
4768;6737;11505;[198,174,190,10,130,5,171,120,26,145,115,152,186,7,15,51,106,20,44,140,124,168,74,136,125,6,113,61,45,138,123,82,187,128,134,195,33,94,118,126,143,160,91,75,77,149,189,148,173,116,65,4,84,122,2,97,0,85,18,132,176,3,196,49,170,95,167,93,66,135,48,50,21,92,147,67,32,165,169,23,163,25,70,90,41,88,146,37,156,71,8,184,162,109,72,78,131,110,101,59,80,100,30,114,182,139,36,58,151,175,197,1,117,98,157,142,137,158,54,57,193,172,39,107,55,14,13,111,52,40,87,181,68,9,28,105,69,159,38,144,56,63,73,99,155,178,192,103,35,161,102,12,133,76,112,104,31,183,34,108,188,164,53,17,16,194,29,154,60,179,27,43,127,96,42,141,11,22,64,79,177,199,166,83,86,119,81,153,129,24,150,19,185,62,47,89,46,180,191,121];False
4756;6738;11494;[198,174,118,10,130,5,134,57,26,125,115,152,186,7,15,51,106,20,44,140,124,168,164,136,145,6,113,61,45,138,123,82,187,128,171,195,33,94,190,126,143,160,91,75,77,149,189,148,173,116,65,4,84,122,2,97,0,85,18,132,176,3,196,49,170,95,167,93,66,135,48,50,21,92,147,67,32,165,169,23,163,25,70,90,41,88,146,37,156,71,8,184,162,109,72,78,131,110,101,59,80,100,30,114,182,139,36,58,151,175,197,1,117,98,157,142,137,158,54,120,193,172,39,107,55,14,13,111,52,40,87,181,68,9,28,105,69,159,38,144,56,63,73,99,155,178,192,103,35,161,102,12,133,76,112,104,31,183,34,108,188,74,53,17,16,194,29,154,60,179,27,43,127,96,42,141,11,22,64,79,177,199,166,83,86,119,81,153,129,24,150,19,185,62,47,89,46,180,191,121];False
4748;6735;11483;[198,174,118,10,130,5,171,57,26,145,115,152,186,7,15,51,106,20,44,140,124,168,74,136,125,6,113,61,45,138,123,82,187,128,134,195,33,94,190,126,143,160,91,75,77,149,189,148,173,116,65,4,84,122,2,97,0,85,18,132,176,3,196,49,170,95,167,93,66,135,48,50,21,92,147,67,32,165,169,23,163,25,70,90,41,88,146,37,156,71,8,184,162,109,72,78,131,110,101,59,80,100,30,114,182,139,36,58,151,175,197,1,117,98,157,142,137,158,54,120,193,172,39,107,55,14,13,111,52,40,87,181,68,9,28,105,69,159,38,144,56,63,73,99,155,178,192,103,35,161,102,12,133,76,112,104,31,183,34,108,188,164,53,17,16,194,29,154,60,179,27,43,127,96,42,141,11,22,64,79,177,199,166,83,86,119,81,153,129,24,150,19,185,62,47,89,46,180,191,121];True
4745;6736;11481;[198,174,190,10,130,5,171,57,26,145,115,152,186,7,15,51,106,20,44,140,124,168,74,136,125,6,113,61,45,138,123,82,187,128,134,195,33,94,118,126,143,160,91,75,77,149,189,148,173,116,65,4,84,122,2,97,0,85,18,132,176,3,196,49,170,95,167,93,66,135,48,50,21,92,147,67,32,165,169,23,163,25,70,90,41,88,146,37,156,71,8,184,162,109,72,78,131,110,101,59,80,100,30,114,182,139,36,58,151,175,197,1,117,98,157,142,137,158,54,120,193,172,39,107,55,14,13,111,52,40,87,181,68,9,28,105,69,159,38,144,56,63,73,99,155,178,192,103,35,161,102,12,133,76,112,104,31,183,34,108,188,164,53,17,16,194,29,154,60,179,27,43,127,96,42,141,11,22,64,79,177,199,166,83,86,119,81,153,129,24,150,19,185,62,47,89,46,180,191,121];True
4690;6750;11440;[198,174,118,19,130,5,134,120,26,145,115,152,186,7,15,51,106,20,44,140,124,168,74,136,125,6,113,61,45,138,123,82,187,128,171,195,33,94,190,126,143,160,91,75,77,149,189,148,173,116,65,4,84,122,2,97,0,85,18,132,176,3,196,49,170,95,167,93,66,135,48,50,21,92,147,67,32,165,169,23,163,25,70,90,41,88,146,37,156,71,8,184,162,109,72,78,131,110,101,59,80,100,30,114,182,139,36,58,151,175,197,1,117,98,157,142,137,158,54,57,193,172,39,107,55,14,13,111,52,40,87,181,68,9,28,105,69,159,38,144,56,63,73,99,155,178,192,103,35,161,102,12,133,76,112,104,31,183,34,108,188,164,53,17,16,194,29,154,60,179,27,43,127,96,42,141,11,22,64,79,177,199,166,83,86,119,81,153,129,24,150,10,185,62,47,89,46,180,191,121];False
4701;6739;11440;[198,174,118,10,130,5,134,120,26,145,115,152,186,7,15,51,106,20,44,140,124,168,74,136,125,6,113,61,45,138,123,82,187,128,171,195,33,94,190,126,143,160,91,75,77,149,189,148,173,116,65,4,84,122,2,97,0,85,18,132,176,3,196,49,170,95,167,93,66,135,48,50,21,92,147,67,32,165,169,23,163,25,70,90,41,88,146,37,156,71,8,184,162,109,72,78,131,110,101,59,80,100,30,114,182,139,36,58,151,175,197,1,117,98,157,142,137,158,54,57,193,172,39,107,55,14,13,111,52,40,87,181,68,9,28,105,69,159,38,144,56,63,73,99,155,178,192,103,35,161,102,12,133,76,112,104,31,183,34,108,188,164,53,17,16,194,29,154,60,179,27,43,127,96,42,141,11,22,64,79,177,199,166,83,86,119,81,153,129,24,150,19,185,62,47,89,46,180,191,121];True
4698;6740;11438;[198,174,190,10,130,5,134,120,26,145,115,152,186,7,15,51,106,20,44,140,124,168,74,136,125,6,113,61,45,138,123,82,187,128,171,195,33,94,118,126,143,160,91,75,77,149,189,148,173,116,65,4,84,122,2,97,0,85,18,132,176,3,196,49,170,95,167,93,66,135,48,50,21,92,147,67,32,165,169,23,163,25,70,90,41,88,146,37,156,71,8,184,162,109,72,78,131,110,101,59,80,100,30,114,182,139,36,58,151,175,197,1,117,98,157,142,137,158,54,57,193,172,39,107,55,14,13,111,52,40,87,181,68,9,28,105,69,159,38,144,56,63,73,99,155,178,192,103,35,161,102,12,133,76,112,104,31,183,34,108,188,164,53,17,16,194,29,154,60,179,27,43,127,96,42,141,11,22,64,79,177,199,166,83,86,119,81,153,129,24,150,19,185,62,47,89,46,180,191,121];True
4678;6742;11420;[73,20,188,61,130,5,179,47,26,89,75,152,18,181,68,48,63,118,44,140,124,94,196,36,145,115,113,87,45,138,65,82,187,128,134,195,33,183,162,126,143,160,91,6,77,149,189,148,173,116,123,168,84,122,2,97,0,85,19,132,176,3,136,49,170,95,167,93,66,135,53,56,21,92,147,67,32,165,169,23,163,25,70,90,41,88,164,37,156,71,8,184,190,109,72,78,131,110,101,59,80,100,30,114,182,139,125,58,151,175,197,1,117,98,157,142,137,158,54,57,193,172,39,107,55,14,13,111,52,40,12,129,15,9,28,105,69,159,38,144,146,155,17,99,106,4,192,103,35,161,102,186,133,76,112,104,31,74,34,108,51,50,198,174,16,194,29,154,60,42,27,43,127,96,171,141,11,22,64,79,177,199,166,83,86,119,81,153,7,24,150,10,185,62,120,178,46,180,191,121];True
4655;6747;11402;[198,174,118,10,130,5,42,57,26,145,115,152,186,7,15,51,106,20,44,140,124,168,164,136,125,6,113,61,45,138,123,82,187,128,134,195,33,94,190,126,143,160,91,75,77,149,189,148,173,116,65,4,84,122,2,97,0,85,18,132,176,3,196,49,170,95,167,93,66,135,48,50,21,92,147,67,32,165,169,23,163,25,70,90,41,88,146,37,156,71,8,184,162,109,72,78,131,110,101,59,80,100,30,114,182,139,36,58,151,175,197,1,117,98,157,142,137,158,54,120,193,172,39,107,55,14,13,111,52,40,87,181,68,9,28,105,69,159,38,144,56,63,73,99,155,178,192,103,35,161,102,12,133,76,112,104,31,183,34,108,188,74,53,17,16,194,29,154,60,179,27,43,127,96,171,141,11,22,64,79,177,199,166,83,86,119,81,153,129,24,150,19,185,62,47,89,46,180,191,121];False
4651;6747;11398;[198,174,118,10,130,5,42,47,26,145,115,152,186,7,15,51,106,20,44,140,124,168,164,136,125,6,113,61,45,138,123,82,187,128,134,195,33,94,190,126,143,160,91,75,77,149,189,148,173,116,65,4,84,122,2,97,0,85,18,132,176,3,196,49,170,95,167,93,66,135,48,50,21,92,147,67,32,165,169,23,163,25,70,90,41,88,146,37,156,71,8,184,162,109,72,78,131,110,101,59,80,100,30,114,182,139,36,58,151,175,197,1,117,98,157,142,137,158,54,120,193,172,39,107,55,14,13,111,52,40,87,181,68,9,28,105,69,159,38,144,56,63,73,99,155,178,192,103,35,161,102,12,133,76,112,104,31,183,34,108,188,74,53,17,16,194,29,154,60,179,27,43,127,96,171,141,11,22,64,79,177,199,166,83,86,119,81,153,129,24,150,19,185,62,57,89,46,180,191,121];False
4623;6753;11376;[50,20,188,87,130,5,179,47,26,89,196,152,18,181,68,48,63,118,44,140,124,94,75,36,145,115,113,61,45,138,65,82,187,128,134,195,33,183,162,126,143,160,91,6,77,149,189,148,173,116,123,168,84,122,2,97,0,85,19,132,176,3,136,49,170,95,167,93,66,135,53,56,21,92,147,67,32,165,169,23,163,25,70,90,41,88,164,37,156,71,8,184,190,109,72,78,131,110,101,59,80,100,30,114,182,139,125,58,151,175,197,1,117,98,157,142,137,158,54,57,193,172,39,107,55,14,13,111,52,40,12,129,15,9,28,105,69,159,38,144,146,155,17,99,106,4,192,103,35,161,102,186,133,76,112,104,31,74,34,108,51,73,198,174,16,194,29,154,60,42,27,43,127,96,171,141,11,22,64,79,177,199,166,83,86,119,81,153,7,24,150,10,185,62,120,178,46,180,191,121];False
4577;6746;11323;[73,20,188,61,130,5,42,47,26,89,75,152,18,181,68,48,63,118,44,140,124,94,196,36,145,115,113,87,45,138,65,82,187,128,134,195,33,183,162,126,143,160,91,6,77,149,189,148,173,116,123,168,84,122,2,97,0,85,19,132,176,3,136,49,170,95,167,93,66,135,53,56,21,92,147,67,32,165,169,23,163,25,70,90,41,88,164,37,156,71,8,184,190,109,72,78,131,110,101,59,80,100,30,114,182,139,125,58,151,175,197,1,117,98,157,142,137,158,54,57,193,172,39,107,55,14,13,111,52,40,12,129,15,9,28,105,69,159,38,144,146,155,17,99,106,4,192,103,35,161,102,186,133,76,112,104,31,74,34,108,51,50,198,174,16,194,29,154,60,179,27,43,127,96,171,141,11,22,64,79,177,199,166,83,86,119,81,153,7,24,150,10,185,62,120,178,46,180,191,121];True
4573;6748;11321;[50,20,188,87,130,5,179,47,26,89,75,152,18,181,68,48,63,118,44,140,124,94,196,36,145,115,113,61,45,138,65,82,187,128,134,195,33,183,162,126,143,160,91,6,77,149,189,148,173,116,123,168,84,122,2,97,0,85,19,132,176,3,136,49,170,95,167,93,66,135,53,56,21,92,147,67,32,165,169,23,163,25,70,90,41,88,164,37,156,71,8,184,190,109,72,78,131,110,101,59,80,100,30,114,182,139,125,58,151,175,197,1,117,98,157,142,137,158,54,57,193,172,39,107,55,14,13,111,52,40,12,129,15,9,28,105,69,159,38,144,146,155,17,99,106,4,192,103,35,161,102,186,133,76,112,104,31,74,34,108,51,73,198,174,16,194,29,154,60,42,27,43,127,96,171,141,11,22,64,79,177,199,166,83,86,119,81,153,7,24,150,10,185,62,120,178,46,180,191,121];True
4482;6754;11236;[73,20,188,87,130,5,179,47,26,89,196,152,18,181,68,48,63,118,44,140,124,94,75,36,145,115,113,61,45,138,65,82,187,128,134,195,33,183,162,126,143,160,91,6,77,149,189,148,173,116,123,168,84,122,2,97,0,85,19,132,176,3,136,49,170,95,167,93,66,135,53,56,21,92,147,67,32,165,169,23,163,25,70,90,41,88,164,37,156,71,8,184,190,109,72,78,131,110,101,59,80,100,30,114,182,139,125,58,151,175,197,1,117,98,157,142,137,158,54,57,193,172,39,107,55,14,13,111,52,40,12,129,15,9,28,105,69,159,38,144,146,155,17,99,106,4,192,103,35,161,102,186,133,76,112,104,31,74,34,108,51,50,198,174,16,194,29,154,60,42,27,43,127,96,171,141,11,22,64,79,177,199,166,83,86,119,81,153,7,24,150,10,185,62,120,178,46,180,191,121];False
4467;6757;11224;[73,20,188,87,130,5,179,47,26,178,196,152,18,181,68,48,63,118,44,140,124,94,75,36,145,115,113,61,45,138,65,82,187,128,134,195,33,183,162,126,143,160,91,6,77,149,189,148,173,116,123,168,84,122,2,97,0,85,19,132,176,3,136,49,170,95,167,93,66,135,53,56,21,92,147,67,32,165,169,23,163,25,70,90,41,88,164,37,156,71,8,184,190,109,72,78,131,110,101,59,80,100,30,114,182,139,125,58,151,175,197,1,117,98,157,142,137,158,54,57,193,172,39,107,55,14,13,111,52,40,12,129,15,9,28,105,69,159,38,144,146,155,17,99,106,4,192,103,35,161,102,186,133,76,112,104,31,74,34,108,51,50,198,174,16,194,29,154,60,42,27,43,127,96,171,141,11,22,64,79,177,199,166,83,86,119,81,153,7,24,150,10,185,62,120,89,46,180,191,121];False
4432;6749;11181;[73,20,188,87,130,5,179,47,26,89,75,152,18,181,68,48,63,118,44,140,124,94,196,36,145,115,113,61,45,138,65,82,187,128,134,195,33,183,162,126,143,160,91,6,77,149,189,148,173,116,123,168,84,122,2,97,0,85,19,132,176,3,136,49,170,95,167,93,66,135,53,56,21,92,147,67,32,165,169,23,163,25,70,90,41,88,164,37,156,71,8,184,190,109,72,78,131,110,101,59,80,100,30,114,182,139,125,58,151,175,197,1,117,98,157,142,137,158,54,57,193,172,39,107,55,14,13,111,52,40,12,129,15,9,28,105,69,159,38,144,146,155,17,99,106,4,192,103,35,161,102,186,133,76,112,104,31,74,34,108,51,50,198,174,16,194,29,154,60,42,27,43,127,96,171,141,11,22,64,79,177,199,166,83,86,119,81,153,7,24,150,10,185,62,120,178,46,180,191,121];True
4366;6761;11127;[73,20,188,87,130,5,42,47,26,178,196,152,18,181,68,48,63,118,44,140,124,94,75,36,145,115,113,61,45,138,65,82,187,128,134,195,33,183,162,126,143,160,91,6,77,149,189,148,173,116,123,168,84,122,2,97,0,85,19,132,176,3,136,49,170,95,167,93,66,135,53,56,21,92,147,67,32,165,169,23,163,25,70,90,41,88,164,37,156,71,8,184,190,109,72,78,131,110,101,59,80,100,30,114,182,139,125,58,151,175,197,1,117,98,157,142,137,158,54,57,193,172,39,107,55,14,13,111,52,40,12,129,15,9,28,105,69,159,38,144,146,155,17,99,106,4,192,103,35,161,102,186,133,76,112,104,31,74,34,108,51,50,198,174,16,194,29,154,60,179,27,43,127,96,171,141,11,22,64,79,177,199,166,83,86,119,81,153,7,24,150,10,185,62,120,89,46,180,191,121];False
4337;6767;11104;[73,174,118,87,130,5,42,47,26,89,115,152,86,181,68,48,99,155,44,140,124,94,75,36,145,117,113,61,45,138,65,82,187,76,134,195,33,183,190,126,143,160,91,6,77,149,189,148,173,116,123,17,84,122,2,97,0,85,19,132,176,3,136,49,170,95,167,93,66,135,53,56,21,92,147,67,32,165,169,23,163,25,70,90,41,88,164,37,156,71,8,184,162,109,72,78,131,110,101,59,80,100,30,114,182,139,125,58,151,175,197,1,196,98,157,142,137,158,54,57,193,172,39,107,55,14,13,111,52,40,12,129,15,9,28,105,69,159,38,144,20,188,168,63,106,4,192,103,35,161,102,186,133,18,112,104,31,74,34,108,51,50,198,146,16,194,29,154,60,179,27,43,127,96,171,141,11,22,64,79,177,199,166,83,128,119,81,153,7,24,150,10,185,62,120,178,46,180,191,121];False
4315;6772;11087;[73,146,155,178,130,5,42,47,26,89,115,152,86,181,68,48,63,118,44,140,124,94,75,36,145,196,113,61,45,138,65,82,187,76,134,195,33,183,190,126,143,160,91,6,77,149,189,148,173,116,123,17,84,122,2,97,0,85,19,132,176,3,136,49,170,95,167,93,66,135,53,56,21,92,147,67,32,165,169,23,163,25,70,90,41,88,164,37,156,71,8,184,162,109,72,78,131,110,101,59,80,100,30,114,182,139,125,58,151,175,197,1,117,98,157,142,137,158,54,57,193,172,39,107,55,14,13,111,52,40,12,129,15,9,28,105,69,159,38,144,20,188,168,99,106,4,192,103,35,161,102,186,133,18,112,104,31,74,34,108,51,50,198,174,16,194,29,154,60,179,27,43,127,96,171,141,11,22,64,79,177,199,166,83,128,119,81,153,7,24,150,10,185,62,120,87,46,180,191,121];False
4331;6753;11084;[73,20,188,87,130,5,42,47,26,89,75,152,18,181,68,48,63,118,44,140,124,94,196,36,145,115,113,61,45,138,65,82,187,128,134,195,33,183,162,126,143,160,91,6,77,149,189,148,173,116,123,168,84,122,2,97,0,85,19,132,176,3,136,49,170,95,167,93,66,135,53,56,21,92,147,67,32,165,169,23,163,25,70,90,41,88,164,37,156,71,8,184,190,109,72,78,131,110,101,59,80,100,30,114,182,139,125,58,151,175,197,1,117,98,157,142,137,158,54,57,193,172,39,107,55,14,13,111,52,40,12,129,15,9,28,105,69,159,38,144,146,155,17,99,106,4,192,103,35,161,102,186,133,76,112,104,31,74,34,108,51,50,198,174,16,194,29,154,60,179,27,43,127,96,171,141,11,22,64,79,177,199,166,83,86,119,81,153,7,24,150,10,185,62,120,178,46,180,191,121];True
4289;6766;11055;[73,20,188,87,130,5,42,47,26,89,115,152,18,181,68,48,63,118,44,140,124,94,196,36,145,75,113,61,45,138,65,82,187,128,134,195,33,183,162,126,143,160,91,6,77,149,189,148,173,116,123,168,84,122,2,97,0,85,19,132,176,3,136,49,170,95,167,93,66,135,53,56,21,92,147,67,32,165,169,23,163,25,70,90,41,88,164,37,156,71,8,184,190,109,72,78,131,110,101,59,80,100,30,114,182,139,125,58,151,175,197,1,117,98,157,142,137,158,54,57,193,172,39,107,55,14,13,111,52,40,12,129,15,9,28,105,69,159,38,144,146,155,17,99,106,4,192,103,35,161,102,186,133,76,112,104,31,74,34,108,51,50,198,174,16,194,29,154,60,179,27,43,127,96,171,141,11,22,64,79,177,199,166,83,86,119,81,153,7,24,150,10,185,62,120,178,46,180,191,121];True
4225;6774;10999;[73,20,188,87,130,5,42,47,26,89,115,152,18,181,68,48,63,118,44,140,124,94,75,36,145,196,113,61,45,138,65,82,187,128,134,195,33,183,162,126,143,160,91,6,77,149,189,148,173,116,123,168,84,122,2,97,0,85,19,132,176,3,136,49,170,95,167,93,66,135,53,56,21,92,147,67,32,165,169,23,163,25,70,90,41,88,164,37,156,71,8,184,190,109,72,78,131,110,101,59,80,100,30,114,182,139,125,58,151,175,197,1,117,98,157,142,137,158,54,57,193,172,39,107,55,14,13,111,52,40,12,129,15,9,28,105,69,159,38,144,146,155,17,99,106,4,192,103,35,161,102,186,133,76,112,104,31,74,34,108,51,50,198,174,16,194,29,154,60,179,27,43,127,96,171,141,11,22,64,79,177,199,166,83,86,119,81,153,7,24,150,10,185,62,120,178,46,180,191,121];False
4221;6770;10991;[50,20,188,87,130,5,42,47,26,89,115,152,18,181,68,48,63,118,44,140,124,94,196,36,145,75,113,61,45,138,65,82,187,128,134,195,33,183,162,126,143,160,91,6,77,149,189,148,173,116,123,17,84,122,2,97,0,85,19,132,176,3,136,49,170,95,167,93,66,135,168,56,21,92,147,67,32,165,169,23,163,25,70,90,41,88,164,37,156,71,8,184,190,109,72,78,131,110,101,59,80,100,30,114,182,139,125,58,151,175,197,1,117,98,157,142,137,158,54,57,193,172,39,107,55,14,13,111,52,40,12,129,15,9,28,105,69,159,38,144,146,155,73,99,74,4,192,103,35,161,102,186,133,76,112,104,31,53,34,108,51,106,198,174,16,194,29,154,60,179,27,43,127,96,171,141,11,22,64,79,177,199,166,83,86,119,81,153,7,24,150,10,185,62,120,178,46,180,191,121];True
4190;6783;10973;[73,146,118,87,130,5,42,47,26,89,115,152,86,181,68,48,99,155,44,140,124,94,75,36,145,196,167,61,45,138,65,82,187,76,134,195,33,183,190,126,143,160,91,6,77,149,189,148,173,116,123,17,84,122,2,97,0,85,19,132,176,3,136,49,170,95,113,93,66,135,53,56,21,92,147,67,32,165,169,23,163,25,70,90,41,88,164,37,156,71,8,184,162,109,72,78,131,110,101,59,80,100,30,114,182,139,125,58,151,175,197,1,117,98,157,142,137,158,54,57,193,172,39,107,55,14,13,111,52,40,12,129,15,9,28,105,69,159,38,144,20,188,168,63,106,4,192,103,35,161,102,186,133,18,112,104,31,74,34,108,51,50,198,174,16,194,29,154,60,179,27,43,127,96,171,141,11,22,64,79,177,199,166,83,128,119,81,153,7,24,150,10,185,62,120,178,46,180,191,121];False
4158;6792;10950;[73,146,118,87,130,5,42,47,26,89,115,152,86,181,68,48,99,63,44,140,124,94,75,36,145,196,167,61,45,138,65,82,187,76,134,195,33,183,190,126,143,160,91,6,77,149,189,148,173,116,123,17,84,122,2,97,0,85,19,132,176,3,136,49,170,95,113,93,66,135,53,56,21,92,147,67,32,165,169,23,163,25,70,90,41,88,164,37,156,71,8,184,162,109,72,78,131,110,101,59,80,100,30,114,182,139,125,58,151,175,197,1,117,98,157,142,137,158,54,57,193,172,39,107,55,14,13,111,52,40,12,129,15,9,28,105,69,159,38,144,20,188,168,155,106,4,192,103,35,161,102,186,133,18,112,104,31,74,34,108,51,50,198,174,16,194,29,154,60,179,27,43,127,96,171,141,11,22,64,79,177,199,166,83,128,119,81,153,7,24,150,10,185,62,120,178,46,180,191,121];False
4163;6785;10948;[73,20,188,87,130,5,42,47,26,178,115,152,18,181,68,48,63,118,44,140,124,94,75,36,145,196,113,61,45,138,65,82,187,128,134,195,33,183,162,126,143,160,91,6,77,149,189,148,173,116,123,168,84,122,2,97,0,85,19,132,176,3,136,49,170,95,167,93,66,135,53,56,21,92,147,67,32,165,169,23,163,25,70,90,41,88,164,37,156,71,8,184,190,109,72,78,131,110,101,59,80,100,30,114,182,139,125,58,151,175,197,1,117,98,157,142,137,158,54,57,193,172,39,107,55,14,13,111,52,40,12,129,15,9,28,105,69,159,38,144,146,155,17,99,106,4,192,103,35,161,102,186,133,76,112,104,31,74,34,108,51,50,198,174,16,194,29,154,60,179,27,43,127,96,171,141,11,22,64,79,177,199,166,83,86,119,81,153,7,24,150,10,185,62,120,89,46,180,191,121];False
4158;6789;10947;[17,20,188,87,130,5,42,47,26,89,115,152,18,181,68,48,63,118,44,140,124,94,196,36,145,75,113,61,45,138,65,82,187,128,134,195,33,183,162,126,143,160,91,6,77,149,189,148,173,116,123,168,84,122,2,97,0,85,19,132,176,3,136,49,170,95,167,93,66,135,53,56,21,92,147,67,32,165,169,23,163,25,70,90,41,88,164,37,156,71,8,184,190,109,72,78,131,110,101,59,80,100,30,114,182,139,125,58,151,175,197,1,117,98,157,142,137,158,54,57,193,172,39,107,55,14,13,111,52,40,12,129,15,9,28,105,69,159,38,144,146,155,73,99,106,4,192,103,35,161,102,186,133,76,112,104,31,74,34,108,51,50,198,174,16,194,29,154,60,179,27,43,127,96,171,141,11,22,64,79,177,199,166,83,86,119,81,153,7,24,150,10,185,62,120,178,46,180,191,121];False
4157;6778;10935;[50,20,188,87,130,5,42,47,26,89,115,152,18,181,68,48,63,118,44,140,124,94,75,36,145,196,113,61,45,138,65,82,187,128,134,195,33,183,162,126,143,160,91,6,77,149,189,148,173,116,123,17,84,122,2,97,0,85,19,132,176,3,136,49,170,95,167,93,66,135,168,56,21,92,147,67,32,165,169,23,163,25,70,90,41,88,164,37,156,71,8,184,190,109,72,78,131,110,101,59,80,100,30,114,182,139,125,58,151,175,197,1,117,98,157,142,137,158,54,57,193,172,39,107,55,14,13,111,52,40,12,129,15,9,28,105,69,159,38,144,146,155,73,99,74,4,192,103,35,161,102,186,133,76,112,104,31,53,34,108,51,106,198,174,16,194,29,154,60,179,27,43,127,96,171,141,11,22,64,79,177,199,166,83,86,119,81,153,7,24,150,10,185,62,120,178,46,180,191,121];False
4140;6779;10919;[53,20,188,87,130,5,42,47,26,89,115,152,18,181,68,48,63,118,44,140,124,94,196,36,145,75,113,61,45,138,65,82,187,128,134,195,33,183,162,126,143,160,91,6,77,149,189,148,173,116,123,17,84,122,2,97,0,85,19,132,176,3,136,49,170,95,167,93,66,135,168,56,21,92,147,67,32,165,169,23,163,25,70,90,41,88,164,37,156,71,8,184,190,109,72,78,131,110,101,59,80,100,30,114,182,139,125,58,151,175,197,1,117,98,157,142,137,158,54,57,193,172,39,107,55,14,13,111,52,40,12,129,15,9,28,105,69,159,38,144,146,155,73,99,106,4,192,103,35,161,102,186,133,76,112,104,31,74,34,108,51,50,198,174,16,194,29,154,60,179,27,43,127,96,171,141,11,22,64,79,177,199,166,83,86,119,81,153,7,24,150,10,185,62,120,178,46,180,191,121];False
4134;6783;10917;[20,53,188,87,130,5,42,47,26,89,115,152,18,181,68,48,63,118,44,140,124,94,196,36,145,75,113,61,45,138,65,82,187,128,134,195,33,183,162,126,143,160,91,6,77,149,189,148,173,116,123,17,84,122,2,97,0,85,19,132,176,3,136,49,170,95,167,93,66,135,168,56,21,92,147,67,32,165,169,23,163,25,70,90,41,88,164,37,156,71,8,184,190,109,72,78,131,110,101,59,80,100,30,114,182,139,125,58,151,175,197,1,117,98,157,142,137,158,54,57,193,172,39,107,55,14,13,111,52,40,12,129,15,9,28,105,69,159,38,144,146,155,73,99,106,4,192,103,35,161,102,186,133,76,112,104,31,74,34,108,51,50,198,174,16,194,29,154,60,179,27,43,127,96,171,141,11,22,64,79,177,199,166,83,86,119,81,153,7,24,150,10,185,62,120,178,46,180,191,121];False
4119;6785;10904;[106,20,188,87,130,5,42,47,26,89,115,152,18,181,68,48,63,118,44,140,124,94,196,36,145,75,113,61,45,138,65,82,187,128,134,195,33,183,162,126,143,160,91,6,77,149,189,148,173,116,123,17,84,122,2,97,0,85,19,132,176,3,136,49,170,95,167,93,66,135,168,56,21,92,147,67,32,165,169,23,163,25,70,90,41,88,164,37,156,71,8,184,190,109,72,78,131,110,101,59,80,100,30,114,182,139,125,58,151,175,197,1,117,98,157,142,137,158,54,57,193,172,39,107,55,14,13,111,52,40,12,129,15,9,28,105,69,159,38,144,146,155,73,99,74,4,192,103,35,161,102,186,133,76,112,104,31,53,34,108,51,50,198,174,16,194,29,154,60,179,27,43,127,96,171,141,11,22,64,79,177,199,166,83,86,119,81,153,7,24,150,10,185,62,120,178,46,180,191,121];True
4112;6790;10902;[20,168,188,87,130,5,42,47,26,89,115,152,18,181,68,48,63,118,44,140,124,94,196,36,145,75,113,61,45,138,65,82,187,128,134,195,33,183,162,126,143,160,91,6,77,149,189,148,173,116,123,17,84,122,2,97,0,85,19,132,176,3,136,49,170,95,167,93,66,135,53,56,21,92,147,67,32,165,169,23,163,25,70,90,41,88,164,37,156,71,8,184,190,109,72,78,131,110,101,59,80,100,30,114,182,139,125,58,151,175,197,1,117,98,157,142,137,158,54,57,193,172,39,107,55,14,13,111,52,40,12,129,15,9,28,105,69,159,38,144,146,155,73,99,106,4,192,103,35,161,102,186,133,76,112,104,31,74,34,108,51,50,198,174,16,194,29,154,60,179,27,43,127,96,171,141,11,22,64,79,177,199,166,83,86,119,81,153,7,24,150,10,185,62,120,178,46,180,191,121];True
4121;6771;10892;[74,20,188,87,130,5,42,47,26,89,115,152,18,181,68,48,63,118,44,140,124,94,196,36,145,75,113,61,45,138,65,82,187,128,134,195,33,183,162,126,143,160,91,6,77,149,189,148,173,116,123,17,84,122,2,97,0,85,19,132,176,3,136,49,170,95,167,93,66,135,168,56,21,92,147,67,32,165,169,23,163,25,70,90,41,88,164,37,156,71,8,184,190,109,72,78,131,110,101,59,80,100,30,114,182,139,125,58,151,175,197,1,117,98,157,142,137,158,54,57,193,172,39,107,55,14,13,111,52,40,12,129,15,9,28,105,69,159,38,144,146,155,73,99,106,4,192,103,35,161,102,186,133,76,112,104,31,53,34,108,51,50,198,174,16,194,29,154,60,179,27,43,127,96,171,141,11,22,64,79,177,199,166,83,86,119,81,153,7,24,150,10,185,62,120,178,46,180,191,121];True
4077;6791;10868;[168,20,188,87,130,5,42,47,26,89,115,152,18,181,68,48,63,118,44,140,124,94,196,36,145,75,113,61,45,138,65,82,187,128,134,195,33,183,162,126,143,160,91,6,77,149,189,148,173,116,123,17,84,122,2,97,0,85,19,132,176,3,136,49,170,95,167,93,66,135,53,56,21,92,147,67,32,165,169,23,163,25,70,90,41,88,164,37,156,71,8,184,190,109,72,78,131,110,101,59,80,100,30,114,182,139,125,58,151,175,197,1,117,98,157,142,137,158,54,57,193,172,39,107,55,14,13,111,52,40,12,129,15,9,28,105,69,159,38,144,146,155,73,99,106,4,192,103,35,161,102,186,133,76,112,104,31,74,34,108,51,50,198,174,16,194,29,154,60,179,27,43,127,96,171,141,11,22,64,79,177,199,166,83,86,119,81,153,7,24,150,10,185,62,120,178,46,180,191,121];True
4019;6797;10816;[50,20,188,87,130,5,42,47,132,89,115,152,18,181,68,48,63,118,44,140,124,94,75,36,145,196,113,61,45,138,65,82,187,128,134,195,33,183,162,126,143,160,91,6,77,149,189,148,173,116,123,17,84,122,2,97,0,85,19,26,176,3,136,49,170,95,167,93,66,135,168,56,21,92,147,67,32,165,169,23,163,25,70,90,41,88,164,37,156,71,8,184,190,109,72,78,131,110,101,59,80,100,30,114,182,139,125,58,151,175,197,1,117,98,157,142,137,158,54,57,193,172,39,107,55,14,13,111,52,40,12,129,15,9,28,105,69,159,38,144,146,155,73,99,74,4,192,103,35,161,102,186,133,76,112,104,31,53,34,108,51,106,198,174,16,194,29,154,60,179,27,43,127,96,171,141,11,22,64,79,177,199,166,83,86,119,81,153,7,24,150,10,185,62,120,178,46,180,191,121];True
3985;6803;10788;[50,20,188,87,130,5,42,47,132,89,115,152,18,181,68,48,63,118,44,140,124,94,75,36,145,196,113,61,45,138,65,82,187,128,134,195,33,183,190,126,143,160,91,6,77,149,189,148,173,116,123,17,84,122,2,97,0,85,19,26,176,3,136,49,170,95,167,93,66,135,168,56,21,92,147,67,32,165,169,23,163,25,70,90,41,88,164,37,156,71,8,184,162,109,72,78,131,110,101,59,80,100,30,114,182,139,125,58,151,175,197,1,117,98,157,142,137,158,54,57,193,172,39,107,55,14,13,111,52,40,12,129,15,9,28,105,69,159,38,144,146,155,73,99,106,4,192,103,35,161,102,186,133,76,112,104,31,53,34,108,51,74,198,174,16,194,29,154,60,179,27,43,127,96,171,141,11,22,64,79,177,199,166,83,86,119,81,153,7,24,150,10,185,62,120,178,46,180,191,121];False
3938;6806;10744;[53,20,188,87,130,5,42,47,132,89,115,152,18,181,68,48,63,118,44,140,124,94,75,36,145,196,113,61,45,138,65,82,187,128,134,195,33,183,162,126,143,160,91,6,77,149,189,148,173,116,123,17,84,122,2,97,0,85,19,26,176,3,136,49,170,95,167,93,66,135,168,56,21,92,147,67,32,165,169,23,163,25,70,90,41,88,164,37,156,71,8,184,190,109,72,78,131,110,101,59,80,100,30,114,182,139,125,58,151,175,197,1,117,98,157,142,137,158,54,57,193,172,39,107,55,14,13,111,52,40,12,129,15,9,28,105,69,159,38,144,146,155,73,99,106,4,192,103,35,161,102,186,133,76,112,104,31,74,34,108,51,50,198,174,16,194,29,154,60,179,27,43,127,96,171,141,11,22,64,79,177,199,166,83,86,119,81,153,7,24,150,10,185,62,120,178,46,180,191,121];False
3932;6810;10742;[20,53,188,87,130,5,42,47,132,89,115,152,18,181,68,48,63,118,44,140,124,94,75,36,145,196,113,61,45,138,65,82,187,128,134,195,33,183,162,126,143,160,91,6,77,149,189,148,173,116,123,17,84,122,2,97,0,85,19,26,176,3,136,49,170,95,167,93,66,135,168,56,21,92,147,67,32,165,169,23,163,25,70,90,41,88,164,37,156,71,8,184,190,109,72,78,131,110,101,59,80,100,30,114,182,139,125,58,151,175,197,1,117,98,157,142,137,158,54,57,193,172,39,107,55,14,13,111,52,40,12,129,15,9,28,105,69,159,38,144,146,155,73,99,106,4,192,103,35,161,102,186,133,76,112,104,31,74,34,108,51,50,198,174,16,194,29,154,60,179,27,43,127,96,171,141,11,22,64,79,177,199,166,83,86,119,81,153,7,24,150,10,185,62,120,178,46,180,191,121];False
3917;6812;10729;[106,20,188,87,130,5,42,47,132,89,115,152,18,181,68,48,63,118,44,140,124,94,75,36,145,196,113,61,45,138,65,82,187,128,134,195,33,183,162,126,143,160,91,6,77,149,189,148,173,116,123,17,84,122,2,97,0,85,19,26,176,3,136,49,170,95,167,93,66,135,168,56,21,92,147,67,32,165,169,23,163,25,70,90,41,88,164,37,156,71,8,184,190,109,72,78,131,110,101,59,80,100,30,114,182,139,125,58,151,175,197,1,117,98,157,142,137,158,54,57,193,172,39,107,55,14,13,111,52,40,12,129,15,9,28,105,69,159,38,144,146,155,73,99,74,4,192,103,35,161,102,186,133,76,112,104,31,53,34,108,51,50,198,174,16,194,29,154,60,179,27,43,127,96,171,141,11,22,64,79,177,199,166,83,86,119,81,153,7,24,150,10,185,62,120,178,46,180,191,121];False
3908;6811;10719;[20,188,93,87,130,5,42,47,2,89,115,152,18,181,68,48,63,118,44,140,124,94,75,36,145,196,113,61,45,138,65,82,187,128,134,195,33,183,162,126,143,160,91,6,77,149,189,148,173,116,123,17,84,122,12,97,0,85,19,26,176,3,136,49,170,95,167,184,66,135,53,56,21,92,147,67,32,165,169,23,163,25,70,90,41,88,164,37,156,71,8,168,190,109,72,78,131,110,101,59,80,100,30,114,182,139,125,58,151,175,197,1,117,98,157,142,137,158,54,57,193,172,39,107,55,14,13,111,52,40,132,129,15,9,28,105,69,159,38,144,146,155,73,99,106,4,192,103,35,161,102,186,133,76,112,104,31,74,34,108,51,50,198,174,16,194,29,154,60,179,27,43,127,96,171,141,11,22,64,79,177,199,166,83,86,119,81,153,7,24,150,10,185,62,120,178,46,180,191,121];False
3919;6798;10717;[74,20,188,87,130,5,42,47,132,89,115,152,18,181,68,48,63,118,44,140,124,94,75,36,145,196,113,61,45,138,65,82,187,128,134,195,33,183,162,126,143,160,91,6,77,149,189,148,173,116,123,17,84,122,2,97,0,85,19,26,176,3,136,49,170,95,167,93,66,135,168,56,21,92,147,67,32,165,169,23,163,25,70,90,41,88,164,37,156,71,8,184,190,109,72,78,131,110,101,59,80,100,30,114,182,139,125,58,151,175,197,1,117,98,157,142,137,158,54,57,193,172,39,107,55,14,13,111,52,40,12,129,15,9,28,105,69,159,38,144,146,155,73,99,106,4,192,103,35,161,102,186,133,76,112,104,31,53,34,108,51,50,198,174,16,194,29,154,60,179,27,43,127,96,171,141,11,22,64,79,177,199,166,83,86,119,81,153,7,24,150,10,185,62,120,178,46,180,191,121];True
3908;6807;10715;[20,188,184,87,130,5,42,47,2,89,115,152,18,181,68,48,63,118,44,140,124,94,75,36,145,196,113,61,45,138,65,82,187,128,134,195,33,183,162,126,143,160,91,6,77,149,189,148,173,116,123,17,84,122,12,97,0,85,19,26,176,3,136,49,170,95,167,93,66,135,53,56,21,92,147,67,32,165,169,23,163,25,70,90,41,88,164,37,156,71,8,168,190,109,72,78,131,110,101,59,80,100,30,114,182,139,125,58,151,175,197,1,117,98,157,142,137,158,54,57,193,172,39,107,55,14,13,111,52,40,132,129,15,9,28,105,69,159,38,144,146,155,73,99,106,4,192,103,35,161,102,186,133,76,112,104,31,74,34,108,51,50,198,174,16,194,29,154,60,179,27,43,127,96,171,141,11,22,64,79,177,199,166,83,86,119,81,153,7,24,150,10,185,62,120,178,46,180,191,121];True
3866;6837;10703;[20,188,168,152,130,5,42,47,132,89,115,93,18,181,68,48,63,118,44,140,124,94,75,36,145,196,113,61,45,138,65,82,187,128,134,195,33,183,162,126,143,160,91,6,77,149,189,148,173,116,123,17,84,122,2,97,0,85,19,26,176,3,136,49,170,95,167,87,66,135,53,56,21,92,147,67,32,165,169,23,163,25,70,90,41,88,164,37,156,71,8,184,190,109,72,78,131,110,101,59,80,100,30,114,182,139,125,58,151,175,197,1,117,98,157,142,137,158,54,57,193,172,39,107,55,14,13,111,52,40,12,129,15,9,28,105,69,159,38,144,146,155,73,99,106,4,192,103,35,161,102,186,133,76,112,104,31,74,34,108,51,50,198,174,16,194,29,154,60,179,27,43,127,96,171,141,11,22,64,79,177,199,166,83,86,119,81,153,7,24,150,10,185,62,120,178,46,180,191,121];False
3874;6824;10698;[20,188,85,87,130,5,42,47,2,89,115,152,18,181,68,48,63,118,44,140,124,94,75,36,145,196,113,61,45,138,65,82,187,128,134,195,33,183,162,126,143,160,91,6,77,149,189,148,173,116,123,17,84,122,12,97,0,93,19,26,176,3,136,49,170,95,167,184,66,135,53,56,21,92,147,67,32,165,169,23,163,25,70,90,41,88,164,37,156,71,8,168,190,109,72,78,131,110,101,59,80,100,30,114,182,139,125,58,151,175,197,1,117,98,157,142,137,158,54,57,193,172,39,107,55,14,13,111,52,40,132,129,15,9,28,105,69,159,38,144,146,155,73,99,106,4,192,103,35,161,102,186,133,76,112,104,31,74,34,108,51,50,198,174,16,194,29,154,60,179,27,43,127,96,171,141,11,22,64,79,177,199,166,83,86,119,81,153,7,24,150,10,185,62,120,178,46,180,191,121];True
3850;6837;10687;[20,188,85,87,130,5,42,47,12,89,115,152,18,181,68,48,63,118,44,140,124,94,75,36,145,196,113,61,45,138,65,82,187,128,134,195,33,183,162,126,143,160,91,6,77,149,189,148,173,116,123,17,84,122,2,97,0,93,19,26,176,3,136,49,170,95,167,168,66,135,53,56,21,92,147,67,32,165,169,23,163,25,70,90,41,88,164,37,156,71,8,184,190,109,72,78,131,110,101,59,80,100,30,114,182,139,125,58,151,175,197,1,117,98,157,142,137,158,54,57,193,172,39,107,55,14,13,111,52,40,132,129,15,9,28,105,69,159,38,144,146,155,73,99,106,4,192,103,35,161,102,186,133,76,112,104,31,74,34,108,51,50,198,174,16,194,29,154,60,179,27,43,127,96,171,141,11,22,64,79,177,199,166,83,86,119,81,153,7,24,150,10,185,62,120,178,46,180,191,121];False
3847;6839;10686;[73,74,188,87,130,5,42,119,132,89,75,36,18,181,68,48,63,118,44,140,124,94,173,116,145,196,113,61,45,138,65,82,187,128,134,195,33,183,162,126,143,160,91,6,77,149,189,148,115,103,123,168,84,122,2,97,0,85,19,26,176,3,136,49,170,95,167,93,66,135,20,56,21,92,147,67,32,165,169,23,163,25,70,90,41,88,164,37,156,71,8,184,190,109,72,78,131,110,101,59,80,100,30,114,182,139,125,58,151,175,197,1,117,98,157,142,137,158,54,57,193,172,39,107,55,14,13,111,52,40,12,129,15,9,28,105,69,159,38,144,146,155,31,99,106,4,192,152,35,161,102,186,133,76,112,104,17,53,34,108,51,50,198,174,16,194,29,154,60,177,27,43,127,96,171,179,11,22,64,79,141,47,166,83,86,199,81,153,7,24,150,10,185,62,120,178,46,180,191,121];False
3850;6833;10683;[20,188,85,87,130,5,42,47,12,89,115,152,18,181,68,48,63,118,44,140,124,94,75,36,145,196,113,61,45,138,65,82,187,128,134,195,33,183,162,126,143,160,91,6,77,149,189,148,173,116,123,17,84,122,2,97,0,93,19,26,176,3,136,49,170,95,167,184,66,135,53,56,21,92,147,67,32,165,169,23,163,25,70,90,41,88,164,37,156,71,8,168,190,109,72,78,131,110,101,59,80,100,30,114,182,139,125,58,151,175,197,1,117,98,157,142,137,158,54,57,193,172,39,107,55,14,13,111,52,40,132,129,15,9,28,105,69,159,38,144,146,155,73,99,106,4,192,103,35,161,102,186,133,76,112,104,31,74,34,108,51,50,198,174,16,194,29,154,60,179,27,43,127,96,171,141,11,22,64,79,177,199,166,83,86,119,81,153,7,24,150,10,185,62,120,178,46,180,191,121];False
3835;6839;10674;[20,188,85,87,130,5,42,47,132,89,115,152,18,181,68,48,63,118,44,140,124,94,75,36,145,196,113,61,45,138,65,82,187,128,134,195,33,183,162,126,143,160,91,6,77,149,189,148,173,116,123,17,84,122,2,97,0,93,19,26,176,3,136,49,170,95,167,168,66,135,53,56,21,92,147,67,32,165,169,23,163,25,70,90,41,88,164,37,156,71,8,184,190,109,72,78,131,110,101,59,80,100,30,114,182,139,125,58,151,175,197,1,117,98,157,142,137,158,54,57,193,172,39,107,55,14,13,111,52,40,12,129,15,9,28,105,69,159,38,144,146,155,73,99,106,4,192,103,35,161,102,186,133,76,112,104,31,74,34,108,51,50,198,174,16,194,29,154,60,179,27,43,127,96,171,141,11,22,64,79,177,199,166,83,86,119,81,153,7,24,150,10,185,62,120,178,46,180,191,121];False
3834;6830;10664;[20,188,72,87,130,5,42,47,2,89,115,152,18,181,68,48,63,118,44,140,124,94,75,36,145,196,113,61,45,138,65,82,187,128,134,195,33,183,162,126,143,160,91,6,77,149,189,148,173,116,123,17,84,122,12,97,0,85,19,26,176,3,136,49,170,95,167,93,66,135,53,56,21,92,147,67,32,165,169,23,163,25,70,90,41,88,164,37,156,71,8,168,190,109,184,78,131,110,101,59,80,100,30,114,182,139,125,58,151,175,197,1,117,98,157,142,137,158,54,57,193,172,39,107,55,14,13,111,52,40,132,129,15,9,28,105,69,159,38,144,146,155,73,99,106,4,192,103,35,161,102,186,133,76,112,104,31,74,34,108,51,50,198,174,16,194,29,154,60,179,27,43,127,96,171,141,11,22,64,79,177,199,166,83,86,119,81,153,7,24,150,10,185,62,120,178,46,180,191,121];True
3821;6837;10658;[73,74,188,87,130,5,42,119,132,136,115,103,18,181,68,48,63,118,44,140,124,94,75,36,145,196,113,61,45,138,65,82,187,128,134,195,33,183,162,126,143,160,91,6,77,149,189,148,173,116,123,168,84,122,2,97,0,85,19,26,176,3,89,49,170,95,167,93,66,135,20,56,21,92,147,67,32,165,169,23,163,25,70,90,41,88,164,37,156,71,8,184,190,109,72,78,131,110,101,59,80,100,30,114,182,139,125,58,151,175,197,1,117,98,157,142,137,158,54,57,193,172,39,107,55,14,13,111,52,40,12,129,15,9,28,105,69,159,38,144,146,155,31,99,106,4,192,152,35,161,102,186,133,76,112,104,17,53,34,108,51,50,198,174,16,194,29,154,60,177,27,43,127,96,171,179,11,22,64,79,141,47,166,83,86,199,81,153,7,24,150,10,185,62,120,178,46,180,191,121];False
3800;6841;10641;[20,188,93,152,130,5,42,47,12,89,115,87,18,181,68,48,63,118,44,140,124,94,75,36,145,196,113,61,45,138,65,82,187,128,134,195,33,183,162,126,143,160,91,6,77,149,189,148,173,116,123,17,84,122,2,97,0,85,19,26,176,3,136,49,170,95,167,168,66,135,53,56,21,92,147,67,32,165,169,23,163,25,70,90,41,88,164,37,156,71,8,184,190,109,72,78,131,110,101,59,80,100,30,114,182,139,125,58,151,175,197,1,117,98,157,142,137,158,54,57,193,172,39,107,55,14,13,111,52,40,132,129,15,9,28,105,69,159,38,144,146,155,73,99,106,4,192,103,35,161,102,186,133,76,112,104,31,74,34,108,51,50,198,174,16,194,29,154,60,179,27,43,127,96,171,141,11,22,64,79,177,199,166,83,86,119,81,153,7,24,150,10,185,62,120,178,46,180,191,121];False
1399;9226;10625;[41,196,48,10,78,145,100,129,8,94,112,1,189,72,105,99,141,17,45,15,173,18,25,120,24,197,26,9,77,20,67,118,147,65,87,106,130,22,38,34,3,2,75,12,165,153,122,127,39,73,6,117,50,53,93,110,30,134,58,86,181,82,23,151,54,158,121,92,76,98,187,142,81,52,108,74,183,83,7,79,185,148,167,61,59,36,46,5,27,133,96,157,138,178,152,56,66,126,198,159,174,19,131,29,154,156,160,71,69,190,43,128,85,164,111,192,40,124,150,139,33,13,172,195,182,37,60,35,88,135,140,194,31,171,116,57,186,113,84,89,162,146,119,28,4,97,51,0,199,62,102,115,14,114,55,155,184,161,80,137,177,169,191,11,104,193,163,170,95,91,90,125,149,32,68,63,49,109,175,143,101,16,136,144,70,168,64,103,21,180,107,188,179,176,42,47,132,166,123,44];False
3789;6836;10625;[73,74,188,87,130,5,42,119,132,142,115,103,18,181,68,48,63,118,44,140,124,94,75,36,145,196,113,61,45,138,65,82,187,128,134,195,33,183,162,126,143,160,91,6,77,149,189,148,173,116,123,168,84,122,2,97,0,85,19,26,176,3,89,49,170,95,167,93,66,135,20,56,21,92,147,67,32,165,169,23,163,25,70,90,41,88,164,37,156,71,8,184,190,109,72,78,131,110,101,59,80,100,30,114,182,139,125,58,151,175,197,1,117,98,157,136,137,158,54,57,193,172,39,107,55,14,13,111,52,40,12,129,15,9,28,105,69,159,38,144,146,155,31,99,106,4,192,152,35,161,102,186,133,76,112,104,17,53,34,108,51,50,198,174,16,194,29,154,60,177,27,43,127,96,171,179,11,22,64,79,141,47,166,83,86,199,81,153,7,24,150,10,185,62,120,178,46,180,191,121];True
3774;6838;10612;[73,74,188,87,130,5,42,119,132,89,115,103,18,181,68,48,63,118,44,140,124,94,75,36,145,196,113,61,45,138,65,82,187,128,134,195,33,183,162,126,143,160,91,6,77,149,189,148,173,116,123,168,84,122,2,97,0,85,19,26,176,3,136,49,170,95,167,93,66,135,20,56,21,92,147,67,32,165,169,23,163,25,70,90,41,88,164,37,156,71,8,184,190,109,72,78,131,110,101,59,80,100,30,114,182,139,125,58,151,175,197,1,117,98,157,142,137,158,54,57,193,172,39,107,55,14,13,111,52,40,12,129,15,9,28,105,69,159,38,144,146,155,31,99,106,4,192,152,35,161,102,186,133,76,112,104,17,53,34,108,51,50,198,174,16,194,29,154,60,177,27,43,127,96,171,179,11,22,64,79,141,47,166,83,86,199,81,153,7,24,150,10,185,62,120,178,46,180,191,121];True
3763;6839;10602;[73,74,188,87,130,5,141,119,132,142,115,103,18,181,68,48,63,118,44,140,124,94,75,36,145,196,113,61,45,138,65,82,187,128,134,195,33,183,162,126,143,160,91,6,77,149,189,148,173,116,123,168,84,122,2,97,0,85,19,26,176,3,89,49,170,95,167,93,66,135,20,56,21,92,147,67,32,165,169,23,163,25,70,90,41,88,164,37,156,71,8,184,190,109,72,78,131,110,101,59,80,100,30,114,182,139,125,58,151,175,197,1,117,98,157,136,137,158,54,57,193,172,39,107,55,14,13,111,52,40,12,129,15,9,28,105,69,159,38,144,146,155,31,99,106,4,192,152,35,161,102,186,133,76,112,104,17,53,34,108,51,50,198,174,16,194,29,154,60,177,27,43,127,96,171,179,11,22,64,79,42,47,166,83,86,199,81,153,7,24,150,10,185,62,120,178,46,180,191,121];True
1404;9195;10599;[41,196,48,10,78,145,100,129,8,94,112,1,189,72,105,99,141,17,45,15,173,18,25,120,24,197,26,9,77,20,67,118,147,65,87,106,130,22,38,34,3,2,75,12,165,153,122,127,39,73,6,117,50,53,93,110,30,134,137,86,181,82,23,151,54,158,121,92,76,98,187,142,81,52,108,74,183,83,7,79,185,148,167,61,59,36,46,5,27,133,96,157,138,178,152,56,66,126,198,159,174,19,131,29,154,156,160,71,69,190,43,128,85,164,111,192,40,124,150,139,33,13,172,195,182,37,60,35,88,135,140,194,31,171,116,57,186,113,84,89,162,146,119,28,4,97,51,0,199,62,102,115,14,114,55,155,184,161,80,58,177,169,191,11,104,193,163,170,95,91,90,125,149,32,68,63,49,109,175,143,101,16,136,144,70,168,64,103,21,180,107,188,179,176,42,47,132,166,123,44];False
1406;9193;10599;[41,196,48,10,78,145,100,129,8,94,112,1,189,72,105,99,141,17,45,15,173,18,25,120,24,197,26,9,77,20,67,118,147,65,92,106,130,22,38,34,3,2,75,12,165,153,122,127,39,73,87,76,50,53,93,110,30,134,137,86,181,82,23,151,54,158,121,6,117,98,187,142,81,52,108,74,183,83,7,79,185,148,167,61,59,36,46,5,27,133,96,157,138,178,152,56,66,126,198,159,174,19,131,29,154,156,160,71,69,190,43,128,85,164,111,192,40,124,150,139,33,13,172,195,182,149,60,35,88,135,140,194,31,171,116,57,186,113,84,89,162,146,119,28,4,97,51,0,199,62,102,115,14,114,55,155,184,161,80,58,177,169,191,11,104,193,163,170,95,91,90,125,37,32,68,63,49,109,175,143,101,16,136,144,70,168,64,103,21,180,107,188,179,176,42,47,132,166,123,44];False
1401;9194;10595;[41,196,48,10,78,145,100,129,8,94,112,1,189,72,105,99,141,17,45,15,173,18,25,120,24,197,26,9,77,20,67,118,147,65,87,106,130,22,38,34,3,2,75,12,165,153,122,127,39,73,6,76,50,53,93,110,30,134,91,86,181,82,23,151,54,158,121,92,117,98,187,142,81,52,108,74,183,83,7,79,185,148,167,61,59,36,46,5,27,133,96,157,138,178,152,56,66,126,198,159,174,19,131,29,154,156,160,71,69,190,43,128,85,164,111,192,40,124,150,139,33,13,172,195,182,37,60,35,88,135,140,194,31,171,116,57,186,113,84,89,162,146,119,28,4,97,51,0,199,62,102,115,14,114,55,155,184,161,80,58,177,169,191,11,104,193,163,170,95,137,90,125,149,32,68,63,49,109,175,143,101,16,136,144,70,168,64,103,21,180,107,188,179,176,42,47,132,166,123,44];False
1389;9201;10590;[41,196,48,10,78,145,100,129,8,94,112,1,189,72,105,99,141,17,45,15,173,18,25,120,24,197,26,9,77,20,67,118,147,65,87,106,130,22,38,34,3,2,75,86,165,153,122,127,39,73,6,76,50,53,93,110,30,134,91,12,181,82,23,151,54,158,121,92,117,98,187,142,81,52,108,74,183,83,7,79,185,148,167,61,59,36,46,5,27,133,96,157,138,178,152,56,66,126,198,159,174,19,131,29,154,156,160,71,69,190,43,128,85,164,111,192,40,124,150,139,33,13,172,195,182,37,60,35,88,135,140,194,31,171,116,57,186,113,84,89,162,146,119,28,4,97,51,0,199,62,102,115,14,114,55,155,184,161,80,58,177,169,191,11,104,193,163,170,95,137,90,125,149,32,68,63,49,109,175,143,101,16,136,144,70,168,64,103,21,180,107,188,179,176,42,47,132,166,123,44];True
3748;6841;10589;[73,74,188,87,130,5,141,119,132,89,115,103,18,181,68,48,63,118,44,140,124,94,75,36,145,196,113,61,45,138,65,82,187,128,134,195,33,183,162,126,143,160,91,6,77,149,189,148,173,116,123,168,84,122,2,97,0,85,19,26,176,3,136,49,170,95,167,93,66,135,20,56,21,92,147,67,32,165,169,23,163,25,70,90,41,88,164,37,156,71,8,184,190,109,72,78,131,110,101,59,80,100,30,114,182,139,125,58,151,175,197,1,117,98,157,142,137,158,54,57,193,172,39,107,55,14,13,111,52,40,12,129,15,9,28,105,69,159,38,144,146,155,31,99,106,4,192,152,35,161,102,186,133,76,112,104,17,53,34,108,51,50,198,174,16,194,29,154,60,177,27,43,127,96,171,179,11,22,64,79,42,47,166,83,86,199,81,153,7,24,150,10,185,62,120,178,46,180,191,121];True
1409;9180;10589;[41,196,48,10,78,145,100,129,8,94,112,1,189,72,105,99,141,17,45,15,173,18,25,120,24,197,26,9,77,193,67,118,147,65,87,106,130,22,38,34,3,2,75,12,165,153,122,127,39,73,6,76,50,53,93,110,30,134,58,86,181,82,23,151,54,158,121,92,117,98,187,142,81,52,108,74,183,83,7,79,185,148,167,61,59,36,46,5,27,133,96,157,138,178,152,56,66,126,198,159,174,19,131,29,154,156,160,71,69,190,43,128,85,164,111,192,40,124,150,139,33,13,172,195,182,149,60,35,88,135,140,194,31,171,116,57,186,113,84,89,162,146,119,28,4,97,51,0,199,62,102,115,14,114,55,155,184,161,80,137,177,169,191,11,104,20,163,170,95,91,90,125,37,32,68,63,49,109,175,143,101,16,136,144,70,168,64,103,21,180,107,188,179,176,42,47,132,166,123,44];False
3740;6845;10585;[31,74,188,87,130,5,141,119,132,89,115,103,18,181,68,48,63,118,44,140,124,94,75,36,145,196,113,61,45,138,65,82,187,128,134,195,33,183,162,126,143,160,91,6,77,149,189,148,173,116,123,168,84,122,2,97,0,85,19,26,176,3,136,49,170,95,167,93,66,135,20,56,21,92,147,67,32,165,169,23,163,25,70,90,41,88,164,37,156,71,8,184,190,109,72,78,131,110,101,59,80,100,30,114,182,139,125,58,151,175,197,1,117,98,157,142,137,158,54,57,193,172,39,107,55,14,13,111,52,40,12,129,15,9,28,105,69,159,38,144,146,155,73,99,106,4,192,152,35,161,102,186,133,76,112,104,17,53,34,108,51,50,198,174,16,194,29,154,60,177,27,43,127,96,171,179,11,22,64,79,42,47,166,83,86,199,81,153,7,24,150,10,185,62,120,178,46,180,191,121];True
1405;9180;10585;[41,196,48,10,78,145,100,129,8,94,112,1,189,72,105,99,141,17,45,15,173,18,25,120,24,197,26,9,77,20,67,118,147,65,87,106,130,22,38,34,3,2,75,12,165,153,122,127,39,73,6,76,50,53,93,110,30,134,137,86,181,82,23,151,54,158,121,92,117,98,187,142,81,52,108,74,183,83,7,79,185,148,167,61,59,36,46,5,27,133,96,157,138,178,152,56,66,126,198,159,174,19,131,29,154,156,160,71,69,190,43,128,85,164,111,192,40,124,150,139,33,13,172,195,182,37,60,35,88,135,140,194,31,171,116,57,186,113,84,89,162,146,119,28,4,97,51,0,199,62,102,115,14,114,55,155,184,161,80,58,177,169,191,11,104,193,163,170,95,91,90,125,149,32,68,63,49,109,175,143,101,16,136,144,70,168,64,103,21,180,107,188,179,176,42,47,132,166,123,44];False
3732;6846;10578;[73,74,188,87,130,5,141,119,132,142,192,103,18,181,68,48,63,118,44,140,124,94,75,36,145,196,113,61,45,138,65,82,187,128,134,195,33,183,162,126,143,160,91,6,77,149,189,148,173,116,123,168,84,122,2,97,0,85,19,26,176,3,89,49,170,95,167,93,66,135,20,56,21,92,147,67,32,165,169,23,163,25,70,90,41,88,164,37,156,71,8,184,190,109,72,78,131,110,101,59,80,100,30,114,182,139,125,58,151,175,197,1,117,98,157,136,137,158,54,57,193,172,39,107,55,14,13,111,52,40,12,129,15,9,28,105,69,159,38,144,146,155,31,99,106,4,115,152,35,161,102,186,133,76,112,104,17,53,34,108,51,50,198,174,16,194,29,154,60,177,27,43,127,96,171,179,11,22,64,79,42,47,166,83,86,199,81,153,7,24,150,10,185,62,120,178,46,180,191,121];True
1397;9181;10578;[178,112,48,10,78,145,100,129,8,94,196,1,189,72,105,99,141,17,45,15,173,18,25,120,24,197,26,9,77,20,67,118,147,65,87,106,130,22,38,34,3,2,75,86,165,153,122,127,39,73,6,76,50,53,93,110,30,134,91,12,181,82,23,151,54,158,121,92,117,98,187,142,81,52,108,74,183,83,7,79,185,148,167,61,59,36,46,5,27,133,96,157,138,41,152,56,66,126,198,159,174,19,131,29,154,156,160,71,69,190,43,128,85,164,111,192,40,124,150,139,33,13,172,195,182,37,60,35,88,135,140,194,31,171,116,57,186,113,84,89,162,146,119,28,4,97,51,0,199,62,102,115,14,114,55,155,184,161,80,58,177,169,191,11,104,193,163,170,95,137,90,125,149,32,68,63,49,109,175,143,101,16,136,144,70,168,64,103,21,180,107,188,179,176,42,47,132,166,123,44];False
1402;9173;10575;[41,112,48,10,78,145,100,129,8,94,196,1,189,72,105,99,141,17,45,15,173,18,25,120,24,197,26,9,77,20,67,118,147,65,87,106,130,22,38,34,3,2,75,86,165,153,122,127,39,73,6,76,50,53,93,110,30,134,91,12,181,82,23,151,54,158,121,92,117,98,187,142,81,52,108,74,183,83,7,79,185,148,167,61,59,36,46,5,27,133,96,157,138,178,152,56,66,126,198,159,174,19,131,29,154,156,160,71,69,190,43,128,85,164,111,192,40,124,150,139,33,13,172,195,182,37,60,35,88,135,140,194,31,171,116,57,186,113,84,89,162,146,119,28,4,97,51,0,199,62,102,115,14,114,55,155,184,161,80,58,177,169,191,11,104,193,163,170,95,137,90,125,149,32,68,63,49,109,175,143,101,16,136,144,70,168,64,103,21,180,107,188,179,176,42,47,132,166,123,44];False
3716;6850;10566;[73,74,188,87,130,5,42,119,132,89,115,103,18,181,68,48,63,118,44,140,124,94,75,36,145,196,113,61,45,138,65,82,187,128,134,195,33,183,162,126,143,160,91,6,77,149,189,148,173,116,123,168,84,122,2,97,0,85,19,26,176,3,136,49,170,95,167,93,66,135,20,56,21,92,147,67,32,165,169,23,163,25,70,90,41,88,164,37,156,71,8,184,190,109,72,78,131,110,101,59,80,100,30,114,182,139,125,58,151,175,197,1,117,98,157,142,137,158,54,57,193,172,39,107,55,14,13,111,52,40,12,129,15,9,28,105,69,159,38,144,146,155,31,99,106,4,192,152,35,161,102,186,133,76,112,104,17,53,34,108,51,50,198,174,16,194,29,154,60,179,27,43,127,96,171,141,11,22,64,79,177,47,166,83,86,199,81,153,7,24,150,10,185,62,120,178,46,180,191,121];False
3708;6854;10562;[31,74,188,87,130,5,42,119,132,89,115,103,18,181,68,48,63,118,44,140,124,94,75,36,145,196,113,61,45,138,65,82,187,128,134,195,33,183,162,126,143,160,91,6,77,149,189,148,173,116,123,168,84,122,2,97,0,85,19,26,176,3,136,49,170,95,167,93,66,135,20,56,21,92,147,67,32,165,169,23,163,25,70,90,41,88,164,37,156,71,8,184,190,109,72,78,131,110,101,59,80,100,30,114,182,139,125,58,151,175,197,1,117,98,157,142,137,158,54,57,193,172,39,107,55,14,13,111,52,40,12,129,15,9,28,105,69,159,38,144,146,155,73,99,106,4,192,152,35,161,102,186,133,76,112,104,17,53,34,108,51,50,198,174,16,194,29,154,60,179,27,43,127,96,171,141,11,22,64,79,177,47,166,83,86,199,81,153,7,24,150,10,185,62,120,178,46,180,191,121];False
3712;6850;10562;[73,74,188,87,130,5,42,119,132,192,89,103,18,181,68,48,63,118,44,140,124,94,75,36,145,196,113,61,45,138,65,82,187,128,134,195,33,183,162,126,143,160,91,6,77,149,189,148,173,116,123,168,84,122,2,97,0,85,19,26,176,3,136,49,170,95,167,93,66,135,20,56,21,92,147,67,32,165,169,23,163,25,70,90,41,88,164,37,156,71,8,184,190,109,72,78,131,110,101,59,80,100,30,114,182,139,125,58,151,175,197,1,117,98,157,142,137,158,54,57,193,172,39,107,55,14,13,111,52,40,12,129,15,9,28,105,69,159,38,144,146,155,31,99,106,4,115,152,35,161,102,186,133,76,112,104,17,53,34,108,51,50,198,174,16,194,29,154,60,179,27,43,127,96,171,141,11,22,64,79,177,47,166,83,86,199,81,153,7,24,150,10,185,62,120,178,46,180,191,121];True
3704;6854;10558;[31,74,188,87,130,5,42,119,132,192,89,103,18,181,68,48,63,118,44,140,124,94,75,36,145,196,113,61,45,138,65,82,187,128,134,195,33,183,162,126,143,160,91,6,77,149,189,148,173,116,123,168,84,122,2,97,0,85,19,26,176,3,136,49,170,95,167,93,66,135,20,56,21,92,147,67,32,165,169,23,163,25,70,90,41,88,164,37,156,71,8,184,190,109,72,78,131,110,101,59,80,100,30,114,182,139,125,58,151,175,197,1,117,98,157,142,137,158,54,57,193,172,39,107,55,14,13,111,52,40,12,129,15,9,28,105,69,159,38,144,146,155,73,99,106,4,115,152,35,161,102,186,133,76,112,104,17,53,34,108,51,50,198,174,16,194,29,154,60,179,27,43,127,96,171,141,11,22,64,79,177,47,166,83,86,199,81,153,7,24,150,10,185,62,120,178,46,180,191,121];True
3700;6858;10558;[31,74,188,87,130,5,42,119,132,89,192,103,18,181,68,48,63,118,44,140,124,94,75,36,145,196,113,61,45,138,65,82,187,128,134,195,33,183,162,126,143,160,91,6,77,149,189,148,173,116,123,168,84,122,2,97,0,85,19,26,176,3,136,49,170,95,167,93,66,135,20,56,21,92,147,67,32,165,169,23,163,25,70,90,41,88,164,37,156,71,8,184,190,109,72,78,131,110,101,59,80,100,30,114,182,139,125,58,151,175,197,1,117,98,157,142,137,158,54,57,193,172,39,107,55,14,13,111,52,40,12,129,15,9,28,105,69,159,38,144,146,155,73,99,106,4,115,152,35,161,102,186,133,76,112,104,17,53,34,108,51,50,198,174,16,194,29,154,60,179,27,43,127,96,171,141,11,22,64,79,177,47,166,83,86,199,81,153,7,24,150,10,185,62,120,178,46,180,191,121];True
3646;6875;10521;[20,190,188,87,130,5,42,119,132,142,28,115,101,181,68,48,63,118,44,140,124,94,75,36,145,196,113,61,45,65,123,82,187,128,134,195,33,183,162,126,143,160,91,6,77,149,189,148,173,116,168,17,84,122,2,97,0,85,19,26,176,3,89,49,170,95,40,93,66,135,74,56,21,92,147,67,32,165,169,23,163,25,70,90,41,88,164,37,156,71,8,184,138,109,72,78,131,110,167,59,80,100,30,114,182,139,125,58,151,175,197,1,117,98,157,136,137,158,54,57,193,172,39,107,55,14,13,111,52,18,12,129,15,9,103,105,69,159,38,144,146,155,73,99,106,4,192,152,35,161,102,186,133,76,112,104,31,53,34,108,51,50,198,174,16,194,29,154,60,179,27,43,127,96,171,141,11,22,64,79,177,47,166,83,86,199,81,153,7,24,150,10,185,62,120,178,46,180,191,121];False
3653;6867;10520;[20,190,188,87,130,5,42,119,57,3,192,89,18,181,68,48,63,118,44,140,124,94,75,36,145,196,113,61,45,138,65,82,187,128,134,195,33,183,162,126,143,160,91,6,77,149,189,166,173,103,168,17,84,122,2,97,0,85,19,26,176,116,142,49,170,95,167,93,66,135,74,56,21,92,147,67,32,165,169,23,163,25,70,90,41,88,164,37,156,71,8,184,123,146,72,78,131,110,101,59,80,100,30,114,182,139,125,58,151,175,197,1,117,98,157,136,137,158,54,12,193,172,39,107,55,14,13,111,52,40,132,129,15,9,28,105,69,159,38,144,109,155,73,99,106,4,115,152,35,161,102,186,133,76,112,104,31,53,34,108,51,50,198,174,16,194,29,154,60,177,27,43,127,96,171,141,11,22,64,79,179,47,148,83,86,199,81,153,7,24,150,10,185,62,120,178,46,180,191,121];False
3639;6878;10517;[20,190,188,87,130,5,42,47,57,3,192,89,18,181,68,48,63,118,44,140,124,94,75,36,145,196,167,61,45,138,65,82,187,128,134,195,33,183,162,126,143,160,91,6,77,149,189,166,173,103,168,17,84,122,2,97,0,85,19,26,176,116,142,49,170,95,113,93,66,135,74,56,21,92,147,67,32,165,169,23,163,25,70,90,41,88,164,37,156,71,8,184,123,146,72,78,131,110,101,59,80,100,30,114,182,139,125,58,151,175,197,1,117,98,157,136,137,158,54,12,193,172,39,107,55,14,13,111,52,40,132,129,15,9,28,105,69,159,38,144,109,155,73,99,106,4,115,152,35,161,102,186,133,76,112,104,31,53,34,108,51,50,198,174,16,194,29,154,60,179,27,43,127,96,171,141,11,22,64,79,177,119,148,83,86,199,81,153,7,24,150,10,185,62,120,178,46,180,191,121];False
3646;6868;10514;[73,74,188,87,130,5,42,119,12,192,89,103,18,181,68,48,63,118,44,140,124,94,75,36,145,196,113,61,45,138,65,82,187,128,134,195,33,183,162,126,143,160,91,6,77,149,189,148,173,116,123,168,84,122,2,97,0,85,19,26,176,3,136,49,170,95,167,93,66,135,20,56,21,92,147,67,32,165,169,23,163,25,70,90,41,88,164,37,156,71,8,184,190,109,72,78,131,110,101,59,80,100,30,114,182,139,125,58,151,175,197,1,117,98,157,142,137,158,54,57,193,172,39,107,55,14,13,111,52,40,132,129,15,9,28,105,69,159,38,144,146,155,31,99,106,4,115,152,35,161,102,186,133,76,112,104,17,53,34,108,51,50,198,174,16,194,29,154,60,179,27,43,127,96,171,141,11,22,64,79,177,47,166,83,86,199,81,153,7,24,150,10,185,62,120,178,46,180,191,121];False
3636;6876;10512;[20,190,188,87,130,5,42,47,57,3,192,89,18,181,68,48,63,118,44,140,124,94,75,36,145,196,113,61,45,138,65,82,187,128,134,195,33,183,162,126,143,160,91,6,77,149,189,166,173,103,168,17,84,122,2,97,0,85,19,26,176,116,142,49,170,95,167,93,66,135,74,56,21,92,147,67,32,165,169,23,163,25,70,90,41,88,164,37,156,71,8,184,123,146,72,78,131,110,101,59,80,100,30,114,182,139,125,58,151,175,197,1,117,98,157,136,137,158,54,12,193,172,39,107,55,14,13,111,52,40,132,129,15,9,28,105,69,159,38,144,109,155,73,99,106,4,115,152,35,161,102,186,133,76,112,104,31,53,34,108,51,50,198,174,16,194,29,154,60,177,27,43,127,96,171,141,11,22,64,79,179,119,148,83,86,199,81,153,7,24,150,10,185,62,120,178,46,180,191,121];False
3624;6885;10509;[31,74,188,93,130,5,42,119,132,89,115,116,18,181,68,48,63,118,44,140,124,94,75,36,145,196,113,61,45,138,65,82,187,128,134,195,33,183,162,126,143,160,91,6,77,149,189,148,173,103,123,168,84,122,2,97,0,85,19,26,176,3,136,49,170,95,167,87,66,135,20,56,21,92,147,67,32,165,169,23,163,25,70,90,41,88,164,37,156,71,8,184,190,109,72,78,131,110,101,59,80,100,30,114,182,139,125,58,151,175,197,1,117,98,157,142,137,158,54,57,193,172,39,107,55,14,13,111,52,40,12,129,15,9,28,105,69,159,38,144,146,155,73,99,106,4,192,152,35,161,102,186,133,76,112,104,17,53,34,108,51,50,198,174,16,194,29,154,60,179,27,43,127,96,171,141,11,22,64,79,177,47,166,83,86,199,81,153,7,24,150,10,185,62,120,178,46,180,191,121];False
3633;6875;10508;[20,190,188,87,130,5,179,47,57,3,192,89,18,181,68,48,63,118,44,140,124,94,75,36,145,196,167,61,45,138,65,82,187,128,134,195,33,183,162,126,143,160,91,6,149,77,189,166,173,103,168,17,84,122,2,97,0,85,19,26,176,116,142,49,170,95,113,93,66,135,74,56,21,92,147,67,32,165,169,23,163,25,70,90,41,88,164,37,156,71,8,184,123,146,72,78,131,110,101,59,80,100,30,114,182,139,125,58,151,175,197,1,117,98,157,136,137,158,54,12,193,172,39,107,55,14,13,111,52,40,132,129,15,9,28,105,69,159,38,144,109,155,73,99,106,4,115,152,35,161,102,186,133,76,112,104,31,53,34,108,51,50,198,174,16,194,29,154,60,177,27,43,127,96,171,141,11,22,64,79,42,119,148,83,86,199,81,153,7,24,150,10,185,62,120,178,46,180,191,121];False
3632;6875;10507;[20,190,188,87,130,5,42,119,57,3,192,89,18,181,68,48,63,118,44,140,124,94,75,36,145,196,167,61,45,138,65,82,187,128,134,195,33,183,162,126,143,160,91,6,149,77,189,166,173,103,168,17,84,122,2,97,0,85,19,26,176,116,142,49,170,95,113,93,66,135,74,56,21,92,147,67,32,165,169,23,163,25,70,90,41,88,164,37,156,71,8,184,123,146,72,78,131,110,101,59,80,100,30,114,182,139,125,58,151,175,197,1,117,98,157,136,137,158,54,12,193,172,39,107,55,14,13,111,52,40,132,129,15,9,28,105,69,159,38,144,109,155,73,99,106,4,115,152,35,161,102,186,133,76,112,104,31,53,34,108,51,50,198,174,16,194,29,154,60,177,27,43,127,96,171,141,11,22,64,79,179,47,148,83,86,199,81,153,7,24,150,10,185,62,120,178,46,180,191,121];False
3617;6885;10502;[20,190,188,93,130,5,42,119,132,142,28,115,101,181,68,48,63,118,44,140,124,94,75,36,145,196,113,61,45,65,123,82,187,128,134,195,33,183,162,126,143,160,91,6,77,149,189,148,173,116,168,17,84,122,2,97,0,85,19,26,176,3,89,49,170,95,38,87,66,135,74,56,21,92,147,67,32,165,169,23,163,25,70,90,41,88,164,37,156,71,8,184,138,109,72,78,131,110,167,59,80,100,30,114,182,139,125,58,151,175,197,1,117,98,157,136,137,158,54,57,193,172,39,107,55,14,13,111,52,18,12,129,15,9,103,105,69,159,40,144,146,155,73,99,106,4,192,152,35,161,102,186,133,76,112,104,31,53,34,108,51,50,198,174,16,194,29,154,60,179,27,43,127,96,171,141,11,22,64,79,177,47,166,83,86,199,81,153,7,24,150,10,185,62,120,178,46,180,191,121];False
3615;6884;10499;[20,190,188,87,130,5,42,47,57,3,192,89,18,181,68,48,63,118,44,140,124,94,75,36,145,196,167,61,45,138,65,82,187,128,134,195,33,183,162,126,143,160,91,6,149,77,189,166,173,103,168,17,84,122,2,97,0,85,19,26,176,116,142,49,170,95,113,93,66,135,74,56,21,92,147,67,32,165,169,23,163,25,70,90,41,88,164,37,156,71,8,184,123,146,72,78,131,110,101,59,80,100,30,114,182,139,125,58,151,175,197,1,117,98,157,136,137,158,54,12,193,172,39,107,55,14,13,111,52,40,132,129,15,9,28,105,69,159,38,144,109,155,73,99,106,4,115,152,35,161,102,186,133,76,112,104,31,53,34,108,51,50,198,174,16,194,29,154,60,177,27,43,127,96,171,141,11,22,64,79,179,119,148,83,86,199,81,153,7,24,150,10,185,62,120,178,46,180,191,121];False
3620;6878;10498;[20,190,188,87,130,5,179,47,57,3,192,89,18,181,68,48,63,118,44,140,124,94,75,36,145,196,113,61,45,138,65,82,187,128,134,195,33,183,162,126,143,160,91,6,149,77,189,166,173,103,168,17,84,122,2,97,0,85,19,26,176,116,142,49,170,95,167,93,66,135,74,56,21,92,147,67,32,165,169,23,163,25,70,90,41,88,164,37,156,71,8,184,123,146,72,78,131,110,101,59,80,100,30,114,182,139,125,58,151,175,197,1,117,98,157,136,137,158,54,12,193,172,39,107,55,14,13,111,52,40,132,129,15,9,28,105,69,159,38,144,109,155,73,99,106,4,115,152,35,161,102,186,133,76,112,104,31,53,34,108,51,50,198,174,16,194,29,154,60,177,27,43,127,96,171,141,11,22,64,79,42,119,148,83,86,199,81,153,7,24,150,10,185,62,120,178,46,180,191,121];False
3619;6878;10497;[20,190,188,87,130,5,42,119,57,3,192,89,18,181,68,48,63,118,44,140,124,94,75,36,145,196,113,61,45,138,65,82,187,128,134,195,33,183,162,126,143,160,91,6,149,77,189,166,173,103,168,17,84,122,2,97,0,85,19,26,176,116,142,49,170,95,167,93,66,135,74,56,21,92,147,67,32,165,169,23,163,25,70,90,41,88,164,37,156,71,8,184,123,146,72,78,131,110,101,59,80,100,30,114,182,139,125,58,151,175,197,1,117,98,157,136,137,158,54,12,193,172,39,107,55,14,13,111,52,40,132,129,15,9,28,105,69,159,38,144,109,155,73,99,106,4,115,152,35,161,102,186,133,76,112,104,31,53,34,108,51,50,198,174,16,194,29,154,60,177,27,43,127,96,171,141,11,22,64,79,179,47,148,83,86,199,81,153,7,24,150,10,185,62,120,178,46,180,191,121];False
3596;6892;10488;[20,190,188,93,130,5,42,119,132,142,136,115,101,181,68,48,63,118,44,140,124,94,75,36,145,196,113,61,45,162,123,82,187,128,134,195,33,183,65,74,143,160,91,6,77,149,189,148,173,116,168,17,84,122,2,97,0,85,19,26,176,3,89,49,170,95,38,87,66,135,126,56,21,92,147,67,32,165,169,23,163,25,70,90,41,88,164,37,156,71,8,184,138,109,72,78,131,110,167,59,80,100,30,114,182,139,125,58,151,175,197,1,117,98,157,28,137,158,54,57,193,172,39,107,55,14,13,111,52,18,12,129,15,9,103,105,69,159,40,144,146,155,73,99,106,4,192,152,35,161,102,186,133,76,112,104,31,53,34,108,51,50,198,174,16,194,29,154,60,179,27,43,127,96,171,141,11,22,64,79,177,47,166,83,86,199,81,153,7,24,150,10,185,62,120,178,46,180,191,121];False
3602;6885;10487;[20,65,188,93,130,5,42,119,132,142,28,115,101,181,68,48,63,118,44,140,124,94,75,36,145,196,113,61,45,190,123,82,187,128,134,195,33,183,162,126,143,160,91,6,77,149,189,148,173,144,168,17,84,122,2,97,0,85,19,26,176,3,89,49,170,95,38,87,66,135,74,56,21,92,147,67,32,165,169,23,163,25,70,90,41,88,164,37,156,71,8,184,138,109,72,78,131,110,167,59,80,100,30,114,182,139,125,58,151,175,197,1,117,98,157,136,137,158,54,57,193,172,39,107,55,14,13,111,52,18,12,129,15,9,103,105,69,159,40,116,146,155,73,99,106,4,192,152,35,161,102,186,133,76,112,104,31,53,34,108,51,50,198,174,16,194,29,154,60,179,27,43,127,96,171,141,11,22,64,79,177,47,166,83,86,199,81,153,7,24,150,10,185,62,120,178,46,180,191,121];False
3590;6896;10486;[20,190,188,87,130,5,42,119,132,142,136,115,101,181,68,48,63,118,44,140,124,94,75,36,145,196,57,61,45,162,123,82,187,128,134,195,33,183,65,126,143,160,91,6,77,149,189,148,173,116,168,17,84,122,2,97,0,85,19,26,176,3,89,49,170,95,40,93,66,135,74,56,21,92,147,67,32,165,169,23,163,25,70,90,41,88,164,37,156,71,8,184,138,109,72,78,131,110,167,59,80,100,30,114,182,139,125,58,151,175,197,1,117,98,157,28,137,158,54,113,193,172,39,107,55,14,13,111,52,18,12,129,15,9,103,105,69,159,38,144,146,155,73,99,106,4,192,152,35,161,102,186,133,76,112,104,31,53,34,108,51,50,198,174,16,194,29,154,60,179,27,43,127,96,171,141,11,22,64,79,177,47,166,83,86,199,81,153,7,24,150,10,185,62,120,178,46,180,191,121];False
3598;6888;10486;[20,190,188,93,130,5,42,119,57,3,192,89,18,181,68,48,63,118,44,140,124,94,75,36,145,196,113,61,45,138,65,82,187,128,134,195,33,183,162,126,143,160,91,6,77,149,189,166,173,103,168,17,84,122,2,97,0,85,19,26,176,116,142,49,170,95,167,87,66,135,74,56,21,92,147,67,32,165,169,23,163,25,70,90,41,88,164,37,156,71,8,184,123,146,72,78,131,110,101,59,80,100,30,114,182,139,125,58,151,175,197,1,117,98,157,136,137,158,54,12,193,172,39,107,55,14,13,111,52,40,132,129,15,9,28,105,69,159,38,144,109,155,73,99,106,4,115,152,35,161,102,186,133,76,112,104,31,53,34,108,51,50,198,174,16,194,29,154,60,177,27,43,127,96,171,141,11,22,64,79,179,47,148,83,86,199,81,153,7,24,150,10,185,62,120,178,46,180,191,121];False
3591;6893;10484;[20,190,188,87,130,5,42,119,132,142,136,115,101,181,68,48,63,118,44,140,124,94,75,36,145,196,113,61,45,162,123,82,187,128,134,195,33,183,65,74,143,160,91,6,149,77,189,148,173,116,168,17,84,122,2,97,0,85,19,26,176,3,89,49,170,95,40,93,66,135,126,56,21,92,147,67,32,165,169,23,163,25,70,90,41,88,164,37,156,71,8,184,138,109,72,78,131,110,167,59,80,100,30,114,182,139,125,58,151,175,197,1,117,98,157,28,137,158,54,57,193,172,39,107,55,14,13,111,52,18,12,129,15,9,103,105,69,159,38,144,146,155,73,99,106,4,192,152,35,161,102,186,133,76,112,104,31,53,34,108,51,50,198,174,16,194,29,154,60,179,27,43,127,96,171,141,11,22,64,79,177,47,166,83,86,199,81,153,7,24,150,10,185,62,120,178,46,180,191,121];False
3599;6885;10484;[20,190,188,87,130,5,42,119,132,142,28,115,101,181,68,48,63,118,44,140,124,94,75,36,145,196,113,61,45,138,123,82,187,128,134,195,33,183,65,126,143,160,91,6,149,77,57,148,173,116,168,17,84,122,2,97,0,85,19,26,176,3,89,49,170,95,40,93,66,135,74,56,21,92,147,67,32,165,169,23,163,25,70,90,41,88,164,37,156,71,8,184,162,109,72,78,131,110,167,59,80,100,30,114,182,139,125,58,151,175,197,1,117,98,157,136,137,158,54,189,193,172,39,107,55,14,13,111,52,18,12,129,15,9,103,105,69,159,38,144,146,155,73,99,106,4,192,152,35,161,102,186,133,76,112,104,31,53,34,108,51,50,198,174,16,194,29,154,60,179,27,43,127,96,171,141,11,22,64,79,177,47,166,83,86,199,81,153,7,24,150,10,185,62,120,178,46,180,191,121];False
3592;6890;10482;[20,190,188,87,130,5,42,119,132,142,28,115,101,181,68,48,63,118,44,140,124,94,75,36,145,196,113,61,45,71,123,82,187,128,134,195,33,183,162,126,143,160,91,6,77,149,189,148,173,116,168,17,84,122,2,97,0,85,19,26,176,3,89,49,170,95,40,93,66,135,74,56,21,92,147,67,32,165,169,23,163,25,70,90,41,88,164,37,156,65,8,184,138,109,72,78,131,110,167,59,80,100,30,114,182,139,125,58,151,175,197,1,117,98,157,136,137,158,54,57,193,172,39,107,55,14,13,111,52,18,12,129,15,9,103,105,69,159,38,144,146,155,73,99,106,4,192,152,35,161,102,186,133,76,112,104,31,53,34,108,51,50,198,174,16,194,29,154,60,179,27,43,127,96,171,141,11,22,64,79,177,47,166,83,86,199,81,153,7,24,150,10,185,62,120,178,46,180,191,121];False
3593;6886;10479;[20,190,188,87,130,5,42,119,132,142,136,115,101,181,68,48,63,118,44,140,124,94,75,36,145,196,113,61,45,138,123,82,187,128,134,195,33,183,65,126,143,160,91,6,149,77,57,148,173,116,168,17,84,122,2,97,0,85,19,26,176,3,89,49,170,95,40,93,66,135,74,56,21,92,147,67,32,165,169,23,163,25,70,90,41,88,164,37,156,71,8,184,162,109,72,78,131,110,167,59,80,100,30,114,182,139,125,58,151,175,197,1,117,98,157,28,137,158,54,189,193,172,39,107,55,14,13,111,52,18,12,129,15,9,103,105,69,159,38,144,146,155,73,99,106,4,192,152,35,161,102,186,133,76,112,104,31,53,34,108,51,50,198,174,16,194,29,154,60,179,27,43,127,96,171,141,11,22,64,79,177,47,166,83,86,199,81,153,7,24,150,10,185,62,120,178,46,180,191,121];False
3586;6891;10477;[20,190,188,87,130,5,42,119,132,142,136,115,101,181,68,48,63,118,44,140,124,94,75,36,145,196,113,61,45,71,123,82,187,128,134,195,33,183,162,126,143,160,91,6,77,149,189,148,173,116,168,17,84,122,2,97,0,85,19,26,176,3,89,49,170,95,40,93,66,135,74,56,21,92,147,67,32,165,169,23,163,25,70,90,41,88,164,37,156,65,8,184,138,109,72,78,131,110,167,59,80,100,30,114,182,139,125,58,151,175,197,1,117,98,157,28,137,158,54,57,193,172,39,107,55,14,13,111,52,18,12,129,15,9,103,105,69,159,38,144,146,155,73,99,106,4,192,152,35,161,102,186,133,76,112,104,31,53,34,108,51,50,198,174,16,194,29,154,60,179,27,43,127,96,171,141,11,22,64,79,177,47,166,83,86,199,81,153,7,24,150,10,185,62,120,178,46,180,191,121];False
3579;6896;10475;[20,190,188,93,130,5,42,119,132,142,28,115,101,181,68,48,63,118,44,140,124,94,75,36,145,196,113,61,45,162,123,82,187,128,134,195,33,183,65,126,143,160,91,6,77,149,189,148,173,116,168,17,84,122,2,97,0,85,19,26,176,3,89,49,170,95,38,87,66,135,74,56,21,92,147,67,32,165,169,23,163,25,70,90,41,88,164,37,156,71,8,184,138,109,72,78,131,110,167,59,80,100,30,114,182,139,125,58,151,175,197,1,117,98,157,136,137,158,54,57,193,172,39,107,55,14,13,111,52,18,12,129,15,9,103,105,69,159,40,144,146,155,73,99,106,4,192,152,35,161,102,186,133,76,112,104,31,53,34,108,51,50,198,174,16,194,29,154,60,179,27,43,127,96,171,141,11,22,64,79,177,47,166,83,86,199,81,153,7,24,150,10,185,62,120,178,46,180,191,121];False
3573;6897;10470;[20,190,188,93,130,5,42,119,132,142,136,115,101,181,68,48,63,118,44,140,124,94,75,36,145,196,113,61,45,162,123,82,187,128,134,195,33,183,65,126,143,160,91,6,77,149,189,148,173,116,168,17,84,122,2,97,0,85,19,26,176,3,89,49,170,95,38,87,66,135,74,56,21,92,147,67,32,165,169,23,163,25,70,90,41,88,164,37,156,71,8,184,138,109,72,78,131,110,167,59,80,100,30,114,182,139,125,58,151,175,197,1,117,98,157,28,137,158,54,57,193,172,39,107,55,14,13,111,52,18,12,129,15,9,103,105,69,159,40,144,146,155,73,99,106,4,192,152,35,161,102,186,133,76,112,104,31,53,34,108,51,50,198,174,16,194,29,154,60,179,27,43,127,96,171,141,11,22,64,79,177,47,166,83,86,199,81,153,7,24,150,10,185,62,120,178,46,180,191,121];False
1405;9063;10468;[14,94,61,19,49,54,100,0,101,174,118,10,113,196,48,99,141,86,45,15,173,18,25,115,24,197,26,9,7,20,129,72,147,65,87,106,130,22,38,34,3,2,75,12,165,153,122,164,39,73,92,76,50,53,93,110,30,134,137,111,181,82,23,109,145,158,121,6,64,112,187,142,81,52,108,74,183,83,17,79,185,148,167,189,59,36,46,5,27,133,96,157,138,41,152,56,66,126,198,159,140,182,51,29,154,156,160,71,69,190,43,128,85,127,178,192,40,124,150,139,33,13,172,195,117,78,60,35,88,135,105,194,31,171,116,57,186,98,84,89,162,146,119,28,4,97,131,67,199,62,102,120,1,114,55,155,184,161,80,58,177,169,191,11,104,193,163,170,95,91,90,125,149,32,68,63,37,151,175,143,8,16,136,144,70,168,77,103,21,180,107,188,179,176,42,47,132,166,123,44];False
3568;6898;10466;[20,190,188,87,130,5,42,119,132,142,136,115,101,181,68,48,63,118,44,140,124,94,75,36,145,196,113,61,45,162,123,82,187,128,134,195,33,183,65,126,143,160,91,6,149,77,189,148,173,116,168,17,84,122,2,97,0,85,19,26,176,3,89,49,170,95,40,93,66,135,74,56,21,92,147,67,32,165,169,23,163,25,70,90,41,88,164,37,156,71,8,184,138,109,72,78,131,110,167,59,80,100,30,114,182,139,125,58,151,175,197,1,117,98,157,28,137,158,54,57,193,172,39,107,55,14,13,111,52,18,12,129,15,9,103,105,69,159,38,144,146,155,73,99,106,4,192,152,35,161,102,186,133,76,112,104,31,53,34,108,51,50,198,174,16,194,29,154,60,179,27,43,127,96,171,141,11,22,64,79,177,47,166,83,86,199,81,153,7,24,150,10,185,62,120,178,46,180,191,121];False
3565;6899;10464;[20,190,188,93,130,5,179,47,57,3,192,89,18,181,68,48,63,118,44,140,124,94,75,36,145,196,113,61,45,138,65,82,187,128,134,195,33,183,162,126,143,160,91,6,149,77,189,166,173,103,168,17,84,122,2,97,0,85,19,26,176,116,142,49,170,95,167,87,66,135,74,56,21,92,147,67,32,165,169,23,163,25,70,90,41,88,164,37,156,71,8,184,123,146,72,78,131,110,101,59,80,100,30,114,182,139,125,58,151,175,197,1,117,98,157,136,137,158,54,12,193,172,39,107,55,14,13,111,52,40,132,129,15,9,28,105,69,159,38,144,109,155,73,99,106,4,115,152,35,161,102,186,133,76,112,104,31,53,34,108,51,50,198,174,16,194,29,154,60,177,27,43,127,96,171,141,11,22,64,79,42,119,148,83,86,199,81,153,7,24,150,10,185,62,120,178,46,180,191,121];False
3561;6899;10460;[20,190,188,93,130,5,42,119,132,142,28,115,101,181,68,48,63,118,44,140,124,94,75,36,145,196,113,61,45,162,123,82,187,128,134,195,33,183,65,74,143,160,91,6,77,149,189,148,173,135,168,17,84,122,2,97,0,85,19,26,176,3,89,49,170,95,38,87,66,116,126,56,21,92,147,67,32,165,169,23,163,25,70,90,41,88,164,37,156,71,8,184,138,109,72,78,131,110,167,59,80,100,30,114,182,139,125,58,151,175,197,1,117,98,157,136,137,158,54,57,193,172,39,107,55,14,13,111,52,18,12,129,15,9,103,105,69,159,40,144,146,155,73,99,106,4,192,152,35,161,102,186,133,76,112,104,31,53,34,108,51,50,198,174,16,194,29,154,60,179,27,43,127,96,171,141,11,22,64,79,177,47,166,83,86,199,81,153,7,24,150,10,185,62,120,178,46,180,191,121];False
3555;6900;10455;[20,190,188,93,130,5,42,119,132,142,136,115,101,181,68,48,63,118,44,140,124,94,75,36,145,196,113,61,45,162,123,82,187,128,134,195,33,183,65,74,143,160,91,6,77,149,189,148,173,135,168,17,84,122,2,97,0,85,19,26,176,3,89,49,170,95,38,87,66,116,126,56,21,92,147,67,32,165,169,23,163,25,70,90,41,88,164,37,156,71,8,184,138,109,72,78,131,110,167,59,80,100,30,114,182,139,125,58,151,175,197,1,117,98,157,28,137,158,54,57,193,172,39,107,55,14,13,111,52,18,12,129,15,9,103,105,69,159,40,144,146,155,73,99,106,4,192,152,35,161,102,186,133,76,112,104,31,53,34,108,51,50,198,174,16,194,29,154,60,179,27,43,127,96,171,141,11,22,64,79,177,47,166,83,86,199,81,153,7,24,150,10,185,62,120,178,46,180,191,121];False
3547;6900;10447;[20,190,188,87,130,5,42,119,132,142,28,115,101,181,68,48,63,118,44,140,124,94,75,36,145,196,113,61,45,162,123,82,187,128,134,195,33,183,65,126,143,160,91,6,149,77,57,148,173,116,168,17,84,122,2,97,0,85,19,26,176,3,89,49,170,95,40,93,66,135,74,56,21,92,147,67,32,165,169,23,163,25,70,90,41,88,164,37,156,71,8,184,138,109,72,78,131,110,167,59,80,100,30,114,182,139,125,58,151,175,197,1,117,98,157,136,137,158,54,189,193,172,39,107,55,14,13,111,52,18,12,129,15,9,103,105,69,159,38,144,146,155,73,99,106,4,192,152,35,161,102,186,133,76,112,104,31,53,34,108,51,50,198,174,16,194,29,154,60,179,27,43,127,96,171,141,11,22,64,79,177,47,166,83,86,199,81,153,7,24,150,10,185,62,120,178,46,180,191,121];True
3543;6902;10445;[20,190,188,87,130,5,42,119,57,3,192,89,18,181,68,48,63,118,44,140,124,94,75,36,145,196,167,61,45,138,65,82,187,128,134,195,33,183,162,126,143,160,91,6,77,149,189,148,173,103,168,17,84,122,2,97,0,85,19,26,176,116,142,49,170,95,113,93,66,135,74,56,21,92,147,67,32,165,169,23,163,25,70,90,41,88,164,37,156,71,8,184,123,146,72,78,131,110,101,59,80,100,30,114,182,139,125,58,151,175,197,1,117,98,157,136,137,158,54,12,193,172,39,107,55,14,13,111,52,40,132,129,15,9,28,105,69,159,38,144,109,155,73,99,106,4,115,152,35,161,102,186,133,76,112,104,31,53,34,108,51,50,198,174,16,194,29,154,60,179,27,43,127,96,171,141,11,22,64,79,177,47,166,83,86,199,81,153,7,24,150,10,185,62,120,178,46,180,191,121];False
3579;6864;10443;[20,190,188,87,130,5,42,119,57,3,192,89,18,181,68,48,63,118,44,140,124,94,75,36,145,196,113,61,45,138,65,82,187,128,134,195,33,183,162,126,143,160,91,6,149,77,132,166,173,103,168,17,84,122,2,97,0,85,19,26,176,116,142,49,170,95,167,93,66,135,74,56,21,92,147,67,32,165,169,23,163,25,70,90,41,88,164,37,156,71,8,184,123,146,72,78,131,110,101,59,80,100,30,114,182,139,125,58,151,175,197,1,117,98,157,136,137,158,54,12,193,172,39,107,55,14,13,111,52,40,189,129,15,9,28,105,69,159,38,144,109,155,73,99,106,4,115,152,35,161,102,186,133,76,112,104,31,53,34,108,51,50,198,174,16,194,29,154,60,177,27,43,127,96,171,141,11,22,64,79,179,47,148,83,86,199,81,153,7,24,150,10,185,62,120,178,46,180,191,121];True
3541;6901;10442;[20,190,188,87,130,5,42,119,132,142,136,115,101,181,68,48,63,118,44,140,124,94,75,36,145,196,113,61,45,162,123,82,187,128,134,195,33,183,65,126,143,160,91,6,149,77,57,148,173,116,168,17,84,122,2,97,0,85,19,26,176,3,89,49,170,95,40,93,66,135,74,56,21,92,147,67,32,165,169,23,163,25,70,90,41,88,164,37,156,71,8,184,138,109,72,78,131,110,167,59,80,100,30,114,182,139,125,58,151,175,197,1,117,98,157,28,137,158,54,189,193,172,39,107,55,14,13,111,52,18,12,129,15,9,103,105,69,159,38,144,146,155,73,99,106,4,192,152,35,161,102,186,133,76,112,104,31,53,34,108,51,50,198,174,16,194,29,154,60,179,27,43,127,96,171,141,11,22,64,79,177,47,166,83,86,199,81,153,7,24,150,10,185,62,120,178,46,180,191,121];False
3550;6887;10437;[20,190,188,93,130,5,42,119,132,142,28,115,101,181,68,48,63,118,44,140,124,94,75,36,145,196,113,61,45,65,123,82,187,128,134,195,33,183,162,126,143,160,91,6,77,149,189,148,173,144,168,17,84,122,2,97,0,85,19,26,176,3,89,49,170,95,38,87,66,135,74,56,21,92,147,67,32,165,169,23,163,25,70,90,41,88,164,37,156,71,8,184,138,109,72,78,131,110,167,59,80,100,30,114,182,139,125,58,151,175,197,1,117,98,157,136,137,158,54,57,193,172,39,107,55,14,13,111,52,18,12,129,15,9,103,105,69,159,40,116,146,155,73,99,106,4,192,152,35,161,102,186,133,76,112,104,31,53,34,108,51,50,198,174,16,194,29,154,60,179,27,43,127,96,171,141,11,22,64,79,177,47,166,83,86,199,81,153,7,24,150,10,185,62,120,178,46,180,191,121];True
3534;6901;10435;[20,190,188,87,130,5,42,119,57,3,192,89,18,181,68,48,63,118,44,140,124,94,196,36,145,75,113,61,45,138,65,82,187,128,134,195,33,183,162,126,143,160,91,6,77,149,189,148,173,103,123,17,84,122,12,97,0,85,19,26,176,116,146,49,170,95,167,93,66,135,74,56,21,92,147,67,32,165,169,142,163,25,70,90,41,88,164,37,156,71,8,184,168,23,72,78,131,110,101,59,80,100,30,114,182,139,125,58,151,175,197,1,117,98,157,136,137,158,54,2,193,172,39,107,55,14,13,111,52,40,132,129,15,9,28,105,69,159,38,144,109,155,73,99,106,4,115,152,35,161,102,186,133,76,112,104,31,53,34,108,51,50,198,174,16,194,29,154,60,179,27,43,127,96,171,141,11,22,64,79,177,47,166,83,86,199,81,153,7,24,150,10,185,62,120,178,46,180,191,121];True
3528;6907;10435;[56,188,61,132,130,5,42,22,38,178,192,89,18,181,68,48,63,118,44,140,124,94,75,36,145,196,113,144,45,138,65,82,187,128,134,195,33,183,162,126,143,160,91,6,77,149,189,148,173,103,123,17,84,122,12,97,0,85,19,26,176,116,16,49,170,95,167,93,66,135,53,146,21,92,147,3,32,165,169,142,163,25,70,90,41,88,40,37,156,71,8,184,168,31,72,78,131,110,101,59,80,100,30,52,182,139,125,58,151,175,197,1,117,98,157,136,137,158,54,2,193,172,39,107,55,14,13,111,114,119,67,129,15,9,28,105,69,159,164,190,109,155,73,99,106,4,115,152,35,161,102,186,133,76,112,104,74,194,34,108,51,50,198,174,23,20,29,154,60,179,27,43,127,96,171,141,11,57,64,79,177,47,166,83,86,199,81,153,7,24,150,10,185,62,120,87,46,180,191,121];False
3519;6911;10430;[20,190,188,87,130,5,42,119,57,3,192,89,18,181,68,48,63,118,44,140,124,94,75,36,145,196,167,61,23,138,65,82,187,128,134,195,33,183,162,126,143,160,91,6,77,149,189,148,173,103,168,17,84,122,2,97,0,85,19,26,176,116,45,49,170,95,113,93,66,135,74,56,21,92,147,67,32,165,169,142,163,25,70,90,41,88,164,37,156,71,8,184,123,146,72,78,131,110,101,59,80,100,30,114,182,139,125,58,151,175,197,1,117,98,157,136,137,158,54,12,193,172,39,107,55,14,13,111,52,40,132,129,15,9,28,105,69,159,38,144,109,155,73,99,106,4,115,152,35,161,102,186,133,76,112,104,31,53,34,108,51,50,198,174,16,194,29,154,60,179,27,43,127,96,171,141,11,22,64,79,177,47,166,83,86,199,81,153,7,24,150,10,185,62,120,178,46,180,191,121];False
3509;6913;10422;[20,190,188,87,130,5,42,119,57,3,192,89,18,181,68,48,63,118,44,140,124,94,75,36,145,196,167,61,45,138,65,82,187,128,134,195,33,183,162,126,143,160,91,6,149,77,189,148,173,103,168,17,84,122,2,97,0,85,19,26,176,116,142,49,170,95,113,93,66,135,74,56,21,92,147,67,32,165,169,23,163,25,70,90,41,88,164,37,156,71,8,184,123,146,72,78,131,110,101,59,80,100,30,114,182,139,125,58,151,175,197,1,117,98,157,136,137,158,54,12,193,172,39,107,55,14,13,111,52,40,132,129,15,9,28,105,69,159,38,144,109,155,73,99,106,4,115,152,35,161,102,186,133,76,112,104,31,53,34,108,51,50,198,174,16,194,29,154,60,179,27,43,127,96,171,141,11,22,64,79,177,47,166,83,86,199,81,153,7,24,150,10,185,62,120,178,46,180,191,121];False
3506;6914;10420;[20,190,188,87,130,5,42,119,57,3,192,89,18,181,68,48,63,118,44,140,124,94,75,36,145,196,113,61,23,138,65,82,187,128,134,195,33,183,162,126,143,160,91,6,77,149,189,148,173,103,168,17,84,122,2,97,0,85,19,26,176,116,45,49,170,95,167,93,66,135,74,56,21,92,147,67,32,165,169,142,163,25,70,90,41,88,164,37,156,71,8,184,123,146,72,78,131,110,101,59,80,100,30,114,182,139,125,58,151,175,197,1,117,98,157,136,137,158,54,12,193,172,39,107,55,14,13,111,52,40,132,129,15,9,28,105,69,159,38,144,109,155,73,99,106,4,115,152,35,161,102,186,133,76,112,104,31,53,34,108,51,50,198,174,16,194,29,154,60,179,27,43,127,96,171,141,11,22,64,79,177,47,166,83,86,199,81,153,7,24,150,10,185,62,120,178,46,180,191,121];False
3509;6910;10419;[73,188,61,132,130,5,42,22,38,178,192,89,18,181,68,48,63,118,44,140,124,94,75,36,145,196,113,144,45,138,65,82,187,128,134,195,33,183,162,126,143,160,91,6,77,149,189,148,173,103,123,17,84,122,12,97,0,85,19,26,176,116,16,49,170,95,167,93,66,135,53,56,21,92,147,3,32,165,169,142,163,25,70,90,41,88,40,37,156,71,8,184,168,31,72,78,131,110,101,59,80,100,30,52,182,139,125,58,151,175,197,1,117,98,157,136,137,158,54,2,193,172,39,107,55,14,13,111,114,119,67,129,15,9,28,105,69,159,164,190,109,155,146,99,106,4,115,152,35,161,102,186,133,76,112,104,74,194,34,108,51,50,198,174,23,20,29,154,60,179,27,43,127,96,171,141,11,57,64,79,177,47,166,83,86,199,81,153,7,24,150,10,185,62,120,87,46,180,191,121];False
3511;6903;10414;[20,190,188,87,130,5,42,119,57,3,192,89,18,181,68,48,146,118,44,140,124,94,75,36,145,196,167,61,45,138,65,82,187,128,134,195,33,183,162,126,143,160,91,6,77,149,189,148,173,103,123,17,84,122,12,97,0,85,19,26,176,116,63,49,170,95,113,93,66,135,74,56,21,92,147,67,32,165,169,142,163,25,70,90,41,88,164,37,156,71,8,184,168,23,72,78,131,110,101,59,80,100,30,114,182,139,125,58,151,175,197,1,117,98,157,136,137,158,54,2,193,172,39,107,55,14,13,111,52,40,132,129,15,9,28,105,69,159,38,144,109,155,73,99,106,4,115,152,35,161,102,186,133,76,112,104,31,53,34,108,51,50,198,174,16,194,29,154,60,179,27,43,127,96,171,141,11,22,64,79,177,47,166,83,86,199,81,153,7,24,150,10,185,62,120,178,46,180,191,121];True
1391;9020;10411;[14,94,61,19,49,54,100,0,101,174,118,10,113,196,48,99,141,86,45,15,173,18,25,115,24,197,26,127,7,20,129,72,147,65,87,106,130,22,38,34,3,2,75,12,165,153,122,164,39,73,92,76,50,53,93,110,30,134,137,111,181,82,23,109,145,158,121,6,64,112,187,142,81,52,108,74,183,83,17,79,185,148,167,189,59,36,46,5,27,133,96,157,138,41,152,56,66,126,198,159,140,182,51,29,154,156,160,71,69,190,43,128,85,9,178,192,40,124,150,139,33,13,172,195,117,78,60,35,88,135,105,194,31,171,116,57,186,98,84,89,162,146,119,28,4,97,131,67,199,62,102,120,1,114,55,155,184,161,80,58,177,169,191,11,104,193,163,170,95,91,90,125,149,32,68,63,37,151,175,143,8,16,136,144,70,168,77,103,21,180,107,188,179,176,42,47,132,166,123,44];True
1406;9005;10411;[124,94,61,19,49,14,100,0,101,174,118,10,113,196,48,99,141,86,45,15,173,18,25,115,24,197,26,9,7,20,129,72,147,65,87,106,130,22,38,34,3,2,75,12,165,153,122,127,39,73,92,76,50,53,93,110,30,134,137,111,181,82,23,109,145,158,121,6,64,112,187,142,81,52,108,74,183,83,17,79,185,148,167,189,59,36,46,5,27,133,96,157,138,41,152,56,66,126,198,159,140,182,51,29,154,156,160,71,69,190,43,128,85,164,178,192,40,37,150,139,33,13,172,195,117,78,60,35,88,135,105,194,31,171,116,57,186,98,84,89,162,146,119,28,4,97,131,67,199,62,102,120,1,114,55,155,184,161,80,58,177,169,191,11,104,193,163,170,95,91,90,125,149,32,68,63,54,151,175,143,8,16,136,144,70,168,77,103,21,180,107,188,179,176,42,47,132,166,123,44];False
3489;6917;10406;[20,190,188,87,130,5,42,119,57,3,192,89,18,181,68,48,63,118,44,140,124,94,75,36,145,196,167,61,45,138,65,82,187,128,134,195,33,183,162,126,143,160,91,6,77,149,189,148,173,103,168,17,84,122,2,97,0,85,19,26,176,116,146,49,170,95,113,93,66,135,74,56,21,92,147,67,32,165,169,142,163,25,70,90,41,88,164,37,156,71,8,184,123,23,72,78,131,110,101,59,80,100,30,114,182,139,125,58,151,175,197,1,117,98,157,136,137,158,54,12,193,172,39,107,55,14,13,111,52,40,132,129,15,9,28,105,69,159,38,144,109,155,73,99,106,4,115,152,35,161,102,186,133,76,112,104,31,53,34,108,51,50,198,174,16,194,29,154,60,179,27,43,127,96,171,141,11,22,64,79,177,47,166,83,86,199,81,153,7,24,150,10,185,62,120,178,46,180,191,121];False
1408;8996;10404;[124,94,61,19,49,14,100,0,101,174,118,10,113,196,48,99,141,86,45,15,173,18,25,115,24,197,26,9,7,20,129,72,147,65,92,106,130,22,38,34,3,2,75,12,165,153,122,127,39,73,87,76,50,53,93,110,30,134,137,111,181,82,23,109,145,158,121,6,64,112,187,142,81,52,108,74,183,83,17,79,185,148,167,189,59,36,46,5,27,133,96,157,138,41,152,56,66,126,198,159,140,182,51,29,154,156,160,71,69,190,43,128,85,164,178,192,40,37,150,139,33,13,172,195,117,78,60,35,88,135,105,194,31,171,116,57,186,98,84,89,162,146,119,28,4,97,131,67,199,62,102,120,1,114,55,155,184,161,80,58,177,169,191,11,104,193,163,170,95,91,90,125,149,32,68,63,54,151,175,143,8,16,136,144,70,168,77,103,21,180,107,188,179,176,42,47,132,166,123,44];False
1408;8995;10403;[14,94,61,19,49,54,100,0,101,174,118,10,113,196,48,99,141,86,45,15,173,18,25,115,24,197,26,9,7,20,129,72,147,65,87,106,130,22,38,34,3,2,75,12,165,153,122,127,39,73,92,76,50,53,93,110,30,134,137,111,181,82,23,109,145,158,121,6,64,112,187,142,81,52,108,74,183,83,17,79,185,148,167,189,59,36,46,5,27,133,96,157,138,41,152,56,66,126,198,159,140,182,51,29,154,156,160,71,69,190,43,128,85,164,178,192,40,124,150,139,33,13,172,195,117,78,60,35,88,135,105,194,31,171,116,57,186,98,84,89,162,146,119,28,4,97,131,67,199,62,102,120,1,114,55,155,184,161,80,58,177,169,191,11,104,193,163,170,95,91,90,125,149,32,68,63,37,151,175,143,8,16,136,144,70,168,77,103,21,180,107,188,179,176,42,47,132,166,123,44];False
3490;6912;10402;[20,190,188,87,130,5,42,119,57,3,192,89,18,181,68,48,146,118,44,140,124,94,75,36,145,196,167,61,45,138,65,82,187,128,134,195,33,183,162,126,143,160,91,6,77,149,189,148,173,103,123,17,84,122,2,97,0,85,19,26,176,116,63,49,170,95,113,93,66,135,74,56,21,92,147,67,32,165,169,142,163,25,70,90,41,88,164,37,156,71,8,184,168,23,72,78,131,110,101,59,80,100,30,114,182,139,125,58,151,175,197,1,117,98,157,136,137,158,54,12,193,172,39,107,55,14,13,111,52,40,132,129,15,9,28,105,69,159,38,144,109,155,73,99,106,4,115,152,35,161,102,186,133,76,112,104,31,53,34,108,51,50,198,174,16,194,29,154,60,179,27,43,127,96,171,141,11,22,64,79,177,47,166,83,86,199,81,153,7,24,150,10,185,62,120,178,46,180,191,121];False
1398;9000;10398;[37,94,61,19,49,54,100,0,101,174,118,10,113,196,48,99,141,86,45,15,173,18,25,115,24,197,26,127,7,20,129,72,147,65,87,106,130,22,38,34,3,2,75,12,165,153,122,164,39,73,92,76,50,53,93,110,30,134,137,111,181,82,23,109,145,158,121,6,64,112,187,142,81,52,108,74,183,83,17,79,185,148,167,189,59,36,46,5,27,133,96,157,138,41,152,56,66,126,198,159,140,182,51,29,154,156,160,71,69,190,43,128,85,9,178,192,40,124,150,139,33,13,172,195,117,78,60,35,88,135,105,194,31,171,116,57,186,98,84,89,162,146,119,28,4,97,131,67,199,62,102,120,1,114,55,155,184,161,80,58,177,169,191,11,104,193,163,170,95,91,90,125,149,32,68,63,14,151,175,143,8,16,136,144,70,168,77,103,21,180,107,188,179,176,42,47,132,166,123,44];True
1410;8986;10396;[14,94,61,19,49,54,100,0,101,174,118,10,113,196,48,99,141,86,45,15,173,18,25,115,24,197,26,9,7,20,129,72,147,65,92,106,130,22,38,34,3,2,75,12,165,153,122,127,39,73,87,76,50,53,93,110,30,134,137,111,181,82,23,109,145,158,121,6,64,112,187,142,81,52,108,74,183,83,17,79,185,148,167,189,59,36,46,5,27,133,96,157,138,41,152,56,66,126,198,159,140,182,51,29,154,156,160,71,69,190,43,128,85,164,178,192,40,124,150,139,33,13,172,195,117,78,60,35,88,135,105,194,31,171,116,57,186,98,84,89,162,146,119,28,4,97,131,67,199,62,102,120,1,114,55,155,184,161,80,58,177,169,191,11,104,193,163,170,95,91,90,125,149,32,68,63,37,151,175,143,8,16,136,144,70,168,77,103,21,180,107,188,179,176,42,47,132,166,123,44];False
1434;8956;10390;[124,94,61,19,49,145,100,0,101,174,118,10,113,196,48,99,141,86,45,15,173,18,25,115,24,197,26,9,7,20,129,72,147,65,92,106,130,22,38,14,3,2,75,12,165,153,122,127,39,73,87,76,50,53,93,110,30,134,137,111,181,82,23,109,54,158,121,6,64,112,187,142,81,52,108,74,183,83,17,79,185,148,167,189,59,36,46,5,27,133,96,157,138,41,152,56,66,126,198,159,140,182,51,29,154,156,160,71,69,190,43,128,85,164,178,192,40,34,150,139,33,13,172,195,117,78,60,35,88,135,105,194,31,171,116,57,186,98,84,89,162,146,119,28,4,97,131,67,199,62,102,120,1,114,55,155,184,161,80,58,177,169,191,11,104,193,163,170,95,91,90,125,149,32,68,63,37,151,175,143,8,16,136,144,70,168,77,103,21,180,107,188,179,176,42,47,132,166,123,44];False
3483;6906;10389;[20,190,188,87,130,5,42,119,57,3,192,89,18,181,68,48,63,118,44,140,124,94,75,36,145,196,167,61,45,138,65,82,187,128,134,195,33,183,162,126,143,160,91,6,77,149,189,148,173,103,123,17,84,122,12,97,0,85,19,26,176,116,146,49,170,95,113,93,66,135,74,56,21,92,147,67,32,165,169,142,163,25,70,90,41,88,164,37,156,71,8,184,168,23,72,78,131,110,101,59,80,100,30,114,182,139,125,58,151,175,197,1,117,98,157,136,137,158,54,2,193,172,39,107,55,14,13,111,52,40,132,129,15,9,28,105,69,159,38,144,109,155,73,99,106,4,115,152,35,161,102,186,133,76,112,104,31,53,34,108,51,50,198,174,16,194,29,154,60,179,27,43,127,96,171,141,11,22,64,79,177,47,166,83,86,199,81,153,7,24,150,10,185,62,120,178,46,180,191,121];False
1414;8969;10383;[124,94,61,19,49,54,100,0,101,174,118,10,113,196,48,99,141,86,45,15,173,18,25,115,24,197,26,9,7,20,129,72,147,65,87,106,130,22,38,34,3,2,75,12,165,153,122,127,39,73,92,76,50,53,93,110,30,134,137,111,181,82,23,109,145,158,121,6,64,112,187,142,81,52,108,74,183,83,17,79,185,148,167,189,59,36,46,5,27,133,96,157,138,41,152,56,66,126,198,159,140,182,51,29,154,156,160,71,69,190,43,128,85,164,178,192,40,37,150,139,33,13,172,195,117,78,60,35,88,135,105,194,31,171,116,57,186,98,84,89,162,146,119,28,4,97,131,67,199,62,102,120,1,114,55,155,184,161,80,58,177,169,191,11,104,193,163,170,95,91,90,125,149,32,68,63,14,151,175,143,8,16,136,144,70,168,77,103,21,180,107,188,179,176,42,47,132,166,123,44];False
1432;8949;10381;[34,94,61,19,49,54,100,0,101,174,118,10,113,196,48,99,141,86,45,15,173,18,25,115,24,197,26,9,7,20,129,72,147,65,87,106,130,22,38,14,3,2,75,12,165,153,122,127,39,73,92,76,50,53,93,110,30,134,137,111,181,82,23,109,145,158,121,6,64,112,187,142,81,52,108,74,183,83,17,79,185,148,167,189,59,36,46,5,27,133,96,157,138,41,152,56,66,126,198,159,140,182,51,29,154,156,160,71,69,190,43,128,85,164,178,192,40,124,150,139,33,13,172,195,117,78,60,35,88,135,105,194,31,171,116,57,186,98,84,89,162,146,119,28,4,97,131,67,199,62,102,120,1,114,55,155,184,161,80,58,177,169,191,11,104,193,163,170,95,91,90,125,149,32,68,63,37,151,175,143,8,16,136,144,70,168,77,103,21,180,107,188,179,176,42,47,132,166,123,44];True
3467;6912;10379;[20,188,87,35,130,5,42,22,38,178,192,89,18,181,68,48,63,118,44,140,124,94,75,36,145,196,113,144,45,138,65,82,187,128,134,195,33,183,162,126,143,160,91,6,77,149,189,148,173,103,123,17,84,122,2,97,0,85,40,26,176,116,16,49,170,95,167,93,66,135,53,146,21,92,147,3,32,165,169,142,163,25,70,90,41,88,61,37,156,71,8,184,168,31,72,78,131,110,101,59,80,100,30,52,182,139,125,58,151,175,197,1,117,98,157,136,137,158,54,12,193,172,39,107,55,14,13,111,114,119,67,129,15,9,28,105,69,159,164,190,109,155,73,99,106,4,115,152,132,161,102,186,133,76,112,104,74,194,34,108,51,50,198,174,23,56,29,154,60,179,27,43,127,96,171,141,11,57,64,79,177,47,166,83,86,199,81,153,7,24,150,10,185,62,120,19,46,180,191,121];True
3470;6909;10379;[20,190,188,87,130,5,42,119,57,3,192,89,18,181,68,48,63,118,44,140,124,94,75,36,145,196,113,61,45,138,65,82,187,128,134,195,33,183,162,126,143,160,91,6,77,149,189,148,173,103,123,17,84,122,12,97,0,85,19,26,176,116,146,49,170,95,167,93,66,135,74,56,21,92,147,67,32,165,169,142,163,25,70,90,41,88,164,37,156,71,8,184,168,23,72,78,131,110,101,59,80,100,30,114,182,139,125,58,151,175,197,1,117,98,157,136,137,158,54,2,193,172,39,107,55,14,13,111,52,40,132,129,15,9,28,105,69,159,38,144,109,155,73,99,106,4,115,152,35,161,102,186,133,76,112,104,31,53,34,108,51,50,198,174,16,194,29,154,60,179,27,43,127,96,171,141,11,22,64,79,177,47,166,83,86,199,81,153,7,24,150,10,185,62,120,178,46,180,191,121];False
1406;8972;10378;[124,94,61,19,49,54,100,0,101,174,118,10,113,196,48,99,141,86,45,15,173,18,25,115,24,197,26,9,7,20,129,72,147,65,87,106,130,22,38,34,3,2,75,12,165,153,122,127,39,73,92,178,50,53,93,110,30,134,137,111,181,82,23,109,145,158,121,6,64,112,187,142,81,52,108,74,183,83,17,79,185,148,167,189,59,36,46,5,27,133,96,157,138,41,152,56,66,126,198,159,140,182,51,29,154,156,160,71,69,190,43,128,85,164,76,192,40,37,150,139,33,13,172,195,117,78,60,35,88,135,105,194,31,171,116,57,186,98,84,89,162,146,119,28,4,97,131,67,199,62,102,120,1,114,55,155,184,161,80,58,177,169,191,11,104,193,163,170,95,91,90,125,149,32,68,63,14,151,175,143,8,16,136,144,70,168,77,103,21,180,107,188,179,176,42,47,132,166,123,44];True
3462;6915;10377;[20,190,188,87,130,5,42,119,57,3,192,89,18,181,68,48,63,118,44,140,124,94,75,36,145,196,167,61,45,138,65,82,187,128,134,195,33,183,162,126,143,160,91,6,77,149,189,148,173,103,123,17,84,122,2,97,0,85,19,26,176,116,146,49,170,95,113,93,66,135,74,56,21,92,147,67,32,165,169,142,163,25,70,90,41,88,164,37,156,71,8,184,168,23,72,78,131,110,101,59,80,100,30,114,182,139,125,58,151,175,197,1,117,98,157,136,137,158,54,12,193,172,39,107,55,14,13,111,52,40,132,129,15,9,28,105,69,159,38,144,109,155,73,99,106,4,115,152,35,161,102,186,133,76,112,104,31,53,34,108,51,50,198,174,16,194,29,154,60,179,27,43,127,96,171,141,11,22,64,79,177,47,166,83,86,199,81,153,7,24,150,10,185,62,120,178,46,180,191,121];False
3470;6906;10376;[20,188,87,35,161,5,42,22,26,178,192,89,18,181,68,48,63,118,44,140,124,94,75,36,145,196,113,144,45,138,65,82,187,128,134,195,33,183,162,126,143,160,91,6,77,149,189,148,173,103,123,17,84,122,12,97,0,85,40,38,176,116,16,49,170,95,167,93,66,135,53,146,21,92,147,3,32,165,169,142,163,25,70,90,41,88,61,37,156,71,8,184,168,31,72,78,131,110,101,59,80,100,30,52,182,139,125,58,151,175,197,1,117,98,157,136,137,158,54,2,193,172,39,107,55,14,13,111,114,119,67,129,15,9,28,105,69,159,164,190,109,155,73,99,106,4,115,152,132,130,102,186,133,76,112,104,74,194,34,108,51,50,198,174,23,56,29,154,60,179,27,43,127,96,171,141,11,57,64,79,177,47,166,83,86,199,81,153,7,24,150,10,185,62,120,19,46,180,191,121];True
1416;8960;10376;[124,94,61,19,49,54,100,0,101,174,118,10,113,196,48,99,141,86,45,15,173,18,25,115,24,197,26,9,7,20,129,72,147,65,92,106,130,22,38,34,3,2,75,12,165,153,122,127,39,73,87,76,50,53,93,110,30,134,137,111,181,82,23,109,145,158,121,6,64,112,187,142,81,52,108,74,183,83,17,79,185,148,167,189,59,36,46,5,27,133,96,157,138,41,152,56,66,126,198,159,140,182,51,29,154,156,160,71,69,190,43,128,85,164,178,192,40,37,150,139,33,13,172,195,117,78,60,35,88,135,105,194,31,171,116,57,186,98,84,89,162,146,119,28,4,97,131,67,199,62,102,120,1,114,55,155,184,161,80,58,177,169,191,11,104,193,163,170,95,91,90,125,149,32,68,63,14,151,175,143,8,16,136,144,70,168,77,103,21,180,107,188,179,176,42,47,132,166,123,44];True
1409;8966;10375;[124,94,61,19,49,145,100,0,101,174,118,10,113,196,48,99,141,86,45,15,173,18,25,115,24,197,26,9,7,20,129,72,147,65,87,106,130,22,38,34,3,2,75,12,165,153,122,127,39,73,92,178,50,53,93,110,30,134,137,111,181,82,23,109,54,158,121,6,64,112,187,142,81,52,108,74,183,83,17,79,185,148,167,189,59,36,46,5,27,133,96,157,138,41,152,56,66,126,198,159,140,182,51,29,154,156,160,71,69,190,43,128,85,164,76,192,40,37,150,139,33,13,172,195,117,78,60,35,88,135,105,194,31,171,116,57,186,98,84,89,162,146,119,28,4,97,131,67,199,62,102,120,1,114,55,155,184,161,80,58,177,169,191,11,104,193,163,170,95,91,90,125,149,32,68,63,14,151,175,143,8,16,136,144,70,168,77,103,21,180,107,188,179,176,42,47,132,166,123,44];True
1434;8940;10374;[34,94,61,19,49,54,100,0,101,174,118,10,113,196,48,99,141,86,45,15,173,18,25,115,24,197,26,9,7,20,129,72,147,65,92,106,130,22,38,14,3,2,75,12,165,153,122,127,39,73,87,76,50,53,93,110,30,134,137,111,181,82,23,109,145,158,121,6,64,112,187,142,81,52,108,74,183,83,17,79,185,148,167,189,59,36,46,5,27,133,96,157,138,41,152,56,66,126,198,159,140,182,51,29,154,156,160,71,69,190,43,128,85,164,178,192,40,124,150,139,33,13,172,195,117,78,60,35,88,135,105,194,31,171,116,57,186,98,84,89,162,146,119,28,4,97,131,67,199,62,102,120,1,114,55,155,184,161,80,58,177,169,191,11,104,193,163,170,95,91,90,125,149,32,68,63,37,151,175,143,8,16,136,144,70,168,77,103,21,180,107,188,179,176,42,47,132,166,123,44];False
1419;8954;10373;[124,94,61,19,49,145,100,0,101,174,118,10,113,196,48,99,141,86,45,15,173,18,25,115,24,197,26,9,7,20,129,72,147,65,92,106,130,22,38,34,3,2,75,12,165,153,122,127,39,73,87,76,50,53,93,110,30,134,137,111,181,82,23,109,54,158,121,6,64,112,187,142,81,52,108,74,183,83,17,79,185,148,167,189,59,36,46,5,27,133,96,157,138,41,152,56,66,126,198,159,140,182,51,29,154,156,160,71,69,190,43,128,85,164,178,192,40,37,150,139,33,13,172,195,117,78,60,35,88,135,105,194,31,171,116,57,186,98,84,89,162,146,119,28,4,97,131,67,199,62,102,120,1,114,55,155,184,161,80,58,177,169,191,11,104,193,163,170,95,91,90,125,149,32,68,63,14,151,175,143,8,16,136,144,70,168,77,103,21,180,107,188,179,176,42,47,132,166,123,44];True
3459;6914;10373;[198,188,87,132,130,5,42,22,38,178,192,89,18,181,68,48,63,118,44,140,124,94,75,36,145,196,167,61,45,138,65,82,187,128,134,195,33,183,162,126,143,160,91,6,77,149,189,148,173,103,123,17,84,122,12,97,0,85,19,26,176,116,16,49,170,95,113,93,66,135,53,56,21,92,147,3,32,165,169,142,163,25,70,90,41,88,40,37,156,71,8,184,168,31,72,78,131,110,101,59,80,100,30,52,182,139,125,58,151,175,197,1,117,98,157,136,137,158,54,2,193,172,39,107,55,14,13,111,114,119,67,129,15,9,28,105,69,159,164,190,109,155,146,99,106,4,115,152,35,161,102,186,133,76,112,104,74,194,34,108,51,50,73,174,23,20,29,154,60,179,27,43,127,96,171,141,11,57,64,79,177,47,166,83,86,199,81,153,7,24,150,10,185,62,120,144,46,180,191,121];True
3457;6916;10373;[146,188,61,132,130,5,42,22,38,178,192,89,18,181,68,48,63,118,44,140,124,94,75,36,145,196,113,144,45,138,65,82,187,128,134,195,33,183,162,126,143,160,91,6,77,149,189,148,173,103,123,17,84,122,12,97,0,85,19,26,176,116,16,49,170,95,167,93,66,135,53,56,21,92,147,3,32,165,169,142,163,25,70,90,41,88,40,37,156,71,8,184,168,31,72,78,131,110,101,59,80,100,30,52,182,139,125,58,151,175,197,1,117,98,157,136,137,158,54,2,193,172,39,107,55,14,13,111,114,119,67,129,15,9,28,105,69,159,164,190,109,155,73,99,106,4,115,152,35,161,102,186,133,76,112,104,74,194,34,108,51,50,198,174,23,20,29,154,60,179,27,43,127,96,171,141,11,57,64,79,177,47,166,83,86,199,81,153,7,24,150,10,185,62,120,87,46,180,191,121];False
1449;8921;10370;[194,113,61,19,64,101,100,23,145,143,160,105,174,118,48,99,141,86,45,15,173,18,25,115,24,197,26,9,7,20,129,72,147,65,87,106,196,22,38,34,3,2,75,12,165,153,122,127,39,73,92,76,50,53,93,110,30,134,137,111,181,82,175,151,54,158,121,6,49,112,187,142,81,52,108,74,183,83,17,79,185,148,167,189,59,36,46,5,27,133,96,157,138,41,152,56,66,126,198,159,140,182,51,29,154,156,117,71,69,190,43,128,85,164,178,192,40,124,150,139,33,13,172,195,10,78,60,35,88,135,14,31,130,171,116,57,186,98,84,89,162,146,119,28,4,97,131,67,199,62,102,120,1,114,55,155,184,161,80,58,177,169,191,11,104,193,163,170,95,91,90,125,149,32,68,63,37,109,0,94,8,16,136,144,70,168,77,103,21,180,107,188,179,176,42,47,132,166,123,44];False
1448;8920;10368;[194,113,61,19,64,101,100,0,145,143,160,105,174,118,48,99,141,86,45,15,173,18,25,115,24,197,26,9,7,20,129,72,147,65,87,106,196,22,38,34,3,2,75,12,165,153,122,127,39,73,92,76,50,53,93,110,30,134,137,111,181,82,23,151,54,158,121,6,49,112,187,142,81,52,108,74,183,83,17,79,185,148,167,189,59,36,46,5,27,133,96,157,138,41,152,56,66,126,198,159,140,182,51,29,154,156,117,71,69,190,43,128,85,164,178,192,40,124,150,139,33,13,172,195,10,78,60,35,88,135,14,31,130,171,116,57,186,98,84,89,162,146,119,28,4,97,131,67,199,62,102,120,1,114,55,155,184,161,80,58,177,169,191,11,104,193,163,170,95,91,90,125,149,32,68,63,37,109,175,94,8,16,136,144,70,168,77,103,21,180,107,188,179,176,42,47,132,166,123,44];False
1476;8891;10367;[196,113,61,19,64,101,100,175,145,143,160,105,174,118,48,99,141,86,45,15,173,18,25,115,24,197,26,9,109,20,129,72,147,65,92,106,130,22,38,34,3,2,75,12,165,153,122,127,39,73,87,76,50,53,93,110,30,134,137,111,181,82,23,151,54,158,121,6,49,112,187,142,81,52,108,74,183,83,17,79,185,148,167,189,59,36,46,5,27,133,96,157,138,41,152,56,66,126,198,159,140,182,51,29,154,156,117,71,69,190,43,128,85,164,178,192,40,124,150,139,33,13,172,195,10,78,60,35,88,135,14,194,31,171,116,57,186,98,84,89,162,146,119,28,4,97,131,67,199,62,102,120,1,114,55,155,184,161,80,58,177,169,191,11,104,193,163,170,95,91,90,125,149,32,68,63,37,7,0,94,8,16,136,144,70,168,77,103,21,180,107,188,179,176,42,47,132,166,123,44];False
3449;6915;10364;[20,188,87,35,161,5,42,22,26,178,192,89,18,181,68,48,63,118,44,140,124,94,75,36,145,196,113,144,45,138,65,82,187,128,134,195,33,183,162,126,143,160,91,6,77,149,189,148,173,103,123,17,84,122,2,97,0,85,40,38,176,116,16,49,170,95,167,93,66,135,53,146,21,92,147,3,32,165,169,142,163,25,70,90,41,88,61,37,156,71,8,184,168,31,72,78,131,110,101,59,80,100,30,52,182,139,125,58,151,175,197,1,117,98,157,136,137,158,54,12,193,172,39,107,55,14,13,111,114,119,67,129,15,9,28,105,69,159,164,190,109,155,73,99,106,4,115,152,132,130,102,186,133,76,112,104,74,194,34,108,51,50,198,174,23,56,29,154,60,179,27,43,127,96,171,141,11,57,64,79,177,47,166,83,86,199,81,153,7,24,150,10,185,62,120,19,46,180,191,121];True
3445;6919;10364;[20,188,19,132,130,5,42,22,38,178,192,89,18,181,68,48,63,118,44,140,124,94,75,36,145,196,113,144,45,138,65,82,187,128,134,195,33,183,162,126,143,160,91,6,77,149,189,148,173,103,123,17,84,122,2,97,0,85,40,26,176,116,16,49,170,95,167,93,66,135,53,146,21,92,147,3,32,165,169,142,163,25,70,90,41,88,61,37,156,71,8,184,168,31,72,78,131,110,101,59,80,100,30,52,182,139,125,58,151,175,197,1,117,98,157,136,137,158,54,12,193,172,39,107,55,14,13,111,114,119,67,129,15,9,28,105,69,159,164,190,109,155,73,99,106,4,115,152,35,161,102,186,133,76,112,104,74,194,34,108,51,50,198,174,23,56,29,154,60,179,27,43,127,96,171,141,11,57,64,79,177,47,166,83,86,199,81,153,7,24,150,10,185,62,120,87,46,180,191,121];False
3446;6917;10363;[198,188,87,132,130,5,42,22,38,178,192,89,18,181,68,48,63,118,44,140,124,94,75,36,145,196,113,61,45,138,65,82,187,128,134,195,33,183,162,126,143,160,91,6,77,149,189,148,173,103,123,17,84,122,12,97,0,85,19,26,176,116,16,49,170,95,167,93,66,135,53,56,21,92,147,3,32,165,169,142,163,25,70,90,41,88,40,37,156,71,8,184,168,31,72,78,131,110,101,59,80,100,30,52,182,139,125,58,151,175,197,1,117,98,157,136,137,158,54,2,193,172,39,107,55,14,13,111,114,119,67,129,15,9,28,105,69,159,164,190,109,155,146,99,106,4,115,152,35,161,102,186,133,76,112,104,74,194,34,108,51,50,73,174,23,20,29,154,60,179,27,43,127,96,171,141,11,57,64,79,177,47,166,83,86,199,81,153,7,24,150,10,185,62,120,144,46,180,191,121];True
1451;8912;10363;[194,113,61,19,64,101,100,23,145,143,160,105,174,118,48,99,141,86,45,15,173,18,25,115,24,197,26,9,7,20,129,72,147,65,92,106,196,22,38,34,3,2,75,12,165,153,122,127,39,73,87,76,50,53,93,110,30,134,137,111,181,82,175,151,54,158,121,6,49,112,187,142,81,52,108,74,183,83,17,79,185,148,167,189,59,36,46,5,27,133,96,157,138,41,152,56,66,126,198,159,140,182,51,29,154,156,117,71,69,190,43,128,85,164,178,192,40,124,150,139,33,13,172,195,10,78,60,35,88,135,14,31,130,171,116,57,186,98,84,89,162,146,119,28,4,97,131,67,199,62,102,120,1,114,55,155,184,161,80,58,177,169,191,11,104,193,163,170,95,91,90,125,149,32,68,63,37,109,0,94,8,16,136,144,70,168,77,103,21,180,107,188,179,176,42,47,132,166,123,44];False
3439;6922;10361;[20,188,23,132,130,5,42,22,38,178,192,89,18,181,68,48,63,118,44,140,124,94,75,36,145,196,113,61,45,138,65,82,187,128,134,195,33,183,162,126,143,160,91,6,77,149,189,148,173,103,123,17,84,122,2,97,0,85,19,26,176,116,16,49,170,95,167,93,66,135,53,146,21,92,147,3,32,165,169,142,163,25,70,90,41,88,40,37,156,71,8,184,168,31,72,78,131,110,101,59,80,100,30,52,182,139,125,58,151,175,197,1,117,98,157,136,137,158,54,12,193,172,39,107,55,14,13,111,114,119,67,129,15,9,28,105,69,159,164,190,109,155,73,99,106,4,115,152,35,161,102,186,133,76,112,104,74,194,34,108,51,50,198,174,144,56,29,154,60,179,27,43,127,96,171,141,11,57,64,79,177,47,166,83,86,199,81,153,7,24,150,10,185,62,120,87,46,180,191,121];False
1451;8906;10357;[194,113,61,19,64,101,100,175,145,143,160,105,174,118,48,99,141,86,45,15,173,18,25,115,24,197,26,9,7,20,129,72,147,65,87,106,196,22,38,34,3,2,75,12,165,153,122,127,39,73,92,76,50,53,93,110,30,134,137,111,181,82,23,151,54,158,121,6,49,112,187,142,81,52,108,74,183,83,17,79,185,148,167,189,59,36,46,5,27,133,96,157,138,41,152,56,66,126,198,159,140,182,51,29,154,156,117,71,69,190,43,128,85,164,178,192,40,124,150,139,33,13,172,195,10,78,60,35,88,135,14,31,130,171,116,57,186,98,84,89,162,146,119,28,4,97,131,67,199,62,102,120,1,114,55,155,184,161,80,58,177,169,191,11,104,193,163,170,95,91,90,125,149,32,68,63,37,109,0,94,8,16,136,144,70,168,77,103,21,180,107,188,179,176,42,47,132,166,123,44];True
3434;6922;10356;[20,188,40,132,130,5,42,22,38,178,192,89,18,181,68,48,63,118,44,140,124,94,75,36,145,196,113,144,45,138,65,82,187,128,134,195,33,183,162,126,143,160,91,6,77,149,189,148,173,103,123,17,84,122,2,97,0,85,19,26,176,116,16,49,170,95,167,93,66,135,53,146,21,92,147,3,32,165,169,142,163,25,70,90,41,88,61,37,156,71,8,184,168,31,72,78,131,110,101,59,80,100,30,52,182,139,125,58,151,175,197,1,117,98,157,136,137,158,54,12,193,172,39,107,55,14,13,111,114,119,67,129,15,9,28,105,69,159,164,190,109,155,73,99,106,4,115,152,35,161,102,186,133,76,112,104,74,194,34,108,51,50,198,174,23,56,29,154,60,179,27,43,127,96,171,141,11,57,64,79,177,47,166,83,86,199,81,153,7,24,150,10,185,62,120,87,46,180,191,121];False
1478;8874;10352;[14,113,61,19,64,101,75,175,128,143,160,105,93,118,48,99,141,86,45,15,173,18,25,115,24,197,26,9,77,20,129,72,147,65,87,106,196,22,38,174,1,2,110,12,165,153,122,127,39,73,92,76,50,51,74,100,30,134,137,187,181,82,23,151,54,158,121,6,49,112,31,142,81,52,108,53,183,83,7,79,185,148,167,189,59,36,46,5,27,133,96,157,138,41,152,56,66,126,198,159,140,182,111,29,154,156,117,71,69,190,43,145,85,164,178,192,40,124,150,139,33,13,172,195,10,78,60,35,88,135,34,194,130,171,116,57,186,98,84,89,162,146,119,28,4,97,131,67,199,62,102,120,3,114,55,155,184,161,80,58,177,169,191,11,104,193,163,170,95,91,90,125,149,32,68,63,37,109,0,94,8,16,136,144,70,168,17,103,21,180,107,188,179,176,42,47,132,166,123,44];False
3428;6923;10351;[20,188,38,132,130,5,42,22,26,178,192,89,18,181,68,48,63,118,44,140,124,94,75,36,145,196,113,144,45,138,65,82,187,128,134,195,33,183,162,126,143,160,91,6,77,149,189,148,173,103,123,17,84,122,2,97,0,85,19,61,176,116,16,49,170,95,167,93,66,135,53,146,21,92,147,3,32,165,169,142,163,25,70,90,41,88,40,37,156,71,8,184,168,31,72,78,131,110,101,59,80,100,30,52,182,139,125,58,151,175,197,1,117,98,157,136,137,158,54,12,193,172,39,107,55,14,13,111,114,119,67,129,15,9,28,105,69,159,164,190,109,155,73,99,106,4,115,152,35,161,102,186,133,76,112,104,74,194,34,108,51,50,198,174,23,56,29,154,60,179,27,43,127,96,171,141,11,57,64,79,177,47,166,83,86,199,81,153,7,24,150,10,185,62,120,87,46,180,191,121];False
1453;8897;10350;[194,113,61,19,64,101,100,175,145,143,160,105,174,118,48,99,141,86,45,15,173,18,25,115,24,197,26,9,7,20,129,72,147,65,92,106,196,22,38,34,3,2,75,12,165,153,122,127,39,73,87,76,50,53,93,110,30,134,137,111,181,82,23,151,54,158,121,6,49,112,187,142,81,52,108,74,183,83,17,79,185,148,167,189,59,36,46,5,27,133,96,157,138,41,152,56,66,126,198,159,140,182,51,29,154,156,117,71,69,190,43,128,85,164,178,192,40,124,150,139,33,13,172,195,10,78,60,35,88,135,14,31,130,171,116,57,186,98,84,89,162,146,119,28,4,97,131,67,199,62,102,120,1,114,55,155,184,161,80,58,177,169,191,11,104,193,163,170,95,91,90,125,149,32,68,63,37,109,0,94,8,16,136,144,70,168,77,103,21,180,107,188,179,176,42,47,132,166,123,44];True
3432;6918;10350;[73,188,144,132,130,5,42,22,38,178,192,89,18,181,68,48,63,118,44,140,124,94,75,36,145,196,113,61,45,138,65,82,187,128,134,195,33,183,162,126,143,160,91,6,77,149,189,148,173,103,123,17,84,122,12,97,0,85,19,26,176,116,16,49,170,95,167,93,66,135,53,56,21,92,147,3,32,165,169,142,163,25,70,90,41,88,40,37,156,71,8,184,168,31,72,78,131,110,101,59,80,100,30,52,182,139,125,58,151,175,197,1,117,98,157,136,137,158,54,2,193,172,39,107,55,14,13,111,114,119,67,129,15,9,28,105,69,159,164,190,109,155,146,99,106,4,115,152,35,161,102,186,133,76,112,104,74,194,34,108,51,50,198,174,23,20,29,154,60,179,27,43,127,96,171,141,11,57,64,79,177,47,166,83,86,199,81,153,7,24,150,10,185,62,120,87,46,180,191,121];True
3430;6919;10349;[20,188,87,35,161,5,42,22,38,178,192,89,18,181,68,48,63,118,44,140,124,94,75,36,145,196,113,144,45,138,65,82,187,128,134,195,33,183,162,126,143,160,91,6,77,149,189,148,173,103,123,17,84,122,2,97,0,85,40,26,176,116,16,49,170,95,167,93,66,135,53,146,21,92,147,3,32,165,169,142,163,25,70,90,41,88,61,37,156,71,8,184,168,31,72,78,131,110,101,59,80,100,30,52,182,139,125,58,151,175,197,1,117,98,157,136,137,158,54,12,193,172,39,107,55,14,13,111,114,119,67,129,15,9,28,105,69,159,164,190,109,155,73,99,106,4,115,152,132,130,102,186,133,76,112,104,74,194,34,108,51,50,198,174,23,56,29,154,60,179,27,43,127,96,171,141,11,57,64,79,177,47,166,83,86,199,81,153,7,24,150,10,185,62,120,19,46,180,191,121];True
1480;8865;10345;[14,113,61,19,64,101,75,175,128,143,160,105,93,118,48,99,141,86,45,15,173,18,25,115,24,197,26,9,77,20,129,72,147,65,92,106,196,22,38,174,1,2,110,12,165,153,122,127,39,73,87,76,50,51,74,100,30,134,137,187,181,82,23,151,54,158,121,6,49,112,31,142,81,52,108,53,183,83,7,79,185,148,167,189,59,36,46,5,27,133,96,157,138,41,152,56,66,126,198,159,140,182,111,29,154,156,117,71,69,190,43,145,85,164,178,192,40,124,150,139,33,13,172,195,10,78,60,35,88,135,34,194,130,171,116,57,186,98,84,89,162,146,119,28,4,97,131,67,199,62,102,120,3,114,55,155,184,161,80,58,177,169,191,11,104,193,163,170,95,91,90,125,149,32,68,63,37,109,0,94,8,16,136,144,70,168,17,103,21,180,107,188,179,176,42,47,132,166,123,44];False
1435;8909;10344;[194,113,61,19,64,101,100,0,94,143,160,105,174,118,48,99,141,86,45,15,173,18,25,115,24,197,26,9,7,20,129,72,147,65,87,106,196,22,38,34,3,2,75,12,165,153,122,127,39,73,92,76,50,53,93,110,30,134,137,111,181,82,23,151,54,158,121,6,49,112,187,142,81,52,108,74,183,83,17,79,185,148,167,189,59,36,46,5,27,133,96,157,138,41,152,56,66,126,198,159,140,182,51,29,154,156,117,71,69,190,43,128,85,164,178,192,40,124,150,139,33,13,172,195,10,78,60,35,88,135,14,31,130,171,116,57,186,98,84,89,162,146,119,28,4,97,131,67,199,62,102,120,1,114,55,155,184,161,80,58,177,169,191,11,104,193,163,170,95,91,90,125,149,32,68,63,37,109,175,145,8,16,136,144,70,168,77,103,21,180,107,188,179,176,42,47,132,166,123,44];True
1433;8911;10344;[194,113,61,19,64,101,100,67,94,143,160,105,174,118,48,99,141,86,45,15,173,18,25,115,24,197,26,9,7,20,129,72,147,65,87,106,196,22,38,34,3,2,75,12,165,153,122,127,39,73,92,76,50,53,93,110,30,134,137,111,181,82,23,151,54,158,121,6,49,112,187,142,81,52,108,74,183,83,17,79,185,148,167,189,59,36,46,5,27,133,96,157,138,41,152,56,66,126,198,159,140,182,51,29,154,156,117,71,69,190,43,128,85,164,178,192,40,124,150,139,33,13,172,195,10,78,60,35,88,135,14,31,130,171,116,57,186,98,84,89,162,146,119,28,4,97,131,0,199,62,102,120,1,114,55,155,184,161,80,58,177,169,191,11,104,193,163,170,95,91,90,125,149,32,68,63,37,109,175,145,8,16,136,144,70,168,77,103,21,180,107,188,179,176,42,47,132,166,123,44];True
3415;6928;10343;[20,188,26,132,130,5,42,22,38,178,192,89,18,181,68,48,63,118,44,140,124,94,75,36,145,196,113,144,45,138,65,82,187,128,134,195,33,183,162,126,143,160,91,6,77,149,189,148,173,103,123,17,84,122,2,97,0,85,19,61,176,116,16,49,170,95,167,93,66,135,53,146,21,92,147,3,32,165,169,142,163,25,70,90,41,88,40,37,156,71,8,184,168,31,72,78,131,110,101,59,80,100,30,52,182,139,125,58,151,175,197,1,117,98,157,136,137,158,54,12,193,172,39,107,55,14,13,111,114,119,67,129,15,9,28,105,69,159,164,190,109,155,73,99,106,4,115,152,35,161,102,186,133,76,112,104,74,194,34,108,51,50,198,174,23,56,29,154,60,179,27,43,127,96,171,141,11,57,64,79,177,47,166,83,86,199,81,153,7,24,150,10,185,62,120,87,46,180,191,121];False
3420;6922;10342;[50,194,180,41,187,117,2,169,172,132,166,22,195,112,8,184,191,93,66,157,20,188,87,118,174,149,167,61,45,138,104,125,78,128,42,57,3,121,162,126,143,160,91,77,33,124,94,196,130,103,140,17,82,23,189,81,0,85,19,26,176,46,9,142,170,95,38,139,144,63,51,56,21,92,147,4,84,67,32,72,163,25,70,16,198,173,113,190,156,71,165,193,168,31,6,18,131,110,101,59,80,100,30,134,148,11,97,58,175,151,7,1,181,68,123,89,137,158,54,52,12,49,39,107,55,14,13,111,119,145,75,129,15,135,53,183,69,159,164,90,28,155,73,99,106,136,115,152,35,161,102,86,133,76,122,116,65,37,109,74,34,108,192,40,36,182,29,154,60,177,27,43,127,96,171,141,98,114,64,79,179,47,88,5,186,199,83,153,197,24,150,10,185,62,120,178,105,44,48,146];True
1476;8862;10338;[34,94,61,19,49,145,100,0,101,174,118,10,113,196,48,99,141,86,45,15,173,18,25,115,24,197,26,9,7,20,129,72,147,65,92,106,130,22,38,14,3,2,75,12,165,153,122,127,39,73,87,76,50,53,93,110,30,134,137,111,181,82,23,151,54,158,121,6,64,112,187,142,81,52,108,74,183,83,77,79,185,148,167,189,59,36,46,5,27,133,96,157,138,41,152,56,66,126,198,159,140,182,51,29,154,156,160,71,69,190,43,128,85,164,178,192,40,124,150,139,33,13,172,195,117,78,60,35,88,135,105,194,31,171,116,57,186,98,84,89,162,146,119,28,4,97,131,67,199,62,102,120,1,114,55,155,184,161,80,58,177,169,191,11,104,193,163,170,95,91,90,125,149,32,68,63,37,109,175,143,8,16,136,144,70,168,17,103,21,180,107,188,179,176,42,47,132,166,123,44];False
3407;6930;10337;[20,188,113,132,130,5,42,22,26,178,192,89,18,181,68,48,63,118,44,140,124,94,75,36,145,196,38,144,45,138,65,82,187,128,134,195,33,183,162,126,143,160,91,6,77,149,189,148,173,103,123,17,84,122,2,97,0,85,19,61,176,116,16,49,170,95,167,93,66,135,53,146,21,92,147,3,32,165,169,142,163,25,70,90,41,88,40,37,156,71,8,184,168,31,72,78,131,110,101,59,80,100,30,52,182,139,125,58,151,175,197,1,117,98,157,136,137,158,54,12,193,172,39,107,55,14,13,111,114,119,67,129,15,9,28,105,69,159,164,190,109,155,73,99,106,4,115,152,35,161,102,186,133,76,112,104,74,194,34,108,51,50,198,174,23,56,29,154,60,179,27,43,127,96,171,141,11,57,64,79,177,47,166,83,86,199,81,153,7,24,150,10,185,62,120,87,46,180,191,121];False
3406;6923;10329;[73,188,87,132,130,5,42,22,38,178,192,89,18,181,68,48,63,118,44,140,124,94,75,36,145,196,113,61,45,138,65,82,187,128,134,195,33,183,162,126,143,160,91,6,77,149,189,148,173,103,123,17,84,122,12,97,0,85,19,26,176,116,16,49,170,95,167,93,66,135,53,56,21,92,147,3,32,165,169,142,163,25,70,90,41,88,40,37,156,71,8,184,168,31,72,78,131,110,101,59,80,100,30,52,182,139,125,58,151,175,197,1,117,98,157,136,137,158,54,2,193,172,39,107,55,14,13,111,114,119,67,129,15,9,28,105,69,159,164,190,109,155,146,99,106,4,115,152,35,161,102,186,133,76,112,104,74,194,34,108,51,50,198,174,23,20,29,154,60,179,27,43,127,96,171,141,11,57,64,79,177,47,166,83,86,199,81,153,7,24,150,10,185,62,120,144,46,180,191,121];True
1490;8827;10317;[14,113,61,19,64,101,110,175,145,143,160,105,93,118,48,99,141,86,45,15,173,18,25,115,24,197,26,9,77,20,129,72,147,65,87,106,196,22,38,174,1,2,75,12,165,153,122,127,39,73,92,76,50,51,74,100,30,134,137,187,181,82,23,151,54,158,121,6,49,112,31,142,81,52,108,53,183,83,7,79,185,148,167,189,59,36,46,5,27,133,96,157,138,41,152,56,66,126,198,159,140,182,111,29,154,156,117,71,69,190,43,128,85,164,178,192,40,124,150,139,33,13,172,195,10,78,60,35,88,135,34,194,130,171,116,57,186,98,84,89,162,146,119,28,4,97,131,67,199,62,102,120,3,114,55,155,184,161,80,58,177,169,191,11,104,193,163,170,95,91,90,125,149,32,68,63,37,109,0,94,8,16,136,144,70,168,17,103,21,180,107,188,179,176,42,47,132,166,123,44];False
1466;8851;10317;[174,113,61,19,64,93,110,175,145,143,160,105,101,118,48,99,141,86,45,15,173,18,25,115,24,197,26,9,77,20,129,72,147,65,87,106,196,22,38,14,2,1,75,12,165,153,122,127,39,73,6,76,50,51,74,100,30,134,137,187,181,82,23,151,54,158,121,92,49,112,31,142,81,52,108,53,183,83,7,79,185,148,167,189,59,36,46,5,27,133,96,157,138,41,152,56,66,126,198,159,140,182,111,29,154,156,117,71,69,190,43,128,85,164,178,192,40,124,150,139,33,13,172,195,10,78,60,35,88,135,34,194,130,171,116,57,186,98,84,89,162,146,119,28,4,97,131,67,199,62,102,120,3,114,55,155,184,161,80,58,177,169,191,11,104,193,163,170,95,91,90,125,149,32,68,63,37,109,0,94,8,16,136,144,70,168,17,103,21,180,107,188,179,176,42,47,132,166,123,44];True
3379;6924;10303;[20,188,87,132,130,5,42,22,38,178,192,89,18,181,68,48,63,118,44,140,124,94,75,36,145,196,113,144,45,138,65,82,187,128,134,195,33,183,162,126,143,160,91,6,77,149,189,148,173,103,123,17,84,122,2,97,0,85,40,26,176,116,16,49,170,95,167,93,66,135,53,146,21,92,147,3,32,165,169,142,163,25,70,90,41,88,61,37,156,71,8,184,168,31,72,78,131,110,101,59,80,100,30,52,182,139,125,58,151,175,197,1,117,98,157,136,137,158,54,12,193,172,39,107,55,14,13,111,114,119,67,129,15,9,28,105,69,159,164,190,109,155,73,99,106,4,115,152,35,161,102,186,133,76,112,104,74,194,34,108,51,50,198,174,23,56,29,154,60,179,27,43,127,96,171,141,11,57,64,79,177,47,166,83,86,199,81,153,7,24,150,10,185,62,120,19,46,180,191,121];True
3350;6926;10276;[50,194,180,41,187,117,2,169,172,132,166,22,195,112,8,184,191,93,66,157,20,188,87,37,174,149,167,61,45,138,104,125,78,128,42,57,3,121,162,126,143,160,91,77,33,124,94,196,130,103,140,17,82,23,189,81,0,85,19,26,176,46,9,142,170,95,38,139,144,63,51,56,21,92,147,4,84,67,32,72,163,25,70,16,198,173,113,190,156,71,165,193,168,31,6,18,131,110,101,59,80,100,30,134,148,11,97,58,175,151,7,1,181,68,123,89,137,158,54,52,12,49,39,107,55,14,13,111,119,145,75,129,15,135,53,183,69,159,164,90,28,155,73,99,106,136,115,152,35,161,102,86,133,76,122,116,65,118,109,74,34,108,192,40,36,182,29,154,60,177,27,43,127,96,171,141,98,114,64,79,179,47,88,5,186,199,83,153,197,24,150,10,185,62,120,178,105,44,48,146];True
1479;8795;10274;[93,113,61,19,64,101,110,175,145,143,160,105,174,118,48,99,141,86,45,15,173,18,25,115,24,197,26,9,77,20,129,72,147,65,87,106,196,22,38,14,1,2,75,12,165,153,122,127,39,73,6,76,50,51,74,100,30,134,137,187,181,82,23,151,54,158,121,92,49,112,31,142,81,52,108,53,183,83,7,79,185,148,167,189,59,36,46,5,27,133,96,157,138,41,152,56,66,126,198,159,140,182,111,29,154,156,117,71,69,190,43,128,85,164,178,192,40,124,150,139,33,13,172,195,10,78,60,35,88,135,34,194,130,171,116,57,186,98,84,89,162,146,119,28,4,97,131,67,199,62,102,120,3,114,55,155,184,161,80,58,177,169,191,11,104,193,163,170,95,91,90,125,149,32,68,63,37,109,0,94,8,16,136,144,70,168,17,103,21,180,107,188,179,176,42,47,132,166,123,44];False
1467;8804;10271;[14,113,61,19,64,101,110,175,145,143,160,105,93,118,48,99,141,86,45,15,173,18,25,115,24,197,26,9,77,20,129,72,147,65,87,106,196,22,38,174,1,2,75,12,165,153,122,127,39,73,6,76,50,51,74,100,30,134,137,187,181,82,23,151,54,158,121,92,49,112,31,142,81,52,108,53,183,83,7,79,185,148,167,189,59,36,46,5,27,133,96,157,138,41,152,56,66,126,198,159,140,182,111,29,154,156,117,71,69,190,43,128,85,164,178,192,40,124,150,139,33,13,172,195,10,78,60,35,88,135,34,194,130,171,116,57,186,98,84,89,162,146,119,28,4,97,131,67,199,62,102,120,3,114,55,155,184,161,80,58,177,169,191,11,104,193,163,170,95,91,90,125,149,32,68,63,37,109,0,94,8,16,136,144,70,168,17,103,21,180,107,188,179,176,42,47,132,166,123,44];True
1472;8795;10267;[93,113,61,19,64,101,110,175,145,143,160,105,174,118,48,99,141,86,45,15,173,18,25,115,24,197,26,9,77,20,129,72,147,65,87,106,196,22,38,14,2,1,75,12,165,153,122,127,39,73,6,76,50,51,74,100,30,134,137,187,181,82,23,151,54,158,121,92,49,112,31,142,81,52,108,53,183,83,7,79,185,148,167,189,59,36,46,5,27,133,96,157,138,41,152,56,66,126,198,159,140,182,111,29,154,156,117,71,69,190,43,128,85,164,178,192,40,124,150,139,33,13,172,195,10,78,60,35,88,135,34,194,130,171,116,57,186,98,84,89,162,146,119,28,4,97,131,67,199,62,102,120,3,114,55,155,184,161,80,58,177,169,191,11,104,193,163,170,95,91,90,125,149,32,68,63,37,109,0,94,8,16,136,144,70,168,17,103,21,180,107,188,179,176,42,47,132,166,123,44];True
1485;8776;10261;[174,113,61,19,64,101,110,175,145,143,160,105,93,118,48,99,141,86,45,15,173,18,25,115,24,197,26,9,77,20,129,72,147,65,87,106,196,22,38,14,1,2,75,12,165,153,122,127,39,73,6,76,50,51,74,100,30,134,137,187,181,82,23,151,54,158,121,92,49,112,31,142,81,52,108,53,183,83,7,79,185,148,167,189,59,36,46,5,27,133,96,157,138,41,152,56,66,126,198,159,140,182,111,29,154,156,117,71,69,190,43,128,85,164,178,192,40,124,150,139,33,13,172,195,10,78,60,35,88,135,34,194,130,171,116,57,186,98,84,89,162,146,119,28,4,97,131,67,199,62,102,120,3,114,55,155,184,161,80,58,177,169,191,11,104,193,163,170,95,91,90,125,149,32,68,63,37,109,0,94,8,16,136,144,70,168,17,103,21,180,107,188,179,176,42,47,132,166,123,44];False
1478;8776;10254;[174,113,61,19,64,101,110,175,145,143,160,105,93,118,48,99,141,86,45,15,173,18,25,115,24,197,26,9,77,20,129,72,147,65,87,106,196,22,38,14,2,1,75,12,165,153,122,127,39,73,6,76,50,51,74,100,30,134,137,187,181,82,23,151,54,158,121,92,49,112,31,142,81,52,108,53,183,83,7,79,185,148,167,189,59,36,46,5,27,133,96,157,138,41,152,56,66,126,198,159,140,182,111,29,154,156,117,71,69,190,43,128,85,164,178,192,40,124,150,139,33,13,172,195,10,78,60,35,88,135,34,194,130,171,116,57,186,98,84,89,162,146,119,28,4,97,131,67,199,62,102,120,3,114,55,155,184,161,80,58,177,169,191,11,104,193,163,170,95,91,90,125,149,32,68,63,37,109,0,94,8,16,136,144,70,168,17,103,21,180,107,188,179,176,42,47,132,166,123,44];True
3313;6932;10245;[74,194,180,41,187,117,2,169,172,132,166,22,195,112,8,184,191,93,66,157,20,188,87,37,174,149,167,61,45,138,104,125,78,128,42,57,3,121,162,126,143,160,91,77,33,124,94,196,130,103,140,17,82,23,189,81,0,85,19,26,176,46,9,142,170,95,38,139,144,63,51,56,21,92,147,4,84,67,32,72,163,25,70,16,198,173,113,190,156,71,165,193,168,31,6,18,131,110,101,59,80,100,30,134,148,11,97,58,175,151,7,1,181,68,123,89,137,158,54,52,12,49,39,107,55,14,13,111,119,145,75,129,15,135,53,183,69,159,164,90,28,155,73,99,106,136,115,152,35,161,102,86,133,76,122,116,65,118,109,50,34,108,192,40,36,182,29,154,60,177,27,43,127,96,171,141,98,114,64,79,179,47,88,5,186,199,83,153,197,24,150,10,185,62,120,178,105,44,48,146];False
3303;6934;10237;[16,194,180,41,187,117,113,169,172,132,166,22,195,112,8,184,191,93,66,157,20,188,87,37,174,149,167,61,45,138,104,125,78,128,42,57,3,121,162,126,143,160,91,77,33,124,94,196,130,103,140,17,82,23,189,81,0,85,19,26,176,46,9,142,170,95,38,139,144,63,51,56,21,92,147,4,84,67,32,72,163,25,70,74,198,173,2,190,156,71,165,193,168,31,6,18,131,110,101,59,80,100,30,134,148,11,97,58,175,151,7,1,181,68,123,89,137,158,54,52,12,49,39,107,55,14,13,111,119,145,75,129,15,135,53,183,69,159,164,90,28,155,73,99,106,136,115,152,35,161,102,86,133,76,122,116,65,118,109,50,34,108,192,40,36,182,29,154,60,177,27,43,127,96,171,141,98,114,64,79,179,47,88,5,186,199,83,153,197,24,150,10,185,62,120,178,105,44,48,146];False
1491;8739;10230;[179,49,102,122,114,3,2,129,72,105,99,73,140,178,192,10,123,17,8,168,173,18,25,120,24,197,15,9,150,143,67,75,147,65,124,94,130,22,38,21,135,14,60,198,7,153,187,127,39,107,85,76,50,53,93,27,30,134,137,86,181,82,23,12,54,158,92,142,117,98,78,110,81,52,106,118,183,83,26,79,185,148,167,61,59,36,46,5,41,133,96,157,138,45,188,87,66,126,121,159,174,1,51,29,154,156,160,71,69,190,43,128,101,164,111,88,40,37,145,139,33,13,172,195,182,109,141,35,6,56,189,194,31,171,152,57,186,113,196,89,162,146,28,74,4,97,131,0,199,62,44,34,108,20,55,155,184,161,80,58,177,169,191,11,104,180,163,170,95,91,90,125,149,32,68,63,100,116,175,165,193,16,136,144,70,19,64,103,112,84,77,115,151,176,42,47,132,166,119,48];True
3286;6937;10223;[16,194,180,41,187,117,113,169,172,132,166,22,195,112,2,184,191,93,66,157,20,188,87,37,174,149,167,61,45,138,104,125,78,128,42,57,3,121,162,126,143,160,91,77,33,124,94,196,130,103,140,17,82,23,189,81,0,85,19,26,176,46,9,142,170,95,38,139,144,63,51,56,21,92,147,4,84,67,32,72,163,25,70,74,198,173,8,190,156,71,165,193,168,31,6,18,131,110,101,59,80,100,30,134,148,11,97,58,175,151,7,1,181,68,123,89,137,158,54,52,12,49,39,107,55,14,13,111,119,145,75,129,15,135,53,183,69,159,164,90,28,155,73,99,106,136,115,152,35,161,102,86,133,76,122,116,65,118,109,50,34,108,192,40,36,182,29,154,60,177,27,43,127,96,171,141,98,114,64,79,179,47,88,5,186,199,83,153,197,24,150,10,185,62,120,178,105,44,48,146];False
3275;6939;10214;[20,51,34,118,162,147,6,193,172,59,36,22,195,112,93,14,66,157,103,105,74,188,87,37,174,149,167,61,45,138,41,49,78,128,42,57,3,121,8,126,143,160,91,1,33,124,94,196,130,104,140,92,82,23,189,81,0,85,19,26,176,46,9,190,170,95,38,139,144,48,146,50,31,194,180,4,84,67,32,72,163,25,70,65,16,117,77,113,156,71,165,2,184,109,173,18,131,110,101,151,80,100,30,134,148,11,97,58,175,12,7,191,181,68,198,142,137,158,54,52,119,187,39,107,55,178,13,111,132,89,75,129,15,135,53,183,69,159,164,90,28,155,73,99,106,136,115,152,35,161,102,86,133,76,122,116,44,125,145,123,21,108,192,40,169,182,29,154,60,177,27,43,127,96,171,141,98,114,64,79,179,47,88,5,186,199,83,153,166,24,150,10,185,62,120,197,168,17,56,63];False
3274;6940;10214;[16,194,180,41,187,117,113,9,172,132,166,22,195,112,2,184,191,93,66,157,20,188,87,37,174,149,167,61,45,138,104,125,78,128,42,57,3,121,162,126,143,160,91,77,33,124,94,196,130,103,140,17,82,23,189,81,0,85,19,26,176,46,169,142,170,95,38,139,144,63,51,56,21,92,147,4,84,67,32,72,163,25,70,74,198,173,8,190,156,71,165,193,168,31,6,18,131,110,101,59,80,100,30,134,148,11,97,58,175,151,7,1,181,68,123,89,137,158,54,52,12,49,39,107,55,14,13,111,119,145,75,129,15,135,53,183,69,159,164,90,28,155,73,99,106,136,115,152,35,161,102,86,133,76,122,116,65,118,109,50,34,108,192,40,36,182,29,154,60,177,27,43,127,96,171,141,98,114,64,79,179,47,88,5,186,199,83,153,197,24,150,10,185,62,120,178,105,44,48,146];False
3266;6942;10208;[20,51,34,118,92,147,6,193,172,59,36,77,195,112,93,178,66,157,103,105,74,188,87,37,174,149,167,61,45,138,41,49,78,128,42,57,3,121,162,126,143,160,91,1,33,124,94,196,130,104,140,156,82,23,189,81,0,85,19,26,176,46,9,190,170,95,38,139,144,48,146,50,31,194,180,4,84,67,32,72,163,25,109,65,16,117,22,113,70,71,165,2,184,8,173,18,131,110,101,151,80,100,30,134,148,11,97,58,175,12,7,191,181,68,198,142,137,158,54,52,119,187,39,107,55,14,13,111,132,89,75,129,15,135,53,183,69,159,164,90,28,155,73,99,106,136,115,152,35,161,102,86,133,76,122,116,44,125,145,123,21,108,192,40,169,182,29,154,60,177,27,43,127,96,171,141,98,114,64,79,179,47,88,5,186,199,83,153,166,24,150,10,185,62,120,197,168,17,56,63];False
3242;6944;10186;[20,51,34,190,109,72,6,193,172,59,36,22,195,112,93,118,66,157,103,105,74,188,87,37,174,23,167,61,45,138,41,49,78,128,42,57,3,121,162,126,143,160,91,1,33,124,94,196,130,104,140,92,82,149,189,81,0,85,19,26,176,46,9,178,170,95,38,139,144,48,146,50,31,194,180,4,84,67,32,147,163,25,70,65,16,117,77,113,156,71,165,2,184,8,173,18,131,110,101,151,80,100,30,134,148,11,97,58,175,12,7,191,181,68,198,142,137,158,54,52,119,187,39,107,55,14,13,111,132,89,75,129,15,135,53,183,69,159,164,90,28,155,73,99,106,136,115,152,35,161,102,86,133,76,122,116,44,125,145,123,21,108,192,40,169,182,29,154,60,177,27,43,127,96,171,141,98,114,64,79,179,47,88,5,186,199,83,153,166,24,150,10,185,62,120,197,168,17,56,63];False
3257;6929;10186;[34,118,70,190,109,44,29,198,172,12,130,22,195,112,93,178,66,157,20,51,74,188,87,37,174,149,167,61,45,138,41,49,78,128,42,57,191,121,162,126,143,160,91,1,33,124,94,196,36,103,140,92,82,23,189,81,0,85,19,26,176,46,9,147,3,95,38,139,144,146,123,50,31,194,180,4,84,67,32,72,163,25,105,65,16,117,77,113,156,71,165,2,184,8,173,18,131,110,101,59,80,100,30,134,148,11,97,58,175,151,7,170,181,68,193,142,137,158,62,52,119,187,39,107,55,14,13,111,132,89,75,129,15,135,53,183,69,159,164,90,28,155,73,99,106,136,115,152,35,161,102,86,133,76,122,116,104,125,145,56,21,108,192,40,169,182,10,154,60,177,27,43,127,96,171,141,98,114,64,79,179,47,88,5,186,199,83,153,166,24,150,6,185,54,120,197,168,17,48,63];True
1496;8681;10177;[198,49,34,122,114,3,2,129,72,105,99,73,140,178,192,10,123,17,8,168,173,18,25,120,24,197,15,9,150,143,67,75,147,65,124,94,130,22,38,21,135,14,60,151,7,153,187,127,39,107,85,76,50,53,93,100,30,134,58,86,181,82,23,12,54,158,92,142,117,98,78,110,81,52,106,118,183,83,26,79,185,148,167,61,59,36,46,5,41,133,96,157,138,45,188,87,66,126,121,159,174,1,51,29,154,156,160,71,69,190,43,128,101,164,111,88,40,37,145,139,33,13,172,195,182,109,141,35,6,56,189,194,31,171,152,57,186,113,196,89,162,146,28,74,4,97,131,0,199,62,44,102,108,20,55,155,184,161,80,137,177,169,191,11,104,180,163,170,95,91,90,125,149,32,68,63,27,116,175,165,193,16,136,144,70,19,64,103,112,84,77,115,179,176,42,47,132,166,119,48];False
3217;6943;10160;[20,51,34,118,162,147,6,193,172,59,36,22,195,112,93,178,66,157,103,105,74,188,87,37,174,149,167,61,45,138,41,49,78,128,42,57,3,121,8,126,143,160,91,1,33,124,94,196,130,104,140,92,82,23,189,81,0,85,19,26,176,46,9,190,170,95,38,139,144,48,146,50,31,194,180,4,84,67,32,72,163,25,70,65,16,117,77,113,156,71,165,2,184,109,173,18,131,110,101,151,80,100,30,134,148,11,97,58,175,12,7,191,181,68,198,142,137,158,54,52,119,187,39,107,55,14,13,111,132,89,75,129,15,135,53,183,69,159,164,90,28,155,73,99,106,136,115,152,35,161,102,86,133,76,122,116,44,125,145,123,21,108,192,40,169,182,29,154,60,177,27,43,127,96,171,141,98,114,64,79,179,47,88,5,186,199,83,153,166,24,150,10,185,62,120,197,168,17,56,63];False
3224;6935;10159;[16,194,180,41,187,117,2,169,172,132,166,22,195,112,8,184,191,93,66,157,20,188,87,37,174,149,167,61,45,138,104,125,78,128,42,57,3,121,162,126,143,160,91,77,33,124,94,196,130,103,140,17,82,23,189,81,0,85,19,26,176,46,9,142,170,95,38,139,144,63,51,56,21,92,147,4,84,67,32,72,163,25,70,74,198,173,113,190,156,71,165,193,168,31,6,18,131,110,101,59,80,100,30,134,148,11,97,58,175,151,7,1,181,68,123,89,137,158,54,52,12,49,39,107,55,14,13,111,119,145,75,129,15,135,53,183,69,159,164,90,28,155,73,99,106,136,115,152,35,161,102,86,133,76,122,116,65,118,109,50,34,108,192,40,36,182,29,154,60,177,27,43,127,96,171,141,98,114,64,79,179,47,88,5,186,199,83,153,197,24,150,10,185,62,120,178,105,44,48,146];True
3216;6937;10153;[34,103,70,190,109,44,29,198,172,12,130,22,195,112,93,178,66,157,20,51,74,188,87,37,174,149,167,61,45,138,41,49,78,128,42,57,191,121,162,126,143,160,91,1,33,124,94,196,36,118,140,92,82,23,189,81,0,85,19,26,176,46,9,147,3,95,38,139,144,146,123,50,31,194,180,4,84,67,32,72,163,25,105,65,16,117,77,113,156,71,165,2,184,8,173,18,131,110,101,59,80,100,30,134,148,11,97,58,175,151,7,170,181,68,193,142,137,158,62,52,119,187,39,107,55,14,13,111,132,89,75,129,15,135,53,183,69,159,164,90,28,155,73,99,106,136,115,152,35,161,102,86,133,76,122,116,104,125,145,56,21,108,192,40,169,182,10,154,60,177,27,43,127,96,171,141,98,114,64,79,179,47,88,5,186,199,83,153,166,24,150,6,185,54,120,197,168,17,48,63];True
1495;8648;10143;[198,49,153,122,114,3,2,129,72,105,99,73,140,178,192,10,123,17,8,168,173,18,25,120,24,197,15,9,150,143,67,75,147,65,124,94,130,22,38,21,135,14,60,151,7,34,187,127,39,107,85,76,50,53,93,100,30,134,58,86,181,82,23,12,54,158,92,142,117,98,78,110,81,52,106,118,183,83,26,79,185,148,167,61,59,36,46,5,41,133,96,157,138,45,188,87,66,126,121,159,174,1,51,29,154,156,160,71,69,190,43,128,101,164,111,88,40,37,145,139,33,13,172,195,182,109,141,35,6,56,189,194,31,171,152,57,186,113,196,89,162,146,28,74,4,97,131,0,199,62,44,102,108,20,55,155,184,161,80,137,177,169,191,11,104,180,163,170,95,91,90,125,149,32,68,63,27,116,175,165,193,16,136,144,70,19,64,103,112,84,77,115,179,176,42,47,132,166,119,48];True
1510;8629;10139;[198,182,122,102,114,3,2,129,72,105,99,73,140,178,192,10,123,17,8,168,173,18,25,120,24,197,15,9,150,143,67,75,147,65,124,94,130,22,38,21,135,14,60,151,7,153,187,127,39,107,85,76,50,53,93,100,30,134,137,86,181,82,23,12,54,158,92,142,117,98,78,110,81,52,106,118,183,83,26,79,185,148,167,61,59,36,46,5,41,133,96,157,138,45,188,87,66,126,121,159,174,1,51,29,154,156,160,71,69,190,43,128,101,164,111,88,40,37,145,139,33,13,172,195,49,109,141,35,6,56,189,194,31,171,152,57,186,113,196,89,162,146,28,74,4,97,131,0,199,62,44,34,108,20,55,155,184,161,80,58,177,169,191,11,104,180,163,170,95,91,90,125,149,32,68,63,27,116,175,165,193,16,136,144,70,19,64,103,112,84,77,115,179,176,42,47,132,166,119,48];False
1502;8629;10131;[198,49,153,122,114,3,2,129,72,105,99,73,140,178,192,10,123,17,8,168,173,18,25,120,24,197,15,9,150,143,67,75,147,65,124,94,130,22,38,21,135,14,60,179,7,34,187,127,39,107,85,76,50,53,93,100,30,134,58,86,181,82,23,12,54,158,92,142,117,98,78,110,81,52,106,118,183,83,26,79,185,148,167,61,59,36,46,5,41,133,96,157,138,45,188,87,66,126,121,159,174,1,51,29,154,156,160,71,69,190,43,128,101,164,111,88,40,37,145,139,33,13,172,195,182,109,141,35,6,56,189,194,31,171,152,57,186,113,196,89,162,146,28,74,4,97,131,0,199,62,44,102,108,20,55,155,184,161,80,137,177,169,191,11,104,180,163,170,95,91,90,125,149,32,68,63,27,116,175,165,193,16,136,144,70,19,64,103,112,84,77,115,151,176,42,47,132,166,119,48];False
1514;8611;10125;[92,49,102,122,114,3,2,129,72,105,99,73,140,178,192,10,123,17,8,94,173,18,25,120,24,197,15,9,150,143,67,75,147,65,124,142,130,22,38,21,135,14,60,179,7,153,187,127,39,107,85,76,50,53,93,27,30,134,58,86,181,82,23,12,54,158,121,168,117,98,78,110,81,52,106,118,183,83,26,79,185,148,167,61,59,36,46,5,41,133,96,157,138,45,188,87,66,126,198,159,174,1,51,29,154,156,160,71,69,190,43,128,101,164,111,88,40,37,145,139,33,13,172,195,182,109,141,35,6,56,189,194,31,171,152,57,186,113,196,89,162,146,28,74,4,97,131,0,199,62,44,34,108,20,55,155,184,161,80,137,177,169,191,11,104,180,163,170,95,91,90,125,149,32,68,63,100,116,175,165,193,16,136,144,70,19,64,103,112,84,77,115,151,176,42,47,132,166,119,48];False
3178;6944;10122;[34,103,105,190,109,72,6,193,172,132,36,22,195,112,93,118,66,157,20,51,74,188,87,37,174,149,167,61,45,138,178,49,78,128,42,57,191,121,162,126,143,160,91,1,33,124,94,196,130,44,140,92,82,23,189,81,0,85,19,26,176,46,9,41,3,95,38,139,144,146,123,50,31,194,180,4,84,67,32,147,163,25,70,65,16,117,77,113,156,71,165,2,184,8,173,18,131,110,101,59,80,100,30,134,148,11,97,58,175,151,7,170,181,68,198,142,137,158,62,52,119,187,39,107,55,14,13,111,12,89,75,129,15,135,53,183,69,159,164,90,28,155,73,99,106,136,115,152,35,161,102,86,133,76,122,116,104,125,145,56,21,108,192,40,169,182,29,154,60,177,27,43,127,96,171,141,98,114,64,79,179,47,88,5,186,199,83,153,166,24,150,10,185,54,120,197,168,17,48,63];False
1515;8602;10117;[92,49,102,122,114,3,2,129,72,105,99,73,140,178,192,10,123,17,8,168,173,18,25,120,24,197,15,9,150,143,67,75,147,65,124,94,130,22,38,21,135,14,60,151,7,153,187,127,39,107,85,76,50,53,93,100,30,134,58,86,181,82,23,12,54,158,121,142,117,98,78,110,81,52,106,118,183,83,26,79,185,148,167,61,59,36,46,5,41,133,96,157,138,45,188,87,66,126,198,159,174,1,51,29,154,156,160,71,69,190,43,128,101,164,111,88,40,37,145,139,33,13,172,195,182,109,141,35,6,56,189,194,31,171,152,57,186,113,196,89,162,146,28,74,4,97,131,0,199,62,44,34,108,20,55,155,184,161,80,137,177,169,191,11,104,180,163,170,95,91,90,125,149,32,68,63,27,116,175,165,193,16,136,144,70,19,64,103,112,84,77,115,179,176,42,47,132,166,119,48];False
1497;8616;10113;[198,49,102,122,114,3,2,129,72,105,99,73,140,178,192,10,123,17,8,168,173,18,25,120,24,197,15,9,150,143,67,75,147,65,124,94,130,22,38,21,135,14,60,179,7,153,187,127,39,107,85,76,50,53,93,27,30,134,137,86,181,82,23,12,54,158,92,142,117,98,78,110,81,52,106,118,183,83,26,79,185,148,167,61,59,36,46,5,41,133,96,157,138,45,188,87,66,126,121,159,174,1,51,29,154,156,160,71,69,190,43,128,101,164,111,88,40,37,145,139,33,13,172,195,182,109,141,35,6,56,189,194,31,171,152,57,186,113,196,89,162,146,28,74,4,97,131,0,199,62,44,34,108,20,55,155,184,161,80,58,177,169,191,11,104,180,163,170,95,91,90,125,149,32,68,63,100,116,175,165,193,16,136,144,70,19,64,103,112,84,77,115,151,176,42,47,132,166,119,48];True
1505;8608;10113;[121,49,102,122,114,3,2,129,72,105,99,73,140,178,192,10,123,17,8,168,173,18,25,120,24,197,15,9,150,143,67,75,147,65,124,94,130,22,38,21,135,14,60,151,7,153,187,127,39,107,85,76,50,53,93,100,30,134,137,86,181,82,23,12,54,158,92,142,117,98,78,110,81,52,106,118,183,83,26,79,185,148,167,61,59,36,46,5,41,133,96,157,138,45,188,87,66,126,198,159,174,1,51,29,154,156,160,71,69,190,43,128,101,164,111,88,40,37,145,139,33,13,172,195,182,109,141,35,6,56,189,194,31,171,152,57,186,113,196,89,162,146,28,74,4,97,131,0,199,62,44,34,108,20,55,155,184,161,80,58,177,169,191,11,104,180,163,170,95,91,90,125,149,32,68,63,27,116,175,165,193,16,136,144,70,19,64,103,112,84,77,115,179,176,42,47,132,166,119,48];False
1512;8599;10111;[92,49,102,122,114,3,2,129,72,105,99,73,140,178,192,10,123,17,8,94,173,18,25,120,24,197,15,9,150,143,67,75,147,65,124,142,130,22,38,21,135,14,60,151,7,153,187,127,39,107,85,76,50,53,93,27,30,134,137,86,181,82,23,12,54,158,121,168,117,98,78,110,81,52,106,118,183,83,26,79,185,148,167,61,59,36,46,5,41,133,96,157,138,45,188,87,66,126,198,159,174,1,51,29,154,156,160,71,69,190,43,128,101,164,111,88,40,37,145,139,33,13,172,195,182,109,141,35,6,56,189,194,31,171,152,57,186,113,196,89,162,146,28,74,4,97,131,0,199,62,44,34,108,20,55,155,184,161,80,58,177,169,191,11,104,180,163,170,95,91,90,125,149,32,68,63,100,116,175,165,193,16,136,144,70,19,64,103,112,84,77,115,179,176,42,47,132,166,119,48];False
1520;8585;10105;[92,49,102,122,114,3,2,129,72,105,99,73,140,178,192,10,123,17,8,94,173,18,25,120,24,197,15,9,150,143,67,75,147,65,124,168,130,22,38,21,135,14,60,151,7,153,187,127,39,107,85,76,50,53,93,100,30,134,58,86,181,82,23,12,54,158,121,142,117,98,78,110,81,52,106,118,183,83,26,79,185,148,167,61,59,36,46,5,41,133,96,157,138,45,188,87,66,126,198,159,174,1,51,29,154,156,160,71,69,190,43,128,101,164,111,88,40,37,145,139,33,13,172,195,182,109,141,35,6,56,189,194,31,171,152,57,186,113,196,89,162,146,28,74,4,115,131,0,199,62,44,34,108,20,55,155,184,161,80,137,177,169,191,11,104,180,163,170,95,91,90,125,149,32,68,63,27,116,175,165,193,16,136,144,70,19,64,103,112,84,77,97,179,176,42,47,132,166,119,48];False
1517;8588;10105;[198,49,122,102,114,3,2,129,72,105,99,73,140,178,192,10,123,17,8,168,173,18,25,120,24,197,15,9,150,143,67,75,147,65,124,94,130,22,38,21,135,14,60,151,7,153,187,127,39,107,85,76,50,53,93,100,30,134,137,86,181,82,23,12,54,158,92,142,117,98,78,110,81,52,106,118,183,83,26,79,185,148,167,61,59,36,46,5,41,133,96,157,138,45,188,87,66,126,121,159,174,1,51,29,154,156,160,71,69,190,43,128,101,164,111,88,40,37,145,139,33,13,172,195,182,109,141,35,6,56,189,194,31,171,152,57,186,113,196,89,162,146,28,74,4,97,131,0,199,62,44,34,108,20,55,155,184,161,80,58,177,169,191,11,104,180,163,170,95,91,90,125,149,32,68,63,27,116,175,165,193,16,136,144,70,19,64,103,112,84,77,115,179,176,42,47,132,166,119,48];False
1502;8600;10102;[198,49,102,122,114,3,2,129,72,105,99,73,140,178,192,10,123,17,8,168,173,18,25,120,24,197,15,9,150,143,67,75,147,65,124,94,130,22,38,21,135,14,60,151,7,153,187,127,39,107,85,76,50,53,93,100,30,134,137,86,181,82,23,12,54,158,92,142,117,98,78,110,81,52,106,118,183,83,26,79,185,148,167,61,59,36,46,5,41,133,96,157,138,45,188,87,66,126,121,159,174,1,51,29,154,156,160,71,69,190,43,128,101,164,111,88,40,37,145,139,33,13,172,195,182,109,141,35,6,56,189,194,31,171,152,57,186,113,196,89,162,146,28,74,4,97,131,0,199,62,44,34,108,20,55,155,184,161,80,58,177,169,191,11,104,180,163,170,95,91,90,125,149,32,68,63,27,116,175,165,193,16,136,144,70,19,64,103,112,84,77,115,179,176,42,47,132,166,119,48];True
1519;8580;10099;[92,49,102,122,114,3,2,129,72,105,99,73,140,178,192,10,123,17,8,94,173,18,25,120,24,197,15,9,150,143,67,75,147,65,124,142,130,22,38,21,135,14,60,179,7,153,187,127,39,107,85,76,50,53,93,27,30,134,137,86,181,82,23,12,54,158,121,168,117,98,78,110,81,52,106,118,183,83,26,79,185,148,167,61,59,36,46,5,41,133,96,157,138,45,188,87,66,126,198,159,174,1,51,29,154,156,160,71,69,190,43,128,101,164,111,88,40,37,145,139,33,13,172,195,182,109,141,35,6,56,189,194,31,171,152,57,186,113,196,89,162,146,28,74,4,97,131,0,199,62,44,34,108,20,55,155,184,161,80,58,177,169,191,11,104,180,163,170,95,91,90,125,149,32,68,63,100,116,175,165,193,16,136,144,70,19,64,103,112,84,77,115,151,176,42,47,132,166,119,48];False
3148;6948;10096;[20,51,34,118,92,147,6,193,172,59,36,22,195,112,93,178,66,157,103,105,74,188,87,37,174,149,167,61,45,138,41,49,78,128,42,57,3,121,162,126,143,160,91,1,33,124,94,196,130,104,140,156,82,23,189,81,0,85,19,26,176,46,9,190,170,95,38,139,144,48,146,50,31,194,180,4,84,67,32,72,163,25,109,65,16,117,77,113,70,71,165,2,184,8,173,18,131,110,101,151,80,100,30,134,148,11,97,58,175,12,7,191,181,68,198,142,137,158,54,52,119,187,39,107,55,14,13,111,132,89,75,129,15,135,53,183,69,159,164,90,28,155,73,99,106,136,115,152,35,161,102,86,133,76,122,116,44,125,145,123,21,108,192,40,169,182,29,154,60,177,27,43,127,96,171,141,98,114,64,79,179,47,88,5,186,199,83,153,166,24,150,10,185,62,120,197,168,17,56,63];False
1504;8591;10095;[92,49,102,122,114,3,2,129,72,105,99,73,140,178,192,10,123,17,8,94,173,18,25,120,24,197,15,9,150,143,67,75,147,65,124,142,130,22,38,21,135,14,60,151,7,153,187,127,39,107,85,76,50,53,93,27,30,134,137,86,181,82,23,12,54,158,121,168,117,98,78,110,81,52,106,118,183,83,26,79,185,148,167,61,59,36,46,5,41,133,96,157,138,45,188,87,66,126,198,159,174,1,51,29,154,156,160,71,69,190,43,128,101,164,111,88,40,37,145,139,33,13,172,195,182,109,141,35,6,56,189,194,31,171,97,57,186,113,196,89,162,146,28,74,4,115,131,0,199,62,44,34,108,20,55,155,184,161,80,58,177,169,191,11,104,180,163,170,95,91,90,125,149,32,68,63,100,116,175,165,193,16,136,144,70,19,64,103,112,84,77,152,179,176,42,47,132,166,119,48];True
1521;8572;10093;[92,49,102,122,114,3,2,129,72,105,99,73,140,178,192,10,123,17,8,94,173,18,25,120,24,197,15,9,150,143,67,75,147,65,124,142,130,22,38,21,135,14,60,151,7,153,187,127,39,107,85,76,50,53,93,100,30,134,58,86,181,82,23,12,54,158,121,168,117,98,78,110,81,52,106,118,183,83,26,79,185,148,167,61,59,36,46,5,41,133,96,157,138,45,188,87,66,126,198,159,174,1,51,29,154,156,160,71,69,190,43,128,101,164,111,88,40,37,145,139,33,13,172,195,182,109,141,35,6,56,189,194,31,171,152,57,186,113,196,89,162,146,28,74,4,115,131,0,199,62,44,34,108,20,55,155,184,161,80,137,177,169,191,11,104,180,163,170,95,91,90,125,149,32,68,63,27,116,175,165,193,16,136,144,70,19,64,103,112,84,77,97,179,176,42,47,132,166,119,48];False
1520;8571;10091;[92,49,102,122,114,3,2,129,72,105,99,73,140,178,192,10,123,17,8,168,173,18,25,120,24,197,15,9,150,143,67,75,147,65,124,94,130,22,38,21,135,14,60,151,7,153,187,127,39,107,85,76,50,53,93,100,30,134,137,86,181,82,23,12,54,158,121,142,117,98,78,110,81,52,106,118,183,83,26,79,185,148,167,61,59,36,46,5,41,133,96,157,138,45,188,87,66,126,198,159,174,1,51,29,154,156,160,71,69,190,43,128,101,164,111,88,40,37,145,139,33,13,172,195,182,109,141,35,6,56,189,194,31,171,152,57,186,113,196,89,162,146,28,74,4,97,131,0,199,62,44,34,108,20,55,155,184,161,80,58,177,169,191,11,104,180,163,170,95,91,90,125,149,32,68,63,27,116,175,165,193,16,136,144,70,19,64,103,112,84,77,115,179,176,42,47,132,166,119,48];False
1509;8581;10090;[198,49,102,122,114,3,2,129,72,105,99,73,140,178,192,10,123,17,8,168,173,18,25,120,24,197,15,9,150,143,67,75,147,65,124,94,130,22,38,21,135,14,60,179,7,153,187,127,39,107,85,76,50,53,93,100,30,134,137,86,181,82,23,12,54,158,92,142,117,98,78,110,81,52,106,118,183,83,26,79,185,148,167,61,59,36,46,5,41,133,96,157,138,45,188,87,66,126,121,159,174,1,51,29,154,156,160,71,69,190,43,128,101,164,111,88,40,37,145,139,33,13,172,195,182,109,141,35,6,56,189,194,31,171,152,57,186,113,196,89,162,146,28,74,4,97,131,0,199,62,44,34,108,20,55,155,184,161,80,58,177,169,191,11,104,180,163,170,95,91,90,125,149,32,68,63,27,116,175,165,193,16,136,144,70,19,64,103,112,84,77,115,151,176,42,47,132,166,119,48];True
1514;8576;10090;[92,49,102,122,114,3,2,129,72,105,99,73,140,178,192,10,123,17,8,94,173,18,25,120,24,197,15,9,150,143,67,75,147,65,124,142,130,22,38,21,135,14,60,151,7,153,187,127,39,107,85,76,50,53,93,27,30,134,137,86,181,82,23,12,54,158,121,168,117,98,78,110,81,52,106,118,183,83,26,79,185,148,167,61,59,36,46,5,41,133,96,157,138,45,188,87,66,126,198,159,174,1,51,29,154,156,160,71,69,190,43,128,101,164,111,88,40,37,145,139,33,13,172,195,182,109,141,35,6,56,189,194,31,171,152,57,186,113,196,89,162,146,28,74,4,115,131,0,199,62,44,34,108,20,55,155,184,161,80,58,177,169,191,11,104,180,163,170,95,91,90,125,149,32,68,63,100,116,175,165,193,16,136,144,70,19,64,103,112,84,77,97,179,176,42,47,132,166,119,48];True
3148;6940;10088;[34,103,105,190,109,44,29,198,172,12,130,22,195,112,93,178,66,157,20,51,74,188,87,37,174,149,167,61,45,138,41,49,78,128,42,57,191,121,162,126,143,160,91,1,33,124,94,196,36,118,140,92,82,23,189,81,0,85,19,26,176,46,9,147,3,95,38,139,144,146,123,50,31,194,180,4,84,67,32,72,163,25,70,65,16,117,77,113,156,71,165,2,184,8,173,18,131,110,101,59,80,100,30,134,148,11,97,58,175,151,7,170,181,68,193,142,137,158,62,52,119,187,39,107,55,14,13,111,132,89,75,129,15,135,53,183,69,159,164,90,28,155,73,99,106,136,115,152,35,161,102,86,133,76,122,116,104,125,145,56,21,108,192,40,169,182,10,154,60,177,27,43,127,96,171,141,98,114,64,79,179,47,88,5,186,199,83,153,166,24,150,6,185,54,120,197,168,17,48,63];True
1515;8569;10084;[92,49,102,122,114,3,2,129,72,105,99,73,140,178,192,10,123,17,8,94,173,18,25,120,24,197,15,9,150,143,67,75,147,65,124,168,130,22,38,21,135,14,60,151,7,153,187,127,39,107,85,76,50,53,93,100,30,134,137,86,181,82,23,12,54,158,121,142,117,98,78,110,81,52,106,118,183,83,26,79,185,148,167,61,59,36,46,5,41,133,96,157,138,45,188,87,66,126,198,159,174,1,51,29,154,156,160,71,69,190,43,128,101,164,111,88,40,37,145,139,33,13,172,195,182,109,141,35,6,56,189,194,31,171,97,57,186,113,196,89,162,146,28,74,4,115,131,0,199,62,44,34,108,20,55,155,184,161,80,58,177,169,191,11,104,180,163,170,95,91,90,125,149,32,68,63,27,116,175,165,193,16,136,144,70,19,64,103,112,84,77,152,179,176,42,47,132,166,119,48];True
3127;6950;10077;[20,51,34,118,8,147,6,193,172,59,36,22,195,112,93,178,66,157,103,105,74,188,87,37,174,149,167,61,45,138,41,49,78,128,42,57,3,121,162,126,143,160,91,1,33,124,94,196,130,104,140,92,82,23,189,81,0,85,19,26,176,46,9,190,170,95,38,139,144,48,146,50,31,194,180,4,84,67,32,72,163,25,70,65,16,117,77,113,156,71,165,2,184,109,173,18,131,110,101,151,80,100,30,134,148,11,97,58,175,12,7,191,181,68,198,142,137,158,54,52,119,187,39,107,55,14,13,111,132,89,75,129,15,135,53,183,69,159,164,90,28,155,73,99,106,136,115,152,35,161,102,86,133,76,122,116,44,125,145,123,21,108,192,40,169,182,29,154,60,177,27,43,127,96,171,141,98,114,64,79,179,47,88,5,186,199,83,153,166,24,150,10,185,62,120,197,168,17,56,63];True
1516;8556;10072;[92,49,102,122,114,3,2,129,72,105,99,73,140,178,192,10,123,17,8,94,173,18,25,120,24,197,15,9,150,143,67,75,147,65,124,142,130,22,38,21,135,14,60,151,7,153,187,127,39,107,85,76,50,53,93,100,30,134,137,86,181,82,23,12,54,158,121,168,117,98,78,110,81,52,106,118,183,83,26,79,185,148,167,61,59,36,46,5,41,133,96,157,138,45,188,87,66,126,198,159,174,1,51,29,154,156,160,71,69,190,43,128,101,164,111,88,40,37,145,139,33,13,172,195,182,109,141,35,6,56,189,194,31,171,97,57,186,113,196,89,162,146,28,74,4,115,131,0,199,62,44,34,108,20,55,155,184,161,80,58,177,169,191,11,104,180,163,170,95,91,90,125,149,32,68,63,27,116,175,165,193,16,136,144,70,19,64,103,112,84,77,152,179,176,42,47,132,166,119,48];True
3116;6955;10071;[20,51,34,118,70,147,6,193,172,59,36,22,195,112,93,178,66,157,103,105,74,188,87,37,174,149,167,61,45,138,41,49,78,128,42,57,3,121,162,126,143,160,91,1,33,124,94,196,130,104,140,92,82,23,189,81,0,85,19,26,176,46,9,190,170,95,38,139,144,48,146,50,31,194,180,4,84,67,32,72,163,25,109,65,16,117,77,113,156,71,165,2,184,8,173,18,131,110,101,151,80,100,30,134,148,11,97,58,175,12,7,191,181,68,198,142,137,158,54,52,119,187,39,107,55,14,13,111,132,89,75,129,15,135,53,183,69,159,164,90,28,155,73,99,106,136,115,152,35,161,102,86,133,76,122,116,44,125,145,123,21,108,192,40,169,182,29,154,60,177,27,43,127,96,171,141,98,114,64,79,179,47,88,5,186,199,83,153,166,24,150,10,185,62,120,197,168,17,56,63];False
3111;6956;10067;[20,51,34,190,109,72,6,193,172,59,36,22,195,112,93,118,66,157,103,105,74,188,87,37,174,149,167,61,45,138,41,49,78,128,42,57,3,121,162,126,143,160,91,1,33,124,94,196,130,104,140,92,82,23,189,81,0,85,19,26,176,46,9,178,170,95,38,139,144,48,146,50,31,194,180,4,84,67,32,147,163,25,70,65,16,117,77,113,156,71,165,2,184,8,173,18,131,110,101,151,80,100,30,134,148,11,97,58,175,12,7,191,181,68,198,142,137,158,54,52,119,187,39,107,55,14,13,111,132,89,75,129,15,135,53,183,69,159,164,90,28,155,73,99,106,136,115,152,35,161,102,86,133,76,122,116,44,125,145,123,21,108,192,40,169,182,29,154,60,177,27,43,127,96,171,141,98,114,64,79,179,47,88,5,186,199,83,153,166,24,150,10,185,62,120,197,168,17,56,63];False
3074;6954;10028;[20,51,34,118,156,147,6,193,172,59,36,22,195,112,93,178,66,157,103,105,74,188,87,37,174,149,167,61,45,138,41,49,78,128,42,57,3,121,162,126,143,160,91,1,33,124,94,196,130,104,140,92,82,23,189,81,0,85,19,26,176,46,9,190,170,95,38,139,144,48,146,50,31,194,180,4,84,67,32,72,163,25,109,65,16,117,77,113,70,71,165,2,184,8,173,18,131,110,101,151,80,100,30,134,148,11,97,58,175,12,7,191,181,68,198,142,137,158,54,52,119,187,39,107,55,14,13,111,132,89,75,129,15,135,53,183,69,159,164,90,28,155,73,99,106,136,115,152,35,161,102,86,133,76,122,116,44,125,145,123,21,108,192,40,169,182,29,154,60,177,27,43,127,96,171,141,98,114,64,79,179,47,88,5,186,199,83,153,166,24,150,10,185,62,120,197,168,17,56,63];True
3061;6956;10017;[34,103,105,190,109,118,29,198,172,12,130,22,195,112,93,178,66,157,20,51,74,188,87,37,174,149,167,61,45,138,41,49,78,128,42,57,191,121,162,126,143,160,91,1,33,124,94,196,36,44,140,92,82,23,189,81,0,85,19,26,176,46,9,147,3,95,38,139,144,146,123,50,31,194,180,4,84,67,32,72,163,25,70,65,16,117,77,113,156,71,165,2,184,8,173,18,131,110,101,59,80,100,30,134,148,11,97,58,175,151,7,170,181,68,193,142,137,158,62,52,119,187,39,107,55,14,13,111,132,89,75,129,15,135,53,183,69,159,164,90,28,155,73,99,106,136,115,152,35,161,102,86,133,76,122,116,104,125,145,56,21,108,192,40,169,182,10,154,60,177,27,43,127,96,171,141,98,114,64,79,179,47,88,5,186,199,83,153,166,24,150,6,185,54,120,197,168,17,48,63];True
3059;6957;10016;[34,103,105,190,109,72,6,193,172,132,130,22,195,112,93,118,66,157,20,51,74,188,87,37,174,149,167,61,45,138,178,49,78,128,42,57,191,121,162,126,143,160,91,1,33,124,94,196,36,44,140,92,82,23,189,81,0,85,19,26,176,46,9,41,3,95,38,139,144,146,123,50,31,194,180,4,84,67,32,147,163,25,70,65,16,117,77,113,156,71,165,2,184,8,173,18,131,110,101,59,80,100,30,134,148,11,97,58,175,151,7,170,181,68,198,142,137,158,62,52,119,187,39,107,55,14,13,111,12,89,75,129,15,135,53,183,69,159,164,90,28,155,73,99,106,136,115,152,35,161,102,86,133,76,122,116,104,125,145,56,21,108,192,40,169,182,29,154,60,177,27,43,127,96,171,141,98,114,64,79,179,47,88,5,186,199,83,153,166,24,150,10,185,54,120,197,168,17,48,63];True
2962;6964;9926;[34,103,105,190,109,118,10,198,172,12,130,22,195,112,93,178,66,157,20,51,74,188,87,37,174,149,167,61,45,138,41,49,78,128,42,57,191,121,162,126,143,160,91,1,33,124,94,196,36,44,140,92,82,23,189,81,0,85,19,26,176,46,9,147,3,95,38,139,144,146,123,50,31,194,180,4,84,67,32,72,163,25,70,65,16,117,77,113,156,71,165,2,184,8,173,18,131,110,101,59,80,100,30,134,148,11,97,58,175,151,7,170,181,68,193,142,137,158,62,52,119,187,39,107,55,14,13,111,132,89,75,129,15,135,53,183,69,159,164,90,28,155,73,99,106,136,115,152,35,161,102,86,133,76,122,116,104,125,145,56,21,108,192,40,169,182,29,154,60,177,27,43,127,96,171,141,98,114,64,79,179,47,88,5,186,199,83,153,166,24,150,6,185,54,120,197,168,17,48,63];True
2929;6966;9895;[34,103,105,190,109,147,6,193,172,132,130,22,195,112,93,118,66,157,20,51,74,188,87,37,174,149,167,61,45,138,178,49,78,128,42,57,191,121,162,126,143,160,91,1,33,124,94,196,36,44,140,92,82,23,189,81,0,85,19,26,176,46,9,41,3,95,38,139,144,146,123,50,31,194,180,4,84,67,32,72,163,25,70,65,16,117,77,113,156,71,165,2,184,8,173,18,131,110,101,59,80,100,30,134,148,11,97,58,175,151,7,170,181,68,198,142,137,158,62,52,119,187,39,107,55,14,13,111,12,89,75,129,15,135,53,183,69,159,164,90,28,155,73,99,106,136,115,152,35,161,102,86,133,76,122,116,104,125,145,56,21,108,192,40,169,182,29,154,60,177,27,43,127,96,171,141,98,114,64,79,179,47,88,5,186,199,83,153,166,24,150,10,185,54,120,197,168,17,48,63];True
2907;6969;9876;[34,103,105,190,109,118,10,193,172,12,130,22,195,112,93,178,66,157,20,51,74,188,87,37,174,149,167,61,45,138,41,49,78,128,42,57,191,121,162,126,143,160,91,1,33,124,94,196,36,44,140,92,82,23,189,81,0,85,19,26,176,46,9,147,3,95,38,139,144,146,123,50,31,194,180,4,84,67,32,72,163,25,70,65,16,117,77,113,156,71,165,2,184,8,173,18,131,110,101,59,80,100,30,134,148,11,97,58,175,151,7,170,181,68,198,142,137,158,62,52,119,187,39,107,55,14,13,111,132,89,75,129,15,135,53,183,69,159,164,90,28,155,73,99,106,136,115,152,35,161,102,86,133,76,122,116,104,125,145,56,21,108,192,40,169,182,29,154,60,177,27,43,127,96,171,141,98,114,64,79,179,47,88,5,186,199,83,153,166,24,150,6,185,54,120,197,168,17,48,63];True
2900;6972;9872;[34,103,105,190,109,147,6,193,172,132,130,22,195,112,93,118,66,157,20,51,74,188,87,37,174,149,167,61,45,138,41,49,78,128,42,57,191,121,162,126,143,160,91,1,33,124,94,196,36,44,140,92,82,23,189,81,0,85,19,26,176,46,9,178,3,95,38,139,144,146,123,50,31,194,180,4,84,67,32,72,163,25,70,65,16,117,77,113,156,71,165,2,184,8,173,18,131,110,101,59,80,100,30,134,148,11,97,58,175,151,7,170,181,68,198,142,137,158,62,52,119,187,39,107,55,14,13,111,12,89,75,129,15,135,53,183,69,159,164,90,28,155,73,99,106,136,115,152,35,161,102,86,133,76,122,116,104,125,145,56,21,108,192,40,169,182,29,154,60,177,27,43,127,96,171,141,98,114,64,79,179,47,88,5,186,199,83,153,166,24,150,10,185,54,120,197,168,17,48,63];True
2895;6975;9870;[34,103,105,190,109,147,6,193,172,132,130,22,195,112,93,118,66,157,20,51,74,188,87,37,174,149,167,61,45,138,178,49,78,128,42,57,191,121,162,126,143,160,91,1,33,124,94,196,36,44,140,92,82,23,189,81,0,85,19,26,176,46,9,41,3,95,38,139,144,123,146,50,31,194,180,4,84,67,32,72,163,25,70,65,16,117,77,113,156,71,165,2,184,8,173,18,131,110,101,59,80,100,30,134,148,11,97,58,175,151,7,170,181,68,198,142,137,158,54,52,119,187,39,107,55,14,13,111,12,89,75,129,15,135,53,183,69,159,164,90,28,155,73,99,106,136,115,152,35,161,102,86,133,76,122,116,104,125,145,56,21,108,192,40,169,182,29,154,60,177,27,43,127,96,171,141,98,114,64,79,179,47,88,5,186,199,83,153,166,24,150,10,185,62,120,197,168,17,48,63];True
2851;6979;9830;[34,103,105,190,109,118,6,193,172,12,130,22,195,112,93,178,66,157,20,51,74,188,87,37,174,149,167,61,45,138,41,49,78,128,42,57,191,121,162,126,143,160,91,1,33,124,94,196,36,44,140,92,82,23,189,81,0,85,19,26,176,46,9,147,3,95,38,139,144,146,123,50,31,194,180,4,84,67,32,72,163,25,70,65,16,117,77,113,156,71,165,2,184,8,173,18,131,110,101,59,80,100,30,134,148,11,97,58,175,151,7,170,181,68,198,142,137,158,62,52,119,187,39,107,55,14,13,111,132,89,75,129,15,135,53,183,69,159,164,90,28,155,73,99,106,136,115,152,35,161,102,86,133,76,122,116,104,125,145,56,21,108,192,40,169,182,29,154,60,177,27,43,127,96,171,141,98,114,64,79,179,47,88,5,186,199,83,153,166,24,150,10,185,54,120,197,168,17,48,63];True
2849;6980;9829;[34,103,105,190,109,147,6,193,172,12,130,22,195,112,93,118,66,157,20,51,74,188,87,37,174,149,167,61,45,138,178,49,78,128,42,57,191,121,162,126,143,160,91,1,33,124,94,196,36,44,140,92,82,23,189,81,0,85,19,26,176,46,9,41,3,95,38,139,144,123,146,50,31,194,180,4,84,67,32,72,163,25,70,65,16,117,77,113,156,71,165,2,184,8,173,18,131,110,101,59,80,100,30,134,148,11,97,58,175,151,7,170,181,68,198,142,137,158,54,52,119,187,39,107,55,14,13,111,132,89,75,129,15,135,53,183,69,159,164,90,28,155,73,99,106,136,115,152,35,161,102,86,133,76,122,116,104,125,145,56,21,108,192,40,169,182,29,154,60,177,27,43,127,96,171,141,98,114,64,79,179,47,88,5,186,199,83,153,166,24,150,10,185,62,120,197,168,17,48,63];True
2835;6987;9822;[34,103,105,190,109,147,6,193,172,132,130,22,195,112,93,118,66,157,20,51,74,188,87,37,174,149,167,61,45,138,178,49,78,128,42,57,191,121,162,126,143,160,91,1,33,124,94,196,36,44,140,92,82,23,189,81,0,85,19,26,176,46,9,41,3,95,38,139,144,146,123,50,31,194,180,4,84,67,32,72,163,25,70,65,16,117,77,113,156,71,165,2,184,8,173,18,131,110,101,59,80,100,30,134,148,11,97,58,175,151,7,170,181,68,198,142,137,158,54,52,119,187,39,107,55,14,13,111,12,89,75,129,15,135,53,183,69,159,164,90,28,155,73,99,106,136,115,152,35,161,102,86,133,76,122,116,104,125,145,56,21,108,192,40,169,182,29,154,60,177,27,43,127,96,171,141,98,114,64,79,179,47,88,5,186,199,83,153,166,24,150,10,185,62,120,197,168,17,48,63];True
2816;6991;9807;[34,103,105,190,109,147,6,193,172,132,130,22,195,112,93,118,66,157,20,51,74,188,87,37,174,149,167,61,45,138,41,49,78,128,42,57,3,121,162,126,143,160,91,1,33,124,94,196,36,44,140,92,82,23,189,81,0,85,19,26,176,46,9,178,191,95,38,139,144,146,123,50,31,194,180,4,84,67,32,72,163,25,70,65,16,117,77,113,156,71,165,2,184,8,173,18,131,110,101,59,80,100,30,134,148,11,97,58,175,151,7,170,181,68,198,142,137,158,54,52,119,187,39,107,55,14,13,111,12,89,75,129,15,135,53,183,69,159,164,90,28,155,73,99,106,136,115,152,35,161,102,86,133,76,122,116,104,125,145,56,21,108,192,40,169,182,29,154,60,177,27,43,127,96,171,141,98,114,64,79,179,47,88,5,186,199,83,153,166,24,150,10,185,62,120,197,168,17,48,63];False
2812;6994;9806;[34,103,105,190,109,118,6,193,172,12,130,22,195,112,93,147,66,157,20,51,74,188,87,37,174,149,167,61,45,138,41,49,78,128,42,57,3,121,162,126,143,160,91,1,33,124,94,196,36,104,140,92,82,23,189,81,0,85,19,26,176,46,9,178,191,95,38,139,144,146,123,50,31,194,180,4,84,67,32,72,163,25,70,65,16,117,77,113,156,71,165,2,184,8,173,18,131,110,101,59,80,100,30,134,148,11,97,58,175,151,7,170,181,68,198,142,137,158,54,52,119,187,39,107,55,14,13,111,132,89,75,129,15,135,53,183,69,159,164,90,28,155,73,99,106,136,115,152,35,161,102,86,133,76,122,116,44,125,145,56,21,108,192,40,169,182,29,154,60,177,27,43,127,96,171,141,98,114,64,79,179,47,88,5,186,199,83,153,166,24,150,10,185,62,120,197,168,17,48,63];False
2813;6990;9803;[34,103,105,190,109,118,10,193,172,12,130,22,195,112,93,178,66,157,20,51,74,188,87,37,174,149,167,61,45,138,41,49,78,128,42,57,191,121,162,126,143,160,91,1,33,124,94,196,36,44,140,92,82,23,189,81,0,85,19,26,176,46,9,147,3,95,38,139,144,146,123,50,31,194,180,4,84,67,32,72,163,25,70,65,16,117,77,113,156,71,165,2,184,8,173,18,131,110,101,59,80,100,30,134,148,11,97,58,175,151,7,170,181,68,198,142,137,158,54,52,119,187,39,107,55,14,13,111,132,89,75,129,15,135,53,183,69,159,164,90,28,155,73,99,106,136,115,152,35,161,102,86,133,76,122,116,104,125,145,56,21,108,192,40,169,182,29,154,60,177,27,43,127,96,171,141,98,114,64,79,179,47,88,5,186,199,83,153,166,24,150,6,185,62,120,197,168,17,48,63];True
2812;6991;9803;[34,103,105,190,109,118,6,193,172,12,130,22,195,112,93,147,66,157,20,51,74,188,87,37,174,149,167,61,45,138,178,49,78,128,42,57,191,121,162,126,143,160,91,1,33,124,94,196,36,44,140,92,82,23,189,81,0,85,19,26,176,46,9,41,3,95,38,139,144,123,146,50,31,194,180,4,84,67,32,72,163,25,70,65,16,117,77,113,156,71,165,2,184,8,173,18,131,110,101,59,80,100,30,134,148,11,97,58,175,151,7,170,181,68,198,142,137,158,54,52,119,187,39,107,55,14,13,111,132,89,75,129,15,135,53,183,69,159,164,90,28,155,73,99,106,136,115,152,35,161,102,86,133,76,122,116,104,125,145,56,21,108,192,40,169,182,29,154,60,177,27,43,127,96,171,141,98,114,64,79,179,47,88,5,186,199,83,153,166,24,150,10,185,62,120,197,168,17,48,63];True
2806;6993;9799;[34,103,105,190,109,147,6,193,172,132,130,22,195,112,93,118,66,157,20,51,74,188,87,37,174,149,167,61,45,138,41,49,78,128,42,57,191,121,162,126,143,160,91,1,33,124,94,196,36,44,140,92,82,23,189,81,0,85,19,26,176,46,9,178,3,95,38,139,144,146,123,50,31,194,180,4,84,67,32,72,163,25,70,65,16,117,77,113,156,71,165,2,184,8,173,18,131,110,101,59,80,100,30,134,148,11,97,58,175,151,7,170,181,68,198,142,137,158,54,52,119,187,39,107,55,14,13,111,12,89,75,129,15,135,53,183,69,159,164,90,28,155,73,99,106,136,115,152,35,161,102,86,133,76,122,116,104,125,145,56,21,108,192,40,169,182,29,154,60,177,27,43,127,96,171,141,98,114,64,79,179,47,88,5,186,199,83,153,166,24,150,10,185,62,120,197,168,17,48,63];False
2799;6995;9794;[34,103,105,190,109,118,10,193,172,12,130,22,195,112,93,178,66,157,20,51,74,188,87,37,174,149,167,61,45,138,41,49,78,128,42,57,191,121,162,126,143,160,91,1,33,124,94,196,36,44,140,92,82,23,189,81,0,85,19,26,176,46,9,147,3,95,38,139,144,146,50,123,31,194,180,4,84,67,32,72,163,25,70,65,16,117,77,113,156,71,165,2,184,8,173,18,131,110,101,59,80,100,30,134,148,11,97,58,175,151,7,170,181,68,198,142,137,158,54,52,119,187,39,107,55,14,13,111,132,89,75,129,15,135,53,183,69,159,164,90,28,155,73,99,106,136,115,152,35,161,102,86,133,76,122,116,104,125,145,56,21,108,192,40,169,182,29,154,60,177,27,43,127,96,171,141,98,114,64,79,179,47,88,5,186,199,83,153,166,24,150,6,185,62,120,197,168,17,48,63];False
2789;6992;9781;[34,103,105,190,109,147,6,193,172,12,130,22,195,112,93,118,66,157,20,51,74,188,87,37,174,149,167,61,45,138,178,49,78,128,42,57,191,121,162,126,143,160,91,1,33,124,94,196,36,44,140,92,82,23,189,81,0,85,19,26,176,46,9,41,3,95,38,139,144,146,123,50,31,194,180,4,84,67,32,72,163,25,70,65,16,117,77,113,156,71,165,2,184,8,173,18,131,110,101,59,80,100,30,134,148,11,97,58,175,151,7,170,181,68,198,142,137,158,54,52,119,187,39,107,55,14,13,111,132,89,75,129,15,135,53,183,69,159,164,90,28,155,73,99,106,136,115,152,35,161,102,86,133,76,122,116,104,125,145,56,21,108,192,40,169,182,29,154,60,177,27,43,127,96,171,141,98,114,64,79,179,47,88,5,186,199,83,153,166,24,150,10,185,62,120,197,168,17,48,63];True
2757;7000;9757;[34,103,105,190,109,118,6,193,172,12,130,22,195,112,93,178,66,157,20,51,74,188,87,37,174,149,167,61,45,138,41,49,78,128,42,57,191,121,162,126,143,160,91,1,33,124,94,196,36,44,140,92,82,23,189,81,0,85,19,26,176,46,9,147,3,95,38,139,144,146,123,50,31,194,180,4,84,67,32,72,163,25,70,65,16,117,77,113,156,71,165,2,184,8,173,18,131,110,101,59,80,100,30,134,148,11,97,58,175,151,7,170,181,68,198,142,137,158,54,52,119,187,39,107,55,14,13,111,132,89,75,129,15,135,53,183,69,159,164,90,28,155,73,99,106,136,115,152,35,161,102,86,133,76,122,116,104,125,145,56,21,108,192,40,169,182,29,154,60,177,27,43,127,96,171,141,98,114,64,79,179,47,88,5,186,199,83,153,166,24,150,10,185,62,120,197,168,17,48,63];True
2752;7003;9755;[34,103,105,190,109,118,6,193,172,12,130,22,195,112,93,147,66,157,20,51,74,188,87,37,174,149,167,61,45,138,178,49,78,128,42,57,191,121,162,126,143,160,91,1,33,124,94,196,36,44,140,92,82,23,189,81,0,85,19,26,176,46,9,41,3,95,38,139,144,146,123,50,31,194,180,4,84,67,32,72,163,25,70,65,16,117,77,113,156,71,165,2,184,8,173,18,131,110,101,59,80,100,30,134,148,11,97,58,175,151,7,170,181,68,198,142,137,158,54,52,119,187,39,107,55,14,13,111,132,89,75,129,15,135,53,183,69,159,164,90,28,155,73,99,106,136,115,152,35,161,102,86,133,76,122,116,104,125,145,56,21,108,192,40,169,182,29,154,60,177,27,43,127,96,171,141,98,114,64,79,179,47,88,5,186,199,83,153,166,24,150,10,185,62,120,197,168,17,48,63];True
2723;7006;9729;[34,198,174,190,109,147,6,193,172,12,130,22,195,112,93,118,66,157,103,105,74,188,87,37,142,149,167,61,45,138,41,49,78,128,42,57,3,121,162,126,143,160,91,1,33,124,94,196,36,44,140,92,82,23,189,81,0,85,19,26,176,46,9,178,170,95,38,139,144,20,51,50,31,194,180,4,84,67,32,72,163,25,70,65,16,117,77,113,156,71,165,2,184,8,173,18,131,110,101,59,80,100,30,134,148,11,97,58,175,151,7,191,181,68,123,146,137,158,54,52,119,187,39,107,55,14,13,111,132,89,75,129,15,135,53,183,69,159,164,90,28,155,73,99,106,136,115,152,35,161,102,86,133,76,122,116,104,125,145,56,21,108,192,40,169,182,29,154,60,177,27,43,127,96,171,141,98,114,64,79,179,47,88,5,186,199,83,153,166,24,150,10,185,62,120,197,168,17,48,63];True
1546;8159;9705;[174,71,63,69,141,119,148,128,130,107,105,44,140,178,192,183,154,50,53,162,173,18,57,120,24,197,15,118,198,159,82,134,121,10,123,90,41,22,38,150,168,17,94,60,49,153,185,127,39,187,147,67,129,8,93,46,55,165,42,166,59,36,23,12,54,151,175,83,117,98,78,171,81,52,29,135,14,100,58,79,177,95,167,61,181,65,76,5,27,133,96,157,138,45,188,87,66,126,124,86,112,40,51,106,143,160,80,28,9,190,43,7,85,164,111,195,25,37,145,139,33,13,137,158,182,109,21,73,6,56,92,31,142,115,152,102,186,113,196,89,26,176,72,74,4,97,131,0,199,62,1,189,108,84,34,155,184,161,156,104,3,169,191,11,194,180,163,170,103,91,35,125,149,32,99,114,68,116,20,146,193,16,136,144,70,19,64,101,122,172,77,2,110,30,179,47,132,75,88,48];False
1523;8172;9695;[29,71,63,69,141,119,148,128,130,107,105,44,140,178,192,183,154,50,53,162,173,18,57,120,24,197,15,118,198,159,82,134,121,10,123,90,41,22,38,150,168,17,94,60,49,153,185,127,39,187,147,67,129,8,93,46,55,165,42,166,59,36,23,12,54,151,175,83,117,98,78,171,81,52,174,135,14,100,58,79,177,95,167,61,181,65,76,5,27,133,96,157,138,45,188,87,66,126,124,86,112,40,51,106,143,160,80,28,9,190,43,7,85,164,111,195,25,37,145,139,33,13,137,158,182,109,21,73,6,56,92,31,142,115,152,102,186,113,196,89,26,176,72,74,4,97,131,0,199,62,1,189,108,84,34,155,184,161,156,104,3,169,191,11,194,180,163,170,103,91,35,125,149,32,99,114,68,116,20,146,193,16,136,144,70,19,64,101,122,172,77,2,110,30,179,47,132,75,88,48];True
2652;7012;9664;[34,198,146,190,109,147,6,193,172,12,130,22,195,112,93,118,66,157,103,105,74,188,87,37,174,149,167,61,45,138,41,49,78,128,42,57,3,121,162,126,143,160,91,1,33,124,94,196,36,44,140,92,82,23,189,81,0,85,19,26,176,46,9,178,170,95,38,139,144,20,51,50,31,194,180,4,84,67,32,72,163,25,70,65,16,117,77,113,156,71,165,2,184,8,173,18,131,110,101,59,80,100,30,134,148,11,97,58,175,151,7,191,181,68,123,142,137,158,54,52,119,187,39,107,55,14,13,111,132,89,75,129,15,135,53,183,69,159,164,90,28,155,73,99,106,136,115,152,35,161,102,86,133,76,122,116,104,125,145,56,21,108,192,40,169,182,29,154,60,177,27,43,127,96,171,141,98,114,64,79,179,47,88,5,186,199,83,153,166,24,150,10,185,62,120,197,168,17,48,63];True
2646;7017;9663;[34,198,142,190,109,147,6,193,172,12,130,22,195,112,93,118,66,157,103,105,74,188,87,37,174,149,167,61,45,138,41,49,78,128,42,57,3,121,162,126,143,160,91,1,33,124,94,196,36,44,140,92,82,23,189,81,0,85,19,26,176,46,9,178,170,95,38,139,144,20,51,50,31,194,180,4,84,67,32,72,163,25,70,65,16,117,77,113,156,71,165,2,184,8,173,18,131,110,101,59,80,100,30,134,148,11,97,58,175,151,7,191,181,68,123,146,137,158,54,52,119,187,39,107,55,14,13,111,132,89,75,129,15,135,53,183,69,159,164,90,28,155,73,99,106,136,115,152,35,161,102,86,133,76,122,116,104,125,145,56,21,108,192,40,169,182,29,154,60,177,27,43,127,96,171,141,98,114,64,79,179,47,88,5,186,199,83,153,166,24,150,10,185,62,120,197,168,17,48,63];True
2621;7030;9651;[34,103,105,190,109,118,6,193,172,12,130,22,195,112,93,147,66,157,20,51,74,188,87,37,174,149,167,61,45,138,41,49,78,128,42,57,3,121,162,126,143,160,91,1,33,124,94,196,36,44,140,92,82,23,189,81,0,85,19,26,176,46,9,178,170,95,38,139,144,146,50,123,31,194,180,4,84,67,32,72,163,25,70,65,16,117,77,113,156,71,165,2,184,8,173,18,131,110,101,59,80,100,30,134,148,11,97,58,175,151,7,191,181,68,198,142,137,158,54,52,119,187,39,107,55,14,13,111,132,89,75,129,15,135,53,183,69,159,164,90,28,155,73,99,106,136,115,152,35,161,102,86,133,76,122,116,104,125,145,56,21,108,192,40,169,182,29,154,60,177,27,43,127,96,171,141,98,114,64,79,179,47,88,5,186,199,83,153,166,24,150,10,185,62,120,197,168,17,48,63];False
2615;7023;9638;[34,198,146,190,109,118,6,193,172,12,130,22,195,112,93,147,66,157,103,105,74,188,87,37,174,149,167,61,45,138,41,49,78,128,42,57,3,121,162,126,143,160,91,1,33,124,94,196,36,44,140,92,82,23,189,81,0,85,19,26,176,46,9,178,170,95,38,139,144,20,51,50,31,194,180,4,84,67,32,72,163,25,70,65,16,117,77,113,156,71,165,2,184,8,173,18,131,110,101,59,80,100,30,134,148,11,97,58,175,151,7,191,181,68,123,142,137,158,54,52,119,187,39,107,55,14,13,111,132,89,75,129,15,135,53,183,69,159,164,90,28,155,73,99,106,136,115,152,35,161,102,86,133,76,122,116,104,125,145,56,21,108,192,40,169,182,29,154,60,177,27,43,127,96,171,141,98,114,64,79,179,47,88,5,186,199,83,153,166,24,150,10,185,62,120,197,168,17,48,63];True
2594;7043;9637;[20,146,31,190,109,147,6,193,172,12,130,22,195,112,93,118,66,157,103,105,74,188,87,37,174,149,167,61,45,123,41,49,78,128,42,57,3,121,162,126,143,160,2,1,33,124,94,196,36,44,140,92,82,23,189,81,0,85,19,26,176,46,9,144,170,95,38,139,178,138,51,50,34,194,180,4,84,67,32,72,163,25,70,65,16,117,77,113,156,71,165,91,184,8,173,18,131,110,101,59,80,100,30,134,148,11,97,58,175,151,7,191,181,68,198,142,137,158,54,52,119,187,39,107,55,14,13,111,132,89,75,129,15,135,53,183,69,159,164,90,28,155,73,99,106,136,115,152,35,161,102,86,133,76,122,116,104,125,145,56,21,108,192,40,169,182,29,154,60,177,27,43,127,96,171,141,98,114,64,79,179,47,88,5,186,199,83,153,166,24,150,10,185,62,120,197,168,17,48,63];False
2609;7028;9637;[34,198,142,190,109,118,6,193,172,12,130,22,195,112,93,147,66,157,103,105,74,188,87,37,174,149,167,61,45,138,41,49,78,128,42,57,3,121,162,126,143,160,91,1,33,124,94,196,36,44,140,92,82,23,189,81,0,85,19,26,176,46,9,178,170,95,38,139,144,20,51,50,31,194,180,4,84,67,32,72,163,25,70,65,16,117,77,113,156,71,165,2,184,8,173,18,131,110,101,59,80,100,30,134,148,11,97,58,175,151,7,191,181,68,123,146,137,158,54,52,119,187,39,107,55,14,13,111,132,89,75,129,15,135,53,183,69,159,164,90,28,155,73,99,106,136,115,152,35,161,102,86,133,76,122,116,104,125,145,56,21,108,192,40,169,182,29,154,60,177,27,43,127,96,171,141,98,114,64,79,179,47,88,5,186,199,83,153,166,24,150,10,185,62,120,197,168,17,48,63];True
2604;7030;9634;[31,198,146,190,109,147,6,193,172,12,130,22,195,112,93,118,66,157,103,105,74,188,87,37,174,149,167,61,45,138,41,49,78,128,42,57,3,121,162,126,143,160,91,1,33,124,94,196,36,44,140,92,82,23,189,81,0,85,19,26,176,46,9,178,170,95,38,139,144,20,51,50,34,194,180,4,84,67,32,72,163,25,70,65,16,117,77,113,156,71,165,2,184,8,173,18,131,110,101,59,80,100,30,134,148,11,97,58,175,151,7,191,181,68,123,142,137,158,54,52,119,187,39,107,55,14,13,111,132,89,75,129,15,135,53,183,69,159,164,90,28,155,73,99,106,136,115,152,35,161,102,86,133,76,122,116,104,125,145,56,21,108,192,40,169,182,29,154,60,177,27,43,127,96,171,141,98,114,64,79,179,47,88,5,186,199,83,153,166,24,150,10,185,62,120,197,168,17,48,63];True
2598;7033;9631;[20,146,31,190,109,147,6,193,172,12,130,22,195,112,93,118,66,157,103,105,74,188,87,37,174,149,167,61,45,123,41,49,78,128,42,57,3,121,162,126,143,160,91,1,33,124,94,196,36,44,140,92,82,23,189,81,0,85,19,26,176,46,9,144,170,95,38,139,178,138,51,50,34,194,180,4,84,67,32,72,163,25,70,65,16,117,77,113,156,71,165,2,184,8,173,18,131,110,101,59,80,100,30,134,148,11,97,58,175,151,7,191,181,68,198,142,137,158,54,52,119,187,39,107,55,14,13,111,132,89,75,129,15,135,53,183,69,159,164,90,28,155,73,99,106,136,115,152,35,161,102,86,133,76,122,116,104,125,145,56,21,108,192,40,169,182,29,154,60,177,27,43,127,96,171,141,98,114,64,79,179,47,88,5,186,199,83,153,166,24,150,10,185,62,120,197,168,17,48,63];True
2596;7034;9630;[20,51,16,190,109,147,6,193,172,12,130,22,195,112,93,118,66,157,103,105,74,188,87,37,174,149,167,61,45,123,41,49,78,128,42,57,3,121,162,126,143,160,91,1,33,124,94,196,36,44,140,92,82,23,189,81,0,85,19,26,176,46,9,144,170,95,38,139,178,138,146,50,34,194,180,4,84,67,32,72,163,25,70,104,31,117,77,113,156,71,165,2,184,8,173,18,131,110,101,59,80,100,30,134,148,11,97,58,175,151,7,191,181,68,198,142,137,158,54,52,119,187,39,107,55,14,13,111,132,89,75,129,15,135,53,183,69,159,164,90,28,155,73,99,106,136,115,152,35,161,102,86,133,76,122,116,65,125,145,56,21,108,192,40,169,182,29,154,60,177,27,43,127,96,171,141,98,114,64,79,179,47,88,5,186,199,83,153,166,24,150,10,185,62,120,197,168,17,48,63];True
2582;7042;9624;[20,146,118,190,109,31,6,193,172,12,130,22,195,112,93,147,66,157,103,105,74,188,87,37,174,149,167,61,45,123,41,49,78,128,42,57,3,121,162,126,143,160,91,1,33,124,94,196,36,44,140,92,82,23,189,81,0,85,19,26,176,46,9,144,170,95,38,139,178,138,51,50,34,194,180,4,84,67,32,72,163,25,70,65,16,117,77,113,156,71,165,2,184,8,173,18,131,110,101,59,80,100,30,134,148,11,97,58,175,151,7,191,181,68,198,142,137,158,54,52,119,187,39,107,55,14,13,111,132,89,75,129,15,135,53,183,69,159,164,90,28,155,73,99,106,136,115,152,35,161,102,86,133,76,122,116,104,125,145,56,21,108,192,40,169,182,29,154,60,177,27,43,127,96,171,141,98,114,64,79,179,47,88,5,186,199,83,153,166,24,150,10,185,62,120,197,168,17,48,63];False
2581;7043;9624;[20,146,118,190,109,31,6,193,172,12,130,22,195,112,93,147,66,157,103,105,74,188,87,37,174,149,167,61,45,123,41,49,78,128,42,57,3,121,162,126,143,160,91,1,33,124,94,196,36,44,140,92,82,23,189,81,0,85,19,26,176,46,9,144,170,95,38,139,178,138,51,50,34,194,180,4,84,67,32,72,163,25,70,65,16,117,77,113,156,71,165,2,184,8,173,18,131,110,101,59,80,100,30,134,148,11,97,58,151,175,7,191,181,68,198,142,137,158,54,52,119,187,39,107,55,14,13,111,132,89,75,129,15,135,53,183,69,159,164,90,28,155,73,99,106,136,115,152,35,161,102,86,133,76,122,116,104,125,145,56,21,108,192,40,169,182,29,154,60,177,27,43,127,96,171,141,98,114,64,79,179,47,88,5,186,199,83,153,166,24,150,10,185,62,120,197,168,17,48,63];False
2555;7062;9617;[20,146,31,190,109,147,6,193,172,12,130,22,195,112,93,118,66,157,103,105,74,188,87,37,174,149,167,61,45,123,41,49,78,128,42,57,3,121,162,126,143,160,2,1,33,124,94,196,36,46,140,92,82,23,189,81,0,85,19,26,176,44,9,144,170,95,38,139,178,138,51,50,34,194,180,4,84,67,32,72,163,25,70,65,16,117,77,113,156,71,165,91,184,8,173,18,131,110,101,59,80,100,30,134,148,11,97,58,175,151,7,191,181,68,198,142,137,158,54,52,119,187,39,107,55,14,13,111,132,89,75,129,15,135,53,183,69,159,164,90,28,155,73,99,106,136,115,152,35,161,102,86,133,76,122,116,104,125,145,56,21,108,192,40,169,182,29,154,60,177,27,43,127,96,171,141,98,114,64,79,179,47,88,5,186,199,83,153,166,24,150,10,185,62,120,197,168,17,48,63];False
1561;8055;9616;[198,155,29,154,141,119,44,7,130,107,105,146,118,178,192,183,104,17,53,162,173,18,57,120,24,197,15,135,32,159,82,134,121,10,123,90,41,22,38,14,168,50,94,60,49,153,185,127,39,148,69,28,129,8,93,46,55,165,42,166,59,36,23,12,54,151,175,83,117,98,78,171,81,52,150,140,92,100,58,79,177,95,167,61,181,65,76,5,27,133,96,157,138,45,188,87,66,126,99,86,112,40,51,106,143,160,80,71,9,190,43,128,85,164,111,195,25,37,145,139,33,13,137,158,182,109,21,73,6,56,63,31,142,115,152,102,186,113,196,89,26,176,72,74,4,97,131,0,199,62,1,189,108,84,124,174,184,161,156,147,3,169,191,11,194,180,163,170,103,91,35,125,149,34,187,114,68,116,20,67,193,16,136,144,70,19,64,101,122,172,77,2,110,30,179,47,132,75,88,48];False
1560;8054;9614;[198,155,29,154,141,119,44,7,130,107,105,146,118,178,192,183,104,50,53,162,173,18,57,120,24,197,15,135,32,159,82,134,121,10,123,90,41,22,38,14,168,17,94,60,49,153,185,127,39,148,69,28,129,8,93,46,55,165,42,166,59,36,23,12,54,151,175,83,117,98,78,171,158,52,150,140,92,100,58,79,177,95,167,61,181,65,76,5,27,133,96,157,138,45,188,87,66,126,99,86,112,40,51,106,143,160,80,71,9,190,43,128,85,164,111,195,25,37,145,139,33,13,137,81,182,109,21,73,6,56,63,31,142,115,152,102,186,113,196,89,26,176,72,74,4,97,131,0,199,62,1,189,108,84,124,174,184,161,156,147,3,169,191,11,194,180,163,170,103,91,35,125,149,34,187,114,68,116,20,67,193,16,136,144,70,19,64,101,122,172,77,2,110,30,179,47,132,75,88,48];False
1564;8050;9614;[198,155,29,154,141,119,44,7,130,107,105,146,118,178,192,183,104,17,53,162,173,18,57,120,24,197,15,135,34,159,82,134,121,10,123,90,41,22,38,50,168,14,94,60,49,153,185,127,39,148,69,28,129,8,93,46,55,165,42,166,59,36,23,12,54,151,175,83,117,98,78,171,81,52,150,140,92,100,58,79,177,95,167,61,181,65,76,5,27,133,96,157,138,45,188,87,66,126,124,86,112,40,51,106,143,160,80,71,9,190,43,128,85,164,111,195,25,37,145,139,33,13,137,158,182,109,21,73,6,56,63,31,142,115,152,102,186,113,196,89,26,176,72,74,4,97,131,0,199,62,1,189,108,84,99,174,184,161,156,147,3,169,191,11,194,180,163,170,103,91,35,125,149,32,187,114,68,116,20,67,193,16,136,144,70,19,64,101,122,172,77,2,110,30,179,47,132,75,88,48];False
2559;7052;9611;[20,146,31,190,109,147,6,193,172,12,130,22,195,112,93,118,66,157,103,105,74,188,87,37,174,149,167,61,45,123,41,49,78,128,42,57,3,121,162,126,143,160,91,1,33,124,94,196,36,46,140,92,82,23,189,81,0,85,19,26,176,44,9,144,170,95,38,139,178,138,51,50,34,194,180,4,84,67,32,72,163,25,70,65,16,117,77,113,156,71,165,2,184,8,173,18,131,110,101,59,80,100,30,134,148,11,97,58,175,151,7,191,181,68,198,142,137,158,54,52,119,187,39,107,55,14,13,111,132,89,75,129,15,135,53,183,69,159,164,90,28,155,73,99,106,136,115,152,35,161,102,86,133,76,122,116,104,125,145,56,21,108,192,40,169,182,29,154,60,177,27,43,127,96,171,141,98,114,64,79,179,47,88,5,186,199,83,153,166,24,150,10,185,62,120,197,168,17,48,63];False
1574;8035;9609;[198,155,29,154,141,119,44,7,130,107,105,146,118,178,192,183,104,50,53,162,173,18,57,120,24,197,15,135,34,159,82,134,121,10,123,90,41,22,38,14,168,17,94,60,49,153,185,127,32,148,69,28,129,8,93,46,55,165,42,166,59,36,23,12,54,151,175,83,117,98,78,171,81,52,150,140,92,100,58,79,177,95,167,61,181,65,76,5,27,133,96,157,138,45,188,87,66,126,124,86,112,40,51,106,143,160,80,71,9,190,43,128,85,164,111,195,25,37,145,139,33,13,137,158,182,109,21,73,6,56,63,31,142,115,152,102,186,113,196,89,26,176,72,74,4,97,131,0,199,62,1,189,108,84,99,174,184,161,156,147,3,169,191,11,194,180,163,170,103,91,35,125,149,39,187,114,68,116,20,67,193,16,136,144,70,19,64,101,122,172,77,2,110,30,179,47,132,75,88,48];False
2567;7041;9608;[31,198,146,190,109,118,6,193,172,12,130,22,195,112,93,147,66,157,103,105,74,188,87,37,174,149,167,61,45,138,41,49,78,128,42,57,3,121,162,126,143,160,91,1,33,124,94,196,36,44,140,92,82,23,189,81,0,85,19,26,176,46,9,178,170,95,38,139,144,20,51,50,34,194,180,4,84,67,32,72,163,25,70,65,16,117,77,113,156,71,165,2,184,8,173,18,131,110,101,59,80,100,30,134,148,11,97,58,175,151,7,191,181,68,123,142,137,158,54,52,119,187,39,107,55,14,13,111,132,89,75,129,15,135,53,183,69,159,164,90,28,155,73,99,106,136,115,152,35,161,102,86,133,76,122,116,104,125,145,56,21,108,192,40,169,182,29,154,60,177,27,43,127,96,171,141,98,114,64,79,179,47,88,5,186,199,83,153,166,24,150,10,185,62,120,197,168,17,48,63];False
1562;8044;9606;[198,155,29,154,141,119,44,7,130,107,105,146,118,178,192,183,104,50,53,162,173,18,57,120,24,197,15,135,32,159,82,134,121,10,123,90,41,22,38,14,168,17,94,60,49,153,185,127,39,148,69,28,129,8,93,46,55,165,42,166,59,36,23,12,54,151,175,83,117,98,78,171,81,52,150,140,92,100,58,79,177,95,167,61,181,65,76,5,27,133,96,157,138,45,188,87,66,126,99,86,112,40,51,106,143,160,80,71,9,190,43,128,85,164,111,195,25,37,145,139,33,13,137,158,182,109,21,73,6,56,63,31,142,115,152,102,186,113,196,89,26,176,72,74,4,97,131,0,199,62,1,189,108,84,124,174,184,161,156,147,3,169,191,11,194,180,163,170,103,91,35,125,149,34,187,114,68,116,20,67,193,16,136,144,70,19,64,101,122,172,77,2,110,30,179,47,132,75,88,48];False
2561;7044;9605;[20,146,31,190,109,118,6,193,172,12,130,22,195,112,93,147,66,157,103,105,74,188,87,37,174,149,167,61,45,123,41,49,78,128,42,57,3,121,162,126,143,160,91,1,33,124,94,196,36,44,140,92,82,23,189,81,0,85,19,26,176,46,9,144,170,95,38,139,178,138,51,50,34,194,180,4,84,67,32,72,163,25,70,65,16,117,77,113,156,71,165,2,184,8,173,18,131,110,101,59,80,100,30,134,148,11,97,58,175,151,7,191,181,68,198,142,137,158,54,52,119,187,39,107,55,14,13,111,132,89,75,129,15,135,53,183,69,159,164,90,28,155,73,99,106,136,115,152,35,161,102,86,133,76,122,116,104,125,145,56,21,108,192,40,169,182,29,154,60,177,27,43,127,96,171,141,98,114,64,79,179,47,88,5,186,199,83,153,166,24,150,10,185,62,120,197,168,17,48,63];False
2545;7049;9594;[20,146,16,190,109,147,6,193,172,195,130,22,12,112,93,118,66,157,103,105,74,188,87,37,174,149,167,61,45,123,41,49,78,128,42,57,3,121,162,126,143,160,91,1,33,124,94,196,36,44,140,92,82,23,189,81,0,85,19,26,176,46,9,144,170,95,38,139,178,138,51,50,34,194,180,4,84,67,32,72,163,25,70,104,31,117,77,113,156,71,165,2,184,8,173,18,131,110,101,59,80,100,30,134,148,11,97,58,175,151,7,191,181,68,198,142,137,158,54,52,119,187,39,107,55,14,13,111,132,89,75,129,15,135,53,183,69,159,164,90,28,155,73,99,106,136,115,152,35,161,102,86,133,76,122,116,65,125,145,56,21,108,192,40,169,182,29,154,60,177,27,43,127,96,171,141,98,114,64,79,179,47,88,5,186,199,83,153,166,24,150,10,185,62,120,197,168,17,48,63];False
2522;7070;9592;[20,146,31,190,109,118,6,193,172,12,130,22,195,112,93,147,66,157,103,105,74,188,87,37,174,149,167,61,45,123,41,49,78,128,42,57,3,121,162,126,143,160,113,1,33,124,94,196,36,46,140,92,82,23,189,81,0,85,19,26,176,104,9,144,170,95,38,139,178,138,51,50,34,194,180,4,84,67,32,72,163,25,70,65,16,117,77,2,156,71,165,91,184,8,173,18,131,110,101,59,80,100,30,134,148,11,97,58,175,151,7,191,181,68,198,142,137,158,54,52,119,187,39,107,55,14,13,111,132,89,75,129,15,135,53,183,69,159,164,90,28,155,73,99,106,136,115,152,35,161,102,86,133,76,122,116,44,125,145,56,21,108,192,40,169,182,29,154,60,177,27,43,127,96,171,141,98,114,64,79,179,47,88,5,186,199,83,153,166,24,150,10,185,62,120,197,168,17,48,63];False
2556;7036;9592;[20,146,16,190,109,147,6,193,172,12,130,22,195,112,93,118,66,157,103,105,74,188,87,37,174,149,167,61,45,123,41,49,78,128,42,57,3,121,162,126,143,160,91,1,33,124,94,196,36,44,140,92,82,23,189,81,0,85,19,26,176,46,9,144,170,95,38,139,178,138,51,50,34,194,180,4,84,67,32,72,163,25,70,104,31,117,77,113,156,71,165,2,184,8,173,18,131,110,101,59,80,100,30,134,148,11,97,58,175,151,7,191,181,68,198,142,137,158,54,52,119,187,39,107,55,14,13,111,132,89,75,129,15,135,53,183,69,159,164,90,28,155,73,99,106,136,115,152,35,161,102,86,133,76,122,116,65,125,145,56,21,108,192,40,169,182,29,154,60,177,27,43,127,96,171,141,98,114,64,79,179,47,88,5,186,199,83,153,166,24,150,10,185,62,120,197,168,17,48,63];True
1565;8027;9592;[198,155,29,154,141,119,44,7,130,107,105,146,118,178,192,183,104,17,53,162,173,18,57,120,24,197,15,135,34,159,82,134,121,10,123,90,41,22,38,14,168,50,94,60,49,153,185,127,39,148,69,28,129,8,93,46,55,165,42,166,59,36,23,12,54,151,175,83,117,98,78,171,81,52,150,140,92,100,58,79,177,95,167,61,181,65,76,5,27,133,96,157,138,45,188,87,66,126,99,86,112,40,51,106,143,160,80,71,9,190,43,128,85,164,111,195,25,37,145,139,33,13,137,158,182,109,21,73,6,56,63,31,142,115,152,102,186,113,196,89,26,176,72,74,4,97,131,0,199,62,1,189,108,84,124,174,184,161,156,147,3,169,191,11,194,180,163,170,103,91,35,125,149,32,187,114,68,116,20,67,193,16,136,144,70,19,64,101,122,172,77,2,110,30,179,47,132,75,88,48];False
1580;8009;9589;[198,155,29,154,141,119,187,7,130,107,105,146,118,178,192,183,104,17,53,162,173,18,57,120,24,197,15,135,34,159,82,134,121,10,123,90,41,22,38,14,168,50,94,60,49,153,185,127,39,148,69,28,129,8,93,46,55,165,42,166,59,36,23,12,54,151,175,83,117,98,78,171,81,52,150,140,92,100,58,79,177,95,167,61,181,65,76,5,27,133,96,157,138,45,188,87,66,126,99,86,112,40,51,106,143,160,80,71,9,190,43,128,85,164,111,195,25,37,145,139,33,13,137,158,182,109,21,73,6,56,63,31,142,115,152,102,186,113,196,89,26,176,72,74,4,97,131,0,199,62,1,189,108,84,124,174,184,161,156,147,3,169,191,11,194,180,163,170,103,91,35,125,149,32,44,114,68,116,20,67,193,16,136,144,70,19,64,101,122,172,77,2,110,30,179,47,132,75,88,48];False
2539;7049;9588;[20,51,16,190,109,147,6,193,172,12,130,22,195,112,93,118,66,157,103,105,74,188,87,37,174,149,167,61,45,123,41,49,78,128,42,57,3,121,162,126,143,160,91,1,33,124,94,196,36,44,140,92,82,23,189,81,0,85,19,26,176,46,9,144,170,95,38,139,178,184,146,50,34,194,180,4,84,67,32,72,163,25,70,104,31,117,77,113,156,71,165,2,138,8,173,18,131,110,101,59,80,100,30,134,148,11,97,58,175,151,7,191,181,68,198,142,137,158,54,52,119,187,39,107,55,14,13,111,132,89,75,129,15,135,53,183,69,159,164,90,28,155,73,99,106,136,115,152,35,161,102,86,133,76,122,116,65,125,145,56,21,108,192,40,169,182,29,154,60,177,27,43,127,96,171,141,98,114,64,79,179,47,88,5,186,199,83,153,166,24,150,10,185,62,120,197,168,17,48,63];True
1577;8011;9588;[180,172,12,22,26,178,120,3,2,130,106,117,77,112,31,29,66,157,103,44,74,188,93,90,100,0,101,61,45,138,126,185,78,128,42,57,37,121,162,146,118,10,91,1,33,124,94,196,52,182,140,92,82,23,189,81,87,85,104,20,167,193,164,144,181,95,38,139,19,194,51,149,34,127,175,123,136,67,32,72,137,25,170,65,9,190,11,113,156,71,165,184,125,8,173,18,131,110,41,59,80,147,30,134,148,195,97,58,6,43,7,191,62,68,198,142,163,158,54,36,119,187,39,107,55,14,13,197,132,89,75,4,15,108,53,183,69,159,16,105,28,155,73,99,84,70,115,152,35,161,102,86,133,76,122,116,49,46,145,56,21,135,192,40,169,129,24,154,60,177,27,151,111,96,171,141,98,114,64,79,179,47,88,5,186,199,83,153,166,174,150,160,143,109,176,50,168,17,48,63];False
2518;7069;9587;[20,146,16,190,109,118,6,193,172,195,130,22,12,112,93,147,66,157,103,105,74,188,87,37,174,149,167,61,45,123,41,49,78,128,42,57,3,121,162,126,143,160,91,1,33,124,94,196,36,44,140,92,82,23,189,81,0,85,19,26,176,46,9,144,170,95,38,139,178,138,51,50,34,194,180,4,84,67,32,72,163,25,70,65,31,117,77,113,156,71,165,2,184,8,173,18,131,110,101,59,80,100,30,134,148,11,97,58,175,151,7,191,181,68,198,142,137,158,54,52,119,187,39,107,55,14,13,111,132,89,75,129,15,135,53,183,69,159,164,90,28,155,73,99,106,136,115,152,35,161,102,86,133,76,122,116,104,125,145,56,21,108,192,40,169,182,29,154,60,177,27,43,127,96,171,141,98,114,64,79,179,47,88,5,186,199,83,153,166,24,150,10,185,62,120,197,168,17,48,63];False
1581;8006;9587;[180,172,12,22,26,178,120,3,2,130,106,117,77,112,31,29,66,157,103,44,74,188,93,90,100,0,101,61,45,55,126,185,78,128,42,57,37,121,162,146,118,10,91,1,33,124,94,196,52,182,140,92,82,23,189,81,87,85,104,20,167,193,164,144,181,95,38,139,19,194,51,149,34,127,175,123,136,67,32,72,137,25,170,65,16,190,186,113,156,71,165,184,125,8,173,18,131,110,41,59,80,147,30,134,148,195,97,58,6,43,7,191,62,68,198,142,163,158,54,36,119,187,39,107,138,14,13,197,132,89,75,4,15,108,53,183,69,159,9,105,28,155,73,99,84,70,115,152,35,161,102,86,133,76,122,116,49,46,145,56,21,135,192,40,169,129,24,154,60,177,27,151,111,96,171,141,98,114,64,79,179,47,88,5,11,199,83,153,166,174,150,160,143,109,176,50,168,17,48,63];False
2529;7056;9585;[20,146,16,190,109,118,6,193,172,12,130,22,195,112,93,147,66,157,103,105,74,188,87,37,174,149,167,61,45,123,41,49,78,128,42,57,3,121,162,126,143,160,91,1,33,124,94,196,36,44,140,92,82,23,189,81,0,85,19,26,176,46,9,144,170,95,38,139,178,138,51,50,34,194,180,4,84,67,32,72,163,25,70,65,31,117,77,113,156,71,165,2,184,8,173,18,131,110,101,59,80,100,30,134,148,11,97,58,175,151,7,191,181,68,198,142,137,158,54,52,119,187,39,107,55,14,13,111,132,89,75,129,15,135,53,183,69,159,164,90,28,155,73,99,106,136,115,152,35,161,102,86,133,76,122,116,104,125,145,56,21,108,192,40,169,182,29,154,60,177,27,43,127,96,171,141,98,114,64,79,179,47,88,5,186,199,83,153,166,24,150,10,185,62,120,197,168,17,48,63];True
1579;8004;9583;[180,172,12,22,26,178,120,3,2,130,106,117,77,112,31,29,66,157,103,44,74,188,93,90,100,0,101,61,45,55,126,185,78,128,42,57,37,121,162,146,118,10,91,1,33,124,94,196,52,182,140,92,82,23,189,81,87,85,104,20,167,193,164,144,181,95,38,139,19,194,51,149,34,127,175,123,136,67,32,72,137,25,170,65,16,190,11,113,156,71,165,184,125,8,173,18,131,110,41,59,80,147,30,134,148,195,97,58,6,43,7,191,62,68,198,142,163,158,54,36,119,187,39,107,138,14,13,197,132,89,75,4,15,108,53,183,69,159,9,105,28,155,73,99,84,70,115,152,35,49,102,86,133,76,122,116,161,46,145,56,21,135,192,40,169,129,24,154,60,177,27,151,111,96,171,141,98,114,64,79,179,47,88,5,186,199,83,153,166,174,150,160,143,109,176,50,168,17,48,63];False
1566;8016;9582;[198,155,29,154,141,119,44,7,130,107,105,146,118,178,192,183,104,50,53,162,173,18,57,120,24,197,15,135,34,159,82,134,121,10,123,90,41,22,38,14,168,17,94,60,49,153,185,127,39,148,69,28,129,8,93,46,55,165,42,166,59,36,23,12,54,151,175,83,117,98,78,171,81,52,150,140,92,100,58,79,177,95,167,61,181,65,76,5,27,133,96,157,138,45,188,87,66,126,99,86,112,40,51,106,143,160,80,71,9,190,43,128,85,164,111,195,25,37,145,139,33,13,137,158,182,109,21,73,6,56,63,31,142,115,152,102,186,113,196,89,26,176,72,74,4,97,131,0,199,62,1,189,108,84,124,174,184,161,156,147,3,169,191,11,194,180,163,170,103,91,35,125,149,32,187,114,68,116,20,67,193,16,136,144,70,19,64,101,122,172,77,2,110,30,179,47,132,75,88,48];False
2502;7080;9582;[50,146,180,178,9,37,94,118,172,12,130,117,77,112,93,184,66,157,103,105,74,188,144,142,149,2,167,61,45,138,41,49,78,128,42,57,3,121,162,126,143,160,91,1,33,124,147,196,36,46,140,92,82,23,189,81,0,85,22,26,176,193,109,190,170,95,38,139,65,20,51,31,34,198,174,4,84,67,32,72,163,25,70,19,16,125,11,113,156,71,165,87,194,8,173,18,131,110,101,59,80,100,30,134,148,195,97,58,175,151,7,191,181,68,123,6,137,158,54,52,119,187,39,107,55,14,13,111,132,89,75,129,15,135,53,183,69,159,164,90,28,155,73,99,106,136,115,152,35,161,102,86,133,76,122,116,104,17,145,56,21,108,192,40,169,182,29,154,60,177,27,43,127,96,171,141,98,114,64,79,179,47,88,5,186,199,83,153,166,24,150,10,185,62,120,197,168,44,48,63];False
1581;7998;9579;[198,155,29,154,141,119,187,7,130,107,105,146,118,178,192,183,104,50,53,162,173,18,57,120,24,197,15,135,34,159,82,134,121,10,123,90,41,22,38,14,168,17,94,60,49,153,185,127,39,148,69,28,129,8,93,46,55,165,42,166,59,36,23,12,54,151,175,83,117,98,78,171,81,52,150,140,92,100,58,79,177,95,167,61,181,65,76,5,27,133,96,157,138,45,188,87,66,126,99,86,112,40,51,106,143,160,80,71,9,190,43,128,85,164,111,195,25,37,145,139,33,13,137,158,182,109,21,73,6,56,63,31,142,115,152,102,186,113,196,89,26,176,72,74,4,97,131,0,199,62,1,189,108,84,124,174,184,161,156,147,3,169,191,11,194,180,163,170,103,91,35,125,149,32,44,114,68,116,20,67,193,16,136,144,70,19,64,101,122,172,77,2,110,30,179,47,132,75,88,48];False
2503;7075;9578;[50,21,180,4,109,31,147,37,172,12,130,117,77,112,93,118,66,157,103,105,74,188,144,44,19,2,167,61,45,138,41,49,78,128,42,57,3,121,162,126,143,160,91,1,33,124,94,196,36,46,140,92,82,23,189,81,0,85,22,26,176,193,16,178,170,95,38,139,65,20,51,56,34,198,174,184,84,67,32,72,163,25,70,6,9,190,11,113,156,71,165,87,194,8,173,18,131,110,101,59,80,100,30,134,148,195,97,58,175,151,7,191,181,68,123,142,137,158,54,52,119,187,39,107,55,14,13,111,132,89,75,129,15,135,53,183,69,159,164,90,28,155,73,99,106,136,115,152,35,161,102,86,133,76,122,116,104,125,145,149,146,108,192,40,169,182,29,154,60,177,27,43,127,96,171,141,98,114,64,79,179,47,88,5,186,199,83,153,166,24,150,10,185,62,120,197,168,17,48,63];False
1583;7990;9573;[180,172,12,22,26,178,120,3,2,130,106,117,77,112,31,29,66,157,103,44,74,188,93,90,100,0,101,61,45,55,126,185,78,128,42,57,37,121,162,146,118,10,91,1,33,124,94,196,52,182,140,92,82,23,189,81,87,85,104,20,167,193,164,144,181,95,38,139,19,194,51,149,34,127,175,123,136,67,32,72,137,25,170,65,16,190,11,113,156,71,165,184,125,8,173,18,131,110,41,59,80,147,30,134,148,195,97,58,6,43,7,191,62,68,198,142,163,158,54,36,119,187,39,107,138,14,13,197,132,89,75,4,15,108,53,183,69,159,9,105,28,155,73,99,84,70,115,152,35,161,102,86,133,76,122,116,49,46,145,56,21,135,192,40,169,129,24,154,60,177,27,151,111,96,171,141,98,114,64,79,179,47,88,5,186,199,83,153,166,174,150,160,143,109,176,50,168,17,48,63];False
2500;7073;9573;[20,146,31,190,109,125,6,193,172,12,130,22,195,112,93,147,66,157,103,105,74,188,87,37,174,149,167,61,45,123,41,49,78,128,42,57,3,121,162,126,143,160,113,1,33,124,94,196,36,46,140,92,82,23,189,81,0,85,19,26,176,104,9,144,170,95,38,139,178,138,51,50,34,194,180,4,84,67,32,72,163,25,70,65,16,117,77,2,156,71,165,91,184,8,173,18,131,110,101,59,80,100,30,134,148,11,97,58,175,151,7,191,181,68,198,142,137,158,54,52,119,187,39,107,55,14,13,111,132,89,75,129,15,135,53,183,69,159,164,90,28,155,73,99,106,136,115,152,35,161,102,86,133,76,122,116,44,118,145,56,21,108,192,40,169,182,29,154,60,177,27,43,127,96,171,141,98,114,64,79,179,47,88,5,186,199,83,153,166,24,150,10,185,62,120,197,168,17,48,63];False
2491;7081;9572;[50,146,180,37,109,31,82,4,172,12,130,117,77,112,93,184,66,157,103,105,74,188,144,142,19,2,167,61,45,138,41,49,78,128,42,57,3,121,162,126,143,160,91,1,33,124,94,196,36,46,140,92,147,23,189,81,0,85,22,26,176,193,16,178,170,95,38,139,65,20,51,118,34,198,174,149,84,67,32,72,163,25,70,6,9,190,11,113,156,71,165,87,194,8,173,18,131,110,101,59,80,100,30,134,148,195,97,58,175,151,7,191,181,68,123,44,137,158,54,52,119,187,39,107,55,14,13,111,132,89,75,129,15,135,53,183,69,159,164,90,28,155,73,99,106,136,115,152,35,161,102,86,133,76,122,116,104,125,145,56,21,108,192,40,169,182,29,154,60,177,27,43,127,96,171,141,98,114,64,79,179,47,88,5,186,199,83,153,166,24,150,10,185,62,120,197,168,17,48,63];False
2500;7071;9571;[50,21,16,178,9,37,94,118,172,12,130,117,195,112,93,184,66,157,103,105,74,188,144,174,91,77,167,61,45,138,41,49,78,128,42,57,3,121,162,126,143,160,142,1,33,124,147,196,36,46,140,92,82,23,189,81,0,85,22,26,176,193,109,190,170,95,38,139,65,20,51,149,34,198,146,4,84,67,32,72,163,25,70,19,145,125,11,113,156,71,165,87,194,8,173,18,131,110,101,59,80,100,30,134,148,2,97,58,175,151,7,191,181,68,123,6,137,158,54,52,119,187,39,107,55,14,13,111,132,89,75,129,15,135,53,183,69,159,164,90,28,155,73,99,106,136,115,152,35,161,102,86,133,76,122,116,104,17,31,56,180,108,192,40,169,182,29,154,60,177,27,43,127,96,171,141,98,114,64,79,179,47,88,5,186,199,83,153,166,24,150,10,185,62,120,197,168,44,48,63];True
2480;7089;9569;[50,146,180,4,109,31,147,37,172,12,130,117,195,112,93,118,66,157,103,105,74,188,144,44,19,2,167,61,45,138,41,49,78,128,42,57,3,121,162,126,143,160,91,1,33,124,94,196,36,46,140,92,82,23,189,81,0,85,22,26,176,193,16,178,170,95,38,139,65,20,51,149,34,198,174,184,84,67,32,72,163,25,70,6,9,190,11,113,156,71,165,87,194,8,173,18,131,110,101,59,80,100,30,134,148,77,97,58,175,151,7,191,181,68,123,142,137,158,54,52,119,187,39,107,55,14,13,111,132,89,75,129,15,135,53,183,69,159,164,90,28,155,73,99,106,136,115,152,35,161,102,86,133,76,122,116,104,125,145,56,21,108,192,40,169,182,29,154,60,177,27,43,127,96,171,141,98,114,64,79,179,47,88,5,186,199,83,153,166,24,150,10,185,62,120,197,168,17,48,63];False
2506;7062;9568;[50,56,92,178,9,37,94,118,172,12,130,117,77,112,93,46,66,157,103,105,74,188,144,174,149,195,167,61,45,138,41,49,78,128,42,57,3,121,162,126,143,160,91,1,33,124,147,196,36,184,140,31,82,23,189,81,0,85,22,26,176,193,109,190,170,95,38,139,65,20,51,142,34,198,146,4,84,67,32,72,163,25,70,19,145,125,11,113,156,71,165,87,194,8,173,18,131,110,101,59,80,100,30,134,148,2,97,58,175,151,7,191,181,68,123,6,137,158,54,52,119,187,39,107,55,14,13,111,132,89,75,129,15,135,53,183,69,159,164,90,28,155,73,99,106,136,115,152,35,161,102,86,133,76,122,116,104,17,16,21,180,108,192,40,169,182,29,154,60,177,27,43,127,96,171,141,98,114,64,79,179,47,88,5,186,199,83,153,166,24,150,10,185,62,120,197,168,44,48,63];True
2508;7060;9568;[20,146,16,190,109,118,6,193,172,195,130,22,12,112,93,147,66,157,103,105,74,188,87,37,174,149,167,61,45,123,41,49,78,128,42,57,3,121,162,126,143,160,91,1,33,124,94,196,36,44,140,92,82,23,189,81,0,85,19,26,176,46,9,144,170,95,38,139,178,138,51,50,34,194,180,4,84,67,32,72,163,25,70,104,31,117,77,113,156,71,165,2,184,8,173,18,131,110,101,59,80,100,30,134,148,11,97,58,175,151,7,191,181,68,198,142,137,158,54,52,119,187,39,107,55,14,13,111,132,89,75,129,15,135,53,183,69,159,164,90,28,155,73,99,106,136,115,152,35,161,102,86,133,76,122,116,65,125,145,56,21,108,192,40,169,182,29,154,60,177,27,43,127,96,171,141,98,114,64,79,179,47,88,5,186,199,83,153,166,24,150,10,185,62,120,197,168,17,48,63];True
1595;7973;9568;[180,172,12,22,26,178,120,3,2,130,106,117,77,112,31,29,66,157,103,44,74,188,93,90,100,0,101,61,45,138,126,185,78,128,42,57,37,121,162,146,118,10,91,1,33,124,94,196,36,182,140,92,82,23,189,81,87,85,104,20,167,193,164,144,181,95,38,139,19,194,51,149,34,127,175,123,136,67,32,72,137,25,170,65,9,190,11,113,156,71,165,184,125,8,173,18,131,110,41,59,80,147,30,134,148,195,97,58,6,43,7,191,62,68,198,142,163,158,54,52,119,187,39,107,55,14,13,197,132,89,75,4,15,108,53,183,69,159,16,105,28,155,73,99,84,70,115,152,35,161,102,86,133,76,122,116,49,46,145,56,21,135,192,40,169,129,24,154,60,177,27,151,111,96,171,141,98,114,64,79,179,47,88,5,186,199,83,153,166,174,150,160,143,109,176,50,168,17,48,63];False
1593;7975;9568;[180,172,12,22,26,178,120,3,2,130,106,117,77,112,31,29,66,157,103,44,74,188,93,90,100,0,101,61,45,55,126,185,78,128,42,57,37,121,162,146,118,10,91,1,33,124,94,196,52,182,140,92,82,23,189,81,87,85,104,20,167,193,164,144,181,95,38,139,19,194,51,149,34,127,175,123,136,67,32,72,137,25,170,65,9,190,11,113,156,71,165,184,125,8,173,18,131,110,41,59,80,147,30,134,148,195,97,58,6,43,7,191,62,68,198,142,163,158,54,36,119,187,39,107,138,14,13,197,132,89,75,4,15,135,53,183,69,159,16,105,28,155,73,99,84,70,115,152,35,161,102,86,133,76,122,116,49,46,145,56,21,108,192,40,169,129,24,154,60,177,27,151,111,96,171,141,98,114,64,79,179,47,88,5,186,199,83,153,166,174,150,160,143,109,176,50,168,17,48,63];False
1586;7981;9567;[180,172,12,22,26,178,120,3,2,130,106,117,77,112,31,29,66,157,103,44,74,188,93,90,100,0,101,61,45,138,126,185,78,128,42,57,37,121,162,146,118,10,91,1,33,124,94,196,52,182,140,92,82,23,189,81,87,85,104,20,167,193,164,144,181,95,38,139,19,194,51,149,34,127,175,123,136,67,32,72,137,25,170,65,16,190,11,113,156,71,165,184,125,8,173,18,131,110,41,59,80,147,30,134,148,195,97,58,6,43,7,191,62,68,198,142,163,158,54,36,119,187,39,107,55,14,13,197,132,89,75,4,15,108,53,183,69,159,9,105,28,155,73,99,84,70,115,152,35,161,102,86,133,76,122,116,49,46,145,56,21,135,192,40,169,129,24,154,60,177,27,151,111,96,171,141,98,114,64,79,179,47,88,5,186,199,83,153,166,174,150,160,143,109,176,50,168,17,48,63];False
1578;7989;9567;[180,172,12,22,26,178,120,3,2,130,106,117,77,112,31,29,66,157,103,44,74,188,93,90,100,0,101,61,45,55,126,185,78,128,42,57,37,121,162,146,118,10,91,1,33,124,94,196,36,182,140,92,82,23,189,81,87,85,104,20,167,193,164,144,181,95,38,139,19,194,51,149,34,127,175,123,136,67,32,72,137,25,170,65,16,190,11,113,156,71,165,184,125,8,173,18,131,110,41,59,80,147,30,134,148,195,97,58,6,43,7,191,62,68,198,142,163,158,54,60,119,187,39,107,138,14,13,197,132,89,75,4,15,108,53,183,69,159,9,105,28,155,73,99,84,70,115,152,35,161,102,86,133,76,122,116,49,46,145,56,21,135,192,40,169,129,24,154,52,179,27,151,111,96,171,141,98,114,64,79,177,47,88,5,186,199,83,153,166,174,150,160,143,109,176,50,168,17,48,63];False
2488;7076;9564;[56,21,180,4,109,31,147,37,172,12,130,117,77,112,93,118,66,157,103,105,74,188,144,44,19,2,167,61,45,138,41,49,78,128,42,57,3,121,162,126,143,160,91,1,33,124,94,196,36,46,140,92,82,23,189,81,0,85,22,26,176,193,16,178,170,95,38,139,65,20,51,50,34,198,174,184,84,67,32,72,163,25,70,6,9,190,11,113,156,71,165,87,194,8,173,18,131,110,101,59,80,100,30,134,148,195,97,58,175,151,7,191,181,68,123,142,137,158,54,52,119,187,39,107,55,14,13,111,132,89,75,129,15,135,53,183,69,159,164,90,28,155,73,99,106,136,115,152,35,161,102,86,133,76,122,116,104,125,145,149,146,108,192,40,169,182,29,154,60,177,27,43,127,96,171,141,98,114,64,79,179,47,88,5,186,199,83,153,166,24,150,10,185,62,120,197,168,17,48,63];False
1598;7964;9562;[180,172,12,22,26,178,120,3,2,130,106,117,77,112,31,29,66,157,103,44,74,188,93,90,100,0,101,61,45,55,126,185,78,128,42,57,37,121,162,146,118,10,91,1,33,124,94,196,36,182,140,92,82,23,189,81,87,85,104,20,167,193,164,144,181,95,38,139,19,194,51,149,34,127,175,123,136,67,32,72,137,25,170,65,16,190,11,113,156,71,165,184,125,8,173,18,131,110,41,59,80,147,30,134,148,195,97,58,6,43,7,191,62,68,198,142,163,158,54,52,119,187,39,107,138,14,13,197,132,89,75,4,15,108,53,183,69,159,9,105,28,155,73,99,84,70,115,152,35,161,102,86,133,76,122,116,49,46,145,56,21,135,192,40,169,129,24,154,60,179,27,151,111,96,171,141,98,114,64,79,177,47,88,5,186,199,83,153,166,174,150,160,143,109,176,50,168,17,48,63];False
1590;7967;9557;[180,172,12,22,26,176,120,3,2,130,106,117,77,112,31,24,66,157,103,105,74,188,93,164,100,0,101,61,45,55,126,185,78,128,42,57,37,121,162,146,118,10,91,1,33,124,94,196,36,182,140,92,82,23,189,81,87,85,104,20,167,193,136,144,181,95,38,139,19,194,51,149,34,127,175,123,90,67,32,72,137,25,170,65,16,190,11,113,156,71,165,184,125,8,173,18,131,110,41,59,80,147,30,134,148,195,97,58,6,43,7,191,62,68,198,142,163,158,54,52,29,46,39,107,138,14,13,197,132,89,75,4,15,108,53,183,69,159,9,151,28,155,73,99,84,70,115,152,35,49,102,86,133,76,122,116,161,187,145,56,21,135,192,40,169,129,119,154,60,177,27,178,111,96,171,141,98,114,64,79,179,47,88,5,186,199,83,153,166,174,150,160,143,109,44,50,168,17,48,63];False
2480;7073;9553;[50,21,174,178,9,37,94,118,172,12,130,117,195,112,93,184,66,157,103,105,74,188,144,16,91,77,167,61,45,138,41,49,78,128,42,57,3,121,162,126,143,160,142,1,33,124,147,196,36,46,140,92,82,23,189,81,0,85,22,26,176,193,109,190,170,95,38,139,65,20,51,149,34,198,146,4,84,67,32,72,163,25,70,19,145,125,11,113,156,71,165,87,194,8,173,18,131,110,101,59,80,100,30,134,148,2,97,58,175,151,7,191,181,68,123,6,137,158,54,52,119,187,39,107,55,14,13,111,132,89,75,129,15,135,53,183,69,159,164,90,28,155,73,99,106,136,115,152,35,161,102,86,133,76,122,116,104,17,31,56,180,108,192,40,169,182,29,154,60,177,27,43,127,96,171,141,98,114,64,79,179,47,88,5,186,199,83,153,166,24,150,10,185,62,120,197,168,44,48,63];True
1601;7952;9553;[180,172,12,22,26,178,120,3,2,130,106,117,77,112,31,29,66,157,103,44,74,188,93,90,100,0,101,61,45,55,126,185,78,128,42,57,37,121,162,146,118,10,91,1,33,124,94,196,36,182,140,92,82,23,189,81,87,85,104,20,167,193,164,144,181,95,38,139,19,194,51,149,34,127,175,123,136,67,32,72,137,25,170,65,16,190,11,113,156,71,165,184,125,8,173,18,131,110,41,59,80,147,30,134,148,195,97,58,6,43,7,191,62,68,198,142,163,158,54,52,119,187,39,107,138,14,13,197,132,89,75,4,15,108,53,183,69,159,9,105,28,155,73,99,84,70,115,152,35,161,102,86,133,76,122,116,49,46,145,56,21,135,192,40,169,129,24,154,60,177,27,151,111,96,171,141,98,114,64,79,179,47,88,5,186,199,83,153,166,174,150,160,143,109,176,50,168,17,48,63];True
2464;7089;9553;[31,146,180,178,9,37,94,118,172,12,130,117,77,112,93,184,66,157,103,105,74,188,144,142,149,2,167,61,45,138,41,49,78,128,42,57,3,121,162,126,143,160,91,1,33,124,147,196,36,46,140,92,82,23,189,81,0,85,22,26,176,193,109,190,170,95,38,139,65,20,51,50,34,198,174,4,84,67,32,72,163,25,70,19,16,125,11,113,156,71,165,87,194,8,173,18,131,110,101,59,80,100,30,134,148,195,97,58,175,151,7,191,181,68,123,6,137,158,54,52,119,187,39,107,55,14,13,111,132,89,75,129,15,135,53,183,69,159,164,90,28,155,73,99,106,136,115,152,35,161,102,86,133,76,122,116,104,17,145,56,21,108,192,40,169,182,29,154,60,177,27,43,127,96,171,141,98,114,64,79,179,47,88,5,186,199,83,153,166,24,150,10,185,62,120,197,168,44,48,63];False
1593;7958;9551;[180,172,12,22,26,176,120,3,2,130,106,117,77,112,31,24,66,157,103,105,74,188,93,164,100,0,101,61,45,138,126,185,78,128,42,57,37,121,162,146,118,10,91,1,33,124,94,196,36,182,140,92,82,23,189,81,87,85,104,20,167,193,136,144,181,95,38,139,19,194,51,149,34,127,175,123,90,67,32,72,137,25,170,65,16,190,11,113,156,71,165,184,125,8,173,18,131,110,41,59,80,147,30,134,148,195,97,58,6,43,7,191,62,68,198,142,163,158,54,52,29,46,39,107,55,14,13,197,132,89,75,4,15,108,53,183,69,159,9,151,28,155,73,99,84,70,115,152,35,49,102,86,133,76,122,116,161,187,145,56,21,135,192,40,169,129,119,154,60,177,27,178,111,96,171,141,98,114,64,79,179,47,88,5,186,199,83,153,166,174,150,160,143,109,44,50,168,17,48,63];True
2467;7084;9551;[50,146,180,37,109,31,147,4,172,12,130,117,77,112,93,184,66,157,103,105,74,188,144,44,19,2,167,61,45,138,41,49,78,128,42,57,3,121,162,126,143,160,91,1,33,124,94,196,36,46,140,92,82,23,189,81,0,85,22,26,176,193,16,178,170,95,38,139,65,20,51,149,34,198,174,118,84,67,32,72,163,25,70,6,9,190,11,113,156,71,165,87,194,8,173,18,131,110,101,59,80,100,30,134,148,195,97,58,175,151,7,191,181,68,123,142,137,158,54,52,119,187,39,107,55,14,13,111,132,89,75,129,15,135,53,183,69,159,164,90,28,155,73,99,106,136,115,152,35,161,102,86,133,76,122,116,104,125,145,56,21,108,192,40,169,182,29,154,60,177,27,43,127,96,171,141,98,114,64,79,179,47,88,5,186,199,83,153,166,24,150,10,185,62,120,197,168,17,48,63];False
2468;7081;9549;[31,56,92,178,9,37,94,118,172,12,130,117,77,112,93,46,66,157,103,105,74,188,144,174,149,195,167,61,45,138,41,49,78,128,42,57,3,121,162,126,143,160,91,1,33,124,147,196,36,184,140,50,82,23,189,81,0,85,22,26,176,193,109,190,170,95,38,139,65,20,51,142,34,198,146,4,84,67,32,72,163,25,70,19,145,125,11,113,156,71,165,87,194,8,173,18,131,110,101,59,80,100,30,134,148,2,97,58,175,151,7,191,181,68,123,6,137,158,54,52,119,187,39,107,55,14,13,111,132,89,75,129,15,135,53,183,69,159,164,90,28,155,73,99,106,136,115,152,35,161,102,86,133,76,122,116,104,17,16,21,180,108,192,40,169,182,29,154,60,177,27,43,127,96,171,141,98,114,64,79,179,47,88,5,186,199,83,153,166,24,150,10,185,62,120,197,168,44,48,63];True
2464;7085;9549;[50,21,174,178,9,37,94,118,172,12,130,117,195,112,93,184,66,157,103,105,74,188,144,145,91,77,167,61,45,138,41,49,78,128,42,57,3,121,162,126,143,160,142,1,33,124,147,196,36,46,140,92,82,23,189,81,0,85,22,26,176,193,109,190,170,95,38,139,65,20,51,149,34,198,146,4,84,67,32,72,163,25,70,19,16,125,11,113,156,71,165,87,194,8,173,18,131,110,101,59,80,100,30,134,148,2,97,58,175,151,7,191,181,68,123,6,137,158,54,52,119,187,39,107,55,14,13,111,132,89,75,129,15,135,53,183,69,159,164,90,28,155,73,99,106,136,115,152,35,161,102,86,133,76,122,116,104,17,31,56,180,108,192,40,169,182,29,154,60,177,27,43,127,96,171,141,98,114,64,79,179,47,88,5,186,199,83,153,166,24,150,10,185,62,120,197,168,44,48,63];False
1604;7943;9547;[180,172,12,22,26,178,120,3,2,130,106,117,77,112,31,29,66,157,103,44,74,188,93,90,100,0,101,61,45,138,126,185,78,128,42,57,37,121,162,146,118,10,91,1,33,124,94,196,36,182,140,92,82,23,189,81,87,85,104,20,167,193,164,144,181,95,38,139,19,194,51,149,34,127,175,123,136,67,32,72,137,25,170,65,16,190,11,113,156,71,165,184,125,8,173,18,131,110,41,59,80,147,30,134,148,195,97,58,6,43,7,191,62,68,198,142,163,158,54,52,119,187,39,107,55,14,13,197,132,89,75,4,15,108,53,183,69,159,9,105,28,155,73,99,84,70,115,152,35,161,102,86,133,76,122,116,49,46,145,56,21,135,192,40,169,129,24,154,60,177,27,151,111,96,171,141,98,114,64,79,179,47,88,5,186,199,83,153,166,174,150,160,143,109,176,50,168,17,48,63];True
1612;7931;9543;[180,172,12,22,26,178,120,3,2,130,84,117,77,112,31,29,66,157,103,44,74,188,93,90,100,0,101,61,45,138,126,185,78,128,42,57,37,121,162,146,118,10,91,1,33,124,94,196,52,182,140,92,82,23,189,81,87,85,104,20,167,193,164,144,181,95,38,139,19,194,51,149,34,127,175,123,136,67,32,72,137,25,170,65,16,190,11,113,156,71,165,184,125,8,173,18,131,110,41,59,80,147,30,134,148,195,97,58,6,43,7,191,62,68,198,142,163,158,54,36,119,187,39,107,55,14,13,197,132,89,75,4,15,108,53,183,69,159,9,105,28,155,73,99,106,70,115,152,35,161,102,86,133,76,122,116,49,46,145,56,21,135,192,40,169,129,24,154,60,177,27,151,111,96,171,141,98,114,64,79,179,47,88,5,186,199,83,153,166,174,150,160,143,109,176,50,168,17,48,63];False
1565;7977;9542;[198,155,29,187,141,119,154,7,130,107,105,146,118,178,192,183,104,50,53,162,173,18,57,120,24,197,15,135,34,159,82,134,121,10,123,90,41,22,38,14,168,17,94,60,49,153,185,127,39,148,69,28,129,8,93,46,55,165,42,166,59,36,23,12,54,151,175,83,117,44,78,171,81,52,150,140,92,100,58,79,177,95,167,61,181,65,76,5,27,133,96,157,138,45,188,87,66,126,99,86,112,40,51,106,143,160,80,71,9,190,43,128,85,164,111,195,25,37,145,139,33,13,137,158,182,109,21,73,6,56,63,31,142,115,152,102,186,113,196,89,26,176,72,74,4,97,131,0,199,62,1,189,108,84,124,174,184,161,156,147,3,169,191,11,194,180,163,170,103,91,35,125,149,32,98,114,68,116,20,67,193,16,136,144,70,19,64,101,122,172,77,2,110,30,179,47,132,75,88,48];False
1617;7924;9541;[180,172,12,22,26,178,120,3,2,130,106,117,77,112,31,29,66,157,103,44,74,188,93,90,100,0,101,61,45,138,126,185,78,128,42,57,37,121,162,146,118,10,91,1,33,124,94,196,52,182,140,92,82,23,189,81,87,85,104,20,167,193,164,144,62,95,38,139,19,194,51,149,34,127,175,123,136,67,32,72,137,25,170,65,9,190,11,113,156,71,165,184,125,8,173,18,131,110,41,59,80,147,30,134,148,195,97,58,6,43,7,191,181,68,198,142,163,158,54,36,119,187,39,107,55,14,13,197,132,89,75,4,15,135,53,183,69,159,16,105,28,155,73,99,84,70,115,152,35,161,102,86,133,76,122,116,49,46,145,56,21,108,192,40,169,129,24,154,60,177,27,151,111,96,171,141,98,114,64,79,179,47,88,5,186,199,83,153,166,174,150,160,143,109,176,50,168,17,48,63];False
1618;7923;9541;[180,172,12,22,26,178,120,3,2,130,106,117,77,112,31,29,66,157,103,44,74,188,93,90,100,0,101,61,45,55,126,185,78,128,42,57,37,121,162,146,118,10,91,1,33,124,94,196,36,182,140,92,82,23,189,81,87,85,104,20,167,193,164,144,181,95,38,139,19,194,51,149,34,127,175,123,136,67,32,72,137,25,170,65,16,190,186,113,156,71,165,184,125,8,173,18,131,110,41,59,80,147,30,134,148,195,97,58,6,43,7,191,62,68,198,142,163,158,54,52,119,187,39,107,138,14,13,197,132,89,75,4,15,135,53,183,69,159,9,105,28,155,73,99,84,70,115,152,35,161,102,86,133,76,122,116,49,46,145,56,21,108,192,40,169,129,24,154,60,177,27,151,111,96,171,141,98,114,64,79,179,47,88,5,11,199,83,153,166,174,150,160,143,109,176,50,168,17,48,63];False
1546;7993;9539;[198,155,29,154,141,119,187,7,130,107,105,146,118,178,192,183,104,50,53,162,173,18,57,120,24,197,15,135,34,159,82,134,121,10,123,90,41,22,38,14,168,17,94,60,49,153,185,127,39,148,69,28,129,8,93,46,55,165,42,166,59,36,23,12,54,151,175,83,117,44,78,171,81,52,150,140,92,100,58,79,177,95,167,61,181,65,76,5,27,133,96,157,138,45,188,87,66,126,99,86,112,40,51,106,143,160,80,71,9,190,43,128,85,164,111,195,25,37,145,139,33,13,137,158,182,109,21,73,6,56,63,31,142,115,152,102,186,113,196,89,26,176,72,74,4,97,131,0,199,62,1,189,108,84,124,174,184,161,156,147,3,169,191,11,194,180,163,170,103,91,35,125,149,32,98,114,68,116,20,67,193,16,136,144,70,19,64,101,122,172,77,2,110,30,179,47,132,75,88,48];True
2444;7094;9538;[50,146,180,37,109,31,82,4,172,12,130,117,77,112,93,184,66,157,103,105,74,188,144,142,19,2,167,61,45,138,41,49,78,128,42,57,3,121,162,126,143,160,91,1,33,124,94,196,36,46,140,92,147,23,189,81,0,85,22,26,176,193,16,178,170,95,38,139,65,20,51,149,34,198,174,118,84,67,32,72,163,25,70,6,9,190,11,113,156,71,165,87,194,8,173,18,131,110,101,59,80,100,30,134,148,195,97,58,175,151,7,191,181,68,123,44,137,158,54,52,119,187,39,107,55,14,13,111,132,89,75,129,15,135,53,183,69,159,164,90,28,155,73,99,106,136,115,152,35,161,102,86,133,76,122,116,104,125,145,56,21,108,192,40,169,182,29,154,60,177,27,43,127,96,171,141,98,114,64,79,179,47,88,5,186,199,83,153,166,24,150,10,185,62,120,197,168,17,48,63];False
1578;7959;9537;[198,155,29,187,141,119,148,7,130,107,105,146,118,33,192,183,104,50,53,162,173,18,154,120,24,197,15,135,34,159,82,134,121,10,123,90,41,22,38,14,168,17,94,60,49,153,185,127,39,57,69,28,129,8,93,46,55,165,42,166,59,36,23,12,54,151,175,83,117,44,78,171,81,52,150,140,92,100,58,79,177,95,167,61,181,65,76,5,27,133,96,157,138,45,188,87,66,126,99,86,112,40,51,106,143,160,80,71,9,190,43,128,85,164,111,195,25,37,145,139,178,13,137,158,182,109,21,73,6,56,63,31,142,115,152,102,186,113,196,89,26,176,72,74,4,97,131,0,199,62,1,189,108,84,124,174,184,161,156,147,3,169,191,11,194,180,163,170,103,91,35,125,149,32,98,114,68,116,20,67,193,16,136,144,70,19,64,101,122,172,77,2,110,30,179,47,132,75,88,48];True
1553;7981;9534;[198,155,29,187,141,119,57,7,130,107,105,146,118,178,192,183,104,50,53,162,173,18,154,120,24,197,15,135,34,159,82,134,121,10,123,90,41,22,38,14,168,17,94,60,49,153,185,127,39,148,69,28,129,8,93,46,55,165,42,166,59,36,23,12,54,151,175,83,117,44,78,171,81,52,150,140,92,100,58,79,177,95,167,61,181,65,76,5,27,133,96,157,138,45,188,87,66,126,99,86,112,40,51,106,143,160,80,71,9,190,43,128,85,164,111,195,25,37,145,139,33,13,137,158,182,109,21,73,6,56,63,31,142,115,152,102,186,113,196,89,26,176,72,74,4,97,131,0,199,62,1,189,108,84,124,174,184,161,156,147,3,169,191,11,194,180,163,170,103,91,35,125,149,32,98,114,68,116,20,67,193,16,136,144,70,19,64,101,122,172,77,2,110,30,179,47,132,75,88,48];True
1617;7917;9534;[180,172,12,22,26,176,120,3,2,130,106,117,77,112,31,24,66,157,103,105,74,188,93,164,100,0,101,61,45,55,126,185,78,128,42,57,37,121,162,146,118,10,91,1,33,124,94,196,36,182,140,92,82,23,189,81,87,85,104,20,167,193,136,144,181,95,38,139,19,194,51,149,34,127,175,123,90,67,32,72,137,25,170,65,16,190,11,113,156,71,165,184,125,8,173,18,131,110,41,59,80,147,30,134,148,195,97,58,6,43,7,191,62,68,198,142,163,158,54,52,29,187,39,107,138,14,13,197,132,89,75,4,15,108,53,183,69,159,9,151,28,155,73,99,84,70,115,152,35,161,102,86,133,76,122,116,49,46,145,56,21,135,192,40,169,129,119,154,60,177,27,178,111,96,171,141,98,114,64,79,179,47,88,5,186,199,83,153,166,174,150,160,143,109,44,50,168,17,48,63];False
1609;7922;9531;[180,172,12,22,26,176,120,3,2,130,106,117,77,112,31,24,66,157,103,105,74,188,93,164,100,0,101,61,45,55,126,185,78,128,42,57,37,121,162,146,118,10,91,1,33,124,94,196,36,182,140,92,82,23,189,81,87,85,104,20,167,193,136,144,181,95,38,139,19,194,51,149,34,127,175,123,90,67,32,72,137,25,170,65,16,190,11,113,156,71,165,184,125,8,173,18,131,110,41,59,80,147,30,134,148,195,97,58,6,43,7,191,62,68,198,142,163,158,54,52,29,46,39,107,138,14,13,197,132,89,75,4,15,135,53,183,69,159,9,151,28,155,73,99,84,70,115,152,35,49,102,86,133,76,122,116,161,187,145,56,21,108,192,40,169,129,119,154,60,177,27,178,111,96,171,141,98,114,64,79,179,47,88,5,186,199,83,153,166,174,150,160,143,109,44,50,168,17,48,63];True
1619;7908;9527;[180,172,12,22,26,176,120,3,2,130,84,117,77,112,31,24,66,157,103,105,74,188,93,164,100,0,101,61,45,138,126,185,78,128,42,57,37,121,162,146,118,10,91,1,33,124,94,196,36,182,140,92,82,23,189,81,87,85,104,20,167,193,136,144,181,95,38,139,19,194,51,149,34,127,175,123,90,67,32,72,137,25,170,65,16,190,11,113,156,71,165,184,125,8,173,18,131,110,41,59,80,147,30,134,148,195,97,58,6,43,7,191,62,68,198,142,163,158,54,52,29,46,39,107,55,14,13,197,132,89,75,4,15,108,53,183,69,159,9,151,28,155,73,99,106,70,115,152,35,49,102,86,133,76,122,116,161,187,145,56,21,135,192,40,169,129,119,154,60,177,27,178,111,96,171,141,98,114,64,79,179,47,88,5,186,199,83,153,166,174,150,160,143,109,44,50,168,17,48,63];True
1558;7968;9526;[198,155,29,187,141,119,148,7,130,107,105,146,118,178,192,183,104,50,53,162,173,18,154,120,24,197,15,135,34,159,82,134,121,10,123,90,41,22,38,14,168,17,94,60,49,153,185,127,39,57,69,28,129,8,93,46,55,165,42,166,59,36,23,12,54,151,175,83,117,44,78,171,81,52,150,140,92,100,58,79,177,95,167,61,181,65,76,5,27,133,96,157,138,45,188,87,66,126,99,86,112,40,51,106,143,160,80,71,9,190,43,128,85,164,111,195,25,37,145,139,33,13,137,158,182,109,21,73,6,56,63,31,142,115,152,102,186,113,196,89,26,176,72,74,4,97,131,0,199,62,1,189,108,84,124,174,184,161,156,147,3,169,191,11,194,180,163,170,103,91,35,125,149,32,98,114,68,116,20,67,193,16,136,144,70,19,64,101,122,172,77,2,110,30,179,47,132,75,88,48];True
1612;7913;9525;[180,172,12,22,26,176,120,3,2,130,106,117,77,112,31,24,66,157,103,105,74,188,93,164,100,0,101,61,45,138,126,185,78,128,42,57,37,121,162,146,118,10,91,1,33,124,94,196,36,182,140,92,82,23,189,81,87,85,104,20,167,193,136,144,181,95,38,139,19,194,51,149,34,127,175,123,90,67,32,72,137,25,170,65,16,190,11,113,156,71,165,184,125,8,173,18,131,110,41,59,80,147,30,134,148,195,97,58,6,43,7,191,62,68,198,142,163,158,54,52,29,46,39,107,55,14,13,197,132,89,75,4,15,135,53,183,69,159,9,151,28,155,73,99,84,70,115,152,35,49,102,86,133,76,122,116,161,187,145,56,21,108,192,40,169,129,119,154,60,177,27,178,111,96,171,141,98,114,64,79,179,47,88,5,186,199,83,153,166,174,150,160,143,109,44,50,168,17,48,63];True
2440;7083;9523;[50,21,138,178,9,37,94,118,172,12,130,117,195,112,93,184,66,157,103,105,74,188,144,174,91,77,167,61,45,16,41,49,78,128,42,57,3,121,162,126,143,160,142,1,33,124,147,196,36,46,140,92,82,23,189,81,0,85,22,26,176,193,109,190,170,95,38,139,65,20,51,149,34,198,146,4,84,67,32,72,163,25,70,19,145,125,11,113,156,71,165,87,194,8,173,18,131,110,101,59,80,100,30,134,148,2,97,58,175,151,7,191,181,68,123,6,137,158,54,52,119,187,39,107,55,14,13,111,132,89,75,129,15,135,53,183,69,159,164,90,28,155,73,99,106,136,115,152,35,161,102,86,133,76,122,116,104,17,31,56,180,108,192,40,169,182,29,154,60,177,27,43,127,96,171,141,98,114,64,79,179,47,88,5,186,199,83,153,166,24,150,10,185,62,120,197,168,44,48,63];True
1630;7893;9523;[180,172,12,22,26,178,120,3,2,130,84,117,77,112,31,29,66,157,103,44,74,188,93,90,100,0,101,61,45,138,126,185,78,128,42,57,37,121,162,146,118,10,91,1,33,124,94,196,36,182,140,92,82,23,189,81,87,85,104,20,167,193,164,144,181,95,38,139,19,194,51,149,34,127,175,123,136,67,32,72,137,25,170,65,16,190,11,113,156,71,165,184,125,8,173,18,131,110,41,59,80,147,30,134,148,195,97,58,6,43,7,191,62,68,198,142,163,158,54,52,119,187,39,107,55,14,13,197,132,89,75,4,15,108,53,183,69,159,9,105,28,155,73,99,106,70,115,152,35,161,102,86,133,76,122,116,49,46,145,56,21,135,192,40,169,129,24,154,60,177,27,151,111,96,171,141,98,114,64,79,179,47,88,5,186,199,83,153,166,174,150,160,143,109,176,50,168,17,48,63];False
2424;7093;9517;[50,146,180,4,109,31,147,37,172,12,130,117,77,112,93,184,66,157,103,105,74,188,144,44,19,2,167,61,45,138,41,49,78,128,42,57,3,121,162,126,143,160,91,1,33,124,94,196,36,46,140,92,82,23,189,81,0,85,22,26,176,193,16,178,170,95,38,139,65,20,51,149,34,198,174,118,84,67,32,72,163,25,70,6,9,190,11,113,156,71,165,87,194,8,173,18,131,110,101,59,80,100,30,134,148,195,97,58,175,151,7,191,181,68,123,142,137,158,54,52,119,187,39,107,55,14,13,111,132,89,75,129,15,135,53,183,69,159,164,90,28,155,73,99,106,136,115,152,35,161,102,86,133,76,122,116,104,125,145,56,21,108,192,40,169,182,29,154,60,177,27,43,127,96,171,141,98,114,64,79,179,47,88,5,186,199,83,153,166,24,150,10,185,62,120,197,168,17,48,63];False
2408;7103;9511;[31,56,92,178,9,37,94,118,172,12,130,117,77,112,93,46,66,157,103,105,74,188,144,174,149,195,167,61,45,138,41,49,78,128,42,57,3,121,162,126,143,160,91,1,33,124,147,196,36,184,140,50,82,23,189,81,0,85,22,26,176,193,109,190,170,95,38,139,65,20,51,142,34,198,146,4,84,67,32,72,163,25,70,19,16,125,11,113,156,71,165,87,194,8,173,18,131,110,101,59,80,100,30,134,148,2,97,58,175,151,7,191,181,68,123,6,137,158,54,52,119,187,39,107,55,14,13,111,132,89,75,129,15,135,53,183,69,159,164,90,28,155,73,99,106,136,115,152,35,161,102,86,133,76,122,116,104,17,145,21,180,108,192,40,169,182,29,154,60,177,27,43,127,96,171,141,98,114,64,79,179,47,88,5,186,199,83,153,166,24,150,10,185,62,120,197,168,44,48,63];False
2409;7102;9511;[50,21,180,178,9,37,94,118,172,12,130,117,77,112,93,184,66,157,103,105,74,188,144,31,19,2,167,61,45,138,41,49,78,128,42,57,3,121,162,126,143,160,91,1,33,124,147,196,36,46,140,92,82,23,189,81,0,85,22,26,176,193,109,190,170,95,38,139,65,20,51,149,34,198,174,4,84,67,32,72,163,25,70,142,16,125,11,113,156,71,165,169,194,8,173,18,131,110,101,59,80,100,30,134,148,195,97,58,175,151,7,191,181,68,123,6,137,158,54,52,119,187,39,107,55,14,13,111,132,89,75,129,15,135,53,183,69,159,164,90,28,155,73,99,106,136,115,152,35,161,102,86,133,76,122,116,104,17,145,56,146,108,192,40,87,182,29,154,60,177,27,43,127,96,171,141,98,114,64,79,179,47,88,5,186,199,83,153,166,24,150,10,185,62,120,197,168,44,48,63];True
1630;7880;9510;[180,172,12,22,26,176,120,3,2,130,106,117,77,112,31,24,66,157,103,105,74,188,93,164,100,0,101,61,45,55,126,185,78,128,42,57,37,121,162,146,118,10,91,1,33,124,94,196,36,182,140,92,82,23,189,81,87,85,104,20,167,193,136,144,62,95,38,139,19,194,51,149,34,127,175,123,90,67,32,72,137,25,170,65,16,190,11,113,156,71,165,184,125,8,173,18,131,110,41,59,80,147,30,134,148,195,97,58,6,43,7,191,181,68,198,142,163,158,54,52,29,46,39,107,138,14,13,197,132,89,75,4,15,135,53,183,69,159,9,151,28,155,73,99,84,70,115,152,35,49,102,86,133,76,122,116,161,187,145,56,21,108,192,40,169,129,119,154,60,177,27,178,111,96,171,141,98,114,64,79,179,47,88,5,186,199,83,153,166,174,150,160,143,109,44,50,168,17,48,63];True
2424;7085;9509;[50,56,92,178,9,37,94,118,172,12,130,117,77,112,93,184,66,157,103,105,74,188,144,174,149,195,167,61,45,138,41,49,78,128,42,57,3,121,162,126,143,160,91,1,33,124,147,196,36,46,140,31,82,23,189,81,0,85,22,26,176,193,109,190,170,95,38,139,65,20,51,142,34,198,146,4,84,67,32,72,163,25,70,19,16,125,11,113,156,71,165,87,194,8,173,18,131,110,101,59,80,100,30,134,148,2,97,58,175,151,7,191,181,68,123,6,137,158,54,52,119,187,39,107,55,14,13,111,132,89,75,129,15,135,53,183,69,159,164,90,28,155,73,99,106,136,115,152,35,161,102,86,133,76,122,116,104,17,145,21,180,108,192,40,169,182,29,154,60,177,27,43,127,96,171,141,98,114,64,79,179,47,88,5,186,199,83,153,166,24,150,10,185,62,120,197,168,44,48,63];True
1636;7872;9508;[180,172,12,22,26,176,120,3,2,130,106,117,77,112,31,24,66,157,103,105,74,188,93,164,100,0,101,61,45,55,126,185,78,128,42,57,37,121,162,146,118,10,91,1,33,124,94,196,36,182,140,92,82,23,189,81,87,85,104,20,167,193,136,144,181,95,38,139,19,194,51,149,34,127,175,123,90,67,32,72,137,25,170,65,16,190,11,113,156,71,165,184,125,8,173,18,131,110,41,59,80,147,30,134,148,195,97,58,6,43,7,191,62,68,198,142,163,158,54,52,29,187,39,107,138,14,13,197,132,89,75,4,15,135,53,183,69,159,9,151,28,155,73,99,84,70,115,152,35,161,102,86,133,76,122,116,49,46,145,56,21,108,192,40,169,129,119,154,60,177,27,178,111,96,171,141,98,114,64,79,179,47,88,5,186,199,83,153,166,174,150,160,143,109,44,50,168,17,48,63];False
2402;7104;9506;[50,21,31,178,9,37,94,118,172,12,130,117,77,112,93,184,66,157,103,105,74,188,144,174,149,195,167,61,45,138,41,49,78,128,42,57,3,121,162,126,143,160,91,1,33,124,147,196,36,46,140,92,82,23,189,81,0,85,22,26,176,193,109,190,170,95,38,139,65,20,51,142,34,198,146,4,84,67,32,72,163,25,70,19,16,125,11,113,156,71,165,87,194,8,173,18,131,110,101,59,80,100,30,134,148,2,97,58,175,151,7,191,181,68,123,6,137,158,54,52,119,187,39,107,55,14,13,111,132,89,75,129,15,135,53,183,69,159,164,90,28,155,73,99,106,136,115,152,35,161,102,86,133,76,122,116,104,17,145,56,180,108,192,40,169,182,29,154,60,177,27,43,127,96,171,141,98,114,64,79,179,47,88,5,186,199,83,153,166,24,150,10,185,62,120,197,168,44,48,63];False
2401;7103;9504;[50,21,138,178,9,37,94,118,172,12,130,117,77,112,93,46,66,157,103,105,74,188,144,174,91,195,167,61,45,16,41,49,78,128,42,57,3,121,162,126,143,160,142,1,33,124,147,196,36,184,140,92,82,23,189,81,0,85,22,26,176,193,109,190,170,95,38,139,65,20,51,149,34,198,146,4,84,67,32,72,163,25,70,19,145,125,11,113,156,71,165,87,194,8,173,18,131,110,101,59,80,100,30,134,148,2,97,58,175,151,7,191,181,68,123,6,137,158,54,52,119,187,39,107,55,14,13,111,132,89,75,129,15,135,53,183,69,159,164,90,28,155,73,99,106,136,115,152,35,161,102,86,133,76,122,116,104,17,31,56,180,108,192,40,169,182,29,154,60,177,27,43,127,96,171,141,98,114,64,79,179,47,88,5,186,199,83,153,166,24,150,10,185,62,120,197,168,44,48,63];True
1633;7871;9504;[180,172,12,22,26,176,120,3,2,130,106,117,77,112,31,24,66,157,103,105,74,188,93,164,100,0,101,61,45,138,126,185,78,128,42,57,37,121,162,146,118,10,91,1,33,124,94,196,36,182,140,92,82,23,189,81,87,85,104,20,167,193,136,144,62,95,38,139,19,194,51,149,34,127,175,123,90,67,32,72,137,25,170,65,16,190,11,113,156,71,165,184,125,8,173,18,131,110,41,59,80,147,30,134,148,195,97,58,6,43,7,191,181,68,198,142,163,158,54,52,29,46,39,107,55,14,13,197,132,89,75,4,15,135,53,183,69,159,9,151,28,155,73,99,84,70,115,152,35,49,102,86,133,76,122,116,161,187,145,56,21,108,192,40,169,129,119,154,60,177,27,178,111,96,171,141,98,114,64,79,179,47,88,5,186,199,83,153,166,174,150,160,143,109,44,50,168,17,48,63];True
1635;7868;9503;[180,172,12,22,26,178,120,3,2,130,106,117,77,112,31,29,66,157,103,182,45,188,93,164,100,0,101,61,74,138,126,185,78,128,42,57,37,121,162,146,118,10,91,1,33,124,94,196,36,44,140,92,82,23,189,81,87,85,104,20,167,193,136,144,62,95,38,139,19,194,51,149,34,127,175,123,90,67,32,72,137,25,170,65,16,190,11,113,156,71,165,184,125,8,173,18,131,110,41,59,80,147,30,134,148,195,97,58,6,43,7,191,181,68,198,142,163,158,54,52,119,187,39,107,55,14,13,197,132,89,75,4,15,135,53,183,69,159,9,105,28,155,73,99,84,70,115,152,35,161,102,86,133,76,122,116,49,46,145,56,21,108,192,40,169,129,24,154,60,177,27,151,111,96,171,141,98,114,64,79,179,47,88,5,186,199,83,153,166,174,150,160,143,109,176,50,168,17,48,63];True
1637;7863;9500;[180,172,12,22,26,178,120,3,2,130,106,117,77,112,31,29,66,157,103,44,45,188,93,164,100,0,101,61,74,138,126,185,78,128,42,57,37,121,162,146,118,10,91,1,33,124,94,196,36,182,140,92,82,23,189,81,87,85,104,20,167,193,136,144,62,95,38,139,19,194,51,149,34,127,175,123,90,67,32,72,137,25,170,65,16,190,11,113,156,71,165,184,125,8,173,18,131,110,41,59,80,147,30,134,148,195,97,58,6,43,7,191,181,68,198,142,163,158,54,52,119,187,39,107,55,14,13,197,132,89,75,4,15,135,53,183,69,159,9,105,28,155,73,99,84,70,115,152,35,161,102,86,133,76,122,116,49,46,145,56,21,108,192,40,169,129,24,154,60,177,27,151,111,96,171,141,98,114,64,79,179,47,88,5,186,199,83,153,166,174,150,160,143,109,176,50,168,17,48,63];True
2412;7086;9498;[50,21,92,178,9,37,94,118,172,12,130,117,77,112,93,184,66,157,103,105,74,188,144,174,149,195,167,61,45,138,41,49,78,128,42,57,3,121,162,126,143,160,91,1,33,124,147,196,36,46,140,31,82,23,189,81,0,85,22,26,176,193,109,190,170,95,38,139,65,20,51,142,34,198,146,4,84,67,32,72,163,25,70,19,16,125,11,113,156,71,165,87,194,8,173,18,131,110,101,59,80,100,30,134,148,2,97,58,175,151,7,191,181,68,123,6,137,158,54,52,119,187,39,107,55,14,13,111,132,89,75,129,15,135,53,183,69,159,164,90,28,155,73,99,106,136,115,152,35,161,102,86,133,76,122,116,104,17,145,56,180,108,192,40,169,182,29,154,60,177,27,43,127,96,171,141,98,114,64,79,179,47,88,5,186,199,83,153,166,24,150,10,185,62,120,197,168,44,48,63];True
2390;7107;9497;[50,21,174,178,9,37,94,118,172,12,130,117,195,112,93,184,66,157,103,105,74,188,144,31,91,77,167,61,45,138,41,49,78,128,42,57,3,121,162,126,143,160,142,1,33,124,147,196,36,46,140,92,82,23,189,81,0,85,22,26,176,193,109,190,170,95,38,139,65,20,51,149,34,198,146,4,84,67,32,72,163,25,70,19,16,125,11,113,156,71,165,87,194,8,173,18,131,110,101,59,80,100,30,134,148,2,97,58,175,151,7,191,181,68,123,6,137,158,54,52,119,187,39,107,55,14,13,111,132,89,75,129,15,135,53,183,69,159,164,90,28,155,73,99,106,136,115,152,35,161,102,86,133,76,122,116,104,17,145,56,180,108,192,40,169,182,29,154,60,177,27,43,127,96,171,141,98,114,64,79,179,47,88,5,186,199,83,153,166,24,150,10,185,62,120,197,168,44,48,63];False
1656;7835;9491;[180,172,12,22,26,176,120,3,2,130,106,117,77,112,31,24,66,157,103,105,74,188,93,164,100,0,101,61,45,138,126,185,78,128,42,57,37,121,162,146,118,10,91,1,33,124,94,196,36,182,140,92,82,23,189,81,87,85,104,20,167,193,136,144,62,95,38,139,19,194,51,149,34,127,175,123,90,67,32,72,137,25,170,65,16,190,11,113,156,71,165,184,125,8,173,18,131,110,41,59,80,147,30,134,148,195,97,58,6,43,7,191,181,68,198,142,163,158,54,52,29,187,39,107,55,14,13,197,132,89,75,4,15,135,53,183,69,159,9,151,28,155,73,99,84,70,115,152,35,49,102,86,133,76,122,116,161,46,145,56,21,108,192,40,169,129,119,154,60,177,27,178,111,96,171,141,98,114,64,79,179,47,88,5,186,199,83,153,166,174,150,160,143,109,44,50,168,17,48,63];False
2386;7104;9490;[31,56,92,178,9,37,94,118,172,12,130,117,77,112,93,184,66,157,103,105,74,188,144,174,149,195,167,61,45,138,41,49,78,128,42,57,3,121,162,126,143,160,91,1,33,124,147,196,36,46,140,50,82,23,189,81,0,85,22,26,176,193,109,190,170,95,38,139,65,20,51,142,34,198,146,4,84,67,32,72,163,25,70,19,16,125,11,113,156,71,165,87,194,8,173,18,131,110,101,59,80,100,30,134,148,2,97,58,175,151,7,191,181,68,123,6,137,158,54,52,119,187,39,107,55,14,13,111,132,89,75,129,15,135,53,183,69,159,164,90,28,155,73,99,106,136,115,152,35,161,102,86,133,76,122,116,104,17,145,21,180,108,192,40,169,182,29,154,60,177,27,43,127,96,171,141,98,114,64,79,179,47,88,5,186,199,83,153,166,24,150,10,185,62,120,197,168,44,48,63];False
2371;7116;9487;[50,4,121,162,147,6,129,70,172,12,130,84,77,112,93,184,66,157,103,105,74,188,168,31,142,117,167,61,45,138,41,49,78,128,42,57,197,146,118,126,143,160,91,1,33,124,180,196,36,46,140,92,82,23,189,81,0,85,22,26,176,193,109,190,170,95,38,139,65,20,178,194,34,198,174,19,2,67,32,9,163,25,51,8,16,125,11,113,156,71,165,87,37,94,173,18,131,110,101,59,80,100,30,134,148,195,97,58,175,151,7,191,181,68,123,72,137,158,54,52,119,187,39,107,55,14,13,111,132,89,75,149,15,135,53,183,69,159,164,90,28,155,73,99,106,136,115,152,35,161,102,86,133,76,122,116,104,17,145,56,21,108,192,40,169,182,29,154,60,177,27,43,127,96,171,141,98,114,64,79,179,47,88,5,186,199,83,153,166,24,150,10,185,62,120,3,144,44,48,63];False
1656;7830;9486;[180,172,12,22,26,176,120,3,2,130,84,117,77,112,31,24,66,157,103,105,74,188,93,164,100,0,101,61,45,55,126,185,78,128,42,57,37,121,162,146,118,10,91,1,33,124,94,196,36,182,140,92,82,23,189,81,87,85,104,20,167,193,136,144,62,95,38,139,19,194,51,149,34,127,175,123,90,67,32,72,137,25,170,65,16,190,11,113,156,71,165,184,125,8,173,18,131,110,41,59,80,147,30,134,148,195,97,58,6,43,7,191,181,68,198,142,163,158,54,52,29,46,39,107,138,14,13,197,132,89,75,4,15,135,53,183,69,159,9,151,28,155,73,99,106,70,115,152,35,49,102,86,133,76,122,116,161,187,145,56,21,108,192,40,169,129,119,154,60,177,27,178,111,96,171,141,98,114,64,79,179,47,88,5,186,199,83,153,166,174,150,160,143,109,44,50,168,17,48,63];True
2379;7106;9485;[4,8,121,162,147,67,32,19,172,12,130,84,77,112,93,184,66,157,103,105,74,188,144,31,142,117,167,61,45,138,41,49,78,128,42,57,197,146,118,126,143,160,91,1,33,124,180,196,36,46,140,92,82,23,189,81,0,85,22,26,176,193,109,190,170,95,38,139,65,20,70,194,34,198,174,178,9,6,129,2,163,25,51,50,16,125,11,113,156,71,165,87,37,94,173,18,131,110,101,59,80,100,30,134,148,195,97,58,151,175,7,191,181,68,123,72,137,158,54,52,119,187,39,107,55,14,13,111,132,89,75,149,15,135,53,183,69,159,164,90,28,155,73,99,106,136,115,152,35,161,102,86,133,76,122,116,104,17,145,56,21,108,192,40,169,182,29,154,60,177,27,43,127,96,171,141,98,114,64,79,179,47,88,5,186,199,83,153,166,24,150,10,185,62,120,3,168,44,48,63];False
2380;7105;9485;[50,146,180,178,9,37,94,118,172,12,130,117,77,112,93,184,66,157,103,105,74,188,144,31,19,2,167,61,45,138,41,49,78,128,42,57,3,121,162,126,143,160,91,1,33,124,147,196,36,46,140,92,82,23,189,81,0,85,22,26,176,193,109,190,170,95,38,139,65,20,51,149,34,198,174,4,84,67,32,72,163,25,70,142,16,125,11,113,156,71,165,169,194,8,173,18,131,110,101,59,80,100,30,134,148,195,97,58,175,151,7,191,181,68,123,6,137,158,54,52,119,187,39,107,55,14,13,111,132,89,75,129,15,135,53,183,69,159,164,90,28,155,73,99,106,136,115,152,35,161,102,86,133,76,122,116,104,17,145,56,21,108,192,40,87,182,29,154,60,177,27,43,127,96,171,141,98,114,64,79,179,47,88,5,186,199,83,153,166,24,150,10,185,62,120,197,168,44,48,63];False
2379;7104;9483;[50,21,138,178,9,37,94,118,172,12,130,117,77,112,93,184,66,157,103,105,74,188,144,174,91,195,167,61,45,16,41,49,78,128,42,57,3,121,162,126,143,160,142,1,33,124,147,196,36,46,140,92,82,23,189,81,0,85,22,26,176,193,109,190,170,95,38,139,65,20,51,149,34,198,146,4,84,67,32,72,163,25,70,19,145,125,11,113,156,71,165,87,194,8,173,18,131,110,101,59,80,100,30,134,148,2,97,58,175,151,7,191,181,68,123,6,137,158,54,52,119,187,39,107,55,14,13,111,132,89,75,129,15,135,53,183,69,159,164,90,28,155,73,99,106,136,115,152,35,161,102,86,133,76,122,116,104,17,31,56,180,108,192,40,169,182,29,154,60,177,27,43,127,96,171,141,98,114,64,79,179,47,88,5,186,199,83,153,166,24,150,10,185,62,120,197,168,44,48,63];True
2372;7111;9483;[50,21,180,178,9,37,94,118,172,12,130,117,77,112,93,184,66,157,103,105,74,188,144,31,19,2,167,61,45,138,41,49,78,128,42,57,3,121,162,126,143,160,91,1,33,124,147,196,36,46,140,92,82,23,189,81,0,85,22,26,176,193,109,190,170,95,38,139,65,20,51,149,34,198,174,4,84,67,32,72,163,25,70,142,16,125,11,113,156,71,165,87,194,8,173,18,131,110,101,59,80,100,30,134,148,195,97,58,175,151,7,191,181,68,123,6,137,158,54,52,119,187,39,107,55,14,13,111,132,89,75,129,15,135,53,183,69,159,164,90,28,155,73,99,106,136,115,152,35,161,102,86,133,76,122,116,104,17,145,56,146,108,192,40,169,182,29,154,60,177,27,43,127,96,171,141,98,114,64,79,179,47,88,5,186,199,83,153,166,24,150,10,185,62,120,197,168,44,48,63];False
1638;7845;9483;[180,172,12,22,26,178,120,3,2,130,106,117,77,112,31,29,66,157,103,44,74,188,93,164,100,0,101,61,45,55,126,185,78,128,42,57,37,121,162,146,118,10,91,1,33,124,94,196,36,182,140,92,82,23,189,81,87,85,104,20,167,193,136,144,62,95,38,139,19,194,51,149,34,127,175,123,90,67,32,72,137,25,170,65,16,190,11,113,156,71,165,184,125,8,173,18,131,110,41,59,80,147,30,134,148,195,97,58,6,43,7,191,181,68,198,142,163,158,54,52,119,187,39,107,138,14,13,197,132,89,75,4,15,135,53,183,69,159,9,105,28,155,73,99,84,70,115,152,35,161,102,86,133,76,122,116,49,46,145,56,21,108,192,40,169,129,24,154,60,177,27,151,111,96,171,141,98,114,64,79,179,47,88,5,186,199,83,153,166,174,150,160,143,109,176,50,168,17,48,63];True
1659;7821;9480;[180,172,12,22,26,176,120,3,2,130,84,117,77,112,31,24,66,157,103,105,74,188,93,164,100,0,101,61,45,138,126,185,78,128,42,57,37,121,162,146,118,10,91,1,33,124,94,196,36,182,140,92,82,23,189,81,87,85,104,20,167,193,136,144,62,95,38,139,19,194,51,149,34,127,175,123,90,67,32,72,137,25,170,65,16,190,11,113,156,71,165,184,125,8,173,18,131,110,41,59,80,147,30,134,148,195,97,58,6,43,7,191,181,68,198,142,163,158,54,52,29,46,39,107,55,14,13,197,132,89,75,4,15,135,53,183,69,159,9,151,28,155,73,99,106,70,115,152,35,49,102,86,133,76,122,116,161,187,145,56,21,108,192,40,169,129,119,154,60,177,27,178,111,96,171,141,98,114,64,79,179,47,88,5,186,199,83,153,166,174,150,160,143,109,44,50,168,17,48,63];True
1661;7818;9479;[180,172,12,22,26,178,120,3,2,130,84,117,77,112,31,29,66,157,103,182,45,188,93,164,100,0,101,61,74,138,126,185,78,128,42,57,37,121,162,146,118,10,91,1,33,124,94,196,36,44,140,92,82,23,189,81,87,85,104,20,167,193,136,144,62,95,38,139,19,194,51,149,34,127,175,123,90,67,32,72,137,25,170,65,16,190,11,113,156,71,165,184,125,8,173,18,131,110,41,59,80,147,30,134,148,195,97,58,6,43,7,191,181,68,198,142,163,158,54,52,119,187,39,107,55,14,13,197,132,89,75,4,15,135,53,183,69,159,9,105,28,155,73,99,106,70,115,152,35,161,102,86,133,76,122,116,49,46,145,56,21,108,192,40,169,129,24,154,60,177,27,151,111,96,171,141,98,114,64,79,179,47,88,5,186,199,83,153,166,174,150,160,143,109,176,50,168,17,48,63];True
1641;7836;9477;[180,172,12,22,26,178,120,3,2,130,106,117,77,112,31,29,66,157,103,44,74,188,93,164,100,0,101,61,45,138,126,185,78,128,42,57,37,121,162,146,118,10,91,1,33,124,94,196,36,182,140,92,82,23,189,81,87,85,104,20,167,193,136,144,62,95,38,139,19,194,51,149,34,127,175,123,90,67,32,72,137,25,170,65,16,190,11,113,156,71,165,184,125,8,173,18,131,110,41,59,80,147,30,134,148,195,97,58,6,43,7,191,181,68,198,142,163,158,54,52,119,187,39,107,55,14,13,197,132,89,75,4,15,135,53,183,69,159,9,105,28,155,73,99,84,70,115,152,35,161,102,86,133,76,122,116,49,46,145,56,21,108,192,40,169,129,24,154,60,177,27,151,111,96,171,141,98,114,64,79,179,47,88,5,186,199,83,153,166,174,150,160,143,109,176,50,168,17,48,63];True
2360;7117;9477;[50,4,121,162,147,6,129,70,172,12,130,84,77,112,93,46,66,157,103,105,74,188,144,31,142,117,167,61,45,138,41,49,78,128,42,57,197,146,118,126,143,160,91,1,33,124,180,196,36,184,140,92,82,23,189,81,0,85,22,26,176,193,109,190,170,95,38,139,65,20,178,145,34,198,174,19,2,67,32,9,163,25,51,8,16,125,11,113,156,71,165,87,37,94,173,18,131,110,101,59,80,100,30,134,148,195,97,58,175,151,7,191,181,68,123,72,137,158,54,52,119,187,39,107,55,14,13,111,132,89,75,149,15,135,53,183,69,159,164,90,28,155,73,99,106,136,115,152,35,161,102,86,133,76,122,116,104,17,194,56,21,108,192,40,169,182,29,154,60,177,27,43,127,96,171,141,98,114,64,79,179,47,88,5,186,199,83,153,166,24,150,10,185,62,120,3,168,44,48,63];False
1663;7813;9476;[180,172,12,22,26,178,120,3,2,130,84,117,77,112,31,29,66,157,103,44,45,188,93,164,100,0,101,61,74,138,126,185,78,128,42,57,37,121,162,146,118,10,91,1,33,124,94,196,36,182,140,92,82,23,189,81,87,85,104,20,167,193,136,144,62,95,38,139,19,194,51,149,34,127,175,123,90,67,32,72,137,25,170,65,16,190,11,113,156,71,165,184,125,8,173,18,131,110,41,59,80,147,30,134,148,195,97,58,6,43,7,191,181,68,198,142,163,158,54,52,119,187,39,107,55,14,13,197,132,89,75,4,15,135,53,183,69,159,9,105,28,155,73,99,106,70,115,152,35,161,102,86,133,76,122,116,49,46,145,56,21,108,192,40,169,129,24,154,60,177,27,151,111,96,171,141,98,114,64,79,179,47,88,5,186,199,83,153,166,174,150,160,143,109,176,50,168,17,48,63];True
2362;7111;9473;[92,4,121,162,147,67,32,138,172,12,130,84,77,112,93,184,66,157,103,105,74,188,144,31,142,117,167,61,45,19,41,49,78,128,42,57,197,146,118,126,143,160,91,1,33,124,180,196,36,46,140,50,82,23,189,81,0,85,22,26,176,193,109,190,170,95,38,139,65,20,70,194,34,198,174,178,9,6,129,2,163,25,51,8,16,125,11,113,156,71,165,87,37,94,173,18,131,110,101,59,80,100,30,134,148,195,97,58,175,151,7,191,181,68,123,72,137,158,54,52,119,187,39,107,55,14,13,111,132,89,75,149,15,135,53,183,69,159,164,90,28,155,73,99,106,136,115,152,35,161,102,86,133,76,122,116,104,17,145,56,21,108,192,40,169,182,29,154,60,177,27,43,127,96,171,141,98,114,64,79,179,47,88,5,186,199,83,153,166,24,150,10,185,62,120,3,168,44,48,63];True
1679;7794;9473;[180,172,12,22,26,176,120,3,2,130,84,117,77,112,31,24,66,157,103,105,74,188,93,164,100,0,101,61,45,55,126,185,78,128,42,57,37,121,162,146,118,10,91,1,33,124,94,196,36,182,140,92,82,23,189,81,87,85,104,20,167,193,136,144,62,95,38,139,19,194,51,149,34,127,175,123,90,67,32,72,137,25,170,65,16,190,11,113,156,71,165,184,125,8,173,18,131,110,41,59,80,147,30,134,148,195,97,58,6,43,7,191,181,68,198,142,163,158,54,52,29,187,39,107,138,14,13,197,132,89,75,4,15,135,53,183,69,159,9,151,28,155,73,99,106,70,115,152,35,49,102,86,133,76,122,116,161,46,145,56,21,108,192,40,169,129,119,154,60,177,27,178,111,96,171,141,98,114,64,79,179,47,88,5,186,199,83,153,166,174,150,160,143,109,44,50,168,17,48,63];False
1708;7763;9471;[180,172,12,22,26,176,120,3,2,130,106,117,77,112,31,29,66,157,103,105,74,188,93,164,100,0,101,61,45,55,126,185,78,128,42,57,37,121,162,146,118,10,91,1,33,124,94,196,36,182,140,92,82,23,189,81,87,85,104,20,167,193,136,144,62,95,38,139,19,194,51,149,34,127,175,123,90,67,32,72,137,25,170,65,16,190,195,113,156,71,165,184,125,8,173,18,131,110,41,59,80,147,30,134,148,11,97,58,6,43,7,191,181,68,198,142,163,158,54,52,119,187,39,107,138,178,13,197,132,89,75,4,15,135,53,183,69,159,9,14,28,155,73,99,84,70,115,152,35,161,102,86,133,76,122,116,49,46,145,56,21,108,192,40,169,129,24,154,60,177,27,151,111,96,171,141,98,114,64,79,179,47,88,5,186,199,83,153,166,174,150,160,143,109,44,50,168,17,48,63];False
1682;7785;9467;[180,172,12,22,26,176,120,3,2,130,84,117,77,112,31,24,66,157,103,105,74,188,93,164,100,0,101,61,45,138,126,185,78,128,42,57,37,121,162,146,118,10,91,1,33,124,94,196,36,182,140,92,82,23,189,81,87,85,104,20,167,193,136,144,62,95,38,139,19,194,51,149,34,127,175,123,90,67,32,72,137,25,170,65,16,190,11,113,156,71,165,184,125,8,173,18,131,110,41,59,80,147,30,134,148,195,97,58,6,43,7,191,181,68,198,142,163,158,54,52,29,187,39,107,55,14,13,197,132,89,75,4,15,135,53,183,69,159,9,151,28,155,73,99,106,70,115,152,35,49,102,86,133,76,122,116,161,46,145,56,21,108,192,40,169,129,119,154,60,177,27,178,111,96,171,141,98,114,64,79,179,47,88,5,186,199,83,153,166,174,150,160,143,109,44,50,168,17,48,63];True
1707;7755;9462;[180,172,12,22,26,176,120,3,2,130,84,117,77,112,31,29,66,157,103,105,74,188,93,164,100,0,101,61,45,55,126,185,78,128,42,57,37,121,162,146,118,10,91,1,33,124,94,196,36,182,140,92,82,23,189,81,87,85,104,20,167,193,136,144,62,95,38,139,19,194,51,149,34,127,175,123,90,67,32,72,137,25,170,65,16,190,186,113,156,71,165,184,125,8,173,18,131,110,41,59,80,147,30,134,148,195,97,58,6,43,7,191,181,68,198,142,163,158,54,52,119,187,39,107,138,14,13,197,132,89,75,4,15,135,53,183,69,159,9,151,28,155,73,99,106,70,115,152,35,161,102,86,133,76,122,116,49,46,145,56,21,108,192,40,169,129,24,154,60,177,27,178,111,96,171,141,98,114,64,79,179,47,88,5,11,199,83,153,166,174,150,160,143,109,44,50,168,17,48,63];False
2343;7114;9457;[50,146,180,178,9,37,94,118,172,12,130,117,77,112,93,184,66,157,103,105,74,188,144,31,19,2,167,61,45,138,41,49,78,128,42,57,3,121,162,126,143,160,91,1,33,124,147,196,36,46,140,92,82,23,189,81,0,85,22,26,176,193,109,190,170,95,38,139,65,20,51,149,34,198,174,4,84,67,32,72,163,25,70,142,16,125,11,113,156,71,165,87,194,8,173,18,131,110,101,59,80,100,30,134,148,195,97,58,175,151,7,191,181,68,123,6,137,158,54,52,119,187,39,107,55,14,13,111,132,89,75,129,15,135,53,183,69,159,164,90,28,155,73,99,106,136,115,152,35,161,102,86,133,76,122,116,104,17,145,56,21,108,192,40,169,182,29,154,60,177,27,43,127,96,171,141,98,114,64,79,179,47,88,5,186,199,83,153,166,24,150,10,185,62,120,197,168,44,48,63];False
1667;7786;9453;[180,172,12,22,26,178,120,3,2,130,84,117,77,112,31,29,66,157,103,44,74,188,93,164,100,0,101,61,45,138,126,185,78,128,42,57,37,121,162,146,118,10,91,1,33,124,94,196,36,182,140,92,82,23,189,81,87,85,104,20,167,193,136,144,62,95,38,139,19,194,51,149,34,127,175,123,90,67,32,72,137,25,170,65,16,190,11,113,156,71,165,184,125,8,173,18,131,110,41,59,80,147,30,134,148,195,97,58,6,43,7,191,181,68,198,142,163,158,54,52,119,187,39,107,55,14,13,197,132,89,75,4,15,135,53,183,69,159,9,105,28,155,73,99,106,70,115,152,35,161,102,86,133,76,122,116,49,46,145,56,21,108,192,40,169,129,24,154,60,177,27,151,111,96,171,141,98,114,64,79,179,47,88,5,186,199,83,153,166,174,150,160,143,109,176,50,168,17,48,63];True
2337;7115;9452;[50,146,180,178,9,37,94,118,172,12,130,117,77,112,93,184,66,157,103,105,74,188,144,70,19,2,167,61,45,138,41,49,78,128,42,57,3,121,162,126,143,160,91,1,33,124,147,196,36,46,140,92,82,23,189,81,0,85,22,26,176,193,109,190,170,95,38,139,65,20,51,149,34,198,174,4,84,67,32,72,163,25,31,142,16,125,11,113,156,71,165,169,194,8,173,18,131,110,101,59,80,100,30,134,148,195,97,58,175,151,7,191,181,68,123,6,137,158,54,52,119,187,39,107,55,14,13,111,132,89,75,129,15,135,53,183,69,159,164,90,28,155,73,99,106,136,115,152,35,161,102,86,133,76,122,116,104,17,145,56,21,108,192,40,87,182,29,154,60,177,27,43,127,96,171,141,98,114,64,79,179,47,88,5,186,199,83,153,166,24,150,10,185,62,120,197,168,44,48,63];False
1709;7739;9448;[180,172,12,22,26,176,120,3,2,130,84,117,77,112,31,29,66,157,103,105,74,188,93,164,100,0,101,61,45,55,126,185,78,128,42,57,37,121,162,146,118,10,91,1,33,124,94,196,36,182,140,92,82,23,189,81,87,85,104,20,167,193,136,144,62,95,38,139,19,194,51,149,34,127,175,123,90,67,32,72,137,25,170,65,16,190,11,113,156,71,165,184,125,8,173,18,131,110,41,59,80,147,30,134,148,195,97,58,6,43,7,191,181,68,198,142,163,158,54,52,119,187,39,107,138,14,13,197,132,89,75,4,15,135,53,183,69,159,9,151,28,155,73,99,106,70,115,152,35,161,102,86,133,76,122,116,49,46,145,56,21,108,192,40,169,129,24,154,60,177,27,178,111,96,171,141,98,114,64,79,179,47,88,5,186,199,83,153,166,174,150,160,143,109,44,50,168,17,48,63];True
1703;7745;9448;[9,180,123,22,26,178,120,3,2,130,84,117,77,112,31,29,66,157,103,105,74,188,144,118,147,0,101,61,45,138,167,172,78,128,42,57,37,121,162,126,143,160,91,1,33,124,94,196,36,182,140,92,82,23,189,81,87,85,104,20,146,193,109,93,170,95,38,139,19,194,51,149,34,127,175,12,49,67,32,72,137,25,70,65,16,190,11,113,156,71,165,184,125,8,173,18,131,110,41,59,80,100,30,134,148,195,97,58,6,43,7,191,181,68,198,142,163,158,54,52,119,187,39,107,55,14,13,197,132,89,75,4,15,135,53,183,69,159,164,90,28,155,73,99,106,136,115,152,35,176,50,86,133,76,122,116,161,46,145,56,21,108,192,40,169,129,24,154,60,177,27,151,111,96,171,141,98,114,64,79,179,47,88,5,186,199,83,153,166,174,150,10,185,62,44,102,168,17,48,63];True
1745;7702;9447;[180,172,12,22,26,176,120,3,2,130,84,117,77,112,31,29,66,157,103,105,74,188,93,164,147,0,101,61,45,55,126,185,78,128,42,57,37,121,162,146,118,10,91,1,33,124,94,196,36,182,140,92,82,23,189,81,87,85,104,20,167,193,136,144,62,95,38,139,19,194,51,149,34,127,175,123,90,67,32,72,137,25,170,65,16,190,11,113,156,71,165,184,125,8,173,18,131,110,41,59,80,100,30,134,148,195,97,58,6,43,7,191,181,68,198,142,163,158,54,52,119,187,39,107,138,14,13,197,132,89,75,4,15,135,53,183,69,159,9,151,28,155,73,99,106,70,115,152,35,161,102,86,133,76,122,116,49,46,145,56,21,108,192,40,169,129,24,154,60,177,27,178,111,96,171,141,98,114,64,79,179,47,88,5,186,199,83,153,166,174,150,160,143,109,44,50,168,17,48,63];False
1756;7691;9447;[180,172,12,22,26,176,120,3,2,130,84,117,77,112,31,29,66,157,103,105,74,188,93,164,147,0,101,61,45,55,126,185,78,128,42,57,37,121,162,146,118,10,91,1,33,124,94,196,36,182,140,92,82,23,189,81,87,85,104,20,167,193,136,144,62,95,38,139,19,194,51,149,34,127,175,123,90,67,32,72,137,25,170,65,16,190,11,113,156,71,165,184,125,8,173,18,131,110,41,59,80,100,30,134,148,195,97,58,6,43,7,191,181,68,198,142,163,158,54,52,119,187,39,107,138,178,13,197,132,89,75,4,15,135,53,183,69,159,9,14,28,155,73,99,106,70,115,152,35,161,102,86,133,76,122,116,49,46,145,56,21,108,192,40,169,129,24,154,60,179,27,151,111,96,171,141,98,114,64,79,177,47,88,5,186,199,83,153,166,174,150,160,143,109,44,50,168,17,48,63];False
2322;7121;9443;[50,21,174,178,9,37,94,118,172,12,130,117,77,112,93,184,66,157,103,105,74,188,144,31,19,2,167,61,45,138,41,49,78,128,42,57,3,121,162,126,143,160,91,1,33,124,147,196,36,46,140,92,82,23,189,81,0,85,22,26,176,193,109,190,170,95,38,139,65,20,51,149,34,198,146,4,84,67,32,72,163,25,70,142,16,125,11,113,156,71,165,87,194,8,173,18,131,110,101,59,80,100,30,134,148,195,97,58,175,151,7,191,181,68,123,6,137,158,54,52,119,187,39,107,55,14,13,111,132,89,75,129,15,135,53,183,69,159,164,90,28,155,73,99,106,136,115,152,35,161,102,86,133,76,122,116,104,17,145,56,180,108,192,40,169,182,29,154,60,177,27,43,127,96,171,141,98,114,64,79,179,47,88,5,186,199,83,153,166,24,150,10,185,62,120,197,168,44,48,63];False
2322;7120;9442;[50,21,174,178,9,37,94,118,172,12,130,117,77,112,93,184,66,157,103,105,74,188,144,31,149,195,167,61,45,138,41,49,78,128,42,57,3,121,162,126,143,160,91,1,33,124,147,196,36,46,140,92,82,23,189,81,0,85,22,26,176,193,109,190,170,95,38,139,65,20,51,142,34,198,146,4,84,67,32,72,163,25,70,19,16,125,11,113,156,71,165,87,194,8,173,18,131,110,101,59,80,100,30,134,148,2,97,58,175,151,7,191,181,68,123,6,137,158,54,52,119,187,39,107,55,14,13,111,132,89,75,129,15,135,53,183,69,159,164,90,28,155,73,99,106,136,115,152,35,161,102,86,133,76,122,116,104,17,145,56,180,108,192,40,169,182,29,154,60,177,27,43,127,96,171,141,98,114,64,79,179,47,88,5,186,199,83,153,166,24,150,10,185,62,120,197,168,44,48,63];False
1759;7679;9438;[180,172,12,22,26,176,120,3,2,130,84,117,77,112,31,29,66,157,103,105,74,188,93,164,147,0,101,61,45,55,126,185,78,128,42,57,37,121,162,146,118,10,91,1,33,124,94,196,36,182,140,92,82,23,189,81,87,85,104,20,167,193,136,144,62,95,38,139,19,194,51,149,34,127,175,123,90,67,32,72,137,25,170,65,16,190,11,113,156,71,165,184,125,8,173,18,131,110,41,59,80,100,30,134,148,195,97,58,6,43,7,191,181,68,198,142,163,158,54,52,119,187,39,107,138,178,13,197,132,89,75,4,15,135,53,183,69,159,9,14,28,155,73,99,106,70,115,152,35,161,102,86,133,76,122,116,49,46,145,56,21,108,192,40,169,129,24,154,60,177,27,151,111,96,171,141,98,114,64,79,179,47,88,5,186,199,83,153,166,174,150,160,143,109,44,50,168,17,48,63];False
2323;7113;9436;[146,4,121,162,147,67,32,138,172,12,130,84,77,112,93,184,66,157,103,105,74,188,144,31,142,117,167,61,45,19,41,49,78,128,42,57,197,92,118,126,143,160,91,1,33,124,180,196,36,46,140,50,82,23,189,81,0,85,22,26,176,193,109,190,170,95,38,139,65,20,70,194,34,198,174,178,9,6,129,2,163,25,51,8,16,125,11,113,156,71,165,87,37,94,173,18,131,110,101,59,80,100,30,134,148,195,97,58,175,151,7,191,181,68,123,72,137,158,54,52,119,187,39,107,55,14,13,111,132,89,75,149,15,135,53,183,69,159,164,90,28,155,73,99,106,136,115,152,35,161,102,86,133,76,122,116,104,17,145,56,21,108,192,40,169,182,29,154,60,177,27,43,127,96,171,141,98,114,64,79,179,47,88,5,186,199,83,153,166,24,150,10,185,62,120,3,168,44,48,63];True
1729;7705;9434;[9,180,12,22,26,178,120,3,2,130,84,117,77,112,31,29,66,157,103,105,74,188,144,118,147,0,101,61,45,138,167,172,78,128,42,57,37,121,162,126,143,160,91,1,33,124,94,196,36,182,140,92,82,23,189,81,87,85,104,20,146,193,109,93,170,95,38,139,19,194,51,149,34,127,175,123,176,67,32,72,137,25,70,65,16,190,11,113,156,71,165,184,125,8,173,18,131,110,41,59,80,100,30,134,148,195,97,58,6,43,7,191,181,68,198,142,163,158,54,52,119,187,39,107,55,14,13,197,132,89,75,4,15,135,53,183,69,159,164,90,28,155,73,99,106,136,115,152,35,161,102,86,133,76,122,116,49,46,145,56,21,108,192,40,169,129,24,154,60,177,27,151,111,96,171,141,98,114,64,79,179,47,88,5,186,199,83,153,166,174,150,10,185,62,44,50,168,17,48,63];True
1741;7692;9433;[9,180,123,22,26,178,120,3,2,130,84,117,77,112,31,29,66,157,103,105,74,188,144,118,147,0,101,61,45,138,167,172,78,128,42,57,37,121,162,126,143,160,91,1,33,124,94,196,36,182,140,92,82,23,189,81,87,85,104,20,146,193,109,93,170,95,38,139,19,194,51,149,34,127,175,12,49,67,32,72,137,25,70,65,16,190,11,113,156,71,165,184,125,8,173,18,131,110,41,59,80,100,30,134,148,195,97,58,6,43,7,191,181,68,198,142,163,158,54,52,119,187,39,107,55,14,13,197,132,89,75,4,15,135,53,183,69,159,164,90,28,155,73,99,106,136,115,152,35,176,102,86,133,76,122,116,161,46,145,56,21,108,192,40,169,129,24,154,60,177,27,151,111,96,171,141,98,114,64,79,179,47,88,5,186,199,83,153,166,174,150,10,185,62,44,50,168,17,48,63];True
1762;7671;9433;[194,180,12,22,26,178,120,3,2,130,84,117,77,112,31,29,66,157,103,105,74,188,144,118,147,0,101,61,45,138,167,172,78,128,42,57,37,121,162,126,143,160,91,1,33,124,94,196,36,182,140,92,82,23,189,81,87,85,104,20,146,193,109,93,170,95,38,139,19,9,51,149,34,127,175,123,176,67,32,72,137,25,70,65,16,190,11,113,156,71,165,184,125,8,173,18,131,110,41,59,80,100,30,134,148,195,97,58,6,43,7,191,181,68,198,142,163,158,54,52,119,187,39,107,55,14,13,197,132,89,75,4,15,135,53,183,69,159,164,90,28,155,73,99,106,136,115,152,35,161,102,86,133,76,122,116,49,46,145,56,21,108,192,40,169,129,24,154,60,177,27,151,111,96,171,141,98,114,64,79,179,47,88,5,186,199,83,153,166,174,150,10,185,62,44,50,168,17,48,63];False
1788;7644;9432;[194,172,12,22,26,178,120,3,2,130,84,117,77,112,31,29,66,157,103,105,74,188,144,118,147,0,101,61,45,138,126,180,78,128,42,57,37,121,162,146,143,160,91,1,33,124,94,196,36,182,140,92,82,23,189,81,87,85,104,20,167,193,109,93,170,95,38,139,65,9,51,149,34,127,175,123,176,67,32,72,137,25,70,19,16,190,11,113,156,71,165,184,125,8,173,18,131,110,41,59,80,100,30,134,148,195,97,58,6,43,7,191,181,68,198,142,163,158,54,52,119,187,39,107,55,14,13,197,132,89,75,4,15,135,53,183,69,159,164,90,28,155,73,99,106,136,115,152,35,161,102,86,133,76,122,116,49,46,145,56,21,108,192,40,169,129,24,154,60,177,27,151,111,96,171,141,98,114,64,79,179,47,88,5,186,199,83,153,166,174,150,10,185,62,44,50,168,17,48,63];False
1719;7713;9432;[9,180,12,22,26,178,120,3,2,130,84,117,77,112,31,29,66,157,103,105,74,188,144,118,147,0,101,61,45,138,167,172,78,128,42,57,37,121,162,126,143,160,91,1,33,124,94,196,36,182,140,92,82,23,189,81,87,85,104,20,146,193,109,93,170,95,38,139,19,194,51,149,34,127,175,123,49,67,32,72,137,25,70,65,16,190,11,113,156,71,165,184,125,8,173,18,131,110,41,59,80,100,30,134,148,195,97,58,6,43,7,191,181,68,198,142,163,158,54,52,119,187,39,107,55,14,13,197,132,89,75,4,15,135,53,183,69,159,164,90,28,155,73,99,106,136,115,152,35,176,102,86,133,76,122,116,161,46,145,56,21,108,192,40,169,129,24,154,60,177,27,151,111,96,171,141,98,114,64,79,179,47,88,5,186,199,83,153,166,174,150,10,185,62,44,50,168,17,48,63];True
1736;7696;9432;[9,180,41,22,26,178,120,3,2,130,84,117,77,112,31,29,66,157,103,105,74,188,144,118,147,0,101,61,45,138,167,172,78,128,42,57,37,121,162,126,143,160,91,1,33,124,94,196,52,182,140,92,82,23,189,81,87,85,104,20,146,193,109,93,170,95,38,139,19,194,51,149,34,127,175,123,176,67,32,72,137,25,70,65,16,190,11,113,156,71,165,184,125,8,173,18,131,110,12,59,80,100,30,134,148,195,97,58,6,43,7,191,181,68,198,142,163,158,54,36,119,187,39,107,55,14,13,197,132,89,75,4,15,135,53,183,69,159,164,90,28,155,73,99,106,136,115,152,35,161,102,86,133,76,122,116,49,46,145,56,21,108,192,40,169,129,24,154,60,177,27,151,111,96,171,141,98,114,64,79,179,47,88,5,186,199,83,153,166,174,150,10,185,62,44,50,168,17,48,63];True
1747;7682;9429;[9,180,12,22,26,178,120,3,2,130,84,117,77,112,31,29,66,157,103,105,74,188,144,118,147,0,101,61,45,138,167,172,78,128,42,57,37,121,162,126,143,160,91,1,33,124,94,196,36,182,140,92,82,23,189,81,87,85,104,20,146,193,109,93,170,95,38,139,19,194,51,149,34,127,175,123,49,67,32,72,137,25,70,65,16,190,11,113,156,71,165,184,125,8,173,18,131,110,41,59,80,100,30,134,148,195,97,58,6,43,7,191,181,68,198,142,163,158,54,52,119,187,39,107,55,14,13,197,132,89,75,4,15,135,53,183,69,159,164,90,28,155,73,99,106,136,115,152,35,161,102,86,133,76,122,116,176,46,145,56,21,108,192,40,169,129,24,154,60,177,27,151,111,96,171,141,98,114,64,79,179,47,88,5,186,199,83,153,166,174,150,10,185,62,44,50,168,17,48,63];True
1752;7677;9429;[104,172,12,22,81,93,147,3,2,130,84,117,77,112,193,24,66,157,103,105,74,188,144,118,10,91,35,61,45,138,41,182,78,128,42,57,37,121,162,126,143,160,110,1,33,124,94,196,36,46,140,92,82,23,189,49,87,106,136,26,146,190,9,178,170,95,38,139,19,20,51,149,34,194,180,123,176,67,32,72,163,25,70,65,16,125,11,113,156,71,165,184,31,8,173,18,131,0,101,59,80,100,30,134,148,195,97,137,175,151,7,191,181,68,198,142,58,158,54,52,29,187,39,107,85,14,13,111,132,89,75,4,15,108,53,183,69,159,164,90,28,155,73,99,109,50,115,152,167,161,102,86,133,76,122,116,17,55,145,56,21,135,192,40,169,129,119,154,60,177,27,43,127,96,171,141,98,114,64,79,179,47,88,5,186,199,83,153,166,174,150,6,185,62,120,197,168,44,48,63];True
1743;7685;9428;[104,172,12,22,81,93,147,3,2,130,84,117,77,112,193,24,66,157,103,105,74,188,144,118,10,91,35,61,45,138,41,88,78,128,42,57,37,121,162,126,143,160,110,1,33,124,94,196,36,46,140,92,82,23,189,49,87,106,136,26,146,190,9,178,170,95,38,139,19,20,51,149,34,194,180,123,176,67,32,72,163,25,70,65,16,125,11,113,156,71,165,184,31,8,173,18,131,0,101,59,80,100,30,134,148,195,97,137,175,151,7,191,181,68,198,142,58,158,54,52,29,187,39,107,85,14,13,111,132,89,75,4,15,108,53,183,69,159,164,90,28,155,73,99,109,50,115,152,167,161,102,86,133,76,122,116,17,55,145,56,21,135,192,40,169,129,119,154,60,177,27,43,127,96,171,141,98,114,64,79,179,47,182,5,186,199,83,153,166,174,150,6,185,62,120,197,168,44,48,63];True
1794;7633;9427;[50,172,12,22,26,178,120,3,2,130,84,117,77,112,31,29,66,157,103,105,74,188,144,118,147,0,101,61,45,125,167,180,78,128,42,57,37,121,162,126,143,160,91,1,33,124,94,196,52,182,140,92,82,23,189,81,87,85,104,20,146,193,109,93,170,95,38,139,19,194,51,149,9,127,175,123,176,67,32,72,137,25,70,65,16,190,11,113,156,71,165,184,138,8,173,18,131,110,41,59,80,100,30,134,148,195,97,58,6,43,7,191,181,68,198,142,163,158,54,36,119,187,39,107,55,14,13,197,132,89,75,4,15,135,53,183,69,159,164,90,28,155,73,99,106,136,115,152,35,161,102,86,133,76,122,116,49,46,145,56,34,108,192,40,169,129,24,154,60,177,27,151,111,96,171,141,98,114,64,79,179,47,88,5,186,199,83,153,166,174,150,10,185,62,44,21,168,17,48,63];False
1761;7664;9425;[194,172,12,22,26,178,120,3,2,130,84,117,77,112,31,29,66,157,103,105,74,188,144,118,147,0,101,61,45,138,167,180,78,128,42,57,37,121,162,126,143,160,91,1,33,124,94,196,36,182,140,92,82,23,189,81,87,85,104,20,146,193,109,93,170,95,38,139,65,9,51,149,34,127,175,123,176,67,32,72,137,25,70,19,16,190,11,113,156,71,165,184,125,8,173,18,131,110,41,59,80,100,30,134,148,195,97,58,6,43,7,191,181,68,198,142,163,158,54,52,119,187,39,107,55,14,13,197,132,89,75,4,15,135,53,183,69,159,164,90,28,155,73,99,106,136,115,152,35,161,102,86,133,76,122,116,49,46,145,56,21,108,192,40,169,129,24,154,60,177,27,151,111,96,171,141,98,114,64,79,179,47,88,5,186,199,83,153,166,174,150,10,185,62,44,50,168,17,48,63];False
1765;7658;9423;[194,172,12,22,26,178,120,3,2,130,84,117,77,112,31,29,66,157,103,105,74,188,144,118,147,0,101,61,45,138,167,180,78,128,42,57,37,121,162,126,143,160,91,1,33,124,94,196,36,182,140,92,82,23,189,81,87,85,104,20,146,193,109,93,170,95,38,139,19,9,51,149,34,127,175,123,176,67,32,72,137,25,70,65,16,190,11,113,156,71,165,184,125,8,173,18,131,110,41,59,80,100,30,134,148,195,97,58,6,43,7,191,181,68,198,142,163,158,54,52,119,187,39,107,55,14,13,197,132,89,75,4,15,135,53,183,69,159,164,90,28,155,73,99,106,136,115,152,35,161,102,86,133,76,122,116,49,46,145,56,21,108,192,40,169,129,24,154,60,177,27,151,111,96,171,141,98,114,64,79,179,47,88,5,186,199,83,153,166,174,150,10,185,62,44,50,168,17,48,63];False
1790;7633;9423;[104,172,12,22,81,93,147,3,2,130,132,117,77,112,193,24,66,157,103,105,74,164,144,118,10,0,167,61,45,138,41,88,78,128,42,57,37,121,162,126,143,160,91,1,33,124,94,196,36,46,140,92,82,23,189,49,87,106,136,26,146,159,9,178,170,95,38,139,19,20,51,149,34,194,180,123,176,67,32,72,163,25,70,65,16,125,11,113,156,71,165,184,31,8,173,18,131,110,101,59,80,100,30,134,148,195,97,137,175,151,7,191,181,68,198,142,58,158,54,52,29,187,39,107,85,14,13,111,84,89,75,4,15,135,53,183,69,190,188,90,28,155,73,99,109,50,115,152,35,161,102,86,133,76,122,116,17,55,145,56,21,108,192,40,169,129,119,154,60,177,27,43,127,96,171,141,98,114,64,79,179,47,182,5,186,199,83,153,166,174,150,6,185,62,120,197,168,44,48,63];False
1781;7639;9420;[37,172,12,22,81,93,147,3,2,130,132,117,77,112,193,24,66,157,103,105,74,188,144,118,10,0,101,61,45,138,41,88,104,128,42,57,87,121,162,126,143,160,91,1,33,124,94,196,36,46,140,92,82,23,189,49,178,106,136,26,146,190,43,78,170,95,38,139,19,20,51,149,34,194,180,123,176,67,32,72,163,25,70,65,16,125,11,113,156,71,165,184,31,8,173,18,131,110,167,59,80,100,30,134,148,195,97,137,175,151,7,191,181,68,198,142,58,158,54,52,29,187,39,107,85,14,13,111,84,89,75,4,15,135,53,183,69,159,164,90,28,155,73,99,109,50,115,152,35,161,102,86,133,76,122,116,17,55,145,56,21,108,192,40,169,129,119,154,60,177,27,185,127,96,171,141,98,114,64,79,179,47,182,5,186,199,83,153,166,174,150,6,9,62,120,197,168,44,48,63];False
2287;7133;9420;[50,4,121,162,147,6,32,19,172,12,130,84,77,112,93,184,66,157,103,105,74,188,144,31,142,117,167,61,45,138,41,49,78,128,42,57,197,146,118,126,143,160,91,1,33,124,180,196,36,46,140,92,82,23,189,81,0,85,22,26,176,193,109,190,170,95,38,139,65,20,70,194,34,198,174,178,9,67,129,2,163,25,51,8,16,125,11,113,156,71,165,87,37,94,173,18,131,110,101,59,80,100,30,134,148,195,97,58,175,151,7,191,181,68,123,72,137,158,54,52,119,187,39,107,55,14,13,111,132,89,75,149,15,135,53,183,69,159,164,90,28,155,73,99,106,136,115,152,35,161,102,86,133,76,122,116,104,17,145,56,21,108,192,40,169,182,29,154,60,177,27,43,127,96,171,141,98,114,64,79,179,47,88,5,186,199,83,153,166,24,150,10,185,62,120,3,168,44,48,63];False
1783;7636;9419;[50,172,12,22,26,178,120,3,2,130,84,117,77,112,31,29,66,157,103,105,74,188,144,118,147,149,101,61,45,138,167,180,78,128,42,57,37,121,162,126,143,160,91,1,33,124,94,196,36,182,140,92,82,23,189,81,87,85,104,20,146,193,109,93,170,95,38,139,19,194,51,0,9,127,175,123,176,67,32,72,137,25,70,65,16,190,11,113,156,71,165,184,125,8,173,18,131,110,41,59,80,100,30,134,148,195,97,58,6,43,7,191,181,68,198,142,163,158,54,52,119,187,39,107,55,14,13,197,132,89,75,4,15,135,53,183,69,159,164,90,28,155,73,99,106,136,115,152,35,161,102,86,133,76,122,116,49,46,145,56,34,108,192,40,169,129,24,154,60,177,27,151,111,96,171,141,98,114,64,79,179,47,88,5,186,199,83,153,166,174,150,10,185,62,44,21,168,17,48,63];False
1782;7635;9417;[34,180,41,22,26,178,120,3,2,130,84,117,77,112,31,29,66,157,103,105,74,188,144,118,147,0,101,61,45,138,167,172,78,128,42,57,37,121,162,126,143,160,91,1,33,124,94,196,52,182,140,92,82,23,189,81,87,85,104,20,146,193,109,93,170,95,38,139,19,194,51,149,9,127,175,123,176,67,32,72,137,25,70,65,16,190,11,113,156,71,165,184,125,8,173,18,131,110,12,59,80,100,30,134,148,195,97,58,6,43,7,191,181,68,198,142,163,158,54,36,119,187,39,107,55,14,13,197,132,89,75,4,15,135,53,183,69,159,164,90,28,155,73,99,106,136,115,152,35,161,102,86,133,76,122,116,49,46,145,56,21,108,192,40,169,129,24,154,60,177,27,151,111,96,171,141,98,114,64,79,179,47,88,5,186,199,83,153,166,174,150,10,185,62,44,50,168,17,48,63];False
1796;7619;9415;[37,172,12,22,81,93,147,3,2,130,84,117,77,112,193,24,66,157,103,105,74,188,144,118,10,0,101,61,45,138,41,88,104,128,42,57,87,121,162,126,143,160,91,1,33,124,94,196,36,46,140,92,82,23,189,49,178,106,136,26,146,190,185,78,170,95,38,139,19,20,51,149,34,194,180,123,176,67,32,72,163,25,70,65,16,125,11,113,156,71,165,184,31,8,173,18,131,110,167,59,80,100,30,134,148,195,97,137,175,151,7,191,181,68,198,142,58,158,54,52,29,187,39,107,85,14,13,111,132,89,75,4,15,135,53,183,69,159,164,90,28,155,73,99,109,50,115,152,35,161,102,86,133,76,122,116,17,55,145,56,21,108,192,40,169,129,119,154,60,177,27,43,127,96,171,141,98,114,64,79,179,47,182,5,186,199,83,153,166,174,150,6,9,62,120,197,168,44,48,63];False
1754;7658;9412;[9,180,41,22,26,178,120,3,2,130,84,117,77,112,31,29,66,157,103,105,74,188,144,118,147,0,101,61,45,138,167,172,78,128,42,57,37,121,162,126,143,160,91,1,33,124,94,196,36,182,140,92,82,23,189,81,87,85,104,20,146,193,109,93,170,95,38,139,19,194,51,149,34,127,175,123,176,67,32,72,137,25,70,65,16,190,11,113,156,71,165,184,125,8,173,18,131,110,12,59,80,100,30,134,148,195,97,58,6,43,7,191,181,68,198,142,163,158,54,52,119,187,39,107,55,14,13,197,132,89,75,4,15,135,53,183,69,159,164,90,28,155,73,99,106,136,115,152,35,161,102,86,133,76,122,116,49,46,145,56,21,108,192,40,169,129,24,154,60,177,27,151,111,96,171,141,98,114,64,79,179,47,88,5,186,199,83,153,166,174,150,10,185,62,44,50,168,17,48,63];True
1777;7634;9411;[37,172,12,22,81,93,147,3,2,130,132,117,77,112,193,24,66,157,103,105,74,188,144,118,10,0,101,61,45,138,41,88,104,128,42,57,87,121,162,126,143,160,91,1,33,124,94,196,36,46,140,92,82,23,189,49,178,106,136,26,146,190,35,78,170,95,38,139,19,20,51,149,34,194,180,123,176,67,32,72,163,25,70,65,16,125,11,113,156,71,165,184,31,8,173,18,131,110,167,59,80,100,30,134,148,195,97,137,175,151,7,191,181,68,198,142,58,158,54,52,29,187,39,107,85,14,13,111,84,89,75,4,15,135,53,183,69,159,164,90,28,155,73,99,109,50,115,152,43,161,102,86,133,76,122,116,17,55,145,56,21,108,192,40,169,129,119,154,60,177,27,185,127,96,171,141,98,114,64,79,179,47,182,5,186,199,83,153,166,174,150,6,9,62,120,197,168,44,48,63];False
1771;7632;9403;[104,172,12,22,81,93,147,3,2,130,84,117,77,112,193,24,66,157,103,105,74,188,144,118,10,91,35,61,45,138,41,182,78,128,42,57,37,121,162,126,143,160,110,1,33,124,94,196,36,46,140,92,82,23,189,49,87,106,136,26,146,190,9,178,170,95,38,139,19,20,51,149,34,194,180,123,176,67,32,72,163,25,70,65,16,125,11,113,156,71,165,184,31,8,173,18,131,0,101,59,80,100,30,134,148,195,97,137,175,151,7,191,181,68,198,142,58,158,54,52,29,187,39,107,85,14,13,111,132,89,75,4,15,135,53,183,69,159,164,90,28,155,73,99,109,50,115,152,167,161,102,86,133,76,122,116,17,55,145,56,21,108,192,40,169,129,119,154,60,177,27,43,127,96,171,141,98,114,64,79,179,47,88,5,186,199,83,153,166,174,150,6,185,62,120,197,168,44,48,63];False
1784;7618;9402;[37,172,12,22,81,93,147,3,2,130,84,117,77,112,193,24,66,157,103,105,74,188,144,118,10,0,101,61,45,138,41,88,104,128,42,57,87,121,162,126,143,160,91,1,33,124,94,196,36,46,140,92,82,23,189,49,178,106,136,26,146,190,43,78,170,95,38,139,19,20,51,149,34,194,180,123,176,67,32,72,163,25,70,65,16,125,11,113,156,71,165,184,31,8,173,18,131,110,167,59,80,100,30,134,148,195,97,137,175,151,7,191,181,68,198,142,58,158,54,52,29,187,39,107,85,14,13,111,132,89,75,4,15,135,53,183,69,159,164,90,28,155,73,99,109,50,115,152,35,161,102,86,133,76,122,116,17,55,145,56,21,108,192,40,169,129,119,154,60,177,27,185,127,96,171,141,98,114,64,79,179,47,182,5,186,199,83,153,166,174,150,6,9,62,120,197,168,44,48,63];False
1762;7640;9402;[104,172,12,22,81,93,147,3,2,130,84,117,77,112,193,24,66,157,103,105,74,188,144,118,10,91,35,61,45,138,41,88,78,128,42,57,37,121,162,126,143,160,110,1,33,124,94,196,36,46,140,92,82,23,189,49,87,106,136,26,146,190,9,178,170,95,38,139,19,20,51,149,34,194,180,123,176,67,32,72,163,25,70,65,16,125,11,113,156,71,165,184,31,8,173,18,131,0,101,59,80,100,30,134,148,195,97,137,175,151,7,191,181,68,198,142,58,158,54,52,29,187,39,107,85,14,13,111,132,89,75,4,15,135,53,183,69,159,164,90,28,155,73,99,109,50,115,152,167,161,102,86,133,76,122,116,17,55,145,56,21,108,192,40,169,129,119,154,60,177,27,43,127,96,171,141,98,114,64,79,179,47,182,5,186,199,83,153,166,174,150,6,185,62,120,197,168,44,48,63];True
1845;7556;9401;[37,172,12,22,81,93,147,3,2,130,84,117,77,112,193,24,66,157,103,105,74,188,144,118,10,0,167,61,45,138,41,88,104,128,42,57,87,121,162,126,143,160,91,1,33,124,94,196,36,46,140,92,82,23,189,49,178,106,136,26,146,190,9,78,170,166,38,139,19,20,51,149,34,194,180,123,176,67,32,72,163,25,70,65,16,125,11,113,156,71,165,184,31,8,173,18,131,110,101,59,80,100,30,134,148,195,97,137,175,151,7,191,181,68,198,142,58,158,54,52,29,187,39,107,85,14,13,111,132,89,75,4,15,135,53,183,69,159,164,90,28,155,73,99,109,50,115,152,35,161,102,86,133,76,122,116,17,55,145,56,21,108,192,40,169,129,119,154,60,177,27,43,127,96,171,141,98,114,64,79,179,47,182,5,186,199,83,153,95,174,150,6,185,62,120,197,168,44,48,63];False
1788;7613;9401;[104,172,12,22,81,93,147,3,2,130,84,117,77,112,193,24,66,157,103,105,74,188,144,118,10,91,167,61,45,138,41,88,78,128,42,57,37,121,162,126,143,160,110,1,33,124,94,196,36,46,140,92,82,23,189,49,87,106,136,26,146,190,9,178,170,95,38,139,19,20,51,149,34,194,180,123,176,67,32,72,163,25,70,65,16,125,11,113,156,71,165,184,31,8,173,18,131,0,101,59,80,100,30,134,148,195,97,137,175,151,7,191,181,68,198,142,58,158,54,52,29,187,39,107,85,14,13,111,132,89,75,4,15,135,53,183,69,159,164,90,28,155,73,99,109,50,115,152,35,161,102,86,133,76,122,116,17,55,145,56,21,108,192,40,169,129,119,154,60,177,27,43,127,96,171,141,98,114,64,79,179,47,182,5,186,199,83,153,166,174,150,6,185,62,120,197,168,44,48,63];False
1798;7596;9394;[104,172,12,22,81,93,147,3,2,130,132,117,77,112,193,24,66,157,103,105,74,188,144,118,10,0,167,61,45,138,41,88,78,128,42,57,37,121,162,126,143,160,91,1,33,124,94,196,36,46,140,92,82,23,189,49,87,106,136,26,146,159,9,178,170,95,38,139,19,20,51,149,34,194,180,123,176,67,32,72,163,25,70,65,16,125,11,113,156,71,165,184,31,8,173,18,131,110,101,59,80,100,30,134,148,195,97,137,175,151,7,191,181,68,198,142,58,158,54,52,29,187,39,107,85,14,13,111,84,89,75,4,15,135,53,183,69,190,164,90,28,155,73,99,109,50,115,152,35,161,102,86,133,76,122,116,17,55,145,56,21,108,192,40,169,129,119,154,60,177,27,43,127,96,171,141,98,114,64,79,179,47,182,5,186,199,83,153,166,174,150,6,185,62,120,197,168,44,48,63];True
1780;7613;9393;[37,172,12,22,81,93,147,3,2,130,84,117,77,112,193,24,66,157,103,105,74,188,144,118,10,0,101,61,45,138,41,88,104,128,42,57,87,121,162,126,143,160,91,1,33,124,94,196,36,46,140,92,82,23,189,49,178,106,136,26,146,190,35,78,170,95,38,139,19,20,51,149,34,194,180,123,176,67,32,72,163,25,70,65,16,125,11,113,156,71,165,184,31,8,173,18,131,110,167,59,80,100,30,134,148,195,97,137,175,151,7,191,181,68,198,142,58,158,54,52,29,187,39,107,85,14,13,111,132,89,75,4,15,135,53,183,69,159,164,90,28,155,73,99,109,50,115,152,43,161,102,86,133,76,122,116,17,55,145,56,21,108,192,40,169,129,119,154,60,177,27,185,127,96,171,141,98,114,64,79,179,47,182,5,186,199,83,153,166,174,150,6,9,62,120,197,168,44,48,63];True
2247;7146;9393;[50,4,121,162,147,6,129,19,172,12,130,84,77,112,93,184,66,157,103,105,74,188,144,31,142,117,167,61,45,138,41,49,78,128,42,57,197,146,118,126,143,160,91,1,33,124,180,196,36,46,140,92,82,23,189,81,0,85,22,26,176,193,109,190,170,95,38,139,65,20,70,194,34,198,174,178,9,67,32,2,163,25,51,8,16,125,11,113,156,71,165,87,37,94,173,18,131,110,101,59,80,100,30,134,148,195,97,58,175,151,7,191,181,68,123,72,137,158,54,52,119,187,39,107,55,14,13,111,132,89,75,149,15,135,53,183,69,159,164,90,28,155,73,99,106,136,115,152,35,161,102,86,133,76,122,116,104,17,145,56,21,108,192,40,169,182,29,154,60,177,27,43,127,96,171,141,98,114,64,79,179,47,88,5,186,199,83,153,166,24,150,10,185,62,120,3,168,44,48,63];False
1788;7602;9390;[37,172,12,22,81,93,147,3,2,130,84,117,77,112,193,24,66,157,103,105,74,188,144,118,10,110,167,61,45,138,41,88,104,128,42,57,87,121,162,126,143,160,91,1,33,124,94,196,36,46,140,92,82,23,189,49,178,106,136,26,146,190,35,78,170,95,38,139,19,20,51,149,34,194,180,123,176,67,32,72,163,25,70,65,16,125,11,113,156,71,165,184,31,8,173,18,131,0,101,59,80,100,30,134,148,195,97,137,175,151,7,191,181,68,198,142,58,158,54,52,29,187,39,107,85,14,13,111,132,89,75,4,15,135,53,183,69,159,164,90,28,155,73,99,109,50,115,152,43,161,102,86,133,76,122,116,17,55,145,56,21,108,192,40,169,129,119,154,60,177,27,185,127,96,171,141,98,114,64,79,179,47,182,5,186,199,83,153,166,174,150,6,9,62,120,197,168,44,48,63];True
1843;7545;9388;[13,172,12,22,26,178,147,3,2,130,132,117,77,112,106,24,66,157,103,105,74,188,93,118,10,0,101,61,45,138,41,49,78,128,42,57,37,121,162,126,143,160,91,1,33,14,94,196,36,182,140,92,82,23,189,81,87,85,104,46,146,193,136,144,170,95,38,139,19,20,51,149,34,194,180,123,176,67,32,72,163,25,70,65,16,190,11,113,156,71,165,184,31,8,173,18,131,110,167,59,80,100,30,134,148,195,97,137,175,151,7,191,181,68,198,142,58,158,54,52,119,187,39,107,55,124,90,111,84,89,75,4,15,135,53,183,69,159,164,9,28,155,73,99,109,50,115,152,35,161,102,86,133,76,122,116,44,125,145,56,21,108,192,40,169,129,29,154,60,177,27,43,127,96,171,141,98,114,64,79,179,47,88,5,186,199,83,153,166,174,150,6,185,62,120,197,168,17,48,63];False
1789;7598;9387;[104,172,12,22,81,93,147,3,2,130,84,117,77,112,193,24,66,157,103,105,74,188,144,118,10,110,167,61,45,138,41,88,78,128,42,57,37,121,162,126,143,160,91,1,33,124,94,196,36,46,140,92,82,23,189,49,87,106,136,26,146,190,9,178,170,95,38,139,19,20,51,149,34,194,180,123,176,67,32,72,163,25,70,65,16,125,11,113,156,71,165,184,31,8,173,18,131,0,101,59,80,100,30,134,148,195,97,137,175,151,7,191,181,68,198,142,58,158,54,52,29,187,39,107,85,14,13,111,132,89,75,4,15,135,53,183,69,159,164,90,28,155,73,99,109,50,115,152,35,161,102,86,133,76,122,116,17,55,145,56,21,108,192,40,169,129,119,154,60,177,27,43,127,96,171,141,98,114,64,79,179,47,182,5,186,199,83,153,166,174,150,6,185,62,120,197,168,44,48,63];True
1764;7621;9385;[37,172,12,22,81,93,147,3,2,130,84,117,77,112,193,24,66,157,103,105,74,188,144,118,10,110,167,61,45,138,41,88,104,128,42,57,87,121,162,126,143,160,91,1,33,124,94,196,36,46,140,92,82,23,189,49,178,106,136,26,146,159,35,78,170,95,38,139,19,20,51,149,34,194,180,123,176,67,32,72,163,25,70,65,16,125,11,113,156,71,165,184,31,8,173,18,131,0,101,59,80,100,30,134,148,195,97,137,175,151,7,191,181,68,198,142,58,158,54,52,29,187,39,107,85,14,13,111,132,89,75,4,15,135,53,183,69,190,164,90,28,155,73,99,109,50,115,152,43,161,102,86,133,76,122,116,17,55,145,56,21,108,192,40,169,129,119,154,60,177,27,185,127,96,171,141,98,114,64,79,179,47,182,5,186,199,83,153,166,174,150,6,9,62,120,197,168,44,48,63];True
2220;7164;9384;[50,4,121,162,147,9,149,19,172,12,130,84,77,112,93,178,66,157,103,105,74,188,144,31,142,117,167,61,45,138,41,49,78,128,42,57,197,146,118,126,143,160,91,1,33,124,180,196,36,46,140,92,82,67,189,81,0,85,22,26,176,193,109,190,170,95,38,139,65,20,70,194,34,198,174,184,35,23,32,72,163,25,51,8,16,125,11,113,156,71,165,87,37,94,173,18,131,110,101,59,80,100,30,134,148,195,97,58,151,175,7,191,181,68,123,6,137,158,54,52,119,187,39,107,55,14,13,111,132,89,75,129,15,135,53,183,69,159,164,90,28,155,73,99,106,136,115,152,2,161,102,86,133,76,122,116,104,17,145,56,21,108,192,40,169,182,29,154,60,177,27,43,127,96,171,141,98,114,64,79,179,47,88,5,186,199,83,153,166,24,150,10,185,62,120,3,168,44,48,63];False
2209;7175;9384;[50,4,121,162,147,9,149,19,172,132,130,84,77,112,93,178,66,157,103,105,74,188,144,31,142,117,167,61,45,138,41,49,78,128,42,57,197,146,118,126,143,160,91,1,33,124,180,196,36,46,140,92,82,23,189,81,0,85,22,26,176,193,109,190,170,95,38,139,65,20,70,194,34,198,174,184,35,67,32,72,163,25,51,8,16,125,11,113,156,71,165,87,37,94,173,18,131,110,101,59,80,100,30,134,148,195,97,58,151,175,7,191,181,68,123,6,137,158,54,52,119,187,39,107,55,14,13,111,12,89,75,129,15,135,53,183,69,159,164,90,28,155,73,99,106,136,115,152,2,161,102,86,133,76,122,116,104,17,145,56,21,108,192,40,169,182,29,154,60,177,27,43,127,96,171,141,98,114,64,79,179,47,88,5,186,199,83,153,166,24,150,10,185,62,120,3,168,44,48,63];False
2221;7163;9384;[50,4,121,162,147,9,149,19,172,12,130,84,77,112,93,178,66,157,103,105,74,188,144,31,142,117,167,61,45,138,41,49,78,128,42,57,197,146,118,126,143,160,91,1,33,124,180,196,36,46,140,92,82,67,189,81,0,85,22,26,176,193,109,190,170,95,38,139,65,20,70,194,34,198,174,184,35,23,32,72,163,25,51,8,16,125,11,113,156,71,165,87,37,94,173,18,131,110,101,59,80,100,30,134,148,195,97,58,175,151,7,191,181,68,123,6,137,158,54,52,119,187,39,107,55,14,13,111,132,89,75,129,15,135,53,183,69,159,164,90,28,155,73,99,106,136,115,152,2,161,102,86,133,76,122,116,104,17,145,56,21,108,192,40,169,182,29,154,60,177,27,43,127,96,171,141,98,114,64,79,179,47,88,5,186,199,83,153,166,24,150,10,185,62,120,3,168,44,48,63];False
2211;7171;9382;[50,4,28,162,147,9,149,19,172,12,130,84,77,112,93,178,66,157,103,105,74,188,144,31,142,117,167,61,45,138,41,49,78,128,42,57,197,146,118,126,143,160,91,1,33,124,180,196,36,46,140,92,82,23,189,81,0,85,22,26,176,193,109,190,170,95,38,139,65,20,70,194,34,198,174,184,35,67,32,72,163,25,51,8,16,125,11,113,156,71,165,87,37,94,173,18,131,110,101,59,80,100,30,134,148,195,97,58,151,175,7,191,181,68,123,6,137,158,54,52,119,187,39,107,55,14,13,111,132,89,75,129,15,135,53,183,69,159,164,90,121,155,73,99,106,136,115,152,2,161,102,86,133,76,122,116,104,17,145,56,21,108,192,40,169,182,29,154,60,177,27,43,127,96,171,141,98,114,64,79,179,47,88,5,186,199,83,153,166,24,150,10,185,62,120,3,168,44,48,63];False
1851;7529;9380;[37,172,12,22,81,93,147,3,2,130,84,117,77,112,193,24,66,157,103,105,74,188,144,118,10,0,167,61,45,138,41,88,104,128,42,57,87,121,162,126,143,160,91,1,33,124,94,196,36,46,140,92,82,23,189,49,178,106,136,26,146,159,9,78,170,95,38,139,19,20,51,149,34,194,180,123,176,67,32,72,163,25,70,65,16,125,11,113,156,71,165,184,31,8,173,18,131,110,101,59,80,100,30,134,148,195,97,137,175,151,7,191,181,68,198,142,58,158,54,52,29,187,39,107,85,14,13,111,132,89,75,4,15,135,53,183,69,190,164,90,28,155,73,99,109,50,115,152,35,161,102,86,133,76,122,116,17,55,145,56,21,108,192,40,169,129,119,154,60,177,27,43,127,96,171,141,98,114,64,79,179,47,182,83,186,199,5,153,166,174,150,6,185,62,120,197,168,44,48,63];False
2211;7169;9380;[50,4,28,162,147,9,149,19,172,12,130,84,77,112,93,184,66,157,103,105,74,188,144,31,142,117,167,61,45,138,41,49,78,128,42,57,197,146,118,126,143,160,91,1,33,124,180,196,36,46,140,92,82,23,189,81,0,85,22,26,176,193,109,190,170,95,38,139,65,20,70,194,34,198,174,178,2,67,32,72,163,25,51,8,16,125,11,113,156,71,165,87,37,94,173,18,131,110,101,59,80,100,30,134,148,195,97,58,151,175,7,191,181,68,123,6,137,158,54,52,119,187,39,107,55,14,13,111,132,89,75,129,15,135,53,183,69,159,164,90,121,155,73,99,106,136,115,152,35,161,102,86,133,76,122,116,104,17,145,56,21,108,192,40,169,182,29,154,60,177,27,43,127,96,171,141,98,114,64,79,179,47,88,5,186,199,83,153,166,24,150,10,185,62,120,3,168,44,48,63];False
2212;7168;9380;[50,4,28,162,147,9,149,19,172,12,130,84,77,112,93,184,66,157,103,105,74,188,144,31,142,117,167,61,45,138,41,49,78,128,42,57,197,146,118,126,143,160,91,1,33,124,180,196,36,46,140,92,82,23,189,81,0,85,22,26,176,193,109,190,170,95,38,139,65,20,70,194,34,198,174,178,2,67,32,72,163,25,51,8,16,125,11,113,156,71,165,87,37,94,173,18,131,110,101,59,80,100,30,134,148,195,97,58,175,151,7,191,181,68,123,6,137,158,54,52,119,187,39,107,55,14,13,111,132,89,75,129,15,135,53,183,69,159,164,90,121,155,73,99,106,136,115,152,35,161,102,86,133,76,122,116,104,17,145,56,21,108,192,40,169,182,29,154,60,177,27,43,127,96,171,141,98,114,64,79,179,47,88,5,186,199,83,153,166,24,150,10,185,62,120,3,168,44,48,63];False
1868;7510;9378;[13,172,12,22,26,178,147,3,2,130,84,117,77,112,106,24,66,157,103,105,74,188,93,118,10,0,101,61,45,138,41,49,78,128,42,57,37,121,162,126,143,160,91,1,33,124,94,196,36,182,140,92,82,23,189,81,87,85,104,46,146,193,136,144,170,95,38,139,19,20,51,149,34,194,180,123,176,67,32,72,163,25,70,65,16,190,11,113,156,71,165,184,31,8,173,18,131,110,167,59,80,100,30,134,148,195,97,137,175,151,7,191,181,68,198,142,58,158,54,52,119,187,39,107,55,14,90,111,132,89,75,4,15,135,53,183,69,159,164,9,28,155,73,99,109,50,115,152,35,161,102,86,133,76,122,116,44,125,145,56,21,108,192,40,169,129,29,154,60,177,27,43,127,96,171,141,98,114,64,79,179,47,88,5,186,199,83,153,166,174,150,6,185,62,120,197,168,17,48,63];False
1885;7493;9378;[90,172,12,22,26,178,147,3,2,130,132,117,77,112,106,24,66,157,103,105,74,188,93,118,10,0,101,61,45,138,41,49,78,128,42,57,37,121,162,126,143,160,91,1,33,124,94,196,36,182,140,92,82,23,189,81,87,85,104,46,146,193,136,144,170,95,38,139,19,20,51,149,34,194,180,123,176,67,32,72,163,25,70,65,16,190,11,113,156,71,165,184,31,8,173,18,131,110,167,59,80,100,30,134,148,195,97,137,175,151,7,191,181,68,198,142,58,158,54,52,119,187,39,107,55,14,13,111,84,89,75,4,15,135,53,183,69,159,164,9,28,155,73,99,109,50,115,152,35,161,102,86,133,76,122,116,44,125,145,56,21,108,192,40,169,129,29,154,60,177,27,43,127,96,171,141,98,114,64,79,179,47,88,5,186,199,83,153,166,174,150,6,185,62,120,197,168,17,48,63];False
1831;7546;9377;[78,172,12,22,81,93,147,3,2,130,84,117,77,112,193,24,66,157,103,105,74,188,144,118,10,0,167,61,45,138,41,88,104,128,42,57,37,121,162,126,143,160,91,1,33,124,94,196,36,46,140,92,82,23,189,49,87,106,136,26,146,190,9,178,170,95,38,139,19,20,51,149,34,194,180,123,176,67,32,72,163,25,70,65,16,125,11,113,156,71,165,184,31,8,173,18,131,110,101,59,80,100,30,134,148,195,97,137,175,151,7,191,181,68,198,142,58,158,54,52,29,187,39,107,85,14,13,111,132,89,75,4,15,135,53,183,69,159,164,90,28,155,73,99,109,50,115,152,35,161,102,86,133,76,122,116,17,55,145,56,21,108,192,40,169,129,119,154,60,177,27,43,127,96,171,141,98,114,64,79,179,47,182,5,186,199,83,153,166,174,150,6,185,62,120,197,168,44,48,63];True
2204;7172;9376;[50,4,121,162,147,9,149,19,172,12,130,84,67,112,93,184,66,157,103,105,74,188,144,31,142,117,167,61,45,138,41,49,78,128,42,57,197,146,118,126,143,160,91,1,33,124,180,196,36,46,140,92,82,77,189,81,0,85,22,26,176,193,109,190,170,95,38,139,65,20,70,194,34,198,174,178,35,23,32,72,163,25,51,8,16,125,11,113,156,71,165,87,37,94,173,18,131,110,101,59,80,100,30,134,148,195,97,58,175,151,7,191,181,68,123,6,137,158,54,52,119,187,39,107,55,14,13,111,132,89,75,129,15,135,53,183,69,159,164,90,28,155,73,99,106,136,115,152,2,161,102,86,133,76,122,116,104,17,145,56,21,108,192,40,169,182,29,154,60,177,27,43,127,96,171,141,98,114,64,79,179,47,88,5,186,199,83,153,166,24,150,10,185,62,120,3,168,44,48,63];True
1891;7484;9375;[74,172,12,22,26,178,147,3,2,130,84,117,77,112,106,24,66,157,103,105,90,188,93,118,10,110,167,61,45,138,41,49,78,128,42,57,37,121,162,126,143,160,91,1,33,124,94,196,36,182,140,92,82,23,189,81,87,85,104,20,146,193,136,144,170,95,38,139,19,46,51,149,34,194,180,123,176,67,32,72,163,25,70,65,16,190,11,113,156,71,165,184,31,8,173,18,131,0,101,59,80,100,30,134,148,195,97,137,175,151,7,191,181,68,198,142,58,158,54,52,119,187,39,107,55,14,13,111,132,89,75,4,15,135,53,183,69,159,164,9,28,155,73,99,109,50,115,152,35,161,102,86,133,76,122,116,44,125,145,56,21,108,192,40,169,129,29,154,60,177,27,43,127,96,171,141,98,114,64,79,179,47,88,5,186,199,83,153,166,174,150,6,185,62,120,197,168,17,48,63];False
1805;7568;9373;[37,172,12,22,81,93,147,3,2,130,84,117,77,112,193,24,66,157,103,105,74,188,144,118,10,0,167,61,45,138,41,88,104,128,42,57,87,121,162,126,143,160,91,1,33,124,94,196,36,46,140,92,82,23,189,49,178,106,136,26,146,190,35,78,170,95,38,139,19,20,51,149,34,194,180,123,176,67,32,72,163,25,70,65,16,125,11,113,156,71,165,184,31,8,173,18,131,110,101,59,80,100,30,134,148,195,97,137,175,151,7,191,181,68,198,142,58,158,54,52,29,187,39,107,85,14,13,111,132,89,75,4,15,135,53,183,69,159,164,90,28,155,73,99,109,50,115,152,43,161,102,86,133,76,122,116,17,55,145,56,21,108,192,40,169,129,119,154,60,177,27,185,127,96,171,141,98,114,64,79,179,47,182,5,186,199,83,153,166,174,150,6,9,62,120,197,168,44,48,63];True
2205;7167;9372;[4,50,121,162,147,67,32,19,172,12,130,84,77,112,93,184,66,157,103,105,74,188,144,31,142,117,167,61,45,138,41,49,78,128,42,57,197,146,118,126,143,160,91,1,33,124,180,196,36,46,140,92,82,23,189,81,0,85,22,26,176,193,109,190,170,95,38,139,65,20,70,194,34,198,174,178,9,6,129,2,163,25,51,8,16,125,11,113,156,71,165,87,37,94,173,18,131,110,101,59,80,100,30,134,148,195,97,58,151,175,7,191,181,68,123,72,137,158,54,52,119,187,39,107,55,14,13,111,132,89,75,149,15,135,53,183,69,159,164,90,28,155,73,99,106,136,115,152,35,161,102,86,133,76,122,116,104,17,145,56,21,108,192,40,169,182,29,154,60,177,27,43,127,96,171,141,98,114,64,79,179,47,88,5,186,199,83,153,166,24,150,10,185,62,120,3,168,44,48,63];True
1883;7489;9372;[13,172,12,22,26,178,147,3,2,130,84,117,77,112,106,24,66,157,103,105,74,188,93,118,10,110,167,61,45,138,41,49,78,128,42,57,37,121,162,126,143,160,91,1,33,124,94,196,36,182,140,92,82,23,189,81,87,85,104,20,146,193,136,144,170,95,38,139,19,46,51,149,34,194,180,123,176,67,32,72,163,25,70,65,16,190,11,113,156,71,165,184,31,8,173,18,131,0,101,59,80,100,30,134,148,195,97,137,175,151,7,191,181,68,198,142,58,158,54,52,119,187,39,107,55,14,90,111,132,89,75,4,15,135,53,183,69,159,164,9,28,155,73,99,109,50,115,152,35,161,102,86,133,76,122,116,44,125,145,56,21,108,192,40,169,129,29,154,60,177,27,43,127,96,171,141,98,114,64,79,179,47,88,5,186,199,83,153,166,174,150,6,185,62,120,197,168,17,48,63];False
2206;7166;9372;[4,50,121,162,147,67,32,19,172,12,130,84,77,112,93,184,66,157,103,105,74,188,144,31,142,117,167,61,45,138,41,49,78,128,42,57,197,146,118,126,143,160,91,1,33,124,180,196,36,46,140,92,82,23,189,81,0,85,22,26,176,193,109,190,170,95,38,139,65,20,70,194,34,198,174,178,9,6,129,2,163,25,51,8,16,125,11,113,156,71,165,87,37,94,173,18,131,110,101,59,80,100,30,134,148,195,97,58,175,151,7,191,181,68,123,72,137,158,54,52,119,187,39,107,55,14,13,111,132,89,75,149,15,135,53,183,69,159,164,90,28,155,73,99,106,136,115,152,35,161,102,86,133,76,122,116,104,17,145,56,21,108,192,40,169,182,29,154,60,177,27,43,127,96,171,141,98,114,64,79,179,47,88,5,186,199,83,153,166,24,150,10,185,62,120,3,168,44,48,63];True
2221;7150;9371;[180,4,121,162,147,67,32,138,172,12,130,84,77,112,93,184,66,157,103,105,74,188,144,31,142,117,167,61,45,19,41,49,78,128,42,57,197,146,118,126,143,160,91,1,33,124,50,196,36,46,140,92,82,23,189,81,0,85,22,26,176,193,109,190,170,95,38,139,65,20,70,194,34,198,174,178,9,6,129,2,163,25,51,8,16,125,11,113,156,71,165,87,37,94,173,18,131,110,101,59,80,100,30,134,148,195,97,58,151,175,7,191,181,68,123,72,137,158,54,52,119,187,39,107,55,14,13,111,132,89,75,149,15,135,53,183,69,159,164,90,28,155,73,99,106,136,115,152,35,161,102,86,133,76,122,116,104,17,145,56,21,108,192,40,169,182,29,154,60,177,27,43,127,96,171,141,98,114,64,79,179,47,88,5,186,199,83,153,166,24,150,10,185,62,120,3,168,44,48,63];True
2222;7149;9371;[180,4,121,162,147,67,32,138,172,12,130,84,77,112,93,184,66,157,103,105,74,188,144,31,142,117,167,61,45,19,41,49,78,128,42,57,197,146,118,126,143,160,91,1,33,124,50,196,36,46,140,92,82,23,189,81,0,85,22,26,176,193,109,190,170,95,38,139,65,20,70,194,34,198,174,178,9,6,129,2,163,25,51,8,16,125,11,113,156,71,165,87,37,94,173,18,131,110,101,59,80,100,30,134,148,195,97,58,175,151,7,191,181,68,123,72,137,158,54,52,119,187,39,107,55,14,13,111,132,89,75,149,15,135,53,183,69,159,164,90,28,155,73,99,106,136,115,152,35,161,102,86,133,76,122,116,104,17,145,56,21,108,192,40,169,182,29,154,60,177,27,43,127,96,171,141,98,114,64,79,179,47,88,5,186,199,83,153,166,24,150,10,185,62,120,3,168,44,48,63];True
1806;7564;9370;[104,172,12,22,81,93,147,3,2,130,84,117,77,112,193,24,66,157,103,105,74,188,144,118,10,0,167,61,45,138,41,88,78,128,42,57,37,121,162,126,143,160,91,1,33,124,94,196,36,46,140,92,82,23,189,49,87,106,136,26,146,190,9,178,170,95,38,139,19,20,51,149,34,194,180,123,176,67,32,72,163,25,70,65,16,125,11,113,156,71,165,184,31,8,173,18,131,110,101,59,80,100,30,134,148,195,97,137,175,151,7,191,181,68,198,142,58,158,54,52,29,187,39,107,85,14,13,111,132,89,75,4,15,135,53,183,69,159,164,90,28,155,73,99,109,50,115,152,35,161,102,86,133,76,122,116,17,55,145,56,21,108,192,40,169,129,119,154,60,177,27,43,127,96,171,141,98,114,64,79,179,47,182,5,186,199,83,153,166,174,150,6,185,62,120,197,168,44,48,63];True
1846;7524;9370;[13,172,12,22,26,178,147,3,2,130,84,117,77,112,106,24,66,157,103,105,74,188,93,118,10,0,101,61,45,138,41,49,78,128,42,57,37,121,162,126,143,160,91,1,33,14,94,196,36,182,140,92,82,23,189,81,87,85,104,46,146,193,136,144,170,95,38,139,19,20,51,149,34,194,180,123,176,67,32,72,163,25,70,65,16,190,11,113,156,71,165,184,31,8,173,18,131,110,167,59,80,100,30,134,148,195,97,137,175,151,7,191,181,68,198,142,58,158,54,52,119,187,39,107,55,124,90,111,132,89,75,4,15,135,53,183,69,159,164,9,28,155,73,99,109,50,115,152,35,161,102,86,133,76,122,116,44,125,145,56,21,108,192,40,169,129,29,154,60,177,27,43,127,96,171,141,98,114,64,79,179,47,88,5,186,199,83,153,166,174,150,6,185,62,120,197,168,17,48,63];False
2212;7156;9368;[180,4,121,162,147,67,32,19,172,12,130,84,77,112,93,184,66,157,103,105,74,188,144,31,142,117,167,61,45,138,41,49,78,128,42,57,197,146,118,126,143,160,91,1,33,124,50,196,36,46,140,92,82,23,189,81,0,85,22,26,176,193,109,190,170,95,38,139,65,20,70,194,34,198,174,178,9,6,129,2,163,25,51,8,16,125,11,113,156,71,165,87,37,94,173,18,131,110,101,59,80,100,30,134,148,195,97,58,151,175,7,191,181,68,123,72,137,158,54,52,119,187,39,107,55,14,13,111,132,89,75,149,15,135,53,183,69,159,164,90,28,155,73,99,106,136,115,152,35,161,102,86,133,76,122,116,104,17,145,56,21,108,192,40,169,182,29,154,60,177,27,43,127,96,171,141,98,114,64,79,179,47,88,5,186,199,83,153,166,24,150,10,185,62,120,3,168,44,48,63];True
1880;7488;9368;[13,172,12,22,26,178,147,3,2,130,84,117,77,112,106,29,66,157,103,105,74,188,93,118,10,110,167,61,45,138,41,49,78,128,42,57,37,121,162,126,143,160,91,1,33,14,94,196,36,182,140,92,82,23,189,81,87,85,104,46,146,193,136,144,170,95,38,139,19,20,51,149,34,194,180,123,176,67,32,72,163,25,70,65,16,190,11,113,156,71,165,184,31,8,173,18,131,0,101,59,80,100,30,134,148,195,97,137,175,151,7,191,181,68,198,142,58,158,54,52,119,187,39,107,55,124,90,111,132,89,75,4,15,135,53,183,69,159,164,9,28,155,73,99,109,50,115,152,35,161,102,86,133,76,122,116,44,125,145,56,21,108,192,40,169,129,24,154,60,177,27,43,127,96,171,141,98,114,64,79,179,47,88,5,186,199,83,153,166,174,150,6,185,62,120,197,168,17,48,63];False
2213;7155;9368;[180,4,121,162,147,67,32,19,172,12,130,84,77,112,93,184,66,157,103,105,74,188,144,31,142,117,167,61,45,138,41,49,78,128,42,57,197,146,118,126,143,160,91,1,33,124,50,196,36,46,140,92,82,23,189,81,0,85,22,26,176,193,109,190,170,95,38,139,65,20,70,194,34,198,174,178,9,6,129,2,163,25,51,8,16,125,11,113,156,71,165,87,37,94,173,18,131,110,101,59,80,100,30,134,148,195,97,58,175,151,7,191,181,68,123,72,137,158,54,52,119,187,39,107,55,14,13,111,132,89,75,149,15,135,53,183,69,159,164,90,28,155,73,99,106,136,115,152,35,161,102,86,133,76,122,116,104,17,145,56,21,108,192,40,169,182,29,154,60,177,27,43,127,96,171,141,98,114,64,79,179,47,88,5,186,199,83,153,166,24,150,10,185,62,120,3,168,44,48,63];True
1868;7500;9368;[13,172,12,22,26,178,147,3,2,130,132,117,77,112,106,24,66,157,103,105,74,188,93,118,10,0,167,61,45,138,41,49,78,128,42,57,37,121,162,126,143,160,91,1,33,14,94,196,36,182,140,92,82,23,189,81,87,85,104,46,146,193,136,144,170,95,38,139,19,20,51,149,34,194,180,123,176,67,32,72,163,25,70,65,16,190,11,113,156,71,165,184,31,8,173,18,131,110,101,59,80,100,30,134,148,195,97,137,175,151,7,191,181,68,198,142,58,158,54,52,119,187,39,107,55,124,90,111,84,89,75,4,15,135,53,183,69,159,164,9,28,155,73,99,109,50,115,152,35,161,102,86,133,76,122,116,44,125,145,56,21,108,192,40,169,129,29,154,60,177,27,43,127,96,171,141,98,114,64,79,179,47,88,5,186,199,83,153,166,174,150,6,185,62,120,197,168,17,48,63];False
1834;7533;9367;[13,172,12,22,26,178,147,3,2,130,132,117,77,112,106,24,66,157,103,105,74,188,93,118,10,0,101,61,45,138,41,49,78,128,42,57,37,121,162,126,143,160,91,1,33,14,94,196,36,182,140,92,82,23,189,81,87,85,104,46,146,193,136,144,170,95,38,139,19,20,51,149,34,194,180,123,90,67,32,72,163,25,70,65,16,190,11,113,156,71,165,184,31,8,173,18,131,110,167,59,80,100,30,134,148,195,97,137,175,151,7,191,181,68,198,142,58,158,54,52,119,187,39,107,55,124,176,111,84,89,75,4,15,135,53,183,69,159,164,9,28,155,73,99,109,50,115,152,35,161,102,86,133,76,122,116,44,125,145,56,21,108,192,40,169,129,29,154,60,177,27,43,127,96,171,141,98,114,64,79,179,47,88,5,186,199,83,153,166,174,150,6,185,62,120,197,168,17,48,63];True
1854;7513;9367;[13,172,12,22,26,178,147,3,2,130,84,117,77,112,106,24,66,157,103,105,74,188,93,118,10,110,167,61,45,138,41,49,78,128,42,57,37,121,162,126,143,160,91,1,33,14,94,196,36,182,140,92,82,23,189,81,87,85,104,46,146,193,136,144,170,95,38,139,19,20,51,149,34,194,180,123,176,67,32,72,163,25,70,65,16,190,11,113,156,71,165,184,31,8,173,18,131,0,101,59,80,100,30,134,148,195,97,137,175,151,7,191,181,68,198,142,58,158,54,52,119,187,39,107,55,124,90,111,132,89,75,4,15,135,53,183,69,159,164,9,28,155,73,99,109,50,115,152,35,161,102,86,133,76,122,116,44,125,145,56,21,108,192,40,169,129,29,154,60,177,27,43,127,96,171,141,98,114,64,79,179,47,88,5,186,199,83,153,166,174,150,6,185,62,120,197,168,17,48,63];False
1867;7493;9360;[74,172,12,22,26,178,147,3,2,130,84,117,77,112,106,24,66,157,103,105,90,188,93,118,10,110,167,61,45,138,41,49,78,128,42,57,37,121,162,126,143,160,91,1,33,124,94,196,36,182,140,92,82,23,189,81,87,85,104,20,146,193,136,144,170,95,38,139,19,46,51,149,34,194,180,123,176,67,32,72,163,25,70,65,16,190,11,113,156,71,165,184,31,8,173,18,131,0,101,59,80,100,30,134,148,195,97,137,175,151,7,191,181,68,198,142,58,158,54,52,29,187,39,107,55,14,13,111,132,89,75,4,15,135,53,183,69,159,164,9,28,155,73,99,109,50,115,152,35,161,102,86,133,76,122,116,44,125,145,56,21,108,192,40,169,129,119,154,60,177,27,43,127,96,171,141,98,114,64,79,179,47,88,5,186,199,83,153,166,174,150,6,185,62,120,197,168,17,48,63];False
1908;7450;9358;[74,172,12,22,26,178,147,3,2,130,84,117,77,112,106,24,66,157,103,105,90,188,93,118,10,0,167,61,45,138,41,49,78,128,42,57,37,121,162,126,143,160,91,1,33,124,94,196,36,182,140,92,82,23,189,81,87,85,104,20,146,193,136,144,170,95,38,139,19,46,51,149,34,194,180,123,176,67,32,72,163,25,70,65,16,190,11,113,156,71,165,184,31,8,173,18,131,110,101,59,80,100,30,134,148,195,97,137,175,151,7,191,181,68,198,142,58,158,54,52,119,187,39,107,55,14,13,111,132,89,75,4,15,135,53,183,69,159,164,9,28,155,73,99,109,50,115,152,35,161,102,86,133,76,122,116,44,125,145,56,21,108,192,40,169,129,29,154,60,177,27,43,127,96,171,141,98,114,64,79,179,47,88,5,186,199,83,153,166,174,150,6,185,62,120,197,168,17,48,63];False
1891;7466;9357;[74,172,12,22,26,178,147,3,2,130,84,117,77,112,106,24,66,157,103,105,90,188,93,118,10,0,167,61,45,138,41,49,78,128,42,57,37,121,162,126,143,160,91,1,33,124,94,196,52,182,140,92,82,23,189,81,87,85,104,46,146,193,136,144,170,95,38,139,19,20,51,149,34,194,180,123,176,67,32,72,163,25,70,65,16,190,11,113,156,71,165,184,31,8,173,18,131,110,101,59,80,100,30,134,148,195,97,137,175,151,7,191,181,68,198,142,58,158,54,36,119,187,39,107,55,14,13,111,132,89,75,129,15,135,53,183,69,159,164,9,28,155,73,99,109,50,115,152,35,161,102,86,133,76,122,116,44,125,145,56,21,108,192,40,169,4,29,154,60,177,27,43,127,96,171,141,98,114,64,79,179,47,88,5,186,199,83,153,166,174,150,6,185,62,120,197,168,17,48,63];False
1859;7498;9357;[13,172,12,22,26,178,147,3,2,130,84,117,77,112,106,24,66,157,103,105,74,188,93,118,10,110,167,61,45,138,41,49,78,128,42,57,37,121,162,126,143,160,91,1,33,124,94,196,36,182,140,92,82,23,189,81,87,85,104,20,146,193,136,144,170,95,38,139,19,46,51,149,34,194,180,123,176,67,32,72,163,25,70,65,16,190,11,113,156,71,165,184,31,8,173,18,131,0,101,59,80,100,30,134,148,195,97,137,175,151,7,191,181,68,198,142,58,158,54,52,29,187,39,107,55,14,90,111,132,89,75,4,15,135,53,183,69,159,164,9,28,155,73,99,109,50,115,152,35,161,102,86,133,76,122,116,44,125,145,56,21,108,192,40,169,129,119,154,60,177,27,43,127,96,171,141,98,114,64,79,179,47,88,5,186,199,83,153,166,174,150,6,185,62,120,197,168,17,48,63];True
2181;7174;9355;[50,4,121,162,147,9,149,19,172,12,130,84,67,112,93,178,66,157,103,105,74,188,144,31,142,117,167,61,45,138,41,49,78,128,42,57,197,146,118,126,143,160,91,1,33,124,180,196,36,46,140,92,82,77,189,81,0,85,22,26,176,193,109,190,170,95,38,139,65,20,70,194,34,198,174,184,35,23,32,72,163,25,51,8,16,125,11,113,156,71,165,87,37,94,173,18,131,110,101,59,80,100,30,134,148,195,97,58,151,175,7,191,181,68,123,6,137,158,54,52,119,187,39,107,55,14,13,111,132,89,75,129,15,135,53,183,69,159,164,90,28,155,73,99,106,136,115,152,2,161,102,86,133,76,122,116,104,17,145,56,21,108,192,40,169,182,29,154,60,177,27,43,127,96,171,141,98,114,64,79,179,47,88,5,186,199,83,153,166,24,150,10,185,62,120,3,168,44,48,63];True
2182;7173;9355;[50,4,121,162,147,9,149,19,172,12,130,84,67,112,93,178,66,157,103,105,74,188,144,31,142,117,167,61,45,138,41,49,78,128,42,57,197,146,118,126,143,160,91,1,33,124,180,196,36,46,140,92,82,77,189,81,0,85,22,26,176,193,109,190,170,95,38,139,65,20,70,194,34,198,174,184,35,23,32,72,163,25,51,8,16,125,11,113,156,71,165,87,37,94,173,18,131,110,101,59,80,100,30,134,148,195,97,58,175,151,7,191,181,68,123,6,137,158,54,52,119,187,39,107,55,14,13,111,132,89,75,129,15,135,53,183,69,159,164,90,28,155,73,99,106,136,115,152,2,161,102,86,133,76,122,116,104,17,145,56,21,108,192,40,169,182,29,154,60,177,27,43,127,96,171,141,98,114,64,79,179,47,88,5,186,199,83,153,166,24,150,10,185,62,120,3,168,44,48,63];True
1903;7451;9354;[90,172,12,22,26,178,147,3,2,130,84,117,77,112,106,24,66,157,103,105,74,188,93,118,10,110,167,61,45,138,41,49,78,128,42,57,37,121,162,126,143,160,91,1,33,124,94,196,36,182,140,92,82,23,189,81,87,85,104,20,146,193,136,144,170,95,38,139,19,46,51,149,34,194,180,123,176,67,32,72,163,25,70,65,16,190,11,113,156,71,165,184,31,8,173,18,131,0,101,59,80,100,30,134,148,195,97,137,175,151,7,191,181,68,198,142,58,158,54,52,119,187,39,107,55,14,13,111,132,89,75,4,15,135,53,183,69,159,164,9,28,155,73,99,109,50,115,152,35,161,102,86,133,76,122,116,44,125,145,56,21,108,192,40,169,129,29,154,60,177,27,43,127,96,171,141,98,114,64,79,179,47,88,5,186,199,83,153,166,174,150,6,185,62,120,197,168,17,48,63];False
1863;7487;9350;[13,172,12,22,26,178,147,3,2,130,84,117,77,112,106,29,66,157,103,105,74,188,93,118,10,0,101,61,45,138,41,49,78,128,42,57,37,121,162,126,143,160,91,1,33,14,94,196,36,182,140,92,82,23,189,81,87,85,104,46,146,193,136,144,170,95,38,139,19,20,51,149,34,194,180,123,90,67,32,72,163,25,70,65,16,190,11,113,156,71,165,184,31,8,173,18,131,110,167,59,80,100,30,134,148,195,97,137,175,151,7,191,181,68,198,142,58,158,54,52,119,187,39,107,55,124,176,111,132,89,75,4,15,135,53,183,69,159,164,9,28,155,73,99,109,50,115,152,35,161,102,86,133,76,122,116,44,125,145,56,21,108,192,40,169,129,24,154,60,177,27,43,127,96,171,141,98,114,64,79,179,47,88,5,186,199,83,153,166,174,150,6,185,62,120,197,168,17,48,63];True
1871;7479;9350;[13,172,12,22,26,178,147,3,2,130,84,117,77,112,106,24,66,157,103,105,74,188,93,118,10,0,167,61,45,138,41,49,78,128,42,57,37,121,162,126,143,160,91,1,33,14,94,196,36,182,140,92,82,23,189,81,87,85,104,46,146,193,136,144,170,95,38,139,19,20,51,149,34,194,180,123,176,67,32,72,163,25,70,65,16,190,11,113,156,71,165,184,31,8,173,18,131,110,101,59,80,100,30,134,148,195,97,137,175,151,7,191,181,68,198,142,58,158,54,52,119,187,39,107,55,124,90,111,132,89,75,4,15,135,53,183,69,159,164,9,28,155,73,99,109,50,115,152,35,161,102,86,133,76,122,116,44,125,145,56,21,108,192,40,169,129,29,154,60,177,27,43,127,96,171,141,98,114,64,79,179,47,88,5,186,199,83,153,166,174,150,6,185,62,120,197,168,17,48,63];False
1837;7512;9349;[13,172,12,22,26,178,147,3,2,130,84,117,77,112,106,24,66,157,103,105,74,188,93,118,10,0,101,61,45,138,41,49,78,128,42,57,37,121,162,126,143,160,91,1,33,14,94,196,36,182,140,92,82,23,189,81,87,85,104,46,146,193,136,144,170,95,38,139,19,20,51,149,34,194,180,123,90,67,32,72,163,25,70,65,16,190,11,113,156,71,165,184,31,8,173,18,131,110,167,59,80,100,30,134,148,195,97,137,175,151,7,191,181,68,198,142,58,158,54,52,119,187,39,107,55,124,176,111,132,89,75,4,15,135,53,183,69,159,164,9,28,155,73,99,109,50,115,152,35,161,102,86,133,76,122,116,44,125,145,56,21,108,192,40,169,129,29,154,60,177,27,43,127,96,171,141,98,114,64,79,179,47,88,5,186,199,83,153,166,174,150,6,185,62,120,197,168,17,48,63];True
2233;7115;9348;[50,4,121,162,147,67,32,138,172,12,130,84,77,112,93,184,66,157,103,105,74,188,144,31,142,117,167,61,45,19,41,49,78,128,42,57,197,146,118,126,143,160,91,1,33,124,180,196,36,46,140,92,82,23,189,81,0,85,22,26,176,193,109,190,170,95,38,139,65,20,70,194,34,198,174,178,9,6,129,2,163,25,51,8,16,125,11,113,156,71,165,87,37,94,173,18,131,110,101,59,80,100,30,134,148,195,97,58,175,151,7,191,181,68,123,72,137,158,54,52,119,187,39,107,55,14,13,111,132,89,75,149,15,135,53,183,69,159,164,90,28,155,73,99,106,136,115,152,35,161,102,86,133,76,122,116,104,17,145,56,21,108,192,40,169,182,29,154,60,177,27,43,127,96,171,141,98,114,64,79,179,47,88,5,186,199,83,153,166,24,150,10,185,62,120,3,168,44,48,63];True
1871;7476;9347;[13,172,12,22,26,178,147,3,2,130,84,117,77,112,31,29,66,157,103,105,74,188,93,118,10,0,101,61,45,138,41,49,78,128,42,57,37,121,162,126,143,160,91,1,33,14,94,196,36,182,140,92,82,23,189,81,87,85,104,46,146,193,136,144,170,95,38,139,19,20,51,149,34,194,180,123,90,67,32,72,163,25,70,65,16,190,11,113,156,71,165,184,106,8,173,18,131,110,167,59,80,100,30,134,148,195,97,137,175,151,7,191,181,68,198,142,58,158,54,52,119,187,39,107,55,124,176,111,132,89,75,4,15,135,53,183,69,159,164,9,28,155,73,99,109,50,115,152,35,161,102,86,133,76,122,116,44,125,145,56,21,108,192,40,169,129,24,154,60,177,27,43,127,96,171,141,98,114,64,79,179,47,88,5,186,199,83,153,166,174,150,6,185,62,120,197,168,17,48,63];True
2159;7187;9346;[50,4,121,178,9,147,149,19,172,12,130,84,77,112,93,118,66,157,103,105,74,188,144,31,142,117,167,61,45,138,41,49,78,128,42,57,197,146,162,126,143,160,91,1,33,124,180,196,36,46,140,92,82,23,189,81,0,85,22,26,176,193,109,190,170,95,38,139,65,20,70,194,34,198,174,184,35,67,32,72,163,25,51,8,16,125,11,113,156,71,165,87,37,94,173,18,131,110,101,59,80,100,30,134,148,195,97,58,151,175,7,191,181,68,123,6,137,158,54,52,119,187,39,107,55,14,13,111,132,89,75,129,15,135,53,183,69,159,164,90,28,155,73,99,106,136,115,152,2,161,102,86,133,76,122,116,104,17,145,56,21,108,192,40,169,182,29,154,60,177,27,43,127,96,171,141,98,114,64,79,179,47,88,5,186,199,83,153,166,24,150,10,185,62,120,3,168,44,48,63];True
2224;7121;9345;[50,4,121,162,147,67,32,19,172,12,130,84,77,112,93,184,66,157,103,105,74,188,144,31,142,117,167,61,45,138,41,49,78,128,42,57,197,146,118,126,143,160,91,1,33,124,180,196,36,46,140,92,82,23,189,81,0,85,22,26,176,193,109,190,170,95,38,139,65,20,70,194,34,198,174,178,9,6,129,2,163,25,51,8,16,125,11,113,156,71,165,87,37,94,173,18,131,110,101,59,80,100,30,134,148,195,97,58,175,151,7,191,181,68,123,72,137,158,54,52,119,187,39,107,55,14,13,111,132,89,75,149,15,135,53,183,69,159,164,90,28,155,73,99,106,136,115,152,35,161,102,86,133,76,122,116,104,17,145,56,21,108,192,40,169,182,29,154,60,177,27,43,127,96,171,141,98,114,64,79,179,47,88,5,186,199,83,153,166,24,150,10,185,62,120,3,168,44,48,63];True
2223;7122;9345;[50,4,121,162,147,67,32,19,172,12,130,84,77,112,93,184,66,157,103,105,74,188,144,31,142,117,167,61,45,138,41,49,78,128,42,57,197,146,118,126,143,160,91,1,33,124,180,196,36,46,140,92,82,23,189,81,0,85,22,26,176,193,109,190,170,95,38,139,65,20,70,194,34,198,174,178,9,6,129,2,163,25,51,8,16,125,11,113,156,71,165,87,37,94,173,18,131,110,101,59,80,100,30,134,148,195,97,58,151,175,7,191,181,68,123,72,137,158,54,52,119,187,39,107,55,14,13,111,132,89,75,149,15,135,53,183,69,159,164,90,28,155,73,99,106,136,115,152,35,161,102,86,133,76,122,116,104,17,145,56,21,108,192,40,169,182,29,154,60,177,27,43,127,96,171,141,98,114,64,79,179,47,88,5,186,199,83,153,166,24,150,10,185,62,120,3,168,44,48,63];True
1884;7459;9343;[74,172,12,22,26,178,147,3,2,130,84,117,77,112,106,24,66,157,103,105,90,188,93,118,10,0,167,61,45,138,41,49,78,128,42,57,37,121,162,126,143,160,91,1,33,124,94,196,36,182,140,92,82,23,189,81,87,85,104,20,146,193,136,144,170,95,38,139,19,46,51,149,34,194,180,123,176,67,32,72,163,25,70,65,16,190,11,113,156,71,165,184,31,8,173,18,131,110,101,59,80,100,30,134,148,195,97,137,175,151,7,191,181,68,198,142,58,158,54,52,29,187,39,107,55,14,13,111,132,89,75,4,15,135,53,183,69,159,164,9,28,155,73,99,109,50,115,152,35,161,102,86,133,76,122,116,44,125,145,56,21,108,192,40,169,129,119,154,60,177,27,43,127,96,171,141,98,114,64,79,179,47,88,5,186,199,83,153,166,174,150,6,185,62,120,197,168,17,48,63];True
2163;7180;9343;[50,4,121,162,147,9,149,19,172,12,130,84,77,112,93,178,66,157,103,105,74,188,144,31,142,117,167,61,45,138,41,49,78,128,42,57,197,146,118,126,143,160,91,1,33,124,180,196,36,46,140,92,82,23,189,81,0,85,22,26,176,193,109,190,170,95,38,139,65,20,70,194,34,198,174,184,35,67,32,72,163,25,51,8,16,125,11,113,156,71,165,87,37,94,173,18,131,110,101,59,80,100,30,134,148,195,97,58,151,175,7,191,181,68,123,6,137,158,54,52,119,187,39,107,55,14,13,111,132,89,75,129,15,135,53,183,69,159,164,90,28,155,73,99,106,136,115,152,2,161,102,86,133,76,122,116,104,17,145,56,21,108,192,40,169,182,29,154,60,177,27,43,127,96,171,141,98,114,64,79,179,47,88,5,186,199,83,153,166,24,150,10,185,62,120,3,168,44,48,63];False
1905;7436;9341;[63,118,129,162,22,87,121,178,111,132,130,84,77,112,34,147,66,157,103,197,74,188,144,9,142,117,167,61,45,138,41,49,78,128,42,57,136,50,190,126,143,160,91,1,33,124,180,196,36,46,140,92,82,23,189,81,0,85,19,26,176,193,109,20,170,95,38,139,146,4,105,194,31,198,174,184,35,67,32,72,163,25,51,8,16,125,11,113,156,71,165,65,37,94,173,18,131,110,101,59,80,100,30,134,148,195,97,58,175,151,7,191,181,68,123,6,137,158,54,52,119,187,39,107,55,14,13,172,12,89,75,149,15,135,53,183,69,159,164,90,28,155,73,99,93,70,115,152,2,161,102,86,133,76,122,116,104,17,145,56,21,108,192,40,169,182,29,154,60,177,27,43,127,96,171,141,98,114,64,79,179,47,88,5,186,199,83,153,166,24,150,10,185,62,120,3,168,44,48,106];False
2164;7177;9341;[50,4,121,162,147,9,149,19,172,12,130,84,77,112,93,184,66,157,103,105,74,188,144,31,142,117,167,61,45,138,41,49,78,128,42,57,197,146,118,126,143,160,91,1,33,124,180,196,36,46,140,92,82,23,189,81,0,85,22,26,176,193,109,190,170,95,38,139,65,20,70,194,34,198,174,178,2,67,32,72,163,25,51,8,16,125,11,113,156,71,165,87,37,94,173,18,131,110,101,59,80,100,30,134,148,195,97,58,175,151,7,191,181,68,123,6,137,158,54,52,119,187,39,107,55,14,13,111,132,89,75,129,15,135,53,183,69,159,164,90,28,155,73,99,106,136,115,152,35,161,102,86,133,76,122,116,104,17,145,56,21,108,192,40,169,182,29,154,60,177,27,43,127,96,171,141,98,114,64,79,179,47,88,5,186,199,83,153,166,24,150,10,185,62,120,3,168,44,48,63];True
2163;7178;9341;[50,4,121,162,147,9,149,19,172,12,130,84,77,112,93,184,66,157,103,105,74,188,144,31,142,117,167,61,45,138,41,49,78,128,42,57,197,146,118,126,143,160,91,1,33,124,180,196,36,46,140,92,82,23,189,81,0,85,22,26,176,193,109,190,170,95,38,139,65,20,70,194,34,198,174,178,2,67,32,72,163,25,51,8,16,125,11,113,156,71,165,87,37,94,173,18,131,110,101,59,80,100,30,134,148,195,97,58,151,175,7,191,181,68,123,6,137,158,54,52,119,187,39,107,55,14,13,111,132,89,75,129,15,135,53,183,69,159,164,90,28,155,73,99,106,136,115,152,35,161,102,86,133,76,122,116,104,17,145,56,21,108,192,40,169,182,29,154,60,177,27,43,127,96,171,141,98,114,64,79,179,47,88,5,186,199,83,153,166,24,150,10,185,62,120,3,168,44,48,63];True
1876;7464;9340;[13,172,12,22,26,178,147,3,2,130,84,117,77,112,106,24,66,157,103,105,74,188,93,118,10,0,167,61,45,138,41,49,78,128,42,57,37,121,162,126,143,160,91,1,33,124,94,196,36,182,140,92,82,23,189,81,87,85,104,20,146,193,136,144,170,95,38,139,19,46,51,149,34,194,180,123,176,67,32,72,163,25,70,65,16,190,11,113,156,71,165,184,31,8,173,18,131,110,101,59,80,100,30,134,148,195,97,137,175,151,7,191,181,68,198,142,58,158,54,52,29,187,39,107,55,14,90,111,132,89,75,4,15,135,53,183,69,159,164,9,28,155,73,99,109,50,115,152,35,161,102,86,133,76,122,116,44,125,145,56,21,108,192,40,169,129,119,154,60,177,27,43,127,96,171,141,98,114,64,79,179,47,88,5,186,199,83,153,166,174,150,6,185,62,120,197,168,17,48,63];True
1879;7460;9339;[90,172,12,22,26,178,147,3,2,130,84,117,77,112,106,24,66,157,103,105,74,188,93,118,10,110,167,61,45,138,41,49,78,128,42,57,37,121,162,126,143,160,91,1,33,124,94,196,36,182,140,92,82,23,189,81,87,85,104,20,146,193,136,144,170,95,38,139,19,46,51,149,34,194,180,123,176,67,32,72,163,25,70,65,16,190,11,113,156,71,165,184,31,8,173,18,131,0,101,59,80,100,30,134,148,195,97,137,175,151,7,191,181,68,198,142,58,158,54,52,29,187,39,107,55,14,13,111,132,89,75,4,15,135,53,183,69,159,164,9,28,155,73,99,109,50,115,152,35,161,102,86,133,76,122,116,44,125,145,56,21,108,192,40,169,129,119,154,60,177,27,43,127,96,171,141,98,114,64,79,179,47,88,5,186,199,83,153,166,174,150,6,185,62,120,197,168,17,48,63];True
2147;7190;9337;[50,190,121,162,109,9,178,19,172,12,130,84,77,112,93,147,66,157,103,105,74,188,144,31,142,117,167,61,45,138,41,49,78,128,42,57,197,146,118,126,143,160,91,1,33,124,180,196,36,46,140,92,82,23,189,81,0,85,22,26,176,193,20,149,170,95,38,139,65,4,70,194,34,198,174,184,35,67,32,72,163,25,51,8,16,125,11,113,156,71,165,87,37,94,173,18,131,110,101,59,80,100,30,134,148,195,97,58,151,175,7,191,181,68,123,6,137,158,54,52,119,187,39,107,55,14,13,111,132,89,75,129,15,135,53,183,69,159,164,90,28,155,73,99,106,136,115,152,2,161,102,86,133,76,122,116,104,17,145,56,21,108,192,40,169,182,29,154,60,177,27,43,127,96,171,141,98,114,64,79,179,47,88,5,186,199,83,153,166,24,150,10,185,62,120,3,168,44,48,63];True
2148;7189;9337;[50,190,121,162,109,9,178,19,172,12,130,84,77,112,93,147,66,157,103,105,74,188,144,31,142,117,167,61,45,138,41,49,78,128,42,57,197,146,118,126,143,160,91,1,33,124,180,196,36,46,140,92,82,23,189,81,0,85,22,26,176,193,20,149,170,95,38,139,65,4,70,194,34,198,174,184,35,67,32,72,163,25,51,8,16,125,11,113,156,71,165,87,37,94,173,18,131,110,101,59,80,100,30,134,148,195,97,58,175,151,7,191,181,68,123,6,137,158,54,52,119,187,39,107,55,14,13,111,132,89,75,129,15,135,53,183,69,159,164,90,28,155,73,99,106,136,115,152,2,161,102,86,133,76,122,116,104,17,145,56,21,108,192,40,169,182,29,154,60,177,27,43,127,96,171,141,98,114,64,79,179,47,88,5,186,199,83,153,166,24,150,10,185,62,120,3,168,44,48,63];True
1909;7426;9335;[63,118,129,162,19,87,121,178,111,132,130,84,77,112,34,147,66,157,103,197,74,188,144,9,142,117,167,61,45,138,41,49,78,128,42,57,136,50,190,126,143,160,91,1,33,124,180,196,36,46,140,92,82,23,189,81,0,85,22,26,176,193,109,20,170,95,38,139,146,4,105,194,31,198,174,184,35,67,32,72,163,25,51,8,16,125,11,113,156,71,165,65,37,94,173,18,131,110,101,59,80,100,30,134,148,195,97,58,175,151,7,191,181,68,123,6,137,158,54,52,119,187,39,107,55,14,13,172,12,89,75,149,15,135,53,183,69,159,164,90,28,155,73,99,93,70,115,152,2,161,102,86,133,76,122,116,104,17,145,56,21,108,192,40,169,182,29,154,60,177,27,43,127,96,171,141,98,114,64,79,179,47,88,5,186,199,83,153,166,24,150,10,185,62,120,3,168,44,48,106];False
1940;7392;9332;[9,118,129,162,22,87,121,178,111,132,130,84,77,112,93,147,66,157,103,197,74,188,144,31,142,117,167,61,45,138,41,49,78,128,42,57,136,50,190,126,143,160,91,1,33,124,180,196,36,46,140,92,82,23,189,81,0,85,19,26,176,193,109,20,170,95,38,139,146,4,105,194,34,198,174,184,35,67,32,72,163,25,51,8,16,125,11,113,156,71,165,65,37,94,173,18,131,110,101,59,80,100,30,134,148,195,97,58,175,151,7,191,181,68,123,6,137,158,54,52,119,187,39,107,55,14,13,172,12,89,75,149,15,135,53,183,69,159,164,90,28,155,73,99,106,70,115,152,2,161,102,86,133,76,122,116,104,17,145,56,21,108,192,40,169,182,29,154,60,177,27,43,127,96,171,141,98,114,64,79,179,47,88,5,186,199,83,153,166,24,150,10,185,62,120,3,168,44,48,63];False
1993;7332;9325;[50,143,129,162,19,87,121,178,127,132,130,84,77,112,93,147,66,157,103,197,74,188,144,31,142,117,167,61,45,138,41,49,78,128,42,57,136,9,190,126,118,160,91,1,33,124,180,196,36,46,140,92,82,23,189,81,0,85,22,26,176,193,109,20,170,95,38,139,146,4,105,194,34,198,174,184,35,67,32,72,163,25,51,8,16,125,11,113,156,71,165,65,37,94,173,18,131,110,101,59,80,100,30,134,148,195,97,58,175,151,7,191,181,68,123,6,137,158,54,52,119,187,39,107,55,14,13,172,12,89,75,149,15,135,53,183,69,159,164,90,28,155,73,99,106,70,115,152,2,161,102,86,133,76,122,116,104,17,145,56,21,108,192,40,169,182,29,154,60,177,27,43,111,96,171,141,98,114,64,79,179,47,88,5,186,199,83,153,166,24,150,10,185,62,120,3,168,44,48,63];False
1941;7384;9325;[71,118,129,162,22,87,121,178,111,132,130,84,77,112,93,147,66,157,103,197,74,188,144,9,142,117,167,61,45,138,41,49,78,128,42,57,136,50,190,126,143,160,91,1,33,124,180,196,36,46,140,92,82,23,189,81,0,85,19,26,176,193,109,20,170,95,38,139,146,4,105,194,31,198,174,184,35,67,32,72,163,25,51,8,16,125,11,113,156,34,165,65,37,94,173,18,131,110,101,59,80,100,30,134,148,195,97,58,175,151,7,191,181,68,123,6,137,158,54,52,119,187,39,107,55,14,13,172,12,89,75,149,15,135,53,183,69,159,164,90,28,155,73,99,106,70,115,152,2,161,102,86,133,76,122,116,104,17,145,56,21,108,192,40,169,182,29,154,60,177,27,43,127,96,171,141,98,114,64,79,179,47,88,5,186,199,83,153,166,24,150,10,185,62,120,3,168,44,48,63];False
2131;7193;9324;[50,4,121,178,147,9,149,19,172,12,130,84,77,112,93,118,66,157,103,105,74,188,144,31,142,117,167,61,45,138,41,49,78,128,42,57,197,146,162,126,143,160,91,1,33,124,180,196,36,46,140,92,82,23,189,81,0,85,22,26,176,193,109,190,170,95,38,139,65,20,70,194,34,198,174,184,35,67,32,72,163,25,51,8,16,125,11,113,156,71,165,87,37,94,173,18,131,110,101,59,80,100,30,134,148,195,97,58,151,175,7,191,181,68,123,6,137,158,54,52,119,187,39,107,55,14,13,111,132,89,75,129,15,135,53,183,69,159,164,90,28,155,73,99,106,136,115,152,2,161,102,86,133,76,122,116,104,17,145,56,21,108,192,40,169,182,29,154,60,177,27,43,127,96,171,141,98,114,64,79,179,47,88,5,186,199,83,153,166,24,150,10,185,62,120,3,168,44,48,63];True
1896;7426;9322;[90,172,12,22,26,178,147,3,2,130,84,117,77,112,106,24,66,157,103,105,74,188,93,118,10,0,167,61,45,138,41,49,78,128,42,57,37,121,162,126,143,160,91,1,33,124,94,196,36,182,140,92,82,23,189,81,87,85,104,20,146,193,136,144,170,95,38,139,19,46,51,149,34,194,180,123,176,67,32,72,163,25,70,65,16,190,11,113,156,71,165,184,31,8,173,18,131,110,101,59,80,100,30,134,148,195,97,137,175,151,7,191,181,68,198,142,58,158,54,52,29,187,39,107,55,14,13,111,132,89,75,4,15,135,53,183,69,159,164,9,28,155,73,99,109,50,115,152,35,161,102,86,133,76,122,116,44,125,145,56,21,108,192,40,169,129,119,154,60,177,27,43,127,96,171,141,98,114,64,79,179,47,88,5,186,199,83,153,166,174,150,6,185,62,120,197,168,17,48,63];True
2108;7213;9321;[50,190,121,178,147,9,149,19,172,12,130,84,77,112,93,118,66,157,103,105,74,188,144,31,142,117,167,61,45,138,41,49,78,128,42,57,197,146,162,126,143,160,91,1,33,124,180,196,36,46,140,92,82,23,189,81,0,85,22,26,176,193,109,20,170,95,38,139,65,4,70,194,34,198,174,184,35,67,32,72,163,25,51,8,16,125,11,113,156,71,165,87,37,94,173,18,131,110,101,59,80,100,30,134,148,195,97,58,151,175,7,191,181,68,123,6,137,158,54,52,119,187,39,107,55,14,13,111,132,89,75,129,15,135,53,183,69,159,164,90,28,155,73,99,106,136,115,152,2,161,102,86,133,76,122,116,104,17,145,56,21,108,192,40,169,182,29,154,60,177,27,43,127,96,171,141,98,114,64,79,179,47,88,5,186,199,83,153,166,24,150,10,185,62,120,3,168,44,48,63];False
1993;7327;9320;[9,143,129,162,22,87,121,178,111,132,130,84,77,112,93,147,66,157,103,105,74,188,144,31,142,117,167,61,45,138,41,49,78,128,42,57,197,50,190,126,118,160,91,1,33,124,180,196,36,46,140,92,82,23,189,81,0,85,19,26,176,193,109,20,170,95,38,139,146,4,70,194,34,198,174,184,35,67,32,72,163,25,51,8,16,125,11,113,156,71,165,65,37,94,173,18,131,110,101,59,80,100,30,134,148,195,97,58,151,175,7,191,181,68,123,6,137,158,54,52,119,187,39,107,55,14,13,172,12,89,75,149,15,135,53,183,69,159,164,90,28,155,73,99,106,136,115,152,2,161,102,86,133,76,122,116,104,17,145,56,21,108,192,40,169,182,29,154,60,177,27,43,127,96,171,141,98,114,64,79,179,47,88,5,186,199,83,153,166,24,150,10,185,62,120,3,168,44,48,63];False
1945;7374;9319;[71,118,129,162,19,87,121,178,111,132,130,84,77,112,93,147,66,157,103,197,74,188,144,9,142,117,167,61,45,138,41,49,78,128,42,57,136,50,190,126,143,160,91,1,33,124,180,196,36,46,140,92,82,23,189,81,0,85,22,26,176,193,109,20,170,95,38,139,146,4,105,194,31,198,174,184,35,67,32,72,163,25,51,8,16,125,11,113,156,34,165,65,37,94,173,18,131,110,101,59,80,100,30,134,148,195,97,58,175,151,7,191,181,68,123,6,137,158,54,52,119,187,39,107,55,14,13,172,12,89,75,149,15,135,53,183,69,159,164,90,28,155,73,99,106,70,115,152,2,161,102,86,133,76,122,116,104,17,145,56,21,108,192,40,169,182,29,154,60,177,27,43,127,96,171,141,98,114,64,79,179,47,88,5,186,199,83,153,166,24,150,10,185,62,120,3,168,44,48,63];False
1996;7321;9317;[180,123,129,162,22,87,121,178,127,132,130,84,77,112,93,147,66,157,103,105,74,188,144,31,142,117,167,61,45,138,41,49,78,128,42,57,197,146,190,126,143,160,91,1,33,124,44,196,36,46,140,92,82,23,189,81,0,85,19,26,176,193,109,20,170,95,38,139,9,4,70,194,34,198,174,184,35,67,32,72,163,25,51,8,16,125,11,113,156,71,165,65,37,94,173,18,131,110,101,59,80,100,30,134,148,195,97,58,151,175,7,191,181,68,118,6,137,158,54,52,119,187,39,107,55,14,13,172,12,89,75,149,15,135,53,183,69,159,164,90,28,155,73,99,106,136,115,152,2,161,102,86,133,76,122,116,104,17,145,56,21,108,192,40,169,182,29,154,60,177,27,43,111,96,171,141,98,114,64,79,179,47,88,5,186,199,83,153,166,24,150,10,185,62,120,3,168,50,48,63];False
1982;7335;9317;[180,123,129,162,19,87,121,178,111,132,130,84,77,112,93,147,66,157,103,105,74,188,144,31,142,117,167,61,45,138,41,49,78,128,42,57,197,170,190,126,143,160,91,1,33,124,44,196,36,46,140,92,82,23,189,81,0,85,22,26,176,193,109,20,146,95,38,139,9,4,70,194,34,198,174,184,35,67,32,72,163,25,51,8,16,125,11,113,156,71,165,65,37,94,173,18,131,110,101,59,80,100,30,134,148,195,97,58,151,175,7,191,181,68,118,6,137,158,54,52,119,187,39,107,55,14,13,172,12,89,75,149,15,135,53,183,69,159,164,90,28,155,73,99,106,136,115,152,2,161,102,86,133,76,122,116,104,17,145,56,21,108,192,40,169,182,29,154,60,177,27,43,127,96,171,141,98,114,64,79,179,47,88,5,186,199,83,153,166,24,150,10,185,62,120,3,168,50,48,63];False
1995;7322;9317;[50,143,129,162,22,87,121,178,111,132,130,84,77,112,93,147,66,157,103,197,74,188,144,31,142,117,167,61,45,138,41,49,78,128,42,57,125,9,190,126,118,160,91,1,33,124,180,196,36,46,140,92,82,23,189,81,0,85,19,26,176,193,109,20,170,95,38,139,146,4,105,194,34,198,174,184,35,67,32,72,163,25,51,8,16,136,11,113,156,71,165,65,37,94,173,18,131,110,101,59,80,100,30,134,148,195,97,58,175,151,7,191,181,68,123,6,137,158,54,52,119,187,39,107,55,14,13,172,12,89,75,149,15,135,53,183,69,159,164,90,28,155,73,99,106,70,115,152,2,161,102,86,133,76,122,116,104,17,145,56,21,108,192,40,169,182,29,154,60,177,27,43,127,96,171,141,98,114,64,79,179,47,88,5,186,199,83,153,166,24,150,10,185,62,120,3,168,44,48,63];False
1947;7370;9317;[9,118,129,162,22,87,121,178,111,132,130,84,77,112,93,147,66,157,103,197,74,188,144,31,142,117,167,61,45,138,41,49,78,128,42,57,191,50,190,126,143,160,91,1,33,124,180,196,36,46,140,92,82,23,189,81,0,85,19,26,176,193,109,20,170,95,38,139,146,4,105,194,34,198,174,184,35,67,32,72,163,25,51,8,16,125,11,113,156,71,165,65,37,94,173,18,131,110,101,59,80,100,30,134,148,195,97,58,175,151,7,136,181,68,123,6,137,158,54,52,119,187,39,107,55,14,13,172,12,89,75,149,15,135,53,183,69,159,164,90,28,155,73,99,106,70,115,152,2,161,102,86,133,76,122,116,104,17,145,56,21,108,192,40,169,182,29,154,60,177,27,43,127,96,171,141,98,114,64,79,179,47,88,5,186,199,83,153,166,24,150,10,185,62,120,3,168,44,48,63];False
1997;7320;9317;[180,123,129,162,22,87,121,178,127,132,130,84,77,112,93,147,66,157,103,105,74,188,144,31,142,117,167,61,45,138,41,49,78,128,42,57,197,146,190,126,143,160,91,1,33,124,44,196,36,46,140,92,82,23,189,81,0,85,19,26,176,193,109,20,170,95,38,139,9,4,70,194,34,198,174,184,35,67,32,72,163,25,51,8,16,125,11,113,156,71,165,65,37,94,173,18,131,110,101,59,80,100,30,134,148,195,97,58,175,151,7,191,181,68,118,6,137,158,54,52,119,187,39,107,55,14,13,172,12,89,75,149,15,135,53,183,69,159,164,90,28,155,73,99,106,136,115,152,2,161,102,86,133,76,122,116,104,17,145,56,21,108,192,40,169,182,29,154,60,177,27,43,111,96,171,141,98,114,64,79,179,47,88,5,186,199,83,153,166,24,150,10,185,62,120,3,168,50,48,63];False
2110;7204;9314;[50,4,121,178,147,9,149,19,172,12,130,84,77,112,93,162,66,157,103,105,74,188,144,31,142,117,167,61,45,138,41,49,78,128,42,57,197,146,118,126,143,160,91,1,33,124,180,196,36,46,140,92,82,23,189,81,0,85,22,26,176,193,109,190,170,95,38,139,65,20,70,194,34,198,174,184,35,67,32,72,163,25,51,8,16,125,11,113,156,71,165,87,37,94,173,18,131,110,101,59,80,100,30,134,148,195,97,58,151,175,7,191,181,68,123,6,137,158,54,52,119,187,39,107,55,14,13,111,132,89,75,129,15,135,53,183,69,159,164,90,28,155,73,99,106,136,115,152,2,161,102,86,133,76,122,116,104,17,145,56,21,108,192,40,169,182,29,154,60,177,27,43,127,96,171,141,98,114,64,79,179,47,88,5,186,199,83,153,166,24,150,10,185,62,120,3,168,44,48,63];False
1987;7326;9313;[180,118,129,162,22,87,121,178,127,132,130,84,77,112,93,147,66,157,103,105,74,188,144,31,142,117,167,61,45,138,41,49,78,128,42,57,197,170,190,126,143,160,91,1,33,124,44,196,36,46,140,92,82,23,189,81,0,85,19,26,176,193,109,20,146,95,38,139,9,4,70,194,34,198,174,184,35,67,32,72,163,25,51,8,16,125,11,113,156,71,165,65,37,94,173,18,131,110,101,59,80,100,30,134,148,195,97,58,151,175,7,191,181,68,123,6,137,158,54,52,119,187,39,107,55,14,13,172,12,89,75,149,15,135,53,183,69,159,164,90,28,155,73,99,106,136,115,152,2,161,102,86,133,76,122,116,104,17,145,56,21,108,192,40,169,182,29,154,60,177,27,43,111,96,171,141,98,114,64,79,179,47,88,5,186,199,83,153,166,24,150,10,185,62,120,3,168,50,48,63];False
1988;7325;9313;[180,118,129,162,22,87,121,178,127,132,130,84,77,112,93,147,66,157,103,105,74,188,144,31,142,117,167,61,45,138,41,49,78,128,42,57,197,170,190,126,143,160,91,1,33,124,44,196,36,46,140,92,82,23,189,81,0,85,19,26,176,193,109,20,146,95,38,139,9,4,70,194,34,198,174,184,35,67,32,72,163,25,51,8,16,125,11,113,156,71,165,65,37,94,173,18,131,110,101,59,80,100,30,134,148,195,97,58,175,151,7,191,181,68,123,6,137,158,54,52,119,187,39,107,55,14,13,172,12,89,75,149,15,135,53,183,69,159,164,90,28,155,73,99,106,136,115,152,2,161,102,86,133,76,122,116,104,17,145,56,21,108,192,40,169,182,29,154,60,177,27,43,111,96,171,141,98,114,64,79,179,47,88,5,186,199,83,153,166,24,150,10,185,62,120,3,168,50,48,63];False
2119;7194;9313;[50,190,121,162,126,20,178,19,172,12,130,84,77,112,93,147,66,157,103,105,74,188,144,31,142,117,167,61,45,138,41,49,78,128,42,57,197,146,118,109,143,160,91,1,33,124,180,196,36,46,140,92,82,23,189,81,0,85,22,26,176,193,9,149,170,95,38,139,65,4,70,194,34,198,174,184,35,67,32,72,163,25,51,8,16,125,11,113,156,71,165,87,37,94,173,18,131,110,101,59,80,100,30,134,148,195,97,58,175,151,7,191,181,68,123,6,137,158,54,52,119,187,39,107,55,14,13,111,132,89,75,129,15,135,53,183,69,159,164,90,28,155,73,99,106,136,115,152,2,161,102,86,133,76,122,116,104,17,145,56,21,108,192,40,169,182,29,154,60,177,27,43,127,96,171,141,98,114,64,79,179,47,88,5,186,199,83,153,166,24,150,10,185,62,120,3,168,44,48,63];True
2118;7195;9313;[50,190,121,162,126,20,178,19,172,12,130,84,77,112,93,147,66,157,103,105,74,188,144,31,142,117,167,61,45,138,41,49,78,128,42,57,197,146,118,109,143,160,91,1,33,124,180,196,36,46,140,92,82,23,189,81,0,85,22,26,176,193,9,149,170,95,38,139,65,4,70,194,34,198,174,184,35,67,32,72,163,25,51,8,16,125,11,113,156,71,165,87,37,94,173,18,131,110,101,59,80,100,30,134,148,195,97,58,151,175,7,191,181,68,123,6,137,158,54,52,119,187,39,107,55,14,13,111,132,89,75,129,15,135,53,183,69,159,164,90,28,155,73,99,106,136,115,152,2,161,102,86,133,76,122,116,104,17,145,56,21,108,192,40,169,182,29,154,60,177,27,43,127,96,171,141,98,114,64,79,179,47,88,5,186,199,83,153,166,24,150,10,185,62,120,3,168,44,48,63];True
2084;7229;9313;[50,190,121,178,9,118,149,19,172,12,130,84,77,112,93,147,66,157,103,105,74,188,144,31,142,117,167,61,45,138,41,49,78,128,42,57,197,146,162,126,143,160,91,1,33,124,180,196,36,46,140,92,82,23,189,81,0,85,22,26,176,193,109,20,170,95,38,139,65,4,70,194,34,198,174,184,35,67,32,72,163,25,51,8,16,125,11,113,156,71,165,87,37,94,173,18,131,110,101,59,80,100,30,134,148,195,97,58,175,151,7,191,181,68,123,6,137,158,54,52,119,187,39,107,55,14,13,111,132,89,75,129,15,135,53,183,69,159,164,90,28,155,73,99,106,136,115,152,2,161,102,86,133,76,122,116,104,17,145,56,21,108,192,40,169,182,29,154,60,179,27,43,127,96,171,141,98,114,64,79,177,47,88,5,186,199,83,153,166,24,150,10,185,62,120,3,168,44,48,63];False
2083;7230;9313;[50,190,121,178,9,118,149,19,172,12,130,84,77,112,93,147,66,157,103,105,74,188,144,31,142,117,167,61,45,138,41,49,78,128,42,57,197,146,162,126,143,160,91,1,33,124,180,196,36,46,140,92,82,23,189,81,0,85,22,26,176,193,109,20,170,95,38,139,65,4,70,194,34,198,174,184,35,67,32,72,163,25,51,8,16,125,11,113,156,71,165,87,37,94,173,18,131,110,101,59,80,100,30,134,148,195,97,58,151,175,7,191,181,68,123,6,137,158,54,52,119,187,39,107,55,14,13,111,132,89,75,129,15,135,53,183,69,159,164,90,28,155,73,99,106,136,115,152,2,161,102,86,133,76,122,116,104,17,145,56,21,108,192,40,169,182,29,154,60,179,27,43,127,96,171,141,98,114,64,79,177,47,88,5,186,199,83,153,166,24,150,10,185,62,120,3,168,44,48,63];False
1979;7333;9312;[180,118,129,162,22,87,121,178,111,132,130,84,77,112,93,147,66,157,103,105,74,188,144,31,142,117,167,61,45,138,41,49,78,128,42,57,197,170,190,126,35,160,91,1,33,124,44,196,36,46,140,92,82,23,189,81,0,85,19,26,176,193,109,20,146,95,38,139,9,4,70,194,34,198,174,184,143,67,32,72,163,25,51,8,16,125,11,113,156,71,165,65,37,94,173,18,131,110,101,59,80,100,30,134,148,195,97,58,175,151,7,191,181,68,123,6,137,158,54,52,119,187,39,107,55,14,13,172,12,89,75,149,15,135,53,183,69,159,164,90,28,155,73,99,106,136,115,152,2,161,102,86,133,76,122,116,104,17,145,56,21,108,192,40,169,182,29,154,60,177,27,43,127,96,171,141,98,114,64,79,179,47,88,5,186,199,83,153,166,24,150,10,185,62,120,3,168,50,48,63];False
1978;7334;9312;[180,118,129,162,22,87,121,178,111,132,130,84,77,112,93,147,66,157,103,105,74,188,144,31,142,117,167,61,45,138,41,49,78,128,42,57,197,170,190,126,35,160,91,1,33,124,44,196,36,46,140,92,82,23,189,81,0,85,19,26,176,193,109,20,146,95,38,139,9,4,70,194,34,198,174,184,143,67,32,72,163,25,51,8,16,125,11,113,156,71,165,65,37,94,173,18,131,110,101,59,80,100,30,134,148,195,97,58,151,175,7,191,181,68,123,6,137,158,54,52,119,187,39,107,55,14,13,172,12,89,75,149,15,135,53,183,69,159,164,90,28,155,73,99,106,136,115,152,2,161,102,86,133,76,122,116,104,17,145,56,21,108,192,40,169,182,29,154,60,177,27,43,127,96,171,141,98,114,64,79,179,47,88,5,186,199,83,153,166,24,150,10,185,62,120,3,168,50,48,63];False
2043;7269;9312;[50,143,129,162,19,87,121,178,127,132,130,84,77,112,93,147,66,157,103,105,74,188,144,31,142,117,167,61,45,138,41,49,78,128,42,57,197,126,190,9,118,160,91,1,33,124,180,196,36,46,140,92,82,23,189,81,0,85,22,26,176,193,109,20,170,95,38,139,146,4,70,194,34,198,174,184,35,67,32,72,163,25,51,8,16,125,11,113,156,71,165,65,37,94,173,18,131,110,101,59,80,100,30,134,148,195,97,58,175,151,7,191,181,68,123,6,137,158,54,52,119,187,39,107,55,14,13,172,12,89,75,149,15,135,53,183,69,159,164,90,28,155,73,99,106,136,115,152,2,161,102,86,133,76,122,116,104,17,145,56,21,108,192,40,169,182,29,154,60,177,27,43,111,96,171,141,98,114,64,79,179,47,88,5,186,199,83,153,166,24,150,10,185,62,120,3,168,44,48,63];False
2001;7310;9311;[180,123,129,162,19,87,121,178,127,132,130,84,77,112,93,147,66,157,103,105,74,188,144,31,142,117,167,61,45,138,41,49,78,128,42,57,197,146,190,126,143,160,91,1,33,124,44,196,36,46,140,92,82,23,189,81,0,85,22,26,176,193,109,20,170,95,38,139,9,4,70,194,34,198,174,184,35,67,32,72,163,25,51,8,16,125,11,113,156,71,165,65,37,94,173,18,131,110,101,59,80,100,30,134,148,195,97,58,175,151,7,191,181,68,118,6,137,158,54,52,119,187,39,107,55,14,13,172,12,89,75,149,15,135,53,183,69,159,164,90,28,155,73,99,106,136,115,152,2,161,102,86,133,76,122,116,104,17,145,56,21,108,192,40,169,182,29,154,60,177,27,43,111,96,171,141,98,114,64,79,179,47,88,5,186,199,83,153,166,24,150,10,185,62,120,3,168,50,48,63];False
2041;7270;9311;[50,143,129,162,22,87,121,178,111,132,130,84,77,112,93,147,66,157,103,105,74,188,144,31,142,117,167,61,45,138,41,49,78,128,42,57,197,126,190,9,118,160,91,1,33,124,180,196,36,46,140,92,82,23,189,81,0,85,19,26,176,193,109,20,170,95,38,139,146,4,70,194,34,198,174,184,35,67,32,72,163,25,51,8,16,125,11,113,156,71,165,65,37,94,173,18,131,110,101,59,80,100,30,134,148,195,97,58,175,151,7,191,181,68,123,6,137,158,54,52,119,187,39,107,55,14,13,172,12,89,75,149,15,135,53,183,69,159,164,90,28,155,73,99,106,136,115,152,2,161,102,86,133,76,122,116,104,17,145,56,21,108,192,40,169,182,29,154,60,177,27,43,127,96,171,141,98,114,64,79,179,47,88,5,186,199,83,153,166,24,150,10,185,62,120,3,168,44,48,63];False
2098;7212;9310;[50,4,121,178,9,143,149,19,172,12,130,84,77,112,93,147,66,157,103,105,74,188,144,31,142,117,167,61,45,138,41,49,78,128,42,57,197,146,162,126,118,160,91,1,33,124,180,196,36,46,140,92,82,23,189,81,0,85,22,26,176,193,109,190,170,95,38,139,65,20,70,194,34,198,174,184,35,67,32,72,163,25,51,8,16,125,11,113,156,71,165,87,37,94,173,18,131,110,101,59,80,100,30,134,148,195,97,58,175,151,7,191,181,68,123,6,137,158,54,52,119,187,39,107,55,14,13,111,132,89,75,129,15,135,53,183,69,159,164,90,28,155,73,99,106,136,115,152,2,161,102,86,133,76,122,116,104,17,145,56,21,108,192,40,169,182,29,154,60,177,27,43,127,96,171,141,98,114,64,79,179,47,88,5,186,199,83,153,166,24,150,10,185,62,120,3,168,44,48,63];True
2097;7213;9310;[50,4,121,178,9,143,149,19,172,12,130,84,77,112,93,147,66,157,103,105,74,188,144,31,142,117,167,61,45,138,41,49,78,128,42,57,197,146,162,126,118,160,91,1,33,124,180,196,36,46,140,92,82,23,189,81,0,85,22,26,176,193,109,190,170,95,38,139,65,20,70,194,34,198,174,184,35,67,32,72,163,25,51,8,16,125,11,113,156,71,165,87,37,94,173,18,131,110,101,59,80,100,30,134,148,195,97,58,151,175,7,191,181,68,123,6,137,158,54,52,119,187,39,107,55,14,13,111,132,89,75,129,15,135,53,183,69,159,164,90,28,155,73,99,106,136,115,152,2,161,102,86,133,76,122,116,104,17,145,56,21,108,192,40,169,182,29,154,60,177,27,43,127,96,171,141,98,114,64,79,179,47,88,5,186,199,83,153,166,24,150,10,185,62,120,3,168,44,48,63];False
2102;7208;9310;[50,190,121,162,109,20,178,19,172,12,130,84,77,112,93,147,66,157,103,105,74,188,144,31,142,117,167,61,45,138,41,49,78,128,42,57,197,146,118,126,143,160,91,1,33,124,180,196,36,46,140,92,82,23,189,81,0,85,22,26,176,193,9,149,170,95,38,139,65,4,70,194,34,198,174,184,35,67,32,72,163,25,51,8,16,125,11,113,156,71,165,87,37,94,173,18,131,110,101,59,80,100,30,134,148,195,97,58,151,175,7,191,181,68,123,6,137,158,54,52,119,187,39,107,55,14,13,111,132,89,75,129,15,135,53,183,69,159,164,90,28,155,73,99,106,136,115,152,2,161,102,86,133,76,122,116,104,17,145,56,21,108,192,40,169,182,29,154,60,177,27,43,127,96,171,141,98,114,64,79,179,47,88,5,186,199,83,153,166,24,150,10,185,62,120,3,168,44,48,63];True
2103;7207;9310;[50,190,121,162,109,20,178,19,172,12,130,84,77,112,93,147,66,157,103,105,74,188,144,31,142,117,167,61,45,138,41,49,78,128,42,57,197,146,118,126,143,160,91,1,33,124,180,196,36,46,140,92,82,23,189,81,0,85,22,26,176,193,9,149,170,95,38,139,65,4,70,194,34,198,174,184,35,67,32,72,163,25,51,8,16,125,11,113,156,71,165,87,37,94,173,18,131,110,101,59,80,100,30,134,148,195,97,58,175,151,7,191,181,68,123,6,137,158,54,52,119,187,39,107,55,14,13,111,132,89,75,129,15,135,53,183,69,159,164,90,28,155,73,99,106,136,115,152,2,161,102,86,133,76,122,116,104,17,145,56,21,108,192,40,169,182,29,154,60,177,27,43,127,96,171,141,98,114,64,79,179,47,88,5,186,199,83,153,166,24,150,10,185,62,120,3,168,44,48,63];True
1974;7335;9309;[146,118,129,162,22,87,121,178,111,132,130,84,77,112,93,147,66,157,103,197,74,188,144,31,142,117,167,61,45,138,41,49,78,128,42,57,191,50,190,126,143,160,91,1,33,124,180,196,36,46,140,92,82,23,189,81,0,85,19,26,176,193,109,20,170,95,38,139,9,4,105,194,34,198,174,184,35,67,32,72,163,25,51,8,16,125,11,113,156,71,165,65,37,94,173,18,131,110,101,59,80,100,30,134,148,195,97,58,175,151,7,136,181,68,123,6,137,158,54,52,119,187,39,107,55,14,13,172,12,89,75,149,15,135,53,183,69,159,164,90,28,155,73,99,106,70,115,152,2,161,102,86,133,76,122,116,104,17,145,56,21,108,192,40,169,182,29,154,60,177,27,43,127,96,171,141,98,114,64,79,179,47,88,5,186,199,83,153,166,24,150,10,185,62,120,3,168,44,48,63];False
2008;7300;9308;[180,118,129,162,19,87,121,178,111,132,130,84,77,112,93,147,66,157,103,70,74,188,144,31,142,117,167,61,45,138,41,49,78,128,42,57,197,146,190,126,143,160,91,1,33,124,44,196,36,46,140,92,82,23,189,81,0,85,22,26,176,193,109,20,170,95,38,139,9,4,105,194,34,198,174,184,35,67,32,72,163,25,51,8,16,125,11,113,156,71,165,65,37,94,173,18,131,110,101,59,80,100,30,134,148,195,97,58,151,175,7,191,181,68,123,6,137,158,54,52,119,187,39,107,55,14,13,172,12,89,75,149,15,135,53,183,69,159,164,90,28,155,73,99,106,136,115,152,2,161,102,86,133,76,122,116,104,17,145,56,21,108,192,40,169,182,29,154,60,177,27,43,127,96,171,141,98,114,64,79,179,47,88,5,186,199,83,153,166,24,150,10,185,62,120,3,168,50,48,63];False
2109;7198;9307;[50,4,121,178,9,118,149,19,172,12,130,84,77,112,93,147,66,157,103,105,74,188,144,31,142,117,167,61,45,138,41,49,78,128,42,57,197,146,162,126,143,160,91,1,33,124,180,196,36,46,140,92,82,23,189,81,0,85,22,26,176,193,109,190,170,95,38,139,65,20,70,194,34,198,174,184,35,67,32,72,163,25,51,8,16,125,11,113,156,71,165,87,37,94,173,18,131,110,101,59,80,100,30,134,148,195,97,58,151,175,7,191,181,68,123,6,137,158,54,52,119,187,39,107,55,14,13,111,132,89,75,129,15,135,53,183,69,159,164,90,28,155,73,99,106,136,115,152,2,161,102,86,133,76,122,116,104,17,145,56,21,108,192,40,169,182,29,154,60,177,27,43,127,96,171,141,98,114,64,79,179,47,88,5,186,199,83,153,166,24,150,10,185,62,120,3,168,44,48,63];True
2110;7197;9307;[50,4,121,178,9,118,149,19,172,12,130,84,77,112,93,147,66,157,103,105,74,188,144,31,142,117,167,61,45,138,41,49,78,128,42,57,197,146,162,126,143,160,91,1,33,124,180,196,36,46,140,92,82,23,189,81,0,85,22,26,176,193,109,190,170,95,38,139,65,20,70,194,34,198,174,184,35,67,32,72,163,25,51,8,16,125,11,113,156,71,165,87,37,94,173,18,131,110,101,59,80,100,30,134,148,195,97,58,175,151,7,191,181,68,123,6,137,158,54,52,119,187,39,107,55,14,13,111,132,89,75,129,15,135,53,183,69,159,164,90,28,155,73,99,106,136,115,152,2,161,102,86,133,76,122,116,104,17,145,56,21,108,192,40,169,182,29,154,60,177,27,43,127,96,171,141,98,114,64,79,179,47,88,5,186,199,83,153,166,24,150,10,185,62,120,3,168,44,48,63];True
1992;7315;9307;[180,118,129,162,19,87,121,178,127,132,130,84,77,112,93,147,66,157,103,105,74,188,144,31,142,117,167,61,45,138,41,49,78,128,42,57,197,170,190,126,143,160,91,1,33,124,44,196,36,46,140,92,82,23,189,81,0,85,22,26,176,193,109,20,146,95,38,139,9,4,70,194,34,198,174,184,35,67,32,72,163,25,51,8,16,125,11,113,156,71,165,65,37,94,173,18,131,110,101,59,80,100,30,134,148,195,97,58,175,151,7,191,181,68,123,6,137,158,54,52,119,187,39,107,55,14,13,172,12,89,75,149,15,135,53,183,69,159,164,90,28,155,73,99,106,136,115,152,2,161,102,86,133,76,122,116,104,17,145,56,21,108,192,40,169,182,29,154,60,177,27,43,111,96,171,141,98,114,64,79,179,47,88,5,186,199,83,153,166,24,150,10,185,62,120,3,168,50,48,63];False
1983;7323;9306;[180,118,129,162,19,87,121,178,111,132,130,84,77,112,93,147,66,157,103,105,74,188,144,31,142,117,167,61,45,138,41,49,78,128,42,57,197,170,190,126,35,160,91,1,33,124,44,196,36,46,140,92,82,23,189,81,0,85,22,26,176,193,109,20,146,95,38,139,9,4,70,194,34,198,174,184,143,67,32,72,163,25,51,8,16,125,11,113,156,71,165,65,37,94,173,18,131,110,101,59,80,100,30,134,148,195,97,58,175,151,7,191,181,68,123,6,137,158,54,52,119,187,39,107,55,14,13,172,12,89,75,149,15,135,53,183,69,159,164,90,28,155,73,99,106,136,115,152,2,161,102,86,133,76,122,116,104,17,145,56,21,108,192,40,169,182,29,154,60,177,27,43,127,96,171,141,98,114,64,79,179,47,88,5,186,199,83,153,166,24,150,10,185,62,120,3,168,50,48,63];False
1911;7395;9306;[106,118,129,162,19,87,121,178,111,132,130,84,77,112,34,147,66,157,103,197,74,188,144,9,142,117,167,61,45,138,41,49,78,128,42,57,136,50,190,126,143,160,91,1,33,124,180,196,36,46,140,92,82,23,189,81,0,85,22,26,176,193,109,20,170,95,38,139,146,4,105,194,31,198,174,184,35,67,32,72,163,25,51,8,16,125,11,113,156,71,165,65,37,94,173,18,131,110,101,59,80,100,30,134,148,195,97,58,175,151,7,191,181,68,123,6,137,158,54,52,119,187,39,107,55,14,13,172,12,89,75,149,15,135,53,183,69,159,164,90,28,155,73,99,93,70,115,152,2,161,102,86,133,76,122,116,104,17,145,56,21,108,192,40,169,182,29,154,60,177,27,43,127,96,171,141,98,114,64,79,179,47,88,5,186,199,83,153,166,24,150,10,185,62,120,3,168,44,48,63];True
1990;7316;9306;[180,118,129,162,22,87,121,178,111,132,130,84,77,112,93,147,66,157,103,105,74,188,144,31,142,117,167,61,45,138,41,49,78,128,42,57,197,170,190,126,143,160,91,1,33,124,44,196,36,46,140,92,82,23,189,81,0,85,19,26,176,193,109,20,146,95,38,139,9,4,70,194,34,198,174,184,35,67,32,72,163,25,51,8,16,125,11,113,156,71,165,65,37,94,173,18,131,110,101,59,80,100,30,134,148,195,97,58,175,151,7,191,181,68,123,6,137,158,54,52,119,187,39,107,55,14,13,172,12,89,75,149,15,135,53,183,69,159,164,90,28,155,73,99,106,136,115,152,2,161,102,86,133,76,122,116,104,17,145,56,21,108,192,40,169,182,29,154,60,177,27,43,127,96,171,141,98,114,64,79,179,47,88,5,186,199,83,153,166,24,150,10,185,62,120,3,168,50,48,63];False
1989;7317;9306;[180,118,129,162,22,87,121,178,111,132,130,84,77,112,93,147,66,157,103,105,74,188,144,31,142,117,167,61,45,138,41,49,78,128,42,57,197,170,190,126,143,160,91,1,33,124,44,196,36,46,140,92,82,23,189,81,0,85,19,26,176,193,109,20,146,95,38,139,9,4,70,194,34,198,174,184,35,67,32,72,163,25,51,8,16,125,11,113,156,71,165,65,37,94,173,18,131,110,101,59,80,100,30,134,148,195,97,58,151,175,7,191,181,68,123,6,137,158,54,52,119,187,39,107,55,14,13,172,12,89,75,149,15,135,53,183,69,159,164,90,28,155,73,99,106,136,115,152,2,161,102,86,133,76,122,116,104,17,145,56,21,108,192,40,169,182,29,154,60,177,27,43,127,96,171,141,98,114,64,79,179,47,88,5,186,199,83,153,166,24,150,10,185,62,120,3,168,50,48,63];False
1982;7324;9306;[180,118,129,162,19,87,121,178,111,132,130,84,77,112,93,147,66,157,103,105,74,188,144,31,142,117,167,61,45,138,41,49,78,128,42,57,197,170,190,126,35,160,91,1,33,124,44,196,36,46,140,92,82,23,189,81,0,85,22,26,176,193,109,20,146,95,38,139,9,4,70,194,34,198,174,184,143,67,32,72,163,25,51,8,16,125,11,113,156,71,165,65,37,94,173,18,131,110,101,59,80,100,30,134,148,195,97,58,151,175,7,191,181,68,123,6,137,158,54,52,119,187,39,107,55,14,13,172,12,89,75,149,15,135,53,183,69,159,164,90,28,155,73,99,106,136,115,152,2,161,102,86,133,76,122,116,104,17,145,56,21,108,192,40,169,182,29,154,60,177,27,43,127,96,171,141,98,114,64,79,179,47,88,5,186,199,83,153,166,24,150,10,185,62,120,3,168,50,48,63];False
2045;7260;9305;[50,143,129,162,19,87,121,178,111,132,130,84,77,112,93,147,66,157,103,105,74,188,144,31,142,117,167,61,45,138,41,49,78,128,42,57,197,126,190,9,118,160,91,1,33,124,180,196,36,46,140,92,82,23,189,81,0,85,22,26,176,193,109,20,170,95,38,139,146,4,70,194,34,198,174,184,35,67,32,72,163,25,51,8,16,125,11,113,156,71,165,65,37,94,173,18,131,110,101,59,80,100,30,134,148,195,97,58,175,151,7,191,181,68,123,6,137,158,54,52,119,187,39,107,55,14,13,172,12,89,75,149,15,135,53,183,69,159,164,90,28,155,73,99,106,136,115,152,2,161,102,86,133,76,122,116,104,17,145,56,21,108,192,40,169,182,29,154,60,177,27,43,127,96,171,141,98,114,64,79,179,47,88,5,186,199,83,153,166,24,150,10,185,62,120,3,168,44,48,63];False
2091;7214;9305;[50,190,121,162,126,20,178,19,172,12,130,84,77,112,93,147,66,157,103,105,74,188,144,31,142,117,167,61,45,138,41,49,78,128,42,57,197,146,118,92,143,160,91,1,33,124,180,196,36,46,140,109,82,23,189,81,0,85,22,26,176,193,9,149,170,95,38,139,65,4,70,194,34,198,174,184,35,67,32,72,163,25,51,8,16,125,11,113,156,71,165,87,37,94,173,18,131,110,101,59,80,100,30,134,148,195,97,58,151,175,7,191,181,68,123,6,137,158,54,52,119,187,39,107,55,14,13,111,132,89,75,129,15,135,53,183,69,159,164,90,28,155,73,99,106,136,115,152,2,161,102,86,133,76,122,116,104,17,145,56,21,108,192,40,169,182,29,154,60,177,27,43,127,96,171,141,98,114,64,79,179,47,88,5,186,199,83,153,166,24,150,10,185,62,120,3,168,44,48,63];True
2092;7213;9305;[50,190,121,162,126,20,178,19,172,12,130,84,77,112,93,147,66,157,103,105,74,188,144,31,142,117,167,61,45,138,41,49,78,128,42,57,197,146,118,92,143,160,91,1,33,124,180,196,36,46,140,109,82,23,189,81,0,85,22,26,176,193,9,149,170,95,38,139,65,4,70,194,34,198,174,184,35,67,32,72,163,25,51,8,16,125,11,113,156,71,165,87,37,94,173,18,131,110,101,59,80,100,30,134,148,195,97,58,175,151,7,191,181,68,123,6,137,158,54,52,119,187,39,107,55,14,13,111,132,89,75,129,15,135,53,183,69,159,164,90,28,155,73,99,106,136,115,152,2,161,102,86,133,76,122,116,104,17,145,56,21,108,192,40,169,182,29,154,60,177,27,43,127,96,171,141,98,114,64,79,179,47,88,5,186,199,83,153,166,24,150,10,185,62,120,3,168,44,48,63];True
2033;7272;9305;[9,118,129,162,19,87,121,178,127,132,130,84,77,112,93,147,66,157,103,105,74,188,144,31,142,117,167,61,45,138,41,49,78,128,42,57,197,8,190,126,143,160,91,1,33,124,180,196,36,46,140,92,82,23,189,81,0,85,22,26,176,193,109,20,170,95,38,139,146,4,70,194,34,198,174,184,35,67,32,72,163,25,51,50,16,125,11,113,156,71,165,65,37,94,173,18,131,110,101,59,80,100,30,134,148,195,97,58,175,151,7,191,181,68,123,6,137,158,54,52,119,187,39,107,55,14,13,172,12,89,75,149,15,135,53,183,69,159,164,90,28,155,73,99,106,136,115,152,2,161,102,86,133,76,122,116,104,17,145,56,21,108,192,40,169,182,29,154,60,177,27,43,111,96,171,141,98,114,64,79,179,47,88,5,186,199,83,153,166,24,150,10,185,62,120,3,168,44,48,63];False
1954;7350;9304;[34,118,129,162,22,87,121,178,111,132,130,84,77,112,93,147,66,157,103,197,74,188,144,9,142,117,167,61,45,138,41,49,78,128,42,57,136,50,190,126,143,160,91,1,33,124,180,196,36,46,140,92,82,23,189,81,0,85,19,26,176,193,109,20,170,95,38,139,146,4,105,194,31,198,174,184,35,67,32,72,163,25,51,8,16,125,11,113,156,71,165,65,37,94,173,18,131,110,101,59,80,100,30,134,148,195,97,58,175,151,7,191,181,68,123,6,137,158,54,52,119,187,39,107,55,14,13,172,12,89,75,149,15,135,53,183,69,159,164,90,28,155,73,99,106,70,115,152,2,161,102,86,133,76,122,116,104,17,145,56,21,108,192,40,169,182,29,154,60,177,27,43,127,96,171,141,98,114,64,79,179,47,88,5,186,199,83,153,166,24,150,10,185,62,120,3,168,44,48,63];False
2081;7221;9302;[73,6,129,70,19,87,121,178,111,132,130,84,77,112,93,147,66,157,103,105,74,188,144,31,142,117,167,61,45,138,41,49,78,128,42,57,197,126,20,109,118,160,91,1,33,124,180,196,36,46,140,92,143,23,189,81,0,85,22,26,176,193,9,190,170,95,38,139,146,4,162,194,34,198,174,184,35,67,32,72,163,25,51,8,16,125,11,113,156,71,165,65,37,94,173,18,131,110,101,59,80,100,30,134,148,195,97,58,175,151,7,191,181,68,123,82,137,158,54,52,119,187,39,107,55,14,13,172,12,89,75,149,15,135,53,183,69,159,164,90,28,155,50,99,106,136,115,152,2,161,102,86,133,76,122,116,104,17,145,56,21,108,192,40,169,182,29,154,60,177,27,43,127,96,171,141,98,114,64,79,179,47,88,5,186,199,83,153,166,24,150,10,185,62,120,3,168,44,48,63];True
2008;7292;9300;[180,118,129,162,22,87,121,178,127,132,130,84,77,112,93,147,66,157,103,105,74,188,144,31,142,117,167,61,45,138,41,49,78,128,42,57,197,146,190,126,143,160,91,1,33,124,44,196,36,46,140,92,82,23,189,81,0,85,19,26,176,193,109,20,170,95,38,139,9,4,70,194,34,198,174,184,35,67,32,72,163,25,51,8,16,125,11,113,156,71,165,65,37,94,173,18,131,110,101,59,80,100,30,134,148,195,97,58,175,151,7,191,181,68,123,6,137,158,54,52,119,187,39,107,55,14,13,172,12,89,75,149,15,135,53,183,69,159,164,90,28,155,73,99,106,136,115,152,2,161,102,86,133,76,122,116,104,17,145,56,21,108,192,40,169,182,29,154,60,177,27,43,111,96,171,141,98,114,64,79,179,47,88,5,186,199,83,153,166,24,150,10,185,62,120,3,168,50,48,63];False
2007;7293;9300;[180,118,129,162,22,87,121,178,127,132,130,84,77,112,93,147,66,157,103,105,74,188,144,31,142,117,167,61,45,138,41,49,78,128,42,57,197,146,190,126,143,160,91,1,33,124,44,196,36,46,140,92,82,23,189,81,0,85,19,26,176,193,109,20,170,95,38,139,9,4,70,194,34,198,174,184,35,67,32,72,163,25,51,8,16,125,11,113,156,71,165,65,37,94,173,18,131,110,101,59,80,100,30,134,148,195,97,58,151,175,7,191,181,68,123,6,137,158,54,52,119,187,39,107,55,14,13,172,12,89,75,149,15,135,53,183,69,159,164,90,28,155,73,99,106,136,115,152,2,161,102,86,133,76,122,116,104,17,145,56,21,108,192,40,169,182,29,154,60,177,27,43,111,96,171,141,98,114,64,79,179,47,88,5,186,199,83,153,166,24,150,10,185,62,120,3,168,50,48,63];False
1994;7306;9300;[180,118,129,162,19,87,121,178,111,132,130,84,77,112,93,147,66,157,103,105,74,188,144,31,142,117,167,61,45,138,41,49,78,128,42,57,197,170,190,126,143,160,91,1,33,124,44,196,36,46,140,92,82,23,189,81,0,85,22,26,176,193,109,20,146,95,38,139,9,4,70,194,34,198,174,184,35,67,32,72,163,25,51,8,16,125,11,113,156,71,165,65,37,94,173,18,131,110,101,59,80,100,30,134,148,195,97,58,175,151,7,191,181,68,123,6,137,158,54,52,119,187,39,107,55,14,13,172,12,89,75,149,15,135,53,183,69,159,164,90,28,155,73,99,106,136,115,152,2,161,102,86,133,76,122,116,104,17,145,56,21,108,192,40,169,182,29,154,60,177,27,43,127,96,171,141,98,114,64,79,179,47,88,5,186,199,83,153,166,24,150,10,185,62,120,3,168,50,48,63];False
1993;7307;9300;[180,118,129,162,19,87,121,178,111,132,130,84,77,112,93,147,66,157,103,105,74,188,144,31,142,117,167,61,45,138,41,49,78,128,42,57,197,170,190,126,143,160,91,1,33,124,44,196,36,46,140,92,82,23,189,81,0,85,22,26,176,193,109,20,146,95,38,139,9,4,70,194,34,198,174,184,35,67,32,72,163,25,51,8,16,125,11,113,156,71,165,65,37,94,173,18,131,110,101,59,80,100,30,134,148,195,97,58,151,175,7,191,181,68,123,6,137,158,54,52,119,187,39,107,55,14,13,172,12,89,75,149,15,135,53,183,69,159,164,90,28,155,73,99,106,136,115,152,2,161,102,86,133,76,122,116,104,17,145,56,21,108,192,40,169,182,29,154,60,177,27,43,127,96,171,141,98,114,64,79,179,47,88,5,186,199,83,153,166,24,150,10,185,62,120,3,168,50,48,63];False
2000;7300;9300;[180,118,129,162,19,87,121,178,127,132,130,84,77,112,93,147,66,157,103,105,74,188,144,31,142,117,167,61,45,138,41,49,78,128,42,57,197,146,190,126,35,160,91,1,33,124,44,196,36,46,140,92,82,23,189,81,0,85,22,26,176,193,109,20,170,95,38,139,9,4,70,194,34,198,174,184,143,67,32,72,163,25,51,8,16,125,11,113,156,71,165,65,37,94,173,18,131,110,101,59,80,100,30,134,148,195,97,58,151,175,7,191,181,68,123,6,137,158,54,52,119,187,39,107,55,14,13,172,12,89,75,149,15,135,53,183,69,159,164,90,28,155,73,99,106,136,115,152,2,161,102,86,133,76,122,116,104,17,145,56,21,108,192,40,169,182,29,154,60,177,27,43,111,96,171,141,98,114,64,79,179,47,88,5,186,199,83,153,166,24,150,10,185,62,120,3,168,50,48,63];False
2035;7263;9298;[9,118,129,162,19,87,121,178,111,132,130,84,77,112,93,147,66,157,103,105,74,188,144,31,142,117,167,61,45,138,41,49,78,128,42,57,197,8,190,126,143,160,91,1,33,124,180,196,36,46,140,92,82,23,189,81,0,85,22,26,176,193,109,20,170,95,38,139,146,4,70,194,34,198,174,184,35,67,32,72,163,25,51,50,16,125,11,113,156,71,165,65,37,94,173,18,131,110,101,59,80,100,30,134,148,195,97,58,175,151,7,191,181,68,123,6,137,158,54,52,119,187,39,107,55,14,13,172,12,89,75,149,15,135,53,183,69,159,164,90,28,155,73,99,106,136,115,152,2,161,102,86,133,76,122,116,104,17,145,56,21,108,192,40,169,182,29,154,60,177,27,43,127,96,171,141,98,114,64,79,179,47,88,5,186,199,83,153,166,24,150,10,185,62,120,3,168,44,48,63];False
2012;7282;9294;[180,118,129,162,19,87,121,178,127,132,130,84,77,112,93,147,66,157,103,105,74,188,144,31,142,117,167,61,45,138,41,49,78,128,42,57,197,146,190,126,143,160,91,1,33,124,44,196,36,46,140,92,82,23,189,81,0,85,22,26,176,193,109,20,170,95,38,139,9,4,70,194,34,198,174,184,35,67,32,72,163,25,51,8,16,125,11,113,156,71,165,65,37,94,173,18,131,110,101,59,80,100,30,134,148,195,97,58,175,151,7,191,181,68,123,6,137,158,54,52,119,187,39,107,55,14,13,172,12,89,75,149,15,135,53,183,69,159,164,90,28,155,73,99,106,136,115,152,2,161,102,86,133,76,122,116,104,17,145,56,21,108,192,40,169,182,29,154,60,177,27,43,111,96,171,141,98,114,64,79,179,47,88,5,186,199,83,153,166,24,150,10,185,62,120,3,168,50,48,63];False
1949;7344;9293;[34,4,129,162,22,87,121,178,111,132,130,84,77,112,93,147,66,157,103,197,74,188,144,9,142,117,167,61,45,138,41,49,78,128,42,57,136,50,190,126,143,160,91,1,33,124,180,196,36,46,140,92,82,23,189,81,0,85,19,26,176,193,109,20,170,95,38,139,146,118,105,194,31,198,174,184,35,67,32,72,163,25,51,8,16,125,11,113,156,71,165,65,37,94,173,18,131,110,101,59,80,100,30,134,148,195,97,58,175,151,7,191,181,68,123,6,137,158,54,52,119,187,39,107,55,14,13,172,12,89,75,149,15,135,53,183,69,159,164,90,28,155,73,99,106,70,115,152,2,161,102,86,133,76,122,116,104,17,145,56,21,108,192,40,169,182,29,154,60,177,27,43,127,96,171,141,98,114,64,79,179,47,88,5,186,199,83,153,166,24,150,10,185,62,120,3,168,44,48,63];False
2002;7291;9293;[180,118,129,162,19,87,121,178,111,132,130,84,77,112,93,147,66,157,103,105,74,188,144,31,142,117,167,61,45,138,41,49,78,128,42,57,197,146,190,126,35,160,91,1,33,124,44,196,36,46,140,92,82,23,189,81,0,85,22,26,176,193,109,20,170,95,38,139,9,4,70,194,34,198,174,184,143,67,32,72,163,25,51,8,16,125,11,113,156,71,165,65,37,94,173,18,131,110,101,59,80,100,30,134,148,195,97,58,151,175,7,191,181,68,123,6,137,158,54,52,119,187,39,107,55,14,13,172,12,89,75,149,15,135,53,183,69,159,164,90,28,155,73,99,106,136,115,152,2,161,102,86,133,76,122,116,104,17,145,56,21,108,192,40,169,182,29,154,60,177,27,43,127,96,171,141,98,114,64,79,179,47,88,5,186,199,83,153,166,24,150,10,185,62,120,3,168,50,48,63];False
2057;7234;9291;[73,82,129,162,19,87,121,178,111,132,130,84,77,112,93,147,66,157,103,105,74,188,144,31,142,117,167,61,45,138,41,49,78,128,42,57,197,126,20,9,118,160,91,1,33,124,180,196,36,46,140,92,143,23,189,81,0,85,22,26,176,193,109,190,170,95,38,139,146,4,70,194,34,198,174,184,35,67,32,72,163,25,51,8,16,125,11,113,156,71,165,65,37,94,173,18,131,110,101,59,80,100,30,134,148,195,97,58,175,151,7,191,181,68,123,6,137,158,54,52,119,187,39,107,55,14,13,172,12,89,75,149,15,135,53,183,69,159,164,90,28,155,50,99,106,136,115,152,2,161,102,86,133,76,122,116,104,17,145,56,21,108,192,40,169,182,29,154,60,177,27,43,127,96,171,141,98,114,64,79,179,47,88,5,186,199,83,153,166,24,150,10,185,62,120,3,168,44,48,63];False
2062;7228;9290;[146,118,129,162,19,87,121,178,111,132,130,84,77,112,93,147,66,157,103,105,74,188,144,31,142,117,167,61,45,138,41,49,78,128,42,57,197,8,190,126,143,160,91,1,33,124,180,196,36,46,140,92,82,23,189,81,0,85,22,26,176,193,109,20,170,95,38,139,9,4,70,194,34,198,174,184,35,67,32,72,163,25,51,50,16,125,11,113,156,71,165,65,37,94,173,18,131,110,101,59,80,100,30,134,148,195,97,58,175,151,7,191,181,68,123,6,137,158,54,52,119,187,39,107,55,14,13,172,12,89,75,149,15,135,53,183,69,159,164,90,28,155,73,99,106,136,115,152,2,161,102,86,133,76,122,116,104,17,145,56,21,108,192,40,169,182,29,154,60,177,27,43,127,96,171,141,98,114,64,79,179,47,88,5,186,199,83,153,166,24,150,10,185,62,120,3,168,44,48,63];True
2063;7227;9290;[50,82,129,162,19,87,121,178,111,132,130,84,77,112,93,147,66,157,103,105,74,188,144,31,142,117,167,61,45,138,41,49,78,128,42,57,197,126,20,9,118,160,91,1,33,124,180,196,36,46,140,92,143,23,189,81,0,85,22,26,176,193,109,190,170,95,38,139,146,4,70,194,34,198,174,184,35,67,32,72,163,25,51,8,16,125,11,113,156,71,165,65,37,94,173,18,131,110,101,59,80,100,30,134,148,195,97,58,175,151,7,191,181,68,123,6,137,158,54,52,119,187,39,107,55,14,13,172,12,89,75,149,15,135,53,183,69,159,164,90,28,155,73,99,106,136,115,152,2,161,102,86,133,76,122,116,104,17,145,56,21,108,192,40,169,182,29,154,60,177,27,43,127,96,171,141,98,114,64,79,179,47,88,5,186,199,83,153,166,24,150,10,185,62,120,3,168,44,48,63];True
2031;7258;9289;[73,6,129,70,19,87,121,178,111,132,130,84,77,112,93,147,66,157,103,105,74,188,144,31,142,117,167,61,45,138,41,49,78,128,42,57,197,126,20,109,118,160,91,1,33,124,180,196,36,46,140,92,143,23,189,81,0,85,22,26,176,193,9,190,170,95,38,139,146,4,15,194,34,198,174,184,35,67,32,72,163,25,51,8,16,125,11,113,156,71,165,65,37,94,173,18,131,110,101,59,80,100,30,134,148,195,97,58,175,151,7,191,181,68,123,82,137,158,54,52,119,187,39,107,55,14,13,172,12,89,75,149,162,135,53,183,69,159,164,90,28,155,50,99,106,136,115,152,2,161,102,86,133,76,122,116,104,17,145,56,21,108,192,40,169,182,29,154,60,177,27,43,127,96,171,141,98,114,64,79,179,47,88,5,186,199,83,153,166,24,150,10,185,62,120,3,168,44,48,63];True
1918;7363;9281;[101,118,129,162,19,87,121,178,127,132,130,84,77,112,34,147,66,157,103,105,74,188,144,9,142,117,167,61,45,138,41,49,78,128,42,57,197,8,16,126,143,160,91,1,33,124,180,196,36,46,140,92,82,23,189,81,0,85,22,26,176,193,109,20,170,95,38,139,146,4,70,194,31,198,174,184,35,67,32,72,163,25,51,50,190,125,11,113,156,71,165,65,37,94,173,18,131,110,93,59,80,100,30,134,148,195,97,58,175,151,7,191,181,68,123,6,137,158,54,52,119,187,39,107,55,14,13,172,12,89,75,149,15,135,53,183,69,159,164,90,28,155,73,99,106,136,115,152,2,161,102,86,133,76,122,116,104,17,145,56,21,108,192,40,169,182,29,154,60,177,27,43,111,96,171,141,98,114,64,79,179,47,88,5,186,199,83,153,166,24,150,10,185,62,120,3,168,44,48,63];True
2038;7239;9277;[50,143,129,162,19,87,121,178,111,132,130,84,77,112,93,147,66,157,103,105,74,188,144,31,142,117,167,61,45,138,41,49,78,128,42,57,197,126,20,9,118,160,91,1,33,124,180,196,36,46,140,92,82,23,189,81,0,85,22,26,176,193,109,190,170,95,38,139,146,4,70,194,34,198,174,184,35,67,32,72,163,25,51,8,16,125,11,113,156,71,165,65,37,94,173,18,131,110,101,59,80,100,30,134,148,195,97,58,175,151,7,191,181,68,123,6,137,158,54,52,119,187,39,107,55,14,13,172,12,89,75,149,15,135,53,183,69,159,164,90,28,155,73,99,106,136,115,152,2,161,102,86,133,76,122,116,104,17,145,56,21,108,192,40,169,182,29,154,60,177,27,43,127,96,171,141,98,114,64,79,179,47,88,5,186,199,83,153,166,24,150,10,185,62,120,3,168,44,48,63];False
2043;7232;9275;[73,6,129,162,19,87,121,178,111,132,130,84,77,112,93,147,66,157,103,105,74,188,144,31,142,117,167,61,45,138,41,49,78,128,42,57,197,126,20,9,118,160,91,1,33,124,180,196,36,46,140,92,143,23,189,81,0,85,22,26,176,193,109,190,170,95,38,139,146,4,70,194,34,198,174,184,35,67,32,72,163,25,51,8,16,125,11,113,156,71,165,65,37,94,173,18,131,110,101,59,80,100,30,134,148,195,97,58,175,151,7,191,181,68,123,82,137,158,54,52,119,187,39,107,55,14,13,172,12,89,75,149,15,135,53,183,69,159,164,90,28,155,50,99,106,136,115,152,2,161,102,86,133,76,122,116,104,17,145,56,21,108,192,40,169,182,29,154,60,177,27,43,127,96,171,141,98,114,64,79,179,47,88,5,186,199,83,153,166,24,150,10,185,62,120,3,168,44,48,63];True
2038;7233;9271;[73,6,129,162,19,87,121,178,111,132,130,84,77,112,93,147,66,157,103,105,74,188,144,31,142,117,167,61,45,138,41,49,78,128,42,57,197,126,20,109,118,160,91,1,33,124,180,196,36,46,140,92,143,23,189,81,0,85,22,26,176,193,9,190,170,95,38,139,146,4,70,194,34,198,174,184,35,67,32,72,163,25,51,8,16,125,11,113,156,71,165,65,37,94,173,18,131,110,101,59,80,100,30,134,148,195,97,58,175,151,7,191,181,68,123,82,137,158,54,52,119,187,39,107,55,14,13,172,12,89,75,149,15,135,53,183,69,159,164,90,28,155,50,99,106,136,115,152,2,161,102,86,133,76,122,116,104,17,145,56,21,108,192,40,169,182,29,154,60,177,27,43,127,96,171,141,98,114,64,79,179,47,88,5,186,199,83,153,166,24,150,10,185,62,120,3,168,44,48,63];True
1987;7273;9260;[31,118,129,162,19,87,121,178,127,132,130,84,77,112,93,147,66,157,103,105,74,188,144,9,142,117,167,61,45,138,41,49,78,128,42,57,197,8,16,126,143,160,91,1,33,124,180,196,36,46,140,92,82,23,189,81,0,85,22,26,176,193,109,20,170,95,38,139,146,4,70,194,34,198,174,184,35,67,32,72,163,25,51,50,190,125,11,113,156,71,165,65,37,94,173,18,131,110,101,59,80,100,30,134,148,195,97,58,175,151,7,191,181,68,123,6,137,158,54,52,119,187,39,107,55,14,13,172,12,89,75,149,15,135,53,183,69,159,164,90,28,155,73,99,106,136,115,152,2,161,102,86,133,76,122,116,104,17,145,56,21,108,192,40,169,182,29,154,60,177,27,43,111,96,171,141,98,114,64,79,179,47,88,5,186,199,83,153,166,24,150,10,185,62,120,3,168,44,48,63];False
1943;7301;9244;[9,118,129,162,19,87,121,178,127,132,130,84,77,112,93,147,66,157,103,105,74,188,144,31,142,117,167,61,45,138,41,49,78,128,42,57,197,8,16,126,143,160,91,1,33,124,180,196,36,46,140,92,82,23,189,81,0,85,22,26,176,193,109,20,170,95,38,139,146,4,70,194,34,198,174,184,35,67,32,72,163,25,51,50,190,125,11,113,156,71,165,65,37,94,173,18,131,110,101,59,80,100,30,134,148,195,97,58,175,151,7,191,181,68,123,6,137,158,54,52,119,187,39,107,55,14,13,172,12,89,75,149,15,135,53,183,69,159,164,90,28,155,73,99,106,136,115,152,2,161,102,86,133,76,122,116,104,17,145,56,21,108,192,40,169,182,29,154,60,177,27,43,111,96,171,141,98,114,64,79,179,47,88,5,186,199,83,153,166,24,150,10,185,62,120,3,168,44,48,63];True
1920;7321;9241;[93,118,129,162,19,87,121,178,127,132,130,84,77,112,34,147,66,157,103,105,74,188,144,9,142,117,167,61,45,138,41,49,78,128,42,57,197,8,16,126,143,160,91,1,33,124,180,196,36,46,140,92,82,23,189,81,0,85,22,26,176,193,109,20,170,95,38,139,146,4,70,194,31,198,174,184,35,67,32,72,163,25,51,50,190,125,11,113,156,71,165,65,37,94,173,18,131,110,101,59,80,100,30,134,148,195,97,58,175,151,7,191,181,68,123,6,137,158,54,52,119,187,39,107,55,14,13,172,12,89,75,149,15,135,53,183,69,159,164,90,28,155,73,99,106,136,115,152,2,161,102,86,133,76,122,116,104,17,145,56,21,108,192,40,169,182,29,154,60,177,27,43,111,96,171,141,98,114,64,79,179,47,88,5,186,199,83,153,166,24,150,10,185,62,120,3,168,44,48,63];True
1957;7259;9216;[34,118,129,162,19,87,121,178,127,132,130,84,77,112,93,147,66,157,103,105,74,188,144,9,142,117,167,61,45,138,41,49,78,128,42,57,197,8,16,126,143,160,91,1,33,124,180,196,36,46,140,92,82,23,189,81,0,85,22,26,176,193,109,20,170,95,38,139,146,4,70,194,31,198,174,184,35,67,32,72,163,25,51,50,190,125,11,113,156,71,165,65,37,94,173,18,131,110,101,59,80,100,30,134,148,195,97,58,175,151,7,191,181,68,123,6,137,158,54,52,119,187,39,107,55,14,13,172,12,89,75,149,15,135,53,183,69,159,164,90,28,155,73,99,106,136,115,152,2,161,102,86,133,76,122,116,104,17,145,56,21,108,192,40,169,182,29,154,60,177,27,43,111,96,171,141,98,114,64,79,179,47,88,5,186,199,83,153,166,24,150,10,185,62,120,3,168,44,48,63];True
