utilA;utilB;utilSum;contract;pareto
2066;7237;9303;[50,190,121,162,19,90,149,178,111,132,130,84,77,112,93,147,66,157,103,105,74,188,144,31,142,117,167,61,45,138,41,49,78,128,42,57,197,146,118,126,143,160,91,1,33,124,180,196,36,46,140,92,82,23,189,81,0,85,22,26,176,193,109,20,170,95,38,139,65,4,70,194,34,198,174,184,35,67,32,72,163,25,51,8,16,125,11,113,156,71,165,87,37,94,173,18,131,110,101,59,80,100,30,134,148,195,97,58,151,175,7,191,181,68,123,6,137,158,54,52,119,187,39,107,55,14,13,172,12,89,75,129,15,135,53,183,69,159,164,9,28,155,73,99,106,136,115,152,2,161,102,86,133,76,122,116,104,17,145,56,21,108,192,40,169,182,29,154,60,177,27,43,127,96,171,141,98,114,64,79,179,47,88,5,186,199,83,153,166,24,150,10,185,62,120,3,168,44,48,63];True
2045;7264;9309;[50,143,129,162,22,87,121,178,127,132,130,84,77,112,93,147,66,157,103,105,74,188,144,31,142,117,167,61,45,138,41,49,78,128,42,57,197,9,190,126,118,160,91,1,33,124,180,196,36,46,140,92,82,23,189,81,0,85,19,26,176,193,109,20,170,95,38,139,146,4,70,194,34,198,174,184,35,67,32,72,163,25,51,8,16,125,11,113,156,71,165,65,37,94,173,18,131,110,101,59,80,100,30,134,148,195,97,58,175,151,7,191,181,68,123,6,137,158,54,52,119,187,39,107,55,14,13,172,12,89,75,149,15,135,53,183,69,159,164,90,28,155,73,99,106,136,115,152,2,161,102,86,133,76,122,116,104,17,145,56,21,108,192,40,169,182,29,154,60,177,27,43,111,96,171,141,98,114,64,79,179,47,88,5,186,199,83,153,166,24,150,10,185,62,120,3,168,44,48,63];False
2087;7224;9311;[50,190,121,178,147,9,149,19,172,12,130,84,77,112,93,162,66,157,103,105,74,188,144,31,142,117,167,61,45,138,41,49,78,128,42,57,197,146,118,126,143,160,91,1,33,124,180,196,36,46,140,92,82,23,189,81,0,85,22,26,176,193,109,20,170,95,38,139,65,4,70,194,34,198,174,184,35,67,32,72,163,25,51,8,16,125,11,113,156,71,165,87,37,94,173,18,131,110,101,59,80,100,30,134,148,195,97,58,151,175,7,191,181,68,123,6,137,158,54,52,119,187,39,107,55,14,13,111,132,89,75,129,15,135,53,183,69,159,164,90,28,155,73,99,106,136,115,152,2,161,102,86,133,76,122,116,104,17,145,56,21,108,192,40,169,182,29,154,60,177,27,43,127,96,171,141,98,114,64,79,179,47,88,5,186,199,83,153,166,24,150,10,185,62,120,3,168,44,48,63];False
2044;7262;9306;[146,118,129,162,19,87,121,178,111,132,130,84,77,112,93,147,66,157,103,105,74,188,144,31,142,117,167,61,45,138,41,49,78,128,42,57,197,50,190,126,143,160,91,1,33,124,180,196,36,46,140,92,82,23,189,81,0,85,22,26,176,193,109,20,170,95,38,139,9,4,70,194,34,198,174,184,35,67,32,72,163,25,51,8,16,125,11,113,156,71,165,65,37,94,173,18,131,110,101,59,80,100,30,134,148,195,97,58,175,151,7,191,181,68,123,6,137,158,54,52,119,187,39,107,55,14,13,172,12,89,75,149,15,135,53,183,69,159,164,90,28,155,73,99,106,136,115,152,2,161,102,86,133,76,122,116,104,17,145,56,21,108,192,40,169,182,29,154,60,177,27,43,127,96,171,141,98,114,64,79,179,47,88,5,186,199,83,153,166,24,150,10,185,62,120,3,168,44,48,63];True
2032;7276;9308;[180,118,129,162,19,87,121,178,111,132,130,84,77,112,93,147,66,157,103,105,74,188,144,31,142,117,167,61,45,138,41,49,78,128,42,57,197,146,190,126,143,160,91,1,33,124,50,196,36,46,140,92,82,23,189,81,0,85,22,26,176,193,109,20,170,95,38,139,9,4,70,194,34,198,174,184,35,67,32,72,163,25,51,8,16,125,11,113,156,71,165,65,37,94,173,18,131,110,101,59,80,100,30,134,148,195,97,58,175,151,7,191,181,68,123,6,137,158,54,52,119,187,39,107,55,14,13,172,12,89,75,149,15,135,53,183,69,159,164,90,28,155,73,99,106,136,115,152,2,161,102,86,133,76,122,116,104,17,145,56,21,108,192,40,169,182,29,154,60,177,27,43,127,96,171,141,98,114,64,79,179,47,88,5,186,199,83,153,166,24,150,10,185,62,120,3,168,44,48,63];False
2028;7286;9314;[180,118,129,162,22,87,121,178,111,132,130,84,77,112,93,147,66,157,103,105,74,188,144,31,142,117,167,61,45,138,41,49,78,128,42,57,197,146,190,126,143,160,91,1,33,124,50,196,36,46,140,92,82,23,189,81,0,85,19,26,176,193,109,20,170,95,38,139,9,4,70,194,34,198,174,184,35,67,32,72,163,25,51,8,16,125,11,113,156,71,165,65,37,94,173,18,131,110,101,59,80,100,30,134,148,195,97,58,175,151,7,191,181,68,123,6,137,158,54,52,119,187,39,107,55,14,13,172,12,89,75,149,15,135,53,183,69,159,164,90,28,155,73,99,106,136,115,152,2,161,102,86,133,76,122,116,104,17,145,56,21,108,192,40,169,182,29,154,60,177,27,43,127,96,171,141,98,114,64,79,179,47,88,5,186,199,83,153,166,24,150,10,185,62,120,3,168,44,48,63];False
2137;7206;9343;[50,190,121,178,9,147,149,19,172,12,130,84,77,112,93,118,66,157,103,105,74,188,144,31,142,117,167,61,45,138,41,49,78,128,42,57,197,146,162,126,143,160,91,1,33,124,180,196,36,46,140,92,82,23,189,81,0,85,22,26,176,193,109,20,170,95,38,139,65,4,70,194,34,198,174,184,35,67,32,72,163,25,51,8,16,125,11,113,156,71,165,87,37,94,173,18,131,110,101,59,80,100,30,134,148,195,97,58,175,151,7,191,181,68,123,6,137,158,54,52,119,187,39,107,55,14,13,111,132,89,75,129,15,135,53,183,69,159,164,90,28,155,73,99,106,136,115,152,2,161,102,86,133,76,122,116,104,17,145,56,21,108,192,40,169,182,29,154,60,177,27,43,127,96,171,141,98,114,64,79,179,47,88,5,186,199,83,153,166,24,150,10,185,62,120,3,168,44,48,63];False
1998;7316;9314;[9,143,129,162,19,87,121,178,111,132,130,84,77,112,93,147,66,157,103,105,74,188,144,31,142,117,167,61,45,138,41,49,78,128,42,57,197,50,190,126,118,160,91,1,33,124,180,196,36,46,140,92,82,23,189,81,0,85,22,26,176,193,109,20,170,95,38,139,146,4,70,194,34,198,174,184,35,67,32,72,163,25,51,8,16,125,11,113,156,71,165,65,37,94,173,18,131,110,101,59,80,100,30,134,148,195,97,58,175,151,7,191,181,68,123,6,137,158,54,52,119,187,39,107,55,14,13,172,12,89,75,149,15,135,53,183,69,159,164,90,28,155,73,99,106,136,115,152,2,161,102,86,133,76,122,116,104,17,145,56,21,108,192,40,169,182,29,154,60,177,27,43,127,96,171,141,98,114,64,79,179,47,88,5,186,199,83,153,166,24,150,10,185,62,120,3,168,44,48,63];False
2017;7297;9314;[9,118,129,162,19,87,121,178,111,132,130,84,77,112,93,147,66,157,103,105,74,188,144,31,142,117,167,61,45,138,41,49,78,128,42,57,197,50,190,126,143,160,91,1,33,124,180,196,36,46,140,92,82,23,189,81,0,85,22,26,176,193,109,20,170,95,38,139,146,4,70,194,34,198,174,184,35,67,32,72,163,25,51,8,16,125,11,113,156,71,165,65,37,94,173,18,131,110,101,59,80,100,30,134,148,195,97,58,175,151,7,191,181,68,123,6,137,158,54,52,119,187,39,107,55,14,13,172,12,89,75,149,15,135,53,183,69,159,164,90,28,155,73,99,106,136,115,152,2,161,102,86,133,76,122,116,104,17,145,56,21,108,192,40,169,182,29,154,60,177,27,43,127,96,171,141,98,114,64,79,179,47,88,5,186,199,83,153,166,24,150,10,185,62,120,3,168,44,48,63];False
1983;7369;9352;[9,143,129,196,22,87,121,178,127,132,130,84,77,112,93,147,66,157,103,105,74,188,144,31,142,117,167,61,45,138,41,49,78,128,42,57,197,50,190,126,118,160,91,1,33,124,180,162,36,46,140,92,82,23,189,81,0,85,19,26,176,193,109,20,170,95,38,139,146,4,70,194,34,198,174,184,35,67,32,72,163,25,51,8,16,125,11,113,156,71,165,65,37,94,173,18,131,110,101,59,80,100,30,134,148,195,97,58,175,151,7,191,181,68,123,6,137,158,54,52,119,187,39,107,55,14,13,172,12,89,75,149,15,135,53,183,69,159,164,90,28,155,73,99,106,136,115,152,2,161,102,86,133,76,122,116,104,17,145,56,21,108,192,40,169,182,29,154,60,177,27,43,111,96,171,141,98,114,64,79,179,47,88,5,186,199,83,153,166,24,150,10,185,62,120,3,168,44,48,63];False
2183;7196;9379;[50,190,121,162,147,90,149,19,172,12,130,84,77,112,93,178,66,157,103,105,74,188,144,31,142,117,167,61,45,138,41,49,78,128,42,57,197,146,118,126,143,160,91,1,33,124,180,196,36,46,140,92,82,23,189,81,0,85,22,26,176,193,109,20,170,95,38,139,65,4,70,194,34,198,174,184,35,67,32,72,163,25,51,8,16,125,11,113,156,71,165,87,37,94,173,18,131,110,101,59,80,100,30,134,148,195,97,58,175,151,7,191,181,68,123,6,137,158,54,52,119,187,39,107,55,14,13,111,132,89,75,129,15,135,53,183,69,159,164,9,28,155,73,99,106,136,115,152,2,161,102,86,133,76,122,116,104,17,145,56,21,108,192,40,169,182,29,154,60,177,27,43,127,96,171,141,98,114,64,79,179,47,88,5,186,199,83,153,166,24,150,10,185,62,120,3,168,44,48,63];False
1981;7403;9384;[50,172,12,22,26,93,147,3,2,130,84,117,77,112,109,136,66,157,103,105,74,188,144,118,10,0,167,61,45,138,41,49,78,128,42,57,37,121,162,126,143,160,91,1,33,124,94,196,36,182,140,92,82,23,189,81,87,85,104,46,146,193,9,178,170,95,38,139,19,20,51,149,34,194,180,123,176,67,32,72,163,25,70,65,16,190,11,113,156,71,165,184,31,8,173,18,131,110,101,59,80,100,30,134,148,195,97,137,175,151,7,191,181,68,198,142,58,158,54,52,119,187,39,107,55,14,13,111,132,89,75,4,15,135,53,183,69,159,164,90,28,155,73,99,106,24,115,152,35,161,102,86,133,76,122,116,44,125,145,56,21,108,192,40,169,129,29,154,60,177,27,43,127,96,171,141,98,114,64,79,179,47,88,5,186,199,83,153,166,174,150,6,185,62,120,197,168,17,48,63];False
1945;7414;9359;[50,172,12,22,26,178,147,3,2,130,84,117,77,112,106,136,66,157,103,105,74,188,93,118,10,0,167,61,45,138,41,49,78,128,42,57,37,121,162,126,143,160,91,1,33,124,94,196,36,182,140,92,82,23,189,81,87,85,104,46,146,193,9,144,170,95,38,139,19,20,51,149,34,194,180,123,176,67,32,72,163,25,70,65,16,190,11,113,156,71,165,184,31,8,173,18,131,110,101,59,80,100,30,134,148,195,97,137,175,151,7,191,181,68,198,142,58,158,54,52,119,187,39,107,55,14,13,111,132,89,75,4,15,135,53,183,69,159,164,90,28,155,73,99,109,24,115,152,35,161,102,86,133,76,122,116,44,125,145,56,21,108,192,40,169,129,29,154,60,177,27,43,127,96,171,141,98,114,64,79,179,47,88,5,186,199,83,153,166,174,150,6,185,62,120,197,168,17,48,63];False
1925;7455;9380;[90,172,12,22,26,178,147,3,2,130,132,117,77,112,106,24,66,157,103,105,74,188,144,118,10,0,167,61,45,138,41,49,78,128,42,57,37,121,162,126,143,160,91,1,33,124,94,196,36,182,140,92,82,23,189,81,87,85,104,46,146,193,136,93,170,95,38,139,19,20,51,149,34,194,180,123,176,67,32,72,163,25,70,65,16,190,11,113,156,71,165,184,31,8,173,18,131,110,101,59,80,100,30,134,148,195,97,137,175,151,7,191,181,68,198,142,58,158,54,52,119,187,39,107,55,14,13,111,84,89,75,4,15,135,53,183,69,159,164,9,28,155,73,99,109,50,115,152,35,161,102,86,133,76,122,116,44,125,145,56,21,108,192,40,169,129,29,154,60,177,27,43,127,96,171,141,98,114,64,79,179,47,88,5,186,199,83,153,166,174,150,6,185,62,120,197,168,17,48,63];False
1899;7491;9390;[180,172,12,22,123,93,147,3,2,130,84,117,77,112,106,24,66,157,103,105,74,188,144,118,10,110,167,61,45,138,41,49,78,128,42,57,37,121,162,126,143,160,91,1,33,124,94,196,36,182,140,92,82,23,189,81,87,85,104,46,146,193,9,178,170,95,38,139,19,20,51,149,34,194,136,26,176,67,32,72,163,25,70,65,16,190,11,113,156,71,165,184,31,8,173,18,131,0,101,59,80,100,30,134,148,195,97,137,175,151,7,191,181,68,198,142,58,158,54,52,119,187,39,107,55,14,13,111,132,89,75,4,15,135,53,183,69,159,164,90,28,155,73,99,109,50,115,152,35,161,102,86,133,76,122,116,44,125,145,56,21,108,192,40,169,129,29,154,60,177,27,43,127,96,171,141,98,114,64,79,179,47,88,5,186,199,83,153,166,174,150,6,185,62,120,197,168,17,48,63];False
2161;7194;9355;[50,190,121,162,20,9,149,19,172,12,130,84,77,112,93,147,66,157,103,105,74,188,144,31,142,117,167,61,45,138,41,49,78,128,42,57,197,146,118,126,143,160,91,1,33,124,180,196,36,46,140,92,82,23,189,81,0,85,22,26,176,193,109,178,170,95,38,139,65,4,70,194,34,198,174,184,35,67,32,72,163,25,51,8,16,125,11,113,156,71,165,87,37,94,173,18,131,110,101,59,80,100,30,134,148,195,97,58,175,151,7,191,181,68,123,6,137,158,54,52,119,187,39,107,55,14,13,111,132,89,75,129,15,135,53,183,69,159,164,90,28,155,73,99,106,136,115,152,2,161,102,86,133,76,122,116,104,17,145,56,21,108,192,40,169,182,29,154,60,177,27,43,127,96,171,141,98,114,64,79,179,47,88,5,186,199,83,153,166,24,150,10,185,62,120,3,168,44,48,63];False
1906;7474;9380;[13,172,12,22,26,178,147,3,2,130,84,117,77,112,106,24,66,157,103,105,74,136,144,118,10,0,167,61,45,138,41,49,78,128,42,57,37,121,162,126,143,160,91,1,33,124,94,196,36,182,140,92,82,23,189,81,87,85,104,46,146,193,188,93,170,95,38,139,19,20,51,149,34,194,180,123,176,67,32,72,163,25,70,65,16,190,11,113,156,71,165,184,31,8,173,18,131,110,101,59,80,100,30,134,148,195,97,137,175,151,7,191,181,68,198,142,58,158,54,52,119,187,39,107,55,14,90,111,132,89,75,4,15,135,53,183,69,159,164,9,28,155,73,99,109,50,115,152,35,161,102,86,133,76,122,116,44,125,145,56,21,108,192,40,169,129,29,154,60,177,27,43,127,96,171,141,98,114,64,79,179,47,88,5,186,199,83,153,166,174,150,6,185,62,120,197,168,17,48,63];False
2164;7179;9343;[50,4,121,162,147,9,149,19,172,12,130,84,77,112,93,178,66,157,103,105,74,188,144,31,142,117,167,61,45,138,41,49,78,128,42,57,197,146,118,126,143,160,91,1,33,124,180,196,36,46,140,92,82,23,189,81,0,85,22,26,176,193,109,190,170,95,38,139,65,20,70,194,34,198,174,184,35,67,32,72,163,25,51,8,16,125,11,113,156,71,165,87,37,94,173,18,131,110,101,59,80,100,30,134,148,195,97,58,175,151,7,191,181,68,123,6,137,158,54,52,119,187,39,107,55,14,13,111,132,89,75,129,15,135,53,183,69,159,164,90,28,155,73,99,106,136,115,152,2,161,102,86,133,76,122,116,104,17,145,56,21,108,192,40,169,182,29,154,60,177,27,43,127,96,171,141,98,114,64,79,179,47,88,5,186,199,83,153,166,24,150,10,185,62,120,3,168,44,48,63];True
2157;7198;9355;[50,4,121,178,147,9,149,19,172,132,130,84,77,112,93,162,66,157,103,105,74,188,144,31,142,117,167,61,45,138,41,49,78,128,42,57,197,146,118,126,143,160,91,1,33,124,180,196,36,46,140,92,82,23,189,81,0,85,22,26,176,193,109,190,170,95,38,139,65,20,70,194,34,198,174,184,35,67,32,72,163,25,51,8,16,125,11,113,156,71,165,87,37,94,173,18,131,110,101,59,80,100,30,134,148,195,97,58,175,151,7,191,181,68,123,6,137,158,54,52,119,187,39,107,55,14,13,111,12,89,75,129,15,135,53,183,69,159,164,90,28,155,73,99,106,136,115,152,2,161,102,86,133,76,122,116,104,17,145,56,21,108,192,40,169,182,29,154,60,177,27,43,127,96,171,141,98,114,64,79,179,47,88,5,186,199,83,153,166,24,150,10,185,62,120,3,168,44,48,63];False
1879;7541;9420;[104,172,12,22,26,178,147,3,2,130,132,117,77,112,193,24,66,157,103,105,74,188,93,118,10,0,167,61,45,138,41,44,78,128,42,57,37,121,162,126,143,160,91,1,33,124,94,196,36,46,140,92,82,23,189,81,87,106,136,116,146,85,9,144,170,95,38,139,19,20,51,149,34,194,180,123,176,67,32,72,163,25,70,65,16,190,11,113,156,71,165,184,31,8,173,18,131,110,101,59,80,100,30,134,148,195,97,137,175,151,7,191,181,68,198,142,58,158,54,52,119,187,39,107,55,14,13,111,84,89,75,4,15,135,53,183,69,159,164,90,28,155,73,99,109,50,115,152,35,161,102,86,133,76,122,49,182,125,145,56,21,108,192,40,169,129,29,154,60,177,27,43,127,96,171,141,98,114,64,79,179,47,88,5,186,199,83,153,166,174,150,6,185,62,120,197,168,17,48,63];False
1861;7568;9429;[104,172,12,22,81,93,147,3,35,61,84,117,77,112,193,24,66,157,103,105,74,188,144,118,10,0,167,182,45,138,41,44,78,128,42,57,37,121,162,126,143,160,91,1,33,124,94,196,36,46,140,92,82,23,189,49,130,106,136,26,146,85,9,178,170,95,38,139,19,20,51,149,34,194,180,123,176,67,32,72,163,25,70,87,16,190,195,113,156,71,165,184,31,8,173,18,131,110,101,59,80,100,30,134,148,11,97,137,175,151,7,191,181,68,198,142,58,158,54,52,29,187,39,107,55,14,13,111,132,89,75,4,15,135,53,183,69,159,164,90,28,155,73,99,109,50,115,152,2,161,102,86,133,76,122,116,65,125,145,56,21,108,192,40,169,129,119,154,60,177,27,43,127,96,171,141,98,114,64,79,179,47,88,5,186,199,83,153,166,174,150,6,185,62,120,197,168,17,48,63];False
1817;7644;9461;[104,172,12,22,81,93,147,3,35,87,84,117,77,112,193,24,66,157,103,105,74,188,144,118,10,0,167,61,45,138,41,44,78,128,42,57,37,121,162,126,143,160,91,1,33,124,94,196,36,46,140,92,82,23,189,49,130,106,136,26,146,85,9,178,170,95,38,139,19,20,51,149,34,194,180,123,176,67,32,72,163,25,70,182,16,190,11,113,156,71,127,184,31,8,173,18,131,110,101,59,80,100,30,134,148,195,97,137,175,151,7,191,181,68,198,142,58,158,54,52,29,187,39,107,55,14,13,111,132,89,75,4,15,135,53,183,69,159,164,90,28,155,73,99,109,50,115,152,2,161,102,86,133,76,122,116,65,125,145,56,21,108,192,40,169,129,119,154,60,177,27,43,165,96,171,141,98,114,64,79,179,47,88,5,186,199,83,153,166,174,150,6,185,62,120,197,168,17,48,63];False
2280;7164;9444;[50,4,28,162,147,9,149,19,172,132,130,84,77,112,93,184,66,157,103,105,74,188,144,31,142,117,167,61,45,138,41,49,78,128,42,57,197,146,118,126,143,160,91,1,33,124,180,196,36,46,140,92,82,23,189,81,0,85,22,26,176,193,109,190,170,95,38,139,65,20,70,194,34,198,174,178,35,67,32,72,163,25,51,8,16,125,11,113,156,71,165,87,37,94,173,18,131,110,101,59,80,100,30,134,148,195,97,58,175,151,7,191,181,68,123,6,137,158,54,52,119,187,39,107,55,14,13,111,12,89,75,129,15,135,53,183,69,159,164,90,121,155,73,99,106,136,115,152,2,161,102,86,133,76,122,116,104,17,145,56,21,108,192,40,169,182,29,154,60,177,27,43,127,96,171,141,98,114,64,79,179,47,88,5,186,199,83,153,166,24,150,10,185,62,120,3,168,44,48,63];False
1873;7559;9432;[104,172,12,22,81,93,147,3,35,61,84,117,77,112,193,24,66,157,103,105,74,188,144,118,10,0,167,38,45,138,41,44,78,128,42,57,37,121,162,126,143,160,91,1,33,124,94,196,36,46,140,92,82,23,189,49,130,106,136,26,146,85,9,178,170,95,182,139,19,20,51,149,34,194,180,123,176,67,32,72,163,25,70,87,16,190,195,113,156,71,165,184,31,8,173,18,131,110,101,59,80,100,30,134,148,11,97,137,175,151,7,191,181,68,198,142,58,158,54,52,29,187,39,107,55,14,13,111,132,89,75,4,15,135,53,183,69,159,164,90,28,155,73,99,109,50,115,152,2,161,102,86,133,76,122,116,65,125,145,56,21,108,192,40,169,129,119,154,60,177,27,43,127,96,171,141,98,114,64,79,179,47,88,5,186,199,83,153,166,174,150,6,185,62,120,197,168,17,48,63];False
1815;7631;9446;[104,172,12,22,81,93,147,3,2,130,84,117,77,112,193,24,66,157,103,105,74,188,144,118,10,0,101,61,45,138,41,44,78,128,42,57,37,121,162,126,143,160,91,1,33,124,94,196,36,46,140,92,82,23,189,49,87,106,136,26,146,85,9,178,170,95,38,139,19,20,51,149,34,194,180,123,176,67,32,72,163,25,70,65,16,190,11,113,156,71,165,184,31,8,173,18,131,110,167,59,80,100,30,134,148,195,97,137,175,151,7,191,181,68,198,142,58,158,54,52,29,187,39,107,55,14,13,111,132,89,75,4,15,135,53,183,69,159,164,90,28,155,73,99,109,50,115,152,35,161,102,86,133,76,122,116,182,125,145,56,21,108,192,40,169,129,119,154,60,177,27,43,127,96,171,141,98,114,64,79,179,47,88,5,186,199,83,153,166,174,150,6,185,62,120,197,168,17,48,63];False
2330;7135;9465;[50,146,180,178,9,37,94,4,172,12,130,117,77,112,93,184,66,157,103,105,74,188,144,31,142,2,167,61,45,138,41,49,78,128,42,57,3,121,162,126,143,160,91,1,33,124,147,196,36,46,140,92,82,23,189,81,0,85,22,26,176,193,109,190,170,95,38,139,65,20,51,149,34,198,174,118,84,67,32,72,163,25,70,19,16,125,11,113,156,71,165,87,194,8,173,18,131,110,101,59,80,100,30,134,148,195,97,58,175,151,7,191,181,68,123,6,137,158,54,52,119,187,39,107,55,14,13,111,132,89,75,129,15,135,53,183,69,159,164,90,28,155,73,99,106,136,115,152,35,161,102,86,133,76,122,116,104,17,145,56,21,108,192,40,169,182,29,154,60,177,27,43,127,96,171,141,98,114,64,79,179,47,88,5,186,199,83,153,166,24,150,10,185,62,120,197,168,44,48,63];False
1880;7536;9416;[104,172,12,22,26,178,147,3,2,130,84,117,77,112,193,24,66,157,103,105,74,188,93,118,10,0,167,61,45,138,41,44,78,128,42,57,37,121,162,126,143,160,91,1,33,124,94,196,36,46,140,92,82,23,189,81,87,106,136,49,146,85,9,144,170,95,38,139,19,20,51,149,34,194,180,123,176,67,32,72,163,25,70,182,16,190,11,113,156,71,165,184,31,8,173,18,131,110,101,59,80,100,30,134,148,195,97,137,175,151,7,191,181,68,198,142,58,158,54,52,119,187,39,107,55,14,13,111,132,89,75,4,15,135,53,183,69,159,164,90,28,155,73,99,109,50,115,152,35,161,102,86,133,76,122,116,65,125,145,56,21,108,192,40,169,129,29,154,60,177,27,43,127,96,171,141,98,114,64,79,179,47,88,5,186,199,83,153,166,174,150,6,185,62,120,197,168,17,48,63];False
1878;7527;9405;[104,172,12,22,26,178,147,3,2,130,84,117,77,112,193,24,66,157,103,105,74,188,144,118,10,0,167,61,45,138,41,44,78,128,42,57,37,121,162,126,143,160,91,1,33,124,94,196,36,46,140,92,82,23,189,81,87,106,136,116,146,85,9,93,170,95,38,139,19,20,51,149,34,194,180,123,176,67,32,72,163,25,70,65,16,190,11,113,156,71,165,184,31,8,173,18,131,110,101,59,80,100,30,134,148,195,97,137,175,151,7,191,181,68,198,142,58,158,54,52,119,187,39,107,55,14,13,111,132,89,75,4,15,135,53,183,69,159,164,90,28,155,73,99,109,50,115,152,35,161,102,86,133,76,122,49,182,125,145,56,21,108,192,40,169,129,29,154,60,177,27,43,127,96,171,141,98,114,64,79,179,47,88,5,186,199,83,153,166,174,150,6,185,62,120,197,168,17,48,63];False
1805;7631;9436;[118,172,12,22,26,178,120,3,2,130,84,117,77,112,31,29,66,157,103,105,74,188,144,109,147,0,101,61,45,138,167,180,78,128,42,57,37,121,162,126,143,160,91,1,33,124,94,196,36,182,140,92,82,23,189,81,87,85,104,20,146,193,9,93,170,95,38,139,19,194,51,149,34,127,175,123,176,67,32,72,137,25,70,65,16,190,11,113,156,71,165,184,125,8,173,18,131,110,41,59,80,100,30,134,148,195,97,58,6,151,7,191,181,68,198,142,163,158,54,52,119,187,39,107,55,14,13,197,132,89,75,4,15,135,53,183,69,159,164,90,28,155,73,99,106,136,115,152,35,161,102,86,133,76,122,116,49,46,145,56,21,108,192,40,169,129,24,154,60,177,27,43,111,96,171,141,98,114,64,79,179,47,88,5,186,199,83,153,166,174,150,10,185,62,44,50,168,17,48,63];False
1798;7647;9445;[180,172,12,22,26,178,120,3,2,130,84,117,77,112,31,29,66,157,103,105,74,188,144,9,147,0,101,61,45,138,126,143,78,128,42,57,37,121,162,146,118,160,91,1,33,124,94,196,52,182,140,92,82,23,189,81,87,85,104,20,167,193,109,93,170,95,38,139,19,194,51,149,34,127,175,123,176,67,32,72,137,25,70,65,16,190,11,113,156,71,165,184,125,8,173,18,131,110,41,59,80,100,30,134,148,195,97,58,6,43,7,191,181,68,198,142,163,158,54,36,119,187,39,107,55,14,13,197,132,89,75,4,15,135,53,183,69,159,164,90,28,155,73,99,106,136,115,152,35,161,102,86,133,76,122,116,49,46,145,56,21,108,192,40,169,129,24,154,60,177,27,151,111,96,171,141,98,114,64,79,179,47,88,5,186,199,83,153,166,174,150,10,185,62,44,50,168,17,48,63];False
1868;7557;9425;[104,172,12,22,81,93,147,3,2,130,84,117,77,112,193,24,66,157,103,105,74,188,144,118,10,110,167,61,45,138,41,182,78,128,42,57,37,121,162,126,143,160,91,1,33,124,94,196,36,46,140,92,82,23,189,49,87,106,136,26,146,85,9,178,170,95,38,139,19,20,51,149,34,194,180,123,176,67,32,72,163,25,70,65,16,190,11,113,156,71,165,184,31,8,173,18,131,0,101,59,80,100,30,134,148,195,97,137,175,151,7,191,181,68,198,142,58,158,54,52,29,187,39,107,55,14,13,111,132,89,75,4,15,135,53,183,69,159,164,90,28,155,73,99,109,50,115,152,35,161,102,86,133,76,122,116,44,125,145,56,21,108,192,40,169,129,119,154,60,177,27,43,127,96,171,141,98,114,64,79,179,47,88,5,186,199,83,153,166,174,150,6,185,62,120,197,168,17,48,63];False
1799;7637;9436;[118,172,12,22,26,178,120,3,2,130,84,117,77,112,31,29,66,157,103,105,74,188,144,109,147,0,101,61,45,138,126,180,78,128,42,57,37,121,162,146,143,160,91,1,33,124,94,196,36,182,140,92,82,23,189,81,87,85,104,20,167,193,9,93,170,95,38,139,19,194,51,149,34,127,175,123,176,67,32,72,137,25,70,65,16,190,11,113,156,71,165,184,125,8,173,18,131,110,41,59,80,100,30,134,148,195,97,58,6,43,7,191,181,68,198,142,163,158,54,52,119,187,39,107,55,14,13,197,132,89,75,4,15,135,53,183,69,159,164,90,28,155,73,99,106,136,115,152,35,161,102,86,133,76,122,116,49,46,145,56,21,108,192,40,169,129,24,154,60,177,27,151,111,96,171,141,98,114,64,79,179,47,88,5,186,199,83,153,166,174,150,10,185,62,44,50,168,17,48,63];False
2412;7121;9533;[50,21,180,178,9,37,123,4,172,12,130,117,77,112,93,184,66,157,103,105,74,188,144,31,142,2,167,61,45,138,41,49,78,128,42,57,3,121,162,126,143,160,91,1,33,124,94,196,36,46,140,92,82,23,189,81,0,85,22,26,176,193,109,190,170,95,38,139,65,20,51,149,34,198,174,118,84,67,32,72,163,25,70,19,16,125,11,113,156,71,165,87,194,8,173,18,131,110,101,59,80,100,30,134,148,195,97,58,175,151,7,191,181,68,147,6,137,158,54,52,119,187,39,107,55,14,13,111,132,89,75,129,15,135,53,183,69,159,164,90,28,155,73,99,106,136,115,152,35,161,102,86,133,76,122,116,104,17,145,56,146,108,192,40,169,182,29,154,60,177,27,43,127,96,171,141,98,114,64,79,179,47,88,5,186,199,83,153,166,24,150,10,185,62,120,197,168,44,48,63];False
1741;7764;9505;[180,172,12,22,96,176,120,3,2,130,84,117,77,112,31,29,66,157,103,105,74,188,93,90,100,0,101,61,45,55,126,185,78,128,42,57,37,121,162,146,118,10,91,1,33,124,94,196,36,182,140,92,82,23,189,81,87,85,104,20,167,193,164,67,62,95,38,139,19,194,51,149,34,127,175,123,136,144,32,72,137,25,170,65,16,190,11,113,156,71,165,184,125,8,173,18,131,110,41,59,80,147,30,134,148,195,97,58,6,43,7,191,181,68,198,142,163,158,54,52,119,187,39,107,138,178,13,197,132,89,75,4,15,135,53,183,69,159,9,14,28,155,73,99,106,70,115,152,35,161,102,86,133,76,122,116,49,46,145,56,21,108,192,40,169,129,24,154,60,177,27,151,111,26,171,141,98,114,64,79,179,47,88,5,186,199,83,153,166,174,150,160,143,109,44,50,168,17,48,63];False
1730;7768;9498;[180,172,12,22,26,178,120,3,2,130,84,117,77,112,31,29,66,157,103,105,74,188,93,90,100,0,101,61,45,138,126,185,78,128,42,57,37,121,162,146,118,10,91,1,33,124,94,196,36,182,140,92,82,23,189,81,87,85,104,20,167,193,164,67,62,95,38,139,19,194,51,149,34,127,175,123,136,144,32,72,137,25,170,65,16,190,11,113,156,71,165,184,125,8,173,18,131,110,41,59,80,147,30,134,148,195,97,58,6,43,7,191,181,68,198,142,163,158,54,52,119,187,39,107,55,14,13,197,132,89,75,4,15,135,53,183,69,159,9,44,28,155,73,99,106,70,115,152,35,161,102,86,133,76,122,116,49,46,145,56,21,108,192,40,169,129,24,154,60,177,27,151,111,96,171,141,98,114,64,79,179,47,88,5,186,199,83,153,166,174,150,160,143,109,176,50,168,17,48,63];False
1731;7731;9462;[180,172,12,22,26,176,120,3,2,130,84,117,77,112,31,29,66,157,103,105,74,188,93,90,100,0,101,61,45,138,126,185,78,128,42,57,37,121,162,146,118,10,91,1,33,124,94,196,36,182,140,92,82,23,189,81,87,85,104,20,167,193,164,67,62,95,38,139,19,194,51,149,34,127,175,123,136,144,32,72,137,25,170,65,16,190,11,113,156,71,165,184,125,8,173,18,131,110,41,59,80,147,30,134,148,195,97,58,6,43,7,191,181,68,198,142,163,158,54,52,119,187,39,107,55,14,13,197,132,89,75,4,15,135,53,183,69,159,9,151,28,155,73,99,106,70,115,152,35,161,102,86,133,76,122,116,49,46,145,56,21,108,192,40,169,129,24,154,60,177,27,178,111,96,171,141,98,114,64,79,179,47,88,5,186,199,83,153,166,174,150,160,143,109,44,50,168,17,48,63];False
1666;7833;9499;[180,172,12,22,26,178,120,3,2,130,84,117,77,112,31,29,66,157,103,44,45,188,93,90,100,0,101,61,74,138,126,185,78,128,42,57,37,121,162,146,118,10,91,1,33,124,94,196,36,182,140,92,82,23,189,81,87,85,104,20,167,193,164,144,62,95,38,139,19,194,51,149,34,127,175,123,136,67,32,72,137,25,170,65,16,190,11,113,156,71,165,184,125,8,173,18,131,110,41,59,80,147,30,134,148,195,97,58,6,43,7,191,181,68,198,142,163,158,54,52,119,187,39,107,55,14,13,197,132,89,75,4,15,135,53,183,69,159,9,105,28,155,73,99,106,70,115,152,35,161,102,86,133,76,122,116,49,46,145,56,21,108,192,40,169,129,24,154,60,177,27,151,111,96,171,141,98,114,64,79,179,47,88,5,186,199,83,153,166,174,150,160,143,109,176,50,168,17,48,63];False
1780;7667;9447;[180,172,12,22,26,178,120,3,2,130,84,117,77,112,31,29,66,157,103,105,74,188,144,109,147,0,101,61,45,55,126,143,78,128,42,57,37,121,162,146,118,160,91,1,33,124,94,196,52,182,140,92,82,23,189,81,87,85,104,20,167,193,9,93,170,95,38,139,19,194,51,149,34,127,175,123,176,67,32,72,137,25,70,65,16,190,11,113,156,71,165,184,125,8,173,18,131,110,41,59,80,100,30,134,148,195,97,58,6,43,7,191,181,68,198,142,163,158,54,36,119,187,39,107,138,14,13,197,132,89,75,4,15,135,53,183,69,159,164,90,28,155,73,99,106,136,115,152,35,161,102,86,133,76,122,116,49,46,145,56,21,108,192,40,169,129,24,154,60,177,27,151,111,96,171,141,98,114,64,79,179,47,88,5,186,199,83,153,166,174,150,10,185,62,44,50,168,17,48,63];False
2394;7125;9519;[50,146,180,178,9,37,82,4,172,132,130,117,77,112,93,184,66,157,103,105,74,188,144,31,142,2,167,61,45,138,41,49,78,128,42,57,3,121,162,126,143,160,91,1,33,124,94,196,36,46,140,92,147,23,189,81,0,85,22,26,176,193,109,190,170,95,38,139,65,20,51,149,34,198,174,118,84,67,32,72,163,25,70,19,16,125,11,113,156,71,165,87,194,8,173,18,131,110,101,59,80,100,30,134,148,195,97,58,175,151,7,191,181,68,123,6,137,158,54,52,119,187,39,107,55,14,13,111,12,89,75,129,15,135,53,183,69,159,164,90,28,155,73,99,106,136,115,152,35,161,102,86,133,76,122,116,104,17,145,56,21,108,192,40,169,182,29,154,60,177,27,43,127,96,171,141,98,114,64,79,179,47,88,5,186,199,83,153,166,24,150,10,185,62,120,197,168,44,48,63];False
1728;7740;9468;[180,172,12,22,26,176,120,3,2,130,84,117,77,112,31,29,66,157,103,105,74,188,93,90,100,0,101,61,45,55,126,185,78,128,42,57,37,121,162,146,118,10,91,1,33,124,94,196,36,182,140,92,82,23,189,81,87,85,104,20,167,193,164,67,62,95,38,139,19,194,51,149,34,127,175,123,136,144,32,72,137,25,170,65,16,190,11,113,156,71,165,184,125,8,173,18,131,110,41,59,80,147,30,134,148,195,97,58,6,43,7,191,181,68,198,142,163,158,54,52,119,187,39,107,138,14,13,197,132,89,75,4,15,135,53,183,69,159,9,151,28,155,73,99,106,70,115,152,35,161,102,86,133,76,122,116,49,46,145,56,21,108,192,40,169,129,24,154,60,177,27,178,111,96,171,141,98,114,64,79,179,47,88,5,186,199,83,153,166,174,150,160,143,109,44,50,168,17,48,63];False
1703;7786;9489;[180,172,12,22,26,178,120,3,2,130,84,117,77,112,31,29,66,157,103,44,74,188,93,90,100,0,101,61,45,55,126,185,78,128,42,57,37,121,162,146,118,10,91,1,33,124,94,196,36,182,140,92,82,23,189,81,87,85,104,20,167,193,136,144,62,95,38,139,19,194,51,149,34,127,175,123,164,67,32,72,137,25,170,65,16,190,11,113,156,71,165,184,125,8,173,18,131,110,41,59,80,147,30,134,148,195,97,58,6,43,7,191,181,68,198,142,163,158,54,52,119,187,39,107,138,14,13,197,132,89,75,4,15,135,53,183,69,159,9,105,28,155,73,99,106,70,115,152,35,161,102,86,133,76,122,116,49,46,145,56,21,108,192,40,169,129,24,154,60,177,27,151,111,96,171,141,98,114,64,79,179,47,88,5,186,199,83,153,166,174,150,160,143,109,176,50,168,17,48,63];False
1657;7846;9503;[180,172,12,22,26,178,120,3,2,130,106,117,77,112,31,29,66,157,103,44,74,188,93,90,100,0,101,61,45,55,126,185,78,128,42,57,37,121,162,146,118,10,91,1,33,124,94,196,36,182,140,92,82,23,189,81,87,85,104,20,167,193,164,67,62,95,38,139,19,194,51,149,34,127,175,123,136,144,32,72,137,25,170,65,16,190,11,113,156,71,165,184,125,8,173,18,131,110,41,59,80,147,30,134,148,195,97,58,6,43,7,191,181,68,198,142,163,158,54,52,119,187,39,107,138,14,13,197,132,89,75,4,15,135,53,183,69,159,9,105,28,155,73,99,84,70,115,152,35,161,102,86,133,76,122,116,49,46,145,56,21,108,192,40,169,129,24,154,60,177,27,151,111,96,171,141,98,114,64,79,179,47,88,5,186,199,83,153,166,174,150,160,143,109,176,50,168,17,48,63];False
1723;7770;9493;[180,172,12,22,26,178,120,3,2,130,84,117,77,112,31,29,66,157,103,105,74,188,93,170,147,143,101,61,45,55,126,185,78,128,42,57,37,121,162,146,118,10,91,1,33,124,94,196,52,182,140,92,82,23,189,81,87,85,104,20,167,193,9,144,109,95,38,139,19,194,51,149,34,127,175,123,176,67,32,72,137,25,70,65,16,190,11,113,156,71,165,184,125,8,173,18,131,110,41,59,80,100,30,134,148,195,97,58,6,43,7,191,181,68,198,142,163,158,54,36,119,187,39,107,138,14,13,197,132,89,75,4,15,135,53,183,69,159,164,90,28,155,73,99,106,136,115,152,35,161,102,86,133,76,122,116,49,46,145,56,21,108,192,40,169,129,24,154,60,177,27,151,111,96,171,141,98,114,64,79,179,47,88,5,186,199,83,153,166,174,150,160,0,62,44,50,168,17,48,63];False
1640;7883;9523;[180,172,12,22,26,178,120,3,2,130,106,117,77,112,31,29,66,157,103,44,45,188,93,90,100,0,101,61,74,138,126,185,78,128,42,57,37,121,162,146,118,10,91,1,33,124,94,196,36,182,140,92,82,23,189,81,87,85,104,20,167,193,164,144,62,95,38,139,19,194,51,149,34,127,175,123,136,67,32,72,137,25,170,65,16,190,11,113,156,71,165,184,125,8,173,18,131,110,41,59,80,147,30,134,148,195,97,58,6,43,7,191,181,68,198,142,163,158,54,52,119,187,39,107,55,14,13,197,132,89,75,4,15,135,53,183,69,159,9,105,28,155,73,99,84,70,115,152,35,161,102,86,133,76,122,116,49,46,145,56,21,108,192,40,169,129,24,154,60,177,27,151,111,96,171,141,98,114,64,79,179,47,88,5,186,199,83,153,166,174,150,160,143,109,176,50,168,17,48,63];False
1623;7903;9526;[180,172,12,22,26,178,120,3,2,130,106,117,77,112,31,29,66,157,103,44,74,188,93,90,100,0,101,61,45,55,126,185,78,128,42,57,37,121,162,146,118,10,91,1,33,124,94,196,52,182,140,92,82,23,189,81,87,85,104,20,167,193,164,144,62,95,38,139,19,194,51,149,34,127,175,123,136,67,32,72,137,25,170,65,16,190,11,113,156,71,165,184,125,8,173,18,131,110,41,59,80,147,30,134,148,195,97,58,6,43,7,191,181,68,198,142,163,158,54,36,119,187,39,107,138,14,13,197,132,89,75,4,15,135,53,183,69,159,9,105,28,155,73,99,84,70,115,152,35,161,102,86,133,76,122,116,49,46,145,56,21,108,192,40,169,129,24,154,60,177,27,151,111,96,171,141,98,114,64,79,179,47,88,5,186,199,83,153,166,174,150,160,143,109,176,50,168,17,48,63];False
2451;7109;9560;[50,21,180,178,9,37,82,4,172,12,130,117,77,112,93,184,66,157,103,105,74,188,144,31,149,2,167,61,45,138,41,49,78,128,42,57,3,121,162,126,143,160,91,1,33,124,94,196,36,46,140,92,147,23,189,81,0,85,22,26,176,193,109,190,170,95,38,139,65,20,51,142,34,198,174,118,84,67,32,72,163,25,70,19,16,125,11,113,156,71,165,87,194,8,173,18,131,110,101,59,80,100,30,134,148,195,97,58,175,151,7,191,181,68,123,6,137,158,54,52,119,187,39,107,55,14,13,111,132,89,75,129,15,135,53,183,69,159,164,90,28,155,73,99,106,136,115,152,35,161,102,86,133,76,122,116,104,17,145,56,146,108,192,40,169,182,29,154,60,177,27,43,127,96,171,141,98,114,64,79,179,47,88,5,186,199,83,153,166,24,150,10,185,62,120,197,168,44,48,63];False
1620;7907;9527;[180,172,12,22,26,178,120,3,2,130,106,117,77,112,31,29,66,157,103,44,74,188,93,90,100,0,101,61,45,55,126,185,78,128,42,57,37,121,162,146,118,10,91,1,33,124,94,196,36,182,140,92,82,23,189,81,87,85,104,20,167,193,164,144,181,95,38,139,19,194,51,149,34,127,175,123,136,67,32,72,137,25,170,65,16,190,11,113,156,71,165,184,125,8,173,18,131,110,41,59,80,147,30,134,148,195,97,58,6,43,7,191,62,68,198,142,163,158,54,52,119,187,39,107,138,14,13,197,132,89,75,4,15,135,53,183,69,159,9,105,28,155,73,99,84,70,115,152,35,161,102,86,133,76,122,116,49,46,145,56,21,108,192,40,169,129,24,154,60,177,27,151,111,96,171,141,98,114,64,79,179,47,88,5,186,199,83,153,166,174,150,160,143,109,176,50,168,17,48,63];True
2422;7112;9534;[50,146,180,178,9,37,82,4,172,12,130,117,77,112,93,184,66,157,103,105,74,188,144,31,149,2,167,61,45,138,41,49,78,128,42,57,3,121,162,126,143,160,91,1,33,124,94,196,36,46,140,92,147,23,189,81,0,85,22,26,176,193,109,190,170,95,38,139,65,20,51,142,34,198,174,118,84,67,32,72,163,25,70,19,16,125,11,113,156,71,165,87,194,8,173,18,131,110,101,59,80,100,30,134,148,195,97,58,175,151,7,191,181,68,123,6,137,158,54,52,119,187,39,107,55,14,13,111,132,89,75,129,15,135,53,183,69,159,164,90,28,155,73,99,106,136,115,152,35,161,102,86,133,76,122,116,104,17,145,56,21,108,192,40,169,182,29,154,60,177,27,43,127,96,171,141,98,114,64,79,179,47,88,5,186,199,83,153,166,24,150,10,185,62,120,197,168,44,48,63];False
1618;7939;9557;[180,172,12,22,26,178,120,3,2,130,106,117,77,112,31,24,66,157,103,44,74,188,93,90,100,0,101,61,45,55,126,185,78,128,42,57,37,121,162,146,118,10,91,1,33,124,94,196,36,182,140,92,82,23,189,81,87,85,104,20,167,193,164,144,181,95,38,139,19,194,51,149,34,127,175,123,136,67,32,72,137,25,170,65,16,190,11,113,156,71,165,184,125,8,173,18,131,110,41,59,80,147,30,134,148,195,97,58,6,43,7,191,62,68,198,142,163,158,54,52,119,187,39,107,138,14,13,197,132,89,75,4,15,135,53,183,69,159,9,105,28,155,73,99,84,70,115,152,35,161,102,86,133,76,122,116,49,46,145,56,21,108,192,40,169,129,29,154,60,177,27,151,111,96,171,141,98,114,64,79,179,47,88,5,186,199,83,153,166,174,150,160,143,109,176,50,168,17,48,63];False
1605;7960;9565;[198,155,29,154,141,119,44,7,130,107,105,146,118,178,192,183,104,50,53,162,173,18,57,120,24,197,15,135,34,159,76,134,121,10,123,90,41,22,38,14,168,17,94,60,49,153,185,127,39,148,69,28,129,8,93,46,55,165,42,166,59,36,23,12,54,151,175,83,117,98,78,171,81,52,150,140,92,100,58,79,177,95,167,61,181,65,82,5,27,133,96,157,138,45,188,87,66,126,124,86,112,40,51,106,143,160,80,71,9,190,43,128,85,164,111,195,25,37,145,139,33,13,137,158,182,109,21,73,6,56,63,31,142,115,152,102,186,113,196,89,26,176,72,74,4,97,131,0,199,62,1,189,108,84,99,174,184,161,156,147,3,169,191,11,194,180,163,170,103,91,35,125,149,32,187,114,68,116,20,67,193,16,136,144,70,19,64,101,122,172,77,2,110,30,179,47,132,75,88,48];False
2496;7105;9601;[50,146,180,37,109,44,82,4,172,12,130,117,77,112,93,46,66,157,103,105,74,188,144,31,6,2,167,61,45,138,41,49,78,128,42,57,3,121,162,126,143,160,91,1,33,124,94,196,36,184,140,92,147,23,189,81,0,85,22,26,176,193,9,178,170,95,38,139,65,20,51,149,34,198,174,118,84,67,32,72,163,25,70,19,16,190,11,113,156,71,165,87,194,8,173,18,131,110,101,59,80,100,30,134,148,195,97,58,175,151,7,191,181,68,123,142,137,158,54,52,119,187,39,107,55,14,13,111,132,89,75,129,15,135,53,183,69,159,164,90,28,155,73,99,106,136,115,152,35,161,102,86,133,76,122,116,104,125,145,56,21,108,192,40,169,182,29,154,60,177,27,43,127,96,171,141,98,114,64,79,179,47,88,5,186,199,83,153,166,24,150,10,185,62,120,197,168,17,48,63];False
2521;7079;9600;[174,184,123,190,109,31,6,193,172,12,130,22,195,112,93,118,66,157,103,105,20,188,87,37,147,149,167,61,45,138,41,49,78,128,42,57,3,121,162,126,143,160,91,1,33,124,94,196,36,44,140,92,82,23,189,81,0,85,19,26,176,46,9,178,170,95,38,139,144,146,51,50,34,194,180,4,84,67,32,72,163,25,70,65,16,117,77,113,156,71,165,2,74,8,173,18,131,110,101,59,80,100,30,134,148,11,97,58,175,151,7,191,181,68,198,142,137,158,54,52,119,187,39,107,55,14,13,111,132,89,75,129,15,135,53,183,69,159,164,90,28,155,73,99,106,136,115,152,35,161,102,86,133,76,122,116,104,125,145,56,21,108,192,40,169,182,29,154,60,177,27,43,127,96,171,141,98,114,64,79,179,47,88,5,186,199,83,153,166,24,150,10,185,62,120,197,168,17,48,63];False
2502;7096;9598;[50,21,180,37,109,44,82,4,172,12,130,117,77,112,93,184,66,157,103,105,74,188,144,31,6,2,167,61,45,138,41,49,78,128,42,57,3,121,162,126,143,160,91,1,33,124,94,196,36,46,140,92,147,23,189,81,0,85,22,26,176,193,16,178,170,95,38,139,65,20,51,149,34,198,174,118,84,67,32,72,163,25,70,19,9,190,11,113,156,71,165,87,194,8,173,18,131,110,101,59,80,100,30,134,148,195,97,58,175,151,7,191,181,68,123,142,137,158,54,52,119,187,39,107,55,14,13,111,132,89,75,129,15,135,53,183,69,159,164,90,28,155,73,99,106,136,115,152,35,161,102,86,133,76,122,116,104,125,145,56,146,108,192,40,169,182,29,154,60,177,27,43,127,96,171,141,98,114,64,79,179,47,88,5,186,199,83,153,166,24,150,10,185,62,120,197,168,17,48,63];False
2517;7091;9608;[174,123,146,190,109,31,6,193,172,12,130,22,81,112,93,118,66,157,103,105,74,188,87,37,147,149,167,61,45,138,41,49,78,128,42,57,3,121,162,126,143,160,91,1,33,124,94,196,36,44,140,92,82,23,189,195,0,85,19,26,176,46,9,178,170,95,38,139,144,20,51,50,34,194,180,4,84,67,32,72,163,25,70,65,16,117,77,113,156,71,165,2,184,8,173,18,131,110,101,59,80,100,30,134,148,11,97,58,175,151,7,191,181,68,198,142,137,158,54,52,119,187,39,107,55,14,13,111,132,89,75,129,15,135,53,183,69,159,164,90,28,155,73,99,106,136,115,152,35,161,102,86,133,76,122,116,104,125,145,56,21,108,192,40,169,182,29,154,60,177,27,43,127,96,171,141,98,114,64,79,179,47,88,5,186,199,83,153,166,24,150,10,185,62,120,197,168,17,48,63];False
2605;7032;9637;[34,123,146,190,109,147,6,193,172,12,130,22,195,112,93,118,66,157,103,105,74,188,87,37,174,149,167,61,45,138,41,49,78,128,42,57,3,121,162,126,143,160,91,1,33,124,94,196,36,44,140,92,82,23,189,81,0,85,19,26,176,46,9,178,170,95,38,139,144,20,51,50,31,194,180,4,84,67,32,72,163,25,70,65,16,117,77,113,156,71,165,2,184,8,173,18,131,110,101,59,80,100,30,134,148,11,97,58,175,151,7,191,181,68,198,142,137,158,54,52,119,187,39,107,55,14,13,111,132,89,75,129,15,135,53,183,69,159,164,90,28,155,73,99,106,136,115,152,35,161,102,86,133,76,122,116,104,125,145,56,21,108,192,40,169,182,29,154,60,177,27,43,127,96,171,141,98,114,64,79,179,47,88,5,186,199,83,153,166,24,150,10,185,62,120,197,168,17,48,63];True
1596;8060;9656;[34,28,63,69,141,119,148,128,130,107,105,44,140,178,192,183,174,50,53,162,173,18,57,120,24,197,15,118,198,159,76,134,121,10,123,90,41,22,38,150,168,17,94,60,49,153,185,127,39,187,147,67,129,8,93,46,55,165,42,166,59,36,23,12,54,151,175,83,117,98,78,171,81,52,29,135,14,100,58,79,177,95,167,61,181,65,82,5,27,133,96,157,138,45,188,87,66,126,124,86,112,40,51,106,143,160,80,71,9,190,43,7,85,164,111,195,25,37,145,139,33,13,137,158,182,109,21,73,6,56,92,31,142,115,152,102,186,113,196,89,26,176,72,74,4,97,131,0,199,62,1,189,108,84,104,155,184,161,156,154,3,169,191,11,194,180,163,170,103,91,35,125,149,32,99,114,68,116,20,146,193,16,136,144,70,19,64,101,122,172,77,2,110,30,179,47,132,75,88,48];False
2725;7017;9742;[34,20,123,190,109,147,6,193,172,12,130,22,195,112,93,118,66,157,103,105,74,188,87,37,174,149,167,61,45,138,41,49,78,128,42,57,3,121,162,126,143,160,91,1,33,124,94,196,36,44,140,92,82,23,189,81,0,85,19,26,176,46,9,178,170,95,38,139,144,146,51,50,31,194,180,4,84,67,32,72,163,25,70,65,16,117,77,113,156,71,165,2,184,8,173,18,131,110,101,59,80,100,30,134,148,11,97,58,175,151,7,191,181,68,198,142,137,158,54,52,119,187,39,107,55,14,13,111,132,89,75,129,15,135,53,183,69,159,164,90,28,155,73,99,106,136,115,152,35,161,102,86,133,76,122,116,104,125,145,56,21,108,192,40,169,182,29,154,60,177,27,43,127,96,171,141,98,114,64,79,179,47,88,5,186,199,83,153,166,24,150,10,185,62,120,197,168,17,48,63];False
1593;8095;9688;[29,71,63,69,141,119,148,7,130,107,105,44,140,178,192,183,154,50,53,162,173,18,57,120,24,197,15,135,198,159,82,134,121,10,123,90,41,22,38,150,168,17,100,60,49,153,185,127,39,187,147,67,129,8,93,46,55,165,42,166,59,36,23,12,54,151,175,83,117,98,78,171,158,52,174,118,14,94,58,79,177,95,167,61,181,65,76,5,27,133,96,157,138,45,188,87,66,126,124,86,112,40,51,106,143,160,80,28,9,190,43,128,85,164,111,195,25,37,145,139,33,13,137,81,182,109,21,73,6,56,92,31,142,115,152,102,186,113,196,89,26,176,72,74,4,97,131,0,199,62,1,189,108,84,104,155,184,161,156,34,3,169,191,11,194,180,163,170,103,91,35,125,149,32,99,114,68,20,116,146,193,16,136,144,70,19,64,101,122,172,77,2,110,30,179,47,132,75,88,48];False
1588;8105;9693;[29,71,63,69,141,119,148,7,130,107,105,44,140,178,192,183,154,50,53,162,173,18,57,120,24,197,15,118,198,159,82,134,121,10,123,90,41,22,38,150,168,17,174,60,49,153,185,127,39,187,147,67,129,8,93,46,55,165,42,166,59,36,23,12,54,151,175,83,117,98,78,171,81,52,94,135,14,100,58,79,177,95,167,61,181,65,76,5,27,133,96,157,138,45,188,87,66,126,124,86,112,40,51,106,143,160,80,28,9,190,43,128,85,164,111,195,25,37,145,139,33,13,137,158,182,109,21,73,6,56,92,31,142,115,152,102,186,113,196,89,26,176,72,74,4,97,131,0,199,62,1,189,108,84,104,155,184,161,156,34,3,169,191,11,194,180,163,170,103,91,35,125,149,32,99,114,68,20,116,146,193,16,136,144,70,19,64,101,122,172,77,2,110,30,179,47,132,75,88,48];False
1584;8112;9696;[29,71,63,69,141,119,148,7,130,107,105,44,140,178,192,183,154,50,53,162,173,18,57,120,24,197,15,118,198,159,82,134,121,10,123,90,41,22,38,150,168,17,100,60,49,153,185,127,39,187,147,67,129,8,93,46,55,165,42,166,59,36,23,12,54,151,175,83,76,98,78,171,81,52,174,135,14,94,58,79,177,95,167,61,181,65,117,5,27,133,96,157,138,45,188,87,66,126,124,86,112,40,51,106,143,160,80,28,9,190,43,128,85,164,111,195,25,37,145,139,33,13,137,158,182,109,21,73,6,56,92,31,142,115,152,102,186,113,196,89,26,176,72,74,4,97,131,0,199,62,1,189,108,84,104,155,184,161,156,34,3,169,191,11,194,180,163,170,103,91,35,125,149,32,99,114,68,20,116,146,193,16,136,144,70,19,64,101,122,172,77,2,110,30,179,47,132,75,88,48];False
1553;8191;9744;[29,71,63,69,141,119,148,128,130,107,105,44,140,178,192,183,154,50,53,162,173,18,57,120,24,197,15,118,198,159,82,134,121,10,123,90,41,22,38,150,168,17,94,60,49,153,185,127,39,187,147,67,129,8,93,46,55,165,42,166,59,36,23,12,54,151,175,83,117,98,78,171,81,52,174,135,14,100,58,79,177,95,167,61,181,65,76,5,27,133,96,157,138,45,188,87,66,126,124,86,112,40,51,106,143,160,80,28,9,190,43,7,85,164,111,195,25,37,145,139,33,13,137,158,182,109,21,73,6,56,92,31,142,115,152,102,186,113,196,89,26,176,72,74,4,97,131,0,199,62,1,189,108,84,34,155,184,161,156,104,3,169,191,11,194,180,163,170,103,91,35,125,149,32,99,114,68,20,116,146,193,16,136,144,70,19,64,101,122,172,77,2,110,30,179,47,132,75,88,48];True
1565;8163;9728;[29,71,63,69,141,119,148,128,130,107,105,44,140,178,192,183,154,50,53,162,173,18,57,120,24,197,15,118,198,159,82,134,121,10,123,90,41,22,38,150,168,17,100,60,49,153,185,127,39,187,147,67,129,8,93,46,55,165,42,166,59,36,23,12,54,151,175,83,117,98,78,171,158,52,174,135,14,94,58,79,177,95,167,61,181,65,76,5,27,133,96,157,138,45,188,87,66,126,124,86,112,40,51,106,143,160,80,28,9,190,43,7,85,164,111,195,25,37,145,139,33,13,137,81,182,109,21,73,6,56,92,31,142,115,152,102,186,113,196,89,26,176,72,74,4,97,131,0,199,62,1,189,108,84,104,155,184,161,156,34,3,169,191,11,194,180,163,170,103,91,35,125,149,32,99,114,68,20,116,146,193,16,136,144,70,19,64,101,122,172,77,2,110,30,179,47,132,75,88,48];False
2674;7024;9698;[20,123,31,190,109,147,6,193,172,12,130,22,195,112,93,118,66,157,103,105,74,188,87,37,174,149,167,61,45,138,41,49,78,128,42,57,3,121,162,126,143,160,91,1,33,124,94,196,36,44,140,92,82,23,189,81,0,85,19,26,176,46,9,178,170,95,38,139,144,146,51,50,34,194,180,4,84,67,32,72,163,25,70,65,16,117,77,113,156,71,165,2,184,8,173,18,131,110,101,59,80,100,30,134,148,11,97,58,175,151,7,191,181,68,198,142,137,158,54,52,119,187,39,107,55,14,13,111,132,89,75,129,15,135,53,183,69,159,164,90,28,155,73,99,106,136,115,152,35,161,102,86,133,76,122,116,104,125,145,56,21,108,192,40,169,182,29,154,60,177,27,43,127,96,171,141,98,114,64,79,179,47,88,5,186,199,83,153,166,24,150,10,185,62,120,197,168,17,48,63];False
2790;7007;9797;[20,51,34,190,109,147,6,193,172,132,130,22,195,112,93,118,66,157,103,105,74,188,87,37,174,149,167,61,45,138,41,49,78,128,42,57,3,121,162,126,143,160,91,1,33,124,94,196,36,44,140,92,82,23,189,81,0,85,19,26,176,46,9,178,170,95,38,139,144,123,146,50,31,194,180,4,84,67,32,72,163,25,70,65,16,117,77,113,156,71,165,2,184,8,173,18,131,110,101,59,80,100,30,134,148,11,97,58,175,151,7,191,181,68,198,142,137,158,54,52,119,187,39,107,55,14,13,111,12,89,75,129,15,135,53,183,69,159,164,90,28,155,73,99,106,136,115,152,35,161,102,86,133,76,122,116,104,125,145,56,21,108,192,40,169,182,29,154,60,177,27,43,127,96,171,141,98,114,64,79,179,47,88,5,186,199,83,153,166,24,150,10,185,62,120,197,168,17,48,63];False
2915;6989;9904;[74,194,8,125,145,91,6,193,172,12,130,22,195,112,93,178,66,157,103,105,20,188,87,37,174,149,167,61,45,138,41,49,78,128,42,57,3,121,162,126,143,160,142,1,33,124,94,196,36,184,140,17,82,23,189,81,0,85,19,26,176,46,9,147,170,95,38,139,144,63,51,56,92,21,180,4,84,67,32,72,163,25,70,198,16,117,77,113,156,71,165,2,168,31,173,18,131,110,101,59,80,100,30,134,148,11,97,58,175,151,7,191,181,68,123,190,137,158,54,52,119,187,39,107,55,14,13,111,132,89,75,129,15,135,53,183,69,159,164,90,28,155,73,99,106,136,115,152,35,161,102,86,133,76,122,116,65,118,109,50,34,108,192,40,169,182,29,154,60,177,27,43,127,96,171,141,98,114,64,79,179,47,88,5,186,199,83,153,166,24,150,10,185,62,120,197,104,44,48,146];False
2947;6988;9935;[50,194,8,125,145,178,6,193,172,12,130,22,195,112,93,147,66,157,103,105,20,188,87,37,174,149,167,61,45,138,41,49,78,128,42,57,3,121,162,126,143,160,142,1,33,124,94,196,36,184,140,17,82,23,189,81,0,85,19,26,176,46,9,91,170,95,38,139,144,63,51,56,92,21,180,4,84,67,32,72,163,25,70,198,16,117,77,113,156,71,165,2,168,31,173,18,131,110,101,59,80,100,30,134,148,11,97,58,175,151,7,191,181,68,123,190,137,158,54,52,119,187,39,107,55,14,13,111,132,89,75,129,15,135,53,183,69,159,164,90,28,155,73,99,106,136,115,152,35,161,102,86,133,76,122,116,65,118,109,74,34,108,192,40,169,182,29,154,60,177,27,43,127,96,171,141,98,114,64,79,179,47,88,5,186,199,83,153,166,24,150,10,185,62,120,197,104,44,48,146];False
3089;6973;10062;[16,194,180,41,187,117,113,9,172,132,166,22,12,112,2,169,191,190,66,157,20,188,87,37,174,149,167,61,45,138,104,125,78,128,42,57,3,121,162,126,143,160,91,77,33,124,94,196,130,103,140,17,82,23,189,81,0,85,19,26,176,46,184,142,170,95,38,139,144,63,51,56,21,92,147,4,84,67,32,72,163,25,70,74,198,173,8,93,156,71,165,193,168,31,6,18,131,110,101,59,80,100,30,134,148,11,97,58,175,151,7,1,181,68,123,89,137,158,54,52,119,49,39,107,55,14,13,111,195,145,75,129,15,135,53,183,69,159,164,90,28,155,73,99,106,136,115,152,35,161,102,86,133,76,122,116,65,118,109,50,34,108,192,40,36,182,29,154,60,177,27,43,127,96,171,141,98,114,64,79,179,47,88,5,186,199,83,153,197,24,150,10,185,62,120,178,105,44,48,146];False
3118;6966;10084;[16,194,180,41,187,117,113,9,172,132,166,22,12,112,2,169,191,93,66,157,20,188,87,37,174,149,167,61,45,138,104,125,78,128,42,57,3,121,162,126,143,160,91,77,33,124,94,196,130,103,140,17,82,23,189,81,0,85,19,26,176,46,184,142,170,95,38,139,144,63,51,56,21,92,147,4,84,67,32,72,163,25,70,74,198,173,8,190,156,71,165,193,168,31,6,18,131,110,101,59,80,100,30,134,148,11,97,58,175,151,7,1,181,68,123,89,137,158,54,52,119,49,39,107,55,14,13,111,195,145,75,129,15,135,53,183,69,159,164,90,28,155,73,99,106,136,115,152,35,161,102,86,133,76,122,116,65,118,109,50,34,108,192,40,36,182,29,154,60,177,27,43,127,96,171,141,98,114,64,79,179,47,88,5,186,199,83,153,197,24,150,10,185,62,120,178,105,44,48,146];False
1532;8667;10199;[92,49,34,122,114,3,2,129,72,105,99,73,140,178,192,10,123,17,8,94,173,18,25,120,24,197,15,9,150,143,67,60,147,65,124,142,130,22,38,21,135,14,75,151,7,153,187,127,39,107,101,76,50,53,93,27,30,134,58,86,181,82,23,12,54,158,121,168,117,98,78,110,81,52,106,118,183,83,26,79,185,148,167,61,59,36,46,5,41,133,96,157,138,45,188,87,66,126,198,159,174,1,51,29,154,156,160,71,69,190,43,128,85,164,111,88,40,37,145,139,33,13,172,195,182,109,141,35,6,56,189,194,31,171,152,57,186,113,196,89,162,146,28,74,4,97,131,0,199,62,44,102,108,20,55,155,184,161,80,137,177,169,191,11,104,180,163,170,95,91,90,125,149,32,68,63,100,116,175,165,193,16,136,144,70,19,64,103,112,84,77,115,179,176,42,47,132,166,119,48];False
1542;8587;10129;[92,49,122,102,114,3,2,129,72,105,99,73,140,178,192,10,123,17,8,94,173,18,25,120,24,197,15,9,150,143,67,75,147,65,124,142,130,22,38,21,135,14,60,151,7,153,187,127,39,107,101,76,50,53,93,27,30,134,58,86,181,82,23,12,54,158,121,168,117,98,78,110,81,52,106,118,183,83,26,79,185,148,167,61,59,36,46,5,41,133,96,157,138,45,188,87,66,126,198,159,174,1,51,29,154,156,160,71,69,190,43,128,85,164,111,88,40,37,145,139,33,13,172,195,182,109,141,35,6,56,189,194,31,171,152,57,186,113,196,89,162,146,28,74,4,97,131,0,199,62,44,34,108,20,55,155,184,161,80,137,177,169,191,11,104,180,163,170,95,91,90,125,149,32,68,63,100,116,175,165,193,16,136,144,70,19,64,103,112,84,77,115,179,176,42,47,132,166,119,48];False
3342;6951;10293;[50,53,180,41,187,117,113,9,172,132,166,22,12,112,2,169,191,93,66,157,20,188,87,37,174,149,167,61,45,138,104,125,78,128,42,57,3,121,162,126,143,160,91,77,33,124,94,196,130,103,140,17,82,23,189,81,0,85,19,26,176,46,184,142,170,95,38,139,144,63,51,56,21,92,147,4,84,67,32,72,163,25,70,16,194,173,8,190,156,71,165,193,168,31,6,18,131,110,101,59,80,100,30,134,148,11,97,58,175,151,7,1,181,68,123,89,137,158,54,52,119,49,39,107,55,14,13,111,195,145,75,129,15,135,198,183,69,159,164,90,28,155,73,99,106,136,115,152,35,161,102,86,133,76,122,116,65,118,109,74,34,108,192,40,36,182,29,154,60,177,27,43,127,96,171,141,98,114,64,79,179,47,88,5,186,199,83,153,197,24,150,10,185,62,120,178,105,44,48,146];False
3331;6952;10283;[50,198,180,41,187,117,113,9,172,132,130,22,119,112,2,169,191,93,66,157,20,188,87,37,174,149,167,61,45,138,104,125,78,128,42,57,3,121,162,126,143,160,91,77,33,124,94,196,166,103,140,17,82,23,189,81,0,85,19,26,176,46,184,142,170,95,38,139,144,63,51,56,21,92,147,4,84,67,32,72,163,25,70,16,194,173,8,190,156,71,165,193,168,31,6,18,131,110,101,59,80,100,30,134,148,11,97,58,175,151,7,1,181,68,123,89,137,158,54,52,12,49,39,107,55,14,13,111,195,145,75,129,15,135,53,183,69,159,164,90,28,155,73,99,106,136,115,152,35,161,102,86,133,76,122,116,65,118,109,74,34,108,192,40,36,182,29,154,60,177,27,43,127,96,171,141,98,114,64,79,179,47,88,5,186,199,83,153,197,24,150,10,185,62,120,178,105,44,48,146];False
3350;6950;10300;[194,188,87,132,130,5,42,22,38,144,192,89,18,181,68,48,63,118,44,140,124,94,75,36,145,196,113,61,45,138,65,82,187,128,134,195,33,183,162,126,143,160,91,6,77,149,189,148,173,103,123,17,84,122,2,97,0,85,19,26,176,116,146,49,170,95,167,93,66,135,16,56,21,92,147,3,32,165,169,142,163,25,70,90,41,88,40,37,156,71,8,184,168,31,72,78,131,110,101,59,80,100,30,52,182,139,125,58,151,175,197,1,117,98,157,136,137,158,54,12,193,172,39,107,55,14,13,111,114,119,67,129,15,9,28,105,69,159,164,190,109,155,73,99,106,4,115,152,35,161,102,186,133,76,112,104,74,53,34,108,51,50,198,174,23,20,29,154,60,179,27,43,127,96,171,141,11,57,64,79,177,47,166,83,86,199,81,153,7,24,150,10,185,62,120,178,46,180,191,121];False
3428;6941;10369;[63,38,144,132,130,5,42,22,40,87,192,89,18,181,68,48,146,118,44,140,124,94,75,36,145,117,113,61,45,188,65,82,187,128,134,195,33,183,162,126,143,160,91,6,77,149,189,148,173,103,123,17,84,122,2,97,0,85,19,26,176,116,16,49,170,95,167,93,66,135,74,56,21,92,147,3,32,165,169,142,163,25,70,90,41,88,138,37,156,71,8,184,168,31,72,78,131,110,101,59,80,100,30,52,182,139,125,58,151,175,197,1,196,98,157,136,137,158,54,12,193,172,39,107,55,14,13,111,114,119,67,129,15,9,28,105,69,159,164,190,109,155,73,99,106,4,115,152,35,161,102,186,133,76,112,104,20,53,34,108,51,50,198,174,23,194,29,154,60,179,27,43,127,96,171,141,11,57,64,79,177,47,166,83,86,199,81,153,7,24,150,10,185,62,120,178,46,180,191,121];False
3456;6934;10390;[63,144,164,91,130,5,42,22,40,87,192,89,18,181,68,48,146,118,44,140,124,94,75,36,145,196,113,61,45,188,65,82,187,128,134,195,33,183,162,126,143,160,132,6,77,149,189,148,173,103,123,17,84,122,2,97,0,85,19,26,176,116,16,49,170,95,167,93,66,135,74,56,21,92,147,3,32,165,169,142,163,25,70,90,41,88,138,37,156,71,8,184,168,31,72,78,131,110,101,59,80,100,30,52,182,139,125,58,151,175,197,1,117,98,157,136,137,158,54,12,193,172,39,107,55,14,13,111,114,119,67,129,15,9,28,105,69,159,38,190,109,155,73,99,106,4,115,152,35,161,102,186,133,76,112,104,20,53,34,108,51,50,198,174,23,194,29,154,60,179,27,43,127,96,171,141,11,57,64,79,177,47,166,83,86,199,81,153,7,24,150,10,185,62,120,178,46,180,191,121];False
3449;6936;10385;[16,190,188,87,130,5,42,57,40,67,192,89,18,181,68,48,63,118,44,140,124,94,75,36,145,196,113,61,45,138,65,82,187,128,134,195,33,183,162,126,143,160,91,6,77,149,189,148,173,103,123,17,84,122,2,97,0,85,19,26,176,116,146,49,170,95,167,93,66,135,74,56,21,92,147,3,32,165,169,142,163,25,70,90,41,88,164,37,156,71,8,184,168,31,72,78,131,110,101,59,80,100,30,52,182,139,125,58,151,175,197,1,117,98,157,136,137,158,54,12,193,172,39,107,55,14,13,111,114,119,132,129,15,9,28,105,69,159,38,144,109,155,73,99,106,4,115,152,35,161,102,186,133,76,112,104,20,53,34,108,51,50,198,174,23,194,29,154,60,179,27,43,127,96,171,141,11,22,64,79,177,47,166,83,86,199,81,153,7,24,150,10,185,62,120,178,46,180,191,121];False
3419;6936;10355;[63,164,40,132,130,5,42,22,144,87,192,89,18,181,68,48,146,118,44,140,124,94,75,36,145,196,113,61,45,188,65,82,187,128,134,195,33,183,162,126,143,160,91,6,77,149,189,148,173,103,123,17,84,122,2,97,0,85,19,26,176,116,16,49,170,95,167,93,66,135,74,56,21,92,147,3,32,165,169,142,163,25,70,90,41,88,138,37,156,71,8,184,168,31,72,78,131,110,101,59,80,100,30,52,182,139,125,58,151,175,197,1,117,98,157,136,137,158,54,12,193,172,39,107,55,14,13,111,114,119,67,129,15,9,28,105,69,159,38,190,109,155,73,99,106,4,115,152,35,161,102,186,133,76,112,104,20,53,34,108,51,50,198,174,23,194,29,154,60,179,27,43,127,96,171,141,11,57,64,79,177,47,166,83,86,199,81,153,7,24,150,10,185,62,120,178,46,180,191,121];False
1530;8824;10354;[174,113,61,19,64,101,110,175,145,143,160,105,93,118,48,99,141,153,45,15,173,18,25,115,24,197,26,9,7,20,129,72,147,65,92,106,196,22,38,14,3,2,75,12,165,86,122,127,39,73,87,76,50,51,74,100,30,134,137,111,181,82,23,151,54,158,121,6,49,112,187,142,81,52,108,53,183,83,17,79,185,148,167,189,59,36,46,5,27,133,96,157,138,41,152,56,66,126,198,159,140,182,31,29,154,156,117,71,69,190,43,128,85,164,178,192,40,124,150,139,33,13,172,195,10,78,60,35,88,135,34,194,130,171,116,57,186,98,84,89,162,146,119,28,4,97,131,67,199,62,102,120,1,114,55,155,184,161,80,58,177,169,191,11,104,193,163,170,95,91,90,125,149,32,68,63,37,109,0,94,8,16,136,144,70,168,77,103,21,180,107,188,179,176,42,47,132,166,123,44];False
1498;8841;10339;[174,113,61,19,64,101,75,175,145,143,160,105,93,118,48,99,141,86,45,15,173,18,25,115,24,197,26,9,109,20,129,72,147,65,92,106,196,22,38,14,3,2,110,12,165,153,122,127,39,73,87,76,50,51,74,100,30,134,137,111,181,82,23,151,54,158,121,6,49,112,187,142,81,52,108,53,183,83,17,79,185,148,167,189,59,36,46,5,27,133,96,157,138,41,152,56,66,126,198,159,140,182,31,29,154,156,117,71,69,190,43,128,85,164,178,192,40,124,150,139,33,13,172,195,10,78,60,35,88,135,34,194,130,171,116,57,186,98,84,89,162,146,119,28,4,97,131,67,199,62,102,120,1,114,55,155,184,161,80,58,177,169,191,11,104,193,163,170,95,91,90,125,149,32,68,63,37,7,0,94,8,16,136,144,70,168,77,103,21,180,107,188,179,176,42,47,132,166,123,44];False
3438;6932;10370;[16,190,164,196,130,5,42,22,40,87,192,89,18,181,68,48,63,118,44,140,124,94,75,36,145,67,113,61,45,188,65,82,187,128,134,195,33,183,162,126,143,160,91,6,77,149,189,148,173,103,123,17,84,122,2,97,0,85,19,26,176,116,146,49,170,95,167,93,66,135,74,56,21,92,147,3,32,165,169,142,163,25,70,90,41,88,138,37,156,71,8,184,168,31,72,78,131,110,101,59,80,100,30,52,182,139,125,58,151,175,197,1,117,98,157,136,137,158,54,12,193,172,39,107,55,14,13,111,114,119,132,129,15,9,28,105,69,159,38,144,109,155,73,99,106,4,115,152,35,161,102,186,133,76,112,104,20,53,34,108,51,50,198,174,23,194,29,154,60,179,27,43,127,96,171,141,11,57,64,79,177,47,166,83,86,199,81,153,7,24,150,10,185,62,120,178,46,180,191,121];False
1484;8891;10375;[174,113,61,19,64,101,75,175,145,143,160,110,93,118,48,99,141,86,45,15,173,18,25,115,24,197,26,9,7,20,129,72,147,65,92,106,196,22,38,14,3,2,105,12,165,153,122,127,39,73,87,76,50,51,74,100,30,134,137,111,181,82,23,151,54,158,121,6,49,112,187,142,81,52,108,53,183,83,17,79,185,148,167,189,59,36,46,5,27,133,96,157,138,41,152,56,66,126,198,159,140,182,31,29,154,156,117,71,69,190,43,128,85,164,178,192,40,124,150,139,33,13,172,195,10,78,60,35,88,135,34,194,130,171,116,57,186,98,84,89,162,146,119,28,4,97,131,67,199,62,102,120,1,114,55,155,184,161,80,58,177,169,191,11,104,193,163,170,95,91,90,125,149,32,68,63,37,109,0,94,8,16,136,144,70,168,77,103,21,180,107,188,179,176,42,47,132,166,123,44];False
1527;8819;10346;[50,113,61,19,64,101,75,175,145,143,160,105,174,118,48,99,141,86,45,15,173,18,25,115,24,197,26,9,7,20,129,72,147,65,92,106,196,22,38,14,3,2,110,12,165,153,122,127,39,73,87,76,93,51,74,100,30,134,137,111,181,82,23,151,54,158,121,6,49,112,187,142,81,52,108,53,183,83,17,79,185,148,167,189,59,36,46,5,27,133,96,157,138,41,152,56,66,126,198,159,140,182,31,29,154,156,117,71,69,190,43,128,85,164,178,192,40,124,150,139,33,13,172,195,10,78,60,35,88,135,34,194,130,171,116,57,186,98,84,89,162,146,119,28,4,97,131,67,199,62,102,120,1,114,55,155,184,161,80,58,177,169,191,11,104,193,163,170,95,91,90,125,149,32,68,63,37,109,0,94,8,16,136,144,70,168,77,103,21,180,107,188,179,176,42,47,132,166,123,44];False
1485;8883;10368;[186,113,61,19,64,101,110,175,145,143,160,105,174,118,48,99,141,86,45,15,173,18,25,115,24,197,26,9,7,20,129,72,147,65,92,106,196,22,38,14,3,2,75,12,165,153,122,127,39,73,87,76,50,51,74,100,30,134,137,111,181,82,23,151,54,158,121,6,49,112,31,142,81,52,108,53,183,83,17,79,185,148,167,189,59,36,46,5,27,133,96,157,138,41,152,56,66,126,198,159,140,182,187,29,154,156,117,71,69,190,43,128,85,164,178,192,40,124,150,139,33,13,172,195,10,78,60,35,88,135,34,194,130,171,116,57,93,98,84,89,162,146,119,28,4,97,131,67,199,62,102,120,1,114,55,155,184,161,80,58,177,169,191,11,104,193,163,170,95,91,90,125,149,32,68,63,37,109,0,94,8,16,136,144,70,168,77,103,21,180,107,188,179,176,42,47,132,166,123,44];False
1477;8919;10396;[14,113,61,19,64,101,75,175,145,143,160,110,93,118,48,99,141,86,45,15,173,18,25,115,24,197,26,9,7,20,129,72,147,65,92,106,196,22,38,174,3,2,105,12,165,153,122,127,39,73,87,76,50,51,74,100,30,134,137,111,181,82,23,151,54,158,121,6,49,112,187,142,81,52,108,53,183,83,17,79,185,148,167,189,59,36,46,5,27,133,96,157,138,41,152,56,66,126,198,159,140,182,31,29,154,156,117,71,69,190,43,128,85,164,178,192,40,124,150,139,33,13,172,195,10,78,60,35,88,135,34,194,130,171,116,57,186,98,84,89,162,146,119,28,4,97,131,67,199,62,102,120,1,114,55,155,184,161,80,58,177,169,191,11,104,193,163,170,95,91,90,125,149,32,68,63,37,109,0,94,8,16,136,144,70,168,77,103,21,180,107,188,179,176,42,47,132,166,123,44];False
1482;8905;10387;[186,113,61,19,64,101,75,175,128,143,160,105,174,118,48,99,141,86,45,15,173,18,25,115,24,197,26,9,7,20,129,72,147,65,92,106,196,22,38,14,3,2,110,12,165,153,122,127,39,73,87,76,50,51,74,100,30,134,137,111,181,82,23,151,54,158,121,6,49,112,187,142,81,52,108,53,183,83,17,79,185,148,167,189,59,36,46,5,27,133,96,157,138,41,152,56,66,126,198,159,140,182,31,29,154,156,117,71,69,190,43,145,85,164,178,192,40,124,150,139,33,13,172,195,10,78,60,35,88,135,34,194,130,171,116,57,93,98,84,89,162,146,119,28,4,97,131,67,199,62,102,120,1,114,55,155,184,161,80,58,177,169,191,11,104,193,163,170,95,91,90,125,149,32,68,63,37,109,0,94,8,16,136,144,70,168,77,103,21,180,107,188,179,176,42,47,132,166,123,44];False
1474;8892;10366;[196,113,61,19,64,101,100,175,145,143,160,105,174,118,48,99,141,86,45,15,173,18,25,115,24,197,26,9,7,20,129,72,147,65,92,106,130,22,38,34,3,2,75,12,165,153,122,127,39,73,87,76,50,53,93,110,30,134,137,111,181,82,23,151,54,158,121,6,49,112,187,142,81,52,108,74,183,83,17,79,185,148,167,189,59,36,46,5,27,133,96,157,138,41,152,56,66,126,198,159,140,182,51,29,154,156,117,71,69,190,43,128,85,164,178,192,40,124,150,139,33,13,172,195,10,78,60,35,88,135,14,194,31,171,116,57,186,98,84,89,162,146,119,28,4,97,131,67,199,62,102,120,1,114,55,155,184,161,80,58,177,169,191,11,104,193,163,170,95,91,90,125,149,32,68,63,37,109,0,94,8,16,136,144,70,168,77,103,21,180,107,188,179,176,42,47,132,166,123,44];True
1464;8940;10404;[130,113,61,19,64,101,100,0,145,143,160,14,174,118,48,99,141,86,45,15,173,18,25,115,24,197,26,9,7,20,129,72,147,65,92,106,196,22,38,34,3,2,75,12,165,153,122,127,39,73,87,76,50,53,93,110,30,134,137,111,181,82,23,151,54,158,121,6,49,112,187,142,81,52,108,74,183,83,17,79,185,148,167,189,59,36,46,5,27,133,96,157,138,41,152,56,66,126,198,159,140,182,51,29,154,156,117,71,69,190,43,128,85,164,178,192,40,124,150,139,33,13,172,195,10,78,60,35,88,135,105,194,31,171,116,57,186,98,84,89,162,146,119,28,4,97,131,67,199,62,102,120,1,114,55,155,184,161,80,58,177,169,191,11,104,193,163,170,95,91,90,125,149,32,68,63,37,109,175,94,8,16,136,144,70,168,77,103,21,180,107,188,179,176,42,47,132,166,123,44];False
1472;8923;10395;[196,113,61,19,64,101,100,0,145,94,161,14,174,118,48,99,141,86,45,15,173,18,25,115,24,197,26,9,7,20,129,72,147,65,92,106,130,22,38,34,3,2,75,12,165,153,122,127,39,73,87,76,50,53,93,110,30,134,137,111,181,82,23,151,54,158,121,6,49,112,187,142,81,52,108,74,183,83,17,79,185,148,167,189,59,36,46,5,27,133,96,157,138,41,152,56,66,126,198,159,140,182,51,29,154,156,117,71,69,190,43,128,85,164,178,192,40,124,150,139,33,13,172,195,10,78,60,35,88,135,105,194,31,171,116,57,186,98,84,89,162,146,119,28,4,97,131,67,199,62,102,120,1,114,55,155,184,160,80,58,177,169,191,11,104,193,163,170,95,91,90,125,149,32,68,63,37,109,175,143,8,16,136,144,70,168,77,103,21,180,107,188,179,176,42,47,132,166,123,44];False
3473;6930;10403;[20,190,188,87,130,5,42,119,57,67,192,89,18,181,68,48,63,118,44,140,124,94,75,36,145,196,113,61,45,138,65,82,187,128,134,195,33,183,162,126,143,160,91,6,77,149,189,148,173,103,168,17,84,122,2,97,0,85,19,26,176,116,146,49,170,95,167,93,66,135,74,56,21,92,147,3,32,165,169,142,163,25,70,90,41,88,164,37,156,71,8,184,123,23,72,78,131,110,101,59,80,100,30,114,182,139,125,58,151,175,197,1,117,98,157,136,137,158,54,12,193,172,39,107,55,14,13,111,52,40,132,129,15,9,28,105,69,159,38,144,109,155,73,99,106,4,115,152,35,161,102,186,133,76,112,104,31,53,34,108,51,50,198,174,16,194,29,154,60,179,27,43,127,96,171,141,11,22,64,79,177,47,166,83,86,199,81,153,7,24,150,10,185,62,120,178,46,180,191,121];False
1465;8939;10404;[194,113,61,19,64,101,100,0,145,94,160,14,174,118,48,99,141,86,45,15,173,18,25,115,24,197,26,9,7,20,129,72,147,65,92,106,196,22,38,34,3,2,75,12,165,153,122,127,39,73,87,76,50,53,93,110,30,134,137,111,181,82,23,151,54,158,121,6,49,112,187,142,81,52,108,74,183,83,17,79,185,148,167,189,59,36,46,5,27,133,96,157,138,41,152,56,66,126,198,159,140,182,51,29,154,156,117,71,69,190,43,128,85,164,178,192,40,124,150,139,33,13,172,195,10,78,60,35,88,135,105,130,31,171,116,57,186,98,84,89,162,146,119,28,4,97,131,67,199,62,102,120,1,114,55,155,184,161,80,58,177,169,191,11,104,193,163,170,95,91,90,125,149,32,68,63,37,109,175,143,8,16,136,144,70,168,77,103,21,180,107,188,179,176,42,47,132,166,123,44];False
1447;8969;10416;[130,113,61,19,49,145,100,0,101,174,160,14,94,118,48,99,141,86,45,15,173,18,25,115,24,197,26,9,7,20,129,72,147,65,92,106,196,22,38,34,3,2,75,12,165,153,122,127,39,73,87,76,50,53,93,110,30,134,137,111,181,82,23,151,54,158,121,6,64,112,187,142,81,52,108,74,183,83,17,79,185,148,167,189,59,36,46,5,27,133,96,157,138,41,152,56,66,126,198,159,140,182,51,29,154,156,117,71,69,190,43,128,85,164,178,192,40,124,150,139,33,13,172,195,10,78,60,35,88,135,105,194,31,171,116,57,186,98,84,89,162,146,119,28,4,97,131,67,199,62,102,120,1,114,55,155,184,161,80,58,177,169,191,11,104,193,163,170,95,91,90,125,149,32,68,63,37,109,175,143,8,16,136,144,70,168,77,103,21,180,107,188,179,176,42,47,132,166,123,44];False
3466;6931;10397;[20,190,188,93,130,5,42,119,57,3,192,89,18,181,68,48,63,118,44,140,124,94,75,36,145,196,113,61,45,138,65,82,187,128,134,195,33,183,162,126,143,160,91,6,77,149,189,148,173,103,168,17,84,122,2,97,0,85,19,26,176,116,23,49,170,95,167,87,66,135,74,56,21,92,147,67,32,165,169,142,163,25,70,90,41,88,164,37,156,71,8,184,123,146,72,78,131,110,101,59,80,100,30,114,182,139,125,58,151,175,197,1,117,98,157,136,137,158,54,12,193,172,39,107,55,14,13,111,52,40,132,129,15,9,28,105,69,159,38,144,109,155,73,99,106,4,115,152,35,161,102,186,133,76,112,104,31,53,34,108,51,50,198,174,16,194,29,154,60,179,27,43,127,96,171,141,11,22,64,79,177,47,166,83,86,199,81,153,7,24,150,10,185,62,120,178,46,180,191,121];False
3475;6926;10401;[20,190,188,93,130,5,42,119,57,3,192,89,18,181,68,48,63,118,44,140,124,94,75,36,145,196,113,61,45,138,65,82,187,128,134,195,33,183,162,126,143,160,91,6,77,149,189,148,173,103,168,17,84,122,2,97,0,85,19,26,176,116,142,49,170,95,167,87,66,135,74,56,21,92,147,67,32,165,169,23,163,25,70,90,41,88,164,37,156,71,8,184,123,146,72,78,131,110,101,59,80,100,30,114,182,139,125,58,151,175,197,1,117,98,157,136,137,158,54,12,193,172,39,107,55,14,13,111,52,40,132,129,15,9,28,105,69,159,38,144,109,155,73,99,106,4,115,152,35,161,102,186,133,76,112,104,31,53,34,108,51,50,198,174,16,194,29,154,60,179,27,43,127,96,171,141,11,22,64,79,177,47,166,83,86,199,81,153,7,24,150,10,185,62,120,178,46,180,191,121];False
3682;6891;10573;[20,103,188,87,130,5,42,119,57,3,192,89,18,181,68,48,63,118,44,140,124,94,75,36,145,196,167,61,45,138,123,82,187,128,134,195,33,183,65,126,143,160,91,6,77,149,189,148,173,190,168,17,84,122,2,97,0,85,19,26,176,116,142,49,170,95,113,93,66,135,74,56,21,92,147,67,32,165,169,23,163,25,70,90,41,88,164,37,156,71,8,184,162,109,72,78,131,110,101,59,80,100,30,114,182,139,125,58,151,175,197,1,117,98,157,136,137,158,54,12,193,172,39,107,55,14,13,111,52,40,132,129,15,9,28,105,69,159,38,144,146,155,73,99,106,4,115,152,35,161,102,186,133,76,112,104,31,53,34,108,51,50,198,174,16,194,29,154,60,179,27,43,127,96,171,141,11,22,64,79,177,47,166,83,86,199,81,153,7,24,150,10,185,62,120,178,46,180,191,121];False
1446;9067;10513;[117,112,48,10,92,145,100,129,8,94,196,1,189,72,105,99,141,86,45,15,173,18,187,120,24,197,26,9,7,20,67,118,147,65,37,106,130,22,38,34,3,2,75,12,165,153,122,127,39,73,87,76,50,53,93,110,30,134,58,111,181,82,23,151,54,158,121,6,64,98,25,142,81,52,108,74,183,83,17,79,185,148,167,61,59,36,46,5,27,133,96,157,138,41,152,56,66,126,198,159,174,19,51,29,154,156,160,71,69,190,43,128,85,164,178,192,40,124,150,139,33,13,172,195,182,78,60,35,88,135,140,194,31,171,116,57,186,113,84,89,162,146,119,28,4,97,131,0,199,62,102,115,14,114,55,155,184,161,80,137,177,169,191,11,104,193,163,170,95,91,90,125,149,32,68,63,49,109,175,143,101,16,136,144,70,168,77,103,21,180,107,188,179,176,42,47,132,166,123,44];False
1425;9116;10541;[178,112,48,10,78,145,100,129,8,94,196,1,189,72,105,99,141,17,45,15,173,18,25,120,24,197,26,9,77,20,67,118,147,65,92,106,130,22,38,34,3,2,75,12,165,153,122,127,39,73,87,76,50,53,93,110,30,134,58,86,181,82,23,151,54,158,121,6,117,98,187,142,81,52,108,74,183,83,7,79,185,148,167,61,59,36,46,5,27,133,96,157,138,41,152,56,66,126,198,159,174,19,51,29,154,156,160,71,69,190,43,128,85,164,111,192,40,124,150,139,33,13,172,195,182,37,60,35,88,135,140,194,31,171,116,57,186,113,84,89,162,146,119,28,4,97,131,0,199,62,102,115,14,114,55,155,184,161,80,137,177,169,191,11,104,193,163,170,95,91,90,125,149,32,68,63,49,109,175,143,101,16,136,144,70,168,64,103,21,180,107,188,179,176,42,47,132,166,123,44];False
1417;9136;10553;[41,196,48,10,78,145,100,129,8,94,112,1,189,72,105,99,141,17,45,15,173,18,25,120,24,197,26,9,77,20,67,118,147,65,92,106,130,22,38,34,3,2,75,12,165,153,122,127,39,73,87,76,50,53,93,110,30,134,58,86,181,82,23,151,54,158,121,6,117,98,187,142,81,52,108,74,183,83,7,79,185,148,167,61,59,36,46,5,27,133,96,157,138,178,152,56,66,126,198,159,174,19,51,29,154,156,160,71,69,190,43,128,85,164,111,192,40,124,150,139,33,13,172,195,182,37,60,35,88,135,140,194,31,171,116,57,186,113,84,89,162,146,119,28,4,97,131,0,199,62,102,115,14,114,55,155,184,161,80,137,177,169,191,11,104,193,163,170,95,91,90,125,149,32,68,63,49,109,175,143,101,16,136,144,70,168,64,103,21,180,107,188,179,176,42,47,132,166,123,44];False
3811;6863;10674;[20,190,188,87,130,5,42,119,132,89,115,152,18,181,68,48,63,118,44,140,124,94,75,36,145,196,113,61,45,138,123,82,187,128,134,195,33,183,65,126,143,160,91,6,77,149,189,148,173,116,168,17,84,122,2,97,0,85,19,26,176,3,136,49,170,95,167,93,66,135,74,56,21,92,147,67,32,165,169,23,163,25,70,90,41,88,164,37,156,71,8,184,162,109,72,78,131,110,101,59,80,100,30,114,182,139,125,58,151,175,197,1,117,98,157,142,137,158,54,12,193,172,39,107,55,14,13,111,52,40,57,129,15,9,28,105,69,159,38,144,146,155,73,99,106,4,192,103,35,161,102,186,133,76,112,104,31,53,34,108,51,50,198,174,16,194,29,154,60,179,27,43,127,96,171,141,11,22,64,79,177,47,166,83,86,199,81,153,7,24,150,10,185,62,120,178,46,180,191,121];False
3730;6876;10606;[20,190,188,87,130,5,42,119,57,3,32,103,18,181,68,48,63,118,44,140,124,94,75,36,145,196,113,61,45,138,65,82,187,128,134,195,33,183,123,126,143,160,91,6,77,149,189,148,173,116,168,17,84,122,2,97,0,85,19,26,176,89,136,49,170,95,167,93,66,135,74,56,21,92,147,67,192,165,169,23,163,25,70,90,41,88,164,37,156,71,8,184,162,109,72,78,131,110,101,59,80,100,30,114,182,139,125,58,151,175,197,1,117,98,157,142,137,158,54,12,193,172,39,107,55,14,13,111,52,40,132,129,15,9,28,105,69,159,38,144,146,155,73,99,106,4,115,152,35,161,102,186,133,76,112,104,31,53,34,108,51,50,198,174,16,194,29,154,60,179,27,43,127,96,171,141,11,22,64,79,177,47,166,83,86,199,81,153,7,24,150,10,185,62,120,178,46,180,191,121];False
3710;6877;10587;[20,190,188,87,130,5,42,119,57,178,192,103,18,181,68,48,63,118,44,140,124,94,75,36,145,196,113,61,45,138,123,82,187,128,134,195,33,183,65,126,143,160,91,6,77,149,189,148,173,116,168,17,84,122,2,97,0,85,19,26,176,3,136,49,170,95,167,93,66,135,74,56,21,92,147,67,32,165,169,23,163,25,70,90,41,88,164,37,156,71,8,184,162,109,72,78,131,110,101,59,80,100,30,114,182,139,125,58,151,175,197,1,117,98,157,142,137,158,54,12,193,172,39,107,55,14,13,111,52,40,132,129,15,9,28,105,69,159,38,144,146,155,73,99,106,4,115,152,35,161,102,186,133,76,112,104,31,53,34,108,51,50,198,174,16,194,29,154,60,179,27,43,127,96,171,141,11,22,64,79,177,47,166,83,86,199,81,153,7,24,150,10,185,62,120,89,46,180,191,121];False
3795;6869;10664;[20,190,188,87,130,5,42,119,132,136,115,103,18,181,68,48,63,118,44,140,124,94,75,36,145,196,113,61,45,138,123,82,187,128,134,195,33,183,65,126,143,160,91,6,77,149,189,148,173,116,168,17,84,122,2,97,0,85,19,26,176,3,89,49,170,95,167,93,66,135,74,56,21,92,147,67,32,165,169,23,163,25,70,90,41,88,164,37,156,71,8,184,162,109,72,78,131,110,101,59,80,100,30,114,182,139,125,58,151,175,197,1,117,98,157,142,137,158,54,57,193,172,39,107,55,14,13,111,52,40,12,129,15,9,28,105,69,159,38,144,146,155,73,99,106,4,192,152,35,161,102,186,133,76,112,104,31,53,34,108,51,50,198,174,16,194,29,154,60,179,27,43,127,96,171,141,11,22,64,79,177,47,166,83,86,199,81,153,7,24,150,10,185,62,120,178,46,180,191,121];False
3721;6871;10592;[168,74,188,87,130,5,42,119,132,89,115,103,18,181,68,48,63,118,44,140,124,94,75,36,145,196,113,61,45,138,65,82,187,128,134,195,33,183,190,126,143,160,91,6,77,149,189,148,173,116,123,17,84,122,2,97,0,85,19,26,176,3,136,49,170,95,167,93,66,135,20,56,21,92,147,67,32,165,169,23,163,25,70,90,41,88,164,37,156,71,8,184,162,109,72,78,131,110,101,59,80,100,30,114,182,139,125,58,151,175,197,1,117,98,157,142,137,158,54,57,193,172,39,107,55,14,13,111,52,40,12,129,15,9,28,105,69,159,38,144,146,155,73,99,106,4,192,152,35,161,102,186,133,76,112,104,31,53,34,108,51,50,198,174,16,194,29,154,60,179,27,43,127,96,171,141,11,22,64,79,177,47,166,83,86,199,81,153,7,24,150,10,185,62,120,178,46,180,191,121];False
3904;6838;10742;[17,74,188,87,130,5,42,119,132,89,115,152,18,181,68,48,63,118,44,140,124,94,75,36,145,196,113,61,45,138,65,82,187,128,134,195,33,183,190,126,143,160,91,6,77,149,189,148,173,116,123,168,84,122,2,97,0,85,19,26,176,3,136,49,170,95,167,93,66,135,20,56,21,92,147,67,32,165,169,23,163,25,70,90,41,88,164,37,156,71,8,184,162,109,72,78,131,110,101,59,80,100,30,114,182,139,125,58,151,175,197,1,117,98,157,142,137,158,54,57,193,172,39,107,55,14,13,111,52,40,12,129,15,9,28,105,69,159,38,144,146,155,73,99,106,4,192,103,35,161,102,186,133,76,112,104,31,53,34,108,51,50,198,174,16,194,29,154,60,179,27,43,127,96,171,141,11,22,64,79,177,47,166,83,86,199,81,153,7,24,150,10,185,62,120,178,46,180,191,121];False
3901;6842;10743;[50,20,188,87,130,5,42,199,132,89,115,152,18,181,68,48,63,118,44,140,124,94,75,36,145,196,113,61,45,138,65,82,187,128,134,195,33,183,190,126,143,160,91,6,77,149,189,148,173,116,123,17,84,122,2,97,0,85,19,26,176,3,136,49,170,95,167,93,66,135,168,56,21,92,147,67,32,165,169,23,163,25,70,90,41,88,164,37,156,71,8,184,162,109,72,78,131,110,101,59,80,100,30,114,182,139,125,58,151,175,197,1,117,98,157,142,137,158,54,57,193,172,39,107,55,14,13,111,52,40,12,129,15,9,28,105,69,159,38,144,146,155,73,99,106,4,192,103,35,161,102,186,133,76,112,104,31,53,34,108,51,74,198,174,16,194,29,154,60,179,27,43,127,96,171,141,11,22,64,79,177,47,166,83,86,119,81,153,7,24,150,10,185,62,120,178,46,180,191,121];False
4166;6793;10959;[73,20,188,87,130,5,42,47,132,89,115,152,18,181,68,48,63,118,44,140,124,94,75,36,145,196,113,61,45,138,65,82,187,128,134,195,33,183,190,126,143,160,91,6,77,149,189,148,173,116,123,17,84,122,2,97,0,85,19,26,176,3,136,49,170,95,167,93,66,135,53,56,21,92,147,67,32,165,169,23,163,25,70,90,41,88,164,37,156,71,8,184,162,109,72,78,131,110,101,59,80,100,30,114,182,139,125,58,151,175,197,1,117,98,157,142,137,158,54,57,193,172,39,107,55,14,13,111,52,40,12,129,15,9,28,105,69,159,38,144,146,155,168,99,106,4,192,103,35,161,102,186,133,76,112,104,31,74,34,108,51,50,198,174,16,194,29,154,60,179,27,43,127,96,171,141,11,22,64,79,177,199,166,83,86,119,81,153,7,24,150,10,185,62,120,178,46,180,191,121];False
3977;6818;10795;[106,20,188,87,130,5,42,47,132,89,115,152,18,181,68,48,63,118,44,140,124,94,75,36,145,196,113,61,45,138,65,82,187,128,134,195,33,183,190,126,143,160,91,6,77,149,189,148,173,116,123,17,84,122,2,97,0,85,19,26,176,3,136,49,170,95,167,93,66,135,168,56,21,92,147,67,32,165,169,23,163,25,70,90,41,88,164,37,156,71,8,184,162,109,72,78,131,110,101,59,80,100,30,114,182,139,125,58,151,175,197,1,117,98,157,142,137,158,54,57,193,172,39,107,55,14,13,111,52,40,12,129,15,9,28,105,69,159,38,144,146,155,73,99,74,4,192,103,35,161,102,186,133,76,112,104,31,53,34,108,51,50,198,174,16,194,29,154,60,179,27,43,127,96,171,141,11,22,64,79,177,199,166,83,86,119,81,153,7,24,150,10,185,62,120,178,46,180,191,121];False
3910;6817;10727;[20,168,188,87,130,5,42,47,132,89,115,152,18,181,68,48,63,118,44,140,124,94,75,36,145,196,113,61,45,138,65,82,187,128,134,195,33,183,162,126,143,160,91,6,77,149,189,148,173,116,123,17,84,122,2,97,0,85,19,26,176,3,136,49,170,95,167,93,66,135,53,56,21,92,147,67,32,165,169,23,163,25,70,90,41,88,164,37,156,71,8,184,190,109,72,78,131,110,101,59,80,100,30,114,182,139,125,58,151,175,197,1,117,98,157,142,137,158,54,57,193,172,39,107,55,14,13,111,52,40,12,129,15,9,28,105,69,159,38,144,146,155,73,99,106,4,192,103,35,161,102,186,133,76,112,104,31,74,34,108,51,50,198,174,16,194,29,154,60,179,27,43,127,96,171,141,11,22,64,79,177,199,166,83,86,119,81,153,7,24,150,10,185,62,120,178,46,180,191,121];True
4421;6786;11207;[198,19,33,75,130,5,42,47,26,125,115,152,186,7,15,51,106,20,44,140,124,168,164,190,174,196,113,61,45,138,123,82,187,128,134,195,145,94,118,126,143,160,91,6,77,149,189,148,173,116,65,4,84,122,2,97,0,85,18,132,176,3,136,49,170,95,167,93,66,135,48,50,21,92,147,67,32,165,169,23,163,25,70,90,41,88,146,37,156,71,8,184,162,109,72,78,131,110,101,59,80,100,30,114,182,139,36,58,151,175,197,1,117,98,157,142,137,158,54,57,193,172,39,107,55,14,13,111,52,40,87,181,68,9,28,105,69,159,38,144,56,63,73,99,155,178,192,103,35,161,102,12,133,76,112,104,31,183,34,108,188,74,53,17,16,194,29,154,60,179,27,43,127,96,171,141,11,22,64,79,177,199,166,83,86,119,81,153,129,24,150,10,185,62,120,89,46,180,191,121];False
4552;6764;11316;[198,29,125,6,130,5,42,47,26,145,115,152,186,7,15,51,106,20,44,140,124,168,164,190,174,196,113,61,45,138,123,82,187,128,134,195,33,94,118,126,143,160,91,75,77,149,189,148,173,116,65,4,84,122,2,97,0,85,18,132,176,3,136,49,170,95,167,93,66,135,48,50,21,92,147,67,32,165,169,23,163,25,70,90,41,88,146,37,156,71,8,184,162,109,72,78,131,110,101,59,80,100,30,114,182,139,36,58,151,175,197,1,117,98,157,142,137,158,54,57,193,172,39,107,55,14,13,111,52,40,87,181,68,9,28,105,69,159,38,144,56,63,73,99,155,178,192,103,35,161,102,12,133,76,112,104,31,183,34,108,188,74,53,17,16,194,19,154,60,179,27,43,127,96,171,141,11,22,64,79,177,199,166,83,86,119,81,153,129,24,150,10,185,62,120,89,46,180,191,121];False
4680;6755;11435;[198,174,125,6,130,5,42,120,26,145,115,152,186,7,15,51,106,20,44,140,124,168,164,190,19,196,113,61,45,138,123,82,187,128,134,195,33,94,118,126,143,160,91,75,77,149,189,148,173,116,65,4,84,122,2,97,0,85,18,132,176,3,136,49,170,95,167,93,66,135,48,50,21,92,147,67,32,165,169,23,163,25,70,90,41,88,146,37,156,71,8,184,162,109,72,78,131,110,101,59,80,100,30,114,182,139,36,58,151,175,197,1,117,98,157,142,137,158,54,57,193,172,39,107,55,14,13,111,52,40,87,181,68,9,28,105,69,159,38,144,56,63,73,99,155,178,192,103,35,161,102,12,133,76,112,104,31,183,34,108,188,74,53,17,16,194,29,154,60,179,27,43,127,96,171,141,11,22,64,79,177,199,166,83,86,119,81,153,129,24,150,10,185,62,47,89,46,180,191,121];False
4510;6769;11279;[198,174,19,75,130,5,42,47,26,145,115,152,186,7,15,51,106,20,44,140,124,168,164,190,125,196,113,61,45,138,123,82,187,128,134,195,33,94,118,126,143,160,91,6,77,149,189,148,173,116,65,4,84,122,2,97,0,85,18,132,176,3,136,49,170,95,167,93,66,135,48,50,21,92,147,67,32,165,169,23,163,25,70,90,41,88,146,37,156,71,8,184,162,109,72,78,131,110,101,59,80,100,30,114,182,139,36,58,151,175,197,1,117,98,157,142,137,158,54,57,193,172,39,107,55,14,13,111,52,40,87,181,68,9,28,105,69,159,38,144,56,63,73,99,155,178,192,103,35,161,102,12,133,76,112,104,31,183,34,108,188,74,53,17,16,194,29,154,60,179,27,43,127,96,171,141,11,22,64,79,177,199,166,83,86,119,81,153,129,24,150,10,185,62,120,89,46,180,191,121];False
4799;6746;11545;[198,29,90,78,130,5,42,47,26,145,115,152,186,7,15,51,106,20,44,140,124,168,164,190,174,196,113,61,45,138,123,82,187,128,134,195,33,94,118,126,143,160,91,75,77,149,189,148,173,116,65,4,84,122,2,97,0,85,18,132,176,3,136,49,170,95,167,93,66,135,48,50,21,92,147,67,32,165,169,23,163,25,70,125,6,88,146,37,156,71,8,184,162,109,72,41,131,110,101,59,80,100,30,114,182,139,36,58,151,175,197,1,117,98,157,142,137,158,54,57,193,172,39,107,55,14,13,111,52,40,87,181,68,9,28,105,69,159,38,144,56,63,73,99,155,178,192,103,35,161,102,12,133,76,112,104,31,183,34,108,188,74,53,17,16,194,19,154,60,179,27,43,127,96,171,141,11,22,64,79,177,199,166,83,86,119,81,153,129,24,150,10,185,62,120,89,46,180,191,121];False
4992;6735;11727;[198,29,147,196,130,5,42,47,26,89,115,152,186,7,15,48,106,20,190,183,124,168,164,45,19,41,113,61,145,138,123,82,187,128,134,195,33,94,118,126,143,160,91,75,77,149,189,148,173,116,65,4,84,122,2,97,0,85,18,132,176,3,136,49,170,95,167,93,66,135,51,50,21,92,90,67,32,165,169,23,163,25,174,125,6,88,70,37,156,71,8,184,162,109,72,78,131,110,101,59,80,100,30,114,182,139,36,58,151,175,197,1,117,98,157,142,137,158,54,57,193,172,39,107,55,14,13,111,52,40,87,181,68,9,28,105,69,159,38,144,56,63,140,99,73,74,192,103,35,161,102,12,133,76,112,104,31,53,146,108,188,44,155,17,16,194,34,154,60,179,27,43,127,96,171,141,11,22,64,79,177,199,166,83,86,119,81,153,129,24,150,10,185,62,120,178,46,180,191,121];False
4970;6736;11706;[198,174,147,196,130,5,42,47,26,89,115,152,12,7,88,48,106,20,190,183,124,168,164,45,19,41,113,61,145,138,123,82,187,128,134,195,33,94,118,126,143,160,91,75,77,149,189,148,173,116,65,4,84,122,2,97,0,85,18,132,176,3,136,49,170,95,167,93,66,135,51,50,21,92,90,67,32,165,169,23,163,25,29,125,6,15,70,37,156,71,8,184,162,109,72,78,131,110,101,59,80,100,30,114,182,139,36,58,151,175,197,1,117,98,157,142,137,158,54,57,193,172,39,107,55,14,13,111,52,40,87,181,68,9,28,105,69,159,38,144,56,63,140,99,73,74,192,103,35,161,102,186,133,76,112,104,31,53,146,108,188,44,155,17,16,194,34,154,60,179,27,43,127,96,171,141,11,22,64,79,177,199,166,83,86,119,81,153,129,24,150,10,185,62,120,178,46,180,191,121];False
5144;6725;11869;[198,174,125,196,130,5,179,47,26,89,115,152,186,7,88,48,106,20,190,183,124,168,164,45,19,41,113,61,145,138,123,82,187,128,134,195,33,94,118,126,143,160,91,75,77,149,189,148,173,116,65,4,84,122,2,97,0,85,18,132,176,3,136,49,170,95,167,93,66,135,51,50,21,92,90,67,32,165,169,23,163,25,29,147,6,15,70,37,156,71,8,184,162,109,72,78,131,110,101,59,80,100,30,114,182,139,36,58,151,175,197,1,117,98,157,142,137,158,54,57,193,172,39,107,55,14,13,111,52,40,87,181,68,9,28,105,69,159,38,144,56,63,140,99,73,74,192,103,35,161,102,12,133,76,112,104,31,53,146,108,188,44,155,17,16,194,34,154,60,42,27,43,127,96,171,141,11,22,64,79,177,199,166,83,86,119,81,153,129,24,150,10,185,62,120,178,46,180,191,121];False
5211;6722;11933;[198,174,147,196,130,5,42,47,26,89,115,152,186,7,88,123,106,20,190,183,124,168,164,45,19,41,113,61,145,138,48,82,187,128,134,195,33,94,118,17,143,160,91,23,77,149,189,148,173,116,65,4,84,122,2,97,0,85,18,132,176,3,136,49,170,95,167,93,66,135,51,50,21,92,90,67,32,165,169,75,163,25,29,125,6,15,70,37,156,71,8,184,162,109,72,78,131,110,101,59,80,100,30,114,182,139,36,58,151,175,197,1,117,98,157,142,137,158,54,57,193,172,39,107,55,14,13,111,52,40,87,181,68,9,28,105,69,159,38,144,56,63,140,99,73,74,192,103,35,161,102,12,133,76,112,104,31,53,146,108,188,44,155,126,16,194,34,154,60,179,27,43,127,96,171,141,11,22,64,79,177,199,166,83,86,119,81,153,129,24,150,10,185,62,120,178,46,180,191,121];False
5122;6726;11848;[198,174,125,196,130,5,42,47,26,89,115,152,12,7,88,123,106,20,190,183,124,168,164,45,19,41,113,61,145,138,48,82,187,128,134,195,33,94,118,126,143,160,91,23,77,149,189,148,173,116,65,4,84,122,2,97,0,85,18,132,176,3,136,49,170,95,167,93,66,135,51,50,21,92,90,67,32,165,169,75,163,25,29,147,6,15,70,37,156,71,8,184,162,109,72,78,131,110,101,59,80,100,30,114,182,139,36,58,151,175,197,1,117,98,157,142,137,158,54,57,193,172,39,107,55,14,13,111,52,40,87,181,68,9,28,105,69,159,38,144,56,63,140,99,73,74,192,103,35,161,102,186,133,76,112,104,31,53,146,108,188,44,155,17,16,194,34,154,60,179,27,43,127,96,171,141,11,22,64,79,177,199,166,83,86,119,81,153,129,24,150,10,185,62,120,178,46,180,191,121];False
5172;6722;11894;[198,174,125,196,130,5,42,47,26,89,115,152,12,7,88,123,106,20,190,183,124,168,164,45,19,41,113,61,145,138,48,82,187,128,134,195,33,94,118,126,143,160,91,23,77,149,189,148,173,116,65,4,84,122,2,97,0,85,18,132,176,3,136,49,170,95,167,93,66,135,51,50,21,92,90,67,32,165,169,75,163,25,146,147,6,15,70,37,156,71,8,184,162,109,72,78,131,110,101,59,80,100,30,114,182,139,36,58,151,175,197,1,117,98,157,142,137,158,54,57,193,172,39,107,55,14,13,111,52,40,87,181,68,9,28,105,69,159,38,144,56,63,140,99,73,74,192,103,35,161,102,186,133,76,112,104,31,53,29,108,188,44,155,17,16,194,34,154,60,179,27,43,127,96,171,141,11,22,64,79,177,199,166,83,86,119,81,153,129,24,150,10,185,62,120,178,46,180,191,121];False
5284;6718;12002;[198,174,147,196,130,5,42,47,26,89,115,152,186,148,15,123,106,20,190,183,124,168,164,45,19,41,113,61,145,138,48,82,187,128,134,195,33,94,118,126,143,160,91,23,77,149,189,7,173,116,65,4,84,122,2,97,0,85,18,132,176,3,136,49,170,95,167,93,66,135,51,50,21,92,90,67,32,165,169,75,163,25,146,125,6,88,70,37,156,71,8,184,162,109,72,78,131,110,101,59,80,100,30,114,182,139,36,58,151,175,197,1,117,98,157,142,137,158,54,57,193,172,39,107,55,14,13,111,52,40,87,181,68,9,28,105,69,159,38,144,56,63,140,99,73,74,192,103,35,161,102,12,133,76,112,104,31,53,29,108,188,44,155,17,16,194,34,154,60,179,27,43,127,96,171,141,11,22,64,79,177,199,166,83,86,119,81,153,129,24,150,10,185,62,120,178,46,180,191,121];False
5859;6706;12565;[56,106,90,86,54,120,89,46,152,18,185,175,12,7,85,15,135,198,19,33,183,17,154,38,178,13,197,123,29,71,44,91,52,2,83,59,93,138,124,94,118,48,34,69,149,163,186,148,173,116,65,192,10,95,61,97,0,77,57,26,145,3,136,49,170,103,105,74,20,156,140,194,51,50,82,67,32,165,169,23,75,36,98,25,1,88,70,37,21,92,8,184,190,109,72,78,111,128,171,110,80,100,30,114,182,139,125,187,158,62,189,130,5,122,157,84,131,79,42,27,193,172,39,107,55,14,147,196,167,40,87,181,68,9,28,162,108,102,132,144,146,63,73,99,16,159,164,41,35,161,191,174,101,134,112,104,31,53,180,4,188,168,155,126,143,142,115,127,60,179,47,43,133,76,151,141,11,58,64,96,177,199,166,22,195,119,81,153,129,24,150,6,137,117,113,66,176,160,45,121];False
5953;6702;12655;[73,146,90,86,54,120,89,46,152,18,185,175,12,7,85,15,135,198,19,33,183,17,154,38,178,13,197,123,29,71,44,91,52,2,83,59,93,138,124,94,118,48,34,69,149,163,186,148,173,116,65,192,10,95,61,97,0,77,57,26,145,3,136,49,170,103,105,74,20,156,31,194,51,50,82,67,32,165,169,23,75,36,98,25,1,88,70,37,21,92,8,184,190,109,72,78,111,128,171,110,80,100,30,114,182,139,125,187,158,62,189,130,5,122,157,84,131,79,42,27,193,172,39,107,55,14,147,196,167,40,87,181,68,9,28,162,108,102,132,144,56,63,140,99,16,159,164,41,35,161,191,174,101,134,112,104,106,53,180,4,188,168,155,126,143,142,115,127,60,179,47,43,133,76,151,141,11,58,64,96,177,199,166,22,195,119,81,153,129,24,150,6,137,117,113,66,176,160,45,121];False
6134;6693;12827;[73,140,41,49,54,120,89,160,152,18,185,175,12,7,85,15,135,198,19,33,183,17,154,38,178,13,197,123,29,71,44,91,52,2,83,59,93,138,124,94,118,48,34,90,149,163,186,148,173,116,65,192,10,95,61,97,0,77,57,26,145,3,136,137,170,103,105,74,20,156,31,194,51,50,82,67,32,165,169,23,75,36,98,25,1,88,70,37,21,92,8,184,190,109,72,78,111,128,171,110,80,100,30,114,182,139,125,187,158,62,189,130,5,122,157,84,131,79,42,27,193,172,39,107,55,14,147,196,167,40,87,181,68,9,28,162,108,102,132,144,56,63,146,99,16,159,164,69,35,161,191,174,101,134,112,104,106,53,180,4,188,168,155,126,143,142,115,127,60,179,47,43,133,76,151,141,11,58,64,96,177,199,166,22,195,119,81,153,129,24,150,6,86,117,113,66,176,46,45,121];False
6155;6690;12845;[73,146,41,187,54,120,89,46,152,18,185,175,12,7,85,15,135,198,19,33,183,17,154,38,178,13,197,123,29,71,44,91,52,2,83,59,93,138,124,94,118,48,34,90,149,163,186,148,173,116,65,192,10,95,61,97,0,77,57,26,145,3,136,137,170,103,105,74,20,156,31,194,51,50,82,67,32,165,169,23,75,36,98,25,1,88,70,37,21,92,8,184,190,109,72,78,111,128,171,110,80,100,30,114,182,139,125,49,158,62,189,130,5,122,157,84,131,79,42,27,193,172,39,107,55,14,147,196,167,40,87,181,68,9,28,162,108,102,132,144,56,63,140,99,16,159,164,69,35,161,191,174,101,134,112,104,106,53,180,4,188,168,155,126,143,142,115,127,60,179,47,43,133,76,151,141,11,58,64,96,177,199,166,22,195,119,81,153,129,24,150,6,86,117,113,66,176,160,45,121];False
6442;6688;13130;[50,16,84,137,54,120,89,46,152,18,185,175,12,7,85,15,135,198,19,33,183,17,154,38,178,13,197,123,29,71,44,91,52,2,83,59,93,138,124,94,118,48,92,90,149,163,186,148,173,116,65,192,10,95,61,97,0,77,57,26,145,3,136,49,170,103,105,74,20,156,31,194,51,73,82,67,32,165,169,23,75,36,98,25,1,88,70,37,21,146,8,184,190,109,72,78,111,128,171,110,80,100,30,114,182,139,125,187,158,62,189,130,5,122,157,41,131,79,42,27,193,172,39,107,55,14,147,196,167,40,87,181,68,9,28,162,108,102,132,144,56,63,140,99,34,159,164,69,35,161,191,174,101,134,112,104,106,53,180,4,188,168,155,126,143,142,115,127,60,179,47,43,133,76,151,141,11,58,64,96,177,199,166,22,195,119,81,153,129,24,150,6,86,117,113,66,176,160,45,121];False
6959;6670;13629;[34,84,67,80,58,158,141,11,132,89,137,133,12,185,54,52,189,28,38,14,72,118,10,36,184,66,46,44,91,190,109,56,73,74,143,23,69,159,15,135,37,8,71,48,92,90,131,59,93,3,169,142,191,61,145,94,13,86,7,77,176,35,97,128,57,2,167,107,123,50,146,51,20,17,82,78,170,18,75,161,115,25,105,4,6,88,70,108,21,106,154,122,197,162,125,163,171,110,129,24,130,127,30,114,182,139,178,136,101,175,85,1,117,120,157,173,186,79,42,27,193,172,39,32,55,155,33,192,165,40,87,181,68,9,103,140,147,196,95,144,156,180,188,65,53,183,164,41,149,152,102,62,98,134,112,104,99,63,31,198,138,168,29,126,16,194,19,49,60,179,5,43,187,76,151,148,83,111,64,96,177,199,166,22,195,119,81,153,47,26,150,174,100,0,113,116,124,160,45,121];False
6963;6668;13631;[198,84,67,80,58,158,141,11,132,89,137,133,12,185,54,52,189,28,38,14,72,118,10,36,184,66,46,44,91,190,109,56,73,74,143,23,69,159,15,135,37,8,71,48,92,90,131,59,93,3,169,142,191,61,145,94,13,86,7,77,176,35,97,128,57,2,167,107,123,50,146,51,20,17,82,78,170,18,75,161,115,25,105,4,6,88,70,108,21,106,154,122,197,162,125,163,171,110,129,24,130,127,30,114,182,139,178,136,101,175,85,1,117,120,157,173,186,79,42,27,193,172,39,32,55,155,33,192,165,40,87,181,68,9,103,140,147,196,95,144,156,180,188,65,53,183,164,41,149,152,102,62,98,134,112,104,99,63,31,34,138,168,29,126,16,194,19,49,60,179,5,43,187,76,151,148,83,111,64,96,177,199,166,22,195,119,81,153,47,26,150,174,100,0,113,116,124,160,45,121];False
6809;6686;13495;[198,174,67,80,58,158,42,177,132,89,137,133,12,185,54,52,189,28,38,14,72,118,10,36,184,66,46,44,91,190,109,56,73,74,143,23,69,159,15,135,37,8,71,48,92,90,131,59,93,3,169,142,191,61,145,94,13,86,7,77,176,35,97,128,57,2,167,107,123,50,146,51,20,17,82,78,170,18,75,161,115,25,105,4,6,88,70,108,21,106,154,122,197,162,125,163,171,110,129,24,130,127,30,114,182,139,178,136,101,175,85,1,117,120,157,173,186,79,141,27,193,172,39,32,55,155,33,192,165,40,87,181,68,9,103,140,147,196,95,144,156,180,188,65,53,183,164,41,149,152,102,62,98,134,112,104,99,63,31,34,138,168,29,126,16,194,19,49,60,179,5,43,187,76,151,148,83,111,64,96,11,199,166,22,195,119,81,153,47,26,150,84,100,0,113,116,124,160,45,121];False
6902;6672;13574;[198,174,196,83,86,128,141,177,132,89,137,133,12,185,54,52,189,28,38,14,72,118,10,36,184,66,46,44,23,190,109,56,73,74,143,91,69,159,15,135,37,8,71,48,92,90,131,59,93,3,169,142,191,61,145,94,13,111,7,77,176,35,97,171,57,2,167,107,123,50,146,51,20,17,82,78,170,18,75,161,115,25,105,4,6,88,70,108,21,106,154,122,197,162,125,163,158,110,129,24,130,127,30,114,182,139,178,136,101,175,85,1,117,120,157,173,186,79,42,27,193,172,39,32,55,155,33,192,165,40,87,181,68,9,103,140,147,67,95,144,156,180,188,65,53,183,164,41,149,152,102,62,98,134,112,104,99,63,31,34,138,168,29,126,16,194,19,49,60,179,5,43,187,76,151,148,80,58,64,96,11,199,166,22,195,119,81,153,47,26,150,84,100,0,113,116,124,160,45,121];False
6880;6676;13556;[198,174,67,83,111,171,141,177,132,89,137,133,12,185,54,52,189,28,38,14,178,118,10,36,184,66,46,44,91,190,109,56,73,74,143,23,69,159,15,135,37,8,71,48,92,90,131,59,93,3,169,142,191,61,145,94,13,86,7,77,176,35,97,128,57,2,167,107,123,50,146,51,20,17,82,78,170,18,75,161,115,25,105,4,6,88,70,108,21,106,154,122,197,162,125,163,158,110,129,24,130,127,30,114,182,139,72,136,101,175,85,1,117,120,157,173,186,79,42,27,193,172,39,32,55,155,33,192,165,40,87,181,68,9,103,140,147,196,95,144,156,180,188,65,53,183,164,41,149,152,102,62,98,134,112,104,99,63,31,34,138,168,29,126,16,194,19,49,60,179,5,43,187,76,151,148,80,58,64,96,11,199,166,22,195,119,81,153,47,26,150,84,100,0,113,116,124,160,45,121];False
6953;6669;13622;[34,90,67,83,86,128,141,98,132,89,137,133,12,185,54,52,189,28,38,14,72,118,10,36,184,66,46,44,23,190,109,56,73,74,143,91,69,159,15,135,37,8,71,48,92,84,131,59,93,3,169,142,191,61,145,94,13,111,7,77,176,35,97,171,57,2,167,107,123,50,146,51,20,17,82,78,170,18,75,161,115,25,105,4,6,88,70,108,21,106,154,122,197,162,125,163,158,110,129,24,130,127,30,114,182,139,178,136,101,175,85,1,117,120,157,173,186,79,42,27,193,172,39,32,55,155,33,192,165,40,87,181,68,9,103,140,147,196,95,144,156,180,188,65,53,183,164,41,149,152,102,62,11,134,112,104,99,63,31,198,138,168,29,126,16,194,19,49,60,179,5,43,187,76,151,148,80,58,64,96,177,199,166,22,195,119,81,153,47,26,150,174,100,0,113,116,124,160,45,121];False
6992;6663;13655;[34,84,67,83,86,128,141,98,132,89,137,133,12,185,54,52,189,28,38,14,72,118,10,36,184,66,46,44,23,190,109,56,73,74,143,91,69,159,15,135,37,8,71,48,92,90,131,59,93,3,169,142,191,61,145,94,13,111,7,77,176,35,97,171,57,2,167,107,123,50,146,51,20,17,82,78,170,18,75,161,115,25,105,4,6,88,70,108,21,106,154,122,197,162,125,163,158,110,129,24,130,127,30,114,182,139,178,136,101,175,85,1,117,120,157,173,186,79,42,27,193,172,39,32,55,155,33,192,165,40,87,181,68,9,103,140,147,196,95,144,156,180,188,65,53,183,164,41,149,152,102,62,11,134,112,104,99,63,31,198,138,168,29,126,16,194,19,49,60,179,5,43,187,76,151,148,80,58,64,96,177,199,166,22,195,119,81,153,47,26,150,174,100,0,113,116,124,160,45,121];False
6994;6662;13656;[198,174,196,83,86,128,141,98,132,89,137,133,12,185,54,52,189,28,38,14,72,118,10,36,184,66,46,44,23,190,109,56,73,74,143,91,69,159,15,135,37,8,71,48,92,90,131,59,93,3,169,142,191,61,145,94,13,111,7,77,176,35,97,171,57,2,167,107,123,50,146,51,20,17,82,78,170,18,75,161,115,25,105,4,6,88,70,108,21,106,154,122,197,162,125,163,158,110,129,24,130,127,30,114,182,139,178,136,101,175,85,1,117,120,157,173,186,79,42,27,193,172,39,32,55,155,33,192,165,40,87,181,68,9,103,140,147,67,95,144,156,180,188,65,53,183,164,41,149,152,102,62,11,134,112,104,99,63,31,34,138,168,29,126,16,194,19,49,60,179,5,43,187,76,151,148,80,58,64,96,177,199,166,22,195,119,81,153,47,26,150,84,100,0,113,116,124,160,45,121];False
6996;6661;13657;[198,84,67,83,86,128,141,98,132,89,137,133,12,185,54,52,189,28,38,14,72,118,10,36,184,66,46,44,23,190,109,56,73,74,143,91,69,159,15,135,37,8,71,48,92,90,131,59,93,3,169,142,191,61,145,94,13,111,7,77,176,35,97,171,57,2,167,107,123,50,146,51,20,17,82,78,170,18,75,161,115,25,105,4,6,88,70,108,21,106,154,122,197,162,125,163,158,110,129,24,130,127,30,114,182,139,178,136,101,175,85,1,117,120,157,173,186,79,42,27,193,172,39,32,55,155,33,192,165,40,87,181,68,9,103,140,147,196,95,144,156,180,188,65,53,183,164,41,149,152,102,62,11,134,112,104,99,63,31,34,138,168,29,126,16,194,19,49,60,179,5,43,187,76,151,148,80,58,64,96,177,199,166,22,195,119,81,153,47,26,150,174,100,0,113,116,124,160,45,121];False
7001;6658;13659;[198,174,67,83,86,128,141,98,132,89,137,133,12,185,54,52,189,28,38,14,72,118,10,36,184,66,46,44,23,190,109,56,73,74,143,91,69,159,15,135,37,8,71,48,92,90,131,59,93,3,169,142,191,61,145,94,13,111,7,77,176,35,97,171,57,2,167,107,123,50,146,51,20,17,82,78,170,18,75,161,115,25,105,4,6,88,70,108,21,106,154,122,197,162,125,163,158,110,129,24,130,127,30,114,182,139,178,136,101,175,85,1,117,120,157,173,186,79,42,27,193,172,39,32,55,155,33,192,165,40,87,181,68,9,103,140,147,196,95,144,156,180,188,65,53,183,164,41,149,152,102,62,11,134,112,104,99,63,31,34,138,168,29,126,16,194,19,49,60,179,5,43,187,76,151,148,80,58,64,96,177,199,166,22,195,119,81,153,47,26,150,84,100,0,113,116,124,160,45,121];False
7129;6644;13773;[34,84,67,83,86,128,141,11,89,75,137,133,12,185,54,52,189,28,38,14,72,118,10,36,184,66,46,44,23,190,109,56,73,74,143,91,69,159,15,135,37,8,71,48,92,90,131,59,93,3,169,142,191,61,145,94,13,111,7,77,176,35,97,171,57,2,167,107,123,50,146,51,20,17,82,78,170,18,132,161,115,25,105,4,6,88,70,108,21,106,154,122,197,162,125,163,158,110,129,24,130,127,30,114,182,139,178,136,101,175,85,1,117,120,157,173,186,79,42,27,193,172,39,32,55,155,33,192,165,40,87,181,68,9,103,140,147,196,95,144,156,180,188,65,53,183,164,41,149,152,102,62,98,134,112,104,99,63,31,198,138,168,29,126,16,194,19,49,60,179,5,43,187,76,151,148,80,58,64,96,177,199,166,22,195,119,81,153,47,26,150,174,100,0,113,116,124,160,45,121];False
7131;6643;13774;[198,174,196,83,86,128,141,11,89,75,137,133,12,185,54,52,189,28,38,14,72,118,10,36,184,66,46,44,23,190,109,56,73,74,143,91,69,159,15,135,37,8,71,48,92,90,131,59,93,3,169,142,191,61,145,94,13,111,7,77,176,35,97,171,57,2,167,107,123,50,146,51,20,17,82,78,170,18,132,161,115,25,105,4,6,88,70,108,21,106,154,122,197,162,125,163,158,110,129,24,130,127,30,114,182,139,178,136,101,175,85,1,117,120,157,173,186,79,42,27,193,172,39,32,55,155,33,192,165,40,87,181,68,9,103,140,147,67,95,144,156,180,188,65,53,183,164,41,149,152,102,62,98,134,112,104,99,63,31,34,138,168,29,126,16,194,19,49,60,179,5,43,187,76,151,148,80,58,64,96,177,199,166,22,195,119,81,153,47,26,150,84,100,0,113,116,124,160,45,121];False
7133;6642;13775;[198,84,67,83,86,128,141,11,89,75,137,133,12,185,54,52,189,28,38,14,72,118,10,36,184,66,46,44,23,190,109,56,73,74,143,91,69,159,15,135,37,8,71,48,92,90,131,59,93,3,169,142,191,61,145,94,13,111,7,77,176,35,97,171,57,2,167,107,123,50,146,51,20,17,82,78,170,18,132,161,115,25,105,4,6,88,70,108,21,106,154,122,197,162,125,163,158,110,129,24,130,127,30,114,182,139,178,136,101,175,85,1,117,120,157,173,186,79,42,27,193,172,39,32,55,155,33,192,165,40,87,181,68,9,103,140,147,196,95,144,156,180,188,65,53,183,164,41,149,152,102,62,98,134,112,104,99,63,31,34,138,168,29,126,16,194,19,49,60,179,5,43,187,76,151,148,80,58,64,96,177,199,166,22,195,119,81,153,47,26,150,174,100,0,113,116,124,160,45,121];False
6977;6667;13644;[198,174,67,18,86,128,141,11,75,89,137,133,12,185,54,52,189,28,38,14,72,118,10,36,184,66,46,44,23,190,109,56,73,74,143,91,69,159,15,135,37,8,71,48,92,90,131,59,93,3,169,142,191,61,145,94,13,111,7,77,176,35,97,171,57,2,167,107,123,50,146,51,20,17,82,78,170,83,132,161,115,25,105,4,6,88,70,108,21,106,154,122,197,162,125,163,158,110,129,24,130,127,30,114,182,139,178,136,101,175,85,1,117,120,157,173,186,79,42,27,193,172,39,32,55,155,33,192,165,40,87,181,68,9,103,140,147,196,95,144,156,180,188,65,53,183,164,41,149,152,102,62,98,134,112,104,99,63,31,34,138,168,29,126,16,194,19,49,60,179,5,43,187,76,151,148,80,58,64,96,177,199,166,22,195,119,81,153,47,26,150,84,100,0,113,116,124,160,45,121];False
7850;6638;14488;[50,146,118,136,149,83,59,57,132,75,163,133,12,185,111,36,169,115,89,3,161,159,15,135,53,174,46,44,23,190,109,10,184,51,198,91,69,28,8,37,94,194,188,48,92,90,131,148,93,14,178,191,66,61,145,84,13,151,7,38,176,35,97,128,52,2,167,107,123,63,29,65,140,17,82,18,0,77,196,170,129,25,105,4,6,88,70,108,21,106,154,122,197,24,72,78,86,110,171,189,49,127,30,114,182,139,180,137,158,175,85,1,117,120,157,173,186,79,42,27,193,172,39,32,55,125,33,192,165,40,87,181,68,9,103,162,147,67,95,144,156,155,31,143,160,183,164,41,152,130,102,62,5,134,112,104,99,73,74,20,138,168,34,126,16,71,19,98,60,179,47,43,187,76,101,141,11,58,64,96,177,199,166,22,195,119,81,153,80,26,150,56,100,54,113,116,124,142,45,121];False
7965;6616;14581;[73,74,125,49,101,171,141,98,3,161,137,133,12,185,54,57,169,75,36,23,136,66,15,135,194,115,46,44,191,190,109,10,184,162,143,91,69,28,8,118,34,159,188,48,92,90,131,59,93,14,178,142,163,61,145,94,13,86,7,38,176,35,97,128,52,2,167,107,123,50,146,51,198,17,82,67,170,18,132,89,77,25,105,4,6,88,70,108,21,106,154,122,197,24,72,78,158,110,129,189,130,127,30,114,182,139,29,84,111,175,85,1,117,120,157,173,186,79,42,27,193,172,39,32,55,155,33,192,165,40,87,181,68,9,103,140,147,196,95,144,156,180,37,65,53,183,164,41,149,152,102,62,5,134,112,104,99,63,31,20,138,168,56,126,16,71,19,83,60,179,47,43,187,76,151,148,80,58,64,96,177,199,166,22,195,119,81,153,11,26,150,174,100,0,113,116,124,160,45,121];False
7957;6623;14580;[198,162,125,49,101,171,141,98,3,161,137,133,12,185,54,57,169,75,36,23,136,66,15,135,194,115,46,44,191,190,109,10,184,74,143,91,69,28,8,118,34,159,188,48,92,90,131,59,93,14,178,142,163,61,145,94,13,86,7,38,176,35,97,128,52,2,167,107,123,73,146,51,50,17,82,67,170,18,132,89,77,25,105,4,6,88,70,108,21,106,154,122,197,24,72,78,158,110,129,189,130,127,30,114,182,139,29,84,111,175,85,1,117,120,157,173,186,79,42,27,193,172,39,32,55,155,33,192,165,40,87,181,68,9,103,140,147,196,95,144,156,180,37,65,53,183,164,41,149,152,102,62,5,134,112,104,99,63,31,20,138,168,56,126,16,71,19,83,60,179,47,43,187,76,151,148,80,58,64,96,177,199,166,22,195,119,81,153,11,26,150,174,100,0,113,116,124,160,45,121];False
7954;6619;14573;[198,174,118,136,149,83,59,57,132,75,163,133,12,185,111,36,169,115,89,3,161,159,15,135,53,29,46,44,23,190,109,10,184,51,50,91,69,28,8,37,94,194,188,48,92,90,131,148,93,14,178,191,66,61,145,84,13,151,7,38,176,35,97,128,52,2,167,107,123,146,140,65,155,17,82,18,0,77,196,170,129,25,105,4,6,88,70,108,21,106,154,122,197,24,72,78,86,110,171,189,49,127,30,114,182,139,180,137,158,175,85,1,117,120,157,173,186,79,42,27,193,172,39,32,55,125,33,192,165,40,87,181,68,9,103,162,147,67,95,144,156,63,31,143,160,183,164,41,152,130,102,62,5,134,112,104,99,73,74,20,138,168,34,126,16,71,19,98,60,179,47,43,187,76,101,141,11,58,64,96,177,199,166,22,195,119,81,153,80,26,150,56,100,54,113,116,124,142,45,121];False
8064;6603;14667;[50,174,118,136,149,83,59,57,132,75,163,133,12,185,111,36,169,115,89,3,161,159,15,135,53,29,46,44,23,190,109,10,184,51,34,91,69,28,8,37,94,198,188,48,92,90,131,148,93,14,178,191,66,61,145,84,13,151,7,38,176,35,97,128,52,2,167,107,123,146,155,65,194,17,82,18,0,77,196,170,129,25,105,4,6,88,70,108,21,106,154,122,197,24,72,78,86,110,171,189,49,127,30,114,182,139,180,137,158,175,85,1,117,120,157,173,186,79,42,27,193,172,39,32,55,125,33,192,165,40,87,181,68,9,103,162,147,67,95,144,156,63,31,143,160,183,164,41,152,130,102,62,5,134,112,104,99,73,74,20,138,168,140,126,16,71,19,98,60,179,47,43,187,76,101,141,11,58,64,96,177,199,166,22,195,119,81,153,80,26,150,56,100,54,113,116,124,142,45,121];False
8280;6601;14881;[50,174,118,136,149,83,59,57,132,75,163,133,12,185,111,36,169,115,89,3,161,159,15,135,53,29,46,44,23,190,109,10,184,51,34,91,69,28,8,37,94,198,188,48,92,90,131,148,93,14,178,191,66,61,145,84,13,151,7,38,176,35,97,128,52,2,167,107,123,73,155,65,194,17,82,18,0,77,196,170,129,25,105,4,6,88,70,108,21,106,154,122,197,24,72,78,86,110,171,189,49,127,30,114,182,139,180,137,158,175,85,1,117,120,157,173,186,79,42,27,193,172,39,32,55,125,33,192,165,40,87,181,68,9,103,162,147,67,95,144,156,146,31,143,160,183,164,41,152,130,102,62,5,134,112,104,99,63,74,20,138,168,140,126,16,71,19,98,60,179,47,43,187,76,101,141,11,58,64,96,177,199,166,22,195,119,81,153,80,26,150,56,100,54,113,116,124,142,45,121];False
8323;6596;14919;[50,180,118,174,149,83,59,57,132,75,163,133,12,185,111,36,169,115,89,3,161,159,15,135,53,136,46,44,23,190,109,10,184,51,34,91,69,28,8,37,94,198,188,48,92,90,131,148,93,14,178,191,66,61,145,84,13,151,7,38,176,35,97,128,52,2,167,107,123,73,155,65,194,17,82,18,0,77,196,170,129,25,105,4,6,88,70,108,21,106,154,122,197,24,72,78,86,110,171,189,49,127,30,114,182,139,29,137,158,175,85,1,117,120,157,173,186,79,42,27,193,172,39,32,55,125,33,192,165,40,87,181,68,9,103,162,147,67,95,144,156,146,31,143,160,183,164,41,152,130,102,62,5,134,112,104,99,63,74,20,138,168,140,126,16,71,19,98,60,179,47,43,187,76,101,141,11,58,64,96,177,199,166,22,195,119,81,153,80,26,150,56,100,54,113,116,124,142,45,121];False
8278;6598;14876;[73,174,46,136,149,83,59,57,132,75,163,133,12,185,111,36,169,84,89,3,161,159,15,135,53,180,118,44,23,190,109,10,184,51,34,91,69,28,8,37,94,198,188,48,92,90,131,148,93,14,178,191,66,61,145,115,13,151,7,38,176,35,97,128,52,2,167,107,123,50,155,65,194,17,82,18,0,77,196,170,129,25,105,4,6,88,70,108,21,106,154,122,197,24,72,78,86,110,171,189,49,127,30,114,182,139,29,137,158,175,85,1,117,120,157,173,186,79,42,27,193,172,39,32,55,125,33,192,165,40,87,181,68,9,103,162,147,67,95,144,156,146,31,143,160,183,164,41,152,130,102,62,5,134,112,104,99,63,74,20,138,168,140,126,16,71,19,98,60,179,47,43,187,76,101,141,11,58,64,96,177,199,166,22,195,119,81,153,80,26,150,56,100,54,113,116,124,142,45,121];False
8293;6594;14887;[73,174,46,136,149,83,59,57,132,75,163,133,12,185,111,36,169,115,89,3,161,159,15,135,53,180,118,44,23,190,109,10,184,51,34,91,69,28,8,37,94,198,188,48,92,90,131,148,93,14,178,191,66,61,145,84,13,151,7,38,176,35,97,128,52,2,167,107,123,50,155,65,194,17,82,18,0,77,196,170,129,25,105,4,6,88,70,108,21,106,154,122,197,24,72,78,86,110,171,189,49,127,30,114,182,139,29,137,158,175,85,1,117,120,157,173,186,79,42,27,193,172,39,32,55,125,33,192,165,40,87,181,68,9,103,162,147,67,95,144,156,146,31,143,160,183,164,41,152,130,102,62,5,134,112,104,99,63,74,20,138,168,140,126,16,71,19,98,60,179,47,43,187,76,101,141,11,58,64,96,177,199,166,22,195,119,81,153,80,26,150,56,100,54,113,116,124,142,45,121];False
8344;6593;14937;[50,174,46,136,149,83,59,57,132,75,163,133,12,185,111,36,169,115,89,3,161,159,15,135,53,180,118,44,23,190,109,10,184,51,34,91,69,28,8,37,94,198,188,48,92,90,131,148,93,14,178,191,66,61,145,84,13,151,7,38,176,35,97,128,52,2,167,107,123,73,155,65,194,17,82,18,0,77,196,170,129,25,105,4,6,88,70,108,21,106,154,122,197,24,72,78,86,110,171,189,49,127,30,114,182,139,29,137,158,175,85,1,117,120,157,173,186,79,42,27,193,172,39,32,55,125,33,192,165,40,87,181,68,9,103,162,147,67,95,144,156,146,31,143,160,183,164,41,152,130,102,62,5,134,112,104,99,63,74,20,138,168,140,126,16,71,19,98,60,179,47,43,187,76,101,141,11,58,64,96,177,199,166,22,195,119,81,153,80,26,150,56,100,54,113,116,124,142,45,121];False
8640;6574;15214;[50,34,142,136,149,83,59,57,132,75,137,133,12,185,111,36,169,84,89,3,161,159,15,135,53,115,46,44,37,190,109,10,184,51,174,91,69,28,8,118,180,198,188,48,92,90,131,148,93,14,178,23,66,61,145,94,13,151,7,38,176,35,97,128,52,2,167,107,123,73,155,65,194,17,82,18,0,77,196,170,129,25,105,4,6,88,70,108,21,106,154,122,197,24,72,78,86,110,171,189,49,127,30,114,182,139,29,163,158,175,85,1,117,120,157,173,186,79,42,27,193,172,39,32,55,125,33,192,165,40,87,181,68,9,103,162,147,67,95,144,156,146,31,143,191,183,164,41,152,130,102,62,5,134,112,104,99,63,74,20,138,168,140,126,16,71,19,98,60,179,47,43,187,76,101,141,11,58,64,96,177,199,166,22,195,119,81,153,80,26,150,56,100,54,113,116,124,160,45,121];False
8664;6571;15235;[50,34,142,136,149,83,59,57,132,75,163,133,12,185,111,26,169,84,89,3,161,159,15,135,194,115,46,44,37,190,109,10,184,51,174,91,69,28,8,118,180,53,188,48,92,90,131,148,93,14,178,23,66,61,145,94,13,151,7,38,176,35,97,128,52,2,167,107,123,73,155,65,198,17,82,18,0,77,196,170,129,25,105,4,6,88,70,108,21,106,154,122,197,24,72,78,86,110,171,189,49,127,30,114,182,139,29,137,158,175,85,1,117,120,157,173,186,79,42,27,193,172,39,32,55,125,33,192,165,40,87,181,68,9,103,162,147,67,95,144,156,146,31,143,191,183,164,41,152,130,102,62,5,134,112,104,99,63,74,20,138,168,140,126,16,71,19,98,60,179,47,43,187,76,101,141,11,58,64,96,177,199,166,22,195,119,81,153,80,36,150,56,100,54,113,116,124,160,45,121];False
8636;6573;15209;[73,174,67,136,149,83,59,57,132,75,163,133,12,185,111,36,169,84,89,3,161,159,15,135,194,115,46,44,37,190,109,10,184,51,34,91,69,28,8,118,180,53,188,48,92,90,131,148,93,14,178,142,66,61,145,94,13,151,7,38,176,35,97,128,52,2,167,107,123,50,155,65,198,17,82,18,0,77,196,170,129,25,105,4,6,88,70,108,21,106,154,122,197,24,72,78,86,110,171,189,49,127,30,114,182,139,29,137,158,175,85,1,117,120,157,173,186,79,42,27,193,172,39,32,55,125,33,192,165,40,87,181,68,9,103,162,147,23,95,144,156,146,31,143,191,183,164,41,152,130,102,62,5,134,112,104,99,63,74,20,138,168,140,126,16,71,19,98,60,179,47,43,187,76,101,141,11,58,64,96,177,199,166,22,195,119,81,153,80,26,150,56,100,54,113,116,124,160,45,121];False
8627;6576;15203;[73,174,23,136,149,83,59,80,132,75,163,133,12,185,111,36,169,84,89,3,161,159,15,135,194,115,46,44,37,109,190,10,184,51,34,91,69,28,8,118,180,53,188,48,92,90,131,148,93,14,178,142,66,61,145,94,13,151,7,38,176,35,97,128,52,2,167,107,123,50,155,65,198,17,82,18,0,77,196,170,129,25,105,4,6,88,70,108,21,106,154,122,197,24,72,78,86,110,171,189,49,127,30,114,182,139,29,137,158,175,85,1,117,120,157,173,186,79,42,27,193,172,39,32,55,125,33,192,165,40,87,181,68,9,103,162,147,67,95,144,156,146,31,143,191,183,164,41,152,130,102,62,5,134,112,104,99,63,74,20,138,168,140,126,16,71,19,98,60,179,47,43,187,76,101,141,11,58,64,96,177,199,166,22,195,119,81,153,57,26,150,56,100,54,113,116,124,160,45,121];False
8701;6569;15270;[73,174,23,136,149,83,59,81,132,75,163,133,12,185,111,36,169,84,89,3,161,159,15,135,194,115,46,44,37,190,109,10,184,51,34,91,69,28,8,118,180,53,188,48,92,90,131,148,93,14,178,142,66,61,145,94,13,151,7,38,176,35,97,128,52,2,167,107,123,50,155,65,198,17,82,18,0,77,196,170,129,25,105,4,6,88,70,108,21,106,154,122,197,24,72,78,86,110,171,189,49,127,30,114,182,139,29,137,158,175,85,1,117,120,157,173,186,79,42,27,193,172,39,32,55,125,33,192,165,40,87,181,68,9,103,162,147,67,95,144,156,146,31,143,191,183,164,41,152,130,102,62,5,134,112,104,99,63,74,20,138,168,140,126,16,71,19,98,60,179,47,43,187,76,101,141,11,58,64,96,177,199,166,22,195,119,57,153,80,26,150,56,100,54,113,116,124,160,45,121];False
8752;6568;15320;[50,174,23,136,149,83,59,81,132,75,163,133,12,185,111,36,169,84,89,3,161,159,15,135,194,115,46,44,37,190,109,10,184,51,34,91,69,28,8,118,180,53,188,48,92,90,131,148,93,14,178,142,66,61,145,94,13,151,7,38,176,35,97,128,52,2,167,107,123,73,155,65,198,17,82,18,0,77,196,170,129,25,105,4,6,88,70,108,21,106,154,122,197,24,72,78,86,110,171,189,49,127,30,114,182,139,29,137,158,175,85,1,117,120,157,173,186,79,42,27,193,172,39,32,55,125,33,192,165,40,87,181,68,9,103,162,147,67,95,144,156,146,31,143,191,183,164,41,152,130,102,62,5,134,112,104,99,63,74,20,138,168,140,126,16,71,19,98,60,179,47,43,187,76,101,141,11,58,64,96,177,199,166,22,195,119,57,153,80,26,150,56,100,54,113,116,124,160,45,121];False
8977;6555;15532;[73,174,67,36,149,83,59,57,132,152,163,133,12,185,86,80,169,84,89,3,161,159,15,135,194,115,46,44,37,190,109,10,184,51,34,91,69,28,8,118,180,53,188,48,92,90,131,148,93,14,178,142,66,61,145,94,13,151,7,38,176,35,97,128,52,2,167,107,123,50,155,65,198,17,82,18,0,95,196,170,77,25,105,4,6,88,70,108,21,106,154,122,197,24,72,78,111,110,171,189,49,127,30,114,182,139,29,137,158,175,85,1,117,120,157,173,186,79,42,27,193,172,39,32,55,125,33,192,165,40,87,181,68,9,103,162,147,23,136,144,156,146,31,143,191,183,164,41,75,130,102,62,5,134,112,104,99,63,74,20,138,168,140,126,16,71,19,98,60,179,47,43,187,76,101,141,11,58,64,96,177,199,166,22,195,119,81,153,129,26,150,56,100,54,113,116,124,160,45,121];False
9028;6554;15582;[50,174,67,36,149,83,59,57,132,152,163,133,12,185,86,80,169,84,89,3,161,159,15,135,194,115,46,44,37,190,109,10,184,51,34,91,69,28,8,118,180,53,188,48,92,90,131,148,93,14,178,142,66,61,145,94,13,151,7,38,176,35,97,128,52,2,167,107,123,73,155,65,198,17,82,18,0,95,196,170,77,25,105,4,6,88,70,108,21,106,154,122,197,24,72,78,111,110,171,189,49,127,30,114,182,139,29,137,158,175,85,1,117,120,157,173,186,79,42,27,193,172,39,32,55,125,33,192,165,40,87,181,68,9,103,162,147,23,136,144,156,146,31,143,191,183,164,41,75,130,102,62,5,134,112,104,99,63,74,20,138,168,140,126,16,71,19,98,60,179,47,43,187,76,101,141,11,58,64,96,177,199,166,22,195,119,81,153,129,26,150,56,100,54,113,116,124,160,45,121];False
9006;6553;15559;[73,174,67,36,149,83,59,57,132,75,163,86,12,185,133,80,169,84,89,3,161,159,15,135,194,115,46,44,37,190,109,10,184,51,34,91,69,28,8,118,180,53,188,48,92,90,131,148,93,14,178,142,66,61,145,94,13,151,7,38,176,35,97,128,52,2,167,107,123,50,155,65,198,17,82,18,0,95,196,170,77,25,105,4,6,88,70,108,21,106,154,122,197,24,72,78,111,110,171,189,49,127,30,114,182,139,29,137,158,175,85,1,117,120,157,173,186,79,42,27,193,172,39,32,55,125,33,192,165,40,87,181,68,9,103,162,147,23,136,144,156,146,31,143,191,183,164,41,152,130,102,62,5,134,112,104,99,63,74,20,138,168,140,126,16,71,19,98,60,179,47,43,187,76,101,141,11,58,64,96,177,199,166,22,195,119,81,153,129,26,150,56,100,54,113,116,124,160,45,121];False
9160;6545;15705;[50,174,67,36,149,83,59,57,132,75,163,86,151,185,133,11,169,84,89,3,161,159,15,135,194,115,46,44,37,190,109,10,184,51,34,91,69,28,8,118,180,53,188,48,92,90,131,148,93,14,178,142,66,61,145,94,13,12,7,38,176,35,97,128,52,2,167,107,123,73,155,65,198,17,82,18,0,95,196,170,77,25,105,4,6,88,70,108,21,106,154,122,197,24,72,78,111,110,171,189,49,127,30,114,182,139,29,137,158,175,85,1,117,120,157,173,186,79,42,27,193,172,39,32,55,125,33,192,165,40,87,181,68,9,103,162,147,23,136,144,156,146,31,143,191,183,164,41,152,130,102,62,5,134,112,104,99,63,74,20,138,168,140,126,16,71,19,98,60,179,47,43,187,76,101,141,80,58,64,96,177,199,166,22,195,119,81,153,129,26,150,56,100,54,113,116,124,160,45,121];False
9075;6551;15626;[73,174,67,36,149,83,59,57,132,75,137,86,12,185,133,80,169,84,89,3,161,159,15,135,194,115,46,44,37,190,109,10,184,51,34,91,69,28,8,118,180,53,188,48,92,90,131,148,93,14,178,142,66,61,145,94,13,151,7,38,176,35,97,128,52,2,167,107,123,50,155,65,198,17,82,18,0,95,196,170,77,25,105,4,6,88,70,108,21,106,154,122,197,24,72,78,111,110,171,189,49,127,30,114,182,139,29,163,158,175,85,1,117,120,157,173,186,79,42,27,193,172,39,32,55,125,33,192,165,40,87,181,68,9,103,162,147,23,136,144,156,146,31,143,191,183,164,41,152,130,102,62,5,134,112,104,99,63,74,20,138,168,140,126,16,71,19,98,60,179,47,43,187,76,101,141,11,58,64,96,177,199,166,22,195,119,81,153,129,26,150,56,100,54,113,116,124,160,45,121];False
9136;6544;15680;[73,174,67,36,149,80,59,98,3,161,163,86,12,185,54,57,169,6,89,23,136,160,15,135,194,115,46,44,37,190,109,10,184,51,34,91,69,28,8,118,180,159,188,48,92,90,131,148,93,14,178,142,191,61,145,94,13,101,7,38,176,35,97,128,52,2,167,107,123,50,155,65,198,17,82,49,133,18,132,170,77,25,105,4,84,88,70,108,21,106,154,122,197,24,72,78,111,110,171,189,130,127,30,114,182,139,29,137,158,175,85,1,117,120,157,173,186,79,42,27,193,172,39,32,55,125,33,192,165,40,87,181,68,9,103,162,147,196,95,144,156,146,31,143,53,183,164,41,75,152,102,62,5,134,112,104,99,63,74,20,138,168,140,126,16,71,19,83,60,179,47,43,187,76,151,141,11,58,64,96,177,199,166,22,195,119,81,153,129,26,150,56,100,0,113,116,124,66,45,121];False
9116;6545;15661;[73,174,67,36,149,11,59,57,132,75,163,86,151,185,133,98,169,84,89,3,161,159,15,135,194,115,46,44,37,190,109,10,184,51,34,91,69,28,8,118,180,53,188,48,92,90,131,148,93,14,178,142,66,61,145,94,13,12,7,38,176,35,97,128,52,2,167,107,123,50,155,65,198,17,82,18,0,95,196,170,77,25,105,4,6,88,70,108,21,106,154,122,197,24,72,78,111,110,171,189,49,127,30,114,182,139,29,137,158,175,85,1,117,120,157,173,186,79,42,27,193,172,39,32,55,125,33,192,165,40,87,181,68,9,103,162,147,23,136,144,156,146,31,143,191,183,164,41,152,130,102,62,5,134,112,104,99,63,74,20,138,168,140,126,16,71,19,83,60,179,47,43,187,76,101,141,80,58,64,96,177,199,166,22,195,119,81,153,129,26,150,56,100,54,113,116,124,160,45,121];False
9332;6535;15867;[50,174,67,36,149,11,59,57,132,75,137,86,151,185,133,98,193,84,89,3,161,159,15,135,194,115,46,44,37,190,109,10,184,51,34,91,69,28,8,118,180,53,188,48,92,90,131,148,93,14,178,142,66,61,145,94,13,12,7,38,176,35,97,128,52,2,167,107,123,73,155,65,198,17,82,18,0,95,196,170,77,25,105,4,6,88,70,108,21,106,154,122,197,24,72,78,111,110,171,189,49,127,30,114,182,139,29,163,158,175,85,1,117,120,157,173,186,79,42,27,169,172,39,32,55,125,33,192,165,40,87,181,68,9,103,162,147,23,136,144,156,146,31,143,191,183,164,41,152,130,102,62,5,134,112,104,99,63,74,20,138,168,140,126,16,71,19,83,60,179,47,43,187,76,101,141,80,58,64,96,177,199,166,22,195,119,81,153,129,26,150,56,100,54,113,116,124,160,45,121];True
9088;6547;15635;[73,174,67,36,149,80,59,57,132,75,163,86,12,185,133,98,169,84,89,3,161,159,15,135,194,115,46,44,37,190,109,10,184,51,34,91,69,28,8,118,180,53,188,48,92,90,131,148,93,14,178,142,66,61,145,94,13,151,7,38,176,35,97,128,52,2,167,107,123,50,155,65,198,17,82,18,0,95,196,170,77,25,105,4,6,88,70,108,21,106,154,122,197,24,72,78,111,110,171,189,49,127,30,114,182,139,29,137,158,175,85,1,117,120,157,173,186,79,42,27,193,172,39,32,55,125,33,192,165,40,87,181,68,9,103,162,147,23,136,144,156,146,31,143,191,183,164,41,152,130,102,62,5,134,112,104,99,63,74,20,138,168,140,126,16,71,19,83,60,179,47,43,187,76,101,141,11,58,64,96,177,199,166,22,195,119,81,153,129,26,150,56,100,54,113,116,124,160,45,121];False
9309;6538;15847;[73,174,67,36,149,11,59,57,132,75,137,86,12,185,133,98,169,6,89,3,161,159,15,135,194,115,46,44,37,190,109,10,184,51,34,91,69,28,8,118,180,53,188,48,92,90,131,148,93,14,178,142,66,61,145,94,13,151,7,38,176,35,97,128,52,2,167,107,123,50,155,65,198,17,82,18,0,95,196,170,77,25,105,4,84,88,70,108,21,106,154,122,197,24,72,78,111,110,171,189,49,127,30,114,182,139,29,163,158,175,85,1,117,120,157,173,186,79,42,27,193,172,39,32,55,125,33,192,165,40,87,181,68,9,103,162,147,23,136,144,156,146,31,143,191,183,164,41,152,130,102,62,5,134,112,104,99,63,74,20,138,168,140,126,16,71,19,83,60,179,47,43,187,76,101,141,80,58,64,96,177,199,166,22,195,119,81,153,129,26,150,56,100,54,113,116,124,160,45,121];False
9231;6540;15771;[73,174,67,36,149,11,59,57,132,75,163,86,151,185,133,98,169,6,89,3,161,28,15,135,194,115,46,44,37,190,109,10,184,51,34,91,69,159,8,118,180,53,188,48,92,90,131,148,93,14,178,142,66,61,145,94,13,12,7,38,176,35,97,128,52,2,167,107,123,50,155,65,198,17,82,18,0,95,196,170,77,25,105,4,84,88,70,108,21,106,154,122,197,24,72,78,111,110,171,189,49,127,30,114,182,139,29,137,158,175,85,1,117,120,157,173,186,79,42,27,193,172,39,32,55,125,33,192,165,40,87,181,68,9,103,162,147,23,136,144,156,146,31,143,191,183,164,41,152,130,102,62,5,134,112,104,99,63,74,20,138,168,140,126,16,71,19,83,60,179,47,43,187,76,101,141,80,58,64,96,177,199,166,22,195,119,81,153,129,26,150,56,100,54,113,116,124,160,45,121];False
9442;6530;15972;[73,174,23,136,149,11,59,57,132,75,163,86,151,185,133,98,169,6,89,3,161,159,15,135,194,115,46,44,37,190,109,10,184,51,34,91,69,28,8,118,180,53,188,48,92,90,131,148,93,14,178,142,66,61,145,94,13,12,7,38,176,35,97,128,52,2,167,107,123,50,155,65,198,17,82,18,0,36,196,170,77,25,105,4,84,88,70,108,21,106,154,122,197,24,72,78,111,110,171,189,49,127,30,114,182,139,29,137,158,175,85,1,117,120,157,173,186,79,42,27,193,172,39,32,55,125,33,192,165,40,87,181,68,9,103,162,147,67,95,144,156,146,31,143,191,183,164,41,152,130,102,62,5,134,112,104,99,63,74,20,138,168,140,126,16,71,19,83,60,179,47,43,187,76,101,141,80,58,64,96,177,199,166,22,195,119,81,153,129,26,150,56,100,54,113,116,124,160,45,121];False
9807;6527;16334;[73,174,23,136,149,18,59,57,132,152,163,86,12,185,0,98,169,6,89,3,161,159,15,135,194,115,46,44,37,190,109,10,184,48,34,91,69,28,8,118,180,191,188,51,92,90,131,148,93,14,178,142,66,61,145,94,13,101,7,38,176,35,97,128,52,2,167,107,123,50,155,65,198,17,82,49,133,36,196,170,77,25,105,4,84,88,70,108,21,106,154,122,197,24,72,78,111,110,171,189,80,127,30,114,182,139,29,137,158,175,85,1,117,120,157,173,186,79,42,27,193,172,39,32,55,125,33,192,165,40,87,181,68,9,103,162,147,67,95,144,156,146,31,143,53,183,164,41,75,130,102,62,5,134,112,104,99,63,74,20,138,168,140,126,16,71,19,83,60,179,47,43,187,76,151,141,11,58,64,96,177,199,166,22,195,119,81,153,129,26,150,56,100,54,113,116,124,160,45,121];False
9850;6526;16376;[73,174,23,136,149,36,59,57,132,152,163,86,12,185,0,98,169,6,89,3,161,159,15,135,194,115,46,44,37,190,109,10,184,48,34,91,69,28,8,118,180,191,188,51,92,90,131,148,93,14,178,142,66,61,145,94,13,101,7,38,176,35,97,128,52,2,167,107,123,50,155,65,198,17,82,49,133,18,196,170,77,25,105,4,84,88,70,108,21,106,154,122,197,24,72,78,111,110,171,189,80,127,30,114,182,139,29,137,158,175,85,1,117,120,157,173,186,79,42,27,193,172,39,32,55,125,33,192,165,40,87,181,68,9,103,162,147,67,95,144,156,146,31,143,53,183,164,41,75,130,102,62,5,134,112,104,99,63,74,20,138,168,140,126,16,71,19,83,60,179,47,43,187,76,151,141,11,58,64,96,177,199,166,22,195,119,81,153,129,26,150,56,100,54,113,116,124,160,45,121];False
2063;7249;9312;[50,190,121,162,19,90,149,178,111,132,130,84,77,112,93,147,66,157,103,105,74,188,144,31,142,117,167,61,45,138,41,49,78,128,42,57,197,146,118,126,143,160,91,1,33,124,180,196,36,46,140,92,82,23,189,81,0,85,22,26,176,193,109,20,170,95,38,139,65,4,70,194,34,198,174,184,35,67,32,72,163,25,51,8,16,125,11,113,156,71,165,87,37,94,173,18,131,110,101,59,80,100,30,134,148,195,97,58,151,175,7,191,181,68,123,6,137,158,54,52,119,187,39,107,55,14,13,172,12,89,75,129,15,135,53,183,69,159,164,9,28,155,73,99,106,136,115,152,2,161,102,86,133,76,122,116,104,17,145,56,21,108,192,40,169,182,29,154,60,179,27,43,127,96,171,141,98,114,64,79,177,47,88,5,186,199,83,153,166,24,150,10,185,62,120,3,168,44,48,63];False
2140;7200;9340;[50,190,121,162,147,9,149,19,172,12,130,84,77,112,93,178,66,157,103,105,74,188,144,31,142,117,167,61,45,138,41,49,78,128,42,57,197,146,118,126,143,160,91,1,33,124,180,196,36,46,140,92,82,23,189,81,0,85,22,26,176,193,109,20,170,95,38,139,65,4,70,194,34,198,174,184,35,67,32,72,163,25,51,8,16,125,11,113,156,71,165,87,37,94,173,18,131,110,101,59,80,100,30,134,148,195,97,58,151,175,7,191,181,68,123,6,137,158,54,52,119,187,39,107,55,14,13,111,132,89,75,129,15,135,53,183,69,159,164,90,28,155,73,99,106,136,115,152,2,161,102,86,133,76,122,116,104,17,145,56,21,108,192,40,169,182,29,154,60,177,27,43,127,96,171,141,98,114,64,79,179,47,88,5,186,199,83,153,166,24,150,10,185,62,120,3,168,44,48,63];False
2062;7249;9311;[50,118,129,162,19,87,121,178,111,132,130,84,77,112,93,147,66,157,103,105,74,188,144,31,142,117,167,61,45,138,41,49,78,128,42,57,197,146,190,126,143,160,91,1,33,124,180,196,36,46,140,92,82,23,189,81,0,85,22,26,176,193,109,20,170,95,38,139,9,4,70,194,34,198,174,184,35,67,32,72,163,25,51,8,16,125,11,113,156,71,165,65,37,94,173,18,131,110,101,59,80,100,30,134,148,195,97,58,175,151,7,191,181,68,123,6,137,158,54,52,119,187,39,107,55,14,13,172,12,89,75,149,15,135,53,183,69,159,164,90,28,155,73,99,106,136,115,152,2,161,102,86,133,76,122,116,104,17,145,56,21,108,192,40,169,182,29,154,60,177,27,43,127,96,171,141,98,114,64,79,179,47,88,5,186,199,83,153,166,24,150,10,185,62,120,3,168,44,48,63];False
2012;7309;9321;[180,118,129,162,19,87,121,178,111,132,130,84,77,112,93,147,66,157,103,105,74,188,144,31,142,117,167,61,45,138,41,49,78,128,42,57,197,170,190,126,143,160,91,1,33,124,50,196,36,46,140,92,82,23,189,81,0,85,22,26,176,193,109,20,146,95,38,139,9,4,70,194,34,198,174,184,35,67,32,72,163,25,51,8,16,125,11,113,156,71,165,65,37,94,173,18,131,110,101,59,80,100,30,134,148,195,97,58,175,151,7,191,181,68,123,6,137,158,54,52,119,187,39,107,55,14,13,172,12,89,75,149,15,135,53,183,69,159,164,90,28,155,73,99,106,136,115,152,2,161,102,86,133,76,122,116,104,17,145,56,21,108,192,40,169,182,29,154,60,177,27,43,127,96,171,141,98,114,64,79,179,47,88,5,186,199,83,153,166,24,150,10,185,62,120,3,168,44,48,63];False
2010;7283;9293;[180,118,129,162,22,87,121,178,111,132,130,84,77,112,93,147,66,157,103,105,74,188,144,31,142,117,167,61,45,138,41,49,78,128,42,57,197,146,190,126,143,160,91,1,33,124,44,196,36,46,140,92,82,23,189,81,0,85,19,26,176,193,109,20,170,95,38,139,9,4,70,194,34,198,174,184,35,67,32,72,163,25,51,8,16,125,11,113,156,71,165,65,37,94,173,18,131,110,101,59,80,100,30,134,148,195,97,58,175,151,7,191,181,68,123,6,137,158,54,52,119,187,39,107,55,14,13,172,12,89,75,149,15,135,53,183,69,159,164,90,28,155,73,99,106,136,115,152,2,161,102,86,133,76,122,116,104,17,145,56,21,108,192,40,169,182,29,154,60,177,27,43,127,96,171,141,98,114,64,79,179,47,88,5,186,199,83,153,166,24,150,10,185,62,120,3,168,50,48,63];True
2087;7217;9304;[50,190,121,178,9,118,149,19,172,12,130,84,77,112,93,147,66,157,103,105,74,188,144,31,142,117,167,61,45,138,41,49,78,128,42,57,197,146,162,126,143,160,91,1,33,124,180,196,36,46,140,92,82,23,189,81,0,85,22,26,176,193,109,20,170,95,38,139,65,4,70,194,34,198,174,184,35,67,32,72,163,25,51,8,16,125,11,113,156,71,165,87,37,94,173,18,131,110,101,59,80,100,30,134,148,195,97,58,175,151,7,191,181,68,123,6,137,158,54,52,119,187,39,107,55,14,13,111,132,89,75,129,15,135,53,183,69,159,164,90,28,155,73,99,106,136,115,152,2,161,102,86,133,76,122,116,104,17,145,56,21,108,192,40,169,182,29,154,60,177,27,43,127,96,171,141,98,114,64,79,179,47,88,5,186,199,83,153,166,24,150,10,185,62,120,3,168,44,48,63];True
2051;7245;9296;[50,143,129,162,19,87,121,178,111,132,130,84,77,112,93,147,66,157,103,105,74,188,144,31,142,117,167,61,45,138,41,49,78,128,42,57,197,9,190,126,118,160,91,1,33,124,180,196,36,46,140,92,82,23,189,81,0,85,22,26,176,193,109,20,170,95,38,139,146,4,70,194,34,198,174,184,35,67,32,72,163,25,51,8,16,125,11,113,156,71,165,65,37,94,173,18,131,110,101,59,80,100,30,134,148,195,97,58,175,151,7,191,181,68,123,6,137,158,54,52,119,187,39,107,55,14,13,172,12,89,75,149,15,135,53,183,69,159,164,90,28,155,73,99,106,136,115,152,2,161,102,86,133,76,122,116,104,17,145,56,21,108,192,40,169,182,29,154,60,177,27,43,127,96,171,141,98,114,64,79,179,47,88,5,186,199,83,153,166,24,150,10,185,62,120,3,168,44,48,63];True
1985;7360;9345;[9,143,129,196,22,87,121,178,111,132,130,84,77,112,93,147,66,157,103,105,74,188,144,31,142,117,167,61,45,138,41,49,78,128,42,57,197,50,190,126,118,160,91,1,33,124,180,162,36,46,140,92,82,23,189,81,0,85,19,26,176,193,109,20,170,95,38,139,146,4,70,194,34,198,174,184,35,67,32,72,163,25,51,8,16,125,11,113,156,71,165,65,37,94,173,18,131,110,101,59,80,100,30,134,148,195,97,58,175,151,7,191,181,68,123,6,137,158,54,52,119,187,39,107,55,14,13,172,12,89,75,149,15,135,53,183,69,159,164,90,28,155,73,99,106,136,115,152,2,161,102,86,133,76,122,116,104,17,145,56,21,108,192,40,169,182,29,154,60,177,27,43,127,96,171,141,98,114,64,79,179,47,88,5,186,199,83,153,166,24,150,10,185,62,120,3,168,44,48,63];False
1974;7360;9334;[50,172,12,22,26,93,147,3,2,130,84,117,77,112,109,24,66,157,103,105,74,188,144,118,10,0,167,61,45,138,41,49,78,128,42,57,37,121,162,126,143,160,91,1,33,124,94,196,36,182,140,92,82,23,189,81,87,85,104,46,146,193,9,178,170,95,38,139,19,20,51,149,34,194,180,123,176,67,32,72,163,25,70,65,16,190,11,113,156,71,165,184,31,8,173,18,131,110,101,59,80,100,30,134,148,195,97,137,175,151,7,191,181,68,198,142,58,158,54,52,119,187,39,107,55,14,13,111,132,89,75,4,15,135,53,183,69,159,164,90,28,155,73,99,106,136,115,152,35,161,102,86,133,76,122,116,44,125,145,56,21,108,192,40,169,129,29,154,60,177,27,43,127,96,171,141,98,114,64,79,179,47,88,5,186,199,83,153,166,174,150,6,185,62,120,197,168,17,48,63];False
1927;7452;9379;[50,172,12,22,26,178,147,3,2,130,84,117,77,112,106,136,66,157,103,105,74,188,93,118,10,0,167,61,45,138,41,49,78,128,42,57,37,121,162,126,143,160,91,1,33,124,94,196,52,182,140,92,82,23,189,81,87,85,104,46,146,193,9,144,170,95,38,139,19,20,51,149,34,194,180,123,176,67,32,72,163,25,70,65,16,190,11,113,156,71,165,184,31,8,173,18,131,110,101,59,80,100,30,134,148,195,97,137,175,151,7,191,181,68,198,142,58,158,54,36,119,187,39,107,55,14,13,111,132,89,75,4,15,135,53,183,69,159,164,90,28,155,73,99,109,24,115,152,35,161,102,86,133,76,122,116,44,125,145,56,21,108,192,40,169,129,29,154,60,177,27,43,127,96,171,141,98,114,64,79,179,47,88,5,186,199,83,153,166,174,150,6,185,62,120,197,168,17,48,63];False
1910;7448;9358;[90,172,12,22,26,178,147,3,2,130,132,117,77,112,106,24,66,157,103,105,74,188,93,118,10,0,167,61,45,138,41,49,78,128,42,57,37,121,162,126,143,160,91,1,33,124,94,196,36,182,140,92,82,23,189,81,87,85,104,46,146,193,136,144,170,95,38,139,19,20,51,149,34,194,180,123,176,67,32,72,163,25,70,65,16,190,11,113,156,71,165,184,31,8,173,18,131,110,101,59,80,100,30,134,148,195,97,137,175,151,7,191,181,68,198,142,58,158,54,52,119,187,39,107,55,14,13,111,84,89,75,4,15,135,53,183,69,159,164,9,28,155,73,99,109,50,115,152,35,161,102,86,133,76,122,116,44,125,145,56,21,108,192,40,169,129,29,154,60,177,27,43,127,96,171,141,98,114,64,79,179,47,88,5,186,199,83,153,166,174,150,6,185,62,120,197,168,17,48,63];True
1896;7512;9408;[180,172,12,22,123,93,147,3,2,130,132,117,77,112,106,24,66,157,103,105,74,188,144,118,10,110,167,61,45,138,41,49,78,128,42,57,37,121,162,126,143,160,91,1,33,124,94,196,36,182,140,92,82,23,189,81,87,85,104,46,146,193,9,178,170,95,38,139,19,20,51,149,34,194,136,26,176,67,32,72,163,25,70,65,16,190,11,113,156,71,165,184,31,8,173,18,131,0,101,59,80,100,30,134,148,195,97,137,175,151,7,191,181,68,198,142,58,158,54,52,119,187,39,107,55,14,13,111,84,89,75,4,15,135,53,183,69,159,164,90,28,155,73,99,109,50,115,152,35,161,102,86,133,76,122,116,44,125,145,56,21,108,192,40,169,129,29,154,60,177,27,43,127,96,171,141,98,114,64,79,179,47,88,5,186,199,83,153,166,174,150,6,185,62,120,197,168,17,48,63];False
2129;7200;9329;[50,190,121,162,109,9,149,19,172,12,130,84,77,112,93,147,66,157,103,105,74,188,144,31,142,117,167,61,45,138,41,49,78,128,42,57,197,146,118,126,143,160,91,1,33,124,180,196,36,46,140,92,82,23,189,81,0,85,22,26,176,193,20,178,170,95,38,139,65,4,70,194,34,198,174,184,35,67,32,72,163,25,51,8,16,125,11,113,156,71,165,87,37,94,173,18,131,110,101,59,80,100,30,134,148,195,97,58,175,151,7,191,181,68,123,6,137,158,54,52,119,187,39,107,55,14,13,111,132,89,75,129,15,135,53,183,69,159,164,90,28,155,73,99,106,136,115,152,2,161,102,86,133,76,122,116,104,17,145,56,21,108,192,40,169,182,29,154,60,177,27,43,127,96,171,141,98,114,64,79,179,47,88,5,186,199,83,153,166,24,150,10,185,62,120,3,168,44,48,63];True
1926;7436;9362;[90,172,12,22,26,178,147,3,2,130,84,117,77,112,106,24,66,157,103,105,74,136,144,118,10,0,167,61,45,138,41,49,78,128,42,57,37,121,162,126,143,160,91,1,33,124,94,196,36,182,140,92,82,23,189,81,87,85,104,46,146,193,188,93,170,95,38,139,19,20,51,149,34,194,180,123,176,67,32,72,163,25,70,65,16,190,11,113,156,71,165,184,31,8,173,18,131,110,101,59,80,100,30,134,148,195,97,137,175,151,7,191,181,68,198,142,58,158,54,52,119,187,39,107,55,14,13,111,132,89,75,4,15,135,53,183,69,159,164,9,28,155,73,99,109,50,115,152,35,161,102,86,133,76,122,116,44,125,145,56,21,108,192,40,169,129,29,154,60,177,27,43,127,96,171,141,98,114,64,79,179,47,88,5,186,199,83,153,166,174,150,6,185,62,120,197,168,17,48,63];False
2111;7203;9314;[50,4,121,178,147,9,149,19,172,12,130,84,77,112,93,162,66,157,103,105,74,188,144,31,142,117,167,61,45,138,41,49,78,128,42,57,197,146,118,126,143,160,91,1,33,124,180,196,36,46,140,92,82,23,189,81,0,85,22,26,176,193,109,190,170,95,38,139,65,20,70,194,34,198,174,184,35,67,32,72,163,25,51,8,16,125,11,113,156,71,165,87,37,94,173,18,131,110,101,59,80,100,30,134,148,195,97,58,175,151,7,191,181,68,123,6,137,158,54,52,119,187,39,107,55,14,13,111,132,89,75,129,15,135,53,183,69,159,164,90,28,155,73,99,106,136,115,152,2,161,102,86,133,76,122,116,104,17,145,56,21,108,192,40,169,182,29,154,60,177,27,43,127,96,171,141,98,114,64,79,179,47,88,5,186,199,83,153,166,24,150,10,185,62,120,3,168,44,48,63];True
2234;7169;9403;[50,4,28,162,147,9,149,19,172,12,130,84,77,112,93,184,66,157,103,105,74,188,144,31,142,117,167,61,45,138,41,49,78,128,42,57,197,146,118,126,143,160,91,1,33,124,180,196,36,46,140,92,82,23,189,81,0,85,22,26,176,193,109,190,170,95,38,139,65,20,70,194,34,198,174,178,35,67,32,72,163,25,51,8,16,125,11,113,156,71,165,87,37,94,173,18,131,110,101,59,80,100,30,134,148,195,97,58,175,151,7,191,181,68,123,6,137,158,54,52,119,187,39,107,55,14,13,111,132,89,75,129,15,135,53,183,69,159,164,90,121,155,73,99,106,136,115,152,2,161,102,86,133,76,122,116,104,17,145,56,21,108,192,40,169,182,29,154,60,177,27,43,127,96,171,141,98,114,64,79,179,47,88,5,186,199,83,153,166,24,150,10,185,62,120,3,168,44,48,63];False
2300;7129;9429;[50,146,180,178,9,37,94,118,172,12,130,117,77,112,93,184,66,157,103,105,74,188,144,31,142,2,167,61,45,138,41,49,78,128,42,57,3,121,162,126,143,160,91,1,33,124,147,196,36,46,140,92,82,23,189,81,0,85,22,26,176,193,109,190,170,95,38,139,65,20,51,149,34,198,174,4,84,67,32,72,163,25,70,19,16,125,11,113,156,71,165,87,194,8,173,18,131,110,101,59,80,100,30,134,148,195,97,58,175,151,7,191,181,68,123,6,137,158,54,52,119,187,39,107,55,14,13,111,132,89,75,129,15,135,53,183,69,159,164,90,28,155,73,99,106,136,115,152,35,161,102,86,133,76,122,116,104,17,145,56,21,108,192,40,169,182,29,154,60,177,27,43,127,96,171,141,98,114,64,79,179,47,88,5,186,199,83,153,166,24,150,10,185,62,120,197,168,44,48,63];True
1893;7512;9405;[104,172,12,22,26,93,147,3,2,130,84,117,77,112,193,24,66,157,103,105,74,188,144,118,10,0,167,61,45,138,41,44,78,128,42,57,37,121,162,126,143,160,91,1,33,124,94,196,36,46,140,92,82,23,189,81,87,106,136,116,146,85,9,178,170,95,38,139,19,20,51,149,34,194,180,123,176,67,32,72,163,25,70,65,16,190,11,113,156,71,165,184,31,8,173,18,131,110,101,59,80,100,30,134,148,195,97,137,175,151,7,191,181,68,198,142,58,158,54,52,119,187,39,107,55,14,13,111,132,89,75,4,15,135,53,183,69,159,164,90,28,155,73,99,109,50,115,152,35,161,102,86,133,76,122,49,182,125,145,56,21,108,192,40,169,129,29,154,60,177,27,43,127,96,171,141,98,114,64,79,179,47,88,5,186,199,83,153,166,174,150,6,185,62,120,197,168,17,48,63];False
1820;7620;9440;[118,172,12,22,26,178,120,3,2,130,84,117,77,112,31,29,66,157,103,105,74,188,144,9,147,0,101,61,45,138,167,180,78,128,42,57,37,121,162,126,143,160,91,1,33,124,94,196,36,182,140,92,82,23,189,81,87,85,104,20,146,193,109,93,170,95,38,139,19,194,51,149,34,127,175,123,176,67,32,72,137,25,70,65,16,190,11,113,156,71,165,184,125,8,173,18,131,110,41,59,80,100,30,134,148,195,97,58,6,151,7,191,181,68,198,142,163,158,54,52,119,187,39,107,55,14,13,197,132,89,75,4,15,135,53,183,69,159,164,90,28,155,73,99,106,136,115,152,35,161,102,86,133,76,122,116,49,46,145,56,21,108,192,40,169,129,24,154,60,177,27,43,111,96,171,141,98,114,64,79,179,47,88,5,186,199,83,153,166,174,150,10,185,62,44,50,168,17,48,63];False
1819;7622;9441;[180,172,12,22,26,178,120,3,2,130,84,117,77,112,31,29,66,157,103,105,74,188,144,34,147,0,101,61,45,138,126,143,78,128,42,57,37,121,162,146,118,160,91,1,33,124,94,196,52,182,140,92,82,23,189,81,87,85,104,20,167,193,109,93,170,95,38,139,19,194,51,149,9,127,175,123,176,67,32,72,137,25,70,65,16,190,11,113,156,71,165,184,125,8,173,18,131,110,41,59,80,100,30,134,148,195,97,58,6,43,7,191,181,68,198,142,163,158,54,36,119,187,39,107,55,14,13,197,132,89,75,4,15,135,53,183,69,159,164,90,28,155,73,99,106,136,115,152,35,161,102,86,133,76,122,116,49,46,145,56,21,108,192,40,169,129,24,154,60,177,27,151,111,96,171,141,98,114,64,79,179,47,88,5,186,199,83,153,166,174,150,10,185,62,44,50,168,17,48,63];False
1859;7565;9424;[104,172,12,22,81,93,147,3,2,130,84,117,77,112,193,24,66,157,103,105,74,188,144,118,10,110,167,61,45,138,41,88,78,128,42,57,37,121,162,126,143,160,91,1,33,124,94,196,36,46,140,92,82,23,189,49,87,106,136,26,146,85,9,178,170,95,38,139,19,20,51,149,34,194,180,123,176,67,32,72,163,25,70,65,16,190,11,113,156,71,165,184,31,8,173,18,131,0,101,59,80,100,30,134,148,195,97,137,175,151,7,191,181,68,198,142,58,158,54,52,29,187,39,107,55,14,13,111,132,89,75,4,15,135,53,183,69,159,164,90,28,155,73,99,109,50,115,152,35,161,102,86,133,76,122,116,44,125,145,56,21,108,192,40,169,129,119,154,60,177,27,43,127,96,171,141,98,114,64,79,179,47,182,5,186,199,83,153,166,174,150,6,185,62,120,197,168,17,48,63];False
1814;7626;9440;[118,172,12,22,26,178,120,3,2,130,84,117,77,112,31,29,66,157,103,105,74,188,144,9,147,0,101,61,45,138,126,180,78,128,42,57,37,121,162,146,143,160,91,1,33,124,94,196,36,182,140,92,82,23,189,81,87,85,104,20,167,193,109,93,170,95,38,139,19,194,51,149,34,127,175,123,176,67,32,72,137,25,70,65,16,190,11,113,156,71,165,184,125,8,173,18,131,110,41,59,80,100,30,134,148,195,97,58,6,43,7,191,181,68,198,142,163,158,54,52,119,187,39,107,55,14,13,197,132,89,75,4,15,135,53,183,69,159,164,90,28,155,73,99,106,136,115,152,35,161,102,86,133,76,122,116,49,46,145,56,21,108,192,40,169,129,24,154,60,177,27,151,111,96,171,141,98,114,64,79,179,47,88,5,186,199,83,153,166,174,150,10,185,62,44,50,168,17,48,63];False
2383;7124;9507;[50,146,180,178,9,37,123,4,172,12,130,117,77,112,93,184,66,157,103,105,74,188,144,31,142,2,167,61,45,138,41,49,78,128,42,57,3,121,162,126,143,160,91,1,33,124,94,196,36,46,140,92,82,23,189,81,0,85,22,26,176,193,109,190,170,95,38,139,65,20,51,149,34,198,174,118,84,67,32,72,163,25,70,19,16,125,11,113,156,71,165,87,194,8,173,18,131,110,101,59,80,100,30,134,148,195,97,58,175,151,7,191,181,68,147,6,137,158,54,52,119,187,39,107,55,14,13,111,132,89,75,129,15,135,53,183,69,159,164,90,28,155,73,99,106,136,115,152,35,161,102,86,133,76,122,116,104,17,145,56,21,108,192,40,169,182,29,154,60,177,27,43,127,96,171,141,98,114,64,79,179,47,88,5,186,199,83,153,166,24,150,10,185,62,120,197,168,44,48,63];False
1705;7781;9486;[180,172,12,22,26,176,120,3,2,130,106,117,77,112,31,29,66,157,103,105,74,188,93,90,100,0,101,61,45,138,126,185,78,128,42,57,37,121,162,146,118,10,91,1,33,124,94,196,36,182,140,92,82,23,189,81,87,85,104,20,167,193,164,67,62,95,38,139,19,194,51,149,34,127,175,123,136,144,32,72,137,25,170,65,16,190,11,113,156,71,165,184,125,8,173,18,131,110,41,59,80,147,30,134,148,195,97,58,6,43,7,191,181,68,198,142,163,158,54,52,119,187,39,107,55,14,13,197,132,89,75,4,15,135,53,183,69,159,9,151,28,155,73,99,84,70,115,152,35,161,102,86,133,76,122,116,49,46,145,56,21,108,192,40,169,129,24,154,60,177,27,178,111,96,171,141,98,114,64,79,179,47,88,5,186,199,83,153,166,174,150,160,143,109,44,50,168,17,48,63];False
1795;7656;9451;[180,172,12,22,26,178,120,3,2,130,84,117,77,112,31,29,66,157,103,105,74,188,144,9,147,0,101,61,45,55,126,143,78,128,42,57,37,121,162,146,118,160,91,1,33,124,94,196,52,182,140,92,82,23,189,81,87,85,104,20,167,193,109,93,170,95,38,139,19,194,51,149,34,127,175,123,176,67,32,72,137,25,70,65,16,190,11,113,156,71,165,184,125,8,173,18,131,110,41,59,80,100,30,134,148,195,97,58,6,43,7,191,181,68,198,142,163,158,54,36,119,187,39,107,138,14,13,197,132,89,75,4,15,135,53,183,69,159,164,90,28,155,73,99,106,136,115,152,35,161,102,86,133,76,122,116,49,46,145,56,21,108,192,40,169,129,24,154,60,177,27,151,111,96,171,141,98,114,64,79,179,47,88,5,186,199,83,153,166,174,150,10,185,62,44,50,168,17,48,63];False
1710;7778;9488;[180,172,12,22,26,176,120,3,2,130,84,117,77,112,31,29,66,157,103,105,74,188,93,90,100,0,101,61,45,55,126,185,78,128,42,57,37,121,162,146,118,10,91,1,33,124,94,196,52,182,140,92,82,23,189,81,87,85,104,20,167,193,164,67,62,95,38,139,19,194,51,149,34,127,175,123,136,144,32,72,137,25,170,65,16,190,11,113,156,71,165,184,125,8,173,18,131,110,41,59,80,147,30,134,148,195,97,58,6,43,7,191,181,68,198,142,163,158,54,36,119,187,39,107,138,14,13,197,132,89,75,4,15,135,53,183,69,159,9,151,28,155,73,99,106,70,115,152,35,161,102,86,133,76,122,116,49,46,145,56,21,108,192,40,169,129,24,154,60,177,27,178,111,96,171,141,98,114,64,79,179,47,88,5,186,199,83,153,166,174,150,160,143,109,44,50,168,17,48,63];False
1664;7795;9459;[180,172,12,22,26,178,120,3,2,130,84,117,77,112,31,29,66,157,103,44,74,188,93,164,100,0,101,61,45,55,126,185,78,128,42,57,37,121,162,146,118,10,91,1,33,124,94,196,36,182,140,92,82,23,189,81,87,85,104,20,167,193,136,144,62,95,38,139,19,194,51,149,34,127,175,123,90,67,32,72,137,25,170,65,16,190,11,113,156,71,165,184,125,8,173,18,131,110,41,59,80,147,30,134,148,195,97,58,6,43,7,191,181,68,198,142,163,158,54,52,119,187,39,107,138,14,13,197,132,89,75,4,15,135,53,183,69,159,9,105,28,155,73,99,106,70,115,152,35,161,102,86,133,76,122,116,49,46,145,56,21,108,192,40,169,129,24,154,60,177,27,151,111,96,171,141,98,114,64,79,179,47,88,5,186,199,83,153,166,174,150,160,143,109,176,50,168,17,48,63];True
1639;7884;9523;[180,172,12,22,26,178,120,3,2,130,106,117,77,112,31,29,66,157,103,44,74,188,93,90,100,0,101,61,45,55,126,185,78,128,42,57,37,121,162,146,118,10,91,1,33,124,94,196,52,182,140,92,82,23,189,81,87,85,104,20,167,193,164,67,62,95,38,139,19,194,51,149,34,127,175,123,136,144,32,72,137,25,170,65,16,190,11,113,156,71,165,184,125,8,173,18,131,110,41,59,80,147,30,134,148,195,97,58,6,43,7,191,181,68,198,142,163,158,54,36,119,187,39,107,138,14,13,197,132,89,75,4,15,135,53,183,69,159,9,105,28,155,73,99,84,70,115,152,35,161,102,86,133,76,122,116,49,46,145,56,21,108,192,40,169,129,24,154,60,177,27,151,111,96,171,141,98,114,64,79,179,47,88,5,186,199,83,153,166,174,150,160,143,109,176,50,168,17,48,63];True
1726;7762;9488;[180,172,12,22,26,178,120,3,2,130,84,117,77,112,31,29,66,157,103,105,74,188,93,170,160,143,101,61,45,55,126,185,78,128,42,57,37,121,162,146,118,10,91,1,33,124,94,196,52,182,140,92,82,23,189,81,87,85,104,20,167,193,9,144,109,95,38,139,19,194,51,149,34,127,175,123,176,67,32,72,137,25,70,65,16,190,11,113,156,71,165,184,125,8,173,18,131,110,41,59,80,100,30,134,148,195,97,58,6,43,7,191,181,68,198,142,163,158,54,36,119,187,39,107,138,14,13,197,132,89,75,4,15,135,53,183,69,159,164,90,28,155,73,99,106,136,115,152,35,161,102,86,133,76,122,116,49,46,145,56,21,108,192,40,169,129,24,154,60,177,27,151,111,96,171,141,98,114,64,79,179,47,88,5,186,199,83,153,166,174,150,147,0,62,44,50,168,17,48,63];False
1638;7888;9526;[180,172,12,22,26,178,120,3,2,130,106,117,77,112,31,29,66,157,103,182,45,188,93,90,100,0,101,61,74,138,126,185,78,128,42,57,37,121,162,146,118,10,91,1,33,124,94,196,36,44,140,92,82,23,189,81,87,85,104,20,167,193,164,144,62,95,38,139,19,194,51,149,34,127,175,123,136,67,32,72,137,25,170,65,16,190,11,113,156,71,165,184,125,8,173,18,131,110,41,59,80,147,30,134,148,195,97,58,6,43,7,191,181,68,198,142,163,158,54,52,119,187,39,107,55,14,13,197,132,89,75,4,15,135,53,183,69,159,9,105,28,155,73,99,84,70,115,152,35,161,102,86,133,76,122,116,49,46,145,56,21,108,192,40,169,129,24,154,60,177,27,151,111,96,171,141,98,114,64,79,179,47,88,5,186,199,83,153,166,174,150,160,143,109,176,50,168,17,48,63];False
1626;7894;9520;[180,172,12,22,26,178,120,3,2,130,106,117,77,112,31,29,66,157,103,44,74,188,93,90,100,0,101,61,45,138,126,185,78,128,42,57,37,121,162,146,118,10,91,1,33,124,94,196,52,182,140,92,82,23,189,81,87,85,104,20,167,193,164,144,62,95,38,139,19,194,51,149,34,127,175,123,136,67,32,72,137,25,170,65,16,190,11,113,156,71,165,184,125,8,173,18,131,110,41,59,80,147,30,134,148,195,97,58,6,43,7,191,181,68,198,142,163,158,54,36,119,187,39,107,55,14,13,197,132,89,75,4,15,135,53,183,69,159,9,105,28,155,73,99,84,70,115,152,35,161,102,86,133,76,122,116,49,46,145,56,21,108,192,40,169,129,24,154,60,177,27,151,111,96,171,141,98,114,64,79,179,47,88,5,186,199,83,153,166,174,150,160,143,109,176,50,168,17,48,63];True
2389;7120;9509;[50,21,180,178,9,37,147,4,172,12,130,117,77,112,93,184,66,157,103,105,74,188,144,31,149,2,167,61,45,138,41,49,78,128,42,57,3,121,162,126,143,160,91,1,33,124,94,196,36,46,140,92,82,23,189,81,0,85,22,26,176,193,109,190,170,95,38,139,65,20,51,142,34,198,174,118,84,67,32,72,163,25,70,19,16,125,11,113,156,71,165,87,194,8,173,18,131,110,101,59,80,100,30,134,148,195,97,58,175,151,7,191,181,68,123,6,137,158,54,52,119,187,39,107,55,14,13,111,132,89,75,129,15,135,53,183,69,159,164,90,28,155,73,99,106,136,115,152,35,161,102,86,133,76,122,116,104,17,145,56,146,108,192,40,169,182,29,154,60,177,27,43,127,96,171,141,98,114,64,79,179,47,88,5,186,199,83,153,166,24,150,10,185,62,120,197,168,44,48,63];False
1619;7935;9554;[180,172,12,22,26,178,120,3,2,130,106,117,77,112,31,29,66,157,103,188,74,44,93,90,100,0,101,61,45,55,126,185,78,128,42,57,37,121,162,146,118,10,91,1,33,124,94,196,36,182,140,92,82,23,189,81,87,85,104,20,167,193,164,144,181,95,38,139,19,194,51,149,34,127,175,123,136,67,32,72,137,25,170,65,16,190,11,113,156,71,165,184,125,8,173,18,131,110,41,59,80,147,30,134,148,195,97,58,6,43,7,191,62,68,198,142,163,158,54,52,119,187,39,107,138,14,13,197,132,89,75,4,15,135,53,183,69,159,9,105,28,155,73,99,84,70,115,152,35,161,102,86,133,76,122,116,49,46,145,56,21,108,192,40,169,129,24,154,60,177,27,151,111,96,171,141,98,114,64,79,179,47,88,5,186,199,83,153,166,174,150,160,143,109,176,50,168,17,48,63];False
2360;7123;9483;[50,146,180,178,9,37,147,4,172,12,130,117,77,112,93,184,66,157,103,105,74,188,144,31,149,2,167,61,45,138,41,49,78,128,42,57,3,121,162,126,143,160,91,1,33,124,94,196,36,46,140,92,82,23,189,81,0,85,22,26,176,193,109,190,170,95,38,139,65,20,51,142,34,198,174,118,84,67,32,72,163,25,70,19,16,125,11,113,156,71,165,87,194,8,173,18,131,110,101,59,80,100,30,134,148,195,97,58,175,151,7,191,181,68,123,6,137,158,54,52,119,187,39,107,55,14,13,111,132,89,75,129,15,135,53,183,69,159,164,90,28,155,73,99,106,136,115,152,35,161,102,86,133,76,122,116,104,17,145,56,21,108,192,40,169,182,29,154,60,177,27,43,127,96,171,141,98,114,64,79,179,47,88,5,186,199,83,153,166,24,150,10,185,62,120,197,168,44,48,63];False
1600;7977;9577;[180,172,12,22,26,178,120,3,2,130,106,117,77,112,31,24,66,157,103,44,74,188,93,90,100,0,101,61,45,55,126,185,78,128,42,57,37,121,162,146,118,10,91,1,33,124,94,196,52,182,140,92,82,23,189,81,87,85,104,20,167,193,164,144,181,95,38,139,19,194,51,149,34,127,175,123,136,67,32,72,137,25,170,65,16,190,11,113,156,71,165,184,125,8,173,18,131,110,41,59,80,147,30,134,148,195,97,58,6,43,7,191,62,68,198,142,163,158,54,36,119,187,39,107,138,14,13,197,132,89,75,4,15,135,53,183,69,159,9,105,28,155,73,99,84,70,115,152,35,161,102,86,133,76,122,116,49,46,145,56,21,108,192,40,169,129,29,154,60,177,27,151,111,96,171,141,98,114,64,79,179,47,88,5,186,199,83,153,166,174,150,160,143,109,176,50,168,17,48,63];False
1576;8017;9593;[198,155,29,154,141,119,44,7,130,107,105,146,118,178,192,183,104,50,53,162,173,18,57,120,24,197,15,135,34,159,82,134,121,10,123,90,41,22,38,14,168,17,94,60,49,153,185,127,39,148,69,28,129,8,93,46,55,165,42,166,59,36,23,12,54,151,175,83,117,98,78,171,81,52,150,140,92,100,58,79,177,95,167,61,181,65,76,5,27,133,96,157,138,45,188,87,66,126,124,86,112,40,51,106,143,160,80,71,9,190,43,128,85,164,111,195,25,37,145,139,33,13,137,158,182,109,21,73,6,56,63,31,142,115,152,102,186,113,196,89,26,176,72,74,4,97,131,0,199,62,1,189,108,84,99,174,184,161,156,147,3,169,191,11,194,180,163,170,103,91,35,125,149,32,187,114,68,116,20,67,193,16,136,144,70,19,64,101,122,172,77,2,110,30,179,47,132,75,88,48];True
2495;7098;9593;[50,146,180,37,109,44,82,4,172,12,130,117,77,112,93,46,66,157,103,105,74,188,144,31,6,2,167,61,45,138,41,49,78,128,42,57,3,121,162,126,143,160,91,1,33,124,94,196,36,184,140,92,147,23,189,81,0,85,22,26,176,193,16,178,170,95,38,139,65,20,51,149,34,198,174,118,84,67,32,72,163,25,70,19,9,190,11,113,156,71,165,87,194,8,173,18,131,110,101,59,80,100,30,134,148,195,97,58,175,151,7,191,181,68,123,142,137,158,54,52,119,187,39,107,55,14,13,111,132,89,75,129,15,135,53,183,69,159,164,90,28,155,73,99,106,136,115,152,35,161,102,86,133,76,122,116,104,125,145,56,21,108,192,40,169,182,29,154,60,177,27,43,127,96,171,141,98,114,64,79,179,47,88,5,186,199,83,153,166,24,150,10,185,62,120,197,168,17,48,63];False
2510;7092;9602;[174,184,123,190,109,31,6,193,172,195,130,22,12,112,93,118,66,157,103,105,20,188,87,37,147,149,167,61,45,138,41,49,78,128,42,57,3,121,162,126,143,160,91,1,33,124,94,196,36,44,140,92,82,23,189,81,0,85,19,26,176,46,9,178,170,95,38,139,144,146,51,50,34,194,180,4,84,67,32,72,163,25,70,65,16,117,77,113,156,71,165,2,74,8,173,18,131,110,101,59,80,100,30,134,148,11,97,58,175,151,7,191,181,68,198,142,137,158,54,52,119,187,39,107,55,14,13,111,132,89,75,129,15,135,53,183,69,159,164,90,28,155,73,99,106,136,115,152,35,161,102,86,133,76,122,116,104,125,145,56,21,108,192,40,169,182,29,154,60,177,27,43,127,96,171,141,98,114,64,79,179,47,88,5,186,199,83,153,166,24,150,10,185,62,120,197,168,17,48,63];False
2473;7099;9572;[50,146,180,37,109,44,82,4,172,12,130,117,77,112,93,184,66,157,103,105,74,188,144,31,6,2,167,61,45,138,41,49,78,128,42,57,3,121,162,126,143,160,91,1,33,124,94,196,36,46,140,92,147,23,189,81,0,85,22,26,176,193,16,178,170,95,38,139,65,20,51,149,34,198,174,118,84,67,32,72,163,25,70,19,9,190,11,113,156,71,165,87,194,8,173,18,131,110,101,59,80,100,30,134,148,195,97,58,175,151,7,191,181,68,123,142,137,158,54,52,119,187,39,107,55,14,13,111,132,89,75,129,15,135,53,183,69,159,164,90,28,155,73,99,106,136,115,152,35,161,102,86,133,76,122,116,104,125,145,56,21,108,192,40,169,182,29,154,60,177,27,43,127,96,171,141,98,114,64,79,179,47,88,5,186,199,83,153,166,24,150,10,185,62,120,197,168,17,48,63];False
2515;7086;9601;[174,123,146,190,109,31,6,193,172,12,130,22,81,112,93,118,66,157,103,105,74,188,87,37,147,149,167,61,45,138,41,49,78,128,42,57,3,121,162,126,143,160,91,1,33,124,94,196,36,44,140,92,82,23,189,195,0,85,19,26,176,46,9,144,170,95,38,139,178,20,51,50,34,194,180,4,84,67,32,72,163,25,70,65,16,117,77,113,156,71,165,2,184,8,173,18,131,110,101,59,80,100,30,134,148,11,97,58,175,151,7,191,181,68,198,142,137,158,54,52,119,187,39,107,55,14,13,111,132,89,75,129,15,135,53,183,69,159,164,90,28,155,73,99,106,136,115,152,35,161,102,86,133,76,122,116,104,125,145,56,21,108,192,40,169,182,29,154,60,177,27,43,127,96,171,141,98,114,64,79,179,47,88,5,186,199,83,153,166,24,150,10,185,62,120,197,168,17,48,63];False
2668;7025;9693;[34,144,146,190,109,147,6,193,172,12,130,22,195,112,93,118,66,157,103,105,74,188,87,37,174,149,167,61,45,138,41,49,78,128,42,57,3,121,162,126,143,160,91,1,33,124,94,196,36,44,140,92,82,23,189,81,0,85,19,26,176,46,9,178,170,95,38,139,123,20,51,50,31,194,180,4,84,67,32,72,163,25,70,65,16,117,77,113,156,71,165,2,184,8,173,18,131,110,101,59,80,100,30,134,148,11,97,58,175,151,7,191,181,68,198,142,137,158,54,52,119,187,39,107,55,14,13,111,132,89,75,129,15,135,53,183,69,159,164,90,28,155,73,99,106,136,115,152,35,161,102,86,133,76,122,116,104,125,145,56,21,108,192,40,169,182,29,154,60,177,27,43,127,96,171,141,98,114,64,79,179,47,88,5,186,199,83,153,166,24,150,10,185,62,120,197,168,17,48,63];False
2732;7016;9748;[34,103,123,190,109,147,6,193,172,12,130,22,195,112,93,118,66,157,20,105,74,188,87,37,174,149,167,61,45,138,41,49,78,128,42,57,3,121,162,126,143,160,91,1,33,124,94,196,36,44,140,92,82,23,189,81,0,85,19,26,176,46,9,178,170,95,38,139,144,146,51,50,31,194,180,4,84,67,32,72,163,25,70,65,16,117,77,113,156,71,165,2,184,8,173,18,131,110,101,59,80,100,30,134,148,11,97,58,175,151,7,191,181,68,198,142,137,158,54,52,119,187,39,107,55,14,13,111,132,89,75,129,15,135,53,183,69,159,164,90,28,155,73,99,106,136,115,152,35,161,102,86,133,76,122,116,104,125,145,56,21,108,192,40,169,182,29,154,60,177,27,43,127,96,171,141,98,114,64,79,179,47,88,5,186,199,83,153,166,24,150,10,185,62,120,197,168,17,48,63];False
1559;8163;9722;[29,71,63,69,141,119,148,7,130,107,105,44,140,178,192,183,154,50,53,162,173,18,57,120,24,197,15,118,198,159,82,134,121,10,123,90,41,22,38,150,168,17,94,60,49,153,185,127,39,187,147,67,129,8,93,46,55,165,42,166,59,36,23,12,54,151,175,83,117,98,78,171,81,52,174,135,14,100,58,79,177,95,167,61,181,65,76,5,27,133,96,157,138,45,188,87,66,126,124,86,112,40,51,106,143,160,80,28,9,190,43,128,85,164,111,195,25,37,145,139,33,13,137,158,182,109,21,73,6,56,92,31,142,115,152,102,186,113,196,89,26,176,72,74,4,97,131,0,199,62,1,189,108,84,34,155,184,161,156,104,3,169,191,11,194,180,163,170,103,91,35,125,149,32,99,114,68,20,116,146,193,16,136,144,70,19,64,101,122,172,77,2,110,30,179,47,132,75,88,48];False
2633;7031;9664;[20,138,31,190,109,147,6,193,172,12,130,22,195,112,93,118,66,157,103,105,74,188,87,37,174,149,167,61,45,123,41,49,78,128,42,57,3,121,162,126,143,160,91,1,33,124,94,196,36,44,140,92,82,23,189,81,0,85,19,26,176,46,9,178,170,95,38,139,144,146,51,50,34,194,180,4,84,67,32,72,163,25,70,65,16,117,77,113,156,71,165,2,184,8,173,18,131,110,101,59,80,100,30,134,148,11,97,58,175,151,7,191,181,68,198,142,137,158,54,52,119,187,39,107,55,14,13,111,132,89,75,129,15,135,53,183,69,159,164,90,28,155,73,99,106,136,115,152,35,161,102,86,133,76,122,116,104,125,145,56,21,108,192,40,169,182,29,154,60,177,27,43,127,96,171,141,98,114,64,79,179,47,88,5,186,199,83,153,166,24,150,10,185,62,120,197,168,17,48,63];True
2869;6994;9863;[20,51,34,190,109,147,6,193,172,132,130,22,195,112,93,118,66,157,103,105,74,188,87,37,174,149,167,61,45,138,41,49,78,128,42,57,3,121,162,126,143,160,91,1,33,124,94,196,36,104,140,92,82,23,189,81,0,85,19,26,176,46,9,178,170,95,38,139,144,123,146,50,31,194,180,4,84,67,32,72,163,25,70,65,16,117,77,113,156,71,165,2,184,8,173,18,131,110,101,59,80,100,30,134,148,11,97,58,175,151,7,191,181,68,198,142,137,158,54,52,119,187,39,107,55,14,13,111,12,89,75,129,15,135,53,183,69,159,164,90,28,155,73,99,106,136,115,152,35,161,102,86,133,76,122,116,44,125,145,56,21,108,192,40,169,182,29,154,60,177,27,43,127,96,171,141,98,114,64,79,179,47,88,5,186,199,83,153,166,24,150,10,185,62,120,197,168,17,48,63];False
2952;6983;9935;[50,194,8,125,145,91,6,193,172,12,130,22,195,112,93,178,66,157,103,105,20,188,87,37,174,149,167,61,45,138,41,49,78,128,42,57,3,121,162,126,143,160,142,1,33,124,94,196,36,184,140,17,82,23,189,81,0,85,19,26,176,46,9,147,170,95,38,139,144,63,51,56,92,21,180,4,84,67,32,72,163,25,70,198,16,117,77,113,156,71,165,2,168,31,173,18,131,110,101,59,80,100,30,134,148,11,97,58,175,151,7,191,181,68,123,190,137,158,54,52,119,187,39,107,55,14,13,111,132,89,75,129,15,135,53,183,69,159,164,90,28,155,73,99,106,136,115,152,35,161,102,86,133,76,122,116,65,118,109,74,34,108,192,40,169,182,29,154,60,177,27,43,127,96,171,141,98,114,64,79,179,47,88,5,186,199,83,153,166,24,150,10,185,62,120,197,104,44,48,146];False
2996;6982;9978;[50,194,8,125,145,147,6,193,172,12,130,22,195,112,93,178,66,157,103,105,20,188,87,37,174,149,167,61,45,138,41,49,78,128,42,57,3,121,162,126,143,160,142,1,33,124,94,196,36,184,140,17,82,23,189,81,0,85,19,26,176,46,9,91,170,95,38,139,144,63,51,56,92,21,180,4,84,67,32,72,163,25,70,198,16,117,77,113,156,71,165,2,168,31,173,18,131,110,101,59,80,100,30,134,148,11,97,58,175,151,7,191,181,68,123,190,137,158,54,52,119,187,39,107,55,14,13,111,132,89,75,129,15,135,53,183,69,159,164,90,28,155,73,99,106,136,115,152,35,161,102,86,133,76,122,116,65,118,109,74,34,108,192,40,169,182,29,154,60,177,27,43,127,96,171,141,98,114,64,79,179,47,88,5,186,199,83,153,166,24,150,10,185,62,120,197,104,44,48,146];False
3170;6964;10134;[16,194,180,41,187,117,113,9,172,132,166,22,119,112,2,169,191,190,66,157,20,188,87,37,174,149,167,61,45,138,104,125,78,128,42,57,3,121,162,126,143,160,91,77,33,124,94,196,130,103,140,17,82,23,189,81,0,85,19,26,176,46,184,142,170,95,38,139,144,63,51,56,21,92,147,4,84,67,32,72,163,25,70,74,198,173,8,93,156,71,165,193,168,31,6,18,131,110,101,59,80,100,30,134,148,11,97,58,175,151,7,1,181,68,123,89,137,158,54,52,12,49,39,107,55,14,13,111,195,145,75,129,15,135,53,183,69,159,164,90,28,155,73,99,106,136,115,152,35,161,102,86,133,76,122,116,65,118,109,50,34,108,192,40,36,182,29,154,60,177,27,43,127,96,171,141,98,114,64,79,179,47,88,5,186,199,83,153,197,24,150,10,185,62,120,178,105,44,48,146];False
3207;6963;10170;[74,194,180,41,187,117,113,9,172,132,166,22,12,112,2,169,191,93,66,157,20,188,87,37,174,149,167,61,45,138,104,125,78,128,42,57,3,121,162,126,143,160,91,77,33,124,94,196,130,103,140,17,82,23,189,81,0,85,19,26,176,46,184,142,170,95,38,139,144,63,51,56,21,92,147,4,84,67,32,72,163,25,70,16,198,173,8,190,156,71,165,193,168,31,6,18,131,110,101,59,80,100,30,134,148,11,97,58,175,151,7,1,181,68,123,89,137,158,54,52,119,49,39,107,55,14,13,111,195,145,75,129,15,135,53,183,69,159,164,90,28,155,73,99,106,136,115,152,35,161,102,86,133,76,122,116,65,118,109,50,34,108,192,40,36,182,29,154,60,177,27,43,127,96,171,141,98,114,64,79,179,47,88,5,186,199,83,153,197,24,150,10,185,62,120,178,105,44,48,146];False
1531;8634;10165;[92,49,153,122,114,3,2,129,72,105,99,73,140,178,192,10,123,17,8,94,173,18,25,120,24,197,15,9,150,143,67,60,147,65,124,142,130,22,38,21,135,14,75,151,7,34,187,127,39,107,101,76,50,53,93,27,30,134,58,86,181,82,23,12,54,158,121,168,117,98,78,110,81,52,106,118,183,83,26,79,185,148,167,61,59,36,46,5,41,133,96,157,138,45,188,87,66,126,198,159,174,1,51,29,154,156,160,71,69,190,43,128,85,164,111,88,40,37,145,139,33,13,172,195,182,109,141,35,6,56,189,194,31,171,152,57,186,113,196,89,162,146,28,74,4,97,131,0,199,62,44,102,108,20,55,155,184,161,80,137,177,169,191,11,104,180,163,170,95,91,90,125,149,32,68,63,100,116,175,165,193,16,136,144,70,19,64,103,112,84,77,115,179,176,42,47,132,166,119,48];False
1527;8599;10126;[92,49,102,122,114,3,2,129,72,105,99,73,140,178,192,10,123,17,8,94,173,18,25,120,24,197,15,9,150,143,67,75,147,65,124,142,130,22,38,21,135,14,60,151,7,153,187,127,39,107,101,76,50,53,93,27,30,134,58,86,181,82,23,12,54,158,121,168,117,98,78,110,81,52,106,118,183,83,26,79,185,148,167,61,59,36,46,5,41,133,96,157,138,45,188,87,66,126,198,159,174,1,51,29,154,156,160,71,69,190,43,128,85,164,111,88,40,37,145,139,33,13,172,195,182,109,141,35,6,56,189,194,31,171,152,57,186,113,196,89,162,146,28,74,4,97,131,0,199,62,44,34,108,20,55,155,184,161,80,137,177,169,191,11,104,180,163,170,95,91,90,125,149,32,68,63,100,116,175,165,193,16,136,144,70,19,64,103,112,84,77,115,179,176,42,47,132,166,119,48];False
3396;6940;10336;[50,53,180,41,187,117,113,9,172,132,166,22,12,112,2,169,191,93,66,157,20,188,87,198,174,149,167,61,45,138,104,125,78,128,42,57,3,121,162,126,143,160,91,77,33,124,94,196,130,103,140,17,82,23,189,81,0,85,19,26,176,46,184,142,170,95,38,139,144,63,51,56,21,92,147,4,84,67,32,72,163,25,70,16,194,173,8,190,156,71,165,193,168,31,6,18,131,110,101,59,80,100,30,134,148,11,97,58,175,151,7,1,181,68,123,89,137,158,54,52,119,49,39,107,55,14,13,111,195,145,75,129,15,135,37,183,69,159,164,90,28,155,73,99,106,136,115,152,35,161,102,86,133,76,122,116,65,118,109,74,34,108,192,40,36,182,29,154,60,177,27,43,127,96,171,141,98,114,64,79,179,47,88,5,186,199,83,153,197,24,150,10,185,62,120,178,105,44,48,146];False
3218;6960;10178;[50,194,180,41,187,117,113,9,172,132,130,22,119,112,2,169,191,93,66,157,20,188,87,37,174,149,167,61,45,138,104,125,78,128,42,57,3,121,162,126,143,160,91,77,33,124,94,196,166,103,140,17,82,23,189,81,0,85,19,26,176,46,184,142,170,95,38,139,144,63,51,56,21,92,147,4,84,67,32,72,163,25,70,16,198,173,8,190,156,71,165,193,168,31,6,18,131,110,101,59,80,100,30,134,148,11,97,58,175,151,7,1,181,68,123,89,137,158,54,52,12,49,39,107,55,14,13,111,195,145,75,129,15,135,53,183,69,159,164,90,28,155,73,99,106,136,115,152,35,161,102,86,133,76,122,116,65,118,109,74,34,108,192,40,36,182,29,154,60,177,27,43,127,96,171,141,98,114,64,79,179,47,88,5,186,199,83,153,197,24,150,10,185,62,120,178,105,44,48,146];False
3384;6939;10323;[194,188,87,132,130,5,42,22,38,178,192,89,18,181,68,48,63,118,44,140,124,94,75,36,145,196,113,61,45,138,65,82,187,128,134,195,33,183,162,126,143,160,91,6,77,149,189,148,173,103,123,17,84,122,2,97,0,85,19,26,176,116,146,49,170,95,167,93,66,135,16,56,21,92,147,3,32,165,169,142,163,25,70,90,41,88,40,37,156,71,8,184,168,31,72,78,131,110,101,59,80,100,30,52,182,139,125,58,151,175,197,1,117,98,157,136,137,158,54,12,193,172,39,107,55,14,13,111,114,119,67,129,15,9,28,105,69,159,164,190,109,155,73,99,106,4,115,152,35,161,102,186,133,76,112,104,74,53,34,108,51,50,198,174,23,20,29,154,60,179,27,43,127,96,171,141,11,57,64,79,177,47,166,83,86,199,81,153,7,24,150,10,185,62,120,144,46,180,191,121];False
3457;6928;10385;[63,180,40,132,130,5,42,22,144,87,192,89,18,181,68,48,146,118,44,140,124,94,75,36,145,196,113,61,45,188,65,82,187,128,134,195,33,183,162,126,143,160,91,6,77,149,189,148,173,103,123,17,84,122,2,97,0,85,19,26,176,116,16,49,170,95,167,93,66,135,74,56,21,92,147,3,32,165,169,142,163,25,70,90,41,88,138,37,156,71,8,184,168,31,72,78,131,110,101,59,80,100,30,52,182,139,125,58,151,175,197,1,117,98,157,136,137,158,54,12,193,172,39,107,55,14,13,111,114,119,67,129,15,9,28,105,69,159,38,190,109,155,73,99,106,4,115,152,35,161,102,186,133,76,112,104,20,53,34,108,51,50,198,174,23,194,29,154,60,179,27,43,127,96,171,141,11,57,64,79,177,47,166,83,86,199,81,153,7,24,150,10,185,62,120,178,46,164,191,121];False
1492;8860;10352;[93,113,61,19,64,101,75,175,145,143,160,105,174,118,48,99,141,86,45,15,173,18,25,115,24,197,26,9,109,20,129,72,147,65,92,106,196,22,38,14,3,2,110,12,165,153,122,127,39,73,87,76,50,51,74,100,30,134,137,111,181,82,23,151,54,158,121,6,49,112,187,142,81,52,108,53,183,83,17,79,185,148,167,189,59,36,46,5,27,133,96,157,138,41,152,56,66,126,198,159,140,182,31,29,154,156,117,71,69,190,43,128,85,164,178,192,40,124,150,139,33,13,172,195,10,78,60,35,88,135,34,194,130,171,116,57,186,98,84,89,162,146,119,28,4,97,131,67,199,62,102,120,1,114,55,155,184,161,80,58,177,169,191,11,104,193,163,170,95,91,90,125,149,32,68,63,37,7,0,94,8,16,136,144,70,168,77,103,21,180,107,188,179,176,42,47,132,166,123,44];False
3451;6928;10379;[16,190,164,196,130,5,42,22,40,87,192,89,18,181,68,48,63,118,44,140,124,94,75,36,145,67,167,61,45,188,65,82,187,128,134,195,33,183,162,126,143,160,91,6,77,149,189,148,173,103,123,17,84,122,2,97,0,85,19,26,176,116,146,49,170,95,113,93,66,135,74,56,21,92,147,3,32,165,169,142,163,25,70,90,41,88,138,37,156,71,8,184,168,31,72,78,131,110,101,59,80,100,30,52,182,139,125,58,151,175,197,1,117,98,157,136,137,158,54,12,193,172,39,107,55,14,13,111,114,119,132,129,15,9,28,105,69,159,38,144,109,155,73,99,106,4,115,152,35,161,102,186,133,76,112,104,20,53,34,108,51,50,198,174,23,194,29,154,60,179,27,43,127,96,171,141,11,57,64,79,177,47,166,83,86,199,81,153,7,24,150,10,185,62,120,178,46,180,191,121];False
1510;8821;10331;[174,113,61,19,64,101,75,175,145,143,160,110,93,118,48,99,141,86,45,15,173,18,25,115,24,197,26,9,7,20,129,72,147,65,92,106,196,22,38,14,3,2,105,12,165,153,122,127,39,73,87,76,50,51,74,100,30,134,137,111,181,82,23,151,54,158,121,6,49,112,187,142,81,52,108,53,183,83,77,79,185,148,167,189,59,36,46,5,27,133,96,157,138,41,152,56,66,126,198,159,140,182,31,29,154,156,117,71,69,190,43,128,85,164,178,192,40,124,150,139,33,13,172,195,10,78,60,35,88,135,34,194,130,171,116,57,186,98,84,89,162,146,119,28,4,97,131,67,199,62,102,120,1,114,55,155,184,161,80,58,177,169,191,11,104,193,163,170,95,91,90,125,149,32,68,63,37,109,0,94,8,16,136,144,70,168,17,103,21,180,107,188,179,176,42,47,132,166,123,44];False
1479;8886;10365;[186,113,61,19,64,101,110,175,145,143,160,105,174,118,48,99,141,86,45,15,173,18,25,115,24,197,26,9,7,20,129,72,147,65,92,106,196,22,38,14,3,2,75,12,165,153,122,127,39,73,87,76,50,51,74,100,30,134,137,187,181,82,23,151,54,158,121,6,49,112,31,142,81,52,108,53,183,83,17,79,185,148,167,189,59,36,46,5,27,133,96,157,138,41,152,56,66,126,198,159,140,182,111,29,154,156,117,71,69,190,43,128,85,164,178,192,40,124,150,139,33,13,172,195,10,78,60,35,88,135,34,194,130,171,116,57,93,98,84,89,162,146,119,28,4,97,131,67,199,62,102,120,1,114,55,155,184,161,80,58,177,169,191,11,104,193,163,170,95,91,90,125,149,32,68,63,37,109,0,94,8,16,136,144,70,168,77,103,21,180,107,188,179,176,42,47,132,166,123,44];True
1463;8909;10372;[130,113,61,19,64,101,100,175,145,143,160,105,174,118,48,99,141,86,45,15,173,18,25,115,24,197,26,9,7,20,129,72,147,65,92,106,196,22,38,34,3,2,75,12,165,153,122,127,39,73,87,76,50,53,93,110,30,134,137,111,181,82,23,151,54,158,121,6,49,112,187,142,81,52,108,74,183,83,17,79,185,148,167,189,59,36,46,5,27,133,96,157,138,41,152,56,66,126,198,159,140,182,51,29,154,156,117,71,69,190,43,128,85,164,178,192,40,124,150,139,33,13,172,195,10,78,60,35,88,135,14,194,31,171,116,57,186,98,84,89,162,146,119,28,4,97,131,67,199,62,102,120,1,114,55,155,184,161,80,58,177,169,191,11,104,193,163,170,95,91,90,125,149,32,68,63,37,109,0,94,8,16,136,144,70,168,77,103,21,180,107,188,179,176,42,47,132,166,123,44];True
1458;8952;10410;[196,113,61,19,49,145,100,0,101,174,160,14,94,118,48,99,141,86,45,15,173,18,25,115,24,197,26,9,7,20,129,72,147,65,92,106,130,22,38,34,3,2,75,12,165,153,122,127,39,73,87,76,50,53,93,110,30,134,137,111,181,82,23,151,54,158,121,6,64,112,187,142,81,52,108,74,183,83,17,79,185,148,167,189,59,36,46,5,27,133,96,157,138,41,152,56,66,126,198,159,140,182,51,29,154,156,117,71,69,190,43,128,85,164,178,192,40,124,150,139,33,13,172,195,10,78,60,35,88,135,105,194,31,171,116,57,186,98,84,89,162,146,119,28,4,97,131,67,199,62,102,120,1,114,55,155,184,161,80,58,177,169,191,11,104,193,163,170,95,91,90,125,149,32,68,63,37,109,175,143,8,16,136,144,70,168,77,103,21,180,107,188,179,176,42,47,132,166,123,44];False
3595;6900;10495;[20,190,188,93,130,5,42,119,57,3,192,89,18,181,68,48,63,118,44,140,124,94,75,36,145,196,113,61,45,138,65,82,187,128,134,195,33,183,162,126,143,160,91,6,77,149,189,166,173,103,168,17,84,122,2,97,0,85,19,26,176,116,142,49,170,95,167,87,66,135,74,56,21,92,147,67,32,165,169,23,163,25,70,90,41,88,164,37,156,71,8,184,123,146,72,78,131,110,101,59,80,100,30,114,182,139,125,58,151,175,197,1,117,98,157,136,137,158,54,12,193,172,39,107,55,14,13,111,52,40,132,129,15,9,28,105,69,159,38,144,109,155,73,99,106,4,115,152,35,161,102,186,133,76,112,104,31,53,34,108,51,50,198,174,16,194,29,154,60,179,27,43,127,96,171,141,11,22,64,79,177,47,148,83,86,199,81,153,7,24,150,10,185,62,120,178,46,180,191,121];False
3669;6894;10563;[20,103,188,87,130,5,42,119,57,3,192,89,18,181,68,48,63,118,44,140,124,94,75,36,145,196,113,61,45,138,123,82,187,128,134,195,33,183,65,126,143,160,91,6,77,149,189,148,173,190,168,17,84,122,2,97,0,85,19,26,176,116,142,49,170,95,167,93,66,135,74,56,21,92,147,67,32,165,169,23,163,25,70,90,41,88,164,37,156,71,8,184,162,109,72,78,131,110,101,59,80,100,30,114,182,139,125,58,151,175,197,1,117,98,157,136,137,158,54,12,193,172,39,107,55,14,13,111,52,40,132,129,15,9,28,105,69,159,38,144,146,155,73,99,106,4,115,152,35,161,102,186,133,76,112,104,31,53,34,108,51,50,198,174,16,194,29,154,60,179,27,43,127,96,171,141,11,22,64,79,177,47,166,83,86,199,81,153,7,24,150,10,185,62,120,178,46,180,191,121];False
1439;9044;10483;[117,112,48,10,92,145,100,129,8,94,196,1,189,72,105,99,141,86,45,15,173,18,187,120,24,197,26,9,7,20,67,118,147,65,37,106,130,22,38,34,3,2,75,12,165,153,122,127,39,73,87,76,50,53,93,110,30,134,137,111,181,82,23,151,54,158,121,6,64,98,25,142,81,52,108,74,183,83,17,79,185,148,167,61,59,36,46,5,27,133,96,157,138,41,152,56,66,126,198,159,174,19,51,29,154,156,160,71,69,190,43,128,85,164,178,192,40,124,150,139,33,13,172,195,182,78,60,35,88,135,140,194,31,171,116,57,186,113,84,89,162,146,119,28,4,97,131,0,199,62,102,115,14,114,55,155,184,161,80,58,177,169,191,11,104,193,163,170,95,91,90,125,149,32,68,63,49,109,175,143,101,16,136,144,70,168,77,103,21,180,107,188,179,176,42,47,132,166,123,44];False
1428;9084;10512;[67,112,48,10,78,145,100,129,8,94,196,1,189,72,105,99,141,17,45,15,173,18,25,120,24,197,26,9,77,20,178,118,147,65,92,106,130,22,38,34,3,2,75,12,165,153,122,127,39,73,87,76,50,53,93,110,30,134,58,86,181,82,23,151,54,158,121,6,117,98,187,142,81,52,108,74,183,83,7,79,185,148,167,61,59,36,46,5,27,133,96,157,138,41,152,56,66,126,198,159,174,19,51,29,154,156,160,71,69,190,43,128,85,164,111,192,40,124,150,139,33,13,172,195,182,37,60,35,88,135,140,194,31,171,116,57,186,113,84,89,162,146,119,28,4,97,131,0,199,62,102,115,14,114,55,155,184,161,80,137,177,169,191,11,104,193,163,170,95,91,90,125,149,32,68,63,49,109,175,143,101,16,136,144,70,168,64,103,21,180,107,188,179,176,42,47,132,166,123,44];False
1424;9112;10536;[41,196,48,10,78,145,100,129,8,94,112,1,189,72,105,99,141,17,45,15,173,18,25,120,24,197,26,9,77,193,67,118,147,65,92,106,130,22,38,34,3,2,75,12,165,153,122,127,39,73,87,76,50,53,93,110,30,134,58,86,181,82,23,151,54,158,121,6,117,98,187,142,81,52,108,74,183,83,7,79,185,148,167,61,59,36,46,5,27,133,96,157,138,178,152,56,66,126,198,159,174,19,51,29,154,156,160,71,69,190,43,128,85,164,111,192,40,124,150,139,33,13,172,195,182,37,60,35,88,135,140,194,31,171,116,57,186,113,84,89,162,146,119,28,4,97,131,0,199,62,102,115,14,114,55,155,184,161,80,137,177,169,191,11,104,20,163,170,95,91,90,125,149,32,68,63,49,109,175,143,101,16,136,144,70,168,64,103,21,180,107,188,179,176,42,47,132,166,123,44];False
3707;6881;10588;[20,190,188,87,130,5,42,119,132,89,115,152,12,181,68,48,63,118,44,140,124,94,75,36,145,196,113,61,45,138,123,82,187,128,134,195,33,183,65,126,143,160,91,6,77,149,189,148,173,116,168,17,84,122,2,97,0,85,19,26,176,3,136,49,170,95,167,93,66,135,74,56,21,92,147,67,32,165,169,23,163,25,70,90,41,88,164,37,156,71,8,184,162,109,72,78,131,110,101,59,80,100,30,114,182,139,125,58,151,175,197,1,117,98,157,142,137,158,54,18,193,172,39,107,55,14,13,111,52,40,57,129,15,9,28,105,69,159,38,144,146,155,73,99,106,4,192,103,35,161,102,186,133,76,112,104,31,53,34,108,51,50,198,174,16,194,29,154,60,179,27,43,127,96,171,141,11,22,64,79,177,47,166,83,86,199,81,153,7,24,150,10,185,62,120,178,46,180,191,121];False
3656;6891;10547;[20,190,188,87,130,5,42,57,119,178,192,103,18,181,68,48,63,118,44,140,124,94,75,36,145,196,113,61,45,138,123,82,187,128,134,195,33,183,65,126,143,160,91,6,77,149,189,148,173,116,168,17,84,122,2,97,0,85,19,26,176,3,136,49,170,95,167,93,66,135,74,56,21,92,147,67,32,165,169,23,163,25,70,90,41,88,164,37,156,71,8,184,162,109,72,78,131,110,101,59,80,100,30,114,182,139,125,58,151,175,197,1,117,98,157,142,137,158,54,12,193,172,39,107,55,14,13,111,52,40,132,129,15,9,28,105,69,159,38,144,146,155,73,99,106,4,115,152,35,161,102,186,133,76,112,104,31,53,34,108,51,50,198,174,16,194,29,154,60,179,27,43,127,96,171,141,11,22,64,79,177,47,166,83,86,199,81,153,7,24,150,10,185,62,120,89,46,180,191,121];False
3763;6868;10631;[20,190,188,87,130,5,42,119,132,142,115,103,18,181,68,48,63,118,44,140,124,94,75,36,145,196,113,61,45,138,123,82,187,128,134,195,33,183,65,126,143,160,91,6,77,149,189,148,173,116,168,17,84,122,2,97,0,85,19,26,176,3,89,49,170,95,167,93,66,135,74,56,21,92,147,67,32,165,169,23,163,25,70,90,41,88,164,37,156,71,8,184,162,109,72,78,131,110,101,59,80,100,30,114,182,139,125,58,151,175,197,1,117,98,157,136,137,158,54,57,193,172,39,107,55,14,13,111,52,40,12,129,15,9,28,105,69,159,38,144,146,155,73,99,106,4,192,152,35,161,102,186,133,76,112,104,31,53,34,108,51,50,198,174,16,194,29,154,60,179,27,43,127,96,171,141,11,22,64,79,177,47,166,83,86,199,81,153,7,24,150,10,185,62,120,178,46,180,191,121];False
3785;6865;10650;[17,74,188,87,130,5,42,119,132,89,115,103,18,181,68,48,63,118,44,140,124,94,75,36,145,196,113,61,45,138,65,82,187,128,134,195,33,183,190,126,143,160,91,6,77,149,189,148,173,116,123,168,84,122,2,97,0,85,19,26,176,3,136,49,170,95,167,93,66,135,20,56,21,92,147,67,32,165,169,23,163,25,70,90,41,88,164,37,156,71,8,184,162,109,72,78,131,110,101,59,80,100,30,114,182,139,125,58,151,175,197,1,117,98,157,142,137,158,54,57,193,172,39,107,55,14,13,111,52,40,12,129,15,9,28,105,69,159,38,144,146,155,73,99,106,4,192,152,35,161,102,186,133,76,112,104,31,53,34,108,51,50,198,174,16,194,29,154,60,179,27,43,127,96,171,141,11,22,64,79,177,47,166,83,86,199,81,153,7,24,150,10,185,62,120,178,46,180,191,121];False
3887;6833;10720;[31,74,188,87,130,5,42,119,132,89,115,152,18,181,68,48,63,118,44,140,124,94,75,36,145,196,113,61,45,138,65,82,187,128,134,195,33,183,190,126,143,160,91,6,77,149,189,148,173,116,123,168,84,122,2,97,0,85,19,26,176,3,136,49,170,95,167,93,66,135,20,56,21,92,147,67,32,165,169,23,163,25,70,90,41,88,164,37,156,71,8,184,162,109,72,78,131,110,101,59,80,100,30,114,182,139,125,58,151,175,197,1,117,98,157,142,137,158,54,57,193,172,39,107,55,14,13,111,52,40,12,129,15,9,28,105,69,159,38,144,146,155,73,99,106,4,192,103,35,161,102,186,133,76,112,104,17,53,34,108,51,50,198,174,16,194,29,154,60,179,27,43,127,96,171,141,11,22,64,79,177,47,166,83,86,199,81,153,7,24,150,10,185,62,120,178,46,180,191,121];False
4307;6792;11099;[50,20,188,87,130,5,42,47,132,89,115,152,18,181,68,48,63,118,44,140,124,94,75,36,145,196,113,61,45,138,65,82,187,128,134,195,33,183,190,126,143,160,91,6,77,149,189,148,173,116,123,17,84,122,2,97,0,85,19,26,176,3,136,49,170,95,167,93,66,135,53,56,21,92,147,67,32,165,169,23,163,25,70,90,41,88,164,37,156,71,8,184,162,109,72,78,131,110,101,59,80,100,30,114,182,139,125,58,151,175,197,1,117,98,157,142,137,158,54,57,193,172,39,107,55,14,13,111,52,40,12,129,15,9,28,105,69,159,38,144,146,155,168,99,106,4,192,103,35,161,102,186,133,76,112,104,31,74,34,108,51,73,198,174,16,194,29,154,60,179,27,43,127,96,171,141,11,22,64,79,177,199,166,83,86,119,81,153,7,24,150,10,185,62,120,178,46,180,191,121];False
3875;6818;10693;[168,20,188,87,130,5,42,47,132,89,115,152,18,181,68,48,63,118,44,140,124,94,75,36,145,196,113,61,45,138,65,82,187,128,134,195,33,183,162,126,143,160,91,6,77,149,189,148,173,116,123,17,84,122,2,97,0,85,19,26,176,3,136,49,170,95,167,93,66,135,53,56,21,92,147,67,32,165,169,23,163,25,70,90,41,88,164,37,156,71,8,184,190,109,72,78,131,110,101,59,80,100,30,114,182,139,125,58,151,175,197,1,117,98,157,142,137,158,54,57,193,172,39,107,55,14,13,111,52,40,12,129,15,9,28,105,69,159,38,144,146,155,73,99,106,4,192,103,35,161,102,186,133,76,112,104,31,74,34,108,51,50,198,174,16,194,29,154,60,179,27,43,127,96,171,141,11,22,64,79,177,199,166,83,86,119,81,153,7,24,150,10,185,62,120,178,46,180,191,121];True
3962;6812;10774;[20,188,168,87,130,5,42,47,132,89,115,152,18,181,68,48,63,118,44,140,124,94,75,36,145,196,113,61,45,138,65,82,187,128,134,195,33,183,162,126,143,160,91,6,77,149,189,148,173,116,123,17,84,122,2,97,0,85,19,26,176,3,136,49,170,95,167,93,66,135,53,56,21,92,147,67,32,165,169,23,163,25,70,90,41,88,164,37,156,71,8,184,190,109,72,78,131,110,101,59,80,100,30,114,182,139,125,58,151,175,197,1,117,98,157,142,137,158,54,57,193,172,39,107,55,14,13,111,52,40,12,129,15,9,28,105,69,159,38,144,146,155,73,99,106,4,192,103,35,161,102,186,133,76,112,104,31,74,34,108,51,50,198,174,16,194,29,154,60,179,27,43,127,96,171,141,11,22,64,79,177,199,166,83,86,119,81,153,7,24,150,10,185,62,120,178,46,180,191,121];True
4463;6776;11239;[198,19,33,115,130,5,42,47,26,125,75,152,186,7,15,51,106,20,44,140,124,168,164,190,174,196,113,61,45,138,123,82,187,128,134,195,145,94,118,126,143,160,91,6,77,149,189,148,173,116,65,4,84,122,2,97,0,85,18,132,176,3,136,49,170,95,167,93,66,135,48,50,21,92,147,67,32,165,169,23,163,25,70,90,41,88,146,37,156,71,8,184,162,109,72,78,131,110,101,59,80,100,30,114,182,139,36,58,151,175,197,1,117,98,157,142,137,158,54,57,193,172,39,107,55,14,13,111,52,40,87,181,68,9,28,105,69,159,38,144,56,63,73,99,155,178,192,103,35,161,102,12,133,76,112,104,31,183,34,108,188,74,53,17,16,194,29,154,60,179,27,43,127,96,171,141,11,22,64,79,177,199,166,83,86,119,81,153,129,24,150,10,185,62,120,89,46,180,191,121];False
4467;6775;11242;[198,29,125,6,130,5,42,47,26,161,115,152,186,7,15,51,106,20,44,140,124,168,164,190,174,196,113,61,45,138,123,82,187,128,134,195,33,94,118,126,143,160,91,75,77,149,189,148,173,116,65,4,84,122,2,97,0,85,18,132,176,3,136,49,170,95,167,93,66,135,48,50,21,92,147,67,32,165,169,23,163,25,70,90,41,88,146,37,156,71,8,184,162,109,72,78,131,110,101,59,80,100,30,114,182,139,36,58,151,175,197,1,117,98,157,142,137,158,54,57,193,172,39,107,55,14,13,111,52,40,87,181,68,9,28,105,69,159,38,144,56,63,73,99,155,178,192,103,35,145,102,12,133,76,112,104,31,183,34,108,188,74,53,17,16,194,19,154,60,179,27,43,127,96,171,141,11,22,64,79,177,199,166,83,86,119,81,153,129,24,150,10,185,62,120,89,46,180,191,121];False
4839;6738;11577;[198,174,125,6,130,5,171,120,26,145,115,152,186,7,15,51,106,20,44,140,124,168,164,190,19,196,113,61,45,138,123,82,187,128,134,195,33,94,118,126,143,160,91,75,77,149,189,148,173,116,65,4,84,122,2,97,0,85,18,132,176,3,136,49,170,95,167,93,66,135,48,50,21,92,147,67,32,165,169,23,163,25,70,90,41,88,146,37,156,71,8,184,162,109,72,78,131,110,101,59,80,100,30,114,182,139,36,58,151,175,197,1,117,98,157,142,137,158,54,57,193,172,39,107,55,14,13,111,52,40,87,181,68,9,28,105,69,159,38,144,56,63,73,99,155,178,192,103,35,161,102,12,133,76,112,104,31,183,34,108,188,74,53,17,16,194,29,154,60,179,27,43,127,96,42,141,11,22,64,79,177,199,166,83,86,119,81,153,129,24,150,10,185,62,47,89,46,180,191,121];False
4424;6784;11208;[198,174,19,132,130,5,42,47,26,145,115,152,186,7,15,51,106,20,44,140,124,168,164,190,125,196,113,61,45,138,123,82,187,128,134,195,33,94,118,126,143,160,91,6,77,149,189,148,173,116,65,4,84,122,2,97,0,85,18,75,176,3,136,49,170,95,167,93,66,135,48,50,21,92,147,67,32,165,169,23,163,25,70,90,41,88,146,37,156,71,8,184,162,109,72,78,131,110,101,59,80,100,30,114,182,139,36,58,151,175,197,1,117,98,157,142,137,158,54,57,193,172,39,107,55,14,13,111,52,40,87,181,68,9,28,105,69,159,38,144,56,63,73,99,155,178,192,103,35,161,102,12,133,76,112,104,31,183,34,108,188,74,53,17,16,194,29,154,60,179,27,43,127,96,171,141,11,22,64,79,177,199,166,83,86,119,81,153,129,24,150,10,185,62,120,89,46,180,191,121];False
4792;6745;11537;[198,29,147,78,130,5,42,47,26,145,115,152,186,7,15,51,106,20,44,140,124,168,164,190,174,196,113,61,45,138,123,82,187,128,134,195,33,94,118,126,143,160,91,75,77,149,189,148,173,116,65,4,84,122,2,97,0,85,18,132,176,3,136,49,170,95,167,93,66,135,48,50,21,92,90,67,32,165,169,23,163,25,70,125,6,88,146,37,156,71,8,184,162,109,72,41,131,110,101,59,80,100,30,114,182,139,36,58,151,175,197,1,117,98,157,142,137,158,54,57,193,172,39,107,55,14,13,111,52,40,87,181,68,9,28,105,69,159,38,144,56,63,73,99,155,178,192,103,35,161,102,12,133,76,112,104,31,183,34,108,188,74,53,17,16,194,19,154,60,179,27,43,127,96,171,141,11,22,64,79,177,199,166,83,86,119,81,153,129,24,150,10,185,62,120,89,46,180,191,121];False
5065;6724;11789;[198,174,147,196,130,5,42,47,26,89,115,152,186,7,15,48,106,20,190,183,124,168,164,45,19,41,113,61,145,138,123,82,187,128,134,195,33,94,118,126,143,160,91,75,77,149,189,148,173,116,65,4,84,122,2,97,0,85,18,132,176,3,136,49,170,95,167,93,66,135,51,50,21,92,90,67,32,165,169,23,163,25,29,125,6,88,70,37,156,71,8,184,162,109,72,78,131,110,101,59,80,100,30,114,182,139,36,58,151,175,197,1,117,98,157,142,137,158,54,57,193,172,39,107,55,14,13,111,52,40,87,181,68,9,28,105,69,159,38,144,56,63,140,99,73,74,192,103,35,161,102,12,133,76,112,104,31,53,146,108,188,44,155,17,16,194,34,154,60,179,27,43,127,96,171,141,11,22,64,79,177,199,166,83,86,119,81,153,129,24,150,10,185,62,120,178,46,180,191,121];False
5003;6732;11735;[198,174,125,196,130,5,42,47,26,89,115,152,12,7,88,48,106,20,190,183,124,168,164,45,19,41,113,61,145,138,123,82,187,128,134,195,33,94,118,126,143,160,91,75,77,149,189,148,173,116,65,4,84,122,2,97,0,85,18,132,176,3,136,49,170,95,167,93,66,135,51,50,21,92,90,67,32,165,169,23,163,25,29,147,6,15,70,37,156,71,8,184,162,109,72,78,131,110,101,59,80,100,30,114,182,139,36,58,151,175,197,1,117,98,157,142,137,158,54,57,193,172,39,107,55,14,13,111,52,40,87,181,68,9,28,105,69,159,38,144,56,63,140,99,73,74,192,103,35,161,102,186,133,76,112,104,31,53,146,108,188,44,155,17,16,194,34,154,60,179,27,43,127,96,171,141,11,22,64,79,177,199,166,83,86,119,81,153,129,24,150,10,185,62,120,178,46,180,191,121];False
5273;6718;11991;[198,174,125,196,130,5,179,47,26,89,115,152,12,7,88,123,106,20,190,183,124,168,164,45,19,41,113,61,145,138,48,82,187,128,134,195,33,94,118,126,143,160,91,23,77,149,189,148,173,116,65,4,84,122,2,97,0,85,18,132,176,3,136,49,170,95,167,93,66,135,51,50,21,92,90,67,32,165,169,75,163,25,146,147,6,15,70,37,156,71,8,184,162,109,72,78,131,110,101,59,80,100,30,114,182,139,36,58,151,175,197,1,117,98,157,142,137,158,54,57,193,172,39,107,55,14,13,111,52,40,87,181,68,9,28,105,69,159,38,144,56,63,140,99,73,74,192,103,35,161,102,186,133,76,112,104,31,53,29,108,188,44,155,17,16,194,34,154,60,42,27,43,127,96,171,141,11,22,64,79,177,199,166,83,86,119,81,153,129,24,150,10,185,62,120,178,46,180,191,121];False
5967;6699;12666;[56,140,90,86,54,120,89,46,152,18,185,175,12,7,85,15,135,198,19,33,183,17,154,38,178,13,197,123,29,71,44,91,52,2,83,59,93,138,124,94,118,48,34,69,149,163,186,148,173,116,65,192,10,95,61,97,0,77,57,26,145,3,136,49,170,103,105,74,20,156,106,194,51,50,82,67,32,165,169,23,75,36,98,25,1,88,70,37,21,92,8,184,190,109,72,78,111,128,171,110,80,100,30,114,182,139,125,187,158,62,189,130,5,122,157,84,131,79,42,27,193,172,39,107,55,14,147,196,167,40,87,181,68,9,28,162,108,102,132,144,146,63,73,99,16,159,164,41,35,161,191,174,101,134,112,104,31,53,180,4,188,168,155,126,143,142,115,127,60,179,47,43,133,76,151,141,11,58,64,96,177,199,166,22,195,119,81,153,129,24,150,6,137,117,113,66,176,160,45,121];False
5826;6707;12533;[73,146,91,86,54,120,89,46,152,18,185,175,12,7,85,15,135,198,19,33,183,17,154,38,178,13,197,123,29,71,44,90,52,2,83,59,93,138,124,94,118,48,34,69,149,163,186,148,173,116,65,192,10,95,61,97,0,77,57,26,145,3,136,49,170,103,105,74,20,156,31,194,51,50,82,67,32,165,169,23,75,36,98,25,1,88,70,37,21,92,8,184,190,109,72,78,111,128,171,110,80,100,30,114,182,139,125,187,158,62,189,130,5,122,157,84,131,79,42,27,193,172,39,107,55,14,147,196,167,40,87,181,68,9,28,162,108,102,132,144,56,63,140,99,16,159,164,41,35,161,191,174,101,134,112,104,106,53,180,4,188,168,155,126,143,142,115,127,60,179,47,43,133,76,151,141,11,58,64,96,177,199,166,22,195,119,81,153,129,24,150,6,137,117,113,66,176,160,45,121];False
6140;6689;12829;[73,146,41,49,54,120,89,160,152,18,185,175,12,7,85,15,135,198,19,33,183,17,154,38,178,13,197,123,29,71,44,91,52,2,83,59,93,138,124,94,118,48,34,90,149,163,186,148,173,116,65,192,10,95,61,97,0,77,57,26,145,3,136,137,170,103,105,74,20,156,31,194,51,50,82,67,32,165,169,23,75,36,98,25,1,88,70,37,21,92,8,184,190,109,72,78,111,128,171,110,80,100,30,114,182,139,125,187,158,62,189,130,5,122,157,84,131,79,42,27,193,172,39,107,55,14,147,196,167,40,87,181,68,9,28,162,108,102,132,144,56,63,140,99,16,159,164,69,35,161,191,174,101,134,112,104,106,53,180,4,188,168,155,126,143,142,115,127,60,179,47,43,133,76,151,141,11,58,64,96,177,199,166,22,195,119,81,153,129,24,150,6,86,117,113,66,176,46,45,121];False
6383;6683;13066;[50,198,84,137,54,120,89,46,152,18,185,175,12,7,85,15,135,16,19,33,183,17,154,38,178,13,197,123,29,71,44,91,52,2,83,59,93,138,124,94,118,48,92,90,149,163,186,148,173,116,65,192,10,95,61,97,0,77,57,26,145,3,136,49,170,103,105,74,20,156,31,194,51,73,82,67,32,165,169,23,75,36,98,25,1,88,70,37,21,146,8,184,190,109,72,78,111,128,171,110,80,100,30,114,182,139,125,187,158,62,189,130,5,122,157,41,131,79,42,27,193,172,39,107,55,14,147,196,167,40,87,181,68,9,28,162,108,102,132,144,56,63,140,99,34,159,164,69,35,161,191,174,101,134,112,104,106,53,180,4,188,168,155,126,143,142,115,127,60,179,47,43,133,76,151,141,11,58,64,96,177,199,166,22,195,119,81,153,129,24,150,6,86,117,113,66,176,160,45,121];False
6968;6665;13633;[198,174,67,80,58,158,141,11,132,89,137,133,12,185,54,52,189,28,38,14,72,118,10,36,184,66,46,44,91,190,109,56,73,74,143,23,69,159,15,135,37,8,71,48,92,90,131,59,93,3,169,142,191,61,145,94,13,86,7,77,176,35,97,128,57,2,167,107,123,50,146,51,20,17,82,78,170,18,75,161,115,25,105,4,6,88,70,108,21,106,154,122,197,162,125,163,171,110,129,24,130,127,30,114,182,139,178,136,101,175,85,1,117,120,157,173,186,79,42,27,193,172,39,32,55,155,33,192,165,40,87,181,68,9,103,140,147,196,95,144,156,180,188,65,53,183,164,41,149,152,102,62,98,134,112,104,99,63,31,34,138,168,29,126,16,194,19,49,60,179,5,43,187,76,151,148,83,111,64,96,177,199,166,22,195,119,81,153,47,26,150,84,100,0,113,116,124,160,45,121];False
6909;6668;13577;[198,174,67,83,86,128,141,177,132,89,137,133,12,185,54,52,189,28,38,14,72,118,10,36,184,66,46,44,23,190,109,56,73,74,143,91,69,159,15,135,37,8,71,48,92,90,131,59,93,3,169,142,191,61,145,94,13,111,7,77,176,35,97,171,57,2,167,107,123,50,146,51,20,17,82,78,170,18,75,161,115,25,105,4,6,88,70,108,21,106,154,122,197,162,125,163,158,110,129,24,130,127,30,114,182,139,178,136,101,175,85,1,117,120,157,173,186,79,42,27,193,172,39,32,55,155,33,192,165,40,87,181,68,9,103,140,147,196,95,144,156,180,188,65,53,183,164,41,149,152,102,62,98,134,112,104,99,63,31,34,138,168,29,126,16,194,19,49,60,179,5,43,187,76,151,148,80,58,64,96,11,199,166,22,195,119,81,153,47,26,150,84,100,0,113,116,124,160,45,121];False
6832;6682;13514;[198,174,67,83,111,171,141,177,132,89,137,133,12,185,54,52,189,28,38,14,178,118,10,36,184,66,46,124,91,190,109,56,73,74,143,23,69,159,15,135,37,8,71,48,92,90,131,59,93,3,169,142,191,61,145,94,13,86,7,77,176,35,97,128,57,2,167,107,123,50,146,51,20,17,82,78,170,18,75,161,115,25,105,4,6,88,70,108,21,106,154,122,197,162,125,163,158,110,129,24,130,127,30,114,182,139,72,136,101,175,85,1,117,120,157,173,186,79,42,27,193,172,39,32,55,155,33,192,165,40,87,181,68,9,103,140,147,196,95,144,156,180,188,65,53,183,164,41,149,152,102,62,98,134,112,104,99,63,31,34,138,168,29,126,16,194,19,49,60,179,5,43,187,76,151,148,80,58,64,96,11,199,166,22,195,119,81,153,47,26,150,84,100,0,113,116,44,160,45,121];False
6908;6670;13578;[34,84,67,83,86,128,141,98,132,89,137,133,5,185,54,52,189,28,38,14,72,118,10,36,184,66,46,44,23,190,109,56,73,74,143,91,69,159,15,135,37,8,71,48,92,90,131,59,93,3,169,142,191,61,145,94,13,111,7,77,176,35,97,171,57,2,167,107,123,50,146,51,20,17,82,78,170,18,75,161,115,25,105,4,6,88,70,108,21,106,154,122,197,162,125,163,158,110,129,24,130,127,30,114,182,139,178,136,101,175,85,1,117,120,157,173,186,79,42,27,193,172,39,32,55,155,33,192,165,40,87,181,68,9,103,140,147,196,95,144,156,180,188,65,53,183,164,41,149,152,102,62,11,134,112,104,99,63,31,198,138,168,29,126,16,194,19,49,60,179,12,43,187,76,151,148,80,58,64,96,177,199,166,22,195,119,81,153,47,26,150,174,100,0,113,116,124,160,45,121];False
6884;6672;13556;[198,174,196,83,86,128,141,98,132,89,137,133,12,185,54,52,189,95,38,14,72,118,10,36,184,66,46,44,23,190,109,56,73,74,143,91,69,159,15,135,37,8,71,48,92,90,131,59,93,3,169,142,191,61,145,94,13,111,7,77,176,35,97,171,57,2,167,107,123,50,146,51,20,17,82,78,170,18,75,161,115,25,105,4,6,88,70,108,21,106,154,122,197,162,125,163,158,110,129,24,130,127,30,114,182,139,178,136,101,175,85,1,117,120,157,173,186,79,42,27,193,172,39,32,55,155,33,192,165,40,87,181,68,9,103,140,147,67,28,144,156,180,188,65,53,183,164,41,149,152,102,62,11,134,112,104,99,63,31,34,138,168,29,126,16,194,19,49,60,179,5,43,187,76,151,148,80,58,64,96,177,199,166,22,195,119,81,153,47,26,150,84,100,0,113,116,124,160,45,121];False
7035;6654;13689;[198,84,67,83,86,128,141,119,132,89,137,133,12,185,54,52,189,28,38,14,72,118,10,36,184,66,46,44,23,190,109,56,73,74,143,91,69,159,15,135,37,8,71,48,92,90,131,59,93,3,169,142,191,61,145,94,13,111,7,77,176,35,97,171,57,2,167,107,123,50,146,51,20,17,82,78,170,18,75,161,115,25,105,4,6,88,70,108,21,106,154,122,197,162,125,163,158,110,129,24,130,127,30,114,182,139,178,136,101,175,85,1,117,120,157,173,186,79,42,27,193,172,39,32,55,155,33,192,165,40,87,181,68,9,103,140,147,196,95,144,156,180,188,65,53,183,164,41,149,152,102,62,11,134,112,104,99,63,31,34,138,168,29,126,16,194,19,49,60,179,5,43,187,76,151,148,80,58,64,96,177,199,166,22,195,98,81,153,47,26,150,174,100,0,113,116,124,160,45,121];False
7040;6651;13691;[198,174,67,83,86,128,141,119,132,89,137,133,12,185,54,52,189,28,38,14,72,118,10,36,184,66,46,44,23,190,109,56,73,74,143,91,69,159,15,135,37,8,71,48,92,90,131,59,93,3,169,142,191,61,145,94,13,111,7,77,176,35,97,171,57,2,167,107,123,50,146,51,20,17,82,78,170,18,75,161,115,25,105,4,6,88,70,108,21,106,154,122,197,162,125,163,158,110,129,24,130,127,30,114,182,139,178,136,101,175,85,1,117,120,157,173,186,79,42,27,193,172,39,32,55,155,33,192,165,40,87,181,68,9,103,140,147,196,95,144,156,180,188,65,53,183,164,41,149,152,102,62,11,134,112,104,99,63,31,34,138,168,29,126,16,194,19,49,60,179,5,43,187,76,151,148,80,58,64,96,177,199,166,22,195,98,81,153,47,26,150,84,100,0,113,116,124,160,45,121];False
7195;6641;13836;[34,84,67,83,86,128,141,98,89,75,137,133,12,185,54,52,189,28,38,14,72,118,10,36,184,66,46,44,23,190,109,56,73,74,143,91,69,159,15,135,37,8,71,48,92,90,131,59,93,3,169,142,191,61,145,94,13,111,7,77,176,35,97,171,57,2,167,107,123,50,146,51,20,17,82,78,170,18,132,161,115,25,105,4,6,88,70,108,21,106,154,122,197,162,125,163,158,110,129,24,130,127,30,114,182,139,178,136,101,175,85,1,117,120,157,173,186,79,42,27,193,172,39,32,55,155,33,192,165,40,87,181,68,9,103,140,147,196,95,144,156,180,188,65,53,183,164,41,149,152,102,62,11,134,112,104,99,63,31,198,138,168,29,126,16,194,19,49,60,179,5,43,187,76,151,148,80,58,64,96,177,199,166,22,195,119,81,153,47,26,150,174,100,0,113,116,124,160,45,121];False
7128;6648;13776;[198,174,91,83,86,128,141,11,89,75,137,133,12,185,54,52,189,28,38,14,72,118,10,36,184,66,46,44,23,190,109,56,73,74,143,196,69,159,15,135,37,8,71,48,92,90,131,59,93,3,169,142,191,61,145,94,13,111,7,77,176,35,97,171,57,2,167,107,123,50,146,51,20,17,82,78,170,18,132,161,115,25,105,4,6,88,70,108,21,106,154,122,197,162,125,163,158,110,129,24,130,127,30,114,182,139,178,136,101,175,85,1,117,120,157,173,186,79,42,27,193,172,39,32,55,155,33,192,165,40,87,181,68,9,103,140,147,67,95,144,156,180,188,65,53,183,164,41,149,152,102,62,98,134,112,104,99,63,31,34,138,168,29,126,16,194,19,49,60,179,5,43,187,76,151,148,80,58,64,96,177,199,166,22,195,119,81,153,47,26,150,84,100,0,113,116,124,160,45,121];False
7138;6639;13777;[198,174,67,83,86,128,141,11,89,75,137,133,12,185,54,52,189,28,38,14,72,118,10,36,184,66,46,44,23,190,109,56,73,74,143,91,69,159,15,135,37,8,71,48,92,90,131,59,93,3,169,142,191,61,145,94,13,111,7,77,176,35,97,171,57,2,167,107,123,50,146,51,20,17,82,78,170,18,132,161,115,25,105,4,6,88,70,108,21,106,154,122,197,162,125,163,158,110,129,24,130,127,30,114,182,139,178,136,101,175,85,1,117,120,157,173,186,79,42,27,193,172,39,32,55,155,33,192,165,40,87,181,68,9,103,140,147,196,95,144,156,180,188,65,53,183,164,41,149,152,102,62,98,134,112,104,99,63,31,34,138,168,29,126,16,194,19,49,60,179,5,43,187,76,151,148,80,58,64,96,177,199,166,22,195,119,81,153,47,26,150,84,100,0,113,116,124,160,45,121];False
7913;6631;14544;[50,146,118,136,149,83,59,57,132,75,163,133,12,185,111,26,169,115,89,3,161,159,15,135,53,174,46,44,23,190,109,10,184,51,198,91,69,28,8,37,94,194,188,48,92,90,131,148,93,14,178,191,66,61,145,84,13,151,7,38,176,35,97,128,52,2,167,107,123,63,29,65,140,17,82,18,0,77,196,170,129,25,105,4,6,88,70,108,21,106,154,122,197,24,72,78,86,110,171,189,49,127,30,114,182,139,180,137,158,175,85,1,117,120,157,173,186,79,42,27,193,172,39,32,55,125,33,192,165,40,87,181,68,9,103,162,147,67,95,144,156,155,31,143,160,183,164,41,152,130,102,62,5,134,112,104,99,73,74,20,138,168,34,126,16,71,19,98,60,179,47,43,187,76,101,141,11,58,64,96,177,199,166,22,195,119,81,153,80,36,150,56,100,54,113,116,124,142,45,121];False
8046;6611;14657;[50,74,125,49,101,171,141,98,3,161,137,133,12,185,54,57,169,75,36,23,136,66,15,135,194,115,46,44,191,190,109,10,184,162,143,91,69,28,8,118,34,159,188,48,92,90,131,59,93,14,178,142,163,61,145,94,13,86,7,38,176,35,97,128,52,2,167,107,123,73,146,51,198,17,82,67,170,18,132,89,77,25,105,4,6,88,70,108,21,106,154,122,197,24,72,78,158,110,129,189,130,127,30,114,182,139,29,84,111,175,85,1,117,120,157,173,186,79,42,27,193,172,39,32,55,155,33,192,165,40,87,181,68,9,103,140,147,196,95,144,156,180,37,65,53,183,164,41,149,152,102,62,5,134,112,104,99,63,31,20,138,168,56,126,16,71,19,83,60,179,47,43,187,76,151,148,80,58,64,96,177,199,166,22,195,119,81,153,11,26,150,174,100,0,113,116,124,160,45,121];False
7942;6625;14567;[198,174,118,56,149,83,59,57,132,75,163,133,12,185,111,36,169,115,89,3,161,159,15,135,53,29,46,44,23,190,109,10,184,51,50,91,69,28,8,37,94,194,188,48,92,90,131,148,93,14,178,191,66,61,145,84,13,151,7,38,176,35,97,128,52,2,167,107,123,146,140,65,155,17,82,18,0,77,196,170,129,25,105,4,6,88,70,108,21,106,154,122,197,24,72,78,86,110,171,189,49,127,30,114,182,139,180,137,158,175,85,1,117,120,157,173,186,79,42,27,193,172,39,32,55,125,33,192,165,40,87,181,68,9,103,162,147,67,95,144,156,63,31,143,160,183,164,41,152,130,102,62,5,134,112,104,99,73,74,20,138,168,34,126,16,71,19,98,60,179,47,43,187,76,101,141,11,58,64,96,177,199,166,22,195,119,81,153,80,26,150,136,100,54,113,116,124,142,45,121];False
8031;6608;14639;[50,34,118,136,149,83,59,57,132,75,163,133,12,185,111,36,169,115,89,3,161,159,15,135,53,29,46,44,23,190,109,10,184,51,174,91,69,28,8,37,94,198,188,48,92,90,131,148,93,14,178,191,66,61,145,84,13,151,7,38,176,35,97,128,52,2,167,107,123,146,155,65,194,17,82,18,0,77,196,170,129,25,105,4,6,88,70,108,21,106,154,122,197,24,72,78,86,110,171,189,49,127,30,114,182,139,180,137,158,175,85,1,117,120,157,173,186,79,42,27,193,172,39,32,55,125,33,192,165,40,87,181,68,9,103,162,147,67,95,144,156,63,31,143,160,183,164,41,152,130,102,62,5,134,112,104,99,73,74,20,138,168,140,126,16,71,19,98,60,179,47,43,187,76,101,141,11,58,64,96,177,199,166,22,195,119,81,153,80,26,150,56,100,54,113,116,124,142,45,121];False
8268;6602;14870;[73,174,46,136,149,83,59,57,132,75,163,133,12,185,111,95,169,84,89,3,161,159,15,135,53,180,118,44,23,190,109,10,184,51,34,91,69,28,8,37,94,198,188,48,92,90,131,148,93,14,178,191,66,61,145,115,13,151,7,38,176,35,97,128,52,2,167,107,123,50,155,65,194,17,82,18,0,77,196,170,129,25,105,4,6,88,70,108,21,106,154,122,197,24,72,78,86,110,171,189,49,127,30,114,182,139,29,137,158,175,85,1,117,120,157,173,186,79,42,27,193,172,39,32,55,125,33,192,165,40,87,181,68,9,103,162,147,67,36,144,156,146,31,143,160,183,164,41,152,130,102,62,5,134,112,104,99,63,74,20,138,168,140,126,16,71,19,98,60,179,47,43,187,76,101,141,11,58,64,96,177,199,166,22,195,119,81,153,80,26,150,56,100,54,113,116,124,142,45,121];False
8204;6602;14806;[73,174,3,136,149,83,59,57,132,75,163,133,12,185,111,36,169,115,89,46,161,159,15,135,53,180,118,44,23,190,109,10,184,51,34,91,69,28,8,37,94,198,188,48,92,90,131,148,93,14,178,191,66,61,145,84,13,151,7,38,176,35,97,128,52,2,167,107,123,50,155,65,194,17,82,18,0,77,196,170,129,25,105,4,6,88,70,108,21,106,154,122,197,24,72,78,86,110,171,189,49,127,30,114,182,139,29,137,158,175,85,1,117,120,157,173,186,79,42,27,193,172,39,32,55,125,33,192,165,40,87,181,68,9,103,162,147,67,95,144,156,146,31,143,160,183,164,41,152,130,102,62,5,134,112,104,99,63,74,20,138,168,140,126,16,71,19,98,60,179,47,43,187,76,101,141,11,58,64,96,177,199,166,22,195,119,81,153,80,26,150,56,100,54,113,116,124,142,45,121];False
8255;6601;14856;[50,174,3,136,149,83,59,57,132,75,163,133,12,185,111,36,169,115,89,46,161,159,15,135,53,180,118,44,23,190,109,10,184,51,34,91,69,28,8,37,94,198,188,48,92,90,131,148,93,14,178,191,66,61,145,84,13,151,7,38,176,35,97,128,52,2,167,107,123,73,155,65,194,17,82,18,0,77,196,170,129,25,105,4,6,88,70,108,21,106,154,122,197,24,72,78,86,110,171,189,49,127,30,114,182,139,29,137,158,175,85,1,117,120,157,173,186,79,42,27,193,172,39,32,55,125,33,192,165,40,87,181,68,9,103,162,147,67,95,144,156,146,31,143,160,183,164,41,152,130,102,62,5,134,112,104,99,63,74,20,138,168,140,126,16,71,19,98,60,179,47,43,187,76,101,141,11,58,64,96,177,199,166,22,195,119,81,153,80,26,150,56,100,54,113,116,124,142,45,121];False
8607;6577;15184;[50,194,142,136,149,83,59,57,132,75,163,133,12,185,111,26,169,84,89,3,161,159,15,135,34,115,46,44,37,190,109,10,184,51,174,91,69,28,8,118,180,53,188,48,92,90,131,148,93,14,178,23,66,61,145,94,13,151,7,38,176,35,97,128,52,2,167,107,123,73,155,65,198,17,82,18,0,77,196,170,129,25,105,4,6,88,70,108,21,106,154,122,197,24,72,78,86,110,171,189,49,127,30,114,182,139,29,137,158,175,85,1,117,120,157,173,186,79,42,27,193,172,39,32,55,125,33,192,165,40,87,181,68,9,103,162,147,67,95,144,156,146,31,143,191,183,164,41,152,130,102,62,5,134,112,104,99,63,74,20,138,168,140,126,16,71,19,98,60,179,47,43,187,76,101,141,11,58,64,96,177,199,166,22,195,119,81,153,80,36,150,56,100,54,113,116,124,160,45,121];False
8631;6574;15205;[73,174,67,95,149,83,59,57,132,75,163,133,12,185,111,36,169,84,89,3,161,159,15,135,194,115,46,44,37,190,109,10,184,51,34,91,69,28,8,118,180,53,188,48,92,90,131,148,93,14,178,142,66,61,145,94,13,151,7,38,176,35,97,128,52,2,167,107,123,50,155,65,198,17,82,18,0,77,196,170,129,25,105,4,6,88,70,108,21,106,154,122,197,24,72,78,86,110,171,189,49,127,30,114,182,139,29,137,158,175,85,1,117,120,157,173,186,79,42,27,193,172,39,32,55,125,33,192,165,40,87,181,68,9,103,162,147,23,136,144,156,146,31,143,191,183,164,41,152,130,102,62,5,134,112,104,99,63,74,20,138,168,140,126,16,71,19,98,60,179,47,43,187,76,101,141,11,58,64,96,177,199,166,22,195,119,81,153,80,26,150,56,100,54,113,116,124,160,45,121];False
8718;6567;15285;[73,174,23,136,149,83,59,11,132,75,163,133,12,185,111,36,169,84,89,3,161,159,15,135,194,115,46,44,37,109,190,10,184,51,34,91,69,28,8,118,180,53,188,48,92,90,131,148,93,14,178,142,66,61,145,94,13,151,7,38,176,35,97,128,52,2,167,107,123,50,155,65,198,17,82,18,0,77,196,170,129,25,105,4,6,88,70,108,21,106,154,122,197,24,72,78,86,110,171,189,49,127,30,114,182,139,29,137,158,175,85,1,117,120,157,173,186,79,42,27,193,172,39,32,55,125,33,192,165,40,87,181,68,9,103,162,147,67,95,144,156,146,31,143,191,183,164,41,152,130,102,62,5,134,112,104,99,63,74,20,138,168,140,126,16,71,19,98,60,179,47,43,187,76,101,141,80,58,64,96,177,199,166,22,195,119,81,153,57,26,150,56,100,54,113,116,124,160,45,121];False
8764;6562;15326;[73,174,23,136,149,83,59,81,132,75,163,133,12,185,111,26,169,84,89,3,161,159,15,135,194,115,46,44,37,190,109,10,184,51,34,91,69,28,8,118,180,53,188,48,92,90,131,148,93,14,178,142,66,61,145,94,13,151,7,38,176,35,97,128,52,2,167,107,123,50,155,65,198,17,82,18,0,77,196,170,129,25,105,4,6,88,70,108,21,106,154,122,197,24,72,78,86,110,171,189,49,127,30,114,182,139,29,137,158,175,85,1,117,120,157,173,186,79,42,27,193,172,39,32,55,125,33,192,165,40,87,181,68,9,103,162,147,67,95,144,156,146,31,143,191,183,164,41,152,130,102,62,5,134,112,104,99,63,74,20,138,168,140,126,16,71,19,98,60,179,47,43,187,76,101,141,11,58,64,96,177,199,166,22,195,119,57,153,80,36,150,56,100,54,113,116,124,160,45,121];False
9060;6550;15610;[73,174,67,36,149,83,59,57,132,152,163,133,12,185,86,80,193,84,89,3,161,159,15,135,194,115,46,44,37,190,109,10,184,51,34,91,69,28,8,118,180,53,188,48,92,90,131,148,93,14,178,142,66,61,145,94,13,151,7,38,176,35,97,128,52,2,167,107,123,50,155,65,198,17,82,18,0,95,196,170,77,25,105,4,6,88,70,108,21,106,154,122,197,24,72,78,111,110,171,189,49,127,30,114,182,139,29,137,158,175,85,1,117,120,157,173,186,79,42,27,169,172,39,32,55,125,33,192,165,40,87,181,68,9,103,162,147,23,136,144,156,146,31,143,191,183,164,41,75,130,102,62,5,134,112,104,99,63,74,20,138,168,140,126,16,71,19,98,60,179,47,43,187,76,101,141,11,58,64,96,177,199,166,22,195,119,81,153,129,26,150,56,100,54,113,116,124,160,45,121];False
9083;6547;15630;[73,174,67,36,149,83,59,57,132,75,163,86,12,185,133,11,169,84,89,3,161,159,15,135,194,115,46,44,37,190,109,10,184,51,34,91,69,28,8,118,180,53,188,48,92,90,131,148,93,14,178,142,66,61,145,94,13,151,7,38,176,35,97,128,52,2,167,107,123,50,155,65,198,17,82,18,0,95,196,170,77,25,105,4,6,88,70,108,21,106,154,122,197,24,72,78,111,110,171,189,49,127,30,114,182,139,29,137,158,175,85,1,117,120,157,173,186,79,42,27,193,172,39,32,55,125,33,192,165,40,87,181,68,9,103,162,147,23,136,144,156,146,31,143,191,183,164,41,152,130,102,62,5,134,112,104,99,63,74,20,138,168,140,126,16,71,19,98,60,179,47,43,187,76,101,141,80,58,64,96,177,199,166,22,195,119,81,153,129,26,150,56,100,54,113,116,124,160,45,121];False
9138;6543;15681;[73,174,67,36,149,11,59,98,3,161,163,86,12,185,54,57,169,6,89,23,136,160,15,135,194,115,46,44,37,190,109,10,184,51,34,91,69,28,8,118,180,159,188,48,92,90,131,148,93,14,178,142,191,61,145,94,13,101,7,38,176,35,97,128,52,2,167,107,123,50,155,65,198,17,82,49,133,18,132,170,77,25,105,4,84,88,70,108,21,106,154,122,197,24,72,78,111,110,171,189,130,127,30,114,182,139,29,137,158,175,85,1,117,120,157,173,186,79,42,27,193,172,39,32,55,125,33,192,165,40,87,181,68,9,103,162,147,196,95,144,156,146,31,143,53,183,164,41,75,152,102,62,5,134,112,104,99,63,74,20,138,168,140,126,16,71,19,83,60,179,47,43,187,76,151,141,80,58,64,96,177,199,166,22,195,119,81,153,129,26,150,56,100,0,113,116,124,66,45,121];False
9114;6546;15660;[73,174,67,36,149,80,59,57,132,75,163,86,151,185,133,98,169,84,89,3,161,159,15,135,194,115,46,44,37,190,109,10,184,51,34,91,69,28,8,118,180,53,188,48,92,90,131,148,93,14,178,142,66,61,145,94,13,12,7,38,176,35,97,128,52,2,167,107,123,50,155,65,198,17,82,18,0,95,196,170,77,25,105,4,6,88,70,108,21,106,154,122,197,24,72,78,111,110,171,189,49,127,30,114,182,139,29,137,158,175,85,1,117,120,157,173,186,79,42,27,193,172,39,32,55,125,33,192,165,40,87,181,68,9,103,162,147,23,136,144,156,146,31,143,191,183,164,41,152,130,102,62,5,134,112,104,99,63,74,20,138,168,140,126,16,71,19,83,60,179,47,43,187,76,101,141,11,58,64,96,177,199,166,22,195,119,81,153,129,26,150,56,100,54,113,116,124,160,45,121];False
9281;6536;15817;[73,174,67,36,149,11,59,57,132,75,137,86,151,185,133,98,193,84,89,3,161,159,15,135,194,115,46,44,37,190,109,10,184,51,34,91,69,28,8,118,180,53,188,48,92,90,131,148,93,14,178,142,66,61,145,94,13,12,7,38,176,35,97,128,52,2,167,107,123,50,155,65,198,17,82,18,0,95,196,170,77,25,105,4,6,88,70,108,21,106,154,122,197,24,72,78,111,110,171,189,49,127,30,114,182,139,29,163,158,175,85,1,117,120,157,173,186,79,42,27,169,172,39,32,55,125,33,192,165,40,87,181,68,9,103,162,147,23,136,144,156,146,31,143,191,183,164,41,152,130,102,62,5,134,112,104,99,63,74,20,138,168,140,126,16,71,19,83,60,179,47,43,187,76,101,141,80,58,64,96,177,199,166,22,195,119,81,153,129,26,150,56,100,54,113,116,124,160,45,121];True
9229;6541;15770;[73,174,67,36,149,80,59,57,132,75,163,86,151,185,133,98,169,6,89,3,161,28,15,135,194,115,46,44,37,190,109,10,184,51,34,91,69,159,8,118,180,53,188,48,92,90,131,148,93,14,178,142,66,61,145,94,13,12,7,38,176,35,97,128,52,2,167,107,123,50,155,65,198,17,82,18,0,95,196,170,77,25,105,4,84,88,70,108,21,106,154,122,197,24,72,78,111,110,171,189,49,127,30,114,182,139,29,137,158,175,85,1,117,120,157,173,186,79,42,27,193,172,39,32,55,125,33,192,165,40,87,181,68,9,103,162,147,23,136,144,156,146,31,143,191,183,164,41,152,130,102,62,5,134,112,104,99,63,74,20,138,168,140,126,16,71,19,83,60,179,47,43,187,76,101,141,11,58,64,96,177,199,166,22,195,119,81,153,129,26,150,56,100,54,113,116,124,160,45,121];False
9493;6529;16022;[50,174,23,136,149,11,59,57,132,75,163,86,151,185,133,98,169,6,89,3,161,159,15,135,194,115,46,44,37,190,109,10,184,51,34,91,69,28,8,118,180,53,188,48,92,90,131,148,93,14,178,142,66,61,145,94,13,12,7,38,176,35,97,128,52,2,167,107,123,73,155,65,198,17,82,18,0,36,196,170,77,25,105,4,84,88,70,108,21,106,154,122,197,24,72,78,111,110,171,189,49,127,30,114,182,139,29,137,158,175,85,1,117,120,157,173,186,79,42,27,193,172,39,32,55,125,33,192,165,40,87,181,68,9,103,162,147,67,95,144,156,146,31,143,191,183,164,41,152,130,102,62,5,134,112,104,99,63,74,20,138,168,140,126,16,71,19,83,60,179,47,43,187,76,101,141,80,58,64,96,177,199,166,22,195,119,81,153,129,26,150,56,100,54,113,116,124,160,45,121];False
9976;6525;16501;[73,174,23,136,149,163,59,57,132,152,18,86,12,185,0,98,169,6,89,3,161,159,15,135,194,115,46,44,37,190,109,10,184,48,34,91,69,28,8,118,180,191,188,51,92,90,131,148,93,14,178,142,66,61,145,94,13,101,7,38,176,35,97,128,52,2,167,107,123,50,155,65,198,17,82,49,133,36,196,170,77,25,105,4,84,88,70,108,21,106,154,122,197,24,72,78,111,110,171,189,80,127,30,114,182,139,29,137,158,175,85,1,117,120,157,173,186,79,42,27,193,172,39,32,55,125,33,192,165,40,87,181,68,9,103,162,147,67,95,144,156,146,31,143,53,183,164,41,75,130,102,62,5,134,112,104,99,63,74,20,138,168,140,126,16,71,19,83,60,179,47,43,187,76,151,141,11,58,64,96,177,199,166,22,195,119,81,153,129,26,150,56,100,54,113,116,124,160,45,121];False
9901;6525;16426;[50,174,23,136,149,36,59,57,132,152,163,86,12,185,0,98,169,6,89,3,161,159,15,135,194,115,46,44,37,190,109,10,184,48,34,91,69,28,8,118,180,191,188,51,92,90,131,148,93,14,178,142,66,61,145,94,13,101,7,38,176,35,97,128,52,2,167,107,123,73,155,65,198,17,82,49,133,18,196,170,77,25,105,4,84,88,70,108,21,106,154,122,197,24,72,78,111,110,171,189,80,127,30,114,182,139,29,137,158,175,85,1,117,120,157,173,186,79,42,27,193,172,39,32,55,125,33,192,165,40,87,181,68,9,103,162,147,67,95,144,156,146,31,143,53,183,164,41,75,130,102,62,5,134,112,104,99,63,74,20,138,168,140,126,16,71,19,83,60,179,47,43,187,76,151,141,11,58,64,96,177,199,166,22,195,119,81,153,129,26,150,56,100,54,113,116,124,160,45,121];False
1999;7311;9310;[180,123,129,162,22,87,121,178,111,132,130,84,77,112,93,147,66,157,103,105,74,188,144,31,142,117,167,61,45,138,41,49,78,128,42,57,197,146,190,126,143,160,91,1,33,124,44,196,36,46,140,92,82,23,189,81,0,85,19,26,176,193,109,20,170,95,38,139,9,4,70,194,34,198,174,184,35,67,32,72,163,25,51,8,16,125,11,113,156,71,165,65,37,94,173,18,131,110,101,59,80,100,30,134,148,195,97,58,175,151,7,191,181,68,118,6,137,158,54,52,119,187,39,107,55,14,13,172,12,89,75,149,15,135,53,183,69,159,164,90,28,155,73,99,106,136,115,152,2,161,102,86,133,76,122,116,104,17,145,56,21,108,192,40,169,182,29,154,60,177,27,43,127,96,171,141,98,114,64,79,179,47,88,5,186,199,83,153,166,24,150,10,185,62,120,3,168,50,48,63];True
2075;7232;9307;[50,190,121,178,9,143,149,19,172,12,130,84,77,112,93,147,66,157,103,105,74,188,144,31,142,117,167,61,45,138,41,49,78,128,42,57,197,146,162,126,118,160,91,1,33,124,180,196,36,46,140,92,82,23,189,81,0,85,22,26,176,193,109,20,170,95,38,139,65,4,70,194,34,198,174,184,35,67,32,72,163,25,51,8,16,125,11,113,156,71,165,87,37,94,173,18,131,110,101,59,80,100,30,134,148,195,97,58,175,151,7,191,181,68,123,6,137,158,54,52,119,187,39,107,55,14,13,111,132,89,75,129,15,135,53,183,69,159,164,90,28,155,73,99,106,136,115,152,2,161,102,86,133,76,122,116,104,17,145,56,21,108,192,40,169,182,29,154,60,177,27,43,127,96,171,141,98,114,64,79,179,47,88,5,186,199,83,153,166,24,150,10,185,62,120,3,168,44,48,63];True
2047;7255;9302;[50,143,129,162,22,87,121,178,111,132,130,84,77,112,93,147,66,157,103,105,74,188,144,31,142,117,167,61,45,138,41,49,78,128,42,57,197,9,190,126,118,160,91,1,33,124,180,196,36,46,140,92,82,23,189,81,0,85,19,26,176,193,109,20,170,95,38,139,146,4,70,194,34,198,174,184,35,67,32,72,163,25,51,8,16,125,11,113,156,71,165,65,37,94,173,18,131,110,101,59,80,100,30,134,148,195,97,58,175,151,7,191,181,68,123,6,137,158,54,52,119,187,39,107,55,14,13,172,12,89,75,149,15,135,53,183,69,159,164,90,28,155,73,99,106,136,115,152,2,161,102,86,133,76,122,116,104,17,145,56,21,108,192,40,169,182,29,154,60,177,27,43,127,96,171,141,98,114,64,79,179,47,88,5,186,199,83,153,166,24,150,10,185,62,120,3,168,44,48,63];True
1959;7375;9334;[50,172,12,22,26,178,147,3,2,130,84,117,77,112,109,24,66,157,103,105,74,188,144,118,10,0,167,61,45,138,41,49,78,128,42,57,37,121,162,126,143,160,91,1,33,124,94,196,36,182,140,92,82,23,189,81,87,85,104,46,146,193,9,93,170,95,38,139,19,20,51,149,34,194,180,123,176,67,32,72,163,25,70,65,16,190,11,113,156,71,165,184,31,8,173,18,131,110,101,59,80,100,30,134,148,195,97,137,175,151,7,191,181,68,198,142,58,158,54,52,119,187,39,107,55,14,13,111,132,89,75,4,15,135,53,183,69,159,164,90,28,155,73,99,106,136,115,152,35,161,102,86,133,76,122,116,44,125,145,56,21,108,192,40,169,129,29,154,60,177,27,43,127,96,171,141,98,114,64,79,179,47,88,5,186,199,83,153,166,174,150,6,185,62,120,197,168,17,48,63];False
1898;7481;9379;[74,172,12,22,26,178,147,3,2,130,132,117,77,112,106,24,66,157,103,105,90,188,93,118,10,0,167,61,45,138,41,49,78,128,42,57,37,121,162,126,143,160,91,1,33,124,94,196,36,182,140,92,82,23,189,81,87,85,104,46,146,193,136,144,170,95,38,139,19,20,51,149,34,194,180,123,176,67,32,72,163,25,70,65,16,190,11,113,156,71,165,184,31,8,173,18,131,110,101,59,80,100,30,134,148,195,97,137,175,151,7,191,181,68,198,142,58,158,54,52,119,187,39,107,55,14,13,111,84,89,75,4,15,135,53,183,69,159,164,9,28,155,73,99,109,50,115,152,35,161,102,86,133,76,122,116,44,125,145,56,21,108,192,40,169,129,29,154,60,177,27,43,127,96,171,141,98,114,64,79,179,47,88,5,186,199,83,153,166,174,150,6,185,62,120,197,168,17,48,63];False
2154;7196;9350;[50,190,121,162,147,9,149,19,172,12,130,84,77,112,93,109,66,157,103,105,74,188,144,31,142,117,167,61,45,138,41,49,78,128,42,57,197,146,118,126,143,160,91,1,33,124,180,196,36,46,140,92,82,23,189,81,0,85,22,26,176,193,20,178,170,95,38,139,65,4,70,194,34,198,174,184,35,67,32,72,163,25,51,8,16,125,11,113,156,71,165,87,37,94,173,18,131,110,101,59,80,100,30,134,148,195,97,58,175,151,7,191,181,68,123,6,137,158,54,52,119,187,39,107,55,14,13,111,132,89,75,129,15,135,53,183,69,159,164,90,28,155,73,99,106,136,115,152,2,161,102,86,133,76,122,116,104,17,145,56,21,108,192,40,169,182,29,154,60,177,27,43,127,96,171,141,98,114,64,79,179,47,88,5,186,199,83,153,166,24,150,10,185,62,120,3,168,44,48,63];False
1952;7411;9363;[90,172,12,22,26,178,147,3,2,130,84,117,77,112,106,29,66,157,103,105,74,136,144,118,10,0,167,61,45,138,41,49,78,128,42,57,37,121,162,126,143,160,91,1,33,124,94,196,36,182,140,92,82,23,189,81,87,85,104,46,146,193,188,93,170,95,38,139,19,20,51,149,34,194,180,123,176,67,32,72,163,25,70,65,16,190,11,113,156,71,165,184,31,8,173,18,131,110,101,59,80,100,30,134,148,195,97,137,175,151,7,191,181,68,198,142,58,158,54,52,119,187,39,107,55,14,13,111,132,89,75,4,15,135,53,183,69,159,164,9,28,155,73,99,109,50,115,152,35,161,102,86,133,76,122,116,44,125,145,56,21,108,192,40,169,129,24,154,60,177,27,43,127,96,171,141,98,114,64,79,179,47,88,5,186,199,83,153,166,174,150,6,185,62,120,197,168,17,48,63];False
2139;7197;9336;[50,4,121,178,9,147,149,19,172,12,130,84,77,112,93,162,66,157,103,105,74,188,144,31,142,117,167,61,45,138,41,49,78,128,42,57,197,146,118,126,143,160,91,1,33,124,180,196,36,46,140,92,82,23,189,81,0,85,22,26,176,193,109,190,170,95,38,139,65,20,70,194,34,198,174,184,35,67,32,72,163,25,51,8,16,125,11,113,156,71,165,87,37,94,173,18,131,110,101,59,80,100,30,134,148,195,97,58,175,151,7,191,181,68,123,6,137,158,54,52,119,187,39,107,55,14,13,111,132,89,75,129,15,135,53,183,69,159,164,90,28,155,73,99,106,136,115,152,2,161,102,86,133,76,122,116,104,17,145,56,21,108,192,40,169,182,29,154,60,177,27,43,127,96,171,141,98,114,64,79,179,47,88,5,186,199,83,153,166,24,150,10,185,62,120,3,168,44,48,63];False
2186;7178;9364;[50,4,121,162,147,9,149,19,172,12,130,84,77,112,93,184,66,157,103,105,74,188,144,31,142,117,167,61,45,138,41,49,78,128,42,57,197,146,118,126,143,160,91,1,33,124,180,196,36,46,140,92,82,23,189,81,0,85,22,26,176,193,109,190,170,95,38,139,65,20,70,194,34,198,174,178,35,67,32,72,163,25,51,8,16,125,11,113,156,71,165,87,37,94,173,18,131,110,101,59,80,100,30,134,148,195,97,58,175,151,7,191,181,68,123,6,137,158,54,52,119,187,39,107,55,14,13,111,132,89,75,129,15,135,53,183,69,159,164,90,28,155,73,99,106,136,115,152,2,161,102,86,133,76,122,116,104,17,145,56,21,108,192,40,169,182,29,154,60,177,27,43,127,96,171,141,98,114,64,79,179,47,88,5,186,199,83,153,166,24,150,10,185,62,120,3,168,44,48,63];False
2285;7151;9436;[50,174,180,178,9,37,94,118,172,12,130,117,77,112,93,184,66,157,103,105,74,188,144,31,142,2,167,61,45,138,41,49,78,128,42,57,3,121,162,126,143,160,91,1,33,124,147,196,36,46,140,92,82,23,189,81,0,85,22,26,176,193,109,190,170,95,38,139,65,20,51,149,34,198,146,4,84,67,32,72,163,25,70,19,16,125,11,113,156,71,165,87,194,8,173,18,131,110,101,59,80,100,30,134,148,195,97,58,175,151,7,191,181,68,123,6,137,158,54,52,119,187,39,107,55,14,13,111,132,89,75,129,15,135,53,183,69,159,164,90,28,155,73,99,106,136,115,152,35,161,102,86,133,76,122,116,104,17,145,56,21,108,192,40,169,182,29,154,60,177,27,43,127,96,171,141,98,114,64,79,179,47,88,5,186,199,83,153,166,24,150,10,185,62,120,197,168,44,48,63];False
1876;7546;9422;[104,172,12,22,26,93,147,3,2,130,84,117,77,112,193,24,66,157,103,105,74,188,144,118,10,110,167,61,45,138,41,44,78,128,42,57,37,121,162,126,143,160,91,1,33,124,94,196,36,46,140,92,82,23,189,81,87,106,136,116,146,85,9,178,170,95,38,139,19,20,51,149,34,194,180,123,176,67,32,72,163,25,70,65,16,190,11,113,156,71,165,184,31,8,173,18,131,0,101,59,80,100,30,134,148,195,97,137,175,151,7,191,181,68,198,142,58,158,54,52,119,187,39,107,55,14,13,111,132,89,75,4,15,135,53,183,69,159,164,90,28,155,73,99,109,50,115,152,35,161,102,86,133,76,122,49,182,125,145,56,21,108,192,40,169,129,29,154,60,177,27,43,127,96,171,141,98,114,64,79,179,47,88,5,186,199,83,153,166,174,150,6,185,62,120,197,168,17,48,63];False
1838;7597;9435;[118,172,12,22,26,178,120,3,2,130,84,117,77,112,31,29,66,157,103,105,74,188,144,9,147,0,101,61,45,138,167,180,78,128,42,57,37,121,162,126,143,160,91,1,33,124,94,196,36,182,140,92,82,23,189,81,87,85,104,20,146,193,109,93,170,95,38,139,19,194,51,149,34,127,175,123,49,67,32,72,137,25,70,65,16,190,11,113,156,71,165,184,125,8,173,18,131,110,41,59,80,100,30,134,148,195,97,58,6,151,7,191,181,68,198,142,163,158,54,52,119,187,39,107,55,14,13,197,132,89,75,4,15,135,53,183,69,159,164,90,28,155,73,99,106,136,115,152,35,161,102,86,133,76,122,116,176,46,145,56,21,108,192,40,169,129,24,154,60,177,27,43,111,96,171,141,98,114,64,79,179,47,88,5,186,199,83,153,166,174,150,10,185,62,44,50,168,17,48,63];False
1770;7693;9463;[180,172,12,22,26,178,120,3,2,130,84,117,77,112,31,29,66,157,103,105,74,188,144,78,147,0,101,61,45,138,126,143,34,128,42,57,37,121,162,146,118,160,91,1,33,124,94,196,52,182,140,92,82,23,189,81,87,85,104,20,167,193,109,93,170,95,38,139,19,194,51,149,9,127,175,123,176,67,32,72,137,25,70,65,16,190,11,113,156,71,165,184,125,8,173,18,131,110,41,59,80,100,30,134,148,195,97,58,6,43,7,191,181,68,198,142,163,158,54,36,119,187,39,107,55,14,13,197,132,89,75,4,15,135,53,183,69,159,164,90,28,155,73,99,106,136,115,152,35,161,102,86,133,76,122,116,49,46,145,56,21,108,192,40,169,129,24,154,60,177,27,151,111,96,171,141,98,114,64,79,179,47,88,5,186,199,83,153,166,174,150,10,185,62,44,50,168,17,48,63];False
1876;7531;9407;[104,172,12,22,81,93,147,3,2,130,84,117,77,112,193,24,66,157,103,105,74,188,144,118,10,0,167,61,45,138,41,88,78,128,42,57,37,121,162,126,143,160,91,1,33,124,94,196,36,46,140,92,82,23,189,49,87,106,136,26,146,85,9,178,170,95,38,139,19,20,51,149,34,194,180,123,176,67,32,72,163,25,70,65,16,190,11,113,156,71,165,184,31,8,173,18,131,110,101,59,80,100,30,134,148,195,97,137,175,151,7,191,181,68,198,142,58,158,54,52,29,187,39,107,55,14,13,111,132,89,75,4,15,135,53,183,69,159,164,90,28,155,73,99,109,50,115,152,35,161,102,86,133,76,122,116,44,125,145,56,21,108,192,40,169,129,119,154,60,177,27,43,127,96,171,141,98,114,64,79,179,47,182,5,186,199,83,153,166,174,150,6,185,62,120,197,168,17,48,63];False
1798;7646;9444;[9,172,12,22,26,178,120,3,2,130,84,117,77,112,31,29,66,157,103,105,74,188,144,118,147,0,101,61,45,138,126,180,78,128,42,57,37,121,162,146,143,160,91,1,33,124,94,196,36,182,140,92,82,23,189,81,87,85,104,20,167,193,109,93,170,95,38,139,19,194,51,149,34,127,175,123,176,67,32,72,137,25,70,65,16,190,11,113,156,71,165,184,125,8,173,18,131,110,41,59,80,100,30,134,148,195,97,58,6,43,7,191,181,68,198,142,163,158,54,52,119,187,39,107,55,14,13,197,132,89,75,4,15,135,53,183,69,159,164,90,28,155,73,99,106,136,115,152,35,161,102,86,133,76,122,116,49,46,145,56,21,108,192,40,169,129,24,154,60,177,27,151,111,96,171,141,98,114,64,79,179,47,88,5,186,199,83,153,166,174,150,10,185,62,44,50,168,17,48,63];False
1813;7618;9431;[180,172,12,22,26,178,120,3,2,130,84,117,77,112,31,29,66,157,103,105,74,188,144,9,147,0,101,61,45,55,126,143,78,128,42,57,37,121,162,146,118,160,91,1,33,124,94,196,36,182,140,92,82,23,189,81,87,85,104,20,167,193,109,93,170,95,38,139,19,194,51,149,34,127,175,123,176,67,32,72,137,25,70,65,16,190,11,113,156,71,165,184,125,8,173,18,131,110,41,59,80,100,30,134,148,195,97,58,6,43,7,191,181,68,198,142,163,158,54,52,119,187,39,107,138,14,13,197,132,89,75,4,15,135,53,183,69,159,164,90,28,155,73,99,106,136,115,152,35,161,102,86,133,76,122,116,49,46,145,56,21,108,192,40,169,129,24,154,60,177,27,151,111,96,171,141,98,114,64,79,179,47,88,5,186,199,83,153,166,174,150,10,185,62,44,50,168,17,48,63];False
1713;7769;9482;[180,172,12,22,26,176,120,3,2,130,84,117,77,112,31,29,66,157,103,105,74,188,93,90,100,0,101,61,45,138,126,185,78,128,42,57,37,121,162,146,118,10,91,1,33,124,94,196,52,182,140,92,82,23,189,81,87,85,104,20,167,193,164,67,62,95,38,139,19,194,51,149,34,127,175,123,136,144,32,72,137,25,170,65,16,190,11,113,156,71,165,184,125,8,173,18,131,110,41,59,80,147,30,134,148,195,97,58,6,43,7,191,181,68,198,142,163,158,54,36,119,187,39,107,55,14,13,197,132,89,75,4,15,135,53,183,69,159,9,151,28,155,73,99,106,70,115,152,35,161,102,86,133,76,122,116,49,46,145,56,21,108,192,40,169,129,24,154,60,177,27,178,111,96,171,141,98,114,64,79,179,47,88,5,186,199,83,153,166,174,150,160,143,109,44,50,168,17,48,63];False
1705;7778;9483;[180,172,12,22,26,176,120,3,2,130,84,117,77,112,31,29,66,157,103,44,74,188,93,164,100,0,101,61,45,55,126,185,78,128,42,57,37,121,162,146,118,10,91,1,33,124,94,196,36,182,140,92,82,23,189,81,87,85,104,20,167,193,136,144,62,95,38,139,19,194,51,149,34,127,175,123,90,67,32,72,137,25,170,65,16,190,11,113,156,71,165,184,125,8,173,18,131,110,41,59,80,147,30,134,148,195,97,58,6,43,7,191,181,68,198,142,163,158,54,52,119,187,39,107,138,14,13,197,132,89,75,4,15,135,53,183,69,159,9,105,28,155,73,99,106,70,115,152,35,161,102,86,133,76,122,116,49,46,145,56,21,108,192,40,169,129,24,154,60,177,27,151,111,96,171,141,98,114,64,79,179,47,88,5,186,199,83,153,166,174,150,160,143,109,178,50,168,17,48,63];False
1617;7930;9547;[180,172,12,22,26,178,120,3,2,130,106,117,77,112,31,29,66,157,103,182,45,188,93,90,100,0,101,61,74,138,126,185,78,128,42,57,37,121,162,146,118,10,91,1,33,124,94,196,36,44,140,92,82,23,189,81,87,85,104,20,167,193,164,144,181,95,38,139,19,194,51,149,34,127,175,123,136,67,32,72,137,25,170,65,16,190,11,113,156,71,165,184,125,8,173,18,131,110,41,59,80,147,30,134,148,195,97,58,6,43,7,191,62,68,198,142,163,158,54,52,119,187,39,107,55,14,13,197,132,89,75,4,15,135,53,183,69,159,9,105,28,155,73,99,84,70,115,152,35,161,102,86,133,76,122,116,49,46,145,56,21,108,192,40,169,129,24,154,60,177,27,151,111,96,171,141,98,114,64,79,179,47,88,5,186,199,83,153,166,174,150,160,143,109,176,50,168,17,48,63];False
1652;7844;9496;[180,172,12,22,26,178,120,3,2,130,84,117,77,112,31,29,66,157,103,44,74,188,93,90,100,0,101,61,45,138,126,185,78,128,42,57,37,121,162,146,118,10,91,1,33,124,94,196,52,182,140,92,82,23,189,81,87,85,104,20,167,193,164,144,62,95,38,139,19,194,51,149,34,127,175,123,136,67,32,72,137,25,170,65,16,190,11,113,156,71,165,184,125,8,173,18,131,110,41,59,80,147,30,134,148,195,97,58,6,43,7,191,181,68,198,142,163,158,54,36,119,187,39,107,55,14,13,197,132,89,75,4,15,135,53,183,69,159,9,105,28,155,73,99,106,70,115,152,35,161,102,86,133,76,122,116,49,46,145,56,21,108,192,40,169,129,24,154,60,177,27,151,111,96,171,141,98,114,64,79,179,47,88,5,186,199,83,153,166,174,150,160,143,109,176,50,168,17,48,63];True
2411;7119;9530;[50,21,180,178,9,37,147,4,172,12,130,117,77,112,93,46,66,157,103,105,74,188,144,31,149,2,167,61,45,138,41,49,78,128,42,57,3,121,162,126,143,160,91,1,33,124,94,196,36,184,140,92,82,23,189,81,0,85,22,26,176,193,109,190,170,95,38,139,65,20,51,142,34,198,174,118,84,67,32,72,163,25,70,19,16,125,11,113,156,71,165,87,194,8,173,18,131,110,101,59,80,100,30,134,148,195,97,58,175,151,7,191,181,68,123,6,137,158,54,52,119,187,39,107,55,14,13,111,132,89,75,129,15,135,53,183,69,159,164,90,28,155,73,99,106,136,115,152,35,161,102,86,133,76,122,116,104,17,145,56,146,108,192,40,169,182,29,154,60,177,27,43,127,96,171,141,98,114,64,79,179,47,88,5,186,199,83,153,166,24,150,10,185,62,120,197,168,44,48,63];False
2404;7117;9521;[50,146,180,178,9,37,94,4,172,12,130,117,77,112,93,184,66,157,103,105,74,188,144,31,149,2,167,61,45,138,41,49,78,128,42,57,3,121,162,126,143,160,91,1,33,124,147,196,36,46,140,92,82,23,189,81,0,85,22,26,176,193,109,190,170,95,38,139,65,20,51,142,34,198,174,118,84,67,32,72,163,25,70,19,16,125,11,113,156,71,165,87,194,8,173,18,131,110,101,59,80,100,30,134,148,195,97,58,175,151,7,191,181,68,123,6,137,158,54,52,119,187,39,107,55,14,13,111,132,89,75,129,15,135,53,183,69,159,164,90,28,155,73,99,106,136,115,152,35,161,102,86,133,76,122,116,104,17,145,56,21,108,192,40,169,182,29,154,60,177,27,43,127,96,171,141,98,114,64,79,179,47,88,5,186,199,83,153,166,24,150,10,185,62,120,197,168,44,48,63];False
1602;7945;9547;[180,172,12,22,26,178,120,3,2,130,106,117,77,112,31,29,66,157,103,44,74,188,93,90,100,0,101,61,45,55,126,185,78,128,42,57,37,121,162,146,118,10,91,1,33,124,94,196,52,182,140,92,82,23,189,81,87,85,104,20,167,193,164,144,181,95,38,139,19,194,51,149,34,127,175,123,136,67,32,72,137,25,170,65,16,190,11,113,156,71,165,184,125,8,173,18,131,110,41,59,80,147,30,134,148,195,97,58,6,43,7,191,62,68,198,142,163,158,54,36,119,187,39,107,138,14,13,197,132,89,75,4,15,135,53,183,69,159,9,105,28,155,73,99,84,70,115,152,35,161,102,86,133,76,122,116,49,46,145,56,21,108,192,40,169,129,24,154,60,177,27,151,111,96,171,141,98,114,64,79,179,47,88,5,186,199,83,153,166,174,150,160,143,109,176,50,168,17,48,63];True
1591;7999;9590;[198,155,29,154,141,119,187,7,130,107,105,146,118,178,192,183,104,50,53,162,173,18,57,120,24,197,15,135,34,159,82,134,121,10,123,90,41,22,38,14,168,17,94,60,49,153,185,127,39,148,69,28,129,8,93,46,55,165,42,166,59,36,23,12,54,151,175,83,117,98,78,171,81,52,150,140,92,100,58,79,177,95,167,61,181,65,76,5,27,133,96,157,138,45,188,87,66,126,124,86,112,40,51,106,143,160,80,71,9,190,43,128,85,164,111,195,25,37,145,139,33,13,137,158,182,109,21,73,6,56,63,31,142,115,152,102,186,113,196,89,26,176,72,74,4,97,131,0,199,62,1,189,108,84,99,174,184,161,156,147,3,169,191,11,194,180,163,170,103,91,35,125,149,32,44,114,68,116,20,67,193,16,136,144,70,19,64,101,122,172,77,2,110,30,179,47,132,75,88,48];True
2461;7106;9567;[50,146,180,37,109,44,82,4,172,12,130,117,77,112,93,46,66,157,103,105,74,188,144,31,142,2,167,61,45,138,41,49,78,128,42,57,3,121,162,126,143,160,91,1,33,124,94,196,36,184,140,92,147,23,189,81,0,85,22,26,176,193,16,178,170,95,38,139,65,20,51,149,34,198,174,118,84,67,32,72,163,25,70,19,9,190,11,113,156,71,165,87,194,8,173,18,131,110,101,59,80,100,30,134,148,195,97,58,175,151,7,191,181,68,123,6,137,158,54,52,119,187,39,107,55,14,13,111,132,89,75,129,15,135,53,183,69,159,164,90,28,155,73,99,106,136,115,152,35,161,102,86,133,76,122,116,104,125,145,56,21,108,192,40,169,182,29,154,60,177,27,43,127,96,171,141,98,114,64,79,179,47,88,5,186,199,83,153,166,24,150,10,185,62,120,197,168,17,48,63];False
2494;7095;9589;[174,184,123,190,109,31,6,193,172,195,130,22,12,112,93,118,66,157,103,105,20,188,87,37,147,149,167,61,45,138,41,49,78,128,42,57,3,121,162,126,143,160,91,1,33,124,94,196,36,44,140,92,82,23,189,81,0,85,19,26,176,46,9,178,170,95,38,139,144,63,51,50,34,194,180,4,84,67,32,72,163,25,70,65,16,117,77,113,156,71,165,2,74,8,173,18,131,110,101,59,80,100,30,134,148,11,97,58,175,151,7,191,181,68,198,142,137,158,54,52,119,187,39,107,55,14,13,111,132,89,75,129,15,135,53,183,69,159,164,90,28,155,73,99,106,136,115,152,35,161,102,86,133,76,122,116,104,125,145,56,21,108,192,40,169,182,29,154,60,177,27,43,127,96,171,141,98,114,64,79,179,47,88,5,186,199,83,153,166,24,150,10,185,62,120,197,168,17,48,146];False
2459;7105;9564;[50,146,180,37,109,44,82,4,172,12,130,117,77,112,93,118,66,157,103,105,74,188,144,31,6,2,167,61,45,138,41,49,78,128,42,57,3,121,162,126,143,160,91,1,33,124,94,196,36,46,140,92,147,23,189,81,0,85,22,26,176,193,16,178,170,95,38,139,65,20,51,149,34,198,174,184,84,67,32,72,163,25,70,19,9,190,11,113,156,71,165,87,194,8,173,18,131,110,101,59,80,100,30,134,148,195,97,58,175,151,7,191,181,68,123,142,137,158,54,52,119,187,39,107,55,14,13,111,132,89,75,129,15,135,53,183,69,159,164,90,28,155,73,99,106,136,115,152,35,161,102,86,133,76,122,116,104,125,145,56,21,108,192,40,169,182,29,154,60,177,27,43,127,96,171,141,98,114,64,79,179,47,88,5,186,199,83,153,166,24,150,10,185,62,120,197,168,17,48,63];False
2495;7093;9588;[174,123,146,190,109,31,6,193,172,12,130,19,81,112,93,118,66,157,103,105,74,188,87,37,147,149,167,61,45,138,41,49,78,128,42,57,3,121,162,126,143,160,91,1,33,124,94,196,36,44,140,92,82,23,189,195,0,85,22,26,176,46,9,144,170,95,38,139,178,20,51,50,34,194,180,4,84,67,32,72,163,25,70,65,16,117,77,113,156,71,165,2,184,8,173,18,131,110,101,59,80,100,30,134,148,11,97,58,175,151,7,191,181,68,198,142,137,158,54,52,119,187,39,107,55,14,13,111,132,89,75,129,15,135,53,183,69,159,164,90,28,155,73,99,106,136,115,152,35,161,102,86,133,76,122,116,104,125,145,56,21,108,192,40,169,182,29,154,60,177,27,43,127,96,171,141,98,114,64,79,179,47,88,5,186,199,83,153,166,24,150,10,185,62,120,197,168,17,48,63];False
2702;7021;9723;[34,118,146,190,109,147,6,193,172,12,130,22,195,112,93,144,66,157,103,105,74,188,87,37,174,149,167,61,45,138,41,49,78,128,42,57,3,121,162,126,143,160,91,1,33,124,94,196,36,44,140,92,82,23,189,81,0,85,19,26,176,46,9,178,170,95,38,139,123,20,51,50,31,194,180,4,84,67,32,72,163,25,70,65,16,117,77,113,156,71,165,2,184,8,173,18,131,110,101,59,80,100,30,134,148,11,97,58,175,151,7,191,181,68,198,142,137,158,54,52,119,187,39,107,55,14,13,111,132,89,75,129,15,135,53,183,69,159,164,90,28,155,73,99,106,136,115,152,35,161,102,86,133,76,122,116,104,125,145,56,21,108,192,40,169,182,29,154,60,177,27,43,127,96,171,141,98,114,64,79,179,47,88,5,186,199,83,153,166,24,150,10,185,62,120,197,168,17,48,63];False
2767;7004;9771;[34,103,105,190,109,147,6,193,172,12,130,22,195,112,93,118,66,157,20,123,74,188,87,37,174,149,167,61,45,138,41,49,78,128,42,57,3,121,162,126,143,160,91,1,33,124,94,196,36,44,140,92,82,23,189,81,0,85,19,26,176,46,9,178,170,95,38,139,144,146,51,50,31,194,180,4,84,67,32,72,163,25,70,65,16,117,77,113,156,71,165,2,184,8,173,18,131,110,101,59,80,100,30,134,148,11,97,58,175,151,7,191,181,68,198,142,137,158,54,52,119,187,39,107,55,14,13,111,132,89,75,129,15,135,53,183,69,159,164,90,28,155,73,99,106,136,115,152,35,161,102,86,133,76,122,116,104,125,145,56,21,108,192,40,169,182,29,154,60,177,27,43,127,96,171,141,98,114,64,79,179,47,88,5,186,199,83,153,166,24,150,10,185,62,120,197,168,17,48,63];False
1556;8171;9727;[29,71,63,69,141,119,148,7,130,107,105,44,140,178,192,183,154,50,53,162,173,18,57,120,24,197,15,118,198,159,82,134,121,10,123,90,41,22,38,150,168,17,100,60,49,153,185,127,39,187,147,67,129,8,93,46,55,165,42,166,59,36,23,12,54,151,175,83,117,98,78,171,81,52,174,135,14,94,58,79,177,95,167,61,181,65,76,5,27,133,96,157,138,45,188,87,66,126,124,86,112,40,51,106,143,160,80,28,9,190,43,128,85,164,111,195,25,37,145,139,33,13,137,158,182,109,21,73,6,56,92,31,142,115,152,102,186,113,196,89,26,176,72,74,4,97,131,0,199,62,1,189,108,84,34,155,184,161,156,104,3,169,191,11,194,180,163,170,103,91,35,125,149,32,99,114,68,20,116,146,193,16,136,144,70,19,64,101,122,172,77,2,110,30,179,47,132,75,88,48];False
2596;7042;9638;[20,138,31,190,109,118,6,193,172,12,130,22,195,112,93,147,66,157,103,105,74,188,87,37,174,149,167,61,45,123,41,49,78,128,42,57,3,121,162,126,143,160,91,1,33,124,94,196,36,44,140,92,82,23,189,81,0,85,19,26,176,46,9,178,170,95,38,139,144,146,51,50,34,194,180,4,84,67,32,72,163,25,70,65,16,117,77,113,156,71,165,2,184,8,173,18,131,110,101,59,80,100,30,134,148,11,97,58,175,151,7,191,181,68,198,142,137,158,54,52,119,187,39,107,55,14,13,111,132,89,75,129,15,135,53,183,69,159,164,90,28,155,73,99,106,136,115,152,35,161,102,86,133,76,122,116,104,125,145,56,21,108,192,40,169,182,29,154,60,177,27,43,127,96,171,141,98,114,64,79,179,47,88,5,186,199,83,153,166,24,150,10,185,62,120,197,168,17,48,63];True
2823;6999;9822;[20,51,34,190,109,147,6,193,172,12,130,22,195,112,93,118,66,157,103,105,74,188,87,37,174,149,167,61,45,138,41,49,78,128,42,57,3,121,162,126,143,160,91,1,33,124,94,196,36,104,140,92,82,23,189,81,0,85,19,26,176,46,9,178,170,95,38,139,144,123,146,50,31,194,180,4,84,67,32,72,163,25,70,65,16,117,77,113,156,71,165,2,184,8,173,18,131,110,101,59,80,100,30,134,148,11,97,58,175,151,7,191,181,68,198,142,137,158,54,52,119,187,39,107,55,14,13,111,132,89,75,129,15,135,53,183,69,159,164,90,28,155,73,99,106,136,115,152,35,161,102,86,133,76,122,116,44,125,145,56,21,108,192,40,169,182,29,154,60,177,27,43,127,96,171,141,98,114,64,79,179,47,88,5,186,199,83,153,166,24,150,10,185,62,120,197,168,17,48,63];False
3051;6977;10028;[50,194,8,125,145,16,6,193,172,12,130,22,195,112,93,178,66,157,103,105,20,188,87,37,174,149,167,61,45,138,41,49,78,128,42,57,3,121,162,126,143,160,142,1,33,124,94,196,36,184,140,17,82,23,189,81,0,85,19,26,176,46,9,147,170,95,38,139,144,63,51,56,92,21,180,4,84,67,32,72,163,25,70,198,91,117,77,113,156,71,165,2,168,31,173,18,131,110,101,59,80,100,30,134,148,11,97,58,175,151,7,191,181,68,123,190,137,158,54,52,119,187,39,107,55,14,13,111,132,89,75,129,15,135,53,183,69,159,164,90,28,155,73,99,106,136,115,152,35,161,102,86,133,76,122,116,65,118,109,74,34,108,192,40,169,182,29,154,60,177,27,43,127,96,171,141,98,114,64,79,179,47,88,5,186,199,83,153,166,24,150,10,185,62,120,197,104,44,48,146];False
3088;6973;10061;[50,194,8,125,145,72,6,193,172,12,130,22,195,112,93,178,66,157,103,105,20,188,87,37,174,149,167,61,45,138,41,49,78,128,42,57,3,121,162,126,143,160,142,1,33,124,94,196,36,184,140,17,82,23,189,81,0,85,19,26,176,46,9,91,170,95,38,139,144,63,51,56,92,21,180,4,84,67,32,147,163,25,70,198,16,117,77,113,156,71,165,2,168,31,173,18,131,110,101,59,80,100,30,134,148,11,97,58,175,151,7,191,181,68,123,190,137,158,54,52,119,187,39,107,55,14,13,111,132,89,75,129,15,135,53,183,69,159,164,90,28,155,73,99,106,136,115,152,35,161,102,86,133,76,122,116,65,118,109,74,34,108,192,40,169,182,29,154,60,177,27,43,127,96,171,141,98,114,64,79,179,47,88,5,186,199,83,153,166,24,150,10,185,62,120,197,104,44,48,146];False
3063;6976;10039;[16,194,180,41,187,117,113,9,172,132,130,22,119,112,2,169,191,190,66,157,20,188,87,37,174,149,167,61,45,138,104,125,78,128,42,57,3,121,162,126,143,160,91,77,33,124,94,196,166,103,140,17,82,23,189,81,0,85,19,26,176,46,184,142,170,95,38,139,144,63,51,56,21,92,147,4,84,67,32,72,163,25,70,74,198,173,8,93,156,71,165,193,168,31,6,18,131,110,101,59,80,100,30,134,148,11,97,58,175,151,7,1,181,68,123,89,137,158,54,52,12,49,39,107,55,14,13,111,195,145,75,129,15,135,53,183,69,159,164,90,28,155,73,99,106,136,115,152,35,161,102,86,133,76,122,116,65,118,109,50,34,108,192,40,36,182,29,154,60,177,27,43,127,96,171,141,98,114,64,79,179,47,88,5,186,199,83,153,197,24,150,10,185,62,120,178,105,44,48,146];False
3244;6957;10201;[50,194,180,41,187,117,113,9,172,132,166,22,12,112,2,169,191,93,66,157,20,188,87,37,174,149,167,61,45,138,104,125,78,128,42,57,3,121,162,126,143,160,91,77,33,124,94,196,130,103,140,17,82,23,189,81,0,85,19,26,176,46,184,142,170,95,38,139,144,63,51,56,21,92,147,4,84,67,32,72,163,25,70,16,198,173,8,190,156,71,165,193,168,31,6,18,131,110,101,59,80,100,30,134,148,11,97,58,175,151,7,1,181,68,123,89,137,158,54,52,119,49,39,107,55,14,13,111,195,145,75,129,15,135,53,183,69,159,164,90,28,155,73,99,106,136,115,152,35,161,102,86,133,76,122,116,65,118,109,74,34,108,192,40,36,182,29,154,60,177,27,43,127,96,171,141,98,114,64,79,179,47,88,5,186,199,83,153,197,24,150,10,185,62,120,178,105,44,48,146];False
1546;8586;10132;[92,102,49,122,114,3,2,129,72,105,99,73,140,178,192,10,123,17,8,94,173,18,25,120,24,197,15,9,150,143,67,75,147,65,124,142,130,22,38,21,135,14,60,151,7,153,187,127,39,107,101,76,50,53,93,27,30,134,58,86,181,82,23,12,54,158,121,168,117,98,78,110,81,52,106,118,183,83,26,79,185,148,167,61,59,36,46,5,41,133,96,157,138,45,188,87,66,126,198,159,174,1,51,29,154,156,160,71,69,190,43,128,85,164,111,88,40,37,145,139,33,13,172,195,182,109,141,35,6,56,189,194,31,171,152,57,186,113,196,89,162,146,28,74,4,97,131,0,199,62,44,34,108,20,55,155,184,161,80,137,177,169,191,11,104,180,163,170,95,91,90,125,149,32,68,63,100,116,175,165,193,16,136,144,70,19,64,103,112,84,77,115,179,176,42,47,132,166,119,48];False
3325;6948;10273;[50,194,180,41,187,117,113,9,172,132,166,22,119,112,2,169,191,93,66,157,20,188,87,37,174,149,167,61,45,138,104,125,78,128,42,57,3,121,162,126,143,160,91,77,33,124,94,196,130,103,140,17,82,23,189,81,0,85,19,26,176,46,184,142,170,95,38,139,144,63,51,56,21,92,147,4,84,67,32,72,163,25,70,16,198,173,8,190,156,71,165,193,168,31,6,18,131,110,101,59,80,100,30,134,148,11,97,58,175,151,7,1,181,68,123,89,137,158,54,52,12,49,39,107,55,14,13,111,195,145,75,129,15,135,53,183,69,159,164,90,28,155,73,99,106,136,115,152,35,161,102,86,133,76,122,116,65,118,109,74,34,108,192,40,36,182,29,154,60,177,27,43,127,96,171,141,98,114,64,79,179,47,88,5,186,199,83,153,197,24,150,10,185,62,120,178,105,44,48,146];False
3307;6949;10256;[4,188,87,132,130,5,42,22,38,178,192,89,18,181,68,48,63,118,44,140,124,94,75,36,145,196,113,61,45,138,65,82,187,128,134,195,33,183,162,126,143,160,91,6,77,149,189,148,173,103,123,17,84,122,2,97,0,85,19,26,176,116,146,49,170,95,167,93,66,135,16,56,21,92,147,3,32,165,169,142,163,25,70,90,41,88,40,37,156,71,8,184,168,31,72,78,131,110,101,59,80,100,30,52,182,139,125,58,151,175,197,1,117,98,157,136,137,158,54,12,193,172,39,107,55,14,13,111,114,119,67,129,15,9,28,105,69,159,164,190,109,155,73,99,106,194,115,152,35,161,102,186,133,76,112,104,74,53,34,108,51,50,198,174,23,20,29,154,60,179,27,43,127,96,171,141,11,57,64,79,177,47,166,83,86,199,81,153,7,24,150,10,185,62,120,144,46,180,191,121];False
1488;8873;10361;[186,113,61,19,64,101,75,175,145,143,160,105,174,118,48,99,141,86,45,15,173,18,25,115,24,197,26,9,109,20,129,72,147,65,92,106,196,22,38,14,3,2,110,12,165,153,122,127,39,73,87,76,50,51,74,100,30,134,137,111,181,82,23,151,54,158,121,6,49,112,187,142,81,52,108,53,183,83,17,79,185,148,167,189,59,36,46,5,27,133,96,157,138,41,152,56,66,126,198,159,140,182,31,29,154,156,117,71,69,190,43,128,85,164,178,192,40,124,150,139,33,13,172,195,10,78,60,35,88,135,34,194,130,171,116,57,93,98,84,89,162,146,119,28,4,97,131,67,199,62,102,120,1,114,55,155,184,161,80,58,177,169,191,11,104,193,163,170,95,91,90,125,149,32,68,63,37,7,0,94,8,16,136,144,70,168,77,103,21,180,107,188,179,176,42,47,132,166,123,44];False
3517;6919;10436;[16,144,164,196,130,5,42,22,40,87,192,89,18,181,68,48,63,118,44,140,124,94,75,36,145,67,167,61,45,188,65,82,187,128,134,195,33,183,162,126,143,160,91,6,77,149,189,148,173,103,123,17,84,122,2,97,0,85,19,26,176,116,146,49,170,95,113,93,66,135,74,56,21,92,147,3,32,165,169,142,163,25,70,90,41,88,138,37,156,71,8,184,168,31,72,78,131,110,101,59,80,100,30,52,182,139,125,58,151,175,197,1,117,98,157,136,137,158,54,12,193,172,39,107,55,14,13,111,114,119,132,129,15,9,28,105,69,159,38,190,109,155,73,99,106,4,115,152,35,161,102,186,133,76,112,104,20,53,34,108,51,50,198,174,23,194,29,154,60,179,27,43,127,96,171,141,11,57,64,79,177,47,166,83,86,199,81,153,7,24,150,10,185,62,120,178,46,180,191,121];False
1522;8772;10294;[174,113,61,19,64,101,75,175,145,143,160,105,93,118,48,99,141,86,45,15,173,18,25,115,24,197,26,9,7,20,129,72,147,65,92,106,196,22,38,14,3,2,110,12,165,153,122,127,39,73,87,76,50,51,74,100,30,134,137,111,181,82,23,151,54,158,121,6,49,112,187,142,81,52,108,53,183,83,77,79,185,148,167,189,59,36,46,5,27,133,96,157,138,41,152,56,66,126,198,159,140,182,31,29,154,156,117,71,69,190,43,128,85,164,178,192,40,124,150,139,33,13,172,195,10,78,60,35,88,135,34,194,130,171,116,57,186,98,84,89,162,146,119,28,4,97,131,67,199,62,102,120,1,114,55,155,184,161,80,58,177,169,191,11,104,193,163,170,95,91,90,125,149,32,68,63,37,109,0,94,8,16,136,144,70,168,17,103,21,180,107,188,179,176,42,47,132,166,123,44];False
1483;8873;10356;[93,113,61,19,64,101,110,175,145,143,160,105,174,118,48,99,141,86,45,15,173,18,25,115,24,197,26,9,7,20,129,72,147,65,92,106,196,22,38,14,3,2,75,12,165,153,122,127,39,73,87,76,50,51,74,100,30,134,137,187,181,82,23,151,54,158,121,6,49,112,31,142,81,52,108,53,183,83,17,79,185,148,167,189,59,36,46,5,27,133,96,157,138,41,152,56,66,126,198,159,140,182,111,29,154,156,117,71,69,190,43,128,85,164,178,192,40,124,150,139,33,13,172,195,10,78,60,35,88,135,34,194,130,171,116,57,186,98,84,89,162,146,119,28,4,97,131,67,199,62,102,120,1,114,55,155,184,161,80,58,177,169,191,11,104,193,163,170,95,91,90,125,149,32,68,63,37,109,0,94,8,16,136,144,70,168,77,103,21,180,107,188,179,176,42,47,132,166,123,44];False
1477;8890;10367;[31,113,61,19,64,101,100,175,145,143,160,105,174,118,48,99,141,86,45,15,173,18,25,115,24,197,26,9,7,20,129,72,147,65,92,106,196,22,38,34,3,2,75,12,165,153,122,127,39,73,87,76,50,53,93,110,30,134,137,111,181,82,23,151,54,158,121,6,49,112,187,142,81,52,108,74,183,83,17,79,185,148,167,189,59,36,46,5,27,133,96,157,138,41,152,56,66,126,198,159,140,182,51,29,154,156,117,71,69,190,43,128,85,164,178,192,40,124,150,139,33,13,172,195,10,78,60,35,88,135,14,194,130,171,116,57,186,98,84,89,162,146,119,28,4,97,131,67,199,62,102,120,1,114,55,155,184,161,80,58,177,169,191,11,104,193,163,170,95,91,90,125,149,32,68,63,37,109,0,94,8,16,136,144,70,168,77,103,21,180,107,188,179,176,42,47,132,166,123,44];True
1452;8964;10416;[160,113,61,19,49,145,100,0,101,174,196,14,94,118,48,99,141,86,45,15,173,18,25,115,24,197,26,9,7,20,129,72,147,65,92,106,130,22,38,34,3,2,75,12,165,153,122,127,39,73,87,76,50,53,93,110,30,134,137,111,181,82,23,151,54,158,121,6,64,112,187,142,81,52,108,74,183,83,17,79,185,148,167,189,59,36,46,5,27,133,96,157,138,41,152,56,66,126,198,159,140,182,51,29,154,156,117,71,69,190,43,128,85,164,178,192,40,124,150,139,33,13,172,195,10,78,60,35,88,135,105,194,31,171,116,57,186,98,84,89,162,146,119,28,4,97,131,67,199,62,102,120,1,114,55,155,184,161,80,58,177,169,191,11,104,193,163,170,95,91,90,125,149,32,68,63,37,109,175,143,8,16,136,144,70,168,77,103,21,180,107,188,179,176,42,47,132,166,123,44];False
3650;6879;10529;[20,190,188,87,130,5,42,119,57,3,192,89,18,181,68,48,63,118,44,140,124,94,75,36,145,196,113,61,45,138,65,82,187,128,134,195,33,183,162,126,143,160,91,6,77,149,189,166,173,103,168,17,84,122,2,97,0,85,19,26,176,116,142,49,170,95,167,93,66,135,74,56,21,92,147,67,32,165,169,23,163,25,70,90,41,88,164,37,156,71,8,184,123,146,72,78,131,110,101,59,80,100,30,114,182,139,125,58,151,175,197,1,117,98,157,136,137,158,54,12,193,172,39,107,55,14,13,111,52,40,132,129,15,9,28,105,69,159,38,144,109,155,73,99,106,4,115,152,35,161,102,186,133,76,112,104,31,53,34,108,51,50,198,174,16,194,29,154,60,179,27,43,127,96,171,141,11,22,64,79,177,47,148,83,86,199,81,153,7,24,150,10,185,62,120,178,46,180,191,121];False
1425;9049;10474;[117,112,48,10,92,145,100,129,8,94,196,1,189,72,105,99,141,86,45,15,173,18,25,120,24,197,26,9,7,20,67,118,147,65,37,106,130,22,38,34,3,2,75,12,165,153,122,127,39,73,87,76,50,53,93,110,30,134,137,111,181,82,23,151,54,158,121,6,64,98,187,142,81,52,108,74,183,83,17,79,185,148,167,61,59,36,46,5,27,133,96,157,138,41,152,56,66,126,198,159,174,19,51,29,154,156,160,71,69,190,43,128,85,164,178,192,40,124,150,139,33,13,172,195,182,78,60,35,88,135,140,194,31,171,116,57,186,113,84,89,162,146,119,28,4,97,131,0,199,62,102,115,14,114,55,155,184,161,80,58,177,169,191,11,104,193,163,170,95,91,90,125,149,32,68,63,49,109,175,143,101,16,136,144,70,168,77,103,21,180,107,188,179,176,42,47,132,166,123,44];False
1422;9121;10543;[41,196,48,10,78,145,100,129,8,94,112,1,189,72,105,99,141,17,45,15,173,18,25,120,24,197,26,9,77,193,67,118,147,65,87,106,130,22,38,34,3,2,75,12,165,153,122,127,39,73,92,76,50,53,93,110,30,134,58,86,181,82,23,151,54,158,121,6,117,98,187,142,81,52,108,74,183,83,7,79,185,148,167,61,59,36,46,5,27,133,96,157,138,178,152,56,66,126,198,159,174,19,51,29,154,156,160,71,69,190,43,128,85,164,111,192,40,124,150,139,33,13,172,195,182,37,60,35,88,135,140,194,31,171,116,57,186,113,84,89,162,146,119,28,4,97,131,0,199,62,102,115,14,114,55,155,184,161,80,137,177,169,191,11,104,20,163,170,95,91,90,125,149,32,68,63,49,109,175,143,101,16,136,144,70,168,64,103,21,180,107,188,179,176,42,47,132,166,123,44];False
3801;6859;10660;[20,190,188,87,130,5,42,119,132,142,115,28,18,181,68,48,63,118,44,140,124,94,75,36,145,196,113,61,45,138,123,82,187,128,134,195,33,183,65,126,143,160,91,6,77,149,189,148,173,116,168,17,84,122,2,97,0,85,19,26,176,3,89,49,170,95,167,93,66,135,74,56,21,92,147,67,32,165,169,23,163,25,70,90,41,88,164,37,156,71,8,184,162,109,72,78,131,110,101,59,80,100,30,114,182,139,125,58,151,175,197,1,117,98,157,136,137,158,54,57,193,172,39,107,55,14,13,111,52,40,12,129,15,9,103,105,69,159,38,144,146,155,73,99,106,4,192,152,35,161,102,186,133,76,112,104,31,53,34,108,51,50,198,174,16,194,29,154,60,179,27,43,127,96,171,141,11,22,64,79,177,47,166,83,86,199,81,153,7,24,150,10,185,62,120,178,46,180,191,121];False
3768;6860;10628;[31,74,188,87,130,5,42,119,132,89,115,103,18,181,68,48,63,118,44,140,124,94,75,36,145,196,113,61,45,138,65,82,187,128,134,195,33,183,190,126,143,160,91,6,77,149,189,148,173,116,123,168,84,122,2,97,0,85,19,26,176,3,136,49,170,95,167,93,66,135,20,56,21,92,147,67,32,165,169,23,163,25,70,90,41,88,164,37,156,71,8,184,162,109,72,78,131,110,101,59,80,100,30,114,182,139,125,58,151,175,197,1,117,98,157,142,137,158,54,57,193,172,39,107,55,14,13,111,52,40,12,129,15,9,28,105,69,159,38,144,146,155,73,99,106,4,192,152,35,161,102,186,133,76,112,104,17,53,34,108,51,50,198,174,16,194,29,154,60,179,27,43,127,96,171,141,11,22,64,79,177,47,166,83,86,199,81,153,7,24,150,10,185,62,120,178,46,180,191,121];False
4408;6788;11196;[50,20,188,87,130,5,179,47,132,89,115,152,18,181,68,48,63,118,44,140,124,94,75,36,145,196,113,61,45,138,65,82,187,128,134,195,33,183,190,126,143,160,91,6,77,149,189,148,173,116,123,17,84,122,2,97,0,85,19,26,176,3,136,49,170,95,167,93,66,135,53,56,21,92,147,67,32,165,169,23,163,25,70,90,41,88,164,37,156,71,8,184,162,109,72,78,131,110,101,59,80,100,30,114,182,139,125,58,151,175,197,1,117,98,157,142,137,158,54,57,193,172,39,107,55,14,13,111,52,40,12,129,15,9,28,105,69,159,38,144,146,155,168,99,106,4,192,103,35,161,102,186,133,76,112,104,31,74,34,108,51,73,198,174,16,194,29,154,60,42,27,43,127,96,171,141,11,22,64,79,177,199,166,83,86,119,81,153,7,24,150,10,185,62,120,178,46,180,191,121];False
3956;6816;10772;[17,20,188,87,130,5,42,47,132,89,115,152,18,181,68,48,63,118,44,140,124,94,75,36,145,196,113,61,45,138,65,82,187,128,134,195,33,183,162,126,143,160,91,6,77,149,189,148,173,116,123,168,84,122,2,97,0,85,19,26,176,3,136,49,170,95,167,93,66,135,53,56,21,92,147,67,32,165,169,23,163,25,70,90,41,88,164,37,156,71,8,184,190,109,72,78,131,110,101,59,80,100,30,114,182,139,125,58,151,175,197,1,117,98,157,142,137,158,54,57,193,172,39,107,55,14,13,111,52,40,12,129,15,9,28,105,69,159,38,144,146,155,73,99,106,4,192,103,35,161,102,186,133,76,112,104,31,74,34,108,51,50,198,174,16,194,29,154,60,179,27,43,127,96,171,141,11,22,64,79,177,199,166,83,86,119,81,153,7,24,150,10,185,62,120,178,46,180,191,121];True
3869;6826;10695;[20,188,93,87,130,5,42,47,132,89,115,152,18,181,68,48,63,118,44,140,124,94,75,36,145,196,113,61,45,138,65,82,187,128,134,195,33,183,162,126,143,160,91,6,77,149,189,148,173,116,123,17,84,122,2,97,0,85,19,26,176,3,136,49,170,95,167,168,66,135,53,56,21,92,147,67,32,165,169,23,163,25,70,90,41,88,164,37,156,71,8,184,190,109,72,78,131,110,101,59,80,100,30,114,182,139,125,58,151,175,197,1,117,98,157,142,137,158,54,57,193,172,39,107,55,14,13,111,52,40,12,129,15,9,28,105,69,159,38,144,146,155,73,99,106,4,192,103,35,161,102,186,133,76,112,104,31,74,34,108,51,50,198,174,16,194,29,154,60,179,27,43,127,96,171,141,11,22,64,79,177,199,166,83,86,119,81,153,7,24,150,10,185,62,120,178,46,180,191,121];True
4469;6766;11235;[198,19,145,115,130,5,42,47,26,125,75,152,186,7,15,51,106,20,44,140,124,168,164,190,174,196,113,61,45,138,123,82,187,128,134,195,33,94,118,126,143,160,91,6,77,149,189,148,173,116,65,4,84,122,2,97,0,85,18,132,176,3,136,49,170,95,167,93,66,135,48,50,21,92,147,67,32,165,169,23,163,25,70,90,41,88,146,37,156,71,8,184,162,109,72,78,131,110,101,59,80,100,30,114,182,139,36,58,151,175,197,1,117,98,157,142,137,158,54,57,193,172,39,107,55,14,13,111,52,40,87,181,68,9,28,105,69,159,38,144,56,63,73,99,155,178,192,103,35,161,102,12,133,76,112,104,31,183,34,108,188,74,53,17,16,194,29,154,60,179,27,43,127,96,171,141,11,22,64,79,177,199,166,83,86,119,81,153,129,24,150,10,185,62,120,89,46,180,191,121];False
4430;6780;11210;[198,19,125,6,130,5,42,47,26,161,115,152,186,7,15,51,106,20,44,140,124,168,164,190,174,196,113,61,45,138,123,82,187,128,134,195,33,94,118,126,143,160,91,75,77,149,189,148,173,116,65,4,84,122,2,97,0,85,18,132,176,3,136,49,170,95,167,93,66,135,48,50,21,92,147,67,32,165,169,23,163,25,70,90,41,88,146,37,156,71,8,184,162,109,72,78,131,110,101,59,80,100,30,114,182,139,36,58,151,175,197,1,117,98,157,142,137,158,54,57,193,172,39,107,55,14,13,111,52,40,87,181,68,9,28,105,69,159,38,144,56,63,73,99,155,178,192,103,35,145,102,12,133,76,112,104,31,183,34,108,188,74,53,17,16,194,29,154,60,179,27,43,127,96,171,141,11,22,64,79,177,199,166,83,86,119,81,153,129,24,150,10,185,62,120,89,46,180,191,121];False
4952;6732;11684;[198,174,125,196,130,5,171,120,26,145,115,152,186,7,15,51,106,20,44,140,124,168,164,190,19,6,113,61,45,138,123,82,187,128,134,195,33,94,118,126,143,160,91,75,77,149,189,148,173,116,65,4,84,122,2,97,0,85,18,132,176,3,136,49,170,95,167,93,66,135,48,50,21,92,147,67,32,165,169,23,163,25,70,90,41,88,146,37,156,71,8,184,162,109,72,78,131,110,101,59,80,100,30,114,182,139,36,58,151,175,197,1,117,98,157,142,137,158,54,57,193,172,39,107,55,14,13,111,52,40,87,181,68,9,28,105,69,159,38,144,56,63,73,99,155,178,192,103,35,161,102,12,133,76,112,104,31,183,34,108,188,74,53,17,16,194,29,154,60,179,27,43,127,96,42,141,11,22,64,79,177,199,166,83,86,119,81,153,129,24,150,10,185,62,47,89,46,180,191,121];False
4412;6766;11178;[198,174,18,132,130,5,42,47,26,145,115,152,186,7,15,51,106,20,44,140,124,168,164,190,125,196,113,61,45,138,123,82,187,128,134,195,33,94,118,126,143,160,91,6,77,149,189,148,173,116,65,4,84,122,2,97,0,85,19,75,176,3,136,49,170,95,167,93,66,135,48,50,21,92,147,67,32,165,169,23,163,25,70,90,41,88,146,37,156,71,8,184,162,109,72,78,131,110,101,59,80,100,30,114,182,139,36,58,151,175,197,1,117,98,157,142,137,158,54,57,193,172,39,107,55,14,13,111,52,40,87,181,68,9,28,105,69,159,38,144,56,63,73,99,155,178,192,103,35,161,102,12,133,76,112,104,31,183,34,108,188,74,53,17,16,194,29,154,60,179,27,43,127,96,171,141,11,22,64,79,177,199,166,83,86,119,81,153,129,24,150,10,185,62,120,89,46,180,191,121];False
4920;6737;11657;[198,29,147,78,130,5,42,47,26,145,115,152,186,7,15,123,106,20,44,140,124,168,164,190,174,196,113,61,45,138,51,82,187,128,134,195,33,94,118,126,143,160,91,75,77,149,189,148,173,116,65,4,84,122,2,97,0,85,18,132,176,3,136,49,170,95,167,93,66,135,48,50,21,92,90,67,32,165,169,23,163,25,70,125,6,88,146,37,156,71,8,184,162,109,72,41,131,110,101,59,80,100,30,114,182,139,36,58,151,175,197,1,117,98,157,142,137,158,54,57,193,172,39,107,55,14,13,111,52,40,87,181,68,9,28,105,69,159,38,144,56,63,73,99,155,178,192,103,35,161,102,12,133,76,112,104,31,183,34,108,188,74,53,17,16,194,19,154,60,179,27,43,127,96,171,141,11,22,64,79,177,199,166,83,86,119,81,153,129,24,150,10,185,62,120,89,46,180,191,121];False
5098;6720;11818;[198,174,125,196,130,5,42,47,26,89,115,152,186,7,15,48,106,20,190,183,124,168,164,45,19,41,113,61,145,138,123,82,187,128,134,195,33,94,118,126,143,160,91,75,77,149,189,148,173,116,65,4,84,122,2,97,0,85,18,132,176,3,136,49,170,95,167,93,66,135,51,50,21,92,90,67,32,165,169,23,163,25,29,147,6,88,70,37,156,71,8,184,162,109,72,78,131,110,101,59,80,100,30,114,182,139,36,58,151,175,197,1,117,98,157,142,137,158,54,57,193,172,39,107,55,14,13,111,52,40,87,181,68,9,28,105,69,159,38,144,56,63,140,99,73,74,192,103,35,161,102,12,133,76,112,104,31,53,146,108,188,44,155,17,16,194,34,154,60,179,27,43,127,96,171,141,11,22,64,79,177,199,166,83,86,119,81,153,129,24,150,10,185,62,120,178,46,180,191,121];False
5265;6716;11981;[198,174,125,196,130,5,179,47,26,89,115,18,12,7,88,123,106,20,190,183,124,168,164,45,19,41,113,61,145,138,48,82,187,128,134,195,33,94,118,126,143,160,91,23,77,149,189,148,173,116,65,4,84,122,2,97,0,85,152,132,176,3,136,49,170,95,167,93,66,135,51,50,21,92,90,67,32,165,169,75,163,25,146,147,6,15,70,37,156,71,8,184,162,109,72,78,131,110,101,59,80,100,30,114,182,139,36,58,151,175,197,1,117,98,157,142,137,158,54,57,193,172,39,107,55,14,13,111,52,40,87,181,68,9,28,105,69,159,38,144,56,63,140,99,73,74,192,103,35,161,102,186,133,76,112,104,31,53,29,108,188,44,155,17,16,194,34,154,60,42,27,43,127,96,171,141,11,22,64,79,177,199,166,83,86,119,81,153,129,24,150,10,185,62,120,178,46,180,191,121];False
5978;6697;12675;[198,140,90,86,54,120,89,46,152,18,185,175,12,7,85,15,135,56,19,33,183,17,154,38,178,13,197,123,29,71,44,91,52,2,83,59,93,138,124,94,118,48,34,69,149,163,186,148,173,116,65,192,10,95,61,97,0,77,57,26,145,3,136,49,170,103,105,74,20,156,106,194,51,50,82,67,32,165,169,23,75,36,98,25,1,88,70,37,21,92,8,184,190,109,72,78,111,128,171,110,80,100,30,114,182,139,125,187,158,62,189,130,5,122,157,84,131,79,42,27,193,172,39,107,55,14,147,196,167,40,87,181,68,9,28,162,108,102,132,144,146,63,73,99,16,159,164,41,35,161,191,174,101,134,112,104,31,53,180,4,188,168,155,126,143,142,115,127,60,179,47,43,133,76,151,141,11,58,64,96,177,199,166,22,195,119,81,153,129,24,150,6,137,117,113,66,176,160,45,121];False
5944;6701;12645;[73,16,91,86,54,120,89,46,152,18,185,175,12,7,85,15,135,198,19,33,183,17,154,38,178,13,197,123,29,71,44,90,52,2,83,59,93,138,124,94,118,48,34,69,149,163,186,148,173,116,65,192,10,95,61,97,0,77,57,26,145,3,136,49,170,103,105,74,20,156,31,194,51,50,82,67,32,165,169,23,75,36,98,25,1,88,70,37,21,92,8,184,190,109,72,78,111,128,171,110,80,100,30,114,182,139,125,187,158,62,189,130,5,122,157,84,131,79,42,27,193,172,39,107,55,14,147,196,167,40,87,181,68,9,28,162,108,102,132,144,56,63,140,99,146,159,164,41,35,161,191,174,101,134,112,104,106,53,180,4,188,168,155,126,143,142,115,127,60,179,47,43,133,76,151,141,11,58,64,96,177,199,166,22,195,119,81,153,129,24,150,6,137,117,113,66,176,160,45,121];False
6084;6695;12779;[73,146,125,49,54,120,89,160,152,18,185,175,12,7,85,15,135,198,19,33,183,17,154,38,178,13,197,123,29,71,44,91,52,2,83,59,93,138,124,94,118,48,34,90,149,163,186,148,173,116,65,192,10,95,61,97,0,77,57,26,145,3,136,137,170,103,105,74,20,156,31,194,51,50,82,67,32,165,169,23,75,36,98,25,1,88,70,37,21,92,8,184,190,109,72,78,111,128,171,110,80,100,30,114,182,139,41,187,158,62,189,130,5,122,157,84,131,79,42,27,193,172,39,107,55,14,147,196,167,40,87,181,68,9,28,162,108,102,132,144,56,63,140,99,16,159,164,69,35,161,191,174,101,134,112,104,106,53,180,4,188,168,155,126,143,142,115,127,60,179,47,43,133,76,151,141,11,58,64,96,177,199,166,22,195,119,81,153,129,24,150,6,86,117,113,66,176,46,45,121];False
6430;6681;13111;[50,4,84,137,54,120,89,46,152,18,185,175,12,7,85,15,135,16,19,33,183,17,154,38,178,13,197,123,29,71,44,91,52,2,83,59,93,138,124,94,118,48,92,90,149,163,186,148,173,116,65,192,10,95,61,97,0,77,57,26,145,3,136,49,170,103,105,74,20,156,31,194,51,73,82,67,32,165,169,23,75,36,98,25,1,88,70,37,21,146,8,184,190,109,72,78,111,128,171,110,80,100,30,114,182,139,125,187,158,62,189,130,5,122,157,41,131,79,42,27,193,172,39,107,55,14,147,196,167,40,87,181,68,9,28,162,108,102,132,144,56,63,140,99,34,159,164,69,35,161,191,174,101,134,112,104,106,53,180,198,188,168,155,126,143,142,115,127,60,179,47,43,133,76,151,141,11,58,64,96,177,199,166,22,195,119,81,153,129,24,150,6,86,117,113,66,176,160,45,121];False
6919;6659;13578;[198,174,67,80,58,158,141,119,132,89,137,133,12,185,54,52,189,28,38,14,72,118,10,36,184,66,46,44,91,190,109,56,73,74,143,23,69,159,15,135,37,8,71,48,92,90,131,59,93,3,169,142,191,61,145,94,13,86,7,77,176,35,97,128,57,2,167,107,123,50,146,51,20,17,82,78,170,18,75,161,115,25,105,4,6,88,70,108,21,106,154,122,197,162,125,163,171,110,129,24,130,127,30,114,182,139,178,136,101,175,85,1,117,120,157,173,186,79,42,27,193,172,39,32,55,155,33,192,165,40,87,181,68,9,103,140,147,196,95,144,156,180,188,65,53,183,164,41,149,152,102,62,98,134,112,104,99,63,31,34,138,168,29,126,16,194,19,49,60,179,5,43,187,76,151,148,83,111,64,96,177,199,166,22,195,11,81,153,47,26,150,84,100,0,113,116,124,160,45,121];False
6904;6671;13575;[198,84,67,83,86,128,141,177,132,89,137,133,12,185,54,52,189,28,38,14,72,118,10,36,184,66,46,44,23,190,109,56,73,74,143,91,69,159,15,135,37,8,71,48,92,90,131,59,93,3,169,142,191,61,145,94,13,111,7,77,176,35,97,171,57,2,167,107,123,50,146,51,20,17,82,78,170,18,75,161,115,25,105,4,6,88,70,108,21,106,154,122,197,162,125,163,158,110,129,24,130,127,30,114,182,139,178,136,101,175,85,1,117,120,157,173,186,79,42,27,193,172,39,32,55,155,33,192,165,40,87,181,68,9,103,140,147,196,95,144,156,180,188,65,53,183,164,41,149,152,102,62,98,134,112,104,99,63,31,34,138,168,29,126,16,194,19,49,60,179,5,43,187,76,151,148,80,58,64,96,11,199,166,22,195,119,81,153,47,26,150,174,100,0,113,116,124,160,45,121];False
6869;6676;13545;[34,90,67,83,86,128,141,98,132,89,137,133,5,185,54,52,189,28,38,14,72,118,10,36,184,66,46,44,23,190,109,56,73,74,143,91,69,159,15,135,37,8,71,48,92,84,131,59,93,3,169,142,191,61,145,94,13,111,7,77,176,35,97,171,57,2,167,107,123,50,146,51,20,17,82,78,170,18,75,161,115,25,105,4,6,88,70,108,21,106,154,122,197,162,125,163,158,110,129,24,130,127,30,114,182,139,178,136,101,175,85,1,117,120,157,173,186,79,42,27,193,172,39,32,55,155,33,192,165,40,87,181,68,9,103,140,147,196,95,144,156,180,188,65,53,183,164,41,149,152,102,62,11,134,112,104,99,63,31,198,138,168,29,126,16,194,19,49,60,179,12,43,187,76,151,148,80,58,64,96,177,199,166,22,195,119,81,153,47,26,150,174,100,0,113,116,124,160,45,121];False
6839;6679;13518;[198,174,196,83,86,128,141,98,39,89,137,133,12,185,54,52,189,95,38,14,72,118,10,36,184,66,46,44,23,190,109,56,73,74,143,91,69,159,15,135,37,8,71,48,92,90,131,59,93,3,169,142,191,61,145,94,13,111,7,77,176,35,97,171,57,2,167,107,123,50,146,51,20,17,82,78,170,18,75,161,115,25,105,4,6,88,70,108,21,106,154,122,197,162,125,163,158,110,129,24,130,127,30,114,182,139,178,136,101,175,85,1,117,120,157,173,186,79,42,27,193,172,132,32,55,155,33,192,165,40,87,181,68,9,103,140,147,67,28,144,156,180,188,65,53,183,164,41,149,152,102,62,11,134,112,104,99,63,31,34,138,168,29,126,16,194,19,49,60,179,5,43,187,76,151,148,80,58,64,96,177,199,166,22,195,119,81,153,47,26,150,84,100,0,113,116,124,160,45,121];False
7017;6656;13673;[198,84,67,83,86,128,42,119,132,89,137,133,12,185,54,52,189,28,38,14,72,118,10,36,184,66,46,44,23,190,109,56,73,74,143,91,69,159,15,135,37,8,71,48,92,90,131,59,93,3,169,142,191,61,145,94,13,111,7,77,176,35,97,171,57,2,167,107,123,50,146,51,20,17,82,78,170,18,75,161,115,25,105,4,6,88,70,108,21,106,154,122,197,162,125,163,158,110,129,24,130,127,30,114,182,139,178,136,101,175,85,1,117,120,157,173,186,79,141,27,193,172,39,32,55,155,33,192,165,40,87,181,68,9,103,140,147,196,95,144,156,180,188,65,53,183,164,41,149,152,102,62,11,134,112,104,99,63,31,34,138,168,29,126,16,194,19,49,60,179,5,43,187,76,151,148,80,58,64,96,177,199,166,22,195,98,81,153,47,26,150,174,100,0,113,116,124,160,45,121];False
7022;6653;13675;[198,174,67,83,86,128,42,119,132,89,137,133,12,185,54,52,189,28,38,14,72,118,10,36,184,66,46,44,23,190,109,56,73,74,143,91,69,159,15,135,37,8,71,48,92,90,131,59,93,3,169,142,191,61,145,94,13,111,7,77,176,35,97,171,57,2,167,107,123,50,146,51,20,17,82,78,170,18,75,161,115,25,105,4,6,88,70,108,21,106,154,122,197,162,125,163,158,110,129,24,130,127,30,114,182,139,178,136,101,175,85,1,117,120,157,173,186,79,141,27,193,172,39,32,55,155,33,192,165,40,87,181,68,9,103,140,147,196,95,144,156,180,188,65,53,183,164,41,149,152,102,62,11,134,112,104,99,63,31,34,138,168,29,126,16,194,19,49,60,179,5,43,187,76,151,148,80,58,64,96,177,199,166,22,195,98,81,153,47,26,150,84,100,0,113,116,124,160,45,121];False
7275;6637;13912;[198,174,91,49,86,128,141,11,89,75,137,133,12,185,54,52,189,28,38,14,72,118,10,36,184,66,46,44,23,190,109,56,73,74,143,196,69,159,15,135,37,8,71,48,92,90,131,59,93,3,169,142,191,61,145,94,13,111,7,77,176,35,97,171,57,2,167,107,123,50,146,51,20,17,82,78,170,18,132,161,115,25,105,4,6,88,70,108,21,106,154,122,197,162,125,163,158,110,129,24,130,127,30,114,182,139,178,136,101,175,85,1,117,120,157,173,186,79,42,27,193,172,39,32,55,155,33,192,165,40,87,181,68,9,103,140,147,67,95,144,156,180,188,65,53,183,164,41,149,152,102,62,98,134,112,104,99,63,31,34,138,168,29,126,16,194,19,83,60,179,5,43,187,76,151,148,80,58,64,96,177,199,166,22,195,119,81,153,47,26,150,84,100,0,113,116,124,160,45,121];False
7246;6638;13884;[198,174,67,49,86,128,141,11,89,75,137,133,12,185,54,52,189,28,38,14,72,118,10,36,184,66,46,44,23,190,109,56,73,74,143,91,69,159,15,135,37,8,71,48,92,90,131,59,93,3,169,142,191,61,145,94,13,111,7,77,176,35,97,171,57,2,167,107,123,50,146,51,20,17,82,78,170,18,132,161,115,25,105,4,6,88,70,108,21,106,154,122,197,162,125,163,158,110,129,24,130,127,30,114,182,139,178,136,101,175,85,1,117,120,157,173,186,79,42,27,193,172,39,32,55,155,33,192,165,40,87,181,68,9,103,140,147,196,95,144,156,180,188,65,53,183,164,41,149,152,102,62,98,134,112,104,99,63,31,34,138,168,29,126,16,194,19,83,60,179,5,43,187,76,151,148,80,58,64,96,177,199,166,22,195,119,81,153,47,26,150,84,100,0,113,116,124,160,45,121];False
7858;6636;14494;[50,146,118,136,149,83,59,57,132,75,163,133,12,185,39,26,169,115,89,3,161,159,15,135,53,174,46,44,23,190,109,10,184,51,198,91,69,28,8,37,94,194,188,48,92,90,131,148,93,14,178,191,66,61,145,84,13,151,7,38,176,35,97,128,52,2,167,107,123,63,29,65,140,17,82,18,0,77,196,170,129,25,105,4,6,88,70,108,21,106,154,122,197,24,72,78,86,110,171,189,49,127,30,114,182,139,180,137,158,175,85,1,117,120,157,173,186,79,42,27,193,172,111,32,55,125,33,192,165,40,87,181,68,9,103,162,147,67,95,144,156,155,31,143,160,183,164,41,152,130,102,62,5,134,112,104,99,73,74,20,138,168,34,126,16,71,19,98,60,179,47,43,187,76,101,141,11,58,64,96,177,199,166,22,195,119,81,153,80,36,150,56,100,54,113,116,124,142,45,121];False
7916;6623;14539;[198,174,46,56,149,83,59,57,132,75,163,133,12,185,111,36,169,115,89,3,161,159,15,135,53,29,118,44,23,190,109,10,184,51,50,91,69,28,8,37,94,194,188,48,92,90,131,148,93,14,178,191,66,61,145,84,13,151,7,38,176,35,97,128,52,2,167,107,123,146,140,65,155,17,82,18,0,77,196,170,129,25,105,4,6,88,70,108,21,106,154,122,197,24,72,78,86,110,171,189,49,127,30,114,182,139,180,137,158,175,85,1,117,120,157,173,186,79,42,27,193,172,39,32,55,125,33,192,165,40,87,181,68,9,103,162,147,67,95,144,156,63,31,143,160,183,164,41,152,130,102,62,5,134,112,104,99,73,74,20,138,168,34,126,16,71,19,98,60,179,47,43,187,76,101,141,11,58,64,96,177,199,166,22,195,119,81,153,80,26,150,136,100,54,113,116,124,142,45,121];False
8019;6614;14633;[50,34,118,56,149,83,59,57,132,75,163,133,12,185,111,36,169,115,89,3,161,159,15,135,53,29,46,44,23,190,109,10,184,51,174,91,69,28,8,37,94,198,188,48,92,90,131,148,93,14,178,191,66,61,145,84,13,151,7,38,176,35,97,128,52,2,167,107,123,146,155,65,194,17,82,18,0,77,196,170,129,25,105,4,6,88,70,108,21,106,154,122,197,24,72,78,86,110,171,189,49,127,30,114,182,139,180,137,158,175,85,1,117,120,157,173,186,79,42,27,193,172,39,32,55,125,33,192,165,40,87,181,68,9,103,162,147,67,95,144,156,63,31,143,160,183,164,41,152,130,102,62,5,134,112,104,99,73,74,20,138,168,140,126,16,71,19,98,60,179,47,43,187,76,101,141,11,58,64,96,177,199,166,22,195,119,81,153,80,26,150,136,100,54,113,116,124,142,45,121];False
8247;6601;14848;[73,174,35,136,149,83,59,57,132,75,163,133,12,185,111,36,169,115,89,46,161,159,15,135,53,180,118,44,23,190,109,10,184,51,34,91,69,28,8,37,94,198,188,48,92,90,131,148,93,14,178,191,66,61,145,84,13,151,7,38,176,3,97,128,52,2,167,107,123,50,155,65,194,17,82,18,0,77,196,170,129,25,105,4,6,88,70,108,21,106,154,122,197,24,72,78,86,110,171,189,49,127,30,114,182,139,29,137,158,175,85,1,117,120,157,173,186,79,42,27,193,172,39,32,55,125,33,192,165,40,87,181,68,9,103,162,147,67,95,144,156,146,31,143,160,183,164,41,152,130,102,62,5,134,112,104,99,63,74,20,138,168,140,126,16,71,19,98,60,179,47,43,187,76,101,141,11,58,64,96,177,199,166,22,195,119,81,153,80,26,150,56,100,54,113,116,124,142,45,121];False
8640;6571;15211;[50,194,34,136,149,83,59,57,132,75,163,133,12,185,111,26,169,84,89,3,161,159,15,135,142,115,46,44,37,190,109,10,184,51,174,91,69,28,8,118,180,53,188,48,92,90,131,148,93,14,178,23,66,61,145,94,13,151,7,38,176,35,97,128,52,2,167,107,123,73,155,65,198,17,82,18,0,77,196,170,129,25,105,4,6,88,70,108,21,106,154,122,197,24,72,78,86,110,171,189,49,127,30,114,182,139,29,137,158,175,85,1,117,120,157,173,186,79,42,27,193,172,39,32,55,125,33,192,165,40,87,181,68,9,103,162,147,67,95,144,156,146,31,143,191,183,164,41,152,130,102,62,5,134,112,104,99,63,74,20,138,168,140,126,16,71,19,98,60,179,47,43,187,76,101,141,11,58,64,96,177,199,166,22,195,119,81,153,80,36,150,56,100,54,113,116,124,160,45,121];False
8679;6564;15243;[73,174,67,36,149,83,59,57,132,75,163,133,12,185,111,95,169,84,89,3,161,159,15,135,194,115,46,44,37,190,109,10,184,51,34,91,69,28,8,118,180,53,188,48,92,90,131,148,93,14,178,142,66,61,145,94,13,151,7,38,176,35,97,128,52,2,167,107,123,50,155,65,198,17,82,18,0,77,196,170,129,25,105,4,6,88,70,108,21,106,154,122,197,24,72,78,86,110,171,189,49,127,30,114,182,139,29,137,158,175,85,1,117,120,157,173,186,79,42,27,193,172,39,32,55,125,33,192,165,40,87,181,68,9,103,162,147,23,136,144,156,146,31,143,191,183,164,41,152,130,102,62,5,134,112,104,99,63,74,20,138,168,140,126,16,71,19,98,60,179,47,43,187,76,101,141,11,58,64,96,177,199,166,22,195,119,81,153,80,26,150,56,100,54,113,116,124,160,45,121];False
8828;6553;15381;[73,174,23,136,149,83,59,57,132,75,163,133,12,185,111,26,169,84,89,3,161,159,15,135,194,115,46,44,37,190,109,10,184,51,34,91,69,28,8,118,180,53,188,48,92,90,131,148,93,14,178,142,66,61,145,94,13,151,7,38,176,35,97,128,52,2,167,107,123,50,155,65,198,17,82,18,0,77,196,170,129,25,105,4,6,88,70,108,21,106,154,122,197,24,72,78,86,110,171,189,49,127,30,114,182,139,29,137,158,175,85,1,117,120,157,173,186,79,42,27,193,172,39,32,55,125,33,192,165,40,87,181,68,9,103,162,147,67,95,144,156,146,31,143,191,183,164,41,152,130,102,62,5,134,112,104,99,63,74,20,138,168,140,126,16,71,19,98,60,179,47,43,187,76,101,141,11,58,64,96,177,199,166,22,195,119,81,153,80,36,150,56,100,54,113,116,124,160,45,121];True
8968;6552;15520;[73,174,67,36,149,83,59,57,132,75,163,133,12,185,86,80,193,84,89,3,161,159,15,135,194,115,46,44,37,190,109,10,184,51,34,91,69,28,8,118,180,53,188,48,92,90,131,148,93,14,178,142,66,61,145,94,13,151,7,38,176,35,97,128,52,2,167,107,123,50,155,65,198,17,82,18,0,95,196,170,77,25,105,4,6,88,70,108,21,106,154,122,197,24,72,78,111,110,171,189,49,127,30,114,182,139,29,137,158,175,85,1,117,120,157,173,186,79,42,27,169,172,39,32,55,125,33,192,165,40,87,181,68,9,103,162,147,23,136,144,156,146,31,143,191,183,164,41,152,130,102,62,5,134,112,104,99,63,74,20,138,168,140,126,16,71,19,98,60,179,47,43,187,76,101,141,11,58,64,96,177,199,166,22,195,119,81,153,129,26,150,56,100,54,113,116,124,160,45,121];False
9109;6546;15655;[73,174,67,36,149,83,59,57,132,75,163,86,151,185,133,11,169,84,89,3,161,159,15,135,194,115,46,44,37,190,109,10,184,51,34,91,69,28,8,118,180,53,188,48,92,90,131,148,93,14,178,142,66,61,145,94,13,12,7,38,176,35,97,128,52,2,167,107,123,50,155,65,198,17,82,18,0,95,196,170,77,25,105,4,6,88,70,108,21,106,154,122,197,24,72,78,111,110,171,189,49,127,30,114,182,139,29,137,158,175,85,1,117,120,157,173,186,79,42,27,193,172,39,32,55,125,33,192,165,40,87,181,68,9,103,162,147,23,136,144,156,146,31,143,191,183,164,41,152,130,102,62,5,134,112,104,99,63,74,20,138,168,140,126,16,71,19,98,60,179,47,43,187,76,101,141,80,58,64,96,177,199,166,22,195,119,81,153,129,26,150,56,100,54,113,116,124,160,45,121];False
9189;6542;15731;[50,174,67,36,149,11,59,98,3,161,163,86,12,185,54,57,169,6,89,23,136,160,15,135,194,115,46,44,37,190,109,10,184,51,34,91,69,28,8,118,180,159,188,48,92,90,131,148,93,14,178,142,191,61,145,94,13,101,7,38,176,35,97,128,52,2,167,107,123,73,155,65,198,17,82,49,133,18,132,170,77,25,105,4,84,88,70,108,21,106,154,122,197,24,72,78,111,110,171,189,130,127,30,114,182,139,29,137,158,175,85,1,117,120,157,173,186,79,42,27,193,172,39,32,55,125,33,192,165,40,87,181,68,9,103,162,147,196,95,144,156,146,31,143,53,183,164,41,75,152,102,62,5,134,112,104,99,63,74,20,138,168,140,126,16,71,19,83,60,179,47,43,187,76,151,141,80,58,64,96,177,199,166,22,195,119,81,153,129,26,150,56,100,0,113,116,124,66,45,121];False
9279;6537;15816;[73,174,67,36,149,80,59,57,132,75,137,86,151,185,133,98,193,84,89,3,161,159,15,135,194,115,46,44,37,190,109,10,184,51,34,91,69,28,8,118,180,53,188,48,92,90,131,148,93,14,178,142,66,61,145,94,13,12,7,38,176,35,97,128,52,2,167,107,123,50,155,65,198,17,82,18,0,95,196,170,77,25,105,4,6,88,70,108,21,106,154,122,197,24,72,78,111,110,171,189,49,127,30,114,182,139,29,163,158,175,85,1,117,120,157,173,186,79,42,27,169,172,39,32,55,125,33,192,165,40,87,181,68,9,103,162,147,23,136,144,156,146,31,143,191,183,164,41,152,130,102,62,5,134,112,104,99,63,74,20,138,168,140,126,16,71,19,83,60,179,47,43,187,76,101,141,11,58,64,96,177,199,166,22,195,119,81,153,129,26,150,56,100,54,113,116,124,160,45,121];False
9079;6547;15626;[73,174,67,36,149,80,59,57,132,75,163,86,151,185,133,98,169,84,89,3,161,28,15,135,194,115,46,44,37,190,109,10,184,51,34,91,69,159,8,118,180,53,188,48,92,90,131,148,93,14,178,142,66,61,145,94,13,12,7,38,176,35,97,128,52,2,167,107,123,50,155,65,198,17,82,18,0,95,196,170,77,25,105,4,6,88,70,108,21,106,154,122,197,24,72,78,111,110,171,189,49,127,30,114,182,139,29,137,158,175,85,1,117,120,157,173,186,79,42,27,193,172,39,32,55,125,33,192,165,40,87,181,68,9,103,162,147,23,136,144,156,146,31,143,191,183,164,41,152,130,102,62,5,134,112,104,99,63,74,20,138,168,140,126,16,71,19,83,60,179,47,43,187,76,101,141,11,58,64,96,177,199,166,22,195,119,81,153,129,26,150,56,100,54,113,116,124,160,45,121];False
9585;6527;16112;[50,174,23,136,149,11,59,57,132,152,163,86,151,185,133,98,169,6,89,3,161,159,15,135,194,115,46,44,37,190,109,10,184,51,34,91,69,28,8,118,180,53,188,48,92,90,131,148,93,14,178,142,66,61,145,94,13,12,7,38,176,35,97,128,52,2,167,107,123,73,155,65,198,17,82,18,0,36,196,170,77,25,105,4,84,88,70,108,21,106,154,122,197,24,72,78,111,110,171,189,49,127,30,114,182,139,29,137,158,175,85,1,117,120,157,173,186,79,42,27,193,172,39,32,55,125,33,192,165,40,87,181,68,9,103,162,147,67,95,144,156,146,31,143,191,183,164,41,75,130,102,62,5,134,112,104,99,63,74,20,138,168,140,126,16,71,19,83,60,179,47,43,187,76,101,141,80,58,64,96,177,199,166,22,195,119,81,153,129,26,150,56,100,54,113,116,124,160,45,121];False
9896;6524;16420;[50,174,23,136,149,36,59,57,132,152,163,86,12,185,0,98,169,6,89,3,161,159,15,135,194,115,46,44,37,190,109,10,184,48,34,91,69,28,8,118,180,53,188,51,92,90,131,148,93,14,178,142,66,61,145,94,13,101,7,38,176,35,97,128,52,2,167,107,123,73,155,65,198,17,82,49,133,18,196,170,77,25,105,4,84,88,70,108,21,106,154,122,197,24,72,78,111,110,171,189,80,127,30,114,182,139,29,137,158,175,85,1,117,120,157,173,186,79,42,27,193,172,39,32,55,125,33,192,165,40,87,181,68,9,103,162,147,67,95,144,156,146,31,143,191,183,164,41,75,130,102,62,5,134,112,104,99,63,74,20,138,168,140,126,16,71,19,83,60,179,47,43,187,76,151,141,11,58,64,96,177,199,166,22,195,119,81,153,129,26,150,56,100,54,113,116,124,160,45,121];True
2003;7301;9304;[180,123,129,162,19,87,121,178,111,132,130,84,77,112,93,147,66,157,103,105,74,188,144,31,142,117,167,61,45,138,41,49,78,128,42,57,197,146,190,126,143,160,91,1,33,124,44,196,36,46,140,92,82,23,189,81,0,85,22,26,176,193,109,20,170,95,38,139,9,4,70,194,34,198,174,184,35,67,32,72,163,25,51,8,16,125,11,113,156,71,165,65,37,94,173,18,131,110,101,59,80,100,30,134,148,195,97,58,175,151,7,191,181,68,118,6,137,158,54,52,119,187,39,107,55,14,13,172,12,89,75,149,15,135,53,183,69,159,164,90,28,155,73,99,106,136,115,152,2,161,102,86,133,76,122,116,104,17,145,56,21,108,192,40,169,182,29,154,60,177,27,43,127,96,171,141,98,114,64,79,179,47,88,5,186,199,83,153,166,24,150,10,185,62,120,3,168,50,48,63];True
2074;7233;9307;[50,190,121,178,9,143,149,19,172,12,130,84,77,112,93,147,66,157,103,105,74,188,144,31,142,117,167,61,45,138,41,49,78,128,42,57,197,146,162,126,118,160,91,1,33,124,180,196,36,46,140,92,82,23,189,81,0,85,22,26,176,193,109,20,170,95,38,139,65,4,70,194,34,198,174,184,35,67,32,72,163,25,51,8,16,125,11,113,156,71,165,87,37,94,173,18,131,110,101,59,80,100,30,134,148,195,97,58,151,175,7,191,181,68,123,6,137,158,54,52,119,187,39,107,55,14,13,111,132,89,75,129,15,135,53,183,69,159,164,90,28,155,73,99,106,136,115,152,2,161,102,86,133,76,122,116,104,17,145,56,21,108,192,40,169,182,29,154,60,177,27,43,127,96,171,141,98,114,64,79,179,47,88,5,186,199,83,153,166,24,150,10,185,62,120,3,168,44,48,63];True
1994;7326;9320;[9,143,129,162,22,87,121,178,111,132,130,84,77,112,93,147,66,157,103,105,74,188,144,31,142,117,167,61,45,138,41,49,78,128,42,57,197,50,190,126,118,160,91,1,33,124,180,196,36,46,140,92,82,23,189,81,0,85,19,26,176,193,109,20,170,95,38,139,146,4,70,194,34,198,174,184,35,67,32,72,163,25,51,8,16,125,11,113,156,71,165,65,37,94,173,18,131,110,101,59,80,100,30,134,148,195,97,58,175,151,7,191,181,68,123,6,137,158,54,52,119,187,39,107,55,14,13,172,12,89,75,149,15,135,53,183,69,159,164,90,28,155,73,99,106,136,115,152,2,161,102,86,133,76,122,116,104,17,145,56,21,108,192,40,169,182,29,154,60,177,27,43,127,96,171,141,98,114,64,79,179,47,88,5,186,199,83,153,166,24,150,10,185,62,120,3,168,44,48,63];True
1956;7396;9352;[50,172,12,22,26,178,147,3,2,130,132,117,77,112,109,24,66,157,103,105,74,188,144,118,10,0,167,61,45,138,41,49,78,128,42,57,37,121,162,126,143,160,91,1,33,124,94,196,36,182,140,92,82,23,189,81,87,85,104,46,146,193,9,93,170,95,38,139,19,20,51,149,34,194,180,123,176,67,32,72,163,25,70,65,16,190,11,113,156,71,165,184,31,8,173,18,131,110,101,59,80,100,30,134,148,195,97,137,175,151,7,191,181,68,198,142,58,158,54,52,119,187,39,107,55,14,13,111,84,89,75,4,15,135,53,183,69,159,164,90,28,155,73,99,106,136,115,152,35,161,102,86,133,76,122,116,44,125,145,56,21,108,192,40,169,129,29,154,60,177,27,43,127,96,171,141,98,114,64,79,179,47,88,5,186,199,83,153,166,174,150,6,185,62,120,197,168,17,48,63];False
1901;7460;9361;[74,172,12,22,26,178,147,3,2,130,84,117,77,112,106,24,66,157,103,105,90,188,93,118,10,0,167,61,45,138,41,49,78,128,42,57,37,121,162,126,143,160,91,1,33,124,94,196,36,182,140,92,82,23,189,81,87,85,104,46,146,193,136,144,170,95,38,139,19,20,51,149,34,194,180,123,176,67,32,72,163,25,70,65,16,190,11,113,156,71,165,184,31,8,173,18,131,110,101,59,80,100,30,134,148,195,97,137,175,151,7,191,181,68,198,142,58,158,54,52,119,187,39,107,55,14,13,111,132,89,75,4,15,135,53,183,69,159,164,9,28,155,73,99,109,50,115,152,35,161,102,86,133,76,122,116,44,125,145,56,21,108,192,40,169,129,29,154,60,177,27,43,127,96,171,141,98,114,64,79,179,47,88,5,186,199,83,153,166,174,150,6,185,62,120,197,168,17,48,63];True
1954;7409;9363;[90,172,12,22,26,178,147,3,2,130,84,117,77,112,106,29,66,157,103,105,74,188,144,118,10,0,167,61,45,138,41,49,78,128,42,57,37,121,162,126,143,160,91,1,33,124,94,196,36,182,140,92,82,23,189,81,87,85,104,46,146,193,136,93,170,95,38,139,19,20,51,149,34,194,180,123,176,67,32,72,163,25,70,65,16,190,11,113,156,71,165,184,31,8,173,18,131,110,101,59,80,100,30,134,148,195,97,137,175,151,7,191,181,68,198,142,58,158,54,52,119,187,39,107,55,14,13,111,132,89,75,4,15,135,53,183,69,159,164,9,28,155,73,99,109,50,115,152,35,161,102,86,133,76,122,116,44,125,145,56,21,108,192,40,169,129,24,154,60,177,27,43,127,96,171,141,98,114,64,79,179,47,88,5,186,199,83,153,166,174,150,6,185,62,120,197,168,17,48,63];False
2160;7186;9346;[50,4,121,178,9,147,149,19,172,12,130,84,77,112,93,118,66,157,103,105,74,188,144,31,142,117,167,61,45,138,41,49,78,128,42,57,197,146,162,126,143,160,91,1,33,124,180,196,36,46,140,92,82,23,189,81,0,85,22,26,176,193,109,190,170,95,38,139,65,20,70,194,34,198,174,184,35,67,32,72,163,25,51,8,16,125,11,113,156,71,165,87,37,94,173,18,131,110,101,59,80,100,30,134,148,195,97,58,175,151,7,191,181,68,123,6,137,158,54,52,119,187,39,107,55,14,13,111,132,89,75,129,15,135,53,183,69,159,164,90,28,155,73,99,106,136,115,152,2,161,102,86,133,76,122,116,104,17,145,56,21,108,192,40,169,182,29,154,60,177,27,43,127,96,171,141,98,114,64,79,179,47,88,5,186,199,83,153,166,24,150,10,185,62,120,3,168,44,48,63];True
2208;7177;9385;[50,4,121,162,147,9,149,19,172,12,130,84,77,112,93,46,66,157,103,105,74,188,144,31,142,117,167,61,45,138,41,49,78,128,42,57,197,146,118,126,143,160,91,1,33,124,180,196,36,184,140,92,82,23,189,81,0,85,22,26,176,193,109,190,170,95,38,139,65,20,70,194,34,198,174,178,35,67,32,72,163,25,51,8,16,125,11,113,156,71,165,87,37,94,173,18,131,110,101,59,80,100,30,134,148,195,97,58,175,151,7,191,181,68,123,6,137,158,54,52,119,187,39,107,55,14,13,111,132,89,75,129,15,135,53,183,69,159,164,90,28,155,73,99,106,136,115,152,2,161,102,86,133,76,122,116,104,17,145,56,21,108,192,40,169,182,29,154,60,177,27,43,127,96,171,141,98,114,64,79,179,47,88,5,186,199,83,153,166,24,150,10,185,62,120,3,168,44,48,63];False
2279;7149;9428;[50,180,174,178,9,37,94,118,172,12,130,117,77,112,93,184,66,157,103,105,74,188,144,31,142,2,167,61,45,138,41,49,78,128,42,57,3,121,162,126,143,160,91,1,33,124,147,196,36,46,140,92,82,23,189,81,0,85,22,26,176,193,109,190,170,95,38,139,65,20,51,149,34,198,146,4,84,67,32,72,163,25,70,19,16,125,11,113,156,71,165,87,194,8,173,18,131,110,101,59,80,100,30,134,148,195,97,58,175,151,7,191,181,68,123,6,137,158,54,52,119,187,39,107,55,14,13,111,132,89,75,129,15,135,53,183,69,159,164,90,28,155,73,99,106,136,115,152,35,161,102,86,133,76,122,116,104,17,145,56,21,108,192,40,169,182,29,154,60,177,27,43,127,96,171,141,98,114,64,79,179,47,88,5,186,199,83,153,166,24,150,10,185,62,120,197,168,44,48,63];False
1822;7617;9439;[9,172,12,22,26,178,120,3,2,130,84,117,77,112,31,29,66,157,103,105,74,188,144,118,147,0,101,61,45,138,167,180,78,128,42,57,37,121,162,126,143,160,91,1,33,124,94,196,36,182,140,92,82,23,189,81,87,85,104,20,146,193,109,93,170,95,38,139,19,194,51,149,34,127,175,123,49,67,32,72,137,25,70,65,16,190,11,113,156,71,165,184,125,8,173,18,131,110,41,59,80,100,30,134,148,195,97,58,6,151,7,191,181,68,198,142,163,158,54,52,119,187,39,107,55,14,13,197,132,89,75,4,15,135,53,183,69,159,164,90,28,155,73,99,106,136,115,152,35,161,102,86,133,76,122,116,176,46,145,56,21,108,192,40,169,129,24,154,60,177,27,43,111,96,171,141,98,114,64,79,179,47,88,5,186,199,83,153,166,174,150,10,185,62,44,50,168,17,48,63];False
1767;7702;9469;[180,172,12,22,26,178,120,3,2,130,84,117,77,112,31,29,66,157,103,105,74,188,144,78,147,0,101,61,45,55,126,143,34,128,42,57,37,121,162,146,118,160,91,1,33,124,94,196,52,182,140,92,82,23,189,81,87,85,104,20,167,193,109,93,170,95,38,139,19,194,51,149,9,127,175,123,176,67,32,72,137,25,70,65,16,190,11,113,156,71,165,184,125,8,173,18,131,110,41,59,80,100,30,134,148,195,97,58,6,43,7,191,181,68,198,142,163,158,54,36,119,187,39,107,138,14,13,197,132,89,75,4,15,135,53,183,69,159,164,90,28,155,73,99,106,136,115,152,35,161,102,86,133,76,122,116,49,46,145,56,21,108,192,40,169,129,24,154,60,177,27,151,111,96,171,141,98,114,64,79,179,47,88,5,186,199,83,153,166,174,150,10,185,62,44,50,168,17,48,63];False
1873;7552;9425;[104,172,12,22,81,93,147,3,2,130,132,117,77,112,193,24,66,157,103,105,74,188,144,118,10,0,167,61,45,138,41,88,78,128,42,57,37,121,162,126,143,160,91,1,33,124,94,196,36,46,140,92,82,23,189,49,87,106,136,26,146,85,9,178,170,95,38,139,19,20,51,149,34,194,180,123,176,67,32,72,163,25,70,65,16,190,11,113,156,71,165,184,31,8,173,18,131,110,101,59,80,100,30,134,148,195,97,137,175,151,7,191,181,68,198,142,58,158,54,52,29,187,39,107,55,14,13,111,84,89,75,4,15,135,53,183,69,159,164,90,28,155,73,99,109,50,115,152,35,161,102,86,133,76,122,116,44,125,145,56,21,108,192,40,169,129,119,154,60,177,27,43,127,96,171,141,98,114,64,79,179,47,182,5,186,199,83,153,166,174,150,6,185,62,120,197,168,17,48,63];False
1792;7638;9430;[194,172,12,22,26,178,120,3,2,130,84,117,77,112,31,29,66,157,103,105,74,188,144,118,147,0,101,61,45,138,126,180,78,128,42,57,37,121,162,146,143,160,91,1,33,124,94,196,36,182,140,92,82,23,189,81,87,85,104,20,167,193,109,93,170,95,38,139,19,9,51,149,34,127,175,123,176,67,32,72,137,25,70,65,16,190,11,113,156,71,165,184,125,8,173,18,131,110,41,59,80,100,30,134,148,195,97,58,6,43,7,191,181,68,198,142,163,158,54,52,119,187,39,107,55,14,13,197,132,89,75,4,15,135,53,183,69,159,164,90,28,155,73,99,106,136,115,152,35,161,102,86,133,76,122,116,49,46,145,56,21,108,192,40,169,129,24,154,60,177,27,151,111,96,171,141,98,114,64,79,179,47,88,5,186,199,83,153,166,174,150,10,185,62,44,50,168,17,48,63];True
1798;7629;9427;[180,172,12,22,26,178,120,3,2,130,84,117,77,112,31,29,66,157,103,105,74,188,144,109,147,0,101,61,45,55,126,143,78,128,42,57,37,121,162,146,118,160,91,1,33,124,94,196,36,182,140,92,82,23,189,81,87,85,104,20,167,193,9,93,170,95,38,139,19,194,51,149,34,127,175,123,176,67,32,72,137,25,70,65,16,190,11,113,156,71,165,184,125,8,173,18,131,110,41,59,80,100,30,134,148,195,97,58,6,43,7,191,181,68,198,142,163,158,54,52,119,187,39,107,138,14,13,197,132,89,75,4,15,135,53,183,69,159,164,90,28,155,73,99,106,136,115,152,35,161,102,86,133,76,122,116,49,46,145,56,21,108,192,40,169,129,24,154,60,177,27,151,111,96,171,141,98,114,64,79,179,47,88,5,186,199,83,153,166,174,150,10,185,62,44,50,168,17,48,63];True
1721;7766;9487;[180,172,12,22,26,176,120,3,2,130,84,117,77,112,31,29,66,157,103,105,74,188,93,90,100,0,101,61,45,138,126,185,78,128,42,57,37,121,162,146,118,10,91,1,33,124,94,196,52,182,140,92,82,23,189,81,87,85,104,20,167,193,136,67,62,95,38,139,19,194,51,149,34,127,175,123,164,144,32,72,137,25,170,65,16,190,11,113,156,71,165,184,125,8,173,18,131,110,41,59,80,147,30,134,148,195,97,58,6,43,7,191,181,68,198,142,163,158,54,36,119,187,39,107,55,14,13,197,132,89,75,4,15,135,53,183,69,159,9,151,28,155,73,99,106,70,115,152,35,161,102,86,133,76,122,116,49,46,145,56,21,108,192,40,169,129,24,154,60,177,27,178,111,96,171,141,98,114,64,79,179,47,88,5,186,199,83,153,166,174,150,160,143,109,44,50,168,17,48,63];False
1725;7762;9487;[180,172,12,22,26,176,120,3,2,130,84,117,77,112,31,29,66,157,103,178,74,188,93,164,100,0,101,61,45,55,126,185,78,128,42,57,37,121,162,146,118,10,91,1,33,124,94,196,36,182,140,92,82,23,189,81,87,85,104,20,167,193,136,144,62,95,38,139,19,194,51,149,34,127,175,123,90,67,32,72,137,25,170,65,16,190,11,113,156,71,165,184,125,8,173,18,131,110,41,59,80,147,30,134,148,195,97,58,6,43,7,191,181,68,198,142,163,158,54,52,119,187,39,107,138,14,13,197,132,89,75,4,15,135,53,183,69,159,9,105,28,155,73,99,106,70,115,152,35,161,102,86,133,76,122,116,49,46,145,56,21,108,192,40,169,129,24,154,60,177,27,151,111,96,171,141,98,114,64,79,179,47,88,5,186,199,83,153,166,174,150,160,143,109,44,50,168,17,48,63];False
1619;7925;9544;[180,172,12,22,26,178,120,3,2,130,106,117,77,112,31,29,66,157,103,44,45,188,93,90,100,0,101,61,74,138,126,185,78,128,42,57,37,121,162,146,118,10,91,1,33,124,94,196,36,182,140,92,82,23,189,81,87,85,104,20,167,193,164,144,181,95,38,139,19,194,51,149,34,127,175,123,136,67,32,72,137,25,170,65,16,190,11,113,156,71,165,184,125,8,173,18,131,110,41,59,80,147,30,134,148,195,97,58,6,43,7,191,62,68,198,142,163,158,54,52,119,187,39,107,55,14,13,197,132,89,75,4,15,135,53,183,69,159,9,105,28,155,73,99,84,70,115,152,35,161,102,86,133,76,122,116,49,46,145,56,21,108,192,40,169,129,24,154,60,177,27,151,111,96,171,141,98,114,64,79,179,47,88,5,186,199,83,153,166,174,150,160,143,109,176,50,168,17,48,63];True
1631;7886;9517;[180,172,12,22,26,178,120,3,2,130,84,117,77,112,31,29,66,157,103,44,74,188,93,90,100,0,101,61,45,138,126,185,78,128,42,57,37,121,162,146,118,10,91,1,33,124,94,196,52,182,140,92,82,23,189,81,87,85,104,20,167,193,164,144,181,95,38,139,19,194,51,149,34,127,175,123,136,67,32,72,137,25,170,65,16,190,11,113,156,71,165,184,125,8,173,18,131,110,41,59,80,147,30,134,148,195,97,58,6,43,7,191,62,68,198,142,163,158,54,36,119,187,39,107,55,14,13,197,132,89,75,4,15,135,53,183,69,159,9,105,28,155,73,99,106,70,115,152,35,161,102,86,133,76,122,116,49,46,145,56,21,108,192,40,169,129,24,154,60,177,27,151,111,96,171,141,98,114,64,79,179,47,88,5,186,199,83,153,166,174,150,160,143,109,176,50,168,17,48,63];True
2374;7111;9485;[50,146,180,178,9,37,94,118,172,12,130,117,77,112,93,184,66,157,103,105,74,188,144,31,149,2,167,61,45,138,41,49,78,128,42,57,3,121,162,126,143,160,91,1,33,124,147,196,36,46,140,92,82,23,189,81,0,85,22,26,176,193,109,190,170,95,38,139,65,20,51,142,34,198,174,4,84,67,32,72,163,25,70,19,16,125,11,113,156,71,165,87,194,8,173,18,131,110,101,59,80,100,30,134,148,195,97,58,175,151,7,191,181,68,123,6,137,158,54,52,119,187,39,107,55,14,13,111,132,89,75,129,15,135,53,183,69,159,164,90,28,155,73,99,106,136,115,152,35,161,102,86,133,76,122,116,104,17,145,56,21,108,192,40,169,182,29,154,60,177,27,43,127,96,171,141,98,114,64,79,179,47,88,5,186,199,83,153,166,24,150,10,185,62,120,197,168,44,48,63];True
1601;7973;9574;[180,172,12,22,26,178,120,3,2,130,106,117,77,112,31,29,66,157,103,188,74,44,93,90,100,0,101,61,45,55,126,185,78,128,42,57,37,121,162,146,118,10,91,1,33,124,94,196,52,182,140,92,82,23,189,81,87,85,104,20,167,193,164,144,181,95,38,139,19,194,51,149,34,127,175,123,136,67,32,72,137,25,170,65,16,190,11,113,156,71,165,184,125,8,173,18,131,110,41,59,80,147,30,134,148,195,97,58,6,43,7,191,62,68,198,142,163,158,54,36,119,187,39,107,138,14,13,197,132,89,75,4,15,135,53,183,69,159,9,105,28,155,73,99,84,70,115,152,35,161,102,86,133,76,122,116,49,46,145,56,21,108,192,40,169,129,24,154,60,177,27,151,111,96,171,141,98,114,64,79,179,47,88,5,186,199,83,153,166,174,150,160,143,109,176,50,168,17,48,63];False
1590;8010;9600;[198,155,29,154,141,119,187,7,130,107,105,146,118,178,192,183,104,17,53,162,173,18,57,120,24,197,15,135,34,159,82,134,121,10,123,90,41,22,38,14,168,50,94,60,49,153,185,127,39,148,69,28,129,8,93,46,55,165,42,166,59,36,23,12,54,151,175,83,117,98,78,171,81,52,150,140,92,100,58,79,177,95,167,61,181,65,76,5,27,133,96,157,138,45,188,87,66,126,124,86,112,40,51,106,143,160,80,71,9,190,43,128,85,164,111,195,25,37,145,139,33,13,137,158,182,109,21,73,6,56,63,31,142,115,152,102,186,113,196,89,26,176,72,74,4,97,131,0,199,62,1,189,108,84,99,174,184,161,156,147,3,169,191,11,194,180,163,170,103,91,35,125,149,32,44,114,68,116,20,67,193,16,136,144,70,19,64,101,122,172,77,2,110,30,179,47,132,75,88,48];True
2505;7082;9587;[174,184,123,190,109,31,6,193,172,12,130,22,195,112,93,118,66,157,103,105,20,188,87,37,147,149,167,61,45,138,41,49,78,128,42,57,3,121,162,126,143,160,91,1,33,124,94,196,36,44,140,92,82,23,189,81,0,85,19,26,176,46,9,178,170,95,38,139,144,63,51,50,34,194,180,4,84,67,32,72,163,25,70,65,16,117,77,113,156,71,165,2,74,8,173,18,131,110,101,59,80,100,30,134,148,11,97,58,175,151,7,191,181,68,198,142,137,158,54,52,119,187,39,107,55,14,13,111,132,89,75,129,15,135,53,183,69,159,164,90,28,155,73,99,106,136,115,152,35,161,102,86,133,76,122,116,104,125,145,56,21,108,192,40,169,182,29,154,60,177,27,43,127,96,171,141,98,114,64,79,179,47,88,5,186,199,83,153,166,24,150,10,185,62,120,197,168,17,48,146];False
2488;7088;9576;[50,146,180,37,109,44,82,4,172,12,130,117,77,112,93,118,66,157,103,105,74,188,144,31,19,2,167,61,45,138,41,49,78,128,42,57,3,121,162,126,143,160,91,1,33,124,94,196,36,46,140,92,147,23,189,81,0,85,22,26,176,193,16,178,170,95,38,139,65,20,51,149,34,198,174,184,84,67,32,72,163,25,70,6,9,190,11,113,156,71,165,87,194,8,173,18,131,110,101,59,80,100,30,134,148,195,97,58,175,151,7,191,181,68,123,142,137,158,54,52,119,187,39,107,55,14,13,111,132,89,75,129,15,135,53,183,69,159,164,90,28,155,73,99,106,136,115,152,35,161,102,86,133,76,122,116,104,125,145,56,21,108,192,40,169,182,29,154,60,177,27,43,127,96,171,141,98,114,64,79,179,47,88,5,186,199,83,153,166,24,150,10,185,62,120,197,168,17,48,63];False
2744;7011;9755;[34,118,20,190,109,147,6,193,172,12,130,22,195,112,93,144,66,157,103,105,74,188,87,37,174,149,167,61,45,138,41,49,78,128,42,57,3,121,162,126,143,160,91,1,33,124,94,196,36,44,140,92,82,23,189,81,0,85,19,26,176,46,9,178,170,95,38,139,123,146,51,50,31,194,180,4,84,67,32,72,163,25,70,65,16,117,77,113,156,71,165,2,184,8,173,18,131,110,101,59,80,100,30,134,148,11,97,58,175,151,7,191,181,68,198,142,137,158,54,52,119,187,39,107,55,14,13,111,132,89,75,129,15,135,53,183,69,159,164,90,28,155,73,99,106,136,115,152,35,161,102,86,133,76,122,116,104,125,145,56,21,108,192,40,169,182,29,154,60,177,27,43,127,96,171,141,98,114,64,79,179,47,88,5,186,199,83,153,166,24,150,10,185,62,120,197,168,17,48,63];False
2730;7015;9745;[34,103,105,190,109,118,6,193,172,12,130,22,195,112,93,147,66,157,20,123,74,188,87,37,174,149,167,61,45,138,41,49,78,128,42,57,3,121,162,126,143,160,91,1,33,124,94,196,36,44,140,92,82,23,189,81,0,85,19,26,176,46,9,178,170,95,38,139,144,146,51,50,31,194,180,4,84,67,32,72,163,25,70,65,16,117,77,113,156,71,165,2,184,8,173,18,131,110,101,59,80,100,30,134,148,11,97,58,175,151,7,191,181,68,198,142,137,158,54,52,119,187,39,107,55,14,13,111,132,89,75,129,15,135,53,183,69,159,164,90,28,155,73,99,106,136,115,152,35,161,102,86,133,76,122,116,104,125,145,56,21,108,192,40,169,182,29,154,60,177,27,43,127,96,171,141,98,114,64,79,179,47,88,5,186,199,83,153,166,24,150,10,185,62,120,197,168,17,48,63];False
1550;8199;9749;[29,71,63,69,141,119,148,128,130,107,105,44,140,178,192,183,154,50,53,162,173,18,57,120,24,197,15,118,198,159,82,134,121,10,123,90,41,22,38,150,168,17,100,60,49,153,185,127,39,187,147,67,129,8,93,46,55,165,42,166,59,36,23,12,54,151,175,83,117,98,78,171,81,52,174,135,14,94,58,79,177,95,167,61,181,65,76,5,27,133,96,157,138,45,188,87,66,126,124,86,112,40,51,106,143,160,80,28,9,190,43,7,85,164,111,195,25,37,145,139,33,13,137,158,182,109,21,73,6,56,92,31,142,115,152,102,186,113,196,89,26,176,72,74,4,97,131,0,199,62,1,189,108,84,34,155,184,161,156,104,3,169,191,11,194,180,163,170,103,91,35,125,149,32,99,114,68,20,116,146,193,16,136,144,70,19,64,101,122,172,77,2,110,30,179,47,132,75,88,48];True
2580;7059;9639;[74,138,31,190,109,118,6,193,172,12,130,22,195,112,93,147,66,157,103,105,20,188,87,37,174,149,167,61,45,123,41,49,78,128,42,57,3,121,162,126,143,160,91,1,33,124,94,196,36,44,140,92,82,23,189,81,0,85,19,26,176,46,9,178,170,95,38,139,144,146,51,50,34,194,180,4,84,67,32,72,163,25,70,65,16,117,77,113,156,71,165,2,184,8,173,18,131,110,101,59,80,100,30,134,148,11,97,58,175,151,7,191,181,68,198,142,137,158,54,52,119,187,39,107,55,14,13,111,132,89,75,129,15,135,53,183,69,159,164,90,28,155,73,99,106,136,115,152,35,161,102,86,133,76,122,116,104,125,145,56,21,108,192,40,169,182,29,154,60,177,27,43,127,96,171,141,98,114,64,79,179,47,88,5,186,199,83,153,166,24,150,10,185,62,120,197,168,17,48,63];False
2895;6992;9887;[20,51,34,190,109,147,6,193,172,12,36,22,195,112,93,118,66,157,103,105,74,188,87,37,174,149,167,61,45,138,41,49,78,128,42,57,3,121,162,126,143,160,91,1,33,124,94,196,130,104,140,92,82,23,189,81,0,85,19,26,176,46,9,178,170,95,38,139,144,123,146,50,31,194,180,4,84,67,32,72,163,25,70,65,16,117,77,113,156,71,165,2,184,8,173,18,131,110,101,59,80,100,30,134,148,11,97,58,175,151,7,191,181,68,198,142,137,158,54,52,119,187,39,107,55,14,13,111,132,89,75,129,15,135,53,183,69,159,164,90,28,155,73,99,106,136,115,152,35,161,102,86,133,76,122,116,44,125,145,56,21,108,192,40,169,182,29,154,60,177,27,43,127,96,171,141,98,114,64,79,179,47,88,5,186,199,83,153,166,24,150,10,185,62,120,197,168,17,48,63];False
3097;6972;10069;[50,194,8,125,145,16,6,193,172,132,130,22,195,112,93,178,66,157,103,105,20,188,87,37,174,149,167,61,45,138,41,49,78,128,42,57,3,121,162,126,143,160,142,1,33,124,94,196,36,184,140,17,82,23,189,81,0,85,19,26,176,46,9,147,170,95,38,139,144,63,51,56,92,21,180,4,84,67,32,72,163,25,70,198,91,117,77,113,156,71,165,2,168,31,173,18,131,110,101,59,80,100,30,134,148,11,97,58,175,151,7,191,181,68,123,190,137,158,54,52,119,187,39,107,55,14,13,111,12,89,75,129,15,135,53,183,69,159,164,90,28,155,73,99,106,136,115,152,35,161,102,86,133,76,122,116,65,118,109,74,34,108,192,40,169,182,29,154,60,177,27,43,127,96,171,141,98,114,64,79,179,47,88,5,186,199,83,153,166,24,150,10,185,62,120,197,104,44,48,146];False
3159;6963;10122;[50,194,8,125,145,72,6,193,172,12,130,22,195,112,93,178,66,157,103,105,20,188,87,198,174,149,167,61,45,138,41,49,78,128,42,57,3,121,162,126,143,160,142,1,33,124,94,196,36,184,140,17,82,23,189,81,0,85,19,26,176,46,9,91,170,95,38,139,144,63,51,56,92,21,180,4,84,67,32,147,163,25,70,37,16,117,77,113,156,71,165,2,168,31,173,18,131,110,101,59,80,100,30,134,148,11,97,58,175,151,7,191,181,68,123,190,137,158,54,52,119,187,39,107,55,14,13,111,132,89,75,129,15,135,53,183,69,159,164,90,28,155,73,99,106,136,115,152,35,161,102,86,133,76,122,116,65,118,109,74,34,108,192,40,169,182,29,154,60,177,27,43,127,96,171,141,98,114,64,79,179,47,88,5,186,199,83,153,166,24,150,10,185,62,120,197,104,44,48,146];False
3057;6968;10025;[16,194,180,41,187,117,113,9,172,132,130,22,195,112,2,169,191,190,66,157,20,188,87,37,174,149,167,61,45,138,104,125,78,128,42,57,3,121,162,126,143,160,91,77,33,124,94,196,166,103,140,17,82,23,189,81,0,85,19,26,176,46,184,142,170,95,38,139,144,63,51,56,21,92,147,4,84,67,32,72,163,25,70,74,198,173,8,93,156,71,165,193,168,31,6,18,131,110,101,59,80,100,30,134,148,11,97,58,175,151,7,1,181,68,123,89,137,158,54,52,12,49,39,107,55,14,13,111,119,145,75,129,15,135,53,183,69,159,164,90,28,155,73,99,106,136,115,152,35,161,102,86,133,76,122,116,65,118,109,50,34,108,192,40,36,182,29,154,60,177,27,43,127,96,171,141,98,114,64,79,179,47,88,5,186,199,83,153,197,24,150,10,185,62,120,178,105,44,48,146];False
3371;6944;10315;[50,194,180,41,187,117,113,9,172,132,166,22,12,112,2,169,191,93,66,157,20,188,87,37,174,149,167,61,45,138,104,125,78,128,171,57,3,121,162,126,143,160,91,77,33,124,94,196,130,103,140,17,82,23,189,81,0,85,19,26,176,46,184,142,170,95,38,139,144,63,51,56,21,92,147,4,84,67,32,72,163,25,70,16,198,173,8,190,156,71,165,193,168,31,6,18,131,110,101,59,80,100,30,134,148,11,97,58,175,151,7,1,181,68,123,89,137,158,54,52,119,49,39,107,55,14,13,111,195,145,75,129,15,135,53,183,69,159,164,90,28,155,73,99,106,136,115,152,35,161,102,86,133,76,122,116,65,118,109,74,34,108,192,40,36,182,29,154,60,177,27,43,127,96,42,141,98,114,64,79,179,47,88,5,186,199,83,153,197,24,150,10,185,62,120,178,105,44,48,146];False
1526;8617;10143;[92,102,49,122,114,3,2,129,72,105,99,73,140,178,192,10,123,17,8,94,173,18,25,120,24,197,15,9,150,143,67,75,147,65,124,142,130,22,38,21,135,14,60,151,7,153,187,127,39,107,85,76,50,53,93,27,30,134,58,86,181,82,23,12,54,158,121,168,117,98,78,110,81,52,106,118,183,83,26,79,185,148,167,61,59,36,46,5,41,133,96,157,138,45,188,87,66,126,198,159,174,1,51,29,154,156,160,71,69,190,43,128,101,164,111,88,40,37,145,139,33,13,172,195,182,109,141,35,6,56,189,194,31,171,152,57,186,113,196,89,162,146,28,74,4,97,131,0,199,62,44,34,108,20,55,155,184,161,80,137,177,169,191,11,104,180,163,170,95,91,90,125,149,32,68,63,100,116,175,165,193,16,136,144,70,19,64,103,112,84,77,115,179,176,42,47,132,166,119,48];False
3288;6954;10242;[74,194,180,41,187,117,113,9,172,132,166,22,119,112,2,169,191,93,66,157,20,188,87,37,174,149,167,61,45,138,104,125,78,128,42,57,3,121,162,126,143,160,91,77,33,124,94,196,130,103,140,17,82,23,189,81,0,85,19,26,176,46,184,142,170,95,38,139,144,63,51,56,21,92,147,4,84,67,32,72,163,25,70,16,198,173,8,190,156,71,165,193,168,31,6,18,131,110,101,59,80,100,30,134,148,11,97,58,175,151,7,1,181,68,123,89,137,158,54,52,12,49,39,107,55,14,13,111,195,145,75,129,15,135,53,183,69,159,164,90,28,155,73,99,106,136,115,152,35,161,102,86,133,76,122,116,65,118,109,50,34,108,192,40,36,182,29,154,60,177,27,43,127,96,171,141,98,114,64,79,179,47,88,5,186,199,83,153,197,24,150,10,185,62,120,178,105,44,48,146];False
3333;6944;10277;[4,188,144,132,130,5,42,22,38,178,192,89,18,181,68,48,63,118,44,140,124,94,75,36,145,196,113,61,45,138,65,82,187,128,134,195,33,183,162,126,143,160,91,6,77,149,189,148,173,103,123,17,84,122,2,97,0,85,19,26,176,116,146,49,170,95,167,93,66,135,16,56,21,92,147,3,32,165,169,142,163,25,70,90,41,88,40,37,156,71,8,184,168,31,72,78,131,110,101,59,80,100,30,52,182,139,125,58,151,175,197,1,117,98,157,136,137,158,54,12,193,172,39,107,55,14,13,111,114,119,67,129,15,9,28,105,69,159,164,190,109,155,73,99,106,194,115,152,35,161,102,186,133,76,112,104,74,53,34,108,51,50,198,174,23,20,29,154,60,179,27,43,127,96,171,141,11,57,64,79,177,47,166,83,86,199,81,153,7,24,150,10,185,62,120,87,46,180,191,121];False
3637;6893;10530;[16,144,164,196,130,5,42,22,40,87,192,89,18,181,68,48,63,118,44,140,124,94,75,36,145,67,167,61,45,188,65,82,187,128,134,195,33,183,162,126,143,160,91,6,77,149,189,166,173,103,123,17,84,122,2,97,0,85,19,26,176,116,146,49,170,95,113,93,66,135,74,56,21,92,147,3,32,165,169,142,163,25,70,90,41,88,138,37,156,71,8,184,168,31,72,78,131,110,101,59,80,100,30,52,182,139,125,58,151,175,197,1,117,98,157,136,137,158,54,12,193,172,39,107,55,14,13,111,114,119,132,129,15,9,28,105,69,159,38,190,109,155,73,99,106,4,115,152,35,161,102,186,133,76,112,104,20,53,34,108,51,50,198,174,23,194,29,154,60,179,27,43,127,96,171,141,11,57,64,79,177,47,148,83,86,199,81,153,7,24,150,10,185,62,120,178,46,180,191,121];False
1516;8791;10307;[93,113,61,19,64,101,75,175,145,143,160,105,174,118,48,99,141,86,45,15,173,18,25,115,24,197,26,9,7,20,129,72,147,65,92,106,196,22,38,14,3,2,110,12,165,153,122,127,39,73,87,76,50,51,74,100,30,134,137,111,181,82,23,151,54,158,121,6,49,112,187,142,81,52,108,53,183,83,77,79,185,148,167,189,59,36,46,5,27,133,96,157,138,41,152,56,66,126,198,159,140,182,31,29,154,156,117,71,69,190,43,128,85,164,178,192,40,124,150,139,33,13,172,195,10,78,60,35,88,135,34,194,130,171,116,57,186,98,84,89,162,146,119,28,4,97,131,67,199,62,102,120,1,114,55,155,184,161,80,58,177,169,191,11,104,193,163,170,95,91,90,125,149,32,68,63,37,109,0,94,8,16,136,144,70,168,17,103,21,180,107,188,179,176,42,47,132,166,123,44];False
1489;8854;10343;[174,113,61,19,64,101,110,175,145,143,160,105,93,118,48,99,141,86,45,15,173,18,25,115,24,197,26,9,7,20,129,72,147,65,92,106,196,22,38,14,3,2,75,12,165,153,122,127,39,73,87,76,50,51,74,100,30,134,137,187,181,82,23,151,54,158,121,6,49,112,31,142,81,52,108,53,183,83,17,79,185,148,167,189,59,36,46,5,27,133,96,157,138,41,152,56,66,126,198,159,140,182,111,29,154,156,117,71,69,190,43,128,85,164,178,192,40,124,150,139,33,13,172,195,10,78,60,35,88,135,34,194,130,171,116,57,186,98,84,89,162,146,119,28,4,97,131,67,199,62,102,120,1,114,55,155,184,161,80,58,177,169,191,11,104,193,163,170,95,91,90,125,149,32,68,63,37,109,0,94,8,16,136,144,70,168,77,103,21,180,107,188,179,176,42,47,132,166,123,44];False
1471;8907;10378;[51,113,61,19,64,101,100,175,145,143,160,105,174,118,48,99,141,86,45,15,173,18,25,115,24,197,26,9,7,20,129,72,147,65,92,106,196,22,38,34,3,2,75,12,165,153,122,127,39,73,87,76,50,53,93,110,30,134,137,111,181,82,23,151,54,158,121,6,49,112,187,142,81,52,108,74,183,83,17,79,185,148,167,189,59,36,46,5,27,133,96,157,138,41,152,56,66,126,198,159,140,182,31,29,154,156,117,71,69,190,43,128,85,164,178,192,40,124,150,139,33,13,172,195,10,78,60,35,88,135,14,194,130,171,116,57,186,98,84,89,162,146,119,28,4,97,131,67,199,62,102,120,1,114,55,155,184,161,80,58,177,169,191,11,104,193,163,170,95,91,90,125,149,32,68,63,37,109,0,94,8,16,136,144,70,168,77,103,21,180,107,188,179,176,42,47,132,166,123,44];False
1451;8967;10418;[194,113,61,19,49,145,100,0,101,174,196,14,94,118,48,99,141,86,45,15,173,18,25,115,24,197,26,9,7,20,129,72,147,65,92,106,130,22,38,34,3,2,75,12,165,153,122,127,39,73,87,76,50,53,93,110,30,134,137,111,181,82,23,151,54,158,121,6,64,112,187,142,81,52,108,74,183,83,17,79,185,148,167,189,59,36,46,5,27,133,96,157,138,41,152,56,66,126,198,159,140,182,51,29,154,156,117,71,69,190,43,128,85,164,178,192,40,124,150,139,33,13,172,195,10,78,60,35,88,135,105,160,31,171,116,57,186,98,84,89,162,146,119,28,4,97,131,67,199,62,102,120,1,114,55,155,184,161,80,58,177,169,191,11,104,193,163,170,95,91,90,125,149,32,68,63,37,109,175,143,8,16,136,144,70,168,77,103,21,180,107,188,179,176,42,47,132,166,123,44];False
3626;6881;10507;[20,190,188,87,130,5,42,47,57,3,192,89,18,181,68,48,63,118,44,140,124,94,75,36,145,196,113,61,45,138,65,82,187,128,134,195,33,183,162,126,143,160,91,6,77,149,189,166,173,103,168,17,84,122,2,97,0,85,19,26,176,116,142,49,170,95,167,93,66,135,74,56,21,92,147,67,32,165,169,23,163,25,70,90,41,88,164,37,156,71,8,184,123,146,72,78,131,110,101,59,80,100,30,114,182,139,125,58,151,175,197,1,117,98,157,136,137,158,54,12,193,172,39,107,55,14,13,111,52,40,132,129,15,9,28,105,69,159,38,144,109,155,73,99,106,4,115,152,35,161,102,186,133,76,112,104,31,53,34,108,51,50,198,174,16,194,29,154,60,179,27,43,127,96,171,141,11,22,64,79,177,119,148,83,86,199,81,153,7,24,150,10,185,62,120,178,46,180,191,121];True
1434;9044;10478;[117,112,48,10,92,145,100,129,8,94,196,1,189,72,105,99,141,86,45,15,173,18,25,120,24,197,26,9,7,20,67,118,147,87,37,106,130,22,38,34,3,2,75,12,165,153,122,127,39,73,65,76,50,53,93,110,30,134,137,111,181,82,23,151,54,158,121,6,64,98,187,142,81,52,108,74,183,83,17,79,185,148,167,61,59,36,46,5,27,133,96,157,138,41,152,56,66,126,198,159,174,19,51,29,154,156,160,71,69,190,43,128,85,164,178,192,40,124,150,139,33,13,172,195,182,78,60,35,88,135,140,194,31,171,116,57,186,113,84,89,162,146,119,28,4,97,131,0,199,62,102,115,14,114,55,155,184,161,80,58,177,169,191,11,104,193,163,170,95,91,90,125,149,32,68,63,49,109,175,143,101,16,136,144,70,168,77,103,21,180,107,188,179,176,42,47,132,166,123,44];False
1415;9145;10560;[41,196,48,10,78,145,100,129,8,94,112,1,189,72,105,99,141,17,45,15,173,18,25,120,24,197,26,9,77,20,67,118,147,65,87,106,130,22,38,34,3,2,75,12,165,153,122,127,39,73,92,76,50,53,93,110,30,134,58,86,181,82,23,151,54,158,121,6,117,98,187,142,81,52,108,74,183,83,7,79,185,148,167,61,59,36,46,5,27,133,96,157,138,178,152,56,66,126,198,159,174,19,51,29,154,156,160,71,69,190,43,128,85,164,111,192,40,124,150,139,33,13,172,195,182,37,60,35,88,135,140,194,31,171,116,57,186,113,84,89,162,146,119,28,4,97,131,0,199,62,102,115,14,114,55,155,184,161,80,137,177,169,191,11,104,193,163,170,95,91,90,125,149,32,68,63,49,109,175,143,101,16,136,144,70,168,64,103,21,180,107,188,179,176,42,47,132,166,123,44];False
3809;6854;10663;[20,190,188,87,130,5,42,119,132,142,28,115,18,181,68,48,63,118,44,140,124,94,75,36,145,196,113,61,45,138,123,82,187,128,134,195,33,183,65,126,143,160,91,6,77,149,189,148,173,116,168,17,84,122,2,97,0,85,19,26,176,3,89,49,170,95,167,93,66,135,74,56,21,92,147,67,32,165,169,23,163,25,70,90,41,88,164,37,156,71,8,184,162,109,72,78,131,110,101,59,80,100,30,114,182,139,125,58,151,175,197,1,117,98,157,136,137,158,54,57,193,172,39,107,55,14,13,111,52,40,12,129,15,9,103,105,69,159,38,144,146,155,73,99,106,4,192,152,35,161,102,186,133,76,112,104,31,53,34,108,51,50,198,174,16,194,29,154,60,179,27,43,127,96,171,141,11,22,64,79,177,47,166,83,86,199,81,153,7,24,150,10,185,62,120,178,46,180,191,121];False
3776;6856;10632;[73,74,188,87,130,5,42,119,132,89,115,103,18,181,68,48,63,118,44,140,124,94,75,36,145,196,113,61,45,138,65,82,187,128,134,195,33,183,190,126,143,160,91,6,77,149,189,148,173,116,123,168,84,122,2,97,0,85,19,26,176,3,136,49,170,95,167,93,66,135,20,56,21,92,147,67,32,165,169,23,163,25,70,90,41,88,164,37,156,71,8,184,162,109,72,78,131,110,101,59,80,100,30,114,182,139,125,58,151,175,197,1,117,98,157,142,137,158,54,57,193,172,39,107,55,14,13,111,52,40,12,129,15,9,28,105,69,159,38,144,146,155,31,99,106,4,192,152,35,161,102,186,133,76,112,104,17,53,34,108,51,50,198,174,16,194,29,154,60,179,27,43,127,96,171,141,11,22,64,79,177,47,166,83,86,199,81,153,7,24,150,10,185,62,120,178,46,180,191,121];False
4267;6789;11056;[73,20,188,87,130,5,179,47,132,89,115,152,18,181,68,48,63,118,44,140,124,94,75,36,145,196,113,61,45,138,65,82,187,128,134,195,33,183,190,126,143,160,91,6,77,149,189,148,173,116,123,17,84,122,2,97,0,85,19,26,176,3,136,49,170,95,167,93,66,135,53,56,21,92,147,67,32,165,169,23,163,25,70,90,41,88,164,37,156,71,8,184,162,109,72,78,131,110,101,59,80,100,30,114,182,139,125,58,151,175,197,1,117,98,157,142,137,158,54,57,193,172,39,107,55,14,13,111,52,40,12,129,15,9,28,105,69,159,38,144,146,155,168,99,106,4,192,103,35,161,102,186,133,76,112,104,31,74,34,108,51,50,198,174,16,194,29,154,60,42,27,43,127,96,171,141,11,22,64,79,177,199,166,83,86,119,81,153,7,24,150,10,185,62,120,178,46,180,191,121];False
4087;6793;10880;[73,20,188,87,130,5,42,47,132,89,115,152,18,181,68,48,63,118,44,140,124,94,75,36,145,196,113,61,45,138,65,82,187,128,134,195,33,183,162,126,143,160,91,6,77,149,189,148,173,116,123,168,84,122,2,97,0,85,19,26,176,3,136,49,170,95,167,93,66,135,53,56,21,92,147,67,32,165,169,23,163,25,70,90,41,88,164,37,156,71,8,184,190,109,72,78,131,110,101,59,80,100,30,114,182,139,125,58,151,175,197,1,117,98,157,142,137,158,54,57,193,172,39,107,55,14,13,111,52,40,12,129,15,9,28,105,69,159,38,144,146,155,17,99,106,4,192,103,35,161,102,186,133,76,112,104,31,74,34,108,51,50,198,174,16,194,29,154,60,179,27,43,127,96,171,141,11,22,64,79,177,199,166,83,86,119,81,153,7,24,150,10,185,62,120,178,46,180,191,121];True
3824;6851;10675;[20,188,152,87,130,5,42,47,132,89,115,93,18,181,68,48,63,118,44,140,124,94,75,36,145,196,113,61,45,138,65,82,187,128,134,195,33,183,162,126,143,160,91,6,77,149,189,148,173,116,123,17,84,122,2,97,0,85,19,26,176,3,136,49,170,95,167,168,66,135,53,56,21,92,147,67,32,165,169,23,163,25,70,90,41,88,164,37,156,71,8,184,190,109,72,78,131,110,101,59,80,100,30,114,182,139,125,58,151,175,197,1,117,98,157,142,137,158,54,57,193,172,39,107,55,14,13,111,52,40,12,129,15,9,28,105,69,159,38,144,146,155,73,99,106,4,192,103,35,161,102,186,133,76,112,104,31,74,34,108,51,50,198,174,16,194,29,154,60,179,27,43,127,96,171,141,11,22,64,79,177,199,166,83,86,119,81,153,7,24,150,10,185,62,120,178,46,180,191,121];False
4804;6743;11547;[198,174,19,196,130,5,171,120,26,145,115,152,186,7,15,51,106,20,44,140,124,168,164,190,125,6,113,61,45,138,123,82,187,128,134,195,33,94,118,126,143,160,91,75,77,149,189,148,173,116,65,4,84,122,2,97,0,85,18,132,176,3,136,49,170,95,167,93,66,135,48,50,21,92,147,67,32,165,169,23,163,25,70,90,41,88,146,37,156,71,8,184,162,109,72,78,131,110,101,59,80,100,30,114,182,139,36,58,151,175,197,1,117,98,157,142,137,158,54,57,193,172,39,107,55,14,13,111,52,40,87,181,68,9,28,105,69,159,38,144,56,63,73,99,155,178,192,103,35,161,102,12,133,76,112,104,31,183,34,108,188,74,53,17,16,194,29,154,60,179,27,43,127,96,42,141,11,22,64,79,177,199,166,83,86,119,81,153,129,24,150,10,185,62,47,89,46,180,191,121];False
4409;6772;11181;[198,125,18,132,130,5,42,47,26,145,115,152,186,7,15,51,106,20,44,140,124,168,164,190,174,196,113,61,45,138,123,82,187,128,134,195,33,94,118,126,143,160,91,6,77,149,189,148,173,116,65,4,84,122,2,97,0,85,19,75,176,3,136,49,170,95,167,93,66,135,48,50,21,92,147,67,32,165,169,23,163,25,70,90,41,88,146,37,156,71,8,184,162,109,72,78,131,110,101,59,80,100,30,114,182,139,36,58,151,175,197,1,117,98,157,142,137,158,54,57,193,172,39,107,55,14,13,111,52,40,87,181,68,9,28,105,69,159,38,144,56,63,73,99,155,178,192,103,35,161,102,12,133,76,112,104,31,183,34,108,188,74,53,17,16,194,29,154,60,179,27,43,127,96,171,141,11,22,64,79,177,199,166,83,86,119,81,153,129,24,150,10,185,62,120,89,46,180,191,121];False
4996;6731;11727;[198,29,147,78,130,5,42,47,26,145,115,152,186,148,15,123,106,20,44,140,124,168,164,190,174,196,113,61,45,138,51,82,187,128,134,195,33,94,118,126,143,160,91,75,77,149,189,7,173,116,65,4,84,122,2,97,0,85,18,132,176,3,136,49,170,95,167,93,66,135,48,50,21,92,90,67,32,165,169,23,163,25,70,125,6,88,146,37,156,71,8,184,162,109,72,41,131,110,101,59,80,100,30,114,182,139,36,58,151,175,197,1,117,98,157,142,137,158,54,57,193,172,39,107,55,14,13,111,52,40,87,181,68,9,28,105,69,159,38,144,56,63,73,99,155,178,192,103,35,161,102,12,133,76,112,104,31,183,34,108,188,74,53,17,16,194,19,154,60,179,27,43,127,96,171,141,11,22,64,79,177,199,166,83,86,119,81,153,129,24,150,10,185,62,120,89,46,180,191,121];False
5199;6716;11915;[198,174,125,196,130,5,179,47,26,89,115,152,186,7,15,48,106,20,190,183,124,168,164,45,19,41,113,61,145,138,123,82,187,128,134,195,33,94,118,126,143,160,91,75,77,149,189,148,173,116,65,4,84,122,2,97,0,85,18,132,176,3,136,49,170,95,167,93,66,135,51,50,21,92,90,67,32,165,169,23,163,25,29,147,6,88,70,37,156,71,8,184,162,109,72,78,131,110,101,59,80,100,30,114,182,139,36,58,151,175,197,1,117,98,157,142,137,158,54,57,193,172,39,107,55,14,13,111,52,40,87,181,68,9,28,105,69,159,38,144,56,63,140,99,73,74,192,103,35,161,102,12,133,76,112,104,31,53,146,108,188,44,155,17,16,194,34,154,60,42,27,43,127,96,171,141,11,22,64,79,177,199,166,83,86,119,81,153,129,24,150,10,185,62,120,178,46,180,191,121];False
6119;6694;12813;[198,140,90,127,54,120,89,46,152,18,185,175,12,7,85,15,135,56,19,33,183,17,154,38,178,13,197,123,29,71,44,91,52,2,83,59,93,138,124,94,118,48,34,69,149,163,186,148,173,116,65,192,10,95,61,97,0,77,57,26,145,3,136,49,170,103,105,74,20,156,106,194,51,50,82,67,32,165,169,23,75,36,98,25,1,88,70,37,21,92,8,184,190,109,72,78,111,128,171,110,80,100,30,114,182,139,125,187,158,62,189,130,5,122,157,84,131,79,42,27,193,172,39,107,55,14,147,196,167,40,87,181,68,9,28,162,108,102,132,144,146,63,73,99,16,159,164,41,35,161,191,174,101,134,112,104,31,53,180,4,188,168,155,126,143,142,115,86,60,179,47,43,133,76,151,141,11,58,64,96,177,199,166,22,195,119,81,153,129,24,150,6,137,117,113,66,176,160,45,121];False
5974;6698;12672;[50,16,91,86,54,120,89,46,152,18,185,175,12,7,85,15,135,198,19,33,183,17,154,38,178,13,197,123,29,71,44,90,52,2,83,59,93,138,124,94,118,48,34,69,149,163,186,148,173,116,65,192,10,95,61,97,0,77,57,26,145,3,136,49,170,103,105,74,20,156,31,194,51,73,82,67,32,165,169,23,75,36,98,25,1,88,70,37,21,92,8,184,190,109,72,78,111,128,171,110,80,100,30,114,182,139,125,187,158,62,189,130,5,122,157,84,131,79,42,27,193,172,39,107,55,14,147,196,167,40,87,181,68,9,28,162,108,102,132,144,56,63,140,99,146,159,164,41,35,161,191,174,101,134,112,104,106,53,180,4,188,168,155,126,143,142,115,127,60,179,47,43,133,76,151,141,11,58,64,96,177,199,166,22,195,119,81,153,129,24,150,6,137,117,113,66,176,160,45,121];False
6137;6692;12829;[73,146,147,49,54,120,89,160,152,18,185,175,12,7,85,15,135,198,19,33,183,17,154,38,178,13,197,123,29,71,44,91,52,2,83,59,93,138,124,94,118,48,34,90,149,163,186,148,173,116,65,192,10,95,61,97,0,77,57,26,145,3,136,137,170,103,105,74,20,156,31,194,51,50,82,67,32,165,169,23,75,36,98,25,1,88,70,37,21,92,8,184,190,109,72,78,111,128,171,110,80,100,30,114,182,139,41,187,158,62,189,130,5,122,157,84,131,79,42,27,193,172,39,107,55,14,125,196,167,40,87,181,68,9,28,162,108,102,132,144,56,63,140,99,16,159,164,69,35,161,191,174,101,134,112,104,106,53,180,4,188,168,155,126,143,142,115,127,60,179,47,43,133,76,151,141,11,58,64,96,177,199,166,22,195,119,81,153,129,24,150,6,86,117,113,66,176,46,45,121];False
6418;6682;13100;[73,4,84,137,54,120,89,46,152,18,185,175,12,7,85,15,135,16,19,33,183,17,154,38,178,13,197,123,29,71,44,91,52,2,83,59,93,138,124,94,118,48,92,90,149,163,186,148,173,116,65,192,10,95,61,97,0,77,57,26,145,3,136,49,170,103,105,74,20,156,31,194,51,50,82,67,32,165,169,23,75,36,98,25,1,88,70,37,21,146,8,184,190,109,72,78,111,128,171,110,80,100,30,114,182,139,125,187,158,62,189,130,5,122,157,41,131,79,42,27,193,172,39,107,55,14,147,196,167,40,87,181,68,9,28,162,108,102,132,144,56,63,140,99,34,159,164,69,35,161,191,174,101,134,112,104,106,53,180,198,188,168,155,126,143,142,115,127,60,179,47,43,133,76,151,141,11,58,64,96,177,199,166,22,195,119,81,153,129,24,150,6,86,117,113,66,176,160,45,121];False
6914;6662;13576;[198,84,67,80,58,158,141,119,132,89,137,133,12,185,54,52,189,28,38,14,72,118,10,36,184,66,46,44,91,190,109,56,73,74,143,23,69,159,15,135,37,8,71,48,92,90,131,59,93,3,169,142,191,61,145,94,13,86,7,77,176,35,97,128,57,2,167,107,123,50,146,51,20,17,82,78,170,18,75,161,115,25,105,4,6,88,70,108,21,106,154,122,197,162,125,163,171,110,129,24,130,127,30,114,182,139,178,136,101,175,85,1,117,120,157,173,186,79,42,27,193,172,39,32,55,155,33,192,165,40,87,181,68,9,103,140,147,196,95,144,156,180,188,65,53,183,164,41,149,152,102,62,98,134,112,104,99,63,31,34,138,168,29,126,16,194,19,49,60,179,5,43,187,76,151,148,83,111,64,96,177,199,166,22,195,11,81,153,47,26,150,174,100,0,113,116,124,160,45,121];False
6820;6678;13498;[198,84,67,83,86,128,141,177,132,89,137,133,5,185,54,52,189,28,38,14,72,118,10,36,184,66,46,44,23,190,109,56,73,74,143,91,69,159,15,135,37,8,71,48,92,90,131,59,93,3,169,142,191,61,145,94,13,111,7,77,176,35,97,171,57,2,167,107,123,50,146,51,20,17,82,78,170,18,75,161,115,25,105,4,6,88,70,108,21,106,154,122,197,162,125,163,158,110,129,24,130,127,30,114,182,139,178,136,101,175,85,1,117,120,157,173,186,79,42,27,193,172,39,32,55,155,33,192,165,40,87,181,68,9,103,140,147,196,95,144,156,180,188,65,53,183,164,41,149,152,102,62,98,134,112,104,99,63,31,34,138,168,29,126,16,194,19,49,60,179,12,43,187,76,151,148,80,58,64,96,11,199,166,22,195,119,81,153,47,26,150,174,100,0,113,116,124,160,45,121];False
6908;6669;13577;[34,90,67,83,86,128,141,119,132,89,137,133,5,185,54,52,189,28,38,14,72,118,10,36,184,66,46,44,23,190,109,56,73,74,143,91,69,159,15,135,37,8,71,48,92,84,131,59,93,3,169,142,191,61,145,94,13,111,7,77,176,35,97,171,57,2,167,107,123,50,146,51,20,17,82,78,170,18,75,161,115,25,105,4,6,88,70,108,21,106,154,122,197,162,125,163,158,110,129,24,130,127,30,114,182,139,178,136,101,175,85,1,117,120,157,173,186,79,42,27,193,172,39,32,55,155,33,192,165,40,87,181,68,9,103,140,147,196,95,144,156,180,188,65,53,183,164,41,149,152,102,62,11,134,112,104,99,63,31,198,138,168,29,126,16,194,19,49,60,179,12,43,187,76,151,148,80,58,64,96,177,199,166,22,195,98,81,153,47,26,150,174,100,0,113,116,124,160,45,121];False
6808;6672;13480;[198,84,67,83,86,128,42,119,132,89,137,133,12,185,54,52,189,28,38,14,136,118,10,36,184,66,46,44,23,190,109,56,73,74,143,91,69,159,15,135,37,8,71,48,92,90,131,59,93,3,169,142,191,61,145,94,13,111,7,77,176,35,97,171,57,2,167,107,123,50,146,51,20,17,82,78,170,18,75,161,115,25,105,4,6,88,70,108,21,106,154,122,197,162,125,163,158,110,129,24,130,127,30,114,182,139,178,72,101,175,85,1,117,120,157,173,186,79,141,27,193,172,39,32,55,155,33,192,165,40,87,181,68,9,103,140,147,196,95,144,156,180,188,65,53,183,164,41,149,152,102,62,11,134,112,104,99,63,31,34,138,168,29,126,16,194,19,49,60,179,5,43,187,76,151,148,80,58,64,96,177,199,166,22,195,98,81,153,47,26,150,174,100,0,113,116,124,160,45,121];False
7015;6657;13672;[198,174,196,83,86,128,42,119,132,89,137,133,12,185,54,52,189,28,38,14,72,118,10,36,184,66,46,44,23,190,109,56,73,74,143,91,69,159,15,135,37,8,71,48,92,90,131,59,93,3,169,142,191,61,145,94,13,111,7,77,176,35,97,171,57,2,167,107,123,50,146,51,20,17,82,78,170,18,75,161,115,25,105,4,6,88,70,108,21,106,154,122,197,162,125,163,158,110,129,24,130,127,30,114,182,139,178,136,101,175,85,1,117,120,157,173,186,79,141,27,193,172,39,32,55,155,33,192,165,40,87,181,68,9,103,140,147,67,95,144,156,180,188,65,53,183,164,41,149,152,102,62,11,134,112,104,99,63,31,34,138,168,29,126,16,194,19,49,60,179,5,43,187,76,151,148,80,58,64,96,177,199,166,22,195,98,81,153,47,26,150,84,100,0,113,116,124,160,45,121];False
7271;6635;13906;[198,174,196,49,86,128,141,11,89,75,137,133,12,185,54,52,189,28,38,14,72,118,10,36,184,66,46,44,23,190,109,56,73,74,143,91,69,159,15,135,37,8,71,48,92,90,131,59,93,3,169,142,191,61,145,94,13,111,7,77,176,35,97,171,57,2,167,107,123,50,146,51,20,17,82,78,170,18,132,161,115,25,105,4,6,88,70,108,21,106,154,122,197,162,125,163,158,110,129,24,130,127,30,114,182,139,178,136,101,175,85,1,117,120,157,173,186,79,42,27,193,172,39,32,55,155,33,192,165,40,87,181,68,9,103,140,147,67,95,144,156,180,188,65,53,183,164,41,149,152,102,62,98,134,112,104,99,63,31,34,138,168,29,126,16,194,19,83,60,179,5,43,187,76,151,148,80,58,64,96,177,199,166,22,195,119,81,153,47,26,150,84,100,0,113,116,124,160,45,121];False
7169;6634;13803;[198,174,67,163,86,128,141,11,89,75,137,133,12,185,54,52,189,28,38,14,72,118,10,36,184,66,46,44,23,190,109,56,73,74,143,91,69,159,15,135,37,8,71,48,92,90,131,59,93,3,169,142,191,61,145,94,13,111,7,77,176,35,97,171,57,2,167,107,123,50,146,51,20,17,82,78,170,18,132,161,115,25,105,4,6,88,70,108,21,106,154,122,197,162,125,49,158,110,129,24,130,127,30,114,182,139,178,136,101,175,85,1,117,120,157,173,186,79,42,27,193,172,39,32,55,155,33,192,165,40,87,181,68,9,103,140,147,196,95,144,156,180,188,65,53,183,164,41,149,152,102,62,98,134,112,104,99,63,31,34,138,168,29,126,16,194,19,83,60,179,5,43,187,76,151,148,80,58,64,96,177,199,166,22,195,119,81,153,47,26,150,84,100,0,113,116,124,160,45,121];True
7889;6628;14517;[198,174,46,91,149,83,59,57,132,75,163,133,12,185,111,36,169,115,89,3,161,159,15,135,53,29,118,44,23,190,109,10,184,51,50,56,69,28,8,37,94,194,188,48,92,90,131,148,93,14,178,191,66,61,145,84,13,151,7,38,176,35,97,128,52,2,167,107,123,146,140,65,155,17,82,18,0,77,196,170,129,25,105,4,6,88,70,108,21,106,154,122,197,24,72,78,86,110,171,189,49,127,30,114,182,139,180,137,158,175,85,1,117,120,157,173,186,79,42,27,193,172,39,32,55,125,33,192,165,40,87,181,68,9,103,162,147,67,95,144,156,63,31,143,160,183,164,41,152,130,102,62,5,134,112,104,99,73,74,20,138,168,34,126,16,71,19,98,60,179,47,43,187,76,101,141,11,58,64,96,177,199,166,22,195,119,81,153,80,26,150,136,100,54,113,116,124,142,45,121];False
7901;6624;14525;[50,34,194,56,149,83,59,57,132,75,163,133,12,185,111,36,169,115,89,3,161,159,15,135,53,29,46,44,23,190,109,10,184,51,174,91,69,28,8,37,94,198,188,48,92,90,131,148,93,14,178,191,66,61,145,84,13,151,7,38,176,35,97,128,52,2,167,107,123,146,155,65,118,17,82,18,0,77,196,170,129,25,105,4,6,88,70,108,21,106,154,122,197,24,72,78,86,110,171,189,49,127,30,114,182,139,180,137,158,175,85,1,117,120,157,173,186,79,42,27,193,172,39,32,55,125,33,192,165,40,87,181,68,9,103,162,147,67,95,144,156,63,31,143,160,183,164,41,152,130,102,62,5,134,112,104,99,73,74,20,138,168,140,126,16,71,19,98,60,179,47,43,187,76,101,141,11,58,64,96,177,199,166,22,195,119,81,153,80,26,150,136,100,54,113,116,124,142,45,121];False
8262;6599;14861;[73,174,35,136,149,83,59,57,132,75,163,133,12,185,111,36,169,115,89,3,161,159,15,135,53,180,118,44,23,190,109,10,184,51,34,91,69,28,8,37,94,198,188,48,92,90,131,148,93,14,178,191,66,61,145,84,13,151,7,38,176,46,97,128,52,2,167,107,123,50,155,65,194,17,82,18,0,77,196,170,129,25,105,4,6,88,70,108,21,106,154,122,197,24,72,78,86,110,171,189,49,127,30,114,182,139,29,137,158,175,85,1,117,120,157,173,186,79,42,27,193,172,39,32,55,125,33,192,165,40,87,181,68,9,103,162,147,67,95,144,156,146,31,143,160,183,164,41,152,130,102,62,5,134,112,104,99,63,74,20,138,168,140,126,16,71,19,98,60,179,47,43,187,76,101,141,11,58,64,96,177,199,166,22,195,119,81,153,80,26,150,56,100,54,113,116,124,142,45,121];False
8569;6576;15145;[50,34,194,136,149,83,59,57,132,75,163,133,12,185,111,26,169,84,89,3,161,159,15,135,142,115,46,44,37,190,109,10,184,51,174,91,69,28,8,118,180,53,188,48,92,90,131,148,93,14,178,23,66,61,145,94,13,151,7,38,176,35,97,128,52,2,167,107,123,73,155,65,198,17,82,18,0,77,196,170,129,25,105,4,6,88,70,108,21,106,154,122,197,24,72,78,86,110,171,189,49,127,30,114,182,139,29,137,158,175,85,1,117,120,157,173,186,79,42,27,193,172,39,32,55,125,33,192,165,40,87,181,68,9,103,162,147,67,95,144,156,146,31,143,191,183,164,41,152,130,102,62,5,134,112,104,99,63,74,20,138,168,140,126,16,71,19,98,60,179,47,43,187,76,101,141,11,58,64,96,177,199,166,22,195,119,81,153,80,36,150,56,100,54,113,116,124,160,45,121];False
8730;6563;15293;[50,174,67,36,149,83,59,57,132,75,163,133,12,185,111,95,169,84,89,3,161,159,15,135,194,115,46,44,37,190,109,10,184,51,34,91,69,28,8,118,180,53,188,48,92,90,131,148,93,14,178,142,66,61,145,94,13,151,7,38,176,35,97,128,52,2,167,107,123,73,155,65,198,17,82,18,0,77,196,170,129,25,105,4,6,88,70,108,21,106,154,122,197,24,72,78,86,110,171,189,49,127,30,114,182,139,29,137,158,175,85,1,117,120,157,173,186,79,42,27,193,172,39,32,55,125,33,192,165,40,87,181,68,9,103,162,147,23,136,144,156,146,31,143,191,183,164,41,152,130,102,62,5,134,112,104,99,63,74,20,138,168,140,126,16,71,19,98,60,179,47,43,187,76,101,141,11,58,64,96,177,199,166,22,195,119,81,153,80,26,150,56,100,54,113,116,124,160,45,121];False
8879;6552;15431;[50,174,23,136,149,83,59,57,132,75,163,133,12,185,111,26,169,84,89,3,161,159,15,135,194,115,46,44,37,190,109,10,184,51,34,91,69,28,8,118,180,53,188,48,92,90,131,148,93,14,178,142,66,61,145,94,13,151,7,38,176,35,97,128,52,2,167,107,123,73,155,65,198,17,82,18,0,77,196,170,129,25,105,4,6,88,70,108,21,106,154,122,197,24,72,78,86,110,171,189,49,127,30,114,182,139,29,137,158,175,85,1,117,120,157,173,186,79,42,27,193,172,39,32,55,125,33,192,165,40,87,181,68,9,103,162,147,67,95,144,156,146,31,143,191,183,164,41,152,130,102,62,5,134,112,104,99,63,74,20,138,168,140,126,16,71,19,98,60,179,47,43,187,76,101,141,11,58,64,96,177,199,166,22,195,119,81,153,80,36,150,56,100,54,113,116,124,160,45,121];True
9017;6551;15568;[73,174,67,36,149,83,59,57,132,75,163,86,151,185,54,11,169,84,89,3,161,159,15,135,194,115,46,44,37,190,109,10,184,51,34,91,69,28,8,118,180,53,188,48,92,90,131,148,93,14,178,142,66,61,145,94,13,12,7,38,176,35,97,128,52,2,167,107,123,50,155,65,198,17,82,18,0,95,196,170,77,25,105,4,6,88,70,108,21,106,154,122,197,24,72,78,111,110,171,189,49,127,30,114,182,139,29,137,158,175,85,1,117,120,157,173,186,79,42,27,193,172,39,32,55,125,33,192,165,40,87,181,68,9,103,162,147,23,136,144,156,146,31,143,191,183,164,41,152,130,102,62,5,134,112,104,99,63,74,20,138,168,140,126,16,71,19,98,60,179,47,43,187,76,101,141,80,58,64,96,177,199,166,22,195,119,81,153,129,26,150,56,100,133,113,116,124,160,45,121];False
9039;6548;15587;[50,174,67,36,149,11,59,98,3,161,163,86,12,185,54,57,169,84,89,23,136,160,15,135,194,115,46,44,37,190,109,10,184,51,34,91,69,28,8,118,180,159,188,48,92,90,131,148,93,14,178,142,191,61,145,94,13,101,7,38,176,35,97,128,52,2,167,107,123,73,155,65,198,17,82,49,133,18,132,170,77,25,105,4,6,88,70,108,21,106,154,122,197,24,72,78,111,110,171,189,130,127,30,114,182,139,29,137,158,175,85,1,117,120,157,173,186,79,42,27,193,172,39,32,55,125,33,192,165,40,87,181,68,9,103,162,147,196,95,144,156,146,31,143,53,183,164,41,75,152,102,62,5,134,112,104,99,63,74,20,138,168,140,126,16,71,19,83,60,179,47,43,187,76,151,141,80,58,64,96,177,199,166,22,195,119,81,153,129,26,150,56,100,0,113,116,124,66,45,121];False
9210;6539;15749;[73,174,67,36,149,80,59,57,132,75,163,86,151,185,133,98,193,84,89,3,161,159,15,135,194,115,46,44,37,190,109,10,184,51,34,91,69,28,8,118,180,53,188,48,92,90,131,148,93,14,178,142,66,61,145,94,13,12,7,38,176,35,97,128,52,2,167,107,123,50,155,65,198,17,82,18,0,95,196,170,77,25,105,4,6,88,70,108,21,106,154,122,197,24,72,78,111,110,171,189,49,127,30,114,182,139,29,137,158,175,85,1,117,120,157,173,186,79,42,27,169,172,39,32,55,125,33,192,165,40,87,181,68,9,103,162,147,23,136,144,156,146,31,143,191,183,164,41,152,130,102,62,5,134,112,104,99,63,74,20,138,168,140,126,16,71,19,83,60,179,47,43,187,76,101,141,11,58,64,96,177,199,166,22,195,119,81,153,129,26,150,56,100,54,113,116,124,160,45,121];False
9081;6546;15627;[73,174,67,36,149,11,59,57,132,75,163,86,151,185,133,98,169,84,89,3,161,28,15,135,194,115,46,44,37,190,109,10,184,51,34,91,69,159,8,118,180,53,188,48,92,90,131,148,93,14,178,142,66,61,145,94,13,12,7,38,176,35,97,128,52,2,167,107,123,50,155,65,198,17,82,18,0,95,196,170,77,25,105,4,6,88,70,108,21,106,154,122,197,24,72,78,111,110,171,189,49,127,30,114,182,139,29,137,158,175,85,1,117,120,157,173,186,79,42,27,193,172,39,32,55,125,33,192,165,40,87,181,68,9,103,162,147,23,136,144,156,146,31,143,191,183,164,41,152,130,102,62,5,134,112,104,99,63,74,20,138,168,140,126,16,71,19,83,60,179,47,43,187,76,101,141,80,58,64,96,177,199,166,22,195,119,81,153,129,26,150,56,100,54,113,116,124,160,45,121];False
9534;6528;16062;[73,174,23,136,149,11,59,57,132,152,163,86,151,185,133,98,169,6,89,3,161,159,15,135,194,115,46,44,37,190,109,10,184,51,34,91,69,28,8,118,180,53,188,48,92,90,131,148,93,14,178,142,66,61,145,94,13,12,7,38,176,35,97,128,52,2,167,107,123,50,155,65,198,17,82,18,0,36,196,170,77,25,105,4,84,88,70,108,21,106,154,122,197,24,72,78,111,110,171,189,49,127,30,114,182,139,29,137,158,175,85,1,117,120,157,173,186,79,42,27,193,172,39,32,55,125,33,192,165,40,87,181,68,9,103,162,147,67,95,144,156,146,31,143,191,183,164,41,75,130,102,62,5,134,112,104,99,63,74,20,138,168,140,126,16,71,19,83,60,179,47,43,187,76,101,141,80,58,64,96,177,199,166,22,195,119,81,153,129,26,150,56,100,54,113,116,124,160,45,121];False
9845;6525;16370;[73,174,23,136,149,36,59,57,132,152,163,86,12,185,0,98,169,6,89,3,161,159,15,135,194,115,46,44,37,190,109,10,184,48,34,91,69,28,8,118,180,53,188,51,92,90,131,148,93,14,178,142,66,61,145,94,13,101,7,38,176,35,97,128,52,2,167,107,123,50,155,65,198,17,82,49,133,18,196,170,77,25,105,4,84,88,70,108,21,106,154,122,197,24,72,78,111,110,171,189,80,127,30,114,182,139,29,137,158,175,85,1,117,120,157,173,186,79,42,27,193,172,39,32,55,125,33,192,165,40,87,181,68,9,103,162,147,67,95,144,156,146,31,143,191,183,164,41,75,130,102,62,5,134,112,104,99,63,74,20,138,168,140,126,16,71,19,83,60,179,47,43,187,76,151,141,11,58,64,96,177,199,166,22,195,119,81,153,129,26,150,56,100,54,113,116,124,160,45,121];True
2014;7273;9287;[180,118,129,162,19,87,121,178,111,132,130,84,77,112,93,147,66,157,103,105,74,188,144,31,142,117,167,61,45,138,41,49,78,128,42,57,197,146,190,126,143,160,91,1,33,124,44,196,36,46,140,92,82,23,189,81,0,85,22,26,176,193,109,20,170,95,38,139,9,4,70,194,34,198,174,184,35,67,32,72,163,25,51,8,16,125,11,113,156,71,165,65,37,94,173,18,131,110,101,59,80,100,30,134,148,195,97,58,175,151,7,191,181,68,123,6,137,158,54,52,119,187,39,107,55,14,13,172,12,89,75,149,15,135,53,183,69,159,164,90,28,155,73,99,106,136,115,152,2,161,102,86,133,76,122,116,104,17,145,56,21,108,192,40,169,182,29,154,60,177,27,43,127,96,171,141,98,114,64,79,179,47,88,5,186,199,83,153,166,24,150,10,185,62,120,3,168,50,48,63];True
2086;7218;9304;[50,190,121,178,9,118,149,19,172,12,130,84,77,112,93,147,66,157,103,105,74,188,144,31,142,117,167,61,45,138,41,49,78,128,42,57,197,146,162,126,143,160,91,1,33,124,180,196,36,46,140,92,82,23,189,81,0,85,22,26,176,193,109,20,170,95,38,139,65,4,70,194,34,198,174,184,35,67,32,72,163,25,51,8,16,125,11,113,156,71,165,87,37,94,173,18,131,110,101,59,80,100,30,134,148,195,97,58,151,175,7,191,181,68,123,6,137,158,54,52,119,187,39,107,55,14,13,111,132,89,75,129,15,135,53,183,69,159,164,90,28,155,73,99,106,136,115,152,2,161,102,86,133,76,122,116,104,17,145,56,21,108,192,40,169,182,29,154,60,177,27,43,127,96,171,141,98,114,64,79,179,47,88,5,186,199,83,153,166,24,150,10,185,62,120,3,168,44,48,63];True
1989;7352;9341;[9,143,129,162,22,87,121,178,111,132,130,84,77,112,93,147,66,157,103,70,74,188,144,31,142,117,167,61,45,138,41,49,78,128,42,57,197,50,190,126,118,160,91,1,33,124,180,196,36,46,140,92,82,23,189,81,0,85,19,26,176,193,109,20,170,95,38,139,146,4,105,194,34,198,174,184,35,67,32,72,163,25,51,8,16,125,11,113,156,71,165,65,37,94,173,18,131,110,101,59,80,100,30,134,148,195,97,58,175,151,7,191,181,68,123,6,137,158,54,52,119,187,39,107,55,14,13,172,12,89,75,149,15,135,53,183,69,159,164,90,28,155,73,99,106,136,115,152,2,161,102,86,133,76,122,116,104,17,145,56,21,108,192,40,169,182,29,154,60,177,27,43,127,96,171,141,98,114,64,79,179,47,88,5,186,199,83,153,166,24,150,10,185,62,120,3,168,44,48,63];False
1939;7430;9369;[50,172,12,22,26,178,147,3,2,130,132,117,77,112,109,24,66,157,103,105,74,188,144,118,10,110,167,61,45,138,41,49,78,128,42,57,37,121,162,126,143,160,91,1,33,124,94,196,36,182,140,92,82,23,189,81,87,85,104,46,146,193,9,93,170,95,38,139,19,20,51,149,34,194,180,123,176,67,32,72,163,25,70,65,16,190,11,113,156,71,165,184,31,8,173,18,131,0,101,59,80,100,30,134,148,195,97,137,175,151,7,191,181,68,198,142,58,158,54,52,119,187,39,107,55,14,13,111,84,89,75,4,15,135,53,183,69,159,164,90,28,155,73,99,106,136,115,152,35,161,102,86,133,76,122,116,44,125,145,56,21,108,192,40,169,129,29,154,60,177,27,43,127,96,171,141,98,114,64,79,179,47,88,5,186,199,83,153,166,174,150,6,185,62,120,197,168,17,48,63];False
1913;7427;9340;[90,172,12,22,26,178,147,3,2,130,84,117,77,112,106,24,66,157,103,105,74,188,93,118,10,0,167,61,45,138,41,49,78,128,42,57,37,121,162,126,143,160,91,1,33,124,94,196,36,182,140,92,82,23,189,81,87,85,104,46,146,193,136,144,170,95,38,139,19,20,51,149,34,194,180,123,176,67,32,72,163,25,70,65,16,190,11,113,156,71,165,184,31,8,173,18,131,110,101,59,80,100,30,134,148,195,97,137,175,151,7,191,181,68,198,142,58,158,54,52,119,187,39,107,55,14,13,111,132,89,75,4,15,135,53,183,69,159,164,9,28,155,73,99,109,50,115,152,35,161,102,86,133,76,122,116,44,125,145,56,21,108,192,40,169,129,29,154,60,177,27,43,127,96,171,141,98,114,64,79,179,47,88,5,186,199,83,153,166,174,150,6,185,62,120,197,168,17,48,63];True
1939;7402;9341;[90,172,12,22,26,178,147,3,2,130,84,117,77,112,106,29,66,157,103,105,74,188,93,118,10,0,167,61,45,138,41,49,78,128,42,57,37,121,162,126,143,160,91,1,33,124,94,196,36,182,140,92,82,23,189,81,87,85,104,46,146,193,136,144,170,95,38,139,19,20,51,149,34,194,180,123,176,67,32,72,163,25,70,65,16,190,11,113,156,71,165,184,31,8,173,18,131,110,101,59,80,100,30,134,148,195,97,137,175,151,7,191,181,68,198,142,58,158,54,52,119,187,39,107,55,14,13,111,132,89,75,4,15,135,53,183,69,159,164,9,28,155,73,99,109,50,115,152,35,161,102,86,133,76,122,116,44,125,145,56,21,108,192,40,169,129,24,154,60,177,27,43,127,96,171,141,98,114,64,79,179,47,88,5,186,199,83,153,166,174,150,6,185,62,120,197,168,17,48,63];False
2132;7192;9324;[50,4,121,178,147,9,149,19,172,12,130,84,77,112,93,118,66,157,103,105,74,188,144,31,142,117,167,61,45,138,41,49,78,128,42,57,197,146,162,126,143,160,91,1,33,124,180,196,36,46,140,92,82,23,189,81,0,85,22,26,176,193,109,190,170,95,38,139,65,20,70,194,34,198,174,184,35,67,32,72,163,25,51,8,16,125,11,113,156,71,165,87,37,94,173,18,131,110,101,59,80,100,30,134,148,195,97,58,175,151,7,191,181,68,123,6,137,158,54,52,119,187,39,107,55,14,13,111,132,89,75,129,15,135,53,183,69,159,164,90,28,155,73,99,106,136,115,152,2,161,102,86,133,76,122,116,104,17,145,56,21,108,192,40,169,182,29,154,60,177,27,43,127,96,171,141,98,114,64,79,179,47,88,5,186,199,83,153,166,24,150,10,185,62,120,3,168,44,48,63];True
2256;7168;9424;[50,4,28,162,147,9,149,19,172,12,130,84,77,112,93,46,66,157,103,105,74,188,144,31,142,117,167,61,45,138,41,49,78,128,42,57,197,146,118,126,143,160,91,1,33,124,180,196,36,184,140,92,82,23,189,81,0,85,22,26,176,193,109,190,170,95,38,139,65,20,70,194,34,198,174,178,35,67,32,72,163,25,51,8,16,125,11,113,156,71,165,87,37,94,173,18,131,110,101,59,80,100,30,134,148,195,97,58,175,151,7,191,181,68,123,6,137,158,54,52,119,187,39,107,55,14,13,111,132,89,75,129,15,135,53,183,69,159,164,90,121,155,73,99,106,136,115,152,2,161,102,86,133,76,122,116,104,17,145,56,21,108,192,40,169,182,29,154,60,177,27,43,127,96,171,141,98,114,64,79,179,47,88,5,186,199,83,153,166,24,150,10,185,62,120,3,168,44,48,63];False
2279;7136;9415;[50,21,174,178,9,37,94,118,172,12,130,117,77,112,93,184,66,157,103,105,74,188,144,31,142,2,167,61,45,138,41,49,78,128,42,57,3,121,162,126,143,160,91,1,33,124,147,196,36,46,140,92,82,23,189,81,0,85,22,26,176,193,109,190,170,95,38,139,65,20,51,149,34,198,146,4,84,67,32,72,163,25,70,19,16,125,11,113,156,71,165,87,194,8,173,18,131,110,101,59,80,100,30,134,148,195,97,58,175,151,7,191,181,68,123,6,137,158,54,52,119,187,39,107,55,14,13,111,132,89,75,129,15,135,53,183,69,159,164,90,28,155,73,99,106,136,115,152,35,161,102,86,133,76,122,116,104,17,145,56,180,108,192,40,169,182,29,154,60,177,27,43,127,96,171,141,98,114,64,79,179,47,88,5,186,199,83,153,166,24,150,10,185,62,120,197,168,44,48,63];True
1826;7574;9400;[180,172,12,22,26,178,120,3,2,130,84,117,77,112,31,29,66,157,103,105,74,188,144,118,147,0,101,61,45,138,167,9,78,128,42,57,37,121,162,126,143,160,91,1,33,124,94,196,36,182,140,92,82,23,189,81,87,85,104,20,146,193,109,93,170,95,38,139,19,194,51,149,34,127,175,123,49,67,32,72,137,25,70,65,16,190,11,113,156,71,165,184,125,8,173,18,131,110,41,59,80,100,30,134,148,195,97,58,6,151,7,191,181,68,198,142,163,158,54,52,119,187,39,107,55,14,13,197,132,89,75,4,15,135,53,183,69,159,164,90,28,155,73,99,106,136,115,152,35,161,102,86,133,76,122,116,176,46,145,56,21,108,192,40,169,129,24,154,60,177,27,43,111,96,171,141,98,114,64,79,179,47,88,5,186,199,83,153,166,174,150,10,185,62,44,50,168,17,48,63];False
1763;7716;9479;[180,172,12,22,26,178,120,3,2,130,84,117,77,112,31,29,66,157,103,105,74,188,144,78,147,0,101,61,45,55,126,143,34,128,42,57,37,121,162,146,118,160,91,1,33,124,94,196,52,182,140,92,82,23,189,81,87,85,104,20,167,193,109,93,170,95,38,139,19,194,51,149,9,127,175,123,176,67,32,72,137,25,70,65,16,190,11,113,156,71,165,184,125,8,173,18,131,110,41,59,80,100,30,134,148,195,97,58,6,43,7,191,181,68,198,142,163,158,54,36,119,187,39,107,138,14,13,197,132,89,75,4,15,135,53,183,69,159,164,90,28,155,73,99,106,136,115,152,35,49,102,86,133,76,122,116,161,46,145,56,21,108,192,40,169,129,24,154,60,177,27,151,111,96,171,141,98,114,64,79,179,47,88,5,186,199,83,153,166,174,150,10,185,62,44,50,168,17,48,63];False
1865;7561;9426;[104,172,12,22,81,93,147,3,2,130,132,117,77,112,193,24,66,157,103,105,74,188,144,118,10,0,167,61,45,138,41,88,78,128,42,57,37,121,162,126,143,160,91,1,33,124,94,196,36,46,140,92,82,23,189,49,87,106,136,26,146,85,9,178,170,95,38,139,19,20,51,149,34,194,180,123,176,67,32,72,163,25,70,65,16,190,11,113,156,71,165,184,31,8,173,18,131,110,101,59,80,100,30,134,148,195,97,137,175,151,7,191,181,68,198,142,58,158,54,52,29,187,39,107,55,14,13,111,84,89,75,4,15,135,53,183,69,159,164,90,28,155,73,99,109,50,115,152,35,161,102,86,133,76,122,116,17,125,145,56,21,108,192,40,169,129,119,154,60,177,27,43,127,96,171,141,98,114,64,79,179,47,182,5,186,199,83,153,166,174,150,6,185,62,120,197,168,44,48,63];False
1789;7647;9436;[194,172,12,22,26,178,120,3,2,130,84,117,77,112,31,29,66,157,103,105,74,188,144,118,147,0,101,61,45,55,126,180,78,128,42,57,37,121,162,146,143,160,91,1,33,124,94,196,36,182,140,92,82,23,189,81,87,85,104,20,167,193,109,93,170,95,38,139,19,9,51,149,34,127,175,123,176,67,32,72,137,25,70,65,16,190,11,113,156,71,165,184,125,8,173,18,131,110,41,59,80,100,30,134,148,195,97,58,6,43,7,191,181,68,198,142,163,158,54,52,119,187,39,107,138,14,13,197,132,89,75,4,15,135,53,183,69,159,164,90,28,155,73,99,106,136,115,152,35,161,102,86,133,76,122,116,49,46,145,56,21,108,192,40,169,129,24,154,60,177,27,151,111,96,171,141,98,114,64,79,179,47,88,5,186,199,83,153,166,174,150,10,185,62,44,50,168,17,48,63];True
1812;7624;9436;[180,172,12,22,26,178,120,3,2,130,84,117,77,112,31,29,66,157,103,105,74,188,144,93,147,0,101,61,45,55,126,143,78,128,42,57,37,121,162,146,118,160,91,1,33,124,94,196,36,182,140,92,82,23,189,81,87,85,104,20,167,193,9,109,170,95,38,139,19,194,51,149,34,127,175,123,176,67,32,72,137,25,70,65,16,190,11,113,156,71,165,184,125,8,173,18,131,110,41,59,80,100,30,134,148,195,97,58,6,43,7,191,181,68,198,142,163,158,54,52,119,187,39,107,138,14,13,197,132,89,75,4,15,135,53,183,69,159,164,90,28,155,73,99,106,136,115,152,35,161,102,86,133,76,122,116,49,46,145,56,21,108,192,40,169,129,24,154,60,177,27,151,111,96,171,141,98,114,64,79,179,47,88,5,186,199,83,153,166,174,150,10,185,62,44,50,168,17,48,63];False
1739;7728;9467;[180,172,12,22,26,176,120,3,2,130,84,117,77,112,31,29,66,157,103,105,74,188,93,90,100,0,101,61,45,138,126,185,78,128,42,57,37,121,162,146,118,10,91,1,33,124,94,196,36,182,140,92,82,23,189,81,87,85,104,20,167,193,136,67,62,95,38,139,19,194,51,149,34,127,175,123,164,144,32,72,137,25,170,65,16,190,11,113,156,71,165,184,125,8,173,18,131,110,41,59,80,147,30,134,148,195,97,58,6,43,7,191,181,68,198,142,163,158,54,52,119,187,39,107,55,14,13,197,132,89,75,4,15,135,53,183,69,159,9,151,28,155,73,99,106,70,115,152,35,161,102,86,133,76,122,116,49,46,145,56,21,108,192,40,169,129,24,154,60,177,27,178,111,96,171,141,98,114,64,79,179,47,88,5,186,199,83,153,166,174,150,160,143,109,44,50,168,17,48,63];False
1749;7712;9461;[180,172,12,22,26,176,120,3,2,130,84,117,77,112,31,29,66,157,103,105,74,188,93,164,100,0,101,61,45,55,126,185,78,128,42,57,37,121,162,146,118,10,91,1,33,124,94,196,36,182,140,92,82,23,189,81,87,85,104,20,167,193,136,144,62,95,38,139,19,194,51,149,34,127,175,123,90,67,32,72,137,25,170,65,16,190,11,113,156,71,165,184,125,8,173,18,131,110,41,59,80,147,30,134,148,195,97,58,6,43,7,191,181,68,198,142,163,158,54,52,119,187,39,107,138,14,13,197,132,89,75,4,15,135,53,183,69,159,9,178,28,155,73,99,106,70,115,152,35,161,102,86,133,76,122,116,49,46,145,56,21,108,192,40,169,129,24,154,60,177,27,151,111,96,171,141,98,114,64,79,179,47,88,5,186,199,83,153,166,174,150,160,143,109,44,50,168,17,48,63];False
1623;7898;9521;[180,172,12,22,26,178,120,3,2,130,106,117,77,112,31,29,66,157,103,44,74,188,93,90,100,0,101,61,45,138,126,185,78,128,42,57,37,121,162,146,118,10,91,1,33,124,94,196,36,182,140,92,82,23,189,81,87,85,104,20,167,193,164,144,181,95,38,139,19,194,51,149,34,127,175,123,136,67,32,72,137,25,170,65,16,190,11,113,156,71,165,184,125,8,173,18,131,110,41,59,80,147,30,134,148,195,97,58,6,43,7,191,62,68,198,142,163,158,54,52,119,187,39,107,55,14,13,197,132,89,75,4,15,135,53,183,69,159,9,105,28,155,73,99,84,70,115,152,35,161,102,86,133,76,122,116,49,46,145,56,21,108,192,40,169,129,24,154,60,177,27,151,111,96,171,141,98,114,64,79,179,47,88,5,186,199,83,153,166,174,150,160,143,109,176,50,168,17,48,63];True
1605;7936;9541;[180,172,12,22,26,178,120,3,2,130,106,117,77,112,31,29,66,157,103,44,74,188,93,90,100,0,101,61,45,138,126,185,78,128,42,57,37,121,162,146,118,10,91,1,33,124,94,196,52,182,140,92,82,23,189,81,87,85,104,20,167,193,164,144,181,95,38,139,19,194,51,149,34,127,175,123,136,67,32,72,137,25,170,65,16,190,11,113,156,71,165,184,125,8,173,18,131,110,41,59,80,147,30,134,148,195,97,58,6,43,7,191,62,68,198,142,163,158,54,36,119,187,39,107,55,14,13,197,132,89,75,4,15,135,53,183,69,159,9,105,28,155,73,99,84,70,115,152,35,161,102,86,133,76,122,116,49,46,145,56,21,108,192,40,169,129,24,154,60,177,27,151,111,96,171,141,98,114,64,79,179,47,88,5,186,199,83,153,166,174,150,160,143,109,176,50,168,17,48,63];True
2403;7108;9511;[50,21,180,178,9,37,94,118,172,12,130,117,77,112,93,184,66,157,103,105,74,188,144,31,149,2,167,61,45,138,41,49,78,128,42,57,3,121,162,126,143,160,91,1,33,124,147,196,36,46,140,92,82,23,189,81,0,85,22,26,176,193,109,190,170,95,38,139,65,20,51,142,34,198,174,4,84,67,32,72,163,25,70,19,16,125,11,113,156,71,165,87,194,8,173,18,131,110,101,59,80,100,30,134,148,195,97,58,175,151,7,191,181,68,123,6,137,158,54,52,119,187,39,107,55,14,13,111,132,89,75,129,15,135,53,183,69,159,164,90,28,155,73,99,106,136,115,152,35,161,102,86,133,76,122,116,104,17,145,56,146,108,192,40,169,182,29,154,60,177,27,43,127,96,171,141,98,114,64,79,179,47,88,5,186,199,83,153,166,24,150,10,185,62,120,197,168,44,48,63];False
1599;7989;9588;[180,172,12,22,26,178,120,3,2,130,106,117,77,112,31,29,66,157,103,188,74,44,93,90,100,0,101,61,45,55,126,185,78,128,42,57,37,121,162,146,118,10,91,1,33,124,94,196,52,182,140,92,82,23,189,81,87,85,104,20,167,193,164,144,181,95,38,139,19,194,51,149,34,127,175,123,136,67,32,72,137,25,170,65,16,190,186,113,156,71,165,184,125,8,173,18,131,110,41,59,80,147,30,134,148,195,97,58,6,43,7,191,62,68,198,142,163,158,54,36,119,187,39,107,138,14,13,197,132,89,75,4,15,135,53,183,69,159,9,105,28,155,73,99,84,70,115,152,35,161,102,86,133,76,122,116,49,46,145,56,21,108,192,40,169,129,24,154,60,177,27,151,111,96,171,141,98,114,64,79,179,47,88,5,11,199,83,153,166,174,150,160,143,109,176,50,168,17,48,63];False
1575;8028;9603;[198,155,29,154,141,119,44,7,130,107,105,146,118,178,192,183,104,17,53,162,173,18,57,120,24,197,15,135,34,159,82,134,121,10,123,90,41,22,38,14,168,50,94,60,49,153,185,127,39,148,69,28,129,8,93,46,55,165,42,166,59,36,23,12,54,151,175,83,117,98,78,171,81,52,150,140,92,100,58,79,177,95,167,61,181,65,76,5,27,133,96,157,138,45,188,87,66,126,124,86,112,40,51,106,143,160,80,71,9,190,43,128,85,164,111,195,25,37,145,139,33,13,137,158,182,109,21,73,6,56,63,31,142,115,152,102,186,113,196,89,26,176,72,74,4,97,131,0,199,62,1,189,108,84,99,174,184,161,156,147,3,169,191,11,194,180,163,170,103,91,35,125,149,32,187,114,68,116,20,67,193,16,136,144,70,19,64,101,122,172,77,2,110,30,179,47,132,75,88,48];True
2535;7078;9613;[174,184,123,190,109,31,6,193,172,12,130,22,195,112,93,118,66,157,103,105,20,188,87,37,94,149,167,61,45,138,41,49,78,128,42,57,3,121,162,126,143,160,91,1,33,124,147,196,36,44,140,92,82,23,189,81,0,85,19,26,176,46,9,178,170,95,38,139,144,63,51,50,34,194,180,4,84,67,32,72,163,25,70,65,16,117,77,113,156,71,165,2,74,8,173,18,131,110,101,59,80,100,30,134,148,11,97,58,175,151,7,191,181,68,198,142,137,158,54,52,119,187,39,107,55,14,13,111,132,89,75,129,15,135,53,183,69,159,164,90,28,155,73,99,106,136,115,152,35,161,102,86,133,76,122,116,104,125,145,56,21,108,192,40,169,182,29,154,60,177,27,43,127,96,171,141,98,114,64,79,179,47,88,5,186,199,83,153,166,24,150,10,185,62,120,197,168,17,48,146];False
2511;7075;9586;[50,146,180,37,109,31,82,4,172,12,130,117,77,112,93,118,66,157,103,105,74,188,144,44,19,2,167,61,45,138,41,49,78,128,42,57,3,121,162,126,143,160,91,1,33,124,94,196,36,46,140,92,147,23,189,81,0,85,22,26,176,193,16,178,170,95,38,139,65,20,51,149,34,198,174,184,84,67,32,72,163,25,70,6,9,190,11,113,156,71,165,87,194,8,173,18,131,110,101,59,80,100,30,134,148,195,97,58,175,151,7,191,181,68,123,142,137,158,54,52,119,187,39,107,55,14,13,111,132,89,75,129,15,135,53,183,69,159,164,90,28,155,73,99,106,136,115,152,35,161,102,86,133,76,122,116,104,125,145,56,21,108,192,40,169,182,29,154,60,177,27,43,127,96,171,141,98,114,64,79,179,47,88,5,186,199,83,153,166,24,150,10,185,62,120,197,168,17,48,63];False
2719;7019;9738;[34,144,20,190,109,147,6,193,172,12,130,22,195,112,93,118,66,157,103,105,74,188,87,37,174,149,167,61,45,138,41,49,78,128,42,57,3,121,162,126,143,160,91,1,33,124,94,196,36,44,140,92,82,23,189,81,0,85,19,26,176,46,9,178,170,95,38,139,123,146,51,50,31,194,180,4,84,67,32,72,163,25,70,65,16,117,77,113,156,71,165,2,184,8,173,18,131,110,101,59,80,100,30,134,148,11,97,58,175,151,7,191,181,68,198,142,137,158,54,52,119,187,39,107,55,14,13,111,132,89,75,129,15,135,53,183,69,159,164,90,28,155,73,99,106,136,115,152,35,161,102,86,133,76,122,116,104,125,145,56,21,108,192,40,169,182,29,154,60,177,27,43,127,96,171,141,98,114,64,79,179,47,88,5,186,199,83,153,166,24,150,10,185,62,120,197,168,17,48,63];False
2635;7025;9660;[34,103,105,190,109,118,6,193,172,12,130,22,195,112,93,147,66,157,20,51,74,188,87,37,174,149,167,61,45,138,41,49,78,128,42,57,3,121,162,126,143,160,91,1,33,124,94,196,36,44,140,92,82,23,189,81,0,85,19,26,176,46,9,178,170,95,38,139,144,146,123,50,31,194,180,4,84,67,32,72,163,25,70,65,16,117,77,113,156,71,165,2,184,8,173,18,131,110,101,59,80,100,30,134,148,11,97,58,175,151,7,191,181,68,198,142,137,158,54,52,119,187,39,107,55,14,13,111,132,89,75,129,15,135,53,183,69,159,164,90,28,155,73,99,106,136,115,152,35,161,102,86,133,76,122,116,104,125,145,56,21,108,192,40,169,182,29,154,60,177,27,43,127,96,171,141,98,114,64,79,179,47,88,5,186,199,83,153,166,24,150,10,185,62,120,197,168,17,48,63];True
1544;8271;9815;[29,71,63,69,141,119,148,128,130,107,105,152,140,178,192,183,154,50,53,162,173,18,57,120,24,197,15,118,198,159,82,134,121,10,123,90,41,22,38,150,168,17,100,60,49,153,185,127,39,187,147,67,129,8,93,46,55,165,42,166,59,36,23,12,54,151,175,83,117,98,78,171,81,52,174,135,14,94,58,79,177,95,167,61,181,65,76,5,27,133,96,157,138,45,188,87,66,126,124,86,112,40,51,106,143,160,80,28,9,190,43,7,85,164,111,195,25,37,145,139,33,13,137,158,182,109,21,73,6,56,92,31,142,115,44,102,186,113,196,89,26,176,72,74,4,97,131,0,199,62,1,189,108,84,34,155,184,161,156,104,3,169,191,11,194,180,163,170,103,91,35,125,149,32,99,114,68,20,116,146,193,16,136,144,70,19,64,101,122,172,77,2,110,30,179,47,132,75,88,48];False
2578;7065;9643;[74,146,31,190,109,118,6,193,172,12,130,22,195,112,93,147,66,157,103,105,20,188,87,37,174,149,167,61,45,123,41,49,78,128,42,57,3,121,162,126,143,160,91,1,33,124,94,196,36,44,140,92,82,23,189,81,0,85,19,26,176,46,9,178,170,95,38,139,144,138,51,50,34,194,180,4,84,67,32,72,163,25,70,65,16,117,77,113,156,71,165,2,184,8,173,18,131,110,101,59,80,100,30,134,148,11,97,58,175,151,7,191,181,68,198,142,137,158,54,52,119,187,39,107,55,14,13,111,132,89,75,129,15,135,53,183,69,159,164,90,28,155,73,99,106,136,115,152,35,161,102,86,133,76,122,116,104,125,145,56,21,108,192,40,169,182,29,154,60,177,27,43,127,96,171,141,98,114,64,79,179,47,88,5,186,199,83,153,166,24,150,10,185,62,120,197,168,17,48,63];False
2948;6986;9934;[20,51,34,190,109,147,6,193,172,151,36,22,195,112,93,118,66,157,103,105,74,188,87,37,174,149,167,61,45,138,41,49,78,128,42,57,3,121,162,126,143,160,91,1,33,124,94,196,130,104,140,92,82,23,189,81,0,85,19,26,176,46,9,178,170,95,38,139,144,123,146,50,31,194,180,4,84,67,32,72,163,25,70,65,16,117,77,113,156,71,165,2,184,8,173,18,131,110,101,59,80,100,30,134,148,11,97,58,175,12,7,191,181,68,198,142,137,158,54,52,119,187,39,107,55,14,13,111,132,89,75,129,15,135,53,183,69,159,164,90,28,155,73,99,106,136,115,152,35,161,102,86,133,76,122,116,44,125,145,56,21,108,192,40,169,182,29,154,60,177,27,43,127,96,171,141,98,114,64,79,179,47,88,5,186,199,83,153,166,24,150,10,185,62,120,197,168,17,48,63];False
3205;6958;10163;[50,194,8,125,145,72,6,193,172,132,130,22,195,112,93,178,66,157,103,105,20,188,87,198,174,149,167,61,45,138,41,49,78,128,42,57,3,121,162,126,143,160,142,1,33,124,94,196,36,184,140,17,82,23,189,81,0,85,19,26,176,46,9,91,170,95,38,139,144,63,51,56,92,21,180,4,84,67,32,147,163,25,70,37,16,117,77,113,156,71,165,2,168,31,173,18,131,110,101,59,80,100,30,134,148,11,97,58,175,151,7,191,181,68,123,190,137,158,54,52,119,187,39,107,55,14,13,111,12,89,75,129,15,135,53,183,69,159,164,90,28,155,73,99,106,136,115,152,35,161,102,86,133,76,122,116,65,118,109,74,34,108,192,40,169,182,29,154,60,177,27,43,127,96,171,141,98,114,64,79,179,47,88,5,186,199,83,153,166,24,150,10,185,62,120,197,104,44,48,146];False
3146;6965;10111;[74,194,180,41,187,117,113,9,172,132,130,22,195,112,2,169,191,190,66,157,20,188,87,37,174,149,167,61,45,138,104,125,78,128,42,57,3,121,162,126,143,160,91,77,33,124,94,196,166,103,140,17,82,23,189,81,0,85,19,26,176,46,184,142,170,95,38,139,144,63,51,56,21,92,147,4,84,67,32,72,163,25,70,16,198,173,8,93,156,71,165,193,168,31,6,18,131,110,101,59,80,100,30,134,148,11,97,58,175,151,7,1,181,68,123,89,137,158,54,52,12,49,39,107,55,14,13,111,119,145,75,129,15,135,53,183,69,159,164,90,28,155,73,99,106,136,115,152,35,161,102,86,133,76,122,116,65,118,109,50,34,108,192,40,36,182,29,154,60,177,27,43,127,96,171,141,98,114,64,79,179,47,88,5,186,199,83,153,197,24,150,10,185,62,120,178,105,44,48,146];False
1507;8630;10137;[92,49,102,122,114,3,2,129,72,105,99,73,140,178,192,10,123,17,8,94,173,18,25,120,24,197,15,9,150,143,67,75,147,65,124,142,130,22,38,21,135,14,60,151,7,153,187,127,39,107,85,76,50,53,93,27,30,134,58,86,181,82,23,12,54,158,121,168,117,98,78,110,81,52,106,118,183,83,26,79,185,148,167,61,59,36,46,5,41,133,96,157,138,45,188,87,66,126,198,159,174,1,51,29,154,156,160,71,69,190,43,128,101,164,111,88,40,37,145,139,33,13,172,195,182,109,141,35,6,56,189,194,31,171,152,57,186,113,196,89,162,146,28,74,4,97,131,0,199,62,44,34,108,20,55,155,184,161,80,137,177,169,191,11,104,180,163,170,95,91,90,125,149,32,68,63,100,116,175,165,193,16,136,144,70,19,64,103,112,84,77,115,179,176,42,47,132,166,119,48];True
3199;6957;10156;[16,194,180,41,187,117,113,9,172,132,166,22,119,112,2,169,191,93,66,157,20,188,87,37,174,149,167,61,45,138,104,125,78,128,42,57,3,121,162,126,143,160,91,77,33,124,94,196,130,103,140,17,82,23,189,81,0,85,19,26,176,46,184,142,170,95,38,139,144,63,51,56,21,92,147,4,84,67,32,72,163,25,70,74,198,173,8,190,156,71,165,193,168,31,6,18,131,110,101,59,80,100,30,134,148,11,97,58,175,151,7,1,181,68,123,89,137,158,54,52,12,49,39,107,55,14,13,111,195,145,75,129,15,135,53,183,69,159,164,90,28,155,73,99,106,136,115,152,35,161,102,86,133,76,122,116,65,118,109,50,34,108,192,40,36,182,29,154,60,177,27,43,127,96,171,141,98,114,64,79,179,47,88,5,186,199,83,153,197,24,150,10,185,62,120,178,105,44,48,146];False
3410;6934;10344;[194,188,144,132,130,5,42,22,38,178,192,89,18,181,68,48,63,118,44,140,124,94,75,36,145,196,113,61,45,138,65,82,187,128,134,195,33,183,162,126,143,160,91,6,77,149,189,148,173,103,123,17,84,122,2,97,0,85,19,26,176,116,146,49,170,95,167,93,66,135,16,56,21,92,147,3,32,165,169,142,163,25,70,90,41,88,40,37,156,71,8,184,168,31,72,78,131,110,101,59,80,100,30,52,182,139,125,58,151,175,197,1,117,98,157,136,137,158,54,12,193,172,39,107,55,14,13,111,114,119,67,129,15,9,28,105,69,159,164,190,109,155,73,99,106,4,115,152,35,161,102,186,133,76,112,104,74,53,34,108,51,50,198,174,23,20,29,154,60,179,27,43,127,96,171,141,11,57,64,79,177,47,166,83,86,199,81,153,7,24,150,10,185,62,120,87,46,180,191,121];False
1482;8882;10364;[14,113,61,19,64,101,110,175,145,143,160,105,93,118,48,99,141,86,45,15,173,18,25,115,24,197,26,9,7,20,129,72,147,65,92,106,196,22,38,174,3,2,75,12,165,153,122,127,39,73,87,76,50,51,74,100,30,134,137,187,181,82,23,151,54,158,121,6,49,112,31,142,81,52,108,53,183,83,17,79,185,148,167,189,59,36,46,5,27,133,96,157,138,41,152,56,66,126,198,159,140,182,111,29,154,156,117,71,69,190,43,128,85,164,178,192,40,124,150,139,33,13,172,195,10,78,60,35,88,135,34,194,130,171,116,57,186,98,84,89,162,146,119,28,4,97,131,67,199,62,102,120,1,114,55,155,184,161,80,58,177,169,191,11,104,193,163,170,95,91,90,125,149,32,68,63,37,109,0,94,8,16,136,144,70,168,77,103,21,180,107,188,179,176,42,47,132,166,123,44];False
1473;8906;10379;[51,113,61,19,64,101,100,175,145,143,160,105,174,118,48,99,141,86,45,15,173,18,25,115,24,197,26,9,109,20,129,72,147,65,92,106,196,22,38,34,3,2,75,12,165,153,122,127,39,73,87,76,50,53,93,110,30,134,137,111,181,82,23,151,54,158,121,6,49,112,187,142,81,52,108,74,183,83,17,79,185,148,167,189,59,36,46,5,27,133,96,157,138,41,152,56,66,126,198,159,140,182,31,29,154,156,117,71,69,190,43,128,85,164,178,192,40,124,150,139,33,13,172,195,10,78,60,35,88,135,14,194,130,171,116,57,186,98,84,89,162,146,119,28,4,97,131,67,199,62,102,120,1,114,55,155,184,161,80,58,177,169,191,11,104,193,163,170,95,91,90,125,149,32,68,63,37,7,0,94,8,16,136,144,70,168,77,103,21,180,107,188,179,176,42,47,132,166,123,44];False
1427;8984;10411;[194,113,61,19,49,145,100,0,101,174,118,14,94,196,48,99,141,86,45,15,173,18,25,115,24,197,26,9,7,20,129,72,147,65,92,106,130,22,38,34,3,2,75,12,165,153,122,127,39,73,87,76,50,53,93,110,30,134,137,111,181,82,23,151,54,158,121,6,64,112,187,142,81,52,108,74,183,83,17,79,185,148,167,189,59,36,46,5,27,133,96,157,138,41,152,56,66,126,198,159,140,182,51,29,154,156,117,71,69,190,43,128,85,164,178,192,40,124,150,139,33,13,172,195,10,78,60,35,88,135,105,160,31,171,116,57,186,98,84,89,162,146,119,28,4,97,131,67,199,62,102,120,1,114,55,155,184,161,80,58,177,169,191,11,104,193,163,170,95,91,90,125,149,32,68,63,37,109,175,143,8,16,136,144,70,168,77,103,21,180,107,188,179,176,42,47,132,166,123,44];False
3704;6877;10581;[20,103,188,87,130,5,42,47,57,3,192,89,18,181,68,48,63,118,44,140,124,94,75,36,145,196,113,61,45,138,65,82,187,128,134,195,33,183,162,126,143,160,91,6,77,149,189,166,173,190,168,17,84,122,2,97,0,85,19,26,176,116,142,49,170,95,167,93,66,135,74,56,21,92,147,67,32,165,169,23,163,25,70,90,41,88,164,37,156,71,8,184,123,146,72,78,131,110,101,59,80,100,30,114,182,139,125,58,151,175,197,1,117,98,157,136,137,158,54,12,193,172,39,107,55,14,13,111,52,40,132,129,15,9,28,105,69,159,38,144,109,155,73,99,106,4,115,152,35,161,102,186,133,76,112,104,31,53,34,108,51,50,198,174,16,194,29,154,60,179,27,43,127,96,171,141,11,22,64,79,177,119,148,83,86,199,81,153,7,24,150,10,185,62,120,178,46,180,191,121];False
1418;9116;10534;[41,196,48,10,78,145,100,129,8,94,112,1,189,72,105,99,141,17,45,15,173,18,25,120,24,197,26,9,77,20,67,118,147,65,87,106,130,22,38,34,3,2,75,12,165,153,122,127,39,73,6,76,50,53,93,110,30,134,58,86,181,82,23,151,54,158,121,92,117,98,187,142,81,52,108,74,183,83,7,79,185,148,167,61,59,36,46,5,27,133,96,157,138,178,152,56,66,126,198,159,174,19,51,29,154,156,160,71,69,190,43,128,85,164,111,192,40,124,150,139,33,13,172,195,182,37,60,35,88,135,140,194,31,171,116,57,186,113,84,89,162,146,119,28,4,97,131,0,199,62,102,115,14,114,55,155,184,161,80,137,177,169,191,11,104,193,163,170,95,91,90,125,149,32,68,63,49,109,175,143,101,16,136,144,70,168,64,103,21,180,107,188,179,176,42,47,132,166,123,44];False
3803;6855;10658;[20,190,188,87,130,5,42,119,132,142,136,115,18,181,68,48,63,118,44,140,124,94,75,36,145,196,113,61,45,138,123,82,187,128,134,195,33,183,65,126,143,160,91,6,77,149,189,148,173,116,168,17,84,122,2,97,0,85,19,26,176,3,89,49,170,95,167,93,66,135,74,56,21,92,147,67,32,165,169,23,163,25,70,90,41,88,164,37,156,71,8,184,162,109,72,78,131,110,101,59,80,100,30,114,182,139,125,58,151,175,197,1,117,98,157,28,137,158,54,57,193,172,39,107,55,14,13,111,52,40,12,129,15,9,103,105,69,159,38,144,146,155,73,99,106,4,192,152,35,161,102,186,133,76,112,104,31,53,34,108,51,50,198,174,16,194,29,154,60,179,27,43,127,96,171,141,11,22,64,79,177,47,166,83,86,199,81,153,7,24,150,10,185,62,120,178,46,180,191,121];False
3747;6866;10613;[73,74,188,87,130,5,42,119,132,89,115,116,18,181,68,48,63,118,44,140,124,94,75,36,145,196,113,61,45,138,65,82,187,128,134,195,33,183,190,126,143,160,91,6,77,149,189,148,173,103,123,168,84,122,2,97,0,85,19,26,176,3,136,49,170,95,167,93,66,135,20,56,21,92,147,67,32,165,169,23,163,25,70,90,41,88,164,37,156,71,8,184,162,109,72,78,131,110,101,59,80,100,30,114,182,139,125,58,151,175,197,1,117,98,157,142,137,158,54,57,193,172,39,107,55,14,13,111,52,40,12,129,15,9,28,105,69,159,38,144,146,155,31,99,106,4,192,152,35,161,102,186,133,76,112,104,17,53,34,108,51,50,198,174,16,194,29,154,60,179,27,43,127,96,171,141,11,22,64,79,177,47,166,83,86,199,81,153,7,24,150,10,185,62,120,178,46,180,191,121];False
4405;6770;11175;[73,20,188,87,130,5,179,47,26,89,115,152,18,181,68,48,63,118,44,140,124,94,75,36,145,196,113,61,45,138,65,82,187,128,134,195,33,183,190,126,143,160,91,6,77,149,189,148,173,116,123,17,84,122,2,97,0,85,19,132,176,3,136,49,170,95,167,93,66,135,53,56,21,92,147,67,32,165,169,23,163,25,70,90,41,88,164,37,156,71,8,184,162,109,72,78,131,110,101,59,80,100,30,114,182,139,125,58,151,175,197,1,117,98,157,142,137,158,54,57,193,172,39,107,55,14,13,111,52,40,12,129,15,9,28,105,69,159,38,144,146,155,168,99,106,4,192,103,35,161,102,186,133,76,112,104,31,74,34,108,51,50,198,174,16,194,29,154,60,42,27,43,127,96,171,141,11,22,64,79,177,199,166,83,86,119,81,153,7,24,150,10,185,62,120,178,46,180,191,121];False
4228;6792;11020;[50,20,188,87,130,5,42,47,132,89,115,152,18,181,68,48,63,118,44,140,124,94,75,36,145,196,113,61,45,138,65,82,187,128,134,195,33,183,162,126,143,160,91,6,77,149,189,148,173,116,123,168,84,122,2,97,0,85,19,26,176,3,136,49,170,95,167,93,66,135,53,56,21,92,147,67,32,165,169,23,163,25,70,90,41,88,164,37,156,71,8,184,190,109,72,78,131,110,101,59,80,100,30,114,182,139,125,58,151,175,197,1,117,98,157,142,137,158,54,57,193,172,39,107,55,14,13,111,52,40,12,129,15,9,28,105,69,159,38,144,146,155,17,99,106,4,192,103,35,161,102,186,133,76,112,104,31,74,34,108,51,73,198,174,16,194,29,154,60,179,27,43,127,96,171,141,11,22,64,79,177,199,166,83,86,119,81,153,7,24,150,10,185,62,120,178,46,180,191,121];False
3868;6836;10704;[20,188,87,152,130,5,42,47,132,89,115,93,18,181,68,48,63,118,44,140,124,94,75,36,145,196,113,61,45,138,65,82,187,128,134,195,33,183,162,126,143,160,91,6,77,149,189,148,173,116,123,17,84,122,2,97,0,85,19,26,176,3,136,49,170,95,167,168,66,135,53,56,21,92,147,67,32,165,169,23,163,25,70,90,41,88,164,37,156,71,8,184,190,109,72,78,131,110,101,59,80,100,30,114,182,139,125,58,151,175,197,1,117,98,157,142,137,158,54,57,193,172,39,107,55,14,13,111,52,40,12,129,15,9,28,105,69,159,38,144,146,155,73,99,106,4,192,103,35,161,102,186,133,76,112,104,31,74,34,108,51,50,198,174,16,194,29,154,60,179,27,43,127,96,171,141,11,22,64,79,177,199,166,83,86,119,81,153,7,24,150,10,185,62,120,178,46,180,191,121];True
4825;6739;11564;[198,174,10,196,130,5,171,120,26,145,115,152,186,7,15,51,106,20,44,140,124,168,164,190,125,6,113,61,45,138,123,82,187,128,134,195,33,94,118,126,143,160,91,75,77,149,189,148,173,116,65,4,84,122,2,97,0,85,18,132,176,3,136,49,170,95,167,93,66,135,48,50,21,92,147,67,32,165,169,23,163,25,70,90,41,88,146,37,156,71,8,184,162,109,72,78,131,110,101,59,80,100,30,114,182,139,36,58,151,175,197,1,117,98,157,142,137,158,54,57,193,172,39,107,55,14,13,111,52,40,87,181,68,9,28,105,69,159,38,144,56,63,73,99,155,178,192,103,35,161,102,12,133,76,112,104,31,183,34,108,188,74,53,17,16,194,29,154,60,179,27,43,127,96,42,141,11,22,64,79,177,199,166,83,86,119,81,153,129,24,150,19,185,62,47,89,46,180,191,121];False
5024;6730;11754;[198,29,147,78,130,5,42,47,26,145,115,152,186,166,15,123,106,20,44,140,124,168,164,190,174,196,113,61,45,138,51,82,187,128,134,195,33,94,118,126,143,160,91,75,77,149,189,7,173,116,65,4,84,122,2,97,0,85,18,132,176,3,136,49,170,95,167,93,66,135,48,50,21,92,90,67,32,165,169,23,163,25,70,125,6,88,146,37,156,71,8,184,162,109,72,41,131,110,101,59,80,100,30,114,182,139,36,58,151,175,197,1,117,98,157,142,137,158,54,57,193,172,39,107,55,14,13,111,52,40,87,181,68,9,28,105,69,159,38,144,56,63,73,99,155,178,192,103,35,161,102,12,133,76,112,104,31,183,34,108,188,74,53,17,16,194,19,154,60,179,27,43,127,96,171,141,11,22,64,79,177,199,148,83,86,119,81,153,129,24,150,10,185,62,120,89,46,180,191,121];False
5412;6710;12122;[198,174,125,196,130,5,179,47,26,89,115,77,186,7,15,48,106,20,190,183,124,168,164,45,19,41,113,61,145,138,123,82,187,128,134,195,33,94,118,126,143,160,91,75,152,149,189,148,173,116,65,4,84,122,2,97,0,85,18,132,176,3,136,49,170,95,167,93,66,135,51,50,21,92,90,67,32,165,169,23,163,25,29,147,6,88,70,37,156,71,8,184,162,109,72,78,131,110,101,59,80,100,30,114,182,139,36,58,151,175,197,1,117,98,157,142,137,158,54,57,193,172,39,107,55,14,13,111,52,40,87,181,68,9,28,105,69,159,38,144,56,63,140,99,73,74,192,103,35,161,102,12,133,76,112,104,31,53,146,108,188,44,155,17,16,194,34,154,60,42,27,43,127,96,171,141,11,22,64,79,177,199,166,83,86,119,81,153,129,24,150,10,185,62,120,178,46,180,191,121];False
6010;6694;12704;[198,140,69,127,54,120,89,46,152,18,185,175,12,7,85,15,135,56,19,33,183,17,154,38,178,13,197,123,29,71,44,91,52,2,83,59,93,138,124,94,118,48,34,90,149,163,186,148,173,116,65,192,10,95,61,97,0,77,57,26,145,3,136,49,170,103,105,74,20,156,106,194,51,50,82,67,32,165,169,23,75,36,98,25,1,88,70,37,21,92,8,184,190,109,72,78,111,128,171,110,80,100,30,114,182,139,125,187,158,62,189,130,5,122,157,84,131,79,42,27,193,172,39,107,55,14,147,196,167,40,87,181,68,9,28,162,108,102,132,144,146,63,73,99,16,159,164,41,35,161,191,174,101,134,112,104,31,53,180,4,188,168,155,126,143,142,115,86,60,179,47,43,133,76,151,141,11,58,64,96,177,199,166,22,195,119,81,153,129,24,150,6,137,117,113,66,176,160,45,121];False
5935;6701;12636;[50,16,91,18,54,120,89,46,152,86,185,175,12,7,85,15,135,198,19,33,183,17,154,38,178,13,197,123,29,71,44,90,52,2,83,59,93,138,124,94,118,48,34,69,149,163,186,148,173,116,65,192,10,95,61,97,0,77,57,26,145,3,136,49,170,103,105,74,20,156,31,194,51,73,82,67,32,165,169,23,75,36,98,25,1,88,70,37,21,92,8,184,190,109,72,78,111,128,171,110,80,100,30,114,182,139,125,187,158,62,189,130,5,122,157,84,131,79,42,27,193,172,39,107,55,14,147,196,167,40,87,181,68,9,28,162,108,102,132,144,56,63,140,99,146,159,164,41,35,161,191,174,101,134,112,104,106,53,180,4,188,168,155,126,143,142,115,127,60,179,47,43,133,76,151,141,11,58,64,96,177,199,166,22,195,119,81,153,129,24,150,6,137,117,113,66,176,160,45,121];False
6112;6692;12804;[73,146,147,115,54,120,89,160,152,18,185,175,12,7,85,15,135,198,19,33,183,17,154,38,178,13,197,123,29,71,44,91,52,2,83,59,93,138,124,94,118,48,34,90,149,163,186,148,173,116,65,192,10,95,61,97,0,77,57,26,145,3,136,137,170,103,105,74,20,156,31,194,51,50,82,67,32,165,169,23,75,36,98,25,1,88,70,37,21,92,8,184,190,109,72,78,111,128,171,110,80,100,30,114,182,139,41,187,158,62,189,130,5,122,157,84,131,79,42,27,193,172,39,107,55,14,125,196,167,40,87,181,68,9,28,162,108,102,132,144,56,63,140,99,16,159,164,69,35,161,191,174,101,134,112,104,106,53,180,4,188,168,155,126,143,142,49,127,60,179,47,43,133,76,151,141,11,58,64,96,177,199,166,22,195,119,81,153,129,24,150,6,86,117,113,66,176,46,45,121];False
6365;6687;13052;[34,4,84,137,54,120,89,46,152,18,185,175,12,7,85,15,135,16,19,33,183,17,154,38,178,13,197,123,29,71,44,91,52,2,83,59,93,138,124,94,118,48,92,90,149,163,186,148,173,116,65,192,10,95,61,97,0,77,57,26,145,3,136,49,170,103,105,74,20,156,31,194,51,50,82,67,32,165,169,23,75,36,98,25,1,88,70,37,21,146,8,184,190,109,72,78,111,128,171,110,80,100,30,114,182,139,125,187,158,62,189,130,5,122,157,41,131,79,42,27,193,172,39,107,55,14,147,196,167,40,87,181,68,9,28,162,108,102,132,144,56,63,140,99,73,159,164,69,35,161,191,174,101,134,112,104,106,53,180,198,188,168,155,126,143,142,115,127,60,179,47,43,133,76,151,141,11,58,64,96,177,199,166,22,195,119,81,153,129,24,150,6,86,117,113,66,176,160,45,121];False
6910;6664;13574;[34,84,67,80,58,158,141,119,132,89,137,133,12,185,54,52,189,28,38,14,72,118,10,36,184,66,46,44,91,190,109,56,73,74,143,23,69,159,15,135,37,8,71,48,92,90,131,59,93,3,169,142,191,61,145,94,13,86,7,77,176,35,97,128,57,2,167,107,123,50,146,51,20,17,82,78,170,18,75,161,115,25,105,4,6,88,70,108,21,106,154,122,197,162,125,163,171,110,129,24,130,127,30,114,182,139,178,136,101,175,85,1,117,120,157,173,186,79,42,27,193,172,39,32,55,155,33,192,165,40,87,181,68,9,103,140,147,196,95,144,156,180,188,65,53,183,164,41,149,152,102,62,98,134,112,104,99,63,31,198,138,168,29,126,16,194,19,49,60,179,5,43,187,76,151,148,83,111,64,96,177,199,166,22,195,11,81,153,47,26,150,174,100,0,113,116,124,160,45,121];False
6890;6671;13561;[34,90,67,83,86,128,42,119,132,89,137,133,5,185,54,52,189,28,38,14,72,118,10,36,184,66,46,44,23,190,109,56,73,74,143,91,69,159,15,135,37,8,71,48,92,84,131,59,93,3,169,142,191,61,145,94,13,111,7,77,176,35,97,171,57,2,167,107,123,50,146,51,20,17,82,78,170,18,75,161,115,25,105,4,6,88,70,108,21,106,154,122,197,162,125,163,158,110,129,24,130,127,30,114,182,139,178,136,101,175,85,1,117,120,157,173,186,79,141,27,193,172,39,32,55,155,33,192,165,40,87,181,68,9,103,140,147,196,95,144,156,180,188,65,53,183,164,41,149,152,102,62,11,134,112,104,99,63,31,198,138,168,29,126,16,194,19,49,60,179,12,43,187,76,151,148,80,58,64,96,177,199,166,22,195,98,81,153,47,26,150,174,100,0,113,116,124,160,45,121];False
6804;6674;13478;[34,84,67,83,86,128,42,119,132,89,137,133,12,185,54,52,189,28,38,14,136,118,10,36,184,66,46,44,23,190,109,56,73,74,143,91,69,159,15,135,37,8,71,48,92,90,131,59,93,3,169,142,191,61,145,94,13,111,7,77,176,35,97,171,57,2,167,107,123,50,146,51,20,17,82,78,170,18,75,161,115,25,105,4,6,88,70,108,21,106,154,122,197,162,125,163,158,110,129,24,130,127,30,114,182,139,178,72,101,175,85,1,117,120,157,173,186,79,141,27,193,172,39,32,55,155,33,192,165,40,87,181,68,9,103,140,147,196,95,144,156,180,188,65,53,183,164,41,149,152,102,62,11,134,112,104,99,63,31,198,138,168,29,126,16,194,19,49,60,179,5,43,187,76,151,148,80,58,64,96,177,199,166,22,195,98,81,153,47,26,150,174,100,0,113,116,124,160,45,121];False
6905;6667;13572;[198,174,196,83,86,128,42,119,132,89,137,133,12,185,54,52,189,95,38,14,72,118,10,36,184,66,46,44,23,190,109,56,73,74,143,91,69,159,15,135,37,8,71,48,92,90,131,59,93,3,169,142,191,61,145,94,13,111,7,77,176,35,97,171,57,2,167,107,123,50,146,51,20,17,82,78,170,18,75,161,115,25,105,4,6,88,70,108,21,106,154,122,197,162,125,163,158,110,129,24,130,127,30,114,182,139,178,136,101,175,85,1,117,120,157,173,186,79,141,27,193,172,39,32,55,155,33,192,165,40,87,181,68,9,103,140,147,67,28,144,156,180,188,65,53,183,164,41,149,152,102,62,11,134,112,104,99,63,31,34,138,168,29,126,16,194,19,49,60,179,5,43,187,76,151,148,80,58,64,96,177,199,166,22,195,98,81,153,47,26,150,84,100,0,113,116,124,160,45,121];False
7164;6637;13801;[198,84,67,163,86,128,141,11,89,75,137,133,12,185,54,52,189,28,38,14,72,118,10,36,184,66,46,44,23,190,109,56,73,74,143,91,69,159,15,135,37,8,71,48,92,90,131,59,93,3,169,142,191,61,145,94,13,111,7,77,176,35,97,171,57,2,167,107,123,50,146,51,20,17,82,78,170,18,132,161,115,25,105,4,6,88,70,108,21,106,154,122,197,162,125,49,158,110,129,24,130,127,30,114,182,139,178,136,101,175,85,1,117,120,157,173,186,79,42,27,193,172,39,32,55,155,33,192,165,40,87,181,68,9,103,140,147,196,95,144,156,180,188,65,53,183,164,41,149,152,102,62,98,134,112,104,99,63,31,34,138,168,29,126,16,194,19,83,60,179,5,43,187,76,151,148,80,58,64,96,177,199,166,22,195,119,81,153,47,26,150,174,100,0,113,116,124,160,45,121];False
7847;6633;14480;[198,174,46,115,149,83,59,57,132,75,163,133,12,185,111,36,169,91,89,3,161,159,15,135,53,29,118,44,23,190,109,10,184,51,50,56,69,28,8,37,94,194,188,48,92,90,131,148,93,14,178,191,66,61,145,84,13,151,7,38,176,35,97,128,52,2,167,107,123,146,140,65,155,17,82,18,0,77,196,170,129,25,105,4,6,88,70,108,21,106,154,122,197,24,72,78,86,110,171,189,49,127,30,114,182,139,180,137,158,175,85,1,117,120,157,173,186,79,42,27,193,172,39,32,55,125,33,192,165,40,87,181,68,9,103,162,147,67,95,144,156,63,31,143,160,183,164,41,152,130,102,62,5,134,112,104,99,73,74,20,138,168,34,126,16,71,19,98,60,179,47,43,187,76,101,141,11,58,64,96,177,199,166,22,195,119,81,153,80,26,150,136,100,54,113,116,124,142,45,121];False
7852;6619;14471;[50,34,71,56,149,83,59,57,132,75,163,133,12,185,111,36,169,115,89,3,161,159,15,135,53,29,46,44,23,190,109,10,184,51,174,91,69,28,8,37,94,198,188,48,92,90,131,148,93,14,178,191,66,61,145,84,13,151,7,38,176,35,97,128,52,2,167,107,123,146,155,65,118,17,82,18,0,77,196,170,129,25,105,4,6,88,70,108,21,106,154,122,197,24,72,78,86,110,171,189,49,127,30,114,182,139,180,137,158,175,85,1,117,120,157,173,186,79,42,27,193,172,39,32,55,125,33,192,165,40,87,181,68,9,103,162,147,67,95,144,156,63,31,143,160,183,164,41,152,130,102,62,5,134,112,104,99,73,74,20,138,168,140,126,16,194,19,98,60,179,47,43,187,76,101,141,11,58,64,96,177,199,166,22,195,119,81,153,80,26,150,136,100,54,113,116,124,142,45,121];True
8325;6592;14917;[73,174,35,136,149,83,59,57,132,75,163,133,12,185,111,26,169,115,89,3,161,159,15,135,53,180,118,44,23,190,109,10,184,51,34,91,69,28,8,37,94,198,188,48,92,90,131,148,93,14,178,191,66,61,145,84,13,151,7,38,176,46,97,128,52,2,167,107,123,50,155,65,194,17,82,18,0,77,196,170,129,25,105,4,6,88,70,108,21,106,154,122,197,24,72,78,86,110,171,189,49,127,30,114,182,139,29,137,158,175,85,1,117,120,157,173,186,79,42,27,193,172,39,32,55,125,33,192,165,40,87,181,68,9,103,162,147,67,95,144,156,146,31,143,160,183,164,41,152,130,102,62,5,134,112,104,99,63,74,20,138,168,140,126,16,71,19,98,60,179,47,43,187,76,101,141,11,58,64,96,177,199,166,22,195,119,81,153,80,36,150,56,100,54,113,116,124,142,45,121];True
8627;6572;15199;[50,34,198,136,149,83,59,57,132,75,163,133,12,185,111,26,169,84,89,3,161,159,15,135,142,115,46,44,37,190,109,10,184,51,174,91,69,28,8,118,180,53,188,48,92,90,131,148,93,14,178,23,66,61,145,94,13,151,7,38,176,35,97,128,52,2,167,107,123,73,155,65,194,17,82,18,0,77,196,170,129,25,105,4,6,88,70,108,21,106,154,122,197,24,72,78,86,110,171,189,49,127,30,114,182,139,29,137,158,175,85,1,117,120,157,173,186,79,42,27,193,172,39,32,55,125,33,192,165,40,87,181,68,9,103,162,147,67,95,144,156,146,31,143,191,183,164,41,152,130,102,62,5,134,112,104,99,63,74,20,138,168,140,126,16,71,19,98,60,179,47,43,187,76,101,141,11,58,64,96,177,199,166,22,195,119,81,153,80,36,150,56,100,54,113,116,124,160,45,121];False
8800;6558;15358;[50,174,67,36,149,83,59,57,132,75,137,133,12,185,111,95,169,84,89,3,161,159,15,135,194,115,46,44,37,190,109,10,184,51,34,91,69,28,8,118,180,53,188,48,92,90,131,148,93,14,178,142,66,61,145,94,13,151,7,38,176,35,97,128,52,2,167,107,123,73,155,65,198,17,82,18,0,77,196,170,129,25,105,4,6,88,70,108,21,106,154,122,197,24,72,78,86,110,171,189,49,127,30,114,182,139,29,163,158,175,85,1,117,120,157,173,186,79,42,27,193,172,39,32,55,125,33,192,165,40,87,181,68,9,103,162,147,23,136,144,156,146,31,143,191,183,164,41,152,130,102,62,5,134,112,104,99,63,74,20,138,168,140,126,16,71,19,98,60,179,47,43,187,76,101,141,11,58,64,96,177,199,166,22,195,119,81,153,80,26,150,56,100,54,113,116,124,160,45,121];False
8971;6550;15521;[50,174,23,136,149,83,59,57,132,152,163,133,12,185,111,26,169,84,89,3,161,159,15,135,194,115,46,44,37,190,109,10,184,51,34,91,69,28,8,118,180,53,188,48,92,90,131,148,93,14,178,142,66,61,145,94,13,151,7,38,176,35,97,128,52,2,167,107,123,73,155,65,198,17,82,18,0,77,196,170,129,25,105,4,6,88,70,108,21,106,154,122,197,24,72,78,86,110,171,189,49,127,30,114,182,139,29,137,158,175,85,1,117,120,157,173,186,79,42,27,193,172,39,32,55,125,33,192,165,40,87,181,68,9,103,162,147,67,95,144,156,146,31,143,191,183,164,41,75,130,102,62,5,134,112,104,99,63,74,20,138,168,140,126,16,71,19,98,60,179,47,43,187,76,101,141,11,58,64,96,177,199,166,22,195,119,81,153,80,36,150,56,100,54,113,116,124,160,45,121];False
8988;6549;15537;[73,174,67,36,149,11,59,98,3,161,163,86,12,185,54,57,169,84,89,23,136,160,15,135,194,115,46,44,37,190,109,10,184,51,34,91,69,28,8,118,180,159,188,48,92,90,131,148,93,14,178,142,191,61,145,94,13,101,7,38,176,35,97,128,52,2,167,107,123,50,155,65,198,17,82,49,133,18,132,170,77,25,105,4,6,88,70,108,21,106,154,122,197,24,72,78,111,110,171,189,130,127,30,114,182,139,29,137,158,175,85,1,117,120,157,173,186,79,42,27,193,172,39,32,55,125,33,192,165,40,87,181,68,9,103,162,147,196,95,144,156,146,31,143,53,183,164,41,75,152,102,62,5,134,112,104,99,63,74,20,138,168,140,126,16,71,19,83,60,179,47,43,187,76,151,141,80,58,64,96,177,199,166,22,195,119,81,153,129,26,150,56,100,0,113,116,124,66,45,121];False
9261;6538;15799;[50,174,67,36,149,80,59,57,132,75,163,86,151,185,133,98,193,84,89,3,161,159,15,135,194,115,46,44,37,190,109,10,184,51,34,91,69,28,8,118,180,53,188,48,92,90,131,148,93,14,178,142,66,61,145,94,13,12,7,38,176,35,97,128,52,2,167,107,123,73,155,65,198,17,82,18,0,95,196,170,77,25,105,4,6,88,70,108,21,106,154,122,197,24,72,78,111,110,171,189,49,127,30,114,182,139,29,137,158,175,85,1,117,120,157,173,186,79,42,27,169,172,39,32,55,125,33,192,165,40,87,181,68,9,103,162,147,23,136,144,156,146,31,143,191,183,164,41,152,130,102,62,5,134,112,104,99,63,74,20,138,168,140,126,16,71,19,83,60,179,47,43,187,76,101,141,11,58,64,96,177,199,166,22,195,119,81,153,129,26,150,56,100,54,113,116,124,160,45,121];False
9055;6547;15602;[73,174,67,36,149,11,59,57,132,75,163,86,12,185,133,98,169,84,89,3,161,28,15,135,194,115,46,44,37,190,109,10,184,51,34,91,69,159,8,118,180,53,188,48,92,90,131,148,93,14,178,142,66,61,145,94,13,151,7,38,176,35,97,128,52,2,167,107,123,50,155,65,198,17,82,18,0,95,196,170,77,25,105,4,6,88,70,108,21,106,154,122,197,24,72,78,111,110,171,189,49,127,30,114,182,139,29,137,158,175,85,1,117,120,157,173,186,79,42,27,193,172,39,32,55,125,33,192,165,40,87,181,68,9,103,162,147,23,136,144,156,146,31,143,191,183,164,41,152,130,102,62,5,134,112,104,99,63,74,20,138,168,140,126,16,71,19,83,60,179,47,43,187,76,101,141,80,58,64,96,177,199,166,22,195,119,81,153,129,26,150,56,100,54,113,116,124,160,45,121];False
9384;6534;15918;[73,174,23,136,149,11,59,57,132,152,163,86,151,185,133,98,169,84,89,3,161,159,15,135,194,115,46,44,37,190,109,10,184,51,34,91,69,28,8,118,180,53,188,48,92,90,131,148,93,14,178,142,66,61,145,94,13,12,7,38,176,35,97,128,52,2,167,107,123,50,155,65,198,17,82,18,0,36,196,170,77,25,105,4,6,88,70,108,21,106,154,122,197,24,72,78,111,110,171,189,49,127,30,114,182,139,29,137,158,175,85,1,117,120,157,173,186,79,42,27,193,172,39,32,55,125,33,192,165,40,87,181,68,9,103,162,147,67,95,144,156,146,31,143,191,183,164,41,75,130,102,62,5,134,112,104,99,63,74,20,138,168,140,126,16,71,19,83,60,179,47,43,187,76,101,141,80,58,64,96,177,199,166,22,195,119,81,153,129,26,150,56,100,54,113,116,124,160,45,121];True
9802;6526;16328;[73,174,23,136,149,18,59,57,132,152,163,86,12,185,0,98,169,6,89,3,161,159,15,135,194,115,46,44,37,190,109,10,184,48,34,91,69,28,8,118,180,53,188,51,92,90,131,148,93,14,178,142,66,61,145,94,13,101,7,38,176,35,97,128,52,2,167,107,123,50,155,65,198,17,82,49,133,36,196,170,77,25,105,4,84,88,70,108,21,106,154,122,197,24,72,78,111,110,171,189,80,127,30,114,182,139,29,137,158,175,85,1,117,120,157,173,186,79,42,27,193,172,39,32,55,125,33,192,165,40,87,181,68,9,103,162,147,67,95,144,156,146,31,143,191,183,164,41,75,130,102,62,5,134,112,104,99,63,74,20,138,168,140,126,16,71,19,83,60,179,47,43,187,76,151,141,11,58,64,96,177,199,166,22,195,119,81,153,129,26,150,56,100,54,113,116,124,160,45,121];False
2036;7271;9307;[180,118,129,162,19,87,121,178,102,132,130,84,77,112,93,147,66,157,103,105,74,188,144,31,142,117,167,61,45,138,41,49,78,128,42,57,197,146,190,126,143,160,91,1,33,124,44,196,36,46,140,92,82,23,189,81,0,85,22,26,176,193,109,20,170,95,38,139,9,4,70,194,34,198,174,184,35,67,32,72,163,25,51,8,16,125,11,113,156,71,165,65,37,94,173,18,131,110,101,59,80,100,30,134,148,195,97,58,175,151,7,191,181,68,123,6,137,158,54,52,119,187,39,107,55,14,13,172,12,89,75,149,15,135,53,183,69,159,164,90,28,155,73,99,106,136,115,152,2,161,111,86,133,76,122,116,104,17,145,56,21,108,192,40,169,182,29,154,60,177,27,43,127,96,171,141,98,114,64,79,179,47,88,5,186,199,83,153,166,24,150,10,185,62,120,3,168,50,48,63];True
2106;7215;9321;[50,190,121,178,9,118,129,19,172,12,130,84,77,112,93,147,66,157,103,105,74,188,144,31,142,117,167,61,45,138,41,49,78,128,42,57,197,146,162,126,143,160,91,1,33,124,180,196,36,46,140,92,82,23,189,81,0,85,22,26,176,193,109,20,170,95,38,139,65,4,70,194,34,198,174,184,35,67,32,72,163,25,51,8,16,125,11,113,156,71,165,87,37,94,173,18,131,110,101,59,80,100,30,134,148,195,97,58,151,175,7,191,181,68,123,6,137,158,54,52,119,187,39,107,55,14,13,111,132,89,75,149,15,135,53,183,69,159,164,90,28,155,73,99,106,136,115,152,2,161,102,86,133,76,122,116,104,17,145,56,21,108,192,40,169,182,29,154,60,177,27,43,127,96,171,141,98,114,64,79,179,47,88,5,186,199,83,153,166,24,150,10,185,62,120,3,168,44,48,63];True
1955;7397;9352;[9,143,129,162,22,87,121,178,111,132,130,84,77,112,93,147,66,157,103,136,74,188,144,31,142,117,167,61,45,138,41,49,78,128,42,57,197,50,190,126,118,160,91,1,33,124,180,196,36,46,140,92,82,23,189,81,0,85,19,26,176,193,109,20,170,95,38,139,146,4,105,194,34,198,174,184,35,67,32,72,163,25,51,8,16,125,11,113,156,71,165,65,37,94,173,18,131,110,101,59,80,100,30,134,148,195,97,58,175,151,7,191,181,68,123,6,137,158,54,52,119,187,39,107,55,14,13,172,12,89,75,149,15,135,53,183,69,159,164,90,28,155,73,99,106,70,115,152,2,161,102,86,133,76,122,116,104,17,145,56,21,108,192,40,169,182,29,154,60,177,27,43,127,96,171,141,98,114,64,79,179,47,88,5,186,199,83,153,166,24,150,10,185,62,120,3,168,44,48,63];False
1893;7465;9358;[13,172,12,22,26,178,147,3,2,130,84,117,77,112,106,24,66,157,103,105,74,188,93,118,10,0,167,61,45,138,41,49,78,128,42,57,37,121,162,126,143,160,91,1,33,124,94,196,36,182,140,92,82,23,189,81,87,85,104,46,146,193,136,144,170,95,38,139,19,20,51,149,34,194,180,123,176,67,32,72,163,25,70,65,16,190,11,113,156,71,165,184,31,8,173,18,131,110,101,59,80,100,30,134,148,195,97,137,175,151,7,191,181,68,198,142,58,158,54,52,119,187,39,107,55,14,90,111,132,89,75,4,15,135,53,183,69,159,164,9,28,155,73,99,109,50,115,152,35,161,102,86,133,76,122,116,44,125,145,56,21,108,192,40,169,129,29,154,60,177,27,43,127,96,171,141,98,114,64,79,179,47,88,5,186,199,83,153,166,174,150,6,185,62,120,197,168,17,48,63];True
1936;7423;9359;[90,172,12,22,26,178,147,3,2,130,132,117,77,112,106,29,66,157,103,105,74,188,93,118,10,0,167,61,45,138,41,49,78,128,42,57,37,121,162,126,143,160,91,1,33,124,94,196,36,182,140,92,82,23,189,81,87,85,104,46,146,193,136,144,170,95,38,139,19,20,51,149,34,194,180,123,176,67,32,72,163,25,70,65,16,190,11,113,156,71,165,184,31,8,173,18,131,110,101,59,80,100,30,134,148,195,97,137,175,151,7,191,181,68,198,142,58,158,54,52,119,187,39,107,55,14,13,111,84,89,75,4,15,135,53,183,69,159,164,9,28,155,73,99,109,50,115,152,35,161,102,86,133,76,122,116,44,125,145,56,21,108,192,40,169,129,24,154,60,177,27,43,127,96,171,141,98,114,64,79,179,47,88,5,186,199,83,153,166,174,150,6,185,62,120,197,168,17,48,63];False
2156;7191;9347;[50,4,121,178,147,9,149,19,172,12,130,84,77,112,93,184,66,157,103,105,74,188,144,31,142,117,167,61,45,138,41,49,78,128,42,57,197,146,162,126,143,160,91,1,33,124,180,196,36,46,140,92,82,23,189,81,0,85,22,26,176,193,109,190,170,95,38,139,65,20,70,194,34,198,174,118,35,67,32,72,163,25,51,8,16,125,11,113,156,71,165,87,37,94,173,18,131,110,101,59,80,100,30,134,148,195,97,58,175,151,7,191,181,68,123,6,137,158,54,52,119,187,39,107,55,14,13,111,132,89,75,129,15,135,53,183,69,159,164,90,28,155,73,99,106,136,115,152,2,161,102,86,133,76,122,116,104,17,145,56,21,108,192,40,169,182,29,154,60,177,27,43,127,96,171,141,98,114,64,79,179,47,88,5,186,199,83,153,166,24,150,10,185,62,120,3,168,44,48,63];True
2234;7167;9401;[50,4,28,162,147,9,149,19,172,12,130,84,77,112,93,46,66,157,103,105,74,188,144,31,142,117,167,61,45,138,41,49,78,128,42,57,197,146,118,126,143,160,91,1,33,124,180,196,36,184,140,92,82,23,189,81,0,85,22,26,176,193,109,190,170,95,38,139,65,20,70,194,34,198,174,178,2,67,32,72,163,25,51,8,16,125,11,113,156,71,165,87,37,94,173,18,131,110,101,59,80,100,30,134,148,195,97,58,175,151,7,191,181,68,123,6,137,158,54,52,119,187,39,107,55,14,13,111,132,89,75,129,15,135,53,183,69,159,164,90,121,155,73,99,106,136,115,152,35,161,102,86,133,76,122,116,104,17,145,56,21,108,192,40,169,182,29,154,60,177,27,43,127,96,171,141,98,114,64,79,179,47,88,5,186,199,83,153,166,24,150,10,185,62,120,3,168,44,48,63];True
2349;7126;9475;[50,21,174,178,9,37,94,118,172,12,130,117,195,112,93,184,66,157,103,105,74,188,144,31,142,2,167,61,45,138,41,49,78,128,42,57,3,121,162,126,143,160,91,1,33,124,147,196,36,46,140,92,82,23,189,81,0,85,22,26,176,193,109,190,170,95,38,139,65,20,51,149,34,198,146,4,84,67,32,72,163,25,70,19,16,125,11,113,156,71,165,87,194,8,173,18,131,110,101,59,80,100,30,134,148,77,97,58,175,151,7,191,181,68,123,6,137,158,54,52,119,187,39,107,55,14,13,111,132,89,75,129,15,135,53,183,69,159,164,90,28,155,73,99,106,136,115,152,35,161,102,86,133,76,122,116,104,17,145,56,180,108,192,40,169,182,29,154,60,177,27,43,127,96,171,141,98,114,64,79,179,47,88,5,186,199,83,153,166,24,150,10,185,62,120,197,168,44,48,63];False
1810;7605;9415;[180,172,12,22,167,178,120,3,2,130,84,117,77,112,31,29,66,157,103,105,74,188,144,118,147,0,101,61,45,138,26,9,78,128,42,57,37,121,162,126,143,160,91,1,33,124,94,196,36,182,140,92,82,23,189,81,87,85,104,20,146,193,109,93,170,95,38,139,19,194,51,149,34,127,175,123,49,67,32,72,137,25,70,65,16,190,11,113,156,71,165,184,125,8,173,18,131,110,41,59,80,100,30,134,148,195,97,58,6,151,7,191,181,68,198,142,163,158,54,52,119,187,39,107,55,14,13,197,132,89,75,4,15,135,53,183,69,159,164,90,28,155,73,99,106,136,115,152,35,161,102,86,133,76,122,116,176,46,145,56,21,108,192,40,169,129,24,154,60,177,27,43,111,96,171,141,98,114,64,79,179,47,88,5,186,199,83,153,166,174,150,10,185,62,44,50,168,17,48,63];False
1868;7540;9408;[104,172,12,22,81,93,147,3,2,130,84,117,77,112,193,24,66,157,103,105,74,188,144,118,10,0,167,61,45,138,41,88,78,128,42,57,37,121,162,126,143,160,91,1,33,124,94,196,36,46,140,92,82,23,189,49,87,106,136,26,146,85,9,178,170,95,38,139,19,20,51,149,34,194,180,123,176,67,32,72,163,25,70,65,16,190,11,113,156,71,165,184,31,8,173,18,131,110,101,59,80,100,30,134,148,195,97,137,175,151,7,191,181,68,198,142,58,158,54,52,29,187,39,107,55,14,13,111,132,89,75,4,15,135,53,183,69,159,164,90,28,155,73,99,109,50,115,152,35,161,102,86,133,76,122,116,17,125,145,56,21,108,192,40,169,129,119,154,60,177,27,43,127,96,171,141,98,114,64,79,179,47,182,5,186,199,83,153,166,174,150,6,185,62,120,197,168,44,48,63];False
1771;7685;9456;[194,172,12,22,26,178,120,3,2,130,84,117,77,112,31,29,66,157,103,105,74,188,144,118,147,0,101,61,45,55,126,180,78,128,42,57,37,121,162,146,143,160,91,1,33,124,94,196,52,182,140,92,82,23,189,81,87,85,104,20,167,193,109,93,170,95,38,139,19,9,51,149,34,127,175,123,176,67,32,72,137,25,70,65,16,190,11,113,156,71,165,184,125,8,173,18,131,110,41,59,80,100,30,134,148,195,97,58,6,43,7,191,181,68,198,142,163,158,54,36,119,187,39,107,138,14,13,197,132,89,75,4,15,135,53,183,69,159,164,90,28,155,73,99,106,136,115,152,35,161,102,86,133,76,122,116,49,46,145,56,21,108,192,40,169,129,24,154,60,177,27,151,111,96,171,141,98,114,64,79,179,47,88,5,186,199,83,153,166,174,150,10,185,62,44,50,168,17,48,63];False
1724;7740;9464;[180,172,12,22,26,176,120,3,2,130,84,117,77,112,31,29,66,157,103,105,74,188,93,164,100,0,101,61,45,138,126,185,78,128,42,57,37,121,162,146,118,10,91,1,33,124,94,196,36,182,140,92,82,23,189,81,87,85,104,20,167,193,136,67,62,95,38,139,19,194,51,149,34,127,175,123,90,144,32,72,137,25,170,65,16,190,11,113,156,71,165,184,125,8,173,18,131,110,41,59,80,147,30,134,148,195,97,58,6,43,7,191,181,68,198,142,163,158,54,52,119,187,39,107,55,14,13,197,132,89,75,4,15,135,53,183,69,159,9,151,28,155,73,99,106,70,115,152,35,161,102,86,133,76,122,116,49,46,145,56,21,108,192,40,169,129,24,154,60,177,27,178,111,96,171,141,98,114,64,79,179,47,88,5,186,199,83,153,166,174,150,160,143,109,44,50,168,17,48,63];False
1723;7762;9485;[180,172,12,22,26,176,120,3,2,130,106,117,77,112,31,29,66,157,103,105,74,188,93,164,100,0,101,61,45,55,126,185,78,128,42,57,37,121,162,146,118,10,91,1,33,124,94,196,36,182,140,92,82,23,189,81,87,85,104,20,167,193,136,144,62,95,38,139,19,194,51,149,34,127,175,123,90,67,32,72,137,25,170,65,16,190,11,113,156,71,165,184,125,8,173,18,131,110,41,59,80,147,30,134,148,195,97,58,6,43,7,191,181,68,198,142,163,158,54,52,119,187,39,107,138,14,13,197,132,89,75,4,15,135,53,183,69,159,9,178,28,155,73,99,84,70,115,152,35,161,102,86,133,76,122,116,49,46,145,56,21,108,192,40,169,129,24,154,60,177,27,151,111,96,171,141,98,114,64,79,179,47,88,5,186,199,83,153,166,174,150,160,143,109,44,50,168,17,48,63];False
1649;7848;9497;[180,172,12,22,26,178,120,3,2,130,84,117,77,112,31,29,66,157,103,44,74,188,93,90,100,0,101,61,45,138,126,185,78,128,42,57,37,121,162,146,118,10,91,1,33,124,94,196,36,182,140,92,82,23,189,81,87,85,104,20,167,193,164,144,181,95,38,139,19,194,51,149,34,127,175,123,136,67,32,72,137,25,170,65,16,190,11,113,156,71,165,184,125,8,173,18,131,110,41,59,80,147,30,134,148,195,97,58,6,43,7,191,62,68,198,142,163,158,54,52,119,187,39,107,55,14,13,197,132,89,75,4,15,135,53,183,69,159,9,105,28,155,73,99,106,70,115,152,35,161,102,86,133,76,122,116,49,46,145,56,21,108,192,40,169,129,24,154,60,177,27,151,111,96,171,141,98,114,64,79,179,47,88,5,186,199,83,153,166,174,150,160,143,109,176,50,168,17,48,63];True
1601;7963;9564;[180,172,12,22,26,178,120,3,2,130,106,117,77,112,31,29,66,157,103,44,45,188,93,90,100,0,101,61,74,138,126,185,78,128,42,57,37,121,162,146,118,10,91,1,33,124,94,196,52,182,140,92,82,23,189,81,87,85,104,20,167,193,164,144,181,95,38,139,19,194,51,149,34,127,175,123,136,67,32,72,137,25,170,65,16,190,11,113,156,71,165,184,125,8,173,18,131,110,41,59,80,147,30,134,148,195,97,58,6,43,7,191,62,68,198,142,163,158,54,36,119,187,39,107,55,14,13,197,132,89,75,4,15,135,53,183,69,159,9,105,28,155,73,99,84,70,115,152,35,161,102,86,133,76,122,116,49,46,145,56,21,108,192,40,169,129,24,154,60,177,27,151,111,96,171,141,98,114,64,79,179,47,88,5,186,199,83,153,166,174,150,160,143,109,176,50,168,17,48,63];False
2449;7103;9552;[50,21,180,178,9,37,94,118,172,132,130,117,77,112,93,184,66,157,103,105,74,188,144,31,149,2,167,61,45,138,41,49,78,128,42,57,3,121,162,126,143,160,91,1,33,124,147,196,36,46,140,92,82,23,189,81,0,85,22,26,176,193,109,190,170,95,38,139,65,20,51,142,34,198,174,4,84,67,32,72,163,25,70,19,16,125,11,113,156,71,165,87,194,8,173,18,131,110,101,59,80,100,30,134,148,195,97,58,175,151,7,191,181,68,123,6,137,158,54,52,119,187,39,107,55,14,13,111,12,89,75,129,15,135,53,183,69,159,164,90,28,155,73,99,106,136,115,152,35,161,102,86,133,76,122,116,104,17,145,56,146,108,192,40,169,182,29,154,60,177,27,43,127,96,171,141,98,114,64,79,179,47,88,5,186,199,83,153,166,24,150,10,185,62,120,197,168,44,48,63];False
1600;7961;9561;[180,172,12,22,26,178,120,3,2,130,106,117,77,112,31,29,66,157,103,44,74,188,93,90,100,0,101,61,45,55,126,185,78,128,42,57,37,121,162,146,118,10,91,1,33,124,94,196,52,182,140,92,82,23,189,81,87,85,104,20,167,193,164,144,181,95,38,139,19,194,51,149,34,127,175,123,136,67,32,72,137,25,170,65,16,190,186,113,156,71,165,184,125,8,173,18,131,110,41,59,80,147,30,134,148,195,97,58,6,43,7,191,62,68,198,142,163,158,54,36,119,187,39,107,138,14,13,197,132,89,75,4,15,135,53,183,69,159,9,105,28,155,73,99,84,70,115,152,35,161,102,86,133,76,122,116,49,46,145,56,21,108,192,40,169,129,24,154,60,177,27,151,111,96,171,141,98,114,64,79,179,47,88,5,11,199,83,153,166,174,150,160,143,109,176,50,168,17,48,63];True
1571;8056;9627;[198,155,29,154,141,119,44,7,130,107,105,146,118,178,192,183,104,17,53,162,173,18,57,120,24,197,15,135,32,159,82,134,121,10,123,90,41,22,38,14,168,50,94,60,49,153,185,127,39,148,69,28,129,8,93,46,55,165,42,166,59,36,23,12,54,151,175,83,117,98,78,171,81,52,150,140,92,100,58,79,177,95,167,61,181,65,76,5,27,133,96,157,138,45,188,87,66,126,124,86,112,40,51,106,143,160,80,71,9,190,43,128,85,164,111,195,25,37,145,139,33,13,137,158,182,109,21,73,6,56,63,31,142,115,152,102,186,113,196,89,26,176,72,74,4,97,131,0,199,62,1,189,108,84,99,174,184,161,156,147,3,169,191,11,194,180,163,170,103,91,35,125,149,34,187,114,68,116,20,67,193,16,136,144,70,19,64,101,122,172,77,2,110,30,179,47,132,75,88,48];False
2540;7072;9612;[50,21,180,37,109,31,82,4,172,12,130,117,77,112,93,118,66,157,103,105,74,188,144,44,19,2,167,61,45,138,41,49,78,128,42,57,3,121,162,126,143,160,91,1,33,124,94,196,36,46,140,92,147,23,189,81,0,85,22,26,176,193,16,178,170,95,38,139,65,20,51,149,34,198,174,184,84,67,32,72,163,25,70,6,9,190,11,113,156,71,165,87,194,8,173,18,131,110,101,59,80,100,30,134,148,195,97,58,175,151,7,191,181,68,123,142,137,158,54,52,119,187,39,107,55,14,13,111,132,89,75,129,15,135,53,183,69,159,164,90,28,155,73,99,106,136,115,152,35,161,102,86,133,76,122,116,104,125,145,56,146,108,192,40,169,182,29,154,60,177,27,43,127,96,171,141,98,114,64,79,179,47,88,5,186,199,83,153,166,24,150,10,185,62,120,197,168,17,48,63];False
2808;7002;9810;[34,70,20,190,109,147,6,193,172,12,130,22,195,112,93,118,66,157,103,105,74,188,87,37,174,149,167,61,45,138,41,49,78,128,42,57,3,121,162,126,143,160,91,1,33,124,94,196,36,44,140,92,82,23,189,81,0,85,19,26,176,46,9,178,170,95,38,139,123,146,51,50,31,194,180,4,84,67,32,72,163,25,144,65,16,117,77,113,156,71,165,2,184,8,173,18,131,110,101,59,80,100,30,134,148,11,97,58,175,151,7,191,181,68,198,142,137,158,54,52,119,187,39,107,55,14,13,111,132,89,75,129,15,135,53,183,69,159,164,90,28,155,73,99,106,136,115,152,35,161,102,86,133,76,122,116,104,125,145,56,21,108,192,40,169,182,29,154,60,177,27,43,127,96,171,141,98,114,64,79,179,47,88,5,186,199,83,153,166,24,150,10,185,62,120,197,168,17,48,63];False
2672;7014;9686;[34,103,105,190,109,147,6,193,172,12,130,22,195,112,93,118,66,157,20,51,74,188,87,37,174,149,167,61,45,138,41,49,78,128,42,57,3,121,162,126,143,160,91,1,33,124,94,196,36,44,140,92,82,23,189,81,0,85,19,26,176,46,9,178,170,95,38,139,144,146,123,50,31,194,180,4,84,67,32,72,163,25,70,65,16,117,77,113,156,71,165,2,184,8,173,18,131,110,101,59,80,100,30,134,148,11,97,58,175,151,7,191,181,68,198,142,137,158,54,52,119,187,39,107,55,14,13,111,132,89,75,129,15,135,53,183,69,159,164,90,28,155,73,99,106,136,115,152,35,161,102,86,133,76,122,116,104,125,145,56,21,108,192,40,169,182,29,154,60,177,27,43,127,96,171,141,98,114,64,79,179,47,88,5,186,199,83,153,166,24,150,10,185,62,120,197,168,17,48,63];True
1543;8334;9877;[29,71,63,69,141,119,148,128,130,107,105,152,140,178,192,183,154,50,53,162,173,18,57,120,24,197,15,118,198,159,82,134,121,10,123,90,41,22,38,150,168,58,100,60,49,153,185,127,39,187,147,67,129,8,93,46,55,165,42,166,59,36,23,12,54,151,175,83,117,98,78,171,81,52,174,135,14,94,17,79,177,95,167,61,181,65,76,5,27,133,96,157,138,45,188,87,66,126,124,86,112,40,51,106,143,160,80,28,9,190,43,7,85,164,111,195,25,37,145,139,33,13,137,158,182,109,21,73,6,56,92,31,142,115,44,102,186,113,196,89,26,176,72,74,4,97,131,0,199,62,1,189,108,84,34,155,184,161,156,104,3,169,191,11,194,180,163,170,103,91,35,125,149,32,99,114,68,20,116,146,193,16,136,144,70,19,64,101,122,172,77,2,110,30,179,47,132,75,88,48];False
2572;7052;9624;[20,146,31,190,109,118,6,193,172,12,130,22,195,112,93,147,66,157,103,105,74,188,87,37,174,149,167,61,45,123,41,49,78,128,42,57,3,121,162,126,143,160,91,1,33,124,94,196,36,44,140,92,82,23,189,81,0,85,19,26,176,46,9,178,170,95,38,139,144,138,51,50,34,194,180,4,84,67,32,72,163,25,70,65,16,117,77,113,156,71,165,2,184,8,173,18,131,110,101,59,80,100,30,134,148,11,97,58,175,151,7,191,181,68,198,142,137,158,54,52,119,187,39,107,55,14,13,111,132,89,75,129,15,135,53,183,69,159,164,90,28,155,73,99,106,136,115,152,35,161,102,86,133,76,122,116,104,125,145,56,21,108,192,40,169,182,29,154,60,177,27,43,127,96,171,141,98,114,64,79,179,47,88,5,186,199,83,153,166,24,150,10,185,62,120,197,168,17,48,63];True
2856;6979;9835;[20,51,34,190,109,147,6,193,172,59,36,22,195,112,93,118,66,157,103,105,74,188,87,37,174,149,167,61,45,138,41,49,78,128,42,57,3,121,162,126,143,160,91,1,33,124,94,196,130,104,140,92,82,23,189,81,0,85,19,26,176,46,9,178,170,95,38,139,144,123,146,50,31,194,180,4,84,67,32,72,163,25,70,65,16,117,77,113,156,71,165,2,184,8,173,18,131,110,101,151,80,100,30,134,148,11,97,58,175,12,7,191,181,68,198,142,137,158,54,52,119,187,39,107,55,14,13,111,132,89,75,129,15,135,53,183,69,159,164,90,28,155,73,99,106,136,115,152,35,161,102,86,133,76,122,116,44,125,145,56,21,108,192,40,169,182,29,154,60,177,27,43,127,96,171,141,98,114,64,79,179,47,88,5,186,199,83,153,166,24,150,10,185,62,120,197,168,17,48,63];False
3183;6959;10142;[50,194,180,41,187,117,113,9,172,132,130,22,195,112,2,169,191,190,66,157,20,188,87,37,174,149,167,61,45,138,104,125,78,128,42,57,3,121,162,126,143,160,91,77,33,124,94,196,166,103,140,17,82,23,189,81,0,85,19,26,176,46,184,142,170,95,38,139,144,63,51,56,21,92,147,4,84,67,32,72,163,25,70,16,198,173,8,93,156,71,165,193,168,31,6,18,131,110,101,59,80,100,30,134,148,11,97,58,175,151,7,1,181,68,123,89,137,158,54,52,12,49,39,107,55,14,13,111,119,145,75,129,15,135,53,183,69,159,164,90,28,155,73,99,106,136,115,152,35,161,102,86,133,76,122,116,65,118,109,74,34,108,192,40,36,182,29,154,60,177,27,43,127,96,171,141,98,114,64,79,179,47,88,5,186,199,83,153,197,24,150,10,185,62,120,178,105,44,48,146];False
1522;8618;10140;[92,49,122,102,114,3,2,129,72,105,99,73,140,178,192,10,123,17,8,94,173,18,25,120,24,197,15,9,150,143,67,75,147,65,124,142,130,22,38,21,135,14,60,151,7,153,187,127,39,107,85,76,50,53,93,27,30,134,58,86,181,82,23,12,54,158,121,168,117,98,78,110,81,52,106,118,183,83,26,79,185,148,167,61,59,36,46,5,41,133,96,157,138,45,188,87,66,126,198,159,174,1,51,29,154,156,160,71,69,190,43,128,101,164,111,88,40,37,145,139,33,13,172,195,182,109,141,35,6,56,189,194,31,171,152,57,186,113,196,89,162,146,28,74,4,97,131,0,199,62,44,34,108,20,55,155,184,161,80,137,177,169,191,11,104,180,163,170,95,91,90,125,149,32,68,63,100,116,175,165,193,16,136,144,70,19,64,103,112,84,77,115,179,176,42,47,132,166,119,48];False
3193;6949;10142;[16,194,180,41,187,117,113,9,172,132,166,22,195,112,2,169,191,93,66,157,20,188,87,37,174,149,167,61,45,138,104,125,78,128,42,57,3,121,162,126,143,160,91,77,33,124,94,196,130,103,140,17,82,23,189,81,0,85,19,26,176,46,184,142,170,95,38,139,144,63,51,56,21,92,147,4,84,67,32,72,163,25,70,74,198,173,8,190,156,71,165,193,168,31,6,18,131,110,101,59,80,100,30,134,148,11,97,58,175,151,7,1,181,68,123,89,137,158,54,52,12,49,39,107,55,14,13,111,119,145,75,129,15,135,53,183,69,159,164,90,28,155,73,99,106,136,115,152,35,161,102,86,133,76,122,116,65,118,109,50,34,108,192,40,36,182,29,154,60,177,27,43,127,96,171,141,98,114,64,79,179,47,88,5,186,199,83,153,197,24,150,10,185,62,120,178,105,44,48,146];True
3373;6939;10312;[53,188,144,132,130,5,42,22,38,178,192,89,18,181,68,48,63,118,44,140,124,94,75,36,145,196,113,61,45,138,65,82,187,128,134,195,33,183,162,126,143,160,91,6,77,149,189,148,173,103,123,17,84,122,2,97,0,85,19,26,176,116,146,49,170,95,167,93,66,135,16,56,21,92,147,3,32,165,169,142,163,25,70,90,41,88,40,37,156,71,8,184,168,31,72,78,131,110,101,59,80,100,30,52,182,139,125,58,151,175,197,1,117,98,157,136,137,158,54,12,193,172,39,107,55,14,13,111,114,119,67,129,15,9,28,105,69,159,164,190,109,155,73,99,106,4,115,152,35,161,102,186,133,76,112,104,74,194,34,108,51,50,198,174,23,20,29,154,60,179,27,43,127,96,171,141,11,57,64,79,177,47,166,83,86,199,81,153,7,24,150,10,185,62,120,87,46,180,191,121];False
1471;8904;10375;[14,113,61,19,64,101,110,175,145,143,160,105,93,118,48,99,141,86,45,15,173,18,25,115,24,197,26,9,7,20,129,72,147,65,92,106,196,22,38,174,1,2,75,12,165,153,122,127,39,73,87,76,50,51,74,100,30,134,137,187,181,82,23,151,54,158,121,6,49,112,31,142,81,52,108,53,183,83,17,79,185,148,167,189,59,36,46,5,27,133,96,157,138,41,152,56,66,126,198,159,140,182,111,29,154,156,117,71,69,190,43,128,85,164,178,192,40,124,150,139,33,13,172,195,10,78,60,35,88,135,34,194,130,171,116,57,186,98,84,89,162,146,119,28,4,97,131,67,199,62,102,120,3,114,55,155,184,161,80,58,177,169,191,11,104,193,163,170,95,91,90,125,149,32,68,63,37,109,0,94,8,16,136,144,70,168,77,103,21,180,107,188,179,176,42,47,132,166,123,44];True
1428;8981;10409;[160,113,61,19,49,145,100,0,101,174,118,14,94,196,48,99,141,86,45,15,173,18,25,115,24,197,26,9,7,20,129,72,147,65,92,106,130,22,38,34,3,2,75,12,165,153,122,127,39,73,87,76,50,53,93,110,30,134,137,111,181,82,23,151,54,158,121,6,64,112,187,142,81,52,108,74,183,83,17,79,185,148,167,189,59,36,46,5,27,133,96,157,138,41,152,56,66,126,198,159,140,182,51,29,154,156,117,71,69,190,43,128,85,164,178,192,40,124,150,139,33,13,172,195,10,78,60,35,88,135,105,194,31,171,116,57,186,98,84,89,162,146,119,28,4,97,131,67,199,62,102,120,1,114,55,155,184,161,80,58,177,169,191,11,104,193,163,170,95,91,90,125,149,32,68,63,37,109,175,143,8,16,136,144,70,168,77,103,21,180,107,188,179,176,42,47,132,166,123,44];False
3718;6875;10593;[20,103,188,87,130,5,177,47,57,3,192,89,18,181,68,48,63,118,44,140,124,94,75,36,145,196,113,61,45,138,65,82,187,128,134,195,33,183,162,126,143,160,91,6,77,149,189,166,173,190,168,17,84,122,2,97,0,85,19,26,176,116,142,49,170,95,167,93,66,135,74,56,21,92,147,67,32,165,169,23,163,25,70,90,41,88,164,37,156,71,8,184,123,146,72,78,131,110,101,59,80,100,30,114,182,139,125,58,151,175,197,1,117,98,157,136,137,158,54,12,193,172,39,107,55,14,13,111,52,40,132,129,15,9,28,105,69,159,38,144,109,155,73,99,106,4,115,152,35,161,102,186,133,76,112,104,31,53,34,108,51,50,198,174,16,194,29,154,60,179,27,43,127,96,171,141,11,22,64,79,42,119,148,83,86,199,81,153,7,24,150,10,185,62,120,178,46,180,191,121];False
1423;9112;10535;[41,196,48,10,78,145,100,129,8,94,112,1,189,72,105,99,141,17,45,15,173,18,25,120,24,197,26,9,77,20,67,118,147,65,87,106,130,22,38,14,3,2,75,12,165,153,122,127,39,73,6,76,50,53,93,110,30,134,58,86,181,82,23,151,54,158,121,92,117,98,187,142,81,52,108,74,183,83,7,79,185,148,167,61,59,36,46,5,27,133,96,157,138,178,152,56,66,126,198,159,174,19,51,29,154,156,160,71,69,190,43,128,85,164,111,192,40,124,150,139,33,13,172,195,182,37,60,35,88,135,140,194,31,171,116,57,186,113,84,89,162,146,119,28,4,97,131,0,199,62,102,115,34,114,55,155,184,161,80,137,177,169,191,11,104,193,163,170,95,91,90,125,149,32,68,63,49,109,175,143,101,16,136,144,70,168,64,103,21,180,107,188,179,176,42,47,132,166,123,44];False
3717;6876;10593;[20,190,188,87,130,5,42,119,132,142,136,115,40,181,68,48,63,118,44,140,124,94,75,36,145,196,113,61,45,138,123,82,187,128,134,195,33,183,65,126,143,160,91,6,77,149,189,148,173,116,168,17,84,122,2,97,0,85,19,26,176,3,89,49,170,95,167,93,66,135,74,56,21,92,147,67,32,165,169,23,163,25,70,90,41,88,164,37,156,71,8,184,162,109,72,78,131,110,101,59,80,100,30,114,182,139,125,58,151,175,197,1,117,98,157,28,137,158,54,57,193,172,39,107,55,14,13,111,52,18,12,129,15,9,103,105,69,159,38,144,146,155,73,99,106,4,192,152,35,161,102,186,133,76,112,104,31,53,34,108,51,50,198,174,16,194,29,154,60,179,27,43,127,96,171,141,11,22,64,79,177,47,166,83,86,199,81,153,7,24,150,10,185,62,120,178,46,180,191,121];False
3739;6870;10609;[31,74,188,87,130,5,42,119,132,89,115,116,18,181,68,48,63,118,44,140,124,94,75,36,145,196,113,61,45,138,65,82,187,128,134,195,33,183,190,126,143,160,91,6,77,149,189,148,173,103,123,168,84,122,2,97,0,85,19,26,176,3,136,49,170,95,167,93,66,135,20,56,21,92,147,67,32,165,169,23,163,25,70,90,41,88,164,37,156,71,8,184,162,109,72,78,131,110,101,59,80,100,30,114,182,139,125,58,151,175,197,1,117,98,157,142,137,158,54,57,193,172,39,107,55,14,13,111,52,40,12,129,15,9,28,105,69,159,38,144,146,155,73,99,106,4,192,152,35,161,102,186,133,76,112,104,17,53,34,108,51,50,198,174,16,194,29,154,60,179,27,43,127,96,171,141,11,22,64,79,177,47,166,83,86,199,81,153,7,24,150,10,185,62,120,178,46,180,191,121];False
4399;6787;11186;[73,20,155,87,130,5,179,47,26,89,115,152,18,181,68,48,63,118,44,140,124,94,75,36,145,196,113,61,45,138,65,82,187,128,134,195,33,183,190,126,143,160,91,6,77,149,189,148,173,116,123,17,84,122,2,97,0,85,19,132,176,3,136,49,170,95,167,93,66,135,53,56,21,92,147,67,32,165,169,23,163,25,70,90,41,88,164,37,156,71,8,184,162,109,72,78,131,110,101,59,80,100,30,114,182,139,125,58,151,175,197,1,117,98,157,142,137,158,54,57,193,172,39,107,55,14,13,111,52,40,12,129,15,9,28,105,69,159,38,144,146,188,168,99,106,4,192,103,35,161,102,186,133,76,112,104,31,74,34,108,51,50,198,174,16,194,29,154,60,42,27,43,127,96,171,141,11,22,64,79,177,199,166,83,86,119,81,153,7,24,150,10,185,62,120,178,46,180,191,121];False
4329;6788;11117;[50,20,188,87,130,5,179,47,132,89,115,152,18,181,68,48,63,118,44,140,124,94,75,36,145,196,113,61,45,138,65,82,187,128,134,195,33,183,162,126,143,160,91,6,77,149,189,148,173,116,123,168,84,122,2,97,0,85,19,26,176,3,136,49,170,95,167,93,66,135,53,56,21,92,147,67,32,165,169,23,163,25,70,90,41,88,164,37,156,71,8,184,190,109,72,78,131,110,101,59,80,100,30,114,182,139,125,58,151,175,197,1,117,98,157,142,137,158,54,57,193,172,39,107,55,14,13,111,52,40,12,129,15,9,28,105,69,159,38,144,146,155,17,99,106,4,192,103,35,161,102,186,133,76,112,104,31,74,34,108,51,73,198,174,16,194,29,154,60,42,27,43,127,96,171,141,11,22,64,79,177,199,166,83,86,119,81,153,7,24,150,10,185,62,120,178,46,180,191,121];False
3785;6843;10628;[20,188,93,152,130,5,42,47,132,89,115,87,18,181,68,48,63,118,44,140,124,94,75,36,145,196,113,61,45,138,65,82,187,128,134,195,33,183,162,126,143,160,91,6,77,149,189,148,173,116,123,17,84,122,2,97,0,85,19,26,176,3,136,49,170,95,167,168,66,135,53,56,21,92,147,67,32,165,169,23,163,25,70,90,41,88,164,37,156,71,8,184,190,109,72,78,131,110,101,59,80,100,30,114,182,139,125,58,151,175,197,1,117,98,157,142,137,158,54,57,193,172,39,107,55,14,13,111,52,40,12,129,15,9,28,105,69,159,38,144,146,155,73,99,106,4,192,103,35,161,102,186,133,76,112,104,31,74,34,108,51,50,198,174,16,194,29,154,60,179,27,43,127,96,171,141,11,22,64,79,177,199,166,83,86,119,81,153,7,24,150,10,185,62,120,178,46,180,191,121];True
4810;6742;11552;[198,174,196,10,130,5,171,120,26,145,115,152,186,7,15,51,106,20,44,140,124,168,164,190,125,6,113,61,45,138,123,82,187,128,134,195,33,94,118,126,143,160,91,75,77,149,189,148,173,116,65,4,84,122,2,97,0,85,18,132,176,3,136,49,170,95,167,93,66,135,48,50,21,92,147,67,32,165,169,23,163,25,70,90,41,88,146,37,156,71,8,184,162,109,72,78,131,110,101,59,80,100,30,114,182,139,36,58,151,175,197,1,117,98,157,142,137,158,54,57,193,172,39,107,55,14,13,111,52,40,87,181,68,9,28,105,69,159,38,144,56,63,73,99,155,178,192,103,35,161,102,12,133,76,112,104,31,183,34,108,188,74,53,17,16,194,29,154,60,179,27,43,127,96,42,141,11,22,64,79,177,199,166,83,86,119,81,153,129,24,150,19,185,62,47,89,46,180,191,121];False
4906;6733;11639;[198,29,147,78,130,5,42,47,26,145,115,152,186,129,15,123,106,20,44,140,124,168,164,190,174,196,113,61,45,138,51,82,187,128,134,195,33,94,118,126,143,160,91,75,77,149,189,7,173,116,65,4,84,122,2,97,0,85,18,132,176,3,136,49,170,95,167,93,66,135,48,50,21,92,90,67,32,165,169,23,163,25,70,125,6,88,146,37,156,71,8,184,162,109,72,41,131,110,101,59,80,100,30,114,182,139,36,58,151,175,197,1,117,98,157,142,137,158,54,57,193,172,39,107,55,14,13,111,52,40,87,181,68,9,28,105,69,159,38,144,56,63,73,99,155,178,192,103,35,161,102,12,133,76,112,104,31,183,34,108,188,74,53,17,16,194,19,154,60,179,27,43,127,96,171,141,11,22,64,79,177,199,148,83,86,119,81,153,166,24,150,10,185,62,120,89,46,180,191,121];False
5363;6710;12073;[198,174,125,196,130,5,179,47,26,89,115,77,153,7,15,48,106,20,190,183,124,168,164,45,19,41,113,61,145,138,123,82,187,128,134,195,33,94,118,126,143,160,91,75,152,149,189,148,173,116,65,4,84,122,2,97,0,85,18,132,176,3,136,49,170,95,167,93,66,135,51,50,21,92,90,67,32,165,169,23,163,25,29,147,6,88,70,37,156,71,8,184,162,109,72,78,131,110,101,59,80,100,30,114,182,139,36,58,151,175,197,1,117,98,157,142,137,158,54,57,193,172,39,107,55,14,13,111,52,40,87,181,68,9,28,105,69,159,38,144,56,63,140,99,73,74,192,103,35,161,102,12,133,76,112,104,31,53,146,108,188,44,155,17,16,194,34,154,60,42,27,43,127,96,171,141,11,22,64,79,177,199,166,83,86,119,81,186,129,24,150,10,185,62,120,178,46,180,191,121];False
5999;6696;12695;[56,140,69,127,54,120,89,46,152,18,185,175,12,7,85,15,135,198,19,33,183,17,154,38,178,13,197,123,29,71,44,91,52,2,83,59,93,138,124,94,118,48,34,90,149,163,186,148,173,116,65,192,10,95,61,97,0,77,57,26,145,3,136,49,170,103,105,74,20,156,106,194,51,50,82,67,32,165,169,23,75,36,98,25,1,88,70,37,21,92,8,184,190,109,72,78,111,128,171,110,80,100,30,114,182,139,125,187,158,62,189,130,5,122,157,84,131,79,42,27,193,172,39,107,55,14,147,196,167,40,87,181,68,9,28,162,108,102,132,144,146,63,73,99,16,159,164,41,35,161,191,174,101,134,112,104,31,53,180,4,188,168,155,126,143,142,115,86,60,179,47,43,133,76,151,141,11,58,64,96,177,199,166,22,195,119,81,153,129,24,150,6,137,117,113,66,176,160,45,121];False
5927;6701;12628;[50,16,91,163,54,120,89,46,152,86,185,175,12,7,85,15,135,198,19,33,183,17,154,38,178,13,197,123,29,71,44,90,52,2,83,59,93,138,124,94,118,48,34,69,149,18,186,148,173,116,65,192,10,95,61,97,0,77,57,26,145,3,136,49,170,103,105,74,20,156,31,194,51,73,82,67,32,165,169,23,75,36,98,25,1,88,70,37,21,92,8,184,190,109,72,78,111,128,171,110,80,100,30,114,182,139,125,187,158,62,189,130,5,122,157,84,131,79,42,27,193,172,39,107,55,14,147,196,167,40,87,181,68,9,28,162,108,102,132,144,56,63,140,99,146,159,164,41,35,161,191,174,101,134,112,104,106,53,180,4,188,168,155,126,143,142,115,127,60,179,47,43,133,76,151,141,11,58,64,96,177,199,166,22,195,119,81,153,129,24,150,6,137,117,113,66,176,160,45,121];False
6195;6688;12883;[73,146,147,172,54,120,89,160,152,18,185,175,12,7,85,15,135,198,19,33,183,17,154,38,178,13,197,123,29,71,44,91,52,2,83,59,93,138,124,94,118,48,34,90,149,163,186,148,173,116,65,192,10,95,61,97,0,77,57,26,145,3,136,137,170,103,105,74,20,156,31,194,51,50,82,67,32,165,169,23,75,36,98,25,1,88,70,37,21,92,8,184,190,109,72,78,111,128,171,110,80,100,30,114,182,139,41,187,158,62,189,130,5,122,157,84,131,79,42,27,193,115,39,107,55,14,125,196,167,40,87,181,68,9,28,162,108,102,132,144,56,63,140,99,16,159,164,69,35,161,191,174,101,134,112,104,106,53,180,4,188,168,155,126,143,142,49,127,60,179,47,43,133,76,151,141,11,58,64,96,177,199,166,22,195,119,81,153,129,24,150,6,86,117,113,66,176,46,45,121];False
6328;6687;13015;[34,4,84,86,54,120,89,46,152,18,185,175,12,7,85,15,135,16,19,33,183,17,154,38,178,13,197,123,29,71,44,91,52,2,83,59,93,138,124,94,118,48,92,90,149,163,186,148,173,116,65,192,10,95,61,97,0,77,57,26,145,3,136,49,170,103,105,74,20,156,31,194,51,50,82,67,32,165,169,23,75,36,98,25,1,88,70,37,21,146,8,184,190,109,72,78,111,128,171,110,80,100,30,114,182,139,125,187,158,62,189,130,5,122,157,41,131,79,42,27,193,172,39,107,55,14,147,196,167,40,87,181,68,9,28,162,108,102,132,144,56,63,140,99,73,159,164,69,35,161,191,174,101,134,112,104,106,53,180,198,188,168,155,126,143,142,115,127,60,179,47,43,133,76,151,141,11,58,64,96,177,199,166,22,195,119,81,153,129,24,150,6,137,117,113,66,176,160,45,121];False
6871;6670;13541;[34,90,67,80,58,158,141,119,132,89,137,133,12,185,54,52,189,28,38,14,72,118,10,36,184,66,46,44,91,190,109,56,73,74,143,23,69,159,15,135,37,8,71,48,92,84,131,59,93,3,169,142,191,61,145,94,13,86,7,77,176,35,97,128,57,2,167,107,123,50,146,51,20,17,82,78,170,18,75,161,115,25,105,4,6,88,70,108,21,106,154,122,197,162,125,163,171,110,129,24,130,127,30,114,182,139,178,136,101,175,85,1,117,120,157,173,186,79,42,27,193,172,39,32,55,155,33,192,165,40,87,181,68,9,103,140,147,196,95,144,156,180,188,65,53,183,164,41,149,152,102,62,98,134,112,104,99,63,31,198,138,168,29,126,16,194,19,49,60,179,5,43,187,76,151,148,83,111,64,96,177,199,166,22,195,11,81,153,47,26,150,174,100,0,113,116,124,160,45,121];False
6765;6680;13445;[34,90,67,83,86,128,42,119,132,89,137,133,12,185,54,52,189,28,38,14,136,118,10,36,184,66,46,44,23,190,109,56,73,74,143,91,69,159,15,135,37,8,71,48,92,84,131,59,93,3,169,142,191,61,145,94,13,111,7,77,176,35,97,171,57,2,167,107,123,50,146,51,20,17,82,78,170,18,75,161,115,25,105,4,6,88,70,108,21,106,154,122,197,162,125,163,158,110,129,24,130,127,30,114,182,139,178,72,101,175,85,1,117,120,157,173,186,79,141,27,193,172,39,32,55,155,33,192,165,40,87,181,68,9,103,140,147,196,95,144,156,180,188,65,53,183,164,41,149,152,102,62,11,134,112,104,99,63,31,198,138,168,29,126,16,194,19,49,60,179,5,43,187,76,151,148,80,58,64,96,177,199,166,22,195,98,81,153,47,26,150,174,100,0,113,116,124,160,45,121];False
6834;6671;13505;[198,174,196,83,86,128,42,119,132,89,137,133,12,185,54,52,195,95,38,14,72,118,10,36,184,66,46,44,23,190,109,56,73,74,143,91,69,159,15,135,37,8,71,48,92,90,131,59,93,3,169,142,191,61,145,94,13,111,7,77,176,35,97,171,57,2,167,107,123,50,146,51,20,17,82,78,170,18,75,161,115,25,105,4,6,88,70,108,21,106,154,122,197,162,125,163,158,110,129,24,130,127,30,114,182,139,178,136,101,175,85,1,117,120,157,173,186,79,141,27,193,172,39,32,55,155,33,192,165,40,87,181,68,9,103,140,147,67,28,144,156,180,188,65,53,183,164,41,149,152,102,62,11,134,112,104,99,63,31,34,138,168,29,126,16,194,19,49,60,179,5,43,187,76,151,148,80,58,64,96,177,199,166,22,189,98,81,153,47,26,150,84,100,0,113,116,124,160,45,121];False
7125;6644;13769;[198,84,67,163,158,128,141,11,89,75,137,133,12,185,54,52,189,28,38,14,72,118,10,36,184,66,46,44,23,190,109,56,73,74,143,91,69,159,15,135,37,8,71,48,92,90,131,59,93,3,169,142,191,61,145,94,13,111,7,77,176,35,97,171,57,2,167,107,123,50,146,51,20,17,82,78,170,18,132,161,115,25,105,4,6,88,70,108,21,106,154,122,197,162,125,49,86,110,129,24,130,127,30,114,182,139,178,136,101,175,85,1,117,120,157,173,186,79,42,27,193,172,39,32,55,155,33,192,165,40,87,181,68,9,103,140,147,196,95,144,156,180,188,65,53,183,164,41,149,152,102,62,98,134,112,104,99,63,31,34,138,168,29,126,16,194,19,83,60,179,5,43,187,76,151,148,80,58,64,96,177,199,166,22,195,119,81,153,47,26,150,174,100,0,113,116,124,160,45,121];True
7840;6631;14471;[198,174,169,115,149,83,59,57,132,75,163,133,12,185,111,36,46,91,89,3,161,159,15,135,53,29,118,44,23,190,109,10,184,51,50,56,69,28,8,37,94,194,188,48,92,90,131,148,93,14,178,191,66,61,145,84,13,151,7,38,176,35,97,128,52,2,167,107,123,146,140,65,155,17,82,18,0,77,196,170,129,25,105,4,6,88,70,108,21,106,154,122,197,24,72,78,86,110,171,189,49,127,30,114,182,139,180,137,158,175,85,1,117,120,157,173,186,79,42,27,193,172,39,32,55,125,33,192,165,40,87,181,68,9,103,162,147,67,95,144,156,63,31,143,160,183,164,41,152,130,102,62,5,134,112,104,99,73,74,20,138,168,34,126,16,71,19,98,60,179,47,43,187,76,101,141,11,58,64,96,177,199,166,22,195,119,81,153,80,26,150,136,100,54,113,116,124,142,45,121];False
7839;6629;14468;[50,29,71,56,149,83,59,57,132,75,163,133,12,185,111,36,169,115,89,3,161,159,15,135,53,34,46,44,23,190,109,10,184,51,174,91,69,28,8,37,94,198,188,48,92,90,131,148,93,14,178,191,66,61,145,84,13,151,7,38,176,35,97,128,52,2,167,107,123,146,155,65,118,17,82,18,0,77,196,170,129,25,105,4,6,88,70,108,21,106,154,122,197,24,72,78,86,110,171,189,49,127,30,114,182,139,180,137,158,175,85,1,117,120,157,173,186,79,42,27,193,172,39,32,55,125,33,192,165,40,87,181,68,9,103,162,147,67,95,144,156,63,31,143,160,183,164,41,152,130,102,62,5,134,112,104,99,73,74,20,138,168,140,126,16,194,19,98,60,179,47,43,187,76,101,141,11,58,64,96,177,199,166,22,195,119,81,153,80,26,150,136,100,54,113,116,124,142,45,121];False
8356;6587;14943;[73,174,46,136,149,83,59,57,132,75,163,133,12,185,111,26,169,115,89,3,161,159,15,135,53,180,118,44,23,190,109,10,184,51,34,91,69,28,8,37,94,198,188,48,92,90,131,148,93,14,178,191,66,61,145,84,13,151,7,38,176,35,97,128,52,2,167,107,123,50,155,65,194,17,82,18,0,77,196,170,129,25,105,4,6,88,70,108,21,106,154,122,197,24,72,78,86,110,171,189,49,127,30,114,182,139,29,137,158,175,85,1,117,120,157,173,186,79,42,27,193,172,39,32,55,125,33,192,165,40,87,181,68,9,103,162,147,67,95,144,156,146,31,143,160,183,164,41,152,130,102,62,5,134,112,104,99,63,74,20,138,168,140,126,16,71,19,98,60,179,47,43,187,76,101,141,11,58,64,96,177,199,166,22,195,119,81,153,80,36,150,56,100,54,113,116,124,142,45,121];False
8552;6580;15132;[50,34,53,136,149,83,59,57,132,75,163,133,12,185,111,26,169,84,89,3,161,159,15,135,142,115,46,44,37,190,109,10,184,51,174,91,69,28,8,118,180,198,188,48,92,90,131,148,93,14,178,23,66,61,145,94,13,151,7,38,176,35,97,128,52,2,167,107,123,73,155,65,194,17,82,18,0,77,196,170,129,25,105,4,6,88,70,108,21,106,154,122,197,24,72,78,86,110,171,189,49,127,30,114,182,139,29,137,158,175,85,1,117,120,157,173,186,79,42,27,193,172,39,32,55,125,33,192,165,40,87,181,68,9,103,162,147,67,95,144,156,146,31,143,191,183,164,41,152,130,102,62,5,134,112,104,99,63,74,20,138,168,140,126,16,71,19,98,60,179,47,43,187,76,101,141,11,58,64,96,177,199,166,22,195,119,81,153,80,36,150,56,100,54,113,116,124,160,45,121];False
8749;6559;15308;[73,174,67,36,149,83,59,57,132,75,137,133,12,185,111,95,169,84,89,3,161,159,15,135,194,115,46,44,37,190,109,10,184,51,34,91,69,28,8,118,180,53,188,48,92,90,131,148,93,14,178,142,66,61,145,94,13,151,7,38,176,35,97,128,52,2,167,107,123,50,155,65,198,17,82,18,0,77,196,170,129,25,105,4,6,88,70,108,21,106,154,122,197,24,72,78,86,110,171,189,49,127,30,114,182,139,29,163,158,175,85,1,117,120,157,173,186,79,42,27,193,172,39,32,55,125,33,192,165,40,87,181,68,9,103,162,147,23,136,144,156,146,31,143,191,183,164,41,152,130,102,62,5,134,112,104,99,63,74,20,138,168,140,126,16,71,19,98,60,179,47,43,187,76,101,141,11,58,64,96,177,199,166,22,195,119,81,153,80,26,150,56,100,54,113,116,124,160,45,121];False
8920;6551;15471;[73,174,23,136,149,83,59,57,132,152,163,133,12,185,111,26,169,84,89,3,161,159,15,135,194,115,46,44,37,190,109,10,184,51,34,91,69,28,8,118,180,53,188,48,92,90,131,148,93,14,178,142,66,61,145,94,13,151,7,38,176,35,97,128,52,2,167,107,123,50,155,65,198,17,82,18,0,77,196,170,129,25,105,4,6,88,70,108,21,106,154,122,197,24,72,78,86,110,171,189,49,127,30,114,182,139,29,137,158,175,85,1,117,120,157,173,186,79,42,27,193,172,39,32,55,125,33,192,165,40,87,181,68,9,103,162,147,67,95,144,156,146,31,143,191,183,164,41,75,130,102,62,5,134,112,104,99,63,74,20,138,168,140,126,16,71,19,98,60,179,47,43,187,76,101,141,11,58,64,96,177,199,166,22,195,119,81,153,80,36,150,56,100,54,113,116,124,160,45,121];False
8967;6550;15517;[73,174,67,36,149,11,59,98,3,161,163,86,101,185,54,57,169,84,89,23,136,160,15,135,194,115,46,44,37,190,109,10,184,51,34,91,69,28,8,118,180,159,188,48,92,90,131,148,93,14,178,142,191,61,145,94,13,12,7,38,176,35,97,128,52,2,167,107,123,50,155,65,198,17,82,49,133,18,132,170,77,25,105,4,6,88,70,108,21,106,154,122,197,24,72,78,111,110,171,189,130,127,30,114,182,139,29,137,158,175,85,1,117,120,157,173,186,79,42,27,193,172,39,32,55,125,33,192,165,40,87,181,68,9,103,162,147,196,95,144,156,146,31,143,53,183,164,41,75,152,102,62,5,134,112,104,99,63,74,20,138,168,140,126,16,71,19,83,60,179,47,43,187,76,151,141,80,58,64,96,177,199,166,22,195,119,81,153,129,26,150,56,100,0,113,116,124,66,45,121];False
9263;6537;15800;[50,174,67,36,149,11,59,57,132,75,163,86,151,185,133,98,193,84,89,3,161,159,15,135,194,115,46,44,37,190,109,10,184,51,34,91,69,28,8,118,180,53,188,48,92,90,131,148,93,14,178,142,66,61,145,94,13,12,7,38,176,35,97,128,52,2,167,107,123,73,155,65,198,17,82,18,0,95,196,170,77,25,105,4,6,88,70,108,21,106,154,122,197,24,72,78,111,110,171,189,49,127,30,114,182,139,29,137,158,175,85,1,117,120,157,173,186,79,42,27,169,172,39,32,55,125,33,192,165,40,87,181,68,9,103,162,147,23,136,144,156,146,31,143,191,183,164,41,152,130,102,62,5,134,112,104,99,63,74,20,138,168,140,126,16,71,19,83,60,179,47,43,187,76,101,141,80,58,64,96,177,199,166,22,195,119,81,153,129,26,150,56,100,54,113,116,124,160,45,121];True
9151;6540;15691;[73,174,67,36,149,11,59,57,132,75,163,86,12,185,133,98,193,84,89,3,161,28,15,135,194,115,46,44,37,190,109,10,184,51,34,91,69,159,8,118,180,53,188,48,92,90,131,148,93,14,178,142,66,61,145,94,13,151,7,38,176,35,97,128,52,2,167,107,123,50,155,65,198,17,82,18,0,95,196,170,77,25,105,4,6,88,70,108,21,106,154,122,197,24,72,78,111,110,171,189,49,127,30,114,182,139,29,137,158,175,85,1,117,120,157,173,186,79,42,27,169,172,39,32,55,125,33,192,165,40,87,181,68,9,103,162,147,23,136,144,156,146,31,143,191,183,164,41,152,130,102,62,5,134,112,104,99,63,74,20,138,168,140,126,16,71,19,83,60,179,47,43,187,76,101,141,80,58,64,96,177,199,166,22,195,119,81,153,129,26,150,56,100,54,113,116,124,160,45,121];False
9435;6533;15968;[50,174,23,136,149,11,59,57,132,152,163,86,151,185,133,98,169,84,89,3,161,159,15,135,194,115,46,44,37,190,109,10,184,51,34,91,69,28,8,118,180,53,188,48,92,90,131,148,93,14,178,142,66,61,145,94,13,12,7,38,176,35,97,128,52,2,167,107,123,73,155,65,198,17,82,18,0,36,196,170,77,25,105,4,6,88,70,108,21,106,154,122,197,24,72,78,111,110,171,189,49,127,30,114,182,139,29,137,158,175,85,1,117,120,157,173,186,79,42,27,193,172,39,32,55,125,33,192,165,40,87,181,68,9,103,162,147,67,95,144,156,146,31,143,191,183,164,41,75,130,102,62,5,134,112,104,99,63,74,20,138,168,140,126,16,71,19,83,60,179,47,43,187,76,101,141,80,58,64,96,177,199,166,22,195,119,81,153,129,26,150,56,100,54,113,116,124,160,45,121];False
9757;6526;16283;[73,174,23,136,149,18,59,57,132,152,163,86,12,185,0,98,169,6,89,3,161,159,15,135,194,115,46,44,37,190,109,10,184,48,34,91,69,28,8,118,124,53,188,51,92,90,131,148,93,14,178,142,66,61,145,94,13,101,7,38,176,35,97,128,52,2,167,107,123,50,155,65,198,17,82,49,133,36,196,170,77,25,105,4,84,88,70,108,21,106,154,122,197,24,72,78,111,110,171,189,80,127,30,114,182,139,29,137,158,175,85,1,117,120,157,173,186,79,42,27,193,172,39,32,55,125,33,192,165,40,87,181,68,9,103,162,147,67,95,144,156,146,31,143,191,183,164,41,75,130,102,62,5,134,112,104,99,63,74,20,138,168,140,126,16,71,19,83,60,179,47,43,187,76,151,141,11,58,64,96,177,199,166,22,195,119,81,153,129,26,150,56,100,54,113,116,180,160,45,121];False
2035;7272;9307;[180,118,129,162,19,87,121,178,102,132,130,84,77,112,93,147,66,157,103,105,74,188,144,31,142,117,167,61,45,138,41,49,78,128,42,57,197,146,190,126,143,160,91,1,33,124,44,196,36,46,140,92,82,23,189,81,0,85,22,26,176,193,109,20,170,95,38,139,9,4,70,194,34,198,174,184,35,67,32,72,163,25,51,8,16,125,11,113,156,71,165,65,37,94,173,18,131,110,101,59,80,100,30,134,148,195,97,58,151,175,7,191,181,68,123,6,137,158,54,52,119,187,39,107,55,14,13,172,12,89,75,149,15,135,53,183,69,159,164,90,28,155,73,99,106,136,115,152,2,161,111,86,133,76,122,116,104,17,145,56,21,108,192,40,169,182,29,154,60,177,27,43,127,96,171,141,98,114,64,79,179,47,88,5,186,199,83,153,166,24,150,10,185,62,120,3,168,50,48,63];True
2107;7214;9321;[50,190,121,178,9,118,129,19,172,12,130,84,77,112,93,147,66,157,103,105,74,188,144,31,142,117,167,61,45,138,41,49,78,128,42,57,197,146,162,126,143,160,91,1,33,124,180,196,36,46,140,92,82,23,189,81,0,85,22,26,176,193,109,20,170,95,38,139,65,4,70,194,34,198,174,184,35,67,32,72,163,25,51,8,16,125,11,113,156,71,165,87,37,94,173,18,131,110,101,59,80,100,30,134,148,195,97,58,175,151,7,191,181,68,123,6,137,158,54,52,119,187,39,107,55,14,13,111,132,89,75,149,15,135,53,183,69,159,164,90,28,155,73,99,106,136,115,152,2,161,102,86,133,76,122,116,104,17,145,56,21,108,192,40,169,182,29,154,60,177,27,43,127,96,171,141,98,114,64,79,179,47,88,5,186,199,83,153,166,24,150,10,185,62,120,3,168,44,48,63];True
1921;7411;9332;[9,143,129,162,22,87,121,178,111,132,130,84,77,112,93,147,66,157,103,197,74,188,144,31,142,117,167,61,45,138,41,49,78,128,42,57,136,50,190,126,118,160,91,1,33,124,180,196,36,46,140,92,82,23,189,81,0,85,19,26,176,193,109,20,170,95,38,139,146,4,105,194,34,198,174,184,35,67,32,72,163,25,51,8,16,125,11,113,156,71,165,65,37,94,173,18,131,110,101,59,80,100,30,134,148,195,97,58,175,151,7,191,181,68,123,6,137,158,54,52,119,187,39,107,55,14,13,172,12,89,75,149,15,135,53,183,69,159,164,90,28,155,73,99,106,70,115,152,2,161,102,86,133,76,122,116,104,17,145,56,21,108,192,40,169,182,29,154,60,177,27,43,127,96,171,141,98,114,64,79,179,47,88,5,186,199,83,153,166,24,150,10,185,62,120,3,168,44,48,63];False
1890;7486;9376;[13,172,12,22,26,178,147,3,2,130,132,117,77,112,106,24,66,157,103,105,74,188,93,118,10,0,167,61,45,138,41,49,78,128,42,57,37,121,162,126,143,160,91,1,33,124,94,196,36,182,140,92,82,23,189,81,87,85,104,46,146,193,136,144,170,95,38,139,19,20,51,149,34,194,180,123,176,67,32,72,163,25,70,65,16,190,11,113,156,71,165,184,31,8,173,18,131,110,101,59,80,100,30,134,148,195,97,137,175,151,7,191,181,68,198,142,58,158,54,52,119,187,39,107,55,14,90,111,84,89,75,4,15,135,53,183,69,159,164,9,28,155,73,99,109,50,115,152,35,161,102,86,133,76,122,116,44,125,145,56,21,108,192,40,169,129,29,154,60,177,27,43,127,96,171,141,98,114,64,79,179,47,88,5,186,199,83,153,166,174,150,6,185,62,120,197,168,17,48,63];True
2186;7176;9362;[50,4,121,162,147,9,149,19,172,12,130,84,77,112,93,46,66,157,103,105,74,188,144,31,142,117,167,61,45,138,41,49,78,128,42,57,197,146,118,126,143,160,91,1,33,124,180,196,36,184,140,92,82,23,189,81,0,85,22,26,176,193,109,190,170,95,38,139,65,20,70,194,34,198,174,178,2,67,32,72,163,25,51,8,16,125,11,113,156,71,165,87,37,94,173,18,131,110,101,59,80,100,30,134,148,195,97,58,175,151,7,191,181,68,123,6,137,158,54,52,119,187,39,107,55,14,13,111,132,89,75,129,15,135,53,183,69,159,164,90,28,155,73,99,106,136,115,152,35,161,102,86,133,76,122,116,104,17,145,56,21,108,192,40,169,182,29,154,60,177,27,43,127,96,171,141,98,114,64,79,179,47,88,5,186,199,83,153,166,24,150,10,185,62,120,3,168,44,48,63];True
2402;7107;9509;[50,21,174,178,9,37,94,118,172,12,130,117,195,112,93,184,66,157,103,105,74,188,144,31,142,77,167,61,45,138,41,49,78,128,42,57,3,121,162,126,143,160,91,1,33,124,147,196,36,46,140,92,82,23,189,81,0,85,22,26,176,193,109,190,170,95,38,139,65,20,51,149,34,198,146,4,84,67,32,72,163,25,70,19,16,125,11,113,156,71,165,87,194,8,173,18,131,110,101,59,80,100,30,134,148,2,97,58,175,151,7,191,181,68,123,6,137,158,54,52,119,187,39,107,55,14,13,111,132,89,75,129,15,135,53,183,69,159,164,90,28,155,73,99,106,136,115,152,35,161,102,86,133,76,122,116,104,17,145,56,180,108,192,40,169,182,29,154,60,177,27,43,127,96,171,141,98,114,64,79,179,47,88,5,186,199,83,153,166,24,150,10,185,62,120,197,168,44,48,63];True
1811;7595;9406;[180,172,12,22,167,26,120,3,2,130,84,117,77,112,31,29,66,157,103,105,74,188,144,118,147,0,101,61,45,138,178,9,78,128,42,57,37,121,162,126,143,160,91,1,33,124,94,196,36,182,140,92,82,23,189,81,87,85,104,20,146,193,109,93,170,95,38,139,19,194,51,149,34,127,175,123,49,67,32,72,137,25,70,65,16,190,11,113,156,71,165,184,125,8,173,18,131,110,41,59,80,100,30,134,148,195,97,58,6,151,7,191,181,68,198,142,163,158,54,52,119,187,39,107,55,14,13,197,132,89,75,4,15,135,53,183,69,159,164,90,28,155,73,99,106,136,115,152,35,161,102,86,133,76,122,116,176,46,145,56,21,108,192,40,169,129,24,154,60,177,27,43,111,96,171,141,98,114,64,79,179,47,88,5,186,199,83,153,166,174,150,10,185,62,44,50,168,17,48,63];False
1865;7557;9422;[104,172,12,22,81,93,147,3,2,130,84,117,77,112,193,24,66,157,103,105,74,188,144,118,10,0,167,61,45,138,41,88,78,128,42,57,37,121,162,126,143,160,91,1,33,124,94,196,36,46,140,92,82,23,189,49,87,106,136,26,146,55,9,178,170,95,38,139,19,20,51,149,34,194,180,123,176,67,32,72,163,25,70,65,16,190,11,113,156,71,165,184,31,8,173,18,131,110,101,59,80,100,30,134,148,195,97,137,175,151,7,191,181,68,198,142,58,158,54,52,29,187,39,107,85,14,13,111,132,89,75,4,15,135,53,183,69,159,164,90,28,155,73,99,109,50,115,152,35,161,102,86,133,76,122,116,17,125,145,56,21,108,192,40,169,129,119,154,60,177,27,43,127,96,171,141,98,114,64,79,179,47,182,5,186,199,83,153,166,174,150,6,185,62,120,197,168,44,48,63];False
1774;7676;9450;[194,172,12,22,26,178,120,3,2,130,84,117,77,112,31,29,66,157,103,105,74,188,144,118,147,0,101,61,45,138,126,180,78,128,42,57,37,121,162,146,143,160,91,1,33,124,94,196,52,182,140,92,82,23,189,81,87,85,104,20,167,193,109,93,170,95,38,139,19,9,51,149,34,127,175,123,176,67,32,72,137,25,70,65,16,190,11,113,156,71,165,184,125,8,173,18,131,110,41,59,80,100,30,134,148,195,97,58,6,43,7,191,181,68,198,142,163,158,54,36,119,187,39,107,55,14,13,197,132,89,75,4,15,135,53,183,69,159,164,90,28,155,73,99,106,136,115,152,35,161,102,86,133,76,122,116,49,46,145,56,21,108,192,40,169,129,24,154,60,177,27,151,111,96,171,141,98,114,64,79,179,47,88,5,186,199,83,153,166,174,150,10,185,62,44,50,168,17,48,63];False
1760;7703;9463;[180,172,12,22,26,176,120,3,2,130,84,117,77,112,31,29,66,157,103,105,74,188,93,164,147,0,101,61,45,138,126,185,78,128,42,57,37,121,162,146,118,10,91,1,33,124,94,196,36,182,140,92,82,23,189,81,87,85,104,20,167,193,136,67,62,95,38,139,19,194,51,149,34,127,175,123,90,144,32,72,137,25,170,65,16,190,11,113,156,71,165,184,125,8,173,18,131,110,41,59,80,100,30,134,148,195,97,58,6,43,7,191,181,68,198,142,163,158,54,52,119,187,39,107,55,14,13,197,132,89,75,4,15,135,53,183,69,159,9,151,28,155,73,99,106,70,115,152,35,161,102,86,133,76,122,116,49,46,145,56,21,108,192,40,169,129,24,154,60,177,27,178,111,96,171,141,98,114,64,79,179,47,88,5,186,199,83,153,166,174,150,160,143,109,44,50,168,17,48,63];False
1697;7766;9463;[180,172,12,22,26,176,120,3,2,130,106,117,77,112,31,29,66,157,103,105,74,188,93,164,100,0,101,61,45,55,126,185,78,128,42,57,37,121,162,146,118,10,91,1,33,124,94,196,36,182,140,92,82,23,189,81,87,85,104,20,167,193,136,144,62,95,38,139,19,194,51,149,34,127,175,123,90,67,32,72,137,25,170,65,16,190,11,113,156,71,165,184,125,8,173,18,131,110,41,59,80,147,30,134,148,195,97,58,6,43,7,191,181,68,198,142,163,158,54,52,119,187,39,107,138,178,13,197,132,89,75,4,15,135,53,183,69,159,9,14,28,155,73,99,84,70,115,152,35,161,102,86,133,76,122,116,49,46,145,56,21,108,192,40,169,129,24,154,60,177,27,151,111,96,171,141,98,114,64,79,179,47,88,5,186,199,83,153,166,174,150,160,143,109,44,50,168,17,48,63];True
1640;7878;9518;[180,172,12,22,26,178,120,3,2,130,84,117,77,112,31,29,66,157,103,44,74,188,93,90,100,0,101,61,45,138,126,185,78,128,42,57,37,121,162,146,118,10,91,1,33,124,94,196,36,182,140,92,82,23,189,81,87,85,104,20,167,193,164,144,181,95,38,139,19,194,51,149,34,127,175,123,136,67,32,72,137,25,170,65,9,190,11,113,156,71,165,184,125,8,173,18,131,110,41,59,80,147,30,134,148,195,97,58,6,43,7,191,62,68,198,142,163,158,54,52,119,187,39,107,55,14,13,197,132,89,75,4,15,135,53,183,69,159,16,105,28,155,73,99,106,70,115,152,35,161,102,86,133,76,122,116,49,46,145,56,21,108,192,40,169,129,24,154,60,177,27,151,111,96,171,141,98,114,64,79,179,47,88,5,186,199,83,153,166,174,150,160,143,109,176,50,168,17,48,63];True
2420;7106;9526;[50,146,180,178,9,37,94,118,172,132,130,117,77,112,93,184,66,157,103,105,74,188,144,31,149,2,167,61,45,138,41,49,78,128,42,57,3,121,162,126,143,160,91,1,33,124,147,196,36,46,140,92,82,23,189,81,0,85,22,26,176,193,109,190,170,95,38,139,65,20,51,142,34,198,174,4,84,67,32,72,163,25,70,19,16,125,11,113,156,71,165,87,194,8,173,18,131,110,101,59,80,100,30,134,148,195,97,58,175,151,7,191,181,68,123,6,137,158,54,52,119,187,39,107,55,14,13,111,12,89,75,129,15,135,53,183,69,159,164,90,28,155,73,99,106,136,115,152,35,161,102,86,133,76,122,116,104,17,145,56,21,108,192,40,169,182,29,154,60,177,27,43,127,96,171,141,98,114,64,79,179,47,88,5,186,199,83,153,166,24,150,10,185,62,120,197,168,44,48,63];False
1598;7993;9591;[180,172,12,22,26,178,120,3,2,130,106,117,77,112,31,24,66,157,103,44,74,188,93,90,100,0,101,61,45,55,126,185,78,128,42,57,37,121,162,146,118,10,91,1,33,124,94,196,52,182,140,92,82,23,189,81,87,85,104,20,167,193,164,144,181,95,38,139,19,194,51,149,34,127,175,123,136,67,32,72,137,25,170,65,16,190,186,113,156,71,165,184,125,8,173,18,131,110,41,59,80,147,30,134,148,195,97,58,6,43,7,191,62,68,198,142,163,158,54,36,119,187,39,107,138,14,13,197,132,89,75,4,15,135,53,183,69,159,9,105,28,155,73,99,84,70,115,152,35,161,102,86,133,76,122,116,49,46,145,56,21,108,192,40,169,129,29,154,60,177,27,151,111,96,171,141,98,114,64,79,179,47,88,5,11,199,83,153,166,174,150,160,143,109,176,50,168,17,48,63];False
1572;8045;9617;[198,155,29,154,141,119,44,7,130,107,105,146,118,178,192,183,104,50,53,162,173,18,57,120,24,197,15,135,32,159,82,134,121,10,123,90,41,22,38,14,168,17,94,60,49,153,185,127,39,148,69,28,129,8,93,46,55,165,42,166,59,36,23,12,54,151,175,83,117,98,78,171,81,52,150,140,92,100,58,79,177,95,167,61,181,65,76,5,27,133,96,157,138,45,188,87,66,126,124,86,112,40,51,106,143,160,80,71,9,190,43,128,85,164,111,195,25,37,145,139,33,13,137,158,182,109,21,73,6,56,63,31,142,115,152,102,186,113,196,89,26,176,72,74,4,97,131,0,199,62,1,189,108,84,99,174,184,161,156,147,3,169,191,11,194,180,163,170,103,91,35,125,149,34,187,114,68,116,20,67,193,16,136,144,70,19,64,101,122,172,77,2,110,30,179,47,132,75,88,48];True
2482;7087;9569;[50,21,180,37,109,31,147,4,172,12,130,117,77,112,93,118,66,157,103,105,74,188,144,44,19,2,167,61,45,138,41,49,78,128,42,57,3,121,162,126,143,160,91,1,33,124,94,196,36,46,140,92,82,23,189,81,0,85,22,26,176,193,16,178,170,95,38,139,65,20,51,149,34,198,174,184,84,67,32,72,163,25,70,6,9,190,11,113,156,71,165,87,194,8,173,18,131,110,101,59,80,100,30,134,148,195,97,58,175,151,7,191,181,68,123,142,137,158,54,52,119,187,39,107,55,14,13,111,132,89,75,129,15,135,53,183,69,159,164,90,28,155,73,99,106,136,115,152,35,161,102,86,133,76,122,116,104,125,145,56,146,108,192,40,169,182,29,154,60,177,27,43,127,96,171,141,98,114,64,79,179,47,88,5,186,199,83,153,166,24,150,10,185,62,120,197,168,17,48,63];True
2821;7001;9822;[34,147,20,190,109,70,6,193,172,12,130,22,195,112,93,118,66,157,103,105,74,188,87,37,174,149,167,61,45,138,41,49,78,128,42,57,3,121,162,126,143,160,91,1,33,124,94,196,36,44,140,92,82,23,189,81,0,85,19,26,176,46,9,178,170,95,38,139,123,146,51,50,31,194,180,4,84,67,32,72,163,25,144,65,16,117,77,113,156,71,165,2,184,8,173,18,131,110,101,59,80,100,30,134,148,11,97,58,175,151,7,191,181,68,198,142,137,158,54,52,119,187,39,107,55,14,13,111,132,89,75,129,15,135,53,183,69,159,164,90,28,155,73,99,106,136,115,152,35,161,102,86,133,76,122,116,104,125,145,56,21,108,192,40,169,182,29,154,60,177,27,43,127,96,171,141,98,114,64,79,179,47,88,5,186,199,83,153,166,24,150,10,185,62,120,197,168,17,48,63];False
2740;7011;9751;[34,103,70,190,109,147,6,193,172,12,130,22,195,112,93,118,66,157,20,51,74,188,87,37,174,149,167,61,45,138,41,49,78,128,42,57,3,121,162,126,143,160,91,1,33,124,94,196,36,44,140,92,82,23,189,81,0,85,19,26,176,46,9,178,170,95,38,139,144,146,123,50,31,194,180,4,84,67,32,72,163,25,105,65,16,117,77,113,156,71,165,2,184,8,173,18,131,110,101,59,80,100,30,134,148,11,97,58,175,151,7,191,181,68,198,142,137,158,54,52,119,187,39,107,55,14,13,111,132,89,75,129,15,135,53,183,69,159,164,90,28,155,73,99,106,136,115,152,35,161,102,86,133,76,122,116,104,125,145,56,21,108,192,40,169,182,29,154,60,177,27,43,127,96,171,141,98,114,64,79,179,47,88,5,186,199,83,153,166,24,150,10,185,62,120,197,168,17,48,63];False
1549;8262;9811;[29,71,63,69,141,119,148,128,130,107,105,44,140,178,192,183,154,50,53,162,173,18,57,120,24,197,15,118,198,159,82,134,121,10,123,90,41,22,38,150,168,58,100,60,49,153,185,127,39,187,147,67,129,8,93,46,55,165,42,166,59,36,23,12,54,151,175,83,117,98,78,171,81,52,174,135,14,94,17,79,177,95,167,61,181,65,76,5,27,133,96,157,138,45,188,87,66,126,124,86,112,40,51,106,143,160,80,28,9,190,43,7,85,164,111,195,25,37,145,139,33,13,137,158,182,109,21,73,6,56,92,31,142,115,152,102,186,113,196,89,26,176,72,74,4,97,131,0,199,62,1,189,108,84,34,155,184,161,156,104,3,169,191,11,194,180,163,170,103,91,35,125,149,32,99,114,68,20,116,146,193,16,136,144,70,19,64,101,122,172,77,2,110,30,179,47,132,75,88,48];False
2540;7064;9604;[20,146,16,190,109,118,6,193,172,12,130,22,195,112,93,147,66,157,103,105,74,188,87,37,174,149,167,61,45,123,41,49,78,128,42,57,3,121,162,126,143,160,91,1,33,124,94,196,36,44,140,92,82,23,189,81,0,85,19,26,176,46,9,178,170,95,38,139,144,138,51,50,34,194,180,4,84,67,32,72,163,25,70,65,31,117,77,113,156,71,165,2,184,8,173,18,131,110,101,59,80,100,30,134,148,11,97,58,175,151,7,191,181,68,198,142,137,158,54,52,119,187,39,107,55,14,13,111,132,89,75,129,15,135,53,183,69,159,164,90,28,155,73,99,106,136,115,152,35,161,102,86,133,76,122,116,104,125,145,56,21,108,192,40,169,182,29,154,60,177,27,43,127,96,171,141,98,114,64,79,179,47,88,5,186,199,83,153,166,24,150,10,185,62,120,197,168,17,48,63];False
3062;6966;10028;[20,48,34,190,109,147,6,193,172,59,36,22,195,112,93,118,66,157,103,105,74,188,87,37,174,149,167,61,45,138,41,49,78,128,42,57,3,121,162,126,143,160,91,1,33,124,94,196,130,104,140,92,82,23,189,81,0,85,19,26,176,46,9,178,170,95,38,139,144,123,146,50,31,194,180,4,84,67,32,72,163,25,70,65,16,117,77,113,156,71,165,2,184,8,173,18,131,110,101,151,80,100,30,134,148,11,97,58,175,12,7,191,181,68,198,142,137,158,54,52,119,187,39,107,55,14,13,111,132,89,75,129,15,135,53,183,69,159,164,90,28,155,73,99,106,136,115,152,35,161,102,86,133,76,122,116,44,125,145,56,21,108,192,40,169,182,29,154,60,177,27,43,127,96,171,141,98,114,64,79,179,47,88,5,186,199,83,153,166,24,150,10,185,62,120,197,168,17,51,63];False
3290;6947;10237;[50,194,180,41,187,117,113,9,172,132,166,22,195,112,2,169,191,190,66,157,20,188,87,37,174,149,167,61,45,138,104,125,78,128,42,57,3,121,162,126,143,160,91,77,33,124,94,196,130,103,140,17,82,23,189,81,0,85,19,26,176,46,184,142,170,95,38,139,144,63,51,56,21,92,147,4,84,67,32,72,163,25,70,16,198,173,8,93,156,71,165,193,168,31,6,18,131,110,101,59,80,100,30,134,148,11,97,58,175,151,7,1,181,68,123,89,137,158,54,52,12,49,39,107,55,14,13,111,119,145,75,129,15,135,53,183,69,159,164,90,28,155,73,99,106,136,115,152,35,161,102,86,133,76,122,116,65,118,109,74,34,108,192,40,36,182,29,154,60,177,27,43,127,96,171,141,98,114,64,79,179,47,88,5,186,199,83,153,197,24,150,10,185,62,120,178,105,44,48,146];False
1534;8583;10117;[92,49,122,102,114,3,2,129,72,105,99,73,140,178,192,10,123,17,8,94,173,18,25,120,24,197,15,9,150,143,67,75,147,65,124,142,130,22,38,21,135,14,60,151,7,153,187,127,39,107,85,76,50,53,93,100,30,134,58,86,181,82,23,12,54,158,121,168,117,98,78,110,81,52,106,118,183,83,26,79,185,148,167,61,59,36,46,5,41,133,96,157,138,45,188,87,66,126,198,159,174,1,51,29,154,156,160,71,69,190,43,128,101,164,111,88,40,37,145,139,33,13,172,195,182,109,141,35,6,56,189,194,31,171,152,57,186,113,196,89,162,146,28,74,4,97,131,0,199,62,44,34,108,20,55,155,184,161,80,137,177,169,191,11,104,180,163,170,95,91,90,125,149,32,68,63,27,116,175,165,193,16,136,144,70,19,64,103,112,84,77,115,179,176,42,47,132,166,119,48];False
3282;6946;10228;[74,194,180,41,187,117,113,9,172,132,166,22,195,112,2,169,191,93,66,157,20,188,87,37,174,149,167,61,45,138,104,125,78,128,42,57,3,121,162,126,143,160,91,77,33,124,94,196,130,103,140,17,82,23,189,81,0,85,19,26,176,46,184,142,170,95,38,139,144,63,51,56,21,92,147,4,84,67,32,72,163,25,70,16,198,173,8,190,156,71,165,193,168,31,6,18,131,110,101,59,80,100,30,134,148,11,97,58,175,151,7,1,181,68,123,89,137,158,54,52,12,49,39,107,55,14,13,111,119,145,75,129,15,135,53,183,69,159,164,90,28,155,73,99,106,136,115,152,35,161,102,86,133,76,122,116,65,118,109,50,34,108,192,40,36,182,29,154,60,177,27,43,127,96,171,141,98,114,64,79,179,47,88,5,186,199,83,153,197,24,150,10,185,62,120,178,105,44,48,146];False
3395;6934;10329;[16,188,144,132,130,5,42,22,38,178,192,89,18,181,68,48,63,118,44,140,124,94,75,36,145,196,113,61,45,138,65,82,187,128,134,195,33,183,162,126,143,160,91,6,77,149,189,148,173,103,123,17,84,122,2,97,0,85,19,26,176,116,146,49,170,95,167,93,66,135,53,56,21,92,147,3,32,165,169,142,163,25,70,90,41,88,40,37,156,71,8,184,168,31,72,78,131,110,101,59,80,100,30,52,182,139,125,58,151,175,197,1,117,98,157,136,137,158,54,12,193,172,39,107,55,14,13,111,114,119,67,129,15,9,28,105,69,159,164,190,109,155,73,99,106,4,115,152,35,161,102,186,133,76,112,104,74,194,34,108,51,50,198,174,23,20,29,154,60,179,27,43,127,96,171,141,11,57,64,79,177,47,166,83,86,199,81,153,7,24,150,10,185,62,120,87,46,180,191,121];False
1473;8903;10376;[14,113,61,19,64,101,110,175,145,143,160,105,93,118,48,99,141,86,45,15,173,18,25,115,24,197,26,9,109,20,129,72,147,65,92,106,196,22,38,174,1,2,75,12,165,153,122,127,39,73,87,76,50,51,74,100,30,134,137,187,181,82,23,151,54,158,121,6,49,112,31,142,81,52,108,53,183,83,17,79,185,148,167,189,59,36,46,5,27,133,96,157,138,41,152,56,66,126,198,159,140,182,111,29,154,156,117,71,69,190,43,128,85,164,178,192,40,124,150,139,33,13,172,195,10,78,60,35,88,135,34,194,130,171,116,57,186,98,84,89,162,146,119,28,4,97,131,67,199,62,102,120,3,114,55,155,184,161,80,58,177,169,191,11,104,193,163,170,95,91,90,125,149,32,68,63,37,7,0,94,8,16,136,144,70,168,77,103,21,180,107,188,179,176,42,47,132,166,123,44];True
1447;8948;10395;[117,113,61,19,49,145,100,0,101,174,118,14,94,196,48,99,141,86,45,15,173,18,25,115,24,197,26,9,7,20,129,72,147,65,92,106,130,22,38,34,3,2,75,12,165,153,122,127,39,73,87,76,50,53,93,110,30,134,137,111,181,82,23,151,54,158,121,6,64,112,187,142,81,52,108,74,183,83,17,79,185,148,167,189,59,36,46,5,27,133,96,157,138,41,152,56,66,126,198,159,140,182,51,29,154,156,160,71,69,190,43,128,85,164,178,192,40,124,150,139,33,13,172,195,10,78,60,35,88,135,105,194,31,171,116,57,186,98,84,89,162,146,119,28,4,97,131,67,199,62,102,120,1,114,55,155,184,161,80,58,177,169,191,11,104,193,163,170,95,91,90,125,149,32,68,63,37,109,175,143,8,16,136,144,70,168,77,103,21,180,107,188,179,176,42,47,132,166,123,44];False
3640;6879;10519;[20,190,188,87,130,5,177,47,57,3,192,89,18,181,68,48,63,118,44,140,124,94,75,36,145,196,113,61,45,138,65,82,187,128,134,195,33,183,162,126,143,160,91,6,77,149,189,166,173,103,168,17,84,122,2,97,0,85,19,26,176,116,142,49,170,95,167,93,66,135,74,56,21,92,147,67,32,165,169,23,163,25,70,90,41,88,164,37,156,71,8,184,123,146,72,78,131,110,101,59,80,100,30,114,182,139,125,58,151,175,197,1,117,98,157,136,137,158,54,12,193,172,39,107,55,14,13,111,52,40,132,129,15,9,28,105,69,159,38,144,109,155,73,99,106,4,115,152,35,161,102,186,133,76,112,104,31,53,34,108,51,50,198,174,16,194,29,154,60,179,27,43,127,96,171,141,11,22,64,79,42,119,148,83,86,199,81,153,7,24,150,10,185,62,120,178,46,180,191,121];True
1405;9207;10612;[41,196,48,10,78,145,100,129,8,94,112,1,189,72,105,99,141,17,45,15,173,18,25,120,24,197,26,9,77,20,67,118,147,65,87,106,130,22,38,14,3,2,75,12,165,153,122,127,39,73,6,76,50,53,93,110,30,134,58,86,181,82,23,151,54,158,121,92,117,98,187,142,81,52,108,74,183,83,7,79,185,148,167,61,59,36,46,5,27,133,96,157,138,178,152,56,66,126,198,159,174,19,131,29,154,156,160,71,69,190,43,128,85,164,111,192,40,124,150,139,33,13,172,195,182,37,60,35,88,135,140,194,31,171,116,57,186,113,84,89,162,146,119,28,4,97,51,0,199,62,102,115,34,114,55,155,184,161,80,137,177,169,191,11,104,193,163,170,95,91,90,125,149,32,68,63,49,109,175,143,101,16,136,144,70,168,64,103,21,180,107,188,179,176,42,47,132,166,123,44];False
3770;6857;10627;[20,190,188,87,130,5,42,119,132,142,136,115,167,181,68,48,63,118,44,140,124,94,75,36,145,196,113,61,45,138,123,82,187,128,134,195,33,183,65,126,143,160,91,6,77,149,189,148,173,116,168,17,84,122,2,97,0,85,19,26,176,3,89,49,170,95,40,93,66,135,74,56,21,92,147,67,32,165,169,23,163,25,70,90,41,88,164,37,156,71,8,184,162,109,72,78,131,110,101,59,80,100,30,114,182,139,125,58,151,175,197,1,117,98,157,28,137,158,54,57,193,172,39,107,55,14,13,111,52,18,12,129,15,9,103,105,69,159,38,144,146,155,73,99,106,4,192,152,35,161,102,186,133,76,112,104,31,53,34,108,51,50,198,174,16,194,29,154,60,179,27,43,127,96,171,141,11,22,64,79,177,47,166,83,86,199,81,153,7,24,150,10,185,62,120,178,46,180,191,121];False
3679;6864;10543;[31,74,188,87,130,5,42,119,132,89,115,116,18,181,68,48,63,118,44,140,124,94,75,36,145,196,113,61,45,138,65,82,187,128,134,195,33,183,162,126,143,160,91,6,77,149,189,148,173,103,123,168,84,122,2,97,0,85,19,26,176,3,136,49,170,95,167,93,66,135,20,56,21,92,147,67,32,165,169,23,163,25,70,90,41,88,164,37,156,71,8,184,190,109,72,78,131,110,101,59,80,100,30,114,182,139,125,58,151,175,197,1,117,98,157,142,137,158,54,57,193,172,39,107,55,14,13,111,52,40,12,129,15,9,28,105,69,159,38,144,146,155,73,99,106,4,192,152,35,161,102,186,133,76,112,104,17,53,34,108,51,50,198,174,16,194,29,154,60,179,27,43,127,96,171,141,11,22,64,79,177,47,166,83,86,199,81,153,7,24,150,10,185,62,120,178,46,180,191,121];True
4401;6782;11183;[73,53,155,87,130,5,179,47,26,89,115,152,18,181,68,48,63,118,44,140,124,94,75,36,145,196,113,61,45,138,65,82,187,128,134,195,33,183,190,126,143,160,91,6,77,149,189,148,173,116,123,17,84,122,2,97,0,85,19,132,176,3,136,49,170,95,167,93,66,135,20,56,21,92,147,67,32,165,169,23,163,25,70,90,41,88,164,37,156,71,8,184,162,109,72,78,131,110,101,59,80,100,30,114,182,139,125,58,151,175,197,1,117,98,157,142,137,158,54,57,193,172,39,107,55,14,13,111,52,40,12,129,15,9,28,105,69,159,38,144,146,188,168,99,106,4,192,103,35,161,102,186,133,76,112,104,31,74,34,108,51,50,198,174,16,194,29,154,60,42,27,43,127,96,171,141,11,22,64,79,177,199,166,83,86,119,81,153,7,24,150,10,185,62,120,178,46,180,191,121];False
4188;6789;10977;[73,20,188,87,130,5,179,47,132,89,115,152,18,181,68,48,63,118,44,140,124,94,75,36,145,196,113,61,45,138,65,82,187,128,134,195,33,183,162,126,143,160,91,6,77,149,189,148,173,116,123,168,84,122,2,97,0,85,19,26,176,3,136,49,170,95,167,93,66,135,53,56,21,92,147,67,32,165,169,23,163,25,70,90,41,88,164,37,156,71,8,184,190,109,72,78,131,110,101,59,80,100,30,114,182,139,125,58,151,175,197,1,117,98,157,142,137,158,54,57,193,172,39,107,55,14,13,111,52,40,12,129,15,9,28,105,69,159,38,144,146,155,17,99,106,4,192,103,35,161,102,186,133,76,112,104,31,74,34,108,51,50,198,174,16,194,29,154,60,42,27,43,127,96,171,141,11,22,64,79,177,199,166,83,86,119,81,153,7,24,150,10,185,62,120,178,46,180,191,121];False
3753;6860;10613;[20,188,93,152,130,5,177,47,132,89,115,87,18,181,68,48,63,118,44,140,124,94,75,36,145,196,113,61,45,138,65,82,187,128,134,195,33,183,162,126,143,160,91,6,77,149,189,148,173,116,123,17,84,122,2,97,0,85,19,26,176,3,136,49,170,95,167,168,66,135,53,56,21,92,147,67,32,165,169,23,163,25,70,90,41,88,164,37,156,71,8,184,190,109,72,78,131,110,101,59,80,100,30,114,182,139,125,58,151,175,197,1,117,98,157,142,137,158,54,57,193,172,39,107,55,14,13,111,52,40,12,129,15,9,28,105,69,159,38,144,146,155,73,99,106,4,192,103,35,161,102,186,133,76,112,104,31,74,34,108,51,50,198,174,16,194,29,154,60,179,27,43,127,96,171,141,11,22,64,79,42,199,166,83,86,119,81,153,7,24,150,10,185,62,120,178,46,180,191,121];False
4894;6734;11628;[198,174,190,10,130,5,171,120,26,145,115,152,186,7,15,51,106,20,44,140,124,168,164,196,125,6,113,61,45,138,123,82,187,128,134,195,33,94,118,126,143,160,91,75,77,149,189,148,173,116,65,4,84,122,2,97,0,85,18,132,176,3,136,49,170,95,167,93,66,135,48,50,21,92,147,67,32,165,169,23,163,25,70,90,41,88,146,37,156,71,8,184,162,109,72,78,131,110,101,59,80,100,30,114,182,139,36,58,151,175,197,1,117,98,157,142,137,158,54,57,193,172,39,107,55,14,13,111,52,40,87,181,68,9,28,105,69,159,38,144,56,63,73,99,155,178,192,103,35,161,102,12,133,76,112,104,31,183,34,108,188,74,53,17,16,194,29,154,60,179,27,43,127,96,42,141,11,22,64,79,177,199,166,83,86,119,81,153,129,24,150,19,185,62,47,89,46,180,191,121];False
5007;6729;11736;[198,29,147,78,130,5,179,47,26,145,115,152,186,129,15,123,106,20,44,140,124,168,164,190,174,196,113,61,45,138,51,82,187,128,134,195,33,94,118,126,143,160,91,75,77,149,189,7,173,116,65,4,84,122,2,97,0,85,18,132,176,3,136,49,170,95,167,93,66,135,48,50,21,92,90,67,32,165,169,23,163,25,70,125,6,88,146,37,156,71,8,184,162,109,72,41,131,110,101,59,80,100,30,114,182,139,36,58,151,175,197,1,117,98,157,142,137,158,54,57,193,172,39,107,55,14,13,111,52,40,87,181,68,9,28,105,69,159,38,144,56,63,73,99,155,178,192,103,35,161,102,12,133,76,112,104,31,183,34,108,188,74,53,17,16,194,19,154,60,42,27,43,127,96,171,141,11,22,64,79,177,199,148,83,86,119,81,153,166,24,150,10,185,62,120,89,46,180,191,121];False
5262;6714;11976;[198,174,125,196,130,5,42,47,26,89,115,77,153,7,15,48,106,20,190,183,124,168,164,45,19,41,113,61,145,138,123,82,187,128,134,195,33,94,118,126,143,160,91,75,152,149,189,148,173,116,65,4,84,122,2,97,0,85,18,132,176,3,136,49,170,95,167,93,66,135,51,50,21,92,90,67,32,165,169,23,163,25,29,147,6,88,70,37,156,71,8,184,162,109,72,78,131,110,101,59,80,100,30,114,182,139,36,58,151,175,197,1,117,98,157,142,137,158,54,57,193,172,39,107,55,14,13,111,52,40,87,181,68,9,28,105,69,159,38,144,56,63,140,99,73,74,192,103,35,161,102,12,133,76,112,104,31,53,146,108,188,44,155,17,16,194,34,154,60,179,27,43,127,96,171,141,11,22,64,79,177,199,166,83,86,119,81,186,129,24,150,10,185,62,120,178,46,180,191,121];False
5949;6695;12644;[146,140,69,127,54,120,89,46,152,18,185,175,12,7,85,15,135,198,19,33,183,17,154,38,178,13,197,123,29,71,44,91,52,2,83,59,93,138,124,94,118,48,34,90,149,163,186,148,173,116,65,192,10,95,61,97,0,77,57,26,145,3,136,49,170,103,105,74,20,156,106,194,51,50,82,67,32,165,169,23,75,36,98,25,1,88,70,37,21,92,8,184,190,109,72,78,111,128,171,110,80,100,30,114,182,139,125,187,158,62,189,130,5,122,157,84,131,79,42,27,193,172,39,107,55,14,147,196,167,40,87,181,68,9,28,162,108,102,132,144,56,63,73,99,16,159,164,41,35,161,191,174,101,134,112,104,31,53,180,4,188,168,155,126,143,142,115,86,60,179,47,43,133,76,151,141,11,58,64,96,177,199,166,22,195,119,81,153,129,24,150,6,137,117,113,66,176,160,45,121];False
5992;6694;12686;[50,16,91,163,54,120,89,160,152,86,185,175,12,7,85,15,135,198,19,33,183,17,154,38,178,13,197,123,29,71,44,90,52,2,83,59,93,138,124,94,118,48,34,69,149,18,186,148,173,116,65,192,10,95,61,97,0,77,57,26,145,3,136,49,170,103,105,74,20,156,31,194,51,73,82,67,32,165,169,23,75,36,98,25,1,88,70,37,21,92,8,184,190,109,72,78,111,128,171,110,80,100,30,114,182,139,125,187,158,62,189,130,5,122,157,84,131,79,42,27,193,172,39,107,55,14,147,196,167,40,87,181,68,9,28,162,108,102,132,144,56,63,140,99,146,159,164,41,35,161,191,174,101,134,112,104,106,53,180,4,188,168,155,126,143,142,115,127,60,179,47,43,133,76,151,141,11,58,64,96,177,199,166,22,195,119,81,153,129,24,150,6,137,117,113,66,176,46,45,121];False
6298;6686;12984;[73,56,147,172,54,120,89,160,152,18,185,175,12,7,85,15,135,198,19,33,183,17,154,38,178,13,197,123,29,71,44,91,52,2,83,59,93,138,124,94,118,48,34,90,149,163,186,148,173,116,65,192,10,95,61,97,0,77,57,26,145,3,136,137,170,103,105,74,20,156,31,194,51,50,82,67,32,165,169,23,75,36,98,25,1,88,70,37,21,92,8,184,190,109,72,78,111,128,171,110,80,100,30,114,182,139,41,187,158,62,189,130,5,122,157,84,131,79,42,27,193,115,39,107,55,14,125,196,167,40,87,181,68,9,28,162,108,102,132,144,146,63,140,99,16,159,164,69,35,161,191,174,101,134,112,104,106,53,180,4,188,168,155,126,143,142,49,127,60,179,47,43,133,76,151,141,11,58,64,96,177,199,166,22,195,119,81,153,129,24,150,6,86,117,113,66,176,46,45,121];False
6787;6677;13464;[34,90,67,80,58,158,141,119,132,89,137,133,5,185,54,52,189,28,38,14,72,118,10,36,184,66,46,44,91,190,109,56,73,74,143,23,69,159,15,135,37,8,71,48,92,84,131,59,93,3,169,142,191,61,145,94,13,86,7,77,176,35,97,128,57,2,167,107,123,50,146,51,20,17,82,78,170,18,75,161,115,25,105,4,6,88,70,108,21,106,154,122,197,162,125,163,171,110,129,24,130,127,30,114,182,139,178,136,101,175,85,1,117,120,157,173,186,79,42,27,193,172,39,32,55,155,33,192,165,40,87,181,68,9,103,140,147,196,95,144,156,180,188,65,53,183,164,41,149,152,102,62,98,134,112,104,99,63,31,198,138,168,29,126,16,194,19,49,60,179,12,43,187,76,151,148,83,111,64,96,177,199,166,22,195,11,81,153,47,26,150,174,100,0,113,116,124,160,45,121];False
6783;6678;13461;[34,90,67,83,86,128,141,119,132,89,137,133,12,185,54,52,189,28,38,14,136,118,10,36,184,66,46,44,23,190,109,56,73,74,143,91,69,159,15,135,37,8,71,48,92,84,131,59,93,3,169,142,191,61,145,94,13,111,7,77,176,35,97,171,57,2,167,107,123,50,146,51,20,17,82,78,170,18,75,161,115,25,105,4,6,88,70,108,21,106,154,122,197,162,125,163,158,110,129,24,130,127,30,114,182,139,178,72,101,175,85,1,117,120,157,173,186,79,42,27,193,172,39,32,55,155,33,192,165,40,87,181,68,9,103,140,147,196,95,144,156,180,188,65,53,183,164,41,149,152,102,62,11,134,112,104,99,63,31,198,138,168,29,126,16,194,19,49,60,179,5,43,187,76,151,148,80,58,64,96,177,199,166,22,195,98,81,153,47,26,150,174,100,0,113,116,124,160,45,121];False
6852;6669;13521;[198,174,196,83,86,128,141,119,132,89,137,133,12,185,54,52,195,95,38,14,72,118,10,36,184,66,46,44,23,190,109,56,73,74,143,91,69,159,15,135,37,8,71,48,92,90,131,59,93,3,169,142,191,61,145,94,13,111,7,77,176,35,97,171,57,2,167,107,123,50,146,51,20,17,82,78,170,18,75,161,115,25,105,4,6,88,70,108,21,106,154,122,197,162,125,163,158,110,129,24,130,127,30,114,182,139,178,136,101,175,85,1,117,120,157,173,186,79,42,27,193,172,39,32,55,155,33,192,165,40,87,181,68,9,103,140,147,67,28,144,156,180,188,65,53,183,164,41,149,152,102,62,11,134,112,104,99,63,31,34,138,168,29,126,16,194,19,49,60,179,5,43,187,76,151,148,80,58,64,96,177,199,166,22,189,98,81,153,47,26,150,84,100,0,113,116,124,160,45,121];False
7121;6646;13767;[34,84,67,163,158,128,141,11,89,75,137,133,12,185,54,52,189,28,38,14,72,118,10,36,184,66,46,44,23,190,109,56,73,74,143,91,69,159,15,135,37,8,71,48,92,90,131,59,93,3,169,142,191,61,145,94,13,111,7,77,176,35,97,171,57,2,167,107,123,50,146,51,20,17,82,78,170,18,132,161,115,25,105,4,6,88,70,108,21,106,154,122,197,162,125,49,86,110,129,24,130,127,30,114,182,139,178,136,101,175,85,1,117,120,157,173,186,79,42,27,193,172,39,32,55,155,33,192,165,40,87,181,68,9,103,140,147,196,95,144,156,180,188,65,53,183,164,41,149,152,102,62,98,134,112,104,99,63,31,198,138,168,29,126,16,194,19,83,60,179,5,43,187,76,151,148,80,58,64,96,177,199,166,22,195,119,81,153,47,26,150,174,100,0,113,116,124,160,45,121];False
7806;6633;14439;[50,174,71,56,149,83,59,57,132,75,163,133,12,185,111,36,169,115,89,3,161,159,15,135,53,34,46,44,23,190,109,10,184,51,29,91,69,28,8,37,94,198,188,48,92,90,131,148,93,14,178,191,66,61,145,84,13,151,7,38,176,35,97,128,52,2,167,107,123,146,155,65,118,17,82,18,0,77,196,170,129,25,105,4,6,88,70,108,21,106,154,122,197,24,72,78,86,110,171,189,49,127,30,114,182,139,180,137,158,175,85,1,117,120,157,173,186,79,42,27,193,172,39,32,55,125,33,192,165,40,87,181,68,9,103,162,147,67,95,144,156,63,31,143,160,183,164,41,152,130,102,62,5,134,112,104,99,73,74,20,138,168,140,126,16,194,19,98,60,179,47,43,187,76,101,141,11,58,64,96,177,199,166,22,195,119,81,153,80,26,150,136,100,54,113,116,124,142,45,121];True
8267;6595;14862;[73,174,3,136,149,83,59,57,132,75,163,133,12,185,111,26,169,115,89,46,161,159,15,135,53,180,118,44,23,190,109,10,184,51,34,91,69,28,8,37,94,198,188,48,92,90,131,148,93,14,178,191,66,61,145,84,13,151,7,38,176,35,97,128,52,2,167,107,123,50,155,65,194,17,82,18,0,77,196,170,129,25,105,4,6,88,70,108,21,106,154,122,197,24,72,78,86,110,171,189,49,127,30,114,182,139,29,137,158,175,85,1,117,120,157,173,186,79,42,27,193,172,39,32,55,125,33,192,165,40,87,181,68,9,103,162,147,67,95,144,156,146,31,143,160,183,164,41,152,130,102,62,5,134,112,104,99,63,74,20,138,168,140,126,16,71,19,98,60,179,47,43,187,76,101,141,11,58,64,96,177,199,166,22,195,119,81,153,80,36,150,56,100,54,113,116,124,142,45,121];False
8574;6567;15141;[50,53,34,136,149,83,59,57,132,75,163,133,12,185,111,26,169,84,89,3,161,159,15,135,142,115,46,44,37,190,109,10,184,51,174,91,69,28,8,118,180,198,188,48,92,90,131,148,93,14,178,23,66,61,145,94,13,151,7,38,176,35,97,128,52,2,167,107,123,73,155,65,194,17,82,18,0,77,196,170,129,25,105,4,6,88,70,108,21,106,154,122,197,24,72,78,86,110,171,189,49,127,30,114,182,139,29,137,158,175,85,1,117,120,157,173,186,79,42,27,193,172,39,32,55,125,33,192,165,40,87,181,68,9,103,162,147,67,95,144,156,146,31,143,191,183,164,41,152,130,102,62,5,134,112,104,99,63,74,20,138,168,140,126,16,71,19,98,60,179,47,43,187,76,101,141,11,58,64,96,177,199,166,22,195,119,81,153,80,36,150,56,100,54,113,116,124,160,45,121];False
8766;6555;15321;[73,174,67,36,149,83,59,57,132,75,137,133,12,185,128,95,169,84,89,3,161,159,15,135,194,115,46,44,37,190,109,10,184,51,34,91,69,28,8,118,180,53,188,48,92,90,131,148,93,14,178,142,66,61,145,94,13,151,7,38,176,35,97,111,52,2,167,107,123,50,155,65,198,17,82,18,0,77,196,170,129,25,105,4,6,88,70,108,21,106,154,122,197,24,72,78,86,110,171,189,49,127,30,114,182,139,29,163,158,175,85,1,117,120,157,173,186,79,42,27,193,172,39,32,55,125,33,192,165,40,87,181,68,9,103,162,147,23,136,144,156,146,31,143,191,183,164,41,152,130,102,62,5,134,112,104,99,63,74,20,138,168,140,126,16,71,19,98,60,179,47,43,187,76,101,141,11,58,64,96,177,199,166,22,195,119,81,153,80,26,150,56,100,54,113,116,124,160,45,121];False
9024;6548;15572;[73,174,23,136,149,83,59,57,132,152,163,133,12,185,86,26,169,84,89,3,161,159,15,135,194,115,46,44,37,190,109,10,184,51,34,91,69,28,8,118,180,53,188,48,92,90,131,148,93,14,178,142,66,61,145,94,13,151,7,38,176,35,97,128,52,2,167,107,123,50,155,65,198,17,82,18,0,77,196,170,129,25,105,4,6,88,70,108,21,106,154,122,197,24,72,78,111,110,171,189,49,127,30,114,182,139,29,137,158,175,85,1,117,120,157,173,186,79,42,27,193,172,39,32,55,125,33,192,165,40,87,181,68,9,103,162,147,67,95,144,156,146,31,143,191,183,164,41,75,130,102,62,5,134,112,104,99,63,74,20,138,168,140,126,16,71,19,98,60,179,47,43,187,76,101,141,11,58,64,96,177,199,166,22,195,119,81,153,80,36,150,56,100,54,113,116,124,160,45,121];False
8932;6549;15481;[73,174,67,36,149,11,59,98,3,161,163,86,151,185,54,57,169,84,89,23,136,160,15,135,194,115,46,44,37,190,109,10,184,51,34,91,69,28,8,118,180,159,188,48,92,90,131,148,93,14,178,142,191,61,145,94,13,12,7,38,176,35,97,128,52,2,167,107,123,50,155,65,198,17,82,49,133,18,132,170,77,25,105,4,6,88,70,108,21,106,154,122,197,24,72,78,111,110,171,189,130,127,30,114,182,139,29,137,158,175,85,1,117,120,157,173,186,79,42,27,193,172,39,32,55,125,33,192,165,40,87,181,68,9,103,162,147,196,95,144,156,146,31,143,53,183,164,41,75,152,102,62,5,134,112,104,99,63,74,20,138,168,140,126,16,71,19,83,60,179,47,43,187,76,101,141,80,58,64,96,177,199,166,22,195,119,81,153,129,26,150,56,100,0,113,116,124,66,45,121];False
9212;6538;15750;[73,174,67,36,149,11,59,57,132,75,163,86,151,185,133,98,193,84,89,3,161,159,15,135,194,115,46,44,37,190,109,10,184,51,34,91,69,28,8,118,180,53,188,48,92,90,131,148,93,14,178,142,66,61,145,94,13,12,7,38,176,35,97,128,52,2,167,107,123,50,155,65,198,17,82,18,0,95,196,170,77,25,105,4,6,88,70,108,21,106,154,122,197,24,72,78,111,110,171,189,49,127,30,114,182,139,29,137,158,175,85,1,117,120,157,173,186,79,42,27,169,172,39,32,55,125,33,192,165,40,87,181,68,9,103,162,147,23,136,144,156,146,31,143,191,183,164,41,152,130,102,62,5,134,112,104,99,63,74,20,138,168,140,126,16,71,19,83,60,179,47,43,187,76,101,141,80,58,64,96,177,199,166,22,195,119,81,153,129,26,150,56,100,54,113,116,124,160,45,121];True
9202;6539;15741;[50,174,67,36,149,11,59,57,132,75,163,86,12,185,133,98,193,84,89,3,161,28,15,135,194,115,46,44,37,190,109,10,184,51,34,91,69,159,8,118,180,53,188,48,92,90,131,148,93,14,178,142,66,61,145,94,13,151,7,38,176,35,97,128,52,2,167,107,123,73,155,65,198,17,82,18,0,95,196,170,77,25,105,4,6,88,70,108,21,106,154,122,197,24,72,78,111,110,171,189,49,127,30,114,182,139,29,137,158,175,85,1,117,120,157,173,186,79,42,27,169,172,39,32,55,125,33,192,165,40,87,181,68,9,103,162,147,23,136,144,156,146,31,143,191,183,164,41,152,130,102,62,5,134,112,104,99,63,74,20,138,168,140,126,16,71,19,83,60,179,47,43,187,76,101,141,80,58,64,96,177,199,166,22,195,119,81,153,129,26,150,56,100,54,113,116,124,160,45,121];False
9531;6526;16057;[50,174,23,136,149,11,59,57,132,152,163,86,151,185,133,98,193,84,89,3,161,159,15,135,194,115,46,44,37,190,109,10,184,51,34,91,69,28,8,118,180,53,188,48,92,90,131,148,93,14,178,142,66,61,145,94,13,12,7,38,176,35,97,128,52,2,167,107,123,73,155,65,198,17,82,18,0,36,196,170,77,25,105,4,6,88,70,108,21,106,154,122,197,24,72,78,111,110,171,189,49,127,30,114,182,139,29,137,158,175,85,1,117,120,157,173,186,79,42,27,169,172,39,32,55,125,33,192,165,40,87,181,68,9,103,162,147,67,95,144,156,146,31,143,191,183,164,41,75,130,102,62,5,134,112,104,99,63,74,20,138,168,140,126,16,71,19,83,60,179,47,43,187,76,101,141,80,58,64,96,177,199,166,22,195,119,81,153,129,26,150,56,100,54,113,116,124,160,45,121];False
2013;7274;9287;[180,118,129,162,19,87,121,178,111,132,130,84,77,112,93,147,66,157,103,105,74,188,144,31,142,117,167,61,45,138,41,49,78,128,42,57,197,146,190,126,143,160,91,1,33,124,44,196,36,46,140,92,82,23,189,81,0,85,22,26,176,193,109,20,170,95,38,139,9,4,70,194,34,198,174,184,35,67,32,72,163,25,51,8,16,125,11,113,156,71,165,65,37,94,173,18,131,110,101,59,80,100,30,134,148,195,97,58,151,175,7,191,181,68,123,6,137,158,54,52,119,187,39,107,55,14,13,172,12,89,75,149,15,135,53,183,69,159,164,90,28,155,73,99,106,136,115,152,2,161,102,86,133,76,122,116,104,17,145,56,21,108,192,40,169,182,29,154,60,177,27,43,127,96,171,141,98,114,64,79,179,47,88,5,186,199,83,153,166,24,150,10,185,62,120,3,168,50,48,63];True
1991;7333;9324;[50,143,129,162,22,87,121,178,111,132,130,84,77,112,93,147,66,157,103,197,74,188,144,31,142,117,167,61,45,138,41,49,78,128,42,57,136,9,190,126,118,160,91,1,33,124,180,196,36,46,140,92,82,23,189,81,0,85,19,26,176,193,109,20,170,95,38,139,146,4,105,194,34,198,174,184,35,67,32,72,163,25,51,8,16,125,11,113,156,71,165,65,37,94,173,18,131,110,101,59,80,100,30,134,148,195,97,58,175,151,7,191,181,68,123,6,137,158,54,52,119,187,39,107,55,14,13,172,12,89,75,149,15,135,53,183,69,159,164,90,28,155,73,99,106,70,115,152,2,161,102,86,133,76,122,116,104,17,145,56,21,108,192,40,169,182,29,154,60,177,27,43,127,96,171,141,98,114,64,79,179,47,88,5,186,199,83,153,166,24,150,10,185,62,120,3,168,44,48,63];True
1873;7520;9393;[13,172,12,22,26,178,147,3,2,130,132,117,77,112,106,24,66,157,103,105,74,188,93,118,10,110,167,61,45,138,41,49,78,128,42,57,37,121,162,126,143,160,91,1,33,124,94,196,36,182,140,92,82,23,189,81,87,85,104,46,146,193,136,144,170,95,38,139,19,20,51,149,34,194,180,123,176,67,32,72,163,25,70,65,16,190,11,113,156,71,165,184,31,8,173,18,131,0,101,59,80,100,30,134,148,195,97,137,175,151,7,191,181,68,198,142,58,158,54,52,119,187,39,107,55,14,90,111,84,89,75,4,15,135,53,183,69,159,164,9,28,155,73,99,109,50,115,152,35,161,102,86,133,76,122,116,44,125,145,56,21,108,192,40,169,129,29,154,60,177,27,43,127,96,171,141,98,114,64,79,179,47,88,5,186,199,83,153,166,174,150,6,185,62,120,197,168,17,48,63];True
2266;7163;9429;[50,4,121,162,147,6,149,19,172,12,130,84,77,112,93,46,66,157,103,105,74,188,144,31,142,117,167,61,45,138,41,49,78,128,42,57,197,146,118,126,143,160,91,1,33,124,180,196,36,184,140,92,82,23,189,81,0,85,22,26,176,193,109,190,170,95,38,139,65,20,70,194,34,198,174,178,2,67,32,72,163,25,51,8,16,125,11,113,156,71,165,87,37,94,173,18,131,110,101,59,80,100,30,134,148,195,97,58,175,151,7,191,181,68,123,9,137,158,54,52,119,187,39,107,55,14,13,111,132,89,75,129,15,135,53,183,69,159,164,90,28,155,73,99,106,136,115,152,35,161,102,86,133,76,122,116,104,17,145,56,21,108,192,40,169,182,29,154,60,177,27,43,127,96,171,141,98,114,64,79,179,47,88,5,186,199,83,153,166,24,150,10,185,62,120,3,168,44,48,63];False
2448;7102;9550;[50,21,174,178,9,37,94,118,172,132,130,117,195,112,93,184,66,157,103,105,74,188,144,31,142,77,167,61,45,138,41,49,78,128,42,57,3,121,162,126,143,160,91,1,33,124,147,196,36,46,140,92,82,23,189,81,0,85,22,26,176,193,109,190,170,95,38,139,65,20,51,149,34,198,146,4,84,67,32,72,163,25,70,19,16,125,11,113,156,71,165,87,194,8,173,18,131,110,101,59,80,100,30,134,148,2,97,58,175,151,7,191,181,68,123,6,137,158,54,52,119,187,39,107,55,14,13,111,12,89,75,129,15,135,53,183,69,159,164,90,28,155,73,99,106,136,115,152,35,161,102,86,133,76,122,116,104,17,145,56,180,108,192,40,169,182,29,154,60,177,27,43,127,96,171,141,98,114,64,79,179,47,88,5,186,199,83,153,166,24,150,10,185,62,120,197,168,44,48,63];False
1830;7573;9403;[180,172,12,167,22,26,120,3,2,130,84,117,77,112,31,29,66,157,103,105,74,188,144,118,147,0,101,61,45,138,178,9,78,128,42,57,37,121,162,126,143,160,91,1,33,124,94,196,36,182,140,92,82,23,189,81,87,85,104,20,146,193,109,93,170,95,38,139,19,194,51,149,34,127,175,123,49,67,32,72,137,25,70,65,16,190,11,113,156,71,165,184,125,8,173,18,131,110,41,59,80,100,30,134,148,195,97,58,6,151,7,191,181,68,198,142,163,158,54,52,119,187,39,107,55,14,13,197,132,89,75,4,15,135,53,183,69,159,164,90,28,155,73,99,106,136,115,152,35,161,102,86,133,76,122,116,176,46,145,56,21,108,192,40,169,129,24,154,60,177,27,43,111,96,171,141,98,114,64,79,179,47,88,5,186,199,83,153,166,174,150,10,185,62,44,50,168,17,48,63];False
1859;7557;9416;[104,172,12,22,81,93,147,3,2,130,84,117,77,112,193,24,66,157,103,105,74,188,144,118,10,0,167,61,45,138,41,88,78,128,42,57,37,121,162,126,143,160,91,1,33,124,94,196,36,46,140,92,82,23,189,49,87,106,136,26,146,190,9,178,170,95,38,139,19,20,51,149,34,194,180,123,176,67,32,72,163,25,70,65,16,55,11,113,156,71,165,184,31,8,173,18,131,110,101,59,80,100,30,134,148,195,97,137,175,151,7,191,181,68,198,142,58,158,54,52,29,187,39,107,85,14,13,111,132,89,75,4,15,135,53,183,69,159,164,90,28,155,73,99,109,50,115,152,35,161,102,86,133,76,122,116,17,125,145,56,21,108,192,40,169,129,119,154,60,177,27,43,127,96,171,141,98,114,64,79,179,47,182,5,186,199,83,153,166,174,150,6,185,62,120,197,168,44,48,63];False
1780;7663;9443;[194,172,12,22,26,178,120,3,2,130,84,117,77,112,31,29,66,157,103,105,74,188,144,118,147,0,101,61,45,138,146,180,78,128,42,57,37,121,162,126,143,160,91,1,33,124,94,196,52,182,140,92,82,23,189,81,87,85,104,20,167,193,109,93,170,95,38,139,19,9,51,149,34,127,175,123,176,67,32,72,137,25,70,65,16,190,11,113,156,71,165,184,125,8,173,18,131,110,41,59,80,100,30,134,148,195,97,58,6,43,7,191,181,68,198,142,163,158,54,36,119,187,39,107,55,14,13,197,132,89,75,4,15,135,53,183,69,159,164,90,28,155,73,99,106,136,115,152,35,161,102,86,133,76,122,116,49,46,145,56,21,108,192,40,169,129,24,154,60,177,27,151,111,96,171,141,98,114,64,79,179,47,88,5,186,199,83,153,166,174,150,10,185,62,44,50,168,17,48,63];False
1748;7693;9441;[180,172,12,22,26,176,120,3,2,130,84,117,77,112,31,29,66,157,103,105,74,188,93,164,147,0,101,61,45,138,126,185,78,128,42,57,37,121,162,146,118,10,91,1,33,124,94,196,36,182,140,92,82,23,189,81,87,85,104,20,167,193,136,144,62,95,38,139,19,194,51,149,34,127,175,123,90,67,32,72,137,25,170,65,16,190,11,113,156,71,165,184,125,8,173,18,131,110,41,59,80,100,30,134,148,195,97,58,6,43,7,191,181,68,198,142,163,158,54,52,119,187,39,107,55,14,13,197,132,89,75,4,15,135,53,183,69,159,9,151,28,155,73,99,106,70,115,152,35,161,102,86,133,76,122,116,49,46,145,56,21,108,192,40,169,129,24,154,60,177,27,178,111,96,171,141,98,114,64,79,179,47,88,5,186,199,83,153,166,174,150,160,143,109,44,50,168,17,48,63];True
1723;7716;9439;[180,172,12,22,26,176,120,3,2,130,84,117,77,112,31,29,66,157,103,105,74,188,93,164,100,0,101,61,45,55,126,185,78,128,42,57,37,121,162,146,118,10,91,1,33,124,94,196,36,182,140,92,82,23,189,81,87,85,104,20,167,193,136,144,62,95,38,139,19,194,51,149,34,127,175,123,90,67,32,72,137,25,170,65,16,190,11,113,156,71,165,184,125,8,173,18,131,110,41,59,80,147,30,134,148,195,97,58,6,43,7,191,181,68,198,142,163,158,54,52,119,187,39,107,138,178,13,197,132,89,75,4,15,135,53,183,69,159,9,14,28,155,73,99,106,70,115,152,35,161,102,86,133,76,122,116,49,46,145,56,21,108,192,40,169,129,24,154,60,177,27,151,111,96,171,141,98,114,64,79,179,47,88,5,186,199,83,153,166,174,150,160,143,109,44,50,168,17,48,63];True
1614;7928;9542;[180,172,12,22,26,178,120,3,2,130,106,117,77,112,31,29,66,157,103,44,74,188,93,90,100,0,101,61,45,138,126,185,78,128,42,57,37,121,162,146,118,10,91,1,33,124,94,196,36,182,140,92,82,23,189,81,87,85,104,20,167,193,164,144,181,95,38,139,19,194,51,149,34,127,175,123,136,67,32,72,137,25,170,65,9,190,11,113,156,71,165,184,125,8,173,18,131,110,41,59,80,147,30,134,148,195,97,58,6,43,7,191,62,68,198,142,163,158,54,52,119,187,39,107,55,14,13,197,132,89,75,4,15,135,53,183,69,159,16,105,28,155,73,99,84,70,115,152,35,161,102,86,133,76,122,116,49,46,145,56,21,108,192,40,169,129,24,154,60,177,27,151,111,96,171,141,98,114,64,79,179,47,88,5,186,199,83,153,166,174,150,160,143,109,176,50,168,17,48,63];True
2442;7105;9547;[50,146,180,178,9,37,94,118,172,132,130,117,77,112,93,46,66,157,103,105,74,188,144,31,149,2,167,61,45,138,41,49,78,128,42,57,3,121,162,126,143,160,91,1,33,124,147,196,36,184,140,92,82,23,189,81,0,85,22,26,176,193,109,190,170,95,38,139,65,20,51,142,34,198,174,4,84,67,32,72,163,25,70,19,16,125,11,113,156,71,165,87,194,8,173,18,131,110,101,59,80,100,30,134,148,195,97,58,175,151,7,191,181,68,123,6,137,158,54,52,119,187,39,107,55,14,13,111,12,89,75,129,15,135,53,183,69,159,164,90,28,155,73,99,106,136,115,152,35,161,102,86,133,76,122,116,104,17,145,56,21,108,192,40,169,182,29,154,60,177,27,43,127,96,171,141,98,114,64,79,179,47,88,5,186,199,83,153,166,24,150,10,185,62,120,197,168,44,48,63];False
1565;8085;9650;[198,155,29,154,141,119,44,7,130,107,105,146,118,178,192,183,104,50,53,162,173,18,57,120,24,197,15,135,32,159,82,134,121,10,123,90,41,22,38,85,168,17,94,60,49,153,185,127,39,148,69,28,129,8,93,46,55,165,42,166,59,36,23,12,54,151,175,83,117,98,78,171,81,52,150,140,92,100,58,79,177,95,167,61,181,65,76,5,27,133,96,157,138,45,188,87,66,126,124,86,112,40,51,106,143,160,80,71,9,190,43,128,14,164,111,195,25,37,145,139,33,13,137,158,182,109,21,73,6,56,63,31,142,115,152,102,186,113,196,89,26,176,72,74,4,97,131,0,199,62,1,189,108,84,99,174,184,161,156,147,3,169,191,11,194,180,163,170,103,91,35,125,149,34,187,114,68,116,20,67,193,16,136,144,70,19,64,101,122,172,77,2,110,30,179,47,132,75,88,48];False
2453;7090;9543;[50,146,180,37,109,31,147,4,172,12,130,117,77,112,93,118,66,157,103,105,74,188,144,44,19,2,167,61,45,138,41,49,78,128,42,57,3,121,162,126,143,160,91,1,33,124,94,196,36,46,140,92,82,23,189,81,0,85,22,26,176,193,16,178,170,95,38,139,65,20,51,149,34,198,174,184,84,67,32,72,163,25,70,6,9,190,11,113,156,71,165,87,194,8,173,18,131,110,101,59,80,100,30,134,148,195,97,58,175,151,7,191,181,68,123,142,137,158,54,52,119,187,39,107,55,14,13,111,132,89,75,129,15,135,53,183,69,159,164,90,28,155,73,99,106,136,115,152,35,161,102,86,133,76,122,116,104,125,145,56,21,108,192,40,169,182,29,154,60,177,27,43,127,96,171,141,98,114,64,79,179,47,88,5,186,199,83,153,166,24,150,10,185,62,120,197,168,17,48,63];True
2798;6998;9796;[34,118,20,190,109,70,6,193,172,12,130,22,195,112,93,147,66,157,103,105,74,188,87,37,174,149,167,61,45,138,41,49,78,128,42,57,3,121,162,126,143,160,91,1,33,124,94,196,36,44,140,92,82,23,189,81,0,85,19,26,176,46,9,178,170,95,38,139,123,146,51,50,31,194,180,4,84,67,32,72,163,25,144,65,16,117,77,113,156,71,165,2,184,8,173,18,131,110,101,59,80,100,30,134,148,11,97,58,175,151,7,191,181,68,198,142,137,158,54,52,119,187,39,107,55,14,13,111,132,89,75,129,15,135,53,183,69,159,164,90,28,155,73,99,106,136,115,152,35,161,102,86,133,76,122,116,104,125,145,56,21,108,192,40,169,182,29,154,60,177,27,43,127,96,171,141,98,114,64,79,179,47,88,5,186,199,83,153,166,24,150,10,185,62,120,197,168,17,48,63];False
2838;6993;9831;[34,103,70,190,109,147,6,193,172,12,130,22,195,112,93,118,66,157,20,51,74,188,87,37,174,149,167,61,45,138,41,49,78,128,42,57,3,121,162,126,143,160,91,1,33,124,94,196,36,44,140,92,82,23,189,81,0,85,19,26,176,46,9,178,191,95,38,139,144,146,123,50,31,194,180,4,84,67,32,72,163,25,105,65,16,117,77,113,156,71,165,2,184,8,173,18,131,110,101,59,80,100,30,134,148,11,97,58,175,151,7,170,181,68,198,142,137,158,54,52,119,187,39,107,55,14,13,111,132,89,75,129,15,135,53,183,69,159,164,90,28,155,73,99,106,136,115,152,35,161,102,86,133,76,122,116,104,125,145,56,21,108,192,40,169,182,29,154,60,177,27,43,127,96,171,141,98,114,64,79,179,47,88,5,186,199,83,153,166,24,150,10,185,62,120,197,168,17,48,63];False
1537;8261;9798;[29,71,63,69,141,119,148,128,130,107,105,44,140,178,192,183,154,50,53,162,173,18,57,120,24,197,15,118,198,159,82,134,121,10,123,90,41,22,38,150,168,58,100,60,49,153,185,127,39,187,147,67,129,8,93,46,55,165,42,166,59,36,23,12,54,151,175,83,117,98,78,171,81,52,174,135,14,94,146,79,177,95,167,61,181,65,76,5,27,133,96,157,138,45,188,87,66,126,124,86,112,40,51,106,143,160,80,28,9,190,43,7,85,164,111,195,25,37,145,139,33,13,137,158,182,109,21,73,6,56,92,31,142,115,152,102,186,113,196,89,26,176,72,74,4,97,131,0,199,62,1,189,108,84,34,155,184,161,156,104,3,169,191,11,194,180,163,170,103,91,35,125,149,32,99,114,68,20,116,17,193,16,136,144,70,19,64,101,122,172,77,2,110,30,179,47,132,75,88,48];False
2536;7074;9610;[20,146,16,190,109,118,6,193,172,12,130,22,195,112,93,147,66,157,103,105,74,188,87,37,174,149,167,61,45,123,41,49,78,128,42,57,3,121,162,126,143,160,2,1,33,124,94,196,36,44,140,92,82,23,189,81,0,85,19,26,176,46,9,178,170,95,38,139,144,138,51,50,34,194,180,4,84,67,32,72,163,25,70,65,31,117,77,113,156,71,165,91,184,8,173,18,131,110,101,59,80,100,30,134,148,11,97,58,175,151,7,191,181,68,198,142,137,158,54,52,119,187,39,107,55,14,13,111,132,89,75,129,15,135,53,183,69,159,164,90,28,155,73,99,106,136,115,152,35,161,102,86,133,76,122,116,104,125,145,56,21,108,192,40,169,182,29,154,60,177,27,43,127,96,171,141,98,114,64,79,179,47,88,5,186,199,83,153,166,24,150,10,185,62,120,197,168,17,48,63];False
2981;6977;9958;[20,123,34,190,109,147,6,193,172,59,36,22,195,112,93,118,66,157,103,105,74,188,87,37,174,149,167,61,45,138,41,49,78,128,42,57,3,121,162,126,143,160,91,1,33,124,94,196,130,104,140,92,82,23,189,81,0,85,19,26,176,46,9,178,170,95,38,139,144,48,146,50,31,194,180,4,84,67,32,72,163,25,70,65,16,117,77,113,156,71,165,2,184,8,173,18,131,110,101,151,80,100,30,134,148,11,97,58,175,12,7,191,181,68,198,142,137,158,54,52,119,187,39,107,55,14,13,111,132,89,75,129,15,135,53,183,69,159,164,90,28,155,73,99,106,136,115,152,35,161,102,86,133,76,122,116,44,125,145,56,21,108,192,40,169,182,29,154,60,177,27,43,127,96,171,141,98,114,64,79,179,47,88,5,186,199,83,153,166,24,150,10,185,62,120,197,168,17,51,63];False
1519;8595;10114;[92,49,102,122,114,3,2,129,72,105,99,73,140,178,192,10,123,17,8,94,173,18,25,120,24,197,15,9,150,143,67,75,147,65,124,142,130,22,38,21,135,14,60,151,7,153,187,127,39,107,85,76,50,53,93,100,30,134,58,86,181,82,23,12,54,158,121,168,117,98,78,110,81,52,106,118,183,83,26,79,185,148,167,61,59,36,46,5,41,133,96,157,138,45,188,87,66,126,198,159,174,1,51,29,154,156,160,71,69,190,43,128,101,164,111,88,40,37,145,139,33,13,172,195,182,109,141,35,6,56,189,194,31,171,152,57,186,113,196,89,162,146,28,74,4,97,131,0,199,62,44,34,108,20,55,155,184,161,80,137,177,169,191,11,104,180,163,170,95,91,90,125,149,32,68,63,27,116,175,165,193,16,136,144,70,19,64,103,112,84,77,115,179,176,42,47,132,166,119,48];True
3319;6940;10259;[50,194,180,41,187,117,113,9,172,132,166,22,195,112,2,169,191,93,66,157,20,188,87,37,174,149,167,61,45,138,104,125,78,128,42,57,3,121,162,126,143,160,91,77,33,124,94,196,130,103,140,17,82,23,189,81,0,85,19,26,176,46,184,142,170,95,38,139,144,63,51,56,21,92,147,4,84,67,32,72,163,25,70,16,198,173,8,190,156,71,165,193,168,31,6,18,131,110,101,59,80,100,30,134,148,11,97,58,175,151,7,1,181,68,123,89,137,158,54,52,12,49,39,107,55,14,13,111,119,145,75,129,15,135,53,183,69,159,164,90,28,155,73,99,106,136,115,152,35,161,102,86,133,76,122,116,65,118,109,74,34,108,192,40,36,182,29,154,60,177,27,43,127,96,171,141,98,114,64,79,179,47,88,5,186,199,83,153,197,24,150,10,185,62,120,178,105,44,48,146];True
3359;6933;10292;[146,188,144,132,130,5,42,22,38,178,192,89,18,181,68,48,63,118,44,140,124,94,75,36,145,196,113,61,45,138,65,82,187,128,134,195,33,183,162,126,143,160,91,6,77,149,189,148,173,103,123,17,84,122,2,97,0,85,19,26,176,116,16,49,170,95,167,93,66,135,53,56,21,92,147,3,32,165,169,142,163,25,70,90,41,88,40,37,156,71,8,184,168,31,72,78,131,110,101,59,80,100,30,52,182,139,125,58,151,175,197,1,117,98,157,136,137,158,54,12,193,172,39,107,55,14,13,111,114,119,67,129,15,9,28,105,69,159,164,190,109,155,73,99,106,4,115,152,35,161,102,186,133,76,112,104,74,194,34,108,51,50,198,174,23,20,29,154,60,179,27,43,127,96,171,141,11,57,64,79,177,47,166,83,86,199,81,153,7,24,150,10,185,62,120,87,46,180,191,121];False
1499;8833;10332;[14,113,61,19,64,101,110,175,145,143,160,105,93,118,48,99,141,86,45,15,173,18,25,115,24,197,26,9,109,20,129,72,147,65,92,106,196,22,38,174,1,2,75,12,165,153,122,127,39,73,87,76,50,51,74,100,30,134,137,187,181,82,23,151,54,158,121,6,49,112,31,142,81,52,108,53,183,83,77,79,185,148,167,189,59,36,46,5,27,133,96,157,138,41,152,56,66,126,198,159,140,182,111,29,154,156,117,71,69,190,43,128,85,164,178,192,40,124,150,139,33,13,172,195,10,78,60,35,88,135,34,194,130,171,116,57,186,98,84,89,162,146,119,28,4,97,131,67,199,62,102,120,3,114,55,155,184,161,80,58,177,169,191,11,104,193,163,170,95,91,90,125,149,32,68,63,37,7,0,94,8,16,136,144,70,168,17,103,21,180,107,188,179,176,42,47,132,166,123,44];False
1440;8970;10410;[10,113,61,19,49,145,100,0,101,174,118,14,94,196,48,99,141,86,45,15,173,18,25,115,24,197,26,9,7,20,129,72,147,65,92,106,130,22,38,34,3,2,75,12,165,153,122,127,39,73,87,76,50,53,93,110,30,134,137,111,181,82,23,151,54,158,121,6,64,112,187,142,81,52,108,74,183,83,17,79,185,148,167,189,59,36,46,5,27,133,96,157,138,41,152,56,66,126,198,159,140,182,51,29,154,156,160,71,69,190,43,128,85,164,178,192,40,124,150,139,33,13,172,195,117,78,60,35,88,135,105,194,31,171,116,57,186,98,84,89,162,146,119,28,4,97,131,67,199,62,102,120,1,114,55,155,184,161,80,58,177,169,191,11,104,193,163,170,95,91,90,125,149,32,68,63,37,109,175,143,8,16,136,144,70,168,77,103,21,180,107,188,179,176,42,47,132,166,123,44];False
3585;6900;10485;[20,190,188,93,130,5,177,47,57,3,192,89,18,181,68,48,63,118,44,140,124,94,75,36,145,196,113,61,45,138,65,82,187,128,134,195,33,183,162,126,143,160,91,6,77,149,189,166,173,103,168,17,84,122,2,97,0,85,19,26,176,116,142,49,170,95,167,87,66,135,74,56,21,92,147,67,32,165,169,23,163,25,70,90,41,88,164,37,156,71,8,184,123,146,72,78,131,110,101,59,80,100,30,114,182,139,125,58,151,175,197,1,117,98,157,136,137,158,54,12,193,172,39,107,55,14,13,111,52,40,132,129,15,9,28,105,69,159,38,144,109,155,73,99,106,4,115,152,35,161,102,186,133,76,112,104,31,53,34,108,51,50,198,174,16,194,29,154,60,179,27,43,127,96,171,141,11,22,64,79,42,119,148,83,86,199,81,153,7,24,150,10,185,62,120,178,46,180,191,121];False
1412;9183;10595;[41,196,48,10,78,145,100,129,8,94,112,1,189,72,105,99,141,17,45,15,173,18,25,120,24,197,26,9,77,193,67,118,147,65,87,106,130,22,38,14,3,2,75,12,165,153,122,127,39,73,6,76,50,53,93,110,30,134,58,86,181,82,23,151,54,158,121,92,117,98,187,142,81,52,108,74,183,83,7,79,185,148,167,61,59,36,46,5,27,133,96,157,138,178,152,56,66,126,198,159,174,19,131,29,154,156,160,71,69,190,43,128,85,164,111,192,40,124,150,139,33,13,172,195,182,37,60,35,88,135,140,194,31,171,116,57,186,113,84,89,162,146,119,28,4,97,51,0,199,62,102,115,34,114,55,155,184,161,80,137,177,169,191,11,104,20,163,170,95,91,90,125,149,32,68,63,49,109,175,143,101,16,136,144,70,168,64,103,21,180,107,188,179,176,42,47,132,166,123,44];False
3654;6872;10526;[20,190,188,87,130,5,42,119,132,142,136,115,101,181,68,48,63,118,44,140,124,94,75,36,145,196,113,61,45,138,123,82,187,128,134,195,33,183,65,126,143,160,91,6,77,149,189,148,173,116,168,17,84,122,2,97,0,85,19,26,176,3,89,49,170,95,40,93,66,135,74,56,21,92,147,67,32,165,169,23,163,25,70,90,41,88,164,37,156,71,8,184,162,109,72,78,131,110,167,59,80,100,30,114,182,139,125,58,151,175,197,1,117,98,157,28,137,158,54,57,193,172,39,107,55,14,13,111,52,18,12,129,15,9,103,105,69,159,38,144,146,155,73,99,106,4,192,152,35,161,102,186,133,76,112,104,31,53,34,108,51,50,198,174,16,194,29,154,60,179,27,43,127,96,171,141,11,22,64,79,177,47,166,83,86,199,81,153,7,24,150,10,185,62,120,178,46,180,191,121];False
3687;6860;10547;[73,74,188,87,130,5,42,119,132,89,115,116,18,181,68,48,63,118,44,140,124,94,75,36,145,196,113,61,45,138,65,82,187,128,134,195,33,183,162,126,143,160,91,6,77,149,189,148,173,103,123,168,84,122,2,97,0,85,19,26,176,3,136,49,170,95,167,93,66,135,20,56,21,92,147,67,32,165,169,23,163,25,70,90,41,88,164,37,156,71,8,184,190,109,72,78,131,110,101,59,80,100,30,114,182,139,125,58,151,175,197,1,117,98,157,142,137,158,54,57,193,172,39,107,55,14,13,111,52,40,12,129,15,9,28,105,69,159,38,144,146,155,31,99,106,4,192,152,35,161,102,186,133,76,112,104,17,53,34,108,51,50,198,174,16,194,29,154,60,179,27,43,127,96,171,141,11,22,64,79,177,47,166,83,86,199,81,153,7,24,150,10,185,62,120,178,46,180,191,121];True
4300;6786;11086;[73,53,155,87,130,5,42,47,26,89,115,152,18,181,68,48,63,118,44,140,124,94,75,36,145,196,113,61,45,138,65,82,187,128,134,195,33,183,190,126,143,160,91,6,77,149,189,148,173,116,123,17,84,122,2,97,0,85,19,132,176,3,136,49,170,95,167,93,66,135,20,56,21,92,147,67,32,165,169,23,163,25,70,90,41,88,164,37,156,71,8,184,162,109,72,78,131,110,101,59,80,100,30,114,182,139,125,58,151,175,197,1,117,98,157,142,137,158,54,57,193,172,39,107,55,14,13,111,52,40,12,129,15,9,28,105,69,159,38,144,146,188,168,99,106,4,192,103,35,161,102,186,133,76,112,104,31,74,34,108,51,50,198,174,16,194,29,154,60,179,27,43,127,96,171,141,11,22,64,79,177,199,166,83,86,119,81,153,7,24,150,10,185,62,120,178,46,180,191,121];False
4326;6770;11096;[73,20,188,87,130,5,179,47,26,89,115,152,18,181,68,48,63,118,44,140,124,94,75,36,145,196,113,61,45,138,65,82,187,128,134,195,33,183,162,126,143,160,91,6,77,149,189,148,173,116,123,168,84,122,2,97,0,85,19,132,176,3,136,49,170,95,167,93,66,135,53,56,21,92,147,67,32,165,169,23,163,25,70,90,41,88,164,37,156,71,8,184,190,109,72,78,131,110,101,59,80,100,30,114,182,139,125,58,151,175,197,1,117,98,157,142,137,158,54,57,193,172,39,107,55,14,13,111,52,40,12,129,15,9,28,105,69,159,38,144,146,155,17,99,106,4,192,103,35,161,102,186,133,76,112,104,31,74,34,108,51,50,198,174,16,194,29,154,60,42,27,43,127,96,171,141,11,22,64,79,177,199,166,83,86,119,81,153,7,24,150,10,185,62,120,178,46,180,191,121];True
4897;6733;11630;[198,174,118,10,130,5,171,120,26,145,115,152,186,7,15,51,106,20,44,140,124,168,164,196,125,6,113,61,45,138,123,82,187,128,134,195,33,94,190,126,143,160,91,75,77,149,189,148,173,116,65,4,84,122,2,97,0,85,18,132,176,3,136,49,170,95,167,93,66,135,48,50,21,92,147,67,32,165,169,23,163,25,70,90,41,88,146,37,156,71,8,184,162,109,72,78,131,110,101,59,80,100,30,114,182,139,36,58,151,175,197,1,117,98,157,142,137,158,54,57,193,172,39,107,55,14,13,111,52,40,87,181,68,9,28,105,69,159,38,144,56,63,73,99,155,178,192,103,35,161,102,12,133,76,112,104,31,183,34,108,188,74,53,17,16,194,29,154,60,179,27,43,127,96,42,141,11,22,64,79,177,199,166,83,86,119,81,153,129,24,150,19,185,62,47,89,46,180,191,121];False
5030;6719;11749;[198,29,147,78,130,5,179,47,26,145,115,152,186,129,139,123,106,20,44,140,124,168,164,190,174,196,113,61,45,138,51,82,187,128,134,195,33,94,118,126,143,160,91,75,77,149,189,7,173,116,65,4,84,122,2,97,0,85,18,132,176,3,136,49,170,95,167,93,66,135,48,50,21,92,90,67,32,165,169,23,163,25,70,125,6,88,146,37,156,71,8,184,162,109,72,41,131,110,101,59,80,100,30,114,182,15,36,58,151,175,197,1,117,98,157,142,137,158,54,57,193,172,39,107,55,14,13,111,52,40,87,181,68,9,28,105,69,159,38,144,56,63,73,99,155,178,192,103,35,161,102,12,133,76,112,104,31,183,34,108,188,74,53,17,16,194,19,154,60,42,27,43,127,96,171,141,11,22,64,79,177,199,148,83,86,119,81,153,166,24,150,10,185,62,120,89,46,180,191,121];True
5233;6713;11946;[198,174,125,196,130,5,42,47,26,89,115,77,153,7,139,48,106,20,190,183,124,168,164,45,19,41,113,61,145,138,123,82,187,128,134,195,33,94,118,126,143,160,91,75,152,149,189,148,173,116,65,4,84,122,2,97,0,85,18,132,176,3,136,49,170,95,167,93,66,135,51,50,21,92,90,67,32,165,169,23,163,25,29,147,6,88,70,37,156,71,8,184,162,109,72,78,131,110,101,59,80,100,30,114,182,15,36,58,151,175,197,1,117,98,157,142,137,158,54,57,193,172,39,107,55,14,13,111,52,40,87,181,68,9,28,105,69,159,38,144,56,63,140,99,73,74,192,103,35,161,102,12,133,76,112,104,31,53,146,108,188,44,155,17,16,194,34,154,60,179,27,43,127,96,171,141,11,22,64,79,177,199,166,83,86,119,81,186,129,24,150,10,185,62,120,178,46,180,191,121];False
5960;6691;12651;[73,140,69,127,54,120,89,46,152,18,185,175,12,7,85,15,135,198,19,33,183,17,154,38,178,13,197,123,29,71,44,91,52,2,83,59,93,138,124,94,118,48,34,90,149,163,186,148,173,116,65,192,10,95,61,97,0,77,57,26,145,3,136,49,170,103,105,74,20,156,106,194,51,50,82,67,32,165,169,23,75,36,98,25,1,88,70,37,21,92,8,184,190,109,72,78,111,128,171,110,80,100,30,114,182,139,125,187,158,62,189,130,5,122,157,84,131,79,42,27,193,172,39,107,55,14,147,196,167,40,87,181,68,9,28,162,108,102,132,144,56,63,146,99,16,159,164,41,35,161,191,174,101,134,112,104,31,53,180,4,188,168,155,126,143,142,115,86,60,179,47,43,133,76,151,141,11,58,64,96,177,199,166,22,195,119,81,153,129,24,150,6,137,117,113,66,176,160,45,121];False
6346;6685;13031;[50,56,147,172,54,120,89,160,152,18,185,175,12,7,85,15,135,198,19,33,183,17,154,38,178,13,197,123,29,71,44,91,52,2,83,59,93,138,124,94,118,48,34,90,149,163,186,148,173,116,65,192,10,95,61,97,0,77,57,26,145,3,136,137,170,103,105,74,20,156,31,194,51,73,82,67,32,165,169,23,75,36,98,25,1,88,70,37,21,92,8,184,190,109,72,78,111,128,171,110,80,100,30,114,182,139,41,187,158,62,189,130,5,122,157,84,131,79,42,27,193,115,39,107,55,14,125,196,167,40,87,181,68,9,28,162,108,102,132,144,146,63,140,99,16,159,164,69,35,161,191,174,101,134,112,104,106,53,180,4,188,168,155,126,143,142,49,127,60,179,47,43,133,76,151,141,11,58,64,96,177,199,166,22,195,119,81,153,129,24,150,6,86,117,113,66,176,46,45,121];False
6826;6671;13497;[34,84,67,80,58,158,141,119,132,89,137,133,5,185,54,52,189,28,38,14,72,118,10,36,184,66,46,44,91,190,109,56,73,74,143,23,69,159,15,135,37,8,71,48,92,90,131,59,93,3,169,142,191,61,145,94,13,86,7,77,176,35,97,128,57,2,167,107,123,50,146,51,20,17,82,78,170,18,75,161,115,25,105,4,6,88,70,108,21,106,154,122,197,162,125,163,171,110,129,24,130,127,30,114,182,139,178,136,101,175,85,1,117,120,157,173,186,79,42,27,193,172,39,32,55,155,33,192,165,40,87,181,68,9,103,140,147,196,95,144,156,180,188,65,53,183,164,41,149,152,102,62,98,134,112,104,99,63,31,198,138,168,29,126,16,194,19,49,60,179,12,43,187,76,151,148,83,111,64,96,177,199,166,22,195,11,81,153,47,26,150,174,100,0,113,116,124,160,45,121];False
6879;6653;13532;[34,90,67,83,86,128,141,119,132,89,137,133,12,185,54,52,189,28,38,14,136,118,10,36,184,66,46,44,23,190,109,48,73,74,143,91,69,159,15,135,37,8,71,56,92,84,131,59,93,3,169,142,191,61,145,94,13,111,7,77,176,35,97,171,57,2,167,107,123,50,146,51,20,17,82,78,170,18,75,161,115,25,105,4,6,88,70,108,21,106,154,122,197,162,125,163,158,110,129,24,130,127,30,114,182,139,178,72,101,175,85,1,117,120,157,173,186,79,42,27,193,172,39,32,55,155,33,192,165,40,87,181,68,9,103,140,147,196,95,144,156,180,188,65,53,183,164,41,149,152,102,62,11,134,112,104,99,63,31,198,138,168,29,126,16,194,19,49,60,179,5,43,187,76,151,148,80,58,64,96,177,199,166,22,195,98,81,153,47,26,150,174,100,0,113,116,124,160,45,121];True
6768;6676;13444;[198,174,196,83,86,128,141,119,132,89,137,133,5,185,54,52,195,95,38,14,72,118,10,36,184,66,46,44,23,190,109,56,73,74,143,91,69,159,15,135,37,8,71,48,92,90,131,59,93,3,169,142,191,61,145,94,13,111,7,77,176,35,97,171,57,2,167,107,123,50,146,51,20,17,82,78,170,18,75,161,115,25,105,4,6,88,70,108,21,106,154,122,197,162,125,163,158,110,129,24,130,127,30,114,182,139,178,136,101,175,85,1,117,120,157,173,186,79,42,27,193,172,39,32,55,155,33,192,165,40,87,181,68,9,103,140,147,67,28,144,156,180,188,65,53,183,164,41,149,152,102,62,11,134,112,104,99,63,31,34,138,168,29,126,16,194,19,49,60,179,12,43,187,76,151,148,80,58,64,96,177,199,166,22,189,98,81,153,47,26,150,84,100,0,113,116,124,160,45,121];False
7117;6647;13764;[34,84,67,163,158,42,141,11,89,75,137,133,12,185,54,52,189,28,38,14,72,118,10,36,184,66,46,44,23,190,109,56,73,74,143,91,69,159,15,135,37,8,71,48,92,90,131,59,93,3,169,142,191,61,145,94,13,111,7,77,176,35,97,171,57,2,167,107,123,50,146,51,20,17,82,78,170,18,132,161,115,25,105,4,6,88,70,108,21,106,154,122,197,162,125,49,86,110,129,24,130,127,30,114,182,139,178,136,101,175,85,1,117,120,157,173,186,79,128,27,193,172,39,32,55,155,33,192,165,40,87,181,68,9,103,140,147,196,95,144,156,180,188,65,53,183,164,41,149,152,102,62,98,134,112,104,99,63,31,198,138,168,29,126,16,194,19,83,60,179,5,43,187,76,151,148,80,58,64,96,177,199,166,22,195,119,81,153,47,26,150,174,100,0,113,116,124,160,45,121];False
7826;6629;14455;[50,56,71,174,149,83,59,57,132,75,163,133,12,185,111,36,169,115,89,3,161,159,15,135,53,34,46,44,23,190,109,10,184,51,29,91,69,28,8,37,94,198,188,48,92,90,131,148,93,14,178,191,66,61,145,84,13,151,7,38,176,35,97,128,52,2,167,107,123,146,155,65,118,17,82,18,0,77,196,170,129,25,105,4,6,88,70,108,21,106,154,122,197,24,72,78,86,110,171,189,49,127,30,114,182,139,180,137,158,175,85,1,117,120,157,173,186,79,42,27,193,172,39,32,55,125,33,192,165,40,87,181,68,9,103,162,147,67,95,144,156,63,31,143,160,183,164,41,152,130,102,62,5,134,112,104,99,73,74,20,138,168,140,126,16,194,19,98,60,179,47,43,187,76,101,141,11,58,64,96,177,199,166,22,195,119,81,153,80,26,150,136,100,54,113,116,124,142,45,121];False
8202;6596;14798;[73,174,67,136,149,83,59,57,132,75,163,133,12,185,111,26,169,115,89,46,161,159,15,135,53,180,118,44,23,190,109,10,184,51,34,91,69,28,8,37,94,198,188,48,92,90,131,148,93,14,178,191,66,61,145,84,13,151,7,38,176,35,97,128,52,2,167,107,123,50,155,65,194,17,82,18,0,77,196,170,129,25,105,4,6,88,70,108,21,106,154,122,197,24,72,78,86,110,171,189,49,127,30,114,182,139,29,137,158,175,85,1,117,120,157,173,186,79,42,27,193,172,39,32,55,125,33,192,165,40,87,181,68,9,103,162,147,3,95,144,156,146,31,143,160,183,164,41,152,130,102,62,5,134,112,104,99,63,74,20,138,168,140,126,16,71,19,98,60,179,47,43,187,76,101,141,11,58,64,96,177,199,166,22,195,119,81,153,80,36,150,56,100,54,113,116,124,142,45,121];False
8608;6565;15173;[50,194,34,136,149,83,59,57,132,75,163,133,12,185,111,26,169,84,89,3,161,159,15,135,142,115,46,44,37,190,109,10,184,51,174,91,69,28,8,118,180,198,188,48,92,90,131,148,93,14,178,23,66,61,145,94,13,151,7,38,176,35,97,128,52,2,167,107,123,73,155,65,53,17,82,18,0,77,196,170,129,25,105,4,6,88,70,108,21,106,154,122,197,24,72,78,86,110,171,189,49,127,30,114,182,139,29,137,158,175,85,1,117,120,157,173,186,79,42,27,193,172,39,32,55,125,33,192,165,40,87,181,68,9,103,162,147,67,95,144,156,146,31,143,191,183,164,41,152,130,102,62,5,134,112,104,99,63,74,20,138,168,140,126,16,71,19,98,60,179,47,43,187,76,101,141,11,58,64,96,177,199,166,22,195,119,81,153,80,36,150,56,100,54,113,116,124,160,45,121];False
8817;6554;15371;[50,174,67,36,149,83,59,57,132,75,137,133,12,185,128,95,169,84,89,3,161,159,15,135,194,115,46,44,37,190,109,10,184,51,34,91,69,28,8,118,180,53,188,48,92,90,131,148,93,14,178,142,66,61,145,94,13,151,7,38,176,35,97,111,52,2,167,107,123,73,155,65,198,17,82,18,0,77,196,170,129,25,105,4,6,88,70,108,21,106,154,122,197,24,72,78,86,110,171,189,49,127,30,114,182,139,29,163,158,175,85,1,117,120,157,173,186,79,42,27,193,172,39,32,55,125,33,192,165,40,87,181,68,9,103,162,147,23,136,144,156,146,31,143,191,183,164,41,152,130,102,62,5,134,112,104,99,63,74,20,138,168,140,126,16,71,19,98,60,179,47,43,187,76,101,141,11,58,64,96,177,199,166,22,195,119,81,153,80,26,150,56,100,54,113,116,124,160,45,121];False
9034;6540;15574;[73,174,23,136,149,83,59,57,132,152,163,86,12,185,133,26,169,84,89,3,161,159,15,135,194,115,46,44,37,190,109,10,184,51,34,91,69,28,8,118,180,53,188,48,92,90,131,148,93,14,178,142,66,61,145,94,13,151,7,38,176,35,97,128,52,2,167,107,123,50,155,65,198,17,82,18,0,77,196,170,129,25,105,4,6,88,70,108,21,106,154,122,197,24,72,78,111,110,171,189,49,127,30,114,182,139,29,137,158,175,85,1,117,120,157,173,186,79,42,27,193,172,39,32,55,125,33,192,165,40,87,181,68,9,103,162,147,67,95,144,156,146,31,143,191,183,164,41,75,130,102,62,5,134,112,104,99,63,74,20,138,168,140,126,16,71,19,98,60,179,47,43,187,76,101,141,11,58,64,96,177,199,166,22,195,119,81,153,80,36,150,56,100,54,113,116,124,160,45,121];True
8983;6548;15531;[50,174,67,36,149,11,59,98,3,161,163,86,151,185,54,57,169,84,89,23,136,160,15,135,194,115,46,44,37,190,109,10,184,51,34,91,69,28,8,118,180,159,188,48,92,90,131,148,93,14,178,142,191,61,145,94,13,12,7,38,176,35,97,128,52,2,167,107,123,73,155,65,198,17,82,49,133,18,132,170,77,25,105,4,6,88,70,108,21,106,154,122,197,24,72,78,111,110,171,189,130,127,30,114,182,139,29,137,158,175,85,1,117,120,157,173,186,79,42,27,193,172,39,32,55,125,33,192,165,40,87,181,68,9,103,162,147,196,95,144,156,146,31,143,53,183,164,41,75,152,102,62,5,134,112,104,99,63,74,20,138,168,140,126,16,71,19,83,60,179,47,43,187,76,101,141,80,58,64,96,177,199,166,22,195,119,81,153,129,26,150,56,100,0,113,116,124,66,45,121];False
9186;6539;15725;[73,174,67,36,149,11,59,57,132,75,163,86,12,185,133,98,193,84,89,3,161,159,15,135,194,115,46,44,37,190,109,10,184,51,34,91,69,28,8,118,180,53,188,48,92,90,131,148,93,14,178,142,66,61,145,94,13,151,7,38,176,35,97,128,52,2,167,107,123,50,155,65,198,17,82,18,0,95,196,170,77,25,105,4,6,88,70,108,21,106,154,122,197,24,72,78,111,110,171,189,49,127,30,114,182,139,29,137,158,175,85,1,117,120,157,173,186,79,42,27,169,172,39,32,55,125,33,192,165,40,87,181,68,9,103,162,147,23,136,144,156,146,31,143,191,183,164,41,152,130,102,62,5,134,112,104,99,63,74,20,138,168,140,126,16,71,19,83,60,179,47,43,187,76,101,141,80,58,64,96,177,199,166,22,195,119,81,153,129,26,150,56,100,54,113,116,124,160,45,121];False
9480;6527;16007;[73,174,23,136,149,11,59,57,132,152,163,86,151,185,133,98,193,84,89,3,161,159,15,135,194,115,46,44,37,190,109,10,184,51,34,91,69,28,8,118,180,53,188,48,92,90,131,148,93,14,178,142,66,61,145,94,13,12,7,38,176,35,97,128,52,2,167,107,123,50,155,65,198,17,82,18,0,36,196,170,77,25,105,4,6,88,70,108,21,106,154,122,197,24,72,78,111,110,171,189,49,127,30,114,182,139,29,137,158,175,85,1,117,120,157,173,186,79,42,27,169,172,39,32,55,125,33,192,165,40,87,181,68,9,103,162,147,67,95,144,156,146,31,143,191,183,164,41,75,130,102,62,5,134,112,104,99,63,74,20,138,168,140,126,16,71,19,83,60,179,47,43,187,76,101,141,80,58,64,96,177,199,166,22,195,119,81,153,129,26,150,56,100,54,113,116,124,160,45,121];False
2002;7302;9304;[180,123,129,162,19,87,121,178,111,132,130,84,77,112,93,147,66,157,103,105,74,188,144,31,142,117,167,61,45,138,41,49,78,128,42,57,197,146,190,126,143,160,91,1,33,124,44,196,36,46,140,92,82,23,189,81,0,85,22,26,176,193,109,20,170,95,38,139,9,4,70,194,34,198,174,184,35,67,32,72,163,25,51,8,16,125,11,113,156,71,165,65,37,94,173,18,131,110,101,59,80,100,30,134,148,195,97,58,151,175,7,191,181,68,118,6,137,158,54,52,119,187,39,107,55,14,13,172,12,89,75,149,15,135,53,183,69,159,164,90,28,155,73,99,106,136,115,152,2,161,102,86,133,76,122,116,104,17,145,56,21,108,192,40,169,182,29,154,60,177,27,43,127,96,171,141,98,114,64,79,179,47,88,5,186,199,83,153,166,24,150,10,185,62,120,3,168,50,48,63];True
1995;7323;9318;[50,143,129,162,19,87,121,178,111,132,130,84,77,112,93,147,66,157,103,197,74,188,144,31,142,117,167,61,45,138,41,49,78,128,42,57,136,9,190,126,118,160,91,1,33,124,180,196,36,46,140,92,82,23,189,81,0,85,22,26,176,193,109,20,170,95,38,139,146,4,105,194,34,198,174,184,35,67,32,72,163,25,51,8,16,125,11,113,156,71,165,65,37,94,173,18,131,110,101,59,80,100,30,134,148,195,97,58,175,151,7,191,181,68,123,6,137,158,54,52,119,187,39,107,55,14,13,172,12,89,75,149,15,135,53,183,69,159,164,90,28,155,73,99,106,70,115,152,2,161,102,86,133,76,122,116,104,17,145,56,21,108,192,40,169,182,29,154,60,177,27,43,127,96,171,141,98,114,64,79,179,47,88,5,186,199,83,153,166,24,150,10,185,62,120,3,168,44,48,63];True
1876;7499;9375;[13,172,12,22,26,178,147,3,2,130,84,117,77,112,106,24,66,157,103,105,74,188,93,118,10,110,167,61,45,138,41,49,78,128,42,57,37,121,162,126,143,160,91,1,33,124,94,196,36,182,140,92,82,23,189,81,87,85,104,46,146,193,136,144,170,95,38,139,19,20,51,149,34,194,180,123,176,67,32,72,163,25,70,65,16,190,11,113,156,71,165,184,31,8,173,18,131,0,101,59,80,100,30,134,148,195,97,137,175,151,7,191,181,68,198,142,58,158,54,52,119,187,39,107,55,14,90,111,132,89,75,4,15,135,53,183,69,159,164,9,28,155,73,99,109,50,115,152,35,161,102,86,133,76,122,116,44,125,145,56,21,108,192,40,169,129,29,154,60,177,27,43,127,96,171,141,98,114,64,79,179,47,88,5,186,199,83,153,166,174,150,6,185,62,120,197,168,17,48,63];True
2263;7163;9426;[50,4,121,162,147,6,129,19,172,12,130,84,77,112,93,46,66,157,103,105,74,188,144,31,142,117,167,61,45,138,41,49,78,128,42,57,197,146,118,126,143,160,91,1,33,124,180,196,36,184,140,92,82,23,189,81,0,85,22,26,176,193,109,190,170,95,38,139,65,20,70,194,34,198,174,178,2,67,32,72,163,25,51,8,16,125,11,113,156,71,165,87,37,94,173,18,131,110,101,59,80,100,30,134,148,195,97,58,175,151,7,191,181,68,123,9,137,158,54,52,119,187,39,107,55,14,13,111,132,89,75,149,15,135,53,183,69,159,164,90,28,155,73,99,106,136,115,152,35,161,102,86,133,76,122,116,104,17,145,56,21,108,192,40,169,182,29,154,60,177,27,43,127,96,171,141,98,114,64,79,179,47,88,5,186,199,83,153,166,24,150,10,185,62,120,3,168,44,48,63];False
2340;7127;9467;[50,21,174,178,9,37,94,118,172,132,130,117,77,112,93,184,66,157,103,105,74,188,144,31,142,195,167,61,45,138,41,49,78,128,42,57,3,121,162,126,143,160,91,1,33,124,147,196,36,46,140,92,82,23,189,81,0,85,22,26,176,193,109,190,170,95,38,139,65,20,51,149,34,198,146,4,84,67,32,72,163,25,70,19,16,125,11,113,156,71,165,87,194,8,173,18,131,110,101,59,80,100,30,134,148,2,97,58,175,151,7,191,181,68,123,6,137,158,54,52,119,187,39,107,55,14,13,111,12,89,75,129,15,135,53,183,69,159,164,90,28,155,73,99,106,136,115,152,35,161,102,86,133,76,122,116,104,17,145,56,180,108,192,40,169,182,29,154,60,177,27,43,127,96,171,141,98,114,64,79,179,47,88,5,186,199,83,153,166,24,150,10,185,62,120,197,168,44,48,63];False
1847;7569;9416;[180,172,12,167,22,26,176,3,2,130,84,117,77,112,31,29,66,157,103,105,74,188,144,118,147,0,101,61,45,138,178,9,78,128,42,57,37,121,162,126,143,160,91,1,33,124,94,196,36,182,140,92,82,23,189,81,87,85,104,20,146,193,109,93,170,95,38,139,19,194,51,149,34,127,175,123,49,67,32,72,137,25,70,65,16,190,11,113,156,71,165,184,125,8,173,18,131,110,41,59,80,100,30,134,148,195,97,58,6,151,7,191,181,68,198,142,163,158,54,52,119,187,39,107,55,14,13,197,132,89,75,4,15,135,53,183,69,159,164,90,28,155,73,99,106,136,115,152,35,161,102,86,133,76,122,116,120,46,145,56,21,108,192,40,169,129,24,154,60,177,27,43,111,96,171,141,98,114,64,79,179,47,88,5,186,199,83,153,166,174,150,10,185,62,44,50,168,17,48,63];False
1854;7568;9422;[104,172,12,22,81,93,147,3,2,130,84,117,77,112,193,24,66,157,103,105,74,188,144,118,10,0,167,61,45,138,41,88,78,128,42,57,37,121,162,126,143,160,91,1,33,124,94,196,36,46,140,92,82,23,189,49,87,106,136,26,146,159,9,178,170,95,38,139,19,20,51,149,34,194,180,123,176,67,32,72,163,25,70,65,16,55,11,113,156,71,165,184,31,8,173,18,131,110,101,59,80,100,30,134,148,195,97,137,175,151,7,191,181,68,198,142,58,158,54,52,29,187,39,107,85,14,13,111,132,89,75,4,15,135,53,183,69,190,164,90,28,155,73,99,109,50,115,152,35,161,102,86,133,76,122,116,17,125,145,56,21,108,192,40,169,129,119,154,60,177,27,43,127,96,171,141,98,114,64,79,179,47,182,5,186,199,83,153,166,174,150,6,185,62,120,197,168,44,48,63];False
1747;7696;9443;[194,172,12,22,26,178,120,3,2,130,84,117,77,112,31,29,66,157,103,105,74,188,144,118,147,0,101,61,45,138,167,180,78,128,42,57,37,121,162,126,143,160,91,1,33,124,94,196,52,182,140,92,82,23,189,81,87,85,104,20,146,193,109,93,170,95,38,139,19,9,51,149,34,127,175,123,176,67,32,72,137,25,70,65,16,190,11,113,156,71,165,184,125,8,173,18,131,110,41,59,80,100,30,134,148,195,97,58,6,43,7,191,181,68,198,142,163,158,54,36,119,187,39,107,55,14,13,197,132,89,75,4,15,135,53,183,69,159,164,90,28,155,73,99,106,136,115,152,35,161,102,86,133,76,122,116,49,46,145,56,21,108,192,40,169,129,24,154,60,177,27,151,111,96,171,141,98,114,64,79,179,47,88,5,186,199,83,153,166,174,150,10,185,62,44,50,168,17,48,63];True
1722;7743;9465;[180,172,12,22,26,176,120,3,2,130,106,117,77,112,31,29,66,157,103,105,74,188,93,164,147,0,101,61,45,138,126,185,78,128,42,57,37,121,162,146,118,10,91,1,33,124,94,196,36,182,140,92,82,23,189,81,87,85,104,20,167,193,136,144,62,95,38,139,19,194,51,149,34,127,175,123,90,67,32,72,137,25,170,65,16,190,11,113,156,71,165,184,125,8,173,18,131,110,41,59,80,100,30,134,148,195,97,58,6,43,7,191,181,68,198,142,163,158,54,52,119,187,39,107,55,14,13,197,132,89,75,4,15,135,53,183,69,159,9,151,28,155,73,99,84,70,115,152,35,161,102,86,133,76,122,116,49,46,145,56,21,108,192,40,169,129,24,154,60,177,27,178,111,96,171,141,98,114,64,79,179,47,88,5,186,199,83,153,166,174,150,160,143,109,44,50,168,17,48,63];False
1721;7748;9469;[180,172,12,22,26,176,120,3,2,130,84,117,77,112,31,24,66,157,103,105,74,188,93,164,100,0,101,61,45,55,126,185,78,128,42,57,37,121,162,146,118,10,91,1,33,124,94,196,36,182,140,92,82,23,189,81,87,85,104,20,167,193,136,144,62,95,38,139,19,194,51,149,34,127,175,123,90,67,32,72,137,25,170,65,16,190,11,113,156,71,165,184,125,8,173,18,131,110,41,59,80,147,30,134,148,195,97,58,6,43,7,191,181,68,198,142,163,158,54,52,119,187,39,107,138,178,13,197,132,89,75,4,15,135,53,183,69,159,9,14,28,155,73,99,106,70,115,152,35,161,102,86,133,76,122,116,49,46,145,56,21,108,192,40,169,129,29,154,60,177,27,151,111,96,171,141,98,114,64,79,179,47,88,5,186,199,83,153,166,174,150,160,143,109,44,50,168,17,48,63];False
1596;7966;9562;[180,172,12,22,26,178,120,3,2,130,106,117,77,112,31,29,66,157,103,44,74,188,93,90,100,0,101,61,45,138,126,185,78,128,42,57,37,121,162,146,118,10,91,1,33,124,94,196,52,182,140,92,82,23,189,81,87,85,104,20,167,193,164,144,181,95,38,139,19,194,51,149,34,127,175,123,136,67,32,72,137,25,170,65,9,190,11,113,156,71,165,184,125,8,173,18,131,110,41,59,80,147,30,134,148,195,97,58,6,43,7,191,62,68,198,142,163,158,54,36,119,187,39,107,55,14,13,197,132,89,75,4,15,135,53,183,69,159,16,105,28,155,73,99,84,70,115,152,35,161,102,86,133,76,122,116,49,46,145,56,21,108,192,40,169,129,24,154,60,177,27,151,111,96,171,141,98,114,64,79,179,47,88,5,186,199,83,153,166,174,150,160,143,109,176,50,168,17,48,63];True
2396;7110;9506;[50,146,180,178,9,37,94,118,172,12,130,117,77,112,93,46,66,157,103,105,74,188,144,31,149,2,167,61,45,138,41,49,78,128,42,57,3,121,162,126,143,160,91,1,33,124,147,196,36,184,140,92,82,23,189,81,0,85,22,26,176,193,109,190,170,95,38,139,65,20,51,142,34,198,174,4,84,67,32,72,163,25,70,19,16,125,11,113,156,71,165,87,194,8,173,18,131,110,101,59,80,100,30,134,148,195,97,58,175,151,7,191,181,68,123,6,137,158,54,52,119,187,39,107,55,14,13,111,132,89,75,129,15,135,53,183,69,159,164,90,28,155,73,99,106,136,115,152,35,161,102,86,133,76,122,116,104,17,145,56,21,108,192,40,169,182,29,154,60,177,27,43,127,96,171,141,98,114,64,79,179,47,88,5,186,199,83,153,166,24,150,10,185,62,120,197,168,44,48,63];False
1564;8096;9660;[198,155,29,154,141,119,44,7,130,107,105,146,118,178,192,183,104,17,53,162,173,18,57,120,24,197,15,135,32,159,82,134,121,10,123,90,41,22,38,85,168,50,94,60,49,153,185,127,39,148,69,28,129,8,93,46,55,165,42,166,59,36,23,12,54,151,175,83,117,98,78,171,81,52,150,140,92,100,58,79,177,95,167,61,181,65,76,5,27,133,96,157,138,45,188,87,66,126,124,86,112,40,51,106,143,160,80,71,9,190,43,128,14,164,111,195,25,37,145,139,33,13,137,158,182,109,21,73,6,56,63,31,142,115,152,102,186,113,196,89,26,176,72,74,4,97,131,0,199,62,1,189,108,84,99,174,184,161,156,147,3,169,191,11,194,180,163,170,103,91,35,125,149,34,187,114,68,116,20,67,193,16,136,144,70,19,64,101,122,172,77,2,110,30,179,47,132,75,88,48];False
2410;7099;9509;[50,146,180,4,109,31,147,37,172,12,130,117,77,112,93,118,66,157,103,105,74,188,144,44,19,2,167,61,45,138,41,49,78,128,42,57,3,121,162,126,143,160,91,1,33,124,94,196,36,46,140,92,82,23,189,81,0,85,22,26,176,193,16,178,170,95,38,139,65,20,51,149,34,198,174,184,84,67,32,72,163,25,70,6,9,190,11,113,156,71,165,87,194,8,173,18,131,110,101,59,80,100,30,134,148,195,97,58,175,151,7,191,181,68,123,142,137,158,54,52,119,187,39,107,55,14,13,111,132,89,75,129,15,135,53,183,69,159,164,90,28,155,73,99,106,136,115,152,35,161,102,86,133,76,122,116,104,125,145,56,21,108,192,40,169,182,29,154,60,177,27,43,127,96,171,141,98,114,64,79,179,47,88,5,186,199,83,153,166,24,150,10,185,62,120,197,168,17,48,63];True
2756;7008;9764;[34,118,146,190,109,70,6,193,172,12,130,22,195,112,93,147,66,157,103,105,74,188,87,37,174,149,167,61,45,138,41,49,78,128,42,57,3,121,162,126,143,160,91,1,33,124,94,196,36,44,140,92,82,23,189,81,0,85,19,26,176,46,9,178,170,95,38,139,123,20,51,50,31,194,180,4,84,67,32,72,163,25,144,65,16,117,77,113,156,71,165,2,184,8,173,18,131,110,101,59,80,100,30,134,148,11,97,58,175,151,7,191,181,68,198,142,137,158,54,52,119,187,39,107,55,14,13,111,132,89,75,129,15,135,53,183,69,159,164,90,28,155,73,99,106,136,115,152,35,161,102,86,133,76,122,116,104,125,145,56,21,108,192,40,169,182,29,154,60,177,27,43,127,96,171,141,98,114,64,79,179,47,88,5,186,199,83,153,166,24,150,10,185,62,120,197,168,17,48,63];False
2770;6996;9766;[34,103,105,190,109,147,6,193,172,12,130,22,195,112,93,118,66,157,20,51,74,188,87,37,174,149,167,61,45,138,41,49,78,128,42,57,3,121,162,126,143,160,91,1,33,124,94,196,36,44,140,92,82,23,189,81,0,85,19,26,176,46,9,178,191,95,38,139,144,146,123,50,31,194,180,4,84,67,32,72,163,25,70,65,16,117,77,113,156,71,165,2,184,8,173,18,131,110,101,59,80,100,30,134,148,11,97,58,175,151,7,170,181,68,198,142,137,158,54,52,119,187,39,107,55,14,13,111,132,89,75,129,15,135,53,183,69,159,164,90,28,155,73,99,106,136,115,152,35,161,102,86,133,76,122,116,104,125,145,56,21,108,192,40,169,182,29,154,60,177,27,43,127,96,171,141,98,114,64,79,179,47,88,5,186,199,83,153,166,24,150,10,185,62,120,197,168,17,48,63];True
1543;8233;9776;[29,71,63,69,141,119,148,7,130,107,105,44,140,178,192,183,154,50,53,162,173,18,57,120,24,197,15,118,198,159,82,134,121,10,123,90,41,22,38,150,168,58,100,60,49,153,185,127,39,187,147,67,129,8,93,46,55,165,42,166,59,36,23,12,54,151,175,83,117,98,78,171,81,52,174,135,14,94,146,79,177,95,167,61,181,65,76,5,27,133,96,157,138,45,188,87,66,126,124,86,112,40,51,106,143,160,80,28,9,190,43,128,85,164,111,195,25,37,145,139,33,13,137,158,182,109,21,73,6,56,92,31,142,115,152,102,186,113,196,89,26,176,72,74,4,97,131,0,199,62,1,189,108,84,34,155,184,161,156,104,3,169,191,11,194,180,163,170,103,91,35,125,149,32,99,114,68,20,116,17,193,16,136,144,70,19,64,101,122,172,77,2,110,30,179,47,132,75,88,48];False
2568;7062;9630;[20,146,31,190,109,118,6,193,172,12,130,22,195,112,93,147,66,157,103,105,74,188,87,37,174,149,167,61,45,123,41,49,78,128,42,57,3,121,162,126,143,160,2,1,33,124,94,196,36,44,140,92,82,23,189,81,0,85,19,26,176,46,9,178,170,95,38,139,144,138,51,50,34,194,180,4,84,67,32,72,163,25,70,65,16,117,77,113,156,71,165,91,184,8,173,18,131,110,101,59,80,100,30,134,148,11,97,58,175,151,7,191,181,68,198,142,137,158,54,52,119,187,39,107,55,14,13,111,132,89,75,129,15,135,53,183,69,159,164,90,28,155,73,99,106,136,115,152,35,161,102,86,133,76,122,116,104,125,145,56,21,108,192,40,169,182,29,154,60,177,27,43,127,96,171,141,98,114,64,79,179,47,88,5,186,199,83,153,166,24,150,10,185,62,120,197,168,17,48,63];False
3029;6975;10004;[20,56,34,190,109,147,6,193,172,59,36,22,195,112,93,118,66,157,103,105,74,188,87,37,174,149,167,61,45,138,41,49,78,128,42,57,3,121,162,126,143,160,91,1,33,124,94,196,130,104,140,92,82,23,189,81,0,85,19,26,176,46,9,178,170,95,38,139,144,48,146,50,31,194,180,4,84,67,32,72,163,25,70,65,16,117,77,113,156,71,165,2,184,8,173,18,131,110,101,151,80,100,30,134,148,11,97,58,175,12,7,191,181,68,198,142,137,158,54,52,119,187,39,107,55,14,13,111,132,89,75,129,15,135,53,183,69,159,164,90,28,155,73,99,106,136,115,152,35,161,102,86,133,76,122,116,44,125,145,123,21,108,192,40,169,182,29,154,60,177,27,43,127,96,171,141,98,114,64,79,179,47,88,5,186,199,83,153,166,24,150,10,185,62,120,197,168,17,51,63];False
1518;8608;10126;[92,49,102,122,114,3,2,129,72,105,99,73,140,178,192,10,123,17,8,94,173,18,25,120,24,197,15,9,150,143,67,75,147,65,124,168,130,22,38,21,135,14,60,151,7,153,187,127,39,107,85,76,50,53,93,100,30,134,58,86,181,82,23,12,54,158,121,142,117,98,78,110,81,52,106,118,183,83,26,79,185,148,167,61,59,36,46,5,41,133,96,157,138,45,188,87,66,126,198,159,174,1,51,29,154,156,160,71,69,190,43,128,101,164,111,88,40,37,145,139,33,13,172,195,182,109,141,35,6,56,189,194,31,171,152,57,186,113,196,89,162,146,28,74,4,97,131,0,199,62,44,34,108,20,55,155,184,161,80,137,177,169,191,11,104,180,163,170,95,91,90,125,149,32,68,63,27,116,175,165,193,16,136,144,70,19,64,103,112,84,77,115,179,176,42,47,132,166,119,48];True
3432;6932;10364;[50,198,180,41,187,117,113,9,172,132,166,22,195,112,2,169,191,93,66,157,20,188,87,37,174,149,167,61,45,138,104,125,78,128,42,57,3,121,162,126,143,160,91,77,33,124,94,196,130,103,140,17,82,23,189,81,0,85,19,26,176,46,184,142,170,95,38,139,144,63,51,56,21,92,147,4,84,67,32,72,163,25,70,16,194,173,8,190,156,71,165,193,168,31,6,18,131,110,101,59,80,100,30,134,148,11,97,58,175,151,7,1,181,68,123,89,137,158,54,52,12,49,39,107,55,14,13,111,119,145,75,129,15,135,53,183,69,159,164,90,28,155,73,99,106,136,115,152,35,161,102,86,133,76,122,116,65,118,109,74,34,108,192,40,36,182,29,154,60,177,27,43,127,96,171,141,98,114,64,79,179,47,88,5,186,199,83,153,197,24,150,10,185,62,120,178,105,44,48,146];False
3430;6924;10354;[56,188,144,132,130,5,42,22,38,178,192,89,18,181,68,48,63,118,44,140,124,94,75,36,145,196,113,61,45,138,65,82,187,128,134,195,33,183,162,126,143,160,91,6,77,149,189,148,173,103,123,17,84,122,2,97,0,85,19,26,176,116,16,49,170,95,167,93,66,135,53,146,21,92,147,3,32,165,169,142,163,25,70,90,41,88,40,37,156,71,8,184,168,31,72,78,131,110,101,59,80,100,30,52,182,139,125,58,151,175,197,1,117,98,157,136,137,158,54,12,193,172,39,107,55,14,13,111,114,119,67,129,15,9,28,105,69,159,164,190,109,155,73,99,106,4,115,152,35,161,102,186,133,76,112,104,74,194,34,108,51,50,198,174,23,20,29,154,60,179,27,43,127,96,171,141,11,57,64,79,177,47,166,83,86,199,81,153,7,24,150,10,185,62,120,87,46,180,191,121];False
1491;8849;10340;[14,113,61,19,64,101,75,175,145,143,160,105,93,118,48,99,141,86,45,15,173,18,25,115,24,197,26,9,109,20,129,72,147,65,92,106,196,22,38,174,1,2,110,12,165,153,122,127,39,73,87,76,50,51,74,100,30,134,137,187,181,82,23,151,54,158,121,6,49,112,31,142,81,52,108,53,183,83,77,79,185,148,167,189,59,36,46,5,27,133,96,157,138,41,152,56,66,126,198,159,140,182,111,29,154,156,117,71,69,190,43,128,85,164,178,192,40,124,150,139,33,13,172,195,10,78,60,35,88,135,34,194,130,171,116,57,186,98,84,89,162,146,119,28,4,97,131,67,199,62,102,120,3,114,55,155,184,161,80,58,177,169,191,11,104,193,163,170,95,91,90,125,149,32,68,63,37,7,0,94,8,16,136,144,70,168,17,103,21,180,107,188,179,176,42,47,132,166,123,44];False
1443;8968;10411;[14,113,61,19,49,145,100,0,101,174,118,10,94,196,48,99,141,86,45,15,173,18,25,115,24,197,26,9,7,20,129,72,147,65,92,106,130,22,38,34,3,2,75,12,165,153,122,127,39,73,87,76,50,53,93,110,30,134,137,111,181,82,23,151,54,158,121,6,64,112,187,142,81,52,108,74,183,83,17,79,185,148,167,189,59,36,46,5,27,133,96,157,138,41,152,56,66,126,198,159,140,182,51,29,154,156,160,71,69,190,43,128,85,164,178,192,40,124,150,139,33,13,172,195,117,78,60,35,88,135,105,194,31,171,116,57,186,98,84,89,162,146,119,28,4,97,131,67,199,62,102,120,1,114,55,155,184,161,80,58,177,169,191,11,104,193,163,170,95,91,90,125,149,32,68,63,37,109,175,143,8,16,136,144,70,168,77,103,21,180,107,188,179,176,42,47,132,166,123,44];False
3599;6888;10487;[20,190,188,93,130,5,179,47,57,3,192,89,18,181,68,48,63,118,44,140,124,94,75,36,145,196,113,61,45,138,65,82,187,128,134,195,33,183,162,126,143,160,91,6,77,149,189,166,173,103,168,17,84,122,2,97,0,85,19,26,176,116,142,49,170,95,167,87,66,135,74,56,21,92,147,67,32,165,169,23,163,25,70,90,41,88,164,37,156,71,8,184,123,146,72,78,131,110,101,59,80,100,30,114,182,139,125,58,151,175,197,1,117,98,157,136,137,158,54,12,193,172,39,107,55,14,13,111,52,40,132,129,15,9,28,105,69,159,38,144,109,155,73,99,106,4,115,152,35,161,102,186,133,76,112,104,31,53,34,108,51,50,198,174,16,194,29,154,60,177,27,43,127,96,171,141,11,22,64,79,42,119,148,83,86,199,81,153,7,24,150,10,185,62,120,178,46,180,191,121];True
1407;9187;10594;[41,196,48,10,78,145,100,129,8,94,112,1,189,72,105,99,141,17,45,15,173,18,25,120,24,197,26,9,77,193,67,118,147,65,87,106,130,22,38,34,3,2,75,12,165,153,122,127,39,73,6,76,50,53,93,110,30,134,58,86,181,82,23,151,54,158,121,92,117,98,187,142,81,52,108,74,183,83,7,79,185,148,167,61,59,36,46,5,27,133,96,157,138,178,152,56,66,126,198,159,174,19,131,29,154,156,160,71,69,190,43,128,85,164,111,192,40,124,150,139,33,13,172,195,182,37,60,35,88,135,140,194,31,171,116,57,186,113,84,89,162,146,119,28,4,97,51,0,199,62,102,115,14,114,55,155,184,161,80,137,177,169,191,11,104,20,163,170,95,91,90,125,149,32,68,63,49,109,175,143,101,16,136,144,70,168,64,103,21,180,107,188,179,176,42,47,132,166,123,44];True
3621;6886;10507;[20,190,188,93,130,5,42,119,132,142,136,115,101,181,68,48,63,118,44,140,124,94,75,36,145,196,113,61,45,138,123,82,187,128,134,195,33,183,65,126,143,160,91,6,77,149,189,148,173,116,168,17,84,122,2,97,0,85,19,26,176,3,89,49,170,95,40,87,66,135,74,56,21,92,147,67,32,165,169,23,163,25,70,90,41,88,164,37,156,71,8,184,162,109,72,78,131,110,167,59,80,100,30,114,182,139,125,58,151,175,197,1,117,98,157,28,137,158,54,57,193,172,39,107,55,14,13,111,52,18,12,129,15,9,103,105,69,159,38,144,146,155,73,99,106,4,192,152,35,161,102,186,133,76,112,104,31,53,34,108,51,50,198,174,16,194,29,154,60,179,27,43,127,96,171,141,11,22,64,79,177,47,166,83,86,199,81,153,7,24,150,10,185,62,120,178,46,180,191,121];False
3759;6856;10615;[73,74,188,87,130,5,177,119,132,89,115,116,18,181,68,48,63,118,44,140,124,94,75,36,145,196,113,61,45,138,65,82,187,128,134,195,33,183,162,126,143,160,91,6,77,149,189,148,173,103,123,168,84,122,2,97,0,85,19,26,176,3,136,49,170,95,167,93,66,135,20,56,21,92,147,67,32,165,169,23,163,25,70,90,41,88,164,37,156,71,8,184,190,109,72,78,131,110,101,59,80,100,30,114,182,139,125,58,151,175,197,1,117,98,157,142,137,158,54,57,193,172,39,107,55,14,13,111,52,40,12,129,15,9,28,105,69,159,38,144,146,155,31,99,106,4,192,152,35,161,102,186,133,76,112,104,17,53,34,108,51,50,198,174,16,194,29,154,60,179,27,43,127,96,171,141,11,22,64,79,42,47,166,83,86,199,81,153,7,24,150,10,185,62,120,178,46,180,191,121];False
4295;6788;11083;[73,53,155,87,130,5,42,47,26,89,115,152,76,181,68,48,63,118,44,140,124,94,75,36,145,196,113,61,45,138,65,82,187,128,134,195,33,183,190,126,143,160,91,6,77,149,189,148,173,116,123,17,84,122,2,97,0,85,19,132,176,3,136,49,170,95,167,93,66,135,20,56,21,92,147,67,32,165,169,23,163,25,70,90,41,88,164,37,156,71,8,184,162,109,72,78,131,110,101,59,80,100,30,114,182,139,125,58,151,175,197,1,117,98,157,142,137,158,54,57,193,172,39,107,55,14,13,111,52,40,12,129,15,9,28,105,69,159,38,144,146,188,168,99,106,4,192,103,35,161,102,186,133,18,112,104,31,74,34,108,51,50,198,174,16,194,29,154,60,179,27,43,127,96,171,141,11,22,64,79,177,199,166,83,86,119,81,153,7,24,150,10,185,62,120,178,46,180,191,121];False
4572;6763;11335;[73,20,188,61,130,5,179,47,26,89,115,152,18,181,68,48,63,118,44,140,124,94,75,36,145,196,113,87,45,138,65,82,187,128,134,195,33,183,162,126,143,160,91,6,77,149,189,148,173,116,123,168,84,122,2,97,0,85,19,132,176,3,136,49,170,95,167,93,66,135,53,56,21,92,147,67,32,165,169,23,163,25,70,90,41,88,164,37,156,71,8,184,190,109,72,78,131,110,101,59,80,100,30,114,182,139,125,58,151,175,197,1,117,98,157,142,137,158,54,57,193,172,39,107,55,14,13,111,52,40,12,129,15,9,28,105,69,159,38,144,146,155,17,99,106,4,192,103,35,161,102,186,133,76,112,104,31,74,34,108,51,50,198,174,16,194,29,154,60,42,27,43,127,96,171,141,11,22,64,79,177,199,166,83,86,119,81,153,7,24,150,10,185,62,120,178,46,180,191,121];False
4952;6731;11683;[198,174,118,196,130,5,171,120,26,145,115,152,186,7,15,51,106,20,44,140,124,168,164,10,125,6,113,61,45,138,123,82,187,128,134,195,33,94,190,126,143,160,91,75,77,149,189,148,173,116,65,4,84,122,2,97,0,85,18,132,176,3,136,49,170,95,167,93,66,135,48,50,21,92,147,67,32,165,169,23,163,25,70,90,41,88,146,37,156,71,8,184,162,109,72,78,131,110,101,59,80,100,30,114,182,139,36,58,151,175,197,1,117,98,157,142,137,158,54,57,193,172,39,107,55,14,13,111,52,40,87,181,68,9,28,105,69,159,38,144,56,63,73,99,155,178,192,103,35,161,102,12,133,76,112,104,31,183,34,108,188,74,53,17,16,194,29,154,60,179,27,43,127,96,42,141,11,22,64,79,177,199,166,83,86,119,81,153,129,24,150,19,185,62,47,89,46,180,191,121];False
5088;6718;11806;[198,146,147,78,130,5,179,47,26,145,115,152,186,129,139,123,106,20,44,140,124,168,164,190,174,196,113,61,45,138,51,82,187,128,134,195,33,94,118,126,143,160,91,75,77,149,189,7,173,116,65,4,84,122,2,97,0,85,18,132,176,3,136,49,170,95,167,93,66,135,48,50,21,92,90,67,32,165,169,23,163,25,70,125,6,88,29,37,156,71,8,184,162,109,72,41,131,110,101,59,80,100,30,114,182,15,36,58,151,175,197,1,117,98,157,142,137,158,54,57,193,172,39,107,55,14,13,111,52,40,87,181,68,9,28,105,69,159,38,144,56,63,73,99,155,178,192,103,35,161,102,12,133,76,112,104,31,183,34,108,188,74,53,17,16,194,19,154,60,42,27,43,127,96,171,141,11,22,64,79,177,199,148,83,86,119,81,153,166,24,150,10,185,62,120,89,46,180,191,121];False
5334;6709;12043;[198,174,125,196,130,5,179,47,26,89,115,77,153,7,139,48,106,20,190,183,124,168,164,45,19,41,113,61,145,138,123,82,187,128,134,195,33,94,118,126,143,160,91,75,152,149,189,148,173,116,65,4,84,122,2,97,0,85,18,132,176,3,136,49,170,95,167,93,66,135,51,50,21,92,90,67,32,165,169,23,163,25,29,147,6,88,70,37,156,71,8,184,162,109,72,78,131,110,101,59,80,100,30,114,182,15,36,58,151,175,197,1,117,98,157,142,137,158,54,57,193,172,39,107,55,14,13,111,52,40,87,181,68,9,28,105,69,159,38,144,56,63,140,99,73,74,192,103,35,161,102,12,133,76,112,104,31,53,146,108,188,44,155,17,16,194,34,154,60,42,27,43,127,96,171,141,11,22,64,79,177,199,166,83,86,119,81,186,129,24,150,10,185,62,120,178,46,180,191,121];False
6014;6687;12701;[73,140,41,127,54,120,89,46,152,18,185,175,12,7,85,15,135,198,19,33,183,17,154,38,178,13,197,123,29,71,44,91,52,2,83,59,93,138,124,94,118,48,34,90,149,163,186,148,173,116,65,192,10,95,61,97,0,77,57,26,145,3,136,49,170,103,105,74,20,156,106,194,51,50,82,67,32,165,169,23,75,36,98,25,1,88,70,37,21,92,8,184,190,109,72,78,111,128,171,110,80,100,30,114,182,139,125,187,158,62,189,130,5,122,157,84,131,79,42,27,193,172,39,107,55,14,147,196,167,40,87,181,68,9,28,162,108,102,132,144,56,63,146,99,16,159,164,69,35,161,191,174,101,134,112,104,31,53,180,4,188,168,155,126,143,142,115,86,60,179,47,43,133,76,151,141,11,58,64,96,177,199,166,22,195,119,81,153,129,24,150,6,137,117,113,66,176,160,45,121];False
6412;6679;13091;[50,56,147,172,54,120,89,3,152,18,185,175,12,7,85,15,135,198,19,33,183,17,154,38,178,13,197,123,29,71,44,91,52,2,83,59,93,138,124,94,118,48,34,90,149,163,186,148,173,116,65,192,10,95,61,97,0,77,57,26,145,160,136,137,170,103,105,74,20,156,31,194,51,73,82,67,32,165,169,23,75,36,98,25,1,88,70,37,21,92,8,184,190,109,72,78,111,128,171,110,80,100,30,114,182,139,41,187,158,62,189,130,5,122,157,84,131,79,42,27,193,115,39,107,55,14,125,196,167,40,87,181,68,9,28,162,108,102,132,144,146,63,140,99,16,159,164,69,35,161,191,174,101,134,112,104,106,53,180,4,188,168,155,126,143,142,49,127,60,179,47,43,133,76,151,141,11,58,64,96,177,199,166,22,195,119,81,153,129,24,150,6,86,117,113,66,176,46,45,121];False
6830;6669;13499;[198,84,67,80,58,158,141,119,132,89,137,133,5,185,54,52,189,28,38,14,72,118,10,36,184,66,46,44,91,190,109,56,73,74,143,23,69,159,15,135,37,8,71,48,92,90,131,59,93,3,169,142,191,61,145,94,13,86,7,77,176,35,97,128,57,2,167,107,123,50,146,51,20,17,82,78,170,18,75,161,115,25,105,4,6,88,70,108,21,106,154,122,197,162,125,163,171,110,129,24,130,127,30,114,182,139,178,136,101,175,85,1,117,120,157,173,186,79,42,27,193,172,39,32,55,155,33,192,165,40,87,181,68,9,103,140,147,196,95,144,156,180,188,65,53,183,164,41,149,152,102,62,98,134,112,104,99,63,31,34,138,168,29,126,16,194,19,49,60,179,12,43,187,76,151,148,83,111,64,96,177,199,166,22,195,11,81,153,47,26,150,174,100,0,113,116,124,160,45,121];False
6807;6670;13477;[180,90,67,83,86,128,141,119,132,89,137,133,12,185,54,52,189,28,38,14,136,118,10,36,184,66,46,44,23,190,109,48,73,74,143,91,69,159,15,135,37,8,71,56,92,84,131,59,93,3,169,142,191,61,145,94,13,111,7,77,176,35,97,171,57,2,167,107,123,50,146,51,20,17,82,78,170,18,75,161,115,25,105,4,6,88,70,108,21,106,154,122,197,162,125,163,158,110,129,24,130,127,30,114,182,139,178,72,101,175,85,1,117,120,157,173,186,79,42,27,193,172,39,32,55,155,33,192,165,40,87,181,68,9,103,140,147,196,95,144,156,34,188,65,53,183,164,41,149,152,102,62,11,134,112,104,99,63,31,198,138,168,29,126,16,194,19,49,60,179,5,43,187,76,151,148,80,58,64,96,177,199,166,22,195,98,81,153,47,26,150,174,100,0,113,116,124,160,45,121];False
6750;6678;13428;[198,174,196,83,86,128,42,119,132,89,137,133,5,185,54,52,195,95,38,14,72,118,10,36,184,66,46,44,23,190,109,56,73,74,143,91,69,159,15,135,37,8,71,48,92,90,131,59,93,3,169,142,191,61,145,94,13,111,7,77,176,35,97,171,57,2,167,107,123,50,146,51,20,17,82,78,170,18,75,161,115,25,105,4,6,88,70,108,21,106,154,122,197,162,125,163,158,110,129,24,130,127,30,114,182,139,178,136,101,175,85,1,117,120,157,173,186,79,141,27,193,172,39,32,55,155,33,192,165,40,87,181,68,9,103,140,147,67,28,144,156,180,188,65,53,183,164,41,149,152,102,62,11,134,112,104,99,63,31,34,138,168,29,126,16,194,19,49,60,179,12,43,187,76,151,148,80,58,64,96,177,199,166,22,189,98,81,153,47,26,150,84,100,0,113,116,124,160,45,121];False
7121;6645;13766;[198,84,67,163,158,42,141,11,89,75,137,133,12,185,54,52,189,28,38,14,72,118,10,36,184,66,46,44,23,190,109,56,73,74,143,91,69,159,15,135,37,8,71,48,92,90,131,59,93,3,169,142,191,61,145,94,13,111,7,77,176,35,97,171,57,2,167,107,123,50,146,51,20,17,82,78,170,18,132,161,115,25,105,4,6,88,70,108,21,106,154,122,197,162,125,49,86,110,129,24,130,127,30,114,182,139,178,136,101,175,85,1,117,120,157,173,186,79,128,27,193,172,39,32,55,155,33,192,165,40,87,181,68,9,103,140,147,196,95,144,156,180,188,65,53,183,164,41,149,152,102,62,98,134,112,104,99,63,31,34,138,168,29,126,16,194,19,83,60,179,5,43,187,76,151,148,80,58,64,96,177,199,166,22,195,119,81,153,47,26,150,174,100,0,113,116,124,160,45,121];True
7812;6620;14432;[50,34,71,174,149,83,59,57,132,75,163,133,12,185,111,36,169,115,89,3,161,159,15,135,53,56,46,44,23,190,109,10,184,51,29,91,69,28,8,37,94,198,188,48,92,90,131,148,93,14,178,191,66,61,145,84,13,151,7,38,176,35,97,128,52,2,167,107,123,146,155,65,118,17,82,18,0,77,196,170,129,25,105,4,6,88,70,108,21,106,154,122,197,24,72,78,86,110,171,189,49,127,30,114,182,139,180,137,158,175,85,1,117,120,157,173,186,79,42,27,193,172,39,32,55,125,33,192,165,40,87,181,68,9,103,162,147,67,95,144,156,63,31,143,160,183,164,41,152,130,102,62,5,134,112,104,99,73,74,20,138,168,140,126,16,194,19,98,60,179,47,43,187,76,101,141,11,58,64,96,177,199,166,22,195,119,81,153,80,26,150,136,100,54,113,116,124,142,45,121];True
8253;6595;14848;[50,174,67,136,149,83,59,57,132,75,163,133,12,185,111,26,169,115,89,46,161,159,15,135,53,180,118,44,23,190,109,10,184,51,34,91,69,28,8,37,94,198,188,48,92,90,131,148,93,14,178,191,66,61,145,84,13,151,7,38,176,35,97,128,52,2,167,107,123,73,155,65,194,17,82,18,0,77,196,170,129,25,105,4,6,88,70,108,21,106,154,122,197,24,72,78,86,110,171,189,49,127,30,114,182,139,29,137,158,175,85,1,117,120,157,173,186,79,42,27,193,172,39,32,55,125,33,192,165,40,87,181,68,9,103,162,147,3,95,144,156,146,31,143,160,183,164,41,152,130,102,62,5,134,112,104,99,63,74,20,138,168,140,126,16,71,19,98,60,179,47,43,187,76,101,141,11,58,64,96,177,199,166,22,195,119,81,153,80,36,150,56,100,54,113,116,124,142,45,121];False
8537;6570;15107;[50,34,194,136,149,83,59,57,132,75,163,133,12,185,111,26,169,84,89,3,161,159,15,135,142,115,46,44,37,190,109,10,184,51,174,91,69,28,8,118,180,198,188,48,92,90,131,148,93,14,178,23,66,61,145,94,13,151,7,38,176,35,97,128,52,2,167,107,123,73,155,65,53,17,82,18,0,77,196,170,129,25,105,4,6,88,70,108,21,106,154,122,197,24,72,78,86,110,171,189,49,127,30,114,182,139,29,137,158,175,85,1,117,120,157,173,186,79,42,27,193,172,39,32,55,125,33,192,165,40,87,181,68,9,103,162,147,67,95,144,156,146,31,143,191,183,164,41,152,130,102,62,5,134,112,104,99,63,74,20,138,168,140,126,16,71,19,98,60,179,47,43,187,76,101,141,11,58,64,96,177,199,166,22,195,119,81,153,80,36,150,56,100,54,113,116,124,160,45,121];False
8747;6559;15306;[50,174,67,36,149,83,59,57,132,75,163,133,12,185,128,95,169,84,89,3,161,159,15,135,194,115,46,44,37,190,109,10,184,51,34,91,69,28,8,118,180,53,188,48,92,90,131,148,93,14,178,142,66,61,145,94,13,151,7,38,176,35,97,111,52,2,167,107,123,73,155,65,198,17,82,18,0,77,196,170,129,25,105,4,6,88,70,108,21,106,154,122,197,24,72,78,86,110,171,189,49,127,30,114,182,139,29,137,158,175,85,1,117,120,157,173,186,79,42,27,193,172,39,32,55,125,33,192,165,40,87,181,68,9,103,162,147,23,136,144,156,146,31,143,191,183,164,41,152,130,102,62,5,134,112,104,99,63,74,20,138,168,140,126,16,71,19,98,60,179,47,43,187,76,101,141,11,58,64,96,177,199,166,22,195,119,81,153,80,26,150,56,100,54,113,116,124,160,45,121];True
9085;6539;15624;[50,174,23,136,149,83,59,57,132,152,163,86,12,185,133,26,169,84,89,3,161,159,15,135,194,115,46,44,37,190,109,10,184,51,34,91,69,28,8,118,180,53,188,48,92,90,131,148,93,14,178,142,66,61,145,94,13,151,7,38,176,35,97,128,52,2,167,107,123,73,155,65,198,17,82,18,0,77,196,170,129,25,105,4,6,88,70,108,21,106,154,122,197,24,72,78,111,110,171,189,49,127,30,114,182,139,29,137,158,175,85,1,117,120,157,173,186,79,42,27,193,172,39,32,55,125,33,192,165,40,87,181,68,9,103,162,147,67,95,144,156,146,31,143,191,183,164,41,75,130,102,62,5,134,112,104,99,63,74,20,138,168,140,126,16,71,19,98,60,179,47,43,187,76,101,141,11,58,64,96,177,199,166,22,195,119,81,153,80,36,150,56,100,54,113,116,124,160,45,121];True
8810;6554;15364;[50,174,67,36,149,11,59,98,3,161,163,86,151,185,54,57,169,84,89,23,136,160,15,135,194,115,46,44,37,190,109,66,184,51,34,91,69,28,8,118,180,159,188,48,92,90,131,148,93,14,178,142,191,61,145,94,13,12,7,38,176,35,97,128,52,2,167,107,123,73,155,65,198,17,82,49,133,18,132,170,77,25,105,4,6,88,70,108,21,106,154,122,197,24,72,78,111,110,171,189,130,127,30,114,182,139,29,137,158,175,85,1,117,120,157,173,186,79,42,27,193,172,39,32,55,125,33,192,165,40,87,181,68,9,103,162,147,196,95,144,156,146,31,143,53,183,164,41,75,152,102,62,5,134,112,104,99,63,74,20,138,168,140,126,16,71,19,83,60,179,47,43,187,76,101,141,80,58,64,96,177,199,166,22,195,119,81,153,129,26,150,56,100,0,113,116,124,10,45,121];True
9478;6528;16006;[73,174,23,136,149,80,59,57,132,152,163,86,151,185,133,98,193,84,89,3,161,159,15,135,194,115,46,44,37,190,109,10,184,51,34,91,69,28,8,118,180,53,188,48,92,90,131,148,93,14,178,142,66,61,145,94,13,12,7,38,176,35,97,128,52,2,167,107,123,50,155,65,198,17,82,18,0,36,196,170,77,25,105,4,6,88,70,108,21,106,154,122,197,24,72,78,111,110,171,189,49,127,30,114,182,139,29,137,158,175,85,1,117,120,157,173,186,79,42,27,169,172,39,32,55,125,33,192,165,40,87,181,68,9,103,162,147,67,95,144,156,146,31,143,191,183,164,41,75,130,102,62,5,134,112,104,99,63,74,20,138,168,140,126,16,71,19,83,60,179,47,43,187,76,101,141,11,58,64,96,177,199,166,22,195,119,81,153,129,26,150,56,100,54,113,116,124,160,45,121];False
1998;7312;9310;[180,123,129,162,22,87,121,178,111,132,130,84,77,112,93,147,66,157,103,105,74,188,144,31,142,117,167,61,45,138,41,49,78,128,42,57,197,146,190,126,143,160,91,1,33,124,44,196,36,46,140,92,82,23,189,81,0,85,19,26,176,193,109,20,170,95,38,139,9,4,70,194,34,198,174,184,35,67,32,72,163,25,51,8,16,125,11,113,156,71,165,65,37,94,173,18,131,110,101,59,80,100,30,134,148,195,97,58,151,175,7,191,181,68,118,6,137,158,54,52,119,187,39,107,55,14,13,172,12,89,75,149,15,135,53,183,69,159,164,90,28,155,73,99,106,136,115,152,2,161,102,86,133,76,122,116,104,17,145,56,21,108,192,40,169,182,29,154,60,177,27,43,127,96,171,141,98,114,64,79,179,47,88,5,186,199,83,153,166,24,150,10,185,62,120,3,168,50,48,63];True
1925;7401;9326;[9,143,129,162,19,87,121,178,111,132,130,84,77,112,93,147,66,157,103,197,74,188,144,31,142,117,167,61,45,138,41,49,78,128,42,57,136,50,190,126,118,160,91,1,33,124,180,196,36,46,140,92,82,23,189,81,0,85,22,26,176,193,109,20,170,95,38,139,146,4,105,194,34,198,174,184,35,67,32,72,163,25,51,8,16,125,11,113,156,71,165,65,37,94,173,18,131,110,101,59,80,100,30,134,148,195,97,58,175,151,7,191,181,68,123,6,137,158,54,52,119,187,39,107,55,14,13,172,12,89,75,149,15,135,53,183,69,159,164,90,28,155,73,99,106,70,115,152,2,161,102,86,133,76,122,116,104,17,145,56,21,108,192,40,169,182,29,154,60,177,27,43,127,96,171,141,98,114,64,79,179,47,88,5,186,199,83,153,166,24,150,10,185,62,120,3,168,44,48,63];True
1896;7461;9357;[90,172,12,22,26,178,147,3,2,130,84,117,77,112,106,24,66,157,103,105,74,188,93,118,10,110,167,61,45,138,41,49,78,128,42,57,37,121,162,126,143,160,91,1,33,124,94,196,36,182,140,92,82,23,189,81,87,85,104,46,146,193,136,144,170,95,38,139,19,20,51,149,34,194,180,123,176,67,32,72,163,25,70,65,16,190,11,113,156,71,165,184,31,8,173,18,131,0,101,59,80,100,30,134,148,195,97,137,175,151,7,191,181,68,198,142,58,158,54,52,119,187,39,107,55,14,13,111,132,89,75,4,15,135,53,183,69,159,164,9,28,155,73,99,109,50,115,152,35,161,102,86,133,76,122,116,44,125,145,56,21,108,192,40,169,129,29,154,60,177,27,43,127,96,171,141,98,114,64,79,179,47,88,5,186,199,83,153,166,174,150,6,185,62,120,197,168,17,48,63];True
2241;7164;9405;[50,4,121,162,147,6,129,19,172,12,130,84,77,112,93,184,66,157,103,105,74,188,144,31,142,117,167,61,45,138,41,49,78,128,42,57,197,146,118,126,143,160,91,1,33,124,180,196,36,46,140,92,82,23,189,81,0,85,22,26,176,193,109,190,170,95,38,139,65,20,70,194,34,198,174,178,2,67,32,72,163,25,51,8,16,125,11,113,156,71,165,87,37,94,173,18,131,110,101,59,80,100,30,134,148,195,97,58,175,151,7,191,181,68,123,9,137,158,54,52,119,187,39,107,55,14,13,111,132,89,75,149,15,135,53,183,69,159,164,90,28,155,73,99,106,136,115,152,35,161,102,86,133,76,122,116,104,17,145,56,21,108,192,40,169,182,29,154,60,177,27,43,127,96,171,141,98,114,64,79,179,47,88,5,186,199,83,153,166,24,150,10,185,62,120,3,168,44,48,63];False
2294;7132;9426;[50,21,174,178,9,37,94,118,172,12,130,117,77,112,93,184,66,157,103,105,74,188,144,31,142,195,167,61,45,138,41,49,78,128,42,57,3,121,162,126,143,160,91,1,33,124,147,196,36,46,140,92,82,23,189,81,0,85,22,26,176,193,109,190,170,95,38,139,65,20,51,149,34,198,146,4,84,67,32,72,163,25,70,19,16,125,11,113,156,71,165,87,194,8,173,18,131,110,101,59,80,100,30,134,148,2,97,58,175,151,7,191,181,68,123,6,137,158,54,52,119,187,39,107,55,14,13,111,132,89,75,129,15,135,53,183,69,159,164,90,28,155,73,99,106,136,115,152,35,161,102,86,133,76,122,116,104,17,145,56,180,108,192,40,169,182,29,154,60,177,27,43,127,96,171,141,98,114,64,79,179,47,88,5,186,199,83,153,166,24,150,10,185,62,120,197,168,44,48,63];True
1858;7566;9424;[180,172,12,167,22,26,176,3,2,130,84,117,77,112,31,29,66,157,103,105,74,188,144,118,147,0,101,61,45,138,178,9,78,128,42,57,37,121,162,126,143,160,91,1,33,124,94,196,36,182,140,92,82,23,189,81,87,85,104,20,146,193,109,93,170,95,38,139,19,194,51,149,34,127,175,123,49,67,32,72,137,25,70,65,16,190,195,113,156,71,165,184,125,8,173,18,131,110,41,59,80,100,30,134,148,11,97,58,6,151,7,191,181,68,198,142,163,158,54,52,119,187,39,107,55,14,13,197,132,89,75,4,15,135,53,183,69,159,164,90,28,155,73,99,106,136,115,152,35,161,102,86,133,76,122,116,120,46,145,56,21,108,192,40,169,129,24,154,60,177,27,43,111,96,171,141,98,114,64,79,179,47,88,5,186,199,83,153,166,174,150,10,185,62,44,50,168,17,48,63];False
1801;7575;9376;[104,172,12,22,81,93,147,3,2,130,84,117,77,112,193,24,66,157,103,105,74,188,144,118,10,0,167,61,45,138,41,88,78,128,42,57,37,121,162,126,143,160,91,1,33,124,94,196,36,46,140,92,82,23,189,49,87,106,136,26,146,159,9,178,170,95,38,139,19,20,51,149,34,194,180,123,176,67,32,72,163,25,70,65,16,125,11,113,156,71,165,184,31,8,173,18,131,110,101,59,80,100,30,134,148,195,97,137,175,151,7,191,181,68,198,142,58,158,54,52,29,187,39,107,85,14,13,111,132,89,75,4,15,135,53,183,69,190,164,90,28,155,73,99,109,50,115,152,35,161,102,86,133,76,122,116,17,55,145,56,21,108,192,40,169,129,119,154,60,177,27,43,127,96,171,141,98,114,64,79,179,47,182,5,186,199,83,153,166,174,150,6,185,62,120,197,168,44,48,63];True
1744;7709;9453;[194,180,12,22,26,178,120,3,2,130,84,117,77,112,31,29,66,157,103,105,74,188,144,118,147,0,101,61,45,138,167,172,78,128,42,57,37,121,162,126,143,160,91,1,33,124,94,196,52,182,140,92,82,23,189,81,87,85,104,20,146,193,109,93,170,95,38,139,19,9,51,149,34,127,175,123,176,67,32,72,137,25,70,65,16,190,11,113,156,71,165,184,125,8,173,18,131,110,41,59,80,100,30,134,148,195,97,58,6,43,7,191,181,68,198,142,163,158,54,36,119,187,39,107,55,14,13,197,132,89,75,4,15,135,53,183,69,159,164,90,28,155,73,99,106,136,115,152,35,161,102,86,133,76,122,116,49,46,145,56,21,108,192,40,169,129,24,154,60,177,27,151,111,96,171,141,98,114,64,79,179,47,88,5,186,199,83,153,166,174,150,10,185,62,44,50,168,17,48,63];True
1686;7780;9466;[180,172,12,22,26,176,120,3,2,130,106,117,77,112,31,29,66,157,103,105,74,188,93,164,100,0,101,61,45,138,126,185,78,128,42,57,37,121,162,146,118,10,91,1,33,124,94,196,36,182,140,92,82,23,189,81,87,85,104,20,167,193,136,144,62,95,38,139,19,194,51,149,34,127,175,123,90,67,32,72,137,25,170,65,16,190,11,113,156,71,165,184,125,8,173,18,131,110,41,59,80,147,30,134,148,195,97,58,6,43,7,191,181,68,198,142,163,158,54,52,119,187,39,107,55,14,13,197,132,89,75,4,15,135,53,183,69,159,9,151,28,155,73,99,84,70,115,152,35,161,102,86,133,76,122,116,49,46,145,56,21,108,192,40,169,129,24,154,60,177,27,178,111,96,171,141,98,114,64,79,179,47,88,5,186,199,83,153,166,174,150,160,143,109,44,50,168,17,48,63];False
1719;7764;9483;[180,172,12,22,26,176,120,3,2,130,84,117,77,112,31,24,66,157,103,105,74,188,93,164,100,0,101,61,45,55,126,185,78,128,42,57,37,121,162,146,118,10,91,1,33,124,94,196,36,182,140,92,82,23,189,81,87,85,104,20,167,193,136,144,62,95,38,139,19,194,51,149,34,127,175,123,90,67,32,72,137,25,170,65,16,190,186,113,156,71,165,184,125,8,173,18,131,110,41,59,80,147,30,134,148,195,97,58,6,43,7,191,181,68,198,142,163,158,54,52,119,187,39,107,138,178,13,197,132,89,75,4,15,135,53,183,69,159,9,14,28,155,73,99,106,70,115,152,35,161,102,86,133,76,122,116,49,46,145,56,21,108,192,40,169,129,29,154,60,177,27,151,111,96,171,141,98,114,64,79,179,47,88,5,11,199,83,153,166,174,150,160,143,109,44,50,168,17,48,63];False
1594;7998;9592;[180,172,12,22,26,178,120,3,2,130,106,117,77,112,31,24,66,157,103,44,74,188,93,90,100,0,101,61,45,138,126,185,78,128,42,57,37,121,162,146,118,10,91,1,33,124,94,196,52,182,140,92,82,23,189,81,87,85,104,20,167,193,164,144,181,95,38,139,19,194,51,149,34,127,175,123,136,67,32,72,137,25,170,65,9,190,11,113,156,71,165,184,125,8,173,18,131,110,41,59,80,147,30,134,148,195,97,58,6,43,7,191,62,68,198,142,163,158,54,36,119,187,39,107,55,14,13,197,132,89,75,4,15,135,53,183,69,159,16,105,28,155,73,99,84,70,115,152,35,161,102,86,133,76,122,116,49,46,145,56,21,108,192,40,169,129,29,154,60,177,27,151,111,96,171,141,98,114,64,79,179,47,88,5,186,199,83,153,166,174,150,160,143,109,176,50,168,17,48,63];True
2322;7128;9450;[50,146,180,178,9,37,94,118,172,12,130,117,77,112,93,46,66,157,103,105,74,188,144,31,142,2,167,61,45,138,41,49,78,128,42,57,3,121,162,126,143,160,91,1,33,124,147,196,36,184,140,92,82,23,189,81,0,85,22,26,176,193,109,190,170,95,38,139,65,20,51,149,34,198,174,4,84,67,32,72,163,25,70,19,16,125,11,113,156,71,165,87,194,8,173,18,131,110,101,59,80,100,30,134,148,195,97,58,175,151,7,191,181,68,123,6,137,158,54,52,119,187,39,107,55,14,13,111,132,89,75,129,15,135,53,183,69,159,164,90,28,155,73,99,106,136,115,152,35,161,102,86,133,76,122,116,104,17,145,56,21,108,192,40,169,182,29,154,60,177,27,43,127,96,171,141,98,114,64,79,179,47,88,5,186,199,83,153,166,24,150,10,185,62,120,197,168,44,48,63];True
1570;8084;9654;[198,155,29,154,141,119,44,7,130,107,105,146,118,178,192,183,104,17,53,162,173,18,57,120,24,197,15,135,9,159,82,134,121,10,123,90,41,22,38,85,168,50,94,60,49,153,185,127,39,148,69,28,129,8,93,46,55,165,42,166,59,36,23,12,54,151,175,83,117,98,78,171,81,52,150,140,92,100,58,79,177,95,167,61,181,65,76,5,27,133,96,157,138,45,188,87,66,126,124,86,112,40,51,106,143,160,80,71,32,190,43,128,14,164,111,195,25,37,145,139,33,13,137,158,182,109,21,73,6,56,63,31,142,115,152,102,186,113,196,89,26,176,72,74,4,97,131,0,199,62,1,189,108,84,99,174,184,161,156,147,3,169,191,11,194,180,163,170,103,91,35,125,149,34,187,114,68,116,20,67,193,16,136,144,70,19,64,101,122,172,77,2,110,30,179,47,132,75,88,48];False
2439;7096;9535;[50,21,180,4,109,31,147,37,172,12,130,117,77,112,93,118,66,157,103,105,74,188,144,44,19,2,167,61,45,138,41,49,78,128,42,57,3,121,162,126,143,160,91,1,33,124,94,196,36,46,140,92,82,23,189,81,0,85,22,26,176,193,16,178,170,95,38,139,65,20,51,149,34,198,174,184,84,67,32,72,163,25,70,6,9,190,11,113,156,71,165,87,194,8,173,18,131,110,101,59,80,100,30,134,148,195,97,58,175,151,7,191,181,68,123,142,137,158,54,52,119,187,39,107,55,14,13,111,132,89,75,129,15,135,53,183,69,159,164,90,28,155,73,99,106,136,115,152,35,161,102,86,133,76,122,116,104,125,145,56,146,108,192,40,169,182,29,154,60,177,27,43,127,96,171,141,98,114,64,79,179,47,88,5,186,199,83,153,166,24,150,10,185,62,120,197,168,17,48,63];True
2737;7012;9749;[34,194,146,190,109,70,6,193,172,12,130,22,195,112,93,147,66,157,103,105,74,188,87,37,174,149,167,61,45,138,41,49,78,128,42,57,3,121,162,126,143,160,91,1,33,124,94,196,36,44,140,92,82,23,189,81,0,85,19,26,176,46,9,178,170,95,38,139,123,20,51,50,31,118,180,4,84,67,32,72,163,25,144,65,16,117,77,113,156,71,165,2,184,8,173,18,131,110,101,59,80,100,30,134,148,11,97,58,175,151,7,191,181,68,198,142,137,158,54,52,119,187,39,107,55,14,13,111,132,89,75,129,15,135,53,183,69,159,164,90,28,155,73,99,106,136,115,152,35,161,102,86,133,76,122,116,104,125,145,56,21,108,192,40,169,182,29,154,60,177,27,43,127,96,171,141,98,114,64,79,179,47,88,5,186,199,83,153,166,24,150,10,185,62,120,197,168,17,48,63];False
2733;7007;9740;[34,103,105,190,109,118,6,193,172,12,130,22,195,112,93,147,66,157,20,51,74,188,87,37,174,149,167,61,45,138,41,49,78,128,42,57,3,121,162,126,143,160,91,1,33,124,94,196,36,44,140,92,82,23,189,81,0,85,19,26,176,46,9,178,191,95,38,139,144,146,123,50,31,194,180,4,84,67,32,72,163,25,70,65,16,117,77,113,156,71,165,2,184,8,173,18,131,110,101,59,80,100,30,134,148,11,97,58,175,151,7,170,181,68,198,142,137,158,54,52,119,187,39,107,55,14,13,111,132,89,75,129,15,135,53,183,69,159,164,90,28,155,73,99,106,136,115,152,35,161,102,86,133,76,122,116,104,125,145,56,21,108,192,40,169,182,29,154,60,177,27,43,127,96,171,141,98,114,64,79,179,47,88,5,186,199,83,153,166,24,150,10,185,62,120,197,168,17,48,63];True
1547;8229;9776;[29,71,63,69,141,119,148,7,130,107,105,44,140,178,192,183,154,50,53,162,173,18,57,120,24,197,15,118,198,159,82,134,121,10,123,90,41,22,38,150,168,58,100,60,49,153,185,127,39,187,147,67,129,8,93,46,55,155,42,166,59,36,23,12,54,151,175,83,117,98,78,171,81,52,174,135,14,94,146,79,177,95,167,61,181,65,76,5,27,133,96,157,138,45,188,87,66,126,124,86,112,40,51,106,143,160,80,28,9,190,43,128,85,164,111,195,25,37,145,139,33,13,137,158,182,109,21,73,6,56,92,31,142,115,152,102,186,113,196,89,26,176,72,74,4,97,131,0,199,62,1,189,108,84,34,165,184,161,156,104,3,169,191,11,194,180,163,170,103,91,35,125,149,32,99,114,68,20,116,17,193,16,136,144,70,19,64,101,122,172,77,2,110,30,179,47,132,75,88,48];True
2557;7054;9611;[20,146,31,190,109,118,6,193,172,12,130,22,195,112,93,147,66,157,103,105,74,188,87,37,174,149,167,61,45,123,41,49,78,128,42,57,3,121,162,126,143,160,2,1,33,124,94,196,36,44,140,92,82,23,189,81,0,85,19,26,176,46,9,144,170,95,38,139,178,138,51,50,34,194,180,4,84,67,32,72,163,25,70,65,16,117,77,113,156,71,165,91,184,8,173,18,131,110,101,59,80,100,30,134,148,11,97,58,175,151,7,191,181,68,198,142,137,158,54,52,119,187,39,107,55,14,13,111,132,89,75,129,15,135,53,183,69,159,164,90,28,155,73,99,106,136,115,152,35,161,102,86,133,76,122,116,104,125,145,56,21,108,192,40,169,182,29,154,60,177,27,43,127,96,171,141,98,114,64,79,179,47,88,5,186,199,83,153,166,24,150,10,185,62,120,197,168,17,48,63];True
2981;6965;9946;[20,51,34,190,109,147,6,193,172,59,36,22,195,112,93,118,66,157,103,105,74,188,87,37,174,149,167,61,45,138,41,49,78,128,42,57,3,121,162,126,143,160,91,1,33,124,94,196,130,104,140,92,82,23,189,81,0,85,19,26,176,46,9,178,170,95,38,139,144,48,146,50,31,194,180,4,84,67,32,72,163,25,70,65,16,117,77,113,156,71,165,2,184,8,173,18,131,110,101,151,80,100,30,134,148,11,97,58,175,12,7,191,181,68,198,142,137,158,54,52,119,187,39,107,55,14,13,111,132,89,75,129,15,135,53,183,69,159,164,90,28,155,73,99,106,136,115,152,35,161,102,86,133,76,122,116,44,125,145,123,21,108,192,40,169,182,29,154,60,177,27,43,127,96,171,141,98,114,64,79,179,47,88,5,186,199,83,153,166,24,150,10,185,62,120,197,168,17,56,63];True
1503;8645;10148;[121,49,102,122,114,3,2,129,72,105,99,73,140,178,192,10,123,17,8,94,173,18,25,120,24,197,15,9,150,143,67,75,147,65,124,168,130,22,38,21,135,14,60,151,7,153,187,127,39,107,85,76,50,53,93,100,30,134,58,86,181,82,23,12,54,158,92,142,117,98,78,110,81,52,106,118,183,83,26,79,185,148,167,61,59,36,46,5,41,133,96,157,138,45,188,87,66,126,198,159,174,1,51,29,154,156,160,71,69,190,43,128,101,164,111,88,40,37,145,139,33,13,172,195,182,109,141,35,6,56,189,194,31,171,152,57,186,113,196,89,162,146,28,74,4,97,131,0,199,62,44,34,108,20,55,155,184,161,80,137,177,169,191,11,104,180,163,170,95,91,90,125,149,32,68,63,27,116,175,165,193,16,136,144,70,19,64,103,112,84,77,115,179,176,42,47,132,166,119,48];False
3351;6932;10283;[20,188,144,132,130,5,42,22,38,178,192,89,18,181,68,48,63,118,44,140,124,94,75,36,145,196,113,61,45,138,65,82,187,128,134,195,33,183,162,126,143,160,91,6,77,149,189,148,173,103,123,17,84,122,2,97,0,85,19,26,176,116,16,49,170,95,167,93,66,135,53,146,21,92,147,3,32,165,169,142,163,25,70,90,41,88,40,37,156,71,8,184,168,31,72,78,131,110,101,59,80,100,30,52,182,139,125,58,151,175,197,1,117,98,157,136,137,158,54,12,193,172,39,107,55,14,13,111,114,119,67,129,15,9,28,105,69,159,164,190,109,155,73,99,106,4,115,152,35,161,102,186,133,76,112,104,74,194,34,108,51,50,198,174,23,56,29,154,60,179,27,43,127,96,171,141,11,57,64,79,177,47,166,83,86,199,81,153,7,24,150,10,185,62,120,87,46,180,191,121];True
1489;8850;10339;[14,113,61,19,64,101,75,175,145,143,160,105,93,118,48,99,141,86,45,15,173,18,25,115,24,197,26,9,7,20,129,72,147,65,92,106,196,22,38,174,1,2,110,12,165,153,122,127,39,73,87,76,50,51,74,100,30,134,137,187,181,82,23,151,54,158,121,6,49,112,31,142,81,52,108,53,183,83,77,79,185,148,167,189,59,36,46,5,27,133,96,157,138,41,152,56,66,126,198,159,140,182,111,29,154,156,117,71,69,190,43,128,85,164,178,192,40,124,150,139,33,13,172,195,10,78,60,35,88,135,34,194,130,171,116,57,186,98,84,89,162,146,119,28,4,97,131,67,199,62,102,120,3,114,55,155,184,161,80,58,177,169,191,11,104,193,163,170,95,91,90,125,149,32,68,63,37,109,0,94,8,16,136,144,70,168,17,103,21,180,107,188,179,176,42,47,132,166,123,44];False
1426;8978;10404;[14,94,61,19,49,145,100,0,101,174,118,10,113,196,48,99,141,86,45,15,173,18,25,115,24,197,26,9,7,20,129,72,147,65,92,106,130,22,38,34,3,2,75,12,165,153,122,127,39,73,87,76,50,53,93,110,30,134,137,111,181,82,23,151,54,158,121,6,64,112,187,142,81,52,108,74,183,83,17,79,185,148,167,189,59,36,46,5,27,133,96,157,138,41,152,56,66,126,198,159,140,182,51,29,154,156,160,71,69,190,43,128,85,164,178,192,40,124,150,139,33,13,172,195,117,78,60,35,88,135,105,194,31,171,116,57,186,98,84,89,162,146,119,28,4,97,131,67,199,62,102,120,1,114,55,155,184,161,80,58,177,169,191,11,104,193,163,170,95,91,90,125,149,32,68,63,37,109,175,143,8,16,136,144,70,168,77,103,21,180,107,188,179,176,42,47,132,166,123,44];False
3654;6867;10521;[20,190,188,87,130,5,179,47,57,3,192,89,18,181,68,48,63,118,44,140,124,94,75,36,145,196,113,61,45,138,65,82,187,128,134,195,33,183,162,126,143,160,91,6,77,149,189,166,173,103,168,17,84,122,2,97,0,85,19,26,176,116,142,49,170,95,167,93,66,135,74,56,21,92,147,67,32,165,169,23,163,25,70,90,41,88,164,37,156,71,8,184,123,146,72,78,131,110,101,59,80,100,30,114,182,139,125,58,151,175,197,1,117,98,157,136,137,158,54,12,193,172,39,107,55,14,13,111,52,40,132,129,15,9,28,105,69,159,38,144,109,155,73,99,106,4,115,152,35,161,102,186,133,76,112,104,31,53,34,108,51,50,198,174,16,194,29,154,60,177,27,43,127,96,171,141,11,22,64,79,42,119,148,83,86,199,81,153,7,24,150,10,185,62,120,178,46,180,191,121];True
1400;9211;10611;[41,196,48,10,78,145,100,129,8,94,112,1,189,72,105,99,141,17,45,15,173,18,25,120,24,197,26,9,77,20,67,118,147,65,87,106,130,22,38,34,3,2,75,12,165,153,122,127,39,73,6,76,50,53,93,110,30,134,58,86,181,82,23,151,54,158,121,92,117,98,187,142,81,52,108,74,183,83,7,79,185,148,167,61,59,36,46,5,27,133,96,157,138,178,152,56,66,126,198,159,174,19,131,29,154,156,160,71,69,190,43,128,85,164,111,192,40,124,150,139,33,13,172,195,182,37,60,35,88,135,140,194,31,171,116,57,186,113,84,89,162,146,119,28,4,97,51,0,199,62,102,115,14,114,55,155,184,161,80,137,177,169,191,11,104,193,163,170,95,91,90,125,149,32,68,63,49,109,175,143,101,16,136,144,70,168,64,103,21,180,107,188,179,176,42,47,132,166,123,44];True
3569;6901;10470;[20,190,188,93,130,5,42,119,132,142,136,115,101,181,68,48,63,118,44,140,124,94,75,36,145,196,113,61,45,162,123,82,187,128,134,195,33,183,65,126,143,160,91,6,77,149,189,148,173,116,168,17,84,122,2,97,0,85,19,26,176,3,89,49,170,95,40,87,66,135,74,56,21,92,147,67,32,165,169,23,163,25,70,90,41,88,164,37,156,71,8,184,138,109,72,78,131,110,167,59,80,100,30,114,182,139,125,58,151,175,197,1,117,98,157,28,137,158,54,57,193,172,39,107,55,14,13,111,52,18,12,129,15,9,103,105,69,159,38,144,146,155,73,99,106,4,192,152,35,161,102,186,133,76,112,104,31,53,34,108,51,50,198,174,16,194,29,154,60,179,27,43,127,96,171,141,11,22,64,79,177,47,166,83,86,199,81,153,7,24,150,10,185,62,120,178,46,180,191,121];True
3780;6851;10631;[73,74,188,87,130,5,179,119,132,89,115,116,18,181,68,48,63,118,44,140,124,94,75,36,145,196,113,61,45,138,65,82,187,128,134,195,33,183,162,126,143,160,91,6,77,149,189,148,173,103,123,168,84,122,2,97,0,85,19,26,176,3,136,49,170,95,167,93,66,135,20,56,21,92,147,67,32,165,169,23,163,25,70,90,41,88,164,37,156,71,8,184,190,109,72,78,131,110,101,59,80,100,30,114,182,139,125,58,151,175,197,1,117,98,157,142,137,158,54,57,193,172,39,107,55,14,13,111,52,40,12,129,15,9,28,105,69,159,38,144,146,155,31,99,106,4,192,152,35,161,102,186,133,76,112,104,17,53,34,108,51,50,198,174,16,194,29,154,60,177,27,43,127,96,171,141,11,22,64,79,42,47,166,83,86,199,81,153,7,24,150,10,185,62,120,178,46,180,191,121];False
4323;6783;11106;[73,53,155,87,130,5,42,47,26,89,115,152,128,181,68,48,63,118,44,140,124,94,75,36,145,196,113,61,45,138,65,82,187,76,134,195,33,183,190,126,143,160,91,6,77,149,189,148,173,116,123,17,84,122,2,97,0,85,19,132,176,3,136,49,170,95,167,93,66,135,20,56,21,92,147,67,32,165,169,23,163,25,70,90,41,88,164,37,156,71,8,184,162,109,72,78,131,110,101,59,80,100,30,114,182,139,125,58,151,175,197,1,117,98,157,142,137,158,54,57,193,172,39,107,55,14,13,111,52,40,12,129,15,9,28,105,69,159,38,144,146,188,168,99,106,4,192,103,35,161,102,186,133,18,112,104,31,74,34,108,51,50,198,174,16,194,29,154,60,179,27,43,127,96,171,141,11,22,64,79,177,199,166,83,86,119,81,153,7,24,150,10,185,62,120,178,46,180,191,121];False
4636;6755;11391;[73,20,188,61,130,5,179,47,26,89,115,152,18,181,68,48,63,118,44,140,124,94,196,36,145,75,113,87,45,138,65,82,187,128,134,195,33,183,162,126,143,160,91,6,77,149,189,148,173,116,123,168,84,122,2,97,0,85,19,132,176,3,136,49,170,95,167,93,66,135,53,56,21,92,147,67,32,165,169,23,163,25,70,90,41,88,164,37,156,71,8,184,190,109,72,78,131,110,101,59,80,100,30,114,182,139,125,58,151,175,197,1,117,98,157,142,137,158,54,57,193,172,39,107,55,14,13,111,52,40,12,129,15,9,28,105,69,159,38,144,146,155,17,99,106,4,192,103,35,161,102,186,133,76,112,104,31,74,34,108,51,50,198,174,16,194,29,154,60,42,27,43,127,96,171,141,11,22,64,79,177,199,166,83,86,119,81,153,7,24,150,10,185,62,120,178,46,180,191,121];True
4938;6730;11668;[198,174,118,136,130,5,171,120,26,145,115,152,186,7,15,51,106,20,44,140,124,168,164,10,125,6,113,61,45,138,123,82,187,128,134,195,33,94,190,126,143,160,91,75,77,149,189,148,173,116,65,4,84,122,2,97,0,85,18,132,176,3,196,49,170,95,167,93,66,135,48,50,21,92,147,67,32,165,169,23,163,25,70,90,41,88,146,37,156,71,8,184,162,109,72,78,131,110,101,59,80,100,30,114,182,139,36,58,151,175,197,1,117,98,157,142,137,158,54,57,193,172,39,107,55,14,13,111,52,40,87,181,68,9,28,105,69,159,38,144,56,63,73,99,155,178,192,103,35,161,102,12,133,76,112,104,31,183,34,108,188,74,53,17,16,194,29,154,60,179,27,43,127,96,42,141,11,22,64,79,177,199,166,83,86,119,81,153,129,24,150,19,185,62,47,89,46,180,191,121];False
5187;6713;11900;[198,56,147,78,130,5,179,47,26,145,115,152,186,129,139,123,106,20,44,140,124,168,164,190,174,196,113,61,45,138,51,82,187,128,134,195,33,94,118,126,143,160,91,75,77,149,189,7,173,116,65,4,84,122,2,97,0,85,18,132,176,3,136,49,170,95,167,93,66,135,48,50,21,92,90,67,32,165,169,23,163,25,70,125,6,88,29,37,156,71,8,184,162,109,72,41,131,110,101,59,80,100,30,114,182,15,36,58,151,175,197,1,117,98,157,142,137,158,54,57,193,172,39,107,55,14,13,111,52,40,87,181,68,9,28,105,69,159,38,144,146,63,73,99,155,178,192,103,35,161,102,12,133,76,112,104,31,183,34,108,188,74,53,17,16,194,19,154,60,42,27,43,127,96,171,141,11,22,64,79,177,199,148,83,86,119,81,153,166,24,150,10,185,62,120,89,46,180,191,121];False
5450;6697;12147;[198,174,125,196,130,5,179,47,26,89,115,77,153,148,139,48,106,20,190,183,124,168,164,45,19,41,113,61,145,138,123,82,187,128,134,195,33,94,118,126,143,160,91,75,152,149,189,7,173,116,65,4,84,122,2,97,0,85,18,132,176,3,136,49,170,95,167,93,66,135,51,50,21,92,90,67,32,165,169,23,163,25,29,147,6,88,70,37,156,71,8,184,162,109,72,78,131,110,101,59,80,100,30,114,182,15,36,58,151,175,197,1,117,98,157,142,137,158,54,57,193,172,39,107,55,14,13,111,52,40,87,181,68,9,28,105,69,159,38,144,56,63,140,99,73,74,192,103,35,161,102,12,133,76,112,104,31,53,146,108,188,44,155,17,16,194,34,154,60,42,27,43,127,96,171,141,11,22,64,79,177,199,166,83,86,119,81,186,129,24,150,10,185,62,120,178,46,180,191,121];True
6020;6683;12703;[73,146,41,127,54,120,89,46,152,18,185,175,12,7,85,15,135,198,19,33,183,17,154,38,178,13,197,123,29,71,44,91,52,2,83,59,93,138,124,94,118,48,34,90,149,163,186,148,173,116,65,192,10,95,61,97,0,77,57,26,145,3,136,49,170,103,105,74,20,156,106,194,51,50,82,67,32,165,169,23,75,36,98,25,1,88,70,37,21,92,8,184,190,109,72,78,111,128,171,110,80,100,30,114,182,139,125,187,158,62,189,130,5,122,157,84,131,79,42,27,193,172,39,107,55,14,147,196,167,40,87,181,68,9,28,162,108,102,132,144,56,63,140,99,16,159,164,69,35,161,191,174,101,134,112,104,31,53,180,4,188,168,155,126,143,142,115,86,60,179,47,43,133,76,151,141,11,58,64,96,177,199,166,22,195,119,81,153,129,24,150,6,137,117,113,66,176,160,45,121];True
6364;6680;13044;[73,56,147,172,54,120,89,3,152,18,185,175,12,7,85,15,135,198,19,33,183,17,154,38,178,13,197,123,29,71,44,91,52,2,83,59,93,138,124,94,118,48,34,90,149,163,186,148,173,116,65,192,10,95,61,97,0,77,57,26,145,160,136,137,170,103,105,74,20,156,31,194,51,50,82,67,32,165,169,23,75,36,98,25,1,88,70,37,21,92,8,184,190,109,72,78,111,128,171,110,80,100,30,114,182,139,41,187,158,62,189,130,5,122,157,84,131,79,42,27,193,115,39,107,55,14,125,196,167,40,87,181,68,9,28,162,108,102,132,144,146,63,140,99,16,159,164,69,35,161,191,174,101,134,112,104,106,53,180,4,188,168,155,126,143,142,49,127,60,179,47,43,133,76,151,141,11,58,64,96,177,199,166,22,195,119,81,153,129,24,150,6,86,117,113,66,176,46,45,121];False
6835;6666;13501;[198,174,67,80,58,158,141,119,132,89,137,133,5,185,54,52,189,28,38,14,72,118,10,36,184,66,46,44,91,190,109,56,73,74,143,23,69,159,15,135,37,8,71,48,92,90,131,59,93,3,169,142,191,61,145,94,13,86,7,77,176,35,97,128,57,2,167,107,123,50,146,51,20,17,82,78,170,18,75,161,115,25,105,4,6,88,70,108,21,106,154,122,197,162,125,163,171,110,129,24,130,127,30,114,182,139,178,136,101,175,85,1,117,120,157,173,186,79,42,27,193,172,39,32,55,155,33,192,165,40,87,181,68,9,103,140,147,196,95,144,156,180,188,65,53,183,164,41,149,152,102,62,98,134,112,104,99,63,31,34,138,168,29,126,16,194,19,49,60,179,12,43,187,76,151,148,83,111,64,96,177,199,166,22,195,11,81,153,47,26,150,84,100,0,113,116,124,160,45,121];False
6767;6673;13440;[106,90,67,83,86,128,141,119,132,89,137,133,12,185,54,52,189,28,38,14,136,118,10,36,184,66,46,44,23,190,109,48,73,74,143,91,69,159,15,135,37,8,71,56,92,84,131,59,93,3,169,142,191,61,145,94,13,111,7,77,176,35,97,171,57,2,167,107,123,50,146,51,20,17,82,78,170,18,75,161,115,25,105,4,6,88,70,108,21,180,154,122,197,162,125,163,158,110,129,24,130,127,30,114,182,139,178,72,101,175,85,1,117,120,157,173,186,79,42,27,193,172,39,32,55,155,33,192,165,40,87,181,68,9,103,140,147,196,95,144,156,34,188,65,53,183,164,41,149,152,102,62,11,134,112,104,99,63,31,198,138,168,29,126,16,194,19,49,60,179,5,43,187,76,151,148,80,58,64,96,177,199,166,22,195,98,81,153,47,26,150,174,100,0,113,116,124,160,45,121];False
6752;6676;13428;[198,174,196,83,86,128,42,119,132,89,137,170,5,185,54,52,195,95,38,14,72,118,10,36,184,66,46,44,23,190,109,56,73,74,143,91,69,159,15,135,37,8,71,48,92,90,131,59,93,3,169,142,191,61,145,94,13,111,7,77,176,35,97,171,57,2,167,107,123,50,146,51,20,17,82,78,133,18,75,161,115,25,105,4,6,88,70,108,21,106,154,122,197,162,125,163,158,110,129,24,130,127,30,114,182,139,178,136,101,175,85,1,117,120,157,173,186,79,141,27,193,172,39,32,55,155,33,192,165,40,87,181,68,9,103,140,147,67,28,144,156,180,188,65,53,183,164,41,149,152,102,62,11,134,112,104,99,63,31,34,138,168,29,126,16,194,19,49,60,179,12,43,187,76,151,148,80,58,64,96,177,199,166,22,189,98,81,153,47,26,150,84,100,0,113,116,124,160,45,121];False
7126;6642;13768;[198,174,67,163,158,42,141,11,89,75,137,133,12,185,54,52,189,28,38,14,72,118,10,36,184,66,46,44,23,190,109,56,73,74,143,91,69,159,15,135,37,8,71,48,92,90,131,59,93,3,169,142,191,61,145,94,13,111,7,77,176,35,97,171,57,2,167,107,123,50,146,51,20,17,82,78,170,18,132,161,115,25,105,4,6,88,70,108,21,106,154,122,197,162,125,49,86,110,129,24,130,127,30,114,182,139,178,136,101,175,85,1,117,120,157,173,186,79,128,27,193,172,39,32,55,155,33,192,165,40,87,181,68,9,103,140,147,196,95,144,156,180,188,65,53,183,164,41,149,152,102,62,98,134,112,104,99,63,31,34,138,168,29,126,16,194,19,83,60,179,5,43,187,76,151,148,80,58,64,96,177,199,166,22,195,119,81,153,47,26,150,84,100,0,113,116,124,160,45,121];True
7917;6613;14530;[50,29,71,174,149,83,59,57,132,75,163,133,12,185,111,36,169,115,89,3,161,159,15,135,53,56,46,44,23,190,109,10,184,51,34,91,69,28,8,37,94,198,188,48,92,90,131,148,93,14,178,191,66,61,145,84,13,151,7,38,176,35,97,128,52,2,167,107,123,146,155,65,118,17,82,18,0,77,196,170,129,25,105,4,6,88,70,108,21,106,154,122,197,24,72,78,86,110,171,189,49,127,30,114,182,139,180,137,158,175,85,1,117,120,157,173,186,79,42,27,193,172,39,32,55,125,33,192,165,40,87,181,68,9,103,162,147,67,95,144,156,63,31,143,160,183,164,41,152,130,102,62,5,134,112,104,99,73,74,20,138,168,140,126,16,194,19,98,60,179,47,43,187,76,101,141,11,58,64,96,177,199,166,22,195,119,81,153,80,26,150,136,100,54,113,116,124,142,45,121];True
8277;6594;14871;[50,174,67,75,149,83,59,57,132,136,163,133,12,185,111,26,169,115,89,46,161,159,15,135,53,180,118,44,23,190,109,10,184,51,34,91,69,28,8,37,94,198,188,48,92,90,131,148,93,14,178,191,66,61,145,84,13,151,7,38,176,35,97,128,52,2,167,107,123,73,155,65,194,17,82,18,0,77,196,170,129,25,105,4,6,88,70,108,21,106,154,122,197,24,72,78,86,110,171,189,49,127,30,114,182,139,29,137,158,175,85,1,117,120,157,173,186,79,42,27,193,172,39,32,55,125,33,192,165,40,87,181,68,9,103,162,147,3,95,144,156,146,31,143,160,183,164,41,152,130,102,62,5,134,112,104,99,63,74,20,138,168,140,126,16,71,19,98,60,179,47,43,187,76,101,141,11,58,64,96,177,199,166,22,195,119,81,153,80,36,150,56,100,54,113,116,124,142,45,121];True
8510;6580;15090;[50,140,194,136,149,83,59,57,132,75,163,133,12,185,111,26,169,84,89,3,161,159,15,135,142,115,46,44,37,190,109,10,184,51,174,91,69,28,8,118,180,198,188,48,92,90,131,148,93,14,178,23,66,61,145,94,13,151,7,38,176,35,97,128,52,2,167,107,123,73,155,65,53,17,82,18,0,77,196,170,129,25,105,4,6,88,70,108,21,106,154,122,197,24,72,78,86,110,171,189,49,127,30,114,182,139,29,137,158,175,85,1,117,120,157,173,186,79,42,27,193,172,39,32,55,125,33,192,165,40,87,181,68,9,103,162,147,67,95,144,156,146,31,143,191,183,164,41,152,130,102,62,5,134,112,104,99,63,74,20,138,168,34,126,16,71,19,98,60,179,47,43,187,76,101,141,11,58,64,96,177,199,166,22,195,119,81,153,80,36,150,56,100,54,113,116,124,160,45,121];False
8696;6560;15256;[73,174,67,36,149,83,59,57,132,75,163,133,12,185,128,95,169,84,89,3,161,159,15,135,194,115,46,44,37,190,109,10,184,51,34,91,69,28,8,118,180,53,188,48,92,90,131,148,93,14,178,142,66,61,145,94,13,151,7,38,176,35,97,111,52,2,167,107,123,50,155,65,198,17,82,18,0,77,196,170,129,25,105,4,6,88,70,108,21,106,154,122,197,24,72,78,86,110,171,189,49,127,30,114,182,139,29,137,158,175,85,1,117,120,157,173,186,79,42,27,193,172,39,32,55,125,33,192,165,40,87,181,68,9,103,162,147,23,136,144,156,146,31,143,191,183,164,41,152,130,102,62,5,134,112,104,99,63,74,20,138,168,140,126,16,71,19,98,60,179,47,43,187,76,101,141,11,58,64,96,177,199,166,22,195,119,81,153,80,26,150,56,100,54,113,116,124,160,45,121];True
8971;6548;15519;[50,174,23,75,149,83,59,57,132,152,163,86,12,185,133,26,169,84,89,3,161,159,15,135,194,115,46,44,37,190,109,10,184,51,34,91,69,28,8,118,180,53,188,48,92,90,131,148,93,14,178,142,66,61,145,94,13,151,7,38,176,35,97,128,52,2,167,107,123,73,155,65,198,17,82,18,0,77,196,170,129,25,105,4,6,88,70,108,21,106,154,122,197,24,72,78,111,110,171,189,49,127,30,114,182,139,29,137,158,175,85,1,117,120,157,173,186,79,42,27,193,172,39,32,55,125,33,192,165,40,87,181,68,9,103,162,147,67,95,144,156,146,31,143,191,183,164,41,136,130,102,62,5,134,112,104,99,63,74,20,138,168,140,126,16,71,19,98,60,179,47,43,187,76,101,141,11,58,64,96,177,199,166,22,195,119,81,153,80,36,150,56,100,54,113,116,124,160,45,121];False
8759;6555;15314;[73,174,67,36,149,11,59,98,3,161,163,86,151,185,54,57,169,84,89,23,136,160,15,135,194,115,46,44,37,190,109,66,184,51,34,91,69,28,8,118,180,159,188,48,92,90,131,148,93,14,178,142,191,61,145,94,13,12,7,38,176,35,97,128,52,2,167,107,123,50,155,65,198,17,82,49,133,18,132,170,77,25,105,4,6,88,70,108,21,106,154,122,197,24,72,78,111,110,171,189,130,127,30,114,182,139,29,137,158,175,85,1,117,120,157,173,186,79,42,27,193,172,39,32,55,125,33,192,165,40,87,181,68,9,103,162,147,196,95,144,156,146,31,143,53,183,164,41,75,152,102,62,5,134,112,104,99,63,74,20,138,168,140,126,16,71,19,83,60,179,47,43,187,76,101,141,80,58,64,96,177,199,166,22,195,119,81,153,129,26,150,56,100,0,113,116,124,10,45,121];True
9386;6530;15916;[73,174,23,136,149,80,59,57,132,75,163,86,151,185,133,98,193,84,89,3,161,159,15,135,194,115,46,44,37,190,109,10,184,51,34,91,69,28,8,118,180,53,188,48,92,90,131,148,93,14,178,142,66,61,145,94,13,12,7,38,176,35,97,128,52,2,167,107,123,50,155,65,198,17,82,18,0,36,196,170,77,25,105,4,6,88,70,108,21,106,154,122,197,24,72,78,111,110,171,189,49,127,30,114,182,139,29,137,158,175,85,1,117,120,157,173,186,79,42,27,169,172,39,32,55,125,33,192,165,40,87,181,68,9,103,162,147,67,95,144,156,146,31,143,191,183,164,41,152,130,102,62,5,134,112,104,99,63,74,20,138,168,140,126,16,71,19,83,60,179,47,43,187,76,101,141,11,58,64,96,177,199,166,22,195,119,81,153,129,26,150,56,100,54,113,116,124,160,45,121];True
2009;7284;9293;[180,118,129,162,22,87,121,178,111,132,130,84,77,112,93,147,66,157,103,105,74,188,144,31,142,117,167,61,45,138,41,49,78,128,42,57,197,146,190,126,143,160,91,1,33,124,44,196,36,46,140,92,82,23,189,81,0,85,19,26,176,193,109,20,170,95,38,139,9,4,70,194,34,198,174,184,35,67,32,72,163,25,51,8,16,125,11,113,156,71,165,65,37,94,173,18,131,110,101,59,80,100,30,134,148,195,97,58,151,175,7,191,181,68,123,6,137,158,54,52,119,187,39,107,55,14,13,172,12,89,75,149,15,135,53,183,69,159,164,90,28,155,73,99,106,136,115,152,2,161,102,86,133,76,122,116,104,17,145,56,21,108,192,40,169,182,29,154,60,177,27,43,127,96,171,141,98,114,64,79,179,47,88,5,186,199,83,153,166,24,150,10,185,62,120,3,168,50,48,63];True
1958;7381;9339;[126,143,129,162,19,87,121,178,111,132,130,84,77,112,93,147,66,157,103,197,74,188,144,31,142,117,167,61,45,138,41,49,78,128,42,57,136,50,190,9,118,160,91,1,33,124,180,196,36,46,140,92,82,23,189,81,0,85,22,26,176,193,109,20,170,95,38,139,146,4,105,194,34,198,174,184,35,67,32,72,163,25,51,8,16,125,11,113,156,71,165,65,37,94,173,18,131,110,101,59,80,100,30,134,148,195,97,58,175,151,7,191,181,68,123,6,137,158,54,52,119,187,39,107,55,14,13,172,12,89,75,149,15,135,53,183,69,159,164,90,28,155,73,99,106,70,115,152,2,161,102,86,133,76,122,116,104,17,145,56,21,108,192,40,169,182,29,154,60,177,27,43,127,96,171,141,98,114,64,79,179,47,88,5,186,199,83,153,166,24,150,10,185,62,120,3,168,44,48,63];False
1884;7494;9378;[74,172,12,22,26,178,147,3,2,130,84,117,77,112,106,24,66,157,103,105,90,188,93,118,10,110,167,61,45,138,41,49,78,128,42,57,37,121,162,126,143,160,91,1,33,124,94,196,36,182,140,92,82,23,189,81,87,85,104,46,146,193,136,144,170,95,38,139,19,20,51,149,34,194,180,123,176,67,32,72,163,25,70,65,16,190,11,113,156,71,165,184,31,8,173,18,131,0,101,59,80,100,30,134,148,195,97,137,175,151,7,191,181,68,198,142,58,158,54,52,119,187,39,107,55,14,13,111,132,89,75,4,15,135,53,183,69,159,164,9,28,155,73,99,109,50,115,152,35,161,102,86,133,76,122,116,44,125,145,56,21,108,192,40,169,129,29,154,60,177,27,43,127,96,171,141,98,114,64,79,179,47,88,5,186,199,83,153,166,174,150,6,185,62,120,197,168,17,48,63];True
2277;7158;9435;[50,4,121,162,147,6,129,138,172,12,130,84,77,112,93,184,66,157,103,105,74,188,144,31,142,117,167,61,45,19,41,49,78,128,42,57,197,146,118,126,143,160,91,1,33,124,180,196,36,46,140,92,82,23,189,81,0,85,22,26,176,193,109,190,170,95,38,139,65,20,70,194,34,198,174,178,2,67,32,72,163,25,51,8,16,125,11,113,156,71,165,87,37,94,173,18,131,110,101,59,80,100,30,134,148,195,97,58,175,151,7,191,181,68,123,9,137,158,54,52,119,187,39,107,55,14,13,111,132,89,75,149,15,135,53,183,69,159,164,90,28,155,73,99,106,136,115,152,35,161,102,86,133,76,122,116,104,17,145,56,21,108,192,40,169,182,29,154,60,177,27,43,127,96,171,141,98,114,64,79,179,47,88,5,186,199,83,153,166,24,150,10,185,62,120,3,168,44,48,63];False
2278;7152;9430;[50,21,174,178,9,37,94,118,172,12,130,117,77,112,93,184,66,157,103,105,74,188,144,31,147,195,167,61,45,138,41,49,78,128,42,57,3,121,162,126,143,160,91,1,33,124,142,196,36,46,140,92,82,23,189,81,0,85,22,26,176,193,109,190,170,95,38,139,65,20,51,149,34,198,146,4,84,67,32,72,163,25,70,19,16,125,11,113,156,71,165,87,194,8,173,18,131,110,101,59,80,100,30,134,148,2,97,58,175,151,7,191,181,68,123,6,137,158,54,52,119,187,39,107,55,14,13,111,132,89,75,129,15,135,53,183,69,159,164,90,28,155,73,99,106,136,115,152,35,161,102,86,133,76,122,116,104,17,145,56,180,108,192,40,169,182,29,154,60,177,27,43,127,96,171,141,98,114,64,79,179,47,88,5,186,199,83,153,166,24,150,10,185,62,120,197,168,44,48,63];False
1841;7570;9411;[180,172,12,167,22,26,120,3,2,130,84,117,77,112,31,29,66,157,103,105,74,188,144,118,147,0,101,61,45,138,178,9,78,128,42,57,37,121,162,126,143,160,91,1,33,124,94,196,36,182,140,92,82,23,189,81,87,85,104,20,146,193,109,93,170,95,38,139,19,194,51,149,34,127,175,123,49,67,32,72,137,25,70,65,16,190,195,113,156,71,165,184,125,8,173,18,131,110,41,59,80,100,30,134,148,11,97,58,6,151,7,191,181,68,198,142,163,158,54,52,119,187,39,107,55,14,13,197,132,89,75,4,15,135,53,183,69,159,164,90,28,155,73,99,106,136,115,152,35,161,102,86,133,76,122,116,176,46,145,56,21,108,192,40,169,129,24,154,60,177,27,43,111,96,171,141,98,114,64,79,179,47,88,5,186,199,83,153,166,174,150,10,185,62,44,50,168,17,48,63];False
1826;7557;9383;[78,172,12,22,81,93,147,3,2,130,84,117,77,112,193,24,66,157,103,105,74,188,144,118,10,0,167,61,45,138,41,88,104,128,42,57,37,121,162,126,143,160,91,1,33,124,94,196,36,46,140,92,82,23,189,49,87,106,136,26,146,159,9,178,170,95,38,139,19,20,51,149,34,194,180,123,176,67,32,72,163,25,70,65,16,125,11,113,156,71,165,184,31,8,173,18,131,110,101,59,80,100,30,134,148,195,97,137,175,151,7,191,181,68,198,142,58,158,54,52,29,187,39,107,85,14,13,111,132,89,75,4,15,135,53,183,69,190,164,90,28,155,73,99,109,50,115,152,35,161,102,86,133,76,122,116,17,55,145,56,21,108,192,40,169,129,119,154,60,177,27,43,127,96,171,141,98,114,64,79,179,47,182,5,186,199,83,153,166,174,150,6,185,62,120,197,168,44,48,63];True
1711;7743;9454;[9,180,12,22,26,178,120,3,2,130,84,117,77,112,31,29,66,157,103,105,74,188,144,118,147,0,101,61,45,138,167,172,78,128,42,57,37,121,162,126,143,160,91,1,33,124,94,196,52,182,140,92,82,23,189,81,87,85,104,20,146,193,109,93,170,95,38,139,19,194,51,149,34,127,175,123,176,67,32,72,137,25,70,65,16,190,11,113,156,71,165,184,125,8,173,18,131,110,41,59,80,100,30,134,148,195,97,58,6,43,7,191,181,68,198,142,163,158,54,36,119,187,39,107,55,14,13,197,132,89,75,4,15,135,53,183,69,159,164,90,28,155,73,99,106,136,115,152,35,161,102,86,133,76,122,116,49,46,145,56,21,108,192,40,169,129,24,154,60,177,27,151,111,96,171,141,98,114,64,79,179,47,88,5,186,199,83,153,166,174,150,10,185,62,44,50,168,17,48,63];True
1712;7730;9442;[180,172,12,22,26,176,120,3,2,130,84,117,77,112,31,29,66,157,103,105,74,188,93,164,100,0,101,61,45,138,126,185,78,128,42,57,37,121,162,146,118,10,91,1,33,124,94,196,36,182,140,92,82,23,189,81,87,85,104,20,167,193,136,144,62,95,38,139,19,194,51,149,34,127,175,123,90,67,32,72,137,25,170,65,16,190,11,113,156,71,165,184,125,8,173,18,131,110,41,59,80,147,30,134,148,195,97,58,6,43,7,191,181,68,198,142,163,158,54,52,119,187,39,107,55,14,13,197,132,89,75,4,15,135,53,183,69,159,9,151,28,155,73,99,106,70,115,152,35,161,102,86,133,76,122,116,49,46,145,56,21,108,192,40,169,129,24,154,60,177,27,178,111,96,171,141,98,114,64,79,179,47,88,5,186,199,83,153,166,174,150,160,143,109,44,50,168,17,48,63];True
2351;7125;9476;[50,21,180,178,9,37,94,118,172,12,130,117,77,112,93,46,66,157,103,105,74,188,144,31,142,2,167,61,45,138,41,49,78,128,42,57,3,121,162,126,143,160,91,1,33,124,147,196,36,184,140,92,82,23,189,81,0,85,22,26,176,193,109,190,170,95,38,139,65,20,51,149,34,198,174,4,84,67,32,72,163,25,70,19,16,125,11,113,156,71,165,87,194,8,173,18,131,110,101,59,80,100,30,134,148,195,97,58,175,151,7,191,181,68,123,6,137,158,54,52,119,187,39,107,55,14,13,111,132,89,75,129,15,135,53,183,69,159,164,90,28,155,73,99,106,136,115,152,35,161,102,86,133,76,122,116,104,17,145,56,146,108,192,40,169,182,29,154,60,177,27,43,127,96,171,141,98,114,64,79,179,47,88,5,186,199,83,153,166,24,150,10,185,62,120,197,168,44,48,63];False
1560;8083;9643;[198,155,29,154,141,119,44,7,130,107,105,146,118,178,192,183,104,17,53,162,173,18,57,120,24,197,15,135,9,159,82,134,121,10,123,90,41,22,38,85,168,50,94,60,49,153,185,127,39,148,69,28,129,8,93,46,55,165,42,166,59,36,23,12,54,151,175,83,117,98,78,171,81,52,150,140,92,100,58,79,177,95,167,61,181,65,76,5,27,133,96,157,138,45,188,87,66,126,99,86,112,40,51,106,143,160,80,71,32,190,43,128,14,164,111,195,25,37,145,139,33,13,137,158,182,109,21,73,6,56,63,31,142,115,152,102,186,113,196,89,26,176,72,74,4,97,131,0,199,62,1,189,108,84,124,174,184,161,156,147,3,169,191,11,194,180,163,170,103,91,35,125,149,34,187,114,68,116,20,67,193,16,136,144,70,19,64,101,122,172,77,2,110,30,179,47,132,75,88,48];False
2358;7121;9479;[50,21,180,4,109,31,147,37,172,12,130,117,77,112,93,118,66,157,103,105,74,188,144,142,19,2,167,61,45,138,41,49,78,128,42,57,3,121,162,126,143,160,91,1,33,124,94,196,36,46,140,92,82,23,189,81,0,85,22,26,176,193,16,178,170,95,38,139,65,20,51,149,34,198,174,184,84,67,32,72,163,25,70,6,9,190,11,113,156,71,165,87,194,8,173,18,131,110,101,59,80,100,30,134,148,195,97,58,175,151,7,191,181,68,123,44,137,158,54,52,119,187,39,107,55,14,13,111,132,89,75,129,15,135,53,183,69,159,164,90,28,155,73,99,106,136,115,152,35,161,102,86,133,76,122,116,104,125,145,56,146,108,192,40,169,182,29,154,60,177,27,43,127,96,171,141,98,114,64,79,179,47,88,5,186,199,83,153,166,24,150,10,185,62,120,197,168,17,48,63];False
2723;7009;9732;[34,103,105,190,109,118,6,193,172,12,130,22,195,112,93,147,66,157,20,51,74,188,87,37,174,149,167,61,45,138,41,49,78,128,42,57,191,121,162,126,143,160,91,1,33,124,94,196,36,44,140,92,82,23,189,81,0,85,19,26,176,46,9,178,3,95,38,139,144,146,123,50,31,194,180,4,84,67,32,72,163,25,70,65,16,117,77,113,156,71,165,2,184,8,173,18,131,110,101,59,80,100,30,134,148,11,97,58,175,151,7,170,181,68,198,142,137,158,54,52,119,187,39,107,55,14,13,111,132,89,75,129,15,135,53,183,69,159,164,90,28,155,73,99,106,136,115,152,35,161,102,86,133,76,122,116,104,125,145,56,21,108,192,40,169,182,29,154,60,177,27,43,127,96,171,141,98,114,64,79,179,47,88,5,186,199,83,153,166,24,150,10,185,62,120,197,168,17,48,63];True
1541;8257;9798;[29,71,63,69,141,119,148,128,130,107,105,44,140,178,192,183,154,50,53,162,173,18,57,120,24,197,15,118,198,159,82,134,121,10,123,90,41,22,38,150,168,58,100,60,49,153,185,127,39,187,147,67,129,8,93,46,55,155,42,166,59,36,23,12,54,151,175,83,117,98,78,171,81,52,174,135,14,94,146,79,177,95,167,61,181,65,76,5,27,133,96,157,138,45,188,87,66,126,124,86,112,40,51,106,143,160,80,28,9,190,43,7,85,164,111,195,25,37,145,139,33,13,137,158,182,109,21,73,6,56,92,31,142,115,152,102,186,113,196,89,26,176,72,74,4,97,131,0,199,62,1,189,108,84,34,165,184,161,156,104,3,169,191,11,194,180,163,170,103,91,35,125,149,32,99,114,68,20,116,17,193,16,136,144,70,19,64,101,122,172,77,2,110,30,179,47,132,75,88,48];True
2525;7066;9591;[20,146,16,190,109,118,6,193,172,12,130,22,195,112,93,147,66,157,103,105,74,188,87,37,174,149,167,61,45,123,41,49,78,128,42,57,3,121,162,126,143,160,2,1,33,124,94,196,36,44,140,92,82,23,189,81,0,85,19,26,176,46,9,144,170,95,38,139,178,138,51,50,34,194,180,4,84,67,32,72,163,25,70,65,31,117,77,113,156,71,165,91,184,8,173,18,131,110,101,59,80,100,30,134,148,11,97,58,175,151,7,191,181,68,198,142,137,158,54,52,119,187,39,107,55,14,13,111,132,89,75,129,15,135,53,183,69,159,164,90,28,155,73,99,106,136,115,152,35,161,102,86,133,76,122,116,104,125,145,56,21,108,192,40,169,182,29,154,60,177,27,43,127,96,171,141,98,114,64,79,179,47,88,5,186,199,83,153,166,24,150,10,185,62,120,197,168,17,48,63];True
3125;6961;10086;[20,48,34,190,109,147,6,193,172,59,36,22,195,112,93,118,66,157,103,105,74,188,87,37,174,149,167,61,45,138,41,49,78,128,42,57,3,121,162,126,143,160,91,1,33,124,94,196,130,104,140,92,82,23,189,81,0,85,19,26,176,46,9,178,170,95,38,139,144,51,146,50,31,194,180,4,84,67,32,72,163,25,70,65,16,117,77,113,156,71,165,2,184,8,173,18,131,110,101,151,80,100,30,134,148,11,97,58,175,12,7,191,181,68,198,142,137,158,54,52,119,187,39,107,55,14,13,111,132,89,75,129,15,135,53,183,69,159,164,90,28,155,73,99,106,136,115,152,35,161,102,86,133,76,122,116,44,125,145,123,21,108,192,40,169,182,29,154,60,177,27,43,127,96,171,141,98,114,64,79,179,47,88,5,186,199,83,153,166,24,150,10,185,62,120,197,168,17,56,63];False
1500;8637;10137;[198,49,102,122,114,3,2,129,72,105,99,73,140,178,192,10,123,17,8,94,173,18,25,120,24,197,15,9,150,143,67,75,147,65,124,168,130,22,38,21,135,14,60,151,7,153,187,127,39,107,85,76,50,53,93,100,30,134,58,86,181,82,23,12,54,158,92,142,117,98,78,110,81,52,106,118,183,83,26,79,185,148,167,61,59,36,46,5,41,133,96,157,138,45,188,87,66,126,121,159,174,1,51,29,154,156,160,71,69,190,43,128,101,164,111,88,40,37,145,139,33,13,172,195,182,109,141,35,6,56,189,194,31,171,152,57,186,113,196,89,162,146,28,74,4,97,131,0,199,62,44,34,108,20,55,155,184,161,80,137,177,169,191,11,104,180,163,170,95,91,90,125,149,32,68,63,27,116,175,165,193,16,136,144,70,19,64,103,112,84,77,115,179,176,42,47,132,166,119,48];False
3428;6924;10352;[20,188,61,132,130,5,42,22,38,178,192,89,18,181,68,48,63,118,44,140,124,94,75,36,145,196,113,144,45,138,65,82,187,128,134,195,33,183,162,126,143,160,91,6,77,149,189,148,173,103,123,17,84,122,2,97,0,85,19,26,176,116,16,49,170,95,167,93,66,135,53,146,21,92,147,3,32,165,169,142,163,25,70,90,41,88,40,37,156,71,8,184,168,31,72,78,131,110,101,59,80,100,30,52,182,139,125,58,151,175,197,1,117,98,157,136,137,158,54,12,193,172,39,107,55,14,13,111,114,119,67,129,15,9,28,105,69,159,164,190,109,155,73,99,106,4,115,152,35,161,102,186,133,76,112,104,74,194,34,108,51,50,198,174,23,56,29,154,60,179,27,43,127,96,171,141,11,57,64,79,177,47,166,83,86,199,81,153,7,24,150,10,185,62,120,87,46,180,191,121];True
1497;8834;10331;[14,113,61,19,64,101,110,175,145,143,160,105,93,118,48,99,141,86,45,15,173,18,25,115,24,197,26,9,7,20,129,72,147,65,92,106,196,22,38,174,1,2,75,12,165,153,122,127,39,73,87,76,50,51,74,100,30,134,137,187,181,82,23,151,54,158,121,6,49,112,31,142,81,52,108,53,183,83,77,79,185,148,167,189,59,36,46,5,27,133,96,157,138,41,152,56,66,126,198,159,140,182,111,29,154,156,117,71,69,190,43,128,85,164,178,192,40,124,150,139,33,13,172,195,10,78,60,35,88,135,34,194,130,171,116,57,186,98,84,89,162,146,119,28,4,97,131,67,199,62,102,120,3,114,55,155,184,161,80,58,177,169,191,11,104,193,163,170,95,91,90,125,149,32,68,63,37,109,0,94,8,16,136,144,70,168,17,103,21,180,107,188,179,176,42,47,132,166,123,44];False
1450;8932;10382;[34,94,61,19,49,145,100,0,101,174,118,10,113,196,48,99,141,86,45,15,173,18,25,115,24,197,26,9,7,20,129,72,147,65,92,106,130,22,38,14,3,2,75,12,165,153,122,127,39,73,87,76,50,53,93,110,30,134,137,111,181,82,23,151,54,158,121,6,64,112,187,142,81,52,108,74,183,83,17,79,185,148,167,189,59,36,46,5,27,133,96,157,138,41,152,56,66,126,198,159,140,182,51,29,154,156,160,71,69,190,43,128,85,164,178,192,40,124,150,139,33,13,172,195,117,78,60,35,88,135,105,194,31,171,116,57,186,98,84,89,162,146,119,28,4,97,131,67,199,62,102,120,1,114,55,155,184,161,80,58,177,169,191,11,104,193,163,170,95,91,90,125,149,32,68,63,37,109,175,143,8,16,136,144,70,168,77,103,21,180,107,188,179,176,42,47,132,166,123,44];True
3737;6859;10596;[20,190,138,87,130,5,179,47,57,3,192,89,18,181,68,48,63,118,44,140,124,94,75,36,145,196,113,61,45,188,65,82,187,128,134,195,33,183,162,126,143,160,91,6,77,149,189,166,173,103,168,17,84,122,2,97,0,85,19,26,176,116,142,49,170,95,167,93,66,135,74,56,21,92,147,67,32,165,169,23,163,25,70,90,41,88,164,37,156,71,8,184,123,146,72,78,131,110,101,59,80,100,30,114,182,139,125,58,151,175,197,1,117,98,157,136,137,158,54,12,193,172,39,107,55,14,13,111,52,40,132,129,15,9,28,105,69,159,38,144,109,155,73,99,106,4,115,152,35,161,102,186,133,76,112,104,31,53,34,108,51,50,198,174,16,194,29,154,60,177,27,43,127,96,171,141,11,22,64,79,42,119,148,83,86,199,81,153,7,24,150,10,185,62,120,178,46,180,191,121];False
1397;9240;10637;[41,196,48,10,78,145,100,129,8,94,112,1,189,72,105,99,141,17,45,15,173,18,25,120,24,197,26,9,77,20,67,118,147,65,87,106,130,22,38,34,3,2,75,12,165,153,122,127,39,73,92,76,50,53,93,110,30,134,58,86,181,82,23,151,54,158,121,6,117,98,187,142,81,52,108,74,183,83,7,79,185,148,167,61,59,36,46,5,27,133,96,157,138,178,152,56,66,126,198,159,174,19,131,29,154,156,160,71,69,190,43,128,85,164,111,192,40,124,150,139,33,13,172,195,182,37,60,35,88,135,140,194,31,171,116,57,186,113,84,89,162,146,119,28,4,97,51,0,199,62,102,115,14,114,55,155,184,161,80,137,177,169,191,11,104,193,163,170,95,91,90,125,149,32,68,63,49,109,175,143,101,16,136,144,70,168,64,103,21,180,107,188,179,176,42,47,132,166,123,44];True
3602;6887;10489;[20,190,188,87,130,5,42,119,132,142,136,115,101,181,68,48,63,118,44,140,124,94,75,36,145,196,113,61,45,162,123,82,187,128,134,195,33,183,65,126,143,160,91,6,77,149,189,148,173,116,168,17,84,122,2,97,0,85,19,26,176,3,89,49,170,95,40,93,66,135,74,56,21,92,147,67,32,165,169,23,163,25,70,90,41,88,164,37,156,71,8,184,138,109,72,78,131,110,167,59,80,100,30,114,182,139,125,58,151,175,197,1,117,98,157,28,137,158,54,57,193,172,39,107,55,14,13,111,52,18,12,129,15,9,103,105,69,159,38,144,146,155,73,99,106,4,192,152,35,161,102,186,133,76,112,104,31,53,34,108,51,50,198,174,16,194,29,154,60,179,27,43,127,96,171,141,11,22,64,79,177,47,166,83,86,199,81,153,7,24,150,10,185,62,120,178,46,180,191,121];True
3772;6855;10627;[31,74,188,87,130,5,179,119,132,89,115,116,18,181,68,48,63,118,44,140,124,94,75,36,145,196,113,61,45,138,65,82,187,128,134,195,33,183,162,126,143,160,91,6,77,149,189,148,173,103,123,168,84,122,2,97,0,85,19,26,176,3,136,49,170,95,167,93,66,135,20,56,21,92,147,67,32,165,169,23,163,25,70,90,41,88,164,37,156,71,8,184,190,109,72,78,131,110,101,59,80,100,30,114,182,139,125,58,151,175,197,1,117,98,157,142,137,158,54,57,193,172,39,107,55,14,13,111,52,40,12,129,15,9,28,105,69,159,38,144,146,155,73,99,106,4,192,152,35,161,102,186,133,76,112,104,17,53,34,108,51,50,198,174,16,194,29,154,60,177,27,43,127,96,171,141,11,22,64,79,42,47,166,83,86,199,81,153,7,24,150,10,185,62,120,178,46,180,191,121];False
4324;6776;11100;[73,53,155,87,130,5,42,47,26,89,115,152,86,181,68,48,63,118,44,140,124,94,75,36,145,196,113,61,45,138,65,82,187,76,134,195,33,183,190,126,143,160,91,6,77,149,189,148,173,116,123,17,84,122,2,97,0,85,19,132,176,3,136,49,170,95,167,93,66,135,20,56,21,92,147,67,32,165,169,23,163,25,70,90,41,88,164,37,156,71,8,184,162,109,72,78,131,110,101,59,80,100,30,114,182,139,125,58,151,175,197,1,117,98,157,142,137,158,54,57,193,172,39,107,55,14,13,111,52,40,12,129,15,9,28,105,69,159,38,144,146,188,168,99,106,4,192,103,35,161,102,186,133,18,112,104,31,74,34,108,51,50,198,174,16,194,29,154,60,179,27,43,127,96,171,141,11,22,64,79,177,199,166,83,128,119,81,153,7,24,150,10,185,62,120,178,46,180,191,121];False
4390;6762;11152;[73,20,188,87,130,5,179,47,26,89,115,152,18,181,68,48,63,118,44,140,124,94,196,36,145,75,113,61,45,138,65,82,187,128,134,195,33,183,162,126,143,160,91,6,77,149,189,148,173,116,123,168,84,122,2,97,0,85,19,132,176,3,136,49,170,95,167,93,66,135,53,56,21,92,147,67,32,165,169,23,163,25,70,90,41,88,164,37,156,71,8,184,190,109,72,78,131,110,101,59,80,100,30,114,182,139,125,58,151,175,197,1,117,98,157,142,137,158,54,57,193,172,39,107,55,14,13,111,52,40,12,129,15,9,28,105,69,159,38,144,146,155,17,99,106,4,192,103,35,161,102,186,133,76,112,104,31,74,34,108,51,50,198,174,16,194,29,154,60,42,27,43,127,96,171,141,11,22,64,79,177,199,166,83,86,119,81,153,7,24,150,10,185,62,120,178,46,180,191,121];True
4859;6732;11591;[198,174,118,10,130,5,171,120,26,145,115,152,186,7,15,51,106,20,44,140,124,168,164,136,125,6,113,61,45,138,123,82,187,128,134,195,33,94,190,126,143,160,91,75,77,149,189,148,173,116,65,4,84,122,2,97,0,85,18,132,176,3,196,49,170,95,167,93,66,135,48,50,21,92,147,67,32,165,169,23,163,25,70,90,41,88,146,37,156,71,8,184,162,109,72,78,131,110,101,59,80,100,30,114,182,139,36,58,151,175,197,1,117,98,157,142,137,158,54,57,193,172,39,107,55,14,13,111,52,40,87,181,68,9,28,105,69,159,38,144,56,63,73,99,155,178,192,103,35,161,102,12,133,76,112,104,31,183,34,108,188,74,53,17,16,194,29,154,60,179,27,43,127,96,42,141,11,22,64,79,177,199,166,83,86,119,81,153,129,24,150,19,185,62,47,89,46,180,191,121];True
5086;6717;11803;[198,56,147,78,130,5,42,47,26,145,115,152,186,129,139,123,106,20,44,140,124,168,164,190,174,196,113,61,45,138,51,82,187,128,134,195,33,94,118,126,143,160,91,75,77,149,189,7,173,116,65,4,84,122,2,97,0,85,18,132,176,3,136,49,170,95,167,93,66,135,48,50,21,92,90,67,32,165,169,23,163,25,70,125,6,88,29,37,156,71,8,184,162,109,72,41,131,110,101,59,80,100,30,114,182,15,36,58,151,175,197,1,117,98,157,142,137,158,54,57,193,172,39,107,55,14,13,111,52,40,87,181,68,9,28,105,69,159,38,144,146,63,73,99,155,178,192,103,35,161,102,12,133,76,112,104,31,183,34,108,188,74,53,17,16,194,19,154,60,179,27,43,127,96,171,141,11,22,64,79,177,199,148,83,86,119,81,153,166,24,150,10,185,62,120,89,46,180,191,121];False
5417;6701;12118;[198,174,147,196,130,5,179,47,26,89,115,77,153,148,139,48,106,20,190,183,124,168,164,45,19,41,113,61,145,138,123,82,187,128,134,195,33,94,118,126,143,160,91,75,152,149,189,7,173,116,65,4,84,122,2,97,0,85,18,132,176,3,136,49,170,95,167,93,66,135,51,50,21,92,90,67,32,165,169,23,163,25,29,125,6,88,70,37,156,71,8,184,162,109,72,78,131,110,101,59,80,100,30,114,182,15,36,58,151,175,197,1,117,98,157,142,137,158,54,57,193,172,39,107,55,14,13,111,52,40,87,181,68,9,28,105,69,159,38,144,56,63,140,99,73,74,192,103,35,161,102,12,133,76,112,104,31,53,146,108,188,44,155,17,16,194,34,154,60,42,27,43,127,96,171,141,11,22,64,79,177,199,166,83,86,119,81,186,129,24,150,10,185,62,120,178,46,180,191,121];False
6010;6690;12700;[73,34,41,127,54,120,89,46,152,18,185,175,12,7,85,15,135,198,19,33,183,17,154,38,178,13,197,123,29,71,44,91,52,2,83,59,93,138,124,94,118,48,146,90,149,163,186,148,173,116,65,192,10,95,61,97,0,77,57,26,145,3,136,49,170,103,105,74,20,156,106,194,51,50,82,67,32,165,169,23,75,36,98,25,1,88,70,37,21,92,8,184,190,109,72,78,111,128,171,110,80,100,30,114,182,139,125,187,158,62,189,130,5,122,157,84,131,79,42,27,193,172,39,107,55,14,147,196,167,40,87,181,68,9,28,162,108,102,132,144,56,63,140,99,16,159,164,69,35,161,191,174,101,134,112,104,31,53,180,4,188,168,155,126,143,142,115,86,60,179,47,43,133,76,151,141,11,58,64,96,177,199,166,22,195,119,81,153,129,24,150,6,137,117,113,66,176,160,45,121];False
6261;6682;12943;[73,146,147,172,54,120,89,3,152,18,185,175,12,7,85,15,135,198,19,33,183,17,154,38,178,13,197,123,29,71,44,91,52,2,83,59,93,138,124,94,118,48,34,90,149,163,186,148,173,116,65,192,10,95,61,97,0,77,57,26,145,160,136,137,170,103,105,74,20,156,31,194,51,50,82,67,32,165,169,23,75,36,98,25,1,88,70,37,21,92,8,184,190,109,72,78,111,128,171,110,80,100,30,114,182,139,41,187,158,62,189,130,5,122,157,84,131,79,42,27,193,115,39,107,55,14,125,196,167,40,87,181,68,9,28,162,108,102,132,144,56,63,140,99,16,159,164,69,35,161,191,174,101,134,112,104,106,53,180,4,188,168,155,126,143,142,49,127,60,179,47,43,133,76,151,141,11,58,64,96,177,199,166,22,195,119,81,153,129,24,150,6,86,117,113,66,176,46,45,121];False
6797;6671;13468;[198,174,67,80,58,158,42,119,132,89,137,133,5,185,54,52,189,28,38,14,72,118,10,36,184,66,46,44,91,190,109,56,73,74,143,23,69,159,15,135,37,8,71,48,92,90,131,59,93,3,169,142,191,61,145,94,13,86,7,77,176,35,97,128,57,2,167,107,123,50,146,51,20,17,82,78,170,18,75,161,115,25,105,4,6,88,70,108,21,106,154,122,197,162,125,163,171,110,129,24,130,127,30,114,182,139,178,136,101,175,85,1,117,120,157,173,186,79,141,27,193,172,39,32,55,155,33,192,165,40,87,181,68,9,103,140,147,196,95,144,156,180,188,65,53,183,164,41,149,152,102,62,98,134,112,104,99,63,31,34,138,168,29,126,16,194,19,49,60,179,12,43,187,76,151,148,83,111,64,96,177,199,166,22,195,11,81,153,47,26,150,84,100,0,113,116,124,160,45,121];False
6856;6661;13517;[34,90,67,83,86,128,141,119,132,89,137,133,12,185,54,52,189,28,38,14,136,118,10,36,184,66,46,44,23,190,109,48,73,74,143,91,69,159,15,135,37,8,71,56,92,84,131,59,93,3,169,142,191,61,145,94,13,111,7,77,176,35,97,171,57,2,167,107,123,50,146,51,20,17,82,78,170,18,75,161,115,25,105,4,6,88,70,108,21,180,154,122,197,162,125,163,158,110,129,24,130,127,30,114,182,139,178,72,101,175,85,1,117,120,157,173,186,79,42,27,193,172,39,32,55,155,33,192,165,40,87,181,68,9,103,140,147,196,95,144,156,106,188,65,53,183,164,41,149,152,102,62,11,134,112,104,99,63,31,198,138,168,29,126,16,194,19,49,60,179,5,43,187,76,151,148,80,58,64,96,177,199,166,22,195,98,81,153,47,26,150,174,100,0,113,116,124,160,45,121];True
6763;6671;13434;[198,174,196,83,86,128,42,119,132,89,137,170,5,185,54,52,2,95,38,14,72,118,10,36,184,66,46,44,23,190,109,56,73,74,143,91,69,159,15,135,37,8,71,48,92,90,131,59,93,3,169,142,191,61,145,94,13,111,7,77,176,35,97,171,57,195,167,107,123,50,146,51,20,17,82,78,133,18,75,161,115,25,105,4,6,88,70,108,21,106,154,122,197,162,125,163,158,110,129,24,130,127,30,114,182,139,178,136,101,175,85,1,117,120,157,173,186,79,141,27,193,172,39,32,55,155,33,192,165,40,87,181,68,9,103,140,147,67,28,144,156,180,188,65,53,183,164,41,149,152,102,62,11,134,112,104,99,63,31,34,138,168,29,126,16,194,19,49,60,179,12,43,187,76,151,148,80,58,64,96,177,199,166,22,189,98,81,153,47,26,150,84,100,0,113,116,124,160,45,121];True
7130;6641;13771;[198,174,67,163,158,128,141,11,89,75,137,133,12,185,54,52,189,28,38,14,72,118,10,36,184,66,46,44,23,190,109,56,73,74,143,91,69,159,15,135,37,8,71,48,92,90,131,59,93,3,169,142,191,61,145,94,13,111,7,77,176,35,97,171,57,2,167,107,123,50,146,51,20,17,82,78,170,18,132,161,115,25,105,4,6,88,70,108,21,106,154,122,197,162,125,49,86,110,129,24,130,127,30,114,182,139,178,136,101,175,85,1,117,120,157,173,186,79,42,27,193,172,39,32,55,155,33,192,165,40,87,181,68,9,103,140,147,196,95,144,156,180,188,65,53,183,164,41,149,152,102,62,98,134,112,104,99,63,31,34,138,168,29,126,16,194,19,83,60,179,5,43,187,76,151,148,80,58,64,96,177,199,166,22,195,119,81,153,47,26,150,84,100,0,113,116,124,160,45,121];False
7944;6612;14556;[50,56,71,174,149,83,59,57,132,75,163,133,12,185,111,36,169,115,89,3,161,159,15,135,53,29,46,44,23,190,109,10,184,51,34,91,69,28,8,37,94,198,188,48,92,90,131,148,93,14,178,191,66,61,145,84,13,151,7,38,176,35,97,128,52,2,167,107,123,146,155,65,118,17,82,18,0,77,196,170,129,25,105,4,6,88,70,108,21,106,154,122,197,24,72,78,86,110,171,189,49,127,30,114,182,139,180,137,158,175,85,1,117,120,157,173,186,79,42,27,193,172,39,32,55,125,33,192,165,40,87,181,68,9,103,162,147,67,95,144,156,63,31,143,160,183,164,41,152,130,102,62,5,134,112,104,99,73,74,20,138,168,140,126,16,194,19,98,60,179,47,43,187,76,101,141,11,58,64,96,177,199,166,22,195,119,81,153,80,26,150,136,100,54,113,116,124,142,45,121];False
8226;6595;14821;[73,174,67,75,149,83,59,57,132,136,163,133,12,185,111,26,169,115,89,46,161,159,15,135,53,180,118,44,23,190,109,10,184,51,34,91,69,28,8,37,94,198,188,48,92,90,131,148,93,14,178,191,66,61,145,84,13,151,7,38,176,35,97,128,52,2,167,107,123,50,155,65,194,17,82,18,0,77,196,170,129,25,105,4,6,88,70,108,21,106,154,122,197,24,72,78,86,110,171,189,49,127,30,114,182,139,29,137,158,175,85,1,117,120,157,173,186,79,42,27,193,172,39,32,55,125,33,192,165,40,87,181,68,9,103,162,147,3,95,144,156,146,31,143,160,183,164,41,152,130,102,62,5,134,112,104,99,63,74,20,138,168,140,126,16,71,19,98,60,179,47,43,187,76,101,141,11,58,64,96,177,199,166,22,195,119,81,153,80,36,150,56,100,54,113,116,124,142,45,121];True
8533;6578;15111;[140,50,194,136,149,83,59,57,132,75,163,133,12,185,111,26,169,84,89,3,161,159,15,135,142,115,46,44,37,190,109,10,184,51,174,91,69,28,8,118,180,198,188,48,92,90,131,148,93,14,178,23,66,61,145,94,13,151,7,38,176,35,97,128,52,2,167,107,123,73,155,65,53,17,82,18,0,77,196,170,129,25,105,4,6,88,70,108,21,106,154,122,197,24,72,78,86,110,171,189,49,127,30,114,182,139,29,137,158,175,85,1,117,120,157,173,186,79,42,27,193,172,39,32,55,125,33,192,165,40,87,181,68,9,103,162,147,67,95,144,156,146,31,143,191,183,164,41,152,130,102,62,5,134,112,104,99,63,74,20,138,168,34,126,16,71,19,98,60,179,47,43,187,76,101,141,11,58,64,96,177,199,166,22,195,119,81,153,80,36,150,56,100,54,113,116,124,160,45,121];False
8535;6575;15110;[50,194,140,136,149,83,59,57,132,75,163,133,12,185,111,26,169,84,89,3,161,159,15,135,142,115,46,44,37,190,109,10,184,51,174,91,69,28,8,118,180,198,188,48,92,90,131,148,93,14,178,23,66,61,145,94,13,151,7,38,176,35,97,128,52,2,167,107,123,73,155,65,53,17,82,18,0,77,196,170,129,25,105,4,6,88,70,108,21,106,154,122,197,24,72,78,86,110,171,189,49,127,30,114,182,139,29,137,158,175,85,1,117,120,157,173,186,79,42,27,193,172,39,32,55,125,33,192,165,40,87,181,68,9,103,162,147,67,95,144,156,146,31,143,191,183,164,41,152,130,102,62,5,134,112,104,99,63,74,20,138,168,34,126,16,71,19,98,60,179,47,43,187,76,101,141,11,58,64,96,177,199,166,22,195,119,81,153,80,36,150,56,100,54,113,116,124,160,45,121];False
8569;6569;15138;[73,174,67,36,149,83,59,57,132,75,163,133,12,185,175,95,169,84,89,3,161,159,15,135,194,115,46,44,37,190,109,10,184,51,34,91,69,28,8,118,180,53,188,48,92,90,131,148,93,14,178,142,66,61,145,94,13,151,7,38,176,35,97,111,52,2,167,107,123,50,155,65,198,17,82,18,0,77,196,170,129,25,105,4,6,88,70,108,21,106,154,122,197,24,72,78,86,110,171,189,49,127,30,114,182,139,29,137,158,128,85,1,117,120,157,173,186,79,42,27,193,172,39,32,55,125,33,192,165,40,87,181,68,9,103,162,147,23,136,144,156,146,31,143,191,183,164,41,152,130,102,62,5,134,112,104,99,63,74,20,138,168,140,126,16,71,19,98,60,179,47,43,187,76,101,141,11,58,64,96,177,199,166,22,195,119,81,153,80,26,150,56,100,54,113,116,124,160,45,121];False
8920;6549;15469;[73,174,23,75,149,83,59,57,132,152,163,86,12,185,133,26,169,84,89,3,161,159,15,135,194,115,46,44,37,190,109,10,184,51,34,91,69,28,8,118,180,53,188,48,92,90,131,148,93,14,178,142,66,61,145,94,13,151,7,38,176,35,97,128,52,2,167,107,123,50,155,65,198,17,82,18,0,77,196,170,129,25,105,4,6,88,70,108,21,106,154,122,197,24,72,78,111,110,171,189,49,127,30,114,182,139,29,137,158,175,85,1,117,120,157,173,186,79,42,27,193,172,39,32,55,125,33,192,165,40,87,181,68,9,103,162,147,67,95,144,156,146,31,143,191,183,164,41,136,130,102,62,5,134,112,104,99,63,74,20,138,168,140,126,16,71,19,98,60,179,47,43,187,76,101,141,11,58,64,96,177,199,166,22,195,119,81,153,80,36,150,56,100,54,113,116,124,160,45,121];True
8757;6556;15313;[73,174,67,36,149,80,59,98,3,161,163,86,151,185,54,57,169,84,89,23,136,160,15,135,194,115,46,44,37,190,109,66,184,51,34,91,69,28,8,118,180,159,188,48,92,90,131,148,93,14,178,142,191,61,145,94,13,12,7,38,176,35,97,128,52,2,167,107,123,50,155,65,198,17,82,49,133,18,132,170,77,25,105,4,6,88,70,108,21,106,154,122,197,24,72,78,111,110,171,189,130,127,30,114,182,139,29,137,158,175,85,1,117,120,157,173,186,79,42,27,193,172,39,32,55,125,33,192,165,40,87,181,68,9,103,162,147,196,95,144,156,146,31,143,53,183,164,41,75,152,102,62,5,134,112,104,99,63,74,20,138,168,140,126,16,71,19,83,60,179,47,43,187,76,101,141,11,58,64,96,177,199,166,22,195,119,81,153,129,26,150,56,100,0,113,116,124,10,45,121];True
9437;6529;15966;[50,174,23,136,149,80,59,57,132,75,163,86,151,185,133,98,193,84,89,3,161,159,15,135,194,115,46,44,37,190,109,10,184,51,34,91,69,28,8,118,180,53,188,48,92,90,131,148,93,14,178,142,66,61,145,94,13,12,7,38,176,35,97,128,52,2,167,107,123,73,155,65,198,17,82,18,0,36,196,170,77,25,105,4,6,88,70,108,21,106,154,122,197,24,72,78,111,110,171,189,49,127,30,114,182,139,29,137,158,175,85,1,117,120,157,173,186,79,42,27,169,172,39,32,55,125,33,192,165,40,87,181,68,9,103,162,147,67,95,144,156,146,31,143,191,183,164,41,152,130,102,62,5,134,112,104,99,63,74,20,138,168,140,126,16,71,19,83,60,179,47,43,187,76,101,141,11,58,64,96,177,199,166,22,195,119,81,153,129,26,150,56,100,54,113,116,124,160,45,121];False
1987;7357;9344;[180,118,96,162,22,87,121,178,111,132,130,84,77,112,93,147,66,157,103,105,74,188,144,31,142,117,167,61,45,138,41,49,78,128,42,57,197,146,190,126,143,160,91,1,33,124,44,196,36,46,140,92,82,23,189,81,0,85,19,26,176,193,109,20,170,95,38,139,9,4,70,194,34,198,174,184,35,67,32,72,163,25,51,8,16,125,11,113,156,71,165,65,37,94,173,18,131,110,101,59,80,100,30,134,148,195,97,58,151,175,7,191,181,68,123,6,137,158,54,52,119,187,39,107,55,14,13,172,12,89,75,149,15,135,53,183,69,159,164,90,28,155,73,99,106,136,115,152,2,161,102,86,133,76,122,116,104,17,145,56,21,108,192,40,169,182,29,154,60,177,27,43,127,129,171,141,98,114,64,79,179,47,88,5,186,199,83,153,166,24,150,10,185,62,120,3,168,50,48,63];False
1951;7394;9345;[126,118,129,162,19,87,121,178,111,132,130,84,77,112,93,147,66,157,103,197,74,188,144,31,142,117,167,61,45,138,41,49,78,128,42,57,136,50,190,9,143,160,91,1,33,124,180,196,36,46,140,92,82,23,189,81,0,85,22,26,176,193,109,20,170,95,38,139,146,4,105,194,34,198,174,184,35,67,32,72,163,25,51,8,16,125,11,113,156,71,165,65,37,94,173,18,131,110,101,59,80,100,30,134,148,195,97,58,175,151,7,191,181,68,123,6,137,158,54,52,119,187,39,107,55,14,13,172,12,89,75,149,15,135,53,183,69,159,164,90,28,155,73,99,106,70,115,152,2,161,102,86,133,76,122,116,104,17,145,56,21,108,192,40,169,182,29,154,60,177,27,43,127,96,171,141,98,114,64,79,179,47,88,5,186,199,83,153,166,24,150,10,185,62,120,3,168,44,48,63];False
1866;7532;9398;[74,172,12,22,26,178,147,3,2,130,84,117,77,112,106,24,66,157,103,105,90,188,93,118,10,110,167,61,45,138,41,49,78,128,42,57,37,121,162,126,143,160,91,1,33,124,94,196,52,182,140,92,82,23,189,81,87,85,104,46,146,193,136,144,170,95,38,139,19,20,51,149,34,194,180,123,176,67,32,72,163,25,70,65,16,190,11,113,156,71,165,184,31,8,173,18,131,0,101,59,80,100,30,134,148,195,97,137,175,151,7,191,181,68,198,142,58,158,54,36,119,187,39,107,55,14,13,111,132,89,75,4,15,135,53,183,69,159,164,9,28,155,73,99,109,50,115,152,35,161,102,86,133,76,122,116,44,125,145,56,21,108,192,40,169,129,29,154,60,177,27,43,127,96,171,141,98,114,64,79,179,47,88,5,186,199,83,153,166,174,150,6,185,62,120,197,168,17,48,63];False
2274;7146;9420;[50,4,121,162,147,6,129,138,172,12,130,84,77,112,93,184,66,157,103,105,74,188,144,31,142,117,167,61,45,19,41,49,78,128,42,57,197,146,118,126,143,160,91,1,33,124,180,196,36,46,140,92,82,23,189,81,0,85,22,26,176,193,109,190,170,95,38,139,65,20,70,194,34,198,174,178,2,67,32,9,163,25,51,8,16,125,11,113,156,71,165,87,37,94,173,18,131,110,101,59,80,100,30,134,148,195,97,58,175,151,7,191,181,68,123,72,137,158,54,52,119,187,39,107,55,14,13,111,132,89,75,149,15,135,53,183,69,159,164,90,28,155,73,99,106,136,115,152,35,161,102,86,133,76,122,116,104,17,145,56,21,108,192,40,169,182,29,154,60,177,27,43,127,96,171,141,98,114,64,79,179,47,88,5,186,199,83,153,166,24,150,10,185,62,120,3,168,44,48,63];False
1860;7541;9401;[178,172,12,22,81,93,147,3,2,130,84,117,77,112,193,24,66,157,103,105,74,188,144,118,10,0,167,61,45,138,41,88,104,128,42,57,37,121,162,126,143,160,91,1,33,124,94,196,36,46,140,92,82,23,189,49,87,106,136,26,146,159,9,78,170,95,38,139,19,20,51,149,34,194,180,123,176,67,32,72,163,25,70,65,16,125,11,113,156,71,165,184,31,8,173,18,131,110,101,59,80,100,30,134,148,195,97,137,175,151,7,191,181,68,198,142,58,158,54,52,29,187,39,107,85,14,13,111,132,89,75,4,15,135,53,183,69,190,164,90,28,155,73,99,109,50,115,152,35,161,102,86,133,76,122,116,17,55,145,56,21,108,192,40,169,129,119,154,60,177,27,43,127,96,171,141,98,114,64,79,179,47,182,5,186,199,83,153,166,174,150,6,185,62,120,197,168,44,48,63];False
1757;7682;9439;[34,180,12,22,26,178,120,3,2,130,84,117,77,112,31,29,66,157,103,105,74,188,144,118,147,0,101,61,45,138,167,172,78,128,42,57,37,121,162,126,143,160,91,1,33,124,94,196,52,182,140,92,82,23,189,81,87,85,104,20,146,193,109,93,170,95,38,139,19,194,51,149,9,127,175,123,176,67,32,72,137,25,70,65,16,190,11,113,156,71,165,184,125,8,173,18,131,110,41,59,80,100,30,134,148,195,97,58,6,43,7,191,181,68,198,142,163,158,54,36,119,187,39,107,55,14,13,197,132,89,75,4,15,135,53,183,69,159,164,90,28,155,73,99,106,136,115,152,35,161,102,86,133,76,122,116,49,46,145,56,21,108,192,40,169,129,24,154,60,177,27,151,111,96,171,141,98,114,64,79,179,47,88,5,186,199,83,153,166,174,150,10,185,62,44,50,168,17,48,63];True
1710;7762;9472;[180,172,12,22,26,176,120,3,2,130,84,117,77,112,31,24,66,157,103,105,74,188,93,164,100,0,101,61,45,138,126,185,78,128,42,57,37,121,162,146,118,10,91,1,33,124,94,196,36,182,140,92,82,23,189,81,87,85,104,20,167,193,136,144,62,95,38,139,19,194,51,149,34,127,175,123,90,67,32,72,137,25,170,65,16,190,11,113,156,71,165,184,125,8,173,18,131,110,41,59,80,147,30,134,148,195,97,58,6,43,7,191,181,68,198,142,163,158,54,52,119,187,39,107,55,14,13,197,132,89,75,4,15,135,53,183,69,159,9,151,28,155,73,99,106,70,115,152,35,161,102,86,133,76,122,116,49,46,145,56,21,108,192,40,169,129,29,154,60,177,27,178,111,96,171,141,98,114,64,79,179,47,88,5,186,199,83,153,166,174,150,160,143,109,44,50,168,17,48,63];True
2329;7126;9455;[50,21,180,178,9,37,94,118,172,12,130,117,77,112,93,184,66,157,103,105,74,188,144,31,142,2,167,61,45,138,41,49,78,128,42,57,3,121,162,126,143,160,91,1,33,124,147,196,36,46,140,92,82,23,189,81,0,85,22,26,176,193,109,190,170,95,38,139,65,20,51,149,34,198,174,4,84,67,32,72,163,25,70,19,16,125,11,113,156,71,165,87,194,8,173,18,131,110,101,59,80,100,30,134,148,195,97,58,175,151,7,191,181,68,123,6,137,158,54,52,119,187,39,107,55,14,13,111,132,89,75,129,15,135,53,183,69,159,164,90,28,155,73,99,106,136,115,152,35,161,102,86,133,76,122,116,104,17,145,56,146,108,192,40,169,182,29,154,60,177,27,43,127,96,171,141,98,114,64,79,179,47,88,5,186,199,83,153,166,24,150,10,185,62,120,197,168,44,48,63];False
1561;8072;9633;[198,155,29,154,141,119,44,7,130,107,105,146,118,178,192,183,104,50,53,162,173,18,57,120,24,197,15,135,9,159,82,134,121,10,123,90,41,22,38,85,168,17,94,60,49,153,185,127,39,148,69,28,129,8,93,46,55,165,42,166,59,36,23,12,54,151,175,83,117,98,78,171,81,52,150,140,92,100,58,79,177,95,167,61,181,65,76,5,27,133,96,157,138,45,188,87,66,126,99,86,112,40,51,106,143,160,80,71,32,190,43,128,14,164,111,195,25,37,145,139,33,13,137,158,182,109,21,73,6,56,63,31,142,115,152,102,186,113,196,89,26,176,72,74,4,97,131,0,199,62,1,189,108,84,124,174,184,161,156,147,3,169,191,11,194,180,163,170,103,91,35,125,149,34,187,114,68,116,20,67,193,16,136,144,70,19,64,101,122,172,77,2,110,30,179,47,132,75,88,48];False
2329;7124;9453;[50,146,180,4,109,31,147,37,172,12,130,117,77,112,93,118,66,157,103,105,74,188,144,142,19,2,167,61,45,138,41,49,78,128,42,57,3,121,162,126,143,160,91,1,33,124,94,196,36,46,140,92,82,23,189,81,0,85,22,26,176,193,16,178,170,95,38,139,65,20,51,149,34,198,174,184,84,67,32,72,163,25,70,6,9,190,11,113,156,71,165,87,194,8,173,18,131,110,101,59,80,100,30,134,148,195,97,58,175,151,7,191,181,68,123,44,137,158,54,52,119,187,39,107,55,14,13,111,132,89,75,129,15,135,53,183,69,159,164,90,28,155,73,99,106,136,115,152,35,161,102,86,133,76,122,116,104,125,145,56,21,108,192,40,169,182,29,154,60,177,27,43,127,96,171,141,98,114,64,79,179,47,88,5,186,199,83,153,166,24,150,10,185,62,120,197,168,17,48,63];True
2760;6998;9758;[34,103,105,190,109,147,6,193,172,12,130,22,195,112,93,118,66,157,20,51,74,188,87,37,174,149,167,61,45,138,41,49,78,128,42,57,191,121,162,126,143,160,91,1,33,124,94,196,36,44,140,92,82,23,189,81,0,85,19,26,176,46,9,178,3,95,38,139,144,146,123,50,31,194,180,4,84,67,32,72,163,25,70,65,16,117,77,113,156,71,165,2,184,8,173,18,131,110,101,59,80,100,30,134,148,11,97,58,175,151,7,170,181,68,198,142,137,158,54,52,119,187,39,107,55,14,13,111,132,89,75,129,15,135,53,183,69,159,164,90,28,155,73,99,106,136,115,152,35,161,102,86,133,76,122,116,104,125,145,56,21,108,192,40,169,182,29,154,60,177,27,43,127,96,171,141,98,114,64,79,179,47,88,5,186,199,83,153,166,24,150,10,185,62,120,197,168,17,48,63];True
1535;8329;9864;[29,71,63,69,141,119,148,128,130,107,105,152,140,178,192,183,154,50,53,162,173,18,57,120,24,197,15,118,198,159,82,134,121,10,123,90,41,22,38,150,168,58,100,60,49,153,185,127,39,187,147,67,129,8,93,46,55,155,42,166,59,36,23,12,54,151,175,83,117,98,78,171,81,52,174,135,14,94,146,79,177,95,167,61,181,65,76,5,27,133,96,157,138,45,188,87,66,126,124,86,112,40,51,106,143,160,80,28,9,190,43,7,85,164,111,195,25,37,145,139,33,13,137,158,182,109,21,73,6,56,92,31,142,115,44,102,186,113,196,89,26,176,72,74,4,97,131,0,199,62,1,189,108,84,34,165,184,161,156,104,3,169,191,11,194,180,163,170,103,91,35,125,149,32,99,114,68,20,116,17,193,16,136,144,70,19,64,101,122,172,77,2,110,30,179,47,132,75,88,48];True
2508;7075;9583;[20,146,16,190,109,118,6,193,172,12,130,22,195,112,93,147,66,157,103,105,74,188,87,37,174,149,167,61,45,123,41,49,78,128,42,57,3,121,162,126,143,160,113,1,33,124,94,196,36,44,140,92,82,23,189,81,0,85,19,26,176,46,9,144,170,95,38,139,178,138,51,50,34,194,180,4,84,67,32,72,163,25,70,65,31,117,77,2,156,71,165,91,184,8,173,18,131,110,101,59,80,100,30,134,148,11,97,58,175,151,7,191,181,68,198,142,137,158,54,52,119,187,39,107,55,14,13,111,132,89,75,129,15,135,53,183,69,159,164,90,28,155,73,99,106,136,115,152,35,161,102,86,133,76,122,116,104,125,145,56,21,108,192,40,169,182,29,154,60,177,27,43,127,96,171,141,98,114,64,79,179,47,88,5,186,199,83,153,166,24,150,10,185,62,120,197,168,17,48,63];True
3189;6958;10147;[20,48,34,190,109,147,6,193,172,59,36,22,195,112,93,178,66,157,103,105,74,188,87,37,174,149,167,61,45,138,41,49,78,128,42,57,3,121,162,126,143,160,91,1,33,124,94,196,130,104,140,92,82,23,189,81,0,85,19,26,176,46,9,118,170,95,38,139,144,51,146,50,31,194,180,4,84,67,32,72,163,25,70,65,16,117,77,113,156,71,165,2,184,8,173,18,131,110,101,151,80,100,30,134,148,11,97,58,175,12,7,191,181,68,198,142,137,158,54,52,119,187,39,107,55,14,13,111,132,89,75,129,15,135,53,183,69,159,164,90,28,155,73,99,106,136,115,152,35,161,102,86,133,76,122,116,44,125,145,123,21,108,192,40,169,182,29,154,60,177,27,43,127,96,171,141,98,114,64,79,179,47,88,5,186,199,83,153,166,24,150,10,185,62,120,197,168,17,56,63];False
1515;8625;10140;[198,49,122,102,114,3,2,129,72,105,99,73,140,178,192,10,123,17,8,94,173,18,25,120,24,197,15,9,150,143,67,75,147,65,124,168,130,22,38,21,135,14,60,151,7,153,187,127,39,107,85,76,50,53,93,100,30,134,58,86,181,82,23,12,54,158,92,142,117,98,78,110,81,52,106,118,183,83,26,79,185,148,167,61,59,36,46,5,41,133,96,157,138,45,188,87,66,126,121,159,174,1,51,29,154,156,160,71,69,190,43,128,101,164,111,88,40,37,145,139,33,13,172,195,182,109,141,35,6,56,189,194,31,171,152,57,186,113,196,89,162,146,28,74,4,97,131,0,199,62,44,34,108,20,55,155,184,161,80,137,177,169,191,11,104,180,163,170,95,91,90,125,149,32,68,63,27,116,175,165,193,16,136,144,70,19,64,103,112,84,77,115,179,176,42,47,132,166,119,48];False
3507;6916;10423;[56,188,61,132,130,5,42,22,38,178,192,89,18,181,68,48,63,118,44,140,124,94,75,36,145,196,113,144,45,138,65,82,187,128,134,195,33,183,162,126,143,160,91,6,77,149,189,148,173,103,123,17,84,122,2,97,0,85,19,26,176,116,16,49,170,95,167,93,66,135,53,146,21,92,147,3,32,165,169,142,163,25,70,90,41,88,40,37,156,71,8,184,168,31,72,78,131,110,101,59,80,100,30,52,182,139,125,58,151,175,197,1,117,98,157,136,137,158,54,12,193,172,39,107,55,14,13,111,114,119,67,129,15,9,28,105,69,159,164,190,109,155,73,99,106,4,115,152,35,161,102,186,133,76,112,104,74,194,34,108,51,50,198,174,23,20,29,154,60,179,27,43,127,96,171,141,11,57,64,79,177,47,166,83,86,199,81,153,7,24,150,10,185,62,120,87,46,180,191,121];True
1492;8818;10310;[14,113,61,19,64,101,110,175,145,143,160,105,93,118,48,99,141,86,45,15,173,18,25,115,24,197,26,9,77,20,129,72,147,65,92,106,196,22,38,174,1,2,75,12,165,153,122,127,39,73,87,76,50,51,74,100,30,134,137,187,181,82,23,151,54,158,121,6,49,112,31,142,81,52,108,53,183,83,7,79,185,148,167,189,59,36,46,5,27,133,96,157,138,41,152,56,66,126,198,159,140,182,111,29,154,156,117,71,69,190,43,128,85,164,178,192,40,124,150,139,33,13,172,195,10,78,60,35,88,135,34,194,130,171,116,57,186,98,84,89,162,146,119,28,4,97,131,67,199,62,102,120,3,114,55,155,184,161,80,58,177,169,191,11,104,193,163,170,95,91,90,125,149,32,68,63,37,109,0,94,8,16,136,144,70,168,17,103,21,180,107,188,179,176,42,47,132,166,123,44];True
1444;8961;10405;[72,94,61,19,49,145,100,0,101,174,118,10,113,196,48,99,141,86,45,15,173,18,25,115,24,197,26,9,7,20,129,34,147,65,92,106,130,22,38,14,3,2,75,12,165,153,122,127,39,73,87,76,50,53,93,110,30,134,137,111,181,82,23,151,54,158,121,6,64,112,187,142,81,52,108,74,183,83,17,79,185,148,167,189,59,36,46,5,27,133,96,157,138,41,152,56,66,126,198,159,140,182,51,29,154,156,160,71,69,190,43,128,85,164,178,192,40,124,150,139,33,13,172,195,117,78,60,35,88,135,105,194,31,171,116,57,186,98,84,89,162,146,119,28,4,97,131,67,199,62,102,120,1,114,55,155,184,161,80,58,177,169,191,11,104,193,163,170,95,91,90,125,149,32,68,63,37,109,175,143,8,16,136,144,70,168,77,103,21,180,107,188,179,176,42,47,132,166,123,44];False
3750;6856;10606;[20,190,138,87,130,5,179,47,57,3,192,89,18,181,68,48,63,118,44,140,124,94,75,36,145,196,167,61,45,188,65,82,187,128,134,195,33,183,162,126,143,160,91,6,77,149,189,166,173,103,168,17,84,122,2,97,0,85,19,26,176,116,142,49,170,95,113,93,66,135,74,56,21,92,147,67,32,165,169,23,163,25,70,90,41,88,164,37,156,71,8,184,123,146,72,78,131,110,101,59,80,100,30,114,182,139,125,58,151,175,197,1,117,98,157,136,137,158,54,12,193,172,39,107,55,14,13,111,52,40,132,129,15,9,28,105,69,159,38,144,109,155,73,99,106,4,115,152,35,161,102,186,133,76,112,104,31,53,34,108,51,50,198,174,16,194,29,154,60,177,27,43,127,96,171,141,11,22,64,79,42,119,148,83,86,199,81,153,7,24,150,10,185,62,120,178,46,180,191,121];False
1399;9231;10630;[41,196,48,10,78,145,100,129,8,94,112,1,189,72,105,99,141,17,45,15,173,18,25,120,24,197,26,9,77,20,67,118,147,65,92,106,130,22,38,34,3,2,75,12,165,153,122,127,39,73,87,76,50,53,93,110,30,134,58,86,181,82,23,151,54,158,121,6,117,98,187,142,81,52,108,74,183,83,7,79,185,148,167,61,59,36,46,5,27,133,96,157,138,178,152,56,66,126,198,159,174,19,131,29,154,156,160,71,69,190,43,128,85,164,111,192,40,124,150,139,33,13,172,195,182,37,60,35,88,135,140,194,31,171,116,57,186,113,84,89,162,146,119,28,4,97,51,0,199,62,102,115,14,114,55,155,184,161,80,137,177,169,191,11,104,193,163,170,95,91,90,125,149,32,68,63,49,109,175,143,101,16,136,144,70,168,64,103,21,180,107,188,179,176,42,47,132,166,123,44];True
3608;6886;10494;[20,190,188,87,130,5,42,119,132,142,28,115,101,181,68,48,63,118,44,140,124,94,75,36,145,196,113,61,45,162,123,82,187,128,134,195,33,183,65,126,143,160,91,6,77,149,189,148,173,116,168,17,84,122,2,97,0,85,19,26,176,3,89,49,170,95,40,93,66,135,74,56,21,92,147,67,32,165,169,23,163,25,70,90,41,88,164,37,156,71,8,184,138,109,72,78,131,110,167,59,80,100,30,114,182,139,125,58,151,175,197,1,117,98,157,136,137,158,54,57,193,172,39,107,55,14,13,111,52,18,12,129,15,9,103,105,69,159,38,144,146,155,73,99,106,4,192,152,35,161,102,186,133,76,112,104,31,53,34,108,51,50,198,174,16,194,29,154,60,179,27,43,127,96,171,141,11,22,64,79,177,47,166,83,86,199,81,153,7,24,150,10,185,62,120,178,46,180,191,121];True
3711;6855;10566;[31,74,188,87,130,5,141,119,132,89,115,116,18,181,68,48,63,118,44,140,124,94,75,36,145,196,113,61,45,138,65,82,187,128,134,195,33,183,162,126,143,160,91,6,77,149,189,148,173,103,123,168,84,122,2,97,0,85,19,26,176,3,136,49,170,95,167,93,66,135,20,56,21,92,147,67,32,165,169,23,163,25,70,90,41,88,164,37,156,71,8,184,190,109,72,78,131,110,101,59,80,100,30,114,182,139,125,58,151,175,197,1,117,98,157,142,137,158,54,57,193,172,39,107,55,14,13,111,52,40,12,129,15,9,28,105,69,159,38,144,146,155,73,99,106,4,192,152,35,161,102,186,133,76,112,104,17,53,34,108,51,50,198,174,16,194,29,154,60,177,27,43,127,96,171,179,11,22,64,79,42,47,166,83,86,199,81,153,7,24,150,10,185,62,120,178,46,180,191,121];True
4322;6781;11103;[73,20,155,87,130,5,42,47,26,89,115,152,86,181,68,48,63,118,44,140,124,94,75,36,145,196,113,61,45,138,65,82,187,76,134,195,33,183,190,126,143,160,91,6,77,149,189,148,173,116,123,17,84,122,2,97,0,85,19,132,176,3,136,49,170,95,167,93,66,135,53,56,21,92,147,67,32,165,169,23,163,25,70,90,41,88,164,37,156,71,8,184,162,109,72,78,131,110,101,59,80,100,30,114,182,139,125,58,151,175,197,1,117,98,157,142,137,158,54,57,193,172,39,107,55,14,13,111,52,40,12,129,15,9,28,105,69,159,38,144,146,188,168,99,106,4,192,103,35,161,102,186,133,18,112,104,31,74,34,108,51,50,198,174,16,194,29,154,60,179,27,43,127,96,171,141,11,22,64,79,177,199,166,83,128,119,81,153,7,24,150,10,185,62,120,178,46,180,191,121];False
4259;6785;11044;[17,20,188,87,130,5,179,47,26,89,115,152,18,181,68,48,63,118,44,140,124,94,196,36,145,75,113,61,45,138,65,82,187,128,134,195,33,183,162,126,143,160,91,6,77,149,189,148,173,116,123,168,84,122,2,97,0,85,19,132,176,3,136,49,170,95,167,93,66,135,53,56,21,92,147,67,32,165,169,23,163,25,70,90,41,88,164,37,156,71,8,184,190,109,72,78,131,110,101,59,80,100,30,114,182,139,125,58,151,175,197,1,117,98,157,142,137,158,54,57,193,172,39,107,55,14,13,111,52,40,12,129,15,9,28,105,69,159,38,144,146,155,73,99,106,4,192,103,35,161,102,186,133,76,112,104,31,74,34,108,51,50,198,174,16,194,29,154,60,42,27,43,127,96,171,141,11,22,64,79,177,199,166,83,86,119,81,153,7,24,150,10,185,62,120,178,46,180,191,121];False
4856;6733;11589;[198,174,190,10,130,5,171,120,26,145,115,152,186,7,15,51,106,20,44,140,124,168,164,136,125,6,113,61,45,138,123,82,187,128,134,195,33,94,118,126,143,160,91,75,77,149,189,148,173,116,65,4,84,122,2,97,0,85,18,132,176,3,196,49,170,95,167,93,66,135,48,50,21,92,147,67,32,165,169,23,163,25,70,90,41,88,146,37,156,71,8,184,162,109,72,78,131,110,101,59,80,100,30,114,182,139,36,58,151,175,197,1,117,98,157,142,137,158,54,57,193,172,39,107,55,14,13,111,52,40,87,181,68,9,28,105,69,159,38,144,56,63,73,99,155,178,192,103,35,161,102,12,133,76,112,104,31,183,34,108,188,74,53,17,16,194,29,154,60,179,27,43,127,96,42,141,11,22,64,79,177,199,166,83,86,119,81,153,129,24,150,19,185,62,47,89,46,180,191,121];True
4979;6728;11707;[198,29,147,78,130,5,42,47,26,145,115,152,186,129,139,123,106,20,44,140,124,168,164,190,174,196,113,61,45,138,51,82,187,128,134,195,33,94,118,126,143,160,91,75,77,149,189,7,173,116,65,4,84,122,2,97,0,85,18,132,176,3,136,49,170,95,167,93,66,135,48,50,21,92,90,67,32,165,169,23,163,25,70,125,6,88,56,37,156,71,8,184,162,109,72,41,131,110,101,59,80,100,30,114,182,15,36,58,151,175,197,1,117,98,157,142,137,158,54,57,193,172,39,107,55,14,13,111,52,40,87,181,68,9,28,105,69,159,38,144,146,63,73,99,155,178,192,103,35,161,102,12,133,76,112,104,31,183,34,108,188,74,53,17,16,194,19,154,60,179,27,43,127,96,171,141,11,22,64,79,177,199,148,83,86,119,81,153,166,24,150,10,185,62,120,89,46,180,191,121];False
5316;6705;12021;[198,174,147,196,130,5,42,47,26,89,115,77,153,148,139,48,106,20,190,183,124,168,164,45,19,41,113,61,145,138,123,82,187,128,134,195,33,94,118,126,143,160,91,75,152,149,189,7,173,116,65,4,84,122,2,97,0,85,18,132,176,3,136,49,170,95,167,93,66,135,51,50,21,92,90,67,32,165,169,23,163,25,29,125,6,88,70,37,156,71,8,184,162,109,72,78,131,110,101,59,80,100,30,114,182,15,36,58,151,175,197,1,117,98,157,142,137,158,54,57,193,172,39,107,55,14,13,111,52,40,87,181,68,9,28,105,69,159,38,144,56,63,140,99,73,74,192,103,35,161,102,12,133,76,112,104,31,53,146,108,188,44,155,17,16,194,34,154,60,179,27,43,127,96,171,141,11,22,64,79,177,199,166,83,86,119,81,186,129,24,150,10,185,62,120,178,46,180,191,121];True
5974;6688;12662;[73,34,41,127,54,120,89,46,174,18,185,175,12,7,85,15,135,198,19,33,183,17,154,38,178,13,197,123,29,71,44,91,52,2,83,59,93,138,124,94,118,48,146,90,149,163,186,148,173,116,65,192,10,95,61,97,0,77,57,26,145,3,136,49,170,103,105,74,20,156,106,194,51,50,82,67,32,165,169,23,75,36,98,25,1,88,70,37,21,92,8,184,190,109,72,78,111,128,171,110,80,100,30,114,182,139,125,187,158,62,189,130,5,122,157,84,131,79,42,27,193,172,39,107,55,14,147,196,167,40,87,181,68,9,28,162,108,102,132,144,56,63,140,99,16,159,164,69,35,161,191,152,101,134,112,104,31,53,180,4,188,168,155,126,143,142,115,86,60,179,47,43,133,76,151,141,11,58,64,96,177,199,166,22,195,119,81,153,129,24,150,6,137,117,113,66,176,160,45,121];False
6309;6681;12990;[73,146,147,172,54,120,193,3,152,18,185,175,12,7,85,15,135,198,19,33,183,17,154,38,178,13,197,123,29,71,44,91,52,2,83,59,93,138,124,94,118,48,34,90,149,163,186,148,173,116,65,192,10,95,61,97,0,77,57,26,145,160,136,137,170,103,105,74,20,156,31,194,51,50,82,67,32,165,169,23,75,36,98,25,1,88,70,37,21,92,8,184,190,109,72,78,111,128,171,110,80,100,30,114,182,139,41,187,158,62,189,130,5,122,157,84,131,79,42,27,89,115,39,107,55,14,125,196,167,40,87,181,68,9,28,162,108,102,132,144,56,63,140,99,16,159,164,69,35,161,191,174,101,134,112,104,106,53,180,4,188,168,155,126,143,142,49,127,60,179,47,43,133,76,151,141,11,58,64,96,177,199,166,22,195,119,81,153,129,24,150,6,86,117,113,66,176,46,45,121];False
6838;6663;13501;[34,90,67,83,86,128,42,119,132,89,137,133,12,185,54,52,189,28,38,14,136,118,10,36,184,66,46,44,23,190,109,48,73,74,143,91,69,159,15,135,37,8,71,56,92,84,131,59,93,3,169,142,191,61,145,94,13,111,7,77,176,35,97,171,57,2,167,107,123,50,146,51,20,17,82,78,170,18,75,161,115,25,105,4,6,88,70,108,21,180,154,122,197,162,125,163,158,110,129,24,130,127,30,114,182,139,178,72,101,175,85,1,117,120,157,173,186,79,141,27,193,172,39,32,55,155,33,192,165,40,87,181,68,9,103,140,147,196,95,144,156,106,188,65,53,183,164,41,149,152,102,62,11,134,112,104,99,63,31,198,138,168,29,126,16,194,19,49,60,179,5,43,187,76,151,148,80,58,64,96,177,199,166,22,195,98,81,153,47,26,150,174,100,0,113,116,124,160,45,121];True
6781;6669;13450;[198,174,196,83,86,128,141,119,132,89,137,170,5,185,54,52,2,95,38,14,72,118,10,36,184,66,46,44,23,190,109,56,73,74,143,91,69,159,15,135,37,8,71,48,92,90,131,59,93,3,169,142,191,61,145,94,13,111,7,77,176,35,97,171,57,195,167,107,123,50,146,51,20,17,82,78,133,18,75,161,115,25,105,4,6,88,70,108,21,106,154,122,197,162,125,163,158,110,129,24,130,127,30,114,182,139,178,136,101,175,85,1,117,120,157,173,186,79,42,27,193,172,39,32,55,155,33,192,165,40,87,181,68,9,103,140,147,67,28,144,156,180,188,65,53,183,164,41,149,152,102,62,11,134,112,104,99,63,31,34,138,168,29,126,16,194,19,49,60,179,12,43,187,76,151,148,80,58,64,96,177,199,166,22,189,98,81,153,47,26,150,84,100,0,113,116,124,160,45,121];True
7139;6635;13774;[198,174,67,163,158,60,141,11,89,75,137,133,12,185,54,52,189,28,38,14,72,118,10,36,184,66,46,44,23,190,109,56,73,74,143,91,69,159,15,135,37,8,71,48,92,90,131,59,93,3,169,142,191,61,145,94,13,111,7,77,176,35,97,171,57,2,167,107,123,50,146,51,20,17,82,78,170,18,132,161,115,25,105,4,6,88,70,108,21,106,154,122,197,162,125,49,86,110,129,24,130,127,30,114,182,139,178,136,101,175,85,1,117,120,157,173,186,79,42,27,193,172,39,32,55,155,33,192,165,40,87,181,68,9,103,140,147,196,95,144,156,180,188,65,53,183,164,41,149,152,102,62,98,134,112,104,99,63,31,34,138,168,29,126,16,194,19,83,128,179,5,43,187,76,151,148,80,58,64,96,177,199,166,22,195,119,81,153,47,26,150,84,100,0,113,116,124,160,45,121];True
7919;6612;14531;[50,34,71,174,149,83,59,57,132,75,163,133,12,185,111,36,169,115,89,3,161,159,15,135,53,29,46,44,23,190,109,10,184,51,56,91,69,28,8,37,94,198,188,48,92,90,131,148,93,14,178,191,66,61,145,84,13,151,7,38,176,35,97,128,52,2,167,107,123,146,155,65,118,17,82,18,0,77,196,170,129,25,105,4,6,88,70,108,21,106,154,122,197,24,72,78,86,110,171,189,49,127,30,114,182,139,180,137,158,175,85,1,117,120,157,173,186,79,42,27,193,172,39,32,55,125,33,192,165,40,87,181,68,9,103,162,147,67,95,144,156,63,31,143,160,183,164,41,152,130,102,62,5,134,112,104,99,73,74,20,138,168,140,126,16,194,19,98,60,179,47,43,187,76,101,141,11,58,64,96,177,199,166,22,195,119,81,153,80,26,150,136,100,54,113,116,124,142,45,121];True
8176;6600;14776;[73,174,67,75,149,83,59,57,132,191,163,133,12,185,111,26,169,115,89,46,161,159,15,135,53,180,118,44,23,190,109,10,184,51,34,91,69,28,8,37,94,198,188,48,92,90,131,148,93,14,178,136,66,61,145,84,13,151,7,38,176,35,97,128,52,2,167,107,123,50,155,65,194,17,82,18,0,77,196,170,129,25,105,4,6,88,70,108,21,106,154,122,197,24,72,78,86,110,171,189,49,127,30,114,182,139,29,137,158,175,85,1,117,120,157,173,186,79,42,27,193,172,39,32,55,125,33,192,165,40,87,181,68,9,103,162,147,3,95,144,156,146,31,143,160,183,164,41,152,130,102,62,5,134,112,104,99,63,74,20,138,168,140,126,16,71,19,98,60,179,47,43,187,76,101,141,11,58,64,96,177,199,166,22,195,119,81,153,80,36,150,56,100,54,113,116,124,142,45,121];False
8492;6578;15070;[146,50,194,136,149,83,59,57,132,75,163,133,12,185,111,26,169,84,89,3,161,159,15,135,142,115,46,44,37,190,109,10,184,51,174,91,69,28,8,118,180,198,188,48,92,90,131,148,93,14,178,23,66,61,145,94,13,151,7,38,176,35,97,128,52,2,167,107,123,73,155,65,53,17,82,18,0,77,196,170,129,25,105,4,6,88,70,108,21,106,154,122,197,24,72,78,86,110,171,189,49,127,30,114,182,139,29,137,158,175,85,1,117,120,157,173,186,79,42,27,193,172,39,32,55,125,33,192,165,40,87,181,68,9,103,162,147,67,95,144,156,140,31,143,191,183,164,41,152,130,102,62,5,134,112,104,99,63,74,20,138,168,34,126,16,71,19,98,60,179,47,43,187,76,101,141,11,58,64,96,177,199,166,22,195,119,81,153,80,36,150,56,100,54,113,116,124,160,45,121];False
8497;6576;15073;[50,53,140,136,149,83,59,57,132,75,163,133,12,185,111,26,169,84,89,3,161,159,15,135,142,115,46,44,37,190,109,10,184,51,174,91,69,28,8,118,180,198,188,48,92,90,131,148,93,14,178,23,66,61,145,94,13,151,7,38,176,35,97,128,52,2,167,107,123,73,155,65,194,17,82,18,0,77,196,170,129,25,105,4,6,88,70,108,21,106,154,122,197,24,72,78,86,110,171,189,49,127,30,114,182,139,29,137,158,175,85,1,117,120,157,173,186,79,42,27,193,172,39,32,55,125,33,192,165,40,87,181,68,9,103,162,147,67,95,144,156,146,31,143,191,183,164,41,152,130,102,62,5,134,112,104,99,63,74,20,138,168,34,126,16,71,19,98,60,179,47,43,187,76,101,141,11,58,64,96,177,199,166,22,195,119,81,153,80,36,150,56,100,54,113,116,124,160,45,121];False
8639;6564;15203;[73,174,67,36,149,83,59,57,132,75,137,133,12,185,175,95,169,84,89,3,161,159,15,135,194,115,46,44,37,190,109,10,184,51,34,91,69,28,8,118,180,53,188,48,92,90,131,148,93,14,178,142,66,61,145,94,13,151,7,38,176,35,97,111,52,2,167,107,123,50,155,65,198,17,82,18,0,77,196,170,129,25,105,4,6,88,70,108,21,106,154,122,197,24,72,78,86,110,171,189,49,127,30,114,182,139,29,163,158,128,85,1,117,120,157,173,186,79,42,27,193,172,39,32,55,125,33,192,165,40,87,181,68,9,103,162,147,23,136,144,156,146,31,143,191,183,164,41,152,130,102,62,5,134,112,104,99,63,74,20,138,168,140,126,16,71,19,98,60,179,47,43,187,76,101,141,11,58,64,96,177,199,166,22,195,119,81,153,80,26,150,56,100,54,113,116,124,160,45,121];False
8976;6545;15521;[73,174,23,75,149,83,59,57,132,136,163,86,12,185,133,26,169,84,89,3,161,159,15,135,194,115,46,44,37,190,109,10,184,51,34,91,69,28,8,118,180,53,188,48,92,90,131,148,93,14,178,142,66,61,145,94,13,151,7,38,176,35,97,128,52,2,167,107,123,50,155,65,198,17,82,18,0,77,196,170,129,25,105,4,6,88,70,108,21,106,154,122,197,24,72,78,111,110,171,189,49,127,30,114,182,139,29,137,158,175,85,1,117,120,157,173,186,79,42,27,193,172,39,32,55,125,33,192,165,40,87,181,68,9,103,162,147,67,95,144,156,146,31,143,191,183,164,41,152,130,102,62,5,134,112,104,99,63,74,20,138,168,140,126,16,71,19,98,60,179,47,43,187,76,101,141,11,58,64,96,177,199,166,22,195,119,81,153,80,36,150,56,100,54,113,116,124,160,45,121];False
8690;6562;15252;[73,174,67,36,149,83,59,98,3,161,163,86,151,185,54,57,169,84,89,23,136,160,15,135,194,115,46,44,37,190,109,66,184,51,34,91,69,28,8,118,180,159,188,48,92,90,131,148,93,14,178,142,191,61,145,94,13,12,7,38,176,35,97,128,52,2,167,107,123,50,155,65,198,17,82,49,133,18,132,170,77,25,105,4,6,88,70,108,21,106,154,122,197,24,72,78,111,110,171,189,130,127,30,114,182,139,29,137,158,175,85,1,117,120,157,173,186,79,42,27,193,172,39,32,55,125,33,192,165,40,87,181,68,9,103,162,147,196,95,144,156,146,31,143,53,183,164,41,75,152,102,62,5,134,112,104,99,63,74,20,138,168,140,126,16,71,19,80,60,179,47,43,187,76,101,141,11,58,64,96,177,199,166,22,195,119,81,153,129,26,150,56,100,0,113,116,124,10,45,121];False
9439;6528;15967;[50,174,23,136,149,11,59,57,132,75,163,86,151,185,133,98,193,84,89,3,161,159,15,135,194,115,46,44,37,190,109,10,184,51,34,91,69,28,8,118,180,53,188,48,92,90,131,148,93,14,178,142,66,61,145,94,13,12,7,38,176,35,97,128,52,2,167,107,123,73,155,65,198,17,82,18,0,36,196,170,77,25,105,4,6,88,70,108,21,106,154,122,197,24,72,78,111,110,171,189,49,127,30,114,182,139,29,137,158,175,85,1,117,120,157,173,186,79,42,27,169,172,39,32,55,125,33,192,165,40,87,181,68,9,103,162,147,67,95,144,156,146,31,143,191,183,164,41,152,130,102,62,5,134,112,104,99,63,74,20,138,168,140,126,16,71,19,83,60,179,47,43,187,76,101,141,80,58,64,96,177,199,166,22,195,119,81,153,129,26,150,56,100,54,113,116,124,160,45,121];True
1989;7349;9338;[180,118,96,194,22,87,121,178,111,132,130,84,77,112,93,147,66,157,103,105,74,188,144,31,142,117,167,61,45,138,41,49,78,128,42,57,197,146,190,126,143,160,91,1,33,124,44,196,36,46,140,92,82,23,189,81,0,85,19,26,176,193,109,20,170,95,38,139,9,4,70,162,34,198,174,184,35,67,32,72,163,25,51,8,16,125,11,113,156,71,165,65,37,94,173,18,131,110,101,59,80,100,30,134,148,195,97,58,151,175,7,191,181,68,123,6,137,158,54,52,119,187,39,107,55,14,13,172,12,89,75,149,15,135,53,183,69,159,164,90,28,155,73,99,106,136,115,152,2,161,102,86,133,76,122,116,104,17,145,56,21,108,192,40,169,182,29,154,60,177,27,43,127,129,171,141,98,114,64,79,179,47,88,5,186,199,83,153,166,24,150,10,185,62,120,3,168,50,48,63];False
1944;7382;9326;[9,118,129,162,19,87,121,178,111,132,130,84,77,112,93,147,66,157,103,197,74,188,144,31,142,117,167,61,45,138,41,49,78,128,42,57,136,50,190,126,143,160,91,1,33,124,180,196,36,46,140,92,82,23,189,81,0,85,22,26,176,193,109,20,170,95,38,139,146,4,105,194,34,198,174,184,35,67,32,72,163,25,51,8,16,125,11,113,156,71,165,65,37,94,173,18,131,110,101,59,80,100,30,134,148,195,97,58,175,151,7,191,181,68,123,6,137,158,54,52,119,187,39,107,55,14,13,172,12,89,75,149,15,135,53,183,69,159,164,90,28,155,73,99,106,70,115,152,2,161,102,86,133,76,122,116,104,17,145,56,21,108,192,40,169,182,29,154,60,177,27,43,127,96,171,141,98,114,64,79,179,47,88,5,186,199,83,153,166,24,150,10,185,62,120,3,168,44,48,63];True
1883;7498;9381;[74,172,12,22,26,178,147,3,2,130,84,117,77,112,106,24,66,157,103,105,90,188,93,118,10,0,167,61,45,138,41,49,78,128,42,57,37,121,162,126,143,160,91,1,33,124,94,196,52,182,140,92,82,23,189,81,87,85,104,46,146,193,136,144,170,95,38,139,19,20,51,149,34,194,180,123,176,67,32,72,163,25,70,65,16,190,11,113,156,71,165,184,31,8,173,18,131,110,101,59,80,100,30,134,148,195,97,137,175,151,7,191,181,68,198,142,58,158,54,36,119,187,39,107,55,14,13,111,132,89,75,4,15,135,53,183,69,159,164,9,28,155,73,99,109,50,115,152,35,161,102,86,133,76,122,116,44,125,145,56,21,108,192,40,169,129,29,154,60,177,27,43,127,96,171,141,98,114,64,79,179,47,88,5,186,199,83,153,166,174,150,6,185,62,120,197,168,17,48,63];True
2238;7152;9390;[50,4,121,162,147,6,129,19,172,12,130,84,77,112,93,184,66,157,103,105,74,188,144,31,142,117,167,61,45,138,41,49,78,128,42,57,197,146,118,126,143,160,91,1,33,124,180,196,36,46,140,92,82,23,189,81,0,85,22,26,176,193,109,190,170,95,38,139,65,20,70,194,34,198,174,178,2,67,32,9,163,25,51,8,16,125,11,113,156,71,165,87,37,94,173,18,131,110,101,59,80,100,30,134,148,195,97,58,175,151,7,191,181,68,123,72,137,158,54,52,119,187,39,107,55,14,13,111,132,89,75,149,15,135,53,183,69,159,164,90,28,155,73,99,106,136,115,152,35,161,102,86,133,76,122,116,104,17,145,56,21,108,192,40,169,182,29,154,60,177,27,43,127,96,171,141,98,114,64,79,179,47,88,5,186,199,83,153,166,24,150,10,185,62,120,3,168,44,48,63];True
1851;7554;9405;[87,172,12,22,81,93,147,3,2,130,84,117,77,112,193,24,66,157,103,105,74,188,144,118,10,0,167,61,45,138,41,88,104,128,42,57,37,121,162,126,143,160,91,1,33,124,94,196,36,46,140,92,82,23,189,49,178,106,136,26,146,159,9,78,170,95,38,139,19,20,51,149,34,194,180,123,176,67,32,72,163,25,70,65,16,125,11,113,156,71,165,184,31,8,173,18,131,110,101,59,80,100,30,134,148,195,97,137,175,151,7,191,181,68,198,142,58,158,54,52,29,187,39,107,85,14,13,111,132,89,75,4,15,135,53,183,69,190,164,90,28,155,73,99,109,50,115,152,35,161,102,86,133,76,122,116,17,55,145,56,21,108,192,40,169,129,119,154,60,177,27,43,127,96,171,141,98,114,64,79,179,47,182,5,186,199,83,153,166,174,150,6,185,62,120,197,168,44,48,63];False
1769;7674;9443;[21,180,12,22,26,178,120,3,2,130,84,117,77,112,31,29,66,157,103,105,74,188,144,118,147,0,101,61,45,138,167,172,78,128,42,57,37,121,162,126,143,160,91,1,33,124,94,196,52,182,140,92,82,23,189,81,87,85,104,20,146,193,109,93,170,95,38,139,19,194,51,149,9,127,175,123,176,67,32,72,137,25,70,65,16,190,11,113,156,71,165,184,125,8,173,18,131,110,41,59,80,100,30,134,148,195,97,58,6,43,7,191,181,68,198,142,163,158,54,36,119,187,39,107,55,14,13,197,132,89,75,4,15,135,53,183,69,159,164,90,28,155,73,99,106,136,115,152,35,161,102,86,133,76,122,116,49,46,145,56,34,108,192,40,169,129,24,154,60,177,27,151,111,96,171,141,98,114,64,79,179,47,88,5,186,199,83,153,166,174,150,10,185,62,44,50,168,17,48,63];False
1686;7771;9457;[180,172,12,22,26,176,120,3,2,130,84,117,77,112,31,24,66,157,103,105,74,188,93,164,100,0,101,61,45,138,126,185,78,128,42,57,37,121,162,146,118,10,91,1,33,124,94,196,36,182,140,92,82,23,189,81,87,85,104,20,167,193,136,144,62,95,38,139,19,194,51,149,34,127,175,123,90,67,32,72,137,25,170,65,16,190,11,113,156,71,165,184,125,8,173,18,131,110,41,59,80,147,30,134,148,195,97,58,6,43,7,191,181,68,198,142,163,158,54,52,29,187,39,107,55,14,13,197,132,89,75,4,15,135,53,183,69,159,9,151,28,155,73,99,106,70,115,152,35,161,102,86,133,76,122,116,49,46,145,56,21,108,192,40,169,129,119,154,60,177,27,178,111,96,171,141,98,114,64,79,179,47,88,5,186,199,83,153,166,174,150,160,143,109,44,50,168,17,48,63];True
1555;8084;9639;[198,155,29,154,141,119,44,7,130,107,105,146,118,178,192,183,104,50,53,162,173,18,57,120,24,197,15,135,32,159,82,134,121,10,123,90,41,22,38,85,168,17,94,60,49,153,185,127,39,148,69,28,129,8,93,46,55,165,42,166,59,36,23,12,54,151,175,83,117,98,78,171,81,52,150,140,92,100,58,79,177,95,167,61,181,65,76,5,27,133,96,157,138,45,188,87,66,126,99,86,112,40,51,106,143,160,80,71,9,190,43,128,14,164,111,195,25,37,145,139,33,13,137,158,182,109,21,73,6,56,63,31,142,115,152,102,186,113,196,89,26,176,72,74,4,97,131,0,199,62,1,189,108,84,124,174,184,161,156,147,3,169,191,11,194,180,163,170,103,91,35,125,149,34,187,114,68,116,20,67,193,16,136,144,70,19,64,101,122,172,77,2,110,30,179,47,132,75,88,48];True
2372;7115;9487;[50,146,180,37,109,31,147,4,172,12,130,117,77,112,93,118,66,157,103,105,74,188,144,142,19,2,167,61,45,138,41,49,78,128,42,57,3,121,162,126,143,160,91,1,33,124,94,196,36,46,140,92,82,23,189,81,0,85,22,26,176,193,16,178,170,95,38,139,65,20,51,149,34,198,174,184,84,67,32,72,163,25,70,6,9,190,11,113,156,71,165,87,194,8,173,18,131,110,101,59,80,100,30,134,148,195,97,58,175,151,7,191,181,68,123,44,137,158,54,52,119,187,39,107,55,14,13,111,132,89,75,129,15,135,53,183,69,159,164,90,28,155,73,99,106,136,115,152,35,161,102,86,133,76,122,116,104,125,145,56,21,108,192,40,169,182,29,154,60,177,27,43,127,96,171,141,98,114,64,79,179,47,88,5,186,199,83,153,166,24,150,10,185,62,120,197,168,17,48,63];True
2828;6995;9823;[34,103,70,190,109,147,6,193,172,12,130,22,195,112,93,118,66,157,20,51,74,188,87,37,174,149,167,61,45,138,41,49,78,128,42,57,191,121,162,126,143,160,91,1,33,124,94,196,36,44,140,92,82,23,189,81,0,85,19,26,176,46,9,178,3,95,38,139,144,146,123,50,31,194,180,4,84,67,32,72,163,25,105,65,16,117,77,113,156,71,165,2,184,8,173,18,131,110,101,59,80,100,30,134,148,11,97,58,175,151,7,170,181,68,198,142,137,158,54,52,119,187,39,107,55,14,13,111,132,89,75,129,15,135,53,183,69,159,164,90,28,155,73,99,106,136,115,152,35,161,102,86,133,76,122,116,104,125,145,56,21,108,192,40,169,182,29,154,60,177,27,43,127,96,171,141,98,114,64,79,179,47,88,5,186,199,83,153,166,24,150,10,185,62,120,197,168,17,48,63];False
1530;8333;9863;[29,71,63,69,141,119,148,128,130,107,105,152,140,178,192,183,154,50,53,162,173,18,57,120,24,197,15,118,198,159,82,134,121,10,123,90,41,22,38,150,168,58,100,60,49,153,185,127,39,187,147,42,129,8,93,46,55,155,67,166,59,36,23,12,54,151,175,83,117,98,78,171,81,52,174,135,14,94,146,79,177,95,167,61,181,65,76,5,27,133,96,157,138,45,188,87,66,126,124,86,112,40,51,106,143,160,80,28,9,190,43,7,85,164,111,195,25,37,145,139,33,13,137,158,182,109,21,73,6,56,92,31,142,115,44,102,186,113,196,89,26,176,72,74,4,97,131,0,199,62,1,189,108,84,34,165,184,161,156,104,3,169,191,11,194,180,163,170,103,91,35,125,149,32,99,114,68,20,116,17,193,16,136,144,70,19,64,101,122,172,77,2,110,30,179,47,132,75,88,48];True
2540;7063;9603;[20,146,31,190,109,118,6,193,172,12,130,22,195,112,93,147,66,157,103,105,74,188,87,37,174,149,167,61,45,123,41,49,78,128,42,57,3,121,162,126,143,160,113,1,33,124,94,196,36,44,140,92,82,23,189,81,0,85,19,26,176,46,9,144,170,95,38,139,178,138,51,50,34,194,180,4,84,67,32,72,163,25,70,65,16,117,77,2,156,71,165,91,184,8,173,18,131,110,101,59,80,100,30,134,148,11,97,58,175,151,7,191,181,68,198,142,137,158,54,52,119,187,39,107,55,14,13,111,132,89,75,129,15,135,53,183,69,159,164,90,28,155,73,99,106,136,115,152,35,161,102,86,133,76,122,116,104,125,145,56,21,108,192,40,169,182,29,154,60,177,27,43,127,96,171,141,98,114,64,79,179,47,88,5,186,199,83,153,166,24,150,10,185,62,120,197,168,17,48,63];True
3045;6962;10007;[20,51,34,190,109,147,6,193,172,59,36,22,195,112,93,178,66,157,103,105,74,188,87,37,174,149,167,61,45,138,41,49,78,128,42,57,3,121,162,126,143,160,91,1,33,124,94,196,130,104,140,92,82,23,189,81,0,85,19,26,176,46,9,118,170,95,38,139,144,48,146,50,31,194,180,4,84,67,32,72,163,25,70,65,16,117,77,113,156,71,165,2,184,8,173,18,131,110,101,151,80,100,30,134,148,11,97,58,175,12,7,191,181,68,198,142,137,158,54,52,119,187,39,107,55,14,13,111,132,89,75,129,15,135,53,183,69,159,164,90,28,155,73,99,106,136,115,152,35,161,102,86,133,76,122,116,44,125,145,123,21,108,192,40,169,182,29,154,60,177,27,43,127,96,171,141,98,114,64,79,179,47,88,5,186,199,83,153,166,24,150,10,185,62,120,197,168,17,56,63];False
1512;8619;10131;[198,49,122,102,114,3,2,129,72,105,99,73,140,178,192,10,123,17,8,168,173,18,25,120,24,197,15,9,150,143,67,75,147,65,124,94,130,22,38,21,135,14,60,151,7,153,187,127,39,107,85,76,50,53,93,100,30,134,58,86,181,82,23,12,54,158,92,142,117,98,78,110,81,52,106,118,183,83,26,79,185,148,167,61,59,36,46,5,41,133,96,157,138,45,188,87,66,126,121,159,174,1,51,29,154,156,160,71,69,190,43,128,101,164,111,88,40,37,145,139,33,13,172,195,182,109,141,35,6,56,189,194,31,171,152,57,186,113,196,89,162,146,28,74,4,97,131,0,199,62,44,34,108,20,55,155,184,161,80,137,177,169,191,11,104,180,163,170,95,91,90,125,149,32,68,63,27,116,175,165,193,16,136,144,70,19,64,103,112,84,77,115,179,176,42,47,132,166,119,48];True
3513;6914;10427;[56,188,40,132,130,5,42,22,38,178,192,89,18,181,68,48,63,118,44,140,124,94,75,36,145,196,113,144,45,138,65,82,187,128,134,195,33,183,162,126,143,160,91,6,77,149,189,148,173,103,123,17,84,122,2,97,0,85,19,26,176,116,16,49,170,95,167,93,66,135,53,146,21,92,147,3,32,165,169,142,163,25,70,90,41,88,61,37,156,71,8,184,168,31,72,78,131,110,101,59,80,100,30,52,182,139,125,58,151,175,197,1,117,98,157,136,137,158,54,12,193,172,39,107,55,14,13,111,114,119,67,129,15,9,28,105,69,159,164,190,109,155,73,99,106,4,115,152,35,161,102,186,133,76,112,104,74,194,34,108,51,50,198,174,23,20,29,154,60,179,27,43,127,96,171,141,11,57,64,79,177,47,166,83,86,199,81,153,7,24,150,10,185,62,120,87,46,180,191,121];True
1484;8834;10318;[14,113,61,19,64,101,75,175,145,143,160,105,93,118,48,99,141,86,45,15,173,18,25,115,24,197,26,9,77,20,129,72,147,65,92,106,196,22,38,174,1,2,110,12,165,153,122,127,39,73,87,76,50,51,74,100,30,134,137,187,181,82,23,151,54,158,121,6,49,112,31,142,81,52,108,53,183,83,7,79,185,148,167,189,59,36,46,5,27,133,96,157,138,41,152,56,66,126,198,159,140,182,111,29,154,156,117,71,69,190,43,128,85,164,178,192,40,124,150,139,33,13,172,195,10,78,60,35,88,135,34,194,130,171,116,57,186,98,84,89,162,146,119,28,4,97,131,67,199,62,102,120,3,114,55,155,184,161,80,58,177,169,191,11,104,193,163,170,95,91,90,125,149,32,68,63,37,109,0,94,8,16,136,144,70,168,17,103,21,180,107,188,179,176,42,47,132,166,123,44];True
1431;8963;10394;[72,94,61,19,49,145,100,0,101,174,118,10,113,196,48,99,141,86,45,15,173,18,25,115,24,197,26,9,7,20,129,34,147,65,92,106,130,22,38,14,3,2,75,12,165,153,122,127,39,73,87,76,50,53,93,110,30,134,137,111,181,82,23,109,54,158,121,6,64,112,187,142,81,52,108,74,183,83,17,79,185,148,167,189,59,36,46,5,27,133,96,157,138,41,152,56,66,126,198,159,140,182,51,29,154,156,160,71,69,190,43,128,85,164,178,192,40,124,150,139,33,13,172,195,117,78,60,35,88,135,105,194,31,171,116,57,186,98,84,89,162,146,119,28,4,97,131,67,199,62,102,120,1,114,55,155,184,161,80,58,177,169,191,11,104,193,163,170,95,91,90,125,149,32,68,63,37,151,175,143,8,16,136,144,70,168,77,103,21,180,107,188,179,176,42,47,132,166,123,44];False
1404;9200;10604;[41,196,48,10,78,145,100,129,8,94,112,1,189,72,105,99,141,17,45,15,173,18,25,120,24,197,26,9,77,20,67,118,147,65,92,106,130,22,38,34,3,2,75,12,165,153,122,127,39,73,87,76,50,53,93,110,30,134,137,86,181,82,23,151,54,158,121,6,117,98,187,142,81,52,108,74,183,83,7,79,185,148,167,61,59,36,46,5,27,133,96,157,138,178,152,56,66,126,198,159,174,19,131,29,154,156,160,71,69,190,43,128,85,164,111,192,40,124,150,139,33,13,172,195,182,37,60,35,88,135,140,194,31,171,116,57,186,113,84,89,162,146,119,28,4,97,51,0,199,62,102,115,14,114,55,155,184,161,80,58,177,169,191,11,104,193,163,170,95,91,90,125,149,32,68,63,49,109,175,143,101,16,136,144,70,168,64,103,21,180,107,188,179,176,42,47,132,166,123,44];True
3575;6900;10475;[20,190,188,93,130,5,42,119,132,142,28,115,101,181,68,48,63,118,44,140,124,94,75,36,145,196,113,61,45,162,123,82,187,128,134,195,33,183,65,126,143,160,91,6,77,149,189,148,173,116,168,17,84,122,2,97,0,85,19,26,176,3,89,49,170,95,40,87,66,135,74,56,21,92,147,67,32,165,169,23,163,25,70,90,41,88,164,37,156,71,8,184,138,109,72,78,131,110,167,59,80,100,30,114,182,139,125,58,151,175,197,1,117,98,157,136,137,158,54,57,193,172,39,107,55,14,13,111,52,18,12,129,15,9,103,105,69,159,38,144,146,155,73,99,106,4,192,152,35,161,102,186,133,76,112,104,31,53,34,108,51,50,198,174,16,194,29,154,60,179,27,43,127,96,171,141,11,22,64,79,177,47,166,83,86,199,81,153,7,24,150,10,185,62,120,178,46,180,191,121];True
3719;6851;10570;[73,74,188,87,130,5,141,119,132,89,115,116,18,181,68,48,63,118,44,140,124,94,75,36,145,196,113,61,45,138,65,82,187,128,134,195,33,183,162,126,143,160,91,6,77,149,189,148,173,103,123,168,84,122,2,97,0,85,19,26,176,3,136,49,170,95,167,93,66,135,20,56,21,92,147,67,32,165,169,23,163,25,70,90,41,88,164,37,156,71,8,184,190,109,72,78,131,110,101,59,80,100,30,114,182,139,125,58,151,175,197,1,117,98,157,142,137,158,54,57,193,172,39,107,55,14,13,111,52,40,12,129,15,9,28,105,69,159,38,144,146,155,31,99,106,4,192,152,35,161,102,186,133,76,112,104,17,53,34,108,51,50,198,174,16,194,29,154,60,177,27,43,127,96,171,179,11,22,64,79,42,47,166,83,86,199,81,153,7,24,150,10,185,62,120,178,46,180,191,121];True
4205;6778;10983;[73,146,155,87,130,5,42,47,26,89,115,152,86,181,68,48,63,118,44,140,124,94,75,36,145,196,113,61,45,138,65,82,187,76,134,195,33,183,190,126,143,160,91,6,77,149,189,148,173,116,123,17,84,122,2,97,0,85,19,132,176,3,136,49,170,95,167,93,66,135,53,56,21,92,147,67,32,165,169,23,163,25,70,90,41,88,164,37,156,71,8,184,162,109,72,78,131,110,101,59,80,100,30,114,182,139,125,58,151,175,197,1,117,98,157,142,137,158,54,57,193,172,39,107,55,14,13,111,52,40,12,129,15,9,28,105,69,159,38,144,20,188,168,99,106,4,192,103,35,161,102,186,133,18,112,104,31,74,34,108,51,50,198,174,16,194,29,154,60,179,27,43,127,96,171,141,11,22,64,79,177,199,166,83,128,119,81,153,7,24,150,10,185,62,120,178,46,180,191,121];True
4786;6736;11522;[198,174,190,10,130,5,134,120,26,145,115,152,186,7,15,51,106,20,44,140,124,168,164,136,125,6,113,61,45,138,123,82,187,128,171,195,33,94,118,126,143,160,91,75,77,149,189,148,173,116,65,4,84,122,2,97,0,85,18,132,176,3,196,49,170,95,167,93,66,135,48,50,21,92,147,67,32,165,169,23,163,25,70,90,41,88,146,37,156,71,8,184,162,109,72,78,131,110,101,59,80,100,30,114,182,139,36,58,151,175,197,1,117,98,157,142,137,158,54,57,193,172,39,107,55,14,13,111,52,40,87,181,68,9,28,105,69,159,38,144,56,63,73,99,155,178,192,103,35,161,102,12,133,76,112,104,31,183,34,108,188,74,53,17,16,194,29,154,60,179,27,43,127,96,42,141,11,22,64,79,177,199,166,83,86,119,81,153,129,24,150,19,185,62,47,89,46,180,191,121];True
5084;6713;11797;[198,29,147,78,130,5,42,47,26,145,115,152,186,129,139,123,106,20,56,140,124,168,164,190,174,196,113,61,45,138,51,82,187,128,134,195,33,94,118,126,143,160,91,75,77,149,189,7,173,116,65,4,84,122,2,97,0,85,18,132,176,3,136,49,170,95,167,93,66,135,48,50,21,92,90,67,32,165,169,23,163,25,70,125,6,88,44,37,156,71,8,184,162,109,72,41,131,110,101,59,80,100,30,114,182,15,36,58,151,175,197,1,117,98,157,142,137,158,54,57,193,172,39,107,55,14,13,111,52,40,87,181,68,9,28,105,69,159,38,144,146,63,73,99,155,178,192,103,35,161,102,12,133,76,112,104,31,183,34,108,188,74,53,17,16,194,19,154,60,179,27,43,127,96,171,141,11,22,64,79,177,199,148,83,86,119,81,153,166,24,150,10,185,62,120,89,46,180,191,121];True
5349;6701;12050;[198,174,125,196,130,5,42,47,26,89,115,77,153,148,139,48,106,20,190,183,124,168,164,45,19,41,113,61,145,138,123,82,187,128,134,195,33,94,118,126,143,160,91,75,152,149,189,7,173,116,65,4,84,122,2,97,0,85,18,132,176,3,136,49,170,95,167,93,66,135,51,50,21,92,90,67,32,165,169,23,163,25,29,147,6,88,70,37,156,71,8,184,162,109,72,78,131,110,101,59,80,100,30,114,182,15,36,58,151,175,197,1,117,98,157,142,137,158,54,57,193,172,39,107,55,14,13,111,52,40,87,181,68,9,28,105,69,159,38,144,56,63,140,99,73,74,192,103,35,161,102,12,133,76,112,104,31,53,146,108,188,44,155,17,16,194,34,154,60,179,27,43,127,96,171,141,11,22,64,79,177,199,166,83,86,119,81,186,129,24,150,10,185,62,120,178,46,180,191,121];True
5906;6695;12601;[146,34,41,127,54,120,89,46,174,18,185,175,12,7,85,15,135,198,19,33,183,17,154,38,178,13,197,123,29,71,44,91,52,2,83,59,93,138,124,94,118,48,73,90,149,163,186,148,173,116,65,192,10,95,61,97,0,77,57,26,145,3,136,49,170,103,105,74,20,156,106,194,51,50,82,67,32,165,169,23,75,36,98,25,1,88,70,37,21,92,8,184,190,109,72,78,111,128,171,110,80,100,30,114,182,139,125,187,158,62,189,130,5,122,157,84,131,79,42,27,193,172,39,107,55,14,147,196,167,40,87,181,68,9,28,162,108,102,132,144,56,63,140,99,16,159,164,69,35,161,191,152,101,134,112,104,31,53,180,4,188,168,155,126,143,142,115,86,60,179,47,43,133,76,151,141,11,58,64,96,177,199,166,22,195,119,81,153,129,24,150,6,137,117,113,66,176,160,45,121];True
6234;6679;12913;[73,146,147,172,54,120,193,35,152,18,185,175,12,7,85,15,135,198,19,33,183,17,154,38,178,13,197,123,29,71,44,91,52,2,83,59,93,138,124,94,118,48,34,90,149,163,186,148,173,116,65,192,10,95,61,97,0,77,57,26,145,160,136,137,170,103,105,74,20,156,31,194,51,50,82,67,32,165,169,23,75,36,98,25,1,88,70,37,21,92,8,184,190,109,72,78,111,128,171,110,80,100,30,114,182,139,41,187,158,62,189,130,5,122,157,84,131,79,42,27,89,115,39,107,55,14,125,196,167,40,87,181,68,9,28,162,108,102,132,144,56,63,140,99,16,159,164,69,3,161,191,174,101,134,112,104,106,53,180,4,188,168,155,126,143,142,49,127,60,179,47,43,133,76,151,141,11,58,64,96,177,199,166,22,195,119,81,153,129,24,150,6,86,117,113,66,176,46,45,121];True
6749;6675;13424;[106,90,67,83,86,128,42,119,132,89,137,133,12,185,54,52,189,28,38,14,136,118,10,36,184,66,46,44,23,190,109,48,73,74,143,91,69,159,15,135,37,8,71,56,92,84,131,59,93,3,169,142,191,61,145,94,13,111,7,77,176,35,97,171,57,2,167,107,123,50,146,51,20,17,82,78,170,18,75,161,115,25,105,4,6,88,70,108,21,180,154,122,197,162,125,163,158,110,129,24,130,127,30,114,182,139,178,72,101,175,85,1,117,120,157,173,186,79,141,27,193,172,39,32,55,155,33,192,165,40,87,181,68,9,103,140,147,196,95,144,156,34,188,65,53,183,164,41,149,152,102,62,11,134,112,104,99,63,31,198,138,168,29,126,16,194,19,49,60,179,5,43,187,76,151,148,80,58,64,96,177,199,166,22,195,98,81,153,47,26,150,174,100,0,113,116,124,160,45,121];False
6825;6668;13493;[198,174,196,83,111,128,141,119,132,89,137,170,5,185,54,52,2,95,38,14,72,118,10,36,184,66,46,44,23,190,109,56,73,74,143,91,69,159,15,135,37,8,71,48,92,90,131,59,93,3,169,142,191,61,145,94,13,86,7,77,176,35,97,171,57,195,167,107,123,50,146,51,20,17,82,78,133,18,75,161,115,25,105,4,6,88,70,108,21,106,154,122,197,162,125,163,158,110,129,24,130,127,30,114,182,139,178,136,101,175,85,1,117,120,157,173,186,79,42,27,193,172,39,32,55,155,33,192,165,40,87,181,68,9,103,140,147,67,28,144,156,180,188,65,53,183,164,41,149,152,102,62,11,134,112,104,99,63,31,34,138,168,29,126,16,194,19,49,60,179,12,43,187,76,151,148,80,58,64,96,177,199,166,22,189,98,81,153,47,26,150,84,100,0,113,116,124,160,45,121];False
7134;6638;13772;[198,84,67,163,158,60,141,11,89,75,137,133,12,185,54,52,189,28,38,14,72,118,10,36,184,66,46,44,23,190,109,56,73,74,143,91,69,159,15,135,37,8,71,48,92,90,131,59,93,3,169,142,191,61,145,94,13,111,7,77,176,35,97,171,57,2,167,107,123,50,146,51,20,17,82,78,170,18,132,161,115,25,105,4,6,88,70,108,21,106,154,122,197,162,125,49,86,110,129,24,130,127,30,114,182,139,178,136,101,175,85,1,117,120,157,173,186,79,42,27,193,172,39,32,55,155,33,192,165,40,87,181,68,9,103,140,147,196,95,144,156,180,188,65,53,183,164,41,149,152,102,62,98,134,112,104,99,63,31,34,138,168,29,126,16,194,19,83,128,179,5,43,187,76,151,148,80,58,64,96,177,199,166,22,195,119,81,153,47,26,150,174,100,0,113,116,124,160,45,121];True
7941;6606;14547;[50,34,198,174,149,83,59,57,132,75,163,133,12,185,111,36,169,115,89,3,161,159,15,135,53,29,46,44,23,190,109,10,184,51,56,91,69,28,8,37,94,71,188,48,92,90,131,148,93,14,178,191,66,61,145,84,13,151,7,38,176,35,97,128,52,2,167,107,123,146,155,65,118,17,82,18,0,77,196,170,129,25,105,4,6,88,70,108,21,106,154,122,197,24,72,78,86,110,171,189,49,127,30,114,182,139,180,137,158,175,85,1,117,120,157,173,186,79,42,27,193,172,39,32,55,125,33,192,165,40,87,181,68,9,103,162,147,67,95,144,156,63,31,143,160,183,164,41,152,130,102,62,5,134,112,104,99,73,74,20,138,168,140,126,16,194,19,98,60,179,47,43,187,76,101,141,11,58,64,96,177,199,166,22,195,119,81,153,80,26,150,136,100,54,113,116,124,142,45,121];True
8141;6601;14742;[73,174,67,75,149,83,59,57,132,191,163,133,12,185,111,26,169,115,89,46,161,28,15,135,53,180,118,44,23,190,109,10,184,51,34,91,69,159,8,37,94,198,188,48,92,90,131,148,93,14,178,136,66,61,145,84,13,151,7,38,176,35,97,128,52,2,167,107,123,50,155,65,194,17,82,18,0,77,196,170,129,25,105,4,6,88,70,108,21,106,154,122,197,24,72,78,86,110,171,189,49,127,30,114,182,139,29,137,158,175,85,1,117,120,157,173,186,79,42,27,193,172,39,32,55,125,33,192,165,40,87,181,68,9,103,162,147,3,95,144,156,146,31,143,160,183,164,41,152,130,102,62,5,134,112,104,99,63,74,20,138,168,140,126,16,71,19,98,60,179,47,43,187,76,101,141,11,58,64,96,177,199,166,22,195,119,81,153,80,36,150,56,100,54,113,116,124,142,45,121];True
8460;6571;15031;[73,50,194,136,149,83,59,57,132,75,163,133,12,185,111,26,169,84,89,3,161,159,15,135,142,115,46,44,37,190,109,10,184,51,174,91,69,28,8,118,180,198,188,48,92,90,131,148,93,14,178,23,66,61,145,94,13,151,7,38,176,35,97,128,52,2,167,107,123,146,155,65,53,17,82,18,0,77,196,170,129,25,105,4,6,88,70,108,21,106,154,122,197,24,72,78,86,110,171,189,49,127,30,114,182,139,29,137,158,175,85,1,117,120,157,173,186,79,42,27,193,172,39,32,55,125,33,192,165,40,87,181,68,9,103,162,147,67,95,144,156,140,31,143,191,183,164,41,152,130,102,62,5,134,112,104,99,63,74,20,138,168,34,126,16,71,19,98,60,179,47,43,187,76,101,141,11,58,64,96,177,199,166,22,195,119,81,153,80,36,150,56,100,54,113,116,124,160,45,121];True
8603;6565;15168;[73,174,67,36,149,83,59,57,132,75,137,133,12,185,54,95,169,84,89,3,161,159,15,135,194,115,46,44,37,190,109,10,184,51,34,91,69,28,8,118,180,53,188,48,92,90,131,148,93,14,178,142,66,61,145,94,13,151,7,38,176,35,97,111,52,2,167,107,123,50,155,65,198,17,82,18,0,77,196,170,129,25,105,4,6,88,70,108,21,106,154,122,197,24,72,78,86,110,171,189,49,127,30,114,182,139,29,163,158,128,85,1,117,120,157,173,186,79,42,27,193,172,39,32,55,125,33,192,165,40,87,181,68,9,103,162,147,23,136,144,156,146,31,143,191,183,164,41,152,130,102,62,5,134,112,104,99,63,74,20,138,168,140,126,16,71,19,98,60,179,47,43,187,76,101,141,11,58,64,96,177,199,166,22,195,119,81,153,80,26,150,56,100,175,113,116,124,160,45,121];True
9027;6544;15571;[50,174,23,75,149,83,59,57,132,136,163,86,12,185,133,26,169,84,89,3,161,159,15,135,194,115,46,44,37,190,109,10,184,51,34,91,69,28,8,118,180,53,188,48,92,90,131,148,93,14,178,142,66,61,145,94,13,151,7,38,176,35,97,128,52,2,167,107,123,73,155,65,198,17,82,18,0,77,196,170,129,25,105,4,6,88,70,108,21,106,154,122,197,24,72,78,111,110,171,189,49,127,30,114,182,139,29,137,158,175,85,1,117,120,157,173,186,79,42,27,193,172,39,32,55,125,33,192,165,40,87,181,68,9,103,162,147,67,95,144,156,146,31,143,191,183,164,41,152,130,102,62,5,134,112,104,99,63,74,20,138,168,140,126,16,71,19,98,60,179,47,43,187,76,101,141,11,58,64,96,177,199,166,22,195,119,81,153,80,36,150,56,100,54,113,116,124,160,45,121];False
8664;6563;15227;[73,174,67,36,149,83,59,98,3,161,163,86,12,185,54,57,169,84,89,23,136,160,15,135,194,115,46,44,37,190,109,66,184,51,34,91,69,28,8,118,180,159,188,48,92,90,131,148,93,14,178,142,191,61,145,94,13,151,7,38,176,35,97,128,52,2,167,107,123,50,155,65,198,17,82,49,133,18,132,170,77,25,105,4,6,88,70,108,21,106,154,122,197,24,72,78,111,110,171,189,130,127,30,114,182,139,29,137,158,175,85,1,117,120,157,173,186,79,42,27,193,172,39,32,55,125,33,192,165,40,87,181,68,9,103,162,147,196,95,144,156,146,31,143,53,183,164,41,75,152,102,62,5,134,112,104,99,63,74,20,138,168,140,126,16,71,19,80,60,179,47,43,187,76,101,141,11,58,64,96,177,199,166,22,195,119,81,153,129,26,150,56,100,0,113,116,124,10,45,121];False
9388;6529;15917;[73,174,23,136,149,11,59,57,132,75,163,86,151,185,133,98,193,84,89,3,161,159,15,135,194,115,46,44,37,190,109,10,184,51,34,91,69,28,8,118,180,53,188,48,92,90,131,148,93,14,178,142,66,61,145,94,13,12,7,38,176,35,97,128,52,2,167,107,123,50,155,65,198,17,82,18,0,36,196,170,77,25,105,4,6,88,70,108,21,106,154,122,197,24,72,78,111,110,171,189,49,127,30,114,182,139,29,137,158,175,85,1,117,120,157,173,186,79,42,27,169,172,39,32,55,125,33,192,165,40,87,181,68,9,103,162,147,67,95,144,156,146,31,143,191,183,164,41,152,130,102,62,5,134,112,104,99,63,74,20,138,168,140,126,16,71,19,83,60,179,47,43,187,76,101,141,80,58,64,96,177,199,166,22,195,119,81,153,129,26,150,56,100,54,113,116,124,160,45,121];True
1990;7348;9338;[180,118,96,194,22,87,121,178,111,132,130,84,77,112,93,147,66,157,103,105,74,188,144,31,142,117,167,61,45,138,41,49,78,128,42,57,197,146,190,126,143,160,91,1,33,124,44,196,36,46,140,92,82,23,189,81,0,85,19,26,176,193,109,20,170,95,38,139,9,4,70,162,34,198,174,184,35,67,32,72,163,25,51,8,16,125,11,113,156,71,165,65,37,94,173,18,131,110,101,59,80,100,30,134,148,195,97,58,175,151,7,191,181,68,123,6,137,158,54,52,119,187,39,107,55,14,13,172,12,89,75,149,15,135,53,183,69,159,164,90,28,155,73,99,106,136,115,152,2,161,102,86,133,76,122,116,104,17,145,56,21,108,192,40,169,182,29,154,60,177,27,43,127,129,171,141,98,114,64,79,179,47,88,5,186,199,83,153,166,24,150,10,185,62,120,3,168,50,48,63];False
1988;7354;9342;[31,118,129,162,19,87,121,178,111,132,130,84,77,112,93,147,66,157,103,197,74,188,144,9,142,117,167,61,45,138,41,49,78,128,42,57,136,50,190,126,143,160,91,1,33,124,180,196,36,46,140,92,82,23,189,81,0,85,22,26,176,193,109,20,170,95,38,139,146,4,105,194,34,198,174,184,35,67,32,72,163,25,51,8,16,125,11,113,156,71,165,65,37,94,173,18,131,110,101,59,80,100,30,134,148,195,97,58,175,151,7,191,181,68,123,6,137,158,54,52,119,187,39,107,55,14,13,172,12,89,75,149,15,135,53,183,69,159,164,90,28,155,73,99,106,70,115,152,2,161,102,86,133,76,122,116,104,17,145,56,21,108,192,40,169,182,29,154,60,177,27,43,127,96,171,141,98,114,64,79,179,47,88,5,186,199,83,153,166,24,150,10,185,62,120,3,168,44,48,63];False
1858;7543;9401;[74,172,12,22,26,178,147,3,2,130,84,117,77,112,106,24,66,157,103,105,90,188,93,118,10,0,101,61,45,138,41,49,78,128,42,57,37,121,162,126,143,160,91,1,33,124,94,196,52,182,140,92,82,23,189,81,87,85,104,46,146,193,136,144,170,95,38,139,19,20,51,149,34,194,180,123,176,67,32,72,163,25,70,65,16,190,11,113,156,71,165,184,31,8,173,18,131,110,167,59,80,100,30,134,148,195,97,137,175,151,7,191,181,68,198,142,58,158,54,36,119,187,39,107,55,14,13,111,132,89,75,4,15,135,53,183,69,159,164,9,28,155,73,99,109,50,115,152,35,161,102,86,133,76,122,116,44,125,145,56,21,108,192,40,169,129,29,154,60,177,27,43,127,96,171,141,98,114,64,79,179,47,88,5,186,199,83,153,166,174,150,6,185,62,120,197,168,17,48,63];False
2269;7144;9413;[50,4,121,162,147,6,129,70,172,12,130,84,77,112,93,184,66,157,103,105,74,188,144,31,142,117,167,61,45,138,41,49,78,128,42,57,197,146,118,126,143,160,91,1,33,124,180,196,36,46,140,92,82,23,189,81,0,85,22,26,176,193,109,190,170,95,38,139,65,20,19,194,34,198,174,178,2,67,32,9,163,25,51,8,16,125,11,113,156,71,165,87,37,94,173,18,131,110,101,59,80,100,30,134,148,195,97,58,175,151,7,191,181,68,123,72,137,158,54,52,119,187,39,107,55,14,13,111,132,89,75,149,15,135,53,183,69,159,164,90,28,155,73,99,106,136,115,152,35,161,102,86,133,76,122,116,104,17,145,56,21,108,192,40,169,182,29,154,60,177,27,43,127,96,171,141,98,114,64,79,179,47,88,5,186,199,83,153,166,24,150,10,185,62,120,3,168,44,48,63];False
1847;7538;9385;[37,172,12,22,81,93,147,3,2,130,84,117,77,112,193,24,66,157,103,105,74,188,144,118,10,0,167,61,45,138,41,88,104,128,42,57,87,121,162,126,143,160,91,1,33,124,94,196,36,46,140,92,82,23,189,49,178,106,136,26,146,159,9,78,170,95,38,139,19,20,51,149,34,194,180,123,176,67,32,72,163,25,70,65,16,125,11,113,156,71,165,184,31,8,173,18,131,110,101,59,80,100,30,134,148,195,97,137,175,151,7,191,181,68,198,142,58,158,54,52,29,187,39,107,85,14,13,111,132,89,75,4,15,135,53,183,69,190,164,90,28,155,73,99,109,50,115,152,35,161,102,86,133,76,122,116,17,55,145,56,21,108,192,40,169,129,119,154,60,177,27,43,127,96,171,141,98,114,64,79,179,47,182,5,186,199,83,153,166,174,150,6,185,62,120,197,168,44,48,63];True
1766;7656;9422;[50,180,12,22,26,178,120,3,2,130,84,117,77,112,31,29,66,157,103,105,74,188,144,118,147,0,101,61,45,138,167,172,78,128,42,57,37,121,162,126,143,160,91,1,33,124,94,196,52,182,140,92,82,23,189,81,87,85,104,20,146,193,109,93,170,95,38,139,19,194,51,149,9,127,175,123,176,67,32,72,137,25,70,65,16,190,11,113,156,71,165,184,125,8,173,18,131,110,41,59,80,100,30,134,148,195,97,58,6,43,7,191,181,68,198,142,163,158,54,36,119,187,39,107,55,14,13,197,132,89,75,4,15,135,53,183,69,159,164,90,28,155,73,99,106,136,115,152,35,161,102,86,133,76,122,116,49,46,145,56,34,108,192,40,169,129,24,154,60,177,27,151,111,96,171,141,98,114,64,79,179,47,88,5,186,199,83,153,166,174,150,10,185,62,44,21,168,17,48,63];False
1660;7821;9481;[180,172,12,22,26,176,120,3,2,130,106,117,77,112,31,24,66,157,103,105,74,188,93,164,100,0,101,61,45,138,126,185,78,128,42,57,37,121,162,146,118,10,91,1,33,124,94,196,36,182,140,92,82,23,189,81,87,85,104,20,167,193,136,144,62,95,38,139,19,194,51,149,34,127,175,123,90,67,32,72,137,25,170,65,16,190,11,113,156,71,165,184,125,8,173,18,131,110,41,59,80,147,30,134,148,195,97,58,6,43,7,191,181,68,198,142,163,158,54,52,29,187,39,107,55,14,13,197,132,89,75,4,15,135,53,183,69,159,9,151,28,155,73,99,84,70,115,152,35,161,102,86,133,76,122,116,49,46,145,56,21,108,192,40,169,129,119,154,60,177,27,178,111,96,171,141,98,114,64,79,179,47,88,5,186,199,83,153,166,174,150,160,143,109,44,50,168,17,48,63];True
1554;8095;9649;[198,155,29,154,141,119,44,7,130,107,105,146,118,178,192,183,104,17,53,162,173,18,57,120,24,197,15,135,32,159,82,134,121,10,123,90,41,22,38,85,168,50,94,60,49,153,185,127,39,148,69,28,129,8,93,46,55,165,42,166,59,36,23,12,54,151,175,83,117,98,78,171,81,52,150,140,92,100,58,79,177,95,167,61,181,65,76,5,27,133,96,157,138,45,188,87,66,126,99,86,112,40,51,106,143,160,80,71,9,190,43,128,14,164,111,195,25,37,145,139,33,13,137,158,182,109,21,73,6,56,63,31,142,115,152,102,186,113,196,89,26,176,72,74,4,97,131,0,199,62,1,189,108,84,124,174,184,161,156,147,3,169,191,11,194,180,163,170,103,91,35,125,149,34,187,114,68,116,20,67,193,16,136,144,70,19,64,101,122,172,77,2,110,30,179,47,132,75,88,48];True
2386;7109;9495;[50,146,180,37,109,31,147,4,172,12,130,117,77,112,93,184,66,157,103,105,74,188,144,142,19,2,167,61,45,138,41,49,78,128,42,57,3,121,162,126,143,160,91,1,33,124,94,196,36,46,140,92,82,23,189,81,0,85,22,26,176,193,16,178,170,95,38,139,65,20,51,149,34,198,174,118,84,67,32,72,163,25,70,6,9,190,11,113,156,71,165,87,194,8,173,18,131,110,101,59,80,100,30,134,148,195,97,58,175,151,7,191,181,68,123,44,137,158,54,52,119,187,39,107,55,14,13,111,132,89,75,129,15,135,53,183,69,159,164,90,28,155,73,99,106,136,115,152,35,161,102,86,133,76,122,116,104,125,145,56,21,108,192,40,169,182,29,154,60,177,27,43,127,96,171,141,98,114,64,79,179,47,88,5,186,199,83,153,166,24,150,10,185,62,120,197,168,17,48,63];True
2922;6974;9896;[34,103,70,190,109,147,6,193,172,12,130,22,195,112,93,118,66,157,20,51,74,188,87,37,174,149,167,61,45,138,41,49,78,128,42,57,191,121,162,126,143,160,91,1,33,124,94,196,36,44,140,92,82,23,189,81,0,85,19,26,176,46,9,178,3,95,38,139,144,146,123,50,31,194,180,4,84,67,32,72,163,25,105,65,16,117,77,113,156,71,165,2,184,8,173,18,131,110,101,59,80,100,30,134,148,11,97,58,175,151,7,170,181,68,198,142,137,158,62,52,119,187,39,107,55,14,13,111,132,89,75,129,15,135,53,183,69,159,164,90,28,155,73,99,106,136,115,152,35,161,102,86,133,76,122,116,104,125,145,56,21,108,192,40,169,182,29,154,60,177,27,43,127,96,171,141,98,114,64,79,179,47,88,5,186,199,83,153,166,24,150,10,185,54,120,197,168,17,48,63];True
1536;8305;9841;[29,71,63,69,141,119,148,7,130,107,105,152,140,178,192,183,154,50,53,162,173,18,57,120,24,197,15,118,198,159,82,134,121,10,123,90,41,22,38,150,168,58,100,60,49,153,185,127,39,187,147,42,129,8,93,46,55,155,67,166,59,36,23,12,54,151,175,83,117,98,78,171,81,52,174,135,14,94,146,79,177,95,167,61,181,65,76,5,27,133,96,157,138,45,188,87,66,126,124,86,112,40,51,106,143,160,80,28,9,190,43,128,85,164,111,195,25,37,145,139,33,13,137,158,182,109,21,73,6,56,92,31,142,115,44,102,186,113,196,89,26,176,72,74,4,97,131,0,199,62,1,189,108,84,34,165,184,161,156,104,3,169,191,11,194,180,163,170,103,91,35,125,149,32,99,114,68,20,116,17,193,16,136,144,70,19,64,101,122,172,77,2,110,30,179,47,132,75,88,48];False
2501;7082;9583;[20,146,31,190,109,118,6,193,172,12,130,22,195,112,93,147,66,157,103,105,74,188,87,37,174,149,167,61,45,123,41,49,78,128,42,57,3,121,162,126,143,160,113,1,33,124,94,196,36,46,140,92,82,23,189,81,0,85,19,26,176,44,9,144,170,95,38,139,178,138,51,50,34,194,180,4,84,67,32,72,163,25,70,65,16,117,77,2,156,71,165,91,184,8,173,18,131,110,101,59,80,100,30,134,148,11,97,58,175,151,7,191,181,68,198,142,137,158,54,52,119,187,39,107,55,14,13,111,132,89,75,129,15,135,53,183,69,159,164,90,28,155,73,99,106,136,115,152,35,161,102,86,133,76,122,116,104,125,145,56,21,108,192,40,169,182,29,154,60,177,27,43,127,96,171,141,98,114,64,79,179,47,88,5,186,199,83,153,166,24,150,10,185,62,120,197,168,17,48,63];True
2992;6959;9951;[20,51,34,118,109,147,6,193,172,59,36,22,195,112,93,178,66,157,103,105,74,188,87,37,174,149,167,61,45,138,41,49,78,128,42,57,3,121,162,126,143,160,91,1,33,124,94,196,130,104,140,92,82,23,189,81,0,85,19,26,176,46,9,190,170,95,38,139,144,48,146,50,31,194,180,4,84,67,32,72,163,25,70,65,16,117,77,113,156,71,165,2,184,8,173,18,131,110,101,151,80,100,30,134,148,11,97,58,175,12,7,191,181,68,198,142,137,158,54,52,119,187,39,107,55,14,13,111,132,89,75,129,15,135,53,183,69,159,164,90,28,155,73,99,106,136,115,152,35,161,102,86,133,76,122,116,44,125,145,123,21,108,192,40,169,182,29,154,60,177,27,43,127,96,171,141,98,114,64,79,179,47,88,5,186,199,83,153,166,24,150,10,185,62,120,197,168,17,56,63];True
1497;8631;10128;[198,49,102,122,114,3,2,129,72,105,99,73,140,178,192,10,123,17,8,168,173,18,25,120,24,197,15,9,150,143,67,75,147,65,124,94,130,22,38,21,135,14,60,151,7,153,187,127,39,107,85,76,50,53,93,100,30,134,58,86,181,82,23,12,54,158,92,142,117,98,78,110,81,52,106,118,183,83,26,79,185,148,167,61,59,36,46,5,41,133,96,157,138,45,188,87,66,126,121,159,174,1,51,29,154,156,160,71,69,190,43,128,101,164,111,88,40,37,145,139,33,13,172,195,182,109,141,35,6,56,189,194,31,171,152,57,186,113,196,89,162,146,28,74,4,97,131,0,199,62,44,34,108,20,55,155,184,161,80,137,177,169,191,11,104,180,163,170,95,91,90,125,149,32,68,63,27,116,175,165,193,16,136,144,70,19,64,103,112,84,77,115,179,176,42,47,132,166,119,48];True
3442;6923;10365;[146,188,40,132,130,5,42,22,38,178,192,89,18,181,68,48,63,118,44,140,124,94,75,36,145,196,113,144,45,138,65,82,187,128,134,195,33,183,162,126,143,160,91,6,77,149,189,148,173,103,123,17,84,122,2,97,0,85,19,26,176,116,16,49,170,95,167,93,66,135,53,56,21,92,147,3,32,165,169,142,163,25,70,90,41,88,61,37,156,71,8,184,168,31,72,78,131,110,101,59,80,100,30,52,182,139,125,58,151,175,197,1,117,98,157,136,137,158,54,12,193,172,39,107,55,14,13,111,114,119,67,129,15,9,28,105,69,159,164,190,109,155,73,99,106,4,115,152,35,161,102,186,133,76,112,104,74,194,34,108,51,50,198,174,23,20,29,154,60,179,27,43,127,96,171,141,11,57,64,79,177,47,166,83,86,199,81,153,7,24,150,10,185,62,120,87,46,180,191,121];True
1480;8878;10358;[14,113,61,19,64,94,75,175,145,143,160,105,93,118,48,99,141,86,45,15,173,18,25,115,24,197,26,9,77,20,129,72,147,65,92,106,196,22,38,174,1,2,110,12,165,153,122,127,39,73,87,76,50,51,74,100,30,134,137,187,181,82,23,151,54,158,121,6,49,112,31,142,81,52,108,53,183,83,7,79,185,148,167,189,59,36,46,5,27,133,96,157,138,41,152,56,66,126,198,159,140,182,111,29,154,156,117,71,69,190,43,128,85,164,178,192,40,124,150,139,33,13,172,195,10,78,60,35,88,135,34,194,130,171,116,57,186,98,84,89,162,146,119,28,4,97,131,67,199,62,102,120,3,114,55,155,184,161,80,58,177,169,191,11,104,193,163,170,95,91,90,125,149,32,68,63,37,109,0,101,8,16,136,144,70,168,17,103,21,180,107,188,179,176,42,47,132,166,123,44];True
1437;8934;10371;[34,94,61,19,49,145,100,0,101,174,118,10,113,196,48,99,141,86,45,15,173,18,25,115,24,197,26,9,7,20,129,72,147,65,92,106,130,22,38,14,3,2,75,12,165,153,122,127,39,73,87,76,50,53,93,110,30,134,137,111,181,82,23,109,54,158,121,6,64,112,187,142,81,52,108,74,183,83,17,79,185,148,167,189,59,36,46,5,27,133,96,157,138,41,152,56,66,126,198,159,140,182,51,29,154,156,160,71,69,190,43,128,85,164,178,192,40,124,150,139,33,13,172,195,117,78,60,35,88,135,105,194,31,171,116,57,186,98,84,89,162,146,119,28,4,97,131,67,199,62,102,120,1,114,55,155,184,161,80,58,177,169,191,11,104,193,163,170,95,91,90,125,149,32,68,63,37,151,175,143,8,16,136,144,70,168,77,103,21,180,107,188,179,176,42,47,132,166,123,44];True
1411;9176;10587;[41,196,48,10,78,145,100,129,8,94,112,1,189,72,105,99,141,17,45,15,173,18,25,120,24,197,26,9,77,193,67,118,147,65,92,106,130,22,38,34,3,2,75,12,165,153,122,127,39,73,87,76,50,53,93,110,30,134,137,86,181,82,23,151,54,158,121,6,117,98,187,142,81,52,108,74,183,83,7,79,185,148,167,61,59,36,46,5,27,133,96,157,138,178,152,56,66,126,198,159,174,19,131,29,154,156,160,71,69,190,43,128,85,164,111,192,40,124,150,139,33,13,172,195,182,37,60,35,88,135,140,194,31,171,116,57,186,113,84,89,162,146,119,28,4,97,51,0,199,62,102,115,14,114,55,155,184,161,80,58,177,169,191,11,104,20,163,170,95,91,90,125,149,32,68,63,49,109,175,143,101,16,136,144,70,168,64,103,21,180,107,188,179,176,42,47,132,166,123,44];True
3598;6895;10493;[20,190,188,93,130,5,42,119,132,142,28,115,101,181,68,48,63,118,44,140,124,94,75,36,145,196,113,61,45,162,123,82,187,128,134,195,33,183,65,74,143,160,91,6,77,149,189,148,173,116,168,17,84,122,2,97,0,85,19,26,176,3,89,49,170,95,40,87,66,135,126,56,21,92,147,67,32,165,169,23,163,25,70,90,41,88,164,37,156,71,8,184,138,109,72,78,131,110,167,59,80,100,30,114,182,139,125,58,151,175,197,1,117,98,157,136,137,158,54,57,193,172,39,107,55,14,13,111,52,18,12,129,15,9,103,105,69,159,38,144,146,155,73,99,106,4,192,152,35,161,102,186,133,76,112,104,31,53,34,108,51,50,198,174,16,194,29,154,60,179,27,43,127,96,171,141,11,22,64,79,177,47,166,83,86,199,81,153,7,24,150,10,185,62,120,178,46,180,191,121];True
3745;6848;10593;[73,74,188,87,130,5,42,119,132,89,115,116,18,181,68,48,63,118,44,140,124,94,75,36,145,196,113,61,45,138,65,82,187,128,134,195,33,183,162,126,143,160,91,6,77,149,189,148,173,103,123,168,84,122,2,97,0,85,19,26,176,3,136,49,170,95,167,93,66,135,20,56,21,92,147,67,32,165,169,23,163,25,70,90,41,88,164,37,156,71,8,184,190,109,72,78,131,110,101,59,80,100,30,114,182,139,125,58,151,175,197,1,117,98,157,142,137,158,54,57,193,172,39,107,55,14,13,111,52,40,12,129,15,9,28,105,69,159,38,144,146,155,31,99,106,4,192,152,35,161,102,186,133,76,112,104,17,53,34,108,51,50,198,174,16,194,29,154,60,177,27,43,127,96,171,179,11,22,64,79,141,47,166,83,86,199,81,153,7,24,150,10,185,62,120,178,46,180,191,121];True
4198;6788;10986;[73,146,118,87,130,5,42,47,26,89,115,152,86,181,68,48,63,155,44,140,124,94,75,36,145,196,113,61,45,138,65,82,187,76,134,195,33,183,190,126,143,160,91,6,77,149,189,148,173,116,123,17,84,122,2,97,0,85,19,132,176,3,136,49,170,95,167,93,66,135,53,56,21,92,147,67,32,165,169,23,163,25,70,90,41,88,164,37,156,71,8,184,162,109,72,78,131,110,101,59,80,100,30,114,182,139,125,58,151,175,197,1,117,98,157,142,137,158,54,57,193,172,39,107,55,14,13,111,52,40,12,129,15,9,28,105,69,159,38,144,20,188,168,99,106,4,192,103,35,161,102,186,133,18,112,104,31,74,34,108,51,50,198,174,16,194,29,154,60,179,27,43,127,96,171,141,11,22,64,79,177,199,166,83,128,119,81,153,7,24,150,10,185,62,120,178,46,180,191,121];False
4789;6735;11524;[198,174,118,10,130,5,134,120,26,145,115,152,186,7,15,51,106,20,44,140,124,168,164,136,125,6,113,61,45,138,123,82,187,128,171,195,33,94,190,126,143,160,91,75,77,149,189,148,173,116,65,4,84,122,2,97,0,85,18,132,176,3,196,49,170,95,167,93,66,135,48,50,21,92,147,67,32,165,169,23,163,25,70,90,41,88,146,37,156,71,8,184,162,109,72,78,131,110,101,59,80,100,30,114,182,139,36,58,151,175,197,1,117,98,157,142,137,158,54,57,193,172,39,107,55,14,13,111,52,40,87,181,68,9,28,105,69,159,38,144,56,63,73,99,155,178,192,103,35,161,102,12,133,76,112,104,31,183,34,108,188,74,53,17,16,194,29,154,60,179,27,43,127,96,42,141,11,22,64,79,177,199,166,83,86,119,81,153,129,24,150,19,185,62,47,89,46,180,191,121];True
5207;6711;11918;[20,29,147,78,130,5,42,47,26,145,115,152,186,129,139,123,106,198,56,140,124,168,164,190,174,196,113,61,45,138,51,82,187,128,134,195,33,94,118,126,143,160,91,75,77,149,189,7,173,116,65,4,84,122,2,97,0,85,18,132,176,3,136,49,170,95,167,93,66,135,48,50,21,92,90,67,32,165,169,23,163,25,70,125,6,88,44,37,156,71,8,184,162,109,72,41,131,110,101,59,80,100,30,114,182,15,36,58,151,175,197,1,117,98,157,142,137,158,54,57,193,172,39,107,55,14,13,111,52,40,87,181,68,9,28,105,69,159,38,144,146,63,73,99,155,178,192,103,35,161,102,12,133,76,112,104,31,183,34,108,188,74,53,17,16,194,19,154,60,179,27,43,127,96,171,141,11,22,64,79,177,199,148,83,86,119,81,153,166,24,150,10,185,62,120,89,46,180,191,121];False
5233;6707;11940;[198,174,125,196,130,5,42,47,26,89,115,152,153,148,139,48,106,20,190,183,124,168,164,45,19,41,113,61,145,138,123,82,187,128,134,195,33,94,118,126,143,160,91,75,77,149,189,7,173,116,65,4,84,122,2,97,0,85,18,132,176,3,136,49,170,95,167,93,66,135,51,50,21,92,90,67,32,165,169,23,163,25,29,147,6,88,70,37,156,71,8,184,162,109,72,78,131,110,101,59,80,100,30,114,182,15,36,58,151,175,197,1,117,98,157,142,137,158,54,57,193,172,39,107,55,14,13,111,52,40,87,181,68,9,28,105,69,159,38,144,56,63,140,99,73,74,192,103,35,161,102,12,133,76,112,104,31,53,146,108,188,44,155,17,16,194,34,154,60,179,27,43,127,96,171,141,11,22,64,79,177,199,166,83,86,119,81,186,129,24,150,10,185,62,120,178,46,180,191,121];True
5939;6693;12632;[146,16,41,127,54,120,89,46,174,18,185,175,12,7,85,15,135,198,19,33,183,17,154,38,178,13,197,123,29,71,44,91,52,2,83,59,93,138,124,94,118,48,73,90,149,163,186,148,173,116,65,192,10,95,61,97,0,77,57,26,145,3,136,49,170,103,105,74,20,156,106,194,51,50,82,67,32,165,169,23,75,36,98,25,1,88,70,37,21,92,8,184,190,109,72,78,111,128,171,110,80,100,30,114,182,139,125,187,158,62,189,130,5,122,157,84,131,79,42,27,193,172,39,107,55,14,147,196,167,40,87,181,68,9,28,162,108,102,132,144,56,63,140,99,34,159,164,69,35,161,191,152,101,134,112,104,31,53,180,4,188,168,155,126,143,142,115,86,60,179,47,43,133,76,151,141,11,58,64,96,177,199,166,22,195,119,81,153,129,24,150,6,137,117,113,66,176,160,45,121];False
6337;6677;13014;[73,56,147,172,54,120,193,35,152,18,185,175,12,7,85,15,135,198,19,33,183,17,154,38,178,13,197,123,29,71,44,91,52,2,83,59,93,138,124,94,118,48,34,90,149,163,186,148,173,116,65,192,10,95,61,97,0,77,57,26,145,160,136,137,170,103,105,74,20,156,31,194,51,50,82,67,32,165,169,23,75,36,98,25,1,88,70,37,21,92,8,184,190,109,72,78,111,128,171,110,80,100,30,114,182,139,41,187,158,62,189,130,5,122,157,84,131,79,42,27,89,115,39,107,55,14,125,196,167,40,87,181,68,9,28,162,108,102,132,144,146,63,140,99,16,159,164,69,3,161,191,174,101,134,112,104,106,53,180,4,188,168,155,126,143,142,49,127,60,179,47,43,133,76,151,141,11,58,64,96,177,199,166,22,195,119,81,153,129,24,150,6,86,117,113,66,176,46,45,121];True
6758;6672;13430;[106,84,67,83,86,128,42,119,132,89,137,133,12,185,54,52,189,28,38,14,136,118,10,36,184,66,46,44,23,190,109,48,73,74,143,91,69,159,15,135,37,8,71,56,92,90,131,59,93,3,169,142,191,61,145,94,13,111,7,77,176,35,97,171,57,2,167,107,123,50,146,51,20,17,82,78,170,18,75,161,115,25,105,4,6,88,70,108,21,180,154,122,197,162,125,163,158,110,129,24,130,127,30,114,182,139,178,72,101,175,85,1,117,120,157,173,186,79,141,27,193,172,39,32,55,155,33,192,165,40,87,181,68,9,103,140,147,196,95,144,156,34,188,65,53,183,164,41,149,152,102,62,11,134,112,104,99,63,31,198,138,168,29,126,16,194,19,49,60,179,5,43,187,76,151,148,80,58,64,96,177,199,166,22,195,98,81,153,47,26,150,174,100,0,113,116,124,160,45,121];False
6832;6666;13498;[198,174,196,83,111,171,141,119,132,89,137,170,5,185,54,52,2,95,38,14,72,118,10,36,184,66,46,44,23,190,109,56,73,74,143,91,69,159,15,135,37,8,71,48,92,90,131,59,93,3,169,142,191,61,145,94,13,86,7,77,176,35,97,128,57,195,167,107,123,50,146,51,20,17,82,78,133,18,75,161,115,25,105,4,6,88,70,108,21,106,154,122,197,162,125,163,158,110,129,24,130,127,30,114,182,139,178,136,101,175,85,1,117,120,157,173,186,79,42,27,193,172,39,32,55,155,33,192,165,40,87,181,68,9,103,140,147,67,28,144,156,180,188,65,53,183,164,41,149,152,102,62,11,134,112,104,99,63,31,34,138,168,29,126,16,194,19,49,60,179,12,43,187,76,151,148,80,58,64,96,177,199,166,22,189,98,81,153,47,26,150,84,100,0,113,116,124,160,45,121];True
7130;6640;13770;[34,84,67,163,158,60,141,11,89,75,137,133,12,185,54,52,189,28,38,14,72,118,10,36,184,66,46,44,23,190,109,56,73,74,143,91,69,159,15,135,37,8,71,48,92,90,131,59,93,3,169,142,191,61,145,94,13,111,7,77,176,35,97,171,57,2,167,107,123,50,146,51,20,17,82,78,170,18,132,161,115,25,105,4,6,88,70,108,21,106,154,122,197,162,125,49,86,110,129,24,130,127,30,114,182,139,178,136,101,175,85,1,117,120,157,173,186,79,42,27,193,172,39,32,55,155,33,192,165,40,87,181,68,9,103,140,147,196,95,144,156,180,188,65,53,183,164,41,149,152,102,62,98,134,112,104,99,63,31,198,138,168,29,126,16,194,19,83,128,179,5,43,187,76,151,148,80,58,64,96,177,199,166,22,195,119,81,153,47,26,150,174,100,0,113,116,124,160,45,121];True
7932;6609;14541;[50,56,198,174,149,83,59,57,132,75,163,133,12,185,111,36,169,115,89,3,161,159,15,135,53,29,46,44,23,190,109,10,184,51,34,91,69,28,8,37,94,71,188,48,92,90,131,148,93,14,178,191,66,61,145,84,13,151,7,38,176,35,97,128,52,2,167,107,123,146,155,65,118,17,82,18,0,77,196,170,129,25,105,4,6,88,70,108,21,106,154,122,197,24,72,78,86,110,171,189,49,127,30,114,182,139,180,137,158,175,85,1,117,120,157,173,186,79,42,27,193,172,39,32,55,125,33,192,165,40,87,181,68,9,103,162,147,67,95,144,156,63,31,143,160,183,164,41,152,130,102,62,5,134,112,104,99,73,74,20,138,168,140,126,16,194,19,98,60,179,47,43,187,76,101,141,11,58,64,96,177,199,166,22,195,119,81,153,80,26,150,136,100,54,113,116,124,142,45,121];True
8191;6596;14787;[73,174,67,75,149,83,59,57,132,136,163,133,12,185,111,26,169,115,89,46,161,28,15,135,53,180,118,44,23,190,109,10,184,51,34,91,69,159,8,37,94,198,188,48,92,90,131,148,93,14,178,191,66,61,145,84,13,151,7,38,176,35,97,128,52,2,167,107,123,50,155,65,194,17,82,18,0,77,196,170,129,25,105,4,6,88,70,108,21,106,154,122,197,24,72,78,86,110,171,189,49,127,30,114,182,139,29,137,158,175,85,1,117,120,157,173,186,79,42,27,193,172,39,32,55,125,33,192,165,40,87,181,68,9,103,162,147,3,95,144,156,146,31,143,160,183,164,41,152,130,102,62,5,134,112,104,99,63,74,20,138,168,140,126,16,71,19,98,60,179,47,43,187,76,101,141,11,58,64,96,177,199,166,22,195,119,81,153,80,36,150,56,100,54,113,116,124,142,45,121];True
8489;6567;15056;[50,73,194,136,149,83,59,57,132,75,163,133,12,185,111,26,169,84,89,3,161,159,15,135,142,115,46,44,37,190,109,10,184,51,174,91,69,28,8,118,180,198,188,48,92,90,131,148,93,14,178,23,66,61,145,94,13,151,7,38,176,35,97,128,52,2,167,107,123,146,155,65,53,17,82,18,0,77,196,170,129,25,105,4,6,88,70,108,21,106,154,122,197,24,72,78,86,110,171,189,49,127,30,114,182,139,29,137,158,175,85,1,117,120,157,173,186,79,42,27,193,172,39,32,55,125,33,192,165,40,87,181,68,9,103,162,147,67,95,144,156,140,31,143,191,183,164,41,152,130,102,62,5,134,112,104,99,63,74,20,138,168,34,126,16,71,19,98,60,179,47,43,187,76,101,141,11,58,64,96,177,199,166,22,195,119,81,153,80,36,150,56,100,54,113,116,124,160,45,121];True
8348;6591;14939;[51,50,194,136,149,83,59,57,132,75,163,133,12,185,111,26,169,84,89,3,161,159,15,135,142,115,46,44,37,190,109,10,184,73,174,91,69,28,8,118,180,198,188,48,92,90,131,148,93,14,178,23,66,61,145,94,13,151,7,38,176,35,97,128,52,2,167,107,123,146,155,65,53,17,82,18,0,77,196,170,129,25,105,4,6,88,70,108,21,106,154,122,197,24,72,78,86,110,171,189,49,127,30,114,182,139,29,137,158,175,85,1,117,120,157,173,186,79,42,27,193,172,39,32,55,125,33,192,165,40,87,181,68,9,103,162,147,67,95,144,156,140,31,143,191,183,164,41,152,130,102,62,5,134,112,104,99,63,74,20,138,168,34,126,16,71,19,98,60,179,47,43,187,76,101,141,11,58,64,96,177,199,166,22,195,119,81,153,80,36,150,56,100,54,113,116,124,160,45,121];False
8604;6562;15166;[73,174,67,36,149,83,59,57,132,75,137,133,12,185,54,167,169,84,89,3,161,159,15,135,194,115,46,44,37,190,109,10,184,51,34,91,69,28,8,118,180,53,188,48,92,90,131,148,93,14,178,142,66,61,145,94,13,151,7,38,176,35,97,111,52,2,95,107,123,50,155,65,198,17,82,18,0,77,196,170,129,25,105,4,6,88,70,108,21,106,154,122,197,24,72,78,86,110,171,189,49,127,30,114,182,139,29,163,158,128,85,1,117,120,157,173,186,79,42,27,193,172,39,32,55,125,33,192,165,40,87,181,68,9,103,162,147,23,136,144,156,146,31,143,191,183,164,41,152,130,102,62,5,134,112,104,99,63,74,20,138,168,140,126,16,71,19,98,60,179,47,43,187,76,101,141,11,58,64,96,177,199,166,22,195,119,81,153,80,26,150,56,100,175,113,116,124,160,45,121];True
8993;6541;15534;[50,174,23,136,149,83,59,57,132,75,163,86,12,185,133,26,169,84,89,3,161,159,15,135,194,115,46,44,37,190,109,10,184,51,34,91,69,28,8,118,180,53,188,48,92,90,131,148,93,14,178,142,66,61,145,94,13,151,7,38,176,35,97,128,52,2,167,107,123,73,155,65,198,17,82,18,0,77,196,170,129,25,105,4,6,88,70,108,21,106,154,122,197,24,72,78,111,110,171,189,49,127,30,114,182,139,29,137,158,175,85,1,117,120,157,173,186,79,42,27,193,172,39,32,55,125,33,192,165,40,87,181,68,9,103,162,147,67,95,144,156,146,31,143,191,183,164,41,152,130,102,62,5,134,112,104,99,63,74,20,138,168,140,126,16,71,19,98,60,179,47,43,187,76,101,141,11,58,64,96,177,199,166,22,195,119,81,153,80,36,150,56,100,54,113,116,124,160,45,121];True
9457;6527;15984;[73,174,23,136,149,11,59,57,132,75,137,86,151,185,133,98,193,84,89,3,161,159,15,135,194,115,46,44,37,190,109,10,184,51,34,91,69,28,8,118,180,53,188,48,92,90,131,148,93,14,178,142,66,61,145,94,13,12,7,38,176,35,97,128,52,2,167,107,123,50,155,65,198,17,82,18,0,36,196,170,77,25,105,4,6,88,70,108,21,106,154,122,197,24,72,78,111,110,171,189,49,127,30,114,182,139,29,163,158,175,85,1,117,120,157,173,186,79,42,27,169,172,39,32,55,125,33,192,165,40,87,181,68,9,103,162,147,67,95,144,156,146,31,143,191,183,164,41,152,130,102,62,5,134,112,104,99,63,74,20,138,168,140,126,16,71,19,83,60,179,47,43,187,76,101,141,80,58,64,96,177,199,166,22,195,119,81,153,129,26,150,56,100,54,113,116,124,160,45,121];True
1958;7340;9298;[34,118,129,162,19,87,121,178,111,132,130,84,77,112,93,147,66,157,103,197,74,188,144,9,142,117,167,61,45,138,41,49,78,128,42,57,136,50,190,126,143,160,91,1,33,124,180,196,36,46,140,92,82,23,189,81,0,85,22,26,176,193,109,20,170,95,38,139,146,4,105,194,31,198,174,184,35,67,32,72,163,25,51,8,16,125,11,113,156,71,165,65,37,94,173,18,131,110,101,59,80,100,30,134,148,195,97,58,175,151,7,191,181,68,123,6,137,158,54,52,119,187,39,107,55,14,13,172,12,89,75,149,15,135,53,183,69,159,164,90,28,155,73,99,106,70,115,152,2,161,102,86,133,76,122,116,104,17,145,56,21,108,192,40,169,182,29,154,60,177,27,43,127,96,171,141,98,114,64,79,179,47,88,5,186,199,83,153,166,24,150,10,185,62,120,3,168,44,48,63];True
2255;7142;9397;[50,4,121,162,147,6,129,70,172,12,130,84,77,112,93,184,66,157,103,105,74,188,144,31,142,117,167,61,45,138,41,49,78,128,42,57,197,146,118,126,143,160,91,1,33,124,180,196,36,46,140,92,82,23,189,81,0,85,22,26,176,193,109,190,170,95,38,139,65,20,178,194,34,198,174,19,2,67,32,9,163,25,51,8,16,125,11,113,156,71,165,87,37,94,173,18,131,110,101,59,80,100,30,134,148,195,97,58,175,151,7,191,181,68,123,72,137,158,54,52,119,187,39,107,55,14,13,111,132,89,75,149,15,135,53,183,69,159,164,90,28,155,73,99,106,136,115,152,35,161,102,86,133,76,122,116,104,17,145,56,21,108,192,40,169,182,29,154,60,177,27,43,127,96,171,141,98,114,64,79,179,47,88,5,186,199,83,153,166,24,150,10,185,62,120,3,168,44,48,63];True
1852;7527;9379;[37,172,12,22,81,93,147,3,2,130,84,117,77,112,193,24,66,157,103,105,74,188,144,118,10,0,167,61,45,138,41,88,104,128,42,57,87,121,162,126,143,160,91,1,33,124,94,196,36,46,140,92,82,23,189,49,178,106,136,26,146,190,9,78,170,95,38,139,19,20,51,149,34,194,180,123,176,67,32,72,163,25,70,65,16,125,11,113,156,71,165,184,31,8,173,18,131,110,101,59,80,100,30,134,148,195,97,137,175,151,7,191,181,68,198,142,58,158,54,52,29,187,39,107,85,14,13,111,132,89,75,4,15,135,53,183,69,159,164,90,28,155,73,99,109,50,115,152,35,161,102,86,133,76,122,116,17,55,145,56,21,108,192,40,169,129,119,154,60,177,27,43,127,96,171,141,98,114,64,79,179,47,182,5,186,199,83,153,166,174,150,6,185,62,120,197,168,44,48,63];True
1766;7652;9418;[50,172,12,22,26,178,120,3,2,130,84,117,77,112,31,29,66,157,103,105,74,188,144,118,147,0,101,61,45,138,167,180,78,128,42,57,37,121,162,126,143,160,91,1,33,124,94,196,52,182,140,92,82,23,189,81,87,85,104,20,146,193,109,93,170,95,38,139,19,194,51,149,9,127,175,123,176,67,32,72,137,25,70,65,16,190,11,113,156,71,165,184,125,8,173,18,131,110,41,59,80,100,30,134,148,195,97,58,6,43,7,191,181,68,198,142,163,158,54,36,119,187,39,107,55,14,13,197,132,89,75,4,15,135,53,183,69,159,164,90,28,155,73,99,106,136,115,152,35,161,102,86,133,76,122,116,49,46,145,56,34,108,192,40,169,129,24,154,60,177,27,151,111,96,171,141,98,114,64,79,179,47,88,5,186,199,83,153,166,174,150,10,185,62,44,21,168,17,48,63];True
1657;7830;9487;[180,172,12,22,26,176,120,3,2,130,106,117,77,112,31,24,66,157,103,105,74,188,93,164,100,0,101,61,45,55,126,185,78,128,42,57,37,121,162,146,118,10,91,1,33,124,94,196,36,182,140,92,82,23,189,81,87,85,104,20,167,193,136,144,62,95,38,139,19,194,51,149,34,127,175,123,90,67,32,72,137,25,170,65,16,190,11,113,156,71,165,184,125,8,173,18,131,110,41,59,80,147,30,134,148,195,97,58,6,43,7,191,181,68,198,142,163,158,54,52,29,187,39,107,138,14,13,197,132,89,75,4,15,135,53,183,69,159,9,151,28,155,73,99,84,70,115,152,35,161,102,86,133,76,122,116,49,46,145,56,21,108,192,40,169,129,119,154,60,177,27,178,111,96,171,141,98,114,64,79,179,47,88,5,186,199,83,153,166,174,150,160,143,109,44,50,168,17,48,63];True
1558;8067;9625;[198,155,29,154,141,119,44,7,130,107,105,146,118,178,192,183,104,17,53,162,173,18,57,120,24,197,15,135,34,159,82,134,121,10,123,90,41,22,38,85,168,50,94,60,49,153,185,127,39,148,69,28,129,8,93,46,55,165,42,166,59,36,23,12,54,151,175,83,117,98,78,171,81,52,150,140,92,100,58,79,177,95,167,61,181,65,76,5,27,133,96,157,138,45,188,87,66,126,99,86,112,40,51,106,143,160,80,71,9,190,43,128,14,164,111,195,25,37,145,139,33,13,137,158,182,109,21,73,6,56,63,31,142,115,152,102,186,113,196,89,26,176,72,74,4,97,131,0,199,62,1,189,108,84,124,174,184,161,156,147,3,169,191,11,194,180,163,170,103,91,35,125,149,32,187,114,68,116,20,67,193,16,136,144,70,19,64,101,122,172,77,2,110,30,179,47,132,75,88,48];True
2343;7118;9461;[50,146,180,4,109,31,147,37,172,12,130,117,77,112,93,184,66,157,103,105,74,188,144,142,19,2,167,61,45,138,41,49,78,128,42,57,3,121,162,126,143,160,91,1,33,124,94,196,36,46,140,92,82,23,189,81,0,85,22,26,176,193,16,178,170,95,38,139,65,20,51,149,34,198,174,118,84,67,32,72,163,25,70,6,9,190,11,113,156,71,165,87,194,8,173,18,131,110,101,59,80,100,30,134,148,195,97,58,175,151,7,191,181,68,123,44,137,158,54,52,119,187,39,107,55,14,13,111,132,89,75,129,15,135,53,183,69,159,164,90,28,155,73,99,106,136,115,152,35,161,102,86,133,76,122,116,104,125,145,56,21,108,192,40,169,182,29,154,60,177,27,43,127,96,171,141,98,114,64,79,179,47,88,5,186,199,83,153,166,24,150,10,185,62,120,197,168,17,48,63];True
2854;6977;9831;[34,103,105,190,109,147,6,193,172,12,130,22,195,112,93,118,66,157,20,51,74,188,87,37,174,149,167,61,45,138,41,49,78,128,42,57,191,121,162,126,143,160,91,1,33,124,94,196,36,44,140,92,82,23,189,81,0,85,19,26,176,46,9,178,3,95,38,139,144,146,123,50,31,194,180,4,84,67,32,72,163,25,70,65,16,117,77,113,156,71,165,2,184,8,173,18,131,110,101,59,80,100,30,134,148,11,97,58,175,151,7,170,181,68,198,142,137,158,62,52,119,187,39,107,55,14,13,111,132,89,75,129,15,135,53,183,69,159,164,90,28,155,73,99,106,136,115,152,35,161,102,86,133,76,122,116,104,125,145,56,21,108,192,40,169,182,29,154,60,177,27,43,127,96,171,141,98,114,64,79,179,47,88,5,186,199,83,153,166,24,150,10,185,54,120,197,168,17,48,63];True
1542;8233;9775;[29,71,63,69,141,119,148,7,130,107,105,44,140,178,192,183,154,50,53,162,173,18,57,120,24,197,15,118,198,159,82,134,121,10,123,90,41,22,38,150,168,58,100,60,49,153,185,127,39,187,147,42,129,8,93,46,55,155,67,166,59,36,23,12,54,151,175,83,117,98,78,171,81,52,174,135,14,94,146,79,177,95,167,61,181,65,76,5,27,133,96,157,138,45,188,87,66,126,124,86,112,40,51,106,143,160,80,28,9,190,43,128,85,164,111,195,25,37,145,139,33,13,137,158,182,109,21,73,6,56,92,31,142,115,152,102,186,113,196,89,26,176,72,74,4,97,131,0,199,62,1,189,108,84,34,165,184,161,156,104,3,169,191,11,194,180,163,170,103,91,35,125,149,32,99,114,68,20,116,17,193,16,136,144,70,19,64,101,122,172,77,2,110,30,179,47,132,75,88,48];True
2518;7073;9591;[20,146,31,190,109,118,6,193,172,12,130,22,195,112,93,147,66,157,103,105,74,188,87,37,174,149,167,61,45,123,41,49,78,128,42,57,3,121,162,126,143,160,2,1,33,124,94,196,36,46,140,92,82,23,189,81,0,85,19,26,176,44,9,144,170,95,38,139,178,138,51,50,34,194,180,4,84,67,32,72,163,25,70,65,16,117,77,113,156,71,165,91,184,8,173,18,131,110,101,59,80,100,30,134,148,11,97,58,175,151,7,191,181,68,198,142,137,158,54,52,119,187,39,107,55,14,13,111,132,89,75,129,15,135,53,183,69,159,164,90,28,155,73,99,106,136,115,152,35,161,102,86,133,76,122,116,104,125,145,56,21,108,192,40,169,182,29,154,60,177,27,43,127,96,171,141,98,114,64,79,179,47,88,5,186,199,83,153,166,24,150,10,185,62,120,197,168,17,48,63];True
3136;6955;10091;[20,48,34,118,109,147,6,193,172,59,36,22,195,112,93,178,66,157,103,105,74,188,87,37,174,149,167,61,45,138,41,49,78,128,42,57,3,121,162,126,143,160,91,1,33,124,94,196,130,104,140,92,82,23,189,81,0,85,19,26,176,46,9,190,170,95,38,139,144,51,146,50,31,194,180,4,84,67,32,72,163,25,70,65,16,117,77,113,156,71,165,2,184,8,173,18,131,110,101,151,80,100,30,134,148,11,97,58,175,12,7,191,181,68,198,142,137,158,54,52,119,187,39,107,55,14,13,111,132,89,75,129,15,135,53,183,69,159,164,90,28,155,73,99,106,136,115,152,35,161,102,86,133,76,122,116,44,125,145,123,21,108,192,40,169,182,29,154,60,177,27,43,127,96,171,141,98,114,64,79,179,47,88,5,186,199,83,153,166,24,150,10,185,62,120,197,168,17,56,63];True
1517;8612;10129;[92,49,102,122,114,3,2,129,72,105,99,73,140,178,192,10,123,17,8,168,173,18,25,120,24,197,15,9,150,143,67,75,147,65,124,94,130,22,38,21,135,14,60,151,7,153,187,127,39,107,85,76,50,53,93,100,30,134,58,86,181,82,23,12,54,158,198,142,117,98,78,110,81,52,106,118,183,83,26,79,185,148,167,61,59,36,46,5,41,133,96,157,138,45,188,87,66,126,121,159,174,1,51,29,154,156,160,71,69,190,43,128,101,164,111,88,40,37,145,139,33,13,172,195,182,109,141,35,6,56,189,194,31,171,152,57,186,113,196,89,162,146,28,74,4,97,131,0,199,62,44,34,108,20,55,155,184,161,80,137,177,169,191,11,104,180,163,170,95,91,90,125,149,32,68,63,27,116,175,165,193,16,136,144,70,19,64,103,112,84,77,115,179,176,42,47,132,166,119,48];True
3494;6917;10411;[73,188,40,132,130,5,42,22,38,178,192,89,18,181,68,48,63,118,44,140,124,94,75,36,145,196,113,144,45,138,65,82,187,128,134,195,33,183,162,126,143,160,91,6,77,149,189,148,173,103,123,17,84,122,2,97,0,85,19,26,176,116,16,49,170,95,167,93,66,135,53,56,21,92,147,3,32,165,169,142,163,25,70,90,41,88,61,37,156,71,8,184,168,31,72,78,131,110,101,59,80,100,30,52,182,139,125,58,151,175,197,1,117,98,157,136,137,158,54,12,193,172,39,107,55,14,13,111,114,119,67,129,15,9,28,105,69,159,164,190,109,155,146,99,106,4,115,152,35,161,102,186,133,76,112,104,74,194,34,108,51,50,198,174,23,20,29,154,60,179,27,43,127,96,171,141,11,57,64,79,177,47,166,83,86,199,81,153,7,24,150,10,185,62,120,87,46,180,191,121];True
1478;8887;10365;[14,113,61,19,64,94,75,175,145,143,160,105,93,118,48,99,141,86,45,15,173,18,25,115,24,197,26,9,77,20,129,72,147,65,87,106,196,22,38,174,1,2,110,12,165,153,122,127,39,73,92,76,50,51,74,100,30,134,137,187,181,82,23,151,54,158,121,6,49,112,31,142,81,52,108,53,183,83,7,79,185,148,167,189,59,36,46,5,27,133,96,157,138,41,152,56,66,126,198,159,140,182,111,29,154,156,117,71,69,190,43,128,85,164,178,192,40,124,150,139,33,13,172,195,10,78,60,35,88,135,34,194,130,171,116,57,186,98,84,89,162,146,119,28,4,97,131,67,199,62,102,120,3,114,55,155,184,161,80,58,177,169,191,11,104,193,163,170,95,91,90,125,149,32,68,63,37,109,0,101,8,16,136,144,70,168,17,103,21,180,107,188,179,176,42,47,132,166,123,44];True
1413;8980;10393;[14,94,61,19,49,145,100,0,101,174,118,10,113,196,48,99,141,86,45,15,173,18,25,115,24,197,26,9,7,20,129,72,147,65,92,106,130,22,38,34,3,2,75,12,165,153,122,127,39,73,87,76,50,53,93,110,30,134,137,111,181,82,23,109,54,158,121,6,64,112,187,142,81,52,108,74,183,83,17,79,185,148,167,189,59,36,46,5,27,133,96,157,138,41,152,56,66,126,198,159,140,182,51,29,154,156,160,71,69,190,43,128,85,164,178,192,40,124,150,139,33,13,172,195,117,78,60,35,88,135,105,194,31,171,116,57,186,98,84,89,162,146,119,28,4,97,131,67,199,62,102,120,1,114,55,155,184,161,80,58,177,169,191,11,104,193,163,170,95,91,90,125,149,32,68,63,37,151,175,143,8,16,136,144,70,168,77,103,21,180,107,188,179,176,42,47,132,166,123,44];True
1409;9185;10594;[41,196,48,10,78,145,100,129,8,94,112,1,189,72,105,99,141,17,45,15,173,18,25,120,24,197,26,9,77,193,67,118,147,65,87,106,130,22,38,34,3,2,75,12,165,153,122,127,39,73,92,76,50,53,93,110,30,134,137,86,181,82,23,151,54,158,121,6,117,98,187,142,81,52,108,74,183,83,7,79,185,148,167,61,59,36,46,5,27,133,96,157,138,178,152,56,66,126,198,159,174,19,131,29,154,156,160,71,69,190,43,128,85,164,111,192,40,124,150,139,33,13,172,195,182,37,60,35,88,135,140,194,31,171,116,57,186,113,84,89,162,146,119,28,4,97,51,0,199,62,102,115,14,114,55,155,184,161,80,58,177,169,191,11,104,20,163,170,95,91,90,125,149,32,68,63,49,109,175,143,101,16,136,144,70,168,64,103,21,180,107,188,179,176,42,47,132,166,123,44];True
3592;6896;10488;[20,190,188,93,130,5,42,119,132,142,136,115,101,181,68,48,63,118,44,140,124,94,75,36,145,196,113,61,45,162,123,82,187,128,134,195,33,183,65,74,143,160,91,6,77,149,189,148,173,116,168,17,84,122,2,97,0,85,19,26,176,3,89,49,170,95,40,87,66,135,126,56,21,92,147,67,32,165,169,23,163,25,70,90,41,88,164,37,156,71,8,184,138,109,72,78,131,110,167,59,80,100,30,114,182,139,125,58,151,175,197,1,117,98,157,28,137,158,54,57,193,172,39,107,55,14,13,111,52,18,12,129,15,9,103,105,69,159,38,144,146,155,73,99,106,4,192,152,35,161,102,186,133,76,112,104,31,53,34,108,51,50,198,174,16,194,29,154,60,179,27,43,127,96,171,141,11,22,64,79,177,47,166,83,86,199,81,153,7,24,150,10,185,62,120,178,46,180,191,121];True
3857;6842;10699;[73,74,188,87,130,5,42,119,132,89,115,36,18,181,68,48,63,118,44,140,124,94,75,116,145,196,113,61,45,138,65,82,187,128,134,195,33,183,162,126,143,160,91,6,77,149,189,148,173,103,123,168,84,122,2,97,0,85,19,26,176,3,136,49,170,95,167,93,66,135,20,56,21,92,147,67,32,165,169,23,163,25,70,90,41,88,164,37,156,71,8,184,190,109,72,78,131,110,101,59,80,100,30,114,182,139,125,58,151,175,197,1,117,98,157,142,137,158,54,57,193,172,39,107,55,14,13,111,52,40,12,129,15,9,28,105,69,159,38,144,146,155,31,99,106,4,192,152,35,161,102,186,133,76,112,104,17,53,34,108,51,50,198,174,16,194,29,154,60,177,27,43,127,96,171,179,11,22,64,79,141,47,166,83,86,199,81,153,7,24,150,10,185,62,120,178,46,180,191,121];False
4177;6786;10963;[73,146,118,87,130,5,42,47,26,89,115,152,86,181,68,48,99,155,44,140,124,94,75,36,145,196,113,61,45,138,65,82,187,76,134,195,33,183,190,126,143,160,91,6,77,149,189,148,173,116,123,17,84,122,2,97,0,85,19,132,176,3,136,49,170,95,167,93,66,135,53,56,21,92,147,67,32,165,169,23,163,25,70,90,41,88,164,37,156,71,8,184,162,109,72,78,131,110,101,59,80,100,30,114,182,139,125,58,151,175,197,1,117,98,157,142,137,158,54,57,193,172,39,107,55,14,13,111,52,40,12,129,15,9,28,105,69,159,38,144,20,188,168,63,106,4,192,103,35,161,102,186,133,18,112,104,31,74,34,108,51,50,198,174,16,194,29,154,60,179,27,43,127,96,171,141,11,22,64,79,177,199,166,83,128,119,81,153,7,24,150,10,185,62,120,178,46,180,191,121];True
4778;6746;11524;[198,174,118,19,130,5,134,120,26,145,115,152,186,7,15,51,106,20,44,140,124,168,164,136,125,6,113,61,45,138,123,82,187,128,171,195,33,94,190,126,143,160,91,75,77,149,189,148,173,116,65,4,84,122,2,97,0,85,18,132,176,3,196,49,170,95,167,93,66,135,48,50,21,92,147,67,32,165,169,23,163,25,70,90,41,88,146,37,156,71,8,184,162,109,72,78,131,110,101,59,80,100,30,114,182,139,36,58,151,175,197,1,117,98,157,142,137,158,54,57,193,172,39,107,55,14,13,111,52,40,87,181,68,9,28,105,69,159,38,144,56,63,73,99,155,178,192,103,35,161,102,12,133,76,112,104,31,183,34,108,188,74,53,17,16,194,29,154,60,179,27,43,127,96,42,141,11,22,64,79,177,199,166,83,86,119,81,153,129,24,150,10,185,62,47,89,46,180,191,121];True
5298;6706;12004;[20,29,147,78,130,5,42,120,26,145,115,152,186,129,139,123,106,198,56,140,124,168,164,190,174,196,113,61,45,138,51,82,187,128,134,195,33,94,118,126,143,160,91,75,77,149,189,7,173,116,65,4,84,122,2,97,0,85,18,132,176,3,136,49,170,95,167,93,66,135,48,50,21,92,90,67,32,165,169,23,163,25,70,125,6,88,44,37,156,71,8,184,162,109,72,41,131,110,101,59,80,100,30,114,182,15,36,58,151,175,197,1,117,98,157,142,137,158,54,57,193,172,39,107,55,14,13,111,52,40,87,181,68,9,28,105,69,159,38,144,146,63,73,99,155,178,192,103,35,161,102,12,133,76,112,104,31,183,34,108,188,74,53,17,16,194,19,154,60,179,27,43,127,96,171,141,11,22,64,79,177,199,148,83,86,119,81,153,166,24,150,10,185,62,47,89,46,180,191,121];True
5200;6711;11911;[198,174,147,196,130,5,42,47,26,89,115,152,153,148,139,48,106,20,190,183,124,168,164,45,19,41,113,61,145,138,123,82,187,128,134,195,33,94,118,126,143,160,91,75,77,149,189,7,173,116,65,4,84,122,2,97,0,85,18,132,176,3,136,49,170,95,167,93,66,135,51,50,21,92,90,67,32,165,169,23,163,25,29,125,6,88,70,37,156,71,8,184,162,109,72,78,131,110,101,59,80,100,30,114,182,15,36,58,151,175,197,1,117,98,157,142,137,158,54,57,193,172,39,107,55,14,13,111,52,40,87,181,68,9,28,105,69,159,38,144,56,63,140,99,73,74,192,103,35,161,102,12,133,76,112,104,31,53,146,108,188,44,155,17,16,194,34,154,60,179,27,43,127,96,171,141,11,22,64,79,177,199,166,83,86,119,81,186,129,24,150,10,185,62,120,178,46,180,191,121];False
5932;6688;12620;[146,143,41,127,54,120,89,46,174,18,185,175,12,7,85,15,135,198,19,33,183,17,154,38,178,13,197,123,29,71,44,91,52,2,83,59,93,138,124,94,118,48,73,90,149,163,186,148,173,116,65,192,10,95,61,97,0,77,57,26,145,3,136,49,170,103,105,74,20,156,106,194,51,50,82,67,32,165,169,23,75,36,98,25,1,88,70,37,21,92,8,184,190,109,72,78,111,128,171,110,80,100,30,114,182,139,125,187,158,62,189,130,5,122,157,84,131,79,42,27,193,172,39,107,55,14,147,196,167,40,87,181,68,9,28,162,108,102,132,144,56,63,140,99,34,159,164,69,35,161,191,152,101,134,112,104,31,53,180,4,188,168,155,126,16,142,115,86,60,179,47,43,133,76,151,141,11,58,64,96,177,199,166,22,195,119,81,153,129,24,150,6,137,117,113,66,176,160,45,121];True
6385;6676;13061;[50,56,147,172,54,120,193,35,152,18,185,175,12,7,85,15,135,198,19,33,183,17,154,38,178,13,197,123,29,71,44,91,52,2,83,59,93,138,124,94,118,48,34,90,149,163,186,148,173,116,65,192,10,95,61,97,0,77,57,26,145,160,136,137,170,103,105,74,20,156,31,194,51,73,82,67,32,165,169,23,75,36,98,25,1,88,70,37,21,92,8,184,190,109,72,78,111,128,171,110,80,100,30,114,182,139,41,187,158,62,189,130,5,122,157,84,131,79,42,27,89,115,39,107,55,14,125,196,167,40,87,181,68,9,28,162,108,102,132,144,146,63,140,99,16,159,164,69,3,161,191,174,101,134,112,104,106,53,180,4,188,168,155,126,143,142,49,127,60,179,47,43,133,76,151,141,11,58,64,96,177,199,166,22,195,119,81,153,129,24,150,6,86,117,113,66,176,46,45,121];True
6877;6657;13534;[34,84,67,83,86,128,42,119,132,89,137,133,12,185,54,52,189,28,38,14,136,118,10,36,184,66,46,44,23,190,109,48,73,74,143,91,69,159,15,135,37,8,71,56,92,90,131,59,93,3,169,142,191,61,145,94,13,111,7,77,176,35,97,171,57,2,167,107,123,50,146,51,20,17,82,78,170,18,75,161,115,25,105,4,6,88,70,108,21,180,154,122,197,162,125,163,158,110,129,24,130,127,30,114,182,139,178,72,101,175,85,1,117,120,157,173,186,79,141,27,193,172,39,32,55,155,33,192,165,40,87,181,68,9,103,140,147,196,95,144,156,106,188,65,53,183,164,41,149,152,102,62,11,134,112,104,99,63,31,198,138,168,29,126,16,194,19,49,60,179,5,43,187,76,151,148,80,58,64,96,177,199,166,22,195,98,81,153,47,26,150,174,100,0,113,116,124,160,45,121];True
6798;6668;13466;[198,174,196,83,101,171,141,119,132,89,137,170,5,185,54,52,2,95,38,14,72,118,10,36,184,66,46,44,23,190,109,56,73,74,143,91,69,159,15,135,37,8,71,48,92,90,131,59,93,3,169,142,191,61,145,94,13,86,7,77,176,35,97,128,57,195,167,107,123,50,146,51,20,17,82,78,133,18,75,161,115,25,105,4,6,88,70,108,21,106,154,122,197,162,125,163,158,110,129,24,130,127,30,114,182,139,178,136,111,175,85,1,117,120,157,173,186,79,42,27,193,172,39,32,55,155,33,192,165,40,87,181,68,9,103,140,147,67,28,144,156,180,188,65,53,183,164,41,149,152,102,62,11,134,112,104,99,63,31,34,138,168,29,126,16,194,19,49,60,179,12,43,187,76,151,148,80,58,64,96,177,199,166,22,189,98,81,153,47,26,150,84,100,0,113,116,124,160,45,121];True
7091;6646;13737;[34,90,67,163,158,60,141,11,89,75,137,133,12,185,54,52,189,28,38,14,72,118,10,36,184,66,46,44,23,190,109,56,73,74,143,91,69,159,15,135,37,8,71,48,92,84,131,59,93,3,169,142,191,61,145,94,13,111,7,77,176,35,97,171,57,2,167,107,123,50,146,51,20,17,82,78,170,18,132,161,115,25,105,4,6,88,70,108,21,106,154,122,197,162,125,49,86,110,129,24,130,127,30,114,182,139,178,136,101,175,85,1,117,120,157,173,186,79,42,27,193,172,39,32,55,155,33,192,165,40,87,181,68,9,103,140,147,196,95,144,156,180,188,65,53,183,164,41,149,152,102,62,98,134,112,104,99,63,31,198,138,168,29,126,16,194,19,83,128,179,5,43,187,76,151,148,80,58,64,96,177,199,166,22,195,119,81,153,47,26,150,174,100,0,113,116,124,160,45,121];True
8039;6603;14642;[198,56,50,174,149,83,59,57,132,75,163,133,12,185,111,36,169,115,89,3,161,159,15,135,53,29,46,44,23,190,109,10,184,51,34,91,69,28,8,37,94,71,188,48,92,90,131,148,93,14,178,191,66,61,145,84,13,151,7,38,176,35,97,128,52,2,167,107,123,146,155,65,118,17,82,18,0,77,196,170,129,25,105,4,6,88,70,108,21,106,154,122,197,24,72,78,86,110,171,189,49,127,30,114,182,139,180,137,158,175,85,1,117,120,157,173,186,79,42,27,193,172,39,32,55,125,33,192,165,40,87,181,68,9,103,162,147,67,95,144,156,63,31,143,160,183,164,41,152,130,102,62,5,134,112,104,99,73,74,20,138,168,140,126,16,194,19,98,60,179,47,43,187,76,101,141,11,58,64,96,177,199,166,22,195,119,81,153,80,26,150,136,100,54,113,116,124,142,45,121];True
8167;6597;14764;[73,174,67,136,149,83,59,57,132,75,163,133,12,185,111,26,169,115,89,46,161,28,15,135,53,180,118,44,23,190,109,10,184,51,34,91,69,159,8,37,94,198,188,48,92,90,131,148,93,14,178,191,66,61,145,84,13,151,7,38,176,35,97,128,52,2,167,107,123,50,155,65,194,17,82,18,0,77,196,170,129,25,105,4,6,88,70,108,21,106,154,122,197,24,72,78,86,110,171,189,49,127,30,114,182,139,29,137,158,175,85,1,117,120,157,173,186,79,42,27,193,172,39,32,55,125,33,192,165,40,87,181,68,9,103,162,147,3,95,144,156,146,31,143,160,183,164,41,152,130,102,62,5,134,112,104,99,63,74,20,138,168,140,126,16,71,19,98,60,179,47,43,187,76,101,141,11,58,64,96,177,199,166,22,195,119,81,153,80,36,150,56,100,54,113,116,124,142,45,121];True
8352;6587;14939;[50,51,194,136,149,83,59,57,132,75,163,133,12,185,111,26,169,84,89,3,161,159,15,135,142,115,46,44,37,190,109,10,184,73,174,91,69,28,8,118,180,198,188,48,92,90,131,148,93,14,178,23,66,61,145,94,13,151,7,38,176,35,97,128,52,2,167,107,123,146,155,65,53,17,82,18,0,77,196,170,129,25,105,4,6,88,70,108,21,106,154,122,197,24,72,78,86,110,171,189,49,127,30,114,182,139,29,137,158,175,85,1,117,120,157,173,186,79,42,27,193,172,39,32,55,125,33,192,165,40,87,181,68,9,103,162,147,67,95,144,156,140,31,143,191,183,164,41,152,130,102,62,5,134,112,104,99,63,74,20,138,168,34,126,16,71,19,98,60,179,47,43,187,76,101,141,11,58,64,96,177,199,166,22,195,119,81,153,80,36,150,56,100,54,113,116,124,160,45,121];True
8341;6589;14930;[21,50,194,136,149,83,59,57,132,75,163,133,12,185,111,26,169,84,89,3,161,159,15,135,142,115,46,44,37,190,109,10,184,73,174,91,69,28,8,118,180,198,188,48,92,90,131,148,93,14,178,23,66,61,145,94,13,151,7,38,176,35,97,128,52,2,167,107,123,146,155,65,53,17,82,18,0,77,196,170,129,25,105,4,6,88,70,108,51,106,154,122,197,24,72,78,86,110,171,189,49,127,30,114,182,139,29,137,158,175,85,1,117,120,157,173,186,79,42,27,193,172,39,32,55,125,33,192,165,40,87,181,68,9,103,162,147,67,95,144,156,140,31,143,191,183,164,41,152,130,102,62,5,134,112,104,99,63,74,20,138,168,34,126,16,71,19,98,60,179,47,43,187,76,101,141,11,58,64,96,177,199,166,22,195,119,81,153,80,36,150,56,100,54,113,116,124,160,45,121];True
8655;6561;15216;[50,174,67,36,149,83,59,57,132,75,137,133,12,185,54,167,169,84,89,3,161,159,15,135,194,115,46,44,37,190,109,10,184,51,34,91,69,28,8,118,180,53,188,48,92,90,131,148,93,14,178,142,66,61,145,94,13,151,7,38,176,35,97,111,52,2,95,107,123,73,155,65,198,17,82,18,0,77,196,170,129,25,105,4,6,88,70,108,21,106,154,122,197,24,72,78,86,110,171,189,49,127,30,114,182,139,29,163,158,128,85,1,117,120,157,173,186,79,42,27,193,172,39,32,55,125,33,192,165,40,87,181,68,9,103,162,147,23,136,144,156,146,31,143,191,183,164,41,152,130,102,62,5,134,112,104,99,63,74,20,138,168,140,126,16,71,19,98,60,179,47,43,187,76,101,141,11,58,64,96,177,199,166,22,195,119,81,153,80,26,150,56,100,175,113,116,124,160,45,121];True
8942;6542;15484;[73,174,23,136,149,83,59,57,132,75,163,86,12,185,133,26,169,84,89,3,161,159,15,135,194,115,46,44,37,190,109,10,184,51,34,91,69,28,8,118,180,53,188,48,92,90,131,148,93,14,178,142,66,61,145,94,13,151,7,38,176,35,97,128,52,2,167,107,123,50,155,65,198,17,82,18,0,77,196,170,129,25,105,4,6,88,70,108,21,106,154,122,197,24,72,78,111,110,171,189,49,127,30,114,182,139,29,137,158,175,85,1,117,120,157,173,186,79,42,27,193,172,39,32,55,125,33,192,165,40,87,181,68,9,103,162,147,67,95,144,156,146,31,143,191,183,164,41,152,130,102,62,5,134,112,104,99,63,74,20,138,168,140,126,16,71,19,98,60,179,47,43,187,76,101,141,11,58,64,96,177,199,166,22,195,119,81,153,80,36,150,56,100,54,113,116,124,160,45,121];True
9508;6526;16034;[50,174,23,136,149,11,59,57,132,75,137,86,151,185,133,98,193,84,89,3,161,159,15,135,194,115,46,44,37,190,109,10,184,51,34,91,69,28,8,118,180,53,188,48,92,90,131,148,93,14,178,142,66,61,145,94,13,12,7,38,176,35,97,128,52,2,167,107,123,73,155,65,198,17,82,18,0,36,196,170,77,25,105,4,6,88,70,108,21,106,154,122,197,24,72,78,111,110,171,189,49,127,30,114,182,139,29,163,158,175,85,1,117,120,157,173,186,79,42,27,169,172,39,32,55,125,33,192,165,40,87,181,68,9,103,162,147,67,95,144,156,146,31,143,191,183,164,41,152,130,102,62,5,134,112,104,99,63,74,20,138,168,140,126,16,71,19,83,60,179,47,43,187,76,101,141,80,58,64,96,177,199,166,22,195,119,81,153,129,26,150,56,100,54,113,116,124,160,45,121];True
1921;7402;9323;[93,118,129,162,19,87,121,178,111,132,130,84,77,112,34,147,66,157,103,197,74,188,144,9,142,117,167,61,45,138,41,49,78,128,42,57,136,50,190,126,143,160,91,1,33,124,180,196,36,46,140,92,82,23,189,81,0,85,22,26,176,193,109,20,170,95,38,139,146,4,105,194,31,198,174,184,35,67,32,72,163,25,51,8,16,125,11,113,156,71,165,65,37,94,173,18,131,110,101,59,80,100,30,134,148,195,97,58,175,151,7,191,181,68,123,6,137,158,54,52,119,187,39,107,55,14,13,172,12,89,75,149,15,135,53,183,69,159,164,90,28,155,73,99,106,70,115,152,2,161,102,86,133,76,122,116,104,17,145,56,21,108,192,40,169,182,29,154,60,177,27,43,127,96,171,141,98,114,64,79,179,47,88,5,186,199,83,153,166,24,150,10,185,62,120,3,168,44,48,63];True
2277;7141;9418;[50,4,121,162,147,6,129,70,172,12,130,84,77,112,93,46,66,157,103,105,74,188,144,31,142,117,167,61,45,138,41,49,78,128,42,57,197,146,118,126,143,160,91,1,33,124,180,196,36,184,140,92,82,23,189,81,0,85,22,26,176,193,109,190,170,95,38,139,65,20,178,194,34,198,174,19,2,67,32,9,163,25,51,8,16,125,11,113,156,71,165,87,37,94,173,18,131,110,101,59,80,100,30,134,148,195,97,58,175,151,7,191,181,68,123,72,137,158,54,52,119,187,39,107,55,14,13,111,132,89,75,149,15,135,53,183,69,159,164,90,28,155,73,99,106,136,115,152,35,161,102,86,133,76,122,116,104,17,145,56,21,108,192,40,169,182,29,154,60,177,27,43,127,96,171,141,98,114,64,79,179,47,88,5,186,199,83,153,166,24,150,10,185,62,120,3,168,44,48,63];True
1821;7574;9395;[37,172,12,22,81,93,147,3,2,130,84,117,77,112,193,24,66,157,103,105,74,188,144,118,10,0,167,61,45,138,41,88,104,128,42,57,87,121,162,126,143,160,91,1,33,124,94,196,36,46,140,92,82,23,189,49,178,106,136,26,146,190,185,78,170,95,38,139,19,20,51,149,34,194,180,123,176,67,32,72,163,25,70,65,16,125,11,113,156,71,165,184,31,8,173,18,131,110,101,59,80,100,30,134,148,195,97,137,175,151,7,191,181,68,198,142,58,158,54,52,29,187,39,107,85,14,13,111,132,89,75,4,15,135,53,183,69,159,164,90,28,155,73,99,109,50,115,152,35,161,102,86,133,76,122,116,17,55,145,56,21,108,192,40,169,129,119,154,60,177,27,43,127,96,171,141,98,114,64,79,179,47,182,5,186,199,83,153,166,174,150,6,9,62,120,197,168,44,48,63];True
1765;7674;9439;[50,172,12,22,26,178,120,3,2,130,84,117,77,112,31,29,66,157,103,105,74,188,144,118,147,149,101,61,45,138,167,180,78,128,42,57,37,121,162,126,143,160,91,1,33,124,94,196,52,182,140,92,82,23,189,81,87,85,104,20,146,193,109,93,170,95,38,139,19,194,51,0,9,127,175,123,176,67,32,72,137,25,70,65,16,190,11,113,156,71,165,184,125,8,173,18,131,110,41,59,80,100,30,134,148,195,97,58,6,43,7,191,181,68,198,142,163,158,54,36,119,187,39,107,55,14,13,197,132,89,75,4,15,135,53,183,69,159,164,90,28,155,73,99,106,136,115,152,35,161,102,86,133,76,122,116,49,46,145,56,34,108,192,40,169,129,24,154,60,177,27,151,111,96,171,141,98,114,64,79,179,47,88,5,186,199,83,153,166,174,150,10,185,62,44,21,168,17,48,63];True
1683;7780;9463;[180,172,12,22,26,176,120,3,2,130,84,117,77,112,31,24,66,157,103,105,74,188,93,164,100,0,101,61,45,55,126,185,78,128,42,57,37,121,162,146,118,10,91,1,33,124,94,196,36,182,140,92,82,23,189,81,87,85,104,20,167,193,136,144,62,95,38,139,19,194,51,149,34,127,175,123,90,67,32,72,137,25,170,65,16,190,11,113,156,71,165,184,125,8,173,18,131,110,41,59,80,147,30,134,148,195,97,58,6,43,7,191,181,68,198,142,163,158,54,52,29,187,39,107,138,14,13,197,132,89,75,4,15,135,53,183,69,159,9,151,28,155,73,99,106,70,115,152,35,161,102,86,133,76,122,116,49,46,145,56,21,108,192,40,169,129,119,154,60,177,27,178,111,96,171,141,98,114,64,79,179,47,88,5,186,199,83,153,166,174,150,160,143,109,44,50,168,17,48,63];True
1559;8056;9615;[198,155,29,154,141,119,44,7,130,107,105,146,118,178,192,183,104,50,53,162,173,18,57,120,24,197,15,135,34,159,82,134,121,10,123,90,41,22,38,85,168,17,94,60,49,153,185,127,39,148,69,28,129,8,93,46,55,165,42,166,59,36,23,12,54,151,175,83,117,98,78,171,81,52,150,140,92,100,58,79,177,95,167,61,181,65,76,5,27,133,96,157,138,45,188,87,66,126,99,86,112,40,51,106,143,160,80,71,9,190,43,128,14,164,111,195,25,37,145,139,33,13,137,158,182,109,21,73,6,56,63,31,142,115,152,102,186,113,196,89,26,176,72,74,4,97,131,0,199,62,1,189,108,84,124,174,184,161,156,147,3,169,191,11,194,180,163,170,103,91,35,125,149,32,187,114,68,116,20,67,193,16,136,144,70,19,64,101,122,172,77,2,110,30,179,47,132,75,88,48];True
2365;7117;9482;[50,146,180,4,109,31,147,37,172,12,130,117,77,112,93,46,66,157,103,105,74,188,144,142,19,2,167,61,45,138,41,49,78,128,42,57,3,121,162,126,143,160,91,1,33,124,94,196,36,184,140,92,82,23,189,81,0,85,22,26,176,193,16,178,170,95,38,139,65,20,51,149,34,198,174,118,84,67,32,72,163,25,70,6,9,190,11,113,156,71,165,87,194,8,173,18,131,110,101,59,80,100,30,134,148,195,97,58,175,151,7,191,181,68,123,44,137,158,54,52,119,187,39,107,55,14,13,111,132,89,75,129,15,135,53,183,69,159,164,90,28,155,73,99,106,136,115,152,35,161,102,86,133,76,122,116,104,125,145,56,21,108,192,40,169,182,29,154,60,177,27,43,127,96,171,141,98,114,64,79,179,47,88,5,186,199,83,153,166,24,150,10,185,62,120,197,168,17,48,63];True
2817;6988;9805;[34,103,105,190,109,118,6,193,172,12,130,22,195,112,93,147,66,157,20,51,74,188,87,37,174,149,167,61,45,138,41,49,78,128,42,57,191,121,162,126,143,160,91,1,33,124,94,196,36,44,140,92,82,23,189,81,0,85,19,26,176,46,9,178,3,95,38,139,144,146,123,50,31,194,180,4,84,67,32,72,163,25,70,65,16,117,77,113,156,71,165,2,184,8,173,18,131,110,101,59,80,100,30,134,148,11,97,58,175,151,7,170,181,68,198,142,137,158,62,52,119,187,39,107,55,14,13,111,132,89,75,129,15,135,53,183,69,159,164,90,28,155,73,99,106,136,115,152,35,161,102,86,133,76,122,116,104,125,145,56,21,108,192,40,169,182,29,154,60,177,27,43,127,96,171,141,98,114,64,79,179,47,88,5,186,199,83,153,166,24,150,10,185,54,120,197,168,17,48,63];True
1536;8261;9797;[29,71,63,69,141,119,148,128,130,107,105,44,140,178,192,183,154,50,53,162,173,18,57,120,24,197,15,118,198,159,82,134,121,10,123,90,41,22,38,150,168,58,100,60,49,153,185,127,39,187,147,42,129,8,93,46,55,155,67,166,59,36,23,12,54,151,175,83,117,98,78,171,81,52,174,135,14,94,146,79,177,95,167,61,181,65,76,5,27,133,96,157,138,45,188,87,66,126,124,86,112,40,51,106,143,160,80,28,9,190,43,7,85,164,111,195,25,37,145,139,33,13,137,158,182,109,21,73,6,56,92,31,142,115,152,102,186,113,196,89,26,176,72,74,4,97,131,0,199,62,1,189,108,84,34,165,184,161,156,104,3,169,191,11,194,180,163,170,103,91,35,125,149,32,99,114,68,20,116,17,193,16,136,144,70,19,64,101,122,172,77,2,110,30,179,47,132,75,88,48];True
2486;7085;9571;[20,146,16,190,109,118,6,193,172,12,130,22,195,112,93,147,66,157,103,105,74,188,87,37,174,149,167,61,45,123,41,49,78,128,42,57,3,121,162,126,143,160,2,1,33,124,94,196,36,46,140,92,82,23,189,81,0,85,19,26,176,44,9,144,170,95,38,139,178,138,51,50,34,194,180,4,84,67,32,72,163,25,70,65,31,117,77,113,156,71,165,91,184,8,173,18,131,110,101,59,80,100,30,134,148,11,97,58,175,151,7,191,181,68,198,142,137,158,54,52,119,187,39,107,55,14,13,111,132,89,75,129,15,135,53,183,69,159,164,90,28,155,73,99,106,136,115,152,35,161,102,86,133,76,122,116,104,125,145,56,21,108,192,40,169,182,29,154,60,177,27,43,127,96,171,141,98,114,64,79,179,47,88,5,186,199,83,153,166,24,150,10,185,62,120,197,168,17,48,63];True
3271;6946;10217;[20,48,34,118,8,147,6,193,172,59,36,22,195,112,93,178,66,157,103,105,74,188,87,37,174,149,167,61,45,138,41,49,78,128,42,57,3,121,162,126,143,160,91,1,33,124,94,196,130,104,140,92,82,23,189,81,0,85,19,26,176,46,9,190,170,95,38,139,144,51,146,50,31,194,180,4,84,67,32,72,163,25,70,65,16,117,77,113,156,71,165,2,184,109,173,18,131,110,101,151,80,100,30,134,148,11,97,58,175,12,7,191,181,68,198,142,137,158,54,52,119,187,39,107,55,14,13,111,132,89,75,129,15,135,53,183,69,159,164,90,28,155,73,99,106,136,115,152,35,161,102,86,133,76,122,116,44,125,145,123,21,108,192,40,169,182,29,154,60,177,27,43,127,96,171,141,98,114,64,79,179,47,88,5,186,199,83,153,166,24,150,10,185,62,120,197,168,17,56,63];True
1524;8593;10117;[92,49,102,122,114,3,2,129,72,105,99,73,140,178,192,10,123,17,8,168,173,18,25,120,24,197,15,9,150,143,67,75,147,65,124,94,130,22,38,21,135,14,60,179,7,153,187,127,39,107,85,76,50,53,93,100,30,134,58,86,181,82,23,12,54,158,198,142,117,98,78,110,81,52,106,118,183,83,26,79,185,148,167,61,59,36,46,5,41,133,96,157,138,45,188,87,66,126,121,159,174,1,51,29,154,156,160,71,69,190,43,128,101,164,111,88,40,37,145,139,33,13,172,195,182,109,141,35,6,56,189,194,31,171,152,57,186,113,196,89,162,146,28,74,4,97,131,0,199,62,44,34,108,20,55,155,184,161,80,137,177,169,191,11,104,180,163,170,95,91,90,125,149,32,68,63,27,116,175,165,193,16,136,144,70,19,64,103,112,84,77,115,151,176,42,47,132,166,119,48];True
3490;6919;10409;[73,173,40,132,130,5,42,22,38,178,192,89,18,181,68,48,63,118,44,140,124,94,75,36,145,196,113,144,45,138,65,82,187,128,134,195,33,183,162,126,143,160,91,6,77,149,189,148,188,103,123,17,84,122,2,97,0,85,19,26,176,116,16,49,170,95,167,93,66,135,53,56,21,92,147,3,32,165,169,142,163,25,70,90,41,88,61,37,156,71,8,184,168,31,72,78,131,110,101,59,80,100,30,52,182,139,125,58,151,175,197,1,117,98,157,136,137,158,54,12,193,172,39,107,55,14,13,111,114,119,67,129,15,9,28,105,69,159,164,190,109,155,146,99,106,4,115,152,35,161,102,186,133,76,112,104,74,194,34,108,51,50,198,174,23,20,29,154,60,179,27,43,127,96,171,141,11,57,64,79,177,47,166,83,86,199,81,153,7,24,150,10,185,62,120,87,46,180,191,121];True
1482;8843;10325;[14,113,61,19,64,101,75,175,145,143,160,105,93,118,48,99,141,86,45,15,173,18,25,115,24,197,26,9,77,20,129,72,147,65,87,106,196,22,38,174,1,2,110,12,165,153,122,127,39,73,92,76,50,51,74,100,30,134,137,187,181,82,23,151,54,158,121,6,49,112,31,142,81,52,108,53,183,83,7,79,185,148,167,189,59,36,46,5,27,133,96,157,138,41,152,56,66,126,198,159,140,182,111,29,154,156,117,71,69,190,43,128,85,164,178,192,40,124,150,139,33,13,172,195,10,78,60,35,88,135,34,194,130,171,116,57,186,98,84,89,162,146,119,28,4,97,131,67,199,62,102,120,3,114,55,155,184,161,80,58,177,169,191,11,104,193,163,170,95,91,90,125,149,32,68,63,37,109,0,94,8,16,136,144,70,168,17,103,21,180,107,188,179,176,42,47,132,166,123,44];True
1420;8960;10380;[37,94,61,19,49,145,100,0,101,174,118,10,113,196,48,99,141,86,45,15,173,18,25,115,24,197,26,9,7,20,129,72,147,65,92,106,130,22,38,34,3,2,75,12,165,153,122,127,39,73,87,76,50,53,93,110,30,134,137,111,181,82,23,109,54,158,121,6,64,112,187,142,81,52,108,74,183,83,17,79,185,148,167,189,59,36,46,5,27,133,96,157,138,41,152,56,66,126,198,159,140,182,51,29,154,156,160,71,69,190,43,128,85,164,178,192,40,124,150,139,33,13,172,195,117,78,60,35,88,135,105,194,31,171,116,57,186,98,84,89,162,146,119,28,4,97,131,67,199,62,102,120,1,114,55,155,184,161,80,58,177,169,191,11,104,193,163,170,95,91,90,125,149,32,68,63,14,151,175,143,8,16,136,144,70,168,77,103,21,180,107,188,179,176,42,47,132,166,123,44];True
1402;9209;10611;[41,196,48,10,78,145,100,129,8,94,112,1,189,72,105,99,141,17,45,15,173,18,25,120,24,197,26,9,77,20,67,118,147,65,87,106,130,22,38,34,3,2,75,12,165,153,122,127,39,73,92,76,50,53,93,110,30,134,137,86,181,82,23,151,54,158,121,6,117,98,187,142,81,52,108,74,183,83,7,79,185,148,167,61,59,36,46,5,27,133,96,157,138,178,152,56,66,126,198,159,174,19,131,29,154,156,160,71,69,190,43,128,85,164,111,192,40,124,150,139,33,13,172,195,182,37,60,35,88,135,140,194,31,171,116,57,186,113,84,89,162,146,119,28,4,97,51,0,199,62,102,115,14,114,55,155,184,161,80,58,177,169,191,11,104,193,163,170,95,91,90,125,149,32,68,63,49,109,175,143,101,16,136,144,70,168,64,103,21,180,107,188,179,176,42,47,132,166,123,44];True
3625;6882;10507;[20,190,188,87,130,5,42,119,132,142,136,115,101,181,68,48,63,118,44,140,124,94,75,36,145,196,113,61,45,162,123,82,187,128,134,195,33,183,65,74,143,160,91,6,77,149,189,148,173,116,168,17,84,122,2,97,0,85,19,26,176,3,89,49,170,95,40,93,66,135,126,56,21,92,147,67,32,165,169,23,163,25,70,90,41,88,164,37,156,71,8,184,138,109,72,78,131,110,167,59,80,100,30,114,182,139,125,58,151,175,197,1,117,98,157,28,137,158,54,57,193,172,39,107,55,14,13,111,52,18,12,129,15,9,103,105,69,159,38,144,146,155,73,99,106,4,192,152,35,161,102,186,133,76,112,104,31,53,34,108,51,50,198,174,16,194,29,154,60,179,27,43,127,96,171,141,11,22,64,79,177,47,166,83,86,199,81,153,7,24,150,10,185,62,120,178,46,180,191,121];True
3835;6840;10675;[73,74,188,87,130,5,42,119,132,89,75,36,18,181,68,48,63,118,44,140,124,94,115,116,145,196,113,61,45,138,65,82,187,128,134,195,33,183,162,126,143,160,91,6,77,149,189,148,173,103,123,168,84,122,2,97,0,85,19,26,176,3,136,49,170,95,167,93,66,135,20,56,21,92,147,67,32,165,169,23,163,25,70,90,41,88,164,37,156,71,8,184,190,109,72,78,131,110,101,59,80,100,30,114,182,139,125,58,151,175,197,1,117,98,157,142,137,158,54,57,193,172,39,107,55,14,13,111,52,40,12,129,15,9,28,105,69,159,38,144,146,155,31,99,106,4,192,152,35,161,102,186,133,76,112,104,17,53,34,108,51,50,198,174,16,194,29,154,60,177,27,43,127,96,171,179,11,22,64,79,141,47,166,83,86,199,81,153,7,24,150,10,185,62,120,178,46,180,191,121];True
4276;6773;11049;[73,146,118,87,130,5,42,47,26,89,115,152,86,181,68,48,99,155,44,140,124,94,75,36,145,117,113,61,45,138,65,82,187,76,134,195,33,183,190,126,143,160,91,6,77,149,189,148,173,116,123,17,84,122,2,97,0,85,19,132,176,3,136,49,170,95,167,93,66,135,53,56,21,92,147,67,32,165,169,23,163,25,70,90,41,88,164,37,156,71,8,184,162,109,72,78,131,110,101,59,80,100,30,114,182,139,125,58,151,175,197,1,196,98,157,142,137,158,54,57,193,172,39,107,55,14,13,111,52,40,12,129,15,9,28,105,69,159,38,144,20,188,168,63,106,4,192,103,35,161,102,186,133,18,112,104,31,74,34,108,51,50,198,174,16,194,29,154,60,179,27,43,127,96,171,141,11,22,64,79,177,199,166,83,128,119,81,153,7,24,150,10,185,62,120,178,46,180,191,121];True
4919;6726;11645;[198,174,118,19,130,5,134,120,26,145,115,152,186,7,15,51,106,20,44,140,124,168,34,136,125,6,113,61,45,138,123,82,187,128,171,195,33,94,190,126,143,160,91,75,77,149,189,148,173,116,65,4,84,122,2,97,0,85,18,132,176,3,196,49,170,95,167,93,66,135,48,50,21,92,147,67,32,165,169,23,163,25,70,90,41,88,146,37,156,71,8,184,162,109,72,78,131,110,101,59,80,100,30,114,182,139,36,58,151,175,197,1,117,98,157,142,137,158,54,57,193,172,39,107,55,14,13,111,52,40,87,181,68,9,28,105,69,159,38,144,56,63,73,99,155,178,192,103,35,161,102,12,133,76,112,104,31,183,164,108,188,74,53,17,16,194,29,154,60,179,27,43,127,96,42,141,11,22,64,79,177,199,166,83,86,119,81,153,129,24,150,10,185,62,47,89,46,180,191,121];True
5175;6708;11883;[198,29,147,78,130,5,42,120,26,145,115,152,186,129,139,123,106,20,56,140,124,168,164,190,174,196,113,61,45,138,51,82,187,128,134,195,33,94,118,126,143,160,91,75,77,149,189,7,173,116,65,4,84,122,2,97,0,85,18,132,176,3,136,49,170,95,167,93,66,135,48,50,21,92,90,67,32,165,169,23,163,25,70,125,6,88,44,37,156,71,8,184,162,109,72,41,131,110,101,59,80,100,30,114,182,15,36,58,151,175,197,1,117,98,157,142,137,158,54,57,193,172,39,107,55,14,13,111,52,40,87,181,68,9,28,105,69,159,38,144,146,63,73,99,155,178,192,103,35,161,102,12,133,76,112,104,31,183,34,108,188,74,53,17,16,194,19,154,60,179,27,43,127,96,171,141,11,22,64,79,177,199,148,83,86,119,81,153,166,24,150,10,185,62,47,89,46,180,191,121];True
6013;6686;12699;[73,143,41,127,54,120,89,46,174,18,185,175,12,7,85,15,135,198,19,33,183,17,154,38,178,13,197,123,29,71,44,91,52,2,83,59,93,138,124,94,118,48,146,90,149,163,186,148,173,116,65,192,10,95,61,97,0,77,57,26,145,3,136,49,170,103,105,74,20,156,106,194,51,50,82,67,32,165,169,23,75,36,98,25,1,88,70,37,21,92,8,184,190,109,72,78,111,128,171,110,80,100,30,114,182,139,125,187,158,62,189,130,5,122,157,84,131,79,42,27,193,172,39,107,55,14,147,196,167,40,87,181,68,9,28,162,108,102,132,144,56,63,140,99,34,159,164,69,35,161,191,152,101,134,112,104,31,53,180,4,188,168,155,126,16,142,115,86,60,179,47,43,133,76,151,141,11,58,64,96,177,199,166,22,195,119,81,153,129,24,150,6,137,117,113,66,176,160,45,121];True
6504;6675;13179;[50,56,147,172,54,113,193,35,152,18,185,175,12,7,85,15,135,198,19,33,183,17,154,38,178,13,197,123,29,71,44,91,52,2,83,59,93,138,124,94,118,48,34,90,149,163,186,148,173,116,65,192,10,95,61,97,0,77,57,26,145,160,136,137,170,103,105,74,20,156,31,194,51,73,82,67,32,165,169,23,75,36,98,25,1,88,70,37,21,92,8,184,190,109,72,78,111,128,171,110,80,100,30,114,182,139,41,187,158,62,189,130,5,122,157,84,131,79,42,27,89,115,39,107,55,14,125,196,167,40,87,181,68,9,28,162,108,102,132,144,146,63,140,99,16,159,164,69,3,161,191,174,101,134,112,104,106,53,180,4,188,168,155,126,143,142,49,127,60,179,47,43,133,76,151,141,11,58,64,96,177,199,166,22,195,119,81,153,129,24,150,6,86,117,120,66,176,46,45,121];True
6993;6651;13644;[34,72,67,83,86,128,42,119,132,89,137,133,12,185,54,52,189,28,38,14,136,118,10,36,184,66,46,44,23,190,109,48,73,74,143,91,69,159,15,135,37,8,71,56,92,90,131,59,93,3,169,142,191,61,145,94,13,111,7,77,176,35,97,171,57,2,167,107,123,50,146,51,20,17,82,78,170,18,75,161,115,25,105,4,6,88,70,108,21,180,154,122,197,162,125,163,158,110,129,24,130,127,30,114,182,139,178,84,101,175,85,1,117,120,157,173,186,79,141,27,193,172,39,32,55,155,33,192,165,40,87,181,68,9,103,140,147,196,95,144,156,106,188,65,53,183,164,41,149,152,102,62,11,134,112,104,99,63,31,198,138,168,29,126,16,194,19,49,60,179,5,43,187,76,151,148,80,58,64,96,177,199,166,22,195,98,81,153,47,26,150,174,100,0,113,116,124,160,45,121];True
6755;6672;13427;[198,174,196,83,101,171,141,47,132,89,137,170,5,185,54,52,2,95,38,14,72,118,10,36,184,66,46,44,23,190,109,56,73,74,143,91,69,159,15,135,37,8,71,48,92,90,131,59,93,3,169,142,191,61,145,94,13,86,7,77,176,35,97,128,57,195,167,107,123,50,146,51,20,17,82,78,133,18,75,161,115,25,105,4,6,88,70,108,21,106,154,122,197,162,125,163,158,110,129,24,130,127,30,114,182,139,178,136,111,175,85,1,117,120,157,173,186,79,42,27,193,172,39,32,55,155,33,192,165,40,87,181,68,9,103,140,147,67,28,144,156,180,188,65,53,183,164,41,149,152,102,62,11,134,112,104,99,63,31,34,138,168,29,126,16,194,19,49,60,179,12,43,187,76,151,148,80,58,64,96,177,199,166,22,189,98,81,153,119,26,150,84,100,0,113,116,124,160,45,121];True
6996;6648;13644;[34,90,67,163,158,60,179,11,89,75,137,133,12,185,54,52,189,28,38,14,72,118,10,36,184,66,46,44,23,190,109,56,73,74,143,91,69,159,15,135,37,8,71,48,92,84,131,59,93,3,169,142,191,61,145,94,13,111,7,77,176,35,97,171,57,2,167,107,123,50,146,51,20,17,82,78,170,18,132,161,115,25,105,4,6,88,70,108,21,106,154,122,197,162,125,49,86,110,129,24,130,127,30,114,182,139,178,136,101,175,85,1,117,120,157,173,186,79,42,27,193,172,39,32,55,155,33,192,165,40,87,181,68,9,103,140,147,196,95,144,156,180,188,65,53,183,164,41,149,152,102,62,98,134,112,104,99,63,31,198,138,168,29,126,16,194,19,83,128,141,5,43,187,76,151,148,80,58,64,96,177,199,166,22,195,119,81,153,47,26,150,174,100,0,113,116,124,160,45,121];True
