utilA;utilB;utilSum;contract;pareto
8234;7778;16012;[198,174,23,32,132,87,6,88,38,163,199,78,12,185,167,15,16,160,171,196,182,150,20,190,176,3,157,183,37,138,73,115,25,99,34,35,193,28,8,154,13,46,188,55,44,45,131,47,68,123,106,86,52,91,69,61,53,59,11,57,189,26,175,62,120,2,89,107,48,63,29,164,4,126,41,114,112,165,153,7,77,60,169,0,84,85,66,118,124,51,90,9,197,168,14,142,101,81,36,33,100,111,122,98,139,105,113,67,158,30,40,96,76,134,74,173,116,10,42,27,24,187,39,95,1,125,145,127,128,129,18,181,148,133,103,92,136,137,43,194,146,191,31,82,144,121,162,147,149,152,49,151,97,130,180,155,17,21,108,159,109,135,140,50,65,94,166,80,93,178,170,75,172,79,117,102,110,177,64,179,58,161,192,22,195,83,186,54,119,72,71,56,5,141,19,184,70,104,143,156];False
8205;7807;16012;[198,174,23,32,182,87,6,88,38,163,199,78,12,185,0,15,16,160,171,196,132,150,20,190,194,3,157,183,37,138,73,115,25,99,34,35,193,28,8,154,13,116,188,55,44,45,131,47,68,62,106,86,52,91,69,61,176,59,11,57,189,26,175,123,120,2,89,107,48,63,29,164,4,126,41,114,112,165,153,7,77,177,169,167,84,85,66,118,124,51,90,134,197,168,14,142,101,81,36,145,100,111,122,98,139,105,180,67,158,30,40,96,76,9,74,173,46,10,42,27,24,187,39,95,1,125,33,127,128,129,18,181,148,133,103,92,136,137,43,53,146,191,31,82,144,121,162,147,149,152,49,151,97,130,113,155,17,21,108,159,109,135,140,50,65,94,166,80,93,178,170,75,172,79,117,102,110,60,64,179,58,161,192,22,195,83,186,54,119,72,71,56,5,141,19,184,70,104,143,156];False
8278;7728;16006;[198,174,23,32,182,87,6,88,38,163,199,78,12,185,0,15,16,160,171,196,132,150,20,190,194,3,157,183,37,138,73,115,25,99,34,35,193,28,8,154,13,116,188,55,44,45,131,47,68,123,106,86,52,91,69,61,176,59,11,57,189,26,175,62,120,2,89,107,48,63,29,164,4,126,41,114,112,165,153,7,77,177,169,167,84,85,66,118,124,51,90,134,197,168,14,142,101,81,36,145,100,111,122,98,139,105,180,67,158,30,40,96,76,9,74,173,46,110,42,27,24,187,39,95,1,125,33,127,128,129,18,181,148,133,103,92,136,137,43,53,146,191,31,82,144,121,162,147,149,152,49,151,97,130,113,155,17,21,108,159,109,135,140,50,65,94,166,80,93,178,170,75,172,79,117,102,10,60,64,179,58,161,192,22,195,83,186,54,119,72,71,56,5,141,19,184,70,104,143,156];False
8255;7744;15999;[198,174,23,32,132,87,6,88,38,163,199,78,12,185,0,15,16,160,171,196,182,150,20,190,194,3,157,183,37,138,73,115,25,99,34,35,193,28,8,154,13,116,188,55,44,45,131,47,68,123,106,86,52,91,69,61,176,59,11,57,189,26,175,62,120,2,89,107,48,63,29,164,4,126,41,114,112,165,153,7,77,60,169,167,84,85,66,118,124,51,90,9,197,168,14,142,101,81,36,145,100,111,122,98,139,105,180,67,158,30,40,96,76,134,74,173,46,10,42,27,24,187,39,95,1,125,33,127,128,129,18,181,148,133,103,92,136,137,43,53,146,191,155,82,144,121,162,147,149,152,49,151,97,130,113,31,17,21,108,159,109,135,140,50,65,94,166,80,93,178,170,75,172,79,117,102,110,177,64,179,58,161,192,22,195,83,186,54,119,72,71,56,5,141,19,184,70,104,143,156];False
8144;7829;15973;[158,174,23,32,182,87,6,88,38,163,199,78,12,185,0,15,16,160,171,196,132,150,20,190,194,3,157,183,37,138,73,115,25,99,34,35,193,28,8,154,13,184,188,55,44,45,131,47,68,123,106,86,52,91,69,61,176,59,11,57,189,26,175,62,120,2,89,107,48,63,29,164,4,126,41,114,112,165,153,7,77,177,169,167,84,85,66,118,124,51,90,134,197,168,14,142,101,81,36,145,100,111,122,98,139,105,180,67,198,30,40,96,76,9,74,173,46,10,42,27,24,187,39,95,1,125,33,127,128,129,18,181,148,133,103,92,136,137,43,53,146,191,31,82,144,121,162,147,149,152,49,151,97,130,113,155,17,21,108,159,109,135,140,50,65,94,166,80,93,178,170,75,172,79,117,102,110,60,64,179,58,161,192,22,195,83,186,54,119,72,71,56,5,141,19,116,70,104,143,156];False
8159;7803;15962;[198,174,23,32,182,87,6,88,38,163,199,78,12,185,0,15,16,160,171,196,132,150,20,190,194,3,157,183,37,138,73,115,25,99,34,35,193,28,8,154,13,184,188,55,44,45,131,47,68,123,106,86,52,91,69,61,176,59,11,57,189,26,175,62,120,2,89,107,48,63,29,164,4,126,41,114,112,165,153,7,77,177,169,167,84,85,66,118,124,51,90,134,197,168,14,142,101,81,36,145,100,111,122,98,139,105,180,67,158,30,40,96,76,9,74,173,46,10,42,27,24,187,39,95,1,125,33,127,128,129,18,181,148,133,103,92,136,137,43,53,146,191,31,82,144,121,162,147,149,152,49,17,97,130,113,155,151,21,108,159,109,135,140,50,65,94,166,80,93,178,170,75,172,79,117,102,110,60,64,179,58,161,192,22,195,83,186,54,119,72,71,56,5,141,19,116,70,104,143,156];False
8243;7716;15959;[198,174,23,32,182,87,6,88,38,163,199,78,12,185,0,15,16,160,171,196,132,150,20,190,194,3,157,183,37,138,73,115,25,99,34,35,193,28,8,154,13,116,188,55,44,67,131,47,68,123,106,86,52,91,69,61,176,59,11,57,189,26,175,62,120,2,89,107,48,63,29,164,4,126,41,114,112,165,153,7,77,60,169,167,84,85,66,118,124,51,90,134,197,168,14,142,101,81,36,145,100,111,122,98,139,105,180,45,158,30,40,96,76,9,74,173,46,10,42,27,24,187,39,95,1,125,33,127,128,129,18,181,148,133,103,92,136,137,43,53,146,191,31,82,144,121,162,147,149,152,49,151,97,130,113,155,17,21,108,159,109,135,140,50,65,94,166,80,93,178,170,75,172,79,117,102,110,177,64,179,58,161,192,22,195,83,186,54,119,72,71,56,5,141,19,184,70,104,143,156];False
8213;7740;15953;[198,174,23,32,132,87,6,88,38,163,199,78,12,185,167,15,16,160,171,196,182,150,20,190,176,3,157,183,37,138,73,115,25,99,34,35,193,28,8,154,13,46,188,55,44,45,131,47,68,123,106,86,52,66,69,61,194,59,11,57,189,26,175,62,120,2,89,107,48,63,29,164,4,126,41,114,112,165,153,7,77,60,169,0,84,85,91,118,124,51,90,9,197,168,14,142,101,81,36,33,100,111,122,98,139,105,180,67,158,30,40,96,76,134,74,173,116,10,42,27,24,187,39,95,1,125,145,127,128,129,18,181,148,133,103,92,136,137,43,53,146,191,31,82,144,121,162,147,149,152,49,151,97,130,113,155,17,21,108,159,109,135,140,50,65,94,166,80,93,178,170,75,172,79,117,102,110,177,64,179,58,161,192,22,195,83,186,54,119,72,71,56,5,141,19,184,70,104,143,156];False
8162;7788;15950;[198,174,23,32,132,87,6,88,38,163,199,78,12,185,167,15,16,160,171,196,182,150,20,190,176,3,157,183,37,138,73,115,25,161,34,35,193,28,8,154,13,46,188,55,44,45,131,47,68,123,106,86,52,91,69,61,194,59,11,57,189,26,175,62,120,2,89,107,48,63,29,164,4,126,41,114,112,165,153,7,77,60,169,0,84,85,66,118,124,51,90,9,197,168,14,142,101,81,36,33,100,111,122,98,139,105,180,67,158,30,40,96,76,134,74,173,116,10,42,27,24,187,39,95,1,125,145,127,128,129,18,181,148,133,103,92,136,137,43,53,146,191,31,82,144,121,162,147,149,152,49,151,97,130,113,155,17,21,108,159,109,135,140,50,65,94,166,80,93,178,170,75,172,79,117,102,110,177,64,179,58,99,192,22,195,83,186,54,119,72,71,56,5,141,19,184,70,104,143,156];False
8200;7747;15947;[198,174,23,32,182,87,6,88,38,163,199,78,12,185,0,15,16,160,171,196,132,150,20,190,194,3,157,183,37,138,73,115,25,99,34,35,193,28,121,154,13,116,188,55,44,45,131,47,68,123,106,86,52,91,69,61,176,59,11,57,189,26,175,62,120,2,89,107,48,63,29,164,4,126,41,114,112,165,153,7,77,60,169,167,84,85,66,118,124,51,90,9,197,168,14,142,101,81,36,145,100,111,122,98,139,105,180,67,158,30,40,96,76,134,74,173,46,10,42,27,24,187,39,95,1,125,33,127,128,129,18,181,148,133,103,92,136,137,43,53,146,191,31,82,144,8,162,147,149,152,49,151,97,130,113,155,17,21,108,159,109,135,140,50,65,94,166,80,93,178,170,75,172,79,117,102,110,177,64,179,58,161,192,22,195,83,186,54,119,72,71,56,5,141,19,184,70,104,143,156];False
8196;7746;15942;[198,174,23,32,182,87,6,88,38,163,199,78,12,185,0,15,16,160,171,196,132,150,20,190,194,3,21,183,37,138,73,115,25,99,34,35,193,28,8,154,13,116,188,55,44,45,131,47,68,123,106,86,52,91,69,61,176,59,11,57,189,26,175,62,120,2,89,107,48,63,29,164,4,126,41,114,112,165,153,7,77,60,169,167,84,85,66,118,124,51,90,9,197,168,14,142,101,81,36,145,100,111,122,98,139,105,180,67,158,30,40,96,76,134,74,173,46,10,42,27,24,187,39,95,1,125,33,127,128,129,18,181,148,133,103,92,136,137,43,53,146,191,31,82,144,121,162,147,149,152,49,151,97,130,113,155,17,157,108,159,109,135,140,50,65,94,166,80,93,178,170,75,172,79,117,102,110,177,64,179,58,161,192,22,195,83,186,54,119,72,71,56,5,141,19,184,70,104,143,156];False
8150;7784;15934;[78,174,23,32,182,87,6,88,38,163,199,198,12,185,0,15,16,160,171,196,132,150,20,190,194,3,157,183,37,138,73,115,25,99,34,35,193,28,8,154,13,116,188,55,44,45,131,47,68,123,106,86,52,91,69,61,176,59,11,57,189,26,175,62,120,2,89,107,48,63,29,164,4,126,41,114,112,165,153,7,77,177,169,167,84,85,66,118,124,51,90,134,197,168,14,142,101,81,36,145,100,111,122,98,139,105,180,67,158,30,40,96,76,9,74,173,46,10,42,27,24,187,39,95,1,125,33,127,128,129,18,181,148,133,103,92,136,137,43,53,146,191,31,82,144,121,162,147,149,152,49,151,97,130,113,155,17,21,108,159,109,135,140,50,65,94,166,80,93,178,170,75,172,79,117,102,110,60,64,179,58,161,192,22,195,83,186,54,119,72,71,56,5,141,19,184,70,104,143,156];False
8151;7779;15930;[198,174,23,32,132,87,6,88,38,163,199,78,12,185,167,15,16,160,171,196,182,150,20,190,176,3,157,183,37,138,73,115,25,99,34,35,193,28,8,154,13,46,188,55,44,45,131,47,68,123,106,86,52,110,69,61,194,59,11,57,189,26,175,62,120,2,89,107,48,63,29,164,4,126,41,114,112,165,153,7,77,60,169,0,84,85,66,118,124,51,90,9,197,168,14,142,101,81,36,33,100,111,122,98,139,105,180,67,158,30,40,96,76,134,74,173,116,10,42,27,24,187,39,95,1,125,145,127,128,129,18,181,148,133,103,92,136,137,43,53,146,191,31,82,144,121,162,147,149,152,49,151,97,130,113,155,17,21,108,159,109,135,140,50,65,94,166,80,93,178,170,75,172,79,117,102,91,177,64,179,58,161,192,22,195,83,186,54,119,72,71,56,5,141,19,184,70,104,143,156];False
8245;7683;15928;[198,174,23,32,182,87,6,88,38,163,75,86,197,185,0,15,16,160,171,196,132,150,20,190,194,3,157,183,37,138,73,115,25,99,34,35,193,28,8,154,13,184,188,55,44,45,131,47,68,123,106,78,52,91,69,61,176,59,11,57,189,26,175,62,120,2,89,107,48,63,29,164,4,126,41,114,112,165,153,7,77,177,169,167,84,85,66,118,124,51,90,134,12,168,14,142,101,81,36,145,100,111,122,98,139,105,180,67,158,30,40,96,76,9,74,173,46,10,42,27,24,187,39,95,1,125,33,127,128,129,18,181,148,133,103,92,136,137,43,53,146,191,31,82,144,121,162,147,149,152,49,151,97,130,113,155,17,21,108,159,109,135,140,50,65,94,166,80,93,178,170,199,172,79,117,102,110,60,64,179,58,161,192,22,195,83,186,54,119,72,71,56,5,141,19,116,70,104,143,156];False
8137;7790;15927;[198,174,23,32,132,87,6,88,38,163,199,78,12,185,167,15,16,160,171,196,182,150,20,190,176,3,157,183,37,138,73,115,25,99,34,35,193,28,8,154,13,46,188,55,44,45,131,47,68,123,106,86,52,91,69,61,194,59,11,57,189,26,175,62,120,2,89,107,48,63,29,164,4,126,41,114,112,165,153,7,77,60,169,0,84,85,66,118,187,51,90,9,197,168,14,142,101,81,36,33,100,111,122,98,139,105,180,67,158,30,40,96,76,134,74,173,116,10,42,27,24,124,39,95,1,125,145,127,128,129,18,181,148,133,103,92,136,137,43,53,146,191,31,82,144,121,162,147,149,152,49,151,97,130,113,155,17,21,108,159,109,135,140,50,65,94,166,80,93,178,170,75,172,79,117,102,110,177,64,179,58,161,192,22,195,83,186,54,119,72,71,56,5,141,19,184,70,104,143,156];False
8158;7763;15921;[198,174,23,32,182,87,6,88,38,163,199,78,12,185,0,15,16,160,171,196,132,150,20,190,194,3,157,183,37,138,73,115,25,99,172,35,193,28,8,154,13,116,188,55,44,45,131,47,68,123,106,86,52,91,69,61,176,59,11,57,189,26,175,62,120,2,89,107,48,63,29,164,4,126,41,114,112,165,153,7,77,60,169,167,84,85,66,118,124,51,90,134,197,168,14,142,101,81,36,145,100,111,122,98,139,105,180,67,158,30,40,96,76,9,74,173,46,10,42,27,24,187,39,95,1,125,33,127,128,129,18,181,148,133,103,92,136,137,43,53,146,191,31,82,144,121,162,147,149,152,49,151,97,130,113,155,17,21,108,159,109,135,140,50,65,94,166,80,93,178,170,75,34,79,117,102,110,177,64,179,58,161,192,22,195,83,186,54,119,72,71,56,5,141,19,184,70,104,143,156];False
8158;7762;15920;[198,174,23,32,182,87,6,88,38,163,199,78,12,185,0,15,16,160,171,196,132,150,20,190,194,3,157,183,27,138,73,115,25,99,34,35,193,28,8,154,13,184,188,55,44,45,131,47,68,123,106,86,52,91,69,61,176,59,11,57,189,26,175,62,120,2,89,107,48,63,29,164,4,126,41,114,112,165,153,7,77,177,169,167,84,85,66,118,124,51,90,134,197,168,14,142,101,81,36,145,100,111,122,98,139,105,180,67,158,30,40,96,76,9,74,173,46,10,42,37,24,187,39,95,1,125,33,127,128,129,18,181,148,133,103,92,136,137,43,53,146,191,31,82,144,121,162,147,149,152,49,151,97,130,113,155,17,21,108,159,109,135,140,50,65,94,166,80,93,178,170,75,172,79,117,102,110,60,64,179,58,161,192,22,195,83,186,54,119,72,71,56,5,141,19,116,70,104,143,156];False
8097;7820;15917;[198,174,23,32,132,87,6,88,38,163,199,78,12,185,167,15,16,160,171,196,182,150,20,190,176,3,157,183,37,138,73,115,25,99,34,35,193,28,8,154,13,46,188,55,44,45,131,47,68,123,106,86,52,91,69,61,194,59,11,57,189,26,175,62,120,2,89,107,48,63,29,164,4,126,41,114,112,165,153,7,77,60,169,0,84,85,66,118,151,51,90,9,197,168,14,142,101,81,36,145,100,111,122,98,139,105,180,67,158,30,40,96,76,134,74,173,116,10,42,27,24,187,39,95,1,125,33,127,128,129,18,181,148,133,103,92,136,137,43,53,146,191,31,82,144,121,162,147,149,152,49,124,97,130,113,155,17,21,108,159,109,135,140,50,65,94,166,80,93,178,170,75,172,79,117,102,110,177,64,179,58,161,192,22,195,83,186,54,119,72,71,56,5,141,19,184,70,104,143,156];False
8182;7735;15917;[198,174,23,32,132,87,6,88,38,163,199,78,12,185,0,15,16,160,171,196,182,150,20,190,194,3,157,183,37,138,73,115,25,99,34,35,193,28,45,154,13,116,188,55,44,8,131,47,68,123,106,86,52,91,69,61,176,59,11,57,189,26,175,62,120,2,89,107,48,63,29,164,4,126,41,114,112,165,153,7,77,60,169,167,84,85,66,118,124,51,90,9,197,168,14,142,101,81,36,145,100,111,122,98,139,105,180,67,158,30,40,96,76,134,74,173,46,10,42,27,24,187,39,95,1,125,33,127,128,129,18,181,148,133,103,92,136,137,43,53,146,191,31,82,144,121,162,147,149,152,49,151,97,130,113,155,17,21,108,159,109,135,140,50,65,94,166,80,93,178,170,75,172,79,117,102,110,177,64,179,58,161,192,22,195,83,186,54,119,72,71,56,5,141,19,184,70,104,143,156];False
8214;7699;15913;[198,174,23,32,182,87,6,181,38,163,75,78,12,185,0,15,16,160,171,196,132,150,20,190,194,3,157,183,37,138,73,115,25,99,34,35,193,28,8,154,13,184,188,55,44,45,131,47,68,123,106,86,52,91,69,61,176,59,11,57,189,26,175,62,120,2,89,107,48,63,29,164,4,126,41,114,112,165,153,7,77,177,169,167,84,85,66,118,124,51,90,134,197,168,14,142,101,81,36,145,100,111,122,98,139,105,180,67,158,30,40,96,76,9,74,173,46,10,42,27,24,187,39,95,1,125,33,127,128,129,18,88,148,133,103,92,136,137,43,53,146,191,31,82,144,121,162,147,149,152,49,151,97,130,113,155,17,21,108,159,109,135,140,50,65,94,166,80,93,178,170,199,172,79,117,102,110,60,64,179,58,161,192,22,195,83,186,54,119,72,71,56,5,141,19,116,70,104,143,156];False
8102;7810;15912;[198,174,23,32,182,87,6,88,38,163,199,78,12,185,0,15,16,160,171,196,132,150,20,190,194,3,157,183,37,138,73,115,25,111,34,35,193,28,8,154,13,116,188,55,44,45,131,47,68,123,106,86,52,91,69,61,176,59,11,57,189,26,175,62,120,2,89,107,48,63,29,164,4,126,41,114,112,165,153,7,77,60,169,167,84,85,66,118,124,51,90,134,197,168,14,142,101,81,36,145,100,99,122,98,139,105,180,67,158,30,40,96,76,9,74,173,46,10,42,27,24,187,39,95,1,125,33,127,128,129,18,181,148,133,103,92,136,137,43,53,146,191,31,82,144,121,162,147,149,152,49,151,97,130,113,155,17,21,108,159,109,135,140,50,65,94,166,80,93,178,170,75,172,79,117,102,110,177,64,179,58,161,192,22,195,83,186,54,119,72,71,56,5,141,19,184,70,104,143,156];False
8153;7758;15911;[198,174,23,32,182,87,6,88,38,163,199,78,12,185,0,15,16,160,171,196,132,150,20,190,194,3,157,183,37,138,73,115,25,99,34,35,193,28,8,154,13,184,188,55,44,45,131,47,68,123,106,86,52,91,69,61,176,59,11,57,189,26,175,62,120,2,89,107,48,63,29,164,4,126,41,114,112,165,153,7,77,177,169,167,84,85,66,118,124,51,90,134,197,168,14,142,101,81,36,145,100,111,122,98,139,105,180,67,158,30,40,96,76,9,74,173,46,10,42,27,24,187,39,95,1,125,33,127,128,129,18,181,148,133,103,92,136,137,43,53,146,191,31,82,144,121,162,147,149,152,49,151,97,130,113,155,17,21,108,159,109,135,140,50,65,94,166,80,93,178,170,75,172,79,117,102,110,60,64,179,58,161,192,22,195,83,186,54,119,72,71,5,56,141,19,116,70,104,143,156];False
8136;7768;15904;[198,174,23,32,132,87,6,88,38,163,199,78,12,185,0,15,16,160,171,196,182,150,20,190,194,3,157,183,37,138,73,115,25,99,34,35,193,28,8,154,13,116,188,55,44,45,131,47,68,123,106,86,52,91,69,61,176,59,11,57,189,26,175,62,120,2,89,107,48,63,29,164,4,126,41,114,112,165,153,7,77,60,108,167,84,85,66,118,124,51,90,9,197,168,14,142,101,81,36,145,100,111,122,98,139,105,180,67,158,30,40,96,76,134,74,173,46,10,42,27,24,187,39,95,1,125,33,127,128,129,18,181,148,133,103,92,136,137,43,53,146,191,31,82,144,121,162,147,149,152,49,151,97,130,113,155,17,21,169,159,109,135,140,50,65,94,166,80,93,178,170,75,172,79,117,102,110,177,64,179,58,161,192,22,195,83,186,54,119,72,71,56,5,141,19,184,70,104,143,156];False
8183;7720;15903;[198,174,23,32,182,87,6,88,38,163,199,78,12,185,0,15,16,160,171,196,132,150,20,190,194,3,157,183,37,138,73,115,25,99,34,35,193,28,8,154,13,116,188,55,44,45,131,47,68,123,106,86,52,91,69,61,176,59,11,57,189,26,175,62,120,2,172,107,48,63,29,164,4,126,41,114,112,165,153,7,77,177,169,167,84,85,66,118,124,51,90,134,197,168,14,142,101,81,36,145,100,111,122,98,139,105,180,67,158,30,40,96,76,9,74,173,46,10,42,27,24,187,39,95,1,125,33,127,128,129,18,181,148,133,103,92,136,137,43,53,146,191,31,82,144,121,162,147,149,152,49,151,97,130,113,155,17,21,108,159,109,135,140,50,65,94,166,80,93,178,170,75,89,79,117,102,110,60,64,179,58,161,192,22,195,83,186,54,119,72,71,56,5,141,19,184,70,104,143,156];False
8209;7689;15898;[198,174,23,32,182,87,6,88,38,163,199,78,12,185,0,15,16,160,171,196,132,150,20,190,194,3,157,183,37,138,73,115,25,99,34,35,193,28,8,154,13,184,188,55,44,45,131,47,68,123,106,86,52,91,69,61,176,59,11,57,189,26,175,62,120,2,89,107,48,63,29,164,4,126,41,114,112,165,153,7,77,177,169,167,84,85,66,118,124,51,90,134,197,168,14,142,101,81,36,145,100,111,122,98,139,105,180,67,158,30,40,96,76,9,74,173,46,10,42,27,24,187,39,95,1,125,33,178,128,129,18,181,148,133,103,92,136,137,43,53,146,191,31,82,144,121,162,147,149,152,49,151,97,130,113,155,17,21,108,159,109,135,140,50,65,94,166,80,93,127,170,75,172,79,117,102,110,60,64,179,58,161,192,22,195,83,186,54,119,72,71,56,5,141,19,116,70,104,143,156];False
8129;7769;15898;[198,174,23,32,132,87,6,88,38,163,199,78,12,185,167,15,16,160,171,196,182,150,20,190,176,3,157,183,37,138,73,66,25,99,34,35,193,28,8,154,13,46,188,55,44,45,131,47,68,123,106,86,52,91,69,61,194,59,11,57,189,26,175,62,120,2,89,107,48,63,29,164,4,126,41,114,112,165,153,7,77,60,169,0,84,85,115,118,124,51,90,9,197,168,14,142,101,81,36,33,100,111,122,98,139,105,180,67,158,30,40,96,76,134,74,173,116,10,42,27,24,187,39,95,1,125,145,127,128,129,18,181,148,133,103,92,136,137,43,53,146,191,31,82,144,121,162,147,149,152,49,151,97,130,113,155,17,21,108,159,109,135,140,50,65,94,166,80,93,178,170,75,172,79,117,102,110,177,64,179,58,161,192,22,195,83,186,54,119,72,71,56,5,141,19,184,70,104,143,156];False
8165;7730;15895;[198,174,23,32,132,87,6,88,38,163,199,78,12,185,167,15,16,160,171,196,182,150,20,190,194,3,72,183,37,138,73,115,25,99,34,35,193,28,8,154,13,46,188,55,44,45,131,47,68,123,106,86,52,91,69,61,176,59,11,57,189,26,175,62,120,2,89,107,48,63,29,164,4,126,41,114,112,165,153,7,77,60,169,0,84,85,66,118,124,51,90,9,197,168,14,142,101,81,36,145,100,111,122,98,139,105,180,67,158,30,40,96,76,134,74,173,116,10,42,27,24,187,39,95,1,125,33,127,128,129,18,181,148,133,103,92,136,137,43,53,146,191,31,82,144,121,162,147,149,152,49,151,97,130,113,155,17,21,108,159,109,135,140,50,65,94,166,80,93,178,170,75,172,79,117,102,110,177,64,179,58,161,192,22,195,83,186,54,119,157,71,56,5,141,19,184,70,104,143,156];False
8158;7737;15895;[198,174,23,32,132,87,6,88,85,163,199,78,12,185,0,15,16,160,171,196,182,150,20,190,194,3,157,183,37,138,73,115,25,99,34,35,193,28,8,154,13,116,188,55,44,45,131,47,68,123,106,86,52,91,69,61,176,59,11,57,189,26,175,62,120,2,89,107,48,63,29,164,4,126,41,114,112,165,153,7,77,60,169,167,84,38,66,118,124,51,90,9,197,168,14,142,101,81,36,145,100,111,122,98,139,105,180,67,158,30,40,96,76,134,74,173,46,10,42,27,24,187,39,95,1,125,33,127,128,129,18,181,148,133,103,92,136,137,43,53,146,191,31,82,144,121,162,147,149,152,49,151,97,130,113,155,17,21,108,159,109,135,140,50,65,94,166,80,93,178,170,75,172,79,117,102,110,177,64,179,58,161,192,22,195,83,186,54,119,72,71,56,5,141,19,184,70,104,143,156];False
8258;7636;15894;[198,174,23,32,182,87,6,88,38,163,75,86,12,185,0,15,16,160,171,196,132,150,20,190,194,3,157,183,37,138,73,115,25,99,34,35,193,28,8,154,13,184,188,55,44,45,131,47,68,123,106,78,52,91,69,61,176,59,11,57,189,26,102,62,120,2,89,107,48,63,29,164,4,126,41,114,112,165,153,7,77,177,169,167,84,85,66,118,124,51,90,134,197,168,14,142,101,81,36,145,100,111,122,98,139,105,180,67,158,30,40,96,76,9,74,173,46,10,42,27,24,187,39,95,1,125,33,127,128,129,18,181,148,133,103,92,136,137,43,53,146,191,31,82,144,121,162,147,149,152,49,151,97,130,113,155,17,21,108,159,109,135,140,50,65,94,166,80,93,178,170,199,172,79,117,175,110,60,64,179,58,161,192,22,195,83,186,54,119,72,71,56,5,141,19,116,70,104,143,156];False
8175;7719;15894;[198,174,23,32,182,87,6,88,38,163,75,86,12,185,0,15,16,160,171,196,132,150,20,190,194,3,157,183,37,138,73,115,25,99,34,35,193,28,8,154,13,184,188,55,39,45,131,47,68,123,106,78,52,91,69,61,176,59,11,57,189,26,175,62,120,2,89,107,48,63,29,164,4,126,41,114,112,165,153,7,77,177,169,167,84,85,66,118,124,51,90,134,197,168,14,142,101,81,36,145,100,111,122,98,139,105,180,67,158,30,40,96,76,9,74,173,46,10,42,27,24,187,44,95,1,125,33,127,128,129,18,181,148,133,103,92,136,137,43,53,146,191,31,82,144,121,162,147,149,152,49,151,97,130,113,155,17,21,108,159,109,135,140,50,65,94,166,80,93,178,170,199,172,79,117,102,110,60,64,179,58,161,192,22,195,83,186,54,119,72,71,56,5,141,19,116,70,104,143,156];False
8166;7724;15890;[198,174,23,32,132,87,6,88,38,163,199,78,12,185,0,15,16,160,171,196,182,150,20,190,194,3,157,183,37,138,73,115,25,99,34,35,193,28,8,154,13,116,188,55,44,45,131,47,68,123,106,187,52,91,69,61,176,59,11,57,189,26,175,62,120,2,89,107,48,63,29,164,4,126,41,114,112,165,153,7,77,60,169,167,84,85,66,118,124,51,90,9,197,168,14,142,101,81,36,145,100,111,122,98,139,105,180,67,158,30,40,96,76,134,74,173,46,10,42,27,24,86,39,95,1,125,33,127,128,129,18,181,148,133,103,92,136,137,43,53,146,191,31,82,144,121,162,147,149,152,49,151,97,130,113,155,17,21,108,159,109,135,140,50,65,94,166,80,93,178,170,75,172,79,117,102,110,177,64,179,58,161,192,22,195,83,186,54,119,72,71,56,5,141,19,184,70,104,143,156];False
8211;7678;15889;[198,174,23,32,182,87,6,88,38,163,199,78,12,185,0,15,16,160,171,196,132,150,20,190,194,3,157,183,37,138,73,115,25,99,34,35,193,28,8,154,13,184,188,55,44,45,131,47,68,123,106,86,52,91,69,61,176,59,11,57,189,26,175,141,120,2,89,107,48,63,29,164,4,126,41,114,112,165,153,7,77,177,169,167,84,85,66,118,124,51,90,134,197,168,14,142,101,81,36,145,100,111,122,98,139,105,180,67,158,30,40,96,76,9,74,173,46,10,42,27,24,187,39,95,1,125,33,127,128,129,18,181,148,133,103,92,136,137,43,53,146,191,31,82,144,121,162,147,149,152,49,151,97,130,113,155,17,21,108,159,109,135,140,50,65,94,166,80,93,178,170,75,172,79,117,102,110,60,64,179,58,161,192,22,195,83,186,54,119,72,71,56,5,62,19,116,70,104,143,156];False
8141;7746;15887;[198,174,23,32,132,87,6,88,38,163,199,78,12,185,0,15,16,160,171,196,182,150,20,190,194,3,157,183,37,138,73,115,25,99,34,35,193,28,8,154,13,116,188,55,44,45,131,47,68,123,106,86,52,91,69,153,176,59,11,57,189,26,175,62,120,2,89,107,48,63,29,164,4,126,41,114,112,165,61,7,77,60,169,167,84,85,66,118,124,51,90,9,197,168,14,142,101,81,36,145,100,111,122,98,139,105,180,67,158,30,40,96,76,134,74,173,46,10,42,27,24,187,39,95,1,125,33,127,128,129,18,181,148,133,103,92,136,137,43,53,146,191,31,82,144,121,162,147,149,152,49,151,97,130,113,155,17,21,108,159,109,135,140,50,65,94,166,80,93,178,170,75,172,79,117,102,110,177,64,179,58,161,192,22,195,83,186,54,119,72,71,56,5,141,19,184,70,104,143,156];False
8210;7676;15886;[198,174,23,32,182,87,6,88,38,163,75,86,12,185,0,15,16,160,171,196,132,150,20,190,194,3,157,183,37,138,73,115,25,99,34,35,193,28,8,154,13,184,188,55,44,45,131,47,68,123,106,78,52,91,69,61,176,59,11,57,189,26,175,62,120,2,89,107,48,63,29,164,4,126,41,114,112,165,153,7,77,177,169,167,84,85,66,118,124,51,90,134,197,168,14,142,101,81,36,145,100,111,122,98,139,105,180,67,158,30,40,96,76,9,74,173,46,10,42,27,24,187,39,95,1,125,33,127,128,129,18,181,148,133,103,92,136,137,43,53,146,191,31,82,144,121,162,147,149,152,49,151,97,130,113,155,17,21,108,58,109,135,140,50,65,94,166,80,93,178,170,199,172,79,117,102,110,60,64,179,159,161,192,22,195,83,186,54,119,72,71,56,5,141,19,116,70,104,143,156];False
8123;7761;15884;[198,174,23,32,132,87,6,88,38,163,199,78,12,185,167,15,16,160,171,196,182,150,20,190,194,3,157,183,37,138,73,115,25,99,34,35,193,28,8,154,13,46,188,55,44,45,131,47,68,123,106,86,52,91,69,61,176,59,11,57,189,26,175,62,120,2,89,107,48,63,29,164,4,126,41,114,112,165,153,7,77,60,169,0,84,85,66,118,124,51,90,9,197,168,14,142,101,81,36,145,100,111,122,98,139,105,180,71,158,30,40,96,76,134,74,173,116,10,42,27,24,187,39,95,1,125,33,127,128,129,18,181,148,133,103,92,136,137,43,53,146,191,31,82,144,121,162,147,149,152,49,151,97,130,113,155,17,21,108,159,109,135,140,50,65,94,166,80,93,178,170,75,172,79,117,102,110,177,64,179,58,161,192,22,195,83,186,54,119,72,67,56,5,141,19,184,70,104,143,156];False
8083;7801;15884;[198,174,23,32,132,87,6,88,38,163,199,78,12,185,167,15,16,160,171,196,182,150,20,190,194,3,157,183,37,138,73,115,25,11,34,35,193,28,8,154,13,116,188,55,44,45,131,47,68,123,106,86,52,91,69,61,176,59,99,57,189,26,175,62,120,2,89,107,48,63,29,164,4,126,41,114,112,165,153,7,77,60,169,0,84,85,66,118,124,51,90,9,197,168,14,142,101,81,36,145,100,111,122,98,139,105,180,67,158,30,40,96,76,134,74,173,46,10,42,27,24,187,39,95,1,125,33,127,128,129,18,181,148,133,103,92,136,137,43,53,146,191,31,82,144,121,162,147,149,152,49,151,97,130,113,155,17,21,108,159,109,135,140,50,65,94,166,80,93,178,170,75,172,79,117,102,110,177,64,179,58,161,192,22,195,83,186,54,119,72,71,56,5,141,19,184,70,104,143,156];False
8190;7694;15884;[198,174,23,32,182,87,6,88,38,163,75,86,12,185,0,15,16,160,171,196,132,150,20,190,194,3,157,183,37,138,73,115,25,99,34,35,193,28,8,154,13,184,188,55,44,45,131,47,68,123,106,78,52,91,69,61,176,59,11,57,189,26,175,62,120,2,89,107,48,63,29,164,4,126,41,114,112,165,153,7,77,177,169,167,84,85,66,118,124,51,90,134,197,168,14,142,101,81,36,145,100,111,122,98,139,105,180,67,158,30,40,96,76,9,74,173,46,10,42,27,24,187,39,95,1,125,33,127,128,129,18,181,148,133,103,92,136,137,43,53,146,191,31,82,144,121,162,147,149,152,49,151,97,130,113,155,17,21,108,159,109,135,140,50,65,94,166,80,93,178,170,199,172,79,117,102,110,60,64,179,58,161,192,22,195,83,186,54,119,72,71,56,143,141,19,116,70,104,5,156];False
8168;7712;15880;[198,174,23,32,182,87,6,88,38,163,199,78,12,185,0,15,16,160,171,196,132,150,20,190,194,3,157,183,37,138,73,115,25,99,34,169,193,28,8,154,13,116,188,55,44,45,131,47,68,123,106,86,52,91,69,61,176,59,11,57,189,26,175,62,120,2,89,107,48,63,29,164,4,126,41,114,112,165,153,7,77,177,35,167,84,85,66,118,124,51,90,134,197,168,14,142,101,81,36,145,100,111,122,98,139,105,180,67,158,30,40,96,76,9,74,173,46,10,42,27,24,187,39,95,1,125,33,127,128,129,18,181,148,133,103,92,136,137,43,53,146,191,31,82,144,121,162,147,149,152,49,151,97,130,113,155,17,21,108,159,109,135,140,50,65,94,166,80,93,178,170,75,172,79,117,102,110,60,64,179,58,161,192,22,195,83,186,54,119,72,71,56,5,141,19,184,70,104,143,156];False
8177;7701;15878;[198,174,23,32,182,87,6,88,38,163,75,78,12,185,0,15,16,160,171,196,132,150,20,190,194,3,157,183,37,138,73,115,25,99,34,35,193,28,8,154,13,184,188,61,44,45,131,47,68,123,106,86,52,91,69,55,176,59,11,57,189,26,175,62,120,2,89,107,48,63,29,164,4,126,41,114,112,165,153,7,77,177,169,167,84,85,66,118,124,51,90,134,197,168,14,142,101,81,36,145,100,111,122,98,139,105,180,67,158,30,40,96,76,9,74,173,46,10,42,27,24,187,39,95,1,125,33,127,128,129,18,181,148,133,103,92,136,137,43,53,146,191,31,82,144,121,162,147,149,152,49,151,97,130,113,155,17,21,108,159,109,135,140,50,65,94,166,80,93,178,170,199,172,79,117,102,110,60,64,179,58,161,192,22,195,83,186,54,119,72,71,56,5,141,19,116,70,104,143,156];False
8159;7717;15876;[198,174,23,32,182,87,6,88,38,163,199,78,12,185,0,15,16,160,171,196,132,150,20,190,194,3,157,183,37,138,73,115,25,99,34,35,193,28,8,154,13,116,188,55,44,45,131,47,68,123,106,86,52,91,69,61,176,59,102,57,189,26,175,62,120,2,89,107,48,63,29,164,4,126,41,114,112,165,153,7,77,60,169,167,84,85,66,118,124,51,90,9,197,168,14,142,101,81,36,145,100,111,122,98,139,105,180,67,158,30,40,96,76,134,74,173,46,10,42,27,24,187,39,95,1,125,33,127,128,129,18,181,148,133,103,92,136,137,43,53,146,191,31,82,144,121,162,147,149,152,49,151,97,130,113,155,17,21,108,159,109,135,140,50,65,94,166,80,93,178,170,75,172,79,117,11,110,177,64,179,58,161,192,22,195,83,186,54,119,72,71,56,5,141,19,184,70,104,143,156];False
8133;7741;15874;[198,174,23,32,182,87,6,88,38,163,199,78,12,185,0,15,16,160,171,196,132,150,20,190,194,3,157,183,37,138,73,115,25,99,34,35,193,28,8,154,13,184,49,55,44,45,131,47,68,123,106,86,52,91,69,61,176,59,11,57,189,26,175,62,120,2,89,107,48,63,29,164,4,126,41,114,112,165,153,7,77,177,169,167,84,85,66,118,124,51,90,134,197,168,14,142,101,81,36,145,100,111,122,98,139,105,180,67,158,30,40,96,76,9,74,173,46,10,42,27,24,187,39,95,1,125,33,127,128,129,18,181,148,133,103,92,136,137,43,53,146,191,31,82,144,121,162,147,149,152,188,151,97,130,113,155,17,21,108,159,109,135,140,50,65,94,166,80,93,178,170,75,172,79,117,102,110,60,64,179,58,161,192,22,195,83,186,54,119,72,71,56,5,141,19,116,70,104,143,156];False
8154;7716;15870;[198,174,23,32,182,87,6,88,38,163,199,78,12,185,0,15,16,160,171,196,132,150,20,190,194,3,157,183,37,138,73,115,25,99,34,35,193,66,8,154,13,184,188,55,44,45,131,47,68,123,106,86,52,91,69,61,176,59,11,57,189,26,175,62,120,2,89,107,48,63,29,164,4,126,41,114,112,165,153,7,77,177,169,167,84,85,28,118,124,51,90,134,197,168,14,142,101,81,36,145,100,111,122,98,139,105,180,67,158,30,40,96,76,9,74,173,46,10,42,27,24,187,39,95,1,125,33,127,128,129,18,181,148,133,103,92,136,137,43,53,146,191,31,82,144,121,162,147,149,152,49,151,97,130,113,155,17,21,108,159,109,135,140,50,65,94,166,80,93,178,170,75,172,79,117,102,110,60,64,179,58,161,192,22,195,83,186,54,119,72,71,56,5,141,19,116,70,104,143,156];False
8176;7693;15869;[198,174,23,32,182,87,6,88,38,163,199,78,12,185,0,15,16,160,171,196,132,150,20,190,194,3,157,183,37,138,73,115,25,99,34,35,193,28,8,154,13,184,188,55,44,45,131,47,68,123,106,86,52,91,69,61,176,59,11,57,189,26,175,62,120,2,89,107,48,63,29,164,4,126,41,114,112,165,153,7,77,177,169,167,84,85,66,118,124,51,90,134,197,168,14,142,101,81,36,145,100,111,113,98,139,105,180,67,158,30,40,96,76,9,74,173,46,10,42,27,24,187,39,95,1,125,33,127,128,129,18,181,148,133,103,92,136,137,43,53,146,191,31,82,144,121,162,147,149,152,49,151,97,130,122,155,17,21,108,159,109,135,140,50,65,94,166,80,93,178,170,75,172,79,117,102,110,60,64,179,58,161,192,22,195,83,186,54,119,72,71,56,5,141,19,116,70,104,143,156];False
8073;7794;15867;[198,174,23,32,182,87,6,88,38,163,199,78,12,185,0,15,16,160,171,196,132,150,20,190,194,3,157,183,37,138,73,115,25,99,175,35,193,28,8,154,13,116,188,55,44,45,131,47,68,123,106,86,52,91,69,61,176,59,11,57,189,26,34,62,120,2,89,107,48,63,29,164,4,126,41,114,112,165,153,7,77,60,169,167,84,85,66,118,124,51,90,9,197,168,14,142,101,81,36,145,100,111,122,98,139,105,180,67,158,30,40,96,76,134,74,173,46,10,42,27,24,187,39,95,1,125,33,127,128,129,18,181,148,133,103,92,136,137,43,53,146,191,31,82,144,121,162,147,149,152,49,151,97,130,113,155,17,21,108,159,109,135,140,50,65,94,166,80,93,178,170,75,172,79,117,102,110,177,64,179,58,161,192,22,195,83,186,54,119,72,71,56,5,141,19,184,70,104,143,156];False
8121;7746;15867;[198,174,23,32,132,87,6,88,38,163,199,78,12,185,167,15,16,160,171,196,182,150,20,190,176,3,157,183,37,138,73,115,25,99,34,35,193,28,8,154,13,46,188,55,44,166,131,47,68,123,106,86,52,91,69,61,194,59,11,57,189,26,175,62,120,2,89,107,48,63,29,164,4,126,41,114,112,165,153,7,77,60,169,0,84,85,66,118,124,51,90,9,197,168,14,142,101,81,36,145,100,111,122,98,139,105,180,67,158,30,40,96,76,134,74,173,116,10,42,27,24,187,39,95,1,125,33,127,128,129,18,181,148,133,103,92,136,137,43,53,146,191,31,82,144,121,162,147,149,152,49,151,97,130,113,155,17,21,108,159,109,135,140,50,65,94,45,80,93,178,170,75,172,79,117,102,110,177,64,179,58,161,192,22,195,83,186,54,119,72,71,56,5,141,19,184,70,104,143,156];False
8143;7723;15866;[198,174,23,32,182,87,6,88,38,163,199,78,12,185,0,15,16,160,171,196,132,150,20,190,194,3,157,183,37,138,73,115,25,99,34,35,193,28,8,154,13,116,188,55,44,45,131,47,68,123,106,86,52,91,69,61,176,59,11,57,189,26,175,62,120,2,89,107,48,63,29,164,4,126,41,114,112,165,153,7,77,60,169,167,84,85,66,118,124,51,90,9,197,168,14,142,101,81,36,145,100,111,122,98,139,105,180,67,158,30,40,96,76,134,74,173,46,10,42,27,24,187,39,95,1,125,33,127,128,129,18,181,148,133,103,92,136,137,43,53,146,191,31,82,144,121,162,147,149,152,49,151,97,130,113,155,17,21,108,159,109,135,140,50,65,94,166,80,93,75,170,178,172,79,117,102,110,177,64,179,58,161,192,22,195,83,186,54,119,72,71,56,5,141,19,184,70,104,143,156];False
8179;7687;15866;[198,174,23,32,182,87,6,88,38,163,199,78,12,185,0,15,16,160,171,196,132,150,20,190,194,3,157,183,37,138,73,115,25,99,34,35,193,28,8,154,13,184,188,55,44,45,131,47,68,123,106,86,52,91,69,61,176,59,11,57,189,26,175,62,120,2,89,107,48,63,29,164,4,126,41,114,112,165,153,7,77,177,169,167,84,85,66,118,124,51,90,134,197,168,14,142,101,81,36,145,10,111,122,98,139,105,180,67,158,30,40,96,76,9,74,173,46,100,42,27,24,187,39,95,1,125,33,127,128,129,18,181,148,133,103,92,136,137,43,53,146,191,31,82,144,121,162,147,149,152,49,151,97,130,113,155,17,21,108,159,109,135,140,50,65,94,166,80,93,178,170,75,172,79,117,102,110,60,64,179,58,161,192,22,195,83,186,54,119,72,71,56,5,141,19,116,70,104,143,156];False
8178;7687;15865;[198,174,23,32,182,87,6,88,38,163,199,78,12,185,0,15,16,160,171,196,132,150,20,190,194,3,157,183,37,138,73,115,25,99,34,35,193,28,8,154,13,184,188,55,44,45,131,47,68,123,106,86,52,91,69,61,176,59,11,57,189,26,175,62,120,2,89,107,48,63,29,164,4,126,41,114,112,165,153,7,77,177,169,167,84,85,66,118,124,51,90,49,197,168,14,142,101,81,36,145,100,111,122,98,139,105,180,67,158,30,40,96,76,9,74,173,46,10,42,27,24,187,39,95,1,125,33,127,128,129,18,181,148,133,103,92,136,137,43,53,146,191,31,82,144,121,162,147,149,152,134,151,97,130,113,155,17,21,108,159,109,135,140,50,65,94,166,80,93,178,170,75,172,79,117,102,110,60,64,179,58,161,192,22,195,83,186,54,119,72,71,56,5,141,19,116,70,104,143,156];False
8149;7712;15861;[198,174,23,32,182,87,6,88,38,163,199,78,12,185,0,15,16,160,171,196,132,150,20,190,194,3,157,183,37,138,73,115,25,99,34,35,193,28,8,154,13,116,188,55,44,45,131,47,68,123,106,86,52,91,69,61,176,59,11,57,189,26,175,62,120,2,89,107,48,63,29,164,4,126,41,114,112,165,153,7,77,60,169,167,187,85,66,118,124,51,90,134,197,168,14,142,101,81,36,145,100,111,122,98,139,105,180,67,158,30,40,96,76,9,74,173,46,10,42,27,24,84,39,95,1,125,33,127,128,129,18,181,148,133,103,92,136,137,43,53,146,191,31,82,144,121,162,147,149,152,49,151,97,130,113,155,17,21,108,159,109,135,140,50,65,94,166,80,93,178,170,75,172,79,117,102,110,177,64,179,58,161,192,22,195,83,186,54,119,72,71,56,5,141,19,184,70,104,143,156];False
8101;7759;15860;[198,174,23,32,132,87,6,88,38,163,199,78,12,185,167,15,16,160,171,196,182,150,20,190,194,3,157,183,37,138,73,115,25,99,34,35,193,28,8,154,13,46,188,55,44,45,131,47,68,123,106,86,52,91,69,61,176,59,11,57,189,26,175,62,120,2,89,107,24,63,29,164,4,126,41,114,112,165,153,7,77,60,169,0,84,85,66,118,124,51,90,9,197,168,14,142,101,81,36,145,100,111,122,98,139,105,180,67,158,30,40,96,76,134,74,173,116,10,42,27,48,187,39,95,1,125,33,127,128,129,18,181,148,133,103,92,136,137,43,53,146,191,31,82,144,121,162,147,149,152,49,151,97,130,113,155,17,21,108,159,109,135,140,50,65,94,166,80,93,178,170,75,172,79,117,102,110,177,64,179,58,161,192,22,195,83,186,54,119,72,71,56,5,141,19,184,70,104,143,156];False
8101;7758;15859;[198,174,23,32,132,87,6,88,38,163,199,78,12,185,167,15,16,160,171,196,182,150,20,190,194,3,157,183,37,138,73,115,25,99,34,35,193,28,8,154,13,116,188,55,44,45,131,47,68,123,106,86,52,91,69,61,176,59,11,57,189,26,175,62,120,2,89,107,48,63,29,164,4,126,41,114,112,165,153,7,77,60,169,0,84,85,66,118,124,51,90,9,197,168,14,142,101,81,36,145,100,111,122,98,139,105,180,67,158,30,40,96,76,134,74,173,46,10,42,27,191,187,39,95,1,125,33,127,128,129,18,181,148,133,103,92,136,137,43,53,146,24,31,82,144,121,162,147,149,152,49,151,97,130,113,155,17,21,108,159,109,135,140,50,65,94,166,80,93,178,170,75,172,79,117,102,110,177,64,179,58,161,192,22,195,83,186,54,119,72,71,56,5,141,19,184,70,104,143,156];False
8099;7759;15858;[198,174,23,32,132,87,6,88,85,163,199,78,12,185,167,15,16,160,171,196,182,150,20,190,176,3,157,183,37,138,73,115,25,99,34,35,193,28,8,154,13,46,188,55,44,45,131,47,68,123,106,86,52,91,69,61,53,59,11,57,189,26,175,62,120,2,89,107,48,63,29,164,4,126,41,114,112,165,153,7,77,60,169,0,84,38,66,118,124,51,90,9,197,168,14,142,101,81,36,33,100,111,122,98,139,105,180,67,158,30,40,96,76,134,74,173,116,10,42,27,24,187,39,95,1,125,145,127,128,129,18,181,148,133,103,92,136,137,43,194,146,191,31,82,144,121,162,147,149,152,49,151,97,130,113,155,17,21,108,159,109,135,140,50,65,94,166,80,93,178,170,75,172,79,117,102,110,177,64,179,58,161,192,22,195,83,186,54,119,72,71,56,5,141,19,184,70,104,143,156];False
8086;7771;15857;[198,174,23,32,182,87,6,88,38,163,199,78,12,185,0,15,16,160,171,196,132,150,20,190,194,3,157,183,37,138,73,115,25,99,119,35,193,28,8,154,13,116,188,55,44,45,131,47,68,123,106,86,52,91,69,61,176,59,11,57,189,26,175,62,120,2,89,107,48,63,29,164,4,126,41,114,112,165,153,7,77,60,169,167,84,85,66,118,124,51,90,9,197,168,14,142,101,81,36,145,100,111,122,98,139,105,180,67,158,30,40,96,76,134,74,173,46,10,42,27,24,187,39,95,1,125,33,127,128,129,18,181,148,133,103,92,136,137,43,53,146,191,31,82,144,121,162,147,149,152,49,151,97,130,113,155,17,21,108,159,109,135,140,50,65,94,166,80,93,178,170,75,172,79,117,102,110,177,64,179,58,161,192,22,195,83,186,54,34,72,71,56,5,141,19,184,70,104,143,156];False
8110;7744;15854;[198,174,23,32,132,87,6,88,38,163,199,78,12,185,0,15,16,160,171,196,182,150,20,190,194,3,157,183,37,138,73,115,25,99,34,35,193,28,8,154,13,116,188,55,44,45,131,47,68,123,106,86,52,91,69,61,176,59,11,57,189,26,175,62,120,2,89,107,48,63,29,164,4,126,41,114,112,165,153,7,77,60,169,167,84,85,66,118,124,51,90,9,197,168,14,142,101,81,36,145,100,111,122,98,139,105,180,67,158,30,40,96,76,134,74,173,46,10,42,27,24,187,39,95,1,125,33,127,128,129,18,172,148,133,103,92,136,137,43,53,146,191,31,82,144,121,162,147,149,152,49,151,97,130,113,155,17,21,108,159,109,135,140,50,65,94,166,80,93,178,170,75,181,79,117,102,110,177,64,179,58,161,192,22,195,83,186,54,119,72,71,56,5,141,19,184,70,104,143,156];False
8013;7840;15853;[198,174,23,32,132,87,6,88,38,163,199,78,12,185,0,15,16,160,171,196,182,150,20,190,194,3,157,183,64,138,73,115,25,99,34,35,193,28,8,154,13,116,188,55,44,45,131,47,68,123,106,86,52,91,69,61,176,59,11,57,189,26,175,62,120,2,89,107,48,63,29,164,4,126,41,114,112,165,153,7,77,60,169,167,84,85,66,118,124,51,90,9,197,168,14,142,101,81,36,145,100,111,122,98,139,105,180,67,158,30,40,96,76,134,74,173,46,10,42,27,24,187,39,95,1,125,33,127,128,129,18,181,148,133,103,92,136,137,43,53,146,191,31,82,144,121,162,147,149,152,49,151,97,130,113,155,17,21,108,159,109,135,140,50,65,94,166,80,93,178,170,75,172,79,117,102,110,177,37,179,58,161,192,22,195,83,186,54,119,72,71,56,5,141,19,184,70,104,143,156];False
8016;7836;15852;[198,174,23,32,132,87,6,88,38,163,199,78,12,185,167,15,16,160,171,196,182,150,20,190,194,3,157,183,37,138,73,115,25,99,34,35,193,28,8,154,13,46,188,55,44,45,131,47,68,123,106,86,52,91,69,61,176,59,11,57,189,26,175,62,120,2,89,107,48,63,29,164,4,126,41,114,112,165,153,7,77,60,169,0,84,85,66,118,124,51,90,9,197,168,14,142,101,81,36,145,100,111,122,98,139,105,180,67,158,30,40,96,76,134,74,173,116,10,42,162,24,187,39,95,1,125,33,127,128,129,18,181,148,133,103,92,136,137,43,53,146,191,31,82,144,121,27,147,149,152,49,151,97,130,113,155,17,21,108,159,109,135,140,50,65,94,166,80,93,178,170,75,172,79,117,102,110,177,64,179,58,161,192,22,195,83,186,54,119,72,71,56,5,141,19,184,70,104,143,156];False
8095;7756;15851;[198,174,23,32,132,52,6,88,38,163,199,78,12,185,167,15,16,160,171,196,182,150,20,190,194,3,157,183,37,138,73,115,25,99,34,35,193,28,8,154,13,46,188,55,44,45,131,47,68,123,106,86,87,91,69,61,176,59,11,57,189,26,175,62,120,2,89,107,48,63,29,164,4,126,41,114,112,165,153,7,77,60,169,0,84,85,66,118,124,51,90,9,197,168,14,142,101,81,36,145,100,111,122,98,139,105,180,67,158,30,40,96,76,134,74,173,116,10,42,27,24,187,39,95,1,125,33,127,128,129,18,181,148,133,103,92,136,137,43,53,146,191,31,82,144,121,162,147,149,152,49,151,97,130,113,155,17,21,108,159,109,135,140,50,65,94,166,80,93,178,170,75,172,79,117,102,110,177,64,179,58,161,192,22,195,83,186,54,119,72,71,56,5,141,19,184,70,104,143,156];False
8119;7732;15851;[198,174,23,32,132,87,6,88,38,163,199,78,12,185,167,15,16,160,171,196,182,150,20,190,176,3,157,183,37,138,73,115,25,99,34,35,193,28,8,154,13,46,188,55,162,45,131,47,68,123,106,86,52,91,69,61,194,59,11,57,189,26,175,62,120,2,89,107,48,63,29,164,4,126,41,114,112,165,153,7,77,60,169,0,84,85,66,118,124,51,90,9,197,168,14,142,101,81,36,145,100,111,122,98,139,105,180,67,158,30,40,96,76,134,74,173,116,10,42,27,24,187,39,95,1,125,33,127,128,129,18,181,148,133,103,92,136,137,43,53,146,191,31,82,144,121,44,147,149,152,49,151,97,130,113,155,17,21,108,159,109,135,140,50,65,94,166,80,93,178,170,75,172,79,117,102,110,177,64,179,58,161,192,22,195,83,186,54,119,72,71,56,5,141,19,184,70,104,143,156];False
8105;7744;15849;[198,174,23,32,132,87,6,88,38,163,199,78,12,185,167,15,16,160,171,196,182,150,20,190,176,3,157,183,37,138,73,115,25,99,34,35,193,28,8,154,13,46,188,55,44,45,131,47,68,123,106,86,52,91,69,61,194,59,11,57,189,26,175,62,120,2,89,107,48,63,29,164,4,126,41,114,112,165,153,7,77,60,169,0,84,85,66,118,124,51,90,9,197,168,14,142,101,81,36,145,100,111,122,98,139,105,180,67,158,30,40,96,102,134,74,173,116,10,42,27,24,187,39,95,1,125,33,127,128,129,18,181,148,133,103,92,136,137,43,53,146,191,31,82,144,121,162,147,149,152,49,151,97,130,113,155,17,21,108,159,109,135,140,50,65,94,166,80,93,178,170,75,172,79,117,76,110,177,64,179,58,161,192,22,195,83,186,54,119,72,71,56,5,141,19,184,70,104,143,156];False
8101;7747;15848;[198,174,23,32,182,87,6,88,38,163,199,78,12,185,0,15,16,160,171,196,132,150,20,190,194,3,157,183,37,138,73,115,25,99,34,35,193,28,8,154,13,116,188,55,44,45,131,47,68,123,106,86,52,91,69,61,176,59,11,145,189,26,175,62,120,2,89,107,48,63,29,164,4,126,41,114,112,165,153,7,77,60,169,167,84,85,66,118,124,51,90,134,197,168,14,142,101,81,36,57,100,111,122,98,139,105,180,67,158,30,40,96,76,9,74,173,46,10,42,27,24,187,39,95,1,125,33,127,128,129,18,181,148,133,103,92,136,137,43,53,146,191,31,82,144,121,162,147,149,152,49,151,97,130,113,155,17,21,108,159,109,135,140,50,65,94,166,80,93,178,170,75,172,79,117,102,110,177,64,179,58,161,192,22,195,83,186,54,119,72,71,56,5,141,19,184,70,104,143,156];False
8125;7723;15848;[198,174,23,32,182,87,6,88,38,163,199,78,12,185,0,15,16,160,171,196,132,150,20,190,194,3,157,183,37,138,73,115,25,99,34,35,193,28,8,154,13,116,188,55,44,45,131,47,68,123,106,86,52,91,69,61,176,59,11,57,189,26,175,62,120,2,89,107,48,63,29,164,4,126,41,114,112,165,153,7,77,60,169,167,84,85,66,118,124,51,90,134,197,168,14,142,101,81,36,145,100,111,122,98,139,105,180,67,158,30,40,96,76,9,74,173,46,10,42,27,24,187,39,95,1,125,33,127,128,129,18,181,148,184,103,92,136,137,43,53,146,191,31,82,144,121,162,147,149,152,49,151,97,130,113,155,17,21,108,159,109,135,140,50,65,94,166,80,93,178,170,75,172,79,117,102,110,177,64,179,58,161,192,22,195,83,186,54,119,72,71,56,5,141,19,133,70,104,143,156];False
8121;7725;15846;[198,174,23,32,182,87,6,88,38,163,199,78,12,185,0,15,16,160,171,196,132,150,20,190,194,3,157,183,37,138,73,115,25,99,34,35,193,28,8,154,13,184,188,55,44,45,131,47,68,123,106,86,52,91,69,61,176,59,11,57,189,26,175,62,120,2,89,107,48,63,29,164,4,126,41,114,128,165,153,7,77,177,169,167,84,85,66,118,124,51,90,134,197,168,14,142,101,81,36,145,100,111,122,98,139,105,180,67,158,30,40,96,76,9,74,173,46,10,42,27,24,187,39,95,1,125,33,127,112,129,18,181,148,133,103,92,136,137,43,53,146,191,31,82,144,121,162,147,149,152,49,151,97,130,113,155,17,21,108,159,109,135,140,50,65,94,166,80,93,178,170,75,172,79,117,102,110,60,64,179,58,161,192,22,195,83,186,54,119,72,71,56,5,141,19,116,70,104,143,156];False
8086;7759;15845;[198,174,23,32,132,87,6,88,38,163,199,78,12,185,167,15,16,160,171,196,182,150,20,190,176,3,157,183,37,138,73,115,25,99,34,35,193,28,8,154,13,46,188,55,44,45,131,47,68,123,106,86,52,91,69,61,194,59,11,57,189,26,175,62,120,2,89,107,48,63,29,164,4,126,41,114,112,165,153,7,77,60,169,0,84,85,66,118,124,51,90,9,197,146,14,142,101,81,36,33,100,111,122,98,139,105,180,67,158,30,40,96,76,134,74,173,116,10,42,27,24,187,39,95,1,125,145,127,128,129,18,181,148,133,103,92,136,137,43,53,168,191,31,82,144,121,162,147,149,152,49,151,97,130,113,155,17,21,108,159,109,135,140,50,65,94,166,80,93,178,170,75,172,79,117,102,110,177,64,179,58,161,192,22,195,83,186,54,119,72,71,56,5,141,19,184,70,104,143,156];False
8153;7685;15838;[198,174,23,32,182,87,6,88,38,163,199,78,12,185,0,15,16,160,171,196,132,150,20,190,194,3,157,183,37,138,73,115,25,99,34,35,33,28,8,154,13,184,188,55,44,45,131,47,68,123,106,86,52,91,69,61,176,59,11,57,189,26,175,62,120,2,89,107,48,63,29,164,4,126,41,114,112,165,153,7,77,177,169,167,84,85,66,118,124,51,90,134,197,168,14,142,101,81,36,145,100,111,122,98,139,105,180,67,158,30,40,96,76,9,74,173,46,10,42,27,24,187,39,95,1,125,193,127,128,129,18,181,148,133,103,92,136,137,43,53,146,191,31,82,144,121,162,147,149,152,49,151,97,130,113,155,17,21,108,159,109,135,140,50,65,94,166,80,93,178,170,75,172,79,117,102,110,60,64,179,58,161,192,22,195,83,186,54,119,72,71,56,5,141,19,116,70,104,143,156];False
8057;7780;15837;[198,174,23,32,182,87,6,88,38,163,199,78,12,185,0,15,16,160,171,196,132,150,20,190,194,3,157,183,37,138,73,115,25,99,34,35,193,28,8,154,13,116,188,55,44,45,131,47,68,123,106,86,52,91,69,61,176,59,11,57,189,26,175,62,120,2,89,107,48,63,29,164,4,126,41,114,112,165,153,7,77,60,169,167,84,85,66,118,124,51,90,9,197,168,14,142,101,81,36,145,100,111,122,98,139,105,180,67,158,30,40,96,76,134,74,173,46,10,42,27,24,187,39,95,1,125,33,127,128,129,18,181,148,133,103,92,136,137,43,53,146,191,31,82,144,121,5,147,149,152,49,151,97,130,113,155,17,21,108,159,109,135,140,50,65,94,166,80,93,178,170,75,172,79,117,102,110,177,64,179,58,161,192,22,195,83,186,54,119,72,71,56,162,141,19,184,70,104,143,156];False
8126;7711;15837;[198,174,23,32,182,87,6,88,38,163,199,78,12,185,0,15,24,160,171,196,132,150,20,190,194,3,157,183,37,138,73,115,25,99,34,35,193,28,8,154,13,116,188,55,44,45,131,47,68,123,106,86,52,91,69,61,176,59,11,57,189,26,175,62,120,2,89,107,48,63,29,164,4,126,41,114,112,165,153,7,77,177,169,167,84,85,66,118,124,51,90,134,197,168,14,142,101,81,36,145,100,111,122,98,139,105,180,67,158,30,40,96,76,9,74,173,46,10,42,27,16,187,39,95,1,125,33,127,128,129,18,181,148,133,103,92,136,137,43,53,146,191,31,82,144,121,162,147,149,152,49,151,97,130,113,155,17,21,108,159,109,135,140,50,65,94,166,80,93,178,170,75,172,79,117,102,110,60,64,179,58,161,192,22,195,83,186,54,119,72,71,56,5,141,19,184,70,104,143,156];False
8030;7806;15836;[198,174,23,32,132,87,6,88,38,163,199,78,12,185,167,15,16,160,171,196,182,150,20,190,194,3,157,183,37,138,73,115,25,99,34,35,193,28,8,154,13,116,188,55,44,45,131,47,68,123,106,86,52,91,69,61,176,59,11,57,189,26,175,62,120,2,89,107,48,63,29,164,4,126,41,114,112,165,153,7,77,60,169,0,84,85,66,118,124,51,90,9,197,168,14,142,101,81,36,145,100,111,122,98,139,105,180,67,158,121,40,96,76,134,74,173,46,10,42,27,24,187,39,95,1,125,33,127,128,129,18,181,148,133,103,92,136,137,43,53,146,191,31,82,144,30,162,147,149,152,49,151,97,130,113,155,17,21,108,159,109,135,140,50,65,94,166,80,93,178,170,75,172,79,117,102,110,177,64,179,58,161,192,22,195,83,186,54,119,72,71,56,5,141,19,184,70,104,143,156];False
8158;7678;15836;[198,174,23,32,182,87,6,88,38,163,75,86,12,185,0,15,16,160,171,196,132,150,20,190,194,3,157,183,37,138,73,115,25,99,34,35,193,28,8,154,13,184,188,55,44,45,131,47,68,123,106,78,52,91,120,61,176,59,11,57,189,26,175,62,69,2,89,107,48,63,29,164,4,126,41,114,112,165,153,7,77,177,169,167,84,85,66,118,124,51,90,134,197,168,14,142,101,81,36,145,100,111,122,98,139,105,180,67,158,30,40,96,76,9,74,173,46,10,42,27,24,187,39,95,1,125,33,127,128,129,18,181,148,133,103,92,136,137,43,53,146,191,31,82,144,121,162,147,149,152,49,151,97,130,113,155,17,21,108,159,109,135,140,50,65,94,166,80,93,178,170,199,172,79,117,102,110,60,64,179,58,161,192,22,195,83,186,54,119,72,71,56,5,141,19,116,70,104,143,156];False
8051;7784;15835;[198,174,23,32,132,87,6,88,38,163,199,78,12,185,167,15,16,160,171,196,182,150,20,190,176,3,157,183,37,138,73,115,25,99,34,35,193,28,8,154,13,46,188,55,44,45,131,47,68,123,106,86,52,91,69,61,53,59,11,57,189,26,175,62,120,2,89,107,48,63,29,164,4,126,41,114,112,165,153,7,77,60,169,0,84,85,66,118,124,51,90,9,197,168,14,142,101,139,36,33,100,111,122,98,81,105,180,67,158,30,40,96,76,134,74,173,116,10,42,27,24,187,39,95,1,125,145,127,128,129,18,181,148,133,103,92,136,137,43,194,146,191,31,82,144,121,162,147,149,152,49,151,97,130,113,155,17,21,108,159,109,135,140,50,65,94,166,80,93,178,170,75,172,79,117,102,110,177,64,179,58,161,192,22,195,83,186,54,119,72,71,56,5,141,19,184,70,104,143,156];False
8100;7732;15832;[198,174,23,32,182,87,6,88,38,163,199,78,12,185,0,15,16,160,171,196,132,150,20,190,194,3,157,183,37,138,73,115,25,99,34,35,193,28,8,154,13,116,188,55,44,45,131,47,68,123,106,86,52,91,189,61,176,59,11,57,69,26,175,62,120,2,89,107,48,63,29,164,4,126,41,114,112,165,153,7,77,177,169,167,84,85,66,118,124,51,90,134,197,168,14,142,101,81,36,145,100,111,122,98,139,105,180,67,158,30,40,96,76,9,74,173,46,10,42,27,24,187,39,95,1,125,33,127,128,129,18,181,148,133,103,92,136,137,43,53,146,191,31,82,144,121,162,147,149,152,49,151,97,130,113,155,17,21,108,159,109,135,140,50,65,94,166,80,93,178,170,75,172,79,117,102,110,60,64,179,58,161,192,22,195,83,186,54,119,72,71,56,5,141,19,184,70,104,143,156];False
8033;7798;15831;[24,174,23,32,132,87,6,88,38,163,199,78,12,185,167,15,16,160,171,196,182,150,20,190,194,3,157,183,37,138,73,115,25,99,34,35,193,28,8,154,13,116,188,55,44,45,131,47,68,123,106,86,52,91,69,61,176,59,11,57,189,26,175,62,120,2,89,107,48,63,29,164,4,126,41,114,112,165,153,7,77,60,169,0,84,85,66,118,124,51,90,9,197,168,14,142,101,81,36,145,100,111,122,98,139,105,180,67,158,30,40,96,76,134,74,173,46,10,42,27,198,187,39,95,1,125,33,127,128,129,18,181,148,133,103,92,136,137,43,53,146,191,31,82,144,121,162,147,149,152,49,151,97,130,113,155,17,21,108,159,109,135,140,50,65,94,166,80,93,178,170,75,172,79,117,102,110,177,64,179,58,161,192,22,195,83,186,54,119,72,71,56,5,141,19,184,70,104,143,156];False
8077;7751;15828;[198,174,23,183,182,87,6,88,38,163,199,78,12,185,0,15,16,160,171,196,132,150,20,190,194,3,157,32,37,138,73,115,25,99,34,35,193,28,8,154,13,116,188,55,44,45,131,47,68,123,106,86,52,91,69,61,176,59,11,57,189,26,175,62,120,2,89,107,48,63,29,164,4,126,41,114,112,165,153,7,77,60,169,167,84,85,66,118,124,51,90,9,197,168,14,142,101,81,36,145,100,111,122,98,139,105,180,67,158,30,40,96,76,134,74,173,46,10,42,27,24,187,39,95,1,125,33,127,128,129,18,181,148,133,103,92,136,137,43,53,146,191,31,82,144,121,162,147,149,152,49,151,97,130,113,155,17,21,108,159,109,135,140,50,65,94,166,80,93,178,170,75,172,79,117,102,110,177,64,179,58,161,192,22,195,83,186,54,119,72,71,56,5,141,19,184,70,104,143,156];False
8117;7711;15828;[198,174,23,32,182,87,6,88,38,163,199,78,12,185,0,15,16,160,171,196,132,150,20,190,194,3,157,183,37,138,73,115,25,99,34,35,193,28,8,76,13,184,188,55,44,45,131,47,68,123,106,86,52,91,69,61,176,59,11,57,189,26,175,62,120,2,89,107,48,63,29,164,4,126,41,114,112,165,153,7,77,177,169,167,84,85,66,118,124,51,90,134,197,168,14,142,101,81,36,145,100,111,122,98,139,105,180,67,158,30,40,96,154,9,74,173,46,10,42,27,24,187,39,95,1,125,33,127,128,129,18,181,148,133,103,92,136,137,43,53,146,191,31,82,144,121,162,147,149,152,49,151,97,130,113,155,17,21,108,159,109,135,140,50,65,94,166,80,93,178,170,75,172,79,117,102,110,60,64,179,58,161,192,22,195,83,186,54,119,72,71,56,5,141,19,116,70,104,143,156];False
8026;7802;15828;[198,174,23,32,132,87,6,88,38,163,199,78,12,185,167,15,16,160,171,196,182,150,20,190,176,3,157,183,37,138,73,115,25,99,34,35,193,28,8,154,13,46,188,55,44,54,131,47,68,123,106,86,52,91,69,61,194,59,11,57,189,26,175,62,120,2,89,107,48,63,29,164,4,126,41,114,112,165,153,7,77,60,169,0,84,85,66,118,124,51,90,9,197,168,14,142,101,81,36,145,100,111,122,98,139,105,180,67,158,30,40,96,76,134,74,173,116,10,42,27,24,187,39,95,1,125,33,127,128,129,18,181,148,133,103,92,136,137,43,53,146,191,31,82,144,121,162,147,149,152,49,151,97,130,113,155,17,21,108,159,109,135,140,50,65,94,166,80,93,178,170,75,172,79,117,102,110,177,64,179,58,161,192,22,195,83,186,45,119,72,71,56,5,141,19,184,70,104,143,156];False
8119;7707;15826;[198,174,23,32,182,87,6,88,38,163,199,78,12,185,0,1,16,160,171,196,132,150,20,190,194,3,157,183,37,138,73,115,25,99,34,35,193,28,8,154,13,116,188,55,44,45,131,47,68,123,106,86,52,91,69,61,176,59,11,57,189,26,175,62,120,2,89,107,48,63,29,164,4,126,41,114,112,165,153,7,77,60,169,167,84,85,66,118,124,51,90,134,197,168,14,142,101,81,36,145,100,111,122,98,139,105,180,67,158,30,40,96,76,9,74,173,46,10,42,27,24,187,39,95,15,125,33,127,128,129,18,181,148,133,103,92,136,137,43,53,146,191,31,82,144,121,162,147,149,152,49,151,97,130,113,155,17,21,108,159,109,135,140,50,65,94,166,80,93,178,170,75,172,79,117,102,110,177,64,179,58,161,192,22,195,83,186,54,119,72,71,56,5,141,19,184,70,104,143,156];False
8088;7736;15824;[198,174,23,32,182,87,6,88,38,163,199,78,12,185,0,15,16,160,171,196,132,150,20,190,194,3,157,183,37,138,73,115,25,99,34,35,193,28,8,154,13,116,188,55,44,45,131,47,68,123,106,86,52,91,69,155,176,59,11,57,189,26,175,62,120,2,89,107,48,63,29,164,4,126,41,114,112,165,153,7,77,60,169,167,84,85,66,118,124,51,90,134,197,168,14,142,101,81,36,145,100,111,122,98,139,105,180,67,158,30,40,96,76,9,74,173,46,10,42,27,24,187,39,95,1,125,33,127,128,129,18,181,148,133,103,92,136,137,43,53,146,191,31,82,144,121,162,147,149,152,49,151,97,130,113,61,17,21,108,159,109,135,140,50,65,94,166,80,93,178,170,75,172,79,117,102,110,177,64,179,58,161,192,22,195,83,186,54,119,72,71,56,5,141,19,184,70,104,143,156];False
8056;7768;15824;[198,174,23,32,132,87,6,88,73,163,199,78,12,185,167,15,16,160,171,196,182,150,20,190,176,3,157,183,37,138,38,115,25,99,34,35,193,28,8,154,13,46,188,55,44,45,131,47,68,123,106,86,52,91,69,61,194,59,11,57,189,26,175,62,120,2,89,107,48,63,29,164,4,126,41,114,112,165,153,7,77,60,169,0,84,85,66,118,124,51,90,9,197,168,14,142,101,81,36,33,100,111,122,98,139,105,180,67,158,30,40,96,76,134,74,173,116,10,42,27,24,187,39,95,1,125,145,127,128,129,18,181,148,133,103,92,136,137,43,53,146,191,31,82,144,121,162,147,149,152,49,151,97,130,113,155,17,21,108,159,109,135,140,50,65,94,166,80,93,178,170,75,172,79,117,102,110,177,64,179,58,161,192,22,195,83,186,54,119,72,71,56,5,141,19,184,70,104,143,156];False
8123;7698;15821;[198,174,23,32,182,87,6,88,38,163,199,78,12,185,0,15,16,160,171,196,132,150,20,190,194,3,157,183,37,138,73,115,25,99,34,35,193,28,8,154,13,116,188,55,44,45,131,47,68,123,106,86,52,91,69,61,176,59,11,57,189,26,175,62,120,2,89,107,48,63,29,164,4,126,41,114,112,165,153,7,77,60,169,167,84,85,66,118,124,51,90,134,197,168,14,142,101,81,36,145,100,111,122,98,139,105,180,67,158,30,40,96,76,9,74,173,46,10,42,27,24,187,39,95,1,125,33,127,128,129,18,181,19,133,103,92,136,137,43,53,146,191,31,82,144,121,162,147,149,152,49,151,97,130,113,155,17,21,108,159,109,135,140,50,65,94,166,80,93,178,170,75,172,79,117,102,110,177,64,179,58,161,192,22,195,83,186,54,119,72,71,56,5,141,148,184,70,104,143,156];False
8054;7767;15821;[198,174,23,32,132,87,6,88,38,163,199,78,12,185,167,15,16,160,171,196,182,150,20,190,176,3,157,183,37,138,73,115,25,99,34,35,193,28,8,154,13,46,188,55,44,45,131,47,68,123,106,86,52,91,69,61,194,59,11,57,189,26,175,62,120,2,89,107,48,63,29,164,4,126,41,114,112,165,153,7,77,60,169,0,84,85,66,118,124,51,90,9,197,168,14,142,101,81,36,33,100,111,122,98,139,105,180,67,158,30,40,96,76,134,74,173,116,10,42,27,149,187,39,95,1,125,145,127,128,129,18,181,148,133,103,92,136,137,43,53,146,191,31,82,144,121,162,147,24,152,49,151,97,130,113,155,17,21,108,159,109,135,140,50,65,94,166,80,93,178,170,75,172,79,117,102,110,177,64,179,58,161,192,22,195,83,186,54,119,72,71,56,5,141,19,184,70,104,143,156];False
8081;7738;15819;[198,174,23,32,132,87,6,88,38,163,199,78,12,185,167,15,16,160,171,196,182,150,20,190,194,3,157,183,37,138,73,115,25,99,34,35,193,28,8,154,13,46,188,55,44,45,131,47,68,123,106,86,52,91,69,61,176,59,11,57,189,26,175,62,120,2,89,107,48,63,29,164,4,126,41,114,112,165,153,7,77,60,169,49,84,85,66,118,124,51,90,9,197,168,14,142,101,81,36,145,100,111,122,98,139,105,180,67,158,30,40,96,76,134,74,173,116,10,42,27,24,187,39,95,1,125,33,127,128,129,18,181,148,133,103,92,136,137,43,53,146,191,31,82,144,121,162,147,149,152,0,151,97,130,113,155,17,21,108,159,109,135,140,50,65,94,166,80,93,178,170,75,172,79,117,102,110,177,64,179,58,161,192,22,195,83,186,54,119,72,71,56,5,141,19,184,70,104,143,156];False
8094;7722;15816;[198,174,23,32,182,87,6,88,38,163,199,78,12,185,0,15,16,160,171,196,132,150,20,190,194,3,157,183,37,138,73,115,25,99,34,35,193,28,8,154,13,116,188,55,44,45,131,47,68,123,106,86,52,91,69,61,176,59,11,57,189,26,175,62,120,2,89,107,48,63,29,164,4,126,41,114,112,165,153,7,77,60,169,167,84,85,66,118,124,51,90,134,197,168,156,142,101,81,36,145,100,111,122,98,139,105,180,67,158,30,40,96,76,9,74,173,46,10,42,27,24,187,39,95,1,125,33,127,128,129,18,181,148,133,103,92,136,137,43,53,146,191,31,82,144,121,162,147,149,152,49,151,97,130,113,155,17,21,108,159,109,135,140,50,65,94,166,80,93,178,170,75,172,79,117,102,110,177,64,179,58,161,192,22,195,83,186,54,119,72,71,56,5,141,19,184,70,104,143,14];False
8060;7755;15815;[198,174,23,32,182,87,6,88,38,163,199,78,12,185,0,15,16,160,171,196,132,150,20,190,194,3,157,183,37,138,73,115,25,99,34,35,193,28,8,154,13,116,188,55,44,45,131,47,68,123,106,86,52,91,69,61,176,59,11,57,189,26,175,107,120,2,89,62,48,63,29,164,4,126,41,114,112,165,153,7,77,60,169,167,84,85,66,118,124,51,90,134,197,168,14,142,101,81,36,145,100,111,122,98,139,105,180,67,158,30,40,96,76,9,74,173,46,10,42,27,24,187,39,95,1,125,33,127,128,129,18,181,148,133,103,92,136,137,43,53,146,191,31,82,144,121,162,147,149,152,49,151,97,130,113,155,17,21,108,159,109,135,140,50,65,94,166,80,93,178,170,75,172,79,117,102,110,177,64,179,58,161,192,22,195,83,186,54,119,72,71,56,5,141,19,184,70,104,143,156];False
8024;7790;15814;[198,174,23,32,182,87,6,88,38,163,199,78,12,185,0,15,16,160,171,196,132,150,20,190,194,3,157,183,37,138,73,115,25,99,34,35,193,28,8,154,13,116,188,55,44,45,131,47,68,123,106,86,52,91,69,61,176,59,11,57,189,26,175,62,120,2,89,107,48,63,29,164,4,126,41,114,112,165,153,7,77,60,169,167,84,85,66,118,124,51,90,134,197,168,14,142,101,81,36,145,100,111,122,98,139,105,180,67,158,30,40,96,76,9,74,173,46,10,42,27,24,187,39,95,1,125,33,127,128,129,18,181,148,133,103,92,136,137,43,53,146,191,31,82,144,121,162,147,149,152,49,151,97,130,113,155,17,21,108,159,109,135,140,117,65,94,166,80,93,178,170,75,172,79,50,102,110,177,64,179,58,161,192,22,195,83,186,54,119,72,71,56,5,141,19,184,70,104,143,156];False
8026;7788;15814;[198,174,23,32,132,87,6,88,38,163,199,78,12,185,167,15,16,160,171,196,182,150,20,190,176,3,157,183,37,138,73,115,25,99,34,35,193,28,8,154,13,46,188,55,44,45,131,47,68,123,106,86,52,91,69,61,194,59,11,57,189,26,175,62,120,2,89,14,48,63,29,164,4,126,41,114,112,165,153,7,77,60,169,0,84,85,66,118,124,51,90,9,197,168,107,142,101,81,36,33,100,111,122,98,139,105,180,67,158,30,40,96,76,134,74,173,116,10,42,27,24,187,39,95,1,125,145,127,128,129,18,181,148,133,103,92,136,137,43,53,146,191,31,82,144,121,162,147,149,152,49,151,97,130,113,155,17,21,108,159,109,135,140,50,65,94,166,80,93,178,170,75,172,79,117,102,110,177,64,179,58,161,192,22,195,83,186,54,119,72,71,56,5,141,19,184,70,104,143,156];False
8026;7786;15812;[198,174,23,32,132,87,6,88,38,163,199,78,12,185,167,15,16,160,171,196,182,150,20,190,194,3,157,183,37,138,73,115,25,99,34,35,193,28,8,154,13,46,188,55,44,45,131,47,68,123,106,86,52,91,69,61,176,59,11,57,189,26,175,62,120,2,89,107,48,63,29,164,4,126,41,114,112,165,153,7,77,60,169,0,84,85,66,118,124,51,90,9,197,168,14,142,101,81,36,145,100,111,122,98,139,105,180,162,158,30,40,96,76,134,74,173,116,10,42,27,24,187,39,95,1,125,33,127,128,129,18,181,148,133,103,92,136,137,43,53,146,191,31,82,144,121,67,147,149,152,49,151,97,130,113,155,17,21,108,159,109,135,140,50,65,94,166,80,93,178,170,75,172,79,117,102,110,177,64,179,58,161,192,22,195,83,186,54,119,72,71,56,5,141,19,184,70,104,143,156];False
8054;7757;15811;[198,174,23,32,182,87,6,88,38,163,199,78,12,185,0,15,16,160,171,196,132,150,20,190,194,3,157,183,37,138,73,115,25,99,34,35,193,28,8,154,13,116,188,55,44,45,131,47,68,123,106,86,52,91,69,61,176,59,11,57,189,26,175,62,120,2,89,107,48,63,29,164,4,126,41,114,112,165,153,7,77,60,169,167,84,85,66,118,124,51,90,134,197,168,14,142,101,81,36,145,100,111,122,98,139,105,180,67,158,30,40,96,76,9,74,173,46,10,42,27,24,187,39,95,1,125,33,127,128,129,18,181,148,133,103,92,136,137,43,53,146,191,31,82,144,121,162,147,149,152,109,151,97,130,113,155,17,21,108,159,49,135,140,50,65,94,166,80,93,178,170,75,172,79,117,102,110,177,64,179,58,161,192,22,195,83,186,54,119,72,71,56,5,141,19,184,70,104,143,156];False
8142;7668;15810;[198,174,23,32,182,87,6,88,38,163,75,78,12,185,0,15,16,160,171,196,132,150,20,190,194,3,157,183,37,138,73,115,25,99,34,35,193,28,8,154,13,184,188,55,44,45,131,47,68,123,106,86,52,91,69,61,176,59,11,57,189,26,175,62,120,2,89,107,48,63,29,164,4,126,41,114,112,165,153,7,77,177,169,167,84,85,66,118,124,51,90,134,197,168,14,142,101,81,36,145,100,111,122,98,139,105,180,67,158,30,40,96,76,9,74,173,46,10,42,27,24,187,39,95,1,125,33,127,128,129,18,181,148,133,103,92,136,137,43,53,146,191,31,82,144,121,162,147,149,152,49,151,97,130,113,155,17,21,108,159,109,135,140,50,65,94,166,80,93,178,170,199,172,79,117,102,110,60,64,179,58,161,192,22,195,83,186,54,119,72,71,56,5,141,19,116,70,104,143,156];False
7979;7830;15809;[198,174,23,32,132,87,6,88,38,163,199,78,12,185,167,15,16,160,171,196,182,150,47,190,176,3,157,183,37,138,73,115,25,99,34,35,193,28,8,154,13,46,188,55,44,45,131,20,68,123,106,86,52,91,69,61,53,59,11,57,189,26,175,62,120,2,89,107,48,63,29,164,4,126,41,114,112,165,153,7,77,60,169,0,84,85,66,118,124,51,90,9,197,168,14,142,101,81,36,33,100,111,122,98,139,105,180,67,158,30,40,96,76,134,74,173,116,10,42,27,24,187,39,95,1,125,145,127,128,129,18,181,148,133,103,92,136,137,43,194,146,191,31,82,144,121,162,147,149,152,49,151,97,130,113,155,17,21,108,159,109,135,140,50,65,94,166,80,93,178,170,75,172,79,117,102,110,177,64,179,58,161,192,22,195,83,186,54,119,72,71,56,5,141,19,184,70,104,143,156];False
8119;7685;15804;[198,174,23,32,182,87,6,88,38,163,199,78,12,185,0,15,16,160,171,196,132,150,20,190,194,3,157,183,37,138,73,115,25,99,34,35,193,28,8,154,13,184,188,55,44,45,131,47,68,123,106,86,52,91,166,61,176,59,11,57,189,26,175,62,120,2,89,107,48,63,29,164,4,126,41,114,112,165,153,7,77,177,169,167,84,85,66,118,124,51,90,134,197,168,14,142,101,81,36,145,100,111,122,98,139,105,180,67,158,30,40,96,76,9,74,173,46,10,42,27,24,187,39,95,1,125,33,127,128,129,18,181,148,133,103,92,136,137,43,53,146,191,31,82,144,121,162,147,149,152,49,151,97,130,113,155,17,21,108,159,109,135,140,50,65,94,69,80,93,178,170,75,172,79,117,102,110,60,64,179,58,161,192,22,195,83,186,54,119,72,71,56,5,141,19,116,70,104,143,156];False
8064;7736;15800;[198,174,23,32,182,87,6,88,38,163,199,78,12,185,0,15,16,160,171,196,132,150,20,190,194,3,157,183,37,138,73,115,25,99,34,35,193,28,4,154,13,116,188,55,44,45,131,47,68,123,106,86,52,91,69,61,176,59,11,57,189,26,175,62,120,2,89,107,48,63,29,164,8,126,41,114,112,165,153,7,77,60,169,167,84,85,66,118,124,51,90,134,197,168,14,142,101,81,36,145,100,111,122,98,139,105,180,67,158,30,40,96,76,9,74,173,46,10,42,27,24,187,39,95,1,125,33,127,128,129,18,181,148,133,103,92,136,137,43,53,146,191,31,82,144,121,162,147,149,152,49,151,97,130,113,155,17,21,108,159,109,135,140,50,65,94,166,80,93,178,170,75,172,79,117,102,110,177,64,179,58,161,192,22,195,83,186,54,119,72,71,56,5,141,19,184,70,104,143,156];False
7992;7808;15800;[198,174,23,32,132,87,6,88,38,163,199,78,12,107,167,15,16,160,171,196,182,150,20,190,176,3,157,183,37,138,73,115,25,99,34,35,193,28,8,154,13,46,188,55,44,45,131,47,68,123,106,86,52,91,69,61,194,59,11,57,189,26,175,62,120,2,89,185,48,63,29,164,4,126,41,114,112,165,153,7,77,60,169,0,84,85,66,118,124,51,90,9,197,168,14,142,101,81,36,33,100,111,122,98,139,105,180,67,158,30,40,96,76,134,74,173,116,10,42,27,24,187,39,95,1,125,145,127,128,129,18,181,148,133,103,92,136,137,43,53,146,191,31,82,144,121,162,147,149,152,49,151,97,130,113,155,17,21,108,159,109,135,140,50,65,94,166,80,93,178,170,75,172,79,117,102,110,177,64,179,58,161,192,22,195,83,186,54,119,72,71,56,5,141,19,184,70,104,143,156];False
7987;7811;15798;[198,174,23,32,132,87,6,88,38,163,199,78,12,185,167,15,16,160,171,196,182,150,20,190,176,3,157,183,37,138,73,115,25,99,34,35,193,162,8,154,13,46,188,55,44,45,131,47,68,123,106,86,52,91,69,61,53,59,11,57,189,26,175,62,120,2,89,107,48,63,29,164,4,126,41,114,112,165,153,7,77,60,169,0,84,85,66,118,124,51,90,9,197,168,14,142,101,81,36,33,100,111,122,98,139,105,180,67,158,30,64,96,76,134,74,173,116,10,42,27,24,187,39,95,1,125,145,127,128,129,18,181,148,133,103,92,136,137,43,194,146,191,31,82,144,121,28,147,149,152,49,151,97,130,113,155,17,21,108,159,109,135,140,50,65,94,166,80,93,178,170,75,172,79,117,102,110,177,40,179,58,161,192,22,195,83,186,54,119,72,71,56,5,141,19,184,70,104,143,156];False
8033;7763;15796;[198,174,23,32,132,55,6,88,38,163,199,78,12,185,167,15,16,160,171,196,182,150,20,190,176,3,157,183,37,138,73,115,25,99,34,35,193,28,8,154,13,46,188,87,44,45,131,47,68,123,106,86,52,91,69,61,194,59,11,57,189,26,175,62,120,2,89,107,48,63,29,164,4,126,41,114,112,165,153,7,77,60,169,0,84,85,66,118,124,51,90,9,197,168,14,142,101,81,36,33,100,111,122,98,139,105,180,67,158,30,40,96,76,134,74,173,116,10,42,27,24,187,39,95,1,125,145,127,128,129,18,181,148,133,103,92,136,137,43,53,146,191,31,82,144,121,162,147,149,152,49,151,97,130,113,155,17,21,108,159,109,135,140,50,65,94,166,80,93,178,170,75,172,79,117,102,110,177,64,179,58,161,192,22,195,83,186,54,119,72,71,56,5,141,19,184,70,104,143,156];False
8099;7697;15796;[198,174,23,32,182,87,6,88,38,163,199,78,12,185,0,15,16,160,171,196,132,150,20,190,194,3,157,183,37,138,73,115,25,99,34,35,193,28,8,154,13,184,188,55,44,45,131,47,68,123,106,86,52,175,69,61,176,59,11,57,189,26,91,62,120,2,89,107,48,63,29,164,4,126,41,114,112,165,153,7,77,177,169,167,84,85,66,118,124,51,90,134,197,168,14,142,101,81,36,145,100,111,122,98,139,105,180,67,158,30,40,96,76,9,74,173,46,10,42,27,24,187,39,95,1,125,33,127,128,129,18,181,148,133,103,92,136,137,43,53,146,191,31,82,144,121,162,147,149,152,49,151,97,130,113,155,17,21,108,159,109,135,140,50,65,94,166,80,93,178,170,75,172,79,117,102,110,60,64,179,58,161,192,22,195,83,186,54,119,72,71,56,5,141,19,116,70,104,143,156];False
7963;7832;15795;[198,174,23,32,132,87,6,88,38,163,199,78,12,185,0,15,16,160,171,196,182,150,20,190,194,3,157,183,37,138,73,115,25,99,34,35,193,28,8,154,13,116,188,55,44,45,131,47,68,123,106,86,52,91,69,61,176,59,11,57,189,26,175,62,120,2,89,107,48,63,29,164,4,126,41,114,112,165,153,7,77,60,169,167,84,85,66,118,124,51,90,9,197,168,14,142,101,81,36,145,100,111,122,98,139,105,180,67,158,30,40,96,76,134,74,173,46,10,42,17,24,187,39,95,1,125,33,127,128,129,18,181,148,133,103,92,136,137,43,53,146,191,31,82,144,121,162,147,149,152,49,151,97,130,113,155,27,21,108,159,109,135,140,50,65,94,166,80,93,178,170,75,172,79,117,102,110,177,64,179,58,161,192,22,195,83,186,54,119,72,71,56,5,141,19,184,70,104,143,156];False
8029;7765;15794;[198,174,23,32,132,87,6,88,38,163,199,78,12,185,167,15,16,160,171,196,182,150,20,190,176,3,157,183,37,138,73,115,25,99,34,35,193,28,8,154,13,46,188,55,86,45,131,47,68,123,106,44,52,91,69,61,194,59,11,57,189,26,175,62,120,2,89,107,48,63,29,164,4,126,41,114,112,165,153,7,77,60,169,0,84,85,66,118,124,51,90,9,197,168,14,142,101,81,36,145,100,111,122,98,139,105,180,67,158,30,40,96,76,134,74,173,116,10,42,27,24,187,39,95,1,125,33,127,128,129,18,181,148,133,103,92,136,137,43,53,146,191,31,82,144,121,162,147,149,152,49,151,97,130,113,155,17,21,108,159,109,135,140,50,65,94,166,80,93,178,170,75,172,79,117,102,110,177,64,179,58,161,192,22,195,83,186,54,119,72,71,56,5,141,19,184,70,104,143,156];False
8062;7731;15793;[198,174,23,32,132,87,6,88,38,163,199,78,12,185,167,15,16,160,171,196,182,150,20,190,194,3,157,183,37,138,73,115,25,99,34,35,193,28,8,154,13,116,188,55,44,45,131,47,68,123,106,86,52,91,69,61,176,59,80,57,189,26,175,62,120,2,89,107,48,63,29,164,4,126,41,114,112,165,153,7,77,60,169,0,84,85,66,118,124,51,90,9,197,168,14,142,101,81,36,145,100,111,122,98,139,105,180,67,158,30,40,96,76,134,74,173,46,10,42,27,24,187,39,95,1,125,33,127,128,129,18,181,148,133,103,92,136,137,43,53,146,191,31,82,144,121,162,147,149,152,49,151,97,130,113,155,17,21,108,159,109,135,140,50,65,94,166,11,93,178,170,75,172,79,117,102,110,177,64,179,58,161,192,22,195,83,186,54,119,72,71,56,5,141,19,184,70,104,143,156];False
7949;7844;15793;[198,174,23,32,132,87,6,88,38,163,199,78,12,185,167,15,16,160,171,196,182,150,20,190,176,3,157,183,37,138,73,115,25,99,34,35,193,28,8,154,13,46,188,55,44,45,131,47,68,123,106,86,52,91,69,61,53,59,11,57,189,26,175,62,120,2,89,107,48,63,29,164,4,126,41,114,112,165,153,7,77,60,24,0,84,85,66,118,124,51,90,9,197,168,14,142,101,81,36,33,100,111,122,98,139,105,180,67,158,30,64,96,76,134,74,173,116,10,42,27,169,31,39,95,1,125,145,127,128,129,18,181,148,133,103,92,136,137,43,194,146,191,187,82,144,121,162,147,149,152,49,151,97,130,113,155,17,21,108,159,109,135,140,50,65,94,166,80,93,178,170,75,172,79,117,102,110,177,40,179,58,161,192,22,195,83,186,54,119,72,71,56,5,141,19,184,70,104,143,156];False
8055;7738;15793;[198,174,23,32,182,87,6,88,38,163,199,78,12,185,0,15,16,160,171,196,132,150,20,190,194,3,117,183,37,138,73,115,25,99,34,35,193,28,8,154,13,184,188,55,44,45,131,47,68,123,106,86,52,91,69,61,176,59,11,57,189,26,175,62,120,2,89,107,48,63,29,164,4,126,41,114,112,165,153,7,77,177,169,167,84,85,66,118,124,51,90,134,197,168,14,142,101,81,36,145,100,111,122,98,139,105,180,67,158,30,40,96,76,9,74,173,46,10,42,27,24,187,39,95,1,125,33,127,128,129,18,181,148,133,103,92,136,137,43,53,146,191,31,82,144,121,162,147,149,152,49,151,97,130,113,155,17,21,108,159,109,135,140,50,65,94,166,80,93,178,170,75,172,79,157,102,110,60,64,179,58,161,192,22,195,83,186,54,119,72,71,56,5,141,19,116,70,104,143,156];False
8073;7720;15793;[198,174,23,32,182,87,6,88,38,141,199,78,12,185,0,15,16,160,171,196,132,150,20,190,194,3,157,183,37,138,73,115,25,99,34,35,193,28,8,154,13,116,188,55,44,45,131,47,68,123,106,86,52,91,69,61,176,59,11,57,189,26,175,62,120,2,89,107,48,63,29,164,4,126,41,114,112,165,153,7,77,177,169,167,84,85,66,118,124,51,90,134,197,168,14,142,101,81,36,145,100,111,122,98,139,105,180,67,158,30,40,96,76,9,74,173,46,10,42,27,24,187,39,95,1,125,33,127,128,129,18,181,148,133,103,92,136,137,43,53,146,191,31,82,144,121,162,147,149,152,49,151,97,130,113,155,17,21,108,159,109,135,140,50,65,94,166,80,93,178,170,75,172,79,117,102,110,60,64,179,58,161,192,22,195,83,186,54,119,72,71,56,5,163,19,184,70,104,143,156];False
8025;7767;15792;[32,174,23,198,182,87,6,88,38,163,199,78,12,185,0,15,16,160,171,196,132,150,20,190,194,3,157,183,37,138,73,115,25,99,34,35,193,28,8,154,13,184,188,55,44,45,131,47,68,123,106,86,52,91,69,61,176,59,11,57,189,26,175,62,120,2,89,107,48,63,29,164,4,126,41,114,112,165,153,7,77,177,169,167,84,85,66,118,124,51,90,134,197,168,14,142,101,81,36,145,100,111,122,98,139,105,180,67,158,30,40,96,76,9,74,173,46,10,42,27,24,187,39,95,1,125,33,127,128,129,18,181,148,133,103,92,136,137,43,53,146,191,31,82,144,121,162,147,149,152,49,151,97,130,113,155,17,21,108,159,109,135,140,50,65,94,166,80,93,178,170,75,172,79,117,102,110,60,64,179,58,161,192,22,195,83,186,54,119,72,71,56,5,141,19,116,70,104,143,156];False
8023;7769;15792;[198,174,23,32,132,87,6,88,38,163,199,78,12,185,167,15,16,160,171,196,182,150,20,190,176,3,157,183,37,138,73,115,25,99,34,35,193,28,8,154,13,46,188,55,44,45,131,47,68,123,106,86,52,91,69,61,53,59,11,57,189,26,175,62,120,2,89,107,48,63,29,164,4,126,41,114,112,165,153,7,77,60,169,0,84,85,66,118,124,51,90,9,197,168,14,142,101,81,36,33,100,111,122,98,139,105,180,30,158,67,40,96,76,134,74,173,116,10,42,27,24,187,39,95,1,125,145,127,128,129,18,181,148,133,103,92,136,137,43,194,146,191,31,82,144,121,162,147,149,152,49,151,97,130,113,155,17,21,108,159,109,135,140,50,65,94,166,80,93,178,170,75,172,79,117,102,110,177,64,179,58,161,192,22,195,83,186,54,119,72,71,56,5,141,19,184,70,104,143,156];False
8086;7706;15792;[198,174,23,32,182,87,6,88,38,163,199,78,12,185,0,15,16,160,171,196,132,150,20,190,194,3,157,183,37,138,73,115,25,99,34,35,193,28,8,154,13,116,188,55,44,45,131,47,68,123,106,86,52,91,69,61,176,59,11,57,189,26,175,62,120,2,89,107,48,63,29,164,4,126,41,114,112,165,153,7,77,60,169,167,84,10,66,118,124,51,90,134,197,168,14,142,101,81,36,145,100,111,122,98,139,105,180,67,158,30,40,96,76,9,74,173,46,85,42,27,24,187,39,95,1,125,33,127,128,129,18,181,148,133,103,92,136,137,43,53,146,191,31,82,144,121,162,147,149,152,49,151,97,130,113,155,17,21,108,159,109,135,140,50,65,94,166,80,93,178,170,75,172,79,117,102,110,177,64,179,58,161,192,22,195,83,186,54,119,72,71,56,5,141,19,184,70,104,143,156];False
8067;7725;15792;[198,174,23,32,132,87,6,88,38,163,199,78,12,185,167,15,16,160,171,196,182,150,20,190,194,3,157,183,37,138,73,115,25,99,34,35,193,28,8,154,13,46,188,55,44,45,131,47,68,123,106,86,52,91,69,61,176,59,11,57,189,26,175,62,120,2,89,107,48,63,29,164,4,126,41,114,112,165,153,7,77,60,169,0,84,85,66,118,124,51,90,9,197,168,14,142,101,81,36,145,100,111,122,98,139,21,180,67,158,30,40,96,76,134,74,173,116,10,42,27,24,187,39,95,1,125,33,127,128,129,18,181,148,133,103,92,136,137,43,53,146,191,31,82,144,121,162,147,149,152,49,151,97,130,113,155,17,105,108,159,109,135,140,50,65,94,166,80,93,178,170,75,172,79,117,102,110,177,64,179,58,161,192,22,195,83,186,54,119,72,71,56,5,141,19,184,70,104,143,156];False
8088;7704;15792;[198,174,23,32,182,87,6,88,38,163,199,78,12,185,0,15,16,160,171,196,132,150,20,190,194,3,157,183,37,138,73,115,25,99,34,35,193,28,8,154,13,116,188,55,44,45,131,47,68,123,106,86,52,91,69,46,176,59,11,57,189,26,175,62,120,2,89,107,48,63,29,164,4,126,41,114,112,165,153,7,77,60,169,167,84,85,66,118,124,51,90,134,197,168,14,142,101,81,36,145,100,111,122,98,139,105,180,67,158,30,40,96,76,9,74,173,61,10,42,27,24,187,39,95,1,125,33,127,128,129,18,181,148,133,103,92,136,137,43,53,146,191,31,82,144,121,162,147,149,152,49,151,97,130,113,155,17,21,108,159,109,135,140,50,65,94,166,80,93,178,170,75,172,79,117,102,110,177,64,179,58,161,192,22,195,83,186,54,119,72,71,56,5,141,19,184,70,104,143,156];False
8085;7706;15791;[198,174,23,32,182,87,6,88,38,163,116,78,12,185,0,15,16,160,171,196,132,150,20,190,194,3,157,183,37,138,73,115,25,99,34,35,193,28,8,154,13,199,188,55,44,45,131,47,68,123,106,86,52,91,69,61,176,59,11,57,189,26,175,62,120,2,89,107,48,63,29,164,4,126,41,114,112,165,153,7,77,60,169,167,84,85,66,118,124,51,90,134,197,168,14,142,101,81,36,145,100,111,122,98,139,105,180,67,158,30,40,96,76,9,74,173,46,10,42,27,24,187,39,95,1,125,33,127,128,129,18,181,148,133,103,92,136,137,43,53,146,191,31,82,144,121,162,147,149,152,49,151,97,130,113,155,17,21,108,159,109,135,140,50,65,94,166,80,93,178,170,75,172,79,117,102,110,177,64,179,58,161,192,22,195,83,186,54,119,72,71,56,5,141,19,184,70,104,143,156];False
8032;7759;15791;[198,174,23,32,132,87,6,88,38,163,199,78,12,185,167,15,16,160,171,196,182,150,20,190,176,3,157,183,37,138,73,115,25,99,34,35,193,28,8,154,13,46,188,55,44,45,131,47,68,123,106,86,52,91,69,61,53,59,11,57,189,26,175,62,120,2,89,107,48,63,29,164,4,126,41,114,112,165,153,7,77,60,169,0,84,85,66,118,124,51,90,9,197,168,14,142,101,81,36,33,100,111,122,98,139,105,180,67,158,30,40,96,76,42,74,173,116,10,134,27,24,187,39,95,1,125,145,127,128,129,18,181,148,133,103,92,136,137,43,194,146,191,31,82,144,121,162,147,149,152,49,151,97,130,113,155,17,21,108,159,109,135,140,50,65,94,166,80,93,178,170,75,172,79,117,102,110,177,64,179,58,161,192,22,195,83,186,54,119,72,71,56,5,141,19,184,70,104,143,156];False
8149;7640;15789;[198,174,23,32,182,87,6,88,38,41,75,86,12,185,0,15,16,160,171,196,132,150,20,190,194,3,157,183,37,138,73,115,25,99,34,35,193,28,8,154,13,184,188,55,44,45,131,47,68,123,106,78,52,91,69,61,176,59,11,57,189,26,175,62,120,2,89,107,48,63,29,164,4,126,163,114,112,165,153,7,77,177,169,167,84,85,66,118,124,51,90,134,197,168,14,142,101,81,36,145,100,111,122,98,139,105,180,67,158,30,40,96,76,9,74,173,46,10,42,27,24,187,39,95,1,125,33,127,128,129,18,181,148,133,103,92,136,137,43,53,146,191,31,82,144,121,162,147,149,152,49,151,97,130,113,155,17,21,108,159,109,135,140,50,65,94,166,80,93,178,170,199,172,79,117,102,110,60,64,179,58,161,192,22,195,83,186,54,119,72,71,56,5,141,19,116,70,104,143,156];False
7968;7820;15788;[198,174,23,32,132,87,6,88,38,163,199,78,12,185,167,15,16,160,171,196,182,150,20,190,176,3,157,183,37,138,73,115,25,99,34,35,193,28,8,154,13,46,188,55,44,45,131,47,68,123,106,86,52,91,69,61,194,59,11,57,189,26,175,62,120,2,89,107,48,63,29,164,4,126,41,114,112,165,153,7,77,60,169,0,84,85,66,118,124,51,90,9,197,168,14,142,101,81,36,145,100,111,122,98,139,105,42,67,158,30,40,96,76,134,74,173,116,10,180,27,24,187,39,95,1,125,33,127,128,129,18,181,148,133,103,92,136,137,43,53,146,191,31,82,144,121,162,147,149,152,49,151,97,130,113,155,17,21,108,159,109,135,140,50,65,94,166,80,93,178,170,75,172,79,117,102,110,177,64,179,58,161,192,22,195,83,186,54,119,72,71,56,5,141,19,184,70,104,143,156];False
7973;7814;15787;[198,174,23,32,182,87,6,88,38,163,199,78,12,50,0,15,16,160,171,196,132,150,20,190,194,3,157,183,37,138,73,115,25,99,34,35,193,28,8,154,13,184,188,55,44,45,131,47,68,123,106,86,52,91,69,61,176,59,11,57,189,26,175,62,120,2,89,107,48,63,29,164,4,126,41,114,112,165,153,7,77,177,169,167,84,85,66,118,124,51,90,134,197,168,14,142,101,81,36,145,100,111,122,98,139,105,180,67,158,30,40,96,76,9,74,173,46,10,42,27,24,187,39,95,1,125,33,127,128,129,18,181,148,133,103,92,136,137,43,53,146,191,31,82,144,121,162,147,149,152,49,151,97,130,113,155,17,21,108,159,109,135,140,185,65,94,166,80,93,178,170,75,172,79,117,102,110,60,64,179,58,161,192,22,195,83,186,54,119,72,71,56,5,141,19,116,70,104,143,156];False
7970;7816;15786;[198,174,23,32,132,87,6,88,38,163,199,78,12,185,167,15,16,160,171,196,182,150,20,190,176,3,157,183,37,138,73,115,25,99,34,30,193,28,8,154,13,46,188,55,44,45,131,47,68,123,106,86,52,91,69,61,53,59,11,57,189,26,175,62,120,2,89,107,48,63,29,164,4,126,41,114,112,165,153,7,77,60,169,0,84,85,66,118,124,51,90,9,197,168,14,142,101,81,36,33,100,111,122,98,139,105,180,67,158,35,40,96,76,134,74,173,116,10,42,27,24,187,39,95,1,125,145,127,128,129,18,181,148,133,103,92,136,137,43,194,146,191,31,82,144,121,162,147,149,152,49,151,97,130,113,155,17,21,108,159,109,135,140,50,65,94,166,80,93,178,170,75,172,79,117,102,110,177,64,179,58,161,192,22,195,83,186,54,119,72,71,56,5,141,19,184,70,104,143,156];False
8009;7775;15784;[198,174,23,32,132,87,6,88,38,163,199,78,12,185,167,15,16,160,171,196,182,150,20,190,176,3,157,183,37,138,73,115,25,99,34,35,193,28,8,154,13,46,188,55,44,45,131,47,68,123,106,86,52,91,69,61,194,59,11,57,189,26,175,62,120,2,89,107,48,63,29,164,4,126,41,114,112,165,153,7,77,60,169,0,84,85,66,118,124,51,90,9,197,168,14,142,101,81,36,33,100,111,122,98,139,105,180,67,158,30,40,96,76,134,74,173,116,10,42,27,24,187,39,95,1,125,145,127,128,129,18,181,148,133,103,92,136,137,109,53,146,191,31,82,144,121,162,147,149,152,49,151,97,130,113,155,17,21,108,159,43,135,140,50,65,94,166,80,93,178,170,75,172,79,117,102,110,177,64,179,58,161,192,22,195,83,186,54,119,72,71,56,5,141,19,184,70,104,143,156];False
8070;7711;15781;[198,174,23,32,182,87,6,88,38,163,199,78,12,185,0,15,16,160,171,196,132,155,20,190,194,3,157,183,37,138,73,115,25,99,34,35,193,28,8,154,13,116,188,55,44,45,131,47,68,123,106,86,52,91,69,61,176,59,11,57,189,26,175,62,120,2,89,107,48,63,29,164,4,126,41,114,112,165,153,7,77,60,169,167,84,85,66,118,124,51,90,134,197,168,14,142,101,81,36,145,100,111,122,98,139,105,180,67,158,30,40,96,76,9,74,173,46,10,42,27,24,187,39,95,1,125,33,127,128,129,18,181,148,133,103,92,136,137,43,53,146,191,31,82,144,121,162,147,149,152,49,151,97,130,113,150,17,21,108,159,109,135,140,50,65,94,166,80,93,178,170,75,172,79,117,102,110,177,64,179,58,161,192,22,195,83,186,54,119,72,71,56,5,141,19,184,70,104,143,156];False
8012;7769;15781;[198,174,23,32,132,87,6,88,38,163,199,78,12,185,167,15,16,160,171,196,182,150,20,190,194,3,157,183,37,138,73,115,25,99,34,35,193,28,8,154,13,116,188,55,44,45,131,47,68,123,152,86,52,91,69,61,176,59,11,57,189,26,175,62,120,2,89,107,48,63,29,164,4,126,41,114,112,165,153,7,77,60,169,0,84,85,66,118,124,51,90,9,197,168,14,142,101,81,36,145,100,111,122,98,139,105,180,67,158,30,40,96,76,134,74,173,46,10,42,27,24,187,39,95,1,125,33,127,128,129,18,181,148,133,103,92,136,137,43,53,146,191,31,82,144,121,162,147,149,106,49,151,97,130,113,155,17,21,108,159,109,135,140,50,65,94,166,80,93,178,170,75,172,79,117,102,110,177,64,179,58,161,192,22,195,83,186,54,119,72,71,56,5,141,19,184,70,104,143,156];False
8031;7748;15779;[198,174,23,32,132,87,6,88,38,163,199,78,12,185,167,15,16,160,171,196,182,150,20,190,176,3,157,183,37,138,73,115,25,99,34,35,193,28,8,154,13,46,188,55,44,45,131,47,68,123,106,86,52,91,69,61,194,59,11,57,189,26,175,62,120,2,89,107,48,63,29,164,4,126,41,114,112,165,153,7,77,60,169,0,84,85,66,118,124,51,90,9,197,168,14,142,101,81,178,33,100,111,122,98,139,105,180,67,158,30,40,96,76,134,74,173,116,10,42,27,24,187,39,95,1,125,145,127,128,129,18,181,148,133,103,92,136,137,43,53,146,191,31,82,144,121,162,147,149,152,49,151,97,130,113,155,17,21,108,159,109,135,140,50,65,94,166,80,93,36,170,75,172,79,117,102,110,177,64,179,58,161,192,22,195,83,186,54,119,72,71,56,5,141,19,184,70,104,143,156];False
8005;7771;15776;[198,174,23,32,132,87,6,88,38,163,199,78,12,185,167,15,16,160,171,196,182,150,20,190,176,3,157,183,37,138,73,115,25,99,34,35,193,28,8,154,13,46,188,55,44,45,131,47,68,123,106,86,52,91,69,61,194,59,11,57,189,26,175,62,120,2,89,107,48,63,29,164,4,126,41,114,112,165,153,7,77,60,169,0,84,85,66,118,124,51,90,9,197,168,14,142,101,81,36,145,100,111,122,98,139,105,180,67,158,30,40,96,76,134,74,173,116,10,42,27,24,187,39,95,1,125,33,127,128,129,18,159,148,133,103,92,136,137,43,53,146,191,31,82,144,121,162,147,149,152,49,151,97,130,113,155,17,21,108,181,109,135,140,50,65,94,166,80,93,178,170,75,172,79,117,102,110,177,64,179,58,161,192,22,195,83,186,54,119,72,71,56,5,141,19,184,70,104,143,156];False
8024;7751;15775;[198,174,23,32,132,87,6,88,38,163,199,78,12,185,167,15,16,160,171,196,182,150,20,190,194,3,157,183,37,138,73,115,25,99,34,86,193,28,8,154,13,46,188,55,44,45,131,47,68,123,106,35,52,91,69,61,176,59,11,57,189,26,175,62,120,2,89,107,48,63,29,164,4,126,41,114,112,165,153,7,77,60,169,0,84,85,66,118,124,51,90,9,197,168,14,142,101,81,36,145,100,111,122,98,139,105,180,67,158,30,40,96,76,134,74,173,116,10,42,27,24,187,39,95,1,125,33,127,128,129,18,181,148,133,103,92,136,137,43,53,146,191,31,82,144,121,162,147,149,152,49,151,97,130,113,155,17,21,108,159,109,135,140,50,65,94,166,80,93,178,170,75,172,79,117,102,110,177,64,179,58,161,192,22,195,83,186,54,119,72,71,56,5,141,19,184,70,104,143,156];False
8053;7721;15774;[198,174,23,32,182,87,6,88,38,163,199,78,12,185,0,15,16,160,171,196,132,150,20,190,194,3,157,183,37,138,73,115,25,99,34,35,193,28,8,154,13,184,188,55,44,45,131,47,68,123,106,86,52,91,69,61,176,59,11,57,189,26,175,62,120,2,82,107,48,63,29,164,4,126,41,114,112,165,153,7,77,177,169,167,84,85,66,118,124,51,90,134,197,168,14,142,101,81,36,145,100,111,122,98,139,105,180,67,158,30,40,96,76,9,74,173,46,10,42,27,24,187,39,95,1,125,33,127,128,129,18,181,148,133,103,92,136,137,43,53,146,191,31,89,144,121,162,147,149,152,49,151,97,130,113,155,17,21,108,159,109,135,140,50,65,94,166,80,93,178,170,75,172,79,117,102,110,60,64,179,58,161,192,22,195,83,186,54,119,72,71,56,5,141,19,116,70,104,143,156];False
8075;7699;15774;[198,174,23,32,182,87,6,88,38,163,199,78,12,185,0,15,16,160,171,196,132,150,20,190,194,3,157,183,37,138,73,115,25,99,34,35,193,28,8,154,13,184,188,55,44,45,131,47,68,123,106,86,52,91,69,61,176,59,11,57,189,26,175,62,120,2,89,107,48,63,29,164,4,126,41,114,112,165,153,7,77,177,169,167,84,85,66,118,124,51,90,134,197,168,14,142,101,81,36,145,100,111,122,98,139,105,180,67,158,30,40,96,76,9,74,173,46,10,42,27,24,187,39,95,1,125,33,127,75,129,18,181,148,133,103,92,136,137,43,53,146,191,31,82,144,121,162,147,149,152,49,151,97,130,113,155,17,21,108,159,109,135,140,50,65,94,166,80,93,178,170,128,172,79,117,102,110,60,64,179,58,161,192,22,195,83,186,54,119,72,71,56,5,141,19,116,70,104,143,156];False
8073;7701;15774;[198,174,23,32,182,87,6,88,38,163,75,86,12,185,0,15,16,160,171,196,132,150,20,190,194,3,157,183,37,138,73,115,25,99,34,35,193,28,8,154,13,184,81,55,44,45,131,47,68,123,106,78,52,91,69,61,176,59,11,57,189,26,175,62,120,2,89,107,48,63,29,164,4,126,41,114,112,165,153,7,77,177,169,167,84,85,66,118,124,51,90,134,197,168,14,142,101,188,36,145,100,111,122,98,139,105,180,67,158,30,40,96,76,9,74,173,46,10,42,27,24,187,39,95,1,125,33,127,128,129,18,181,148,133,103,92,136,137,43,53,146,191,31,82,144,121,162,147,149,152,49,151,97,130,113,155,17,21,108,159,109,135,140,50,65,94,166,80,93,178,170,199,172,79,117,102,110,60,64,179,58,161,192,22,195,83,186,54,119,72,71,56,5,141,19,116,70,104,143,156];False
8088;7685;15773;[198,174,23,32,182,87,6,88,38,163,199,78,12,185,0,15,16,160,171,196,132,150,20,190,194,3,157,183,37,138,73,115,25,99,34,35,193,28,8,154,13,184,188,55,44,45,131,47,68,123,106,86,52,91,69,61,176,59,11,57,189,26,175,62,120,2,89,107,48,63,29,164,4,126,41,114,112,165,153,7,77,177,169,167,84,85,66,118,124,51,90,134,197,168,14,142,101,81,36,145,100,111,122,98,139,105,180,67,158,30,40,96,76,9,74,173,46,10,42,27,24,187,39,95,1,125,33,127,128,129,18,181,148,133,103,92,136,137,178,53,146,191,31,82,144,121,162,147,149,152,49,151,97,130,113,155,17,21,108,159,109,135,140,50,65,94,166,80,93,43,170,75,172,79,117,102,110,60,64,179,58,161,192,22,195,83,186,54,119,72,71,56,5,141,19,116,70,104,143,156];False
8048;7724;15772;[198,174,23,32,182,87,6,88,38,163,199,78,12,185,0,15,16,160,171,196,132,150,20,190,194,3,157,183,37,138,73,115,25,99,34,35,193,28,8,154,13,116,188,55,44,45,131,47,68,123,106,86,52,91,69,61,176,59,11,57,189,26,175,62,120,2,89,107,48,63,29,164,4,126,41,114,112,165,153,7,77,60,169,110,84,85,66,118,124,51,90,134,197,168,14,142,101,81,36,145,100,111,122,98,139,105,180,67,158,30,40,96,76,9,74,173,46,10,42,27,24,187,39,95,1,125,33,127,128,129,18,181,148,133,103,92,136,137,43,53,146,191,31,82,144,121,162,147,149,152,49,151,97,130,113,155,17,21,108,159,109,135,140,50,65,94,166,80,93,178,170,75,172,79,117,102,167,177,64,179,58,161,192,22,195,83,186,54,119,72,71,56,5,141,19,184,70,104,143,156];False
7976;7795;15771;[198,174,23,32,132,87,6,88,38,163,199,78,12,185,167,15,16,160,171,196,182,150,20,190,176,3,157,183,37,138,175,115,25,99,34,35,193,28,8,154,13,46,188,55,44,45,131,47,68,123,106,86,52,91,69,61,194,59,11,57,189,26,73,62,120,2,89,107,48,63,29,164,4,126,41,114,112,165,153,7,77,60,169,0,84,85,66,118,124,51,90,9,197,168,14,142,101,81,36,33,100,111,122,98,139,105,180,67,158,30,40,96,76,134,74,173,116,10,42,27,24,187,39,95,1,125,145,127,128,129,18,181,148,133,103,92,136,137,43,53,146,191,31,82,144,121,162,147,149,152,49,151,97,130,113,155,17,21,108,159,109,135,140,50,65,94,166,80,93,178,170,75,172,79,117,102,110,177,64,179,58,161,192,22,195,83,186,54,119,72,71,56,5,141,19,184,70,104,143,156];False
8036;7735;15771;[198,174,23,32,182,87,6,88,38,163,199,78,12,185,0,15,16,160,171,196,132,150,20,190,194,3,157,183,37,138,73,115,25,99,34,175,193,28,8,154,13,184,188,55,44,45,131,47,68,123,106,86,52,91,69,61,176,59,11,57,189,26,35,62,120,2,89,107,48,63,29,164,4,126,41,114,112,165,153,7,77,177,169,167,84,85,66,118,124,51,90,134,197,168,14,142,101,81,36,145,100,111,122,98,139,105,180,67,158,30,40,96,76,9,74,173,46,10,42,27,24,187,39,95,1,125,33,127,128,129,18,181,148,133,103,92,136,137,43,53,146,191,31,82,144,121,162,147,149,152,49,151,97,130,113,155,17,21,108,159,109,135,140,50,65,94,166,80,93,178,170,75,172,79,117,102,110,60,64,179,58,161,192,22,195,83,186,54,119,72,71,56,5,141,19,116,70,104,143,156];False
8032;7734;15766;[198,174,23,32,132,87,6,88,38,113,199,78,12,185,167,15,16,160,171,196,182,150,20,190,194,3,157,183,37,138,73,115,25,99,34,35,193,28,8,154,13,116,188,55,44,45,131,47,68,123,106,86,52,91,69,61,176,59,11,57,189,26,175,62,120,2,89,107,48,63,29,164,4,126,41,114,112,165,153,7,77,60,169,0,84,85,66,118,124,51,90,9,197,168,14,142,101,81,36,145,100,111,122,98,139,105,180,67,158,30,40,96,76,134,74,173,46,10,42,27,24,187,39,95,1,125,33,127,128,129,18,181,148,133,103,92,136,137,43,53,146,191,31,82,144,121,162,147,149,152,49,151,97,130,163,155,17,21,108,159,109,135,140,50,65,94,166,80,93,178,170,75,172,79,117,102,110,177,64,179,58,161,192,22,195,83,186,54,119,72,71,56,5,141,19,184,70,104,143,156];False
8003;7763;15766;[198,174,23,32,132,87,6,134,38,163,199,78,12,185,167,15,16,160,171,196,182,150,20,190,176,3,157,183,37,138,73,115,25,99,34,35,193,28,8,154,13,46,188,55,44,45,131,47,68,123,106,86,52,91,69,61,194,59,11,57,189,26,175,62,120,2,89,107,48,63,29,164,4,126,41,114,112,165,153,7,77,60,169,0,84,85,66,118,124,51,90,9,197,168,14,142,101,81,36,33,100,111,122,98,139,105,180,67,158,30,40,96,76,88,74,173,116,10,42,27,24,187,39,95,1,125,145,127,128,129,18,181,148,133,103,92,136,137,43,53,146,191,31,82,144,121,162,147,149,152,49,151,97,130,113,155,17,21,108,159,109,135,140,50,65,94,166,80,93,178,170,75,172,79,117,102,110,177,64,179,58,161,192,22,195,83,186,54,119,72,71,56,5,141,19,184,70,104,143,156];False
7948;7817;15765;[198,174,23,32,132,87,6,88,38,163,199,78,12,185,167,15,16,160,171,196,182,150,20,190,176,3,157,183,37,138,73,115,25,99,34,35,193,28,8,154,13,46,188,55,44,45,131,47,68,123,106,86,52,91,69,61,53,59,11,57,189,26,175,62,120,2,89,107,48,63,29,164,4,126,41,114,112,165,153,7,77,60,169,0,84,85,66,118,124,51,90,9,197,168,14,142,101,81,36,33,100,111,122,98,139,105,180,67,158,30,64,96,76,134,74,173,116,10,42,27,24,187,39,95,1,125,145,127,128,129,18,181,148,133,103,92,136,137,43,194,146,191,31,82,144,121,162,147,149,108,49,151,97,130,113,155,17,21,152,159,109,135,140,50,65,94,166,80,93,178,170,75,172,79,117,102,110,177,40,179,58,161,192,22,195,83,186,54,119,72,71,56,5,141,19,184,70,104,143,156];False
7955;7809;15764;[198,174,23,32,132,87,6,88,38,163,199,78,12,185,167,15,16,160,171,196,182,150,20,190,176,3,157,183,37,138,73,115,128,99,34,35,193,28,8,154,13,46,188,55,44,45,131,47,68,123,106,86,52,91,69,61,53,59,11,57,189,26,175,62,120,2,89,107,48,63,29,164,4,126,41,114,112,165,153,7,77,60,169,0,84,85,66,118,124,51,90,9,197,168,14,142,101,81,36,33,100,111,122,98,139,105,180,67,158,30,64,96,76,134,74,173,116,10,42,27,24,187,39,95,1,125,145,127,25,129,18,181,148,133,103,92,136,137,43,194,146,191,31,82,144,121,162,147,149,152,49,151,97,130,113,155,17,21,108,159,109,135,140,50,65,94,166,80,93,178,170,75,172,79,117,102,110,177,40,179,58,161,192,22,195,83,186,54,119,72,71,56,5,141,19,184,70,104,143,156];False
8075;7689;15764;[198,174,23,32,182,87,6,88,38,163,199,78,12,185,0,15,16,160,171,196,132,150,20,190,194,3,157,183,37,138,73,115,25,99,34,35,193,28,8,154,13,116,188,55,44,45,131,47,68,123,106,86,52,91,69,61,176,59,11,57,189,26,175,62,120,2,89,107,48,63,29,164,4,126,41,114,112,165,153,7,77,177,169,167,84,85,66,118,124,51,90,134,197,168,14,142,101,81,36,145,100,111,122,98,139,105,180,67,158,30,40,96,76,9,74,173,46,10,42,27,24,187,39,95,1,125,33,127,128,129,18,181,148,133,103,92,136,137,43,53,146,191,31,82,144,121,162,147,149,152,49,151,97,130,113,155,17,21,108,159,109,135,140,50,65,94,166,80,93,178,170,75,172,79,117,102,110,60,64,179,58,161,192,22,195,83,186,54,119,72,71,56,5,141,19,184,70,104,143,156];False
8128;7634;15762;[198,174,23,32,182,87,6,88,38,163,75,86,12,185,0,15,16,160,171,196,132,150,20,190,194,3,157,183,37,138,73,115,25,99,34,35,193,28,8,154,13,184,188,55,44,45,131,47,68,123,106,78,52,91,69,61,176,59,11,57,189,26,175,62,120,2,89,107,48,63,29,164,4,126,41,114,112,165,153,7,77,177,169,167,84,85,66,118,124,51,90,134,197,168,14,142,101,81,36,145,100,111,122,98,139,105,180,67,158,30,40,96,76,9,74,173,46,10,42,27,24,187,39,95,1,125,33,127,128,129,18,181,148,133,103,92,136,137,43,53,146,191,31,82,144,121,162,147,149,152,49,151,97,130,113,155,17,21,108,159,109,135,140,50,65,94,166,80,93,178,170,199,172,79,117,102,110,60,64,179,58,161,192,22,195,83,186,54,119,72,71,56,5,141,19,116,70,104,143,156];True
8053;7707;15760;[198,174,23,32,182,87,6,88,38,163,199,78,12,185,0,15,16,160,171,196,132,150,20,190,194,3,157,183,37,138,73,115,25,99,34,35,193,28,8,154,13,184,188,55,44,45,131,47,68,123,106,86,52,77,69,61,176,59,11,57,189,26,175,62,120,2,89,107,48,63,29,164,4,126,41,114,112,165,153,7,91,177,169,167,84,85,66,118,124,51,90,134,197,168,14,142,101,81,36,145,100,111,122,98,139,105,180,67,158,30,40,96,76,9,74,173,46,10,42,27,24,187,39,95,1,125,33,127,128,129,18,181,148,133,103,92,136,137,43,53,146,191,31,82,144,121,162,147,149,152,49,151,97,130,113,155,17,21,108,159,109,135,140,50,65,94,166,80,93,178,170,75,172,79,117,102,110,60,64,179,58,161,192,22,195,83,186,54,119,72,71,56,5,141,19,116,70,104,143,156];False
7973;7786;15759;[198,174,23,32,182,87,6,88,38,163,199,78,12,185,0,15,16,160,171,196,132,150,20,190,194,3,157,183,37,138,73,115,25,99,34,35,64,28,8,154,13,116,188,55,44,45,131,47,68,123,106,86,52,91,69,61,176,59,11,57,189,26,175,62,120,2,89,107,48,63,29,164,4,126,41,114,112,165,153,7,77,60,169,167,84,85,66,118,124,51,90,134,197,168,14,142,101,81,36,145,100,111,122,98,139,105,180,67,158,30,40,96,76,9,74,173,46,10,42,27,24,187,39,95,1,125,33,127,128,129,18,181,148,133,103,92,136,137,43,53,146,191,31,82,144,121,162,147,149,152,49,151,97,130,113,155,17,21,108,159,109,135,140,50,65,94,166,80,93,178,170,75,172,79,117,102,110,177,193,179,58,161,192,22,195,83,186,54,119,72,71,56,5,141,19,184,70,104,143,156];False
8043;7715;15758;[198,174,23,32,182,87,6,88,38,163,199,78,12,185,0,15,16,160,171,196,82,150,20,190,194,3,157,183,37,138,73,115,25,99,34,35,193,28,8,154,13,184,188,55,44,45,131,47,68,123,106,86,52,91,69,61,176,59,11,57,189,26,175,62,120,2,89,107,48,63,29,164,4,126,41,114,112,165,153,7,77,177,169,167,84,85,66,118,124,51,90,134,197,168,14,142,101,81,36,145,100,111,122,98,139,105,180,67,158,30,40,96,76,9,74,173,46,10,42,27,24,187,39,95,1,125,33,127,128,129,18,181,148,133,103,92,136,137,43,53,146,191,31,132,144,121,162,147,149,152,49,151,97,130,113,155,17,21,108,159,109,135,140,50,65,94,166,80,93,178,170,75,172,79,117,102,110,60,64,179,58,161,192,22,195,83,186,54,119,72,71,56,5,141,19,116,70,104,143,156];False
7956;7799;15755;[198,174,23,32,132,87,6,88,38,163,199,78,12,185,167,15,16,160,171,196,182,150,20,190,176,3,157,183,37,138,73,115,25,99,34,35,193,28,8,154,13,46,188,55,44,45,131,47,68,123,106,86,52,91,69,61,194,59,11,57,189,26,175,62,120,2,89,107,48,63,29,164,4,126,41,114,112,165,153,7,77,60,169,0,84,85,66,118,124,51,90,9,197,168,14,142,101,81,36,145,100,111,122,98,139,105,180,67,158,30,40,96,76,134,74,173,116,10,42,27,24,140,39,95,1,125,33,127,128,129,18,181,148,133,103,92,136,137,43,53,146,191,31,82,144,121,162,147,149,152,49,151,97,130,113,155,17,21,108,159,109,135,187,50,65,94,166,80,93,178,170,75,172,79,117,102,110,177,64,179,58,161,192,22,195,83,186,54,119,72,71,56,5,141,19,184,70,104,143,156];False
7959;7795;15754;[198,174,23,32,132,87,6,88,38,163,199,78,12,185,167,15,16,160,171,196,182,150,20,190,176,3,157,183,37,138,73,115,67,99,34,35,193,28,8,154,13,46,188,55,44,45,131,47,68,123,106,86,52,91,69,61,53,59,11,57,189,26,175,62,120,2,89,107,48,63,29,164,4,126,41,114,112,165,153,7,77,60,169,0,84,85,66,118,124,51,90,9,197,168,14,142,101,81,36,33,100,111,122,98,139,105,180,25,158,30,64,96,76,134,74,173,116,10,42,27,24,187,39,95,1,125,145,127,128,129,18,181,148,133,103,92,136,137,43,194,146,191,31,82,144,121,162,147,149,152,49,151,97,130,113,155,17,21,108,159,109,135,140,50,65,94,166,80,93,178,170,75,172,79,117,102,110,177,40,179,58,161,192,22,195,83,186,54,119,72,71,56,5,141,19,184,70,104,143,156];False
7959;7794;15753;[198,174,23,32,132,87,6,88,38,163,199,78,12,185,167,15,16,160,171,196,182,150,20,190,194,3,157,183,37,138,73,115,25,99,34,35,193,28,8,154,13,46,188,55,44,45,131,47,68,123,106,86,52,91,69,61,176,59,11,57,189,135,175,62,120,2,89,107,48,63,29,164,4,126,41,114,112,165,153,7,77,60,169,0,84,85,66,118,124,51,90,9,197,168,14,142,101,81,36,145,100,111,122,98,139,105,180,67,158,30,40,96,76,134,74,173,116,10,42,27,24,187,39,95,1,125,33,127,128,129,18,181,148,133,103,92,136,137,43,53,146,191,31,82,144,121,162,147,149,152,49,151,97,130,113,155,17,21,108,159,109,26,140,50,65,94,166,80,93,178,170,75,172,79,117,102,110,177,64,179,58,161,192,22,195,83,186,54,119,72,71,56,5,141,19,184,70,104,143,156];False
8062;7690;15752;[198,174,23,32,94,87,6,88,38,163,199,78,12,185,0,15,16,160,171,196,132,150,20,190,194,3,157,183,37,138,73,115,25,99,34,35,193,28,8,154,13,184,188,55,44,45,131,47,68,123,106,86,52,91,69,61,176,59,11,57,189,26,175,62,120,2,89,107,48,63,29,164,4,126,41,114,112,165,153,7,77,177,169,167,84,85,66,118,124,51,90,134,197,168,14,142,101,81,36,145,100,111,122,98,139,105,180,67,158,30,40,96,76,9,74,173,46,10,42,27,24,187,39,95,1,125,33,127,128,129,18,181,148,133,103,92,136,137,43,53,146,191,31,82,144,121,162,147,149,152,49,151,97,130,113,155,17,21,108,159,109,135,140,50,65,182,166,80,93,178,170,75,172,79,117,102,110,60,64,179,58,161,192,22,195,83,186,54,119,72,71,56,5,141,19,116,70,104,143,156];False
7968;7783;15751;[198,174,23,32,132,87,6,88,38,163,199,78,12,185,167,15,16,160,171,196,182,150,20,190,176,3,157,183,37,138,73,151,25,99,34,35,193,28,8,154,13,46,188,55,44,45,131,47,68,123,106,86,52,91,69,61,53,59,11,57,189,26,175,62,120,2,89,107,48,63,29,164,4,126,41,114,112,165,153,7,77,60,169,0,84,85,66,118,124,51,90,9,197,168,14,142,101,81,36,33,100,111,122,98,139,105,180,67,158,30,40,96,76,134,74,173,116,10,42,27,24,187,39,95,1,125,145,127,128,129,18,181,148,133,103,92,136,137,43,194,146,191,31,82,144,121,162,147,149,152,49,115,97,130,113,155,17,21,108,159,109,135,140,50,65,94,166,80,93,178,170,75,172,79,117,102,110,177,64,179,58,161,192,22,195,83,186,54,119,72,71,56,5,141,19,184,70,104,143,156];False
8014;7736;15750;[198,174,23,32,182,87,6,88,38,163,199,78,12,185,0,15,16,160,171,196,132,150,20,57,194,3,157,183,37,138,73,115,25,99,34,35,193,28,8,154,13,184,188,55,44,45,131,47,68,123,106,86,52,91,69,61,176,59,11,190,189,26,175,62,120,2,89,107,48,63,29,164,4,126,41,114,112,165,153,7,77,177,169,167,84,85,66,118,124,51,90,134,197,168,14,142,101,81,36,145,100,111,122,98,139,105,180,67,158,30,40,96,76,9,74,173,46,10,42,27,24,187,39,95,1,125,33,127,128,129,18,181,148,133,103,92,136,137,43,53,146,191,31,82,144,121,162,147,149,152,49,151,97,130,113,155,17,21,108,159,109,135,140,50,65,94,166,80,93,178,170,75,172,79,117,102,110,60,64,179,58,161,192,22,195,83,186,54,119,72,71,56,5,141,19,116,70,104,143,156];False
7982;7768;15750;[198,174,23,32,132,87,6,88,38,163,199,193,12,185,167,15,16,160,171,196,182,150,20,190,176,3,157,183,37,138,73,115,25,99,34,35,78,28,8,154,13,46,188,55,44,45,131,47,68,123,106,86,52,91,69,61,194,59,11,57,189,26,175,62,120,2,89,107,48,63,29,164,4,126,41,114,112,165,153,7,77,60,169,0,84,85,66,118,124,51,90,9,197,168,14,142,101,81,36,33,100,111,122,98,139,105,180,67,158,30,40,96,76,134,74,173,116,10,42,27,24,187,39,95,1,125,145,127,128,129,18,181,148,133,103,92,136,137,43,53,146,191,31,82,144,121,162,147,149,152,49,151,97,130,113,155,17,21,108,159,109,135,140,50,65,94,166,80,93,178,170,75,172,79,117,102,110,177,64,179,58,161,192,22,195,83,186,54,119,72,71,56,5,141,19,184,70,104,143,156];False
8043;7707;15750;[198,174,23,138,182,87,6,88,38,163,199,78,12,185,0,15,16,160,171,196,132,150,20,190,194,3,157,183,37,32,73,115,25,99,34,35,193,28,8,154,13,184,188,55,44,45,131,47,68,123,106,86,52,91,69,61,176,59,11,57,189,26,175,62,120,2,89,107,48,63,29,164,4,126,41,114,112,165,153,7,77,177,169,167,84,85,66,118,124,51,90,134,197,168,14,142,101,81,36,145,100,111,122,98,139,105,180,67,158,30,40,96,76,9,74,173,46,10,42,27,24,187,39,95,1,125,33,127,128,129,18,181,148,133,103,92,136,137,43,53,146,191,31,82,144,121,162,147,149,152,49,151,97,130,113,155,17,21,108,159,109,135,140,50,65,94,166,80,93,178,170,75,172,79,117,102,110,60,64,179,58,161,192,22,195,83,186,54,119,72,71,56,5,141,19,116,70,104,143,156];False
7995;7754;15749;[198,174,23,32,132,87,6,88,38,163,199,78,12,185,167,15,16,160,171,196,182,150,20,190,176,3,157,183,37,138,73,115,25,99,34,35,193,28,8,154,13,46,188,55,44,45,131,47,68,123,106,86,52,91,69,61,194,59,11,57,189,26,175,62,120,2,89,107,48,63,29,165,4,126,41,114,112,164,153,7,77,60,169,0,84,85,66,118,124,51,90,9,197,168,14,142,101,81,36,145,100,111,122,98,139,105,180,67,158,30,40,96,76,134,74,173,116,10,42,27,24,187,39,95,1,125,33,127,128,129,18,181,148,133,103,92,136,137,43,53,146,191,31,82,144,121,162,147,149,152,49,151,97,130,113,155,17,21,108,159,109,135,140,50,65,94,166,80,93,178,170,75,172,79,117,102,110,177,64,179,58,161,192,22,195,83,186,54,119,72,71,56,5,141,19,184,70,104,143,156];False
8030;7719;15749;[198,174,23,32,132,87,6,88,38,163,199,78,12,185,0,15,16,160,171,196,182,150,20,190,194,3,157,183,37,138,73,115,25,99,34,35,193,28,8,154,13,116,188,55,44,45,131,47,68,123,106,86,52,91,69,61,176,59,11,57,189,26,175,62,120,2,89,107,48,63,29,164,4,126,41,114,112,165,153,7,77,60,169,167,84,85,66,118,124,51,90,9,197,168,14,142,101,81,36,145,100,111,122,98,139,105,180,67,158,30,40,96,76,134,74,173,46,10,42,27,24,187,39,95,1,125,33,127,128,129,18,181,148,133,103,92,136,137,43,53,146,191,31,82,144,121,162,147,149,152,49,151,97,130,113,155,17,21,108,159,109,135,140,50,65,94,166,80,93,178,170,75,172,79,117,102,110,177,64,179,58,161,192,22,195,83,186,54,119,72,71,56,5,141,19,184,70,104,143,156];False
8022;7726;15748;[198,174,23,32,132,87,6,88,38,163,199,78,12,185,167,15,16,160,171,196,182,150,20,190,176,3,157,183,37,138,73,115,25,99,34,35,193,28,8,154,13,46,188,55,44,45,131,47,68,123,106,86,52,91,69,61,194,59,11,57,189,26,175,62,120,2,89,107,48,63,29,164,4,126,41,114,112,165,153,7,77,60,116,0,84,85,66,118,124,51,90,9,197,168,14,142,101,81,36,145,100,111,122,98,139,105,180,67,158,30,40,96,76,134,74,173,169,10,42,27,24,187,39,95,1,125,33,127,128,129,18,181,148,133,103,92,136,137,43,53,146,191,31,82,144,121,162,147,149,152,49,151,97,130,113,155,17,21,108,159,109,135,140,50,65,94,166,80,93,178,170,75,172,79,117,102,110,177,64,179,58,161,192,22,195,83,186,54,119,72,71,56,5,141,19,184,70,104,143,156];False
8011;7736;15747;[198,174,23,32,182,87,6,88,38,163,199,78,12,185,86,15,16,160,171,196,132,150,20,190,194,3,157,183,37,138,73,115,25,99,34,35,193,28,8,154,13,116,188,55,44,45,131,47,68,123,106,0,52,91,69,61,176,59,11,57,189,26,175,62,120,2,89,107,48,63,29,164,4,126,41,114,112,165,153,7,77,60,169,167,84,85,66,118,124,51,90,9,197,168,14,142,101,81,36,145,100,111,122,98,139,105,180,67,158,30,40,96,76,134,74,173,46,10,42,27,24,187,39,95,1,125,33,127,128,129,18,181,148,133,103,92,136,137,43,53,146,191,31,82,144,121,162,147,149,152,49,151,97,130,113,155,17,21,108,159,109,135,140,50,65,94,166,80,93,178,170,75,172,79,117,102,110,177,64,179,58,161,192,22,195,83,186,54,119,72,71,56,5,141,19,184,70,104,143,156];False
8010;7735;15745;[198,174,23,32,182,87,6,88,38,163,199,78,12,185,0,15,16,160,171,196,132,150,20,190,194,3,157,183,37,138,73,115,25,99,34,35,193,28,8,154,13,184,188,195,44,45,131,47,68,123,106,86,52,91,69,61,176,59,11,57,189,26,175,62,120,2,89,107,48,63,29,164,4,126,41,114,112,165,153,7,77,177,169,167,84,85,66,118,124,51,90,134,197,168,14,142,101,81,36,145,100,111,122,98,139,105,180,67,158,30,40,96,76,9,74,173,46,10,42,27,24,187,39,95,1,125,33,127,128,129,18,181,148,133,103,92,136,137,43,53,146,191,31,82,144,121,162,147,149,152,49,151,97,130,113,155,17,21,108,159,109,135,140,50,65,94,166,80,93,178,170,75,172,79,117,102,110,60,64,179,58,161,192,22,55,83,186,54,119,72,71,56,5,141,19,116,70,104,143,156];False
8048;7694;15742;[198,174,23,32,182,87,6,88,38,163,199,78,12,185,0,15,16,160,171,196,132,150,20,190,194,3,157,183,37,138,73,115,25,99,34,35,193,28,8,154,13,184,188,55,44,45,131,47,68,123,106,86,52,91,69,61,176,59,128,57,189,26,175,62,120,2,89,107,48,63,29,164,4,126,41,114,112,165,153,7,77,177,169,167,84,85,66,118,124,51,90,134,197,168,14,142,101,81,36,145,100,111,122,98,139,105,180,67,158,30,40,96,76,9,74,173,46,10,42,27,24,187,39,95,1,125,33,127,11,129,18,181,148,133,103,92,136,137,43,53,146,191,31,82,144,121,162,147,149,152,49,151,97,130,113,155,17,21,108,159,109,135,140,50,65,94,166,80,93,178,170,75,172,79,117,102,110,60,64,179,58,161,192,22,195,83,186,54,119,72,71,56,5,141,19,116,70,104,143,156];False
8036;7706;15742;[198,174,23,32,182,87,6,88,38,163,199,78,12,185,0,15,16,160,171,196,132,150,20,190,194,3,157,183,37,138,73,115,25,99,34,35,193,28,8,154,13,116,188,55,44,45,131,47,68,123,106,86,52,91,69,61,176,59,11,57,189,26,175,62,120,2,89,107,48,63,29,164,4,126,41,114,112,165,153,7,77,60,169,167,84,85,66,118,124,51,90,9,197,168,14,142,101,81,36,145,100,111,122,98,139,105,180,67,158,30,40,96,76,134,74,173,46,10,42,27,24,187,39,95,1,125,33,127,128,129,18,181,148,133,103,92,136,137,43,53,146,191,31,82,144,121,162,147,149,152,49,151,97,130,113,155,17,21,108,159,109,135,140,50,65,94,166,80,93,178,170,75,172,79,117,102,110,177,64,179,58,161,192,22,195,83,186,54,119,72,71,56,5,141,19,184,70,104,143,156];False
8014;7728;15742;[198,174,23,32,132,87,6,88,38,163,199,78,12,185,167,15,16,160,171,196,182,150,20,190,176,3,157,183,37,138,73,115,25,99,34,35,193,28,8,154,13,46,188,55,44,45,131,47,68,123,106,86,52,91,69,61,194,59,11,57,189,26,175,62,120,2,89,107,48,63,29,164,4,126,41,114,112,165,153,7,77,60,169,0,84,85,66,118,124,51,90,9,197,168,14,142,101,81,36,145,100,111,122,98,139,105,180,67,158,30,40,96,76,134,74,173,116,10,42,27,24,187,39,95,1,125,33,127,128,129,18,181,148,133,103,92,136,137,43,53,146,191,31,82,144,121,162,147,149,152,49,151,97,130,113,155,17,21,108,159,143,135,140,50,65,94,166,80,93,178,170,75,172,79,117,102,110,177,64,179,58,161,192,22,195,83,186,54,119,72,71,56,5,141,19,184,70,104,109,156];False
8031;7710;15741;[198,174,23,32,182,97,6,88,38,163,199,78,12,185,0,15,16,160,171,196,132,150,20,190,194,3,157,183,37,138,73,115,25,99,34,35,193,28,8,154,13,184,188,55,44,45,131,47,68,123,106,86,52,91,69,61,176,59,11,57,189,26,175,62,120,2,89,107,48,63,29,164,4,126,41,114,112,165,153,7,77,177,169,167,84,85,66,118,124,51,90,134,197,168,14,142,101,81,36,145,100,111,122,98,139,105,180,67,158,30,40,96,76,9,74,173,46,10,42,27,24,187,39,95,1,125,33,127,128,129,18,181,148,133,103,92,136,137,43,53,146,191,31,82,144,121,162,147,149,152,49,151,87,130,113,155,17,21,108,159,109,135,140,50,65,94,166,80,93,178,170,75,172,79,117,102,110,60,64,179,58,161,192,22,195,83,186,54,119,72,71,56,5,141,19,116,70,104,143,156];False
7970;7771;15741;[198,174,23,32,132,87,6,88,38,163,199,78,12,185,167,15,16,160,171,196,182,150,20,190,194,3,157,183,37,138,73,115,25,99,34,35,193,17,8,154,13,116,188,55,44,45,131,47,68,123,106,86,52,91,69,61,176,59,11,57,189,26,175,62,120,2,89,107,48,63,29,164,4,126,41,114,112,165,153,7,77,60,169,0,84,85,66,118,124,51,90,9,197,168,14,142,101,81,36,145,100,111,122,98,139,105,180,67,158,30,40,96,76,134,74,173,46,10,42,27,24,187,39,95,1,125,33,127,128,129,18,181,148,133,103,92,136,137,43,53,146,191,31,82,144,121,162,147,149,152,49,151,97,130,113,155,28,21,108,159,109,135,140,50,65,94,166,80,93,178,170,75,172,79,117,102,110,177,64,179,58,161,192,22,195,83,186,54,119,72,71,56,5,141,19,184,70,104,143,156];False
7941;7799;15740;[198,174,23,32,132,87,6,88,38,163,199,78,12,185,167,15,16,160,171,196,182,150,20,190,194,3,157,183,37,138,73,115,25,99,34,35,193,28,8,154,13,46,188,55,44,45,131,47,68,123,106,86,52,91,69,61,176,59,11,57,189,26,175,62,120,2,89,107,48,63,29,164,4,126,41,114,112,165,153,7,77,60,169,0,84,85,66,118,124,51,90,9,197,168,14,142,101,81,36,145,100,111,122,98,139,105,180,67,158,30,40,96,76,134,74,173,116,10,42,27,24,187,39,95,1,125,33,127,128,129,18,181,148,133,103,92,136,137,17,53,146,191,31,82,144,121,162,147,149,152,49,151,97,130,113,155,43,21,108,159,109,135,140,50,65,94,166,80,93,178,170,75,172,79,117,102,110,177,64,179,58,161,192,22,195,83,186,54,119,72,71,56,5,141,19,184,70,104,143,156];False
8034;7704;15738;[198,174,23,32,182,87,6,88,38,163,199,78,12,185,0,15,16,160,171,196,132,150,20,190,194,3,157,183,37,138,73,115,25,99,34,35,193,28,8,154,13,184,188,55,44,45,131,47,68,123,106,86,52,91,69,61,176,59,11,57,189,26,175,62,120,2,89,107,48,63,29,164,4,126,41,114,112,165,153,7,77,177,169,167,84,85,66,118,14,51,90,134,197,168,124,142,101,81,36,145,100,111,122,98,139,105,180,67,158,30,40,96,76,9,74,173,46,10,42,27,24,187,39,95,1,125,33,127,128,129,18,181,148,133,103,92,136,137,43,53,146,191,31,82,144,121,162,147,149,152,49,151,97,130,113,155,17,21,108,159,109,135,140,50,65,94,166,80,93,178,170,75,172,79,117,102,110,60,64,179,58,161,192,22,195,83,186,54,119,72,71,56,5,141,19,116,70,104,143,156];False
8040;7696;15736;[198,174,23,32,182,87,6,88,38,163,199,78,12,185,0,15,16,160,171,196,132,150,20,190,194,3,157,183,37,138,73,115,25,99,34,35,193,28,8,154,13,184,188,55,44,45,131,47,68,123,106,86,52,91,69,61,176,59,11,57,189,26,175,62,120,129,89,107,48,63,29,164,4,126,41,114,112,165,153,7,77,177,169,167,84,85,66,118,124,51,90,134,197,168,14,142,101,81,36,145,100,111,122,98,139,105,180,67,158,30,40,96,76,9,74,173,46,10,42,27,24,187,39,95,1,125,33,127,128,2,18,181,148,133,103,92,136,137,43,53,146,191,31,82,144,121,162,147,149,152,49,151,97,130,113,155,17,21,108,159,109,135,140,50,65,94,166,80,93,178,170,75,172,79,117,102,110,60,64,179,58,161,192,22,195,83,186,54,119,72,71,56,5,141,19,116,70,104,143,156];False
7969;7766;15735;[198,174,23,32,132,87,6,88,38,163,199,78,12,185,167,15,189,160,171,196,182,150,20,190,194,3,157,183,37,138,73,115,25,99,34,35,193,28,8,154,13,116,188,55,44,45,131,47,68,123,106,86,52,91,69,61,176,59,11,57,16,26,175,62,120,2,89,107,48,63,29,164,4,126,41,114,112,165,153,7,77,60,169,0,84,85,66,118,124,51,90,9,197,168,14,142,101,81,36,145,100,111,122,98,139,105,180,67,158,30,40,96,76,134,74,173,46,10,42,27,24,187,39,95,1,125,33,127,128,129,18,181,148,133,103,92,136,137,43,53,146,191,31,82,144,121,162,147,149,152,49,151,97,130,113,155,17,21,108,159,109,135,140,50,65,94,166,80,93,178,170,75,172,79,117,102,110,177,64,179,58,161,192,22,195,83,186,54,119,72,71,56,5,141,19,184,70,104,143,156];False
8000;7734;15734;[198,174,23,32,132,87,6,88,38,163,199,78,12,185,167,15,16,160,171,196,182,150,20,190,176,3,157,183,37,138,73,115,25,99,34,35,193,28,8,154,13,46,188,55,44,45,131,47,68,123,106,86,52,91,69,61,194,59,11,57,189,26,175,62,120,2,89,107,48,63,29,164,4,126,41,114,112,165,153,7,77,60,169,0,84,85,66,118,124,51,90,9,197,168,14,142,101,81,36,33,100,111,122,98,139,105,180,67,158,30,40,96,76,134,74,173,116,10,42,27,24,187,39,95,1,125,145,127,128,129,18,181,148,133,103,92,136,137,43,53,146,191,31,82,144,121,162,147,149,152,49,151,97,130,113,155,17,21,108,159,109,135,140,50,65,94,166,80,93,178,170,75,172,79,117,102,110,177,64,179,58,161,192,22,195,83,186,54,119,72,71,56,5,141,19,184,70,104,143,156];False
7887;7847;15734;[198,174,23,32,132,87,6,88,38,163,199,78,12,185,167,15,16,160,171,196,182,150,20,190,194,3,157,183,37,138,73,115,25,99,34,35,193,28,8,154,13,116,188,55,44,45,131,47,68,123,106,86,52,91,69,61,176,59,11,57,189,26,175,62,120,2,89,107,48,63,29,54,4,126,41,114,112,165,153,7,77,60,169,0,84,85,66,118,124,51,90,9,197,168,14,142,101,81,36,145,100,111,122,98,139,105,180,67,158,30,40,96,76,134,74,173,46,10,42,27,24,187,39,95,1,125,33,127,128,129,18,181,148,133,103,92,136,137,43,53,146,191,31,82,144,121,162,147,149,152,49,151,97,130,113,155,17,21,108,159,109,135,140,50,65,94,166,80,93,178,170,75,172,79,117,102,110,177,64,179,58,161,192,22,195,83,186,164,119,72,71,56,5,141,19,184,70,104,143,156];False
7973;7759;15732;[198,174,23,32,132,87,6,88,38,163,199,78,12,185,167,15,16,160,171,196,182,150,20,190,176,3,157,183,37,138,73,115,25,99,34,35,193,28,8,154,13,46,188,55,44,45,131,47,68,123,106,86,52,91,69,61,53,59,11,57,189,26,175,62,120,2,89,107,48,63,29,164,4,126,41,114,112,165,153,7,77,60,169,0,84,85,66,118,124,51,90,9,197,168,14,142,101,81,36,33,100,111,122,98,139,105,180,67,158,30,40,96,76,134,74,173,116,10,42,27,24,187,39,95,1,125,145,127,128,129,18,181,148,133,103,92,136,137,43,194,113,191,31,82,144,121,162,147,149,152,49,151,97,130,146,155,17,21,108,159,109,135,140,50,65,94,166,80,93,178,170,75,172,79,117,102,110,177,64,179,58,161,192,22,195,83,186,54,119,72,71,56,5,141,19,184,70,104,143,156];False
7983;7748;15731;[198,174,23,32,132,87,6,88,38,163,199,78,12,185,86,15,16,160,171,196,182,150,20,190,176,3,157,183,37,138,73,115,25,99,34,35,193,28,8,154,13,46,188,55,44,45,131,47,68,123,106,167,52,91,69,61,194,59,11,57,189,26,175,62,120,2,89,107,48,63,29,164,4,126,41,114,112,165,153,7,77,60,169,0,84,85,66,118,124,51,90,9,197,168,14,142,101,81,36,33,100,111,122,98,139,105,180,67,158,30,40,96,76,134,74,173,116,10,42,27,24,187,39,95,1,125,145,127,128,129,18,181,148,133,103,92,136,137,43,53,146,191,31,82,144,121,162,147,149,152,49,151,97,130,113,155,17,21,108,159,109,135,140,50,65,94,166,80,93,178,170,75,172,79,117,102,110,177,64,179,58,161,192,22,195,83,186,54,119,72,71,56,5,141,19,184,70,104,143,156];False
8005;7724;15729;[198,163,23,32,182,87,6,88,38,174,199,78,12,185,0,15,16,160,171,196,132,150,20,190,194,3,157,183,37,138,73,115,25,99,34,35,193,28,8,154,13,184,188,55,44,45,131,47,68,123,106,86,52,91,69,61,176,59,11,57,189,26,175,62,120,2,89,107,48,63,29,164,4,126,41,114,112,165,153,7,77,177,169,167,84,85,66,118,124,51,90,134,197,168,14,142,101,81,36,145,100,111,122,98,139,105,180,67,158,30,40,96,76,9,74,173,46,10,42,27,24,187,39,95,1,125,33,127,128,129,18,181,148,133,103,92,136,137,43,53,146,191,31,82,144,121,162,147,149,152,49,151,97,130,113,155,17,21,108,159,109,135,140,50,65,94,166,80,93,178,170,75,172,79,117,102,110,60,64,179,58,161,192,22,195,83,186,54,119,72,71,56,5,141,19,116,70,104,143,156];False
7975;7753;15728;[198,174,23,32,132,87,6,88,38,163,199,78,12,185,167,15,16,160,171,196,182,150,20,190,176,3,157,183,37,138,73,115,25,99,34,35,193,28,8,154,13,46,188,55,44,0,131,47,68,123,106,86,52,91,69,61,53,59,11,57,189,26,175,62,120,2,89,107,48,63,29,164,4,126,41,114,112,165,153,7,77,60,169,45,84,85,66,118,124,51,90,9,197,168,14,142,101,81,36,33,100,111,122,98,139,105,180,67,158,30,40,96,76,134,74,173,116,10,42,27,24,187,39,95,1,125,145,127,128,129,18,181,148,133,103,92,136,137,43,194,146,191,31,82,144,121,162,147,149,152,49,151,97,130,113,155,17,21,108,159,109,135,140,50,65,94,166,80,93,178,170,75,172,79,117,102,110,177,64,179,58,161,192,22,195,83,186,54,119,72,71,56,5,141,19,184,70,104,143,156];False
8027;7700;15727;[198,174,23,32,182,87,6,88,38,163,199,78,12,185,0,15,16,103,171,196,132,150,20,190,194,3,157,183,37,138,73,115,25,99,34,35,193,28,8,154,13,184,188,55,44,45,131,47,68,123,106,86,52,91,69,61,176,59,11,57,189,26,175,62,120,2,89,107,48,63,29,164,4,126,41,114,112,165,153,7,77,177,169,167,84,85,66,118,124,51,90,134,197,168,14,142,101,81,36,145,100,111,122,98,139,105,180,67,158,30,40,96,76,9,74,173,46,10,42,27,24,187,39,95,1,125,33,127,128,129,18,181,148,133,160,92,136,137,43,53,146,191,31,82,144,121,162,147,149,152,49,151,97,130,113,155,17,21,108,159,109,135,140,50,65,94,166,80,93,178,170,75,172,79,117,102,110,60,64,179,58,161,192,22,195,83,186,54,119,72,71,56,5,141,19,116,70,104,143,156];False
7993;7733;15726;[198,174,23,32,182,87,6,88,38,163,199,78,12,185,0,15,16,160,171,196,132,150,20,190,194,3,157,183,37,138,73,115,25,99,34,35,193,28,8,154,13,116,188,55,44,45,131,47,68,123,106,86,52,91,69,61,176,59,11,57,189,26,175,62,120,2,89,107,48,63,29,33,4,126,41,114,112,165,153,7,77,60,169,167,84,85,66,118,124,51,90,134,197,168,14,142,101,81,36,145,100,111,122,98,139,105,180,67,158,30,40,96,76,9,74,173,46,10,42,27,24,187,39,95,1,125,164,127,128,129,18,181,148,133,103,92,136,137,43,53,146,191,31,82,144,121,162,147,149,152,49,151,97,130,113,155,17,21,108,159,109,135,140,50,65,94,166,80,93,178,170,75,172,79,117,102,110,177,64,179,58,161,192,22,195,83,186,54,119,72,71,56,5,141,19,184,70,104,143,156];False
7974;7748;15722;[198,174,23,32,132,87,6,88,38,163,199,78,12,185,167,15,16,160,171,196,182,150,20,190,194,3,157,183,37,138,73,115,25,99,34,35,193,28,8,154,13,46,188,55,44,45,131,47,68,123,106,86,52,91,69,61,176,59,11,186,189,26,175,62,120,2,89,107,48,63,29,164,4,126,41,114,112,165,153,7,77,60,169,0,84,85,66,118,124,51,90,9,197,168,14,142,101,81,36,145,100,111,122,98,139,105,180,67,158,30,40,96,76,134,74,173,116,10,42,27,24,187,39,95,1,125,33,127,128,129,18,181,148,133,103,92,136,137,43,53,146,191,31,82,144,121,162,147,149,152,49,151,97,130,113,155,17,21,108,159,109,135,140,50,65,94,166,80,93,178,170,75,172,79,117,102,110,177,64,179,58,161,192,22,195,83,57,54,119,72,71,56,5,141,19,184,70,104,143,156];False
7983;7738;15721;[198,174,23,32,132,87,6,88,38,163,199,141,12,185,167,15,16,160,171,196,182,150,20,190,194,3,157,183,37,138,73,115,25,99,34,35,193,28,8,154,13,46,188,55,44,45,131,47,68,123,106,86,52,91,69,61,176,59,11,57,189,26,175,62,120,2,89,107,48,63,29,164,4,126,41,114,112,165,153,7,77,60,169,0,84,85,66,118,124,51,90,9,197,168,14,142,101,81,36,145,100,111,122,98,139,105,180,67,158,30,40,96,76,134,74,173,116,10,42,27,24,187,39,95,1,125,33,127,128,129,18,181,148,133,103,92,136,137,43,53,146,191,31,82,144,121,162,147,149,152,49,151,97,130,113,155,17,21,108,159,109,135,140,50,65,94,166,80,93,178,170,75,172,79,117,102,110,177,64,179,58,161,192,22,195,83,186,54,119,72,71,56,5,78,19,184,70,104,143,156];False
7983;7737;15720;[198,174,23,32,182,87,6,88,38,163,199,78,12,185,0,15,16,160,171,196,132,150,20,190,194,3,157,183,37,138,73,115,25,99,34,35,193,28,8,154,13,116,188,55,44,45,131,47,68,123,106,86,52,91,69,61,176,59,11,57,189,26,175,62,120,2,89,107,48,63,29,164,4,126,41,114,112,165,153,7,77,60,169,167,84,85,136,118,124,51,90,134,197,168,14,142,101,81,36,145,100,111,122,98,139,105,180,67,158,30,40,96,76,9,74,173,46,10,42,27,24,187,39,95,1,125,33,127,128,129,18,181,148,133,103,92,66,137,43,53,146,191,31,82,144,121,162,147,149,152,49,151,97,130,113,155,17,21,108,159,109,135,140,50,65,94,166,80,93,178,170,75,172,79,117,102,110,177,64,179,58,161,192,22,195,83,186,54,119,72,71,56,5,141,19,184,70,104,143,156];False
8024;7695;15719;[198,174,23,32,182,87,6,88,38,163,199,78,12,185,0,15,16,160,171,196,132,150,20,190,194,3,157,183,37,138,73,115,25,99,34,35,193,28,8,154,13,116,188,55,44,45,131,47,68,123,106,86,52,91,69,61,176,59,11,57,189,26,175,62,120,2,89,107,48,63,29,164,4,126,41,114,112,165,153,7,77,60,169,167,84,85,66,118,124,51,90,134,197,168,14,142,101,81,36,145,100,111,122,98,139,105,180,67,158,30,40,96,76,9,74,173,46,10,42,27,24,187,39,95,1,125,33,127,128,129,18,181,148,133,103,92,136,137,43,53,146,191,31,82,144,121,162,147,149,152,49,151,97,130,113,155,17,21,108,159,109,135,140,50,65,94,166,80,93,178,170,75,172,79,117,102,110,177,64,179,58,161,192,22,195,83,186,54,119,72,71,56,5,141,19,184,70,104,143,156];False
8033;7683;15716;[198,174,23,32,182,87,6,88,38,163,199,111,12,185,0,15,16,160,171,196,132,150,20,190,194,3,157,183,37,138,73,115,25,99,34,35,193,28,8,154,13,184,188,55,44,45,131,47,68,123,106,86,52,91,69,61,176,59,11,57,189,26,175,62,120,2,89,107,48,63,29,164,4,126,41,114,112,165,153,7,77,177,169,167,84,85,66,118,124,51,90,134,197,168,14,142,101,81,36,145,100,78,122,98,139,105,180,67,158,30,40,96,76,9,74,173,46,10,42,27,24,187,39,95,1,125,33,127,128,129,18,181,148,133,103,92,136,137,43,53,146,191,31,82,144,121,162,147,149,152,49,151,97,130,113,155,17,21,108,159,109,135,140,50,65,94,166,80,93,178,170,75,172,79,117,102,110,60,64,179,58,161,192,22,195,83,186,54,119,72,71,56,5,141,19,116,70,104,143,156];False
7914;7801;15715;[198,174,23,32,132,87,6,88,38,163,199,78,12,183,167,15,16,160,171,196,182,150,20,190,176,3,157,185,37,138,73,115,25,99,34,35,193,28,8,154,13,46,188,55,44,45,131,47,68,123,106,86,52,91,69,61,194,59,11,57,189,26,175,62,120,2,89,107,48,63,29,164,4,126,41,114,112,165,153,7,77,60,169,0,84,85,66,118,124,51,90,9,197,168,14,142,101,81,36,145,100,111,122,98,139,105,180,67,158,30,40,96,76,134,74,173,116,10,42,27,24,187,39,95,1,125,33,127,128,129,18,181,148,133,103,92,136,137,43,53,146,191,31,82,144,121,162,147,149,152,49,151,97,130,113,155,17,21,108,159,109,135,140,50,65,94,166,80,93,178,170,75,172,79,117,102,110,177,64,179,58,161,192,22,195,83,186,54,119,72,71,56,5,141,19,184,70,104,143,156];False
7971;7741;15712;[198,174,23,32,132,87,6,88,38,163,199,78,12,185,167,15,16,160,171,196,182,150,20,190,176,3,157,183,37,138,73,115,25,99,34,35,193,28,8,154,13,46,188,55,44,45,131,47,68,123,106,86,52,91,69,61,53,59,11,57,189,26,175,62,120,2,89,107,48,63,29,164,4,126,41,114,112,165,153,7,77,60,169,0,84,85,66,118,124,51,90,9,197,168,14,142,101,81,36,33,100,111,122,98,139,105,180,67,158,30,40,96,76,134,74,173,116,10,42,27,24,187,39,95,1,125,145,127,128,129,18,181,148,133,103,92,136,137,43,194,146,191,31,82,144,121,162,147,149,152,49,151,97,130,113,155,17,21,108,159,109,135,140,50,65,94,166,80,93,178,170,75,172,79,117,102,110,177,64,179,58,161,192,22,195,83,186,54,119,72,71,56,5,141,19,184,70,104,143,156];False
7959;7749;15708;[198,174,23,32,182,87,6,88,38,163,199,78,12,185,0,15,16,160,171,196,132,150,20,190,194,3,157,183,37,138,73,115,25,99,34,35,193,28,8,154,13,116,188,55,44,45,131,47,68,123,106,86,52,91,69,61,176,59,11,57,189,26,175,62,120,2,89,107,48,63,29,164,4,126,41,114,112,165,153,7,77,177,169,167,84,85,66,118,124,51,90,134,197,168,14,142,101,81,36,145,100,111,122,98,139,105,180,67,158,30,40,96,76,9,74,173,46,10,42,27,24,187,39,95,1,125,33,127,128,129,18,181,148,133,103,92,136,137,43,53,146,191,31,82,144,121,162,147,149,152,49,151,97,130,113,155,17,21,108,159,109,135,140,50,65,94,166,80,93,178,170,75,172,79,117,102,110,60,5,179,58,161,192,22,195,83,186,54,119,72,71,56,64,141,19,184,70,104,143,156];False
8032;7674;15706;[198,174,23,32,182,87,6,88,38,163,199,78,12,185,0,15,16,160,171,196,132,150,20,190,194,3,157,183,37,138,73,115,25,99,34,35,193,28,8,154,13,184,188,55,44,45,131,47,68,123,106,86,52,91,69,61,176,59,11,57,189,26,175,62,120,2,89,107,48,63,29,164,4,126,41,114,112,165,153,7,77,177,169,167,84,85,66,118,124,51,90,134,197,168,14,142,101,81,36,145,100,111,122,98,139,105,180,67,158,30,40,96,76,9,74,173,46,10,42,27,24,187,39,95,1,125,33,127,128,129,18,181,148,133,103,92,136,137,43,53,146,191,31,82,144,121,162,147,149,152,49,151,97,130,113,155,17,21,108,159,109,135,140,50,65,94,166,80,93,178,170,75,172,79,117,102,110,60,64,179,58,161,192,22,195,83,186,54,119,72,71,56,5,141,19,116,70,104,143,156];False
7945;7760;15705;[198,174,23,32,132,87,6,88,38,163,199,193,12,185,167,15,16,160,171,196,182,150,20,190,176,3,157,183,37,138,73,115,25,99,34,35,78,28,8,154,13,46,188,55,44,45,131,47,68,123,106,86,52,91,69,61,194,59,11,57,189,26,175,62,120,2,89,107,48,63,29,164,4,126,41,114,112,165,153,7,77,60,169,0,84,85,66,118,124,51,90,9,197,168,14,142,101,81,36,145,100,111,122,98,139,105,180,67,158,30,40,96,76,134,74,173,116,10,42,27,24,187,39,95,1,125,33,127,128,129,18,181,148,133,103,92,136,137,43,53,146,191,31,82,144,121,162,147,149,152,49,151,97,130,113,155,17,21,108,159,109,135,140,50,65,94,166,80,93,178,170,75,172,79,117,102,110,177,64,179,58,161,192,22,195,83,186,54,119,72,71,56,5,141,19,184,70,104,143,156];False
7877;7827;15704;[198,174,23,32,132,87,6,88,38,163,199,78,12,185,167,15,16,160,171,196,182,150,20,190,194,3,157,183,37,138,73,115,25,99,34,35,193,28,8,154,13,46,188,55,44,45,131,47,68,123,106,86,52,91,69,61,176,59,50,57,189,26,175,62,120,2,89,107,48,63,29,164,4,126,41,114,112,165,153,7,77,60,169,0,84,85,66,118,124,51,90,9,197,168,14,142,101,81,36,145,100,111,122,98,139,105,180,67,158,30,40,96,76,134,74,173,116,10,42,27,24,187,39,95,1,125,33,127,128,129,18,181,148,133,103,92,136,137,43,53,146,191,31,82,144,121,162,147,149,152,49,151,97,130,113,155,17,21,108,159,109,135,140,11,65,94,166,80,93,178,170,75,172,79,117,102,110,177,64,179,58,161,192,22,195,83,186,54,119,72,71,56,5,141,19,184,70,104,143,156];False
8011;7687;15698;[198,174,23,32,182,87,6,88,38,163,199,78,12,185,0,15,16,160,171,196,132,150,20,190,194,3,157,183,37,138,73,115,25,99,34,35,193,28,8,154,13,184,188,55,44,45,131,47,68,123,106,86,52,126,69,61,176,59,11,57,189,26,175,62,120,2,89,107,48,63,29,164,4,91,41,114,112,165,153,7,77,177,169,167,84,85,66,118,124,51,90,134,197,168,14,142,101,81,36,145,100,111,122,98,139,105,180,67,158,30,40,96,76,9,74,173,46,10,42,27,24,187,39,95,1,125,33,127,128,129,18,181,148,133,103,92,136,137,43,53,146,191,31,82,144,121,162,147,149,152,49,151,97,130,113,155,17,21,108,159,109,135,140,50,65,94,166,80,93,178,170,75,172,79,117,102,110,60,64,179,58,161,192,22,195,83,186,54,119,72,71,56,5,141,19,116,70,104,143,156];False
7952;7746;15698;[198,174,23,32,182,87,6,88,38,163,199,78,12,185,0,15,16,160,171,196,132,150,20,190,194,3,157,183,37,138,73,115,25,99,34,35,193,28,8,154,13,184,188,55,44,45,131,47,68,123,106,86,52,91,69,61,176,59,11,57,189,26,175,62,120,2,89,107,48,63,43,164,4,126,41,114,112,165,153,7,77,177,169,167,84,85,66,118,124,51,90,134,197,168,14,142,101,81,36,145,100,111,122,98,139,105,180,67,158,30,40,96,76,9,74,173,46,10,42,27,24,187,39,95,1,125,33,127,128,129,18,181,148,133,103,92,136,137,29,53,146,191,31,82,144,121,162,147,149,152,49,151,97,130,113,155,17,21,108,159,109,135,140,50,65,94,166,80,93,178,170,75,172,79,117,102,110,60,64,179,58,161,192,22,195,83,186,54,119,72,71,56,5,141,19,116,70,104,143,156];False
8013;7684;15697;[198,174,23,32,182,87,6,88,38,163,199,78,12,185,0,15,106,160,171,196,132,150,20,190,194,3,157,183,37,138,73,115,25,99,34,35,193,28,8,154,13,184,188,55,44,45,131,47,68,123,16,86,52,91,69,61,176,59,11,57,189,26,175,62,120,2,89,107,48,63,29,164,4,126,41,114,112,165,153,7,77,177,169,167,84,85,66,118,124,51,90,134,197,168,14,142,101,81,36,145,100,111,122,98,139,105,180,67,158,30,40,96,76,9,74,173,46,10,42,27,24,187,39,95,1,125,33,127,128,129,18,181,148,133,103,92,136,137,43,53,146,191,31,82,144,121,162,147,149,152,49,151,97,130,113,155,17,21,108,159,109,135,140,50,65,94,166,80,93,178,170,75,172,79,117,102,110,60,64,179,58,161,192,22,195,83,186,54,119,72,71,56,5,141,19,116,70,104,143,156];False
7938;7759;15697;[198,174,23,32,182,87,6,88,38,163,199,78,12,185,0,15,16,160,171,196,132,150,20,190,194,3,157,183,37,138,73,115,25,99,141,35,193,28,8,154,13,184,188,55,44,45,131,47,68,123,106,86,52,91,69,61,176,59,11,57,189,26,175,62,120,2,89,107,48,63,29,164,4,126,41,114,112,165,153,7,77,177,169,167,84,85,66,118,124,51,90,134,197,168,14,142,101,81,36,145,100,111,122,98,139,105,180,67,158,30,40,96,76,9,74,173,46,10,42,27,24,187,39,95,1,125,33,127,128,129,18,181,148,133,103,92,136,137,43,53,146,191,31,82,144,121,162,147,149,152,49,151,97,130,113,155,17,21,108,159,109,135,140,50,65,94,166,80,93,178,170,75,172,79,117,102,110,60,64,179,58,161,192,22,195,83,186,54,119,72,71,56,5,34,19,116,70,104,143,156];False
7965;7730;15695;[198,174,23,32,132,87,6,88,38,163,199,78,12,185,167,15,16,160,171,196,182,123,20,190,194,3,157,183,37,138,73,115,25,99,34,35,193,28,8,154,13,46,188,55,44,45,131,47,68,150,106,86,52,91,69,61,176,59,11,57,189,26,175,62,120,2,89,107,48,63,29,164,4,126,41,114,112,165,153,7,77,60,169,0,84,85,66,118,124,51,90,9,197,168,14,142,101,81,36,145,100,111,122,98,139,105,180,67,158,30,40,96,76,134,74,173,116,10,42,27,24,187,39,95,1,125,33,127,128,129,18,181,148,133,103,92,136,137,43,53,146,191,31,82,144,121,162,147,149,152,49,151,97,130,113,155,17,21,108,159,109,135,140,50,65,94,166,80,93,178,170,75,172,79,117,102,110,177,64,179,58,161,192,22,195,83,186,54,119,72,71,56,5,141,19,184,70,104,143,156];False
7948;7747;15695;[198,174,23,32,182,87,6,88,38,163,199,78,12,185,0,15,16,160,171,196,132,150,20,190,194,3,157,183,37,138,73,115,25,99,34,35,193,28,8,154,13,116,188,55,44,45,131,47,7,123,106,86,52,91,69,61,176,59,11,57,189,26,175,62,120,2,89,107,48,63,29,164,4,126,41,114,112,165,153,68,77,60,169,167,84,85,66,118,124,51,90,134,197,168,14,142,101,81,36,145,100,111,122,98,139,105,180,67,158,30,40,96,76,9,74,173,46,10,42,27,24,187,39,95,1,125,33,127,128,129,18,181,148,133,103,92,136,137,43,53,146,191,31,82,144,121,162,147,149,152,49,151,97,130,113,155,17,21,108,159,109,135,140,50,65,94,166,80,93,178,170,75,172,79,117,102,110,177,64,179,58,161,192,22,195,83,186,54,119,72,71,56,5,141,19,184,70,104,143,156];False
7937;7758;15695;[198,174,23,32,182,87,6,88,38,163,199,78,12,185,0,15,16,160,171,196,132,150,20,190,194,3,157,183,37,138,73,115,25,99,34,54,193,28,8,154,13,116,188,55,44,45,131,47,68,123,106,86,52,91,69,61,176,59,11,57,189,26,175,62,120,2,89,107,48,63,29,164,4,126,41,114,112,165,153,7,77,60,169,167,84,85,66,118,124,51,90,134,197,168,14,142,101,81,36,145,100,111,122,98,139,105,180,67,158,30,40,96,76,9,74,173,46,10,42,27,24,187,39,95,1,125,33,127,128,129,18,181,148,133,103,92,136,137,43,53,146,191,31,82,144,121,162,147,149,152,49,151,97,130,113,155,17,21,108,159,109,135,140,50,65,94,166,80,93,178,170,75,172,79,117,102,110,177,64,179,58,161,192,22,195,83,186,35,119,72,71,56,5,141,19,184,70,104,143,156];False
7923;7771;15694;[198,174,23,32,132,87,6,88,38,163,199,78,12,185,167,15,16,26,171,196,182,150,20,190,176,3,157,183,37,138,73,115,25,99,34,35,193,28,8,154,13,46,188,55,44,45,131,47,68,123,106,86,52,91,69,61,194,59,11,57,189,160,175,62,120,2,89,107,48,63,29,164,4,126,41,114,112,165,153,7,77,60,169,0,84,85,66,118,124,51,90,9,197,168,14,142,101,81,36,33,100,111,122,98,139,105,180,67,158,30,40,96,76,134,74,173,116,10,42,27,24,187,39,95,1,125,145,127,128,129,18,181,148,133,103,92,136,137,43,53,146,191,31,82,144,121,162,147,149,152,49,151,97,130,113,155,17,21,108,159,109,135,140,50,65,94,166,80,93,178,170,75,172,79,117,102,110,177,64,179,58,161,192,22,195,83,186,54,119,72,71,56,5,141,19,184,70,104,143,156];False
7973;7721;15694;[198,174,23,32,132,87,6,88,38,163,199,78,12,185,167,15,16,160,171,196,182,150,20,190,194,3,157,183,37,138,73,115,25,99,34,35,193,28,8,154,13,46,188,55,44,45,131,47,68,123,106,86,52,91,69,61,176,59,11,57,189,26,175,62,120,2,89,107,48,63,29,164,4,126,41,114,112,165,153,7,77,60,169,0,84,85,66,118,124,51,90,9,197,168,14,142,101,81,36,145,100,111,122,98,139,105,180,67,158,30,40,96,76,134,74,173,116,10,42,27,24,187,39,95,1,125,33,127,128,129,18,181,148,133,103,92,136,137,43,53,146,191,31,82,144,121,162,147,149,152,49,151,97,130,113,155,17,21,108,159,109,135,140,50,65,94,166,80,93,178,170,75,172,79,117,102,110,177,64,179,58,161,192,22,195,83,186,54,119,72,71,56,5,141,19,184,70,104,143,156];False
7963;7726;15689;[198,174,23,32,132,87,6,88,38,163,199,78,12,185,167,15,16,160,171,196,182,150,20,190,176,3,157,183,37,138,73,115,25,99,34,35,193,28,8,154,13,46,188,55,44,45,131,47,68,123,106,86,52,91,69,61,194,59,11,57,189,26,175,62,120,2,89,107,48,63,29,164,4,126,41,114,112,165,153,7,77,60,169,0,84,85,66,118,124,51,90,9,197,168,14,142,101,81,36,145,100,111,122,98,139,105,180,67,158,30,40,96,76,134,74,173,116,10,42,27,24,187,39,95,1,125,33,127,128,129,18,181,148,133,103,92,136,137,43,53,146,191,31,82,144,121,162,147,149,152,49,151,97,130,113,155,17,21,108,159,109,135,140,50,65,94,166,80,93,178,170,75,172,79,117,102,110,177,64,179,58,161,192,22,195,83,186,54,119,72,71,56,5,141,19,184,70,104,143,156];False
7889;7799;15688;[198,174,23,32,132,87,6,88,38,163,199,78,12,185,167,15,16,160,171,196,182,150,20,190,176,3,157,183,37,138,73,115,25,99,34,35,193,28,8,154,13,46,188,55,44,45,131,47,68,123,106,86,52,91,69,61,53,59,11,57,189,26,175,62,120,2,89,107,48,63,29,164,4,126,41,114,112,165,153,7,77,60,169,0,84,85,66,118,124,51,90,9,197,168,14,142,101,81,36,33,100,111,122,98,139,105,180,67,158,30,64,96,76,134,74,83,116,10,42,27,24,187,39,95,1,125,145,127,128,129,18,181,148,133,103,92,136,137,43,194,146,191,31,82,144,121,162,147,149,152,49,151,97,130,113,155,17,21,108,159,109,135,140,50,65,94,166,80,93,178,170,75,172,79,117,102,110,177,40,179,58,161,192,22,195,173,186,54,119,72,71,56,5,141,19,184,70,104,143,156];False
7950;7735;15685;[198,174,23,32,132,87,6,88,38,163,199,78,12,185,167,15,16,160,171,196,182,150,20,190,194,3,157,183,37,138,73,115,25,99,34,35,193,28,8,154,13,116,188,55,44,45,131,47,68,123,106,86,52,91,69,61,176,59,11,57,189,79,175,62,120,2,89,107,48,63,29,164,4,126,41,114,112,165,153,7,77,60,169,0,84,85,66,118,124,51,90,9,197,168,14,142,101,81,36,145,100,111,122,98,139,105,180,67,158,30,40,96,76,134,74,173,46,10,42,27,24,187,39,95,1,125,33,127,128,129,18,181,148,133,103,92,136,137,43,53,146,191,31,82,144,121,162,147,149,152,49,151,97,130,113,155,17,21,108,159,109,135,140,50,65,94,166,80,93,178,170,75,172,26,117,102,110,177,64,179,58,161,192,22,195,83,186,54,119,72,71,56,5,141,19,184,70,104,143,156];False
7973;7711;15684;[198,174,23,32,182,87,6,88,38,163,199,78,12,185,0,15,16,160,171,196,132,150,20,190,194,3,157,183,37,138,73,104,25,99,34,35,193,28,8,154,13,184,188,55,44,45,131,47,68,123,106,86,52,91,69,61,176,59,11,57,189,26,175,62,120,2,89,107,48,63,29,164,4,126,41,114,112,165,153,7,77,177,169,167,84,85,66,118,124,51,90,134,197,168,14,142,101,81,36,145,100,111,122,98,139,105,180,67,158,30,40,96,76,9,74,173,46,10,42,27,24,187,39,95,1,125,33,127,128,129,18,181,148,133,103,92,136,137,43,53,146,191,31,82,144,121,162,147,149,152,49,151,97,130,113,155,17,21,108,159,109,135,140,50,65,94,166,80,93,178,170,75,172,79,117,102,110,60,64,179,58,161,192,22,195,83,186,54,119,72,71,56,5,141,19,116,70,115,143,156];False
7924;7755;15679;[198,174,23,32,132,87,188,88,38,163,199,78,12,185,167,15,16,160,171,196,182,150,20,190,176,3,157,183,37,138,73,115,25,99,34,35,193,28,8,154,13,46,6,55,44,45,131,47,68,123,106,86,52,91,69,61,194,59,11,57,189,26,175,62,120,2,89,107,48,63,29,164,4,126,41,114,112,165,153,7,77,60,169,0,84,85,66,118,124,51,90,9,197,168,14,142,101,81,36,145,100,111,122,98,139,105,180,67,158,30,40,96,76,134,74,173,116,10,42,27,24,187,39,95,1,125,33,127,128,129,18,181,148,133,103,92,136,137,43,53,146,191,31,82,144,121,162,147,149,152,49,151,97,130,113,155,17,21,108,159,109,135,140,50,65,94,166,80,93,178,170,75,172,79,117,102,110,177,64,179,58,161,192,22,195,83,186,54,119,72,71,56,5,141,19,184,70,104,143,156];False
7859;7817;15676;[198,174,23,32,132,87,6,88,38,163,199,78,12,185,167,15,16,160,171,196,192,150,20,190,176,3,157,183,37,138,73,115,25,99,34,35,193,28,8,154,13,46,188,55,44,45,131,47,68,123,106,86,52,91,69,61,53,59,11,57,189,26,175,62,120,2,89,107,48,63,29,164,4,126,41,114,112,165,153,7,77,60,24,0,84,85,66,118,124,51,90,9,197,168,139,142,101,81,36,33,100,111,122,98,14,105,180,67,158,30,64,96,76,134,74,173,116,10,42,27,169,187,39,95,1,125,145,127,128,129,18,181,148,133,103,92,136,137,43,194,146,191,31,82,144,121,162,147,149,152,49,151,97,130,113,155,17,21,108,159,109,135,140,50,65,94,166,80,93,178,170,75,172,79,117,102,110,177,40,179,58,161,182,22,195,83,186,54,119,72,71,56,5,141,19,184,70,104,143,156];False
7936;7739;15675;[198,174,32,23,132,87,6,88,38,163,199,78,12,185,167,15,16,160,171,196,182,150,20,190,176,3,157,183,37,138,73,115,25,99,34,35,193,28,8,154,13,46,188,55,44,45,131,47,68,123,106,86,52,91,69,61,194,59,11,57,189,26,175,62,120,2,89,107,48,63,29,164,4,126,41,114,112,165,153,7,77,60,169,0,84,85,66,118,124,51,90,9,197,168,14,142,101,81,36,145,100,111,122,98,139,105,180,67,158,30,40,96,76,134,74,173,116,10,42,27,24,187,39,95,1,125,33,127,128,129,18,181,148,133,103,92,136,137,43,53,146,191,31,82,144,121,162,147,149,152,49,151,97,130,113,155,17,21,108,159,109,135,140,50,65,94,166,80,93,178,170,75,172,79,117,102,110,177,64,179,58,161,192,22,195,83,186,54,119,72,71,56,5,141,19,184,70,104,143,156];False
7878;7795;15673;[198,174,23,32,132,87,6,88,38,163,199,78,12,185,167,15,16,160,171,196,182,150,20,190,176,3,157,183,37,138,73,115,25,99,34,124,193,28,8,154,13,46,188,55,44,45,131,47,68,123,106,86,52,91,69,61,53,59,11,57,189,26,175,62,120,2,89,107,48,63,29,164,4,126,41,114,112,165,153,7,77,60,169,0,84,85,66,118,35,51,90,9,197,168,14,142,101,81,36,33,100,111,122,98,139,105,180,67,158,30,40,96,76,134,74,173,116,10,42,27,24,187,39,95,1,125,145,127,128,129,18,181,148,133,103,92,136,137,43,194,146,191,31,82,144,121,162,147,149,152,49,151,97,130,113,155,17,21,108,159,109,135,140,50,65,94,166,80,93,178,170,75,172,79,117,102,110,177,64,179,58,161,192,22,195,83,186,54,119,72,71,56,5,141,19,184,70,104,143,156];False
7876;7796;15672;[198,174,23,32,132,87,6,88,38,163,199,78,12,185,167,15,16,160,171,196,192,150,20,190,176,3,157,183,37,138,73,115,25,99,34,35,193,28,8,154,13,46,188,55,44,45,131,47,68,123,106,86,52,91,69,61,53,59,11,57,189,26,175,112,120,2,89,107,48,63,29,164,4,126,41,114,62,165,153,7,77,60,24,0,84,85,66,118,124,51,90,9,197,168,14,142,101,81,36,33,100,111,122,98,139,105,180,67,158,30,64,96,76,134,74,173,116,10,42,27,169,187,39,95,1,125,145,127,128,129,18,181,148,133,103,92,136,137,43,194,146,191,31,82,144,121,162,147,149,152,49,151,97,130,113,155,17,21,108,159,109,135,140,50,65,94,166,80,93,178,170,75,172,79,117,102,110,177,40,179,58,161,182,22,195,83,186,54,119,72,71,56,5,141,19,184,70,104,143,156];False
7951;7721;15672;[198,174,23,32,132,87,6,88,38,163,199,78,12,185,167,15,16,160,171,196,182,150,20,190,194,3,157,183,37,138,73,115,25,99,34,35,193,28,8,154,13,116,188,55,44,45,131,47,68,123,106,86,52,91,69,61,176,59,11,57,189,26,175,62,120,2,89,107,48,63,29,164,4,126,41,114,112,165,153,7,77,60,169,0,84,85,66,118,124,51,90,9,197,168,14,142,101,81,36,145,100,111,122,98,139,105,180,67,158,30,40,96,76,134,74,173,46,10,42,27,24,187,39,95,1,125,33,127,128,129,18,181,148,133,103,92,136,137,43,53,146,191,31,82,144,121,162,147,149,152,49,151,97,130,113,155,17,21,108,159,109,135,140,50,65,94,166,80,93,178,170,75,172,79,117,102,110,177,64,179,58,161,192,22,195,83,186,54,119,72,71,56,5,141,19,184,70,104,143,156];False
7957;7713;15670;[198,174,23,32,182,87,6,88,38,163,199,78,12,185,0,15,16,160,171,196,132,150,20,190,194,3,157,183,37,138,73,115,25,99,34,35,193,28,8,154,13,116,188,55,44,45,131,47,68,123,106,86,52,91,69,61,176,59,11,57,189,26,175,62,148,2,89,107,48,63,29,164,4,126,41,114,112,165,153,7,77,60,169,167,84,85,66,118,124,51,90,134,197,168,14,142,101,81,36,145,100,111,122,98,139,105,180,67,158,30,40,96,76,9,74,173,46,10,42,27,24,187,39,95,1,125,33,127,128,129,18,181,120,133,103,92,136,137,43,53,146,191,31,82,144,121,162,147,149,152,49,151,97,130,113,155,17,21,108,159,109,135,140,50,65,94,166,80,93,178,170,75,172,79,117,102,110,177,64,179,58,161,192,22,195,83,186,54,119,72,71,56,5,141,19,184,70,104,143,156];False
7854;7816;15670;[198,174,23,32,132,87,6,88,38,163,199,78,12,185,167,15,16,160,171,196,182,150,20,190,176,3,157,183,37,138,73,115,25,99,34,35,193,28,8,154,13,46,188,55,44,45,131,47,68,123,106,86,52,91,69,61,53,59,11,57,189,26,175,62,120,2,89,107,48,63,29,164,4,126,41,114,112,165,153,7,77,60,24,0,84,85,66,181,124,51,90,9,197,168,14,142,101,81,36,33,100,111,122,98,139,105,180,67,158,30,64,96,76,134,74,173,116,10,42,27,169,187,39,95,1,125,145,127,128,129,18,118,148,133,103,92,136,137,43,194,146,191,31,82,144,121,162,147,149,152,49,151,97,130,113,155,17,21,108,159,109,135,140,50,65,94,166,80,93,178,170,75,172,79,117,102,110,177,40,179,58,161,192,22,195,83,186,54,119,72,71,56,5,141,19,184,70,104,143,156];False
7945;7724;15669;[198,174,23,32,132,87,6,88,38,163,199,78,12,185,0,15,16,160,33,196,182,150,20,190,194,3,157,183,37,138,73,115,25,99,34,35,193,28,8,154,13,116,188,55,44,45,131,47,68,123,106,86,52,91,69,61,176,59,11,57,189,26,175,62,120,2,89,107,48,63,29,164,4,126,41,114,112,165,153,7,77,60,169,167,84,85,66,118,124,51,90,9,197,168,14,142,101,81,36,145,100,111,122,98,139,105,180,67,158,30,40,96,76,134,74,173,46,10,42,27,24,187,39,95,1,125,171,127,128,129,18,181,148,133,103,92,136,137,43,53,146,191,31,82,144,121,162,147,149,152,49,151,97,130,113,155,17,21,108,159,109,135,140,50,65,94,166,80,93,178,170,75,172,79,117,102,110,177,64,179,58,161,192,22,195,83,186,54,119,72,71,56,5,141,19,184,70,104,143,156];True
7891;7775;15666;[198,174,23,32,132,87,6,88,38,163,199,78,12,185,167,15,16,160,171,196,182,150,20,190,176,3,157,183,37,138,73,115,25,99,34,35,193,28,8,154,13,46,188,55,44,45,131,47,68,123,106,86,52,91,69,61,53,59,11,57,189,26,175,62,120,2,89,107,48,63,29,164,4,126,41,114,112,165,153,7,77,60,169,0,84,85,66,118,124,51,90,9,197,168,14,142,101,81,36,33,100,111,122,98,139,105,180,67,158,30,64,96,76,134,155,173,116,10,42,27,24,187,39,95,1,125,145,127,128,129,18,181,148,133,103,92,136,137,43,194,146,191,31,82,144,121,162,147,149,152,49,151,97,130,113,74,17,21,108,159,109,135,140,50,65,94,166,80,93,178,170,75,172,79,117,102,110,177,40,179,58,161,192,22,195,83,186,54,119,72,71,56,5,141,19,184,70,104,143,156];False
7955;7711;15666;[198,174,23,32,182,87,6,88,38,163,199,78,12,185,0,15,16,26,171,196,132,150,20,190,194,3,157,183,37,138,73,115,25,99,34,35,193,28,8,154,13,184,188,55,44,45,131,47,68,123,106,86,52,91,69,61,176,59,11,57,189,160,175,62,120,2,89,107,48,63,29,164,4,126,41,114,112,165,153,7,77,177,169,167,84,85,66,118,124,51,90,134,197,168,14,142,101,81,36,145,100,111,122,98,139,105,180,67,158,30,40,96,76,9,74,173,46,10,42,27,24,187,39,95,1,125,33,127,128,129,18,181,148,133,103,92,136,137,43,53,146,191,31,82,144,121,162,147,149,152,49,151,97,130,113,155,17,21,108,159,109,135,140,50,65,94,166,80,93,178,170,75,172,79,117,102,110,60,64,179,58,161,192,22,195,83,186,54,119,72,71,56,5,141,19,116,70,104,143,156];False
8026;7638;15664;[198,174,23,32,182,87,6,88,38,163,75,86,12,185,0,15,16,160,171,196,132,150,20,190,194,3,157,183,37,138,73,115,25,99,34,35,193,28,8,154,13,184,188,55,44,45,131,47,68,123,106,78,52,91,69,61,176,59,11,57,189,26,175,62,120,2,89,107,48,63,29,164,4,126,142,114,112,165,153,7,77,177,169,167,84,85,66,118,124,51,90,134,197,168,14,41,101,81,36,145,100,111,122,98,139,105,180,67,158,30,40,96,76,9,74,173,46,10,42,27,24,187,39,95,1,125,33,127,128,129,18,181,148,133,103,92,136,137,43,53,146,191,31,82,144,121,162,147,149,152,49,151,97,130,113,155,17,21,108,159,109,135,140,50,65,94,166,80,93,178,170,199,172,79,117,102,110,60,64,179,58,161,192,22,195,83,186,54,119,72,71,56,5,141,19,116,70,104,143,156];True
7960;7699;15659;[198,174,23,32,182,87,88,6,38,163,199,78,12,185,0,15,16,160,171,196,132,150,20,190,194,3,157,183,37,138,73,115,25,99,34,35,193,28,8,154,13,184,188,55,44,45,131,47,68,123,106,86,52,91,69,61,176,59,11,57,189,26,175,62,120,2,89,107,48,63,29,164,4,126,41,114,112,165,153,7,77,177,169,167,84,85,66,118,124,51,90,134,197,168,14,142,101,81,36,145,100,111,122,98,139,105,180,67,158,30,40,96,76,9,74,173,46,10,42,27,24,187,39,95,1,125,33,127,128,129,18,181,148,133,103,92,136,137,43,53,146,191,31,82,144,121,162,147,149,152,49,151,97,130,113,155,17,21,108,159,109,135,140,50,65,94,166,80,93,178,170,75,172,79,117,102,110,60,64,179,58,161,192,22,195,83,186,54,119,72,71,56,5,141,19,116,70,104,143,156];False
7896;7762;15658;[198,174,23,32,182,87,6,88,38,163,199,78,12,185,0,15,16,160,171,196,132,150,20,83,194,3,157,183,37,138,73,115,25,99,34,35,193,28,8,154,13,116,188,55,44,45,131,47,68,123,106,86,52,91,69,61,176,59,11,57,189,26,175,62,120,2,89,107,48,63,29,164,4,126,41,114,112,165,153,7,77,60,169,167,84,85,66,118,124,51,90,9,197,168,14,142,101,81,36,145,100,111,122,98,139,105,180,67,158,30,40,96,76,134,74,173,46,10,42,27,24,187,39,95,1,125,33,127,128,129,18,181,148,133,103,92,136,137,43,53,146,191,31,82,144,121,162,147,149,152,49,151,97,130,113,155,17,21,108,159,109,135,140,50,65,94,166,80,93,178,170,75,172,79,117,102,110,177,64,179,58,161,192,22,195,190,186,54,119,72,71,56,5,141,19,184,70,104,143,156];False
7810;7845;15655;[198,174,23,32,132,87,6,88,38,163,199,78,12,185,167,15,16,160,171,196,182,150,20,190,176,3,157,183,37,138,73,115,25,99,34,35,193,28,8,154,13,46,188,55,44,45,131,47,68,123,106,86,52,91,69,61,53,59,11,57,189,26,175,62,120,2,89,107,48,63,29,164,4,126,41,114,112,165,153,7,77,60,169,0,84,85,66,118,124,51,90,9,197,168,14,142,101,81,36,33,100,111,122,98,139,105,180,67,158,30,64,109,76,134,74,173,116,10,42,27,24,187,39,95,1,125,145,127,128,129,18,181,148,133,103,92,136,137,43,194,146,191,31,82,144,121,162,147,149,152,49,151,97,130,113,155,17,21,108,159,96,135,140,50,65,94,166,80,93,178,170,75,172,79,117,102,110,177,40,179,58,161,192,22,195,83,186,54,119,72,71,56,5,141,19,184,70,104,143,156];False
7856;7795;15651;[198,174,23,32,132,87,6,88,38,163,199,78,12,185,167,15,16,160,171,196,182,150,20,190,176,3,157,183,37,138,73,115,25,99,34,35,193,28,8,154,13,46,188,55,44,45,131,47,68,123,106,86,52,91,69,61,53,59,11,57,189,26,175,62,120,2,89,107,48,63,29,164,4,126,41,114,112,165,153,7,77,60,24,0,84,85,66,118,124,51,90,9,197,168,93,142,101,81,36,33,100,111,122,98,139,105,180,67,158,30,64,96,76,134,74,173,116,10,42,27,169,187,39,95,1,125,145,127,128,129,18,181,148,133,103,92,136,137,43,194,146,191,31,82,144,121,162,147,149,152,49,151,97,130,113,155,17,21,108,159,109,135,140,50,65,94,166,80,14,178,170,75,172,79,117,102,110,177,40,179,58,161,192,22,195,83,186,54,119,72,71,56,5,141,19,184,70,104,143,156];False
7817;7830;15647;[198,174,23,32,132,87,6,88,38,163,199,78,12,185,167,62,16,160,171,196,192,150,20,190,176,3,157,183,37,138,73,115,25,99,34,35,193,28,8,154,13,46,188,55,44,45,131,47,68,123,106,86,52,91,69,61,53,59,11,57,189,26,175,15,120,2,89,107,48,63,29,164,4,126,41,114,112,165,153,7,77,60,24,0,84,85,66,118,124,51,90,9,197,168,14,142,101,81,36,33,100,111,122,98,139,105,180,67,158,30,64,96,76,134,74,173,116,10,42,27,169,187,39,95,1,125,145,127,128,129,18,181,148,133,103,92,136,137,43,194,146,191,31,82,144,121,162,147,149,152,49,151,97,130,113,155,17,21,108,159,109,135,140,50,65,94,166,80,93,178,170,75,172,79,117,102,110,177,40,179,58,161,182,22,195,83,186,54,119,72,71,56,5,141,19,184,70,104,143,156];False
7893;7743;15636;[198,174,23,32,132,87,6,133,38,163,199,78,12,185,167,15,16,160,171,196,182,150,20,190,194,3,157,183,37,138,73,115,25,99,34,35,193,28,8,154,13,116,188,55,44,45,131,47,68,123,106,86,52,91,69,61,176,59,11,57,189,26,175,62,120,2,89,107,48,63,29,164,4,126,41,114,112,165,153,7,77,60,169,0,84,85,66,118,124,51,90,9,197,168,14,142,101,81,36,145,100,111,122,98,139,105,180,67,158,30,40,96,76,134,74,173,46,10,42,27,24,187,39,95,1,125,33,127,128,129,18,181,148,88,103,92,136,137,43,53,146,191,31,82,144,121,162,147,149,152,49,151,97,130,113,155,17,21,108,159,109,135,140,50,65,94,166,80,93,178,170,75,172,79,117,102,110,177,64,179,58,161,192,22,195,83,186,54,119,72,71,56,5,141,19,184,70,104,143,156];False
7835;7800;15635;[198,174,23,32,132,87,6,88,38,163,199,78,12,185,167,15,16,160,171,196,182,150,20,190,176,3,157,183,37,138,73,115,25,99,34,35,193,28,8,154,13,46,188,55,179,45,131,47,68,123,106,86,52,91,69,61,53,59,11,57,189,26,175,62,120,2,89,107,48,63,29,164,4,126,41,114,112,165,153,7,77,60,24,0,84,85,66,118,124,51,90,9,197,168,14,142,101,81,36,33,100,111,122,98,139,105,180,67,158,30,64,96,76,134,74,173,116,10,42,27,169,187,39,95,1,125,145,127,128,129,18,181,148,133,103,92,136,137,43,194,146,191,31,82,144,121,162,147,149,152,49,151,97,130,113,155,17,21,108,159,109,135,140,50,65,94,166,80,93,178,170,75,172,79,117,102,110,177,40,44,58,161,192,22,195,83,186,54,119,72,71,56,5,141,19,184,70,104,143,156];False
7950;7682;15632;[198,174,23,69,182,87,6,88,38,163,199,78,12,185,0,15,16,160,171,196,132,150,20,190,194,3,157,183,37,138,73,115,25,99,34,35,193,28,8,154,13,184,188,55,44,45,131,47,68,123,106,86,52,91,32,61,176,59,11,57,189,26,175,62,120,2,89,107,48,63,29,164,4,126,41,114,112,165,153,7,77,177,169,167,84,85,66,118,124,51,90,134,197,168,14,142,101,81,36,145,100,111,122,98,139,105,180,67,158,30,40,96,76,9,74,173,46,10,42,27,24,187,39,95,1,125,33,127,128,129,18,181,148,133,103,92,136,137,43,53,146,191,31,82,144,121,162,147,149,152,49,151,97,130,113,155,17,21,108,159,109,135,140,50,65,94,166,80,93,178,170,75,172,79,117,102,110,60,64,179,58,161,192,22,195,83,186,54,119,72,71,56,5,141,19,116,70,104,143,156];True
7742;7886;15628;[198,174,23,32,132,87,6,88,38,163,199,78,12,185,167,15,16,160,171,196,192,150,20,190,176,3,157,183,37,138,73,115,25,99,34,35,193,28,8,154,13,46,188,55,44,45,131,47,68,123,106,86,52,91,69,61,53,59,11,57,189,26,175,62,120,2,89,107,48,63,29,164,4,126,41,114,112,165,153,7,77,60,24,0,84,85,66,118,124,51,90,9,197,168,14,142,101,81,36,33,100,111,122,98,139,105,180,67,158,30,64,96,76,134,74,173,116,10,42,27,169,17,39,95,1,125,145,127,128,129,18,181,148,133,103,92,136,137,43,194,146,191,31,82,144,121,162,147,149,152,49,151,97,130,113,155,187,21,108,159,109,135,140,50,65,94,166,80,93,178,170,75,172,79,117,102,110,177,40,179,58,161,182,22,195,83,186,54,119,72,71,56,5,141,19,184,70,104,143,156];False
7839;7787;15626;[198,174,23,32,132,87,6,88,38,163,199,78,12,185,167,15,16,160,171,196,182,150,20,190,176,3,157,183,37,138,73,115,25,99,34,35,193,28,8,154,13,46,188,55,44,45,131,47,68,123,106,86,52,91,69,61,53,59,11,57,189,26,175,62,120,2,89,107,48,63,29,164,4,126,41,114,112,165,153,7,77,60,169,0,84,85,66,118,124,51,90,9,197,168,14,142,101,81,36,33,100,111,122,98,139,105,180,67,158,30,64,96,76,134,74,173,116,10,42,27,24,187,39,95,1,125,145,127,128,72,18,181,148,133,103,92,136,137,43,194,146,191,31,82,144,121,162,147,149,152,49,151,97,130,113,155,17,21,108,159,109,135,140,50,65,94,166,80,93,178,170,75,172,79,117,102,110,177,40,179,58,161,192,22,195,83,186,54,119,129,71,56,5,141,19,184,70,104,143,156];False
7822;7801;15623;[198,174,23,32,132,87,6,88,38,163,199,126,12,185,167,15,16,160,171,196,182,150,20,190,176,3,157,183,37,138,73,115,25,99,34,35,193,28,8,154,13,46,188,55,44,45,131,47,68,123,106,86,52,91,69,61,53,59,11,57,189,26,175,62,120,2,89,107,48,63,29,164,4,78,41,114,112,165,153,7,77,60,169,0,84,85,66,118,124,51,90,9,197,168,14,142,101,81,36,33,100,111,122,98,139,105,180,67,158,30,64,96,76,134,74,173,116,10,42,27,24,187,39,95,1,125,145,127,128,129,18,181,148,133,103,92,136,137,43,194,146,191,31,82,144,121,162,147,149,152,49,151,97,130,113,155,17,21,108,159,109,135,140,50,65,94,166,80,93,178,170,75,172,79,117,102,110,177,40,179,58,161,192,22,195,83,186,54,119,72,71,56,5,141,19,184,70,104,143,156];False
7854;7768;15622;[198,174,23,32,182,87,6,88,38,163,199,78,12,185,173,15,16,160,171,196,132,150,20,190,194,3,157,183,37,138,73,115,25,99,34,35,193,28,8,154,13,116,188,55,44,45,131,47,68,123,106,86,52,91,69,61,176,59,11,57,189,26,175,62,120,2,89,107,48,63,29,164,4,126,41,114,112,165,153,7,77,60,169,167,84,85,66,118,124,51,90,134,197,168,14,142,101,81,36,145,100,111,122,98,139,105,180,67,158,30,40,96,76,9,74,0,46,10,42,27,24,187,39,95,1,125,33,127,128,129,18,181,148,133,103,92,136,137,43,53,146,191,31,82,144,121,162,147,149,152,49,151,97,130,113,155,17,21,108,159,109,135,140,50,65,94,166,80,93,178,170,75,172,79,117,102,110,177,64,179,58,161,192,22,195,83,186,54,119,72,71,56,5,141,19,184,70,104,143,156];False
7811;7811;15622;[198,174,23,32,132,87,6,88,38,163,199,78,12,185,167,15,16,160,171,196,182,150,20,190,176,3,157,183,37,138,73,112,25,99,34,35,193,28,8,154,13,46,188,55,44,45,131,47,68,123,106,86,52,91,69,61,53,59,11,57,189,26,175,62,120,2,89,107,48,63,29,164,4,126,41,114,115,165,153,7,77,60,24,0,84,85,66,118,124,51,90,9,197,168,14,142,101,81,36,33,100,111,122,98,139,105,180,67,158,30,64,96,76,134,74,173,116,10,42,27,169,187,39,95,1,125,145,127,128,129,18,181,148,133,103,92,136,137,43,194,146,191,31,82,144,121,162,147,149,152,49,151,97,130,113,155,17,21,108,159,109,135,140,50,65,94,166,80,93,178,170,75,172,79,117,102,110,177,40,179,58,161,192,22,195,83,186,54,119,72,71,56,5,141,19,184,70,104,143,156];False
7817;7798;15615;[198,174,23,32,132,87,6,88,38,163,199,78,12,185,167,15,16,160,171,196,182,150,20,190,176,3,157,183,37,138,73,115,25,99,34,35,193,28,8,154,13,46,188,55,44,45,189,47,68,123,106,86,52,91,69,61,53,59,11,57,131,26,175,62,120,2,89,107,48,63,29,164,4,126,41,114,112,165,153,7,77,60,169,0,84,85,66,118,124,51,90,9,197,168,14,142,101,81,36,33,100,111,122,98,139,105,180,67,158,30,64,96,76,134,74,173,116,10,42,27,24,187,39,95,1,125,145,127,128,129,18,181,148,133,103,92,136,137,43,194,146,191,31,82,144,121,162,147,149,152,49,151,97,130,113,155,17,21,108,159,109,135,140,50,65,94,166,80,93,178,170,75,172,79,117,102,110,177,40,179,58,161,192,22,195,83,186,54,119,72,71,56,5,141,19,184,70,104,143,156];False
7848;7754;15602;[198,174,23,32,132,87,6,88,38,163,199,78,12,185,167,15,16,160,171,196,182,150,20,190,176,3,157,183,37,138,73,115,25,99,34,35,193,28,8,154,13,46,188,55,44,45,131,47,68,123,106,86,52,91,69,61,53,59,11,57,189,26,175,62,120,2,89,107,48,63,29,164,4,126,41,114,112,165,153,7,77,60,24,0,84,85,66,118,124,51,90,9,197,168,14,142,101,81,36,33,100,111,122,98,139,105,180,67,158,30,64,96,76,134,74,173,116,10,42,27,169,187,39,95,1,125,145,127,128,129,18,181,148,40,103,92,136,137,43,194,146,191,31,82,144,121,162,147,149,152,49,151,97,130,113,155,17,21,108,159,109,135,140,50,65,94,166,80,93,178,170,75,172,79,117,102,110,177,133,179,58,161,192,22,195,83,186,54,119,72,71,56,5,141,19,184,70,104,143,156];False
7749;7853;15602;[198,174,23,32,132,87,6,64,38,163,199,78,12,185,167,15,16,160,171,196,182,150,20,190,176,3,157,183,37,138,73,115,25,99,34,35,193,28,8,154,13,46,188,55,44,45,131,47,68,123,106,86,52,91,69,61,53,59,11,57,189,26,175,62,120,2,89,107,48,63,29,164,4,126,41,114,112,165,153,7,77,60,24,0,84,85,66,118,124,51,90,9,197,168,14,142,101,81,36,33,100,111,122,98,139,105,180,67,158,30,88,96,76,134,74,173,116,10,42,27,169,187,39,95,1,125,145,127,128,129,18,181,148,133,103,92,136,137,43,194,146,191,31,82,144,121,162,147,149,152,49,151,97,130,113,155,17,21,108,159,109,135,140,50,65,94,166,80,93,178,170,75,172,79,117,102,110,177,40,179,58,161,192,22,195,83,186,54,119,72,71,56,5,141,19,184,70,104,143,156];False
7827;7770;15597;[198,174,23,32,132,87,6,88,38,163,199,78,12,185,167,15,16,160,171,196,182,150,20,190,176,3,157,183,37,138,73,115,25,99,34,35,193,28,8,154,13,46,188,55,44,45,131,47,68,123,106,86,52,91,69,61,53,59,11,57,189,26,175,62,120,2,89,107,48,63,29,164,4,126,108,114,112,165,153,7,77,60,169,0,84,85,66,118,124,51,90,9,197,168,14,142,101,81,36,33,100,111,122,98,139,105,180,67,158,30,64,96,76,134,74,173,116,10,42,27,24,187,39,95,1,125,145,127,128,129,18,181,148,133,103,92,136,137,43,194,146,191,31,82,144,121,162,147,149,152,49,151,97,130,113,155,17,21,41,159,109,135,140,50,65,94,166,80,93,178,170,75,172,79,117,102,110,177,40,179,58,161,192,22,195,83,186,54,119,72,71,56,5,141,19,184,70,104,143,156];False
7810;7782;15592;[198,174,23,32,132,87,6,88,38,163,199,78,12,185,167,15,16,160,171,196,192,150,20,190,176,3,157,183,37,138,73,115,25,99,34,35,193,28,178,154,13,46,188,55,44,45,131,47,68,123,106,86,52,91,69,61,53,59,11,57,189,26,175,62,120,2,89,107,48,63,29,164,4,126,41,114,112,165,153,7,77,60,24,0,84,85,66,118,124,51,90,9,197,168,14,142,101,81,36,33,100,111,122,98,139,105,180,67,158,30,64,96,76,134,74,173,116,10,42,27,169,187,39,95,1,125,145,127,128,129,18,181,148,133,103,92,136,137,43,194,146,191,31,82,144,121,162,147,149,152,49,151,97,130,113,155,17,21,108,159,109,135,140,50,65,94,166,80,93,8,170,75,172,79,117,102,110,177,40,179,58,161,182,22,195,83,186,54,119,72,71,56,5,141,19,184,70,104,143,156];False
7747;7838;15585;[198,174,23,32,132,87,6,88,38,163,199,78,12,185,167,15,16,160,171,196,182,150,20,190,176,3,157,183,37,138,73,115,25,99,34,35,193,28,8,154,13,46,188,55,44,45,131,47,68,123,106,86,52,91,69,61,53,59,11,57,189,26,175,62,120,2,89,107,48,63,29,164,4,126,41,114,112,165,153,7,77,60,24,0,84,85,66,118,124,51,90,9,197,168,14,142,101,81,36,33,100,111,122,98,139,105,180,67,158,30,64,96,76,134,74,173,116,10,42,27,169,187,39,95,1,125,145,127,128,129,18,181,21,133,103,92,136,137,43,194,146,191,31,82,144,121,162,147,149,152,49,151,97,130,113,155,17,148,108,159,109,135,140,50,65,94,166,80,93,178,170,75,172,79,117,102,110,177,40,179,58,161,192,22,195,83,186,54,119,72,71,56,5,141,19,184,70,104,143,156];False
7782;7801;15583;[198,174,23,32,132,87,6,88,38,163,199,78,12,185,167,15,16,160,171,196,182,150,20,190,176,3,157,183,37,138,73,115,25,99,34,35,193,28,8,154,13,46,188,55,44,45,131,47,68,123,106,86,52,91,69,61,53,59,11,57,189,26,175,62,120,2,89,107,48,63,29,164,4,126,41,114,159,165,153,7,77,60,169,0,84,85,66,118,124,51,90,9,197,168,14,142,101,81,36,33,100,111,122,98,139,105,180,67,158,30,64,96,76,134,74,173,116,10,42,27,24,187,39,95,1,125,145,127,128,129,18,181,148,133,103,92,136,137,43,194,146,191,31,82,144,121,162,147,149,152,49,151,97,130,113,155,17,21,108,112,109,135,140,50,65,94,166,80,93,178,170,75,172,79,117,102,110,177,40,179,58,161,192,22,195,83,186,54,119,72,71,56,5,141,19,184,70,104,143,156];False
7759;7822;15581;[198,174,23,32,132,111,6,88,38,163,199,78,12,185,167,15,16,160,171,196,192,150,20,190,176,3,157,183,37,138,73,115,25,99,34,35,193,28,8,154,13,46,188,55,44,45,131,47,68,123,106,86,52,91,69,61,53,59,11,57,189,26,175,62,120,2,89,107,48,63,29,164,4,126,41,114,112,165,153,7,77,60,24,0,84,85,66,118,124,51,90,9,197,168,14,142,101,81,36,33,100,87,122,98,139,105,180,67,158,30,64,96,76,134,74,173,116,10,42,27,169,187,39,95,1,125,145,127,128,129,18,181,148,133,103,92,136,137,43,194,146,191,31,82,144,121,162,147,149,152,49,151,97,130,113,155,17,21,108,159,109,135,140,50,65,94,166,80,93,178,170,75,172,79,117,102,110,177,40,179,58,161,182,22,195,83,186,54,119,72,71,56,5,141,19,184,70,104,143,156];False
7766;7809;15575;[198,174,23,32,132,87,6,88,38,163,199,78,12,185,167,15,16,68,171,196,182,150,20,190,176,3,157,183,37,138,73,115,25,99,34,35,193,28,8,154,13,46,188,55,44,45,131,47,160,123,106,86,52,91,69,61,53,59,11,57,189,26,175,62,120,2,89,107,48,63,29,164,4,126,41,114,112,165,153,7,77,60,24,0,84,85,66,118,124,51,90,9,197,168,14,142,101,81,36,33,100,111,122,98,139,105,180,67,158,30,64,96,76,134,74,173,116,10,42,27,169,187,39,95,1,125,145,127,128,129,18,181,148,133,103,92,136,137,43,194,146,191,31,82,144,121,162,147,149,152,49,151,97,130,113,155,17,21,108,159,109,135,140,50,65,94,166,80,93,178,170,75,172,79,117,102,110,177,40,179,58,161,192,22,195,83,186,54,119,72,71,56,5,141,19,184,70,104,143,156];False
7764;7810;15574;[198,174,23,32,132,87,6,88,38,163,199,78,12,185,167,15,16,160,171,196,192,150,20,190,176,3,157,183,37,138,73,115,25,99,34,35,193,28,8,154,13,46,188,55,44,45,98,47,68,123,106,86,52,91,69,61,53,59,11,57,189,26,175,62,120,2,89,107,48,63,29,164,4,126,41,114,112,165,153,7,77,60,24,0,84,85,66,118,124,51,90,9,197,168,14,142,101,81,36,33,100,111,122,131,139,105,180,67,158,30,64,96,76,134,74,173,116,10,42,27,169,187,39,95,1,125,145,127,128,129,18,181,148,133,103,92,136,137,43,194,146,191,31,82,144,121,162,147,149,152,49,151,97,130,113,155,17,21,108,159,109,135,140,50,65,94,166,80,93,178,170,75,172,79,117,102,110,177,40,179,58,161,182,22,195,83,186,54,119,72,71,56,5,141,19,184,70,104,143,156];False
7810;7763;15573;[198,174,23,32,132,87,6,88,38,163,199,78,12,185,167,15,16,160,171,196,182,150,20,190,176,3,157,183,37,138,73,115,25,99,34,35,193,28,8,154,13,46,188,55,44,45,131,47,68,123,106,86,52,91,69,61,53,59,11,57,189,26,175,62,120,2,89,107,48,63,29,164,4,126,41,114,112,165,153,7,77,60,169,0,84,85,66,118,124,51,90,9,197,168,14,142,101,81,36,33,100,111,122,98,139,105,180,67,158,30,83,96,76,134,74,173,116,10,42,27,24,187,39,95,1,125,145,127,128,129,18,181,148,133,103,92,136,137,43,194,146,191,31,82,144,121,162,147,149,152,49,151,97,130,113,155,17,21,108,159,109,135,140,50,65,94,166,80,93,178,170,75,172,79,117,102,110,177,64,179,58,161,192,22,195,40,186,54,119,72,71,56,5,141,19,184,70,104,143,156];False
7832;7737;15569;[198,174,23,32,132,87,6,88,38,163,199,78,12,185,167,15,16,160,171,196,182,150,20,190,176,3,157,183,37,138,73,115,25,99,34,35,193,28,8,154,13,46,188,55,44,45,131,47,68,123,106,86,52,91,69,61,194,59,11,57,0,26,175,62,120,2,89,107,48,63,29,164,4,126,41,114,112,165,153,7,77,60,169,189,84,85,66,118,124,51,90,9,197,168,14,142,101,81,36,145,100,111,122,98,139,105,180,67,158,30,40,96,76,134,74,173,116,10,42,27,24,187,39,95,1,125,33,127,128,129,18,181,148,133,103,92,136,137,43,53,146,191,31,82,144,121,162,147,149,152,49,151,97,130,113,155,17,21,108,159,109,135,140,50,65,94,166,80,93,178,170,75,172,79,117,102,110,177,64,179,58,161,192,22,195,83,186,54,119,72,71,56,5,141,19,184,70,104,143,156];True
7775;7791;15566;[198,174,23,32,132,87,6,88,38,163,199,78,12,185,167,15,16,160,96,196,182,150,20,190,176,3,157,183,37,138,73,115,25,99,34,35,193,28,8,154,13,46,188,55,44,45,131,47,68,123,106,86,52,91,69,61,53,59,11,57,189,26,175,62,120,2,89,107,48,63,29,164,4,126,41,114,112,165,153,7,77,60,169,0,84,85,66,118,124,51,90,9,197,168,14,142,101,81,36,33,100,111,122,98,139,105,180,67,158,30,64,171,76,134,74,173,116,10,42,27,24,187,39,95,1,125,145,127,128,129,18,181,148,133,103,92,136,137,43,194,146,191,31,82,144,121,162,147,149,152,49,151,97,130,113,155,17,21,108,159,109,135,140,50,65,94,166,80,93,178,170,75,172,79,117,102,110,177,40,179,58,161,192,22,195,83,186,54,119,72,71,56,5,141,19,184,70,104,143,156];False
7815;7749;15564;[198,174,23,32,132,87,6,88,38,163,199,78,12,185,167,15,16,160,171,196,182,150,20,190,176,3,157,183,37,138,73,115,25,99,34,35,193,28,8,154,13,46,188,55,44,45,131,47,68,123,106,86,52,91,69,61,53,59,11,57,189,26,175,62,120,2,89,107,48,63,29,164,4,126,41,114,112,165,153,7,77,60,169,0,84,85,66,118,124,51,90,9,197,168,14,142,101,81,36,33,100,111,122,98,139,105,180,67,158,30,64,96,76,134,74,173,116,10,42,27,24,187,39,95,1,125,145,127,128,129,18,181,148,133,103,92,136,137,43,194,146,191,31,82,144,121,162,147,149,152,49,151,97,130,113,155,17,21,108,159,109,135,140,50,65,94,166,80,93,178,170,75,172,79,117,102,110,177,40,179,58,161,192,22,195,83,186,54,119,72,71,56,5,141,19,184,70,104,143,156];True
7712;7852;15564;[198,174,23,32,132,87,6,88,38,163,199,78,12,185,167,15,16,160,171,196,182,150,20,190,176,3,157,183,37,138,73,115,25,99,34,35,193,28,8,154,13,46,188,55,44,45,131,47,68,123,106,86,52,91,69,61,53,59,11,57,189,26,175,62,120,2,89,107,48,63,29,164,4,126,41,114,112,165,153,7,77,60,24,0,84,85,66,118,124,51,90,9,197,168,14,142,101,81,36,33,100,111,122,98,139,105,180,67,158,30,64,96,76,134,74,173,116,10,42,27,169,187,39,95,1,125,145,127,128,129,18,181,148,133,103,92,136,137,43,194,146,191,31,82,144,121,162,147,149,152,49,151,97,130,113,155,17,21,54,159,109,135,140,50,65,94,166,80,93,178,170,75,172,79,117,102,110,177,40,179,58,161,192,22,195,83,186,108,119,72,71,56,5,141,19,184,70,104,143,156];False
7816;7748;15564;[198,174,23,32,132,87,6,88,38,163,199,78,12,185,167,15,16,160,171,196,182,150,20,190,194,3,157,183,37,138,73,115,25,99,34,35,193,28,8,154,13,116,188,55,44,45,131,47,68,123,106,86,52,91,69,61,176,59,11,57,189,26,175,62,120,2,89,107,48,63,29,164,4,126,41,114,112,165,153,7,77,60,169,0,84,85,66,118,124,51,90,9,159,168,14,142,101,81,36,145,100,111,122,98,139,105,180,67,158,30,40,96,76,134,74,173,46,10,42,27,24,187,39,95,1,125,33,127,128,129,18,181,148,133,103,92,136,137,43,53,146,191,31,82,144,121,162,147,149,152,49,151,97,130,113,155,17,21,108,197,109,135,140,50,65,94,166,80,93,178,170,75,172,79,117,102,110,177,64,179,58,161,192,22,195,83,186,54,119,72,71,56,5,141,19,184,70,104,143,156];True
7763;7799;15562;[198,174,23,32,132,87,6,88,38,163,199,78,12,185,167,15,16,160,171,196,182,150,20,190,176,3,157,183,37,138,73,115,25,99,34,35,193,28,8,154,13,46,188,55,44,45,131,47,68,123,106,86,52,91,69,61,53,59,11,57,189,26,175,62,120,2,89,107,48,63,29,164,4,126,41,114,112,165,153,7,77,60,169,0,84,85,66,118,124,51,90,9,197,168,14,42,101,81,36,33,100,111,122,98,139,105,180,67,158,30,64,96,76,134,74,173,116,10,142,27,24,187,39,95,1,125,145,127,128,129,18,181,148,133,103,92,136,137,43,194,146,191,31,82,144,121,162,147,149,152,49,151,97,130,113,155,17,21,108,159,109,135,140,50,65,94,166,80,93,178,170,75,172,79,117,102,110,177,40,179,58,161,192,22,195,83,186,54,119,72,71,56,5,141,19,184,70,104,143,156];False
7716;7845;15561;[198,174,23,32,132,87,6,88,38,163,199,78,12,185,167,15,16,160,171,196,192,150,20,190,176,3,157,183,37,138,73,115,25,99,34,35,193,28,8,154,13,46,188,55,44,45,131,47,68,123,106,86,52,91,69,61,53,59,11,57,189,26,175,62,120,2,89,107,48,63,29,164,4,126,41,114,112,165,153,7,77,60,24,0,84,85,66,118,124,51,90,9,197,168,14,142,101,81,36,33,100,111,155,98,139,105,180,67,158,30,64,96,76,134,74,173,116,10,42,27,169,187,39,95,1,125,145,127,128,129,18,181,148,133,103,92,136,137,43,194,146,191,31,82,144,121,162,147,149,152,49,151,97,130,113,122,17,21,108,159,109,135,140,50,65,94,166,80,93,178,170,75,172,79,117,102,110,177,40,179,58,161,182,22,195,83,186,54,119,72,71,56,5,141,19,184,70,104,143,156];False
7728;7831;15559;[198,174,23,32,132,87,6,88,38,163,199,78,12,185,167,15,16,160,171,196,192,150,20,190,176,3,157,183,37,138,73,115,25,99,34,35,193,28,8,154,13,46,188,55,44,45,131,47,68,123,106,86,52,91,69,61,53,59,11,57,189,26,175,62,120,2,89,107,48,63,29,164,4,126,41,114,112,165,153,7,77,60,24,0,84,85,66,118,124,51,90,9,197,168,14,142,101,81,36,140,100,111,122,98,139,105,180,67,158,30,64,96,76,134,74,173,116,10,42,27,169,187,39,95,1,125,145,127,128,129,18,181,148,133,103,92,136,137,43,194,146,191,31,82,144,121,162,147,149,152,49,151,97,130,113,155,17,21,108,159,109,135,33,50,65,94,166,80,93,178,170,75,172,79,117,102,110,177,40,179,58,161,182,22,195,83,186,54,119,72,71,56,5,141,19,184,70,104,143,156];False
7767;7781;15548;[198,174,23,32,132,87,6,88,38,163,199,78,12,185,167,15,16,160,171,196,182,150,20,190,176,3,157,183,37,138,73,115,25,99,34,35,193,28,118,154,13,46,188,55,44,45,131,47,68,123,106,86,52,91,69,61,53,59,11,57,189,26,175,62,120,2,89,107,48,63,29,164,4,126,41,114,112,165,153,7,77,60,24,0,84,85,66,8,124,51,90,9,197,168,14,142,101,81,36,33,100,111,122,98,139,105,180,67,158,30,64,96,76,134,74,173,116,10,42,27,169,187,39,95,1,125,145,127,128,129,18,181,148,133,103,92,136,137,43,194,146,191,31,82,144,121,162,147,149,152,49,151,97,130,113,155,17,21,108,159,109,135,140,50,65,94,166,80,93,178,170,75,172,79,117,102,110,177,40,179,58,161,192,22,195,83,186,54,119,72,71,56,5,141,19,184,70,104,143,156];False
7684;7862;15546;[198,174,23,32,132,87,6,88,38,163,199,78,12,185,167,15,16,160,171,196,192,150,20,190,176,3,157,183,37,138,73,115,25,99,34,35,193,28,8,154,13,46,188,55,44,45,131,47,68,123,106,86,52,91,69,61,53,59,11,57,189,26,175,62,120,2,89,107,48,63,29,164,4,126,41,114,112,165,156,7,77,60,24,0,84,85,66,118,124,51,90,9,197,168,14,142,101,81,36,33,100,111,122,98,139,105,180,67,158,30,64,96,76,134,74,173,116,10,42,27,169,187,39,95,1,125,145,127,128,129,18,181,148,133,103,92,136,137,43,194,146,191,31,82,144,121,162,147,149,152,49,151,97,130,113,155,17,21,108,159,109,135,140,50,65,94,166,80,93,178,170,75,172,79,117,102,110,177,40,179,58,161,182,22,195,83,186,54,119,72,71,56,5,141,19,184,70,104,143,153];False
7733;7811;15544;[198,174,23,32,132,87,6,88,38,163,199,78,12,185,167,15,16,160,171,196,182,150,20,190,176,3,157,183,37,138,73,115,25,99,34,35,193,28,8,154,13,46,188,55,44,45,131,47,68,123,106,86,52,91,69,61,53,59,11,57,189,26,175,62,120,2,89,107,48,63,29,164,4,126,41,114,112,165,153,7,77,60,24,0,84,85,66,118,124,51,90,9,197,168,14,142,143,81,36,33,100,111,122,98,139,105,180,67,158,30,64,96,76,134,74,173,116,10,42,27,169,187,39,95,1,125,145,127,128,129,18,181,148,133,103,92,136,137,43,194,146,191,31,82,144,121,162,147,149,152,49,151,97,130,113,155,17,21,108,159,109,135,140,50,65,94,166,80,93,178,170,75,172,79,117,102,110,177,40,179,58,161,192,22,195,83,186,54,119,72,71,56,5,141,19,184,70,104,101,156];False
7741;7795;15536;[198,174,23,32,132,87,6,88,38,163,199,78,12,185,167,15,16,160,171,196,192,150,20,190,176,3,157,183,37,138,73,115,25,99,34,35,193,28,8,154,13,46,188,55,44,45,131,47,68,123,106,86,52,91,69,61,53,59,11,57,189,26,175,62,120,2,89,107,48,63,29,164,4,125,41,114,112,165,153,7,77,60,24,0,84,85,66,118,124,51,90,9,197,168,14,142,101,81,36,33,100,111,122,98,139,105,180,67,158,30,64,96,76,134,74,173,116,10,42,27,169,187,39,95,1,126,145,127,128,129,18,181,148,133,103,92,136,137,43,194,146,191,31,82,144,121,162,147,149,152,49,151,97,130,113,155,17,21,108,159,109,135,140,50,65,94,166,80,93,178,170,75,172,79,117,102,110,177,40,179,58,161,182,22,195,83,186,54,119,72,71,56,5,141,19,184,70,104,143,156];False
7752;7769;15521;[198,174,23,32,132,87,6,88,38,163,199,78,12,185,167,15,16,160,171,196,192,150,20,190,176,3,157,183,37,138,73,115,25,99,34,35,193,28,8,154,13,46,188,55,44,45,131,47,68,123,106,86,52,91,69,61,53,59,11,57,189,26,175,62,120,2,89,107,48,63,29,164,4,126,41,114,112,165,153,7,77,60,24,0,84,85,66,118,124,51,90,9,197,168,14,142,101,81,36,33,102,111,122,98,139,105,180,67,158,30,64,96,76,134,74,173,116,10,42,27,169,187,39,95,1,125,145,127,128,129,18,181,148,133,103,92,136,137,43,194,146,191,31,82,144,121,162,147,149,152,49,151,97,130,113,155,17,21,108,159,109,135,140,50,65,94,166,80,93,178,170,75,172,79,117,100,110,177,40,179,58,161,182,22,195,83,186,54,119,72,71,56,5,141,19,184,70,104,143,156];False
7707;7801;15508;[198,174,23,32,132,87,6,88,38,163,199,78,12,185,167,15,16,160,171,196,192,150,20,190,176,3,157,183,37,138,73,115,25,99,34,35,193,28,8,154,13,46,188,156,44,45,131,47,68,123,106,86,52,91,69,61,53,59,11,57,189,26,175,62,120,2,89,107,48,63,29,164,4,126,41,114,112,165,153,7,77,60,24,0,84,85,66,118,124,51,90,9,197,168,14,142,101,81,36,33,100,111,122,98,139,105,180,67,158,30,64,96,76,134,74,173,116,10,42,27,169,187,39,95,1,125,145,127,128,129,18,181,148,133,103,92,136,137,43,194,146,191,31,82,144,121,162,147,149,152,49,151,97,130,113,155,17,21,108,159,109,135,140,50,65,94,166,80,93,178,170,75,172,79,117,102,110,177,40,179,58,161,182,22,195,83,186,54,119,72,71,56,5,141,19,184,70,104,143,55];False
7663;7843;15506;[198,174,23,32,132,87,6,88,38,163,199,78,12,185,167,15,16,160,171,196,192,150,20,190,176,3,157,183,37,62,126,115,25,99,34,35,193,28,8,154,13,46,188,55,44,45,131,47,68,123,106,86,52,91,69,61,53,59,11,57,189,26,175,138,120,2,89,107,48,63,29,164,4,73,41,114,112,165,153,7,77,60,24,0,84,85,66,118,124,51,90,9,197,168,14,142,101,81,36,33,100,111,122,98,139,105,180,67,158,30,64,96,76,134,74,173,116,10,42,27,169,187,39,95,1,125,145,127,128,129,18,181,148,133,103,92,136,137,43,194,146,191,31,82,144,121,162,147,149,152,49,151,97,130,113,155,17,21,108,159,109,135,140,50,65,94,166,80,93,178,170,75,172,79,117,102,110,177,40,179,58,161,182,22,195,83,186,54,119,72,71,56,5,141,19,184,70,104,143,156];False
7695;7810;15505;[198,174,23,32,132,87,6,88,38,163,199,78,12,185,167,15,48,160,171,196,192,150,20,190,176,3,157,183,37,138,73,115,25,99,34,35,193,28,8,154,13,46,188,55,44,45,131,47,68,123,106,86,52,91,69,61,53,59,11,57,189,26,175,62,120,2,89,107,16,63,29,164,4,126,41,114,112,165,153,7,77,60,24,0,84,85,66,118,124,51,90,9,197,168,14,142,101,81,36,33,100,111,122,98,139,105,180,67,158,30,64,96,76,134,74,173,116,10,42,27,169,187,39,95,1,125,145,127,128,129,18,181,148,133,103,92,136,137,43,194,146,191,31,82,144,121,162,147,149,152,49,151,97,130,113,155,17,21,108,159,109,135,140,50,65,94,166,80,93,178,170,75,172,79,117,102,110,177,40,179,58,161,182,22,195,83,186,54,119,72,71,56,5,141,19,184,70,104,143,156];False
7722;7783;15505;[198,174,23,32,132,87,6,88,38,163,199,78,12,185,167,15,16,160,171,196,192,150,20,190,176,3,157,183,188,138,126,115,25,99,34,35,193,28,8,154,13,46,37,55,44,45,131,47,68,123,106,86,52,91,69,61,53,59,11,57,189,26,175,62,120,2,89,107,48,63,29,164,4,73,41,114,112,165,153,7,77,60,24,0,84,85,66,118,124,51,90,9,197,168,14,142,101,81,36,33,100,111,122,98,139,105,180,67,158,30,64,96,76,134,74,173,116,10,42,27,169,187,39,95,1,125,145,127,128,129,18,181,148,133,103,92,136,137,43,194,146,191,31,82,144,121,162,147,149,152,49,151,97,130,113,155,17,21,108,159,109,135,140,50,65,94,166,80,93,178,170,75,172,79,117,102,110,177,40,179,58,161,182,22,195,83,186,54,119,72,71,56,5,141,19,184,70,104,143,156];False
7700;7802;15502;[198,150,23,32,132,87,6,88,38,163,199,78,12,185,167,15,16,160,171,196,192,174,20,190,176,3,157,183,37,138,73,115,25,99,34,35,193,28,8,154,13,46,188,55,44,45,131,47,68,123,106,86,52,91,69,61,53,59,11,57,189,26,175,62,120,2,89,107,48,63,29,164,4,126,41,114,112,165,153,7,77,60,24,0,84,85,66,118,124,51,90,9,197,168,14,142,101,81,36,33,100,111,122,98,139,105,180,67,158,30,64,96,76,134,74,173,116,10,42,27,169,187,39,95,1,125,145,127,128,129,18,181,148,133,103,92,136,137,43,194,146,191,31,82,144,121,162,147,149,152,49,151,97,130,113,155,17,21,108,159,109,135,140,50,65,94,166,80,93,178,170,75,172,79,117,102,110,177,40,179,58,161,182,22,195,83,186,54,119,72,71,56,5,141,19,184,70,104,143,156];False
7722;7779;15501;[198,174,23,32,132,87,6,89,38,163,199,78,12,185,167,15,16,160,171,196,192,150,20,190,176,3,157,183,37,138,73,115,25,99,34,35,193,28,8,154,13,46,188,55,44,45,131,47,68,123,106,86,52,91,69,61,53,59,11,57,189,26,175,62,120,2,88,107,48,63,29,164,4,126,41,114,112,165,153,7,77,60,24,0,84,85,66,118,124,51,90,9,197,168,14,142,101,81,36,33,100,111,122,98,139,105,180,67,158,30,64,96,76,134,74,173,116,10,42,27,169,187,39,95,1,125,145,127,128,129,18,181,148,133,103,92,136,137,43,194,146,191,31,82,144,121,162,147,149,152,49,151,97,130,113,155,17,21,108,159,109,135,140,50,65,94,166,80,93,178,170,75,172,79,117,102,110,177,40,179,58,161,182,22,195,83,186,54,119,72,71,56,5,141,19,184,70,104,143,156];False
7710;7789;15499;[198,174,23,32,132,87,6,88,38,163,199,78,12,185,167,15,16,160,171,196,192,150,20,190,134,3,157,183,37,138,73,115,25,99,34,35,193,28,8,154,13,46,188,55,44,45,131,47,68,123,106,86,52,91,69,61,53,59,11,57,189,26,175,62,120,2,89,107,48,63,29,164,4,126,41,114,112,165,153,7,77,60,24,0,84,85,66,118,124,51,90,9,197,168,14,142,101,81,36,33,100,111,122,98,139,105,180,67,158,30,64,96,76,176,74,173,116,10,42,27,169,187,39,95,1,125,145,127,128,129,18,181,148,133,103,92,136,137,43,194,146,191,31,82,144,121,162,147,149,152,49,151,97,130,113,155,17,21,108,159,109,135,140,50,65,94,166,80,93,178,170,75,172,79,117,102,110,177,40,179,58,161,182,22,195,83,186,54,119,72,71,56,5,141,19,184,70,104,143,156];False
7683;7814;15497;[198,174,23,32,132,87,6,88,38,163,199,78,12,185,167,15,16,160,171,196,192,150,20,190,176,3,157,183,37,138,73,115,25,99,34,35,193,28,8,154,13,46,188,55,44,45,131,47,68,123,106,86,52,91,69,61,53,59,11,57,189,26,175,62,120,2,89,107,48,63,29,164,4,126,41,114,112,165,153,7,77,60,24,0,84,85,66,118,124,51,90,9,197,168,14,142,101,81,36,33,100,111,122,98,139,105,180,67,158,30,64,96,76,134,74,173,116,10,42,27,169,187,39,95,1,125,145,127,128,129,18,181,148,133,103,92,136,137,43,194,146,191,31,82,177,121,162,147,149,152,49,151,97,130,113,155,17,21,108,159,109,135,140,50,65,94,166,80,93,178,170,75,172,79,117,102,110,144,40,179,58,161,182,22,195,83,186,54,119,72,71,56,5,141,19,184,70,104,143,156];False
7710;7783;15493;[198,174,23,32,7,87,6,88,38,163,199,78,12,185,167,15,16,160,171,196,192,150,20,190,176,3,157,183,37,138,73,115,25,99,34,35,193,28,8,154,13,46,188,55,44,45,131,47,68,123,106,86,52,91,69,61,53,59,11,57,189,26,175,62,120,2,89,107,48,63,29,164,4,126,41,114,112,165,153,132,77,60,24,0,84,85,66,118,124,51,90,9,197,168,14,142,101,81,36,33,100,111,122,98,139,105,180,67,158,30,64,96,76,134,74,173,116,10,42,27,169,187,39,95,1,125,145,127,128,129,18,181,148,133,103,92,136,137,43,194,146,191,31,82,144,121,162,147,149,152,49,151,97,130,113,155,17,21,108,159,109,135,140,50,65,94,166,80,93,178,170,75,172,79,117,102,110,177,40,179,58,161,182,22,195,83,186,54,119,72,71,56,5,141,19,184,70,104,143,156];False
7729;7761;15490;[198,174,23,32,132,87,6,88,38,163,199,78,12,185,167,15,16,160,171,196,182,150,20,190,176,3,157,183,37,138,73,115,25,99,34,35,193,28,8,154,13,46,188,55,44,45,131,47,68,123,106,86,52,91,69,61,53,81,11,57,189,26,175,62,120,2,89,107,48,63,29,164,4,126,41,114,112,165,153,7,77,60,24,0,84,85,66,118,124,51,90,9,197,168,14,142,101,59,36,33,100,111,122,98,139,105,180,67,158,30,64,96,76,134,74,173,116,10,42,27,169,187,39,95,1,125,145,127,128,129,18,181,148,133,103,92,136,137,43,194,146,191,31,82,144,121,162,147,149,152,49,151,97,130,113,155,17,21,108,159,109,135,140,50,65,94,166,80,93,178,170,75,172,79,117,102,110,177,40,179,58,161,192,22,195,83,186,54,119,72,71,56,5,141,19,184,70,104,143,156];False
7625;7862;15487;[198,174,23,32,132,87,6,88,38,163,199,78,12,185,167,15,16,160,171,196,192,150,20,190,176,3,157,183,37,138,73,115,25,99,34,35,193,28,8,154,13,46,188,55,44,45,131,47,68,123,106,86,52,91,69,61,53,59,11,57,189,26,175,62,120,2,89,107,48,63,29,164,4,126,41,114,112,165,153,7,77,60,24,0,84,85,66,118,124,51,90,9,197,168,14,142,101,65,36,33,100,111,122,98,139,105,180,67,158,30,64,96,76,134,74,173,116,10,42,27,169,187,39,95,1,125,145,127,128,129,18,181,148,133,103,92,136,137,43,194,146,191,31,82,144,121,162,147,149,152,49,151,97,130,113,155,17,21,108,159,109,135,140,50,81,94,166,80,93,178,170,75,172,79,117,102,110,177,40,179,58,161,182,22,195,83,186,54,119,72,71,56,5,141,19,184,70,104,143,156];False
7717;7769;15486;[198,174,23,32,132,87,6,88,38,163,199,78,12,185,167,15,16,160,171,196,192,150,20,190,176,3,157,183,37,138,73,115,25,99,34,35,193,28,8,154,13,46,188,55,44,45,131,47,68,123,106,86,52,91,69,61,53,59,11,57,189,26,175,62,120,2,89,107,48,63,29,164,4,126,41,114,112,165,153,7,77,134,24,0,84,85,66,118,124,51,90,9,197,168,14,142,101,81,36,33,100,111,122,98,139,105,180,67,158,30,64,96,76,60,74,173,116,10,42,27,169,187,39,95,1,125,145,127,128,129,18,181,148,133,103,92,136,137,43,194,146,191,31,82,144,121,162,147,149,152,49,151,97,130,113,155,17,21,108,159,109,135,140,50,65,94,166,80,93,178,170,75,172,79,117,102,110,177,40,179,58,161,182,22,195,83,186,54,119,72,71,56,5,141,19,184,70,104,143,156];False
7686;7799;15485;[198,174,23,32,132,87,6,88,38,163,199,78,12,185,167,15,16,160,171,196,192,150,20,190,176,3,157,183,37,138,73,115,25,99,34,35,193,28,8,154,13,46,188,55,44,45,131,47,68,123,106,86,52,91,69,61,53,59,11,57,189,26,175,62,120,2,89,107,48,63,29,164,4,126,41,114,112,165,153,7,77,60,24,0,84,85,90,118,124,51,66,9,197,168,14,142,101,81,36,33,100,111,122,98,139,105,180,67,158,30,64,96,76,134,74,173,116,10,42,27,169,187,39,95,1,125,145,127,128,129,18,181,148,133,103,92,136,137,43,194,146,191,31,82,144,121,162,147,149,152,49,151,97,130,113,155,17,21,108,159,109,135,140,50,65,94,166,80,93,178,170,75,172,79,117,102,110,177,40,179,58,161,182,22,195,83,186,54,119,72,71,56,5,141,19,184,70,104,143,156];False
7614;7870;15484;[198,174,23,32,132,87,6,88,38,163,199,49,12,185,167,15,16,160,147,196,192,150,20,190,176,3,157,120,37,138,126,115,25,99,34,35,193,28,8,154,13,46,188,55,44,45,131,47,68,123,106,86,52,91,69,61,53,59,11,57,189,26,175,62,183,2,89,67,48,63,29,164,4,73,41,114,112,165,153,7,77,60,24,0,84,85,66,118,124,51,90,9,197,168,14,142,101,81,36,33,100,111,122,98,139,105,180,107,158,30,64,96,76,134,74,173,116,10,42,27,169,187,39,95,1,125,145,127,128,129,18,181,148,133,103,92,136,137,43,194,146,191,31,82,144,121,162,171,149,152,78,151,97,130,113,155,17,21,108,159,109,135,140,50,65,94,166,80,93,178,170,75,172,79,117,102,110,177,40,179,58,161,182,22,195,83,186,54,119,72,71,56,5,141,19,184,70,104,143,156];False
7692;7789;15481;[198,174,23,72,132,87,6,88,38,163,199,78,12,185,167,15,16,160,171,196,192,150,20,190,176,3,157,183,37,138,73,115,25,99,34,35,193,28,8,154,13,46,188,55,44,45,131,47,68,123,106,86,52,91,69,61,53,59,11,57,189,26,175,62,120,2,89,107,48,63,29,164,4,126,41,114,112,165,153,7,77,60,24,0,84,85,66,118,124,51,90,9,197,168,14,142,101,81,36,33,100,111,122,98,139,105,180,67,158,30,64,96,76,134,74,173,116,10,42,27,169,187,39,95,1,125,145,127,128,129,18,181,148,133,103,92,136,137,43,194,146,191,31,82,144,121,162,147,149,152,49,151,97,130,113,155,17,21,108,159,109,135,140,50,65,94,166,80,93,178,170,75,172,79,117,102,110,177,40,179,58,161,182,22,195,83,186,54,119,32,71,56,5,141,19,184,70,104,143,156];False
7626;7850;15476;[198,174,23,32,132,87,6,88,38,163,199,78,12,185,167,15,16,160,171,196,182,150,20,190,176,3,157,183,37,138,73,115,25,99,34,35,193,28,8,154,64,46,188,55,44,45,131,47,68,123,106,86,52,91,69,61,53,59,11,57,189,26,175,62,120,2,89,107,48,63,29,164,4,126,41,114,112,165,153,7,77,60,24,0,84,85,66,118,124,51,90,9,197,168,14,142,101,81,36,33,100,111,122,98,139,105,180,67,158,30,13,96,76,134,74,173,116,10,42,27,169,187,39,95,1,125,145,127,128,129,18,181,148,133,103,92,136,137,43,194,146,191,31,82,144,121,162,147,149,152,49,151,97,130,113,155,17,21,108,159,109,135,140,50,65,94,166,80,93,178,170,75,172,79,117,102,110,177,40,179,58,161,192,22,195,83,186,54,119,72,71,56,5,141,19,184,70,104,143,156];False
7634;7841;15475;[198,174,23,32,132,87,6,88,38,99,199,78,12,185,167,15,16,160,171,196,192,150,20,190,176,3,157,183,37,138,73,115,25,163,34,35,193,28,8,154,13,46,188,55,44,45,131,47,68,123,106,86,52,91,69,61,53,59,11,57,189,26,175,62,120,2,89,107,48,63,29,164,4,126,41,114,112,165,153,7,77,60,24,0,84,85,66,118,124,51,90,9,197,168,14,142,101,81,36,33,100,111,122,98,139,105,180,67,158,30,64,96,76,134,74,173,116,10,42,27,169,187,39,95,1,125,145,127,128,129,18,181,148,133,103,92,136,137,43,194,146,191,31,82,144,121,162,147,149,152,49,151,97,130,113,155,17,21,108,159,109,135,140,50,65,94,166,80,93,178,170,75,172,79,117,102,110,177,40,179,58,161,182,22,195,83,186,54,119,72,71,56,5,141,19,184,70,104,143,156];False
7678;7795;15473;[198,174,23,32,132,87,6,88,38,163,199,78,12,185,167,15,16,160,171,196,192,150,20,190,176,3,157,183,37,138,73,115,25,99,34,35,193,28,8,154,13,46,188,55,44,45,131,47,68,123,106,86,52,91,69,61,53,59,11,57,189,26,175,62,120,2,89,107,48,63,29,164,4,126,41,114,112,165,153,7,77,60,24,0,84,85,66,118,124,51,90,9,197,168,14,142,101,81,36,33,100,111,122,98,139,105,180,67,158,30,64,96,76,134,74,173,116,10,42,27,169,187,39,95,1,125,145,127,128,129,18,181,148,133,103,92,136,137,43,147,146,191,31,82,144,121,162,194,149,152,49,151,97,130,113,155,17,21,108,159,109,135,140,50,65,94,166,80,93,178,170,75,172,79,117,102,110,177,40,179,58,161,182,22,195,83,186,54,119,72,71,56,5,141,19,184,70,104,143,156];False
7702;7770;15472;[198,174,23,32,132,87,6,88,38,163,199,78,12,185,167,15,16,160,171,196,182,150,20,190,176,3,157,183,37,138,73,115,25,99,34,35,193,28,8,154,13,46,188,55,44,45,131,47,68,123,106,86,52,91,69,61,53,59,11,57,189,26,175,62,120,2,89,107,48,63,29,82,4,126,41,114,112,165,153,7,77,60,24,0,84,85,66,118,124,51,90,9,197,168,14,142,101,81,36,33,100,111,122,98,139,105,180,67,158,30,64,96,76,134,74,173,116,10,42,27,169,187,39,95,1,125,145,127,128,129,18,181,148,133,103,92,136,137,43,194,146,191,31,164,144,121,162,147,149,152,49,151,97,130,113,155,17,21,108,159,109,135,140,50,65,94,166,80,93,178,170,75,172,79,117,102,110,177,40,179,58,161,192,22,195,83,186,54,119,72,71,56,5,141,19,184,70,104,143,156];False
7566;7904;15470;[198,174,23,32,132,87,6,61,38,163,199,49,12,185,167,15,16,160,147,196,192,150,20,190,176,3,157,183,111,138,126,115,25,99,34,35,193,28,8,154,13,46,188,55,44,45,131,47,68,123,106,86,52,91,69,88,53,59,11,57,189,26,175,62,120,2,89,67,48,63,29,164,4,73,41,114,112,165,153,7,77,60,24,0,84,85,66,118,124,51,90,9,197,168,14,142,101,81,36,33,100,37,122,98,139,105,180,107,158,30,64,96,76,134,74,173,116,10,42,27,169,187,39,95,1,125,145,127,128,129,18,181,148,133,103,92,136,137,43,194,146,191,31,82,144,121,162,171,149,152,78,151,97,130,113,155,17,21,108,159,109,135,140,50,65,94,166,80,93,178,170,75,172,79,117,102,110,177,40,179,58,161,182,22,195,83,186,54,119,72,71,56,5,141,19,184,70,104,143,156];False
7654;7815;15469;[198,174,23,32,132,87,6,88,38,163,199,78,12,185,167,15,16,160,171,196,192,150,20,190,176,3,157,183,37,138,126,115,25,99,34,35,193,28,8,134,13,46,188,55,44,45,131,47,68,123,106,86,52,91,69,61,53,59,11,57,189,26,175,62,120,2,89,107,48,63,29,164,4,73,41,114,112,165,153,7,77,60,24,0,84,85,66,118,124,51,90,9,197,168,14,142,101,81,36,33,100,111,122,98,139,105,180,67,158,30,64,96,76,154,74,173,116,10,42,27,169,187,39,95,1,125,145,127,128,129,18,181,148,133,103,92,136,137,43,194,146,191,31,82,144,121,162,147,149,152,49,151,97,130,113,155,17,21,108,159,109,135,140,50,65,94,166,80,93,178,170,75,172,79,117,102,110,177,40,179,58,161,182,22,195,83,186,54,119,72,71,56,5,141,19,184,70,104,143,156];False
7458;8008;15466;[198,174,23,32,132,87,6,61,38,163,199,49,12,185,167,15,16,160,147,196,192,150,20,190,176,3,157,183,37,138,126,115,25,99,34,35,193,28,8,154,13,46,188,55,44,45,131,47,68,123,106,86,52,91,69,88,53,59,11,57,189,26,175,62,120,2,89,67,48,30,29,164,4,73,41,114,112,165,153,7,77,60,24,0,84,85,66,118,124,51,90,9,197,168,14,187,101,81,36,33,100,111,122,98,139,105,180,107,158,63,64,96,76,134,74,173,116,10,42,27,169,142,39,95,1,125,145,127,128,129,18,181,148,133,103,92,136,137,43,194,146,191,31,82,144,121,162,171,149,152,78,151,97,130,113,155,17,21,108,159,109,135,140,50,65,94,166,80,93,178,170,75,172,79,117,102,110,177,40,179,58,161,182,22,195,83,186,54,119,72,71,56,5,141,19,184,70,104,143,156];False
7699;7766;15465;[198,174,23,32,132,87,6,88,38,163,199,78,12,185,167,15,16,160,171,196,182,150,20,190,176,3,157,183,37,138,73,115,25,99,34,35,193,28,8,154,13,46,188,55,44,45,131,47,68,123,106,86,52,91,69,61,53,59,11,57,189,26,175,62,120,2,89,107,48,63,29,164,4,126,41,114,112,165,153,7,77,60,24,0,84,85,66,118,124,51,90,9,197,168,14,142,101,81,36,33,100,111,122,98,139,105,180,67,158,30,64,96,76,134,74,173,116,10,42,27,169,187,39,95,1,125,145,127,128,129,18,181,148,133,103,92,136,137,43,194,146,191,31,82,144,121,162,147,149,152,186,151,97,130,113,155,17,21,108,159,109,135,140,50,65,94,166,80,93,178,170,75,172,79,117,102,110,177,40,179,58,161,192,22,195,83,49,54,119,72,71,56,5,141,19,184,70,104,143,156];True
7605;7857;15462;[198,174,23,32,132,87,6,88,38,163,199,78,12,185,167,15,16,160,171,196,192,150,20,190,176,3,157,183,37,138,73,115,25,99,34,35,193,28,8,154,13,46,188,55,44,45,131,47,68,123,106,86,52,91,69,61,53,59,11,57,189,26,175,62,120,2,89,107,48,5,29,164,4,126,41,114,112,165,153,7,77,60,24,0,84,85,66,118,124,51,90,9,197,168,14,142,101,81,36,33,100,111,122,98,139,105,180,67,158,30,64,96,76,134,74,173,116,10,42,27,169,187,39,95,1,125,145,127,128,129,18,181,148,133,103,92,136,137,43,194,146,191,31,82,144,121,162,147,149,152,49,151,97,130,113,155,17,21,108,159,109,135,140,50,65,94,166,80,93,178,170,75,172,79,117,102,110,177,40,179,58,161,182,22,195,83,186,54,119,72,71,56,63,141,19,184,70,104,143,156];False
7708;7753;15461;[198,174,23,32,132,87,6,88,38,163,199,78,12,185,167,15,16,160,171,196,182,150,20,190,176,3,157,183,37,138,73,115,25,99,34,35,193,28,8,154,13,46,188,55,44,45,131,47,68,123,106,86,52,91,69,61,53,59,11,57,189,26,175,62,120,2,89,107,48,63,29,164,4,126,41,114,112,165,153,7,77,60,24,0,84,85,66,118,124,51,90,9,197,168,14,142,101,81,36,33,100,111,122,98,139,105,180,67,158,30,64,96,76,134,74,173,116,10,42,27,169,187,39,95,1,125,145,127,128,129,18,181,148,133,103,92,136,137,43,194,146,191,31,82,144,121,162,147,149,152,49,151,97,130,113,155,17,21,108,159,109,135,140,50,65,94,166,80,93,178,170,75,172,79,117,102,110,177,40,179,58,161,192,22,195,83,186,54,119,72,71,56,5,141,19,184,70,104,143,156];True
7642;7813;15455;[198,174,23,32,132,87,6,88,38,163,199,78,12,185,167,15,16,160,171,196,192,150,20,190,176,3,157,183,37,138,73,115,25,99,34,35,193,28,8,154,13,46,188,55,44,45,131,47,68,123,106,86,52,91,69,61,53,59,11,30,189,26,175,62,120,2,89,107,48,63,29,164,4,126,41,114,112,165,153,7,77,60,24,0,84,85,66,118,124,51,90,9,197,168,14,142,101,81,36,33,100,111,122,98,139,105,180,67,158,57,64,96,76,134,74,173,116,10,42,27,169,187,39,95,1,125,145,127,128,129,18,181,148,133,103,92,136,137,43,194,146,191,31,82,144,121,162,147,149,152,49,151,97,130,113,155,17,21,108,159,109,135,140,50,65,94,166,80,93,178,170,75,172,79,117,102,110,177,40,179,58,161,182,22,195,83,186,54,119,72,71,56,5,141,19,184,70,104,143,156];False
7657;7797;15454;[198,174,23,32,132,87,6,88,38,163,199,78,12,185,167,15,16,160,171,194,192,150,20,190,176,3,157,183,37,138,73,115,25,99,34,35,193,28,8,154,13,46,188,55,44,45,131,47,68,123,106,86,52,91,69,61,53,59,11,57,189,26,175,62,120,2,89,107,48,63,29,164,4,126,41,114,112,165,153,7,77,60,24,0,84,85,66,118,124,51,90,9,197,168,14,142,101,81,36,33,100,111,122,98,139,105,180,67,158,30,64,96,76,134,74,173,116,10,42,27,169,187,39,95,1,125,145,127,128,129,18,181,148,133,103,92,136,137,43,196,146,191,31,82,144,121,162,147,149,152,49,151,97,130,113,155,17,21,108,159,109,135,140,50,65,94,166,80,93,178,170,75,172,79,117,102,110,177,40,179,58,161,182,22,195,83,186,54,119,72,71,56,5,141,19,184,70,104,143,156];False
7676;7776;15452;[198,174,23,134,132,87,6,88,38,163,199,78,12,185,167,15,16,160,171,196,192,150,20,190,176,3,157,183,37,138,73,115,25,99,34,35,193,28,8,154,13,46,188,55,44,45,131,47,68,123,106,86,52,91,69,61,53,59,11,57,189,26,175,62,120,2,89,107,48,63,29,164,4,126,41,114,112,165,153,7,77,60,24,0,84,85,66,118,124,51,90,9,197,168,14,142,101,81,36,33,100,111,122,98,139,105,180,67,158,30,64,96,76,32,74,173,116,10,42,27,169,187,39,95,1,125,145,127,128,129,18,181,148,133,103,92,136,137,43,194,146,191,31,82,144,121,162,147,149,152,49,151,97,130,113,155,17,21,108,159,109,135,140,50,65,94,166,80,93,178,170,75,172,79,117,102,110,177,40,179,58,161,182,22,195,83,186,54,119,72,71,56,5,141,19,184,70,104,143,156];False
7632;7819;15451;[198,174,23,32,132,87,6,88,38,163,199,78,12,185,167,15,16,160,171,196,192,150,20,190,176,3,157,183,37,138,73,115,25,99,34,35,193,28,8,154,13,46,188,55,44,45,131,47,68,123,106,86,52,91,69,61,53,59,11,57,189,26,175,62,120,2,89,107,48,63,29,164,4,126,41,114,112,165,153,7,77,60,24,0,84,85,66,118,22,51,90,9,197,168,14,142,101,81,36,33,100,111,122,98,139,105,180,67,158,30,64,96,76,134,74,173,116,10,42,27,169,187,39,95,1,125,145,127,128,129,18,181,148,133,103,92,136,137,43,194,146,191,31,82,144,121,162,147,149,152,49,151,97,130,113,155,17,21,108,159,109,135,140,50,65,94,166,80,93,178,170,75,172,79,117,102,110,177,40,179,58,161,182,124,195,83,186,54,119,72,71,56,5,141,19,184,70,104,143,156];False
7667;7780;15447;[198,174,23,32,132,87,6,88,38,163,199,78,12,185,167,15,16,160,171,196,182,150,20,190,176,3,157,183,37,138,73,115,25,99,34,35,193,28,8,154,13,46,188,55,44,45,131,47,68,123,106,86,52,91,69,61,53,59,11,57,189,26,175,62,120,2,89,107,48,63,29,164,4,126,41,114,197,165,153,7,77,60,24,0,84,85,66,118,124,51,90,9,112,168,14,142,101,81,36,33,100,111,122,98,139,105,180,67,158,30,64,96,76,134,74,173,116,10,42,27,169,187,39,95,1,125,145,127,128,129,18,181,148,133,103,92,136,137,43,194,146,191,31,82,144,121,162,147,149,152,49,151,97,130,113,155,17,21,108,159,109,135,140,50,65,94,166,80,93,178,170,75,172,79,117,102,110,177,40,179,58,161,192,22,195,83,186,54,119,72,71,56,5,141,19,184,70,104,143,156];False
7616;7830;15446;[198,174,23,32,132,87,6,88,38,163,199,78,12,185,167,15,16,160,171,196,192,150,20,190,176,3,157,183,37,138,73,115,25,99,34,35,193,28,8,154,13,46,188,55,44,45,131,47,68,123,106,86,52,91,69,61,53,59,11,64,189,26,175,62,120,2,89,107,48,63,29,164,4,126,41,114,112,165,153,7,77,60,24,0,84,85,66,118,124,51,90,9,197,168,14,142,101,81,36,33,100,111,122,98,139,105,180,67,158,30,57,96,76,134,74,173,116,10,42,27,169,187,39,95,1,125,145,127,128,129,18,181,148,133,103,92,136,137,43,194,146,191,31,82,144,121,162,147,149,152,49,151,97,130,113,155,17,21,108,159,109,135,140,50,65,94,166,80,93,178,170,75,172,79,117,102,110,177,40,179,58,161,182,22,195,83,186,54,119,72,71,56,5,141,19,184,70,104,143,156];False
7664;7775;15439;[198,174,23,32,132,87,6,88,38,163,199,78,12,185,167,15,16,160,171,196,192,150,20,190,176,3,157,183,37,138,73,115,25,99,34,35,193,28,8,154,13,46,188,55,44,45,131,47,68,123,106,86,52,91,69,61,53,59,11,57,189,26,175,62,120,2,89,107,48,63,29,164,4,126,41,114,112,165,153,7,77,60,24,0,84,85,66,118,168,51,90,9,197,124,14,142,101,81,36,33,100,111,122,98,139,105,180,67,158,30,64,96,76,134,74,173,116,10,42,27,169,187,39,95,1,125,145,127,128,129,18,181,148,133,103,92,136,137,43,194,146,191,31,82,144,121,162,147,149,152,49,151,97,130,113,155,17,21,108,159,109,135,140,50,65,94,166,80,93,178,170,75,172,79,117,102,110,177,40,179,58,161,182,22,195,83,186,54,119,72,71,56,5,141,19,184,70,104,143,156];False
7646;7791;15437;[198,174,23,32,132,87,6,88,38,163,199,78,12,185,167,15,16,160,171,196,33,150,20,190,176,3,157,183,37,138,126,115,25,99,34,35,193,28,8,154,13,46,188,55,44,45,131,47,68,123,106,86,52,91,69,61,53,59,11,57,189,26,175,62,120,2,89,107,48,63,29,164,4,73,41,114,112,165,153,7,77,60,24,0,84,85,66,118,124,51,90,9,197,168,14,142,101,81,36,192,100,111,122,98,139,105,180,67,158,30,64,96,76,134,74,173,116,10,42,27,169,187,39,95,1,125,145,127,128,129,18,181,148,133,103,92,136,137,43,194,146,191,31,82,144,121,162,147,149,152,49,151,97,130,113,155,17,21,108,159,109,135,140,50,65,94,166,80,93,178,170,75,172,79,117,102,110,177,40,179,58,161,182,22,195,83,186,54,119,72,71,56,5,141,19,184,70,104,143,156];False
7629;7805;15434;[198,174,23,32,132,87,6,88,38,163,199,78,12,185,167,15,16,160,171,196,192,150,20,190,176,3,157,183,37,138,126,115,25,99,34,35,193,28,8,154,13,46,188,55,44,45,131,47,68,123,106,86,52,91,69,61,53,59,11,57,189,26,175,62,120,2,89,107,118,63,29,164,4,73,41,114,112,165,153,7,77,60,24,0,84,85,66,48,124,51,90,9,197,168,14,142,101,81,36,33,100,111,122,98,139,105,180,67,158,30,64,96,76,134,74,173,116,10,42,27,169,187,39,95,1,125,145,127,128,129,18,181,148,133,103,92,136,137,43,194,146,191,31,82,144,121,162,147,149,152,49,151,97,130,113,155,17,21,108,159,109,135,140,50,65,94,166,80,93,178,170,75,172,79,117,102,110,177,40,179,58,161,182,22,195,83,186,54,119,72,71,56,5,141,19,184,70,104,143,156];False
7613;7816;15429;[198,3,23,32,132,87,6,88,38,163,199,78,12,185,167,15,16,160,171,196,192,150,20,190,176,174,157,183,37,138,126,115,25,99,34,35,193,28,8,154,13,46,188,55,44,45,131,47,68,123,106,86,52,91,69,61,53,59,11,57,189,26,175,62,120,2,89,107,48,63,29,164,4,73,41,114,112,165,153,7,77,60,24,0,84,85,66,118,124,51,90,9,197,168,14,142,101,81,36,33,100,111,122,98,139,105,180,67,158,30,64,96,76,134,74,173,116,10,42,27,169,187,39,95,1,125,145,127,128,129,18,181,148,133,103,92,136,137,43,194,146,191,31,82,144,121,162,147,149,152,49,151,97,130,113,155,17,21,108,159,109,135,140,50,65,94,166,80,93,178,170,75,172,79,117,102,110,177,40,179,58,161,182,22,195,83,186,54,119,72,71,56,5,141,19,184,70,104,143,156];False
7647;7779;15426;[198,174,23,32,132,87,145,88,38,163,199,78,12,185,167,15,16,160,171,196,192,150,20,190,176,3,157,183,37,138,73,115,25,99,34,35,193,28,8,154,13,46,188,55,44,45,131,47,68,123,106,86,52,91,69,61,53,59,11,57,189,26,175,62,120,2,89,107,48,63,29,164,4,126,41,114,112,165,153,7,77,60,24,0,84,85,66,118,124,51,90,9,197,168,14,142,101,81,36,33,100,111,122,98,139,105,180,67,158,30,64,96,76,134,74,173,116,10,42,27,169,187,39,95,1,125,6,127,128,129,18,181,148,133,103,92,136,137,43,194,146,191,31,82,144,121,162,147,149,152,49,151,97,130,113,155,17,21,108,159,109,135,140,50,65,94,166,80,93,178,170,75,172,79,117,102,110,177,40,179,58,161,182,22,195,83,186,54,119,72,71,56,5,141,19,184,70,104,143,156];False
7625;7792;15417;[198,174,23,32,132,87,6,88,38,163,199,78,12,185,72,15,16,160,171,196,192,150,20,190,176,3,157,183,37,138,126,115,25,99,34,35,193,28,8,154,13,46,188,55,44,45,131,47,68,123,106,86,52,91,69,61,53,59,11,57,189,26,175,62,120,2,89,107,48,63,29,164,4,73,41,114,112,165,153,7,77,60,24,0,84,85,66,118,124,51,90,9,197,168,14,142,101,81,36,33,100,111,122,98,139,105,180,67,158,30,64,96,76,134,74,173,116,10,42,27,169,187,39,95,1,125,145,127,128,129,18,181,148,133,103,92,136,137,43,194,146,191,31,82,144,121,162,147,149,152,49,151,97,130,113,155,17,21,108,159,109,135,140,50,65,94,166,80,93,178,170,75,172,79,117,102,110,177,40,179,58,161,182,22,195,83,186,54,119,167,71,56,5,141,19,184,70,104,143,156];False
7591;7821;15412;[198,174,23,32,132,48,6,88,38,163,199,78,12,185,167,15,16,160,171,196,192,150,20,190,176,3,157,183,37,138,126,115,25,99,34,35,193,28,8,154,13,46,188,55,44,45,131,47,68,123,106,86,52,91,69,61,53,59,11,57,189,26,175,62,120,2,89,107,87,63,29,164,4,73,41,114,112,165,153,7,77,60,24,0,84,85,66,118,124,51,90,9,197,168,14,142,101,81,36,33,100,111,122,98,139,105,180,67,158,30,64,96,76,134,74,173,116,10,42,27,169,187,39,95,1,125,145,127,128,129,18,181,148,133,103,92,136,137,43,194,146,191,31,82,144,121,162,147,149,152,49,151,97,130,113,155,17,21,108,159,109,135,140,50,65,94,166,80,93,178,170,75,172,79,117,102,110,177,40,179,58,161,182,22,195,83,186,54,119,72,71,56,5,141,19,184,70,104,143,156];False
7598;7809;15407;[198,174,23,32,132,87,6,88,38,163,199,78,12,185,167,15,16,160,171,196,192,150,20,190,176,3,157,183,37,138,126,115,31,99,34,35,193,28,8,154,13,46,188,55,44,45,131,47,68,123,106,86,52,91,69,61,53,59,11,57,189,26,175,62,120,2,89,107,48,63,29,164,4,73,41,114,112,165,153,7,77,60,24,0,84,85,66,118,124,51,90,9,197,168,14,142,101,81,36,33,100,111,122,98,139,105,180,67,158,30,64,96,76,134,74,173,116,10,42,27,169,187,39,95,1,125,145,127,128,129,18,181,148,133,103,92,136,137,43,194,146,191,25,82,144,121,162,147,149,152,49,151,97,130,113,155,17,21,108,159,109,135,140,50,65,94,166,80,93,178,170,75,172,79,117,102,110,177,40,179,58,161,182,22,195,83,186,54,119,72,71,56,5,141,19,184,70,104,143,156];False
7633;7774;15407;[198,174,23,32,132,87,6,88,38,163,199,78,12,185,167,15,16,160,171,196,192,150,20,190,176,3,157,183,37,138,73,115,25,99,34,35,193,28,8,154,13,46,188,55,44,45,131,47,68,123,106,86,52,91,69,61,53,59,11,57,189,26,175,62,120,2,89,107,48,63,29,164,4,126,41,114,112,165,153,7,77,60,24,0,84,85,66,118,124,51,90,9,197,168,14,142,101,81,36,184,100,111,122,98,139,105,180,67,158,30,64,96,76,134,74,173,116,10,42,27,169,187,39,95,1,125,145,127,128,129,18,181,148,133,103,92,136,137,43,194,146,191,31,82,144,121,162,147,149,152,49,151,97,130,113,155,17,21,108,159,109,135,140,50,65,94,166,80,93,178,170,75,172,79,117,102,110,177,40,179,58,161,182,22,195,83,186,54,119,72,71,56,5,141,19,33,70,104,143,156];False
7601;7804;15405;[198,174,23,32,132,87,6,88,38,163,199,78,12,185,167,15,16,160,171,196,192,150,20,190,176,3,157,183,37,138,126,115,25,99,34,35,193,28,8,154,13,46,67,55,44,45,131,47,68,123,106,86,52,91,69,61,53,59,11,57,189,26,175,62,120,2,89,107,48,63,29,164,4,73,41,114,112,165,153,7,77,60,24,0,84,85,66,118,124,51,90,9,197,168,14,142,101,81,36,33,100,111,122,98,139,105,180,188,158,30,64,96,76,134,74,173,116,10,42,27,169,187,39,95,1,125,145,127,128,129,18,181,148,133,103,92,136,137,43,194,146,191,31,82,144,121,162,147,149,152,49,151,97,130,113,155,17,21,108,159,109,135,140,50,65,94,166,80,93,178,170,75,172,79,117,102,110,177,40,179,58,161,182,22,195,83,186,54,119,72,71,56,5,141,19,184,70,104,143,156];False
7561;7843;15404;[198,174,23,32,132,87,6,88,38,163,199,49,12,185,167,21,16,160,147,196,192,150,20,190,176,3,157,183,37,138,126,115,25,99,34,35,193,28,8,154,13,46,188,55,44,45,131,47,68,123,106,86,52,91,69,61,53,59,11,57,189,26,175,62,120,2,89,67,48,63,29,164,4,73,41,114,112,165,153,7,77,60,24,0,84,85,66,118,124,51,90,9,197,168,14,142,101,81,36,33,100,111,122,98,139,105,180,107,158,30,64,96,76,134,74,173,116,10,42,27,169,187,39,95,1,125,145,127,128,129,18,181,148,133,103,92,136,137,43,194,146,191,31,82,144,121,162,171,149,152,78,151,97,130,113,155,17,15,108,159,109,135,140,50,65,94,166,80,93,178,170,75,172,79,117,102,110,177,40,179,58,161,182,22,195,83,186,54,119,72,71,56,5,141,19,184,70,104,143,156];False
7590;7810;15400;[198,174,23,32,132,121,6,88,38,163,199,78,12,185,167,15,16,160,171,196,192,150,20,190,176,3,157,183,37,138,126,115,25,99,34,35,193,28,8,154,13,46,188,55,44,45,131,47,68,123,106,86,52,91,69,61,53,59,11,57,189,26,175,62,120,2,89,107,48,63,29,164,4,73,41,114,112,165,153,7,77,60,24,0,84,85,66,118,124,51,90,9,197,168,14,142,101,81,36,33,100,111,122,98,139,105,180,67,158,30,64,96,76,134,74,173,116,10,42,27,169,187,39,95,1,125,145,127,128,129,18,181,148,133,103,92,136,137,43,194,146,191,31,82,144,87,162,147,149,152,49,151,97,130,113,155,17,21,108,159,109,135,140,50,65,94,166,80,93,178,170,75,172,79,117,102,110,177,40,179,58,161,182,22,195,83,186,54,119,72,71,56,5,141,19,184,70,104,143,156];False
7598;7798;15396;[198,174,23,32,132,87,6,88,38,163,199,78,12,185,167,15,16,160,171,196,192,150,20,190,176,3,157,183,37,138,126,115,25,99,34,35,193,28,8,154,13,46,188,55,44,45,131,47,68,123,106,86,52,91,69,61,53,59,11,57,189,26,175,62,120,2,89,107,48,63,29,164,4,73,41,114,112,165,153,7,77,60,24,0,84,85,66,118,124,51,90,9,197,168,14,142,101,81,36,33,100,111,122,98,139,105,180,67,158,30,64,96,76,134,74,173,116,10,42,27,169,187,39,95,1,125,145,127,128,129,18,181,148,133,103,92,136,137,43,194,146,191,31,82,144,121,162,147,149,152,49,151,97,130,113,155,17,21,108,159,109,135,140,50,65,94,166,80,93,178,170,75,172,79,117,102,110,177,40,179,58,161,182,186,195,83,22,54,119,72,71,56,5,141,19,184,70,104,143,156];False
7608;7787;15395;[198,174,23,32,132,87,6,88,38,163,199,78,12,185,167,15,16,160,171,196,192,150,20,190,176,3,157,183,37,138,73,115,25,99,34,35,193,28,8,154,13,46,188,55,44,45,131,47,68,123,106,86,52,91,69,61,53,59,11,57,189,26,175,62,120,2,89,107,48,63,29,164,145,126,41,114,112,165,153,7,77,60,24,0,84,85,66,118,124,51,90,9,197,168,14,142,101,81,36,33,100,111,122,98,139,105,180,67,158,30,64,96,76,134,74,173,116,10,42,27,169,187,39,95,1,125,4,127,128,129,18,181,148,133,103,92,136,137,43,194,146,191,31,82,144,121,162,147,149,152,49,151,97,130,113,155,17,21,108,159,109,135,140,50,65,94,166,80,93,178,170,75,172,79,117,102,110,177,40,179,58,161,182,22,195,83,186,54,119,72,71,56,5,141,19,184,70,104,143,156];False
7626;7768;15394;[198,174,23,32,132,87,6,88,38,163,199,78,12,185,167,15,16,160,171,196,192,150,20,190,176,3,157,183,37,138,73,115,25,99,34,35,193,28,8,154,13,46,188,55,44,45,131,47,68,123,106,86,52,91,69,61,53,59,11,57,189,26,175,62,120,2,89,107,48,63,29,164,4,126,41,114,112,165,153,7,77,60,24,0,84,85,66,118,124,51,90,9,197,168,14,142,101,81,36,33,100,111,122,98,139,105,180,67,158,30,64,96,76,134,74,173,116,10,42,27,169,187,39,95,1,125,145,127,128,129,18,181,148,133,103,92,136,137,43,194,146,191,31,82,144,121,162,147,149,152,49,151,97,130,113,155,17,21,108,159,109,135,140,50,65,94,166,80,93,178,170,75,172,79,117,102,110,177,40,179,58,161,182,22,195,83,186,54,119,72,71,56,5,141,19,184,70,104,143,156];True
7563;7830;15393;[198,174,23,32,132,87,6,88,38,163,199,78,12,185,167,15,16,160,171,196,192,150,20,190,176,3,157,183,37,138,126,115,25,99,34,35,193,28,8,154,13,46,188,55,44,45,131,47,68,123,106,86,52,91,69,61,53,59,11,57,189,26,175,62,120,164,89,107,48,63,29,2,4,73,41,114,112,165,153,7,77,60,24,0,84,85,66,118,124,51,90,9,197,168,14,142,101,81,36,33,100,111,122,98,139,105,180,67,158,30,64,96,76,134,74,173,116,10,42,27,169,187,39,95,1,125,145,127,128,129,18,181,148,133,103,92,136,137,43,194,146,191,31,82,144,121,162,147,149,152,49,151,97,130,113,155,17,21,108,159,109,135,140,50,65,94,166,80,93,178,170,75,172,79,117,102,110,177,40,179,58,161,182,22,195,83,186,54,119,72,71,56,5,141,19,184,70,104,143,156];False
7605;7788;15393;[198,174,23,32,132,87,6,88,38,163,199,78,12,185,167,15,16,160,171,196,192,150,20,147,176,3,157,183,37,138,126,115,25,99,34,35,193,28,8,154,13,46,188,55,44,45,131,47,68,123,106,86,52,91,69,61,53,59,11,57,189,26,175,62,120,2,89,107,48,63,29,164,4,73,41,114,112,165,153,7,77,60,24,0,84,85,66,118,124,51,90,9,197,168,14,142,101,81,36,33,100,111,122,98,139,105,180,67,158,30,64,96,76,134,74,173,116,10,42,27,169,187,39,95,1,125,145,127,128,129,18,181,148,133,103,92,136,137,43,194,146,191,31,82,144,121,162,190,149,152,49,151,97,130,113,155,17,21,108,159,109,135,140,50,65,94,166,80,93,178,170,75,172,79,117,102,110,177,40,179,58,161,182,22,195,83,186,54,119,72,71,56,5,141,19,184,70,104,143,156];False
7502;7879;15381;[198,174,23,32,132,103,6,61,38,163,199,49,12,185,167,15,16,160,147,196,192,150,20,190,176,3,157,183,37,138,126,115,25,99,34,35,193,28,8,154,13,46,188,55,44,45,131,47,68,123,106,86,52,91,69,88,53,59,11,57,189,26,175,62,120,2,89,67,48,63,29,164,4,73,41,114,112,165,153,7,77,60,24,0,84,85,66,118,124,51,90,9,197,168,14,142,101,81,36,33,100,111,122,98,139,105,180,107,158,30,64,96,76,134,74,173,116,10,42,27,169,187,39,95,1,125,145,127,128,129,18,181,148,133,87,92,136,137,43,194,146,191,31,82,144,121,162,171,149,152,78,151,97,130,113,155,17,21,108,159,109,135,140,50,65,94,166,80,93,178,170,75,172,79,117,102,110,177,40,179,58,161,182,22,195,83,186,54,119,72,71,56,5,141,19,184,70,104,143,156];False
7573;7805;15378;[198,174,23,32,132,87,134,88,38,163,199,78,12,185,167,15,16,160,171,196,192,150,20,190,176,3,157,183,37,138,126,115,25,99,34,35,193,28,8,154,13,46,188,55,44,45,131,47,68,123,106,86,52,91,69,61,53,59,11,57,189,26,175,62,120,2,89,107,48,63,29,164,4,73,41,114,112,165,153,7,77,60,24,0,84,85,66,118,124,51,90,9,197,168,14,142,101,81,36,33,100,111,122,98,139,105,180,67,158,30,64,96,76,6,74,173,116,10,42,27,169,187,39,95,1,125,145,127,128,129,18,181,148,133,103,92,136,137,43,194,146,191,31,82,144,121,162,147,149,152,49,151,97,130,113,155,17,21,108,159,109,135,140,50,65,94,166,80,93,178,170,75,172,79,117,102,110,177,40,179,58,161,182,22,195,83,186,54,119,72,71,56,5,141,19,184,70,104,143,156];False
7606;7772;15378;[198,174,23,32,132,87,6,88,38,163,199,78,12,185,167,15,16,160,171,196,192,150,20,190,176,3,157,183,37,138,126,115,25,99,34,35,193,28,8,154,13,46,188,55,44,45,131,47,68,123,106,86,52,91,69,61,53,59,11,57,189,26,175,62,120,2,89,107,48,63,29,164,4,73,41,114,112,165,153,7,77,60,24,0,84,85,66,118,124,51,90,9,197,168,14,142,101,129,36,33,100,111,122,98,139,105,180,67,158,30,64,96,76,134,74,173,116,10,42,27,169,187,39,95,1,125,145,127,128,81,18,181,148,133,103,92,136,137,43,194,146,191,31,82,144,121,162,147,149,152,49,151,97,130,113,155,17,21,108,159,109,135,140,50,65,94,166,80,93,178,170,75,172,79,117,102,110,177,40,179,58,161,182,22,195,83,186,54,119,72,71,56,5,141,19,184,70,104,143,156];False
7562;7814;15376;[198,174,23,32,132,87,6,88,38,163,199,78,12,185,167,15,16,160,171,196,192,150,20,177,176,3,157,183,37,138,126,115,25,99,34,35,193,28,8,154,13,46,188,55,44,45,131,47,68,123,106,86,52,91,69,61,53,59,11,57,189,26,175,62,120,2,89,107,48,63,29,164,4,73,41,114,112,165,153,7,77,60,24,0,84,85,66,118,124,51,90,9,197,168,14,142,101,81,36,33,100,111,122,98,139,105,180,67,158,30,64,96,76,134,74,173,116,10,42,27,169,187,39,95,1,125,145,127,128,129,18,181,148,133,103,92,136,137,43,194,146,191,31,82,144,121,162,147,149,152,49,151,97,130,113,155,17,21,108,159,109,135,140,50,65,94,166,80,93,178,170,75,172,79,117,102,110,190,40,179,58,161,182,22,195,83,186,54,119,72,71,56,5,141,19,184,70,104,143,156];False
7554;7819;15373;[198,174,23,32,132,87,6,88,38,163,199,14,12,185,167,15,16,160,171,196,192,150,20,190,176,3,157,183,37,138,126,115,25,99,34,35,193,28,8,154,13,46,188,55,44,45,131,47,68,123,106,86,52,91,69,61,53,59,11,57,189,26,175,62,120,2,89,107,48,63,29,164,4,73,41,114,112,165,153,7,77,60,24,0,84,85,66,118,124,51,90,9,197,168,78,142,101,81,36,33,100,111,122,98,139,105,180,67,158,30,64,96,76,134,74,173,116,10,42,27,169,187,39,95,1,125,145,127,128,129,18,181,148,133,103,92,136,137,43,194,146,191,31,82,144,121,162,147,149,152,49,151,97,130,113,155,17,21,108,159,109,135,140,50,65,94,166,80,93,178,170,75,172,79,117,102,110,177,40,179,58,161,182,22,195,83,186,54,119,72,71,56,5,141,19,184,70,104,143,156];False
7558;7815;15373;[198,174,23,32,132,87,6,43,38,163,199,78,12,185,167,15,16,160,171,196,192,150,20,190,176,3,157,183,37,138,73,115,25,99,34,35,193,28,8,154,13,46,188,55,44,45,131,47,68,123,106,86,52,91,69,61,53,59,11,57,189,26,175,62,120,2,89,107,48,63,29,164,4,126,41,114,112,165,153,7,77,60,24,0,84,85,66,118,124,51,90,9,197,168,14,142,101,81,36,33,100,111,122,98,139,105,180,67,158,30,64,96,76,134,74,173,116,10,42,27,169,187,39,95,1,125,145,127,128,129,18,181,148,133,103,92,136,137,88,194,146,191,31,82,144,121,162,147,149,152,49,151,97,130,113,155,17,21,108,159,109,135,140,50,65,94,166,80,93,178,170,75,172,79,117,102,110,177,40,179,58,161,182,22,195,83,186,54,119,72,71,56,5,141,19,184,70,104,143,156];False
7601;7772;15373;[198,174,23,32,132,87,6,88,38,163,199,78,12,185,167,15,16,160,171,196,192,150,20,190,176,3,157,183,37,138,73,115,25,99,34,35,193,28,8,154,13,46,188,55,44,45,131,47,68,123,106,86,52,91,69,61,53,59,11,57,189,26,175,62,120,2,89,107,48,63,29,164,4,126,41,114,112,165,153,7,182,60,24,0,84,85,66,118,124,51,90,9,197,168,14,142,101,81,36,33,100,111,122,98,139,105,180,67,158,30,64,96,76,134,74,173,116,10,42,27,169,187,39,95,1,125,145,127,128,129,18,181,148,133,103,92,136,137,43,194,146,191,31,82,144,121,162,147,149,152,49,151,97,130,113,155,17,21,108,159,109,135,140,50,65,94,166,80,93,178,170,75,172,79,117,102,110,177,40,179,58,161,77,22,195,83,186,54,119,72,71,56,5,141,19,184,70,104,143,156];False
7405;7967;15372;[198,174,23,32,132,87,6,61,38,163,199,49,12,185,167,15,16,160,147,196,192,150,20,190,176,3,157,183,37,138,126,115,25,99,34,35,152,28,8,154,13,46,188,55,44,30,131,47,68,123,106,86,52,91,69,88,53,59,11,57,189,7,175,62,120,2,89,67,48,63,29,164,4,73,41,114,112,165,153,26,77,60,24,0,84,85,66,118,124,51,90,9,197,168,14,187,101,81,36,33,100,111,122,98,139,105,180,107,158,45,64,96,76,134,74,173,116,10,42,27,169,142,39,95,1,125,145,127,128,129,18,181,148,133,103,92,136,137,43,194,146,191,31,82,144,121,162,171,149,193,78,151,97,130,113,155,17,21,108,159,109,135,140,50,65,94,166,80,93,178,170,75,172,79,117,102,110,177,40,179,58,161,182,22,195,83,186,54,119,72,71,56,5,141,19,184,70,104,143,156];False
7596;7772;15368;[198,174,23,32,132,87,6,88,38,163,199,78,12,185,167,15,16,160,171,196,192,150,20,190,176,3,157,183,37,138,126,115,25,99,34,35,193,28,8,98,13,46,188,55,44,45,131,47,68,123,106,86,52,91,69,61,53,59,11,57,189,26,175,62,120,2,89,107,48,63,29,164,4,73,41,114,112,165,153,7,77,60,24,0,84,85,66,118,124,51,90,9,197,168,14,142,101,81,36,33,100,111,122,154,139,105,180,67,158,30,64,96,76,134,74,173,116,10,42,27,169,187,39,95,1,125,145,127,128,129,18,181,148,133,103,92,136,137,43,194,146,191,31,82,144,121,162,147,149,152,49,151,97,130,113,155,17,21,108,159,109,135,140,50,65,94,166,80,93,178,170,75,172,79,117,102,110,177,40,179,58,161,182,22,195,83,186,54,119,72,71,56,5,141,19,184,70,104,143,156];False
7587;7779;15366;[198,174,23,32,132,87,6,88,38,163,22,78,12,185,167,15,16,160,171,196,192,150,20,190,176,3,157,183,37,138,126,115,25,99,34,35,193,28,8,154,13,46,188,55,44,45,131,47,68,123,106,86,52,91,69,61,53,59,11,57,189,26,175,62,120,2,89,107,48,63,29,164,4,73,41,114,112,165,153,7,77,60,24,0,84,85,66,118,124,51,90,9,197,168,14,142,101,81,36,33,100,111,122,98,139,105,180,67,158,30,64,96,76,134,74,173,116,10,42,27,169,187,39,95,1,125,145,127,128,129,18,181,148,133,103,92,136,137,43,194,146,191,31,82,144,121,162,147,149,152,49,151,97,130,113,155,17,21,108,159,109,135,140,50,65,94,166,80,93,178,170,75,172,79,117,102,110,177,40,179,58,161,182,199,195,83,186,54,119,72,71,56,5,141,19,184,70,104,143,156];False
7588;7778;15366;[198,174,23,32,132,87,6,88,38,163,199,78,12,185,167,15,16,84,171,196,192,150,20,190,176,3,157,183,37,138,73,115,25,99,34,35,193,28,8,154,13,46,188,55,44,45,131,47,68,123,106,86,52,91,69,61,53,59,11,57,189,26,175,62,120,2,89,107,48,63,29,164,4,126,41,114,112,165,153,7,77,60,24,0,160,85,66,118,124,51,90,9,197,168,14,142,101,81,36,33,100,111,122,98,139,105,180,67,158,30,64,96,76,134,74,173,116,10,42,27,169,187,39,95,1,125,145,127,128,129,18,181,148,133,103,92,136,137,43,194,146,191,31,82,144,121,162,147,149,152,49,151,97,130,113,155,17,21,108,159,109,135,140,50,65,94,166,80,93,178,170,75,172,79,117,102,110,177,40,179,58,161,182,22,195,83,186,54,119,72,71,56,5,141,19,184,70,104,143,156];False
7489;7874;15363;[198,174,23,32,132,87,6,61,38,163,199,49,12,185,167,15,16,160,147,196,192,150,20,190,176,3,157,183,37,138,126,115,25,99,34,35,193,28,8,154,13,46,188,55,44,45,131,47,68,123,106,86,52,91,69,88,53,59,11,57,189,26,175,62,120,2,89,67,48,63,29,164,4,73,41,114,112,165,153,7,77,60,24,0,84,85,66,118,124,51,90,9,197,168,14,142,101,81,36,33,100,111,122,98,139,105,180,107,158,30,64,96,76,134,74,173,116,10,42,27,169,187,39,95,1,146,145,127,128,129,18,181,148,133,103,92,136,137,43,194,125,191,31,82,144,121,162,171,149,152,78,151,97,130,113,155,17,21,108,159,109,135,140,50,65,94,166,80,93,178,170,75,172,79,117,102,110,177,40,179,58,161,182,22,195,83,186,54,119,72,71,56,5,141,19,184,70,104,143,156];False
7527;7834;15361;[198,174,23,32,132,87,6,88,38,163,199,78,12,185,167,15,16,160,171,196,192,150,20,190,176,3,157,183,37,138,126,115,25,99,34,35,193,28,8,154,13,46,188,55,44,45,131,47,68,123,106,21,52,91,69,61,53,59,11,57,189,26,175,62,120,2,89,107,48,63,29,164,4,73,41,114,112,165,153,7,77,60,24,0,84,85,66,118,124,51,90,9,197,168,14,142,101,81,36,33,100,111,122,98,139,105,180,67,158,30,64,96,76,134,74,173,116,10,42,27,169,187,39,95,1,125,145,127,128,129,18,181,148,133,103,92,136,137,43,194,146,191,31,82,144,121,162,147,149,152,49,151,97,130,113,155,17,86,108,159,109,135,140,50,65,94,166,80,93,178,170,75,172,79,117,102,110,177,40,179,58,161,182,22,195,83,186,54,119,72,71,56,5,141,19,184,70,104,143,156];False
7487;7869;15356;[198,174,23,32,132,87,6,61,38,163,199,49,12,185,167,15,16,160,147,196,192,150,20,190,176,3,157,183,37,138,126,115,25,99,34,35,193,28,8,154,13,46,188,55,44,45,93,47,68,123,106,86,52,91,69,88,53,59,11,57,189,26,175,62,120,2,89,67,48,63,29,164,4,73,41,114,112,165,153,7,77,60,24,0,84,85,66,118,124,51,90,9,197,168,14,142,101,81,36,33,100,111,122,98,139,105,180,107,158,30,64,96,76,134,74,173,116,10,42,27,169,187,39,95,1,125,145,127,128,129,18,181,148,133,103,92,136,137,43,194,146,191,31,82,144,121,162,171,149,152,78,151,97,130,113,155,17,21,108,159,109,135,140,50,65,94,166,80,131,178,170,75,172,79,117,102,110,177,40,179,58,161,182,22,195,83,186,54,119,72,71,56,5,141,19,184,70,104,143,156];False
7520;7834;15354;[198,174,23,32,132,87,6,61,38,163,199,49,12,185,167,15,16,160,147,196,192,150,20,190,176,3,157,183,37,138,126,115,25,99,34,35,193,28,8,154,13,46,188,55,44,45,131,47,68,123,106,86,52,91,69,88,53,59,11,57,189,26,175,62,120,2,89,67,48,63,29,164,4,73,41,114,112,165,153,7,77,60,24,0,84,85,66,118,31,51,90,9,197,168,14,142,101,81,36,33,100,111,122,98,139,105,180,107,158,30,64,96,76,134,74,173,116,10,42,27,169,187,39,95,1,125,145,127,128,129,18,181,148,133,103,92,136,137,43,194,146,191,124,82,144,121,162,171,149,152,78,151,97,130,113,155,17,21,108,159,109,135,140,50,65,94,166,80,93,178,170,75,172,79,117,102,110,177,40,179,58,161,182,22,195,83,186,54,119,72,71,56,5,141,19,184,70,104,143,156];False
7537;7816;15353;[198,174,23,32,132,87,6,88,38,163,199,78,12,61,167,15,16,160,171,196,192,150,20,190,176,3,157,183,37,138,73,115,25,99,34,35,193,28,8,154,13,46,188,55,44,45,131,47,68,123,106,86,52,91,69,185,53,59,11,57,189,26,175,62,120,2,89,107,48,63,29,164,4,126,41,114,112,165,153,7,77,60,24,0,84,85,66,118,124,51,90,9,197,168,14,142,101,81,36,33,100,111,122,98,139,105,180,67,158,30,64,96,76,134,74,173,116,10,42,27,169,187,39,95,1,125,145,127,128,129,18,181,148,133,103,92,136,137,43,194,146,191,31,82,144,121,162,147,149,152,49,151,97,130,113,155,17,21,108,159,109,135,140,50,65,94,166,80,93,178,170,75,172,79,117,102,110,177,40,179,58,161,182,22,195,83,186,54,119,72,71,56,5,141,19,184,70,104,143,156];False
7553;7798;15351;[198,174,23,32,132,87,6,88,38,163,199,78,12,185,167,15,16,160,171,196,192,150,20,190,176,3,157,183,37,138,126,115,25,99,34,35,193,28,119,154,13,46,188,55,44,45,131,47,68,123,106,86,52,91,69,61,53,59,11,57,189,26,175,62,120,2,89,107,48,63,29,164,4,73,41,114,112,165,153,7,77,60,24,0,84,85,66,118,124,51,90,9,197,168,14,142,101,81,36,33,100,111,122,98,139,105,180,67,158,30,64,96,76,134,74,173,116,10,42,27,169,187,39,95,1,125,145,127,128,129,18,181,148,133,103,92,136,137,43,194,146,191,31,82,144,121,162,147,149,152,49,151,97,130,113,155,17,21,108,159,109,135,140,50,65,94,166,80,93,178,170,75,172,79,117,102,110,177,40,179,58,161,182,22,195,83,186,54,8,72,71,56,5,141,19,184,70,104,143,156];False
7540;7811;15351;[198,174,23,32,132,87,6,88,38,163,199,78,12,185,167,15,16,160,171,196,192,150,20,190,176,3,157,183,37,138,126,115,25,99,34,35,193,28,8,154,13,46,188,55,44,45,131,47,68,123,106,86,52,91,69,61,53,59,11,57,189,26,175,62,120,2,89,107,48,63,29,164,4,73,41,114,97,165,153,7,77,60,24,0,84,85,66,118,124,51,90,9,197,168,14,142,101,81,36,33,100,111,122,98,139,105,180,67,158,30,64,96,76,134,74,173,116,10,42,27,169,187,39,95,1,125,145,127,128,129,18,181,148,133,103,92,136,137,43,194,146,191,31,82,144,121,162,147,149,152,49,151,112,130,113,155,17,21,108,159,109,135,140,50,65,94,166,80,93,178,170,75,172,79,117,102,110,177,40,179,58,161,182,22,195,83,186,54,119,72,71,56,5,141,19,184,70,104,143,156];False
7481;7867;15348;[198,174,23,32,132,87,6,88,38,163,199,78,12,185,167,15,16,160,147,196,192,150,20,190,176,3,157,183,37,138,126,115,25,99,34,35,193,28,8,154,13,46,188,55,44,45,131,47,68,123,106,86,52,91,69,61,53,59,11,57,189,26,175,62,120,2,89,107,48,63,29,164,4,73,41,114,112,165,153,7,77,60,24,0,84,85,66,118,124,51,90,9,96,168,14,142,101,81,36,33,100,111,122,98,139,105,180,67,158,30,64,197,76,134,74,173,116,10,42,27,169,187,39,95,1,125,145,127,128,129,18,181,148,133,103,92,136,137,43,194,146,191,31,82,144,121,162,171,149,152,49,151,97,130,113,155,17,21,108,159,109,135,140,50,65,94,166,80,93,178,170,75,172,79,117,102,110,177,40,179,58,161,182,22,195,83,186,54,119,72,71,56,5,141,19,184,70,104,143,156];False
7524;7816;15340;[198,174,23,32,132,87,6,88,38,163,199,78,12,185,167,15,16,160,171,196,192,150,20,190,176,3,157,183,37,138,126,115,25,99,34,35,193,28,8,154,13,46,188,55,44,45,131,47,68,123,106,86,52,91,69,61,53,59,11,57,189,26,175,62,120,2,89,107,48,63,29,164,4,73,41,114,112,165,153,7,77,60,24,0,84,85,66,118,124,51,90,9,197,168,14,142,101,81,36,33,100,111,122,98,139,105,180,67,158,30,64,96,76,134,74,173,116,10,42,27,169,187,39,104,1,125,145,127,128,129,18,181,148,133,103,92,136,137,43,194,146,191,31,82,144,121,162,147,149,152,49,151,97,130,113,155,17,21,108,159,109,135,140,50,65,94,166,80,93,178,170,75,172,79,117,102,110,177,40,179,58,161,182,22,195,83,186,54,119,72,71,56,5,141,19,184,70,95,143,156];False
7530;7809;15339;[198,174,23,32,132,87,6,88,38,163,199,78,12,185,167,15,16,160,171,196,192,150,20,190,176,3,106,183,37,138,126,115,25,99,34,35,193,28,8,154,13,46,188,55,44,45,131,47,68,123,157,86,52,91,69,61,53,59,11,57,189,26,175,62,120,2,89,107,48,63,29,164,4,73,41,114,112,165,153,7,77,60,24,0,84,85,66,118,124,51,90,9,197,168,14,142,101,81,36,33,100,111,122,98,139,105,180,67,158,30,64,96,76,134,74,173,116,10,42,27,169,187,39,95,1,125,145,127,128,129,18,181,148,133,103,92,136,137,43,194,146,191,31,82,144,121,162,147,149,152,49,151,97,130,113,155,17,21,108,159,109,135,140,50,65,94,166,80,93,178,170,75,172,79,117,102,110,177,40,179,58,161,182,22,195,83,186,54,119,72,71,56,5,141,19,184,70,104,143,156];False
7530;7808;15338;[198,174,23,32,132,87,6,88,38,163,199,49,12,185,167,15,16,160,147,196,192,150,20,190,176,3,157,183,37,138,126,115,25,99,34,35,193,28,8,154,13,46,188,55,44,45,131,47,68,123,106,86,52,91,69,61,53,59,11,57,189,26,175,62,120,2,89,107,48,63,29,164,4,73,41,114,112,165,153,7,77,60,24,0,84,85,66,118,124,51,90,9,197,168,144,142,101,81,36,33,100,111,122,98,139,105,180,67,158,30,64,96,76,134,74,173,116,10,42,27,169,187,39,95,1,125,145,127,128,129,18,181,148,133,103,92,136,137,43,194,146,191,31,82,14,121,162,171,149,152,78,151,97,130,113,155,17,21,108,159,109,135,140,50,65,94,166,80,93,178,170,75,172,79,117,102,110,177,40,179,58,161,182,22,195,83,186,54,119,72,71,56,5,141,19,184,70,104,143,156];False
7544;7792;15336;[198,174,23,32,132,87,6,88,38,163,199,78,12,185,167,15,16,160,171,196,192,150,20,190,176,3,157,183,37,138,73,115,25,99,34,35,193,28,8,154,13,46,188,55,44,45,131,7,68,123,106,86,52,91,69,61,53,59,11,57,189,26,175,62,120,2,89,107,48,63,29,164,4,126,41,114,112,165,153,47,77,60,24,0,84,85,66,118,124,51,90,9,197,168,14,142,101,81,36,33,100,111,122,98,139,105,180,67,158,30,64,96,76,134,74,173,116,10,42,27,169,187,39,95,1,125,145,127,128,129,18,181,148,133,103,92,136,137,43,194,146,191,31,82,144,121,162,147,149,152,49,151,97,130,113,155,17,21,108,159,109,135,140,50,65,94,166,80,93,178,170,75,172,79,117,102,110,177,40,179,58,161,182,22,195,83,186,54,119,72,71,56,5,141,19,184,70,104,143,156];False
7499;7836;15335;[198,174,23,32,132,87,6,88,38,163,199,78,12,185,167,15,16,160,147,196,192,150,20,190,176,3,157,183,37,138,126,115,25,99,34,35,193,28,8,154,13,46,188,55,44,45,131,47,68,123,106,86,52,91,69,61,53,59,11,57,189,26,175,62,120,2,89,107,48,63,29,164,4,73,41,114,112,165,153,7,77,60,24,0,84,85,66,118,124,51,90,9,197,168,14,142,101,81,36,33,100,111,122,98,139,161,180,67,158,30,64,96,76,134,74,173,116,10,42,27,169,187,39,95,1,125,145,127,128,129,18,181,148,133,103,92,136,137,43,194,146,191,31,82,144,121,162,171,149,152,49,151,97,130,113,155,17,21,108,159,109,135,140,50,65,94,166,80,93,178,170,75,172,79,117,102,110,177,40,179,58,105,182,22,195,83,186,54,119,72,71,56,5,141,19,184,70,104,143,156];False
7483;7851;15334;[198,174,23,32,132,87,6,88,38,163,199,78,12,185,167,15,16,160,147,196,192,150,20,190,176,3,157,183,37,138,126,115,25,99,34,35,193,28,8,154,13,46,188,55,44,45,131,47,68,123,106,86,52,91,69,61,53,59,11,57,189,26,175,62,120,2,89,107,48,63,29,164,4,73,41,114,112,165,153,7,77,60,24,0,84,85,66,118,124,51,90,9,197,168,14,142,101,81,36,33,100,111,122,98,139,105,180,21,158,30,64,96,76,134,74,173,116,10,42,27,169,187,39,95,1,125,145,127,128,129,18,181,148,133,103,92,136,137,43,194,146,191,31,82,144,121,162,171,149,152,49,151,97,130,113,155,17,67,108,159,109,135,140,50,65,94,166,80,93,178,170,75,172,79,117,102,110,177,40,179,58,161,182,22,195,83,186,54,119,72,71,56,5,141,19,184,70,104,143,156];False
7519;7809;15328;[198,174,23,32,132,87,6,88,38,163,199,78,12,185,167,15,16,160,147,196,192,150,20,190,176,3,157,183,37,171,126,115,25,99,34,35,193,28,8,154,13,46,188,55,44,45,131,47,68,123,106,86,52,91,69,61,53,59,11,57,189,26,175,62,120,2,89,107,48,63,29,164,4,73,41,114,112,165,153,7,77,60,24,0,84,85,66,118,124,51,90,9,197,168,14,142,101,81,36,33,100,111,122,98,139,105,180,67,158,30,64,96,76,134,74,173,116,10,42,27,169,187,39,95,1,125,145,127,128,129,18,181,148,133,103,92,136,137,43,194,146,191,31,82,144,121,162,138,149,152,49,151,97,130,113,155,17,21,108,159,109,135,140,50,65,94,166,80,93,178,170,75,172,79,117,102,110,177,40,179,58,161,182,22,195,83,186,54,119,72,71,56,5,141,19,184,70,104,143,156];False
7457;7869;15326;[198,174,23,32,132,87,6,88,38,163,199,49,12,185,167,15,16,160,147,196,192,150,20,190,176,3,157,183,37,138,126,115,25,99,34,35,193,28,8,154,13,46,188,55,78,45,131,47,68,123,106,86,52,91,69,61,53,59,11,57,189,26,175,62,120,2,89,67,48,63,29,164,4,73,41,114,112,165,153,7,77,60,24,0,84,85,66,118,124,51,90,9,197,168,14,142,101,81,36,33,100,111,122,98,139,105,180,107,158,30,64,96,76,134,74,173,116,10,42,27,169,187,39,95,1,125,145,127,128,129,18,181,148,133,103,92,136,137,43,194,146,191,31,82,144,121,162,171,149,152,44,151,97,130,113,155,17,21,108,159,109,135,140,50,65,94,166,80,93,178,170,75,172,79,117,102,110,177,40,179,58,161,182,22,195,83,186,54,119,72,71,56,5,141,19,184,70,104,143,156];False
7442;7882;15324;[183,174,23,32,132,87,6,61,38,163,199,49,12,185,167,15,16,160,147,196,192,150,20,190,176,3,157,198,37,138,126,115,25,99,34,35,193,28,8,154,13,46,188,55,44,45,131,47,68,123,106,86,52,91,69,88,53,59,11,57,189,26,175,62,120,2,89,67,48,63,29,164,4,73,41,114,112,165,153,7,77,60,24,0,84,85,66,118,124,51,90,9,197,168,14,187,101,81,36,33,100,111,122,98,139,105,180,107,158,30,64,96,76,134,74,173,116,10,42,27,169,142,39,95,1,125,145,127,128,129,18,181,148,133,103,92,136,137,43,194,146,191,31,82,144,121,162,171,149,152,78,151,97,130,113,155,17,21,108,159,109,135,140,50,65,94,166,80,93,178,170,75,172,79,117,102,110,177,40,179,58,161,182,22,195,83,186,54,119,72,71,56,5,141,19,184,70,104,143,156];False
7536;7785;15321;[198,174,23,32,132,87,6,88,38,163,199,78,12,185,167,15,16,160,171,196,192,150,20,190,176,3,157,183,37,138,126,115,25,99,34,35,193,28,8,154,13,46,188,55,44,45,131,47,68,123,106,86,52,91,69,61,53,59,11,57,189,26,175,62,120,2,89,107,48,63,29,164,156,73,41,114,112,165,153,7,77,60,24,0,84,85,66,118,124,51,90,9,197,168,14,142,101,81,36,33,100,111,122,98,139,105,180,67,158,30,64,96,76,134,74,173,116,10,42,27,169,187,39,95,1,125,145,127,128,129,18,181,148,133,103,92,136,137,43,194,146,191,31,82,144,121,162,147,149,152,49,151,97,130,113,155,17,21,108,159,109,135,140,50,65,94,166,80,93,178,170,75,172,79,117,102,110,177,40,179,58,161,182,22,195,83,186,54,119,72,71,56,5,141,19,184,70,104,143,4];False
7468;7852;15320;[198,174,23,32,132,87,6,88,38,163,199,78,12,185,167,15,16,160,147,196,192,150,20,190,176,3,157,183,37,138,126,115,25,99,34,35,193,28,8,154,13,46,188,55,44,45,131,47,68,123,106,86,52,91,69,61,53,59,11,57,189,26,175,62,33,2,89,107,48,63,29,164,4,73,41,114,112,165,153,7,77,60,24,0,84,85,66,118,124,51,90,9,197,168,14,142,101,81,36,120,100,111,122,98,139,105,180,67,158,30,64,96,76,134,74,173,116,10,42,27,169,187,39,95,1,125,145,127,128,129,18,181,148,133,103,92,136,137,43,194,146,191,31,82,144,121,162,171,149,152,49,151,97,130,113,155,17,21,108,159,109,135,140,50,65,94,166,80,93,178,170,75,172,79,117,102,110,177,40,179,58,161,182,22,195,83,186,54,119,72,71,56,5,141,19,184,70,104,143,156];False
7540;7778;15318;[198,174,23,32,132,87,6,88,38,163,199,78,12,185,167,15,16,160,171,196,192,150,20,190,176,3,157,183,37,138,126,115,25,99,34,35,193,28,8,154,13,46,188,55,44,45,131,47,68,123,106,86,52,91,69,61,53,59,11,57,189,26,175,62,120,2,89,107,48,63,29,164,4,73,41,114,112,165,153,7,77,60,24,0,84,85,66,118,124,31,90,9,197,168,14,142,101,81,36,33,100,111,122,98,139,105,180,67,158,30,64,96,76,134,74,173,116,10,42,27,169,187,39,95,1,125,145,127,128,129,18,181,148,133,103,92,136,137,43,194,146,191,51,82,144,121,162,147,149,152,49,151,97,130,113,155,17,21,108,159,109,135,140,50,65,94,166,80,93,178,170,75,172,79,117,102,110,177,40,179,58,161,182,22,195,83,186,54,119,72,71,56,5,141,19,184,70,104,143,156];False
7519;7797;15316;[198,174,23,32,132,87,6,88,38,163,199,49,12,185,167,15,16,160,147,196,192,150,20,190,176,3,157,183,37,138,126,115,25,99,34,35,193,28,8,154,13,46,188,55,44,45,131,47,68,123,106,86,52,91,69,61,53,59,11,57,189,26,175,62,120,2,89,107,48,63,29,164,4,73,41,114,112,165,153,7,77,60,24,0,84,85,66,118,124,51,90,9,197,168,14,142,101,81,36,33,100,111,122,98,139,105,180,67,158,30,64,96,76,134,74,173,116,10,42,27,169,187,39,95,1,125,113,127,128,129,18,181,148,133,103,92,136,137,43,194,146,191,31,82,144,121,162,171,149,152,78,151,97,130,145,155,17,21,108,159,109,135,140,50,65,94,166,80,93,178,170,75,172,79,117,102,110,177,40,179,58,161,182,22,195,83,186,54,119,72,71,56,5,141,19,184,70,104,143,156];False
7523;7792;15315;[198,174,23,32,132,87,6,88,38,163,199,78,12,185,167,15,16,160,171,196,192,150,20,190,176,3,157,183,37,138,126,115,25,99,34,35,193,28,56,154,13,46,188,55,44,45,131,47,68,123,106,86,52,91,69,61,53,59,11,57,189,26,175,62,120,2,89,107,48,63,29,164,4,73,41,114,112,165,153,7,77,60,24,0,84,85,66,118,124,51,90,9,197,168,14,142,101,81,36,33,100,111,122,98,139,105,180,67,158,30,64,96,76,134,74,173,116,10,42,27,169,187,39,95,1,125,145,127,128,129,18,181,148,133,103,92,136,137,43,194,146,191,31,82,144,121,162,147,149,152,49,151,97,130,113,155,17,21,108,159,109,135,140,50,65,94,166,80,93,178,170,75,172,79,117,102,110,177,40,179,58,161,182,22,195,83,186,54,119,72,71,8,5,141,19,184,70,104,143,156];False
7443;7871;15314;[198,174,23,32,132,87,6,61,38,163,199,49,12,185,167,15,16,160,147,196,192,150,20,190,176,3,157,183,37,138,126,115,25,99,34,35,193,28,8,154,13,46,188,55,44,45,131,47,68,123,106,86,149,91,69,88,53,59,11,57,189,7,175,62,120,2,89,67,48,63,29,164,4,73,41,114,112,165,153,26,77,60,24,0,84,85,66,118,124,51,90,9,197,168,14,187,101,81,36,33,100,111,122,98,139,105,180,107,158,30,64,96,76,134,74,173,116,10,42,27,169,142,39,95,1,125,145,127,128,129,18,181,148,133,103,92,136,137,43,194,146,191,31,82,144,121,162,171,52,152,78,151,97,130,113,155,17,21,108,159,109,135,140,50,65,94,166,80,93,178,170,75,172,79,117,102,110,177,40,179,58,161,182,22,195,83,186,54,119,72,71,56,5,141,19,184,70,104,143,156];False
7497;7813;15310;[198,174,23,32,132,87,6,88,38,163,199,78,12,185,167,15,16,160,147,196,192,150,20,190,176,3,157,183,37,138,126,115,25,99,34,35,193,28,8,154,13,46,188,55,44,45,131,47,68,123,106,86,52,91,69,61,53,59,11,57,189,26,175,62,120,2,89,107,48,63,29,164,4,73,41,114,112,165,153,7,77,60,24,0,84,85,66,118,124,51,90,9,197,168,14,142,101,81,36,33,100,111,122,98,139,105,180,67,158,30,64,96,76,134,74,173,116,10,42,27,169,187,39,95,1,125,145,149,128,129,18,181,148,133,103,92,136,137,43,194,146,191,31,82,144,121,162,171,127,152,49,151,97,130,113,155,17,21,108,159,109,135,140,50,65,94,166,80,93,178,170,75,172,79,117,102,110,177,40,179,58,161,182,22,195,83,186,54,119,72,71,56,5,141,19,184,70,104,143,156];False
7520;7788;15308;[198,174,23,32,132,87,6,88,38,163,199,78,12,185,167,15,16,160,171,196,192,150,20,190,176,3,157,183,37,138,126,115,25,99,34,35,193,28,8,154,13,46,188,55,44,45,131,47,68,123,106,86,52,91,69,61,53,59,11,57,189,26,175,62,120,2,89,107,48,63,29,164,4,73,41,114,112,165,153,7,77,60,24,0,84,85,66,118,124,51,90,9,197,168,14,142,101,81,36,33,100,111,122,98,139,105,180,133,158,30,64,96,76,134,74,173,116,10,42,27,169,187,39,95,1,125,145,127,128,129,18,181,148,67,103,92,136,137,43,194,146,191,31,82,144,121,162,147,149,152,49,151,97,130,113,155,17,21,108,159,109,135,140,50,65,94,166,80,93,178,170,75,172,79,117,102,110,177,40,179,58,161,182,22,195,83,186,54,119,72,71,56,5,141,19,184,70,104,143,156];False
7368;7936;15304;[198,174,23,32,132,87,6,88,38,163,199,78,12,185,167,15,16,160,147,196,192,150,20,190,176,3,157,183,37,138,126,115,25,99,34,35,193,28,8,154,13,46,188,55,44,45,131,47,68,123,106,86,52,91,69,61,53,59,11,57,189,26,175,62,120,2,89,107,48,63,29,164,4,73,41,114,112,165,153,7,77,60,24,0,84,85,66,118,124,51,90,9,197,168,14,142,101,81,36,33,100,111,122,98,139,105,180,67,158,30,71,96,76,134,74,173,116,10,42,27,169,187,39,95,1,125,145,127,128,129,18,181,148,133,103,92,136,137,43,194,146,191,31,82,144,121,162,171,149,152,49,151,97,130,113,155,17,21,108,159,109,135,140,50,65,94,166,80,93,178,170,75,172,79,117,102,110,177,40,179,58,161,182,22,195,83,186,54,119,72,64,56,5,141,19,184,70,104,143,156];False
7436;7868;15304;[198,174,23,32,132,87,6,61,38,163,199,49,12,185,167,15,16,160,147,196,192,150,20,190,176,3,157,183,37,138,126,115,25,99,34,35,193,28,8,154,13,46,188,55,44,45,131,47,68,123,106,86,52,91,69,88,53,59,11,57,189,26,175,62,120,2,89,67,48,63,29,164,4,73,41,170,112,165,153,7,77,60,24,0,84,85,66,118,124,51,90,9,197,168,14,187,101,81,36,33,100,111,122,98,139,105,180,107,158,30,64,96,76,134,74,173,116,10,42,27,169,142,39,95,1,125,145,127,128,129,18,181,148,133,103,92,136,137,43,194,146,191,31,82,144,121,162,171,149,152,78,151,97,130,113,155,17,21,108,159,109,135,140,50,65,94,166,80,93,178,114,75,172,79,117,102,110,177,40,179,58,161,182,22,195,83,186,54,119,72,71,56,5,141,19,184,70,104,143,156];False
7499;7801;15300;[198,174,23,32,132,87,6,88,38,163,199,78,12,185,167,15,16,160,147,196,192,150,20,190,176,3,157,183,37,138,126,115,25,99,34,35,193,28,8,154,13,46,188,72,44,45,131,47,68,123,106,86,52,91,69,61,53,59,11,57,189,26,175,62,120,2,89,107,48,63,29,164,4,73,41,114,112,165,153,7,77,60,24,0,84,85,66,118,124,51,90,9,197,168,14,142,101,81,36,33,100,111,122,98,139,105,180,67,158,30,64,96,76,134,74,173,116,10,42,27,169,187,39,95,1,125,145,127,128,129,18,181,148,133,103,92,136,137,43,194,146,191,31,82,144,121,162,171,149,152,49,151,97,130,113,155,17,21,108,159,109,135,140,50,65,94,166,80,93,178,170,75,172,79,117,102,110,177,40,179,58,161,182,22,195,83,186,54,119,55,71,56,5,141,19,184,70,104,143,156];False
7390;7908;15298;[198,174,23,32,132,87,6,61,38,163,199,49,12,185,167,15,16,160,147,196,192,150,20,190,176,3,157,183,37,138,126,115,25,99,34,35,193,28,8,154,13,46,188,55,44,45,131,47,68,123,106,86,52,91,168,88,53,59,11,57,189,7,175,62,120,2,89,67,48,63,29,164,4,73,41,114,112,165,153,26,77,60,24,0,84,85,66,118,124,51,90,9,197,69,14,187,101,81,36,33,100,111,122,98,139,105,180,107,158,30,64,96,76,134,74,173,116,10,42,27,169,142,39,95,1,125,145,127,128,129,18,181,148,133,103,92,136,137,43,194,146,191,31,82,144,121,162,171,149,152,78,151,97,130,113,155,17,21,108,159,109,135,140,50,65,94,166,80,93,178,170,75,172,79,117,102,110,177,40,179,58,161,182,22,195,83,186,54,119,72,71,56,5,141,19,184,70,104,143,156];False
7408;7889;15297;[198,174,23,32,132,87,6,61,38,163,199,49,12,185,167,15,16,160,147,196,137,150,20,190,176,3,157,183,37,138,126,115,25,99,34,35,193,28,8,154,13,46,188,55,44,45,131,47,68,123,106,86,52,91,69,88,53,59,11,57,189,7,175,62,120,2,89,67,48,63,29,164,4,73,41,114,112,165,153,26,77,60,24,0,84,85,66,118,124,51,90,9,197,168,14,187,101,81,36,33,100,111,122,98,139,105,180,107,158,30,64,96,76,134,74,173,116,10,42,27,169,142,39,95,1,125,145,127,128,129,18,181,148,133,103,92,136,192,43,194,146,191,31,82,144,121,162,171,149,152,78,151,97,130,113,155,17,21,108,159,109,135,140,50,65,94,166,80,93,178,170,75,172,79,117,102,110,177,40,179,58,161,182,22,195,83,186,54,119,72,71,56,5,141,19,184,70,104,143,156];False
7401;7894;15295;[198,174,23,32,132,87,6,61,38,163,199,49,12,185,167,15,16,160,147,196,192,150,20,190,176,3,157,183,37,138,126,115,25,99,34,35,193,28,8,154,13,46,188,55,44,45,131,47,68,123,106,86,52,91,69,88,53,59,11,57,189,26,175,62,120,2,89,67,48,63,29,164,4,73,41,114,112,165,153,7,77,60,24,0,84,85,66,118,124,51,90,9,197,168,14,142,101,81,36,33,100,111,122,98,139,105,180,107,158,83,64,96,76,134,74,173,116,10,42,27,169,187,39,95,1,125,145,127,128,129,18,181,148,133,103,92,136,137,43,194,146,191,31,82,144,121,162,171,149,152,78,151,97,130,113,155,17,21,108,159,109,135,140,50,65,94,166,80,93,178,170,75,172,79,117,102,110,177,40,179,58,161,182,22,195,30,186,54,119,72,71,56,5,141,19,184,70,104,143,156];False
7494;7801;15295;[198,174,23,32,132,87,6,88,38,163,199,78,12,185,167,15,16,160,147,196,192,150,20,190,176,3,157,183,86,138,126,115,25,99,34,35,193,28,8,154,13,46,188,55,44,45,131,47,68,123,106,37,52,91,69,61,53,59,11,57,189,26,175,62,120,2,89,107,48,63,29,164,4,73,41,114,112,165,153,7,77,60,24,0,84,85,66,118,124,51,90,9,197,168,14,142,101,81,36,33,100,111,122,98,139,105,180,67,158,30,64,96,76,134,74,173,116,10,42,27,169,187,39,95,1,125,145,127,128,129,18,181,148,133,103,92,136,137,43,194,146,191,31,82,144,121,162,171,149,152,49,151,97,130,113,155,17,21,108,159,109,135,140,50,65,94,166,80,93,178,170,75,172,79,117,102,110,177,40,179,58,161,182,22,195,83,186,54,119,72,71,56,5,141,19,184,70,104,143,156];False
7479;7811;15290;[198,174,23,32,132,87,6,88,38,163,199,78,12,185,167,15,16,160,171,196,192,150,20,190,176,3,157,183,37,138,126,115,25,99,34,35,193,28,8,154,13,46,188,55,44,45,131,47,68,123,106,86,52,91,69,61,53,59,11,57,189,26,175,62,120,2,89,107,48,63,29,164,4,73,41,114,112,165,153,7,77,60,24,0,84,85,66,118,124,51,90,9,197,168,14,142,101,81,36,33,100,111,122,98,139,105,180,67,158,30,64,96,76,134,74,173,116,10,42,27,94,187,39,95,1,125,145,127,128,129,18,181,148,133,103,92,136,137,43,194,146,191,31,82,144,121,162,147,149,152,49,151,97,130,113,155,17,21,108,159,109,135,140,50,65,169,166,80,93,178,170,75,172,79,117,102,110,177,40,179,58,161,182,22,195,83,186,54,119,72,71,56,5,141,19,184,70,104,143,156];False
7499;7791;15290;[198,174,23,32,132,87,6,88,38,163,199,78,12,185,167,15,16,160,171,196,192,150,50,190,176,3,157,183,37,138,73,115,25,99,34,35,193,28,8,154,13,46,188,55,44,45,131,47,68,123,106,86,52,91,69,61,53,59,11,57,189,26,175,62,120,2,89,107,48,63,29,164,4,126,41,114,112,165,153,7,77,60,24,0,84,85,66,118,124,51,90,9,197,168,14,142,101,81,36,33,100,111,122,98,139,105,180,67,158,30,64,96,76,134,74,173,116,10,42,27,169,187,39,95,1,125,145,127,128,129,18,181,148,133,103,92,136,137,43,194,146,191,31,82,144,121,162,147,149,152,49,151,97,130,113,155,17,21,108,159,109,135,140,20,65,94,166,80,93,178,170,75,172,79,117,102,110,177,40,179,58,161,182,22,195,83,186,54,119,72,71,56,5,141,19,184,70,104,143,156];False
7513;7772;15285;[198,174,23,32,132,87,6,88,38,163,199,78,12,185,167,15,16,160,171,196,192,150,20,190,176,3,157,183,37,138,126,115,25,99,34,35,193,28,8,154,13,46,188,55,44,45,131,47,68,123,106,86,52,91,69,61,53,59,11,57,189,26,175,62,120,2,89,107,48,63,29,164,4,73,41,114,112,165,153,7,77,60,24,0,84,85,66,118,124,51,90,9,197,168,14,142,101,81,36,33,100,111,122,98,139,105,180,67,158,30,64,96,76,134,74,173,116,10,42,27,169,187,39,95,1,125,145,127,128,129,18,181,148,133,103,92,136,137,43,194,146,191,31,82,144,121,162,147,149,152,49,151,97,130,113,155,17,21,108,159,109,135,140,50,65,94,166,80,93,178,170,75,172,79,117,102,110,177,40,179,58,161,182,22,195,83,186,54,119,72,71,56,5,141,19,184,70,104,143,156];True
7299;7985;15284;[129,174,23,32,132,87,6,61,38,163,199,49,12,185,167,15,16,160,147,196,192,150,20,190,176,3,157,183,37,138,126,115,25,99,34,35,152,28,8,154,13,46,188,55,44,45,131,47,68,123,106,86,52,91,69,88,53,59,11,57,189,7,175,62,120,2,89,67,48,63,29,164,4,73,41,114,112,165,153,26,77,60,24,0,84,85,66,118,124,51,90,9,197,168,14,187,101,81,36,33,100,111,122,98,139,105,180,107,158,30,64,96,76,134,74,173,116,10,42,27,169,142,39,95,1,125,145,127,128,198,18,181,148,133,103,92,136,137,43,194,146,191,31,82,144,121,162,171,149,193,78,151,97,130,113,155,17,21,108,159,109,135,140,50,65,94,166,80,93,178,170,75,172,79,117,102,110,177,40,179,58,161,182,22,195,83,186,54,119,72,71,56,5,141,19,184,70,104,143,156];False
7387;7895;15282;[198,174,23,32,132,87,6,61,38,163,199,49,12,185,167,15,16,160,147,196,192,150,20,190,176,3,157,183,37,138,126,115,25,99,34,35,152,28,8,154,13,46,188,55,44,45,131,47,68,123,106,86,52,91,69,88,53,59,11,57,189,7,175,62,120,2,89,67,48,63,29,164,4,73,41,114,112,165,153,26,77,60,24,0,84,85,66,118,124,51,90,9,197,168,14,187,101,81,36,10,100,111,122,98,139,105,180,107,158,30,64,96,76,134,74,173,116,33,42,27,169,142,39,95,1,125,145,127,128,129,18,181,148,133,103,92,136,137,43,194,146,191,31,82,144,121,162,171,149,193,78,151,97,130,113,155,17,21,108,159,109,135,140,50,65,94,166,80,93,178,170,75,172,79,117,102,110,177,40,179,58,161,182,22,195,83,186,54,119,72,71,56,5,141,19,184,70,104,143,156];False
7488;7794;15282;[198,174,23,32,132,87,6,88,38,163,199,78,12,185,167,15,16,160,147,196,192,150,20,190,176,3,157,183,37,138,126,115,25,99,34,35,193,28,8,154,13,46,188,55,44,45,131,47,68,123,106,86,52,91,69,61,53,59,11,57,189,26,175,62,120,2,89,107,48,63,29,164,4,73,5,114,112,165,153,7,77,60,24,0,84,85,66,118,124,51,90,9,197,168,14,142,101,81,36,33,100,111,122,98,139,105,180,67,158,30,64,96,76,134,74,173,116,10,42,27,169,187,39,95,1,125,145,127,128,129,18,181,148,133,103,92,136,137,43,194,146,191,31,82,144,121,162,171,149,152,49,151,97,130,113,155,17,21,108,159,109,135,140,50,65,94,166,80,93,178,170,75,172,79,117,102,110,177,40,179,58,161,182,22,195,83,186,54,119,72,71,56,41,141,19,184,70,104,143,156];False
7499;7779;15278;[198,174,23,32,132,87,6,88,38,163,199,78,12,185,167,15,16,160,171,196,192,150,20,190,176,3,157,183,37,138,73,115,25,99,34,35,193,28,8,154,13,46,188,55,44,45,131,47,68,123,106,86,52,91,69,61,53,59,11,57,189,26,175,62,120,2,89,107,48,63,29,164,4,126,41,114,112,165,153,7,77,60,24,0,84,85,66,118,124,51,90,9,197,168,14,142,101,81,36,33,100,111,122,98,139,105,180,67,158,30,64,96,76,134,74,173,116,10,42,129,169,187,39,95,1,125,145,127,128,27,18,181,148,133,103,92,136,137,43,194,146,191,31,82,144,121,162,147,149,152,49,151,97,130,113,155,17,21,108,159,109,135,140,50,65,94,166,80,93,178,170,75,172,79,117,102,110,177,40,179,58,161,182,22,195,83,186,54,119,72,71,56,5,141,19,184,70,104,143,156];False
7475;7801;15276;[198,174,23,32,132,87,6,88,38,163,199,49,12,185,167,15,16,160,147,196,192,150,20,190,176,3,157,183,37,138,126,115,25,99,34,35,193,28,8,154,13,46,188,55,44,45,131,47,68,123,106,86,52,91,1,61,53,59,11,57,189,26,175,62,120,2,89,107,48,63,29,164,4,73,41,114,112,165,153,7,77,60,24,0,84,85,66,118,124,51,90,9,197,168,14,142,101,81,36,33,100,111,122,98,139,105,180,67,158,30,64,96,76,134,74,173,116,10,42,27,169,187,39,95,69,125,145,127,128,129,18,181,148,133,103,92,136,137,43,194,146,191,31,82,144,121,162,171,149,152,78,151,97,130,113,155,17,21,108,159,109,135,140,50,65,94,166,80,93,178,170,75,172,79,117,102,110,177,40,179,58,161,182,22,195,83,186,54,119,72,71,56,5,141,19,184,70,104,143,156];False
7474;7801;15275;[198,174,23,32,132,87,6,88,38,163,199,78,12,185,167,15,16,160,147,196,192,150,20,190,176,3,125,183,37,138,126,115,25,99,34,35,193,28,8,154,13,46,188,55,44,45,131,47,68,123,106,86,52,91,69,61,53,59,11,57,189,26,175,62,120,2,89,107,48,63,29,164,4,73,41,114,112,165,153,7,77,60,24,0,84,85,66,118,124,51,90,9,197,168,14,142,101,81,36,33,100,111,122,98,139,105,180,67,158,30,64,96,76,134,74,173,116,10,42,27,169,187,39,95,1,157,145,127,128,129,18,181,148,133,103,92,136,137,43,194,146,191,31,82,144,121,162,171,149,152,49,151,97,130,113,155,17,21,108,159,109,135,140,50,65,94,166,80,93,178,170,75,172,79,117,102,110,177,40,179,58,161,182,22,195,83,186,54,119,72,71,56,5,141,19,184,70,104,143,156];False
7474;7800;15274;[198,174,23,32,132,87,6,88,38,163,199,78,12,185,167,15,16,160,147,196,192,150,20,190,176,3,157,183,37,138,126,115,25,99,34,35,193,28,8,154,13,46,188,55,44,45,131,47,68,123,106,86,52,91,69,61,53,59,186,57,189,26,175,62,120,2,89,107,48,63,29,164,4,73,41,114,112,165,153,7,77,60,24,0,84,85,66,118,124,51,90,9,197,168,14,142,101,81,36,33,100,111,122,98,139,105,180,67,158,30,64,96,76,134,74,173,116,10,42,27,169,187,39,95,1,125,145,127,128,129,18,181,148,133,103,92,136,137,43,194,146,191,31,82,144,121,162,171,149,152,49,151,97,130,113,155,17,21,108,159,109,135,140,50,65,94,166,80,93,178,170,75,172,79,117,102,110,177,40,179,58,161,182,22,195,83,11,54,119,72,71,56,5,141,19,184,70,104,143,156];False
7319;7951;15270;[198,174,23,32,132,87,6,61,38,163,199,49,12,185,167,15,16,160,147,196,192,150,20,190,176,3,157,183,37,138,126,115,25,99,34,35,193,28,8,154,13,46,188,55,44,45,131,47,68,127,106,86,52,91,69,88,53,59,11,57,189,26,175,62,120,2,89,67,48,63,29,164,4,73,41,114,112,165,153,7,77,60,24,0,84,85,66,118,124,51,90,9,197,168,14,187,101,81,36,33,100,111,122,98,139,105,180,107,158,30,64,96,76,134,74,173,116,10,42,27,169,142,39,95,1,125,145,123,128,129,18,181,148,133,103,92,136,137,43,194,146,191,31,82,144,121,162,171,149,152,78,151,97,130,113,155,17,21,108,159,109,135,140,50,65,94,166,80,93,178,170,75,172,79,117,102,110,177,40,179,58,161,182,22,195,83,186,54,119,72,71,56,5,141,19,184,70,104,143,156];False
7450;7818;15268;[198,174,23,32,132,87,6,88,38,163,199,78,12,185,167,15,16,160,147,196,192,150,20,190,176,3,149,183,37,138,126,115,25,99,34,35,193,28,8,154,13,46,188,55,44,45,131,47,68,123,106,86,52,91,69,61,53,59,11,57,189,26,175,62,120,2,89,107,48,63,29,164,4,73,41,114,112,165,153,7,77,60,24,0,84,85,66,118,124,51,90,9,197,168,14,142,101,81,36,33,100,111,122,98,139,105,180,67,158,30,64,96,76,134,74,173,116,10,42,27,169,187,39,95,1,125,145,127,128,129,18,181,148,133,103,92,136,137,43,194,146,191,31,82,144,121,162,171,157,152,49,151,97,130,113,155,17,21,108,159,109,135,140,50,65,94,166,80,93,178,170,75,172,79,117,102,110,177,40,179,58,161,182,22,195,83,186,54,119,72,71,56,5,141,19,184,70,104,143,156];False
7379;7888;15267;[198,174,23,32,132,87,6,61,38,163,199,49,12,185,167,15,16,160,147,196,192,150,20,190,176,3,157,183,37,138,126,115,25,99,34,35,193,28,8,154,13,46,188,55,44,45,131,47,68,123,106,86,52,91,69,88,53,59,11,57,189,7,175,62,120,2,89,67,48,63,29,164,4,73,41,114,112,165,153,26,77,60,24,0,84,85,149,118,124,51,90,9,197,168,14,187,101,81,36,33,100,111,122,98,139,105,180,107,158,30,64,96,76,134,74,173,116,10,42,27,169,142,39,95,1,125,145,127,128,129,18,181,148,133,103,92,136,137,43,194,146,191,31,82,144,121,162,171,66,152,78,151,97,130,113,155,17,21,108,159,109,135,140,50,65,94,166,80,93,178,170,75,172,79,117,102,110,177,40,179,58,161,182,22,195,83,186,54,119,72,71,56,5,141,19,184,70,104,143,156];False
7449;7817;15266;[198,174,23,32,132,87,6,88,38,163,199,78,12,185,167,15,16,160,171,196,192,150,20,190,176,3,157,183,37,138,126,115,25,99,34,35,193,28,8,154,13,46,188,55,44,45,131,47,68,123,106,86,52,91,69,61,53,59,11,57,189,26,175,62,120,2,89,107,48,63,29,164,4,73,41,114,112,165,96,7,77,60,24,0,84,85,66,118,124,51,90,9,197,168,14,142,101,81,36,33,100,111,122,98,139,105,180,67,158,30,64,153,76,134,74,173,116,10,42,27,169,187,39,95,1,125,145,127,128,129,18,181,148,133,103,92,136,137,43,194,146,191,31,82,144,121,162,147,149,152,49,151,97,130,113,155,17,21,108,159,109,135,140,50,65,94,166,80,93,178,170,75,172,79,117,102,110,177,40,179,58,161,182,22,195,83,186,54,119,72,71,56,5,141,19,184,70,104,143,156];False
7482;7783;15265;[198,174,23,32,132,87,6,88,38,163,199,78,12,185,167,15,16,160,147,196,192,150,20,190,176,3,157,183,37,138,126,115,25,99,34,35,193,28,8,154,13,46,188,55,44,45,131,47,68,123,106,86,52,91,69,61,53,59,11,57,189,26,175,62,120,2,89,107,48,63,29,164,4,73,41,114,112,165,153,7,77,60,24,0,84,85,66,118,124,51,90,9,197,168,14,142,110,81,36,33,100,111,122,98,139,105,180,67,158,30,64,96,76,134,74,173,116,10,42,27,169,187,39,95,1,125,145,127,128,129,18,181,148,133,103,92,136,137,43,194,146,191,31,82,144,121,162,171,149,152,49,151,97,130,113,155,17,21,108,159,109,135,140,50,65,94,166,80,93,178,170,75,172,79,117,102,101,177,40,179,58,161,182,22,195,83,186,54,119,72,71,56,5,141,19,184,70,104,143,156];False
7375;7886;15261;[198,174,23,32,132,87,6,61,38,163,199,49,12,185,167,15,16,160,147,196,192,150,20,190,176,3,157,183,37,138,126,115,25,99,34,35,152,28,8,154,13,46,188,55,44,45,131,47,68,123,106,86,52,91,69,88,53,59,11,57,189,7,175,62,120,2,89,67,48,63,29,164,4,73,41,114,112,165,153,26,77,60,24,0,84,85,66,118,124,51,90,9,197,168,14,187,101,81,36,33,100,111,122,98,139,105,180,107,158,30,64,96,76,134,74,173,116,10,42,27,169,142,39,95,1,125,145,127,128,129,18,181,148,133,103,92,136,137,43,194,146,191,31,82,144,121,162,171,149,193,78,151,97,130,113,155,17,21,108,159,109,135,140,50,65,94,166,80,93,178,170,75,172,79,117,102,110,177,40,179,58,184,182,22,195,83,186,54,119,72,71,56,5,141,19,161,70,104,143,156];False
7360;7900;15260;[198,174,23,32,132,87,6,61,38,163,199,49,12,185,167,15,16,160,147,196,192,150,20,190,176,3,157,183,37,138,126,115,25,99,34,35,152,28,8,154,13,46,188,55,44,45,131,47,68,123,106,86,52,91,69,88,110,59,11,57,189,7,175,62,120,2,89,67,48,63,29,164,4,73,41,114,112,165,153,26,77,60,24,0,84,85,66,118,124,51,90,9,197,168,14,187,101,81,36,33,100,111,122,98,139,105,180,107,158,30,64,96,76,134,74,173,116,10,42,27,169,142,39,95,1,125,145,127,128,129,18,181,148,133,103,92,136,137,43,194,146,191,31,82,144,121,162,171,149,193,78,151,97,130,113,155,17,21,108,159,109,135,140,50,65,94,166,80,93,178,170,75,172,79,117,102,53,177,40,179,58,161,182,22,195,83,186,54,119,72,71,56,5,141,19,184,70,104,143,156];False
7437;7818;15255;[198,174,23,32,132,87,6,88,38,163,199,78,12,185,167,15,16,160,147,196,192,150,20,190,176,3,157,183,37,138,126,115,25,99,34,35,193,28,8,154,13,46,188,55,44,45,131,47,68,123,106,86,52,91,69,61,53,59,11,57,189,26,175,62,120,2,89,107,48,63,29,164,4,73,41,114,112,165,153,7,77,60,24,0,84,85,66,118,124,51,90,9,197,168,14,142,101,81,36,33,100,111,122,98,139,105,180,67,158,30,64,96,76,134,74,173,116,10,42,27,169,187,39,95,1,125,145,127,128,129,18,181,148,133,103,92,156,137,43,194,146,191,31,82,144,121,162,171,149,152,49,151,97,130,113,155,17,21,108,159,109,135,140,50,65,94,166,80,93,178,170,75,172,79,117,102,110,177,40,179,58,161,182,22,195,83,186,54,119,72,71,56,5,141,19,184,70,104,143,136];False
7411;7842;15253;[198,174,23,32,132,87,6,88,38,163,199,78,12,185,167,15,16,160,147,196,192,150,20,190,176,3,157,183,37,138,126,115,25,99,34,35,193,28,8,154,13,46,188,55,44,45,131,47,68,123,106,86,52,91,69,61,53,59,11,57,189,26,175,62,120,2,89,107,48,63,29,164,4,73,41,114,112,165,103,7,77,60,24,0,84,85,66,118,124,51,90,9,197,168,14,142,101,81,36,33,100,111,122,98,139,105,180,67,158,30,64,96,76,134,74,173,116,10,42,27,169,187,39,95,1,125,145,127,128,129,18,181,148,133,153,92,136,137,43,194,146,191,31,82,144,121,162,171,149,152,49,151,97,130,113,155,17,21,108,159,109,135,140,50,65,94,166,80,93,178,170,75,172,79,117,102,110,177,40,179,58,161,182,22,195,83,186,54,119,72,71,56,5,141,19,184,70,104,143,156];False
7440;7812;15252;[198,174,23,32,132,87,6,88,38,163,199,78,12,185,167,15,16,160,147,196,192,150,20,190,176,3,157,183,37,138,126,115,25,99,34,35,193,28,8,154,13,46,188,55,44,45,131,47,68,123,106,86,52,91,69,61,53,59,11,57,189,26,175,62,120,2,89,107,48,63,29,164,4,73,41,114,112,165,153,7,77,60,24,0,84,85,66,118,124,51,31,9,197,168,14,142,101,81,36,33,100,111,122,98,139,105,180,67,158,30,64,96,76,134,74,173,116,10,42,27,169,187,39,95,1,125,145,127,128,129,18,181,148,133,103,92,136,137,43,194,146,191,90,82,144,121,162,171,149,152,49,151,97,130,113,155,17,21,108,159,109,135,140,50,65,94,166,80,93,178,170,75,172,79,117,102,110,177,40,179,58,161,182,22,195,83,186,54,119,72,71,56,5,141,19,184,70,104,143,156];False
7304;7945;15249;[198,174,23,32,132,87,6,61,38,163,199,49,12,185,167,15,16,160,147,196,192,150,20,190,176,3,157,183,37,138,126,115,25,99,34,35,152,28,8,154,13,46,188,55,44,45,131,47,68,123,106,86,52,91,69,88,53,59,11,57,189,7,175,62,120,2,89,67,48,63,29,164,4,73,41,114,112,165,153,26,77,60,24,0,84,85,66,118,124,51,90,9,197,168,14,187,82,81,36,33,100,111,122,98,139,105,180,107,158,30,64,96,76,134,74,173,116,10,42,27,169,142,39,95,1,125,145,127,128,129,18,181,148,133,103,92,136,137,43,194,146,191,31,101,144,121,162,171,149,193,78,151,97,130,113,155,17,21,108,159,109,135,140,50,65,94,166,80,93,178,170,75,172,79,117,102,110,177,40,179,58,161,182,22,195,83,186,54,119,72,71,56,5,141,19,184,70,104,143,156];False
7404;7844;15248;[198,174,23,32,132,87,6,61,38,163,199,49,12,185,167,15,16,160,147,196,192,150,20,190,176,3,157,183,37,138,126,115,25,99,34,35,193,28,8,154,13,46,188,55,44,45,131,47,68,123,106,86,52,91,69,88,53,59,11,57,189,26,175,62,120,2,89,67,48,63,29,164,4,73,41,114,112,165,153,7,77,60,24,0,84,85,66,118,124,51,90,9,197,168,14,187,101,81,36,33,100,111,122,98,139,105,180,107,158,30,64,96,76,134,74,173,116,10,42,27,169,142,39,95,1,125,145,127,128,129,18,181,148,133,103,92,136,137,43,194,146,19,31,82,144,121,162,171,149,152,78,151,97,130,113,155,17,21,108,159,109,135,140,50,65,94,166,80,93,178,170,75,172,79,117,102,110,177,40,179,58,161,182,22,195,83,186,54,119,72,71,56,5,141,191,184,70,104,143,156];False
7365;7883;15248;[198,174,23,32,132,87,6,61,38,163,199,49,12,185,167,15,16,160,147,196,192,150,20,190,176,3,157,183,37,138,126,115,25,99,34,35,193,28,8,154,13,46,188,55,44,45,131,47,68,123,106,86,52,91,69,88,53,59,11,57,189,26,175,62,120,2,89,67,22,63,29,164,4,73,41,114,112,165,153,7,77,60,24,0,84,85,66,118,124,51,90,9,197,168,14,187,101,81,36,33,100,111,122,98,139,105,180,107,158,30,64,96,76,134,74,173,116,10,42,27,169,142,39,95,1,125,145,127,128,129,18,181,148,133,103,92,136,137,43,194,146,191,31,82,144,121,162,171,149,152,78,151,97,130,113,155,17,21,108,159,109,135,140,50,65,94,166,80,93,178,170,75,172,79,117,102,110,177,40,179,58,161,182,48,195,83,186,54,119,72,71,56,5,141,19,184,70,104,143,156];False
7425;7821;15246;[198,174,23,32,132,87,6,88,38,163,199,78,12,185,20,15,16,160,147,196,192,150,167,190,176,3,157,183,37,138,126,115,25,99,34,35,193,28,8,154,13,46,188,55,44,45,131,47,68,123,106,86,52,91,69,61,53,59,11,57,189,26,175,62,120,2,89,107,48,63,29,164,4,73,41,114,112,165,153,7,77,60,24,0,84,85,66,118,124,51,90,9,197,168,14,142,101,81,36,33,100,111,122,98,139,105,180,67,158,30,64,96,76,134,74,173,116,10,42,27,169,187,39,95,1,125,145,127,128,129,18,181,148,133,103,92,136,137,43,194,146,191,31,82,144,121,162,171,149,152,49,151,97,130,113,155,17,21,108,159,109,135,140,50,65,94,166,80,93,178,170,75,172,79,117,102,110,177,40,179,58,161,182,22,195,83,186,54,119,72,71,56,5,141,19,184,70,104,143,156];False
7462;7784;15246;[198,174,23,32,132,87,6,88,38,163,199,78,12,185,167,15,16,160,147,196,192,150,20,190,176,3,157,183,37,138,45,115,25,99,34,35,193,28,8,154,13,46,188,55,44,126,131,47,68,123,106,86,52,91,69,61,53,59,11,57,189,26,175,62,120,2,89,107,48,63,29,164,4,73,41,114,112,165,153,7,77,60,24,0,84,85,66,118,124,51,90,9,197,168,14,142,101,81,36,33,100,111,122,98,139,105,180,67,158,30,64,96,76,134,74,173,116,10,42,27,169,187,39,95,1,125,145,127,128,129,18,181,148,133,103,92,136,137,43,194,146,191,31,82,144,121,162,171,149,152,49,151,97,130,113,155,17,21,108,159,109,135,140,50,65,94,166,80,93,178,170,75,172,79,117,102,110,177,40,179,58,161,182,22,195,83,186,54,119,72,71,56,5,141,19,184,70,104,143,156];False
7467;7778;15245;[198,174,23,32,132,87,6,88,116,163,199,78,12,185,167,15,16,160,171,196,192,150,20,190,176,3,157,183,37,138,126,115,25,99,34,35,193,28,8,154,13,46,188,55,44,45,131,47,68,123,106,86,52,91,69,61,53,59,11,57,189,26,175,62,120,2,89,107,48,63,29,164,4,73,41,114,112,165,153,7,77,60,24,0,84,85,66,118,124,51,90,9,197,168,14,142,101,81,36,33,100,111,122,98,139,105,180,67,158,30,64,96,76,134,74,173,38,10,42,27,169,187,39,95,1,125,145,127,128,129,18,181,148,133,103,92,136,137,43,194,146,191,31,82,144,121,162,147,149,152,49,151,97,130,113,155,17,21,108,159,109,135,140,50,65,94,166,80,93,178,170,75,172,79,117,102,110,177,40,179,58,161,182,22,195,83,186,54,119,72,71,56,5,141,19,184,70,104,143,156];False
7431;7814;15245;[198,174,23,32,132,87,6,88,38,163,199,78,12,185,167,15,16,160,147,196,192,150,20,190,176,3,157,183,37,138,126,115,25,99,34,35,193,28,8,154,13,46,188,55,44,45,131,47,68,123,106,86,52,91,69,61,53,59,11,57,189,26,175,62,120,2,89,107,48,63,29,164,4,73,41,114,112,165,153,7,77,60,24,0,84,85,66,118,124,51,90,9,197,168,14,142,101,81,36,33,100,111,122,98,139,105,180,67,158,30,64,96,76,134,74,173,116,117,42,27,169,187,39,95,1,125,145,127,128,129,18,181,148,133,103,92,136,137,43,194,146,191,31,82,144,121,162,171,149,152,49,151,97,130,113,155,17,21,108,159,109,135,140,50,65,94,166,80,93,178,170,75,172,79,10,102,110,177,40,179,58,161,182,22,195,83,186,54,119,72,71,56,5,141,19,184,70,104,143,156];False
7350;7893;15243;[198,174,23,32,132,87,6,61,38,163,199,49,12,185,167,15,16,160,147,196,192,150,20,190,176,3,157,183,37,138,126,115,25,99,34,35,152,28,8,154,13,46,188,55,44,45,131,47,68,123,106,86,52,91,69,88,53,59,11,57,189,7,175,62,120,2,89,67,48,63,29,164,4,73,41,114,112,165,153,26,77,60,24,0,84,85,66,118,124,51,90,9,197,168,161,187,101,81,36,33,100,111,122,98,139,105,180,107,158,30,64,96,76,134,74,173,116,10,42,27,169,142,39,95,1,125,145,127,128,129,18,181,148,133,103,92,136,137,43,194,146,191,31,82,144,121,162,171,149,193,78,151,97,130,113,155,17,21,108,159,109,135,140,50,65,94,166,80,93,178,170,75,172,79,117,102,110,177,40,179,58,14,182,22,195,83,186,54,119,72,71,56,5,141,19,184,70,104,143,156];False
7430;7809;15239;[198,174,23,32,132,87,6,88,38,163,199,49,12,185,167,15,16,160,147,196,192,150,20,190,176,3,157,183,37,138,126,115,25,99,34,35,193,28,8,154,13,46,188,55,44,45,131,47,68,123,106,86,52,91,69,61,53,59,11,57,189,26,175,62,120,2,89,67,48,63,29,164,4,73,41,114,112,165,153,7,77,60,24,0,84,85,66,118,124,51,90,9,197,168,14,142,101,81,36,33,100,111,122,98,139,105,180,107,158,30,64,96,76,134,74,173,116,10,42,27,169,187,39,95,1,125,145,127,128,129,18,181,148,133,103,92,136,137,43,194,146,191,31,82,144,121,162,171,149,152,78,151,97,130,113,155,17,21,108,159,109,135,140,50,65,94,166,80,93,178,170,75,172,79,117,102,110,177,40,179,58,161,182,22,195,83,186,54,119,72,71,56,5,141,19,184,70,104,143,156];False
7284;7951;15235;[198,174,23,32,132,87,6,61,38,163,199,49,12,185,167,15,16,160,147,196,192,150,20,190,176,3,157,183,37,138,126,115,25,99,34,35,152,28,8,154,13,46,188,55,44,45,131,47,68,123,106,86,52,91,69,88,53,59,11,57,189,7,175,62,120,2,89,67,48,63,29,164,4,73,41,114,112,165,153,26,77,60,24,0,84,85,66,118,124,51,90,9,197,168,14,187,101,81,36,33,100,111,122,98,139,105,180,107,158,30,64,96,76,134,74,173,116,10,42,27,169,142,39,95,1,125,145,127,128,129,18,181,148,133,103,172,136,137,43,194,146,191,31,82,144,121,162,171,149,193,78,151,97,130,113,155,17,21,108,159,109,135,140,50,65,94,166,80,93,178,170,75,92,79,117,102,110,177,40,179,58,161,182,22,195,83,186,54,119,72,71,56,5,141,19,184,70,104,143,156];False
7304;7931;15235;[198,174,23,32,132,87,6,61,38,163,199,49,12,185,167,15,16,160,147,196,192,150,20,190,176,3,157,183,37,138,126,115,25,99,34,35,193,28,8,154,13,46,188,55,44,45,131,47,68,123,106,86,52,91,69,88,53,59,11,57,189,7,175,62,120,2,89,67,48,63,29,164,4,73,113,114,112,165,153,26,77,60,24,0,84,85,66,118,124,51,90,9,197,168,14,187,101,81,36,33,100,111,122,98,139,105,180,107,158,30,64,96,76,134,74,173,116,10,42,27,169,142,39,95,1,125,145,127,128,129,18,181,148,133,103,92,136,137,43,194,146,191,31,82,144,121,162,171,149,152,78,151,97,130,41,155,17,21,108,159,109,135,140,50,65,94,166,80,93,178,170,75,172,79,117,102,110,177,40,179,58,161,182,22,195,83,186,54,119,72,71,56,5,141,19,184,70,104,143,156];False
7309;7925;15234;[198,174,23,32,132,87,6,61,38,163,199,49,45,185,167,15,16,160,147,196,192,150,20,190,176,3,157,183,37,138,126,115,25,99,34,35,193,28,8,154,13,46,188,55,44,12,131,47,68,123,106,86,52,91,69,88,53,59,11,57,189,7,175,62,120,2,89,67,48,63,29,164,4,73,41,114,112,165,153,26,77,60,24,0,84,85,66,118,124,51,90,9,197,168,14,187,101,81,36,33,100,111,122,98,139,105,180,107,158,30,64,96,76,134,74,173,116,10,42,27,169,142,39,95,1,125,145,127,128,129,18,181,148,133,103,92,136,137,43,194,146,191,31,82,144,121,162,171,149,152,78,151,97,130,113,155,17,21,108,159,109,135,140,50,65,94,166,80,93,178,170,75,172,79,117,102,110,177,40,179,58,161,182,22,195,83,186,54,119,72,71,56,5,141,19,184,70,104,143,156];False
7404;7829;15233;[198,174,23,32,132,87,6,88,38,163,199,49,12,185,167,15,16,155,147,196,192,150,20,190,176,3,157,183,37,138,126,115,25,99,34,35,193,28,8,154,13,46,188,55,44,45,131,47,68,123,106,86,52,91,69,61,53,59,11,57,189,26,175,62,120,2,89,67,48,63,29,164,4,73,41,114,112,165,153,7,77,60,24,0,84,85,66,118,124,51,90,9,197,168,14,142,101,81,36,33,100,111,122,98,139,105,180,107,158,30,64,96,76,134,74,173,116,10,42,27,169,187,39,95,1,125,145,127,128,129,18,181,148,133,103,92,136,137,43,194,146,191,31,82,144,121,162,171,149,152,78,151,97,130,113,160,17,21,108,159,109,135,140,50,65,94,166,80,93,178,170,75,172,79,117,102,110,177,40,179,58,161,182,22,195,83,186,54,119,72,71,56,5,141,19,184,70,104,143,156];False
7370;7862;15232;[198,174,23,32,132,87,6,61,38,163,199,49,12,185,167,15,16,160,147,196,192,150,20,190,176,3,157,183,37,138,126,115,25,99,34,35,193,28,8,154,13,46,188,55,44,45,131,47,68,123,106,86,52,91,69,88,53,59,11,57,189,26,175,62,120,2,94,67,48,63,29,164,4,73,41,114,112,165,153,7,77,60,24,0,84,85,66,118,124,51,90,9,197,168,14,142,101,81,36,33,100,111,122,98,139,105,180,107,158,30,64,96,76,134,74,173,116,10,42,27,169,187,39,95,1,125,145,127,128,129,18,181,148,133,103,92,136,137,43,194,146,191,31,82,144,121,162,171,149,152,78,151,97,130,113,155,17,21,108,159,109,135,140,50,65,89,166,80,93,178,170,75,172,79,117,102,110,177,40,179,58,161,182,22,195,83,186,54,119,72,71,56,5,141,19,184,70,104,143,156];False
7341;7884;15225;[198,174,23,32,132,87,6,61,38,163,199,49,12,185,167,15,16,160,147,196,192,150,20,190,176,3,157,183,37,138,126,115,25,99,34,35,152,28,8,154,13,46,188,55,44,45,131,47,68,123,106,86,52,91,69,88,53,59,11,57,189,7,175,62,120,2,89,67,48,63,29,164,4,73,41,114,112,165,153,26,77,60,24,0,84,85,66,118,124,51,90,9,197,168,14,187,101,81,36,33,100,111,122,98,135,105,180,107,158,30,64,96,76,134,74,173,116,10,42,27,169,142,39,95,1,125,145,127,128,129,18,181,148,133,103,92,136,137,43,194,146,191,31,82,144,121,162,171,149,193,78,151,97,130,113,155,17,21,108,159,109,139,140,50,65,94,166,80,93,178,170,75,172,79,117,102,110,177,40,179,58,161,182,22,195,83,186,54,119,72,71,56,5,141,19,184,70,104,143,156];False
7417;7803;15220;[198,174,23,32,132,87,6,88,38,163,199,78,12,185,167,15,16,160,147,196,192,150,20,190,176,3,157,183,67,138,126,115,25,99,34,35,193,28,8,154,13,46,188,55,44,45,131,47,68,123,106,86,52,91,69,61,53,59,11,57,189,26,175,62,120,2,89,107,48,63,29,164,4,73,41,114,112,165,153,7,77,60,24,0,84,85,66,118,124,51,90,9,197,168,14,142,101,81,36,33,100,111,122,98,139,105,180,37,158,30,64,96,76,134,74,173,116,10,42,27,169,187,39,95,1,125,145,127,128,129,18,181,148,133,103,92,136,137,43,194,146,191,31,82,144,121,162,171,149,152,49,151,97,130,113,155,17,21,108,159,109,135,140,50,65,94,166,80,93,178,170,75,172,79,117,102,110,177,40,179,58,161,182,22,195,83,186,54,119,72,71,56,5,141,19,184,70,104,143,156];False
7334;7886;15220;[198,174,23,32,132,87,3,61,38,163,199,49,12,185,167,15,16,160,147,196,192,150,20,190,176,6,157,183,37,138,126,115,25,99,34,35,152,28,8,154,13,46,188,55,44,45,131,47,68,123,106,86,52,91,69,88,53,59,11,57,189,7,175,62,120,2,89,67,48,63,29,164,4,73,41,114,112,165,153,26,77,60,24,0,84,85,66,118,124,51,90,9,197,168,14,187,101,81,36,33,100,111,122,98,139,105,180,107,158,30,64,96,76,134,74,173,116,10,42,27,169,142,39,95,1,125,145,127,128,129,18,181,148,133,103,92,136,137,43,194,146,191,31,82,144,121,162,171,149,193,78,151,97,130,113,155,17,21,108,159,109,135,140,50,65,94,166,80,93,178,170,75,172,79,117,102,110,177,40,179,58,161,182,22,195,83,186,54,119,72,71,56,5,141,19,184,70,104,143,156];False
7319;7900;15219;[198,174,23,32,132,87,6,61,38,163,199,49,12,185,167,15,16,160,147,196,192,150,20,190,176,155,157,183,37,138,126,115,25,99,34,35,193,28,8,154,13,46,188,55,44,45,131,47,68,123,106,86,52,91,69,88,53,59,11,57,189,7,175,62,120,2,89,67,48,63,29,164,4,73,41,114,112,165,153,26,77,60,24,0,84,85,66,118,124,51,90,9,197,168,14,187,101,81,36,33,100,111,122,98,139,105,180,107,158,30,64,96,76,134,74,173,116,10,42,27,169,142,39,95,1,125,145,127,128,129,18,181,148,133,103,92,136,137,43,194,146,191,31,82,144,121,162,171,149,152,78,151,97,130,113,3,17,21,108,159,109,135,140,50,65,94,166,80,93,178,170,75,172,79,117,102,110,177,40,179,58,161,182,22,195,83,186,54,119,72,71,56,5,141,19,184,70,104,143,156];False
7354;7862;15216;[198,174,23,32,132,87,6,61,158,163,199,49,12,185,167,15,16,160,147,196,192,150,20,190,176,3,157,183,37,138,126,115,25,99,34,35,193,28,8,154,13,46,188,55,44,45,131,47,68,123,106,86,52,91,69,88,53,59,11,57,189,26,175,62,120,2,89,67,48,63,29,164,4,73,41,114,112,165,153,7,77,60,24,0,84,85,66,118,124,51,90,9,197,168,14,187,101,81,36,33,100,111,122,98,139,105,180,107,38,30,64,96,76,134,74,173,116,10,42,27,169,142,39,95,1,125,145,127,128,129,18,181,148,133,103,92,136,137,43,194,146,191,31,82,144,121,162,171,149,152,78,151,97,130,113,155,17,21,108,159,109,135,140,50,65,94,166,80,93,178,170,75,172,79,117,102,110,177,40,179,58,161,182,22,195,83,186,54,119,72,71,56,5,141,19,184,70,104,143,156];False
7419;7797;15216;[198,174,23,32,132,87,6,88,38,163,199,78,12,185,167,15,16,160,147,196,192,150,20,190,176,3,157,183,37,138,126,115,25,99,34,35,193,28,8,154,13,46,188,55,44,45,131,47,68,123,106,86,52,91,69,61,53,59,11,57,189,26,175,62,120,2,89,107,48,63,29,164,4,73,41,114,112,165,153,7,77,60,24,0,84,85,66,118,124,51,90,9,197,168,14,142,101,81,36,33,100,111,122,98,139,105,180,67,158,30,64,96,76,134,74,173,116,10,42,27,169,187,39,95,1,125,145,127,128,83,18,181,148,133,103,92,136,137,43,194,146,191,31,82,144,121,162,171,149,152,49,151,97,130,113,155,17,21,108,159,109,135,140,50,65,94,166,80,93,178,170,75,172,79,117,102,110,177,40,179,58,161,182,22,195,129,186,54,119,72,71,56,5,141,19,184,70,104,143,156];False
7243;7963;15206;[198,174,23,32,132,87,6,61,38,163,199,49,12,185,167,15,16,160,147,196,192,150,20,190,176,3,157,183,37,138,126,115,25,99,34,35,152,28,8,154,13,46,188,55,44,45,131,47,68,123,106,86,52,91,69,88,53,59,11,57,189,7,175,62,120,2,89,67,48,63,29,164,4,73,41,114,51,165,153,26,77,60,24,0,84,85,66,118,124,112,90,9,197,168,14,187,101,81,36,33,100,111,122,98,139,105,180,107,158,30,64,96,76,134,74,173,116,10,42,27,169,142,39,95,1,125,145,127,128,129,18,181,148,133,103,92,136,137,43,194,146,191,31,82,144,121,162,171,149,193,78,151,97,130,113,155,17,21,108,159,109,135,140,50,65,94,166,80,93,178,170,75,172,79,117,102,110,177,40,179,58,161,182,22,195,83,186,54,119,72,71,56,5,141,19,184,70,104,143,156];False
7341;7863;15204;[198,174,23,32,132,87,6,61,38,163,199,49,12,185,167,15,16,160,147,196,192,150,20,190,176,3,157,183,37,138,126,115,25,99,34,35,193,28,8,154,13,46,188,55,44,45,131,47,68,123,106,86,52,91,69,88,53,59,11,57,189,26,175,62,120,2,89,67,48,63,29,164,4,73,41,114,112,165,153,7,85,60,24,0,84,77,66,118,124,51,90,9,197,168,14,187,101,81,36,33,100,111,122,98,139,105,180,107,158,30,64,96,76,134,74,173,116,10,42,27,169,142,39,95,1,125,145,127,128,129,18,181,148,133,103,92,136,137,43,194,146,191,31,82,144,121,162,171,149,152,78,151,97,130,113,155,17,21,108,159,109,135,140,50,65,94,166,80,93,178,170,75,172,79,117,102,110,177,40,179,58,161,182,22,195,83,186,54,119,72,71,56,5,141,19,184,70,104,143,156];False
7365;7839;15204;[198,174,23,32,132,87,6,61,38,163,199,49,12,185,167,15,16,160,147,196,192,150,20,190,176,3,157,183,37,138,126,115,25,99,34,35,1,28,8,154,13,46,188,55,44,45,131,47,68,123,106,86,52,91,69,88,53,59,11,57,189,26,175,62,120,2,89,67,48,63,29,164,4,73,41,114,112,165,153,7,77,60,24,0,84,85,66,118,124,51,90,9,197,168,14,142,101,81,36,33,100,111,122,98,139,105,180,107,158,30,64,96,76,134,74,173,116,10,42,27,169,187,39,95,193,125,145,127,128,129,18,181,148,133,103,92,136,137,43,194,146,191,31,82,144,121,162,171,149,152,78,151,97,130,113,155,17,21,108,159,109,135,140,50,65,94,166,80,93,178,170,75,172,79,117,102,110,177,40,179,58,161,182,22,195,83,186,54,119,72,71,56,5,141,19,184,70,104,143,156];False
7349;7854;15203;[198,174,23,32,132,87,6,61,38,163,199,49,12,185,167,15,16,160,147,196,192,150,20,190,176,3,157,183,37,138,126,115,25,99,34,35,193,28,8,154,13,46,188,55,44,45,131,47,68,123,106,86,52,91,69,88,53,59,11,57,189,26,175,62,120,2,89,67,48,63,29,164,4,73,41,114,112,165,153,7,77,60,24,0,84,85,66,118,124,51,90,9,197,168,14,142,101,81,36,33,100,111,122,98,139,56,180,107,158,30,64,96,76,134,74,173,116,10,42,27,169,187,39,95,1,125,145,127,128,129,18,181,148,133,103,92,136,137,43,194,146,191,31,82,144,121,162,171,149,152,78,151,97,130,113,155,17,21,108,159,109,135,140,50,65,94,166,80,93,178,170,75,172,79,117,102,110,177,40,179,58,161,182,22,195,83,186,54,119,72,71,105,5,141,19,184,70,104,143,156];False
7427;7776;15203;[198,174,23,32,132,87,6,88,38,163,199,49,12,185,167,15,16,160,147,196,192,150,20,190,176,3,157,183,37,138,126,115,25,99,34,35,193,28,8,154,13,46,188,55,44,45,131,47,68,123,106,86,52,91,69,61,53,59,11,57,189,26,175,62,120,2,89,107,48,63,29,164,4,73,41,114,112,165,153,7,77,60,24,0,84,85,66,118,124,51,90,9,197,168,14,142,101,81,36,33,100,111,122,98,139,105,180,67,158,30,64,96,76,134,74,173,116,10,42,27,169,187,39,95,1,125,145,127,128,129,18,181,148,133,103,92,136,137,43,194,146,191,31,82,144,121,162,171,149,152,78,151,97,130,113,155,17,21,108,159,109,135,140,50,65,94,166,80,93,178,170,75,172,79,117,102,110,177,40,179,58,161,182,22,195,83,186,54,119,72,71,56,5,141,19,184,70,104,143,156];False
7277;7923;15200;[198,174,23,32,132,87,6,61,38,30,199,49,12,185,167,15,16,160,147,196,192,150,20,190,176,3,157,183,37,138,126,115,25,99,34,35,152,28,8,154,13,46,188,55,44,45,131,47,68,123,106,86,52,91,69,88,53,59,11,57,189,7,175,62,120,2,89,67,48,63,29,164,4,73,41,114,112,165,153,26,77,60,24,0,84,85,66,118,124,51,90,9,197,168,14,187,101,81,36,33,100,111,122,98,139,105,180,107,158,163,64,96,76,134,74,173,116,10,42,27,169,142,39,95,1,125,145,127,128,129,18,181,148,133,103,92,136,137,43,194,146,191,31,82,144,121,162,171,149,193,78,151,97,130,113,155,17,21,108,159,109,135,140,50,65,94,166,80,93,178,170,75,172,79,117,102,110,177,40,179,58,161,182,22,195,83,186,54,119,72,71,56,5,141,19,184,70,104,143,156];False
7322;7876;15198;[198,174,23,32,132,87,6,61,38,163,199,49,12,185,167,15,16,160,147,196,192,150,20,190,176,103,157,183,37,138,126,115,25,99,34,35,193,28,8,154,13,46,188,55,44,45,131,47,68,123,106,86,52,91,69,88,53,59,11,57,189,26,175,62,120,2,89,67,48,63,29,164,4,73,41,114,112,165,153,7,77,60,24,0,84,85,66,118,124,51,90,9,197,168,14,142,101,81,36,33,100,111,122,98,139,105,180,107,158,30,64,96,76,134,74,173,116,10,42,27,169,187,39,95,1,125,145,127,128,129,18,181,148,133,3,92,136,137,43,194,146,191,31,82,144,121,162,171,149,152,78,151,97,130,113,155,17,21,108,159,109,135,140,50,65,94,166,80,93,178,170,75,172,79,117,102,110,177,40,179,58,161,182,22,195,83,186,54,119,72,71,56,5,141,19,184,70,104,143,156];False
7262;7933;15195;[198,174,23,32,132,87,6,61,38,163,55,49,12,185,167,15,16,160,147,196,192,150,20,190,176,3,157,183,37,138,126,115,25,99,34,35,152,28,8,154,13,46,188,199,44,45,131,47,68,123,106,86,52,91,69,88,53,59,11,57,189,7,175,62,120,2,89,67,48,63,29,164,4,73,41,114,112,165,153,26,77,60,24,0,84,85,66,118,124,51,90,9,197,168,14,187,101,81,36,33,100,111,122,98,139,105,180,107,158,30,64,96,76,134,74,173,116,10,42,27,169,142,39,95,1,125,145,127,128,129,18,181,148,133,103,92,136,137,43,194,146,191,31,82,144,121,162,171,149,193,78,151,97,130,113,155,17,21,108,159,109,135,140,50,65,94,166,80,93,178,170,75,172,79,117,102,110,177,40,179,58,161,182,22,195,83,186,54,119,72,71,56,5,141,19,184,70,104,143,156];False
7324;7870;15194;[198,174,23,32,132,87,6,61,38,163,199,49,12,185,167,15,16,160,147,196,192,150,20,190,176,3,157,183,37,138,126,115,25,99,34,35,152,28,8,154,13,46,188,55,44,45,131,47,68,123,106,86,52,91,69,88,53,59,11,57,189,7,175,62,120,2,89,67,48,63,29,164,4,73,41,114,112,165,153,26,77,60,24,0,84,85,66,118,124,51,90,9,197,168,14,187,101,81,36,33,100,111,122,98,139,105,180,107,158,30,64,96,76,134,74,173,116,143,42,27,169,142,39,95,1,125,145,127,128,129,18,181,148,133,103,92,136,137,43,194,146,191,31,82,144,121,162,171,149,193,78,151,97,130,113,155,17,21,108,159,109,135,140,50,65,94,166,80,93,178,170,75,172,79,117,102,110,177,40,179,58,161,182,22,195,83,186,54,119,72,71,56,5,141,19,184,70,104,10,156];False
7305;7884;15189;[198,174,23,32,132,87,6,61,38,163,199,49,12,185,167,15,16,160,147,196,192,150,20,190,176,3,157,183,37,138,126,115,25,99,34,35,193,28,8,154,13,46,188,55,44,45,131,47,68,123,106,86,52,91,69,88,53,59,11,57,189,7,175,62,120,2,89,67,48,63,29,164,4,73,41,114,112,165,153,26,77,60,24,0,144,85,66,118,124,51,90,9,197,168,14,187,101,81,36,33,100,111,122,98,139,105,180,107,158,30,64,96,76,134,74,173,116,10,42,27,169,142,39,95,1,125,145,127,128,129,18,181,148,133,103,92,136,137,43,194,146,191,31,82,84,121,162,171,149,152,78,151,97,130,113,155,17,21,108,159,109,135,140,50,65,94,166,80,93,178,170,75,172,79,117,102,110,177,40,179,58,161,182,22,195,83,186,54,119,72,71,56,5,141,19,184,70,104,143,156];False
7279;7910;15189;[198,174,23,32,132,87,6,61,38,163,199,49,12,185,167,15,16,160,147,197,192,150,20,190,176,3,157,183,37,138,126,115,25,99,34,35,152,28,8,154,13,46,188,55,44,45,131,47,68,123,106,86,52,91,69,88,53,59,11,57,189,7,175,62,120,2,89,67,48,63,29,164,4,73,41,114,112,165,153,26,77,60,24,0,84,85,66,118,124,51,90,9,196,168,14,187,101,81,36,33,100,111,122,98,139,105,180,107,158,30,64,96,76,134,74,173,116,10,42,27,169,142,39,95,1,125,145,127,128,129,18,181,148,133,103,92,136,137,43,194,146,191,31,82,144,121,162,171,149,193,78,151,97,130,113,155,17,21,108,159,109,135,140,50,65,94,166,80,93,178,170,75,172,79,117,102,110,177,40,179,58,161,182,22,195,83,186,54,119,72,71,56,5,141,19,184,70,104,143,156];False
7300;7886;15186;[198,174,23,32,132,87,6,88,38,163,199,49,12,185,167,15,16,160,147,196,192,150,20,190,176,3,157,183,37,138,126,115,25,99,34,35,193,28,8,154,13,46,188,55,44,45,131,47,68,123,106,86,52,91,69,61,53,59,11,57,189,26,175,62,120,2,89,107,48,63,29,164,4,73,41,114,112,165,153,7,77,60,24,0,84,85,66,118,124,51,90,9,197,168,14,142,101,81,36,33,100,111,122,98,139,105,180,67,158,30,64,96,76,134,74,173,116,10,42,27,169,187,39,95,1,125,145,127,128,129,18,181,148,133,103,92,136,137,43,194,146,191,31,82,144,121,162,171,149,152,78,151,97,130,113,155,17,21,108,159,109,135,140,50,54,94,166,80,93,178,170,75,172,79,117,102,110,177,40,179,58,161,182,22,195,83,186,65,119,72,71,56,5,141,19,184,70,104,143,156];False
7327;7857;15184;[198,174,23,32,132,87,6,61,38,163,199,49,12,185,167,15,16,160,147,196,192,150,20,190,176,3,157,183,37,138,126,115,25,99,34,35,193,28,8,154,13,46,188,55,44,45,131,47,68,123,106,86,52,91,69,88,53,59,11,57,189,26,175,151,120,2,89,67,48,63,29,164,4,73,41,114,112,165,153,7,77,60,24,0,84,85,66,118,124,51,90,9,197,168,14,142,101,81,36,33,100,111,122,98,139,105,180,107,158,30,64,96,76,134,74,173,116,10,42,27,169,187,39,95,1,125,145,127,128,129,18,181,148,133,103,92,136,137,43,194,146,191,31,82,144,121,162,171,149,152,78,62,97,130,113,155,17,21,108,159,109,135,140,50,65,94,166,80,93,178,170,75,172,79,117,102,110,177,40,179,58,161,182,22,195,83,186,54,119,72,71,56,5,141,19,184,70,104,143,156];False
7296;7886;15182;[198,174,23,32,132,87,6,61,38,163,199,49,12,185,167,15,16,160,147,196,192,150,20,190,176,3,157,183,37,138,126,115,25,99,34,35,152,28,8,154,13,46,188,55,44,45,131,47,68,123,106,86,52,91,69,88,53,59,11,57,189,7,175,62,120,2,89,67,48,63,29,164,4,73,41,114,112,165,153,26,77,60,24,0,84,85,66,118,124,51,90,9,197,168,14,187,101,81,36,33,100,111,122,98,139,105,180,107,158,30,64,96,76,134,74,173,116,10,42,27,169,142,39,95,1,149,145,127,128,129,18,181,148,133,103,92,136,137,43,194,146,191,31,82,144,121,162,171,125,193,78,151,97,130,113,155,17,21,108,159,109,135,140,50,65,94,166,80,93,178,170,75,172,79,117,102,110,177,40,179,58,161,182,22,195,83,186,54,119,72,71,56,5,141,19,184,70,104,143,156];False
7239;7937;15176;[198,174,23,32,132,87,6,61,38,163,199,49,12,185,167,15,16,160,147,196,192,150,97,190,176,3,157,183,37,138,126,115,25,99,34,35,152,28,8,154,13,46,188,55,44,45,131,47,68,123,106,86,52,91,69,88,53,59,11,57,189,7,175,62,120,2,89,67,48,63,29,164,4,73,41,114,112,165,153,26,77,60,24,0,84,85,66,118,124,51,90,9,197,168,14,187,101,81,36,33,100,111,122,98,139,105,180,107,158,30,64,96,76,134,74,173,116,10,42,27,169,142,39,95,1,125,145,127,128,129,18,181,148,133,103,92,136,137,43,194,146,191,31,82,144,121,162,171,149,193,78,151,20,130,113,155,17,21,108,159,109,135,140,50,65,94,166,80,93,178,170,75,172,79,117,102,110,177,40,179,58,161,182,22,195,83,186,54,119,72,71,56,5,141,19,184,70,104,143,156];False
7328;7843;15171;[198,174,23,32,132,87,6,88,38,163,199,49,12,185,167,15,16,160,147,196,192,150,20,190,176,3,157,183,37,138,126,115,25,99,34,35,193,28,8,154,13,46,188,55,44,45,131,47,68,123,106,86,52,91,69,61,53,59,11,57,189,26,175,62,158,2,89,67,48,63,29,164,4,73,41,114,112,165,153,7,77,60,24,0,84,85,66,118,124,51,90,9,197,168,14,142,101,81,36,33,100,111,122,98,139,105,180,107,120,30,64,96,76,134,74,173,116,10,42,27,169,187,39,95,1,125,145,127,128,129,18,181,148,133,103,92,136,137,43,194,146,191,31,82,144,121,162,171,149,152,78,151,97,130,113,155,17,21,108,159,109,135,140,50,65,94,166,80,93,178,170,75,172,79,117,102,110,177,40,179,58,161,182,22,195,83,186,54,119,72,71,56,5,141,19,184,70,104,143,156];False
7254;7910;15164;[198,174,23,32,132,87,6,61,38,163,199,49,12,185,167,15,16,160,147,196,192,150,20,190,176,3,157,183,37,138,126,115,25,99,34,35,193,28,8,154,13,46,188,55,44,45,131,47,68,123,106,86,52,91,69,88,53,59,11,57,189,7,175,62,120,2,89,67,48,63,29,164,4,73,41,114,112,165,153,26,77,60,24,0,84,85,66,118,124,51,90,9,197,168,14,187,101,81,36,33,100,111,122,98,139,105,180,107,158,30,64,96,76,134,74,173,116,10,42,27,169,142,39,95,1,125,145,127,128,129,18,181,159,133,103,92,136,137,43,194,146,191,31,82,144,121,162,171,149,152,78,151,97,130,113,155,17,21,108,148,109,135,140,50,65,94,166,80,93,178,170,75,172,79,117,102,110,177,40,179,58,161,182,22,195,83,186,54,119,72,71,56,5,141,19,184,70,104,143,156];False
7376;7787;15163;[198,174,23,32,132,87,6,88,38,163,199,78,12,185,167,15,16,160,171,196,192,150,20,190,176,3,157,183,37,138,126,115,25,99,34,35,193,28,8,154,13,46,188,55,44,45,131,47,68,123,106,86,52,91,69,61,53,59,11,57,189,26,175,62,120,2,89,107,48,63,29,164,4,73,41,114,112,165,153,7,77,60,24,43,84,85,66,118,124,51,90,9,197,168,14,142,101,81,36,33,100,111,122,98,139,105,180,67,158,30,64,96,76,134,74,173,116,10,42,27,169,187,39,95,1,125,145,127,128,129,18,181,148,133,103,92,136,137,0,194,146,191,31,82,144,121,162,147,149,152,49,151,97,130,113,155,17,21,108,159,109,135,140,50,65,94,166,80,93,178,170,75,172,79,117,102,110,177,40,179,58,161,182,22,195,83,186,54,119,72,71,56,5,141,19,184,70,104,143,156];False
7259;7903;15162;[198,174,23,32,132,129,6,61,38,163,199,49,12,185,167,15,16,160,147,196,192,150,20,190,176,3,157,183,37,138,126,115,25,99,34,35,152,28,8,154,13,46,188,55,44,45,131,47,68,123,106,86,52,91,69,88,53,59,11,57,189,7,175,62,120,2,89,67,48,63,29,164,4,73,41,114,112,165,153,26,77,60,24,0,84,85,66,118,124,51,90,9,197,168,14,187,101,81,36,33,100,111,122,98,139,105,180,107,158,30,64,96,76,134,74,173,116,10,42,27,169,142,39,95,1,125,145,127,128,87,18,181,148,133,103,92,136,137,43,194,146,191,31,82,144,121,162,171,149,193,78,151,97,130,113,155,17,21,108,159,109,135,140,50,65,94,166,80,93,178,170,75,172,79,117,102,110,177,40,179,58,161,182,22,195,83,186,54,119,72,71,56,5,141,19,184,70,104,143,156];False
7383;7775;15158;[198,174,23,32,132,87,6,88,38,163,199,78,12,185,167,15,16,160,147,196,192,150,20,190,176,3,157,183,37,138,126,115,25,99,34,35,193,28,8,154,13,46,188,55,44,45,131,47,68,123,106,86,52,91,69,61,53,59,11,57,189,26,175,62,120,2,89,107,48,63,29,164,4,73,41,114,112,165,153,7,77,60,24,0,84,85,66,118,124,51,90,9,197,168,14,142,101,81,36,33,100,111,122,98,139,105,180,67,158,30,64,96,76,134,74,173,116,10,42,27,169,187,39,95,1,125,145,127,128,129,18,181,148,133,103,92,136,137,43,194,146,191,31,82,144,121,162,171,149,152,49,151,97,130,113,155,17,21,108,159,109,135,140,50,65,94,166,80,93,178,170,75,172,79,117,102,110,177,40,179,58,161,182,22,195,83,186,54,119,72,71,56,5,141,19,184,70,104,143,156];True
7263;7894;15157;[198,174,23,32,132,87,6,61,38,163,199,49,12,185,167,15,16,160,147,196,192,150,20,190,176,3,157,183,37,138,126,115,25,99,34,35,152,28,8,154,13,46,188,55,44,45,131,47,68,123,106,86,52,91,69,88,53,59,11,57,189,7,175,62,120,2,89,137,48,63,29,164,4,73,41,114,112,165,153,26,77,60,24,0,84,85,66,118,124,51,90,9,197,168,14,187,101,81,36,33,100,111,122,98,139,105,180,107,158,30,64,96,76,134,74,173,116,10,42,27,169,142,39,95,1,125,145,127,128,129,18,181,148,133,103,92,136,67,43,194,146,191,31,82,144,121,162,171,149,193,78,151,97,130,113,155,17,21,108,159,109,135,140,50,65,94,166,80,93,178,170,75,172,79,117,102,110,177,40,179,58,161,182,22,195,83,186,54,119,72,71,56,5,141,19,184,70,104,143,156];False
7237;7917;15154;[198,174,190,32,132,87,6,61,38,163,199,49,12,185,167,15,16,160,147,196,192,150,20,23,176,3,157,183,37,138,126,115,25,99,34,35,152,28,8,154,13,46,188,55,44,45,131,47,68,123,106,86,52,91,69,88,53,59,11,57,189,7,175,62,120,2,89,67,48,63,29,164,4,73,41,114,112,165,153,26,77,60,24,0,84,85,66,148,124,51,90,9,197,168,14,187,101,81,36,33,100,111,122,98,139,105,180,107,158,30,64,96,76,134,74,173,116,10,42,27,169,142,39,95,1,125,145,127,128,129,18,181,118,133,103,92,136,137,43,194,146,191,31,82,144,121,162,171,149,193,78,151,97,130,113,155,17,21,108,159,109,135,140,50,65,94,166,80,93,178,170,75,172,79,117,102,110,177,40,179,58,161,182,22,195,83,186,54,119,72,71,56,5,141,19,184,70,104,143,156];False
7168;7984;15152;[198,174,190,32,132,87,6,61,38,163,199,49,12,185,167,15,16,160,147,196,192,150,20,23,176,3,157,183,37,138,126,115,25,99,34,35,152,28,8,154,13,46,188,55,44,45,131,47,68,123,106,86,52,91,69,88,53,59,11,57,140,7,175,62,120,2,89,67,48,63,29,164,4,73,41,114,112,165,153,26,77,60,24,0,84,85,66,118,124,51,90,9,197,168,14,187,101,81,36,33,100,111,122,98,139,105,180,107,158,30,64,96,76,134,74,173,116,10,42,27,169,142,39,95,1,125,145,127,128,129,18,181,148,133,103,92,136,137,43,194,146,191,31,82,144,121,162,171,149,193,78,151,97,130,113,155,17,21,108,159,109,135,189,50,65,94,166,80,93,178,170,75,172,79,117,102,110,177,40,179,58,161,182,22,195,83,186,54,119,72,71,56,5,141,19,184,70,104,143,156];False
7326;7826;15152;[198,174,23,32,132,87,6,61,38,163,199,49,12,185,167,15,16,160,147,196,192,150,20,190,176,3,157,183,37,138,126,115,25,99,34,35,193,28,8,154,13,46,188,55,44,45,131,47,68,123,106,86,52,91,69,88,53,59,11,57,189,26,175,62,120,2,89,67,48,63,29,164,4,73,41,114,112,165,153,7,77,60,24,0,84,85,66,118,124,51,90,9,197,168,14,142,101,81,36,33,100,111,122,98,139,105,180,107,158,30,64,96,76,134,74,173,116,10,42,27,169,187,39,95,1,125,145,127,128,129,18,181,148,133,103,92,136,137,43,194,146,191,31,82,144,121,162,171,149,152,78,151,97,130,113,155,17,21,108,159,109,135,140,50,65,94,166,80,93,178,170,75,172,79,117,102,110,177,40,179,58,161,182,22,195,83,186,54,119,72,71,56,5,141,19,184,70,104,143,156];False
7281;7867;15148;[198,174,23,32,16,87,6,61,38,163,199,49,12,185,167,15,132,160,147,196,192,150,20,190,176,3,157,183,37,138,126,115,25,99,34,35,152,28,8,154,13,46,188,55,44,45,131,47,68,123,106,86,52,91,69,88,53,59,11,57,189,7,175,62,120,2,89,67,48,63,29,164,4,73,41,114,112,165,153,26,77,60,24,0,84,85,66,118,124,51,90,9,197,168,14,187,101,81,36,33,100,111,122,98,139,105,180,107,158,30,64,96,76,134,74,173,116,10,42,27,169,142,39,95,1,125,145,127,128,129,18,181,148,133,103,92,136,137,43,194,146,191,31,82,144,121,162,171,149,193,78,151,97,130,113,155,17,21,108,159,109,135,140,50,65,94,166,80,93,178,170,75,172,79,117,102,110,177,40,179,58,161,182,22,195,83,186,54,119,72,71,56,5,141,19,184,70,104,143,156];False
7222;7925;15147;[198,174,23,32,132,87,6,61,38,163,199,49,178,185,167,15,16,160,147,196,192,150,20,190,176,3,157,183,37,138,126,115,25,99,34,35,152,28,8,154,13,46,188,55,44,45,131,47,68,123,106,86,52,91,69,88,53,59,11,57,189,7,175,62,120,2,89,67,48,63,29,164,4,73,41,114,112,165,153,26,77,60,24,0,84,85,66,118,124,51,90,9,197,168,14,187,101,81,36,33,100,111,122,98,139,105,180,107,158,30,64,96,76,134,74,173,116,10,42,27,169,142,39,95,1,125,145,127,128,129,18,181,148,133,103,92,136,137,43,194,146,191,31,82,144,121,162,171,149,193,78,151,97,130,113,155,17,21,108,159,109,135,140,50,65,94,166,80,93,12,170,75,172,79,117,102,110,177,40,179,58,161,182,22,195,83,186,54,119,72,71,56,5,141,19,184,70,104,143,156];False
7275;7869;15144;[198,174,23,32,132,87,6,61,38,163,199,49,12,185,167,15,16,160,147,196,192,150,20,190,176,3,157,183,159,138,126,115,25,99,34,35,193,28,8,154,13,46,188,55,44,45,131,47,68,123,106,86,52,91,69,88,53,59,11,57,189,7,175,62,120,2,89,67,48,63,29,164,4,73,41,114,112,165,153,26,77,60,24,0,84,85,66,118,124,51,90,9,197,168,14,187,101,81,36,33,100,111,122,98,139,105,180,107,158,30,64,96,76,134,74,173,116,10,42,27,169,142,39,95,1,125,145,127,128,129,18,181,148,133,103,92,136,137,43,194,146,191,31,82,144,121,162,171,149,152,78,151,97,130,113,155,17,21,108,37,109,135,140,50,65,94,166,80,93,178,170,75,172,79,117,102,110,177,40,179,58,161,182,22,195,83,186,54,119,72,71,56,5,141,19,184,70,104,143,156];False
7305;7835;15140;[198,174,23,32,132,87,6,61,38,163,199,49,12,185,167,15,16,160,147,196,192,150,20,190,176,3,157,183,37,138,126,115,25,99,34,35,193,28,8,154,13,46,188,55,44,45,131,47,68,123,106,86,52,91,69,88,53,59,11,57,189,26,175,62,120,2,89,67,48,63,29,164,4,73,41,114,112,165,153,7,77,60,24,0,84,85,66,118,124,51,90,9,197,168,14,187,101,81,36,33,100,111,122,98,139,105,180,107,158,30,64,96,76,134,74,173,116,10,42,27,169,142,39,95,1,125,145,127,128,129,18,181,148,133,103,92,136,137,43,194,146,191,31,82,144,121,162,171,149,152,78,151,97,130,113,155,17,21,108,159,109,135,140,50,65,94,166,80,93,178,170,75,172,79,117,102,110,177,40,179,58,161,182,22,195,83,186,54,119,72,71,56,5,141,19,184,70,104,143,156];False
7252;7887;15139;[198,174,190,32,132,87,6,61,38,163,199,49,12,185,167,15,16,160,147,196,192,150,20,23,176,3,157,183,37,138,126,115,25,99,34,35,152,28,8,154,13,46,188,55,44,45,131,47,68,123,106,86,52,91,69,88,53,59,11,57,189,7,175,62,120,2,89,67,48,63,29,164,4,73,41,114,112,165,153,26,77,60,24,0,84,85,66,118,124,51,90,9,197,168,104,187,101,81,36,33,100,111,122,98,139,105,180,107,158,30,64,96,76,134,74,173,116,10,42,27,169,142,39,95,1,125,145,127,128,129,18,181,148,133,103,92,136,137,43,194,146,191,31,82,144,121,162,171,149,193,78,151,97,130,113,155,17,21,108,159,109,135,140,50,65,94,166,80,93,178,170,75,172,79,117,102,110,177,40,179,58,161,182,22,195,83,186,54,119,72,71,56,5,141,19,184,70,14,143,156];False
7273;7865;15138;[198,174,23,32,132,87,6,61,38,163,199,49,12,185,167,15,16,160,147,196,192,150,20,190,176,3,157,183,37,138,126,115,25,99,34,35,193,28,8,154,13,46,188,55,44,45,131,47,68,123,106,86,52,91,69,88,53,59,11,57,189,26,175,62,120,2,89,67,48,63,29,164,4,73,41,114,112,165,153,7,186,60,24,0,84,85,66,118,124,51,90,9,197,168,14,142,101,81,36,33,100,111,122,98,139,105,180,107,158,30,64,96,76,134,74,173,116,10,42,27,169,187,39,95,1,125,145,127,128,129,18,181,148,133,103,92,136,137,43,194,146,191,31,82,144,121,162,171,149,152,78,151,97,130,113,155,17,21,108,159,109,135,140,50,65,94,166,80,93,178,170,75,172,79,117,102,110,177,40,179,58,161,182,22,195,83,77,54,119,72,71,56,5,141,19,184,70,104,143,156];False
7208;7930;15138;[198,174,23,32,132,87,6,61,38,163,199,49,12,185,167,15,16,160,147,196,192,150,20,190,176,3,157,183,37,138,126,115,25,99,34,35,152,28,8,154,13,46,188,55,44,45,131,47,68,123,106,86,52,91,69,88,53,59,11,57,189,7,175,62,120,2,89,67,48,63,29,164,4,73,41,114,112,165,153,26,77,60,24,0,84,85,66,118,100,51,90,9,197,168,14,187,101,81,36,33,124,111,122,98,139,105,180,107,158,30,64,96,76,134,74,173,116,10,42,27,169,142,39,95,1,125,145,127,128,129,18,181,148,133,103,92,136,137,43,194,146,191,31,82,144,121,162,171,149,193,78,151,97,130,113,155,17,21,108,159,109,135,140,50,65,94,166,80,93,178,170,75,172,79,117,102,110,177,40,179,58,161,182,22,195,83,186,54,119,72,71,56,5,141,19,184,70,104,143,156];False
7206;7932;15138;[198,174,190,32,132,87,6,61,38,163,199,49,12,109,167,15,16,160,147,196,192,150,20,23,176,3,157,183,37,138,126,115,25,99,34,35,152,28,8,154,13,46,188,55,44,45,131,47,68,123,106,86,52,91,69,88,53,59,11,57,189,7,175,62,120,2,89,67,48,63,29,164,4,73,41,114,112,165,153,26,77,60,24,0,84,85,66,118,124,51,90,9,197,168,14,187,101,81,36,33,100,111,122,98,139,105,180,107,158,30,64,96,76,134,74,173,116,10,42,27,169,142,39,95,1,125,145,127,128,129,18,181,148,133,103,92,136,137,43,194,146,191,31,82,144,121,162,171,149,193,78,151,97,130,113,155,17,21,108,159,185,135,140,50,65,94,166,80,93,178,170,75,172,79,117,102,110,177,40,179,58,161,182,22,195,83,186,54,119,72,71,56,5,141,19,184,70,104,143,156];False
7255;7882;15137;[198,174,190,32,132,87,6,61,38,163,199,49,12,185,167,15,16,160,147,196,192,150,20,23,176,3,170,183,37,138,126,115,25,99,34,35,152,28,8,154,13,46,188,55,44,45,131,47,68,123,106,86,52,91,69,88,53,59,11,57,189,7,175,62,120,2,89,67,48,63,29,164,4,73,41,114,112,165,153,26,77,60,24,0,84,85,66,118,124,51,90,9,197,168,14,187,101,81,36,33,100,111,122,98,139,105,180,107,158,30,64,96,76,134,74,173,116,10,42,27,169,142,39,95,1,125,145,127,128,129,18,181,148,133,103,92,136,137,43,194,146,191,31,82,144,121,162,171,149,193,78,151,97,130,113,155,17,21,108,159,109,135,140,50,65,94,166,80,93,178,157,75,172,79,117,102,110,177,40,179,58,161,182,22,195,83,186,54,119,72,71,56,5,141,19,184,70,104,143,156];False
7304;7831;15135;[198,174,23,32,132,87,6,61,38,163,199,49,12,185,167,15,16,160,147,196,192,150,20,190,176,197,157,183,37,138,126,115,25,99,34,35,193,28,8,154,13,46,188,55,44,45,131,47,68,123,106,86,52,91,69,88,53,59,11,57,189,26,175,62,120,2,89,67,48,63,29,164,4,73,41,114,112,165,153,7,77,60,24,0,84,85,66,118,124,51,90,9,3,168,14,142,101,81,36,33,100,111,122,98,139,105,180,107,158,30,64,96,76,134,74,173,116,10,42,27,169,187,39,95,1,125,145,127,128,129,18,181,148,133,103,92,136,137,43,194,146,191,31,82,144,121,162,171,149,152,78,151,97,130,113,155,17,21,108,159,109,135,140,50,65,94,166,80,93,178,170,75,172,79,117,102,110,177,40,179,58,161,182,22,195,83,186,54,119,72,71,56,5,141,19,184,70,104,143,156];False
7343;7791;15134;[198,174,23,32,132,87,6,88,38,163,199,78,12,185,167,15,16,160,147,196,192,150,20,190,176,3,157,183,37,138,126,115,25,99,34,35,193,28,8,154,13,46,188,55,44,45,131,47,68,123,106,86,52,91,69,53,61,59,11,57,189,26,175,62,120,2,89,107,48,63,29,164,4,73,41,114,112,165,153,7,77,60,24,0,84,85,66,118,124,51,90,9,197,168,14,142,101,81,36,33,100,111,122,98,139,105,180,67,158,30,64,96,76,134,74,173,116,10,42,27,169,187,39,95,1,125,145,127,128,129,18,181,148,133,103,92,136,137,43,194,146,191,31,82,144,121,162,171,149,152,49,151,97,130,113,155,17,21,108,159,109,135,140,50,65,94,166,80,93,178,170,75,172,79,117,102,110,177,40,179,58,161,182,22,195,83,186,54,119,72,71,56,5,141,19,184,70,104,143,156];False
7293;7838;15131;[198,174,23,53,132,87,6,61,38,163,199,49,12,185,167,15,16,160,147,196,192,150,20,190,176,3,157,183,37,138,126,115,25,99,34,35,193,28,8,154,13,46,188,55,44,45,131,47,68,123,106,86,52,91,69,88,32,59,11,57,189,26,175,62,120,2,89,67,48,63,29,164,4,73,41,114,112,165,153,7,77,60,24,0,84,85,66,118,124,51,90,9,197,168,14,142,101,81,36,33,100,111,122,98,139,105,180,107,158,30,64,96,76,134,74,173,116,10,42,27,169,187,39,95,1,125,145,127,128,129,18,181,148,133,103,92,136,137,43,194,146,191,31,82,144,121,162,171,149,152,78,151,97,130,113,155,17,21,108,159,109,135,140,50,65,94,166,80,93,178,170,75,172,79,117,102,110,177,40,179,58,161,182,22,195,83,186,54,119,72,71,56,5,141,19,184,70,104,143,156];False
7227;7898;15125;[198,174,23,32,132,87,6,61,38,163,199,49,12,185,167,15,16,160,147,196,192,150,20,190,176,3,157,183,37,138,126,115,25,99,34,35,152,28,8,154,13,46,188,55,44,45,131,47,68,123,106,86,52,91,69,88,53,59,11,57,189,7,175,62,120,2,89,67,48,63,29,164,4,73,41,114,112,165,153,26,77,60,24,0,84,85,66,118,124,51,90,9,197,168,14,187,101,81,36,33,100,111,122,98,139,105,180,107,158,30,64,96,76,134,74,173,116,10,42,27,169,142,39,95,1,125,145,127,128,129,70,181,148,133,103,92,136,137,43,194,146,191,31,82,144,121,162,171,149,193,78,151,97,130,113,155,17,21,108,159,109,135,140,50,65,94,166,80,93,178,170,75,172,79,117,102,110,177,40,179,58,161,182,22,195,83,186,54,119,72,71,56,5,141,19,184,18,104,143,156];False
7336;7785;15121;[198,174,23,32,132,87,6,88,38,163,199,78,12,185,167,15,16,160,147,196,192,150,20,190,176,3,157,183,37,138,126,115,25,99,34,35,193,28,8,154,13,46,188,55,44,45,131,47,68,123,106,86,52,91,69,61,53,59,11,57,189,26,175,62,120,2,89,107,48,63,29,164,4,73,41,114,112,165,153,7,77,60,24,0,84,85,66,118,124,51,90,9,197,168,14,142,101,81,36,33,100,111,122,98,139,105,180,67,158,30,64,96,76,134,74,173,116,10,42,27,169,187,39,95,1,125,145,127,128,129,18,181,148,133,103,92,136,137,43,194,146,191,31,82,144,121,162,171,149,152,49,151,97,130,113,155,17,21,108,159,109,135,140,50,65,94,166,80,93,104,170,75,172,79,117,102,110,177,40,179,58,161,182,22,195,83,186,54,119,72,71,56,5,141,19,184,70,178,143,156];True
7234;7887;15121;[198,174,190,32,132,87,6,61,38,163,199,49,12,185,167,15,16,160,147,196,192,150,20,23,176,3,157,183,37,138,126,115,25,99,34,35,152,28,8,154,13,46,188,55,44,45,131,47,68,123,106,86,52,91,69,88,53,59,11,57,189,7,175,62,120,2,89,67,48,63,29,164,4,73,41,161,112,165,153,26,77,60,24,0,84,85,66,118,124,51,90,9,197,168,14,187,101,81,36,33,100,111,122,98,139,105,180,107,158,30,64,96,76,134,74,173,116,10,42,27,169,142,39,95,1,125,145,127,128,129,18,181,148,133,103,92,136,137,43,194,146,191,31,82,144,121,162,171,149,193,78,151,97,130,113,155,17,21,108,159,109,135,140,50,65,94,166,80,93,178,170,75,172,79,117,102,110,177,40,179,58,114,182,22,195,83,186,54,119,72,71,56,5,141,19,184,70,104,143,156];False
7247;7874;15121;[198,174,23,32,132,87,6,61,38,163,199,49,12,185,167,15,16,160,147,196,192,150,20,190,176,3,157,183,37,138,126,115,25,99,34,35,193,28,8,154,13,46,188,55,44,45,131,47,68,123,106,86,52,91,69,88,53,59,11,57,189,7,175,62,120,2,89,67,48,63,29,164,4,73,41,114,112,165,153,26,77,60,24,0,84,85,66,118,124,51,90,9,197,168,14,187,101,81,36,33,100,111,122,98,139,105,180,107,158,30,64,96,76,134,74,173,116,10,42,27,169,142,39,95,1,125,145,127,128,129,18,181,152,133,103,92,136,137,43,194,146,191,31,82,144,121,162,171,149,148,78,151,97,130,113,155,17,21,108,159,109,135,140,50,65,94,166,80,93,178,170,75,172,79,117,102,110,177,40,179,58,161,182,22,195,83,186,54,119,72,71,56,5,141,19,184,70,104,143,156];False
7242;7879;15121;[198,174,23,32,132,87,6,61,38,163,199,49,12,185,167,15,16,160,147,196,192,150,20,190,176,3,157,183,37,138,126,115,25,99,34,35,193,28,8,154,13,46,188,55,44,45,131,47,68,123,106,86,52,91,69,88,158,59,11,57,189,7,175,62,120,2,89,67,48,63,29,164,4,73,41,114,112,165,153,26,77,60,24,0,84,85,66,118,124,51,90,9,197,168,14,187,101,81,36,33,100,111,122,98,139,105,180,107,53,30,64,96,76,134,74,173,116,10,42,27,169,142,39,95,1,125,145,127,128,129,18,181,148,133,103,92,136,137,43,194,146,191,31,82,144,121,162,171,149,152,78,151,97,130,113,155,17,21,108,159,109,135,140,50,65,94,166,80,93,178,170,75,172,79,117,102,110,177,40,179,58,161,182,22,195,83,186,54,119,72,71,56,5,141,19,184,70,104,143,156];False
7204;7911;15115;[198,174,190,32,189,87,6,61,38,163,199,49,12,185,167,15,16,156,147,196,192,150,20,23,176,3,157,183,37,138,126,115,25,99,34,35,152,28,8,154,13,46,188,55,44,45,131,47,68,123,50,86,52,91,69,88,53,59,11,57,132,7,175,62,120,2,89,67,48,63,29,164,4,73,41,114,112,165,153,26,77,60,24,0,84,85,66,118,124,51,90,9,197,168,14,187,101,81,36,33,100,111,122,98,139,105,180,107,158,30,64,96,76,134,74,173,116,10,42,27,169,142,39,95,1,125,145,127,128,129,18,181,148,133,103,92,136,137,43,194,146,191,31,82,144,121,162,171,149,193,78,151,97,130,113,155,140,21,108,159,109,135,17,106,65,94,166,80,93,178,170,75,172,79,117,102,110,177,40,179,58,161,182,22,195,83,186,54,119,72,71,56,5,141,19,184,70,104,143,160];False
7240;7868;15108;[198,174,23,32,132,87,6,61,38,163,199,49,12,185,167,15,16,160,147,196,192,150,20,190,176,3,157,183,37,138,126,115,25,99,34,35,193,28,8,154,13,46,188,55,44,45,131,47,68,123,106,86,52,91,69,88,53,59,11,57,189,7,175,62,120,2,89,67,48,63,29,164,4,73,41,114,112,165,153,26,77,60,24,0,84,85,66,118,124,51,90,9,197,168,14,187,101,81,36,33,100,111,122,98,139,105,180,107,158,30,64,96,76,134,74,173,116,10,42,27,169,142,39,95,1,125,145,127,128,129,18,181,148,141,103,92,136,137,43,194,146,191,31,82,144,121,162,171,149,152,78,151,97,130,113,155,17,21,108,159,109,135,140,50,65,94,166,80,93,178,170,75,172,79,117,102,110,177,40,179,58,161,182,22,195,83,186,54,119,72,71,56,5,133,19,184,70,104,143,156];False
7218;7890;15108;[198,174,23,32,132,87,6,61,38,163,199,49,12,185,167,15,16,160,147,196,192,150,20,190,176,3,157,183,37,138,126,5,25,99,34,35,152,28,8,154,13,46,188,55,44,45,131,47,68,123,106,86,52,91,69,88,53,59,11,57,189,7,175,62,120,2,89,67,48,63,29,164,4,73,41,114,112,165,153,26,77,60,24,0,84,85,66,118,124,51,90,9,197,168,14,187,101,81,36,33,100,111,122,98,139,105,180,107,158,30,64,96,76,134,74,173,116,10,42,27,169,142,39,95,1,125,145,127,128,129,18,181,148,133,103,92,136,137,43,194,146,191,31,82,144,121,162,171,149,193,78,151,97,130,113,155,17,21,108,159,109,135,140,50,65,94,166,80,93,178,170,75,172,79,117,102,110,177,40,179,58,161,182,22,195,83,186,54,119,72,71,56,115,141,19,184,70,104,143,156];False
7291;7814;15105;[198,174,23,32,132,87,6,88,38,163,199,78,12,185,167,15,16,160,147,196,192,150,20,190,4,3,157,183,37,138,126,115,25,99,34,35,193,28,8,154,13,46,188,55,44,45,131,47,68,123,106,86,52,91,69,61,53,59,11,57,189,26,175,62,120,2,89,107,48,63,29,164,176,73,41,114,112,165,153,7,77,60,24,0,84,85,66,118,124,51,90,9,197,168,14,142,101,81,36,33,100,111,122,98,139,105,180,67,158,30,64,96,76,134,74,173,116,10,42,27,169,187,39,95,1,125,145,127,128,129,18,181,148,133,103,92,136,137,43,194,146,191,31,82,144,121,162,171,149,152,49,151,97,130,113,155,17,21,108,159,109,135,140,50,65,94,166,80,93,178,170,75,172,79,117,102,110,177,40,179,58,161,182,22,195,83,186,54,119,72,71,56,5,141,19,184,70,104,143,156];False
7185;7918;15103;[198,174,190,32,189,87,6,61,38,163,199,49,12,185,167,15,16,156,147,196,192,150,20,23,176,3,157,183,37,138,126,115,25,99,34,35,152,28,8,154,13,46,188,55,44,45,131,47,68,123,50,86,52,91,69,88,53,59,11,57,132,7,175,62,120,2,89,67,48,63,29,164,4,73,41,114,112,165,153,26,77,60,24,0,84,85,66,118,124,51,90,9,197,168,14,187,101,81,36,33,100,111,122,98,139,105,180,107,158,30,64,96,76,134,74,173,116,10,42,27,169,142,39,95,1,125,145,127,128,129,18,181,148,133,103,92,136,137,43,194,146,191,31,82,144,121,162,171,149,193,78,151,97,130,113,155,17,21,108,159,109,135,140,106,65,94,166,80,93,178,170,75,172,79,117,102,83,177,40,179,58,161,182,22,195,110,186,54,119,72,71,56,5,141,19,184,70,104,143,160];False
7159;7942;15101;[198,174,190,32,189,87,6,61,38,163,199,49,12,185,167,15,16,156,147,196,192,150,20,23,176,3,157,183,37,138,126,115,25,99,34,35,152,28,8,154,13,46,188,55,44,45,131,47,68,123,50,86,52,91,69,88,53,59,11,57,132,7,175,62,120,2,89,67,48,63,29,164,4,73,41,114,112,165,153,26,77,60,24,0,84,85,66,118,124,51,90,9,197,168,14,187,101,81,36,33,100,111,122,98,139,105,180,107,158,30,64,96,76,134,74,173,116,10,42,27,169,142,39,178,1,125,145,127,128,129,18,181,148,133,103,92,136,137,43,194,146,191,31,82,144,121,162,171,149,193,78,151,97,130,113,155,17,21,108,159,109,135,140,106,65,94,166,80,93,95,170,75,172,79,117,102,110,177,40,179,58,161,182,22,195,83,186,54,119,72,71,56,5,141,19,184,70,104,143,160];False
7304;7796;15100;[198,174,23,32,132,87,6,88,38,163,199,78,12,185,167,15,16,160,147,196,192,150,20,190,176,3,157,183,37,138,126,115,25,99,34,35,193,28,8,154,13,46,188,55,44,45,131,47,68,123,106,86,52,91,69,61,53,59,11,57,189,26,175,62,120,2,89,107,48,63,29,164,4,73,41,114,112,165,153,7,77,60,24,83,84,85,66,118,124,51,90,9,197,168,14,142,101,81,36,33,100,111,122,98,139,105,180,67,158,30,64,96,76,134,74,173,116,10,42,27,169,187,39,95,1,125,145,127,128,129,18,181,148,133,103,92,136,137,43,194,146,191,31,82,144,121,162,171,149,152,49,151,97,130,113,155,17,21,108,159,109,135,140,50,65,94,166,80,93,178,170,75,172,79,117,102,110,177,40,179,58,161,182,22,195,0,186,54,119,72,71,56,5,141,19,184,70,104,143,156];True
7166;7934;15100;[198,174,190,32,132,87,6,61,38,163,199,49,12,185,167,15,16,160,147,196,192,150,20,23,176,3,157,183,37,138,126,115,25,152,34,35,99,28,8,154,13,46,188,55,44,45,131,47,68,123,106,86,52,91,69,88,53,59,11,57,189,7,175,62,120,2,89,67,48,63,29,164,4,73,41,114,112,165,153,26,77,60,24,0,84,85,66,118,124,51,90,9,197,168,14,187,101,81,36,33,100,111,122,98,139,105,180,107,158,30,64,96,76,134,74,173,116,10,42,27,169,142,39,95,1,125,145,127,128,129,18,181,148,133,103,92,136,137,43,194,146,191,31,82,144,121,162,171,149,193,78,151,97,130,113,155,17,21,108,159,109,135,140,50,65,94,166,80,93,178,170,75,172,79,117,102,110,177,40,179,58,161,182,22,195,83,186,54,119,72,71,56,5,141,19,184,70,104,143,156];False
7242;7857;15099;[198,174,23,188,132,87,6,61,38,163,199,49,12,185,167,15,16,160,147,196,192,150,20,190,176,3,157,183,37,138,126,115,25,99,34,35,193,28,8,154,13,46,32,55,44,45,131,47,68,123,106,86,52,91,69,88,53,59,11,57,189,7,175,62,120,2,89,67,48,63,29,164,4,73,41,114,112,165,153,26,77,60,24,0,84,85,66,118,124,51,90,9,197,168,14,187,101,81,36,33,100,111,122,98,139,105,180,107,158,30,64,96,76,134,74,173,116,10,42,27,169,142,39,95,1,125,145,127,128,129,18,181,148,133,103,92,136,137,43,194,146,191,31,82,144,121,162,171,149,152,78,151,97,130,113,155,17,21,108,159,109,135,140,50,65,94,166,80,93,178,170,75,172,79,117,102,110,177,40,179,58,161,182,22,195,83,186,54,119,72,71,56,5,141,19,184,70,104,143,156];False
7205;7892;15097;[198,174,23,32,132,87,6,61,38,163,199,49,12,185,167,15,16,160,147,196,192,150,20,190,176,3,157,183,37,138,126,115,25,99,34,35,152,28,8,154,13,46,188,55,44,45,131,47,68,123,106,86,52,91,69,88,53,59,11,57,189,7,175,62,120,2,89,67,48,63,29,164,4,73,41,114,112,165,153,26,77,60,24,0,84,85,66,118,124,51,90,9,197,168,14,187,101,81,36,33,100,111,122,98,139,105,180,107,158,30,64,96,76,1,74,173,116,10,42,27,169,142,39,95,134,125,145,127,128,129,18,181,148,133,103,92,136,137,43,194,146,191,31,82,144,121,162,171,149,193,78,151,97,130,113,155,17,21,108,159,109,135,140,50,65,94,166,80,93,178,170,75,172,79,117,102,110,177,40,179,58,161,182,22,195,83,186,54,119,72,71,56,5,141,19,184,70,104,143,156];False
7140;7946;15086;[198,174,190,32,189,87,6,61,38,163,199,49,12,185,167,15,16,156,147,196,192,150,20,23,176,3,157,183,37,138,126,115,25,99,34,35,152,28,8,154,13,46,188,55,44,45,131,47,68,123,50,86,52,91,69,88,53,59,11,57,132,7,175,62,120,2,89,67,48,63,29,164,4,73,41,114,112,165,153,26,77,60,24,0,84,85,66,118,124,51,90,9,197,168,14,187,1,81,36,33,100,111,122,98,139,105,180,107,158,30,64,96,76,134,74,173,116,10,42,27,169,142,39,95,101,125,145,127,128,129,18,181,148,133,103,92,136,137,43,194,146,191,31,82,144,121,162,171,149,193,78,151,97,130,113,155,17,21,108,159,109,135,140,106,65,94,166,80,93,178,170,75,172,79,117,102,110,177,40,179,58,161,182,22,195,83,186,54,119,72,71,56,5,141,19,184,70,104,143,160];False
7227;7857;15084;[198,174,23,32,132,87,6,61,38,163,199,49,12,185,167,15,16,160,147,196,192,150,20,190,176,3,157,183,37,138,126,115,25,99,34,35,193,28,8,154,13,46,188,55,44,45,131,47,68,123,106,86,52,91,69,88,53,59,11,57,189,7,175,62,120,2,89,67,48,63,29,164,4,73,41,114,112,165,153,26,77,60,24,0,84,85,66,118,124,51,90,9,197,168,14,187,101,81,36,33,100,111,122,98,139,105,180,107,158,30,64,96,76,134,74,173,116,10,42,27,169,142,39,95,1,125,145,127,128,129,18,181,148,133,103,92,136,137,43,194,146,191,31,82,144,121,162,171,149,152,78,151,97,130,113,155,17,21,108,159,109,135,140,50,65,94,166,80,93,178,170,75,172,79,117,102,110,177,40,179,58,161,182,22,195,83,186,54,119,72,71,56,5,141,19,184,70,104,143,156];False
7181;7902;15083;[198,174,23,32,132,87,6,61,38,163,199,49,12,185,167,15,16,160,147,196,192,150,20,190,176,3,157,183,37,138,126,115,25,99,34,35,152,28,8,154,13,46,188,55,44,45,131,47,68,123,106,86,52,91,69,88,53,59,11,57,189,7,175,62,120,2,89,67,48,63,29,164,4,73,41,114,112,165,153,26,77,60,24,0,84,85,66,118,124,51,90,9,197,168,14,187,101,81,36,33,100,111,122,98,139,105,180,107,158,30,64,96,76,134,74,173,116,10,42,27,169,39,142,95,1,125,145,127,128,129,18,181,148,133,103,92,136,137,43,194,146,191,31,82,144,121,162,171,149,193,78,151,97,130,113,155,17,21,108,159,109,135,140,50,65,94,166,80,93,178,170,75,172,79,117,102,110,177,40,179,58,161,182,22,195,83,186,54,119,72,71,56,5,141,19,184,70,104,143,156];False
7137;7943;15080;[198,174,190,32,132,87,6,61,38,163,199,49,12,185,167,15,16,160,147,196,192,150,20,23,176,3,157,183,37,138,126,115,25,99,34,35,152,28,8,154,13,46,188,55,44,45,131,118,68,123,106,86,52,91,69,88,53,59,11,57,189,7,175,62,120,2,89,67,48,63,29,164,4,73,41,114,112,165,153,26,77,60,24,0,84,85,66,47,124,51,90,9,197,168,14,187,101,81,36,33,100,111,122,98,139,105,180,107,158,30,64,96,76,134,74,173,116,10,42,27,169,142,39,95,1,125,145,127,128,129,18,181,148,133,103,92,136,137,43,194,146,191,31,82,144,121,162,171,149,193,78,151,97,130,113,155,17,21,108,159,109,135,140,50,65,94,166,80,93,178,170,75,172,79,117,102,110,177,40,179,58,161,182,22,195,83,186,54,119,72,71,56,5,141,19,184,70,104,143,156];False
7122;7955;15077;[198,174,190,32,189,87,6,61,38,163,199,49,150,185,167,15,16,156,147,196,192,12,20,23,176,3,157,183,37,138,126,115,25,99,34,35,152,28,8,154,13,46,188,55,44,45,131,47,68,123,50,86,52,91,69,88,53,59,11,57,132,7,175,62,120,2,89,67,48,63,29,164,4,73,41,114,112,165,153,26,77,60,24,0,84,85,66,118,124,51,90,9,197,168,14,187,101,81,36,33,100,111,122,98,139,105,180,107,158,30,64,96,76,134,74,173,116,10,42,27,169,142,39,95,1,125,145,127,128,129,18,181,148,133,103,92,136,137,43,194,146,191,31,82,144,121,162,171,149,193,78,151,97,130,113,155,17,21,108,159,109,135,140,106,65,94,166,80,93,178,170,75,172,79,117,102,110,177,40,179,58,161,182,22,195,83,186,54,119,72,71,56,5,141,19,184,70,104,143,160];False
7191;7881;15072;[198,174,23,32,132,87,6,61,38,163,199,49,12,185,167,15,16,160,147,196,192,150,20,190,176,3,157,183,37,138,126,115,25,99,34,35,152,28,8,154,13,46,188,55,44,45,131,47,68,123,106,86,52,91,69,88,53,59,11,57,189,7,175,62,120,2,89,67,48,63,29,164,4,73,41,114,112,165,153,26,77,60,24,0,85,84,66,118,124,51,90,9,197,168,14,187,101,81,36,33,100,111,122,98,139,105,180,107,158,30,64,96,76,134,74,173,116,10,42,27,169,142,39,95,1,125,145,127,128,129,18,181,148,133,103,92,136,137,43,194,146,191,31,82,144,121,162,171,149,193,78,151,97,130,113,155,17,21,108,159,109,135,140,50,65,94,166,80,93,178,170,75,172,79,117,102,110,177,40,179,58,161,182,22,195,83,186,54,119,72,71,56,5,141,19,184,70,104,143,156];False
7206;7864;15070;[198,174,23,32,132,87,6,61,38,163,199,49,12,185,167,15,16,160,147,196,192,150,20,190,176,3,157,183,37,138,126,115,25,99,34,35,152,28,8,154,13,46,188,55,44,45,131,47,68,123,106,86,52,91,69,88,53,59,11,57,189,7,175,62,120,2,89,67,48,63,29,164,4,73,41,114,112,165,153,26,77,60,24,0,84,85,66,118,124,51,90,9,197,168,14,187,101,81,36,33,100,111,122,98,139,105,180,107,158,30,64,96,76,134,74,173,116,10,42,27,169,142,39,95,1,125,145,127,128,129,18,181,148,133,103,92,136,137,43,194,146,191,31,82,144,121,162,171,149,193,78,151,97,130,113,155,17,21,108,159,109,135,140,50,65,94,166,80,93,178,170,75,172,79,117,102,110,177,40,179,58,161,182,22,195,83,186,54,119,72,71,56,5,141,19,184,70,104,143,156];True
7136;7929;15065;[198,174,190,32,189,87,6,61,38,163,199,49,12,185,167,15,16,156,147,196,192,150,20,23,176,3,157,183,37,138,126,115,25,99,34,35,152,28,8,154,13,46,188,55,44,45,131,47,135,123,50,86,52,91,69,88,53,59,11,57,132,7,175,62,120,2,89,67,48,63,29,164,4,73,41,114,112,165,153,26,77,60,24,0,84,85,66,118,124,51,90,9,197,168,14,187,101,81,36,33,100,111,122,98,139,105,180,107,158,30,64,96,76,134,74,173,116,10,42,27,169,142,39,95,1,125,145,127,128,129,18,181,148,133,103,92,136,137,43,194,146,191,31,82,144,121,162,171,149,193,78,151,97,130,113,155,17,21,108,159,109,68,140,106,65,94,166,80,93,178,170,75,172,79,117,102,110,177,40,179,58,161,182,22,195,83,186,54,119,72,71,56,5,141,19,184,70,104,143,160];False
7090;7972;15062;[198,174,190,32,189,87,6,61,38,163,199,49,12,185,167,15,16,156,147,196,192,150,20,23,176,3,157,183,37,138,126,115,25,99,34,35,152,28,8,154,13,46,188,55,44,45,131,47,68,123,50,86,52,91,69,88,53,59,11,57,132,7,175,62,120,2,89,67,48,63,29,164,4,73,41,118,112,165,153,26,77,60,24,0,84,85,66,114,124,51,90,9,197,168,14,187,101,81,36,33,100,111,122,98,139,105,180,107,158,30,64,96,76,134,74,173,116,10,42,27,169,142,39,95,1,125,145,127,128,129,18,181,148,133,103,92,136,137,43,194,146,191,31,82,144,121,162,171,149,193,78,151,97,130,113,155,17,21,108,159,109,135,140,106,65,94,166,80,93,178,170,75,172,79,117,102,110,177,40,179,58,161,182,22,195,83,186,54,119,72,71,56,5,141,19,184,70,104,143,160];False
7151;7909;15060;[198,174,23,32,132,87,6,61,38,163,199,49,12,185,167,15,16,160,147,196,192,150,20,190,176,3,157,183,37,138,126,115,25,99,34,35,152,28,8,154,13,46,188,55,44,45,131,172,68,123,106,86,52,91,69,88,53,59,11,57,189,7,175,62,120,2,89,67,48,63,29,164,4,73,41,114,112,165,153,26,77,60,24,0,84,85,66,118,124,51,90,9,197,168,14,187,101,81,36,33,100,111,122,98,139,105,180,107,158,30,64,96,76,134,74,173,116,10,42,27,169,142,39,95,1,125,145,127,128,129,18,181,148,133,103,92,136,137,43,194,146,191,31,82,144,121,162,171,149,193,78,151,97,130,113,155,17,21,108,159,109,135,140,50,65,94,166,80,93,178,170,75,47,79,117,102,110,177,40,179,58,161,182,22,195,83,186,54,119,72,71,56,5,141,19,184,70,104,143,156];False
7171;7886;15057;[198,174,23,32,132,87,6,61,38,163,199,49,12,185,167,15,16,160,147,196,192,150,20,190,176,3,157,183,37,138,126,115,25,99,34,35,152,28,8,154,13,46,188,55,44,45,131,47,68,123,106,86,52,91,69,88,53,59,11,57,189,7,175,62,120,2,89,67,48,63,29,164,4,73,41,114,112,165,153,26,77,60,24,0,84,85,66,118,124,51,90,76,197,168,14,187,101,81,36,33,100,111,122,98,139,105,180,107,158,30,64,96,9,134,74,173,116,10,42,27,169,142,39,95,1,125,145,127,128,129,18,181,148,133,103,92,136,137,43,194,146,191,31,82,144,121,162,171,149,193,78,151,97,130,113,155,17,21,108,159,109,135,140,50,65,94,166,80,93,178,170,75,172,79,117,102,110,177,40,179,58,161,182,22,195,83,186,54,119,72,71,56,5,141,19,184,70,104,143,156];False
7162;7889;15051;[198,174,190,32,189,87,6,61,38,163,199,49,12,185,167,15,16,156,147,196,192,150,20,23,176,3,157,183,37,138,126,115,25,99,34,35,152,28,8,154,13,46,188,55,44,45,131,47,68,123,106,86,52,91,69,88,53,59,11,57,132,7,175,62,120,2,89,67,48,63,29,164,4,73,41,114,112,165,153,26,77,60,24,0,84,85,66,118,124,51,90,9,197,168,14,187,101,81,36,33,100,111,122,98,139,105,180,107,158,30,64,96,76,134,74,173,116,10,42,27,169,142,39,95,1,125,145,127,128,129,18,181,148,133,103,92,136,137,43,194,146,191,31,82,144,121,162,171,149,193,78,151,97,130,113,155,17,21,108,159,109,135,140,50,65,94,166,80,93,178,170,75,172,79,117,102,110,177,40,179,58,161,182,22,195,83,186,54,119,72,71,56,5,141,19,184,70,104,143,160];False
7141;7909;15050;[198,174,190,32,189,87,6,61,38,163,199,49,12,185,167,15,16,156,147,196,192,150,20,23,176,3,157,183,37,138,126,115,25,99,34,35,152,28,8,154,13,46,188,55,44,45,131,47,68,123,50,86,52,91,69,88,53,59,11,57,132,7,175,62,120,2,89,67,48,63,29,164,4,73,41,114,112,165,153,26,77,60,24,0,84,85,66,118,124,51,90,9,197,168,14,187,101,81,36,33,100,111,122,98,139,105,180,107,158,30,64,96,76,116,74,173,134,10,42,27,169,142,39,95,1,125,145,127,128,129,18,181,148,133,103,92,136,137,43,194,146,191,31,82,144,121,162,171,149,193,78,151,97,130,113,155,17,21,108,159,109,135,140,106,65,94,166,80,93,178,170,75,172,79,117,102,110,177,40,179,58,161,182,22,195,83,186,54,119,72,71,56,5,141,19,184,70,104,143,160];False
7166;7882;15048;[198,174,190,32,189,87,6,61,38,163,199,49,12,185,167,15,16,160,147,196,192,150,20,23,176,3,157,183,37,138,126,115,25,99,34,35,152,28,8,154,13,46,188,55,44,45,131,47,68,123,106,86,52,91,69,88,53,59,11,57,132,7,175,62,120,2,89,67,48,63,29,164,4,73,41,114,112,165,153,26,77,60,24,0,84,85,66,118,124,51,90,9,197,168,14,187,101,81,36,33,100,111,122,98,139,105,180,107,158,30,64,96,76,134,74,173,116,10,42,27,169,142,39,95,1,125,145,127,128,129,18,181,148,133,103,92,136,137,43,194,146,191,31,82,144,121,162,171,149,193,78,151,97,130,113,155,17,21,108,159,109,135,140,50,65,94,166,80,93,178,170,75,172,79,117,102,110,177,40,179,58,161,182,22,195,83,186,54,119,72,71,56,5,141,19,184,70,104,143,156];False
7170;7874;15044;[198,174,190,32,132,87,6,61,38,163,199,49,12,185,167,15,16,160,147,196,192,150,20,23,176,3,157,183,37,138,126,115,25,99,34,35,152,28,8,154,13,46,188,55,44,45,131,47,68,123,106,86,52,91,69,88,53,59,11,57,189,7,175,62,120,2,89,67,48,63,29,164,4,73,41,114,112,165,153,26,77,60,24,0,84,85,66,118,124,51,90,9,197,168,14,187,101,81,36,33,100,111,122,98,139,105,180,107,158,30,64,96,76,134,74,173,116,10,42,27,169,142,39,95,1,125,145,127,128,129,18,181,148,133,103,92,136,137,43,194,146,191,31,82,144,121,162,171,149,193,78,151,97,130,113,155,17,21,108,159,109,135,140,50,65,94,166,80,93,178,170,75,172,79,117,102,110,177,40,179,58,161,182,22,195,83,186,54,119,72,71,56,5,141,19,184,70,104,143,156];False
7143;7900;15043;[198,174,190,32,189,87,6,61,38,163,199,49,12,185,167,15,16,156,147,196,192,150,20,23,176,3,157,183,37,197,126,115,25,99,34,35,152,28,8,154,13,46,188,55,44,45,131,47,68,123,50,86,52,91,69,88,53,59,11,57,132,7,175,62,120,2,89,67,48,63,29,164,4,73,41,114,112,165,153,26,77,60,24,0,84,85,66,118,124,51,90,9,138,168,14,187,101,81,36,33,100,111,122,98,139,105,180,107,158,30,64,96,76,134,74,173,116,10,42,27,169,142,39,95,1,125,145,127,128,129,18,181,148,133,103,92,136,137,43,194,146,191,31,82,144,121,162,171,149,193,78,151,97,130,113,155,17,21,108,159,109,135,140,106,65,94,166,80,93,178,170,75,172,79,117,102,110,177,40,179,58,161,182,22,195,83,186,54,119,72,71,56,5,141,19,184,70,104,143,160];False
7137;7902;15039;[198,174,190,32,132,87,6,61,38,163,199,49,12,185,167,15,16,160,147,196,192,150,20,23,176,3,157,183,37,138,126,115,25,99,34,35,152,28,8,154,13,46,188,55,44,45,131,47,68,123,106,86,52,91,69,88,53,59,11,57,189,7,175,62,120,2,89,67,48,63,29,164,4,73,41,114,112,165,153,26,77,60,24,0,84,85,66,118,124,51,90,9,197,168,14,187,101,81,36,33,100,111,122,98,139,105,180,107,158,30,64,96,76,134,74,173,116,10,42,27,169,142,39,95,1,125,145,127,128,129,18,181,148,133,103,92,136,137,43,194,146,191,31,82,144,121,162,171,149,166,78,151,97,130,113,155,17,21,108,159,109,135,140,50,65,94,193,80,93,178,170,75,172,79,117,102,110,177,40,179,58,161,182,22,195,83,186,54,119,72,71,56,5,141,19,184,70,104,143,156];False
7120;7915;15035;[198,174,190,32,189,87,6,61,38,163,199,49,12,185,167,15,16,156,147,196,192,150,20,23,176,3,157,183,37,138,126,115,25,99,34,35,152,28,8,154,13,46,188,55,133,45,131,47,68,123,50,86,52,91,69,88,53,59,11,57,132,7,175,62,120,2,89,67,48,63,29,164,4,73,41,114,112,165,153,26,77,60,24,0,84,85,66,118,124,51,90,9,197,168,14,187,101,81,36,33,100,111,122,98,139,105,180,107,158,30,64,96,76,134,74,173,116,10,42,27,169,142,39,95,1,125,145,127,128,129,18,181,148,44,103,92,136,137,43,194,146,191,31,82,144,121,162,171,149,193,78,151,97,130,113,155,17,21,108,159,109,135,140,106,65,94,166,80,93,178,170,75,172,79,117,102,110,177,40,179,58,161,182,22,195,83,186,54,119,72,71,56,5,141,19,184,70,104,143,160];False
7129;7904;15033;[198,174,190,32,132,87,6,61,38,163,199,49,12,185,167,15,16,160,147,196,192,86,20,23,176,3,157,183,37,138,126,115,25,99,34,35,152,28,8,154,13,46,188,55,44,45,131,47,68,123,106,150,52,91,69,88,53,59,11,57,189,7,175,62,120,2,89,67,48,63,29,164,4,73,41,114,112,165,153,26,77,60,24,0,84,85,66,118,124,51,90,9,197,168,14,187,101,81,36,33,100,111,122,98,139,105,180,107,158,30,64,96,76,134,74,173,116,10,42,27,169,142,39,95,1,125,145,127,128,129,18,181,148,133,103,92,136,137,43,194,146,191,31,82,144,121,162,171,149,193,78,151,97,130,113,155,17,21,108,159,109,135,140,50,65,94,166,80,93,178,170,75,172,79,117,102,110,177,40,179,58,161,182,22,195,83,186,54,119,72,71,56,5,141,19,184,70,104,143,156];False
7214;7812;15026;[198,174,23,32,132,87,6,88,38,163,199,78,12,185,167,15,16,160,147,196,192,150,20,190,176,3,157,183,37,138,126,115,25,99,34,35,193,28,8,154,13,46,188,55,44,45,131,47,68,123,106,86,52,91,69,61,53,59,11,97,189,26,175,62,120,2,89,107,48,63,29,164,4,73,41,114,112,165,153,7,77,60,24,0,84,85,66,118,124,51,90,9,197,168,14,142,101,81,36,33,100,111,122,98,139,105,180,67,158,30,64,96,76,134,74,173,116,10,42,27,169,187,39,95,1,125,145,127,128,129,18,181,148,133,103,92,136,137,43,194,146,191,31,82,144,121,162,171,149,152,49,151,57,130,113,155,17,21,108,159,109,135,140,50,65,94,166,80,93,178,170,75,172,79,117,102,110,177,40,179,58,161,182,22,195,83,186,54,119,72,71,56,5,141,19,184,70,104,143,156];True
7156;7865;15021;[198,174,23,32,132,87,6,61,38,163,199,49,12,185,167,15,16,159,147,196,192,150,20,190,176,3,157,183,37,138,126,115,25,99,34,35,193,28,8,154,13,46,188,55,44,45,131,47,68,123,106,86,52,91,69,88,53,59,11,57,189,7,175,62,120,2,89,67,48,63,29,164,4,73,41,114,112,165,153,26,77,60,24,0,84,85,66,118,124,51,90,9,197,168,14,187,101,81,36,33,100,111,122,98,139,105,180,107,158,30,64,96,76,134,74,173,116,10,42,27,169,142,39,95,1,125,145,127,128,129,18,181,148,133,103,92,136,137,43,194,146,191,31,82,144,121,162,171,149,152,78,151,97,130,113,155,17,21,108,160,109,135,140,50,65,94,166,80,93,178,170,75,172,79,117,102,110,177,40,179,58,161,182,22,195,83,186,54,119,72,71,56,5,141,19,184,70,104,143,156];True
7007;8014;15021;[198,174,190,32,189,87,6,61,38,163,199,49,12,185,167,15,16,156,147,196,192,150,20,23,176,3,157,183,37,138,126,115,25,99,34,35,152,28,8,154,13,46,188,55,44,45,131,47,68,123,50,86,52,91,69,88,53,59,11,57,132,7,175,62,120,2,89,67,48,63,29,164,4,73,41,114,112,165,153,26,77,60,24,0,84,85,66,118,124,27,90,9,197,168,14,187,101,81,36,33,100,111,122,98,139,105,180,107,158,30,64,96,76,134,74,173,116,10,42,51,169,142,39,95,1,125,145,127,128,129,18,181,148,133,103,92,136,137,43,194,146,191,31,82,144,121,162,171,149,193,78,151,97,130,113,155,17,21,108,159,109,135,140,106,65,94,166,80,93,178,170,75,172,79,117,102,110,177,40,179,58,161,182,22,195,83,186,54,119,72,71,56,5,141,19,184,70,104,143,160];False
7100;7914;15014;[198,174,190,32,189,87,6,61,38,163,199,49,12,185,167,15,16,156,147,196,192,150,20,23,176,3,157,183,37,138,126,115,25,99,34,35,152,28,8,154,13,46,188,55,44,45,131,47,160,123,50,86,52,91,69,88,53,59,11,57,132,7,175,62,120,2,89,67,48,63,29,164,4,73,41,114,112,165,153,26,77,60,24,0,84,85,66,118,124,51,90,9,197,168,14,187,101,81,36,33,100,111,122,98,139,105,180,107,158,30,64,96,76,134,74,173,116,10,42,27,169,142,39,95,1,125,145,127,128,129,18,181,148,133,103,92,136,137,43,194,146,191,31,82,144,121,162,171,149,193,78,151,97,130,113,155,17,21,108,159,109,135,140,106,65,94,166,80,93,178,170,75,172,79,117,102,110,177,40,179,58,161,182,22,195,83,186,54,119,72,71,56,5,141,19,184,70,104,143,68];False
7088;7921;15009;[198,174,190,32,189,87,6,61,38,163,199,49,12,185,167,15,16,156,147,196,192,150,20,23,176,3,157,183,37,138,126,115,25,99,34,35,152,28,8,154,13,46,188,55,44,45,131,47,68,123,50,86,52,91,69,88,53,59,11,57,132,7,175,62,120,2,89,67,48,63,29,164,4,73,41,114,112,165,153,26,77,60,24,0,84,85,66,118,124,51,90,128,197,168,14,187,101,81,36,33,100,111,122,98,139,105,180,107,158,30,64,96,76,134,74,173,116,10,42,27,169,142,39,95,1,125,145,127,9,129,18,181,148,133,103,92,136,137,43,194,146,191,31,82,144,121,162,171,149,193,78,151,97,130,113,155,17,21,108,159,109,135,140,106,65,94,166,80,93,178,170,75,172,79,117,102,110,177,40,179,58,161,182,22,195,83,186,54,119,72,71,56,5,141,19,184,70,104,143,160];False
7073;7935;15008;[198,174,190,32,189,87,6,61,38,163,199,49,12,185,167,15,16,156,147,196,192,150,20,23,176,3,157,183,37,138,80,115,25,99,34,35,152,28,8,154,13,46,188,55,44,45,131,47,68,123,50,86,52,91,69,88,53,59,11,57,132,7,175,62,120,2,89,67,48,63,29,164,4,73,41,114,112,165,153,26,77,60,24,0,84,85,66,118,124,51,90,9,197,168,14,187,101,81,36,33,100,111,122,98,139,105,180,107,158,30,64,96,76,134,74,173,116,10,42,27,169,142,39,95,1,125,145,127,128,129,18,181,148,133,103,92,136,137,43,194,146,191,31,82,144,121,162,171,149,193,78,151,97,130,113,155,17,21,108,159,109,135,140,106,65,94,166,126,93,178,170,75,172,79,117,102,110,177,40,179,58,161,182,22,195,83,186,54,119,72,71,56,5,141,19,184,70,104,143,160];False
7075;7932;15007;[198,174,190,32,189,87,6,61,38,163,199,49,12,185,167,15,16,156,147,196,192,150,20,23,176,3,157,183,37,138,126,115,25,99,34,35,152,28,8,154,13,46,188,55,44,45,131,47,68,123,50,86,52,91,69,88,53,59,11,57,132,7,175,62,120,2,89,67,48,63,29,164,4,73,41,114,112,165,153,26,77,60,24,0,84,85,66,118,124,51,90,9,197,168,14,187,101,81,36,33,100,111,122,98,139,105,180,107,158,30,64,96,76,134,74,173,116,10,42,27,169,142,39,95,1,125,145,127,128,129,18,181,148,133,103,92,136,137,43,194,146,191,31,82,144,121,162,171,149,193,78,151,97,130,113,155,17,21,108,159,109,135,140,106,65,94,166,80,93,141,170,75,172,79,117,102,110,177,40,179,58,161,182,22,195,83,186,54,119,72,71,56,5,178,19,184,70,104,143,160];False
7085;7918;15003;[198,174,190,32,189,87,6,61,38,163,199,49,12,185,167,15,16,156,147,196,192,150,20,23,176,3,157,183,37,138,126,115,25,99,34,122,152,28,8,154,13,46,188,55,44,45,131,47,68,123,50,86,52,91,69,88,53,59,11,57,132,7,175,62,120,2,89,67,48,63,29,164,4,73,41,114,112,165,153,26,77,60,24,0,84,85,66,118,124,51,90,9,197,168,14,187,101,81,36,33,100,111,35,98,139,105,180,107,158,30,64,96,76,134,74,173,116,10,42,27,169,142,39,95,1,125,145,127,128,129,18,181,148,133,103,92,136,137,43,194,146,191,31,82,144,121,162,171,149,193,78,151,97,130,113,155,17,21,108,159,109,135,140,106,65,94,166,80,93,178,170,75,172,79,117,102,110,177,40,179,58,161,182,22,195,83,186,54,119,72,71,56,5,141,19,184,70,104,143,160];False
7049;7949;14998;[198,174,190,32,189,87,6,61,38,163,143,49,12,185,167,15,16,156,147,196,192,150,20,23,176,3,157,183,37,138,126,115,25,99,34,35,152,28,8,154,13,46,188,55,44,45,131,47,68,123,50,86,52,91,69,88,53,59,11,57,132,7,175,62,120,2,89,67,48,63,29,164,4,73,41,114,112,165,153,26,77,60,24,0,84,85,66,118,124,51,90,9,197,168,14,187,101,81,36,33,100,111,122,98,139,105,180,107,158,30,64,96,76,134,74,173,116,10,42,27,169,142,39,95,1,125,145,127,128,129,18,181,148,133,103,92,136,137,43,194,146,191,31,82,144,121,162,171,149,193,78,151,97,130,113,155,17,21,108,159,109,135,140,106,65,94,166,80,93,178,170,75,172,79,117,102,110,177,40,179,58,161,182,22,195,83,186,54,119,72,71,56,5,141,19,184,70,104,199,160];False
7035;7959;14994;[198,174,190,32,189,87,6,61,38,163,199,49,12,185,167,15,16,156,147,196,192,150,20,23,176,3,157,183,37,138,126,115,25,99,34,35,152,28,8,154,13,46,188,55,158,45,131,47,68,123,50,86,52,91,69,88,53,59,11,57,132,7,175,62,120,2,89,67,48,63,29,164,4,73,41,114,112,165,153,26,77,60,24,0,84,85,66,118,124,51,90,9,197,168,14,187,101,81,36,33,100,111,122,98,139,105,180,107,44,30,64,96,76,134,74,173,116,10,42,27,169,142,39,95,1,125,145,127,128,129,18,181,148,133,103,92,136,137,43,194,146,191,31,82,144,121,162,171,149,193,78,151,97,130,113,155,17,21,108,159,109,135,140,106,65,94,166,80,93,178,170,75,172,79,117,102,110,177,40,179,58,161,182,22,195,83,186,54,119,72,71,56,5,141,19,184,70,104,143,160];False
7055;7936;14991;[198,174,190,32,132,87,6,61,38,163,199,49,12,185,167,15,16,160,147,196,192,150,20,23,176,3,157,183,37,138,126,115,25,99,34,35,152,28,8,154,13,46,188,55,44,45,131,47,68,123,141,86,52,91,69,88,53,59,11,57,189,7,175,62,120,2,89,67,48,63,29,164,4,73,41,114,112,165,153,26,77,60,24,0,84,85,66,118,124,51,90,9,197,168,14,187,101,81,36,33,100,111,122,98,139,105,180,107,158,30,64,96,76,134,74,173,116,10,42,27,169,142,39,95,1,125,145,127,128,129,18,181,148,133,103,92,136,137,43,194,146,191,31,82,144,121,162,171,149,193,78,151,97,130,113,155,17,21,108,159,109,135,140,50,65,94,166,80,93,178,170,75,172,79,117,102,110,177,40,179,58,161,182,22,195,83,186,54,119,72,71,56,5,106,19,184,70,104,143,156];False
7073;7906;14979;[198,174,190,32,189,87,6,61,38,163,199,49,12,185,167,15,16,156,147,196,192,150,20,23,176,3,157,183,37,138,126,115,25,99,34,35,152,28,8,154,13,46,188,55,44,45,131,47,68,123,50,86,52,91,69,88,53,59,11,57,132,7,175,62,120,2,89,67,48,63,29,164,4,73,41,114,112,165,153,26,77,60,24,0,84,85,66,118,124,51,90,9,197,168,14,187,101,81,36,33,100,111,122,98,95,105,180,107,158,30,64,96,76,134,74,173,116,10,42,27,169,142,39,139,1,125,145,127,128,129,18,181,148,133,103,92,136,137,43,194,146,191,31,82,144,121,162,171,149,193,78,151,97,130,113,155,17,21,108,159,109,135,140,106,65,94,166,80,93,178,170,75,172,79,117,102,110,177,40,179,58,161,182,22,195,83,186,54,119,72,71,56,5,141,19,184,70,104,143,160];False
7104;7874;14978;[198,174,23,32,132,87,6,61,38,163,199,49,12,185,167,15,16,160,147,196,192,150,20,190,176,3,157,183,37,138,126,115,25,99,34,35,152,28,8,154,13,46,188,55,44,45,131,47,68,123,106,86,52,91,69,88,53,59,11,57,189,7,175,62,120,2,89,67,48,63,29,164,4,73,41,114,112,165,153,26,77,60,24,0,84,85,66,118,124,51,90,9,197,168,14,187,101,81,36,33,100,111,122,98,139,105,180,107,158,30,64,96,76,134,74,173,116,10,42,27,43,142,39,95,1,125,145,127,128,129,18,181,148,133,103,92,136,137,169,194,146,191,31,82,144,121,162,171,149,193,78,151,97,130,113,155,17,21,108,159,109,135,140,50,65,94,166,80,93,178,170,75,172,79,117,102,110,177,40,179,58,161,182,22,195,83,186,54,119,72,71,56,5,141,19,184,70,104,143,156];True
7056;7916;14972;[198,174,190,32,189,87,196,61,38,163,199,49,12,185,167,15,16,156,147,6,192,150,20,23,176,3,157,183,37,138,126,115,25,99,34,35,152,28,8,154,13,46,188,55,44,45,131,47,68,123,50,86,52,91,69,88,53,59,11,57,132,7,175,62,120,2,89,67,48,63,29,164,4,73,41,114,112,165,153,26,77,60,24,0,84,85,66,118,124,51,90,9,197,168,14,187,101,81,36,33,100,111,122,98,139,105,180,107,158,30,64,96,76,134,74,173,116,10,42,27,169,142,39,95,1,125,145,127,128,129,18,181,148,133,103,92,136,137,43,194,146,191,31,82,144,121,162,171,149,193,78,151,97,130,113,155,17,21,108,159,109,135,140,106,65,94,166,80,93,178,170,75,172,79,117,102,110,177,40,179,58,161,182,22,195,83,186,54,119,72,71,56,5,141,19,184,70,104,143,160];False
7066;7900;14966;[198,174,190,32,189,87,6,61,38,163,199,49,12,185,167,15,16,156,147,196,192,150,20,23,176,3,157,183,37,138,126,115,25,99,34,35,152,28,8,154,13,46,188,55,44,45,131,47,68,123,50,86,52,91,69,88,53,59,11,57,132,7,175,62,120,2,89,67,48,63,29,164,4,73,41,114,112,165,153,26,77,60,24,0,84,85,66,118,124,51,90,9,197,168,14,187,101,81,36,33,100,111,122,98,139,105,180,107,158,30,64,96,76,134,74,173,116,10,42,27,169,142,39,95,1,125,145,127,128,129,18,181,148,133,103,92,136,137,43,194,146,191,31,82,144,121,162,171,149,193,78,151,97,130,113,155,17,21,108,159,109,182,140,106,65,94,166,80,93,178,170,75,172,79,117,102,110,177,40,179,58,161,135,22,195,83,186,54,119,72,71,56,5,141,19,184,70,104,143,160];False
7016;7936;14952;[198,174,190,32,189,87,6,61,38,163,199,49,12,125,167,15,16,156,147,196,192,150,20,23,176,3,157,183,37,138,126,115,25,99,34,35,152,28,8,154,13,46,188,55,44,45,131,47,68,123,50,86,52,91,69,88,53,59,11,57,132,7,175,62,120,2,89,67,48,63,29,164,4,73,41,114,112,165,153,26,77,60,24,0,84,85,66,118,124,51,90,9,197,168,14,187,101,81,36,33,100,111,122,98,139,105,180,107,158,30,64,96,76,134,74,173,116,10,42,27,169,142,39,95,1,185,145,127,128,129,18,181,148,133,103,92,136,137,43,194,146,191,31,82,144,121,162,171,149,193,78,151,97,130,113,155,17,21,108,159,109,135,140,106,65,94,166,80,93,178,170,75,172,79,117,102,110,177,40,179,58,161,182,22,195,83,186,54,119,72,71,56,5,141,19,184,70,104,143,160];False
7021;7893;14914;[198,174,190,32,189,87,6,61,38,163,199,49,12,185,167,15,16,156,147,196,192,150,20,23,176,3,157,183,37,138,126,115,25,99,34,35,152,28,8,154,13,46,188,55,44,45,131,47,68,123,50,86,52,91,69,88,53,59,11,57,132,7,175,62,120,2,89,67,48,63,29,164,4,73,41,114,112,165,153,26,77,60,24,0,84,85,66,118,124,51,90,9,197,168,14,187,101,81,36,33,100,111,122,98,139,105,180,107,158,30,64,96,76,134,74,173,116,10,42,27,169,142,39,95,1,125,145,127,128,129,18,181,148,133,103,92,136,137,43,194,146,191,31,82,144,121,162,171,149,193,78,151,97,130,113,155,17,21,108,159,109,135,140,106,65,94,166,80,93,178,170,75,172,79,117,102,110,177,40,179,58,161,182,22,195,83,186,54,119,72,71,56,5,141,19,184,70,104,143,160];True
6979;7920;14899;[198,174,190,32,189,87,6,61,38,163,199,49,12,185,167,15,16,156,147,196,192,150,20,23,176,3,157,183,37,138,126,115,25,188,34,35,152,28,8,154,13,46,99,55,44,45,131,47,68,123,50,86,52,91,69,88,53,59,11,57,132,7,175,62,120,2,89,67,48,63,29,164,4,73,41,114,112,165,153,26,77,60,24,0,84,85,66,118,124,51,90,9,197,168,14,187,101,81,36,33,100,111,122,98,139,105,180,107,158,30,64,96,76,134,74,173,116,10,42,27,169,142,39,95,1,125,145,127,128,129,18,181,148,133,103,92,136,137,43,194,146,191,31,82,144,121,162,171,149,193,78,151,97,130,113,155,17,21,108,159,109,135,140,106,65,94,166,80,93,178,170,75,172,79,117,102,110,177,40,179,58,161,182,22,195,83,186,54,119,72,71,56,5,141,19,184,70,104,143,160];True
6910;7925;14835;[198,174,190,32,189,87,6,61,38,163,94,49,12,185,167,15,16,156,147,196,192,150,20,23,176,3,157,183,37,138,126,115,25,99,34,35,152,28,8,154,13,46,188,55,44,45,131,47,68,123,50,86,52,91,69,88,53,59,11,57,132,7,175,62,120,2,89,67,48,63,29,164,4,73,41,114,112,165,153,26,77,60,24,0,84,85,66,118,124,51,90,9,197,168,14,187,101,81,36,33,100,111,122,98,139,105,180,107,158,30,64,96,76,134,74,173,116,10,42,27,169,142,39,95,1,125,145,127,128,129,18,181,148,133,103,92,136,137,43,194,146,191,31,82,144,121,162,171,149,193,78,151,97,130,113,155,17,21,108,159,109,135,140,106,65,199,166,80,93,178,170,75,172,79,117,102,110,177,40,179,58,161,182,22,195,83,186,54,119,72,71,56,5,141,19,184,70,104,143,160];True
