utilA;utilB;utilSum;contract;pareto
2389;8244;10633;[127,67,193,48,10,176,83,129,8,84,122,73,174,135,21,99,16,77,112,71,56,18,62,120,24,197,26,9,143,20,3,2,121,160,92,49,130,22,38,34,124,94,161,1,165,153,187,4,39,107,87,76,50,53,93,23,30,134,137,86,69,64,101,151,54,158,199,6,117,98,25,110,81,52,182,28,162,78,60,79,185,148,167,61,41,36,46,131,59,133,96,157,138,178,164,173,66,126,198,159,140,118,109,29,154,156,106,19,108,146,43,128,85,152,172,12,181,82,192,139,33,13,111,195,40,37,15,35,88,171,189,194,31,68,116,57,0,113,196,89,5,141,119,74,183,63,51,72,147,65,102,115,14,45,55,155,184,75,80,114,177,169,191,11,104,180,163,170,95,91,90,125,149,32,97,58,100,7,175,179,27,150,136,144,70,168,17,103,105,142,190,188,186,145,42,47,132,166,123,44];False
2365;8250;10615;[7,67,193,48,10,176,83,129,8,84,122,73,174,135,21,99,16,77,112,71,56,18,62,120,24,197,26,9,143,20,3,2,121,160,92,49,130,22,38,34,124,94,161,1,165,153,187,127,39,107,87,76,50,53,93,23,30,134,137,86,69,64,101,151,54,158,199,6,117,98,25,110,81,52,182,28,162,78,60,79,185,148,167,61,41,36,46,131,59,133,96,157,138,178,164,173,66,126,198,159,140,118,109,29,154,156,106,19,108,146,43,128,85,152,172,12,181,82,192,139,33,13,111,195,40,37,15,35,88,171,189,194,31,68,116,57,0,113,196,89,5,141,119,74,183,63,51,72,147,65,102,115,14,45,55,155,184,75,80,114,177,169,191,11,104,180,163,170,95,91,90,125,149,32,97,58,100,4,175,179,27,150,136,144,70,168,17,103,105,142,190,188,186,145,42,47,132,166,123,44];False
2344;8269;10613;[27,67,193,48,10,176,83,129,8,84,122,73,174,135,21,99,16,77,112,71,56,18,62,120,24,197,26,9,143,20,3,2,121,160,92,49,130,22,38,34,124,94,161,1,165,153,187,127,39,107,87,76,50,53,93,23,30,134,137,86,69,64,101,151,54,158,199,6,117,98,25,110,81,52,182,28,162,78,60,79,185,148,167,61,41,36,46,131,59,133,96,157,138,178,164,173,66,126,198,159,140,118,109,29,154,156,106,19,108,146,43,128,85,152,172,12,181,82,192,139,33,13,111,195,40,37,15,35,88,171,189,194,31,68,116,57,0,113,196,89,5,141,119,74,183,63,51,72,147,65,102,115,14,45,55,155,184,75,80,114,177,169,191,11,104,180,163,170,95,91,90,125,149,32,97,58,100,7,175,179,4,150,136,144,70,168,17,103,105,142,190,188,186,145,42,47,132,166,123,44];False
2362;8248;10610;[171,67,193,48,10,176,83,129,8,84,122,73,174,135,21,99,16,77,112,71,56,18,62,120,24,197,26,9,143,20,3,2,121,160,92,49,130,22,38,34,124,94,161,1,165,153,187,127,39,107,87,76,50,53,93,23,30,134,137,86,69,64,101,151,54,158,199,6,117,98,25,110,81,52,182,28,162,78,60,79,185,148,167,61,41,36,46,131,59,133,96,157,138,178,164,173,66,126,198,159,140,118,109,29,154,156,106,19,108,146,43,128,85,152,172,12,181,82,192,139,33,13,111,195,40,37,15,35,88,4,189,194,31,68,116,57,0,113,196,89,5,141,119,74,183,63,51,72,147,65,102,115,14,45,55,155,184,75,80,114,177,169,191,11,104,180,163,170,95,91,90,125,149,32,97,58,100,7,175,179,27,150,136,144,70,168,17,103,105,142,190,188,186,145,42,47,132,166,123,44];False
2350;8257;10607;[39,67,193,48,10,176,83,129,8,84,122,73,174,135,21,99,16,77,112,71,56,18,62,120,24,197,26,9,143,20,3,2,121,160,92,49,130,22,38,34,124,94,161,1,165,153,187,127,4,107,87,76,50,53,93,23,30,134,137,86,69,64,101,151,54,158,199,6,117,98,25,110,81,52,182,28,162,78,60,79,185,148,167,61,41,36,46,131,59,133,96,157,138,178,164,173,66,126,198,159,140,118,109,29,154,156,106,19,108,146,43,128,85,152,172,12,181,82,192,139,33,13,111,195,40,37,15,35,88,171,189,194,31,68,116,57,0,113,196,89,5,141,119,74,183,63,51,72,147,65,102,115,14,45,55,155,184,75,80,114,177,169,191,11,104,180,163,170,95,91,90,125,149,32,97,58,100,7,175,179,27,150,136,144,70,168,17,103,105,142,190,188,186,145,42,47,132,166,123,44];False
2335;8271;10606;[54,67,193,48,10,176,83,129,8,84,122,73,174,135,21,99,16,77,112,71,56,18,62,120,24,197,26,9,143,20,3,2,121,160,92,49,130,22,38,34,124,94,161,1,165,153,187,127,39,107,87,76,50,53,93,23,30,134,137,86,69,64,101,151,4,158,199,6,117,98,25,110,81,52,182,28,162,78,60,79,185,148,167,61,41,36,46,131,59,133,96,157,138,178,164,173,66,126,198,159,140,118,109,29,154,156,106,19,108,146,43,128,85,152,172,12,181,82,192,139,33,13,111,195,40,37,15,35,88,171,189,194,31,68,116,57,0,113,196,89,5,141,119,74,183,63,51,72,147,65,102,115,14,45,55,155,184,75,80,114,177,169,191,11,104,180,163,170,95,91,90,125,149,32,97,58,100,7,175,179,27,150,136,144,70,168,17,103,105,142,190,188,186,145,42,47,132,166,123,44];False
2382;8221;10603;[181,67,193,48,10,176,83,129,8,84,122,73,174,135,21,99,16,77,112,71,56,18,62,120,24,197,26,9,143,20,3,2,121,160,92,49,130,22,38,34,124,94,161,1,165,153,187,127,39,107,87,76,50,53,93,23,30,134,137,86,69,64,101,151,54,158,199,6,117,98,25,110,81,52,182,28,162,78,60,79,185,148,167,61,41,36,46,131,59,133,96,157,138,178,164,173,66,126,198,159,140,118,109,29,154,156,106,19,108,146,43,128,85,152,172,12,4,82,192,139,33,13,111,195,40,37,15,35,88,171,189,194,31,68,116,57,0,113,196,89,5,141,119,74,183,63,51,72,147,65,102,115,14,45,55,155,184,75,80,114,177,169,191,11,104,180,163,170,95,91,90,125,149,32,97,58,100,7,175,179,27,150,136,144,70,168,17,103,105,142,190,188,186,145,42,47,132,166,123,44];False
2318;8280;10598;[79,67,193,48,10,176,83,129,8,84,122,73,174,135,21,99,16,77,112,71,56,18,62,120,24,197,26,9,143,20,3,2,121,160,92,49,130,22,38,34,124,94,161,1,165,153,187,127,39,107,87,76,50,53,93,23,30,134,137,86,69,64,101,151,54,158,199,6,117,98,25,110,81,52,182,28,162,78,60,4,185,148,167,61,41,36,46,131,59,133,96,157,138,178,164,173,66,126,198,159,140,118,109,29,154,156,106,19,108,146,43,128,85,152,172,12,181,82,192,139,33,13,111,195,40,37,15,35,88,171,189,194,31,68,116,57,0,113,196,89,5,141,119,74,183,63,51,72,147,65,102,115,14,45,55,155,184,75,80,114,177,169,191,11,104,180,163,170,95,91,90,125,149,32,97,58,100,7,175,179,27,150,136,144,70,168,17,103,105,142,190,188,186,145,42,47,132,166,123,44];False
2310;8280;10590;[158,67,193,48,10,176,83,129,8,84,122,73,174,135,21,99,16,77,112,71,56,18,62,120,24,197,26,9,143,20,3,2,121,160,92,49,130,22,38,34,124,94,161,1,165,153,187,127,39,107,87,76,50,53,93,23,30,134,137,86,69,64,101,151,54,4,199,6,117,98,25,110,81,52,182,28,162,78,60,79,185,148,167,61,41,36,46,131,59,133,96,157,138,178,164,173,66,126,198,159,140,118,109,29,154,156,106,19,108,146,43,128,85,152,172,12,181,82,192,139,33,13,111,195,40,37,15,35,88,171,189,194,31,68,116,57,0,113,196,89,5,141,119,74,183,63,51,72,147,65,102,115,14,45,55,155,184,75,80,114,177,169,191,11,104,180,163,170,95,91,90,125,149,32,97,58,100,7,175,179,27,150,136,144,70,168,17,103,105,142,190,188,186,145,42,47,132,166,123,44];False
2332;8253;10585;[85,67,193,48,10,176,83,129,8,84,122,73,174,135,21,99,16,77,112,71,56,18,62,120,24,197,26,9,143,20,3,2,121,160,92,49,130,22,38,34,124,94,161,1,165,153,187,127,39,107,87,76,50,53,93,23,30,134,137,86,69,64,101,151,54,158,199,6,117,98,25,110,81,52,182,28,162,78,60,79,185,148,167,61,41,36,46,131,59,133,96,157,138,178,164,173,66,126,198,159,140,118,109,29,154,156,106,19,108,146,43,128,4,152,172,12,181,82,192,139,33,13,111,195,40,37,15,35,88,171,189,194,31,68,116,57,0,113,196,89,5,141,119,74,183,63,51,72,147,65,102,115,14,45,55,155,184,75,80,114,177,169,191,11,104,180,163,170,95,91,90,125,149,32,97,58,100,7,175,179,27,150,136,144,70,168,17,103,105,142,190,188,186,145,42,47,132,166,123,44];False
2335;8233;10568;[195,67,193,48,10,176,83,129,8,84,122,73,174,135,21,99,16,77,112,71,56,18,62,120,24,197,26,9,143,20,3,2,121,160,92,49,130,22,38,34,124,94,161,1,165,153,187,127,39,107,87,76,50,53,93,23,30,134,137,86,69,64,101,151,54,158,199,6,117,98,25,110,81,52,182,28,162,78,60,79,185,148,167,61,41,36,46,131,59,133,96,157,138,178,164,173,66,126,198,159,140,118,109,29,154,156,106,19,108,146,43,128,85,152,172,12,181,82,192,139,33,13,111,4,40,37,15,35,88,171,189,194,31,68,116,57,0,113,196,89,5,141,119,74,183,63,51,72,147,65,102,115,14,45,55,155,184,75,80,114,177,169,191,11,104,180,163,170,95,91,90,125,149,32,97,58,100,7,175,179,27,150,136,144,70,168,17,103,105,142,190,188,186,145,42,47,132,166,123,44];False
2333;8234;10567;[97,67,193,48,10,176,83,129,8,84,122,73,174,135,21,99,16,77,112,71,56,18,62,120,24,197,26,9,143,20,3,2,121,160,92,49,130,22,38,34,124,94,161,1,165,153,187,127,39,107,87,76,50,53,93,23,30,134,137,86,69,64,101,151,54,158,199,6,117,98,25,110,81,52,182,28,162,78,60,79,185,148,167,61,41,36,46,131,59,133,96,157,138,178,164,173,66,126,198,159,140,118,109,29,154,156,106,19,108,146,43,128,85,152,172,12,181,82,192,139,33,13,111,195,40,37,15,35,88,171,189,194,31,68,116,57,0,113,196,89,5,141,119,74,183,63,51,72,147,65,102,115,14,45,55,155,184,75,80,114,177,169,191,11,104,180,163,170,95,91,90,125,149,32,4,58,100,7,175,179,27,150,136,144,70,168,17,103,105,142,190,188,186,145,42,47,132,166,123,44];False
2271;8296;10567;[47,67,193,48,10,176,83,129,8,84,122,73,174,135,21,99,16,77,112,71,56,18,62,120,24,197,26,9,143,20,3,2,121,160,92,49,130,22,38,34,124,94,161,1,165,153,187,127,39,107,87,76,50,53,93,23,30,134,137,86,69,64,101,151,54,158,199,6,117,98,25,110,81,52,182,28,162,78,60,79,185,148,167,61,41,36,46,131,59,133,96,157,138,178,164,173,66,126,198,159,140,118,109,29,154,156,106,19,108,146,43,128,85,152,172,12,181,82,192,139,33,13,111,195,40,37,15,35,88,171,189,194,31,68,116,57,0,113,196,89,5,141,119,74,183,63,51,72,147,65,102,115,14,45,55,155,184,75,80,114,177,169,191,11,104,180,163,170,95,91,90,125,149,32,97,58,100,7,175,179,27,150,136,144,70,168,17,103,105,142,190,188,186,145,42,4,132,166,123,44];False
2316;8247;10563;[101,67,193,48,10,176,83,129,8,84,122,73,174,135,21,99,16,77,112,71,56,18,62,120,24,197,26,9,143,20,3,2,121,160,92,49,130,22,38,34,124,94,161,1,165,153,187,127,39,107,87,76,50,53,93,23,30,134,137,86,69,64,4,151,54,158,199,6,117,98,25,110,81,52,182,28,162,78,60,79,185,148,167,61,41,36,46,131,59,133,96,157,138,178,164,173,66,126,198,159,140,118,109,29,154,156,106,19,108,146,43,128,85,152,172,12,181,82,192,139,33,13,111,195,40,37,15,35,88,171,189,194,31,68,116,57,0,113,196,89,5,141,119,74,183,63,51,72,147,65,102,115,14,45,55,155,184,75,80,114,177,169,191,11,104,180,163,170,95,91,90,125,149,32,97,58,100,7,175,179,27,150,136,144,70,168,17,103,105,142,190,188,186,145,42,47,132,166,123,44];False
2368;8193;10561;[168,67,193,48,10,176,83,129,8,84,122,73,174,135,21,99,16,77,112,71,56,18,62,120,24,197,26,9,143,20,3,2,121,160,92,49,130,22,38,34,124,94,161,1,165,153,187,127,39,107,87,76,50,53,93,23,30,134,137,86,69,64,101,151,54,158,199,6,117,98,25,110,81,52,182,28,162,78,60,79,185,148,167,61,41,36,46,131,59,133,96,157,138,178,164,173,66,126,198,159,140,118,109,29,154,156,106,19,108,146,43,128,85,152,172,12,181,82,192,139,33,13,111,195,40,37,15,35,88,171,189,194,31,68,116,57,0,113,196,89,5,141,119,74,183,63,51,72,147,65,102,115,14,45,55,155,184,75,80,114,177,169,191,11,104,180,163,170,95,91,90,125,149,32,97,58,100,7,175,179,27,150,136,144,70,4,17,103,105,142,190,188,186,145,42,47,132,166,123,44];False
2267;8292;10559;[141,67,193,48,10,176,83,129,8,84,122,73,174,135,21,99,16,77,112,71,56,18,62,120,24,197,26,9,143,20,3,2,121,160,92,49,130,22,38,34,124,94,161,1,165,153,187,127,39,107,87,76,50,53,93,23,30,134,137,86,69,64,101,151,54,158,199,6,117,98,25,110,81,52,182,28,162,78,60,79,185,148,167,61,41,36,46,131,59,133,96,157,138,178,164,173,66,126,198,159,140,118,109,29,154,156,106,19,108,146,43,128,85,152,172,12,181,82,192,139,33,13,111,195,40,37,15,35,88,171,189,194,31,68,116,57,0,113,196,89,5,4,119,74,183,63,51,72,147,65,102,115,14,45,55,155,184,75,80,114,177,169,191,11,104,180,163,170,95,91,90,125,149,32,97,58,100,7,175,179,27,150,136,144,70,168,17,103,105,142,190,188,186,145,42,47,132,166,123,44];False
2299;8260;10559;[98,67,193,48,10,176,83,129,8,84,122,73,174,135,21,99,16,77,112,71,56,18,62,120,24,197,26,9,143,20,3,2,121,160,92,49,130,22,38,34,124,94,161,1,165,153,187,127,39,107,87,76,50,53,93,23,30,134,137,86,69,64,101,151,54,158,199,6,117,4,25,110,81,52,182,28,162,78,60,79,185,148,167,61,41,36,46,131,59,133,96,157,138,178,164,173,66,126,198,159,140,118,109,29,154,156,106,19,108,146,43,128,85,152,172,12,181,82,192,139,33,13,111,195,40,37,15,35,88,171,189,194,31,68,116,57,0,113,196,89,5,141,119,74,183,63,51,72,147,65,102,115,14,45,55,155,184,75,80,114,177,169,191,11,104,180,163,170,95,91,90,125,149,32,97,58,100,7,175,179,27,150,136,144,70,168,17,103,105,142,190,188,186,145,42,47,132,166,123,44];False
2336;8221;10557;[189,67,193,48,10,176,83,129,8,84,122,73,174,135,21,99,16,77,112,71,56,18,62,120,24,197,26,9,143,20,3,2,121,160,92,49,130,22,38,34,124,94,161,1,165,153,187,127,39,107,87,76,50,53,93,23,30,134,137,86,69,64,101,151,54,158,199,6,117,98,25,110,81,52,182,28,162,78,60,79,185,148,167,61,41,36,46,131,59,133,96,157,138,178,164,173,66,126,198,159,140,118,109,29,154,156,106,19,108,146,43,128,85,152,172,12,181,82,192,139,33,13,111,195,40,37,15,35,88,171,4,194,31,68,116,57,0,113,196,89,5,141,119,74,183,63,51,72,147,65,102,115,14,45,55,155,184,75,80,114,177,169,191,11,104,180,163,170,95,91,90,125,149,32,97,58,100,7,175,179,27,150,136,144,70,168,17,103,105,142,190,188,186,145,42,47,132,166,123,44];False
2345;8211;10556;[126,67,193,48,10,176,83,129,8,84,122,73,174,135,21,99,16,77,112,71,56,18,62,120,24,197,26,9,143,20,3,2,121,160,92,49,130,22,38,34,124,94,161,1,165,153,187,127,39,107,87,76,50,53,93,23,30,134,137,86,69,64,101,151,54,158,199,6,117,98,25,110,81,52,182,28,162,78,60,79,185,148,167,61,41,36,46,131,59,133,96,157,138,178,164,173,66,4,198,159,140,118,109,29,154,156,106,19,108,146,43,128,85,152,172,12,181,82,192,139,33,13,111,195,40,37,15,35,88,171,189,194,31,68,116,57,0,113,196,89,5,141,119,74,183,63,51,72,147,65,102,115,14,45,55,155,184,75,80,114,177,169,191,11,104,180,163,170,95,91,90,125,149,32,97,58,100,7,175,179,27,150,136,144,70,168,17,103,105,142,190,188,186,145,42,47,132,166,123,44];False
2297;8257;10554;[134,67,193,48,10,176,83,129,8,84,122,73,174,135,21,99,16,77,112,71,56,18,62,120,24,197,26,9,143,20,3,2,121,160,92,49,130,22,38,34,124,94,161,1,165,153,187,127,39,107,87,76,50,53,93,23,30,4,137,86,69,64,101,151,54,158,199,6,117,98,25,110,81,52,182,28,162,78,60,79,185,148,167,61,41,36,46,131,59,133,96,157,138,178,164,173,66,126,198,159,140,118,109,29,154,156,106,19,108,146,43,128,85,152,172,12,181,82,192,139,33,13,111,195,40,37,15,35,88,171,189,194,31,68,116,57,0,113,196,89,5,141,119,74,183,63,51,72,147,65,102,115,14,45,55,155,184,75,80,114,177,169,191,11,104,180,163,170,95,91,90,125,149,32,97,58,100,7,175,179,27,150,136,144,70,168,17,103,105,142,190,188,186,145,42,47,132,166,123,44];False
2318;8235;10553;[52,67,193,48,10,176,83,129,8,84,122,73,174,135,21,99,16,77,112,71,56,18,62,120,24,197,26,9,143,20,3,2,121,160,92,49,130,22,38,34,124,94,161,1,165,153,187,127,39,107,87,76,50,53,93,23,30,134,137,86,69,64,101,151,54,158,199,6,117,98,25,110,81,4,182,28,162,78,60,79,185,148,167,61,41,36,46,131,59,133,96,157,138,178,164,173,66,126,198,159,140,118,109,29,154,156,106,19,108,146,43,128,85,152,172,12,181,82,192,139,33,13,111,195,40,37,15,35,88,171,189,194,31,68,116,57,0,113,196,89,5,141,119,74,183,63,51,72,147,65,102,115,14,45,55,155,184,75,80,114,177,169,191,11,104,180,163,170,95,91,90,125,149,32,97,58,100,7,175,179,27,150,136,144,70,168,17,103,105,142,190,188,186,145,42,47,132,166,123,44];False
2277;8274;10551;[42,67,193,48,10,176,83,129,8,84,122,73,174,135,21,99,16,77,112,71,56,18,62,120,24,197,26,9,143,20,3,2,121,160,92,49,130,22,38,34,124,94,161,1,165,153,187,127,39,107,87,76,50,53,93,23,30,134,137,86,69,64,101,151,54,158,199,6,117,98,25,110,81,52,182,28,162,78,60,79,185,148,167,61,41,36,46,131,59,133,96,157,138,178,164,173,66,126,198,159,140,118,109,29,154,156,106,19,108,146,43,128,85,152,172,12,181,82,192,139,33,13,111,195,40,37,15,35,88,171,189,194,31,68,116,57,0,113,196,89,5,141,119,74,183,63,51,72,147,65,102,115,14,45,55,155,184,75,80,114,177,169,191,11,104,180,163,170,95,91,90,125,149,32,97,58,100,7,175,179,27,150,136,144,70,168,17,103,105,142,190,188,186,145,4,47,132,166,123,44];False
2318;8233;10551;[129,67,193,48,10,176,83,4,8,84,122,73,174,135,21,99,16,77,112,71,56,18,62,120,24,197,26,9,143,20,3,2,121,160,92,49,130,22,38,34,124,94,161,1,165,153,187,127,39,107,87,76,50,53,93,23,30,134,137,86,69,64,101,151,54,158,199,6,117,98,25,110,81,52,182,28,162,78,60,79,185,148,167,61,41,36,46,131,59,133,96,157,138,178,164,173,66,126,198,159,140,118,109,29,154,156,106,19,108,146,43,128,85,152,172,12,181,82,192,139,33,13,111,195,40,37,15,35,88,171,189,194,31,68,116,57,0,113,196,89,5,141,119,74,183,63,51,72,147,65,102,115,14,45,55,155,184,75,80,114,177,169,191,11,104,180,163,170,95,91,90,125,149,32,97,58,100,7,175,179,27,150,136,144,70,168,17,103,105,142,190,188,186,145,42,47,132,166,123,44];False
2281;8268;10549;[60,67,193,48,10,176,83,129,8,84,122,73,174,135,21,99,16,77,112,71,56,18,62,120,24,197,26,9,143,20,3,2,121,160,92,49,130,22,38,34,124,94,161,1,165,153,187,127,39,107,87,76,50,53,93,23,30,134,137,86,69,64,101,151,54,158,199,6,117,98,25,110,81,52,182,28,162,78,4,79,185,148,167,61,41,36,46,131,59,133,96,157,138,178,164,173,66,126,198,159,140,118,109,29,154,156,106,19,108,146,43,128,85,152,172,12,181,82,192,139,33,13,111,195,40,37,15,35,88,171,189,194,31,68,116,57,0,113,196,89,5,141,119,74,183,63,51,72,147,65,102,115,14,45,55,155,184,75,80,114,177,169,191,11,104,180,163,170,95,91,90,125,149,32,97,58,100,7,175,179,27,150,136,144,70,168,17,103,105,142,190,188,186,145,42,47,132,166,123,44];False
2351;8198;10549;[8,67,193,48,10,176,83,129,4,84,122,73,174,135,21,99,16,77,112,71,56,18,62,120,24,197,26,9,143,20,3,2,121,160,92,49,130,22,38,34,124,94,161,1,165,153,187,127,39,107,87,76,50,53,93,23,30,134,137,86,69,64,101,151,54,158,199,6,117,98,25,110,81,52,182,28,162,78,60,79,185,148,167,61,41,36,46,131,59,133,96,157,138,178,164,173,66,126,198,159,140,118,109,29,154,156,106,19,108,146,43,128,85,152,172,12,181,82,192,139,33,13,111,195,40,37,15,35,88,171,189,194,31,68,116,57,0,113,196,89,5,141,119,74,183,63,51,72,147,65,102,115,14,45,55,155,184,75,80,114,177,169,191,11,104,180,163,170,95,91,90,125,149,32,97,58,100,7,175,179,27,150,136,144,70,168,17,103,105,142,190,188,186,145,42,47,132,166,123,44];False
2300;8246;10546;[107,67,193,48,10,176,83,129,8,84,122,73,174,135,21,99,16,77,112,71,56,18,62,120,24,197,26,9,143,20,3,2,121,160,92,49,130,22,38,34,124,94,161,1,165,153,187,127,39,4,87,76,50,53,93,23,30,134,137,86,69,64,101,151,54,158,199,6,117,98,25,110,81,52,182,28,162,78,60,79,185,148,167,61,41,36,46,131,59,133,96,157,138,178,164,173,66,126,198,159,140,118,109,29,154,156,106,19,108,146,43,128,85,152,172,12,181,82,192,139,33,13,111,195,40,37,15,35,88,171,189,194,31,68,116,57,0,113,196,89,5,141,119,74,183,63,51,72,147,65,102,115,14,45,55,155,184,75,80,114,177,169,191,11,104,180,163,170,95,91,90,125,149,32,97,58,100,7,175,179,27,150,136,144,70,168,17,103,105,142,190,188,186,145,42,47,132,166,123,44];False
2339;8207;10546;[68,67,193,48,10,176,83,129,8,84,122,73,174,135,21,99,16,77,112,71,56,18,62,120,24,197,26,9,143,20,3,2,121,160,92,49,130,22,38,34,124,94,161,1,165,153,187,127,39,107,87,76,50,53,93,23,30,134,137,86,69,64,101,151,54,158,199,6,117,98,25,110,81,52,182,28,162,78,60,79,185,148,167,61,41,36,46,131,59,133,96,157,138,178,164,173,66,126,198,159,140,118,109,29,154,156,106,19,108,146,43,128,85,152,172,12,181,82,192,139,33,13,111,195,40,37,15,35,88,171,189,194,31,4,116,57,0,113,196,89,5,141,119,74,183,63,51,72,147,65,102,115,14,45,55,155,184,75,80,114,177,169,191,11,104,180,163,170,95,91,90,125,149,32,97,58,100,7,175,179,27,150,136,144,70,168,17,103,105,142,190,188,186,145,42,47,132,166,123,44];False
2341;8201;10542;[91,67,193,48,10,176,83,129,8,84,122,73,174,135,21,99,16,77,112,71,56,18,62,120,24,197,26,9,143,20,3,2,121,160,92,49,130,22,38,34,124,94,161,1,165,153,187,127,39,107,87,76,50,53,93,23,30,134,137,86,69,64,101,151,54,158,199,6,117,98,25,110,81,52,182,28,162,78,60,79,185,148,167,61,41,36,46,131,59,133,96,157,138,178,164,173,66,126,198,159,140,118,109,29,154,156,106,19,108,146,43,128,85,152,172,12,181,82,192,139,33,13,111,195,40,37,15,35,88,171,189,194,31,68,116,57,0,113,196,89,5,141,119,74,183,63,51,72,147,65,102,115,14,45,55,155,184,75,80,114,177,169,191,11,104,180,163,170,95,4,90,125,149,32,97,58,100,7,175,179,27,150,136,144,70,168,17,103,105,142,190,188,186,145,42,47,132,166,123,44];False
2274;8268;10542;[175,67,193,48,10,176,83,129,8,84,122,73,174,135,21,99,16,77,112,71,56,18,62,120,24,197,26,9,143,20,3,2,121,160,92,49,130,22,38,34,124,94,161,1,165,153,187,127,39,107,87,76,50,53,93,23,30,134,137,86,69,64,101,151,54,158,199,6,117,98,25,110,81,52,182,28,162,78,60,79,185,148,167,61,41,36,46,131,59,133,96,157,138,178,164,173,66,126,198,159,140,118,109,29,154,156,106,19,108,146,43,128,85,152,172,12,181,82,192,139,33,13,111,195,40,37,15,35,88,171,189,194,31,68,116,57,0,113,196,89,5,141,119,74,183,63,51,72,147,65,102,115,14,45,55,155,184,75,80,114,177,169,191,11,104,180,163,170,95,91,90,125,149,32,97,58,100,7,4,179,27,150,136,144,70,168,17,103,105,142,190,188,186,145,42,47,132,166,123,44];False
2291;8250;10541;[113,67,193,48,10,176,83,129,8,84,122,73,174,135,21,99,16,77,112,71,56,18,62,120,24,197,26,9,143,20,3,2,121,160,92,49,130,22,38,34,124,94,161,1,165,153,187,127,39,107,87,76,50,53,93,23,30,134,137,86,69,64,101,151,54,158,199,6,117,98,25,110,81,52,182,28,162,78,60,79,185,148,167,61,41,36,46,131,59,133,96,157,138,178,164,173,66,126,198,159,140,118,109,29,154,156,106,19,108,146,43,128,85,152,172,12,181,82,192,139,33,13,111,195,40,37,15,35,88,171,189,194,31,68,116,57,0,4,196,89,5,141,119,74,183,63,51,72,147,65,102,115,14,45,55,155,184,75,80,114,177,169,191,11,104,180,163,170,95,91,90,125,149,32,97,58,100,7,175,179,27,150,136,144,70,168,17,103,105,142,190,188,186,145,42,47,132,166,123,44];False
2331;8208;10539;[33,67,193,48,10,176,83,129,8,84,122,73,174,135,21,99,16,77,112,71,56,18,62,120,24,197,26,9,143,20,3,2,121,160,92,49,130,22,38,34,124,94,161,1,165,153,187,127,39,107,87,76,50,53,93,23,30,134,137,86,69,64,101,151,54,158,199,6,117,98,25,110,81,52,182,28,162,78,60,79,185,148,167,61,41,36,46,131,59,133,96,157,138,178,164,173,66,126,198,159,140,118,109,29,154,156,106,19,108,146,43,128,85,152,172,12,181,82,192,139,4,13,111,195,40,37,15,35,88,171,189,194,31,68,116,57,0,113,196,89,5,141,119,74,183,63,51,72,147,65,102,115,14,45,55,155,184,75,80,114,177,169,191,11,104,180,163,170,95,91,90,125,149,32,97,58,100,7,175,179,27,150,136,144,70,168,17,103,105,142,190,188,186,145,42,47,132,166,123,44];False
2286;8252;10538;[81,67,193,48,10,176,83,129,8,84,122,73,174,135,21,99,16,77,112,71,56,18,62,120,24,197,26,9,143,20,3,2,121,160,92,49,130,22,38,34,124,94,161,1,165,153,187,127,39,107,87,76,50,53,93,23,30,134,137,86,69,64,101,151,54,158,199,6,117,98,25,110,4,52,182,28,162,78,60,79,185,148,167,61,41,36,46,131,59,133,96,157,138,178,164,173,66,126,198,159,140,118,109,29,154,156,106,19,108,146,43,128,85,152,172,12,181,82,192,139,33,13,111,195,40,37,15,35,88,171,189,194,31,68,116,57,0,113,196,89,5,141,119,74,183,63,51,72,147,65,102,115,14,45,55,155,184,75,80,114,177,169,191,11,104,180,163,170,95,91,90,125,149,32,97,58,100,7,175,179,27,150,136,144,70,168,17,103,105,142,190,188,186,145,42,47,132,166,123,44];False
2311;8226;10537;[105,67,193,48,10,176,83,129,8,84,122,73,174,135,21,99,16,77,112,71,56,18,62,120,24,197,26,9,143,20,3,2,121,160,92,49,130,22,38,34,124,94,161,1,165,153,187,127,39,107,87,76,50,53,93,23,30,134,137,86,69,64,101,151,54,158,199,6,117,98,25,110,81,52,182,28,162,78,60,79,185,148,167,61,41,36,46,131,59,133,96,157,138,178,164,173,66,126,198,159,140,118,109,29,154,156,106,19,108,146,43,128,85,152,172,12,181,82,192,139,33,13,111,195,40,37,15,35,88,171,189,194,31,68,116,57,0,113,196,89,5,141,119,74,183,63,51,72,147,65,102,115,14,45,55,155,184,75,80,114,177,169,191,11,104,180,163,170,95,91,90,125,149,32,97,58,100,7,175,179,27,150,136,144,70,168,17,103,4,142,190,188,186,145,42,47,132,166,123,44];False
2303;8233;10536;[166,67,193,48,10,176,83,129,8,84,122,73,174,135,21,99,16,77,112,71,56,18,62,120,24,197,26,9,143,20,3,2,121,160,92,49,130,22,38,34,124,94,161,1,165,153,187,127,39,107,87,76,50,53,93,23,30,134,137,86,69,64,101,151,54,158,199,6,117,98,25,110,81,52,182,28,162,78,60,79,185,148,167,61,41,36,46,131,59,133,96,157,138,178,164,173,66,126,198,159,140,118,109,29,154,156,106,19,108,146,43,128,85,152,172,12,181,82,192,139,33,13,111,195,40,37,15,35,88,171,189,194,31,68,116,57,0,113,196,89,5,141,119,74,183,63,51,72,147,65,102,115,14,45,55,155,184,75,80,114,177,169,191,11,104,180,163,170,95,91,90,125,149,32,97,58,100,7,175,179,27,150,136,144,70,168,17,103,105,142,190,188,186,145,42,47,132,4,123,44];False
2289;8242;10531;[58,67,193,48,10,176,83,129,8,84,122,73,174,135,21,99,16,77,112,71,56,18,62,120,24,197,26,9,143,20,3,2,121,160,92,49,130,22,38,34,124,94,161,1,165,153,187,127,39,107,87,76,50,53,93,23,30,134,137,86,69,64,101,151,54,158,199,6,117,98,25,110,81,52,182,28,162,78,60,79,185,148,167,61,41,36,46,131,59,133,96,157,138,178,164,173,66,126,198,159,140,118,109,29,154,156,106,19,108,146,43,128,85,152,172,12,181,82,192,139,33,13,111,195,40,37,15,35,88,171,189,194,31,68,116,57,0,113,196,89,5,141,119,74,183,63,51,72,147,65,102,115,14,45,55,155,184,75,80,114,177,169,191,11,104,180,163,170,95,91,90,125,149,32,97,4,100,7,175,179,27,150,136,144,70,168,17,103,105,142,190,188,186,145,42,47,132,166,123,44];False
2351;8179;10530;[178,67,193,48,10,176,83,129,8,84,122,73,174,135,21,99,16,77,112,71,56,18,62,120,24,197,26,9,143,20,3,2,121,160,92,49,130,22,38,34,124,94,161,1,165,153,187,127,39,107,87,76,50,53,93,23,30,134,137,86,69,64,101,151,54,158,199,6,117,98,25,110,81,52,182,28,162,78,60,79,185,148,167,61,41,36,46,131,59,133,96,157,138,4,164,173,66,126,198,159,140,118,109,29,154,156,106,19,108,146,43,128,85,152,172,12,181,82,192,139,33,13,111,195,40,37,15,35,88,171,189,194,31,68,116,57,0,113,196,89,5,141,119,74,183,63,51,72,147,65,102,115,14,45,55,155,184,75,80,114,177,169,191,11,104,180,163,170,95,91,90,125,149,32,97,58,100,7,175,179,27,150,136,144,70,168,17,103,105,142,190,188,186,145,42,47,132,166,123,44];False
2323;8207;10530;[18,67,193,48,10,176,83,129,8,84,122,73,174,135,21,99,16,77,112,71,56,4,62,120,24,197,26,9,143,20,3,2,121,160,92,49,130,22,38,34,124,94,161,1,165,153,187,127,39,107,87,76,50,53,93,23,30,134,137,86,69,64,101,151,54,158,199,6,117,98,25,110,81,52,182,28,162,78,60,79,185,148,167,61,41,36,46,131,59,133,96,157,138,178,164,173,66,126,198,159,140,118,109,29,154,156,106,19,108,146,43,128,85,152,172,12,181,82,192,139,33,13,111,195,40,37,15,35,88,171,189,194,31,68,116,57,0,113,196,89,5,141,119,74,183,63,51,72,147,65,102,115,14,45,55,155,184,75,80,114,177,169,191,11,104,180,163,170,95,91,90,125,149,32,97,58,100,7,175,179,27,150,136,144,70,168,17,103,105,142,190,188,186,145,42,47,132,166,123,44];False
2321;8207;10528;[157,67,193,48,10,176,83,129,8,84,122,73,174,135,21,99,16,77,112,71,56,18,62,120,24,197,26,9,143,20,3,2,121,160,92,49,130,22,38,34,124,94,161,1,165,153,187,127,39,107,87,76,50,53,93,23,30,134,137,86,69,64,101,151,54,158,199,6,117,98,25,110,81,52,182,28,162,78,60,79,185,148,167,61,41,36,46,131,59,133,96,4,138,178,164,173,66,126,198,159,140,118,109,29,154,156,106,19,108,146,43,128,85,152,172,12,181,82,192,139,33,13,111,195,40,37,15,35,88,171,189,194,31,68,116,57,0,113,196,89,5,141,119,74,183,63,51,72,147,65,102,115,14,45,55,155,184,75,80,114,177,169,191,11,104,180,163,170,95,91,90,125,149,32,97,58,100,7,175,179,27,150,136,144,70,168,17,103,105,142,190,188,186,145,42,47,132,166,123,44];False
2260;8267;10527;[30,67,193,48,10,176,83,129,8,84,122,73,174,135,21,99,16,77,112,71,56,18,62,120,24,197,26,9,143,20,3,2,121,160,92,49,130,22,38,34,124,94,161,1,165,153,187,127,39,107,87,76,50,53,93,23,4,134,137,86,69,64,101,151,54,158,199,6,117,98,25,110,81,52,182,28,162,78,60,79,185,148,167,61,41,36,46,131,59,133,96,157,138,178,164,173,66,126,198,159,140,118,109,29,154,156,106,19,108,146,43,128,85,152,172,12,181,82,192,139,33,13,111,195,40,37,15,35,88,171,189,194,31,68,116,57,0,113,196,89,5,141,119,74,183,63,51,72,147,65,102,115,14,45,55,155,184,75,80,114,177,169,191,11,104,180,163,170,95,91,90,125,149,32,97,58,100,7,175,179,27,150,136,144,70,168,17,103,105,142,190,188,186,145,42,47,132,166,123,44];False
2306;8219;10525;[57,67,193,48,10,176,83,129,8,84,122,73,174,135,21,99,16,77,112,71,56,18,62,120,24,197,26,9,143,20,3,2,121,160,92,49,130,22,38,34,124,94,161,1,165,153,187,127,39,107,87,76,50,53,93,23,30,134,137,86,69,64,101,151,54,158,199,6,117,98,25,110,81,52,182,28,162,78,60,79,185,148,167,61,41,36,46,131,59,133,96,157,138,178,164,173,66,126,198,159,140,118,109,29,154,156,106,19,108,146,43,128,85,152,172,12,181,82,192,139,33,13,111,195,40,37,15,35,88,171,189,194,31,68,116,4,0,113,196,89,5,141,119,74,183,63,51,72,147,65,102,115,14,45,55,155,184,75,80,114,177,169,191,11,104,180,163,170,95,91,90,125,149,32,97,58,100,7,175,179,27,150,136,144,70,168,17,103,105,142,190,188,186,145,42,47,132,166,123,44];False
2286;8239;10525;[61,67,193,48,10,176,83,129,8,84,122,73,174,135,21,99,16,77,112,71,56,18,62,120,24,197,26,9,143,20,3,2,121,160,92,49,130,22,38,34,124,94,161,1,165,153,187,127,39,107,87,76,50,53,93,23,30,134,137,86,69,64,101,151,54,158,199,6,117,98,25,110,81,52,182,28,162,78,60,79,185,148,167,4,41,36,46,131,59,133,96,157,138,178,164,173,66,126,198,159,140,118,109,29,154,156,106,19,108,146,43,128,85,152,172,12,181,82,192,139,33,13,111,195,40,37,15,35,88,171,189,194,31,68,116,57,0,113,196,89,5,141,119,74,183,63,51,72,147,65,102,115,14,45,55,155,184,75,80,114,177,169,191,11,104,180,163,170,95,91,90,125,149,32,97,58,100,7,175,179,27,150,136,144,70,168,17,103,105,142,190,188,186,145,42,47,132,166,123,44];False
2254;8269;10523;[114,67,193,48,10,176,83,129,8,84,122,73,174,135,21,99,16,77,112,71,56,18,62,120,24,197,26,9,143,20,3,2,121,160,92,49,130,22,38,34,124,94,161,1,165,153,187,127,39,107,87,76,50,53,93,23,30,134,137,86,69,64,101,151,54,158,199,6,117,98,25,110,81,52,182,28,162,78,60,79,185,148,167,61,41,36,46,131,59,133,96,157,138,178,164,173,66,126,198,159,140,118,109,29,154,156,106,19,108,146,43,128,85,152,172,12,181,82,192,139,33,13,111,195,40,37,15,35,88,171,189,194,31,68,116,57,0,113,196,89,5,141,119,74,183,63,51,72,147,65,102,115,14,45,55,155,184,75,80,4,177,169,191,11,104,180,163,170,95,91,90,125,149,32,97,58,100,7,175,179,27,150,136,144,70,168,17,103,105,142,190,188,186,145,42,47,132,166,123,44];False
2316;8206;10522;[38,67,193,48,10,176,83,129,8,84,122,73,174,135,21,99,16,77,112,71,56,18,62,120,24,197,26,9,143,20,3,2,121,160,92,49,130,22,4,34,124,94,161,1,165,153,187,127,39,107,87,76,50,53,93,23,30,134,137,86,69,64,101,151,54,158,199,6,117,98,25,110,81,52,182,28,162,78,60,79,185,148,167,61,41,36,46,131,59,133,96,157,138,178,164,173,66,126,198,159,140,118,109,29,154,156,106,19,108,146,43,128,85,152,172,12,181,82,192,139,33,13,111,195,40,37,15,35,88,171,189,194,31,68,116,57,0,113,196,89,5,141,119,74,183,63,51,72,147,65,102,115,14,45,55,155,184,75,80,114,177,169,191,11,104,180,163,170,95,91,90,125,149,32,97,58,100,7,175,179,27,150,136,144,70,168,17,103,105,142,190,188,186,145,42,47,132,166,123,44];False
2319;8202;10521;[184,67,193,48,10,176,83,129,8,84,122,73,174,135,21,99,16,77,112,71,56,18,62,120,24,197,26,9,143,20,3,2,121,160,92,49,130,22,38,34,124,94,161,1,165,153,187,127,39,107,87,76,50,53,93,23,30,134,137,86,69,64,101,151,54,158,199,6,117,98,25,110,81,52,182,28,162,78,60,79,185,148,167,61,41,36,46,131,59,133,96,157,138,178,164,173,66,126,198,159,140,118,109,29,154,156,106,19,108,146,43,128,85,152,172,12,181,82,192,139,33,13,111,195,40,37,15,35,88,171,189,194,31,68,116,57,0,113,196,89,5,141,119,74,183,63,51,72,147,65,102,115,14,45,55,155,4,75,80,114,177,169,191,11,104,180,163,170,95,91,90,125,149,32,97,58,100,7,175,179,27,150,136,144,70,168,17,103,105,142,190,188,186,145,42,47,132,166,123,44];False
2277;8242;10519;[24,67,193,48,10,176,83,129,8,84,122,73,174,135,21,99,16,77,112,71,56,18,62,120,4,197,26,9,143,20,3,2,121,160,92,49,130,22,38,34,124,94,161,1,165,153,187,127,39,107,87,76,50,53,93,23,30,134,137,86,69,64,101,151,54,158,199,6,117,98,25,110,81,52,182,28,162,78,60,79,185,148,167,61,41,36,46,131,59,133,96,157,138,178,164,173,66,126,198,159,140,118,109,29,154,156,106,19,108,146,43,128,85,152,172,12,181,82,192,139,33,13,111,195,40,37,15,35,88,171,189,194,31,68,116,57,0,113,196,89,5,141,119,74,183,63,51,72,147,65,102,115,14,45,55,155,184,75,80,114,177,169,191,11,104,180,163,170,95,91,90,125,149,32,97,58,100,7,175,179,27,150,136,144,70,168,17,103,105,142,190,188,186,145,42,47,132,166,123,44];False
2309;8210;10519;[40,67,193,48,10,176,83,129,8,84,122,73,174,135,21,99,16,77,112,71,56,18,62,120,24,197,26,9,143,20,3,2,121,160,92,49,130,22,38,34,124,94,161,1,165,153,187,127,39,107,87,76,50,53,93,23,30,134,137,86,69,64,101,151,54,158,199,6,117,98,25,110,81,52,182,28,162,78,60,79,185,148,167,61,41,36,46,131,59,133,96,157,138,178,164,173,66,126,198,159,140,118,109,29,154,156,106,19,108,146,43,128,85,152,172,12,181,82,192,139,33,13,111,195,4,37,15,35,88,171,189,194,31,68,116,57,0,113,196,89,5,141,119,74,183,63,51,72,147,65,102,115,14,45,55,155,184,75,80,114,177,169,191,11,104,180,163,170,95,91,90,125,149,32,97,58,100,7,175,179,27,150,136,144,70,168,17,103,105,142,190,188,186,145,42,47,132,166,123,44];False
2291;8225;10516;[112,67,193,48,10,176,83,129,8,84,122,73,174,135,21,99,16,77,4,71,56,18,62,120,24,197,26,9,143,20,3,2,121,160,92,49,130,22,38,34,124,94,161,1,165,153,187,127,39,107,87,76,50,53,93,23,30,134,137,86,69,64,101,151,54,158,199,6,117,98,25,110,81,52,182,28,162,78,60,79,185,148,167,61,41,36,46,131,59,133,96,157,138,178,164,173,66,126,198,159,140,118,109,29,154,156,106,19,108,146,43,128,85,152,172,12,181,82,192,139,33,13,111,195,40,37,15,35,88,171,189,194,31,68,116,57,0,113,196,89,5,141,119,74,183,63,51,72,147,65,102,115,14,45,55,155,184,75,80,114,177,169,191,11,104,180,163,170,95,91,90,125,149,32,97,58,100,7,175,179,27,150,136,144,70,168,17,103,105,142,190,188,186,145,42,47,132,166,123,44];False
2269;8244;10513;[25,67,193,48,10,176,83,129,8,84,122,73,174,135,21,99,16,77,112,71,56,18,62,120,24,197,26,9,143,20,3,2,121,160,92,49,130,22,38,34,124,94,161,1,165,153,187,127,39,107,87,76,50,53,93,23,30,134,137,86,69,64,101,151,54,158,199,6,117,98,4,110,81,52,182,28,162,78,60,79,185,148,167,61,41,36,46,131,59,133,96,157,138,178,164,173,66,126,198,159,140,118,109,29,154,156,106,19,108,146,43,128,85,152,172,12,181,82,192,139,33,13,111,195,40,37,15,35,88,171,189,194,31,68,116,57,0,113,196,89,5,141,119,74,183,63,51,72,147,65,102,115,14,45,55,155,184,75,80,114,177,169,191,11,104,180,163,170,95,91,90,125,149,32,97,58,100,7,175,179,27,150,136,144,70,168,17,103,105,142,190,188,186,145,42,47,132,166,123,44];False
2303;8208;10511;[159,67,193,48,10,176,83,129,8,84,122,73,174,135,21,99,16,77,112,71,56,18,62,120,24,197,26,9,143,20,3,2,121,160,92,49,130,22,38,34,124,94,161,1,165,153,187,127,39,107,87,76,50,53,93,23,30,134,137,86,69,64,101,151,54,158,199,6,117,98,25,110,81,52,182,28,162,78,60,79,185,148,167,61,41,36,46,131,59,133,96,157,138,178,164,173,66,126,198,4,140,118,109,29,154,156,106,19,108,146,43,128,85,152,172,12,181,82,192,139,33,13,111,195,40,37,15,35,88,171,189,194,31,68,116,57,0,113,196,89,5,141,119,74,183,63,51,72,147,65,102,115,14,45,55,155,184,75,80,114,177,169,191,11,104,180,163,170,95,91,90,125,149,32,97,58,100,7,175,179,27,150,136,144,70,168,17,103,105,142,190,188,186,145,42,47,132,166,123,44];False
2307;8202;10509;[41,67,193,48,10,176,83,129,8,84,122,73,174,135,21,99,16,77,112,71,56,18,62,120,24,197,26,9,143,20,3,2,121,160,92,49,130,22,38,34,124,94,161,1,165,153,187,127,39,107,87,76,50,53,93,23,30,134,137,86,69,64,101,151,54,158,199,6,117,98,25,110,81,52,182,28,162,78,60,79,185,148,167,61,4,36,46,131,59,133,96,157,138,178,164,173,66,126,198,159,140,118,109,29,154,156,106,19,108,146,43,128,85,152,172,12,181,82,192,139,33,13,111,195,40,37,15,35,88,171,189,194,31,68,116,57,0,113,196,89,5,141,119,74,183,63,51,72,147,65,102,115,14,45,55,155,184,75,80,114,177,169,191,11,104,180,163,170,95,91,90,125,149,32,97,58,100,7,175,179,27,150,136,144,70,168,17,103,105,142,190,188,186,145,42,47,132,166,123,44];False
2280;8228;10508;[187,67,193,48,10,176,83,129,8,84,122,73,174,135,21,99,16,77,112,71,56,18,62,120,24,197,26,9,143,20,3,2,121,160,92,49,130,22,38,34,124,94,161,1,165,153,4,127,39,107,87,76,50,53,93,23,30,134,137,86,69,64,101,151,54,158,199,6,117,98,25,110,81,52,182,28,162,78,60,79,185,148,167,61,41,36,46,131,59,133,96,157,138,178,164,173,66,126,198,159,140,118,109,29,154,156,106,19,108,146,43,128,85,152,172,12,181,82,192,139,33,13,111,195,40,37,15,35,88,171,189,194,31,68,116,57,0,113,196,89,5,141,119,74,183,63,51,72,147,65,102,115,14,45,55,155,184,75,80,114,177,169,191,11,104,180,163,170,95,91,90,125,149,32,97,58,100,7,175,179,27,150,136,144,70,168,17,103,105,142,190,188,186,145,42,47,132,166,123,44];False
2245;8262;10507;[110,67,193,48,10,176,83,129,8,84,122,73,174,135,21,99,16,77,112,71,56,18,62,120,24,197,26,9,143,20,3,2,121,160,92,49,130,22,38,34,124,94,161,1,165,153,187,127,39,107,87,76,50,53,93,23,30,134,137,86,69,64,101,151,54,158,199,6,117,98,25,4,81,52,182,28,162,78,60,79,185,148,167,61,41,36,46,131,59,133,96,157,138,178,164,173,66,126,198,159,140,118,109,29,154,156,106,19,108,146,43,128,85,152,172,12,181,82,192,139,33,13,111,195,40,37,15,35,88,171,189,194,31,68,116,57,0,113,196,89,5,141,119,74,183,63,51,72,147,65,102,115,14,45,55,155,184,75,80,114,177,169,191,11,104,180,163,170,95,91,90,125,149,32,97,58,100,7,175,179,27,150,136,144,70,168,17,103,105,142,190,188,186,145,42,47,132,166,123,44];False
2260;8247;10507;[167,67,193,48,10,176,83,129,8,84,122,73,174,135,21,99,16,77,112,71,56,18,62,120,24,197,26,9,143,20,3,2,121,160,92,49,130,22,38,34,124,94,161,1,165,153,187,127,39,107,87,76,50,53,93,23,30,134,137,86,69,64,101,151,54,158,199,6,117,98,25,110,81,52,182,28,162,78,60,79,185,148,4,61,41,36,46,131,59,133,96,157,138,178,164,173,66,126,198,159,140,118,109,29,154,156,106,19,108,146,43,128,85,152,172,12,181,82,192,139,33,13,111,195,40,37,15,35,88,171,189,194,31,68,116,57,0,113,196,89,5,141,119,74,183,63,51,72,147,65,102,115,14,45,55,155,184,75,80,114,177,169,191,11,104,180,163,170,95,91,90,125,149,32,97,58,100,7,175,179,27,150,136,144,70,168,17,103,105,142,190,188,186,145,42,47,132,166,123,44];False
2256;8250;10506;[96,67,193,48,10,176,83,129,8,84,122,73,174,135,21,99,16,77,112,71,56,18,62,120,24,197,26,9,143,20,3,2,121,160,92,49,130,22,38,34,124,94,161,1,165,153,187,127,39,107,87,76,50,53,93,23,30,134,137,86,69,64,101,151,54,158,199,6,117,98,25,110,81,52,182,28,162,78,60,79,185,148,167,61,41,36,46,131,59,133,4,157,138,178,164,173,66,126,198,159,140,118,109,29,154,156,106,19,108,146,43,128,85,152,172,12,181,82,192,139,33,13,111,195,40,37,15,35,88,171,189,194,31,68,116,57,0,113,196,89,5,141,119,74,183,63,51,72,147,65,102,115,14,45,55,155,184,75,80,114,177,169,191,11,104,180,163,170,95,91,90,125,149,32,97,58,100,7,175,179,27,150,136,144,70,168,17,103,105,142,190,188,186,145,42,47,132,166,123,44];False
2245;8260;10505;[59,67,193,48,10,176,83,129,8,84,122,73,174,135,21,99,16,77,112,71,56,18,62,120,24,197,26,9,143,20,3,2,121,160,92,49,130,22,38,34,124,94,161,1,165,153,187,127,39,107,87,76,50,53,93,23,30,134,137,86,69,64,101,151,54,158,199,6,117,98,25,110,81,52,182,28,162,78,60,79,185,148,167,61,41,36,46,131,4,133,96,157,138,178,164,173,66,126,198,159,140,118,109,29,154,156,106,19,108,146,43,128,85,152,172,12,181,82,192,139,33,13,111,195,40,37,15,35,88,171,189,194,31,68,116,57,0,113,196,89,5,141,119,74,183,63,51,72,147,65,102,115,14,45,55,155,184,75,80,114,177,169,191,11,104,180,163,170,95,91,90,125,149,32,97,58,100,7,175,179,27,150,136,144,70,168,17,103,105,142,190,188,186,145,42,47,132,166,123,44];False
2288;8217;10505;[123,67,193,48,10,176,83,129,8,84,122,73,174,135,21,99,16,77,112,71,56,18,62,120,24,197,26,9,143,20,3,2,121,160,92,49,130,22,38,34,124,94,161,1,165,153,187,127,39,107,87,76,50,53,93,23,30,134,137,86,69,64,101,151,54,158,199,6,117,98,25,110,81,52,182,28,162,78,60,79,185,148,167,61,41,36,46,131,59,133,96,157,138,178,164,173,66,126,198,159,140,118,109,29,154,156,106,19,108,146,43,128,85,152,172,12,181,82,192,139,33,13,111,195,40,37,15,35,88,171,189,194,31,68,116,57,0,113,196,89,5,141,119,74,183,63,51,72,147,65,102,115,14,45,55,155,184,75,80,114,177,169,191,11,104,180,163,170,95,91,90,125,149,32,97,58,100,7,175,179,27,150,136,144,70,168,17,103,105,142,190,188,186,145,42,47,132,166,4,44];False
2255;8249;10504;[119,67,193,48,10,176,83,129,8,84,122,73,174,135,21,99,16,77,112,71,56,18,62,120,24,197,26,9,143,20,3,2,121,160,92,49,130,22,38,34,124,94,161,1,165,153,187,127,39,107,87,76,50,53,93,23,30,134,137,86,69,64,101,151,54,158,199,6,117,98,25,110,81,52,182,28,162,78,60,79,185,148,167,61,41,36,46,131,59,133,96,157,138,178,164,173,66,126,198,159,140,118,109,29,154,156,106,19,108,146,43,128,85,152,172,12,181,82,192,139,33,13,111,195,40,37,15,35,88,171,189,194,31,68,116,57,0,113,196,89,5,141,4,74,183,63,51,72,147,65,102,115,14,45,55,155,184,75,80,114,177,169,191,11,104,180,163,170,95,91,90,125,149,32,97,58,100,7,175,179,27,150,136,144,70,168,17,103,105,142,190,188,186,145,42,47,132,166,123,44];False
2291;8213;10504;[88,67,193,48,10,176,83,129,8,84,122,73,174,135,21,99,16,77,112,71,56,18,62,120,24,197,26,9,143,20,3,2,121,160,92,49,130,22,38,34,124,94,161,1,165,153,187,127,39,107,87,76,50,53,93,23,30,134,137,86,69,64,101,151,54,158,199,6,117,98,25,110,81,52,182,28,162,78,60,79,185,148,167,61,41,36,46,131,59,133,96,157,138,178,164,173,66,126,198,159,140,118,109,29,154,156,106,19,108,146,43,128,85,152,172,12,181,82,192,139,33,13,111,195,40,37,15,35,4,171,189,194,31,68,116,57,0,113,196,89,5,141,119,74,183,63,51,72,147,65,102,115,14,45,55,155,184,75,80,114,177,169,191,11,104,180,163,170,95,91,90,125,149,32,97,58,100,7,175,179,27,150,136,144,70,168,17,103,105,142,190,188,186,145,42,47,132,166,123,44];False
2309;8195;10504;[46,67,193,48,10,176,83,129,8,84,122,73,174,135,21,99,16,77,112,71,56,18,62,120,24,197,26,9,143,20,3,2,121,160,92,49,130,22,38,34,124,94,161,1,165,153,187,127,39,107,87,76,50,53,93,23,30,134,137,86,69,64,101,151,54,158,199,6,117,98,25,110,81,52,182,28,162,78,60,79,185,148,167,61,41,36,4,131,59,133,96,157,138,178,164,173,66,126,198,159,140,118,109,29,154,156,106,19,108,146,43,128,85,152,172,12,181,82,192,139,33,13,111,195,40,37,15,35,88,171,189,194,31,68,116,57,0,113,196,89,5,141,119,74,183,63,51,72,147,65,102,115,14,45,55,155,184,75,80,114,177,169,191,11,104,180,163,170,95,91,90,125,149,32,97,58,100,7,175,179,27,150,136,144,70,168,17,103,105,142,190,188,186,145,42,47,132,166,123,44];False
2297;8205;10502;[70,67,193,48,10,176,83,129,8,84,122,73,174,135,21,99,16,77,112,71,56,18,62,120,24,197,26,9,143,20,3,2,121,160,92,49,130,22,38,34,124,94,161,1,165,153,187,127,39,107,87,76,50,53,93,23,30,134,137,86,69,64,101,151,54,158,199,6,117,98,25,110,81,52,182,28,162,78,60,79,185,148,167,61,41,36,46,131,59,133,96,157,138,178,164,173,66,126,198,159,140,118,109,29,154,156,106,19,108,146,43,128,85,152,172,12,181,82,192,139,33,13,111,195,40,37,15,35,88,171,189,194,31,68,116,57,0,113,196,89,5,141,119,74,183,63,51,72,147,65,102,115,14,45,55,155,184,75,80,114,177,169,191,11,104,180,163,170,95,91,90,125,149,32,97,58,100,7,175,179,27,150,136,144,4,168,17,103,105,142,190,188,186,145,42,47,132,166,123,44];False
2309;8193;10502;[103,67,193,48,10,176,83,129,8,84,122,73,174,135,21,99,16,77,112,71,56,18,62,120,24,197,26,9,143,20,3,2,121,160,92,49,130,22,38,34,124,94,161,1,165,153,187,127,39,107,87,76,50,53,93,23,30,134,137,86,69,64,101,151,54,158,199,6,117,98,25,110,81,52,182,28,162,78,60,79,185,148,167,61,41,36,46,131,59,133,96,157,138,178,164,173,66,126,198,159,140,118,109,29,154,156,106,19,108,146,43,128,85,152,172,12,181,82,192,139,33,13,111,195,40,37,15,35,88,171,189,194,31,68,116,57,0,113,196,89,5,141,119,74,183,63,51,72,147,65,102,115,14,45,55,155,184,75,80,114,177,169,191,11,104,180,163,170,95,91,90,125,149,32,97,58,100,7,175,179,27,150,136,144,70,168,17,4,105,142,190,188,186,145,42,47,132,166,123,44];False
2244;8257;10501;[148,67,193,48,10,176,83,129,8,84,122,73,174,135,21,99,16,77,112,71,56,18,62,120,24,197,26,9,143,20,3,2,121,160,92,49,130,22,38,34,124,94,161,1,165,153,187,127,39,107,87,76,50,53,93,23,30,134,137,86,69,64,101,151,54,158,199,6,117,98,25,110,81,52,182,28,162,78,60,79,185,4,167,61,41,36,46,131,59,133,96,157,138,178,164,173,66,126,198,159,140,118,109,29,154,156,106,19,108,146,43,128,85,152,172,12,181,82,192,139,33,13,111,195,40,37,15,35,88,171,189,194,31,68,116,57,0,113,196,89,5,141,119,74,183,63,51,72,147,65,102,115,14,45,55,155,184,75,80,114,177,169,191,11,104,180,163,170,95,91,90,125,149,32,97,58,100,7,175,179,27,150,136,144,70,168,17,103,105,142,190,188,186,145,42,47,132,166,123,44];False
2336;8165;10501;[16,67,193,48,10,176,83,129,8,84,122,73,174,135,21,99,4,77,112,71,56,18,62,120,24,197,26,9,143,20,3,2,121,160,92,49,130,22,38,34,124,94,161,1,165,153,187,127,39,107,87,76,50,53,93,23,30,134,137,86,69,64,101,151,54,158,199,6,117,98,25,110,81,52,182,28,162,78,60,79,185,148,167,61,41,36,46,131,59,133,96,157,138,178,164,173,66,126,198,159,140,118,109,29,154,156,106,19,108,146,43,128,85,152,172,12,181,82,192,139,33,13,111,195,40,37,15,35,88,171,189,194,31,68,116,57,0,113,196,89,5,141,119,74,183,63,51,72,147,65,102,115,14,45,55,155,184,75,80,114,177,169,191,11,104,180,163,170,95,91,90,125,149,32,97,58,100,7,175,179,27,150,136,144,70,168,17,103,105,142,190,188,186,145,42,47,132,166,123,44];False
2195;8305;10500;[179,67,193,48,10,176,83,129,8,84,122,73,174,135,21,99,16,77,112,71,56,18,62,120,24,197,26,9,143,20,3,2,121,160,92,49,130,22,38,34,124,94,161,1,165,153,187,127,39,107,87,76,50,53,93,23,30,134,137,86,69,64,101,151,54,158,199,6,117,98,25,110,81,52,182,28,162,78,60,79,185,148,167,61,41,36,46,131,59,133,96,157,138,178,164,173,66,126,198,159,140,118,109,29,154,156,106,19,108,146,43,128,85,152,172,12,181,82,192,139,33,13,111,195,40,37,15,35,88,171,189,194,31,68,116,57,0,113,196,89,5,141,119,74,183,63,51,72,147,65,102,115,14,45,55,155,184,75,80,114,177,169,191,11,104,180,163,170,95,91,90,125,149,32,97,58,100,7,175,4,27,150,136,144,70,168,17,103,105,142,190,188,186,145,42,47,132,166,123,44];False
2287;8211;10498;[196,67,193,48,10,176,83,129,8,84,122,73,174,135,21,99,16,77,112,71,56,18,62,120,24,197,26,9,143,20,3,2,121,160,92,49,130,22,38,34,124,94,161,1,165,153,187,127,39,107,87,76,50,53,93,23,30,134,137,86,69,64,101,151,54,158,199,6,117,98,25,110,81,52,182,28,162,78,60,79,185,148,167,61,41,36,46,131,59,133,96,157,138,178,164,173,66,126,198,159,140,118,109,29,154,156,106,19,108,146,43,128,85,152,172,12,181,82,192,139,33,13,111,195,40,37,15,35,88,171,189,194,31,68,116,57,0,113,4,89,5,141,119,74,183,63,51,72,147,65,102,115,14,45,55,155,184,75,80,114,177,169,191,11,104,180,163,170,95,91,90,125,149,32,97,58,100,7,175,179,27,150,136,144,70,168,17,103,105,142,190,188,186,145,42,47,132,166,123,44];False
2253;8243;10496;[117,67,193,48,10,176,83,129,8,84,122,73,174,135,21,99,16,77,112,71,56,18,62,120,24,197,26,9,143,20,3,2,121,160,92,49,130,22,38,34,124,94,161,1,165,153,187,127,39,107,87,76,50,53,93,23,30,134,137,86,69,64,101,151,54,158,199,6,4,98,25,110,81,52,182,28,162,78,60,79,185,148,167,61,41,36,46,131,59,133,96,157,138,178,164,173,66,126,198,159,140,118,109,29,154,156,106,19,108,146,43,128,85,152,172,12,181,82,192,139,33,13,111,195,40,37,15,35,88,171,189,194,31,68,116,57,0,113,196,89,5,141,119,74,183,63,51,72,147,65,102,115,14,45,55,155,184,75,80,114,177,169,191,11,104,180,163,170,95,91,90,125,149,32,97,58,100,7,175,179,27,150,136,144,70,168,17,103,105,142,190,188,186,145,42,47,132,166,123,44];False
2290;8206;10496;[161,67,193,48,10,176,83,129,8,84,122,73,174,135,21,99,16,77,112,71,56,18,62,120,24,197,26,9,143,20,3,2,121,160,92,49,130,22,38,34,124,94,4,1,165,153,187,127,39,107,87,76,50,53,93,23,30,134,137,86,69,64,101,151,54,158,199,6,117,98,25,110,81,52,182,28,162,78,60,79,185,148,167,61,41,36,46,131,59,133,96,157,138,178,164,173,66,126,198,159,140,118,109,29,154,156,106,19,108,146,43,128,85,152,172,12,181,82,192,139,33,13,111,195,40,37,15,35,88,171,189,194,31,68,116,57,0,113,196,89,5,141,119,74,183,63,51,72,147,65,102,115,14,45,55,155,184,75,80,114,177,169,191,11,104,180,163,170,95,91,90,125,149,32,97,58,100,7,175,179,27,150,136,144,70,168,17,103,105,142,190,188,186,145,42,47,132,166,123,44];False
2290;8205;10495;[11,67,193,48,10,176,83,129,8,84,122,73,174,135,21,99,16,77,112,71,56,18,62,120,24,197,26,9,143,20,3,2,121,160,92,49,130,22,38,34,124,94,161,1,165,153,187,127,39,107,87,76,50,53,93,23,30,134,137,86,69,64,101,151,54,158,199,6,117,98,25,110,81,52,182,28,162,78,60,79,185,148,167,61,41,36,46,131,59,133,96,157,138,178,164,173,66,126,198,159,140,118,109,29,154,156,106,19,108,146,43,128,85,152,172,12,181,82,192,139,33,13,111,195,40,37,15,35,88,171,189,194,31,68,116,57,0,113,196,89,5,141,119,74,183,63,51,72,147,65,102,115,14,45,55,155,184,75,80,114,177,169,191,4,104,180,163,170,95,91,90,125,149,32,97,58,100,7,175,179,27,150,136,144,70,168,17,103,105,142,190,188,186,145,42,47,132,166,123,44];False
2243;8248;10491;[132,67,193,48,10,176,83,129,8,84,122,73,174,135,21,99,16,77,112,71,56,18,62,120,24,197,26,9,143,20,3,2,121,160,92,49,130,22,38,34,124,94,161,1,165,153,187,127,39,107,87,76,50,53,93,23,30,134,137,86,69,64,101,151,54,158,199,6,117,98,25,110,81,52,182,28,162,78,60,79,185,148,167,61,41,36,46,131,59,133,96,157,138,178,164,173,66,126,198,159,140,118,109,29,154,156,106,19,108,146,43,128,85,152,172,12,181,82,192,139,33,13,111,195,40,37,15,35,88,171,189,194,31,68,116,57,0,113,196,89,5,141,119,74,183,63,51,72,147,65,102,115,14,45,55,155,184,75,80,114,177,169,191,11,104,180,163,170,95,91,90,125,149,32,97,58,100,7,175,179,27,150,136,144,70,168,17,103,105,142,190,188,186,145,42,47,4,166,123,44];False
2290;8201;10491;[165,67,193,48,10,176,83,129,8,84,122,73,174,135,21,99,16,77,112,71,56,18,62,120,24,197,26,9,143,20,3,2,121,160,92,49,130,22,38,34,124,94,161,1,4,153,187,127,39,107,87,76,50,53,93,23,30,134,137,86,69,64,101,151,54,158,199,6,117,98,25,110,81,52,182,28,162,78,60,79,185,148,167,61,41,36,46,131,59,133,96,157,138,178,164,173,66,126,198,159,140,118,109,29,154,156,106,19,108,146,43,128,85,152,172,12,181,82,192,139,33,13,111,195,40,37,15,35,88,171,189,194,31,68,116,57,0,113,196,89,5,141,119,74,183,63,51,72,147,65,102,115,14,45,55,155,184,75,80,114,177,169,191,11,104,180,163,170,95,91,90,125,149,32,97,58,100,7,175,179,27,150,136,144,70,168,17,103,105,142,190,188,186,145,42,47,132,166,123,44];False
2340;8151;10491;[154,67,193,48,10,176,83,129,8,84,122,73,174,135,21,99,16,77,112,71,56,18,62,120,24,197,26,9,143,20,3,2,121,160,92,49,130,22,38,34,124,94,161,1,165,153,187,127,39,107,87,76,50,53,93,23,30,134,137,86,69,64,101,151,54,158,199,6,117,98,25,110,81,52,182,28,162,78,60,79,185,148,167,61,41,36,46,131,59,133,96,157,138,178,164,173,66,126,198,159,140,118,109,29,4,156,106,19,108,146,43,128,85,152,172,12,181,82,192,139,33,13,111,195,40,37,15,35,88,171,189,194,31,68,116,57,0,113,196,89,5,141,119,74,183,63,51,72,147,65,102,115,14,45,55,155,184,75,80,114,177,169,191,11,104,180,163,170,95,91,90,125,149,32,97,58,100,7,175,179,27,150,136,144,70,168,17,103,105,142,190,188,186,145,42,47,132,166,123,44];False
2241;8249;10490;[111,67,193,48,10,176,83,129,8,84,122,73,174,135,21,99,16,77,112,71,56,18,62,120,24,197,26,9,143,20,3,2,121,160,92,49,130,22,38,34,124,94,161,1,165,153,187,127,39,107,87,76,50,53,93,23,30,134,137,86,69,64,101,151,54,158,199,6,117,98,25,110,81,52,182,28,162,78,60,79,185,148,167,61,41,36,46,131,59,133,96,157,138,178,164,173,66,126,198,159,140,118,109,29,154,156,106,19,108,146,43,128,85,152,172,12,181,82,192,139,33,13,4,195,40,37,15,35,88,171,189,194,31,68,116,57,0,113,196,89,5,141,119,74,183,63,51,72,147,65,102,115,14,45,55,155,184,75,80,114,177,169,191,11,104,180,163,170,95,91,90,125,149,32,97,58,100,7,175,179,27,150,136,144,70,168,17,103,105,142,190,188,186,145,42,47,132,166,123,44];False
2310;8180;10490;[106,67,193,48,10,176,83,129,8,84,122,73,174,135,21,99,16,77,112,71,56,18,62,120,24,197,26,9,143,20,3,2,121,160,92,49,130,22,38,34,124,94,161,1,165,153,187,127,39,107,87,76,50,53,93,23,30,134,137,86,69,64,101,151,54,158,199,6,117,98,25,110,81,52,182,28,162,78,60,79,185,148,167,61,41,36,46,131,59,133,96,157,138,178,164,173,66,126,198,159,140,118,109,29,154,156,4,19,108,146,43,128,85,152,172,12,181,82,192,139,33,13,111,195,40,37,15,35,88,171,189,194,31,68,116,57,0,113,196,89,5,141,119,74,183,63,51,72,147,65,102,115,14,45,55,155,184,75,80,114,177,169,191,11,104,180,163,170,95,91,90,125,149,32,97,58,100,7,175,179,27,150,136,144,70,168,17,103,105,142,190,188,186,145,42,47,132,166,123,44];False
2250;8239;10489;[139,67,193,48,10,176,83,129,8,84,122,73,174,135,21,99,16,77,112,71,56,18,62,120,24,197,26,9,143,20,3,2,121,160,92,49,130,22,38,34,124,94,161,1,165,153,187,127,39,107,87,76,50,53,93,23,30,134,137,86,69,64,101,151,54,158,199,6,117,98,25,110,81,52,182,28,162,78,60,79,185,148,167,61,41,36,46,131,59,133,96,157,138,178,164,173,66,126,198,159,140,118,109,29,154,156,106,19,108,146,43,128,85,152,172,12,181,82,192,4,33,13,111,195,40,37,15,35,88,171,189,194,31,68,116,57,0,113,196,89,5,141,119,74,183,63,51,72,147,65,102,115,14,45,55,155,184,75,80,114,177,169,191,11,104,180,163,170,95,91,90,125,149,32,97,58,100,7,175,179,27,150,136,144,70,168,17,103,105,142,190,188,186,145,42,47,132,166,123,44];False
2269;8219;10488;[131,67,193,48,10,176,83,129,8,84,122,73,174,135,21,99,16,77,112,71,56,18,62,120,24,197,26,9,143,20,3,2,121,160,92,49,130,22,38,34,124,94,161,1,165,153,187,127,39,107,87,76,50,53,93,23,30,134,137,86,69,64,101,151,54,158,199,6,117,98,25,110,81,52,182,28,162,78,60,79,185,148,167,61,41,36,46,4,59,133,96,157,138,178,164,173,66,126,198,159,140,118,109,29,154,156,106,19,108,146,43,128,85,152,172,12,181,82,192,139,33,13,111,195,40,37,15,35,88,171,189,194,31,68,116,57,0,113,196,89,5,141,119,74,183,63,51,72,147,65,102,115,14,45,55,155,184,75,80,114,177,169,191,11,104,180,163,170,95,91,90,125,149,32,97,58,100,7,175,179,27,150,136,144,70,168,17,103,105,142,190,188,186,145,42,47,132,166,123,44];False
2328;8160;10488;[194,67,193,48,10,176,83,129,8,84,122,73,174,135,21,99,16,77,112,71,56,18,62,120,24,197,26,9,143,20,3,2,121,160,92,49,130,22,38,34,124,94,161,1,165,153,187,127,39,107,87,76,50,53,93,23,30,134,137,86,69,64,101,151,54,158,199,6,117,98,25,110,81,52,182,28,162,78,60,79,185,148,167,61,41,36,46,131,59,133,96,157,138,178,164,173,66,126,198,159,140,118,109,29,154,156,106,19,108,146,43,128,85,152,172,12,181,82,192,139,33,13,111,195,40,37,15,35,88,171,189,4,31,68,116,57,0,113,196,89,5,141,119,74,183,63,51,72,147,65,102,115,14,45,55,155,184,75,80,114,177,169,191,11,104,180,163,170,95,91,90,125,149,32,97,58,100,7,175,179,27,150,136,144,70,168,17,103,105,142,190,188,186,145,42,47,132,166,123,44];False
2311;8176;10487;[31,67,193,48,10,176,83,129,8,84,122,73,174,135,21,99,16,77,112,71,56,18,62,120,24,197,26,9,143,20,3,2,121,160,92,49,130,22,38,34,124,94,161,1,165,153,187,127,39,107,87,76,50,53,93,23,30,134,137,86,69,64,101,151,54,158,199,6,117,98,25,110,81,52,182,28,162,78,60,79,185,148,167,61,41,36,46,131,59,133,96,157,138,178,164,173,66,126,198,159,140,118,109,29,154,156,106,19,108,146,43,128,85,152,172,12,181,82,192,139,33,13,111,195,40,37,15,35,88,171,189,194,4,68,116,57,0,113,196,89,5,141,119,74,183,63,51,72,147,65,102,115,14,45,55,155,184,75,80,114,177,169,191,11,104,180,163,170,95,91,90,125,149,32,97,58,100,7,175,179,27,150,136,144,70,168,17,103,105,142,190,188,186,145,42,47,132,166,123,44];False
2293;8194;10487;[188,67,193,48,10,176,83,129,8,84,122,73,174,135,21,99,16,77,112,71,56,18,62,120,24,197,26,9,143,20,3,2,121,160,92,49,130,22,38,34,124,94,161,1,165,153,187,127,39,107,87,76,50,53,93,23,30,134,137,86,69,64,101,151,54,158,199,6,117,98,25,110,81,52,182,28,162,78,60,79,185,148,167,61,41,36,46,131,59,133,96,157,138,178,164,173,66,126,198,159,140,118,109,29,154,156,106,19,108,146,43,128,85,152,172,12,181,82,192,139,33,13,111,195,40,37,15,35,88,171,189,194,31,68,116,57,0,113,196,89,5,141,119,74,183,63,51,72,147,65,102,115,14,45,55,155,184,75,80,114,177,169,191,11,104,180,163,170,95,91,90,125,149,32,97,58,100,7,175,179,27,150,136,144,70,168,17,103,105,142,190,4,186,145,42,47,132,166,123,44];False
2222;8264;10486;[185,67,193,48,10,176,83,129,8,84,122,73,174,135,21,99,16,77,112,71,56,18,62,120,24,197,26,9,143,20,3,2,121,160,92,49,130,22,38,34,124,94,161,1,165,153,187,127,39,107,87,76,50,53,93,23,30,134,137,86,69,64,101,151,54,158,199,6,117,98,25,110,81,52,182,28,162,78,60,79,4,148,167,61,41,36,46,131,59,133,96,157,138,178,164,173,66,126,198,159,140,118,109,29,154,156,106,19,108,146,43,128,85,152,172,12,181,82,192,139,33,13,111,195,40,37,15,35,88,171,189,194,31,68,116,57,0,113,196,89,5,141,119,74,183,63,51,72,147,65,102,115,14,45,55,155,184,75,80,114,177,169,191,11,104,180,163,170,95,91,90,125,149,32,97,58,100,7,175,179,27,150,136,144,70,168,17,103,105,142,190,188,186,145,42,47,132,166,123,44];False
2269;8216;10485;[36,67,193,48,10,176,83,129,8,84,122,73,174,135,21,99,16,77,112,71,56,18,62,120,24,197,26,9,143,20,3,2,121,160,92,49,130,22,38,34,124,94,161,1,165,153,187,127,39,107,87,76,50,53,93,23,30,134,137,86,69,64,101,151,54,158,199,6,117,98,25,110,81,52,182,28,162,78,60,79,185,148,167,61,41,4,46,131,59,133,96,157,138,178,164,173,66,126,198,159,140,118,109,29,154,156,106,19,108,146,43,128,85,152,172,12,181,82,192,139,33,13,111,195,40,37,15,35,88,171,189,194,31,68,116,57,0,113,196,89,5,141,119,74,183,63,51,72,147,65,102,115,14,45,55,155,184,75,80,114,177,169,191,11,104,180,163,170,95,91,90,125,149,32,97,58,100,7,175,179,27,150,136,144,70,168,17,103,105,142,190,188,186,145,42,47,132,166,123,44];False
2277;8207;10484;[140,67,193,48,10,176,83,129,8,84,122,73,174,135,21,99,16,77,112,71,56,18,62,120,24,197,26,9,143,20,3,2,121,160,92,49,130,22,38,34,124,94,161,1,165,153,187,127,39,107,87,76,50,53,93,23,30,134,137,86,69,64,101,151,54,158,199,6,117,98,25,110,81,52,182,28,162,78,60,79,185,148,167,61,41,36,46,131,59,133,96,157,138,178,164,173,66,126,198,159,4,118,109,29,154,156,106,19,108,146,43,128,85,152,172,12,181,82,192,139,33,13,111,195,40,37,15,35,88,171,189,194,31,68,116,57,0,113,196,89,5,141,119,74,183,63,51,72,147,65,102,115,14,45,55,155,184,75,80,114,177,169,191,11,104,180,163,170,95,91,90,125,149,32,97,58,100,7,175,179,27,150,136,144,70,168,17,103,105,142,190,188,186,145,42,47,132,166,123,44];False
2210;8273;10483;[177,67,193,48,10,176,83,129,8,84,122,73,174,135,21,99,16,77,112,71,56,18,62,120,24,197,26,9,143,20,3,2,121,160,92,49,130,22,38,34,124,94,161,1,165,153,187,127,39,107,87,76,50,53,93,23,30,134,137,86,69,64,101,151,54,158,199,6,117,98,25,110,81,52,182,28,162,78,60,79,185,148,167,61,41,36,46,131,59,133,96,157,138,178,164,173,66,126,198,159,140,118,109,29,154,156,106,19,108,146,43,128,85,152,172,12,181,82,192,139,33,13,111,195,40,37,15,35,88,171,189,194,31,68,116,57,0,113,196,89,5,141,119,74,183,63,51,72,147,65,102,115,14,45,55,155,184,75,80,114,4,169,191,11,104,180,163,170,95,91,90,125,149,32,97,58,100,7,175,179,27,150,136,144,70,168,17,103,105,142,190,188,186,145,42,47,132,166,123,44];False
2268;8214;10482;[28,67,193,48,10,176,83,129,8,84,122,73,174,135,21,99,16,77,112,71,56,18,62,120,24,197,26,9,143,20,3,2,121,160,92,49,130,22,38,34,124,94,161,1,165,153,187,127,39,107,87,76,50,53,93,23,30,134,137,86,69,64,101,151,54,158,199,6,117,98,25,110,81,52,182,4,162,78,60,79,185,148,167,61,41,36,46,131,59,133,96,157,138,178,164,173,66,126,198,159,140,118,109,29,154,156,106,19,108,146,43,128,85,152,172,12,181,82,192,139,33,13,111,195,40,37,15,35,88,171,189,194,31,68,116,57,0,113,196,89,5,141,119,74,183,63,51,72,147,65,102,115,14,45,55,155,184,75,80,114,177,169,191,11,104,180,163,170,95,91,90,125,149,32,97,58,100,7,175,179,27,150,136,144,70,168,17,103,105,142,190,188,186,145,42,47,132,166,123,44];False
2231;8251;10482;[170,67,193,48,10,176,83,129,8,84,122,73,174,135,21,99,16,77,112,71,56,18,62,120,24,197,26,9,143,20,3,2,121,160,92,49,130,22,38,34,124,94,161,1,165,153,187,127,39,107,87,76,50,53,93,23,30,134,137,86,69,64,101,151,54,158,199,6,117,98,25,110,81,52,182,28,162,78,60,79,185,148,167,61,41,36,46,131,59,133,96,157,138,178,164,173,66,126,198,159,140,118,109,29,154,156,106,19,108,146,43,128,85,152,172,12,181,82,192,139,33,13,111,195,40,37,15,35,88,171,189,194,31,68,116,57,0,113,196,89,5,141,119,74,183,63,51,72,147,65,102,115,14,45,55,155,184,75,80,114,177,169,191,11,104,180,163,4,95,91,90,125,149,32,97,58,100,7,175,179,27,150,136,144,70,168,17,103,105,142,190,188,186,145,42,47,132,166,123,44];False
2285;8197;10482;[37,67,193,48,10,176,83,129,8,84,122,73,174,135,21,99,16,77,112,71,56,18,62,120,24,197,26,9,143,20,3,2,121,160,92,49,130,22,38,34,124,94,161,1,165,153,187,127,39,107,87,76,50,53,93,23,30,134,137,86,69,64,101,151,54,158,199,6,117,98,25,110,81,52,182,28,162,78,60,79,185,148,167,61,41,36,46,131,59,133,96,157,138,178,164,173,66,126,198,159,140,118,109,29,154,156,106,19,108,146,43,128,85,152,172,12,181,82,192,139,33,13,111,195,40,4,15,35,88,171,189,194,31,68,116,57,0,113,196,89,5,141,119,74,183,63,51,72,147,65,102,115,14,45,55,155,184,75,80,114,177,169,191,11,104,180,163,170,95,91,90,125,149,32,97,58,100,7,175,179,27,150,136,144,70,168,17,103,105,142,190,188,186,145,42,47,132,166,123,44];False
2286;8195;10481;[29,67,193,48,10,176,83,129,8,84,122,73,174,135,21,99,16,77,112,71,56,18,62,120,24,197,26,9,143,20,3,2,121,160,92,49,130,22,38,34,124,94,161,1,165,153,187,127,39,107,87,76,50,53,93,23,30,134,137,86,69,64,101,151,54,158,199,6,117,98,25,110,81,52,182,28,162,78,60,79,185,148,167,61,41,36,46,131,59,133,96,157,138,178,164,173,66,126,198,159,140,118,109,4,154,156,106,19,108,146,43,128,85,152,172,12,181,82,192,139,33,13,111,195,40,37,15,35,88,171,189,194,31,68,116,57,0,113,196,89,5,141,119,74,183,63,51,72,147,65,102,115,14,45,55,155,184,75,80,114,177,169,191,11,104,180,163,170,95,91,90,125,149,32,97,58,100,7,175,179,27,150,136,144,70,168,17,103,105,142,190,188,186,145,42,47,132,166,123,44];False
2301;8179;10480;[115,67,193,48,10,176,83,129,8,84,122,73,174,135,21,99,16,77,112,71,56,18,62,120,24,197,26,9,143,20,3,2,121,160,92,49,130,22,38,34,124,94,161,1,165,153,187,127,39,107,87,76,50,53,93,23,30,134,137,86,69,64,101,151,54,158,199,6,117,98,25,110,81,52,182,28,162,78,60,79,185,148,167,61,41,36,46,131,59,133,96,157,138,178,164,173,66,126,198,159,140,118,109,29,154,156,106,19,108,146,43,128,85,152,172,12,181,82,192,139,33,13,111,195,40,37,15,35,88,171,189,194,31,68,116,57,0,113,196,89,5,141,119,74,183,63,51,72,147,65,102,4,14,45,55,155,184,75,80,114,177,169,191,11,104,180,163,170,95,91,90,125,149,32,97,58,100,7,175,179,27,150,136,144,70,168,17,103,105,142,190,188,186,145,42,47,132,166,123,44];False
2295;8184;10479;[17,67,193,48,10,176,83,129,8,84,122,73,174,135,21,99,16,77,112,71,56,18,62,120,24,197,26,9,143,20,3,2,121,160,92,49,130,22,38,34,124,94,161,1,165,153,187,127,39,107,87,76,50,53,93,23,30,134,137,86,69,64,101,151,54,158,199,6,117,98,25,110,81,52,182,28,162,78,60,79,185,148,167,61,41,36,46,131,59,133,96,157,138,178,164,173,66,126,198,159,140,118,109,29,154,156,106,19,108,146,43,128,85,152,172,12,181,82,192,139,33,13,111,195,40,37,15,35,88,171,189,194,31,68,116,57,0,113,196,89,5,141,119,74,183,63,51,72,147,65,102,115,14,45,55,155,184,75,80,114,177,169,191,11,104,180,163,170,95,91,90,125,149,32,97,58,100,7,175,179,27,150,136,144,70,168,4,103,105,142,190,188,186,145,42,47,132,166,123,44];False
2246;8233;10479;[5,67,193,48,10,176,83,129,8,84,122,73,174,135,21,99,16,77,112,71,56,18,62,120,24,197,26,9,143,20,3,2,121,160,92,49,130,22,38,34,124,94,161,1,165,153,187,127,39,107,87,76,50,53,93,23,30,134,137,86,69,64,101,151,54,158,199,6,117,98,25,110,81,52,182,28,162,78,60,79,185,148,167,61,41,36,46,131,59,133,96,157,138,178,164,173,66,126,198,159,140,118,109,29,154,156,106,19,108,146,43,128,85,152,172,12,181,82,192,139,33,13,111,195,40,37,15,35,88,171,189,194,31,68,116,57,0,113,196,89,4,141,119,74,183,63,51,72,147,65,102,115,14,45,55,155,184,75,80,114,177,169,191,11,104,180,163,170,95,91,90,125,149,32,97,58,100,7,175,179,27,150,136,144,70,168,17,103,105,142,190,188,186,145,42,47,132,166,123,44];False
2267;8211;10478;[138,67,193,48,10,176,83,129,8,84,122,73,174,135,21,99,16,77,112,71,56,18,62,120,24,197,26,9,143,20,3,2,121,160,92,49,130,22,38,34,124,94,161,1,165,153,187,127,39,107,87,76,50,53,93,23,30,134,137,86,69,64,101,151,54,158,199,6,117,98,25,110,81,52,182,28,162,78,60,79,185,148,167,61,41,36,46,131,59,133,96,157,4,178,164,173,66,126,198,159,140,118,109,29,154,156,106,19,108,146,43,128,85,152,172,12,181,82,192,139,33,13,111,195,40,37,15,35,88,171,189,194,31,68,116,57,0,113,196,89,5,141,119,74,183,63,51,72,147,65,102,115,14,45,55,155,184,75,80,114,177,169,191,11,104,180,163,170,95,91,90,125,149,32,97,58,100,7,175,179,27,150,136,144,70,168,17,103,105,142,190,188,186,145,42,47,132,166,123,44];False
2294;8184;10478;[51,67,193,48,10,176,83,129,8,84,122,73,174,135,21,99,16,77,112,71,56,18,62,120,24,197,26,9,143,20,3,2,121,160,92,49,130,22,38,34,124,94,161,1,165,153,187,127,39,107,87,76,50,53,93,23,30,134,137,86,69,64,101,151,54,158,199,6,117,98,25,110,81,52,182,28,162,78,60,79,185,148,167,61,41,36,46,131,59,133,96,157,138,178,164,173,66,126,198,159,140,118,109,29,154,156,106,19,108,146,43,128,85,152,172,12,181,82,192,139,33,13,111,195,40,37,15,35,88,171,189,194,31,68,116,57,0,113,196,89,5,141,119,74,183,63,4,72,147,65,102,115,14,45,55,155,184,75,80,114,177,169,191,11,104,180,163,170,95,91,90,125,149,32,97,58,100,7,175,179,27,150,136,144,70,168,17,103,105,142,190,188,186,145,42,47,132,166,123,44];False
2238;8238;10476;[100,67,193,48,10,176,83,129,8,84,122,73,174,135,21,99,16,77,112,71,56,18,62,120,24,197,26,9,143,20,3,2,121,160,92,49,130,22,38,34,124,94,161,1,165,153,187,127,39,107,87,76,50,53,93,23,30,134,137,86,69,64,101,151,54,158,199,6,117,98,25,110,81,52,182,28,162,78,60,79,185,148,167,61,41,36,46,131,59,133,96,157,138,178,164,173,66,126,198,159,140,118,109,29,154,156,106,19,108,146,43,128,85,152,172,12,181,82,192,139,33,13,111,195,40,37,15,35,88,171,189,194,31,68,116,57,0,113,196,89,5,141,119,74,183,63,51,72,147,65,102,115,14,45,55,155,184,75,80,114,177,169,191,11,104,180,163,170,95,91,90,125,149,32,97,58,4,7,175,179,27,150,136,144,70,168,17,103,105,142,190,188,186,145,42,47,132,166,123,44];False
2212;8261;10473;[120,67,193,48,10,176,83,129,8,84,122,73,174,135,21,99,16,77,112,71,56,18,62,4,24,197,26,9,143,20,3,2,121,160,92,49,130,22,38,34,124,94,161,1,165,153,187,127,39,107,87,76,50,53,93,23,30,134,137,86,69,64,101,151,54,158,199,6,117,98,25,110,81,52,182,28,162,78,60,79,185,148,167,61,41,36,46,131,59,133,96,157,138,178,164,173,66,126,198,159,140,118,109,29,154,156,106,19,108,146,43,128,85,152,172,12,181,82,192,139,33,13,111,195,40,37,15,35,88,171,189,194,31,68,116,57,0,113,196,89,5,141,119,74,183,63,51,72,147,65,102,115,14,45,55,155,184,75,80,114,177,169,191,11,104,180,163,170,95,91,90,125,149,32,97,58,100,7,175,179,27,150,136,144,70,168,17,103,105,142,190,188,186,145,42,47,132,166,123,44];False
2245;8228;10473;[64,67,193,48,10,176,83,129,8,84,122,73,174,135,21,99,16,77,112,71,56,18,62,120,24,197,26,9,143,20,3,2,121,160,92,49,130,22,38,34,124,94,161,1,165,153,187,127,39,107,87,76,50,53,93,23,30,134,137,86,69,4,101,151,54,158,199,6,117,98,25,110,81,52,182,28,162,78,60,79,185,148,167,61,41,36,46,131,59,133,96,157,138,178,164,173,66,126,198,159,140,118,109,29,154,156,106,19,108,146,43,128,85,152,172,12,181,82,192,139,33,13,111,195,40,37,15,35,88,171,189,194,31,68,116,57,0,113,196,89,5,141,119,74,183,63,51,72,147,65,102,115,14,45,55,155,184,75,80,114,177,169,191,11,104,180,163,170,95,91,90,125,149,32,97,58,100,7,175,179,27,150,136,144,70,168,17,103,105,142,190,188,186,145,42,47,132,166,123,44];False
2295;8178;10473;[146,67,193,48,10,176,83,129,8,84,122,73,174,135,21,99,16,77,112,71,56,18,62,120,24,197,26,9,143,20,3,2,121,160,92,49,130,22,38,34,124,94,161,1,165,153,187,127,39,107,87,76,50,53,93,23,30,134,137,86,69,64,101,151,54,158,199,6,117,98,25,110,81,52,182,28,162,78,60,79,185,148,167,61,41,36,46,131,59,133,96,157,138,178,164,173,66,126,198,159,140,118,109,29,154,156,106,19,108,4,43,128,85,152,172,12,181,82,192,139,33,13,111,195,40,37,15,35,88,171,189,194,31,68,116,57,0,113,196,89,5,141,119,74,183,63,51,72,147,65,102,115,14,45,55,155,184,75,80,114,177,169,191,11,104,180,163,170,95,91,90,125,149,32,97,58,100,7,175,179,27,150,136,144,70,168,17,103,105,142,190,188,186,145,42,47,132,166,123,44];False
2282;8188;10470;[19,67,193,48,10,176,83,129,8,84,122,73,174,135,21,99,16,77,112,71,56,18,62,120,24,197,26,9,143,20,3,2,121,160,92,49,130,22,38,34,124,94,161,1,165,153,187,127,39,107,87,76,50,53,93,23,30,134,137,86,69,64,101,151,54,158,199,6,117,98,25,110,81,52,182,28,162,78,60,79,185,148,167,61,41,36,46,131,59,133,96,157,138,178,164,173,66,126,198,159,140,118,109,29,154,156,106,4,108,146,43,128,85,152,172,12,181,82,192,139,33,13,111,195,40,37,15,35,88,171,189,194,31,68,116,57,0,113,196,89,5,141,119,74,183,63,51,72,147,65,102,115,14,45,55,155,184,75,80,114,177,169,191,11,104,180,163,170,95,91,90,125,149,32,97,58,100,7,175,179,27,150,136,144,70,168,17,103,105,142,190,188,186,145,42,47,132,166,123,44];False
2189;8278;10467;[133,67,193,48,10,176,83,129,8,84,122,73,174,135,21,99,16,77,112,71,56,18,62,120,24,197,26,9,143,20,3,2,121,160,92,49,130,22,38,34,124,94,161,1,165,153,187,127,39,107,87,76,50,53,93,23,30,134,137,86,69,64,101,151,54,158,199,6,117,98,25,110,81,52,182,28,162,78,60,79,185,148,167,61,41,36,46,131,59,4,96,157,138,178,164,173,66,126,198,159,140,118,109,29,154,156,106,19,108,146,43,128,85,152,172,12,181,82,192,139,33,13,111,195,40,37,15,35,88,171,189,194,31,68,116,57,0,113,196,89,5,141,119,74,183,63,51,72,147,65,102,115,14,45,55,155,184,75,80,114,177,169,191,11,104,180,163,170,95,91,90,125,149,32,97,58,100,7,175,179,27,150,136,144,70,168,17,103,105,142,190,188,186,145,42,47,132,166,123,44];False
2275;8191;10466;[9,67,193,48,10,176,83,129,8,84,122,73,174,135,21,99,16,77,112,71,56,18,62,120,24,197,26,4,143,20,3,2,121,160,92,49,130,22,38,34,124,94,161,1,165,153,187,127,39,107,87,76,50,53,93,23,30,134,137,86,69,64,101,151,54,158,199,6,117,98,25,110,81,52,182,28,162,78,60,79,185,148,167,61,41,36,46,131,59,133,96,157,138,178,164,173,66,126,198,159,140,118,109,29,154,156,106,19,108,146,43,128,85,152,172,12,181,82,192,139,33,13,111,195,40,37,15,35,88,171,189,194,31,68,116,57,0,113,196,89,5,141,119,74,183,63,51,72,147,65,102,115,14,45,55,155,184,75,80,114,177,169,191,11,104,180,163,170,95,91,90,125,149,32,97,58,100,7,175,179,27,150,136,144,70,168,17,103,105,142,190,188,186,145,42,47,132,166,123,44];False
2256;8209;10465;[13,67,193,48,10,176,83,129,8,84,122,73,174,135,21,99,16,77,112,71,56,18,62,120,24,197,26,9,143,20,3,2,121,160,92,49,130,22,38,34,124,94,161,1,165,153,187,127,39,107,87,76,50,53,93,23,30,134,137,86,69,64,101,151,54,158,199,6,117,98,25,110,81,52,182,28,162,78,60,79,185,148,167,61,41,36,46,131,59,133,96,157,138,178,164,173,66,126,198,159,140,118,109,29,154,156,106,19,108,146,43,128,85,152,172,12,181,82,192,139,33,4,111,195,40,37,15,35,88,171,189,194,31,68,116,57,0,113,196,89,5,141,119,74,183,63,51,72,147,65,102,115,14,45,55,155,184,75,80,114,177,169,191,11,104,180,163,170,95,91,90,125,149,32,97,58,100,7,175,179,27,150,136,144,70,168,17,103,105,142,190,188,186,145,42,47,132,166,123,44];False
2239;8225;10464;[3,67,193,48,10,176,83,129,8,84,122,73,174,135,21,99,16,77,112,71,56,18,62,120,24,197,26,9,143,20,4,2,121,160,92,49,130,22,38,34,124,94,161,1,165,153,187,127,39,107,87,76,50,53,93,23,30,134,137,86,69,64,101,151,54,158,199,6,117,98,25,110,81,52,182,28,162,78,60,79,185,148,167,61,41,36,46,131,59,133,96,157,138,178,164,173,66,126,198,159,140,118,109,29,154,156,106,19,108,146,43,128,85,152,172,12,181,82,192,139,33,13,111,195,40,37,15,35,88,171,189,194,31,68,116,57,0,113,196,89,5,141,119,74,183,63,51,72,147,65,102,115,14,45,55,155,184,75,80,114,177,169,191,11,104,180,163,170,95,91,90,125,149,32,97,58,100,7,175,179,27,150,136,144,70,168,17,103,105,142,190,188,186,145,42,47,132,166,123,44];False
2238;8226;10464;[172,67,193,48,10,176,83,129,8,84,122,73,174,135,21,99,16,77,112,71,56,18,62,120,24,197,26,9,143,20,3,2,121,160,92,49,130,22,38,34,124,94,161,1,165,153,187,127,39,107,87,76,50,53,93,23,30,134,137,86,69,64,101,151,54,158,199,6,117,98,25,110,81,52,182,28,162,78,60,79,185,148,167,61,41,36,46,131,59,133,96,157,138,178,164,173,66,126,198,159,140,118,109,29,154,156,106,19,108,146,43,128,85,152,4,12,181,82,192,139,33,13,111,195,40,37,15,35,88,171,189,194,31,68,116,57,0,113,196,89,5,141,119,74,183,63,51,72,147,65,102,115,14,45,55,155,184,75,80,114,177,169,191,11,104,180,163,170,95,91,90,125,149,32,97,58,100,7,175,179,27,150,136,144,70,168,17,103,105,142,190,188,186,145,42,47,132,166,123,44];False
2289;8173;10462;[72,67,193,48,10,176,83,129,8,84,122,73,174,135,21,99,16,77,112,71,56,18,62,120,24,197,26,9,143,20,3,2,121,160,92,49,130,22,38,34,124,94,161,1,165,153,187,127,39,107,87,76,50,53,93,23,30,134,137,86,69,64,101,151,54,158,199,6,117,98,25,110,81,52,182,28,162,78,60,79,185,148,167,61,41,36,46,131,59,133,96,157,138,178,164,173,66,126,198,159,140,118,109,29,154,156,106,19,108,146,43,128,85,152,172,12,181,82,192,139,33,13,111,195,40,37,15,35,88,171,189,194,31,68,116,57,0,113,196,89,5,141,119,74,183,63,51,4,147,65,102,115,14,45,55,155,184,75,80,114,177,169,191,11,104,180,163,170,95,91,90,125,149,32,97,58,100,7,175,179,27,150,136,144,70,168,17,103,105,142,190,188,186,145,42,47,132,166,123,44];False
2234;8228;10462;[144,67,193,48,10,176,83,129,8,84,122,73,174,135,21,99,16,77,112,71,56,18,62,120,24,197,26,9,143,20,3,2,121,160,92,49,130,22,38,34,124,94,161,1,165,153,187,127,39,107,87,76,50,53,93,23,30,134,137,86,69,64,101,151,54,158,199,6,117,98,25,110,81,52,182,28,162,78,60,79,185,148,167,61,41,36,46,131,59,133,96,157,138,178,164,173,66,126,198,159,140,118,109,29,154,156,106,19,108,146,43,128,85,152,172,12,181,82,192,139,33,13,111,195,40,37,15,35,88,171,189,194,31,68,116,57,0,113,196,89,5,141,119,74,183,63,51,72,147,65,102,115,14,45,55,155,184,75,80,114,177,169,191,11,104,180,163,170,95,91,90,125,149,32,97,58,100,7,175,179,27,150,136,4,70,168,17,103,105,142,190,188,186,145,42,47,132,166,123,44];False
2274;8187;10461;[135,67,193,48,10,176,83,129,8,84,122,73,174,4,21,99,16,77,112,71,56,18,62,120,24,197,26,9,143,20,3,2,121,160,92,49,130,22,38,34,124,94,161,1,165,153,187,127,39,107,87,76,50,53,93,23,30,134,137,86,69,64,101,151,54,158,199,6,117,98,25,110,81,52,182,28,162,78,60,79,185,148,167,61,41,36,46,131,59,133,96,157,138,178,164,173,66,126,198,159,140,118,109,29,154,156,106,19,108,146,43,128,85,152,172,12,181,82,192,139,33,13,111,195,40,37,15,35,88,171,189,194,31,68,116,57,0,113,196,89,5,141,119,74,183,63,51,72,147,65,102,115,14,45,55,155,184,75,80,114,177,169,191,11,104,180,163,170,95,91,90,125,149,32,97,58,100,7,175,179,27,150,136,144,70,168,17,103,105,142,190,188,186,145,42,47,132,166,123,44];False
2255;8205;10460;[163,67,193,48,10,176,83,129,8,84,122,73,174,135,21,99,16,77,112,71,56,18,62,120,24,197,26,9,143,20,3,2,121,160,92,49,130,22,38,34,124,94,161,1,165,153,187,127,39,107,87,76,50,53,93,23,30,134,137,86,69,64,101,151,54,158,199,6,117,98,25,110,81,52,182,28,162,78,60,79,185,148,167,61,41,36,46,131,59,133,96,157,138,178,164,173,66,126,198,159,140,118,109,29,154,156,106,19,108,146,43,128,85,152,172,12,181,82,192,139,33,13,111,195,40,37,15,35,88,171,189,194,31,68,116,57,0,113,196,89,5,141,119,74,183,63,51,72,147,65,102,115,14,45,55,155,184,75,80,114,177,169,191,11,104,180,4,170,95,91,90,125,149,32,97,58,100,7,175,179,27,150,136,144,70,168,17,103,105,142,190,188,186,145,42,47,132,166,123,44];False
2259;8201;10460;[6,67,193,48,10,176,83,129,8,84,122,73,174,135,21,99,16,77,112,71,56,18,62,120,24,197,26,9,143,20,3,2,121,160,92,49,130,22,38,34,124,94,161,1,165,153,187,127,39,107,87,76,50,53,93,23,30,134,137,86,69,64,101,151,54,158,199,4,117,98,25,110,81,52,182,28,162,78,60,79,185,148,167,61,41,36,46,131,59,133,96,157,138,178,164,173,66,126,198,159,140,118,109,29,154,156,106,19,108,146,43,128,85,152,172,12,181,82,192,139,33,13,111,195,40,37,15,35,88,171,189,194,31,68,116,57,0,113,196,89,5,141,119,74,183,63,51,72,147,65,102,115,14,45,55,155,184,75,80,114,177,169,191,11,104,180,163,170,95,91,90,125,149,32,97,58,100,7,175,179,27,150,136,144,70,168,17,103,105,142,190,188,186,145,42,47,132,166,123,44];False
2238;8222;10460;[83,67,193,48,10,176,4,129,8,84,122,73,174,135,21,99,16,77,112,71,56,18,62,120,24,197,26,9,143,20,3,2,121,160,92,49,130,22,38,34,124,94,161,1,165,153,187,127,39,107,87,76,50,53,93,23,30,134,137,86,69,64,101,151,54,158,199,6,117,98,25,110,81,52,182,28,162,78,60,79,185,148,167,61,41,36,46,131,59,133,96,157,138,178,164,173,66,126,198,159,140,118,109,29,154,156,106,19,108,146,43,128,85,152,172,12,181,82,192,139,33,13,111,195,40,37,15,35,88,171,189,194,31,68,116,57,0,113,196,89,5,141,119,74,183,63,51,72,147,65,102,115,14,45,55,155,184,75,80,114,177,169,191,11,104,180,163,170,95,91,90,125,149,32,97,58,100,7,175,179,27,150,136,144,70,168,17,103,105,142,190,188,186,145,42,47,132,166,123,44];False
2246;8214;10460;[150,67,193,48,10,176,83,129,8,84,122,73,174,135,21,99,16,77,112,71,56,18,62,120,24,197,26,9,143,20,3,2,121,160,92,49,130,22,38,34,124,94,161,1,165,153,187,127,39,107,87,76,50,53,93,23,30,134,137,86,69,64,101,151,54,158,199,6,117,98,25,110,81,52,182,28,162,78,60,79,185,148,167,61,41,36,46,131,59,133,96,157,138,178,164,173,66,126,198,159,140,118,109,29,154,156,106,19,108,146,43,128,85,152,172,12,181,82,192,139,33,13,111,195,40,37,15,35,88,171,189,194,31,68,116,57,0,113,196,89,5,141,119,74,183,63,51,72,147,65,102,115,14,45,55,155,184,75,80,114,177,169,191,11,104,180,163,170,95,91,90,125,149,32,97,58,100,7,175,179,27,4,136,144,70,168,17,103,105,142,190,188,186,145,42,47,132,166,123,44];False
2231;8228;10459;[197,67,193,48,10,176,83,129,8,84,122,73,174,135,21,99,16,77,112,71,56,18,62,120,24,4,26,9,143,20,3,2,121,160,92,49,130,22,38,34,124,94,161,1,165,153,187,127,39,107,87,76,50,53,93,23,30,134,137,86,69,64,101,151,54,158,199,6,117,98,25,110,81,52,182,28,162,78,60,79,185,148,167,61,41,36,46,131,59,133,96,157,138,178,164,173,66,126,198,159,140,118,109,29,154,156,106,19,108,146,43,128,85,152,172,12,181,82,192,139,33,13,111,195,40,37,15,35,88,171,189,194,31,68,116,57,0,113,196,89,5,141,119,74,183,63,51,72,147,65,102,115,14,45,55,155,184,75,80,114,177,169,191,11,104,180,163,170,95,91,90,125,149,32,97,58,100,7,175,179,27,150,136,144,70,168,17,103,105,142,190,188,186,145,42,47,132,166,123,44];False
2261;8198;10459;[71,67,193,48,10,176,83,129,8,84,122,73,174,135,21,99,16,77,112,4,56,18,62,120,24,197,26,9,143,20,3,2,121,160,92,49,130,22,38,34,124,94,161,1,165,153,187,127,39,107,87,76,50,53,93,23,30,134,137,86,69,64,101,151,54,158,199,6,117,98,25,110,81,52,182,28,162,78,60,79,185,148,167,61,41,36,46,131,59,133,96,157,138,178,164,173,66,126,198,159,140,118,109,29,154,156,106,19,108,146,43,128,85,152,172,12,181,82,192,139,33,13,111,195,40,37,15,35,88,171,189,194,31,68,116,57,0,113,196,89,5,141,119,74,183,63,51,72,147,65,102,115,14,45,55,155,184,75,80,114,177,169,191,11,104,180,163,170,95,91,90,125,149,32,97,58,100,7,175,179,27,150,136,144,70,168,17,103,105,142,190,188,186,145,42,47,132,166,123,44];False
2246;8213;10459;[23,67,193,48,10,176,83,129,8,84,122,73,174,135,21,99,16,77,112,71,56,18,62,120,24,197,26,9,143,20,3,2,121,160,92,49,130,22,38,34,124,94,161,1,165,153,187,127,39,107,87,76,50,53,93,4,30,134,137,86,69,64,101,151,54,158,199,6,117,98,25,110,81,52,182,28,162,78,60,79,185,148,167,61,41,36,46,131,59,133,96,157,138,178,164,173,66,126,198,159,140,118,109,29,154,156,106,19,108,146,43,128,85,152,172,12,181,82,192,139,33,13,111,195,40,37,15,35,88,171,189,194,31,68,116,57,0,113,196,89,5,141,119,74,183,63,51,72,147,65,102,115,14,45,55,155,184,75,80,114,177,169,191,11,104,180,163,170,95,91,90,125,149,32,97,58,100,7,175,179,27,150,136,144,70,168,17,103,105,142,190,188,186,145,42,47,132,166,123,44];False
2247;8211;10458;[152,67,193,48,10,176,83,129,8,84,122,73,174,135,21,99,16,77,112,71,56,18,62,120,24,197,26,9,143,20,3,2,121,160,92,49,130,22,38,34,124,94,161,1,165,153,187,127,39,107,87,76,50,53,93,23,30,134,137,86,69,64,101,151,54,158,199,6,117,98,25,110,81,52,182,28,162,78,60,79,185,148,167,61,41,36,46,131,59,133,96,157,138,178,164,173,66,126,198,159,140,118,109,29,154,156,106,19,108,146,43,128,85,4,172,12,181,82,192,139,33,13,111,195,40,37,15,35,88,171,189,194,31,68,116,57,0,113,196,89,5,141,119,74,183,63,51,72,147,65,102,115,14,45,55,155,184,75,80,114,177,169,191,11,104,180,163,170,95,91,90,125,149,32,97,58,100,7,175,179,27,150,136,144,70,168,17,103,105,142,190,188,186,145,42,47,132,166,123,44];False
2291;8167;10458;[125,67,193,48,10,176,83,129,8,84,122,73,174,135,21,99,16,77,112,71,56,18,62,120,24,197,26,9,143,20,3,2,121,160,92,49,130,22,38,34,124,94,161,1,165,153,187,127,39,107,87,76,50,53,93,23,30,134,137,86,69,64,101,151,54,158,199,6,117,98,25,110,81,52,182,28,162,78,60,79,185,148,167,61,41,36,46,131,59,133,96,157,138,178,164,173,66,126,198,159,140,118,109,29,154,156,106,19,108,146,43,128,85,152,172,12,181,82,192,139,33,13,111,195,40,37,15,35,88,171,189,194,31,68,116,57,0,113,196,89,5,141,119,74,183,63,51,72,147,65,102,115,14,45,55,155,184,75,80,114,177,169,191,11,104,180,163,170,95,91,90,4,149,32,97,58,100,7,175,179,27,150,136,144,70,168,17,103,105,142,190,188,186,145,42,47,132,166,123,44];False
2229;8227;10456;[75,67,193,48,10,176,83,129,8,84,122,73,174,135,21,99,16,77,112,71,56,18,62,120,24,197,26,9,143,20,3,2,121,160,92,49,130,22,38,34,124,94,161,1,165,153,187,127,39,107,87,76,50,53,93,23,30,134,137,86,69,64,101,151,54,158,199,6,117,98,25,110,81,52,182,28,162,78,60,79,185,148,167,61,41,36,46,131,59,133,96,157,138,178,164,173,66,126,198,159,140,118,109,29,154,156,106,19,108,146,43,128,85,152,172,12,181,82,192,139,33,13,111,195,40,37,15,35,88,171,189,194,31,68,116,57,0,113,196,89,5,141,119,74,183,63,51,72,147,65,102,115,14,45,55,155,184,4,80,114,177,169,191,11,104,180,163,170,95,91,90,125,149,32,97,58,100,7,175,179,27,150,136,144,70,168,17,103,105,142,190,188,186,145,42,47,132,166,123,44];False
2263;8193;10456;[99,67,193,48,10,176,83,129,8,84,122,73,174,135,21,4,16,77,112,71,56,18,62,120,24,197,26,9,143,20,3,2,121,160,92,49,130,22,38,34,124,94,161,1,165,153,187,127,39,107,87,76,50,53,93,23,30,134,137,86,69,64,101,151,54,158,199,6,117,98,25,110,81,52,182,28,162,78,60,79,185,148,167,61,41,36,46,131,59,133,96,157,138,178,164,173,66,126,198,159,140,118,109,29,154,156,106,19,108,146,43,128,85,152,172,12,181,82,192,139,33,13,111,195,40,37,15,35,88,171,189,194,31,68,116,57,0,113,196,89,5,141,119,74,183,63,51,72,147,65,102,115,14,45,55,155,184,75,80,114,177,169,191,11,104,180,163,170,95,91,90,125,149,32,97,58,100,7,175,179,27,150,136,144,70,168,17,103,105,142,190,188,186,145,42,47,132,166,123,44];False
2268;8187;10455;[56,67,193,48,10,176,83,129,8,84,122,73,174,135,21,99,16,77,112,71,4,18,62,120,24,197,26,9,143,20,3,2,121,160,92,49,130,22,38,34,124,94,161,1,165,153,187,127,39,107,87,76,50,53,93,23,30,134,137,86,69,64,101,151,54,158,199,6,117,98,25,110,81,52,182,28,162,78,60,79,185,148,167,61,41,36,46,131,59,133,96,157,138,178,164,173,66,126,198,159,140,118,109,29,154,156,106,19,108,146,43,128,85,152,172,12,181,82,192,139,33,13,111,195,40,37,15,35,88,171,189,194,31,68,116,57,0,113,196,89,5,141,119,74,183,63,51,72,147,65,102,115,14,45,55,155,184,75,80,114,177,169,191,11,104,180,163,170,95,91,90,125,149,32,97,58,100,7,175,179,27,150,136,144,70,168,17,103,105,142,190,188,186,145,42,47,132,166,123,44];False
2265;8190;10455;[121,67,193,48,10,176,83,129,8,84,122,73,174,135,21,99,16,77,112,71,56,18,62,120,24,197,26,9,143,20,3,2,4,160,92,49,130,22,38,34,124,94,161,1,165,153,187,127,39,107,87,76,50,53,93,23,30,134,137,86,69,64,101,151,54,158,199,6,117,98,25,110,81,52,182,28,162,78,60,79,185,148,167,61,41,36,46,131,59,133,96,157,138,178,164,173,66,126,198,159,140,118,109,29,154,156,106,19,108,146,43,128,85,152,172,12,181,82,192,139,33,13,111,195,40,37,15,35,88,171,189,194,31,68,116,57,0,113,196,89,5,141,119,74,183,63,51,72,147,65,102,115,14,45,55,155,184,75,80,114,177,169,191,11,104,180,163,170,95,91,90,125,149,32,97,58,100,7,175,179,27,150,136,144,70,168,17,103,105,142,190,188,186,145,42,47,132,166,123,44];False
2244;8210;10454;[89,67,193,48,10,176,83,129,8,84,122,73,174,135,21,99,16,77,112,71,56,18,62,120,24,197,26,9,143,20,3,2,121,160,92,49,130,22,38,34,124,94,161,1,165,153,187,127,39,107,87,76,50,53,93,23,30,134,137,86,69,64,101,151,54,158,199,6,117,98,25,110,81,52,182,28,162,78,60,79,185,148,167,61,41,36,46,131,59,133,96,157,138,178,164,173,66,126,198,159,140,118,109,29,154,156,106,19,108,146,43,128,85,152,172,12,181,82,192,139,33,13,111,195,40,37,15,35,88,171,189,194,31,68,116,57,0,113,196,4,5,141,119,74,183,63,51,72,147,65,102,115,14,45,55,155,184,75,80,114,177,169,191,11,104,180,163,170,95,91,90,125,149,32,97,58,100,7,175,179,27,150,136,144,70,168,17,103,105,142,190,188,186,145,42,47,132,166,123,44];False
2253;8201;10454;[149,67,193,48,10,176,83,129,8,84,122,73,174,135,21,99,16,77,112,71,56,18,62,120,24,197,26,9,143,20,3,2,121,160,92,49,130,22,38,34,124,94,161,1,165,153,187,127,39,107,87,76,50,53,93,23,30,134,137,86,69,64,101,151,54,158,199,6,117,98,25,110,81,52,182,28,162,78,60,79,185,148,167,61,41,36,46,131,59,133,96,157,138,178,164,173,66,126,198,159,140,118,109,29,154,156,106,19,108,146,43,128,85,152,172,12,181,82,192,139,33,13,111,195,40,37,15,35,88,171,189,194,31,68,116,57,0,113,196,89,5,141,119,74,183,63,51,72,147,65,102,115,14,45,55,155,184,75,80,114,177,169,191,11,104,180,163,170,95,91,90,125,4,32,97,58,100,7,175,179,27,150,136,144,70,168,17,103,105,142,190,188,186,145,42,47,132,166,123,44];False
2220;8233;10453;[199,67,193,48,10,176,83,129,8,84,122,73,174,135,21,99,16,77,112,71,56,18,62,120,24,197,26,9,143,20,3,2,121,160,92,49,130,22,38,34,124,94,161,1,165,153,187,127,39,107,87,76,50,53,93,23,30,134,137,86,69,64,101,151,54,158,4,6,117,98,25,110,81,52,182,28,162,78,60,79,185,148,167,61,41,36,46,131,59,133,96,157,138,178,164,173,66,126,198,159,140,118,109,29,154,156,106,19,108,146,43,128,85,152,172,12,181,82,192,139,33,13,111,195,40,37,15,35,88,171,189,194,31,68,116,57,0,113,196,89,5,141,119,74,183,63,51,72,147,65,102,115,14,45,55,155,184,75,80,114,177,169,191,11,104,180,163,170,95,91,90,125,149,32,97,58,100,7,175,179,27,150,136,144,70,168,17,103,105,142,190,188,186,145,42,47,132,166,123,44];False
2260;8193;10453;[14,67,193,48,10,176,83,129,8,84,122,73,174,135,21,99,16,77,112,71,56,18,62,120,24,197,26,9,143,20,3,2,121,160,92,49,130,22,38,34,124,94,161,1,165,153,187,127,39,107,87,76,50,53,93,23,30,134,137,86,69,64,101,151,54,158,199,6,117,98,25,110,81,52,182,28,162,78,60,79,185,148,167,61,41,36,46,131,59,133,96,157,138,178,164,173,66,126,198,159,140,118,109,29,154,156,106,19,108,146,43,128,85,152,172,12,181,82,192,139,33,13,111,195,40,37,15,35,88,171,189,194,31,68,116,57,0,113,196,89,5,141,119,74,183,63,51,72,147,65,102,115,4,45,55,155,184,75,80,114,177,169,191,11,104,180,163,170,95,91,90,125,149,32,97,58,100,7,175,179,27,150,136,144,70,168,17,103,105,142,190,188,186,145,42,47,132,166,123,44];False
2254;8199;10453;[45,67,193,48,10,176,83,129,8,84,122,73,174,135,21,99,16,77,112,71,56,18,62,120,24,197,26,9,143,20,3,2,121,160,92,49,130,22,38,34,124,94,161,1,165,153,187,127,39,107,87,76,50,53,93,23,30,134,137,86,69,64,101,151,54,158,199,6,117,98,25,110,81,52,182,28,162,78,60,79,185,148,167,61,41,36,46,131,59,133,96,157,138,178,164,173,66,126,198,159,140,118,109,29,154,156,106,19,108,146,43,128,85,152,172,12,181,82,192,139,33,13,111,195,40,37,15,35,88,171,189,194,31,68,116,57,0,113,196,89,5,141,119,74,183,63,51,72,147,65,102,115,14,4,55,155,184,75,80,114,177,169,191,11,104,180,163,170,95,91,90,125,149,32,97,58,100,7,175,179,27,150,136,144,70,168,17,103,105,142,190,188,186,145,42,47,132,166,123,44];False
2255;8197;10452;[76,67,193,48,10,176,83,129,8,84,122,73,174,135,21,99,16,77,112,71,56,18,62,120,24,197,26,9,143,20,3,2,121,160,92,49,130,22,38,34,124,94,161,1,165,153,187,127,39,107,87,4,50,53,93,23,30,134,137,86,69,64,101,151,54,158,199,6,117,98,25,110,81,52,182,28,162,78,60,79,185,148,167,61,41,36,46,131,59,133,96,157,138,178,164,173,66,126,198,159,140,118,109,29,154,156,106,19,108,146,43,128,85,152,172,12,181,82,192,139,33,13,111,195,40,37,15,35,88,171,189,194,31,68,116,57,0,113,196,89,5,141,119,74,183,63,51,72,147,65,102,115,14,45,55,155,184,75,80,114,177,169,191,11,104,180,163,170,95,91,90,125,149,32,97,58,100,7,175,179,27,150,136,144,70,168,17,103,105,142,190,188,186,145,42,47,132,166,123,44];False
2221;8231;10452;[137,67,193,48,10,176,83,129,8,84,122,73,174,135,21,99,16,77,112,71,56,18,62,120,24,197,26,9,143,20,3,2,121,160,92,49,130,22,38,34,124,94,161,1,165,153,187,127,39,107,87,76,50,53,93,23,30,134,4,86,69,64,101,151,54,158,199,6,117,98,25,110,81,52,182,28,162,78,60,79,185,148,167,61,41,36,46,131,59,133,96,157,138,178,164,173,66,126,198,159,140,118,109,29,154,156,106,19,108,146,43,128,85,152,172,12,181,82,192,139,33,13,111,195,40,37,15,35,88,171,189,194,31,68,116,57,0,113,196,89,5,141,119,74,183,63,51,72,147,65,102,115,14,45,55,155,184,75,80,114,177,169,191,11,104,180,163,170,95,91,90,125,149,32,97,58,100,7,175,179,27,150,136,144,70,168,17,103,105,142,190,188,186,145,42,47,132,166,123,44];False
2188;8263;10451;[128,67,193,48,10,176,83,129,8,84,122,73,174,135,21,99,16,77,112,71,56,18,62,120,24,197,26,9,143,20,3,2,121,160,92,49,130,22,38,34,124,94,161,1,165,153,187,127,39,107,87,76,50,53,93,23,30,134,137,86,69,64,101,151,54,158,199,6,117,98,25,110,81,52,182,28,162,78,60,79,185,148,167,61,41,36,46,131,59,133,96,157,138,178,164,173,66,126,198,159,140,118,109,29,154,156,106,19,108,146,43,4,85,152,172,12,181,82,192,139,33,13,111,195,40,37,15,35,88,171,189,194,31,68,116,57,0,113,196,89,5,141,119,74,183,63,51,72,147,65,102,115,14,45,55,155,184,75,80,114,177,169,191,11,104,180,163,170,95,91,90,125,149,32,97,58,100,7,175,179,27,150,136,144,70,168,17,103,105,142,190,188,186,145,42,47,132,166,123,44];False
2232;8218;10450;[87,67,193,48,10,176,83,129,8,84,122,73,174,135,21,99,16,77,112,71,56,18,62,120,24,197,26,9,143,20,3,2,121,160,92,49,130,22,38,34,124,94,161,1,165,153,187,127,39,107,4,76,50,53,93,23,30,134,137,86,69,64,101,151,54,158,199,6,117,98,25,110,81,52,182,28,162,78,60,79,185,148,167,61,41,36,46,131,59,133,96,157,138,178,164,173,66,126,198,159,140,118,109,29,154,156,106,19,108,146,43,128,85,152,172,12,181,82,192,139,33,13,111,195,40,37,15,35,88,171,189,194,31,68,116,57,0,113,196,89,5,141,119,74,183,63,51,72,147,65,102,115,14,45,55,155,184,75,80,114,177,169,191,11,104,180,163,170,95,91,90,125,149,32,97,58,100,7,175,179,27,150,136,144,70,168,17,103,105,142,190,188,186,145,42,47,132,166,123,44];False
2276;8174;10450;[73,67,193,48,10,176,83,129,8,84,122,4,174,135,21,99,16,77,112,71,56,18,62,120,24,197,26,9,143,20,3,2,121,160,92,49,130,22,38,34,124,94,161,1,165,153,187,127,39,107,87,76,50,53,93,23,30,134,137,86,69,64,101,151,54,158,199,6,117,98,25,110,81,52,182,28,162,78,60,79,185,148,167,61,41,36,46,131,59,133,96,157,138,178,164,173,66,126,198,159,140,118,109,29,154,156,106,19,108,146,43,128,85,152,172,12,181,82,192,139,33,13,111,195,40,37,15,35,88,171,189,194,31,68,116,57,0,113,196,89,5,141,119,74,183,63,51,72,147,65,102,115,14,45,55,155,184,75,80,114,177,169,191,11,104,180,163,170,95,91,90,125,149,32,97,58,100,7,175,179,27,150,136,144,70,168,17,103,105,142,190,188,186,145,42,47,132,166,123,44];False
2219;8231;10450;[80,67,193,48,10,176,83,129,8,84,122,73,174,135,21,99,16,77,112,71,56,18,62,120,24,197,26,9,143,20,3,2,121,160,92,49,130,22,38,34,124,94,161,1,165,153,187,127,39,107,87,76,50,53,93,23,30,134,137,86,69,64,101,151,54,158,199,6,117,98,25,110,81,52,182,28,162,78,60,79,185,148,167,61,41,36,46,131,59,133,96,157,138,178,164,173,66,126,198,159,140,118,109,29,154,156,106,19,108,146,43,128,85,152,172,12,181,82,192,139,33,13,111,195,40,37,15,35,88,171,189,194,31,68,116,57,0,113,196,89,5,141,119,74,183,63,51,72,147,65,102,115,14,45,55,155,184,75,4,114,177,169,191,11,104,180,163,170,95,91,90,125,149,32,97,58,100,7,175,179,27,150,136,144,70,168,17,103,105,142,190,188,186,145,42,47,132,166,123,44];False
2287;8161;10448;[198,67,193,48,10,176,83,129,8,84,122,73,174,135,21,99,16,77,112,71,56,18,62,120,24,197,26,9,143,20,3,2,121,160,92,49,130,22,38,34,124,94,161,1,165,153,187,127,39,107,87,76,50,53,93,23,30,134,137,86,69,64,101,151,54,158,199,6,117,98,25,110,81,52,182,28,162,78,60,79,185,148,167,61,41,36,46,131,59,133,96,157,138,178,164,173,66,126,4,159,140,118,109,29,154,156,106,19,108,146,43,128,85,152,172,12,181,82,192,139,33,13,111,195,40,37,15,35,88,171,189,194,31,68,116,57,0,113,196,89,5,141,119,74,183,63,51,72,147,65,102,115,14,45,55,155,184,75,80,114,177,169,191,11,104,180,163,170,95,91,90,125,149,32,97,58,100,7,175,179,27,150,136,144,70,168,17,103,105,142,190,188,186,145,42,47,132,166,123,44];False
2256;8192;10448;[155,67,193,48,10,176,83,129,8,84,122,73,174,135,21,99,16,77,112,71,56,18,62,120,24,197,26,9,143,20,3,2,121,160,92,49,130,22,38,34,124,94,161,1,165,153,187,127,39,107,87,76,50,53,93,23,30,134,137,86,69,64,101,151,54,158,199,6,117,98,25,110,81,52,182,28,162,78,60,79,185,148,167,61,41,36,46,131,59,133,96,157,138,178,164,173,66,126,198,159,140,118,109,29,154,156,106,19,108,146,43,128,85,152,172,12,181,82,192,139,33,13,111,195,40,37,15,35,88,171,189,194,31,68,116,57,0,113,196,89,5,141,119,74,183,63,51,72,147,65,102,115,14,45,55,4,184,75,80,114,177,169,191,11,104,180,163,170,95,91,90,125,149,32,97,58,100,7,175,179,27,150,136,144,70,168,17,103,105,142,190,188,186,145,42,47,132,166,123,44];False
2236;8212;10448;[77,67,193,48,10,176,83,129,8,84,122,73,174,135,21,99,16,4,112,71,56,18,62,120,24,197,26,9,143,20,3,2,121,160,92,49,130,22,38,34,124,94,161,1,165,153,187,127,39,107,87,76,50,53,93,23,30,134,137,86,69,64,101,151,54,158,199,6,117,98,25,110,81,52,182,28,162,78,60,79,185,148,167,61,41,36,46,131,59,133,96,157,138,178,164,173,66,126,198,159,140,118,109,29,154,156,106,19,108,146,43,128,85,152,172,12,181,82,192,139,33,13,111,195,40,37,15,35,88,171,189,194,31,68,116,57,0,113,196,89,5,141,119,74,183,63,51,72,147,65,102,115,14,45,55,155,184,75,80,114,177,169,191,11,104,180,163,170,95,91,90,125,149,32,97,58,100,7,175,179,27,150,136,144,70,168,17,103,105,142,190,188,186,145,42,47,132,166,123,44];False
2211;8236;10447;[22,67,193,48,10,176,83,129,8,84,122,73,174,135,21,99,16,77,112,71,56,18,62,120,24,197,26,9,143,20,3,2,121,160,92,49,130,4,38,34,124,94,161,1,165,153,187,127,39,107,87,76,50,53,93,23,30,134,137,86,69,64,101,151,54,158,199,6,117,98,25,110,81,52,182,28,162,78,60,79,185,148,167,61,41,36,46,131,59,133,96,157,138,178,164,173,66,126,198,159,140,118,109,29,154,156,106,19,108,146,43,128,85,152,172,12,181,82,192,139,33,13,111,195,40,37,15,35,88,171,189,194,31,68,116,57,0,113,196,89,5,141,119,74,183,63,51,72,147,65,102,115,14,45,55,155,184,75,80,114,177,169,191,11,104,180,163,170,95,91,90,125,149,32,97,58,100,7,175,179,27,150,136,144,70,168,17,103,105,142,190,188,186,145,42,47,132,166,123,44];False
2253;8193;10446;[44,67,193,48,10,176,83,129,8,84,122,73,174,135,21,99,16,77,112,71,56,18,62,120,24,197,26,9,143,20,3,2,121,160,92,49,130,22,38,34,124,94,161,1,165,153,187,127,39,107,87,76,50,53,93,23,30,134,137,86,69,64,101,151,54,158,199,6,117,98,25,110,81,52,182,28,162,78,60,79,185,148,167,61,41,36,46,131,59,133,96,157,138,178,164,173,66,126,198,159,140,118,109,29,154,156,106,19,108,146,43,128,85,152,172,12,181,82,192,139,33,13,111,195,40,37,15,35,88,171,189,194,31,68,116,57,0,113,196,89,5,141,119,74,183,63,51,72,147,65,102,115,14,45,55,155,184,75,80,114,177,169,191,11,104,180,163,170,95,91,90,125,149,32,97,58,100,7,175,179,27,150,136,144,70,168,17,103,105,142,190,188,186,145,42,47,132,166,123,4];False
2239;8207;10446;[15,67,193,48,10,176,83,129,8,84,122,73,174,135,21,99,16,77,112,71,56,18,62,120,24,197,26,9,143,20,3,2,121,160,92,49,130,22,38,34,124,94,161,1,165,153,187,127,39,107,87,76,50,53,93,23,30,134,137,86,69,64,101,151,54,158,199,6,117,98,25,110,81,52,182,28,162,78,60,79,185,148,167,61,41,36,46,131,59,133,96,157,138,178,164,173,66,126,198,159,140,118,109,29,154,156,106,19,108,146,43,128,85,152,172,12,181,82,192,139,33,13,111,195,40,37,4,35,88,171,189,194,31,68,116,57,0,113,196,89,5,141,119,74,183,63,51,72,147,65,102,115,14,45,55,155,184,75,80,114,177,169,191,11,104,180,163,170,95,91,90,125,149,32,97,58,100,7,175,179,27,150,136,144,70,168,17,103,105,142,190,188,186,145,42,47,132,166,123,44];False
2217;8227;10444;[116,67,193,48,10,176,83,129,8,84,122,73,174,135,21,99,16,77,112,71,56,18,62,120,24,197,26,9,143,20,3,2,121,160,92,49,130,22,38,34,124,94,161,1,165,153,187,127,39,107,87,76,50,53,93,23,30,134,137,86,69,64,101,151,54,158,199,6,117,98,25,110,81,52,182,28,162,78,60,79,185,148,167,61,41,36,46,131,59,133,96,157,138,178,164,173,66,126,198,159,140,118,109,29,154,156,106,19,108,146,43,128,85,152,172,12,181,82,192,139,33,13,111,195,40,37,15,35,88,171,189,194,31,68,4,57,0,113,196,89,5,141,119,74,183,63,51,72,147,65,102,115,14,45,55,155,184,75,80,114,177,169,191,11,104,180,163,170,95,91,90,125,149,32,97,58,100,7,175,179,27,150,136,144,70,168,17,103,105,142,190,188,186,145,42,47,132,166,123,44];False
2238;8205;10443;[43,67,193,48,10,176,83,129,8,84,122,73,174,135,21,99,16,77,112,71,56,18,62,120,24,197,26,9,143,20,3,2,121,160,92,49,130,22,38,34,124,94,161,1,165,153,187,127,39,107,87,76,50,53,93,23,30,134,137,86,69,64,101,151,54,158,199,6,117,98,25,110,81,52,182,28,162,78,60,79,185,148,167,61,41,36,46,131,59,133,96,157,138,178,164,173,66,126,198,159,140,118,109,29,154,156,106,19,108,146,4,128,85,152,172,12,181,82,192,139,33,13,111,195,40,37,15,35,88,171,189,194,31,68,116,57,0,113,196,89,5,141,119,74,183,63,51,72,147,65,102,115,14,45,55,155,184,75,80,114,177,169,191,11,104,180,163,170,95,91,90,125,149,32,97,58,100,7,175,179,27,150,136,144,70,168,17,103,105,142,190,188,186,145,42,47,132,166,123,44];False
2262;8180;10442;[118,67,193,48,10,176,83,129,8,84,122,73,174,135,21,99,16,77,112,71,56,18,62,120,24,197,26,9,143,20,3,2,121,160,92,49,130,22,38,34,124,94,161,1,165,153,187,127,39,107,87,76,50,53,93,23,30,134,137,86,69,64,101,151,54,158,199,6,117,98,25,110,81,52,182,28,162,78,60,79,185,148,167,61,41,36,46,131,59,133,96,157,138,178,164,173,66,126,198,159,140,4,109,29,154,156,106,19,108,146,43,128,85,152,172,12,181,82,192,139,33,13,111,195,40,37,15,35,88,171,189,194,31,68,116,57,0,113,196,89,5,141,119,74,183,63,51,72,147,65,102,115,14,45,55,155,184,75,80,114,177,169,191,11,104,180,163,170,95,91,90,125,149,32,97,58,100,7,175,179,27,150,136,144,70,168,17,103,105,142,190,188,186,145,42,47,132,166,123,44];False
2237;8205;10442;[191,67,193,48,10,176,83,129,8,84,122,73,174,135,21,99,16,77,112,71,56,18,62,120,24,197,26,9,143,20,3,2,121,160,92,49,130,22,38,34,124,94,161,1,165,153,187,127,39,107,87,76,50,53,93,23,30,134,137,86,69,64,101,151,54,158,199,6,117,98,25,110,81,52,182,28,162,78,60,79,185,148,167,61,41,36,46,131,59,133,96,157,138,178,164,173,66,126,198,159,140,118,109,29,154,156,106,19,108,146,43,128,85,152,172,12,181,82,192,139,33,13,111,195,40,37,15,35,88,171,189,194,31,68,116,57,0,113,196,89,5,141,119,74,183,63,51,72,147,65,102,115,14,45,55,155,184,75,80,114,177,169,4,11,104,180,163,170,95,91,90,125,149,32,97,58,100,7,175,179,27,150,136,144,70,168,17,103,105,142,190,188,186,145,42,47,132,166,123,44];False
2262;8179;10441;[35,67,193,48,10,176,83,129,8,84,122,73,174,135,21,99,16,77,112,71,56,18,62,120,24,197,26,9,143,20,3,2,121,160,92,49,130,22,38,34,124,94,161,1,165,153,187,127,39,107,87,76,50,53,93,23,30,134,137,86,69,64,101,151,54,158,199,6,117,98,25,110,81,52,182,28,162,78,60,79,185,148,167,61,41,36,46,131,59,133,96,157,138,178,164,173,66,126,198,159,140,118,109,29,154,156,106,19,108,146,43,128,85,152,172,12,181,82,192,139,33,13,111,195,40,37,15,4,88,171,189,194,31,68,116,57,0,113,196,89,5,141,119,74,183,63,51,72,147,65,102,115,14,45,55,155,184,75,80,114,177,169,191,11,104,180,163,170,95,91,90,125,149,32,97,58,100,7,175,179,27,150,136,144,70,168,17,103,105,142,190,188,186,145,42,47,132,166,123,44];False
2224;8216;10440;[67,4,193,48,10,176,83,129,8,84,122,73,174,135,21,99,16,77,112,71,56,18,62,120,24,197,26,9,143,20,3,2,121,160,92,49,130,22,38,34,124,94,161,1,165,153,187,127,39,107,87,76,50,53,93,23,30,134,137,86,69,64,101,151,54,158,199,6,117,98,25,110,81,52,182,28,162,78,60,79,185,148,167,61,41,36,46,131,59,133,96,157,138,178,164,173,66,126,198,159,140,118,109,29,154,156,106,19,108,146,43,128,85,152,172,12,181,82,192,139,33,13,111,195,40,37,15,35,88,171,189,194,31,68,116,57,0,113,196,89,5,141,119,74,183,63,51,72,147,65,102,115,14,45,55,155,184,75,80,114,177,169,191,11,104,180,163,170,95,91,90,125,149,32,97,58,100,7,175,179,27,150,136,144,70,168,17,103,105,142,190,188,186,145,42,47,132,166,123,44];False
2231;8208;10439;[176,67,193,48,10,4,83,129,8,84,122,73,174,135,21,99,16,77,112,71,56,18,62,120,24,197,26,9,143,20,3,2,121,160,92,49,130,22,38,34,124,94,161,1,165,153,187,127,39,107,87,76,50,53,93,23,30,134,137,86,69,64,101,151,54,158,199,6,117,98,25,110,81,52,182,28,162,78,60,79,185,148,167,61,41,36,46,131,59,133,96,157,138,178,164,173,66,126,198,159,140,118,109,29,154,156,106,19,108,146,43,128,85,152,172,12,181,82,192,139,33,13,111,195,40,37,15,35,88,171,189,194,31,68,116,57,0,113,196,89,5,141,119,74,183,63,51,72,147,65,102,115,14,45,55,155,184,75,80,114,177,169,191,11,104,180,163,170,95,91,90,125,149,32,97,58,100,7,175,179,27,150,136,144,70,168,17,103,105,142,190,188,186,145,42,47,132,166,123,44];False
2215;8223;10438;[182,67,193,48,10,176,83,129,8,84,122,73,174,135,21,99,16,77,112,71,56,18,62,120,24,197,26,9,143,20,3,2,121,160,92,49,130,22,38,34,124,94,161,1,165,153,187,127,39,107,87,76,50,53,93,23,30,134,137,86,69,64,101,151,54,158,199,6,117,98,25,110,81,52,4,28,162,78,60,79,185,148,167,61,41,36,46,131,59,133,96,157,138,178,164,173,66,126,198,159,140,118,109,29,154,156,106,19,108,146,43,128,85,152,172,12,181,82,192,139,33,13,111,195,40,37,15,35,88,171,189,194,31,68,116,57,0,113,196,89,5,141,119,74,183,63,51,72,147,65,102,115,14,45,55,155,184,75,80,114,177,169,191,11,104,180,163,170,95,91,90,125,149,32,97,58,100,7,175,179,27,150,136,144,70,168,17,103,105,142,190,188,186,145,42,47,132,166,123,44];False
2266;8171;10437;[84,67,193,48,10,176,83,129,8,4,122,73,174,135,21,99,16,77,112,71,56,18,62,120,24,197,26,9,143,20,3,2,121,160,92,49,130,22,38,34,124,94,161,1,165,153,187,127,39,107,87,76,50,53,93,23,30,134,137,86,69,64,101,151,54,158,199,6,117,98,25,110,81,52,182,28,162,78,60,79,185,148,167,61,41,36,46,131,59,133,96,157,138,178,164,173,66,126,198,159,140,118,109,29,154,156,106,19,108,146,43,128,85,152,172,12,181,82,192,139,33,13,111,195,40,37,15,35,88,171,189,194,31,68,116,57,0,113,196,89,5,141,119,74,183,63,51,72,147,65,102,115,14,45,55,155,184,75,80,114,177,169,191,11,104,180,163,170,95,91,90,125,149,32,97,58,100,7,175,179,27,150,136,144,70,168,17,103,105,142,190,188,186,145,42,47,132,166,123,44];False
2196;8241;10437;[95,67,193,48,10,176,83,129,8,84,122,73,174,135,21,99,16,77,112,71,56,18,62,120,24,197,26,9,143,20,3,2,121,160,92,49,130,22,38,34,124,94,161,1,165,153,187,127,39,107,87,76,50,53,93,23,30,134,137,86,69,64,101,151,54,158,199,6,117,98,25,110,81,52,182,28,162,78,60,79,185,148,167,61,41,36,46,131,59,133,96,157,138,178,164,173,66,126,198,159,140,118,109,29,154,156,106,19,108,146,43,128,85,152,172,12,181,82,192,139,33,13,111,195,40,37,15,35,88,171,189,194,31,68,116,57,0,113,196,89,5,141,119,74,183,63,51,72,147,65,102,115,14,45,55,155,184,75,80,114,177,169,191,11,104,180,163,170,4,91,90,125,149,32,97,58,100,7,175,179,27,150,136,144,70,168,17,103,105,142,190,188,186,145,42,47,132,166,123,44];False
2205;8231;10436;[26,67,193,48,10,176,83,129,8,84,122,73,174,135,21,99,16,77,112,71,56,18,62,120,24,197,4,9,143,20,3,2,121,160,92,49,130,22,38,34,124,94,161,1,165,153,187,127,39,107,87,76,50,53,93,23,30,134,137,86,69,64,101,151,54,158,199,6,117,98,25,110,81,52,182,28,162,78,60,79,185,148,167,61,41,36,46,131,59,133,96,157,138,178,164,173,66,126,198,159,140,118,109,29,154,156,106,19,108,146,43,128,85,152,172,12,181,82,192,139,33,13,111,195,40,37,15,35,88,171,189,194,31,68,116,57,0,113,196,89,5,141,119,74,183,63,51,72,147,65,102,115,14,45,55,155,184,75,80,114,177,169,191,11,104,180,163,170,95,91,90,125,149,32,97,58,100,7,175,179,27,150,136,144,70,168,17,103,105,142,190,188,186,145,42,47,132,166,123,44];False
2259;8177;10436;[50,67,193,48,10,176,83,129,8,84,122,73,174,135,21,99,16,77,112,71,56,18,62,120,24,197,26,9,143,20,3,2,121,160,92,49,130,22,38,34,124,94,161,1,165,153,187,127,39,107,87,76,4,53,93,23,30,134,137,86,69,64,101,151,54,158,199,6,117,98,25,110,81,52,182,28,162,78,60,79,185,148,167,61,41,36,46,131,59,133,96,157,138,178,164,173,66,126,198,159,140,118,109,29,154,156,106,19,108,146,43,128,85,152,172,12,181,82,192,139,33,13,111,195,40,37,15,35,88,171,189,194,31,68,116,57,0,113,196,89,5,141,119,74,183,63,51,72,147,65,102,115,14,45,55,155,184,75,80,114,177,169,191,11,104,180,163,170,95,91,90,125,149,32,97,58,100,7,175,179,27,150,136,144,70,168,17,103,105,142,190,188,186,145,42,47,132,166,123,44];False
2236;8199;10435;[66,67,193,48,10,176,83,129,8,84,122,73,174,135,21,99,16,77,112,71,56,18,62,120,24,197,26,9,143,20,3,2,121,160,92,49,130,22,38,34,124,94,161,1,165,153,187,127,39,107,87,76,50,53,93,23,30,134,137,86,69,64,101,151,54,158,199,6,117,98,25,110,81,52,182,28,162,78,60,79,185,148,167,61,41,36,46,131,59,133,96,157,138,178,164,173,4,126,198,159,140,118,109,29,154,156,106,19,108,146,43,128,85,152,172,12,181,82,192,139,33,13,111,195,40,37,15,35,88,171,189,194,31,68,116,57,0,113,196,89,5,141,119,74,183,63,51,72,147,65,102,115,14,45,55,155,184,75,80,114,177,169,191,11,104,180,163,170,95,91,90,125,149,32,97,58,100,7,175,179,27,150,136,144,70,168,17,103,105,142,190,188,186,145,42,47,132,166,123,44];False
2234;8200;10434;[93,67,193,48,10,176,83,129,8,84,122,73,174,135,21,99,16,77,112,71,56,18,62,120,24,197,26,9,143,20,3,2,121,160,92,49,130,22,38,34,124,94,161,1,165,153,187,127,39,107,87,76,50,53,4,23,30,134,137,86,69,64,101,151,54,158,199,6,117,98,25,110,81,52,182,28,162,78,60,79,185,148,167,61,41,36,46,131,59,133,96,157,138,178,164,173,66,126,198,159,140,118,109,29,154,156,106,19,108,146,43,128,85,152,172,12,181,82,192,139,33,13,111,195,40,37,15,35,88,171,189,194,31,68,116,57,0,113,196,89,5,141,119,74,183,63,51,72,147,65,102,115,14,45,55,155,184,75,80,114,177,169,191,11,104,180,163,170,95,91,90,125,149,32,97,58,100,7,175,179,27,150,136,144,70,168,17,103,105,142,190,188,186,145,42,47,132,166,123,44];False
2221;8212;10433;[169,67,193,48,10,176,83,129,8,84,122,73,174,135,21,99,16,77,112,71,56,18,62,120,24,197,26,9,143,20,3,2,121,160,92,49,130,22,38,34,124,94,161,1,165,153,187,127,39,107,87,76,50,53,93,23,30,134,137,86,69,64,101,151,54,158,199,6,117,98,25,110,81,52,182,28,162,78,60,79,185,148,167,61,41,36,46,131,59,133,96,157,138,178,164,173,66,126,198,159,140,118,109,29,154,156,106,19,108,146,43,128,85,152,172,12,181,82,192,139,33,13,111,195,40,37,15,35,88,171,189,194,31,68,116,57,0,113,196,89,5,141,119,74,183,63,51,72,147,65,102,115,14,45,55,155,184,75,80,114,177,4,191,11,104,180,163,170,95,91,90,125,149,32,97,58,100,7,175,179,27,150,136,144,70,168,17,103,105,142,190,188,186,145,42,47,132,166,123,44];False
2241;8192;10433;[10,67,193,48,4,176,83,129,8,84,122,73,174,135,21,99,16,77,112,71,56,18,62,120,24,197,26,9,143,20,3,2,121,160,92,49,130,22,38,34,124,94,161,1,165,153,187,127,39,107,87,76,50,53,93,23,30,134,137,86,69,64,101,151,54,158,199,6,117,98,25,110,81,52,182,28,162,78,60,79,185,148,167,61,41,36,46,131,59,133,96,157,138,178,164,173,66,126,198,159,140,118,109,29,154,156,106,19,108,146,43,128,85,152,172,12,181,82,192,139,33,13,111,195,40,37,15,35,88,171,189,194,31,68,116,57,0,113,196,89,5,141,119,74,183,63,51,72,147,65,102,115,14,45,55,155,184,75,80,114,177,169,191,11,104,180,163,170,95,91,90,125,149,32,97,58,100,7,175,179,27,150,136,144,70,168,17,103,105,142,190,188,186,145,42,47,132,166,123,44];False
2257;8174;10431;[124,67,193,48,10,176,83,129,8,84,122,73,174,135,21,99,16,77,112,71,56,18,62,120,24,197,26,9,143,20,3,2,121,160,92,49,130,22,38,34,4,94,161,1,165,153,187,127,39,107,87,76,50,53,93,23,30,134,137,86,69,64,101,151,54,158,199,6,117,98,25,110,81,52,182,28,162,78,60,79,185,148,167,61,41,36,46,131,59,133,96,157,138,178,164,173,66,126,198,159,140,118,109,29,154,156,106,19,108,146,43,128,85,152,172,12,181,82,192,139,33,13,111,195,40,37,15,35,88,171,189,194,31,68,116,57,0,113,196,89,5,141,119,74,183,63,51,72,147,65,102,115,14,45,55,155,184,75,80,114,177,169,191,11,104,180,163,170,95,91,90,125,149,32,97,58,100,7,175,179,27,150,136,144,70,168,17,103,105,142,190,188,186,145,42,47,132,166,123,44];False
2214;8215;10429;[55,67,193,48,10,176,83,129,8,84,122,73,174,135,21,99,16,77,112,71,56,18,62,120,24,197,26,9,143,20,3,2,121,160,92,49,130,22,38,34,124,94,161,1,165,153,187,127,39,107,87,76,50,53,93,23,30,134,137,86,69,64,101,151,54,158,199,6,117,98,25,110,81,52,182,28,162,78,60,79,185,148,167,61,41,36,46,131,59,133,96,157,138,178,164,173,66,126,198,159,140,118,109,29,154,156,106,19,108,146,43,128,85,152,172,12,181,82,192,139,33,13,111,195,40,37,15,35,88,171,189,194,31,68,116,57,0,113,196,89,5,141,119,74,183,63,51,72,147,65,102,115,14,45,4,155,184,75,80,114,177,169,191,11,104,180,163,170,95,91,90,125,149,32,97,58,100,7,175,179,27,150,136,144,70,168,17,103,105,142,190,188,186,145,42,47,132,166,123,44];False
2185;8244;10429;[130,67,193,48,10,176,83,129,8,84,122,73,174,135,21,99,16,77,112,71,56,18,62,120,24,197,26,9,143,20,3,2,121,160,92,49,4,22,38,34,124,94,161,1,165,153,187,127,39,107,87,76,50,53,93,23,30,134,137,86,69,64,101,151,54,158,199,6,117,98,25,110,81,52,182,28,162,78,60,79,185,148,167,61,41,36,46,131,59,133,96,157,138,178,164,173,66,126,198,159,140,118,109,29,154,156,106,19,108,146,43,128,85,152,172,12,181,82,192,139,33,13,111,195,40,37,15,35,88,171,189,194,31,68,116,57,0,113,196,89,5,141,119,74,183,63,51,72,147,65,102,115,14,45,55,155,184,75,80,114,177,169,191,11,104,180,163,170,95,91,90,125,149,32,97,58,100,7,175,179,27,150,136,144,70,168,17,103,105,142,190,188,186,145,42,47,132,166,123,44];False
2214;8214;10428;[162,67,193,48,10,176,83,129,8,84,122,73,174,135,21,99,16,77,112,71,56,18,62,120,24,197,26,9,143,20,3,2,121,160,92,49,130,22,38,34,124,94,161,1,165,153,187,127,39,107,87,76,50,53,93,23,30,134,137,86,69,64,101,151,54,158,199,6,117,98,25,110,81,52,182,28,4,78,60,79,185,148,167,61,41,36,46,131,59,133,96,157,138,178,164,173,66,126,198,159,140,118,109,29,154,156,106,19,108,146,43,128,85,152,172,12,181,82,192,139,33,13,111,195,40,37,15,35,88,171,189,194,31,68,116,57,0,113,196,89,5,141,119,74,183,63,51,72,147,65,102,115,14,45,55,155,184,75,80,114,177,169,191,11,104,180,163,170,95,91,90,125,149,32,97,58,100,7,175,179,27,150,136,144,70,168,17,103,105,142,190,188,186,145,42,47,132,166,123,44];False
2220;8207;10427;[109,67,193,48,10,176,83,129,8,84,122,73,174,135,21,99,16,77,112,71,56,18,62,120,24,197,26,9,143,20,3,2,121,160,92,49,130,22,38,34,124,94,161,1,165,153,187,127,39,107,87,76,50,53,93,23,30,134,137,86,69,64,101,151,54,158,199,6,117,98,25,110,81,52,182,28,162,78,60,79,185,148,167,61,41,36,46,131,59,133,96,157,138,178,164,173,66,126,198,159,140,118,4,29,154,156,106,19,108,146,43,128,85,152,172,12,181,82,192,139,33,13,111,195,40,37,15,35,88,171,189,194,31,68,116,57,0,113,196,89,5,141,119,74,183,63,51,72,147,65,102,115,14,45,55,155,184,75,80,114,177,169,191,11,104,180,163,170,95,91,90,125,149,32,97,58,100,7,175,179,27,150,136,144,70,168,17,103,105,142,190,188,186,145,42,47,132,166,123,44];False
2207;8220;10427;[193,67,4,48,10,176,83,129,8,84,122,73,174,135,21,99,16,77,112,71,56,18,62,120,24,197,26,9,143,20,3,2,121,160,92,49,130,22,38,34,124,94,161,1,165,153,187,127,39,107,87,76,50,53,93,23,30,134,137,86,69,64,101,151,54,158,199,6,117,98,25,110,81,52,182,28,162,78,60,79,185,148,167,61,41,36,46,131,59,133,96,157,138,178,164,173,66,126,198,159,140,118,109,29,154,156,106,19,108,146,43,128,85,152,172,12,181,82,192,139,33,13,111,195,40,37,15,35,88,171,189,194,31,68,116,57,0,113,196,89,5,141,119,74,183,63,51,72,147,65,102,115,14,45,55,155,184,75,80,114,177,169,191,11,104,180,163,170,95,91,90,125,149,32,97,58,100,7,175,179,27,150,136,144,70,168,17,103,105,142,190,188,186,145,42,47,132,166,123,44];False
2222;8204;10426;[104,67,193,48,10,176,83,129,8,84,122,73,174,135,21,99,16,77,112,71,56,18,62,120,24,197,26,9,143,20,3,2,121,160,92,49,130,22,38,34,124,94,161,1,165,153,187,127,39,107,87,76,50,53,93,23,30,134,137,86,69,64,101,151,54,158,199,6,117,98,25,110,81,52,182,28,162,78,60,79,185,148,167,61,41,36,46,131,59,133,96,157,138,178,164,173,66,126,198,159,140,118,109,29,154,156,106,19,108,146,43,128,85,152,172,12,181,82,192,139,33,13,111,195,40,37,15,35,88,171,189,194,31,68,116,57,0,113,196,89,5,141,119,74,183,63,51,72,147,65,102,115,14,45,55,155,184,75,80,114,177,169,191,11,4,180,163,170,95,91,90,125,149,32,97,58,100,7,175,179,27,150,136,144,70,168,17,103,105,142,190,188,186,145,42,47,132,166,123,44];False
2235;8191;10426;[94,67,193,48,10,176,83,129,8,84,122,73,174,135,21,99,16,77,112,71,56,18,62,120,24,197,26,9,143,20,3,2,121,160,92,49,130,22,38,34,124,4,161,1,165,153,187,127,39,107,87,76,50,53,93,23,30,134,137,86,69,64,101,151,54,158,199,6,117,98,25,110,81,52,182,28,162,78,60,79,185,148,167,61,41,36,46,131,59,133,96,157,138,178,164,173,66,126,198,159,140,118,109,29,154,156,106,19,108,146,43,128,85,152,172,12,181,82,192,139,33,13,111,195,40,37,15,35,88,171,189,194,31,68,116,57,0,113,196,89,5,141,119,74,183,63,51,72,147,65,102,115,14,45,55,155,184,75,80,114,177,169,191,11,104,180,163,170,95,91,90,125,149,32,97,58,100,7,175,179,27,150,136,144,70,168,17,103,105,142,190,188,186,145,42,47,132,166,123,44];False
2234;8191;10425;[48,67,193,4,10,176,83,129,8,84,122,73,174,135,21,99,16,77,112,71,56,18,62,120,24,197,26,9,143,20,3,2,121,160,92,49,130,22,38,34,124,94,161,1,165,153,187,127,39,107,87,76,50,53,93,23,30,134,137,86,69,64,101,151,54,158,199,6,117,98,25,110,81,52,182,28,162,78,60,79,185,148,167,61,41,36,46,131,59,133,96,157,138,178,164,173,66,126,198,159,140,118,109,29,154,156,106,19,108,146,43,128,85,152,172,12,181,82,192,139,33,13,111,195,40,37,15,35,88,171,189,194,31,68,116,57,0,113,196,89,5,141,119,74,183,63,51,72,147,65,102,115,14,45,55,155,184,75,80,114,177,169,191,11,104,180,163,170,95,91,90,125,149,32,97,58,100,7,175,179,27,150,136,144,70,168,17,103,105,142,190,188,186,145,42,47,132,166,123,44];False
2221;8204;10425;[122,67,193,48,10,176,83,129,8,84,4,73,174,135,21,99,16,77,112,71,56,18,62,120,24,197,26,9,143,20,3,2,121,160,92,49,130,22,38,34,124,94,161,1,165,153,187,127,39,107,87,76,50,53,93,23,30,134,137,86,69,64,101,151,54,158,199,6,117,98,25,110,81,52,182,28,162,78,60,79,185,148,167,61,41,36,46,131,59,133,96,157,138,178,164,173,66,126,198,159,140,118,109,29,154,156,106,19,108,146,43,128,85,152,172,12,181,82,192,139,33,13,111,195,40,37,15,35,88,171,189,194,31,68,116,57,0,113,196,89,5,141,119,74,183,63,51,72,147,65,102,115,14,45,55,155,184,75,80,114,177,169,191,11,104,180,163,170,95,91,90,125,149,32,97,58,100,7,175,179,27,150,136,144,70,168,17,103,105,142,190,188,186,145,42,47,132,166,123,44];False
2158;8266;10424;[62,67,193,48,10,176,83,129,8,84,122,73,174,135,21,99,16,77,112,71,56,18,4,120,24,197,26,9,143,20,3,2,121,160,92,49,130,22,38,34,124,94,161,1,165,153,187,127,39,107,87,76,50,53,93,23,30,134,137,86,69,64,101,151,54,158,199,6,117,98,25,110,81,52,182,28,162,78,60,79,185,148,167,61,41,36,46,131,59,133,96,157,138,178,164,173,66,126,198,159,140,118,109,29,154,156,106,19,108,146,43,128,85,152,172,12,181,82,192,139,33,13,111,195,40,37,15,35,88,171,189,194,31,68,116,57,0,113,196,89,5,141,119,74,183,63,51,72,147,65,102,115,14,45,55,155,184,75,80,114,177,169,191,11,104,180,163,170,95,91,90,125,149,32,97,58,100,7,175,179,27,150,136,144,70,168,17,103,105,142,190,188,186,145,42,47,132,166,123,44];False
2260;8163;10423;[65,67,193,48,10,176,83,129,8,84,122,73,174,135,21,99,16,77,112,71,56,18,62,120,24,197,26,9,143,20,3,2,121,160,92,49,130,22,38,34,124,94,161,1,165,153,187,127,39,107,87,76,50,53,93,23,30,134,137,86,69,64,101,151,54,158,199,6,117,98,25,110,81,52,182,28,162,78,60,79,185,148,167,61,41,36,46,131,59,133,96,157,138,178,164,173,66,126,198,159,140,118,109,29,154,156,106,19,108,146,43,128,85,152,172,12,181,82,192,139,33,13,111,195,40,37,15,35,88,171,189,194,31,68,116,57,0,113,196,89,5,141,119,74,183,63,51,72,147,4,102,115,14,45,55,155,184,75,80,114,177,169,191,11,104,180,163,170,95,91,90,125,149,32,97,58,100,7,175,179,27,150,136,144,70,168,17,103,105,142,190,188,186,145,42,47,132,166,123,44];False
2177;8245;10422;[12,67,193,48,10,176,83,129,8,84,122,73,174,135,21,99,16,77,112,71,56,18,62,120,24,197,26,9,143,20,3,2,121,160,92,49,130,22,38,34,124,94,161,1,165,153,187,127,39,107,87,76,50,53,93,23,30,134,137,86,69,64,101,151,54,158,199,6,117,98,25,110,81,52,182,28,162,78,60,79,185,148,167,61,41,36,46,131,59,133,96,157,138,178,164,173,66,126,198,159,140,118,109,29,154,156,106,19,108,146,43,128,85,152,172,4,181,82,192,139,33,13,111,195,40,37,15,35,88,171,189,194,31,68,116,57,0,113,196,89,5,141,119,74,183,63,51,72,147,65,102,115,14,45,55,155,184,75,80,114,177,169,191,11,104,180,163,170,95,91,90,125,149,32,97,58,100,7,175,179,27,150,136,144,70,168,17,103,105,142,190,188,186,145,42,47,132,166,123,44];False
2234;8186;10420;[21,67,193,48,10,176,83,129,8,84,122,73,174,135,4,99,16,77,112,71,56,18,62,120,24,197,26,9,143,20,3,2,121,160,92,49,130,22,38,34,124,94,161,1,165,153,187,127,39,107,87,76,50,53,93,23,30,134,137,86,69,64,101,151,54,158,199,6,117,98,25,110,81,52,182,28,162,78,60,79,185,148,167,61,41,36,46,131,59,133,96,157,138,178,164,173,66,126,198,159,140,118,109,29,154,156,106,19,108,146,43,128,85,152,172,12,181,82,192,139,33,13,111,195,40,37,15,35,88,171,189,194,31,68,116,57,0,113,196,89,5,141,119,74,183,63,51,72,147,65,102,115,14,45,55,155,184,75,80,114,177,169,191,11,104,180,163,170,95,91,90,125,149,32,97,58,100,7,175,179,27,150,136,144,70,168,17,103,105,142,190,188,186,145,42,47,132,166,123,44];False
2210;8210;10420;[145,67,193,48,10,176,83,129,8,84,122,73,174,135,21,99,16,77,112,71,56,18,62,120,24,197,26,9,143,20,3,2,121,160,92,49,130,22,38,34,124,94,161,1,165,153,187,127,39,107,87,76,50,53,93,23,30,134,137,86,69,64,101,151,54,158,199,6,117,98,25,110,81,52,182,28,162,78,60,79,185,148,167,61,41,36,46,131,59,133,96,157,138,178,164,173,66,126,198,159,140,118,109,29,154,156,106,19,108,146,43,128,85,152,172,12,181,82,192,139,33,13,111,195,40,37,15,35,88,171,189,194,31,68,116,57,0,113,196,89,5,141,119,74,183,63,51,72,147,65,102,115,14,45,55,155,184,75,80,114,177,169,191,11,104,180,163,170,95,91,90,125,149,32,97,58,100,7,175,179,27,150,136,144,70,168,17,103,105,142,190,188,186,4,42,47,132,166,123,44];False
2161;8258;10419;[151,67,193,48,10,176,83,129,8,84,122,73,174,135,21,99,16,77,112,71,56,18,62,120,24,197,26,9,143,20,3,2,121,160,92,49,130,22,38,34,124,94,161,1,165,153,187,127,39,107,87,76,50,53,93,23,30,134,137,86,69,64,101,4,54,158,199,6,117,98,25,110,81,52,182,28,162,78,60,79,185,148,167,61,41,36,46,131,59,133,96,157,138,178,164,173,66,126,198,159,140,118,109,29,154,156,106,19,108,146,43,128,85,152,172,12,181,82,192,139,33,13,111,195,40,37,15,35,88,171,189,194,31,68,116,57,0,113,196,89,5,141,119,74,183,63,51,72,147,65,102,115,14,45,55,155,184,75,80,114,177,169,191,11,104,180,163,170,95,91,90,125,149,32,97,58,100,7,175,179,27,150,136,144,70,168,17,103,105,142,190,188,186,145,42,47,132,166,123,44];False
2206;8211;10417;[69,67,193,48,10,176,83,129,8,84,122,73,174,135,21,99,16,77,112,71,56,18,62,120,24,197,26,9,143,20,3,2,121,160,92,49,130,22,38,34,124,94,161,1,165,153,187,127,39,107,87,76,50,53,93,23,30,134,137,86,4,64,101,151,54,158,199,6,117,98,25,110,81,52,182,28,162,78,60,79,185,148,167,61,41,36,46,131,59,133,96,157,138,178,164,173,66,126,198,159,140,118,109,29,154,156,106,19,108,146,43,128,85,152,172,12,181,82,192,139,33,13,111,195,40,37,15,35,88,171,189,194,31,68,116,57,0,113,196,89,5,141,119,74,183,63,51,72,147,65,102,115,14,45,55,155,184,75,80,114,177,169,191,11,104,180,163,170,95,91,90,125,149,32,97,58,100,7,175,179,27,150,136,144,70,168,17,103,105,142,190,188,186,145,42,47,132,166,123,44];False
2256;8159;10415;[164,67,193,48,10,176,83,129,8,84,122,73,174,135,21,99,16,77,112,71,56,18,62,120,24,197,26,9,143,20,3,2,121,160,92,49,130,22,38,34,124,94,161,1,165,153,187,127,39,107,87,76,50,53,93,23,30,134,137,86,69,64,101,151,54,158,199,6,117,98,25,110,81,52,182,28,162,78,60,79,185,148,167,61,41,36,46,131,59,133,96,157,138,178,4,173,66,126,198,159,140,118,109,29,154,156,106,19,108,146,43,128,85,152,172,12,181,82,192,139,33,13,111,195,40,37,15,35,88,171,189,194,31,68,116,57,0,113,196,89,5,141,119,74,183,63,51,72,147,65,102,115,14,45,55,155,184,75,80,114,177,169,191,11,104,180,163,170,95,91,90,125,149,32,97,58,100,7,175,179,27,150,136,144,70,168,17,103,105,142,190,188,186,145,42,47,132,166,123,44];False
2268;8147;10415;[102,67,193,48,10,176,83,129,8,84,122,73,174,135,21,99,16,77,112,71,56,18,62,120,24,197,26,9,143,20,3,2,121,160,92,49,130,22,38,34,124,94,161,1,165,153,187,127,39,107,87,76,50,53,93,23,30,134,137,86,69,64,101,151,54,158,199,6,117,98,25,110,81,52,182,28,162,78,60,79,185,148,167,61,41,36,46,131,59,133,96,157,138,178,164,173,66,126,198,159,140,118,109,29,154,156,106,19,108,146,43,128,85,152,172,12,181,82,192,139,33,13,111,195,40,37,15,35,88,171,189,194,31,68,116,57,0,113,196,89,5,141,119,74,183,63,51,72,147,65,4,115,14,45,55,155,184,75,80,114,177,169,191,11,104,180,163,170,95,91,90,125,149,32,97,58,100,7,175,179,27,150,136,144,70,168,17,103,105,142,190,188,186,145,42,47,132,166,123,44];False
2187;8227;10414;[32,67,193,48,10,176,83,129,8,84,122,73,174,135,21,99,16,77,112,71,56,18,62,120,24,197,26,9,143,20,3,2,121,160,92,49,130,22,38,34,124,94,161,1,165,153,187,127,39,107,87,76,50,53,93,23,30,134,137,86,69,64,101,151,54,158,199,6,117,98,25,110,81,52,182,28,162,78,60,79,185,148,167,61,41,36,46,131,59,133,96,157,138,178,164,173,66,126,198,159,140,118,109,29,154,156,106,19,108,146,43,128,85,152,172,12,181,82,192,139,33,13,111,195,40,37,15,35,88,171,189,194,31,68,116,57,0,113,196,89,5,141,119,74,183,63,51,72,147,65,102,115,14,45,55,155,184,75,80,114,177,169,191,11,104,180,163,170,95,91,90,125,149,4,97,58,100,7,175,179,27,150,136,144,70,168,17,103,105,142,190,188,186,145,42,47,132,166,123,44];False
2225;8188;10413;[78,67,193,48,10,176,83,129,8,84,122,73,174,135,21,99,16,77,112,71,56,18,62,120,24,197,26,9,143,20,3,2,121,160,92,49,130,22,38,34,124,94,161,1,165,153,187,127,39,107,87,76,50,53,93,23,30,134,137,86,69,64,101,151,54,158,199,6,117,98,25,110,81,52,182,28,162,4,60,79,185,148,167,61,41,36,46,131,59,133,96,157,138,178,164,173,66,126,198,159,140,118,109,29,154,156,106,19,108,146,43,128,85,152,172,12,181,82,192,139,33,13,111,195,40,37,15,35,88,171,189,194,31,68,116,57,0,113,196,89,5,141,119,74,183,63,51,72,147,65,102,115,14,45,55,155,184,75,80,114,177,169,191,11,104,180,163,170,95,91,90,125,149,32,97,58,100,7,175,179,27,150,136,144,70,168,17,103,105,142,190,188,186,145,42,47,132,166,123,44];False
2244;8169;10413;[173,67,193,48,10,176,83,129,8,84,122,73,174,135,21,99,16,77,112,71,56,18,62,120,24,197,26,9,143,20,3,2,121,160,92,49,130,22,38,34,124,94,161,1,165,153,187,127,39,107,87,76,50,53,93,23,30,134,137,86,69,64,101,151,54,158,199,6,117,98,25,110,81,52,182,28,162,78,60,79,185,148,167,61,41,36,46,131,59,133,96,157,138,178,164,4,66,126,198,159,140,118,109,29,154,156,106,19,108,146,43,128,85,152,172,12,181,82,192,139,33,13,111,195,40,37,15,35,88,171,189,194,31,68,116,57,0,113,196,89,5,141,119,74,183,63,51,72,147,65,102,115,14,45,55,155,184,75,80,114,177,169,191,11,104,180,163,170,95,91,90,125,149,32,97,58,100,7,175,179,27,150,136,144,70,168,17,103,105,142,190,188,186,145,42,47,132,166,123,44];False
2213;8198;10411;[1,67,193,48,10,176,83,129,8,84,122,73,174,135,21,99,16,77,112,71,56,18,62,120,24,197,26,9,143,20,3,2,121,160,92,49,130,22,38,34,124,94,161,4,165,153,187,127,39,107,87,76,50,53,93,23,30,134,137,86,69,64,101,151,54,158,199,6,117,98,25,110,81,52,182,28,162,78,60,79,185,148,167,61,41,36,46,131,59,133,96,157,138,178,164,173,66,126,198,159,140,118,109,29,154,156,106,19,108,146,43,128,85,152,172,12,181,82,192,139,33,13,111,195,40,37,15,35,88,171,189,194,31,68,116,57,0,113,196,89,5,141,119,74,183,63,51,72,147,65,102,115,14,45,55,155,184,75,80,114,177,169,191,11,104,180,163,170,95,91,90,125,149,32,97,58,100,7,175,179,27,150,136,144,70,168,17,103,105,142,190,188,186,145,42,47,132,166,123,44];False
2257;8153;10410;[147,67,193,48,10,176,83,129,8,84,122,73,174,135,21,99,16,77,112,71,56,18,62,120,24,197,26,9,143,20,3,2,121,160,92,49,130,22,38,34,124,94,161,1,165,153,187,127,39,107,87,76,50,53,93,23,30,134,137,86,69,64,101,151,54,158,199,6,117,98,25,110,81,52,182,28,162,78,60,79,185,148,167,61,41,36,46,131,59,133,96,157,138,178,164,173,66,126,198,159,140,118,109,29,154,156,106,19,108,146,43,128,85,152,172,12,181,82,192,139,33,13,111,195,40,37,15,35,88,171,189,194,31,68,116,57,0,113,196,89,5,141,119,74,183,63,51,72,4,65,102,115,14,45,55,155,184,75,80,114,177,169,191,11,104,180,163,170,95,91,90,125,149,32,97,58,100,7,175,179,27,150,136,144,70,168,17,103,105,142,190,188,186,145,42,47,132,166,123,44];True
2261;8145;10406;[34,67,193,48,10,176,83,129,8,84,122,73,174,135,21,99,16,77,112,71,56,18,62,120,24,197,26,9,143,20,3,2,121,160,92,49,130,22,38,4,124,94,161,1,165,153,187,127,39,107,87,76,50,53,93,23,30,134,137,86,69,64,101,151,54,158,199,6,117,98,25,110,81,52,182,28,162,78,60,79,185,148,167,61,41,36,46,131,59,133,96,157,138,178,164,173,66,126,198,159,140,118,109,29,154,156,106,19,108,146,43,128,85,152,172,12,181,82,192,139,33,13,111,195,40,37,15,35,88,171,189,194,31,68,116,57,0,113,196,89,5,141,119,74,183,63,51,72,147,65,102,115,14,45,55,155,184,75,80,114,177,169,191,11,104,180,163,170,95,91,90,125,149,32,97,58,100,7,175,179,27,150,136,144,70,168,17,103,105,142,190,188,186,145,42,47,132,166,123,44];True
2212;8194;10406;[63,67,193,48,10,176,83,129,8,84,122,73,174,135,21,99,16,77,112,71,56,18,62,120,24,197,26,9,143,20,3,2,121,160,92,49,130,22,38,34,124,94,161,1,165,153,187,127,39,107,87,76,50,53,93,23,30,134,137,86,69,64,101,151,54,158,199,6,117,98,25,110,81,52,182,28,162,78,60,79,185,148,167,61,41,36,46,131,59,133,96,157,138,178,164,173,66,126,198,159,140,118,109,29,154,156,106,19,108,146,43,128,85,152,172,12,181,82,192,139,33,13,111,195,40,37,15,35,88,171,189,194,31,68,116,57,0,113,196,89,5,141,119,74,183,4,51,72,147,65,102,115,14,45,55,155,184,75,80,114,177,169,191,11,104,180,163,170,95,91,90,125,149,32,97,58,100,7,175,179,27,150,136,144,70,168,17,103,105,142,190,188,186,145,42,47,132,166,123,44];False
2198;8207;10405;[156,67,193,48,10,176,83,129,8,84,122,73,174,135,21,99,16,77,112,71,56,18,62,120,24,197,26,9,143,20,3,2,121,160,92,49,130,22,38,34,124,94,161,1,165,153,187,127,39,107,87,76,50,53,93,23,30,134,137,86,69,64,101,151,54,158,199,6,117,98,25,110,81,52,182,28,162,78,60,79,185,148,167,61,41,36,46,131,59,133,96,157,138,178,164,173,66,126,198,159,140,118,109,29,154,4,106,19,108,146,43,128,85,152,172,12,181,82,192,139,33,13,111,195,40,37,15,35,88,171,189,194,31,68,116,57,0,113,196,89,5,141,119,74,183,63,51,72,147,65,102,115,14,45,55,155,184,75,80,114,177,169,191,11,104,180,163,170,95,91,90,125,149,32,97,58,100,7,175,179,27,150,136,144,70,168,17,103,105,142,190,188,186,145,42,47,132,166,123,44];False
2211;8194;10405;[49,67,193,48,10,176,83,129,8,84,122,73,174,135,21,99,16,77,112,71,56,18,62,120,24,197,26,9,143,20,3,2,121,160,92,4,130,22,38,34,124,94,161,1,165,153,187,127,39,107,87,76,50,53,93,23,30,134,137,86,69,64,101,151,54,158,199,6,117,98,25,110,81,52,182,28,162,78,60,79,185,148,167,61,41,36,46,131,59,133,96,157,138,178,164,173,66,126,198,159,140,118,109,29,154,156,106,19,108,146,43,128,85,152,172,12,181,82,192,139,33,13,111,195,40,37,15,35,88,171,189,194,31,68,116,57,0,113,196,89,5,141,119,74,183,63,51,72,147,65,102,115,14,45,55,155,184,75,80,114,177,169,191,11,104,180,163,170,95,91,90,125,149,32,97,58,100,7,175,179,27,150,136,144,70,168,17,103,105,142,190,188,186,145,42,47,132,166,123,44];False
2177;8228;10405;[86,67,193,48,10,176,83,129,8,84,122,73,174,135,21,99,16,77,112,71,56,18,62,120,24,197,26,9,143,20,3,2,121,160,92,49,130,22,38,34,124,94,161,1,165,153,187,127,39,107,87,76,50,53,93,23,30,134,137,4,69,64,101,151,54,158,199,6,117,98,25,110,81,52,182,28,162,78,60,79,185,148,167,61,41,36,46,131,59,133,96,157,138,178,164,173,66,126,198,159,140,118,109,29,154,156,106,19,108,146,43,128,85,152,172,12,181,82,192,139,33,13,111,195,40,37,15,35,88,171,189,194,31,68,116,57,0,113,196,89,5,141,119,74,183,63,51,72,147,65,102,115,14,45,55,155,184,75,80,114,177,169,191,11,104,180,163,170,95,91,90,125,149,32,97,58,100,7,175,179,27,150,136,144,70,168,17,103,105,142,190,188,186,145,42,47,132,166,123,44];False
2211;8193;10404;[160,67,193,48,10,176,83,129,8,84,122,73,174,135,21,99,16,77,112,71,56,18,62,120,24,197,26,9,143,20,3,2,121,4,92,49,130,22,38,34,124,94,161,1,165,153,187,127,39,107,87,76,50,53,93,23,30,134,137,86,69,64,101,151,54,158,199,6,117,98,25,110,81,52,182,28,162,78,60,79,185,148,167,61,41,36,46,131,59,133,96,157,138,178,164,173,66,126,198,159,140,118,109,29,154,156,106,19,108,146,43,128,85,152,172,12,181,82,192,139,33,13,111,195,40,37,15,35,88,171,189,194,31,68,116,57,0,113,196,89,5,141,119,74,183,63,51,72,147,65,102,115,14,45,55,155,184,75,80,114,177,169,191,11,104,180,163,170,95,91,90,125,149,32,97,58,100,7,175,179,27,150,136,144,70,168,17,103,105,142,190,188,186,145,42,47,132,166,123,44];False
2199;8203;10402;[186,67,193,48,10,176,83,129,8,84,122,73,174,135,21,99,16,77,112,71,56,18,62,120,24,197,26,9,143,20,3,2,121,160,92,49,130,22,38,34,124,94,161,1,165,153,187,127,39,107,87,76,50,53,93,23,30,134,137,86,69,64,101,151,54,158,199,6,117,98,25,110,81,52,182,28,162,78,60,79,185,148,167,61,41,36,46,131,59,133,96,157,138,178,164,173,66,126,198,159,140,118,109,29,154,156,106,19,108,146,43,128,85,152,172,12,181,82,192,139,33,13,111,195,40,37,15,35,88,171,189,194,31,68,116,57,0,113,196,89,5,141,119,74,183,63,51,72,147,65,102,115,14,45,55,155,184,75,80,114,177,169,191,11,104,180,163,170,95,91,90,125,149,32,97,58,100,7,175,179,27,150,136,144,70,168,17,103,105,142,190,188,4,145,42,47,132,166,123,44];False
2225;8176;10401;[108,67,193,48,10,176,83,129,8,84,122,73,174,135,21,99,16,77,112,71,56,18,62,120,24,197,26,9,143,20,3,2,121,160,92,49,130,22,38,34,124,94,161,1,165,153,187,127,39,107,87,76,50,53,93,23,30,134,137,86,69,64,101,151,54,158,199,6,117,98,25,110,81,52,182,28,162,78,60,79,185,148,167,61,41,36,46,131,59,133,96,157,138,178,164,173,66,126,198,159,140,118,109,29,154,156,106,19,4,146,43,128,85,152,172,12,181,82,192,139,33,13,111,195,40,37,15,35,88,171,189,194,31,68,116,57,0,113,196,89,5,141,119,74,183,63,51,72,147,65,102,115,14,45,55,155,184,75,80,114,177,169,191,11,104,180,163,170,95,91,90,125,149,32,97,58,100,7,175,179,27,150,136,144,70,168,17,103,105,142,190,188,186,145,42,47,132,166,123,44];False
2240;8160;10400;[82,67,193,48,10,176,83,129,8,84,122,73,174,135,21,99,16,77,112,71,56,18,62,120,24,197,26,9,143,20,3,2,121,160,92,49,130,22,38,34,124,94,161,1,165,153,187,127,39,107,87,76,50,53,93,23,30,134,137,86,69,64,101,151,54,158,199,6,117,98,25,110,81,52,182,28,162,78,60,79,185,148,167,61,41,36,46,131,59,133,96,157,138,178,164,173,66,126,198,159,140,118,109,29,154,156,106,19,108,146,43,128,85,152,172,12,181,4,192,139,33,13,111,195,40,37,15,35,88,171,189,194,31,68,116,57,0,113,196,89,5,141,119,74,183,63,51,72,147,65,102,115,14,45,55,155,184,75,80,114,177,169,191,11,104,180,163,170,95,91,90,125,149,32,97,58,100,7,175,179,27,150,136,144,70,168,17,103,105,142,190,188,186,145,42,47,132,166,123,44];False
2201;8198;10399;[192,67,193,48,10,176,83,129,8,84,122,73,174,135,21,99,16,77,112,71,56,18,62,120,24,197,26,9,143,20,3,2,121,160,92,49,130,22,38,34,124,94,161,1,165,153,187,127,39,107,87,76,50,53,93,23,30,134,137,86,69,64,101,151,54,158,199,6,117,98,25,110,81,52,182,28,162,78,60,79,185,148,167,61,41,36,46,131,59,133,96,157,138,178,164,173,66,126,198,159,140,118,109,29,154,156,106,19,108,146,43,128,85,152,172,12,181,82,4,139,33,13,111,195,40,37,15,35,88,171,189,194,31,68,116,57,0,113,196,89,5,141,119,74,183,63,51,72,147,65,102,115,14,45,55,155,184,75,80,114,177,169,191,11,104,180,163,170,95,91,90,125,149,32,97,58,100,7,175,179,27,150,136,144,70,168,17,103,105,142,190,188,186,145,42,47,132,166,123,44];False
2226;8170;10396;[74,67,193,48,10,176,83,129,8,84,122,73,174,135,21,99,16,77,112,71,56,18,62,120,24,197,26,9,143,20,3,2,121,160,92,49,130,22,38,34,124,94,161,1,165,153,187,127,39,107,87,76,50,53,93,23,30,134,137,86,69,64,101,151,54,158,199,6,117,98,25,110,81,52,182,28,162,78,60,79,185,148,167,61,41,36,46,131,59,133,96,157,138,178,164,173,66,126,198,159,140,118,109,29,154,156,106,19,108,146,43,128,85,152,172,12,181,82,192,139,33,13,111,195,40,37,15,35,88,171,189,194,31,68,116,57,0,113,196,89,5,141,119,4,183,63,51,72,147,65,102,115,14,45,55,155,184,75,80,114,177,169,191,11,104,180,163,170,95,91,90,125,149,32,97,58,100,7,175,179,27,150,136,144,70,168,17,103,105,142,190,188,186,145,42,47,132,166,123,44];False
2171;8222;10393;[153,67,193,48,10,176,83,129,8,84,122,73,174,135,21,99,16,77,112,71,56,18,62,120,24,197,26,9,143,20,3,2,121,160,92,49,130,22,38,34,124,94,161,1,165,4,187,127,39,107,87,76,50,53,93,23,30,134,137,86,69,64,101,151,54,158,199,6,117,98,25,110,81,52,182,28,162,78,60,79,185,148,167,61,41,36,46,131,59,133,96,157,138,178,164,173,66,126,198,159,140,118,109,29,154,156,106,19,108,146,43,128,85,152,172,12,181,82,192,139,33,13,111,195,40,37,15,35,88,171,189,194,31,68,116,57,0,113,196,89,5,141,119,74,183,63,51,72,147,65,102,115,14,45,55,155,184,75,80,114,177,169,191,11,104,180,163,170,95,91,90,125,149,32,97,58,100,7,175,179,27,150,136,144,70,168,17,103,105,142,190,188,186,145,42,47,132,166,123,44];False
2134;8254;10388;[0,67,193,48,10,176,83,129,8,84,122,73,174,135,21,99,16,77,112,71,56,18,62,120,24,197,26,9,143,20,3,2,121,160,92,49,130,22,38,34,124,94,161,1,165,153,187,127,39,107,87,76,50,53,93,23,30,134,137,86,69,64,101,151,54,158,199,6,117,98,25,110,81,52,182,28,162,78,60,79,185,148,167,61,41,36,46,131,59,133,96,157,138,178,164,173,66,126,198,159,140,118,109,29,154,156,106,19,108,146,43,128,85,152,172,12,181,82,192,139,33,13,111,195,40,37,15,35,88,171,189,194,31,68,116,57,4,113,196,89,5,141,119,74,183,63,51,72,147,65,102,115,14,45,55,155,184,75,80,114,177,169,191,11,104,180,163,170,95,91,90,125,149,32,97,58,100,7,175,179,27,150,136,144,70,168,17,103,105,142,190,188,186,145,42,47,132,166,123,44];False
2193;8194;10387;[190,67,193,48,10,176,83,129,8,84,122,73,174,135,21,99,16,77,112,71,56,18,62,120,24,197,26,9,143,20,3,2,121,160,92,49,130,22,38,34,124,94,161,1,165,153,187,127,39,107,87,76,50,53,93,23,30,134,137,86,69,64,101,151,54,158,199,6,117,98,25,110,81,52,182,28,162,78,60,79,185,148,167,61,41,36,46,131,59,133,96,157,138,178,164,173,66,126,198,159,140,118,109,29,154,156,106,19,108,146,43,128,85,152,172,12,181,82,192,139,33,13,111,195,40,37,15,35,88,171,189,194,31,68,116,57,0,113,196,89,5,141,119,74,183,63,51,72,147,65,102,115,14,45,55,155,184,75,80,114,177,169,191,11,104,180,163,170,95,91,90,125,149,32,97,58,100,7,175,179,27,150,136,144,70,168,17,103,105,142,4,188,186,145,42,47,132,166,123,44];False
2223;8161;10384;[90,67,193,48,10,176,83,129,8,84,122,73,174,135,21,99,16,77,112,71,56,18,62,120,24,197,26,9,143,20,3,2,121,160,92,49,130,22,38,34,124,94,161,1,165,153,187,127,39,107,87,76,50,53,93,23,30,134,137,86,69,64,101,151,54,158,199,6,117,98,25,110,81,52,182,28,162,78,60,79,185,148,167,61,41,36,46,131,59,133,96,157,138,178,164,173,66,126,198,159,140,118,109,29,154,156,106,19,108,146,43,128,85,152,172,12,181,82,192,139,33,13,111,195,40,37,15,35,88,171,189,194,31,68,116,57,0,113,196,89,5,141,119,74,183,63,51,72,147,65,102,115,14,45,55,155,184,75,80,114,177,169,191,11,104,180,163,170,95,91,4,125,149,32,97,58,100,7,175,179,27,150,136,144,70,168,17,103,105,142,190,188,186,145,42,47,132,166,123,44];False
2225;8157;10382;[174,67,193,48,10,176,83,129,8,84,122,73,4,135,21,99,16,77,112,71,56,18,62,120,24,197,26,9,143,20,3,2,121,160,92,49,130,22,38,34,124,94,161,1,165,153,187,127,39,107,87,76,50,53,93,23,30,134,137,86,69,64,101,151,54,158,199,6,117,98,25,110,81,52,182,28,162,78,60,79,185,148,167,61,41,36,46,131,59,133,96,157,138,178,164,173,66,126,198,159,140,118,109,29,154,156,106,19,108,146,43,128,85,152,172,12,181,82,192,139,33,13,111,195,40,37,15,35,88,171,189,194,31,68,116,57,0,113,196,89,5,141,119,74,183,63,51,72,147,65,102,115,14,45,55,155,184,75,80,114,177,169,191,11,104,180,163,170,95,91,90,125,149,32,97,58,100,7,175,179,27,150,136,144,70,168,17,103,105,142,190,188,186,145,42,47,132,166,123,44];False
2161;8218;10379;[2,67,193,48,10,176,83,129,8,84,122,73,174,135,21,99,16,77,112,71,56,18,62,120,24,197,26,9,143,20,3,4,121,160,92,49,130,22,38,34,124,94,161,1,165,153,187,127,39,107,87,76,50,53,93,23,30,134,137,86,69,64,101,151,54,158,199,6,117,98,25,110,81,52,182,28,162,78,60,79,185,148,167,61,41,36,46,131,59,133,96,157,138,178,164,173,66,126,198,159,140,118,109,29,154,156,106,19,108,146,43,128,85,152,172,12,181,82,192,139,33,13,111,195,40,37,15,35,88,171,189,194,31,68,116,57,0,113,196,89,5,141,119,74,183,63,51,72,147,65,102,115,14,45,55,155,184,75,80,114,177,169,191,11,104,180,163,170,95,91,90,125,149,32,97,58,100,7,175,179,27,150,136,144,70,168,17,103,105,142,190,188,186,145,42,47,132,166,123,44];False
2197;8169;10366;[20,67,193,48,10,176,83,129,8,84,122,73,174,135,21,99,16,77,112,71,56,18,62,120,24,197,26,9,143,4,3,2,121,160,92,49,130,22,38,34,124,94,161,1,165,153,187,127,39,107,87,76,50,53,93,23,30,134,137,86,69,64,101,151,54,158,199,6,117,98,25,110,81,52,182,28,162,78,60,79,185,148,167,61,41,36,46,131,59,133,96,157,138,178,164,173,66,126,198,159,140,118,109,29,154,156,106,19,108,146,43,128,85,152,172,12,181,82,192,139,33,13,111,195,40,37,15,35,88,171,189,194,31,68,116,57,0,113,196,89,5,141,119,74,183,63,51,72,147,65,102,115,14,45,55,155,184,75,80,114,177,169,191,11,104,180,163,170,95,91,90,125,149,32,97,58,100,7,175,179,27,150,136,144,70,168,17,103,105,142,190,188,186,145,42,47,132,166,123,44];False
2191;8173;10364;[180,67,193,48,10,176,83,129,8,84,122,73,174,135,21,99,16,77,112,71,56,18,62,120,24,197,26,9,143,20,3,2,121,160,92,49,130,22,38,34,124,94,161,1,165,153,187,127,39,107,87,76,50,53,93,23,30,134,137,86,69,64,101,151,54,158,199,6,117,98,25,110,81,52,182,28,162,78,60,79,185,148,167,61,41,36,46,131,59,133,96,157,138,178,164,173,66,126,198,159,140,118,109,29,154,156,106,19,108,146,43,128,85,152,172,12,181,82,192,139,33,13,111,195,40,37,15,35,88,171,189,194,31,68,116,57,0,113,196,89,5,141,119,74,183,63,51,72,147,65,102,115,14,45,55,155,184,75,80,114,177,169,191,11,104,4,163,170,95,91,90,125,149,32,97,58,100,7,175,179,27,150,136,144,70,168,17,103,105,142,190,188,186,145,42,47,132,166,123,44];False
2207;8156;10363;[143,67,193,48,10,176,83,129,8,84,122,73,174,135,21,99,16,77,112,71,56,18,62,120,24,197,26,9,4,20,3,2,121,160,92,49,130,22,38,34,124,94,161,1,165,153,187,127,39,107,87,76,50,53,93,23,30,134,137,86,69,64,101,151,54,158,199,6,117,98,25,110,81,52,182,28,162,78,60,79,185,148,167,61,41,36,46,131,59,133,96,157,138,178,164,173,66,126,198,159,140,118,109,29,154,156,106,19,108,146,43,128,85,152,172,12,181,82,192,139,33,13,111,195,40,37,15,35,88,171,189,194,31,68,116,57,0,113,196,89,5,141,119,74,183,63,51,72,147,65,102,115,14,45,55,155,184,75,80,114,177,169,191,11,104,180,163,170,95,91,90,125,149,32,97,58,100,7,175,179,27,150,136,144,70,168,17,103,105,142,190,188,186,145,42,47,132,166,123,44];True
2187;8165;10352;[53,67,193,48,10,176,83,129,8,84,122,73,174,135,21,99,16,77,112,71,56,18,62,120,24,197,26,9,143,20,3,2,121,160,92,49,130,22,38,34,124,94,161,1,165,153,187,127,39,107,87,76,50,4,93,23,30,134,137,86,69,64,101,151,54,158,199,6,117,98,25,110,81,52,182,28,162,78,60,79,185,148,167,61,41,36,46,131,59,133,96,157,138,178,164,173,66,126,198,159,140,118,109,29,154,156,106,19,108,146,43,128,85,152,172,12,181,82,192,139,33,13,111,195,40,37,15,35,88,171,189,194,31,68,116,57,0,113,196,89,5,141,119,74,183,63,51,72,147,65,102,115,14,45,55,155,184,75,80,114,177,169,191,11,104,180,163,170,95,91,90,125,149,32,97,58,100,7,175,179,27,150,136,144,70,168,17,103,105,142,190,188,186,145,42,47,132,166,123,44];False
2170;8179;10349;[142,67,193,48,10,176,83,129,8,84,122,73,174,135,21,99,16,77,112,71,56,18,62,120,24,197,26,9,143,20,3,2,121,160,92,49,130,22,38,34,124,94,161,1,165,153,187,127,39,107,87,76,50,53,93,23,30,134,137,86,69,64,101,151,54,158,199,6,117,98,25,110,81,52,182,28,162,78,60,79,185,148,167,61,41,36,46,131,59,133,96,157,138,178,164,173,66,126,198,159,140,118,109,29,154,156,106,19,108,146,43,128,85,152,172,12,181,82,192,139,33,13,111,195,40,37,15,35,88,171,189,194,31,68,116,57,0,113,196,89,5,141,119,74,183,63,51,72,147,65,102,115,14,45,55,155,184,75,80,114,177,169,191,11,104,180,163,170,95,91,90,125,149,32,97,58,100,7,175,179,27,150,136,144,70,168,17,103,105,4,190,188,186,145,42,47,132,166,123,44];False
2185;8163;10348;[92,67,193,48,10,176,83,129,8,84,122,73,174,135,21,99,16,77,112,71,56,18,62,120,24,197,26,9,143,20,3,2,121,160,4,49,130,22,38,34,124,94,161,1,165,153,187,127,39,107,87,76,50,53,93,23,30,134,137,86,69,64,101,151,54,158,199,6,117,98,25,110,81,52,182,28,162,78,60,79,185,148,167,61,41,36,46,131,59,133,96,157,138,178,164,173,66,126,198,159,140,118,109,29,154,156,106,19,108,146,43,128,85,152,172,12,181,82,192,139,33,13,111,195,40,37,15,35,88,171,189,194,31,68,116,57,0,113,196,89,5,141,119,74,183,63,51,72,147,65,102,115,14,45,55,155,184,75,80,114,177,169,191,11,104,180,163,170,95,91,90,125,149,32,97,58,100,7,175,179,27,150,136,144,70,168,17,103,105,142,190,188,186,145,42,47,132,166,123,44];True
2151;8196;10347;[183,67,193,48,10,176,83,129,8,84,122,73,174,135,21,99,16,77,112,71,56,18,62,120,24,197,26,9,143,20,3,2,121,160,92,49,130,22,38,34,124,94,161,1,165,153,187,127,39,107,87,76,50,53,93,23,30,134,137,86,69,64,101,151,54,158,199,6,117,98,25,110,81,52,182,28,162,78,60,79,185,148,167,61,41,36,46,131,59,133,96,157,138,178,164,173,66,126,198,159,140,118,109,29,154,156,106,19,108,146,43,128,85,152,172,12,181,82,192,139,33,13,111,195,40,37,15,35,88,171,189,194,31,68,116,57,0,113,196,89,5,141,119,74,4,63,51,72,147,65,102,115,14,45,55,155,184,75,80,114,177,169,191,11,104,180,163,170,95,91,90,125,149,32,97,58,100,7,175,179,27,150,136,144,70,168,17,103,105,142,190,188,186,145,42,47,132,166,123,44];False
2130;8206;10336;[136,67,193,48,10,176,83,129,8,84,122,73,174,135,21,99,16,77,112,71,56,18,62,120,24,197,26,9,143,20,3,2,121,160,92,49,130,22,38,34,124,94,161,1,165,153,187,127,39,107,87,76,50,53,93,23,30,134,137,86,69,64,101,151,54,158,199,6,117,98,25,110,81,52,182,28,162,78,60,79,185,148,167,61,41,36,46,131,59,133,96,157,138,178,164,173,66,126,198,159,140,118,109,29,154,156,106,19,108,146,43,128,85,152,172,12,181,82,192,139,33,13,111,195,40,37,15,35,88,171,189,194,31,68,116,57,0,113,196,89,5,141,119,74,183,63,51,72,147,65,102,115,14,45,55,155,184,75,80,114,177,169,191,11,104,180,163,170,95,91,90,125,149,32,97,58,100,7,175,179,27,150,4,144,70,168,17,103,105,142,190,188,186,145,42,47,132,166,123,44];True
2140;8176;10316;[4,67,193,48,10,176,83,129,8,84,122,73,174,135,21,99,16,77,112,71,56,18,62,120,24,197,26,9,143,20,3,2,121,160,92,49,130,22,38,34,124,94,161,1,165,153,187,127,39,107,87,76,50,53,93,23,30,134,137,86,69,64,101,151,54,158,199,6,117,98,25,110,81,52,182,28,162,78,60,79,185,148,167,61,41,36,46,131,59,133,96,157,138,178,164,173,66,126,198,159,140,118,109,29,154,156,106,19,108,146,43,128,85,152,172,12,181,82,192,139,33,13,111,195,40,37,15,35,88,171,189,194,31,68,116,57,0,113,196,89,5,141,119,74,183,63,51,72,147,65,102,115,14,45,55,155,184,75,80,114,177,169,191,11,104,180,163,170,95,91,90,125,149,32,97,58,100,7,175,179,27,150,136,144,70,168,17,103,105,142,190,188,186,145,42,47,132,166,123,44];True
