utilA;utilB;utilSum;contract;pareto
1991;7244;9235;[34,4,129,162,19,87,121,178,111,132,130,84,77,112,93,147,66,157,103,105,74,188,144,9,142,117,167,61,45,138,41,49,78,128,42,57,197,8,16,126,143,160,91,1,33,124,180,196,36,46,140,92,82,23,189,81,0,85,22,26,176,193,109,20,170,95,38,139,146,118,70,194,31,198,174,184,35,67,32,72,163,25,51,50,190,125,11,113,156,71,165,65,37,94,173,18,131,110,101,59,80,100,30,134,148,195,97,58,175,151,7,191,181,68,123,6,137,158,54,52,119,187,39,107,55,14,13,172,12,89,75,149,15,135,53,183,69,159,164,90,28,155,73,99,106,136,115,152,2,161,102,86,133,76,122,116,104,17,145,56,21,108,192,40,169,182,29,154,60,177,27,43,127,96,171,141,98,114,64,79,179,47,88,5,186,199,83,153,166,24,150,10,185,62,120,3,168,44,48,63];False
1941;7278;9219;[34,123,129,162,19,87,121,178,111,132,130,84,77,112,93,147,66,157,103,105,74,188,144,9,142,117,167,61,45,138,41,49,78,128,42,57,197,8,16,126,143,160,91,1,33,124,180,196,36,46,140,92,82,23,189,81,0,85,22,26,176,193,109,20,170,95,38,139,146,4,70,194,31,198,174,184,35,67,32,72,163,25,51,50,190,125,11,113,156,71,165,65,37,94,173,18,131,110,101,59,80,100,30,134,148,195,97,58,175,151,7,191,181,68,118,6,137,158,54,52,119,187,39,107,55,14,13,172,12,89,75,149,15,135,53,183,69,159,164,90,28,155,73,99,106,136,115,152,2,161,102,86,133,76,122,116,104,17,145,56,21,108,192,40,169,182,29,154,60,177,27,43,127,96,171,141,98,114,64,79,179,47,88,5,186,199,83,153,166,24,150,10,185,62,120,3,168,44,48,63];False
2026;7228;9254;[34,118,129,8,19,87,121,178,111,132,130,84,77,112,93,147,66,157,103,105,74,188,144,9,142,117,167,61,45,138,41,49,78,128,42,57,197,162,16,126,143,160,91,1,33,124,180,196,36,46,140,92,82,23,189,81,0,85,22,26,176,193,109,20,170,95,38,139,146,4,70,194,31,198,174,184,35,67,32,72,163,25,51,50,190,125,11,113,156,71,165,65,37,94,173,18,131,110,101,59,80,100,30,134,148,195,97,58,175,151,7,191,181,68,123,6,137,158,54,52,119,187,39,107,55,14,13,172,12,89,75,149,15,135,53,183,69,159,164,90,28,155,73,99,106,136,115,152,2,161,102,86,133,76,122,116,104,17,145,56,21,108,192,40,169,182,29,154,60,177,27,43,127,96,171,141,98,114,64,79,179,47,88,5,186,199,83,153,166,24,150,10,185,62,120,3,168,44,48,63];False
2002;7238;9240;[34,118,129,70,19,87,121,178,111,132,130,84,77,112,93,147,66,157,103,105,74,188,144,9,142,117,167,61,45,138,41,49,78,128,42,57,197,8,16,126,143,160,91,1,33,124,180,196,36,46,140,92,82,23,189,81,0,85,22,26,176,193,109,20,170,95,38,139,146,4,162,194,31,198,174,184,35,67,32,72,163,25,51,50,190,125,11,113,156,71,165,65,37,94,173,18,131,110,101,59,80,100,30,134,148,195,97,58,175,151,7,191,181,68,123,6,137,158,54,52,119,187,39,107,55,14,13,172,12,89,75,149,15,135,53,183,69,159,164,90,28,155,73,99,106,136,115,152,2,161,102,86,133,76,122,116,104,17,145,56,21,108,192,40,169,182,29,154,60,177,27,43,127,96,171,141,98,114,64,79,179,47,88,5,186,199,83,153,166,24,150,10,185,62,120,3,168,44,48,63];False
1955;7260;9215;[34,118,129,162,22,87,121,178,111,132,130,84,77,112,93,147,66,157,103,105,74,188,144,9,142,117,167,61,45,138,41,49,78,128,42,57,197,8,16,126,143,160,91,1,33,124,180,196,36,46,140,92,82,23,189,81,0,85,19,26,176,193,109,20,170,95,38,139,146,4,70,194,31,198,174,184,35,67,32,72,163,25,51,50,190,125,11,113,156,71,165,65,37,94,173,18,131,110,101,59,80,100,30,134,148,195,97,58,175,151,7,191,181,68,123,6,137,158,54,52,119,187,39,107,55,14,13,172,12,89,75,149,15,135,53,183,69,159,164,90,28,155,73,99,106,136,115,152,2,161,102,86,133,76,122,116,104,17,145,56,21,108,192,40,169,182,29,154,60,177,27,43,127,96,171,141,98,114,64,79,179,47,88,5,186,199,83,153,166,24,150,10,185,62,120,3,168,44,48,63];False
1981;7248;9229;[34,118,129,162,19,87,121,178,102,132,130,84,77,112,93,147,66,157,103,105,74,188,144,9,142,117,167,61,45,138,41,49,78,128,42,57,197,8,16,126,143,160,91,1,33,124,180,196,36,46,140,92,82,23,189,81,0,85,22,26,176,193,109,20,170,95,38,139,146,4,70,194,31,198,174,184,35,67,32,72,163,25,51,50,190,125,11,113,156,71,165,65,37,94,173,18,131,110,101,59,80,100,30,134,148,195,97,58,175,151,7,191,181,68,123,6,137,158,54,52,119,187,39,107,55,14,13,172,12,89,75,149,15,135,53,183,69,159,164,90,28,155,73,99,106,136,115,152,2,161,111,86,133,76,122,116,104,17,145,56,21,108,192,40,169,182,29,154,60,177,27,43,127,96,171,141,98,114,64,79,179,47,88,5,186,199,83,153,166,24,150,10,185,62,120,3,168,44,48,63];False
2049;7221;9270;[34,118,129,162,19,87,121,178,111,132,130,84,77,112,93,147,66,157,103,105,74,188,144,9,142,117,167,61,45,138,41,49,78,128,42,57,197,8,190,126,143,160,91,1,33,124,180,196,36,46,140,92,82,23,189,81,0,85,22,26,176,193,109,20,170,95,38,139,146,4,70,194,31,198,174,184,35,67,32,72,163,25,51,50,16,125,11,113,156,71,165,65,37,94,173,18,131,110,101,59,80,100,30,134,148,195,97,58,175,151,7,191,181,68,123,6,137,158,54,52,119,187,39,107,55,14,13,172,12,89,75,149,15,135,53,183,69,159,164,90,28,155,73,99,106,136,115,152,2,161,102,86,133,76,122,116,104,17,145,56,21,108,192,40,169,182,29,154,60,177,27,43,127,96,171,141,98,114,64,79,179,47,88,5,186,199,83,153,166,24,150,10,185,62,120,3,168,44,48,63];False
1948;7267;9215;[34,118,129,162,19,87,121,178,111,132,130,84,77,112,93,147,66,157,103,105,74,188,144,9,142,117,167,61,45,138,41,49,78,128,42,57,197,8,16,126,35,160,91,1,33,124,180,196,36,46,140,92,82,23,189,81,0,85,22,26,176,193,109,20,170,95,38,139,146,4,70,194,31,198,174,184,143,67,32,72,163,25,51,50,190,125,11,113,156,71,165,65,37,94,173,18,131,110,101,59,80,100,30,134,148,195,97,58,175,151,7,191,181,68,123,6,137,158,54,52,119,187,39,107,55,14,13,172,12,89,75,149,15,135,53,183,69,159,164,90,28,155,73,99,106,136,115,152,2,161,102,86,133,76,122,116,104,17,145,56,21,108,192,40,169,182,29,154,60,177,27,43,127,96,171,141,98,114,64,79,179,47,88,5,186,199,83,153,166,24,150,10,185,62,120,3,168,44,48,63];False
2016;7234;9250;[34,118,129,162,19,87,121,178,111,132,130,84,77,112,93,147,66,157,103,105,74,188,144,9,142,117,167,61,45,138,41,49,78,128,42,57,197,8,16,126,143,160,91,1,33,124,180,196,36,46,140,92,82,67,189,81,0,85,22,26,176,193,109,20,170,95,38,139,146,4,70,194,31,198,174,184,35,23,32,72,163,25,51,50,190,125,11,113,156,71,165,65,37,94,173,18,131,110,101,59,80,100,30,134,148,195,97,58,175,151,7,191,181,68,123,6,137,158,54,52,119,187,39,107,55,14,13,172,12,89,75,149,15,135,53,183,69,159,164,90,28,155,73,99,106,136,115,152,2,161,102,86,133,76,122,116,104,17,145,56,21,108,192,40,169,182,29,154,60,177,27,43,127,96,171,141,98,114,64,79,179,47,88,5,186,199,83,153,166,24,150,10,185,62,120,3,168,44,48,63];False
1958;7251;9209;[34,118,129,162,19,87,121,178,111,132,130,84,77,112,93,147,66,157,103,105,74,188,144,9,142,117,167,61,45,138,41,49,78,128,42,57,197,8,16,126,143,160,91,1,33,124,180,196,36,46,140,92,82,23,189,81,0,85,22,26,176,193,109,20,170,95,38,139,146,4,70,194,31,198,174,184,35,67,32,72,163,25,51,50,190,125,11,113,156,71,165,65,37,94,173,18,131,110,101,59,80,100,30,134,148,195,97,58,151,175,7,191,181,68,123,6,137,158,54,52,119,187,39,107,55,14,13,172,12,89,75,149,15,135,53,183,69,159,164,90,28,155,73,99,106,136,115,152,2,161,102,86,133,76,122,116,104,17,145,56,21,108,192,40,169,182,29,154,60,177,27,43,127,96,171,141,98,114,64,79,179,47,88,5,186,199,83,153,166,24,150,10,185,62,120,3,168,44,48,63];False
1917;7329;9246;[34,118,129,162,19,87,121,178,111,132,130,84,77,112,93,147,66,157,103,105,74,188,144,9,142,117,167,61,45,138,41,49,78,128,42,57,197,8,16,126,143,160,91,1,33,124,180,196,36,46,140,92,82,23,189,81,0,85,22,26,176,193,109,20,170,95,38,139,146,4,70,194,31,198,174,184,35,67,32,72,163,25,51,50,190,125,11,113,156,71,165,65,37,94,173,18,131,110,101,59,80,100,30,134,148,195,97,58,175,151,7,191,181,68,123,6,137,158,54,52,119,187,39,107,55,14,13,172,12,89,75,149,15,135,53,183,69,159,164,90,28,155,73,99,106,136,115,152,2,161,102,86,133,76,122,116,104,17,145,56,21,108,192,40,169,127,29,154,60,177,27,43,182,96,171,141,98,114,64,79,179,47,88,5,186,199,83,153,166,24,150,10,185,62,120,3,168,44,48,63];False
1928;7304;9232;[34,123,129,162,19,87,121,178,127,132,130,84,77,112,93,147,66,157,103,105,74,188,144,9,142,117,167,61,45,138,41,49,78,128,42,57,197,8,16,126,35,160,91,1,33,124,180,196,36,46,140,92,82,23,189,81,0,85,22,26,176,193,109,20,170,95,38,139,146,4,70,194,31,198,174,184,143,67,32,72,163,25,51,50,190,125,11,113,156,71,165,65,37,94,173,18,131,110,101,59,80,100,30,134,148,195,97,58,175,151,7,191,181,68,118,6,137,158,54,52,119,187,39,107,55,14,13,172,12,89,75,149,15,135,53,183,69,159,164,90,28,155,73,99,106,136,115,152,2,161,102,86,133,76,122,116,104,17,145,56,21,108,192,40,169,182,29,154,60,177,27,43,111,96,171,141,98,114,64,79,179,47,88,5,186,199,83,153,166,24,150,10,185,62,120,3,168,44,48,63];False
1932;7284;9216;[34,118,129,162,19,87,121,178,127,132,130,84,77,112,93,147,66,157,103,105,74,188,144,184,142,117,167,61,45,138,41,49,78,128,42,57,197,8,16,126,35,160,91,1,33,124,180,196,36,46,140,92,82,23,189,81,0,85,22,26,176,193,109,20,170,95,38,139,146,4,70,194,31,198,174,9,143,67,32,72,163,25,51,50,190,125,11,113,156,71,165,65,37,94,173,18,131,110,101,59,80,100,30,134,148,195,97,58,175,151,7,191,181,68,123,6,137,158,54,52,119,187,39,107,55,14,13,172,12,89,75,149,15,135,53,183,69,159,164,90,28,155,73,99,106,136,115,152,2,161,102,86,133,76,122,116,104,17,145,56,21,108,192,40,169,182,29,154,60,177,27,43,111,96,171,141,98,114,64,79,179,47,88,5,186,199,83,153,166,24,150,10,185,62,120,3,168,44,48,63];False
1945;7277;9222;[34,118,129,162,19,87,121,178,127,132,130,84,77,112,93,147,66,157,103,105,74,188,144,9,142,117,167,61,45,138,41,49,78,128,42,57,197,8,16,126,35,160,91,1,33,124,180,196,36,46,140,92,82,23,189,81,0,85,22,26,176,193,109,20,170,95,38,139,146,4,70,194,31,198,174,184,143,67,32,72,163,25,51,50,190,125,11,113,156,71,165,65,37,94,173,18,131,110,101,59,80,100,30,134,148,195,97,58,151,175,7,191,181,68,123,6,137,158,54,52,119,187,39,107,55,14,13,172,12,89,75,149,15,135,53,183,69,159,164,90,28,155,73,99,106,136,115,152,2,161,102,86,133,76,122,116,104,17,145,56,21,108,192,40,169,182,29,154,60,177,27,43,111,96,171,141,98,114,64,79,179,47,88,5,186,199,83,153,166,24,150,10,185,62,120,3,168,44,48,63];False
1914;7324;9238;[34,118,129,162,19,87,121,178,127,132,130,84,77,112,93,147,66,157,103,105,74,188,144,9,142,117,167,61,45,138,41,49,78,128,42,57,197,8,16,126,35,160,91,1,33,124,180,196,36,46,140,92,82,23,189,81,0,85,22,26,176,193,109,20,170,95,38,139,146,4,70,194,31,198,174,184,143,67,32,72,163,25,51,50,190,125,11,113,156,71,165,65,37,94,173,18,131,110,101,59,80,100,30,134,148,195,97,58,175,151,7,191,181,68,123,6,137,158,54,52,119,187,39,107,55,14,13,172,12,89,75,149,15,135,53,183,69,159,164,90,28,155,73,99,106,136,115,152,2,161,102,86,133,76,122,43,104,17,145,56,21,108,192,40,169,182,29,154,60,177,27,116,111,96,171,141,98,114,64,79,179,47,88,5,186,199,83,153,166,24,150,10,185,62,120,3,168,44,48,63];False
1907;7335;9242;[34,123,129,162,19,87,121,178,127,132,130,84,77,112,93,147,66,157,103,105,74,188,144,9,142,117,167,61,45,138,41,49,78,128,42,57,197,8,16,126,143,160,91,1,33,124,180,196,36,46,140,92,82,23,189,81,0,85,22,26,176,193,109,20,170,95,38,139,146,4,70,194,31,198,174,184,35,67,32,72,163,25,51,50,190,125,11,113,156,71,165,65,37,94,173,18,131,110,101,59,80,100,30,134,148,195,97,58,175,151,7,191,181,68,118,6,137,158,54,52,119,187,39,107,55,14,13,172,12,89,75,149,15,135,53,183,69,159,164,90,28,155,73,99,106,136,115,152,2,161,102,86,133,76,122,43,104,17,145,56,21,108,192,40,169,182,29,154,60,177,27,116,111,96,171,141,98,114,64,79,179,47,88,5,186,199,83,153,166,24,150,10,185,62,120,3,168,44,48,63];False
1921;7317;9238;[34,118,129,162,22,87,121,178,127,132,130,84,77,112,93,147,66,157,103,105,74,188,144,9,142,117,167,61,45,138,41,49,78,128,42,57,197,8,16,126,143,160,91,1,33,124,180,196,36,46,140,92,82,23,189,81,0,85,19,26,176,193,109,20,170,95,38,139,146,4,70,194,31,198,174,184,35,67,32,72,163,25,51,50,190,125,11,113,156,71,165,65,37,94,173,18,131,110,101,59,80,100,30,134,148,195,97,58,175,151,7,191,181,68,123,6,137,158,54,52,119,187,39,107,55,14,13,172,12,89,75,149,15,135,53,183,69,159,164,90,28,155,73,99,106,136,115,152,2,161,102,86,133,76,122,43,104,17,145,56,21,108,192,40,169,182,29,154,60,177,27,116,111,96,171,141,98,114,64,79,179,47,88,5,186,199,83,153,166,24,150,10,185,62,120,3,168,44,48,63];False
1898;7366;9264;[34,118,129,162,19,87,121,178,127,132,130,84,77,112,93,147,66,157,103,105,74,188,144,9,24,117,167,61,45,138,41,49,78,128,42,57,197,8,16,126,143,160,91,1,33,124,180,196,36,46,140,92,82,23,189,81,0,85,22,26,176,193,109,20,170,95,38,139,146,4,70,194,31,198,174,184,35,67,32,72,163,25,51,50,190,125,11,113,156,71,165,65,37,94,173,18,131,110,101,59,80,100,30,134,148,195,97,58,175,151,7,191,181,68,123,6,137,158,54,52,119,187,39,107,55,14,13,172,12,89,75,149,15,135,53,183,69,159,164,90,28,155,73,99,106,136,115,152,2,161,102,86,133,76,122,43,104,17,145,56,21,108,192,40,169,182,29,154,60,177,27,116,111,96,171,141,98,114,64,79,179,47,88,5,186,199,83,153,166,142,150,10,185,62,120,3,168,44,48,63];False
1924;7308;9232;[34,118,129,162,19,87,121,178,127,132,130,84,77,112,93,147,66,157,103,105,74,188,144,9,142,117,167,61,45,138,41,49,78,128,42,57,197,8,16,126,143,160,91,1,33,124,180,196,36,46,140,92,82,23,189,81,0,85,22,26,176,193,109,20,170,95,38,139,146,4,70,194,31,198,174,184,35,67,32,72,163,25,51,50,190,125,11,113,156,71,165,65,37,94,173,18,131,110,101,59,80,100,30,134,148,195,97,58,151,175,7,191,181,68,123,6,137,158,54,52,119,187,39,107,55,14,13,172,12,89,75,149,15,135,53,183,69,159,164,90,28,155,73,99,106,136,115,152,2,161,102,86,133,76,122,43,104,17,145,56,21,108,192,40,169,182,29,154,60,177,27,116,111,96,171,141,98,114,64,79,179,47,88,5,186,199,83,153,166,24,150,10,185,62,120,3,168,44,48,63];False
1907;7329;9236;[136,118,129,162,19,87,121,178,111,132,130,84,77,112,34,147,66,157,103,105,74,188,144,9,142,117,167,61,45,138,41,49,78,128,42,57,197,8,16,126,143,160,91,1,33,124,180,196,36,46,140,92,82,23,189,81,0,85,22,26,176,193,109,20,170,95,38,139,146,4,70,194,31,198,174,184,35,67,32,72,163,25,51,50,190,125,11,113,156,71,165,65,37,94,173,18,131,110,101,59,80,100,30,134,148,195,97,58,175,151,7,191,181,68,123,6,137,158,54,52,119,187,39,107,55,14,13,172,12,89,75,149,15,135,53,183,69,159,164,90,28,155,73,99,106,93,115,152,2,161,102,86,133,76,122,116,104,17,145,56,21,108,192,40,169,182,29,154,60,177,27,43,127,96,171,141,98,114,64,79,179,47,88,5,186,199,83,153,166,24,150,10,185,62,120,3,168,44,48,63];False
1918;7322;9240;[93,118,129,162,22,87,121,178,111,132,130,84,77,112,34,147,66,157,103,105,74,188,144,9,142,117,167,61,45,138,41,49,78,128,42,57,197,8,16,126,143,160,91,1,33,124,180,196,36,46,140,92,82,23,189,81,0,85,19,26,176,193,109,20,170,95,38,139,146,4,70,194,31,198,174,184,35,67,32,72,163,25,51,50,190,125,11,113,156,71,165,65,37,94,173,18,131,110,101,59,80,100,30,134,148,195,97,58,175,151,7,191,181,68,123,6,137,158,54,52,119,187,39,107,55,14,13,172,12,89,75,149,15,135,53,183,69,159,164,90,28,155,73,99,106,136,115,152,2,161,102,86,133,76,122,116,104,17,145,56,21,108,192,40,169,182,29,154,60,177,27,43,127,96,171,141,98,114,64,79,179,47,88,5,186,199,83,153,166,24,150,10,185,62,120,3,168,44,48,63];False
1921;7313;9234;[93,118,129,162,19,87,121,178,111,132,130,84,77,112,34,147,66,157,103,105,74,188,144,9,142,117,167,61,45,138,41,49,78,128,42,57,197,8,16,126,143,160,91,1,33,124,180,196,36,46,140,92,82,23,189,81,0,85,22,26,176,193,109,20,170,95,38,139,146,4,70,194,31,198,174,184,35,67,32,72,163,25,51,50,190,125,11,113,156,71,165,65,37,94,173,18,131,110,101,59,80,100,30,134,148,195,97,58,151,175,7,191,181,68,123,6,137,158,54,52,119,187,39,107,55,14,13,172,12,89,75,149,15,135,53,183,69,159,164,90,28,155,73,99,106,136,115,152,2,161,102,86,133,76,122,116,104,17,145,56,21,108,192,40,169,182,29,154,60,177,27,43,127,96,171,141,98,114,64,79,179,47,88,5,186,199,83,153,166,24,150,10,185,62,120,3,168,44,48,63];False
1903;7357;9260;[93,118,129,162,19,87,121,178,111,132,130,84,77,112,34,147,66,157,103,105,74,188,144,9,142,117,167,61,45,138,41,49,78,128,42,57,197,8,16,126,143,160,91,1,33,124,180,196,36,46,140,92,82,23,189,81,0,85,22,26,176,193,109,20,170,95,38,139,146,4,70,194,31,198,174,184,35,67,32,72,163,25,51,50,190,125,11,113,156,71,165,65,37,94,173,18,131,110,101,59,80,100,30,134,148,195,97,58,175,151,7,191,181,68,123,6,137,158,54,52,119,187,39,107,55,14,13,172,12,89,75,149,15,108,53,183,69,159,164,90,28,155,73,99,106,136,115,152,2,161,102,86,133,76,122,116,104,17,145,56,21,135,192,40,169,182,29,154,60,177,27,43,127,96,171,141,98,114,64,79,179,47,88,5,186,199,83,153,166,24,150,10,185,62,120,3,168,44,48,63];False
1880;7391;9271;[93,118,129,162,19,87,121,178,111,132,130,84,77,112,34,147,66,157,103,105,74,188,144,9,142,117,167,61,45,138,41,49,78,128,42,57,197,8,16,126,143,160,91,1,33,124,180,196,36,46,140,92,82,23,189,81,0,85,22,26,176,193,109,20,170,95,38,139,146,4,70,194,31,198,174,184,35,67,32,72,163,25,51,50,190,125,11,113,156,71,165,65,37,94,173,18,131,110,101,59,80,100,30,134,148,195,97,58,175,151,7,191,181,68,123,6,137,158,54,52,119,187,39,107,55,14,13,172,12,89,75,149,15,135,53,183,69,159,164,90,28,155,73,99,106,136,115,152,2,161,102,86,133,76,122,116,104,17,145,56,21,108,192,40,169,127,29,154,60,177,27,43,182,96,171,141,98,114,64,79,179,47,88,5,186,199,83,153,166,24,150,10,185,62,120,3,168,44,48,63];False
1901;7348;9249;[136,118,129,162,22,87,121,178,127,132,130,84,77,112,34,147,66,157,103,105,74,188,144,9,142,117,167,61,45,138,41,49,78,128,42,57,197,8,16,126,143,160,91,1,33,124,180,196,36,46,140,92,82,23,189,81,0,85,19,26,176,193,109,20,170,95,38,139,146,4,70,194,31,198,174,184,35,67,32,72,163,25,51,50,190,125,11,113,156,71,165,65,37,94,173,18,131,110,101,59,80,100,30,134,148,195,97,58,175,151,7,191,181,68,123,6,137,158,54,52,119,187,39,107,55,14,13,172,12,89,75,149,15,135,53,183,69,159,164,90,28,155,73,99,106,93,115,152,2,161,102,86,133,76,122,116,104,17,145,56,21,108,192,40,169,182,29,154,60,177,27,43,111,96,171,141,98,114,64,79,179,47,88,5,186,199,83,153,166,24,150,10,185,62,120,3,168,44,48,63];False
1900;7364;9264;[136,118,129,162,19,87,121,178,127,132,130,84,77,112,34,147,66,157,103,70,74,188,144,9,142,117,167,61,45,138,41,49,78,128,42,57,197,8,16,126,143,160,91,1,33,124,180,196,36,46,140,92,82,23,189,81,0,85,22,26,176,193,109,20,170,95,38,139,146,4,105,194,31,198,174,184,35,67,32,72,163,25,51,50,190,125,11,113,156,71,165,65,37,94,173,18,131,110,101,59,80,100,30,134,148,195,97,58,175,151,7,191,181,68,123,6,137,158,54,52,119,187,39,107,55,14,13,172,12,89,75,149,15,135,53,183,69,159,164,90,28,155,73,99,106,93,115,152,2,161,102,86,133,76,122,116,104,17,145,56,21,108,192,40,169,182,29,154,60,177,27,43,111,96,171,141,98,114,64,79,179,47,88,5,186,199,83,153,166,24,150,10,185,62,120,3,168,44,48,63];False
1878;7397;9275;[136,118,129,162,19,87,121,178,127,132,130,84,77,112,34,147,66,157,103,105,74,188,144,9,24,117,167,61,45,138,41,49,78,128,42,57,197,8,16,126,143,160,91,1,33,124,180,196,36,46,140,92,82,23,189,81,0,85,22,26,176,193,109,20,170,95,38,139,146,4,70,194,31,198,174,184,35,67,32,72,163,25,51,50,190,125,11,113,156,71,165,65,37,94,173,18,131,110,101,59,80,100,30,134,148,195,97,58,175,151,7,191,181,68,123,6,137,158,54,52,119,187,39,107,55,14,13,172,12,89,75,149,15,135,53,183,69,159,164,90,28,155,73,99,106,93,115,152,2,161,102,86,133,76,122,116,104,17,145,56,21,108,192,40,169,182,29,154,60,177,27,43,111,96,171,141,98,114,64,79,179,47,88,5,186,199,83,153,166,142,150,10,185,62,120,3,168,44,48,63];False
1894;7355;9249;[136,118,129,162,19,87,121,178,127,132,130,84,77,112,34,147,66,157,103,105,74,188,144,9,142,117,167,61,45,138,41,49,78,128,42,57,197,8,16,126,35,160,91,1,33,124,180,196,36,46,140,92,82,23,189,81,0,85,22,26,176,193,109,20,170,95,38,139,146,4,70,194,31,198,174,184,143,67,32,72,163,25,51,50,190,125,11,113,156,71,165,65,37,94,173,18,131,110,101,59,80,100,30,134,148,195,97,58,175,151,7,191,181,68,123,6,137,158,54,52,119,187,39,107,55,14,13,172,12,89,75,149,15,135,53,183,69,159,164,90,28,155,73,99,106,93,115,152,2,161,102,86,133,76,122,116,104,17,145,56,21,108,192,40,169,182,29,154,60,177,27,43,111,96,171,141,98,114,64,79,179,47,88,5,186,199,83,153,166,24,150,10,185,62,120,3,168,44,48,63];False
1877;7401;9278;[136,118,129,162,19,87,121,178,127,132,130,84,77,112,34,147,66,157,103,105,74,188,144,9,142,117,167,61,45,138,41,49,78,128,42,57,197,8,16,126,143,160,91,1,33,124,180,196,36,46,140,92,82,23,189,81,0,85,22,26,176,193,109,20,170,95,38,139,146,4,70,194,31,198,174,184,35,67,32,72,163,25,51,50,190,125,11,113,156,71,165,65,37,94,173,18,131,149,101,59,80,100,30,134,148,195,97,58,175,151,7,191,181,68,123,6,137,158,54,52,119,187,39,107,55,14,13,172,12,89,75,110,15,135,53,183,69,159,164,90,28,155,73,99,106,93,115,152,2,161,102,86,133,76,122,116,104,17,145,56,21,108,192,40,169,182,29,154,60,177,27,43,111,96,171,141,98,114,64,79,179,47,88,5,186,199,83,153,166,24,150,10,185,62,120,3,168,44,48,63];False
1904;7339;9243;[136,118,129,162,19,87,121,178,127,132,130,84,77,112,34,147,66,157,103,105,74,188,144,9,142,117,167,61,45,138,41,49,78,128,42,57,197,8,16,126,143,160,91,1,33,124,180,196,36,46,140,92,82,23,189,81,0,85,22,26,176,193,109,20,170,95,38,139,146,4,70,194,31,198,174,184,35,67,32,72,163,25,51,50,190,125,11,113,156,71,165,65,37,94,173,18,131,110,101,59,80,100,30,134,148,195,97,58,151,175,7,191,181,68,123,6,137,158,54,52,119,187,39,107,55,14,13,172,12,89,75,149,15,135,53,183,69,159,164,90,28,155,73,99,106,93,115,152,2,161,102,86,133,76,122,116,104,17,145,56,21,108,192,40,169,182,29,154,60,177,27,43,111,96,171,141,98,114,64,79,179,47,88,5,186,199,83,153,166,24,150,10,185,62,120,3,168,44,48,63];False
1886;7383;9269;[136,118,129,162,19,87,121,178,127,132,130,84,77,112,34,147,66,157,103,105,74,188,144,9,142,117,167,61,45,138,41,49,78,128,42,57,197,8,16,126,143,160,91,1,33,124,180,196,36,46,140,92,82,23,189,81,0,85,22,26,176,193,109,20,170,95,38,139,146,4,70,194,31,198,174,184,35,67,32,72,163,25,51,50,190,125,11,113,156,71,165,65,37,94,173,18,131,110,101,59,80,100,30,134,148,195,97,58,175,151,7,191,181,68,123,6,137,158,54,52,119,187,39,107,55,14,13,172,12,89,75,149,15,108,53,183,69,159,164,90,28,155,73,99,106,93,115,152,2,161,102,86,133,76,122,116,104,17,145,56,21,135,192,40,169,182,29,154,60,177,27,43,111,96,171,141,98,114,64,79,179,47,88,5,186,199,83,153,166,24,150,10,185,62,120,3,168,44,48,63];False
1873;7386;9259;[136,118,129,162,19,87,121,178,127,132,130,84,77,112,34,147,66,157,103,105,74,188,144,9,142,117,167,61,45,138,41,49,78,128,42,57,197,8,16,126,143,160,91,1,33,124,180,196,36,46,140,92,82,23,189,81,0,85,22,26,176,193,109,20,170,95,38,139,146,4,70,194,31,198,174,184,35,67,32,72,163,25,51,50,190,125,11,113,156,71,165,65,37,94,173,18,131,110,101,59,80,100,30,134,148,195,97,58,175,151,7,191,181,68,123,6,137,158,54,52,119,187,39,107,55,14,13,172,12,89,75,149,15,135,53,183,69,159,164,90,28,155,73,99,106,93,115,152,2,161,102,86,133,76,122,43,104,17,145,56,21,108,192,40,169,182,29,154,60,177,27,116,111,96,171,141,98,114,64,79,179,47,88,5,186,199,83,153,166,24,150,10,185,62,120,3,168,44,48,63];False
1884;7379;9263;[93,118,129,162,22,87,121,178,127,132,130,84,77,112,34,147,66,157,103,105,74,188,144,9,142,117,167,61,45,138,41,49,78,128,42,57,197,8,16,126,143,160,91,1,33,124,180,196,36,46,140,92,82,23,189,81,0,85,19,26,176,193,109,20,170,95,38,139,146,4,70,194,31,198,174,184,35,67,32,72,163,25,51,50,190,125,11,113,156,71,165,65,37,94,173,18,131,110,101,59,80,100,30,134,148,195,97,58,175,151,7,191,181,68,123,6,137,158,54,52,119,187,39,107,55,14,13,172,12,89,75,149,15,135,53,183,69,159,164,90,28,155,73,99,106,136,115,152,2,161,102,86,133,76,122,43,104,17,145,56,21,108,192,40,169,182,29,154,60,177,27,116,111,96,171,141,98,114,64,79,179,47,88,5,186,199,83,153,166,24,150,10,185,62,120,3,168,44,48,63];False
1861;7428;9289;[93,118,129,162,19,87,121,178,127,132,130,84,77,112,34,147,66,157,103,105,74,188,144,9,24,117,167,61,45,138,41,49,78,128,42,57,197,8,16,126,143,160,91,1,33,124,180,196,36,46,140,92,82,23,189,81,0,85,22,26,176,193,109,20,170,95,38,139,146,4,70,194,31,198,174,184,35,67,32,72,163,25,51,50,190,125,11,113,156,71,165,65,37,94,173,18,131,110,101,59,80,100,30,134,148,195,97,58,175,151,7,191,181,68,123,6,137,158,54,52,119,187,39,107,55,14,13,172,12,89,75,149,15,135,53,183,69,159,164,90,28,155,73,99,106,136,115,152,2,161,102,86,133,76,122,43,104,17,145,56,21,108,192,40,169,182,29,154,60,177,27,116,111,96,171,141,98,114,64,79,179,47,88,5,186,199,83,153,166,142,150,10,185,62,120,3,168,44,48,63];False
1860;7432;9292;[93,118,129,162,19,87,121,178,127,132,130,84,77,112,34,147,66,157,103,105,74,188,144,9,142,117,167,61,45,138,41,49,78,128,42,57,197,8,16,126,143,160,91,1,33,124,180,196,36,46,140,92,82,23,189,81,0,85,22,26,176,193,109,20,170,95,38,139,146,4,70,194,31,198,174,184,35,67,32,72,163,25,51,50,190,125,11,113,156,71,165,65,37,94,173,18,131,149,101,59,80,100,30,134,148,195,97,58,175,151,7,191,181,68,123,6,137,158,54,52,119,187,39,107,55,14,13,172,12,89,75,110,15,135,53,183,69,159,164,90,28,155,73,99,106,136,115,152,2,161,102,86,133,76,122,43,104,17,145,56,21,108,192,40,169,182,29,154,60,177,27,116,111,96,171,141,98,114,64,79,179,47,88,5,186,199,83,153,166,24,150,10,185,62,120,3,168,44,48,63];False
1887;7370;9257;[93,118,129,162,19,87,121,178,127,132,130,84,77,112,34,147,66,157,103,105,74,188,144,9,142,117,167,61,45,138,41,49,78,128,42,57,197,8,16,126,143,160,91,1,33,124,180,196,36,46,140,92,82,23,189,81,0,85,22,26,176,193,109,20,170,95,38,139,146,4,70,194,31,198,174,184,35,67,32,72,163,25,51,50,190,125,11,113,156,71,165,65,37,94,173,18,131,110,101,59,80,100,30,134,148,195,97,58,151,175,7,191,181,68,123,6,137,158,54,52,119,187,39,107,55,14,13,172,12,89,75,149,15,135,53,183,69,159,164,90,28,155,73,99,106,136,115,152,2,161,102,86,133,76,122,43,104,17,145,56,21,108,192,40,169,182,29,154,60,177,27,116,111,96,171,141,98,114,64,79,179,47,88,5,186,199,83,153,166,24,150,10,185,62,120,3,168,44,48,63];False
1869;7414;9283;[93,118,129,162,19,87,121,178,127,132,130,84,77,112,34,147,66,157,103,105,74,188,144,9,142,117,167,61,45,138,41,49,78,128,42,57,197,8,16,126,143,160,91,1,33,124,180,196,36,46,140,92,82,23,189,81,0,85,22,26,176,193,109,20,170,95,38,139,146,4,70,194,31,198,174,184,35,67,32,72,163,25,51,50,190,125,11,113,156,71,165,65,37,94,173,18,131,110,101,59,80,100,30,134,148,195,97,58,175,151,7,191,181,68,123,6,137,158,54,52,119,187,39,107,55,14,13,172,12,89,75,149,15,108,53,183,69,159,164,90,28,155,73,99,106,136,115,152,2,161,102,86,133,76,122,43,104,17,145,56,21,135,192,40,169,182,29,154,60,177,27,116,111,96,171,141,98,114,64,79,179,47,88,5,186,199,83,153,166,24,150,10,185,62,120,3,168,44,48,63];False
2093;7205;9298;[73,6,129,70,19,87,121,178,111,132,130,84,77,112,93,147,66,157,103,105,74,188,144,31,142,117,167,61,45,138,41,49,78,128,42,57,197,126,20,146,118,160,91,1,33,124,180,196,36,46,140,92,143,23,189,81,0,85,22,26,176,193,109,190,170,95,38,139,9,4,162,194,34,198,174,184,35,67,32,72,163,25,51,8,16,125,11,113,156,71,165,65,37,94,173,18,131,110,101,59,80,100,30,134,148,195,97,58,175,151,7,191,181,68,123,82,137,158,54,52,119,187,39,107,55,14,13,172,12,89,75,149,15,135,53,183,69,159,164,90,28,155,50,99,106,136,115,152,2,161,102,86,133,76,122,116,104,17,145,56,21,108,192,40,169,182,29,154,60,177,27,43,127,96,171,141,98,114,64,79,179,47,88,5,186,199,83,153,166,24,150,10,185,62,120,3,168,44,48,63];False
2046;7227;9273;[73,6,129,162,22,87,121,178,111,132,130,84,77,112,93,147,66,157,103,105,74,188,144,31,142,117,167,61,45,138,41,49,78,128,42,57,197,126,20,146,118,160,91,1,33,124,180,196,36,46,140,92,143,23,189,81,0,85,19,26,176,193,109,190,170,95,38,139,9,4,70,194,34,198,174,184,35,67,32,72,163,25,51,8,16,125,11,113,156,71,165,65,37,94,173,18,131,110,101,59,80,100,30,134,148,195,97,58,175,151,7,191,181,68,123,82,137,158,54,52,119,187,39,107,55,14,13,172,12,89,75,149,15,135,53,183,69,159,164,90,28,155,50,99,106,136,115,152,2,161,102,86,133,76,122,116,104,17,145,56,21,108,192,40,169,182,29,154,60,177,27,43,127,96,171,141,98,114,64,79,179,47,88,5,186,199,83,153,166,24,150,10,185,62,120,3,168,44,48,63];False
2072;7215;9287;[73,6,129,162,19,87,121,178,102,132,130,84,77,112,93,147,66,157,103,105,74,188,144,31,142,117,167,61,45,138,41,49,78,128,42,57,197,126,20,146,118,160,91,1,33,124,180,196,36,46,140,92,143,23,189,81,0,85,22,26,176,193,109,190,170,95,38,139,9,4,70,194,34,198,174,184,35,67,32,72,163,25,51,8,16,125,11,113,156,71,165,65,37,94,173,18,131,110,101,59,80,100,30,134,148,195,97,58,175,151,7,191,181,68,123,82,137,158,54,52,119,187,39,107,55,14,13,172,12,89,75,149,15,135,53,183,69,159,164,90,28,155,50,99,106,136,115,152,2,161,111,86,133,76,122,116,104,17,145,56,21,108,192,40,169,182,29,154,60,177,27,43,127,96,171,141,98,114,64,79,179,47,88,5,186,199,83,153,166,24,150,10,185,62,120,3,168,44,48,63];False
2048;7226;9274;[73,6,129,162,19,87,121,178,127,132,130,84,77,112,93,147,66,157,103,105,74,188,144,31,142,117,167,61,45,138,41,49,78,128,42,57,197,126,20,146,118,160,91,1,33,124,180,196,36,46,140,92,143,23,189,81,0,85,22,26,176,193,109,190,170,95,38,139,9,4,70,194,34,198,174,184,35,67,32,72,163,25,51,8,16,125,11,113,156,71,165,65,37,94,173,18,131,110,101,59,80,100,30,134,148,195,97,58,175,151,7,191,181,68,123,82,137,158,54,52,119,187,39,107,55,14,13,172,12,89,75,149,15,135,53,183,69,159,164,90,28,155,50,99,106,136,115,152,2,161,102,86,133,76,122,116,104,17,145,56,21,108,192,40,169,182,29,154,60,177,27,43,111,96,171,141,98,114,64,79,179,47,88,5,186,199,83,153,166,24,150,10,185,62,120,3,168,44,48,63];False
2083;7213;9296;[73,6,129,162,19,87,121,178,111,132,130,84,77,112,93,147,66,157,103,105,74,188,144,31,142,117,167,61,45,138,41,49,78,128,42,57,197,126,20,146,118,160,91,1,33,124,180,196,36,46,140,92,143,67,189,81,0,85,22,26,176,193,109,190,170,95,38,139,9,4,70,194,34,198,174,184,35,23,32,72,163,25,51,8,16,125,11,113,156,71,165,65,37,94,173,18,131,110,101,59,80,100,30,134,148,195,97,58,175,151,7,191,181,68,123,82,137,158,54,52,119,187,39,107,55,14,13,172,12,89,75,149,15,135,53,183,69,159,164,90,28,155,50,99,106,136,115,152,2,161,102,86,133,76,122,116,104,17,145,56,21,108,192,40,169,182,29,154,60,177,27,43,127,96,171,141,98,114,64,79,179,47,88,5,186,199,83,153,166,24,150,10,185,62,120,3,168,44,48,63];False
2107;7204;9311;[73,6,129,162,19,87,121,178,111,132,130,84,77,112,93,147,66,157,103,105,74,188,144,31,142,117,167,61,45,138,41,49,78,128,42,57,197,126,20,146,118,160,91,1,33,124,180,196,36,46,140,92,143,23,189,81,0,85,22,26,176,193,109,190,170,95,38,139,9,4,70,145,34,198,174,184,35,67,32,72,163,25,51,8,16,125,11,113,156,71,165,65,37,94,173,18,131,110,101,59,80,100,30,134,148,195,97,58,175,151,7,191,181,68,123,82,137,158,54,52,119,187,39,107,55,14,13,172,12,89,75,149,15,135,53,183,69,159,164,90,28,155,50,99,106,136,115,152,2,161,102,86,133,76,122,116,104,17,194,56,21,108,192,40,169,182,29,154,60,177,27,43,127,96,171,141,98,114,64,79,179,47,88,5,186,199,83,153,166,24,150,10,185,62,120,3,168,44,48,63];False
2066;7216;9282;[73,6,129,162,19,87,121,178,111,132,130,84,77,112,93,147,66,157,103,105,74,188,144,31,142,117,167,61,45,138,41,49,78,128,42,57,197,126,20,146,118,160,91,1,33,124,180,196,36,46,140,92,143,23,189,81,0,85,22,26,176,193,109,190,170,95,38,139,9,4,70,194,34,198,174,184,35,67,32,72,163,25,51,8,16,125,11,113,156,71,165,65,37,94,173,18,137,110,101,59,80,100,30,134,148,195,97,58,175,151,7,191,181,68,123,82,131,158,54,52,119,187,39,107,55,14,13,172,12,89,75,149,15,135,53,183,69,159,164,90,28,155,50,99,106,136,115,152,2,161,102,86,133,76,122,116,104,17,145,56,21,108,192,40,169,182,29,154,60,177,27,43,127,96,171,141,98,114,64,79,179,47,88,5,186,199,83,153,166,24,150,10,185,62,120,3,168,44,48,63];False
2049;7218;9267;[73,6,129,162,19,87,121,178,111,132,130,84,77,112,93,147,66,157,103,105,74,188,144,31,142,117,167,61,45,138,41,49,78,128,42,57,197,126,20,146,118,160,91,1,33,124,180,196,36,46,140,92,143,23,189,81,0,85,22,26,176,193,109,190,170,95,38,139,9,4,70,194,34,198,174,184,35,67,32,72,163,25,51,8,16,125,11,113,156,71,165,65,37,94,173,18,131,110,101,59,80,100,30,134,148,195,97,58,151,175,7,191,181,68,123,82,137,158,54,52,119,187,39,107,55,14,13,172,12,89,75,149,15,135,53,183,69,159,164,90,28,155,50,99,106,136,115,152,2,161,102,86,133,76,122,116,104,17,145,56,21,108,192,40,169,182,29,154,60,177,27,43,127,96,171,141,98,114,64,79,179,47,88,5,186,199,83,153,166,24,150,10,185,62,120,3,168,44,48,63];False
1842;7501;9343;[13,172,12,22,26,178,147,3,2,130,132,117,77,112,106,24,66,157,103,105,74,188,93,118,10,0,101,61,45,138,41,49,78,128,42,57,37,121,162,126,143,160,91,1,33,14,94,196,36,182,140,92,82,23,189,81,87,85,104,46,146,193,136,144,170,95,38,139,19,20,51,149,34,194,180,123,90,67,32,72,163,25,70,65,16,190,11,113,156,71,165,184,31,8,173,18,131,110,167,59,80,100,30,134,148,195,97,137,175,151,7,191,181,68,198,142,58,158,54,52,119,187,39,107,55,124,176,111,84,89,75,129,15,135,53,183,69,159,164,9,28,155,73,99,109,50,115,152,35,161,102,86,133,76,122,116,44,125,145,56,21,108,192,40,169,4,29,154,60,177,27,43,127,96,171,141,98,114,64,79,179,47,88,5,186,199,83,153,166,174,150,6,185,62,120,197,168,17,48,63];False
1833;7520;9353;[13,172,12,22,26,178,147,3,2,130,129,117,77,112,106,24,66,157,103,105,74,188,93,118,10,0,101,61,45,138,41,49,78,128,42,57,37,121,162,126,143,160,91,1,33,14,94,196,36,182,140,92,82,23,189,81,87,85,104,46,146,193,136,144,170,95,38,139,19,20,51,149,34,194,180,123,90,67,32,72,163,25,70,65,16,190,11,113,156,71,165,184,31,8,173,18,131,110,167,59,80,100,30,134,148,195,97,137,175,151,7,191,181,68,198,142,58,158,54,52,119,187,39,107,55,124,176,111,132,89,75,84,15,135,53,183,69,159,164,9,28,155,73,99,109,50,115,152,35,161,102,86,133,76,122,116,44,125,145,56,21,108,192,40,169,4,29,154,60,177,27,43,127,96,171,141,98,114,64,79,179,47,88,5,186,199,83,153,166,174,150,6,185,62,120,197,168,17,48,63];False
1827;7518;9345;[13,172,12,22,26,178,147,3,2,130,84,117,77,112,106,24,66,157,103,105,74,188,93,118,10,0,101,61,45,138,41,49,78,128,42,57,37,121,162,126,143,160,91,1,33,14,94,196,52,182,140,92,82,23,189,81,87,85,104,46,146,193,136,144,170,95,38,139,19,20,51,149,34,194,180,123,90,67,32,72,163,25,70,65,16,190,11,113,156,71,165,184,31,8,173,18,131,110,167,59,80,100,30,134,148,195,97,137,175,151,7,191,181,68,198,142,58,158,54,36,119,187,39,107,55,124,176,111,132,89,75,129,15,135,53,183,69,159,164,9,28,155,73,99,109,50,115,152,35,161,102,86,133,76,122,116,44,125,145,56,21,108,192,40,169,4,29,154,60,177,27,43,127,96,171,141,98,114,64,79,179,47,88,5,186,199,83,153,166,174,150,6,185,62,120,197,168,17,48,63];False
1852;7470;9322;[13,172,12,22,26,178,147,3,2,130,84,117,77,112,106,24,66,157,103,105,74,188,93,118,10,0,101,61,45,138,41,49,78,128,42,57,37,121,162,126,143,160,91,1,33,14,94,196,36,182,140,92,82,23,189,81,87,85,104,20,146,193,136,144,170,95,38,139,19,46,51,149,34,194,180,123,90,67,32,72,163,25,70,65,16,190,11,113,156,71,165,184,31,8,173,18,131,110,167,59,80,100,30,134,148,195,97,137,175,151,7,191,181,68,198,142,58,158,54,52,119,187,39,107,55,124,176,111,132,89,75,129,15,135,53,183,69,159,164,9,28,155,73,99,109,50,115,152,35,161,102,86,133,76,122,116,44,125,145,56,21,108,192,40,169,4,29,154,60,177,27,43,127,96,171,141,98,114,64,79,179,47,88,5,186,199,83,153,166,174,150,6,185,62,120,197,168,17,48,63];False
1838;7509;9347;[13,172,12,22,26,178,147,3,2,130,84,117,77,112,106,24,66,157,103,105,74,188,93,118,10,0,101,61,45,138,41,49,78,128,42,57,37,121,162,126,143,160,91,1,33,14,94,196,36,182,140,92,82,23,189,81,87,85,104,46,146,193,136,144,170,166,38,139,19,20,51,149,34,194,180,123,90,67,32,72,163,25,70,65,16,190,11,113,156,71,165,184,31,8,173,18,131,110,167,59,80,100,30,134,148,195,97,137,175,151,7,191,181,68,198,142,58,158,54,52,119,187,39,107,55,124,176,111,132,89,75,129,15,135,53,183,69,159,164,9,28,155,73,99,109,50,115,152,35,161,102,86,133,76,122,116,44,125,145,56,21,108,192,40,169,4,29,154,60,177,27,43,127,96,171,141,98,114,64,79,179,47,88,5,186,199,83,153,95,174,150,6,185,62,120,197,168,17,48,63];False
1834;7490;9324;[13,172,12,22,26,178,147,3,2,130,84,117,77,112,106,24,66,157,103,105,74,188,93,118,10,0,101,61,45,138,41,49,78,128,42,57,37,121,162,126,143,160,91,1,33,14,94,196,36,182,140,92,82,23,189,81,87,85,104,46,146,193,136,144,170,95,38,139,19,20,51,149,34,194,180,123,90,111,32,72,163,25,70,65,16,190,11,113,156,71,165,184,31,8,173,18,131,110,167,59,80,100,30,134,148,195,97,137,175,151,7,191,181,68,198,142,58,158,54,52,119,187,39,107,55,124,176,67,132,89,75,129,15,135,53,183,69,159,164,9,28,155,73,99,109,50,115,152,35,161,102,86,133,76,122,116,44,125,145,56,21,108,192,40,169,4,29,154,60,177,27,43,127,96,171,141,98,114,64,79,179,47,88,5,186,199,83,153,166,174,150,6,185,62,120,197,168,17,48,63];False
1830;7505;9335;[13,172,12,22,26,178,147,3,2,130,84,117,77,112,106,24,66,157,103,105,74,188,93,118,10,0,101,61,45,138,41,49,78,128,42,57,37,121,162,126,143,160,91,1,33,14,94,196,36,182,140,92,82,23,189,81,87,85,104,46,146,193,136,144,170,95,38,139,19,20,51,149,34,194,180,123,90,67,32,72,163,25,70,65,16,190,125,113,156,71,165,184,31,8,173,18,131,110,167,59,80,100,30,134,148,195,97,137,175,151,7,191,181,68,198,142,58,158,54,52,119,187,39,107,55,124,176,111,132,89,75,129,15,135,53,183,69,159,164,9,28,155,73,99,109,50,115,152,35,161,102,86,133,76,122,116,44,11,145,56,21,108,192,40,169,4,29,154,60,177,27,43,127,96,171,141,98,114,64,79,179,47,88,5,186,199,83,153,166,174,150,6,185,62,120,197,168,17,48,63];False
1811;7554;9365;[13,172,12,22,26,178,147,3,2,130,84,117,77,112,106,24,66,157,103,105,74,188,93,118,10,0,101,61,45,138,41,49,78,128,42,57,37,121,162,126,143,160,91,1,33,14,94,196,36,182,140,92,82,23,189,81,87,85,104,46,146,193,136,144,170,95,38,139,19,20,51,149,34,194,180,123,90,67,32,72,163,25,70,65,16,190,11,113,156,71,127,184,31,8,173,18,131,110,167,59,80,100,30,134,148,195,97,137,175,151,7,191,181,68,198,142,58,158,54,52,119,187,39,107,55,124,176,111,132,89,75,129,15,135,53,183,69,159,164,9,28,155,73,99,109,50,115,152,35,161,102,86,133,76,122,116,44,125,145,56,21,108,192,40,169,4,29,154,60,177,27,43,165,96,171,141,98,114,64,79,179,47,88,5,186,199,83,153,166,174,150,6,185,62,120,197,168,17,48,63];False
1837;7489;9326;[13,172,12,22,26,178,147,3,2,130,84,117,77,112,106,24,66,157,103,105,74,188,93,118,10,0,101,61,45,138,41,49,78,128,42,57,37,121,162,126,143,160,91,1,33,14,94,196,36,182,140,92,82,23,189,81,87,85,104,46,146,193,136,144,170,95,38,139,19,20,51,149,34,194,180,123,90,67,32,72,163,25,70,65,16,190,11,113,156,71,165,184,31,8,173,18,131,110,167,59,80,100,30,134,148,195,97,137,175,151,7,191,181,68,198,142,58,158,54,52,119,187,39,107,55,124,176,111,132,89,75,129,15,135,53,183,69,159,164,9,28,155,73,99,109,50,115,152,35,161,102,86,133,76,122,116,17,125,145,56,21,108,192,40,169,4,29,154,60,177,27,43,127,96,171,141,98,114,64,79,179,47,88,5,186,199,83,153,166,174,150,6,185,62,120,197,168,44,48,63];False
2156;7181;9337;[51,4,121,162,147,67,32,138,172,12,130,84,77,112,93,184,66,157,103,105,74,188,144,31,142,117,167,61,45,22,41,49,78,128,42,57,197,146,118,126,143,160,91,1,33,124,180,196,36,46,140,92,82,23,189,81,0,85,19,26,176,193,109,190,170,95,38,139,65,20,70,194,34,198,174,178,9,6,129,2,163,25,50,8,16,125,11,113,156,71,165,87,37,94,173,18,131,110,101,59,80,100,30,134,148,195,97,58,175,151,7,191,181,68,123,72,137,158,54,52,119,187,39,107,55,14,13,111,132,89,75,149,15,135,53,183,69,159,164,90,28,155,73,99,106,136,115,152,35,161,102,86,133,76,122,116,104,17,145,56,21,108,192,40,169,182,29,154,60,177,27,43,127,96,171,141,98,114,64,79,179,47,88,5,186,199,83,153,166,24,150,10,185,62,120,3,168,44,48,63];False
2158;7180;9338;[50,121,4,162,147,67,32,138,172,12,130,84,77,112,93,184,66,157,103,105,74,188,144,31,142,117,167,61,45,22,41,49,78,128,42,57,197,146,118,126,143,160,91,1,33,124,180,196,36,46,140,92,82,23,189,81,0,85,19,26,176,193,109,190,170,95,38,139,65,20,70,194,34,198,174,178,9,6,129,2,163,25,51,8,16,125,11,113,156,71,165,87,37,94,173,18,131,110,101,59,80,100,30,134,148,195,97,58,175,151,7,191,181,68,123,72,137,158,54,52,119,187,39,107,55,14,13,111,132,89,75,149,15,135,53,183,69,159,164,90,28,155,73,99,106,136,115,152,35,161,102,86,133,76,122,116,104,17,145,56,21,108,192,40,169,182,29,154,60,177,27,43,127,96,171,141,98,114,64,79,179,47,88,5,186,199,83,153,166,24,150,10,185,62,120,3,168,44,48,63];False
2198;7138;9336;[50,4,121,162,147,67,32,91,172,12,130,84,77,112,93,184,66,157,103,105,74,188,144,31,142,117,167,61,45,22,41,49,78,128,42,57,197,146,118,126,143,160,138,1,33,124,180,196,36,46,140,92,82,23,189,81,0,85,19,26,176,193,109,190,170,95,38,139,65,20,70,194,34,198,174,178,9,6,129,2,163,25,51,8,16,125,11,113,156,71,165,87,37,94,173,18,131,110,101,59,80,100,30,134,148,195,97,58,175,151,7,191,181,68,123,72,137,158,54,52,119,187,39,107,55,14,13,111,132,89,75,149,15,135,53,183,69,159,164,90,28,155,73,99,106,136,115,152,35,161,102,86,133,76,122,116,104,17,145,56,21,108,192,40,169,182,29,154,60,177,27,43,127,96,171,141,98,114,64,79,179,47,88,5,186,199,83,153,166,24,150,10,185,62,120,3,168,44,48,63];False
2170;7169;9339;[50,4,121,162,147,67,32,138,172,12,130,84,77,112,93,184,66,157,103,105,74,188,144,31,142,117,167,61,45,22,41,49,78,128,42,57,197,146,55,126,143,160,91,1,33,124,180,196,36,46,140,92,82,23,189,81,0,85,19,26,176,193,109,190,170,95,38,139,65,20,70,194,34,198,174,178,9,6,129,2,163,25,51,8,16,125,11,113,156,71,165,87,37,94,173,18,131,110,101,59,80,100,30,134,148,195,97,58,175,151,7,191,181,68,123,72,137,158,54,52,119,187,39,107,118,14,13,111,132,89,75,149,15,135,53,183,69,159,164,90,28,155,73,99,106,136,115,152,35,161,102,86,133,76,122,116,104,17,145,56,21,108,192,40,169,182,29,154,60,177,27,43,127,96,171,141,98,114,64,79,179,47,88,5,186,199,83,153,166,24,150,10,185,62,120,3,168,44,48,63];False
2174;7159;9333;[50,4,121,162,147,67,32,138,172,12,130,84,77,112,93,184,66,157,103,105,74,188,144,31,142,117,167,61,45,22,41,49,78,128,42,57,197,146,118,126,143,160,91,1,33,124,180,196,36,46,140,92,82,23,189,81,0,85,19,26,176,193,109,190,170,95,38,139,65,20,70,194,34,198,174,178,90,6,129,2,163,25,51,8,16,125,11,113,156,71,165,87,37,94,173,18,131,110,101,59,80,100,30,134,148,195,97,58,175,151,7,191,181,68,123,72,137,158,54,52,119,187,39,107,55,14,13,111,132,89,75,149,15,135,53,183,69,159,164,9,28,155,73,99,106,136,115,152,35,161,102,86,133,76,122,116,104,17,145,56,21,108,192,40,169,182,29,154,60,177,27,43,127,96,171,141,98,114,64,79,179,47,88,5,186,199,83,153,166,24,150,10,185,62,120,3,168,44,48,63];False
2169;7165;9334;[50,4,121,162,147,67,32,138,172,12,130,84,77,112,93,184,66,157,103,105,74,188,144,31,142,117,167,61,45,22,41,49,78,128,42,57,197,146,118,126,143,160,91,1,33,124,180,196,36,46,140,92,82,23,189,81,0,85,19,26,176,193,109,190,170,95,38,139,65,20,70,194,34,198,174,178,9,28,129,2,163,25,51,8,16,125,11,113,156,71,165,87,37,94,173,18,131,110,101,59,80,100,30,134,148,195,97,58,175,151,7,191,181,68,123,72,137,158,54,52,119,187,39,107,55,14,13,111,132,89,75,149,15,135,53,183,69,159,164,90,6,155,73,99,106,136,115,152,35,161,102,86,133,76,122,116,104,17,145,56,21,108,192,40,169,182,29,154,60,177,27,43,127,96,171,141,98,114,64,79,179,47,88,5,186,199,83,153,166,24,150,10,185,62,120,3,168,44,48,63];False
2192;7144;9336;[50,4,121,162,147,67,32,138,172,12,130,84,77,112,93,184,66,157,103,105,74,188,144,31,142,117,167,61,45,22,41,49,78,128,42,57,197,146,118,126,143,160,91,1,33,124,180,196,36,46,140,92,82,23,189,81,0,85,19,26,176,193,109,190,170,95,38,139,65,20,70,194,34,198,174,178,9,6,129,2,163,25,51,8,16,125,11,113,156,71,165,87,37,94,173,18,137,110,101,59,80,100,30,134,148,195,97,58,175,151,7,191,181,68,123,72,131,158,54,52,119,187,39,107,55,14,13,111,132,89,75,149,15,135,53,183,69,159,164,90,28,155,73,99,106,136,115,152,35,161,102,86,133,76,122,116,104,17,145,56,21,108,192,40,169,182,29,154,60,177,27,43,127,96,171,141,98,114,64,79,179,47,88,5,186,199,83,153,166,24,150,10,185,62,120,3,168,44,48,63];False
2178;7147;9325;[50,4,121,162,147,67,32,138,172,12,130,84,77,112,93,184,66,157,103,105,74,188,144,31,142,117,167,61,45,22,41,49,78,128,42,57,197,146,118,126,143,160,91,1,33,124,180,196,36,46,140,92,82,23,189,81,0,85,19,26,176,193,109,190,170,95,38,139,65,20,70,194,34,198,174,178,9,6,129,2,163,25,51,8,16,125,11,113,156,71,165,87,37,94,173,18,131,110,101,59,80,100,30,134,148,195,97,58,151,175,7,191,181,68,123,72,137,158,54,52,119,187,39,107,55,14,13,111,132,89,75,149,15,135,53,183,69,159,164,90,28,155,73,99,106,136,115,152,35,161,102,86,133,76,122,116,104,17,145,56,21,108,192,40,169,182,29,154,60,177,27,43,127,96,171,141,98,114,64,79,179,47,88,5,186,199,83,153,166,24,150,10,185,62,120,3,168,44,48,63];False
2153;7186;9339;[51,4,121,162,147,67,32,138,172,12,130,84,77,112,93,184,66,157,103,105,74,188,144,31,142,117,167,61,45,65,41,49,78,128,42,57,197,146,118,126,143,160,91,1,33,124,180,196,36,46,140,92,82,23,189,81,0,85,22,26,176,193,109,190,170,95,38,139,19,20,70,194,34,198,174,178,9,6,129,2,163,25,50,8,16,125,11,113,156,71,165,87,37,94,173,18,131,110,101,59,80,100,30,134,148,195,97,58,175,151,7,191,181,68,123,72,137,158,54,52,119,187,39,107,55,14,13,111,132,89,75,149,15,135,53,183,69,159,164,90,28,155,73,99,106,136,115,152,35,161,102,86,133,76,122,116,104,17,145,56,21,108,192,40,169,182,29,154,60,177,27,43,127,96,171,141,98,114,64,79,179,47,88,5,186,199,83,153,166,24,150,10,185,62,120,3,168,44,48,63];False
2155;7185;9340;[50,121,4,162,147,67,32,138,172,12,130,84,77,112,93,184,66,157,103,105,74,188,144,31,142,117,167,61,45,65,41,49,78,128,42,57,197,146,118,126,143,160,91,1,33,124,180,196,36,46,140,92,82,23,189,81,0,85,22,26,176,193,109,190,170,95,38,139,19,20,70,194,34,198,174,178,9,6,129,2,163,25,51,8,16,125,11,113,156,71,165,87,37,94,173,18,131,110,101,59,80,100,30,134,148,195,97,58,175,151,7,191,181,68,123,72,137,158,54,52,119,187,39,107,55,14,13,111,132,89,75,149,15,135,53,183,69,159,164,90,28,155,73,99,106,136,115,152,35,161,102,86,133,76,122,116,104,17,145,56,21,108,192,40,169,182,29,154,60,177,27,43,127,96,171,141,98,114,64,79,179,47,88,5,186,199,83,153,166,24,150,10,185,62,120,3,168,44,48,63];False
2195;7143;9338;[50,4,121,162,147,67,32,91,172,12,130,84,77,112,93,184,66,157,103,105,74,188,144,31,142,117,167,61,45,65,41,49,78,128,42,57,197,146,118,126,143,160,138,1,33,124,180,196,36,46,140,92,82,23,189,81,0,85,22,26,176,193,109,190,170,95,38,139,19,20,70,194,34,198,174,178,9,6,129,2,163,25,51,8,16,125,11,113,156,71,165,87,37,94,173,18,131,110,101,59,80,100,30,134,148,195,97,58,175,151,7,191,181,68,123,72,137,158,54,52,119,187,39,107,55,14,13,111,132,89,75,149,15,135,53,183,69,159,164,90,28,155,73,99,106,136,115,152,35,161,102,86,133,76,122,116,104,17,145,56,21,108,192,40,169,182,29,154,60,177,27,43,127,96,171,141,98,114,64,79,179,47,88,5,186,199,83,153,166,24,150,10,185,62,120,3,168,44,48,63];False
2167;7174;9341;[50,4,121,162,147,67,32,138,172,12,130,84,77,112,93,184,66,157,103,105,74,188,144,31,142,117,167,61,45,65,41,49,78,128,42,57,197,146,55,126,143,160,91,1,33,124,180,196,36,46,140,92,82,23,189,81,0,85,22,26,176,193,109,190,170,95,38,139,19,20,70,194,34,198,174,178,9,6,129,2,163,25,51,8,16,125,11,113,156,71,165,87,37,94,173,18,131,110,101,59,80,100,30,134,148,195,97,58,175,151,7,191,181,68,123,72,137,158,54,52,119,187,39,107,118,14,13,111,132,89,75,149,15,135,53,183,69,159,164,90,28,155,73,99,106,136,115,152,35,161,102,86,133,76,122,116,104,17,145,56,21,108,192,40,169,182,29,154,60,177,27,43,127,96,171,141,98,114,64,79,179,47,88,5,186,199,83,153,166,24,150,10,185,62,120,3,168,44,48,63];False
2171;7164;9335;[50,4,121,162,147,67,32,138,172,12,130,84,77,112,93,184,66,157,103,105,74,188,144,31,142,117,167,61,45,65,41,49,78,128,42,57,197,146,118,126,143,160,91,1,33,124,180,196,36,46,140,92,82,23,189,81,0,85,22,26,176,193,109,190,170,95,38,139,19,20,70,194,34,198,174,178,90,6,129,2,163,25,51,8,16,125,11,113,156,71,165,87,37,94,173,18,131,110,101,59,80,100,30,134,148,195,97,58,175,151,7,191,181,68,123,72,137,158,54,52,119,187,39,107,55,14,13,111,132,89,75,149,15,135,53,183,69,159,164,9,28,155,73,99,106,136,115,152,35,161,102,86,133,76,122,116,104,17,145,56,21,108,192,40,169,182,29,154,60,177,27,43,127,96,171,141,98,114,64,79,179,47,88,5,186,199,83,153,166,24,150,10,185,62,120,3,168,44,48,63];False
2166;7170;9336;[50,4,121,162,147,67,32,138,172,12,130,84,77,112,93,184,66,157,103,105,74,188,144,31,142,117,167,61,45,65,41,49,78,128,42,57,197,146,118,126,143,160,91,1,33,124,180,196,36,46,140,92,82,23,189,81,0,85,22,26,176,193,109,190,170,95,38,139,19,20,70,194,34,198,174,178,9,28,129,2,163,25,51,8,16,125,11,113,156,71,165,87,37,94,173,18,131,110,101,59,80,100,30,134,148,195,97,58,175,151,7,191,181,68,123,72,137,158,54,52,119,187,39,107,55,14,13,111,132,89,75,149,15,135,53,183,69,159,164,90,6,155,73,99,106,136,115,152,35,161,102,86,133,76,122,116,104,17,145,56,21,108,192,40,169,182,29,154,60,177,27,43,127,96,171,141,98,114,64,79,179,47,88,5,186,199,83,153,166,24,150,10,185,62,120,3,168,44,48,63];False
2175;7152;9327;[50,4,121,162,147,67,32,138,172,12,130,84,77,112,93,184,66,157,103,105,74,188,144,31,142,117,167,61,45,65,41,49,78,128,42,57,197,146,118,126,143,160,91,1,33,124,180,196,36,46,140,92,82,23,189,81,0,85,22,26,176,193,109,190,170,95,38,139,19,20,70,194,34,198,174,178,9,6,129,2,163,25,51,8,16,125,11,113,156,71,165,87,37,94,173,18,131,110,101,59,80,100,30,134,148,195,97,58,151,175,7,191,181,68,123,72,137,158,54,52,119,187,39,107,55,14,13,111,132,89,75,149,15,135,53,183,69,159,164,90,28,155,73,99,106,136,115,152,35,161,102,86,133,76,122,116,104,17,145,56,21,108,192,40,169,182,29,154,60,177,27,43,127,96,171,141,98,114,64,79,179,47,88,5,186,199,83,153,166,24,150,10,185,62,120,3,168,44,48,63];False
2173;7163;9336;[50,4,121,162,147,67,32,138,172,12,130,84,77,112,93,184,66,157,103,105,74,188,144,31,142,117,167,61,45,65,41,49,78,128,42,57,197,146,118,126,143,160,91,1,33,124,180,196,36,46,140,92,82,23,189,81,0,85,22,26,176,193,109,190,170,95,38,139,19,20,70,194,34,198,174,178,9,6,129,2,163,25,51,8,16,125,11,113,156,71,165,87,37,94,173,18,131,110,101,59,80,100,30,134,148,195,97,58,175,151,7,191,181,68,123,72,137,158,54,52,119,187,39,107,55,14,13,111,132,89,75,149,15,135,53,183,69,159,164,90,28,155,73,99,106,136,115,152,35,161,102,86,133,76,122,116,104,17,145,56,21,108,192,40,169,182,29,154,60,179,27,43,127,96,171,141,98,114,64,79,177,47,88,5,186,199,83,153,166,24,150,10,185,62,120,3,168,44,48,63];False
1810;7542;9352;[13,172,12,22,26,178,147,3,2,130,132,117,77,112,106,24,66,157,103,105,74,188,93,118,10,0,101,61,45,138,41,49,78,128,42,57,37,121,162,126,143,160,91,1,33,14,94,196,36,182,140,92,82,23,189,81,87,85,104,46,146,193,136,144,170,95,38,139,19,20,51,149,34,194,180,123,90,67,32,72,163,25,70,65,16,190,11,113,156,71,165,184,31,8,173,18,131,110,167,59,80,100,30,134,148,195,97,137,175,151,7,191,181,68,198,142,58,158,54,52,29,187,39,107,55,124,176,111,84,89,75,4,15,135,53,183,69,159,164,9,28,155,73,99,109,50,115,152,35,161,102,86,133,76,122,116,44,125,145,56,21,108,192,40,169,129,119,154,60,177,27,43,127,96,171,141,98,114,64,79,179,47,88,5,186,199,83,153,166,174,150,6,185,62,120,197,168,17,48,63];False
1838;7476;9314;[13,172,12,22,26,178,147,3,2,130,84,117,77,112,106,24,66,157,103,105,74,188,93,118,10,0,167,61,45,138,41,49,78,128,42,57,37,121,162,126,143,160,91,1,33,14,94,196,36,182,140,92,82,23,189,81,87,85,104,46,146,193,136,144,170,95,38,139,19,20,51,149,34,194,180,123,90,67,32,72,163,25,70,65,16,190,11,113,156,71,165,184,31,8,173,18,131,110,101,59,80,100,30,134,148,195,97,137,175,151,7,191,181,68,198,142,58,158,54,52,29,187,39,107,55,124,176,111,132,89,75,4,15,135,53,183,69,159,164,9,28,155,73,99,109,50,115,152,35,161,102,86,133,76,122,116,44,125,145,56,21,108,192,40,169,129,119,154,60,177,27,43,127,96,171,141,98,114,64,79,179,47,88,5,186,199,83,153,166,174,150,6,185,62,120,197,168,17,48,63];False
1806;7553;9359;[13,172,12,22,26,178,147,3,2,130,84,117,77,112,106,24,66,157,103,105,74,188,93,118,10,0,101,61,45,138,167,49,78,128,42,57,37,121,162,126,143,160,91,1,33,14,94,196,36,182,140,92,82,23,189,81,87,85,104,46,146,193,136,144,170,95,38,139,19,20,51,149,34,194,180,123,90,67,32,72,163,25,70,65,16,190,11,113,156,71,165,184,31,8,173,18,131,110,41,59,80,100,30,134,148,195,97,137,175,151,7,191,181,68,198,142,58,158,54,52,29,187,39,107,55,124,176,111,132,89,75,4,15,135,53,183,69,159,164,9,28,155,73,99,109,50,115,152,35,161,102,86,133,76,122,116,44,125,145,56,21,108,192,40,169,129,119,154,60,177,27,43,127,96,171,141,98,114,64,79,179,47,88,5,186,199,83,153,166,174,150,6,185,62,120,197,168,17,48,63];False
1793;7572;9365;[13,172,12,22,26,178,147,3,2,130,84,117,77,112,106,24,66,157,103,105,74,188,93,118,10,0,101,61,45,138,41,49,78,128,42,57,37,121,162,126,143,160,91,1,33,14,94,196,36,44,140,92,82,23,189,81,87,85,104,46,146,193,136,144,170,95,38,139,19,20,51,149,34,194,180,123,90,67,32,72,163,25,70,65,16,190,11,113,156,71,165,184,31,8,173,18,131,110,167,59,80,100,30,134,148,195,97,137,175,151,7,191,181,68,198,142,58,158,54,52,29,187,39,107,55,124,176,111,132,89,75,4,15,135,53,183,69,159,164,9,28,155,73,99,109,50,115,152,35,161,102,86,133,76,122,116,182,125,145,56,21,108,192,40,169,129,119,154,60,177,27,43,127,96,171,141,98,114,64,79,179,47,88,5,186,199,83,153,166,174,150,6,185,62,120,197,168,17,48,63];False
1820;7511;9331;[13,172,12,22,26,178,147,3,2,130,84,117,77,112,106,24,66,157,103,105,74,188,93,118,10,0,101,61,45,138,41,49,78,128,42,57,37,121,162,126,143,160,91,1,33,14,94,196,36,182,140,92,82,23,189,81,87,85,104,20,146,193,136,144,170,95,38,139,19,46,51,149,34,194,180,123,90,67,32,72,163,25,70,65,16,190,11,113,156,71,165,184,31,8,173,18,131,110,167,59,80,100,30,134,148,195,97,137,175,151,7,191,181,68,198,142,58,158,54,52,29,187,39,107,55,124,176,111,132,89,75,4,15,135,53,183,69,159,164,9,28,155,73,99,109,50,115,152,35,161,102,86,133,76,122,116,44,125,145,56,21,108,192,40,169,129,119,154,60,177,27,43,127,96,171,141,98,114,64,79,179,47,88,5,186,199,83,153,166,174,150,6,185,62,120,197,168,17,48,63];False
1806;7550;9356;[13,172,12,22,26,178,147,3,2,130,84,117,77,112,106,24,66,157,103,105,74,188,93,118,10,0,101,61,45,138,41,49,78,128,42,57,37,121,162,126,143,160,91,1,33,14,94,196,36,182,140,92,82,23,189,81,87,85,104,46,146,193,136,144,170,166,38,139,19,20,51,149,34,194,180,123,90,67,32,72,163,25,70,65,16,190,11,113,156,71,165,184,31,8,173,18,131,110,167,59,80,100,30,134,148,195,97,137,175,151,7,191,181,68,198,142,58,158,54,52,29,187,39,107,55,124,176,111,132,89,75,4,15,135,53,183,69,159,164,9,28,155,73,99,109,50,115,152,35,161,102,86,133,76,122,116,44,125,145,56,21,108,192,40,169,129,119,154,60,177,27,43,127,96,171,141,98,114,64,79,179,47,88,5,186,199,83,153,95,174,150,6,185,62,120,197,168,17,48,63];False
1829;7510;9339;[13,172,12,22,26,178,147,3,2,130,84,117,77,112,106,24,66,157,103,105,74,188,93,118,10,0,101,61,45,138,41,49,78,128,42,57,37,121,162,126,143,160,91,1,33,14,94,196,36,182,140,92,82,23,189,81,87,85,104,46,146,193,136,144,170,95,38,139,65,20,51,149,34,194,180,123,90,67,32,72,163,25,70,19,16,190,11,113,156,71,165,184,31,8,173,18,131,110,167,59,80,100,30,134,148,195,97,137,175,151,7,191,181,68,198,142,58,158,54,52,29,187,39,107,55,124,176,111,132,89,75,4,15,135,53,183,69,159,164,9,28,155,73,99,109,50,115,152,35,161,102,86,133,76,122,116,44,125,145,56,21,108,192,40,169,129,119,154,60,177,27,43,127,96,171,141,98,114,64,79,179,47,88,5,186,199,83,153,166,174,150,6,185,62,120,197,168,17,48,63];False
1802;7531;9333;[13,172,12,22,26,178,147,3,2,130,84,117,77,112,106,24,66,157,103,105,74,188,93,118,10,0,101,61,45,138,41,49,78,128,42,57,37,121,162,126,143,160,91,1,33,14,94,196,36,182,140,92,82,23,189,81,87,85,104,46,146,193,136,144,170,95,38,139,19,20,51,149,34,194,180,123,90,111,32,72,163,25,70,65,16,190,11,113,156,71,165,184,31,8,173,18,131,110,167,59,80,100,30,134,148,195,97,137,175,151,7,191,181,68,198,142,58,158,54,52,29,187,39,107,55,124,176,67,132,89,75,4,15,135,53,183,69,159,164,9,28,155,73,99,109,50,115,152,35,161,102,86,133,76,122,116,44,125,145,56,21,108,192,40,169,129,119,154,60,177,27,43,127,96,171,141,98,114,64,79,179,47,88,5,186,199,83,153,166,174,150,6,185,62,120,197,168,17,48,63];False
1798;7546;9344;[13,172,12,22,26,178,147,3,2,130,84,117,77,112,106,24,66,157,103,105,74,188,93,118,10,0,101,61,45,138,41,49,78,128,42,57,37,121,162,126,143,160,91,1,33,14,94,196,36,182,140,92,82,23,189,81,87,85,104,46,146,193,136,144,170,95,38,139,19,20,51,149,34,194,180,123,90,67,32,72,163,25,70,65,16,190,125,113,156,71,165,184,31,8,173,18,131,110,167,59,80,100,30,134,148,195,97,137,175,151,7,191,181,68,198,142,58,158,54,52,29,187,39,107,55,124,176,111,132,89,75,4,15,135,53,183,69,159,164,9,28,155,73,99,109,50,115,152,35,161,102,86,133,76,122,116,44,11,145,56,21,108,192,40,169,129,119,154,60,177,27,43,127,96,171,141,98,114,64,79,179,47,88,5,186,199,83,153,166,174,150,6,185,62,120,197,168,17,48,63];False
1779;7595;9374;[13,172,12,22,26,178,147,3,2,130,84,117,77,112,106,24,66,157,103,105,74,188,93,118,10,0,101,61,45,138,41,49,78,128,42,57,37,121,162,126,143,160,91,1,33,14,94,196,36,182,140,92,82,23,189,81,87,85,104,46,146,193,136,144,170,95,38,139,19,20,51,149,34,194,180,123,90,67,32,72,163,25,70,65,16,190,11,113,156,71,127,184,31,8,173,18,131,110,167,59,80,100,30,134,148,195,97,137,175,151,7,191,181,68,198,142,58,158,54,52,29,187,39,107,55,124,176,111,132,89,75,4,15,135,53,183,69,159,164,9,28,155,73,99,109,50,115,152,35,161,102,86,133,76,122,116,44,125,145,56,21,108,192,40,169,129,119,154,60,177,27,43,165,96,171,141,98,114,64,79,179,47,88,5,186,199,83,153,166,174,150,6,185,62,120,197,168,17,48,63];False
1794;7566;9360;[13,172,12,22,26,178,147,3,2,130,84,117,77,112,106,24,66,157,103,105,74,188,93,118,10,0,101,61,45,138,41,49,78,128,42,57,37,121,162,126,143,160,91,1,33,14,94,196,36,182,140,92,82,23,189,81,87,85,104,46,146,193,136,144,170,95,38,139,19,20,51,149,34,194,180,123,90,67,32,72,163,25,70,65,16,190,11,113,156,71,165,184,31,8,173,18,131,110,167,59,80,100,30,134,148,195,97,137,175,151,7,191,181,68,198,142,58,158,54,52,29,187,39,107,55,124,176,111,132,89,75,4,15,108,53,183,69,159,164,9,28,155,73,99,109,50,115,152,35,161,102,86,133,76,122,116,44,125,145,56,21,135,192,40,169,129,119,154,60,177,27,43,127,96,171,141,98,114,64,79,179,47,88,5,186,199,83,153,166,174,150,6,185,62,120,197,168,17,48,63];False
1805;7530;9335;[13,172,12,22,26,178,147,3,2,130,84,117,77,112,106,24,66,157,103,105,74,188,93,118,10,0,101,61,45,138,41,49,78,128,42,57,37,121,162,126,143,160,91,1,33,14,94,196,36,182,140,92,82,23,189,81,87,85,104,46,146,193,136,144,170,95,38,139,19,20,51,149,34,194,180,123,90,67,32,72,163,25,70,65,16,190,11,113,156,71,165,184,31,8,173,18,131,110,167,59,80,100,30,134,148,195,97,137,175,151,7,191,181,68,198,142,58,158,54,52,29,187,39,107,55,124,176,111,132,89,75,4,15,135,53,183,69,159,164,9,28,155,73,99,109,50,115,152,35,161,102,86,133,76,122,116,17,125,145,56,21,108,192,40,169,129,119,154,60,177,27,43,127,96,171,141,98,114,64,79,179,47,88,5,186,199,83,153,166,174,150,6,185,62,120,197,168,44,48,63];False
2174;7150;9324;[50,4,121,162,147,67,32,138,172,12,130,84,77,112,93,184,66,157,103,105,74,188,144,31,142,117,167,61,182,19,41,49,78,128,42,57,197,146,118,126,143,160,91,1,33,124,180,196,36,46,140,92,82,23,189,81,0,45,22,26,176,193,109,190,170,95,38,139,65,20,70,194,34,198,174,178,9,6,129,2,163,25,51,8,16,125,11,113,156,71,165,87,37,94,173,18,131,110,101,59,80,100,30,134,148,195,97,58,175,151,7,191,181,68,123,72,137,158,54,52,119,187,39,107,55,14,13,111,132,89,75,149,15,135,53,183,69,159,164,90,28,155,73,99,106,136,115,152,35,161,102,86,133,76,122,116,104,17,145,56,21,108,192,40,169,85,29,154,60,177,27,43,127,96,171,141,98,114,64,79,179,47,88,5,186,199,83,153,166,24,150,10,185,62,120,3,168,44,48,63];False
2210;7135;9345;[50,4,121,162,147,67,32,138,172,12,130,84,77,112,93,184,66,157,103,105,74,188,144,31,142,117,167,61,182,19,41,49,78,128,42,57,197,146,118,126,143,160,91,1,33,124,180,196,36,46,140,92,82,23,189,81,0,85,22,26,176,193,109,190,170,95,38,139,65,20,70,194,34,198,174,178,9,6,129,2,163,25,51,8,16,125,11,113,156,71,165,87,37,94,173,18,131,110,101,59,80,100,30,134,148,195,97,58,151,175,7,191,181,68,123,72,137,158,54,52,119,187,39,107,55,14,13,111,132,89,75,149,15,135,53,183,69,159,164,90,28,155,73,99,106,136,115,152,35,161,102,86,133,76,122,116,104,17,145,56,21,108,192,40,169,45,29,154,60,177,27,43,127,96,171,141,98,114,64,79,179,47,88,5,186,199,83,153,166,24,150,10,185,62,120,3,168,44,48,63];False
2251;7108;9359;[50,4,121,162,147,67,32,91,172,12,130,84,77,112,93,184,66,157,103,105,74,188,144,31,142,117,167,61,45,19,41,49,78,128,42,57,197,146,118,126,143,160,138,1,33,124,180,196,36,46,140,92,82,23,189,81,0,85,22,26,176,193,109,190,170,95,38,139,65,20,70,194,34,198,174,178,9,6,129,2,163,25,51,8,16,125,11,113,156,71,165,87,37,94,173,18,131,110,101,59,80,100,30,134,148,195,97,58,151,175,7,191,181,68,123,72,137,158,54,52,119,187,39,107,55,14,13,111,132,89,75,149,15,135,53,183,69,159,164,90,28,155,73,99,106,136,115,152,35,161,102,86,133,76,122,116,104,17,145,56,21,108,192,40,169,182,29,154,60,177,27,43,127,96,171,141,98,114,64,79,179,47,88,5,186,199,83,153,166,24,150,10,185,62,120,3,168,44,48,63];False
2348;7090;9438;[50,4,121,162,147,67,32,138,172,12,130,84,77,112,93,184,66,157,103,105,74,188,168,31,142,117,167,61,45,19,41,49,78,128,42,57,197,146,118,126,143,160,91,1,33,124,180,196,36,46,140,92,82,23,189,81,0,85,22,26,176,193,109,190,170,95,38,139,65,20,70,194,34,198,174,178,9,6,129,2,163,25,51,8,16,125,11,113,156,71,165,87,37,94,173,18,131,110,101,59,80,100,30,134,148,195,97,58,151,175,7,191,181,68,123,72,137,158,54,52,119,187,39,107,55,14,13,111,132,89,75,149,15,135,53,183,69,159,164,90,28,155,73,99,106,136,115,152,35,161,102,86,133,76,122,116,104,17,145,56,21,108,192,40,169,182,29,154,60,177,27,43,127,96,171,141,98,114,64,79,179,47,88,5,186,199,83,153,166,24,150,10,185,62,120,3,144,44,48,63];False
2321;7098;9419;[50,4,121,162,147,67,32,138,172,12,130,84,77,112,93,184,66,157,103,105,74,188,144,31,142,117,167,61,45,19,41,49,78,128,42,57,197,146,118,126,143,160,91,1,33,124,180,196,36,46,140,92,82,23,189,81,0,85,22,26,176,193,109,190,191,95,38,139,65,20,70,194,34,198,174,178,9,6,129,2,163,25,51,8,16,125,11,113,156,71,165,87,37,94,173,18,131,110,101,59,80,100,30,134,148,195,97,58,151,175,7,170,181,68,123,72,137,158,54,52,119,187,39,107,55,14,13,111,132,89,75,149,15,135,53,183,69,159,164,90,28,155,73,99,106,136,115,152,35,161,102,86,133,76,122,116,104,17,145,56,21,108,192,40,169,182,29,154,60,177,27,43,127,96,171,141,98,114,64,79,179,47,88,5,186,199,83,153,166,24,150,10,185,62,120,3,168,44,48,63];False
2289;7103;9392;[50,4,121,162,147,67,32,138,172,12,130,84,77,112,93,184,66,157,103,105,74,188,144,31,142,117,167,61,45,19,41,49,78,128,42,57,197,146,118,126,143,160,91,1,33,124,180,196,36,46,140,92,82,23,189,81,0,85,22,26,176,193,109,190,170,95,38,139,65,20,70,145,34,198,174,178,9,6,129,2,163,25,51,8,16,125,11,113,156,71,165,87,37,94,173,18,131,110,101,59,80,100,30,134,148,195,97,58,151,175,7,191,181,68,123,72,137,158,54,52,119,187,39,107,55,14,13,111,132,89,75,149,15,135,53,183,69,159,164,90,28,155,73,99,106,136,115,152,35,161,102,86,133,76,122,116,104,17,194,56,21,108,192,40,169,182,29,154,60,177,27,43,127,96,171,141,98,114,64,79,179,47,88,5,186,199,83,153,166,24,150,10,185,62,120,3,168,44,48,63];False
2307;7101;9408;[50,4,121,162,147,67,32,138,172,12,130,84,77,112,93,184,66,157,103,105,74,188,144,31,142,117,167,61,45,19,41,49,78,128,42,57,197,146,118,126,143,160,91,1,33,124,180,196,36,46,140,92,82,23,189,81,0,85,22,26,176,193,109,190,170,95,38,139,65,20,70,194,34,198,174,178,9,6,129,2,163,25,51,16,8,125,11,113,156,71,165,87,37,94,173,18,131,110,101,59,80,100,30,134,148,195,97,58,151,175,7,191,181,68,123,72,137,158,54,52,119,187,39,107,55,14,13,111,132,89,75,149,15,135,53,183,69,159,164,90,28,155,73,99,106,136,115,152,35,161,102,86,133,76,122,116,104,17,145,56,21,108,192,40,169,182,29,154,60,177,27,43,127,96,171,141,98,114,64,79,179,47,88,5,186,199,83,153,166,24,150,10,185,62,120,3,168,44,48,63];False
2245;7114;9359;[50,4,121,162,147,67,32,138,172,12,130,84,77,112,93,184,66,157,103,105,74,188,144,31,142,117,167,61,45,19,41,49,78,128,42,57,197,146,118,126,143,160,91,1,33,124,180,196,36,46,140,92,82,23,189,81,0,85,22,26,176,193,109,190,170,95,38,139,65,20,70,194,34,198,174,178,9,6,129,2,163,25,51,8,16,125,11,113,156,71,165,87,37,94,173,18,137,110,101,59,80,100,30,134,148,195,97,58,151,175,7,191,181,68,123,72,131,158,54,52,119,187,39,107,55,14,13,111,132,89,75,149,15,135,53,183,69,159,164,90,28,155,73,99,106,136,115,152,35,161,102,86,133,76,122,116,104,17,145,56,21,108,192,40,169,182,29,154,60,177,27,43,127,96,171,141,98,114,64,79,179,47,88,5,186,199,83,153,166,24,150,10,185,62,120,3,168,44,48,63];False
2326;7095;9421;[50,4,121,162,147,67,32,138,172,12,130,84,77,112,93,184,66,157,103,105,74,188,144,31,142,117,167,61,45,19,41,49,78,128,42,57,197,146,118,126,143,160,91,1,33,124,180,196,36,46,140,92,82,23,189,81,0,85,22,26,176,193,109,190,170,95,38,139,65,20,70,194,34,198,174,178,9,6,129,2,163,25,51,8,16,125,11,113,156,71,165,87,37,94,173,18,131,110,101,59,80,100,30,134,148,195,97,58,151,175,7,191,181,68,123,72,137,158,62,52,119,187,39,107,55,14,13,111,132,89,75,149,15,135,53,183,69,159,164,90,28,155,73,99,106,136,115,152,35,161,102,86,133,76,122,116,104,17,145,56,21,108,192,40,169,182,29,154,60,177,27,43,127,96,171,141,98,114,64,79,179,47,88,5,186,199,83,153,166,24,150,10,185,54,120,3,168,44,48,63];False
2432;7072;9504;[50,4,121,162,147,67,32,138,172,12,130,84,77,112,93,184,66,157,103,105,74,188,144,31,142,117,167,61,45,19,41,49,78,128,42,57,197,146,118,126,143,160,91,1,33,124,180,196,36,46,140,92,82,23,189,81,0,85,22,26,176,193,109,190,170,95,38,139,65,20,70,194,34,198,174,178,9,6,129,2,163,25,51,8,16,125,11,113,156,71,165,87,37,94,173,18,131,110,101,59,80,100,30,134,148,195,97,58,151,175,7,191,181,68,123,72,137,158,54,52,119,187,39,107,55,14,13,111,132,89,75,149,15,135,53,183,69,159,164,90,28,155,73,99,106,136,115,152,35,161,102,86,133,76,122,116,104,17,168,56,21,108,192,40,169,182,29,154,60,177,27,43,127,96,171,141,98,114,64,79,179,47,88,5,186,199,83,153,166,24,150,10,185,62,120,3,145,44,48,63];False
2300;7098;9398;[50,4,28,162,147,67,32,91,172,12,130,84,77,112,93,184,66,157,103,105,74,188,144,31,142,117,167,61,45,19,41,49,78,128,42,57,197,146,118,126,143,160,138,1,33,124,180,196,36,46,140,92,82,23,189,81,0,85,22,26,176,193,109,190,170,95,38,139,65,20,70,194,34,198,174,178,9,6,129,2,163,25,51,8,16,125,11,113,156,71,165,87,37,94,173,18,131,110,101,59,80,100,30,134,148,195,97,58,175,151,7,191,181,68,123,72,137,158,54,52,119,187,39,107,55,14,13,111,132,89,75,149,15,135,53,183,69,159,164,90,121,155,73,99,106,136,115,152,35,161,102,86,133,76,122,116,104,17,145,56,21,108,192,40,169,182,29,154,60,177,27,43,127,96,171,141,98,114,64,79,179,47,88,5,186,199,83,153,166,24,150,10,185,62,120,3,168,44,48,63];False
2274;7106;9380;[50,4,121,162,147,67,32,91,172,12,130,84,77,112,93,46,66,157,103,105,74,188,144,31,142,117,167,61,45,19,41,49,78,128,42,57,197,146,118,126,143,160,138,1,33,124,180,196,36,184,140,92,82,23,189,81,0,85,22,26,176,193,109,190,170,95,38,139,65,20,70,194,34,198,174,178,9,6,129,2,163,25,51,8,16,125,11,113,156,71,165,87,37,94,173,18,131,110,101,59,80,100,30,134,148,195,97,58,175,151,7,191,181,68,123,72,137,158,54,52,119,187,39,107,55,14,13,111,132,89,75,149,15,135,53,183,69,159,164,90,28,155,73,99,106,136,115,152,35,161,102,86,133,76,122,116,104,17,145,56,21,108,192,40,169,182,29,154,60,177,27,43,127,96,171,141,98,114,64,79,179,47,88,5,186,199,83,153,166,24,150,10,185,62,120,3,168,44,48,63];False
2368;7081;9449;[50,4,121,162,147,67,32,91,172,12,130,84,77,112,93,184,66,157,103,105,74,188,168,31,142,117,167,61,45,19,41,49,78,128,42,57,197,146,118,126,143,160,138,1,33,124,180,196,36,46,140,92,82,23,189,81,0,85,22,26,176,193,109,190,170,95,38,139,65,20,70,194,34,198,174,178,9,6,129,2,163,25,51,8,16,125,11,113,156,71,165,87,37,94,173,18,131,110,101,59,80,100,30,134,148,195,97,58,175,151,7,191,181,68,123,72,137,158,54,52,119,187,39,107,55,14,13,111,132,89,75,149,15,135,53,183,69,159,164,90,28,155,73,99,106,136,115,152,35,161,102,86,133,76,122,116,104,17,145,56,21,108,192,40,169,182,29,154,60,177,27,43,127,96,171,141,98,114,64,79,179,47,88,5,186,199,83,153,166,24,150,10,185,62,120,3,144,44,48,63];False
2341;7089;9430;[50,4,121,162,147,67,32,91,172,12,130,84,77,112,93,184,66,157,103,105,74,188,144,31,142,117,167,61,45,19,41,49,78,128,42,57,197,146,118,126,143,160,138,1,33,124,180,196,36,46,140,92,82,23,189,81,0,85,22,26,176,193,109,190,191,95,38,139,65,20,70,194,34,198,174,178,9,6,129,2,163,25,51,8,16,125,11,113,156,71,165,87,37,94,173,18,131,110,101,59,80,100,30,134,148,195,97,58,175,151,7,170,181,68,123,72,137,158,54,52,119,187,39,107,55,14,13,111,132,89,75,149,15,135,53,183,69,159,164,90,28,155,73,99,106,136,115,152,35,161,102,86,133,76,122,116,104,17,145,56,21,108,192,40,169,182,29,154,60,177,27,43,127,96,171,141,98,114,64,79,179,47,88,5,186,199,83,153,166,24,150,10,185,62,120,3,168,44,48,63];False
2312;7094;9406;[50,4,121,162,147,67,32,91,172,12,130,84,77,112,93,184,66,157,103,105,74,188,144,31,142,117,167,61,45,19,41,49,78,128,42,57,197,146,118,126,143,160,138,1,33,124,180,196,36,46,140,92,82,23,189,81,0,85,22,26,176,193,109,190,170,95,38,139,65,20,51,194,34,198,174,178,9,6,129,2,163,25,70,8,16,125,11,113,156,71,165,87,37,94,173,18,131,110,101,59,80,100,30,134,148,195,97,58,175,151,7,191,181,68,123,72,137,158,54,52,119,187,39,107,55,14,13,111,132,89,75,149,15,135,53,183,69,159,164,90,28,155,73,99,106,136,115,152,35,161,102,86,133,76,122,116,104,17,145,56,21,108,192,40,169,182,29,154,60,177,27,43,127,96,171,141,98,114,64,79,179,47,88,5,186,199,83,153,166,24,150,10,185,62,120,3,168,44,48,63];False
2309;7094;9403;[50,4,121,162,147,67,32,91,172,12,130,84,77,112,93,184,66,157,103,105,74,188,144,31,142,117,167,61,45,19,41,49,78,128,42,57,197,146,118,126,143,160,138,1,33,124,180,196,36,46,140,92,82,23,189,81,0,85,22,26,176,193,109,190,170,95,38,139,65,20,70,145,34,198,174,178,9,6,129,2,163,25,51,8,16,125,11,113,156,71,165,87,37,94,173,18,131,110,101,59,80,100,30,134,148,195,97,58,175,151,7,191,181,68,123,72,137,158,54,52,119,187,39,107,55,14,13,111,132,89,75,149,15,135,53,183,69,159,164,90,28,155,73,99,106,136,115,152,35,161,102,86,133,76,122,116,104,17,194,56,21,108,192,40,169,182,29,154,60,177,27,43,127,96,171,141,98,114,64,79,179,47,88,5,186,199,83,153,166,24,150,10,185,62,120,3,168,44,48,63];False
2327;7092;9419;[50,4,121,162,147,67,32,91,172,12,130,84,77,112,93,184,66,157,103,105,74,188,144,31,142,117,167,61,45,19,41,49,78,128,42,57,197,146,118,126,143,160,138,1,33,124,180,196,36,46,140,92,82,23,189,81,0,85,22,26,176,193,109,190,170,95,38,139,65,20,70,194,34,198,174,178,9,6,129,2,163,25,51,16,8,125,11,113,156,71,165,87,37,94,173,18,131,110,101,59,80,100,30,134,148,195,97,58,175,151,7,191,181,68,123,72,137,158,54,52,119,187,39,107,55,14,13,111,132,89,75,149,15,135,53,183,69,159,164,90,28,155,73,99,106,136,115,152,35,161,102,86,133,76,122,116,104,17,145,56,21,108,192,40,169,182,29,154,60,177,27,43,127,96,171,141,98,114,64,79,179,47,88,5,186,199,83,153,166,24,150,10,185,62,120,3,168,44,48,63];False
2265;7105;9370;[50,4,121,162,147,67,32,91,172,12,130,84,77,112,93,184,66,157,103,105,74,188,144,31,142,117,167,61,45,19,41,49,78,128,42,57,197,146,118,126,143,160,138,1,33,124,180,196,36,46,140,92,82,23,189,81,0,85,22,26,176,193,109,190,170,95,38,139,65,20,70,194,34,198,174,178,9,6,129,2,163,25,51,8,16,125,11,113,156,71,165,87,37,94,173,18,137,110,101,59,80,100,30,134,148,195,97,58,175,151,7,191,181,68,123,72,131,158,54,52,119,187,39,107,55,14,13,111,132,89,75,149,15,135,53,183,69,159,164,90,28,155,73,99,106,136,115,152,35,161,102,86,133,76,122,116,104,17,145,56,21,108,192,40,169,182,29,154,60,177,27,43,127,96,171,141,98,114,64,79,179,47,88,5,186,199,83,153,166,24,150,10,185,62,120,3,168,44,48,63];False
2346;7086;9432;[50,4,121,162,147,67,32,91,172,12,130,84,77,112,93,184,66,157,103,105,74,188,144,31,142,117,167,61,45,19,41,49,78,128,42,57,197,146,118,126,143,160,138,1,33,124,180,196,36,46,140,92,82,23,189,81,0,85,22,26,176,193,109,190,170,95,38,139,65,20,70,194,34,198,174,178,9,6,129,2,163,25,51,8,16,125,11,113,156,71,165,87,37,94,173,18,131,110,101,59,80,100,30,134,148,195,97,58,175,151,7,191,181,68,123,72,137,158,62,52,119,187,39,107,55,14,13,111,132,89,75,149,15,135,53,183,69,159,164,90,28,155,73,99,106,136,115,152,35,161,102,86,133,76,122,116,104,17,145,56,21,108,192,40,169,182,29,154,60,177,27,43,127,96,171,141,98,114,64,79,179,47,88,5,186,199,83,153,166,24,150,10,185,54,120,3,168,44,48,63];False
2452;7063;9515;[50,4,121,162,147,67,32,91,172,12,130,84,77,112,93,184,66,157,103,105,74,188,144,31,142,117,167,61,45,19,41,49,78,128,42,57,197,146,118,126,143,160,138,1,33,124,180,196,36,46,140,92,82,23,189,81,0,85,22,26,176,193,109,190,170,95,38,139,65,20,70,194,34,198,174,178,9,6,129,2,163,25,51,8,16,125,11,113,156,71,165,87,37,94,173,18,131,110,101,59,80,100,30,134,148,195,97,58,175,151,7,191,181,68,123,72,137,158,54,52,119,187,39,107,55,14,13,111,132,89,75,149,15,135,53,183,69,159,164,90,28,155,73,99,106,136,115,152,35,161,102,86,133,76,122,116,104,17,168,56,21,108,192,40,169,182,29,154,60,177,27,43,127,96,171,141,98,114,64,79,179,47,88,5,186,199,83,153,166,24,150,10,185,62,120,3,145,44,48,63];False
2252;7106;9358;[50,4,121,162,147,67,32,138,172,12,130,84,77,112,93,184,66,157,103,105,74,188,144,31,142,117,167,61,45,19,41,49,78,128,42,57,197,146,118,126,143,160,91,1,33,124,180,196,36,46,140,92,82,23,189,81,0,85,22,26,176,193,109,190,170,95,38,139,65,20,70,194,34,198,174,178,9,6,129,2,163,25,51,8,16,125,11,113,156,71,165,87,37,94,173,18,86,110,101,59,80,100,30,134,148,195,97,58,175,151,7,191,181,68,123,72,131,158,54,52,119,187,39,107,55,14,13,111,132,89,75,149,15,135,53,183,69,159,164,90,28,155,73,99,106,136,115,152,35,161,102,137,133,76,122,116,104,17,145,56,21,108,192,40,169,182,29,154,60,177,27,43,127,96,171,141,98,114,64,79,179,47,88,5,186,199,83,153,166,24,150,10,185,62,120,3,168,44,48,63];False
2230;7116;9346;[50,4,121,162,147,67,32,138,172,12,130,84,77,112,93,184,66,157,103,105,74,188,144,31,142,117,167,61,45,19,41,49,78,128,42,57,197,146,118,126,143,160,91,1,33,124,180,196,36,46,140,92,82,23,189,81,0,85,22,26,176,193,109,190,170,95,38,139,65,20,70,194,34,198,174,178,9,6,129,2,163,25,51,8,16,125,11,113,156,71,165,87,37,94,173,18,137,175,101,59,80,100,30,134,148,195,97,58,110,151,7,191,181,68,123,72,131,158,54,52,119,187,39,107,55,14,13,111,132,89,75,149,15,135,53,183,69,159,164,90,28,155,73,99,106,136,115,152,35,161,102,86,133,76,122,116,104,17,145,56,21,108,192,40,169,182,29,154,60,177,27,43,127,96,171,141,98,114,64,79,179,47,88,5,186,199,83,153,166,24,150,10,185,62,120,3,168,44,48,63];False
2446;7069;9515;[50,4,121,162,147,67,32,138,172,12,130,84,77,112,93,184,66,157,103,105,74,188,144,31,142,117,167,61,45,19,41,49,78,128,42,57,197,146,118,126,143,160,91,1,33,124,180,196,36,46,140,92,82,23,189,81,0,85,22,26,176,193,109,190,170,95,38,139,65,20,70,194,34,198,174,178,9,6,129,2,163,25,51,8,16,125,11,113,156,71,165,87,37,94,173,18,137,110,101,59,80,100,30,134,148,195,97,58,175,151,7,191,181,68,123,72,131,158,54,52,119,187,39,107,55,14,13,111,132,89,75,149,15,135,53,183,69,159,164,90,28,155,73,99,106,136,115,152,35,161,102,86,133,76,122,116,104,17,168,56,21,108,192,40,169,182,29,154,60,177,27,43,127,96,171,141,98,114,64,79,179,47,88,5,186,199,83,153,166,24,150,10,185,62,120,3,145,44,48,63];False
1760;7627;9387;[104,172,12,22,81,93,147,3,2,130,84,117,77,112,193,24,66,157,103,105,74,188,144,118,10,0,101,61,45,138,41,88,78,128,42,57,37,121,162,126,143,160,91,1,33,124,94,196,36,46,140,92,82,23,189,49,87,106,136,26,146,159,9,190,170,95,38,139,19,20,51,149,34,194,180,123,176,67,32,72,163,25,70,65,16,125,11,113,156,71,165,184,31,8,173,18,131,110,167,59,80,100,30,134,148,195,97,137,175,151,7,191,181,68,198,142,58,158,54,52,29,187,39,107,85,14,13,111,132,89,75,4,15,135,53,183,69,178,164,90,28,155,73,99,109,50,115,152,35,161,102,86,133,76,122,116,17,55,145,56,21,108,192,40,169,129,119,154,60,177,27,43,127,96,171,141,98,114,64,79,179,47,182,83,186,199,5,153,166,174,150,6,185,62,120,197,168,44,48,63];False
1756;7632;9388;[37,172,12,22,81,93,147,3,2,130,84,117,77,112,193,24,66,157,103,105,74,188,144,118,10,0,101,61,45,138,41,88,104,128,42,57,87,121,162,126,143,160,91,1,33,124,94,196,36,46,140,92,82,23,189,49,178,106,136,26,146,159,35,78,170,95,38,139,19,20,51,149,34,194,180,123,176,67,32,72,163,25,70,65,16,125,11,113,156,71,165,184,31,8,173,18,131,110,167,59,80,100,30,134,148,195,97,137,175,151,7,191,181,68,198,142,58,158,54,52,29,187,39,107,85,14,13,111,132,89,75,4,15,135,53,183,69,190,164,90,28,155,73,99,109,50,115,152,43,161,102,86,133,76,122,116,17,55,145,56,21,108,192,40,169,129,119,154,60,177,27,185,127,96,171,141,98,114,64,79,179,47,182,5,186,199,83,153,166,174,150,6,9,62,120,197,168,44,48,63];False
1792;7580;9372;[37,172,12,22,81,93,147,3,2,130,84,117,77,112,193,24,66,157,103,105,74,188,144,118,10,0,167,61,45,138,41,88,104,128,42,57,87,121,162,126,143,160,91,1,33,124,94,196,36,46,140,92,82,23,189,49,178,106,136,26,146,159,35,78,170,95,38,139,19,20,51,149,34,194,180,123,176,67,32,72,163,25,70,65,16,125,11,113,156,71,165,184,8,31,173,18,131,110,101,59,80,100,30,134,148,195,97,137,175,151,7,191,181,68,198,142,58,158,54,52,29,187,39,107,85,14,13,111,132,89,75,4,15,135,53,183,69,190,164,90,28,155,73,99,109,50,115,152,43,161,102,86,133,76,122,116,17,55,145,56,21,108,192,40,169,129,119,154,60,177,27,185,127,96,171,141,98,114,64,79,179,47,182,5,186,199,83,153,166,174,150,6,9,62,120,197,168,44,48,63];False
1778;7599;9377;[37,172,12,22,81,93,147,3,2,130,84,117,77,112,193,24,66,157,103,105,74,188,144,118,10,0,167,61,45,138,41,88,104,128,42,57,87,121,162,126,143,160,91,1,33,124,94,196,36,46,140,92,82,23,189,49,178,106,136,26,146,159,35,78,170,95,38,139,19,20,51,149,34,194,180,123,176,67,32,72,163,25,70,65,16,125,11,113,156,71,165,184,31,8,173,18,131,110,101,59,80,100,30,134,148,195,97,137,175,151,7,191,181,68,198,142,58,158,54,52,29,187,39,107,85,14,13,111,132,89,75,4,15,135,53,183,69,190,164,90,28,155,73,99,109,50,115,152,43,161,102,86,133,76,122,116,17,55,145,56,21,108,192,40,169,129,119,154,60,179,27,185,127,96,171,141,98,114,64,79,177,47,182,5,186,199,83,153,166,174,150,6,9,62,120,197,168,44,48,63];False
1785;7578;9363;[37,172,12,22,81,93,147,3,2,130,84,117,77,112,193,24,66,157,103,105,74,188,144,118,10,0,167,61,45,138,41,88,104,128,42,57,87,121,162,126,143,160,91,1,33,124,94,196,36,46,140,92,82,23,189,49,178,106,136,26,146,159,35,78,170,95,38,139,19,20,51,149,34,194,180,123,176,67,32,72,163,25,70,65,16,125,11,113,156,71,165,184,31,8,173,18,131,110,101,59,80,100,30,134,148,195,97,137,175,151,7,191,181,68,198,142,58,158,54,52,29,187,39,107,85,14,13,111,132,89,75,4,15,135,53,183,69,190,164,90,28,155,73,99,109,50,115,152,43,161,102,86,133,76,122,116,17,55,145,56,21,108,192,40,169,129,119,154,60,177,27,185,127,96,171,141,98,114,64,79,179,47,182,83,186,199,5,153,166,174,150,6,9,62,120,197,168,44,48,63];False
1737;7682;9419;[194,180,123,22,26,178,120,3,2,130,84,117,77,112,31,29,66,157,103,105,74,188,144,118,147,0,101,61,45,138,167,172,78,128,42,57,37,121,162,126,143,160,91,1,33,124,94,196,36,182,140,92,82,23,189,81,87,85,104,20,146,193,109,93,170,95,38,139,19,50,51,149,34,127,175,12,49,67,32,72,137,25,70,65,16,190,11,113,156,71,165,184,125,8,173,18,131,110,41,59,80,100,30,134,148,195,97,58,6,43,7,191,181,68,198,142,163,158,54,52,119,187,39,107,55,14,13,197,132,89,75,4,15,135,53,183,69,159,164,90,28,155,73,99,106,136,115,152,35,176,9,86,133,76,122,116,161,46,145,56,21,108,192,40,169,129,24,154,60,177,27,151,111,96,171,141,98,114,64,79,179,47,88,5,186,199,83,153,166,174,150,10,185,62,44,102,168,17,48,63];False
1725;7696;9421;[125,180,123,22,26,178,120,3,2,130,84,117,77,112,31,29,66,157,103,105,74,188,144,118,147,0,101,61,45,138,167,172,78,128,42,57,37,121,162,126,143,160,91,1,33,124,94,196,36,182,140,92,82,23,189,81,87,85,104,20,146,193,109,93,170,95,38,139,19,194,51,149,34,127,175,12,49,67,32,72,137,25,70,65,16,190,11,113,156,71,165,184,50,8,173,18,131,110,41,59,80,100,30,134,148,195,97,58,6,43,7,191,181,68,198,142,163,158,54,52,119,187,39,107,55,14,13,197,132,89,75,4,15,135,53,183,69,159,164,90,28,155,73,99,106,136,115,152,35,176,9,86,133,76,122,116,161,46,145,56,21,108,192,40,169,129,24,154,60,177,27,151,111,96,171,141,98,114,64,79,179,47,88,5,186,199,83,153,166,174,150,10,185,62,44,102,168,17,48,63];False
1717;7672;9389;[50,180,12,22,26,178,120,3,2,130,84,117,77,112,31,29,66,157,103,105,74,188,144,118,147,0,101,61,45,138,167,172,78,128,42,57,37,121,162,126,143,160,91,1,33,124,94,196,36,182,140,92,82,23,189,81,87,85,104,20,146,193,109,93,170,95,38,139,19,194,51,149,34,127,175,123,49,67,32,72,137,25,70,65,16,190,11,113,156,71,165,184,125,8,173,18,131,110,41,59,80,100,30,134,148,195,97,58,6,43,7,191,181,68,198,142,163,158,54,52,119,187,39,107,55,14,13,197,132,89,75,4,15,135,53,183,69,159,164,90,28,155,73,99,106,136,115,152,35,176,9,86,133,76,122,116,161,46,145,56,21,108,192,40,169,129,24,154,60,177,27,151,111,96,171,141,98,114,64,79,179,47,88,5,186,199,83,153,166,174,150,10,185,62,44,102,168,17,48,63];False
1758;7628;9386;[50,180,123,22,26,178,120,3,2,130,84,117,77,112,31,29,66,157,103,105,74,188,144,118,147,0,101,61,45,138,167,172,86,128,42,57,37,121,162,126,143,160,91,1,33,124,94,196,36,182,140,92,82,23,189,81,87,85,104,20,146,193,109,93,170,95,38,139,19,194,51,149,34,127,175,12,49,67,32,72,137,25,70,65,16,190,11,113,156,71,165,184,125,8,173,18,131,110,41,59,80,100,30,134,148,195,97,58,6,43,7,191,181,68,198,142,163,158,54,52,119,187,39,107,55,14,13,197,132,89,75,4,15,135,53,183,69,159,164,90,28,155,73,99,106,136,115,152,35,176,9,78,133,76,122,116,161,46,145,56,21,108,192,40,169,129,24,154,60,177,27,151,111,96,171,141,98,114,64,79,179,47,88,5,186,199,83,153,166,174,150,10,185,62,44,102,168,17,48,63];False
1741;7610;9351;[50,180,123,22,26,178,120,3,2,130,84,117,77,112,31,29,66,157,103,105,74,188,144,118,147,0,101,61,45,138,167,172,78,128,42,57,37,121,162,126,143,160,91,1,33,124,94,196,36,182,140,92,82,23,189,81,87,85,104,20,146,193,109,93,170,95,38,139,19,194,102,149,34,127,175,12,49,67,32,72,137,25,70,65,16,190,11,113,156,71,165,184,125,8,173,18,131,110,41,59,80,100,30,134,148,195,97,58,6,43,7,191,181,68,198,142,163,158,54,52,119,187,39,107,55,14,13,197,132,89,75,4,15,135,53,183,69,159,164,90,28,155,73,99,106,136,115,152,35,176,9,86,133,76,122,116,161,46,145,56,21,108,192,40,169,129,24,154,60,177,27,151,111,96,171,141,98,114,64,79,179,47,88,5,186,199,83,153,166,174,150,10,185,62,44,51,168,17,48,63];False
1737;7667;9404;[50,180,123,22,26,178,120,3,2,130,84,117,77,112,31,29,66,157,103,105,74,188,144,118,147,0,101,61,45,138,167,172,78,128,42,57,37,121,162,126,143,160,91,1,33,124,94,196,36,182,140,92,82,23,189,81,87,85,104,20,146,193,109,93,170,95,38,139,19,194,51,149,34,127,175,12,49,67,32,72,137,25,70,65,16,190,186,113,156,71,165,184,125,8,173,18,131,110,41,59,80,100,30,134,148,195,97,58,6,43,7,191,181,68,198,142,163,158,54,52,119,187,39,107,55,14,13,197,132,89,75,4,15,135,53,183,69,159,164,90,28,155,73,99,106,136,115,152,35,176,9,86,133,76,122,116,161,46,145,56,21,108,192,40,169,129,24,154,60,177,27,151,111,96,171,141,98,114,64,79,179,47,88,5,11,199,83,153,166,174,150,10,185,62,44,102,168,17,48,63];False
1736;7663;9399;[50,180,123,22,26,178,120,3,2,130,84,117,77,112,31,29,66,157,103,105,74,188,144,118,147,0,101,61,45,138,167,172,78,128,42,57,37,121,162,126,143,160,91,1,33,124,94,196,36,182,140,92,82,23,189,81,87,85,104,20,146,193,109,93,170,95,38,139,19,194,51,149,34,127,175,12,49,67,32,72,137,25,70,65,16,190,11,113,156,71,165,184,125,8,173,18,131,110,41,59,80,100,30,134,148,195,97,58,6,43,7,191,181,68,198,142,163,158,54,52,119,187,39,107,55,14,13,197,132,89,75,4,15,135,53,183,69,159,164,90,28,155,73,99,106,136,115,152,35,176,9,86,133,76,122,116,161,46,145,56,21,108,192,40,169,129,24,154,60,179,27,151,111,96,171,141,98,114,64,79,177,47,88,5,186,199,83,153,166,174,150,10,185,62,44,102,168,17,48,63];False
2406;7076;9482;[50,4,121,162,147,67,32,138,172,12,130,84,77,112,93,184,66,157,103,105,74,188,168,31,142,117,167,61,45,19,41,49,78,128,42,57,197,146,118,126,143,160,91,1,33,124,180,196,36,46,140,92,82,23,189,81,0,85,22,26,176,193,109,190,170,95,38,139,65,20,70,145,34,198,174,178,9,6,129,2,163,25,51,8,16,125,11,113,156,71,165,87,37,94,173,18,131,110,101,59,80,100,30,134,148,195,97,58,175,151,7,191,181,68,123,72,137,158,54,52,119,187,39,107,55,14,13,111,132,89,75,149,15,135,53,183,69,159,164,90,28,155,73,99,106,136,115,152,35,161,102,86,133,76,122,116,104,17,194,56,21,108,192,40,169,182,29,154,60,177,27,43,127,96,171,141,98,114,64,79,179,47,88,5,186,199,83,153,166,24,150,10,185,62,120,3,144,44,48,63];False
2319;7089;9408;[50,4,121,162,147,67,32,138,172,12,130,84,77,112,93,184,66,157,103,105,74,188,144,31,142,117,167,61,45,70,41,49,78,128,42,57,197,146,118,126,143,160,91,1,33,124,180,196,36,46,140,92,82,23,189,81,0,85,22,26,176,193,109,190,170,95,38,139,65,20,19,145,34,198,174,178,9,6,129,2,163,25,51,8,16,125,11,113,156,71,165,87,37,94,173,18,131,110,101,59,80,100,30,134,148,195,97,58,175,151,7,191,181,68,123,72,137,158,54,52,119,187,39,107,55,14,13,111,132,89,75,149,15,135,53,183,69,159,164,90,28,155,73,99,106,136,115,152,35,161,102,86,133,76,122,116,104,17,194,56,21,108,192,40,169,182,29,154,60,177,27,43,127,96,171,141,98,114,64,79,179,47,88,5,186,199,83,153,166,24,150,10,185,62,120,3,168,44,48,63];False
2269;7100;9369;[50,4,121,162,147,67,32,138,172,12,130,84,77,112,93,184,66,157,103,105,74,188,144,31,142,117,167,61,45,19,41,49,78,128,42,57,197,146,118,126,143,160,91,1,33,124,180,196,36,46,140,92,82,23,189,81,0,85,22,26,176,193,109,190,170,95,38,139,65,20,51,145,34,198,174,178,9,6,129,2,163,25,70,8,16,125,11,113,156,71,165,87,37,94,173,18,131,110,101,59,80,100,30,134,148,195,97,58,175,151,7,191,181,68,123,72,137,158,54,52,119,187,39,107,55,14,13,111,132,89,75,149,15,135,53,183,69,159,164,90,28,155,73,99,106,136,115,152,35,161,102,86,133,76,122,116,104,17,194,56,21,108,192,40,169,182,29,154,60,177,27,43,127,96,171,141,98,114,64,79,179,47,88,5,186,199,83,153,166,24,150,10,185,62,120,3,168,44,48,63];False
1683;7725;9408;[9,180,12,22,26,178,120,3,2,130,84,117,77,112,31,29,66,157,103,105,74,188,144,118,147,0,101,61,45,138,167,172,78,128,42,57,37,121,162,126,143,160,91,1,33,124,94,196,36,182,140,92,82,23,189,81,87,85,104,20,146,193,109,93,170,95,38,139,19,194,102,149,34,127,175,123,49,67,32,72,137,25,70,65,16,190,11,113,156,71,165,184,125,8,173,18,131,110,41,59,80,100,30,134,148,195,97,58,6,43,7,191,181,68,198,142,163,158,54,52,119,187,39,107,55,14,13,197,132,89,75,4,15,135,53,183,69,159,164,90,28,155,73,99,106,136,115,152,35,176,50,86,133,76,122,116,161,46,145,56,21,108,192,40,169,129,24,154,60,177,27,151,111,96,171,141,98,114,64,79,179,47,88,5,186,199,83,153,166,174,150,10,185,62,44,51,168,17,48,63];False
1723;7668;9391;[9,180,123,22,26,178,120,3,2,130,84,117,77,112,31,29,66,157,103,105,74,188,144,118,147,0,101,61,45,138,167,172,86,128,42,57,37,121,162,126,143,160,91,1,33,124,94,196,36,182,140,92,82,23,189,81,87,85,104,20,146,193,109,93,170,95,38,139,19,194,102,149,34,127,175,12,49,67,32,72,137,25,70,65,16,190,11,113,156,71,165,184,125,8,173,18,131,110,41,59,80,100,30,134,148,195,97,58,6,43,7,191,181,68,198,142,163,158,54,52,119,187,39,107,55,14,13,197,132,89,75,4,15,135,53,183,69,159,164,90,28,155,73,99,106,136,115,152,35,176,50,78,133,76,122,116,161,46,145,56,21,108,192,40,169,129,24,154,60,177,27,151,111,96,171,141,98,114,64,79,179,47,88,5,186,199,83,153,166,174,150,10,185,62,44,51,168,17,48,63];False
1716;7701;9417;[9,180,123,22,26,178,120,3,2,130,84,117,77,112,31,29,66,157,103,105,74,188,144,118,147,0,101,61,45,138,167,172,78,128,42,57,37,121,162,126,143,160,91,1,33,124,94,196,36,182,140,92,82,23,189,81,87,85,104,20,146,193,109,93,170,95,38,139,19,194,102,149,34,127,175,12,49,67,32,72,137,25,70,65,16,190,195,113,156,71,165,184,125,8,173,18,131,110,41,59,80,100,30,134,148,11,97,58,6,43,7,191,181,68,198,142,163,158,54,52,119,187,39,107,55,14,13,197,132,89,75,4,15,135,53,183,69,159,164,90,28,155,73,99,106,136,115,152,35,176,50,86,133,76,122,116,161,46,145,56,21,108,192,40,169,129,24,154,60,177,27,151,111,96,171,141,98,114,64,79,179,47,88,5,186,199,83,153,166,174,150,10,185,62,44,51,168,17,48,63];False
1703;7720;9423;[9,180,123,22,26,178,120,3,2,130,84,117,77,112,31,29,66,157,103,105,74,188,144,118,147,0,101,61,45,138,167,172,78,128,42,57,37,121,162,126,143,160,91,1,33,124,94,196,36,182,140,92,82,23,189,81,87,85,104,20,146,193,109,93,170,95,38,139,19,194,102,149,34,127,175,12,49,67,32,72,137,25,70,65,16,190,186,113,156,71,165,184,125,8,173,18,131,110,41,59,80,100,30,134,148,195,97,58,6,43,7,191,181,68,198,142,163,158,54,52,119,187,39,107,55,14,13,197,132,89,75,4,15,135,53,183,69,159,164,90,28,155,73,99,106,136,115,152,35,176,50,86,133,76,122,116,161,46,145,56,21,108,192,40,169,129,24,154,60,177,27,151,111,96,171,141,98,114,64,79,179,47,88,5,11,199,83,153,166,174,150,10,185,62,44,51,168,17,48,63];False
1702;7716;9418;[9,180,123,22,26,178,120,3,2,130,84,117,77,112,31,29,66,157,103,105,74,188,144,118,147,0,101,61,45,138,167,172,78,128,42,57,37,121,162,126,143,160,91,1,33,124,94,196,36,182,140,92,82,23,189,81,87,85,104,20,146,193,109,93,170,95,38,139,19,194,102,149,34,127,175,12,49,67,32,72,137,25,70,65,16,190,11,113,156,71,165,184,125,8,173,18,131,110,41,59,80,100,30,134,148,195,97,58,6,43,7,191,181,68,198,142,163,158,54,52,119,187,39,107,55,14,13,197,132,89,75,4,15,135,53,183,69,159,164,90,28,155,73,99,106,136,115,152,35,176,50,86,133,76,122,116,161,46,145,56,21,108,192,40,169,129,24,154,60,179,27,151,111,96,171,141,98,114,64,79,177,47,88,5,186,199,83,153,166,174,150,10,185,62,44,51,168,17,48,63];False
1625;7814;9439;[180,172,12,22,26,178,120,3,2,130,106,117,77,112,31,29,66,157,103,44,74,188,93,164,100,0,101,61,45,55,126,185,78,128,42,57,37,121,162,146,118,10,91,1,33,124,94,196,36,182,140,92,82,23,189,81,87,85,104,20,167,193,136,144,62,95,38,139,19,194,51,149,34,127,175,123,90,67,32,72,137,25,170,65,16,125,11,113,156,71,165,184,143,8,173,18,131,110,41,59,80,147,30,134,148,195,97,58,6,43,7,191,181,68,198,142,163,158,54,52,119,187,39,107,138,14,13,197,132,89,75,4,15,135,53,183,69,159,9,105,28,155,73,99,84,70,115,152,35,161,102,86,133,76,122,116,49,46,145,56,21,108,192,40,169,129,24,154,60,177,27,151,111,96,171,141,98,114,64,79,179,47,88,5,186,199,83,153,166,174,150,160,190,109,176,50,168,17,48,63];False
1649;7796;9445;[180,172,12,22,26,178,120,3,2,130,84,117,77,112,31,24,66,157,103,44,74,188,93,164,100,0,101,61,45,55,126,185,78,128,42,57,37,121,162,146,118,10,91,1,33,124,94,196,36,182,140,92,82,23,189,81,87,85,104,20,167,193,136,144,62,95,38,139,19,194,51,149,34,127,175,123,90,67,32,72,137,25,170,65,16,125,11,113,156,71,165,184,143,8,173,18,131,110,41,59,80,147,30,134,148,195,97,58,6,43,7,191,181,68,198,142,163,158,54,52,119,187,39,107,138,14,13,197,132,89,75,4,15,135,53,183,69,159,9,105,28,155,73,99,106,70,115,152,35,161,102,86,133,76,122,116,49,46,145,56,21,108,192,40,169,129,29,154,60,177,27,151,111,96,171,141,98,114,64,79,179,47,88,5,186,199,83,153,166,174,150,160,190,109,176,50,168,17,48,63];False
1650;7792;9442;[180,172,12,22,26,178,120,3,2,130,84,117,77,112,31,29,66,157,103,188,74,44,93,164,100,0,101,61,45,55,126,185,78,128,42,57,37,121,162,146,118,10,91,1,33,124,94,196,36,182,140,92,82,23,189,81,87,85,104,20,167,193,136,144,62,95,38,139,19,194,51,149,34,127,175,123,90,67,32,72,137,25,170,65,16,125,11,113,156,71,165,184,143,8,173,18,131,110,41,59,80,147,30,134,148,195,97,58,6,43,7,191,181,68,198,142,163,158,54,52,119,187,39,107,138,14,13,197,132,89,75,4,15,135,53,183,69,159,9,105,28,155,73,99,106,70,115,152,35,161,102,86,133,76,122,116,49,46,145,56,21,108,192,40,169,129,24,154,60,177,27,151,111,96,171,141,98,114,64,79,179,47,88,5,186,199,83,153,166,174,150,160,190,109,176,50,168,17,48,63];False
1654;7755;9409;[180,172,12,22,26,178,120,3,2,130,84,117,77,112,31,29,66,157,103,44,74,188,93,164,100,0,101,61,45,138,126,185,78,128,42,57,37,121,162,146,118,10,91,1,33,124,94,196,36,182,140,92,82,23,189,81,87,85,104,20,167,193,136,144,62,95,38,139,19,194,51,149,34,127,175,123,90,67,32,72,137,25,170,65,16,125,11,113,156,71,165,184,143,8,173,18,131,110,41,59,80,147,30,134,148,195,97,58,6,43,7,191,181,68,198,142,163,158,54,52,119,187,39,107,55,14,13,197,132,89,75,4,15,135,53,183,69,159,9,105,28,155,73,99,106,70,115,152,35,161,102,86,133,76,122,116,49,46,145,56,21,108,192,40,169,129,24,154,60,177,27,151,111,96,171,141,98,114,64,79,179,47,88,5,186,199,83,153,166,174,150,160,190,109,176,50,168,17,48,63];True
1633;7802;9435;[180,172,12,22,26,178,120,3,2,130,84,117,77,112,31,29,66,157,103,44,74,188,93,164,100,0,101,61,45,55,126,185,78,128,42,57,37,121,162,146,118,10,91,1,33,124,94,196,52,182,140,92,82,23,189,81,87,85,104,20,167,193,136,144,62,95,38,139,19,194,51,149,34,127,175,123,90,67,32,72,137,25,170,65,16,125,11,113,156,71,165,184,143,8,173,18,131,110,41,59,80,147,30,134,148,195,97,58,6,43,7,191,181,68,198,142,163,158,54,36,119,187,39,107,138,14,13,197,132,89,75,4,15,135,53,183,69,159,9,105,28,155,73,99,106,70,115,152,35,161,102,86,133,76,122,116,49,46,145,56,21,108,192,40,169,129,24,154,60,177,27,151,111,96,171,141,98,114,64,79,179,47,88,5,186,199,83,153,166,174,150,160,190,109,176,50,168,17,48,63];False
1630;7806;9436;[180,172,12,22,26,178,120,3,2,130,84,117,77,112,31,29,66,157,103,44,74,188,93,164,100,0,101,61,45,55,126,185,78,128,42,57,37,121,162,146,118,10,91,1,33,124,94,196,36,182,140,92,82,23,189,81,87,85,104,20,167,193,136,144,181,95,38,139,19,194,51,149,34,127,175,123,90,67,32,72,137,25,170,65,16,125,11,113,156,71,165,184,143,8,173,18,131,110,41,59,80,147,30,134,148,195,97,58,6,43,7,191,62,68,198,142,163,158,54,52,119,187,39,107,138,14,13,197,132,89,75,4,15,135,53,183,69,159,9,105,28,155,73,99,106,70,115,152,35,161,102,86,133,76,122,116,49,46,145,56,21,108,192,40,169,129,24,154,60,177,27,151,111,96,171,141,98,114,64,79,179,47,88,5,186,199,83,153,166,174,150,160,190,109,176,50,168,17,48,63];False
1682;7747;9429;[180,172,12,22,26,178,120,3,2,130,84,117,77,112,31,29,66,157,103,44,74,188,93,164,100,0,101,61,45,55,126,185,78,128,42,57,37,121,162,146,118,10,91,1,33,124,94,196,36,182,140,92,82,23,189,81,87,85,104,20,167,193,136,144,62,95,38,139,19,194,51,149,34,127,175,123,90,67,32,72,163,25,170,65,16,125,11,113,156,71,165,184,143,8,173,18,131,110,41,59,80,147,30,134,148,195,97,58,6,43,7,191,181,68,198,142,137,158,54,52,119,187,39,107,138,14,13,197,132,89,75,4,15,135,53,183,69,159,9,105,28,155,73,99,106,70,115,152,35,161,102,86,133,76,122,116,49,46,145,56,21,108,192,40,169,129,24,154,60,177,27,151,111,96,171,141,98,114,64,79,179,47,88,5,186,199,83,153,166,174,150,160,190,109,176,50,168,17,48,63];False
1646;7795;9441;[180,172,12,22,26,178,120,3,2,130,84,117,77,112,31,29,66,157,103,44,74,188,93,164,100,0,101,61,45,55,126,185,78,128,42,57,37,121,162,146,118,10,91,1,33,124,94,196,36,182,140,92,82,23,189,81,87,85,104,20,167,193,136,144,62,95,38,139,19,194,51,149,34,127,175,123,90,67,32,72,137,25,170,65,16,125,11,113,156,71,165,184,143,8,173,18,131,110,41,59,80,147,30,134,148,195,97,58,6,43,7,191,181,68,198,142,163,158,54,52,119,187,39,107,138,14,13,197,132,89,75,4,15,135,53,183,69,159,9,105,28,155,73,99,106,70,115,152,186,161,102,86,133,76,122,116,49,46,145,56,21,108,192,40,169,129,24,154,60,177,27,151,111,96,171,141,98,114,64,79,179,47,88,5,35,199,83,153,166,174,150,160,190,109,176,50,168,17,48,63];False
1647;7778;9425;[180,172,12,22,26,178,120,3,2,130,84,117,77,112,31,29,66,157,103,44,74,188,93,164,100,0,101,61,45,55,126,185,78,128,42,57,37,121,162,146,118,10,91,1,33,124,94,196,36,182,140,92,82,23,189,81,87,85,104,20,167,193,136,144,62,95,38,139,19,194,51,149,34,127,175,123,90,67,32,72,137,25,170,65,16,125,11,113,156,71,165,184,143,8,173,18,131,110,41,59,80,147,30,134,148,195,97,58,6,43,7,191,181,68,198,142,163,158,54,52,119,187,39,107,138,14,13,197,132,89,75,4,15,135,53,183,69,159,9,105,28,155,73,99,106,70,115,152,35,49,102,86,133,76,122,116,161,46,145,56,21,108,192,40,169,129,24,154,60,177,27,151,111,96,171,141,98,114,64,79,179,47,88,5,186,199,83,153,166,174,150,160,190,109,176,50,168,17,48,63];False
1648;7776;9424;[180,172,12,22,26,178,120,3,2,130,84,117,77,112,31,29,66,157,103,44,74,188,93,164,100,0,101,61,45,55,126,185,78,128,42,57,37,121,162,146,118,10,91,1,33,124,94,196,36,182,140,92,82,23,189,81,87,85,104,20,167,193,136,144,62,95,38,139,19,194,51,149,34,127,175,123,90,67,32,72,137,25,170,65,16,125,11,113,156,71,165,184,143,8,173,18,131,110,41,59,80,147,30,134,148,195,97,58,6,43,7,191,181,68,198,142,163,158,54,52,119,187,39,107,138,14,13,197,132,89,75,4,15,135,53,183,69,159,9,105,28,155,73,99,106,70,115,152,35,161,102,86,133,76,122,116,49,46,145,56,21,108,192,40,169,129,24,154,60,179,27,151,111,96,171,141,98,114,64,79,177,47,88,5,186,199,83,153,166,174,150,160,190,109,176,50,168,17,48,63];False
2429;7074;9503;[50,21,180,178,9,37,94,118,172,132,130,117,77,112,93,184,66,157,103,105,74,188,144,174,149,195,167,61,45,138,41,49,78,128,42,57,3,121,162,126,143,160,91,1,33,124,147,196,36,46,140,31,82,23,189,81,0,85,22,26,176,193,109,190,170,95,38,139,65,20,51,142,34,198,146,4,84,67,32,72,163,25,70,19,16,125,11,113,156,71,165,87,194,8,173,18,131,110,101,59,80,100,30,134,148,2,97,58,175,151,7,191,181,68,123,6,137,158,54,52,119,187,39,107,55,14,13,111,12,89,75,129,15,135,53,183,69,159,164,90,28,155,73,99,106,136,115,152,35,161,102,86,133,76,122,116,104,17,145,56,92,108,192,40,169,182,29,154,60,177,27,43,127,96,171,141,98,114,64,79,179,47,88,5,186,199,83,153,166,24,150,10,185,62,120,197,168,44,48,63];False
2405;7078;9483;[50,21,180,178,9,37,94,118,172,12,130,117,77,112,93,46,66,157,103,105,74,188,144,174,149,195,167,61,45,138,41,49,78,128,42,57,3,121,162,126,143,160,91,1,33,124,147,196,36,184,140,31,82,23,189,81,0,85,22,26,176,193,109,190,170,95,38,139,65,20,51,142,34,198,146,4,84,67,32,72,163,25,70,19,16,125,11,113,156,71,165,87,194,8,173,18,131,110,101,59,80,100,30,134,148,2,97,58,175,151,7,191,181,68,123,6,137,158,54,52,119,187,39,107,55,14,13,111,132,89,75,129,15,135,53,183,69,159,164,90,28,155,73,99,106,136,115,152,35,161,102,86,133,76,122,116,104,17,145,56,92,108,192,40,169,182,29,154,60,177,27,43,127,96,171,141,98,114,64,79,179,47,88,5,186,199,83,153,166,24,150,10,185,62,120,197,168,44,48,63];False
2472;7061;9533;[50,21,180,178,9,37,94,118,172,12,130,117,77,112,93,184,66,157,103,105,74,188,144,174,149,195,167,61,45,138,41,49,78,128,42,57,3,121,162,126,143,160,91,1,33,124,147,196,36,46,140,31,82,23,189,81,0,85,22,26,176,193,109,190,191,95,38,139,65,20,51,142,34,198,146,4,84,67,32,72,163,25,70,19,16,125,11,113,156,71,165,87,194,8,173,18,131,110,101,59,80,100,30,134,148,2,97,58,175,151,7,170,181,68,123,6,137,158,54,52,119,187,39,107,55,14,13,111,132,89,75,129,15,135,53,183,69,159,164,90,28,155,73,99,106,136,115,152,35,161,102,86,133,76,122,116,104,17,145,56,92,108,192,40,169,182,29,154,60,177,27,43,127,96,171,141,98,114,64,79,179,47,88,5,186,199,83,153,166,24,150,10,185,62,120,197,168,44,48,63];False
2416;7072;9488;[50,21,180,178,9,37,94,118,172,12,130,117,77,112,93,184,66,157,103,105,74,188,144,174,149,195,167,61,45,138,41,49,78,128,42,57,3,121,162,126,143,160,91,1,33,124,147,196,36,46,140,31,82,23,189,81,0,85,22,26,176,193,109,190,170,95,38,139,65,20,51,53,34,198,146,4,84,67,32,72,163,25,70,19,16,125,11,113,156,71,165,87,194,8,173,18,131,110,101,59,80,100,30,134,148,2,97,58,175,151,7,191,181,68,123,6,137,158,54,52,119,187,39,107,55,14,13,111,132,89,75,129,15,135,142,183,69,159,164,90,28,155,73,99,106,136,115,152,35,161,102,86,133,76,122,116,104,17,145,56,92,108,192,40,169,182,29,154,60,177,27,43,127,96,171,141,98,114,64,79,179,47,88,5,186,199,83,153,166,24,150,10,185,62,120,197,168,44,48,63];False
2419;7057;9476;[50,21,180,178,9,37,94,118,172,12,130,117,77,112,93,184,66,157,103,105,74,188,144,174,149,195,167,61,45,138,41,49,78,128,42,57,3,121,162,126,143,160,91,1,33,124,147,196,36,46,140,31,82,23,189,81,0,85,22,26,176,193,109,190,170,95,38,139,65,20,51,142,34,198,146,4,84,67,32,72,163,25,70,19,145,125,11,113,156,71,165,87,194,8,173,18,131,110,101,59,80,100,30,134,148,2,97,58,175,151,7,191,181,68,123,6,137,158,54,52,119,187,39,107,55,14,13,111,132,89,75,129,15,135,53,183,69,159,164,90,28,155,73,99,106,136,115,152,35,161,102,86,133,76,122,116,104,17,16,56,92,108,192,40,169,182,29,154,60,177,27,43,127,96,171,141,98,114,64,79,179,47,88,5,186,199,83,153,166,24,150,10,185,62,120,197,168,44,48,63];False
2481;7053;9534;[50,21,180,178,9,37,94,118,172,12,130,117,77,112,93,184,66,157,103,105,74,188,144,174,149,195,167,61,45,138,41,49,78,128,42,57,3,121,162,126,143,160,91,1,33,124,147,196,36,46,140,31,82,23,189,81,0,85,22,26,176,193,109,190,170,95,38,139,65,20,51,142,34,198,146,4,84,67,32,72,163,25,70,19,16,125,11,113,156,71,165,87,145,8,173,18,131,110,101,59,80,100,30,134,148,2,97,58,175,151,7,191,181,68,123,6,137,158,54,52,119,187,39,107,55,14,13,111,132,89,75,129,15,135,53,183,69,159,164,90,28,155,73,99,106,136,115,152,35,161,102,86,133,76,122,116,104,17,194,56,92,108,192,40,169,182,29,154,60,177,27,43,127,96,171,141,98,114,64,79,179,47,88,5,186,199,83,153,166,24,150,10,185,62,120,197,168,44,48,63];False
2382;7080;9462;[50,21,180,178,9,37,94,118,172,12,130,117,77,112,93,184,66,157,103,105,74,188,144,174,149,195,167,61,45,138,41,49,78,128,42,57,3,121,162,126,143,160,91,1,33,124,147,196,36,46,140,31,82,23,189,81,0,85,22,26,176,193,109,190,170,95,38,139,65,20,51,142,34,198,146,4,84,67,32,72,163,25,70,19,16,125,11,113,156,71,165,87,194,8,173,18,131,110,101,59,80,100,30,134,148,2,97,58,151,175,7,191,181,68,123,6,137,158,54,52,119,187,39,107,55,14,13,111,132,89,75,129,15,135,53,183,69,159,164,90,28,155,73,99,106,136,115,152,35,161,102,86,133,76,122,116,104,17,145,56,92,108,192,40,169,182,29,154,60,177,27,43,127,96,171,141,98,114,64,79,179,47,88,5,186,199,83,153,166,24,150,10,185,62,120,197,168,44,48,63];False
1564;7954;9518;[198,155,29,187,141,119,148,83,130,107,105,146,118,178,192,183,104,50,53,162,173,18,154,120,24,197,15,135,34,159,82,134,121,10,123,90,41,22,38,14,168,17,94,60,49,153,185,127,39,57,9,28,129,8,93,46,55,165,42,166,59,36,23,12,54,151,175,7,117,44,78,171,81,52,150,140,92,100,58,79,177,95,167,61,181,65,76,5,27,133,96,157,138,45,188,87,66,126,99,86,112,40,51,106,143,160,80,71,69,190,43,128,85,164,111,195,25,37,145,139,33,13,137,158,182,109,21,73,6,56,63,31,142,115,152,102,186,113,196,89,26,176,72,74,4,97,131,0,199,62,1,189,108,84,124,174,184,161,156,147,3,169,191,11,194,180,163,170,103,91,35,125,149,32,98,114,68,116,20,67,193,16,136,144,70,19,64,101,122,172,77,2,110,30,179,47,132,75,88,48];False
1511;7989;9500;[198,155,29,187,141,119,148,128,130,107,105,146,118,178,192,183,104,50,53,162,173,18,154,120,24,197,15,135,34,159,82,134,121,10,123,90,41,22,38,14,168,17,94,60,49,153,185,127,39,57,9,28,129,8,93,46,55,165,42,166,59,36,23,12,54,151,175,83,117,44,78,171,81,52,150,140,92,100,58,79,177,95,167,61,181,65,76,5,27,133,96,157,138,45,188,87,66,126,99,86,112,40,51,106,143,160,80,71,69,190,43,7,85,164,111,195,25,37,145,139,33,13,137,158,182,109,21,73,6,56,63,31,142,115,152,102,186,113,196,89,26,176,72,74,4,97,131,0,199,62,1,189,108,84,124,174,184,161,156,147,3,169,191,11,194,180,163,170,103,91,35,125,149,32,98,114,68,116,20,67,193,16,136,144,70,19,64,101,122,172,77,2,110,30,179,47,132,75,88,48];False
1537;7952;9489;[198,155,29,187,141,119,148,7,130,107,105,146,118,33,192,183,104,50,53,162,173,18,154,120,24,197,15,135,34,159,82,134,121,10,123,90,41,22,38,14,168,17,94,60,49,153,185,127,39,57,9,28,129,8,93,46,55,165,42,166,59,36,23,12,54,151,175,83,117,44,78,171,81,52,150,140,92,100,58,79,177,95,167,61,181,65,76,5,27,133,96,157,138,45,188,87,66,126,99,86,112,40,51,106,143,160,80,71,69,190,43,128,85,164,111,195,25,37,145,139,178,13,137,158,182,109,21,73,6,56,63,31,142,115,152,102,186,113,196,89,26,176,72,74,4,97,131,0,199,62,1,189,108,84,124,174,184,161,156,147,3,169,191,11,194,180,163,170,103,91,35,125,149,32,98,114,68,116,20,67,193,16,136,144,70,19,64,101,122,172,77,2,110,30,179,47,132,75,88,48];False
1564;7936;9500;[198,155,29,187,141,119,148,7,130,107,105,146,118,178,192,183,51,50,53,162,173,18,154,120,24,197,15,135,34,159,82,134,121,10,123,90,41,22,38,14,168,17,94,60,49,153,185,127,39,57,9,28,129,8,93,46,55,165,42,166,59,36,23,12,54,151,175,83,117,44,78,171,81,52,150,140,92,100,58,79,177,95,167,61,181,65,76,5,27,133,96,157,138,45,188,87,66,126,99,86,112,40,104,106,143,160,80,71,69,190,43,128,85,164,111,195,25,37,145,139,33,13,137,158,182,109,21,73,6,56,63,31,142,115,152,102,186,113,196,89,26,176,72,74,4,97,131,0,199,62,1,189,108,84,124,174,184,161,156,147,3,169,191,11,194,180,163,170,103,91,35,125,149,32,98,114,68,116,20,67,193,16,136,144,70,19,64,101,122,172,77,2,110,30,179,47,132,75,88,48];False
1516;7972;9488;[198,155,29,187,141,119,148,7,130,107,105,146,118,178,192,183,104,17,53,162,173,18,154,120,24,197,15,135,34,159,82,134,121,10,123,90,41,22,38,14,168,50,94,60,49,153,185,127,39,57,9,28,129,8,93,46,55,165,42,166,59,36,23,12,54,151,175,83,117,44,78,171,81,52,150,140,92,100,58,79,177,95,167,61,181,65,76,5,27,133,96,157,138,45,188,87,66,126,99,86,112,40,51,106,143,160,80,71,69,190,43,128,85,164,111,195,25,37,145,139,33,13,137,158,182,109,21,73,6,56,63,31,142,115,152,102,186,113,196,89,26,176,72,74,4,97,131,0,199,62,1,189,108,84,124,174,184,161,156,147,3,169,191,11,194,180,163,170,103,91,35,125,149,32,98,114,68,116,20,67,193,16,136,144,70,19,64,101,122,172,77,2,110,30,179,47,132,75,88,48];False
1546;7904;9450;[198,155,29,187,141,119,148,7,130,107,105,146,118,178,192,183,104,50,53,162,173,18,154,120,24,197,15,135,34,159,76,134,121,10,123,90,41,22,38,14,168,17,94,60,49,153,185,127,39,57,9,28,129,8,93,46,55,165,42,166,59,36,23,12,54,151,175,83,117,44,78,171,81,52,150,140,92,100,58,79,177,95,167,61,181,65,82,5,27,133,96,157,138,45,188,87,66,126,99,86,112,40,51,106,143,160,80,71,69,190,43,128,85,164,111,195,25,37,145,139,33,13,137,158,182,109,21,73,6,56,63,31,142,115,152,102,186,113,196,89,26,176,72,74,4,97,131,0,199,62,1,189,108,84,124,174,184,161,156,147,3,169,191,11,194,180,163,170,103,91,35,125,149,32,98,114,68,116,20,67,193,16,136,144,70,19,64,101,122,172,77,2,110,30,179,47,132,75,88,48];False
1510;8001;9511;[198,155,29,187,141,119,148,7,130,107,105,146,118,178,192,183,104,50,53,162,173,18,154,120,24,197,15,135,34,159,82,134,121,10,123,90,41,22,38,85,168,17,94,60,49,153,185,127,39,57,9,28,129,8,93,46,55,165,42,166,59,36,23,12,54,151,175,83,117,44,78,171,81,52,150,140,92,100,58,79,177,95,167,61,181,65,76,5,27,133,96,157,138,45,188,87,66,126,99,86,112,40,51,106,143,160,80,71,69,190,43,128,14,164,111,195,25,37,145,139,33,13,137,158,182,109,21,73,6,56,63,31,142,115,152,102,186,113,196,89,26,176,72,74,4,97,131,0,199,62,1,189,108,84,124,174,184,161,156,147,3,169,191,11,194,180,163,170,103,91,35,125,149,32,98,114,68,116,20,67,193,16,136,144,70,19,64,101,122,172,77,2,110,30,179,47,132,75,88,48];False
1530;7934;9464;[198,155,29,187,141,119,148,7,130,107,105,146,118,178,192,183,104,50,53,162,173,18,154,120,24,197,15,135,34,159,82,134,121,10,123,90,41,22,38,14,168,17,94,60,49,153,185,127,42,57,9,28,129,8,93,46,55,165,39,166,59,36,23,12,54,151,175,83,117,44,78,171,81,52,150,140,92,100,58,79,177,95,167,61,181,65,76,5,27,133,96,157,138,45,188,87,66,126,99,86,112,40,51,106,143,160,80,71,69,190,43,128,85,164,111,195,25,37,145,139,33,13,137,158,182,109,21,73,6,56,63,31,142,115,152,102,186,113,196,89,26,176,72,74,4,97,131,0,199,62,1,189,108,84,124,174,184,161,156,147,3,169,191,11,194,180,163,170,103,91,35,125,149,32,98,114,68,116,20,67,193,16,136,144,70,19,64,101,122,172,77,2,110,30,179,47,132,75,88,48];False
1509;7989;9498;[198,155,29,187,141,119,148,7,130,107,105,146,118,178,192,183,104,50,53,162,173,18,154,120,24,197,15,135,34,159,82,134,121,10,123,90,41,22,38,14,168,17,94,60,49,153,185,127,132,57,9,28,129,8,93,46,55,165,42,166,59,36,23,12,54,151,175,83,117,44,78,171,81,52,150,140,92,100,58,79,177,95,167,61,181,65,76,5,27,133,96,157,138,45,188,87,66,126,99,86,112,40,51,106,143,160,80,71,69,190,43,128,85,164,111,195,25,37,145,139,33,13,137,158,182,109,21,73,6,56,63,31,142,115,152,102,186,113,196,89,26,176,72,74,4,97,131,0,199,62,1,189,108,84,124,174,184,161,156,147,3,169,191,11,194,180,163,170,103,91,35,125,149,32,98,114,68,116,20,67,193,16,136,144,70,19,64,101,122,172,77,2,110,30,179,47,39,75,88,48];False
1515;7971;9486;[198,155,29,187,141,119,148,7,130,107,105,146,118,178,192,183,104,50,53,162,173,18,154,120,24,197,15,135,34,159,82,134,121,10,123,90,41,22,38,14,168,17,94,60,49,153,185,127,39,57,9,28,129,8,93,46,55,165,42,166,59,36,23,12,54,151,175,83,117,44,78,171,158,52,150,140,92,100,58,79,177,95,167,61,181,65,76,5,27,133,96,157,138,45,188,87,66,126,99,86,112,40,51,106,143,160,80,71,69,190,43,128,85,164,111,195,25,37,145,139,33,13,137,81,182,109,21,73,6,56,63,31,142,115,152,102,186,113,196,89,26,176,72,74,4,97,131,0,199,62,1,189,108,84,124,174,184,161,156,147,3,169,191,11,194,180,163,170,103,91,35,125,149,32,98,114,68,116,20,67,193,16,136,144,70,19,64,101,122,172,77,2,110,30,179,47,132,75,88,48];False
1522;7959;9481;[198,155,29,187,141,119,148,7,130,107,105,146,118,178,192,183,104,50,53,162,173,18,154,120,24,197,15,135,34,159,82,134,121,10,123,90,41,22,38,14,168,17,94,60,49,153,185,127,39,57,9,28,129,8,93,46,55,165,42,166,59,36,23,12,54,151,175,83,117,44,78,171,81,52,150,140,92,100,58,79,177,95,167,61,181,65,76,5,27,133,96,157,138,45,188,87,66,126,99,86,112,40,51,106,143,160,80,71,69,190,43,128,85,164,111,195,25,37,145,139,33,13,137,158,182,109,21,73,6,56,63,31,142,115,152,102,186,196,113,89,26,176,72,74,4,97,131,0,199,62,1,189,108,84,124,174,184,161,156,147,3,169,191,11,194,180,163,170,103,91,35,125,149,32,98,114,68,116,20,67,193,16,136,144,70,19,64,101,122,172,77,2,110,30,179,47,132,75,88,48];False
1616;7892;9508;[180,172,12,22,26,178,120,3,2,130,106,117,77,112,31,29,66,157,103,44,74,188,93,164,100,0,101,61,45,138,126,185,78,128,42,57,37,121,162,146,118,10,91,1,33,124,94,196,36,182,140,92,82,23,189,81,87,85,104,20,167,193,136,144,181,95,38,139,19,194,51,149,34,127,175,123,90,67,32,72,137,25,170,65,16,190,11,113,156,71,165,184,125,8,173,18,131,110,41,59,80,147,30,134,148,195,97,58,6,43,7,191,62,68,198,142,163,158,54,52,119,187,39,107,55,14,13,197,132,89,75,4,15,135,53,183,69,159,9,105,28,155,73,99,84,70,115,152,35,49,102,86,133,76,122,116,161,46,145,56,21,108,192,40,169,129,24,154,60,177,27,151,111,96,171,141,98,114,64,79,179,47,88,5,186,199,83,153,166,174,150,160,143,109,176,50,168,17,48,63];False
1615;7903;9518;[180,172,12,22,26,178,120,3,2,130,106,117,77,112,31,29,66,157,103,44,74,188,93,164,100,0,101,61,45,55,126,185,78,128,42,57,37,121,162,146,118,10,91,1,33,124,94,196,36,182,140,92,82,23,189,81,87,85,104,20,167,193,136,144,181,95,38,139,19,194,51,149,34,127,175,123,90,67,32,72,137,25,170,65,16,190,186,113,156,71,165,184,125,8,173,18,131,110,41,59,80,147,30,134,148,195,97,58,6,43,7,191,62,68,198,142,163,158,54,52,119,187,39,107,138,14,13,197,132,89,75,4,15,135,53,183,69,159,9,105,28,155,73,99,84,70,115,152,35,161,102,86,133,76,122,116,49,46,145,56,21,108,192,40,169,129,24,154,60,177,27,151,111,96,171,141,98,114,64,79,179,47,88,5,11,199,83,153,166,174,150,160,143,109,176,50,168,17,48,63];False
1613;7901;9514;[180,172,12,22,26,178,120,3,2,130,106,117,77,112,31,29,66,157,103,44,74,188,93,164,100,0,101,61,45,55,126,185,78,128,42,57,37,121,162,146,118,10,91,1,33,124,94,196,36,182,140,92,82,23,189,81,87,85,104,20,167,193,136,144,181,95,38,139,19,194,51,149,34,127,175,123,90,67,32,72,137,25,170,65,16,190,11,113,156,71,165,184,125,8,173,18,131,110,41,59,80,147,30,134,148,195,97,58,6,43,7,191,62,68,198,142,163,158,54,52,119,187,39,107,138,14,13,197,132,89,75,4,15,135,53,183,69,159,9,105,28,155,73,99,84,70,115,152,35,49,102,86,133,76,122,116,161,46,145,56,21,108,192,40,169,129,24,154,60,177,27,151,111,96,171,141,98,114,64,79,179,47,88,5,186,199,83,153,166,174,150,160,143,109,176,50,168,17,48,63];False
1614;7899;9513;[180,172,12,22,26,178,120,3,2,130,106,117,77,112,31,29,66,157,103,44,74,188,93,164,100,0,101,61,45,55,126,185,78,128,42,57,37,121,162,146,118,10,91,1,33,124,94,196,36,182,140,92,82,23,189,81,87,85,104,20,167,193,136,144,181,95,38,139,19,194,51,149,34,127,175,123,90,67,32,72,137,25,170,65,16,190,11,113,156,71,165,184,125,8,173,18,131,110,41,59,80,147,30,134,148,195,97,58,6,43,7,191,62,68,198,142,163,158,54,52,119,187,39,107,138,14,13,197,132,89,75,4,15,135,53,183,69,159,9,105,28,155,73,99,84,70,115,152,35,161,102,86,133,76,122,116,49,46,145,56,21,108,192,40,169,129,24,154,60,179,27,151,111,96,171,141,98,114,64,79,177,47,88,5,186,199,83,153,166,174,150,160,143,109,176,50,168,17,48,63];False
2589;7035;9624;[20,146,16,190,109,118,6,193,172,12,130,22,195,112,93,147,66,157,103,105,74,188,87,37,174,149,167,61,45,123,41,49,78,128,42,57,3,121,162,126,143,160,91,1,33,124,94,196,36,44,140,17,82,23,189,81,0,85,19,26,176,46,9,144,170,95,38,139,178,138,51,50,34,194,180,4,84,67,32,72,163,25,70,104,31,117,77,113,156,71,165,2,184,8,173,18,131,110,101,59,80,100,30,134,148,11,97,58,175,151,7,191,181,68,198,142,137,158,54,52,119,187,39,107,55,14,13,111,132,89,75,129,15,135,53,183,69,159,164,90,28,155,73,99,106,136,115,152,35,161,102,86,133,76,122,116,65,125,145,56,21,108,192,40,169,182,29,154,60,177,27,43,127,96,171,141,98,114,64,79,179,47,88,5,186,199,83,153,166,24,150,10,185,62,120,197,168,92,48,63];False
2518;7048;9566;[20,146,16,190,109,118,6,193,172,12,130,22,195,112,93,147,66,157,103,105,74,188,87,37,174,149,167,61,45,123,41,49,78,128,42,57,3,121,162,126,143,160,91,1,33,124,94,196,36,44,140,92,82,23,189,81,0,85,19,26,176,46,9,144,170,95,38,139,178,138,51,50,34,194,180,4,84,67,32,72,163,25,70,104,31,117,77,113,156,71,165,2,184,8,173,18,131,110,101,59,80,100,30,134,148,11,97,58,151,175,7,191,181,68,198,142,137,158,54,52,119,187,39,107,55,14,13,111,132,89,75,129,15,135,53,183,69,159,164,90,28,155,73,99,106,136,115,152,35,161,102,86,133,76,122,116,65,125,145,56,21,108,192,40,169,182,29,154,60,177,27,43,127,96,171,141,98,114,64,79,179,47,88,5,186,199,83,153,166,24,150,10,185,62,120,197,168,17,48,63];False
2591;7029;9620;[20,146,16,190,109,147,6,193,172,12,130,22,195,112,93,118,66,157,103,105,74,188,87,37,174,149,167,61,45,123,41,49,78,128,42,57,3,121,162,126,143,160,91,1,33,124,94,196,36,44,140,92,82,23,189,81,0,85,19,26,176,46,9,144,170,95,38,139,178,138,51,50,34,194,180,4,84,67,32,72,163,25,70,168,31,117,77,113,156,71,165,2,184,8,173,18,131,110,101,59,80,100,30,134,148,11,97,58,151,175,7,191,181,68,198,142,137,158,54,52,119,187,39,107,55,14,13,111,132,89,75,129,15,135,53,183,69,159,164,90,28,155,73,99,106,136,115,152,35,161,102,86,133,76,122,116,65,125,145,56,21,108,192,40,169,182,29,154,60,177,27,43,127,96,171,141,98,114,64,79,179,47,88,5,186,199,83,153,166,24,150,10,185,62,120,197,104,17,48,63];False
2548;7045;9593;[20,146,16,190,109,147,6,193,172,12,130,22,195,112,93,118,66,157,103,105,74,188,87,37,174,149,167,61,45,123,41,49,78,128,42,57,3,121,162,126,143,160,91,1,33,124,94,196,36,44,140,92,82,23,189,81,0,85,19,26,176,46,9,144,170,95,38,139,178,138,51,50,34,194,180,4,84,67,32,72,163,25,70,104,31,117,11,113,156,71,165,2,184,8,173,18,131,110,101,59,80,100,30,134,148,77,97,58,151,175,7,191,181,68,198,142,137,158,54,52,119,187,39,107,55,14,13,111,132,89,75,129,15,135,53,183,69,159,164,90,28,155,73,99,106,136,115,152,35,161,102,86,133,76,122,116,65,125,145,56,21,108,192,40,169,182,29,154,60,177,27,43,127,96,171,141,98,114,64,79,179,47,88,5,186,199,83,153,166,24,150,10,185,62,120,197,168,17,48,63];False
2569;7035;9604;[20,146,16,190,109,147,6,193,172,12,130,22,195,112,93,118,66,157,103,105,74,188,87,37,174,149,167,61,45,123,41,49,78,128,42,57,3,121,162,126,143,160,91,1,33,124,94,196,36,44,140,92,82,23,189,81,0,85,19,26,176,46,9,144,170,95,38,139,178,138,51,50,34,194,180,4,84,67,32,72,163,25,70,104,31,117,11,113,156,71,165,2,184,8,173,18,131,110,101,59,80,100,30,134,119,77,97,58,175,151,7,191,181,68,198,142,137,158,54,52,148,187,39,107,55,14,13,111,132,89,75,129,15,135,53,183,69,159,164,90,28,155,73,99,106,136,115,152,35,161,102,86,133,76,122,116,65,125,145,56,21,108,192,40,169,182,29,154,60,177,27,43,127,96,171,141,98,114,64,79,179,47,88,5,186,199,83,153,166,24,150,10,185,62,120,197,168,17,48,63];False
2583;7032;9615;[20,146,16,190,109,147,6,193,172,12,130,22,195,112,93,118,66,157,103,105,74,188,87,37,174,149,167,61,45,123,41,49,78,128,42,57,3,121,162,126,143,160,91,1,33,124,94,196,36,44,140,92,82,23,189,81,0,85,19,26,176,46,9,144,170,95,38,139,178,138,51,50,34,194,180,4,84,67,32,72,163,25,70,104,31,117,11,113,156,71,165,2,184,8,173,18,131,110,101,59,80,100,30,134,148,83,97,58,175,151,7,191,181,68,198,142,137,158,54,52,119,187,39,107,55,14,13,111,132,89,75,129,15,135,53,183,69,159,164,90,28,155,73,99,106,136,115,152,35,161,102,86,133,76,122,116,65,125,145,56,21,108,192,40,169,182,29,154,60,177,27,43,127,96,171,141,98,114,64,79,179,47,88,5,186,199,77,153,166,24,150,10,185,62,120,197,168,17,48,63];False
2706;7002;9708;[20,146,16,190,109,147,6,193,172,12,130,22,195,112,93,118,66,157,103,105,74,188,87,37,174,149,167,61,45,123,41,49,78,128,42,57,3,121,162,126,143,160,91,1,33,124,94,196,36,44,140,92,82,23,189,81,0,85,19,26,176,46,9,144,170,95,38,139,178,138,51,50,34,194,180,4,84,67,32,72,163,25,70,168,31,191,77,113,156,71,165,2,184,8,173,18,131,110,101,59,80,100,30,134,148,11,97,58,175,151,7,117,181,68,198,142,137,158,54,52,119,187,39,107,55,14,13,111,132,89,75,129,15,135,53,183,69,159,164,90,28,155,73,99,106,136,115,152,35,161,102,86,133,76,122,116,65,125,145,56,21,108,192,40,169,182,29,154,60,177,27,43,127,96,171,141,98,114,64,79,179,47,88,5,186,199,83,153,166,24,150,10,185,62,120,197,104,17,48,63];False
2509;7051;9560;[20,146,16,190,109,147,6,193,172,12,130,22,195,112,93,118,66,157,103,105,74,188,87,37,174,149,167,61,45,123,41,49,78,128,42,57,3,121,162,126,143,160,91,1,33,124,94,196,36,44,140,92,82,23,189,81,0,85,19,26,176,46,9,144,170,95,38,139,178,138,51,50,34,194,180,4,84,67,32,72,163,25,70,168,31,117,77,113,156,71,165,2,184,8,173,18,131,110,101,59,80,100,30,134,148,11,97,58,175,151,7,191,181,68,198,142,137,158,54,52,119,187,39,107,55,14,13,111,132,89,75,129,15,135,53,183,69,159,164,90,28,155,73,99,106,136,115,152,35,161,102,86,133,76,122,116,65,125,145,56,21,108,192,40,169,182,29,154,60,177,27,43,127,96,171,141,98,114,64,79,179,47,88,5,186,199,83,153,166,197,150,10,185,62,120,24,104,17,48,63];False
2646;7006;9652;[34,198,146,190,109,147,6,193,172,12,130,22,195,112,93,118,66,157,103,105,74,188,87,37,174,149,167,61,45,138,41,49,78,128,42,57,3,121,162,126,143,160,91,1,33,124,94,196,36,44,140,92,82,23,189,81,0,85,19,26,176,46,9,144,170,95,38,139,65,20,51,50,31,194,180,4,84,67,32,72,163,25,70,178,16,117,77,113,156,71,165,2,184,8,173,18,131,110,101,59,80,100,30,134,148,11,97,58,175,151,7,191,181,68,123,142,137,158,54,52,119,187,39,107,55,14,13,111,132,89,75,129,15,135,53,183,69,159,164,90,28,155,73,99,106,136,115,152,35,161,102,86,133,76,122,116,104,125,145,56,21,108,192,40,169,182,29,154,60,177,27,43,127,96,171,141,98,114,64,79,179,47,88,5,186,199,83,153,166,24,150,10,185,62,120,197,168,17,48,63];False
2598;7027;9625;[34,123,146,190,109,147,6,193,172,12,130,22,195,112,93,118,66,157,103,105,74,188,87,37,174,149,167,61,45,138,41,49,78,128,42,57,3,121,162,126,143,160,91,1,33,124,94,196,36,44,140,92,82,23,189,81,0,85,19,26,176,46,9,144,170,95,38,139,65,20,51,50,31,194,180,4,84,67,32,72,163,25,70,178,16,117,77,113,156,71,165,2,184,8,173,18,131,110,101,59,80,100,30,134,148,11,97,58,151,175,7,191,181,68,198,142,137,158,54,52,119,187,39,107,55,14,13,111,132,89,75,129,15,135,53,183,69,159,164,90,28,155,73,99,106,136,115,152,35,161,102,86,133,76,122,116,104,125,145,56,21,108,192,40,169,182,29,154,60,177,27,43,127,96,171,141,98,114,64,79,179,47,88,5,186,199,83,153,166,24,150,10,185,62,120,197,168,17,48,63];False
2693;7005;9698;[34,123,146,190,109,147,6,193,172,12,130,22,195,112,93,118,66,157,103,105,74,188,87,37,174,149,167,61,45,138,41,49,78,128,42,57,3,121,162,126,143,160,91,1,33,124,94,196,36,44,140,92,82,23,189,81,0,85,19,26,176,46,9,144,170,95,38,139,65,20,51,50,31,194,180,4,84,67,32,72,163,25,70,178,16,117,77,113,156,71,165,2,184,8,173,18,131,110,101,59,80,100,30,134,148,11,97,58,175,151,7,191,181,68,198,142,137,158,62,52,119,187,39,107,55,14,13,111,132,89,75,129,15,135,53,183,69,159,164,90,28,155,73,99,106,136,115,152,35,161,102,86,133,76,122,116,104,125,145,56,21,108,192,40,169,182,29,154,60,177,27,43,127,96,171,141,98,114,64,79,179,47,88,5,186,199,83,153,166,24,150,10,185,54,120,197,168,17,48,63];False
2607;7023;9630;[34,198,142,190,109,118,6,193,172,12,130,22,195,112,93,147,66,157,103,105,74,188,87,37,174,149,167,61,45,138,41,49,78,128,42,57,3,121,162,126,143,160,91,1,33,124,94,196,36,44,140,92,82,23,189,81,0,85,19,26,176,46,9,144,170,95,38,139,178,20,51,50,31,194,180,4,84,67,32,72,163,25,70,65,16,117,77,113,156,71,165,2,184,8,173,18,131,110,101,59,80,100,30,134,148,11,97,58,175,151,7,191,181,68,123,146,137,158,54,52,119,187,39,107,55,14,13,111,132,89,75,129,15,135,53,183,69,159,164,90,28,155,73,99,106,136,115,152,35,161,102,86,133,76,122,116,104,125,145,56,21,108,192,40,169,182,29,154,60,177,27,43,127,96,171,141,98,114,64,79,179,47,88,5,186,199,83,153,166,24,150,10,185,62,120,197,168,17,48,63];False
2692;7005;9697;[34,198,146,190,109,118,6,193,172,12,130,22,195,112,93,147,66,157,103,105,74,188,87,37,174,149,167,61,45,138,41,49,78,128,42,57,3,121,162,126,143,160,91,1,33,124,94,196,36,104,140,92,82,23,189,81,0,85,19,26,176,46,9,144,170,95,38,139,178,20,51,50,31,194,180,4,84,67,32,72,163,25,70,65,16,117,77,113,156,71,165,2,184,8,173,18,131,110,101,59,80,100,30,134,148,11,97,58,175,151,7,191,181,68,123,142,137,158,54,52,119,187,39,107,55,14,13,111,132,89,75,129,15,135,53,183,69,159,164,90,28,155,73,99,106,136,115,152,35,161,102,86,133,76,122,116,44,125,145,56,21,108,192,40,169,182,29,154,60,177,27,43,127,96,171,141,98,114,64,79,179,47,88,5,186,199,83,153,166,24,150,10,185,62,120,197,168,17,48,63];False
2609;7017;9626;[34,198,146,190,109,118,6,193,172,12,130,22,195,112,93,147,66,157,103,105,74,188,87,37,174,149,167,61,45,138,41,49,78,128,42,57,3,121,162,126,143,160,91,1,33,124,94,196,36,44,140,92,82,23,189,81,0,85,19,26,176,46,9,144,170,95,38,139,65,20,51,50,31,194,180,4,84,67,32,72,163,25,70,178,16,117,77,113,156,71,165,2,184,8,173,18,131,110,101,59,80,100,30,134,148,11,97,58,175,151,7,191,181,68,123,142,137,158,54,52,119,187,39,107,55,14,13,111,132,89,75,129,15,135,53,183,69,159,164,90,28,155,73,99,106,136,115,152,35,161,102,86,133,76,122,116,104,125,145,56,21,108,192,40,169,182,29,154,60,177,27,43,127,96,171,141,98,114,64,79,179,47,88,5,186,199,83,153,166,24,150,10,185,62,120,197,168,17,48,63];False
2721;7001;9722;[34,198,174,190,109,147,6,193,172,12,130,22,195,112,93,118,66,157,103,105,74,188,87,37,142,149,167,61,45,138,41,49,78,128,42,57,3,121,162,126,143,160,91,1,33,124,94,196,36,44,140,92,82,23,189,81,0,85,19,26,176,46,9,144,170,95,38,139,178,20,51,50,31,194,180,4,84,67,32,72,163,25,70,65,16,117,77,113,156,71,165,2,184,8,173,18,131,110,101,59,80,100,30,134,148,11,97,58,175,151,7,191,181,68,123,146,137,158,54,52,119,187,39,107,55,14,13,111,132,89,75,129,15,135,53,183,69,159,164,90,28,155,73,99,106,136,115,152,35,161,102,86,133,76,122,116,104,125,145,56,21,108,192,40,169,182,29,154,60,177,27,43,127,96,171,141,98,114,64,79,179,47,88,5,186,199,83,153,166,24,150,10,185,62,120,197,168,17,48,63];False
2723;6999;9722;[34,198,142,190,109,147,6,193,172,12,130,22,195,112,93,118,66,157,103,105,74,188,87,37,174,149,167,61,45,138,41,49,78,128,42,57,3,121,162,126,143,160,91,1,33,124,94,196,36,104,140,92,82,23,189,81,0,85,19,26,176,46,9,144,170,95,38,139,178,20,51,50,31,194,180,4,84,67,32,72,163,25,70,65,16,117,77,113,156,71,165,2,184,8,173,18,131,110,101,59,80,100,30,134,148,11,97,58,175,151,7,191,181,68,123,146,137,158,54,52,119,187,39,107,55,14,13,111,132,89,75,129,15,135,53,183,69,159,164,90,28,155,73,99,106,136,115,152,35,161,102,86,133,76,122,116,44,125,145,56,21,108,192,40,169,182,29,154,60,177,27,43,127,96,171,141,98,114,64,79,179,47,88,5,186,199,83,153,166,24,150,10,185,62,120,197,168,17,48,63];False
2714;7000;9714;[34,198,142,190,109,147,6,193,172,12,130,22,195,112,93,118,66,157,103,105,74,188,87,37,174,149,167,61,45,138,41,49,78,128,42,57,3,121,162,126,143,160,91,1,33,124,94,196,36,44,140,17,82,23,189,81,0,85,19,26,176,46,9,144,170,95,38,139,178,20,51,50,31,194,180,4,84,67,32,72,163,25,70,65,16,117,77,113,156,71,165,2,184,8,173,18,131,110,101,59,80,100,30,134,148,11,97,58,175,151,7,191,181,68,123,146,137,158,54,52,119,187,39,107,55,14,13,111,132,89,75,129,15,135,53,183,69,159,164,90,28,155,73,99,106,136,115,152,35,161,102,86,133,76,122,116,104,125,145,56,21,108,192,40,169,182,29,154,60,177,27,43,127,96,171,141,98,114,64,79,179,47,88,5,186,199,83,153,166,24,150,10,185,62,120,197,168,92,48,63];False
2640;7011;9651;[34,198,142,190,109,147,6,193,172,12,130,22,195,112,93,118,66,157,103,105,74,188,87,37,174,149,167,61,45,138,41,49,78,128,42,57,3,121,162,126,143,160,91,1,33,124,94,196,36,44,140,92,82,23,189,81,0,85,19,26,176,46,9,144,170,95,38,139,65,20,51,50,31,194,180,4,84,67,32,72,163,25,70,178,16,117,77,113,156,71,165,2,184,8,173,18,131,110,101,59,80,100,30,134,148,11,97,58,175,151,7,191,181,68,123,146,137,158,54,52,119,187,39,107,55,14,13,111,132,89,75,129,15,135,53,183,69,159,164,90,28,155,73,99,106,136,115,152,35,161,102,86,133,76,122,116,104,125,145,56,21,108,192,40,169,182,29,154,60,177,27,43,127,96,171,141,98,114,64,79,179,47,88,5,186,199,83,153,166,24,150,10,185,62,120,197,168,17,48,63];False
2785;6989;9774;[34,103,105,190,109,147,6,193,172,132,130,22,195,112,93,118,66,157,20,51,74,188,87,37,174,149,167,61,45,138,41,49,78,128,42,57,191,121,162,126,143,160,91,1,33,124,94,196,36,44,140,92,82,23,189,81,0,85,19,26,176,46,9,178,3,95,38,139,144,146,50,168,31,194,180,4,84,67,32,72,163,25,70,65,16,117,77,113,156,71,165,2,184,8,173,18,131,110,101,59,80,100,30,134,148,11,97,58,175,151,7,170,181,68,198,142,137,158,54,52,119,187,39,107,55,14,13,111,12,89,75,129,15,135,53,183,69,159,164,90,28,155,73,99,106,136,115,152,35,161,102,86,133,76,122,116,104,125,145,56,21,108,192,40,169,182,29,154,60,177,27,43,127,96,171,141,98,114,64,79,179,47,88,5,186,199,83,153,166,24,150,10,185,62,120,197,123,17,48,63];False
2778;6991;9769;[34,103,105,190,109,147,6,193,172,12,130,22,195,112,93,118,66,157,20,146,74,188,87,37,174,149,167,61,45,138,41,49,78,128,42,57,191,121,162,126,143,160,91,1,33,124,94,196,36,44,140,92,82,23,189,81,0,85,19,26,176,46,9,178,3,95,38,139,144,51,50,168,31,194,180,4,84,67,32,72,163,25,70,65,16,117,77,113,156,71,165,2,184,8,173,18,131,110,101,59,80,100,30,134,148,11,97,58,175,151,7,170,181,68,198,142,137,158,54,52,119,187,39,107,55,14,13,111,132,89,75,129,15,135,53,183,69,159,164,90,28,155,73,99,106,136,115,152,35,161,102,86,133,76,122,116,104,125,145,56,21,108,192,40,169,182,29,154,60,177,27,43,127,96,171,141,98,114,64,79,179,47,88,5,186,199,83,153,166,24,150,10,185,62,120,197,123,17,48,63];False
2768;6988;9756;[34,103,105,190,109,147,6,193,172,12,130,22,195,112,93,118,66,157,20,51,74,188,87,37,174,149,167,61,45,138,178,49,78,128,42,57,191,121,162,126,143,160,91,1,33,124,94,196,36,44,140,92,82,23,189,81,0,85,19,26,176,46,9,41,3,95,38,139,144,146,50,168,31,194,180,4,84,67,32,72,163,25,70,65,16,117,77,113,156,71,165,2,184,8,173,18,131,110,101,59,80,100,30,134,148,11,97,58,175,151,7,170,181,68,198,142,137,158,54,52,119,187,39,107,55,14,13,111,132,89,75,129,15,135,53,183,69,159,164,90,28,155,73,99,106,136,115,152,35,161,102,86,133,76,122,116,104,125,145,56,21,108,192,40,169,182,29,154,60,177,27,43,127,96,171,141,98,114,64,79,179,47,88,5,186,199,83,153,166,24,150,10,185,62,120,197,123,17,48,63];False
2749;6992;9741;[34,103,105,190,109,147,6,193,172,12,130,22,195,112,93,118,66,157,20,51,74,188,87,37,174,149,167,61,45,138,41,49,78,128,42,57,3,121,162,126,143,160,91,1,33,124,94,196,36,44,140,92,82,23,189,81,0,85,19,26,176,46,9,178,191,95,38,139,144,146,50,168,31,194,180,4,84,67,32,72,163,25,70,65,16,117,77,113,156,71,165,2,184,8,173,18,131,110,101,59,80,100,30,134,148,11,97,58,175,151,7,170,181,68,198,142,137,158,54,52,119,187,39,107,55,14,13,111,132,89,75,129,15,135,53,183,69,159,164,90,28,155,73,99,106,136,115,152,35,161,102,86,133,76,122,116,104,125,145,56,21,108,192,40,169,182,29,154,60,177,27,43,127,96,171,141,98,114,64,79,179,47,88,5,186,199,83,153,166,24,150,10,185,62,120,197,123,17,48,63];False
2818;6981;9799;[34,103,105,190,109,147,6,193,172,12,130,22,195,112,93,118,66,157,20,51,74,188,87,37,174,149,167,61,45,138,41,49,78,128,42,57,191,121,162,126,143,160,91,1,33,124,94,196,36,104,140,92,82,23,189,81,0,85,19,26,176,46,9,178,3,95,38,139,144,146,50,168,31,194,180,4,84,67,32,72,163,25,70,65,16,117,77,113,156,71,165,2,184,8,173,18,131,110,101,59,80,100,30,134,148,11,97,58,175,151,7,170,181,68,198,142,137,158,54,52,119,187,39,107,55,14,13,111,132,89,75,129,15,135,53,183,69,159,164,90,28,155,73,99,106,136,115,152,35,161,102,86,133,76,122,116,44,125,145,56,21,108,192,40,169,182,29,154,60,177,27,43,127,96,171,141,98,114,64,79,179,47,88,5,186,199,83,153,166,24,150,10,185,62,120,197,123,17,48,63];False
2810;6986;9796;[34,103,105,190,109,147,6,193,172,12,130,22,195,112,93,118,66,157,20,51,74,188,87,37,174,149,167,61,45,138,41,49,78,128,42,57,191,121,162,126,143,160,91,1,33,124,94,196,36,44,140,92,82,23,189,187,0,85,19,26,176,46,9,178,3,95,38,139,144,146,50,168,31,194,180,4,84,67,32,72,163,25,70,65,16,117,77,113,156,71,165,2,184,8,173,18,131,110,101,59,80,100,30,134,148,11,97,58,175,151,7,170,181,68,198,142,137,158,54,52,119,81,39,107,55,14,13,111,132,89,75,129,15,135,53,183,69,159,164,90,28,155,73,99,106,136,115,152,35,161,102,86,133,76,122,116,104,125,145,56,21,108,192,40,169,182,29,154,60,177,27,43,127,96,171,141,98,114,64,79,179,47,88,5,186,199,83,153,166,24,150,10,185,62,120,197,123,17,48,63];False
2819;6977;9796;[34,103,105,190,109,147,6,193,172,12,130,22,195,112,93,118,66,157,20,51,74,188,87,37,174,149,167,61,45,138,41,49,78,128,42,57,191,121,162,126,143,160,91,1,33,124,94,196,36,44,140,92,82,23,189,81,0,85,19,26,176,46,9,178,3,95,38,139,144,48,50,168,31,194,180,4,84,67,32,72,163,25,70,65,16,117,77,113,156,71,165,2,184,8,173,18,131,110,101,59,80,100,30,134,148,11,97,58,175,151,7,170,181,68,198,142,137,158,54,52,119,187,39,107,55,14,13,111,132,89,75,129,15,135,53,183,69,159,164,90,28,155,73,99,106,136,115,152,35,161,102,86,133,76,122,116,104,125,145,56,21,108,192,40,169,182,29,154,60,177,27,43,127,96,171,141,98,114,64,79,179,47,88,5,186,199,83,153,166,24,150,10,185,62,120,197,123,17,146,63];False
2784;6987;9771;[34,103,105,190,109,147,6,193,172,12,130,22,195,112,93,118,66,157,20,51,74,188,87,37,174,149,167,61,45,138,41,49,78,128,42,57,191,121,162,126,143,160,91,1,33,124,94,196,36,44,140,92,82,23,189,81,0,85,19,26,176,46,9,178,3,95,38,139,144,146,21,168,31,194,180,4,84,67,32,72,163,25,70,65,16,117,77,113,156,71,165,2,184,8,173,18,131,110,101,59,80,100,30,134,148,11,97,58,175,151,7,170,181,68,198,142,137,158,54,52,119,187,39,107,55,14,13,111,132,89,75,129,15,135,53,183,69,159,164,90,28,155,73,99,106,136,115,152,35,161,102,86,133,76,122,116,104,125,145,56,50,108,192,40,169,182,29,154,60,177,27,43,127,96,171,141,98,114,64,79,179,47,88,5,186,199,83,153,166,24,150,10,185,62,120,197,123,17,48,63];False
2776;6986;9762;[34,103,105,190,109,147,6,193,172,12,130,22,195,112,93,118,66,157,20,51,74,188,87,37,174,149,167,61,45,138,41,49,78,128,42,57,191,121,162,126,143,160,91,1,33,124,94,196,36,44,140,92,82,23,189,81,0,85,19,26,176,46,9,178,3,95,38,139,144,146,50,168,31,194,180,4,84,67,32,72,163,25,70,65,16,117,77,113,156,71,165,2,184,8,173,18,131,110,101,59,80,100,30,134,119,11,97,58,175,151,7,170,181,68,198,142,137,158,54,52,148,187,39,107,55,14,13,111,132,89,75,129,15,135,53,183,69,159,164,90,28,155,73,99,106,136,115,152,35,161,102,86,133,76,122,116,104,125,145,56,21,108,192,40,169,182,29,154,60,177,27,43,127,96,171,141,98,114,64,79,179,47,88,5,186,199,83,153,166,24,150,10,185,62,120,197,123,17,48,63];False
2738;6995;9733;[34,103,105,190,109,147,6,193,172,12,130,22,195,112,93,118,66,157,20,51,74,188,87,37,174,149,167,61,45,138,41,49,78,128,42,57,191,121,162,126,143,160,91,1,33,124,94,196,36,44,140,92,82,23,189,81,0,85,19,26,176,46,9,178,3,95,38,139,144,146,50,168,31,194,180,4,84,67,32,72,163,25,70,65,16,117,77,113,156,71,165,2,184,8,173,18,131,110,101,59,80,100,30,134,148,11,97,58,151,175,7,170,181,68,198,142,137,158,54,52,119,187,39,107,55,14,13,111,132,89,75,129,15,135,53,183,69,159,164,90,28,155,73,99,106,136,115,152,35,161,102,86,133,76,122,116,104,125,145,56,21,108,192,40,169,182,29,154,60,177,27,43,127,96,171,141,98,114,64,79,179,47,88,5,186,199,83,153,166,24,150,10,185,62,120,197,123,17,48,63];False
2796;6984;9780;[34,103,105,190,109,118,6,193,172,12,130,22,195,112,93,147,66,157,20,51,74,188,87,37,174,149,167,61,45,138,41,49,78,128,42,57,191,121,162,126,143,160,91,1,33,124,94,196,36,44,140,92,82,23,189,81,0,85,19,26,176,46,9,178,3,95,38,139,144,146,50,168,31,194,180,4,84,67,32,72,163,25,70,65,16,117,77,113,156,71,165,2,184,8,173,18,131,110,101,59,80,100,30,134,148,11,97,58,175,151,7,170,181,68,198,142,137,158,62,52,119,187,39,107,55,14,13,111,132,89,75,129,15,135,53,183,69,159,164,90,28,155,73,99,106,136,115,152,35,161,102,86,133,76,122,116,104,125,145,56,21,108,192,40,169,182,29,154,60,177,27,43,127,96,171,141,98,114,64,79,179,47,88,5,186,199,83,153,166,24,150,10,185,54,120,197,123,17,48,63];False
2879;6968;9847;[34,103,105,190,109,147,6,193,172,132,130,22,195,112,93,118,66,157,20,51,74,188,87,37,174,149,167,61,45,138,41,49,78,128,42,57,191,121,162,126,143,160,91,1,33,124,94,196,36,44,140,92,82,23,189,81,0,85,19,26,176,46,9,178,3,95,38,139,144,146,50,168,31,194,180,4,84,67,32,72,163,25,70,65,16,117,77,113,156,71,165,2,184,8,173,18,131,110,101,59,80,100,30,134,148,11,97,58,175,151,7,170,181,68,198,142,137,158,62,52,119,187,39,107,55,14,13,111,12,89,75,129,15,135,53,183,69,159,164,90,28,155,73,99,106,136,115,152,35,161,102,86,133,76,122,116,104,125,145,56,21,108,192,40,169,182,29,154,60,177,27,43,127,96,171,141,98,114,64,79,179,47,88,5,186,199,83,153,166,24,150,10,185,54,120,197,123,17,48,63];False
2872;6970;9842;[34,103,105,190,109,147,6,193,172,12,130,22,195,112,93,118,66,157,20,146,74,188,87,37,174,149,167,61,45,138,41,49,78,128,42,57,191,121,162,126,143,160,91,1,33,124,94,196,36,44,140,92,82,23,189,81,0,85,19,26,176,46,9,178,3,95,38,139,144,51,50,168,31,194,180,4,84,67,32,72,163,25,70,65,16,117,77,113,156,71,165,2,184,8,173,18,131,110,101,59,80,100,30,134,148,11,97,58,175,151,7,170,181,68,198,142,137,158,62,52,119,187,39,107,55,14,13,111,132,89,75,129,15,135,53,183,69,159,164,90,28,155,73,99,106,136,115,152,35,161,102,86,133,76,122,116,104,125,145,56,21,108,192,40,169,182,29,154,60,177,27,43,127,96,171,141,98,114,64,79,179,47,88,5,186,199,83,153,166,24,150,10,185,54,120,197,123,17,48,63];False
2862;6967;9829;[34,103,105,190,109,147,6,193,172,12,130,22,195,112,93,118,66,157,20,51,74,188,87,37,174,149,167,61,45,138,178,49,78,128,42,57,191,121,162,126,143,160,91,1,33,124,94,196,36,44,140,92,82,23,189,81,0,85,19,26,176,46,9,41,3,95,38,139,144,146,50,168,31,194,180,4,84,67,32,72,163,25,70,65,16,117,77,113,156,71,165,2,184,8,173,18,131,110,101,59,80,100,30,134,148,11,97,58,175,151,7,170,181,68,198,142,137,158,62,52,119,187,39,107,55,14,13,111,132,89,75,129,15,135,53,183,69,159,164,90,28,155,73,99,106,136,115,152,35,161,102,86,133,76,122,116,104,125,145,56,21,108,192,40,169,182,29,154,60,177,27,43,127,96,171,141,98,114,64,79,179,47,88,5,186,199,83,153,166,24,150,10,185,54,120,197,123,17,48,63];False
2843;6971;9814;[34,103,105,190,109,147,6,193,172,12,130,22,195,112,93,118,66,157,20,51,74,188,87,37,174,149,167,61,45,138,41,49,78,128,42,57,3,121,162,126,143,160,91,1,33,124,94,196,36,44,140,92,82,23,189,81,0,85,19,26,176,46,9,178,191,95,38,139,144,146,50,168,31,194,180,4,84,67,32,72,163,25,70,65,16,117,77,113,156,71,165,2,184,8,173,18,131,110,101,59,80,100,30,134,148,11,97,58,175,151,7,170,181,68,198,142,137,158,62,52,119,187,39,107,55,14,13,111,132,89,75,129,15,135,53,183,69,159,164,90,28,155,73,99,106,136,115,152,35,161,102,86,133,76,122,116,104,125,145,56,21,108,192,40,169,182,29,154,60,177,27,43,127,96,171,141,98,114,64,79,179,47,88,5,186,199,83,153,166,24,150,10,185,54,120,197,123,17,48,63];False
2912;6960;9872;[34,103,105,190,109,147,6,193,172,12,130,22,195,112,93,118,66,157,20,51,74,188,87,37,174,149,167,61,45,138,41,49,78,128,42,57,191,121,162,126,143,160,91,1,33,124,94,196,36,104,140,92,82,23,189,81,0,85,19,26,176,46,9,178,3,95,38,139,144,146,50,168,31,194,180,4,84,67,32,72,163,25,70,65,16,117,77,113,156,71,165,2,184,8,173,18,131,110,101,59,80,100,30,134,148,11,97,58,175,151,7,170,181,68,198,142,137,158,62,52,119,187,39,107,55,14,13,111,132,89,75,129,15,135,53,183,69,159,164,90,28,155,73,99,106,136,115,152,35,161,102,86,133,76,122,116,44,125,145,56,21,108,192,40,169,182,29,154,60,177,27,43,127,96,171,141,98,114,64,79,179,47,88,5,186,199,83,153,166,24,150,10,185,54,120,197,123,17,48,63];False
2904;6965;9869;[34,103,105,190,109,147,6,193,172,12,130,22,195,112,93,118,66,157,20,51,74,188,87,37,174,149,167,61,45,138,41,49,78,128,42,57,191,121,162,126,143,160,91,1,33,124,94,196,36,44,140,92,82,23,189,187,0,85,19,26,176,46,9,178,3,95,38,139,144,146,50,168,31,194,180,4,84,67,32,72,163,25,70,65,16,117,77,113,156,71,165,2,184,8,173,18,131,110,101,59,80,100,30,134,148,11,97,58,175,151,7,170,181,68,198,142,137,158,62,52,119,81,39,107,55,14,13,111,132,89,75,129,15,135,53,183,69,159,164,90,28,155,73,99,106,136,115,152,35,161,102,86,133,76,122,116,104,125,145,56,21,108,192,40,169,182,29,154,60,177,27,43,127,96,171,141,98,114,64,79,179,47,88,5,186,199,83,153,166,24,150,10,185,54,120,197,123,17,48,63];False
2913;6956;9869;[34,103,105,190,109,147,6,193,172,12,130,22,195,112,93,118,66,157,20,51,74,188,87,37,174,149,167,61,45,138,41,49,78,128,42,57,191,121,162,126,143,160,91,1,33,124,94,196,36,44,140,92,82,23,189,81,0,85,19,26,176,46,9,178,3,95,38,139,144,48,50,168,31,194,180,4,84,67,32,72,163,25,70,65,16,117,77,113,156,71,165,2,184,8,173,18,131,110,101,59,80,100,30,134,148,11,97,58,175,151,7,170,181,68,198,142,137,158,62,52,119,187,39,107,55,14,13,111,132,89,75,129,15,135,53,183,69,159,164,90,28,155,73,99,106,136,115,152,35,161,102,86,133,76,122,116,104,125,145,56,21,108,192,40,169,182,29,154,60,177,27,43,127,96,171,141,98,114,64,79,179,47,88,5,186,199,83,153,166,24,150,10,185,54,120,197,123,17,146,63];False
2878;6966;9844;[34,103,105,190,109,147,6,193,172,12,130,22,195,112,93,118,66,157,20,51,74,188,87,37,174,149,167,61,45,138,41,49,78,128,42,57,191,121,162,126,143,160,91,1,33,124,94,196,36,44,140,92,82,23,189,81,0,85,19,26,176,46,9,178,3,95,38,139,144,146,21,168,31,194,180,4,84,67,32,72,163,25,70,65,16,117,77,113,156,71,165,2,184,8,173,18,131,110,101,59,80,100,30,134,148,11,97,58,175,151,7,170,181,68,198,142,137,158,62,52,119,187,39,107,55,14,13,111,132,89,75,129,15,135,53,183,69,159,164,90,28,155,73,99,106,136,115,152,35,161,102,86,133,76,122,116,104,125,145,56,50,108,192,40,169,182,29,154,60,177,27,43,127,96,171,141,98,114,64,79,179,47,88,5,186,199,83,153,166,24,150,10,185,54,120,197,123,17,48,63];False
2870;6965;9835;[34,103,105,190,109,147,6,193,172,12,130,22,195,112,93,118,66,157,20,51,74,188,87,37,174,149,167,61,45,138,41,49,78,128,42,57,191,121,162,126,143,160,91,1,33,124,94,196,36,44,140,92,82,23,189,81,0,85,19,26,176,46,9,178,3,95,38,139,144,146,50,168,31,194,180,4,84,67,32,72,163,25,70,65,16,117,77,113,156,71,165,2,184,8,173,18,131,110,101,59,80,100,30,134,119,11,97,58,175,151,7,170,181,68,198,142,137,158,62,52,148,187,39,107,55,14,13,111,132,89,75,129,15,135,53,183,69,159,164,90,28,155,73,99,106,136,115,152,35,161,102,86,133,76,122,116,104,125,145,56,21,108,192,40,169,182,29,154,60,177,27,43,127,96,171,141,98,114,64,79,179,47,88,5,186,199,83,153,166,24,150,10,185,54,120,197,123,17,48,63];False
2832;6974;9806;[34,103,105,190,109,147,6,193,172,12,130,22,195,112,93,118,66,157,20,51,74,188,87,37,174,149,167,61,45,138,41,49,78,128,42,57,191,121,162,126,143,160,91,1,33,124,94,196,36,44,140,92,82,23,189,81,0,85,19,26,176,46,9,178,3,95,38,139,144,146,50,168,31,194,180,4,84,67,32,72,163,25,70,65,16,117,77,113,156,71,165,2,184,8,173,18,131,110,101,59,80,100,30,134,148,11,97,58,151,175,7,170,181,68,198,142,137,158,62,52,119,187,39,107,55,14,13,111,132,89,75,129,15,135,53,183,69,159,164,90,28,155,73,99,106,136,115,152,35,161,102,86,133,76,122,116,104,125,145,56,21,108,192,40,169,182,29,154,60,177,27,43,127,96,171,141,98,114,64,79,179,47,88,5,186,199,83,153,166,24,150,10,185,54,120,197,123,17,48,63];False
2794;6984;9778;[34,103,105,190,109,147,6,193,172,12,130,22,195,112,93,118,66,157,20,51,74,188,87,37,174,149,167,61,45,138,41,49,78,128,42,57,191,121,162,126,143,160,91,1,33,124,94,196,36,44,140,92,82,23,189,81,0,85,19,26,176,46,9,178,3,95,38,139,144,146,50,168,31,194,180,4,84,67,32,72,163,25,70,65,16,117,77,113,156,71,165,2,184,8,173,18,131,110,101,59,80,100,30,134,148,11,97,58,158,151,7,170,181,68,198,142,137,175,62,52,119,187,39,107,55,14,13,111,132,89,75,129,15,135,53,183,69,159,164,90,28,155,73,99,106,136,115,152,35,161,102,86,133,76,122,116,104,125,145,56,21,108,192,40,169,182,29,154,60,177,27,43,127,96,171,141,98,114,64,79,179,47,88,5,186,199,83,153,166,24,150,10,185,54,120,197,123,17,48,63];False
2817;6982;9799;[34,103,105,190,109,147,6,193,172,12,130,22,195,112,93,118,66,157,20,51,74,188,87,37,174,149,167,61,45,138,41,49,78,128,42,57,191,121,162,126,143,160,91,1,33,124,94,196,36,44,140,92,82,23,189,81,0,85,19,26,176,46,9,178,3,95,38,139,144,146,50,168,31,194,180,4,84,67,32,72,163,25,70,65,16,117,77,113,156,71,165,2,184,8,173,18,131,110,101,59,80,100,30,134,148,11,97,58,175,151,7,170,181,68,198,142,137,158,62,120,119,187,39,107,55,14,13,111,132,89,75,129,15,135,53,183,69,159,164,90,28,155,73,99,106,136,115,152,35,161,102,86,133,76,122,116,104,125,145,56,21,108,192,40,169,182,29,154,60,177,27,43,127,96,171,141,98,114,64,79,179,47,88,5,186,199,83,153,166,24,150,10,185,54,52,197,123,17,48,63];False
2919;6955;9874;[34,103,105,190,109,147,6,193,172,12,130,22,195,112,93,118,66,157,20,51,74,188,87,37,174,149,167,61,45,138,41,49,78,128,42,57,191,121,162,126,143,160,91,1,33,124,94,196,36,44,140,92,82,23,189,81,0,85,19,26,176,46,9,178,3,95,38,139,144,146,50,168,31,194,180,4,84,67,32,72,163,25,70,65,16,117,77,113,156,71,165,2,184,8,173,18,131,110,101,59,80,100,30,134,148,11,97,58,175,151,7,170,181,68,198,142,137,158,62,52,119,185,39,107,55,14,13,111,132,89,75,129,15,135,53,183,69,159,164,90,28,155,73,99,106,136,115,152,35,161,102,86,133,76,122,116,104,125,145,56,21,108,192,40,169,182,29,154,60,177,27,43,127,96,171,141,98,114,64,79,179,47,88,5,186,199,83,153,166,24,150,10,187,54,120,197,123,17,48,63];False
2979;6949;9928;[34,103,105,190,109,147,6,193,172,12,130,22,195,112,93,118,66,157,20,51,74,188,87,37,174,149,167,61,45,138,14,49,78,128,42,57,191,121,162,126,143,160,91,1,33,124,94,196,36,44,140,92,82,23,189,81,0,85,19,26,176,46,9,41,3,95,38,139,144,146,123,50,31,194,180,4,84,67,32,72,163,25,70,65,16,117,77,113,156,71,165,2,184,8,173,18,131,110,101,59,80,100,30,134,148,11,97,58,175,151,7,170,181,68,198,142,137,158,62,52,119,185,39,107,55,178,13,111,132,89,75,129,15,135,53,183,69,159,164,90,28,155,73,99,106,136,115,152,35,161,102,86,133,76,122,116,104,125,145,56,21,108,192,40,169,182,29,154,60,177,27,43,127,96,171,141,98,114,64,79,179,47,88,5,186,199,83,153,166,24,150,10,187,54,120,197,168,17,48,63];False
3036;6945;9981;[34,103,105,190,109,147,6,193,172,12,130,22,195,112,93,118,66,157,20,51,74,188,87,37,174,149,167,61,45,138,178,78,49,128,42,57,191,121,162,126,143,160,91,1,33,124,94,196,36,44,140,92,82,23,189,81,0,85,19,26,176,46,9,41,3,95,38,139,144,146,123,50,31,194,180,4,84,67,32,72,163,25,70,65,16,117,77,113,156,71,165,2,184,8,173,18,131,110,101,59,80,100,30,134,148,11,97,58,175,151,7,170,181,68,198,142,137,158,62,52,119,185,39,107,55,14,13,111,132,89,75,129,15,135,53,183,69,159,164,90,28,155,73,99,106,136,115,152,35,161,102,86,133,76,122,116,104,125,145,56,21,108,192,40,169,182,29,154,60,177,27,43,127,96,171,141,98,114,64,79,179,47,88,5,186,199,83,153,166,24,150,10,187,54,120,197,168,17,48,63];False
3058;6942;10000;[34,103,105,190,109,147,6,193,172,12,130,22,195,112,93,118,66,157,20,51,74,188,87,37,174,149,167,61,45,138,178,13,78,128,42,57,191,121,162,126,143,160,91,1,33,124,94,196,36,44,140,92,82,23,189,81,0,85,19,26,176,46,9,41,3,95,38,139,144,146,123,50,31,194,180,4,84,67,32,72,163,25,70,65,16,117,77,113,156,71,165,2,184,8,173,18,131,110,101,59,80,100,30,134,148,11,97,58,175,151,7,170,181,68,198,142,137,158,62,52,119,185,39,107,55,14,49,111,132,89,75,129,15,135,53,183,69,159,164,90,28,155,73,99,106,136,115,152,35,161,102,86,133,76,122,116,104,125,145,56,21,108,192,40,169,182,29,154,60,177,27,43,127,96,171,141,98,114,64,79,179,47,88,5,186,199,83,153,166,24,150,10,187,54,120,197,168,17,48,63];False
3134;6935;10069;[34,103,105,190,109,147,6,193,172,12,130,22,195,112,93,118,66,157,20,51,74,188,87,37,174,149,167,61,45,138,178,49,111,128,42,57,191,121,162,126,143,160,91,1,33,124,94,196,36,44,140,92,82,23,189,81,0,85,19,26,176,46,9,41,3,95,38,139,144,146,123,50,31,194,180,4,84,67,32,72,163,25,70,65,16,117,77,113,156,71,165,2,184,8,173,18,131,110,101,59,80,100,30,134,148,11,97,58,175,151,7,170,181,68,198,142,137,158,62,52,119,185,39,107,55,14,13,78,132,89,75,129,15,135,53,183,69,159,164,90,28,155,73,99,106,136,115,152,35,161,102,86,133,76,122,116,104,125,145,56,21,108,192,40,169,182,29,154,60,177,27,43,127,96,171,141,98,114,64,79,179,47,88,5,186,199,83,153,166,24,150,10,187,54,120,197,168,17,48,63];False
3096;6940;10036;[34,103,105,190,109,147,6,193,172,12,130,22,195,112,93,118,66,157,20,51,74,188,87,37,174,149,167,61,45,138,178,49,78,128,171,57,191,121,162,126,143,160,91,1,33,124,94,196,36,44,140,92,82,23,189,81,0,85,19,26,176,46,9,41,3,95,38,139,144,146,123,50,31,194,180,4,84,67,32,72,163,25,70,65,16,117,77,113,156,71,165,2,184,8,173,18,131,110,101,59,80,100,30,134,148,11,97,58,175,151,7,170,181,68,198,142,137,158,62,52,119,185,39,107,55,14,13,111,132,89,75,129,15,135,53,183,69,159,164,90,28,155,73,99,106,136,115,152,35,161,102,86,133,76,122,116,104,125,145,56,21,108,192,40,169,182,29,154,60,177,27,43,127,96,42,141,98,114,64,79,179,47,88,5,186,199,83,153,166,24,150,10,187,54,120,197,168,17,48,63];False
3162;6931;10093;[34,103,105,190,109,147,6,193,172,12,130,22,195,112,93,118,66,157,20,51,74,188,87,37,174,149,167,61,45,138,178,49,78,128,42,57,191,121,162,126,143,160,91,1,33,124,94,196,88,44,140,92,82,23,189,81,0,85,19,26,176,46,9,41,3,95,38,139,144,146,123,50,31,194,180,4,84,67,32,72,163,25,70,65,16,117,77,113,156,71,165,2,184,8,173,18,131,110,101,59,80,100,30,134,148,11,97,58,175,151,7,170,181,68,198,142,137,158,62,52,119,185,39,107,55,14,13,111,132,89,75,129,15,135,53,183,69,159,164,90,28,155,73,99,106,136,115,152,35,161,102,86,133,76,122,116,104,125,145,56,21,108,192,40,169,182,29,154,60,177,27,43,127,96,171,141,98,114,64,79,179,47,36,5,186,199,83,153,166,24,150,10,187,54,120,197,168,17,48,63];False
3048;6940;9988;[34,103,105,190,109,147,6,193,172,12,130,22,195,112,93,118,66,157,20,51,74,188,87,37,174,149,167,61,45,138,178,49,78,128,42,57,191,121,162,126,143,160,91,1,33,124,94,196,36,104,140,92,82,23,189,81,0,85,19,26,176,46,9,41,3,95,38,139,144,146,123,50,31,194,180,4,84,67,32,72,163,25,70,65,16,117,77,113,156,71,165,2,184,8,173,18,131,110,101,59,80,100,30,134,148,11,97,58,175,151,7,170,181,68,198,142,137,158,62,52,119,185,39,107,55,14,13,111,132,89,75,129,15,135,53,183,69,159,164,90,28,155,73,99,106,136,115,152,35,161,102,86,133,76,122,116,44,125,145,56,21,108,192,40,169,182,29,154,60,177,27,43,127,96,171,141,98,114,64,79,179,47,88,5,186,199,83,153,166,24,150,10,187,54,120,197,168,17,48,63];False
3122;6939;10061;[34,103,105,190,109,147,6,193,172,12,130,22,195,112,93,118,66,157,20,51,74,188,87,37,174,149,167,61,45,138,178,49,78,128,42,57,191,121,162,126,143,160,91,1,33,124,94,196,36,44,21,92,82,23,189,81,0,85,19,26,176,46,9,41,3,95,38,139,144,146,123,50,31,194,180,4,84,67,32,72,163,25,70,65,16,117,77,113,156,71,165,2,184,8,173,18,131,110,101,59,80,100,30,134,148,11,97,58,175,151,7,170,181,68,198,142,137,158,62,52,119,185,39,107,55,14,13,111,132,89,75,129,15,135,53,183,69,159,164,90,28,155,73,99,106,136,115,152,35,161,102,86,133,76,122,116,104,125,145,56,140,108,192,40,169,182,29,154,60,177,27,43,127,96,171,141,98,114,64,79,179,47,88,5,186,199,83,153,166,24,150,10,187,54,120,197,168,17,48,63];False
3128;6935;10063;[34,103,105,190,109,147,6,193,172,12,130,22,195,112,93,118,66,157,20,51,74,188,87,37,174,149,167,61,45,138,178,49,78,128,42,57,191,121,162,126,143,160,91,1,33,124,94,196,36,44,140,21,82,23,189,81,0,85,19,26,176,46,9,41,3,95,38,139,144,146,123,50,31,194,180,4,84,67,32,72,163,25,70,65,16,117,77,113,156,71,165,2,184,8,173,18,131,110,101,59,80,100,30,134,148,11,97,58,175,151,7,170,181,68,198,142,137,158,62,52,119,185,39,107,55,14,13,111,132,89,75,129,15,135,53,183,69,159,164,90,28,155,73,99,106,136,115,152,35,161,102,86,133,76,122,116,104,125,145,56,92,108,192,40,169,182,29,154,60,177,27,43,127,96,171,141,98,114,64,79,179,47,88,5,186,199,83,153,166,24,150,10,187,54,120,197,168,17,48,63];False
3039;6941;9980;[34,103,105,190,109,147,6,193,172,12,130,22,195,112,93,118,66,157,20,51,74,188,87,37,174,149,167,61,45,138,178,49,78,128,42,57,191,121,162,126,143,160,91,1,33,124,94,196,36,44,140,17,82,23,189,81,0,85,19,26,176,46,9,41,3,95,38,139,144,146,123,50,31,194,180,4,84,67,32,72,163,25,70,65,16,117,77,113,156,71,165,2,184,8,173,18,131,110,101,59,80,100,30,134,148,11,97,58,175,151,7,170,181,68,198,142,137,158,62,52,119,185,39,107,55,14,13,111,132,89,75,129,15,135,53,183,69,159,164,90,28,155,73,99,106,136,115,152,35,161,102,86,133,76,122,116,104,125,145,56,21,108,192,40,169,182,29,154,60,177,27,43,127,96,171,141,98,114,64,79,179,47,88,5,186,199,83,153,166,24,150,10,187,54,120,197,168,92,48,63];False
3029;6941;9970;[34,103,105,190,109,147,6,193,172,12,130,22,195,112,93,118,66,157,20,51,74,188,87,37,174,149,167,61,45,138,178,49,78,128,42,57,191,121,162,126,143,160,91,1,33,124,94,196,36,44,140,92,82,23,189,81,0,85,19,26,176,46,9,41,3,95,38,139,144,123,146,50,31,194,180,4,84,67,32,72,163,25,70,65,16,117,77,113,156,71,165,2,184,8,173,18,131,110,101,59,80,100,30,134,148,11,97,58,175,151,7,170,181,68,198,142,137,158,62,52,119,185,39,107,55,14,13,111,132,89,75,129,15,135,53,183,69,159,164,90,28,155,73,99,106,136,115,152,35,161,102,86,133,76,122,116,104,125,145,56,21,108,192,40,169,182,29,154,60,177,27,43,127,96,171,141,98,114,64,79,179,47,88,5,186,199,83,153,166,24,150,10,187,54,120,197,168,17,48,63];False
2968;6954;9922;[34,103,105,190,109,147,6,193,172,12,130,22,195,112,93,118,66,157,20,51,74,188,87,37,174,149,167,61,45,138,178,49,78,128,42,57,191,121,162,126,143,160,91,1,33,124,94,196,36,44,140,92,82,23,189,81,0,85,19,26,176,46,9,41,3,95,38,139,144,146,123,50,31,194,180,4,84,67,32,72,163,25,70,65,16,117,77,113,156,71,165,2,184,8,173,18,131,110,101,59,80,100,30,134,148,11,97,58,151,175,7,170,181,68,198,142,137,158,62,52,119,185,39,107,55,14,13,111,132,89,75,129,15,135,53,183,69,159,164,90,28,155,73,99,106,136,115,152,35,161,102,86,133,76,122,116,104,125,145,56,21,108,192,40,169,182,29,154,60,177,27,43,127,96,171,141,98,114,64,79,179,47,88,5,186,199,83,153,166,24,150,10,187,54,120,197,168,17,48,63];False
3093;6937;10030;[34,103,105,190,109,147,6,193,172,12,130,22,195,112,93,118,66,157,20,51,74,188,87,37,174,149,167,61,45,138,178,49,78,128,42,57,191,121,162,126,143,160,91,1,33,124,94,196,36,44,140,92,82,23,189,81,0,85,19,26,176,46,9,41,3,95,38,139,144,146,123,50,31,194,180,4,84,67,32,72,163,25,70,65,16,117,77,113,156,71,165,2,184,8,173,18,131,110,101,59,80,100,30,134,148,11,97,58,175,151,7,170,181,68,48,142,137,158,62,52,119,185,39,107,55,14,13,111,132,89,75,129,15,135,53,183,69,159,164,90,28,155,73,99,106,136,115,152,35,161,102,86,133,76,122,116,104,125,145,56,21,108,192,40,169,182,29,154,60,177,27,43,127,96,171,141,98,114,64,79,179,47,88,5,186,199,83,153,166,24,150,10,187,54,120,197,168,17,198,63];False
3165;6929;10094;[34,103,105,190,109,147,6,193,172,12,130,22,195,112,93,118,66,157,20,51,74,188,87,37,174,149,167,61,45,138,41,49,111,128,42,57,191,121,162,126,143,160,91,1,33,124,94,196,36,44,140,92,82,23,189,81,0,85,19,26,176,46,9,178,3,95,38,139,144,123,146,50,31,194,180,4,84,67,32,72,163,25,70,65,16,117,77,113,156,71,165,2,184,8,173,18,131,110,101,59,80,100,30,134,148,11,97,58,175,151,7,170,181,68,198,142,137,158,62,52,119,185,39,107,55,14,13,78,132,89,75,129,15,135,53,183,69,159,164,90,28,155,73,99,106,136,115,152,35,161,102,86,133,76,122,116,104,125,145,56,21,108,192,40,169,182,29,154,60,177,27,43,127,96,171,141,98,114,64,79,179,47,88,5,186,199,83,153,166,24,150,10,187,54,120,197,168,17,48,63];False
3127;6934;10061;[34,103,105,190,109,147,6,193,172,12,130,22,195,112,93,118,66,157,20,51,74,188,87,37,174,149,167,61,45,138,41,49,78,128,171,57,191,121,162,126,143,160,91,1,33,124,94,196,36,44,140,92,82,23,189,81,0,85,19,26,176,46,9,178,3,95,38,139,144,123,146,50,31,194,180,4,84,67,32,72,163,25,70,65,16,117,77,113,156,71,165,2,184,8,173,18,131,110,101,59,80,100,30,134,148,11,97,58,175,151,7,170,181,68,198,142,137,158,62,52,119,185,39,107,55,14,13,111,132,89,75,129,15,135,53,183,69,159,164,90,28,155,73,99,106,136,115,152,35,161,102,86,133,76,122,116,104,125,145,56,21,108,192,40,169,182,29,154,60,177,27,43,127,96,42,141,98,114,64,79,179,47,88,5,186,199,83,153,166,24,150,10,187,54,120,197,168,17,48,63];False
3010;6945;9955;[34,103,105,190,109,147,6,193,172,12,130,22,195,112,93,118,66,157,20,51,74,188,87,37,174,149,167,61,45,138,41,49,78,128,42,57,3,121,162,126,143,160,91,1,33,124,94,196,36,44,140,92,82,23,189,81,0,85,19,26,176,46,9,178,191,95,38,139,144,123,146,50,31,194,180,4,84,67,32,72,163,25,70,65,16,117,77,113,156,71,165,2,184,8,173,18,131,110,101,59,80,100,30,134,148,11,97,58,175,151,7,170,181,68,198,142,137,158,62,52,119,185,39,107,55,14,13,111,132,89,75,129,15,135,53,183,69,159,164,90,28,155,73,99,106,136,115,152,35,161,102,86,133,76,122,116,104,125,145,56,21,108,192,40,169,182,29,154,60,177,27,43,127,96,171,141,98,114,64,79,179,47,88,5,186,199,83,153,166,24,150,10,187,54,120,197,168,17,48,63];False
3193;6925;10118;[34,103,105,190,109,147,6,193,172,12,130,22,195,112,93,118,66,157,20,51,74,188,87,37,174,149,167,61,45,138,41,49,78,128,42,57,191,121,162,126,143,160,91,1,33,124,94,196,88,44,140,92,82,23,189,81,0,85,19,26,176,46,9,178,3,95,38,139,144,123,146,50,31,194,180,4,84,67,32,72,163,25,70,65,16,117,77,113,156,71,165,2,184,8,173,18,131,110,101,59,80,100,30,134,148,11,97,58,175,151,7,170,181,68,198,142,137,158,62,52,119,185,39,107,55,14,13,111,132,89,75,129,15,135,53,183,69,159,164,90,28,155,73,99,106,136,115,152,35,161,102,86,133,76,122,116,104,125,145,56,21,108,192,40,169,182,29,154,60,177,27,43,127,96,171,141,98,114,64,79,179,47,36,5,186,199,83,153,166,24,150,10,187,54,120,197,168,17,48,63];False
3079;6934;10013;[34,103,105,190,109,147,6,193,172,12,130,22,195,112,93,118,66,157,20,51,74,188,87,37,174,149,167,61,45,138,41,49,78,128,42,57,191,121,162,126,143,160,91,1,33,124,94,196,36,104,140,92,82,23,189,81,0,85,19,26,176,46,9,178,3,95,38,139,144,123,146,50,31,194,180,4,84,67,32,72,163,25,70,65,16,117,77,113,156,71,165,2,184,8,173,18,131,110,101,59,80,100,30,134,148,11,97,58,175,151,7,170,181,68,198,142,137,158,62,52,119,185,39,107,55,14,13,111,132,89,75,129,15,135,53,183,69,159,164,90,28,155,73,99,106,136,115,152,35,161,102,86,133,76,122,116,44,125,145,56,21,108,192,40,169,182,29,154,60,177,27,43,127,96,171,141,98,114,64,79,179,47,88,5,186,199,83,153,166,24,150,10,187,54,120,197,168,17,48,63];False
3153;6933;10086;[34,103,105,190,109,147,6,193,172,12,130,22,195,112,93,118,66,157,20,51,74,188,87,37,174,149,167,61,45,138,41,49,78,128,42,57,191,121,162,126,143,160,91,1,33,124,94,196,36,44,21,92,82,23,189,81,0,85,19,26,176,46,9,178,3,95,38,139,144,123,146,50,31,194,180,4,84,67,32,72,163,25,70,65,16,117,77,113,156,71,165,2,184,8,173,18,131,110,101,59,80,100,30,134,148,11,97,58,175,151,7,170,181,68,198,142,137,158,62,52,119,185,39,107,55,14,13,111,132,89,75,129,15,135,53,183,69,159,164,90,28,155,73,99,106,136,115,152,35,161,102,86,133,76,122,116,104,125,145,56,140,108,192,40,169,182,29,154,60,177,27,43,127,96,171,141,98,114,64,79,179,47,88,5,186,199,83,153,166,24,150,10,187,54,120,197,168,17,48,63];False
3159;6929;10088;[34,103,105,190,109,147,6,193,172,12,130,22,195,112,93,118,66,157,20,51,74,188,87,37,174,149,167,61,45,138,41,49,78,128,42,57,191,121,162,126,143,160,91,1,33,124,94,196,36,44,140,21,82,23,189,81,0,85,19,26,176,46,9,178,3,95,38,139,144,123,146,50,31,194,180,4,84,67,32,72,163,25,70,65,16,117,77,113,156,71,165,2,184,8,173,18,131,110,101,59,80,100,30,134,148,11,97,58,175,151,7,170,181,68,198,142,137,158,62,52,119,185,39,107,55,14,13,111,132,89,75,129,15,135,53,183,69,159,164,90,28,155,73,99,106,136,115,152,35,161,102,86,133,76,122,116,104,125,145,56,92,108,192,40,169,182,29,154,60,177,27,43,127,96,171,141,98,114,64,79,179,47,88,5,186,199,83,153,166,24,150,10,187,54,120,197,168,17,48,63];False
3070;6935;10005;[34,103,105,190,109,147,6,193,172,12,130,22,195,112,93,118,66,157,20,51,74,188,87,37,174,149,167,61,45,138,41,49,78,128,42,57,191,121,162,126,143,160,91,1,33,124,94,196,36,44,140,17,82,23,189,81,0,85,19,26,176,46,9,178,3,95,38,139,144,123,146,50,31,194,180,4,84,67,32,72,163,25,70,65,16,117,77,113,156,71,165,2,184,8,173,18,131,110,101,59,80,100,30,134,148,11,97,58,175,151,7,170,181,68,198,142,137,158,62,52,119,185,39,107,55,14,13,111,132,89,75,129,15,135,53,183,69,159,164,90,28,155,73,99,106,136,115,152,35,161,102,86,133,76,122,116,104,125,145,56,21,108,192,40,169,182,29,154,60,177,27,43,127,96,171,141,98,114,64,79,179,47,88,5,186,199,83,153,166,24,150,10,187,54,120,197,168,92,48,63];False
2975;6948;9923;[34,103,105,190,109,147,6,193,172,12,130,22,195,112,93,118,66,157,20,51,74,188,87,37,174,149,167,61,45,138,41,49,78,128,42,57,191,121,162,126,143,160,91,1,33,124,94,196,36,44,140,92,82,23,189,81,0,85,19,26,176,46,9,178,3,95,38,139,144,123,50,146,31,194,180,4,84,67,32,72,163,25,70,65,16,117,77,113,156,71,165,2,184,8,173,18,131,110,101,59,80,100,30,134,148,11,97,58,175,151,7,170,181,68,198,142,137,158,62,52,119,185,39,107,55,14,13,111,132,89,75,129,15,135,53,183,69,159,164,90,28,155,73,99,106,136,115,152,35,161,102,86,133,76,122,116,104,125,145,56,21,108,192,40,169,182,29,154,60,177,27,43,127,96,171,141,98,114,64,79,179,47,88,5,186,199,83,153,166,24,150,10,187,54,120,197,168,17,48,63];False
3124;6931;10055;[34,103,105,190,109,147,6,193,172,12,130,22,195,112,93,118,66,157,20,51,74,188,87,37,174,149,167,61,45,138,41,49,78,128,42,57,191,121,162,126,143,160,91,1,33,124,94,196,36,44,140,92,82,23,189,81,0,85,19,26,176,46,9,178,3,95,38,139,144,123,146,50,31,194,180,4,84,67,32,72,163,25,70,65,16,117,77,113,156,71,165,2,184,8,173,18,131,110,101,59,80,100,30,134,148,11,97,58,175,151,7,170,181,68,48,142,137,158,62,52,119,185,39,107,55,14,13,111,132,89,75,129,15,135,53,183,69,159,164,90,28,155,73,99,106,136,115,152,35,161,102,86,133,76,122,116,104,125,145,56,21,108,192,40,169,182,29,154,60,177,27,43,127,96,171,141,98,114,64,79,179,47,88,5,186,199,83,153,166,24,150,10,187,54,120,197,168,17,198,63];False
2973;6950;9923;[34,103,105,190,109,147,6,193,172,12,130,22,195,112,93,118,66,157,20,51,74,188,87,37,174,149,167,61,45,138,41,49,78,128,42,57,191,121,162,126,143,160,91,1,33,124,94,196,36,44,140,92,82,23,189,81,0,85,19,26,176,46,9,178,3,95,38,139,144,123,146,50,31,194,180,4,84,67,32,72,163,25,70,65,16,117,77,113,156,71,165,2,184,8,173,18,131,110,101,59,80,100,30,134,148,11,97,58,175,151,7,170,181,68,198,142,137,158,62,52,119,43,39,107,55,14,13,111,132,89,75,129,15,135,53,183,69,159,164,90,28,155,73,99,106,136,115,152,35,161,102,86,133,76,122,116,104,125,145,56,21,108,192,40,169,182,29,154,60,177,27,185,127,96,171,141,98,114,64,79,179,47,88,5,186,199,83,153,166,24,150,10,187,54,120,197,168,17,48,63];False
1490;8586;10076;[115,49,102,122,114,3,2,129,72,105,99,73,140,178,192,10,123,17,8,94,173,18,25,120,24,197,15,9,150,143,67,75,147,65,124,142,130,22,38,21,135,14,60,151,7,153,187,127,39,107,85,76,50,53,93,131,30,134,137,86,181,82,23,12,54,158,121,168,117,98,78,110,81,52,106,118,183,83,26,79,185,148,167,61,59,36,46,5,41,133,96,157,138,45,188,87,66,126,198,159,174,1,51,29,154,156,160,71,69,190,43,128,101,164,111,88,40,37,145,139,33,13,172,195,182,109,141,35,6,56,189,194,31,171,97,57,186,113,196,89,162,146,28,74,4,92,100,0,199,62,44,34,108,20,55,155,184,161,80,58,177,169,191,11,104,180,163,170,95,91,90,125,149,32,68,63,27,116,175,165,193,16,136,144,70,19,64,103,112,84,77,152,179,176,42,47,132,166,119,48];False
1506;8565;10071;[92,49,102,122,114,3,2,129,72,105,99,73,140,178,192,10,123,17,8,94,173,18,25,120,24,197,15,9,150,143,67,75,147,65,124,168,130,22,38,21,135,14,60,151,7,153,187,127,39,107,85,76,50,53,93,131,30,134,137,86,181,82,23,12,54,158,121,142,117,98,78,110,81,52,106,118,183,83,26,79,185,148,167,61,59,36,46,5,41,133,96,157,138,45,188,87,66,126,198,159,174,1,51,29,154,156,160,71,69,190,43,128,101,164,111,88,40,37,145,139,33,13,172,195,182,109,141,35,6,56,189,194,31,171,97,57,186,113,196,89,162,146,28,74,4,115,100,0,199,62,44,34,108,20,55,155,184,161,80,58,177,169,191,11,104,180,163,170,95,91,90,125,149,32,68,63,27,116,175,165,193,16,136,144,70,19,64,103,112,84,77,152,179,176,42,47,132,166,119,48];False
1502;8583;10085;[92,49,102,122,114,3,2,129,72,105,99,73,140,178,192,10,123,17,8,94,173,18,25,120,24,197,15,9,150,143,67,75,147,65,124,142,130,22,38,21,135,14,60,151,7,153,187,127,39,107,85,76,50,53,93,131,30,134,58,86,181,82,23,12,54,158,121,168,117,98,78,110,81,52,106,118,183,83,26,79,185,148,167,61,59,36,46,5,41,133,96,157,138,45,188,87,66,126,198,159,174,1,51,29,154,156,160,71,69,190,43,128,101,164,111,88,40,37,145,139,33,13,172,195,182,109,141,35,6,56,189,194,31,171,97,57,186,113,196,89,162,146,28,74,4,115,100,0,199,62,44,34,108,20,55,155,184,161,80,137,177,169,191,11,104,180,163,170,95,91,90,125,149,32,68,63,27,116,175,165,193,16,136,144,70,19,64,103,112,84,77,152,179,176,42,47,132,166,119,48];False
1503;8566;10069;[92,49,102,122,114,3,2,129,72,105,99,73,140,178,192,10,123,17,8,94,173,18,25,120,24,197,15,9,150,143,67,75,147,65,124,142,130,22,38,21,135,14,60,151,7,153,187,127,39,107,85,76,50,53,93,131,30,134,91,86,181,82,23,12,54,158,121,168,117,98,78,110,81,52,106,118,183,83,26,79,185,148,167,61,59,36,46,5,41,133,96,157,138,45,188,87,66,126,198,159,174,1,51,29,154,156,160,71,69,190,43,128,101,164,111,88,40,37,145,139,33,13,172,195,182,109,141,35,6,56,189,194,31,171,97,57,186,113,196,89,162,146,28,74,4,115,100,0,199,62,44,34,108,20,55,155,184,161,80,58,177,169,191,11,104,180,163,170,95,137,90,125,149,32,68,63,27,116,175,165,193,16,136,144,70,19,64,103,112,84,77,152,179,176,42,47,132,166,119,48];False
1490;8557;10047;[92,49,102,122,114,3,2,129,72,105,99,73,140,178,192,10,123,17,8,94,173,18,25,120,24,197,15,9,150,143,67,75,147,65,124,142,130,22,38,21,135,14,60,151,7,153,187,127,39,107,85,76,50,53,93,131,30,134,137,86,181,82,23,12,54,158,121,168,117,98,78,110,81,52,106,118,183,83,26,79,185,148,167,61,59,36,46,5,41,133,96,157,138,45,188,87,66,126,198,159,174,1,51,29,154,156,160,71,69,190,43,128,101,164,111,88,40,37,145,139,33,13,179,195,182,109,141,35,6,56,189,194,31,171,97,57,186,113,196,89,162,146,28,74,4,115,100,0,199,62,44,34,108,20,55,155,184,161,80,58,177,169,191,11,104,180,163,170,95,91,90,125,149,32,68,63,27,116,175,165,193,16,136,144,70,19,64,103,112,84,77,152,172,176,42,47,132,166,119,48];False
1487;8556;10043;[92,49,102,122,114,3,2,129,72,105,99,73,140,178,192,10,123,17,8,94,173,18,25,120,24,197,15,9,150,143,67,75,147,65,124,142,130,22,38,21,135,14,60,151,7,153,187,127,39,107,85,76,50,53,93,131,30,134,137,86,181,82,23,12,54,158,121,168,117,98,78,110,81,52,106,118,183,83,26,79,185,148,167,61,59,36,46,5,41,133,96,157,138,45,188,87,66,126,198,159,174,1,51,29,154,156,160,71,69,190,43,128,101,164,111,88,40,37,145,139,33,13,172,195,182,109,141,35,6,56,189,194,31,171,97,57,186,113,196,89,162,146,28,74,4,115,100,0,199,62,44,34,108,20,55,155,184,161,80,58,177,169,191,11,104,180,163,170,103,91,90,125,149,32,68,63,27,116,175,165,193,16,136,144,70,19,64,95,112,84,77,152,179,176,42,47,132,166,119,48];False
1485;8569;10054;[92,49,102,122,114,3,2,129,72,105,99,73,140,178,192,10,123,17,8,94,173,18,25,120,24,197,15,9,150,143,67,75,147,65,124,142,130,22,38,21,135,14,60,151,7,153,187,127,39,107,85,76,50,53,93,131,30,134,137,86,181,82,23,12,54,158,121,168,117,98,78,110,81,52,106,118,183,83,26,79,185,148,167,61,59,36,46,5,41,133,96,157,138,45,188,87,66,126,198,159,174,1,51,29,154,156,160,71,69,190,43,128,101,164,111,88,40,37,145,139,33,13,172,195,182,109,141,35,6,56,189,194,31,171,97,57,186,113,196,89,162,146,28,74,4,115,100,0,199,62,44,34,108,20,55,155,184,161,80,58,177,169,191,11,104,180,163,170,95,112,90,125,149,32,68,63,27,116,175,165,193,16,136,144,70,19,64,103,91,84,77,152,179,176,42,47,132,166,119,48];False
1477;8551;10028;[92,49,102,122,114,3,2,129,72,105,99,73,140,178,192,10,123,17,8,94,173,18,25,120,24,197,15,9,150,143,67,75,147,65,124,142,130,22,38,21,135,14,60,151,7,153,187,127,39,107,85,76,50,53,93,131,30,134,137,86,181,82,23,12,54,158,121,168,117,98,78,110,81,52,106,118,183,83,26,79,185,148,167,61,59,36,46,5,41,133,96,157,138,45,188,87,66,126,198,159,174,1,51,29,154,156,160,71,69,190,43,128,101,164,111,88,40,37,145,139,33,13,172,195,182,109,141,35,6,56,189,194,31,171,97,57,186,113,196,89,162,146,28,74,4,115,100,0,199,62,44,34,108,20,55,155,184,161,80,58,177,169,191,11,104,180,163,170,95,91,90,125,149,32,68,63,27,116,175,165,193,16,136,144,70,19,64,103,152,84,77,112,179,176,42,47,132,166,119,48];False
1473;8640;10113;[92,49,34,122,114,3,2,129,72,105,99,73,140,178,192,10,123,17,8,94,173,18,25,120,24,197,15,9,150,143,67,75,147,65,124,142,130,22,38,21,135,14,60,151,7,153,187,127,39,107,85,76,50,53,93,27,30,134,137,86,181,82,23,12,54,158,121,168,117,98,78,110,81,52,106,118,183,83,26,79,185,148,167,61,59,36,46,5,41,133,96,157,138,45,188,87,66,126,198,159,174,1,51,29,154,156,160,71,69,190,43,128,101,164,111,88,40,37,145,139,33,13,172,195,182,109,141,35,6,56,189,194,31,171,97,57,186,113,196,89,162,146,28,74,4,115,131,0,199,62,44,102,108,20,55,155,184,161,80,58,177,169,191,11,104,180,163,170,95,91,90,125,149,32,68,63,100,116,175,165,193,16,136,144,70,19,64,103,152,84,77,112,179,176,42,47,132,166,119,48];False
1473;8603;10076;[92,49,102,122,114,3,2,129,72,105,99,73,140,178,192,10,123,17,8,94,173,18,25,120,24,197,15,9,150,143,67,75,147,65,124,168,130,22,38,21,135,14,60,151,7,153,187,127,39,107,85,76,50,53,93,27,30,134,137,86,181,82,23,12,54,158,121,142,117,98,78,110,81,52,106,118,183,83,26,79,185,148,167,61,59,36,46,5,41,133,96,157,138,45,188,87,66,126,198,159,174,1,51,29,154,156,160,71,69,190,43,128,101,164,111,88,40,37,145,139,33,13,172,195,182,109,141,35,6,56,189,194,31,171,97,57,186,113,196,89,162,146,28,74,4,115,131,0,199,62,44,34,108,20,55,155,184,161,80,58,177,169,191,11,104,180,163,170,95,91,90,125,149,32,68,63,100,116,175,165,193,16,136,144,70,19,64,103,152,84,77,112,179,176,42,47,132,166,119,48];False
1469;8621;10090;[92,49,102,122,114,3,2,129,72,105,99,73,140,178,192,10,123,17,8,94,173,18,25,120,24,197,15,9,150,143,67,75,147,65,124,142,130,22,38,21,135,14,60,151,7,153,187,127,39,107,85,76,50,53,93,27,30,134,58,86,181,82,23,12,54,158,121,168,117,98,78,110,81,52,106,118,183,83,26,79,185,148,167,61,59,36,46,5,41,133,96,157,138,45,188,87,66,126,198,159,174,1,51,29,154,156,160,71,69,190,43,128,101,164,111,88,40,37,145,139,33,13,172,195,182,109,141,35,6,56,189,194,31,171,97,57,186,113,196,89,162,146,28,74,4,115,131,0,199,62,44,34,108,20,55,155,184,161,80,137,177,169,191,11,104,180,163,170,95,91,90,125,149,32,68,63,100,116,175,165,193,16,136,144,70,19,64,103,152,84,77,112,179,176,42,47,132,166,119,48];False
1470;8604;10074;[92,49,102,122,114,3,2,129,72,105,99,73,140,178,192,10,123,17,8,94,173,18,25,120,24,197,15,9,150,143,67,75,147,65,124,142,130,22,38,21,135,14,60,151,7,153,187,127,39,107,85,76,50,53,93,27,30,134,91,86,181,82,23,12,54,158,121,168,117,98,78,110,81,52,106,118,183,83,26,79,185,148,167,61,59,36,46,5,41,133,96,157,138,45,188,87,66,126,198,159,174,1,51,29,154,156,160,71,69,190,43,128,101,164,111,88,40,37,145,139,33,13,172,195,182,109,141,35,6,56,189,194,31,171,97,57,186,113,196,89,162,146,28,74,4,115,131,0,199,62,44,34,108,20,55,155,184,161,80,58,177,169,191,11,104,180,163,170,95,137,90,125,149,32,68,63,100,116,175,165,193,16,136,144,70,19,64,103,152,84,77,112,179,176,42,47,132,166,119,48];False
1497;8547;10044;[92,49,102,122,114,3,2,129,72,105,99,73,140,178,192,10,123,17,8,94,173,18,25,120,24,197,15,9,150,143,67,75,147,65,124,142,130,22,38,21,135,14,60,151,7,153,187,127,39,107,85,76,50,53,93,27,30,134,137,86,181,82,23,12,54,158,121,168,117,98,78,110,81,52,106,118,183,83,64,79,185,148,167,61,59,36,46,5,41,133,96,157,138,45,188,87,66,126,198,159,174,1,51,29,154,156,160,71,69,190,43,128,101,164,111,88,40,37,145,139,33,13,172,195,182,109,141,35,6,56,189,194,31,171,97,57,186,113,196,89,162,146,28,74,4,115,131,0,199,62,44,34,108,20,55,155,184,161,80,58,177,169,191,11,104,180,163,170,95,91,90,125,149,32,68,63,100,116,175,165,193,16,136,144,70,19,26,103,152,84,77,112,179,176,42,47,132,166,119,48];False
1459;8674;10133;[92,49,102,122,114,3,2,129,72,105,99,73,140,178,192,10,123,17,8,94,173,18,25,120,24,197,15,9,150,143,67,75,147,65,124,142,130,22,38,21,135,14,60,151,7,153,187,127,39,107,85,76,50,53,93,27,30,134,137,86,181,82,23,12,54,158,121,168,117,98,78,110,81,52,106,118,183,83,26,79,185,74,167,61,59,36,46,5,41,133,96,157,138,45,188,87,66,126,198,159,174,1,51,29,154,156,160,71,69,190,43,128,101,164,111,88,40,37,145,139,33,13,172,195,182,109,141,35,6,56,189,194,31,171,97,57,186,113,196,89,162,146,28,148,4,115,131,0,199,62,44,34,108,20,55,155,184,161,80,58,177,169,191,11,104,180,163,170,95,91,90,125,149,32,68,63,100,116,175,165,193,16,136,144,70,19,64,103,152,84,77,112,179,176,42,47,132,166,119,48];False
1498;8523;10021;[92,49,102,122,114,3,2,129,72,105,99,73,140,178,192,10,123,17,8,94,173,18,25,120,24,197,15,9,150,143,67,75,147,65,124,142,130,22,38,21,135,14,60,151,7,153,187,127,39,107,85,76,50,53,93,27,30,134,137,86,181,82,23,12,54,158,121,168,117,98,78,110,81,52,106,118,183,83,26,79,185,148,167,61,59,36,46,5,41,133,96,157,138,45,188,87,66,126,198,159,174,1,51,29,154,156,160,71,69,190,43,128,101,100,111,88,40,37,145,139,33,13,172,195,182,109,141,35,6,56,189,194,31,171,97,57,186,113,196,89,162,146,28,74,4,115,131,0,199,62,44,34,108,20,55,155,184,161,80,58,177,169,191,11,104,180,163,170,95,91,90,125,149,32,68,63,164,116,175,165,193,16,136,144,70,19,64,103,152,84,77,112,179,176,42,47,132,166,119,48];False
1470;8594;10064;[92,49,102,122,114,3,2,129,72,105,99,73,140,178,192,10,123,17,8,94,173,18,25,120,24,197,15,9,150,143,67,75,147,65,124,142,130,22,38,21,135,14,60,151,7,153,187,127,39,107,85,76,50,53,93,27,30,134,137,86,181,82,23,12,54,158,121,168,117,98,78,110,81,52,106,118,183,83,26,79,185,148,167,61,59,36,46,5,41,133,96,157,138,45,188,87,66,126,198,159,174,1,51,29,154,156,160,71,69,190,43,128,101,164,111,88,40,37,145,139,33,13,172,195,182,109,141,35,6,56,189,194,31,171,97,57,186,113,196,89,162,146,28,74,4,115,131,0,199,62,44,34,108,20,55,155,184,161,80,58,177,169,191,11,104,180,163,170,95,152,90,125,149,32,68,63,100,116,175,165,193,16,136,144,70,19,64,103,91,84,77,112,179,176,42,47,132,166,119,48];False
3354;6915;10269;[16,194,180,41,187,117,40,169,172,132,166,22,195,112,8,184,191,93,66,157,20,188,87,37,174,149,167,61,45,138,104,125,78,128,42,57,3,121,162,126,143,160,91,1,33,124,94,196,130,103,140,17,82,23,189,81,0,85,19,26,176,46,9,142,170,95,38,139,144,63,51,56,21,92,147,4,84,67,32,72,163,25,70,74,198,173,113,190,156,71,165,193,168,31,6,18,131,110,101,59,80,100,30,134,148,11,97,58,175,151,7,77,181,68,123,89,137,158,54,52,12,49,39,107,55,14,13,111,119,145,75,129,15,135,53,183,69,159,164,90,28,155,73,99,106,136,115,152,35,161,102,86,133,76,122,116,65,118,109,50,34,108,192,2,36,182,29,154,60,177,27,43,127,96,171,141,98,114,64,79,179,47,88,5,186,199,83,153,197,24,150,10,185,62,120,178,105,44,48,146];False
3300;6920;10220;[16,194,180,41,187,117,2,169,172,132,166,22,195,112,8,45,191,93,66,157,20,188,87,37,174,149,167,61,184,138,104,125,78,128,42,57,3,121,162,126,143,160,91,1,33,124,94,196,130,103,140,17,82,23,189,81,0,85,19,26,176,46,9,142,170,95,38,139,144,63,51,56,21,92,147,4,84,67,32,72,163,25,70,74,198,173,113,190,156,71,165,193,168,31,6,18,131,110,101,59,80,100,30,134,148,11,97,58,175,151,7,77,181,68,123,89,137,158,54,52,12,49,39,107,55,14,13,111,119,145,75,129,15,135,53,183,69,159,164,90,28,155,73,99,106,136,115,152,35,161,102,86,133,76,122,116,65,118,109,50,34,108,192,40,36,182,29,154,60,177,27,43,127,96,171,141,98,114,64,79,179,47,88,5,186,199,83,153,197,24,150,10,185,62,120,178,105,44,48,146];False
3327;6918;10245;[16,194,180,41,187,117,2,169,172,132,166,22,195,112,8,184,191,93,66,157,20,188,87,118,174,149,167,61,45,138,104,125,78,128,42,57,3,121,162,126,143,160,91,1,33,124,94,196,130,103,140,17,82,23,189,81,0,85,19,26,176,46,9,142,170,95,38,139,144,63,51,56,21,92,147,4,84,67,32,72,163,25,70,74,198,173,113,190,156,71,165,193,168,31,6,18,131,110,101,59,80,100,30,134,148,11,97,58,175,151,7,77,181,68,123,89,137,158,54,52,12,49,39,107,55,14,13,111,119,145,75,129,15,135,53,183,69,159,164,90,28,155,73,99,106,136,115,152,35,161,102,86,133,76,122,116,65,37,109,50,34,108,192,40,36,182,29,154,60,177,27,43,127,96,171,141,98,114,64,79,179,47,88,5,186,199,83,153,197,24,150,10,185,62,120,178,105,44,48,146];False
3388;6910;10298;[16,194,180,41,187,117,2,169,172,132,166,22,195,112,8,184,191,93,66,157,20,188,87,37,174,23,167,61,45,138,104,125,78,128,42,57,3,121,162,126,143,160,91,1,33,124,94,196,130,103,140,17,82,149,189,81,0,85,19,26,176,46,9,142,170,95,38,139,144,63,51,56,21,92,147,4,84,67,32,72,163,25,70,74,198,173,113,190,156,71,165,193,168,31,6,18,131,110,101,59,80,100,30,134,148,11,97,58,175,151,7,77,181,68,123,89,137,158,54,52,12,49,39,107,55,14,13,111,119,145,75,129,15,135,53,183,69,159,164,90,28,155,73,99,106,136,115,152,35,161,102,86,133,76,122,116,65,118,109,50,34,108,192,40,36,182,29,154,60,177,27,43,127,96,171,141,98,114,64,79,179,47,88,5,186,199,83,153,197,24,150,10,185,62,120,178,105,44,48,146];False
3384;6909;10293;[16,194,180,41,187,117,2,169,172,132,166,22,195,112,8,184,191,93,66,157,20,188,87,37,174,149,167,61,45,138,104,125,78,128,171,57,3,121,162,126,143,160,91,1,33,124,94,196,130,103,140,17,82,23,189,81,0,85,19,26,176,46,9,142,170,95,38,139,144,63,51,56,21,92,147,4,84,67,32,72,163,25,70,74,198,173,113,190,156,71,165,193,168,31,6,18,131,110,101,59,80,100,30,134,148,11,97,58,175,151,7,77,181,68,123,89,137,158,54,52,12,49,39,107,55,14,13,111,119,145,75,129,15,135,53,183,69,159,164,90,28,155,73,99,106,136,115,152,35,161,102,86,133,76,122,116,65,118,109,50,34,108,192,40,36,182,29,154,60,177,27,43,127,96,42,141,98,114,64,79,179,47,88,5,186,199,83,153,197,24,150,10,185,62,120,178,105,44,48,146];False
3417;6908;10325;[16,194,180,41,187,117,2,169,172,132,166,22,195,112,8,184,191,93,66,157,20,188,87,37,174,149,167,61,45,138,104,125,78,128,42,57,26,121,162,126,143,160,91,1,33,124,94,196,130,103,140,17,82,23,189,81,0,85,19,3,176,46,9,142,170,95,38,139,144,63,51,56,21,92,147,4,84,67,32,72,163,25,70,74,198,173,113,190,156,71,165,193,168,31,6,18,131,110,101,59,80,100,30,134,148,11,97,58,175,151,7,77,181,68,123,89,137,158,54,52,12,49,39,107,55,14,13,111,119,145,75,129,15,135,53,183,69,159,164,90,28,155,73,99,106,136,115,152,35,161,102,86,133,76,122,116,65,118,109,50,34,108,192,40,36,182,29,154,60,177,27,43,127,96,171,141,98,114,64,79,179,47,88,5,186,199,83,153,197,24,150,10,185,62,120,178,105,44,48,146];False
3276;6919;10195;[16,194,180,41,187,117,2,169,172,132,166,22,195,112,8,184,191,93,66,157,20,188,87,37,174,149,167,61,45,138,104,125,78,128,42,57,3,121,162,126,143,160,142,1,33,124,94,196,130,103,140,17,82,23,189,81,0,85,19,26,176,46,9,91,170,95,38,139,144,63,51,56,21,92,147,4,84,67,32,72,163,25,70,74,198,173,113,190,156,71,165,193,168,31,6,18,131,110,101,59,80,100,30,134,148,11,97,58,175,151,7,77,181,68,123,89,137,158,54,52,12,49,39,107,55,14,13,111,119,145,75,129,15,135,53,183,69,159,164,90,28,155,73,99,106,136,115,152,35,161,102,86,133,76,122,116,65,118,109,50,34,108,192,40,36,182,29,154,60,177,27,43,127,96,171,141,98,114,64,79,179,47,88,5,186,199,83,153,197,24,150,10,185,62,120,178,105,44,48,146];False
3423;6906;10329;[16,194,180,41,187,117,2,169,172,132,166,22,195,112,8,184,191,93,66,157,20,188,87,37,174,149,167,61,45,138,104,125,78,128,42,57,3,121,162,126,143,160,91,1,33,124,94,196,130,103,140,17,82,23,189,81,0,85,40,26,176,46,9,142,170,95,38,139,144,63,51,56,21,92,147,4,84,67,32,72,163,25,70,74,198,173,113,190,156,71,165,193,168,31,6,18,131,110,101,59,80,100,30,134,148,11,97,58,175,151,7,77,181,68,123,89,137,158,54,52,12,49,39,107,55,14,13,111,119,145,75,129,15,135,53,183,69,159,164,90,28,155,73,99,106,136,115,152,35,161,102,86,133,76,122,116,65,118,109,50,34,108,192,19,36,182,29,154,60,177,27,43,127,96,171,141,98,114,64,79,179,47,88,5,186,199,83,153,197,24,150,10,185,62,120,178,105,44,48,146];False
3366;6903;10269;[16,194,180,41,187,117,2,169,172,132,166,22,195,112,8,184,191,93,66,157,20,188,87,37,174,149,167,61,45,138,104,125,78,128,42,57,3,121,162,126,143,160,91,1,33,124,94,196,130,103,140,17,82,23,189,81,0,85,19,26,176,46,9,142,170,95,40,139,144,63,51,56,21,92,147,4,84,67,32,72,163,25,70,74,198,173,113,190,156,71,165,193,168,31,6,18,131,110,101,59,80,100,30,134,148,11,97,58,175,151,7,77,181,68,123,89,137,158,54,52,12,49,39,107,55,14,13,111,119,145,75,129,15,135,53,183,69,159,164,90,28,155,73,99,106,136,115,152,35,161,102,86,133,76,122,116,65,118,109,50,34,108,192,38,36,182,29,154,60,177,27,43,127,96,171,141,98,114,64,79,179,47,88,5,186,199,83,153,197,24,150,10,185,62,120,178,105,44,48,146];False
3273;6919;10192;[16,194,180,41,187,117,2,169,172,132,166,22,195,112,8,184,191,93,66,157,20,188,87,37,174,149,167,61,45,138,104,125,78,128,42,57,3,121,162,126,143,160,91,1,33,124,94,196,130,103,140,17,82,23,189,81,0,85,19,26,176,46,9,142,170,95,38,139,144,146,51,56,21,92,147,4,84,67,32,72,163,25,70,74,198,173,113,190,156,71,165,193,168,31,6,18,131,110,101,59,80,100,30,134,148,11,97,58,175,151,7,77,181,68,123,89,137,158,54,52,12,49,39,107,55,14,13,111,119,145,75,129,15,135,53,183,69,159,164,90,28,155,73,99,106,136,115,152,35,161,102,86,133,76,122,116,65,118,109,50,34,108,192,40,36,182,29,154,60,177,27,43,127,96,171,141,98,114,64,79,179,47,88,5,186,199,83,153,197,24,150,10,185,62,120,178,105,44,48,63];False
3346;6912;10258;[16,194,180,41,187,117,2,169,172,132,166,22,195,112,8,184,191,93,66,157,20,188,87,37,174,149,167,61,45,138,104,125,78,128,42,57,3,121,162,126,143,160,91,1,33,124,94,196,130,103,140,17,82,23,189,81,0,85,19,26,176,46,9,142,170,95,38,139,144,63,50,56,21,92,147,4,84,67,32,72,163,25,70,74,198,173,113,190,156,71,165,193,168,31,6,18,131,110,101,59,80,100,30,134,148,11,97,58,175,151,7,77,181,68,123,89,137,158,54,52,12,49,39,107,55,14,13,111,119,145,75,129,15,135,53,183,69,159,164,90,28,155,73,99,106,136,115,152,35,161,102,86,133,76,122,116,65,118,109,51,34,108,192,40,36,182,29,154,60,177,27,43,127,96,171,141,98,114,64,79,179,47,88,5,186,199,83,153,197,24,150,10,185,62,120,178,105,44,48,146];False
3331;6909;10240;[16,194,180,41,187,117,2,169,172,132,166,22,195,112,8,184,191,93,66,157,20,188,87,37,174,149,167,61,45,138,104,125,78,128,42,57,3,121,162,126,143,160,91,1,33,124,94,196,130,103,140,17,82,23,189,81,0,85,19,26,176,46,9,142,170,95,38,139,144,63,51,56,21,92,147,4,84,67,32,72,163,25,70,74,198,173,113,105,156,71,165,193,168,31,6,18,131,110,101,59,80,100,30,134,148,11,97,58,175,151,7,77,181,68,123,89,137,158,54,52,12,49,39,107,55,14,13,111,119,145,75,129,15,135,53,183,69,159,164,90,28,155,73,99,106,136,115,152,35,161,102,86,133,76,122,116,65,118,109,50,34,108,192,40,36,182,29,154,60,177,27,43,127,96,171,141,98,114,64,79,179,47,88,5,186,199,83,153,197,24,150,10,185,62,120,178,190,44,48,146];False
3322;6917;10239;[16,194,180,41,187,117,2,169,172,132,166,22,195,112,8,184,191,93,66,157,20,188,87,37,174,149,167,61,45,138,104,125,78,128,42,57,3,121,162,126,143,160,91,1,33,124,94,196,130,103,140,17,82,23,189,81,0,85,19,26,176,46,9,142,170,95,38,139,144,63,51,56,21,92,147,4,84,67,32,72,163,25,70,74,198,173,113,190,156,71,165,193,168,31,6,18,131,110,101,59,80,100,30,134,141,11,97,58,175,151,7,77,181,68,123,89,137,158,54,52,12,49,39,107,55,14,13,111,119,145,75,129,15,135,53,183,69,159,164,90,28,155,73,99,106,136,115,152,35,161,102,86,133,76,122,116,65,118,109,50,34,108,192,40,36,182,29,154,60,177,27,43,127,96,171,148,98,114,64,79,179,47,88,5,186,199,83,153,197,24,150,10,185,62,120,178,105,44,48,146];False
3256;6923;10179;[16,194,180,41,187,117,2,169,172,132,166,22,195,112,8,184,191,93,66,157,20,188,87,37,174,149,167,61,45,138,104,125,78,128,42,57,3,121,162,126,143,160,91,1,33,124,94,196,130,103,140,17,82,23,189,81,0,85,19,26,176,46,9,142,170,95,38,139,144,63,51,56,21,92,147,4,84,67,32,72,163,25,70,74,198,173,113,190,156,71,165,193,168,31,6,18,131,110,101,59,80,100,30,134,148,11,97,58,151,175,7,77,181,68,123,89,137,158,54,52,12,49,39,107,55,14,13,111,119,145,75,129,15,135,53,183,69,159,164,90,28,155,73,99,106,136,115,152,35,161,102,86,133,76,122,116,65,118,109,50,34,108,192,40,36,182,29,154,60,177,27,43,127,96,171,141,98,114,64,79,179,47,88,5,186,199,83,153,197,24,150,10,185,62,120,178,105,44,48,146];False
3308;6917;10225;[16,194,180,41,187,117,2,169,172,132,166,22,195,112,8,184,191,93,66,157,20,188,87,37,174,149,167,61,45,138,104,125,78,128,42,57,3,121,162,126,143,160,91,1,33,124,94,196,130,103,140,17,82,23,189,81,0,85,19,26,176,46,9,142,170,95,38,139,144,63,51,56,21,92,147,4,84,67,32,72,163,25,70,74,198,173,113,190,156,71,165,193,168,31,6,18,131,110,101,59,80,100,30,134,148,11,97,58,54,151,7,77,181,68,123,89,137,158,175,52,12,49,39,107,55,14,13,111,119,145,75,129,15,135,53,183,69,159,164,90,28,155,73,99,106,136,115,152,35,161,102,86,133,76,122,116,65,118,109,50,34,108,192,40,36,182,29,154,60,177,27,43,127,96,171,141,98,114,64,79,179,47,88,5,186,199,83,153,197,24,150,10,185,62,120,178,105,44,48,146];False
3378;6902;10280;[16,194,180,41,187,117,2,169,172,132,166,22,195,112,8,184,191,93,66,157,20,188,87,37,174,149,167,61,45,138,104,125,78,128,42,57,3,121,162,126,143,160,91,1,33,124,94,196,130,103,140,17,82,23,189,81,0,85,19,26,176,46,9,142,170,95,38,139,144,63,51,56,21,92,147,4,84,67,32,72,163,25,70,74,198,173,113,190,156,71,165,193,168,31,6,18,131,110,101,59,80,100,30,134,148,11,97,58,175,151,7,77,181,68,123,29,137,158,54,52,12,49,39,107,55,14,13,111,119,145,75,129,15,135,53,183,69,159,164,90,28,155,73,99,106,136,115,152,35,161,102,86,133,76,122,116,65,118,109,50,34,108,192,40,36,182,89,154,60,177,27,43,127,96,171,141,98,114,64,79,179,47,88,5,186,199,83,153,197,24,150,10,185,62,120,178,105,44,48,146];False
3351;6901;10252;[16,194,180,41,187,117,2,169,172,132,166,22,195,112,8,184,191,93,66,157,20,188,87,37,174,149,167,61,45,138,104,125,78,128,42,57,3,121,162,126,143,160,91,1,33,124,94,196,130,103,140,17,82,23,189,81,0,85,19,26,176,46,9,142,170,95,38,139,144,63,51,56,21,92,147,4,84,67,32,72,163,25,70,74,198,173,113,190,156,71,165,193,168,31,6,18,131,110,101,59,80,100,30,134,148,11,97,58,175,151,7,77,181,68,123,89,137,158,62,52,12,49,39,107,55,14,13,111,119,145,75,129,15,135,53,183,69,159,164,90,28,155,73,99,106,136,115,152,35,161,102,86,133,76,122,116,65,118,109,50,34,108,192,40,36,182,29,154,60,177,27,43,127,96,171,141,98,114,64,79,179,47,88,5,186,199,83,153,197,24,150,10,185,54,120,178,105,44,48,146];False
3232;6918;10150;[16,194,180,41,187,117,2,169,172,132,166,22,195,112,8,184,191,93,66,157,20,188,87,37,174,149,167,61,45,138,104,125,78,128,42,57,3,121,162,126,143,160,91,1,33,124,94,196,130,103,140,17,82,23,189,81,0,85,19,26,176,46,9,142,170,95,38,139,144,63,51,56,21,92,147,4,84,67,32,72,163,25,70,74,198,173,113,190,156,71,165,193,168,31,6,18,131,110,101,59,80,100,30,134,148,11,97,58,175,151,7,77,181,68,123,89,137,158,54,52,12,49,39,107,105,14,13,111,119,145,75,129,15,135,53,183,69,159,164,90,28,155,73,99,106,136,115,152,35,161,102,86,133,76,122,116,65,118,109,50,34,108,192,40,36,182,29,154,60,177,27,43,127,96,171,141,98,114,64,79,179,47,88,5,186,199,83,153,197,24,150,10,185,62,120,178,55,44,48,146];False
1456;8791;10247;[174,113,61,19,64,101,110,175,145,143,160,105,93,118,48,99,141,86,45,15,173,18,25,115,24,197,26,9,77,20,129,72,147,65,87,106,196,22,38,14,2,1,75,12,165,153,122,127,39,73,6,76,50,51,74,100,30,134,137,187,181,82,23,151,54,158,121,92,49,112,31,142,81,52,108,53,183,83,7,79,185,148,167,189,59,36,46,5,27,133,96,157,138,41,152,56,66,126,198,159,140,182,178,29,154,156,117,71,69,190,43,128,85,164,111,192,40,124,150,139,33,13,172,195,10,78,60,35,88,135,34,194,130,171,116,57,186,98,84,89,162,146,119,28,4,97,131,67,199,62,102,120,3,114,55,155,184,161,80,58,177,169,191,11,104,193,163,170,95,91,90,125,149,32,68,63,37,109,0,94,8,16,136,144,70,168,17,103,21,180,107,188,179,176,42,47,132,166,123,44];False
1438;8885;10323;[93,113,61,19,64,94,110,175,145,143,160,105,174,118,48,99,141,86,45,15,173,18,25,115,24,197,26,9,77,20,129,72,147,65,87,106,196,22,38,14,2,1,75,12,165,153,122,127,39,73,6,76,50,51,74,100,30,134,137,187,181,82,23,151,54,158,121,92,49,112,31,142,81,52,108,53,183,83,7,79,185,148,167,189,59,36,46,5,27,133,96,157,138,41,152,56,66,126,198,159,140,182,178,29,154,156,117,71,69,190,43,128,85,164,111,192,40,124,150,139,33,13,172,195,10,78,60,35,88,135,34,194,130,171,116,57,186,98,84,89,162,146,119,28,4,97,131,67,199,62,102,120,3,114,55,155,184,161,80,58,177,169,191,11,104,193,163,170,95,91,90,125,149,32,68,63,37,109,0,101,8,16,136,144,70,168,17,103,21,180,107,188,179,176,42,47,132,166,123,44];False
1452;8804;10256;[93,113,61,19,64,101,110,175,145,143,160,105,174,118,48,99,141,86,45,15,173,18,25,115,24,197,26,9,77,20,129,72,147,65,87,106,196,22,38,14,2,1,75,12,165,153,122,127,39,73,6,76,50,51,74,100,30,134,137,187,181,82,23,151,54,158,121,92,49,112,31,142,81,52,108,53,183,83,7,79,185,148,167,189,59,36,46,5,27,133,96,157,138,41,152,56,66,126,198,159,140,182,178,29,154,156,117,71,69,190,43,128,85,164,111,192,40,124,150,139,33,13,172,195,10,78,60,35,88,135,34,194,130,171,116,57,186,98,84,89,162,146,119,28,4,97,131,67,199,62,102,120,3,114,55,155,184,161,80,58,177,169,191,11,104,193,163,170,95,91,90,125,149,32,68,63,37,109,94,0,8,16,136,144,70,168,17,103,21,180,107,188,179,176,42,47,132,166,123,44];False
1444;8861;10305;[85,113,61,19,64,101,110,175,145,143,160,105,93,118,48,99,141,86,45,15,173,18,25,115,24,197,26,9,77,20,129,72,147,65,87,106,196,22,38,174,1,2,75,12,165,153,122,127,39,73,6,76,50,51,74,100,30,134,137,187,181,82,23,151,54,158,121,92,49,112,31,142,81,52,108,53,183,83,7,79,185,148,167,189,59,36,46,5,27,133,96,157,138,41,152,56,66,126,198,159,140,182,178,29,154,156,117,71,69,190,43,128,14,164,111,192,40,124,150,139,33,13,172,195,10,78,60,35,88,135,34,194,130,171,116,57,186,98,84,89,162,146,119,28,4,97,131,67,199,62,102,120,3,114,55,155,184,161,80,58,177,169,191,11,104,193,163,170,95,91,90,125,149,32,68,63,37,109,0,94,8,16,136,144,70,168,17,103,21,180,107,188,179,176,42,47,132,166,123,44];False
1442;8878;10320;[14,113,110,19,64,101,61,175,145,143,160,105,93,118,48,99,141,86,45,15,173,18,25,115,24,197,26,9,77,20,129,72,147,65,87,106,196,22,38,174,1,2,75,12,165,153,122,127,39,73,6,76,50,51,74,100,30,134,137,187,181,82,23,151,54,158,121,92,49,112,31,142,81,52,108,53,183,83,7,79,185,148,167,189,59,36,46,5,27,133,96,157,138,41,152,56,66,126,198,159,140,182,178,29,154,156,117,71,69,190,43,128,85,164,111,192,40,124,150,139,33,13,172,195,10,78,60,35,88,135,34,194,130,171,116,57,186,98,84,89,162,146,119,28,4,97,131,67,199,62,102,120,3,114,55,155,184,161,80,58,177,169,191,11,104,193,163,170,95,91,90,125,149,32,68,63,37,109,0,94,8,16,136,144,70,168,17,103,21,180,107,188,179,176,42,47,132,166,123,44];False
1437;8835;10272;[14,113,61,19,64,101,75,175,145,143,160,105,93,118,48,99,141,86,45,15,173,18,25,115,24,197,26,9,77,20,129,72,147,65,87,106,196,22,38,174,1,2,110,12,165,153,122,127,39,73,6,76,50,51,74,100,30,134,137,187,181,82,23,151,54,158,121,92,49,112,31,142,81,52,108,53,183,83,7,79,185,148,167,189,59,36,46,5,27,133,96,157,138,41,152,56,66,126,198,159,140,182,178,29,154,156,117,71,69,190,43,128,85,164,111,192,40,124,150,139,33,13,172,195,10,78,60,35,88,135,34,194,130,171,116,57,186,98,84,89,162,146,119,28,4,97,131,67,199,62,102,120,3,114,55,155,184,161,80,58,177,169,191,11,104,193,163,170,95,91,90,125,149,32,68,63,37,109,0,94,8,16,136,144,70,168,17,103,21,180,107,188,179,176,42,47,132,166,123,44];False
1447;8813;10260;[14,113,61,19,64,101,110,175,145,143,160,105,93,118,48,99,141,86,45,15,173,18,25,115,24,197,26,9,77,20,129,72,147,65,87,106,196,22,38,174,1,2,75,12,165,153,122,127,39,73,6,76,50,51,74,100,30,134,137,187,181,82,23,151,54,158,121,92,49,112,31,142,81,52,108,53,183,83,7,79,185,148,167,189,59,36,46,5,27,133,96,157,138,41,152,56,66,126,198,159,140,182,178,29,154,156,117,71,69,190,43,128,85,164,111,192,40,124,150,139,33,13,172,195,10,78,60,35,88,135,34,194,130,171,116,57,186,98,84,89,162,146,119,28,4,97,131,67,199,62,102,120,3,114,55,155,184,161,80,58,177,169,191,11,104,193,163,170,95,91,90,125,149,32,68,63,37,109,94,0,8,16,136,144,70,168,17,103,21,180,107,188,179,176,42,47,132,166,123,44];False
1436;8879;10315;[31,113,61,19,64,101,100,0,94,143,160,105,174,118,48,99,141,86,45,15,173,18,25,115,24,197,26,9,7,20,129,72,147,65,87,106,196,22,38,34,3,2,75,12,165,153,122,127,39,73,6,76,50,53,93,110,30,134,137,111,181,82,23,151,54,158,121,92,49,112,187,142,81,52,108,74,183,83,17,79,185,148,167,189,59,36,46,5,27,133,96,157,138,41,152,56,66,126,198,159,140,182,51,29,154,156,117,71,69,190,43,128,85,164,178,192,40,124,150,139,33,13,172,195,10,78,60,35,88,135,14,194,130,171,116,57,186,98,84,89,162,146,119,28,4,97,131,67,199,62,102,120,1,114,55,155,184,161,80,58,177,169,191,11,104,193,163,170,95,91,90,125,149,32,68,63,37,109,175,145,8,16,136,144,70,168,77,103,21,180,107,188,179,176,42,47,132,166,123,44];False
1410;8888;10298;[194,113,61,19,64,101,100,67,94,143,160,105,174,118,48,99,141,86,45,15,173,18,25,115,24,197,26,9,7,20,129,72,147,65,87,106,196,22,38,34,3,2,75,12,165,153,122,127,39,73,6,76,50,53,93,110,30,134,137,111,181,82,23,151,54,158,121,92,49,112,187,142,81,52,108,74,183,83,17,79,185,148,167,189,59,36,46,5,27,133,96,157,138,41,152,56,66,126,198,159,140,182,51,29,154,156,117,71,69,190,43,128,85,164,178,192,40,124,150,139,33,13,172,195,10,78,60,35,88,135,14,31,130,171,116,57,186,98,84,89,162,146,119,28,4,97,131,0,199,62,102,120,1,114,55,155,184,161,80,58,177,169,191,11,104,193,163,170,95,91,90,125,149,32,68,63,37,109,175,145,8,16,136,144,70,168,77,103,21,180,107,188,179,176,42,47,132,166,123,44];False
1427;8874;10301;[194,113,61,19,64,101,100,0,94,143,160,105,174,118,48,8,141,86,45,15,173,18,25,115,24,197,26,9,7,20,129,72,147,65,87,106,196,22,38,34,3,2,75,12,165,153,122,127,39,73,6,76,50,53,93,110,30,134,137,111,181,82,23,151,54,158,121,92,49,112,187,142,81,52,108,74,183,83,17,79,185,148,167,189,59,36,46,5,27,133,96,157,138,41,152,56,66,126,198,159,140,182,51,29,154,156,117,71,69,190,43,128,85,164,178,192,40,124,150,139,33,13,172,195,10,78,60,35,88,135,14,31,130,171,116,57,186,98,84,89,162,146,119,28,4,97,131,67,199,62,102,120,1,114,55,155,184,161,80,58,177,169,191,11,104,193,163,170,95,91,90,125,149,32,68,63,37,109,175,145,99,16,136,144,70,168,77,103,21,180,107,188,179,176,42,47,132,166,123,44];False
1425;8878;10303;[194,113,61,19,64,101,100,0,94,143,160,105,174,118,48,99,141,86,45,8,173,18,25,115,24,197,26,9,7,20,129,72,147,65,87,106,196,22,38,34,3,2,75,12,165,153,122,127,39,73,6,76,50,53,93,110,30,134,137,111,181,82,23,151,54,158,121,92,49,112,187,142,81,52,108,74,183,83,17,79,185,148,167,189,59,36,46,5,27,133,96,157,138,41,152,56,66,126,198,159,140,182,51,29,154,156,117,71,69,190,43,128,85,164,178,192,40,124,150,139,33,13,172,195,10,78,60,35,88,135,14,31,130,171,116,57,186,98,84,89,162,146,119,28,4,97,131,67,199,62,102,120,1,114,55,155,184,161,80,58,177,169,191,11,104,193,163,170,95,91,90,125,149,32,68,63,37,109,175,145,15,16,136,144,70,168,77,103,21,180,107,188,179,176,42,47,132,166,123,44];False
1419;8879;10298;[194,113,61,19,64,101,100,0,94,143,160,105,174,118,48,99,141,86,45,15,173,18,25,115,24,197,26,9,7,20,129,72,147,6,87,106,196,22,38,34,3,2,75,12,165,153,122,127,39,73,65,76,50,53,93,110,30,134,137,111,181,82,23,151,54,158,121,92,49,112,187,142,81,52,108,74,183,83,17,79,185,148,167,189,59,36,46,5,27,133,96,157,138,41,152,56,66,126,198,159,140,182,51,29,154,156,117,71,69,190,43,128,85,164,178,192,40,124,150,139,33,13,172,195,10,78,60,35,88,135,14,31,130,171,116,57,186,98,84,89,162,146,119,28,4,97,131,67,199,62,102,120,1,114,55,155,184,161,80,58,177,169,191,11,104,193,163,170,95,91,90,125,149,32,68,63,37,109,175,145,8,16,136,144,70,168,77,103,21,180,107,188,179,176,42,47,132,166,123,44];False
1408;8914;10322;[194,113,61,19,64,101,100,0,94,143,160,105,174,118,48,99,141,86,45,15,173,18,25,115,24,197,26,9,7,20,129,72,147,65,87,106,196,31,38,34,3,2,75,12,165,153,122,127,39,73,6,76,50,53,93,110,30,134,137,111,181,82,23,151,54,158,121,92,49,112,187,142,81,52,108,74,183,83,17,79,185,148,167,189,59,36,46,5,27,133,96,157,138,41,152,56,66,126,198,159,140,182,51,29,154,156,117,71,69,190,43,128,85,164,178,192,40,124,150,139,33,13,172,195,10,78,60,35,88,135,14,22,130,171,116,57,186,98,84,89,162,146,119,28,4,97,131,67,199,62,102,120,1,114,55,155,184,161,80,58,177,169,191,11,104,193,163,170,95,91,90,125,149,32,68,63,37,109,175,145,8,16,136,144,70,168,77,103,21,180,107,188,179,176,42,47,132,166,123,44];False
1424;8875;10299;[194,113,61,19,64,101,100,0,94,143,160,105,174,118,48,99,141,86,45,15,173,18,25,115,24,197,26,9,7,20,129,72,147,65,87,106,196,22,38,34,3,2,75,12,49,153,122,127,39,73,6,76,50,53,93,110,30,134,137,111,181,82,23,151,54,158,121,92,165,112,187,142,81,52,108,74,183,83,17,79,185,148,167,189,59,36,46,5,27,133,96,157,138,41,152,56,66,126,198,159,140,182,51,29,154,156,117,71,69,190,43,128,85,164,178,192,40,124,150,139,33,13,172,195,10,78,60,35,88,135,14,31,130,171,116,57,186,98,84,89,162,146,119,28,4,97,131,67,199,62,102,120,1,114,55,155,184,161,80,58,177,169,191,11,104,193,163,170,95,91,90,125,149,32,68,63,37,109,175,145,8,16,136,144,70,168,77,103,21,180,107,188,179,176,42,47,132,166,123,44];False
1397;8916;10313;[194,113,61,19,64,101,100,0,94,143,160,105,174,118,48,99,141,86,45,15,173,18,25,115,24,197,26,9,7,20,129,72,147,65,87,106,196,22,38,34,3,2,75,12,165,153,122,127,39,73,6,178,50,53,93,110,30,134,137,111,181,82,23,151,54,158,121,92,49,112,187,142,81,52,108,74,183,83,17,79,185,148,167,189,59,36,46,5,27,133,96,157,138,41,152,56,66,126,198,159,140,182,51,29,154,156,117,71,69,190,43,128,85,164,76,192,40,124,150,139,33,13,172,195,10,78,60,35,88,135,14,31,130,171,116,57,186,98,84,89,162,146,119,28,4,97,131,67,199,62,102,120,1,114,55,155,184,161,80,58,177,169,191,11,104,193,163,170,95,91,90,125,149,32,68,63,37,109,175,145,8,16,136,144,70,168,77,103,21,180,107,188,179,176,42,47,132,166,123,44];False
1425;8866;10291;[194,113,61,19,64,101,100,0,94,143,160,105,174,118,48,99,141,86,45,15,173,18,25,115,24,197,26,9,7,20,129,72,147,65,87,106,196,22,38,34,3,2,75,12,165,153,122,127,39,73,6,76,50,53,93,110,30,134,137,111,181,82,23,133,54,158,121,92,49,112,187,142,81,52,108,74,183,83,17,79,185,148,167,189,59,36,46,5,27,151,96,157,138,41,152,56,66,126,198,159,140,182,51,29,154,156,117,71,69,190,43,128,85,164,178,192,40,124,150,139,33,13,172,195,10,78,60,35,88,135,14,31,130,171,116,57,186,98,84,89,162,146,119,28,4,97,131,67,199,62,102,120,1,114,55,155,184,161,80,58,177,169,191,11,104,193,163,170,95,91,90,125,149,32,68,63,37,109,175,145,8,16,136,144,70,168,77,103,21,180,107,188,179,176,42,47,132,166,123,44];False
1399;8888;10287;[194,113,61,19,64,101,100,0,94,143,160,105,174,118,48,99,141,86,45,15,173,18,25,115,24,197,26,9,7,20,129,72,147,65,87,106,196,22,38,34,3,2,75,12,165,153,122,127,39,73,6,76,50,53,93,110,30,134,137,111,181,82,23,109,54,158,121,92,49,112,187,142,81,52,108,74,183,83,17,79,185,148,167,189,59,36,46,5,27,133,96,157,138,41,152,56,66,126,198,159,140,182,51,29,154,156,117,71,69,190,43,128,85,164,178,192,40,124,150,139,33,13,172,195,10,78,60,35,88,135,14,31,130,171,116,57,186,98,84,89,162,146,119,28,4,97,131,67,199,62,102,120,1,114,55,155,184,161,80,58,177,169,191,11,104,193,163,170,95,91,90,125,149,32,68,63,37,151,175,145,8,16,136,144,70,168,77,103,21,180,107,188,179,176,42,47,132,166,123,44];False
1438;8816;10254;[194,113,61,19,64,101,100,0,94,143,160,105,174,118,48,99,141,86,45,15,173,18,25,115,24,197,26,9,7,20,129,72,147,65,87,106,196,22,38,34,3,2,75,12,165,153,122,127,39,73,6,76,50,53,93,110,30,134,137,111,181,82,23,151,54,158,121,92,49,112,187,142,81,52,108,74,183,83,77,79,185,148,167,189,59,36,46,5,27,133,96,157,138,41,152,56,66,126,198,159,140,182,51,29,154,156,117,71,69,190,43,128,85,164,178,192,40,124,150,139,33,13,172,195,10,78,60,35,88,135,14,31,130,171,116,57,186,98,84,89,162,146,119,28,4,97,131,67,199,62,102,120,1,114,55,155,184,161,80,58,177,169,191,11,104,193,163,170,95,91,90,125,149,32,68,63,37,109,175,145,8,16,136,144,70,168,17,103,21,180,107,188,179,176,42,47,132,166,123,44];False
1416;8882;10298;[194,113,61,19,64,101,100,0,94,143,160,105,174,118,48,99,141,86,45,15,173,18,25,115,24,197,26,9,7,20,129,72,147,65,87,106,196,22,38,34,3,2,75,12,165,153,122,127,39,73,6,76,50,53,93,110,30,134,137,111,181,82,23,151,54,158,121,92,49,112,187,142,81,52,108,74,183,83,17,79,185,148,167,189,59,36,46,5,27,133,96,157,164,41,152,56,66,126,198,159,140,182,51,29,154,156,117,71,69,190,43,128,85,138,178,192,40,124,150,139,33,13,172,195,10,78,60,35,88,135,14,31,130,171,116,57,186,98,84,89,162,146,119,28,4,97,131,67,199,62,102,120,1,114,55,155,184,161,80,58,177,169,191,11,104,193,163,170,95,91,90,125,149,32,68,63,37,109,175,145,8,16,136,144,70,168,77,103,21,180,107,188,179,176,42,47,132,166,123,44];False
1390;8915;10305;[194,113,61,19,64,101,100,0,94,143,160,105,174,118,48,99,141,86,45,15,173,18,25,115,24,197,26,9,7,20,129,72,147,65,87,106,196,22,38,34,3,2,75,12,165,153,122,127,39,73,6,76,50,53,93,110,30,134,137,111,181,82,23,151,54,158,121,92,49,112,187,142,81,52,108,74,183,83,17,79,185,148,167,189,59,36,46,5,27,133,96,157,138,41,152,56,66,126,198,159,140,182,51,29,154,156,117,71,69,190,43,145,85,164,178,192,40,124,150,139,33,13,172,195,10,78,60,35,88,135,14,31,130,171,116,57,186,98,84,89,162,146,119,28,4,97,131,67,199,62,102,120,1,114,55,155,184,161,80,58,177,169,191,11,104,193,163,170,95,91,90,125,149,32,68,63,37,109,175,128,8,16,136,144,70,168,77,103,21,180,107,188,179,176,42,47,132,166,123,44];False
3524;6893;10417;[20,190,188,93,130,5,179,47,57,3,192,89,18,181,68,48,63,118,44,140,124,94,75,36,145,196,113,61,45,138,65,82,187,128,134,195,33,183,162,126,143,160,91,6,77,149,199,166,173,103,116,17,84,122,2,97,0,85,19,26,176,168,142,49,170,95,167,87,66,135,74,56,21,92,147,67,32,165,169,23,163,25,70,90,41,88,164,37,156,71,8,184,123,146,72,78,131,110,101,59,80,100,30,114,182,139,125,58,151,175,197,1,117,98,157,136,137,158,54,12,193,172,39,107,55,14,13,111,52,40,132,129,15,9,28,105,69,159,38,144,109,155,73,99,106,4,115,152,35,161,102,186,133,76,112,104,31,53,34,108,51,50,198,174,16,194,29,154,60,177,27,43,127,96,171,141,11,22,64,79,42,119,148,83,86,189,81,153,7,24,150,10,185,62,120,178,46,180,191,121];False
3529;6886;10415;[20,190,188,93,130,5,179,47,57,3,192,89,18,181,68,48,63,118,44,140,124,94,75,36,145,196,113,61,45,138,65,82,187,128,134,195,33,183,162,126,143,160,91,6,77,149,199,166,173,103,168,17,84,122,12,97,0,85,19,26,176,116,142,49,170,95,167,87,66,135,74,56,21,92,147,67,32,165,169,23,163,25,70,90,41,88,164,37,156,71,8,184,123,146,72,78,131,110,101,59,80,100,30,114,182,139,125,58,151,175,197,1,117,98,157,136,137,158,54,2,193,172,39,107,55,14,13,111,52,40,132,129,15,9,28,105,69,159,38,144,109,155,73,99,106,4,115,152,35,161,102,186,133,76,112,104,31,53,34,108,51,50,198,174,16,194,29,154,60,177,27,43,127,96,171,141,11,22,64,79,42,119,148,83,86,189,81,153,7,24,150,10,185,62,120,178,46,180,191,121];False
3499;6900;10399;[20,190,188,93,130,5,179,47,57,3,192,89,18,181,68,48,63,118,44,140,124,94,75,36,145,196,113,61,45,138,65,82,187,128,134,195,33,183,162,126,143,160,91,6,77,149,199,166,173,103,168,17,84,122,2,97,0,85,19,26,176,116,23,49,170,95,167,87,66,135,74,56,21,92,147,67,32,165,169,142,163,25,70,90,41,88,164,37,156,71,8,184,123,146,72,78,131,110,101,59,80,100,30,114,182,139,125,58,151,175,197,1,117,98,157,136,137,158,54,12,193,172,39,107,55,14,13,111,52,40,132,129,15,9,28,105,69,159,38,144,109,155,73,99,106,4,115,152,35,161,102,186,133,76,112,104,31,53,34,108,51,50,198,174,16,194,29,154,60,177,27,43,127,96,171,141,11,22,64,79,42,119,148,83,86,189,81,153,7,24,150,10,185,62,120,178,46,180,191,121];False
3528;6891;10419;[20,190,188,93,130,5,179,47,57,3,192,89,18,181,68,48,63,118,44,140,124,94,75,36,145,196,113,61,45,138,65,82,187,128,134,195,33,183,162,126,143,160,91,6,77,149,199,166,173,103,168,17,84,122,2,97,0,85,19,26,176,116,41,49,170,95,167,87,66,135,74,56,21,92,147,67,32,165,169,23,163,25,70,90,142,88,164,37,156,71,8,184,123,146,72,78,131,110,101,59,80,100,30,114,182,139,125,58,151,175,197,1,117,98,157,136,137,158,54,12,193,172,39,107,55,14,13,111,52,40,132,129,15,9,28,105,69,159,38,144,109,155,73,99,106,4,115,152,35,161,102,186,133,76,112,104,31,53,34,108,51,50,198,174,16,194,29,154,60,177,27,43,127,96,171,141,11,22,64,79,42,119,148,83,86,189,81,153,7,24,150,10,185,62,120,178,46,180,191,121];False
3506;6886;10392;[20,190,188,93,130,5,179,47,57,3,192,89,18,181,68,48,63,118,44,140,124,94,75,36,145,196,113,61,45,138,65,82,187,128,134,195,33,183,162,126,143,160,91,6,77,149,199,166,173,103,168,17,84,122,2,97,0,85,19,26,176,116,142,49,170,95,167,87,66,135,53,56,21,92,147,67,32,165,169,23,163,25,70,90,41,88,164,37,156,71,8,184,123,146,72,78,131,110,101,59,80,100,30,114,182,139,125,58,151,175,197,1,117,98,157,136,137,158,54,12,193,172,39,107,55,14,13,111,52,40,132,129,15,9,28,105,69,159,38,144,109,155,73,99,106,4,115,152,35,161,102,186,133,76,112,104,31,74,34,108,51,50,198,174,16,194,29,154,60,177,27,43,127,96,171,141,11,22,64,79,42,119,148,83,86,189,81,153,7,24,150,10,185,62,120,178,46,180,191,121];False
3533;6883;10416;[20,190,188,93,130,5,42,47,57,3,192,89,18,181,68,48,63,118,44,140,124,94,75,36,145,196,113,61,45,138,65,82,187,128,134,195,33,183,162,126,143,160,91,6,77,149,189,7,173,103,168,17,84,122,2,97,0,85,19,26,176,116,142,49,170,95,167,87,66,135,74,56,21,92,147,67,32,165,169,23,163,25,70,90,41,88,164,37,156,71,8,184,123,146,72,78,131,110,101,59,80,100,30,114,182,139,125,58,151,175,197,1,117,98,157,136,137,158,54,12,193,172,39,107,55,14,13,111,52,40,132,129,15,9,28,105,69,159,38,144,109,155,73,99,106,4,115,152,35,161,102,186,133,76,112,104,31,53,34,108,51,50,198,174,16,194,29,154,60,177,27,43,127,96,171,141,11,22,64,79,179,119,148,83,86,199,81,153,166,24,150,10,185,62,120,178,46,180,191,121];False
3596;6861;10457;[20,190,188,93,130,5,179,47,57,3,192,173,18,181,68,48,63,118,44,140,124,94,75,36,145,196,113,61,45,138,65,82,187,128,134,195,33,183,162,126,143,160,91,6,77,149,189,7,89,103,168,17,84,122,2,97,0,85,19,26,176,116,142,49,170,95,167,87,66,135,74,56,21,92,147,67,32,165,169,23,163,25,70,90,41,88,164,37,156,71,8,184,123,146,72,78,131,110,101,59,80,100,30,114,182,139,125,58,151,175,197,1,117,98,157,136,137,158,54,12,193,172,39,107,55,14,13,111,52,40,132,129,15,9,28,105,69,159,38,144,109,155,73,99,106,4,115,152,35,161,102,186,133,76,112,104,31,53,34,108,51,50,198,174,16,194,29,154,60,177,27,43,127,96,171,141,11,22,64,79,42,119,148,83,86,199,81,153,166,24,150,10,185,62,120,178,46,180,191,121];False
3550;6882;10432;[20,190,188,93,130,5,179,47,57,3,192,89,18,181,68,48,63,118,44,140,124,94,75,125,145,196,113,61,45,138,65,82,187,128,134,195,33,183,162,126,143,160,91,6,77,149,189,7,173,103,168,17,84,122,2,97,0,85,19,26,176,116,142,49,170,95,167,87,66,135,74,56,21,92,147,67,32,165,169,23,163,25,70,90,41,88,164,37,156,71,8,184,123,146,72,78,131,110,101,59,80,100,30,114,182,139,36,58,151,175,197,1,117,98,157,136,137,158,54,12,193,172,39,107,55,14,13,111,52,40,132,129,15,9,28,105,69,159,38,144,109,155,73,99,106,4,115,152,35,161,102,186,133,76,112,104,31,53,34,108,51,50,198,174,16,194,29,154,60,177,27,43,127,96,171,141,11,22,64,79,42,119,148,83,86,199,81,153,166,24,150,10,185,62,120,178,46,180,191,121];False
3517;6885;10402;[20,190,188,93,130,5,179,47,57,3,192,89,18,181,68,48,63,118,44,140,124,94,75,36,145,196,113,61,45,138,65,82,187,128,134,195,33,183,162,126,143,160,91,6,149,77,189,7,173,103,168,17,84,122,2,97,0,85,19,26,176,116,142,49,170,95,167,87,66,135,74,56,21,92,147,67,32,165,169,23,163,25,70,90,41,88,164,37,156,71,8,184,123,146,72,78,131,110,101,59,80,100,30,114,182,139,125,58,151,175,197,1,117,98,157,136,137,158,54,12,193,172,39,107,55,14,13,111,52,40,132,129,15,9,28,105,69,159,38,144,109,155,73,99,106,4,115,152,35,161,102,186,133,76,112,104,31,53,34,108,51,50,198,174,16,194,29,154,60,177,27,43,127,96,171,141,11,22,64,79,42,119,148,83,86,199,81,153,166,24,150,10,185,62,120,178,46,180,191,121];False
3544;6880;10424;[20,190,188,93,130,5,179,47,57,3,192,89,18,181,68,48,63,118,44,140,124,94,75,36,145,196,113,61,45,138,65,82,187,128,134,195,33,183,162,126,143,160,91,6,77,149,189,7,173,197,168,17,84,122,2,97,0,85,19,26,176,116,142,49,170,95,167,87,66,135,74,56,21,92,147,67,32,165,169,23,163,25,70,90,41,88,164,37,156,71,8,184,123,146,72,78,131,110,101,59,80,100,30,114,182,139,125,58,151,175,103,1,117,98,157,136,137,158,54,12,193,172,39,107,55,14,13,111,52,40,132,129,15,9,28,105,69,159,38,144,109,155,73,99,106,4,115,152,35,161,102,186,133,76,112,104,31,53,34,108,51,50,198,174,16,194,29,154,60,177,27,43,127,96,171,141,11,22,64,79,42,119,148,83,86,199,81,153,166,24,150,10,185,62,120,178,46,180,191,121];False
3567;6872;10439;[20,190,188,93,130,5,179,47,57,3,192,89,18,181,68,48,63,118,44,140,124,94,75,36,145,196,113,61,45,138,65,82,187,128,134,195,33,183,162,126,143,160,91,6,77,149,189,7,173,103,116,17,84,122,2,97,0,85,19,26,176,168,142,49,170,95,167,87,66,135,74,56,21,92,147,67,32,165,169,23,163,25,70,90,41,88,164,37,156,71,8,184,123,146,72,78,131,110,101,59,80,100,30,114,182,139,125,58,151,175,197,1,117,98,157,136,137,158,54,12,193,172,39,107,55,14,13,111,52,40,132,129,15,9,28,105,69,159,38,144,109,155,73,99,106,4,115,152,35,161,102,186,133,76,112,104,31,53,34,108,51,50,198,174,16,194,29,154,60,177,27,43,127,96,171,141,11,22,64,79,42,119,148,83,86,199,81,153,166,24,150,10,185,62,120,178,46,180,191,121];False
3495;6898;10393;[20,190,188,93,130,5,179,47,57,3,192,89,18,181,68,48,63,118,44,140,124,94,75,36,145,196,113,61,45,138,65,82,187,128,134,195,33,183,162,126,143,160,91,6,77,149,189,7,173,103,168,17,84,112,2,97,0,85,19,26,176,116,142,49,170,95,167,87,66,135,74,56,21,92,147,67,32,165,169,23,163,25,70,90,41,88,164,37,156,71,8,184,123,146,72,78,131,110,101,59,80,100,30,114,182,139,125,58,151,175,197,1,117,98,157,136,137,158,54,12,193,172,39,107,55,14,13,111,52,40,132,129,15,9,28,105,69,159,38,144,109,155,73,99,106,4,115,152,35,161,102,186,133,76,122,104,31,53,34,108,51,50,198,174,16,194,29,154,60,177,27,43,127,96,171,141,11,22,64,79,42,119,148,83,86,199,81,153,166,24,150,10,185,62,120,178,46,180,191,121];False
3505;6890;10395;[20,190,188,93,130,5,179,47,57,3,192,89,18,181,68,48,63,118,44,140,124,94,75,36,145,196,113,61,45,138,65,82,187,128,134,195,33,183,162,126,143,160,91,6,77,149,189,7,173,103,168,17,84,122,197,97,0,85,19,26,176,116,142,49,170,95,167,87,66,135,74,56,21,92,147,67,32,165,169,23,163,25,70,90,41,88,164,37,156,71,8,184,123,146,72,78,131,110,101,59,80,100,30,114,182,139,125,58,151,175,2,1,117,98,157,136,137,158,54,12,193,172,39,107,55,14,13,111,52,40,132,129,15,9,28,105,69,159,38,144,109,155,73,99,106,4,115,152,35,161,102,186,133,76,112,104,31,53,34,108,51,50,198,174,16,194,29,154,60,177,27,43,127,96,171,141,11,22,64,79,42,119,148,83,86,199,81,153,166,24,150,10,185,62,120,178,46,180,191,121];False
3572;6865;10437;[20,190,188,93,130,5,179,47,57,3,192,89,18,181,68,48,63,118,44,140,124,94,75,36,145,196,113,61,45,138,65,82,187,128,134,195,33,183,162,126,143,160,91,6,77,149,189,7,173,103,168,17,84,122,12,97,0,85,19,26,176,116,142,49,170,95,167,87,66,135,74,56,21,92,147,67,32,165,169,23,163,25,70,90,41,88,164,37,156,71,8,184,123,146,72,78,131,110,101,59,80,100,30,114,182,139,125,58,151,175,197,1,117,98,157,136,137,158,54,2,193,172,39,107,55,14,13,111,52,40,132,129,15,9,28,105,69,159,38,144,109,155,73,99,106,4,115,152,35,161,102,186,133,76,112,104,31,53,34,108,51,50,198,174,16,194,29,154,60,177,27,43,127,96,171,141,11,22,64,79,42,119,148,83,86,199,81,153,166,24,150,10,185,62,120,178,46,180,191,121];False
3509;6884;10393;[20,190,188,93,130,5,179,47,57,3,192,89,18,181,68,48,63,118,44,140,124,94,75,36,145,196,113,61,45,138,65,82,187,128,134,195,33,183,162,126,143,160,91,6,77,149,189,7,173,103,168,17,84,122,132,97,0,85,19,26,176,116,142,49,170,95,167,87,66,135,74,56,21,92,147,67,32,165,169,23,163,25,70,90,41,88,164,37,156,71,8,184,123,146,72,78,131,110,101,59,80,100,30,114,182,139,125,58,151,175,197,1,117,98,157,136,137,158,54,12,193,172,39,107,55,14,13,111,52,40,2,129,15,9,28,105,69,159,38,144,109,155,73,99,106,4,115,152,35,161,102,186,133,76,112,104,31,53,34,108,51,50,198,174,16,194,29,154,60,177,27,43,127,96,171,141,11,22,64,79,42,119,148,83,86,199,81,153,166,24,150,10,185,62,120,178,46,180,191,121];False
3542;6879;10421;[20,190,188,93,130,5,179,47,57,3,192,89,18,181,68,48,63,118,44,140,124,94,75,36,145,196,113,61,45,138,65,82,187,128,134,195,33,183,162,126,143,160,91,6,77,149,189,7,173,103,168,17,84,122,2,97,0,85,19,26,176,116,23,49,170,95,167,87,66,135,74,56,21,92,147,67,32,165,169,142,163,25,70,90,41,88,164,37,156,71,8,184,123,146,72,78,131,110,101,59,80,100,30,114,182,139,125,58,151,175,197,1,117,98,157,136,137,158,54,12,193,172,39,107,55,14,13,111,52,40,132,129,15,9,28,105,69,159,38,144,109,155,73,99,106,4,115,152,35,161,102,186,133,76,112,104,31,53,34,108,51,50,198,174,16,194,29,154,60,177,27,43,127,96,171,141,11,22,64,79,42,119,148,83,86,199,81,153,166,24,150,10,185,62,120,178,46,180,191,121];False
3571;6870;10441;[20,190,188,93,130,5,179,47,57,3,192,89,18,181,68,48,63,118,44,140,124,94,75,36,145,196,113,61,45,138,65,82,187,128,134,195,33,183,162,126,143,160,91,6,77,149,189,7,173,103,168,17,84,122,2,97,0,85,19,26,176,116,41,49,170,95,167,87,66,135,74,56,21,92,147,67,32,165,169,23,163,25,70,90,142,88,164,37,156,71,8,184,123,146,72,78,131,110,101,59,80,100,30,114,182,139,125,58,151,175,197,1,117,98,157,136,137,158,54,12,193,172,39,107,55,14,13,111,52,40,132,129,15,9,28,105,69,159,38,144,109,155,73,99,106,4,115,152,35,161,102,186,133,76,112,104,31,53,34,108,51,50,198,174,16,194,29,154,60,177,27,43,127,96,171,141,11,22,64,79,42,119,148,83,86,199,81,153,166,24,150,10,185,62,120,178,46,180,191,121];False
3500;6894;10394;[20,190,188,93,130,5,179,47,57,3,192,89,18,181,68,48,63,118,44,140,124,94,75,36,145,196,113,61,45,138,65,82,187,128,134,195,33,183,162,126,143,160,91,6,77,149,189,7,173,103,168,17,84,122,2,97,0,85,19,26,176,116,72,49,170,95,167,87,66,135,74,56,21,92,147,67,32,165,169,23,163,25,70,90,41,88,164,37,156,71,8,184,123,146,142,78,131,110,101,59,80,100,30,114,182,139,125,58,151,175,197,1,117,98,157,136,137,158,54,12,193,172,39,107,55,14,13,111,52,40,132,129,15,9,28,105,69,159,38,144,109,155,73,99,106,4,115,152,35,161,102,186,133,76,112,104,31,53,34,108,51,50,198,174,16,194,29,154,60,177,27,43,127,96,171,141,11,22,64,79,42,119,148,83,86,199,81,153,166,24,150,10,185,62,120,178,46,180,191,121];False
3500;6892;10392;[20,190,188,93,130,5,179,47,57,3,192,89,18,181,68,48,63,118,44,140,124,94,75,36,145,196,113,61,45,138,65,82,187,128,134,195,33,183,162,126,143,160,91,6,77,149,189,7,173,103,168,17,84,122,2,97,0,85,19,26,176,116,191,49,170,95,167,87,66,135,74,56,21,92,147,67,32,165,169,23,163,25,70,90,41,88,164,37,156,71,8,184,123,146,72,78,131,110,101,59,80,100,30,114,182,139,125,58,151,175,197,1,117,98,157,136,137,158,54,12,193,172,39,107,55,14,13,111,52,40,132,129,15,9,28,105,69,159,38,144,109,155,73,99,106,4,115,152,35,161,102,186,133,76,112,104,31,53,34,108,51,50,198,174,16,194,29,154,60,177,27,43,127,96,171,141,11,22,64,79,42,119,148,83,86,199,81,153,166,24,150,10,185,62,120,178,46,180,142,121];False
3549;6865;10414;[20,190,188,93,130,5,179,47,57,3,192,89,18,181,68,48,63,118,44,140,124,94,75,36,145,196,113,61,45,138,65,82,187,128,134,195,33,183,162,126,143,160,91,6,77,149,189,7,173,103,168,17,84,122,2,97,0,85,19,26,176,116,142,49,170,95,167,87,66,135,53,56,21,92,147,67,32,165,169,23,163,25,70,90,41,88,164,37,156,71,8,184,123,146,72,78,131,110,101,59,80,100,30,114,182,139,125,58,151,175,197,1,117,98,157,136,137,158,54,12,193,172,39,107,55,14,13,111,52,40,132,129,15,9,28,105,69,159,38,144,109,155,73,99,106,4,115,152,35,161,102,186,133,76,112,104,31,74,34,108,51,50,198,174,16,194,29,154,60,177,27,43,127,96,171,141,11,22,64,79,42,119,148,83,86,199,81,153,166,24,150,10,185,62,120,178,46,180,191,121];False
3592;6861;10453;[20,190,188,87,130,5,42,119,57,3,192,89,18,181,68,48,63,118,44,140,124,94,75,36,145,196,167,61,45,138,65,82,187,128,134,195,33,183,162,126,143,160,91,6,149,77,132,166,173,103,168,17,84,122,2,97,0,85,19,26,176,116,142,49,170,95,113,93,66,135,74,56,21,92,147,67,32,165,169,23,163,25,70,90,41,88,164,37,156,71,8,184,123,146,72,78,131,110,101,59,80,100,30,114,182,139,125,58,151,175,197,1,117,98,157,136,137,158,54,12,193,172,39,107,55,14,13,111,52,40,189,129,15,9,28,105,69,159,38,144,109,155,73,99,106,4,115,152,35,161,102,186,133,76,112,104,31,53,34,108,51,50,198,174,16,194,29,154,60,177,27,43,127,96,171,141,11,22,64,79,179,47,148,83,86,199,81,153,7,24,150,10,185,62,120,178,46,180,191,121];False
3580;6862;10442;[20,190,188,87,130,5,42,119,57,3,192,89,18,181,68,48,63,118,44,140,124,94,75,36,145,196,113,61,45,138,65,82,187,128,134,195,33,183,162,126,143,160,91,6,149,77,153,166,173,103,168,17,84,122,2,97,0,85,19,26,176,116,142,49,170,95,167,93,66,135,74,56,21,92,147,67,32,165,169,23,163,25,70,90,41,88,164,37,156,71,8,184,123,146,72,78,131,110,101,59,80,100,30,114,182,139,125,58,151,175,197,1,117,98,157,136,137,158,54,12,193,172,39,107,55,14,13,111,52,40,189,129,15,9,28,105,69,159,38,144,109,155,73,99,106,4,115,152,35,161,102,186,133,76,112,104,31,53,34,108,51,50,198,174,16,194,29,154,60,177,27,43,127,96,171,141,11,22,64,79,179,47,148,83,86,199,81,132,7,24,150,10,185,62,120,178,46,180,191,121];False
3603;6859;10462;[20,190,188,87,130,5,42,119,57,3,192,89,18,181,68,48,63,118,44,140,124,94,75,36,145,196,113,61,45,138,65,82,187,128,134,195,33,183,162,126,143,160,91,6,149,77,132,32,173,103,168,17,84,122,2,97,0,85,19,26,176,116,142,49,170,95,167,93,66,135,74,56,21,92,147,67,166,165,169,23,163,25,70,90,41,88,164,37,156,71,8,184,123,146,72,78,131,110,101,59,80,100,30,114,182,139,125,58,151,175,197,1,117,98,157,136,137,158,54,12,193,172,39,107,55,14,13,111,52,40,189,129,15,9,28,105,69,159,38,144,109,155,73,99,106,4,115,152,35,161,102,186,133,76,112,104,31,53,34,108,51,50,198,174,16,194,29,154,60,177,27,43,127,96,171,141,11,22,64,79,179,47,148,83,86,199,81,153,7,24,150,10,185,62,120,178,46,180,191,121];False
3574;6858;10432;[20,190,188,87,130,5,42,119,57,3,192,89,18,181,68,48,63,118,44,140,124,94,75,36,145,196,113,61,45,138,65,82,187,128,134,195,33,183,162,126,143,160,91,6,149,77,132,7,173,103,168,17,84,122,2,97,0,85,19,26,176,116,142,49,170,95,167,93,66,135,74,56,21,92,147,67,32,165,169,23,163,25,70,90,41,88,164,37,156,71,8,184,123,146,72,78,131,110,101,59,80,100,30,114,182,139,125,58,151,175,197,1,117,98,157,136,137,158,54,12,193,172,39,107,55,14,13,111,52,40,189,129,15,9,28,105,69,159,38,144,109,155,73,99,106,4,115,152,35,161,102,186,133,76,112,104,31,53,34,108,51,50,198,174,16,194,29,154,60,177,27,43,127,96,171,141,11,22,64,79,179,47,148,83,86,199,81,153,166,24,150,10,185,62,120,178,46,180,191,121];False
3689;6845;10534;[20,190,138,87,130,5,179,47,57,3,192,89,18,181,68,48,63,118,44,140,124,94,75,36,145,196,113,61,45,188,65,82,187,128,134,195,33,183,162,126,143,160,91,6,77,149,189,7,173,103,168,17,84,122,2,97,0,85,19,26,176,116,142,49,170,95,167,93,66,135,74,56,21,92,147,67,32,165,169,23,163,25,70,90,41,88,164,37,156,71,8,184,123,146,72,78,131,110,101,59,80,100,30,114,182,139,125,58,151,175,197,1,117,98,157,136,137,158,54,12,193,172,39,107,55,14,13,111,52,40,132,129,15,9,28,105,69,159,38,144,109,155,73,99,106,4,115,152,35,161,102,186,133,76,112,104,31,53,34,108,51,50,198,174,16,194,29,154,60,177,27,43,127,96,171,141,11,22,64,79,42,119,148,83,86,199,81,153,166,24,150,10,185,62,120,178,46,180,191,121];False
3651;6840;10491;[20,190,188,87,130,5,179,47,57,3,192,173,18,181,68,48,63,118,44,140,124,94,75,36,145,196,113,61,45,138,65,82,187,128,134,195,33,183,162,126,143,160,91,6,77,149,189,7,89,103,168,17,84,122,2,97,0,85,19,26,176,116,142,49,170,95,167,93,66,135,74,56,21,92,147,67,32,165,169,23,163,25,70,90,41,88,164,37,156,71,8,184,123,146,72,78,131,110,101,59,80,100,30,114,182,139,125,58,151,175,197,1,117,98,157,136,137,158,54,12,193,172,39,107,55,14,13,111,52,40,132,129,15,9,28,105,69,159,38,144,109,155,73,99,106,4,115,152,35,161,102,186,133,76,112,104,31,53,34,108,51,50,198,174,16,194,29,154,60,177,27,43,127,96,171,141,11,22,64,79,42,119,148,83,86,199,81,153,166,24,150,10,185,62,120,178,46,180,191,121];False
3619;6850;10469;[20,190,188,87,130,5,179,47,57,3,192,89,18,181,68,48,63,118,44,140,124,94,75,36,145,196,167,61,45,138,65,82,187,128,134,195,33,183,162,126,143,160,91,6,77,149,189,7,173,103,168,17,84,122,2,97,0,85,19,26,176,116,142,49,170,95,113,93,66,135,74,56,21,92,147,67,32,165,169,23,163,25,70,90,41,88,164,37,156,71,8,184,123,146,72,78,131,110,101,59,80,100,30,114,182,139,125,58,151,175,197,1,117,98,157,136,137,158,54,12,193,172,39,107,55,14,13,111,52,40,132,129,15,9,28,105,69,159,38,144,109,155,73,99,106,4,115,152,35,161,102,186,133,76,112,104,31,53,34,108,51,50,198,174,16,194,29,154,60,177,27,43,127,96,171,141,11,22,64,79,42,119,148,83,86,199,81,153,166,24,150,10,185,62,120,178,46,180,191,121];False
3572;6864;10436;[20,190,188,87,130,5,179,47,57,3,192,89,18,181,68,48,63,118,44,140,124,94,75,36,145,196,113,61,45,138,65,82,187,128,134,195,33,183,162,126,143,160,91,6,149,77,189,7,173,103,168,17,84,122,2,97,0,85,19,26,176,116,142,49,170,95,167,93,66,135,74,56,21,92,147,67,32,165,169,23,163,25,70,90,41,88,164,37,156,71,8,184,123,146,72,78,131,110,101,59,80,100,30,114,182,139,125,58,151,175,197,1,117,98,157,136,137,158,54,12,193,172,39,107,55,14,13,111,52,40,132,129,15,9,28,105,69,159,38,144,109,155,73,99,106,4,115,152,35,161,102,186,133,76,112,104,31,53,34,108,51,50,198,174,16,194,29,154,60,177,27,43,127,96,171,141,11,22,64,79,42,119,148,83,86,199,81,153,166,24,150,10,185,62,120,178,46,180,191,121];False
3627;6844;10471;[20,190,188,87,130,5,179,47,57,3,192,89,18,181,68,48,63,118,44,140,124,94,75,36,145,196,113,61,45,138,65,82,187,128,134,195,33,183,162,126,143,160,91,6,77,149,189,7,173,103,168,17,84,122,12,97,0,85,19,26,176,116,142,49,170,95,167,93,66,135,74,56,21,92,147,67,32,165,169,23,163,25,70,90,41,88,164,37,156,71,8,184,123,146,72,78,131,110,101,59,80,100,30,114,182,139,125,58,151,175,197,1,117,98,157,136,137,158,54,2,193,172,39,107,55,14,13,111,52,40,132,129,15,9,28,105,69,159,38,144,109,155,73,99,106,4,115,152,35,161,102,186,133,76,112,104,31,53,34,108,51,50,198,174,16,194,29,154,60,177,27,43,127,96,171,141,11,22,64,79,42,119,148,83,86,199,81,153,166,24,150,10,185,62,120,178,46,180,191,121];False
3564;6863;10427;[20,190,188,87,130,5,179,47,57,3,192,89,18,181,68,48,63,118,44,140,124,94,75,36,145,196,113,61,45,138,65,82,187,128,134,195,33,183,162,126,143,160,91,6,77,149,189,7,173,103,168,17,84,122,132,97,0,85,19,26,176,116,142,49,170,95,167,93,66,135,74,56,21,92,147,67,32,165,169,23,163,25,70,90,41,88,164,37,156,71,8,184,123,146,72,78,131,110,101,59,80,100,30,114,182,139,125,58,151,175,197,1,117,98,157,136,137,158,54,12,193,172,39,107,55,14,13,111,52,40,2,129,15,9,28,105,69,159,38,144,109,155,73,99,106,4,115,152,35,161,102,186,133,76,112,104,31,53,34,108,51,50,198,174,16,194,29,154,60,177,27,43,127,96,171,141,11,22,64,79,42,119,148,83,86,199,81,153,166,24,150,10,185,62,120,178,46,180,191,121];False
3626;6849;10475;[20,190,188,87,130,5,179,47,57,3,192,89,18,181,68,48,63,118,44,140,124,94,75,36,145,196,113,61,45,138,65,82,187,128,134,195,33,183,162,126,143,160,91,6,77,149,189,7,173,103,168,17,84,122,2,97,0,85,19,26,176,116,41,49,170,95,167,93,66,135,74,56,21,92,147,67,32,165,169,23,163,25,70,90,142,88,164,37,156,71,8,184,123,146,72,78,131,110,101,59,80,100,30,114,182,139,125,58,151,175,197,1,117,98,157,136,137,158,54,12,193,172,39,107,55,14,13,111,52,40,132,129,15,9,28,105,69,159,38,144,109,155,73,99,106,4,115,152,35,161,102,186,133,76,112,104,31,53,34,108,51,50,198,174,16,194,29,154,60,177,27,43,127,96,171,141,11,22,64,79,42,119,148,83,86,199,81,153,166,24,150,10,185,62,120,178,46,180,191,121];False
3542;6866;10408;[20,190,188,87,130,5,179,47,57,3,192,89,18,181,68,48,63,118,44,140,124,94,75,36,145,196,113,61,45,138,65,82,187,128,134,195,33,183,162,126,143,160,91,6,77,149,189,7,173,103,168,17,84,122,2,97,0,85,19,26,176,116,142,49,170,95,167,178,66,135,74,56,21,92,147,67,32,165,169,23,163,25,70,90,41,88,164,37,156,71,8,184,123,146,72,78,131,110,101,59,80,100,30,114,182,139,125,58,151,175,197,1,117,98,157,136,137,158,54,12,193,172,39,107,55,14,13,111,52,40,132,129,15,9,28,105,69,159,38,144,109,155,73,99,106,4,115,152,35,161,102,186,133,76,112,104,31,53,34,108,51,50,198,174,16,194,29,154,60,177,27,43,127,96,171,141,11,22,64,79,42,119,148,83,86,199,81,153,166,24,150,10,185,62,120,93,46,180,191,121];False
3604;6844;10448;[20,190,188,87,130,5,179,47,57,3,192,89,18,181,68,48,63,118,44,140,124,94,75,36,145,196,113,61,45,138,65,82,187,128,134,195,33,183,162,126,143,160,91,6,77,149,189,7,173,103,168,17,84,122,2,97,0,85,19,26,176,116,142,49,170,95,167,93,66,135,53,56,21,92,147,67,32,165,169,23,163,25,70,90,41,88,164,37,156,71,8,184,123,146,72,78,131,110,101,59,80,100,30,114,182,139,125,58,151,175,197,1,117,98,157,136,137,158,54,12,193,172,39,107,55,14,13,111,52,40,132,129,15,9,28,105,69,159,38,144,109,155,73,99,106,4,115,152,35,161,102,186,133,76,112,104,31,74,34,108,51,50,198,174,16,194,29,154,60,177,27,43,127,96,171,141,11,22,64,79,42,119,148,83,86,199,81,153,166,24,150,10,185,62,120,178,46,180,191,121];False
1385;9209;10594;[41,196,48,10,78,145,100,129,8,94,112,1,189,72,105,99,141,17,45,15,173,18,25,120,24,197,26,9,77,20,67,118,147,65,87,106,130,22,38,34,3,2,115,86,165,153,122,127,39,73,6,76,50,53,93,110,30,134,91,12,181,82,23,151,54,158,121,92,117,98,187,142,81,52,108,74,183,83,7,79,185,148,167,61,59,36,46,5,27,133,96,157,138,178,152,56,66,126,198,159,174,19,131,29,154,156,160,71,69,190,43,128,85,164,111,192,40,124,150,139,33,13,172,195,182,37,60,35,88,135,140,194,31,171,116,57,186,113,84,89,162,146,119,28,4,97,51,0,199,62,102,75,14,114,55,155,184,161,80,58,177,169,191,11,104,193,163,170,95,137,90,125,149,32,68,63,49,109,175,143,101,16,136,144,70,168,64,103,21,180,107,188,179,176,42,47,132,166,123,44];False
1374;9224;10598;[41,196,48,10,78,145,100,129,8,94,112,1,189,72,105,99,141,17,45,15,173,18,25,120,24,197,26,9,77,20,67,118,147,65,87,106,130,22,38,34,3,2,166,86,165,153,122,127,39,73,6,76,50,53,93,110,30,134,91,12,181,82,23,151,54,158,121,92,117,98,187,142,81,52,108,74,183,83,7,79,185,148,167,61,59,36,46,5,27,133,96,157,138,178,152,56,66,126,198,159,174,19,131,29,154,156,160,71,69,190,43,128,85,164,111,192,40,124,150,139,33,13,172,195,182,37,60,35,88,135,140,194,31,171,116,57,186,113,84,89,162,146,119,28,4,97,51,0,199,62,102,115,14,114,55,155,184,161,80,58,177,169,191,11,104,193,163,170,95,137,90,125,149,32,68,63,49,109,175,143,101,16,136,144,70,168,64,103,21,180,107,188,179,176,42,47,132,75,123,44];False
3882;6812;10694;[73,74,188,87,130,5,141,119,132,142,115,152,18,181,68,48,63,118,44,140,124,94,75,36,145,196,113,61,45,138,65,82,187,128,134,195,33,183,162,126,143,160,91,6,77,149,189,148,173,116,123,168,84,122,2,97,0,85,19,26,176,3,89,49,170,95,167,93,66,135,20,56,21,92,147,67,32,165,169,23,163,25,70,90,41,88,164,37,156,71,8,184,190,109,72,78,131,110,101,59,80,100,30,114,182,139,125,58,151,175,197,1,117,98,157,136,137,158,54,57,193,172,39,107,55,14,13,111,52,40,12,129,15,9,28,105,69,159,38,144,146,155,31,99,106,4,192,103,35,161,102,186,133,76,112,104,17,53,34,108,51,50,198,174,16,194,29,154,60,177,27,43,127,96,171,179,11,22,64,79,42,47,166,83,86,199,81,153,7,24,150,10,185,62,120,178,46,180,191,121];False
3776;6836;10612;[73,74,188,87,130,5,141,119,132,142,115,103,18,181,68,48,63,118,44,140,124,94,75,36,145,196,167,61,45,138,65,82,187,128,134,195,33,183,162,126,143,160,91,6,77,149,189,148,173,116,123,168,84,122,2,97,0,85,19,26,176,3,89,49,170,95,113,93,66,135,20,56,21,92,147,67,32,165,169,23,163,25,70,90,41,88,164,37,156,71,8,184,190,109,72,78,131,110,101,59,80,100,30,114,182,139,125,58,151,175,197,1,117,98,157,136,137,158,54,57,193,172,39,107,55,14,13,111,52,40,12,129,15,9,28,105,69,159,38,144,146,155,31,99,106,4,192,152,35,161,102,186,133,76,112,104,17,53,34,108,51,50,198,174,16,194,29,154,60,177,27,43,127,96,171,179,11,22,64,79,42,47,166,83,86,199,81,153,7,24,150,10,185,62,120,178,46,180,191,121];False
3678;6835;10513;[73,74,188,87,130,5,141,119,132,142,115,103,18,181,68,48,63,118,44,140,124,94,75,36,145,196,113,61,45,138,65,82,187,128,134,195,33,183,162,126,143,160,91,6,77,149,189,148,173,116,123,168,84,122,12,97,0,85,19,26,176,3,89,49,170,95,167,93,66,135,20,56,21,92,147,67,32,165,169,23,163,25,70,90,41,88,164,37,156,71,8,184,190,109,72,78,131,110,101,59,80,100,30,114,182,139,125,58,151,175,197,1,117,98,157,136,137,158,54,57,193,172,39,107,55,14,13,111,52,40,2,129,15,9,28,105,69,159,38,144,146,155,31,99,106,4,192,152,35,161,102,186,133,76,112,104,17,53,34,108,51,50,198,174,16,194,29,154,60,177,27,43,127,96,171,179,11,22,64,79,42,47,166,83,86,199,81,153,7,24,150,10,185,62,120,178,46,180,191,121];False
3825;6813;10638;[20,168,188,87,130,5,42,47,132,89,115,152,18,181,68,48,63,118,44,140,124,94,75,36,145,196,113,61,45,138,65,82,187,128,134,195,33,183,162,126,143,160,91,6,77,149,189,148,173,116,123,17,84,122,12,97,0,85,19,26,176,3,136,49,170,95,167,93,66,135,53,56,21,92,147,67,32,165,169,23,163,25,70,90,41,88,164,37,156,71,8,184,190,109,72,78,131,110,101,59,80,100,30,114,182,139,125,58,151,175,197,1,117,98,157,142,137,158,54,57,193,172,39,107,55,14,13,111,52,40,2,129,15,9,28,105,69,159,38,144,146,155,73,99,106,4,192,103,35,161,102,186,133,76,112,104,31,74,34,108,51,50,198,174,16,194,29,154,60,179,27,43,127,96,171,141,11,22,64,79,177,199,166,83,86,119,81,153,7,24,150,10,185,62,120,178,46,180,191,121];False
3871;6812;10683;[17,20,188,87,130,5,42,47,132,89,115,152,18,181,68,48,63,118,44,140,124,94,75,36,145,196,113,61,45,138,65,82,187,128,134,195,33,183,162,126,143,160,91,6,77,149,189,148,173,116,123,168,84,122,12,97,0,85,19,26,176,3,136,49,170,95,167,93,66,135,53,56,21,92,147,67,32,165,169,23,163,25,70,90,41,88,164,37,156,71,8,184,190,109,72,78,131,110,101,59,80,100,30,114,182,139,125,58,151,175,197,1,117,98,157,142,137,158,54,57,193,172,39,107,55,14,13,111,52,40,2,129,15,9,28,105,69,159,38,144,146,155,73,99,106,4,192,103,35,161,102,186,133,76,112,104,31,74,34,108,51,50,198,174,16,194,29,154,60,179,27,43,127,96,171,141,11,22,64,79,177,199,166,83,86,119,81,153,7,24,150,10,185,62,120,178,46,180,191,121];False
3853;6802;10655;[53,20,188,87,130,5,42,47,132,89,115,152,18,181,68,48,63,118,44,140,124,94,75,36,145,196,113,61,45,138,65,82,187,128,134,195,33,183,162,126,143,160,91,6,77,149,189,148,173,116,123,17,84,122,12,97,0,85,19,26,176,3,136,49,170,95,167,93,66,135,168,56,21,92,147,67,32,165,169,23,163,25,70,90,41,88,164,37,156,71,8,184,190,109,72,78,131,110,101,59,80,100,30,114,182,139,125,58,151,175,197,1,117,98,157,142,137,158,54,57,193,172,39,107,55,14,13,111,52,40,2,129,15,9,28,105,69,159,38,144,146,155,73,99,106,4,192,103,35,161,102,186,133,76,112,104,31,74,34,108,51,50,198,174,16,194,29,154,60,179,27,43,127,96,171,141,11,22,64,79,177,199,166,83,86,119,81,153,7,24,150,10,185,62,120,178,46,180,191,121];False
4021;6783;10804;[73,20,188,87,130,5,42,47,132,89,115,152,18,181,68,48,63,118,44,140,124,94,75,36,145,196,113,61,45,138,65,82,187,128,134,195,33,183,162,126,143,160,91,6,77,149,189,148,173,116,123,17,84,122,12,97,0,85,19,26,176,3,136,49,170,95,167,93,66,135,53,56,21,92,147,67,32,165,169,23,163,25,70,90,41,88,164,37,156,71,8,184,190,109,72,78,131,110,101,59,80,100,30,114,182,139,125,58,151,175,197,1,117,98,157,142,137,158,54,57,193,172,39,107,55,14,13,111,52,40,2,129,15,9,28,105,69,159,38,144,146,155,168,99,106,4,192,103,35,161,102,186,133,76,112,104,31,74,34,108,51,50,198,174,16,194,29,154,60,179,27,43,127,96,171,141,11,22,64,79,177,199,166,83,86,119,81,153,7,24,150,10,185,62,120,178,46,180,191,121];False
3876;6788;10664;[74,20,188,87,130,5,42,47,132,89,115,152,18,181,68,48,63,118,44,140,124,94,75,36,145,196,113,61,45,138,65,82,187,128,134,195,33,183,162,126,143,160,91,6,77,149,189,148,173,116,123,17,84,122,12,97,0,85,19,26,176,3,136,49,170,95,167,93,66,135,53,56,21,92,147,67,32,165,169,23,163,25,70,90,41,88,164,37,156,71,8,184,190,109,72,78,131,110,101,59,80,100,30,114,182,139,125,58,151,175,197,1,117,98,157,142,137,158,54,57,193,172,39,107,55,14,13,111,52,40,2,129,15,9,28,105,69,159,38,144,146,155,73,99,106,4,192,103,35,161,102,186,133,76,112,104,31,168,34,108,51,50,198,174,16,194,29,154,60,179,27,43,127,96,171,141,11,22,64,79,177,199,166,83,86,119,81,153,7,24,150,10,185,62,120,178,46,180,191,121];False
3840;6809;10649;[50,20,188,87,130,5,42,47,132,89,115,152,18,181,68,48,63,118,44,140,124,94,75,36,145,196,113,61,45,138,65,82,187,128,134,195,33,183,162,126,143,160,91,6,77,149,189,148,173,116,123,17,84,122,12,97,0,85,19,26,176,3,136,49,170,95,167,93,66,135,53,56,21,92,147,67,32,165,169,23,163,25,70,90,41,88,164,37,156,71,8,184,190,109,72,78,131,110,101,59,80,100,30,114,182,139,125,58,151,175,197,1,117,98,157,142,137,158,54,57,193,172,39,107,55,14,13,111,52,40,2,129,15,9,28,105,69,159,38,144,146,155,73,99,106,4,192,103,35,161,102,186,133,76,112,104,31,74,34,108,51,168,198,174,16,194,29,154,60,179,27,43,127,96,171,141,11,22,64,79,177,199,166,83,86,119,81,153,7,24,150,10,185,62,120,178,46,180,191,121];False
3787;6834;10621;[168,20,188,152,130,5,42,47,132,89,115,87,18,181,68,48,63,118,44,140,124,94,75,36,145,196,113,61,45,138,65,82,187,128,134,195,33,183,162,126,143,160,91,6,77,149,189,148,173,116,123,17,84,122,12,97,0,85,19,26,176,3,136,49,170,95,167,93,66,135,53,56,21,92,147,67,32,165,169,23,163,25,70,90,41,88,164,37,156,71,8,184,190,109,72,78,131,110,101,59,80,100,30,114,182,139,125,58,151,175,197,1,117,98,157,142,137,158,54,57,193,172,39,107,55,14,13,111,52,40,2,129,15,9,28,105,69,159,38,144,146,155,73,99,106,4,192,103,35,161,102,186,133,76,112,104,31,74,34,108,51,50,198,174,16,194,29,154,60,179,27,43,127,96,171,141,11,22,64,79,177,199,166,83,86,119,81,153,7,24,150,10,185,62,120,178,46,180,191,121];False
3758;6831;10589;[168,20,188,87,130,5,177,47,132,89,115,152,18,181,68,48,63,118,44,140,124,94,75,36,145,196,113,61,45,138,65,82,187,128,134,195,33,183,162,126,143,160,91,6,77,149,189,148,173,116,123,17,84,122,12,97,0,85,19,26,176,3,136,49,170,95,167,93,66,135,53,56,21,92,147,67,32,165,169,23,163,25,70,90,41,88,164,37,156,71,8,184,190,109,72,78,131,110,101,59,80,100,30,114,182,139,125,58,151,175,197,1,117,98,157,142,137,158,54,57,193,172,39,107,55,14,13,111,52,40,2,129,15,9,28,105,69,159,38,144,146,155,73,99,106,4,192,103,35,161,102,186,133,76,112,104,31,74,34,108,51,50,198,174,16,194,29,154,60,179,27,43,127,96,171,141,11,22,64,79,42,199,166,83,86,119,81,153,7,24,150,10,185,62,120,178,46,180,191,121];False
3738;6834;10572;[168,20,188,87,130,5,42,47,132,89,115,75,18,181,68,48,63,118,44,140,124,94,152,36,145,196,113,61,45,138,65,82,187,128,134,195,33,183,162,126,143,160,91,6,77,149,189,148,173,116,123,17,84,122,12,97,0,85,19,26,176,3,136,49,170,95,167,93,66,135,53,56,21,92,147,67,32,165,169,23,163,25,70,90,41,88,164,37,156,71,8,184,190,109,72,78,131,110,101,59,80,100,30,114,182,139,125,58,151,175,197,1,117,98,157,142,137,158,54,57,193,172,39,107,55,14,13,111,52,40,2,129,15,9,28,105,69,159,38,144,146,155,73,99,106,4,192,103,35,161,102,186,133,76,112,104,31,74,34,108,51,50,198,174,16,194,29,154,60,179,27,43,127,96,171,141,11,22,64,79,177,199,166,83,86,119,81,153,7,24,150,10,185,62,120,178,46,180,191,121];False
3751;6829;10580;[168,20,188,87,130,5,42,47,132,89,115,6,18,181,68,48,63,118,44,140,124,94,75,36,145,196,113,61,45,138,65,82,187,128,134,195,33,183,162,126,143,160,91,152,77,149,189,148,173,116,123,17,84,122,12,97,0,85,19,26,176,3,136,49,170,95,167,93,66,135,53,56,21,92,147,67,32,165,169,23,163,25,70,90,41,88,164,37,156,71,8,184,190,109,72,78,131,110,101,59,80,100,30,114,182,139,125,58,151,175,197,1,117,98,157,142,137,158,54,57,193,172,39,107,55,14,13,111,52,40,2,129,15,9,28,105,69,159,38,144,146,155,73,99,106,4,192,103,35,161,102,186,133,76,112,104,31,74,34,108,51,50,198,174,16,194,29,154,60,179,27,43,127,96,171,141,11,22,64,79,177,199,166,83,86,119,81,153,7,24,150,10,185,62,120,178,46,180,191,121];False
3756;6828;10584;[168,20,188,87,130,5,42,47,132,89,115,133,18,181,68,48,63,118,44,140,124,94,75,36,145,196,113,61,45,138,65,82,187,128,134,195,33,183,162,126,143,160,91,6,77,149,189,148,173,116,123,17,84,122,12,97,0,85,19,26,176,3,136,49,170,95,167,93,66,135,53,56,21,92,147,67,32,165,169,23,163,25,70,90,41,88,164,37,156,71,8,184,190,109,72,78,131,110,101,59,80,100,30,114,182,139,125,58,151,175,197,1,117,98,157,142,137,158,54,57,193,172,39,107,55,14,13,111,52,40,2,129,15,9,28,105,69,159,38,144,146,155,73,99,106,4,192,103,35,161,102,186,152,76,112,104,31,74,34,108,51,50,198,174,16,194,29,154,60,179,27,43,127,96,171,141,11,22,64,79,177,199,166,83,86,119,81,153,7,24,150,10,185,62,120,178,46,180,191,121];False
3764;6823;10587;[168,20,188,87,130,5,42,47,132,89,115,152,77,181,68,48,63,118,44,140,124,94,75,36,145,196,113,61,45,138,65,82,187,128,134,195,33,183,162,126,143,160,91,6,18,149,189,148,173,116,123,17,84,122,12,97,0,85,19,26,176,3,136,49,170,95,167,93,66,135,53,56,21,92,147,67,32,165,169,23,163,25,70,90,41,88,164,37,156,71,8,184,190,109,72,78,131,110,101,59,80,100,30,114,182,139,125,58,151,175,197,1,117,98,157,142,137,158,54,57,193,172,39,107,55,14,13,111,52,40,2,129,15,9,28,105,69,159,38,144,146,155,73,99,106,4,192,103,35,161,102,186,133,76,112,104,31,74,34,108,51,50,198,174,16,194,29,154,60,179,27,43,127,96,171,141,11,22,64,79,177,199,166,83,86,119,81,153,7,24,150,10,185,62,120,178,46,180,191,121];False
3762;6825;10587;[168,20,188,87,130,5,42,47,132,89,115,152,80,181,68,48,63,118,44,140,124,94,75,36,145,196,113,61,45,138,65,82,187,128,134,195,33,183,162,126,143,160,91,6,77,149,189,148,173,116,123,17,84,122,12,97,0,85,19,26,176,3,136,49,170,95,167,93,66,135,53,56,21,92,147,67,32,165,169,23,163,25,70,90,41,88,164,37,156,71,8,184,190,109,72,78,131,110,101,59,18,100,30,114,182,139,125,58,151,175,197,1,117,98,157,142,137,158,54,57,193,172,39,107,55,14,13,111,52,40,2,129,15,9,28,105,69,159,38,144,146,155,73,99,106,4,192,103,35,161,102,186,133,76,112,104,31,74,34,108,51,50,198,174,16,194,29,154,60,179,27,43,127,96,171,141,11,22,64,79,177,199,166,83,86,119,81,153,7,24,150,10,185,62,120,178,46,180,191,121];False
3785;6816;10601;[168,20,188,87,130,5,42,47,132,89,115,152,76,181,68,48,63,118,44,140,124,94,75,36,145,196,113,61,45,138,65,82,187,128,134,195,33,183,162,126,143,160,91,6,77,149,189,148,173,116,123,17,84,122,12,97,0,85,19,26,176,3,136,49,170,95,167,93,66,135,53,56,21,92,147,67,32,165,169,23,163,25,70,90,41,88,164,37,156,71,8,184,190,109,72,78,131,110,101,59,80,100,30,114,182,139,125,58,151,175,197,1,117,98,157,142,137,158,54,57,193,172,39,107,55,14,13,111,52,40,2,129,15,9,28,105,69,159,38,144,146,155,73,99,106,4,192,103,35,161,102,186,133,18,112,104,31,74,34,108,51,50,198,174,16,194,29,154,60,179,27,43,127,96,171,141,11,22,64,79,177,199,166,83,86,119,81,153,7,24,150,10,185,62,120,178,46,180,191,121];False
3803;6811;10614;[168,20,188,87,130,5,42,47,132,89,115,152,18,181,68,48,63,118,44,140,124,94,75,36,145,196,167,61,45,138,65,82,187,128,134,195,33,183,162,126,143,160,91,6,77,149,189,148,173,116,123,17,84,122,12,97,0,85,19,26,176,3,136,49,170,95,113,93,66,135,53,56,21,92,147,67,32,165,169,23,163,25,70,90,41,88,164,37,156,71,8,184,190,109,72,78,131,110,101,59,80,100,30,114,182,139,125,58,151,175,197,1,117,98,157,142,137,158,54,57,193,172,39,107,55,14,13,111,52,40,2,129,15,9,28,105,69,159,38,144,146,155,73,99,106,4,192,103,35,161,102,186,133,76,112,104,31,74,34,108,51,50,198,174,16,194,29,154,60,179,27,43,127,96,171,141,11,22,64,79,177,199,166,83,86,119,81,153,7,24,150,10,185,62,120,178,46,180,191,121];False
3756;6825;10581;[168,20,188,87,130,5,42,47,132,89,115,152,18,181,68,48,63,118,44,140,124,94,75,36,145,196,113,61,45,138,65,82,187,128,134,195,33,183,162,126,143,160,91,6,149,77,189,148,173,116,123,17,84,122,12,97,0,85,19,26,176,3,136,49,170,95,167,93,66,135,53,56,21,92,147,67,32,165,169,23,163,25,70,90,41,88,164,37,156,71,8,184,190,109,72,78,131,110,101,59,80,100,30,114,182,139,125,58,151,175,197,1,117,98,157,142,137,158,54,57,193,172,39,107,55,14,13,111,52,40,2,129,15,9,28,105,69,159,38,144,146,155,73,99,106,4,192,103,35,161,102,186,133,76,112,104,31,74,34,108,51,50,198,174,16,194,29,154,60,179,27,43,127,96,171,141,11,22,64,79,177,199,166,83,86,119,81,153,7,24,150,10,185,62,120,178,46,180,191,121];False
3646;6828;10474;[168,20,188,87,130,5,42,47,132,89,115,152,18,181,68,48,63,118,44,140,124,94,75,36,145,196,113,61,45,138,65,82,187,128,134,195,33,183,162,126,143,160,91,6,77,149,189,148,173,116,123,17,84,122,12,97,0,85,19,26,176,3,136,49,170,95,57,93,66,135,53,56,21,92,147,67,32,165,169,23,163,25,70,90,41,88,164,37,156,71,8,184,190,109,72,78,131,110,101,59,80,100,30,114,182,139,125,58,151,175,197,1,117,98,157,142,137,158,54,167,193,172,39,107,55,14,13,111,52,40,2,129,15,9,28,105,69,159,38,144,146,155,73,99,106,4,192,103,35,161,102,186,133,76,112,104,31,74,34,108,51,50,198,174,16,194,29,154,60,179,27,43,127,96,171,141,11,22,64,79,177,199,166,83,86,119,81,153,7,24,150,10,185,62,120,178,46,180,191,121];False
3795;6811;10606;[168,20,188,87,130,5,42,47,132,89,115,152,18,181,68,48,63,118,44,140,124,94,75,36,145,196,113,61,45,138,65,82,187,128,134,195,33,183,162,126,143,160,91,6,77,149,189,148,173,116,123,17,84,122,12,97,0,85,19,26,176,3,136,49,170,95,129,93,66,135,53,56,21,92,147,67,32,165,169,23,163,25,70,90,41,88,164,37,156,71,8,184,190,109,72,78,131,110,101,59,80,100,30,114,182,139,125,58,151,175,197,1,117,98,157,142,137,158,54,57,193,172,39,107,55,14,13,111,52,40,2,167,15,9,28,105,69,159,38,144,146,155,73,99,106,4,192,103,35,161,102,186,133,76,112,104,31,74,34,108,51,50,198,174,16,194,29,154,60,179,27,43,127,96,171,141,11,22,64,79,177,199,166,83,86,119,81,153,7,24,150,10,185,62,120,178,46,180,191,121];False
3726;6827;10553;[168,20,188,87,130,5,42,47,132,89,115,152,18,181,68,48,63,118,44,140,124,94,75,36,145,196,113,61,45,138,65,82,187,128,134,195,33,183,162,126,143,160,91,6,77,149,189,148,173,116,123,17,84,122,12,97,0,85,19,26,176,3,136,49,170,95,167,178,66,135,53,56,21,92,147,67,32,165,169,23,163,25,70,90,41,88,164,37,156,71,8,184,190,109,72,78,131,110,101,59,80,100,30,114,182,139,125,58,151,175,197,1,117,98,157,142,137,158,54,57,193,172,39,107,55,14,13,111,52,40,2,129,15,9,28,105,69,159,38,144,146,155,73,99,106,4,192,103,35,161,102,186,133,76,112,104,31,74,34,108,51,50,198,174,16,194,29,154,60,179,27,43,127,96,171,141,11,22,64,79,177,199,166,83,86,119,81,153,7,24,150,10,185,62,120,93,46,180,191,121];False
3803;6809;10612;[168,20,188,87,130,5,42,47,132,89,115,152,18,181,68,48,63,118,44,140,124,94,75,36,145,196,113,61,45,138,65,82,187,128,134,195,33,183,162,126,143,160,91,6,77,149,189,148,173,116,123,17,84,122,12,97,0,85,19,26,176,3,136,49,170,95,167,93,66,135,53,56,21,92,147,67,32,165,169,23,163,25,164,90,41,88,70,37,156,71,8,184,190,109,72,78,131,110,101,59,80,100,30,114,182,139,125,58,151,175,197,1,117,98,157,142,137,158,54,57,193,172,39,107,55,14,13,111,52,40,2,129,15,9,28,105,69,159,38,144,146,155,73,99,106,4,192,103,35,161,102,186,133,76,112,104,31,74,34,108,51,50,198,174,16,194,29,154,60,179,27,43,127,96,171,141,11,22,64,79,177,199,166,83,86,119,81,153,7,24,150,10,185,62,120,178,46,180,191,121];False
3834;6807;10641;[168,20,188,87,130,5,42,47,132,89,115,152,18,181,68,48,63,118,44,140,124,94,75,36,145,196,113,61,45,138,65,82,187,128,134,195,33,183,162,126,143,160,91,6,77,149,189,148,173,116,123,17,84,122,12,97,0,85,19,26,176,3,136,49,170,95,167,93,66,135,53,56,21,92,147,67,32,165,169,23,163,25,70,90,41,88,164,37,156,71,8,157,190,109,72,78,131,110,101,59,80,100,30,114,182,139,125,58,151,175,197,1,117,98,184,142,137,158,54,57,193,172,39,107,55,14,13,111,52,40,2,129,15,9,28,105,69,159,38,144,146,155,73,99,106,4,192,103,35,161,102,186,133,76,112,104,31,74,34,108,51,50,198,174,16,194,29,154,60,179,27,43,127,96,171,141,11,22,64,79,177,199,166,83,86,119,81,153,7,24,150,10,185,62,120,178,46,180,191,121];False
3818;6808;10626;[168,20,188,87,130,5,42,47,132,89,115,152,18,181,68,48,63,118,44,140,124,94,75,36,145,196,113,61,45,138,65,82,187,128,134,195,33,183,162,126,143,160,91,6,77,149,189,148,173,116,123,17,84,122,12,97,0,85,19,26,176,3,136,49,170,95,167,93,66,135,53,56,21,92,147,67,32,165,169,23,163,25,70,90,41,88,164,37,156,71,8,184,190,109,72,78,131,110,101,59,80,100,30,114,182,139,125,137,151,175,197,1,117,98,157,142,58,158,54,57,193,172,39,107,55,14,13,111,52,40,2,129,15,9,28,105,69,159,38,144,146,155,73,99,106,4,192,103,35,161,102,186,133,76,112,104,31,74,34,108,51,50,198,174,16,194,29,154,60,179,27,43,127,96,171,141,11,22,64,79,177,199,166,83,86,119,81,153,7,24,150,10,185,62,120,178,46,180,191,121];False
3721;6815;10536;[168,20,188,87,130,5,42,47,132,89,115,152,18,181,68,48,63,118,44,140,124,94,75,36,145,196,113,61,45,138,65,82,187,128,134,195,33,183,162,126,143,160,91,6,77,149,189,148,173,116,123,17,84,122,12,97,0,85,19,26,176,3,136,49,170,95,167,93,66,135,53,56,21,92,147,67,32,165,169,23,163,25,70,90,41,88,164,37,156,71,8,184,190,109,72,78,131,110,101,59,80,100,30,114,182,139,125,58,151,54,197,1,117,98,157,142,137,158,175,57,193,172,39,107,55,14,13,111,52,40,2,129,15,9,28,105,69,159,38,144,146,155,73,99,106,4,192,103,35,161,102,186,133,76,112,104,31,74,34,108,51,50,198,174,16,194,29,154,60,179,27,43,127,96,171,141,11,22,64,79,177,199,166,83,86,119,81,153,7,24,150,10,185,62,120,178,46,180,191,121];False
3727;6812;10539;[168,20,188,87,130,5,42,47,132,89,115,152,18,181,68,48,63,118,44,140,124,94,75,36,145,196,113,61,45,138,65,82,187,128,134,195,33,183,162,126,143,160,91,6,77,149,189,148,173,116,123,17,84,122,12,97,0,85,19,26,176,3,136,49,170,95,167,93,66,135,53,56,21,92,147,67,32,165,169,23,163,25,70,90,41,88,164,37,156,71,8,184,190,109,72,78,131,110,101,59,80,100,30,114,182,139,125,58,151,175,57,1,117,98,157,142,137,158,54,197,193,172,39,107,55,14,13,111,52,40,2,129,15,9,28,105,69,159,38,144,146,155,73,99,106,4,192,103,35,161,102,186,133,76,112,104,31,74,34,108,51,50,198,174,16,194,29,154,60,179,27,43,127,96,171,141,11,22,64,79,177,199,166,83,86,119,81,153,7,24,150,10,185,62,120,178,46,180,191,121];False
4127;6770;10897;[50,20,188,87,130,5,42,47,26,89,115,152,18,181,68,48,63,118,44,140,124,94,196,36,145,75,113,61,45,138,65,82,187,128,134,195,33,183,162,126,143,160,91,6,77,149,189,148,173,116,123,17,84,122,2,97,0,85,19,132,176,3,136,49,170,95,167,93,66,135,168,56,21,92,147,67,32,165,169,23,163,25,70,90,41,88,164,37,156,71,8,184,190,109,72,78,131,110,101,59,80,100,30,114,182,139,125,58,151,175,197,1,117,98,157,142,137,158,54,57,193,172,39,107,55,14,13,111,52,40,12,129,15,9,28,105,69,159,38,144,146,155,73,99,106,4,192,103,35,161,102,186,133,76,112,104,31,53,34,108,51,74,198,174,16,194,29,154,60,179,27,43,127,96,171,141,11,22,64,79,177,199,166,83,86,119,81,153,7,24,150,10,185,62,120,178,46,180,191,121];False
4276;6768;11044;[74,20,188,87,41,5,42,47,26,89,115,152,18,181,68,48,63,118,44,140,124,94,196,36,145,75,113,61,45,138,65,82,187,128,134,195,33,183,162,126,143,160,91,6,77,149,189,148,173,116,123,17,84,122,2,97,0,85,19,132,176,3,136,49,170,95,167,93,66,135,168,56,21,92,147,67,32,165,169,23,163,25,70,90,130,88,164,37,156,71,8,184,190,109,72,78,131,110,101,59,80,100,30,114,182,139,125,58,151,175,197,1,117,98,157,142,137,158,54,57,193,172,39,107,55,14,13,111,52,40,12,129,15,9,28,105,69,159,38,144,146,155,73,99,106,4,192,103,35,161,102,186,133,76,112,104,31,53,34,108,51,50,198,174,16,194,29,154,60,179,27,43,127,96,171,141,11,22,64,79,177,199,166,83,86,119,81,153,7,24,150,10,185,62,120,178,46,180,191,121];False
4222;6767;10989;[74,20,188,87,130,5,179,47,26,89,115,152,18,181,68,48,63,118,44,140,124,94,196,36,145,75,113,61,45,138,65,82,187,128,134,195,33,183,162,126,143,160,91,6,77,149,189,148,173,116,123,17,84,122,2,97,0,85,19,132,176,3,136,49,170,95,167,93,66,135,168,56,21,92,147,67,32,165,169,23,163,25,70,90,41,88,164,37,156,71,8,184,190,109,72,78,131,110,101,59,80,100,30,114,182,139,125,58,151,175,197,1,117,98,157,142,137,158,54,57,193,172,39,107,55,14,13,111,52,40,12,129,15,9,28,105,69,159,38,144,146,155,73,99,106,4,192,103,35,161,102,186,133,76,112,104,31,53,34,108,51,50,198,174,16,194,29,154,60,42,27,43,127,96,171,141,11,22,64,79,177,199,166,83,86,119,81,153,7,24,150,10,185,62,120,178,46,180,191,121];False
4059;6782;10841;[74,20,188,87,130,5,42,47,26,178,115,152,18,181,68,48,63,118,44,140,124,94,196,36,145,75,113,61,45,138,65,82,187,128,134,195,33,183,162,126,143,160,91,6,77,149,189,148,173,116,123,17,84,122,2,97,0,85,19,132,176,3,136,49,170,95,167,93,66,135,168,56,21,92,147,67,32,165,169,23,163,25,70,90,41,88,164,37,156,71,8,184,190,109,72,78,131,110,101,59,80,100,30,114,182,139,125,58,151,175,197,1,117,98,157,142,137,158,54,57,193,172,39,107,55,14,13,111,52,40,12,129,15,9,28,105,69,159,38,144,146,155,73,99,106,4,192,103,35,161,102,186,133,76,112,104,31,53,34,108,51,50,198,174,16,194,29,154,60,179,27,43,127,96,171,141,11,22,64,79,177,199,166,83,86,119,81,153,7,24,150,10,185,62,120,89,46,180,191,121];False
4163;6758;10921;[74,20,188,87,130,5,42,47,26,89,75,152,18,181,68,48,63,118,44,140,124,94,196,36,145,115,113,61,45,138,65,82,187,128,134,195,33,183,162,126,143,160,91,6,77,149,189,148,173,116,123,17,84,122,2,97,0,85,19,132,176,3,136,49,170,95,167,93,66,135,168,56,21,92,147,67,32,165,169,23,163,25,70,90,41,88,164,37,156,71,8,184,190,109,72,78,131,110,101,59,80,100,30,114,182,139,125,58,151,175,197,1,117,98,157,142,137,158,54,57,193,172,39,107,55,14,13,111,52,40,12,129,15,9,28,105,69,159,38,144,146,155,73,99,106,4,192,103,35,161,102,186,133,76,112,104,31,53,34,108,51,50,198,174,16,194,29,154,60,179,27,43,127,96,171,141,11,22,64,79,177,199,166,83,86,119,81,153,7,24,150,10,185,62,120,178,46,180,191,121];False
4095;6780;10875;[74,20,188,87,130,5,42,47,26,89,115,152,77,181,68,48,63,118,44,140,124,94,196,36,145,75,113,61,45,138,65,82,187,128,134,195,33,183,162,126,143,160,91,6,18,149,189,148,173,116,123,17,84,122,2,97,0,85,19,132,176,3,136,49,170,95,167,93,66,135,168,56,21,92,147,67,32,165,169,23,163,25,70,90,41,88,164,37,156,71,8,184,190,109,72,78,131,110,101,59,80,100,30,114,182,139,125,58,151,175,197,1,117,98,157,142,137,158,54,57,193,172,39,107,55,14,13,111,52,40,12,129,15,9,28,105,69,159,38,144,146,155,73,99,106,4,192,103,35,161,102,186,133,76,112,104,31,53,34,108,51,50,198,174,16,194,29,154,60,179,27,43,127,96,171,141,11,22,64,79,177,199,166,83,86,119,81,153,7,24,150,10,185,62,120,178,46,180,191,121];False
4116;6773;10889;[74,20,188,87,130,5,42,47,26,89,115,152,76,181,68,48,63,118,44,140,124,94,196,36,145,75,113,61,45,138,65,82,187,128,134,195,33,183,162,126,143,160,91,6,77,149,189,148,173,116,123,17,84,122,2,97,0,85,19,132,176,3,136,49,170,95,167,93,66,135,168,56,21,92,147,67,32,165,169,23,163,25,70,90,41,88,164,37,156,71,8,184,190,109,72,78,131,110,101,59,80,100,30,114,182,139,125,58,151,175,197,1,117,98,157,142,137,158,54,57,193,172,39,107,55,14,13,111,52,40,12,129,15,9,28,105,69,159,38,144,146,155,73,99,106,4,192,103,35,161,102,186,133,18,112,104,31,53,34,108,51,50,198,174,16,194,29,154,60,179,27,43,127,96,171,141,11,22,64,79,177,199,166,83,86,119,81,153,7,24,150,10,185,62,120,178,46,180,191,121];False
4057;6779;10836;[74,20,188,87,130,5,42,47,26,89,115,152,18,181,68,48,63,118,44,140,124,94,75,36,145,196,113,61,45,138,65,82,187,128,134,195,33,183,162,126,143,160,91,6,77,149,189,148,173,116,123,17,84,122,2,97,0,85,19,132,176,3,136,49,170,95,167,93,66,135,168,56,21,92,147,67,32,165,169,23,163,25,70,90,41,88,164,37,156,71,8,184,190,109,72,78,131,110,101,59,80,100,30,114,182,139,125,58,151,175,197,1,117,98,157,142,137,158,54,57,193,172,39,107,55,14,13,111,52,40,12,129,15,9,28,105,69,159,38,144,146,155,73,99,106,4,192,103,35,161,102,186,133,76,112,104,31,53,34,108,51,50,198,174,16,194,29,154,60,179,27,43,127,96,171,141,11,22,64,79,177,199,166,83,86,119,81,153,7,24,150,10,185,62,120,178,46,180,191,121];False
4158;6763;10921;[74,20,188,87,130,5,42,47,26,89,115,152,18,181,68,48,63,118,44,140,124,94,196,36,145,173,113,61,45,138,65,82,187,128,134,195,33,183,162,126,143,160,91,6,77,149,189,148,75,116,123,17,84,122,2,97,0,85,19,132,176,3,136,49,170,95,167,93,66,135,168,56,21,92,147,67,32,165,169,23,163,25,70,90,41,88,164,37,156,71,8,184,190,109,72,78,131,110,101,59,80,100,30,114,182,139,125,58,151,175,197,1,117,98,157,142,137,158,54,57,193,172,39,107,55,14,13,111,52,40,12,129,15,9,28,105,69,159,38,144,146,155,73,99,106,4,192,103,35,161,102,186,133,76,112,104,31,53,34,108,51,50,198,174,16,194,29,154,60,179,27,43,127,96,171,141,11,22,64,79,177,199,166,83,86,119,81,153,7,24,150,10,185,62,120,178,46,180,191,121];False
4058;6777;10835;[74,20,188,87,130,5,42,47,26,89,115,152,18,181,68,48,63,118,44,140,124,94,196,36,145,165,113,61,45,138,65,82,187,128,134,195,33,183,162,126,143,160,91,6,77,149,189,148,173,116,123,17,84,122,2,97,0,85,19,132,176,3,136,49,170,95,167,93,66,135,168,56,21,92,147,67,32,75,169,23,163,25,70,90,41,88,164,37,156,71,8,184,190,109,72,78,131,110,101,59,80,100,30,114,182,139,125,58,151,175,197,1,117,98,157,142,137,158,54,57,193,172,39,107,55,14,13,111,52,40,12,129,15,9,28,105,69,159,38,144,146,155,73,99,106,4,192,103,35,161,102,186,133,76,112,104,31,53,34,108,51,50,198,174,16,194,29,154,60,179,27,43,127,96,171,141,11,22,64,79,177,199,166,83,86,119,81,153,7,24,150,10,185,62,120,178,46,180,191,121];False
4101;6776;10877;[74,20,188,87,130,5,42,47,26,89,115,152,18,181,68,48,63,118,44,140,124,94,196,36,145,59,113,61,45,138,65,82,187,128,134,195,33,183,162,126,143,160,91,6,77,149,189,148,173,116,123,17,84,122,2,97,0,85,19,132,176,3,136,49,170,95,167,93,66,135,168,56,21,92,147,67,32,165,169,23,163,25,70,90,41,88,164,37,156,71,8,184,190,109,72,78,131,110,101,75,80,100,30,114,182,139,125,58,151,175,197,1,117,98,157,142,137,158,54,57,193,172,39,107,55,14,13,111,52,40,12,129,15,9,28,105,69,159,38,144,146,155,73,99,106,4,192,103,35,161,102,186,133,76,112,104,31,53,34,108,51,50,198,174,16,194,29,154,60,179,27,43,127,96,171,141,11,22,64,79,177,199,166,83,86,119,81,153,7,24,150,10,185,62,120,178,46,180,191,121];False
4257;6756;11013;[74,20,188,87,130,5,42,47,26,89,115,152,18,181,68,48,63,118,44,140,124,94,196,36,145,75,113,61,45,138,65,82,187,128,134,195,33,183,162,126,143,160,91,6,77,149,189,7,173,116,123,17,84,122,2,97,0,85,19,132,176,3,136,49,170,95,167,93,66,135,168,56,21,92,147,67,32,165,169,23,163,25,70,90,41,88,164,37,156,71,8,184,190,109,72,78,131,110,101,59,80,100,30,114,182,139,125,58,151,175,197,1,117,98,157,142,137,158,54,57,193,172,39,107,55,14,13,111,52,40,12,129,15,9,28,105,69,159,38,144,146,155,73,99,106,4,192,103,35,161,102,186,133,76,112,104,31,53,34,108,51,50,198,174,16,194,29,154,60,179,27,43,127,96,171,141,11,22,64,79,177,199,166,83,86,119,81,153,148,24,150,10,185,62,120,178,46,180,191,121];False
4036;6767;10803;[74,20,188,87,130,5,42,47,26,89,115,152,18,181,68,48,63,118,44,140,124,94,196,36,145,75,113,61,45,138,65,82,187,128,134,195,33,183,162,126,143,160,91,6,77,149,189,148,173,116,123,17,84,122,12,97,0,85,19,132,176,3,136,49,170,95,167,93,66,135,168,56,21,92,147,67,32,165,169,23,163,25,70,90,41,88,164,37,156,71,8,184,190,109,72,78,131,110,101,59,80,100,30,114,182,139,125,58,151,175,197,1,117,98,157,142,137,158,54,57,193,172,39,107,55,14,13,111,52,40,2,129,15,9,28,105,69,159,38,144,146,155,73,99,106,4,192,103,35,161,102,186,133,76,112,104,31,53,34,108,51,50,198,174,16,194,29,154,60,179,27,43,127,96,171,141,11,22,64,79,177,199,166,83,86,119,81,153,7,24,150,10,185,62,120,178,46,180,191,121];False
4326;6755;11081;[73,20,188,87,130,5,42,47,26,89,75,152,76,181,68,48,63,118,44,140,124,94,196,36,145,115,113,61,45,138,65,82,187,128,134,195,33,183,162,126,143,160,91,6,77,149,189,148,173,116,123,168,84,122,2,97,0,85,19,132,176,3,136,49,170,95,167,93,66,135,53,56,21,92,147,67,32,165,169,23,163,25,70,90,41,88,164,37,156,71,8,184,190,109,72,78,131,110,101,59,80,100,30,114,182,139,125,58,151,175,197,1,117,98,157,142,137,158,54,57,193,172,39,107,55,14,13,111,52,40,12,129,15,9,28,105,69,159,38,144,146,155,17,99,106,4,192,103,35,161,102,186,133,18,112,104,31,74,34,108,51,50,198,174,16,194,29,154,60,179,27,43,127,96,171,141,11,22,64,79,177,199,166,83,86,119,81,153,7,24,150,10,185,62,120,178,46,180,191,121];False
4422;6751;11173;[73,20,188,87,130,5,42,47,26,89,75,152,18,181,68,48,63,46,44,140,124,94,196,36,145,115,113,61,45,138,65,82,187,128,134,195,33,183,162,126,143,160,91,6,77,149,189,148,173,116,123,168,84,122,2,97,0,85,19,132,176,3,136,49,170,95,167,93,66,135,53,56,21,92,147,67,32,165,169,23,163,25,70,90,41,88,164,37,156,71,8,184,190,109,72,78,131,110,101,59,80,100,30,114,182,139,125,58,151,175,197,1,117,98,157,142,137,158,54,57,193,172,39,107,55,14,13,111,52,40,12,129,15,9,28,105,69,159,38,144,146,155,17,99,106,4,192,103,35,161,102,186,133,76,112,104,31,74,34,108,51,50,198,174,16,194,29,154,60,179,27,43,127,96,171,141,11,22,64,79,177,199,166,83,86,119,81,153,7,24,150,10,185,62,120,178,118,180,191,121];False
4404;6748;11152;[73,20,188,87,130,5,42,47,26,89,75,152,18,181,68,48,63,118,44,140,124,94,196,36,145,115,98,61,45,138,65,82,187,128,134,195,33,183,162,126,143,160,91,6,77,149,189,148,173,116,123,168,84,122,2,97,0,85,19,132,176,3,136,49,170,95,167,93,66,135,53,56,21,92,147,67,32,165,169,23,163,25,70,90,41,88,164,37,156,71,8,184,190,109,72,78,131,110,101,59,80,100,30,114,182,139,125,58,151,175,197,1,117,113,157,142,137,158,54,57,193,172,39,107,55,14,13,111,52,40,12,129,15,9,28,105,69,159,38,144,146,155,17,99,106,4,192,103,35,161,102,186,133,76,112,104,31,74,34,108,51,50,198,174,16,194,29,154,60,179,27,43,127,96,171,141,11,22,64,79,177,199,166,83,86,119,81,153,7,24,150,10,185,62,120,178,46,180,191,121];False
4392;6749;11141;[73,20,188,87,130,5,42,47,26,89,75,152,18,181,68,48,63,118,44,140,124,94,196,36,145,115,113,61,184,138,65,82,187,128,134,195,33,183,162,126,143,160,91,6,77,149,189,148,173,116,123,168,84,122,2,97,0,85,19,132,176,3,136,49,170,95,167,93,66,135,53,56,21,92,147,67,32,165,169,23,163,25,70,90,41,88,164,37,156,71,8,45,190,109,72,78,131,110,101,59,80,100,30,114,182,139,125,58,151,175,197,1,117,98,157,142,137,158,54,57,193,172,39,107,55,14,13,111,52,40,12,129,15,9,28,105,69,159,38,144,146,155,17,99,106,4,192,103,35,161,102,186,133,76,112,104,31,74,34,108,51,50,198,174,16,194,29,154,60,179,27,43,127,96,171,141,11,22,64,79,177,199,166,83,86,119,81,153,7,24,150,10,185,62,120,178,46,180,191,121];False
4366;6752;11118;[73,20,188,87,130,5,42,47,26,89,75,152,18,181,68,48,63,118,44,140,124,94,196,36,145,115,113,61,45,138,65,82,187,76,134,195,33,183,162,126,143,160,91,6,77,149,189,148,173,116,123,168,84,122,2,97,0,85,19,132,176,3,136,49,170,95,167,93,66,135,53,56,21,92,147,67,32,165,169,23,163,25,70,90,41,88,164,37,156,71,8,184,190,109,72,78,131,110,101,59,80,100,30,114,182,139,125,58,151,175,197,1,117,98,157,142,137,158,54,57,193,172,39,107,55,14,13,111,52,40,12,129,15,9,28,105,69,159,38,144,146,155,17,99,106,4,192,103,35,161,102,186,133,128,112,104,31,74,34,108,51,50,198,174,16,194,29,154,60,179,27,43,127,96,171,141,11,22,64,79,177,199,166,83,86,119,81,153,7,24,150,10,185,62,120,178,46,180,191,121];False
4468;6745;11213;[73,20,188,87,130,5,42,47,26,89,75,152,18,181,68,48,63,118,44,140,124,94,196,36,145,115,113,61,45,138,65,82,187,128,22,195,33,183,162,126,143,160,91,6,77,149,189,148,173,116,123,168,84,122,2,97,0,85,19,132,176,3,136,49,170,95,167,93,66,135,53,56,21,92,147,67,32,165,169,23,163,25,70,90,41,88,164,37,156,71,8,184,190,109,72,78,131,110,101,59,80,100,30,114,182,139,125,58,151,175,197,1,117,98,157,142,137,158,54,57,193,172,39,107,55,14,13,111,52,40,12,129,15,9,28,105,69,159,38,144,146,155,17,99,106,4,192,103,35,161,102,186,133,76,112,104,31,74,34,108,51,50,198,174,16,194,29,154,60,179,27,43,127,96,171,141,11,134,64,79,177,199,166,83,86,119,81,153,7,24,150,10,185,62,120,178,46,180,191,121];False
4464;6747;11211;[73,20,188,87,130,5,42,47,26,89,75,152,18,181,68,48,63,118,44,140,124,94,196,36,145,115,113,61,45,138,65,82,187,128,134,195,33,183,162,126,143,160,91,6,77,149,12,148,173,116,123,168,84,122,2,97,0,85,19,132,176,3,136,49,170,95,167,93,66,135,53,56,21,92,147,67,32,165,169,23,163,25,70,90,41,88,164,37,156,71,8,184,190,109,72,78,131,110,101,59,80,100,30,114,182,139,125,58,151,175,197,1,117,98,157,142,137,158,54,57,193,172,39,107,55,14,13,111,52,40,189,129,15,9,28,105,69,159,38,144,146,155,17,99,106,4,192,103,35,161,102,186,133,76,112,104,31,74,34,108,51,50,198,174,16,194,29,154,60,179,27,43,127,96,171,141,11,22,64,79,177,199,166,83,86,119,81,153,7,24,150,10,185,62,120,178,46,180,191,121];False
4467;6738;11205;[73,20,188,87,130,5,42,47,26,89,75,152,18,181,68,48,63,118,44,140,124,94,196,36,145,115,113,61,45,138,65,82,187,128,134,195,33,183,162,126,143,160,91,6,77,149,189,7,173,116,123,168,84,122,2,97,0,85,19,132,176,3,136,49,170,95,167,93,66,135,53,56,21,92,147,67,32,165,169,23,163,25,70,90,41,88,164,37,156,71,8,184,190,109,72,78,131,110,101,59,80,100,30,114,182,139,125,58,151,175,197,1,117,98,157,142,137,158,54,57,193,172,39,107,55,14,13,111,52,40,12,129,15,9,28,105,69,159,38,144,146,155,17,99,106,4,192,103,35,161,102,186,133,76,112,104,31,74,34,108,51,50,198,174,16,194,29,154,60,179,27,43,127,96,171,141,11,22,64,79,177,199,166,83,86,119,81,153,148,24,150,10,185,62,120,178,46,180,191,121];False
4441;6742;11183;[73,20,188,87,130,5,42,47,26,89,75,152,18,181,68,48,63,118,44,140,124,94,196,36,145,115,113,61,45,138,65,82,187,128,134,195,33,183,162,126,143,160,91,6,77,149,189,148,24,116,123,168,84,122,2,97,0,85,19,132,176,3,136,49,170,95,167,93,66,135,53,56,21,92,147,67,32,165,169,23,163,25,70,90,41,88,164,37,156,71,8,184,190,109,72,78,131,110,101,59,80,100,30,114,182,139,125,58,151,175,197,1,117,98,157,142,137,158,54,57,193,172,39,107,55,14,13,111,52,40,12,129,15,9,28,105,69,159,38,144,146,155,17,99,106,4,192,103,35,161,102,186,133,76,112,104,31,74,34,108,51,50,198,174,16,194,29,154,60,179,27,43,127,96,171,141,11,22,64,79,177,199,166,83,86,119,81,153,7,173,150,10,185,62,120,178,46,180,191,121];False
4329;6750;11079;[73,20,188,87,130,5,42,47,26,89,75,152,18,181,68,48,63,118,44,140,124,94,196,36,145,115,113,61,45,138,65,82,187,128,134,195,33,183,162,126,143,160,91,6,77,149,189,148,173,116,17,168,84,122,2,97,0,85,19,132,176,3,136,49,170,95,167,93,66,135,53,56,21,92,147,67,32,165,169,23,163,25,70,90,41,88,164,37,156,71,8,184,190,109,72,78,131,110,101,59,80,100,30,114,182,139,125,58,151,175,197,1,117,98,157,142,137,158,54,57,193,172,39,107,55,14,13,111,52,40,12,129,15,9,28,105,69,159,38,144,146,155,123,99,106,4,192,103,35,161,102,186,133,76,112,104,31,74,34,108,51,50,198,174,16,194,29,154,60,179,27,43,127,96,171,141,11,22,64,79,177,199,166,83,86,119,81,153,7,24,150,10,185,62,120,178,46,180,191,121];False
4702;6737;11439;[198,174,190,10,130,5,119,57,26,145,115,152,186,7,15,51,106,20,44,140,124,168,74,136,125,6,113,61,45,138,123,82,187,128,134,195,33,94,118,126,143,160,91,75,77,149,189,148,173,116,65,4,84,122,2,97,0,85,18,132,176,3,196,49,170,95,167,93,66,135,48,50,21,92,147,67,32,165,169,23,163,25,70,90,41,88,146,37,156,71,8,184,162,109,72,78,131,110,101,59,80,100,30,114,182,139,36,58,151,175,197,1,117,98,157,142,137,158,54,120,193,172,39,107,55,14,13,111,52,40,87,181,68,9,28,105,69,159,38,144,56,63,73,99,155,178,192,103,35,161,102,12,133,76,112,104,31,183,34,108,188,164,53,17,16,194,29,154,60,179,27,43,127,96,42,141,11,22,64,79,177,199,166,83,86,171,81,153,129,24,150,19,185,62,47,89,46,180,191,121];False
4772;6731;11503;[198,174,190,10,130,5,171,57,26,145,115,152,186,7,15,48,106,20,44,140,124,168,74,136,125,6,113,61,45,138,123,82,187,128,134,195,33,94,118,126,143,160,91,75,77,149,189,148,173,116,65,4,84,122,2,97,0,85,18,132,176,3,196,49,170,95,167,93,66,135,51,50,21,92,147,67,32,165,169,23,163,25,70,90,41,88,146,37,156,71,8,184,162,109,72,78,131,110,101,59,80,100,30,114,182,139,36,58,151,175,197,1,117,98,157,142,137,158,54,120,193,172,39,107,55,14,13,111,52,40,87,181,68,9,28,105,69,159,38,144,56,63,73,99,155,178,192,103,35,161,102,12,133,76,112,104,31,183,34,108,188,164,53,17,16,194,29,154,60,179,27,43,127,96,42,141,11,22,64,79,177,199,166,83,86,119,81,153,129,24,150,19,185,62,47,89,46,180,191,121];False
4733;6736;11469;[198,174,190,10,130,5,171,57,26,145,115,152,186,7,15,51,106,20,44,140,124,168,74,136,125,6,167,61,45,138,123,82,187,128,134,195,33,94,118,126,143,160,91,75,77,149,189,148,173,116,65,4,84,122,2,97,0,85,18,132,176,3,196,49,170,95,113,93,66,135,48,50,21,92,147,67,32,165,169,23,163,25,70,90,41,88,146,37,156,71,8,184,162,109,72,78,131,110,101,59,80,100,30,114,182,139,36,58,151,175,197,1,117,98,157,142,137,158,54,120,193,172,39,107,55,14,13,111,52,40,87,181,68,9,28,105,69,159,38,144,56,63,73,99,155,178,192,103,35,161,102,12,133,76,112,104,31,183,34,108,188,164,53,17,16,194,29,154,60,179,27,43,127,96,42,141,11,22,64,79,177,199,166,83,86,119,81,153,129,24,150,19,185,62,47,89,46,180,191,121];False
4705;6736;11441;[198,174,118,10,130,5,119,57,26,145,115,152,186,7,15,51,106,20,44,140,124,168,74,136,125,6,113,61,45,138,123,82,187,128,134,195,33,94,190,126,143,160,91,75,77,149,189,148,173,116,65,4,84,122,2,97,0,85,18,132,176,3,196,49,170,95,167,93,66,135,48,50,21,92,147,67,32,165,169,23,163,25,70,90,41,88,146,37,156,71,8,184,162,109,72,78,131,110,101,59,80,100,30,114,182,139,36,58,151,175,197,1,117,98,157,142,137,158,54,120,193,172,39,107,55,14,13,111,52,40,87,181,68,9,28,105,69,159,38,144,56,63,73,99,155,178,192,103,35,161,102,12,133,76,112,104,31,183,34,108,188,164,53,17,16,194,29,154,60,179,27,43,127,96,42,141,11,22,64,79,177,199,166,83,86,171,81,153,129,24,150,19,185,62,47,89,46,180,191,121];False
4775;6730;11505;[198,174,118,10,130,5,171,57,26,145,115,152,186,7,15,48,106,20,44,140,124,168,74,136,125,6,113,61,45,138,123,82,187,128,134,195,33,94,190,126,143,160,91,75,77,149,189,148,173,116,65,4,84,122,2,97,0,85,18,132,176,3,196,49,170,95,167,93,66,135,51,50,21,92,147,67,32,165,169,23,163,25,70,90,41,88,146,37,156,71,8,184,162,109,72,78,131,110,101,59,80,100,30,114,182,139,36,58,151,175,197,1,117,98,157,142,137,158,54,120,193,172,39,107,55,14,13,111,52,40,87,181,68,9,28,105,69,159,38,144,56,63,73,99,155,178,192,103,35,161,102,12,133,76,112,104,31,183,34,108,188,164,53,17,16,194,29,154,60,179,27,43,127,96,42,141,11,22,64,79,177,199,166,83,86,119,81,153,129,24,150,19,185,62,47,89,46,180,191,121];False
4849;6726;11575;[198,174,118,10,130,5,171,57,26,145,115,152,186,7,15,51,74,20,44,140,124,168,106,136,125,6,113,61,45,138,123,82,187,128,134,195,33,94,190,126,143,160,91,75,77,149,189,148,173,116,65,4,84,122,2,97,0,85,18,132,176,3,196,49,170,95,167,93,66,135,48,50,21,92,147,67,32,165,169,23,163,25,70,90,41,88,146,37,156,71,8,184,162,109,72,78,131,110,101,59,80,100,30,114,182,139,36,58,151,175,197,1,117,98,157,142,137,158,54,120,193,172,39,107,55,14,13,111,52,40,87,181,68,9,28,105,69,159,38,144,56,63,73,99,155,178,192,103,35,161,102,12,133,76,112,104,31,183,34,108,188,164,53,17,16,194,29,154,60,179,27,43,127,96,42,141,11,22,64,79,177,199,166,83,86,119,81,153,129,24,150,19,185,62,47,89,46,180,191,121];False
4813;6726;11539;[198,174,118,10,130,5,171,57,26,145,115,152,186,7,15,51,106,20,44,140,124,168,16,136,125,6,113,61,45,138,123,82,187,128,134,195,33,94,190,126,143,160,91,75,77,149,189,148,173,116,65,4,84,122,2,97,0,85,18,132,176,3,196,49,170,95,167,93,66,135,48,50,21,92,147,67,32,165,169,23,163,25,70,90,41,88,146,37,156,71,8,184,162,109,72,78,131,110,101,59,80,100,30,114,182,139,36,58,151,175,197,1,117,98,157,142,137,158,54,120,193,172,39,107,55,14,13,111,52,40,87,181,68,9,28,105,69,159,38,144,56,63,73,99,155,178,192,103,35,161,102,12,133,76,112,104,31,183,34,108,188,164,53,17,74,194,29,154,60,179,27,43,127,96,42,141,11,22,64,79,177,199,166,83,86,119,81,153,129,24,150,19,185,62,47,89,46,180,191,121];False
4736;6735;11471;[198,174,118,10,130,5,171,57,26,145,115,152,186,7,15,51,106,20,44,140,124,168,74,136,125,6,167,61,45,138,123,82,187,128,134,195,33,94,190,126,143,160,91,75,77,149,189,148,173,116,65,4,84,122,2,97,0,85,18,132,176,3,196,49,170,95,113,93,66,135,48,50,21,92,147,67,32,165,169,23,163,25,70,90,41,88,146,37,156,71,8,184,162,109,72,78,131,110,101,59,80,100,30,114,182,139,36,58,151,175,197,1,117,98,157,142,137,158,54,120,193,172,39,107,55,14,13,111,52,40,87,181,68,9,28,105,69,159,38,144,56,63,73,99,155,178,192,103,35,161,102,12,133,76,112,104,31,183,34,108,188,164,53,17,16,194,29,154,60,179,27,43,127,96,42,141,11,22,64,79,177,199,166,83,86,119,81,153,129,24,150,19,185,62,47,89,46,180,191,121];False
4773;6730;11503;[198,174,190,10,130,5,42,47,26,125,115,152,186,7,15,51,106,20,44,140,124,168,34,136,145,6,113,61,45,138,123,82,187,128,134,195,33,94,118,126,143,160,91,75,77,149,189,148,173,116,65,4,84,122,2,97,0,85,18,132,176,3,196,49,170,95,167,93,66,135,48,50,21,92,147,67,32,165,169,23,163,25,70,90,41,88,146,37,156,71,8,184,162,109,72,78,131,110,101,59,80,100,30,114,182,139,36,58,151,175,197,1,117,98,157,142,137,158,54,120,193,172,39,107,55,14,13,111,52,40,87,181,68,9,28,105,69,159,38,144,56,63,73,99,155,178,192,103,35,161,102,12,133,76,112,104,31,183,164,108,188,74,53,17,16,194,29,154,60,179,27,43,127,96,171,141,11,22,64,79,177,199,166,83,86,119,81,153,129,24,150,19,185,62,57,89,46,180,191,121];False
4749;6731;11480;[198,174,190,10,130,5,42,47,26,145,115,152,12,7,15,51,106,20,44,140,124,168,34,136,125,6,113,61,45,138,123,82,187,128,134,195,33,94,118,126,143,160,91,75,77,149,189,148,173,116,65,4,84,122,2,97,0,85,18,132,176,3,196,49,170,95,167,93,66,135,48,50,21,92,147,67,32,165,169,23,163,25,70,90,41,88,146,37,156,71,8,184,162,109,72,78,131,110,101,59,80,100,30,114,182,139,36,58,151,175,197,1,117,98,157,142,137,158,54,120,193,172,39,107,55,14,13,111,52,40,87,181,68,9,28,105,69,159,38,144,56,63,73,99,155,178,192,103,35,161,102,186,133,76,112,104,31,183,164,108,188,74,53,17,16,194,29,154,60,179,27,43,127,96,171,141,11,22,64,79,177,199,166,83,86,119,81,153,129,24,150,19,185,62,57,89,46,180,191,121];False
4865;6722;11587;[198,174,190,10,130,5,42,47,26,145,115,152,186,148,15,51,106,20,44,140,124,168,34,136,125,6,113,61,45,138,123,82,187,128,134,195,33,94,118,126,143,160,91,75,77,149,189,7,173,116,65,4,84,122,2,97,0,85,18,132,176,3,196,49,170,95,167,93,66,135,48,50,21,92,147,67,32,165,169,23,163,25,70,90,41,88,146,37,156,71,8,184,162,109,72,78,131,110,101,59,80,100,30,114,182,139,36,58,151,175,197,1,117,98,157,142,137,158,54,120,193,172,39,107,55,14,13,111,52,40,87,181,68,9,28,105,69,159,38,144,56,63,73,99,155,178,192,103,35,161,102,12,133,76,112,104,31,183,164,108,188,74,53,17,16,194,29,154,60,179,27,43,127,96,171,141,11,22,64,79,177,199,166,83,86,119,81,153,129,24,150,19,185,62,57,89,46,180,191,121];False
4917;6720;11637;[198,174,190,10,130,5,42,47,26,145,115,152,186,7,15,123,106,20,44,140,124,168,34,136,125,6,113,61,45,138,51,82,187,128,134,195,33,94,118,126,143,160,91,75,77,149,189,148,173,116,65,4,84,122,2,97,0,85,18,132,176,3,196,49,170,95,167,93,66,135,48,50,21,92,147,67,32,165,169,23,163,25,70,90,41,88,146,37,156,71,8,184,162,109,72,78,131,110,101,59,80,100,30,114,182,139,36,58,151,175,197,1,117,98,157,142,137,158,54,120,193,172,39,107,55,14,13,111,52,40,87,181,68,9,28,105,69,159,38,144,56,63,73,99,155,178,192,103,35,161,102,12,133,76,112,104,31,183,164,108,188,74,53,17,16,194,29,154,60,179,27,43,127,96,171,141,11,22,64,79,177,199,166,83,86,119,81,153,129,24,150,19,185,62,57,89,46,180,191,121];False
4816;6723;11539;[198,174,190,10,130,5,42,47,26,145,115,152,186,7,15,48,106,20,44,140,124,168,34,136,125,6,113,61,45,138,123,82,187,128,134,195,33,94,118,126,143,160,91,75,77,149,189,148,173,116,65,4,84,122,2,97,0,85,18,132,176,3,196,49,170,95,167,93,66,135,51,50,21,92,147,67,32,165,169,23,163,25,70,90,41,88,146,37,156,71,8,184,162,109,72,78,131,110,101,59,80,100,30,114,182,139,36,58,151,175,197,1,117,98,157,142,137,158,54,120,193,172,39,107,55,14,13,111,52,40,87,181,68,9,28,105,69,159,38,144,56,63,73,99,155,178,192,103,35,161,102,12,133,76,112,104,31,183,164,108,188,74,53,17,16,194,29,154,60,179,27,43,127,96,171,141,11,22,64,79,177,199,166,83,86,119,81,153,129,24,150,19,185,62,57,89,46,180,191,121];False
4877;6721;11598;[198,174,190,10,130,5,42,47,26,145,115,152,186,7,15,51,106,20,146,140,124,168,34,136,125,6,113,61,45,138,123,82,187,128,134,195,33,94,118,126,143,160,91,75,77,149,189,148,173,116,65,4,84,122,2,97,0,85,18,132,176,3,196,49,170,95,167,93,66,135,48,50,21,92,147,67,32,165,169,23,163,25,70,90,41,88,44,37,156,71,8,184,162,109,72,78,131,110,101,59,80,100,30,114,182,139,36,58,151,175,197,1,117,98,157,142,137,158,54,120,193,172,39,107,55,14,13,111,52,40,87,181,68,9,28,105,69,159,38,144,56,63,73,99,155,178,192,103,35,161,102,12,133,76,112,104,31,183,164,108,188,74,53,17,16,194,29,154,60,179,27,43,127,96,171,141,11,22,64,79,177,199,166,83,86,119,81,153,129,24,150,19,185,62,57,89,46,180,191,121];False
4777;6728;11505;[198,174,190,10,130,5,42,47,26,145,115,152,186,7,15,51,106,20,44,140,124,168,34,136,125,6,167,61,45,138,123,82,187,128,134,195,33,94,118,126,143,160,91,75,77,149,189,148,173,116,65,4,84,122,2,97,0,85,18,132,176,3,196,49,170,95,113,93,66,135,48,50,21,92,147,67,32,165,169,23,163,25,70,90,41,88,146,37,156,71,8,184,162,109,72,78,131,110,101,59,80,100,30,114,182,139,36,58,151,175,197,1,117,98,157,142,137,158,54,120,193,172,39,107,55,14,13,111,52,40,87,181,68,9,28,105,69,159,38,144,56,63,73,99,155,178,192,103,35,161,102,12,133,76,112,104,31,183,164,108,188,74,53,17,16,194,29,154,60,179,27,43,127,96,171,141,11,22,64,79,177,199,166,83,86,119,81,153,129,24,150,19,185,62,57,89,46,180,191,121];False
4776;6729;11505;[198,174,118,10,130,5,42,47,26,125,115,152,186,7,15,51,106,20,44,140,124,168,34,136,145,6,113,61,45,138,123,82,187,128,134,195,33,94,190,126,143,160,91,75,77,149,189,148,173,116,65,4,84,122,2,97,0,85,18,132,176,3,196,49,170,95,167,93,66,135,48,50,21,92,147,67,32,165,169,23,163,25,70,90,41,88,146,37,156,71,8,184,162,109,72,78,131,110,101,59,80,100,30,114,182,139,36,58,151,175,197,1,117,98,157,142,137,158,54,120,193,172,39,107,55,14,13,111,52,40,87,181,68,9,28,105,69,159,38,144,56,63,73,99,155,178,192,103,35,161,102,12,133,76,112,104,31,183,164,108,188,74,53,17,16,194,29,154,60,179,27,43,127,96,171,141,11,22,64,79,177,199,166,83,86,119,81,153,129,24,150,19,185,62,57,89,46,180,191,121];False
4752;6730;11482;[198,174,118,10,130,5,42,47,26,145,115,152,12,7,15,51,106,20,44,140,124,168,34,136,125,6,113,61,45,138,123,82,187,128,134,195,33,94,190,126,143,160,91,75,77,149,189,148,173,116,65,4,84,122,2,97,0,85,18,132,176,3,196,49,170,95,167,93,66,135,48,50,21,92,147,67,32,165,169,23,163,25,70,90,41,88,146,37,156,71,8,184,162,109,72,78,131,110,101,59,80,100,30,114,182,139,36,58,151,175,197,1,117,98,157,142,137,158,54,120,193,172,39,107,55,14,13,111,52,40,87,181,68,9,28,105,69,159,38,144,56,63,73,99,155,178,192,103,35,161,102,186,133,76,112,104,31,183,164,108,188,74,53,17,16,194,29,154,60,179,27,43,127,96,171,141,11,22,64,79,177,199,166,83,86,119,81,153,129,24,150,19,185,62,57,89,46,180,191,121];False
4868;6721;11589;[198,174,118,10,130,5,42,47,26,145,115,152,186,148,15,51,106,20,44,140,124,168,34,136,125,6,113,61,45,138,123,82,187,128,134,195,33,94,190,126,143,160,91,75,77,149,189,7,173,116,65,4,84,122,2,97,0,85,18,132,176,3,196,49,170,95,167,93,66,135,48,50,21,92,147,67,32,165,169,23,163,25,70,90,41,88,146,37,156,71,8,184,162,109,72,78,131,110,101,59,80,100,30,114,182,139,36,58,151,175,197,1,117,98,157,142,137,158,54,120,193,172,39,107,55,14,13,111,52,40,87,181,68,9,28,105,69,159,38,144,56,63,73,99,155,178,192,103,35,161,102,12,133,76,112,104,31,183,164,108,188,74,53,17,16,194,29,154,60,179,27,43,127,96,171,141,11,22,64,79,177,199,166,83,86,119,81,153,129,24,150,19,185,62,57,89,46,180,191,121];False
4920;6719;11639;[198,174,118,10,130,5,42,47,26,145,115,152,186,7,15,123,106,20,44,140,124,168,34,136,125,6,113,61,45,138,51,82,187,128,134,195,33,94,190,126,143,160,91,75,77,149,189,148,173,116,65,4,84,122,2,97,0,85,18,132,176,3,196,49,170,95,167,93,66,135,48,50,21,92,147,67,32,165,169,23,163,25,70,90,41,88,146,37,156,71,8,184,162,109,72,78,131,110,101,59,80,100,30,114,182,139,36,58,151,175,197,1,117,98,157,142,137,158,54,120,193,172,39,107,55,14,13,111,52,40,87,181,68,9,28,105,69,159,38,144,56,63,73,99,155,178,192,103,35,161,102,12,133,76,112,104,31,183,164,108,188,74,53,17,16,194,29,154,60,179,27,43,127,96,171,141,11,22,64,79,177,199,166,83,86,119,81,153,129,24,150,19,185,62,57,89,46,180,191,121];False
4819;6722;11541;[198,174,118,10,130,5,42,47,26,145,115,152,186,7,15,48,106,20,44,140,124,168,34,136,125,6,113,61,45,138,123,82,187,128,134,195,33,94,190,126,143,160,91,75,77,149,189,148,173,116,65,4,84,122,2,97,0,85,18,132,176,3,196,49,170,95,167,93,66,135,51,50,21,92,147,67,32,165,169,23,163,25,70,90,41,88,146,37,156,71,8,184,162,109,72,78,131,110,101,59,80,100,30,114,182,139,36,58,151,175,197,1,117,98,157,142,137,158,54,120,193,172,39,107,55,14,13,111,52,40,87,181,68,9,28,105,69,159,38,144,56,63,73,99,155,178,192,103,35,161,102,12,133,76,112,104,31,183,164,108,188,74,53,17,16,194,29,154,60,179,27,43,127,96,171,141,11,22,64,79,177,199,166,83,86,119,81,153,129,24,150,19,185,62,57,89,46,180,191,121];False
4880;6720;11600;[198,174,118,10,130,5,42,47,26,145,115,152,186,7,15,51,106,20,146,140,124,168,34,136,125,6,113,61,45,138,123,82,187,128,134,195,33,94,190,126,143,160,91,75,77,149,189,148,173,116,65,4,84,122,2,97,0,85,18,132,176,3,196,49,170,95,167,93,66,135,48,50,21,92,147,67,32,165,169,23,163,25,70,90,41,88,44,37,156,71,8,184,162,109,72,78,131,110,101,59,80,100,30,114,182,139,36,58,151,175,197,1,117,98,157,142,137,158,54,120,193,172,39,107,55,14,13,111,52,40,87,181,68,9,28,105,69,159,38,144,56,63,73,99,155,178,192,103,35,161,102,12,133,76,112,104,31,183,164,108,188,74,53,17,16,194,29,154,60,179,27,43,127,96,171,141,11,22,64,79,177,199,166,83,86,119,81,153,129,24,150,19,185,62,57,89,46,180,191,121];False
4714;6730;11444;[198,174,118,10,130,5,42,47,26,145,115,152,186,7,15,51,106,20,44,140,124,168,34,94,125,6,113,61,45,138,123,82,187,128,134,195,33,136,190,126,143,160,91,75,77,149,189,148,173,116,65,4,84,122,2,97,0,85,18,132,176,3,196,49,170,95,167,93,66,135,48,50,21,92,147,67,32,165,169,23,163,25,70,90,41,88,146,37,156,71,8,184,162,109,72,78,131,110,101,59,80,100,30,114,182,139,36,58,151,175,197,1,117,98,157,142,137,158,54,120,193,172,39,107,55,14,13,111,52,40,87,181,68,9,28,105,69,159,38,144,56,63,73,99,155,178,192,103,35,161,102,12,133,76,112,104,31,183,164,108,188,74,53,17,16,194,29,154,60,179,27,43,127,96,171,141,11,22,64,79,177,199,166,83,86,119,81,153,129,24,150,19,185,62,57,89,46,180,191,121];False
4780;6727;11507;[198,174,118,10,130,5,42,47,26,145,115,152,186,7,15,51,106,20,44,140,124,168,34,136,125,6,167,61,45,138,123,82,187,128,134,195,33,94,190,126,143,160,91,75,77,149,189,148,173,116,65,4,84,122,2,97,0,85,18,132,176,3,196,49,170,95,113,93,66,135,48,50,21,92,147,67,32,165,169,23,163,25,70,90,41,88,146,37,156,71,8,184,162,109,72,78,131,110,101,59,80,100,30,114,182,139,36,58,151,175,197,1,117,98,157,142,137,158,54,120,193,172,39,107,55,14,13,111,52,40,87,181,68,9,28,105,69,159,38,144,56,63,73,99,155,178,192,103,35,161,102,12,133,76,112,104,31,183,164,108,188,74,53,17,16,194,29,154,60,179,27,43,127,96,171,141,11,22,64,79,177,199,166,83,86,119,81,153,129,24,150,19,185,62,57,89,46,180,191,121];False
5070;6709;11779;[198,29,90,41,75,60,42,47,26,145,115,152,186,129,139,123,106,20,56,140,124,168,164,190,174,196,113,61,45,138,51,82,187,128,134,195,33,94,118,126,143,160,91,154,77,149,189,7,173,116,65,4,84,122,2,97,0,85,18,132,176,3,136,49,170,95,167,93,66,135,48,50,21,92,147,67,32,165,169,23,163,25,70,125,6,88,44,37,156,71,8,184,162,109,72,78,131,110,101,59,80,100,30,114,182,15,36,58,151,175,197,1,117,98,157,142,137,158,54,57,193,172,39,107,55,14,13,111,52,40,87,181,68,9,28,105,69,159,38,144,146,63,73,99,155,178,192,103,35,161,102,12,133,76,112,104,31,183,34,108,188,74,53,17,16,194,19,130,5,179,27,43,127,96,171,141,11,22,64,79,177,199,148,83,86,119,81,153,166,24,150,10,185,62,120,89,46,180,191,121];False
5064;6710;11774;[198,29,90,41,49,60,42,47,26,145,115,152,186,129,139,123,106,20,56,140,124,168,164,190,174,196,113,61,45,138,51,82,187,128,134,195,33,94,118,126,143,160,91,75,77,149,189,7,173,116,65,4,84,122,2,97,0,85,18,132,176,3,136,154,170,95,167,93,66,135,48,50,21,92,147,67,32,165,169,23,163,25,70,125,6,88,44,37,156,71,8,184,162,109,72,78,131,110,101,59,80,100,30,114,182,15,36,58,151,175,197,1,117,98,157,142,137,158,54,57,193,172,39,107,55,14,13,111,52,40,87,181,68,9,28,105,69,159,38,144,146,63,73,99,155,178,192,103,35,161,102,12,133,76,112,104,31,183,34,108,188,74,53,17,16,194,19,130,5,179,27,43,127,96,171,141,11,22,64,79,177,199,148,83,86,119,81,153,166,24,150,10,185,62,120,89,46,180,191,121];False
4969;6714;11683;[198,29,90,41,142,60,42,47,26,145,115,152,186,129,139,123,106,20,56,140,124,168,164,190,174,196,113,61,45,138,51,82,187,128,134,195,33,94,118,126,143,160,91,75,77,149,189,7,173,116,65,4,84,122,2,97,0,85,18,132,176,3,136,49,170,95,167,93,66,135,48,50,21,92,147,67,32,165,169,23,163,25,70,125,6,88,44,37,156,71,8,184,162,109,72,78,131,110,101,59,80,100,30,114,182,15,36,58,151,175,197,1,117,98,157,154,137,158,54,57,193,172,39,107,55,14,13,111,52,40,87,181,68,9,28,105,69,159,38,144,146,63,73,99,155,178,192,103,35,161,102,12,133,76,112,104,31,183,34,108,188,74,53,17,16,194,19,130,5,179,27,43,127,96,171,141,11,22,64,79,177,199,148,83,86,119,81,153,166,24,150,10,185,62,120,89,46,180,191,121];False
5028;6708;11736;[198,29,90,41,172,60,42,47,26,145,115,152,186,129,139,123,106,20,56,140,124,168,164,190,174,196,113,61,45,138,51,82,187,128,134,195,33,94,118,126,143,160,91,75,77,149,189,7,173,116,65,4,84,122,2,97,0,85,18,132,176,3,136,49,170,95,167,93,66,135,48,50,21,92,147,67,32,165,169,23,163,25,70,125,6,88,44,37,156,71,8,184,162,109,72,78,131,110,101,59,80,100,30,114,182,15,36,58,151,175,197,1,117,98,157,142,137,158,54,57,193,154,39,107,55,14,13,111,52,40,87,181,68,9,28,105,69,159,38,144,146,63,73,99,155,178,192,103,35,161,102,12,133,76,112,104,31,183,34,108,188,74,53,17,16,194,19,130,5,179,27,43,127,96,171,141,11,22,64,79,177,199,148,83,86,119,81,153,166,24,150,10,185,62,120,89,46,180,191,121];False
5092;6707;11799;[198,29,90,41,154,60,42,47,26,145,115,152,186,129,139,123,106,20,56,140,124,168,34,190,174,196,113,61,45,138,51,82,187,128,134,195,33,94,118,126,143,160,91,75,77,149,189,7,173,116,65,4,84,122,2,97,0,85,18,132,176,3,136,49,170,95,167,93,66,135,48,50,21,92,147,67,32,165,169,23,163,25,70,125,6,88,44,37,156,71,8,184,162,109,72,78,131,110,101,59,80,100,30,114,182,15,36,58,151,175,197,1,117,98,157,142,137,158,54,57,193,172,39,107,55,14,13,111,52,40,87,181,68,9,28,105,69,159,38,144,146,63,73,99,155,178,192,103,35,161,102,12,133,76,112,104,31,183,164,108,188,74,53,17,16,194,19,130,5,179,27,43,127,96,171,141,11,22,64,79,177,199,148,83,86,119,81,153,166,24,150,10,185,62,120,89,46,180,191,121];False
5005;6712;11717;[198,29,90,41,154,60,42,47,26,145,115,152,186,129,139,123,106,20,56,140,124,168,164,190,174,196,113,61,45,135,51,82,187,128,134,195,33,94,118,126,143,160,91,75,77,149,189,7,173,116,65,4,84,122,2,97,0,85,18,132,176,3,136,49,170,95,167,93,66,138,48,50,21,92,147,67,32,165,169,23,163,25,70,125,6,88,44,37,156,71,8,184,162,109,72,78,131,110,101,59,80,100,30,114,182,15,36,58,151,175,197,1,117,98,157,142,137,158,54,57,193,172,39,107,55,14,13,111,52,40,87,181,68,9,28,105,69,159,38,144,146,63,73,99,155,178,192,103,35,161,102,12,133,76,112,104,31,183,34,108,188,74,53,17,16,194,19,130,5,179,27,43,127,96,171,141,11,22,64,79,177,199,148,83,86,119,81,153,166,24,150,10,185,62,120,89,46,180,191,121];False
4935;6715;11650;[198,29,90,41,154,60,42,47,26,145,115,152,186,129,139,123,106,20,56,140,124,168,164,190,174,196,113,61,45,138,65,82,187,128,134,195,33,94,118,126,143,160,91,75,77,149,189,7,173,116,51,4,84,122,2,97,0,85,18,132,176,3,136,49,170,95,167,93,66,135,48,50,21,92,147,67,32,165,169,23,163,25,70,125,6,88,44,37,156,71,8,184,162,109,72,78,131,110,101,59,80,100,30,114,182,15,36,58,151,175,197,1,117,98,157,142,137,158,54,57,193,172,39,107,55,14,13,111,52,40,87,181,68,9,28,105,69,159,38,144,146,63,73,99,155,178,192,103,35,161,102,12,133,76,112,104,31,183,34,108,188,74,53,17,16,194,19,130,5,179,27,43,127,96,171,141,11,22,64,79,177,199,148,83,86,119,81,153,166,24,150,10,185,62,120,89,46,180,191,121];False
5226;6701;11927;[198,29,147,78,130,5,54,120,26,145,115,152,186,129,139,123,106,20,56,140,124,168,164,190,174,196,113,61,45,138,51,82,187,128,134,195,33,94,118,126,143,160,91,75,77,149,189,7,173,116,65,4,84,122,2,97,0,85,18,132,176,3,136,49,170,95,167,93,66,135,48,50,21,92,90,67,32,165,169,23,163,25,70,125,6,88,44,37,156,71,8,184,162,109,72,41,131,110,101,59,80,100,30,114,182,15,36,58,151,175,197,1,117,98,157,142,137,158,42,57,193,172,39,107,55,14,13,111,52,40,87,181,68,9,28,105,69,159,38,144,146,63,73,99,155,178,192,103,35,161,102,12,133,76,112,104,31,183,34,108,188,74,53,17,16,194,19,154,60,179,27,43,127,96,171,141,11,22,64,79,177,199,148,83,86,119,81,153,166,24,150,10,185,62,47,89,46,180,191,121];False
5151;6706;11857;[198,29,125,78,130,5,54,120,26,145,115,152,186,129,139,123,106,20,146,140,124,168,164,190,174,196,113,61,45,138,51,82,187,128,134,195,33,94,118,126,143,160,91,75,77,149,189,7,173,116,65,4,84,122,2,97,0,85,18,132,176,3,136,49,170,95,167,93,66,135,48,50,21,92,90,67,32,165,169,23,163,25,70,147,6,88,44,37,156,71,8,184,162,109,72,41,131,110,101,59,80,100,30,114,182,15,36,58,151,175,197,1,117,98,157,142,137,158,42,57,193,172,39,107,55,14,13,111,52,40,87,181,68,9,28,105,69,159,38,144,56,63,73,99,155,178,192,103,35,161,102,12,133,76,112,104,31,183,34,108,188,74,53,17,16,194,19,154,60,179,27,43,127,96,171,141,11,22,64,79,177,199,148,83,86,119,81,153,166,24,150,10,185,62,47,89,46,180,191,121];False
5211;6705;11916;[198,29,125,78,130,5,54,120,26,145,115,152,186,129,139,123,106,20,56,37,124,168,164,190,174,196,113,61,45,138,51,82,187,128,134,195,33,94,118,126,143,160,91,75,77,149,189,7,173,116,65,4,84,122,2,97,0,85,18,132,176,3,136,49,170,95,167,93,66,135,48,50,21,92,90,67,32,165,169,23,163,25,70,147,6,88,44,140,156,71,8,184,162,109,72,41,131,110,101,59,80,100,30,114,182,15,36,58,151,175,197,1,117,98,157,142,137,158,42,57,193,172,39,107,55,14,13,111,52,40,87,181,68,9,28,105,69,159,38,144,146,63,73,99,155,178,192,103,35,161,102,12,133,76,112,104,31,183,34,108,188,74,53,17,16,194,19,154,60,179,27,43,127,96,171,141,11,22,64,79,177,199,148,83,86,119,81,153,166,24,150,10,185,62,47,89,46,180,191,121];False
5200;6705;11905;[198,29,125,78,130,5,54,120,26,145,115,152,186,129,139,123,106,20,56,63,124,168,164,190,174,196,113,61,45,138,51,82,187,128,134,195,33,94,118,126,143,160,91,75,77,149,189,7,173,116,65,4,84,122,2,97,0,85,18,132,176,3,136,49,170,95,167,93,66,135,48,50,21,92,90,67,32,165,169,23,163,25,70,147,6,88,44,37,156,71,8,184,162,109,72,41,131,110,101,59,80,100,30,114,182,15,36,58,151,175,197,1,117,98,157,142,137,158,42,57,193,172,39,107,55,14,13,111,52,40,87,181,68,9,28,105,69,159,38,144,146,140,73,99,155,178,192,103,35,161,102,12,133,76,112,104,31,183,34,108,188,74,53,17,16,194,19,154,60,179,27,43,127,96,171,141,11,22,64,79,177,199,148,83,86,119,81,153,166,24,150,10,185,62,47,89,46,180,191,121];False
5349;6692;12041;[198,29,125,78,130,5,54,120,26,145,115,152,186,129,139,123,106,20,56,140,124,168,34,190,174,196,113,61,45,138,51,82,187,128,134,195,33,94,118,126,143,160,91,75,77,149,189,7,173,116,65,4,84,122,2,97,0,85,18,132,176,3,136,49,170,95,167,93,66,135,48,50,21,92,90,67,32,165,169,23,163,25,70,147,6,88,44,37,156,71,8,184,162,109,72,41,131,110,101,59,80,100,30,114,182,15,36,58,151,175,197,1,117,98,157,142,137,158,42,57,193,172,39,107,55,14,13,111,52,40,87,181,68,9,28,105,69,159,38,144,146,63,73,99,155,178,192,103,35,161,102,12,133,76,112,104,31,183,164,108,188,74,53,17,16,194,19,154,60,179,27,43,127,96,171,141,11,22,64,79,177,199,148,83,86,119,81,153,166,24,150,10,185,62,47,89,46,180,191,121];False
5231;6700;11931;[198,29,125,78,130,5,54,120,26,145,115,152,186,129,139,123,106,20,56,140,124,168,164,190,174,196,167,61,45,138,51,82,187,128,134,195,33,94,118,126,143,160,91,75,77,149,189,7,173,116,65,4,84,122,2,97,0,85,18,132,176,3,136,49,170,95,113,93,66,135,48,50,21,92,90,67,32,165,169,23,163,25,70,147,6,88,44,37,156,71,8,184,162,109,72,41,131,110,101,59,80,100,30,114,182,15,36,58,151,175,197,1,117,98,157,142,137,158,42,57,193,172,39,107,55,14,13,111,52,40,87,181,68,9,28,105,69,159,38,144,146,63,73,99,155,178,192,103,35,161,102,12,133,76,112,104,31,183,34,108,188,74,53,17,16,194,19,154,60,179,27,43,127,96,171,141,11,22,64,79,177,199,148,83,86,119,81,153,166,24,150,10,185,62,47,89,46,180,191,121];False
5262;6697;11959;[198,29,125,78,130,5,54,120,26,145,115,152,186,129,139,123,106,20,56,140,124,168,164,190,174,196,113,61,45,135,51,82,187,128,134,195,33,94,118,126,143,160,91,75,77,149,189,7,173,116,65,4,84,122,2,97,0,85,18,132,176,3,136,49,170,95,167,93,66,138,48,50,21,92,90,67,32,165,169,23,163,25,70,147,6,88,44,37,156,71,8,184,162,109,72,41,131,110,101,59,80,100,30,114,182,15,36,58,151,175,197,1,117,98,157,142,137,158,42,57,193,172,39,107,55,14,13,111,52,40,87,181,68,9,28,105,69,159,38,144,146,63,73,99,155,178,192,103,35,161,102,12,133,76,112,104,31,183,34,108,188,74,53,17,16,194,19,154,60,179,27,43,127,96,171,141,11,22,64,79,177,199,148,83,86,119,81,153,166,24,150,10,185,62,47,89,46,180,191,121];False
5192;6700;11892;[198,29,125,78,130,5,54,120,26,145,115,152,186,129,139,123,106,20,56,140,124,168,164,190,174,196,113,61,45,138,65,82,187,128,134,195,33,94,118,126,143,160,91,75,77,149,189,7,173,116,51,4,84,122,2,97,0,85,18,132,176,3,136,49,170,95,167,93,66,135,48,50,21,92,90,67,32,165,169,23,163,25,70,147,6,88,44,37,156,71,8,184,162,109,72,41,131,110,101,59,80,100,30,114,182,15,36,58,151,175,197,1,117,98,157,142,137,158,42,57,193,172,39,107,55,14,13,111,52,40,87,181,68,9,28,105,69,159,38,144,146,63,73,99,155,178,192,103,35,161,102,12,133,76,112,104,31,183,34,108,188,74,53,17,16,194,19,154,60,179,27,43,127,96,171,141,11,22,64,79,177,199,148,83,86,119,81,153,166,24,150,10,185,62,47,89,46,180,191,121];False
5947;6682;12629;[34,147,41,127,54,120,89,46,174,101,185,175,12,7,85,15,135,198,19,33,183,17,154,38,178,13,197,123,29,71,44,91,52,2,83,59,93,138,124,94,118,48,73,90,149,163,186,148,173,116,65,192,10,95,61,97,0,77,57,26,145,3,136,49,170,103,105,74,20,156,106,194,51,50,82,67,32,165,169,23,75,36,98,25,1,88,70,37,21,92,8,184,190,109,72,78,111,128,171,110,80,100,30,114,182,139,125,187,158,62,189,130,5,122,157,84,131,79,42,27,193,172,39,107,55,14,143,196,167,40,87,181,68,9,28,162,108,102,132,144,56,63,140,99,146,159,164,69,35,161,191,152,18,134,112,104,31,53,180,4,188,168,155,126,16,142,115,86,60,179,47,43,133,76,151,141,11,58,64,96,177,199,166,22,195,119,81,153,129,24,150,6,137,117,113,66,176,160,45,121];False
5986;6679;12665;[34,147,41,127,54,120,89,46,174,18,185,175,12,7,85,15,135,194,19,33,183,17,154,38,178,13,197,123,29,71,44,91,52,2,83,59,93,138,124,94,118,48,73,90,149,163,186,148,173,116,65,192,10,95,61,97,0,77,57,26,145,3,136,49,170,103,105,74,20,156,106,198,51,50,82,67,32,165,169,23,75,36,98,25,1,88,70,37,21,92,8,184,190,109,72,78,111,128,171,110,80,100,30,114,182,139,125,187,158,62,189,130,5,122,157,84,131,79,42,27,193,172,39,107,55,14,143,196,167,40,87,181,68,9,28,162,108,102,132,144,56,63,140,99,146,159,164,69,35,161,191,152,101,134,112,104,31,53,180,4,188,168,155,126,16,142,115,86,60,179,47,43,133,76,151,141,11,58,64,96,177,199,166,22,195,119,81,153,129,24,150,6,137,117,113,66,176,160,45,121];False
5817;6689;12506;[34,147,41,127,54,120,89,46,174,18,185,175,12,7,85,15,135,37,19,33,183,17,154,38,178,13,197,123,29,71,44,91,52,2,83,59,93,138,124,94,118,48,73,90,149,163,186,148,173,116,65,192,10,95,61,97,0,77,57,26,145,3,136,49,170,103,105,74,20,156,106,194,51,50,82,67,32,165,169,23,75,36,98,25,1,88,70,198,21,92,8,184,190,109,72,78,111,128,171,110,80,100,30,114,182,139,125,187,158,62,189,130,5,122,157,84,131,79,42,27,193,172,39,107,55,14,143,196,167,40,87,181,68,9,28,162,108,102,132,144,56,63,140,99,146,159,164,69,35,161,191,152,101,134,112,104,31,53,180,4,188,168,155,126,16,142,115,86,60,179,47,43,133,76,151,141,11,58,64,96,177,199,166,22,195,119,81,153,129,24,150,6,137,117,113,66,176,160,45,121];False
5959;6679;12638;[34,147,69,100,54,120,89,46,174,101,185,175,12,7,85,15,135,198,19,33,183,17,154,38,178,13,197,123,29,71,44,91,52,2,83,59,93,138,124,94,118,48,73,90,149,163,186,148,173,116,65,192,10,95,61,97,0,77,57,26,145,3,136,49,170,103,105,74,20,156,106,194,51,50,82,67,32,165,169,23,75,36,98,25,1,88,70,37,21,92,8,184,190,109,72,78,111,128,171,110,80,127,30,114,182,139,125,187,158,62,189,130,5,122,157,84,131,79,42,27,193,172,39,107,55,14,143,196,167,40,87,181,68,9,28,162,108,102,132,144,56,63,140,99,146,159,164,41,35,161,191,152,18,134,112,104,31,53,180,4,188,168,155,126,16,142,115,86,60,179,47,43,133,76,151,141,11,58,64,96,177,199,166,22,195,119,81,153,129,24,150,6,137,117,113,66,176,160,45,121];False
5925;6685;12610;[34,147,69,100,54,120,89,46,174,86,185,175,12,7,85,15,135,198,19,33,183,17,154,38,178,13,197,123,29,71,44,91,52,2,83,59,93,138,124,94,118,48,73,90,149,163,186,148,173,116,65,192,10,95,61,97,0,77,57,26,145,3,136,49,170,103,105,74,20,156,106,194,51,50,82,67,32,165,169,23,75,36,98,25,1,88,70,37,21,92,8,184,190,109,72,78,111,128,171,110,80,127,30,114,182,139,125,187,158,62,189,130,5,122,157,84,131,79,42,27,193,172,39,107,55,14,143,196,167,40,87,181,68,9,28,162,108,102,132,144,56,63,140,99,146,159,164,41,35,161,191,152,101,134,112,104,31,53,180,4,188,168,155,126,16,142,115,18,60,179,47,43,133,76,151,141,11,58,64,96,177,199,166,22,195,119,81,153,129,24,150,6,137,117,113,66,176,160,45,121];False
5998;6676;12674;[34,147,69,100,54,120,89,46,174,18,185,175,12,7,85,15,135,194,19,33,183,17,154,38,178,13,197,123,29,71,44,91,52,2,83,59,93,138,124,94,118,48,73,90,149,163,186,148,173,116,65,192,10,95,61,97,0,77,57,26,145,3,136,49,170,103,105,74,20,156,106,198,51,50,82,67,32,165,169,23,75,36,98,25,1,88,70,37,21,92,8,184,190,109,72,78,111,128,171,110,80,127,30,114,182,139,125,187,158,62,189,130,5,122,157,84,131,79,42,27,193,172,39,107,55,14,143,196,167,40,87,181,68,9,28,162,108,102,132,144,56,63,140,99,146,159,164,41,35,161,191,152,101,134,112,104,31,53,180,4,188,168,155,126,16,142,115,86,60,179,47,43,133,76,151,141,11,58,64,96,177,199,166,22,195,119,81,153,129,24,150,6,137,117,113,66,176,160,45,121];False
5829;6686;12515;[34,147,69,100,54,120,89,46,174,18,185,175,12,7,85,15,135,37,19,33,183,17,154,38,178,13,197,123,29,71,44,91,52,2,83,59,93,138,124,94,118,48,73,90,149,163,186,148,173,116,65,192,10,95,61,97,0,77,57,26,145,3,136,49,170,103,105,74,20,156,106,194,51,50,82,67,32,165,169,23,75,36,98,25,1,88,70,198,21,92,8,184,190,109,72,78,111,128,171,110,80,127,30,114,182,139,125,187,158,62,189,130,5,122,157,84,131,79,42,27,193,172,39,107,55,14,143,196,167,40,87,181,68,9,28,162,108,102,132,144,56,63,140,99,146,159,164,41,35,161,191,152,101,134,112,104,31,53,180,4,188,168,155,126,16,142,115,86,60,179,47,43,133,76,151,141,11,58,64,96,177,199,166,22,195,119,81,153,129,24,150,6,137,117,113,66,176,160,45,121];False
5911;6685;12596;[146,143,69,100,54,120,89,46,174,149,185,175,12,7,85,15,135,198,19,33,183,17,154,38,178,13,197,123,29,71,44,91,52,2,83,59,93,138,124,94,118,48,73,90,18,163,186,148,173,116,65,192,10,95,61,97,0,77,57,26,145,3,136,49,170,103,105,74,20,156,106,194,51,50,82,67,32,165,169,23,75,36,98,25,1,88,70,37,21,92,8,184,190,109,72,78,111,128,171,110,80,127,30,114,182,139,125,187,158,62,189,130,5,122,157,84,131,79,42,27,193,172,39,107,55,14,147,196,167,40,87,181,68,9,28,162,108,102,132,144,56,63,140,99,34,159,164,41,35,161,191,152,101,134,112,104,31,53,180,4,188,168,155,126,16,142,115,86,60,179,47,43,133,76,151,141,11,58,64,96,177,199,166,22,195,119,81,153,129,24,150,6,137,117,113,66,176,160,45,121];False
6040;6674;12714;[146,143,69,100,54,120,89,46,174,101,185,175,12,7,85,15,135,198,19,33,183,17,154,38,178,13,197,123,29,71,44,91,52,2,83,59,93,138,124,94,118,48,73,90,149,163,186,148,173,116,65,192,10,95,61,97,0,77,57,26,145,3,136,49,170,103,105,74,20,156,106,194,51,50,82,67,32,165,169,23,75,36,98,25,1,88,70,37,21,92,8,184,190,109,72,78,111,128,171,110,80,127,30,114,182,139,125,187,158,62,189,130,5,122,157,84,131,79,42,27,193,172,39,107,55,14,147,196,167,40,87,181,68,9,28,162,108,102,132,144,56,63,140,99,34,159,164,41,35,161,191,152,18,134,112,104,31,53,180,4,188,168,155,126,16,142,115,86,60,179,47,43,133,76,151,141,11,58,64,96,177,199,166,22,195,119,81,153,129,24,150,6,137,117,113,66,176,160,45,121];False
5944;6684;12628;[146,143,69,100,54,120,89,46,174,18,185,175,12,7,85,15,135,20,19,33,183,17,154,38,178,13,197,123,29,71,44,91,52,2,83,59,93,138,124,94,118,48,73,90,149,163,186,148,173,116,65,192,10,95,61,97,0,77,57,26,145,3,136,49,170,103,105,74,198,156,106,194,51,50,82,67,32,165,169,23,75,36,98,25,1,88,70,37,21,92,8,184,190,109,72,78,111,128,171,110,80,127,30,114,182,139,125,187,158,62,189,130,5,122,157,84,131,79,42,27,193,172,39,107,55,14,147,196,167,40,87,181,68,9,28,162,108,102,132,144,56,63,140,99,34,159,164,41,35,161,191,152,101,134,112,104,31,53,180,4,188,168,155,126,16,142,115,86,60,179,47,43,133,76,151,141,11,58,64,96,177,199,166,22,195,119,81,153,129,24,150,6,137,117,113,66,176,160,45,121];False
5910;6681;12591;[146,143,69,100,54,120,89,46,174,18,185,175,12,7,85,15,135,37,19,33,183,17,154,38,178,13,197,123,29,71,44,91,52,2,83,59,93,138,124,94,118,48,73,90,149,163,186,148,173,116,65,192,10,95,61,97,0,77,57,26,145,3,136,49,170,103,105,74,20,156,106,194,51,50,82,67,32,165,169,23,75,36,98,25,1,88,70,198,21,92,8,184,190,109,72,78,111,128,171,110,80,127,30,114,182,139,125,187,158,62,189,130,5,122,157,84,131,79,42,27,193,172,39,107,55,14,147,196,167,40,87,181,68,9,28,162,108,102,132,144,56,63,140,99,34,159,164,41,35,161,191,152,101,134,112,104,31,53,180,4,188,168,155,126,16,142,115,86,60,179,47,43,133,76,151,141,11,58,64,96,177,199,166,22,195,119,81,153,129,24,150,6,137,117,113,66,176,160,45,121];False
6117;6665;12782;[73,154,49,86,54,120,89,46,6,18,185,175,12,7,85,15,135,198,19,33,183,17,143,38,178,41,197,123,29,71,44,91,52,2,83,59,93,138,124,94,118,48,146,90,149,163,186,148,173,116,65,192,10,95,61,97,0,77,57,26,145,3,136,137,170,103,105,74,20,156,106,194,51,50,82,67,32,165,169,23,75,36,98,25,1,88,70,37,21,92,8,184,190,109,72,78,111,128,171,110,80,100,30,114,182,139,125,187,158,62,189,130,5,122,157,84,131,79,42,27,193,172,39,107,55,14,147,196,167,40,87,181,68,9,28,162,108,102,132,144,56,63,140,99,34,159,164,69,35,161,191,152,101,134,112,104,31,53,180,4,188,168,155,126,16,142,115,127,60,179,47,43,133,76,151,141,11,58,64,96,177,199,166,22,195,119,81,153,129,24,150,174,13,117,113,66,176,160,45,121];False
6057;6673;12730;[73,154,137,185,54,120,89,46,6,18,86,175,12,7,85,15,135,198,19,33,183,17,143,38,178,41,197,123,29,71,44,91,52,2,83,59,93,138,124,94,118,48,146,90,149,163,186,148,173,116,65,192,10,95,61,97,0,77,57,26,145,3,136,49,170,103,105,74,20,156,106,194,51,50,82,67,32,165,169,23,75,36,98,25,1,88,70,37,21,92,8,184,190,109,72,78,111,128,171,110,80,100,30,114,182,139,125,187,158,62,189,130,5,122,157,84,131,79,42,27,193,172,39,107,55,14,147,196,167,40,87,181,68,9,28,162,108,102,132,144,56,63,140,99,34,159,164,69,35,161,191,152,101,134,112,104,31,53,180,4,188,168,155,126,16,142,115,127,60,179,47,43,133,76,151,141,11,58,64,96,177,199,166,22,195,119,81,153,129,24,150,174,13,117,113,66,176,160,45,121];False
6040;6672;12712;[73,154,137,133,54,120,89,46,6,18,185,175,12,7,85,15,135,198,19,33,183,17,143,38,178,41,197,123,29,71,44,91,52,2,83,59,93,138,124,94,118,48,146,90,149,163,186,148,173,116,65,192,10,95,61,97,0,77,57,26,145,3,136,49,170,103,105,74,20,156,106,194,51,50,82,67,32,165,169,23,75,36,98,25,1,88,70,37,21,92,8,184,190,109,72,78,111,128,171,110,80,100,30,114,182,139,125,187,158,62,189,130,5,122,157,84,131,79,42,27,193,172,39,107,55,14,147,196,167,40,87,181,68,9,28,162,108,102,132,144,56,63,140,99,34,159,164,69,35,161,191,152,101,134,112,104,31,53,180,4,188,168,155,126,16,142,115,127,60,179,47,43,86,76,151,141,11,58,64,96,177,199,166,22,195,119,81,153,129,24,150,174,13,117,113,66,176,160,45,121];False
6195;6658;12853;[73,154,137,86,54,120,46,89,6,18,185,175,12,7,85,15,135,198,19,33,183,17,143,38,178,41,197,123,29,71,44,91,52,2,83,59,93,138,124,94,118,48,146,90,149,163,186,148,173,116,65,192,10,95,61,97,0,77,57,26,145,3,136,49,170,103,105,74,20,156,106,194,51,50,82,67,32,165,169,23,75,36,98,25,1,88,70,37,21,92,8,184,190,109,72,78,111,128,171,110,80,100,30,114,182,139,125,187,158,62,189,130,5,122,157,84,131,79,42,27,193,172,39,107,55,14,147,196,167,40,87,181,68,9,28,162,108,102,132,144,56,63,140,99,34,159,164,69,35,161,191,152,101,134,112,104,31,53,180,4,188,168,155,126,16,142,115,127,60,179,47,43,133,76,151,141,11,58,64,96,177,199,166,22,195,119,81,153,129,24,150,174,13,117,113,66,176,160,45,121];False
6167;6664;12831;[73,154,137,86,54,120,89,3,6,18,185,175,12,7,85,15,135,198,19,33,183,17,143,38,178,41,197,123,29,71,44,91,52,2,83,59,93,138,124,94,118,48,146,90,149,163,186,148,173,116,65,192,10,95,61,97,0,77,57,26,145,46,136,49,170,103,105,74,20,156,106,194,51,50,82,67,32,165,169,23,75,36,98,25,1,88,70,37,21,92,8,184,190,109,72,78,111,128,171,110,80,100,30,114,182,139,125,187,158,62,189,130,5,122,157,84,131,79,42,27,193,172,39,107,55,14,147,196,167,40,87,181,68,9,28,162,108,102,132,144,56,63,140,99,34,159,164,69,35,161,191,152,101,134,112,104,31,53,180,4,188,168,155,126,16,142,115,127,60,179,47,43,133,76,151,141,11,58,64,96,177,199,166,22,195,119,81,153,129,24,150,174,13,117,113,66,176,160,45,121];False
6057;6668;12725;[73,154,137,86,54,120,89,69,6,18,185,175,12,7,85,15,135,198,19,33,183,17,143,38,178,41,197,123,29,71,44,91,52,2,83,59,93,138,124,94,118,48,146,90,149,163,186,148,173,116,65,192,10,95,61,97,0,77,57,26,145,3,136,49,170,103,105,74,20,156,106,194,51,50,82,67,32,165,169,23,75,36,98,25,1,88,70,37,21,92,8,184,190,109,72,78,111,128,171,110,80,100,30,114,182,139,125,187,158,62,189,130,5,122,157,84,131,79,42,27,193,172,39,107,55,14,147,196,167,40,87,181,68,9,28,162,108,102,132,144,56,63,140,99,34,159,164,46,35,161,191,152,101,134,112,104,31,53,180,4,188,168,155,126,16,142,115,127,60,179,47,43,133,76,151,141,11,58,64,96,177,199,166,22,195,119,81,153,129,24,150,174,13,117,113,66,176,160,45,121];False
6188;6656;12844;[73,154,137,86,54,120,89,160,6,18,185,175,12,7,85,15,135,198,19,33,183,17,143,38,178,41,197,123,29,71,44,91,52,2,83,59,93,138,124,94,118,48,146,90,149,163,186,148,173,116,65,192,10,95,61,97,0,77,57,26,145,3,136,49,170,103,105,74,20,156,106,194,51,50,82,67,32,165,169,23,75,36,98,25,1,88,70,37,21,92,8,184,190,109,72,78,111,128,171,110,80,100,30,114,182,139,125,187,158,62,189,130,5,122,157,84,131,79,42,27,193,172,39,107,55,14,147,196,167,40,87,181,68,9,28,162,108,102,132,144,56,63,140,99,34,159,164,69,35,161,191,152,101,134,112,104,31,53,180,4,188,168,155,126,16,142,115,127,60,179,47,43,133,76,151,141,11,58,64,96,177,199,166,22,195,119,81,153,129,24,150,174,13,117,113,66,176,46,45,121];False
6105;6666;12771;[73,154,137,86,54,120,89,46,32,18,185,175,12,7,85,15,135,198,19,33,183,17,143,38,178,41,197,123,29,71,44,91,52,2,83,59,93,138,124,94,118,48,146,90,149,163,186,148,173,116,65,192,10,95,61,97,0,77,57,26,145,3,136,49,170,103,105,74,20,156,106,194,51,50,82,67,6,165,169,23,75,36,98,25,1,88,70,37,21,92,8,184,190,109,72,78,111,128,171,110,80,100,30,114,182,139,125,187,158,62,189,130,5,122,157,84,131,79,42,27,193,172,39,107,55,14,147,196,167,40,87,181,68,9,28,162,108,102,132,144,56,63,140,99,34,159,164,69,35,161,191,152,101,134,112,104,31,53,180,4,188,168,155,126,16,142,115,127,60,179,47,43,133,76,151,141,11,58,64,96,177,199,166,22,195,119,81,153,129,24,150,174,13,117,113,66,176,160,45,121];False
6140;6663;12803;[73,154,137,86,54,120,89,46,152,18,185,175,12,7,85,15,135,198,19,33,183,17,143,38,178,41,197,123,29,71,44,91,52,2,83,59,93,138,124,94,118,48,146,90,149,163,186,148,173,116,65,192,10,95,61,97,0,77,57,26,145,3,136,49,170,103,105,74,20,156,106,194,51,50,82,67,32,165,169,23,75,36,98,25,1,88,70,37,21,92,8,184,190,109,72,78,111,128,171,110,80,100,30,114,182,139,125,187,158,62,189,130,5,122,157,84,131,79,42,27,193,172,39,107,55,14,147,196,167,40,87,181,68,9,28,162,108,102,132,144,56,63,140,99,34,159,164,69,35,161,191,6,101,134,112,104,31,53,180,4,188,168,155,126,16,142,115,127,60,179,47,43,133,76,151,141,11,58,64,96,177,199,166,22,195,119,81,153,129,24,150,174,13,117,113,66,176,160,45,121];False
6123;6664;12787;[73,154,137,86,54,120,89,46,6,101,185,175,12,7,85,15,135,198,19,33,183,17,143,38,178,41,197,123,29,71,44,91,52,2,83,59,93,138,124,94,118,48,146,90,149,163,186,148,173,116,65,192,10,95,61,97,0,77,57,26,145,3,136,49,170,103,105,74,20,156,106,194,51,50,82,67,32,165,169,23,75,36,98,25,1,88,70,37,21,92,8,184,190,109,72,78,111,128,171,110,80,100,30,114,182,139,125,187,158,62,189,130,5,122,157,84,131,79,42,27,193,172,39,107,55,14,147,196,167,40,87,181,68,9,28,162,108,102,132,144,56,63,140,99,34,159,164,69,35,161,191,152,18,134,112,104,31,53,180,4,188,168,155,126,16,142,115,127,60,179,47,43,133,76,151,141,11,58,64,96,177,199,166,22,195,119,81,153,129,24,150,174,13,117,113,66,176,160,45,121];False
6038;6673;12711;[73,154,137,86,54,120,89,46,6,18,185,175,12,7,93,15,135,198,19,33,183,17,143,38,178,41,197,123,29,71,44,91,52,2,83,59,85,138,124,94,118,48,146,90,149,163,186,148,173,116,65,192,10,95,61,97,0,77,57,26,145,3,136,49,170,103,105,74,20,156,106,194,51,50,82,67,32,165,169,23,75,36,98,25,1,88,70,37,21,92,8,184,190,109,72,78,111,128,171,110,80,100,30,114,182,139,125,187,158,62,189,130,5,122,157,84,131,79,42,27,193,172,39,107,55,14,147,196,167,40,87,181,68,9,28,162,108,102,132,144,56,63,140,99,34,159,164,69,35,161,191,152,101,134,112,104,31,53,180,4,188,168,155,126,16,142,115,127,60,179,47,43,133,76,151,141,11,58,64,96,177,199,166,22,195,119,81,153,129,24,150,174,13,117,113,66,176,160,45,121];False
6179;6660;12839;[73,154,137,86,54,120,89,46,6,18,185,175,12,7,103,15,135,198,19,33,183,17,143,38,178,41,197,123,29,71,44,91,52,2,83,59,93,138,124,94,118,48,146,90,149,163,186,148,173,116,65,192,10,95,61,97,0,77,57,26,145,3,136,49,170,85,105,74,20,156,106,194,51,50,82,67,32,165,169,23,75,36,98,25,1,88,70,37,21,92,8,184,190,109,72,78,111,128,171,110,80,100,30,114,182,139,125,187,158,62,189,130,5,122,157,84,131,79,42,27,193,172,39,107,55,14,147,196,167,40,87,181,68,9,28,162,108,102,132,144,56,63,140,99,34,159,164,69,35,161,191,152,101,134,112,104,31,53,180,4,188,168,155,126,16,142,115,127,60,179,47,43,133,76,151,141,11,58,64,96,177,199,166,22,195,119,81,153,129,24,150,174,13,117,113,66,176,160,45,121];False
6029;6674;12703;[73,154,137,86,54,120,89,46,6,18,185,175,12,7,85,15,70,198,19,33,183,17,143,38,178,41,197,123,29,71,44,91,52,2,83,59,93,138,124,94,118,48,146,90,149,163,186,148,173,116,65,192,10,95,61,97,0,77,57,26,145,3,136,49,170,103,105,74,20,156,106,194,51,50,82,67,32,165,169,23,75,36,98,25,1,88,135,37,21,92,8,184,190,109,72,78,111,128,171,110,80,100,30,114,182,139,125,187,158,62,189,130,5,122,157,84,131,79,42,27,193,172,39,107,55,14,147,196,167,40,87,181,68,9,28,162,108,102,132,144,56,63,140,99,34,159,164,69,35,161,191,152,101,134,112,104,31,53,180,4,188,168,155,126,16,142,115,127,60,179,47,43,133,76,151,141,11,58,64,96,177,199,166,22,195,119,81,153,129,24,150,174,13,117,113,66,176,160,45,121];False
6023;6667;12690;[73,154,137,86,54,120,89,46,6,18,185,175,12,7,85,15,135,37,19,33,183,17,143,38,178,41,197,123,29,71,44,91,52,2,83,59,93,138,124,94,118,48,146,90,149,163,186,148,173,116,65,192,10,95,61,97,0,77,57,26,145,3,136,49,170,103,105,74,20,156,106,194,51,50,82,67,32,165,169,23,75,36,98,25,1,88,70,198,21,92,8,184,190,109,72,78,111,128,171,110,80,100,30,114,182,139,125,187,158,62,189,130,5,122,157,84,131,79,42,27,193,172,39,107,55,14,147,196,167,40,87,181,68,9,28,162,108,102,132,144,56,63,140,99,34,159,164,69,35,161,191,152,101,134,112,104,31,53,180,4,188,168,155,126,16,142,115,127,60,179,47,43,133,76,151,141,11,58,64,96,177,199,166,22,195,119,81,153,129,24,150,174,13,117,113,66,176,160,45,121];False
6856;6651;13507;[198,174,67,163,158,60,42,57,89,75,137,133,12,185,54,52,189,28,38,14,72,118,10,36,184,66,46,44,23,190,109,56,73,74,143,91,69,159,15,135,37,8,71,48,92,90,131,59,93,3,169,142,191,61,145,94,13,111,7,77,176,35,97,171,47,2,167,107,123,50,146,51,20,17,82,78,170,18,132,161,115,25,105,4,6,88,70,108,21,106,154,122,197,162,125,49,86,110,129,24,130,127,30,114,182,139,178,136,101,175,85,1,117,120,157,173,186,79,179,27,193,172,39,32,55,155,33,192,165,40,87,181,68,9,103,140,147,196,95,144,156,180,188,65,53,183,164,41,149,152,102,62,98,134,112,104,99,63,31,34,138,168,29,126,16,194,19,83,128,141,5,43,187,76,151,148,80,58,64,96,177,199,166,22,195,119,81,153,11,26,150,84,100,0,113,116,124,160,45,121];False
6796;6654;13450;[198,84,67,163,158,60,42,57,89,75,137,133,12,185,54,52,189,28,38,14,124,118,10,36,184,66,46,44,23,190,109,56,73,74,143,91,69,159,15,135,37,8,71,48,92,90,131,59,93,3,169,142,191,61,145,94,13,111,7,77,176,35,97,171,47,2,167,107,123,50,146,51,20,17,82,78,170,18,132,161,115,25,105,4,6,88,70,108,21,106,154,122,197,162,125,49,86,110,129,24,130,127,30,114,182,139,178,136,101,175,85,1,117,120,157,173,186,79,179,27,193,172,39,32,55,155,33,192,165,40,87,181,68,9,103,140,147,196,95,144,156,180,188,65,53,183,164,41,149,152,102,62,98,134,112,104,99,63,31,34,138,168,29,126,16,194,19,83,128,141,5,43,187,76,151,148,80,58,64,96,177,199,166,22,195,119,81,153,11,26,150,174,100,0,113,116,72,160,45,121];False
6877;6649;13526;[198,174,67,163,158,30,42,47,189,75,137,133,12,185,54,52,89,28,38,14,72,118,10,36,184,66,46,44,23,190,109,56,73,74,143,91,69,159,15,135,37,8,71,48,92,90,131,59,93,3,169,142,191,61,145,94,13,111,7,77,176,35,97,171,57,2,167,107,123,50,146,51,20,17,82,78,170,18,132,161,115,25,105,4,6,88,70,108,21,106,154,122,197,162,125,49,86,110,129,24,130,127,60,114,182,139,178,136,101,175,85,1,117,120,157,173,186,79,179,27,193,172,39,32,55,155,33,192,165,40,87,181,68,9,103,140,147,196,95,144,156,180,188,65,53,183,164,41,149,152,102,62,98,134,112,104,99,63,31,34,138,168,29,126,16,194,19,83,128,141,5,43,187,76,151,148,80,58,64,96,177,199,166,22,195,119,81,153,11,26,150,84,100,0,113,116,124,160,45,121];False
6813;6653;13466;[198,174,196,83,86,128,42,119,132,89,137,133,12,185,54,52,189,28,38,14,136,118,10,36,184,66,46,44,23,190,109,48,73,74,143,91,69,159,188,135,37,8,71,56,92,90,131,59,93,3,169,142,191,61,145,94,13,111,7,77,176,35,97,171,57,2,167,107,123,50,146,51,20,17,82,78,170,18,75,161,115,25,105,4,6,88,70,108,21,106,154,122,197,162,125,163,158,110,129,24,130,127,30,114,182,139,178,72,101,175,85,1,117,120,157,173,186,79,141,27,193,172,39,32,55,155,33,192,165,40,87,181,68,9,103,140,147,67,95,144,156,180,15,65,53,183,164,41,149,152,102,62,11,134,112,104,99,63,31,34,138,168,29,126,16,194,19,49,60,179,5,43,187,76,151,148,80,58,64,96,177,199,166,22,195,98,81,153,47,26,150,84,100,0,113,116,124,160,45,121];False
6895;6648;13543;[198,174,196,83,86,128,42,119,132,89,137,133,12,185,54,52,189,28,38,14,136,118,10,36,184,66,46,44,23,190,109,48,73,74,143,91,69,159,15,135,37,34,71,56,92,90,131,59,93,3,169,142,191,61,145,94,13,111,7,77,176,35,97,171,57,2,167,107,123,50,146,51,20,17,82,78,170,18,75,161,115,25,105,4,6,88,70,108,21,106,154,122,197,162,125,163,158,110,129,24,130,127,30,114,182,139,178,72,101,175,85,1,117,120,157,173,186,79,141,27,193,172,39,32,55,155,33,192,165,40,87,181,68,9,103,140,147,67,95,144,156,180,188,65,53,183,164,41,149,152,102,62,11,134,112,104,99,63,31,8,138,168,29,126,16,194,19,49,60,179,5,43,187,76,151,148,80,58,64,96,177,199,166,22,195,98,81,153,47,26,150,84,100,0,113,116,124,160,45,121];False
6815;6652;13467;[198,84,67,83,86,128,42,119,132,89,137,133,12,185,54,52,189,28,38,14,136,118,10,36,184,66,46,44,23,190,109,48,73,74,143,91,69,159,188,135,37,8,71,56,92,90,131,59,93,3,169,142,191,61,145,94,13,111,7,77,176,35,97,171,57,2,167,107,123,50,146,51,20,17,82,78,170,18,75,161,115,25,105,4,6,88,70,108,21,106,154,122,197,162,125,163,158,110,129,24,130,127,30,114,182,139,178,72,101,175,85,1,117,120,157,173,186,79,141,27,193,172,39,32,55,155,33,192,165,40,87,181,68,9,103,140,147,196,95,144,156,180,15,65,53,183,164,41,149,152,102,62,11,134,112,104,99,63,31,34,138,168,29,126,16,194,19,49,60,179,5,43,187,76,151,148,80,58,64,96,177,199,166,22,195,98,81,153,47,26,150,174,100,0,113,116,124,160,45,121];False
6897;6647;13544;[198,84,67,83,86,128,42,119,132,89,137,133,12,185,54,52,189,28,38,14,136,118,10,36,184,66,46,44,23,190,109,48,73,74,143,91,69,159,15,135,37,34,71,56,92,90,131,59,93,3,169,142,191,61,145,94,13,111,7,77,176,35,97,171,57,2,167,107,123,50,146,51,20,17,82,78,170,18,75,161,115,25,105,4,6,88,70,108,21,106,154,122,197,162,125,163,158,110,129,24,130,127,30,114,182,139,178,72,101,175,85,1,117,120,157,173,186,79,141,27,193,172,39,32,55,155,33,192,165,40,87,181,68,9,103,140,147,196,95,144,156,180,188,65,53,183,164,41,149,152,102,62,11,134,112,104,99,63,31,8,138,168,29,126,16,194,19,49,60,179,5,43,187,76,151,148,80,58,64,96,177,199,166,22,195,98,81,153,47,26,150,174,100,0,113,116,124,160,45,121];False
6825;6651;13476;[198,174,67,83,86,128,42,119,132,89,137,133,5,185,54,52,189,28,38,14,136,118,10,36,184,66,46,44,23,190,109,48,73,74,143,91,69,159,15,135,37,8,71,56,92,90,131,59,93,3,169,142,191,61,145,94,13,111,7,77,176,35,97,171,57,2,167,107,123,50,146,51,20,17,82,78,170,18,75,161,115,25,105,4,6,88,70,108,21,106,154,122,197,162,125,163,158,110,129,24,130,127,30,114,182,139,178,72,101,175,85,1,117,120,157,173,186,79,141,27,193,172,39,32,55,155,33,192,165,40,87,181,68,9,103,140,147,196,95,144,156,180,188,65,53,183,164,41,149,152,102,62,11,134,112,104,99,63,31,34,138,168,29,126,16,194,19,49,60,179,12,43,187,76,151,148,80,58,64,96,177,199,166,22,195,98,81,153,47,26,150,84,100,0,113,116,124,160,45,121];False
7061;6635;13696;[198,174,67,83,86,128,42,119,132,89,137,133,12,185,54,52,189,28,38,14,136,103,10,36,184,66,46,44,23,190,109,48,73,74,143,91,69,159,15,135,37,8,71,56,92,90,131,59,93,3,169,142,191,61,145,94,13,111,7,77,176,35,97,171,57,2,167,107,123,50,146,51,20,17,82,78,170,18,75,161,115,25,105,4,6,88,70,108,21,106,154,122,197,162,125,163,158,110,129,24,130,127,30,114,182,139,178,72,101,175,85,1,117,120,157,173,186,79,141,27,193,172,39,32,55,155,33,192,165,40,87,181,68,9,118,140,147,196,95,144,156,180,188,65,53,183,164,41,149,152,102,62,11,134,112,104,99,63,31,34,138,168,29,126,16,194,19,49,60,179,5,43,187,76,151,148,80,58,64,96,177,199,166,22,195,98,81,153,47,26,150,84,100,0,113,116,124,160,45,121];False
6895;6646;13541;[198,174,67,83,86,128,42,119,132,89,137,133,12,185,54,52,189,28,38,14,136,118,10,36,71,66,46,44,23,190,109,48,73,74,143,91,69,159,15,135,37,8,184,56,92,90,131,59,93,3,169,142,191,61,145,94,13,111,7,77,176,35,97,171,57,2,167,107,123,50,146,51,20,17,82,78,170,18,75,161,115,25,105,4,6,88,70,108,21,106,154,122,197,162,125,163,158,110,129,24,130,127,30,114,182,139,178,72,101,175,85,1,117,120,157,173,186,79,141,27,193,172,39,32,55,155,33,192,165,40,87,181,68,9,103,140,147,196,95,144,156,180,188,65,53,183,164,41,149,152,102,62,11,134,112,104,99,63,31,34,138,168,29,126,16,194,19,49,60,179,5,43,187,76,151,148,80,58,64,96,177,199,166,22,195,98,81,153,47,26,150,84,100,0,113,116,124,160,45,121];False
6820;6649;13469;[198,174,67,83,86,128,42,119,132,89,137,133,12,185,54,52,189,28,38,14,136,118,10,36,184,66,46,44,23,190,109,48,73,74,143,91,69,159,188,135,37,8,71,56,92,90,131,59,93,3,169,142,191,61,145,94,13,111,7,77,176,35,97,171,57,2,167,107,123,50,146,51,20,17,82,78,170,18,75,161,115,25,105,4,6,88,70,108,21,106,154,122,197,162,125,163,158,110,129,24,130,127,30,114,182,139,178,72,101,175,85,1,117,120,157,173,186,79,141,27,193,172,39,32,55,155,33,192,165,40,87,181,68,9,103,140,147,196,95,144,156,180,15,65,53,183,164,41,149,152,102,62,11,134,112,104,99,63,31,34,138,168,29,126,16,194,19,49,60,179,5,43,187,76,151,148,80,58,64,96,177,199,166,22,195,98,81,153,47,26,150,84,100,0,113,116,124,160,45,121];False
6902;6644;13546;[198,174,67,83,86,128,42,119,132,89,137,133,12,185,54,52,189,28,38,14,136,118,10,36,184,66,46,44,23,190,109,48,73,74,143,91,69,159,15,135,37,34,71,56,92,90,131,59,93,3,169,142,191,61,145,94,13,111,7,77,176,35,97,171,57,2,167,107,123,50,146,51,20,17,82,78,170,18,75,161,115,25,105,4,6,88,70,108,21,106,154,122,197,162,125,163,158,110,129,24,130,127,30,114,182,139,178,72,101,175,85,1,117,120,157,173,186,79,141,27,193,172,39,32,55,155,33,192,165,40,87,181,68,9,103,140,147,196,95,144,156,180,188,65,53,183,164,41,149,152,102,62,11,134,112,104,99,63,31,8,138,168,29,126,16,194,19,49,60,179,5,43,187,76,151,148,80,58,64,96,177,199,166,22,195,98,81,153,47,26,150,84,100,0,113,116,124,160,45,121];False
6884;6646;13530;[198,174,67,83,86,128,141,47,132,89,137,133,12,185,54,52,189,28,38,14,136,118,10,36,184,66,46,44,23,190,109,48,73,74,143,91,69,159,15,135,37,8,71,56,92,90,131,59,93,3,169,142,191,61,145,94,13,111,7,77,176,35,97,171,57,2,167,107,123,50,146,51,20,17,82,78,170,18,75,161,115,25,105,4,6,88,70,108,21,106,154,122,197,162,125,163,158,110,129,24,130,127,30,114,182,139,178,72,101,175,85,1,117,120,157,173,186,79,42,27,193,172,39,32,55,155,33,192,165,40,87,181,68,9,103,140,147,196,95,144,156,180,188,65,53,183,164,41,149,152,102,62,11,134,112,104,99,63,31,34,138,168,29,126,16,194,19,49,60,179,5,43,187,76,151,148,80,58,64,96,177,199,166,22,195,98,81,153,119,26,150,84,100,0,113,116,124,160,45,121];False
6998;6636;13634;[198,174,67,83,86,128,141,119,132,75,137,133,12,185,54,52,189,28,38,14,136,118,10,36,184,66,46,44,23,190,109,48,73,74,143,91,69,159,15,135,37,8,71,56,92,90,131,59,93,3,169,142,191,61,145,94,13,111,7,77,176,35,97,171,57,2,167,107,123,50,146,51,20,17,82,78,170,18,89,161,115,25,105,4,6,88,70,108,21,106,154,122,197,162,125,163,158,110,129,24,130,127,30,114,182,139,178,72,101,175,85,1,117,120,157,173,186,79,42,27,193,172,39,32,55,155,33,192,165,40,87,181,68,9,103,140,147,196,95,144,156,180,188,65,53,183,164,41,149,152,102,62,11,134,112,104,99,63,31,34,138,168,29,126,16,194,19,49,60,179,5,43,187,76,151,148,80,58,64,96,177,199,166,22,195,98,81,153,47,26,150,84,100,0,113,116,124,160,45,121];False
6780;6654;13434;[198,174,67,83,86,128,141,119,132,89,137,133,12,185,54,52,189,28,38,150,136,118,10,36,184,66,46,44,23,190,109,48,73,74,143,91,69,159,15,135,37,8,71,56,92,90,131,59,93,3,169,142,191,61,145,94,13,111,7,77,176,35,97,171,57,2,167,107,123,50,146,51,20,17,82,78,170,18,75,161,115,25,105,4,6,88,70,108,21,106,154,122,197,162,125,163,158,110,129,24,130,127,30,114,182,139,178,72,101,175,85,1,117,120,157,173,186,79,42,27,193,172,39,32,55,155,33,192,165,40,87,181,68,9,103,140,147,196,95,144,156,180,188,65,53,183,164,41,149,152,102,62,11,134,112,104,99,63,31,34,138,168,29,126,16,194,19,49,60,179,5,43,187,76,151,148,80,58,64,96,177,199,166,22,195,98,81,153,47,26,14,84,100,0,113,116,124,160,45,121];False
6838;6647;13485;[198,174,67,83,86,128,141,119,132,89,137,133,12,185,54,52,189,28,38,14,136,118,10,36,184,66,46,44,23,190,109,48,73,74,143,91,69,159,188,135,37,8,71,56,92,90,131,59,93,3,169,142,191,61,145,94,13,111,7,77,176,35,97,171,57,2,167,107,123,50,146,51,20,17,82,78,170,18,75,161,115,25,105,4,6,88,70,108,21,106,154,122,197,162,125,163,158,110,129,24,130,127,30,114,182,139,178,72,101,175,85,1,117,120,157,173,186,79,42,27,193,172,39,32,55,155,33,192,165,40,87,181,68,9,103,140,147,196,95,144,156,180,15,65,53,183,164,41,149,152,102,62,11,134,112,104,99,63,31,34,138,168,29,126,16,194,19,49,60,179,5,43,187,76,151,148,80,58,64,96,177,199,166,22,195,98,81,153,47,26,150,84,100,0,113,116,124,160,45,121];False
6920;6642;13562;[198,174,67,83,86,128,141,119,132,89,137,133,12,185,54,52,189,28,38,14,136,118,10,36,184,66,46,44,23,190,109,48,73,74,143,91,69,159,15,135,37,34,71,56,92,90,131,59,93,3,169,142,191,61,145,94,13,111,7,77,176,35,97,171,57,2,167,107,123,50,146,51,20,17,82,78,170,18,75,161,115,25,105,4,6,88,70,108,21,106,154,122,197,162,125,163,158,110,129,24,130,127,30,114,182,139,178,72,101,175,85,1,117,120,157,173,186,79,42,27,193,172,39,32,55,155,33,192,165,40,87,181,68,9,103,140,147,196,95,144,156,180,188,65,53,183,164,41,149,152,102,62,11,134,112,104,99,63,31,8,138,168,29,126,16,194,19,49,60,179,5,43,187,76,151,148,80,58,64,96,177,199,166,22,195,98,81,153,47,26,150,84,100,0,113,116,124,160,45,121];False
6928;6640;13568;[198,84,67,163,158,60,42,47,189,75,137,133,12,185,54,52,89,28,38,14,72,118,10,36,184,66,46,44,23,190,109,56,73,74,143,91,69,159,15,135,37,8,71,48,92,90,131,59,93,3,169,142,191,61,145,94,13,111,7,77,176,35,97,171,57,2,167,107,123,50,146,51,20,17,82,78,170,18,132,161,115,25,105,4,6,88,70,108,21,106,154,122,197,162,125,49,86,110,129,24,130,127,30,114,182,139,178,136,101,175,85,1,117,120,157,173,186,79,179,27,193,172,39,32,55,155,33,192,165,40,87,181,68,9,103,140,147,196,95,144,156,180,188,65,53,183,164,41,149,152,102,62,98,134,112,104,99,63,31,34,138,168,29,126,16,194,19,83,128,141,5,43,187,76,151,148,80,58,64,96,177,199,166,22,195,119,81,153,11,26,150,174,100,0,113,116,124,160,45,121];False
6933;6637;13570;[198,174,67,163,158,60,42,47,189,75,137,133,12,185,54,52,89,28,38,14,72,118,10,36,184,66,46,44,23,190,109,56,73,74,143,91,69,159,15,135,37,8,71,48,92,90,131,59,93,3,169,142,191,61,145,94,13,111,7,77,176,35,97,171,57,2,167,107,123,50,146,51,20,17,82,78,170,18,132,161,115,25,105,4,6,88,70,108,21,106,154,122,197,162,125,49,86,110,129,24,130,127,30,114,182,139,178,136,101,175,85,1,117,120,157,173,186,79,179,27,193,172,39,32,55,155,33,192,165,40,87,181,68,9,103,140,147,196,95,144,156,180,188,65,53,183,164,41,149,152,102,62,98,134,112,104,99,63,31,34,138,168,29,126,16,194,19,83,128,141,5,43,187,76,151,148,80,58,64,96,177,199,166,22,195,119,81,153,11,26,150,84,100,0,113,116,124,160,45,121];False
7069;6629;13698;[34,84,67,163,158,60,179,47,189,75,137,133,12,185,54,52,89,28,38,14,72,118,10,36,184,66,46,44,23,190,109,56,73,74,143,91,69,159,15,135,37,8,71,48,92,90,131,59,93,3,169,142,191,61,145,94,13,111,7,77,176,35,97,171,57,2,167,107,123,50,146,51,20,17,82,78,170,18,132,161,115,25,105,4,6,88,70,108,21,106,154,122,197,162,125,49,86,110,129,24,130,127,30,114,182,139,178,136,101,175,85,1,117,120,157,173,186,79,42,27,193,172,39,32,55,155,33,192,165,40,87,181,68,9,103,140,147,196,95,144,156,180,188,65,53,183,164,41,149,152,102,62,98,134,112,104,99,63,31,198,138,168,29,126,16,194,19,83,128,141,5,43,187,76,151,148,80,58,64,96,177,199,166,22,195,119,81,153,11,26,150,174,100,0,113,116,124,160,45,121];False
7047;6634;13681;[198,84,67,163,158,60,179,47,189,75,137,110,12,185,54,52,89,28,38,14,72,118,10,36,184,66,46,44,23,190,109,56,73,74,143,91,69,159,15,135,37,8,71,48,92,90,131,59,93,3,169,142,191,61,145,94,13,111,7,77,176,35,97,171,57,2,167,107,123,50,146,51,20,17,82,78,170,18,132,161,115,25,105,4,6,88,70,108,21,106,154,122,197,162,125,49,86,133,129,24,130,127,30,114,182,139,178,136,101,175,85,1,117,120,157,173,186,79,42,27,193,172,39,32,55,155,33,192,165,40,87,181,68,9,103,140,147,196,95,144,156,180,188,65,53,183,164,41,149,152,102,62,98,134,112,104,99,63,31,34,138,168,29,126,16,194,19,83,128,141,5,43,187,76,151,148,80,58,64,96,177,199,166,22,195,119,81,153,11,26,150,174,100,0,113,116,124,160,45,121];False
7003;6633;13636;[198,84,67,163,158,60,179,47,189,75,137,133,5,185,54,52,89,28,38,14,72,118,10,36,184,66,46,44,23,190,109,56,73,74,143,91,69,159,15,135,37,8,71,48,92,90,131,59,93,3,169,142,191,61,145,94,13,111,7,77,176,35,97,171,57,2,167,107,123,50,146,51,20,17,82,78,170,18,132,161,115,25,105,4,6,88,70,108,21,106,154,122,197,162,125,49,86,110,129,24,130,127,30,114,182,139,178,136,101,175,85,1,117,120,157,173,186,79,42,27,193,172,39,32,55,155,33,192,165,40,87,181,68,9,103,140,147,196,95,144,156,180,188,65,53,183,164,41,149,152,102,62,98,134,112,104,99,63,31,34,138,168,29,126,16,194,19,83,128,141,12,43,187,76,151,148,80,58,64,96,177,199,166,22,195,119,81,153,11,26,150,174,100,0,113,116,124,160,45,121];False
7234;6621;13855;[198,84,67,163,158,60,179,47,189,75,137,133,12,185,54,57,89,28,38,14,72,118,10,36,184,66,46,44,23,190,109,56,73,74,143,91,69,159,15,135,37,8,71,48,92,90,131,59,93,3,169,142,191,61,145,94,13,111,7,77,176,35,97,171,52,2,167,107,123,50,146,51,20,17,82,78,170,18,132,161,115,25,105,4,6,88,70,108,21,106,154,122,197,162,125,49,86,110,129,24,130,127,30,114,182,139,178,136,101,175,85,1,117,120,157,173,186,79,42,27,193,172,39,32,55,155,33,192,165,40,87,181,68,9,103,140,147,196,95,144,156,180,188,65,53,183,164,41,149,152,102,62,98,134,112,104,99,63,31,34,138,168,29,126,16,194,19,83,128,141,5,43,187,76,151,148,80,58,64,96,177,199,166,22,195,119,81,153,11,26,150,174,100,0,113,116,124,160,45,121];False
7033;6627;13660;[198,84,67,163,158,60,179,47,189,75,137,133,12,185,54,52,89,191,38,14,72,118,10,36,184,66,46,44,23,190,109,56,73,74,143,91,69,159,15,135,37,8,71,48,92,90,131,59,93,3,169,142,28,61,145,94,13,111,7,77,176,35,97,171,57,2,167,107,123,50,146,51,20,17,82,78,170,18,132,161,115,25,105,4,6,88,70,108,21,106,154,122,197,162,125,49,86,110,129,24,130,127,30,114,182,139,178,136,101,175,85,1,117,120,157,173,186,79,42,27,193,172,39,32,55,155,33,192,165,40,87,181,68,9,103,140,147,196,95,144,156,180,188,65,53,183,164,41,149,152,102,62,98,134,112,104,99,63,31,34,138,168,29,126,16,194,19,83,128,141,5,43,187,76,151,148,80,58,64,96,177,199,166,22,195,119,81,153,11,26,150,174,100,0,113,116,124,160,45,121];False
7173;6622;13795;[198,174,67,163,158,60,141,47,189,75,137,133,12,185,54,52,89,28,38,14,72,118,10,36,184,66,46,44,23,190,109,56,73,74,143,91,69,159,15,135,37,8,71,48,92,90,131,59,93,3,169,142,191,61,145,94,13,111,7,77,176,35,97,171,57,2,167,107,123,50,146,51,20,17,82,78,170,18,132,161,115,25,105,4,6,88,70,108,21,106,154,122,197,162,125,49,86,110,129,24,130,127,30,114,182,139,178,136,101,175,85,1,117,120,157,173,186,79,42,27,193,172,39,32,55,155,33,192,165,40,87,181,68,9,103,140,147,196,95,144,156,180,188,65,53,183,164,41,149,152,102,62,98,134,112,104,99,63,31,34,138,168,29,126,16,194,19,83,128,179,5,43,187,76,151,148,80,58,64,96,177,199,166,22,195,119,81,153,11,26,150,84,100,0,113,116,124,160,45,121];False
7171;6623;13794;[198,174,67,163,158,60,179,47,189,75,137,171,12,185,54,52,89,28,38,14,72,118,10,36,184,66,46,44,23,190,109,56,73,74,143,91,69,159,15,135,37,8,71,48,92,90,131,59,93,3,169,142,191,61,145,94,13,111,7,77,176,35,97,133,57,2,167,107,123,50,146,51,20,17,82,78,170,18,132,161,115,25,105,4,6,88,70,108,21,106,154,122,197,162,125,49,86,110,129,24,130,127,30,114,182,139,178,136,101,175,85,1,117,120,157,173,186,79,42,27,193,172,39,32,55,155,33,192,165,40,87,181,68,9,103,140,147,196,95,144,156,180,188,65,53,183,164,41,149,152,102,62,98,134,112,104,99,63,31,34,138,168,29,126,16,194,19,83,128,141,5,43,187,76,151,148,80,58,64,96,177,199,166,22,195,119,81,153,11,26,150,84,100,0,113,116,124,160,45,121];False
7008;6630;13638;[198,174,67,163,158,60,179,47,189,75,137,133,5,185,54,52,89,28,38,14,72,118,10,36,184,66,46,44,23,190,109,56,73,74,143,91,69,159,15,135,37,8,71,48,92,90,131,59,93,3,169,142,191,61,145,94,13,111,7,77,176,35,97,171,57,2,167,107,123,50,146,51,20,17,82,78,170,18,132,161,115,25,105,4,6,88,70,108,21,106,154,122,197,162,125,49,86,110,129,24,130,127,30,114,182,139,178,136,101,175,85,1,117,120,157,173,186,79,42,27,193,172,39,32,55,155,33,192,165,40,87,181,68,9,103,140,147,196,95,144,156,180,188,65,53,183,164,41,149,152,102,62,98,134,112,104,99,63,31,34,138,168,29,126,16,194,19,83,128,141,12,43,187,76,151,148,80,58,64,96,177,199,166,22,195,119,81,153,11,26,150,84,100,0,113,116,124,160,45,121];False
7239;6618;13857;[198,174,67,163,158,60,179,47,189,75,137,133,12,185,54,57,89,28,38,14,72,118,10,36,184,66,46,44,23,190,109,56,73,74,143,91,69,159,15,135,37,8,71,48,92,90,131,59,93,3,169,142,191,61,145,94,13,111,7,77,176,35,97,171,52,2,167,107,123,50,146,51,20,17,82,78,170,18,132,161,115,25,105,4,6,88,70,108,21,106,154,122,197,162,125,49,86,110,129,24,130,127,30,114,182,139,178,136,101,175,85,1,117,120,157,173,186,79,42,27,193,172,39,32,55,155,33,192,165,40,87,181,68,9,103,140,147,196,95,144,156,180,188,65,53,183,164,41,149,152,102,62,98,134,112,104,99,63,31,34,138,168,29,126,16,194,19,83,128,141,5,43,187,76,151,148,80,58,64,96,177,199,166,22,195,119,81,153,11,26,150,84,100,0,113,116,124,160,45,121];False
7038;6624;13662;[198,174,67,163,158,60,179,47,189,75,137,133,12,185,54,52,89,191,38,14,72,118,10,36,184,66,46,44,23,190,109,56,73,74,143,91,69,159,15,135,37,8,71,48,92,90,131,59,93,3,169,142,28,61,145,94,13,111,7,77,176,35,97,171,57,2,167,107,123,50,146,51,20,17,82,78,170,18,132,161,115,25,105,4,6,88,70,108,21,106,154,122,197,162,125,49,86,110,129,24,130,127,30,114,182,139,178,136,101,175,85,1,117,120,157,173,186,79,42,27,193,172,39,32,55,155,33,192,165,40,87,181,68,9,103,140,147,196,95,144,156,180,188,65,53,183,164,41,149,152,102,62,98,134,112,104,99,63,31,34,138,168,29,126,16,194,19,83,128,141,5,43,187,76,151,148,80,58,64,96,177,199,166,22,195,119,81,153,11,26,150,84,100,0,113,116,124,160,45,121];False
7282;6617;13899;[198,174,67,163,171,158,141,47,89,75,137,133,12,185,54,52,189,28,38,14,72,118,10,36,184,66,46,44,23,190,109,56,73,74,143,91,69,159,15,135,37,8,71,48,92,90,131,59,93,3,169,142,191,61,145,94,13,86,7,77,176,35,97,128,57,2,167,107,123,50,146,51,20,17,82,78,170,18,132,161,115,25,105,4,6,88,70,108,21,106,154,122,197,162,125,49,111,110,129,24,130,127,30,114,182,139,178,136,101,175,85,1,117,120,157,173,186,79,42,27,193,172,39,32,55,155,33,192,165,40,87,181,68,9,103,140,147,196,95,144,156,180,188,65,53,183,164,41,149,152,102,62,98,134,112,104,99,63,31,34,138,168,29,126,16,194,19,83,60,179,5,43,187,76,151,148,80,58,64,96,177,199,166,22,195,119,81,153,11,26,150,84,100,0,113,116,124,160,45,121];False
7370;6613;13983;[198,174,67,163,76,158,141,47,89,75,137,133,12,185,54,52,189,28,38,14,72,118,10,36,184,66,46,44,23,190,109,56,73,74,143,91,69,159,15,135,37,8,71,48,92,90,131,59,93,3,169,142,191,61,145,94,13,86,7,77,176,35,97,171,57,2,167,107,123,50,146,51,20,17,82,78,170,18,132,161,115,25,105,4,6,88,70,108,21,106,154,122,197,162,125,49,111,110,129,24,130,127,30,114,182,139,178,136,101,175,85,1,117,120,157,173,186,79,42,27,193,172,39,32,55,155,33,192,165,40,87,181,68,9,103,140,147,196,95,144,156,180,188,65,53,183,164,41,149,152,102,62,98,134,112,104,99,63,31,34,138,168,29,126,16,194,19,83,60,179,5,43,187,128,151,148,80,58,64,96,177,199,166,22,195,119,81,153,11,26,150,84,100,0,113,116,124,160,45,121];False
7344;6614;13958;[198,174,67,163,128,158,141,47,189,75,137,133,12,185,54,52,89,28,38,14,72,118,10,36,184,66,46,44,23,190,109,56,73,74,143,91,69,159,15,135,37,8,71,48,92,90,131,59,93,3,169,142,191,61,145,94,13,86,7,77,176,35,97,171,57,2,167,107,123,50,146,51,20,17,82,78,170,18,132,161,115,25,105,4,6,88,70,108,21,106,154,122,197,162,125,49,111,110,129,24,130,127,30,114,182,139,178,136,101,175,85,1,117,120,157,173,186,79,42,27,193,172,39,32,55,155,33,192,165,40,87,181,68,9,103,140,147,196,95,144,156,180,188,65,53,183,164,41,149,152,102,62,98,134,112,104,99,63,31,34,138,168,29,126,16,194,19,83,60,179,5,43,187,76,151,148,80,58,64,96,177,199,166,22,195,119,81,153,11,26,150,84,100,0,113,116,124,160,45,121];False
7892;6603;14495;[50,51,198,174,67,83,59,57,132,75,163,133,12,185,111,26,169,115,89,3,161,159,15,135,53,29,46,44,23,190,109,10,184,56,34,91,69,28,8,37,94,71,188,48,92,90,131,148,93,14,178,191,66,61,145,84,13,151,7,38,176,35,97,128,52,2,167,107,123,146,155,65,118,17,82,18,0,77,149,170,129,25,105,4,6,88,70,108,21,106,154,122,197,24,72,78,86,110,171,189,49,127,30,114,182,139,180,137,158,175,85,1,117,120,157,173,186,79,42,27,193,172,39,32,55,125,33,192,165,40,87,181,68,9,103,162,147,196,95,144,156,63,31,143,160,183,164,41,152,130,102,62,5,134,112,104,99,73,74,20,138,168,140,126,16,194,19,98,60,179,47,43,187,76,101,141,11,58,64,96,177,199,166,22,195,119,81,153,80,36,150,136,100,54,113,116,124,142,45,121];False
7822;6612;14434;[50,51,198,174,67,83,59,57,132,75,163,133,12,185,111,36,169,115,176,3,161,159,15,135,53,29,46,44,23,190,109,10,184,56,34,91,69,28,8,37,94,71,188,48,92,90,131,148,93,14,178,191,66,61,145,84,13,151,7,38,89,35,97,128,52,2,167,107,123,146,155,65,118,17,82,18,0,77,149,170,129,25,105,4,6,88,70,108,21,106,154,122,197,24,72,78,86,110,171,189,49,127,30,114,182,139,180,137,158,175,85,1,117,120,157,173,186,79,42,27,193,172,39,32,55,125,33,192,165,40,87,181,68,9,103,162,147,196,95,144,156,63,31,143,160,183,164,41,152,130,102,62,5,134,112,104,99,73,74,20,138,168,140,126,16,194,19,98,60,179,47,43,187,76,101,141,11,58,64,96,177,199,166,22,195,119,81,153,80,26,150,136,100,54,113,116,124,142,45,121];False
7794;6611;14405;[50,51,198,174,67,83,59,57,132,75,163,133,12,185,111,36,169,115,89,3,161,28,15,135,53,29,46,44,23,190,109,10,184,56,34,91,69,159,8,37,94,71,188,48,92,90,131,148,93,14,178,191,66,61,145,84,13,151,7,38,176,35,97,128,52,2,167,107,123,146,155,65,118,17,82,18,0,77,149,170,129,25,105,4,6,88,70,108,21,106,154,122,197,24,72,78,86,110,171,189,49,127,30,114,182,139,180,137,158,175,85,1,117,120,157,173,186,79,42,27,193,172,39,32,55,125,33,192,165,40,87,181,68,9,103,162,147,196,95,144,156,63,31,143,160,183,164,41,152,130,102,62,5,134,112,104,99,73,74,20,138,168,140,126,16,194,19,98,60,179,47,43,187,76,101,141,11,58,64,96,177,199,166,22,195,119,81,153,80,26,150,136,100,54,113,116,124,142,45,121];False
7950;6602;14552;[50,51,198,174,67,83,59,57,132,75,163,133,12,185,111,36,169,115,89,3,161,159,15,135,53,23,46,44,29,190,109,10,184,56,34,91,69,28,8,37,94,71,188,48,92,90,131,148,93,14,178,191,66,61,145,84,13,151,7,38,176,35,97,128,52,2,167,107,123,146,155,65,118,17,82,18,0,77,149,170,129,25,105,4,6,88,70,108,21,106,154,122,197,24,72,78,86,110,171,189,49,127,30,114,182,139,180,137,158,175,85,1,117,120,157,173,186,79,42,27,193,172,39,32,55,125,33,192,165,40,87,181,68,9,103,162,147,196,95,144,156,63,31,143,160,183,164,41,152,130,102,62,5,134,112,104,99,73,74,20,138,168,140,126,16,194,19,98,60,179,47,43,187,76,101,141,11,58,64,96,177,199,166,22,195,119,81,153,80,26,150,136,100,54,113,116,124,142,45,121];False
7758;6611;14369;[50,51,198,174,67,83,59,57,132,75,163,133,12,185,111,36,169,115,89,3,161,159,15,135,53,34,46,44,23,190,109,10,184,56,29,91,69,28,8,37,94,71,188,48,92,90,131,148,93,14,178,191,66,61,145,84,13,151,7,38,176,35,97,128,52,2,167,107,123,146,155,65,118,17,82,18,0,77,149,170,129,25,105,4,6,88,70,108,21,106,154,122,197,24,72,78,86,110,171,189,49,127,30,114,182,139,180,137,158,175,85,1,117,120,157,173,186,79,42,27,193,172,39,32,55,125,33,192,165,40,87,181,68,9,103,162,147,196,95,144,156,63,31,143,160,183,164,41,152,130,102,62,5,134,112,104,99,73,74,20,138,168,140,126,16,194,19,98,60,179,47,43,187,76,101,141,11,58,64,96,177,199,166,22,195,119,81,153,80,26,150,136,100,54,113,116,124,142,45,121];False
7978;6590;14568;[50,51,198,174,67,83,59,57,132,75,163,133,12,185,111,36,169,115,89,3,161,159,15,135,53,180,46,44,23,190,109,10,184,56,34,91,69,28,8,37,94,71,188,48,92,90,131,148,93,14,178,191,66,61,145,84,13,151,7,38,176,35,97,128,52,2,167,107,123,146,155,65,118,17,82,18,0,77,149,170,129,25,105,4,6,88,70,108,21,106,154,122,197,24,72,78,86,110,171,189,49,127,30,114,182,139,29,137,158,175,85,1,117,120,157,173,186,79,42,27,193,172,39,32,55,125,33,192,165,40,87,181,68,9,103,162,147,196,95,144,156,63,31,143,160,183,164,41,152,130,102,62,5,134,112,104,99,73,74,20,138,168,140,126,16,194,19,98,60,179,47,43,187,76,101,141,11,58,64,96,177,199,166,22,195,119,81,153,80,26,150,136,100,54,113,116,124,142,45,121];False
7762;6610;14372;[50,51,198,174,67,83,59,57,132,75,163,133,12,185,111,36,169,115,89,3,161,159,15,135,53,140,46,44,23,190,109,10,184,56,34,91,69,28,8,37,94,71,188,48,92,90,131,148,93,14,178,191,66,61,145,84,13,151,7,38,176,35,97,128,52,2,167,107,123,146,155,65,118,17,82,18,0,77,149,170,129,25,105,4,6,88,70,108,21,106,154,122,197,24,72,78,86,110,171,189,49,127,30,114,182,139,180,137,158,175,85,1,117,120,157,173,186,79,42,27,193,172,39,32,55,125,33,192,165,40,87,181,68,9,103,162,147,196,95,144,156,63,31,143,160,183,164,41,152,130,102,62,5,134,112,104,99,73,74,20,138,168,29,126,16,194,19,98,60,179,47,43,187,76,101,141,11,58,64,96,177,199,166,22,195,119,81,153,80,26,150,136,100,54,113,116,124,142,45,121];False
7921;6602;14523;[198,51,50,174,196,83,59,57,132,75,163,133,12,185,111,26,169,115,89,3,161,159,15,135,53,29,46,44,23,190,109,10,184,56,34,91,69,28,8,37,94,71,188,48,92,90,131,148,93,14,178,191,66,61,145,84,13,151,7,38,176,35,97,128,52,2,167,107,123,146,155,65,118,17,82,18,0,77,149,170,129,25,105,4,6,88,70,108,21,106,154,122,197,24,72,78,86,110,171,189,49,127,30,114,182,139,180,137,158,175,85,1,117,120,157,173,186,79,42,27,193,172,39,32,55,125,33,192,165,40,87,181,68,9,103,162,147,67,95,144,156,63,31,143,160,183,164,41,152,130,102,62,5,134,112,104,99,73,74,20,138,168,140,126,16,194,19,98,60,179,47,43,187,76,101,141,11,58,64,96,177,199,166,22,195,119,81,153,80,36,150,136,100,54,113,116,124,142,45,121];False
8007;6589;14596;[198,51,50,174,196,83,59,57,132,75,163,133,12,185,111,36,169,115,89,3,161,159,15,135,53,180,46,44,23,190,109,10,184,56,34,91,69,28,8,37,94,71,188,48,92,90,131,148,93,14,178,191,66,61,145,84,13,151,7,38,176,35,97,128,52,2,167,107,123,146,155,65,118,17,82,18,0,77,149,170,129,25,105,4,6,88,70,108,21,106,154,122,197,24,72,78,86,110,171,189,49,127,30,114,182,139,29,137,158,175,85,1,117,120,157,173,186,79,42,27,193,172,39,32,55,125,33,192,165,40,87,181,68,9,103,162,147,67,95,144,156,63,31,143,160,183,164,41,152,130,102,62,5,134,112,104,99,73,74,20,138,168,140,126,16,194,19,98,60,179,47,43,187,76,101,141,11,58,64,96,177,199,166,22,195,119,81,153,80,26,150,136,100,54,113,116,124,142,45,121];False
7791;6609;14400;[198,51,50,174,196,83,59,57,132,75,163,133,12,185,111,36,169,115,89,3,161,159,15,135,53,140,46,44,23,190,109,10,184,56,34,91,69,28,8,37,94,71,188,48,92,90,131,148,93,14,178,191,66,61,145,84,13,151,7,38,176,35,97,128,52,2,167,107,123,146,155,65,118,17,82,18,0,77,149,170,129,25,105,4,6,88,70,108,21,106,154,122,197,24,72,78,86,110,171,189,49,127,30,114,182,139,180,137,158,175,85,1,117,120,157,173,186,79,42,27,193,172,39,32,55,125,33,192,165,40,87,181,68,9,103,162,147,67,95,144,156,63,31,143,160,183,164,41,152,130,102,62,5,134,112,104,99,73,74,20,138,168,29,126,16,194,19,98,60,179,47,43,187,76,101,141,11,58,64,96,177,199,166,22,195,119,81,153,80,26,150,136,100,54,113,116,124,142,45,121];False
7910;6599;14509;[198,51,50,174,67,83,59,57,132,75,137,133,12,185,111,36,169,115,89,3,161,159,15,135,53,29,46,44,23,190,109,10,184,56,34,91,69,28,8,37,94,71,188,48,92,90,131,148,93,14,178,191,66,61,145,84,13,151,7,38,176,35,97,128,52,2,167,107,123,146,155,65,118,17,82,18,0,77,149,170,129,25,105,4,6,88,70,108,21,106,154,122,197,24,72,78,86,110,171,189,49,127,30,114,182,139,180,163,158,175,85,1,117,120,157,173,186,79,42,27,193,172,39,32,55,125,33,192,165,40,87,181,68,9,103,162,147,196,95,144,156,63,31,143,160,183,164,41,152,130,102,62,5,134,112,104,99,73,74,20,138,168,140,126,16,194,19,98,60,179,47,43,187,76,101,141,11,58,64,96,177,199,166,22,195,119,81,153,80,26,150,136,100,54,113,116,124,142,45,121];False
7928;6598;14526;[198,51,50,174,67,83,59,57,132,75,163,133,12,185,111,26,169,115,89,3,161,159,15,135,53,29,46,44,23,190,109,10,184,56,34,91,69,28,8,37,94,71,188,48,92,90,131,148,93,14,178,191,66,61,145,84,13,151,7,38,176,35,97,128,52,2,167,107,123,146,155,65,118,17,82,18,0,77,149,170,129,25,105,4,6,88,70,108,21,106,154,122,197,24,72,78,86,110,171,189,49,127,30,114,182,139,180,137,158,175,85,1,117,120,157,173,186,79,42,27,193,172,39,32,55,125,33,192,165,40,87,181,68,9,103,162,147,196,95,144,156,63,31,143,160,183,164,41,152,130,102,62,5,134,112,104,99,73,74,20,138,168,140,126,16,194,19,98,60,179,47,43,187,76,101,141,11,58,64,96,177,199,166,22,195,119,81,153,80,36,150,136,100,54,113,116,124,142,45,121];False
7858;6607;14465;[198,51,50,174,67,83,59,57,132,75,163,133,12,185,111,36,169,115,176,3,161,159,15,135,53,29,46,44,23,190,109,10,184,56,34,91,69,28,8,37,94,71,188,48,92,90,131,148,93,14,178,191,66,61,145,84,13,151,7,38,89,35,97,128,52,2,167,107,123,146,155,65,118,17,82,18,0,77,149,170,129,25,105,4,6,88,70,108,21,106,154,122,197,24,72,78,86,110,171,189,49,127,30,114,182,139,180,137,158,175,85,1,117,120,157,173,186,79,42,27,193,172,39,32,55,125,33,192,165,40,87,181,68,9,103,162,147,196,95,144,156,63,31,143,160,183,164,41,152,130,102,62,5,134,112,104,99,73,74,20,138,168,140,126,16,194,19,98,60,179,47,43,187,76,101,141,11,58,64,96,177,199,166,22,195,119,81,153,80,26,150,136,100,54,113,116,124,142,45,121];False
7830;6606;14436;[198,51,50,174,67,83,59,57,132,75,163,133,12,185,111,36,169,115,89,3,161,28,15,135,53,29,46,44,23,190,109,10,184,56,34,91,69,159,8,37,94,71,188,48,92,90,131,148,93,14,178,191,66,61,145,84,13,151,7,38,176,35,97,128,52,2,167,107,123,146,155,65,118,17,82,18,0,77,149,170,129,25,105,4,6,88,70,108,21,106,154,122,197,24,72,78,86,110,171,189,49,127,30,114,182,139,180,137,158,175,85,1,117,120,157,173,186,79,42,27,193,172,39,32,55,125,33,192,165,40,87,181,68,9,103,162,147,196,95,144,156,63,31,143,160,183,164,41,152,130,102,62,5,134,112,104,99,73,74,20,138,168,140,126,16,194,19,98,60,179,47,43,187,76,101,141,11,58,64,96,177,199,166,22,195,119,81,153,80,26,150,136,100,54,113,116,124,142,45,121];False
7794;6606;14400;[198,51,50,174,67,83,59,57,132,75,163,133,12,185,111,36,169,115,89,3,161,159,15,135,53,34,46,44,23,190,109,10,184,56,29,91,69,28,8,37,94,71,188,48,92,90,131,148,93,14,178,191,66,61,145,84,13,151,7,38,176,35,97,128,52,2,167,107,123,146,155,65,118,17,82,18,0,77,149,170,129,25,105,4,6,88,70,108,21,106,154,122,197,24,72,78,86,110,171,189,49,127,30,114,182,139,180,137,158,175,85,1,117,120,157,173,186,79,42,27,193,172,39,32,55,125,33,192,165,40,87,181,68,9,103,162,147,196,95,144,156,63,31,143,160,183,164,41,152,130,102,62,5,134,112,104,99,73,74,20,138,168,140,126,16,194,19,98,60,179,47,43,187,76,101,141,11,58,64,96,177,199,166,22,195,119,81,153,80,26,150,136,100,54,113,116,124,142,45,121];False
8014;6585;14599;[198,51,50,174,67,83,59,57,132,75,163,133,12,185,111,36,169,115,89,3,161,159,15,135,53,180,46,44,23,190,109,10,184,56,34,91,69,28,8,37,94,71,188,48,92,90,131,148,93,14,178,191,66,61,145,84,13,151,7,38,176,35,97,128,52,2,167,107,123,146,155,65,118,17,82,18,0,77,149,170,129,25,105,4,6,88,70,108,21,106,154,122,197,24,72,78,86,110,171,189,49,127,30,114,182,139,29,137,158,175,85,1,117,120,157,173,186,79,42,27,193,172,39,32,55,125,33,192,165,40,87,181,68,9,103,162,147,196,95,144,156,63,31,143,160,183,164,41,152,130,102,62,5,134,112,104,99,73,74,20,138,168,140,126,16,194,19,98,60,179,47,43,187,76,101,141,11,58,64,96,177,199,166,22,195,119,81,153,80,26,150,136,100,54,113,116,124,142,45,121];False
7798;6605;14403;[198,51,50,174,67,83,59,57,132,75,163,133,12,185,111,36,169,115,89,3,161,159,15,135,53,140,46,44,23,190,109,10,184,56,34,91,69,28,8,37,94,71,188,48,92,90,131,148,93,14,178,191,66,61,145,84,13,151,7,38,176,35,97,128,52,2,167,107,123,146,155,65,118,17,82,18,0,77,149,170,129,25,105,4,6,88,70,108,21,106,154,122,197,24,72,78,86,110,171,189,49,127,30,114,182,139,180,137,158,175,85,1,117,120,157,173,186,79,42,27,193,172,39,32,55,125,33,192,165,40,87,181,68,9,103,162,147,196,95,144,156,63,31,143,160,183,164,41,152,130,102,62,5,134,112,104,99,73,74,20,138,168,29,126,16,194,19,98,60,179,47,43,187,76,101,141,11,58,64,96,177,199,166,22,195,119,81,153,80,26,150,136,100,54,113,116,124,142,45,121];False
7937;6597;14534;[50,51,198,174,67,83,59,57,132,75,137,133,12,185,111,26,169,115,89,3,161,159,15,135,53,29,46,44,23,190,109,10,184,56,34,91,69,28,8,37,94,71,188,48,92,90,131,148,93,14,178,191,66,61,145,84,13,151,7,38,176,35,97,128,52,2,167,107,123,146,155,65,118,17,82,18,0,77,149,170,129,25,105,4,6,88,70,108,21,106,154,122,197,24,72,78,86,110,171,189,49,127,30,114,182,139,180,163,158,175,85,1,117,120,157,173,186,79,42,27,193,172,39,32,55,125,33,192,165,40,87,181,68,9,103,162,147,196,95,144,156,63,31,143,160,183,164,41,152,130,102,62,5,134,112,104,99,73,74,20,138,168,140,126,16,194,19,98,60,179,47,43,187,76,101,141,11,58,64,96,177,199,166,22,195,119,81,153,80,36,150,136,100,54,113,116,124,142,45,121];False
7807;6604;14411;[50,51,198,174,67,83,59,57,132,75,137,133,12,185,111,36,169,115,89,3,161,159,15,135,53,140,46,44,23,190,109,10,184,56,34,91,69,28,8,37,94,71,188,48,92,90,131,148,93,14,178,191,66,61,145,84,13,151,7,38,176,35,97,128,52,2,167,107,123,146,155,65,118,17,82,18,0,77,149,170,129,25,105,4,6,88,70,108,21,106,154,122,197,24,72,78,86,110,171,189,49,127,30,114,182,139,180,163,158,175,85,1,117,120,157,173,186,79,42,27,193,172,39,32,55,125,33,192,165,40,87,181,68,9,103,162,147,196,95,144,156,63,31,143,160,183,164,41,152,130,102,62,5,134,112,104,99,73,74,20,138,168,29,126,16,194,19,98,60,179,47,43,187,76,101,141,11,58,64,96,177,199,166,22,195,119,81,153,80,26,150,136,100,54,113,116,124,142,45,121];False
8258;6578;14836;[198,56,50,174,149,83,59,57,132,75,137,133,12,185,111,36,169,115,89,3,161,159,15,135,53,180,46,44,23,190,109,10,184,51,34,91,69,28,8,37,94,71,188,48,92,90,131,148,93,14,178,191,66,61,145,84,13,151,7,38,176,35,97,128,52,2,167,107,123,146,155,65,118,17,82,18,0,77,196,170,129,25,105,4,6,88,70,108,21,106,154,122,197,24,72,78,86,110,171,189,49,127,30,114,182,139,29,163,158,175,85,1,117,120,157,173,186,79,42,27,193,172,39,32,55,125,33,192,165,40,87,181,68,9,103,162,147,67,95,144,156,63,31,143,160,183,164,41,152,130,102,62,5,134,112,104,99,73,74,20,138,168,140,126,16,194,19,98,60,179,47,43,187,76,101,141,11,58,64,96,177,199,166,22,195,119,81,153,80,26,150,136,100,54,113,116,124,142,45,121];False
8251;6576;14827;[198,56,50,174,149,83,59,57,132,75,163,133,12,185,111,26,169,115,89,3,161,159,15,135,53,180,46,44,23,190,109,10,184,51,34,91,69,28,8,37,94,71,188,48,92,90,131,148,93,14,178,191,66,61,145,84,13,151,7,38,176,35,97,128,52,2,167,107,123,146,155,65,118,17,82,18,0,77,196,170,129,25,105,4,6,88,70,108,21,106,154,122,197,24,72,78,86,110,171,189,49,127,30,114,182,139,29,137,158,175,85,1,117,120,157,173,186,79,42,27,193,172,39,32,55,125,33,192,165,40,87,181,68,9,103,162,147,67,95,144,156,63,31,143,160,183,164,41,152,130,102,62,5,134,112,104,99,73,74,20,138,168,140,126,16,194,19,98,60,179,47,43,187,76,101,141,11,58,64,96,177,199,166,22,195,119,81,153,80,36,150,136,100,54,113,116,124,142,45,121];False
8245;6582;14827;[198,56,50,174,149,83,59,57,132,75,163,133,12,185,111,36,161,115,89,3,169,159,15,135,53,180,46,44,23,190,109,10,184,51,34,91,69,28,8,37,94,71,188,48,92,90,131,148,93,14,178,191,66,61,145,84,13,151,7,38,176,35,97,128,52,2,167,107,123,146,155,65,118,17,82,18,0,77,196,170,129,25,105,4,6,88,70,108,21,106,154,122,197,24,72,78,86,110,171,189,49,127,30,114,182,139,29,137,158,175,85,1,117,120,157,173,186,79,42,27,193,172,39,32,55,125,33,192,165,40,87,181,68,9,103,162,147,67,95,144,156,63,31,143,160,183,164,41,152,130,102,62,5,134,112,104,99,73,74,20,138,168,140,126,16,194,19,98,60,179,47,43,187,76,101,141,11,58,64,96,177,199,166,22,195,119,81,153,80,26,150,136,100,54,113,116,124,142,45,121];False
8239;6580;14819;[198,56,50,174,149,83,59,57,132,75,163,133,12,185,111,36,145,115,89,3,161,159,15,135,53,180,46,44,23,190,109,10,184,51,34,91,69,28,8,37,94,71,188,48,92,90,131,148,93,14,178,191,66,61,169,84,13,151,7,38,176,35,97,128,52,2,167,107,123,146,155,65,118,17,82,18,0,77,196,170,129,25,105,4,6,88,70,108,21,106,154,122,197,24,72,78,86,110,171,189,49,127,30,114,182,139,29,137,158,175,85,1,117,120,157,173,186,79,42,27,193,172,39,32,55,125,33,192,165,40,87,181,68,9,103,162,147,67,95,144,156,63,31,143,160,183,164,41,152,130,102,62,5,134,112,104,99,73,74,20,138,168,140,126,16,194,19,98,60,179,47,43,187,76,101,141,11,58,64,96,177,199,166,22,195,119,81,153,80,26,150,136,100,54,113,116,124,142,45,121];False
8153;6584;14737;[198,56,50,174,149,83,59,57,132,75,163,133,12,185,111,36,169,115,89,3,161,28,15,135,53,180,46,44,23,190,109,10,184,51,34,91,69,159,8,37,94,71,188,48,92,90,131,148,93,14,178,191,66,61,145,84,13,151,7,38,176,35,97,128,52,2,167,107,123,146,155,65,118,17,82,18,0,77,196,170,129,25,105,4,6,88,70,108,21,106,154,122,197,24,72,78,86,110,171,189,49,127,30,114,182,139,29,137,158,175,85,1,117,120,157,173,186,79,42,27,193,172,39,32,55,125,33,192,165,40,87,181,68,9,103,162,147,67,95,144,156,63,31,143,160,183,164,41,152,130,102,62,5,134,112,104,99,73,74,20,138,168,140,126,16,194,19,98,60,179,47,43,187,76,101,141,11,58,64,96,177,199,166,22,195,119,81,153,80,26,150,136,100,54,113,116,124,142,45,121];False
8210;6580;14790;[198,56,50,174,149,83,59,57,132,75,163,133,12,185,111,36,169,115,89,3,161,159,15,135,53,180,46,44,23,190,109,10,184,124,34,91,69,28,8,37,94,71,188,48,92,90,131,148,93,14,178,191,66,61,145,84,13,151,7,38,176,35,97,128,52,2,167,107,123,146,155,65,118,17,82,18,0,77,196,170,129,25,105,4,6,88,70,108,21,106,154,122,197,24,72,78,86,110,171,189,49,127,30,114,182,139,29,137,158,175,85,1,117,120,157,173,186,79,42,27,193,172,39,32,55,125,33,192,165,40,87,181,68,9,103,162,147,67,95,144,156,63,31,143,160,183,164,41,152,130,102,62,5,134,112,104,99,73,74,20,138,168,140,126,16,194,19,98,60,179,47,43,187,76,101,141,11,58,64,96,177,199,166,22,195,119,81,153,80,26,150,136,100,54,113,116,51,142,45,121];False
8172;6581;14753;[198,56,50,174,149,83,59,57,132,75,163,133,12,185,111,36,169,115,89,3,161,159,15,135,53,180,46,44,23,190,109,10,184,51,34,91,69,28,8,124,94,71,188,48,92,90,131,148,93,14,178,191,66,61,145,84,13,151,7,38,176,35,97,128,52,2,167,107,123,146,155,65,118,17,82,18,0,77,196,170,129,25,105,4,6,88,70,108,21,106,154,122,197,24,72,78,86,110,171,189,49,127,30,114,182,139,29,137,158,175,85,1,117,120,157,173,186,79,42,27,193,172,39,32,55,125,33,192,165,40,87,181,68,9,103,162,147,67,95,144,156,63,31,143,160,183,164,41,152,130,102,62,5,134,112,104,99,73,74,20,138,168,140,126,16,194,19,98,60,179,47,43,187,76,101,141,11,58,64,96,177,199,166,22,195,119,81,153,80,26,150,136,100,54,113,116,37,142,45,121];False
8339;6574;14913;[73,74,194,136,149,83,59,57,132,75,163,133,12,185,111,80,169,84,89,3,161,159,15,135,142,115,46,44,37,190,109,10,184,51,174,91,69,28,8,118,180,198,188,48,92,90,131,148,93,14,178,23,66,61,145,94,13,151,7,38,176,35,97,128,52,2,167,107,123,146,155,65,53,17,82,18,0,77,196,170,129,25,105,4,6,88,70,108,21,106,154,122,197,24,72,78,86,110,171,189,49,127,30,114,182,139,29,137,158,175,85,1,117,120,157,173,186,79,42,27,193,172,39,32,55,125,33,192,165,40,87,181,68,9,103,162,147,67,95,144,156,140,31,143,191,183,164,41,152,130,102,62,5,134,112,104,99,63,50,20,138,168,34,126,16,71,19,98,60,179,47,43,187,76,101,141,11,58,64,96,177,199,166,22,195,119,81,153,26,36,150,56,100,54,113,116,124,160,45,121];False
8323;6572;14895;[73,74,194,136,149,83,59,57,132,75,163,133,12,185,111,26,169,84,89,3,161,28,15,135,142,115,46,44,37,190,109,10,184,51,174,91,69,159,8,118,180,198,188,48,92,90,131,148,93,14,178,23,66,61,145,94,13,151,7,38,176,35,97,128,52,2,167,107,123,146,155,65,53,17,82,18,0,77,196,170,129,25,105,4,6,88,70,108,21,106,154,122,197,24,72,78,86,110,171,189,49,127,30,114,182,139,29,137,158,175,85,1,117,120,157,173,186,79,42,27,193,172,39,32,55,125,33,192,165,40,87,181,68,9,103,162,147,67,95,144,156,140,31,143,191,183,164,41,152,130,102,62,5,134,112,104,99,63,50,20,138,168,34,126,16,71,19,98,60,179,47,43,187,76,101,141,11,58,64,96,177,199,166,22,195,119,81,153,80,36,150,56,100,54,113,116,124,160,45,121];False
8243;6577;14820;[73,74,194,136,149,83,59,57,132,75,163,133,12,185,111,26,169,84,89,3,161,159,15,135,142,115,46,44,37,109,190,10,184,51,174,91,69,28,8,118,180,198,188,48,92,90,131,148,93,14,178,23,66,61,145,94,13,151,7,38,176,35,97,128,52,2,167,107,123,146,155,65,53,17,82,18,0,77,196,170,129,25,105,4,6,88,70,108,21,106,154,122,197,24,72,78,86,110,171,189,49,127,30,114,182,139,29,137,158,175,85,1,117,120,157,173,186,79,42,27,193,172,39,32,55,125,33,192,165,40,87,181,68,9,103,162,147,67,95,144,156,140,31,143,191,183,164,41,152,130,102,62,5,134,112,104,99,63,50,20,138,168,34,126,16,71,19,98,60,179,47,43,187,76,101,141,11,58,64,96,177,199,166,22,195,119,81,153,80,36,150,56,100,54,113,116,124,160,45,121];False
8354;6570;14924;[73,74,194,136,149,83,59,57,132,75,163,133,12,185,111,26,169,84,89,3,161,159,15,135,142,115,46,44,37,190,109,10,150,51,174,91,69,28,8,118,180,198,188,48,92,90,131,148,93,14,178,23,66,61,145,94,13,151,7,38,176,35,97,128,52,2,167,107,123,146,155,65,53,17,82,18,0,77,196,170,129,25,105,4,6,88,70,108,21,106,154,122,197,24,72,78,86,110,171,189,49,127,30,114,182,139,29,137,158,175,85,1,117,120,157,173,186,79,42,27,193,172,39,32,55,125,33,192,165,40,87,181,68,9,103,162,147,67,95,144,156,140,31,143,191,183,164,41,152,130,102,62,5,134,112,104,99,63,50,20,138,168,34,126,16,71,19,98,60,179,47,43,187,76,101,141,11,58,64,96,177,199,166,22,195,119,81,153,80,36,184,56,100,54,113,116,124,160,45,121];False
8480;6563;15043;[50,31,143,136,149,83,59,57,132,152,163,133,12,185,111,26,169,84,89,3,161,159,15,135,142,115,46,44,37,190,109,10,184,51,174,91,69,28,8,118,180,198,188,48,92,90,131,148,93,14,178,23,66,61,145,94,13,151,7,38,176,35,97,128,52,2,167,107,123,146,155,65,53,17,82,18,0,77,196,170,129,25,105,4,6,88,70,108,21,106,154,122,197,24,72,78,86,110,171,189,49,127,30,114,182,139,29,137,158,175,85,1,117,120,157,173,186,79,42,27,193,172,39,32,55,125,33,192,165,40,87,181,68,9,103,162,147,67,95,144,156,140,74,194,191,183,164,41,75,130,102,62,5,134,112,104,99,63,73,20,138,168,34,126,16,71,19,98,60,179,47,43,187,76,101,141,11,58,64,96,177,199,166,22,195,119,81,153,80,36,150,56,100,54,113,116,124,160,45,121];False
8458;6560;15018;[50,31,143,136,149,83,59,57,132,75,137,133,12,185,111,26,169,84,89,3,161,159,15,135,142,115,46,44,37,190,109,10,184,51,174,91,69,28,8,118,180,198,188,48,92,90,131,148,93,14,178,23,66,61,145,94,13,151,7,38,176,35,97,128,52,2,167,107,123,146,155,65,53,17,82,18,0,77,196,170,129,25,105,4,6,88,70,108,21,106,154,122,197,24,72,78,86,110,171,189,49,127,30,114,182,139,29,163,158,175,85,1,117,120,157,173,186,79,42,27,193,172,39,32,55,125,33,192,165,40,87,181,68,9,103,162,147,67,95,144,156,140,74,194,191,183,164,41,152,130,102,62,5,134,112,104,99,63,73,20,138,168,34,126,16,71,19,98,60,179,47,43,187,76,101,141,11,58,64,96,177,199,166,22,195,119,81,153,80,36,150,56,100,54,113,116,124,160,45,121];False
8333;6570;14903;[50,31,143,136,149,83,59,57,132,75,163,133,12,185,39,26,169,84,89,3,161,159,15,135,142,115,46,44,37,190,109,10,184,51,174,91,69,28,8,118,180,198,188,48,92,90,131,148,93,14,178,23,66,61,145,94,13,151,7,38,176,35,97,128,52,2,167,107,123,146,155,65,53,17,82,18,0,77,196,170,129,25,105,4,6,88,70,108,21,106,154,122,197,24,72,78,86,110,171,189,49,127,30,114,182,139,29,137,158,175,85,1,117,120,157,173,186,79,42,27,193,172,111,32,55,125,33,192,165,40,87,181,68,9,103,162,147,67,95,144,156,140,74,194,191,183,164,41,152,130,102,62,5,134,112,104,99,63,73,20,138,168,34,126,16,71,19,98,60,179,47,43,187,76,101,141,11,58,64,96,177,199,166,22,195,119,81,153,80,36,150,56,100,54,113,116,124,160,45,121];False
8422;6562;14984;[50,31,143,136,149,83,59,57,132,75,163,133,12,185,76,26,169,84,89,3,161,159,15,135,142,115,46,44,37,190,109,10,184,51,174,91,69,28,8,118,180,198,188,48,92,90,131,148,93,14,178,23,66,61,145,94,13,151,7,38,176,35,97,128,52,2,167,107,123,146,155,65,53,17,82,18,0,77,196,170,129,25,105,4,6,88,70,108,21,106,154,122,197,24,72,78,86,110,171,189,49,127,30,114,182,139,29,137,158,175,85,1,117,120,157,173,186,79,42,27,193,172,39,32,55,125,33,192,165,40,87,181,68,9,103,162,147,67,95,144,156,140,74,194,191,183,164,41,152,130,102,62,5,134,112,104,99,63,73,20,138,168,34,126,16,71,19,98,60,179,47,43,187,111,101,141,11,58,64,96,177,199,166,22,195,119,81,153,80,36,150,56,100,54,113,116,124,160,45,121];False
8369;6568;14937;[50,31,143,136,149,83,59,57,132,75,163,133,12,185,111,80,169,84,89,3,161,159,15,135,142,115,46,44,37,190,109,10,184,51,174,91,69,28,8,118,180,198,188,48,92,90,131,148,93,14,178,23,66,61,145,94,13,151,7,38,176,35,97,128,52,2,167,107,123,146,155,65,53,17,82,18,0,77,196,170,129,25,105,4,6,88,70,108,21,106,154,122,197,24,72,78,86,110,171,189,49,127,30,114,182,139,29,137,158,175,85,1,117,120,157,173,186,79,42,27,193,172,39,32,55,125,33,192,165,40,87,181,68,9,103,162,147,67,95,144,156,140,74,194,191,183,164,41,152,130,102,62,5,134,112,104,99,63,73,20,138,168,34,126,16,71,19,98,60,179,47,43,187,76,101,141,11,58,64,96,177,199,166,22,195,119,81,153,26,36,150,56,100,54,113,116,124,160,45,121];False
8538;6559;15097;[50,31,143,136,149,83,59,57,132,75,163,133,12,185,111,26,169,6,89,3,161,159,15,135,142,115,46,44,37,190,109,10,184,51,174,91,69,28,8,118,180,198,188,48,92,90,131,148,93,14,178,23,66,61,145,94,13,151,7,38,176,35,97,128,52,2,167,107,123,146,155,65,53,17,82,18,0,77,196,170,129,25,105,4,84,88,70,108,21,106,154,122,197,24,72,78,86,110,171,189,49,127,30,114,182,139,29,137,158,175,85,1,117,120,157,173,186,79,42,27,193,172,39,32,55,125,33,192,165,40,87,181,68,9,103,162,147,67,95,144,156,140,74,194,191,183,164,41,152,130,102,62,5,134,112,104,99,63,73,20,138,168,34,126,16,71,19,98,60,179,47,43,187,76,101,141,11,58,64,96,177,199,166,22,195,119,81,153,80,36,150,56,100,54,113,116,124,160,45,121];False
8353;6566;14919;[50,31,143,136,149,83,59,57,132,75,163,133,12,185,111,26,169,84,89,3,161,28,15,135,142,115,46,44,37,190,109,10,184,51,174,91,69,159,8,118,180,198,188,48,92,90,131,148,93,14,178,23,66,61,145,94,13,151,7,38,176,35,97,128,52,2,167,107,123,146,155,65,53,17,82,18,0,77,196,170,129,25,105,4,6,88,70,108,21,106,154,122,197,24,72,78,86,110,171,189,49,127,30,114,182,139,29,137,158,175,85,1,117,120,157,173,186,79,42,27,193,172,39,32,55,125,33,192,165,40,87,181,68,9,103,162,147,67,95,144,156,140,74,194,191,183,164,41,152,130,102,62,5,134,112,104,99,63,73,20,138,168,34,126,16,71,19,98,60,179,47,43,187,76,101,141,11,58,64,96,177,199,166,22,195,119,81,153,80,36,150,56,100,54,113,116,124,160,45,121];False
8243;6576;14819;[50,31,143,136,149,83,59,57,132,75,163,133,12,185,111,26,169,84,89,3,161,159,15,135,142,115,46,124,37,190,109,10,184,51,174,91,69,28,8,118,180,198,188,48,92,90,131,148,93,14,178,23,66,61,145,94,13,151,7,38,176,35,97,128,52,2,167,107,123,146,155,65,53,17,82,18,0,77,196,170,129,25,105,4,6,88,70,108,21,106,154,122,197,24,72,78,86,110,171,189,49,127,30,114,182,139,29,137,158,175,85,1,117,120,157,173,186,79,42,27,193,172,39,32,55,125,33,192,165,40,87,181,68,9,103,162,147,67,95,144,156,140,74,194,191,183,164,41,152,130,102,62,5,134,112,104,99,63,73,20,138,168,34,126,16,71,19,98,60,179,47,43,187,76,101,141,11,58,64,96,177,199,166,22,195,119,81,153,80,36,150,56,100,54,113,116,44,160,45,121];False
8273;6571;14844;[50,31,143,136,149,83,59,57,132,75,163,133,12,185,111,26,169,84,89,3,161,159,15,135,142,115,46,44,37,109,190,10,184,51,174,91,69,28,8,118,180,198,188,48,92,90,131,148,93,14,178,23,66,61,145,94,13,151,7,38,176,35,97,128,52,2,167,107,123,146,155,65,53,17,82,18,0,77,196,170,129,25,105,4,6,88,70,108,21,106,154,122,197,24,72,78,86,110,171,189,49,127,30,114,182,139,29,137,158,175,85,1,117,120,157,173,186,79,42,27,193,172,39,32,55,125,33,192,165,40,87,181,68,9,103,162,147,67,95,144,156,140,74,194,191,183,164,41,152,130,102,62,5,134,112,104,99,63,73,20,138,168,34,126,16,71,19,98,60,179,47,43,187,76,101,141,11,58,64,96,177,199,166,22,195,119,81,153,80,36,150,56,100,54,113,116,124,160,45,121];False
8384;6564;14948;[50,31,143,136,149,83,59,57,132,75,163,133,12,185,111,26,169,84,89,3,161,159,15,135,142,115,46,44,37,190,109,10,150,51,174,91,69,28,8,118,180,198,188,48,92,90,131,148,93,14,178,23,66,61,145,94,13,151,7,38,176,35,97,128,52,2,167,107,123,146,155,65,53,17,82,18,0,77,196,170,129,25,105,4,6,88,70,108,21,106,154,122,197,24,72,78,86,110,171,189,49,127,30,114,182,139,29,137,158,175,85,1,117,120,157,173,186,79,42,27,193,172,39,32,55,125,33,192,165,40,87,181,68,9,103,162,147,67,95,144,156,140,74,194,191,183,164,41,152,130,102,62,5,134,112,104,99,63,73,20,138,168,34,126,16,71,19,98,60,179,47,43,187,76,101,141,11,58,64,96,177,199,166,22,195,119,81,153,80,36,184,56,100,54,113,116,124,160,45,121];False
8638;6557;15195;[50,174,67,36,149,83,59,57,132,75,137,133,12,185,54,120,26,84,89,3,161,159,15,135,194,115,46,44,37,190,109,10,184,51,34,91,69,28,8,118,180,53,188,48,92,90,131,148,93,14,178,142,66,61,145,94,13,151,7,38,176,35,97,111,52,2,95,107,123,73,155,65,198,17,82,18,0,77,196,170,129,25,105,4,6,88,70,108,21,106,154,122,197,24,72,78,86,110,171,189,49,127,30,114,182,139,29,163,158,128,85,1,117,167,157,173,186,79,42,27,193,172,39,32,55,125,33,192,165,40,87,181,68,9,103,162,147,23,136,144,156,146,31,143,191,183,164,41,152,130,102,62,5,134,112,104,99,63,74,20,138,168,140,126,16,71,19,98,60,179,47,43,187,76,101,141,11,58,64,96,177,199,166,22,195,119,81,153,80,169,150,56,100,175,113,116,124,160,45,121];False
8597;6556;15153;[73,174,67,36,149,83,59,57,132,75,137,133,12,185,54,120,157,84,89,3,161,159,15,135,194,115,46,44,37,190,109,10,184,51,34,91,69,28,8,118,180,53,188,48,92,90,131,148,93,14,178,142,66,61,145,94,13,151,7,38,176,35,97,111,52,2,95,107,123,50,155,65,198,17,82,18,0,77,196,170,129,25,105,4,6,88,70,108,21,106,154,122,197,24,72,78,86,110,171,189,49,127,30,114,182,139,29,163,158,128,85,1,117,167,169,173,186,79,42,27,193,172,39,32,55,125,33,192,165,40,87,181,68,9,103,162,147,23,136,144,156,146,31,143,191,183,164,41,152,130,102,62,5,134,112,104,99,63,74,20,138,168,140,126,16,71,19,98,60,179,47,43,187,76,101,141,11,58,64,96,177,199,166,22,195,119,81,153,80,26,150,56,100,175,113,116,124,160,45,121];False
8707;6554;15261;[50,174,67,36,149,83,59,57,132,75,137,133,12,185,54,120,157,84,169,3,161,159,15,135,194,115,46,44,37,190,109,10,184,51,34,91,69,28,8,118,180,53,188,48,92,90,131,148,93,14,178,142,66,61,145,94,13,151,7,38,176,35,97,111,52,2,95,107,123,73,155,65,198,17,82,18,0,77,196,170,129,25,105,4,6,88,70,108,21,106,154,122,197,24,72,78,86,110,171,189,49,127,30,114,182,139,29,163,158,128,85,1,117,167,89,173,186,79,42,27,193,172,39,32,55,125,33,192,165,40,87,181,68,9,103,162,147,23,136,144,156,146,31,143,191,183,164,41,152,130,102,62,5,134,112,104,99,63,74,20,138,168,140,126,16,71,19,98,60,179,47,43,187,76,101,141,11,58,64,96,177,199,166,22,195,119,81,153,80,26,150,56,100,175,113,116,124,160,45,121];False
8637;6547;15184;[50,174,67,36,149,83,59,57,132,75,137,133,12,185,54,120,157,84,89,3,161,159,15,135,194,173,46,44,37,190,109,10,184,51,34,91,69,28,8,118,180,53,188,48,92,90,131,148,93,14,178,142,66,61,145,94,13,151,7,38,176,35,97,111,52,2,95,107,123,73,155,65,198,17,82,18,0,77,196,170,129,25,105,4,6,88,70,108,21,106,154,122,197,24,72,78,86,110,171,189,49,127,30,114,182,139,29,163,158,128,85,1,117,167,169,115,186,79,42,27,193,172,39,32,55,125,33,192,165,40,87,181,68,9,103,162,147,23,136,144,156,146,31,143,191,183,164,41,152,130,102,62,5,134,112,104,99,63,74,20,138,168,140,126,16,71,19,98,60,179,47,43,187,76,101,141,11,58,64,96,177,199,166,22,195,119,81,153,80,26,150,56,100,175,113,116,124,160,45,121];False
8905;6539;15444;[73,174,23,136,149,83,59,57,132,75,137,133,12,185,76,26,193,173,89,3,161,159,15,135,194,115,46,44,37,190,109,66,184,51,34,91,69,28,8,118,180,53,188,48,92,90,131,148,93,14,178,142,10,61,145,94,13,151,7,38,176,35,97,128,52,2,167,107,123,50,155,65,198,17,82,18,0,77,196,170,129,25,105,4,6,88,70,108,21,106,154,122,197,24,72,78,86,110,171,189,49,127,30,114,182,139,29,163,158,175,85,1,117,120,157,84,186,79,42,27,169,172,39,32,55,125,33,192,165,40,87,181,68,9,103,162,147,67,95,144,156,146,31,143,191,183,164,41,152,130,102,62,5,134,112,104,99,63,74,20,138,168,140,126,16,71,19,98,60,179,47,43,187,111,101,141,11,58,64,96,177,199,166,22,195,119,81,153,80,36,150,56,100,54,113,116,124,160,45,121];False
8811;6546;15357;[73,174,23,136,149,83,59,57,132,75,137,133,12,185,76,26,169,173,89,3,161,28,15,135,194,115,46,44,37,190,109,66,184,51,34,91,69,159,8,118,180,53,188,48,92,90,131,148,93,14,178,142,10,61,145,94,13,151,7,38,176,35,97,128,52,2,167,107,123,50,155,65,198,17,82,18,0,77,196,170,129,25,105,4,6,88,70,108,21,106,154,122,197,24,72,78,86,110,171,189,49,127,30,114,182,139,29,163,158,175,85,1,117,120,157,84,186,79,42,27,193,172,39,32,55,125,33,192,165,40,87,181,68,9,103,162,147,67,95,144,156,146,31,143,191,183,164,41,152,130,102,62,5,134,112,104,99,63,74,20,138,168,140,126,16,71,19,98,60,179,47,43,187,111,101,141,11,58,64,96,177,199,166,22,195,119,81,153,80,36,150,56,100,54,113,116,124,160,45,121];False
8789;6546;15335;[73,174,23,136,149,83,59,57,132,75,137,133,12,185,76,26,169,173,89,3,161,159,15,135,194,115,46,44,37,190,109,66,184,51,34,91,69,28,8,118,29,53,188,48,92,90,131,148,93,14,178,142,10,61,145,94,13,151,7,38,176,35,97,128,52,2,167,107,123,50,155,65,198,17,82,18,0,77,196,170,129,25,105,4,6,88,70,108,21,106,154,122,197,24,72,78,86,110,171,189,49,127,30,114,182,139,180,163,158,175,85,1,117,120,157,84,186,79,42,27,193,172,39,32,55,125,33,192,165,40,87,181,68,9,103,162,147,67,95,144,156,146,31,143,191,183,164,41,152,130,102,62,5,134,112,104,99,63,74,20,138,168,140,126,16,71,19,98,60,179,47,43,187,111,101,141,11,58,64,96,177,199,166,22,195,119,81,153,80,36,150,56,100,54,113,116,124,160,45,121];False
8801;6545;15346;[73,174,23,136,149,83,59,57,132,75,137,133,12,185,76,26,169,173,89,3,161,159,15,135,194,115,46,44,37,190,109,66,184,51,34,91,69,28,8,118,124,53,188,48,92,90,131,148,93,14,178,142,10,61,145,94,13,151,7,38,176,35,97,128,52,2,167,107,123,50,155,65,198,17,82,18,0,77,196,170,129,25,105,4,6,88,70,108,21,106,154,122,197,24,72,78,86,110,171,189,49,127,30,114,182,139,29,163,158,175,85,1,117,120,157,84,186,79,42,27,193,172,39,32,55,125,33,192,165,40,87,181,68,9,103,162,147,67,95,144,156,146,31,143,191,183,164,41,152,130,102,62,5,134,112,104,99,63,74,20,138,168,140,126,16,71,19,98,60,179,47,43,187,111,101,141,11,58,64,96,177,199,166,22,195,119,81,153,80,36,150,56,100,54,113,116,180,160,45,121];False
8956;6538;15494;[50,174,23,136,149,83,59,57,132,75,137,133,12,185,76,26,193,173,89,3,161,159,15,135,194,115,46,44,37,190,109,66,184,51,34,91,69,28,8,118,180,53,188,48,92,90,131,148,93,14,178,142,10,61,145,94,13,151,7,38,176,35,97,128,52,2,167,107,123,73,155,65,198,17,82,18,0,77,196,170,129,25,105,4,6,88,70,108,21,106,154,122,197,24,72,78,86,110,171,189,49,127,30,114,182,139,29,163,158,175,85,1,117,120,157,84,186,79,42,27,169,172,39,32,55,125,33,192,165,40,87,181,68,9,103,162,147,67,95,144,156,146,31,143,191,183,164,41,152,130,102,62,5,134,112,104,99,63,74,20,138,168,140,126,16,71,19,98,60,179,47,43,187,111,101,141,11,58,64,96,177,199,166,22,195,119,81,153,80,36,150,56,100,54,113,116,124,160,45,121];False
8852;6544;15396;[50,174,23,136,149,83,59,57,132,75,137,133,12,185,76,26,169,173,89,3,161,159,15,135,194,115,46,44,37,190,109,66,184,51,34,91,69,28,8,118,124,53,188,48,92,90,131,148,93,14,178,142,10,61,145,94,13,151,7,38,176,35,97,128,52,2,167,107,123,73,155,65,198,17,82,18,0,77,196,170,129,25,105,4,6,88,70,108,21,106,154,122,197,24,72,78,86,110,171,189,49,127,30,114,182,139,29,163,158,175,85,1,117,120,157,84,186,79,42,27,193,172,39,32,55,125,33,192,165,40,87,181,68,9,103,162,147,67,95,144,156,146,31,143,191,183,164,41,152,130,102,62,5,134,112,104,99,63,74,20,138,168,140,126,16,71,19,98,60,179,47,43,187,111,101,141,11,58,64,96,177,199,166,22,195,119,81,153,80,36,150,56,100,54,113,116,180,160,45,121];False
9034;6536;15570;[73,174,23,136,149,83,59,57,132,75,186,133,12,185,76,26,193,173,89,3,161,159,15,135,194,115,46,44,37,190,109,10,184,51,34,91,69,28,8,118,180,53,188,48,92,90,131,148,93,14,178,142,66,61,145,94,13,151,7,38,176,35,97,128,52,2,167,107,123,50,155,65,198,17,82,18,0,77,196,170,129,25,105,4,6,88,70,108,21,106,154,122,197,24,72,78,86,110,171,189,49,127,30,114,182,139,29,163,158,175,85,1,117,120,157,84,137,79,42,27,169,172,39,32,55,125,33,192,165,40,87,181,68,9,103,162,147,67,95,144,156,146,31,143,191,183,164,41,152,130,102,62,5,134,112,104,99,63,74,20,138,168,140,126,16,71,19,98,60,179,47,43,187,111,101,141,11,58,64,96,177,199,166,22,195,119,81,153,80,36,150,56,100,54,113,116,124,160,45,121];False
9031;6537;15568;[73,174,23,136,149,83,59,57,132,75,137,133,12,185,111,26,193,173,89,3,161,159,15,135,194,115,46,44,37,190,109,10,184,51,34,91,69,28,8,118,180,53,188,48,92,90,131,148,93,14,178,142,66,61,145,94,13,151,7,38,176,35,97,128,52,2,167,107,123,50,155,65,198,17,82,18,0,77,196,170,129,25,105,4,6,88,70,108,21,106,154,122,197,24,72,78,86,110,171,189,49,127,30,114,182,139,29,163,158,175,85,1,117,120,157,84,186,79,42,27,169,172,39,32,55,125,33,192,165,40,87,181,68,9,103,162,147,67,95,144,156,146,31,143,191,183,164,41,152,130,102,62,5,134,112,104,99,63,74,20,138,168,140,126,16,71,19,98,60,179,47,43,187,76,101,141,11,58,64,96,177,199,166,22,195,119,81,153,80,36,150,56,100,54,113,116,124,160,45,121];False
8969;6536;15505;[73,174,23,136,149,83,59,57,132,75,137,133,12,185,76,80,193,173,89,3,161,159,15,135,194,115,46,44,37,190,109,10,184,51,34,91,69,28,8,118,180,53,188,48,92,90,131,148,93,14,178,142,66,61,145,94,13,151,7,38,176,35,97,128,52,2,167,107,123,50,155,65,198,17,82,18,0,77,196,170,129,25,105,4,6,88,70,108,21,106,154,122,197,24,72,78,86,110,171,189,49,127,30,114,182,139,29,163,158,175,85,1,117,120,157,84,186,79,42,27,169,172,39,32,55,125,33,192,165,40,87,181,68,9,103,162,147,67,95,144,156,146,31,143,191,183,164,41,152,130,102,62,5,134,112,104,99,63,74,20,138,168,140,126,16,71,19,98,60,179,47,43,187,111,101,141,11,58,64,96,177,199,166,22,195,119,81,153,26,36,150,56,100,54,113,116,124,160,45,121];False
9030;6535;15565;[73,174,23,136,149,83,59,57,132,75,137,133,12,185,76,26,193,173,89,3,161,28,15,135,194,115,46,44,37,190,109,10,184,51,34,91,69,159,8,118,180,53,188,48,92,90,131,148,93,14,178,142,66,61,145,94,13,151,7,38,176,35,97,128,52,2,167,107,123,50,155,65,198,17,82,18,0,77,196,170,129,25,105,4,6,88,70,108,21,106,154,122,197,24,72,78,86,110,171,189,49,127,30,114,182,139,29,163,158,175,85,1,117,120,157,84,186,79,42,27,169,172,39,32,55,125,33,192,165,40,87,181,68,9,103,162,147,67,95,144,156,146,31,143,191,183,164,41,152,130,102,62,5,134,112,104,99,63,74,20,138,168,140,126,16,71,19,98,60,179,47,43,187,111,101,141,11,58,64,96,177,199,166,22,195,119,81,153,80,36,150,56,100,54,113,116,124,160,45,121];False
9061;6533;15594;[73,174,23,136,149,83,59,57,132,75,137,133,12,185,76,26,193,173,89,3,161,159,15,135,194,115,46,44,37,190,109,10,150,51,34,91,69,28,8,118,180,53,188,48,92,90,131,148,93,14,178,142,66,61,145,94,13,151,7,38,176,35,97,128,52,2,167,107,123,50,155,65,198,17,82,18,0,77,196,170,129,25,105,4,6,88,70,108,21,106,154,122,197,24,72,78,86,110,171,189,49,127,30,114,182,139,29,163,158,175,85,1,117,120,157,84,186,79,42,27,169,172,39,32,55,125,33,192,165,40,87,181,68,9,103,162,147,67,95,144,156,146,31,143,191,183,164,41,152,130,102,62,5,134,112,104,99,63,74,20,138,168,140,126,16,71,19,98,60,179,47,43,187,111,101,141,11,58,64,96,177,199,166,22,195,119,81,153,80,36,184,56,100,54,113,116,124,160,45,121];False
9202;6531;15733;[73,174,67,36,149,80,59,57,132,75,163,86,151,185,133,98,193,173,89,3,161,159,15,135,194,115,46,44,37,190,109,10,184,51,34,91,69,28,8,118,180,53,188,48,92,90,131,148,93,14,178,142,66,61,145,94,13,12,7,38,176,35,97,128,52,2,167,107,123,50,155,65,198,17,82,18,0,95,196,170,77,25,105,4,6,88,70,108,21,106,154,122,197,24,72,78,111,110,171,189,49,127,30,114,182,139,29,137,158,175,85,1,117,120,157,84,186,79,42,27,169,172,39,32,55,125,33,192,165,40,87,181,68,9,103,162,147,23,136,144,156,146,31,143,191,183,164,41,152,130,102,62,5,134,112,104,99,63,74,20,138,168,140,126,16,71,19,83,60,179,47,43,187,76,101,141,11,58,64,96,177,199,166,22,195,119,81,153,129,26,150,56,100,54,113,116,124,160,45,121];False
9296;6528;15824;[73,174,67,36,149,11,59,57,132,152,163,86,151,185,133,98,193,173,89,3,161,159,15,135,194,115,46,44,37,190,109,10,184,51,34,91,69,28,8,118,180,53,188,48,92,90,131,148,93,14,178,142,66,61,145,94,13,12,7,38,176,35,97,128,52,2,167,107,123,50,155,65,198,17,82,18,0,95,196,170,77,25,105,4,6,88,70,108,21,106,154,122,197,24,72,78,111,110,171,189,49,127,30,114,182,139,29,137,158,175,85,1,117,120,157,84,186,79,42,27,169,172,39,32,55,125,33,192,165,40,87,181,68,9,103,162,147,23,136,144,156,146,31,143,191,183,164,41,75,130,102,62,5,134,112,104,99,63,74,20,138,168,140,126,16,71,19,83,60,179,47,43,187,76,101,141,80,58,64,96,177,199,166,22,195,119,81,153,129,26,150,56,100,54,113,116,124,160,45,121];False
9273;6528;15801;[73,174,67,36,149,11,59,57,132,75,137,86,151,185,133,98,193,173,89,3,161,159,15,135,194,115,46,44,37,190,109,10,184,51,34,91,69,28,8,118,180,53,188,48,92,90,131,148,93,14,178,142,66,61,145,94,13,12,7,38,176,35,97,128,52,2,167,107,123,50,155,65,198,17,82,18,0,95,196,170,77,25,105,4,6,88,70,108,21,106,154,122,197,24,72,78,111,110,171,189,49,127,30,114,182,139,29,163,158,175,85,1,117,120,157,84,186,79,42,27,169,172,39,32,55,125,33,192,165,40,87,181,68,9,103,162,147,23,136,144,156,146,31,143,191,183,164,41,152,130,102,62,5,134,112,104,99,63,74,20,138,168,140,126,16,71,19,83,60,179,47,43,187,76,101,141,80,58,64,96,177,199,166,22,195,119,81,153,129,26,150,56,100,54,113,116,124,160,45,121];False
9178;6531;15709;[73,174,67,36,149,11,59,57,132,75,163,86,12,185,133,98,193,173,89,3,161,159,15,135,194,115,46,44,37,190,109,10,184,51,34,91,69,28,8,118,180,53,188,48,92,90,131,148,93,14,178,142,66,61,145,94,13,151,7,38,176,35,97,128,52,2,167,107,123,50,155,65,198,17,82,18,0,95,196,170,77,25,105,4,6,88,70,108,21,106,154,122,197,24,72,78,111,110,171,189,49,127,30,114,182,139,29,137,158,175,85,1,117,120,157,84,186,79,42,27,169,172,39,32,55,125,33,192,165,40,87,181,68,9,103,162,147,23,136,144,156,146,31,143,191,183,164,41,152,130,102,62,5,134,112,104,99,63,74,20,138,168,140,126,16,71,19,83,60,179,47,43,187,76,101,141,80,58,64,96,177,199,166,22,195,119,81,153,129,26,150,56,100,54,113,116,124,160,45,121];False
9169;6531;15700;[73,174,67,36,149,11,59,57,132,75,163,86,151,185,133,98,193,173,89,3,161,28,15,135,194,115,46,44,37,190,109,10,184,51,34,91,69,159,8,118,180,53,188,48,92,90,131,148,93,14,178,142,66,61,145,94,13,12,7,38,176,35,97,128,52,2,167,107,123,50,155,65,198,17,82,18,0,95,196,170,77,25,105,4,6,88,70,108,21,106,154,122,197,24,72,78,111,110,171,189,49,127,30,114,182,139,29,137,158,175,85,1,117,120,157,84,186,79,42,27,169,172,39,32,55,125,33,192,165,40,87,181,68,9,103,162,147,23,136,144,156,146,31,143,191,183,164,41,152,130,102,62,5,134,112,104,99,63,74,20,138,168,140,126,16,71,19,83,60,179,47,43,187,76,101,141,80,58,64,96,177,199,166,22,195,119,81,153,129,26,150,56,100,54,113,116,124,160,45,121];False
9159;6530;15689;[73,174,67,36,149,11,59,57,132,75,163,86,151,185,133,98,193,173,89,3,161,159,15,135,194,115,46,44,37,190,109,10,184,51,34,91,69,28,8,118,124,53,188,48,92,90,131,148,93,14,178,142,66,61,145,94,13,12,7,38,176,35,97,128,52,2,167,107,123,50,155,65,198,17,82,18,0,95,196,170,77,25,105,4,6,88,70,108,21,106,154,122,197,24,72,78,111,110,171,189,49,127,30,114,182,139,29,137,158,175,85,1,117,120,157,84,186,79,42,27,169,172,39,32,55,125,33,192,165,40,87,181,68,9,103,162,147,23,136,144,156,146,31,143,191,183,164,41,152,130,102,62,5,134,112,104,99,63,74,20,138,168,140,126,16,71,19,83,60,179,47,43,187,76,101,141,80,58,64,96,177,199,166,22,195,119,81,153,129,26,150,56,100,54,113,116,180,160,45,121];False
9347;6527;15874;[50,174,67,36,149,11,59,57,132,152,163,86,151,185,133,98,193,173,89,3,161,159,15,135,194,115,46,44,37,190,109,10,184,51,34,91,69,28,8,118,180,53,188,48,92,90,131,148,93,14,178,142,66,61,145,94,13,12,7,38,176,35,97,128,52,2,167,107,123,73,155,65,198,17,82,18,0,95,196,170,77,25,105,4,6,88,70,108,21,106,154,122,197,24,72,78,111,110,171,189,49,127,30,114,182,139,29,137,158,175,85,1,117,120,157,84,186,79,42,27,169,172,39,32,55,125,33,192,165,40,87,181,68,9,103,162,147,23,136,144,156,146,31,143,191,183,164,41,75,130,102,62,5,134,112,104,99,63,74,20,138,168,140,126,16,71,19,83,60,179,47,43,187,76,101,141,80,58,64,96,177,199,166,22,195,119,81,153,129,26,150,56,100,54,113,116,124,160,45,121];False
9324;6527;15851;[50,174,67,36,149,11,59,57,132,75,137,86,151,185,133,98,193,173,89,3,161,159,15,135,194,115,46,44,37,190,109,10,184,51,34,91,69,28,8,118,180,53,188,48,92,90,131,148,93,14,178,142,66,61,145,94,13,12,7,38,176,35,97,128,52,2,167,107,123,73,155,65,198,17,82,18,0,95,196,170,77,25,105,4,6,88,70,108,21,106,154,122,197,24,72,78,111,110,171,189,49,127,30,114,182,139,29,163,158,175,85,1,117,120,157,84,186,79,42,27,169,172,39,32,55,125,33,192,165,40,87,181,68,9,103,162,147,23,136,144,156,146,31,143,191,183,164,41,152,130,102,62,5,134,112,104,99,63,74,20,138,168,140,126,16,71,19,83,60,179,47,43,187,76,101,141,80,58,64,96,177,199,166,22,195,119,81,153,129,26,150,56,100,54,113,116,124,160,45,121];False
9210;6529;15739;[50,174,67,36,149,11,59,57,132,75,163,86,151,185,133,98,193,173,89,3,161,159,15,135,194,115,46,44,37,190,109,10,184,51,34,91,69,28,8,118,124,53,188,48,92,90,131,148,93,14,178,142,66,61,145,94,13,12,7,38,176,35,97,128,52,2,167,107,123,73,155,65,198,17,82,18,0,95,196,170,77,25,105,4,6,88,70,108,21,106,154,122,197,24,72,78,111,110,171,189,49,127,30,114,182,139,29,137,158,175,85,1,117,120,157,84,186,79,42,27,169,172,39,32,55,125,33,192,165,40,87,181,68,9,103,162,147,23,136,144,156,146,31,143,191,183,164,41,152,130,102,62,5,134,112,104,99,63,74,20,138,168,140,126,16,71,19,83,60,179,47,43,187,76,101,141,80,58,64,96,177,199,166,22,195,119,81,153,129,26,150,56,100,54,113,116,180,160,45,121];False
9378;6522;15900;[73,174,23,136,149,80,59,57,132,75,163,86,151,185,133,98,193,173,89,3,161,159,15,135,194,115,46,44,37,190,109,10,184,51,34,91,69,28,8,118,180,53,188,48,92,90,131,148,93,14,178,142,66,61,145,94,13,12,7,38,176,35,97,128,52,2,167,107,123,50,155,65,198,17,82,18,0,36,196,170,77,25,105,4,6,88,70,108,21,106,154,122,197,24,72,78,111,110,171,189,49,127,30,114,182,139,29,137,158,175,85,1,117,120,157,84,186,79,42,27,169,172,39,32,55,125,33,192,165,40,87,181,68,9,103,162,147,67,95,144,156,146,31,143,191,183,164,41,152,130,102,62,5,134,112,104,99,63,74,20,138,168,140,126,16,71,19,83,60,179,47,43,187,76,101,141,11,58,64,96,177,199,166,22,195,119,81,153,129,26,150,56,100,54,113,116,124,160,45,121];False
9449;6519;15968;[73,174,23,136,149,11,59,57,132,75,137,86,151,185,133,98,193,173,89,3,161,159,15,135,194,115,46,44,37,190,109,10,184,51,34,91,69,28,8,118,180,53,188,48,92,90,131,148,93,14,178,142,66,61,145,94,13,12,7,38,176,35,97,128,52,2,167,107,123,50,155,65,198,17,82,18,0,36,196,170,77,25,105,4,6,88,70,108,21,106,154,122,197,24,72,78,111,110,171,189,49,127,30,114,182,139,29,163,158,175,85,1,117,120,157,84,186,79,42,27,169,172,39,32,55,125,33,192,165,40,87,181,68,9,103,162,147,67,95,144,156,146,31,143,191,183,164,41,152,130,102,62,5,134,112,104,99,63,74,20,138,168,140,126,16,71,19,83,60,179,47,43,187,76,101,141,80,58,64,96,177,199,166,22,195,119,81,153,129,26,150,56,100,54,113,116,124,160,45,121];False
9363;6525;15888;[73,174,23,136,149,11,59,57,132,75,163,186,151,185,133,98,193,173,89,3,161,159,15,135,194,115,46,44,37,190,109,10,184,51,34,91,69,28,8,118,180,53,188,48,92,90,131,148,93,14,178,142,66,61,145,94,13,12,7,38,176,35,97,128,52,2,167,107,123,50,155,65,198,17,82,18,0,36,196,170,77,25,105,4,6,88,70,108,21,106,154,122,197,24,72,78,111,110,171,189,49,127,30,114,182,139,29,137,158,175,85,1,117,120,157,84,86,79,42,27,169,172,39,32,55,125,33,192,165,40,87,181,68,9,103,162,147,67,95,144,156,146,31,143,191,183,164,41,152,130,102,62,5,134,112,104,99,63,74,20,138,168,140,126,16,71,19,83,60,179,47,43,187,76,101,141,80,58,64,96,177,199,166,22,195,119,81,153,129,26,150,56,100,54,113,116,124,160,45,121];False
9354;6522;15876;[73,174,23,136,149,11,59,57,132,75,163,86,12,185,133,98,193,173,89,3,161,159,15,135,194,115,46,44,37,190,109,10,184,51,34,91,69,28,8,118,180,53,188,48,92,90,131,148,93,14,178,142,66,61,145,94,13,151,7,38,176,35,97,128,52,2,167,107,123,50,155,65,198,17,82,18,0,36,196,170,77,25,105,4,6,88,70,108,21,106,154,122,197,24,72,78,111,110,171,189,49,127,30,114,182,139,29,137,158,175,85,1,117,120,157,84,186,79,42,27,169,172,39,32,55,125,33,192,165,40,87,181,68,9,103,162,147,67,95,144,156,146,31,143,191,183,164,41,152,130,102,62,5,134,112,104,99,63,74,20,138,168,140,126,16,71,19,83,60,179,47,43,187,76,101,141,80,58,64,96,177,199,166,22,195,119,81,153,129,26,150,56,100,54,113,116,124,160,45,121];False
9328;6526;15854;[73,174,23,136,149,11,59,57,132,75,163,86,151,185,175,98,193,173,89,3,161,159,15,135,194,115,46,44,37,190,109,10,184,51,34,91,69,28,8,118,180,53,188,48,92,90,131,148,93,14,178,142,66,61,145,94,13,12,7,38,176,35,97,128,52,2,167,107,123,50,155,65,198,17,82,18,0,36,196,170,77,25,105,4,6,88,70,108,21,106,154,122,197,24,72,78,111,110,171,189,49,127,30,114,182,139,29,137,158,133,85,1,117,120,157,84,186,79,42,27,169,172,39,32,55,125,33,192,165,40,87,181,68,9,103,162,147,67,95,144,156,146,31,143,191,183,164,41,152,130,102,62,5,134,112,104,99,63,74,20,138,168,140,126,16,71,19,83,60,179,47,43,187,76,101,141,80,58,64,96,177,199,166,22,195,119,81,153,129,26,150,56,100,54,113,116,124,160,45,121];False
9334;6525;15859;[73,174,23,136,149,11,59,57,132,75,163,86,151,185,54,98,193,173,89,3,161,159,15,135,194,115,46,44,37,190,109,10,184,51,34,91,69,28,8,118,180,53,188,48,92,90,131,148,93,14,178,142,66,61,145,94,13,12,7,38,176,35,97,128,52,2,167,107,123,50,155,65,198,17,82,18,0,36,196,170,77,25,105,4,6,88,70,108,21,106,154,122,197,24,72,78,111,110,171,189,49,127,30,114,182,139,29,137,158,175,85,1,117,120,157,84,186,79,42,27,169,172,39,32,55,125,33,192,165,40,87,181,68,9,103,162,147,67,95,144,156,146,31,143,191,183,164,41,152,130,102,62,5,134,112,104,99,63,74,20,138,168,140,126,16,71,19,83,60,179,47,43,187,76,101,141,80,58,64,96,177,199,166,22,195,119,81,153,129,26,150,56,100,133,113,116,124,160,45,121];False
9345;6522;15867;[73,174,23,136,149,11,59,57,132,75,163,86,151,185,133,98,193,173,89,3,161,28,15,135,194,115,46,44,37,190,109,10,184,51,34,91,69,159,8,118,180,53,188,48,92,90,131,148,93,14,178,142,66,61,145,94,13,12,7,38,176,35,97,128,52,2,167,107,123,50,155,65,198,17,82,18,0,36,196,170,77,25,105,4,6,88,70,108,21,106,154,122,197,24,72,78,111,110,171,189,49,127,30,114,182,139,29,137,158,175,85,1,117,120,157,84,186,79,42,27,169,172,39,32,55,125,33,192,165,40,87,181,68,9,103,162,147,67,95,144,156,146,31,143,191,183,164,41,152,130,102,62,5,134,112,104,99,63,74,20,138,168,140,126,16,71,19,83,60,179,47,43,187,76,101,141,80,58,64,96,177,199,166,22,195,119,81,153,129,26,150,56,100,54,113,116,124,160,45,121];False
9321;6527;15848;[73,174,23,136,149,11,59,57,132,75,163,86,151,185,133,98,193,173,89,3,161,66,15,135,194,115,46,44,37,190,109,10,184,51,34,91,69,28,8,118,180,53,188,48,92,90,131,148,93,14,178,142,159,61,145,94,13,12,7,38,176,35,97,128,52,2,167,107,123,50,155,65,198,17,82,18,0,36,196,170,77,25,105,4,6,88,70,108,21,106,154,122,197,24,72,78,111,110,171,189,49,127,30,114,182,139,29,137,158,175,85,1,117,120,157,84,186,79,42,27,169,172,39,32,55,125,33,192,165,40,87,181,68,9,103,162,147,67,95,144,156,146,31,143,191,183,164,41,152,130,102,62,5,134,112,104,99,63,74,20,138,168,140,126,16,71,19,83,60,179,47,43,187,76,101,141,80,58,64,96,177,199,166,22,195,119,81,153,129,26,150,56,100,54,113,116,124,160,45,121];False
9265;6527;15792;[73,174,23,136,149,11,59,57,132,75,163,86,151,185,133,98,193,173,89,3,161,159,15,135,194,115,46,44,37,109,190,10,184,51,34,91,69,28,8,118,180,53,188,48,92,90,131,148,93,14,178,142,66,61,145,94,13,12,7,38,176,35,97,128,52,2,167,107,123,50,155,65,198,17,82,18,0,36,196,170,77,25,105,4,6,88,70,108,21,106,154,122,197,24,72,78,111,110,171,189,49,127,30,114,182,139,29,137,158,175,85,1,117,120,157,84,186,79,42,27,169,172,39,32,55,125,33,192,165,40,87,181,68,9,103,162,147,67,95,144,156,146,31,143,191,183,164,41,152,130,102,62,5,134,112,104,99,63,74,20,138,168,140,126,16,71,19,83,60,179,47,43,187,76,101,141,80,58,64,96,177,199,166,22,195,119,81,153,129,26,150,56,100,54,113,116,124,160,45,121];False
9220;6526;15746;[73,174,23,136,149,11,59,57,132,75,163,86,151,185,133,98,193,173,89,3,161,159,15,135,194,115,46,44,37,190,109,66,184,51,34,91,69,28,8,118,180,53,188,48,92,90,131,148,93,14,178,142,10,61,145,94,13,12,7,38,176,35,97,128,52,2,167,107,123,50,155,65,198,17,82,18,0,36,196,170,77,25,105,4,6,88,70,108,21,106,154,122,197,24,72,78,111,110,171,189,49,127,30,114,182,139,29,137,158,175,85,1,117,120,157,84,186,79,42,27,169,172,39,32,55,125,33,192,165,40,87,181,68,9,103,162,147,67,95,144,156,146,31,143,191,183,164,41,152,130,102,62,5,134,112,104,99,63,74,20,138,168,140,126,16,71,19,83,60,179,47,43,187,76,101,141,80,58,64,96,177,199,166,22,195,119,81,153,129,26,150,56,100,54,113,116,124,160,45,121];False
9327;6525;15852;[73,174,23,136,149,11,59,57,132,75,163,86,151,185,133,98,193,173,89,3,161,159,15,135,194,115,46,44,37,190,109,10,184,126,34,91,69,28,8,118,180,53,188,48,92,90,131,148,93,14,178,142,66,61,145,94,13,12,7,38,176,35,97,128,52,2,167,107,123,50,155,65,198,17,82,18,0,36,196,170,77,25,105,4,6,88,70,108,21,106,154,122,197,24,72,78,111,110,171,189,49,127,30,114,182,139,29,137,158,175,85,1,117,120,157,84,186,79,42,27,169,172,39,32,55,125,33,192,165,40,87,181,68,9,103,162,147,67,95,144,156,146,31,143,191,183,164,41,152,130,102,62,5,134,112,104,99,63,74,20,138,168,140,51,16,71,19,83,60,179,47,43,187,76,101,141,80,58,64,96,177,199,166,22,195,119,81,153,129,26,150,56,100,54,113,116,124,160,45,121];False
9335;6521;15856;[73,174,23,136,149,11,59,57,132,75,163,86,151,185,133,98,193,173,89,3,161,159,15,135,194,115,46,44,37,190,109,10,184,51,34,91,69,28,8,118,124,53,188,48,92,90,131,148,93,14,178,142,66,61,145,94,13,12,7,38,176,35,97,128,52,2,167,107,123,50,155,65,198,17,82,18,0,36,196,170,77,25,105,4,6,88,70,108,21,106,154,122,197,24,72,78,111,110,171,189,49,127,30,114,182,139,29,137,158,175,85,1,117,120,157,84,186,79,42,27,169,172,39,32,55,125,33,192,165,40,87,181,68,9,103,162,147,67,95,144,156,146,31,143,191,183,164,41,152,130,102,62,5,134,112,104,99,63,74,20,138,168,140,126,16,71,19,83,60,179,47,43,187,76,101,141,80,58,64,96,177,199,166,22,195,119,81,153,129,26,150,56,100,54,113,116,180,160,45,121];False
9500;6518;16018;[50,174,23,136,149,11,59,57,132,75,137,86,151,185,133,98,193,173,89,3,161,159,15,135,194,115,46,44,37,190,109,10,184,51,34,91,69,28,8,118,180,53,188,48,92,90,131,148,93,14,178,142,66,61,145,94,13,12,7,38,176,35,97,128,52,2,167,107,123,73,155,65,198,17,82,18,0,36,196,170,77,25,105,4,6,88,70,108,21,106,154,122,197,24,72,78,111,110,171,189,49,127,30,114,182,139,29,163,158,175,85,1,117,120,157,84,186,79,42,27,169,172,39,32,55,125,33,192,165,40,87,181,68,9,103,162,147,67,95,144,156,146,31,143,191,183,164,41,152,130,102,62,5,134,112,104,99,63,74,20,138,168,140,126,16,71,19,83,60,179,47,43,187,76,101,141,80,58,64,96,177,199,166,22,195,119,81,153,129,26,150,56,100,54,113,116,124,160,45,121];False
9271;6525;15796;[50,174,23,136,149,11,59,57,132,75,163,86,151,185,133,98,193,173,89,3,161,159,15,135,194,115,46,44,37,190,109,66,184,51,34,91,69,28,8,118,180,53,188,48,92,90,131,148,93,14,178,142,10,61,145,94,13,12,7,38,176,35,97,128,52,2,167,107,123,73,155,65,198,17,82,18,0,36,196,170,77,25,105,4,6,88,70,108,21,106,154,122,197,24,72,78,111,110,171,189,49,127,30,114,182,139,29,137,158,175,85,1,117,120,157,84,186,79,42,27,169,172,39,32,55,125,33,192,165,40,87,181,68,9,103,162,147,67,95,144,156,146,31,143,191,183,164,41,152,130,102,62,5,134,112,104,99,63,74,20,138,168,140,126,16,71,19,83,60,179,47,43,187,76,101,141,80,58,64,96,177,199,166,22,195,119,81,153,129,26,150,56,100,54,113,116,124,160,45,121];False
9386;6520;15906;[50,174,23,136,149,11,59,57,132,75,163,86,151,185,133,98,193,173,89,3,161,159,15,135,194,115,46,44,37,190,109,10,184,51,34,91,69,28,8,118,124,53,188,48,92,90,131,148,93,14,178,142,66,61,145,94,13,12,7,38,176,35,97,128,52,2,167,107,123,73,155,65,198,17,82,18,0,36,196,170,77,25,105,4,6,88,70,108,21,106,154,122,197,24,72,78,111,110,171,189,49,127,30,114,182,139,29,137,158,175,85,1,117,120,157,84,186,79,42,27,169,172,39,32,55,125,33,192,165,40,87,181,68,9,103,162,147,67,95,144,156,146,31,143,191,183,164,41,152,130,102,62,5,134,112,104,99,63,74,20,138,168,140,126,16,71,19,83,60,179,47,43,187,76,101,141,80,58,64,96,177,199,166,22,195,119,81,153,129,26,150,56,100,54,113,116,180,160,45,121];False
2025;7226;9251;[34,4,129,70,19,87,121,178,111,132,130,84,77,112,93,147,66,157,103,105,74,188,144,9,142,117,167,61,45,138,41,49,78,128,42,57,197,8,16,126,143,160,91,1,33,124,180,196,36,46,140,92,82,23,189,81,0,85,22,26,176,193,109,20,170,95,38,139,146,118,162,194,31,198,174,184,35,67,32,72,163,25,51,50,190,125,11,113,156,71,165,65,37,94,173,18,131,110,101,59,80,100,30,134,148,195,97,58,175,151,7,191,181,68,123,6,137,158,54,52,119,187,39,107,55,14,13,172,12,89,75,149,15,135,53,183,69,159,164,90,28,155,73,99,106,136,115,152,2,161,102,86,133,76,122,116,104,17,145,56,21,108,192,40,169,182,29,154,60,177,27,43,127,96,171,141,98,114,64,79,179,47,88,5,186,199,83,153,166,24,150,10,185,62,120,3,168,44,48,63];False
1980;7243;9223;[34,4,129,162,19,87,121,178,111,132,130,84,77,112,93,147,66,157,103,105,74,188,144,9,142,117,167,61,45,138,41,49,78,128,42,57,197,8,16,126,143,160,91,1,33,124,180,196,36,46,140,92,82,23,189,81,0,85,22,26,176,193,109,20,170,95,38,139,63,118,70,194,31,198,174,184,35,67,32,72,163,25,51,50,190,125,11,113,156,71,165,65,37,94,173,18,131,110,101,59,80,100,30,134,148,195,97,58,175,151,7,191,181,68,123,6,137,158,54,52,119,187,39,107,55,14,13,172,12,89,75,149,15,135,53,183,69,159,164,90,28,155,73,99,106,136,115,152,2,161,102,86,133,76,122,116,104,17,145,56,21,108,192,40,169,182,29,154,60,177,27,43,127,96,171,141,98,114,64,79,179,47,88,5,186,199,83,153,166,24,150,10,185,62,120,3,168,44,48,146];False
1930;7295;9225;[34,123,129,162,19,87,121,178,111,132,130,84,77,112,93,147,66,157,103,105,74,188,144,9,142,117,167,61,45,138,41,49,78,128,42,57,197,8,16,126,35,160,91,1,33,124,180,196,36,46,140,92,82,23,189,81,0,85,22,26,176,193,109,20,170,95,38,139,146,4,70,194,31,198,174,184,143,67,32,72,163,25,51,50,190,125,11,113,156,71,165,65,37,94,173,18,131,110,101,59,80,100,30,134,148,195,97,58,175,151,7,191,181,68,118,6,137,158,54,52,119,187,39,107,55,14,13,172,12,89,75,149,15,135,53,183,69,159,164,90,28,155,73,99,106,136,115,152,2,161,102,86,133,76,122,116,104,17,145,56,21,108,192,40,169,182,29,154,60,177,27,43,127,96,171,141,98,114,64,79,179,47,88,5,186,199,83,153,166,24,150,10,185,62,120,3,168,44,48,63];False
1940;7279;9219;[34,123,129,162,19,87,121,178,111,132,130,84,77,112,93,147,66,157,103,105,74,188,144,9,142,117,167,61,45,138,41,49,78,128,42,57,197,8,16,126,143,160,91,1,33,124,180,196,36,46,140,92,82,23,189,81,0,85,22,26,176,193,109,20,170,95,38,139,146,4,70,194,31,198,174,184,35,67,32,72,163,25,51,50,190,125,11,113,156,71,165,65,37,94,173,18,131,110,101,59,80,100,30,134,148,195,97,58,151,175,7,191,181,68,118,6,137,158,54,52,119,187,39,107,55,14,13,172,12,89,75,149,15,135,53,183,69,159,164,90,28,155,73,99,106,136,115,152,2,161,102,86,133,76,122,116,104,17,145,56,21,108,192,40,169,182,29,154,60,177,27,43,127,96,171,141,98,114,64,79,179,47,88,5,186,199,83,153,166,24,150,10,185,62,120,3,168,44,48,63];False
2092;7209;9301;[34,118,129,70,19,87,121,178,111,132,130,84,77,112,93,147,66,157,103,105,74,188,144,9,142,117,167,61,45,138,41,49,78,128,42,57,197,8,190,126,143,160,91,1,33,124,180,196,36,46,140,92,82,23,189,81,0,85,22,26,176,193,109,20,170,95,38,139,146,4,162,194,31,198,174,184,35,67,32,72,163,25,51,50,16,125,11,113,156,71,165,65,37,94,173,18,131,110,101,59,80,100,30,134,148,195,97,58,175,151,7,191,181,68,123,6,137,158,54,52,119,187,39,107,55,14,13,172,12,89,75,149,15,135,53,183,69,159,164,90,28,155,73,99,106,136,115,152,2,161,102,86,133,76,122,116,104,17,145,56,21,108,192,40,169,182,29,154,60,177,27,43,127,96,171,141,98,114,64,79,179,47,88,5,186,199,83,153,166,24,150,10,185,62,120,3,168,44,48,63];False
2001;7239;9240;[34,118,129,70,19,87,121,178,111,132,130,84,77,112,93,147,66,157,103,105,74,188,144,9,142,117,167,61,45,138,41,49,78,128,42,57,197,8,16,126,143,160,91,1,33,124,180,196,36,46,140,92,82,23,189,81,0,85,22,26,176,193,109,20,170,95,38,139,146,4,162,194,31,198,174,184,35,67,32,72,163,25,51,50,190,125,11,113,156,71,165,65,37,94,173,18,131,110,101,59,80,100,30,134,148,195,97,58,151,175,7,191,181,68,123,6,137,158,54,52,119,187,39,107,55,14,13,172,12,89,75,149,15,135,53,183,69,159,164,90,28,155,73,99,106,136,115,152,2,161,102,86,133,76,122,116,104,17,145,56,21,108,192,40,169,182,29,154,60,177,27,43,127,96,171,141,98,114,64,79,179,47,88,5,186,199,83,153,166,24,150,10,185,62,120,3,168,44,48,63];False
1944;7277;9221;[34,118,129,162,22,87,121,178,111,132,130,84,77,112,93,147,66,157,103,105,74,188,144,9,142,117,167,61,45,138,41,49,78,128,42,57,197,8,16,126,35,160,91,1,33,124,180,196,36,46,140,92,82,23,189,81,0,85,19,26,176,193,109,20,170,95,38,139,146,4,70,194,31,198,174,184,143,67,32,72,163,25,51,50,190,125,11,113,156,71,165,65,37,94,173,18,131,110,101,59,80,100,30,134,148,195,97,58,175,151,7,191,181,68,123,6,137,158,54,52,119,187,39,107,55,14,13,172,12,89,75,149,15,135,53,183,69,159,164,90,28,155,73,99,106,136,115,152,2,161,102,86,133,76,122,116,104,17,145,56,21,108,192,40,169,182,29,154,60,177,27,43,127,96,171,141,98,114,64,79,179,47,88,5,186,199,83,153,166,24,150,10,185,62,120,3,168,44,48,63];False
1954;7261;9215;[34,118,129,162,22,87,121,178,111,132,130,84,77,112,93,147,66,157,103,105,74,188,144,9,142,117,167,61,45,138,41,49,78,128,42,57,197,8,16,126,143,160,91,1,33,124,180,196,36,46,140,92,82,23,189,81,0,85,19,26,176,193,109,20,170,95,38,139,146,4,70,194,31,198,174,184,35,67,32,72,163,25,51,50,190,125,11,113,156,71,165,65,37,94,173,18,131,110,101,59,80,100,30,134,148,195,97,58,151,175,7,191,181,68,123,6,137,158,54,52,119,187,39,107,55,14,13,172,12,89,75,149,15,135,53,183,69,159,164,90,28,155,73,99,106,136,115,152,2,161,102,86,133,76,122,116,104,17,145,56,21,108,192,40,169,182,29,154,60,177,27,43,127,96,171,141,98,114,64,79,179,47,88,5,186,199,83,153,166,24,150,10,185,62,120,3,168,44,48,63];False
1934;7275;9209;[34,118,129,162,19,87,121,178,111,132,130,84,77,112,93,147,66,157,103,105,74,188,144,184,142,117,167,61,45,138,41,49,78,128,42,57,197,8,16,126,35,160,91,1,33,124,180,196,36,46,140,92,82,23,189,81,0,85,22,26,176,193,109,20,170,95,38,139,146,4,70,194,31,198,174,9,143,67,32,72,163,25,51,50,190,125,11,113,156,71,165,65,37,94,173,18,131,110,101,59,80,100,30,134,148,195,97,58,175,151,7,191,181,68,123,6,137,158,54,52,119,187,39,107,55,14,13,172,12,89,75,149,15,135,53,183,69,159,164,90,28,155,73,99,106,136,115,152,2,161,102,86,133,76,122,116,104,17,145,56,21,108,192,40,169,182,29,154,60,177,27,43,127,96,171,141,98,114,64,79,179,47,88,5,186,199,83,153,166,24,150,10,185,62,120,3,168,44,48,63];False
1947;7268;9215;[34,118,129,162,19,87,121,178,111,132,130,84,77,112,93,147,66,157,103,105,74,188,144,9,142,117,167,61,45,138,41,49,78,128,42,57,197,8,16,126,35,160,91,1,33,124,180,196,36,46,140,92,82,23,189,81,0,85,22,26,176,193,109,20,170,95,38,139,146,4,70,194,31,198,174,184,143,67,32,72,163,25,51,50,190,125,11,113,156,71,165,65,37,94,173,18,131,110,101,59,80,100,30,134,148,195,97,58,151,175,7,191,181,68,123,6,137,158,54,52,119,187,39,107,55,14,13,172,12,89,75,149,15,135,53,183,69,159,164,90,28,155,73,99,106,136,115,152,2,161,102,86,133,76,122,116,104,17,145,56,21,108,192,40,169,182,29,154,60,177,27,43,127,96,171,141,98,114,64,79,179,47,88,5,186,199,83,153,166,24,150,10,185,62,120,3,168,44,48,63];False
2083;7212;9295;[34,118,129,8,19,87,121,178,111,132,130,84,77,112,93,147,66,157,103,105,74,188,144,9,142,117,167,61,45,138,41,49,78,128,42,57,197,162,16,126,143,160,91,1,33,124,180,196,36,46,140,92,82,67,189,81,0,85,22,26,176,193,109,20,170,95,38,139,146,4,70,194,31,198,174,184,35,23,32,72,163,25,51,50,190,125,11,113,156,71,165,65,37,94,173,18,131,110,101,59,80,100,30,134,148,195,97,58,175,151,7,191,181,68,123,6,137,158,54,52,119,187,39,107,55,14,13,172,12,89,75,149,15,135,53,183,69,159,164,90,28,155,73,99,106,136,115,152,2,161,102,86,133,76,122,116,104,17,145,56,21,108,192,40,169,182,29,154,60,177,27,43,127,96,171,141,98,114,64,79,179,47,88,5,186,199,83,153,166,24,150,10,185,62,120,3,168,44,48,63];False
1977;7244;9221;[34,118,129,162,19,87,121,178,111,132,130,84,67,112,93,147,66,157,103,105,74,188,144,9,142,117,167,61,45,138,41,49,78,128,42,57,197,8,16,126,143,160,91,1,33,124,180,196,36,46,140,92,82,77,189,81,0,85,22,26,176,193,109,20,170,95,38,139,146,4,70,194,31,198,174,184,35,23,32,72,163,25,51,50,190,125,11,113,156,71,165,65,37,94,173,18,131,110,101,59,80,100,30,134,148,195,97,58,175,151,7,191,181,68,123,6,137,158,54,52,119,187,39,107,55,14,13,172,12,89,75,149,15,135,53,183,69,159,164,90,28,155,73,99,106,136,115,152,2,161,102,86,133,76,122,116,104,17,145,56,21,108,192,40,169,182,29,154,60,177,27,43,127,96,171,141,98,114,64,79,179,47,88,5,186,199,83,153,166,24,150,10,185,62,120,3,168,44,48,63];False
2015;7235;9250;[34,118,129,162,19,87,121,178,111,132,130,84,77,112,93,147,66,157,103,105,74,188,144,9,142,117,167,61,45,138,41,49,78,128,42,57,197,8,16,126,143,160,91,1,33,124,180,196,36,46,140,92,82,67,189,81,0,85,22,26,176,193,109,20,170,95,38,139,146,4,70,194,31,198,174,184,35,23,32,72,163,25,51,50,190,125,11,113,156,71,165,65,37,94,173,18,131,110,101,59,80,100,30,134,148,195,97,58,151,175,7,191,181,68,123,6,137,158,54,52,119,187,39,107,55,14,13,172,12,89,75,149,15,135,53,183,69,159,164,90,28,155,73,99,106,136,115,152,2,161,102,86,133,76,122,116,104,17,145,56,21,108,192,40,169,182,29,154,60,177,27,43,127,96,171,141,98,114,64,79,179,47,88,5,186,199,83,153,166,24,150,10,185,62,120,3,168,44,48,63];False
2048;7222;9270;[34,118,129,162,19,87,121,178,111,132,130,84,77,112,93,147,66,157,103,105,74,188,144,9,142,117,167,61,45,138,41,49,78,128,42,57,197,8,190,126,143,160,91,1,33,124,180,196,36,46,140,92,82,23,189,81,0,85,22,26,176,193,109,20,170,95,38,139,146,4,70,194,31,198,174,184,35,67,32,72,163,25,51,50,16,125,11,113,156,71,165,65,37,94,173,18,131,110,101,59,80,100,30,134,148,195,97,58,151,175,7,191,181,68,123,6,137,158,54,52,119,187,39,107,55,14,13,172,12,89,75,149,15,135,53,183,69,159,164,90,28,155,73,99,106,136,115,152,2,161,102,86,133,76,122,116,104,17,145,56,21,108,192,40,169,182,29,154,60,177,27,43,127,96,171,141,98,114,64,79,179,47,88,5,186,199,83,153,166,24,150,10,185,62,120,3,168,44,48,63];False
1914;7312;9226;[34,123,129,162,19,87,121,178,127,132,130,84,77,112,93,147,66,157,103,105,74,188,144,184,142,117,167,61,45,138,41,49,78,128,42,57,197,8,16,126,35,160,91,1,33,124,180,196,36,46,140,92,82,23,189,81,0,85,22,26,176,193,109,20,170,95,38,139,146,4,70,194,31,198,174,9,143,67,32,72,163,25,51,50,190,125,11,113,156,71,165,65,37,94,173,18,131,110,101,59,80,100,30,134,148,195,97,58,175,151,7,191,181,68,118,6,137,158,54,52,119,187,39,107,55,14,13,172,12,89,75,149,15,135,53,183,69,159,164,90,28,155,73,99,106,136,115,152,2,161,102,86,133,76,122,116,104,17,145,56,21,108,192,40,169,182,29,154,60,177,27,43,111,96,171,141,98,114,64,79,179,47,88,5,186,199,83,153,166,24,150,10,185,62,120,3,168,44,48,63];False
1927;7305;9232;[34,123,129,162,19,87,121,178,127,132,130,84,77,112,93,147,66,157,103,105,74,188,144,9,142,117,167,61,45,138,41,49,78,128,42,57,197,8,16,126,35,160,91,1,33,124,180,196,36,46,140,92,82,23,189,81,0,85,22,26,176,193,109,20,170,95,38,139,146,4,70,194,31,198,174,184,143,67,32,72,163,25,51,50,190,125,11,113,156,71,165,65,37,94,173,18,131,110,101,59,80,100,30,134,148,195,97,58,151,175,7,191,181,68,118,6,137,158,54,52,119,187,39,107,55,14,13,172,12,89,75,149,15,135,53,183,69,159,164,90,28,155,73,99,106,136,115,152,2,161,102,86,133,76,122,116,104,17,145,56,21,108,192,40,169,182,29,154,60,177,27,43,111,96,171,141,98,114,64,79,179,47,88,5,186,199,83,153,166,24,150,10,185,62,120,3,168,44,48,63];False
1896;7352;9248;[34,123,129,162,19,87,121,178,127,132,130,84,77,112,93,147,66,157,103,105,74,188,144,9,142,117,167,61,45,138,41,49,78,128,42,57,197,8,16,126,35,160,91,1,33,124,180,196,36,46,140,92,82,23,189,81,0,85,22,26,176,193,109,20,170,95,38,139,146,4,70,194,31,198,174,184,143,67,32,72,163,25,51,50,190,125,11,113,156,71,165,65,37,94,173,18,131,110,101,59,80,100,30,134,148,195,97,58,175,151,7,191,181,68,118,6,137,158,54,52,119,187,39,107,55,14,13,172,12,89,75,149,15,135,53,183,69,159,164,90,28,155,73,99,106,136,115,152,2,161,102,86,133,76,122,43,104,17,145,56,21,108,192,40,169,182,29,154,60,177,27,116,111,96,171,141,98,114,64,79,179,47,88,5,186,199,83,153,166,24,150,10,185,62,120,3,168,44,48,63];False
1895;7346;9241;[93,118,129,162,19,87,121,178,127,132,130,84,77,112,34,147,66,157,103,105,74,188,144,184,142,117,167,61,45,138,41,49,78,128,42,57,197,8,16,126,35,160,91,1,33,124,180,196,36,46,140,92,82,23,189,81,0,85,22,26,176,193,109,20,170,95,38,139,146,4,70,194,31,198,174,9,143,67,32,72,163,25,51,50,190,125,11,113,156,71,165,65,37,94,173,18,131,110,101,59,80,100,30,134,148,195,97,58,175,151,7,191,181,68,123,6,137,158,54,52,119,187,39,107,55,14,13,172,12,89,75,149,15,135,53,183,69,159,164,90,28,155,73,99,106,136,115,152,2,161,102,86,133,76,122,116,104,17,145,56,21,108,192,40,169,182,29,154,60,177,27,43,111,96,171,141,98,114,64,79,179,47,88,5,186,199,83,153,166,24,150,10,185,62,120,3,168,44,48,63];False
1928;7294;9222;[34,118,129,162,22,87,121,178,127,132,130,84,77,112,93,147,66,157,103,105,74,188,144,184,142,117,167,61,45,138,41,49,78,128,42,57,197,8,16,126,35,160,91,1,33,124,180,196,36,46,140,92,82,23,189,81,0,85,19,26,176,193,109,20,170,95,38,139,146,4,70,194,31,198,174,9,143,67,32,72,163,25,51,50,190,125,11,113,156,71,165,65,37,94,173,18,131,110,101,59,80,100,30,134,148,195,97,58,175,151,7,191,181,68,123,6,137,158,54,52,119,187,39,107,55,14,13,172,12,89,75,149,15,135,53,183,69,159,164,90,28,155,73,99,106,136,115,152,2,161,102,86,133,76,122,116,104,17,145,56,21,108,192,40,169,182,29,154,60,177,27,43,111,96,171,141,98,114,64,79,179,47,88,5,186,199,83,153,166,24,150,10,185,62,120,3,168,44,48,63];False
1931;7285;9216;[34,118,129,162,19,87,121,178,127,132,130,84,77,112,93,147,66,157,103,105,74,188,144,184,142,117,167,61,45,138,41,49,78,128,42,57,197,8,16,126,35,160,91,1,33,124,180,196,36,46,140,92,82,23,189,81,0,85,22,26,176,193,109,20,170,95,38,139,146,4,70,194,31,198,174,9,143,67,32,72,163,25,51,50,190,125,11,113,156,71,165,65,37,94,173,18,131,110,101,59,80,100,30,134,148,195,97,58,151,175,7,191,181,68,123,6,137,158,54,52,119,187,39,107,55,14,13,172,12,89,75,149,15,135,53,183,69,159,164,90,28,155,73,99,106,136,115,152,2,161,102,86,133,76,122,116,104,17,145,56,21,108,192,40,169,182,29,154,60,177,27,43,111,96,171,141,98,114,64,79,179,47,88,5,186,199,83,153,166,24,150,10,185,62,120,3,168,44,48,63];False
1900;7332;9232;[34,118,129,162,19,87,121,178,127,132,130,84,77,112,93,147,66,157,103,105,74,188,144,184,142,117,167,61,45,138,41,49,78,128,42,57,197,8,16,126,35,160,91,1,33,124,180,196,36,46,140,92,82,23,189,81,0,85,22,26,176,193,109,20,170,95,38,139,146,4,70,194,31,198,174,9,143,67,32,72,163,25,51,50,190,125,11,113,156,71,165,65,37,94,173,18,131,110,101,59,80,100,30,134,148,195,97,58,175,151,7,191,181,68,123,6,137,158,54,52,119,187,39,107,55,14,13,172,12,89,75,149,15,135,53,183,69,159,164,90,28,155,73,99,106,136,115,152,2,161,102,86,133,76,122,43,104,17,145,56,21,108,192,40,169,182,29,154,60,177,27,116,111,96,171,141,98,114,64,79,179,47,88,5,186,199,83,153,166,24,150,10,185,62,120,3,168,44,48,63];False
1913;7325;9238;[34,118,129,162,19,87,121,178,127,132,130,84,77,112,93,147,66,157,103,105,74,188,144,9,142,117,167,61,45,138,41,49,78,128,42,57,197,8,16,126,35,160,91,1,33,124,180,196,36,46,140,92,82,23,189,81,0,85,22,26,176,193,109,20,170,95,38,139,146,4,70,194,31,198,174,184,143,67,32,72,163,25,51,50,190,125,11,113,156,71,165,65,37,94,173,18,131,110,101,59,80,100,30,134,148,195,97,58,151,175,7,191,181,68,123,6,137,158,54,52,119,187,39,107,55,14,13,172,12,89,75,149,15,135,53,183,69,159,164,90,28,155,73,99,106,136,115,152,2,161,102,86,133,76,122,43,104,17,145,56,21,108,192,40,169,182,29,154,60,177,27,116,111,96,171,141,98,114,64,79,179,47,88,5,186,199,83,153,166,24,150,10,185,62,120,3,168,44,48,63];False
1906;7330;9236;[136,118,129,162,19,87,121,178,111,132,130,84,77,112,34,147,66,157,103,105,74,188,144,9,142,117,167,61,45,138,41,49,78,128,42,57,197,8,16,126,143,160,91,1,33,124,180,196,36,46,140,92,82,23,189,81,0,85,22,26,176,193,109,20,170,95,38,139,146,4,70,194,31,198,174,184,35,67,32,72,163,25,51,50,190,125,11,113,156,71,165,65,37,94,173,18,131,110,101,59,80,100,30,134,148,195,97,58,151,175,7,191,181,68,123,6,137,158,54,52,119,187,39,107,55,14,13,172,12,89,75,149,15,135,53,183,69,159,164,90,28,155,73,99,106,93,115,152,2,161,102,86,133,76,122,116,104,17,145,56,21,108,192,40,169,182,29,154,60,177,27,43,127,96,171,141,98,114,64,79,179,47,88,5,186,199,83,153,166,24,150,10,185,62,120,3,168,44,48,63];False
1865;7408;9273;[136,118,129,162,19,87,121,178,111,132,130,84,77,112,34,147,66,157,103,105,74,188,144,9,142,117,167,61,45,138,41,49,78,128,42,57,197,8,16,126,143,160,91,1,33,124,180,196,36,46,140,92,82,23,189,81,0,85,22,26,176,193,109,20,170,95,38,139,146,4,70,194,31,198,174,184,35,67,32,72,163,25,51,50,190,125,11,113,156,71,165,65,37,94,173,18,131,110,101,59,80,100,30,134,148,195,97,58,175,151,7,191,181,68,123,6,137,158,54,52,119,187,39,107,55,14,13,172,12,89,75,149,15,135,53,183,69,159,164,90,28,155,73,99,106,93,115,152,2,161,102,86,133,76,122,116,104,17,145,56,21,108,192,40,169,127,29,154,60,177,27,43,182,96,171,141,98,114,64,79,179,47,88,5,186,199,83,153,166,24,150,10,185,62,120,3,168,44,48,63];False
1890;7365;9255;[136,118,129,162,22,87,121,178,127,132,130,84,77,112,34,147,66,157,103,105,74,188,144,9,142,117,167,61,45,138,41,49,78,128,42,57,197,8,16,126,35,160,91,1,33,124,180,196,36,46,140,92,82,23,189,81,0,85,19,26,176,193,109,20,170,95,38,139,146,4,70,194,31,198,174,184,143,67,32,72,163,25,51,50,190,125,11,113,156,71,165,65,37,94,173,18,131,110,101,59,80,100,30,134,148,195,97,58,175,151,7,191,181,68,123,6,137,158,54,52,119,187,39,107,55,14,13,172,12,89,75,149,15,135,53,183,69,159,164,90,28,155,73,99,106,93,115,152,2,161,102,86,133,76,122,116,104,17,145,56,21,108,192,40,169,182,29,154,60,177,27,43,111,96,171,141,98,114,64,79,179,47,88,5,186,199,83,153,166,24,150,10,185,62,120,3,168,44,48,63];False
1880;7363;9243;[136,118,129,162,19,87,121,178,127,132,130,84,77,112,34,147,66,157,103,105,74,188,144,184,142,117,167,61,45,138,41,49,78,128,42,57,197,8,16,126,35,160,91,1,33,124,180,196,36,46,140,92,82,23,189,81,0,85,22,26,176,193,109,20,170,95,38,139,146,4,70,194,31,198,174,9,143,67,32,72,163,25,51,50,190,125,11,113,156,71,165,65,37,94,173,18,131,110,101,59,80,100,30,134,148,195,97,58,175,151,7,191,181,68,123,6,137,158,54,52,119,187,39,107,55,14,13,172,12,89,75,149,15,135,53,183,69,159,164,90,28,155,73,99,106,93,115,152,2,161,102,86,133,76,122,116,104,17,145,56,21,108,192,40,169,182,29,154,60,177,27,43,111,96,171,141,98,114,64,79,179,47,88,5,186,199,83,153,166,24,150,10,185,62,120,3,168,44,48,63];False
1893;7356;9249;[136,118,129,162,19,87,121,178,127,132,130,84,77,112,34,147,66,157,103,105,74,188,144,9,142,117,167,61,45,138,41,49,78,128,42,57,197,8,16,126,35,160,91,1,33,124,180,196,36,46,140,92,82,23,189,81,0,85,22,26,176,193,109,20,170,95,38,139,146,4,70,194,31,198,174,184,143,67,32,72,163,25,51,50,190,125,11,113,156,71,165,65,37,94,173,18,131,110,101,59,80,100,30,134,148,195,97,58,151,175,7,191,181,68,123,6,137,158,54,52,119,187,39,107,55,14,13,172,12,89,75,149,15,135,53,183,69,159,164,90,28,155,73,99,106,93,115,152,2,161,102,86,133,76,122,116,104,17,145,56,21,108,192,40,169,182,29,154,60,177,27,43,111,96,171,141,98,114,64,79,179,47,88,5,186,199,83,153,166,24,150,10,185,62,120,3,168,44,48,63];False
1862;7403;9265;[136,118,129,162,19,87,121,178,127,132,130,84,77,112,34,147,66,157,103,105,74,188,144,9,142,117,167,61,45,138,41,49,78,128,42,57,197,8,16,126,35,160,91,1,33,124,180,196,36,46,140,92,82,23,189,81,0,85,22,26,176,193,109,20,170,95,38,139,146,4,70,194,31,198,174,184,143,67,32,72,163,25,51,50,190,125,11,113,156,71,165,65,37,94,173,18,131,110,101,59,80,100,30,134,148,195,97,58,175,151,7,191,181,68,123,6,137,158,54,52,119,187,39,107,55,14,13,172,12,89,75,149,15,135,53,183,69,159,164,90,28,155,73,99,106,93,115,152,2,161,102,86,133,76,122,43,104,17,145,56,21,108,192,40,169,182,29,154,60,177,27,116,111,96,171,141,98,114,64,79,179,47,88,5,186,199,83,153,166,24,150,10,185,62,120,3,168,44,48,63];False
1869;7396;9265;[136,118,129,162,22,87,121,178,127,132,130,84,77,112,34,147,66,157,103,105,74,188,144,9,142,117,167,61,45,138,41,49,78,128,42,57,197,8,16,126,143,160,91,1,33,124,180,196,36,46,140,92,82,23,189,81,0,85,19,26,176,193,109,20,170,95,38,139,146,4,70,194,31,198,174,184,35,67,32,72,163,25,51,50,190,125,11,113,156,71,165,65,37,94,173,18,131,110,101,59,80,100,30,134,148,195,97,58,175,151,7,191,181,68,123,6,137,158,54,52,119,187,39,107,55,14,13,172,12,89,75,149,15,135,53,183,69,159,164,90,28,155,73,99,106,93,115,152,2,161,102,86,133,76,122,43,104,17,145,56,21,108,192,40,169,182,29,154,60,177,27,116,111,96,171,141,98,114,64,79,179,47,88,5,186,199,83,153,166,24,150,10,185,62,120,3,168,44,48,63];False
1846;7445;9291;[136,118,129,162,19,87,121,178,127,132,130,84,77,112,34,147,66,157,103,105,74,188,144,9,24,117,167,61,45,138,41,49,78,128,42,57,197,8,16,126,143,160,91,1,33,124,180,196,36,46,140,92,82,23,189,81,0,85,22,26,176,193,109,20,170,95,38,139,146,4,70,194,31,198,174,184,35,67,32,72,163,25,51,50,190,125,11,113,156,71,165,65,37,94,173,18,131,110,101,59,80,100,30,134,148,195,97,58,175,151,7,191,181,68,123,6,137,158,54,52,119,187,39,107,55,14,13,172,12,89,75,149,15,135,53,183,69,159,164,90,28,155,73,99,106,93,115,152,2,161,102,86,133,76,122,43,104,17,145,56,21,108,192,40,169,182,29,154,60,177,27,116,111,96,171,141,98,114,64,79,179,47,88,5,186,199,83,153,166,142,150,10,185,62,120,3,168,44,48,63];False
1845;7449;9294;[136,118,129,162,19,87,121,178,127,132,130,84,77,112,34,147,66,157,103,105,74,188,144,9,142,117,167,61,45,138,41,49,78,128,42,57,197,8,16,126,143,160,91,1,33,124,180,196,36,46,140,92,82,23,189,81,0,85,22,26,176,193,109,20,170,95,38,139,146,4,70,194,31,198,174,184,35,67,32,72,163,25,51,50,190,125,11,113,156,71,165,65,37,94,173,18,131,149,101,59,80,100,30,134,148,195,97,58,175,151,7,191,181,68,123,6,137,158,54,52,119,187,39,107,55,14,13,172,12,89,75,110,15,135,53,183,69,159,164,90,28,155,73,99,106,93,115,152,2,161,102,86,133,76,122,43,104,17,145,56,21,108,192,40,169,182,29,154,60,177,27,116,111,96,171,141,98,114,64,79,179,47,88,5,186,199,83,153,166,24,150,10,185,62,120,3,168,44,48,63];False
1872;7387;9259;[136,118,129,162,19,87,121,178,127,132,130,84,77,112,34,147,66,157,103,105,74,188,144,9,142,117,167,61,45,138,41,49,78,128,42,57,197,8,16,126,143,160,91,1,33,124,180,196,36,46,140,92,82,23,189,81,0,85,22,26,176,193,109,20,170,95,38,139,146,4,70,194,31,198,174,184,35,67,32,72,163,25,51,50,190,125,11,113,156,71,165,65,37,94,173,18,131,110,101,59,80,100,30,134,148,195,97,58,151,175,7,191,181,68,123,6,137,158,54,52,119,187,39,107,55,14,13,172,12,89,75,149,15,135,53,183,69,159,164,90,28,155,73,99,106,93,115,152,2,161,102,86,133,76,122,43,104,17,145,56,21,108,192,40,169,182,29,154,60,177,27,116,111,96,171,141,98,114,64,79,179,47,88,5,186,199,83,153,166,24,150,10,185,62,120,3,168,44,48,63];False
1854;7431;9285;[136,118,129,162,19,87,121,178,127,132,130,84,77,112,34,147,66,157,103,105,74,188,144,9,142,117,167,61,45,138,41,49,78,128,42,57,197,8,16,126,143,160,91,1,33,124,180,196,36,46,140,92,82,23,189,81,0,85,22,26,176,193,109,20,170,95,38,139,146,4,70,194,31,198,174,184,35,67,32,72,163,25,51,50,190,125,11,113,156,71,165,65,37,94,173,18,131,110,101,59,80,100,30,134,148,195,97,58,175,151,7,191,181,68,123,6,137,158,54,52,119,187,39,107,55,14,13,172,12,89,75,149,15,108,53,183,69,159,164,90,28,155,73,99,106,93,115,152,2,161,102,86,133,76,122,43,104,17,145,56,21,135,192,40,169,182,29,154,60,177,27,116,111,96,171,141,98,114,64,79,179,47,88,5,186,199,83,153,166,24,150,10,185,62,120,3,168,44,48,63];False
1858;7427;9285;[136,118,129,162,19,87,121,178,127,132,130,84,77,112,34,147,66,157,103,105,74,188,144,9,142,117,167,61,45,138,41,49,78,128,42,57,197,8,16,126,143,160,91,1,33,124,180,196,36,46,140,92,82,23,189,81,0,85,22,26,176,193,109,20,170,95,38,139,146,4,70,194,31,198,174,184,35,67,32,72,163,25,51,50,190,125,11,113,156,71,165,65,37,94,173,18,131,110,101,59,80,100,30,134,148,195,97,58,175,151,7,191,181,68,123,6,137,158,54,52,119,187,39,107,55,14,13,172,12,89,75,149,15,135,53,183,69,159,164,90,28,155,73,99,106,93,115,152,2,161,102,86,133,153,122,43,104,17,145,56,21,108,192,40,169,182,29,154,60,177,27,116,111,96,171,141,98,114,64,79,179,47,88,5,186,199,83,76,166,24,150,10,185,62,120,3,168,44,48,63];False
2080;7207;9287;[73,6,129,70,19,87,121,178,111,132,130,84,77,112,93,147,66,157,103,105,74,188,144,31,142,117,167,61,45,138,41,49,78,128,42,57,197,126,20,146,118,160,91,1,33,124,180,196,36,46,140,92,143,23,189,81,0,85,22,26,176,193,109,190,170,95,38,139,9,28,162,194,34,198,174,184,35,67,32,72,163,25,51,8,16,125,11,113,156,71,165,65,37,94,173,18,131,110,101,59,80,100,30,134,148,195,97,58,175,151,7,191,181,68,123,82,137,158,54,52,119,187,39,107,55,14,13,172,12,89,75,149,15,135,53,183,69,159,164,90,4,155,50,99,106,136,115,152,2,161,102,86,133,76,122,116,104,17,145,56,21,108,192,40,169,182,29,154,60,177,27,43,127,96,171,141,98,114,64,79,179,47,88,5,186,199,83,153,166,24,150,10,185,62,120,3,168,44,48,63];False
2120;7187;9307;[73,6,129,70,19,87,121,178,111,132,130,84,77,112,93,147,66,157,103,105,74,188,144,31,142,117,167,61,45,138,41,49,78,128,42,57,197,126,20,146,118,160,91,1,33,124,180,196,36,46,140,92,143,23,189,81,0,85,22,26,176,193,109,190,170,95,38,139,9,4,162,145,34,198,174,184,35,67,32,72,163,25,51,8,16,125,11,113,156,71,165,65,37,94,173,18,131,110,101,59,80,100,30,134,148,195,97,58,175,151,7,191,181,68,123,82,137,158,54,52,119,187,39,107,55,14,13,172,12,89,75,149,15,135,53,183,69,159,164,90,28,155,50,99,106,136,115,152,2,161,102,86,133,76,122,116,104,17,194,56,21,108,192,40,169,182,29,154,60,177,27,43,127,96,171,141,98,114,64,79,179,47,88,5,186,199,83,153,166,24,150,10,185,62,120,3,168,44,48,63];False
2092;7206;9298;[73,6,129,70,19,87,121,178,111,132,130,84,77,112,93,147,66,157,103,105,74,188,144,31,142,117,167,61,45,138,41,49,78,128,42,57,197,126,20,146,118,160,91,1,33,124,180,196,36,46,140,92,143,23,189,81,0,85,22,26,176,193,109,190,170,95,38,139,9,4,162,194,34,198,174,184,35,67,32,72,163,25,51,8,16,125,11,113,156,71,165,65,37,94,173,18,131,110,101,59,80,100,30,134,148,195,97,58,151,175,7,191,181,68,123,82,137,158,54,52,119,187,39,107,55,14,13,172,12,89,75,149,15,135,53,183,69,159,164,90,28,155,50,99,106,136,115,152,2,161,102,86,133,76,122,116,104,17,145,56,21,108,192,40,169,182,29,154,60,177,27,43,127,96,171,141,98,114,64,79,179,47,88,5,186,199,83,153,166,24,150,10,185,62,120,3,168,44,48,63];False
2071;7204;9275;[73,6,129,162,19,87,121,178,111,132,130,84,77,112,93,147,66,157,103,105,74,188,144,31,142,117,167,61,45,138,41,49,78,128,42,57,197,126,20,146,118,160,91,1,33,124,180,196,36,46,140,92,143,23,189,81,0,85,22,26,176,193,109,190,170,95,38,139,9,4,136,145,34,198,174,184,35,67,32,72,163,25,51,8,16,125,11,113,156,71,165,65,37,94,173,18,131,110,101,59,80,100,30,134,148,195,97,58,175,151,7,191,181,68,123,82,137,158,54,52,119,187,39,107,55,14,13,172,12,89,75,149,15,135,53,183,69,159,164,90,28,155,50,99,106,70,115,152,2,161,102,86,133,76,122,116,104,17,194,56,21,108,192,40,169,182,29,154,60,177,27,43,127,96,171,141,98,114,64,79,179,47,88,5,186,199,83,153,166,24,150,10,185,62,120,3,168,44,48,63];False
1828;7505;9333;[13,172,132,22,26,178,147,3,2,130,84,117,77,112,106,24,66,157,103,105,74,188,93,118,10,0,101,61,45,138,41,49,78,128,42,57,37,121,162,126,143,160,91,1,33,14,94,196,36,182,140,92,82,23,189,81,87,85,104,46,146,193,136,144,170,95,38,139,19,20,51,149,34,194,180,123,90,111,32,72,163,25,70,65,16,190,11,113,156,71,165,184,31,8,173,18,131,110,167,59,80,100,30,134,148,195,97,137,175,151,7,191,181,68,198,142,58,158,54,52,119,187,39,107,55,124,176,67,12,89,75,129,15,135,53,183,69,159,164,9,28,155,73,99,109,50,115,152,35,161,102,86,133,76,122,116,44,125,145,56,21,108,192,40,169,4,29,154,60,177,27,43,127,96,171,141,98,114,64,79,179,47,88,5,186,199,83,153,166,174,150,6,185,62,120,197,168,17,48,63];False
1831;7502;9333;[13,172,12,22,26,178,147,3,2,130,132,117,77,112,106,24,66,157,103,105,74,188,93,118,10,0,101,61,45,138,41,49,78,128,42,57,37,121,162,126,143,160,91,1,33,14,94,196,36,182,140,92,82,23,189,81,87,85,104,46,146,193,136,144,170,95,38,139,19,20,51,149,34,194,180,123,90,111,32,72,163,25,70,65,16,190,11,113,156,71,165,184,31,8,173,18,131,110,167,59,80,100,30,134,148,195,97,137,175,151,7,191,181,68,198,142,58,158,54,52,119,187,39,107,55,124,176,67,84,89,75,129,15,135,53,183,69,159,164,9,28,155,73,99,109,50,115,152,35,161,102,86,133,76,122,116,44,125,145,56,21,108,192,40,169,4,29,154,60,177,27,43,127,96,171,141,98,114,64,79,179,47,88,5,186,199,83,153,166,174,150,6,185,62,120,197,168,17,48,63];False
1819;7515;9334;[13,172,12,22,26,178,147,3,2,130,84,117,77,112,106,24,66,157,103,105,74,188,93,118,10,0,101,61,45,138,41,49,78,128,42,57,37,121,162,126,143,160,91,1,33,14,94,196,36,182,140,92,82,23,189,81,87,85,104,46,146,193,136,144,170,95,38,139,19,20,51,149,34,194,180,123,90,111,32,72,163,25,70,65,16,190,125,113,156,71,165,184,31,8,173,18,131,110,167,59,80,100,30,134,148,195,97,137,175,151,7,191,181,68,198,142,58,158,54,52,119,187,39,107,55,124,176,67,132,89,75,129,15,135,53,183,69,159,164,9,28,155,73,99,109,50,115,152,35,161,102,86,133,76,122,116,44,11,145,56,21,108,192,40,169,4,29,154,60,177,27,43,127,96,171,141,98,114,64,79,179,47,88,5,186,199,83,153,166,174,150,6,185,62,120,197,168,17,48,63];False
1826;7499;9325;[13,172,12,22,26,178,147,3,2,130,84,117,77,112,106,24,66,157,103,105,74,188,93,118,10,0,101,61,45,138,41,49,78,128,42,57,37,121,162,126,143,160,91,1,33,14,94,196,36,182,140,92,82,23,189,81,87,85,104,46,146,193,136,144,170,95,38,139,19,20,51,149,34,194,180,123,90,111,32,72,163,25,70,65,16,190,11,113,156,71,165,184,31,8,173,18,131,110,167,59,80,100,30,134,148,195,97,137,175,151,7,191,181,68,198,142,58,158,54,52,119,187,39,107,55,124,176,67,132,89,75,129,15,135,53,183,69,159,164,9,28,155,73,99,109,50,115,152,35,161,102,86,133,76,122,116,17,125,145,56,21,108,192,40,169,4,29,154,60,177,27,43,127,96,171,141,98,114,64,79,179,47,88,5,186,199,83,153,166,174,150,6,185,62,120,197,168,44,48,63];False
2166;7149;9315;[34,4,121,162,147,67,32,138,172,12,130,84,77,112,93,184,66,157,103,105,74,188,144,31,142,117,167,61,45,22,41,49,78,128,42,57,197,146,118,126,143,160,91,1,33,124,180,196,36,46,140,92,82,23,189,81,0,85,19,26,176,193,109,190,170,95,38,139,65,20,70,194,51,198,174,178,9,6,129,2,163,25,50,8,16,125,11,113,156,71,165,87,37,94,173,18,131,110,101,59,80,100,30,134,148,195,97,58,175,151,7,191,181,68,123,72,137,158,54,52,119,187,39,107,55,14,13,111,132,89,75,149,15,135,53,183,69,159,164,90,28,155,73,99,106,136,115,152,35,161,102,86,133,76,122,116,104,17,145,56,21,108,192,40,169,182,29,154,60,177,27,43,127,96,171,141,98,114,64,79,179,47,88,5,186,199,83,153,166,24,150,10,185,62,120,3,168,44,48,63];False
2155;7182;9337;[51,4,121,162,147,67,32,138,172,12,130,84,77,112,93,184,66,157,103,105,74,188,144,31,142,117,167,61,45,22,41,49,78,128,42,57,197,146,118,126,143,160,91,1,33,124,180,196,36,46,140,92,82,23,189,81,0,85,19,26,176,193,109,190,170,95,38,139,65,20,70,194,34,198,174,178,9,6,129,2,163,25,50,8,16,125,11,113,156,71,165,87,37,94,173,18,131,110,101,59,80,100,30,134,148,195,97,58,151,175,7,191,181,68,123,72,137,158,54,52,119,187,39,107,55,14,13,111,132,89,75,149,15,135,53,183,69,159,164,90,28,155,73,99,106,136,115,152,35,161,102,86,133,76,122,116,104,17,145,56,21,108,192,40,169,182,29,154,60,177,27,43,127,96,171,141,98,114,64,79,179,47,88,5,186,199,83,153,166,24,150,10,185,62,120,3,168,44,48,63];False
2197;7139;9336;[50,4,121,162,147,67,32,91,172,12,130,84,77,112,93,184,66,157,103,105,74,188,144,31,142,117,167,61,45,22,41,49,78,128,42,57,197,146,118,126,143,160,138,1,33,124,180,196,36,46,140,92,82,23,189,81,0,85,19,26,176,193,109,190,170,95,38,139,65,20,70,194,34,198,174,178,9,6,129,2,163,25,51,8,16,125,11,113,156,71,165,87,37,94,173,18,131,110,101,59,80,100,30,134,148,195,97,58,151,175,7,191,181,68,123,72,137,158,54,52,119,187,39,107,55,14,13,111,132,89,75,149,15,135,53,183,69,159,164,90,28,155,73,99,106,136,115,152,35,161,102,86,133,76,122,116,104,17,145,56,21,108,192,40,169,182,29,154,60,177,27,43,127,96,171,141,98,114,64,79,179,47,88,5,186,199,83,153,166,24,150,10,185,62,120,3,168,44,48,63];False
2198;7137;9335;[50,4,121,162,147,67,32,138,172,12,130,84,77,112,93,184,66,157,103,105,74,188,144,31,142,117,167,61,45,22,41,49,78,128,42,57,197,146,118,126,143,160,91,1,33,124,180,196,36,46,140,92,82,23,189,81,0,85,19,26,176,193,109,190,170,95,38,139,65,20,70,194,34,198,174,178,9,6,129,2,163,25,51,8,16,125,11,113,156,71,165,87,37,94,173,18,86,110,101,59,80,100,30,134,148,195,97,58,175,151,7,191,181,68,123,72,131,158,54,52,119,187,39,107,55,14,13,111,132,89,75,149,15,135,53,183,69,159,164,90,28,155,73,99,106,136,115,152,35,161,102,137,133,76,122,116,104,17,145,56,21,108,192,40,169,182,29,154,60,177,27,43,127,96,171,141,98,114,64,79,179,47,88,5,186,199,83,153,166,24,150,10,185,62,120,3,168,44,48,63];False
2176;7147;9323;[50,4,121,162,147,67,32,138,172,12,130,84,77,112,93,184,66,157,103,105,74,188,144,31,142,117,167,61,45,22,41,49,78,128,42,57,197,146,118,126,143,160,91,1,33,124,180,196,36,46,140,92,82,23,189,81,0,85,19,26,176,193,109,190,170,95,38,139,65,20,70,194,34,198,174,178,9,6,129,2,163,25,51,8,16,125,11,113,156,71,165,87,37,94,173,18,137,175,101,59,80,100,30,134,148,195,97,58,110,151,7,191,181,68,123,72,131,158,54,52,119,187,39,107,55,14,13,111,132,89,75,149,15,135,53,183,69,159,164,90,28,155,73,99,106,136,115,152,35,161,102,86,133,76,122,116,104,17,145,56,21,108,192,40,169,182,29,154,60,177,27,43,127,96,171,141,98,114,64,79,179,47,88,5,186,199,83,153,166,24,150,10,185,62,120,3,168,44,48,63];False
2191;7145;9336;[50,4,121,162,147,67,32,138,172,12,130,84,77,112,93,184,66,157,103,105,74,188,144,31,142,117,167,61,45,22,41,49,78,128,42,57,197,146,118,126,143,160,91,1,33,124,180,196,36,46,140,92,82,23,189,81,0,85,19,26,176,193,109,190,170,95,38,139,65,20,70,194,34,198,174,178,9,6,129,2,163,25,51,8,16,125,11,113,156,71,165,87,37,94,173,18,137,110,101,59,80,100,30,134,148,195,97,58,151,175,7,191,181,68,123,72,131,158,54,52,119,187,39,107,55,14,13,111,132,89,75,149,15,135,53,183,69,159,164,90,28,155,73,99,106,136,115,152,35,161,102,86,133,76,122,116,104,17,145,56,21,108,192,40,169,182,29,154,60,177,27,43,127,96,171,141,98,114,64,79,179,47,88,5,186,199,83,153,166,24,150,10,185,62,120,3,168,44,48,63];False
2163;7154;9317;[34,4,121,162,147,67,32,138,172,12,130,84,77,112,93,184,66,157,103,105,74,188,144,31,142,117,167,61,45,65,41,49,78,128,42,57,197,146,118,126,143,160,91,1,33,124,180,196,36,46,140,92,82,23,189,81,0,85,22,26,176,193,109,190,170,95,38,139,19,20,70,194,51,198,174,178,9,6,129,2,163,25,50,8,16,125,11,113,156,71,165,87,37,94,173,18,131,110,101,59,80,100,30,134,148,195,97,58,175,151,7,191,181,68,123,72,137,158,54,52,119,187,39,107,55,14,13,111,132,89,75,149,15,135,53,183,69,159,164,90,28,155,73,99,106,136,115,152,35,161,102,86,133,76,122,116,104,17,145,56,21,108,192,40,169,182,29,154,60,177,27,43,127,96,171,141,98,114,64,79,179,47,88,5,186,199,83,153,166,24,150,10,185,62,120,3,168,44,48,63];False
1821;7510;9331;[13,172,12,22,26,178,147,3,2,130,84,117,77,112,106,24,66,157,103,105,74,188,93,118,10,110,167,61,45,138,41,49,78,128,42,57,37,121,162,126,143,160,91,1,33,14,94,196,36,182,140,92,82,23,189,81,87,85,104,46,146,193,136,144,170,95,38,139,19,20,51,149,34,194,180,123,90,67,32,72,163,25,70,65,16,190,11,113,156,71,165,184,31,8,173,18,131,0,101,59,80,100,30,134,148,195,97,137,175,151,7,191,181,68,198,142,58,158,54,52,29,187,39,107,55,124,176,111,132,89,75,4,15,135,53,183,69,159,164,9,28,155,73,99,109,50,115,152,35,161,102,86,133,76,122,116,44,125,145,56,21,108,192,40,169,129,119,154,60,177,27,43,127,96,171,141,98,114,64,79,179,47,88,5,186,199,83,153,166,174,150,6,185,62,120,197,168,17,48,63];False
1827;7486;9313;[13,172,12,22,26,178,147,3,2,130,84,117,77,112,106,24,66,157,103,105,74,188,93,118,10,0,167,61,45,138,41,49,78,128,42,57,37,121,162,126,143,160,91,1,33,14,94,196,36,182,140,92,82,23,189,81,87,85,104,46,146,193,136,144,170,95,38,139,19,20,51,149,34,194,180,123,90,111,32,72,163,25,70,65,16,190,11,113,156,71,165,184,31,8,173,18,131,110,101,59,80,100,30,134,148,195,97,137,175,151,7,191,181,68,198,142,58,158,54,52,29,187,39,107,55,124,176,67,132,89,75,4,15,135,53,183,69,159,164,9,28,155,73,99,109,50,115,152,35,161,102,86,133,76,122,116,44,125,145,56,21,108,192,40,169,129,119,154,60,177,27,43,127,96,171,141,98,114,64,79,179,47,88,5,186,199,83,153,166,174,150,6,185,62,120,197,168,17,48,63];False
1823;7501;9324;[13,172,12,22,26,178,147,3,2,130,84,117,77,112,106,24,66,157,103,105,74,188,93,118,10,0,167,61,45,138,41,49,78,128,42,57,37,121,162,126,143,160,91,1,33,14,94,196,36,182,140,92,82,23,189,81,87,85,104,46,146,193,136,144,170,95,38,139,19,20,51,149,34,194,180,123,90,67,32,72,163,25,70,65,16,190,125,113,156,71,165,184,31,8,173,18,131,110,101,59,80,100,30,134,148,195,97,137,175,151,7,191,181,68,198,142,58,158,54,52,29,187,39,107,55,124,176,111,132,89,75,4,15,135,53,183,69,159,164,9,28,155,73,99,109,50,115,152,35,161,102,86,133,76,122,116,44,11,145,56,21,108,192,40,169,129,119,154,60,177,27,43,127,96,171,141,98,114,64,79,179,47,88,5,186,199,83,153,166,174,150,6,185,62,120,197,168,17,48,63];False
1797;7562;9359;[13,172,12,22,26,178,147,3,2,130,84,117,77,112,106,24,66,157,103,105,74,188,93,118,10,0,167,61,45,138,41,49,78,128,42,57,37,121,162,126,143,160,91,1,33,14,94,196,36,182,140,92,82,23,189,81,87,85,104,46,146,193,136,144,170,95,38,139,19,20,51,149,34,194,180,123,90,67,32,72,163,25,70,65,16,190,11,113,156,71,165,184,101,8,173,18,131,110,31,59,80,100,30,134,148,195,97,137,175,151,7,191,181,68,198,142,58,158,54,52,29,187,39,107,55,124,176,111,132,89,75,4,15,135,53,183,69,159,164,9,28,155,73,99,109,50,115,152,35,161,102,86,133,76,122,116,44,125,145,56,21,108,192,40,169,129,119,154,60,177,27,43,127,96,171,141,98,114,64,79,179,47,88,5,186,199,83,153,166,174,150,6,185,62,120,197,168,17,48,63];False
1830;7485;9315;[13,172,12,22,26,178,147,3,2,130,84,117,77,112,106,24,66,157,103,105,74,188,93,118,10,0,167,61,45,138,41,49,78,128,42,57,37,121,162,126,143,160,91,1,33,14,94,196,36,182,140,92,82,23,189,81,87,85,104,46,146,193,136,144,170,95,38,139,19,20,51,149,34,194,180,123,90,67,32,72,163,25,70,65,16,190,11,113,156,71,165,184,31,8,173,18,131,110,101,59,80,100,30,134,148,195,97,137,175,151,7,191,181,68,198,142,58,158,54,52,29,187,39,107,55,124,176,111,132,89,75,4,15,135,53,183,69,159,164,9,28,155,73,99,109,50,115,152,35,161,102,86,133,76,122,116,17,125,145,56,21,108,192,40,169,129,119,154,60,177,27,43,127,96,171,141,98,114,64,79,179,47,88,5,186,199,83,153,166,174,150,6,185,62,120,197,168,44,48,63];False
1782;7582;9364;[13,172,12,22,26,178,147,3,2,130,84,117,77,112,106,24,66,157,103,105,74,188,93,118,10,0,101,61,45,138,41,49,78,128,42,57,37,121,162,126,143,160,91,1,33,14,94,196,36,44,140,92,82,23,189,81,87,85,104,46,146,193,136,144,170,95,38,139,19,20,51,149,34,194,180,123,90,111,32,72,163,25,70,65,16,190,11,113,156,71,165,184,31,8,173,18,131,110,167,59,80,100,30,134,148,195,97,137,175,151,7,191,181,68,198,142,58,158,54,52,29,187,39,107,55,124,176,67,132,89,75,4,15,135,53,183,69,159,164,9,28,155,73,99,109,50,115,152,35,161,102,86,133,76,122,116,182,125,145,56,21,108,192,40,169,129,119,154,60,177,27,43,127,96,171,141,98,114,64,79,179,47,88,5,186,199,83,153,166,174,150,6,185,62,120,197,168,17,48,63];False
1765;7587;9352;[13,172,12,22,26,178,147,3,2,130,84,117,77,112,106,24,66,157,103,105,74,188,93,118,10,0,101,61,45,138,41,49,78,128,42,57,37,121,162,126,143,160,91,1,33,14,94,196,36,44,140,92,82,23,189,81,87,85,104,46,146,193,136,144,170,95,38,139,19,20,51,149,34,194,180,123,90,67,32,72,163,25,70,65,16,190,11,113,156,71,165,184,31,8,173,18,131,110,167,59,80,100,30,134,148,195,97,137,175,151,7,191,181,68,198,142,58,158,54,52,29,187,39,107,55,124,176,111,132,89,75,4,15,135,53,183,69,159,164,9,28,155,73,99,109,50,115,152,35,161,102,86,133,76,122,43,182,125,145,56,21,108,192,40,169,129,119,154,60,177,27,116,127,96,171,141,98,114,64,79,179,47,88,5,186,199,83,153,166,174,150,6,185,62,120,197,168,17,48,63];False
1809;7521;9330;[13,172,12,22,26,178,147,3,2,130,84,117,77,112,106,24,66,157,103,105,74,188,93,118,10,0,101,61,45,138,41,49,78,128,42,57,37,121,162,126,143,160,91,1,33,14,94,196,36,182,140,92,82,23,189,81,87,85,104,20,146,193,136,144,170,95,38,139,19,46,51,149,34,194,180,123,90,111,32,72,163,25,70,65,16,190,11,113,156,71,165,184,31,8,173,18,131,110,167,59,80,100,30,134,148,195,97,137,175,151,7,191,181,68,198,142,58,158,54,52,29,187,39,107,55,124,176,67,132,89,75,4,15,135,53,183,69,159,164,9,28,155,73,99,109,50,115,152,35,161,102,86,133,76,122,116,44,125,145,56,21,108,192,40,169,129,119,154,60,177,27,43,127,96,171,141,98,114,64,79,179,47,88,5,186,199,83,153,166,174,150,6,185,62,120,197,168,17,48,63];False
1812;7520;9332;[13,172,12,22,26,178,147,3,2,130,84,117,77,112,106,24,66,157,103,105,74,188,93,118,10,0,101,61,45,138,41,49,78,128,42,57,37,121,162,126,143,160,91,1,33,14,94,196,36,182,140,92,82,23,189,81,87,85,104,20,146,193,136,144,170,95,38,139,19,46,51,149,34,194,180,123,90,67,32,72,163,25,70,65,16,190,11,113,156,71,165,184,31,8,173,18,131,110,167,59,80,100,30,134,148,195,97,137,175,151,7,191,181,68,198,142,58,158,54,52,29,187,39,107,55,124,176,111,132,89,75,4,15,135,53,183,69,159,164,9,28,155,73,99,109,50,115,152,35,161,102,86,133,76,122,116,17,125,145,56,21,108,192,40,169,129,119,154,60,177,27,43,127,96,171,141,98,114,64,79,179,47,88,5,186,199,83,153,166,174,150,6,185,62,120,197,168,44,48,63];False
1796;7546;9342;[13,172,132,22,26,178,147,3,2,130,84,117,77,112,106,24,66,157,103,105,74,188,93,118,10,0,101,61,45,138,41,49,78,128,42,57,37,121,162,126,143,160,91,1,33,14,94,196,36,182,140,92,82,23,189,81,87,85,104,46,146,193,136,144,170,95,38,139,19,20,51,149,34,194,180,123,90,111,32,72,163,25,70,65,16,190,11,113,156,71,165,184,31,8,173,18,131,110,167,59,80,100,30,134,148,195,97,137,175,151,7,191,181,68,198,142,58,158,54,52,29,187,39,107,55,124,176,67,12,89,75,4,15,135,53,183,69,159,164,9,28,155,73,99,109,50,115,152,35,161,102,86,133,76,122,116,44,125,145,56,21,108,192,40,169,129,119,154,60,177,27,43,127,96,171,141,98,114,64,79,179,47,88,5,186,199,83,153,166,174,150,6,185,62,120,197,168,17,48,63];False
1799;7543;9342;[13,172,12,22,26,178,147,3,2,130,132,117,77,112,106,24,66,157,103,105,74,188,93,118,10,0,101,61,45,138,41,49,78,128,42,57,37,121,162,126,143,160,91,1,33,14,94,196,36,182,140,92,82,23,189,81,87,85,104,46,146,193,136,144,170,95,38,139,19,20,51,149,34,194,180,123,90,111,32,72,163,25,70,65,16,190,11,113,156,71,165,184,31,8,173,18,131,110,167,59,80,100,30,134,148,195,97,137,175,151,7,191,181,68,198,142,58,158,54,52,29,187,39,107,55,124,176,67,84,89,75,4,15,135,53,183,69,159,164,9,28,155,73,99,109,50,115,152,35,161,102,86,133,76,122,116,44,125,145,56,21,108,192,40,169,129,119,154,60,177,27,43,127,96,171,141,98,114,64,79,179,47,88,5,186,199,83,153,166,174,150,6,185,62,120,197,168,17,48,63];False
1795;7563;9358;[13,172,12,22,26,178,147,3,2,130,84,117,77,112,106,24,66,157,103,105,74,188,93,118,10,0,101,61,45,138,167,49,78,128,42,57,37,121,162,126,143,160,91,1,33,14,94,196,36,182,140,92,82,23,189,81,87,85,104,46,146,193,136,144,170,95,38,139,19,20,51,149,34,194,180,123,90,111,32,72,163,25,70,65,16,190,11,113,156,71,165,184,31,8,173,18,131,110,41,59,80,100,30,134,148,195,97,137,175,151,7,191,181,68,198,142,58,158,54,52,29,187,39,107,55,124,176,67,132,89,75,4,15,135,53,183,69,159,164,9,28,155,73,99,109,50,115,152,35,161,102,86,133,76,122,116,44,125,145,56,21,108,192,40,169,129,119,154,60,177,27,43,127,96,171,141,98,114,64,79,179,47,88,5,186,199,83,153,166,174,150,6,185,62,120,197,168,17,48,63];False
1795;7560;9355;[13,172,12,22,26,178,147,3,2,130,84,117,77,112,106,24,66,157,103,105,74,188,93,118,10,0,101,61,45,138,41,49,78,128,42,57,37,121,162,126,143,160,91,1,33,14,94,196,36,182,140,92,82,23,189,81,87,85,104,46,146,193,136,144,170,166,38,139,19,20,51,149,34,194,180,123,90,111,32,72,163,25,70,65,16,190,11,113,156,71,165,184,31,8,173,18,131,110,167,59,80,100,30,134,148,195,97,137,175,151,7,191,181,68,198,142,58,158,54,52,29,187,39,107,55,124,176,67,132,89,75,4,15,135,53,183,69,159,164,9,28,155,73,99,109,50,115,152,35,161,102,86,133,76,122,116,44,125,145,56,21,108,192,40,169,129,119,154,60,177,27,43,127,96,171,141,98,114,64,79,179,47,88,5,186,199,83,153,95,174,150,6,185,62,120,197,168,17,48,63];False
1787;7556;9343;[13,172,12,22,26,178,147,3,2,130,84,117,77,112,106,24,66,157,103,105,74,188,93,118,10,0,101,61,45,138,41,49,78,128,42,57,37,121,162,126,143,160,91,1,33,14,94,196,36,182,140,92,82,23,189,81,87,85,104,46,146,193,136,144,170,95,38,139,19,20,51,149,34,194,180,123,90,111,32,72,163,25,70,65,16,190,125,113,156,71,165,184,31,8,173,18,131,110,167,59,80,100,30,134,148,195,97,137,175,151,7,191,181,68,198,142,58,158,54,52,29,187,39,107,55,124,176,67,132,89,75,4,15,135,53,183,69,159,164,9,28,155,73,99,109,50,115,152,35,161,102,86,133,76,122,116,44,11,145,56,21,108,192,40,169,129,119,154,60,177,27,43,127,96,171,141,98,114,64,79,179,47,88,5,186,199,83,153,166,174,150,6,185,62,120,197,168,17,48,63];False
1783;7576;9359;[13,172,12,22,26,178,147,3,2,130,84,117,77,112,106,24,66,157,103,105,74,188,93,118,10,0,101,61,45,138,41,49,78,128,42,57,37,121,162,126,143,160,91,1,33,14,94,196,36,182,140,92,82,23,189,81,87,85,104,46,146,193,136,144,170,95,38,139,19,20,51,149,34,194,180,123,90,111,32,72,163,25,70,65,16,190,11,113,156,71,165,184,31,8,173,18,131,110,167,59,80,100,30,134,148,195,97,137,175,151,7,191,181,68,198,142,58,158,54,52,29,187,39,107,55,124,176,67,132,89,75,4,15,108,53,183,69,159,164,9,28,155,73,99,109,50,115,152,35,161,102,86,133,76,122,116,44,125,145,56,21,135,192,40,169,129,119,154,60,177,27,43,127,96,171,141,98,114,64,79,179,47,88,5,186,199,83,153,166,174,150,6,185,62,120,197,168,17,48,63];False
1794;7540;9334;[13,172,12,22,26,178,147,3,2,130,84,117,77,112,106,24,66,157,103,105,74,188,93,118,10,0,101,61,45,138,41,49,78,128,42,57,37,121,162,126,143,160,91,1,33,14,94,196,36,182,140,92,82,23,189,81,87,85,104,46,146,193,136,144,170,95,38,139,19,20,51,149,34,194,180,123,90,111,32,72,163,25,70,65,16,190,11,113,156,71,165,184,31,8,173,18,131,110,167,59,80,100,30,134,148,195,97,137,175,151,7,191,181,68,198,142,58,158,54,52,29,187,39,107,55,124,176,67,132,89,75,4,15,135,53,183,69,159,164,9,28,155,73,99,109,50,115,152,35,161,102,86,133,76,122,116,17,125,145,56,21,108,192,40,169,129,119,154,60,177,27,43,127,96,171,141,98,114,64,79,179,47,88,5,186,199,83,153,166,174,150,6,185,62,120,197,168,44,48,63];False
1786;7575;9361;[13,172,12,22,26,178,147,3,2,130,84,117,77,112,106,24,66,157,103,105,74,188,93,118,10,0,101,61,45,138,41,49,78,128,42,57,37,121,162,126,143,160,91,1,33,14,94,196,36,182,140,92,82,23,189,81,87,85,104,46,146,193,136,144,170,95,38,139,19,20,51,149,34,194,180,123,90,67,32,72,163,25,70,65,16,190,11,113,156,71,165,184,31,8,173,18,131,110,167,59,80,100,30,134,148,195,97,137,175,151,7,191,181,68,198,142,58,158,54,52,29,187,39,107,55,124,176,111,132,89,75,4,15,108,53,183,69,159,164,9,28,155,73,99,109,50,115,152,35,161,102,86,133,76,122,116,17,125,145,56,21,135,192,40,169,129,119,154,60,177,27,43,127,96,171,141,98,114,64,79,179,47,88,5,186,199,83,153,166,174,150,6,185,62,120,197,168,44,48,63];False
1774;7571;9345;[13,172,12,22,26,178,147,3,2,130,84,117,77,112,106,24,66,157,103,105,74,188,93,118,10,0,101,61,45,138,41,49,78,128,42,57,37,121,162,126,143,160,91,1,33,14,94,196,36,182,140,92,82,23,189,81,87,85,104,46,146,193,136,144,170,95,38,139,19,20,51,149,34,194,180,123,90,67,32,72,163,25,70,65,16,190,11,113,156,71,165,184,31,8,173,18,131,110,167,59,80,100,30,134,148,195,97,137,175,151,7,191,181,68,198,142,58,158,54,52,29,187,39,107,55,124,176,111,132,89,75,4,15,135,53,183,69,159,164,9,28,155,73,99,109,50,115,152,35,161,102,86,133,76,122,116,17,145,125,56,21,108,192,40,169,129,119,154,60,177,27,43,127,96,171,141,98,114,64,79,179,47,88,5,186,199,83,153,166,174,150,6,185,62,120,197,168,44,48,63];False
2299;7099;9398;[50,4,28,162,147,67,32,91,172,12,130,84,77,112,93,184,66,157,103,105,74,188,144,31,142,117,167,61,45,19,41,49,78,128,42,57,197,146,118,126,143,160,138,1,33,124,180,196,36,46,140,92,82,23,189,81,0,85,22,26,176,193,109,190,170,95,38,139,65,20,70,194,34,198,174,178,9,6,129,2,163,25,51,8,16,125,11,113,156,71,165,87,37,94,173,18,131,110,101,59,80,100,30,134,148,195,97,58,151,175,7,191,181,68,123,72,137,158,54,52,119,187,39,107,55,14,13,111,132,89,75,149,15,135,53,183,69,159,164,90,121,155,73,99,106,136,115,152,35,161,102,86,133,76,122,116,104,17,145,56,21,108,192,40,169,182,29,154,60,177,27,43,127,96,171,141,98,114,64,79,179,47,88,5,186,199,83,153,166,24,150,10,185,62,120,3,168,44,48,63];False
2367;7082;9449;[50,4,121,162,147,67,32,91,172,12,130,84,77,112,93,184,66,157,103,105,74,188,168,31,142,117,167,61,45,19,41,49,78,128,42,57,197,146,118,126,143,160,138,1,33,124,180,196,36,46,140,92,82,23,189,81,0,85,22,26,176,193,109,190,170,95,38,139,65,20,70,194,34,198,174,178,9,6,129,2,163,25,51,8,16,125,11,113,156,71,165,87,37,94,173,18,131,110,101,59,80,100,30,134,148,195,97,58,151,175,7,191,181,68,123,72,137,158,54,52,119,187,39,107,55,14,13,111,132,89,75,149,15,135,53,183,69,159,164,90,28,155,73,99,106,136,115,152,35,161,102,86,133,76,122,116,104,17,145,56,21,108,192,40,169,182,29,154,60,177,27,43,127,96,171,141,98,114,64,79,179,47,88,5,186,199,83,153,166,24,150,10,185,62,120,3,144,44,48,63];False
2308;7095;9403;[50,4,121,162,147,67,32,91,172,12,130,84,77,112,93,184,66,157,103,105,74,188,144,31,142,117,167,61,45,19,41,49,78,128,42,57,197,146,118,126,143,160,138,1,33,124,180,196,36,46,140,92,82,23,189,81,0,85,22,26,176,193,109,190,170,95,38,139,65,20,70,145,34,198,174,178,9,6,129,2,163,25,51,8,16,125,11,113,156,71,165,87,37,94,173,18,131,110,101,59,80,100,30,134,148,195,97,58,151,175,7,191,181,68,123,72,137,158,54,52,119,187,39,107,55,14,13,111,132,89,75,149,15,135,53,183,69,159,164,90,28,155,73,99,106,136,115,152,35,161,102,86,133,76,122,116,104,17,194,56,21,108,192,40,169,182,29,154,60,177,27,43,127,96,171,141,98,114,64,79,179,47,88,5,186,199,83,153,166,24,150,10,185,62,120,3,168,44,48,63];False
2345;7087;9432;[50,4,121,162,147,67,32,91,172,12,130,84,77,112,93,184,66,157,103,105,74,188,144,31,142,117,167,61,45,19,41,49,78,128,42,57,197,146,118,126,143,160,138,1,33,124,180,196,36,46,140,92,82,23,189,81,0,85,22,26,176,193,109,190,170,95,38,139,65,20,70,194,34,198,174,178,9,6,129,2,163,25,51,8,16,125,11,113,156,71,165,87,37,94,173,18,131,110,101,59,80,100,30,134,148,195,97,58,151,175,7,191,181,68,123,72,137,158,62,52,119,187,39,107,55,14,13,111,132,89,75,149,15,135,53,183,69,159,164,90,28,155,73,99,106,136,115,152,35,161,102,86,133,76,122,116,104,17,145,56,21,108,192,40,169,182,29,154,60,177,27,43,127,96,171,141,98,114,64,79,179,47,88,5,186,199,83,153,166,24,150,10,185,54,120,3,168,44,48,63];False
2251;7107;9358;[50,4,121,162,147,67,32,138,172,12,130,84,77,112,93,184,66,157,103,105,74,188,144,31,142,117,167,61,45,19,41,49,78,128,42,57,197,146,118,126,143,160,91,1,33,124,180,196,36,46,140,92,82,23,189,81,0,85,22,26,176,193,109,190,170,95,38,139,65,20,70,194,34,198,174,178,9,6,129,2,163,25,51,8,16,125,11,113,156,71,165,87,37,94,173,18,86,110,101,59,80,100,30,134,148,195,97,58,151,175,7,191,181,68,123,72,131,158,54,52,119,187,39,107,55,14,13,111,132,89,75,149,15,135,53,183,69,159,164,90,28,155,73,99,106,136,115,152,35,161,102,137,133,76,122,116,104,17,145,56,21,108,192,40,169,182,29,154,60,177,27,43,127,96,171,141,98,114,64,79,179,47,88,5,186,199,83,153,166,24,150,10,185,62,120,3,168,44,48,63];False
2210;7121;9331;[50,4,121,162,147,67,32,138,172,12,130,84,77,112,93,184,66,157,103,105,74,188,144,31,142,117,167,61,45,19,41,49,78,128,42,57,197,146,118,126,143,160,91,1,33,124,180,196,36,46,140,92,82,23,189,81,0,85,22,26,176,193,109,190,170,95,38,139,65,20,70,194,34,198,174,178,9,6,129,2,163,25,51,8,16,125,11,113,156,71,165,87,37,94,173,18,137,175,101,59,80,100,30,134,148,195,97,58,151,110,7,191,181,68,123,72,131,158,54,52,119,187,39,107,55,14,13,111,132,89,75,149,15,135,53,183,69,159,164,90,28,155,73,99,106,136,115,152,35,161,102,86,133,76,122,116,104,17,145,56,21,108,192,40,169,182,29,154,60,177,27,43,127,96,171,141,98,114,64,79,179,47,88,5,186,199,83,153,166,24,150,10,185,62,120,3,168,44,48,63];False
2360;7085;9445;[50,4,28,162,147,67,32,91,172,12,130,84,77,112,93,184,66,157,103,105,74,188,144,31,142,117,167,61,45,19,41,49,78,128,42,57,197,146,118,126,143,160,138,1,33,124,180,196,36,46,140,92,82,23,189,81,0,85,22,26,176,193,109,190,170,95,38,139,65,20,51,194,34,198,174,178,9,6,129,2,163,25,70,8,16,125,11,113,156,71,165,87,37,94,173,18,131,110,101,59,80,100,30,134,148,195,97,58,175,151,7,191,181,68,123,72,137,158,54,52,119,187,39,107,55,14,13,111,132,89,75,149,15,135,53,183,69,159,164,90,121,155,73,99,106,136,115,152,35,161,102,86,133,76,122,116,104,17,145,56,21,108,192,40,169,182,29,154,60,177,27,43,127,96,171,141,98,114,64,79,179,47,88,5,186,199,83,153,166,24,150,10,185,62,120,3,168,44,48,63];False
2357;7085;9442;[50,4,28,162,147,67,32,91,172,12,130,84,77,112,93,184,66,157,103,105,74,188,144,31,142,117,167,61,45,19,41,49,78,128,42,57,197,146,118,126,143,160,138,1,33,124,180,196,36,46,140,92,82,23,189,81,0,85,22,26,176,193,109,190,170,95,38,139,65,20,70,145,34,198,174,178,9,6,129,2,163,25,51,8,16,125,11,113,156,71,165,87,37,94,173,18,131,110,101,59,80,100,30,134,148,195,97,58,175,151,7,191,181,68,123,72,137,158,54,52,119,187,39,107,55,14,13,111,132,89,75,149,15,135,53,183,69,159,164,90,121,155,73,99,106,136,115,152,35,161,102,86,133,76,122,116,104,17,194,56,21,108,192,40,169,182,29,154,60,177,27,43,127,96,171,141,98,114,64,79,179,47,88,5,186,199,83,153,166,24,150,10,185,62,120,3,168,44,48,63];False
2394;7077;9471;[50,4,28,162,147,67,32,91,172,12,130,84,77,112,93,184,66,157,103,105,74,188,144,31,142,117,167,61,45,19,41,49,78,128,42,57,197,146,118,126,143,160,138,1,33,124,180,196,36,46,140,92,82,23,189,81,0,85,22,26,176,193,109,190,170,95,38,139,65,20,70,194,34,198,174,178,9,6,129,2,163,25,51,8,16,125,11,113,156,71,165,87,37,94,173,18,131,110,101,59,80,100,30,134,148,195,97,58,175,151,7,191,181,68,123,72,137,158,62,52,119,187,39,107,55,14,13,111,132,89,75,149,15,135,53,183,69,159,164,90,121,155,73,99,106,136,115,152,35,161,102,86,133,76,122,116,104,17,145,56,21,108,192,40,169,182,29,154,60,177,27,43,127,96,171,141,98,114,64,79,179,47,88,5,186,199,83,153,166,24,150,10,185,54,120,3,168,44,48,63];False
2316;7092;9408;[50,4,144,162,147,67,32,91,172,12,130,84,77,112,93,184,66,157,103,105,74,188,168,31,142,117,167,61,45,19,41,49,78,128,42,57,197,146,118,126,143,160,138,1,33,124,180,196,36,46,140,92,82,23,189,81,0,85,22,26,176,193,109,190,170,95,38,139,65,20,70,194,34,198,174,178,9,6,129,2,163,25,51,8,16,125,11,113,156,71,165,87,37,94,173,18,131,110,101,59,80,100,30,134,148,195,97,58,175,151,7,191,181,68,123,72,137,158,54,52,119,187,39,107,55,14,13,111,132,89,75,149,15,135,53,183,69,159,164,90,28,155,73,99,106,136,115,152,35,161,102,86,133,76,122,116,104,17,145,56,21,108,192,40,169,182,29,154,60,177,27,43,127,96,171,141,98,114,64,79,179,47,88,5,186,199,83,153,166,24,150,10,185,62,120,3,121,44,48,63];False
2381;7079;9460;[50,4,121,162,147,67,32,91,172,12,130,84,77,112,93,184,66,157,103,105,74,188,168,31,142,117,167,61,45,19,41,49,78,128,42,57,197,146,118,126,143,160,138,1,33,124,180,196,36,46,140,92,82,23,189,81,0,85,22,26,176,193,109,190,170,95,38,139,65,20,70,194,34,198,174,178,9,6,129,2,163,25,51,8,16,125,11,113,156,71,165,87,37,94,173,18,137,110,101,59,80,100,30,134,148,195,97,58,175,151,7,191,181,68,123,72,131,158,54,52,119,187,39,107,55,14,13,111,132,89,75,149,15,135,53,183,69,159,164,90,28,155,73,99,106,136,115,152,35,161,102,86,133,76,122,116,104,17,145,56,21,108,192,40,169,182,29,154,60,177,27,43,127,96,171,141,98,114,64,79,179,47,88,5,186,199,83,153,166,24,150,10,185,62,120,3,144,44,48,63];False
2356;7083;9439;[50,4,121,162,147,67,32,70,172,12,130,84,77,112,93,184,66,157,103,105,74,188,144,31,142,117,167,61,45,19,41,49,78,128,42,57,197,146,118,126,143,160,138,1,33,124,180,196,36,46,140,92,82,23,189,81,0,85,22,26,176,193,109,190,170,95,38,139,65,20,91,145,34,198,174,178,9,6,129,2,163,25,51,8,16,125,11,113,156,71,165,87,37,94,173,18,131,110,101,59,80,100,30,134,148,195,97,58,175,151,7,191,181,68,123,72,137,158,54,52,119,187,39,107,55,14,13,111,132,89,75,149,15,135,53,183,69,159,164,90,28,155,73,99,106,136,115,152,35,161,102,86,133,76,122,116,104,17,194,56,21,108,192,40,169,182,29,154,60,177,27,43,127,96,171,141,98,114,64,79,179,47,88,5,186,199,83,153,166,24,150,10,185,62,120,3,168,44,48,63];False
2338;7081;9419;[50,4,121,162,147,67,32,91,172,12,130,84,77,112,93,184,66,157,103,105,74,188,144,31,142,117,167,61,45,70,41,49,78,128,42,57,197,146,118,126,143,160,138,1,33,124,180,196,36,46,140,92,82,23,189,81,0,85,22,26,176,193,109,190,170,95,38,139,65,20,19,145,34,198,174,178,9,6,129,2,163,25,51,8,16,125,11,113,156,71,165,87,37,94,173,18,131,110,101,59,80,100,30,134,148,195,97,58,175,151,7,191,181,68,123,72,137,158,54,52,119,187,39,107,55,14,13,111,132,89,75,149,15,135,53,183,69,159,164,90,28,155,73,99,106,136,115,152,35,161,102,86,133,76,122,116,104,17,194,56,21,108,192,40,169,182,29,154,60,177,27,43,127,96,171,141,98,114,64,79,179,47,88,5,186,199,83,153,166,24,150,10,185,62,120,3,168,44,48,63];False
2398;7076;9474;[50,4,121,162,147,67,32,91,172,12,130,84,77,112,93,184,66,157,103,105,74,188,144,31,142,117,167,61,45,19,41,49,78,128,42,57,197,146,118,126,143,160,138,1,33,124,180,196,36,46,140,92,82,23,189,81,0,85,22,26,176,193,109,190,191,95,38,139,65,20,70,145,34,198,174,178,9,6,129,2,163,25,51,8,16,125,11,113,156,71,165,87,37,94,173,18,131,110,101,59,80,100,30,134,148,195,97,58,175,151,7,170,181,68,123,72,137,158,54,52,119,187,39,107,55,14,13,111,132,89,75,149,15,135,53,183,69,159,164,90,28,155,73,99,106,136,115,152,35,161,102,86,133,76,122,116,104,17,194,56,21,108,192,40,169,182,29,154,60,177,27,43,127,96,171,141,98,114,64,79,179,47,88,5,186,199,83,153,166,24,150,10,185,62,120,3,168,44,48,63];False
2288;7092;9380;[50,4,121,162,147,67,32,91,172,12,130,84,77,112,93,184,66,157,103,105,74,188,144,31,142,117,167,61,45,19,41,49,78,128,42,57,197,146,118,126,143,160,138,1,33,124,180,196,36,46,140,92,82,23,189,81,0,85,22,26,176,193,109,190,170,95,38,139,65,20,51,145,34,198,174,178,9,6,129,2,163,25,70,8,16,125,11,113,156,71,165,87,37,94,173,18,131,110,101,59,80,100,30,134,148,195,97,58,175,151,7,191,181,68,123,72,137,158,54,52,119,187,39,107,55,14,13,111,132,89,75,149,15,135,53,183,69,159,164,90,28,155,73,99,106,136,115,152,35,161,102,86,133,76,122,116,104,17,194,56,21,108,192,40,169,182,29,154,60,177,27,43,127,96,171,141,98,114,64,79,179,47,88,5,186,199,83,153,166,24,150,10,185,62,120,3,168,44,48,63];False
2271;7098;9369;[50,4,121,162,147,67,32,91,172,12,130,84,77,112,93,184,66,157,103,105,74,188,144,31,142,117,167,61,45,19,41,49,78,128,42,57,197,146,118,126,143,160,138,1,33,124,180,196,36,46,140,92,82,23,189,81,0,85,22,26,176,193,109,190,170,95,38,139,65,20,70,194,34,198,174,178,9,6,129,2,163,25,51,8,16,125,11,113,156,71,165,87,37,94,173,18,86,110,101,59,80,100,30,134,148,195,97,58,175,151,7,191,181,68,123,72,131,158,54,52,119,187,39,107,55,14,13,111,132,89,75,149,15,135,53,183,69,159,164,90,28,155,73,99,106,136,115,152,35,161,102,137,133,76,122,116,104,17,145,56,21,108,192,40,169,182,29,154,60,177,27,43,127,96,171,141,98,114,64,79,179,47,88,5,186,199,83,153,166,24,150,10,185,62,120,3,168,44,48,63];False
2249;7108;9357;[50,4,121,162,147,67,32,91,172,12,130,84,77,112,93,184,66,157,103,105,74,188,144,31,142,117,167,61,45,19,41,49,78,128,42,57,197,146,118,126,143,160,138,1,33,124,180,196,36,46,140,92,82,23,189,81,0,85,22,26,176,193,109,190,170,95,38,139,65,20,70,194,34,198,174,178,9,6,129,2,163,25,51,8,16,125,11,113,156,71,165,87,37,94,173,18,137,175,101,59,80,100,30,134,148,195,97,58,110,151,7,191,181,68,123,72,131,158,54,52,119,187,39,107,55,14,13,111,132,89,75,149,15,135,53,183,69,159,164,90,28,155,73,99,106,136,115,152,35,161,102,86,133,76,122,116,104,17,145,56,21,108,192,40,169,182,29,154,60,177,27,43,127,96,171,141,98,114,64,79,179,47,88,5,186,199,83,153,166,24,150,10,185,62,120,3,168,44,48,63];False
2243;7112;9355;[50,4,121,162,147,67,32,19,172,12,130,84,77,112,93,184,66,157,103,105,74,188,144,31,142,117,167,61,45,138,41,49,78,128,42,57,197,146,118,126,143,160,91,1,33,124,180,196,36,46,140,92,82,23,189,81,0,85,22,26,176,193,109,190,170,95,38,139,65,20,70,194,34,198,174,178,9,6,129,2,163,25,51,8,16,125,11,113,156,71,165,87,37,94,173,18,86,110,101,59,80,100,30,134,148,195,97,58,175,151,7,191,181,68,123,72,131,158,54,52,119,187,39,107,55,14,13,111,132,89,75,149,15,135,53,183,69,159,164,90,28,155,73,99,106,136,115,152,35,161,102,137,133,76,122,116,104,17,145,56,21,108,192,40,169,182,29,154,60,177,27,43,127,96,171,141,98,114,64,79,179,47,88,5,186,199,83,153,166,24,150,10,185,62,120,3,168,44,48,63];False
2368;7080;9448;[50,4,121,162,147,67,32,138,172,12,130,84,77,112,93,184,66,157,103,105,74,188,168,31,142,117,167,61,45,19,41,49,78,128,42,57,197,146,118,126,143,160,91,1,33,124,180,196,36,46,140,92,82,23,189,81,0,85,22,26,176,193,109,190,170,95,38,139,65,20,70,194,34,198,174,178,9,6,129,2,163,25,51,8,16,125,11,113,156,71,165,87,37,94,173,18,86,110,101,59,80,100,30,134,148,195,97,58,175,151,7,191,181,68,123,72,131,158,54,52,119,187,39,107,55,14,13,111,132,89,75,149,15,135,53,183,69,159,164,90,28,155,73,99,106,136,115,152,35,161,102,137,133,76,122,116,104,17,145,56,21,108,192,40,169,182,29,154,60,177,27,43,127,96,171,141,98,114,64,79,179,47,88,5,186,199,83,153,166,24,150,10,185,62,120,3,144,44,48,63];False
2195;7142;9337;[50,4,121,162,147,67,32,138,172,12,130,84,77,112,93,184,66,157,103,105,74,188,144,31,142,117,167,61,45,65,41,49,78,128,42,57,197,146,118,126,143,160,91,1,33,124,180,196,36,46,140,92,82,23,189,81,0,85,22,26,176,193,109,190,170,95,38,139,19,20,70,194,34,198,174,178,9,6,129,2,163,25,51,8,16,125,11,113,156,71,165,87,37,94,173,18,86,110,101,59,80,100,30,134,148,195,97,58,175,151,7,191,181,68,123,72,131,158,54,52,119,187,39,107,55,14,13,111,132,89,75,149,15,135,53,183,69,159,164,90,28,155,73,99,106,136,115,152,35,161,102,137,133,76,122,116,104,17,145,56,21,108,192,40,169,182,29,154,60,177,27,43,127,96,171,141,98,114,64,79,179,47,88,5,186,199,83,153,166,24,150,10,185,62,120,3,168,44,48,63];False
2208;7135;9343;[50,4,121,162,147,67,32,138,172,12,130,84,77,112,93,184,66,157,103,105,74,188,144,31,142,117,167,61,182,19,41,49,78,128,42,57,197,146,118,126,143,160,91,1,33,124,180,196,36,46,140,92,82,23,189,81,0,85,22,26,176,193,109,190,170,95,38,139,65,20,70,194,34,198,174,178,9,6,129,2,163,25,51,8,16,125,11,113,156,71,165,87,37,94,173,18,137,175,101,59,80,100,30,134,148,195,97,58,110,151,7,191,181,68,123,72,131,158,54,52,119,187,39,107,55,14,13,111,132,89,75,149,15,135,53,183,69,159,164,90,28,155,73,99,106,136,115,152,35,161,102,86,133,76,122,116,104,17,145,56,21,108,192,40,169,45,29,154,60,177,27,43,127,96,171,141,98,114,64,79,179,47,88,5,186,199,83,153,166,24,150,10,185,62,120,3,168,44,48,63];False
1715;7703;9418;[194,180,12,22,26,178,120,3,2,130,84,117,77,112,31,29,66,157,103,105,74,188,144,118,147,0,101,61,45,138,167,172,78,128,42,57,37,121,162,126,143,160,91,1,33,124,94,196,36,182,140,92,82,23,189,81,87,85,104,20,146,193,109,93,170,95,38,139,19,50,51,149,34,127,175,123,49,67,32,72,137,25,70,65,16,190,11,113,156,71,165,184,125,8,173,18,131,110,41,59,80,100,30,134,148,195,97,58,6,43,7,191,181,68,198,142,163,158,54,52,119,187,39,107,55,14,13,197,132,89,75,4,15,135,53,183,69,159,164,90,28,155,73,99,106,136,115,152,35,176,9,86,133,76,122,116,161,46,145,56,21,108,192,40,169,129,24,154,60,177,27,151,111,96,171,141,98,114,64,79,179,47,88,5,186,199,83,153,166,174,150,10,185,62,44,102,168,17,48,63];False
1717;7668;9385;[50,172,12,22,26,178,120,3,2,130,84,117,77,112,31,29,66,157,103,105,74,188,144,118,147,0,101,61,45,138,167,180,78,128,42,57,37,121,162,126,143,160,91,1,33,124,94,196,36,182,140,92,82,23,189,81,87,85,104,20,146,193,109,93,170,95,38,139,19,194,51,149,34,127,175,123,49,67,32,72,137,25,70,65,16,190,11,113,156,71,165,184,125,8,173,18,131,110,41,59,80,100,30,134,148,195,97,58,6,43,7,191,181,68,198,142,163,158,54,52,119,187,39,107,55,14,13,197,132,89,75,4,15,135,53,183,69,159,164,90,28,155,73,99,106,136,115,152,35,176,9,86,133,76,122,116,161,46,145,56,21,108,192,40,169,129,24,154,60,177,27,151,111,96,171,141,98,114,64,79,179,47,88,5,186,199,83,153,166,174,150,10,185,62,44,102,168,17,48,63];False
1727;7655;9382;[125,180,123,22,26,178,120,3,2,130,84,117,77,112,31,29,66,157,103,105,74,188,144,118,147,0,101,61,45,138,167,172,78,128,42,57,37,121,162,126,143,160,91,1,33,124,94,196,36,182,140,92,82,23,189,81,87,85,104,20,146,193,109,93,170,95,38,139,19,194,102,149,34,127,175,12,49,67,32,72,137,25,70,65,16,190,11,113,156,71,165,184,50,8,173,18,131,110,41,59,80,100,30,134,148,195,97,58,6,43,7,191,181,68,198,142,163,158,54,52,119,187,39,107,55,14,13,197,132,89,75,4,15,135,53,183,69,159,164,90,28,155,73,99,106,136,115,152,35,176,9,86,133,76,122,116,161,46,145,56,21,108,192,40,169,129,24,154,60,177,27,151,111,96,171,141,98,114,64,79,179,47,88,5,186,199,83,153,166,174,150,10,185,62,44,51,168,17,48,63];False
1711;7678;9389;[174,180,123,22,26,178,120,3,2,130,84,117,77,112,31,29,66,157,103,105,74,188,144,118,147,0,101,61,45,138,167,172,78,128,42,57,37,121,162,126,143,160,91,1,33,124,94,196,36,182,140,92,82,23,189,81,87,85,104,20,146,193,109,93,170,95,38,139,19,194,102,149,34,127,175,12,49,67,32,72,137,25,70,65,16,190,11,113,156,71,165,184,125,8,173,18,131,110,41,59,80,100,30,134,148,195,97,58,6,43,7,191,181,68,198,142,163,158,54,52,119,187,39,107,55,14,13,197,132,89,75,4,15,135,53,183,69,159,164,90,28,155,73,99,106,136,115,152,35,176,9,86,133,76,122,116,161,46,145,56,21,108,192,40,169,129,24,154,60,177,27,151,111,96,171,141,98,114,64,79,179,47,88,5,186,199,83,153,166,50,150,10,185,62,44,51,168,17,48,63];False
1719;7631;9350;[50,180,12,22,26,178,120,3,2,130,84,117,77,112,31,29,66,157,103,105,74,188,144,118,147,0,101,61,45,138,167,172,78,128,42,57,37,121,162,126,143,160,91,1,33,124,94,196,36,182,140,92,82,23,189,81,87,85,104,20,146,193,109,93,170,95,38,139,19,194,102,149,34,127,175,123,49,67,32,72,137,25,70,65,16,190,11,113,156,71,165,184,125,8,173,18,131,110,41,59,80,100,30,134,148,195,97,58,6,43,7,191,181,68,198,142,163,158,54,52,119,187,39,107,55,14,13,197,132,89,75,4,15,135,53,183,69,159,164,90,28,155,73,99,106,136,115,152,35,176,9,86,133,76,122,116,161,46,145,56,21,108,192,40,169,129,24,154,60,177,27,151,111,96,171,141,98,114,64,79,179,47,88,5,186,199,83,153,166,174,150,10,185,62,44,51,168,17,48,63];False
1763;7605;9368;[50,180,123,22,26,178,120,3,2,130,84,117,77,112,31,29,66,157,103,105,74,188,144,118,147,0,101,61,45,138,37,172,78,128,42,57,167,121,162,126,143,160,91,1,33,124,94,196,36,182,140,92,82,23,189,81,87,85,104,20,146,193,109,93,170,95,38,139,19,194,102,149,34,127,175,12,49,67,32,72,137,25,70,65,16,190,11,113,156,71,165,184,125,8,173,18,131,110,41,59,80,100,30,134,148,195,97,58,6,43,7,191,181,68,198,142,163,158,54,52,119,187,39,107,55,14,13,197,132,89,75,4,15,135,53,183,69,159,164,90,28,155,73,99,106,136,115,152,35,176,9,86,133,76,122,116,161,46,145,56,21,108,192,40,169,129,24,154,60,177,27,151,111,96,171,141,98,114,64,79,179,47,88,5,186,199,83,153,166,174,150,10,185,62,44,51,168,17,48,63];False
1785;7570;9355;[50,180,123,22,26,178,120,3,2,130,84,117,77,112,31,29,66,157,103,105,74,188,144,118,147,0,101,61,45,138,41,172,78,128,42,57,37,121,162,126,143,160,91,1,33,124,94,196,36,182,140,92,82,23,189,81,87,85,104,20,146,193,109,93,170,95,38,139,19,194,102,149,34,127,175,12,49,67,32,72,137,25,70,65,16,190,11,113,156,71,165,184,125,8,173,18,131,110,167,59,80,100,30,134,148,195,97,58,6,43,7,191,181,68,198,142,163,158,54,52,119,187,39,107,55,14,13,197,132,89,75,4,15,135,53,183,69,159,164,90,28,155,73,99,106,136,115,152,35,176,9,86,133,76,122,116,161,46,145,56,21,108,192,40,169,129,24,154,60,177,27,151,111,96,171,141,98,114,64,79,179,47,88,5,186,199,83,153,166,174,150,10,185,62,44,51,168,17,48,63];False
1760;7587;9347;[50,180,123,22,26,178,120,3,2,130,84,117,77,112,31,29,66,157,103,105,74,188,144,118,147,0,101,61,45,138,167,172,86,128,42,57,37,121,162,126,143,160,91,1,33,124,94,196,36,182,140,92,82,23,189,81,87,85,104,20,146,193,109,93,170,95,38,139,19,194,102,149,34,127,175,12,49,67,32,72,137,25,70,65,16,190,11,113,156,71,165,184,125,8,173,18,131,110,41,59,80,100,30,134,148,195,97,58,6,43,7,191,181,68,198,142,163,158,54,52,119,187,39,107,55,14,13,197,132,89,75,4,15,135,53,183,69,159,164,90,28,155,73,99,106,136,115,152,35,176,9,78,133,76,122,116,161,46,145,56,21,108,192,40,169,129,24,154,60,177,27,151,111,96,171,141,98,114,64,79,179,47,88,5,186,199,83,153,166,174,150,10,185,62,44,51,168,17,48,63];False
1772;7577;9349;[50,180,123,22,26,178,120,3,2,130,84,117,77,112,31,29,66,157,103,105,74,188,144,118,147,0,101,61,45,138,167,172,78,128,42,57,37,121,162,126,143,160,91,1,33,124,94,196,36,182,140,92,82,23,189,81,87,85,104,20,146,193,109,93,170,95,38,139,19,194,102,149,34,127,175,12,49,67,32,72,137,25,70,65,16,125,11,113,156,71,165,184,190,8,173,18,131,110,41,59,80,100,30,134,148,195,97,58,6,43,7,191,181,68,198,142,163,158,54,52,119,187,39,107,55,14,13,197,132,89,75,4,15,135,53,183,69,159,164,90,28,155,73,99,106,136,115,152,35,176,9,86,133,76,122,116,161,46,145,56,21,108,192,40,169,129,24,154,60,177,27,151,111,96,171,141,98,114,64,79,179,47,88,5,186,199,83,153,166,174,150,10,185,62,44,51,168,17,48,63];False
1752;7607;9359;[50,180,123,22,26,178,120,3,2,130,84,117,77,112,31,29,66,157,103,105,74,188,144,118,147,0,101,61,45,138,167,172,78,128,42,57,37,121,162,126,143,160,91,1,33,124,94,196,36,182,140,92,82,23,189,81,87,85,104,20,146,193,109,93,170,95,38,139,19,194,102,149,34,127,175,12,49,67,32,72,137,25,70,65,16,190,195,113,156,71,165,184,125,8,173,18,131,110,41,59,80,100,30,134,148,11,97,58,6,43,7,191,181,68,198,142,163,158,54,52,119,187,39,107,55,14,13,197,132,89,75,4,15,135,53,183,69,159,164,90,28,155,73,99,106,136,115,152,35,176,9,86,133,76,122,116,161,46,145,56,21,108,192,40,169,129,24,154,60,177,27,151,111,96,171,141,98,114,64,79,179,47,88,5,186,199,83,153,166,174,150,10,185,62,44,51,168,17,48,63];False
1739;7626;9365;[50,180,123,22,26,178,120,3,2,130,84,117,77,112,31,29,66,157,103,105,74,188,144,118,147,0,101,61,45,138,167,172,78,128,42,57,37,121,162,126,143,160,91,1,33,124,94,196,36,182,140,92,82,23,189,81,87,85,104,20,146,193,109,93,170,95,38,139,19,194,102,149,34,127,175,12,49,67,32,72,137,25,70,65,16,190,186,113,156,71,165,184,125,8,173,18,131,110,41,59,80,100,30,134,148,195,97,58,6,43,7,191,181,68,198,142,163,158,54,52,119,187,39,107,55,14,13,197,132,89,75,4,15,135,53,183,69,159,164,90,28,155,73,99,106,136,115,152,35,176,9,86,133,76,122,116,161,46,145,56,21,108,192,40,169,129,24,154,60,177,27,151,111,96,171,141,98,114,64,79,179,47,88,5,11,199,83,153,166,174,150,10,185,62,44,51,168,17,48,63];False
1738;7622;9360;[50,180,123,22,26,178,120,3,2,130,84,117,77,112,31,29,66,157,103,105,74,188,144,118,147,0,101,61,45,138,167,172,78,128,42,57,37,121,162,126,143,160,91,1,33,124,94,196,36,182,140,92,82,23,189,81,87,85,104,20,146,193,109,93,170,95,38,139,19,194,102,149,34,127,175,12,49,67,32,72,137,25,70,65,16,190,11,113,156,71,165,184,125,8,173,18,131,110,41,59,80,100,30,134,148,195,97,58,6,43,7,191,181,68,198,142,163,158,54,52,119,187,39,107,55,14,13,197,132,89,75,4,15,135,53,183,69,159,164,90,28,155,73,99,106,136,115,152,35,176,9,86,133,76,122,116,161,46,145,56,21,108,192,40,169,129,24,154,60,179,27,151,111,96,171,141,98,114,64,79,177,47,88,5,186,199,83,153,166,174,150,10,185,62,44,51,168,17,48,63];False
2367;7080;9447;[50,4,28,162,147,67,32,138,172,12,130,84,77,112,93,184,66,157,103,105,74,188,144,31,142,117,167,61,45,70,41,49,78,128,42,57,197,146,118,126,143,160,91,1,33,124,180,196,36,46,140,92,82,23,189,81,0,85,22,26,176,193,109,190,170,95,38,139,65,20,19,145,34,198,174,178,9,6,129,2,163,25,51,8,16,125,11,113,156,71,165,87,37,94,173,18,131,110,101,59,80,100,30,134,148,195,97,58,175,151,7,191,181,68,123,72,137,158,54,52,119,187,39,107,55,14,13,111,132,89,75,149,15,135,53,183,69,159,164,90,121,155,73,99,106,136,115,152,35,161,102,86,133,76,122,116,104,17,194,56,21,108,192,40,169,182,29,154,60,177,27,43,127,96,171,141,98,114,64,79,179,47,88,5,186,199,83,153,166,24,150,10,185,62,120,3,168,44,48,63];False
2281;7097;9378;[50,4,121,162,147,67,32,138,172,12,130,84,77,112,93,184,66,157,103,105,74,188,144,31,142,117,167,61,139,70,41,49,78,128,42,57,197,146,118,126,143,160,91,1,33,124,180,196,36,46,140,92,82,23,189,81,0,85,22,26,176,193,109,190,170,95,38,45,65,20,19,145,34,198,174,178,9,6,129,2,163,25,51,8,16,125,11,113,156,71,165,87,37,94,173,18,131,110,101,59,80,100,30,134,148,195,97,58,175,151,7,191,181,68,123,72,137,158,54,52,119,187,39,107,55,14,13,111,132,89,75,149,15,135,53,183,69,159,164,90,28,155,73,99,106,136,115,152,35,161,102,86,133,76,122,116,104,17,194,56,21,108,192,40,169,182,29,154,60,177,27,43,127,96,171,141,98,114,64,79,179,47,88,5,186,199,83,153,166,24,150,10,185,62,120,3,168,44,48,63];False
2289;7090;9379;[50,4,121,162,147,67,32,138,172,12,130,84,77,112,93,184,66,157,103,105,74,188,144,31,142,117,167,61,182,70,41,49,78,128,42,57,197,146,118,126,143,160,91,1,33,124,180,196,36,46,140,92,82,23,189,81,0,85,22,26,176,193,109,190,170,95,38,139,65,20,19,145,34,198,174,178,9,6,129,2,163,25,51,8,16,125,11,113,156,71,165,87,37,94,173,18,131,110,101,59,80,100,30,134,148,195,97,58,175,151,7,191,181,68,123,72,137,158,54,52,119,187,39,107,55,14,13,111,132,89,75,149,15,135,53,183,69,159,164,90,28,155,73,99,106,136,115,152,35,161,102,86,133,76,122,116,104,17,194,56,21,108,192,40,169,45,29,154,60,177,27,43,127,96,171,141,98,114,64,79,179,47,88,5,186,199,83,153,166,24,150,10,185,62,120,3,168,44,48,63];False
2256;7098;9354;[50,4,121,162,147,67,32,138,172,12,130,84,77,112,93,184,66,157,103,105,74,188,144,31,142,117,167,61,45,65,41,49,78,128,42,57,197,146,118,126,143,160,91,1,33,124,180,196,36,46,140,92,82,23,189,81,0,85,22,26,176,193,109,190,170,95,38,139,70,20,19,145,34,198,174,178,9,6,129,2,163,25,51,8,16,125,11,113,156,71,165,87,37,94,173,18,131,110,101,59,80,100,30,134,148,195,97,58,175,151,7,191,181,68,123,72,137,158,54,52,119,187,39,107,55,14,13,111,132,89,75,149,15,135,53,183,69,159,164,90,28,155,73,99,106,136,115,152,35,161,102,86,133,76,122,116,104,17,194,56,21,108,192,40,169,182,29,154,60,177,27,43,127,96,171,141,98,114,64,79,179,47,88,5,186,199,83,153,166,24,150,10,185,62,120,3,168,44,48,63];False
2408;7071;9479;[50,4,121,162,147,67,32,138,172,12,130,84,77,112,93,184,66,157,103,105,74,188,144,31,142,117,167,61,45,70,41,49,78,128,42,57,197,146,118,126,143,160,91,1,33,124,180,196,36,46,140,92,82,23,189,81,0,85,22,26,176,193,109,190,191,95,38,139,65,20,19,145,34,198,174,178,9,6,129,2,163,25,51,8,16,125,11,113,156,71,165,87,37,94,173,18,131,110,101,59,80,100,30,134,148,195,97,58,175,151,7,170,181,68,123,72,137,158,54,52,119,187,39,107,55,14,13,111,132,89,75,149,15,135,53,183,69,159,164,90,28,155,73,99,106,136,115,152,35,161,102,86,133,76,122,116,104,17,194,56,21,108,192,40,169,182,29,154,60,177,27,43,127,96,171,141,98,114,64,79,179,47,88,5,186,199,83,153,166,24,150,10,185,62,120,3,168,44,48,63];False
2377;7079;9456;[50,4,121,162,147,67,32,138,172,12,130,84,77,112,93,184,66,157,103,105,74,188,144,31,142,117,167,61,45,70,41,49,78,128,42,57,197,146,118,126,143,160,91,1,33,124,180,196,36,46,140,92,82,23,189,81,0,85,22,26,176,193,109,190,170,95,38,139,65,20,19,145,34,198,174,178,9,6,129,2,163,25,48,8,16,125,11,113,156,71,165,87,37,94,173,18,131,110,101,59,80,100,30,134,148,195,97,58,175,151,7,191,181,68,123,72,137,158,54,52,119,187,39,107,55,14,13,111,132,89,75,149,15,135,53,183,69,159,164,90,28,155,73,99,106,136,115,152,35,161,102,86,133,76,122,116,104,17,194,56,21,108,192,40,169,182,29,154,60,177,27,43,127,96,171,141,98,114,64,79,179,47,88,5,186,199,83,153,166,24,150,10,185,62,120,3,168,44,51,63];False
2394;7074;9468;[50,4,121,162,147,67,32,138,172,12,130,84,77,112,93,184,66,157,103,105,74,188,144,31,142,117,167,61,45,70,41,49,78,128,42,57,197,146,118,126,143,160,91,1,33,124,180,196,36,46,140,92,82,23,189,81,0,85,22,26,176,193,109,190,170,95,38,139,65,20,19,145,34,198,174,178,9,6,129,2,163,25,51,16,8,125,11,113,156,71,165,87,37,94,173,18,131,110,101,59,80,100,30,134,148,195,97,58,175,151,7,191,181,68,123,72,137,158,54,52,119,187,39,107,55,14,13,111,132,89,75,149,15,135,53,183,69,159,164,90,28,155,73,99,106,136,115,152,35,161,102,86,133,76,122,116,104,17,194,56,21,108,192,40,169,182,29,154,60,177,27,43,127,96,171,141,98,114,64,79,179,47,88,5,186,199,83,153,166,24,150,10,185,62,120,3,168,44,48,63];False
2332;7087;9419;[50,4,121,162,147,67,32,138,172,12,130,84,77,112,93,184,66,157,103,105,74,188,144,31,142,117,167,61,45,70,41,49,78,128,42,57,197,146,118,126,143,160,91,1,33,124,180,196,36,46,140,92,82,23,189,81,0,85,22,26,176,193,109,190,170,95,38,139,65,20,19,145,34,198,174,178,9,6,129,2,163,25,51,8,16,125,11,113,156,71,165,87,37,94,173,18,137,110,101,59,80,100,30,134,148,195,97,58,175,151,7,191,181,68,123,72,131,158,54,52,119,187,39,107,55,14,13,111,132,89,75,149,15,135,53,183,69,159,164,90,28,155,73,99,106,136,115,152,35,161,102,86,133,76,122,116,104,17,194,56,21,108,192,40,169,182,29,154,60,177,27,43,127,96,171,141,98,114,64,79,179,47,88,5,186,199,83,153,166,24,150,10,185,62,120,3,168,44,48,63];False
2413;7068;9481;[50,4,121,162,147,67,32,138,172,12,130,84,77,112,93,184,66,157,103,105,74,188,144,31,142,117,167,61,45,70,41,49,78,128,42,57,197,146,118,126,143,160,91,1,33,124,180,196,36,46,140,92,82,23,189,81,0,85,22,26,176,193,109,190,170,95,38,139,65,20,19,145,34,198,174,178,9,6,129,2,163,25,51,8,16,125,11,113,156,71,165,87,37,94,173,18,131,110,101,59,80,100,30,134,148,195,97,58,175,151,7,191,181,68,123,72,137,158,62,52,119,187,39,107,55,14,13,111,132,89,75,149,15,135,53,183,69,159,164,90,28,155,73,99,106,136,115,152,35,161,102,86,133,76,122,116,104,17,194,56,21,108,192,40,169,182,29,154,60,177,27,43,127,96,171,141,98,114,64,79,179,47,88,5,186,199,83,153,166,24,150,10,185,54,120,3,168,44,48,63];False
1708;7678;9386;[9,180,41,22,26,178,120,3,2,130,84,117,77,112,31,29,66,157,103,105,74,188,144,118,147,0,101,61,45,138,167,172,78,128,42,57,37,121,162,126,143,160,91,1,33,124,94,196,36,182,140,92,82,23,189,81,87,85,104,20,146,193,109,93,170,95,38,139,19,194,102,149,34,127,175,123,49,67,32,72,137,25,70,65,16,190,11,113,156,71,165,184,125,8,173,18,131,110,12,59,80,100,30,134,148,195,97,58,6,43,7,191,181,68,198,142,163,158,54,52,119,187,39,107,55,14,13,197,132,89,75,4,15,135,53,183,69,159,164,90,28,155,73,99,106,136,115,152,35,176,50,86,133,76,122,116,161,46,145,56,21,108,192,40,169,129,24,154,60,177,27,151,111,96,171,141,98,114,64,79,179,47,88,5,186,199,83,153,166,174,150,10,185,62,44,51,168,17,48,63];False
1701;7689;9390;[9,180,12,22,26,178,120,3,2,130,84,117,77,112,31,29,66,157,103,105,74,188,144,118,147,0,101,61,45,138,167,172,86,128,42,57,37,121,162,126,143,160,91,1,33,124,94,196,36,182,140,92,82,23,189,81,87,85,104,20,146,193,109,93,170,95,38,139,19,194,102,149,34,127,175,123,49,67,32,72,137,25,70,65,16,190,11,113,156,71,165,184,125,8,173,18,131,110,41,59,80,100,30,134,148,195,97,58,6,43,7,191,181,68,198,142,163,158,54,52,119,187,39,107,55,14,13,197,132,89,75,4,15,135,53,183,69,159,164,90,28,155,73,99,106,136,115,152,35,176,50,78,133,76,122,116,161,46,145,56,21,108,192,40,169,129,24,154,60,177,27,151,111,96,171,141,98,114,64,79,179,47,88,5,186,199,83,153,166,174,150,10,185,62,44,51,168,17,48,63];False
1676;7754;9430;[9,180,12,22,26,178,120,3,2,130,84,117,77,112,31,29,66,157,103,105,74,188,144,118,147,0,101,61,45,138,167,172,78,128,42,57,37,121,162,126,143,160,91,1,33,124,94,196,36,182,140,92,82,23,189,81,87,85,104,20,146,193,109,93,170,166,38,139,19,194,102,149,34,127,175,123,49,67,32,72,137,25,70,65,16,190,11,113,156,71,165,184,125,8,173,18,131,110,41,59,80,100,30,134,148,195,97,58,6,43,7,191,181,68,198,142,163,158,54,52,119,187,39,107,55,14,13,197,132,89,75,4,15,135,53,183,69,159,164,90,28,155,73,99,106,136,115,152,35,176,50,86,133,76,122,116,161,46,145,56,21,108,192,40,169,129,24,154,60,177,27,151,111,96,171,141,98,114,64,79,179,47,88,5,186,199,83,153,95,174,150,10,185,62,44,51,168,17,48,63];False
1694;7722;9416;[9,180,12,22,26,178,120,3,2,130,84,117,77,112,31,29,66,157,103,105,74,188,144,118,147,0,101,61,45,138,167,172,78,128,42,57,37,121,162,126,143,160,91,1,33,124,94,196,36,182,140,92,82,23,189,81,87,85,104,20,146,193,109,93,170,95,38,139,19,194,102,149,34,127,175,123,49,67,32,72,137,25,70,65,16,190,195,113,156,71,165,184,125,8,173,18,131,110,41,59,80,100,30,134,148,11,97,58,6,43,7,191,181,68,198,142,163,158,54,52,119,187,39,107,55,14,13,197,132,89,75,4,15,135,53,183,69,159,164,90,28,155,73,99,106,136,115,152,35,176,50,86,133,76,122,116,161,46,145,56,21,108,192,40,169,129,24,154,60,177,27,151,111,96,171,141,98,114,64,79,179,47,88,5,186,199,83,153,166,174,150,10,185,62,44,51,168,17,48,63];False
1681;7741;9422;[9,180,12,22,26,178,120,3,2,130,84,117,77,112,31,29,66,157,103,105,74,188,144,118,147,0,101,61,45,138,167,172,78,128,42,57,37,121,162,126,143,160,91,1,33,124,94,196,36,182,140,92,82,23,189,81,87,85,104,20,146,193,109,93,170,95,38,139,19,194,102,149,34,127,175,123,49,67,32,72,137,25,70,65,16,190,186,113,156,71,165,184,125,8,173,18,131,110,41,59,80,100,30,134,148,195,97,58,6,43,7,191,181,68,198,142,163,158,54,52,119,187,39,107,55,14,13,197,132,89,75,4,15,135,53,183,69,159,164,90,28,155,73,99,106,136,115,152,35,176,50,86,133,76,122,116,161,46,145,56,21,108,192,40,169,129,24,154,60,177,27,151,111,96,171,141,98,114,64,79,179,47,88,5,11,199,83,153,166,174,150,10,185,62,44,51,168,17,48,63];False
1680;7737;9417;[9,180,12,22,26,178,120,3,2,130,84,117,77,112,31,29,66,157,103,105,74,188,144,118,147,0,101,61,45,138,167,172,78,128,42,57,37,121,162,126,143,160,91,1,33,124,94,196,36,182,140,92,82,23,189,81,87,85,104,20,146,193,109,93,170,95,38,139,19,194,102,149,34,127,175,123,49,67,32,72,137,25,70,65,16,190,11,113,156,71,165,184,125,8,173,18,131,110,41,59,80,100,30,134,148,195,97,58,6,43,7,191,181,68,198,142,163,158,54,52,119,187,39,107,55,14,13,197,132,89,75,4,15,135,53,183,69,159,164,90,28,155,73,99,106,136,115,152,35,176,50,86,133,76,122,116,161,46,145,56,21,108,192,40,169,129,24,154,60,179,27,151,111,96,171,141,98,114,64,79,177,47,88,5,186,199,83,153,166,174,150,10,185,62,44,51,168,17,48,63];False
1623;7846;9469;[180,172,12,22,26,178,120,3,2,130,106,117,77,112,31,24,66,157,103,44,74,188,93,164,100,0,101,61,45,55,126,185,78,128,42,57,37,121,162,146,118,10,91,1,33,124,94,196,36,182,140,92,82,23,189,81,87,85,104,20,167,193,136,144,62,95,38,139,19,194,51,149,34,127,175,123,90,67,32,72,137,25,170,65,16,125,11,113,156,71,165,184,143,8,173,18,131,110,41,59,80,147,30,134,148,195,97,58,6,43,7,191,181,68,198,142,163,158,54,52,119,187,39,107,138,14,13,197,132,89,75,4,15,135,53,183,69,159,9,105,28,155,73,99,84,70,115,152,35,161,102,86,133,76,122,116,49,46,145,56,21,108,192,40,169,129,29,154,60,177,27,151,111,96,171,141,98,114,64,79,179,47,88,5,186,199,83,153,166,174,150,160,190,109,176,50,168,17,48,63];False
1624;7842;9466;[180,172,12,22,26,178,120,3,2,130,106,117,77,112,31,29,66,157,103,188,74,44,93,164,100,0,101,61,45,55,126,185,78,128,42,57,37,121,162,146,118,10,91,1,33,124,94,196,36,182,140,92,82,23,189,81,87,85,104,20,167,193,136,144,62,95,38,139,19,194,51,149,34,127,175,123,90,67,32,72,137,25,170,65,16,125,11,113,156,71,165,184,143,8,173,18,131,110,41,59,80,147,30,134,148,195,97,58,6,43,7,191,181,68,198,142,163,158,54,52,119,187,39,107,138,14,13,197,132,89,75,4,15,135,53,183,69,159,9,105,28,155,73,99,84,70,115,152,35,161,102,86,133,76,122,116,49,46,145,56,21,108,192,40,169,129,24,154,60,177,27,151,111,96,171,141,98,114,64,79,179,47,88,5,186,199,83,153,166,174,150,160,190,109,176,50,168,17,48,63];False
1628;7805;9433;[180,172,12,22,26,178,120,3,2,130,106,117,77,112,31,29,66,157,103,44,74,188,93,164,100,0,101,61,45,138,126,185,78,128,42,57,37,121,162,146,118,10,91,1,33,124,94,196,36,182,140,92,82,23,189,81,87,85,104,20,167,193,136,144,62,95,38,139,19,194,51,149,34,127,175,123,90,67,32,72,137,25,170,65,16,125,11,113,156,71,165,184,143,8,173,18,131,110,41,59,80,147,30,134,148,195,97,58,6,43,7,191,181,68,198,142,163,158,54,52,119,187,39,107,55,14,13,197,132,89,75,4,15,135,53,183,69,159,9,105,28,155,73,99,84,70,115,152,35,161,102,86,133,76,122,116,49,46,145,56,21,108,192,40,169,129,24,154,60,177,27,151,111,96,171,141,98,114,64,79,179,47,88,5,186,199,83,153,166,174,150,160,190,109,176,50,168,17,48,63];False
1611;7902;9513;[180,172,12,22,26,178,120,3,2,130,106,117,77,112,31,29,66,157,103,44,74,188,93,164,100,0,101,61,45,55,126,185,78,128,42,57,37,121,162,146,118,10,91,1,33,52,94,196,36,182,140,92,82,23,189,81,87,85,104,20,167,193,136,144,62,95,38,139,19,194,51,149,34,127,175,123,90,67,32,72,137,25,170,65,16,125,11,113,156,71,165,184,143,8,173,18,131,110,41,59,80,147,30,134,148,195,97,58,6,43,7,191,181,68,198,142,163,158,54,124,119,187,39,107,138,14,13,197,132,89,75,4,15,135,53,183,69,159,9,105,28,155,73,99,84,70,115,152,35,161,102,86,133,76,122,116,49,46,145,56,21,108,192,40,169,129,24,154,60,177,27,151,111,96,171,141,98,114,64,79,179,47,88,5,186,199,83,153,166,174,150,160,190,109,176,50,168,17,48,63];False
1607;7852;9459;[180,172,12,22,26,178,120,3,2,130,106,117,77,112,31,29,66,157,103,44,74,188,93,164,100,0,101,61,45,55,126,185,78,128,42,57,37,121,162,146,118,10,91,1,33,124,94,196,52,182,140,92,82,23,189,81,87,85,104,20,167,193,136,144,62,95,38,139,19,194,51,149,34,127,175,123,90,67,32,72,137,25,170,65,16,125,11,113,156,71,165,184,143,8,173,18,131,110,41,59,80,147,30,134,148,195,97,58,6,43,7,191,181,68,198,142,163,158,54,36,119,187,39,107,138,14,13,197,132,89,75,4,15,135,53,183,69,159,9,105,28,155,73,99,84,70,115,152,35,161,102,86,133,76,122,116,49,46,145,56,21,108,192,40,169,129,24,154,60,177,27,151,111,96,171,141,98,114,64,79,179,47,88,5,186,199,83,153,166,174,150,160,190,109,176,50,168,17,48,63];False
1604;7856;9460;[180,172,12,22,26,178,120,3,2,130,106,117,77,112,31,29,66,157,103,44,74,188,93,164,100,0,101,61,45,55,126,185,78,128,42,57,37,121,162,146,118,10,91,1,33,124,94,196,36,182,140,92,82,23,189,81,87,85,104,20,167,193,136,144,181,95,38,139,19,194,51,149,34,127,175,123,90,67,32,72,137,25,170,65,16,125,11,113,156,71,165,184,143,8,173,18,131,110,41,59,80,147,30,134,148,195,97,58,6,43,7,191,62,68,198,142,163,158,54,52,119,187,39,107,138,14,13,197,132,89,75,4,15,135,53,183,69,159,9,105,28,155,73,99,84,70,115,152,35,161,102,86,133,76,122,116,49,46,145,56,21,108,192,40,169,129,24,154,60,177,27,151,111,96,171,141,98,114,64,79,179,47,88,5,186,199,83,153,166,174,150,160,190,109,176,50,168,17,48,63];False
1620;7845;9465;[180,172,12,22,26,178,120,3,2,130,106,117,77,112,31,29,66,157,103,44,74,188,93,164,100,0,101,61,45,55,126,185,78,128,42,57,37,121,162,146,118,10,91,1,33,124,94,196,36,182,140,92,82,23,189,81,87,85,104,20,167,193,136,144,62,95,38,139,19,194,51,149,34,127,175,123,90,67,32,72,137,25,170,65,16,125,11,113,156,71,165,184,143,8,173,18,131,110,41,59,80,147,30,134,148,195,97,58,6,43,7,191,181,68,198,142,163,158,54,52,119,187,39,107,138,14,13,197,132,89,75,4,15,135,53,183,69,159,9,105,28,155,73,99,84,70,115,152,186,161,102,86,133,76,122,116,49,46,145,56,21,108,192,40,169,129,24,154,60,177,27,151,111,96,171,141,98,114,64,79,179,47,88,5,35,199,83,153,166,174,150,160,190,109,176,50,168,17,48,63];False
1621;7828;9449;[180,172,12,22,26,178,120,3,2,130,106,117,77,112,31,29,66,157,103,44,74,188,93,164,100,0,101,61,45,55,126,185,78,128,42,57,37,121,162,146,118,10,91,1,33,124,94,196,36,182,140,92,82,23,189,81,87,85,104,20,167,193,136,144,62,95,38,139,19,194,51,149,34,127,175,123,90,67,32,72,137,25,170,65,16,125,11,113,156,71,165,184,143,8,173,18,131,110,41,59,80,147,30,134,148,195,97,58,6,43,7,191,181,68,198,142,163,158,54,52,119,187,39,107,138,14,13,197,132,89,75,4,15,135,53,183,69,159,9,105,28,155,73,99,84,70,115,152,35,49,102,86,133,76,122,116,161,46,145,56,21,108,192,40,169,129,24,154,60,177,27,151,111,96,171,141,98,114,64,79,179,47,88,5,186,199,83,153,166,174,150,160,190,109,176,50,168,17,48,63];False
1622;7826;9448;[180,172,12,22,26,178,120,3,2,130,106,117,77,112,31,29,66,157,103,44,74,188,93,164,100,0,101,61,45,55,126,185,78,128,42,57,37,121,162,146,118,10,91,1,33,124,94,196,36,182,140,92,82,23,189,81,87,85,104,20,167,193,136,144,62,95,38,139,19,194,51,149,34,127,175,123,90,67,32,72,137,25,170,65,16,125,11,113,156,71,165,184,143,8,173,18,131,110,41,59,80,147,30,134,148,195,97,58,6,43,7,191,181,68,198,142,163,158,54,52,119,187,39,107,138,14,13,197,132,89,75,4,15,135,53,183,69,159,9,105,28,155,73,99,84,70,115,152,35,161,102,86,133,76,122,116,49,46,145,56,21,108,192,40,169,129,24,154,60,179,27,151,111,96,171,141,98,114,64,79,177,47,88,5,186,199,83,153,166,174,150,160,190,109,176,50,168,17,48,63];False
1690;7718;9408;[180,172,12,22,26,178,120,3,2,130,84,117,77,112,31,29,66,157,103,44,74,188,93,164,147,0,101,61,45,138,126,185,78,128,42,57,37,121,162,146,118,10,91,1,33,124,94,196,36,182,140,92,82,23,189,81,87,85,104,20,167,193,136,144,62,95,38,139,19,194,51,149,34,127,175,123,90,67,32,72,137,25,170,65,16,125,11,113,156,71,165,184,143,8,173,18,131,110,41,59,80,100,30,134,148,195,97,58,6,43,7,191,181,68,198,142,163,158,54,52,119,187,39,107,55,14,13,197,132,89,75,4,15,135,53,183,69,159,9,105,28,155,73,99,106,70,115,152,35,161,102,86,133,76,122,116,49,46,145,56,21,108,192,40,169,129,24,154,60,177,27,151,111,96,171,141,98,114,64,79,179,47,88,5,186,199,83,153,166,174,150,160,190,109,176,50,168,17,48,63];False
1636;7793;9429;[180,172,12,22,26,178,120,3,2,130,84,117,77,112,31,29,66,157,103,44,74,188,93,164,100,0,101,61,45,138,126,185,78,128,42,57,37,121,162,146,118,10,91,1,33,124,94,196,52,182,140,92,82,23,189,81,87,85,104,20,167,193,136,144,62,95,38,139,19,194,51,149,34,127,175,123,90,67,32,72,137,25,170,65,16,125,11,113,156,71,165,184,143,8,173,18,131,110,41,59,80,147,30,134,148,195,97,58,6,43,7,191,181,68,198,142,163,158,54,36,119,187,39,107,55,14,13,197,132,89,75,4,15,135,53,183,69,159,9,105,28,155,73,99,106,70,115,152,35,161,102,86,133,76,122,116,49,46,145,56,21,108,192,40,169,129,24,154,60,177,27,151,111,96,171,141,98,114,64,79,179,47,88,5,186,199,83,153,166,174,150,160,190,109,176,50,168,17,48,63];False
1633;7797;9430;[180,172,12,22,26,178,120,3,2,130,84,117,77,112,31,29,66,157,103,44,74,188,93,164,100,0,101,61,45,138,126,185,78,128,42,57,37,121,162,146,118,10,91,1,33,124,94,196,36,182,140,92,82,23,189,81,87,85,104,20,167,193,136,144,181,95,38,139,19,194,51,149,34,127,175,123,90,67,32,72,137,25,170,65,16,125,11,113,156,71,165,184,143,8,173,18,131,110,41,59,80,147,30,134,148,195,97,58,6,43,7,191,62,68,198,142,163,158,54,52,119,187,39,107,55,14,13,197,132,89,75,4,15,135,53,183,69,159,9,105,28,155,73,99,106,70,115,152,35,161,102,86,133,76,122,116,49,46,145,56,21,108,192,40,169,129,24,154,60,177,27,151,111,96,171,141,98,114,64,79,179,47,88,5,186,199,83,153,166,174,150,160,190,109,176,50,168,17,48,63];False
1650;7769;9419;[180,172,12,22,26,178,120,3,2,130,84,117,77,112,31,29,66,157,103,44,74,188,93,164,100,0,101,61,45,138,126,185,78,128,42,57,37,121,162,146,118,10,91,1,33,124,94,196,36,182,140,92,82,23,189,81,87,85,104,20,167,193,136,144,62,95,38,139,19,194,51,149,34,127,175,123,90,67,32,72,137,25,170,65,16,125,11,113,156,71,165,184,143,8,173,18,131,110,41,59,80,147,30,134,148,195,97,58,6,43,7,191,181,68,198,142,163,158,54,52,119,187,39,107,55,14,13,197,132,89,75,4,15,135,53,183,69,159,9,105,28,155,73,99,106,70,115,152,35,49,102,86,133,76,122,116,161,46,145,56,21,108,192,40,169,129,24,154,60,177,27,151,111,96,171,141,98,114,64,79,179,47,88,5,186,199,83,153,166,174,150,160,190,109,176,50,168,17,48,63];False
1678;7747;9425;[180,172,12,22,26,178,120,3,2,130,84,117,77,112,31,29,66,157,103,44,74,188,93,164,100,0,101,61,45,138,126,185,78,128,42,57,37,121,162,146,118,10,91,1,33,124,94,196,36,182,140,92,82,23,189,81,87,85,104,20,167,193,136,144,62,95,38,139,19,194,51,149,34,127,175,123,90,67,32,72,137,25,170,65,16,125,11,113,156,71,165,184,143,8,173,18,131,110,41,59,80,147,30,134,148,195,97,58,6,43,7,191,181,68,198,142,163,158,54,52,119,187,39,107,55,14,13,197,132,89,75,4,15,135,53,183,69,159,9,105,28,155,73,99,106,70,115,152,35,161,102,86,133,76,122,116,49,46,145,56,21,108,192,40,169,129,24,154,60,177,27,151,96,111,171,141,98,114,64,79,179,47,88,5,186,199,83,153,166,174,150,160,190,109,176,50,168,17,48,63];False
1644;7790;9434;[180,172,12,22,26,178,120,3,2,130,84,117,77,112,31,29,66,157,103,44,74,188,93,164,100,0,101,61,45,55,126,185,78,128,42,57,37,121,162,146,118,10,91,1,33,124,94,196,36,182,140,92,82,23,189,81,87,85,104,20,167,193,136,144,62,95,38,139,19,194,51,149,34,127,175,123,90,67,32,72,137,25,170,65,16,125,11,113,156,71,165,184,143,8,173,18,131,110,41,59,80,147,30,134,148,195,97,58,6,43,7,191,181,68,198,142,163,158,54,52,119,187,39,107,138,14,13,197,132,89,75,4,15,135,53,183,69,159,9,105,28,155,73,99,106,70,115,152,35,49,102,86,133,76,122,116,161,46,145,56,21,108,192,40,169,129,24,154,60,179,27,151,111,96,171,141,98,114,64,79,177,47,88,5,186,199,83,153,166,174,150,160,190,109,176,50,168,17,48,63];False
1628;7801;9429;[180,172,12,22,26,178,120,3,2,130,84,117,77,112,31,29,66,157,103,44,74,188,93,164,100,0,101,61,45,55,126,185,78,128,42,57,37,121,162,146,118,10,91,1,33,124,94,196,36,182,140,92,82,23,189,81,87,85,104,20,167,193,136,144,62,95,38,139,19,194,51,149,34,127,175,123,90,67,32,72,137,25,170,65,16,125,11,113,156,71,165,184,143,8,173,18,131,110,41,59,80,147,30,134,148,195,97,58,6,43,7,191,181,68,198,142,163,158,54,60,119,187,39,107,138,14,13,197,132,89,75,4,15,135,53,183,69,159,9,105,28,155,73,99,106,70,115,152,35,161,102,86,133,76,122,116,49,46,145,56,21,108,192,40,169,129,24,154,52,179,27,151,111,96,171,141,98,114,64,79,177,47,88,5,186,199,83,153,166,174,150,160,190,109,176,50,168,17,48,63];False
2465;7052;9517;[50,21,180,178,9,37,94,118,172,132,130,117,77,112,93,184,66,157,103,105,74,188,144,174,149,195,167,61,45,138,41,49,78,128,42,57,3,121,162,126,143,160,91,1,33,124,147,196,36,46,140,31,82,23,189,81,0,85,22,26,176,193,109,190,170,95,38,139,65,20,51,142,34,198,146,4,84,67,32,72,163,25,70,19,145,125,11,113,156,71,165,87,194,8,173,18,131,110,101,59,80,100,30,134,148,2,97,58,175,151,7,191,181,68,123,6,137,158,54,52,119,187,39,107,55,14,13,111,12,89,75,129,15,135,53,183,69,159,164,90,28,155,73,99,106,136,115,152,35,161,102,86,133,76,122,116,104,17,16,56,92,108,192,40,169,182,29,154,60,177,27,43,127,96,171,141,98,114,64,79,179,47,88,5,186,199,83,153,166,24,150,10,185,62,120,197,168,44,48,63];False
2512;7041;9553;[50,21,180,178,9,37,94,118,172,12,130,117,195,112,93,184,66,157,103,105,74,188,144,174,149,77,167,61,45,138,41,49,78,128,42,57,3,121,162,126,143,160,91,1,33,124,147,196,36,46,140,31,82,23,189,81,0,85,22,26,176,193,109,190,170,95,38,139,65,20,51,142,34,198,146,4,84,67,32,72,163,25,70,19,145,125,11,113,156,71,165,87,194,8,173,18,131,110,101,59,80,100,30,134,148,2,97,58,175,151,7,191,181,68,123,6,137,158,54,52,119,187,39,107,55,14,13,111,132,89,75,129,15,135,53,183,69,159,164,90,28,155,73,99,106,136,115,152,35,161,102,86,133,76,122,116,104,17,16,56,92,108,192,40,169,182,29,154,60,177,27,43,127,96,171,141,98,114,64,79,179,47,88,5,186,199,83,153,166,24,150,10,185,62,120,197,168,44,48,63];False
2441;7056;9497;[50,21,180,178,9,37,94,118,172,12,130,117,77,112,93,46,66,157,103,105,74,188,144,174,149,195,167,61,45,138,41,49,78,128,42,57,3,121,162,126,143,160,91,1,33,124,147,196,36,184,140,31,82,23,189,81,0,85,22,26,176,193,109,190,170,95,38,139,65,20,51,142,34,198,146,4,84,67,32,72,163,25,70,19,145,125,11,113,156,71,165,87,194,8,173,18,131,110,101,59,80,100,30,134,148,2,97,58,175,151,7,191,181,68,123,6,137,158,54,52,119,187,39,107,55,14,13,111,132,89,75,129,15,135,53,183,69,159,164,90,28,155,73,99,106,136,115,152,35,161,102,86,133,76,122,116,104,17,16,56,92,108,192,40,169,182,29,154,60,177,27,43,127,96,171,141,98,114,64,79,179,47,88,5,186,199,83,153,166,24,150,10,185,62,120,197,168,44,48,63];False
2508;7050;9558;[50,21,180,178,9,37,94,118,172,12,130,117,77,112,93,184,66,157,103,105,142,188,144,174,149,195,167,61,45,138,41,49,78,128,42,57,3,121,162,126,143,160,91,1,33,124,147,196,36,46,140,31,82,23,189,81,0,85,22,26,176,193,109,190,170,95,38,139,65,20,51,74,34,198,146,4,84,67,32,72,163,25,70,19,145,125,11,113,156,71,165,87,194,8,173,18,131,110,101,59,80,100,30,134,148,2,97,58,175,151,7,191,181,68,123,6,137,158,54,52,119,187,39,107,55,14,13,111,132,89,75,129,15,135,53,183,69,159,164,90,28,155,73,99,106,136,115,152,35,161,102,86,133,76,122,116,104,17,16,56,92,108,192,40,169,182,29,154,60,177,27,43,127,96,171,141,98,114,64,79,179,47,88,5,186,199,83,153,166,24,150,10,185,62,120,197,168,44,48,63];False
2450;7055;9505;[50,21,180,178,9,37,94,118,172,12,130,117,77,112,93,184,66,157,103,105,74,188,144,174,149,2,167,61,45,138,41,49,78,128,42,57,3,121,162,126,143,160,91,1,33,124,147,196,36,46,140,31,82,23,189,81,0,85,22,26,176,193,109,190,170,95,38,139,65,20,51,142,34,198,146,4,84,67,32,72,163,25,70,19,145,125,11,113,156,71,165,87,194,8,173,18,131,110,101,59,80,100,30,134,148,195,97,58,175,151,7,191,181,68,123,6,137,158,54,52,119,187,39,107,55,14,13,111,132,89,75,129,15,135,53,183,69,159,164,90,28,155,73,99,106,136,115,152,35,161,102,86,133,76,122,116,104,17,16,56,92,108,192,40,169,182,29,154,60,177,27,43,127,96,171,141,98,114,64,79,179,47,88,5,186,199,83,153,166,24,150,10,185,62,120,197,168,44,48,63];False
2508;7049;9557;[50,21,180,178,9,37,94,118,172,12,130,117,77,112,93,184,66,157,103,105,74,188,144,174,149,119,167,61,45,138,41,49,78,128,42,57,3,121,162,126,143,160,91,1,33,124,147,196,36,46,140,31,82,23,189,81,0,85,22,26,176,193,109,190,170,95,38,139,65,20,51,142,34,198,146,4,84,67,32,72,163,25,70,19,145,125,11,113,156,71,165,87,194,8,173,18,131,110,101,59,80,100,30,134,148,2,97,58,175,151,7,191,181,68,123,6,137,158,54,52,195,187,39,107,55,14,13,111,132,89,75,129,15,135,53,183,69,159,164,90,28,155,73,99,106,136,115,152,35,161,102,86,133,76,122,116,104,17,16,56,92,108,192,40,169,182,29,154,60,177,27,43,127,96,171,141,98,114,64,79,179,47,88,5,186,199,83,153,166,24,150,10,185,62,120,197,168,44,48,63];False
2490;7050;9540;[50,21,180,178,9,37,94,118,172,12,130,117,77,112,93,184,66,157,103,105,74,188,144,174,149,195,167,61,45,138,41,49,78,128,42,57,125,121,162,126,143,160,91,1,33,124,147,196,36,46,140,31,82,23,189,81,0,85,22,26,176,193,109,190,170,95,38,139,65,20,51,142,34,198,146,4,84,67,32,72,163,25,70,19,145,3,11,113,156,71,165,87,194,8,173,18,131,110,101,59,80,100,30,134,148,2,97,58,175,151,7,191,181,68,123,6,137,158,54,52,119,187,39,107,55,14,13,111,132,89,75,129,15,135,53,183,69,159,164,90,28,155,73,99,106,136,115,152,35,161,102,86,133,76,122,116,104,17,16,56,92,108,192,40,169,182,29,154,60,177,27,43,127,96,171,141,98,114,64,79,179,47,88,5,186,199,83,153,166,24,150,10,185,62,120,197,168,44,48,63];False
2401;7066;9467;[50,21,180,178,9,37,94,118,172,12,130,117,77,112,93,184,66,157,103,105,74,188,144,174,149,195,167,61,45,138,41,49,78,128,42,57,148,121,162,126,143,160,91,1,33,124,147,196,36,46,140,31,82,23,189,81,0,85,22,26,176,193,109,190,170,95,38,139,65,20,51,142,34,198,146,4,84,67,32,72,163,25,70,19,145,125,11,113,156,71,165,87,194,8,173,18,131,110,101,59,80,100,30,134,3,2,97,58,175,151,7,191,181,68,123,6,137,158,54,52,119,187,39,107,55,14,13,111,132,89,75,129,15,135,53,183,69,159,164,90,28,155,73,99,106,136,115,152,35,161,102,86,133,76,122,116,104,17,16,56,92,108,192,40,169,182,29,154,60,177,27,43,127,96,171,141,98,114,64,79,179,47,88,5,186,199,83,153,166,24,150,10,185,62,120,197,168,44,48,63];False
2386;7057;9443;[50,21,180,178,9,37,94,118,172,12,130,117,77,112,93,184,66,157,103,105,74,188,144,174,149,195,167,61,45,138,41,49,78,128,42,57,3,121,162,126,143,160,91,1,33,124,147,196,36,46,140,17,82,23,189,81,0,85,22,26,176,193,109,190,170,95,38,139,65,20,51,142,34,198,146,4,84,67,32,72,163,25,70,19,145,125,11,113,156,71,165,87,194,8,173,18,131,110,101,59,80,100,30,134,148,2,97,58,175,151,7,191,181,68,123,6,137,158,54,52,119,187,39,107,55,14,13,111,132,89,75,129,15,135,53,183,69,159,164,90,28,155,73,99,106,136,115,152,35,161,102,86,133,76,122,116,104,31,16,56,92,108,192,40,169,182,29,154,60,177,27,43,127,96,171,141,98,114,64,79,179,47,88,5,186,199,83,153,166,24,150,10,185,62,120,197,168,44,48,63];False
1593;7897;9490;[198,155,29,187,141,119,148,83,130,107,105,146,118,178,192,183,104,50,53,162,173,18,154,120,24,197,15,135,34,159,76,134,121,10,123,90,41,22,38,14,168,17,94,60,49,153,185,127,39,57,9,28,129,8,93,46,55,165,42,166,59,36,23,12,54,151,175,7,117,44,78,171,81,52,150,140,92,100,58,79,177,95,167,61,181,65,82,5,27,133,96,157,138,45,188,87,66,126,99,86,112,40,51,106,143,160,80,71,69,190,43,128,85,164,111,195,25,37,145,139,33,13,137,158,182,109,21,73,6,56,63,31,142,115,152,102,186,113,196,89,26,176,72,74,4,97,131,0,199,62,1,189,108,84,124,174,184,161,156,147,3,169,191,11,194,180,163,170,103,91,35,125,149,32,98,114,68,116,20,67,193,16,136,144,70,19,64,101,122,172,77,2,110,30,179,47,132,75,88,48];False
1540;7932;9472;[198,155,29,187,141,119,148,128,130,107,105,146,118,178,192,183,104,50,53,162,173,18,154,120,24,197,15,135,34,159,76,134,121,10,123,90,41,22,38,14,168,17,94,60,49,153,185,127,39,57,9,28,129,8,93,46,55,165,42,166,59,36,23,12,54,151,175,83,117,44,78,171,81,52,150,140,92,100,58,79,177,95,167,61,181,65,82,5,27,133,96,157,138,45,188,87,66,126,99,86,112,40,51,106,143,160,80,71,69,190,43,7,85,164,111,195,25,37,145,139,33,13,137,158,182,109,21,73,6,56,63,31,142,115,152,102,186,113,196,89,26,176,72,74,4,97,131,0,199,62,1,189,108,84,124,174,184,161,156,147,3,169,191,11,194,180,163,170,103,91,35,125,149,32,98,114,68,116,20,67,193,16,136,144,70,19,64,101,122,172,77,2,110,30,179,47,132,75,88,48];False
1566;7895;9461;[198,155,29,187,141,119,148,7,130,107,105,146,118,33,192,183,104,50,53,162,173,18,154,120,24,197,15,135,34,159,76,134,121,10,123,90,41,22,38,14,168,17,94,60,49,153,185,127,39,57,9,28,129,8,93,46,55,165,42,166,59,36,23,12,54,151,175,83,117,44,78,171,81,52,150,140,92,100,58,79,177,95,167,61,181,65,82,5,27,133,96,157,138,45,188,87,66,126,99,86,112,40,51,106,143,160,80,71,69,190,43,128,85,164,111,195,25,37,145,139,178,13,137,158,182,109,21,73,6,56,63,31,142,115,152,102,186,113,196,89,26,176,72,74,4,97,131,0,199,62,1,189,108,84,124,174,184,161,156,147,3,169,191,11,194,180,163,170,103,91,35,125,149,32,98,114,68,116,20,67,193,16,136,144,70,19,64,101,122,172,77,2,110,30,179,47,132,75,88,48];False
1593;7879;9472;[198,155,29,187,141,119,148,7,130,107,105,146,118,178,192,183,51,50,53,162,173,18,154,120,24,197,15,135,34,159,76,134,121,10,123,90,41,22,38,14,168,17,94,60,49,153,185,127,39,57,9,28,129,8,93,46,55,165,42,166,59,36,23,12,54,151,175,83,117,44,78,171,81,52,150,140,92,100,58,79,177,95,167,61,181,65,82,5,27,133,96,157,138,45,188,87,66,126,99,86,112,40,104,106,143,160,80,71,69,190,43,128,85,164,111,195,25,37,145,139,33,13,137,158,182,109,21,73,6,56,63,31,142,115,152,102,186,113,196,89,26,176,72,74,4,97,131,0,199,62,1,189,108,84,124,174,184,161,156,147,3,169,191,11,194,180,163,170,103,91,35,125,149,32,98,114,68,116,20,67,193,16,136,144,70,19,64,101,122,172,77,2,110,30,179,47,132,75,88,48];False
1545;7915;9460;[198,155,29,187,141,119,148,7,130,107,105,146,118,178,192,183,104,17,53,162,173,18,154,120,24,197,15,135,34,159,76,134,121,10,123,90,41,22,38,14,168,50,94,60,49,153,185,127,39,57,9,28,129,8,93,46,55,165,42,166,59,36,23,12,54,151,175,83,117,44,78,171,81,52,150,140,92,100,58,79,177,95,167,61,181,65,82,5,27,133,96,157,138,45,188,87,66,126,99,86,112,40,51,106,143,160,80,71,69,190,43,128,85,164,111,195,25,37,145,139,33,13,137,158,182,109,21,73,6,56,63,31,142,115,152,102,186,113,196,89,26,176,72,74,4,97,131,0,199,62,1,189,108,84,124,174,184,161,156,147,3,169,191,11,194,180,163,170,103,91,35,125,149,32,98,114,68,116,20,67,193,16,136,144,70,19,64,101,122,172,77,2,110,30,179,47,132,75,88,48];False
1584;7890;9474;[198,155,29,187,141,119,148,7,130,107,105,146,118,178,192,183,104,50,53,162,173,18,154,120,24,197,15,135,34,159,76,134,121,10,123,90,41,22,38,14,168,17,94,60,49,42,185,127,39,57,9,28,129,8,93,46,55,165,153,166,59,36,23,12,54,151,175,83,117,44,78,171,81,52,150,140,92,100,58,79,177,95,167,61,181,65,82,5,27,133,96,157,138,45,188,87,66,126,99,86,112,40,51,106,143,160,80,71,69,190,43,128,85,164,111,195,25,37,145,139,33,13,137,158,182,109,21,73,6,56,63,31,142,115,152,102,186,113,196,89,26,176,72,74,4,97,131,0,199,62,1,189,108,84,124,174,184,161,156,147,3,169,191,11,194,180,163,170,103,91,35,125,149,32,98,114,68,116,20,67,193,16,136,144,70,19,64,101,122,172,77,2,110,30,179,47,132,75,88,48];False
1559;7877;9436;[198,155,29,187,141,119,148,7,130,107,105,146,118,178,192,183,104,50,53,162,173,18,154,120,24,197,15,135,34,159,76,134,121,10,123,90,41,22,38,14,168,17,94,60,49,153,185,127,42,57,9,28,129,8,93,46,55,165,39,166,59,36,23,12,54,151,175,83,117,44,78,171,81,52,150,140,92,100,58,79,177,95,167,61,181,65,82,5,27,133,96,157,138,45,188,87,66,126,99,86,112,40,51,106,143,160,80,71,69,190,43,128,85,164,111,195,25,37,145,139,33,13,137,158,182,109,21,73,6,56,63,31,142,115,152,102,186,113,196,89,26,176,72,74,4,97,131,0,199,62,1,189,108,84,124,174,184,161,156,147,3,169,191,11,194,180,163,170,103,91,35,125,149,32,98,114,68,116,20,67,193,16,136,144,70,19,64,101,122,172,77,2,110,30,179,47,132,75,88,48];False
1538;7932;9470;[198,155,29,187,141,119,148,7,130,107,105,146,118,178,192,183,104,50,53,162,173,18,154,120,24,197,15,135,34,159,76,134,121,10,123,90,41,22,38,14,168,17,94,60,49,153,185,127,132,57,9,28,129,8,93,46,55,165,42,166,59,36,23,12,54,151,175,83,117,44,78,171,81,52,150,140,92,100,58,79,177,95,167,61,181,65,82,5,27,133,96,157,138,45,188,87,66,126,99,86,112,40,51,106,143,160,80,71,69,190,43,128,85,164,111,195,25,37,145,139,33,13,137,158,182,109,21,73,6,56,63,31,142,115,152,102,186,113,196,89,26,176,72,74,4,97,131,0,199,62,1,189,108,84,124,174,184,161,156,147,3,169,191,11,194,180,163,170,103,91,35,125,149,32,98,114,68,116,20,67,193,16,136,144,70,19,64,101,122,172,77,2,110,30,179,47,39,75,88,48];False
1544;7914;9458;[198,155,29,187,141,119,148,7,130,107,105,146,118,178,192,183,104,50,53,162,173,18,154,120,24,197,15,135,34,159,76,134,121,10,123,90,41,22,38,14,168,17,94,60,49,153,185,127,39,57,9,28,129,8,93,46,55,165,42,166,59,36,23,12,54,151,175,83,117,44,78,171,158,52,150,140,92,100,58,79,177,95,167,61,181,65,82,5,27,133,96,157,138,45,188,87,66,126,99,86,112,40,51,106,143,160,80,71,69,190,43,128,85,164,111,195,25,37,145,139,33,13,137,81,182,109,21,73,6,56,63,31,142,115,152,102,186,113,196,89,26,176,72,74,4,97,131,0,199,62,1,189,108,84,124,174,184,161,156,147,3,169,191,11,194,180,163,170,103,91,35,125,149,32,98,114,68,116,20,67,193,16,136,144,70,19,64,101,122,172,77,2,110,30,179,47,132,75,88,48];False
1551;7902;9453;[198,155,29,187,141,119,148,7,130,107,105,146,118,178,192,183,104,50,53,162,173,18,154,120,24,197,15,135,34,159,76,134,121,10,123,90,41,22,38,14,168,17,94,60,49,153,185,127,39,57,9,28,129,8,93,46,55,165,42,166,59,36,23,12,54,151,175,83,117,44,78,171,81,52,150,140,92,100,58,79,177,95,167,61,181,65,82,5,27,133,96,157,138,45,188,87,66,126,99,86,112,40,51,106,143,160,80,71,69,190,43,128,85,164,111,195,25,37,145,139,33,13,137,158,182,109,21,73,6,56,63,31,142,115,152,102,186,196,113,89,26,176,72,74,4,97,131,0,199,62,1,189,108,84,124,174,184,161,156,147,3,169,191,11,194,180,163,170,103,91,35,125,149,32,98,114,68,116,20,67,193,16,136,144,70,19,64,101,122,172,77,2,110,30,179,47,132,75,88,48];False
1585;7870;9455;[198,155,29,187,141,119,148,7,130,107,105,146,118,178,192,183,104,50,53,162,173,18,154,120,24,197,15,135,34,159,76,134,121,10,123,90,41,22,38,14,168,17,94,60,49,153,185,127,39,57,9,28,129,8,93,46,55,165,42,166,59,36,23,12,54,151,175,83,117,44,78,171,81,52,150,140,92,100,58,79,177,95,167,61,181,65,82,5,27,133,96,157,138,45,188,87,66,126,99,86,112,40,51,106,143,160,80,71,69,190,43,128,85,164,111,195,25,37,145,139,33,13,137,158,182,109,21,73,6,56,63,31,142,115,152,102,186,113,196,89,26,176,72,74,4,97,131,172,199,62,1,189,108,84,124,174,184,161,156,147,3,169,191,11,194,180,163,170,103,91,35,125,149,32,98,114,68,116,20,67,193,16,136,144,70,19,64,101,122,0,77,2,110,30,179,47,132,75,88,48];False
1529;7945;9474;[198,155,29,187,141,119,148,7,130,107,105,146,118,178,192,183,104,17,53,162,173,18,154,120,24,197,15,135,34,159,82,134,121,10,123,90,41,22,38,14,168,50,94,60,49,153,185,127,42,57,9,28,129,8,93,46,55,165,39,166,59,36,23,12,54,151,175,83,117,44,78,171,81,52,150,140,92,100,58,79,177,95,167,61,181,65,76,5,27,133,96,157,138,45,188,87,66,126,99,86,112,40,51,106,143,160,80,71,69,190,43,128,85,164,111,195,25,37,145,139,33,13,137,158,182,109,21,73,6,56,63,31,142,115,152,102,186,113,196,89,26,176,72,74,4,97,131,0,199,62,1,189,108,84,124,174,184,161,156,147,3,169,191,11,194,180,163,170,103,91,35,125,149,32,98,114,68,116,20,67,193,16,136,144,70,19,64,101,122,172,77,2,110,30,179,47,132,75,88,48];False
1506;7971;9477;[198,155,29,187,141,119,148,7,130,107,105,146,118,178,192,183,104,50,53,162,173,18,154,120,24,197,15,135,34,159,82,134,121,10,123,90,41,22,38,14,168,17,94,42,49,153,185,127,60,57,9,28,129,8,93,46,55,165,39,166,59,36,23,12,54,151,175,83,117,44,78,171,81,52,150,140,92,100,58,79,177,95,167,61,181,65,76,5,27,133,96,157,138,45,188,87,66,126,99,86,112,40,51,106,143,160,80,71,69,190,43,128,85,164,111,195,25,37,145,139,33,13,137,158,182,109,21,73,6,56,63,31,142,115,152,102,186,113,196,89,26,176,72,74,4,97,131,0,199,62,1,189,108,84,124,174,184,161,156,147,3,169,191,11,194,180,163,170,103,91,35,125,149,32,98,114,68,116,20,67,193,16,136,144,70,19,64,101,122,172,77,2,110,30,179,47,132,75,88,48];True
1516;7964;9480;[198,155,29,187,141,119,148,7,130,107,105,146,118,178,192,183,104,50,53,162,173,18,154,120,24,197,15,135,34,159,82,134,121,10,123,90,41,22,38,14,168,17,94,60,49,153,185,127,166,57,9,28,129,8,93,46,55,165,39,42,59,36,23,12,54,151,175,83,117,44,78,171,81,52,150,140,92,100,58,79,177,95,167,61,181,65,76,5,27,133,96,157,138,45,188,87,66,126,99,86,112,40,51,106,143,160,80,71,69,190,43,128,85,164,111,195,25,37,145,139,33,13,137,158,182,109,21,73,6,56,63,31,142,115,152,102,186,113,196,89,26,176,72,74,4,97,131,0,199,62,1,189,108,84,124,174,184,161,156,147,3,169,191,11,194,180,163,170,103,91,35,125,149,32,98,114,68,116,20,67,193,16,136,144,70,19,64,101,122,172,77,2,110,30,179,47,132,75,88,48];False
1528;7944;9472;[198,155,29,187,141,119,148,7,130,107,105,146,118,178,192,183,104,50,53,162,173,18,154,120,24,197,15,135,34,159,82,134,121,10,123,90,41,22,38,14,168,17,94,60,49,153,185,127,42,57,9,28,129,8,93,46,55,165,39,166,59,36,23,12,54,151,175,83,117,44,78,171,158,52,150,140,92,100,58,79,177,95,167,61,181,65,76,5,27,133,96,157,138,45,188,87,66,126,99,86,112,40,51,106,143,160,80,71,69,190,43,128,85,164,111,195,25,37,145,139,33,13,137,81,182,109,21,73,6,56,63,31,142,115,152,102,186,113,196,89,26,176,72,74,4,97,131,0,199,62,1,189,108,84,124,174,184,161,156,147,3,169,191,11,194,180,163,170,103,91,35,125,149,32,98,114,68,116,20,67,193,16,136,144,70,19,64,101,122,172,77,2,110,30,179,47,132,75,88,48];False
1535;7932;9467;[198,155,29,187,141,119,148,7,130,107,105,146,118,178,192,183,104,50,53,162,173,18,154,120,24,197,15,135,34,159,82,134,121,10,123,90,41,22,38,14,168,17,94,60,49,153,185,127,42,57,9,28,129,8,93,46,55,165,39,166,59,36,23,12,54,151,175,83,117,44,78,171,81,52,150,140,92,100,58,79,177,95,167,61,181,65,76,5,27,133,96,157,138,45,188,87,66,126,99,86,112,40,51,106,143,160,80,71,69,190,43,128,85,164,111,195,25,37,145,139,33,13,137,158,182,109,21,73,6,56,63,31,142,115,152,102,186,196,113,89,26,176,72,74,4,97,131,0,199,62,1,189,108,84,124,174,184,161,156,147,3,169,191,11,194,180,163,170,103,91,35,125,149,32,98,114,68,116,20,67,193,16,136,144,70,19,64,101,122,172,77,2,110,30,179,47,132,75,88,48];False
2554;7040;9594;[20,146,16,190,109,118,6,193,172,12,130,22,195,112,93,147,66,157,103,105,74,188,87,37,174,149,167,61,45,123,41,49,78,128,42,57,3,121,162,126,143,160,91,1,33,124,94,196,36,44,140,92,82,23,189,81,0,85,19,26,176,46,9,144,170,95,38,139,178,138,51,50,34,194,180,4,84,67,32,72,163,25,70,168,31,117,77,113,156,71,165,2,184,8,173,18,131,110,101,59,80,100,30,134,148,11,97,58,151,175,7,191,181,68,198,142,137,158,54,52,119,187,39,107,55,14,13,111,132,89,75,129,15,135,53,183,69,159,164,90,28,155,73,99,106,136,115,152,35,161,102,86,133,76,122,116,65,125,145,56,21,108,192,40,169,182,29,154,60,177,27,43,127,96,171,141,98,114,64,79,179,47,88,5,186,199,83,153,166,24,150,10,185,62,120,197,104,17,48,63];False
2705;7003;9708;[20,146,16,190,109,147,6,193,172,12,130,22,195,112,93,118,66,157,103,105,74,188,87,37,174,149,167,61,45,123,41,49,78,128,42,57,3,121,162,126,143,160,91,1,33,124,94,196,36,44,140,92,82,23,189,81,0,85,19,26,176,46,9,144,170,95,38,139,178,138,51,50,34,194,180,4,84,67,32,72,163,25,70,168,31,191,77,113,156,71,165,2,184,8,173,18,131,110,101,59,80,100,30,134,148,11,97,58,151,175,7,117,181,68,198,142,137,158,54,52,119,187,39,107,55,14,13,111,132,89,75,129,15,135,53,183,69,159,164,90,28,155,73,99,106,136,115,152,35,161,102,86,133,76,122,116,65,125,145,56,21,108,192,40,169,182,29,154,60,177,27,43,127,96,171,141,98,114,64,79,179,47,88,5,186,199,83,153,166,24,150,10,185,62,120,197,104,17,48,63];False
2582;7033;9615;[20,146,16,190,109,147,6,193,172,12,130,22,195,112,93,118,66,157,103,105,74,188,87,37,174,149,167,61,45,123,41,49,78,128,42,57,3,121,162,126,143,160,91,1,33,124,94,196,36,44,140,92,82,23,189,81,0,85,19,26,176,46,9,144,170,95,38,139,178,138,51,50,34,194,180,4,84,67,32,72,163,25,70,104,31,117,11,113,156,71,165,2,184,8,173,18,131,110,101,59,80,100,30,134,148,83,97,58,151,175,7,191,181,68,198,142,137,158,54,52,119,187,39,107,55,14,13,111,132,89,75,129,15,135,53,183,69,159,164,90,28,155,73,99,106,136,115,152,35,161,102,86,133,76,122,116,65,125,145,56,21,108,192,40,169,182,29,154,60,177,27,43,127,96,171,141,98,114,64,79,179,47,88,5,186,199,77,153,166,24,150,10,185,62,120,197,168,17,48,63];False
2703;6998;9701;[20,146,16,190,109,147,6,193,172,12,130,22,195,112,93,118,66,157,103,105,74,188,87,37,174,149,167,61,45,123,41,49,78,128,42,57,3,121,162,126,143,160,91,1,33,124,94,196,36,44,140,92,82,23,189,81,0,85,19,26,176,46,9,144,170,95,38,139,178,138,51,50,34,194,180,4,84,67,32,72,163,25,70,168,31,191,117,113,156,71,165,2,184,8,173,18,131,110,101,59,80,100,30,134,148,11,97,58,175,151,7,77,181,68,198,142,137,158,54,52,119,187,39,107,55,14,13,111,132,89,75,129,15,135,53,183,69,159,164,90,28,155,73,99,106,136,115,152,35,161,102,86,133,76,122,116,65,125,145,56,21,108,192,40,169,182,29,154,60,177,27,43,127,96,171,141,98,114,64,79,179,47,88,5,186,199,83,153,166,24,150,10,185,62,120,197,104,17,48,63];False
2598;7024;9622;[31,198,146,190,109,147,6,193,172,12,130,22,195,112,93,118,66,157,103,105,74,188,87,37,174,149,167,61,45,138,41,49,78,128,42,57,3,121,162,126,143,160,91,1,33,124,94,196,36,44,140,92,82,23,189,81,0,85,19,26,176,46,9,144,170,95,38,139,65,20,51,50,34,194,180,4,84,67,32,72,163,25,70,178,16,117,77,113,156,71,165,2,184,8,173,18,131,110,101,59,80,100,30,134,148,11,97,58,175,151,7,191,181,68,123,142,137,158,54,52,119,187,39,107,55,14,13,111,132,89,75,129,15,135,53,183,69,159,164,90,28,155,73,99,106,136,115,152,35,161,102,86,133,76,122,116,104,125,145,56,21,108,192,40,169,182,29,154,60,177,27,43,127,96,171,141,98,114,64,79,179,47,88,5,186,199,83,153,166,24,150,10,185,62,120,197,168,17,48,63];False
2692;7001;9693;[34,198,146,190,109,147,6,193,172,132,130,22,195,112,93,118,66,157,103,105,74,188,87,37,174,149,167,61,45,138,41,49,78,128,42,57,3,121,162,126,143,160,91,1,33,124,94,196,36,44,140,92,82,23,189,81,0,85,19,26,176,46,9,144,170,95,38,139,65,20,51,50,31,194,180,4,84,67,32,72,163,25,70,178,16,117,77,113,156,71,165,2,184,8,173,18,131,110,101,59,80,100,30,134,148,11,97,58,175,151,7,191,181,68,123,142,137,158,54,52,119,187,39,107,55,14,13,111,12,89,75,129,15,135,53,183,69,159,164,90,28,155,73,99,106,136,115,152,35,161,102,86,133,76,122,116,104,125,145,56,21,108,192,40,169,182,29,154,60,177,27,43,127,96,171,141,98,114,64,79,179,47,88,5,186,199,83,153,166,24,150,10,185,62,120,197,168,17,48,63];False
2728;6990;9718;[34,198,146,190,109,147,6,193,172,12,130,22,195,112,93,118,66,157,103,105,74,188,87,37,174,149,167,61,45,138,16,49,78,128,42,57,3,121,162,126,143,160,91,1,33,124,94,196,36,44,140,92,82,23,189,81,0,85,19,26,176,46,9,144,170,95,38,139,65,20,51,50,31,194,180,4,84,67,32,72,163,25,70,178,41,117,77,113,156,71,165,2,184,8,173,18,131,110,101,59,80,100,30,134,148,11,97,58,175,151,7,191,181,68,123,142,137,158,54,52,119,187,39,107,55,14,13,111,132,89,75,129,15,135,53,183,69,159,164,90,28,155,73,99,106,136,115,152,35,161,102,86,133,76,122,116,104,125,145,56,21,108,192,40,169,182,29,154,60,177,27,43,127,96,171,141,98,114,64,79,179,47,88,5,186,199,83,153,166,24,150,10,185,62,120,197,168,17,48,63];False
2725;6993;9718;[34,198,146,190,109,147,6,193,172,12,130,22,195,112,93,118,66,157,103,105,74,188,87,37,174,149,167,61,45,138,41,49,78,128,42,57,3,121,162,126,143,160,91,1,33,124,94,196,36,104,140,92,82,23,189,81,0,85,19,26,176,46,9,144,170,95,38,139,65,20,51,50,31,194,180,4,84,67,32,72,163,25,70,178,16,117,77,113,156,71,165,2,184,8,173,18,131,110,101,59,80,100,30,134,148,11,97,58,175,151,7,191,181,68,123,142,137,158,54,52,119,187,39,107,55,14,13,111,132,89,75,129,15,135,53,183,69,159,164,90,28,155,73,99,106,136,115,152,35,161,102,86,133,76,122,116,44,125,145,56,21,108,192,40,169,182,29,154,60,177,27,43,127,96,171,141,98,114,64,79,179,47,88,5,186,199,83,153,166,24,150,10,185,62,120,197,168,17,48,63];False
2716;6994;9710;[34,198,146,190,109,147,6,193,172,12,130,22,195,112,93,118,66,157,103,105,74,188,87,37,174,149,167,61,45,138,41,49,78,128,42,57,3,121,162,126,143,160,91,1,33,124,94,196,36,44,140,17,82,23,189,81,0,85,19,26,176,46,9,144,170,95,38,139,65,20,51,50,31,194,180,4,84,67,32,72,163,25,70,178,16,117,77,113,156,71,165,2,184,8,173,18,131,110,101,59,80,100,30,134,148,11,97,58,175,151,7,191,181,68,123,142,137,158,54,52,119,187,39,107,55,14,13,111,132,89,75,129,15,135,53,183,69,159,164,90,28,155,73,99,106,136,115,152,35,161,102,86,133,76,122,116,104,125,145,56,21,108,192,40,169,182,29,154,60,177,27,43,127,96,171,141,98,114,64,79,179,47,88,5,186,199,83,153,166,24,150,10,185,62,120,197,168,92,48,63];False
2697;6995;9692;[34,198,146,190,109,147,6,193,172,12,130,22,195,112,93,118,66,157,103,105,74,188,87,37,174,149,167,61,45,138,41,49,78,128,42,57,3,121,162,126,143,160,91,1,33,124,94,196,36,44,140,92,82,23,189,81,0,85,19,26,176,46,9,144,170,95,38,139,65,20,51,50,31,194,180,4,84,67,32,72,163,25,70,16,178,117,77,113,156,71,165,2,184,8,173,18,131,110,101,59,80,100,30,134,148,11,97,58,175,151,7,191,181,68,123,142,137,158,54,52,119,187,39,107,55,14,13,111,132,89,75,129,15,135,53,183,69,159,164,90,28,155,73,99,106,136,115,152,35,161,102,86,133,76,122,116,104,125,145,56,21,108,192,40,169,182,29,154,60,177,27,43,127,96,171,141,98,114,64,79,179,47,88,5,186,199,83,153,166,24,150,10,185,62,120,197,168,17,48,63];False
2684;6985;9669;[34,198,146,190,109,147,6,193,172,12,130,22,195,112,93,118,66,157,103,105,74,188,87,37,174,149,167,61,45,138,41,49,78,128,42,57,3,121,162,126,143,160,91,1,33,124,94,196,36,44,140,92,82,23,189,81,0,85,19,26,176,46,9,144,170,95,38,139,65,20,51,50,31,194,180,4,84,67,32,72,163,25,70,178,142,117,77,113,156,71,165,2,184,8,173,18,131,110,101,59,80,100,30,134,148,11,97,58,175,151,7,191,181,68,123,16,137,158,54,52,119,187,39,107,55,14,13,111,132,89,75,129,15,135,53,183,69,159,164,90,28,155,73,99,106,136,115,152,35,161,102,86,133,76,122,116,104,125,145,56,21,108,192,40,169,182,29,154,60,177,27,43,127,96,171,141,98,114,64,79,179,47,88,5,186,199,83,153,166,24,150,10,185,62,120,197,168,17,48,63];False
2639;7014;9653;[34,198,146,190,109,147,6,193,172,12,130,22,195,112,93,118,66,157,103,105,74,188,87,37,174,149,167,61,45,138,41,49,78,128,42,57,3,121,162,126,143,160,91,1,33,124,94,196,36,44,140,92,82,23,189,81,0,85,19,26,176,46,9,144,170,95,38,139,65,20,51,50,31,194,180,4,84,67,32,72,163,25,70,178,16,117,11,113,156,71,165,2,184,8,173,18,131,110,101,59,80,100,30,134,148,77,97,58,175,151,7,191,181,68,123,142,137,158,54,52,119,187,39,107,55,14,13,111,132,89,75,129,15,135,53,183,69,159,164,90,28,155,73,99,106,136,115,152,35,161,102,86,133,76,122,116,104,125,145,56,21,108,192,40,169,182,29,154,60,177,27,43,127,96,171,141,98,114,64,79,179,47,88,5,186,199,83,153,166,24,150,10,185,62,120,197,168,17,48,63];False
2680;7005;9685;[34,198,146,190,109,147,6,193,172,12,130,22,195,112,93,118,66,157,103,105,74,188,87,37,174,149,167,61,45,138,41,49,78,128,42,57,3,121,162,126,143,160,91,1,33,124,94,196,36,44,140,92,82,23,189,81,0,85,19,26,176,46,9,144,170,95,38,139,65,20,51,50,31,194,180,4,84,67,32,72,163,25,70,178,16,117,77,113,156,71,165,2,184,8,173,18,137,110,101,59,80,100,30,134,148,11,97,58,175,151,7,191,181,68,123,142,131,158,54,52,119,187,39,107,55,14,13,111,132,89,75,129,15,135,53,183,69,159,164,90,28,155,73,99,106,136,115,152,35,161,102,86,133,76,122,116,104,125,145,56,21,108,192,40,169,182,29,154,60,177,27,43,127,96,171,141,98,114,64,79,179,47,88,5,186,199,83,153,166,24,150,10,185,62,120,197,168,17,48,63];False
2683;6998;9681;[34,198,146,190,109,147,6,193,172,12,130,22,195,112,93,118,66,157,103,105,74,188,87,37,174,149,167,61,45,138,41,49,78,128,42,57,3,121,162,126,143,160,91,1,33,124,94,196,36,44,140,92,82,23,189,81,0,85,19,26,176,46,9,144,170,95,38,139,65,20,51,50,31,194,180,4,84,67,32,72,163,25,70,178,16,117,77,113,156,71,165,2,184,8,173,18,131,110,101,59,80,100,30,134,119,11,97,58,175,151,7,191,181,68,123,142,137,158,54,52,148,187,39,107,55,14,13,111,132,89,75,129,15,135,53,183,69,159,164,90,28,155,73,99,106,136,115,152,35,161,102,86,133,76,122,116,104,125,145,56,21,108,192,40,169,182,29,154,60,177,27,43,127,96,171,141,98,114,64,79,179,47,88,5,186,199,83,153,166,24,150,10,185,62,120,197,168,17,48,63];False
2645;7007;9652;[34,198,146,190,109,147,6,193,172,12,130,22,195,112,93,118,66,157,103,105,74,188,87,37,174,149,167,61,45,138,41,49,78,128,42,57,3,121,162,126,143,160,91,1,33,124,94,196,36,44,140,92,82,23,189,81,0,85,19,26,176,46,9,144,170,95,38,139,65,20,51,50,31,194,180,4,84,67,32,72,163,25,70,178,16,117,77,113,156,71,165,2,184,8,173,18,131,110,101,59,80,100,30,134,148,11,97,58,151,175,7,191,181,68,123,142,137,158,54,52,119,187,39,107,55,14,13,111,132,89,75,129,15,135,53,183,69,159,164,90,28,155,73,99,106,136,115,152,35,161,102,86,133,76,122,116,104,125,145,56,21,108,192,40,169,182,29,154,60,177,27,43,127,96,171,141,98,114,64,79,179,47,88,5,186,199,83,153,166,24,150,10,185,62,120,197,168,17,48,63];False
2624;7001;9625;[34,198,146,190,109,147,6,193,172,12,130,22,195,112,93,118,66,157,103,105,74,188,87,37,174,149,167,61,45,138,41,49,78,128,42,57,3,121,162,126,143,160,91,1,33,124,94,196,36,44,140,92,82,23,189,81,0,85,19,26,176,46,9,144,170,95,38,139,65,20,51,50,31,194,180,4,84,67,32,72,163,25,70,178,16,117,77,113,156,71,165,2,184,8,173,18,131,110,101,59,80,100,30,134,148,11,97,58,175,151,7,191,181,68,123,90,137,158,54,52,119,187,39,107,55,14,13,111,132,89,75,129,15,135,53,183,69,159,164,142,28,155,73,99,106,136,115,152,35,161,102,86,133,76,122,116,104,125,145,56,21,108,192,40,169,182,29,154,60,177,27,43,127,96,171,141,98,114,64,79,179,47,88,5,186,199,83,153,166,24,150,10,185,62,120,197,168,17,48,63];False
2603;7022;9625;[34,198,142,190,109,118,6,193,172,12,130,22,195,112,93,147,66,157,103,105,74,188,87,37,174,149,167,61,45,138,41,49,78,128,42,57,3,121,162,126,143,160,91,1,33,124,94,196,36,44,140,92,82,23,189,81,0,85,19,26,176,46,9,144,170,95,38,139,65,20,51,50,31,194,180,4,84,67,32,72,163,25,70,178,16,117,77,113,156,71,165,2,184,8,173,18,131,110,101,59,80,100,30,134,148,11,97,58,175,151,7,191,181,68,123,146,137,158,54,52,119,187,39,107,55,14,13,111,132,89,75,129,15,135,53,183,69,159,164,90,28,155,73,99,106,136,115,152,35,161,102,86,133,76,122,116,104,125,145,56,21,108,192,40,169,182,29,154,60,177,27,43,127,96,171,141,98,114,64,79,179,47,88,5,186,199,83,153,166,24,150,10,185,62,120,197,168,17,48,63];False
2561;7035;9596;[31,198,146,190,109,118,6,193,172,12,130,22,195,112,93,147,66,157,103,105,74,188,87,37,174,149,167,61,45,138,41,49,78,128,42,57,3,121,162,126,143,160,91,1,33,124,94,196,36,44,140,92,82,23,189,81,0,85,19,26,176,46,9,144,170,95,38,139,65,20,51,50,34,194,180,4,84,67,32,72,163,25,70,178,16,117,77,113,156,71,165,2,184,8,173,18,131,110,101,59,80,100,30,134,148,11,97,58,175,151,7,191,181,68,123,142,137,158,54,52,119,187,39,107,55,14,13,111,132,89,75,129,15,135,53,183,69,159,164,90,28,155,73,99,106,136,115,152,35,161,102,86,133,76,122,116,104,125,145,56,21,108,192,40,169,182,29,154,60,177,27,43,127,96,171,141,98,114,64,79,179,47,88,5,186,199,83,153,166,24,150,10,185,62,120,197,168,17,48,63];False
2578;7034;9612;[34,198,146,190,109,118,6,193,172,12,130,22,195,112,93,147,66,157,103,105,74,188,87,37,174,149,167,61,45,138,41,49,78,128,42,57,3,121,162,126,143,160,91,1,33,124,94,196,36,44,140,92,82,23,189,81,0,85,19,26,176,46,9,144,170,95,38,139,65,20,51,50,31,194,180,4,84,67,32,72,137,25,70,178,16,117,77,113,156,71,165,2,184,8,173,18,131,110,101,59,80,100,30,134,148,11,97,58,175,151,7,191,181,68,123,142,163,158,54,52,119,187,39,107,55,14,13,111,132,89,75,129,15,135,53,183,69,159,164,90,28,155,73,99,106,136,115,152,35,161,102,86,133,76,122,116,104,125,145,56,21,108,192,40,169,182,29,154,60,177,27,43,127,96,171,141,98,114,64,79,179,47,88,5,186,199,83,153,166,24,150,10,185,62,120,197,168,17,48,63];False
2647;6996;9643;[34,198,146,190,109,118,6,193,172,12,130,22,195,112,93,147,66,157,103,105,74,188,87,37,174,149,167,61,45,138,41,49,78,128,42,57,3,121,162,126,143,160,91,1,33,124,94,196,36,44,140,92,82,23,189,81,0,85,19,26,176,46,9,144,170,95,38,139,65,20,51,50,31,194,180,4,84,67,32,72,163,25,70,178,142,117,77,113,156,71,165,2,184,8,173,18,131,110,101,59,80,100,30,134,148,11,97,58,175,151,7,191,181,68,123,16,137,158,54,52,119,187,39,107,55,14,13,111,132,89,75,129,15,135,53,183,69,159,164,90,28,155,73,99,106,136,115,152,35,161,102,86,133,76,122,116,104,125,145,56,21,108,192,40,169,182,29,154,60,177,27,43,127,96,171,141,98,114,64,79,179,47,88,5,186,199,83,153,166,24,150,10,185,62,120,197,168,17,48,63];False
2608;7018;9626;[34,198,146,190,109,118,6,193,172,12,130,22,195,112,93,147,66,157,103,105,74,188,87,37,174,149,167,61,45,138,41,49,78,128,42,57,3,121,162,126,143,160,91,1,33,124,94,196,36,44,140,92,82,23,189,81,0,85,19,26,176,46,9,144,170,95,38,139,65,20,51,50,31,194,180,4,84,67,32,72,163,25,70,178,16,117,77,113,156,71,165,2,184,8,173,18,131,110,101,59,80,100,30,134,148,11,97,58,151,175,7,191,181,68,123,142,137,158,54,52,119,187,39,107,55,14,13,111,132,89,75,129,15,135,53,183,69,159,164,90,28,155,73,99,106,136,115,152,35,161,102,86,133,76,122,116,104,125,145,56,21,108,192,40,169,182,29,154,60,177,27,43,127,96,171,141,98,114,64,79,179,47,88,5,186,199,83,153,166,24,150,10,185,62,120,197,168,17,48,63];False
2587;7012;9599;[34,198,146,190,109,118,6,193,172,12,130,22,195,112,93,147,66,157,103,105,74,188,87,37,174,149,167,61,45,138,41,49,78,128,42,57,3,121,162,126,143,160,91,1,33,124,94,196,36,44,140,92,82,23,189,81,0,85,19,26,176,46,9,144,170,95,38,139,65,20,51,50,31,194,180,4,84,67,32,72,163,25,70,178,16,117,77,113,156,71,165,2,184,8,173,18,131,110,101,59,80,100,30,134,148,11,97,58,175,151,7,191,181,68,123,90,137,158,54,52,119,187,39,107,55,14,13,111,132,89,75,129,15,135,53,183,69,159,164,142,28,155,73,99,106,136,115,152,35,161,102,86,133,76,122,116,104,125,145,56,21,108,192,40,169,182,29,154,60,177,27,43,127,96,171,141,98,114,64,79,179,47,88,5,186,199,83,153,166,24,150,10,185,62,120,197,168,17,48,63];False
2808;6979;9787;[34,103,105,190,109,147,6,193,172,12,130,22,195,112,93,118,66,157,20,51,74,188,87,37,174,149,167,61,45,138,41,49,78,128,42,57,191,121,162,126,143,160,91,1,33,124,94,196,89,104,140,92,82,23,189,81,0,85,19,26,176,46,9,178,3,95,38,139,144,146,50,168,31,194,180,4,84,67,32,72,163,25,70,65,16,117,77,113,156,71,165,2,184,8,173,18,131,110,101,59,80,100,30,134,148,11,97,58,175,151,7,170,181,68,198,142,137,158,54,52,119,187,39,107,55,14,13,111,132,36,75,129,15,135,53,183,69,159,164,90,28,155,73,99,106,136,115,152,35,161,102,86,133,76,122,116,44,125,145,56,21,108,192,40,169,182,29,154,60,177,27,43,127,96,171,141,98,114,64,79,179,47,88,5,186,199,83,153,166,24,150,10,185,62,120,197,123,17,48,63];False
2829;6975;9804;[34,103,105,190,109,147,6,193,172,12,130,22,195,112,93,118,66,157,20,51,74,188,87,37,174,149,167,61,45,138,41,49,78,128,42,57,3,121,162,126,143,160,91,1,33,124,94,196,36,44,140,92,82,23,189,81,0,85,19,26,176,46,9,178,191,95,38,139,144,48,50,168,31,194,180,4,84,67,32,72,163,25,70,65,16,117,77,113,156,71,165,2,184,8,173,18,131,110,101,59,80,100,30,134,148,11,97,58,175,151,7,170,181,68,198,142,137,158,54,52,119,187,39,107,55,14,13,111,132,89,75,129,15,135,53,183,69,159,164,90,28,155,73,99,106,136,115,152,35,161,102,86,133,76,122,116,104,125,145,56,21,108,192,40,169,182,29,154,60,177,27,43,127,96,171,141,98,114,64,79,179,47,88,5,186,199,83,153,166,24,150,10,185,62,120,197,123,17,146,63];False
2898;6964;9862;[34,103,105,190,109,147,6,193,172,12,130,22,195,112,93,118,66,157,20,51,74,188,87,37,174,149,167,61,45,138,41,49,78,128,42,57,191,121,162,126,143,160,91,1,33,124,94,196,36,104,140,92,82,23,189,81,0,85,19,26,176,46,9,178,3,95,38,139,144,48,50,168,31,194,180,4,84,67,32,72,163,25,70,65,16,117,77,113,156,71,165,2,184,8,173,18,131,110,101,59,80,100,30,134,148,11,97,58,175,151,7,170,181,68,198,142,137,158,54,52,119,187,39,107,55,14,13,111,132,89,75,129,15,135,53,183,69,159,164,90,28,155,73,99,106,136,115,152,35,161,102,86,133,76,122,116,44,125,145,56,21,108,192,40,169,182,29,154,60,177,27,43,127,96,171,141,98,114,64,79,179,47,88,5,186,199,83,153,166,24,150,10,185,62,120,197,123,17,146,63];False
2856;6969;9825;[34,103,105,190,109,147,6,193,172,12,130,22,195,112,93,118,66,157,20,51,74,188,87,37,174,149,167,61,45,138,41,49,78,128,42,57,191,121,162,126,143,160,91,1,33,124,94,196,36,44,140,92,82,23,189,81,0,85,19,26,176,46,9,178,3,95,38,139,144,48,50,168,31,194,180,4,84,67,32,72,163,25,70,65,16,117,77,113,156,71,165,2,184,8,173,18,131,110,101,59,80,100,30,134,119,11,97,58,175,151,7,170,181,68,198,142,137,158,54,52,148,187,39,107,55,14,13,111,132,89,75,129,15,135,53,183,69,159,164,90,28,155,73,99,106,136,115,152,35,161,102,86,133,76,122,116,104,125,145,56,21,108,192,40,169,182,29,154,60,177,27,43,127,96,171,141,98,114,64,79,179,47,88,5,186,199,83,153,166,24,150,10,185,62,120,197,123,17,146,63];False
2818;6978;9796;[34,103,105,190,109,147,6,193,172,12,130,22,195,112,93,118,66,157,20,51,74,188,87,37,174,149,167,61,45,138,41,49,78,128,42,57,191,121,162,126,143,160,91,1,33,124,94,196,36,44,140,92,82,23,189,81,0,85,19,26,176,46,9,178,3,95,38,139,144,48,50,168,31,194,180,4,84,67,32,72,163,25,70,65,16,117,77,113,156,71,165,2,184,8,173,18,131,110,101,59,80,100,30,134,148,11,97,58,151,175,7,170,181,68,198,142,137,158,54,52,119,187,39,107,55,14,13,111,132,89,75,129,15,135,53,183,69,159,164,90,28,155,73,99,106,136,115,152,35,161,102,86,133,76,122,116,104,125,145,56,21,108,192,40,169,182,29,154,60,177,27,43,127,96,171,141,98,114,64,79,179,47,88,5,186,199,83,153,166,24,150,10,185,62,120,197,123,17,146,63];False
2908;6962;9870;[34,103,105,190,109,147,6,193,172,132,130,22,195,112,93,118,66,157,20,51,74,188,87,37,174,149,167,61,45,138,178,49,78,128,42,57,191,121,162,126,143,160,91,1,33,124,94,196,36,44,140,92,82,23,189,81,0,85,19,26,176,46,9,41,3,95,38,139,144,146,50,168,31,194,180,4,84,67,32,72,163,25,70,65,16,117,77,113,156,71,165,2,184,8,173,18,131,110,101,59,80,100,30,134,148,11,97,58,175,151,7,170,181,68,198,142,137,158,62,52,119,187,39,107,55,14,13,111,12,89,75,129,15,135,53,183,69,159,164,90,28,155,73,99,106,136,115,152,35,161,102,86,133,76,122,116,104,125,145,56,21,108,192,40,169,182,29,154,60,177,27,43,127,96,171,141,98,114,64,79,179,47,88,5,186,199,83,153,166,24,150,10,185,54,120,197,123,17,48,63];False
2872;6963;9835;[34,103,105,190,109,147,6,193,172,12,130,22,195,112,93,118,66,157,20,51,74,188,87,37,174,149,167,61,45,138,14,49,78,128,42,57,191,121,162,126,143,160,91,1,33,124,94,196,36,44,140,92,82,23,189,81,0,85,19,26,176,46,9,41,3,95,38,139,144,146,50,168,31,194,180,4,84,67,32,72,163,25,70,65,16,117,77,113,156,71,165,2,184,8,173,18,131,110,101,59,80,100,30,134,148,11,97,58,175,151,7,170,181,68,198,142,137,158,62,52,119,187,39,107,55,178,13,111,132,89,75,129,15,135,53,183,69,159,164,90,28,155,73,99,106,136,115,152,35,161,102,86,133,76,122,116,104,125,145,56,21,108,192,40,169,182,29,154,60,177,27,43,127,96,171,141,98,114,64,79,179,47,88,5,186,199,83,153,166,24,150,10,185,54,120,197,123,17,48,63];False
2941;6954;9895;[34,103,105,190,109,147,6,193,172,12,130,22,195,112,93,118,66,157,20,51,74,188,87,37,174,149,167,61,45,138,178,49,78,128,42,57,191,121,162,126,143,160,91,1,33,124,94,196,36,104,140,92,82,23,189,81,0,85,19,26,176,46,9,41,3,95,38,139,144,146,50,168,31,194,180,4,84,67,32,72,163,25,70,65,16,117,77,113,156,71,165,2,184,8,173,18,131,110,101,59,80,100,30,134,148,11,97,58,175,151,7,170,181,68,198,142,137,158,62,52,119,187,39,107,55,14,13,111,132,89,75,129,15,135,53,183,69,159,164,90,28,155,73,99,106,136,115,152,35,161,102,86,133,76,122,116,44,125,145,56,21,108,192,40,169,182,29,154,60,177,27,43,127,96,171,141,98,114,64,79,179,47,88,5,186,199,83,153,166,24,150,10,185,54,120,197,123,17,48,63];False
2942;6950;9892;[34,103,105,190,109,147,6,193,172,12,130,22,195,112,93,118,66,157,20,51,74,188,87,37,174,149,167,61,45,138,178,49,78,128,42,57,191,121,162,126,143,160,91,1,33,124,94,196,36,44,140,92,82,23,189,81,0,85,19,26,176,46,9,41,3,95,38,139,144,48,50,168,31,194,180,4,84,67,32,72,163,25,70,65,16,117,77,113,156,71,165,2,184,8,173,18,131,110,101,59,80,100,30,134,148,11,97,58,175,151,7,170,181,68,198,142,137,158,62,52,119,187,39,107,55,14,13,111,132,89,75,129,15,135,53,183,69,159,164,90,28,155,73,99,106,136,115,152,35,161,102,86,133,76,122,116,104,125,145,56,21,108,192,40,169,182,29,154,60,177,27,43,127,96,171,141,98,114,64,79,179,47,88,5,186,199,83,153,166,24,150,10,185,54,120,197,123,17,146,63];False
2907;6960;9867;[34,103,105,190,109,147,6,193,172,12,130,22,195,112,93,118,66,157,20,51,74,188,87,37,174,149,167,61,45,138,178,49,78,128,42,57,191,121,162,126,143,160,91,1,33,124,94,196,36,44,140,92,82,23,189,81,0,85,19,26,176,46,9,41,3,95,38,139,144,146,21,168,31,194,180,4,84,67,32,72,163,25,70,65,16,117,77,113,156,71,165,2,184,8,173,18,131,110,101,59,80,100,30,134,148,11,97,58,175,151,7,170,181,68,198,142,137,158,62,52,119,187,39,107,55,14,13,111,132,89,75,129,15,135,53,183,69,159,164,90,28,155,73,99,106,136,115,152,35,161,102,86,133,76,122,116,104,125,145,56,50,108,192,40,169,182,29,154,60,177,27,43,127,96,171,141,98,114,64,79,179,47,88,5,186,199,83,153,166,24,150,10,185,54,120,197,123,17,48,63];False
2899;6959;9858;[34,103,105,190,109,147,6,193,172,12,130,22,195,112,93,118,66,157,20,51,74,188,87,37,174,149,167,61,45,138,178,49,78,128,42,57,191,121,162,126,143,160,91,1,33,124,94,196,36,44,140,92,82,23,189,81,0,85,19,26,176,46,9,41,3,95,38,139,144,146,50,168,31,194,180,4,84,67,32,72,163,25,70,65,16,117,77,113,156,71,165,2,184,8,173,18,131,110,101,59,80,100,30,134,119,11,97,58,175,151,7,170,181,68,198,142,137,158,62,52,148,187,39,107,55,14,13,111,132,89,75,129,15,135,53,183,69,159,164,90,28,155,73,99,106,136,115,152,35,161,102,86,133,76,122,116,104,125,145,56,21,108,192,40,169,182,29,154,60,177,27,43,127,96,171,141,98,114,64,79,179,47,88,5,186,199,83,153,166,24,150,10,185,54,120,197,123,17,48,63];False
2861;6968;9829;[34,103,105,190,109,147,6,193,172,12,130,22,195,112,93,118,66,157,20,51,74,188,87,37,174,149,167,61,45,138,178,49,78,128,42,57,191,121,162,126,143,160,91,1,33,124,94,196,36,44,140,92,82,23,189,81,0,85,19,26,176,46,9,41,3,95,38,139,144,146,50,168,31,194,180,4,84,67,32,72,163,25,70,65,16,117,77,113,156,71,165,2,184,8,173,18,131,110,101,59,80,100,30,134,148,11,97,58,151,175,7,170,181,68,198,142,137,158,62,52,119,187,39,107,55,14,13,111,132,89,75,129,15,135,53,183,69,159,164,90,28,155,73,99,106,136,115,152,35,161,102,86,133,76,122,116,104,125,145,56,21,108,192,40,169,182,29,154,60,177,27,43,127,96,171,141,98,114,64,79,179,47,88,5,186,199,83,153,166,24,150,10,185,54,120,197,123,17,48,63];False
2948;6949;9897;[34,103,105,190,109,147,6,193,172,12,130,22,195,112,93,118,66,157,20,51,74,188,87,37,174,149,167,61,45,138,178,49,78,128,42,57,191,121,162,126,143,160,91,1,33,124,94,196,36,44,140,92,82,23,189,81,0,85,19,26,176,46,9,41,3,95,38,139,144,146,50,168,31,194,180,4,84,67,32,72,163,25,70,65,16,117,77,113,156,71,165,2,184,8,173,18,131,110,101,59,80,100,30,134,148,11,97,58,175,151,7,170,181,68,198,142,137,158,62,52,119,185,39,107,55,14,13,111,132,89,75,129,15,135,53,183,69,159,164,90,28,155,73,99,106,136,115,152,35,161,102,86,133,76,122,116,104,125,145,56,21,108,192,40,169,182,29,154,60,177,27,43,127,96,171,141,98,114,64,79,179,47,88,5,186,199,83,153,166,24,150,10,187,54,120,197,123,17,48,63];False
2806;6982;9788;[34,103,105,190,109,118,6,193,172,12,130,22,195,112,93,147,66,157,20,51,74,188,87,37,174,149,167,61,45,138,41,49,78,128,42,57,3,121,162,126,143,160,91,1,33,124,94,196,36,44,140,92,82,23,189,81,0,85,19,26,176,46,9,178,191,95,38,139,144,146,50,168,31,194,180,4,84,67,32,72,163,25,70,65,16,117,77,113,156,71,165,2,184,8,173,18,131,110,101,59,80,100,30,134,148,11,97,58,175,151,7,170,181,68,198,142,137,158,62,52,119,187,39,107,55,14,13,111,132,89,75,129,15,135,53,183,69,159,164,90,28,155,73,99,106,136,115,152,35,161,102,86,133,76,122,116,104,125,145,56,21,108,192,40,169,182,29,154,60,177,27,43,127,96,171,141,98,114,64,79,179,47,88,5,186,199,83,153,166,24,150,10,185,54,120,197,123,17,48,63];False
2923;6954;9877;[34,103,105,190,109,147,6,193,172,12,130,22,195,112,93,118,66,157,20,51,74,188,87,37,174,149,167,61,45,138,41,49,78,128,42,57,3,121,162,126,143,160,91,1,33,124,94,196,36,44,140,92,82,23,189,81,0,85,19,26,176,46,9,178,191,95,38,139,144,48,50,168,31,194,180,4,84,67,32,72,163,25,70,65,16,117,77,113,156,71,165,2,184,8,173,18,131,110,101,59,80,100,30,134,148,11,97,58,175,151,7,170,181,68,198,142,137,158,62,52,119,187,39,107,55,14,13,111,132,89,75,129,15,135,53,183,69,159,164,90,28,155,73,99,106,136,115,152,35,161,102,86,133,76,122,116,104,125,145,56,21,108,192,40,169,182,29,154,60,177,27,43,127,96,171,141,98,114,64,79,179,47,88,5,186,199,83,153,166,24,150,10,185,54,120,197,123,17,146,63];False
2842;6972;9814;[34,103,105,190,109,147,6,193,172,12,130,22,195,112,93,118,66,157,20,51,74,188,87,37,174,149,167,61,45,138,41,49,78,128,42,57,3,121,162,126,143,160,91,1,33,124,94,196,36,44,140,92,82,23,189,81,0,85,19,26,176,46,9,178,191,95,38,139,144,146,50,168,31,194,180,4,84,67,32,72,163,25,70,65,16,117,77,113,156,71,165,2,184,8,173,18,131,110,101,59,80,100,30,134,148,11,97,58,151,175,7,170,181,68,198,142,137,158,62,52,119,187,39,107,55,14,13,111,132,89,75,129,15,135,53,183,69,159,164,90,28,155,73,99,106,136,115,152,35,161,102,86,133,76,122,116,104,125,145,56,21,108,192,40,169,182,29,154,60,177,27,43,127,96,171,141,98,114,64,79,179,47,88,5,186,199,83,153,166,24,150,10,185,54,120,197,123,17,48,63];False
2804;6982;9786;[34,103,105,190,109,147,6,193,172,12,130,22,195,112,93,118,66,157,20,51,74,188,87,37,174,149,167,61,45,138,41,49,78,128,42,57,3,121,162,126,143,160,91,1,33,124,94,196,36,44,140,92,82,23,189,81,0,85,19,26,176,46,9,178,191,95,38,139,144,146,50,168,31,194,180,4,84,67,32,72,163,25,70,65,16,117,77,113,156,71,165,2,184,8,173,18,131,110,101,59,80,100,30,134,148,11,97,58,158,151,7,170,181,68,198,142,137,175,62,52,119,187,39,107,55,14,13,111,132,89,75,129,15,135,53,183,69,159,164,90,28,155,73,99,106,136,115,152,35,161,102,86,133,76,122,116,104,125,145,56,21,108,192,40,169,182,29,154,60,177,27,43,127,96,171,141,98,114,64,79,179,47,88,5,186,199,83,153,166,24,150,10,185,54,120,197,123,17,48,63];False
2929;6953;9882;[34,103,105,190,109,147,6,193,172,12,130,22,195,112,93,118,66,157,20,51,74,188,87,37,174,149,167,61,45,138,41,49,78,128,42,57,3,121,162,126,143,160,91,1,33,124,94,196,36,44,140,92,82,23,189,81,0,85,19,26,176,46,9,178,191,95,38,139,144,146,50,168,31,194,180,4,84,67,32,72,163,25,70,65,16,117,77,113,156,71,165,2,184,8,173,18,131,110,101,59,80,100,30,134,148,11,97,58,175,151,7,170,181,68,198,142,137,158,62,52,119,185,39,107,55,14,13,111,132,89,75,129,15,135,53,183,69,159,164,90,28,155,73,99,106,136,115,152,35,161,102,86,133,76,122,116,104,125,145,56,21,108,192,40,169,182,29,154,60,177,27,43,127,96,171,141,98,114,64,79,179,47,88,5,186,199,83,153,166,24,150,10,187,54,120,197,123,17,48,63];False
2992;6943;9935;[34,103,105,190,109,147,6,193,172,12,130,22,195,112,93,118,66,157,20,51,74,188,87,37,174,149,167,61,45,138,41,49,78,128,42,57,191,121,162,126,143,160,91,1,33,124,94,196,36,104,140,92,82,23,189,81,0,85,19,26,176,46,9,178,3,95,38,139,144,48,50,168,31,194,180,4,84,67,32,72,163,25,70,65,16,117,77,113,156,71,165,2,184,8,173,18,131,110,101,59,80,100,30,134,148,11,97,58,175,151,7,170,181,68,198,142,137,158,62,52,119,187,39,107,55,14,13,111,132,89,75,129,15,135,53,183,69,159,164,90,28,155,73,99,106,136,115,152,35,161,102,86,133,76,122,116,44,125,145,56,21,108,192,40,169,182,29,154,60,177,27,43,127,96,171,141,98,114,64,79,179,47,88,5,186,199,83,153,166,24,150,10,185,54,120,197,123,17,146,63];False
3027;6941;9968;[34,103,105,190,109,147,6,193,172,12,130,22,195,112,93,118,66,157,20,51,74,188,87,37,174,149,167,61,45,138,41,49,78,128,42,57,191,121,162,126,143,160,91,1,33,124,94,196,36,44,140,50,82,23,189,81,0,85,19,26,176,46,9,178,3,95,38,139,144,48,92,168,31,194,180,4,84,67,32,72,163,25,70,65,16,117,77,113,156,71,165,2,184,8,173,18,131,110,101,59,80,100,30,134,148,11,97,58,175,151,7,170,181,68,198,142,137,158,62,52,119,187,39,107,55,14,13,111,132,89,75,129,15,135,53,183,69,159,164,90,28,155,73,99,106,136,115,152,35,161,102,86,133,76,122,116,104,125,145,56,21,108,192,40,169,182,29,154,60,177,27,43,127,96,171,141,98,114,64,79,179,47,88,5,186,199,83,153,166,24,150,10,185,54,120,197,123,17,146,63];False
2950;6948;9898;[34,103,105,190,109,147,6,193,172,12,130,22,195,112,93,118,66,157,20,51,74,188,87,37,174,149,167,61,45,138,41,49,78,128,42,57,191,121,162,126,143,160,91,1,33,124,94,196,36,44,140,92,82,23,189,81,0,85,19,26,176,46,9,178,3,95,38,139,144,48,50,168,31,194,180,4,84,67,32,72,163,25,70,65,16,117,77,113,156,71,165,2,184,8,173,18,131,110,101,59,80,100,30,134,119,11,97,58,175,151,7,170,181,68,198,142,137,158,62,52,148,187,39,107,55,14,13,111,132,89,75,129,15,135,53,183,69,159,164,90,28,155,73,99,106,136,115,152,35,161,102,86,133,76,122,116,104,125,145,56,21,108,192,40,169,182,29,154,60,177,27,43,127,96,171,141,98,114,64,79,179,47,88,5,186,199,83,153,166,24,150,10,185,54,120,197,123,17,146,63];False
2912;6957;9869;[34,103,105,190,109,147,6,193,172,12,130,22,195,112,93,118,66,157,20,51,74,188,87,37,174,149,167,61,45,138,41,49,78,128,42,57,191,121,162,126,143,160,91,1,33,124,94,196,36,44,140,92,82,23,189,81,0,85,19,26,176,46,9,178,3,95,38,139,144,48,50,168,31,194,180,4,84,67,32,72,163,25,70,65,16,117,77,113,156,71,165,2,184,8,173,18,131,110,101,59,80,100,30,134,148,11,97,58,151,175,7,170,181,68,198,142,137,158,62,52,119,187,39,107,55,14,13,111,132,89,75,129,15,135,53,183,69,159,164,90,28,155,73,99,106,136,115,152,35,161,102,86,133,76,122,116,104,125,145,56,21,108,192,40,169,182,29,154,60,177,27,43,127,96,171,141,98,114,64,79,179,47,88,5,186,199,83,153,166,24,150,10,185,54,120,197,123,17,146,63];False
2999;6938;9937;[34,103,105,190,109,147,6,193,172,12,130,22,195,112,93,118,66,157,20,51,74,188,87,37,174,149,167,61,45,138,41,49,78,128,42,57,191,121,162,126,143,160,91,1,33,124,94,196,36,44,140,92,82,23,189,81,0,85,19,26,176,46,9,178,3,95,38,139,144,48,50,168,31,194,180,4,84,67,32,72,163,25,70,65,16,117,77,113,156,71,165,2,184,8,173,18,131,110,101,59,80,100,30,134,148,11,97,58,175,151,7,170,181,68,198,142,137,158,62,52,119,185,39,107,55,14,13,111,132,89,75,129,15,135,53,183,69,159,164,90,28,155,73,99,106,136,115,152,35,161,102,86,133,76,122,116,104,125,145,56,21,108,192,40,169,182,29,154,60,177,27,43,127,96,171,141,98,114,64,79,179,47,88,5,186,199,83,153,166,24,150,10,187,54,120,197,123,17,146,63];False
2869;6966;9835;[34,103,105,190,109,147,6,193,172,12,130,22,195,112,93,118,66,157,20,51,74,188,87,37,174,149,167,61,45,138,41,49,78,128,42,57,191,121,162,126,143,160,91,1,33,124,94,196,36,44,140,92,82,23,189,81,0,85,19,26,176,46,9,178,3,95,38,139,144,146,50,168,31,194,180,4,84,67,32,72,163,25,70,65,16,117,77,113,156,71,165,2,184,8,173,18,131,110,101,59,80,100,30,134,119,11,97,58,151,175,7,170,181,68,198,142,137,158,62,52,148,187,39,107,55,14,13,111,132,89,75,129,15,135,53,183,69,159,164,90,28,155,73,99,106,136,115,152,35,161,102,86,133,76,122,116,104,125,145,56,21,108,192,40,169,182,29,154,60,177,27,43,127,96,171,141,98,114,64,79,179,47,88,5,186,199,83,153,166,24,150,10,185,54,120,197,123,17,48,63];False
2892;6962;9854;[34,103,105,190,109,147,6,193,172,12,130,22,195,112,93,118,66,157,20,51,74,188,87,37,174,149,167,61,45,138,41,49,78,128,42,57,191,121,162,126,143,160,91,1,33,124,94,196,36,44,140,92,82,23,189,81,0,85,19,26,176,46,9,178,3,95,38,139,144,146,50,168,31,194,180,4,84,67,32,72,163,25,70,65,16,117,77,113,156,71,165,2,184,8,173,18,131,110,101,59,80,100,30,134,119,11,97,58,175,151,7,170,181,68,198,142,137,158,62,129,148,187,39,107,55,14,13,111,132,89,75,52,15,135,53,183,69,159,164,90,28,155,73,99,106,136,115,152,35,161,102,86,133,76,122,116,104,125,145,56,21,108,192,40,169,182,29,154,60,177,27,43,127,96,171,141,98,114,64,79,179,47,88,5,186,199,83,153,166,24,150,10,185,54,120,197,123,17,48,63];False
2910;6958;9868;[34,103,105,190,109,147,6,193,172,12,130,22,195,112,93,118,66,157,20,51,74,188,87,37,174,149,167,61,45,138,41,49,78,128,42,57,191,121,162,126,143,160,91,1,33,124,94,196,36,44,140,92,82,23,189,81,0,85,19,26,176,46,9,178,3,95,38,139,144,146,50,168,31,194,180,4,84,67,32,72,163,25,70,65,16,117,77,113,156,71,165,2,184,8,173,18,131,110,101,59,80,100,30,134,119,11,97,58,175,151,7,170,181,68,198,142,137,158,62,52,148,187,39,107,55,14,13,111,132,89,75,129,15,135,53,183,69,159,164,90,28,155,73,99,106,136,115,152,35,161,102,86,133,76,122,197,104,125,145,56,21,108,192,40,169,182,29,154,60,177,27,43,127,96,171,141,98,114,64,79,179,47,88,5,186,199,83,153,166,24,150,10,185,54,120,116,123,17,48,63];False
3112;6933;10045;[34,103,105,190,109,147,6,193,172,12,130,22,195,112,93,118,66,157,20,51,74,188,87,37,174,149,167,61,45,138,41,49,78,128,42,57,191,121,162,126,143,160,91,1,33,124,94,196,88,44,140,92,82,23,189,81,0,85,19,26,176,46,9,178,3,95,38,139,144,146,50,168,31,194,180,4,84,67,32,72,163,25,70,65,16,117,77,113,156,71,165,2,184,8,173,18,131,110,101,59,80,100,30,134,148,11,97,58,175,151,7,170,181,68,198,142,137,158,62,52,119,185,39,107,55,14,13,111,132,89,75,129,15,135,53,183,69,159,164,90,28,155,73,99,106,136,115,152,35,161,102,86,133,76,122,116,104,125,145,56,21,108,192,40,169,182,29,154,60,177,27,43,127,96,171,141,98,114,64,79,179,47,36,5,186,199,83,153,166,24,150,10,187,54,120,197,123,17,48,63];False
2998;6942;9940;[34,103,105,190,109,147,6,193,172,12,130,22,195,112,93,118,66,157,20,51,74,188,87,37,174,149,167,61,45,138,41,49,78,128,42,57,191,121,162,126,143,160,91,1,33,124,94,196,36,104,140,92,82,23,189,81,0,85,19,26,176,46,9,178,3,95,38,139,144,146,50,168,31,194,180,4,84,67,32,72,163,25,70,65,16,117,77,113,156,71,165,2,184,8,173,18,131,110,101,59,80,100,30,134,148,11,97,58,175,151,7,170,181,68,198,142,137,158,62,52,119,185,39,107,55,14,13,111,132,89,75,129,15,135,53,183,69,159,164,90,28,155,73,99,106,136,115,152,35,161,102,86,133,76,122,116,44,125,145,56,21,108,192,40,169,182,29,154,60,177,27,43,127,96,171,141,98,114,64,79,179,47,88,5,186,199,83,153,166,24,150,10,187,54,120,197,123,17,48,63];False
3102;6930;10032;[34,103,105,190,109,147,6,193,172,12,130,22,195,112,93,118,66,157,20,51,74,188,87,37,174,149,167,61,45,138,41,49,78,128,42,57,191,121,162,126,143,160,91,1,33,124,94,196,36,44,140,50,82,23,189,81,0,85,19,26,176,46,9,178,3,95,38,139,144,146,92,168,31,194,180,4,84,67,32,72,163,25,70,65,16,117,77,113,156,71,165,2,184,8,173,18,131,110,101,59,80,100,30,134,148,11,97,58,175,151,7,170,181,68,198,142,137,158,62,52,119,185,39,107,55,14,13,111,132,89,75,129,15,135,53,183,69,159,164,90,28,155,73,99,106,136,115,152,35,161,102,86,133,76,122,116,104,125,145,56,21,108,192,40,169,182,29,154,60,177,27,43,127,96,171,141,98,114,64,79,179,47,88,5,186,199,83,153,166,24,150,10,187,54,120,197,123,17,48,63];False
2892;6958;9850;[34,103,105,190,109,147,6,193,172,12,130,22,195,112,93,118,66,157,20,51,74,188,87,37,174,149,167,61,45,138,41,49,78,128,42,57,191,121,162,126,143,160,91,1,33,124,94,196,36,44,140,92,82,23,189,81,0,85,19,26,176,46,9,178,3,95,38,139,144,146,50,168,31,194,180,4,84,67,32,72,163,25,70,65,16,117,77,113,156,71,165,2,184,8,173,18,131,110,101,59,80,100,30,134,148,11,97,58,175,151,7,170,181,68,198,142,137,158,62,52,119,43,39,107,55,14,13,111,132,89,75,129,15,135,53,183,69,159,164,90,28,155,73,99,106,136,115,152,35,161,102,86,133,76,122,116,104,125,145,56,21,108,192,40,169,182,29,154,60,177,27,185,127,96,171,141,98,114,64,79,179,47,88,5,186,199,83,153,166,24,150,10,187,54,120,197,123,17,48,63];False
3323;6916;10239;[34,103,105,190,109,72,6,193,172,12,130,22,195,112,93,118,66,157,20,51,74,188,87,37,174,149,167,61,45,138,41,49,78,128,42,57,191,121,162,126,143,160,91,1,33,124,94,196,88,44,140,92,82,23,189,81,0,85,19,26,176,46,9,178,3,95,38,139,144,123,146,50,31,194,180,4,84,67,32,147,163,25,70,65,16,117,77,113,156,71,165,2,184,8,173,18,131,110,101,59,80,100,30,134,148,11,97,58,175,151,7,170,181,68,198,142,137,158,62,52,119,185,39,107,55,14,13,111,132,89,75,129,15,135,53,183,69,159,164,90,28,155,73,99,106,136,115,152,35,161,102,86,133,76,122,116,104,125,145,56,21,108,192,40,169,182,29,154,60,177,27,43,127,96,171,141,98,114,64,79,179,47,36,5,186,199,83,153,166,24,150,10,187,54,120,197,168,17,48,63];False
3324;6913;10237;[34,103,105,190,109,147,6,193,172,12,130,22,195,112,93,118,66,157,20,51,74,188,87,37,174,23,167,61,45,138,41,49,78,128,42,57,191,121,162,126,143,160,91,1,33,124,94,196,88,44,140,92,82,149,189,81,0,85,19,26,176,46,9,178,3,95,38,139,144,123,146,50,31,194,180,4,84,67,32,72,163,25,70,65,16,117,77,113,156,71,165,2,184,8,173,18,131,110,101,59,80,100,30,134,148,11,97,58,175,151,7,170,181,68,198,142,137,158,62,52,119,185,39,107,55,14,13,111,132,89,75,129,15,135,53,183,69,159,164,90,28,155,73,99,106,136,115,152,35,161,102,86,133,76,122,116,104,125,145,56,21,108,192,40,169,182,29,154,60,177,27,43,127,96,171,141,98,114,64,79,179,47,36,5,186,199,83,153,166,24,150,10,187,54,120,197,168,17,48,63];False
3222;6919;10141;[34,103,105,190,109,147,6,193,172,12,130,22,195,112,93,118,66,157,20,51,74,188,87,37,174,149,167,61,45,138,178,49,78,128,42,57,191,121,162,126,143,160,91,1,33,124,94,196,88,44,140,92,82,23,189,81,0,85,19,26,176,46,9,41,3,95,38,139,144,123,146,50,31,194,180,4,84,67,32,72,163,25,70,65,16,117,77,113,156,71,165,2,184,8,173,18,131,110,101,59,80,100,30,134,148,11,97,58,175,151,7,170,181,68,198,142,137,158,62,52,119,185,39,107,55,14,13,111,132,89,75,129,15,135,53,183,69,159,164,90,28,155,73,99,106,136,115,152,35,161,102,86,133,76,122,116,104,125,145,56,21,108,192,40,169,182,29,154,60,177,27,43,127,96,171,141,98,114,64,79,179,47,36,5,186,199,83,153,166,24,150,10,187,54,120,197,168,17,48,63];False
3320;6912;10232;[34,103,105,190,109,147,6,193,172,12,130,22,195,112,93,118,66,157,20,51,74,188,87,37,174,149,167,61,45,138,41,49,78,128,171,57,191,121,162,126,143,160,91,1,33,124,94,196,88,44,140,92,82,23,189,81,0,85,19,26,176,46,9,178,3,95,38,139,144,123,146,50,31,194,180,4,84,67,32,72,163,25,70,65,16,117,77,113,156,71,165,2,184,8,173,18,131,110,101,59,80,100,30,134,148,11,97,58,175,151,7,170,181,68,198,142,137,158,62,52,119,185,39,107,55,14,13,111,132,89,75,129,15,135,53,183,69,159,164,90,28,155,73,99,106,136,115,152,35,161,102,86,133,76,122,116,104,125,145,56,21,108,192,40,169,182,29,154,60,177,27,43,127,96,42,141,98,114,64,79,179,47,36,5,186,199,83,153,166,24,150,10,187,54,120,197,168,17,48,63];False
3203;6923;10126;[34,103,105,190,109,147,6,193,172,12,130,22,195,112,93,118,66,157,20,51,74,188,87,37,174,149,167,61,45,138,41,49,78,128,42,57,3,121,162,126,143,160,91,1,33,124,94,196,88,44,140,92,82,23,189,81,0,85,19,26,176,46,9,178,191,95,38,139,144,123,146,50,31,194,180,4,84,67,32,72,163,25,70,65,16,117,77,113,156,71,165,2,184,8,173,18,131,110,101,59,80,100,30,134,148,11,97,58,175,151,7,170,181,68,198,142,137,158,62,52,119,185,39,107,55,14,13,111,132,89,75,129,15,135,53,183,69,159,164,90,28,155,73,99,106,136,115,152,35,161,102,86,133,76,122,116,104,125,145,56,21,108,192,40,169,182,29,154,60,177,27,43,127,96,171,141,98,114,64,79,179,47,36,5,186,199,83,153,166,24,150,10,187,54,120,197,168,17,48,63];False
3285;6917;10202;[34,103,105,190,109,147,6,193,172,12,130,22,195,112,93,118,66,157,20,51,74,188,87,37,174,149,167,61,45,138,41,49,78,128,42,57,191,121,162,126,143,160,91,1,33,124,94,196,28,44,140,92,82,23,189,81,0,85,19,26,176,46,9,178,3,95,38,139,144,123,146,50,31,194,180,4,84,67,32,72,163,25,70,65,16,117,77,113,156,71,165,2,184,8,173,18,131,110,101,59,80,100,30,134,148,11,97,58,175,151,7,170,181,68,198,142,137,158,62,52,119,185,39,107,55,14,13,111,132,89,75,129,15,135,53,183,69,159,164,90,88,155,73,99,106,136,115,152,35,161,102,86,133,76,122,116,104,125,145,56,21,108,192,40,169,182,29,154,60,177,27,43,127,96,171,141,98,114,64,79,179,47,36,5,186,199,83,153,166,24,150,10,187,54,120,197,168,17,48,63];False
3167;6920;10087;[34,103,105,190,109,147,6,193,172,12,130,22,195,112,93,118,66,157,20,51,74,188,87,37,174,149,167,61,45,138,41,49,78,128,42,57,191,121,162,126,143,160,91,1,33,124,94,196,116,44,140,92,82,23,189,81,0,85,19,26,176,46,9,178,3,95,38,139,144,123,146,50,31,194,180,4,84,67,32,72,163,25,70,65,16,117,77,113,156,71,165,2,184,8,173,18,131,110,101,59,80,100,30,134,148,11,97,58,175,151,7,170,181,68,198,142,137,158,62,52,119,185,39,107,55,14,13,111,132,89,75,129,15,135,53,183,69,159,164,90,28,155,73,99,106,136,115,152,35,161,102,86,133,76,122,88,104,125,145,56,21,108,192,40,169,182,29,154,60,177,27,43,127,96,171,141,98,114,64,79,179,47,36,5,186,199,83,153,166,24,150,10,187,54,120,197,168,17,48,63];False
3125;6929;10054;[34,103,105,190,109,147,6,193,172,132,130,22,195,112,93,118,66,157,20,51,74,188,87,37,174,149,167,61,45,138,41,49,78,128,42,57,191,121,162,126,143,160,91,1,33,124,94,196,36,104,140,92,82,23,189,81,0,85,19,26,176,46,9,178,3,95,38,139,144,123,146,50,31,194,180,4,84,67,32,72,163,25,70,65,16,117,77,113,156,71,165,2,184,8,173,18,131,110,101,59,80,100,30,134,148,11,97,58,175,151,7,170,181,68,198,142,137,158,62,52,119,185,39,107,55,14,13,111,12,89,75,129,15,135,53,183,69,159,164,90,28,155,73,99,106,136,115,152,35,161,102,86,133,76,122,116,44,125,145,56,21,108,192,40,169,182,29,154,60,177,27,43,127,96,171,141,98,114,64,79,179,47,88,5,186,199,83,153,166,24,150,10,187,54,120,197,168,17,48,63];False
3151;6927;10078;[34,103,105,190,109,147,6,193,172,12,36,22,195,112,93,118,66,157,20,51,74,188,87,37,174,149,167,61,45,138,41,49,78,128,42,57,191,121,162,126,143,160,91,1,33,124,94,196,130,104,140,92,82,23,189,81,0,85,19,26,176,46,9,178,3,95,38,139,144,123,146,50,31,194,180,4,84,67,32,72,163,25,70,65,16,117,77,113,156,71,165,2,184,8,173,18,131,110,101,59,80,100,30,134,148,11,97,58,175,151,7,170,181,68,198,142,137,158,62,52,119,185,39,107,55,14,13,111,132,89,75,129,15,135,53,183,69,159,164,90,28,155,73,99,106,136,115,152,35,161,102,86,133,76,122,116,44,125,145,56,21,108,192,40,169,182,29,154,60,177,27,43,127,96,171,141,98,114,64,79,179,47,88,5,186,199,83,153,166,24,150,10,187,54,120,197,168,17,48,63];False
3108;6928;10036;[34,103,105,190,109,147,6,193,172,12,130,22,195,112,93,118,66,157,20,51,74,188,87,37,174,149,167,61,45,138,178,49,78,128,42,57,191,121,162,126,143,160,91,1,33,124,94,196,36,104,140,92,82,23,189,81,0,85,19,26,176,46,9,41,3,95,38,139,144,123,146,50,31,194,180,4,84,67,32,72,163,25,70,65,16,117,77,113,156,71,165,2,184,8,173,18,131,110,101,59,80,100,30,134,148,11,97,58,175,151,7,170,181,68,198,142,137,158,62,52,119,185,39,107,55,14,13,111,132,89,75,129,15,135,53,183,69,159,164,90,28,155,73,99,106,136,115,152,35,161,102,86,133,76,122,116,44,125,145,56,21,108,192,40,169,182,29,154,60,177,27,43,127,96,171,141,98,114,64,79,179,47,88,5,186,199,83,153,166,24,150,10,187,54,120,197,168,17,48,63];False
3244;6916;10160;[34,103,105,190,109,147,6,193,172,12,130,22,195,112,93,118,66,157,20,51,74,188,87,37,174,149,167,61,45,138,41,49,111,128,42,57,191,121,162,126,143,160,91,1,33,124,94,196,36,104,140,92,82,23,189,81,0,85,19,26,176,46,9,178,3,95,38,139,144,123,146,50,31,194,180,4,84,67,32,72,163,25,70,65,16,117,77,113,156,71,165,2,184,8,173,18,131,110,101,59,80,100,30,134,148,11,97,58,175,151,7,170,181,68,198,142,137,158,62,52,119,185,39,107,55,14,13,78,132,89,75,129,15,135,53,183,69,159,164,90,28,155,73,99,106,136,115,152,35,161,102,86,133,76,122,116,44,125,145,56,21,108,192,40,169,182,29,154,60,177,27,43,127,96,171,141,98,114,64,79,179,47,88,5,186,199,83,153,166,24,150,10,187,54,120,197,168,17,48,63];False
3089;6932;10021;[34,103,105,190,109,147,6,193,172,12,130,22,195,112,93,118,66,157,20,51,74,188,87,37,174,149,167,61,45,138,41,49,78,128,42,57,3,121,162,126,143,160,91,1,33,124,94,196,36,104,140,92,82,23,189,81,0,85,19,26,176,46,9,178,191,95,38,139,144,123,146,50,31,194,180,4,84,67,32,72,163,25,70,65,16,117,77,113,156,71,165,2,184,8,173,18,131,110,101,59,80,100,30,134,148,11,97,58,175,151,7,170,181,68,198,142,137,158,62,52,119,185,39,107,55,14,13,111,132,89,75,129,15,135,53,183,69,159,164,90,28,155,73,99,106,136,115,152,35,161,102,86,133,76,122,116,44,125,145,56,21,108,192,40,169,182,29,154,60,177,27,43,127,96,171,141,98,114,64,79,179,47,88,5,186,199,83,153,166,24,150,10,187,54,120,197,168,17,48,63];False
3069;6932;10001;[34,103,105,190,109,147,6,193,172,12,130,22,195,112,93,118,66,157,20,51,74,188,87,37,174,149,167,61,45,138,41,49,78,128,42,57,191,121,162,126,143,160,91,1,33,124,94,196,89,104,140,92,82,23,189,81,0,85,19,26,176,46,9,178,3,95,38,139,144,123,146,50,31,194,180,4,84,67,32,72,163,25,70,65,16,117,77,113,156,71,165,2,184,8,173,18,131,110,101,59,80,100,30,134,148,11,97,58,175,151,7,170,181,68,198,142,137,158,62,52,119,185,39,107,55,14,13,111,132,36,75,129,15,135,53,183,69,159,164,90,28,155,73,99,106,136,115,152,35,161,102,86,133,76,122,116,44,125,145,56,21,108,192,40,169,182,29,154,60,177,27,43,127,96,171,141,98,114,64,79,179,47,88,5,186,199,83,153,166,24,150,10,187,54,120,197,168,17,48,63];False
1460;8585;10045;[115,49,102,122,114,3,2,129,72,105,99,73,140,178,192,10,123,17,8,94,173,18,25,120,24,197,15,9,150,143,67,75,147,65,124,142,130,22,38,21,135,14,60,151,7,153,187,127,39,107,85,76,50,53,93,131,30,134,137,86,181,82,23,12,54,158,121,168,117,98,78,110,81,52,106,118,183,83,26,79,185,148,167,61,59,36,46,5,41,133,96,157,138,45,188,87,66,126,198,159,174,1,51,29,154,156,160,71,69,190,43,128,101,164,111,88,40,37,145,139,33,13,172,195,182,109,141,35,6,56,189,194,31,171,97,57,186,113,196,89,162,146,28,74,4,92,100,0,199,62,44,34,108,20,55,155,184,161,80,58,177,169,191,11,104,180,163,170,95,91,90,125,149,32,68,63,27,116,175,165,193,16,136,144,70,19,64,103,152,84,77,112,179,176,42,47,132,166,119,48];False
1496;8538;10034;[92,102,49,122,114,3,2,129,72,105,99,73,140,178,192,10,123,17,8,94,173,18,25,120,24,197,15,9,150,143,67,75,147,65,124,142,130,22,38,21,135,14,60,151,7,153,187,127,39,107,85,76,50,53,93,131,30,134,137,86,181,82,23,12,54,158,121,168,117,98,78,110,81,52,106,118,183,83,26,79,185,148,167,61,59,36,46,5,41,133,96,157,138,45,188,87,66,126,198,159,174,1,51,29,154,156,160,71,69,190,43,128,101,164,111,88,40,37,145,139,33,13,172,195,182,109,141,35,6,56,189,194,31,171,97,57,186,113,196,89,162,146,28,74,4,115,100,0,199,62,44,34,108,20,55,155,184,161,80,58,177,169,191,11,104,180,163,170,95,91,90,125,149,32,68,63,27,116,175,165,193,16,136,144,70,19,64,103,152,84,77,112,179,176,42,47,132,166,119,48];False
1492;8539;10031;[92,49,122,102,114,3,2,129,72,105,99,73,140,178,192,10,123,17,8,94,173,18,25,120,24,197,15,9,150,143,67,75,147,65,124,142,130,22,38,21,135,14,60,151,7,153,187,127,39,107,85,76,50,53,93,131,30,134,137,86,181,82,23,12,54,158,121,168,117,98,78,110,81,52,106,118,183,83,26,79,185,148,167,61,59,36,46,5,41,133,96,157,138,45,188,87,66,126,198,159,174,1,51,29,154,156,160,71,69,190,43,128,101,164,111,88,40,37,145,139,33,13,172,195,182,109,141,35,6,56,189,194,31,171,97,57,186,113,196,89,162,146,28,74,4,115,100,0,199,62,44,34,108,20,55,155,184,161,80,58,177,169,191,11,104,180,163,170,95,91,90,125,149,32,68,63,27,116,175,165,193,16,136,144,70,19,64,103,152,84,77,112,179,176,42,47,132,166,119,48];False
1476;8564;10040;[92,49,102,122,114,3,2,129,72,105,99,73,140,178,192,10,123,17,8,94,173,18,25,120,24,197,15,9,150,143,67,75,147,65,124,168,130,22,38,21,135,14,60,151,7,153,187,127,39,107,85,76,50,53,93,131,30,134,137,86,181,82,23,12,54,158,121,142,117,98,78,110,81,52,106,118,183,83,26,79,185,148,167,61,59,36,46,5,41,133,96,157,138,45,188,87,66,126,198,159,174,1,51,29,154,156,160,71,69,190,43,128,101,164,111,88,40,37,145,139,33,13,172,195,182,109,141,35,6,56,189,194,31,171,97,57,186,113,196,89,162,146,28,74,4,115,100,0,199,62,44,34,108,20,55,155,184,161,80,58,177,169,191,11,104,180,163,170,95,91,90,125,149,32,68,63,27,116,175,165,193,16,136,144,70,19,64,103,152,84,77,112,179,176,42,47,132,166,119,48];False
1497;8520;10017;[92,49,102,122,114,3,2,129,72,105,99,73,140,178,192,10,123,17,8,94,173,18,25,120,24,197,15,9,150,143,67,75,147,65,124,142,130,22,38,21,135,14,60,151,7,153,187,127,39,107,101,76,50,53,93,131,30,134,137,86,181,82,23,12,54,158,121,168,117,98,78,110,81,52,106,118,183,83,26,79,185,148,167,61,59,36,46,5,41,133,96,157,138,45,188,87,66,126,198,159,174,1,51,29,154,156,160,71,69,190,43,128,85,164,111,88,40,37,145,139,33,13,172,195,182,109,141,35,6,56,189,194,31,171,97,57,186,113,196,89,162,146,28,74,4,115,100,0,199,62,44,34,108,20,55,155,184,161,80,58,177,169,191,11,104,180,163,170,95,91,90,125,149,32,68,63,27,116,175,165,193,16,136,144,70,19,64,103,152,84,77,112,179,176,42,47,132,166,119,48];False
1486;8517;10003;[92,49,102,122,114,3,2,129,72,105,99,73,140,178,192,10,123,17,8,94,173,18,25,120,24,197,15,9,150,143,67,75,147,65,124,142,130,22,38,21,135,14,60,151,7,153,187,127,39,107,85,76,50,53,106,131,30,134,137,86,181,82,23,12,54,158,121,168,117,98,78,110,81,52,93,118,183,83,26,79,185,148,167,61,59,36,46,5,41,133,96,157,138,45,188,87,66,126,198,159,174,1,51,29,154,156,160,71,69,190,43,128,101,164,111,88,40,37,145,139,33,13,172,195,182,109,141,35,6,56,189,194,31,171,97,57,186,113,196,89,162,146,28,74,4,115,100,0,199,62,44,34,108,20,55,155,184,161,80,58,177,169,191,11,104,180,163,170,95,91,90,125,149,32,68,63,27,116,175,165,193,16,136,144,70,19,64,103,152,84,77,112,179,176,42,47,132,166,119,48];False
1472;8582;10054;[92,49,102,122,114,3,2,129,72,105,99,73,140,178,192,10,123,17,8,94,173,18,25,120,24,197,15,9,150,143,67,75,147,65,124,142,130,22,38,21,135,14,60,151,7,153,187,127,39,107,85,76,50,53,93,131,30,134,58,86,181,82,23,12,54,158,121,168,117,98,78,110,81,52,106,118,183,83,26,79,185,148,167,61,59,36,46,5,41,133,96,157,138,45,188,87,66,126,198,159,174,1,51,29,154,156,160,71,69,190,43,128,101,164,111,88,40,37,145,139,33,13,172,195,182,109,141,35,6,56,189,194,31,171,97,57,186,113,196,89,162,146,28,74,4,115,100,0,199,62,44,34,108,20,55,155,184,161,80,137,177,169,191,11,104,180,163,170,95,91,90,125,149,32,68,63,27,116,175,165,193,16,136,144,70,19,64,103,152,84,77,112,179,176,42,47,132,166,119,48];False
1473;8565;10038;[92,49,102,122,114,3,2,129,72,105,99,73,140,178,192,10,123,17,8,94,173,18,25,120,24,197,15,9,150,143,67,75,147,65,124,142,130,22,38,21,135,14,60,151,7,153,187,127,39,107,85,76,50,53,93,131,30,134,91,86,181,82,23,12,54,158,121,168,117,98,78,110,81,52,106,118,183,83,26,79,185,148,167,61,59,36,46,5,41,133,96,157,138,45,188,87,66,126,198,159,174,1,51,29,154,156,160,71,69,190,43,128,101,164,111,88,40,37,145,139,33,13,172,195,182,109,141,35,6,56,189,194,31,171,97,57,186,113,196,89,162,146,28,74,4,115,100,0,199,62,44,34,108,20,55,155,184,161,80,58,177,169,191,11,104,180,163,170,95,137,90,125,149,32,68,63,27,116,175,165,193,16,136,144,70,19,64,103,152,84,77,112,179,176,42,47,132,166,119,48];False
1500;8508;10008;[92,49,102,122,114,3,2,129,72,105,99,73,140,178,192,10,123,17,8,94,173,18,25,120,24,197,15,9,150,143,67,75,147,65,124,142,130,22,38,21,135,14,60,151,7,153,187,127,39,107,85,76,50,53,93,131,30,134,137,86,181,82,23,12,54,158,121,168,117,98,78,110,81,52,106,118,183,83,64,79,185,148,167,61,59,36,46,5,41,133,96,157,138,45,188,87,66,126,198,159,174,1,51,29,154,156,160,71,69,190,43,128,101,164,111,88,40,37,145,139,33,13,172,195,182,109,141,35,6,56,189,194,31,171,97,57,186,113,196,89,162,146,28,74,4,115,100,0,199,62,44,34,108,20,55,155,184,161,80,58,177,169,191,11,104,180,163,170,95,91,90,125,149,32,68,63,27,116,175,165,193,16,136,144,70,19,26,103,152,84,77,112,179,176,42,47,132,166,119,48];False
1482;8549;10031;[92,49,102,122,114,3,2,129,72,105,99,73,140,178,192,10,123,17,8,94,173,18,25,120,24,197,15,9,150,143,67,75,147,65,124,142,130,22,38,21,135,14,60,151,7,153,187,127,39,107,85,76,50,53,93,131,30,134,137,86,181,82,23,12,54,158,121,168,117,98,78,110,81,52,106,118,183,83,26,79,185,148,167,61,59,36,46,5,41,133,96,157,138,45,188,87,66,126,198,159,174,1,51,29,154,156,160,71,69,190,43,128,101,164,111,88,40,37,145,139,33,13,172,195,182,109,141,35,6,56,189,194,31,171,97,57,186,196,113,89,162,146,28,74,4,115,100,0,199,62,44,34,108,20,55,155,184,161,80,58,177,169,191,11,104,180,163,170,95,91,90,125,149,32,68,63,27,116,175,165,193,16,136,144,70,19,64,103,152,84,77,112,179,176,42,47,132,166,119,48];False
1470;8569;10039;[92,49,102,122,114,3,2,129,72,105,99,73,140,178,192,10,123,17,8,94,173,18,25,120,24,197,15,9,150,143,67,75,147,65,124,142,130,22,38,21,135,14,60,151,7,153,187,127,39,107,85,76,50,53,93,131,30,134,137,86,181,82,23,12,54,158,121,168,117,98,78,110,81,52,106,118,183,83,26,79,185,148,167,61,59,36,46,5,41,133,96,157,138,45,188,87,66,126,198,159,174,1,51,29,154,156,160,71,69,190,43,128,101,164,111,88,40,37,145,139,33,13,172,195,182,109,141,35,6,56,189,194,31,171,97,57,186,113,196,89,162,146,28,74,4,91,100,0,199,62,44,34,108,20,55,155,184,161,80,58,177,169,191,11,104,180,163,170,95,115,90,125,149,32,68,63,27,116,175,165,193,16,136,144,70,19,64,103,152,84,77,112,179,176,42,47,132,166,119,48];False
1473;8555;10028;[92,49,102,122,114,3,2,129,72,105,99,73,140,178,192,10,123,17,8,94,173,18,25,120,24,197,15,9,150,143,67,75,147,65,124,142,130,22,38,21,135,14,60,151,7,153,187,127,39,107,85,76,50,53,93,131,30,134,137,86,181,82,23,12,54,158,121,168,117,98,78,110,81,52,106,118,183,83,26,79,185,148,167,61,59,36,46,5,41,133,96,157,138,45,188,87,66,126,198,159,174,1,51,29,154,156,160,71,69,190,43,128,101,164,111,88,40,37,145,139,33,13,172,195,182,109,141,35,6,56,189,194,31,171,97,57,186,113,196,89,162,146,28,74,4,115,100,0,199,62,44,34,108,20,55,155,184,161,80,58,177,169,191,11,104,180,163,170,95,152,90,125,149,32,68,63,27,116,175,165,193,16,136,144,70,19,64,103,91,84,77,112,179,176,42,47,132,166,119,48];False
1481;8550;10031;[92,49,102,122,114,3,2,129,72,105,99,73,140,178,192,10,123,17,8,94,173,18,25,120,24,197,15,9,150,143,67,75,147,65,124,142,130,22,38,21,135,14,60,151,7,153,187,127,39,107,85,76,50,53,93,131,30,134,137,86,181,82,23,12,54,158,121,168,117,98,78,110,81,52,106,118,183,83,26,79,185,148,167,61,59,36,46,5,41,133,96,157,138,45,188,87,66,126,198,159,174,1,51,29,154,156,160,71,69,190,43,128,101,164,111,88,40,37,145,139,33,13,172,195,182,109,141,35,6,56,189,194,31,171,97,57,186,113,196,89,162,146,28,74,4,115,100,0,199,62,44,34,108,20,55,155,184,161,80,58,177,169,191,11,104,180,163,170,95,91,90,125,149,32,68,63,27,116,179,165,193,16,136,144,70,19,64,103,152,84,77,112,175,176,42,47,132,166,119,48];False
1456;8714;10170;[167,49,102,122,114,3,2,129,72,105,99,73,140,178,192,10,123,17,8,94,173,18,25,120,24,197,15,9,150,143,67,75,147,65,124,142,130,22,38,21,135,14,60,151,7,153,187,127,39,107,85,76,50,53,93,27,30,134,137,86,181,82,23,12,54,158,121,168,117,98,78,110,81,52,106,118,183,83,26,79,185,74,92,61,59,36,46,5,41,133,96,157,138,45,188,87,66,126,198,159,174,1,51,29,154,156,160,71,69,190,43,128,101,164,111,88,40,37,145,139,33,13,172,195,182,109,141,35,6,56,189,194,31,171,97,57,186,113,196,89,162,146,28,148,4,115,131,0,199,62,44,34,108,20,55,155,184,161,80,58,177,169,191,11,104,180,163,170,95,91,90,125,149,32,68,63,100,116,175,165,193,16,136,144,70,19,64,103,152,84,77,112,179,176,42,47,132,166,119,48];False
1458;8687;10145;[92,49,102,122,114,3,2,129,72,105,99,73,140,178,192,10,123,17,8,94,173,18,25,120,24,197,15,9,150,143,67,75,147,65,124,168,130,22,38,21,135,14,60,151,7,153,187,127,39,107,85,76,50,53,93,27,30,134,137,86,181,82,23,12,54,158,121,142,117,98,78,110,81,52,106,118,183,83,26,79,185,74,167,61,59,36,46,5,41,133,96,157,138,45,188,87,66,126,198,159,174,1,51,29,154,156,160,71,69,190,43,128,101,164,111,88,40,37,145,139,33,13,172,195,182,109,141,35,6,56,189,194,31,171,97,57,186,113,196,89,162,146,28,148,4,115,131,0,199,62,44,34,108,20,55,155,184,161,80,58,177,169,191,11,104,180,163,170,95,91,90,125,149,32,68,63,100,116,175,165,193,16,136,144,70,19,64,103,152,84,77,112,179,176,42,47,132,166,119,48];False
1454;8705;10159;[92,49,102,122,114,3,2,129,72,105,99,73,140,178,192,10,123,17,8,94,173,18,25,120,24,197,15,9,150,143,67,75,147,65,124,142,130,22,38,21,135,14,60,151,7,153,187,127,39,107,85,76,50,53,93,27,30,134,58,86,181,82,23,12,54,158,121,168,117,98,78,110,81,52,106,118,183,83,26,79,185,74,167,61,59,36,46,5,41,133,96,157,138,45,188,87,66,126,198,159,174,1,51,29,154,156,160,71,69,190,43,128,101,164,111,88,40,37,145,139,33,13,172,195,182,109,141,35,6,56,189,194,31,171,97,57,186,113,196,89,162,146,28,148,4,115,131,0,199,62,44,34,108,20,55,155,184,161,80,137,177,169,191,11,104,180,163,170,95,91,90,125,149,32,68,63,100,116,175,165,193,16,136,144,70,19,64,103,152,84,77,112,179,176,42,47,132,166,119,48];False
1455;8688;10143;[92,49,102,122,114,3,2,129,72,105,99,73,140,178,192,10,123,17,8,94,173,18,25,120,24,197,15,9,150,143,67,75,147,65,124,142,130,22,38,21,135,14,60,151,7,153,187,127,39,107,85,76,50,53,93,27,30,134,91,86,181,82,23,12,54,158,121,168,117,98,78,110,81,52,106,118,183,83,26,79,185,74,167,61,59,36,46,5,41,133,96,157,138,45,188,87,66,126,198,159,174,1,51,29,154,156,160,71,69,190,43,128,101,164,111,88,40,37,145,139,33,13,172,195,182,109,141,35,6,56,189,194,31,171,97,57,186,113,196,89,162,146,28,148,4,115,131,0,199,62,44,34,108,20,55,155,184,161,80,58,177,169,191,11,104,180,163,170,95,137,90,125,149,32,68,63,100,116,175,165,193,16,136,144,70,19,64,103,152,84,77,112,179,176,42,47,132,166,119,48];False
1455;8678;10133;[92,49,102,122,114,3,2,129,72,105,99,73,140,178,192,10,123,17,8,94,173,18,25,120,24,197,15,9,150,143,67,75,147,65,124,142,130,22,38,21,135,14,60,151,7,153,187,127,39,107,85,76,50,53,93,27,30,134,137,86,181,82,23,12,54,158,121,168,117,98,78,110,81,52,106,118,183,83,26,79,185,74,167,61,59,36,46,5,41,133,96,157,138,45,188,87,66,126,198,159,174,1,51,29,154,156,160,71,69,190,43,128,101,164,111,88,40,37,145,139,33,13,172,195,182,109,141,35,6,56,189,194,31,171,97,57,186,113,196,89,162,146,28,148,4,115,131,0,199,62,44,34,108,20,55,155,184,161,80,58,177,169,191,11,104,180,163,170,95,152,90,125,149,32,68,63,100,116,175,165,193,16,136,144,70,19,64,103,91,84,77,112,179,176,42,47,132,166,119,48];False
3297;6915;10212;[16,194,180,41,187,117,2,169,172,132,166,22,195,112,8,190,191,93,66,157,20,188,87,37,174,149,167,61,45,138,104,125,78,128,42,57,3,121,162,126,143,160,91,1,33,124,94,196,130,103,140,17,82,23,189,81,0,85,19,26,176,46,9,142,170,95,38,139,144,63,51,56,21,92,147,4,84,67,32,72,163,25,70,74,198,173,113,105,156,71,165,193,168,31,6,18,131,110,101,59,80,100,30,134,148,11,97,58,175,151,7,77,181,68,123,89,137,158,54,52,12,49,39,107,55,14,13,111,119,145,75,129,15,135,53,183,69,159,164,90,28,155,73,99,106,136,115,152,35,161,102,86,133,76,122,116,65,118,109,50,34,108,192,40,36,182,29,154,60,177,27,43,127,96,171,141,98,114,64,79,179,47,88,5,186,199,83,153,197,24,150,10,185,62,120,178,184,44,48,146];False
3462;6897;10359;[16,194,180,41,187,117,2,169,172,132,166,22,195,112,8,184,191,93,66,157,20,188,87,37,174,23,167,61,45,138,104,125,78,128,42,57,3,121,162,126,143,160,91,1,33,124,94,196,130,103,140,17,82,149,189,81,0,85,19,26,176,46,9,142,170,95,38,139,144,63,51,56,21,92,147,4,84,67,32,72,163,25,70,74,198,173,113,105,156,71,165,193,168,31,6,18,131,110,101,59,80,100,30,134,148,11,97,58,175,151,7,77,181,68,123,89,137,158,54,52,12,49,39,107,55,14,13,111,119,145,75,129,15,135,53,183,69,159,164,90,28,155,73,99,106,136,115,152,35,161,102,86,133,76,122,116,65,118,109,50,34,108,192,40,36,182,29,154,60,177,27,43,127,96,171,141,98,114,64,79,179,47,88,5,186,199,83,153,197,24,150,10,185,62,120,178,190,44,48,146];False
3458;6896;10354;[16,194,180,41,187,117,2,169,172,132,166,22,195,112,8,184,191,93,66,157,20,188,87,37,174,149,167,61,45,138,104,125,78,128,171,57,3,121,162,126,143,160,91,1,33,124,94,196,130,103,140,17,82,23,189,81,0,85,19,26,176,46,9,142,170,95,38,139,144,63,51,56,21,92,147,4,84,67,32,72,163,25,70,74,198,173,113,105,156,71,165,193,168,31,6,18,131,110,101,59,80,100,30,134,148,11,97,58,175,151,7,77,181,68,123,89,137,158,54,52,12,49,39,107,55,14,13,111,119,145,75,129,15,135,53,183,69,159,164,90,28,155,73,99,106,136,115,152,35,161,102,86,133,76,122,116,65,118,109,50,34,108,192,40,36,182,29,154,60,177,27,43,127,96,42,141,98,114,64,79,179,47,88,5,186,199,83,153,197,24,150,10,185,62,120,178,190,44,48,146];False
3491;6895;10386;[16,194,180,41,187,117,2,169,172,132,166,22,195,112,8,184,191,93,66,157,20,188,87,37,174,149,167,61,45,138,104,125,78,128,42,57,26,121,162,126,143,160,91,1,33,124,94,196,130,103,140,17,82,23,189,81,0,85,19,3,176,46,9,142,170,95,38,139,144,63,51,56,21,92,147,4,84,67,32,72,163,25,70,74,198,173,113,105,156,71,165,193,168,31,6,18,131,110,101,59,80,100,30,134,148,11,97,58,175,151,7,77,181,68,123,89,137,158,54,52,12,49,39,107,55,14,13,111,119,145,75,129,15,135,53,183,69,159,164,90,28,155,73,99,106,136,115,152,35,161,102,86,133,76,122,116,65,118,109,50,34,108,192,40,36,182,29,154,60,177,27,43,127,96,171,141,98,114,64,79,179,47,88,5,186,199,83,153,197,24,150,10,185,62,120,178,190,44,48,146];False
3350;6906;10256;[16,194,180,41,187,117,2,169,172,132,166,22,195,112,8,184,191,93,66,157,20,188,87,37,174,149,167,61,45,138,104,125,78,128,42,57,3,121,162,126,143,160,142,1,33,124,94,196,130,103,140,17,82,23,189,81,0,85,19,26,176,46,9,91,170,95,38,139,144,63,51,56,21,92,147,4,84,67,32,72,163,25,70,74,198,173,113,105,156,71,165,193,168,31,6,18,131,110,101,59,80,100,30,134,148,11,97,58,175,151,7,77,181,68,123,89,137,158,54,52,12,49,39,107,55,14,13,111,119,145,75,129,15,135,53,183,69,159,164,90,28,155,73,99,106,136,115,152,35,161,102,86,133,76,122,116,65,118,109,50,34,108,192,40,36,182,29,154,60,177,27,43,127,96,171,141,98,114,64,79,179,47,88,5,186,199,83,153,197,24,150,10,185,62,120,178,190,44,48,146];False
3497;6893;10390;[16,194,180,41,187,117,2,169,172,132,166,22,195,112,8,184,191,93,66,157,20,188,87,37,174,149,167,61,45,138,104,125,78,128,42,57,3,121,162,126,143,160,91,1,33,124,94,196,130,103,140,17,82,23,189,81,0,85,40,26,176,46,9,142,170,95,38,139,144,63,51,56,21,92,147,4,84,67,32,72,163,25,70,74,198,173,113,105,156,71,165,193,168,31,6,18,131,110,101,59,80,100,30,134,148,11,97,58,175,151,7,77,181,68,123,89,137,158,54,52,12,49,39,107,55,14,13,111,119,145,75,129,15,135,53,183,69,159,164,90,28,155,73,99,106,136,115,152,35,161,102,86,133,76,122,116,65,118,109,50,34,108,192,19,36,182,29,154,60,177,27,43,127,96,171,141,98,114,64,79,179,47,88,5,186,199,83,153,197,24,150,10,185,62,120,178,190,44,48,146];False
3440;6890;10330;[16,194,180,41,187,117,2,169,172,132,166,22,195,112,8,184,191,93,66,157,20,188,87,37,174,149,167,61,45,138,104,125,78,128,42,57,3,121,162,126,143,160,91,1,33,124,94,196,130,103,140,17,82,23,189,81,0,85,19,26,176,46,9,142,170,95,40,139,144,63,51,56,21,92,147,4,84,67,32,72,163,25,70,74,198,173,113,105,156,71,165,193,168,31,6,18,131,110,101,59,80,100,30,134,148,11,97,58,175,151,7,77,181,68,123,89,137,158,54,52,12,49,39,107,55,14,13,111,119,145,75,129,15,135,53,183,69,159,164,90,28,155,73,99,106,136,115,152,35,161,102,86,133,76,122,116,65,118,109,50,34,108,192,38,36,182,29,154,60,177,27,43,127,96,171,141,98,114,64,79,179,47,88,5,186,199,83,153,197,24,150,10,185,62,120,178,190,44,48,146];False
3347;6906;10253;[16,194,180,41,187,117,2,169,172,132,166,22,195,112,8,184,191,93,66,157,20,188,87,37,174,149,167,61,45,138,104,125,78,128,42,57,3,121,162,126,143,160,91,1,33,124,94,196,130,103,140,17,82,23,189,81,0,85,19,26,176,46,9,142,170,95,38,139,144,146,51,56,21,92,147,4,84,67,32,72,163,25,70,74,198,173,113,105,156,71,165,193,168,31,6,18,131,110,101,59,80,100,30,134,148,11,97,58,175,151,7,77,181,68,123,89,137,158,54,52,12,49,39,107,55,14,13,111,119,145,75,129,15,135,53,183,69,159,164,90,28,155,73,99,106,136,115,152,35,161,102,86,133,76,122,116,65,118,109,50,34,108,192,40,36,182,29,154,60,177,27,43,127,96,171,141,98,114,64,79,179,47,88,5,186,199,83,153,197,24,150,10,185,62,120,178,190,44,48,63];False
3420;6899;10319;[16,194,180,41,187,117,2,169,172,132,166,22,195,112,8,184,191,93,66,157,20,188,87,37,174,149,167,61,45,138,104,125,78,128,42,57,3,121,162,126,143,160,91,1,33,124,94,196,130,103,140,17,82,23,189,81,0,85,19,26,176,46,9,142,170,95,38,139,144,63,50,56,21,92,147,4,84,67,32,72,163,25,70,74,198,173,113,105,156,71,165,193,168,31,6,18,131,110,101,59,80,100,30,134,148,11,97,58,175,151,7,77,181,68,123,89,137,158,54,52,12,49,39,107,55,14,13,111,119,145,75,129,15,135,53,183,69,159,164,90,28,155,73,99,106,136,115,152,35,161,102,86,133,76,122,116,65,118,109,51,34,108,192,40,36,182,29,154,60,177,27,43,127,96,171,141,98,114,64,79,179,47,88,5,186,199,83,153,197,24,150,10,185,62,120,178,190,44,48,146];False
3312;6913;10225;[16,194,180,41,187,117,2,169,172,132,166,22,195,112,8,184,191,93,66,157,20,188,87,37,174,149,167,61,45,138,104,125,78,128,42,57,3,121,162,126,143,160,91,1,33,124,94,196,130,103,140,17,82,23,189,81,0,85,19,26,176,46,9,142,170,95,38,139,144,63,51,50,21,92,147,4,84,67,32,72,163,25,70,74,198,173,113,105,156,71,165,193,168,31,6,18,131,110,101,59,80,100,30,134,148,11,97,58,175,151,7,77,181,68,123,89,137,158,54,52,12,49,39,107,55,14,13,111,119,145,75,129,15,135,53,183,69,159,164,90,28,155,73,99,106,136,115,152,35,161,102,86,133,76,122,116,65,118,109,56,34,108,192,40,36,182,29,154,60,177,27,43,127,96,171,141,98,114,64,79,179,47,88,5,186,199,83,153,197,24,150,10,185,62,120,178,190,44,48,146];False
3321;6908;10229;[16,194,180,41,187,117,2,169,172,132,166,22,195,112,8,184,191,93,66,157,20,188,87,37,174,149,167,61,45,138,104,125,78,128,42,57,3,121,162,126,143,160,91,1,33,124,94,196,130,103,140,17,82,23,189,81,0,85,19,26,176,46,9,142,170,95,38,139,144,63,51,56,21,92,147,4,84,67,32,72,163,25,70,74,198,173,107,105,156,71,165,193,168,31,6,18,131,110,101,59,80,100,30,134,148,11,97,58,175,151,7,77,181,68,123,89,137,158,54,52,12,49,39,113,55,14,13,111,119,145,75,129,15,135,53,183,69,159,164,90,28,155,73,99,106,136,115,152,35,161,102,86,133,76,122,116,65,118,109,50,34,108,192,40,36,182,29,154,60,177,27,43,127,96,171,141,98,114,64,79,179,47,88,5,186,199,83,153,197,24,150,10,185,62,120,178,190,44,48,146];False
3244;6913;10157;[16,194,180,41,187,117,2,169,172,132,130,22,195,112,8,184,191,93,66,157,20,188,87,37,174,149,167,61,45,138,104,125,78,128,42,57,3,121,162,126,143,160,91,1,33,124,94,196,166,103,140,17,82,23,189,81,0,85,19,26,176,46,9,142,170,95,38,139,144,63,51,56,21,92,147,4,84,67,32,72,163,25,70,74,198,173,113,190,156,71,165,193,168,31,6,18,131,110,101,59,80,100,30,134,148,11,97,58,175,151,7,77,181,68,123,89,137,158,62,52,12,49,39,107,55,14,13,111,119,145,75,129,15,135,53,183,69,159,164,90,28,155,73,99,106,136,115,152,35,161,102,86,133,76,122,116,65,118,109,50,34,108,192,40,36,182,29,154,60,177,27,43,127,96,171,141,98,114,64,79,179,47,88,5,186,199,83,153,197,24,150,10,185,54,120,178,105,44,48,146];False
3394;6899;10293;[16,194,180,41,187,117,2,169,172,132,166,22,195,112,8,45,191,93,66,157,20,188,87,37,174,149,167,61,184,138,104,125,78,128,42,57,3,121,162,126,143,160,91,1,33,124,94,196,130,103,140,17,82,23,189,81,0,85,19,26,176,46,9,142,170,95,38,139,144,63,51,56,21,92,147,4,84,67,32,72,163,25,70,74,198,173,113,190,156,71,165,193,168,31,6,18,131,110,101,59,80,100,30,134,148,11,97,58,175,151,7,77,181,68,123,89,137,158,62,52,12,49,39,107,55,14,13,111,119,145,75,129,15,135,53,183,69,159,164,90,28,155,73,99,106,136,115,152,35,161,102,86,133,76,122,116,65,118,109,50,34,108,192,40,36,182,29,154,60,177,27,43,127,96,171,141,98,114,64,79,179,47,88,5,186,199,83,153,197,24,150,10,185,54,120,178,105,44,48,146];False
3306;6911;10217;[16,194,180,41,187,117,2,169,172,132,166,22,195,112,8,193,191,93,66,157,20,188,87,37,174,149,167,61,45,138,104,125,78,128,42,57,3,121,162,126,143,160,91,1,33,124,94,196,130,103,140,17,82,23,189,81,0,85,19,26,176,46,9,142,170,95,38,139,144,63,51,56,21,92,147,4,84,67,32,72,163,25,70,74,198,173,113,190,156,71,165,184,168,31,6,18,131,110,101,59,80,100,30,134,148,11,97,58,175,151,7,77,181,68,123,89,137,158,62,52,12,49,39,107,55,14,13,111,119,145,75,129,15,135,53,183,69,159,164,90,28,155,73,99,106,136,115,152,35,161,102,86,133,76,122,116,65,118,109,50,34,108,192,40,36,182,29,154,60,177,27,43,127,96,171,141,98,114,64,79,179,47,88,5,186,199,83,153,197,24,150,10,185,54,120,178,105,44,48,146];False
3321;6907;10228;[16,194,180,41,187,117,2,169,172,132,166,22,195,112,8,184,165,93,66,157,20,188,87,37,174,149,167,61,45,138,104,125,78,128,42,57,3,121,162,126,143,160,91,1,33,124,94,196,130,103,140,17,82,23,189,81,0,85,19,26,176,46,9,142,170,95,38,139,144,63,51,56,21,92,147,4,84,67,32,72,163,25,70,74,198,173,113,190,156,71,191,193,168,31,6,18,131,110,101,59,80,100,30,134,148,11,97,58,175,151,7,77,181,68,123,89,137,158,62,52,12,49,39,107,55,14,13,111,119,145,75,129,15,135,53,183,69,159,164,90,28,155,73,99,106,136,115,152,35,161,102,86,133,76,122,116,65,118,109,50,34,108,192,40,36,182,29,154,60,177,27,43,127,96,171,141,98,114,64,79,179,47,88,5,186,199,83,153,197,24,150,10,185,54,120,178,105,44,48,146];False
3421;6897;10318;[16,194,180,41,187,117,2,169,172,132,166,22,195,112,8,184,191,93,66,157,20,188,87,118,174,149,167,61,45,138,104,125,78,128,42,57,3,121,162,126,143,160,91,1,33,124,94,196,130,103,140,17,82,23,189,81,0,85,19,26,176,46,9,142,170,95,38,139,144,63,51,56,21,92,147,4,84,67,32,72,163,25,70,74,198,173,113,190,156,71,165,193,168,31,6,18,131,110,101,59,80,100,30,134,148,11,97,58,175,151,7,77,181,68,123,89,137,158,62,52,12,49,39,107,55,14,13,111,119,145,75,129,15,135,53,183,69,159,164,90,28,155,73,99,106,136,115,152,35,161,102,86,133,76,122,116,65,37,109,50,34,108,192,40,36,182,29,154,60,177,27,43,127,96,171,141,98,114,64,79,179,47,88,5,186,199,83,153,197,24,150,10,185,54,120,178,105,44,48,146];False
3482;6889;10371;[16,194,180,41,187,117,2,169,172,132,166,22,195,112,8,184,191,93,66,157,20,188,87,37,174,23,167,61,45,138,104,125,78,128,42,57,3,121,162,126,143,160,91,1,33,124,94,196,130,103,140,17,82,149,189,81,0,85,19,26,176,46,9,142,170,95,38,139,144,63,51,56,21,92,147,4,84,67,32,72,163,25,70,74,198,173,113,190,156,71,165,193,168,31,6,18,131,110,101,59,80,100,30,134,148,11,97,58,175,151,7,77,181,68,123,89,137,158,62,52,12,49,39,107,55,14,13,111,119,145,75,129,15,135,53,183,69,159,164,90,28,155,73,99,106,136,115,152,35,161,102,86,133,76,122,116,65,118,109,50,34,108,192,40,36,182,29,154,60,177,27,43,127,96,171,141,98,114,64,79,179,47,88,5,186,199,83,153,197,24,150,10,185,54,120,178,105,44,48,146];False
3478;6888;10366;[16,194,180,41,187,117,2,169,172,132,166,22,195,112,8,184,191,93,66,157,20,188,87,37,174,149,167,61,45,138,104,125,78,128,171,57,3,121,162,126,143,160,91,1,33,124,94,196,130,103,140,17,82,23,189,81,0,85,19,26,176,46,9,142,170,95,38,139,144,63,51,56,21,92,147,4,84,67,32,72,163,25,70,74,198,173,113,190,156,71,165,193,168,31,6,18,131,110,101,59,80,100,30,134,148,11,97,58,175,151,7,77,181,68,123,89,137,158,62,52,12,49,39,107,55,14,13,111,119,145,75,129,15,135,53,183,69,159,164,90,28,155,73,99,106,136,115,152,35,161,102,86,133,76,122,116,65,118,109,50,34,108,192,40,36,182,29,154,60,177,27,43,127,96,42,141,98,114,64,79,179,47,88,5,186,199,83,153,197,24,150,10,185,54,120,178,105,44,48,146];False
3370;6898;10268;[16,194,180,41,187,117,2,169,172,132,166,22,195,112,8,184,191,93,66,157,20,188,87,37,174,149,167,61,45,138,104,125,78,128,42,57,3,121,162,126,143,160,142,1,33,124,94,196,130,103,140,17,82,23,189,81,0,85,19,26,176,46,9,91,170,95,38,139,144,63,51,56,21,92,147,4,84,67,32,72,163,25,70,74,198,173,113,190,156,71,165,193,168,31,6,18,131,110,101,59,80,100,30,134,148,11,97,58,175,151,7,77,181,68,123,89,137,158,62,52,12,49,39,107,55,14,13,111,119,145,75,129,15,135,53,183,69,159,164,90,28,155,73,99,106,136,115,152,35,161,102,86,133,76,122,116,65,118,109,50,34,108,192,40,36,182,29,154,60,177,27,43,127,96,171,141,98,114,64,79,179,47,88,5,186,199,83,153,197,24,150,10,185,54,120,178,105,44,48,146];False
3460;6882;10342;[16,194,180,41,187,117,2,169,172,132,166,22,195,112,8,184,191,93,66,157,20,188,87,37,174,149,167,61,45,138,104,125,78,128,42,57,3,121,162,126,143,160,91,1,33,124,94,196,130,103,140,17,82,23,189,81,0,85,19,26,176,46,9,142,170,95,40,139,144,63,51,56,21,92,147,4,84,67,32,72,163,25,70,74,198,173,113,190,156,71,165,193,168,31,6,18,131,110,101,59,80,100,30,134,148,11,97,58,175,151,7,77,181,68,123,89,137,158,62,52,12,49,39,107,55,14,13,111,119,145,75,129,15,135,53,183,69,159,164,90,28,155,73,99,106,136,115,152,35,161,102,86,133,76,122,116,65,118,109,50,34,108,192,38,36,182,29,154,60,177,27,43,127,96,171,141,98,114,64,79,179,47,88,5,186,199,83,153,197,24,150,10,185,54,120,178,105,44,48,146];False
3367;6898;10265;[16,194,180,41,187,117,2,169,172,132,166,22,195,112,8,184,191,93,66,157,20,188,87,37,174,149,167,61,45,138,104,125,78,128,42,57,3,121,162,126,143,160,91,1,33,124,94,196,130,103,140,17,82,23,189,81,0,85,19,26,176,46,9,142,170,95,38,139,144,146,51,56,21,92,147,4,84,67,32,72,163,25,70,74,198,173,113,190,156,71,165,193,168,31,6,18,131,110,101,59,80,100,30,134,148,11,97,58,175,151,7,77,181,68,123,89,137,158,62,52,12,49,39,107,55,14,13,111,119,145,75,129,15,135,53,183,69,159,164,90,28,155,73,99,106,136,115,152,35,161,102,86,133,76,122,116,65,118,109,50,34,108,192,40,36,182,29,154,60,177,27,43,127,96,171,141,98,114,64,79,179,47,88,5,186,199,83,153,197,24,150,10,185,54,120,178,105,44,48,63];False
3332;6905;10237;[16,194,180,41,187,117,2,169,172,132,166,22,195,112,8,184,191,93,66,157,20,188,87,37,174,149,167,61,45,138,104,125,78,128,42,57,3,121,162,126,143,160,91,1,33,124,94,196,130,103,140,17,82,23,189,81,0,85,19,26,176,46,9,142,170,95,38,139,144,63,51,50,21,92,147,4,84,67,32,72,163,25,70,74,198,173,113,190,156,71,165,193,168,31,6,18,131,110,101,59,80,100,30,134,148,11,97,58,175,151,7,77,181,68,123,89,137,158,62,52,12,49,39,107,55,14,13,111,119,145,75,129,15,135,53,183,69,159,164,90,28,155,73,99,106,136,115,152,35,161,102,86,133,76,122,116,65,118,109,56,34,108,192,40,36,182,29,154,60,177,27,43,127,96,171,141,98,114,64,79,179,47,88,5,186,199,83,153,197,24,150,10,185,54,120,178,105,44,48,146];False
3309;6908;10217;[16,194,180,41,187,117,2,169,172,132,166,22,195,112,8,184,191,93,66,157,20,188,87,37,174,149,167,61,45,138,104,125,78,128,42,57,3,121,162,126,143,160,91,1,33,124,94,196,130,103,140,17,82,23,189,81,0,85,19,26,176,46,9,142,170,95,38,139,144,63,51,56,21,92,147,4,84,67,32,72,163,25,70,74,198,173,113,118,156,71,165,193,168,31,6,18,131,110,101,59,80,100,30,134,148,11,97,58,175,151,7,77,181,68,123,89,137,158,62,52,12,49,39,107,55,14,13,111,119,145,75,129,15,135,53,183,69,159,164,90,28,155,73,99,106,136,115,152,35,161,102,86,133,76,122,116,65,190,109,50,34,108,192,40,36,182,29,154,60,177,27,43,127,96,171,141,98,114,64,79,179,47,88,5,186,199,83,153,197,24,150,10,185,54,120,178,105,44,48,146];False
3425;6888;10313;[16,194,180,41,187,117,2,169,172,132,166,22,195,112,8,184,191,93,66,157,20,188,87,37,174,149,167,61,45,138,104,125,78,128,42,57,3,121,162,126,143,160,91,1,33,124,94,196,130,103,140,17,82,23,189,81,0,85,19,26,176,46,9,142,170,95,38,139,144,63,51,56,21,92,147,4,84,67,32,72,163,25,70,74,198,173,113,105,156,71,165,193,168,31,6,18,131,110,101,59,80,100,30,134,148,11,97,58,175,151,7,77,181,68,123,89,137,158,62,52,12,49,39,107,55,14,13,111,119,145,75,129,15,135,53,183,69,159,164,90,28,155,73,99,106,136,115,152,35,161,102,86,133,76,122,116,65,118,109,50,34,108,192,40,36,182,29,154,60,177,27,43,127,96,171,141,98,114,64,79,179,47,88,5,186,199,83,153,197,24,150,10,185,54,120,178,190,44,48,146];False
3416;6896;10312;[16,194,180,41,187,117,2,169,172,132,166,22,195,112,8,184,191,93,66,157,20,188,87,37,174,149,167,61,45,138,104,125,78,128,42,57,3,121,162,126,143,160,91,1,33,124,94,196,130,103,140,17,82,23,189,81,0,85,19,26,176,46,9,142,170,95,38,139,144,63,51,56,21,92,147,4,84,67,32,72,163,25,70,74,198,173,113,190,156,71,165,193,168,31,6,18,131,110,101,59,80,100,30,134,141,11,97,58,175,151,7,77,181,68,123,89,137,158,62,52,12,49,39,107,55,14,13,111,119,145,75,129,15,135,53,183,69,159,164,90,28,155,73,99,106,136,115,152,35,161,102,86,133,76,122,116,65,118,109,50,34,108,192,40,36,182,29,154,60,177,27,43,127,96,171,148,98,114,64,79,179,47,88,5,186,199,83,153,197,24,150,10,185,54,120,178,105,44,48,146];False
3350;6902;10252;[16,194,180,41,187,117,2,169,172,132,166,22,195,112,8,184,191,93,66,157,20,188,87,37,174,149,167,61,45,138,104,125,78,128,42,57,3,121,162,126,143,160,91,1,33,124,94,196,130,103,140,17,82,23,189,81,0,85,19,26,176,46,9,142,170,95,38,139,144,63,51,56,21,92,147,4,84,67,32,72,163,25,70,74,198,173,113,190,156,71,165,193,168,31,6,18,131,110,101,59,80,100,30,134,148,11,97,58,151,175,7,77,181,68,123,89,137,158,62,52,12,49,39,107,55,14,13,111,119,145,75,129,15,135,53,183,69,159,164,90,28,155,73,99,106,136,115,152,35,161,102,86,133,76,122,116,65,118,109,50,34,108,192,40,36,182,29,154,60,177,27,43,127,96,171,141,98,114,64,79,179,47,88,5,186,199,83,153,197,24,150,10,185,54,120,178,105,44,48,146];False
3472;6881;10353;[16,194,180,41,187,117,2,169,172,132,166,22,195,112,8,184,191,93,66,157,20,188,87,37,174,149,167,61,45,138,104,125,78,128,42,57,3,121,162,126,143,160,91,1,33,124,94,196,130,103,140,17,82,23,189,81,0,85,19,26,176,46,9,142,170,95,38,139,144,63,51,56,21,92,147,4,84,67,32,72,163,25,70,74,198,173,113,190,156,71,165,193,168,31,6,18,131,110,101,59,80,100,30,134,148,11,97,58,175,151,7,77,181,68,123,29,137,158,62,52,12,49,39,107,55,14,13,111,119,145,75,129,15,135,53,183,69,159,164,90,28,155,73,99,106,136,115,152,35,161,102,86,133,76,122,116,65,118,109,50,34,108,192,40,36,182,89,154,60,177,27,43,127,96,171,141,98,114,64,79,179,47,88,5,186,199,83,153,197,24,150,10,185,54,120,178,105,44,48,146];False
3313;6902;10215;[16,194,180,41,187,117,2,169,172,132,166,22,195,112,8,184,191,93,66,157,20,188,87,37,174,149,167,61,45,138,104,125,78,128,42,57,3,121,162,126,143,160,91,1,33,124,94,196,130,103,140,17,82,23,189,81,0,85,19,26,176,46,9,142,170,95,38,139,144,63,51,56,21,92,147,4,84,67,32,72,163,25,70,74,198,173,113,190,156,71,165,193,168,31,6,18,131,110,101,59,80,100,30,134,148,11,97,58,175,151,7,77,181,68,123,89,137,158,62,122,12,49,39,107,55,14,13,111,119,145,75,129,15,135,53,183,69,159,164,90,28,155,73,99,106,136,115,152,35,161,102,86,133,76,52,116,65,118,109,50,34,108,192,40,36,182,29,154,60,177,27,43,127,96,171,141,98,114,64,79,179,47,88,5,186,199,83,153,197,24,150,10,185,54,120,178,105,44,48,146];False
3326;6897;10223;[16,194,180,41,187,117,2,169,172,132,166,22,195,112,8,184,191,93,66,157,20,188,87,37,174,149,167,61,45,138,104,125,78,128,42,57,3,121,162,126,143,160,91,1,33,124,94,196,130,103,140,17,82,23,189,81,0,85,19,26,176,46,9,142,170,95,38,139,144,63,51,56,21,92,147,4,84,67,32,72,163,25,70,74,198,173,113,190,156,71,165,193,168,31,6,18,131,110,101,59,80,100,30,134,148,11,97,58,175,151,7,77,181,68,123,89,137,158,62,52,12,49,39,107,105,14,13,111,119,145,75,129,15,135,53,183,69,159,164,90,28,155,73,99,106,136,115,152,35,161,102,86,133,76,122,116,65,118,109,50,34,108,192,40,36,182,29,154,60,177,27,43,127,96,171,141,98,114,64,79,179,47,88,5,186,199,83,153,197,24,150,10,185,54,120,178,55,44,48,146];False
1432;8856;10288;[14,113,61,19,64,101,75,175,145,143,160,105,93,118,48,99,141,86,45,15,173,18,25,115,24,197,26,9,77,20,129,72,147,65,87,106,196,22,38,174,1,2,110,12,165,153,122,127,39,73,6,76,50,51,126,100,30,134,137,187,181,82,23,151,54,158,121,92,49,112,31,142,81,52,108,53,183,83,7,79,185,148,167,189,59,36,46,5,27,133,96,157,138,41,152,56,66,74,198,159,140,182,178,29,154,156,117,71,69,190,43,128,85,164,111,192,40,124,150,139,33,13,172,195,10,78,60,35,88,135,34,194,130,171,116,57,186,98,84,89,162,146,119,28,4,97,131,67,199,62,102,120,3,114,55,155,184,161,80,58,177,169,191,11,104,193,163,170,95,91,90,125,149,32,68,63,37,109,0,94,8,16,136,144,70,168,17,103,21,180,107,188,179,176,42,47,132,166,123,44];False
1417;8881;10298;[194,113,61,19,64,101,100,67,94,143,160,105,174,118,48,99,141,86,45,15,173,18,25,115,24,197,26,9,7,20,129,72,147,6,87,106,196,22,38,34,3,2,75,12,165,153,122,127,39,73,65,76,50,53,93,110,30,134,137,111,181,82,23,151,54,158,121,92,49,112,187,142,81,52,108,74,183,83,17,79,185,148,167,189,59,36,46,5,27,133,96,157,138,41,152,56,66,126,198,159,140,182,51,29,154,156,117,71,69,190,43,128,85,164,178,192,40,124,150,139,33,13,172,195,10,78,60,35,88,135,14,31,130,171,116,57,186,98,84,89,162,146,119,28,4,97,131,0,199,62,102,120,1,114,55,155,184,161,80,58,177,169,191,11,104,193,163,170,95,91,90,125,149,32,68,63,37,109,175,145,8,16,136,144,70,168,77,103,21,180,107,188,179,176,42,47,132,166,123,44];False
1418;8876;10294;[194,113,61,19,64,101,100,0,94,143,160,105,174,118,48,99,141,86,45,15,173,18,25,115,24,197,26,9,7,20,129,72,147,22,87,106,196,6,38,34,3,2,75,12,165,153,122,127,39,73,65,76,50,53,93,110,30,134,137,111,181,82,23,151,54,158,121,92,49,112,187,142,81,52,108,74,183,83,17,79,185,148,167,189,59,36,46,5,27,133,96,157,138,41,152,56,66,126,198,159,140,182,51,29,154,156,117,71,69,190,43,128,85,164,178,192,40,124,150,139,33,13,172,195,10,78,60,35,88,135,14,31,130,171,116,57,186,98,84,89,162,146,119,28,4,97,131,67,199,62,102,120,1,114,55,155,184,161,80,58,177,169,191,11,104,193,163,170,95,91,90,125,149,32,68,63,37,109,175,145,8,16,136,144,70,168,77,103,21,180,107,188,179,176,42,47,132,166,123,44];False
1411;8877;10288;[194,113,61,19,64,101,100,0,94,143,160,105,174,118,48,99,141,86,45,15,173,18,25,115,24,197,26,9,7,20,129,72,147,65,87,106,196,22,38,34,3,2,75,12,49,153,122,127,39,73,6,76,50,53,93,110,30,134,137,111,181,82,23,109,54,158,121,92,165,112,187,142,81,52,108,74,183,83,17,79,185,148,167,189,59,36,46,5,27,133,96,157,138,41,152,56,66,126,198,159,140,182,51,29,154,156,117,71,69,190,43,128,85,164,178,192,40,124,150,139,33,13,172,195,10,78,60,35,88,135,14,31,130,171,116,57,186,98,84,89,162,146,119,28,4,97,131,67,199,62,102,120,1,114,55,155,184,161,80,58,177,169,191,11,104,193,163,170,95,91,90,125,149,32,68,63,37,151,175,145,8,16,136,144,70,168,77,103,21,180,107,188,179,176,42,47,132,166,123,44];False
1450;8805;10255;[194,113,61,19,64,101,100,0,94,143,160,105,174,118,48,99,141,86,45,15,173,18,25,115,24,197,26,9,7,20,129,72,147,65,87,106,196,22,38,34,3,2,75,12,49,153,122,127,39,73,6,76,50,53,93,110,30,134,137,111,181,82,23,151,54,158,121,92,165,112,187,142,81,52,108,74,183,83,77,79,185,148,167,189,59,36,46,5,27,133,96,157,138,41,152,56,66,126,198,159,140,182,51,29,154,156,117,71,69,190,43,128,85,164,178,192,40,124,150,139,33,13,172,195,10,78,60,35,88,135,14,31,130,171,116,57,186,98,84,89,162,146,119,28,4,97,131,67,199,62,102,120,1,114,55,155,184,161,80,58,177,169,191,11,104,193,163,170,95,91,90,125,149,32,68,63,37,109,175,145,8,16,136,144,70,168,17,103,21,180,107,188,179,176,42,47,132,166,123,44];False
1423;8868;10291;[194,113,61,19,64,101,100,67,94,143,160,105,174,118,48,99,141,86,45,15,173,18,25,115,24,197,26,9,7,20,129,72,147,65,87,106,196,22,38,34,3,2,75,12,165,153,122,127,39,73,6,76,50,53,93,110,30,134,137,111,181,82,23,133,54,158,121,92,49,112,187,142,81,52,108,74,183,83,17,79,185,148,167,189,59,36,46,5,27,151,96,157,138,41,152,56,66,126,198,159,140,182,51,29,154,156,117,71,69,190,43,128,85,164,178,192,40,124,150,139,33,13,172,195,10,78,60,35,88,135,14,31,130,171,116,57,186,98,84,89,162,146,119,28,4,97,131,0,199,62,102,120,1,114,55,155,184,161,80,58,177,169,191,11,104,193,163,170,95,91,90,125,149,32,68,63,37,109,175,145,8,16,136,144,70,168,77,103,21,180,107,188,179,176,42,47,132,166,123,44];False
1451;8796;10247;[194,113,61,19,64,101,100,0,94,143,160,105,174,118,48,99,141,86,45,15,173,18,25,115,24,197,26,9,7,20,129,72,147,65,87,106,196,22,38,34,3,2,75,12,165,153,122,127,39,73,6,76,50,53,93,110,30,134,137,111,181,82,23,133,54,158,121,92,49,112,187,142,81,52,108,74,183,83,77,79,185,148,167,189,59,36,46,5,27,151,96,157,138,41,152,56,66,126,198,159,140,182,51,29,154,156,117,71,69,190,43,128,85,164,178,192,40,124,150,139,33,13,172,195,10,78,60,35,88,135,14,31,130,171,116,57,186,98,84,89,162,146,119,28,4,97,131,67,199,62,102,120,1,114,55,155,184,161,80,58,177,169,191,11,104,193,163,170,95,91,90,125,149,32,68,63,37,109,175,145,8,16,136,144,70,168,17,103,21,180,107,188,179,176,42,47,132,166,123,44];False
1429;8862;10291;[194,113,61,19,64,101,100,0,94,143,160,105,174,118,48,99,141,86,45,15,173,18,25,115,24,197,26,9,7,20,129,72,147,65,87,106,196,22,38,34,3,2,75,12,165,153,122,127,39,73,6,76,50,53,93,110,30,134,137,111,181,82,23,133,54,158,121,92,49,112,187,142,81,52,108,74,183,83,17,79,185,148,167,189,59,36,46,5,27,151,96,157,164,41,152,56,66,126,198,159,140,182,51,29,154,156,117,71,69,190,43,128,85,138,178,192,40,124,150,139,33,13,172,195,10,78,60,35,88,135,14,31,130,171,116,57,186,98,84,89,162,146,119,28,4,97,131,67,199,62,102,120,1,114,55,155,184,161,80,58,177,169,191,11,104,193,163,170,95,91,90,125,149,32,68,63,37,109,175,145,8,16,136,144,70,168,77,103,21,180,107,188,179,176,42,47,132,166,123,44];False
1397;8890;10287;[194,113,61,19,64,101,100,67,94,143,160,105,174,118,48,99,141,86,45,15,173,18,25,115,24,197,26,9,7,20,129,72,147,65,87,106,196,22,38,34,3,2,75,12,165,153,122,127,39,73,6,76,50,53,93,110,30,134,137,111,181,82,23,109,54,158,121,92,49,112,187,142,81,52,108,74,183,83,17,79,185,148,167,189,59,36,46,5,27,133,96,157,138,41,152,56,66,126,198,159,140,182,51,29,154,156,117,71,69,190,43,128,85,164,178,192,40,124,150,139,33,13,172,195,10,78,60,35,88,135,14,31,130,171,116,57,186,98,84,89,162,146,119,28,4,97,131,0,199,62,102,120,1,114,55,155,184,161,80,58,177,169,191,11,104,193,163,170,95,91,90,125,149,32,68,63,37,151,175,145,8,16,136,144,70,168,77,103,21,180,107,188,179,176,42,47,132,166,123,44];False
1414;8876;10290;[194,113,61,19,64,101,100,0,94,143,160,105,174,118,48,8,141,86,45,15,173,18,25,115,24,197,26,9,7,20,129,72,147,65,87,106,196,22,38,34,3,2,75,12,165,153,122,127,39,73,6,76,50,53,93,110,30,134,137,111,181,82,23,109,54,158,121,92,49,112,187,142,81,52,108,74,183,83,17,79,185,148,167,189,59,36,46,5,27,133,96,157,138,41,152,56,66,126,198,159,140,182,51,29,154,156,117,71,69,190,43,128,85,164,178,192,40,124,150,139,33,13,172,195,10,78,60,35,88,135,14,31,130,171,116,57,186,98,84,89,162,146,119,28,4,97,131,67,199,62,102,120,1,114,55,155,184,161,80,58,177,169,191,11,104,193,163,170,95,91,90,125,149,32,68,63,37,151,175,145,99,16,136,144,70,168,77,103,21,180,107,188,179,176,42,47,132,166,123,44];False
1406;8881;10287;[194,113,61,19,64,101,100,0,94,143,160,105,174,118,48,99,141,86,45,15,173,18,25,115,24,197,26,9,7,20,129,72,147,6,87,106,196,22,38,34,3,2,75,12,165,153,122,127,39,73,65,76,50,53,93,110,30,134,137,111,181,82,23,109,54,158,121,92,49,112,187,142,81,52,108,74,183,83,17,79,185,148,167,189,59,36,46,5,27,133,96,157,138,41,152,56,66,126,198,159,140,182,51,29,154,156,117,71,69,190,43,128,85,164,178,192,40,124,150,139,33,13,172,195,10,78,60,35,88,135,14,31,130,171,116,57,186,98,84,89,162,146,119,28,4,97,131,67,199,62,102,120,1,114,55,155,184,161,80,58,177,169,191,11,104,193,163,170,95,91,90,125,149,32,68,63,37,151,175,145,8,16,136,144,70,168,77,103,21,180,107,188,179,176,42,47,132,166,123,44];False
1384;8918;10302;[194,113,61,19,64,101,100,0,94,143,160,105,174,118,48,99,141,86,45,15,173,18,25,115,24,197,26,9,7,20,129,72,147,65,87,106,196,22,38,34,3,2,75,12,165,153,122,127,39,73,6,178,50,53,93,110,30,134,137,111,181,82,23,109,54,158,121,92,49,112,187,142,81,52,108,74,183,83,17,79,185,148,167,189,59,36,46,5,27,133,96,157,138,41,152,56,66,126,198,159,140,182,51,29,154,156,117,71,69,190,43,128,85,164,76,192,40,124,150,139,33,13,172,195,10,78,60,35,88,135,14,31,130,171,116,57,186,98,84,89,162,146,119,28,4,97,131,67,199,62,102,120,1,114,55,155,184,161,80,58,177,169,191,11,104,193,163,170,95,91,90,125,149,32,68,63,37,151,175,145,8,16,136,144,70,168,77,103,21,180,107,188,179,176,42,47,132,166,123,44];False
1432;8836;10268;[194,113,61,19,64,101,100,0,94,143,160,105,174,118,48,99,141,86,45,15,173,18,25,115,24,197,26,9,7,20,129,72,147,65,87,106,196,22,38,34,3,2,75,12,165,153,122,127,39,73,6,76,50,53,93,110,30,134,137,111,181,82,23,109,54,158,121,92,49,112,31,142,81,52,108,74,183,83,17,79,185,148,167,189,59,36,46,5,27,133,96,157,138,41,152,56,66,126,198,159,140,182,51,29,154,156,117,71,69,190,43,128,85,164,178,192,40,124,150,139,33,13,172,195,10,78,60,35,88,135,14,187,130,171,116,57,186,98,84,89,162,146,119,28,4,97,131,67,199,62,102,120,1,114,55,155,184,161,80,58,177,169,191,11,104,193,163,170,95,91,90,125,149,32,68,63,37,151,175,145,8,16,136,144,70,168,77,103,21,180,107,188,179,176,42,47,132,166,123,44];False
1445;8810;10255;[194,113,61,19,64,101,100,0,94,143,160,105,174,118,48,99,141,86,45,15,173,18,25,115,24,197,26,9,7,20,129,72,147,65,87,106,196,22,38,34,3,2,75,12,165,153,122,127,39,73,6,76,50,53,93,110,30,134,137,111,181,82,23,109,54,158,121,92,49,112,187,142,81,52,108,74,183,104,17,79,185,148,167,189,59,36,46,5,27,133,96,157,138,41,152,56,66,126,198,159,140,182,51,29,154,156,117,71,69,190,43,128,85,164,178,192,40,124,150,139,33,13,172,195,10,78,60,35,88,135,14,31,130,171,116,57,186,98,84,89,162,146,119,28,4,97,131,67,199,62,102,120,1,114,55,155,184,161,80,58,177,169,191,11,83,193,163,170,95,91,90,125,149,32,68,63,37,151,175,145,8,16,136,144,70,168,77,103,21,180,107,188,179,176,42,47,132,166,123,44];False
1425;8818;10243;[194,113,61,19,64,101,100,0,94,143,160,105,174,118,48,99,141,86,45,15,173,18,25,115,24,197,26,9,7,20,129,72,147,65,87,106,196,22,38,34,3,2,75,12,165,153,122,127,39,73,6,76,50,53,93,110,30,134,137,111,181,82,23,109,54,158,121,92,49,112,187,142,81,52,108,74,183,83,77,79,185,148,167,189,59,36,46,5,27,133,96,157,138,41,152,56,66,126,198,159,140,182,51,29,154,156,117,71,69,190,43,128,85,164,178,192,40,124,150,139,33,13,172,195,10,78,60,35,88,135,14,31,130,171,116,57,186,98,84,89,162,146,119,28,4,97,131,67,199,62,102,120,1,114,55,155,184,161,80,58,177,169,191,11,104,193,163,170,95,91,90,125,149,32,68,63,37,151,175,145,8,16,136,144,70,168,17,103,21,180,107,188,179,176,42,47,132,166,123,44];False
1396;8905;10301;[194,113,61,19,64,101,100,0,94,143,160,105,174,118,48,99,141,86,45,15,173,18,25,115,24,197,26,9,7,20,129,72,147,65,87,106,196,22,38,34,3,2,75,12,165,153,122,127,39,73,6,76,50,53,93,110,30,134,137,111,181,82,23,109,54,158,121,92,49,112,187,142,81,52,108,74,183,83,17,79,185,148,167,189,59,36,46,5,27,133,96,37,138,41,152,56,66,126,198,159,140,182,51,29,154,156,117,71,69,190,43,128,85,164,178,192,40,124,150,139,33,13,172,195,10,78,60,35,88,135,14,31,130,171,116,57,186,98,84,89,162,146,119,28,4,97,131,67,199,62,102,120,1,114,55,155,184,161,80,58,177,169,191,11,104,193,163,170,95,91,90,125,149,32,68,63,157,151,175,145,8,16,136,144,70,168,77,103,21,180,107,188,179,176,42,47,132,166,123,44];False
1403;8884;10287;[194,113,61,19,64,101,100,0,94,143,160,105,174,118,48,99,141,86,45,15,173,18,25,115,24,197,26,9,7,20,129,72,147,65,87,106,196,22,38,34,3,2,75,12,165,153,122,127,39,73,6,76,50,53,93,110,30,134,137,111,181,82,23,109,54,158,121,92,49,112,187,142,81,52,108,74,183,83,17,79,185,148,167,189,59,36,46,5,27,133,96,157,164,41,152,56,66,126,198,159,140,182,51,29,154,156,117,71,69,190,43,128,85,138,178,192,40,124,150,139,33,13,172,195,10,78,60,35,88,135,14,31,130,171,116,57,186,98,84,89,162,146,119,28,4,97,131,67,199,62,102,120,1,114,55,155,184,161,80,58,177,169,191,11,104,193,163,170,95,91,90,125,149,32,68,63,37,151,175,145,8,16,136,144,70,168,77,103,21,180,107,188,179,176,42,47,132,166,123,44];False
1377;8917;10294;[194,113,61,19,64,101,100,0,94,143,160,105,174,118,48,99,141,86,45,15,173,18,25,115,24,197,26,9,7,20,129,72,147,65,87,106,196,22,38,34,3,2,75,12,165,153,122,127,39,73,6,76,50,53,93,110,30,134,137,111,181,82,23,109,54,158,121,92,49,112,187,142,81,52,108,74,183,83,17,79,185,148,167,189,59,36,46,5,27,133,96,157,138,41,152,56,66,126,198,159,140,182,51,29,154,156,117,71,69,190,43,145,85,164,178,192,40,124,150,139,33,13,172,195,10,78,60,35,88,135,14,31,130,171,116,57,186,98,84,89,162,146,119,28,4,97,131,67,199,62,102,120,1,114,55,155,184,161,80,58,177,169,191,11,104,193,163,170,95,91,90,125,149,32,68,63,37,151,175,128,8,16,136,144,70,168,77,103,21,180,107,188,179,176,42,47,132,166,123,44];False
1433;8800;10233;[194,113,61,19,64,101,100,0,94,143,160,105,174,118,48,99,141,86,45,15,173,18,25,115,24,197,26,9,77,20,129,72,147,65,87,106,196,22,38,34,3,2,75,12,165,153,122,127,39,73,6,76,50,53,93,110,30,134,137,111,181,82,23,151,54,158,121,92,49,112,187,142,81,52,108,74,183,83,7,79,185,148,167,189,59,36,46,5,27,133,96,157,138,41,152,56,66,126,198,159,140,182,51,29,154,156,117,71,69,190,43,128,85,164,178,192,40,124,150,139,33,13,172,195,10,78,60,35,88,135,14,31,130,171,116,57,186,98,84,89,162,146,119,28,4,97,131,67,199,62,102,120,1,114,55,155,184,161,80,58,177,169,191,11,104,193,163,170,95,91,90,125,149,32,68,63,37,109,175,145,8,16,136,144,70,168,17,103,21,180,107,188,179,176,42,47,132,166,123,44];False
1375;8945;10320;[194,113,61,19,64,101,100,0,94,143,160,105,174,118,48,99,141,86,45,15,173,18,25,115,24,197,26,9,7,20,129,72,147,65,87,106,196,22,38,34,3,2,75,12,165,153,122,127,39,73,6,178,50,53,93,110,30,134,137,111,181,82,23,151,54,158,121,92,49,112,187,142,81,52,108,74,183,83,17,79,185,148,167,189,59,36,46,5,27,133,96,157,138,41,152,56,66,126,198,159,140,182,51,29,154,156,117,71,69,190,43,145,85,164,76,192,40,124,150,139,33,13,172,195,10,78,60,35,88,135,14,31,130,171,116,57,186,98,84,89,162,146,119,28,4,97,131,67,199,62,102,120,1,114,55,155,184,161,80,58,177,169,191,11,104,193,163,170,95,91,90,125,149,32,68,63,37,109,175,128,8,16,136,144,70,168,77,103,21,180,107,188,179,176,42,47,132,166,123,44];False
1423;8863;10286;[194,113,61,19,64,101,100,0,94,143,160,105,174,118,48,99,141,86,45,15,173,18,25,115,24,197,26,9,7,20,129,72,147,65,87,106,196,22,38,34,3,2,75,12,165,153,122,127,39,73,6,76,50,53,93,110,30,134,137,111,181,82,23,151,54,158,121,92,49,112,31,142,81,52,108,74,183,83,17,79,185,148,167,189,59,36,46,5,27,133,96,157,138,41,152,56,66,126,198,159,140,182,51,29,154,156,117,71,69,190,43,145,85,164,178,192,40,124,150,139,33,13,172,195,10,78,60,35,88,135,14,187,130,171,116,57,186,98,84,89,162,146,119,28,4,97,131,67,199,62,102,120,1,114,55,155,184,161,80,58,177,169,191,11,104,193,163,170,95,91,90,125,149,32,68,63,37,109,175,128,8,16,136,144,70,168,77,103,21,180,107,188,179,176,42,47,132,166,123,44];False
1416;8845;10261;[194,113,61,19,64,101,100,0,94,143,160,105,174,118,48,99,141,86,45,15,173,18,25,115,24,197,26,9,7,20,129,72,147,65,87,106,196,22,38,34,3,2,75,12,165,153,122,127,39,73,6,76,50,53,93,110,30,134,137,111,181,82,23,151,54,158,121,92,49,112,187,142,81,52,108,74,183,83,77,79,185,148,167,189,59,36,46,5,27,133,96,157,138,41,152,56,66,126,198,159,140,182,51,29,154,156,117,71,69,190,43,145,85,164,178,192,40,124,150,139,33,13,172,195,10,78,60,35,88,135,14,31,130,171,116,57,186,98,84,89,162,146,119,28,4,97,131,67,199,62,102,120,1,114,55,155,184,161,80,58,177,169,191,11,104,193,163,170,95,91,90,125,149,32,68,63,37,109,175,128,8,16,136,144,70,168,17,103,21,180,107,188,179,176,42,47,132,166,123,44];False
1394;8911;10305;[194,113,61,19,64,101,100,0,94,143,160,105,174,118,48,99,141,86,45,15,173,18,25,115,24,197,26,9,7,20,129,72,147,65,87,106,196,22,38,34,3,2,75,12,165,153,122,127,39,73,6,76,50,53,93,110,30,134,137,111,181,82,23,151,54,158,121,92,49,112,187,142,81,52,108,74,183,83,17,79,185,148,167,189,59,36,46,5,27,133,96,157,164,41,152,56,66,126,198,159,140,182,51,29,154,156,117,71,69,190,43,145,85,138,178,192,40,124,150,139,33,13,172,195,10,78,60,35,88,135,14,31,130,171,116,57,186,98,84,89,162,146,119,28,4,97,131,67,199,62,102,120,1,114,55,155,184,161,80,58,177,169,191,11,104,193,163,170,95,91,90,125,149,32,68,63,37,109,175,128,8,16,136,144,70,168,77,103,21,180,107,188,179,176,42,47,132,166,123,44];False
3535;6877;10412;[20,190,188,93,130,5,177,47,57,3,192,89,18,181,68,48,63,118,44,140,124,94,75,36,145,196,113,61,45,138,65,82,187,128,134,195,33,183,162,126,143,160,91,6,77,149,189,7,173,103,168,17,84,122,2,97,0,85,19,26,176,116,142,49,170,95,167,87,66,135,53,56,21,92,147,67,32,165,169,23,163,25,70,90,41,88,164,37,156,71,8,184,123,146,72,78,131,110,101,59,80,100,30,114,182,139,125,58,151,175,197,1,117,98,157,136,137,158,54,12,193,172,39,107,55,14,13,111,52,40,132,129,15,9,28,105,69,159,38,144,109,155,73,99,106,4,115,152,35,161,102,186,133,76,112,104,31,74,34,108,51,50,198,174,16,194,29,154,60,179,27,43,127,96,171,141,11,22,64,79,42,119,148,83,86,199,81,153,166,24,150,10,185,62,120,178,46,180,191,121];False
3531;6874;10405;[20,190,188,93,130,5,42,47,57,3,192,89,18,181,68,48,63,118,44,140,124,94,75,36,145,196,113,61,45,138,65,82,187,128,134,195,33,183,162,126,143,160,91,6,77,149,189,7,173,103,168,17,84,122,2,97,0,85,19,26,176,116,142,49,170,95,167,87,66,135,53,56,21,92,147,67,32,165,169,23,163,25,70,90,41,88,164,37,156,71,8,184,123,146,72,78,131,110,101,59,80,100,30,114,182,139,125,58,151,175,197,1,117,98,157,136,137,158,54,12,193,172,39,107,55,14,13,111,52,40,132,129,15,9,28,105,69,159,38,144,109,155,73,99,106,4,115,152,35,161,102,186,133,76,112,104,31,74,34,108,51,50,198,174,16,194,29,154,60,177,27,43,127,96,171,141,11,22,64,79,179,119,148,83,86,199,81,153,166,24,150,10,185,62,120,178,46,180,191,121];False
3594;6852;10446;[20,190,188,93,130,5,179,47,57,3,192,173,18,181,68,48,63,118,44,140,124,94,75,36,145,196,113,61,45,138,65,82,187,128,134,195,33,183,162,126,143,160,91,6,77,149,189,7,89,103,168,17,84,122,2,97,0,85,19,26,176,116,142,49,170,95,167,87,66,135,53,56,21,92,147,67,32,165,169,23,163,25,70,90,41,88,164,37,156,71,8,184,123,146,72,78,131,110,101,59,80,100,30,114,182,139,125,58,151,175,197,1,117,98,157,136,137,158,54,12,193,172,39,107,55,14,13,111,52,40,132,129,15,9,28,105,69,159,38,144,109,155,73,99,106,4,115,152,35,161,102,186,133,76,112,104,31,74,34,108,51,50,198,174,16,194,29,154,60,177,27,43,127,96,171,141,11,22,64,79,42,119,148,83,86,199,81,153,166,24,150,10,185,62,120,178,46,180,191,121];False
3515;6876;10391;[20,190,188,93,130,5,179,47,57,3,192,89,18,181,68,48,63,118,44,140,124,94,75,36,145,196,113,61,45,138,65,82,187,128,134,195,33,183,162,126,143,160,91,6,149,77,189,7,173,103,168,17,84,122,2,97,0,85,19,26,176,116,142,49,170,95,167,87,66,135,53,56,21,92,147,67,32,165,169,23,163,25,70,90,41,88,164,37,156,71,8,184,123,146,72,78,131,110,101,59,80,100,30,114,182,139,125,58,151,175,197,1,117,98,157,136,137,158,54,12,193,172,39,107,55,14,13,111,52,40,132,129,15,9,28,105,69,159,38,144,109,155,73,99,106,4,115,152,35,161,102,186,133,76,112,104,31,74,34,108,51,50,198,174,16,194,29,154,60,177,27,43,127,96,171,141,11,22,64,79,42,119,148,83,86,199,81,153,166,24,150,10,185,62,120,178,46,180,191,121];False
3570;6856;10426;[20,190,188,93,130,5,179,47,57,3,192,89,18,181,68,48,63,118,44,140,124,94,75,36,145,196,113,61,45,138,65,82,187,128,134,195,33,183,162,126,143,160,91,6,77,149,189,7,173,103,168,17,84,122,12,97,0,85,19,26,176,116,142,49,170,95,167,87,66,135,53,56,21,92,147,67,32,165,169,23,163,25,70,90,41,88,164,37,156,71,8,184,123,146,72,78,131,110,101,59,80,100,30,114,182,139,125,58,151,175,197,1,117,98,157,136,137,158,54,2,193,172,39,107,55,14,13,111,52,40,132,129,15,9,28,105,69,159,38,144,109,155,73,99,106,4,115,152,35,161,102,186,133,76,112,104,31,74,34,108,51,50,198,174,16,194,29,154,60,177,27,43,127,96,171,141,11,22,64,79,42,119,148,83,86,199,81,153,166,24,150,10,185,62,120,178,46,180,191,121];False
3507;6875;10382;[20,190,188,93,130,5,179,47,57,3,192,89,18,181,68,48,63,118,44,140,124,94,75,36,145,196,113,61,45,138,65,82,187,128,134,195,33,183,162,126,143,160,91,6,77,149,189,7,173,103,168,17,84,122,132,97,0,85,19,26,176,116,142,49,170,95,167,87,66,135,53,56,21,92,147,67,32,165,169,23,163,25,70,90,41,88,164,37,156,71,8,184,123,146,72,78,131,110,101,59,80,100,30,114,182,139,125,58,151,175,197,1,117,98,157,136,137,158,54,12,193,172,39,107,55,14,13,111,52,40,2,129,15,9,28,105,69,159,38,144,109,155,73,99,106,4,115,152,35,161,102,186,133,76,112,104,31,74,34,108,51,50,198,174,16,194,29,154,60,177,27,43,127,96,171,141,11,22,64,79,42,119,148,83,86,199,81,153,166,24,150,10,185,62,120,178,46,180,191,121];False
3540;6870;10410;[20,190,188,93,130,5,179,47,57,3,192,89,18,181,68,48,63,118,44,140,124,94,75,36,145,196,113,61,45,138,65,82,187,128,134,195,33,183,162,126,143,160,91,6,77,149,189,7,173,103,168,17,84,122,2,97,0,85,19,26,176,116,23,49,170,95,167,87,66,135,53,56,21,92,147,67,32,165,169,142,163,25,70,90,41,88,164,37,156,71,8,184,123,146,72,78,131,110,101,59,80,100,30,114,182,139,125,58,151,175,197,1,117,98,157,136,137,158,54,12,193,172,39,107,55,14,13,111,52,40,132,129,15,9,28,105,69,159,38,144,109,155,73,99,106,4,115,152,35,161,102,186,133,76,112,104,31,74,34,108,51,50,198,174,16,194,29,154,60,177,27,43,127,96,171,141,11,22,64,79,42,119,148,83,86,199,81,153,166,24,150,10,185,62,120,178,46,180,191,121];False
3569;6861;10430;[20,190,188,93,130,5,179,47,57,3,192,89,18,181,68,48,63,118,44,140,124,94,75,36,145,196,113,61,45,138,65,82,187,128,134,195,33,183,162,126,143,160,91,6,77,149,189,7,173,103,168,17,84,122,2,97,0,85,19,26,176,116,41,49,170,95,167,87,66,135,53,56,21,92,147,67,32,165,169,23,163,25,70,90,142,88,164,37,156,71,8,184,123,146,72,78,131,110,101,59,80,100,30,114,182,139,125,58,151,175,197,1,117,98,157,136,137,158,54,12,193,172,39,107,55,14,13,111,52,40,132,129,15,9,28,105,69,159,38,144,109,155,73,99,106,4,115,152,35,161,102,186,133,76,112,104,31,74,34,108,51,50,198,174,16,194,29,154,60,177,27,43,127,96,171,141,11,22,64,79,42,119,148,83,86,199,81,153,166,24,150,10,185,62,120,178,46,180,191,121];False
3562;6860;10422;[20,190,188,93,130,5,179,47,57,3,192,89,18,181,68,48,63,118,44,140,124,94,75,36,145,196,113,61,45,138,65,82,187,128,134,195,33,183,162,126,143,160,91,6,77,149,189,7,173,103,168,17,84,122,2,97,0,85,19,26,176,116,142,49,170,95,167,87,66,135,53,56,21,92,147,67,32,165,169,23,163,25,164,90,41,88,70,37,156,71,8,184,123,146,72,78,131,110,101,59,80,100,30,114,182,139,125,58,151,175,197,1,117,98,157,136,137,158,54,12,193,172,39,107,55,14,13,111,52,40,132,129,15,9,28,105,69,159,38,144,109,155,73,99,106,4,115,152,35,161,102,186,133,76,112,104,31,74,34,108,51,50,198,174,16,194,29,154,60,177,27,43,127,96,171,141,11,22,64,79,42,119,148,83,86,199,81,153,166,24,150,10,185,62,120,178,46,180,191,121];False
3496;6857;10353;[20,190,188,93,130,5,179,47,57,3,192,89,18,181,68,48,63,118,44,140,124,94,75,36,145,196,113,61,45,138,65,82,187,128,134,195,33,183,162,126,143,160,91,6,77,149,189,7,173,103,168,17,84,122,2,97,0,85,19,26,176,116,142,49,170,95,167,87,66,135,53,56,21,92,147,67,32,165,169,23,163,25,70,90,41,88,164,37,156,71,8,184,123,146,72,78,131,110,101,59,80,100,30,114,182,139,125,58,151,54,197,1,117,98,157,136,137,158,175,12,193,172,39,107,55,14,13,111,52,40,132,129,15,9,28,105,69,159,38,144,109,155,73,99,106,4,115,152,35,161,102,186,133,76,112,104,31,74,34,108,51,50,198,174,16,194,29,154,60,177,27,43,127,96,171,141,11,22,64,79,42,119,148,83,86,199,81,153,166,24,150,10,185,62,120,178,46,180,191,121];False
3586;6853;10439;[20,190,188,87,130,5,42,47,57,3,192,89,18,181,68,48,63,118,44,140,124,94,75,36,145,196,113,61,45,138,65,82,187,128,134,195,33,183,162,126,143,160,91,6,77,149,189,7,173,103,168,17,84,122,2,97,0,85,19,26,176,116,142,49,170,95,167,93,66,135,53,56,21,92,147,67,32,165,169,23,163,25,70,90,41,88,164,37,156,71,8,184,123,146,72,78,131,110,101,59,80,100,30,114,182,139,125,58,151,175,197,1,117,98,157,136,137,158,54,12,193,172,39,107,55,14,13,111,52,40,132,129,15,9,28,105,69,159,38,144,109,155,73,99,106,4,115,152,35,161,102,186,133,76,112,104,31,74,34,108,51,50,198,174,16,194,29,154,60,177,27,43,127,96,171,141,11,22,64,79,179,119,148,83,86,199,81,153,166,24,150,10,185,62,120,178,46,180,191,121];False
3617;6841;10458;[20,190,188,87,130,5,179,47,57,3,192,89,18,181,68,48,63,118,44,140,124,94,75,36,145,196,167,61,45,138,65,82,187,128,134,195,33,183,162,126,143,160,91,6,77,149,189,7,173,103,168,17,84,122,2,97,0,85,19,26,176,116,142,49,170,95,113,93,66,135,53,56,21,92,147,67,32,165,169,23,163,25,70,90,41,88,164,37,156,71,8,184,123,146,72,78,131,110,101,59,80,100,30,114,182,139,125,58,151,175,197,1,117,98,157,136,137,158,54,12,193,172,39,107,55,14,13,111,52,40,132,129,15,9,28,105,69,159,38,144,109,155,73,99,106,4,115,152,35,161,102,186,133,76,112,104,31,74,34,108,51,50,198,174,16,194,29,154,60,177,27,43,127,96,171,141,11,22,64,79,42,119,148,83,86,199,81,153,166,24,150,10,185,62,120,178,46,180,191,121];False
3570;6855;10425;[20,190,188,87,130,5,179,47,57,3,192,89,18,181,68,48,63,118,44,140,124,94,75,36,145,196,113,61,45,138,65,82,187,128,134,195,33,183,162,126,143,160,91,6,149,77,189,7,173,103,168,17,84,122,2,97,0,85,19,26,176,116,142,49,170,95,167,93,66,135,53,56,21,92,147,67,32,165,169,23,163,25,70,90,41,88,164,37,156,71,8,184,123,146,72,78,131,110,101,59,80,100,30,114,182,139,125,58,151,175,197,1,117,98,157,136,137,158,54,12,193,172,39,107,55,14,13,111,52,40,132,129,15,9,28,105,69,159,38,144,109,155,73,99,106,4,115,152,35,161,102,186,133,76,112,104,31,74,34,108,51,50,198,174,16,194,29,154,60,177,27,43,127,96,171,141,11,22,64,79,42,119,148,83,86,199,81,153,166,24,150,10,185,62,120,178,46,180,191,121];False
3597;6850;10447;[20,190,188,87,130,5,179,47,57,3,192,89,18,181,68,48,63,118,44,140,124,94,75,36,145,196,113,61,45,138,65,82,187,128,134,195,33,183,162,126,143,160,91,6,77,149,189,7,173,197,168,17,84,122,2,97,0,85,19,26,176,116,142,49,170,95,167,93,66,135,53,56,21,92,147,67,32,165,169,23,163,25,70,90,41,88,164,37,156,71,8,184,123,146,72,78,131,110,101,59,80,100,30,114,182,139,125,58,151,175,103,1,117,98,157,136,137,158,54,12,193,172,39,107,55,14,13,111,52,40,132,129,15,9,28,105,69,159,38,144,109,155,73,99,106,4,115,152,35,161,102,186,133,76,112,104,31,74,34,108,51,50,198,174,16,194,29,154,60,177,27,43,127,96,171,141,11,22,64,79,42,119,148,83,86,199,81,153,166,24,150,10,185,62,120,178,46,180,191,121];False
3625;6835;10460;[20,190,188,87,130,5,179,47,57,3,192,89,18,181,68,48,63,118,44,140,124,94,75,36,145,196,113,61,45,138,65,82,187,128,134,195,33,183,162,126,143,160,91,6,77,149,189,7,173,103,168,17,84,122,12,97,0,85,19,26,176,116,142,49,170,95,167,93,66,135,53,56,21,92,147,67,32,165,169,23,163,25,70,90,41,88,164,37,156,71,8,184,123,146,72,78,131,110,101,59,80,100,30,114,182,139,125,58,151,175,197,1,117,98,157,136,137,158,54,2,193,172,39,107,55,14,13,111,52,40,132,129,15,9,28,105,69,159,38,144,109,155,73,99,106,4,115,152,35,161,102,186,133,76,112,104,31,74,34,108,51,50,198,174,16,194,29,154,60,177,27,43,127,96,171,141,11,22,64,79,42,119,148,83,86,199,81,153,166,24,150,10,185,62,120,178,46,180,191,121];False
3562;6854;10416;[20,190,188,87,130,5,179,47,57,3,192,89,18,181,68,48,63,118,44,140,124,94,75,36,145,196,113,61,45,138,65,82,187,128,134,195,33,183,162,126,143,160,91,6,77,149,189,7,173,103,168,17,84,122,132,97,0,85,19,26,176,116,142,49,170,95,167,93,66,135,53,56,21,92,147,67,32,165,169,23,163,25,70,90,41,88,164,37,156,71,8,184,123,146,72,78,131,110,101,59,80,100,30,114,182,139,125,58,151,175,197,1,117,98,157,136,137,158,54,12,193,172,39,107,55,14,13,111,52,40,2,129,15,9,28,105,69,159,38,144,109,155,73,99,106,4,115,152,35,161,102,186,133,76,112,104,31,74,34,108,51,50,198,174,16,194,29,154,60,177,27,43,127,96,171,141,11,22,64,79,42,119,148,83,86,199,81,153,166,24,150,10,185,62,120,178,46,180,191,121];False
3595;6849;10444;[20,190,188,87,130,5,179,47,57,3,192,89,18,181,68,48,63,118,44,140,124,94,75,36,145,196,113,61,45,138,65,82,187,128,134,195,33,183,162,126,143,160,91,6,77,149,189,7,173,103,168,17,84,122,2,97,0,85,19,26,176,116,23,49,170,95,167,93,66,135,53,56,21,92,147,67,32,165,169,142,163,25,70,90,41,88,164,37,156,71,8,184,123,146,72,78,131,110,101,59,80,100,30,114,182,139,125,58,151,175,197,1,117,98,157,136,137,158,54,12,193,172,39,107,55,14,13,111,52,40,132,129,15,9,28,105,69,159,38,144,109,155,73,99,106,4,115,152,35,161,102,186,133,76,112,104,31,74,34,108,51,50,198,174,16,194,29,154,60,177,27,43,127,96,171,141,11,22,64,79,42,119,148,83,86,199,81,153,166,24,150,10,185,62,120,178,46,180,191,121];False
3624;6840;10464;[20,190,188,87,130,5,179,47,57,3,192,89,18,181,68,48,63,118,44,140,124,94,75,36,145,196,113,61,45,138,65,82,187,128,134,195,33,183,162,126,143,160,91,6,77,149,189,7,173,103,168,17,84,122,2,97,0,85,19,26,176,116,41,49,170,95,167,93,66,135,53,56,21,92,147,67,32,165,169,23,163,25,70,90,142,88,164,37,156,71,8,184,123,146,72,78,131,110,101,59,80,100,30,114,182,139,125,58,151,175,197,1,117,98,157,136,137,158,54,12,193,172,39,107,55,14,13,111,52,40,132,129,15,9,28,105,69,159,38,144,109,155,73,99,106,4,115,152,35,161,102,186,133,76,112,104,31,74,34,108,51,50,198,174,16,194,29,154,60,177,27,43,127,96,171,141,11,22,64,79,42,119,148,83,86,199,81,153,166,24,150,10,185,62,120,178,46,180,191,121];False
3617;6839;10456;[20,190,188,87,130,5,179,47,57,3,192,89,18,181,68,48,63,118,44,140,124,94,75,36,145,196,113,61,45,138,65,82,187,128,134,195,33,183,162,126,143,160,91,6,77,149,189,7,173,103,168,17,84,122,2,97,0,85,19,26,176,116,142,49,170,95,167,93,66,135,53,56,21,92,147,67,32,165,169,23,163,25,164,90,41,88,70,37,156,71,8,184,123,146,72,78,131,110,101,59,80,100,30,114,182,139,125,58,151,175,197,1,117,98,157,136,137,158,54,12,193,172,39,107,55,14,13,111,52,40,132,129,15,9,28,105,69,159,38,144,109,155,73,99,106,4,115,152,35,161,102,186,133,76,112,104,31,74,34,108,51,50,198,174,16,194,29,154,60,177,27,43,127,96,171,141,11,22,64,79,42,119,148,83,86,199,81,153,166,24,150,10,185,62,120,178,46,180,191,121];False
3668;6827;10495;[20,190,188,87,130,5,179,47,57,3,192,89,18,181,68,48,63,118,44,140,124,94,75,36,145,196,113,61,45,138,65,82,187,128,134,195,33,183,162,126,143,160,91,6,77,149,189,7,173,103,168,17,84,122,2,97,0,85,19,26,176,116,142,49,170,95,167,93,66,135,53,56,21,92,147,67,32,165,169,23,163,25,70,90,41,88,164,37,156,71,8,184,123,109,72,78,131,110,101,59,80,100,30,114,182,139,125,58,151,175,197,1,117,98,157,136,137,158,54,12,193,172,39,107,55,14,13,111,52,40,132,129,15,9,28,105,69,159,38,144,146,155,73,99,106,4,115,152,35,161,102,186,133,76,112,104,31,74,34,108,51,50,198,174,16,194,29,154,60,177,27,43,127,96,171,141,11,22,64,79,42,119,148,83,86,199,81,153,166,24,150,10,185,62,120,178,46,180,191,121];False
3551;6836;10387;[20,190,188,87,130,5,179,47,57,3,192,89,18,181,68,48,63,118,44,140,124,94,75,36,145,196,113,61,45,138,65,82,187,128,134,195,33,183,162,126,143,160,91,6,77,149,189,7,173,103,168,17,84,122,2,97,0,85,19,26,176,116,142,49,170,95,167,93,66,135,53,56,21,92,147,67,32,165,169,23,163,25,70,90,41,88,164,37,156,71,8,184,123,146,72,78,131,110,101,59,80,100,30,114,182,139,125,58,151,54,197,1,117,98,157,136,137,158,175,12,193,172,39,107,55,14,13,111,52,40,132,129,15,9,28,105,69,159,38,144,109,155,73,99,106,4,115,152,35,161,102,186,133,76,112,104,31,74,34,108,51,50,198,174,16,194,29,154,60,177,27,43,127,96,171,141,11,22,64,79,42,119,148,83,86,199,81,153,166,24,150,10,185,62,120,178,46,180,191,121];False
1374;9195;10569;[41,196,48,10,78,145,100,129,8,86,112,1,189,72,105,99,141,17,45,15,173,18,25,120,24,197,26,9,77,20,67,118,147,65,87,106,130,22,38,34,3,2,166,94,165,153,122,127,39,73,6,76,50,53,93,110,30,134,91,12,181,82,23,151,54,158,121,92,117,98,187,142,81,52,108,74,183,83,7,79,185,148,167,61,59,36,46,5,27,133,96,157,138,178,152,56,66,126,198,159,174,19,131,29,154,156,160,71,69,190,43,128,85,164,111,192,40,124,150,139,33,13,172,195,182,37,60,35,88,135,140,194,31,171,116,57,186,113,84,89,162,146,119,28,4,97,51,0,199,62,102,115,14,114,55,155,184,161,80,58,177,169,191,11,104,193,163,170,95,137,90,125,149,32,68,63,49,109,175,143,101,16,136,144,70,168,64,103,21,180,107,188,179,176,42,47,132,75,123,44];False
3847;6806;10653;[20,53,188,87,130,5,42,47,132,89,115,152,18,181,68,48,63,118,44,140,124,94,75,36,145,196,113,61,45,138,65,82,187,128,134,195,33,183,162,126,143,160,91,6,77,149,189,148,173,116,123,17,84,122,12,97,0,85,19,26,176,3,136,49,170,95,167,93,66,135,168,56,21,92,147,67,32,165,169,23,163,25,70,90,41,88,164,37,156,71,8,184,190,109,72,78,131,110,101,59,80,100,30,114,182,139,125,58,151,175,197,1,117,98,157,142,137,158,54,57,193,172,39,107,55,14,13,111,52,40,2,129,15,9,28,105,69,159,38,144,146,155,73,99,106,4,192,103,35,161,102,186,133,76,112,104,31,74,34,108,51,50,198,174,16,194,29,154,60,179,27,43,127,96,171,141,11,22,64,79,177,199,166,83,86,119,81,153,7,24,150,10,185,62,120,178,46,180,191,121];False
3834;6794;10628;[74,20,188,87,130,5,42,47,132,89,115,152,18,181,68,48,63,118,44,140,124,94,75,36,145,196,113,61,45,138,65,82,187,128,134,195,33,183,162,126,143,160,91,6,77,149,189,148,173,116,123,17,84,122,12,97,0,85,19,26,176,3,136,49,170,95,167,93,66,135,168,56,21,92,147,67,32,165,169,23,163,25,70,90,41,88,164,37,156,71,8,184,190,109,72,78,131,110,101,59,80,100,30,114,182,139,125,58,151,175,197,1,117,98,157,142,137,158,54,57,193,172,39,107,55,14,13,111,52,40,2,129,15,9,28,105,69,159,38,144,146,155,73,99,106,4,192,103,35,161,102,186,133,76,112,104,31,53,34,108,51,50,198,174,16,194,29,154,60,179,27,43,127,96,171,141,11,22,64,79,177,199,166,83,86,119,81,153,7,24,150,10,185,62,120,178,46,180,191,121];False
4016;6785;10801;[73,20,188,87,130,5,42,47,132,89,115,152,76,181,68,48,63,118,44,140,124,94,75,36,145,196,113,61,45,138,65,82,187,128,134,195,33,183,162,126,143,160,91,6,77,149,189,148,173,116,123,17,84,122,12,97,0,85,19,26,176,3,136,49,170,95,167,93,66,135,53,56,21,92,147,67,32,165,169,23,163,25,70,90,41,88,164,37,156,71,8,184,190,109,72,78,131,110,101,59,80,100,30,114,182,139,125,58,151,175,197,1,117,98,157,142,137,158,54,57,193,172,39,107,55,14,13,111,52,40,2,129,15,9,28,105,69,159,38,144,146,155,168,99,106,4,192,103,35,161,102,186,133,18,112,104,31,74,34,108,51,50,198,174,16,194,29,154,60,179,27,43,127,96,171,141,11,22,64,79,177,199,166,83,86,119,81,153,7,24,150,10,185,62,120,178,46,180,191,121];False
4034;6780;10814;[73,20,188,87,130,5,42,47,132,89,115,152,18,181,68,48,63,118,44,140,124,94,75,36,145,196,167,61,45,138,65,82,187,128,134,195,33,183,162,126,143,160,91,6,77,149,189,148,173,116,123,17,84,122,12,97,0,85,19,26,176,3,136,49,170,95,113,93,66,135,53,56,21,92,147,67,32,165,169,23,163,25,70,90,41,88,164,37,156,71,8,184,190,109,72,78,131,110,101,59,80,100,30,114,182,139,125,58,151,175,197,1,117,98,157,142,137,158,54,57,193,172,39,107,55,14,13,111,52,40,2,129,15,9,28,105,69,159,38,144,146,155,168,99,106,4,192,103,35,161,102,186,133,76,112,104,31,74,34,108,51,50,198,174,16,194,29,154,60,179,27,43,127,96,171,141,11,22,64,79,177,199,166,83,86,119,81,153,7,24,150,10,185,62,120,178,46,180,191,121];False
4016;6779;10795;[73,20,188,87,130,5,42,47,132,89,115,152,18,181,68,48,63,118,44,140,124,94,75,36,145,196,113,61,45,138,65,82,187,128,134,195,33,183,162,126,143,160,91,6,77,149,189,148,173,116,168,17,84,122,12,97,0,85,19,26,176,3,136,49,170,95,167,93,66,135,53,56,21,92,147,67,32,165,169,23,163,25,70,90,41,88,164,37,156,71,8,184,190,109,72,78,131,110,101,59,80,100,30,114,182,139,125,58,151,175,197,1,117,98,157,142,137,158,54,57,193,172,39,107,55,14,13,111,52,40,2,129,15,9,28,105,69,159,38,144,146,155,123,99,106,4,192,103,35,161,102,186,133,76,112,104,31,74,34,108,51,50,198,174,16,194,29,154,60,179,27,43,127,96,171,141,11,22,64,79,177,199,166,83,86,119,81,153,7,24,150,10,185,62,120,178,46,180,191,121];False
3882;6787;10669;[50,20,188,87,130,5,42,47,132,89,115,152,18,181,68,48,63,118,44,140,124,94,75,36,145,196,113,61,45,138,65,82,187,128,134,195,33,183,162,126,143,160,91,6,77,149,189,148,173,116,123,17,84,122,12,97,0,85,19,26,176,3,136,49,170,95,167,93,66,135,53,56,21,92,147,67,32,165,169,23,163,25,70,90,41,88,164,37,156,71,8,184,190,109,72,78,131,110,101,59,80,100,30,114,182,139,125,58,151,175,197,1,117,98,157,142,137,158,54,57,193,172,39,107,55,14,13,111,52,40,2,129,15,9,28,105,69,159,38,144,146,155,73,99,106,4,192,103,35,161,102,186,133,76,112,104,31,168,34,108,51,74,198,174,16,194,29,154,60,179,27,43,127,96,171,141,11,22,64,79,177,199,166,83,86,119,81,153,7,24,150,10,185,62,120,178,46,180,191,121];False
3977;6784;10761;[74,20,188,87,130,5,179,47,132,89,115,152,18,181,68,48,63,118,44,140,124,94,75,36,145,196,113,61,45,138,65,82,187,128,134,195,33,183,162,126,143,160,91,6,77,149,189,148,173,116,123,17,84,122,12,97,0,85,19,26,176,3,136,49,170,95,167,93,66,135,53,56,21,92,147,67,32,165,169,23,163,25,70,90,41,88,164,37,156,71,8,184,190,109,72,78,131,110,101,59,80,100,30,114,182,139,125,58,151,175,197,1,117,98,157,142,137,158,54,57,193,172,39,107,55,14,13,111,52,40,2,129,15,9,28,105,69,159,38,144,146,155,73,99,106,4,192,103,35,161,102,186,133,76,112,104,31,168,34,108,51,50,198,174,16,194,29,154,60,42,27,43,127,96,171,141,11,22,64,79,177,199,166,83,86,119,81,153,7,24,150,10,185,62,120,178,46,180,191,121];False
4014;6769;10783;[74,20,188,87,130,5,42,47,26,89,115,152,18,181,68,48,63,118,44,140,124,94,75,36,145,196,113,61,45,138,65,82,187,128,134,195,33,183,162,126,143,160,91,6,77,149,189,148,173,116,123,17,84,122,12,97,0,85,19,132,176,3,136,49,170,95,167,93,66,135,53,56,21,92,147,67,32,165,169,23,163,25,70,90,41,88,164,37,156,71,8,184,190,109,72,78,131,110,101,59,80,100,30,114,182,139,125,58,151,175,197,1,117,98,157,142,137,158,54,57,193,172,39,107,55,14,13,111,52,40,2,129,15,9,28,105,69,159,38,144,146,155,73,99,106,4,192,103,35,161,102,186,133,76,112,104,31,168,34,108,51,50,198,174,16,194,29,154,60,179,27,43,127,96,171,141,11,22,64,79,177,199,166,83,86,119,81,153,7,24,150,10,185,62,120,178,46,180,191,121];False
4000;6781;10781;[74,20,188,87,130,5,42,47,2,89,115,152,18,181,68,48,63,118,44,140,124,94,75,36,145,196,113,61,45,138,65,82,187,128,134,195,33,183,162,126,143,160,91,6,77,149,189,148,173,116,123,17,84,122,12,97,0,85,19,26,176,3,136,49,170,95,167,93,66,135,53,56,21,92,147,67,32,165,169,23,163,25,70,90,41,88,164,37,156,71,8,184,190,109,72,78,131,110,101,59,80,100,30,114,182,139,125,58,151,175,197,1,117,98,157,142,137,158,54,57,193,172,39,107,55,14,13,111,52,40,132,129,15,9,28,105,69,159,38,144,146,155,73,99,106,4,192,103,35,161,102,186,133,76,112,104,31,168,34,108,51,50,198,174,16,194,29,154,60,179,27,43,127,96,171,141,11,22,64,79,177,199,166,83,86,119,81,153,7,24,150,10,185,62,120,178,46,180,191,121];False
3871;6790;10661;[74,20,188,87,130,5,42,47,132,89,115,152,76,181,68,48,63,118,44,140,124,94,75,36,145,196,113,61,45,138,65,82,187,128,134,195,33,183,162,126,143,160,91,6,77,149,189,148,173,116,123,17,84,122,12,97,0,85,19,26,176,3,136,49,170,95,167,93,66,135,53,56,21,92,147,67,32,165,169,23,163,25,70,90,41,88,164,37,156,71,8,184,190,109,72,78,131,110,101,59,80,100,30,114,182,139,125,58,151,175,197,1,117,98,157,142,137,158,54,57,193,172,39,107,55,14,13,111,52,40,2,129,15,9,28,105,69,159,38,144,146,155,73,99,106,4,192,103,35,161,102,186,133,18,112,104,31,168,34,108,51,50,198,174,16,194,29,154,60,179,27,43,127,96,171,141,11,22,64,79,177,199,166,83,86,119,81,153,7,24,150,10,185,62,120,178,46,180,191,121];False
3967;6786;10753;[74,20,188,87,130,5,42,47,132,89,115,152,18,181,68,48,63,46,44,140,124,94,75,36,145,196,113,61,45,138,65,82,187,128,134,195,33,183,162,126,143,160,91,6,77,149,189,148,173,116,123,17,84,122,12,97,0,85,19,26,176,3,136,49,170,95,167,93,66,135,53,56,21,92,147,67,32,165,169,23,163,25,70,90,41,88,164,37,156,71,8,184,190,109,72,78,131,110,101,59,80,100,30,114,182,139,125,58,151,175,197,1,117,98,157,142,137,158,54,57,193,172,39,107,55,14,13,111,52,40,2,129,15,9,28,105,69,159,38,144,146,155,73,99,106,4,192,103,35,161,102,186,133,76,112,104,31,168,34,108,51,50,198,174,16,194,29,154,60,179,27,43,127,96,171,141,11,22,64,79,177,199,166,83,86,119,81,153,7,24,150,10,185,62,120,178,118,180,191,121];False
3913;6785;10698;[74,20,188,87,130,5,42,47,132,89,115,152,18,181,68,48,63,118,44,140,31,94,75,36,145,196,113,61,45,138,65,82,187,128,134,195,33,183,162,126,143,160,91,6,77,149,189,148,173,116,123,17,84,122,12,97,0,85,19,26,176,3,136,49,170,95,167,93,66,135,53,56,21,92,147,67,32,165,169,23,163,25,70,90,41,88,164,37,156,71,8,184,190,109,72,78,131,110,101,59,80,100,30,114,182,139,125,58,151,175,197,1,117,98,157,142,137,158,54,57,193,172,39,107,55,14,13,111,52,40,2,129,15,9,28,105,69,159,38,144,146,155,73,99,106,4,192,103,35,161,102,186,133,76,112,104,124,168,34,108,51,50,198,174,16,194,29,154,60,179,27,43,127,96,171,141,11,22,64,79,177,199,166,83,86,119,81,153,7,24,150,10,185,62,120,178,46,180,191,121];False
3940;6780;10720;[74,20,188,87,130,5,42,47,132,89,115,152,18,181,68,48,63,118,44,140,124,94,196,36,145,75,113,61,45,138,65,82,187,128,134,195,33,183,162,126,143,160,91,6,77,149,189,148,173,116,123,17,84,122,12,97,0,85,19,26,176,3,136,49,170,95,167,93,66,135,53,56,21,92,147,67,32,165,169,23,163,25,70,90,41,88,164,37,156,71,8,184,190,109,72,78,131,110,101,59,80,100,30,114,182,139,125,58,151,175,197,1,117,98,157,142,137,158,54,57,193,172,39,107,55,14,13,111,52,40,2,129,15,9,28,105,69,159,38,144,146,155,73,99,106,4,192,103,35,161,102,186,133,76,112,104,31,168,34,108,51,50,198,174,16,194,29,154,60,179,27,43,127,96,171,141,11,22,64,79,177,199,166,83,86,119,81,153,7,24,150,10,185,62,120,178,46,180,191,121];False
3975;6775;10750;[74,20,188,87,130,5,42,47,132,89,115,152,18,181,68,48,63,118,44,140,124,94,75,36,145,117,113,61,45,138,65,82,187,128,134,195,33,183,162,126,143,160,91,6,77,149,189,148,173,116,123,17,84,122,12,97,0,85,19,26,176,3,136,49,170,95,167,93,66,135,53,56,21,92,147,67,32,165,169,23,163,25,70,90,41,88,164,37,156,71,8,184,190,109,72,78,131,110,101,59,80,100,30,114,182,139,125,58,151,175,197,1,196,98,157,142,137,158,54,57,193,172,39,107,55,14,13,111,52,40,2,129,15,9,28,105,69,159,38,144,146,155,73,99,106,4,192,103,35,161,102,186,133,76,112,104,31,168,34,108,51,50,198,174,16,194,29,154,60,179,27,43,127,96,171,141,11,22,64,79,177,199,166,83,86,119,81,153,7,24,150,10,185,62,120,178,46,180,191,121];False
3889;6785;10674;[74,20,188,87,130,5,42,47,132,89,115,152,18,181,68,48,63,118,44,140,124,94,75,36,145,196,167,61,45,138,65,82,187,128,134,195,33,183,162,126,143,160,91,6,77,149,189,148,173,116,123,17,84,122,12,97,0,85,19,26,176,3,136,49,170,95,113,93,66,135,53,56,21,92,147,67,32,165,169,23,163,25,70,90,41,88,164,37,156,71,8,184,190,109,72,78,131,110,101,59,80,100,30,114,182,139,125,58,151,175,197,1,117,98,157,142,137,158,54,57,193,172,39,107,55,14,13,111,52,40,2,129,15,9,28,105,69,159,38,144,146,155,73,99,106,4,192,103,35,161,102,186,133,76,112,104,31,168,34,108,51,50,198,174,16,194,29,154,60,179,27,43,127,96,171,141,11,22,64,79,177,199,166,83,86,119,81,153,7,24,150,10,185,62,120,178,46,180,191,121];False
3937;6784;10721;[74,20,188,87,130,5,42,47,132,89,115,152,18,181,68,48,63,118,44,140,124,94,75,36,145,196,113,61,184,138,65,82,187,128,134,195,33,183,162,126,143,160,91,6,77,149,189,148,173,116,123,17,84,122,12,97,0,85,19,26,176,3,136,49,170,95,167,93,66,135,53,56,21,92,147,67,32,165,169,23,163,25,70,90,41,88,164,37,156,71,8,45,190,109,72,78,131,110,101,59,80,100,30,114,182,139,125,58,151,175,197,1,117,98,157,142,137,158,54,57,193,172,39,107,55,14,13,111,52,40,2,129,15,9,28,105,69,159,38,144,146,155,73,99,106,4,192,103,35,161,102,186,133,76,112,104,31,168,34,108,51,50,198,174,16,194,29,154,60,179,27,43,127,96,171,141,11,22,64,79,177,199,166,83,86,119,81,153,7,24,150,10,185,62,120,178,46,180,191,121];False
4012;6773;10785;[74,20,188,87,130,5,42,47,132,89,115,152,18,181,68,48,63,118,44,140,124,94,75,36,145,196,113,61,45,138,65,82,187,128,134,195,33,183,162,126,143,160,91,6,77,149,189,7,173,116,123,17,84,122,12,97,0,85,19,26,176,3,136,49,170,95,167,93,66,135,53,56,21,92,147,67,32,165,169,23,163,25,70,90,41,88,164,37,156,71,8,184,190,109,72,78,131,110,101,59,80,100,30,114,182,139,125,58,151,175,197,1,117,98,157,142,137,158,54,57,193,172,39,107,55,14,13,111,52,40,2,129,15,9,28,105,69,159,38,144,146,155,73,99,106,4,192,103,35,161,102,186,133,76,112,104,31,168,34,108,51,50,198,174,16,194,29,154,60,179,27,43,127,96,171,141,11,22,64,79,177,199,166,83,86,119,81,153,148,24,150,10,185,62,120,178,46,180,191,121];False
3732;6802;10534;[74,20,188,87,130,5,42,47,132,89,115,152,18,181,68,48,63,118,44,140,124,94,75,36,145,196,113,61,45,138,65,82,187,128,134,195,33,183,162,126,143,160,91,6,77,149,189,148,173,116,123,17,84,122,12,97,0,85,19,26,176,3,136,49,170,95,57,93,66,135,53,56,21,92,147,67,32,165,169,23,163,25,70,90,41,88,164,37,156,71,8,184,190,109,72,78,131,110,101,59,80,100,30,114,182,139,125,58,151,175,197,1,117,98,157,142,137,158,54,167,193,172,39,107,55,14,13,111,52,40,2,129,15,9,28,105,69,159,38,144,146,155,73,99,106,4,192,103,35,161,102,186,133,76,112,104,31,168,34,108,51,50,198,174,16,194,29,154,60,179,27,43,127,96,171,141,11,22,64,79,177,199,166,83,86,119,81,153,7,24,150,10,185,62,120,178,46,180,191,121];False
3881;6785;10666;[74,20,188,87,130,5,42,47,132,89,115,152,18,181,68,48,63,118,44,140,124,94,75,36,145,196,113,61,45,138,65,82,187,128,134,195,33,183,162,126,143,160,91,6,77,149,189,148,173,116,123,17,84,122,12,97,0,85,19,26,176,3,136,49,170,95,129,93,66,135,53,56,21,92,147,67,32,165,169,23,163,25,70,90,41,88,164,37,156,71,8,184,190,109,72,78,131,110,101,59,80,100,30,114,182,139,125,58,151,175,197,1,117,98,157,142,137,158,54,57,193,172,39,107,55,14,13,111,52,40,2,167,15,9,28,105,69,159,38,144,146,155,73,99,106,4,192,103,35,161,102,186,133,76,112,104,31,168,34,108,51,50,198,174,16,194,29,154,60,179,27,43,127,96,171,141,11,22,64,79,177,199,166,83,86,119,81,153,7,24,150,10,185,62,120,178,46,180,191,121];False
3812;6801;10613;[74,20,188,87,130,5,42,47,132,89,115,152,18,181,68,48,63,118,44,140,124,94,75,36,145,196,113,61,45,138,65,82,187,128,134,195,33,183,162,126,143,160,91,6,77,149,189,148,173,116,123,17,84,122,12,97,0,85,19,26,176,3,136,49,170,95,167,178,66,135,53,56,21,92,147,67,32,165,169,23,163,25,70,90,41,88,164,37,156,71,8,184,190,109,72,78,131,110,101,59,80,100,30,114,182,139,125,58,151,175,197,1,117,98,157,142,137,158,54,57,193,172,39,107,55,14,13,111,52,40,2,129,15,9,28,105,69,159,38,144,146,155,73,99,106,4,192,103,35,161,102,186,133,76,112,104,31,168,34,108,51,50,198,174,16,194,29,154,60,179,27,43,127,96,171,141,11,22,64,79,177,199,166,83,86,119,81,153,7,24,150,10,185,62,120,93,46,180,191,121];False
3889;6783;10672;[74,20,188,87,130,5,42,47,132,89,115,152,18,181,68,48,63,118,44,140,124,94,75,36,145,196,113,61,45,138,65,82,187,128,134,195,33,183,162,126,143,160,91,6,77,149,189,148,173,116,123,17,84,122,12,97,0,85,19,26,176,3,136,49,170,95,167,93,66,135,53,56,21,92,147,67,32,165,169,23,163,25,164,90,41,88,70,37,156,71,8,184,190,109,72,78,131,110,101,59,80,100,30,114,182,139,125,58,151,175,197,1,117,98,157,142,137,158,54,57,193,172,39,107,55,14,13,111,52,40,2,129,15,9,28,105,69,159,38,144,146,155,73,99,106,4,192,103,35,161,102,186,133,76,112,104,31,168,34,108,51,50,198,174,16,194,29,154,60,179,27,43,127,96,171,141,11,22,64,79,177,199,166,83,86,119,81,153,7,24,150,10,185,62,120,178,46,180,191,121];False
3920;6781;10701;[74,20,188,87,130,5,42,47,132,89,115,152,18,181,68,48,63,118,44,140,124,94,75,36,145,196,113,61,45,138,65,82,187,128,134,195,33,183,162,126,143,160,91,6,77,149,189,148,173,116,123,17,84,122,12,97,0,85,19,26,176,3,136,49,170,95,167,93,66,135,53,56,21,92,147,67,32,165,169,23,163,25,70,90,41,88,164,37,156,71,8,157,190,109,72,78,131,110,101,59,80,100,30,114,182,139,125,58,151,175,197,1,117,98,184,142,137,158,54,57,193,172,39,107,55,14,13,111,52,40,2,129,15,9,28,105,69,159,38,144,146,155,73,99,106,4,192,103,35,161,102,186,133,76,112,104,31,168,34,108,51,50,198,174,16,194,29,154,60,179,27,43,127,96,171,141,11,22,64,79,177,199,166,83,86,119,81,153,7,24,150,10,185,62,120,178,46,180,191,121];False
3904;6782;10686;[74,20,188,87,130,5,42,47,132,89,115,152,18,181,68,48,63,118,44,140,124,94,75,36,145,196,113,61,45,138,65,82,187,128,134,195,33,183,162,126,143,160,91,6,77,149,189,148,173,116,123,17,84,122,12,97,0,85,19,26,176,3,136,49,170,95,167,93,66,135,53,56,21,92,147,67,32,165,169,23,163,25,70,90,41,88,164,37,156,71,8,184,190,109,72,78,131,110,101,59,80,100,30,114,182,139,125,137,151,175,197,1,117,98,157,142,58,158,54,57,193,172,39,107,55,14,13,111,52,40,2,129,15,9,28,105,69,159,38,144,146,155,73,99,106,4,192,103,35,161,102,186,133,76,112,104,31,168,34,108,51,50,198,174,16,194,29,154,60,179,27,43,127,96,171,141,11,22,64,79,177,199,166,83,86,119,81,153,7,24,150,10,185,62,120,178,46,180,191,121];False
3807;6789;10596;[74,20,188,87,130,5,42,47,132,89,115,152,18,181,68,48,63,118,44,140,124,94,75,36,145,196,113,61,45,138,65,82,187,128,134,195,33,183,162,126,143,160,91,6,77,149,189,148,173,116,123,17,84,122,12,97,0,85,19,26,176,3,136,49,170,95,167,93,66,135,53,56,21,92,147,67,32,165,169,23,163,25,70,90,41,88,164,37,156,71,8,184,190,109,72,78,131,110,101,59,80,100,30,114,182,139,125,58,151,54,197,1,117,98,157,142,137,158,175,57,193,172,39,107,55,14,13,111,52,40,2,129,15,9,28,105,69,159,38,144,146,155,73,99,106,4,192,103,35,161,102,186,133,76,112,104,31,168,34,108,51,50,198,174,16,194,29,154,60,179,27,43,127,96,171,141,11,22,64,79,177,199,166,83,86,119,81,153,7,24,150,10,185,62,120,178,46,180,191,121];False
3813;6786;10599;[74,20,188,87,130,5,42,47,132,89,115,152,18,181,68,48,63,118,44,140,124,94,75,36,145,196,113,61,45,138,65,82,187,128,134,195,33,183,162,126,143,160,91,6,77,149,189,148,173,116,123,17,84,122,12,97,0,85,19,26,176,3,136,49,170,95,167,93,66,135,53,56,21,92,147,67,32,165,169,23,163,25,70,90,41,88,164,37,156,71,8,184,190,109,72,78,131,110,101,59,80,100,30,114,182,139,125,58,151,175,57,1,117,98,157,142,137,158,54,197,193,172,39,107,55,14,13,111,52,40,2,129,15,9,28,105,69,159,38,144,146,155,73,99,106,4,192,103,35,161,102,186,133,76,112,104,31,168,34,108,51,50,198,174,16,194,29,154,60,179,27,43,127,96,171,141,11,22,64,79,177,199,166,83,86,119,81,153,7,24,150,10,185,62,120,178,46,180,191,121];False
3709;6816;10525;[53,20,188,87,130,5,42,47,132,89,115,152,18,181,68,48,63,118,44,140,124,94,75,36,145,196,113,61,45,138,65,82,187,128,134,195,33,183,162,126,143,160,91,6,77,149,189,148,173,116,123,17,84,122,12,97,0,85,19,26,176,3,136,49,170,95,57,93,66,135,168,56,21,92,147,67,32,165,169,23,163,25,70,90,41,88,164,37,156,71,8,184,190,109,72,78,131,110,101,59,80,100,30,114,182,139,125,58,151,175,197,1,117,98,157,142,137,158,54,167,193,172,39,107,55,14,13,111,52,40,2,129,15,9,28,105,69,159,38,144,146,155,73,99,106,4,192,103,35,161,102,186,133,76,112,104,31,74,34,108,51,50,198,174,16,194,29,154,60,179,27,43,127,96,171,141,11,22,64,79,177,199,166,83,86,119,81,153,7,24,150,10,185,62,120,178,46,180,191,121];False
3696;6823;10519;[50,20,188,87,130,5,42,47,132,89,115,152,18,181,68,48,63,118,44,140,124,94,75,36,145,196,113,61,45,138,65,82,187,128,134,195,33,183,162,126,143,160,91,6,77,149,189,148,173,116,123,17,84,122,12,97,0,85,19,26,176,3,136,49,170,95,57,93,66,135,53,56,21,92,147,67,32,165,169,23,163,25,70,90,41,88,164,37,156,71,8,184,190,109,72,78,131,110,101,59,80,100,30,114,182,139,125,58,151,175,197,1,117,98,157,142,137,158,54,167,193,172,39,107,55,14,13,111,52,40,2,129,15,9,28,105,69,159,38,144,146,155,73,99,106,4,192,103,35,161,102,186,133,76,112,104,31,74,34,108,51,168,198,174,16,194,29,154,60,179,27,43,127,96,171,141,11,22,64,79,177,199,166,83,86,119,81,153,7,24,150,10,185,62,120,178,46,180,191,121];False
3527;6855;10382;[168,20,188,87,130,5,42,47,132,89,115,103,18,181,68,48,63,118,44,140,124,94,75,36,145,196,113,61,45,138,65,82,187,128,134,195,33,183,162,126,143,160,91,6,77,149,189,148,173,116,123,17,84,122,12,97,0,85,19,26,176,3,136,49,170,95,57,93,66,135,53,56,21,92,147,67,32,165,169,23,163,25,70,90,41,88,164,37,156,71,8,184,190,109,72,78,131,110,101,59,80,100,30,114,182,139,125,58,151,175,197,1,117,98,157,142,137,158,54,167,193,172,39,107,55,14,13,111,52,40,2,129,15,9,28,105,69,159,38,144,146,155,73,99,106,4,192,152,35,161,102,186,133,76,112,104,31,74,34,108,51,50,198,174,16,194,29,154,60,179,27,43,127,96,171,141,11,22,64,79,177,199,166,83,86,119,81,153,7,24,150,10,185,62,120,178,46,180,191,121];False
3641;6830;10471;[168,20,188,87,130,5,42,47,132,89,115,152,76,181,68,48,63,118,44,140,124,94,75,36,145,196,113,61,45,138,65,82,187,128,134,195,33,183,162,126,143,160,91,6,77,149,189,148,173,116,123,17,84,122,12,97,0,85,19,26,176,3,136,49,170,95,57,93,66,135,53,56,21,92,147,67,32,165,169,23,163,25,70,90,41,88,164,37,156,71,8,184,190,109,72,78,131,110,101,59,80,100,30,114,182,139,125,58,151,175,197,1,117,98,157,142,137,158,54,167,193,172,39,107,55,14,13,111,52,40,2,129,15,9,28,105,69,159,38,144,146,155,73,99,106,4,192,103,35,161,102,186,133,18,112,104,31,74,34,108,51,50,198,174,16,194,29,154,60,179,27,43,127,96,171,141,11,22,64,79,177,199,166,83,86,119,81,153,7,24,150,10,185,62,120,178,46,180,191,121];False
3677;6822;10499;[168,20,188,87,130,5,42,47,132,89,115,152,18,181,68,48,63,118,44,140,124,94,75,36,145,196,113,61,45,138,65,82,187,128,134,195,33,183,162,126,143,160,91,6,95,149,189,148,173,116,123,17,84,122,12,97,0,85,19,26,176,3,136,49,170,77,57,93,66,135,53,56,21,92,147,67,32,165,169,23,163,25,70,90,41,88,164,37,156,71,8,184,190,109,72,78,131,110,101,59,80,100,30,114,182,139,125,58,151,175,197,1,117,98,157,142,137,158,54,167,193,172,39,107,55,14,13,111,52,40,2,129,15,9,28,105,69,159,38,144,146,155,73,99,106,4,192,103,35,161,102,186,133,76,112,104,31,74,34,108,51,50,198,174,16,194,29,154,60,179,27,43,127,96,171,141,11,22,64,79,177,199,166,83,86,119,81,153,7,24,150,10,185,62,120,178,46,180,191,121];False
3659;6823;10482;[168,20,188,87,130,5,42,47,132,89,115,152,18,181,68,48,63,118,44,140,124,94,75,36,145,196,113,61,45,138,65,82,187,128,134,195,33,183,162,126,143,160,91,6,77,149,189,148,173,116,123,17,84,122,12,97,0,85,19,26,176,3,136,49,170,95,57,93,66,135,53,56,21,92,147,67,32,165,169,23,163,25,164,90,41,88,70,37,156,71,8,184,190,109,72,78,131,110,101,59,80,100,30,114,182,139,125,58,151,175,197,1,117,98,157,142,137,158,54,167,193,172,39,107,55,14,13,111,52,40,2,129,15,9,28,105,69,159,38,144,146,155,73,99,106,4,192,103,35,161,102,186,133,76,112,104,31,74,34,108,51,50,198,174,16,194,29,154,60,179,27,43,127,96,171,141,11,22,64,79,177,199,166,83,86,119,81,153,7,24,150,10,185,62,120,178,46,180,191,121];False
3690;6821;10511;[168,20,188,87,130,5,42,47,132,89,115,152,18,181,68,48,63,118,44,140,124,94,75,36,145,196,113,61,45,138,65,82,187,128,134,195,33,183,162,126,143,160,91,6,77,149,189,148,173,116,123,17,84,122,12,97,0,85,19,26,176,3,136,49,170,95,57,93,66,135,53,56,21,92,147,67,32,165,169,23,163,25,70,90,41,88,164,37,156,71,8,157,190,109,72,78,131,110,101,59,80,100,30,114,182,139,125,58,151,175,197,1,117,98,184,142,137,158,54,167,193,172,39,107,55,14,13,111,52,40,2,129,15,9,28,105,69,159,38,144,146,155,73,99,106,4,192,103,35,161,102,186,133,76,112,104,31,74,34,108,51,50,198,174,16,194,29,154,60,179,27,43,127,96,171,141,11,22,64,79,177,199,166,83,86,119,81,153,7,24,150,10,185,62,120,178,46,180,191,121];False
3674;6822;10496;[168,20,188,87,130,5,42,47,132,89,115,152,18,181,68,48,63,118,44,140,124,94,75,36,145,196,113,61,45,138,65,82,187,128,134,195,33,183,162,126,143,160,91,6,77,149,189,148,173,116,123,17,84,122,12,97,0,85,19,26,176,3,136,49,170,95,57,93,66,135,53,56,21,92,147,67,32,165,169,23,163,25,70,90,41,88,164,37,156,71,8,184,190,109,72,78,131,110,101,59,80,100,30,114,182,139,125,137,151,175,197,1,117,98,157,142,58,158,54,167,193,172,39,107,55,14,13,111,52,40,2,129,15,9,28,105,69,159,38,144,146,155,73,99,106,4,192,103,35,161,102,186,133,76,112,104,31,74,34,108,51,50,198,174,16,194,29,154,60,179,27,43,127,96,171,141,11,22,64,79,177,199,166,83,86,119,81,153,7,24,150,10,185,62,120,178,46,180,191,121];False
3617;6834;10451;[168,20,188,87,130,5,42,47,132,89,115,152,18,181,68,48,63,118,44,140,124,94,75,36,145,196,113,61,45,138,65,82,187,128,134,195,33,183,162,126,143,160,91,6,77,149,189,148,173,116,123,17,84,122,12,97,0,85,19,26,176,3,136,49,170,95,57,93,66,135,53,56,21,92,147,67,32,165,169,23,163,25,70,90,41,88,164,37,156,71,8,184,190,109,72,78,131,110,101,59,80,100,30,114,182,139,125,58,151,175,197,1,117,98,157,142,137,158,54,167,193,172,39,107,55,14,13,111,52,40,2,129,15,9,28,105,69,159,38,144,146,155,73,99,106,4,192,103,35,161,102,186,133,76,112,104,31,74,34,108,51,50,198,174,16,194,29,154,60,177,27,43,127,96,171,141,11,22,64,79,179,199,166,83,86,119,81,153,7,24,150,10,185,62,120,178,46,180,191,121];False
3726;6812;10538;[168,20,188,87,130,5,42,47,132,89,115,152,18,181,68,48,63,118,44,140,124,94,75,36,145,196,113,61,45,138,65,82,187,128,134,195,33,183,162,126,143,160,91,6,77,149,189,148,173,116,123,17,84,122,12,97,0,85,19,26,176,3,136,49,170,95,129,93,66,135,53,56,21,92,147,67,32,165,169,23,163,25,70,90,41,88,164,37,156,71,8,184,190,109,72,78,131,110,101,59,80,100,30,114,182,139,125,58,151,54,197,1,117,98,157,142,137,158,175,57,193,172,39,107,55,14,13,111,52,40,2,167,15,9,28,105,69,159,38,144,146,155,73,99,106,4,192,103,35,161,102,186,133,76,112,104,31,74,34,108,51,50,198,174,16,194,29,154,60,179,27,43,127,96,171,141,11,22,64,79,177,199,166,83,86,119,81,153,7,24,150,10,185,62,120,178,46,180,191,121];False
3672;6813;10485;[168,20,188,87,130,5,42,47,132,89,115,152,18,181,68,48,63,118,44,140,124,94,75,36,145,196,113,61,45,138,65,82,187,128,134,195,33,183,162,126,143,160,91,6,77,149,189,148,173,116,123,17,84,122,12,97,0,85,19,26,176,3,136,49,170,95,167,93,66,135,53,56,21,92,147,67,32,165,169,23,163,25,70,90,41,88,164,37,156,71,8,184,190,109,72,78,131,110,101,59,80,100,30,114,182,139,125,58,158,54,197,1,117,98,157,142,137,151,175,57,193,172,39,107,55,14,13,111,52,40,2,129,15,9,28,105,69,159,38,144,146,155,73,99,106,4,192,103,35,161,102,186,133,76,112,104,31,74,34,108,51,50,198,174,16,194,29,154,60,179,27,43,127,96,171,141,11,22,64,79,177,199,166,83,86,119,81,153,7,24,150,10,185,62,120,178,46,180,191,121];False
4169;6757;10926;[50,20,188,87,130,5,42,47,26,89,75,152,18,181,68,48,63,118,44,140,124,94,196,36,145,115,113,61,45,138,65,82,187,128,134,195,33,183,162,126,143,160,91,6,77,149,189,148,173,116,123,17,84,122,2,97,0,85,19,132,176,3,136,49,170,95,167,93,66,135,168,56,21,92,147,67,32,165,169,23,163,25,70,90,41,88,164,37,156,71,8,184,190,109,72,78,131,110,101,59,80,100,30,114,182,139,125,58,151,175,197,1,117,98,157,142,137,158,54,57,193,172,39,107,55,14,13,111,52,40,12,129,15,9,28,105,69,159,38,144,146,155,73,99,106,4,192,103,35,161,102,186,133,76,112,104,31,53,34,108,51,74,198,174,16,194,29,154,60,179,27,43,127,96,171,141,11,22,64,79,177,199,166,83,86,119,81,153,7,24,150,10,185,62,120,178,46,180,191,121];False
4318;6755;11073;[74,20,188,87,41,5,42,47,26,89,75,152,18,181,68,48,63,118,44,140,124,94,196,36,145,115,113,61,45,138,65,82,187,128,134,195,33,183,162,126,143,160,91,6,77,149,189,148,173,116,123,17,84,122,2,97,0,85,19,132,176,3,136,49,170,95,167,93,66,135,168,56,21,92,147,67,32,165,169,23,163,25,70,90,130,88,164,37,156,71,8,184,190,109,72,78,131,110,101,59,80,100,30,114,182,139,125,58,151,175,197,1,117,98,157,142,137,158,54,57,193,172,39,107,55,14,13,111,52,40,12,129,15,9,28,105,69,159,38,144,146,155,73,99,106,4,192,103,35,161,102,186,133,76,112,104,31,53,34,108,51,50,198,174,16,194,29,154,60,179,27,43,127,96,171,141,11,22,64,79,177,199,166,83,86,119,81,153,7,24,150,10,185,62,120,178,46,180,191,121];False
4264;6754;11018;[74,20,188,87,130,5,179,47,26,89,75,152,18,181,68,48,63,118,44,140,124,94,196,36,145,115,113,61,45,138,65,82,187,128,134,195,33,183,162,126,143,160,91,6,77,149,189,148,173,116,123,17,84,122,2,97,0,85,19,132,176,3,136,49,170,95,167,93,66,135,168,56,21,92,147,67,32,165,169,23,163,25,70,90,41,88,164,37,156,71,8,184,190,109,72,78,131,110,101,59,80,100,30,114,182,139,125,58,151,175,197,1,117,98,157,142,137,158,54,57,193,172,39,107,55,14,13,111,52,40,12,129,15,9,28,105,69,159,38,144,146,155,73,99,106,4,192,103,35,161,102,186,133,76,112,104,31,53,34,108,51,50,198,174,16,194,29,154,60,42,27,43,127,96,171,141,11,22,64,79,177,199,166,83,86,119,81,153,7,24,150,10,185,62,120,178,46,180,191,121];False
4151;6764;10915;[74,20,188,87,130,5,42,47,26,132,75,152,18,181,68,48,63,118,44,140,124,94,196,36,145,115,113,61,45,138,65,82,187,128,134,195,33,183,162,126,143,160,91,6,77,149,189,148,173,116,123,17,84,122,2,97,0,85,19,89,176,3,136,49,170,95,167,93,66,135,168,56,21,92,147,67,32,165,169,23,163,25,70,90,41,88,164,37,156,71,8,184,190,109,72,78,131,110,101,59,80,100,30,114,182,139,125,58,151,175,197,1,117,98,157,142,137,158,54,57,193,172,39,107,55,14,13,111,52,40,12,129,15,9,28,105,69,159,38,144,146,155,73,99,106,4,192,103,35,161,102,186,133,76,112,104,31,53,34,108,51,50,198,174,16,194,29,154,60,179,27,43,127,96,171,141,11,22,64,79,177,199,166,83,86,119,81,153,7,24,150,10,185,62,120,178,46,180,191,121];False
4125;6763;10888;[74,20,188,87,130,5,42,47,26,89,75,36,18,181,68,48,63,118,44,140,124,94,196,152,145,115,113,61,45,138,65,82,187,128,134,195,33,183,162,126,143,160,91,6,77,149,189,148,173,116,123,17,84,122,2,97,0,85,19,132,176,3,136,49,170,95,167,93,66,135,168,56,21,92,147,67,32,165,169,23,163,25,70,90,41,88,164,37,156,71,8,184,190,109,72,78,131,110,101,59,80,100,30,114,182,139,125,58,151,175,197,1,117,98,157,142,137,158,54,57,193,172,39,107,55,14,13,111,52,40,12,129,15,9,28,105,69,159,38,144,146,155,73,99,106,4,192,103,35,161,102,186,133,76,112,104,31,53,34,108,51,50,198,174,16,194,29,154,60,179,27,43,127,96,171,141,11,22,64,79,177,199,166,83,86,119,81,153,7,24,150,10,185,62,120,178,46,180,191,121];False
4158;6760;10918;[74,20,188,87,130,5,42,47,26,89,75,152,76,181,68,48,63,118,44,140,124,94,196,36,145,115,113,61,45,138,65,82,187,128,134,195,33,183,162,126,143,160,91,6,77,149,189,148,173,116,123,17,84,122,2,97,0,85,19,132,176,3,136,49,170,95,167,93,66,135,168,56,21,92,147,67,32,165,169,23,163,25,70,90,41,88,164,37,156,71,8,184,190,109,72,78,131,110,101,59,80,100,30,114,182,139,125,58,151,175,197,1,117,98,157,142,137,158,54,57,193,172,39,107,55,14,13,111,52,40,12,129,15,9,28,105,69,159,38,144,146,155,73,99,106,4,192,103,35,161,102,186,133,18,112,104,31,53,34,108,51,50,198,174,16,194,29,154,60,179,27,43,127,96,171,141,11,22,64,79,177,199,166,83,86,119,81,153,7,24,150,10,185,62,120,178,46,180,191,121];False
4405;6747;11152;[74,20,188,87,130,5,42,47,26,89,75,152,18,181,68,48,34,118,44,140,124,94,196,36,145,115,113,61,45,138,65,82,187,128,134,195,33,183,162,126,143,160,91,6,77,149,189,148,173,116,123,17,84,122,2,97,0,85,19,132,176,3,136,49,170,95,167,93,66,135,168,56,21,92,147,67,32,165,169,23,163,25,70,90,41,88,164,37,156,71,8,184,190,109,72,78,131,110,101,59,80,100,30,114,182,139,125,58,151,175,197,1,117,98,157,142,137,158,54,57,193,172,39,107,55,14,13,111,52,40,12,129,15,9,28,105,69,159,38,144,146,155,73,99,106,4,192,103,35,161,102,186,133,76,112,104,31,53,63,108,51,50,198,174,16,194,29,154,60,179,27,43,127,96,171,141,11,22,64,79,177,199,166,83,86,119,81,153,7,24,150,10,185,62,120,178,46,180,191,121];False
4254;6756;11010;[74,20,188,87,130,5,42,47,26,89,75,152,18,181,68,48,63,46,44,140,124,94,196,36,145,115,113,61,45,138,65,82,187,128,134,195,33,183,162,126,143,160,91,6,77,149,189,148,173,116,123,17,84,122,2,97,0,85,19,132,176,3,136,49,170,95,167,93,66,135,168,56,21,92,147,67,32,165,169,23,163,25,70,90,41,88,164,37,156,71,8,184,190,109,72,78,131,110,101,59,80,100,30,114,182,139,125,58,151,175,197,1,117,98,157,142,137,158,54,57,193,172,39,107,55,14,13,111,52,40,12,129,15,9,28,105,69,159,38,144,146,155,73,99,106,4,192,103,35,161,102,186,133,76,112,104,31,53,34,108,51,50,198,174,16,194,29,154,60,179,27,43,127,96,171,141,11,22,64,79,177,199,166,83,86,119,81,153,7,24,150,10,185,62,120,178,118,180,191,121];False
4236;6753;10989;[74,20,188,87,130,5,42,47,26,89,75,152,18,181,68,48,63,118,44,140,124,94,196,36,145,115,98,61,45,138,65,82,187,128,134,195,33,183,162,126,143,160,91,6,77,149,189,148,173,116,123,17,84,122,2,97,0,85,19,132,176,3,136,49,170,95,167,93,66,135,168,56,21,92,147,67,32,165,169,23,163,25,70,90,41,88,164,37,156,71,8,184,190,109,72,78,131,110,101,59,80,100,30,114,182,139,125,58,151,175,197,1,117,113,157,142,137,158,54,57,193,172,39,107,55,14,13,111,52,40,12,129,15,9,28,105,69,159,38,144,146,155,73,99,106,4,192,103,35,161,102,186,133,76,112,104,31,53,34,108,51,50,198,174,16,194,29,154,60,179,27,43,127,96,171,141,11,22,64,79,177,199,166,83,86,119,81,153,7,24,150,10,185,62,120,178,46,180,191,121];False
4224;6754;10978;[74,20,188,87,130,5,42,47,26,89,75,152,18,181,68,48,63,118,44,140,124,94,196,36,145,115,113,61,184,138,65,82,187,128,134,195,33,183,162,126,143,160,91,6,77,149,189,148,173,116,123,17,84,122,2,97,0,85,19,132,176,3,136,49,170,95,167,93,66,135,168,56,21,92,147,67,32,165,169,23,163,25,70,90,41,88,164,37,156,71,8,45,190,109,72,78,131,110,101,59,80,100,30,114,182,139,125,58,151,175,197,1,117,98,157,142,137,158,54,57,193,172,39,107,55,14,13,111,52,40,12,129,15,9,28,105,69,159,38,144,146,155,73,99,106,4,192,103,35,161,102,186,133,76,112,104,31,53,34,108,51,50,198,174,16,194,29,154,60,179,27,43,127,96,171,141,11,22,64,79,177,199,166,83,86,119,81,153,7,24,150,10,185,62,120,178,46,180,191,121];False
4300;6750;11050;[74,20,188,87,130,5,42,47,26,89,75,152,18,181,68,48,63,118,44,140,124,94,196,36,145,115,113,61,45,138,65,82,187,128,22,195,33,183,162,126,143,160,91,6,77,149,189,148,173,116,123,17,84,122,2,97,0,85,19,132,176,3,136,49,170,95,167,93,66,135,168,56,21,92,147,67,32,165,169,23,163,25,70,90,41,88,164,37,156,71,8,184,190,109,72,78,131,110,101,59,80,100,30,114,182,139,125,58,151,175,197,1,117,98,157,142,137,158,54,57,193,172,39,107,55,14,13,111,52,40,12,129,15,9,28,105,69,159,38,144,146,155,73,99,106,4,192,103,35,161,102,186,133,76,112,104,31,53,34,108,51,50,198,174,16,194,29,154,60,179,27,43,127,96,171,141,11,134,64,79,177,199,166,83,86,119,81,153,7,24,150,10,185,62,120,178,46,180,191,121];False
4296;6752;11048;[74,20,188,87,130,5,42,47,26,89,75,152,18,181,68,48,63,118,44,140,124,94,196,36,145,115,113,61,45,138,65,82,187,128,134,195,33,183,162,126,143,160,91,6,77,149,12,148,173,116,123,17,84,122,2,97,0,85,19,132,176,3,136,49,170,95,167,93,66,135,168,56,21,92,147,67,32,165,169,23,163,25,70,90,41,88,164,37,156,71,8,184,190,109,72,78,131,110,101,59,80,100,30,114,182,139,125,58,151,175,197,1,117,98,157,142,137,158,54,57,193,172,39,107,55,14,13,111,52,40,189,129,15,9,28,105,69,159,38,144,146,155,73,99,106,4,192,103,35,161,102,186,133,76,112,104,31,53,34,108,51,50,198,174,16,194,29,154,60,179,27,43,127,96,171,141,11,22,64,79,177,199,166,83,86,119,81,153,7,24,150,10,185,62,120,178,46,180,191,121];False
4299;6743;11042;[74,20,188,87,130,5,42,47,26,89,75,152,18,181,68,48,63,118,44,140,124,94,196,36,145,115,113,61,45,138,65,82,187,128,134,195,33,183,162,126,143,160,91,6,77,149,189,7,173,116,123,17,84,122,2,97,0,85,19,132,176,3,136,49,170,95,167,93,66,135,168,56,21,92,147,67,32,165,169,23,163,25,70,90,41,88,164,37,156,71,8,184,190,109,72,78,131,110,101,59,80,100,30,114,182,139,125,58,151,175,197,1,117,98,157,142,137,158,54,57,193,172,39,107,55,14,13,111,52,40,12,129,15,9,28,105,69,159,38,144,146,155,73,99,106,4,192,103,35,161,102,186,133,76,112,104,31,53,34,108,51,50,198,174,16,194,29,154,60,179,27,43,127,96,171,141,11,22,64,79,177,199,166,83,86,119,81,153,148,24,150,10,185,62,120,178,46,180,191,121];False
4273;6747;11020;[74,20,188,87,130,5,42,47,26,89,75,152,18,181,68,48,63,118,44,140,124,94,196,36,145,115,113,61,45,138,65,82,187,128,134,195,33,183,162,126,143,160,91,6,77,149,189,148,24,116,123,17,84,122,2,97,0,85,19,132,176,3,136,49,170,95,167,93,66,135,168,56,21,92,147,67,32,165,169,23,163,25,70,90,41,88,164,37,156,71,8,184,190,109,72,78,131,110,101,59,80,100,30,114,182,139,125,58,151,175,197,1,117,98,157,142,137,158,54,57,193,172,39,107,55,14,13,111,52,40,12,129,15,9,28,105,69,159,38,144,146,155,73,99,106,4,192,103,35,161,102,186,133,76,112,104,31,53,34,108,51,50,198,174,16,194,29,154,60,179,27,43,127,96,171,141,11,22,64,79,177,199,166,83,86,119,81,153,7,173,150,10,185,62,120,178,46,180,191,121];False
4078;6754;10832;[74,20,188,87,130,5,42,47,26,89,75,152,18,181,68,48,63,118,44,140,124,94,196,36,145,115,113,61,45,138,65,82,187,128,134,195,33,183,162,126,143,160,91,6,77,149,189,148,173,116,123,17,84,122,12,97,0,85,19,132,176,3,136,49,170,95,167,93,66,135,168,56,21,92,147,67,32,165,169,23,163,25,70,90,41,88,164,37,156,71,8,184,190,109,72,78,131,110,101,59,80,100,30,114,182,139,125,58,151,175,197,1,117,98,157,142,137,158,54,57,193,172,39,107,55,14,13,111,52,40,2,129,15,9,28,105,69,159,38,144,146,155,73,99,106,4,192,103,35,161,102,186,133,76,112,104,31,53,34,108,51,50,198,174,16,194,29,154,60,179,27,43,127,96,171,141,11,22,64,79,177,199,166,83,86,119,81,153,7,24,150,10,185,62,120,178,46,180,191,121];False
4042;6766;10808;[50,20,188,87,130,5,42,47,26,89,115,152,18,181,68,48,63,118,44,140,124,94,196,36,145,75,113,61,45,138,65,82,187,128,134,195,33,183,162,126,143,160,91,6,77,149,189,148,173,116,123,17,84,122,12,97,0,85,19,132,176,3,136,49,170,95,167,93,66,135,168,56,21,92,147,67,32,165,169,23,163,25,70,90,41,88,164,37,156,71,8,184,190,109,72,78,131,110,101,59,80,100,30,114,182,139,125,58,151,175,197,1,117,98,157,142,137,158,54,57,193,172,39,107,55,14,13,111,52,40,2,129,15,9,28,105,69,159,38,144,146,155,73,99,106,4,192,103,35,161,102,186,133,76,112,104,31,53,34,108,51,74,198,174,16,194,29,154,60,179,27,43,127,96,171,141,11,22,64,79,177,199,166,83,86,119,81,153,7,24,150,10,185,62,120,178,46,180,191,121];False
3974;6778;10752;[74,20,188,87,130,5,42,47,26,178,115,152,18,181,68,48,63,118,44,140,124,94,196,36,145,75,113,61,45,138,65,82,187,128,134,195,33,183,162,126,143,160,91,6,77,149,189,148,173,116,123,17,84,122,12,97,0,85,19,132,176,3,136,49,170,95,167,93,66,135,168,56,21,92,147,67,32,165,169,23,163,25,70,90,41,88,164,37,156,71,8,184,190,109,72,78,131,110,101,59,80,100,30,114,182,139,125,58,151,175,197,1,117,98,157,142,137,158,54,57,193,172,39,107,55,14,13,111,52,40,2,129,15,9,28,105,69,159,38,144,146,155,73,99,106,4,192,103,35,161,102,186,133,76,112,104,31,53,34,108,51,50,198,174,16,194,29,154,60,179,27,43,127,96,171,141,11,22,64,79,177,199,166,83,86,119,81,153,7,24,150,10,185,62,120,89,46,180,191,121];False
3972;6775;10747;[74,20,188,87,130,5,42,47,26,89,115,152,18,181,68,48,63,118,44,140,124,94,75,36,145,196,113,61,45,138,65,82,187,128,134,195,33,183,162,126,143,160,91,6,77,149,189,148,173,116,123,17,84,122,12,97,0,85,19,132,176,3,136,49,170,95,167,93,66,135,168,56,21,92,147,67,32,165,169,23,163,25,70,90,41,88,164,37,156,71,8,184,190,109,72,78,131,110,101,59,80,100,30,114,182,139,125,58,151,175,197,1,117,98,157,142,137,158,54,57,193,172,39,107,55,14,13,111,52,40,2,129,15,9,28,105,69,159,38,144,146,155,73,99,106,4,192,103,35,161,102,186,133,76,112,104,31,53,34,108,51,50,198,174,16,194,29,154,60,179,27,43,127,96,171,141,11,22,64,79,177,199,166,83,86,119,81,153,7,24,150,10,185,62,120,178,46,180,191,121];False
4073;6759;10832;[74,20,188,87,130,5,42,47,26,89,115,152,18,181,68,48,63,118,44,140,124,94,196,36,145,173,113,61,45,138,65,82,187,128,134,195,33,183,162,126,143,160,91,6,77,149,189,148,75,116,123,17,84,122,12,97,0,85,19,132,176,3,136,49,170,95,167,93,66,135,168,56,21,92,147,67,32,165,169,23,163,25,70,90,41,88,164,37,156,71,8,184,190,109,72,78,131,110,101,59,80,100,30,114,182,139,125,58,151,175,197,1,117,98,157,142,137,158,54,57,193,172,39,107,55,14,13,111,52,40,2,129,15,9,28,105,69,159,38,144,146,155,73,99,106,4,192,103,35,161,102,186,133,76,112,104,31,53,34,108,51,50,198,174,16,194,29,154,60,179,27,43,127,96,171,141,11,22,64,79,177,199,166,83,86,119,81,153,7,24,150,10,185,62,120,178,46,180,191,121];False
3973;6773;10746;[74,20,188,87,130,5,42,47,26,89,115,152,18,181,68,48,63,118,44,140,124,94,196,36,145,165,113,61,45,138,65,82,187,128,134,195,33,183,162,126,143,160,91,6,77,149,189,148,173,116,123,17,84,122,12,97,0,85,19,132,176,3,136,49,170,95,167,93,66,135,168,56,21,92,147,67,32,75,169,23,163,25,70,90,41,88,164,37,156,71,8,184,190,109,72,78,131,110,101,59,80,100,30,114,182,139,125,58,151,175,197,1,117,98,157,142,137,158,54,57,193,172,39,107,55,14,13,111,52,40,2,129,15,9,28,105,69,159,38,144,146,155,73,99,106,4,192,103,35,161,102,186,133,76,112,104,31,53,34,108,51,50,198,174,16,194,29,154,60,179,27,43,127,96,171,141,11,22,64,79,177,199,166,83,86,119,81,153,7,24,150,10,185,62,120,178,46,180,191,121];False
4172;6752;10924;[74,20,188,87,130,5,42,47,26,89,115,152,18,181,68,48,63,118,44,140,124,94,196,36,145,75,113,61,45,138,65,82,187,128,134,195,33,183,162,126,143,160,91,6,77,149,189,7,173,116,123,17,84,122,12,97,0,85,19,132,176,3,136,49,170,95,167,93,66,135,168,56,21,92,147,67,32,165,169,23,163,25,70,90,41,88,164,37,156,71,8,184,190,109,72,78,131,110,101,59,80,100,30,114,182,139,125,58,151,175,197,1,117,98,157,142,137,158,54,57,193,172,39,107,55,14,13,111,52,40,2,129,15,9,28,105,69,159,38,144,146,155,73,99,106,4,192,103,35,161,102,186,133,76,112,104,31,53,34,108,51,50,198,174,16,194,29,154,60,179,27,43,127,96,171,141,11,22,64,79,177,199,166,83,86,119,81,153,148,24,150,10,185,62,120,178,46,180,191,121];False
3892;6781;10673;[74,20,188,87,130,5,42,47,26,89,115,152,18,181,68,48,63,118,44,140,124,94,196,36,145,75,113,61,45,138,65,82,187,128,134,195,33,183,162,126,143,160,91,6,77,149,189,148,173,116,123,17,84,122,12,97,0,85,19,132,176,3,136,49,170,95,57,93,66,135,168,56,21,92,147,67,32,165,169,23,163,25,70,90,41,88,164,37,156,71,8,184,190,109,72,78,131,110,101,59,80,100,30,114,182,139,125,58,151,175,197,1,117,98,157,142,137,158,54,167,193,172,39,107,55,14,13,111,52,40,2,129,15,9,28,105,69,159,38,144,146,155,73,99,106,4,192,103,35,161,102,186,133,76,112,104,31,53,34,108,51,50,198,174,16,194,29,154,60,179,27,43,127,96,171,141,11,22,64,79,177,199,166,83,86,119,81,153,7,24,150,10,185,62,120,178,46,180,191,121];False
4041;6764;10805;[74,20,188,87,130,5,42,47,26,89,115,152,18,181,68,48,63,118,44,140,124,94,196,36,145,75,113,61,45,138,65,82,187,128,134,195,33,183,162,126,143,160,91,6,77,149,189,148,173,116,123,17,84,122,12,97,0,85,19,132,176,3,136,49,170,95,129,93,66,135,168,56,21,92,147,67,32,165,169,23,163,25,70,90,41,88,164,37,156,71,8,184,190,109,72,78,131,110,101,59,80,100,30,114,182,139,125,58,151,175,197,1,117,98,157,142,137,158,54,57,193,172,39,107,55,14,13,111,52,40,2,167,15,9,28,105,69,159,38,144,146,155,73,99,106,4,192,103,35,161,102,186,133,76,112,104,31,53,34,108,51,50,198,174,16,194,29,154,60,179,27,43,127,96,171,141,11,22,64,79,177,199,166,83,86,119,81,153,7,24,150,10,185,62,120,178,46,180,191,121];False
4049;6762;10811;[74,20,188,87,130,5,42,47,26,89,115,152,18,181,68,48,63,118,44,140,124,94,196,36,145,75,113,61,45,138,65,82,187,128,134,195,33,183,162,126,143,160,91,6,77,149,189,148,173,116,123,17,84,122,12,97,0,85,19,132,176,3,136,49,170,95,167,93,66,135,168,56,21,92,147,67,32,165,169,23,163,25,164,90,41,88,70,37,156,71,8,184,190,109,72,78,131,110,101,59,80,100,30,114,182,139,125,58,151,175,197,1,117,98,157,142,137,158,54,57,193,172,39,107,55,14,13,111,52,40,2,129,15,9,28,105,69,159,38,144,146,155,73,99,106,4,192,103,35,161,102,186,133,76,112,104,31,53,34,108,51,50,198,174,16,194,29,154,60,179,27,43,127,96,171,141,11,22,64,79,177,199,166,83,86,119,81,153,7,24,150,10,185,62,120,178,46,180,191,121];False
4064;6761;10825;[74,20,188,87,130,5,42,47,26,89,115,152,18,181,68,48,63,118,44,140,124,94,196,36,145,75,113,61,45,138,65,82,187,128,134,195,33,183,162,126,143,160,91,6,77,149,189,148,173,116,123,17,84,122,12,97,0,85,19,132,176,3,136,49,170,95,167,93,66,135,168,56,21,92,147,67,32,165,169,23,163,25,70,90,41,88,164,37,156,71,8,184,190,109,72,78,131,110,101,59,80,100,30,114,182,139,125,137,151,175,197,1,117,98,157,142,58,158,54,57,193,172,39,107,55,14,13,111,52,40,2,129,15,9,28,105,69,159,38,144,146,155,73,99,106,4,192,103,35,161,102,186,133,76,112,104,31,53,34,108,51,50,198,174,16,194,29,154,60,179,27,43,127,96,171,141,11,22,64,79,177,199,166,83,86,119,81,153,7,24,150,10,185,62,120,178,46,180,191,121];False
3967;6768;10735;[74,20,188,87,130,5,42,47,26,89,115,152,18,181,68,48,63,118,44,140,124,94,196,36,145,75,113,61,45,138,65,82,187,128,134,195,33,183,162,126,143,160,91,6,77,149,189,148,173,116,123,17,84,122,12,97,0,85,19,132,176,3,136,49,170,95,167,93,66,135,168,56,21,92,147,67,32,165,169,23,163,25,70,90,41,88,164,37,156,71,8,184,190,109,72,78,131,110,101,59,80,100,30,114,182,139,125,58,151,54,197,1,117,98,157,142,137,158,175,57,193,172,39,107,55,14,13,111,52,40,2,129,15,9,28,105,69,159,38,144,146,155,73,99,106,4,192,103,35,161,102,186,133,76,112,104,31,53,34,108,51,50,198,174,16,194,29,154,60,179,27,43,127,96,171,141,11,22,64,79,177,199,166,83,86,119,81,153,7,24,150,10,185,62,120,178,46,180,191,121];False
3973;6765;10738;[74,20,188,87,130,5,42,47,26,89,115,152,18,181,68,48,63,118,44,140,124,94,196,36,145,75,113,61,45,138,65,82,187,128,134,195,33,183,162,126,143,160,91,6,77,149,189,148,173,116,123,17,84,122,12,97,0,85,19,132,176,3,136,49,170,95,167,93,66,135,168,56,21,92,147,67,32,165,169,23,163,25,70,90,41,88,164,37,156,71,8,184,190,109,72,78,131,110,101,59,80,100,30,114,182,139,125,58,151,175,57,1,117,98,157,142,137,158,54,197,193,172,39,107,55,14,13,111,52,40,2,129,15,9,28,105,69,159,38,144,146,155,73,99,106,4,192,103,35,161,102,186,133,76,112,104,31,53,34,108,51,50,198,174,16,194,29,154,60,179,27,43,127,96,171,141,11,22,64,79,177,199,166,83,86,119,81,153,7,24,150,10,185,62,120,178,46,180,191,121];False
4608;6737;11345;[50,20,188,87,130,5,42,47,26,89,75,152,18,181,68,48,63,118,44,140,124,94,196,36,145,115,113,61,45,138,65,82,187,128,134,195,33,183,162,126,143,160,91,6,77,149,189,7,173,116,123,168,84,122,2,97,0,85,19,132,176,3,136,49,170,95,167,93,66,135,53,56,21,92,147,67,32,165,169,23,163,25,70,90,41,88,164,37,156,71,8,184,190,109,72,78,131,110,101,59,80,100,30,114,182,139,125,58,151,175,197,1,117,98,157,142,137,158,54,57,193,172,39,107,55,14,13,111,52,40,12,129,15,9,28,105,69,159,38,144,146,155,17,99,106,4,192,103,35,161,102,186,133,76,112,104,31,74,34,108,51,73,198,174,16,194,29,154,60,179,27,43,127,96,171,141,11,22,64,79,177,199,166,83,86,119,81,153,148,24,150,10,185,62,120,178,46,180,191,121];False
4713;6731;11444;[73,20,188,61,130,5,42,47,26,89,75,152,18,181,68,48,63,118,44,140,124,94,196,36,145,115,113,87,45,138,65,82,187,128,134,195,33,183,162,126,143,160,91,6,77,149,189,7,173,116,123,168,84,122,2,97,0,85,19,132,176,3,136,49,170,95,167,93,66,135,53,56,21,92,147,67,32,165,169,23,163,25,70,90,41,88,164,37,156,71,8,184,190,109,72,78,131,110,101,59,80,100,30,114,182,139,125,58,151,175,197,1,117,98,157,142,137,158,54,57,193,172,39,107,55,14,13,111,52,40,12,129,15,9,28,105,69,159,38,144,146,155,17,99,106,4,192,103,35,161,102,186,133,76,112,104,31,74,34,108,51,50,198,174,16,194,29,154,60,179,27,43,127,96,171,141,11,22,64,79,177,199,166,83,86,119,81,153,148,24,150,10,185,62,120,178,46,180,191,121];False
4622;6735;11357;[73,20,188,87,41,5,42,47,26,89,75,152,18,181,68,48,63,118,44,140,124,94,196,36,145,115,113,61,45,138,65,82,187,128,134,195,33,183,162,126,143,160,91,6,77,149,189,7,173,116,123,168,84,122,2,97,0,85,19,132,176,3,136,49,170,95,167,93,66,135,53,56,21,92,147,67,32,165,169,23,163,25,70,90,130,88,164,37,156,71,8,184,190,109,72,78,131,110,101,59,80,100,30,114,182,139,125,58,151,175,197,1,117,98,157,142,137,158,54,57,193,172,39,107,55,14,13,111,52,40,12,129,15,9,28,105,69,159,38,144,146,155,17,99,106,4,192,103,35,161,102,186,133,76,112,104,31,74,34,108,51,50,198,174,16,194,29,154,60,179,27,43,127,96,171,141,11,22,64,79,177,199,166,83,86,119,81,153,148,24,150,10,185,62,120,178,46,180,191,121];False
4568;6734;11302;[73,20,188,87,130,5,179,47,26,89,75,152,18,181,68,48,63,118,44,140,124,94,196,36,145,115,113,61,45,138,65,82,187,128,134,195,33,183,162,126,143,160,91,6,77,149,189,7,173,116,123,168,84,122,2,97,0,85,19,132,176,3,136,49,170,95,167,93,66,135,53,56,21,92,147,67,32,165,169,23,163,25,70,90,41,88,164,37,156,71,8,184,190,109,72,78,131,110,101,59,80,100,30,114,182,139,125,58,151,175,197,1,117,98,157,142,137,158,54,57,193,172,39,107,55,14,13,111,52,40,12,129,15,9,28,105,69,159,38,144,146,155,17,99,106,4,192,103,35,161,102,186,133,76,112,104,31,74,34,108,51,50,198,174,16,194,29,154,60,42,27,43,127,96,171,141,11,22,64,79,177,199,166,83,86,119,81,153,148,24,150,10,185,62,120,178,46,180,191,121];False
4462;6740;11202;[73,20,188,87,130,5,42,47,26,89,75,152,76,181,68,48,63,118,44,140,124,94,196,36,145,115,113,61,45,138,65,82,187,128,134,195,33,183,162,126,143,160,91,6,77,149,189,7,173,116,123,168,84,122,2,97,0,85,19,132,176,3,136,49,170,95,167,93,66,135,53,56,21,92,147,67,32,165,169,23,163,25,70,90,41,88,164,37,156,71,8,184,190,109,72,78,131,110,101,59,80,100,30,114,182,139,125,58,151,175,197,1,117,98,157,142,137,158,54,57,193,172,39,107,55,14,13,111,52,40,12,129,15,9,28,105,69,159,38,144,146,155,17,99,106,4,192,103,35,161,102,186,133,18,112,104,31,74,34,108,51,50,198,174,16,194,29,154,60,179,27,43,127,96,171,141,11,22,64,79,177,199,166,83,86,119,81,153,148,24,150,10,185,62,120,178,46,180,191,121];False
4558;6736;11294;[73,20,188,87,130,5,42,47,26,89,75,152,18,181,68,48,63,46,44,140,124,94,196,36,145,115,113,61,45,138,65,82,187,128,134,195,33,183,162,126,143,160,91,6,77,149,189,7,173,116,123,168,84,122,2,97,0,85,19,132,176,3,136,49,170,95,167,93,66,135,53,56,21,92,147,67,32,165,169,23,163,25,70,90,41,88,164,37,156,71,8,184,190,109,72,78,131,110,101,59,80,100,30,114,182,139,125,58,151,175,197,1,117,98,157,142,137,158,54,57,193,172,39,107,55,14,13,111,52,40,12,129,15,9,28,105,69,159,38,144,146,155,17,99,106,4,192,103,35,161,102,186,133,76,112,104,31,74,34,108,51,50,198,174,16,194,29,154,60,179,27,43,127,96,171,141,11,22,64,79,177,199,166,83,86,119,81,153,148,24,150,10,185,62,120,178,118,180,191,121];False
4540;6733;11273;[73,20,188,87,130,5,42,47,26,89,75,152,18,181,68,48,63,118,44,140,124,94,196,36,145,115,98,61,45,138,65,82,187,128,134,195,33,183,162,126,143,160,91,6,77,149,189,7,173,116,123,168,84,122,2,97,0,85,19,132,176,3,136,49,170,95,167,93,66,135,53,56,21,92,147,67,32,165,169,23,163,25,70,90,41,88,164,37,156,71,8,184,190,109,72,78,131,110,101,59,80,100,30,114,182,139,125,58,151,175,197,1,117,113,157,142,137,158,54,57,193,172,39,107,55,14,13,111,52,40,12,129,15,9,28,105,69,159,38,144,146,155,17,99,106,4,192,103,35,161,102,186,133,76,112,104,31,74,34,108,51,50,198,174,16,194,29,154,60,179,27,43,127,96,171,141,11,22,64,79,177,199,166,83,86,119,81,153,148,24,150,10,185,62,120,178,46,180,191,121];False
4528;6734;11262;[73,20,188,87,130,5,42,47,26,89,75,152,18,181,68,48,63,118,44,140,124,94,196,36,145,115,113,61,184,138,65,82,187,128,134,195,33,183,162,126,143,160,91,6,77,149,189,7,173,116,123,168,84,122,2,97,0,85,19,132,176,3,136,49,170,95,167,93,66,135,53,56,21,92,147,67,32,165,169,23,163,25,70,90,41,88,164,37,156,71,8,45,190,109,72,78,131,110,101,59,80,100,30,114,182,139,125,58,151,175,197,1,117,98,157,142,137,158,54,57,193,172,39,107,55,14,13,111,52,40,12,129,15,9,28,105,69,159,38,144,146,155,17,99,106,4,192,103,35,161,102,186,133,76,112,104,31,74,34,108,51,50,198,174,16,194,29,154,60,179,27,43,127,96,171,141,11,22,64,79,177,199,166,83,86,119,81,153,148,24,150,10,185,62,120,178,46,180,191,121];False
4502;6737;11239;[73,20,188,87,130,5,42,47,26,89,75,152,18,181,68,48,63,118,44,140,124,94,196,36,145,115,113,61,45,138,65,82,187,76,134,195,33,183,162,126,143,160,91,6,77,149,189,7,173,116,123,168,84,122,2,97,0,85,19,132,176,3,136,49,170,95,167,93,66,135,53,56,21,92,147,67,32,165,169,23,163,25,70,90,41,88,164,37,156,71,8,184,190,109,72,78,131,110,101,59,80,100,30,114,182,139,125,58,151,175,197,1,117,98,157,142,137,158,54,57,193,172,39,107,55,14,13,111,52,40,12,129,15,9,28,105,69,159,38,144,146,155,17,99,106,4,192,103,35,161,102,186,133,128,112,104,31,74,34,108,51,50,198,174,16,194,29,154,60,179,27,43,127,96,171,141,11,22,64,79,177,199,166,83,86,119,81,153,148,24,150,10,185,62,120,178,46,180,191,121];False
4604;6730;11334;[73,20,188,87,130,5,42,47,26,89,75,152,18,181,68,48,63,118,44,140,124,94,196,36,145,115,113,61,45,138,65,82,187,128,22,195,33,183,162,126,143,160,91,6,77,149,189,7,173,116,123,168,84,122,2,97,0,85,19,132,176,3,136,49,170,95,167,93,66,135,53,56,21,92,147,67,32,165,169,23,163,25,70,90,41,88,164,37,156,71,8,184,190,109,72,78,131,110,101,59,80,100,30,114,182,139,125,58,151,175,197,1,117,98,157,142,137,158,54,57,193,172,39,107,55,14,13,111,52,40,12,129,15,9,28,105,69,159,38,144,146,155,17,99,106,4,192,103,35,161,102,186,133,76,112,104,31,74,34,108,51,50,198,174,16,194,29,154,60,179,27,43,127,96,171,141,11,134,64,79,177,199,166,83,86,119,81,153,148,24,150,10,185,62,120,178,46,180,191,121];False
4492;6736;11228;[73,20,188,87,130,5,42,47,26,89,75,152,18,181,68,48,63,118,44,140,124,94,196,36,145,115,113,61,45,138,65,82,187,128,134,195,33,183,162,126,143,160,91,6,77,149,12,7,173,116,123,168,84,122,2,97,0,85,19,132,176,3,136,49,170,95,167,93,66,135,53,56,21,92,147,67,32,165,169,23,163,25,70,90,41,88,164,37,156,71,8,184,190,109,72,78,131,110,101,59,80,100,30,114,182,139,125,58,151,175,197,1,117,98,157,142,137,158,54,57,193,172,39,107,55,14,13,111,52,40,189,129,15,9,28,105,69,159,38,144,146,155,17,99,106,4,192,103,35,161,102,186,133,76,112,104,31,74,34,108,51,50,198,174,16,194,29,154,60,179,27,43,127,96,171,141,11,22,64,79,177,199,166,83,86,119,81,153,148,24,150,10,185,62,120,178,46,180,191,121];False
4436;6734;11170;[73,20,188,87,130,5,42,47,26,89,75,152,18,181,68,48,63,118,44,140,124,94,196,36,145,115,113,61,45,138,65,82,187,128,134,195,33,183,162,126,143,160,91,6,77,149,189,7,103,116,123,168,84,122,2,97,0,85,19,132,176,3,136,49,170,95,167,93,66,135,53,56,21,92,147,67,32,165,169,23,163,25,70,90,41,88,164,37,156,71,8,184,190,109,72,78,131,110,101,59,80,100,30,114,182,139,125,58,151,175,197,1,117,98,157,142,137,158,54,57,193,172,39,107,55,14,13,111,52,40,12,129,15,9,28,105,69,159,38,144,146,155,17,99,106,4,192,173,35,161,102,186,133,76,112,104,31,74,34,108,51,50,198,174,16,194,29,154,60,179,27,43,127,96,171,141,11,22,64,79,177,199,166,83,86,119,81,153,148,24,150,10,185,62,120,178,46,180,191,121];False
4770;6727;11497;[198,174,118,10,130,5,119,57,26,145,115,152,186,7,15,51,106,20,44,140,124,168,16,136,125,6,113,61,45,138,123,82,187,128,134,195,33,94,190,126,143,160,91,75,77,149,189,148,173,116,65,4,84,122,2,97,0,85,18,132,176,3,196,49,170,95,167,93,66,135,48,50,21,92,147,67,32,165,169,23,163,25,70,90,41,88,146,37,156,71,8,184,162,109,72,78,131,110,101,59,80,100,30,114,182,139,36,58,151,175,197,1,117,98,157,142,137,158,54,120,193,172,39,107,55,14,13,111,52,40,87,181,68,9,28,105,69,159,38,144,56,63,73,99,155,178,192,103,35,161,102,12,133,76,112,104,31,183,34,108,188,164,53,17,74,194,29,154,60,179,27,43,127,96,42,141,11,22,64,79,177,199,166,83,86,171,81,153,129,24,150,19,185,62,47,89,46,180,191,121];False
4840;6721;11561;[198,174,118,10,130,5,171,57,26,145,115,152,186,7,15,48,106,20,44,140,124,168,16,136,125,6,113,61,45,138,123,82,187,128,134,195,33,94,190,126,143,160,91,75,77,149,189,148,173,116,65,4,84,122,2,97,0,85,18,132,176,3,196,49,170,95,167,93,66,135,51,50,21,92,147,67,32,165,169,23,163,25,70,90,41,88,146,37,156,71,8,184,162,109,72,78,131,110,101,59,80,100,30,114,182,139,36,58,151,175,197,1,117,98,157,142,137,158,54,120,193,172,39,107,55,14,13,111,52,40,87,181,68,9,28,105,69,159,38,144,56,63,73,99,155,178,192,103,35,161,102,12,133,76,112,104,31,183,34,108,188,164,53,17,74,194,29,154,60,179,27,43,127,96,42,141,11,22,64,79,177,199,166,83,86,119,81,153,129,24,150,19,185,62,47,89,46,180,191,121];False
4901;6719;11620;[198,174,118,10,130,5,171,57,26,145,115,152,186,7,15,51,106,20,146,140,124,168,16,136,125,6,113,61,45,138,123,82,187,128,134,195,33,94,190,126,143,160,91,75,77,149,189,148,173,116,65,4,84,122,2,97,0,85,18,132,176,3,196,49,170,95,167,93,66,135,48,50,21,92,147,67,32,165,169,23,163,25,70,90,41,88,44,37,156,71,8,184,162,109,72,78,131,110,101,59,80,100,30,114,182,139,36,58,151,175,197,1,117,98,157,142,137,158,54,120,193,172,39,107,55,14,13,111,52,40,87,181,68,9,28,105,69,159,38,144,56,63,73,99,155,178,192,103,35,161,102,12,133,76,112,104,31,183,34,108,188,164,53,17,74,194,29,154,60,179,27,43,127,96,42,141,11,22,64,79,177,199,166,83,86,119,81,153,129,24,150,19,185,62,47,89,46,180,191,121];False
4830;6721;11551;[198,174,118,10,130,5,171,57,26,145,115,152,186,7,15,51,106,20,44,140,124,168,16,94,125,6,113,61,45,138,123,82,187,128,134,195,33,136,190,126,143,160,91,75,77,149,189,148,173,116,65,4,84,122,2,97,0,85,18,132,176,3,196,49,170,95,167,93,66,135,48,50,21,92,147,67,32,165,169,23,163,25,70,90,41,88,146,37,156,71,8,184,162,109,72,78,131,110,101,59,80,100,30,114,182,139,36,58,151,175,197,1,117,98,157,142,137,158,54,120,193,172,39,107,55,14,13,111,52,40,87,181,68,9,28,105,69,159,38,144,56,63,73,99,155,178,192,103,35,161,102,12,133,76,112,104,31,183,34,108,188,164,53,17,74,194,29,154,60,179,27,43,127,96,42,141,11,22,64,79,177,199,166,83,86,119,81,153,129,24,150,19,185,62,47,89,46,180,191,121];False
4801;6726;11527;[198,174,118,10,130,5,171,57,26,145,115,152,186,7,15,51,106,20,44,140,124,168,16,136,125,6,167,61,45,138,123,82,187,128,134,195,33,94,190,126,143,160,91,75,77,149,189,148,173,116,65,4,84,122,2,97,0,85,18,132,176,3,196,49,170,95,113,93,66,135,48,50,21,92,147,67,32,165,169,23,163,25,70,90,41,88,146,37,156,71,8,184,162,109,72,78,131,110,101,59,80,100,30,114,182,139,36,58,151,175,197,1,117,98,157,142,137,158,54,120,193,172,39,107,55,14,13,111,52,40,87,181,68,9,28,105,69,159,38,144,56,63,73,99,155,178,192,103,35,161,102,12,133,76,112,104,31,183,34,108,188,164,53,17,74,194,29,154,60,179,27,43,127,96,42,141,11,22,64,79,177,199,166,83,86,119,81,153,129,24,150,19,185,62,47,89,46,180,191,121];False
4800;6725;11525;[198,174,190,10,130,5,42,47,26,125,115,152,186,7,15,48,106,20,44,140,124,168,34,136,145,6,113,61,45,138,123,82,187,128,134,195,33,94,118,126,143,160,91,75,77,149,189,148,173,116,65,4,84,122,2,97,0,85,18,132,176,3,196,49,170,95,167,93,66,135,51,50,21,92,147,67,32,165,169,23,163,25,70,90,41,88,146,37,156,71,8,184,162,109,72,78,131,110,101,59,80,100,30,114,182,139,36,58,151,175,197,1,117,98,157,142,137,158,54,120,193,172,39,107,55,14,13,111,52,40,87,181,68,9,28,105,69,159,38,144,56,63,73,99,155,178,192,103,35,161,102,12,133,76,112,104,31,183,164,108,188,74,53,17,16,194,29,154,60,179,27,43,127,96,171,141,11,22,64,79,177,199,166,83,86,119,81,153,129,24,150,19,185,62,57,89,46,180,191,121];False
4776;6726;11502;[198,174,190,10,130,5,42,47,26,145,115,152,12,7,15,48,106,20,44,140,124,168,34,136,125,6,113,61,45,138,123,82,187,128,134,195,33,94,118,126,143,160,91,75,77,149,189,148,173,116,65,4,84,122,2,97,0,85,18,132,176,3,196,49,170,95,167,93,66,135,51,50,21,92,147,67,32,165,169,23,163,25,70,90,41,88,146,37,156,71,8,184,162,109,72,78,131,110,101,59,80,100,30,114,182,139,36,58,151,175,197,1,117,98,157,142,137,158,54,120,193,172,39,107,55,14,13,111,52,40,87,181,68,9,28,105,69,159,38,144,56,63,73,99,155,178,192,103,35,161,102,186,133,76,112,104,31,183,164,108,188,74,53,17,16,194,29,154,60,179,27,43,127,96,171,141,11,22,64,79,177,199,166,83,86,119,81,153,129,24,150,19,185,62,57,89,46,180,191,121];False
4892;6717;11609;[198,174,190,10,130,5,42,47,26,145,115,152,186,148,15,48,106,20,44,140,124,168,34,136,125,6,113,61,45,138,123,82,187,128,134,195,33,94,118,126,143,160,91,75,77,149,189,7,173,116,65,4,84,122,2,97,0,85,18,132,176,3,196,49,170,95,167,93,66,135,51,50,21,92,147,67,32,165,169,23,163,25,70,90,41,88,146,37,156,71,8,184,162,109,72,78,131,110,101,59,80,100,30,114,182,139,36,58,151,175,197,1,117,98,157,142,137,158,54,120,193,172,39,107,55,14,13,111,52,40,87,181,68,9,28,105,69,159,38,144,56,63,73,99,155,178,192,103,35,161,102,12,133,76,112,104,31,183,164,108,188,74,53,17,16,194,29,154,60,179,27,43,127,96,171,141,11,22,64,79,177,199,166,83,86,119,81,153,129,24,150,19,185,62,57,89,46,180,191,121];False
4787;6722;11509;[198,174,190,10,130,5,42,47,26,145,115,152,186,7,139,48,106,20,44,140,124,168,34,136,125,6,113,61,45,138,123,82,187,128,134,195,33,94,118,126,143,160,91,75,77,149,189,148,173,116,65,4,84,122,2,97,0,85,18,132,176,3,196,49,170,95,167,93,66,135,51,50,21,92,147,67,32,165,169,23,163,25,70,90,41,88,146,37,156,71,8,184,162,109,72,78,131,110,101,59,80,100,30,114,182,15,36,58,151,175,197,1,117,98,157,142,137,158,54,120,193,172,39,107,55,14,13,111,52,40,87,181,68,9,28,105,69,159,38,144,56,63,73,99,155,178,192,103,35,161,102,12,133,76,112,104,31,183,164,108,188,74,53,17,16,194,29,154,60,179,27,43,127,96,171,141,11,22,64,79,177,199,166,83,86,119,81,153,129,24,150,19,185,62,57,89,46,180,191,121];False
4956;6714;11670;[198,174,118,10,130,5,42,47,26,145,115,152,186,148,15,51,106,20,146,140,124,168,34,136,125,6,113,61,45,138,123,82,187,128,134,195,33,94,190,126,143,160,91,75,77,149,189,7,173,116,65,4,84,122,2,97,0,85,18,132,176,3,196,49,170,95,167,93,66,135,48,50,21,92,147,67,32,165,169,23,163,25,70,90,41,88,44,37,156,71,8,184,162,109,72,78,131,110,101,59,80,100,30,114,182,139,36,58,151,175,197,1,117,98,157,142,137,158,54,120,193,172,39,107,55,14,13,111,52,40,87,181,68,9,28,105,69,159,38,144,56,63,73,99,155,178,192,103,35,161,102,12,133,76,112,104,31,183,164,108,188,74,53,17,16,194,29,154,60,179,27,43,127,96,171,141,11,22,64,79,177,199,166,83,86,119,81,153,129,24,150,19,185,62,57,89,46,180,191,121];False
4907;6715;11622;[198,174,118,10,130,5,42,47,26,145,115,152,186,7,15,48,106,20,146,140,124,168,34,136,125,6,113,61,45,138,123,82,187,128,134,195,33,94,190,126,143,160,91,75,77,149,189,148,173,116,65,4,84,122,2,97,0,85,18,132,176,3,196,49,170,95,167,93,66,135,51,50,21,92,147,67,32,165,169,23,163,25,70,90,41,88,44,37,156,71,8,184,162,109,72,78,131,110,101,59,80,100,30,114,182,139,36,58,151,175,197,1,117,98,157,142,137,158,54,120,193,172,39,107,55,14,13,111,52,40,87,181,68,9,28,105,69,159,38,144,56,63,73,99,155,178,192,103,35,161,102,12,133,76,112,104,31,183,164,108,188,74,53,17,16,194,29,154,60,179,27,43,127,96,171,141,11,22,64,79,177,199,166,83,86,119,81,153,129,24,150,19,185,62,57,89,46,180,191,121];False
4868;6720;11588;[198,174,118,10,130,5,42,47,26,145,115,152,186,7,15,51,106,20,146,140,124,168,34,136,125,6,167,61,45,138,123,82,187,128,134,195,33,94,190,126,143,160,91,75,77,149,189,148,173,116,65,4,84,122,2,97,0,85,18,132,176,3,196,49,170,95,113,93,66,135,48,50,21,92,147,67,32,165,169,23,163,25,70,90,41,88,44,37,156,71,8,184,162,109,72,78,131,110,101,59,80,100,30,114,182,139,36,58,151,175,197,1,117,98,157,142,137,158,54,120,193,172,39,107,55,14,13,111,52,40,87,181,68,9,28,105,69,159,38,144,56,63,73,99,155,178,192,103,35,161,102,12,133,76,112,104,31,183,164,108,188,74,53,17,16,194,29,154,60,179,27,43,127,96,171,141,11,22,64,79,177,199,166,83,86,119,81,153,129,24,150,19,185,62,57,89,46,180,191,121];False
5106;6700;11806;[198,29,90,41,187,60,42,47,26,145,115,152,186,129,139,123,106,20,56,140,124,168,164,190,174,196,113,61,45,138,51,82,172,128,134,195,33,94,118,126,143,160,91,75,77,149,189,7,173,116,65,4,84,122,2,97,0,85,18,132,176,3,136,49,170,95,167,93,66,135,48,50,21,92,147,67,32,165,169,23,163,25,70,125,6,88,44,37,156,71,8,184,162,109,72,78,131,110,101,59,80,100,30,114,182,15,36,58,151,175,197,1,117,98,157,142,137,158,54,57,193,154,39,107,55,14,13,111,52,40,87,181,68,9,28,105,69,159,38,144,146,63,73,99,155,178,192,103,35,161,102,12,133,76,112,104,31,183,34,108,188,74,53,17,16,194,19,130,5,179,27,43,127,96,171,141,11,22,64,79,177,199,148,83,86,119,81,153,166,24,150,10,185,62,120,89,46,180,191,121];False
5119;6698;11817;[198,29,90,41,172,60,179,47,26,145,115,152,186,129,139,123,106,20,56,140,124,168,164,190,174,196,113,61,45,138,51,82,187,128,134,195,33,94,118,126,143,160,91,75,77,149,189,7,173,116,65,4,84,122,2,97,0,85,18,132,176,3,136,49,170,95,167,93,66,135,48,50,21,92,147,67,32,165,169,23,163,25,70,125,6,88,44,37,156,71,8,184,162,109,72,78,131,110,101,59,80,100,30,114,182,15,36,58,151,175,197,1,117,98,157,142,137,158,54,57,193,154,39,107,55,14,13,111,52,40,87,181,68,9,28,105,69,159,38,144,146,63,73,99,155,178,192,103,35,161,102,12,133,76,112,104,31,183,34,108,188,74,53,17,16,194,19,130,5,42,27,43,127,96,171,141,11,22,64,79,177,199,148,83,86,119,81,153,166,24,150,10,185,62,120,89,46,180,191,121];False
5076;6704;11780;[198,29,90,41,172,60,42,47,26,145,115,152,186,129,139,123,106,194,56,140,124,168,164,190,174,196,113,61,45,138,51,82,187,128,134,195,33,94,118,126,143,160,91,75,77,149,189,7,173,116,65,4,84,122,2,97,0,85,18,132,176,3,136,49,170,95,167,93,66,135,48,50,21,92,147,67,32,165,169,23,163,25,70,125,6,88,44,37,156,71,8,184,162,109,72,78,131,110,101,59,80,100,30,114,182,15,36,58,151,175,197,1,117,98,157,142,137,158,54,57,193,154,39,107,55,14,13,111,52,40,87,181,68,9,28,105,69,159,38,144,146,63,73,99,155,178,192,103,35,161,102,12,133,76,112,104,31,183,34,108,188,74,53,17,16,20,19,130,5,179,27,43,127,96,171,141,11,22,64,79,177,199,148,83,86,119,81,153,166,24,150,10,185,62,120,89,46,180,191,121];False
4961;6711;11672;[198,29,90,41,172,60,42,47,26,145,115,152,186,129,139,123,106,20,146,140,124,168,164,190,174,196,113,61,45,138,51,82,187,128,134,195,33,94,118,126,143,160,91,75,77,149,189,7,173,116,65,4,84,122,2,97,0,85,18,132,176,3,136,49,170,95,167,93,66,135,48,50,21,92,147,67,32,165,169,23,163,25,70,125,6,88,44,37,156,71,8,184,162,109,72,78,131,110,101,59,80,100,30,114,182,15,36,58,151,175,197,1,117,98,157,142,137,158,54,57,193,154,39,107,55,14,13,111,52,40,87,181,68,9,28,105,69,159,38,144,56,63,73,99,155,178,192,103,35,161,102,12,133,76,112,104,31,183,34,108,188,74,53,17,16,194,19,130,5,179,27,43,127,96,171,141,11,22,64,79,177,199,148,83,86,119,81,153,166,24,150,10,185,62,120,89,46,180,191,121];False
5021;6710;11731;[198,29,90,41,172,60,42,47,26,145,115,152,186,129,139,123,106,20,56,37,124,168,164,190,174,196,113,61,45,138,51,82,187,128,134,195,33,94,118,126,143,160,91,75,77,149,189,7,173,116,65,4,84,122,2,97,0,85,18,132,176,3,136,49,170,95,167,93,66,135,48,50,21,92,147,67,32,165,169,23,163,25,70,125,6,88,44,140,156,71,8,184,162,109,72,78,131,110,101,59,80,100,30,114,182,15,36,58,151,175,197,1,117,98,157,142,137,158,54,57,193,154,39,107,55,14,13,111,52,40,87,181,68,9,28,105,69,159,38,144,146,63,73,99,155,178,192,103,35,161,102,12,133,76,112,104,31,183,34,108,188,74,53,17,16,194,19,130,5,179,27,43,127,96,171,141,11,22,64,79,177,199,148,83,86,119,81,153,166,24,150,10,185,62,120,89,46,180,191,121];False
5010;6710;11720;[198,29,90,41,172,60,42,47,26,145,115,152,186,129,139,123,106,20,56,63,124,168,164,190,174,196,113,61,45,138,51,82,187,128,134,195,33,94,118,126,143,160,91,75,77,149,189,7,173,116,65,4,84,122,2,97,0,85,18,132,176,3,136,49,170,95,167,93,66,135,48,50,21,92,147,67,32,165,169,23,163,25,70,125,6,88,44,37,156,71,8,184,162,109,72,78,131,110,101,59,80,100,30,114,182,15,36,58,151,175,197,1,117,98,157,142,137,158,54,57,193,154,39,107,55,14,13,111,52,40,87,181,68,9,28,105,69,159,38,144,146,140,73,99,155,178,192,103,35,161,102,12,133,76,112,104,31,183,34,108,188,74,53,17,16,194,19,130,5,179,27,43,127,96,171,141,11,22,64,79,177,199,148,83,86,119,81,153,166,24,150,10,185,62,120,89,46,180,191,121];False
5159;6697;11856;[198,29,90,41,172,60,42,47,26,145,115,152,186,129,139,123,106,20,56,140,124,168,34,190,174,196,113,61,45,138,51,82,187,128,134,195,33,94,118,126,143,160,91,75,77,149,189,7,173,116,65,4,84,122,2,97,0,85,18,132,176,3,136,49,170,95,167,93,66,135,48,50,21,92,147,67,32,165,169,23,163,25,70,125,6,88,44,37,156,71,8,184,162,109,72,78,131,110,101,59,80,100,30,114,182,15,36,58,151,175,197,1,117,98,157,142,137,158,54,57,193,154,39,107,55,14,13,111,52,40,87,181,68,9,28,105,69,159,38,144,146,63,73,99,155,178,192,103,35,161,102,12,133,76,112,104,31,183,164,108,188,74,53,17,16,194,19,130,5,179,27,43,127,96,171,141,11,22,64,79,177,199,148,83,86,119,81,153,166,24,150,10,185,62,120,89,46,180,191,121];False
5041;6705;11746;[198,29,90,41,172,60,42,47,26,145,115,152,186,129,139,123,106,20,56,140,124,168,164,190,174,196,167,61,45,138,51,82,187,128,134,195,33,94,118,126,143,160,91,75,77,149,189,7,173,116,65,4,84,122,2,97,0,85,18,132,176,3,136,49,170,95,113,93,66,135,48,50,21,92,147,67,32,165,169,23,163,25,70,125,6,88,44,37,156,71,8,184,162,109,72,78,131,110,101,59,80,100,30,114,182,15,36,58,151,175,197,1,117,98,157,142,137,158,54,57,193,154,39,107,55,14,13,111,52,40,87,181,68,9,28,105,69,159,38,144,146,63,73,99,155,178,192,103,35,161,102,12,133,76,112,104,31,183,34,108,188,74,53,17,16,194,19,130,5,179,27,43,127,96,171,141,11,22,64,79,177,199,148,83,86,119,81,153,166,24,150,10,185,62,120,89,46,180,191,121];False
5072;6702;11774;[198,29,90,41,172,60,42,47,26,145,115,152,186,129,139,123,106,20,56,140,124,168,164,190,174,196,113,61,45,135,51,82,187,128,134,195,33,94,118,126,143,160,91,75,77,149,189,7,173,116,65,4,84,122,2,97,0,85,18,132,176,3,136,49,170,95,167,93,66,138,48,50,21,92,147,67,32,165,169,23,163,25,70,125,6,88,44,37,156,71,8,184,162,109,72,78,131,110,101,59,80,100,30,114,182,15,36,58,151,175,197,1,117,98,157,142,137,158,54,57,193,154,39,107,55,14,13,111,52,40,87,181,68,9,28,105,69,159,38,144,146,63,73,99,155,178,192,103,35,161,102,12,133,76,112,104,31,183,34,108,188,74,53,17,16,194,19,130,5,179,27,43,127,96,171,141,11,22,64,79,177,199,148,83,86,119,81,153,166,24,150,10,185,62,120,89,46,180,191,121];False
5002;6705;11707;[198,29,90,41,172,60,42,47,26,145,115,152,186,129,139,123,106,20,56,140,124,168,164,190,174,196,113,61,45,138,65,82,187,128,134,195,33,94,118,126,143,160,91,75,77,149,189,7,173,116,51,4,84,122,2,97,0,85,18,132,176,3,136,49,170,95,167,93,66,135,48,50,21,92,147,67,32,165,169,23,163,25,70,125,6,88,44,37,156,71,8,184,162,109,72,78,131,110,101,59,80,100,30,114,182,15,36,58,151,175,197,1,117,98,157,142,137,158,54,57,193,154,39,107,55,14,13,111,52,40,87,181,68,9,28,105,69,159,38,144,146,63,73,99,155,178,192,103,35,161,102,12,133,76,112,104,31,183,34,108,188,74,53,17,16,194,19,130,5,179,27,43,127,96,171,141,11,22,64,79,177,199,148,83,86,119,81,153,166,24,150,10,185,62,120,89,46,180,191,121];False
5472;6690;12162;[20,29,125,78,130,5,54,120,26,145,115,152,186,129,139,123,106,198,56,140,124,168,34,190,174,196,113,61,45,138,51,82,187,128,134,195,33,94,118,126,143,160,91,75,77,149,189,7,173,116,65,4,84,122,2,97,0,85,18,132,176,3,136,49,170,95,167,93,66,135,48,50,21,92,90,67,32,165,169,23,163,25,70,147,6,88,44,37,156,71,8,184,162,109,72,41,131,110,101,59,80,100,30,114,182,15,36,58,151,175,197,1,117,98,157,142,137,158,42,57,193,172,39,107,55,14,13,111,52,40,87,181,68,9,28,105,69,159,38,144,146,63,73,99,155,178,192,103,35,161,102,12,133,76,112,104,31,183,164,108,188,74,53,17,16,194,19,154,60,179,27,43,127,96,171,141,11,22,64,79,177,199,148,83,86,119,81,153,166,24,150,10,185,62,47,89,46,180,191,121];False
5357;6690;12047;[198,29,147,78,130,5,54,120,26,145,115,152,186,129,139,123,106,20,56,140,124,168,34,190,174,196,113,61,45,138,51,82,187,128,134,195,33,94,118,126,143,160,91,75,77,149,189,7,173,116,65,4,84,122,2,97,0,85,18,132,176,3,136,49,170,95,167,93,66,135,48,50,21,92,90,67,32,165,169,23,163,25,70,125,6,88,44,37,156,71,8,184,162,109,72,41,131,110,101,59,80,100,30,114,182,15,36,58,151,175,197,1,117,98,157,142,137,158,42,57,193,172,39,107,55,14,13,111,52,40,87,181,68,9,28,105,69,159,38,144,146,63,73,99,155,178,192,103,35,161,102,12,133,76,112,104,31,183,164,108,188,74,53,17,16,194,19,154,60,179,27,43,127,96,171,141,11,22,64,79,177,199,148,83,86,119,81,153,166,24,150,10,185,62,47,89,46,180,191,121];False
5301;6696;11997;[198,29,125,41,130,5,54,120,26,145,115,152,186,129,139,123,106,20,56,140,124,168,34,190,174,196,113,61,45,138,51,82,187,128,134,195,33,94,118,126,143,160,91,75,77,149,189,7,173,116,65,4,84,122,2,97,0,85,18,132,176,3,136,49,170,95,167,93,66,135,48,50,21,92,90,67,32,165,169,23,163,25,70,147,6,88,44,37,156,71,8,184,162,109,72,78,131,110,101,59,80,100,30,114,182,15,36,58,151,175,197,1,117,98,157,142,137,158,42,57,193,172,39,107,55,14,13,111,52,40,87,181,68,9,28,105,69,159,38,144,146,63,73,99,155,178,192,103,35,161,102,12,133,76,112,104,31,183,164,108,188,74,53,17,16,194,19,154,60,179,27,43,127,96,171,141,11,22,64,79,177,199,148,83,86,119,81,153,166,24,150,10,185,62,47,89,46,180,191,121];False
5562;6686;12248;[198,29,125,78,130,5,54,120,26,145,115,77,186,129,139,123,106,20,56,140,124,168,34,190,174,196,113,61,45,138,51,82,187,128,134,195,33,94,118,126,143,160,91,75,152,149,189,7,173,116,65,4,84,122,2,97,0,85,18,132,176,3,136,49,170,95,167,93,66,135,48,50,21,92,90,67,32,165,169,23,163,25,70,147,6,88,44,37,156,71,8,184,162,109,72,41,131,110,101,59,80,100,30,114,182,15,36,58,151,175,197,1,117,98,157,142,137,158,42,57,193,172,39,107,55,14,13,111,52,40,87,181,68,9,28,105,69,159,38,144,146,63,73,99,155,178,192,103,35,161,102,12,133,76,112,104,31,183,164,108,188,74,53,17,16,194,19,154,60,179,27,43,127,96,171,141,11,22,64,79,177,199,148,83,86,119,81,153,166,24,150,10,185,62,47,89,46,180,191,121];False
5506;6688;12194;[198,29,125,78,130,5,54,120,26,145,115,152,86,129,139,123,106,20,56,140,124,168,34,190,174,196,113,61,45,138,51,82,187,128,134,195,33,94,118,126,143,160,91,75,77,149,189,7,173,116,65,4,84,122,2,97,0,85,18,132,176,3,136,49,170,95,167,93,66,135,48,50,21,92,90,67,32,165,169,23,163,25,70,147,6,88,44,37,156,71,8,184,162,109,72,41,131,110,101,59,80,100,30,114,182,15,36,58,151,175,197,1,117,98,157,142,137,158,42,57,193,172,39,107,55,14,13,111,52,40,87,181,68,9,28,105,69,159,38,144,146,63,73,99,155,178,192,103,35,161,102,12,133,76,112,104,31,183,164,108,188,74,53,17,16,194,19,154,60,179,27,43,127,96,171,141,11,22,64,79,177,199,148,83,186,119,81,153,166,24,150,10,185,62,47,89,46,180,191,121];False
5477;6689;12166;[198,29,125,78,130,5,54,120,26,145,115,152,186,166,139,123,106,20,56,140,124,168,34,190,174,196,113,61,45,138,51,82,187,128,134,195,33,94,118,126,143,160,91,75,77,149,189,7,173,116,65,4,84,122,2,97,0,85,18,132,176,3,136,49,170,95,167,93,66,135,48,50,21,92,90,67,32,165,169,23,163,25,70,147,6,88,44,37,156,71,8,184,162,109,72,41,131,110,101,59,80,100,30,114,182,15,36,58,151,175,197,1,117,98,157,142,137,158,42,57,193,172,39,107,55,14,13,111,52,40,87,181,68,9,28,105,69,159,38,144,146,63,73,99,155,178,192,103,35,161,102,12,133,76,112,104,31,183,164,108,188,74,53,17,16,194,19,154,60,179,27,43,127,96,171,141,11,22,64,79,177,199,148,83,86,119,81,153,129,24,150,10,185,62,47,89,46,180,191,121];False
5397;6688;12085;[198,29,125,78,130,5,54,120,26,145,115,152,186,129,139,123,106,194,56,140,124,168,34,190,174,196,113,61,45,138,51,82,187,128,134,195,33,94,118,126,143,160,91,75,77,149,189,7,173,116,65,4,84,122,2,97,0,85,18,132,176,3,136,49,170,95,167,93,66,135,48,50,21,92,90,67,32,165,169,23,163,25,70,147,6,88,44,37,156,71,8,184,162,109,72,41,131,110,101,59,80,100,30,114,182,15,36,58,151,175,197,1,117,98,157,142,137,158,42,57,193,172,39,107,55,14,13,111,52,40,87,181,68,9,28,105,69,159,38,144,146,63,73,99,155,178,192,103,35,161,102,12,133,76,112,104,31,183,164,108,188,74,53,17,16,20,19,154,60,179,27,43,127,96,171,141,11,22,64,79,177,199,148,83,86,119,81,153,166,24,150,10,185,62,47,89,46,180,191,121];False
5282;6695;11977;[198,29,125,78,130,5,54,120,26,145,115,152,186,129,139,123,106,20,146,140,124,168,34,190,174,196,113,61,45,138,51,82,187,128,134,195,33,94,118,126,143,160,91,75,77,149,189,7,173,116,65,4,84,122,2,97,0,85,18,132,176,3,136,49,170,95,167,93,66,135,48,50,21,92,90,67,32,165,169,23,163,25,70,147,6,88,44,37,156,71,8,184,162,109,72,41,131,110,101,59,80,100,30,114,182,15,36,58,151,175,197,1,117,98,157,142,137,158,42,57,193,172,39,107,55,14,13,111,52,40,87,181,68,9,28,105,69,159,38,144,56,63,73,99,155,178,192,103,35,161,102,12,133,76,112,104,31,183,164,108,188,74,53,17,16,194,19,154,60,179,27,43,127,96,171,141,11,22,64,79,177,199,148,83,86,119,81,153,166,24,150,10,185,62,47,89,46,180,191,121];False
5342;6694;12036;[198,29,125,78,130,5,54,120,26,145,115,152,186,129,139,123,106,20,56,37,124,168,34,190,174,196,113,61,45,138,51,82,187,128,134,195,33,94,118,126,143,160,91,75,77,149,189,7,173,116,65,4,84,122,2,97,0,85,18,132,176,3,136,49,170,95,167,93,66,135,48,50,21,92,90,67,32,165,169,23,163,25,70,147,6,88,44,140,156,71,8,184,162,109,72,41,131,110,101,59,80,100,30,114,182,15,36,58,151,175,197,1,117,98,157,142,137,158,42,57,193,172,39,107,55,14,13,111,52,40,87,181,68,9,28,105,69,159,38,144,146,63,73,99,155,178,192,103,35,161,102,12,133,76,112,104,31,183,164,108,188,74,53,17,16,194,19,154,60,179,27,43,127,96,171,141,11,22,64,79,177,199,148,83,86,119,81,153,166,24,150,10,185,62,47,89,46,180,191,121];False
5331;6694;12025;[198,29,125,78,130,5,54,120,26,145,115,152,186,129,139,123,106,20,56,63,124,168,34,190,174,196,113,61,45,138,51,82,187,128,134,195,33,94,118,126,143,160,91,75,77,149,189,7,173,116,65,4,84,122,2,97,0,85,18,132,176,3,136,49,170,95,167,93,66,135,48,50,21,92,90,67,32,165,169,23,163,25,70,147,6,88,44,37,156,71,8,184,162,109,72,41,131,110,101,59,80,100,30,114,182,15,36,58,151,175,197,1,117,98,157,142,137,158,42,57,193,172,39,107,55,14,13,111,52,40,87,181,68,9,28,105,69,159,38,144,146,140,73,99,155,178,192,103,35,161,102,12,133,76,112,104,31,183,164,108,188,74,53,17,16,194,19,154,60,179,27,43,127,96,171,141,11,22,64,79,177,199,148,83,86,119,81,153,166,24,150,10,185,62,47,89,46,180,191,121];False
5450;6679;12129;[198,29,125,78,130,5,54,120,26,145,115,152,186,129,139,123,106,20,56,140,124,168,34,118,174,196,113,61,45,138,51,82,187,128,134,195,33,94,190,126,143,160,91,75,77,149,189,7,173,116,65,4,84,122,2,97,0,85,18,132,176,3,136,49,170,95,167,93,66,135,48,50,21,92,90,67,32,165,169,23,163,25,70,147,6,88,44,37,156,71,8,184,162,109,72,41,131,110,101,59,80,100,30,114,182,15,36,58,151,175,197,1,117,98,157,142,137,158,42,57,193,172,39,107,55,14,13,111,52,40,87,181,68,9,28,105,69,159,38,144,146,63,73,99,155,178,192,103,35,161,102,12,133,76,112,104,31,183,164,108,188,74,53,17,16,194,19,154,60,179,27,43,127,96,171,141,11,22,64,79,177,199,148,83,86,119,81,153,166,24,150,10,185,62,47,89,46,180,191,121];False
5283;6691;11974;[198,29,125,78,130,5,54,120,26,145,115,152,186,129,139,123,106,20,56,140,124,168,34,108,174,196,113,61,45,138,51,82,187,128,134,195,33,94,118,126,143,160,91,75,77,149,189,7,173,116,65,4,84,122,2,97,0,85,18,132,176,3,136,49,170,95,167,93,66,135,48,50,21,92,90,67,32,165,169,23,163,25,70,147,6,88,44,37,156,71,8,184,162,109,72,41,131,110,101,59,80,100,30,114,182,15,36,58,151,175,197,1,117,98,157,142,137,158,42,57,193,172,39,107,55,14,13,111,52,40,87,181,68,9,28,105,69,159,38,144,146,63,73,99,155,178,192,103,35,161,102,12,133,76,112,104,31,183,164,190,188,74,53,17,16,194,19,154,60,179,27,43,127,96,171,141,11,22,64,79,177,199,148,83,86,119,81,153,166,24,150,10,185,62,47,89,46,180,191,121];False
5942;6677;12619;[34,147,69,100,54,120,89,46,174,18,185,175,12,7,85,15,135,20,19,33,183,17,154,38,178,13,197,123,29,71,44,91,52,2,83,59,93,138,124,94,118,48,73,90,149,163,186,148,173,116,65,192,10,95,61,97,0,77,57,26,145,3,136,49,170,103,105,74,194,156,106,198,51,50,82,67,32,165,169,23,75,36,98,25,1,88,70,37,21,92,8,184,190,109,72,78,111,128,171,110,80,127,30,114,182,139,125,187,158,62,189,130,5,122,157,84,131,79,42,27,193,172,39,107,55,14,143,196,167,40,87,181,68,9,28,162,108,102,132,144,56,63,140,99,146,159,164,41,35,161,191,152,101,134,112,104,31,53,180,4,188,168,155,126,16,142,115,86,60,179,47,43,133,76,151,141,11,58,64,96,177,199,166,22,195,119,81,153,129,24,150,6,137,117,113,66,176,160,45,121];False
5982;6676;12658;[34,147,69,100,54,120,89,46,174,18,185,175,12,7,85,15,135,194,19,33,183,17,154,38,178,13,197,123,29,71,44,91,98,2,83,59,93,138,124,94,118,48,73,90,149,163,186,148,173,116,65,192,10,95,61,97,0,77,57,26,145,3,136,49,170,103,105,74,20,156,106,198,51,50,82,67,32,165,169,23,75,36,52,25,1,88,70,37,21,92,8,184,190,109,72,78,111,128,171,110,80,127,30,114,182,139,125,187,158,62,189,130,5,122,157,84,131,79,42,27,193,172,39,107,55,14,143,196,167,40,87,181,68,9,28,162,108,102,132,144,56,63,140,99,146,159,164,41,35,161,191,152,101,134,112,104,31,53,180,4,188,168,155,126,16,142,115,86,60,179,47,43,133,76,151,141,11,58,64,96,177,199,166,22,195,119,81,153,129,24,150,6,137,117,113,66,176,160,45,121];False
6240;6654;12894;[73,154,49,86,54,120,89,160,6,18,185,175,12,7,85,15,135,198,19,33,183,17,143,38,178,41,197,123,29,71,44,91,52,2,83,59,93,138,124,94,118,48,146,90,149,163,186,148,173,116,65,192,10,95,61,97,0,77,57,26,145,3,136,137,170,103,105,74,20,156,106,194,51,50,82,67,32,165,169,23,75,36,98,25,1,88,70,37,21,92,8,184,190,109,72,78,111,128,171,110,80,100,30,114,182,139,125,187,158,62,189,130,5,122,157,84,131,79,42,27,193,172,39,107,55,14,147,196,167,40,87,181,68,9,28,162,108,102,132,144,56,63,140,99,34,159,164,69,35,161,191,152,101,134,112,104,31,53,180,4,188,168,155,126,16,142,115,127,60,179,47,43,133,76,151,141,11,58,64,96,177,199,166,22,195,119,81,153,129,24,150,174,13,117,113,66,176,46,45,121];False
6175;6662;12837;[73,154,49,86,54,120,89,46,6,101,185,175,12,7,85,15,135,198,19,33,183,17,143,38,178,41,197,123,29,71,44,91,52,2,83,59,93,138,124,94,118,48,146,90,149,163,186,148,173,116,65,192,10,95,61,97,0,77,57,26,145,3,136,137,170,103,105,74,20,156,106,194,51,50,82,67,32,165,169,23,75,36,98,25,1,88,70,37,21,92,8,184,190,109,72,78,111,128,171,110,80,100,30,114,182,139,125,187,158,62,189,130,5,122,157,84,131,79,42,27,193,172,39,107,55,14,147,196,167,40,87,181,68,9,28,162,108,102,132,144,56,63,140,99,34,159,164,69,35,161,191,152,18,134,112,104,31,53,180,4,188,168,155,126,16,142,115,127,60,179,47,43,133,76,151,141,11,58,64,96,177,199,166,22,195,119,81,153,129,24,150,174,13,117,113,66,176,160,45,121];False
6075;6665;12740;[73,154,49,86,54,120,89,46,6,18,185,175,12,7,85,15,135,37,19,33,183,17,143,38,178,41,197,123,29,71,44,91,52,2,83,59,93,138,124,94,118,48,146,90,149,163,186,148,173,116,65,192,10,95,61,97,0,77,57,26,145,3,136,137,170,103,105,74,20,156,106,194,51,50,82,67,32,165,169,23,75,36,98,25,1,88,70,198,21,92,8,184,190,109,72,78,111,128,171,110,80,100,30,114,182,139,125,187,158,62,189,130,5,122,157,84,131,79,42,27,193,172,39,107,55,14,147,196,167,40,87,181,68,9,28,162,108,102,132,144,56,63,140,99,34,159,164,69,35,161,191,152,101,134,112,104,31,53,180,4,188,168,155,126,16,142,115,127,60,179,47,43,133,76,151,141,11,58,64,96,177,199,166,22,195,119,81,153,129,24,150,174,13,117,113,66,176,160,45,121];False
6163;6661;12824;[73,154,137,133,54,120,89,160,6,18,185,175,12,7,85,15,135,198,19,33,183,17,143,38,178,41,197,123,29,71,44,91,52,2,83,59,93,138,124,94,118,48,146,90,149,163,186,148,173,116,65,192,10,95,61,97,0,77,57,26,145,3,136,49,170,103,105,74,20,156,106,194,51,50,82,67,32,165,169,23,75,36,98,25,1,88,70,37,21,92,8,184,190,109,72,78,111,128,171,110,80,100,30,114,182,139,125,187,158,62,189,130,5,122,157,84,131,79,42,27,193,172,39,107,55,14,147,196,167,40,87,181,68,9,28,162,108,102,132,144,56,63,140,99,34,159,164,69,35,161,191,152,101,134,112,104,31,53,180,4,188,168,155,126,16,142,115,127,60,179,47,43,86,76,151,141,11,58,64,96,177,199,166,22,195,119,81,153,129,24,150,174,13,117,113,66,176,46,45,121];False
6113;6664;12777;[73,154,137,86,54,120,89,145,6,18,185,175,12,7,85,15,135,198,19,33,183,17,143,38,178,41,197,123,29,71,44,91,52,2,83,59,93,138,124,94,118,48,146,90,149,163,186,148,173,116,65,192,10,95,61,97,0,77,57,26,160,3,136,49,170,103,105,74,20,156,106,194,51,50,82,67,32,165,169,23,75,36,98,25,1,88,70,37,21,92,8,184,190,109,72,78,111,128,171,110,80,100,30,114,182,139,125,187,158,62,189,130,5,122,157,84,131,79,42,27,193,172,39,107,55,14,147,196,167,40,87,181,68,9,28,162,108,102,132,144,56,63,140,99,34,159,164,69,35,161,191,152,101,134,112,104,31,53,180,4,188,168,155,126,16,142,115,127,60,179,47,43,133,76,151,141,11,58,64,96,177,199,166,22,195,119,81,153,129,24,150,174,13,117,113,66,176,46,45,121];False
6173;6657;12830;[73,154,137,86,54,120,89,3,6,18,185,175,12,7,85,15,135,198,19,33,183,17,143,38,178,41,197,123,29,71,44,91,52,2,83,59,93,138,124,94,118,48,146,90,149,163,186,148,173,116,65,192,10,95,61,97,0,77,57,26,145,160,136,49,170,103,105,74,20,156,106,194,51,50,82,67,32,165,169,23,75,36,98,25,1,88,70,37,21,92,8,184,190,109,72,78,111,128,171,110,80,100,30,114,182,139,125,187,158,62,189,130,5,122,157,84,131,79,42,27,193,172,39,107,55,14,147,196,167,40,87,181,68,9,28,162,108,102,132,144,56,63,140,99,34,159,164,69,35,161,191,152,101,134,112,104,31,53,180,4,188,168,155,126,16,142,115,127,60,179,47,43,133,76,151,141,11,58,64,96,177,199,166,22,195,119,81,153,129,24,150,174,13,117,113,66,176,46,45,121];False
6134;6654;12788;[73,154,137,86,54,120,89,69,6,18,185,175,12,7,85,15,135,198,19,33,183,17,143,38,178,41,197,123,29,71,44,91,52,2,83,59,93,138,124,94,118,48,146,90,149,163,186,148,173,116,65,192,10,95,61,97,0,77,57,26,145,3,136,49,170,103,105,74,20,156,106,194,51,50,82,67,32,165,169,23,75,36,98,25,1,88,70,37,21,92,8,184,190,109,72,78,111,128,171,110,80,100,30,114,182,139,125,187,158,62,189,130,5,122,157,84,131,79,42,27,193,172,39,107,55,14,147,196,167,40,87,181,68,9,28,162,108,102,132,144,56,63,140,99,34,159,164,160,35,161,191,152,101,134,112,104,31,53,180,4,188,168,155,126,16,142,115,127,60,179,47,43,133,76,151,141,11,58,64,96,177,199,166,22,195,119,81,153,129,24,150,174,13,117,113,66,176,46,45,121];False
6020;6675;12695;[73,154,18,86,54,120,89,46,6,137,185,175,12,7,85,15,135,37,19,33,183,17,143,38,178,41,197,123,29,71,44,91,52,2,83,59,93,138,124,94,118,48,146,90,149,163,186,148,173,116,65,192,10,95,61,97,0,77,57,26,145,3,136,49,170,103,105,74,20,156,106,194,51,50,82,67,32,165,169,23,75,36,98,25,1,88,70,198,21,92,8,184,190,109,72,78,111,128,171,110,80,100,30,114,182,139,125,187,158,62,189,130,5,122,157,84,131,79,42,27,193,172,39,107,55,14,147,196,167,40,87,181,68,9,28,162,108,102,132,144,56,63,140,99,34,159,164,69,35,161,191,152,101,134,112,104,31,53,180,4,188,168,155,126,16,142,115,127,60,179,47,43,133,76,151,141,11,58,64,96,177,199,166,22,195,119,81,153,129,24,150,174,13,117,113,66,176,160,45,121];False
6015;6673;12688;[73,154,137,185,54,120,89,46,6,18,86,175,12,7,85,15,135,37,19,33,183,17,143,38,178,41,197,123,29,71,44,91,52,2,83,59,93,138,124,94,118,48,146,90,149,163,186,148,173,116,65,192,10,95,61,97,0,77,57,26,145,3,136,49,170,103,105,74,20,156,106,194,51,50,82,67,32,165,169,23,75,36,98,25,1,88,70,198,21,92,8,184,190,109,72,78,111,128,171,110,80,100,30,114,182,139,125,187,158,62,189,130,5,122,157,84,131,79,42,27,193,172,39,107,55,14,147,196,167,40,87,181,68,9,28,162,108,102,132,144,56,63,140,99,34,159,164,69,35,161,191,152,101,134,112,104,31,53,180,4,188,168,155,126,16,142,115,127,60,179,47,43,133,76,151,141,11,58,64,96,177,199,166,22,195,119,81,153,129,24,150,174,13,117,113,66,176,160,45,121];False
5998;6672;12670;[73,154,137,133,54,120,89,46,6,18,185,175,12,7,85,15,135,37,19,33,183,17,143,38,178,41,197,123,29,71,44,91,52,2,83,59,93,138,124,94,118,48,146,90,149,163,186,148,173,116,65,192,10,95,61,97,0,77,57,26,145,3,136,49,170,103,105,74,20,156,106,194,51,50,82,67,32,165,169,23,75,36,98,25,1,88,70,198,21,92,8,184,190,109,72,78,111,128,171,110,80,100,30,114,182,139,125,187,158,62,189,130,5,122,157,84,131,79,42,27,193,172,39,107,55,14,147,196,167,40,87,181,68,9,28,162,108,102,132,144,56,63,140,99,34,159,164,69,35,161,191,152,101,134,112,104,31,53,180,4,188,168,155,126,16,142,115,127,60,179,47,43,86,76,151,141,11,58,64,96,177,199,166,22,195,119,81,153,129,24,150,174,13,117,113,66,176,160,45,121];False
5958;6676;12634;[73,154,137,86,54,52,89,46,6,18,185,175,12,7,85,15,135,37,19,33,183,17,143,38,178,41,197,123,29,71,44,91,120,2,83,59,93,138,124,94,118,48,146,90,149,163,186,148,173,116,65,192,10,95,61,97,0,77,57,26,145,3,136,49,170,103,105,74,20,156,106,194,51,50,82,67,32,165,169,23,75,36,98,25,1,88,70,198,21,92,8,184,190,109,72,78,111,128,171,110,80,100,30,114,182,139,125,187,158,62,189,130,5,122,157,84,131,79,42,27,193,172,39,107,55,14,147,196,167,40,87,181,68,9,28,162,108,102,132,144,56,63,140,99,34,159,164,69,35,161,191,152,101,134,112,104,31,53,180,4,188,168,155,126,16,142,115,127,60,179,47,43,133,76,151,141,11,58,64,96,177,199,166,22,195,119,81,153,129,24,150,174,13,117,113,66,176,160,45,121];False
6015;6668;12683;[73,154,137,86,54,120,89,69,6,18,185,175,12,7,85,15,135,37,19,33,183,17,143,38,178,41,197,123,29,71,44,91,52,2,83,59,93,138,124,94,118,48,146,90,149,163,186,148,173,116,65,192,10,95,61,97,0,77,57,26,145,3,136,49,170,103,105,74,20,156,106,194,51,50,82,67,32,165,169,23,75,36,98,25,1,88,70,198,21,92,8,184,190,109,72,78,111,128,171,110,80,100,30,114,182,139,125,187,158,62,189,130,5,122,157,84,131,79,42,27,193,172,39,107,55,14,147,196,167,40,87,181,68,9,28,162,108,102,132,144,56,63,140,99,34,159,164,46,35,161,191,152,101,134,112,104,31,53,180,4,188,168,155,126,16,142,115,127,60,179,47,43,133,76,151,141,11,58,64,96,177,199,166,22,195,119,81,153,129,24,150,174,13,117,113,66,176,160,45,121];False
6063;6666;12729;[73,154,137,86,54,120,89,46,32,18,185,175,12,7,85,15,135,37,19,33,183,17,143,38,178,41,197,123,29,71,44,91,52,2,83,59,93,138,124,94,118,48,146,90,149,163,186,148,173,116,65,192,10,95,61,97,0,77,57,26,145,3,136,49,170,103,105,74,20,156,106,194,51,50,82,67,6,165,169,23,75,36,98,25,1,88,70,198,21,92,8,184,190,109,72,78,111,128,171,110,80,100,30,114,182,139,125,187,158,62,189,130,5,122,157,84,131,79,42,27,193,172,39,107,55,14,147,196,167,40,87,181,68,9,28,162,108,102,132,144,56,63,140,99,34,159,164,69,35,161,191,152,101,134,112,104,31,53,180,4,188,168,155,126,16,142,115,127,60,179,47,43,133,76,151,141,11,58,64,96,177,199,166,22,195,119,81,153,129,24,150,174,13,117,113,66,176,160,45,121];False
6098;6663;12761;[73,154,137,86,54,120,89,46,152,18,185,175,12,7,85,15,135,37,19,33,183,17,143,38,178,41,197,123,29,71,44,91,52,2,83,59,93,138,124,94,118,48,146,90,149,163,186,148,173,116,65,192,10,95,61,97,0,77,57,26,145,3,136,49,170,103,105,74,20,156,106,194,51,50,82,67,32,165,169,23,75,36,98,25,1,88,70,198,21,92,8,184,190,109,72,78,111,128,171,110,80,100,30,114,182,139,125,187,158,62,189,130,5,122,157,84,131,79,42,27,193,172,39,107,55,14,147,196,167,40,87,181,68,9,28,162,108,102,132,144,56,63,140,99,34,159,164,69,35,161,191,6,101,134,112,104,31,53,180,4,188,168,155,126,16,142,115,127,60,179,47,43,133,76,151,141,11,58,64,96,177,199,166,22,195,119,81,153,129,24,150,174,13,117,113,66,176,160,45,121];False
6081;6664;12745;[73,154,137,86,54,120,89,46,6,101,185,175,12,7,85,15,135,37,19,33,183,17,143,38,178,41,197,123,29,71,44,91,52,2,83,59,93,138,124,94,118,48,146,90,149,163,186,148,173,116,65,192,10,95,61,97,0,77,57,26,145,3,136,49,170,103,105,74,20,156,106,194,51,50,82,67,32,165,169,23,75,36,98,25,1,88,70,198,21,92,8,184,190,109,72,78,111,128,171,110,80,100,30,114,182,139,125,187,158,62,189,130,5,122,157,84,131,79,42,27,193,172,39,107,55,14,147,196,167,40,87,181,68,9,28,162,108,102,132,144,56,63,140,99,34,159,164,69,35,161,191,152,18,134,112,104,31,53,180,4,188,168,155,126,16,142,115,127,60,179,47,43,133,76,151,141,11,58,64,96,177,199,166,22,195,119,81,153,129,24,150,174,13,117,113,66,176,160,45,121];False
5996;6673;12669;[73,154,137,86,54,120,89,46,6,18,185,175,12,7,93,15,135,37,19,33,183,17,143,38,178,41,197,123,29,71,44,91,52,2,83,59,85,138,124,94,118,48,146,90,149,163,186,148,173,116,65,192,10,95,61,97,0,77,57,26,145,3,136,49,170,103,105,74,20,156,106,194,51,50,82,67,32,165,169,23,75,36,98,25,1,88,70,198,21,92,8,184,190,109,72,78,111,128,171,110,80,100,30,114,182,139,125,187,158,62,189,130,5,122,157,84,131,79,42,27,193,172,39,107,55,14,147,196,167,40,87,181,68,9,28,162,108,102,132,144,56,63,140,99,34,159,164,69,35,161,191,152,101,134,112,104,31,53,180,4,188,168,155,126,16,142,115,127,60,179,47,43,133,76,151,141,11,58,64,96,177,199,166,22,195,119,81,153,129,24,150,174,13,117,113,66,176,160,45,121];False
5991;6665;12656;[73,154,137,86,54,120,89,46,6,18,185,175,12,7,85,15,135,20,19,33,183,17,143,38,178,41,197,123,29,71,44,91,52,2,83,59,93,138,124,94,118,48,146,90,149,163,186,148,173,116,65,192,10,95,61,97,0,77,57,26,145,3,136,49,170,103,105,74,37,156,106,194,51,50,82,67,32,165,169,23,75,36,98,25,1,88,70,198,21,92,8,184,190,109,72,78,111,128,171,110,80,100,30,114,182,139,125,187,158,62,189,130,5,122,157,84,131,79,42,27,193,172,39,107,55,14,147,196,167,40,87,181,68,9,28,162,108,102,132,144,56,63,140,99,34,159,164,69,35,161,191,152,101,134,112,104,31,53,180,4,188,168,155,126,16,142,115,127,60,179,47,43,133,76,151,141,11,58,64,96,177,199,166,22,195,119,81,153,129,24,150,174,13,117,113,66,176,160,45,121];False
6717;6653;13370;[198,174,196,83,86,128,42,119,132,89,137,133,12,185,54,52,189,28,38,14,136,118,10,36,184,66,46,44,23,190,109,48,73,74,143,91,69,159,188,65,37,8,71,56,92,90,131,59,93,3,169,142,191,61,145,94,13,111,7,77,176,35,97,171,57,2,167,107,123,50,146,51,20,17,82,78,170,18,75,161,115,25,105,4,6,88,70,108,21,106,154,122,197,162,125,163,158,110,129,24,130,127,30,114,182,139,178,72,101,175,85,1,117,120,157,173,186,79,141,27,193,172,39,32,55,155,33,192,165,40,87,181,68,9,103,140,147,67,95,144,156,180,15,135,53,183,164,41,149,152,102,62,11,134,112,104,99,63,31,34,138,168,29,126,16,194,19,49,60,179,5,43,187,76,151,148,80,58,64,96,177,199,166,22,195,98,81,153,47,26,150,84,100,0,113,116,124,160,45,121];False
6719;6652;13371;[198,84,67,83,86,128,42,119,132,89,137,133,12,185,54,52,189,28,38,14,136,118,10,36,184,66,46,44,23,190,109,48,73,74,143,91,69,159,188,65,37,8,71,56,92,90,131,59,93,3,169,142,191,61,145,94,13,111,7,77,176,35,97,171,57,2,167,107,123,50,146,51,20,17,82,78,170,18,75,161,115,25,105,4,6,88,70,108,21,106,154,122,197,162,125,163,158,110,129,24,130,127,30,114,182,139,178,72,101,175,85,1,117,120,157,173,186,79,141,27,193,172,39,32,55,155,33,192,165,40,87,181,68,9,103,140,147,196,95,144,156,180,15,135,53,183,164,41,149,152,102,62,11,134,112,104,99,63,31,34,138,168,29,126,16,194,19,49,60,179,5,43,187,76,151,148,80,58,64,96,177,199,166,22,195,98,81,153,47,26,150,174,100,0,113,116,124,160,45,121];False
6891;6643;13534;[198,174,67,83,86,128,42,119,132,75,137,133,12,185,54,52,189,28,38,14,136,118,10,36,184,66,46,44,23,190,109,48,73,74,143,91,69,159,188,135,37,8,71,56,92,90,131,59,93,3,169,142,191,61,145,94,13,111,7,77,176,35,97,171,57,2,167,107,123,50,146,51,20,17,82,78,170,18,89,161,115,25,105,4,6,88,70,108,21,106,154,122,197,162,125,163,158,110,129,24,130,127,30,114,182,139,178,72,101,175,85,1,117,120,157,173,186,79,141,27,193,172,39,32,55,155,33,192,165,40,87,181,68,9,103,140,147,196,95,144,156,180,15,65,53,183,164,41,149,152,102,62,11,134,112,104,99,63,31,34,138,168,29,126,16,194,19,49,60,179,5,43,187,76,151,148,80,58,64,96,177,199,166,22,195,98,81,153,47,26,150,84,100,0,113,116,124,160,45,121];False
6868;6645;13513;[198,174,67,83,86,128,42,119,132,89,137,133,12,185,54,52,189,28,38,14,136,145,10,36,184,66,46,44,23,190,109,48,73,74,143,91,69,159,188,135,37,8,71,56,92,90,131,59,93,3,169,142,191,61,118,94,13,111,7,77,176,35,97,171,57,2,167,107,123,50,146,51,20,17,82,78,170,18,75,161,115,25,105,4,6,88,70,108,21,106,154,122,197,162,125,163,158,110,129,24,130,127,30,114,182,139,178,72,101,175,85,1,117,120,157,173,186,79,141,27,193,172,39,32,55,155,33,192,165,40,87,181,68,9,103,140,147,196,95,144,156,180,15,65,53,183,164,41,149,152,102,62,11,134,112,104,99,63,31,34,138,168,29,126,16,194,19,49,60,179,5,43,187,76,151,148,80,58,64,96,177,199,166,22,195,98,81,153,47,26,150,84,100,0,113,116,124,160,45,121];False
6806;6651;13457;[198,174,67,83,86,128,42,119,132,89,137,133,12,185,54,52,189,28,38,14,136,118,10,36,71,66,46,44,23,190,109,48,73,74,143,91,69,159,188,135,37,8,184,56,92,90,131,59,93,3,169,142,191,61,145,94,13,111,7,77,176,35,97,171,57,2,167,107,123,50,146,51,20,17,82,78,170,18,75,161,115,25,105,4,6,88,70,108,21,106,154,122,197,162,125,163,158,110,129,24,130,127,30,114,182,139,178,72,101,175,85,1,117,120,157,173,186,79,141,27,193,172,39,32,55,155,33,192,165,40,87,181,68,9,103,140,147,196,95,144,156,180,15,65,53,183,164,41,149,152,102,62,11,134,112,104,99,63,31,34,138,168,29,126,16,194,19,49,60,179,5,43,187,76,151,148,80,58,64,96,177,199,166,22,195,98,81,153,47,26,150,84,100,0,113,116,124,160,45,121];False
6724;6649;13373;[198,174,67,83,86,128,42,119,132,89,137,133,12,185,54,52,189,28,38,14,136,118,10,36,184,66,46,44,23,190,109,48,73,74,143,91,69,159,188,65,37,8,71,56,92,90,131,59,93,3,169,142,191,61,145,94,13,111,7,77,176,35,97,171,57,2,167,107,123,50,146,51,20,17,82,78,170,18,75,161,115,25,105,4,6,88,70,108,21,106,154,122,197,162,125,163,158,110,129,24,130,127,30,114,182,139,178,72,101,175,85,1,117,120,157,173,186,79,141,27,193,172,39,32,55,155,33,192,165,40,87,181,68,9,103,140,147,196,95,144,156,180,15,135,53,183,164,41,149,152,102,62,11,134,112,104,99,63,31,34,138,168,29,126,16,194,19,49,60,179,5,43,187,76,151,148,80,58,64,96,177,199,166,22,195,98,81,153,47,26,150,84,100,0,113,116,124,160,45,121];False
7207;6620;13827;[198,174,67,83,86,128,141,119,132,75,137,133,12,185,54,52,189,28,38,14,72,118,10,36,184,66,46,44,23,190,109,48,73,74,143,91,69,159,15,135,37,8,71,56,92,90,131,59,93,3,169,142,191,61,145,94,13,111,7,77,176,35,97,171,57,2,167,107,123,50,146,51,20,17,82,78,170,18,89,161,115,25,105,4,6,88,70,108,21,106,154,122,197,162,125,163,158,110,129,24,130,127,30,114,182,139,178,136,101,175,85,1,117,120,157,173,186,79,42,27,193,172,39,32,55,155,33,192,165,40,87,181,68,9,103,140,147,196,95,144,156,180,188,65,53,183,164,41,149,152,102,62,11,134,112,104,99,63,31,34,138,168,29,126,16,194,19,49,60,179,5,43,187,76,151,148,80,58,64,96,177,199,166,22,195,98,81,153,47,26,150,84,100,0,113,116,124,160,45,121];False
6909;6641;13550;[198,174,67,83,86,128,141,119,132,75,137,133,12,185,54,52,189,28,38,14,136,118,10,36,184,66,46,44,23,190,109,48,73,74,143,91,69,159,188,135,37,8,71,56,92,90,131,59,93,3,169,142,191,61,145,94,13,111,7,77,176,35,97,171,57,2,167,107,123,50,146,51,20,17,82,78,170,18,89,161,115,25,105,4,6,88,70,108,21,106,154,122,197,162,125,163,158,110,129,24,130,127,30,114,182,139,178,72,101,175,85,1,117,120,157,173,186,79,42,27,193,172,39,32,55,155,33,192,165,40,87,181,68,9,103,140,147,196,95,144,156,180,15,65,53,183,164,41,149,152,102,62,11,134,112,104,99,63,31,34,138,168,29,126,16,194,19,49,60,179,5,43,187,76,151,148,80,58,64,96,177,199,166,22,195,98,81,153,47,26,150,84,100,0,113,116,124,160,45,121];False
6991;6636;13627;[198,174,67,83,86,128,141,119,132,75,137,133,12,185,54,52,189,28,38,14,136,118,10,36,184,66,46,44,23,190,109,48,73,74,143,91,69,159,15,135,37,34,71,56,92,90,131,59,93,3,169,142,191,61,145,94,13,111,7,77,176,35,97,171,57,2,167,107,123,50,146,51,20,17,82,78,170,18,89,161,115,25,105,4,6,88,70,108,21,106,154,122,197,162,125,163,158,110,129,24,130,127,30,114,182,139,178,72,101,175,85,1,117,120,157,173,186,79,42,27,193,172,39,32,55,155,33,192,165,40,87,181,68,9,103,140,147,196,95,144,156,180,188,65,53,183,164,41,149,152,102,62,11,134,112,104,99,63,31,8,138,168,29,126,16,194,19,49,60,179,5,43,187,76,151,148,80,58,64,96,177,199,166,22,195,98,81,153,47,26,150,84,100,0,113,116,124,160,45,121];False
6886;6643;13529;[198,174,67,83,86,128,141,119,132,89,137,133,12,185,54,52,189,28,38,14,136,145,10,36,184,66,46,44,23,190,109,48,73,74,143,91,69,159,188,135,37,8,71,56,92,90,131,59,93,3,169,142,191,61,118,94,13,111,7,77,176,35,97,171,57,2,167,107,123,50,146,51,20,17,82,78,170,18,75,161,115,25,105,4,6,88,70,108,21,106,154,122,197,162,125,163,158,110,129,24,130,127,30,114,182,139,178,72,101,175,85,1,117,120,157,173,186,79,42,27,193,172,39,32,55,155,33,192,165,40,87,181,68,9,103,140,147,196,95,144,156,180,15,65,53,183,164,41,149,152,102,62,11,134,112,104,99,63,31,34,138,168,29,126,16,194,19,49,60,179,5,43,187,76,151,148,80,58,64,96,177,199,166,22,195,98,81,153,47,26,150,84,100,0,113,116,124,160,45,121];False
6862;6646;13508;[198,174,67,83,86,128,141,119,132,89,137,133,12,185,54,52,189,28,38,14,136,118,10,36,145,66,46,44,23,190,109,48,73,74,143,91,69,159,188,135,37,8,71,56,92,90,131,59,93,3,169,142,191,61,184,94,13,111,7,77,176,35,97,171,57,2,167,107,123,50,146,51,20,17,82,78,170,18,75,161,115,25,105,4,6,88,70,108,21,106,154,122,197,162,125,163,158,110,129,24,130,127,30,114,182,139,178,72,101,175,85,1,117,120,157,173,186,79,42,27,193,172,39,32,55,155,33,192,165,40,87,181,68,9,103,140,147,196,95,144,156,180,15,65,53,183,164,41,149,152,102,62,11,134,112,104,99,63,31,34,138,168,29,126,16,194,19,49,60,179,5,43,187,76,151,148,80,58,64,96,177,199,166,22,195,98,81,153,47,26,150,84,100,0,113,116,124,160,45,121];False
6742;6647;13389;[198,174,67,83,86,128,141,119,132,89,137,133,12,185,54,52,189,28,38,14,136,118,10,36,184,66,46,44,23,190,109,48,73,74,143,91,69,159,188,65,37,8,71,56,92,90,131,59,93,3,169,142,191,61,145,94,13,111,7,77,176,35,97,171,57,2,167,107,123,50,146,51,20,17,82,78,170,18,75,161,115,25,105,4,6,88,70,108,21,106,154,122,197,162,125,163,158,110,129,24,130,127,30,114,182,139,178,72,101,175,85,1,117,120,157,173,186,79,42,27,193,172,39,32,55,155,33,192,165,40,87,181,68,9,103,140,147,196,95,144,156,180,15,135,53,183,164,41,149,152,102,62,11,134,112,104,99,63,31,34,138,168,29,126,16,194,19,49,60,179,5,43,187,76,151,148,80,58,64,96,177,199,166,22,195,98,81,153,47,26,150,84,100,0,113,116,124,160,45,121];False
6858;6646;13504;[198,84,67,163,158,60,42,47,189,75,137,133,5,185,54,52,89,28,38,14,72,118,10,36,184,66,46,44,23,190,109,56,73,74,143,91,69,159,15,135,37,8,71,48,92,90,131,59,93,3,169,142,191,61,145,94,13,111,7,77,176,35,97,171,57,2,167,107,123,50,146,51,20,17,82,78,170,18,132,161,115,25,105,4,6,88,70,108,21,106,154,122,197,162,125,49,86,110,129,24,130,127,30,114,182,139,178,136,101,175,85,1,117,120,157,173,186,79,179,27,193,172,39,32,55,155,33,192,165,40,87,181,68,9,103,140,147,196,95,144,156,180,188,65,53,183,164,41,149,152,102,62,98,134,112,104,99,63,31,34,138,168,29,126,16,194,19,83,128,141,12,43,187,76,151,148,80,58,64,96,177,199,166,22,195,119,81,153,11,26,150,174,100,0,113,116,124,160,45,121];False
6888;6640;13528;[198,84,67,163,158,60,42,47,189,75,137,133,12,185,54,52,89,191,38,14,72,118,10,36,184,66,46,44,23,190,109,56,73,74,143,91,69,159,15,135,37,8,71,48,92,90,131,59,93,3,169,142,28,61,145,94,13,111,7,77,176,35,97,171,57,2,167,107,123,50,146,51,20,17,82,78,170,18,132,161,115,25,105,4,6,88,70,108,21,106,154,122,197,162,125,49,86,110,129,24,130,127,30,114,182,139,178,136,101,175,85,1,117,120,157,173,186,79,179,27,193,172,39,32,55,155,33,192,165,40,87,181,68,9,103,140,147,196,95,144,156,180,188,65,53,183,164,41,149,152,102,62,98,134,112,104,99,63,31,34,138,168,29,126,16,194,19,83,128,141,5,43,187,76,151,148,80,58,64,96,177,199,166,22,195,119,81,153,11,26,150,174,100,0,113,116,124,160,45,121];False
6863;6643;13506;[198,174,67,163,158,60,42,47,189,75,137,133,5,185,54,52,89,28,38,14,72,118,10,36,184,66,46,44,23,190,109,56,73,74,143,91,69,159,15,135,37,8,71,48,92,90,131,59,93,3,169,142,191,61,145,94,13,111,7,77,176,35,97,171,57,2,167,107,123,50,146,51,20,17,82,78,170,18,132,161,115,25,105,4,6,88,70,108,21,106,154,122,197,162,125,49,86,110,129,24,130,127,30,114,182,139,178,136,101,175,85,1,117,120,157,173,186,79,179,27,193,172,39,32,55,155,33,192,165,40,87,181,68,9,103,140,147,196,95,144,156,180,188,65,53,183,164,41,149,152,102,62,98,134,112,104,99,63,31,34,138,168,29,126,16,194,19,83,128,141,12,43,187,76,151,148,80,58,64,96,177,199,166,22,195,119,81,153,11,26,150,84,100,0,113,116,124,160,45,121];False
6893;6637;13530;[198,174,67,163,158,60,42,47,189,75,137,133,12,185,54,52,89,191,38,14,72,118,10,36,184,66,46,44,23,190,109,56,73,74,143,91,69,159,15,135,37,8,71,48,92,90,131,59,93,3,169,142,28,61,145,94,13,111,7,77,176,35,97,171,57,2,167,107,123,50,146,51,20,17,82,78,170,18,132,161,115,25,105,4,6,88,70,108,21,106,154,122,197,162,125,49,86,110,129,24,130,127,30,114,182,139,178,136,101,175,85,1,117,120,157,173,186,79,179,27,193,172,39,32,55,155,33,192,165,40,87,181,68,9,103,140,147,196,95,144,156,180,188,65,53,183,164,41,149,152,102,62,98,134,112,104,99,63,31,34,138,168,29,126,16,194,19,83,128,141,5,43,187,76,151,148,80,58,64,96,177,199,166,22,195,119,81,153,11,26,150,84,100,0,113,116,124,160,45,121];False
6999;6635;13634;[34,84,67,163,158,60,179,47,189,75,137,133,5,185,54,52,89,28,38,14,72,118,10,36,184,66,46,44,23,190,109,56,73,74,143,91,69,159,15,135,37,8,71,48,92,90,131,59,93,3,169,142,191,61,145,94,13,111,7,77,176,35,97,171,57,2,167,107,123,50,146,51,20,17,82,78,170,18,132,161,115,25,105,4,6,88,70,108,21,106,154,122,197,162,125,49,86,110,129,24,130,127,30,114,182,139,178,136,101,175,85,1,117,120,157,173,186,79,42,27,193,172,39,32,55,155,33,192,165,40,87,181,68,9,103,140,147,196,95,144,156,180,188,65,53,183,164,41,149,152,102,62,98,134,112,104,99,63,31,198,138,168,29,126,16,194,19,83,128,141,12,43,187,76,151,148,80,58,64,96,177,199,166,22,195,119,81,153,11,26,150,174,100,0,113,116,124,160,45,121];False
7005;6631;13636;[198,84,67,163,158,60,179,47,189,75,137,170,5,185,54,52,89,28,38,14,72,118,10,36,184,66,46,44,23,190,109,56,73,74,143,91,69,159,15,135,37,8,71,48,92,90,131,59,93,3,169,142,191,61,145,94,13,111,7,77,176,35,97,171,57,2,167,107,123,50,146,51,20,17,82,78,133,18,132,161,115,25,105,4,6,88,70,108,21,106,154,122,197,162,125,49,86,110,129,24,130,127,30,114,182,139,178,136,101,175,85,1,117,120,157,173,186,79,42,27,193,172,39,32,55,155,33,192,165,40,87,181,68,9,103,140,147,196,95,144,156,180,188,65,53,183,164,41,149,152,102,62,98,134,112,104,99,63,31,34,138,168,29,126,16,194,19,83,128,141,12,43,187,76,151,148,80,58,64,96,177,199,166,22,195,119,81,153,11,26,150,174,100,0,113,116,124,160,45,121];False
6985;6635;13620;[198,84,67,163,158,60,179,47,189,75,137,133,18,185,54,52,89,28,38,14,72,118,10,36,184,66,46,44,23,190,109,56,73,74,143,91,69,159,15,135,37,8,71,48,92,90,131,59,93,3,169,142,191,61,145,94,13,111,7,77,176,35,97,171,57,2,167,107,123,50,146,51,20,17,82,78,170,5,132,161,115,25,105,4,6,88,70,108,21,106,154,122,197,162,125,49,86,110,129,24,130,127,30,114,182,139,178,136,101,175,85,1,117,120,157,173,186,79,42,27,193,172,39,32,55,155,33,192,165,40,87,181,68,9,103,140,147,196,95,144,156,180,188,65,53,183,164,41,149,152,102,62,98,134,112,104,99,63,31,34,138,168,29,126,16,194,19,83,128,141,12,43,187,76,151,148,80,58,64,96,177,199,166,22,195,119,81,153,11,26,150,174,100,0,113,116,124,160,45,121];False
6963;6633;13596;[198,84,67,163,158,60,179,47,189,75,137,133,5,185,54,52,89,191,38,14,72,118,10,36,184,66,46,44,23,190,109,56,73,74,143,91,69,159,15,135,37,8,71,48,92,90,131,59,93,3,169,142,28,61,145,94,13,111,7,77,176,35,97,171,57,2,167,107,123,50,146,51,20,17,82,78,170,18,132,161,115,25,105,4,6,88,70,108,21,106,154,122,197,162,125,49,86,110,129,24,130,127,30,114,182,139,178,136,101,175,85,1,117,120,157,173,186,79,42,27,193,172,39,32,55,155,33,192,165,40,87,181,68,9,103,140,147,196,95,144,156,180,188,65,53,183,164,41,149,152,102,62,98,134,112,104,99,63,31,34,138,168,29,126,16,194,19,83,128,141,12,43,187,76,151,148,80,58,64,96,177,199,166,22,195,119,81,153,11,26,150,174,100,0,113,116,124,160,45,121];False
7029;6629;13658;[34,84,67,163,158,60,179,47,189,75,137,133,12,185,54,52,89,191,38,14,72,118,10,36,184,66,46,44,23,190,109,56,73,74,143,91,69,159,15,135,37,8,71,48,92,90,131,59,93,3,169,142,28,61,145,94,13,111,7,77,176,35,97,171,57,2,167,107,123,50,146,51,20,17,82,78,170,18,132,161,115,25,105,4,6,88,70,108,21,106,154,122,197,162,125,49,86,110,129,24,130,127,30,114,182,139,178,136,101,175,85,1,117,120,157,173,186,79,42,27,193,172,39,32,55,155,33,192,165,40,87,181,68,9,103,140,147,196,95,144,156,180,188,65,53,183,164,41,149,152,102,62,98,134,112,104,99,63,31,198,138,168,29,126,16,194,19,83,128,141,5,43,187,76,151,148,80,58,64,96,177,199,166,22,195,119,81,153,11,26,150,174,100,0,113,116,124,160,45,121];False
7194;6621;13815;[198,84,67,163,158,60,179,47,189,75,137,133,12,185,54,57,89,191,38,14,72,118,10,36,184,66,46,44,23,190,109,56,73,74,143,91,69,159,15,135,37,8,71,48,92,90,131,59,93,3,169,142,28,61,145,94,13,111,7,77,176,35,97,171,52,2,167,107,123,50,146,51,20,17,82,78,170,18,132,161,115,25,105,4,6,88,70,108,21,106,154,122,197,162,125,49,86,110,129,24,130,127,30,114,182,139,178,136,101,175,85,1,117,120,157,173,186,79,42,27,193,172,39,32,55,155,33,192,165,40,87,181,68,9,103,140,147,196,95,144,156,180,188,65,53,183,164,41,149,152,102,62,98,134,112,104,99,63,31,34,138,168,29,126,16,194,19,83,128,141,5,43,187,76,151,148,80,58,64,96,177,199,166,22,195,119,81,153,11,26,150,174,100,0,113,116,124,160,45,121];False
6994;6630;13624;[198,84,67,163,158,60,179,47,189,75,137,133,12,185,54,52,89,23,38,14,72,118,10,36,184,66,46,44,191,190,109,56,73,74,143,91,69,159,15,135,37,8,71,48,92,90,131,59,93,3,169,142,28,61,145,94,13,111,7,77,176,35,97,171,57,2,167,107,123,50,146,51,20,17,82,78,170,18,132,161,115,25,105,4,6,88,70,108,21,106,154,122,197,162,125,49,86,110,129,24,130,127,30,114,182,139,178,136,101,175,85,1,117,120,157,173,186,79,42,27,193,172,39,32,55,155,33,192,165,40,87,181,68,9,103,140,147,196,95,144,156,180,188,65,53,183,164,41,149,152,102,62,98,134,112,104,99,63,31,34,138,168,29,126,16,194,19,83,128,141,5,43,187,76,151,148,80,58,64,96,177,199,166,22,195,119,81,153,11,26,150,174,100,0,113,116,124,160,45,121];False
6957;6632;13589;[198,84,67,163,158,60,179,47,189,75,137,133,12,185,54,52,89,191,38,14,178,118,10,36,184,66,46,44,23,190,109,56,73,74,143,91,69,159,15,135,37,8,71,48,92,90,131,59,93,3,169,142,28,61,145,94,13,111,7,77,176,35,97,171,57,2,167,107,123,50,146,51,20,17,82,78,170,18,132,161,115,25,105,4,6,88,70,108,21,106,154,122,197,162,125,49,86,110,129,24,130,127,30,114,182,139,72,136,101,175,85,1,117,120,157,173,186,79,42,27,193,172,39,32,55,155,33,192,165,40,87,181,68,9,103,140,147,196,95,144,156,180,188,65,53,183,164,41,149,152,102,62,98,134,112,104,99,63,31,34,138,168,29,126,16,194,19,83,128,141,5,43,187,76,151,148,80,58,64,96,177,199,166,22,195,119,81,153,11,26,150,174,100,0,113,116,124,160,45,121];False
6824;6643;13467;[198,84,67,163,158,60,179,47,189,75,137,133,12,185,54,52,89,191,38,14,136,118,10,36,184,66,46,44,23,190,109,56,73,74,143,91,69,159,15,135,37,8,71,48,92,90,131,59,93,3,169,142,28,61,145,94,13,111,7,77,176,35,97,171,57,2,167,107,123,50,146,51,20,17,82,78,170,18,132,161,115,25,105,4,6,88,70,108,21,106,154,122,197,162,125,49,86,110,129,24,130,127,30,114,182,139,178,72,101,175,85,1,117,120,157,173,186,79,42,27,193,172,39,32,55,155,33,192,165,40,87,181,68,9,103,140,147,196,95,144,156,180,188,65,53,183,164,41,149,152,102,62,98,134,112,104,99,63,31,34,138,168,29,126,16,194,19,83,128,141,5,43,187,76,151,148,80,58,64,96,177,199,166,22,195,119,81,153,11,26,150,174,100,0,113,116,124,160,45,121];False
6978;6627;13605;[198,84,67,163,158,60,179,47,189,75,137,133,12,185,54,52,89,191,38,14,124,118,10,36,184,66,46,44,23,190,109,56,73,74,143,91,69,159,15,135,37,8,71,48,92,90,131,59,93,3,169,142,28,61,145,94,13,111,7,77,176,35,97,171,57,2,167,107,123,50,146,51,20,17,82,78,170,18,132,161,115,25,105,4,6,88,70,108,21,106,154,122,197,162,125,49,86,110,129,24,130,127,30,114,182,139,178,136,101,175,85,1,117,120,157,173,186,79,42,27,193,172,39,32,55,155,33,192,165,40,87,181,68,9,103,140,147,196,95,144,156,180,188,65,53,183,164,41,149,152,102,62,98,134,112,104,99,63,31,34,138,168,29,126,16,194,19,83,128,141,5,43,187,76,151,148,80,58,64,96,177,199,166,22,195,119,81,153,11,26,150,174,100,0,113,116,72,160,45,121];False
7334;6616;13950;[198,174,67,163,158,60,141,47,189,75,137,133,12,185,54,57,89,28,38,14,72,118,10,36,184,66,46,44,23,190,109,56,73,74,143,91,69,159,15,135,37,8,71,48,92,90,131,59,93,3,169,142,191,61,145,94,13,111,7,77,176,35,97,171,52,2,167,107,123,50,146,51,20,17,82,78,170,18,132,161,115,25,105,4,6,88,70,108,21,106,154,122,197,162,125,49,86,110,129,24,130,127,30,114,182,139,178,136,101,175,85,1,117,120,157,173,186,79,42,27,193,172,39,32,55,155,33,192,165,40,87,181,68,9,103,140,147,196,95,144,156,180,188,65,53,183,164,41,149,152,102,62,98,134,112,104,99,63,31,34,138,168,29,126,16,194,19,83,128,179,5,43,187,76,151,148,80,58,64,96,177,199,166,22,195,119,81,153,11,26,150,84,100,0,113,116,124,160,45,121];False
7133;6622;13755;[198,174,67,163,158,60,141,47,189,75,137,133,12,185,54,52,89,191,38,14,72,118,10,36,184,66,46,44,23,190,109,56,73,74,143,91,69,159,15,135,37,8,71,48,92,90,131,59,93,3,169,142,28,61,145,94,13,111,7,77,176,35,97,171,57,2,167,107,123,50,146,51,20,17,82,78,170,18,132,161,115,25,105,4,6,88,70,108,21,106,154,122,197,162,125,49,86,110,129,24,130,127,30,114,182,139,178,136,101,175,85,1,117,120,157,173,186,79,42,27,193,172,39,32,55,155,33,192,165,40,87,181,68,9,103,140,147,196,95,144,156,180,188,65,53,183,164,41,149,152,102,62,98,134,112,104,99,63,31,34,138,168,29,126,16,194,19,83,128,179,5,43,187,76,151,148,80,58,64,96,177,199,166,22,195,119,81,153,11,26,150,84,100,0,113,116,124,160,45,121];False
7334;6611;13945;[198,174,67,163,158,60,179,47,189,75,137,171,12,185,54,57,89,28,38,14,72,118,10,36,184,66,46,44,23,190,109,56,73,74,143,91,69,159,15,135,37,8,71,48,92,90,131,59,93,3,169,142,191,61,145,94,13,111,7,77,176,35,97,133,52,2,167,107,123,50,146,51,20,17,82,78,170,18,132,161,115,25,105,4,6,88,70,108,21,106,154,122,197,162,125,49,86,110,129,24,130,127,30,114,182,139,178,136,101,175,85,1,117,120,157,173,186,79,42,27,193,172,39,32,55,155,33,192,165,40,87,181,68,9,103,140,147,196,95,144,156,180,188,65,53,183,164,41,149,152,102,62,98,134,112,104,99,63,31,34,138,168,29,126,16,194,19,83,128,141,5,43,187,76,151,148,80,58,64,96,177,199,166,22,195,119,81,153,11,26,150,84,100,0,113,116,124,160,45,121];False
7199;6618;13817;[198,174,67,163,158,60,179,47,189,75,137,133,12,185,54,57,89,191,38,14,72,118,10,36,184,66,46,44,23,190,109,56,73,74,143,91,69,159,15,135,37,8,71,48,92,90,131,59,93,3,169,142,28,61,145,94,13,111,7,77,176,35,97,171,52,2,167,107,123,50,146,51,20,17,82,78,170,18,132,161,115,25,105,4,6,88,70,108,21,106,154,122,197,162,125,49,86,110,129,24,130,127,30,114,182,139,178,136,101,175,85,1,117,120,157,173,186,79,42,27,193,172,39,32,55,155,33,192,165,40,87,181,68,9,103,140,147,196,95,144,156,180,188,65,53,183,164,41,149,152,102,62,98,134,112,104,99,63,31,34,138,168,29,126,16,194,19,83,128,141,5,43,187,76,151,148,80,58,64,96,177,199,166,22,195,119,81,153,11,26,150,84,100,0,113,116,124,160,45,121];False
7131;6623;13754;[198,174,67,163,158,60,179,47,189,75,137,171,12,185,54,52,89,191,38,14,72,118,10,36,184,66,46,44,23,190,109,56,73,74,143,91,69,159,15,135,37,8,71,48,92,90,131,59,93,3,169,142,28,61,145,94,13,111,7,77,176,35,97,133,57,2,167,107,123,50,146,51,20,17,82,78,170,18,132,161,115,25,105,4,6,88,70,108,21,106,154,122,197,162,125,49,86,110,129,24,130,127,30,114,182,139,178,136,101,175,85,1,117,120,157,173,186,79,42,27,193,172,39,32,55,155,33,192,165,40,87,181,68,9,103,140,147,196,95,144,156,180,188,65,53,183,164,41,149,152,102,62,98,134,112,104,99,63,31,34,138,168,29,126,16,194,19,83,128,141,5,43,187,76,151,148,80,58,64,96,177,199,166,22,195,119,81,153,11,26,150,84,100,0,113,116,124,160,45,121];False
6968;6630;13598;[198,174,67,163,158,60,179,47,189,75,137,133,5,185,54,52,89,191,38,14,72,118,10,36,184,66,46,44,23,190,109,56,73,74,143,91,69,159,15,135,37,8,71,48,92,90,131,59,93,3,169,142,28,61,145,94,13,111,7,77,176,35,97,171,57,2,167,107,123,50,146,51,20,17,82,78,170,18,132,161,115,25,105,4,6,88,70,108,21,106,154,122,197,162,125,49,86,110,129,24,130,127,30,114,182,139,178,136,101,175,85,1,117,120,157,173,186,79,42,27,193,172,39,32,55,155,33,192,165,40,87,181,68,9,103,140,147,196,95,144,156,180,188,65,53,183,164,41,149,152,102,62,98,134,112,104,99,63,31,34,138,168,29,126,16,194,19,83,128,141,12,43,187,76,151,148,80,58,64,96,177,199,166,22,195,119,81,153,11,26,150,84,100,0,113,116,124,160,45,121];False
6962;6629;13591;[198,174,67,163,158,60,179,47,189,75,137,133,12,185,54,52,89,191,38,14,178,118,10,36,184,66,46,44,23,190,109,56,73,74,143,91,69,159,15,135,37,8,71,48,92,90,131,59,93,3,169,142,28,61,145,94,13,111,7,77,176,35,97,171,57,2,167,107,123,50,146,51,20,17,82,78,170,18,132,161,115,25,105,4,6,88,70,108,21,106,154,122,197,162,125,49,86,110,129,24,130,127,30,114,182,139,72,136,101,175,85,1,117,120,157,173,186,79,42,27,193,172,39,32,55,155,33,192,165,40,87,181,68,9,103,140,147,196,95,144,156,180,188,65,53,183,164,41,149,152,102,62,98,134,112,104,99,63,31,34,138,168,29,126,16,194,19,83,128,141,5,43,187,76,151,148,80,58,64,96,177,199,166,22,195,119,81,153,11,26,150,84,100,0,113,116,124,160,45,121];False
6829;6640;13469;[198,174,67,163,158,60,179,47,189,75,137,133,12,185,54,52,89,191,38,14,136,118,10,36,184,66,46,44,23,190,109,56,73,74,143,91,69,159,15,135,37,8,71,48,92,90,131,59,93,3,169,142,28,61,145,94,13,111,7,77,176,35,97,171,57,2,167,107,123,50,146,51,20,17,82,78,170,18,132,161,115,25,105,4,6,88,70,108,21,106,154,122,197,162,125,49,86,110,129,24,130,127,30,114,182,139,178,72,101,175,85,1,117,120,157,173,186,79,42,27,193,172,39,32,55,155,33,192,165,40,87,181,68,9,103,140,147,196,95,144,156,180,188,65,53,183,164,41,149,152,102,62,98,134,112,104,99,63,31,34,138,168,29,126,16,194,19,83,128,141,5,43,187,76,151,148,80,58,64,96,177,199,166,22,195,119,81,153,11,26,150,84,100,0,113,116,124,160,45,121];False
6983;6624;13607;[198,174,67,163,158,60,179,47,189,75,137,133,12,185,54,52,89,191,38,14,124,118,10,36,184,66,46,44,23,190,109,56,73,74,143,91,69,159,15,135,37,8,71,48,92,90,131,59,93,3,169,142,28,61,145,94,13,111,7,77,176,35,97,171,57,2,167,107,123,50,146,51,20,17,82,78,170,18,132,161,115,25,105,4,6,88,70,108,21,106,154,122,197,162,125,49,86,110,129,24,130,127,30,114,182,139,178,136,101,175,85,1,117,120,157,173,186,79,42,27,193,172,39,32,55,155,33,192,165,40,87,181,68,9,103,140,147,196,95,144,156,180,188,65,53,183,164,41,149,152,102,62,98,134,112,104,99,63,31,34,138,168,29,126,16,194,19,83,128,141,5,43,187,76,151,148,80,58,64,96,177,199,166,22,195,119,81,153,11,26,150,84,100,0,113,116,72,160,45,121];False
7279;6612;13891;[198,174,67,163,86,158,141,47,89,75,137,133,12,185,54,52,189,28,38,14,72,118,10,36,184,66,46,44,23,190,109,56,73,74,143,91,69,159,15,135,37,8,71,48,92,90,131,59,93,3,169,142,191,61,145,94,13,171,7,77,176,35,97,128,57,2,167,107,123,50,146,51,20,17,82,78,170,18,132,161,115,25,105,4,6,88,70,108,21,106,154,122,197,162,125,49,111,110,129,24,130,127,30,114,182,139,178,136,101,175,85,1,117,120,157,173,186,79,42,27,193,172,39,32,55,155,33,192,165,40,87,181,68,9,103,140,147,196,95,144,156,180,188,65,53,183,164,41,149,152,102,62,98,134,112,104,99,63,31,34,138,168,29,126,16,194,19,83,60,179,5,43,187,76,151,148,80,58,64,96,177,199,166,22,195,119,81,153,11,26,150,84,100,0,113,116,124,160,45,121];False
8041;6583;14624;[50,51,198,174,67,83,59,57,132,75,163,133,12,185,111,26,169,115,89,3,161,159,15,135,53,180,46,44,23,190,109,10,184,56,34,91,69,28,8,37,94,71,188,48,92,90,131,148,93,14,178,191,66,61,145,84,13,151,7,38,176,35,97,128,52,2,167,107,123,146,155,65,118,17,82,18,0,77,149,170,129,25,105,4,6,88,70,108,21,106,154,122,197,24,72,78,86,110,171,189,49,127,30,114,182,139,29,137,158,175,85,1,117,120,157,173,186,79,42,27,193,172,39,32,55,125,33,192,165,40,87,181,68,9,103,162,147,196,95,144,156,63,31,143,160,183,164,41,152,130,102,62,5,134,112,104,99,73,74,20,138,168,140,126,16,194,19,98,60,179,47,43,187,76,101,141,11,58,64,96,177,199,166,22,195,119,81,153,80,36,150,136,100,54,113,116,124,142,45,121];False
7825;6603;14428;[50,51,198,174,67,83,59,57,132,75,163,133,12,185,111,26,169,115,89,3,161,159,15,135,53,140,46,44,23,190,109,10,184,56,34,91,69,28,8,37,94,71,188,48,92,90,131,148,93,14,178,191,66,61,145,84,13,151,7,38,176,35,97,128,52,2,167,107,123,146,155,65,118,17,82,18,0,77,149,170,129,25,105,4,6,88,70,108,21,106,154,122,197,24,72,78,86,110,171,189,49,127,30,114,182,139,180,137,158,175,85,1,117,120,157,173,186,79,42,27,193,172,39,32,55,125,33,192,165,40,87,181,68,9,103,162,147,196,95,144,156,63,31,143,160,183,164,41,152,130,102,62,5,134,112,104,99,73,74,20,138,168,29,126,16,194,19,98,60,179,47,43,187,76,101,141,11,58,64,96,177,199,166,22,195,119,81,153,80,36,150,136,100,54,113,116,124,142,45,121];False
7971;6594;14565;[50,51,198,174,196,83,59,57,132,75,163,133,12,185,111,36,169,115,89,3,161,159,15,135,53,180,46,44,23,190,109,10,184,56,34,91,69,28,8,37,94,71,188,48,92,90,131,148,93,14,178,191,66,61,145,84,13,151,7,38,176,35,97,128,52,2,167,107,123,146,155,65,118,17,82,18,0,77,149,170,129,25,105,4,6,88,70,108,21,106,154,122,197,24,72,78,86,110,171,189,49,127,30,114,182,139,29,137,158,175,85,1,117,120,157,173,186,79,42,27,193,172,39,32,55,125,33,192,165,40,87,181,68,9,103,162,147,67,95,144,156,63,31,143,160,183,164,41,152,130,102,62,5,134,112,104,99,73,74,20,138,168,140,126,16,194,19,98,60,179,47,43,187,76,101,141,11,58,64,96,177,199,166,22,195,119,81,153,80,26,150,136,100,54,113,116,124,142,45,121];False
7952;6596;14548;[50,51,198,174,67,83,59,57,132,75,163,86,12,185,111,36,169,115,89,3,161,159,15,135,53,180,46,44,23,190,109,10,184,56,34,91,69,28,8,37,94,71,188,48,92,90,131,148,93,14,178,191,66,61,145,84,13,151,7,38,176,35,97,128,52,2,167,107,123,146,155,65,118,17,82,18,0,77,149,170,129,25,105,4,6,88,70,108,21,106,154,122,197,24,72,78,133,110,171,189,49,127,30,114,182,139,29,137,158,175,85,1,117,120,157,173,186,79,42,27,193,172,39,32,55,125,33,192,165,40,87,181,68,9,103,162,147,196,95,144,156,63,31,143,160,183,164,41,152,130,102,62,5,134,112,104,99,73,74,20,138,168,140,126,16,194,19,98,60,179,47,43,187,76,101,141,11,58,64,96,177,199,166,22,195,119,81,153,80,26,150,136,100,54,113,116,124,142,45,121];False
7963;6594;14557;[50,51,198,174,67,83,59,57,132,75,163,133,12,185,111,36,169,84,89,3,161,159,15,135,53,180,46,44,23,190,109,10,184,56,34,91,69,28,8,37,94,71,188,48,92,90,131,148,93,14,178,191,66,61,145,115,13,151,7,38,176,35,97,128,52,2,167,107,123,146,155,65,118,17,82,18,0,77,149,170,129,25,105,4,6,88,70,108,21,106,154,122,197,24,72,78,86,110,171,189,49,127,30,114,182,139,29,137,158,175,85,1,117,120,157,173,186,79,42,27,193,172,39,32,55,125,33,192,165,40,87,181,68,9,103,162,147,196,95,144,156,63,31,143,160,183,164,41,152,130,102,62,5,134,112,104,99,73,74,20,138,168,140,126,16,194,19,98,60,179,47,43,187,76,101,141,11,58,64,96,177,199,166,22,195,119,81,153,80,26,150,136,100,54,113,116,124,142,45,121];False
7919;6598;14517;[50,51,198,174,67,83,59,57,132,75,163,133,12,185,111,36,169,38,89,3,161,159,15,135,53,180,46,44,23,190,109,10,184,56,34,91,69,28,8,37,94,71,188,48,92,90,131,148,93,14,178,191,66,61,145,84,13,151,7,115,176,35,97,128,52,2,167,107,123,146,155,65,118,17,82,18,0,77,149,170,129,25,105,4,6,88,70,108,21,106,154,122,197,24,72,78,86,110,171,189,49,127,30,114,182,139,29,137,158,175,85,1,117,120,157,173,186,79,42,27,193,172,39,32,55,125,33,192,165,40,87,181,68,9,103,162,147,196,95,144,156,63,31,143,160,183,164,41,152,130,102,62,5,134,112,104,99,73,74,20,138,168,140,126,16,194,19,98,60,179,47,43,187,76,101,141,11,58,64,96,177,199,166,22,195,119,81,153,80,26,150,136,100,54,113,116,124,142,45,121];False
7886;6601;14487;[50,51,198,174,67,83,59,57,132,75,163,133,12,185,111,36,169,45,89,3,161,159,15,135,53,180,46,44,23,190,109,10,184,56,34,91,69,28,8,37,94,71,188,48,92,90,131,148,93,14,178,191,66,61,145,84,13,151,7,38,176,35,97,128,52,2,167,107,123,146,155,65,118,17,82,18,0,77,149,170,129,25,105,4,6,88,70,108,21,106,154,122,197,24,72,78,86,110,171,189,49,127,30,114,182,139,29,137,158,175,85,1,117,120,157,173,186,79,42,27,193,172,39,32,55,125,33,192,165,40,87,181,68,9,103,162,147,196,95,144,156,63,31,143,160,183,164,41,152,130,102,62,5,134,112,104,99,73,74,20,138,168,140,126,16,194,19,98,60,179,47,43,187,76,101,141,11,58,64,96,177,199,166,22,195,119,81,153,80,26,150,136,100,54,113,116,124,142,115,121];False
7971;6592;14563;[50,51,198,174,67,83,59,57,132,75,163,133,12,185,111,36,169,115,176,3,161,159,15,135,53,180,46,44,23,190,109,10,184,56,34,91,69,28,8,37,94,71,188,48,92,90,131,148,93,14,178,191,66,61,145,84,13,151,7,38,89,35,97,128,52,2,167,107,123,146,155,65,118,17,82,18,0,77,149,170,129,25,105,4,6,88,70,108,21,106,154,122,197,24,72,78,86,110,171,189,49,127,30,114,182,139,29,137,158,175,85,1,117,120,157,173,186,79,42,27,193,172,39,32,55,125,33,192,165,40,87,181,68,9,103,162,147,196,95,144,156,63,31,143,160,183,164,41,152,130,102,62,5,134,112,104,99,73,74,20,138,168,140,126,16,194,19,98,60,179,47,43,187,76,101,141,11,58,64,96,177,199,166,22,195,119,81,153,80,26,150,136,100,54,113,116,124,142,45,121];False
7943;6591;14534;[50,51,198,174,67,83,59,57,132,75,163,133,12,185,111,36,169,115,89,3,161,28,15,135,53,180,46,44,23,190,109,10,184,56,34,91,69,159,8,37,94,71,188,48,92,90,131,148,93,14,178,191,66,61,145,84,13,151,7,38,176,35,97,128,52,2,167,107,123,146,155,65,118,17,82,18,0,77,149,170,129,25,105,4,6,88,70,108,21,106,154,122,197,24,72,78,86,110,171,189,49,127,30,114,182,139,29,137,158,175,85,1,117,120,157,173,186,79,42,27,193,172,39,32,55,125,33,192,165,40,87,181,68,9,103,162,147,196,95,144,156,63,31,143,160,183,164,41,152,130,102,62,5,134,112,104,99,73,74,20,138,168,140,126,16,194,19,98,60,179,47,43,187,76,101,141,11,58,64,96,177,199,166,22,195,119,81,153,80,26,150,136,100,54,113,116,124,142,45,121];False
7877;6601;14478;[50,51,198,174,67,83,59,57,132,75,163,133,12,185,111,36,169,115,89,3,161,32,15,135,53,180,46,44,23,190,109,10,184,56,34,91,69,28,8,37,94,71,188,48,92,90,131,148,93,14,178,191,66,61,145,84,13,151,7,38,176,35,97,128,52,2,167,107,123,146,155,65,118,17,82,18,0,77,149,170,129,25,105,4,6,88,70,108,21,106,154,122,197,24,72,78,86,110,171,189,49,127,30,114,182,139,29,137,158,175,85,1,117,120,157,173,186,79,42,27,193,172,39,159,55,125,33,192,165,40,87,181,68,9,103,162,147,196,95,144,156,63,31,143,160,183,164,41,152,130,102,62,5,134,112,104,99,73,74,20,138,168,140,126,16,194,19,98,60,179,47,43,187,76,101,141,11,58,64,96,177,199,166,22,195,119,81,153,80,26,150,136,100,54,113,116,124,142,45,121];False
7928;6596;14524;[50,51,198,174,67,83,59,57,132,75,163,133,12,185,111,36,169,115,89,3,161,103,15,135,53,180,46,44,23,190,109,10,184,56,34,91,69,28,8,37,94,71,188,48,92,90,131,148,93,14,178,191,66,61,145,84,13,151,7,38,176,35,97,128,52,2,167,107,123,146,155,65,118,17,82,18,0,77,149,170,129,25,105,4,6,88,70,108,21,106,154,122,197,24,72,78,86,110,171,189,49,127,30,114,182,139,29,137,158,175,85,1,117,120,157,173,186,79,42,27,193,172,39,32,55,125,33,192,165,40,87,181,68,9,159,162,147,196,95,144,156,63,31,143,160,183,164,41,152,130,102,62,5,134,112,104,99,73,74,20,138,168,140,126,16,194,19,98,60,179,47,43,187,76,101,141,11,58,64,96,177,199,166,22,195,119,81,153,80,26,150,136,100,54,113,116,124,142,45,121];False
7780;6607;14387;[50,51,198,174,67,83,59,57,132,75,163,133,12,185,111,36,169,115,89,3,161,159,188,135,53,180,46,44,23,190,109,10,184,56,34,91,69,28,8,37,94,71,15,48,92,90,131,148,93,14,178,191,66,61,145,84,13,151,7,38,176,35,97,128,52,2,167,107,123,146,155,65,118,17,82,18,0,77,149,170,129,25,105,4,6,88,70,108,21,106,154,122,197,24,72,78,86,110,171,189,49,127,30,114,182,139,29,137,158,175,85,1,117,120,157,173,186,79,42,27,193,172,39,32,55,125,33,192,165,40,87,181,68,9,103,162,147,196,95,144,156,63,31,143,160,183,164,41,152,130,102,62,5,134,112,104,99,73,74,20,138,168,140,126,16,194,19,98,60,179,47,43,187,76,101,141,11,58,64,96,177,199,166,22,195,119,81,153,80,26,150,136,100,54,113,116,124,142,45,121];False
7875;6593;14468;[50,51,198,174,67,83,59,57,132,75,163,133,12,185,111,36,169,115,89,3,161,159,15,135,53,180,46,44,23,190,109,66,184,56,34,91,69,28,8,37,94,71,188,48,92,90,131,148,93,14,178,191,10,61,145,84,13,151,7,38,176,35,97,128,52,2,167,107,123,146,155,65,118,17,82,18,0,77,149,170,129,25,105,4,6,88,70,108,21,106,154,122,197,24,72,78,86,110,171,189,49,127,30,114,182,139,29,137,158,175,85,1,117,120,157,173,186,79,42,27,193,172,39,32,55,125,33,192,165,40,87,181,68,9,103,162,147,196,95,144,156,63,31,143,160,183,164,41,152,130,102,62,5,134,112,104,99,73,74,20,138,168,140,126,16,194,19,98,60,179,47,43,187,76,101,141,11,58,64,96,177,199,166,22,195,119,81,153,80,26,150,136,100,54,113,116,124,142,45,121];False
7933;6592;14525;[50,51,198,174,67,83,59,57,132,75,163,133,12,185,111,36,169,115,89,3,161,159,15,135,53,180,46,44,23,190,109,10,150,56,34,91,69,28,8,37,94,71,188,48,92,90,131,148,93,14,178,191,66,61,145,84,13,151,7,38,176,35,97,128,52,2,167,107,123,146,155,65,118,17,82,18,0,77,149,170,129,25,105,4,6,88,70,108,21,106,154,122,197,24,72,78,86,110,171,189,49,127,30,114,182,139,29,137,158,175,85,1,117,120,157,173,186,79,42,27,193,172,39,32,55,125,33,192,165,40,87,181,68,9,103,162,147,196,95,144,156,63,31,143,160,183,164,41,152,130,102,62,5,134,112,104,99,73,74,20,138,168,140,126,16,194,19,98,60,179,47,43,187,76,101,141,11,58,64,96,177,199,166,22,195,119,81,153,80,26,184,136,100,54,113,116,124,142,45,121];False
7924;6590;14514;[50,51,198,174,67,83,59,57,132,75,163,133,12,185,111,36,169,115,89,3,161,159,15,135,53,180,46,44,23,190,109,10,184,156,34,91,69,28,8,37,94,71,188,48,92,90,131,148,93,14,178,191,66,61,145,84,13,151,7,38,176,35,97,128,52,2,167,107,123,146,155,65,118,17,82,18,0,77,149,170,129,25,105,4,6,88,70,108,21,106,154,122,197,24,72,78,86,110,171,189,49,127,30,114,182,139,29,137,158,175,85,1,117,120,157,173,186,79,42,27,193,172,39,32,55,125,33,192,165,40,87,181,68,9,103,162,147,196,95,144,56,63,31,143,160,183,164,41,152,130,102,62,5,134,112,104,99,73,74,20,138,168,140,126,16,194,19,98,60,179,47,43,187,76,101,141,11,58,64,96,177,199,166,22,195,119,81,153,80,26,150,136,100,54,113,116,124,142,45,121];False
7767;6607;14374;[50,51,198,174,67,83,59,57,132,75,163,133,12,185,111,36,169,115,89,3,161,159,15,135,53,23,46,44,140,190,109,10,184,56,34,91,69,28,8,37,94,71,188,48,92,90,131,148,93,14,178,191,66,61,145,84,13,151,7,38,176,35,97,128,52,2,167,107,123,146,155,65,118,17,82,18,0,77,149,170,129,25,105,4,6,88,70,108,21,106,154,122,197,24,72,78,86,110,171,189,49,127,30,114,182,139,180,137,158,175,85,1,117,120,157,173,186,79,42,27,193,172,39,32,55,125,33,192,165,40,87,181,68,9,103,162,147,196,95,144,156,63,31,143,160,183,164,41,152,130,102,62,5,134,112,104,99,73,74,20,138,168,29,126,16,194,19,98,60,179,47,43,187,76,101,141,11,58,64,96,177,199,166,22,195,119,81,153,80,26,150,136,100,54,113,116,124,142,45,121];False
7708;6610;14318;[50,51,198,174,67,83,59,57,132,75,163,133,12,185,111,36,169,115,89,3,161,159,15,135,53,140,46,44,23,190,109,10,184,156,34,91,69,28,8,37,94,71,188,48,92,90,131,148,93,14,178,191,66,61,145,84,13,151,7,38,176,35,97,128,52,2,167,107,123,146,155,65,118,17,82,18,0,77,149,170,129,25,105,4,6,88,70,108,21,106,154,122,197,24,72,78,86,110,171,189,49,127,30,114,182,139,180,137,158,175,85,1,117,120,157,173,186,79,42,27,193,172,39,32,55,125,33,192,165,40,87,181,68,9,103,162,147,196,95,144,56,63,31,143,160,183,164,41,152,130,102,62,5,134,112,104,99,73,74,20,138,168,29,126,16,194,19,98,60,179,47,43,187,76,101,141,11,58,64,96,177,199,166,22,195,119,81,153,80,26,150,136,100,54,113,116,124,142,45,121];False
8070;6582;14652;[198,51,50,174,196,83,59,57,132,75,163,133,12,185,111,26,169,115,89,3,161,159,15,135,53,180,46,44,23,190,109,10,184,56,34,91,69,28,8,37,94,71,188,48,92,90,131,148,93,14,178,191,66,61,145,84,13,151,7,38,176,35,97,128,52,2,167,107,123,146,155,65,118,17,82,18,0,77,149,170,129,25,105,4,6,88,70,108,21,106,154,122,197,24,72,78,86,110,171,189,49,127,30,114,182,139,29,137,158,175,85,1,117,120,157,173,186,79,42,27,193,172,39,32,55,125,33,192,165,40,87,181,68,9,103,162,147,67,95,144,156,63,31,143,160,183,164,41,152,130,102,62,5,134,112,104,99,73,74,20,138,168,140,126,16,194,19,98,60,179,47,43,187,76,101,141,11,58,64,96,177,199,166,22,195,119,81,153,80,36,150,136,100,54,113,116,124,142,45,121];False
7904;6592;14496;[198,51,50,174,196,83,59,57,132,75,163,133,12,185,111,36,169,115,89,3,161,159,15,135,53,180,46,44,23,190,109,66,184,56,34,91,69,28,8,37,94,71,188,48,92,90,131,148,93,14,178,191,10,61,145,84,13,151,7,38,176,35,97,128,52,2,167,107,123,146,155,65,118,17,82,18,0,77,149,170,129,25,105,4,6,88,70,108,21,106,154,122,197,24,72,78,86,110,171,189,49,127,30,114,182,139,29,137,158,175,85,1,117,120,157,173,186,79,42,27,193,172,39,32,55,125,33,192,165,40,87,181,68,9,103,162,147,67,95,144,156,63,31,143,160,183,164,41,152,130,102,62,5,134,112,104,99,73,74,20,138,168,140,126,16,194,19,98,60,179,47,43,187,76,101,141,11,58,64,96,177,199,166,22,195,119,81,153,80,26,150,136,100,54,113,116,124,142,45,121];False
7953;6589;14542;[198,51,50,174,196,83,59,57,132,75,163,133,12,185,111,36,169,115,89,3,161,159,15,135,53,180,46,44,23,190,109,10,184,156,34,91,69,28,8,37,94,71,188,48,92,90,131,148,93,14,178,191,66,61,145,84,13,151,7,38,176,35,97,128,52,2,167,107,123,146,155,65,118,17,82,18,0,77,149,170,129,25,105,4,6,88,70,108,21,106,154,122,197,24,72,78,86,110,171,189,49,127,30,114,182,139,29,137,158,175,85,1,117,120,157,173,186,79,42,27,193,172,39,32,55,125,33,192,165,40,87,181,68,9,103,162,147,67,95,144,56,63,31,143,160,183,164,41,152,130,102,62,5,134,112,104,99,73,74,20,138,168,140,126,16,194,19,98,60,179,47,43,187,76,101,141,11,58,64,96,177,199,166,22,195,119,81,153,80,26,150,136,100,54,113,116,124,142,45,121];False
7839;6600;14439;[198,51,50,174,67,83,59,57,132,75,137,133,12,185,111,36,169,115,89,3,161,159,15,135,53,34,46,44,23,190,109,10,184,56,29,91,69,28,8,37,94,71,188,48,92,90,131,148,93,14,178,191,66,61,145,84,13,151,7,38,176,35,97,128,52,2,167,107,123,146,155,65,118,17,82,18,0,77,149,170,129,25,105,4,6,88,70,108,21,106,154,122,197,24,72,78,86,110,171,189,49,127,30,114,182,139,180,163,158,175,85,1,117,120,157,173,186,79,42,27,193,172,39,32,55,125,33,192,165,40,87,181,68,9,103,162,147,196,95,144,156,63,31,143,160,183,164,41,152,130,102,62,5,134,112,104,99,73,74,20,138,168,140,126,16,194,19,98,60,179,47,43,187,76,101,141,11,58,64,96,177,199,166,22,195,119,81,153,80,26,150,136,100,54,113,116,124,142,45,121];False
7857;6599;14456;[198,51,50,174,67,83,59,57,132,75,163,133,12,185,111,26,169,115,89,3,161,159,15,135,53,34,46,44,23,190,109,10,184,56,29,91,69,28,8,37,94,71,188,48,92,90,131,148,93,14,178,191,66,61,145,84,13,151,7,38,176,35,97,128,52,2,167,107,123,146,155,65,118,17,82,18,0,77,149,170,129,25,105,4,6,88,70,108,21,106,154,122,197,24,72,78,86,110,171,189,49,127,30,114,182,139,180,137,158,175,85,1,117,120,157,173,186,79,42,27,193,172,39,32,55,125,33,192,165,40,87,181,68,9,103,162,147,196,95,144,156,63,31,143,160,183,164,41,152,130,102,62,5,134,112,104,99,73,74,20,138,168,140,126,16,194,19,98,60,179,47,43,187,76,101,141,11,58,64,96,177,199,166,22,195,119,81,153,80,36,150,136,100,54,113,116,124,142,45,121];False
7759;6607;14366;[198,51,50,174,67,83,59,57,132,75,163,133,12,185,111,36,169,115,89,3,161,28,15,135,53,34,46,44,23,190,109,10,184,56,29,91,69,159,8,37,94,71,188,48,92,90,131,148,93,14,178,191,66,61,145,84,13,151,7,38,176,35,97,128,52,2,167,107,123,146,155,65,118,17,82,18,0,77,149,170,129,25,105,4,6,88,70,108,21,106,154,122,197,24,72,78,86,110,171,189,49,127,30,114,182,139,180,137,158,175,85,1,117,120,157,173,186,79,42,27,193,172,39,32,55,125,33,192,165,40,87,181,68,9,103,162,147,196,95,144,156,63,31,143,160,183,164,41,152,130,102,62,5,134,112,104,99,73,74,20,138,168,140,126,16,194,19,98,60,179,47,43,187,76,101,141,11,58,64,96,177,199,166,22,195,119,81,153,80,26,150,136,100,54,113,116,124,142,45,121];False
7798;6604;14402;[198,51,50,174,67,83,59,57,132,75,163,133,12,185,111,36,169,115,89,3,161,159,15,135,53,140,46,44,23,190,109,10,184,56,29,91,69,28,8,37,94,71,188,48,92,90,131,148,93,14,178,191,66,61,145,84,13,151,7,38,176,35,97,128,52,2,167,107,123,146,155,65,118,17,82,18,0,77,149,170,129,25,105,4,6,88,70,108,21,106,154,122,197,24,72,78,86,110,171,189,49,127,30,114,182,139,180,137,158,175,85,1,117,120,157,173,186,79,42,27,193,172,39,32,55,125,33,192,165,40,87,181,68,9,103,162,147,196,95,144,156,63,31,143,160,183,164,41,152,130,102,62,5,134,112,104,99,73,74,20,138,168,34,126,16,194,19,98,60,179,47,43,187,76,101,141,11,58,64,96,177,199,166,22,195,119,81,153,80,26,150,136,100,54,113,116,124,142,45,121];False
7779;6606;14385;[198,51,50,174,67,83,59,57,132,75,163,133,12,185,111,36,169,115,89,3,161,159,15,135,53,136,46,44,23,190,109,10,184,56,29,91,69,28,8,37,94,71,188,48,92,90,131,148,93,14,178,191,66,61,145,84,13,151,7,38,176,35,97,128,52,2,167,107,123,146,155,65,118,17,82,18,0,77,149,170,129,25,105,4,6,88,70,108,21,106,154,122,197,24,72,78,86,110,171,189,49,127,30,114,182,139,180,137,158,175,85,1,117,120,157,173,186,79,42,27,193,172,39,32,55,125,33,192,165,40,87,181,68,9,103,162,147,196,95,144,156,63,31,143,160,183,164,41,152,130,102,62,5,134,112,104,99,73,74,20,138,168,140,126,16,194,19,98,60,179,47,43,187,76,101,141,11,58,64,96,177,199,166,22,195,119,81,153,80,26,150,34,100,54,113,116,124,142,45,121];False
8158;6581;14739;[198,56,50,174,67,83,59,57,132,75,163,133,12,185,111,36,169,115,89,3,161,159,15,135,53,180,46,44,23,190,109,10,184,51,34,91,69,28,8,37,94,71,188,48,92,90,131,148,93,14,178,191,66,61,145,84,13,151,7,38,176,35,97,128,52,2,167,107,123,146,155,65,118,17,82,18,0,77,149,170,129,25,105,4,6,88,70,108,21,106,154,122,197,24,72,78,86,110,171,189,49,127,30,114,182,139,29,137,158,175,85,1,117,120,157,173,186,79,42,27,193,172,39,32,55,125,33,192,165,40,87,181,68,9,103,162,147,196,95,144,156,63,31,143,160,183,164,41,152,130,102,62,5,134,112,104,99,73,74,20,138,168,140,126,16,194,19,98,60,179,47,43,187,76,101,141,11,58,64,96,177,199,166,22,195,119,81,153,80,26,150,136,100,54,113,116,124,142,45,121];False
8084;6580;14664;[198,51,50,174,67,83,59,57,132,75,137,133,12,185,111,36,169,115,89,3,161,159,15,135,53,180,46,44,23,190,109,10,184,56,34,91,69,28,8,37,94,71,188,48,92,90,131,148,93,14,178,191,66,61,145,84,13,151,7,38,176,35,97,128,52,2,167,107,123,146,155,65,118,17,82,18,0,77,149,170,129,25,105,4,6,88,70,108,21,106,154,122,197,24,72,78,86,110,171,189,49,127,30,114,182,139,29,163,158,175,85,1,117,120,157,173,186,79,42,27,193,172,39,32,55,125,33,192,165,40,87,181,68,9,103,162,147,196,95,144,156,63,31,143,160,183,164,41,152,130,102,62,5,134,112,104,99,73,74,20,138,168,140,126,16,194,19,98,60,179,47,43,187,76,101,141,11,58,64,96,177,199,166,22,195,119,81,153,80,26,150,136,100,54,113,116,124,142,45,121];False
8077;6578;14655;[198,51,50,174,67,83,59,57,132,75,163,133,12,185,111,26,169,115,89,3,161,159,15,135,53,180,46,44,23,190,109,10,184,56,34,91,69,28,8,37,94,71,188,48,92,90,131,148,93,14,178,191,66,61,145,84,13,151,7,38,176,35,97,128,52,2,167,107,123,146,155,65,118,17,82,18,0,77,149,170,129,25,105,4,6,88,70,108,21,106,154,122,197,24,72,78,86,110,171,189,49,127,30,114,182,139,29,137,158,175,85,1,117,120,157,173,186,79,42,27,193,172,39,32,55,125,33,192,165,40,87,181,68,9,103,162,147,196,95,144,156,63,31,143,160,183,164,41,152,130,102,62,5,134,112,104,99,73,74,20,138,168,140,126,16,194,19,98,60,179,47,43,187,76,101,141,11,58,64,96,177,199,166,22,195,119,81,153,80,36,150,136,100,54,113,116,124,142,45,121];False
8065;6582;14647;[198,51,50,174,67,83,59,57,132,75,163,133,12,185,111,36,145,115,89,3,161,159,15,135,53,180,46,44,23,190,109,10,184,56,34,91,69,28,8,37,94,71,188,48,92,90,131,148,93,14,178,191,66,61,169,84,13,151,7,38,176,35,97,128,52,2,167,107,123,146,155,65,118,17,82,18,0,77,149,170,129,25,105,4,6,88,70,108,21,106,154,122,197,24,72,78,86,110,171,189,49,127,30,114,182,139,29,137,158,175,85,1,117,120,157,173,186,79,42,27,193,172,39,32,55,125,33,192,165,40,87,181,68,9,103,162,147,196,95,144,156,63,31,143,160,183,164,41,152,130,102,62,5,134,112,104,99,73,74,20,138,168,140,126,16,194,19,98,60,179,47,43,187,76,101,141,11,58,64,96,177,199,166,22,195,119,81,153,80,26,150,136,100,54,113,116,124,142,45,121];False
8007;6587;14594;[198,51,50,174,67,83,59,57,132,75,163,133,12,185,111,36,169,115,176,3,161,159,15,135,53,180,46,44,23,190,109,10,184,56,34,91,69,28,8,37,94,71,188,48,92,90,131,148,93,14,178,191,66,61,145,84,13,151,7,38,89,35,97,128,52,2,167,107,123,146,155,65,118,17,82,18,0,77,149,170,129,25,105,4,6,88,70,108,21,106,154,122,197,24,72,78,86,110,171,189,49,127,30,114,182,139,29,137,158,175,85,1,117,120,157,173,186,79,42,27,193,172,39,32,55,125,33,192,165,40,87,181,68,9,103,162,147,196,95,144,156,63,31,143,160,183,164,41,152,130,102,62,5,134,112,104,99,73,74,20,138,168,140,126,16,194,19,98,60,179,47,43,187,76,101,141,11,58,64,96,177,199,166,22,195,119,81,153,80,26,150,136,100,54,113,116,124,142,45,121];False
7979;6586;14565;[198,51,50,174,67,83,59,57,132,75,163,133,12,185,111,36,169,115,89,3,161,28,15,135,53,180,46,44,23,190,109,10,184,56,34,91,69,159,8,37,94,71,188,48,92,90,131,148,93,14,178,191,66,61,145,84,13,151,7,38,176,35,97,128,52,2,167,107,123,146,155,65,118,17,82,18,0,77,149,170,129,25,105,4,6,88,70,108,21,106,154,122,197,24,72,78,86,110,171,189,49,127,30,114,182,139,29,137,158,175,85,1,117,120,157,173,186,79,42,27,193,172,39,32,55,125,33,192,165,40,87,181,68,9,103,162,147,196,95,144,156,63,31,143,160,183,164,41,152,130,102,62,5,134,112,104,99,73,74,20,138,168,140,126,16,194,19,98,60,179,47,43,187,76,101,141,11,58,64,96,177,199,166,22,195,119,81,153,80,26,150,136,100,54,113,116,124,142,45,121];False
7816;6602;14418;[198,51,50,174,67,83,59,57,132,75,163,133,12,185,111,36,169,115,89,3,161,159,188,135,53,180,46,44,23,190,109,10,184,56,34,91,69,28,8,37,94,71,15,48,92,90,131,148,93,14,178,191,66,61,145,84,13,151,7,38,176,35,97,128,52,2,167,107,123,146,155,65,118,17,82,18,0,77,149,170,129,25,105,4,6,88,70,108,21,106,154,122,197,24,72,78,86,110,171,189,49,127,30,114,182,139,29,137,158,175,85,1,117,120,157,173,186,79,42,27,193,172,39,32,55,125,33,192,165,40,87,181,68,9,103,162,147,196,95,144,156,63,31,143,160,183,164,41,152,130,102,62,5,134,112,104,99,73,74,20,138,168,140,126,16,194,19,98,60,179,47,43,187,76,101,141,11,58,64,96,177,199,166,22,195,119,81,153,80,26,150,136,100,54,113,116,124,142,45,121];False
7911;6588;14499;[198,51,50,174,67,83,59,57,132,75,163,133,12,185,111,36,169,115,89,3,161,159,15,135,53,180,46,44,23,190,109,66,184,56,34,91,69,28,8,37,94,71,188,48,92,90,131,148,93,14,178,191,10,61,145,84,13,151,7,38,176,35,97,128,52,2,167,107,123,146,155,65,118,17,82,18,0,77,149,170,129,25,105,4,6,88,70,108,21,106,154,122,197,24,72,78,86,110,171,189,49,127,30,114,182,139,29,137,158,175,85,1,117,120,157,173,186,79,42,27,193,172,39,32,55,125,33,192,165,40,87,181,68,9,103,162,147,196,95,144,156,63,31,143,160,183,164,41,152,130,102,62,5,134,112,104,99,73,74,20,138,168,140,126,16,194,19,98,60,179,47,43,187,76,101,141,11,58,64,96,177,199,166,22,195,119,81,153,80,26,150,136,100,54,113,116,124,142,45,121];False
7969;6587;14556;[198,51,50,174,67,83,59,57,132,75,163,133,12,185,111,36,169,115,89,3,161,159,15,135,53,180,46,44,23,190,109,10,150,56,34,91,69,28,8,37,94,71,188,48,92,90,131,148,93,14,178,191,66,61,145,84,13,151,7,38,176,35,97,128,52,2,167,107,123,146,155,65,118,17,82,18,0,77,149,170,129,25,105,4,6,88,70,108,21,106,154,122,197,24,72,78,86,110,171,189,49,127,30,114,182,139,29,137,158,175,85,1,117,120,157,173,186,79,42,27,193,172,39,32,55,125,33,192,165,40,87,181,68,9,103,162,147,196,95,144,156,63,31,143,160,183,164,41,152,130,102,62,5,134,112,104,99,73,74,20,138,168,140,126,16,194,19,98,60,179,47,43,187,76,101,141,11,58,64,96,177,199,166,22,195,119,81,153,80,26,184,136,100,54,113,116,124,142,45,121];False
7960;6585;14545;[198,51,50,174,67,83,59,57,132,75,163,133,12,185,111,36,169,115,89,3,161,159,15,135,53,180,46,44,23,190,109,10,184,156,34,91,69,28,8,37,94,71,188,48,92,90,131,148,93,14,178,191,66,61,145,84,13,151,7,38,176,35,97,128,52,2,167,107,123,146,155,65,118,17,82,18,0,77,149,170,129,25,105,4,6,88,70,108,21,106,154,122,197,24,72,78,86,110,171,189,49,127,30,114,182,139,29,137,158,175,85,1,117,120,157,173,186,79,42,27,193,172,39,32,55,125,33,192,165,40,87,181,68,9,103,162,147,196,95,144,56,63,31,143,160,183,164,41,152,130,102,62,5,134,112,104,99,73,74,20,138,168,140,126,16,194,19,98,60,179,47,43,187,76,101,141,11,58,64,96,177,199,166,22,195,119,81,153,80,26,150,136,100,54,113,116,124,142,45,121];False
8562;6557;15119;[50,31,143,136,149,83,59,57,132,75,137,133,12,185,86,26,169,84,89,3,161,159,15,135,142,115,46,44,37,190,109,10,184,51,174,91,69,28,8,118,180,198,188,48,92,90,131,148,93,14,178,23,66,61,145,94,13,151,7,38,176,35,97,128,52,2,167,107,123,146,155,65,53,17,82,18,0,77,196,170,129,25,105,4,6,88,70,108,21,106,154,122,197,24,72,78,111,110,171,189,49,127,30,114,182,139,29,163,158,175,85,1,117,120,157,173,186,79,42,27,193,172,39,32,55,125,33,192,165,40,87,181,68,9,103,162,147,67,95,144,156,140,74,194,191,183,164,41,152,130,102,62,5,134,112,104,99,63,73,20,138,168,34,126,16,71,19,98,60,179,47,43,187,76,101,141,11,58,64,96,177,199,166,22,195,119,81,153,80,36,150,56,100,54,113,116,124,160,45,121];False
8492;6557;15049;[50,31,143,136,149,83,59,57,132,75,137,133,12,185,76,26,169,84,89,3,161,159,15,135,142,115,46,44,37,190,109,10,184,51,174,91,69,28,8,118,180,198,188,48,92,90,131,148,93,14,178,23,66,61,145,94,13,151,7,38,176,35,97,128,52,2,167,107,123,146,155,65,53,17,82,18,0,77,196,170,129,25,105,4,6,88,70,108,21,106,154,122,197,24,72,78,86,110,171,189,49,127,30,114,182,139,29,163,158,175,85,1,117,120,157,173,186,79,42,27,193,172,39,32,55,125,33,192,165,40,87,181,68,9,103,162,147,67,95,144,156,140,74,194,191,183,164,41,152,130,102,62,5,134,112,104,99,63,73,20,138,168,34,126,16,71,19,98,60,179,47,43,187,111,101,141,11,58,64,96,177,199,166,22,195,119,81,153,80,36,150,56,100,54,113,116,124,160,45,121];False
8608;6554;15162;[50,31,143,136,149,83,59,57,132,75,137,133,12,185,111,26,169,6,89,3,161,159,15,135,142,115,46,44,37,190,109,10,184,51,174,91,69,28,8,118,180,198,188,48,92,90,131,148,93,14,178,23,66,61,145,94,13,151,7,38,176,35,97,128,52,2,167,107,123,146,155,65,53,17,82,18,0,77,196,170,129,25,105,4,84,88,70,108,21,106,154,122,197,24,72,78,86,110,171,189,49,127,30,114,182,139,29,163,158,175,85,1,117,120,157,173,186,79,42,27,193,172,39,32,55,125,33,192,165,40,87,181,68,9,103,162,147,67,95,144,156,140,74,194,191,183,164,41,152,130,102,62,5,134,112,104,99,63,73,20,138,168,34,126,16,71,19,98,60,179,47,43,187,76,101,141,11,58,64,96,177,199,166,22,195,119,81,153,80,36,150,56,100,54,113,116,124,160,45,121];False
8540;6556;15096;[50,31,143,136,149,83,59,57,132,75,137,133,12,185,111,26,169,163,89,3,161,159,15,135,142,115,46,44,37,190,109,10,184,51,174,91,69,28,8,118,180,198,188,48,92,90,131,148,93,14,178,23,66,61,145,94,13,151,7,38,176,35,97,128,52,2,167,107,123,146,155,65,53,17,82,18,0,77,196,170,129,25,105,4,6,88,70,108,21,106,154,122,197,24,72,78,86,110,171,189,49,127,30,114,182,139,29,84,158,175,85,1,117,120,157,173,186,79,42,27,193,172,39,32,55,125,33,192,165,40,87,181,68,9,103,162,147,67,95,144,156,140,74,194,191,183,164,41,152,130,102,62,5,134,112,104,99,63,73,20,138,168,34,126,16,71,19,98,60,179,47,43,187,76,101,141,11,58,64,96,177,199,166,22,195,119,81,153,80,36,150,56,100,54,113,116,124,160,45,121];False
8532;6555;15087;[50,31,143,136,149,83,59,57,132,75,137,133,12,185,111,26,169,173,89,3,161,159,15,135,142,115,46,44,37,190,109,10,184,51,174,91,69,28,8,118,180,198,188,48,92,90,131,148,93,14,178,23,66,61,145,94,13,151,7,38,176,35,97,128,52,2,167,107,123,146,155,65,53,17,82,18,0,77,196,170,129,25,105,4,6,88,70,108,21,106,154,122,197,24,72,78,86,110,171,189,49,127,30,114,182,139,29,163,158,175,85,1,117,120,157,84,186,79,42,27,193,172,39,32,55,125,33,192,165,40,87,181,68,9,103,162,147,67,95,144,156,140,74,194,191,183,164,41,152,130,102,62,5,134,112,104,99,63,73,20,138,168,34,126,16,71,19,98,60,179,47,43,187,76,101,141,11,58,64,96,177,199,166,22,195,119,81,153,80,36,150,56,100,54,113,116,124,160,45,121];False
8423;6561;14984;[50,31,143,136,149,83,59,57,132,75,137,133,12,185,111,26,169,84,89,3,161,28,15,135,142,115,46,44,37,190,109,10,184,51,174,91,69,159,8,118,180,198,188,48,92,90,131,148,93,14,178,23,66,61,145,94,13,151,7,38,176,35,97,128,52,2,167,107,123,146,155,65,53,17,82,18,0,77,196,170,129,25,105,4,6,88,70,108,21,106,154,122,197,24,72,78,86,110,171,189,49,127,30,114,182,139,29,163,158,175,85,1,117,120,157,173,186,79,42,27,193,172,39,32,55,125,33,192,165,40,87,181,68,9,103,162,147,67,95,144,156,140,74,194,191,183,164,41,152,130,102,62,5,134,112,104,99,63,73,20,138,168,34,126,16,71,19,98,60,179,47,43,187,76,101,141,11,58,64,96,177,199,166,22,195,119,81,153,80,36,150,56,100,54,113,116,124,160,45,121];False
8351;6566;14917;[50,31,143,136,149,83,59,57,132,75,137,133,12,185,111,26,169,84,89,3,161,159,15,135,142,115,46,44,29,190,109,10,184,51,174,91,69,28,8,118,180,198,188,48,92,90,131,148,93,14,178,23,66,61,145,94,13,151,7,38,176,35,97,128,52,2,167,107,123,146,155,65,53,17,82,18,0,77,196,170,129,25,105,4,6,88,70,108,21,106,154,122,197,24,72,78,86,110,171,189,49,127,30,114,182,139,37,163,158,175,85,1,117,120,157,173,186,79,42,27,193,172,39,32,55,125,33,192,165,40,87,181,68,9,103,162,147,67,95,144,156,140,74,194,191,183,164,41,152,130,102,62,5,134,112,104,99,63,73,20,138,168,34,126,16,71,19,98,60,179,47,43,187,76,101,141,11,58,64,96,177,199,166,22,195,119,81,153,80,36,150,56,100,54,113,116,124,160,45,121];False
8343;6566;14909;[50,31,143,136,149,83,59,57,132,75,137,133,12,185,111,26,169,84,89,3,161,159,15,135,142,115,46,44,37,109,190,10,184,51,174,91,69,28,8,118,180,198,188,48,92,90,131,148,93,14,178,23,66,61,145,94,13,151,7,38,176,35,97,128,52,2,167,107,123,146,155,65,53,17,82,18,0,77,196,170,129,25,105,4,6,88,70,108,21,106,154,122,197,24,72,78,86,110,171,189,49,127,30,114,182,139,29,163,158,175,85,1,117,120,157,173,186,79,42,27,193,172,39,32,55,125,33,192,165,40,87,181,68,9,103,162,147,67,95,144,156,140,74,194,191,183,164,41,152,130,102,62,5,134,112,104,99,63,73,20,138,168,34,126,16,71,19,98,60,179,47,43,187,76,101,141,11,58,64,96,177,199,166,22,195,119,81,153,80,36,150,56,100,54,113,116,124,160,45,121];False
8454;6559;15013;[50,31,143,136,149,83,59,57,132,75,137,133,12,185,111,26,169,84,89,3,161,159,15,135,142,115,46,44,37,190,109,10,150,51,174,91,69,28,8,118,180,198,188,48,92,90,131,148,93,14,178,23,66,61,145,94,13,151,7,38,176,35,97,128,52,2,167,107,123,146,155,65,53,17,82,18,0,77,196,170,129,25,105,4,6,88,70,108,21,106,154,122,197,24,72,78,86,110,171,189,49,127,30,114,182,139,29,163,158,175,85,1,117,120,157,173,186,79,42,27,193,172,39,32,55,125,33,192,165,40,87,181,68,9,103,162,147,67,95,144,156,140,74,194,191,183,164,41,152,130,102,62,5,134,112,104,99,63,73,20,138,168,34,126,16,71,19,98,60,179,47,43,187,76,101,141,11,58,64,96,177,199,166,22,195,119,81,153,80,36,184,56,100,54,113,116,124,160,45,121];False
8216;6572;14788;[50,31,143,136,149,83,59,57,132,75,163,133,12,185,54,26,169,84,89,3,161,159,15,135,142,115,46,44,37,190,109,10,184,51,174,91,69,28,8,118,180,198,188,48,92,90,131,148,93,14,178,23,66,61,145,94,13,151,7,38,176,35,97,128,52,2,167,107,123,146,155,65,53,17,82,18,0,77,196,170,129,25,105,4,6,88,70,108,21,106,154,122,197,24,72,78,86,110,171,189,49,127,30,114,182,139,29,137,158,175,85,1,117,120,157,173,186,79,42,27,193,172,111,32,55,125,33,192,165,40,87,181,68,9,103,162,147,67,95,144,156,140,74,194,191,183,164,41,152,130,102,62,5,134,112,104,99,63,73,20,138,168,34,126,16,71,19,98,60,179,47,43,187,76,101,141,11,58,64,96,177,199,166,22,195,119,81,153,80,36,150,56,100,39,113,116,124,160,45,121];False
8329;6569;14898;[50,31,143,136,149,83,59,57,132,75,163,133,12,185,39,26,169,84,89,3,161,159,15,135,142,115,46,44,37,190,109,10,150,51,174,91,69,28,8,118,180,198,188,48,92,90,131,148,93,14,178,23,66,61,145,94,13,151,7,38,176,35,97,128,52,2,167,107,123,146,155,65,53,17,82,18,0,77,196,170,129,25,105,4,6,88,70,108,21,106,154,122,197,24,72,78,86,110,171,189,49,127,30,114,182,139,29,137,158,175,85,1,117,120,157,173,186,79,42,27,193,172,111,32,55,125,33,192,165,40,87,181,68,9,103,162,147,67,95,144,156,140,74,194,191,183,164,41,152,130,102,62,5,134,112,104,99,63,73,20,138,168,34,126,16,71,19,98,60,179,47,43,187,76,101,141,11,58,64,96,177,199,166,22,195,119,81,153,80,36,184,56,100,54,113,116,124,160,45,121];False
8387;6563;14950;[50,31,143,136,149,83,59,57,132,75,163,133,12,185,76,26,169,84,89,3,161,28,15,135,142,115,46,44,37,190,109,10,184,51,174,91,69,159,8,118,180,198,188,48,92,90,131,148,93,14,178,23,66,61,145,94,13,151,7,38,176,35,97,128,52,2,167,107,123,146,155,65,53,17,82,18,0,77,196,170,129,25,105,4,6,88,70,108,21,106,154,122,197,24,72,78,86,110,171,189,49,127,30,114,182,139,29,137,158,175,85,1,117,120,157,173,186,79,42,27,193,172,39,32,55,125,33,192,165,40,87,181,68,9,103,162,147,67,95,144,156,140,74,194,191,183,164,41,152,130,102,62,5,134,112,104,99,63,73,20,138,168,34,126,16,71,19,98,60,179,47,43,187,111,101,141,11,58,64,96,177,199,166,22,195,119,81,153,80,36,150,56,100,54,113,116,124,160,45,121];False
8307;6568;14875;[50,31,143,136,149,83,59,57,132,75,163,133,12,185,76,26,169,84,89,3,161,159,15,135,142,115,46,44,37,109,190,10,184,51,174,91,69,28,8,118,180,198,188,48,92,90,131,148,93,14,178,23,66,61,145,94,13,151,7,38,176,35,97,128,52,2,167,107,123,146,155,65,53,17,82,18,0,77,196,170,129,25,105,4,6,88,70,108,21,106,154,122,197,24,72,78,86,110,171,189,49,127,30,114,182,139,29,137,158,175,85,1,117,120,157,173,186,79,42,27,193,172,39,32,55,125,33,192,165,40,87,181,68,9,103,162,147,67,95,144,156,140,74,194,191,183,164,41,152,130,102,62,5,134,112,104,99,63,73,20,138,168,34,126,16,71,19,98,60,179,47,43,187,111,101,141,11,58,64,96,177,199,166,22,195,119,81,153,80,36,150,56,100,54,113,116,124,160,45,121];False
8418;6561;14979;[50,31,143,136,149,83,59,57,132,75,163,133,12,185,76,26,169,84,89,3,161,159,15,135,142,115,46,44,37,190,109,10,150,51,174,91,69,28,8,118,180,198,188,48,92,90,131,148,93,14,178,23,66,61,145,94,13,151,7,38,176,35,97,128,52,2,167,107,123,146,155,65,53,17,82,18,0,77,196,170,129,25,105,4,6,88,70,108,21,106,154,122,197,24,72,78,86,110,171,189,49,127,30,114,182,139,29,137,158,175,85,1,117,120,157,173,186,79,42,27,193,172,39,32,55,125,33,192,165,40,87,181,68,9,103,162,147,67,95,144,156,140,74,194,191,183,164,41,152,130,102,62,5,134,112,104,99,63,73,20,138,168,34,126,16,71,19,98,60,179,47,43,187,111,101,141,11,58,64,96,177,199,166,22,195,119,81,153,80,36,184,56,100,54,113,116,124,160,45,121];False
8269;6570;14839;[50,31,143,136,149,83,59,57,132,75,163,133,12,185,111,26,169,84,89,3,161,159,15,135,142,115,46,44,37,109,190,10,150,51,174,91,69,28,8,118,180,198,188,48,92,90,131,148,93,14,178,23,66,61,145,94,13,151,7,38,176,35,97,128,52,2,167,107,123,146,155,65,53,17,82,18,0,77,196,170,129,25,105,4,6,88,70,108,21,106,154,122,197,24,72,78,86,110,171,189,49,127,30,114,182,139,29,137,158,175,85,1,117,120,157,173,186,79,42,27,193,172,39,32,55,125,33,192,165,40,87,181,68,9,103,162,147,67,95,144,156,140,74,194,191,183,164,41,152,130,102,62,5,134,112,104,99,63,73,20,138,168,34,126,16,71,19,98,60,179,47,43,187,76,101,141,11,58,64,96,177,199,166,22,195,119,81,153,80,36,184,56,100,54,113,116,124,160,45,121];False
8349;6565;14914;[50,31,143,136,149,83,59,57,132,75,163,133,12,185,111,26,169,84,89,3,161,28,15,135,142,115,46,44,37,190,109,10,150,51,174,91,69,159,8,118,180,198,188,48,92,90,131,148,93,14,178,23,66,61,145,94,13,151,7,38,176,35,97,128,52,2,167,107,123,146,155,65,53,17,82,18,0,77,196,170,129,25,105,4,6,88,70,108,21,106,154,122,197,24,72,78,86,110,171,189,49,127,30,114,182,139,29,137,158,175,85,1,117,120,157,173,186,79,42,27,193,172,39,32,55,125,33,192,165,40,87,181,68,9,103,162,147,67,95,144,156,140,74,194,191,183,164,41,152,130,102,62,5,134,112,104,99,63,73,20,138,168,34,126,16,71,19,98,60,179,47,43,187,76,101,141,11,58,64,96,177,199,166,22,195,119,81,153,80,36,184,56,100,54,113,116,124,160,45,121];False
8293;6567;14860;[50,31,143,136,149,83,59,57,132,75,163,133,12,185,111,26,169,84,89,3,161,159,15,135,142,115,46,44,37,190,109,10,150,65,174,91,69,28,8,118,180,198,188,48,92,90,131,148,93,14,178,23,66,61,145,94,13,151,7,38,176,35,97,128,52,2,167,107,123,146,155,51,53,17,82,18,0,77,196,170,129,25,105,4,6,88,70,108,21,106,154,122,197,24,72,78,86,110,171,189,49,127,30,114,182,139,29,137,158,175,85,1,117,120,157,173,186,79,42,27,193,172,39,32,55,125,33,192,165,40,87,181,68,9,103,162,147,67,95,144,156,140,74,194,191,183,164,41,152,130,102,62,5,134,112,104,99,63,73,20,138,168,34,126,16,71,19,98,60,179,47,43,187,76,101,141,11,58,64,96,177,199,166,22,195,119,81,153,80,36,184,56,100,54,113,116,124,160,45,121];False
8359;6563;14922;[50,31,143,136,149,83,59,57,132,75,163,133,12,185,111,26,169,84,89,3,161,159,15,135,142,115,46,44,37,190,109,10,150,51,56,91,69,28,8,118,180,198,188,48,92,90,131,148,93,14,178,23,66,61,145,94,13,151,7,38,176,35,97,128,52,2,167,107,123,146,155,65,53,17,82,18,0,77,196,170,129,25,105,4,6,88,70,108,21,106,154,122,197,24,72,78,86,110,171,189,49,127,30,114,182,139,29,137,158,175,85,1,117,120,157,173,186,79,42,27,193,172,39,32,55,125,33,192,165,40,87,181,68,9,103,162,147,67,95,144,156,140,74,194,191,183,164,41,152,130,102,62,5,134,112,104,99,63,73,20,138,168,34,126,16,71,19,98,60,179,47,43,187,76,101,141,11,58,64,96,177,199,166,22,195,119,81,153,80,36,184,174,100,54,113,116,124,160,45,121];False
8586;6548;15134;[73,174,67,36,149,83,59,57,132,75,137,133,12,185,54,120,157,84,89,3,161,159,15,135,194,173,46,44,37,190,109,10,184,51,34,91,69,28,8,118,180,53,188,48,92,90,131,148,93,14,178,142,66,61,145,94,13,151,7,38,176,35,97,111,52,2,95,107,123,50,155,65,198,17,82,18,0,77,196,170,129,25,105,4,6,88,70,108,21,106,154,122,197,24,72,78,86,110,171,189,49,127,30,114,182,139,29,163,158,128,85,1,117,167,169,115,186,79,42,27,193,172,39,32,55,125,33,192,165,40,87,181,68,9,103,162,147,23,136,144,156,146,31,143,191,183,164,41,152,130,102,62,5,134,112,104,99,63,74,20,138,168,140,126,16,71,19,98,60,179,47,43,187,76,101,141,11,58,64,96,177,199,166,22,195,119,81,153,80,26,150,56,100,175,113,116,124,160,45,121];False
8567;6552;15119;[50,174,67,36,149,83,59,57,132,75,163,133,12,185,54,120,157,84,89,3,161,159,15,135,194,173,46,44,37,190,109,10,184,51,34,91,69,28,8,118,180,53,188,48,92,90,131,148,93,14,178,142,66,61,145,94,13,151,7,38,176,35,97,111,52,2,95,107,123,73,155,65,198,17,82,18,0,77,196,170,129,25,105,4,6,88,70,108,21,106,154,122,197,24,72,78,86,110,171,189,49,127,30,114,182,139,29,137,158,128,85,1,117,167,169,115,186,79,42,27,193,172,39,32,55,125,33,192,165,40,87,181,68,9,103,162,147,23,136,144,156,146,31,143,191,183,164,41,152,130,102,62,5,134,112,104,99,63,74,20,138,168,140,126,16,71,19,98,60,179,47,43,187,76,101,141,11,58,64,96,177,199,166,22,195,119,81,153,80,26,150,56,100,175,113,116,124,160,45,121];False
8691;6544;15235;[50,174,67,36,149,83,59,57,132,75,137,133,12,185,54,120,157,84,169,3,161,159,15,135,194,173,46,44,37,190,109,10,184,51,34,91,69,28,8,118,180,53,188,48,92,90,131,148,93,14,178,142,66,61,145,94,13,151,7,38,176,35,97,111,52,2,95,107,123,73,155,65,198,17,82,18,0,77,196,170,129,25,105,4,6,88,70,108,21,106,154,122,197,24,72,78,86,110,171,189,49,127,30,114,182,139,29,163,158,128,85,1,117,167,89,115,186,79,42,27,193,172,39,32,55,125,33,192,165,40,87,181,68,9,103,162,147,23,136,144,156,146,31,143,191,183,164,41,152,130,102,62,5,134,112,104,99,63,74,20,138,168,140,126,16,71,19,98,60,179,47,43,187,76,101,141,11,58,64,96,177,199,166,22,195,119,81,153,80,26,150,56,100,175,113,116,124,160,45,121];False
8558;6554;15112;[50,174,67,36,149,83,59,57,132,75,137,133,12,185,54,120,157,84,89,3,161,159,15,135,191,173,46,44,37,190,109,10,184,51,34,91,69,28,8,118,180,53,188,48,92,90,131,148,93,14,178,142,66,61,145,94,13,151,7,38,176,35,97,111,52,2,95,107,123,73,155,65,198,17,82,18,0,77,196,170,129,25,105,4,6,88,70,108,21,106,154,122,197,24,72,78,86,110,171,189,49,127,30,114,182,139,29,163,158,128,85,1,117,167,169,115,186,79,42,27,193,172,39,32,55,125,33,192,165,40,87,181,68,9,103,162,147,23,136,144,156,146,31,143,194,183,164,41,152,130,102,62,5,134,112,104,99,63,74,20,138,168,140,126,16,71,19,98,60,179,47,43,187,76,101,141,11,58,64,96,177,199,166,22,195,119,81,153,80,26,150,56,100,175,113,116,124,160,45,121];False
8565;6548;15113;[50,174,67,36,149,83,59,57,132,75,137,133,12,185,54,120,157,84,89,3,161,159,15,135,20,173,46,44,37,190,109,10,184,51,34,91,69,28,8,118,180,53,188,48,92,90,131,148,93,14,178,142,66,61,145,94,13,151,7,38,176,35,97,111,52,2,95,107,123,73,155,65,198,17,82,18,0,77,196,170,129,25,105,4,6,88,70,108,21,106,154,122,197,24,72,78,86,110,171,189,49,127,30,114,182,139,29,163,158,128,85,1,117,167,169,115,186,79,42,27,193,172,39,32,55,125,33,192,165,40,87,181,68,9,103,162,147,23,136,144,156,146,31,143,191,183,164,41,152,130,102,62,5,134,112,104,99,63,74,194,138,168,140,126,16,71,19,98,60,179,47,43,187,76,101,141,11,58,64,96,177,199,166,22,195,119,81,153,80,26,150,56,100,175,113,116,124,160,45,121];False
8590;6543;15133;[50,174,67,36,149,83,59,57,132,75,137,133,12,185,54,120,157,84,89,3,161,159,15,135,71,173,46,44,37,190,109,10,184,51,34,91,69,28,8,118,180,53,188,48,92,90,131,148,93,14,178,142,66,61,145,94,13,151,7,38,176,35,97,111,52,2,95,107,123,73,155,65,198,17,82,18,0,77,196,170,129,25,105,4,6,88,70,108,21,106,154,122,197,24,72,78,86,110,171,189,49,127,30,114,182,139,29,163,158,128,85,1,117,167,169,115,186,79,42,27,193,172,39,32,55,125,33,192,165,40,87,181,68,9,103,162,147,23,136,144,156,146,31,143,191,183,164,41,152,130,102,62,5,134,112,104,99,63,74,20,138,168,140,126,16,194,19,98,60,179,47,43,187,76,101,141,11,58,64,96,177,199,166,22,195,119,81,153,80,26,150,56,100,175,113,116,124,160,45,121];False
8874;6541;15415;[73,174,23,136,149,83,59,57,132,75,186,133,12,185,76,26,193,173,89,3,161,159,15,135,194,115,46,44,37,190,109,66,184,51,34,91,69,28,8,118,180,53,188,48,92,90,131,148,93,14,178,142,10,61,145,94,13,151,7,38,176,35,97,128,52,2,167,107,123,50,155,65,198,17,82,18,0,77,196,170,129,25,105,4,6,88,70,108,21,106,154,122,197,24,72,78,86,110,171,189,49,127,30,114,182,139,29,163,158,175,85,1,117,120,157,84,137,79,42,27,169,172,39,32,55,125,33,192,165,40,87,181,68,9,103,162,147,67,95,144,156,146,31,143,191,183,164,41,152,130,102,62,5,134,112,104,99,63,74,20,138,168,140,126,16,71,19,98,60,179,47,43,187,111,101,141,11,58,64,96,177,199,166,22,195,119,81,153,80,36,150,56,100,54,113,116,124,160,45,121];False
8871;6542;15413;[73,174,23,136,149,83,59,57,132,75,137,133,12,185,111,26,193,173,89,3,161,159,15,135,194,115,46,44,37,190,109,66,184,51,34,91,69,28,8,118,180,53,188,48,92,90,131,148,93,14,178,142,10,61,145,94,13,151,7,38,176,35,97,128,52,2,167,107,123,50,155,65,198,17,82,18,0,77,196,170,129,25,105,4,6,88,70,108,21,106,154,122,197,24,72,78,86,110,171,189,49,127,30,114,182,139,29,163,158,175,85,1,117,120,157,84,186,79,42,27,169,172,39,32,55,125,33,192,165,40,87,181,68,9,103,162,147,67,95,144,156,146,31,143,191,183,164,41,152,130,102,62,5,134,112,104,99,63,74,20,138,168,140,126,16,71,19,98,60,179,47,43,187,76,101,141,11,58,64,96,177,199,166,22,195,119,81,153,80,36,150,56,100,54,113,116,124,160,45,121];False
8809;6541;15350;[73,174,23,136,149,83,59,57,132,75,137,133,12,185,76,80,193,173,89,3,161,159,15,135,194,115,46,44,37,190,109,66,184,51,34,91,69,28,8,118,180,53,188,48,92,90,131,148,93,14,178,142,10,61,145,94,13,151,7,38,176,35,97,128,52,2,167,107,123,50,155,65,198,17,82,18,0,77,196,170,129,25,105,4,6,88,70,108,21,106,154,122,197,24,72,78,86,110,171,189,49,127,30,114,182,139,29,163,158,175,85,1,117,120,157,84,186,79,42,27,169,172,39,32,55,125,33,192,165,40,87,181,68,9,103,162,147,67,95,144,156,146,31,143,191,183,164,41,152,130,102,62,5,134,112,104,99,63,74,20,138,168,140,126,16,71,19,98,60,179,47,43,187,111,101,141,11,58,64,96,177,199,166,22,195,119,81,153,26,36,150,56,100,54,113,116,124,160,45,121];False
8870;6540;15410;[73,174,23,136,149,83,59,57,132,75,137,133,12,185,76,26,193,173,89,3,161,28,15,135,194,115,46,44,37,190,109,66,184,51,34,91,69,159,8,118,180,53,188,48,92,90,131,148,93,14,178,142,10,61,145,94,13,151,7,38,176,35,97,128,52,2,167,107,123,50,155,65,198,17,82,18,0,77,196,170,129,25,105,4,6,88,70,108,21,106,154,122,197,24,72,78,86,110,171,189,49,127,30,114,182,139,29,163,158,175,85,1,117,120,157,84,186,79,42,27,169,172,39,32,55,125,33,192,165,40,87,181,68,9,103,162,147,67,95,144,156,146,31,143,191,183,164,41,152,130,102,62,5,134,112,104,99,63,74,20,138,168,140,126,16,71,19,98,60,179,47,43,187,111,101,141,11,58,64,96,177,199,166,22,195,119,81,153,80,36,150,56,100,54,113,116,124,160,45,121];False
8848;6540;15388;[73,174,23,136,149,83,59,57,132,75,137,133,12,185,76,26,193,173,89,3,161,159,15,135,194,115,46,44,37,190,109,66,184,51,34,91,69,28,8,118,29,53,188,48,92,90,131,148,93,14,178,142,10,61,145,94,13,151,7,38,176,35,97,128,52,2,167,107,123,50,155,65,198,17,82,18,0,77,196,170,129,25,105,4,6,88,70,108,21,106,154,122,197,24,72,78,86,110,171,189,49,127,30,114,182,139,180,163,158,175,85,1,117,120,157,84,186,79,42,27,169,172,39,32,55,125,33,192,165,40,87,181,68,9,103,162,147,67,95,144,156,146,31,143,191,183,164,41,152,130,102,62,5,134,112,104,99,63,74,20,138,168,140,126,16,71,19,98,60,179,47,43,187,111,101,141,11,58,64,96,177,199,166,22,195,119,81,153,80,36,150,56,100,54,113,116,124,160,45,121];False
8860;6539;15399;[73,174,23,136,149,83,59,57,132,75,137,133,12,185,76,26,193,173,89,3,161,159,15,135,194,115,46,44,37,190,109,66,184,51,34,91,69,28,8,118,124,53,188,48,92,90,131,148,93,14,178,142,10,61,145,94,13,151,7,38,176,35,97,128,52,2,167,107,123,50,155,65,198,17,82,18,0,77,196,170,129,25,105,4,6,88,70,108,21,106,154,122,197,24,72,78,86,110,171,189,49,127,30,114,182,139,29,163,158,175,85,1,117,120,157,84,186,79,42,27,169,172,39,32,55,125,33,192,165,40,87,181,68,9,103,162,147,67,95,144,156,146,31,143,191,183,164,41,152,130,102,62,5,134,112,104,99,63,74,20,138,168,140,126,16,71,19,98,60,179,47,43,187,111,101,141,11,58,64,96,177,199,166,22,195,119,81,153,80,36,150,56,100,54,113,116,180,160,45,121];False
8911;6538;15449;[50,174,23,136,149,83,59,57,132,75,137,133,12,185,76,26,193,173,89,3,161,159,15,135,194,115,46,44,37,190,109,66,184,51,34,91,69,28,8,118,124,53,188,48,92,90,131,148,93,14,178,142,10,61,145,94,13,151,7,38,176,35,97,128,52,2,167,107,123,73,155,65,198,17,82,18,0,77,196,170,129,25,105,4,6,88,70,108,21,106,154,122,197,24,72,78,86,110,171,189,49,127,30,114,182,139,29,163,158,175,85,1,117,120,157,84,186,79,42,27,169,172,39,32,55,125,33,192,165,40,87,181,68,9,103,162,147,67,95,144,156,146,31,143,191,183,164,41,152,130,102,62,5,134,112,104,99,63,74,20,138,168,140,126,16,71,19,98,60,179,47,43,187,111,101,141,11,58,64,96,177,199,166,22,195,119,81,153,80,36,150,56,100,54,113,116,180,160,45,121];False
9020;6535;15555;[50,174,23,136,149,83,59,57,132,75,137,133,12,185,76,80,193,173,89,3,161,159,15,135,194,115,46,44,37,190,109,10,184,51,34,91,69,28,8,118,180,53,188,48,92,90,131,148,93,14,178,142,66,61,145,94,13,151,7,38,176,35,97,128,52,2,167,107,123,73,155,65,198,17,82,18,0,77,196,170,129,25,105,4,6,88,70,108,21,106,154,122,197,24,72,78,86,110,171,189,49,127,30,114,182,139,29,163,158,175,85,1,117,120,157,84,186,79,42,27,169,172,39,32,55,125,33,192,165,40,87,181,68,9,103,162,147,67,95,144,156,146,31,143,191,183,164,41,152,130,102,62,5,134,112,104,99,63,74,20,138,168,140,126,16,71,19,98,60,179,47,43,187,111,101,141,11,58,64,96,177,199,166,22,195,119,81,153,26,36,150,56,100,54,113,116,124,160,45,121];False
9024;6533;15557;[73,174,23,136,149,83,59,57,132,75,137,133,12,185,76,98,193,173,89,3,161,159,15,135,194,115,46,44,37,190,109,10,184,51,34,91,69,28,8,118,180,53,188,48,92,90,131,148,93,14,178,142,66,61,145,94,13,151,7,38,176,35,97,128,52,2,167,107,123,50,155,65,198,17,82,18,0,77,196,170,129,25,105,4,6,88,70,108,21,106,154,122,197,24,72,78,86,110,171,189,49,127,30,114,182,139,29,163,158,175,85,1,117,120,157,84,186,79,42,27,169,172,39,32,55,125,33,192,165,40,87,181,68,9,103,162,147,67,95,144,156,146,31,143,191,183,164,41,152,130,102,62,5,134,112,104,99,63,74,20,138,168,140,126,16,71,19,80,60,179,47,43,187,111,101,141,11,58,64,96,177,199,166,22,195,119,81,153,26,36,150,56,100,54,113,116,124,160,45,121];False
9157;6530;15687;[73,174,23,136,149,83,59,57,132,75,137,133,12,185,76,11,193,173,89,3,161,159,15,135,194,115,46,44,37,190,109,10,184,51,34,91,69,28,8,118,180,53,188,48,92,90,131,148,93,14,178,142,66,61,145,94,13,151,7,38,176,35,97,128,52,2,167,107,123,50,155,65,198,17,82,18,0,77,196,170,129,25,105,4,6,88,70,108,21,106,154,122,197,24,72,78,86,110,171,189,49,127,30,114,182,139,29,163,158,175,85,1,117,120,157,84,186,79,42,27,169,172,39,32,55,125,33,192,165,40,87,181,68,9,103,162,147,67,95,144,156,146,31,143,191,183,164,41,152,130,102,62,5,134,112,104,99,63,74,20,138,168,140,126,16,71,19,98,60,179,47,43,187,111,101,141,80,58,64,96,177,199,166,22,195,119,81,153,26,36,150,56,100,54,113,116,124,160,45,121];False
8934;6537;15471;[73,174,23,136,149,83,59,57,132,75,137,133,12,185,76,80,193,173,89,3,161,28,15,135,194,115,46,44,37,190,109,10,184,51,34,91,69,159,8,118,180,53,188,48,92,90,131,148,93,14,178,142,66,61,145,94,13,151,7,38,176,35,97,128,52,2,167,107,123,50,155,65,198,17,82,18,0,77,196,170,129,25,105,4,6,88,70,108,21,106,154,122,197,24,72,78,86,110,171,189,49,127,30,114,182,139,29,163,158,175,85,1,117,120,157,84,186,79,42,27,169,172,39,32,55,125,33,192,165,40,87,181,68,9,103,162,147,67,95,144,156,146,31,143,191,183,164,41,152,130,102,62,5,134,112,104,99,63,74,20,138,168,140,126,16,71,19,98,60,179,47,43,187,111,101,141,11,58,64,96,177,199,166,22,195,119,81,153,26,36,150,56,100,54,113,116,124,160,45,121];False
8965;6535;15500;[73,174,23,136,149,83,59,57,132,75,137,133,12,185,76,80,193,173,89,3,161,159,15,135,194,115,46,44,37,190,109,10,150,51,34,91,69,28,8,118,180,53,188,48,92,90,131,148,93,14,178,142,66,61,145,94,13,151,7,38,176,35,97,128,52,2,167,107,123,50,155,65,198,17,82,18,0,77,196,170,129,25,105,4,6,88,70,108,21,106,154,122,197,24,72,78,86,110,171,189,49,127,30,114,182,139,29,163,158,175,85,1,117,120,157,84,186,79,42,27,169,172,39,32,55,125,33,192,165,40,87,181,68,9,103,162,147,67,95,144,156,146,31,143,191,183,164,41,152,130,102,62,5,134,112,104,99,63,74,20,138,168,140,126,16,71,19,98,60,179,47,43,187,111,101,141,11,58,64,96,177,199,166,22,195,119,81,153,26,36,184,56,100,54,113,116,124,160,45,121];False
9181;6529;15710;[50,174,67,36,149,11,59,57,132,75,163,86,151,185,133,98,193,173,89,3,161,159,15,135,194,115,46,44,37,190,109,10,184,51,34,91,69,28,8,118,124,198,188,48,92,90,131,148,93,14,178,142,66,61,145,94,13,12,7,38,176,35,97,128,52,2,167,107,123,73,155,65,53,17,82,18,0,95,196,170,77,25,105,4,6,88,70,108,21,106,154,122,197,24,72,78,111,110,171,189,49,127,30,114,182,139,29,137,158,175,85,1,117,120,157,84,186,79,42,27,169,172,39,32,55,125,33,192,165,40,87,181,68,9,103,162,147,23,136,144,156,146,31,143,191,183,164,41,152,130,102,62,5,134,112,104,99,63,74,20,138,168,140,126,16,71,19,83,60,179,47,43,187,76,101,141,80,58,64,96,177,199,166,22,195,119,81,153,129,26,150,56,100,54,113,116,180,160,45,121];False
9289;6524;15813;[73,174,23,136,149,11,59,57,132,75,137,86,151,185,133,98,193,173,89,3,161,159,15,135,194,115,46,44,37,190,109,66,184,51,34,91,69,28,8,118,180,53,188,48,92,90,131,148,93,14,178,142,10,61,145,94,13,12,7,38,176,35,97,128,52,2,167,107,123,50,155,65,198,17,82,18,0,36,196,170,77,25,105,4,6,88,70,108,21,106,154,122,197,24,72,78,111,110,171,189,49,127,30,114,182,139,29,163,158,175,85,1,117,120,157,84,186,79,42,27,169,172,39,32,55,125,33,192,165,40,87,181,68,9,103,162,147,67,95,144,156,146,31,143,191,183,164,41,152,130,102,62,5,134,112,104,99,63,74,20,138,168,140,126,16,71,19,83,60,179,47,43,187,76,101,141,80,58,64,96,177,199,166,22,195,119,81,153,129,26,150,56,100,54,113,116,124,160,45,121];False
9519;6517;16036;[73,174,23,136,149,11,59,57,132,75,137,86,151,185,133,98,193,173,89,3,161,159,15,135,194,115,46,44,37,190,109,10,184,48,34,91,69,28,8,118,180,53,188,51,92,90,131,148,93,14,178,142,66,61,145,94,13,12,7,38,176,35,97,128,52,2,167,107,123,50,155,65,198,17,82,18,0,36,196,170,77,25,105,4,6,88,70,108,21,106,154,122,197,24,72,78,111,110,171,189,49,127,30,114,182,139,29,163,158,175,85,1,117,120,157,84,186,79,42,27,169,172,39,32,55,125,33,192,165,40,87,181,68,9,103,162,147,67,95,144,156,146,31,143,191,183,164,41,152,130,102,62,5,134,112,104,99,63,74,20,138,168,140,126,16,71,19,83,60,179,47,43,187,76,101,141,80,58,64,96,177,199,166,22,195,119,81,153,129,26,150,56,100,54,113,116,124,160,45,121];False
9404;6519;15923;[73,174,23,136,149,11,59,57,132,75,137,86,151,185,133,98,193,173,89,3,161,159,15,135,194,115,46,44,37,190,109,10,184,51,34,91,69,28,8,118,124,53,188,48,92,90,131,148,93,14,178,142,66,61,145,94,13,12,7,38,176,35,97,128,52,2,167,107,123,50,155,65,198,17,82,18,0,36,196,170,77,25,105,4,6,88,70,108,21,106,154,122,197,24,72,78,111,110,171,189,49,127,30,114,182,139,29,163,158,175,85,1,117,120,157,84,186,79,42,27,169,172,39,32,55,125,33,192,165,40,87,181,68,9,103,162,147,67,95,144,156,146,31,143,191,183,164,41,152,130,102,62,5,134,112,104,99,63,74,20,138,168,140,126,16,71,19,83,60,179,47,43,187,76,101,141,80,58,64,96,177,199,166,22,195,119,81,153,129,26,150,56,100,54,113,116,180,160,45,121];False
9218;6527;15745;[73,174,23,136,149,80,59,57,132,75,163,86,151,185,133,98,193,173,89,3,161,159,15,135,194,115,46,44,37,190,109,66,184,51,34,91,69,28,8,118,180,53,188,48,92,90,131,148,93,14,178,142,10,61,145,94,13,12,7,38,176,35,97,128,52,2,167,107,123,50,155,65,198,17,82,18,0,36,196,170,77,25,105,4,6,88,70,108,21,106,154,122,197,24,72,78,111,110,171,189,49,127,30,114,182,139,29,137,158,175,85,1,117,120,157,84,186,79,42,27,169,172,39,32,55,125,33,192,165,40,87,181,68,9,103,162,147,67,95,144,156,146,31,143,191,183,164,41,152,130,102,62,5,134,112,104,99,63,74,20,138,168,140,126,16,71,19,83,60,179,47,43,187,76,101,141,11,58,64,96,177,199,166,22,195,119,81,153,129,26,150,56,100,54,113,116,124,160,45,121];False
9194;6527;15721;[73,174,23,136,149,11,59,57,132,75,163,86,12,185,133,98,193,173,89,3,161,159,15,135,194,115,46,44,37,190,109,66,184,51,34,91,69,28,8,118,180,53,188,48,92,90,131,148,93,14,178,142,10,61,145,94,13,151,7,38,176,35,97,128,52,2,167,107,123,50,155,65,198,17,82,18,0,36,196,170,77,25,105,4,6,88,70,108,21,106,154,122,197,24,72,78,111,110,171,189,49,127,30,114,182,139,29,137,158,175,85,1,117,120,157,84,186,79,42,27,169,172,39,32,55,125,33,192,165,40,87,181,68,9,103,162,147,67,95,144,156,146,31,143,191,183,164,41,152,130,102,62,5,134,112,104,99,63,74,20,138,168,140,126,16,71,19,83,60,179,47,43,187,76,101,141,80,58,64,96,177,199,166,22,195,119,81,153,129,26,150,56,100,54,113,116,124,160,45,121];False
9185;6527;15712;[73,174,23,136,149,11,59,57,132,75,163,86,151,185,133,98,193,173,89,3,161,28,15,135,194,115,46,44,37,190,109,66,184,51,34,91,69,159,8,118,180,53,188,48,92,90,131,148,93,14,178,142,10,61,145,94,13,12,7,38,176,35,97,128,52,2,167,107,123,50,155,65,198,17,82,18,0,36,196,170,77,25,105,4,6,88,70,108,21,106,154,122,197,24,72,78,111,110,171,189,49,127,30,114,182,139,29,137,158,175,85,1,117,120,157,84,186,79,42,27,169,172,39,32,55,125,33,192,165,40,87,181,68,9,103,162,147,67,95,144,156,146,31,143,191,183,164,41,152,130,102,62,5,134,112,104,99,63,74,20,138,168,140,126,16,71,19,83,60,179,47,43,187,76,101,141,80,58,64,96,177,199,166,22,195,119,81,153,129,26,150,56,100,54,113,116,124,160,45,121];False
9147;6531;15678;[73,174,23,136,149,11,59,57,132,75,163,86,151,185,133,98,193,173,89,3,161,159,15,135,194,115,46,44,37,190,109,66,184,156,34,91,69,28,8,118,180,53,188,48,92,90,131,148,93,14,178,142,10,61,145,94,13,12,7,38,176,35,97,128,52,2,167,107,123,50,155,65,198,17,82,18,0,36,196,170,77,25,105,4,6,88,70,108,21,106,154,122,197,24,72,78,111,110,171,189,49,127,30,114,182,139,29,137,158,175,85,1,117,120,157,84,186,79,42,27,169,172,39,32,55,125,33,192,165,40,87,181,68,9,103,162,147,67,95,144,51,146,31,143,191,183,164,41,152,130,102,62,5,134,112,104,99,63,74,20,138,168,140,126,16,71,19,83,60,179,47,43,187,76,101,141,80,58,64,96,177,199,166,22,195,119,81,153,129,26,150,56,100,54,113,116,124,160,45,121];False
9175;6526;15701;[73,174,23,136,149,11,59,57,132,75,163,86,151,185,133,98,193,173,89,3,161,159,15,135,194,115,46,44,37,190,109,66,184,51,34,91,69,28,8,118,124,53,188,48,92,90,131,148,93,14,178,142,10,61,145,94,13,12,7,38,176,35,97,128,52,2,167,107,123,50,155,65,198,17,82,18,0,36,196,170,77,25,105,4,6,88,70,108,21,106,154,122,197,24,72,78,111,110,171,189,49,127,30,114,182,139,29,137,158,175,85,1,117,120,157,84,186,79,42,27,169,172,39,32,55,125,33,192,165,40,87,181,68,9,103,162,147,67,95,144,156,146,31,143,191,183,164,41,152,130,102,62,5,134,112,104,99,63,74,20,138,168,140,126,16,71,19,83,60,179,47,43,187,76,101,141,80,58,64,96,177,199,166,22,195,119,81,153,129,26,150,56,100,54,113,116,180,160,45,121];False
9333;6522;15855;[73,174,23,136,149,80,59,57,132,75,163,86,151,185,133,98,193,173,89,3,161,159,15,135,194,115,46,44,37,190,109,10,184,51,34,91,69,28,8,118,124,53,188,48,92,90,131,148,93,14,178,142,66,61,145,94,13,12,7,38,176,35,97,128,52,2,167,107,123,50,155,65,198,17,82,18,0,36,196,170,77,25,105,4,6,88,70,108,21,106,154,122,197,24,72,78,111,110,171,189,49,127,30,114,182,139,29,137,158,175,85,1,117,120,157,84,186,79,42,27,169,172,39,32,55,125,33,192,165,40,87,181,68,9,103,162,147,67,95,144,156,146,31,143,191,183,164,41,152,130,102,62,5,134,112,104,99,63,74,20,138,168,140,126,16,71,19,83,60,179,47,43,187,76,101,141,11,58,64,96,177,199,166,22,195,119,81,153,129,26,150,56,100,54,113,116,180,160,45,121];False
9309;6522;15831;[73,174,23,136,149,11,59,57,132,75,163,86,12,185,133,98,193,173,89,3,161,159,15,135,194,115,46,44,37,190,109,10,184,51,34,91,69,28,8,118,124,53,188,48,92,90,131,148,93,14,178,142,66,61,145,94,13,151,7,38,176,35,97,128,52,2,167,107,123,50,155,65,198,17,82,18,0,36,196,170,77,25,105,4,6,88,70,108,21,106,154,122,197,24,72,78,111,110,171,189,49,127,30,114,182,139,29,137,158,175,85,1,117,120,157,84,186,79,42,27,169,172,39,32,55,125,33,192,165,40,87,181,68,9,103,162,147,67,95,144,156,146,31,143,191,183,164,41,152,130,102,62,5,134,112,104,99,63,74,20,138,168,140,126,16,71,19,83,60,179,47,43,187,76,101,141,80,58,64,96,177,199,166,22,195,119,81,153,129,26,150,56,100,54,113,116,180,160,45,121];False
9300;6522;15822;[73,174,23,136,149,11,59,57,132,75,163,86,151,185,133,98,193,173,89,3,161,28,15,135,194,115,46,44,37,190,109,10,184,51,34,91,69,159,8,118,124,53,188,48,92,90,131,148,93,14,178,142,66,61,145,94,13,12,7,38,176,35,97,128,52,2,167,107,123,50,155,65,198,17,82,18,0,36,196,170,77,25,105,4,6,88,70,108,21,106,154,122,197,24,72,78,111,110,171,189,49,127,30,114,182,139,29,137,158,175,85,1,117,120,157,84,186,79,42,27,169,172,39,32,55,125,33,192,165,40,87,181,68,9,103,162,147,67,95,144,156,146,31,143,191,183,164,41,152,130,102,62,5,134,112,104,99,63,74,20,138,168,140,126,16,71,19,83,60,179,47,43,187,76,101,141,80,58,64,96,177,199,166,22,195,119,81,153,129,26,150,56,100,54,113,116,180,160,45,121];False
9306;6521;15827;[73,174,23,136,149,11,59,57,132,75,163,86,151,185,133,98,193,173,89,3,161,159,15,135,194,115,46,44,37,190,109,10,184,51,34,91,69,28,8,118,124,198,188,48,92,90,131,148,93,14,178,142,66,61,145,94,13,12,7,38,176,35,97,128,52,2,167,107,123,50,155,65,53,17,82,18,0,36,196,170,77,25,105,4,6,88,70,108,21,106,154,122,197,24,72,78,111,110,171,189,49,127,30,114,182,139,29,137,158,175,85,1,117,120,157,84,186,79,42,27,169,172,39,32,55,125,33,192,165,40,87,181,68,9,103,162,147,67,95,144,156,146,31,143,191,183,164,41,152,130,102,62,5,134,112,104,99,63,74,20,138,168,140,126,16,71,19,83,60,179,47,43,187,76,101,141,80,58,64,96,177,199,166,22,195,119,81,153,129,26,150,56,100,54,113,116,180,160,45,121];False
9570;6516;16086;[50,174,23,136,149,11,59,57,132,75,137,86,151,185,133,98,193,173,89,3,161,159,15,135,194,115,46,44,37,190,109,10,184,48,34,91,69,28,8,118,180,53,188,51,92,90,131,148,93,14,178,142,66,61,145,94,13,12,7,38,176,35,97,128,52,2,167,107,123,73,155,65,198,17,82,18,0,36,196,170,77,25,105,4,6,88,70,108,21,106,154,122,197,24,72,78,111,110,171,189,49,127,30,114,182,139,29,163,158,175,85,1,117,120,157,84,186,79,42,27,169,172,39,32,55,125,33,192,165,40,87,181,68,9,103,162,147,67,95,144,156,146,31,143,191,183,164,41,152,130,102,62,5,134,112,104,99,63,74,20,138,168,140,126,16,71,19,83,60,179,47,43,187,76,101,141,80,58,64,96,177,199,166,22,195,119,81,153,129,26,150,56,100,54,113,116,124,160,45,121];False
9455;6518;15973;[50,174,23,136,149,11,59,57,132,75,137,86,151,185,133,98,193,173,89,3,161,159,15,135,194,115,46,44,37,190,109,10,184,51,34,91,69,28,8,118,124,53,188,48,92,90,131,148,93,14,178,142,66,61,145,94,13,12,7,38,176,35,97,128,52,2,167,107,123,73,155,65,198,17,82,18,0,36,196,170,77,25,105,4,6,88,70,108,21,106,154,122,197,24,72,78,111,110,171,189,49,127,30,114,182,139,29,163,158,175,85,1,117,120,157,84,186,79,42,27,169,172,39,32,55,125,33,192,165,40,87,181,68,9,103,162,147,67,95,144,156,146,31,143,191,183,164,41,152,130,102,62,5,134,112,104,99,63,74,20,138,168,140,126,16,71,19,83,60,179,47,43,187,76,101,141,80,58,64,96,177,199,166,22,195,119,81,153,129,26,150,56,100,54,113,116,180,160,45,121];False
9226;6525;15751;[50,174,23,136,149,11,59,57,132,75,163,86,151,185,133,98,193,173,89,3,161,159,15,135,194,115,46,44,37,190,109,66,184,51,34,91,69,28,8,118,124,53,188,48,92,90,131,148,93,14,178,142,10,61,145,94,13,12,7,38,176,35,97,128,52,2,167,107,123,73,155,65,198,17,82,18,0,36,196,170,77,25,105,4,6,88,70,108,21,106,154,122,197,24,72,78,111,110,171,189,49,127,30,114,182,139,29,137,158,175,85,1,117,120,157,84,186,79,42,27,169,172,39,32,55,125,33,192,165,40,87,181,68,9,103,162,147,67,95,144,156,146,31,143,191,183,164,41,152,130,102,62,5,134,112,104,99,63,74,20,138,168,140,126,16,71,19,83,60,179,47,43,187,76,101,141,80,58,64,96,177,199,166,22,195,119,81,153,129,26,150,56,100,54,113,116,180,160,45,121];False
9357;6520;15877;[50,174,23,136,149,11,59,57,132,75,163,86,151,185,133,98,193,173,89,3,161,159,15,135,194,115,46,44,37,190,109,10,184,51,34,91,69,28,8,118,124,198,188,48,92,90,131,148,93,14,178,142,66,61,145,94,13,12,7,38,176,35,97,128,52,2,167,107,123,73,155,65,53,17,82,18,0,36,196,170,77,25,105,4,6,88,70,108,21,106,154,122,197,24,72,78,111,110,171,189,49,127,30,114,182,139,29,137,158,175,85,1,117,120,157,84,186,79,42,27,169,172,39,32,55,125,33,192,165,40,87,181,68,9,103,162,147,67,95,144,156,146,31,143,191,183,164,41,152,130,102,62,5,134,112,104,99,63,74,20,138,168,140,126,16,71,19,83,60,179,47,43,187,76,101,141,80,58,64,96,177,199,166,22,195,119,81,153,129,26,150,56,100,54,113,116,180,160,45,121];False
2047;7224;9271;[34,4,129,70,19,87,121,178,102,132,130,84,77,112,93,147,66,157,103,105,74,188,144,9,142,117,167,61,45,138,41,49,78,128,42,57,197,8,16,126,143,160,91,1,33,124,180,196,36,46,140,92,82,23,189,81,0,85,22,26,176,193,109,20,170,95,38,139,146,118,162,194,31,198,174,184,35,67,32,72,163,25,51,50,190,125,11,113,156,71,165,65,37,94,173,18,131,110,101,59,80,100,30,134,148,195,97,58,175,151,7,191,181,68,123,6,137,158,54,52,119,187,39,107,55,14,13,172,12,89,75,149,15,135,53,183,69,159,164,90,28,155,73,99,106,136,115,152,2,161,111,86,133,76,122,116,104,17,145,56,21,108,192,40,169,182,29,154,60,177,27,43,127,96,171,141,98,114,64,79,179,47,88,5,186,199,83,153,166,24,150,10,185,62,120,3,168,44,48,63];False
2031;7224;9255;[34,4,129,70,19,87,121,178,111,132,130,84,77,112,93,147,66,157,103,105,74,188,144,9,142,117,167,61,45,138,41,49,78,128,42,57,197,162,16,126,143,160,91,1,33,124,180,196,36,46,140,92,82,23,189,81,0,85,22,26,176,193,109,20,170,95,38,139,146,118,8,194,31,198,174,184,35,67,32,72,163,25,51,50,190,125,11,113,156,71,165,65,37,94,173,18,131,110,101,59,80,100,30,134,148,195,97,58,175,151,7,191,181,68,123,6,137,158,54,52,119,187,39,107,55,14,13,172,12,89,75,149,15,135,53,183,69,159,164,90,28,155,73,99,106,136,115,152,2,161,102,86,133,76,122,116,104,17,145,56,21,108,192,40,169,182,29,154,60,177,27,43,127,96,171,141,98,114,64,79,179,47,88,5,186,199,83,153,166,24,150,10,185,62,120,3,168,44,48,63];False
2014;7225;9239;[34,4,129,70,19,87,121,178,111,132,130,84,77,112,93,147,66,157,103,105,74,188,144,9,142,117,167,61,45,138,41,49,78,128,42,57,197,8,16,126,143,160,91,1,33,124,180,196,36,46,140,92,82,23,189,81,0,85,22,26,176,193,109,20,170,95,38,139,63,118,162,194,31,198,174,184,35,67,32,72,163,25,51,50,190,125,11,113,156,71,165,65,37,94,173,18,131,110,101,59,80,100,30,134,148,195,97,58,175,151,7,191,181,68,123,6,137,158,54,52,119,187,39,107,55,14,13,172,12,89,75,149,15,135,53,183,69,159,164,90,28,155,73,99,106,136,115,152,2,161,102,86,133,76,122,116,104,17,145,56,21,108,192,40,169,182,29,154,60,177,27,43,127,96,171,141,98,114,64,79,179,47,88,5,186,199,83,153,166,24,150,10,185,62,120,3,168,44,48,146];False
2047;7221;9268;[34,4,129,8,19,87,121,178,111,132,130,84,77,112,93,147,66,157,103,105,74,188,144,9,142,117,167,61,45,138,41,49,78,128,42,57,197,162,16,126,143,160,91,1,33,124,180,196,36,46,140,92,82,23,189,81,0,85,22,26,176,193,109,20,170,95,38,139,63,118,70,194,31,198,174,184,35,67,32,72,163,25,51,50,190,125,11,113,156,71,165,65,37,94,173,18,131,110,101,59,80,100,30,134,148,195,97,58,175,151,7,191,181,68,123,6,137,158,54,52,119,187,39,107,55,14,13,172,12,89,75,149,15,135,53,183,69,159,164,90,28,155,73,99,106,136,115,152,2,161,102,86,133,76,122,116,104,17,145,56,21,108,192,40,169,182,29,154,60,177,27,43,127,96,171,141,98,114,64,79,179,47,88,5,186,199,83,153,166,24,150,10,185,62,120,3,168,44,48,146];False
1938;7269;9207;[34,4,129,162,19,87,121,178,111,132,130,84,77,112,93,147,66,157,103,70,74,188,144,9,142,117,167,61,45,138,41,49,78,128,42,57,197,8,16,126,143,160,91,1,33,124,180,196,36,46,140,92,82,23,189,81,0,85,22,26,176,193,109,20,170,95,38,139,63,118,105,194,31,198,174,184,35,67,32,72,163,25,51,50,190,125,11,113,156,71,165,65,37,94,173,18,131,110,101,59,80,100,30,134,148,195,97,58,175,151,7,191,181,68,123,6,137,158,54,52,119,187,39,107,55,14,13,172,12,89,75,149,15,135,53,183,69,159,164,90,28,155,73,99,106,136,115,152,2,161,102,86,133,76,122,116,104,17,145,56,21,108,192,40,169,182,29,154,60,177,27,43,127,96,171,141,98,114,64,79,179,47,88,5,186,199,83,153,166,24,150,10,185,62,120,3,168,44,48,146];False
2070;7214;9284;[34,4,129,162,19,87,121,178,111,132,130,84,77,112,93,147,66,157,103,105,74,188,144,9,142,117,167,61,45,138,41,49,78,128,42,57,197,8,190,126,143,160,91,1,33,124,180,196,36,46,140,92,82,23,189,81,0,85,22,26,176,193,109,20,170,95,38,139,63,118,70,194,31,198,174,184,35,67,32,72,163,25,51,50,16,125,11,113,156,71,165,65,37,94,173,18,131,110,101,59,80,100,30,134,148,195,97,58,175,151,7,191,181,68,123,6,137,158,54,52,119,187,39,107,55,14,13,172,12,89,75,149,15,135,53,183,69,159,164,90,28,155,73,99,106,136,115,152,2,161,102,86,133,76,122,116,104,17,145,56,21,108,192,40,169,182,29,154,60,177,27,43,127,96,171,141,98,114,64,79,179,47,88,5,186,199,83,153,166,24,150,10,185,62,120,3,168,44,48,146];False
1897;7337;9234;[93,118,129,162,19,87,121,178,111,132,130,84,77,112,34,147,66,157,103,105,74,188,144,184,142,117,167,61,45,138,41,49,78,128,42,57,197,8,16,126,35,160,91,1,33,124,180,196,36,46,140,92,82,23,189,81,0,85,22,26,176,193,109,20,170,95,38,139,146,4,70,194,31,198,174,9,143,67,32,72,163,25,51,50,190,125,11,113,156,71,165,65,37,94,173,18,131,110,101,59,80,100,30,134,148,195,97,58,175,151,7,191,181,68,123,6,137,158,54,52,119,187,39,107,55,14,13,172,12,89,75,149,15,135,53,183,69,159,164,90,28,155,73,99,106,136,115,152,2,161,102,86,133,76,122,116,104,17,145,56,21,108,192,40,169,182,29,154,60,177,27,43,127,96,171,141,98,114,64,79,179,47,88,5,186,199,83,153,166,24,150,10,185,62,120,3,168,44,48,63];False
1921;7309;9230;[71,118,129,162,19,87,121,178,111,132,130,84,77,112,93,147,66,157,103,105,74,188,144,184,142,117,167,61,45,138,41,49,78,128,42,57,197,8,16,126,35,160,91,1,33,124,180,196,36,46,140,92,82,23,189,81,0,85,22,26,176,193,109,20,170,95,38,139,146,4,70,194,31,198,174,9,143,67,32,72,163,25,51,50,190,125,11,113,156,34,165,65,37,94,173,18,131,110,101,59,80,100,30,134,148,195,97,58,175,151,7,191,181,68,123,6,137,158,54,52,119,187,39,107,55,14,13,172,12,89,75,149,15,135,53,183,69,159,164,90,28,155,73,99,106,136,115,152,2,161,102,86,133,76,122,116,104,17,145,56,21,108,192,40,169,182,29,154,60,177,27,43,127,96,171,141,98,114,64,79,179,47,88,5,186,199,83,153,166,24,150,10,185,62,120,3,168,44,48,63];False
1916;7303;9219;[34,123,129,162,19,87,121,178,111,132,130,84,77,112,93,147,66,157,103,105,74,188,144,184,142,117,167,61,45,138,41,49,78,128,42,57,197,8,16,126,35,160,91,1,33,124,180,196,36,46,140,92,82,23,189,81,0,85,22,26,176,193,109,20,170,95,38,139,146,4,70,194,31,198,174,9,143,67,32,72,163,25,51,50,190,125,11,113,156,71,165,65,37,94,173,18,131,110,101,59,80,100,30,134,148,195,97,58,175,151,7,191,181,68,118,6,137,158,54,52,119,187,39,107,55,14,13,172,12,89,75,149,15,135,53,183,69,159,164,90,28,155,73,99,106,136,115,152,2,161,102,86,133,76,122,116,104,17,145,56,21,108,192,40,169,182,29,154,60,177,27,43,127,96,171,141,98,114,64,79,179,47,88,5,186,199,83,153,166,24,150,10,185,62,120,3,168,44,48,63];False
1930;7285;9215;[34,118,129,162,22,87,121,178,111,132,130,84,77,112,93,147,66,157,103,105,74,188,144,184,142,117,167,61,45,138,41,49,78,128,42,57,197,8,16,126,35,160,91,1,33,124,180,196,36,46,140,92,82,23,189,81,0,85,19,26,176,193,109,20,170,95,38,139,146,4,70,194,31,198,174,9,143,67,32,72,163,25,51,50,190,125,11,113,156,71,165,65,37,94,173,18,131,110,101,59,80,100,30,134,148,195,97,58,175,151,7,191,181,68,123,6,137,158,54,52,119,187,39,107,55,14,13,172,12,89,75,149,15,135,53,183,69,159,164,90,28,155,73,99,106,136,115,152,2,161,102,86,133,76,122,116,104,17,145,56,21,108,192,40,169,182,29,154,60,177,27,43,127,96,171,141,98,114,64,79,179,47,88,5,186,199,83,153,166,24,150,10,185,62,120,3,168,44,48,63];False
1933;7276;9209;[34,118,129,162,19,87,121,178,111,132,130,84,77,112,93,147,66,157,103,105,74,188,144,184,142,117,167,61,45,138,41,49,78,128,42,57,197,8,16,126,35,160,91,1,33,124,180,196,36,46,140,92,82,23,189,81,0,85,22,26,176,193,109,20,170,95,38,139,146,4,70,194,31,198,174,9,143,67,32,72,163,25,51,50,190,125,11,113,156,71,165,65,37,94,173,18,131,110,101,59,80,100,30,134,148,195,97,58,151,175,7,191,181,68,123,6,137,158,54,52,119,187,39,107,55,14,13,172,12,89,75,149,15,135,53,183,69,159,164,90,28,155,73,99,106,136,115,152,2,161,102,86,133,76,122,116,104,17,145,56,21,108,192,40,169,182,29,154,60,177,27,43,127,96,171,141,98,114,64,79,179,47,88,5,186,199,83,153,166,24,150,10,185,62,120,3,168,44,48,63];False
1892;7354;9246;[34,118,129,162,19,87,121,178,111,132,130,84,77,112,93,147,66,157,103,105,74,188,144,184,142,117,167,61,45,138,41,49,78,128,42,57,197,8,16,126,35,160,91,1,33,124,180,196,36,46,140,92,82,23,189,81,0,85,22,26,176,193,109,20,170,95,38,139,146,4,70,194,31,198,174,9,143,67,32,72,163,25,51,50,190,125,11,113,156,71,165,65,37,94,173,18,131,110,101,59,80,100,30,134,148,195,97,58,175,151,7,191,181,68,123,6,137,158,54,52,119,187,39,107,55,14,13,172,12,89,75,149,15,135,53,183,69,159,164,90,28,155,73,99,106,136,115,152,2,161,102,86,133,76,122,116,104,17,145,56,21,108,192,40,169,127,29,154,60,177,27,43,182,96,171,141,98,114,64,79,179,47,88,5,186,199,83,153,166,24,150,10,185,62,120,3,168,44,48,63];False
2044;7222;9266;[34,118,129,8,19,87,121,178,111,132,130,84,67,112,93,147,66,157,103,105,74,188,144,9,142,117,167,61,45,138,41,49,78,128,42,57,197,162,16,126,143,160,91,1,33,124,180,196,36,46,140,92,82,77,189,81,0,85,22,26,176,193,109,20,170,95,38,139,146,4,70,194,31,198,174,184,35,23,32,72,163,25,51,50,190,125,11,113,156,71,165,65,37,94,173,18,131,110,101,59,80,100,30,134,148,195,97,58,175,151,7,191,181,68,123,6,137,158,54,52,119,187,39,107,55,14,13,172,12,89,75,149,15,135,53,183,69,159,164,90,28,155,73,99,106,136,115,152,2,161,102,86,133,76,122,116,104,17,145,56,21,108,192,40,169,182,29,154,60,177,27,43,127,96,171,141,98,114,64,79,179,47,88,5,186,199,83,153,166,24,150,10,185,62,120,3,168,44,48,63];False
1999;7242;9241;[34,118,129,162,19,87,121,178,102,132,130,84,67,112,93,147,66,157,103,105,74,188,144,9,142,117,167,61,45,138,41,49,78,128,42,57,197,8,16,126,143,160,91,1,33,124,180,196,36,46,140,92,82,77,189,81,0,85,22,26,176,193,109,20,170,95,38,139,146,4,70,194,31,198,174,184,35,23,32,72,163,25,51,50,190,125,11,113,156,71,165,65,37,94,173,18,131,110,101,59,80,100,30,134,148,195,97,58,175,151,7,191,181,68,123,6,137,158,54,52,119,187,39,107,55,14,13,172,12,89,75,149,15,135,53,183,69,159,164,90,28,155,73,99,106,136,115,152,2,161,111,86,133,76,122,116,104,17,145,56,21,108,192,40,169,182,29,154,60,177,27,43,127,96,171,141,98,114,64,79,179,47,88,5,186,199,83,153,166,24,150,10,185,62,120,3,168,44,48,63];False
2067;7215;9282;[34,118,129,162,19,87,121,178,111,132,130,84,67,112,93,147,66,157,103,105,74,188,144,9,142,117,167,61,45,138,41,49,78,128,42,57,197,8,190,126,143,160,91,1,33,124,180,196,36,46,140,92,82,77,189,81,0,85,22,26,176,193,109,20,170,95,38,139,146,4,70,194,31,198,174,184,35,23,32,72,163,25,51,50,16,125,11,113,156,71,165,65,37,94,173,18,131,110,101,59,80,100,30,134,148,195,97,58,175,151,7,191,181,68,123,6,137,158,54,52,119,187,39,107,55,14,13,172,12,89,75,149,15,135,53,183,69,159,164,90,28,155,73,99,106,136,115,152,2,161,102,86,133,76,122,116,104,17,145,56,21,108,192,40,169,182,29,154,60,177,27,43,127,96,171,141,98,114,64,79,179,47,88,5,186,199,83,153,166,24,150,10,185,62,120,3,168,44,48,63];False
1933;7264;9197;[34,118,129,162,19,87,121,178,111,132,130,84,67,112,93,147,66,157,103,105,74,188,144,9,142,117,167,61,45,138,41,49,78,128,42,57,197,8,16,126,143,160,91,1,33,124,180,196,36,46,140,92,82,77,189,23,0,85,22,26,176,193,109,20,170,95,38,139,146,4,70,194,31,198,174,184,35,81,32,72,163,25,51,50,190,125,11,113,156,71,165,65,37,94,173,18,131,110,101,59,80,100,30,134,148,195,97,58,175,151,7,191,181,68,123,6,137,158,54,52,119,187,39,107,55,14,13,172,12,89,75,149,15,135,53,183,69,159,164,90,28,155,73,99,106,136,115,152,2,161,102,86,133,76,122,116,104,17,145,56,21,108,192,40,169,182,29,154,60,177,27,43,127,96,171,141,98,114,64,79,179,47,88,5,186,199,83,153,166,24,150,10,185,62,120,3,168,44,48,63];False
1976;7245;9221;[34,118,129,162,19,87,121,178,111,132,130,84,67,112,93,147,66,157,103,105,74,188,144,9,142,117,167,61,45,138,41,49,78,128,42,57,197,8,16,126,143,160,91,1,33,124,180,196,36,46,140,92,82,77,189,81,0,85,22,26,176,193,109,20,170,95,38,139,146,4,70,194,31,198,174,184,35,23,32,72,163,25,51,50,190,125,11,113,156,71,165,65,37,94,173,18,131,110,101,59,80,100,30,134,148,195,97,58,151,175,7,191,181,68,123,6,137,158,54,52,119,187,39,107,55,14,13,172,12,89,75,149,15,135,53,183,69,159,164,90,28,155,73,99,106,136,115,152,2,161,102,86,133,76,122,116,104,17,145,56,21,108,192,40,169,182,29,154,60,177,27,43,127,96,171,141,98,114,64,79,179,47,88,5,186,199,83,153,166,24,150,10,185,62,120,3,168,44,48,63];False
1910;7322;9232;[34,123,129,162,22,87,121,178,127,132,130,84,77,112,93,147,66,157,103,105,74,188,144,184,142,117,167,61,45,138,41,49,78,128,42,57,197,8,16,126,35,160,91,1,33,124,180,196,36,46,140,92,82,23,189,81,0,85,19,26,176,193,109,20,170,95,38,139,146,4,70,194,31,198,174,9,143,67,32,72,163,25,51,50,190,125,11,113,156,71,165,65,37,94,173,18,131,110,101,59,80,100,30,134,148,195,97,58,175,151,7,191,181,68,118,6,137,158,54,52,119,187,39,107,55,14,13,172,12,89,75,149,15,135,53,183,69,159,164,90,28,155,73,99,106,136,115,152,2,161,102,86,133,76,122,116,104,17,145,56,21,108,192,40,169,182,29,154,60,177,27,43,111,96,171,141,98,114,64,79,179,47,88,5,186,199,83,153,166,24,150,10,185,62,120,3,168,44,48,63];False
1913;7313;9226;[34,123,129,162,19,87,121,178,127,132,130,84,77,112,93,147,66,157,103,105,74,188,144,184,142,117,167,61,45,138,41,49,78,128,42,57,197,8,16,126,35,160,91,1,33,124,180,196,36,46,140,92,82,23,189,81,0,85,22,26,176,193,109,20,170,95,38,139,146,4,70,194,31,198,174,9,143,67,32,72,163,25,51,50,190,125,11,113,156,71,165,65,37,94,173,18,131,110,101,59,80,100,30,134,148,195,97,58,151,175,7,191,181,68,118,6,137,158,54,52,119,187,39,107,55,14,13,172,12,89,75,149,15,135,53,183,69,159,164,90,28,155,73,99,106,136,115,152,2,161,102,86,133,76,122,116,104,17,145,56,21,108,192,40,169,182,29,154,60,177,27,43,111,96,171,141,98,114,64,79,179,47,88,5,186,199,83,153,166,24,150,10,185,62,120,3,168,44,48,63];False
1882;7360;9242;[34,123,129,162,19,87,121,178,127,132,130,84,77,112,93,147,66,157,103,105,74,188,144,184,142,117,167,61,45,138,41,49,78,128,42,57,197,8,16,126,35,160,91,1,33,124,180,196,36,46,140,92,82,23,189,81,0,85,22,26,176,193,109,20,170,95,38,139,146,4,70,194,31,198,174,9,143,67,32,72,163,25,51,50,190,125,11,113,156,71,165,65,37,94,173,18,131,110,101,59,80,100,30,134,148,195,97,58,175,151,7,191,181,68,118,6,137,158,54,52,119,187,39,107,55,14,13,172,12,89,75,149,15,135,53,183,69,159,164,90,28,155,73,99,106,136,115,152,2,161,102,86,133,76,122,43,104,17,145,56,21,108,192,40,169,182,29,154,60,177,27,116,111,96,171,141,98,114,64,79,179,47,88,5,186,199,83,153,166,24,150,10,185,62,120,3,168,44,48,63];False
1882;7349;9231;[144,118,129,162,19,87,121,178,127,132,130,84,77,112,34,147,66,157,103,105,74,188,93,184,142,117,167,61,45,138,41,49,78,128,42,57,197,8,16,126,35,160,91,1,33,124,180,196,36,46,140,92,82,23,189,81,0,85,22,26,176,193,109,20,170,95,38,139,146,4,70,194,31,198,174,9,143,67,32,72,163,25,51,50,190,125,11,113,156,71,165,65,37,94,173,18,131,110,101,59,80,100,30,134,148,195,97,58,175,151,7,191,181,68,123,6,137,158,54,52,119,187,39,107,55,14,13,172,12,89,75,149,15,135,53,183,69,159,164,90,28,155,73,99,106,136,115,152,2,161,102,86,133,76,122,116,104,17,145,56,21,108,192,40,169,182,29,154,60,177,27,43,111,96,171,141,98,114,64,79,179,47,88,5,186,199,83,153,166,24,150,10,185,62,120,3,168,44,48,63];False
1894;7347;9241;[93,118,129,162,19,87,121,178,127,132,130,84,77,112,34,147,66,157,103,105,74,188,144,184,142,117,167,61,45,138,41,49,78,128,42,57,197,8,16,126,35,160,91,1,33,124,180,196,36,46,140,92,82,23,189,81,0,85,22,26,176,193,109,20,170,95,38,139,146,4,70,194,31,198,174,9,143,67,32,72,163,25,51,50,190,125,11,113,156,71,165,65,37,94,173,18,131,110,101,59,80,100,30,134,148,195,97,58,151,175,7,191,181,68,123,6,137,158,54,52,119,187,39,107,55,14,13,172,12,89,75,149,15,135,53,183,69,159,164,90,28,155,73,99,106,136,115,152,2,161,102,86,133,76,122,116,104,17,145,56,21,108,192,40,169,182,29,154,60,177,27,43,111,96,171,141,98,114,64,79,179,47,88,5,186,199,83,153,166,24,150,10,185,62,120,3,168,44,48,63];False
1863;7394;9257;[93,118,129,162,19,87,121,178,127,132,130,84,77,112,34,147,66,157,103,105,74,188,144,184,142,117,167,61,45,138,41,49,78,128,42,57,197,8,16,126,35,160,91,1,33,124,180,196,36,46,140,92,82,23,189,81,0,85,22,26,176,193,109,20,170,95,38,139,146,4,70,194,31,198,174,9,143,67,32,72,163,25,51,50,190,125,11,113,156,71,165,65,37,94,173,18,131,110,101,59,80,100,30,134,148,195,97,58,175,151,7,191,181,68,123,6,137,158,54,52,119,187,39,107,55,14,13,172,12,89,75,149,15,135,53,183,69,159,164,90,28,155,73,99,106,136,115,152,2,161,102,86,133,76,122,43,104,17,145,56,21,108,192,40,169,182,29,154,60,177,27,116,111,96,171,141,98,114,64,79,179,47,88,5,186,199,83,153,166,24,150,10,185,62,120,3,168,44,48,63];False
1927;7295;9222;[34,118,129,162,22,87,121,178,127,132,130,84,77,112,93,147,66,157,103,105,74,188,144,184,142,117,167,61,45,138,41,49,78,128,42,57,197,8,16,126,35,160,91,1,33,124,180,196,36,46,140,92,82,23,189,81,0,85,19,26,176,193,109,20,170,95,38,139,146,4,70,194,31,198,174,9,143,67,32,72,163,25,51,50,190,125,11,113,156,71,165,65,37,94,173,18,131,110,101,59,80,100,30,134,148,195,97,58,151,175,7,191,181,68,123,6,137,158,54,52,119,187,39,107,55,14,13,172,12,89,75,149,15,135,53,183,69,159,164,90,28,155,73,99,106,136,115,152,2,161,102,86,133,76,122,116,104,17,145,56,21,108,192,40,169,182,29,154,60,177,27,43,111,96,171,141,98,114,64,79,179,47,88,5,186,199,83,153,166,24,150,10,185,62,120,3,168,44,48,63];False
1896;7342;9238;[34,118,129,162,22,87,121,178,127,132,130,84,77,112,93,147,66,157,103,105,74,188,144,184,142,117,167,61,45,138,41,49,78,128,42,57,197,8,16,126,35,160,91,1,33,124,180,196,36,46,140,92,82,23,189,81,0,85,19,26,176,193,109,20,170,95,38,139,146,4,70,194,31,198,174,9,143,67,32,72,163,25,51,50,190,125,11,113,156,71,165,65,37,94,173,18,131,110,101,59,80,100,30,134,148,195,97,58,175,151,7,191,181,68,123,6,137,158,54,52,119,187,39,107,55,14,13,172,12,89,75,149,15,135,53,183,69,159,164,90,28,155,73,99,106,136,115,152,2,161,102,86,133,76,122,43,104,17,145,56,21,108,192,40,169,182,29,154,60,177,27,116,111,96,171,141,98,114,64,79,179,47,88,5,186,199,83,153,166,24,150,10,185,62,120,3,168,44,48,63];False
1899;7333;9232;[34,118,129,162,19,87,121,178,127,132,130,84,77,112,93,147,66,157,103,105,74,188,144,184,142,117,167,61,45,138,41,49,78,128,42,57,197,8,16,126,35,160,91,1,33,124,180,196,36,46,140,92,82,23,189,81,0,85,22,26,176,193,109,20,170,95,38,139,146,4,70,194,31,198,174,9,143,67,32,72,163,25,51,50,190,125,11,113,156,71,165,65,37,94,173,18,131,110,101,59,80,100,30,134,148,195,97,58,151,175,7,191,181,68,123,6,137,158,54,52,119,187,39,107,55,14,13,172,12,89,75,149,15,135,53,183,69,159,164,90,28,155,73,99,106,136,115,152,2,161,102,86,133,76,122,43,104,17,145,56,21,108,192,40,169,182,29,154,60,177,27,116,111,96,171,141,98,114,64,79,179,47,88,5,186,199,83,153,166,24,150,10,185,62,120,3,168,44,48,63];False
1876;7373;9249;[136,118,129,162,22,87,121,178,127,132,130,84,77,112,34,147,66,157,103,105,74,188,144,184,142,117,167,61,45,138,41,49,78,128,42,57,197,8,16,126,35,160,91,1,33,124,180,196,36,46,140,92,82,23,189,81,0,85,19,26,176,193,109,20,170,95,38,139,146,4,70,194,31,198,174,9,143,67,32,72,163,25,51,50,190,125,11,113,156,71,165,65,37,94,173,18,131,110,101,59,80,100,30,134,148,195,97,58,175,151,7,191,181,68,123,6,137,158,54,52,119,187,39,107,55,14,13,172,12,89,75,149,15,135,53,183,69,159,164,90,28,155,73,99,106,93,115,152,2,161,102,86,133,76,122,116,104,17,145,56,21,108,192,40,169,182,29,154,60,177,27,43,111,96,171,141,98,114,64,79,179,47,88,5,186,199,83,153,166,24,150,10,185,62,120,3,168,44,48,63];False
1852;7426;9278;[136,118,129,162,19,87,121,178,127,132,130,84,77,112,34,147,66,157,103,105,74,188,144,184,142,117,167,61,45,138,41,49,78,128,42,57,197,8,16,126,35,160,91,1,33,124,180,196,36,46,140,92,82,23,189,81,0,85,22,26,176,193,109,20,170,95,38,139,146,4,70,194,31,198,174,9,143,67,32,72,163,25,51,50,190,125,11,113,156,71,165,65,37,94,173,18,131,149,101,59,80,100,30,134,148,195,97,58,175,151,7,191,181,68,123,6,137,158,54,52,119,187,39,107,55,14,13,172,12,89,75,110,15,135,53,183,69,159,164,90,28,155,73,99,106,93,115,152,2,161,102,86,133,76,122,116,104,17,145,56,21,108,192,40,169,182,29,154,60,177,27,43,111,96,171,141,98,114,64,79,179,47,88,5,186,199,83,153,166,24,150,10,185,62,120,3,168,44,48,63];False
1875;7384;9259;[136,118,129,162,19,87,121,178,127,132,130,84,77,112,34,147,66,157,103,105,74,188,144,184,142,117,167,61,45,138,41,49,78,128,42,57,197,8,16,126,35,160,91,1,33,124,180,196,36,46,140,92,82,23,189,81,0,85,22,26,176,193,109,20,170,95,38,139,146,4,70,194,31,198,174,9,143,67,32,72,163,25,51,50,190,125,11,113,156,71,165,65,37,94,173,18,131,110,101,59,80,100,30,134,148,195,97,137,175,151,7,191,181,68,123,6,58,158,54,52,119,187,39,107,55,14,13,172,12,89,75,149,15,135,53,183,69,159,164,90,28,155,73,99,106,93,115,152,2,161,102,86,133,76,122,116,104,17,145,56,21,108,192,40,169,182,29,154,60,177,27,43,111,96,171,141,98,114,64,79,179,47,88,5,186,199,83,153,166,24,150,10,185,62,120,3,168,44,48,63];False
1879;7364;9243;[136,118,129,162,19,87,121,178,127,132,130,84,77,112,34,147,66,157,103,105,74,188,144,184,142,117,167,61,45,138,41,49,78,128,42,57,197,8,16,126,35,160,91,1,33,124,180,196,36,46,140,92,82,23,189,81,0,85,22,26,176,193,109,20,170,95,38,139,146,4,70,194,31,198,174,9,143,67,32,72,163,25,51,50,190,125,11,113,156,71,165,65,37,94,173,18,131,110,101,59,80,100,30,134,148,195,97,58,151,175,7,191,181,68,123,6,137,158,54,52,119,187,39,107,55,14,13,172,12,89,75,149,15,135,53,183,69,159,164,90,28,155,73,99,106,93,115,152,2,161,102,86,133,76,122,116,104,17,145,56,21,108,192,40,169,182,29,154,60,177,27,43,111,96,171,141,98,114,64,79,179,47,88,5,186,199,83,153,166,24,150,10,185,62,120,3,168,44,48,63];False
1861;7408;9269;[136,118,129,162,19,87,121,178,127,132,130,84,77,112,34,147,66,157,103,105,74,188,144,184,142,117,167,61,45,138,41,49,78,128,42,57,197,8,16,126,35,160,91,1,33,124,180,196,36,46,140,92,82,23,189,81,0,85,22,26,176,193,109,20,170,95,38,139,146,4,70,194,31,198,174,9,143,67,32,72,163,25,51,50,190,125,11,113,156,71,165,65,37,94,173,18,131,110,101,59,80,100,30,134,148,195,97,58,175,151,7,191,181,68,123,6,137,158,54,52,119,187,39,107,55,14,13,172,12,89,75,149,15,108,53,183,69,159,164,90,28,155,73,99,106,93,115,152,2,161,102,86,133,76,122,116,104,17,145,56,21,135,192,40,169,182,29,154,60,177,27,43,111,96,171,141,98,114,64,79,179,47,88,5,186,199,83,153,166,24,150,10,185,62,120,3,168,44,48,63];False
1848;7411;9259;[136,118,129,162,19,87,121,178,127,132,130,84,77,112,34,147,66,157,103,105,74,188,144,184,142,117,167,61,45,138,41,49,78,128,42,57,197,8,16,126,35,160,91,1,33,124,180,196,36,46,140,92,82,23,189,81,0,85,22,26,176,193,109,20,170,95,38,139,146,4,70,194,31,198,174,9,143,67,32,72,163,25,51,50,190,125,11,113,156,71,165,65,37,94,173,18,131,110,101,59,80,100,30,134,148,195,97,58,175,151,7,191,181,68,123,6,137,158,54,52,119,187,39,107,55,14,13,172,12,89,75,149,15,135,53,183,69,159,164,90,28,155,73,99,106,93,115,152,2,161,102,86,133,76,122,43,104,17,145,56,21,108,192,40,169,182,29,154,60,177,27,116,111,96,171,141,98,114,64,79,179,47,88,5,186,199,83,153,166,24,150,10,185,62,120,3,168,44,48,63];False
1835;7462;9297;[136,118,129,162,19,87,121,178,127,132,130,84,77,112,34,147,66,157,103,105,74,188,144,9,24,117,167,61,45,138,41,49,78,128,42,57,197,8,16,126,35,160,91,1,33,124,180,196,36,46,140,92,82,23,189,81,0,85,22,26,176,193,109,20,170,95,38,139,146,4,70,194,31,198,174,184,143,67,32,72,163,25,51,50,190,125,11,113,156,71,165,65,37,94,173,18,131,110,101,59,80,100,30,134,148,195,97,58,175,151,7,191,181,68,123,6,137,158,54,52,119,187,39,107,55,14,13,172,12,89,75,149,15,135,53,183,69,159,164,90,28,155,73,99,106,93,115,152,2,161,102,86,133,76,122,43,104,17,145,56,21,108,192,40,169,182,29,154,60,177,27,116,111,96,171,141,98,114,64,79,179,47,88,5,186,199,83,153,166,142,150,10,185,62,120,3,168,44,48,63];False
1834;7466;9300;[136,118,129,162,19,87,121,178,127,132,130,84,77,112,34,147,66,157,103,105,74,188,144,9,142,117,167,61,45,138,41,49,78,128,42,57,197,8,16,126,35,160,91,1,33,124,180,196,36,46,140,92,82,23,189,81,0,85,22,26,176,193,109,20,170,95,38,139,146,4,70,194,31,198,174,184,143,67,32,72,163,25,51,50,190,125,11,113,156,71,165,65,37,94,173,18,131,149,101,59,80,100,30,134,148,195,97,58,175,151,7,191,181,68,123,6,137,158,54,52,119,187,39,107,55,14,13,172,12,89,75,110,15,135,53,183,69,159,164,90,28,155,73,99,106,93,115,152,2,161,102,86,133,76,122,43,104,17,145,56,21,108,192,40,169,182,29,154,60,177,27,116,111,96,171,141,98,114,64,79,179,47,88,5,186,199,83,153,166,24,150,10,185,62,120,3,168,44,48,63];False
1861;7404;9265;[136,118,129,162,19,87,121,178,127,132,130,84,77,112,34,147,66,157,103,105,74,188,144,9,142,117,167,61,45,138,41,49,78,128,42,57,197,8,16,126,35,160,91,1,33,124,180,196,36,46,140,92,82,23,189,81,0,85,22,26,176,193,109,20,170,95,38,139,146,4,70,194,31,198,174,184,143,67,32,72,163,25,51,50,190,125,11,113,156,71,165,65,37,94,173,18,131,110,101,59,80,100,30,134,148,195,97,58,151,175,7,191,181,68,123,6,137,158,54,52,119,187,39,107,55,14,13,172,12,89,75,149,15,135,53,183,69,159,164,90,28,155,73,99,106,93,115,152,2,161,102,86,133,76,122,43,104,17,145,56,21,108,192,40,169,182,29,154,60,177,27,116,111,96,171,141,98,114,64,79,179,47,88,5,186,199,83,153,166,24,150,10,185,62,120,3,168,44,48,63];False
1843;7448;9291;[136,118,129,162,19,87,121,178,127,132,130,84,77,112,34,147,66,157,103,105,74,188,144,9,142,117,167,61,45,138,41,49,78,128,42,57,197,8,16,126,35,160,91,1,33,124,180,196,36,46,140,92,82,23,189,81,0,85,22,26,176,193,109,20,170,95,38,139,146,4,70,194,31,198,174,184,143,67,32,72,163,25,51,50,190,125,11,113,156,71,165,65,37,94,173,18,131,110,101,59,80,100,30,134,148,195,97,58,175,151,7,191,181,68,123,6,137,158,54,52,119,187,39,107,55,14,13,172,12,89,75,149,15,108,53,183,69,159,164,90,28,155,73,99,106,93,115,152,2,161,102,86,133,76,122,43,104,17,145,56,21,135,192,40,169,182,29,154,60,177,27,116,111,96,171,141,98,114,64,79,179,47,88,5,186,199,83,153,166,24,150,10,185,62,120,3,168,44,48,63];False
1847;7444;9291;[136,118,129,162,19,87,121,178,127,132,130,84,77,112,34,147,66,157,103,105,74,188,144,9,142,117,167,61,45,138,41,49,78,128,42,57,197,8,16,126,35,160,91,1,33,124,180,196,36,46,140,92,82,23,189,81,0,85,22,26,176,193,109,20,170,95,38,139,146,4,70,194,31,198,174,184,143,67,32,72,163,25,51,50,190,125,11,113,156,71,165,65,37,94,173,18,131,110,101,59,80,100,30,134,148,195,97,58,175,151,7,191,181,68,123,6,137,158,54,52,119,187,39,107,55,14,13,172,12,89,75,149,15,135,53,183,69,159,164,90,28,155,73,99,106,93,115,152,2,161,102,86,133,153,122,43,104,17,145,56,21,108,192,40,169,182,29,154,60,177,27,116,111,96,171,141,98,114,64,79,179,47,88,5,186,199,83,76,166,24,150,10,185,62,120,3,168,44,48,63];False
1842;7455;9297;[136,118,129,162,22,87,121,178,127,132,130,84,77,112,34,147,66,157,103,105,74,188,144,9,24,117,167,61,45,138,41,49,78,128,42,57,197,8,16,126,143,160,91,1,33,124,180,196,36,46,140,92,82,23,189,81,0,85,19,26,176,193,109,20,170,95,38,139,146,4,70,194,31,198,174,184,35,67,32,72,163,25,51,50,190,125,11,113,156,71,165,65,37,94,173,18,131,110,101,59,80,100,30,134,148,195,97,58,175,151,7,191,181,68,123,6,137,158,54,52,119,187,39,107,55,14,13,172,12,89,75,149,15,135,53,183,69,159,164,90,28,155,73,99,106,93,115,152,2,161,102,86,133,76,122,43,104,17,145,56,21,108,192,40,169,182,29,154,60,177,27,116,111,96,171,141,98,114,64,79,179,47,88,5,186,199,83,153,166,142,150,10,185,62,120,3,168,44,48,63];False
1826;7470;9296;[136,118,129,162,19,87,121,178,127,132,130,84,77,112,34,147,66,157,103,105,74,188,144,9,24,117,167,61,45,138,41,49,78,128,42,57,197,8,16,126,143,160,91,1,33,124,180,196,36,46,140,92,82,23,189,81,0,85,22,26,176,193,109,20,170,166,38,139,146,4,70,194,31,198,174,184,35,67,32,72,163,25,51,50,190,125,11,113,156,71,165,65,37,94,173,18,131,110,101,59,80,100,30,134,148,195,97,58,175,151,7,191,181,68,123,6,137,158,54,52,119,187,39,107,55,14,13,172,12,89,75,149,15,135,53,183,69,159,164,90,28,155,73,99,106,93,115,152,2,161,102,86,133,76,122,43,104,17,145,56,21,108,192,40,169,182,29,154,60,177,27,116,111,96,171,141,98,114,64,79,179,47,88,5,186,199,83,153,95,142,150,10,185,62,120,3,168,44,48,63];False
1846;7443;9289;[136,118,129,162,19,87,121,178,127,132,130,84,77,112,34,147,66,157,103,105,74,188,144,9,24,117,167,61,45,138,41,49,78,128,42,57,197,8,16,126,143,160,91,1,33,124,180,196,36,46,140,92,82,23,189,81,0,85,22,26,176,193,109,20,170,95,38,139,146,4,70,194,31,198,142,184,35,67,32,72,163,25,51,50,190,125,11,113,156,71,165,65,37,94,173,18,131,110,101,59,80,100,30,134,148,195,97,58,175,151,7,191,181,68,123,6,137,158,54,52,119,187,39,107,55,14,13,172,12,89,75,149,15,135,53,183,69,159,164,90,28,155,73,99,106,93,115,152,2,161,102,86,133,76,122,43,104,17,145,56,21,108,192,40,169,182,29,154,60,177,27,116,111,96,171,141,98,114,64,79,179,47,88,5,186,199,83,153,166,174,150,10,185,62,120,3,168,44,48,63];False
1845;7446;9291;[136,118,129,162,19,87,121,178,127,132,130,84,77,112,34,147,66,157,103,105,74,188,144,9,24,117,167,61,45,138,41,49,78,128,42,57,197,8,16,126,143,160,91,1,33,124,180,196,36,46,140,92,82,23,189,81,0,85,22,26,176,193,109,20,170,95,38,139,146,4,70,194,31,198,174,184,35,67,32,72,163,25,51,50,190,125,11,113,156,71,165,65,37,94,173,18,131,110,101,59,80,100,30,134,148,195,97,58,151,175,7,191,181,68,123,6,137,158,54,52,119,187,39,107,55,14,13,172,12,89,75,149,15,135,53,183,69,159,164,90,28,155,73,99,106,93,115,152,2,161,102,86,133,76,122,43,104,17,145,56,21,108,192,40,169,182,29,154,60,177,27,116,111,96,171,141,98,114,64,79,179,47,88,5,186,199,83,153,166,142,150,10,185,62,120,3,168,44,48,63];False
2142;7185;9327;[73,6,129,70,19,87,121,178,102,132,130,84,77,112,93,147,66,157,103,105,74,188,144,31,142,117,167,61,45,138,41,49,78,128,42,57,197,126,20,146,118,160,91,1,33,124,180,196,36,46,140,92,143,23,189,81,0,85,22,26,176,193,109,190,170,95,38,139,9,4,162,145,34,198,174,184,35,67,32,72,163,25,51,8,16,125,11,113,156,71,165,65,37,94,173,18,131,110,101,59,80,100,30,134,148,195,97,58,175,151,7,191,181,68,123,82,137,158,54,52,119,187,39,107,55,14,13,172,12,89,75,149,15,135,53,183,69,159,164,90,28,155,50,99,106,136,115,152,2,161,111,86,133,76,122,116,104,17,194,56,21,108,192,40,169,182,29,154,60,177,27,43,127,96,171,141,98,114,64,79,179,47,88,5,186,199,83,153,166,24,150,10,185,62,120,3,168,44,48,63];False
2074;7195;9269;[73,6,129,70,19,87,121,178,111,132,130,84,77,112,93,147,66,157,103,105,74,188,144,31,142,117,167,61,45,138,41,49,78,128,42,57,197,126,20,146,118,160,162,1,33,124,180,196,36,46,140,92,143,23,189,81,0,85,22,26,176,193,109,190,170,95,38,139,9,4,91,145,34,198,174,184,35,67,32,72,163,25,51,8,16,125,11,113,156,71,165,65,37,94,173,18,131,110,101,59,80,100,30,134,148,195,97,58,175,151,7,191,181,68,123,82,137,158,54,52,119,187,39,107,55,14,13,172,12,89,75,149,15,135,53,183,69,159,164,90,28,155,50,99,106,136,115,152,2,161,102,86,133,76,122,116,104,17,194,56,21,108,192,40,169,182,29,154,60,177,27,43,127,96,171,141,98,114,64,79,179,47,88,5,186,199,83,153,166,24,150,10,185,62,120,3,168,44,48,63];True
2153;7183;9336;[73,6,129,70,19,87,121,178,111,132,130,84,77,112,93,147,66,157,103,105,74,188,144,31,142,117,167,61,45,138,41,49,78,128,42,57,197,126,20,146,118,160,91,1,33,124,180,196,36,46,140,92,143,67,189,81,0,85,22,26,176,193,109,190,170,95,38,139,9,4,162,145,34,198,174,184,35,23,32,72,163,25,51,8,16,125,11,113,156,71,165,65,37,94,173,18,131,110,101,59,80,100,30,134,148,195,97,58,175,151,7,191,181,68,123,82,137,158,54,52,119,187,39,107,55,14,13,172,12,89,75,149,15,135,53,183,69,159,164,90,28,155,50,99,106,136,115,152,2,161,102,86,133,76,122,116,104,17,194,56,21,108,192,40,169,182,29,154,60,177,27,43,127,96,171,141,98,114,64,79,179,47,88,5,186,199,83,153,166,24,150,10,185,62,120,3,168,44,48,63];False
2107;7189;9296;[73,6,129,70,19,87,121,178,111,132,130,84,77,112,93,147,66,157,103,105,74,188,144,31,142,117,167,61,45,138,41,49,78,128,42,57,197,126,20,146,118,160,91,1,33,124,180,196,36,46,140,92,143,23,189,81,0,85,22,26,176,193,109,190,170,95,38,139,9,28,162,145,34,198,174,184,35,67,32,72,163,25,51,8,16,125,11,113,156,71,165,65,37,94,173,18,131,110,101,59,80,100,30,134,148,195,97,58,175,151,7,191,181,68,123,82,137,158,54,52,119,187,39,107,55,14,13,172,12,89,75,149,15,135,53,183,69,159,164,90,4,155,50,99,106,136,115,152,2,161,102,86,133,76,122,116,104,17,194,56,21,108,192,40,169,182,29,154,60,177,27,43,127,96,171,141,98,114,64,79,179,47,88,5,186,199,83,153,166,24,150,10,185,62,120,3,168,44,48,63];False
2136;7186;9322;[73,6,129,70,19,87,121,178,111,132,130,84,77,112,93,147,66,157,103,105,74,188,144,31,142,117,167,61,45,138,41,49,78,128,42,57,197,126,20,146,118,160,91,1,33,124,180,196,36,46,140,92,143,23,189,81,0,85,22,26,176,193,109,190,170,95,38,139,9,4,162,145,34,198,174,184,35,67,32,72,163,25,51,8,16,125,11,113,156,71,165,65,37,94,173,18,137,110,101,59,80,100,30,134,148,195,97,58,175,151,7,191,181,68,123,82,131,158,54,52,119,187,39,107,55,14,13,172,12,89,75,149,15,135,53,183,69,159,164,90,28,155,50,99,106,136,115,152,2,161,102,86,133,76,122,116,104,17,194,56,21,108,192,40,169,182,29,154,60,177,27,43,127,96,171,141,98,114,64,79,179,47,88,5,186,199,83,153,166,24,150,10,185,62,120,3,168,44,48,63];False
2119;7188;9307;[73,6,129,70,19,87,121,178,111,132,130,84,77,112,93,147,66,157,103,105,74,188,144,31,142,117,167,61,45,138,41,49,78,128,42,57,197,126,20,146,118,160,91,1,33,124,180,196,36,46,140,92,143,23,189,81,0,85,22,26,176,193,109,190,170,95,38,139,9,4,162,145,34,198,174,184,35,67,32,72,163,25,51,8,16,125,11,113,156,71,165,65,37,94,173,18,131,110,101,59,80,100,30,134,148,195,97,58,151,175,7,191,181,68,123,82,137,158,54,52,119,187,39,107,55,14,13,172,12,89,75,149,15,135,53,183,69,159,164,90,28,155,50,99,106,136,115,152,2,161,102,86,133,76,122,116,104,17,194,56,21,108,192,40,169,182,29,154,60,177,27,43,127,96,171,141,98,114,64,79,179,47,88,5,186,199,83,153,166,24,150,10,185,62,120,3,168,44,48,63];False
2067;7214;9281;[73,6,129,162,22,87,121,178,111,132,130,84,77,112,93,147,66,157,103,105,74,188,144,31,142,117,167,61,45,138,41,49,78,128,42,57,197,126,20,146,118,160,91,1,33,124,180,196,36,46,140,92,143,23,189,81,0,85,19,26,176,193,109,190,170,95,38,139,9,4,136,145,34,198,174,184,35,67,32,72,163,25,51,8,16,125,11,113,156,71,165,65,37,94,173,18,131,110,101,59,80,100,30,134,148,195,97,58,175,151,7,191,181,68,123,82,137,158,54,52,119,187,39,107,55,14,13,172,12,89,75,149,15,135,53,183,69,159,164,90,28,155,50,99,106,70,115,152,2,161,102,86,133,76,122,116,104,17,194,56,21,108,192,40,169,182,29,154,60,177,27,43,127,96,171,141,98,114,64,79,179,47,88,5,186,199,83,153,166,24,150,10,185,62,120,3,168,44,48,63];False
2069;7213;9282;[73,6,129,162,19,87,121,178,127,132,130,84,77,112,93,147,66,157,103,105,74,188,144,31,142,117,167,61,45,138,41,49,78,128,42,57,197,126,20,146,118,160,91,1,33,124,180,196,36,46,140,92,143,23,189,81,0,85,22,26,176,193,109,190,170,95,38,139,9,4,136,145,34,198,174,184,35,67,32,72,163,25,51,8,16,125,11,113,156,71,165,65,37,94,173,18,131,110,101,59,80,100,30,134,148,195,97,58,175,151,7,191,181,68,123,82,137,158,54,52,119,187,39,107,55,14,13,172,12,89,75,149,15,135,53,183,69,159,164,90,28,155,50,99,106,70,115,152,2,161,102,86,133,76,122,116,104,17,194,56,21,108,192,40,169,182,29,154,60,177,27,43,111,96,171,141,98,114,64,79,179,47,88,5,186,199,83,153,166,24,150,10,185,62,120,3,168,44,48,63];False
2065;7216;9281;[73,6,129,162,19,87,121,178,111,132,130,84,77,112,93,147,66,157,103,105,4,188,144,31,142,117,167,61,45,138,41,49,78,128,42,57,197,126,20,146,118,160,91,1,33,124,180,196,36,46,140,92,143,23,189,81,0,85,22,26,176,193,109,190,170,95,38,139,9,74,136,145,34,198,174,184,35,67,32,72,163,25,51,8,16,125,11,113,156,71,165,65,37,94,173,18,131,110,101,59,80,100,30,134,148,195,97,58,175,151,7,191,181,68,123,82,137,158,54,52,119,187,39,107,55,14,13,172,12,89,75,149,15,135,53,183,69,159,164,90,28,155,50,99,106,70,115,152,2,161,102,86,133,76,122,116,104,17,194,56,21,108,192,40,169,182,29,154,60,177,27,43,127,96,171,141,98,114,64,79,179,47,88,5,186,199,83,153,166,24,150,10,185,62,120,3,168,44,48,63];False
2043;7216;9259;[73,6,129,162,19,87,121,178,111,132,130,84,77,112,93,147,66,157,103,105,74,188,144,31,142,117,167,61,45,138,41,49,78,128,42,57,197,126,20,146,118,160,91,1,33,124,180,196,36,46,140,92,143,23,189,81,0,85,22,26,176,193,136,190,170,95,38,139,9,4,109,145,34,198,174,184,35,67,32,72,163,25,51,8,16,125,11,113,156,71,165,65,37,94,173,18,131,110,101,59,80,100,30,134,148,195,97,58,175,151,7,191,181,68,123,82,137,158,54,52,119,187,39,107,55,14,13,172,12,89,75,149,15,135,53,183,69,159,164,90,28,155,50,99,106,70,115,152,2,161,102,86,133,76,122,116,104,17,194,56,21,108,192,40,169,182,29,154,60,177,27,43,127,96,171,141,98,114,64,79,179,47,88,5,186,199,83,153,166,24,150,10,185,62,120,3,168,44,48,63];False
2070;7205;9275;[73,6,129,162,19,87,121,178,111,132,130,84,77,112,93,147,66,157,103,105,74,188,144,31,142,117,167,61,45,138,41,49,78,128,42,57,197,126,20,146,118,160,91,1,33,124,180,196,36,46,140,92,143,23,189,81,0,85,22,26,176,193,109,190,170,95,38,139,9,4,136,145,34,198,174,184,35,67,32,72,163,25,51,8,16,125,11,113,156,71,165,65,37,94,173,18,131,110,101,59,80,100,30,134,148,195,97,58,151,175,7,191,181,68,123,82,137,158,54,52,119,187,39,107,55,14,13,172,12,89,75,149,15,135,53,183,69,159,164,90,28,155,50,99,106,70,115,152,2,161,102,86,133,76,122,116,104,17,194,56,21,108,192,40,169,182,29,154,60,177,27,43,127,96,171,141,98,114,64,79,179,47,88,5,186,199,83,153,166,24,150,10,185,62,120,3,168,44,48,63];False
2185;7141;9326;[34,4,121,162,147,67,32,91,172,12,130,84,77,112,93,184,66,157,103,105,74,188,144,31,142,117,167,61,45,22,41,49,78,128,42,57,197,146,118,126,143,160,138,1,33,124,180,196,36,46,140,92,82,23,189,81,0,85,19,26,176,193,109,190,170,95,38,139,65,20,70,194,51,198,174,178,9,6,129,2,163,25,50,8,16,125,11,113,156,71,165,87,37,94,173,18,131,110,101,59,80,100,30,134,148,195,97,58,175,151,7,191,181,68,123,72,137,158,54,52,119,187,39,107,55,14,13,111,132,89,75,149,15,135,53,183,69,159,164,90,28,155,73,99,106,136,115,152,35,161,102,86,133,76,122,116,104,17,145,56,21,108,192,40,169,182,29,154,60,177,27,43,127,96,171,141,98,114,64,79,179,47,88,5,186,199,83,153,166,24,150,10,185,62,120,3,168,44,48,63];False
2133;7157;9290;[34,4,121,162,147,67,32,138,172,12,130,84,77,112,93,184,66,157,103,105,74,188,144,51,142,117,167,61,45,22,41,49,78,128,42,57,197,146,118,126,143,160,91,1,33,124,180,196,36,46,140,92,82,23,189,81,0,85,19,26,176,193,109,190,170,95,38,139,65,20,70,194,31,198,174,178,9,6,129,2,163,25,50,8,16,125,11,113,156,71,165,87,37,94,173,18,131,110,101,59,80,100,30,134,148,195,97,58,175,151,7,191,181,68,123,72,137,158,54,52,119,187,39,107,55,14,13,111,132,89,75,149,15,135,53,183,69,159,164,90,28,155,73,99,106,136,115,152,35,161,102,86,133,76,122,116,104,17,145,56,21,108,192,40,169,182,29,154,60,177,27,43,127,96,171,141,98,114,64,79,179,47,88,5,186,199,83,153,166,24,150,10,185,62,120,3,168,44,48,63];False
2220;7118;9338;[34,4,121,162,147,67,32,138,172,12,130,84,77,112,93,184,66,157,103,105,74,188,144,31,142,117,167,61,45,19,41,49,78,128,42,57,197,146,118,126,143,160,91,1,33,124,180,196,36,46,140,92,82,23,189,81,0,85,22,26,176,193,109,190,170,95,38,139,65,20,70,194,51,198,174,178,9,6,129,2,163,25,50,8,16,125,11,113,156,71,165,87,37,94,173,18,131,110,101,59,80,100,30,134,148,195,97,58,175,151,7,191,181,68,123,72,137,158,54,52,119,187,39,107,55,14,13,111,132,89,75,149,15,135,53,183,69,159,164,90,28,155,73,99,106,136,115,152,35,161,102,86,133,76,122,116,104,17,145,56,21,108,192,40,169,182,29,154,60,177,27,43,127,96,171,141,98,114,64,79,179,47,88,5,186,199,83,153,166,24,150,10,185,62,120,3,168,44,48,63];False
2172;7146;9318;[34,4,121,162,147,67,32,138,172,12,130,84,77,112,93,184,66,157,103,105,74,188,144,31,142,117,167,61,45,22,41,49,78,128,42,57,197,146,118,126,143,160,91,1,33,124,180,196,36,46,140,92,82,23,189,81,0,85,19,26,176,193,109,190,170,95,38,139,65,20,70,194,8,198,174,178,9,6,129,2,163,25,50,51,16,125,11,113,156,71,165,87,37,94,173,18,131,110,101,59,80,100,30,134,148,195,97,58,175,151,7,191,181,68,123,72,137,158,54,52,119,187,39,107,55,14,13,111,132,89,75,149,15,135,53,183,69,159,164,90,28,155,73,99,106,136,115,152,35,161,102,86,133,76,122,116,104,17,145,56,21,108,192,40,169,182,29,154,60,177,27,43,127,96,171,141,98,114,64,79,179,47,88,5,186,199,83,153,166,24,150,10,185,62,120,3,168,44,48,63];False
2149;7149;9298;[34,4,121,162,147,67,32,138,172,12,130,84,77,112,93,184,66,157,103,105,74,188,144,31,142,117,167,61,45,22,41,49,78,128,42,57,197,146,118,126,143,160,91,1,33,124,180,196,36,46,140,92,82,23,189,81,0,85,19,26,176,193,109,190,170,95,38,139,65,20,70,194,29,198,174,178,9,6,129,2,163,25,50,8,16,125,11,113,156,71,165,87,37,94,173,18,131,110,101,59,80,100,30,134,148,195,97,58,175,151,7,191,181,68,123,72,137,158,54,52,119,187,39,107,55,14,13,111,132,89,75,149,15,135,53,183,69,159,164,90,28,155,73,99,106,136,115,152,35,161,102,86,133,76,122,116,104,17,145,56,21,108,192,40,169,182,51,154,60,177,27,43,127,96,171,141,98,114,64,79,179,47,88,5,186,199,83,153,166,24,150,10,185,62,120,3,168,44,48,63];False
2197;7138;9335;[50,4,121,162,147,67,32,138,172,12,130,84,77,112,93,184,66,157,103,105,74,188,144,31,142,117,167,61,45,22,41,49,78,128,42,57,197,146,118,126,143,160,91,1,33,124,180,196,36,46,140,92,82,23,189,81,0,85,19,26,176,193,109,190,170,95,38,139,65,20,70,194,34,198,174,178,9,6,129,2,163,25,51,8,16,125,11,113,156,71,165,87,37,94,173,18,86,110,101,59,80,100,30,134,148,195,97,58,151,175,7,191,181,68,123,72,131,158,54,52,119,187,39,107,55,14,13,111,132,89,75,149,15,135,53,183,69,159,164,90,28,155,73,99,106,136,115,152,35,161,102,137,133,76,122,116,104,17,145,56,21,108,192,40,169,182,29,154,60,177,27,43,127,96,171,141,98,114,64,79,179,47,88,5,186,199,83,153,166,24,150,10,185,62,120,3,168,44,48,63];False
1810;7520;9330;[13,172,12,22,26,178,147,3,2,130,84,117,77,112,106,24,66,157,103,105,74,188,93,118,10,110,167,61,45,138,41,49,78,128,42,57,37,121,162,126,143,160,91,1,33,14,94,196,36,182,140,92,82,23,189,81,87,85,104,46,146,193,136,144,170,95,38,139,19,20,51,149,34,194,180,123,90,111,32,72,163,25,70,65,16,190,11,113,156,71,165,184,31,8,173,18,131,0,101,59,80,100,30,134,148,195,97,137,175,151,7,191,181,68,198,142,58,158,54,52,29,187,39,107,55,124,176,67,132,89,75,4,15,135,53,183,69,159,164,9,28,155,73,99,109,50,115,152,35,161,102,86,133,76,122,116,44,125,145,56,21,108,192,40,169,129,119,154,60,177,27,43,127,96,171,141,98,114,64,79,179,47,88,5,186,199,83,153,166,174,150,6,185,62,120,197,168,17,48,63];False
1813;7519;9332;[13,172,12,22,26,178,147,3,2,130,84,117,77,112,106,24,66,157,103,105,74,188,93,118,10,110,167,61,45,138,41,49,78,128,42,57,37,121,162,126,143,160,91,1,33,14,94,196,36,182,140,92,82,23,189,81,87,85,104,46,146,193,136,144,170,95,38,139,19,20,51,149,34,194,180,123,90,67,32,72,163,25,70,65,16,190,11,113,156,71,165,184,31,8,173,18,131,0,101,59,80,100,30,134,148,195,97,137,175,151,7,191,181,68,198,142,58,158,54,52,29,187,39,107,55,124,176,111,132,89,75,4,15,135,53,183,69,159,164,9,28,155,73,99,109,50,115,152,35,161,102,86,133,76,122,116,17,125,145,56,21,108,192,40,169,129,119,154,60,177,27,43,127,96,171,141,98,114,64,79,179,47,88,5,186,199,83,153,166,174,150,6,185,62,120,197,168,44,48,63];False
1812;7511;9323;[13,172,12,22,26,178,147,3,2,130,84,117,77,112,106,24,66,157,103,105,74,188,93,118,10,0,167,61,45,138,41,49,78,128,42,57,37,121,162,126,143,160,91,1,33,14,94,196,36,182,140,92,82,23,189,81,87,85,104,46,146,193,136,144,170,95,38,139,19,20,51,149,34,194,180,123,90,111,32,72,163,25,70,65,16,190,125,113,156,71,165,184,31,8,173,18,131,110,101,59,80,100,30,134,148,195,97,137,175,151,7,191,181,68,198,142,58,158,54,52,29,187,39,107,55,124,176,67,132,89,75,4,15,135,53,183,69,159,164,9,28,155,73,99,109,50,115,152,35,161,102,86,133,76,122,116,44,11,145,56,21,108,192,40,169,129,119,154,60,177,27,43,127,96,171,141,98,114,64,79,179,47,88,5,186,199,83,153,166,174,150,6,185,62,120,197,168,17,48,63];False
1832;7466;9298;[13,172,12,22,26,178,147,3,2,130,84,117,77,112,106,24,66,157,103,105,74,188,93,118,10,0,167,61,45,138,41,49,78,128,42,57,37,121,162,126,143,160,91,1,33,14,94,196,36,182,140,92,82,23,189,81,87,85,104,46,146,193,136,144,170,95,38,139,19,20,51,149,34,194,180,123,90,67,32,72,163,25,70,65,16,190,125,113,156,71,165,184,31,8,173,18,131,110,101,59,80,100,30,134,148,195,97,137,175,151,7,191,181,68,198,142,58,158,54,52,29,187,39,107,55,124,176,111,132,89,75,4,15,135,53,183,69,159,164,9,28,155,73,99,109,50,115,152,35,161,102,86,133,76,122,116,44,154,145,56,21,108,192,40,169,129,119,11,60,177,27,43,127,96,171,141,98,114,64,79,179,47,88,5,186,199,83,153,166,174,150,6,185,62,120,197,168,17,48,63];False
1801;7530;9331;[13,172,12,22,26,178,147,3,2,130,84,117,77,112,106,24,66,157,103,105,74,188,93,118,10,0,101,61,45,138,41,49,78,128,42,57,37,121,162,126,143,160,91,1,33,14,94,196,36,182,140,92,82,23,189,81,87,85,104,20,146,193,136,144,170,95,38,139,19,46,51,149,34,194,180,123,90,111,32,72,163,25,70,65,16,190,11,113,156,71,165,184,31,8,173,18,131,110,167,59,80,100,30,134,148,195,97,137,175,151,7,191,181,68,198,142,58,158,54,52,29,187,39,107,55,124,176,67,132,89,75,4,15,135,53,183,69,159,164,9,28,155,73,99,109,50,115,152,35,161,102,86,133,76,122,116,17,125,145,56,21,108,192,40,169,129,119,154,60,177,27,43,127,96,171,141,98,114,64,79,179,47,88,5,186,199,83,153,166,174,150,6,185,62,120,197,168,44,48,63];False
1784;7568;9352;[13,172,12,22,26,178,147,3,2,130,132,117,77,112,106,24,66,157,103,105,74,188,93,118,10,0,101,61,45,138,41,49,78,128,42,57,37,121,162,126,143,160,91,1,33,14,94,196,36,182,140,92,82,23,189,81,87,85,104,46,146,193,136,144,170,95,38,139,19,20,51,149,34,194,180,123,90,111,32,72,163,25,70,65,16,190,125,113,156,71,165,184,31,8,173,18,131,110,167,59,80,100,30,134,148,195,97,137,175,151,7,191,181,68,198,142,58,158,54,52,29,187,39,107,55,124,176,67,84,89,75,4,15,135,53,183,69,159,164,9,28,155,73,99,109,50,115,152,35,161,102,86,133,76,122,116,44,11,145,56,21,108,192,40,169,129,119,154,60,177,27,43,127,96,171,141,98,114,64,79,179,47,88,5,186,199,83,153,166,174,150,6,185,62,120,197,168,17,48,63];False
1796;7521;9317;[13,172,12,22,26,178,147,3,2,130,84,117,77,112,106,24,66,157,103,105,74,188,93,118,10,0,101,61,45,138,41,49,78,128,42,57,37,121,162,126,143,160,91,1,33,14,94,196,36,182,140,92,82,23,189,81,87,85,104,46,146,193,136,144,170,95,38,139,19,20,51,149,34,194,180,123,90,111,32,72,163,25,70,65,16,190,125,113,156,71,165,184,31,8,173,18,131,110,167,59,80,100,30,134,148,195,97,137,175,151,7,191,181,68,198,142,58,158,54,52,29,187,39,107,55,124,176,67,132,89,75,4,15,135,53,183,69,159,164,9,28,155,73,99,109,50,115,152,35,161,102,86,133,76,122,116,44,154,145,56,21,108,192,40,169,129,119,11,60,177,27,43,127,96,171,141,98,114,64,79,179,47,88,5,186,199,83,153,166,174,150,6,185,62,120,197,168,17,48,63];False
1788;7555;9343;[13,172,132,22,26,178,147,3,2,130,84,117,77,112,106,24,66,157,103,105,74,188,93,118,10,0,101,61,45,138,41,49,78,128,42,57,37,121,162,126,143,160,91,1,33,14,94,196,36,182,140,92,82,23,189,81,87,85,104,46,146,193,136,144,170,95,38,139,19,20,51,149,34,194,180,123,90,111,32,72,163,25,70,65,16,190,11,113,156,71,165,184,31,8,173,18,131,110,167,59,80,100,30,134,148,195,97,137,175,151,7,191,181,68,198,142,58,158,54,52,29,187,39,107,55,124,176,67,12,89,75,4,15,135,53,183,69,159,164,9,28,155,73,99,109,50,115,152,35,161,102,86,133,76,122,116,17,125,145,56,21,108,192,40,169,129,119,154,60,177,27,43,127,96,171,141,98,114,64,79,179,47,88,5,186,199,83,153,166,174,150,6,185,62,120,197,168,44,48,63];False
1791;7552;9343;[13,172,12,22,26,178,147,3,2,130,132,117,77,112,106,24,66,157,103,105,74,188,93,118,10,0,101,61,45,138,41,49,78,128,42,57,37,121,162,126,143,160,91,1,33,14,94,196,36,182,140,92,82,23,189,81,87,85,104,46,146,193,136,144,170,95,38,139,19,20,51,149,34,194,180,123,90,111,32,72,163,25,70,65,16,190,11,113,156,71,165,184,31,8,173,18,131,110,167,59,80,100,30,134,148,195,97,137,175,151,7,191,181,68,198,142,58,158,54,52,29,187,39,107,55,124,176,67,84,89,75,4,15,135,53,183,69,159,164,9,28,155,73,99,109,50,115,152,35,161,102,86,133,76,122,116,17,125,145,56,21,108,192,40,169,129,119,154,60,177,27,43,127,96,171,141,98,114,64,79,179,47,88,5,186,199,83,153,166,174,150,6,185,62,120,197,168,44,48,63];False
1819;7495;9314;[13,172,12,22,26,178,147,3,2,130,84,117,77,112,106,24,66,157,103,105,74,188,93,118,10,0,167,61,45,138,41,49,78,128,42,57,37,121,162,126,143,160,91,1,33,14,94,196,36,182,140,92,82,23,189,81,87,85,104,46,146,193,136,144,170,95,38,139,19,20,51,149,34,194,180,123,90,111,32,72,163,25,70,65,16,190,11,113,156,71,165,184,31,8,173,18,131,110,101,59,80,100,30,134,148,195,97,137,175,151,7,191,181,68,198,142,58,158,54,52,29,187,39,107,55,124,176,67,132,89,75,4,15,135,53,183,69,159,164,9,28,155,73,99,109,50,115,152,35,161,102,86,133,76,122,116,17,125,145,56,21,108,192,40,169,129,119,154,60,177,27,43,127,96,171,141,98,114,64,79,179,47,88,5,186,199,83,153,166,174,150,6,185,62,120,197,168,44,48,63];False
1763;7581;9344;[13,172,12,22,26,178,147,3,2,130,84,117,77,112,106,24,66,157,103,105,74,188,93,118,10,0,101,61,45,138,41,49,78,128,42,57,37,121,162,126,143,160,91,1,33,14,94,196,36,182,140,92,82,23,189,81,87,85,104,46,146,193,136,144,170,95,38,139,19,20,51,149,34,194,180,123,90,111,32,72,163,25,70,65,16,190,11,113,156,71,165,184,31,8,173,18,131,110,167,59,80,100,30,134,148,195,97,137,175,151,7,191,181,68,198,142,58,158,54,52,29,187,39,107,55,124,176,67,132,89,75,4,15,135,53,183,69,159,164,9,28,155,73,99,109,50,115,152,35,161,102,86,133,76,122,116,17,145,125,56,21,108,192,40,169,129,119,154,60,177,27,43,127,96,171,141,98,114,64,79,179,47,88,5,186,199,83,153,166,174,150,6,185,62,120,197,168,44,48,63];False
1781;7561;9342;[13,172,12,22,26,178,147,3,2,130,84,117,77,112,106,24,66,157,103,105,74,188,93,118,10,0,101,61,45,138,41,49,78,128,42,57,37,121,162,126,143,160,91,1,33,14,94,196,36,182,140,92,82,23,189,81,87,85,104,20,146,193,136,144,170,95,38,139,19,46,51,149,34,194,180,123,90,67,32,72,163,25,70,65,16,190,11,113,156,71,165,184,31,8,173,18,131,110,167,59,80,100,30,134,148,195,97,137,175,151,7,191,181,68,198,142,58,158,54,52,29,187,39,107,55,124,176,111,132,89,75,4,15,135,53,183,69,159,164,9,28,155,73,99,109,50,115,152,35,161,102,86,133,76,122,116,17,145,125,56,21,108,192,40,169,129,119,154,60,177,27,43,127,96,171,141,98,114,64,79,179,47,88,5,186,199,83,153,166,174,150,6,185,62,120,197,168,44,48,63];False
2242;7113;9355;[50,4,121,162,147,67,32,19,172,12,130,84,77,112,93,184,66,157,103,105,74,188,144,31,142,117,167,61,45,138,41,49,78,128,42,57,197,146,118,126,143,160,91,1,33,124,180,196,36,46,140,92,82,23,189,81,0,85,22,26,176,193,109,190,170,95,38,139,65,20,70,194,34,198,174,178,9,6,129,2,163,25,51,8,16,125,11,113,156,71,165,87,37,94,173,18,86,110,101,59,80,100,30,134,148,195,97,58,151,175,7,191,181,68,123,72,131,158,54,52,119,187,39,107,55,14,13,111,132,89,75,149,15,135,53,183,69,159,164,90,28,155,73,99,106,136,115,152,35,161,102,137,133,76,122,116,104,17,145,56,21,108,192,40,169,182,29,154,60,177,27,43,127,96,171,141,98,114,64,79,179,47,88,5,186,199,83,153,166,24,150,10,185,62,120,3,168,44,48,63];False
2201;7127;9328;[50,4,121,162,147,67,32,19,172,12,130,84,77,112,93,184,66,157,103,105,74,188,144,31,142,117,167,61,45,138,41,49,78,128,42,57,197,146,118,126,143,160,91,1,33,124,180,196,36,46,140,92,82,23,189,81,0,85,22,26,176,193,109,190,170,95,38,139,65,20,70,194,34,198,174,178,9,6,129,2,163,25,51,8,16,125,11,113,156,71,165,87,37,94,173,18,137,175,101,59,80,100,30,134,148,195,97,58,151,110,7,191,181,68,123,72,131,158,54,52,119,187,39,107,55,14,13,111,132,89,75,149,15,135,53,183,69,159,164,90,28,155,73,99,106,136,115,152,35,161,102,86,133,76,122,116,104,17,145,56,21,108,192,40,169,182,29,154,60,177,27,43,127,96,171,141,98,114,64,79,179,47,88,5,186,199,83,153,166,24,150,10,185,62,120,3,168,44,48,63];False
2229;7113;9342;[50,4,121,162,147,67,32,91,172,12,130,84,77,112,93,184,66,157,103,105,74,188,144,31,142,117,167,61,45,19,41,49,78,128,42,57,197,146,118,126,143,160,138,1,33,124,180,196,36,46,140,92,82,23,189,81,0,85,22,26,176,193,109,190,170,95,38,139,65,20,70,194,34,198,174,178,9,6,129,2,163,25,51,8,16,125,11,113,156,71,165,87,37,94,173,18,137,175,101,59,80,100,30,134,148,195,97,58,151,110,7,191,181,68,123,72,131,158,54,52,119,187,39,107,55,14,13,111,132,89,75,149,15,135,53,183,69,159,164,90,28,155,73,99,106,136,115,152,35,161,102,86,133,76,122,116,104,17,145,56,21,108,192,40,169,182,29,154,60,177,27,43,127,96,171,141,98,114,64,79,179,47,88,5,186,199,83,153,166,24,150,10,185,62,120,3,168,44,48,63];False
2188;7140;9328;[50,4,121,162,147,67,32,138,172,12,130,84,77,112,93,184,66,157,103,105,74,188,144,31,142,117,167,61,182,19,41,49,78,128,42,57,197,146,118,126,143,160,91,1,33,124,180,196,36,46,140,92,82,23,189,81,0,85,22,26,176,193,109,190,170,95,38,139,65,20,70,194,34,198,174,178,9,6,129,2,163,25,51,8,16,125,11,113,156,71,165,87,37,94,173,18,137,175,101,59,80,100,30,134,148,195,97,58,151,110,7,191,181,68,123,72,131,158,54,52,119,187,39,107,55,14,13,111,132,89,75,149,15,135,53,183,69,159,164,90,28,155,73,99,106,136,115,152,35,161,102,86,133,76,122,116,104,17,145,56,21,108,192,40,169,45,29,154,60,177,27,43,127,96,171,141,98,114,64,79,179,47,88,5,186,199,83,153,166,24,150,10,185,62,120,3,168,44,48,63];False
2384;7076;9460;[50,4,121,162,147,67,32,91,172,132,130,84,77,112,93,184,66,157,103,105,74,188,144,31,142,117,167,61,45,70,41,49,78,128,42,57,197,146,118,126,143,160,138,1,33,124,180,196,36,46,140,92,82,23,189,81,0,85,22,26,176,193,109,190,170,95,38,139,65,20,19,145,34,198,174,178,9,6,129,2,163,25,51,8,16,125,11,113,156,71,165,87,37,94,173,18,131,110,101,59,80,100,30,134,148,195,97,58,175,151,7,191,181,68,123,72,137,158,54,52,119,187,39,107,55,14,13,111,12,89,75,149,15,135,53,183,69,159,164,90,28,155,73,99,106,136,115,152,35,161,102,86,133,76,122,116,104,17,194,56,21,108,192,40,169,182,29,154,60,177,27,43,127,96,171,141,98,114,64,79,179,47,88,5,186,199,83,153,166,24,150,10,185,62,120,3,168,44,48,63];False
2360;7080;9440;[50,4,121,162,147,67,32,91,172,12,130,84,77,112,93,46,66,157,103,105,74,188,144,31,142,117,167,61,45,70,41,49,78,128,42,57,197,146,118,126,143,160,138,1,33,124,180,196,36,184,140,92,82,23,189,81,0,85,22,26,176,193,109,190,170,95,38,139,65,20,19,145,34,198,174,178,9,6,129,2,163,25,51,8,16,125,11,113,156,71,165,87,37,94,173,18,131,110,101,59,80,100,30,134,148,195,97,58,175,151,7,191,181,68,123,72,137,158,54,52,119,187,39,107,55,14,13,111,132,89,75,149,15,135,53,183,69,159,164,90,28,155,73,99,106,136,115,152,35,161,102,86,133,76,122,116,104,17,194,56,21,108,192,40,169,182,29,154,60,177,27,43,127,96,171,141,98,114,64,79,179,47,88,5,186,199,83,153,166,24,150,10,185,62,120,3,168,44,48,63];False
2300;7089;9389;[50,4,121,162,147,67,32,91,172,12,130,84,77,112,93,184,66,157,103,105,74,188,144,31,142,117,167,61,139,70,41,49,78,128,42,57,197,146,118,126,143,160,138,1,33,124,180,196,36,46,140,92,82,23,189,81,0,85,22,26,176,193,109,190,170,95,38,45,65,20,19,145,34,198,174,178,9,6,129,2,163,25,51,8,16,125,11,113,156,71,165,87,37,94,173,18,131,110,101,59,80,100,30,134,148,195,97,58,175,151,7,191,181,68,123,72,137,158,54,52,119,187,39,107,55,14,13,111,132,89,75,149,15,135,53,183,69,159,164,90,28,155,73,99,106,136,115,152,35,161,102,86,133,76,122,116,104,17,194,56,21,108,192,40,169,182,29,154,60,177,27,43,127,96,171,141,98,114,64,79,179,47,88,5,186,199,83,153,166,24,150,10,185,62,120,3,168,44,48,63];False
2308;7082;9390;[50,4,121,162,147,67,32,91,172,12,130,84,77,112,93,184,66,157,103,105,74,188,144,31,142,117,167,61,182,70,41,49,78,128,42,57,197,146,118,126,143,160,138,1,33,124,180,196,36,46,140,92,82,23,189,81,0,85,22,26,176,193,109,190,170,95,38,139,65,20,19,145,34,198,174,178,9,6,129,2,163,25,51,8,16,125,11,113,156,71,165,87,37,94,173,18,131,110,101,59,80,100,30,134,148,195,97,58,175,151,7,191,181,68,123,72,137,158,54,52,119,187,39,107,55,14,13,111,132,89,75,149,15,135,53,183,69,159,164,90,28,155,73,99,106,136,115,152,35,161,102,86,133,76,122,116,104,17,194,56,21,108,192,40,169,45,29,154,60,177,27,43,127,96,171,141,98,114,64,79,179,47,88,5,186,199,83,153,166,24,150,10,185,62,120,3,168,44,48,63];False
2275;7090;9365;[50,4,121,162,147,67,32,91,172,12,130,84,77,112,93,184,66,157,103,105,74,188,144,31,142,117,167,61,45,65,41,49,78,128,42,57,197,146,118,126,143,160,138,1,33,124,180,196,36,46,140,92,82,23,189,81,0,85,22,26,176,193,109,190,170,95,38,139,70,20,19,145,34,198,174,178,9,6,129,2,163,25,51,8,16,125,11,113,156,71,165,87,37,94,173,18,131,110,101,59,80,100,30,134,148,195,97,58,175,151,7,191,181,68,123,72,137,158,54,52,119,187,39,107,55,14,13,111,132,89,75,149,15,135,53,183,69,159,164,90,28,155,73,99,106,136,115,152,35,161,102,86,133,76,122,116,104,17,194,56,21,108,192,40,169,182,29,154,60,177,27,43,127,96,171,141,98,114,64,79,179,47,88,5,186,199,83,153,166,24,150,10,185,62,120,3,168,44,48,63];False
2379;7075;9454;[50,4,121,162,147,67,32,91,172,12,130,84,77,112,93,184,66,157,103,105,74,188,144,31,142,117,167,61,45,164,41,49,78,128,42,57,197,146,118,126,143,160,138,1,33,124,180,196,36,46,140,92,82,23,189,81,0,85,22,26,176,193,109,190,170,95,38,139,65,20,19,145,34,198,174,178,9,6,129,2,163,25,51,8,16,125,11,113,156,71,165,87,37,94,173,18,131,110,101,59,80,100,30,134,148,195,97,58,175,151,7,191,181,68,123,72,137,158,54,52,119,187,39,107,55,14,13,111,132,89,75,149,15,135,53,183,69,159,70,90,28,155,73,99,106,136,115,152,35,161,102,86,133,76,122,116,104,17,194,56,21,108,192,40,169,182,29,154,60,177,27,43,127,96,171,141,98,114,64,79,179,47,88,5,186,199,83,153,166,24,150,10,185,62,120,3,168,44,48,63];False
2351;7079;9430;[50,4,121,162,147,67,32,91,172,12,130,84,77,112,93,184,66,157,103,105,74,188,144,31,142,117,167,61,45,70,41,49,78,128,42,57,197,146,118,126,143,160,138,1,33,124,180,196,36,46,140,92,82,23,189,81,0,85,22,26,176,193,109,190,170,95,38,139,65,20,19,145,34,198,174,178,9,6,129,2,163,25,51,8,16,125,11,113,156,71,165,87,37,94,173,18,137,110,101,59,80,100,30,134,148,195,97,58,175,151,7,191,181,68,123,72,131,158,54,52,119,187,39,107,55,14,13,111,132,89,75,149,15,135,53,183,69,159,164,90,28,155,73,99,106,136,115,152,35,161,102,86,133,76,122,116,104,17,194,56,21,108,192,40,169,182,29,154,60,177,27,43,127,96,171,141,98,114,64,79,179,47,88,5,186,199,83,153,166,24,150,10,185,62,120,3,168,44,48,63];False
2378;7077;9455;[50,4,121,162,147,67,32,91,172,12,130,84,77,112,93,184,66,157,103,105,74,188,144,31,142,117,167,61,45,70,41,49,78,128,42,57,197,146,118,126,143,160,138,1,33,124,180,196,36,46,140,92,82,23,189,81,0,85,22,26,176,193,109,190,170,95,38,139,65,20,19,145,34,198,174,178,9,6,129,2,163,25,51,8,16,125,11,113,156,71,165,87,37,94,173,18,131,110,101,59,80,100,30,134,148,195,97,58,175,151,7,191,181,68,123,72,137,158,54,52,119,102,39,107,55,14,13,111,132,89,75,149,15,135,53,183,69,159,164,90,28,155,73,99,106,136,115,152,35,161,187,86,133,76,122,116,104,17,194,56,21,108,192,40,169,182,29,154,60,177,27,43,127,96,171,141,98,114,64,79,179,47,88,5,186,199,83,153,166,24,150,10,185,62,120,3,168,44,48,63];False
2195;7139;9334;[50,4,121,162,147,67,32,91,172,12,130,84,77,112,93,184,66,157,103,105,74,188,144,31,142,117,167,61,45,22,41,49,78,128,42,57,197,146,118,126,143,160,138,1,33,124,180,196,36,46,140,92,82,23,189,81,0,85,19,26,176,193,109,190,170,95,38,139,65,20,70,194,34,198,174,178,9,6,129,2,163,25,51,8,16,125,11,113,156,71,165,87,37,94,173,18,137,175,101,59,80,100,30,134,148,195,97,58,110,151,7,191,181,68,123,72,131,158,54,52,119,187,39,107,55,14,13,111,132,89,75,149,15,135,53,183,69,159,164,90,28,155,73,99,106,136,115,152,35,161,102,86,133,76,122,116,104,17,145,56,21,108,192,40,169,182,29,154,60,177,27,43,127,96,171,141,98,114,64,79,179,47,88,5,186,199,83,153,166,24,150,10,185,62,120,3,168,44,48,63];False
1699;7706;9405;[50,172,12,22,26,178,120,3,2,130,84,117,77,112,31,29,66,157,103,105,74,188,144,118,147,0,101,61,45,138,167,180,78,128,42,57,37,121,162,126,143,160,91,1,33,124,94,196,52,182,140,92,82,23,189,81,87,85,104,20,146,193,109,93,170,95,38,139,19,194,51,149,34,127,175,123,49,67,32,72,137,25,70,65,16,190,11,113,156,71,165,184,125,8,173,18,131,110,41,59,80,100,30,134,148,195,97,58,6,43,7,191,181,68,198,142,163,158,54,36,119,187,39,107,55,14,13,197,132,89,75,4,15,135,53,183,69,159,164,90,28,155,73,99,106,136,115,152,35,176,9,86,133,76,122,116,161,46,145,56,21,108,192,40,169,129,24,154,60,177,27,151,111,96,171,141,98,114,64,79,179,47,88,5,186,199,83,153,166,174,150,10,185,62,44,102,168,17,48,63];False
1719;7627;9346;[50,172,12,22,26,178,120,3,2,130,84,117,77,112,31,29,66,157,103,105,74,188,144,118,147,0,101,61,45,138,167,180,78,128,42,57,37,121,162,126,143,160,91,1,33,124,94,196,36,182,140,92,82,23,189,81,87,85,104,20,146,193,109,93,170,95,38,139,19,194,102,149,34,127,175,123,49,67,32,72,137,25,70,65,16,190,11,113,156,71,165,184,125,8,173,18,131,110,41,59,80,100,30,134,148,195,97,58,6,43,7,191,181,68,198,142,163,158,54,52,119,187,39,107,55,14,13,197,132,89,75,4,15,135,53,183,69,159,164,90,28,155,73,99,106,136,115,152,35,176,9,86,133,76,122,116,161,46,145,56,21,108,192,40,169,129,24,154,60,177,27,151,111,96,171,141,98,114,64,79,179,47,88,5,186,199,83,153,166,174,150,10,185,62,44,51,168,17,48,63];False
1698;7713;9411;[50,172,12,22,26,178,120,3,2,130,84,117,77,112,31,29,66,157,103,105,74,188,144,118,147,0,101,61,45,138,167,180,78,128,42,57,37,121,162,126,143,160,91,1,33,124,94,196,36,182,140,92,82,23,189,81,87,85,104,20,146,193,109,93,170,95,38,139,19,194,51,149,34,127,175,123,49,67,32,72,137,25,70,65,16,190,11,113,156,71,165,184,125,8,173,18,131,110,41,59,80,100,30,134,148,195,97,58,6,43,7,191,181,68,198,142,163,158,54,52,119,187,39,107,55,14,13,197,132,89,75,4,15,108,53,183,69,159,164,90,28,155,73,99,106,136,115,152,35,176,9,86,133,76,122,116,161,46,145,56,21,135,192,40,169,129,24,154,60,177,27,151,111,96,171,141,98,114,64,79,179,47,88,5,186,199,83,153,166,174,150,10,185,62,44,102,168,17,48,63];False
1738;7608;9346;[50,180,12,22,26,178,120,3,2,130,84,117,77,112,31,29,66,157,103,105,74,188,144,118,147,0,101,61,45,138,167,172,86,128,42,57,37,121,162,126,143,160,91,1,33,124,94,196,36,182,140,92,82,23,189,81,87,85,104,20,146,193,109,93,170,95,38,139,19,194,102,149,34,127,175,123,49,67,32,72,137,25,70,65,16,190,11,113,156,71,165,184,125,8,173,18,131,110,41,59,80,100,30,134,148,195,97,58,6,43,7,191,181,68,198,142,163,158,54,52,119,187,39,107,55,14,13,197,132,89,75,4,15,135,53,183,69,159,164,90,28,155,73,99,106,136,115,152,35,176,9,78,133,76,122,116,161,46,145,56,21,108,192,40,169,129,24,154,60,177,27,151,111,96,171,141,98,114,64,79,179,47,88,5,186,199,83,153,166,174,150,10,185,62,44,51,168,17,48,63];False
1758;7603;9361;[50,180,123,22,26,178,120,3,2,130,84,117,77,112,31,29,66,157,103,105,74,188,144,118,147,0,101,61,45,138,167,172,86,128,42,57,37,121,162,126,143,160,91,1,33,124,94,196,36,182,140,92,82,23,189,81,87,85,104,20,146,193,109,93,170,95,38,139,19,194,102,149,34,127,175,12,49,67,32,72,137,25,70,65,16,190,186,113,156,71,165,184,125,8,173,18,131,110,41,59,80,100,30,134,148,195,97,58,6,43,7,191,181,68,198,142,163,158,54,52,119,187,39,107,55,14,13,197,132,89,75,4,15,135,53,183,69,159,164,90,28,155,73,99,106,136,115,152,35,176,9,78,133,76,122,116,161,46,145,56,21,108,192,40,169,129,24,154,60,177,27,151,111,96,171,141,98,114,64,79,179,47,88,5,11,199,83,153,166,174,150,10,185,62,44,51,168,17,48,63];False
1755;7605;9360;[50,180,123,22,26,178,120,3,2,130,84,117,77,112,31,29,66,157,103,105,74,188,144,118,147,0,101,61,45,138,167,172,86,128,42,57,37,121,162,126,143,160,91,1,33,124,94,196,36,182,140,92,82,23,189,81,87,85,104,20,146,193,109,93,170,95,38,139,19,194,102,149,34,127,175,12,49,67,32,72,137,25,70,65,16,190,11,113,156,71,165,184,125,8,173,18,131,110,41,59,80,100,30,134,148,195,97,58,6,43,7,191,181,68,198,142,78,158,54,52,119,187,39,107,55,14,13,197,132,89,75,4,15,135,53,183,69,159,164,90,28,155,73,99,106,136,115,152,35,176,9,163,133,76,122,116,161,46,145,56,21,108,192,40,169,129,24,154,60,177,27,151,111,96,171,141,98,114,64,79,179,47,88,5,186,199,83,153,166,174,150,10,185,62,44,51,168,17,48,63];False
1757;7599;9356;[50,180,123,22,26,178,120,3,2,130,84,117,77,112,31,29,66,157,103,105,74,188,144,118,147,0,101,61,45,138,167,172,86,128,42,57,37,121,162,126,143,160,91,1,33,124,94,196,36,182,140,92,82,23,189,81,87,85,104,20,146,193,109,93,170,95,38,139,19,194,102,149,34,127,175,12,49,67,32,72,137,25,70,65,16,190,11,113,156,71,165,184,125,8,173,18,131,110,41,59,80,100,30,134,148,195,97,58,6,43,7,191,181,68,198,142,163,158,54,52,119,187,39,107,55,14,13,197,132,89,75,4,15,135,53,183,69,159,164,90,28,155,73,99,106,136,115,152,35,176,9,78,133,76,122,116,161,46,145,56,21,108,192,40,169,129,24,154,60,179,27,151,111,96,171,141,98,114,64,79,177,47,88,5,186,199,83,153,166,174,150,10,185,62,44,51,168,17,48,63];False
1750;7598;9348;[50,180,12,22,26,178,120,3,2,130,84,117,77,112,31,29,66,157,103,105,74,188,144,118,147,0,101,61,45,138,167,172,78,128,42,57,37,121,162,126,143,160,91,1,33,124,94,196,36,182,140,92,82,23,189,81,87,85,104,20,146,193,109,93,170,95,38,139,19,194,102,149,34,127,175,123,49,67,32,72,137,25,70,65,16,125,11,113,156,71,165,184,190,8,173,18,131,110,41,59,80,100,30,134,148,195,97,58,6,43,7,191,181,68,198,142,163,158,54,52,119,187,39,107,55,14,13,197,132,89,75,4,15,135,53,183,69,159,164,90,28,155,73,99,106,136,115,152,35,176,9,86,133,76,122,116,161,46,145,56,21,108,192,40,169,129,24,154,60,177,27,151,111,96,171,141,98,114,64,79,179,47,88,5,186,199,83,153,166,174,150,10,185,62,44,51,168,17,48,63];False
1780;7561;9341;[50,180,123,22,26,178,120,3,2,130,84,117,77,112,31,29,66,157,103,105,74,188,144,118,147,0,101,61,45,138,167,172,78,128,42,57,37,121,162,126,143,160,91,1,33,124,94,196,36,182,140,92,82,23,189,81,87,85,104,20,146,193,8,93,170,95,38,139,19,194,102,149,34,127,175,12,49,67,32,72,137,25,70,65,16,125,11,113,156,71,165,184,190,109,173,18,131,110,41,59,80,100,30,134,148,195,97,58,6,43,7,191,181,68,198,142,163,158,54,52,119,187,39,107,55,14,13,197,132,89,75,4,15,135,53,183,69,159,164,90,28,155,73,99,106,136,115,152,35,176,9,86,133,76,122,116,161,46,145,56,21,108,192,40,169,129,24,154,60,177,27,151,111,96,171,141,98,114,64,79,179,47,88,5,186,199,83,153,166,174,150,10,185,62,44,51,168,17,48,63];False
2185;7126;9311;[50,4,121,162,20,67,32,138,172,12,130,84,77,112,93,184,66,157,103,105,74,188,144,31,142,117,167,61,45,65,41,49,78,128,42,57,197,146,118,126,143,160,91,1,33,124,180,196,36,46,140,92,82,23,189,81,0,85,22,26,176,193,109,190,170,95,38,139,70,147,19,145,34,198,174,178,9,6,129,2,163,25,51,8,16,125,11,113,156,71,165,87,37,94,173,18,131,110,101,59,80,100,30,134,148,195,97,58,175,151,7,191,181,68,123,72,137,158,54,52,119,187,39,107,55,14,13,111,132,89,75,149,15,135,53,183,69,159,164,90,28,155,73,99,106,136,115,152,35,161,102,86,133,76,122,116,104,17,194,56,21,108,192,40,169,182,29,154,60,177,27,43,127,96,171,141,98,114,64,79,179,47,88,5,186,199,83,153,166,24,150,10,185,62,120,3,168,44,48,63];False
2224;7114;9338;[50,4,121,162,147,67,32,138,172,12,130,84,77,112,93,184,66,157,103,105,20,188,144,31,142,117,167,61,45,65,41,49,78,128,42,57,197,146,118,126,143,160,91,1,33,124,180,196,36,46,140,92,82,23,189,81,0,85,22,26,176,193,109,190,170,95,38,139,70,74,19,145,34,198,174,178,9,6,129,2,163,25,51,8,16,125,11,113,156,71,165,87,37,94,173,18,131,110,101,59,80,100,30,134,148,195,97,58,175,151,7,191,181,68,123,72,137,158,54,52,119,187,39,107,55,14,13,111,132,89,75,149,15,135,53,183,69,159,164,90,28,155,73,99,106,136,115,152,35,161,102,86,133,76,122,116,104,17,194,56,21,108,192,40,169,182,29,154,60,177,27,43,127,96,171,141,98,114,64,79,179,47,88,5,186,199,83,153,166,24,150,10,185,62,120,3,168,44,48,63];False
2372;7072;9444;[50,4,121,162,147,67,32,138,172,12,130,84,77,112,93,184,66,157,103,105,74,188,168,31,142,117,167,61,45,65,41,49,78,128,42,57,197,146,118,126,143,160,91,1,33,124,180,196,36,46,140,92,82,23,189,81,0,85,22,26,176,193,109,190,170,95,38,139,70,20,19,145,34,198,174,178,9,6,129,2,163,25,51,8,16,125,11,113,156,71,165,87,37,94,173,18,131,110,101,59,80,100,30,134,148,195,97,58,175,151,7,191,181,68,123,72,137,158,54,52,119,187,39,107,55,14,13,111,132,89,75,149,15,135,53,183,69,159,164,90,28,155,73,99,106,136,115,152,35,161,102,86,133,76,122,116,104,17,194,56,21,108,192,40,169,182,29,154,60,177,27,43,127,96,171,141,98,114,64,79,179,47,88,5,186,199,83,153,166,24,150,10,185,62,120,3,144,44,48,63];False
2345;7080;9425;[50,4,121,162,147,67,32,138,172,12,130,84,77,112,93,184,66,157,103,105,74,188,144,31,142,117,167,61,45,65,41,49,78,128,42,57,197,146,118,126,143,160,91,1,33,124,180,196,36,46,140,92,82,23,189,81,0,85,22,26,176,193,109,190,191,95,38,139,70,20,19,145,34,198,174,178,9,6,129,2,163,25,51,8,16,125,11,113,156,71,165,87,37,94,173,18,131,110,101,59,80,100,30,134,148,195,97,58,175,151,7,170,181,68,123,72,137,158,54,52,119,187,39,107,55,14,13,111,132,89,75,149,15,135,53,183,69,159,164,90,28,155,73,99,106,136,115,152,35,161,102,86,133,76,122,116,104,17,194,56,21,108,192,40,169,182,29,154,60,177,27,43,127,96,171,141,98,114,64,79,179,47,88,5,186,199,83,153,166,24,150,10,185,62,120,3,168,44,48,63];False
2269;7096;9365;[50,4,121,162,147,67,32,138,172,12,130,84,77,112,93,184,66,157,103,105,74,188,144,31,142,117,167,61,45,65,41,49,78,128,42,57,197,146,118,126,143,160,91,1,33,124,180,196,36,46,140,92,82,23,189,81,0,85,22,26,176,193,109,190,170,95,38,139,70,20,19,145,34,198,174,178,9,6,129,2,163,25,51,8,16,125,11,113,156,71,165,87,37,94,173,18,137,110,101,59,80,100,30,134,148,195,97,58,175,151,7,191,181,68,123,72,131,158,54,52,119,187,39,107,55,14,13,111,132,89,75,149,15,135,53,183,69,159,164,90,28,155,73,99,106,136,115,152,35,161,102,86,133,76,122,116,104,17,194,56,21,108,192,40,169,182,29,154,60,177,27,43,127,96,171,141,98,114,64,79,179,47,88,5,186,199,83,153,166,24,150,10,185,62,120,3,168,44,48,63];False
2255;7099;9354;[50,4,121,162,147,67,32,138,172,12,130,84,77,112,93,184,66,157,103,105,74,188,144,31,142,117,167,61,45,65,41,49,78,128,42,57,197,146,118,126,143,160,91,1,33,124,180,196,36,46,140,92,82,23,189,81,0,85,22,26,176,193,109,190,170,95,38,139,70,20,19,145,34,198,174,178,9,6,129,2,163,25,51,8,16,125,11,113,156,71,165,87,37,94,173,18,131,110,101,59,80,100,30,134,148,195,97,58,151,175,7,191,181,68,123,72,137,158,54,52,119,187,39,107,55,14,13,111,132,89,75,149,15,135,53,183,69,159,164,90,28,155,73,99,106,136,115,152,35,161,102,86,133,76,122,116,104,17,194,56,21,108,192,40,169,182,29,154,60,177,27,43,127,96,171,141,98,114,64,79,179,47,88,5,186,199,83,153,166,24,150,10,185,62,120,3,168,44,48,63];False
2350;7077;9427;[50,4,121,162,147,67,32,138,172,12,130,84,77,112,93,184,66,157,103,105,74,188,144,31,142,117,167,61,45,65,41,49,78,128,42,57,197,146,118,126,143,160,91,1,33,124,180,196,36,46,140,92,82,23,189,81,0,85,22,26,176,193,109,190,170,95,38,139,70,20,19,145,34,198,174,178,9,6,129,2,163,25,51,8,16,125,11,113,156,71,165,87,37,94,173,18,131,110,101,59,80,100,30,134,148,195,97,58,175,151,7,191,181,68,123,72,137,158,62,52,119,187,39,107,55,14,13,111,132,89,75,149,15,135,53,183,69,159,164,90,28,155,73,99,106,136,115,152,35,161,102,86,133,76,122,116,104,17,194,56,21,108,192,40,169,182,29,154,60,177,27,43,127,96,171,141,98,114,64,79,179,47,88,5,186,199,83,153,166,24,150,10,185,54,120,3,168,44,48,63];False
1744;7584;9328;[50,180,41,22,26,178,120,3,2,130,84,117,77,112,31,29,66,157,103,105,74,188,144,118,147,0,101,61,45,138,167,172,78,128,42,57,37,121,162,126,143,160,91,1,33,124,94,196,36,182,140,92,82,23,189,81,87,85,104,20,146,193,109,93,170,95,38,139,19,194,102,149,34,127,175,123,49,67,32,72,137,25,70,65,16,190,11,113,156,71,165,184,125,8,173,18,131,110,12,59,80,100,30,134,148,195,97,58,6,43,7,191,181,68,198,142,163,158,54,52,119,187,39,107,55,14,13,197,132,89,75,4,15,135,53,183,69,159,164,90,28,155,73,99,106,136,115,152,35,176,9,86,133,76,122,116,161,46,145,56,21,108,192,40,169,129,24,154,60,177,27,151,111,96,171,141,98,114,64,79,179,47,88,5,186,199,83,153,166,174,150,10,185,62,44,51,168,17,48,63];False
1690;7716;9406;[9,180,41,22,26,178,120,3,2,130,84,117,77,112,31,29,66,157,103,105,74,188,144,118,147,0,101,61,45,138,167,172,78,128,42,57,37,121,162,126,143,160,91,1,33,124,94,196,52,182,140,92,82,23,189,81,87,85,104,20,146,193,109,93,170,95,38,139,19,194,102,149,34,127,175,123,49,67,32,72,137,25,70,65,16,190,11,113,156,71,165,184,125,8,173,18,131,110,12,59,80,100,30,134,148,195,97,58,6,43,7,191,181,68,198,142,163,158,54,36,119,187,39,107,55,14,13,197,132,89,75,4,15,135,53,183,69,159,164,90,28,155,73,99,106,136,115,152,35,176,50,86,133,76,122,116,161,46,145,56,21,108,192,40,169,129,24,154,60,177,27,151,111,96,171,141,98,114,64,79,179,47,88,5,186,199,83,153,166,174,150,10,185,62,44,51,168,17,48,63];False
1689;7723;9412;[9,180,41,22,26,178,120,3,2,130,84,117,77,112,31,29,66,157,103,105,74,188,144,118,147,0,101,61,45,138,167,172,78,128,42,57,37,121,162,126,143,160,91,1,33,124,94,196,36,182,140,92,82,23,189,81,87,85,104,20,146,193,109,93,170,95,38,139,19,194,102,149,34,127,175,123,49,67,32,72,137,25,70,65,16,190,11,113,156,71,165,184,125,8,173,18,131,110,12,59,80,100,30,134,148,195,97,58,6,43,7,191,181,68,198,142,163,158,54,52,119,187,39,107,55,14,13,197,132,89,75,4,15,108,53,183,69,159,164,90,28,155,73,99,106,136,115,152,35,176,50,86,133,76,122,116,161,46,145,56,21,135,192,40,169,129,24,154,60,177,27,151,111,96,171,141,98,114,64,79,179,47,88,5,186,199,83,153,166,174,150,10,185,62,44,51,168,17,48,63];False
1699;7705;9404;[9,180,12,22,26,178,120,3,2,130,84,117,77,112,31,29,66,157,103,105,74,188,144,118,147,0,101,61,45,138,167,172,86,128,42,57,37,121,162,126,143,160,91,1,33,124,94,196,36,182,140,92,82,23,189,81,87,85,104,20,146,193,109,93,170,95,38,139,19,194,102,149,34,127,175,123,49,67,32,72,137,25,70,65,16,190,186,113,156,71,165,184,125,8,173,18,131,110,41,59,80,100,30,134,148,195,97,58,6,43,7,191,181,68,198,142,163,158,54,52,119,187,39,107,55,14,13,197,132,89,75,4,15,135,53,183,69,159,164,90,28,155,73,99,106,136,115,152,35,176,50,78,133,76,122,116,161,46,145,56,21,108,192,40,169,129,24,154,60,177,27,151,111,96,171,141,98,114,64,79,179,47,88,5,11,199,83,153,166,174,150,10,185,62,44,51,168,17,48,63];False
1682;7734;9416;[9,180,12,22,26,178,120,3,2,130,84,117,77,112,31,29,66,157,103,105,74,188,144,118,147,0,101,61,45,138,167,172,86,128,42,57,37,121,162,126,143,160,91,1,33,124,94,196,36,182,140,92,82,23,189,81,87,85,104,20,146,193,109,93,170,95,38,139,19,194,102,149,34,127,175,123,49,67,32,72,137,25,70,65,16,190,11,113,156,71,165,184,125,8,173,18,131,110,41,59,80,100,30,134,148,195,97,58,6,43,7,191,181,68,198,142,163,158,54,52,119,187,39,107,55,14,13,197,132,89,75,4,15,108,53,183,69,159,164,90,28,155,73,99,106,136,115,152,35,176,50,78,133,76,122,116,161,46,145,56,21,135,192,40,169,129,24,154,60,177,27,151,111,96,171,141,98,114,64,79,179,47,88,5,186,199,83,153,166,174,150,10,185,62,44,51,168,17,48,63];False
1698;7701;9399;[9,180,12,22,26,178,120,3,2,130,84,117,77,112,31,29,66,157,103,105,74,188,144,118,147,0,101,61,45,138,167,172,86,128,42,57,37,121,162,126,143,160,91,1,33,124,94,196,36,182,140,92,82,23,189,81,87,85,104,20,146,193,109,93,170,95,38,139,19,194,102,149,34,127,175,123,49,67,32,72,137,25,70,65,16,190,11,113,156,71,165,184,125,8,173,18,131,110,41,59,80,100,30,134,148,195,97,58,6,43,7,191,181,68,198,142,163,158,54,52,119,187,39,107,55,14,13,197,132,89,75,4,15,135,53,183,69,159,164,90,28,155,73,99,106,136,115,152,35,176,50,78,133,76,122,116,161,46,145,56,21,108,192,40,169,129,24,154,60,179,27,151,111,96,171,141,98,114,64,79,177,47,88,5,186,199,83,153,166,174,150,10,185,62,44,51,168,17,48,63];False
1712;7660;9372;[50,180,12,22,26,178,120,3,2,130,84,117,77,112,31,29,66,157,103,105,74,188,144,118,147,0,101,61,45,138,167,172,78,128,42,57,37,121,162,126,143,160,91,1,33,124,94,196,36,182,140,92,82,23,189,81,87,85,104,20,146,193,109,93,170,166,38,139,19,194,102,149,34,127,175,123,49,67,32,72,137,25,70,65,16,190,11,113,156,71,165,184,125,8,173,18,131,110,41,59,80,100,30,134,148,195,97,58,6,43,7,191,181,68,198,142,163,158,54,52,119,187,39,107,55,14,13,197,132,89,75,4,15,135,53,183,69,159,164,90,28,155,73,99,106,136,115,152,35,176,9,86,133,76,122,116,161,46,145,56,21,108,192,40,169,129,24,154,60,177,27,151,111,96,171,141,98,114,64,79,179,47,88,5,186,199,83,153,95,174,150,10,185,62,44,51,168,17,48,63];False
1716;7643;9359;[50,180,12,22,26,178,120,3,2,130,84,117,77,112,31,29,66,157,103,105,74,188,144,118,147,0,101,61,45,138,167,172,78,128,42,57,37,121,162,126,143,160,91,1,33,124,94,196,36,182,140,92,82,23,189,81,87,85,104,20,146,193,109,93,170,95,38,139,19,194,102,149,34,127,175,123,49,67,32,72,137,25,70,65,16,190,11,113,156,71,165,184,125,8,173,18,131,110,41,59,80,100,30,134,148,195,97,58,6,43,7,191,181,68,198,142,163,158,54,52,119,187,39,107,55,14,13,197,132,89,75,4,15,135,53,183,69,159,164,90,28,155,73,99,106,136,115,152,35,176,9,86,133,76,122,116,161,46,145,56,21,108,192,40,169,129,24,154,60,179,27,151,111,96,171,141,98,114,64,79,177,47,88,5,186,199,83,153,166,174,150,10,185,62,44,51,168,17,48,63];False
1610;7843;9453;[180,172,12,22,26,178,120,3,2,130,106,117,77,112,31,29,66,157,103,44,74,188,93,164,100,0,101,61,45,138,126,185,78,128,42,57,37,121,162,146,118,10,91,1,33,124,94,196,52,182,140,92,82,23,189,81,87,85,104,20,167,193,136,144,62,95,38,139,19,194,51,149,34,127,175,123,90,67,32,72,137,25,170,65,16,125,11,113,156,71,165,184,143,8,173,18,131,110,41,59,80,147,30,134,148,195,97,58,6,43,7,191,181,68,198,142,163,158,54,36,119,187,39,107,55,14,13,197,132,89,75,4,15,135,53,183,69,159,9,105,28,155,73,99,84,70,115,152,35,161,102,86,133,76,122,116,49,46,145,56,21,108,192,40,169,129,24,154,60,177,27,151,111,96,171,141,98,114,64,79,179,47,88,5,186,199,83,153,166,174,150,160,190,109,176,50,168,17,48,63];False
1603;7866;9469;[180,172,12,22,26,178,120,3,2,130,106,117,77,112,31,29,66,157,103,44,74,188,93,164,100,0,101,61,45,55,126,185,78,128,42,57,37,121,162,146,118,10,91,1,33,124,94,196,52,182,140,92,82,23,189,81,87,85,104,20,167,193,136,144,62,95,38,139,19,194,51,149,34,127,175,123,90,67,32,72,137,25,170,65,16,125,11,113,156,71,165,184,143,8,173,18,131,110,41,59,80,147,30,134,148,195,97,58,6,43,7,191,181,68,198,142,163,158,54,36,119,187,39,107,138,14,13,197,132,89,75,4,15,135,53,183,69,159,9,105,28,155,73,99,84,70,115,152,35,49,102,86,133,76,122,116,161,46,145,56,21,108,192,40,169,129,24,154,60,177,27,151,111,96,171,141,98,114,64,79,179,47,88,5,186,199,83,153,166,174,150,160,190,109,176,50,168,17,48,63];False
1607;7847;9454;[180,172,12,22,26,178,120,3,2,130,106,117,77,112,31,29,66,157,103,44,74,188,93,164,100,0,101,61,45,138,126,185,78,128,42,57,37,121,162,146,118,10,91,1,33,124,94,196,36,182,140,92,82,23,189,81,87,85,104,20,167,193,136,144,181,95,38,139,19,194,51,149,34,127,175,123,90,67,32,72,137,25,170,65,16,125,11,113,156,71,165,184,143,8,173,18,131,110,41,59,80,147,30,134,148,195,97,58,6,43,7,191,62,68,198,142,163,158,54,52,119,187,39,107,55,14,13,197,132,89,75,4,15,135,53,183,69,159,9,105,28,155,73,99,84,70,115,152,35,161,102,86,133,76,122,116,49,46,145,56,21,108,192,40,169,129,24,154,60,177,27,151,111,96,171,141,98,114,64,79,179,47,88,5,186,199,83,153,166,174,150,160,190,109,176,50,168,17,48,63];False
1601;7868;9469;[180,172,12,22,26,178,120,3,2,130,106,117,77,112,31,29,66,157,103,44,74,188,93,164,100,0,101,61,45,55,126,185,78,128,42,57,37,121,162,146,118,10,91,1,33,124,94,196,36,182,140,92,82,23,189,81,87,85,104,20,167,193,136,144,181,95,38,139,19,194,51,149,34,127,175,123,90,67,32,72,137,25,170,65,16,125,11,113,156,71,165,184,143,8,173,18,131,110,41,59,80,147,30,134,148,195,97,58,6,43,7,191,62,68,198,142,163,158,54,52,119,187,39,107,138,14,13,197,132,89,75,4,15,135,53,183,69,159,9,105,28,155,73,99,84,70,115,152,35,161,102,86,133,76,122,116,49,46,145,56,21,108,192,40,169,129,24,154,60,179,27,151,111,96,171,141,98,114,64,79,177,47,88,5,186,199,83,153,166,174,150,160,190,109,176,50,168,17,48,63];False
1624;7819;9443;[180,172,12,22,26,178,120,3,2,130,106,117,77,112,31,29,66,157,103,44,74,188,93,164,100,0,101,61,45,138,126,185,78,128,42,57,37,121,162,146,118,10,91,1,33,124,94,196,36,182,140,92,82,23,189,81,87,85,104,20,167,193,136,144,62,95,38,139,19,194,51,149,34,127,175,123,90,67,32,72,137,25,170,65,16,125,11,113,156,71,165,184,143,8,173,18,131,110,41,59,80,147,30,134,148,195,97,58,6,43,7,191,181,68,198,142,163,158,54,52,119,187,39,107,55,14,13,197,132,89,75,4,15,135,53,183,69,159,9,105,28,155,73,99,84,70,115,152,35,49,102,86,133,76,122,116,161,46,145,56,21,108,192,40,169,129,24,154,60,177,27,151,111,96,171,141,98,114,64,79,179,47,88,5,186,199,83,153,166,174,150,160,190,109,176,50,168,17,48,63];False
1618;7840;9458;[180,172,12,22,26,178,120,3,2,130,106,117,77,112,31,29,66,157,103,44,74,188,93,164,100,0,101,61,45,55,126,185,78,128,42,57,37,121,162,146,118,10,91,1,33,124,94,196,36,182,140,92,82,23,189,81,87,85,104,20,167,193,136,144,62,95,38,139,19,194,51,149,34,127,175,123,90,67,32,72,137,25,170,65,16,125,11,113,156,71,165,184,143,8,173,18,131,110,41,59,80,147,30,134,148,195,97,58,6,43,7,191,181,68,198,142,163,158,54,52,119,187,39,107,138,14,13,197,132,89,75,4,15,135,53,183,69,159,9,105,28,155,73,99,84,70,115,152,35,49,102,86,133,76,122,116,161,46,145,56,21,108,192,40,169,129,24,154,60,179,27,151,111,96,171,141,98,114,64,79,177,47,88,5,186,199,83,153,166,174,150,160,190,109,176,50,168,17,48,63];False
1602;7851;9453;[180,172,12,22,26,178,120,3,2,130,106,117,77,112,31,29,66,157,103,44,74,188,93,164,100,0,101,61,45,55,126,185,78,128,42,57,37,121,162,146,118,10,91,1,33,124,94,196,36,182,140,92,82,23,189,81,87,85,104,20,167,193,136,144,62,95,38,139,19,194,51,149,34,127,175,123,90,67,32,72,137,25,170,65,16,125,11,113,156,71,165,184,143,8,173,18,131,110,41,59,80,147,30,134,148,195,97,58,6,43,7,191,181,68,198,142,163,158,54,60,119,187,39,107,138,14,13,197,132,89,75,4,15,135,53,183,69,159,9,105,28,155,73,99,84,70,115,152,35,161,102,86,133,76,122,116,49,46,145,56,21,108,192,40,169,129,24,154,52,179,27,151,111,96,171,141,98,114,64,79,177,47,88,5,186,199,83,153,166,174,150,160,190,109,176,50,168,17,48,63];False
1615;7835;9450;[180,172,12,22,26,178,120,3,2,130,84,117,77,112,31,29,66,157,103,44,74,188,93,164,100,0,101,61,45,138,126,185,78,128,42,57,37,121,162,146,118,10,91,1,33,124,94,196,52,182,140,92,82,23,189,81,87,85,104,20,167,193,136,144,181,95,38,139,19,194,51,149,34,127,175,123,90,67,32,72,137,25,170,65,16,125,11,113,156,71,165,184,143,8,173,18,131,110,41,59,80,147,30,134,148,195,97,58,6,43,7,191,62,68,198,142,163,158,54,36,119,187,39,107,55,14,13,197,132,89,75,4,15,135,53,183,69,159,9,105,28,155,73,99,106,70,115,152,35,161,102,86,133,76,122,116,49,46,145,56,21,108,192,40,169,129,24,154,60,177,27,151,111,96,171,141,98,114,64,79,179,47,88,5,186,199,83,153,166,174,150,160,190,109,176,50,168,17,48,63];False
1614;7842;9456;[180,172,12,22,26,178,120,3,2,130,84,117,77,112,31,29,66,157,103,44,74,188,93,164,100,0,101,61,45,138,126,185,78,128,42,57,37,121,162,146,118,10,91,1,33,124,94,196,36,182,140,92,82,23,189,81,87,85,104,20,167,193,136,144,181,95,38,139,19,194,51,149,34,127,175,123,90,67,32,72,137,25,170,65,16,125,11,113,156,71,165,184,143,8,173,18,131,110,41,59,80,147,30,134,148,195,97,58,6,43,7,191,62,68,198,142,163,158,54,52,119,187,39,107,55,14,13,197,132,89,75,4,15,108,53,183,69,159,9,105,28,155,73,99,106,70,115,152,35,161,102,86,133,76,122,116,49,46,145,56,21,135,192,40,169,129,24,154,60,177,27,151,111,96,171,141,98,114,64,79,179,47,88,5,186,199,83,153,166,174,150,160,190,109,176,50,168,17,48,63];False
1673;7754;9427;[180,172,12,22,26,178,120,3,2,130,84,117,77,112,31,29,66,157,103,44,74,188,93,164,100,0,101,61,45,138,126,185,78,128,42,57,37,121,162,146,118,10,91,1,33,124,94,196,36,182,140,92,82,23,189,81,49,85,104,20,167,193,136,144,62,95,38,139,19,194,51,149,34,127,175,123,90,67,32,72,137,25,170,65,16,125,11,113,156,71,165,184,143,8,173,18,131,110,41,59,80,147,30,134,148,195,97,58,6,43,7,191,181,68,198,142,163,158,54,52,119,187,39,107,55,14,13,197,132,89,75,4,15,135,53,183,69,159,9,105,28,155,73,99,106,70,115,152,35,87,102,86,133,76,122,116,161,46,145,56,21,108,192,40,169,129,24,154,60,177,27,151,111,96,171,141,98,114,64,79,179,47,88,5,186,199,83,153,166,174,150,160,190,109,176,50,168,17,48,63];False
1624;7815;9439;[180,172,12,22,26,178,120,3,2,130,84,117,77,112,31,29,66,157,103,44,74,188,93,164,100,0,101,61,45,55,126,185,78,128,42,57,37,121,162,146,118,10,91,1,33,124,94,196,36,182,140,92,82,23,189,81,87,85,104,20,167,193,136,144,62,95,38,139,19,194,51,149,34,127,175,123,90,67,32,72,137,25,170,65,16,125,11,113,156,71,165,184,143,8,173,18,131,110,41,59,80,147,30,134,148,195,97,58,6,43,7,191,181,68,198,142,163,158,54,60,119,187,39,107,138,14,13,197,132,89,75,4,15,135,53,183,69,159,9,105,28,155,73,99,106,70,115,152,35,49,102,86,133,76,122,116,161,46,145,56,21,108,192,40,169,129,24,154,52,179,27,151,111,96,171,141,98,114,64,79,177,47,88,5,186,199,83,153,166,174,150,160,190,109,176,50,168,17,48,63];False
1631;7792;9423;[180,172,12,22,26,178,120,3,2,130,84,117,77,112,31,29,66,157,103,44,74,188,93,164,100,0,101,61,45,138,126,185,78,128,42,57,37,121,162,146,118,10,91,1,33,124,94,196,36,182,140,92,82,23,189,81,87,85,104,20,167,193,136,144,62,95,38,139,19,194,51,149,34,127,175,123,90,67,32,72,137,25,170,65,16,125,11,113,156,71,165,184,143,8,173,18,131,110,41,59,80,147,30,134,148,195,97,58,6,43,7,191,181,68,198,142,163,158,54,60,119,187,39,107,55,14,13,197,132,89,75,4,15,135,53,183,69,159,9,105,28,155,73,99,106,70,115,152,35,161,102,86,133,76,122,116,49,46,145,56,21,108,192,40,169,129,24,154,52,179,27,151,111,96,171,141,98,114,64,79,177,47,88,5,186,199,83,153,166,174,150,160,190,109,176,50,168,17,48,63];False
1607;7843;9450;[180,172,12,22,26,178,120,3,2,130,84,117,77,112,31,29,66,157,103,44,74,188,93,164,100,0,101,61,45,55,126,185,78,128,42,57,37,121,162,146,118,10,91,1,33,124,94,196,36,182,140,92,82,23,189,81,87,85,104,20,167,193,136,144,181,95,38,139,19,194,51,149,34,127,175,123,90,67,32,72,137,25,170,65,16,125,11,113,156,71,165,184,143,8,173,18,131,110,41,59,80,147,30,134,148,195,97,58,6,43,7,191,62,68,198,142,163,158,54,60,119,187,39,107,138,14,13,197,132,89,75,4,15,135,53,183,69,159,9,105,28,155,73,99,106,70,115,152,35,161,102,86,133,76,122,116,49,46,145,56,21,108,192,40,169,129,24,154,52,179,27,151,111,96,171,141,98,114,64,79,177,47,88,5,186,199,83,153,166,174,150,160,190,109,176,50,168,17,48,63];False
1614;7827;9441;[180,172,12,22,26,178,120,3,2,130,84,117,77,112,31,29,66,157,103,44,74,188,93,164,100,0,101,61,45,55,126,185,78,128,42,57,37,121,162,146,118,10,91,1,33,124,94,196,36,182,140,92,82,23,189,81,87,85,104,20,167,193,136,144,62,95,38,139,19,194,51,149,34,127,175,123,90,67,32,72,137,25,170,65,16,125,11,113,156,71,165,184,143,8,173,18,131,110,41,59,80,147,30,134,148,195,97,58,6,43,7,191,181,68,198,142,163,158,54,60,119,187,39,107,138,14,13,197,132,89,75,4,15,135,53,183,69,159,9,105,28,155,73,99,106,70,115,152,52,161,102,86,133,76,122,116,49,46,145,56,21,108,192,40,169,129,24,154,35,179,27,151,111,96,171,141,98,114,64,79,177,47,88,5,186,199,83,153,166,174,150,160,190,109,176,50,168,17,48,63];False
1613;7842;9455;[180,172,12,22,26,178,120,3,2,130,84,117,77,112,31,29,66,157,103,44,74,188,93,164,100,0,101,61,45,55,126,185,78,128,42,57,37,121,162,146,118,10,91,1,33,124,94,196,36,182,140,92,82,23,189,81,87,85,104,20,167,193,136,144,62,95,38,139,19,194,51,149,34,127,175,123,90,67,32,72,137,25,170,65,16,125,11,113,156,71,165,184,143,8,173,18,131,110,41,59,80,147,30,134,148,195,97,58,6,43,7,191,181,68,198,142,163,158,54,60,119,187,39,107,138,14,13,197,132,89,75,4,15,135,53,183,69,159,9,105,28,155,73,99,106,70,115,152,35,161,102,86,133,153,122,116,49,46,145,56,21,108,192,40,169,129,24,154,52,179,27,151,111,96,171,141,98,114,64,79,177,47,88,5,186,199,83,76,166,174,150,160,190,109,176,50,168,17,48,63];False
2487;7051;9538;[50,21,180,178,9,37,94,118,172,132,130,117,77,112,93,46,66,157,103,105,74,188,144,174,149,195,167,61,45,138,41,49,78,128,42,57,3,121,162,126,143,160,91,1,33,124,147,196,36,184,140,31,82,23,189,81,0,85,22,26,176,193,109,190,170,95,38,139,65,20,51,142,34,198,146,4,84,67,32,72,163,25,70,19,145,125,11,113,156,71,165,87,194,8,173,18,131,110,101,59,80,100,30,134,148,2,97,58,175,151,7,191,181,68,123,6,137,158,54,52,119,187,39,107,55,14,13,111,12,89,75,129,15,135,53,183,69,159,164,90,28,155,73,99,106,136,115,152,35,161,102,86,133,76,122,116,104,17,16,56,92,108,192,40,169,182,29,154,60,177,27,43,127,96,171,141,98,114,64,79,179,47,88,5,186,199,83,153,166,24,150,10,185,62,120,197,168,44,48,63];False
2432;7052;9484;[50,21,180,178,9,37,94,118,172,132,130,117,77,112,93,184,66,157,103,105,74,188,144,174,149,195,167,61,45,138,41,49,78,128,42,57,3,121,162,126,143,160,91,1,33,124,147,196,36,46,140,17,82,23,189,81,0,85,22,26,176,193,109,190,170,95,38,139,65,20,51,142,34,198,146,4,84,67,32,72,163,25,70,19,145,125,11,113,156,71,165,87,194,8,173,18,131,110,101,59,80,100,30,134,148,2,97,58,175,151,7,191,181,68,123,6,137,158,54,52,119,187,39,107,55,14,13,111,12,89,75,129,15,135,53,183,69,159,164,90,28,155,73,99,106,136,115,152,35,161,102,86,133,76,122,116,104,31,16,56,92,108,192,40,169,182,29,154,60,177,27,43,127,96,171,141,98,114,64,79,179,47,88,5,186,199,83,153,166,24,150,10,185,62,120,197,168,44,48,63];False
2534;7040;9574;[50,21,180,178,9,37,94,118,172,12,130,117,195,112,93,46,66,157,103,105,74,188,144,174,149,77,167,61,45,138,41,49,78,128,42,57,3,121,162,126,143,160,91,1,33,124,147,196,36,184,140,31,82,23,189,81,0,85,22,26,176,193,109,190,170,95,38,139,65,20,51,142,34,198,146,4,84,67,32,72,163,25,70,19,145,125,11,113,156,71,165,87,194,8,173,18,131,110,101,59,80,100,30,134,148,2,97,58,175,151,7,191,181,68,123,6,137,158,54,52,119,187,39,107,55,14,13,111,132,89,75,129,15,135,53,183,69,159,164,90,28,155,73,99,106,136,115,152,35,161,102,86,133,76,122,116,104,17,16,56,92,108,192,40,169,182,29,154,60,177,27,43,127,96,171,141,98,114,64,79,179,47,88,5,186,199,83,153,166,24,150,10,185,62,120,197,168,44,48,63];False
2533;7024;9557;[50,21,180,178,9,37,94,118,172,12,130,117,195,112,93,184,66,157,103,105,74,188,144,174,149,11,167,61,45,138,41,49,78,128,42,57,3,121,162,126,143,160,91,1,33,124,147,196,36,46,140,31,82,23,189,81,0,85,22,26,176,193,109,190,170,95,38,139,65,20,51,142,34,198,146,4,84,67,32,72,163,25,70,19,145,125,77,113,156,71,165,87,194,8,173,18,131,110,101,59,80,100,30,134,148,2,97,58,175,151,7,191,181,68,123,6,137,158,54,52,119,187,39,107,55,14,13,111,132,89,75,129,15,135,53,183,69,159,164,90,28,155,73,99,106,136,115,152,35,161,102,86,133,76,122,116,104,17,16,56,92,108,192,40,169,182,29,154,60,177,27,43,127,96,171,141,98,114,64,79,179,47,88,5,186,199,83,153,166,24,150,10,185,62,120,197,168,44,48,63];False
2501;7048;9549;[50,21,180,178,9,37,94,118,172,12,130,117,195,112,93,184,66,157,103,105,74,188,144,174,149,83,167,61,45,138,41,49,78,128,42,57,3,121,162,126,143,160,91,1,33,124,147,196,36,46,140,31,82,23,189,81,0,85,22,26,176,193,109,190,170,95,38,139,65,20,51,142,34,198,146,4,84,67,32,72,163,25,70,19,145,125,11,113,156,71,165,87,194,8,173,18,131,110,101,59,80,100,30,134,148,2,97,58,175,151,7,191,181,68,123,6,137,158,54,52,119,187,39,107,55,14,13,111,132,89,75,129,15,135,53,183,69,159,164,90,28,155,73,99,106,136,115,152,35,161,102,86,133,76,122,116,104,17,16,56,92,108,192,40,169,182,29,154,60,177,27,43,127,96,171,141,98,114,64,79,179,47,88,5,186,199,77,153,166,24,150,10,185,62,120,197,168,44,48,63];False
2504;7036;9540;[50,21,180,178,9,37,94,118,172,12,130,117,195,112,93,184,66,157,103,105,74,188,144,174,149,77,85,61,45,138,41,49,78,128,42,57,3,121,162,126,143,160,91,1,33,124,147,196,36,46,140,31,82,23,189,81,0,167,22,26,176,193,109,190,170,95,38,139,65,20,51,142,34,198,146,4,84,67,32,72,163,25,70,19,145,125,11,113,156,71,165,87,194,8,173,18,131,110,101,59,80,100,30,134,148,2,97,58,175,151,7,191,181,68,123,6,137,158,54,52,119,187,39,107,55,14,13,111,132,89,75,129,15,135,53,183,69,159,164,90,28,155,73,99,106,136,115,152,35,161,102,86,133,76,122,116,104,17,16,56,92,108,192,40,169,182,29,154,60,177,27,43,127,96,171,141,98,114,64,79,179,47,88,5,186,199,83,153,166,24,150,10,185,62,120,197,168,44,48,63];False
2498;7040;9538;[50,21,180,178,9,37,94,118,172,12,130,117,77,112,93,184,66,157,103,105,74,188,144,174,149,195,167,61,45,138,41,49,78,128,42,57,125,28,162,126,143,160,91,1,33,124,147,196,36,46,140,31,82,23,189,81,0,85,22,26,176,193,109,190,170,95,38,139,65,20,51,142,34,198,146,4,84,67,32,72,163,25,70,19,145,3,11,113,156,71,165,87,194,8,173,18,131,110,101,59,80,100,30,134,148,2,97,58,175,151,7,191,181,68,123,6,137,158,54,52,119,187,39,107,55,14,13,111,132,89,75,129,15,135,53,183,69,159,164,90,121,155,73,99,106,136,115,152,35,161,102,86,133,76,122,116,104,17,16,56,92,108,192,40,169,182,29,154,60,177,27,43,127,96,171,141,98,114,64,79,179,47,88,5,186,199,83,153,166,24,150,10,185,62,120,197,168,44,48,63];False
2457;7050;9507;[50,21,180,178,9,37,94,118,172,12,130,117,77,112,93,184,66,157,103,105,74,188,144,174,149,195,167,61,45,138,41,49,78,128,42,57,125,121,162,126,143,160,91,1,33,124,147,196,36,46,140,17,82,23,189,81,0,85,22,26,176,193,109,190,170,95,38,139,65,20,51,142,34,198,146,4,84,67,32,72,163,25,70,19,145,3,11,113,156,71,165,87,194,8,173,18,131,110,101,59,80,100,30,134,148,2,97,58,175,151,7,191,181,68,123,6,137,158,54,52,119,187,39,107,55,14,13,111,132,89,75,129,15,135,53,183,69,159,164,90,28,155,73,99,106,136,115,152,35,161,102,86,133,76,122,116,104,31,16,56,92,108,192,40,169,182,29,154,60,177,27,43,127,96,171,141,98,114,64,79,179,47,88,5,186,199,83,153,166,24,150,10,185,62,120,197,168,44,48,63];False
2479;7041;9520;[50,21,180,178,9,37,94,118,172,12,130,117,195,112,93,184,66,157,103,105,74,188,144,174,149,77,167,61,45,138,41,49,78,128,42,57,3,121,162,126,143,160,91,1,33,124,147,196,36,46,140,17,82,23,189,81,0,85,22,26,176,193,109,190,170,95,38,139,65,20,51,142,34,198,146,4,84,67,32,72,163,25,70,19,145,125,11,113,156,71,165,87,194,8,173,18,131,110,101,59,80,100,30,134,148,2,97,58,175,151,7,191,181,68,123,6,137,158,54,52,119,187,39,107,55,14,13,111,132,89,75,129,15,135,53,183,69,159,164,90,28,155,73,99,106,136,115,152,35,161,102,86,133,76,122,116,104,31,16,56,92,108,192,40,169,182,29,154,60,177,27,43,127,96,171,141,98,114,64,79,179,47,88,5,186,199,83,153,166,24,150,10,185,62,120,197,168,44,48,63];False
2408;7056;9464;[50,21,180,178,9,37,94,118,172,12,130,117,77,112,93,46,66,157,103,105,74,188,144,174,149,195,167,61,45,138,41,49,78,128,42,57,3,121,162,126,143,160,91,1,33,124,147,196,36,184,140,17,82,23,189,81,0,85,22,26,176,193,109,190,170,95,38,139,65,20,51,142,34,198,146,4,84,67,32,72,163,25,70,19,145,125,11,113,156,71,165,87,194,8,173,18,131,110,101,59,80,100,30,134,148,2,97,58,175,151,7,191,181,68,123,6,137,158,54,52,119,187,39,107,55,14,13,111,132,89,75,129,15,135,53,183,69,159,164,90,28,155,73,99,106,136,115,152,35,161,102,86,133,76,122,116,104,31,16,56,92,108,192,40,169,182,29,154,60,177,27,43,127,96,171,141,98,114,64,79,179,47,88,5,186,199,83,153,166,24,150,10,185,62,120,197,168,44,48,63];False
2417;7055;9472;[50,21,180,178,9,37,94,118,172,12,130,117,77,112,93,184,66,157,103,105,74,188,144,174,149,2,167,61,45,138,41,49,78,128,42,57,3,121,162,126,143,160,91,1,33,124,147,196,36,46,140,17,82,23,189,81,0,85,22,26,176,193,109,190,170,95,38,139,65,20,51,142,34,198,146,4,84,67,32,72,163,25,70,19,145,125,11,113,156,71,165,87,194,8,173,18,131,110,101,59,80,100,30,134,148,195,97,58,175,151,7,191,181,68,123,6,137,158,54,52,119,187,39,107,55,14,13,111,132,89,75,129,15,135,53,183,69,159,164,90,28,155,73,99,106,136,115,152,35,161,102,86,133,76,122,116,104,31,16,56,92,108,192,40,169,182,29,154,60,177,27,43,127,96,171,141,98,114,64,79,179,47,88,5,186,199,83,153,166,24,150,10,185,62,120,197,168,44,48,63];False
2475;7049;9524;[50,21,180,178,9,37,94,118,172,12,130,117,77,112,93,184,66,157,103,105,74,188,144,174,149,119,167,61,45,138,41,49,78,128,42,57,3,121,162,126,143,160,91,1,33,124,147,196,36,46,140,17,82,23,189,81,0,85,22,26,176,193,109,190,170,95,38,139,65,20,51,142,34,198,146,4,84,67,32,72,163,25,70,19,145,125,11,113,156,71,165,87,194,8,173,18,131,110,101,59,80,100,30,134,148,2,97,58,175,151,7,191,181,68,123,6,137,158,54,52,195,187,39,107,55,14,13,111,132,89,75,129,15,135,53,183,69,159,164,90,28,155,73,99,106,136,115,152,35,161,102,86,133,76,122,116,104,31,16,56,92,108,192,40,169,182,29,154,60,177,27,43,127,96,171,141,98,114,64,79,179,47,88,5,186,199,83,153,166,24,150,10,185,62,120,197,168,44,48,63];False
2368;7066;9434;[50,21,180,178,9,37,94,118,172,12,130,117,77,112,93,184,66,157,103,105,74,188,144,174,149,195,167,61,45,138,41,49,78,128,42,57,148,121,162,126,143,160,91,1,33,124,147,196,36,46,140,17,82,23,189,81,0,85,22,26,176,193,109,190,170,95,38,139,65,20,51,142,34,198,146,4,84,67,32,72,163,25,70,19,145,125,11,113,156,71,165,87,194,8,173,18,131,110,101,59,80,100,30,134,3,2,97,58,175,151,7,191,181,68,123,6,137,158,54,52,119,187,39,107,55,14,13,111,132,89,75,129,15,135,53,183,69,159,164,90,28,155,73,99,106,136,115,152,35,161,102,86,133,76,122,116,104,31,16,56,92,108,192,40,169,182,29,154,60,177,27,43,127,96,171,141,98,114,64,79,179,47,88,5,186,199,83,153,166,24,150,10,185,62,120,197,168,44,48,63];False
2457;7049;9506;[50,21,180,178,9,37,94,118,172,12,130,117,77,112,93,184,66,157,103,105,74,188,144,174,149,195,167,61,45,138,41,49,78,128,42,57,3,121,162,126,143,160,91,1,33,124,147,196,36,46,140,17,82,23,189,187,0,85,22,26,176,193,109,190,170,95,38,139,65,20,51,142,34,198,146,4,84,67,32,72,163,25,70,19,145,125,11,113,156,71,165,87,194,8,173,18,131,110,101,59,80,100,30,134,148,2,97,58,175,151,7,191,181,68,123,6,137,158,54,52,119,81,39,107,55,14,13,111,132,89,75,129,15,135,53,183,69,159,164,90,28,155,73,99,106,136,115,152,35,161,102,86,133,76,122,116,104,31,16,56,92,108,192,40,169,182,29,154,60,177,27,43,127,96,171,141,98,114,64,79,179,47,88,5,186,199,83,153,166,24,150,10,185,62,120,197,168,44,48,63];False
2475;7039;9514;[50,21,180,178,9,37,94,118,172,12,130,117,77,112,93,184,66,157,103,105,74,188,144,174,149,195,167,61,45,138,41,49,78,128,42,57,3,121,162,126,143,160,91,1,33,124,147,196,36,46,140,17,82,23,189,81,0,85,22,26,176,193,109,190,191,95,38,139,65,20,51,142,34,198,146,4,84,67,32,72,163,25,70,19,145,125,11,113,156,71,165,87,194,8,173,18,131,110,101,59,80,100,30,134,148,2,97,58,175,151,7,170,181,68,123,6,137,158,54,52,119,187,39,107,55,14,13,111,132,89,75,129,15,135,53,183,69,159,164,90,28,155,73,99,106,136,115,152,35,161,102,86,133,76,122,116,104,31,16,56,92,108,192,40,169,182,29,154,60,177,27,43,127,96,171,141,98,114,64,79,179,47,88,5,186,199,83,153,166,24,150,10,185,62,120,197,168,44,48,63];False
2419;7050;9469;[50,21,180,178,9,37,94,118,172,12,130,117,77,112,93,184,66,157,103,105,74,188,144,174,149,195,167,61,45,138,41,49,78,128,42,57,3,121,162,126,143,160,91,1,33,124,147,196,36,46,140,17,82,23,189,81,0,85,22,26,176,193,109,190,170,95,38,139,65,20,51,53,34,198,146,4,84,67,32,72,163,25,70,19,145,125,11,113,156,71,165,87,194,8,173,18,131,110,101,59,80,100,30,134,148,2,97,58,175,151,7,191,181,68,123,6,137,158,54,52,119,187,39,107,55,14,13,111,132,89,75,129,15,135,142,183,69,159,164,90,28,155,73,99,106,136,115,152,35,161,102,86,133,76,122,116,104,31,16,56,92,108,192,40,169,182,29,154,60,177,27,43,127,96,171,141,98,114,64,79,179,47,88,5,186,199,83,153,166,24,150,10,185,62,120,197,168,44,48,63];False
2529;7022;9551;[50,21,180,178,9,37,94,118,172,12,130,117,77,112,93,184,66,157,103,105,74,188,144,174,149,195,167,61,45,138,41,49,78,128,42,57,3,121,162,126,143,160,91,1,33,124,147,196,36,46,140,17,82,23,189,81,0,85,22,26,176,193,109,190,170,95,38,139,65,20,51,142,34,198,146,4,84,67,32,72,163,25,70,19,145,173,11,113,156,71,165,87,194,8,125,18,131,110,101,59,80,100,30,134,148,2,97,58,175,151,7,191,181,68,123,6,137,158,54,52,119,187,39,107,55,14,13,111,132,89,75,129,15,135,53,183,69,159,164,90,28,155,73,99,106,136,115,152,35,161,102,86,133,76,122,116,104,31,16,56,92,108,192,40,169,182,29,154,60,177,27,43,127,96,171,141,98,114,64,79,179,47,88,5,186,199,83,153,166,24,150,10,185,62,120,197,168,44,48,63];False
2423;7048;9471;[50,21,180,178,9,37,94,118,172,12,130,117,77,112,93,184,66,157,103,105,74,188,144,174,149,195,167,61,45,138,41,49,78,128,42,57,3,121,162,126,143,160,91,1,33,124,147,196,36,46,140,17,82,23,189,81,0,85,22,26,176,193,109,190,170,95,38,139,65,20,51,142,34,198,146,4,84,67,32,72,163,25,70,19,145,125,11,113,156,71,165,169,194,8,173,18,131,110,101,59,80,100,30,134,148,2,97,58,175,151,7,191,181,68,123,6,137,158,54,52,119,187,39,107,55,14,13,111,132,89,75,129,15,135,53,183,69,159,164,90,28,155,73,99,106,136,115,152,35,161,102,86,133,76,122,116,104,31,16,56,92,108,192,40,87,182,29,154,60,177,27,43,127,96,171,141,98,114,64,79,179,47,88,5,186,199,83,153,166,24,150,10,185,62,120,197,168,44,48,63];False
2347;7060;9407;[50,21,180,178,9,37,94,118,172,12,130,117,77,112,93,184,66,157,103,105,74,188,144,174,149,195,167,61,45,138,41,49,78,128,42,57,3,121,162,126,143,160,91,1,33,124,147,196,36,46,140,17,82,23,189,81,0,85,22,26,176,193,109,190,170,95,38,139,65,20,51,142,34,198,146,4,84,67,32,72,163,25,70,19,145,125,11,113,156,71,165,87,16,8,173,18,131,110,101,59,80,100,30,134,148,2,97,58,175,151,7,191,181,68,123,6,137,158,54,52,119,187,39,107,55,14,13,111,132,89,75,129,15,135,53,183,69,159,164,90,28,155,73,99,106,136,115,152,35,161,102,86,133,76,122,116,104,31,194,56,92,108,192,40,169,182,29,154,60,177,27,43,127,96,171,141,98,114,64,79,179,47,88,5,186,199,83,153,166,24,150,10,185,62,120,197,168,44,48,63];False
2305;7082;9387;[50,21,180,178,9,37,94,118,172,12,130,117,77,112,93,184,66,157,103,105,74,188,144,174,149,195,167,61,45,138,41,49,78,128,42,57,3,121,162,126,143,160,91,1,33,124,147,196,36,46,140,17,82,23,189,81,0,85,22,26,176,193,109,190,170,95,38,139,65,20,51,142,34,198,146,4,84,67,32,72,163,25,70,19,145,125,11,113,156,71,165,87,194,31,173,18,131,110,101,59,80,100,30,134,148,2,97,58,175,151,7,191,181,68,123,6,137,158,54,52,119,187,39,107,55,14,13,111,132,89,75,129,15,135,53,183,69,159,164,90,28,155,73,99,106,136,115,152,35,161,102,86,133,76,122,116,104,8,16,56,92,108,192,40,169,182,29,154,60,177,27,43,127,96,171,141,98,114,64,79,179,47,88,5,186,199,83,153,166,24,150,10,185,62,120,197,168,44,48,63];False
2385;7058;9443;[50,21,180,178,9,37,94,118,172,12,130,117,77,112,93,184,66,157,103,105,74,188,144,174,149,195,167,61,45,138,41,49,78,128,42,57,3,121,162,126,143,160,91,1,33,124,147,196,36,46,140,17,82,23,189,81,0,85,22,26,176,193,109,190,170,95,38,139,65,20,51,142,34,198,146,4,84,67,32,72,163,25,70,19,145,125,11,113,156,71,165,87,194,8,173,18,131,110,101,59,80,100,30,134,148,2,97,58,151,175,7,191,181,68,123,6,137,158,54,52,119,187,39,107,55,14,13,111,132,89,75,129,15,135,53,183,69,159,164,90,28,155,73,99,106,136,115,152,35,161,102,86,133,76,122,116,104,31,16,56,92,108,192,40,169,182,29,154,60,177,27,43,127,96,171,141,98,114,64,79,179,47,88,5,186,199,83,153,166,24,150,10,185,62,120,197,168,44,48,63];False
2480;7036;9516;[50,21,180,178,9,37,94,118,172,12,130,117,77,112,93,184,66,157,103,105,74,188,144,174,149,195,167,61,45,138,41,49,78,128,42,57,3,121,162,126,143,160,91,1,33,124,147,196,36,46,140,17,82,23,189,81,0,85,22,26,176,193,109,190,170,95,38,139,65,20,51,142,34,198,146,4,84,67,32,72,163,25,70,19,145,125,11,113,156,71,165,87,194,8,173,18,131,110,101,59,80,100,30,134,148,2,97,58,175,151,7,191,181,68,123,6,137,158,62,52,119,187,39,107,55,14,13,111,132,89,75,129,15,135,53,183,69,159,164,90,28,155,73,99,106,136,115,152,35,161,102,86,133,76,122,116,104,31,16,56,92,108,192,40,169,182,29,154,60,177,27,43,127,96,171,141,98,114,64,79,179,47,88,5,186,199,83,153,166,24,150,10,185,54,120,197,168,44,48,63];False
2465;7044;9509;[50,21,180,178,9,37,94,118,172,12,130,117,77,112,93,184,66,157,103,105,74,188,144,174,149,195,167,61,45,138,41,49,78,128,42,57,3,121,162,126,143,160,91,1,33,124,147,196,36,46,140,17,82,23,189,81,0,85,22,26,176,193,109,190,170,95,38,139,65,20,51,142,34,198,146,4,84,67,32,72,163,25,70,19,145,125,11,113,156,71,165,87,194,8,173,18,131,110,101,59,80,100,30,134,148,2,97,58,175,151,7,191,181,68,123,6,137,158,54,52,119,154,39,107,55,14,13,111,132,89,75,129,15,135,53,183,69,159,164,90,28,155,73,99,106,136,115,152,35,161,102,86,133,76,122,116,104,31,16,56,92,108,192,40,169,182,29,187,60,177,27,43,127,96,171,141,98,114,64,79,179,47,88,5,186,199,83,153,166,24,150,10,185,62,120,197,168,44,48,63];False
1579;7868;9447;[198,155,29,187,141,119,148,7,130,107,105,146,118,33,192,183,104,50,53,162,173,18,154,120,24,197,15,135,34,159,76,134,121,10,123,90,41,22,38,14,168,17,94,60,49,153,185,127,42,57,9,28,129,8,93,46,55,165,39,166,59,36,23,12,54,151,175,83,117,44,78,171,81,52,150,140,92,100,58,79,177,95,167,61,181,65,82,5,27,133,96,157,138,45,188,87,66,126,99,86,112,40,51,106,143,160,80,71,69,190,43,128,85,164,111,195,25,37,145,139,178,13,137,158,182,109,21,73,6,56,63,31,142,115,152,102,186,113,196,89,26,176,72,74,4,97,131,0,199,62,1,189,108,84,124,174,184,161,156,147,3,169,191,11,194,180,163,170,103,91,35,125,149,32,98,114,68,116,20,67,193,16,136,144,70,19,64,101,122,172,77,2,110,30,179,47,132,75,88,48];False
1558;7888;9446;[198,155,29,187,141,119,148,7,130,107,105,146,118,178,192,183,104,17,53,162,173,18,154,120,24,197,15,135,34,159,76,134,121,10,123,90,41,22,38,14,168,50,94,60,49,153,185,127,42,57,9,28,129,8,93,46,55,165,39,166,59,36,23,12,54,151,175,83,117,44,78,171,81,52,150,140,92,100,58,79,177,95,167,61,181,65,82,5,27,133,96,157,138,45,188,87,66,126,99,86,112,40,51,106,143,160,80,71,69,190,43,128,85,164,111,195,25,37,145,139,33,13,137,158,182,109,21,73,6,56,63,31,142,115,152,102,186,113,196,89,26,176,72,74,4,97,131,0,199,62,1,189,108,84,124,174,184,161,156,147,3,169,191,11,194,180,163,170,103,91,35,125,149,32,98,114,68,116,20,67,193,16,136,144,70,19,64,101,122,172,77,2,110,30,179,47,132,75,88,48];False
1535;7914;9449;[198,155,29,187,141,119,148,7,130,107,105,146,118,178,192,183,104,50,53,162,173,18,154,120,24,197,15,135,34,159,76,134,121,10,123,90,41,22,38,14,168,17,94,42,49,153,185,127,60,57,9,28,129,8,93,46,55,165,39,166,59,36,23,12,54,151,175,83,117,44,78,171,81,52,150,140,92,100,58,79,177,95,167,61,181,65,82,5,27,133,96,157,138,45,188,87,66,126,99,86,112,40,51,106,143,160,80,71,69,190,43,128,85,164,111,195,25,37,145,139,33,13,137,158,182,109,21,73,6,56,63,31,142,115,152,102,186,113,196,89,26,176,72,74,4,97,131,0,199,62,1,189,108,84,124,174,184,161,156,147,3,169,191,11,194,180,163,170,103,91,35,125,149,32,98,114,68,116,20,67,193,16,136,144,70,19,64,101,122,172,77,2,110,30,179,47,132,75,88,48];True
1545;7907;9452;[198,155,29,187,141,119,148,7,130,107,105,146,118,178,192,183,104,50,53,162,173,18,154,120,24,197,15,135,34,159,76,134,121,10,123,90,41,22,38,14,168,17,94,60,49,153,185,127,166,57,9,28,129,8,93,46,55,165,39,42,59,36,23,12,54,151,175,83,117,44,78,171,81,52,150,140,92,100,58,79,177,95,167,61,181,65,82,5,27,133,96,157,138,45,188,87,66,126,99,86,112,40,51,106,143,160,80,71,69,190,43,128,85,164,111,195,25,37,145,139,33,13,137,158,182,109,21,73,6,56,63,31,142,115,152,102,186,113,196,89,26,176,72,74,4,97,131,0,199,62,1,189,108,84,124,174,184,161,156,147,3,169,191,11,194,180,163,170,103,91,35,125,149,32,98,114,68,116,20,67,193,16,136,144,70,19,64,101,122,172,77,2,110,30,179,47,132,75,88,48];False
1557;7887;9444;[198,155,29,187,141,119,148,7,130,107,105,146,118,178,192,183,104,50,53,162,173,18,154,120,24,197,15,135,34,159,76,134,121,10,123,90,41,22,38,14,168,17,94,60,49,153,185,127,42,57,9,28,129,8,93,46,55,165,39,166,59,36,23,12,54,151,175,83,117,44,78,171,158,52,150,140,92,100,58,79,177,95,167,61,181,65,82,5,27,133,96,157,138,45,188,87,66,126,99,86,112,40,51,106,143,160,80,71,69,190,43,128,85,164,111,195,25,37,145,139,33,13,137,81,182,109,21,73,6,56,63,31,142,115,152,102,186,113,196,89,26,176,72,74,4,97,131,0,199,62,1,189,108,84,124,174,184,161,156,147,3,169,191,11,194,180,163,170,103,91,35,125,149,32,98,114,68,116,20,67,193,16,136,144,70,19,64,101,122,172,77,2,110,30,179,47,132,75,88,48];False
1573;7866;9439;[198,155,29,187,141,119,148,7,130,107,105,146,118,178,192,183,104,50,53,162,173,18,154,120,24,197,15,135,34,159,76,134,121,10,123,90,41,22,38,14,168,17,94,60,49,153,185,127,42,57,9,28,129,8,93,46,55,165,39,166,59,36,23,12,54,151,175,83,117,44,78,171,81,52,150,140,92,100,58,79,177,25,167,61,181,65,82,5,27,133,96,157,138,45,188,87,66,126,99,86,112,40,51,106,143,160,80,71,69,190,43,128,85,164,111,195,95,37,145,139,33,13,137,158,182,109,21,73,6,56,63,31,142,115,152,102,186,113,196,89,26,176,72,74,4,97,131,0,199,62,1,189,108,84,124,174,184,161,156,147,3,169,191,11,194,180,163,170,103,91,35,125,149,32,98,114,68,116,20,67,193,16,136,144,70,19,64,101,122,172,77,2,110,30,179,47,132,75,88,48];False
1564;7875;9439;[198,155,29,187,141,119,148,7,130,107,105,146,118,178,192,183,104,50,53,162,173,18,154,120,24,197,15,135,34,159,76,134,121,10,123,90,41,22,38,14,168,17,94,60,49,153,185,127,42,57,9,28,129,8,93,46,55,165,39,166,59,36,23,12,54,151,175,83,117,44,78,171,81,52,150,140,92,100,58,79,177,95,167,61,181,65,82,5,27,133,96,157,138,45,188,87,66,126,99,86,112,40,51,106,143,160,80,71,69,190,43,128,85,164,111,195,25,37,145,139,33,13,137,158,182,109,21,73,6,56,63,31,142,115,152,102,186,196,113,89,26,176,72,74,4,97,131,0,199,62,1,189,108,84,124,174,184,161,156,147,3,169,191,11,194,180,163,170,103,91,35,125,149,32,98,114,68,116,20,67,193,16,136,144,70,19,64,101,122,172,77,2,110,30,179,47,132,75,88,48];False
1598;7843;9441;[198,155,29,187,141,119,148,7,130,107,105,146,118,178,192,183,104,50,53,162,173,18,154,120,24,197,15,135,34,159,76,134,121,10,123,90,41,22,38,14,168,17,94,60,49,153,185,127,42,57,9,28,129,8,93,46,55,165,39,166,59,36,23,12,54,151,175,83,117,44,78,171,81,52,150,140,92,100,58,79,177,95,167,61,181,65,82,5,27,133,96,157,138,45,188,87,66,126,99,86,112,40,51,106,143,160,80,71,69,190,43,128,85,164,111,195,25,37,145,139,33,13,137,158,182,109,21,73,6,56,63,31,142,115,152,102,186,113,196,89,26,176,72,74,4,97,131,172,199,62,1,189,108,84,124,174,184,161,156,147,3,169,191,11,194,180,163,170,103,91,35,125,149,32,98,114,68,116,20,67,193,16,136,144,70,19,64,101,122,0,77,2,110,30,179,47,132,75,88,48];False
1500;7999;9499;[198,155,29,187,141,119,148,128,130,107,105,146,118,178,192,183,104,50,53,162,173,18,154,120,24,197,15,135,34,159,82,134,121,10,123,90,41,22,38,14,168,17,94,42,49,153,185,127,60,57,9,28,129,8,93,46,55,165,39,166,59,36,23,12,54,151,175,83,117,44,78,171,81,52,150,140,92,100,58,79,177,95,167,61,181,65,76,5,27,133,96,157,138,45,188,87,66,126,99,86,112,40,51,106,143,160,80,71,69,190,43,7,85,164,111,195,25,37,145,139,33,13,137,158,182,109,21,73,6,56,63,31,142,115,152,102,186,113,196,89,26,176,72,74,4,97,131,0,199,62,1,189,108,84,124,174,184,161,156,147,3,169,191,11,194,180,163,170,103,91,35,125,149,32,98,114,68,116,20,67,193,16,136,144,70,19,64,101,122,172,77,2,110,30,179,47,132,75,88,48];False
1505;7982;9487;[198,155,29,187,141,119,148,7,130,107,105,146,118,178,192,183,104,17,53,162,173,18,154,120,24,197,15,135,34,159,82,134,121,10,123,90,41,22,38,14,168,50,94,42,49,153,185,127,60,57,9,28,129,8,93,46,55,165,39,166,59,36,23,12,54,151,175,83,117,44,78,171,81,52,150,140,92,100,58,79,177,95,167,61,181,65,76,5,27,133,96,157,138,45,188,87,66,126,99,86,112,40,51,106,143,160,80,71,69,190,43,128,85,164,111,195,25,37,145,139,33,13,137,158,182,109,21,73,6,56,63,31,142,115,152,102,186,113,196,89,26,176,72,74,4,97,131,0,199,62,1,189,108,84,124,174,184,161,156,147,3,169,191,11,194,180,163,170,103,91,35,125,149,32,98,114,68,116,20,67,193,16,136,144,70,19,64,101,122,172,77,2,110,30,179,47,132,75,88,48];False
1499;8011;9510;[198,155,29,187,141,119,148,7,130,107,105,146,118,178,192,183,104,50,53,162,173,18,154,120,24,197,15,135,34,159,82,134,121,10,123,90,41,22,38,85,168,17,94,42,49,153,185,127,60,57,9,28,129,8,93,46,55,165,39,166,59,36,23,12,54,151,175,83,117,44,78,171,81,52,150,140,92,100,58,79,177,95,167,61,181,65,76,5,27,133,96,157,138,45,188,87,66,126,99,86,112,40,51,106,143,160,80,71,69,190,43,128,14,164,111,195,25,37,145,139,33,13,137,158,182,109,21,73,6,56,63,31,142,115,152,102,186,113,196,89,26,176,72,74,4,97,131,0,199,62,1,189,108,84,124,174,184,161,156,147,3,169,191,11,194,180,163,170,103,91,35,125,149,32,98,114,68,116,20,67,193,16,136,144,70,19,64,101,122,172,77,2,110,30,179,47,132,75,88,48];False
1501;7982;9483;[198,155,29,187,141,119,148,7,130,107,105,146,118,178,192,183,104,50,53,162,173,18,154,120,24,197,15,135,34,159,82,134,121,10,123,90,41,22,38,14,168,17,145,42,49,153,185,127,60,57,9,28,129,8,93,46,55,165,39,166,59,36,23,12,54,151,175,83,117,44,78,171,81,52,150,140,92,100,58,79,177,95,167,61,181,65,76,5,27,133,96,157,138,45,188,87,66,126,99,86,112,40,51,106,143,160,80,71,69,190,43,128,85,164,111,195,25,37,94,139,33,13,137,158,182,109,21,73,6,56,63,31,142,115,152,102,186,113,196,89,26,176,72,74,4,97,131,0,199,62,1,189,108,84,124,174,184,161,156,147,3,169,191,11,194,180,163,170,103,91,35,125,149,32,98,114,68,116,20,67,193,16,136,144,70,19,64,101,122,172,77,2,110,30,179,47,132,75,88,48];True
1521;7946;9467;[198,155,29,187,141,119,148,7,130,107,105,146,118,178,192,183,104,50,53,162,173,18,154,120,24,197,15,135,34,159,82,134,121,10,123,90,41,22,38,14,168,17,94,125,49,153,185,127,60,57,9,28,129,8,93,46,55,165,39,166,59,36,23,12,54,151,175,83,117,44,78,171,81,52,150,140,92,100,58,79,177,95,167,61,181,65,76,5,27,133,96,157,138,45,188,87,66,126,99,86,112,40,51,106,143,160,80,71,69,190,43,128,85,164,111,195,25,37,145,139,33,13,137,158,182,109,21,73,6,56,63,31,142,115,152,102,186,113,196,89,26,176,72,74,4,97,131,0,199,62,1,189,108,84,124,174,184,161,156,147,3,169,191,11,194,180,163,170,103,91,35,42,149,32,98,114,68,116,20,67,193,16,136,144,70,19,64,101,122,172,77,2,110,30,179,47,132,75,88,48];True
1504;7981;9485;[198,155,29,187,141,119,148,7,130,107,105,146,118,178,192,183,104,50,53,162,173,18,154,120,24,197,15,135,34,159,82,134,121,10,123,90,41,22,38,14,168,17,94,42,49,153,185,127,60,57,9,28,129,8,93,46,55,165,39,166,59,36,23,12,54,151,175,83,117,44,78,171,158,52,150,140,92,100,58,79,177,95,167,61,181,65,76,5,27,133,96,157,138,45,188,87,66,126,99,86,112,40,51,106,143,160,80,71,69,190,43,128,85,164,111,195,25,37,145,139,33,13,137,81,182,109,21,73,6,56,63,31,142,115,152,102,186,113,196,89,26,176,72,74,4,97,131,0,199,62,1,189,108,84,124,174,184,161,156,147,3,169,191,11,194,180,163,170,103,91,35,125,149,32,98,114,68,116,20,67,193,16,136,144,70,19,64,101,122,172,77,2,110,30,179,47,132,75,88,48];True
1520;7960;9480;[198,155,29,187,141,119,148,7,130,107,105,146,118,178,192,183,104,50,53,162,173,18,154,120,24,197,15,135,34,159,82,134,121,10,123,90,41,22,38,14,168,17,94,42,49,153,185,127,60,57,9,28,129,8,93,46,55,165,39,166,59,36,23,12,54,151,175,83,117,44,78,171,81,52,150,140,92,100,58,79,177,25,167,61,181,65,76,5,27,133,96,157,138,45,188,87,66,126,99,86,112,40,51,106,143,160,80,71,69,190,43,128,85,164,111,195,95,37,145,139,33,13,137,158,182,109,21,73,6,56,63,31,142,115,152,102,186,113,196,89,26,176,72,74,4,97,131,0,199,62,1,189,108,84,124,174,184,161,156,147,3,169,191,11,194,180,163,170,103,91,35,125,149,32,98,114,68,116,20,67,193,16,136,144,70,19,64,101,122,172,77,2,110,30,179,47,132,75,88,48];False
1511;7969;9480;[198,155,29,187,141,119,148,7,130,107,105,146,118,178,192,183,104,50,53,162,173,18,154,120,24,197,15,135,34,159,82,134,121,10,123,90,41,22,38,14,168,17,94,42,49,153,185,127,60,57,9,28,129,8,93,46,55,165,39,166,59,36,23,12,54,151,175,83,117,44,78,171,81,52,150,140,92,100,58,79,177,95,167,61,181,65,76,5,27,133,96,157,138,45,188,87,66,126,99,86,112,40,51,106,143,160,80,71,69,190,43,128,85,164,111,195,25,37,145,139,33,13,137,158,182,109,21,73,6,56,63,31,142,115,152,102,186,196,113,89,26,176,72,74,4,97,131,0,199,62,1,189,108,84,124,174,184,161,156,147,3,169,191,11,194,180,163,170,103,91,35,125,149,32,98,114,68,116,20,67,193,16,136,144,70,19,64,101,122,172,77,2,110,30,179,47,132,75,88,48];False
2807;6981;9788;[34,198,180,190,109,147,6,193,172,12,130,22,195,112,93,118,66,157,103,105,74,188,87,37,174,149,167,61,45,138,41,49,78,128,42,57,3,121,162,126,143,160,91,1,33,124,94,196,36,44,140,92,82,23,189,81,0,85,19,26,176,46,9,144,170,95,38,139,65,20,51,50,31,194,146,4,84,67,32,72,163,25,70,178,142,117,77,113,156,71,165,2,184,8,173,18,131,110,101,59,80,100,30,134,148,11,97,58,175,151,7,191,181,68,123,16,137,158,54,52,119,187,39,107,55,14,13,111,132,89,75,129,15,135,53,183,69,159,164,90,28,155,73,99,106,136,115,152,35,161,102,86,133,76,122,116,104,125,145,56,21,108,192,40,169,182,29,154,60,177,27,43,127,96,171,141,98,114,64,79,179,47,88,5,186,199,83,153,166,24,150,10,185,62,120,197,168,17,48,63];False
2755;6980;9735;[34,198,8,190,109,147,6,193,172,12,130,22,195,112,93,118,66,157,103,105,74,188,87,37,174,149,167,61,45,138,41,49,78,128,42,57,3,121,162,126,143,160,91,1,33,124,94,196,36,44,140,92,82,23,189,81,0,85,19,26,176,46,9,144,170,95,38,139,65,20,51,50,31,194,180,4,84,67,32,72,163,25,70,178,142,117,77,113,156,71,165,2,184,146,173,18,131,110,101,59,80,100,30,134,148,11,97,58,175,151,7,191,181,68,123,16,137,158,54,52,119,187,39,107,55,14,13,111,132,89,75,129,15,135,53,183,69,159,164,90,28,155,73,99,106,136,115,152,35,161,102,86,133,76,122,116,104,125,145,56,21,108,192,40,169,182,29,154,60,177,27,43,127,96,171,141,98,114,64,79,179,47,88,5,186,199,83,153,166,24,150,10,185,62,120,197,168,17,48,63];False
2814;6976;9790;[34,198,146,190,109,72,6,193,172,12,130,22,195,112,93,118,66,157,103,105,74,188,87,37,174,149,167,61,45,138,41,49,78,128,42,57,3,121,162,126,143,160,91,1,33,124,94,196,36,44,140,92,82,23,189,81,0,85,19,26,176,46,9,144,170,95,38,139,65,20,51,50,31,194,180,4,84,67,32,147,163,25,70,178,142,117,77,113,156,71,165,2,184,8,173,18,131,110,101,59,80,100,30,134,148,11,97,58,175,151,7,191,181,68,123,16,137,158,54,52,119,187,39,107,55,14,13,111,132,89,75,129,15,135,53,183,69,159,164,90,28,155,73,99,106,136,115,152,35,161,102,86,133,76,122,116,104,125,145,56,21,108,192,40,169,182,29,154,60,177,27,43,127,96,171,141,98,114,64,79,179,47,88,5,186,199,83,153,166,24,150,10,185,62,120,197,168,17,48,63];False
2730;6980;9710;[34,198,146,190,109,147,6,193,172,132,130,22,195,112,93,118,66,157,103,105,74,188,87,37,174,149,167,61,45,138,41,49,78,128,42,57,3,121,162,126,143,160,91,1,33,124,94,196,36,44,140,92,82,23,189,81,0,85,19,26,176,46,9,144,170,95,38,139,65,20,51,50,31,194,180,4,84,67,32,72,163,25,70,178,142,117,77,113,156,71,165,2,184,8,173,18,131,110,101,59,80,100,30,134,148,11,97,58,175,151,7,191,181,68,123,16,137,158,54,52,119,187,39,107,55,14,13,111,12,89,75,129,15,135,53,183,69,159,164,90,28,155,73,99,106,136,115,152,35,161,102,86,133,76,122,116,104,125,145,56,21,108,192,40,169,182,29,154,60,177,27,43,127,96,171,141,98,114,64,79,179,47,88,5,186,199,83,153,166,24,150,10,185,62,120,197,168,17,48,63];False
2819;6973;9792;[34,198,146,190,109,147,6,193,172,12,36,22,195,112,93,118,66,157,103,105,74,188,87,37,174,149,167,61,45,138,41,49,78,128,42,57,3,121,162,126,143,160,91,1,33,124,94,196,130,44,140,92,82,23,189,81,0,85,19,26,176,46,9,144,170,95,38,139,65,20,51,50,31,194,180,4,84,67,32,72,163,25,70,178,142,117,77,113,156,71,165,2,184,8,173,18,131,110,101,59,80,100,30,134,148,11,97,58,175,151,7,191,181,68,123,16,137,158,54,52,119,187,39,107,55,14,13,111,132,89,75,129,15,135,53,183,69,159,164,90,28,155,73,99,106,136,115,152,35,161,102,86,133,76,122,116,104,125,145,56,21,108,192,40,169,182,29,154,60,177,27,43,127,96,171,141,98,114,64,79,179,47,88,5,186,199,83,153,166,24,150,10,185,62,120,197,168,17,48,63];False
2815;6973;9788;[34,198,146,190,109,147,6,193,172,12,130,22,195,112,93,118,66,157,103,105,74,188,87,37,174,23,167,61,45,138,41,49,78,128,42,57,3,121,162,126,143,160,91,1,33,124,94,196,36,44,140,92,82,149,189,81,0,85,19,26,176,46,9,144,170,95,38,139,65,20,51,50,31,194,180,4,84,67,32,72,163,25,70,178,142,117,77,113,156,71,165,2,184,8,173,18,131,110,101,59,80,100,30,134,148,11,97,58,175,151,7,191,181,68,123,16,137,158,54,52,119,187,39,107,55,14,13,111,132,89,75,129,15,135,53,183,69,159,164,90,28,155,73,99,106,136,115,152,35,161,102,86,133,76,122,116,104,125,145,56,21,108,192,40,169,182,29,154,60,177,27,43,127,96,171,141,98,114,64,79,179,47,88,5,186,199,83,153,166,24,150,10,185,62,120,197,168,17,48,63];False
2638;6992;9630;[34,198,146,190,109,147,6,193,172,12,130,22,195,112,93,118,66,157,103,105,74,188,87,37,174,149,167,61,45,138,178,49,78,128,42,57,3,121,162,126,143,160,91,1,33,124,94,196,36,44,140,92,82,23,189,81,0,85,19,26,176,46,9,144,170,95,38,139,65,20,51,50,31,194,180,4,84,67,32,72,163,25,70,41,142,117,77,113,156,71,165,2,184,8,173,18,131,110,101,59,80,100,30,134,148,11,97,58,175,151,7,191,181,68,123,16,137,158,54,52,119,187,39,107,55,14,13,111,132,89,75,129,15,135,53,183,69,159,164,90,28,155,73,99,106,136,115,152,35,161,102,86,133,76,122,116,104,125,145,56,21,108,192,40,169,182,29,154,60,177,27,43,127,96,171,141,98,114,64,79,179,47,88,5,186,199,83,153,166,24,150,10,185,62,120,197,168,17,48,63];False
2820;6970;9790;[34,198,146,190,109,147,6,193,172,12,130,22,195,112,93,118,66,157,103,105,74,188,87,37,174,149,167,61,45,138,41,187,78,128,42,57,3,121,162,126,143,160,91,1,33,124,94,196,36,44,140,92,82,23,189,81,0,85,19,26,176,46,9,144,170,95,38,139,65,20,51,50,31,194,180,4,84,67,32,72,163,25,70,178,142,117,77,113,156,71,165,2,184,8,173,18,131,110,101,59,80,100,30,134,148,11,97,58,175,151,7,191,181,68,123,16,137,158,54,52,119,49,39,107,55,14,13,111,132,89,75,129,15,135,53,183,69,159,164,90,28,155,73,99,106,136,115,152,35,161,102,86,133,76,122,116,104,125,145,56,21,108,192,40,169,182,29,154,60,177,27,43,127,96,171,141,98,114,64,79,179,47,88,5,186,199,83,153,166,24,150,10,185,62,120,197,168,17,48,63];False
2801;6976;9777;[34,198,146,190,109,147,6,193,172,12,130,22,195,112,93,118,66,157,103,105,74,188,87,37,174,149,167,61,45,138,41,49,187,128,42,57,3,121,162,126,143,160,91,1,33,124,94,196,36,44,140,92,82,23,189,81,0,85,19,26,176,46,9,144,170,95,38,139,65,20,51,50,31,194,180,4,84,67,32,72,163,25,70,178,142,117,77,113,156,71,165,2,184,8,173,18,131,110,101,59,80,100,30,134,148,11,97,58,175,151,7,191,181,68,123,16,137,158,54,52,119,78,39,107,55,14,13,111,132,89,75,129,15,135,53,183,69,159,164,90,28,155,73,99,106,136,115,152,35,161,102,86,133,76,122,116,104,125,145,56,21,108,192,40,169,182,29,154,60,177,27,43,127,96,171,141,98,114,64,79,179,47,88,5,186,199,83,153,166,24,150,10,185,62,120,197,168,17,48,63];False
2849;6967;9816;[34,198,146,190,109,147,6,193,172,12,130,22,195,112,93,118,66,157,103,105,74,188,87,37,174,149,167,61,45,138,41,49,111,128,42,57,3,121,162,126,143,160,91,1,33,124,94,196,36,44,140,92,82,23,189,81,0,85,19,26,176,46,9,144,170,95,38,139,65,20,51,50,31,194,180,4,84,67,32,72,163,25,70,178,142,117,77,113,156,71,165,2,184,8,173,18,131,110,101,59,80,100,30,134,148,11,97,58,175,151,7,191,181,68,123,16,137,158,54,52,119,187,39,107,55,14,13,78,132,89,75,129,15,135,53,183,69,159,164,90,28,155,73,99,106,136,115,152,35,161,102,86,133,76,122,116,104,125,145,56,21,108,192,40,169,182,29,154,60,177,27,43,127,96,171,141,98,114,64,79,179,47,88,5,186,199,83,153,166,24,150,10,185,62,120,197,168,17,48,63];False
2811;6972;9783;[34,198,146,190,109,147,6,193,172,12,130,22,195,112,93,118,66,157,103,105,74,188,87,37,174,149,167,61,45,138,41,49,78,128,171,57,3,121,162,126,143,160,91,1,33,124,94,196,36,44,140,92,82,23,189,81,0,85,19,26,176,46,9,144,170,95,38,139,65,20,51,50,31,194,180,4,84,67,32,72,163,25,70,178,142,117,77,113,156,71,165,2,184,8,173,18,131,110,101,59,80,100,30,134,148,11,97,58,175,151,7,191,181,68,123,16,137,158,54,52,119,187,39,107,55,14,13,111,132,89,75,129,15,135,53,183,69,159,164,90,28,155,73,99,106,136,115,152,35,161,102,86,133,76,122,116,104,125,145,56,21,108,192,40,169,182,29,154,60,177,27,43,127,96,42,141,98,114,64,79,179,47,88,5,186,199,83,153,166,24,150,10,185,62,120,197,168,17,48,63];False
2763;6972;9735;[34,198,146,190,109,147,6,193,172,12,130,22,195,112,93,118,66,157,103,105,74,188,87,37,174,149,167,61,45,138,41,49,78,128,42,57,3,121,162,126,143,160,91,1,33,124,94,196,36,104,140,92,82,23,189,81,0,85,19,26,176,46,9,144,170,95,38,139,65,20,51,50,31,194,180,4,84,67,32,72,163,25,70,178,142,117,77,113,156,71,165,2,184,8,173,18,131,110,101,59,80,100,30,134,148,11,97,58,175,151,7,191,181,68,123,16,137,158,54,52,119,187,39,107,55,14,13,111,132,89,75,129,15,135,53,183,69,159,164,90,28,155,73,99,106,136,115,152,35,161,102,86,133,76,122,116,44,125,145,56,21,108,192,40,169,182,29,154,60,177,27,43,127,96,171,141,98,114,64,79,179,47,88,5,186,199,83,153,166,24,150,10,185,62,120,197,168,17,48,63];False
2843;6967;9810;[34,198,146,190,109,147,6,193,172,12,130,22,195,112,93,118,66,157,103,105,74,188,87,37,174,149,167,61,45,138,41,49,78,128,42,57,3,121,162,126,143,160,91,1,33,124,94,196,36,44,140,21,82,23,189,81,0,85,19,26,176,46,9,144,170,95,38,139,65,20,51,50,31,194,180,4,84,67,32,72,163,25,70,178,142,117,77,113,156,71,165,2,184,8,173,18,131,110,101,59,80,100,30,134,148,11,97,58,175,151,7,191,181,68,123,16,137,158,54,52,119,187,39,107,55,14,13,111,132,89,75,129,15,135,53,183,69,159,164,90,28,155,73,99,106,136,115,152,35,161,102,86,133,76,122,116,104,125,145,56,92,108,192,40,169,182,29,154,60,177,27,43,127,96,171,141,98,114,64,79,179,47,88,5,186,199,83,153,166,24,150,10,185,62,120,197,168,17,48,63];False
2754;6973;9727;[34,198,146,190,109,147,6,193,172,12,130,22,195,112,93,118,66,157,103,105,74,188,87,37,174,149,167,61,45,138,41,49,78,128,42,57,3,121,162,126,143,160,91,1,33,124,94,196,36,44,140,17,82,23,189,81,0,85,19,26,176,46,9,144,170,95,38,139,65,20,51,50,31,194,180,4,84,67,32,72,163,25,70,178,142,117,77,113,156,71,165,2,184,8,173,18,131,110,101,59,80,100,30,134,148,11,97,58,175,151,7,191,181,68,123,16,137,158,54,52,119,187,39,107,55,14,13,111,132,89,75,129,15,135,53,183,69,159,164,90,28,155,73,99,106,136,115,152,35,161,102,86,133,76,122,116,104,125,145,56,21,108,192,40,169,182,29,154,60,177,27,43,127,96,171,141,98,114,64,79,179,47,88,5,186,199,83,153,166,24,150,10,185,62,120,197,168,92,48,63];False
2675;6986;9661;[34,198,146,190,109,147,6,193,172,12,130,22,195,112,93,118,66,157,103,105,74,188,87,37,174,149,167,61,45,138,41,49,78,128,42,57,3,121,162,126,143,160,91,1,33,124,94,196,36,44,140,92,82,23,189,81,0,85,19,26,176,46,9,144,170,95,38,139,65,20,51,50,16,194,180,4,84,67,32,72,163,25,70,178,142,117,77,113,156,71,165,2,184,8,173,18,131,110,101,59,80,100,30,134,148,11,97,58,175,151,7,191,181,68,123,31,137,158,54,52,119,187,39,107,55,14,13,111,132,89,75,129,15,135,53,183,69,159,164,90,28,155,73,99,106,136,115,152,35,161,102,86,133,76,122,116,104,125,145,56,21,108,192,40,169,182,29,154,60,177,27,43,127,96,171,141,98,114,64,79,179,47,88,5,186,199,83,153,166,24,150,10,185,62,120,197,168,17,48,63];False
2702;6983;9685;[34,198,146,190,109,147,6,193,172,12,130,22,195,112,93,118,66,157,103,105,74,188,87,37,174,149,167,61,45,138,41,49,78,128,42,57,3,121,162,126,143,160,91,1,33,124,94,196,36,44,140,92,82,23,189,81,0,85,19,26,176,46,9,144,170,95,38,139,65,20,51,50,31,194,180,4,84,67,32,72,163,25,70,178,142,117,77,113,156,71,165,2,184,8,173,18,137,110,101,59,80,100,30,134,148,11,97,58,175,151,7,191,181,68,123,16,131,158,54,52,119,187,39,107,55,14,13,111,132,89,75,129,15,135,53,183,69,159,164,90,28,155,73,99,106,136,115,152,35,161,102,86,133,76,122,116,104,125,145,56,21,108,192,40,169,182,29,154,60,177,27,43,127,96,171,141,98,114,64,79,179,47,88,5,186,199,83,153,166,24,150,10,185,62,120,197,168,17,48,63];False
2721;6977;9698;[34,198,146,190,109,147,6,193,172,12,130,22,195,112,93,118,66,157,103,105,74,188,87,37,174,149,167,61,45,138,41,49,78,128,42,57,3,121,162,126,143,160,91,1,33,124,94,196,36,44,140,92,82,23,189,81,0,85,19,26,176,46,9,144,170,95,38,139,65,20,51,50,31,194,180,4,84,67,32,72,163,25,70,178,142,117,77,113,156,71,165,2,184,8,173,18,131,110,101,59,80,100,30,134,119,11,97,58,175,151,7,191,181,68,123,16,137,158,54,52,148,187,39,107,55,14,13,111,132,89,75,129,15,135,53,183,69,159,164,90,28,155,73,99,106,136,115,152,35,161,102,86,133,76,122,116,104,125,145,56,21,108,192,40,169,182,29,154,60,177,27,43,127,96,171,141,98,114,64,79,179,47,88,5,186,199,83,153,166,24,150,10,185,62,120,197,168,17,48,63];False
2808;6971;9779;[34,198,146,190,109,147,6,193,172,12,130,22,195,112,93,118,66,157,103,105,74,188,87,37,174,149,167,61,45,138,41,49,78,128,42,57,3,121,162,126,143,160,91,1,33,124,94,196,36,44,140,92,82,23,189,81,0,85,19,26,176,46,9,144,170,95,38,139,65,20,51,50,31,194,180,4,84,67,32,72,163,25,70,178,142,117,77,113,156,71,165,2,184,8,173,18,131,110,101,59,80,100,30,134,148,11,97,58,175,151,7,5,181,68,123,16,137,158,54,52,119,187,39,107,55,14,13,111,132,89,75,129,15,135,53,183,69,159,164,90,28,155,73,99,106,136,115,152,35,161,102,86,133,76,122,116,104,125,145,56,21,108,192,40,169,182,29,154,60,177,27,43,127,96,171,141,98,114,64,79,179,47,88,191,186,199,83,153,166,24,150,10,185,62,120,197,168,17,48,63];False
2861;6964;9825;[34,198,146,190,109,147,6,193,172,12,130,22,195,112,93,118,66,157,103,105,74,188,87,37,174,149,167,61,45,138,41,49,78,128,42,57,3,121,162,126,143,160,91,1,33,124,94,196,36,44,140,92,82,23,189,81,0,85,19,26,176,46,9,144,170,95,38,139,65,20,51,50,31,194,180,4,84,67,32,72,163,25,70,178,142,117,77,113,156,71,165,2,184,8,173,18,131,110,101,59,80,100,30,134,148,11,97,58,175,151,7,191,181,68,123,16,187,158,54,52,119,137,39,107,55,14,13,111,132,89,75,129,15,135,53,183,69,159,164,90,28,155,73,99,106,136,115,152,35,161,102,86,133,76,122,116,104,125,145,56,21,108,192,40,169,182,29,154,60,177,27,43,127,96,171,141,98,114,64,79,179,47,88,5,186,199,83,153,166,24,150,10,185,62,120,197,168,17,48,63];False
2778;6964;9742;[34,198,146,190,109,147,6,193,172,12,130,22,195,112,93,118,66,157,103,105,74,188,87,37,174,149,167,61,45,138,41,49,78,128,42,57,3,121,162,126,143,160,91,1,33,124,94,196,36,44,140,92,82,23,189,81,0,85,19,26,176,46,9,144,170,95,38,139,65,20,51,50,31,194,180,4,84,67,32,72,163,25,70,178,142,117,77,113,156,71,165,2,184,8,173,18,131,110,101,59,80,100,30,134,148,11,97,58,175,151,7,191,181,68,123,16,137,158,62,52,119,187,39,107,55,14,13,111,132,89,75,129,15,135,53,183,69,159,164,90,28,155,73,99,106,136,115,152,35,161,102,86,133,76,122,116,104,125,145,56,21,108,192,40,169,182,29,154,60,177,27,43,127,96,171,141,98,114,64,79,179,47,88,5,186,199,83,153,166,24,150,10,185,54,120,197,168,17,48,63];False
2576;7019;9595;[31,198,146,190,109,147,6,193,172,12,130,22,195,112,93,118,66,157,103,105,74,188,87,37,174,149,167,61,45,138,41,49,78,128,42,57,3,121,162,126,143,160,91,1,33,124,94,196,36,44,140,92,82,23,189,81,0,85,19,26,176,46,9,144,170,95,38,139,65,20,51,50,34,194,180,4,84,67,32,72,163,25,70,178,16,117,77,113,156,71,165,2,184,8,173,18,131,110,101,59,80,100,30,134,148,11,97,58,175,151,7,191,181,68,123,90,137,158,54,52,119,187,39,107,55,14,13,111,132,89,75,129,15,135,53,183,69,159,164,142,28,155,73,99,106,136,115,152,35,161,102,86,133,76,122,116,104,125,145,56,21,108,192,40,169,182,29,154,60,177,27,43,127,96,171,141,98,114,64,79,179,47,88,5,186,199,83,153,166,24,150,10,185,62,120,197,168,17,48,63];False
2620;7011;9631;[34,198,146,190,109,147,6,193,172,12,130,22,195,112,93,118,66,157,103,105,74,188,87,37,174,149,167,61,45,138,41,49,78,128,42,57,3,121,162,126,143,160,2,1,33,124,94,196,36,44,140,92,82,23,189,81,0,85,19,26,176,46,9,144,170,95,38,139,65,20,51,50,31,194,180,4,84,67,32,72,163,25,70,178,16,117,77,113,156,71,165,91,184,8,173,18,131,110,101,59,80,100,30,134,148,11,97,58,175,151,7,191,181,68,123,90,137,158,54,52,119,187,39,107,55,14,13,111,132,89,75,129,15,135,53,183,69,159,164,142,28,155,73,99,106,136,115,152,35,161,102,86,133,76,122,116,104,125,145,56,21,108,192,40,169,182,29,154,60,177,27,43,127,96,171,141,98,114,64,79,179,47,88,5,186,199,83,153,166,24,150,10,185,62,120,197,168,17,48,63];False
2612;7000;9612;[34,198,146,190,109,147,6,193,172,12,130,22,195,112,93,118,66,157,103,105,74,188,87,37,174,149,167,61,45,138,41,49,78,128,42,57,3,121,162,126,143,160,91,1,33,124,94,196,36,44,140,92,82,23,189,81,0,85,19,26,176,46,164,144,170,95,38,139,65,20,51,50,31,194,180,4,84,67,32,72,163,25,70,178,16,117,77,113,156,71,165,2,184,8,173,18,131,110,101,59,80,100,30,134,148,11,97,58,175,151,7,191,181,68,123,90,137,158,54,52,119,187,39,107,55,14,13,111,132,89,75,129,15,135,53,183,69,159,9,142,28,155,73,99,106,136,115,152,35,161,102,86,133,76,122,116,104,125,145,56,21,108,192,40,169,182,29,154,60,177,27,43,127,96,171,141,98,114,64,79,179,47,88,5,186,199,83,153,166,24,150,10,185,62,120,197,168,17,48,63];False
2575;7011;9586;[34,198,146,190,109,118,6,193,172,12,130,22,195,112,93,147,66,157,103,105,74,188,87,37,174,149,167,61,45,138,41,49,78,128,42,57,3,121,162,126,143,160,91,1,33,124,94,196,36,44,140,92,82,23,189,81,0,85,19,26,176,46,164,144,170,95,38,139,65,20,51,50,31,194,180,4,84,67,32,72,163,25,70,178,16,117,77,113,156,71,165,2,184,8,173,18,131,110,101,59,80,100,30,134,148,11,97,58,175,151,7,191,181,68,123,90,137,158,54,52,119,187,39,107,55,14,13,111,132,89,75,129,15,135,53,183,69,159,9,142,28,155,73,99,106,136,115,152,35,161,102,86,133,76,122,116,104,125,145,56,21,108,192,40,169,182,29,154,60,177,27,43,127,96,171,141,98,114,64,79,179,47,88,5,186,199,83,153,166,24,150,10,185,62,120,197,168,17,48,63];False
2952;6946;9898;[34,103,105,190,109,147,6,193,172,12,130,22,195,112,93,118,66,157,20,51,74,188,87,37,174,149,167,61,45,138,14,49,78,128,42,57,191,121,162,126,143,160,91,1,33,124,94,196,36,44,140,92,82,23,189,81,0,85,19,26,176,46,9,41,3,95,38,139,144,48,50,168,31,194,180,4,84,67,32,72,163,25,70,65,16,117,77,113,156,71,165,2,184,8,173,18,131,110,101,59,80,100,30,134,148,11,97,58,175,151,7,170,181,68,198,142,137,158,62,52,119,187,39,107,55,178,13,111,132,89,75,129,15,135,53,183,69,159,164,90,28,155,73,99,106,136,115,152,35,161,102,86,133,76,122,116,104,125,145,56,21,108,192,40,169,182,29,154,60,177,27,43,127,96,171,141,98,114,64,79,179,47,88,5,186,199,83,153,166,24,150,10,185,54,120,197,123,17,146,63];False
2909;6955;9864;[34,103,105,190,109,147,6,193,172,12,130,22,195,112,93,118,66,157,20,51,74,188,87,37,174,149,167,61,45,138,14,49,78,128,42,57,191,121,162,126,143,160,91,1,33,124,94,196,36,44,140,92,82,23,189,81,0,85,19,26,176,46,9,41,3,95,38,139,144,146,50,168,31,194,180,4,84,67,32,72,163,25,70,65,16,117,77,113,156,71,165,2,184,8,173,18,131,110,101,59,80,100,30,134,119,11,97,58,175,151,7,170,181,68,198,142,137,158,62,52,148,187,39,107,55,178,13,111,132,89,75,129,15,135,53,183,69,159,164,90,28,155,73,99,106,136,115,152,35,161,102,86,133,76,122,116,104,125,145,56,21,108,192,40,169,182,29,154,60,177,27,43,127,96,171,141,98,114,64,79,179,47,88,5,186,199,83,153,166,24,150,10,185,54,120,197,123,17,48,63];False
2958;6945;9903;[34,103,105,190,109,147,6,193,172,12,130,22,195,112,93,118,66,157,20,51,74,188,87,37,174,149,167,61,45,138,14,49,78,128,42,57,191,121,162,126,143,160,91,1,33,124,94,196,36,44,140,92,82,23,189,81,0,85,19,26,176,46,9,41,3,95,38,139,144,146,50,168,31,194,180,4,84,67,32,72,163,25,70,65,16,117,77,113,156,71,165,2,184,8,173,18,131,110,101,59,80,100,30,134,148,11,97,58,175,151,7,170,181,68,198,142,137,158,62,52,119,185,39,107,55,178,13,111,132,89,75,129,15,135,53,183,69,159,164,90,28,155,73,99,106,136,115,152,35,161,102,86,133,76,122,116,104,125,145,56,21,108,192,40,169,182,29,154,60,177,27,43,127,96,171,141,98,114,64,79,179,47,88,5,186,199,83,153,166,24,150,10,187,54,120,197,123,17,48,63];False
3021;6937;9958;[34,103,105,190,109,147,6,193,172,12,130,22,195,112,93,118,66,157,20,51,74,188,87,37,174,149,167,61,45,138,178,49,78,128,42,57,191,121,162,126,143,160,91,1,33,124,94,196,36,104,140,92,82,23,189,81,0,85,19,26,176,46,9,41,3,95,38,139,144,48,50,168,31,194,180,4,84,67,32,72,163,25,70,65,16,117,77,113,156,71,165,2,184,8,173,18,131,110,101,59,80,100,30,134,148,11,97,58,175,151,7,170,181,68,198,142,137,158,62,52,119,187,39,107,55,14,13,111,132,89,75,129,15,135,53,183,69,159,164,90,28,155,73,99,106,136,115,152,35,161,102,86,133,76,122,116,44,125,145,56,21,108,192,40,169,182,29,154,60,177,27,43,127,96,171,141,98,114,64,79,179,47,88,5,186,199,83,153,166,24,150,10,185,54,120,197,123,17,146,63];False
3056;6935;9991;[34,103,105,190,109,147,6,193,172,12,130,22,195,112,93,118,66,157,20,51,74,188,87,37,174,149,167,61,45,138,178,49,78,128,42,57,191,121,162,126,143,160,91,1,33,124,94,196,36,44,140,50,82,23,189,81,0,85,19,26,176,46,9,41,3,95,38,139,144,48,92,168,31,194,180,4,84,67,32,72,163,25,70,65,16,117,77,113,156,71,165,2,184,8,173,18,131,110,101,59,80,100,30,134,148,11,97,58,175,151,7,170,181,68,198,142,137,158,62,52,119,187,39,107,55,14,13,111,132,89,75,129,15,135,53,183,69,159,164,90,28,155,73,99,106,136,115,152,35,161,102,86,133,76,122,116,104,125,145,56,21,108,192,40,169,182,29,154,60,177,27,43,127,96,171,141,98,114,64,79,179,47,88,5,186,199,83,153,166,24,150,10,185,54,120,197,123,17,146,63];False
2979;6942;9921;[34,103,105,190,109,147,6,193,172,12,130,22,195,112,93,118,66,157,20,51,74,188,87,37,174,149,167,61,45,138,178,49,78,128,42,57,191,121,162,126,143,160,91,1,33,124,94,196,36,44,140,92,82,23,189,81,0,85,19,26,176,46,9,41,3,95,38,139,144,48,50,168,31,194,180,4,84,67,32,72,163,25,70,65,16,117,77,113,156,71,165,2,184,8,173,18,131,110,101,59,80,100,30,134,119,11,97,58,175,151,7,170,181,68,198,142,137,158,62,52,148,187,39,107,55,14,13,111,132,89,75,129,15,135,53,183,69,159,164,90,28,155,73,99,106,136,115,152,35,161,102,86,133,76,122,116,104,125,145,56,21,108,192,40,169,182,29,154,60,177,27,43,127,96,171,141,98,114,64,79,179,47,88,5,186,199,83,153,166,24,150,10,185,54,120,197,123,17,146,63];False
2941;6951;9892;[34,103,105,190,109,147,6,193,172,12,130,22,195,112,93,118,66,157,20,51,74,188,87,37,174,149,167,61,45,138,178,49,78,128,42,57,191,121,162,126,143,160,91,1,33,124,94,196,36,44,140,92,82,23,189,81,0,85,19,26,176,46,9,41,3,95,38,139,144,48,50,168,31,194,180,4,84,67,32,72,163,25,70,65,16,117,77,113,156,71,165,2,184,8,173,18,131,110,101,59,80,100,30,134,148,11,97,58,151,175,7,170,181,68,198,142,137,158,62,52,119,187,39,107,55,14,13,111,132,89,75,129,15,135,53,183,69,159,164,90,28,155,73,99,106,136,115,152,35,161,102,86,133,76,122,116,104,125,145,56,21,108,192,40,169,182,29,154,60,177,27,43,127,96,171,141,98,114,64,79,179,47,88,5,186,199,83,153,166,24,150,10,185,54,120,197,123,17,146,63];False
3028;6932;9960;[34,103,105,190,109,147,6,193,172,12,130,22,195,112,93,118,66,157,20,51,74,188,87,37,174,149,167,61,45,138,178,49,78,128,42,57,191,121,162,126,143,160,91,1,33,124,94,196,36,44,140,92,82,23,189,81,0,85,19,26,176,46,9,41,3,95,38,139,144,48,50,168,31,194,180,4,84,67,32,72,163,25,70,65,16,117,77,113,156,71,165,2,184,8,173,18,131,110,101,59,80,100,30,134,148,11,97,58,175,151,7,170,181,68,198,142,137,158,62,52,119,185,39,107,55,14,13,111,132,89,75,129,15,135,53,183,69,159,164,90,28,155,73,99,106,136,115,152,35,161,102,86,133,76,122,116,104,125,145,56,21,108,192,40,169,182,29,154,60,177,27,43,127,96,171,141,98,114,64,79,179,47,88,5,186,199,83,153,166,24,150,10,187,54,120,197,123,17,146,63];False
3099;6930;10029;[34,103,105,190,109,147,6,193,172,12,130,22,195,112,93,118,66,157,20,51,74,188,87,37,174,149,167,61,45,138,178,49,78,128,42,57,191,121,162,126,143,160,91,1,33,124,94,196,36,44,140,92,82,23,189,81,0,85,19,26,176,46,9,41,3,95,38,139,144,48,50,168,31,194,180,4,84,67,32,72,163,25,70,65,16,117,77,113,156,71,165,2,184,8,173,18,131,110,101,59,80,100,30,134,148,11,97,58,175,151,7,170,181,68,198,142,137,158,62,52,119,187,39,107,55,14,13,111,132,89,75,129,15,135,53,183,69,159,164,90,28,155,73,99,106,136,115,152,35,161,102,86,133,76,122,116,104,125,145,56,17,108,192,40,169,182,29,154,60,177,27,43,127,96,171,141,98,114,64,79,179,47,88,5,186,199,83,153,166,24,150,10,185,54,120,197,123,21,146,63];False
3141;6927;10068;[34,103,105,190,109,147,6,193,172,12,130,22,195,112,93,118,66,157,20,51,74,188,87,37,174,149,167,61,45,138,178,49,78,128,42,57,191,121,162,126,143,160,91,1,33,124,94,196,88,44,140,92,82,23,189,81,0,85,19,26,176,46,9,41,3,95,38,139,144,146,50,168,31,194,180,4,84,67,32,72,163,25,70,65,16,117,77,113,156,71,165,2,184,8,173,18,131,110,101,59,80,100,30,134,148,11,97,58,175,151,7,170,181,68,198,142,137,158,62,52,119,185,39,107,55,14,13,111,132,89,75,129,15,135,53,183,69,159,164,90,28,155,73,99,106,136,115,152,35,161,102,86,133,76,122,116,104,125,145,56,21,108,192,40,169,182,29,154,60,177,27,43,127,96,171,141,98,114,64,79,179,47,36,5,186,199,83,153,166,24,150,10,187,54,120,197,123,17,48,63];False
3027;6936;9963;[34,103,105,190,109,147,6,193,172,12,130,22,195,112,93,118,66,157,20,51,74,188,87,37,174,149,167,61,45,138,178,49,78,128,42,57,191,121,162,126,143,160,91,1,33,124,94,196,36,104,140,92,82,23,189,81,0,85,19,26,176,46,9,41,3,95,38,139,144,146,50,168,31,194,180,4,84,67,32,72,163,25,70,65,16,117,77,113,156,71,165,2,184,8,173,18,131,110,101,59,80,100,30,134,148,11,97,58,175,151,7,170,181,68,198,142,137,158,62,52,119,185,39,107,55,14,13,111,132,89,75,129,15,135,53,183,69,159,164,90,28,155,73,99,106,136,115,152,35,161,102,86,133,76,122,116,44,125,145,56,21,108,192,40,169,182,29,154,60,177,27,43,127,96,171,141,98,114,64,79,179,47,88,5,186,199,83,153,166,24,150,10,187,54,120,197,123,17,48,63];False
3131;6924;10055;[34,103,105,190,109,147,6,193,172,12,130,22,195,112,93,118,66,157,20,51,74,188,87,37,174,149,167,61,45,138,178,49,78,128,42,57,191,121,162,126,143,160,91,1,33,124,94,196,36,44,140,50,82,23,189,81,0,85,19,26,176,46,9,41,3,95,38,139,144,146,92,168,31,194,180,4,84,67,32,72,163,25,70,65,16,117,77,113,156,71,165,2,184,8,173,18,131,110,101,59,80,100,30,134,148,11,97,58,175,151,7,170,181,68,198,142,137,158,62,52,119,185,39,107,55,14,13,111,132,89,75,129,15,135,53,183,69,159,164,90,28,155,73,99,106,136,115,152,35,161,102,86,133,76,122,116,104,125,145,56,21,108,192,40,169,182,29,154,60,177,27,43,127,96,171,141,98,114,64,79,179,47,88,5,186,199,83,153,166,24,150,10,187,54,120,197,123,17,48,63];False
2921;6952;9873;[34,103,105,190,109,147,6,193,172,12,130,22,195,112,93,118,66,157,20,51,74,188,87,37,174,149,167,61,45,138,178,49,78,128,42,57,191,121,162,126,143,160,91,1,33,124,94,196,36,44,140,92,82,23,189,81,0,85,19,26,176,46,9,41,3,95,38,139,144,146,50,168,31,194,180,4,84,67,32,72,163,25,70,65,16,117,77,113,156,71,165,2,184,8,173,18,131,110,101,59,80,100,30,134,148,11,97,58,175,151,7,170,181,68,198,142,137,158,62,52,119,43,39,107,55,14,13,111,132,89,75,129,15,135,53,183,69,159,164,90,28,155,73,99,106,136,115,152,35,161,102,86,133,76,122,116,104,125,145,56,21,108,192,40,169,182,29,154,60,177,27,185,127,96,171,141,98,114,64,79,179,47,88,5,186,199,83,153,166,24,150,10,187,54,120,197,123,17,48,63];False
2990;6941;9931;[34,103,105,190,109,147,6,193,172,12,130,22,195,112,93,118,66,157,20,51,74,188,87,37,174,149,167,61,45,138,41,49,78,128,42,57,191,121,162,126,143,160,91,1,33,124,94,196,36,44,140,92,82,23,189,81,0,85,19,26,176,46,9,178,3,95,38,139,144,48,50,168,31,194,180,4,84,67,32,72,163,25,70,65,16,117,77,113,156,71,165,2,184,8,173,18,131,110,101,59,80,100,30,134,119,11,97,58,175,151,7,170,181,68,198,142,137,158,62,52,148,187,39,107,55,14,13,111,132,89,75,129,15,135,53,183,69,159,164,90,28,155,73,99,106,136,115,152,35,161,102,86,133,76,122,197,104,125,145,56,21,108,192,40,169,182,29,154,60,177,27,43,127,96,171,141,98,114,64,79,179,47,88,5,186,199,83,153,166,24,150,10,185,54,120,116,123,17,146,63];False
3107;6928;10035;[34,103,105,190,109,147,6,193,172,12,130,22,195,112,93,118,66,157,20,51,74,188,87,37,174,149,167,61,45,138,41,49,78,128,42,57,191,121,162,126,143,160,91,1,33,124,94,196,36,44,140,92,82,23,189,81,0,85,19,26,176,46,9,178,3,95,38,139,144,48,50,168,31,194,180,4,84,67,32,72,163,25,70,65,16,117,77,113,156,71,165,2,184,8,173,18,131,110,101,59,80,100,30,134,119,11,97,58,175,151,7,170,181,68,198,142,137,158,62,52,148,187,39,107,55,14,13,111,132,89,75,129,15,135,53,183,69,159,164,90,28,155,73,99,106,136,115,152,35,161,102,86,133,76,122,116,104,125,145,56,17,108,192,40,169,182,29,154,60,177,27,43,127,96,171,141,98,114,64,79,179,47,88,5,186,199,83,153,166,24,150,10,185,54,120,197,123,21,146,63];False
3130;6926;10056;[34,103,105,190,109,147,6,193,172,12,130,22,195,112,93,118,66,157,20,51,74,188,87,37,174,23,167,61,45,138,41,49,78,128,42,57,191,121,162,126,143,160,91,1,33,124,94,196,36,44,140,92,82,149,189,81,0,85,19,26,176,46,9,178,3,95,38,139,144,48,50,168,31,194,180,4,84,67,32,72,163,25,70,65,16,117,77,113,156,71,165,2,184,8,173,18,131,110,101,59,80,100,30,134,148,11,97,58,175,151,7,170,181,68,198,142,137,158,62,52,119,185,39,107,55,14,13,111,132,89,75,129,15,135,53,183,69,159,164,90,28,155,73,99,106,136,115,152,35,161,102,86,133,76,122,116,104,125,145,56,21,108,192,40,169,182,29,154,60,177,27,43,127,96,171,141,98,114,64,79,179,47,88,5,186,199,83,153,166,24,150,10,187,54,120,197,123,17,146,63];False
3164;6920;10084;[34,103,105,190,109,147,6,193,172,12,130,22,195,112,93,118,66,157,20,51,74,188,87,37,174,149,167,61,45,138,41,49,111,128,42,57,191,121,162,126,143,160,91,1,33,124,94,196,36,44,140,92,82,23,189,81,0,85,19,26,176,46,9,178,3,95,38,139,144,48,50,168,31,194,180,4,84,67,32,72,163,25,70,65,16,117,77,113,156,71,165,2,184,8,173,18,131,110,101,59,80,100,30,134,148,11,97,58,175,151,7,170,181,68,198,142,137,158,62,52,119,185,39,107,55,14,13,78,132,89,75,129,15,135,53,183,69,159,164,90,28,155,73,99,106,136,115,152,35,161,102,86,133,76,122,116,104,125,145,56,21,108,192,40,169,182,29,154,60,177,27,43,127,96,171,141,98,114,64,79,179,47,88,5,186,199,83,153,166,24,150,10,187,54,120,197,123,17,146,63];False
3126;6925;10051;[34,103,105,190,109,147,6,193,172,12,130,22,195,112,93,118,66,157,20,51,74,188,87,37,174,149,167,61,45,138,41,49,78,128,171,57,191,121,162,126,143,160,91,1,33,124,94,196,36,44,140,92,82,23,189,81,0,85,19,26,176,46,9,178,3,95,38,139,144,48,50,168,31,194,180,4,84,67,32,72,163,25,70,65,16,117,77,113,156,71,165,2,184,8,173,18,131,110,101,59,80,100,30,134,148,11,97,58,175,151,7,170,181,68,198,142,137,158,62,52,119,185,39,107,55,14,13,111,132,89,75,129,15,135,53,183,69,159,164,90,28,155,73,99,106,136,115,152,35,161,102,86,133,76,122,116,104,125,145,56,21,108,192,40,169,182,29,154,60,177,27,43,127,96,42,141,98,114,64,79,179,47,88,5,186,199,83,153,166,24,150,10,187,54,120,197,123,17,146,63];False
3009;6936;9945;[34,103,105,190,109,147,6,193,172,12,130,22,195,112,93,118,66,157,20,51,74,188,87,37,174,149,167,61,45,138,41,49,78,128,42,57,3,121,162,126,143,160,91,1,33,124,94,196,36,44,140,92,82,23,189,81,0,85,19,26,176,46,9,178,191,95,38,139,144,48,50,168,31,194,180,4,84,67,32,72,163,25,70,65,16,117,77,113,156,71,165,2,184,8,173,18,131,110,101,59,80,100,30,134,148,11,97,58,175,151,7,170,181,68,198,142,137,158,62,52,119,185,39,107,55,14,13,111,132,89,75,129,15,135,53,183,69,159,164,90,28,155,73,99,106,136,115,152,35,161,102,86,133,76,122,116,104,125,145,56,21,108,192,40,169,182,29,154,60,177,27,43,127,96,171,141,98,114,64,79,179,47,88,5,186,199,83,153,166,24,150,10,187,54,120,197,123,17,146,63];False
3192;6916;10108;[34,103,105,190,109,147,6,193,172,12,130,22,195,112,93,118,66,157,20,51,74,188,87,37,174,149,167,61,45,138,41,49,78,128,42,57,191,121,162,126,143,160,91,1,33,124,94,196,88,44,140,92,82,23,189,81,0,85,19,26,176,46,9,178,3,95,38,139,144,48,50,168,31,194,180,4,84,67,32,72,163,25,70,65,16,117,77,113,156,71,165,2,184,8,173,18,131,110,101,59,80,100,30,134,148,11,97,58,175,151,7,170,181,68,198,142,137,158,62,52,119,185,39,107,55,14,13,111,132,89,75,129,15,135,53,183,69,159,164,90,28,155,73,99,106,136,115,152,35,161,102,86,133,76,122,116,104,125,145,56,21,108,192,40,169,182,29,154,60,177,27,43,127,96,171,141,98,114,64,79,179,47,36,5,186,199,83,153,166,24,150,10,187,54,120,197,123,17,146,63];False
3078;6925;10003;[34,103,105,190,109,147,6,193,172,12,130,22,195,112,93,118,66,157,20,51,74,188,87,37,174,149,167,61,45,138,41,49,78,128,42,57,191,121,162,126,143,160,91,1,33,124,94,196,36,104,140,92,82,23,189,81,0,85,19,26,176,46,9,178,3,95,38,139,144,48,50,168,31,194,180,4,84,67,32,72,163,25,70,65,16,117,77,113,156,71,165,2,184,8,173,18,131,110,101,59,80,100,30,134,148,11,97,58,175,151,7,170,181,68,198,142,137,158,62,52,119,185,39,107,55,14,13,111,132,89,75,129,15,135,53,183,69,159,164,90,28,155,73,99,106,136,115,152,35,161,102,86,133,76,122,116,44,125,145,56,21,108,192,40,169,182,29,154,60,177,27,43,127,96,171,141,98,114,64,79,179,47,88,5,186,199,83,153,166,24,150,10,187,54,120,197,123,17,146,63];False
3113;6923;10036;[34,103,105,190,109,147,6,193,172,12,130,22,195,112,93,118,66,157,20,51,74,188,87,37,174,149,167,61,45,138,41,49,78,128,42,57,191,121,162,126,143,160,91,1,33,124,94,196,36,44,140,50,82,23,189,81,0,85,19,26,176,46,9,178,3,95,38,139,144,48,92,168,31,194,180,4,84,67,32,72,163,25,70,65,16,117,77,113,156,71,165,2,184,8,173,18,131,110,101,59,80,100,30,134,148,11,97,58,175,151,7,170,181,68,198,142,137,158,62,52,119,185,39,107,55,14,13,111,132,89,75,129,15,135,53,183,69,159,164,90,28,155,73,99,106,136,115,152,35,161,102,86,133,76,122,116,104,125,145,56,21,108,192,40,169,182,29,154,60,177,27,43,127,96,171,141,98,114,64,79,179,47,88,5,186,199,83,153,166,24,150,10,187,54,120,197,123,17,146,63];False
3158;6920;10078;[34,103,105,190,109,147,6,193,172,12,130,22,195,112,93,118,66,157,20,51,74,188,87,37,174,149,167,61,45,138,41,49,78,128,42,57,191,121,162,126,143,160,91,1,33,124,94,196,36,44,140,21,82,23,189,81,0,85,19,26,176,46,9,178,3,95,38,139,144,48,50,168,31,194,180,4,84,67,32,72,163,25,70,65,16,117,77,113,156,71,165,2,184,8,173,18,131,110,101,59,80,100,30,134,148,11,97,58,175,151,7,170,181,68,198,142,137,158,62,52,119,185,39,107,55,14,13,111,132,89,75,129,15,135,53,183,69,159,164,90,28,155,73,99,106,136,115,152,35,161,102,86,133,76,122,116,104,125,145,56,92,108,192,40,169,182,29,154,60,177,27,43,127,96,171,141,98,114,64,79,179,47,88,5,186,199,83,153,166,24,150,10,187,54,120,197,123,17,146,63];False
3070;6931;10001;[34,103,105,190,109,147,6,193,172,12,130,22,195,112,93,118,66,157,20,51,74,188,87,37,174,149,167,61,45,138,41,49,78,128,42,57,191,121,162,126,143,160,91,1,33,124,94,196,36,44,140,92,108,23,189,81,0,85,19,26,176,46,9,178,3,95,38,139,144,48,50,168,31,194,180,4,84,67,32,72,163,25,70,65,16,117,77,113,156,71,165,2,184,8,173,18,131,110,101,59,80,100,30,134,148,11,97,58,175,151,7,170,181,68,198,142,137,158,62,52,119,185,39,107,55,14,13,111,132,89,75,129,15,135,53,183,69,159,164,90,28,155,73,99,106,136,115,152,35,161,102,86,133,76,122,116,104,125,145,56,21,82,192,40,169,182,29,154,60,177,27,43,127,96,171,141,98,114,64,79,179,47,88,5,186,199,83,153,166,24,150,10,187,54,120,197,123,17,146,63];False
3015;6935;9950;[34,103,105,190,109,147,6,193,172,12,130,22,195,112,93,118,66,157,20,51,74,188,87,37,174,149,167,61,45,138,41,49,78,128,42,57,191,121,162,126,143,160,91,1,33,124,94,196,36,44,140,92,82,23,189,81,0,85,19,26,176,46,9,178,3,95,38,139,144,48,50,146,31,194,180,4,84,67,32,72,163,25,70,65,16,117,77,113,156,71,165,2,184,8,173,18,131,110,101,59,80,100,30,134,148,11,97,58,175,151,7,170,181,68,198,142,137,158,62,52,119,185,39,107,55,14,13,111,132,89,75,129,15,135,53,183,69,159,164,90,28,155,73,99,106,136,115,152,35,161,102,86,133,76,122,116,104,125,145,56,21,108,192,40,169,182,29,154,60,177,27,43,127,96,171,141,98,114,64,79,179,47,88,5,186,199,83,153,166,24,150,10,187,54,120,197,123,17,168,63];False
2998;6939;9937;[34,103,105,190,109,147,6,193,172,12,130,22,195,112,93,118,66,157,20,51,74,188,87,37,174,149,167,61,45,138,41,49,78,128,42,57,191,121,162,126,143,160,91,1,33,124,94,196,36,44,140,92,82,23,189,81,0,85,19,26,176,46,9,178,3,95,38,139,144,48,50,168,31,194,180,4,84,67,32,72,163,25,70,65,16,117,77,113,156,71,165,2,184,8,173,18,131,110,101,59,80,100,30,134,148,11,97,58,151,175,7,170,181,68,198,142,137,158,62,52,119,185,39,107,55,14,13,111,132,89,75,129,15,135,53,183,69,159,164,90,28,155,73,99,106,136,115,152,35,161,102,86,133,76,122,116,104,125,145,56,21,108,192,40,169,182,29,154,60,177,27,43,127,96,171,141,98,114,64,79,179,47,88,5,186,199,83,153,166,24,150,10,187,54,120,197,123,17,146,63];False
2972;6941;9913;[34,103,105,190,109,147,6,193,172,12,130,22,195,112,93,118,66,157,20,51,74,188,87,37,174,149,167,61,45,138,41,49,78,128,42,57,191,121,162,126,143,160,91,1,33,124,94,196,36,44,140,92,82,23,189,81,0,85,19,26,176,46,9,178,3,95,38,139,144,48,50,168,31,194,180,4,84,67,32,72,163,25,70,65,16,117,77,113,156,71,165,2,184,8,173,18,131,110,101,59,80,100,30,134,148,11,97,58,175,151,7,170,181,68,198,142,137,158,62,52,119,43,39,107,55,14,13,111,132,89,75,129,15,135,53,183,69,159,164,90,28,155,73,99,106,136,115,152,35,161,102,86,133,76,122,116,104,125,145,56,21,108,192,40,169,182,29,154,60,177,27,185,127,96,171,141,98,114,64,79,179,47,88,5,186,199,83,153,166,24,150,10,187,54,120,197,123,17,146,63];False
3039;6931;9970;[34,103,105,190,109,147,6,193,172,12,130,22,195,112,93,118,66,157,20,51,74,188,87,37,174,149,167,61,45,138,41,49,78,128,42,57,191,121,162,126,143,160,91,1,33,124,94,196,36,44,140,92,82,23,189,81,0,85,19,26,176,46,9,178,3,95,38,139,144,48,50,168,31,194,180,4,84,67,32,72,163,25,70,65,16,117,77,113,156,71,165,2,184,8,173,18,131,110,101,59,80,100,30,134,148,11,97,58,175,151,7,170,181,68,198,142,137,158,62,52,119,185,39,107,55,14,13,111,132,89,75,129,15,135,53,183,69,159,164,90,28,155,73,99,106,136,115,152,35,161,102,86,133,76,122,197,104,125,145,56,21,108,192,40,169,182,29,154,60,177,27,43,127,96,171,141,98,114,64,79,179,47,88,5,186,199,83,153,166,24,150,10,187,54,120,116,123,17,146,63];False
3156;6918;10074;[34,103,105,190,109,147,6,193,172,12,130,22,195,112,93,118,66,157,20,51,74,188,87,37,174,149,167,61,45,138,41,49,78,128,42,57,191,121,162,126,143,160,91,1,33,124,94,196,36,44,140,92,82,23,189,81,0,85,19,26,176,46,9,178,3,95,38,139,144,48,50,168,31,194,180,4,84,67,32,72,163,25,70,65,16,117,77,113,156,71,165,2,184,8,173,18,131,110,101,59,80,100,30,134,148,11,97,58,175,151,7,170,181,68,198,142,137,158,62,52,119,185,39,107,55,14,13,111,132,89,75,129,15,135,53,183,69,159,164,90,28,155,73,99,106,136,115,152,35,161,102,86,133,76,122,116,104,125,145,56,17,108,192,40,169,182,29,154,60,177,27,43,127,96,171,141,98,114,64,79,179,47,88,5,186,199,83,153,166,24,150,10,187,54,120,197,123,21,146,63];False
2902;6956;9858;[34,103,105,190,109,147,6,193,172,12,130,22,195,112,93,118,66,157,20,51,74,188,87,37,174,149,167,61,45,138,41,49,78,128,42,57,3,121,162,126,143,160,91,1,33,124,94,196,36,44,140,92,82,23,189,81,0,85,19,26,176,46,9,178,191,95,38,139,144,146,50,168,31,194,180,4,84,67,32,72,163,25,70,65,16,117,77,113,156,71,165,2,184,8,173,18,131,110,101,59,80,100,30,134,148,11,97,58,175,151,7,170,181,68,198,142,137,158,62,52,119,43,39,107,55,14,13,111,132,89,75,129,15,135,53,183,69,159,164,90,28,155,73,99,106,136,115,152,35,161,102,86,133,76,122,116,104,125,145,56,21,108,192,40,169,182,29,154,60,177,27,185,127,96,171,141,98,114,64,79,179,47,88,5,186,199,83,153,166,24,150,10,187,54,120,197,123,17,48,63];False
2937;6951;9888;[34,103,105,190,109,147,6,193,172,12,130,22,195,112,93,118,66,157,20,51,74,188,87,37,174,149,167,61,45,138,41,49,78,128,42,57,191,121,162,126,143,160,91,1,33,124,94,196,36,44,140,92,82,23,189,81,0,85,19,26,176,46,9,178,3,95,38,139,144,146,21,168,31,194,180,4,84,67,32,72,163,25,70,65,16,117,77,113,156,71,165,2,184,8,173,18,131,110,101,59,80,100,30,134,148,11,97,58,175,151,7,170,181,68,198,142,137,158,62,52,119,43,39,107,55,14,13,111,132,89,75,129,15,135,53,183,69,159,164,90,28,155,73,99,106,136,115,152,35,161,102,86,133,76,122,116,104,125,145,56,50,108,192,40,169,182,29,154,60,177,27,185,127,96,171,141,98,114,64,79,179,47,88,5,186,199,83,153,166,24,150,10,187,54,120,197,123,17,48,63];False
2891;6959;9850;[34,103,105,190,109,147,6,193,172,12,130,22,195,112,93,118,66,157,20,51,74,188,87,37,174,149,167,61,45,138,41,49,78,128,42,57,191,121,162,126,143,160,91,1,33,124,94,196,36,44,140,92,82,23,189,81,0,85,19,26,176,46,9,178,3,95,38,139,144,146,50,168,31,194,180,4,84,67,32,72,163,25,70,65,16,117,77,113,156,71,165,2,184,8,173,18,131,110,101,59,80,100,30,134,148,11,97,58,151,175,7,170,181,68,198,142,137,158,62,52,119,43,39,107,55,14,13,111,132,89,75,129,15,135,53,183,69,159,164,90,28,155,73,99,106,136,115,152,35,161,102,86,133,76,122,116,104,125,145,56,21,108,192,40,169,182,29,154,60,177,27,185,127,96,171,141,98,114,64,79,179,47,88,5,186,199,83,153,166,24,150,10,187,54,120,197,123,17,48,63];False
2932;6951;9883;[34,103,105,190,109,147,6,193,172,12,130,22,195,112,93,118,66,157,20,51,74,188,87,37,174,149,167,61,45,138,41,49,78,128,42,57,191,121,162,126,143,160,91,1,33,124,94,196,36,44,140,92,82,23,189,81,0,85,19,26,176,46,9,178,3,95,38,139,144,146,50,168,31,194,180,4,84,67,32,72,163,25,70,65,16,117,77,113,156,71,165,2,184,8,173,18,131,110,101,59,80,100,30,134,148,11,97,58,175,151,7,170,181,68,198,142,137,158,62,52,119,43,39,107,55,14,13,111,132,89,75,129,15,135,53,183,69,159,164,90,28,155,73,99,106,136,115,152,35,161,102,86,133,76,122,197,104,125,145,56,21,108,192,40,169,182,29,154,60,177,27,185,127,96,171,141,98,114,64,79,179,47,88,5,186,199,83,153,166,24,150,10,187,54,120,116,123,17,48,63];False
1458;8622;10080;[122,49,102,115,114,3,2,129,72,105,99,73,140,178,192,10,123,17,8,94,173,18,25,120,24,197,15,9,150,143,67,75,147,65,124,142,130,22,38,21,135,14,60,151,7,153,187,127,39,107,85,76,50,53,93,131,30,134,137,86,181,82,23,12,54,158,121,168,117,98,78,110,81,52,106,118,183,83,26,79,185,148,167,61,59,36,46,5,41,133,96,157,138,45,188,87,66,126,198,159,174,1,51,29,154,156,160,71,69,190,43,128,101,164,111,88,40,37,145,139,33,13,172,195,182,109,141,35,6,56,189,194,31,171,97,57,186,113,196,89,162,146,28,74,4,92,100,0,199,62,44,34,108,20,55,155,184,161,80,58,177,169,191,11,104,180,163,170,95,91,90,125,149,32,68,63,27,116,175,165,193,16,136,144,70,19,64,103,152,84,77,112,179,176,42,47,132,166,119,48];False
1456;8625;10081;[120,49,102,122,114,3,2,129,72,105,99,73,140,178,192,10,123,17,8,94,173,18,25,115,24,197,15,9,150,143,67,75,147,65,124,142,130,22,38,21,135,14,60,151,7,153,187,127,39,107,85,76,50,53,93,131,30,134,137,86,181,82,23,12,54,158,121,168,117,98,78,110,81,52,106,118,183,83,26,79,185,148,167,61,59,36,46,5,41,133,96,157,138,45,188,87,66,126,198,159,174,1,51,29,154,156,160,71,69,190,43,128,101,164,111,88,40,37,145,139,33,13,172,195,182,109,141,35,6,56,189,194,31,171,97,57,186,113,196,89,162,146,28,74,4,92,100,0,199,62,44,34,108,20,55,155,184,161,80,58,177,169,191,11,104,180,163,170,95,91,90,125,149,32,68,63,27,116,175,165,193,16,136,144,70,19,64,103,152,84,77,112,179,176,42,47,132,166,119,48];False
1433;8603;10036;[60,49,102,122,114,3,2,129,72,105,99,73,140,178,192,10,123,17,8,94,173,18,25,120,24,197,15,9,150,143,67,75,147,65,124,142,130,22,38,21,135,14,115,151,7,153,187,127,39,107,85,76,50,53,93,131,30,134,137,86,181,82,23,12,54,158,121,168,117,98,78,110,81,52,106,118,183,83,26,79,185,148,167,61,59,36,46,5,41,133,96,157,138,45,188,87,66,126,198,159,174,1,51,29,154,156,160,71,69,190,43,128,101,164,111,88,40,37,145,139,33,13,172,195,182,109,141,35,6,56,189,194,31,171,97,57,186,113,196,89,162,146,28,74,4,92,100,0,199,62,44,34,108,20,55,155,184,161,80,58,177,169,191,11,104,180,163,170,95,91,90,125,149,32,68,63,27,116,175,165,193,16,136,144,70,19,64,103,152,84,77,112,179,176,42,47,132,166,119,48];False
1459;8598;10057;[115,49,102,122,114,3,2,129,72,105,99,73,140,178,192,10,123,17,8,94,173,18,25,120,24,197,15,9,150,143,67,75,147,65,124,168,130,22,38,21,135,14,60,151,7,153,187,127,39,107,85,76,50,53,93,131,30,134,137,86,181,82,23,12,54,158,121,142,117,98,78,110,81,52,106,118,183,83,26,79,185,148,167,61,59,36,46,5,41,133,96,157,138,45,188,87,66,126,198,159,174,1,51,29,154,156,160,71,69,190,43,128,101,164,111,88,40,37,145,139,33,13,172,195,182,109,141,35,6,56,189,194,31,171,97,57,186,113,196,89,162,146,28,74,4,92,100,0,199,62,44,34,108,20,55,155,184,161,80,58,177,169,191,11,104,180,163,170,95,91,90,125,149,32,68,63,27,116,175,165,193,16,136,144,70,19,64,103,152,84,77,112,179,176,42,47,132,166,119,48];False
1469;8551;10020;[115,49,102,122,114,3,2,129,72,105,99,73,140,178,192,10,123,17,8,94,173,18,25,120,24,197,15,9,150,143,67,75,147,65,124,142,130,22,38,21,135,14,60,151,7,153,187,127,39,107,85,76,50,53,106,131,30,134,137,86,181,82,23,12,54,158,121,168,117,98,78,110,81,52,93,118,183,83,26,79,185,148,167,61,59,36,46,5,41,133,96,157,138,45,188,87,66,126,198,159,174,1,51,29,154,156,160,71,69,190,43,128,101,164,111,88,40,37,145,139,33,13,172,195,182,109,141,35,6,56,189,194,31,171,97,57,186,113,196,89,162,146,28,74,4,92,100,0,199,62,44,34,108,20,55,155,184,161,80,58,177,169,191,11,104,180,163,170,95,91,90,125,149,32,68,63,27,116,175,165,193,16,136,144,70,19,64,103,152,84,77,112,179,176,42,47,132,166,119,48];False
1456;8599;10055;[115,49,102,122,114,3,2,129,72,105,99,73,140,178,192,10,123,17,8,94,173,18,25,120,24,197,15,9,150,143,67,75,147,65,124,142,130,22,38,21,135,14,60,151,7,153,187,127,39,107,85,76,50,53,93,131,30,134,91,86,181,82,23,12,54,158,121,168,117,98,78,110,81,52,106,118,183,83,26,79,185,148,167,61,59,36,46,5,41,133,96,157,138,45,188,87,66,126,198,159,174,1,51,29,154,156,160,71,69,190,43,128,101,164,111,88,40,37,145,139,33,13,172,195,182,109,141,35,6,56,189,194,31,171,97,57,186,113,196,89,162,146,28,74,4,92,100,0,199,62,44,34,108,20,55,155,184,161,80,58,177,169,191,11,104,180,163,170,95,137,90,125,149,32,68,63,27,116,175,165,193,16,136,144,70,19,64,103,152,84,77,112,179,176,42,47,132,166,119,48];False
1483;8542;10025;[115,49,102,122,114,3,2,129,72,105,99,73,140,178,192,10,123,17,8,94,173,18,25,120,24,197,15,9,150,143,67,75,147,65,124,142,130,22,38,21,135,14,60,151,7,153,187,127,39,107,85,76,50,53,93,131,30,134,137,86,181,82,23,12,54,158,121,168,117,98,78,110,81,52,106,118,183,83,64,79,185,148,167,61,59,36,46,5,41,133,96,157,138,45,188,87,66,126,198,159,174,1,51,29,154,156,160,71,69,190,43,128,101,164,111,88,40,37,145,139,33,13,172,195,182,109,141,35,6,56,189,194,31,171,97,57,186,113,196,89,162,146,28,74,4,92,100,0,199,62,44,34,108,20,55,155,184,161,80,58,177,169,191,11,104,180,163,170,95,91,90,125,149,32,68,63,27,116,175,165,193,16,136,144,70,19,26,103,152,84,77,112,179,176,42,47,132,166,119,48];False
1465;8583;10048;[115,49,102,122,114,3,2,129,72,105,99,73,140,178,192,10,123,17,8,94,173,18,25,120,24,197,15,9,150,143,67,75,147,65,124,142,130,22,38,21,135,14,60,151,7,153,187,127,39,107,85,76,50,53,93,131,30,134,137,86,181,82,23,12,54,158,121,168,117,98,78,110,81,52,106,118,183,83,26,79,185,148,167,61,59,36,46,5,41,133,96,157,138,45,188,87,66,126,198,159,174,1,51,29,154,156,160,71,69,190,43,128,101,164,111,88,40,37,145,139,33,13,172,195,182,109,141,35,6,56,189,194,31,171,97,57,186,196,113,89,162,146,28,74,4,92,100,0,199,62,44,34,108,20,55,155,184,161,80,58,177,169,191,11,104,180,163,170,95,91,90,125,149,32,68,63,27,116,175,165,193,16,136,144,70,19,64,103,152,84,77,112,179,176,42,47,132,166,119,48];False
1456;8589;10045;[115,49,102,122,114,3,2,129,72,105,99,73,140,178,192,10,123,17,8,94,173,18,25,120,24,197,15,9,150,143,67,75,147,65,124,142,130,22,38,21,135,14,60,151,7,153,187,127,39,107,85,76,50,53,93,131,30,134,137,86,181,82,23,12,54,158,121,168,117,98,78,110,81,52,106,118,183,83,26,79,185,148,167,61,59,36,46,5,41,133,96,157,138,45,188,87,66,126,198,159,174,1,51,29,154,156,160,71,69,190,43,128,101,164,111,88,40,37,145,139,33,13,172,195,182,109,141,35,6,56,189,194,31,171,97,57,186,113,196,89,162,146,28,74,4,92,100,0,199,62,44,34,108,20,55,155,184,161,80,58,177,169,191,11,104,180,163,170,95,152,90,125,149,32,68,63,27,116,175,165,193,16,136,144,70,19,64,103,91,84,77,112,179,176,42,47,132,166,119,48];False
1464;8584;10048;[115,49,102,122,114,3,2,129,72,105,99,73,140,178,192,10,123,17,8,94,173,18,25,120,24,197,15,9,150,143,67,75,147,65,124,142,130,22,38,21,135,14,60,151,7,153,187,127,39,107,85,76,50,53,93,131,30,134,137,86,181,82,23,12,54,158,121,168,117,98,78,110,81,52,106,118,183,83,26,79,185,148,167,61,59,36,46,5,41,133,96,157,138,45,188,87,66,126,198,159,174,1,51,29,154,156,160,71,69,190,43,128,101,164,111,88,40,37,145,139,33,13,172,195,182,109,141,35,6,56,189,194,31,171,97,57,186,113,196,89,162,146,28,74,4,92,100,0,199,62,44,34,108,20,55,155,184,161,80,58,177,169,191,11,104,180,163,170,95,91,90,125,149,32,68,63,27,116,179,165,193,16,136,144,70,19,64,103,152,84,77,112,175,176,42,47,132,166,119,48];False
1485;8530;10015;[92,49,102,122,114,3,2,129,72,105,99,73,140,178,192,10,123,17,8,94,173,18,25,120,24,197,15,9,150,143,67,75,147,65,124,168,130,22,38,21,135,14,60,151,7,153,187,127,39,107,85,76,50,53,106,131,30,134,137,86,181,82,23,12,54,158,121,142,117,98,78,110,81,52,93,118,183,83,26,79,185,148,167,61,59,36,46,5,41,133,96,157,138,45,188,87,66,126,198,159,174,1,51,29,154,156,160,71,69,190,43,128,101,164,111,88,40,37,145,139,33,13,172,195,182,109,141,35,6,56,189,194,31,171,97,57,186,113,196,89,162,146,28,74,4,115,100,0,199,62,44,34,108,20,55,155,184,161,80,58,177,169,191,11,104,180,163,170,95,91,90,125,149,32,68,63,27,116,175,165,193,16,136,144,70,19,64,103,152,84,77,112,179,176,42,47,132,166,119,48];False
1480;8535;10015;[92,49,102,122,114,3,2,129,72,105,99,73,140,178,192,10,123,17,8,94,173,18,25,120,24,197,15,9,150,143,67,75,147,65,124,142,130,22,38,21,135,14,60,151,7,153,187,127,39,107,85,76,50,55,106,131,30,134,137,86,181,82,23,12,54,158,121,168,117,98,78,110,81,52,93,118,183,83,26,79,185,148,167,61,59,36,46,5,41,133,96,157,138,45,188,87,66,126,198,159,174,1,51,29,154,156,160,71,69,190,43,128,101,164,111,88,40,37,145,139,33,13,172,195,182,109,141,35,6,56,189,194,31,171,97,57,186,113,196,89,162,146,28,74,4,115,100,0,199,62,44,34,108,20,53,155,184,161,80,58,177,169,191,11,104,180,163,170,95,91,90,125,149,32,68,63,27,116,175,165,193,16,136,144,70,19,64,103,152,84,77,112,179,176,42,47,132,166,119,48];False
1482;8531;10013;[92,49,102,122,114,3,2,129,72,105,99,73,140,178,192,10,123,17,8,94,173,18,25,120,24,197,15,9,150,143,67,75,147,65,124,142,130,22,38,21,135,14,60,151,7,153,187,127,39,107,85,76,50,53,106,131,30,134,91,86,181,82,23,12,54,158,121,168,117,98,78,110,81,52,93,118,183,83,26,79,185,148,167,61,59,36,46,5,41,133,96,157,138,45,188,87,66,126,198,159,174,1,51,29,154,156,160,71,69,190,43,128,101,164,111,88,40,37,145,139,33,13,172,195,182,109,141,35,6,56,189,194,31,171,97,57,186,113,196,89,162,146,28,74,4,115,100,0,199,62,44,34,108,20,55,155,184,161,80,58,177,169,191,11,104,180,163,170,95,137,90,125,149,32,68,63,27,116,175,165,193,16,136,144,70,19,64,103,152,84,77,112,179,176,42,47,132,166,119,48];False
1497;8488;9985;[92,49,102,122,114,3,2,129,72,105,99,73,140,178,192,10,123,17,8,94,173,18,25,120,24,197,15,9,150,143,67,75,147,65,124,142,130,22,38,21,135,14,60,151,7,153,187,127,39,107,85,76,50,53,106,131,30,134,137,86,181,82,23,12,54,158,121,168,117,98,78,110,81,52,93,118,183,83,26,79,185,148,167,61,59,36,46,5,41,133,96,157,138,45,188,87,66,126,198,159,174,1,51,29,154,160,156,71,69,190,43,128,101,164,111,88,40,37,145,139,33,13,172,195,182,109,141,35,6,56,189,194,31,171,97,57,186,113,196,89,162,146,28,74,4,115,100,0,199,62,44,34,108,20,55,155,184,161,80,58,177,169,191,11,104,180,163,170,95,91,90,125,149,32,68,63,27,116,175,165,193,16,136,144,70,19,64,103,152,84,77,112,179,176,42,47,132,166,119,48];False
1491;8515;10006;[92,49,102,122,114,3,2,129,72,105,99,73,140,178,192,10,123,17,8,94,173,18,25,120,24,197,15,9,150,143,67,75,147,65,124,142,130,22,38,21,135,14,60,151,7,153,187,127,39,107,85,76,50,53,106,131,30,134,137,86,181,82,23,12,54,158,121,168,117,98,78,110,81,52,93,118,183,83,26,79,185,148,167,61,59,36,46,5,41,133,96,157,138,45,188,87,66,126,198,159,174,1,51,29,154,156,160,71,69,190,43,128,101,164,111,88,40,37,145,139,33,13,172,195,182,109,141,35,6,56,189,194,31,171,97,57,186,196,113,89,162,146,28,74,4,115,100,0,199,62,44,34,108,20,55,155,184,161,80,58,177,169,191,11,104,180,163,170,95,91,90,125,149,32,68,63,27,116,175,165,193,16,136,144,70,19,64,103,152,84,77,112,179,176,42,47,132,166,119,48];False
1479;8535;10014;[92,49,102,122,114,3,2,129,72,105,99,73,140,178,192,10,123,17,8,94,173,18,25,120,24,197,15,9,150,143,67,75,147,65,124,142,130,22,38,21,135,14,60,151,7,153,187,127,39,107,85,76,50,53,106,131,30,134,137,86,181,82,23,12,54,158,121,168,117,98,78,110,81,52,93,118,183,83,26,79,185,148,167,61,59,36,46,5,41,133,96,157,138,45,188,87,66,126,198,159,174,1,51,29,154,156,160,71,69,190,43,128,101,164,111,88,40,37,145,139,33,13,172,195,182,109,141,35,6,56,189,194,31,171,97,57,186,113,196,89,162,146,28,74,4,91,100,0,199,62,44,34,108,20,55,155,184,161,80,58,177,169,191,11,104,180,163,170,95,115,90,125,149,32,68,63,27,116,175,165,193,16,136,144,70,19,64,103,152,84,77,112,179,176,42,47,132,166,119,48];False
1482;8521;10003;[92,49,102,122,114,3,2,129,72,105,99,73,140,178,192,10,123,17,8,94,173,18,25,120,24,197,15,9,150,143,67,75,147,65,124,142,130,22,38,21,135,14,60,151,7,153,187,127,39,107,85,76,50,53,106,131,30,134,137,86,181,82,23,12,54,158,121,168,117,98,78,110,81,52,93,118,183,83,26,79,185,148,167,61,59,36,46,5,41,133,96,157,138,45,188,87,66,126,198,159,174,1,51,29,154,156,160,71,69,190,43,128,101,164,111,88,40,37,145,139,33,13,172,195,182,109,141,35,6,56,189,194,31,171,97,57,186,113,196,89,162,146,28,74,4,115,100,0,199,62,44,34,108,20,55,155,184,161,80,58,177,169,191,11,104,180,163,170,95,152,90,125,149,32,68,63,27,116,175,165,193,16,136,144,70,19,64,103,91,84,77,112,179,176,42,47,132,166,119,48];False
1490;8516;10006;[92,49,102,122,114,3,2,129,72,105,99,73,140,178,192,10,123,17,8,94,173,18,25,120,24,197,15,9,150,143,67,75,147,65,124,142,130,22,38,21,135,14,60,151,7,153,187,127,39,107,85,76,50,53,106,131,30,134,137,86,181,82,23,12,54,158,121,168,117,98,78,110,81,52,93,118,183,83,26,79,185,148,167,61,59,36,46,5,41,133,96,157,138,45,188,87,66,126,198,159,174,1,51,29,154,156,160,71,69,190,43,128,101,164,111,88,40,37,145,139,33,13,172,195,182,109,141,35,6,56,189,194,31,171,97,57,186,113,196,89,162,146,28,74,4,115,100,0,199,62,44,34,108,20,55,155,184,161,80,58,177,169,191,11,104,180,163,170,95,91,90,125,149,32,68,63,27,116,179,165,193,16,136,144,70,19,64,103,152,84,77,112,175,176,42,47,132,166,119,48];False
3286;6911;10197;[16,194,180,41,187,117,2,169,172,145,130,22,195,112,8,184,191,93,66,157,20,188,87,37,174,149,167,61,45,138,104,125,78,128,42,57,3,121,162,126,143,160,91,1,33,124,94,196,166,103,140,17,82,23,189,81,0,85,19,26,176,46,9,142,170,95,38,139,144,63,51,56,21,92,147,4,84,67,32,72,163,25,70,74,198,173,113,190,156,71,165,193,168,31,6,18,131,110,101,59,80,100,30,134,148,11,97,58,175,151,7,77,181,68,123,89,137,158,62,52,12,49,39,107,55,14,13,111,119,132,75,129,15,135,53,183,69,159,164,90,28,155,73,99,106,136,115,152,35,161,102,86,133,76,122,116,65,118,109,50,34,108,192,40,36,182,29,154,60,177,27,43,127,96,171,141,98,114,64,79,179,47,88,5,186,199,83,153,197,24,150,10,185,54,120,178,105,44,48,146];False
3263;6910;10173;[16,194,180,41,187,117,2,169,172,132,130,22,195,112,8,184,191,93,66,157,20,188,87,37,174,149,167,61,45,138,104,125,78,128,42,57,3,121,162,126,143,160,142,1,33,124,94,196,166,103,140,17,82,23,189,81,0,85,19,26,176,46,9,91,170,95,38,139,144,63,51,56,21,92,147,4,84,67,32,72,163,25,70,74,198,173,113,190,156,71,165,193,168,31,6,18,131,110,101,59,80,100,30,134,148,11,97,58,175,151,7,77,181,68,123,89,137,158,62,52,12,49,39,107,55,14,13,111,119,145,75,129,15,135,53,183,69,159,164,90,28,155,73,99,106,136,115,152,35,161,102,86,133,76,122,116,65,118,109,50,34,108,192,40,36,182,29,154,60,177,27,43,127,96,171,141,98,114,64,79,179,47,88,5,186,199,83,153,197,24,150,10,185,54,120,178,105,44,48,146];False
3353;6894;10247;[16,194,180,41,187,117,2,169,172,132,130,22,195,112,8,184,191,93,66,157,20,188,87,37,174,149,167,61,45,138,104,125,78,128,42,57,3,121,162,126,143,160,91,1,33,124,94,196,166,103,140,17,82,23,189,81,0,85,19,26,176,46,9,142,170,95,40,139,144,63,51,56,21,92,147,4,84,67,32,72,163,25,70,74,198,173,113,190,156,71,165,193,168,31,6,18,131,110,101,59,80,100,30,134,148,11,97,58,175,151,7,77,181,68,123,89,137,158,62,52,12,49,39,107,55,14,13,111,119,145,75,129,15,135,53,183,69,159,164,90,28,155,73,99,106,136,115,152,35,161,102,86,133,76,122,116,65,118,109,50,34,108,192,38,36,182,29,154,60,177,27,43,127,96,171,141,98,114,64,79,179,47,88,5,186,199,83,153,197,24,150,10,185,54,120,178,105,44,48,146];False
3260;6910;10170;[16,194,180,41,187,117,2,169,172,132,130,22,195,112,8,184,191,93,66,157,20,188,87,37,174,149,167,61,45,138,104,125,78,128,42,57,3,121,162,126,143,160,91,1,33,124,94,196,166,103,140,17,82,23,189,81,0,85,19,26,176,46,9,142,170,95,38,139,144,146,51,56,21,92,147,4,84,67,32,72,163,25,70,74,198,173,113,190,156,71,165,193,168,31,6,18,131,110,101,59,80,100,30,134,148,11,97,58,175,151,7,77,181,68,123,89,137,158,62,52,12,49,39,107,55,14,13,111,119,145,75,129,15,135,53,183,69,159,164,90,28,155,73,99,106,136,115,152,35,161,102,86,133,76,122,116,65,118,109,50,34,108,192,40,36,182,29,154,60,177,27,43,127,96,171,141,98,114,64,79,179,47,88,5,186,199,83,153,197,24,150,10,185,54,120,178,105,44,48,63];False
3318;6900;10218;[16,194,180,41,187,117,2,169,172,132,130,22,195,112,8,184,191,93,66,157,20,188,87,37,174,149,167,61,45,138,104,125,78,128,42,57,3,121,162,126,143,160,91,1,33,124,94,196,166,103,140,17,82,23,189,81,0,85,19,26,176,46,9,142,170,95,38,139,144,63,51,56,21,92,147,4,84,67,32,72,163,25,70,74,198,173,113,105,156,71,165,193,168,31,6,18,131,110,101,59,80,100,30,134,148,11,97,58,175,151,7,77,181,68,123,89,137,158,62,52,12,49,39,107,55,14,13,111,119,145,75,129,15,135,53,183,69,159,164,90,28,155,73,99,106,136,115,152,35,161,102,86,133,76,122,116,65,118,109,50,34,108,192,40,36,182,29,154,60,177,27,43,127,96,171,141,98,114,64,79,179,47,88,5,186,199,83,153,197,24,150,10,185,54,120,178,190,44,48,146];False
3243;6914;10157;[16,194,180,41,187,117,2,169,172,132,130,22,195,112,8,184,191,93,66,157,20,188,87,37,174,149,167,61,45,138,104,125,78,128,42,57,3,121,162,126,143,160,91,1,33,124,94,196,166,103,140,17,82,23,189,81,0,85,19,26,176,46,9,142,170,95,38,139,144,63,51,56,21,92,147,4,84,67,32,72,163,25,70,74,198,173,113,190,156,71,165,193,168,31,6,18,131,110,101,59,80,100,30,134,148,11,97,58,151,175,7,77,181,68,123,89,137,158,62,52,12,49,39,107,55,14,13,111,119,145,75,129,15,135,53,183,69,159,164,90,28,155,73,99,106,136,115,152,35,161,102,86,133,76,122,116,65,118,109,50,34,108,192,40,36,182,29,154,60,177,27,43,127,96,171,141,98,114,64,79,179,47,88,5,186,199,83,153,197,24,150,10,185,54,120,178,105,44,48,146];False
3365;6893;10258;[16,194,180,41,187,117,2,169,172,132,130,22,195,112,8,184,191,93,66,157,20,188,87,37,174,149,167,61,45,138,104,125,78,128,42,57,3,121,162,126,143,160,91,1,33,124,94,196,166,103,140,17,82,23,189,81,0,85,19,26,176,46,9,142,170,95,38,139,144,63,51,56,21,92,147,4,84,67,32,72,163,25,70,74,198,173,113,190,156,71,165,193,168,31,6,18,131,110,101,59,80,100,30,134,148,11,97,58,175,151,7,77,181,68,123,29,137,158,62,52,12,49,39,107,55,14,13,111,119,145,75,129,15,135,53,183,69,159,164,90,28,155,73,99,106,136,115,152,35,161,102,86,133,76,122,116,65,118,109,50,34,108,192,40,36,182,89,154,60,177,27,43,127,96,171,141,98,114,64,79,179,47,88,5,186,199,83,153,197,24,150,10,185,54,120,178,105,44,48,146];False
3206;6914;10120;[16,194,180,41,187,117,2,169,172,132,130,22,195,112,8,184,191,93,66,157,20,188,87,37,174,149,167,61,45,138,104,125,78,128,42,57,3,121,162,126,143,160,91,1,33,124,94,196,166,103,140,17,82,23,189,81,0,85,19,26,176,46,9,142,170,95,38,139,144,63,51,56,21,92,147,4,84,67,32,72,163,25,70,74,198,173,113,190,156,71,165,193,168,31,6,18,131,110,101,59,80,100,30,134,148,11,97,58,175,151,7,77,181,68,123,89,137,158,62,122,12,49,39,107,55,14,13,111,119,145,75,129,15,135,53,183,69,159,164,90,28,155,73,99,106,136,115,152,35,161,102,86,133,76,52,116,65,118,109,50,34,108,192,40,36,182,29,154,60,177,27,43,127,96,171,141,98,114,64,79,179,47,88,5,186,199,83,153,197,24,150,10,185,54,120,178,105,44,48,146];False
3219;6909;10128;[16,194,180,41,187,117,2,169,172,132,130,22,195,112,8,184,191,93,66,157,20,188,87,37,174,149,167,61,45,138,104,125,78,128,42,57,3,121,162,126,143,160,91,1,33,124,94,196,166,103,140,17,82,23,189,81,0,85,19,26,176,46,9,142,170,95,38,139,144,63,51,56,21,92,147,4,84,67,32,72,163,25,70,74,198,173,113,190,156,71,165,193,168,31,6,18,131,110,101,59,80,100,30,134,148,11,97,58,175,151,7,77,181,68,123,89,137,158,62,52,12,49,39,107,105,14,13,111,119,145,75,129,15,135,53,183,69,159,164,90,28,155,73,99,106,136,115,152,35,161,102,86,133,76,122,116,65,118,109,50,34,108,192,40,36,182,29,154,60,177,27,43,127,96,171,141,98,114,64,79,179,47,88,5,186,199,83,153,197,24,150,10,185,54,120,178,55,44,48,146];False
3415;6892;10307;[16,194,180,41,187,117,2,169,172,132,166,22,195,112,8,193,191,93,66,157,20,188,87,37,174,149,167,61,45,138,104,125,78,128,42,57,3,121,162,126,143,160,91,1,33,124,94,196,130,103,140,17,82,23,189,81,0,85,19,26,176,46,9,142,170,95,40,139,144,63,51,56,21,92,147,4,84,67,32,72,163,25,70,74,198,173,113,190,156,71,165,184,168,31,6,18,131,110,101,59,80,100,30,134,148,11,97,58,175,151,7,77,181,68,123,89,137,158,62,52,12,49,39,107,55,14,13,111,119,145,75,129,15,135,53,183,69,159,164,90,28,155,73,99,106,136,115,152,35,161,102,86,133,76,122,116,65,118,109,50,34,108,192,38,36,182,29,154,60,177,27,43,127,96,171,141,98,114,64,79,179,47,88,5,186,199,83,153,197,24,150,10,185,54,120,178,105,44,48,146];False
3479;6879;10358;[16,194,180,41,187,117,2,169,172,132,166,22,195,112,8,184,191,93,66,157,20,188,87,37,174,149,167,61,45,138,104,125,78,128,42,57,3,121,162,126,143,160,142,1,33,124,94,196,130,103,140,17,82,23,189,81,0,85,19,26,176,46,9,91,170,95,40,139,144,63,51,56,21,92,147,4,84,67,32,72,163,25,70,74,198,173,113,190,156,71,165,193,168,31,6,18,131,110,101,59,80,100,30,134,148,11,97,58,175,151,7,77,181,68,123,89,137,158,62,52,12,49,39,107,55,14,13,111,119,145,75,129,15,135,53,183,69,159,164,90,28,155,73,99,106,136,115,152,35,161,102,86,133,76,122,116,65,118,109,50,34,108,192,38,36,182,29,154,60,177,27,43,127,96,171,141,98,114,64,79,179,47,88,5,186,199,83,153,197,24,150,10,185,54,120,178,105,44,48,146];False
3476;6879;10355;[16,194,180,41,187,117,2,169,172,132,166,22,195,112,8,184,191,93,66,157,20,188,87,37,174,149,167,61,45,138,104,125,78,128,42,57,3,121,162,126,143,160,91,1,33,124,94,196,130,103,140,17,82,23,189,81,0,85,19,26,176,46,9,142,170,95,40,139,144,146,51,56,21,92,147,4,84,67,32,72,163,25,70,74,198,173,113,190,156,71,165,193,168,31,6,18,131,110,101,59,80,100,30,134,148,11,97,58,175,151,7,77,181,68,123,89,137,158,62,52,12,49,39,107,55,14,13,111,119,145,75,129,15,135,53,183,69,159,164,90,28,155,73,99,106,136,115,152,35,161,102,86,133,76,122,116,65,118,109,50,34,108,192,38,36,182,29,154,60,177,27,43,127,96,171,141,98,114,64,79,179,47,88,5,186,199,83,153,197,24,150,10,185,54,120,178,105,44,48,63];False
3441;6886;10327;[16,194,180,41,187,117,2,169,172,132,166,22,195,112,8,184,191,93,66,157,20,188,87,37,174,149,167,61,45,138,104,125,78,128,42,57,3,121,162,126,143,160,91,1,33,124,94,196,130,103,140,17,82,23,189,81,0,85,19,26,176,46,9,142,170,95,40,139,144,63,51,50,21,92,147,4,84,67,32,72,163,25,70,74,198,173,113,190,156,71,165,193,168,31,6,18,131,110,101,59,80,100,30,134,148,11,97,58,175,151,7,77,181,68,123,89,137,158,62,52,12,49,39,107,55,14,13,111,119,145,75,129,15,135,53,183,69,159,164,90,28,155,73,99,106,136,115,152,35,161,102,86,133,76,122,116,65,118,109,56,34,108,192,38,36,182,29,154,60,177,27,43,127,96,171,141,98,114,64,79,179,47,88,5,186,199,83,153,197,24,150,10,185,54,120,178,105,44,48,146];False
3418;6889;10307;[16,194,180,41,187,117,2,169,172,132,166,22,195,112,8,184,191,93,66,157,20,188,87,37,174,149,167,61,45,138,104,125,78,128,42,57,3,121,162,126,143,160,91,1,33,124,94,196,130,103,140,17,82,23,189,81,0,85,19,26,176,46,9,142,170,95,40,139,144,63,51,56,21,92,147,4,84,67,32,72,163,25,70,74,198,173,113,118,156,71,165,193,168,31,6,18,131,110,101,59,80,100,30,134,148,11,97,58,175,151,7,77,181,68,123,89,137,158,62,52,12,49,39,107,55,14,13,111,119,145,75,129,15,135,53,183,69,159,164,90,28,155,73,99,106,136,115,152,35,161,102,86,133,76,122,116,65,190,109,50,34,108,192,38,36,182,29,154,60,177,27,43,127,96,171,141,98,114,64,79,179,47,88,5,186,199,83,153,197,24,150,10,185,54,120,178,105,44,48,146];False
3459;6883;10342;[16,194,180,41,187,117,2,169,172,132,166,22,195,112,8,184,191,93,66,157,20,188,87,37,174,149,167,61,45,138,104,125,78,128,42,57,3,121,162,126,143,160,91,1,33,124,94,196,130,103,140,17,82,23,189,81,0,85,19,26,176,46,9,142,170,95,40,139,144,63,51,56,21,92,147,4,84,67,32,72,163,25,70,74,198,173,113,190,156,71,165,193,168,31,6,18,131,110,101,59,80,100,30,134,148,11,97,58,151,175,7,77,181,68,123,89,137,158,62,52,12,49,39,107,55,14,13,111,119,145,75,129,15,135,53,183,69,159,164,90,28,155,73,99,106,136,115,152,35,161,102,86,133,76,122,116,65,118,109,50,34,108,192,38,36,182,29,154,60,177,27,43,127,96,171,141,98,114,64,79,179,47,88,5,186,199,83,153,197,24,150,10,185,54,120,178,105,44,48,146];False
3422;6883;10305;[16,194,180,41,187,117,2,169,172,132,166,22,195,112,8,184,191,93,66,157,20,188,87,37,174,149,167,61,45,138,104,125,78,128,42,57,3,121,162,126,143,160,91,1,33,124,94,196,130,103,140,17,82,23,189,81,0,85,19,26,176,46,9,142,170,95,40,139,144,63,51,56,21,92,147,4,84,67,32,72,163,25,70,74,198,173,113,190,156,71,165,193,168,31,6,18,131,110,101,59,80,100,30,134,148,11,97,58,175,151,7,77,181,68,123,89,137,158,62,122,12,49,39,107,55,14,13,111,119,145,75,129,15,135,53,183,69,159,164,90,28,155,73,99,106,136,115,152,35,161,102,86,133,76,52,116,65,118,109,50,34,108,192,38,36,182,29,154,60,177,27,43,127,96,171,141,98,114,64,79,179,47,88,5,186,199,83,153,197,24,150,10,185,54,120,178,105,44,48,146];False
3435;6878;10313;[16,194,180,41,187,117,2,169,172,132,166,22,195,112,8,184,191,93,66,157,20,188,87,37,174,149,167,61,45,138,104,125,78,128,42,57,3,121,162,126,143,160,91,1,33,124,94,196,130,103,140,17,82,23,189,81,0,85,19,26,176,46,9,142,170,95,40,139,144,63,51,56,21,92,147,4,84,67,32,72,163,25,70,74,198,173,113,190,156,71,165,193,168,31,6,18,131,110,101,59,80,100,30,134,148,11,97,58,175,151,7,77,181,68,123,89,137,158,62,52,12,49,39,107,105,14,13,111,119,145,75,129,15,135,53,183,69,159,164,90,28,155,73,99,106,136,115,152,35,161,102,86,133,76,122,116,65,118,109,50,34,108,192,38,36,182,29,154,60,177,27,43,127,96,171,141,98,114,64,79,179,47,88,5,186,199,83,153,197,24,150,10,185,54,120,178,55,44,48,146];False
3284;6904;10188;[16,194,180,41,187,117,2,169,172,132,166,22,195,112,8,184,191,93,66,157,20,188,87,37,174,149,167,61,45,138,104,125,78,128,42,57,3,121,162,126,143,160,91,1,33,124,94,196,130,103,140,17,82,23,189,81,0,85,19,26,176,46,9,142,170,95,38,139,144,63,51,56,21,92,147,4,84,67,32,72,163,25,70,74,198,173,113,118,156,71,165,193,168,31,6,18,131,110,101,59,80,100,30,134,148,11,97,58,175,151,7,77,181,68,123,89,137,158,62,52,12,49,39,107,105,14,13,111,119,145,75,129,15,135,53,183,69,159,164,90,28,155,73,99,106,136,115,152,35,161,102,86,133,76,122,116,65,190,109,50,34,108,192,40,36,182,29,154,60,177,27,43,127,96,171,141,98,114,64,79,179,47,88,5,186,199,83,153,197,24,150,10,185,54,120,178,55,44,48,146];False
3283;6908;10191;[16,194,180,41,187,117,2,169,172,132,166,22,195,112,8,184,165,93,66,157,20,188,87,37,174,149,167,61,45,138,104,125,78,128,42,57,3,121,162,126,143,160,91,1,33,124,94,196,130,103,140,17,82,23,189,81,0,85,19,26,176,46,9,142,170,95,38,139,144,63,51,56,21,92,147,4,84,67,32,72,163,25,70,74,198,173,113,190,156,71,191,193,168,31,6,18,131,110,101,59,80,100,30,134,148,11,97,58,175,151,7,77,181,68,123,89,137,158,62,122,12,49,39,107,55,14,13,111,119,145,75,129,15,135,53,183,69,159,164,90,28,155,73,99,106,136,115,152,35,161,102,86,133,76,52,116,65,118,109,50,34,108,192,40,36,182,29,154,60,177,27,43,127,96,171,141,98,114,64,79,179,47,88,5,186,199,83,153,197,24,150,10,185,54,120,178,105,44,48,146];False
3402;6892;10294;[16,194,180,41,187,117,2,169,172,132,166,22,195,112,8,184,191,93,66,157,20,188,87,37,174,149,167,61,45,138,104,125,78,128,42,57,3,121,162,126,143,160,91,1,33,124,94,196,130,103,140,17,82,23,189,81,0,85,19,26,176,46,9,142,170,95,38,139,144,63,50,56,21,92,147,4,84,67,32,72,163,25,70,74,198,173,113,190,156,71,165,193,168,31,6,18,131,110,101,59,80,100,30,134,148,11,97,58,175,151,7,77,181,68,123,89,137,158,62,122,12,49,39,107,55,14,13,111,119,145,75,129,15,135,53,183,69,159,164,90,28,155,73,99,106,136,115,152,35,161,102,86,133,76,52,116,65,118,109,51,34,108,192,40,36,182,29,154,60,177,27,43,127,96,171,141,98,114,64,79,179,47,88,5,186,199,83,153,197,24,150,10,185,54,120,178,105,44,48,146];False
3387;6889;10276;[16,194,180,41,187,117,2,169,172,132,166,22,195,112,8,184,191,93,66,157,20,188,87,37,174,149,167,61,45,138,104,125,78,128,42,57,3,121,162,126,143,160,91,1,33,124,94,196,130,103,140,17,82,23,189,81,0,85,19,26,176,46,9,142,170,95,38,139,144,63,51,56,21,92,147,4,84,67,32,72,163,25,70,74,198,173,113,105,156,71,165,193,168,31,6,18,131,110,101,59,80,100,30,134,148,11,97,58,175,151,7,77,181,68,123,89,137,158,62,122,12,49,39,107,55,14,13,111,119,145,75,129,15,135,53,183,69,159,164,90,28,155,73,99,106,136,115,152,35,161,102,86,133,76,52,116,65,118,109,50,34,108,192,40,36,182,29,154,60,177,27,43,127,96,171,141,98,114,64,79,179,47,88,5,186,199,83,153,197,24,150,10,185,54,120,178,190,44,48,146];False
3312;6903;10215;[16,194,180,41,187,117,2,169,172,132,166,22,195,112,8,184,191,93,66,157,20,188,87,37,174,149,167,61,45,138,104,125,78,128,42,57,3,121,162,126,143,160,91,1,33,124,94,196,130,103,140,17,82,23,189,81,0,85,19,26,176,46,9,142,170,95,38,139,144,63,51,56,21,92,147,4,84,67,32,72,163,25,70,74,198,173,113,190,156,71,165,193,168,31,6,18,131,110,101,59,80,100,30,134,148,11,97,58,151,175,7,77,181,68,123,89,137,158,62,122,12,49,39,107,55,14,13,111,119,145,75,129,15,135,53,183,69,159,164,90,28,155,73,99,106,136,115,152,35,161,102,86,133,76,52,116,65,118,109,50,34,108,192,40,36,182,29,154,60,177,27,43,127,96,171,141,98,114,64,79,179,47,88,5,186,199,83,153,197,24,150,10,185,54,120,178,105,44,48,146];False
3434;6882;10316;[16,194,180,41,187,117,2,169,172,132,166,22,195,112,8,184,191,93,66,157,20,188,87,37,174,149,167,61,45,138,104,125,78,128,42,57,3,121,162,126,143,160,91,1,33,124,94,196,130,103,140,17,82,23,189,81,0,85,19,26,176,46,9,142,170,95,38,139,144,63,51,56,21,92,147,4,84,67,32,72,163,25,70,74,198,173,113,190,156,71,165,193,168,31,6,18,131,110,101,59,80,100,30,134,148,11,97,58,175,151,7,77,181,68,123,29,137,158,62,122,12,49,39,107,55,14,13,111,119,145,75,129,15,135,53,183,69,159,164,90,28,155,73,99,106,136,115,152,35,161,102,86,133,76,52,116,65,118,109,50,34,108,192,40,36,182,89,154,60,177,27,43,127,96,171,141,98,114,64,79,179,47,88,5,186,199,83,153,197,24,150,10,185,54,120,178,105,44,48,146];False
3288;6898;10186;[16,194,180,41,187,117,2,169,172,132,166,22,195,112,8,184,191,93,66,157,20,188,87,37,174,149,167,61,45,138,104,125,78,128,42,57,3,121,162,126,143,160,91,1,33,124,94,196,130,103,140,17,82,23,189,81,0,85,19,26,176,46,9,142,170,95,38,139,144,63,51,56,21,92,147,4,84,67,32,72,163,25,70,74,198,173,113,190,156,71,165,193,168,31,6,18,131,110,101,59,80,100,30,134,148,11,97,58,175,151,7,77,181,68,123,89,137,158,62,122,12,49,39,107,105,14,13,111,119,145,75,129,15,135,53,183,69,159,164,90,28,155,73,99,106,136,115,152,35,161,102,86,133,76,52,116,65,118,109,50,34,108,192,40,36,182,29,154,60,177,27,43,127,96,171,141,98,114,64,79,179,47,88,5,186,199,83,153,197,24,150,10,185,54,120,178,55,44,48,146];False
3281;6907;10188;[16,194,180,41,187,117,2,169,172,132,166,22,195,112,8,193,191,93,66,157,20,188,87,37,174,149,167,61,45,138,104,125,78,128,42,57,3,121,162,126,143,160,91,1,33,124,94,196,130,103,140,17,82,23,189,81,0,85,19,26,176,46,9,142,170,95,38,139,144,63,51,56,21,92,147,4,84,67,32,72,163,25,70,74,198,173,113,190,156,71,165,184,168,31,6,18,131,110,101,59,80,100,30,134,148,11,97,58,175,151,7,77,181,68,123,89,137,158,62,52,12,49,39,107,105,14,13,111,119,145,75,129,15,135,53,183,69,159,164,90,28,155,73,99,106,136,115,152,35,161,102,86,133,76,122,116,65,118,109,50,34,108,192,40,36,182,29,154,60,177,27,43,127,96,171,141,98,114,64,79,179,47,88,5,186,199,83,153,197,24,150,10,185,54,120,178,55,44,48,146];False
3345;6894;10239;[16,194,180,41,187,117,2,169,172,132,166,22,195,112,8,184,191,93,66,157,20,188,87,37,174,149,167,61,45,138,104,125,78,128,42,57,3,121,162,126,143,160,142,1,33,124,94,196,130,103,140,17,82,23,189,81,0,85,19,26,176,46,9,91,170,95,38,139,144,63,51,56,21,92,147,4,84,67,32,72,163,25,70,74,198,173,113,190,156,71,165,193,168,31,6,18,131,110,101,59,80,100,30,134,148,11,97,58,175,151,7,77,181,68,123,89,137,158,62,52,12,49,39,107,105,14,13,111,119,145,75,129,15,135,53,183,69,159,164,90,28,155,73,99,106,136,115,152,35,161,102,86,133,76,122,116,65,118,109,50,34,108,192,40,36,182,29,154,60,177,27,43,127,96,171,141,98,114,64,79,179,47,88,5,186,199,83,153,197,24,150,10,185,54,120,178,55,44,48,146];False
3342;6894;10236;[16,194,180,41,187,117,2,169,172,132,166,22,195,112,8,184,191,93,66,157,20,188,87,37,174,149,167,61,45,138,104,125,78,128,42,57,3,121,162,126,143,160,91,1,33,124,94,196,130,103,140,17,82,23,189,81,0,85,19,26,176,46,9,142,170,95,38,139,144,146,51,56,21,92,147,4,84,67,32,72,163,25,70,74,198,173,113,190,156,71,165,193,168,31,6,18,131,110,101,59,80,100,30,134,148,11,97,58,175,151,7,77,181,68,123,89,137,158,62,52,12,49,39,107,105,14,13,111,119,145,75,129,15,135,53,183,69,159,164,90,28,155,73,99,106,136,115,152,35,161,102,86,133,76,122,116,65,118,109,50,34,108,192,40,36,182,29,154,60,177,27,43,127,96,171,141,98,114,64,79,179,47,88,5,186,199,83,153,197,24,150,10,185,54,120,178,55,44,48,63];False
3415;6887;10302;[16,194,180,41,187,117,2,169,172,132,166,22,195,112,8,184,191,93,66,157,20,188,87,37,174,149,167,61,45,138,104,125,78,128,42,57,3,121,162,126,143,160,91,1,33,124,94,196,130,103,140,17,82,23,189,81,0,85,19,26,176,46,9,142,170,95,38,139,144,63,50,56,21,92,147,4,84,67,32,72,163,25,70,74,198,173,113,190,156,71,165,193,168,31,6,18,131,110,101,59,80,100,30,134,148,11,97,58,175,151,7,77,181,68,123,89,137,158,62,52,12,49,39,107,105,14,13,111,119,145,75,129,15,135,53,183,69,159,164,90,28,155,73,99,106,136,115,152,35,161,102,86,133,76,122,116,65,118,109,51,34,108,192,40,36,182,29,154,60,177,27,43,127,96,171,141,98,114,64,79,179,47,88,5,186,199,83,153,197,24,150,10,185,54,120,178,55,44,48,146];False
3416;6886;10302;[16,194,180,41,187,117,2,169,172,132,166,22,195,112,8,184,191,93,66,157,20,188,87,37,174,149,167,61,45,138,104,125,78,128,42,57,3,121,162,126,143,160,91,1,33,124,94,196,130,103,140,17,82,23,189,81,0,85,19,26,176,46,9,142,170,95,38,139,144,63,51,56,21,92,147,4,84,67,32,72,163,25,70,74,198,173,113,55,156,71,165,193,168,31,6,18,131,110,101,59,80,100,30,134,148,11,97,58,175,151,7,77,181,68,123,89,137,158,62,52,12,49,39,107,105,14,13,111,119,145,75,129,15,135,53,183,69,159,164,90,28,155,73,99,106,136,115,152,35,161,102,86,133,76,122,116,65,118,109,50,34,108,192,40,36,182,29,154,60,177,27,43,127,96,171,141,98,114,64,79,179,47,88,5,186,199,83,153,197,24,150,10,185,54,120,178,190,44,48,146];False
3414;6885;10299;[16,194,180,41,187,117,2,169,172,132,166,22,195,112,8,184,191,93,66,157,20,188,87,37,174,149,167,61,45,138,104,125,78,128,42,57,3,121,162,126,143,160,91,1,33,124,94,196,130,103,140,17,82,23,189,81,0,85,19,26,176,46,9,142,170,95,38,139,144,63,51,56,21,92,147,4,84,67,32,72,163,25,70,74,198,173,113,190,156,71,165,193,168,31,6,18,131,110,101,59,80,100,30,134,148,11,97,58,175,151,7,77,181,68,123,145,137,158,62,52,12,49,39,107,105,14,13,111,119,89,75,129,15,135,53,183,69,159,164,90,28,155,73,99,106,136,115,152,35,161,102,86,133,76,122,116,65,118,109,50,34,108,192,40,36,182,29,154,60,177,27,43,127,96,171,141,98,114,64,79,179,47,88,5,186,199,83,153,197,24,150,10,185,54,120,178,55,44,48,146];False
3447;6877;10324;[16,194,180,41,187,117,2,169,172,132,166,22,195,112,8,184,191,93,66,157,20,188,87,37,174,149,167,61,45,138,104,125,78,128,42,57,3,121,162,126,143,160,91,1,33,124,94,196,130,103,140,17,82,23,189,81,0,85,19,26,176,46,9,142,170,95,38,139,144,63,51,56,21,92,147,4,84,67,32,72,163,25,70,74,198,173,113,190,156,71,165,193,168,31,6,18,131,110,101,59,80,100,30,134,148,11,97,58,175,151,7,77,181,68,123,29,137,158,62,52,12,49,39,107,105,14,13,111,119,145,75,129,15,135,53,183,69,159,164,90,28,155,73,99,106,136,115,152,35,161,102,86,133,76,122,116,65,118,109,50,34,108,192,40,36,182,89,154,60,177,27,43,127,96,171,141,98,114,64,79,179,47,88,5,186,199,83,153,197,24,150,10,185,54,120,178,55,44,48,146];False
1409;8879;10288;[194,113,61,19,64,101,100,67,94,143,160,105,174,118,48,99,141,86,45,15,173,18,25,115,24,197,26,9,7,20,129,72,147,65,87,106,196,22,38,34,3,2,75,12,49,153,122,127,39,73,6,76,50,53,93,110,30,134,137,111,181,82,23,109,54,158,121,92,165,112,187,142,81,52,108,74,183,83,17,79,185,148,167,189,59,36,46,5,27,133,96,157,138,41,152,56,66,126,198,159,140,182,51,29,154,156,117,71,69,190,43,128,85,164,178,192,40,124,150,139,33,13,172,195,10,78,60,35,88,135,14,31,130,171,116,57,186,98,84,89,162,146,119,28,4,97,131,0,199,62,102,120,1,114,55,155,184,161,80,58,177,169,191,11,104,193,163,170,95,91,90,125,149,32,68,63,37,151,175,145,8,16,136,144,70,168,77,103,21,180,107,188,179,176,42,47,132,166,123,44];False
1415;8873;10288;[194,113,61,19,64,101,100,0,94,143,160,105,174,118,48,99,141,86,45,15,173,18,25,115,24,197,26,9,7,20,129,72,147,65,87,106,196,22,38,34,3,2,75,12,49,153,122,127,39,73,6,76,50,53,93,110,30,134,137,111,181,82,23,109,54,158,121,92,165,112,187,142,81,52,108,74,183,83,17,79,185,148,167,189,59,36,46,5,27,133,96,157,164,41,152,56,66,126,198,159,140,182,51,29,154,156,117,71,69,190,43,128,85,138,178,192,40,124,150,139,33,13,172,195,10,78,60,35,88,135,14,31,130,171,116,57,186,98,84,89,162,146,119,28,4,97,131,67,199,62,102,120,1,114,55,155,184,161,80,58,177,169,191,11,104,193,163,170,95,91,90,125,149,32,68,63,37,151,175,145,8,16,136,144,70,168,77,103,21,180,107,188,179,176,42,47,132,166,123,44];False
1389;8906;10295;[194,113,61,19,64,101,100,0,94,143,160,105,174,118,48,99,141,86,45,15,173,18,25,115,24,197,26,9,7,20,129,72,147,65,87,106,196,22,38,34,3,2,75,12,49,153,122,127,39,73,6,76,50,53,93,110,30,134,137,111,181,82,23,109,54,158,121,92,165,112,187,142,81,52,108,74,183,83,17,79,185,148,167,189,59,36,46,5,27,133,96,157,138,41,152,56,66,126,198,159,140,182,51,29,154,156,117,71,69,190,43,145,85,164,178,192,40,124,150,139,33,13,172,195,10,78,60,35,88,135,14,31,130,171,116,57,186,98,84,89,162,146,119,28,4,97,131,67,199,62,102,120,1,114,55,155,184,161,80,58,177,169,191,11,104,193,163,170,95,91,90,125,149,32,68,63,37,151,175,128,8,16,136,144,70,168,77,103,21,180,107,188,179,176,42,47,132,166,123,44];False
1404;8883;10287;[194,113,61,19,64,101,100,67,94,143,160,105,174,118,48,99,141,86,45,15,173,18,25,115,24,197,26,9,7,20,129,72,147,6,87,106,196,22,38,34,3,2,75,12,165,153,122,127,39,73,65,76,50,53,93,110,30,134,137,111,181,82,23,109,54,158,121,92,49,112,187,142,81,52,108,74,183,83,17,79,185,148,167,189,59,36,46,5,27,133,96,157,138,41,152,56,66,126,198,159,140,182,51,29,154,156,117,71,69,190,43,128,85,164,178,192,40,124,150,139,33,13,172,195,10,78,60,35,88,135,14,31,130,171,116,57,186,98,84,89,162,146,119,28,4,97,131,0,199,62,102,120,1,114,55,155,184,161,80,58,177,169,191,11,104,193,163,170,95,91,90,125,149,32,68,63,37,151,175,145,8,16,136,144,70,168,77,103,21,180,107,188,179,176,42,47,132,166,123,44];False
1423;8820;10243;[194,113,61,19,64,101,100,67,94,143,160,105,174,118,48,99,141,86,45,15,173,18,25,115,24,197,26,9,7,20,129,72,147,65,87,106,196,22,38,34,3,2,75,12,165,153,122,127,39,73,6,76,50,53,93,110,30,134,137,111,181,82,23,109,54,158,121,92,49,112,187,142,81,52,108,74,183,83,77,79,185,148,167,189,59,36,46,5,27,133,96,157,138,41,152,56,66,126,198,159,140,182,51,29,154,156,117,71,69,190,43,128,85,164,178,192,40,124,150,139,33,13,172,195,10,78,60,35,88,135,14,31,130,171,116,57,186,98,84,89,162,146,119,28,4,97,131,0,199,62,102,120,1,114,55,155,184,161,80,58,177,169,191,11,104,193,163,170,95,91,90,125,149,32,68,63,37,151,175,145,8,16,136,144,70,168,17,103,21,180,107,188,179,176,42,47,132,166,123,44];False
1401;8886;10287;[194,113,61,19,64,101,100,67,94,143,160,105,174,118,48,99,141,86,45,15,173,18,25,115,24,197,26,9,7,20,129,72,147,65,87,106,196,22,38,34,3,2,75,12,165,153,122,127,39,73,6,76,50,53,93,110,30,134,137,111,181,82,23,109,54,158,121,92,49,112,187,142,81,52,108,74,183,83,17,79,185,148,167,189,59,36,46,5,27,133,96,157,164,41,152,56,66,126,198,159,140,182,51,29,154,156,117,71,69,190,43,128,85,138,178,192,40,124,150,139,33,13,172,195,10,78,60,35,88,135,14,31,130,171,116,57,186,98,84,89,162,146,119,28,4,97,131,0,199,62,102,120,1,114,55,155,184,161,80,58,177,169,191,11,104,193,163,170,95,91,90,125,149,32,68,63,37,151,175,145,8,16,136,144,70,168,77,103,21,180,107,188,179,176,42,47,132,166,123,44];False
1375;8919;10294;[194,113,61,19,64,101,100,67,94,143,160,105,174,118,48,99,141,86,45,15,173,18,25,115,24,197,26,9,7,20,129,72,147,65,87,106,196,22,38,34,3,2,75,12,165,153,122,127,39,73,6,76,50,53,93,110,30,134,137,111,181,82,23,109,54,158,121,92,49,112,187,142,81,52,108,74,183,83,17,79,185,148,167,189,59,36,46,5,27,133,96,157,138,41,152,56,66,126,198,159,140,182,51,29,154,156,117,71,69,190,43,145,85,164,178,192,40,124,150,139,33,13,172,195,10,78,60,35,88,135,14,31,130,171,116,57,186,98,84,89,162,146,119,28,4,97,131,0,199,62,102,120,1,114,55,155,184,161,80,58,177,169,191,11,104,193,163,170,95,91,90,125,149,32,68,63,37,151,175,128,8,16,136,144,70,168,77,103,21,180,107,188,179,176,42,47,132,166,123,44];False
1395;8869;10264;[194,113,61,19,64,101,100,0,94,143,160,105,174,118,48,8,141,86,45,15,173,18,25,115,24,197,26,9,7,20,129,72,147,65,87,106,196,22,38,34,3,2,75,12,165,153,122,127,39,73,6,76,50,53,93,110,30,134,137,111,181,82,23,109,54,158,121,92,49,112,187,142,81,52,108,74,183,83,17,79,185,148,167,189,59,36,46,5,27,133,96,157,138,41,152,56,66,126,198,159,140,182,51,29,154,156,117,71,69,190,43,128,85,164,178,192,40,124,150,139,33,13,172,195,10,78,60,35,88,135,14,31,130,171,116,57,186,145,84,89,162,146,119,28,4,97,131,67,199,62,102,120,1,114,55,155,184,161,80,58,177,169,191,11,104,193,163,170,95,91,90,125,149,32,68,63,37,151,175,98,99,16,136,144,70,168,77,103,21,180,107,188,179,176,42,47,132,166,123,44];False
1420;8802;10222;[194,113,61,19,64,101,100,0,94,143,160,105,174,118,48,99,141,86,45,15,173,18,25,115,24,197,26,9,77,20,129,72,147,65,87,106,196,22,38,34,3,2,75,12,165,153,122,127,39,73,6,76,50,53,93,110,30,134,137,111,181,82,23,109,54,158,121,92,49,112,187,142,81,52,108,74,183,83,7,79,185,148,167,189,59,36,46,5,27,133,96,157,138,41,152,56,66,126,198,159,140,182,51,29,154,156,117,71,69,190,43,128,85,164,178,192,40,124,150,139,33,13,172,195,10,78,60,35,88,135,14,31,130,171,116,57,186,98,84,89,162,146,119,28,4,97,131,67,199,62,102,120,1,114,55,155,184,161,80,58,177,169,191,11,104,193,163,170,95,91,90,125,149,32,68,63,37,151,175,145,8,16,136,144,70,168,17,103,21,180,107,188,179,176,42,47,132,166,123,44];False
1384;8910;10294;[194,113,61,19,64,101,100,0,94,143,160,105,174,118,48,99,141,86,45,15,173,18,25,115,24,197,26,9,7,20,129,72,147,6,87,106,196,22,38,34,3,2,75,12,165,153,122,127,39,73,65,76,50,53,93,110,30,134,137,111,181,82,23,109,54,158,121,92,49,112,187,142,81,52,108,74,183,83,17,79,185,148,167,189,59,36,46,5,27,133,96,157,138,41,152,56,66,126,198,159,140,182,51,29,154,156,117,71,69,190,43,145,85,164,178,192,40,124,150,139,33,13,172,195,10,78,60,35,88,135,14,31,130,171,116,57,186,98,84,89,162,146,119,28,4,97,131,67,199,62,102,120,1,114,55,155,184,161,80,58,177,169,191,11,104,193,163,170,95,91,90,125,149,32,68,63,37,151,175,128,8,16,136,144,70,168,77,103,21,180,107,188,179,176,42,47,132,166,123,44];False
1373;8945;10318;[194,113,61,19,64,101,100,0,94,143,160,105,174,118,48,99,141,86,45,15,173,18,25,115,24,197,26,9,7,20,129,72,147,65,87,106,196,31,38,34,3,2,75,12,165,153,122,127,39,73,6,76,50,53,93,110,30,134,137,111,181,82,23,109,54,158,121,92,49,112,187,142,81,52,108,74,183,83,17,79,185,148,167,189,59,36,46,5,27,133,96,157,138,41,152,56,66,126,198,159,140,182,51,29,154,156,117,71,69,190,43,145,85,164,178,192,40,124,150,139,33,13,172,195,10,78,60,35,88,135,14,22,130,171,116,57,186,98,84,89,162,146,119,28,4,97,131,67,199,62,102,120,1,114,55,155,184,161,80,58,177,169,191,11,104,193,163,170,95,91,90,125,149,32,68,63,37,151,175,128,8,16,136,144,70,168,77,103,21,180,107,188,179,176,42,47,132,166,123,44];False
1362;8947;10309;[194,113,61,19,64,101,100,0,94,143,160,105,174,118,48,99,141,86,45,15,173,18,25,115,24,197,26,9,7,20,129,72,147,65,87,106,196,22,38,34,3,2,75,12,165,153,122,127,39,73,6,178,50,53,93,110,30,134,137,111,181,82,23,109,54,158,121,92,49,112,187,142,81,52,108,74,183,83,17,79,185,148,167,189,59,36,46,5,27,133,96,157,138,41,152,56,66,126,198,159,140,182,51,29,154,156,117,71,69,190,43,145,85,164,76,192,40,124,150,139,33,13,172,195,10,78,60,35,88,135,14,31,130,171,116,57,186,98,84,89,162,146,119,28,4,97,131,67,199,62,102,120,1,114,55,155,184,161,80,58,177,169,191,11,104,193,163,170,95,91,90,125,149,32,68,63,37,151,175,128,8,16,136,144,70,168,77,103,21,180,107,188,179,176,42,47,132,166,123,44];True
1410;8865;10275;[194,113,61,19,64,101,100,0,94,143,160,105,174,118,48,99,141,86,45,15,173,18,25,115,24,197,26,9,7,20,129,72,147,65,87,106,196,22,38,34,3,2,75,12,165,153,122,127,39,73,6,76,50,53,93,110,30,134,137,111,181,82,23,109,54,158,121,92,49,112,31,142,81,52,108,74,183,83,17,79,185,148,167,189,59,36,46,5,27,133,96,157,138,41,152,56,66,126,198,159,140,182,51,29,154,156,117,71,69,190,43,145,85,164,178,192,40,124,150,139,33,13,172,195,10,78,60,35,88,135,14,187,130,171,116,57,186,98,84,89,162,146,119,28,4,97,131,67,199,62,102,120,1,114,55,155,184,161,80,58,177,169,191,11,104,193,163,170,95,91,90,125,149,32,68,63,37,151,175,128,8,16,136,144,70,168,77,103,21,180,107,188,179,176,42,47,132,166,123,44];False
1403;8847;10250;[194,113,61,19,64,101,100,0,94,143,160,105,174,118,48,99,141,86,45,15,173,18,25,115,24,197,26,9,7,20,129,72,147,65,87,106,196,22,38,34,3,2,75,12,165,153,122,127,39,73,6,76,50,53,93,110,30,134,137,111,181,82,23,109,54,158,121,92,49,112,187,142,81,52,108,74,183,83,77,79,185,148,167,189,59,36,46,5,27,133,96,157,138,41,152,56,66,126,198,159,140,182,51,29,154,156,117,71,69,190,43,145,85,164,178,192,40,124,150,139,33,13,172,195,10,78,60,35,88,135,14,31,130,171,116,57,186,98,84,89,162,146,119,28,4,97,131,67,199,62,102,120,1,114,55,155,184,161,80,58,177,169,191,11,104,193,163,170,95,91,90,125,149,32,68,63,37,151,175,128,8,16,136,144,70,168,17,103,21,180,107,188,179,176,42,47,132,166,123,44];False
1374;8934;10308;[194,113,61,19,64,101,100,0,94,143,160,105,174,118,48,99,141,86,45,15,173,18,25,115,24,197,26,9,7,20,129,72,147,65,87,106,196,22,38,34,3,2,75,12,165,153,122,127,39,73,6,76,50,53,93,110,30,134,137,111,181,82,23,109,54,158,121,92,49,112,187,142,81,52,108,74,183,83,17,79,185,148,167,189,59,36,46,5,27,133,96,37,138,41,152,56,66,126,198,159,140,182,51,29,154,156,117,71,69,190,43,145,85,164,178,192,40,124,150,139,33,13,172,195,10,78,60,35,88,135,14,31,130,171,116,57,186,98,84,89,162,146,119,28,4,97,131,67,199,62,102,120,1,114,55,155,184,161,80,58,177,169,191,11,104,193,163,170,95,91,90,125,149,32,68,63,157,151,175,128,8,16,136,144,70,168,77,103,21,180,107,188,179,176,42,47,132,166,123,44];False
1381;8913;10294;[194,113,61,19,64,101,100,0,94,143,160,105,174,118,48,99,141,86,45,15,173,18,25,115,24,197,26,9,7,20,129,72,147,65,87,106,196,22,38,34,3,2,75,12,165,153,122,127,39,73,6,76,50,53,93,110,30,134,137,111,181,82,23,109,54,158,121,92,49,112,187,142,81,52,108,74,183,83,17,79,185,148,167,189,59,36,46,5,27,133,96,157,164,41,152,56,66,126,198,159,140,182,51,29,154,156,117,71,69,190,43,145,85,138,178,192,40,124,150,139,33,13,172,195,10,78,60,35,88,135,14,31,130,171,116,57,186,98,84,89,162,146,119,28,4,97,131,67,199,62,102,120,1,114,55,155,184,161,80,58,177,169,191,11,104,193,163,170,95,91,90,125,149,32,68,63,37,151,175,128,8,16,136,144,70,168,77,103,21,180,107,188,179,176,42,47,132,166,123,44];False
1411;8829;10240;[194,113,61,19,64,101,100,0,94,143,160,105,174,118,48,99,141,86,45,15,173,18,25,115,24,197,26,9,77,20,129,72,147,65,87,106,196,22,38,34,3,2,75,12,165,153,122,127,39,73,6,76,50,53,93,110,30,134,137,111,181,82,23,151,54,158,121,92,49,112,187,142,81,52,108,74,183,83,7,79,185,148,167,189,59,36,46,5,27,133,96,157,138,41,152,56,66,126,198,159,140,182,51,29,154,156,117,71,69,190,43,145,85,164,178,192,40,124,150,139,33,13,172,195,10,78,60,35,88,135,14,31,130,171,116,57,186,98,84,89,162,146,119,28,4,97,131,67,199,62,102,120,1,114,55,155,184,161,80,58,177,169,191,11,104,193,163,170,95,91,90,125,149,32,68,63,37,109,175,128,8,16,136,144,70,168,17,103,21,180,107,188,179,176,42,47,132,166,123,44];False
3495;6872;10367;[146,190,188,93,130,5,179,47,57,3,192,89,18,181,68,48,63,118,44,140,124,94,75,36,145,196,113,61,45,138,65,82,187,128,134,195,33,183,162,126,143,160,91,6,77,149,189,7,173,103,168,17,84,122,2,97,0,85,19,26,176,116,142,49,170,95,167,87,66,135,53,56,21,92,147,67,32,165,169,23,163,25,70,90,41,88,164,37,156,71,8,184,123,20,72,78,131,110,101,59,80,100,30,114,182,139,125,58,151,54,197,1,117,98,157,136,137,158,175,12,193,172,39,107,55,14,13,111,52,40,132,129,15,9,28,105,69,159,38,144,109,155,73,99,106,4,115,152,35,161,102,186,133,76,112,104,31,74,34,108,51,50,198,174,16,194,29,154,60,177,27,43,127,96,171,141,11,22,64,79,42,119,148,83,86,199,81,153,166,24,150,10,185,62,120,178,46,180,191,121];False
3482;6869;10351;[20,190,188,93,130,5,177,47,57,3,192,89,18,181,68,48,63,118,44,140,124,94,75,36,145,196,113,61,45,138,65,82,187,128,134,195,33,183,162,126,143,160,91,6,77,149,189,7,173,103,168,17,84,122,2,97,0,85,19,26,176,116,142,49,170,95,167,87,66,135,53,56,21,92,147,67,32,165,169,23,163,25,70,90,41,88,164,37,156,71,8,184,123,146,72,78,131,110,101,59,80,100,30,114,182,139,125,58,151,54,197,1,117,98,157,136,137,158,175,12,193,172,39,107,55,14,13,111,52,40,132,129,15,9,28,105,69,159,38,144,109,155,73,99,106,4,115,152,35,161,102,186,133,76,112,104,31,74,34,108,51,50,198,174,16,194,29,154,60,179,27,43,127,96,171,141,11,22,64,79,42,119,148,83,86,199,81,153,166,24,150,10,185,62,120,178,46,180,191,121];False
3478;6866;10344;[20,190,188,93,130,5,42,47,57,3,192,89,18,181,68,48,63,118,44,140,124,94,75,36,145,196,113,61,45,138,65,82,187,128,134,195,33,183,162,126,143,160,91,6,77,149,189,7,173,103,168,17,84,122,2,97,0,85,19,26,176,116,142,49,170,95,167,87,66,135,53,56,21,92,147,67,32,165,169,23,163,25,70,90,41,88,164,37,156,71,8,184,123,146,72,78,131,110,101,59,80,100,30,114,182,139,125,58,151,54,197,1,117,98,157,136,137,158,175,12,193,172,39,107,55,14,13,111,52,40,132,129,15,9,28,105,69,159,38,144,109,155,73,99,106,4,115,152,35,161,102,186,133,76,112,104,31,74,34,108,51,50,198,174,16,194,29,154,60,177,27,43,127,96,171,141,11,22,64,79,179,119,148,83,86,199,81,153,166,24,150,10,185,62,120,178,46,180,191,121];False
3541;6844;10385;[20,190,188,93,130,5,179,47,57,3,192,173,18,181,68,48,63,118,44,140,124,94,75,36,145,196,113,61,45,138,65,82,187,128,134,195,33,183,162,126,143,160,91,6,77,149,189,7,89,103,168,17,84,122,2,97,0,85,19,26,176,116,142,49,170,95,167,87,66,135,53,56,21,92,147,67,32,165,169,23,163,25,70,90,41,88,164,37,156,71,8,184,123,146,72,78,131,110,101,59,80,100,30,114,182,139,125,58,151,54,197,1,117,98,157,136,137,158,175,12,193,172,39,107,55,14,13,111,52,40,132,129,15,9,28,105,69,159,38,144,109,155,73,99,106,4,115,152,35,161,102,186,133,76,112,104,31,74,34,108,51,50,198,174,16,194,29,154,60,177,27,43,127,96,171,141,11,22,64,79,42,119,148,83,86,199,81,153,166,24,150,10,185,62,120,178,46,180,191,121];False
3495;6865;10360;[20,190,188,93,130,5,179,47,57,3,192,89,18,181,68,48,63,118,44,140,124,94,75,125,145,196,113,61,45,138,65,82,187,128,134,195,33,183,162,126,143,160,91,6,77,149,189,7,173,103,168,17,84,122,2,97,0,85,19,26,176,116,142,49,170,95,167,87,66,135,53,56,21,92,147,67,32,165,169,23,163,25,70,90,41,88,164,37,156,71,8,184,123,146,72,78,131,110,101,59,80,100,30,114,182,139,36,58,151,54,197,1,117,98,157,136,137,158,175,12,193,172,39,107,55,14,13,111,52,40,132,129,15,9,28,105,69,159,38,144,109,155,73,99,106,4,115,152,35,161,102,186,133,76,112,104,31,74,34,108,51,50,198,174,16,194,29,154,60,177,27,43,127,96,171,141,11,22,64,79,42,119,148,83,86,199,81,153,166,24,150,10,185,62,120,178,46,180,191,121];False
3462;6868;10330;[20,190,188,93,130,5,179,47,57,3,192,89,18,181,68,48,63,118,44,140,124,94,75,36,145,196,113,61,45,138,65,82,187,128,134,195,33,183,162,126,143,160,91,6,149,77,189,7,173,103,168,17,84,122,2,97,0,85,19,26,176,116,142,49,170,95,167,87,66,135,53,56,21,92,147,67,32,165,169,23,163,25,70,90,41,88,164,37,156,71,8,184,123,146,72,78,131,110,101,59,80,100,30,114,182,139,125,58,151,54,197,1,117,98,157,136,137,158,175,12,193,172,39,107,55,14,13,111,52,40,132,129,15,9,28,105,69,159,38,144,109,155,73,99,106,4,115,152,35,161,102,186,133,76,112,104,31,74,34,108,51,50,198,174,16,194,29,154,60,177,27,43,127,96,171,141,11,22,64,79,42,119,148,83,86,199,81,153,166,24,150,10,185,62,120,178,46,180,191,121];False
3526;6856;10382;[20,190,188,93,130,5,179,47,57,3,192,89,18,181,68,48,63,118,44,140,124,94,75,36,145,196,113,61,45,138,65,82,187,128,134,195,33,183,162,126,143,160,91,6,77,149,189,193,173,103,168,17,84,122,2,97,0,85,19,26,176,116,142,49,170,95,167,87,66,135,53,56,21,92,147,67,32,165,169,23,163,25,70,90,41,88,164,37,156,71,8,184,123,146,72,78,131,110,101,59,80,100,30,114,182,139,125,58,151,54,197,1,117,98,157,136,137,158,175,12,7,172,39,107,55,14,13,111,52,40,132,129,15,9,28,105,69,159,38,144,109,155,73,99,106,4,115,152,35,161,102,186,133,76,112,104,31,74,34,108,51,50,198,174,16,194,29,154,60,177,27,43,127,96,171,141,11,22,64,79,42,119,148,83,86,199,81,153,166,24,150,10,185,62,120,178,46,180,191,121];False
3512;6855;10367;[20,190,188,93,130,5,179,47,57,3,192,89,18,181,68,48,63,118,44,140,124,94,75,36,145,196,113,61,45,138,65,82,187,128,134,195,33,183,162,126,143,160,91,6,77,149,189,7,173,103,116,17,84,122,2,97,0,85,19,26,176,168,142,49,170,95,167,87,66,135,53,56,21,92,147,67,32,165,169,23,163,25,70,90,41,88,164,37,156,71,8,184,123,146,72,78,131,110,101,59,80,100,30,114,182,139,125,58,151,54,197,1,117,98,157,136,137,158,175,12,193,172,39,107,55,14,13,111,52,40,132,129,15,9,28,105,69,159,38,144,109,155,73,99,106,4,115,152,35,161,102,186,133,76,112,104,31,74,34,108,51,50,198,174,16,194,29,154,60,177,27,43,127,96,171,141,11,22,64,79,42,119,148,83,86,199,81,153,166,24,150,10,185,62,120,178,46,180,191,121];False
3454;6867;10321;[20,190,188,93,130,5,179,47,57,3,192,89,18,181,68,48,63,118,44,140,124,94,75,36,145,196,113,61,45,138,65,82,187,128,134,195,33,183,162,126,143,160,91,6,77,149,189,7,173,103,168,17,84,122,132,97,0,85,19,26,176,116,142,49,170,95,167,87,66,135,53,56,21,92,147,67,32,165,169,23,163,25,70,90,41,88,164,37,156,71,8,184,123,146,72,78,131,110,101,59,80,100,30,114,182,139,125,58,151,54,197,1,117,98,157,136,137,158,175,12,193,172,39,107,55,14,13,111,52,40,2,129,15,9,28,105,69,159,38,144,109,155,73,99,106,4,115,152,35,161,102,186,133,76,112,104,31,74,34,108,51,50,198,174,16,194,29,154,60,177,27,43,127,96,171,141,11,22,64,79,42,119,148,83,86,199,81,153,166,24,150,10,185,62,120,178,46,180,191,121];False
3487;6862;10349;[20,190,188,93,130,5,179,47,57,3,192,89,18,181,68,48,63,118,44,140,124,94,75,36,145,196,113,61,45,138,65,82,187,128,134,195,33,183,162,126,143,160,91,6,77,149,189,7,173,103,168,17,84,122,2,97,0,85,19,26,176,116,23,49,170,95,167,87,66,135,53,56,21,92,147,67,32,165,169,142,163,25,70,90,41,88,164,37,156,71,8,184,123,146,72,78,131,110,101,59,80,100,30,114,182,139,125,58,151,54,197,1,117,98,157,136,137,158,175,12,193,172,39,107,55,14,13,111,52,40,132,129,15,9,28,105,69,159,38,144,109,155,73,99,106,4,115,152,35,161,102,186,133,76,112,104,31,74,34,108,51,50,198,174,16,194,29,154,60,177,27,43,127,96,171,141,11,22,64,79,42,119,148,83,86,199,81,153,166,24,150,10,185,62,120,178,46,180,191,121];False
3516;6853;10369;[20,190,188,93,130,5,179,47,57,3,192,89,18,181,68,48,63,118,44,140,124,94,75,36,145,196,113,61,45,138,65,82,187,128,134,195,33,183,162,126,143,160,91,6,77,149,189,7,173,103,168,17,84,122,2,97,0,85,19,26,176,116,41,49,170,95,167,87,66,135,53,56,21,92,147,67,32,165,169,23,163,25,70,90,142,88,164,37,156,71,8,184,123,146,72,78,131,110,101,59,80,100,30,114,182,139,125,58,151,54,197,1,117,98,157,136,137,158,175,12,193,172,39,107,55,14,13,111,52,40,132,129,15,9,28,105,69,159,38,144,109,155,73,99,106,4,115,152,35,161,102,186,133,76,112,104,31,74,34,108,51,50,198,174,16,194,29,154,60,177,27,43,127,96,171,141,11,22,64,79,42,119,148,83,86,199,81,153,166,24,150,10,185,62,120,178,46,180,191,121];False
3445;6877;10322;[20,190,188,93,130,5,179,47,57,3,192,89,18,181,68,48,63,118,44,140,124,94,75,36,145,196,113,61,45,138,65,82,187,128,134,195,33,183,162,126,143,160,91,6,77,149,189,7,173,103,168,17,84,122,2,97,0,85,19,26,176,116,72,49,170,95,167,87,66,135,53,56,21,92,147,67,32,165,169,23,163,25,70,90,41,88,164,37,156,71,8,184,123,146,142,78,131,110,101,59,80,100,30,114,182,139,125,58,151,54,197,1,117,98,157,136,137,158,175,12,193,172,39,107,55,14,13,111,52,40,132,129,15,9,28,105,69,159,38,144,109,155,73,99,106,4,115,152,35,161,102,186,133,76,112,104,31,74,34,108,51,50,198,174,16,194,29,154,60,177,27,43,127,96,171,141,11,22,64,79,42,119,148,83,86,199,81,153,166,24,150,10,185,62,120,178,46,180,191,121];False
3445;6875;10320;[20,190,188,93,130,5,179,47,57,3,192,89,18,181,68,48,63,118,44,140,124,94,75,36,145,196,113,61,45,138,65,82,187,128,134,195,33,183,162,126,143,160,91,6,77,149,189,7,173,103,168,17,84,122,2,97,0,85,19,26,176,116,191,49,170,95,167,87,66,135,53,56,21,92,147,67,32,165,169,23,163,25,70,90,41,88,164,37,156,71,8,184,123,146,72,78,131,110,101,59,80,100,30,114,182,139,125,58,151,54,197,1,117,98,157,136,137,158,175,12,193,172,39,107,55,14,13,111,52,40,132,129,15,9,28,105,69,159,38,144,109,155,73,99,106,4,115,152,35,161,102,186,133,76,112,104,31,74,34,108,51,50,198,174,16,194,29,154,60,177,27,43,127,96,171,141,11,22,64,79,42,119,148,83,86,199,81,153,166,24,150,10,185,62,120,178,46,180,142,121];False
3509;6852;10361;[20,190,188,93,130,5,179,47,57,3,192,89,18,181,68,48,63,118,44,140,124,94,75,36,145,196,113,61,45,138,65,82,187,128,134,195,33,183,162,126,143,160,91,6,77,149,189,7,173,103,168,17,84,122,2,97,0,85,19,26,176,116,142,49,170,95,167,87,66,135,53,56,21,92,147,67,32,165,169,23,163,25,164,90,41,88,70,37,156,71,8,184,123,146,72,78,131,110,101,59,80,100,30,114,182,139,125,58,151,54,197,1,117,98,157,136,137,158,175,12,193,172,39,107,55,14,13,111,52,40,132,129,15,9,28,105,69,159,38,144,109,155,73,99,106,4,115,152,35,161,102,186,133,76,112,104,31,74,34,108,51,50,198,174,16,194,29,154,60,177,27,43,127,96,171,141,11,22,64,79,42,119,148,83,86,199,81,153,166,24,150,10,185,62,120,178,46,180,191,121];False
3466;6865;10331;[20,190,188,93,130,5,179,47,57,3,192,89,18,181,68,48,63,118,44,140,124,94,75,36,145,196,113,61,45,138,65,82,187,128,134,195,33,183,162,126,143,160,91,6,77,149,189,7,173,103,168,17,84,122,2,97,0,85,19,26,176,116,142,49,170,95,167,87,66,135,53,56,21,92,147,67,32,165,169,23,163,25,70,90,41,88,164,37,156,71,8,184,123,146,72,78,131,158,101,59,80,100,30,114,182,139,125,58,151,54,197,1,117,98,157,136,137,110,175,12,193,172,39,107,55,14,13,111,52,40,132,129,15,9,28,105,69,159,38,144,109,155,73,99,106,4,115,152,35,161,102,186,133,76,112,104,31,74,34,108,51,50,198,174,16,194,29,154,60,177,27,43,127,96,171,141,11,22,64,79,42,119,148,83,86,199,81,153,166,24,150,10,185,62,120,178,46,180,191,121];False
3533;6851;10384;[20,190,188,93,130,5,179,47,57,3,192,89,18,181,68,48,63,118,44,140,124,94,75,36,145,196,113,61,45,138,65,82,187,128,134,195,33,183,162,126,143,160,91,6,77,149,189,7,173,103,168,17,84,122,2,97,0,85,19,26,176,116,142,49,170,95,167,87,66,135,53,56,21,92,147,67,32,165,169,23,163,25,70,90,41,88,164,37,156,71,8,184,123,146,72,78,131,110,101,59,80,100,30,114,182,139,125,137,151,54,197,1,117,98,157,136,58,158,175,12,193,172,39,107,55,14,13,111,52,40,132,129,15,9,28,105,69,159,38,144,109,155,73,99,106,4,115,152,35,161,102,186,133,76,112,104,31,74,34,108,51,50,198,174,16,194,29,154,60,177,27,43,127,96,171,141,11,22,64,79,42,119,148,83,86,199,81,153,166,24,150,10,185,62,120,178,46,180,191,121];False
3447;6855;10302;[20,190,188,93,130,5,179,47,57,3,192,89,18,181,68,48,63,118,44,140,124,94,75,36,145,196,113,61,45,138,65,82,187,128,134,195,33,183,162,126,143,160,91,6,77,149,189,7,173,103,168,17,84,122,2,97,0,85,19,26,176,116,142,49,170,95,167,87,66,135,53,56,21,92,147,67,32,165,169,23,163,25,70,90,41,88,164,37,156,71,8,184,123,146,72,78,131,110,101,59,80,100,30,114,182,139,125,58,158,54,197,1,117,98,157,136,137,151,175,12,193,172,39,107,55,14,13,111,52,40,132,129,15,9,28,105,69,159,38,144,109,155,73,99,106,4,115,152,35,161,102,186,133,76,112,104,31,74,34,108,51,50,198,174,16,194,29,154,60,177,27,43,127,96,171,141,11,22,64,79,42,119,148,83,86,199,81,153,166,24,150,10,185,62,120,178,46,180,191,121];False
3629;6832;10461;[20,103,188,87,130,5,179,47,57,3,192,89,18,181,68,48,63,118,44,140,124,94,75,36,145,196,113,61,45,138,65,82,187,128,134,195,33,183,162,126,143,160,91,6,77,149,189,7,173,190,168,17,84,122,2,97,0,85,19,26,176,116,142,49,170,95,167,93,66,135,53,56,21,92,147,67,32,165,169,23,163,25,70,90,41,88,164,37,156,71,8,184,123,146,72,78,131,110,101,59,80,100,30,114,182,139,125,58,151,54,197,1,117,98,157,136,137,158,175,12,193,172,39,107,55,14,13,111,52,40,132,129,15,9,28,105,69,159,38,144,109,155,73,99,106,4,115,152,35,161,102,186,133,76,112,104,31,74,34,108,51,50,198,174,16,194,29,154,60,177,27,43,127,96,171,141,11,22,64,79,42,119,148,83,86,199,81,153,166,24,150,10,185,62,120,178,46,180,191,121];False
3634;6828;10462;[20,190,138,87,130,5,179,47,57,3,192,89,18,181,68,48,63,118,44,140,124,94,75,36,145,196,113,61,45,188,65,82,187,128,134,195,33,183,162,126,143,160,91,6,77,149,189,7,173,103,168,17,84,122,2,97,0,85,19,26,176,116,142,49,170,95,167,93,66,135,53,56,21,92,147,67,32,165,169,23,163,25,70,90,41,88,164,37,156,71,8,184,123,146,72,78,131,110,101,59,80,100,30,114,182,139,125,58,151,54,197,1,117,98,157,136,137,158,175,12,193,172,39,107,55,14,13,111,52,40,132,129,15,9,28,105,69,159,38,144,109,155,73,99,106,4,115,152,35,161,102,186,133,76,112,104,31,74,34,108,51,50,198,174,16,194,29,154,60,177,27,43,127,96,171,141,11,22,64,79,42,119,148,83,86,199,81,153,166,24,150,10,185,62,120,178,46,180,191,121];False
3537;6848;10385;[20,190,188,87,130,5,177,47,57,3,192,89,18,181,68,48,63,118,44,140,124,94,75,36,145,196,113,61,45,138,65,82,187,128,134,195,33,183,162,126,143,160,91,6,77,149,189,7,173,103,168,17,84,122,2,97,0,85,19,26,176,116,142,49,170,95,167,93,66,135,53,56,21,92,147,67,32,165,169,23,163,25,70,90,41,88,164,37,156,71,8,184,123,146,72,78,131,110,101,59,80,100,30,114,182,139,125,58,151,54,197,1,117,98,157,136,137,158,175,12,193,172,39,107,55,14,13,111,52,40,132,129,15,9,28,105,69,159,38,144,109,155,73,99,106,4,115,152,35,161,102,186,133,76,112,104,31,74,34,108,51,50,198,174,16,194,29,154,60,179,27,43,127,96,171,141,11,22,64,79,42,119,148,83,86,199,81,153,166,24,150,10,185,62,120,178,46,180,191,121];False
3533;6845;10378;[20,190,188,87,130,5,42,47,57,3,192,89,18,181,68,48,63,118,44,140,124,94,75,36,145,196,113,61,45,138,65,82,187,128,134,195,33,183,162,126,143,160,91,6,77,149,189,7,173,103,168,17,84,122,2,97,0,85,19,26,176,116,142,49,170,95,167,93,66,135,53,56,21,92,147,67,32,165,169,23,163,25,70,90,41,88,164,37,156,71,8,184,123,146,72,78,131,110,101,59,80,100,30,114,182,139,125,58,151,54,197,1,117,98,157,136,137,158,175,12,193,172,39,107,55,14,13,111,52,40,132,129,15,9,28,105,69,159,38,144,109,155,73,99,106,4,115,152,35,161,102,186,133,76,112,104,31,74,34,108,51,50,198,174,16,194,29,154,60,177,27,43,127,96,171,141,11,22,64,79,179,119,148,83,86,199,81,153,166,24,150,10,185,62,120,178,46,180,191,121];False
3606;6834;10440;[20,190,188,87,130,5,179,47,57,178,192,89,18,181,68,48,63,118,44,140,124,94,75,36,145,196,113,61,45,138,65,82,187,128,134,195,33,183,162,126,143,160,91,6,77,149,189,7,173,103,168,17,84,122,2,97,0,85,19,26,176,116,142,49,170,95,167,93,66,135,53,56,21,92,147,67,32,165,169,23,163,25,70,90,41,88,164,37,156,71,8,184,123,146,72,78,131,110,101,59,80,100,30,114,182,139,125,58,151,54,197,1,117,98,157,136,137,158,175,12,193,172,39,107,55,14,13,111,52,40,132,129,15,9,28,105,69,159,38,144,109,155,73,99,106,4,115,152,35,161,102,186,133,76,112,104,31,74,34,108,51,50,198,174,16,194,29,154,60,177,27,43,127,96,171,141,11,22,64,79,42,119,148,83,86,199,81,153,166,24,150,10,185,62,120,3,46,180,191,121];False
3601;6834;10435;[20,190,188,87,130,5,179,47,57,3,89,192,18,181,68,48,63,118,44,140,124,94,75,36,145,196,113,61,45,138,65,82,187,128,134,195,33,183,162,126,143,160,91,6,77,149,189,7,173,103,168,17,84,122,2,97,0,85,19,26,176,116,142,49,170,95,167,93,66,135,53,56,21,92,147,67,32,165,169,23,163,25,70,90,41,88,164,37,156,71,8,184,123,146,72,78,131,110,101,59,80,100,30,114,182,139,125,58,151,54,197,1,117,98,157,136,137,158,175,12,193,172,39,107,55,14,13,111,52,40,132,129,15,9,28,105,69,159,38,144,109,155,73,99,106,4,115,152,35,161,102,186,133,76,112,104,31,74,34,108,51,50,198,174,16,194,29,154,60,177,27,43,127,96,171,141,11,22,64,79,42,119,148,83,86,199,81,153,166,24,150,10,185,62,120,178,46,180,191,121];False
3596;6823;10419;[20,190,188,87,130,5,179,47,57,3,192,173,18,181,68,48,63,118,44,140,124,94,75,36,145,196,113,61,45,138,65,82,187,128,134,195,33,183,162,126,143,160,91,6,77,149,189,7,89,103,168,17,84,122,2,97,0,85,19,26,176,116,142,49,170,95,167,93,66,135,53,56,21,92,147,67,32,165,169,23,163,25,70,90,41,88,164,37,156,71,8,184,123,146,72,78,131,110,101,59,80,100,30,114,182,139,125,58,151,54,197,1,117,98,157,136,137,158,175,12,193,172,39,107,55,14,13,111,52,40,132,129,15,9,28,105,69,159,38,144,109,155,73,99,106,4,115,152,35,161,102,186,133,76,112,104,31,74,34,108,51,50,198,174,16,194,29,154,60,177,27,43,127,96,171,141,11,22,64,79,42,119,148,83,86,199,81,153,166,24,150,10,185,62,120,178,46,180,191,121];False
3564;6833;10397;[20,190,188,87,130,5,179,47,57,3,192,89,18,181,68,48,63,118,44,140,124,94,75,36,145,196,167,61,45,138,65,82,187,128,134,195,33,183,162,126,143,160,91,6,77,149,189,7,173,103,168,17,84,122,2,97,0,85,19,26,176,116,142,49,170,95,113,93,66,135,53,56,21,92,147,67,32,165,169,23,163,25,70,90,41,88,164,37,156,71,8,184,123,146,72,78,131,110,101,59,80,100,30,114,182,139,125,58,151,54,197,1,117,98,157,136,137,158,175,12,193,172,39,107,55,14,13,111,52,40,132,129,15,9,28,105,69,159,38,144,109,155,73,99,106,4,115,152,35,161,102,186,133,76,112,104,31,74,34,108,51,50,198,174,16,194,29,154,60,177,27,43,127,96,171,141,11,22,64,79,42,119,148,83,86,199,81,153,166,24,150,10,185,62,120,178,46,180,191,121];False
3517;6847;10364;[20,190,188,87,130,5,179,47,57,3,192,89,18,181,68,48,63,118,44,140,124,94,75,36,145,196,113,61,45,138,65,82,187,128,134,195,33,183,162,126,143,160,91,6,149,77,189,7,173,103,168,17,84,122,2,97,0,85,19,26,176,116,142,49,170,95,167,93,66,135,53,56,21,92,147,67,32,165,169,23,163,25,70,90,41,88,164,37,156,71,8,184,123,146,72,78,131,110,101,59,80,100,30,114,182,139,125,58,151,54,197,1,117,98,157,136,137,158,175,12,193,172,39,107,55,14,13,111,52,40,132,129,15,9,28,105,69,159,38,144,109,155,73,99,106,4,115,152,35,161,102,186,133,76,112,104,31,74,34,108,51,50,198,174,16,194,29,154,60,177,27,43,127,96,171,141,11,22,64,79,42,119,148,83,86,199,81,153,166,24,150,10,185,62,120,178,46,180,191,121];False
3509;6846;10355;[20,190,188,87,130,5,179,47,57,3,192,89,18,181,68,48,63,118,44,140,124,94,75,36,145,196,113,61,45,138,65,82,187,128,134,195,33,183,162,126,143,160,91,6,77,149,189,7,173,103,168,17,84,122,132,97,0,85,19,26,176,116,142,49,170,95,167,93,66,135,53,56,21,92,147,67,32,165,169,23,163,25,70,90,41,88,164,37,156,71,8,184,123,146,72,78,131,110,101,59,80,100,30,114,182,139,125,58,151,54,197,1,117,98,157,136,137,158,175,12,193,172,39,107,55,14,13,111,52,40,2,129,15,9,28,105,69,159,38,144,109,155,73,99,106,4,115,152,35,161,102,186,133,76,112,104,31,74,34,108,51,50,198,174,16,194,29,154,60,177,27,43,127,96,171,141,11,22,64,79,42,119,148,83,86,199,81,153,166,24,150,10,185,62,120,178,46,180,191,121];False
3542;6841;10383;[20,190,188,87,130,5,179,47,57,3,192,89,18,181,68,48,63,118,44,140,124,94,75,36,145,196,113,61,45,138,65,82,187,128,134,195,33,183,162,126,143,160,91,6,77,149,189,7,173,103,168,17,84,122,2,97,0,85,19,26,176,116,23,49,170,95,167,93,66,135,53,56,21,92,147,67,32,165,169,142,163,25,70,90,41,88,164,37,156,71,8,184,123,146,72,78,131,110,101,59,80,100,30,114,182,139,125,58,151,54,197,1,117,98,157,136,137,158,175,12,193,172,39,107,55,14,13,111,52,40,132,129,15,9,28,105,69,159,38,144,109,155,73,99,106,4,115,152,35,161,102,186,133,76,112,104,31,74,34,108,51,50,198,174,16,194,29,154,60,177,27,43,127,96,171,141,11,22,64,79,42,119,148,83,86,199,81,153,166,24,150,10,185,62,120,178,46,180,191,121];False
3571;6832;10403;[20,190,188,87,130,5,179,47,57,3,192,89,18,181,68,48,63,118,44,140,124,94,75,36,145,196,113,61,45,138,65,82,187,128,134,195,33,183,162,126,143,160,91,6,77,149,189,7,173,103,168,17,84,122,2,97,0,85,19,26,176,116,41,49,170,95,167,93,66,135,53,56,21,92,147,67,32,165,169,23,163,25,70,90,142,88,164,37,156,71,8,184,123,146,72,78,131,110,101,59,80,100,30,114,182,139,125,58,151,54,197,1,117,98,157,136,137,158,175,12,193,172,39,107,55,14,13,111,52,40,132,129,15,9,28,105,69,159,38,144,109,155,73,99,106,4,115,152,35,161,102,186,133,76,112,104,31,74,34,108,51,50,198,174,16,194,29,154,60,177,27,43,127,96,171,141,11,22,64,79,42,119,148,83,86,199,81,153,166,24,150,10,185,62,120,178,46,180,191,121];False
3500;6854;10354;[20,190,188,87,130,5,179,47,57,3,192,89,18,181,68,48,63,118,44,140,124,94,75,36,145,196,113,61,45,138,65,82,187,128,134,195,33,183,162,126,143,160,91,6,77,149,189,7,173,103,168,17,84,122,2,97,0,85,19,26,176,116,191,49,170,95,167,93,66,135,53,56,21,92,147,67,32,165,169,23,163,25,70,90,41,88,164,37,156,71,8,184,123,146,72,78,131,110,101,59,80,100,30,114,182,139,125,58,151,54,197,1,117,98,157,136,137,158,175,12,193,172,39,107,55,14,13,111,52,40,132,129,15,9,28,105,69,159,38,144,109,155,73,99,106,4,115,152,35,161,102,186,133,76,112,104,31,74,34,108,51,50,198,174,16,194,29,154,60,177,27,43,127,96,171,141,11,22,64,79,42,119,148,83,86,199,81,153,166,24,150,10,185,62,120,178,46,180,142,121];False
3487;6849;10336;[20,190,188,87,130,5,179,47,57,3,192,89,18,181,68,48,63,118,44,140,124,94,75,36,145,196,113,61,45,138,65,82,187,128,134,195,33,183,162,126,143,160,91,6,77,149,189,7,173,103,168,17,84,122,2,97,0,85,19,26,176,116,142,49,170,95,167,178,66,135,53,56,21,92,147,67,32,165,169,23,163,25,70,90,41,88,164,37,156,71,8,184,123,146,72,78,131,110,101,59,80,100,30,114,182,139,125,58,151,54,197,1,117,98,157,136,137,158,175,12,193,172,39,107,55,14,13,111,52,40,132,129,15,9,28,105,69,159,38,144,109,155,73,99,106,4,115,152,35,161,102,186,133,76,112,104,31,74,34,108,51,50,198,174,16,194,29,154,60,177,27,43,127,96,171,141,11,22,64,79,42,119,148,83,86,199,81,153,166,24,150,10,185,62,120,93,46,180,191,121];False
3564;6831;10395;[20,190,188,87,130,5,179,47,57,3,192,89,18,181,68,48,63,118,44,140,124,94,75,36,145,196,113,61,45,138,65,82,187,128,134,195,33,183,162,126,143,160,91,6,77,149,189,7,173,103,168,17,84,122,2,97,0,85,19,26,176,116,142,49,170,95,167,93,66,135,53,56,21,92,147,67,32,165,169,23,163,25,164,90,41,88,70,37,156,71,8,184,123,146,72,78,131,110,101,59,80,100,30,114,182,139,125,58,151,54,197,1,117,98,157,136,137,158,175,12,193,172,39,107,55,14,13,111,52,40,132,129,15,9,28,105,69,159,38,144,109,155,73,99,106,4,115,152,35,161,102,186,133,76,112,104,31,74,34,108,51,50,198,174,16,194,29,154,60,177,27,43,127,96,171,141,11,22,64,79,42,119,148,83,86,199,81,153,166,24,150,10,185,62,120,178,46,180,191,121];False
3615;6819;10434;[20,190,188,87,130,5,179,47,57,3,192,89,18,181,68,48,63,118,44,140,124,94,75,36,145,196,113,61,45,138,65,82,187,128,134,195,33,183,162,126,143,160,91,6,77,149,189,7,173,103,168,17,84,122,2,97,0,85,19,26,176,116,142,49,170,95,167,93,66,135,53,56,21,92,147,67,32,165,169,23,163,25,70,90,41,88,164,37,156,71,8,184,123,109,72,78,131,110,101,59,80,100,30,114,182,139,125,58,151,54,197,1,117,98,157,136,137,158,175,12,193,172,39,107,55,14,13,111,52,40,132,129,15,9,28,105,69,159,38,144,146,155,73,99,106,4,115,152,35,161,102,186,133,76,112,104,31,74,34,108,51,50,198,174,16,194,29,154,60,177,27,43,127,96,171,141,11,22,64,79,42,119,148,83,86,199,81,153,166,24,150,10,185,62,120,178,46,180,191,121];False
3521;6844;10365;[20,190,188,87,130,5,179,47,57,3,192,89,18,181,68,48,63,118,44,140,124,94,75,36,145,196,113,61,45,138,65,82,187,128,134,195,33,183,162,126,143,160,91,6,77,149,189,7,173,103,168,17,84,122,2,97,0,85,19,26,176,116,142,49,170,95,167,93,66,135,53,56,21,92,147,67,32,165,169,23,163,25,70,90,41,88,164,37,156,71,8,184,123,146,72,78,131,158,101,59,80,100,30,114,182,139,125,58,151,54,197,1,117,98,157,136,137,110,175,12,193,172,39,107,55,14,13,111,52,40,132,129,15,9,28,105,69,159,38,144,109,155,73,99,106,4,115,152,35,161,102,186,133,76,112,104,31,74,34,108,51,50,198,174,16,194,29,154,60,177,27,43,127,96,171,141,11,22,64,79,42,119,148,83,86,199,81,153,166,24,150,10,185,62,120,178,46,180,191,121];False
3588;6830;10418;[20,190,188,87,130,5,179,47,57,3,192,89,18,181,68,48,63,118,44,140,124,94,75,36,145,196,113,61,45,138,65,82,187,128,134,195,33,183,162,126,143,160,91,6,77,149,189,7,173,103,168,17,84,122,2,97,0,85,19,26,176,116,142,49,170,95,167,93,66,135,53,56,21,92,147,67,32,165,169,23,163,25,70,90,41,88,164,37,156,71,8,184,123,146,72,78,131,110,101,59,80,100,30,114,182,139,125,137,151,54,197,1,117,98,157,136,58,158,175,12,193,172,39,107,55,14,13,111,52,40,132,129,15,9,28,105,69,159,38,144,109,155,73,99,106,4,115,152,35,161,102,186,133,76,112,104,31,74,34,108,51,50,198,174,16,194,29,154,60,177,27,43,127,96,171,141,11,22,64,79,42,119,148,83,86,199,81,153,166,24,150,10,185,62,120,178,46,180,191,121];False
3502;6834;10336;[20,190,188,87,130,5,179,47,57,3,192,89,18,181,68,48,63,118,44,140,124,94,75,36,145,196,113,61,45,138,65,82,187,128,134,195,33,183,162,126,143,160,91,6,77,149,189,7,173,103,168,17,84,122,2,97,0,85,19,26,176,116,142,49,170,95,167,93,66,135,53,56,21,92,147,67,32,165,169,23,163,25,70,90,41,88,164,37,156,71,8,184,123,146,72,78,131,110,101,59,80,100,30,114,182,139,125,58,158,54,197,1,117,98,157,136,137,151,175,12,193,172,39,107,55,14,13,111,52,40,132,129,15,9,28,105,69,159,38,144,109,155,73,99,106,4,115,152,35,161,102,186,133,76,112,104,31,74,34,108,51,50,198,174,16,194,29,154,60,177,27,43,127,96,171,141,11,22,64,79,42,119,148,83,86,199,81,153,166,24,150,10,185,62,120,178,46,180,191,121];False
3946;6779;10725;[50,20,188,87,130,5,42,47,132,89,115,152,18,181,68,48,63,118,44,140,124,94,196,36,145,75,113,61,45,138,65,82,187,128,134,195,33,183,162,126,143,160,91,6,77,149,189,148,173,116,123,17,84,122,12,97,0,85,19,26,176,3,136,49,170,95,167,93,66,135,53,56,21,92,147,67,32,165,169,23,163,25,70,90,41,88,164,37,156,71,8,184,190,109,72,78,131,110,101,59,80,100,30,114,182,139,125,58,151,175,197,1,117,98,157,142,137,158,54,57,193,172,39,107,55,14,13,111,52,40,2,129,15,9,28,105,69,159,38,144,146,155,73,99,106,4,192,103,35,161,102,186,133,76,112,104,31,168,34,108,51,74,198,174,16,194,29,154,60,179,27,43,127,96,171,141,11,22,64,79,177,199,166,83,86,119,81,153,7,24,150,10,185,62,120,178,46,180,191,121];False
3796;6794;10590;[74,20,188,87,130,5,42,47,132,89,115,152,18,181,68,48,63,118,44,140,124,94,196,36,145,75,113,61,45,138,65,82,187,128,134,195,33,183,162,126,143,160,91,6,77,149,189,148,173,116,123,17,84,122,12,97,0,85,19,26,176,3,136,49,170,95,57,93,66,135,53,56,21,92,147,67,32,165,169,23,163,25,70,90,41,88,164,37,156,71,8,184,190,109,72,78,131,110,101,59,80,100,30,114,182,139,125,58,151,175,197,1,117,98,157,142,137,158,54,167,193,172,39,107,55,14,13,111,52,40,2,129,15,9,28,105,69,159,38,144,146,155,73,99,106,4,192,103,35,161,102,186,133,76,112,104,31,168,34,108,51,50,198,174,16,194,29,154,60,179,27,43,127,96,171,141,11,22,64,79,177,199,166,83,86,119,81,153,7,24,150,10,185,62,120,178,46,180,191,121];False
3945;6777;10722;[74,20,188,87,130,5,42,47,132,89,115,152,18,181,68,48,63,118,44,140,124,94,196,36,145,75,113,61,45,138,65,82,187,128,134,195,33,183,162,126,143,160,91,6,77,149,189,148,173,116,123,17,84,122,12,97,0,85,19,26,176,3,136,49,170,95,129,93,66,135,53,56,21,92,147,67,32,165,169,23,163,25,70,90,41,88,164,37,156,71,8,184,190,109,72,78,131,110,101,59,80,100,30,114,182,139,125,58,151,175,197,1,117,98,157,142,137,158,54,57,193,172,39,107,55,14,13,111,52,40,2,167,15,9,28,105,69,159,38,144,146,155,73,99,106,4,192,103,35,161,102,186,133,76,112,104,31,168,34,108,51,50,198,174,16,194,29,154,60,179,27,43,127,96,171,141,11,22,64,79,177,199,166,83,86,119,81,153,7,24,150,10,185,62,120,178,46,180,191,121];False
3953;6775;10728;[74,20,188,87,130,5,42,47,132,89,115,152,18,181,68,48,63,118,44,140,124,94,196,36,145,75,113,61,45,138,65,82,187,128,134,195,33,183,162,126,143,160,91,6,77,149,189,148,173,116,123,17,84,122,12,97,0,85,19,26,176,3,136,49,170,95,167,93,66,135,53,56,21,92,147,67,32,165,169,23,163,25,164,90,41,88,70,37,156,71,8,184,190,109,72,78,131,110,101,59,80,100,30,114,182,139,125,58,151,175,197,1,117,98,157,142,137,158,54,57,193,172,39,107,55,14,13,111,52,40,2,129,15,9,28,105,69,159,38,144,146,155,73,99,106,4,192,103,35,161,102,186,133,76,112,104,31,168,34,108,51,50,198,174,16,194,29,154,60,179,27,43,127,96,171,141,11,22,64,79,177,199,166,83,86,119,81,153,7,24,150,10,185,62,120,178,46,180,191,121];False
3871;6781;10652;[74,20,188,87,130,5,42,47,132,89,115,152,18,181,68,48,63,118,44,140,124,94,196,36,145,75,113,61,45,138,65,82,187,128,134,195,33,183,162,126,143,160,91,6,77,149,189,148,173,116,123,17,84,122,12,97,0,85,19,26,176,3,136,49,170,95,167,93,66,135,53,56,21,92,147,67,32,165,169,23,163,25,70,90,41,88,164,37,156,71,8,184,190,109,72,78,131,110,101,59,80,100,30,114,182,139,125,58,151,54,197,1,117,98,157,142,137,158,175,57,193,172,39,107,55,14,13,111,52,40,2,129,15,9,28,105,69,159,38,144,146,155,73,99,106,4,192,103,35,161,102,186,133,76,112,104,31,168,34,108,51,50,198,174,16,194,29,154,60,179,27,43,127,96,171,141,11,22,64,79,177,199,166,83,86,119,81,153,7,24,150,10,185,62,120,178,46,180,191,121];False
3877;6778;10655;[74,20,188,87,130,5,42,47,132,89,115,152,18,181,68,48,63,118,44,140,124,94,196,36,145,75,113,61,45,138,65,82,187,128,134,195,33,183,162,126,143,160,91,6,77,149,189,148,173,116,123,17,84,122,12,97,0,85,19,26,176,3,136,49,170,95,167,93,66,135,53,56,21,92,147,67,32,165,169,23,163,25,70,90,41,88,164,37,156,71,8,184,190,109,72,78,131,110,101,59,80,100,30,114,182,139,125,58,151,175,57,1,117,98,157,142,137,158,54,197,193,172,39,107,55,14,13,111,52,40,2,129,15,9,28,105,69,159,38,144,146,155,73,99,106,4,192,103,35,161,102,186,133,76,112,104,31,168,34,108,51,50,198,174,16,194,29,154,60,179,27,43,127,96,171,141,11,22,64,79,177,199,166,83,86,119,81,153,7,24,150,10,185,62,120,178,46,180,191,121];False
3738;6801;10539;[50,20,188,87,130,5,42,47,132,89,115,152,18,181,68,48,63,118,44,140,124,94,75,36,145,196,113,61,45,138,65,82,187,128,134,195,33,183,162,126,143,160,91,6,77,149,189,148,173,116,123,17,84,122,12,97,0,85,19,26,176,3,136,49,170,95,57,93,66,135,53,56,21,92,147,67,32,165,169,23,163,25,70,90,41,88,164,37,156,71,8,184,190,109,72,78,131,110,101,59,80,100,30,114,182,139,125,58,151,175,197,1,117,98,157,142,137,158,54,167,193,172,39,107,55,14,13,111,52,40,2,129,15,9,28,105,69,159,38,144,146,155,73,99,106,4,192,103,35,161,102,186,133,76,112,104,31,168,34,108,51,74,198,174,16,194,29,154,60,179,27,43,127,96,171,141,11,22,64,79,177,199,166,83,86,119,81,153,7,24,150,10,185,62,120,178,46,180,191,121];False
3870;6783;10653;[74,20,188,87,130,5,42,47,26,89,115,152,18,181,68,48,63,118,44,140,124,94,75,36,145,196,113,61,45,138,65,82,187,128,134,195,33,183,162,126,143,160,91,6,77,149,189,148,173,116,123,17,84,122,12,97,0,85,19,132,176,3,136,49,170,95,57,93,66,135,53,56,21,92,147,67,32,165,169,23,163,25,70,90,41,88,164,37,156,71,8,184,190,109,72,78,131,110,101,59,80,100,30,114,182,139,125,58,151,175,197,1,117,98,157,142,137,158,54,167,193,172,39,107,55,14,13,111,52,40,2,129,15,9,28,105,69,159,38,144,146,155,73,99,106,4,192,103,35,161,102,186,133,76,112,104,31,168,34,108,51,50,198,174,16,194,29,154,60,179,27,43,127,96,171,141,11,22,64,79,177,199,166,83,86,119,81,153,7,24,150,10,185,62,120,178,46,180,191,121];False
3706;6811;10517;[74,20,188,87,130,5,42,47,132,89,115,152,77,181,68,48,63,118,44,140,124,94,75,36,145,196,113,61,45,138,65,82,187,128,134,195,33,183,162,126,143,160,91,6,18,149,189,148,173,116,123,17,84,122,12,97,0,85,19,26,176,3,136,49,170,95,57,93,66,135,53,56,21,92,147,67,32,165,169,23,163,25,70,90,41,88,164,37,156,71,8,184,190,109,72,78,131,110,101,59,80,100,30,114,182,139,125,58,151,175,197,1,117,98,157,142,137,158,54,167,193,172,39,107,55,14,13,111,52,40,2,129,15,9,28,105,69,159,38,144,146,155,73,99,106,4,192,103,35,161,102,186,133,76,112,104,31,168,34,108,51,50,198,174,16,194,29,154,60,179,27,43,127,96,171,141,11,22,64,79,177,199,166,83,86,119,81,153,7,24,150,10,185,62,120,178,46,180,191,121];False
3727;6804;10531;[74,20,188,87,130,5,42,47,132,89,115,152,76,181,68,48,63,118,44,140,124,94,75,36,145,196,113,61,45,138,65,82,187,128,134,195,33,183,162,126,143,160,91,6,77,149,189,148,173,116,123,17,84,122,12,97,0,85,19,26,176,3,136,49,170,95,57,93,66,135,53,56,21,92,147,67,32,165,169,23,163,25,70,90,41,88,164,37,156,71,8,184,190,109,72,78,131,110,101,59,80,100,30,114,182,139,125,58,151,175,197,1,117,98,157,142,137,158,54,167,193,172,39,107,55,14,13,111,52,40,2,129,15,9,28,105,69,159,38,144,146,155,73,99,106,4,192,103,35,161,102,186,133,18,112,104,31,168,34,108,51,50,198,174,16,194,29,154,60,179,27,43,127,96,171,141,11,22,64,79,177,199,166,83,86,119,81,153,7,24,150,10,185,62,120,178,46,180,191,121];False
3769;6799;10568;[74,20,188,87,130,5,42,47,132,89,115,152,18,181,68,48,63,118,44,140,31,94,75,36,145,196,113,61,45,138,65,82,187,128,134,195,33,183,162,126,143,160,91,6,77,149,189,148,173,116,123,17,84,122,12,97,0,85,19,26,176,3,136,49,170,95,57,93,66,135,53,56,21,92,147,67,32,165,169,23,163,25,70,90,41,88,164,37,156,71,8,184,190,109,72,78,131,110,101,59,80,100,30,114,182,139,125,58,151,175,197,1,117,98,157,142,137,158,54,167,193,172,39,107,55,14,13,111,52,40,2,129,15,9,28,105,69,159,38,144,146,155,73,99,106,4,192,103,35,161,102,186,133,76,112,104,124,168,34,108,51,50,198,174,16,194,29,154,60,179,27,43,127,96,171,141,11,22,64,79,177,199,166,83,86,119,81,153,7,24,150,10,185,62,120,178,46,180,191,121];False
3793;6798;10591;[74,20,188,87,130,5,42,47,132,89,115,152,18,181,68,48,63,118,44,140,124,94,75,36,145,196,113,61,184,138,65,82,187,128,134,195,33,183,162,126,143,160,91,6,77,149,189,148,173,116,123,17,84,122,12,97,0,85,19,26,176,3,136,49,170,95,57,93,66,135,53,56,21,92,147,67,32,165,169,23,163,25,70,90,41,88,164,37,156,71,8,45,190,109,72,78,131,110,101,59,80,100,30,114,182,139,125,58,151,175,197,1,117,98,157,142,137,158,54,167,193,172,39,107,55,14,13,111,52,40,2,129,15,9,28,105,69,159,38,144,146,155,73,99,106,4,192,103,35,161,102,186,133,76,112,104,31,168,34,108,51,50,198,174,16,194,29,154,60,179,27,43,127,96,171,141,11,22,64,79,177,199,166,83,86,119,81,153,7,24,150,10,185,62,120,178,46,180,191,121];False
3763;6796;10559;[74,20,188,87,130,5,42,47,132,89,115,152,18,181,68,48,63,118,44,140,124,94,75,36,145,196,113,61,45,138,65,82,187,128,134,195,33,183,162,126,143,160,91,6,95,149,189,148,173,116,123,17,84,122,12,97,0,85,19,26,176,3,136,49,170,77,57,93,66,135,53,56,21,92,147,67,32,165,169,23,163,25,70,90,41,88,164,37,156,71,8,184,190,109,72,78,131,110,101,59,80,100,30,114,182,139,125,58,151,175,197,1,117,98,157,142,137,158,54,167,193,172,39,107,55,14,13,111,52,40,2,129,15,9,28,105,69,159,38,144,146,155,73,99,106,4,192,103,35,161,102,186,133,76,112,104,31,168,34,108,51,50,198,174,16,194,29,154,60,179,27,43,127,96,171,141,11,22,64,79,177,199,166,83,86,119,81,153,7,24,150,10,185,62,120,178,46,180,191,121];False
3690;6808;10498;[74,20,188,87,130,5,42,47,132,89,115,152,18,181,68,48,63,118,44,140,124,94,75,36,145,196,113,61,45,138,65,82,187,128,134,195,33,183,162,126,143,160,91,6,77,149,189,148,173,116,123,17,84,122,12,97,0,85,19,26,176,3,136,49,170,95,57,93,66,135,168,56,21,92,147,67,32,165,169,23,163,25,70,90,41,88,164,37,156,71,8,184,190,109,72,78,131,110,101,59,80,100,30,114,182,139,125,58,151,175,197,1,117,98,157,142,137,158,54,167,193,172,39,107,55,14,13,111,52,40,2,129,15,9,28,105,69,159,38,144,146,155,73,99,106,4,192,103,35,161,102,186,133,76,112,104,31,53,34,108,51,50,198,174,16,194,29,154,60,179,27,43,127,96,171,141,11,22,64,79,177,199,166,83,86,119,81,153,7,24,150,10,185,62,120,178,46,180,191,121];False
3745;6797;10542;[74,20,188,87,130,5,42,47,132,89,115,152,18,181,68,48,63,118,44,140,124,94,75,36,145,196,113,61,45,138,65,82,187,128,134,195,33,183,162,126,143,160,91,6,77,149,189,148,173,116,123,17,84,122,12,97,0,85,19,26,176,3,136,49,170,95,57,93,66,135,53,56,21,92,147,67,32,165,169,23,163,25,164,90,41,88,70,37,156,71,8,184,190,109,72,78,131,110,101,59,80,100,30,114,182,139,125,58,151,175,197,1,117,98,157,142,137,158,54,167,193,172,39,107,55,14,13,111,52,40,2,129,15,9,28,105,69,159,38,144,146,155,73,99,106,4,192,103,35,161,102,186,133,76,112,104,31,168,34,108,51,50,198,174,16,194,29,154,60,179,27,43,127,96,171,141,11,22,64,79,177,199,166,83,86,119,81,153,7,24,150,10,185,62,120,178,46,180,191,121];False
3776;6795;10571;[74,20,188,87,130,5,42,47,132,89,115,152,18,181,68,48,63,118,44,140,124,94,75,36,145,196,113,61,45,138,65,82,187,128,134,195,33,183,162,126,143,160,91,6,77,149,189,148,173,116,123,17,84,122,12,97,0,85,19,26,176,3,136,49,170,95,57,93,66,135,53,56,21,92,147,67,32,165,169,23,163,25,70,90,41,88,164,37,156,71,8,157,190,109,72,78,131,110,101,59,80,100,30,114,182,139,125,58,151,175,197,1,117,98,184,142,137,158,54,167,193,172,39,107,55,14,13,111,52,40,2,129,15,9,28,105,69,159,38,144,146,155,73,99,106,4,192,103,35,161,102,186,133,76,112,104,31,168,34,108,51,50,198,174,16,194,29,154,60,179,27,43,127,96,171,141,11,22,64,79,177,199,166,83,86,119,81,153,7,24,150,10,185,62,120,178,46,180,191,121];False
3760;6796;10556;[74,20,188,87,130,5,42,47,132,89,115,152,18,181,68,48,63,118,44,140,124,94,75,36,145,196,113,61,45,138,65,82,187,128,134,195,33,183,162,126,143,160,91,6,77,149,189,148,173,116,123,17,84,122,12,97,0,85,19,26,176,3,136,49,170,95,57,93,66,135,53,56,21,92,147,67,32,165,169,23,163,25,70,90,41,88,164,37,156,71,8,184,190,109,72,78,131,110,101,59,80,100,30,114,182,139,125,137,151,175,197,1,117,98,157,142,58,158,54,167,193,172,39,107,55,14,13,111,52,40,2,129,15,9,28,105,69,159,38,144,146,155,73,99,106,4,192,103,35,161,102,186,133,76,112,104,31,168,34,108,51,50,198,174,16,194,29,154,60,179,27,43,127,96,171,141,11,22,64,79,177,199,166,83,86,119,81,153,7,24,150,10,185,62,120,178,46,180,191,121];False
3845;6781;10626;[74,20,188,87,130,5,42,47,132,89,115,152,18,181,68,48,63,118,44,140,124,94,75,36,145,196,113,61,45,138,65,82,187,128,134,195,33,183,162,126,143,160,91,6,77,149,189,148,173,116,123,17,84,122,12,97,0,85,19,26,176,3,136,49,170,95,57,93,66,135,53,56,21,92,147,67,32,165,169,23,163,25,70,90,41,88,164,37,156,71,8,184,190,109,72,78,131,110,101,59,80,100,30,114,182,139,125,58,151,175,197,1,117,98,157,142,137,158,62,167,193,172,39,107,55,14,13,111,52,40,2,129,15,9,28,105,69,159,38,144,146,155,73,99,106,4,192,103,35,161,102,186,133,76,112,104,31,168,34,108,51,50,198,174,16,194,29,154,60,179,27,43,127,96,171,141,11,22,64,79,177,199,166,83,86,119,81,153,7,24,150,10,185,54,120,178,46,180,191,121];False
3841;6785;10626;[74,20,188,87,130,5,42,47,132,89,115,152,18,181,68,48,63,118,44,140,124,94,75,36,145,196,113,61,45,138,65,82,187,128,134,195,33,183,162,126,143,160,91,6,77,149,189,148,173,116,123,17,84,122,12,97,0,85,19,26,176,3,136,49,170,95,57,93,66,135,53,56,21,92,147,67,32,165,169,23,163,25,70,90,41,88,164,37,156,71,8,184,190,109,72,78,131,110,101,59,80,100,30,114,182,139,125,58,151,175,197,1,117,98,157,142,137,158,54,167,193,172,39,107,55,14,13,111,52,40,2,7,15,9,28,105,69,159,38,144,146,155,73,99,106,4,192,103,35,161,102,186,133,76,112,104,31,168,34,108,51,50,198,174,16,194,29,154,60,179,27,43,127,96,171,141,11,22,64,79,177,199,166,83,86,119,81,153,129,24,150,10,185,62,120,178,46,180,191,121];False
3721;6805;10526;[74,20,188,87,130,5,42,47,132,89,115,152,18,181,68,48,63,118,44,140,124,94,75,36,145,196,113,61,45,138,65,82,187,128,134,195,33,183,162,126,143,160,91,6,77,149,189,148,173,116,123,17,84,122,12,97,0,85,19,26,176,3,136,49,170,95,57,93,66,135,53,56,21,92,147,67,32,165,169,23,163,25,70,90,41,88,164,37,156,71,8,184,190,109,72,78,131,110,101,59,80,100,30,114,182,139,125,58,151,175,197,1,117,98,157,142,137,158,54,167,193,172,39,107,55,14,13,111,52,40,2,129,15,9,28,105,69,159,38,144,146,155,73,99,106,4,192,103,35,161,102,186,133,76,112,104,168,31,34,108,51,50,198,174,16,194,29,154,60,179,27,43,127,96,171,141,11,22,64,79,177,199,166,83,86,119,81,153,7,24,150,10,185,62,120,178,46,180,191,121];False
3945;6770;10715;[74,20,188,87,130,5,42,47,26,89,115,152,18,181,68,48,63,118,44,140,124,94,75,36,145,196,113,61,45,138,65,82,187,128,134,195,33,183,162,126,143,160,91,6,77,149,189,148,173,116,123,17,84,122,12,97,0,85,19,132,176,3,136,49,170,95,167,93,66,135,53,56,21,92,147,67,32,165,169,23,163,25,70,90,41,88,164,37,156,71,8,184,190,109,72,78,131,110,101,59,80,100,30,114,182,139,125,58,151,54,197,1,117,98,157,142,137,158,175,57,193,172,39,107,55,14,13,111,52,40,2,129,15,9,28,105,69,159,38,144,146,155,73,99,106,4,192,103,35,161,102,186,133,76,112,104,31,168,34,108,51,50,198,174,16,194,29,154,60,179,27,43,127,96,171,141,11,22,64,79,177,199,166,83,86,119,81,153,7,24,150,10,185,62,120,178,46,180,191,121];False
3802;6791;10593;[74,20,188,87,130,5,42,47,132,89,115,152,76,181,68,48,63,118,44,140,124,94,75,36,145,196,113,61,45,138,65,82,187,128,134,195,33,183,162,126,143,160,91,6,77,149,189,148,173,116,123,17,84,122,12,97,0,85,19,26,176,3,136,49,170,95,167,93,66,135,53,56,21,92,147,67,32,165,169,23,163,25,70,90,41,88,164,37,156,71,8,184,190,109,72,78,131,110,101,59,80,100,30,114,182,139,125,58,151,54,197,1,117,98,157,142,137,158,175,57,193,172,39,107,55,14,13,111,52,40,2,129,15,9,28,105,69,159,38,144,146,155,73,99,106,4,192,103,35,161,102,186,133,18,112,104,31,168,34,108,51,50,198,174,16,194,29,154,60,179,27,43,127,96,171,141,11,22,64,79,177,199,166,83,86,119,81,153,7,24,150,10,185,62,120,178,46,180,191,121];False
3906;6776;10682;[74,20,188,87,130,5,42,47,132,89,115,152,18,181,68,48,63,118,44,140,124,94,75,36,145,117,113,61,45,138,65,82,187,128,134,195,33,183,162,126,143,160,91,6,77,149,189,148,173,116,123,17,84,122,12,97,0,85,19,26,176,3,136,49,170,95,167,93,66,135,53,56,21,92,147,67,32,165,169,23,163,25,70,90,41,88,164,37,156,71,8,184,190,109,72,78,131,110,101,59,80,100,30,114,182,139,125,58,151,54,197,1,196,98,157,142,137,158,175,57,193,172,39,107,55,14,13,111,52,40,2,129,15,9,28,105,69,159,38,144,146,155,73,99,106,4,192,103,35,161,102,186,133,76,112,104,31,168,34,108,51,50,198,174,16,194,29,154,60,179,27,43,127,96,171,141,11,22,64,79,177,199,166,83,86,119,81,153,7,24,150,10,185,62,120,178,46,180,191,121];False
3943;6774;10717;[74,20,188,87,130,5,42,47,132,89,115,152,18,181,68,48,63,118,44,140,124,94,75,36,145,196,113,61,45,138,65,82,187,128,134,195,33,183,162,126,143,160,91,6,77,149,189,7,173,116,123,17,84,122,12,97,0,85,19,26,176,3,136,49,170,95,167,93,66,135,53,56,21,92,147,67,32,165,169,23,163,25,70,90,41,88,164,37,156,71,8,184,190,109,72,78,131,110,101,59,80,100,30,114,182,139,125,58,151,54,197,1,117,98,157,142,137,158,175,57,193,172,39,107,55,14,13,111,52,40,2,129,15,9,28,105,69,159,38,144,146,155,73,99,106,4,192,103,35,161,102,186,133,76,112,104,31,168,34,108,51,50,198,174,16,194,29,154,60,179,27,43,127,96,171,141,11,22,64,79,177,199,166,83,86,119,81,153,148,24,150,10,185,62,120,178,46,180,191,121];False
3812;6786;10598;[74,20,188,87,130,5,42,47,132,89,115,152,18,181,68,48,63,118,44,140,124,94,75,36,145,196,113,61,45,138,65,82,187,128,134,195,33,183,162,126,143,160,91,6,77,149,189,148,173,116,123,17,84,122,12,97,0,85,19,26,176,3,136,49,170,95,129,93,66,135,53,56,21,92,147,67,32,165,169,23,163,25,70,90,41,88,164,37,156,71,8,184,190,109,72,78,131,110,101,59,80,100,30,114,182,139,125,58,151,54,197,1,117,98,157,142,137,158,175,57,193,172,39,107,55,14,13,111,52,40,2,167,15,9,28,105,69,159,38,144,146,155,73,99,106,4,192,103,35,161,102,186,133,76,112,104,31,168,34,108,51,50,198,174,16,194,29,154,60,179,27,43,127,96,171,141,11,22,64,79,177,199,166,83,86,119,81,153,7,24,150,10,185,62,120,178,46,180,191,121];False
3765;6795;10560;[74,20,188,87,130,5,42,47,132,89,115,152,18,181,68,48,63,118,44,140,124,94,75,36,145,196,113,61,45,138,65,82,187,128,134,195,33,183,162,126,143,160,91,6,77,149,189,148,173,116,123,17,84,122,12,97,0,85,19,26,176,3,136,49,170,95,167,93,66,135,168,56,21,92,147,67,32,165,169,23,163,25,70,90,41,88,164,37,156,71,8,184,190,109,72,78,131,110,101,59,80,100,30,114,182,139,125,58,151,54,197,1,117,98,157,142,137,158,175,57,193,172,39,107,55,14,13,111,52,40,2,129,15,9,28,105,69,159,38,144,146,155,73,99,106,4,192,103,35,161,102,186,133,76,112,104,31,53,34,108,51,50,198,174,16,194,29,154,60,179,27,43,127,96,171,141,11,22,64,79,177,199,166,83,86,119,81,153,7,24,150,10,185,62,120,178,46,180,191,121];False
3820;6784;10604;[74,20,188,87,130,5,42,47,132,89,115,152,18,181,68,48,63,118,44,140,124,94,75,36,145,196,113,61,45,138,65,82,187,128,134,195,33,183,162,126,143,160,91,6,77,149,189,148,173,116,123,17,84,122,12,97,0,85,19,26,176,3,136,49,170,95,167,93,66,135,53,56,21,92,147,67,32,165,169,23,163,25,164,90,41,88,70,37,156,71,8,184,190,109,72,78,131,110,101,59,80,100,30,114,182,139,125,58,151,54,197,1,117,98,157,142,137,158,175,57,193,172,39,107,55,14,13,111,52,40,2,129,15,9,28,105,69,159,38,144,146,155,73,99,106,4,192,103,35,161,102,186,133,76,112,104,31,168,34,108,51,50,198,174,16,194,29,154,60,179,27,43,127,96,171,141,11,22,64,79,177,199,166,83,86,119,81,153,7,24,150,10,185,62,120,178,46,180,191,121];False
3835;6783;10618;[74,20,188,87,130,5,42,47,132,89,115,152,18,181,68,48,63,118,44,140,124,94,75,36,145,196,113,61,45,138,65,82,187,128,134,195,33,183,162,126,143,160,91,6,77,149,189,148,173,116,123,17,84,122,12,97,0,85,19,26,176,3,136,49,170,95,167,93,66,135,53,56,21,92,147,67,32,165,169,23,163,25,70,90,41,88,164,37,156,71,8,184,190,109,72,78,131,110,101,59,80,100,30,114,182,139,125,137,151,54,197,1,117,98,157,142,58,158,175,57,193,172,39,107,55,14,13,111,52,40,2,129,15,9,28,105,69,159,38,144,146,155,73,99,106,4,192,103,35,161,102,186,133,76,112,104,31,168,34,108,51,50,198,174,16,194,29,154,60,179,27,43,127,96,171,141,11,22,64,79,177,199,166,83,86,119,81,153,7,24,150,10,185,62,120,178,46,180,191,121];False
3758;6787;10545;[74,20,188,87,130,5,42,47,132,89,115,152,18,181,68,48,63,118,44,140,124,94,75,36,145,196,113,61,45,138,65,82,187,128,134,195,33,183,162,126,143,160,91,6,77,149,189,148,173,116,123,17,84,122,12,97,0,85,19,26,176,3,136,49,170,95,167,93,66,135,53,56,21,92,147,67,32,165,169,23,163,25,70,90,41,88,164,37,156,71,8,184,190,109,72,78,131,110,101,59,80,100,30,114,182,139,125,58,158,54,197,1,117,98,157,142,137,151,175,57,193,172,39,107,55,14,13,111,52,40,2,129,15,9,28,105,69,159,38,144,146,155,73,99,106,4,192,103,35,161,102,186,133,76,112,104,31,168,34,108,51,50,198,174,16,194,29,154,60,179,27,43,127,96,171,141,11,22,64,79,177,199,166,83,86,119,81,153,7,24,150,10,185,62,120,178,46,180,191,121];False
3735;6801;10536;[53,20,188,87,130,5,42,47,132,89,115,152,18,181,68,48,63,118,44,140,124,94,75,36,145,196,113,61,45,138,65,82,187,128,134,195,33,183,162,126,143,160,91,6,77,149,189,148,173,116,123,17,84,122,12,97,0,85,19,26,176,3,136,49,170,95,167,93,66,135,168,56,21,92,147,67,32,165,169,23,163,25,70,90,41,88,164,37,156,71,8,184,190,109,72,78,131,110,101,59,80,100,30,114,182,139,125,58,158,54,197,1,117,98,157,142,137,151,175,57,193,172,39,107,55,14,13,111,52,40,2,129,15,9,28,105,69,159,38,144,146,155,73,99,106,4,192,103,35,161,102,186,133,76,112,104,31,74,34,108,51,50,198,174,16,194,29,154,60,179,27,43,127,96,171,141,11,22,64,79,177,199,166,83,86,119,81,153,7,24,150,10,185,62,120,178,46,180,191,121];False
3667;6815;10482;[168,20,188,87,130,5,42,47,132,89,115,152,76,181,68,48,63,118,44,140,124,94,75,36,145,196,113,61,45,138,65,82,187,128,134,195,33,183,162,126,143,160,91,6,77,149,189,148,173,116,123,17,84,122,12,97,0,85,19,26,176,3,136,49,170,95,167,93,66,135,53,56,21,92,147,67,32,165,169,23,163,25,70,90,41,88,164,37,156,71,8,184,190,109,72,78,131,110,101,59,80,100,30,114,182,139,125,58,158,54,197,1,117,98,157,142,137,151,175,57,193,172,39,107,55,14,13,111,52,40,2,129,15,9,28,105,69,159,38,144,146,155,73,99,106,4,192,103,35,161,102,186,133,18,112,104,31,74,34,108,51,50,198,174,16,194,29,154,60,179,27,43,127,96,171,141,11,22,64,79,177,199,166,83,86,119,81,153,7,24,150,10,185,62,120,178,46,180,191,121];False
3685;6810;10495;[168,20,188,87,130,5,42,47,132,89,115,152,18,181,68,48,63,118,44,140,124,94,75,36,145,196,167,61,45,138,65,82,187,128,134,195,33,183,162,126,143,160,91,6,77,149,189,148,173,116,123,17,84,122,12,97,0,85,19,26,176,3,136,49,170,95,113,93,66,135,53,56,21,92,147,67,32,165,169,23,163,25,70,90,41,88,164,37,156,71,8,184,190,109,72,78,131,110,101,59,80,100,30,114,182,139,125,58,158,54,197,1,117,98,157,142,137,151,175,57,193,172,39,107,55,14,13,111,52,40,2,129,15,9,28,105,69,159,38,144,146,155,73,99,106,4,192,103,35,161,102,186,133,76,112,104,31,74,34,108,51,50,198,174,16,194,29,154,60,179,27,43,127,96,171,141,11,22,64,79,177,199,166,83,86,119,81,153,7,24,150,10,185,62,120,178,46,180,191,121];False
3677;6810;10487;[168,20,188,87,130,5,42,47,132,89,115,152,18,181,68,48,63,118,44,140,124,94,75,36,145,196,113,61,45,138,65,82,187,128,134,195,33,183,162,126,143,160,91,6,77,149,189,148,173,116,123,17,84,122,12,97,0,85,19,26,176,3,136,49,170,95,129,93,66,135,53,56,21,92,147,67,32,165,169,23,163,25,70,90,41,88,164,37,156,71,8,184,190,109,72,78,131,110,101,59,80,100,30,114,182,139,125,58,158,54,197,1,117,98,157,142,137,151,175,57,193,172,39,107,55,14,13,111,52,40,2,167,15,9,28,105,69,159,38,144,146,155,73,99,106,4,192,103,35,161,102,186,133,76,112,104,31,74,34,108,51,50,198,174,16,194,29,154,60,179,27,43,127,96,171,141,11,22,64,79,177,199,166,83,86,119,81,153,7,24,150,10,185,62,120,178,46,180,191,121];False
3685;6808;10493;[168,20,188,87,130,5,42,47,132,89,115,152,18,181,68,48,63,118,44,140,124,94,75,36,145,196,113,61,45,138,65,82,187,128,134,195,33,183,162,126,143,160,91,6,77,149,189,148,173,116,123,17,84,122,12,97,0,85,19,26,176,3,136,49,170,95,167,93,66,135,53,56,21,92,147,67,32,165,169,23,163,25,164,90,41,88,70,37,156,71,8,184,190,109,72,78,131,110,101,59,80,100,30,114,182,139,125,58,158,54,197,1,117,98,157,142,137,151,175,57,193,172,39,107,55,14,13,111,52,40,2,129,15,9,28,105,69,159,38,144,146,155,73,99,106,4,192,103,35,161,102,186,133,76,112,104,31,74,34,108,51,50,198,174,16,194,29,154,60,179,27,43,127,96,171,141,11,22,64,79,177,199,166,83,86,119,81,153,7,24,150,10,185,62,120,178,46,180,191,121];False
3716;6806;10522;[168,20,188,87,130,5,42,47,132,89,115,152,18,181,68,48,63,118,44,140,124,94,75,36,145,196,113,61,45,138,65,82,187,128,134,195,33,183,162,126,143,160,91,6,77,149,189,148,173,116,123,17,84,122,12,97,0,85,19,26,176,3,136,49,170,95,167,93,66,135,53,56,21,92,147,67,32,165,169,23,163,25,70,90,41,88,164,37,156,71,8,157,190,109,72,78,131,110,101,59,80,100,30,114,182,139,125,58,158,54,197,1,117,98,184,142,137,151,175,57,193,172,39,107,55,14,13,111,52,40,2,129,15,9,28,105,69,159,38,144,146,155,73,99,106,4,192,103,35,161,102,186,133,76,112,104,31,74,34,108,51,50,198,174,16,194,29,154,60,179,27,43,127,96,171,141,11,22,64,79,177,199,166,83,86,119,81,153,7,24,150,10,185,62,120,178,46,180,191,121];False
3710;6805;10515;[168,20,188,87,130,5,42,47,132,89,115,152,18,181,68,48,63,118,44,140,124,94,75,36,145,196,113,61,45,138,65,82,187,128,134,195,33,183,162,126,143,160,91,6,77,149,189,148,173,116,123,17,84,122,12,97,0,85,19,26,176,3,136,49,170,95,167,93,66,135,53,56,21,92,147,67,32,165,169,23,163,25,70,90,41,88,164,37,156,71,8,184,190,109,72,78,131,110,101,59,80,100,30,114,182,139,125,137,158,54,197,1,117,98,157,142,58,151,175,57,193,172,39,107,55,14,13,111,52,40,2,129,15,9,28,105,69,159,38,144,146,155,73,99,106,4,192,103,35,161,102,186,133,76,112,104,31,74,34,108,51,50,198,174,16,194,29,154,60,179,27,43,127,96,171,141,11,22,64,79,177,199,166,83,86,119,81,153,7,24,150,10,185,62,120,178,46,180,191,121];False
4305;6742;11047;[50,20,188,87,130,5,42,47,26,89,75,152,18,181,68,48,63,118,44,140,124,94,196,36,145,115,113,61,45,138,65,82,187,128,134,195,33,183,162,126,143,160,91,6,77,149,189,7,173,116,123,17,84,122,2,97,0,85,19,132,176,3,136,49,170,95,167,93,66,135,168,56,21,92,147,67,32,165,169,23,163,25,70,90,41,88,164,37,156,71,8,184,190,109,72,78,131,110,101,59,80,100,30,114,182,139,125,58,151,175,197,1,117,98,157,142,137,158,54,57,193,172,39,107,55,14,13,111,52,40,12,129,15,9,28,105,69,159,38,144,146,155,73,99,106,4,192,103,35,161,102,186,133,76,112,104,31,53,34,108,51,74,198,174,16,194,29,154,60,179,27,43,127,96,171,141,11,22,64,79,177,199,166,83,86,119,81,153,148,24,150,10,185,62,120,178,46,180,191,121];False
4400;6739;11139;[74,20,188,87,130,5,179,47,26,89,75,152,18,181,68,48,63,118,44,140,124,94,196,36,145,115,113,61,45,138,65,82,187,128,134,195,33,183,162,126,143,160,91,6,77,149,189,7,173,116,123,17,84,122,2,97,0,85,19,132,176,3,136,49,170,95,167,93,66,135,168,56,21,92,147,67,32,165,169,23,163,25,70,90,41,88,164,37,156,71,8,184,190,109,72,78,131,110,101,59,80,100,30,114,182,139,125,58,151,175,197,1,117,98,157,142,137,158,54,57,193,172,39,107,55,14,13,111,52,40,12,129,15,9,28,105,69,159,38,144,146,155,73,99,106,4,192,103,35,161,102,186,133,76,112,104,31,53,34,108,51,50,198,174,16,194,29,154,60,42,27,43,127,96,171,141,11,22,64,79,177,199,166,83,86,119,81,153,148,24,150,10,185,62,120,178,46,180,191,121];False
4261;6748;11009;[74,20,188,87,130,5,42,47,26,89,75,36,18,181,68,48,63,118,44,140,124,94,196,152,145,115,113,61,45,138,65,82,187,128,134,195,33,183,162,126,143,160,91,6,77,149,189,7,173,116,123,17,84,122,2,97,0,85,19,132,176,3,136,49,170,95,167,93,66,135,168,56,21,92,147,67,32,165,169,23,163,25,70,90,41,88,164,37,156,71,8,184,190,109,72,78,131,110,101,59,80,100,30,114,182,139,125,58,151,175,197,1,117,98,157,142,137,158,54,57,193,172,39,107,55,14,13,111,52,40,12,129,15,9,28,105,69,159,38,144,146,155,73,99,106,4,192,103,35,161,102,186,133,76,112,104,31,53,34,108,51,50,198,174,16,194,29,154,60,179,27,43,127,96,171,141,11,22,64,79,177,199,166,83,86,119,81,153,148,24,150,10,185,62,120,178,46,180,191,121];False
4294;6745;11039;[74,20,188,87,130,5,42,47,26,89,75,152,76,181,68,48,63,118,44,140,124,94,196,36,145,115,113,61,45,138,65,82,187,128,134,195,33,183,162,126,143,160,91,6,77,149,189,7,173,116,123,17,84,122,2,97,0,85,19,132,176,3,136,49,170,95,167,93,66,135,168,56,21,92,147,67,32,165,169,23,163,25,70,90,41,88,164,37,156,71,8,184,190,109,72,78,131,110,101,59,80,100,30,114,182,139,125,58,151,175,197,1,117,98,157,142,137,158,54,57,193,172,39,107,55,14,13,111,52,40,12,129,15,9,28,105,69,159,38,144,146,155,73,99,106,4,192,103,35,161,102,186,133,18,112,104,31,53,34,108,51,50,198,174,16,194,29,154,60,179,27,43,127,96,171,141,11,22,64,79,177,199,166,83,86,119,81,153,148,24,150,10,185,62,120,178,46,180,191,121];False
4541;6732;11273;[74,20,188,87,130,5,42,47,26,89,75,152,18,181,68,48,34,118,44,140,124,94,196,36,145,115,113,61,45,138,65,82,187,128,134,195,33,183,162,126,143,160,91,6,77,149,189,7,173,116,123,17,84,122,2,97,0,85,19,132,176,3,136,49,170,95,167,93,66,135,168,56,21,92,147,67,32,165,169,23,163,25,70,90,41,88,164,37,156,71,8,184,190,109,72,78,131,110,101,59,80,100,30,114,182,139,125,58,151,175,197,1,117,98,157,142,137,158,54,57,193,172,39,107,55,14,13,111,52,40,12,129,15,9,28,105,69,159,38,144,146,155,73,99,106,4,192,103,35,161,102,186,133,76,112,104,31,53,63,108,51,50,198,174,16,194,29,154,60,179,27,43,127,96,171,141,11,22,64,79,177,199,166,83,86,119,81,153,148,24,150,10,185,62,120,178,46,180,191,121];False
4390;6741;11131;[74,20,188,87,130,5,42,47,26,89,75,152,18,181,68,48,63,46,44,140,124,94,196,36,145,115,113,61,45,138,65,82,187,128,134,195,33,183,162,126,143,160,91,6,77,149,189,7,173,116,123,17,84,122,2,97,0,85,19,132,176,3,136,49,170,95,167,93,66,135,168,56,21,92,147,67,32,165,169,23,163,25,70,90,41,88,164,37,156,71,8,184,190,109,72,78,131,110,101,59,80,100,30,114,182,139,125,58,151,175,197,1,117,98,157,142,137,158,54,57,193,172,39,107,55,14,13,111,52,40,12,129,15,9,28,105,69,159,38,144,146,155,73,99,106,4,192,103,35,161,102,186,133,76,112,104,31,53,34,108,51,50,198,174,16,194,29,154,60,179,27,43,127,96,171,141,11,22,64,79,177,199,166,83,86,119,81,153,148,24,150,10,185,62,120,178,118,180,191,121];False
4257;6751;11008;[74,20,188,87,130,5,42,47,26,89,75,152,18,181,68,48,63,118,44,140,124,94,196,36,145,173,113,61,45,138,65,82,187,128,134,195,33,183,162,126,143,160,91,6,77,149,189,7,115,116,123,17,84,122,2,97,0,85,19,132,176,3,136,49,170,95,167,93,66,135,168,56,21,92,147,67,32,165,169,23,163,25,70,90,41,88,164,37,156,71,8,184,190,109,72,78,131,110,101,59,80,100,30,114,182,139,125,58,151,175,197,1,117,98,157,142,137,158,54,57,193,172,39,107,55,14,13,111,52,40,12,129,15,9,28,105,69,159,38,144,146,155,73,99,106,4,192,103,35,161,102,186,133,76,112,104,31,53,34,108,51,50,198,174,16,194,29,154,60,179,27,43,127,96,171,141,11,22,64,79,177,199,166,83,86,119,81,153,148,24,150,10,185,62,120,178,46,180,191,121];False
4372;6738;11110;[74,20,188,87,130,5,42,47,26,89,75,152,18,181,68,48,63,118,44,140,124,94,196,36,145,115,98,61,45,138,65,82,187,128,134,195,33,183,162,126,143,160,91,6,77,149,189,7,173,116,123,17,84,122,2,97,0,85,19,132,176,3,136,49,170,95,167,93,66,135,168,56,21,92,147,67,32,165,169,23,163,25,70,90,41,88,164,37,156,71,8,184,190,109,72,78,131,110,101,59,80,100,30,114,182,139,125,58,151,175,197,1,117,113,157,142,137,158,54,57,193,172,39,107,55,14,13,111,52,40,12,129,15,9,28,105,69,159,38,144,146,155,73,99,106,4,192,103,35,161,102,186,133,76,112,104,31,53,34,108,51,50,198,174,16,194,29,154,60,179,27,43,127,96,171,141,11,22,64,79,177,199,166,83,86,119,81,153,148,24,150,10,185,62,120,178,46,180,191,121];False
4360;6739;11099;[74,20,188,87,130,5,42,47,26,89,75,152,18,181,68,48,63,118,44,140,124,94,196,36,145,115,113,61,184,138,65,82,187,128,134,195,33,183,162,126,143,160,91,6,77,149,189,7,173,116,123,17,84,122,2,97,0,85,19,132,176,3,136,49,170,95,167,93,66,135,168,56,21,92,147,67,32,165,169,23,163,25,70,90,41,88,164,37,156,71,8,45,190,109,72,78,131,110,101,59,80,100,30,114,182,139,125,58,151,175,197,1,117,98,157,142,137,158,54,57,193,172,39,107,55,14,13,111,52,40,12,129,15,9,28,105,69,159,38,144,146,155,73,99,106,4,192,103,35,161,102,186,133,76,112,104,31,53,34,108,51,50,198,174,16,194,29,154,60,179,27,43,127,96,171,141,11,22,64,79,177,199,166,83,86,119,81,153,148,24,150,10,185,62,120,178,46,180,191,121];False
4324;6741;11065;[74,20,188,87,130,5,42,47,26,89,75,152,18,181,68,48,63,118,44,140,124,94,196,36,145,115,113,61,45,138,65,82,187,128,134,195,33,183,162,126,143,160,91,6,77,149,12,7,173,116,123,17,84,122,2,97,0,85,19,132,176,3,136,49,170,95,167,93,66,135,168,56,21,92,147,67,32,165,169,23,163,25,70,90,41,88,164,37,156,71,8,184,190,109,72,78,131,110,101,59,80,100,30,114,182,139,125,58,151,175,197,1,117,98,157,142,137,158,54,57,193,172,39,107,55,14,13,111,52,40,189,129,15,9,28,105,69,159,38,144,146,155,73,99,106,4,192,103,35,161,102,186,133,76,112,104,31,53,34,108,51,50,198,174,16,194,29,154,60,179,27,43,127,96,171,141,11,22,64,79,177,199,166,83,86,119,81,153,148,24,150,10,185,62,120,178,46,180,191,121];False
4268;6739;11007;[74,20,188,87,130,5,42,47,26,89,75,152,18,181,68,48,63,118,44,140,124,94,196,36,145,115,113,61,45,138,65,82,187,128,134,195,33,183,162,126,143,160,91,6,77,149,189,7,103,116,123,17,84,122,2,97,0,85,19,132,176,3,136,49,170,95,167,93,66,135,168,56,21,92,147,67,32,165,169,23,163,25,70,90,41,88,164,37,156,71,8,184,190,109,72,78,131,110,101,59,80,100,30,114,182,139,125,58,151,175,197,1,117,98,157,142,137,158,54,57,193,172,39,107,55,14,13,111,52,40,12,129,15,9,28,105,69,159,38,144,146,155,73,99,106,4,192,173,35,161,102,186,133,76,112,104,31,53,34,108,51,50,198,174,16,194,29,154,60,179,27,43,127,96,171,141,11,22,64,79,177,199,166,83,86,119,81,153,148,24,150,10,185,62,120,178,46,180,191,121];False
4084;6753;10837;[50,20,188,87,130,5,42,47,26,89,75,152,18,181,68,48,63,118,44,140,124,94,196,36,145,115,113,61,45,138,65,82,187,128,134,195,33,183,162,126,143,160,91,6,77,149,189,148,173,116,123,17,84,122,12,97,0,85,19,132,176,3,136,49,170,95,167,93,66,135,168,56,21,92,147,67,32,165,169,23,163,25,70,90,41,88,164,37,156,71,8,184,190,109,72,78,131,110,101,59,80,100,30,114,182,139,125,58,151,175,197,1,117,98,157,142,137,158,54,57,193,172,39,107,55,14,13,111,52,40,2,129,15,9,28,105,69,159,38,144,146,155,73,99,106,4,192,103,35,161,102,186,133,76,112,104,31,53,34,108,51,74,198,174,16,194,29,154,60,179,27,43,127,96,171,141,11,22,64,79,177,199,166,83,86,119,81,153,7,24,150,10,185,62,120,178,46,180,191,121];False
4233;6751;10984;[74,20,188,87,41,5,42,47,26,89,75,152,18,181,68,48,63,118,44,140,124,94,196,36,145,115,113,61,45,138,65,82,187,128,134,195,33,183,162,126,143,160,91,6,77,149,189,148,173,116,123,17,84,122,12,97,0,85,19,132,176,3,136,49,170,95,167,93,66,135,168,56,21,92,147,67,32,165,169,23,163,25,70,90,130,88,164,37,156,71,8,184,190,109,72,78,131,110,101,59,80,100,30,114,182,139,125,58,151,175,197,1,117,98,157,142,137,158,54,57,193,172,39,107,55,14,13,111,52,40,2,129,15,9,28,105,69,159,38,144,146,155,73,99,106,4,192,103,35,161,102,186,133,76,112,104,31,53,34,108,51,50,198,174,16,194,29,154,60,179,27,43,127,96,171,141,11,22,64,79,177,199,166,83,86,119,81,153,7,24,150,10,185,62,120,178,46,180,191,121];False
4179;6750;10929;[74,20,188,87,130,5,179,47,26,89,75,152,18,181,68,48,63,118,44,140,124,94,196,36,145,115,113,61,45,138,65,82,187,128,134,195,33,183,162,126,143,160,91,6,77,149,189,148,173,116,123,17,84,122,12,97,0,85,19,132,176,3,136,49,170,95,167,93,66,135,168,56,21,92,147,67,32,165,169,23,163,25,70,90,41,88,164,37,156,71,8,184,190,109,72,78,131,110,101,59,80,100,30,114,182,139,125,58,151,175,197,1,117,98,157,142,137,158,54,57,193,172,39,107,55,14,13,111,52,40,2,129,15,9,28,105,69,159,38,144,146,155,73,99,106,4,192,103,35,161,102,186,133,76,112,104,31,53,34,108,51,50,198,174,16,194,29,154,60,42,27,43,127,96,171,141,11,22,64,79,177,199,166,83,86,119,81,153,7,24,150,10,185,62,120,178,46,180,191,121];False
3940;6773;10713;[74,20,188,87,130,5,42,47,132,89,75,152,18,181,68,48,63,118,44,140,124,94,196,36,145,115,113,61,45,138,65,82,187,128,134,195,33,183,162,126,143,160,91,6,77,149,189,148,173,116,123,17,84,122,12,97,0,85,19,26,176,3,136,49,170,95,167,93,66,135,168,56,21,92,147,67,32,165,169,23,163,25,70,90,41,88,164,37,156,71,8,184,190,109,72,78,131,110,101,59,80,100,30,114,182,139,125,58,151,175,197,1,117,98,157,142,137,158,54,57,193,172,39,107,55,14,13,111,52,40,2,129,15,9,28,105,69,159,38,144,146,155,73,99,106,4,192,103,35,161,102,186,133,76,112,104,31,53,34,108,51,50,198,174,16,194,29,154,60,179,27,43,127,96,171,141,11,22,64,79,177,199,166,83,86,119,81,153,7,24,150,10,185,62,120,178,46,180,191,121];False
4066;6760;10826;[74,20,188,87,130,5,42,47,26,132,75,152,18,181,68,48,63,118,44,140,124,94,196,36,145,115,113,61,45,138,65,82,187,128,134,195,33,183,162,126,143,160,91,6,77,149,189,148,173,116,123,17,84,122,12,97,0,85,19,89,176,3,136,49,170,95,167,93,66,135,168,56,21,92,147,67,32,165,169,23,163,25,70,90,41,88,164,37,156,71,8,184,190,109,72,78,131,110,101,59,80,100,30,114,182,139,125,58,151,175,197,1,117,98,157,142,137,158,54,57,193,172,39,107,55,14,13,111,52,40,2,129,15,9,28,105,69,159,38,144,146,155,73,99,106,4,192,103,35,161,102,186,133,76,112,104,31,53,34,108,51,50,198,174,16,194,29,154,60,179,27,43,127,96,171,141,11,22,64,79,177,199,166,83,86,119,81,153,7,24,150,10,185,62,120,178,46,180,191,121];False
4040;6759;10799;[74,20,188,87,130,5,42,47,26,89,75,36,18,181,68,48,63,118,44,140,124,94,196,152,145,115,113,61,45,138,65,82,187,128,134,195,33,183,162,126,143,160,91,6,77,149,189,148,173,116,123,17,84,122,12,97,0,85,19,132,176,3,136,49,170,95,167,93,66,135,168,56,21,92,147,67,32,165,169,23,163,25,70,90,41,88,164,37,156,71,8,184,190,109,72,78,131,110,101,59,80,100,30,114,182,139,125,58,151,175,197,1,117,98,157,142,137,158,54,57,193,172,39,107,55,14,13,111,52,40,2,129,15,9,28,105,69,159,38,144,146,155,73,99,106,4,192,103,35,161,102,186,133,76,112,104,31,53,34,108,51,50,198,174,16,194,29,154,60,179,27,43,127,96,171,141,11,22,64,79,177,199,166,83,86,119,81,153,7,24,150,10,185,62,120,178,46,180,191,121];False
4073;6756;10829;[74,20,188,87,130,5,42,47,26,89,75,152,76,181,68,48,63,118,44,140,124,94,196,36,145,115,113,61,45,138,65,82,187,128,134,195,33,183,162,126,143,160,91,6,77,149,189,148,173,116,123,17,84,122,12,97,0,85,19,132,176,3,136,49,170,95,167,93,66,135,168,56,21,92,147,67,32,165,169,23,163,25,70,90,41,88,164,37,156,71,8,184,190,109,72,78,131,110,101,59,80,100,30,114,182,139,125,58,151,175,197,1,117,98,157,142,137,158,54,57,193,172,39,107,55,14,13,111,52,40,2,129,15,9,28,105,69,159,38,144,146,155,73,99,106,4,192,103,35,161,102,186,133,18,112,104,31,53,34,108,51,50,198,174,16,194,29,154,60,179,27,43,127,96,171,141,11,22,64,79,177,199,166,83,86,119,81,153,7,24,150,10,185,62,120,178,46,180,191,121];False
4169;6752;10921;[74,20,188,87,130,5,42,47,26,89,75,152,18,181,68,48,63,46,44,140,124,94,196,36,145,115,113,61,45,138,65,82,187,128,134,195,33,183,162,126,143,160,91,6,77,149,189,148,173,116,123,17,84,122,12,97,0,85,19,132,176,3,136,49,170,95,167,93,66,135,168,56,21,92,147,67,32,165,169,23,163,25,70,90,41,88,164,37,156,71,8,184,190,109,72,78,131,110,101,59,80,100,30,114,182,139,125,58,151,175,197,1,117,98,157,142,137,158,54,57,193,172,39,107,55,14,13,111,52,40,2,129,15,9,28,105,69,159,38,144,146,155,73,99,106,4,192,103,35,161,102,186,133,76,112,104,31,53,34,108,51,50,198,174,16,194,29,154,60,179,27,43,127,96,171,141,11,22,64,79,177,199,166,83,86,119,81,153,7,24,150,10,185,62,120,178,118,180,191,121];False
4151;6749;10900;[74,20,188,87,130,5,42,47,26,89,75,152,18,181,68,48,63,118,44,140,124,94,196,36,145,115,98,61,45,138,65,82,187,128,134,195,33,183,162,126,143,160,91,6,77,149,189,148,173,116,123,17,84,122,12,97,0,85,19,132,176,3,136,49,170,95,167,93,66,135,168,56,21,92,147,67,32,165,169,23,163,25,70,90,41,88,164,37,156,71,8,184,190,109,72,78,131,110,101,59,80,100,30,114,182,139,125,58,151,175,197,1,117,113,157,142,137,158,54,57,193,172,39,107,55,14,13,111,52,40,2,129,15,9,28,105,69,159,38,144,146,155,73,99,106,4,192,103,35,161,102,186,133,76,112,104,31,53,34,108,51,50,198,174,16,194,29,154,60,179,27,43,127,96,171,141,11,22,64,79,177,199,166,83,86,119,81,153,7,24,150,10,185,62,120,178,46,180,191,121];False
4139;6750;10889;[74,20,188,87,130,5,42,47,26,89,75,152,18,181,68,48,63,118,44,140,124,94,196,36,145,115,113,61,184,138,65,82,187,128,134,195,33,183,162,126,143,160,91,6,77,149,189,148,173,116,123,17,84,122,12,97,0,85,19,132,176,3,136,49,170,95,167,93,66,135,168,56,21,92,147,67,32,165,169,23,163,25,70,90,41,88,164,37,156,71,8,45,190,109,72,78,131,110,101,59,80,100,30,114,182,139,125,58,151,175,197,1,117,98,157,142,137,158,54,57,193,172,39,107,55,14,13,111,52,40,2,129,15,9,28,105,69,159,38,144,146,155,73,99,106,4,192,103,35,161,102,186,133,76,112,104,31,53,34,108,51,50,198,174,16,194,29,154,60,179,27,43,127,96,171,141,11,22,64,79,177,199,166,83,86,119,81,153,7,24,150,10,185,62,120,178,46,180,191,121];False
4215;6746;10961;[74,20,188,87,130,5,42,47,26,89,75,152,18,181,68,48,63,118,44,140,124,94,196,36,145,115,113,61,45,138,65,82,187,128,22,195,33,183,162,126,143,160,91,6,77,149,189,148,173,116,123,17,84,122,12,97,0,85,19,132,176,3,136,49,170,95,167,93,66,135,168,56,21,92,147,67,32,165,169,23,163,25,70,90,41,88,164,37,156,71,8,184,190,109,72,78,131,110,101,59,80,100,30,114,182,139,125,58,151,175,197,1,117,98,157,142,137,158,54,57,193,172,39,107,55,14,13,111,52,40,2,129,15,9,28,105,69,159,38,144,146,155,73,99,106,4,192,103,35,161,102,186,133,76,112,104,31,53,34,108,51,50,198,174,16,194,29,154,60,179,27,43,127,96,171,141,11,134,64,79,177,199,166,83,86,119,81,153,7,24,150,10,185,62,120,178,46,180,191,121];False
4214;6739;10953;[74,20,188,87,130,5,42,47,26,89,75,152,18,181,68,48,63,118,44,140,124,94,196,36,145,115,113,61,45,138,65,82,187,128,134,195,33,183,162,126,143,160,91,6,77,149,189,7,173,116,123,17,84,122,12,97,0,85,19,132,176,3,136,49,170,95,167,93,66,135,168,56,21,92,147,67,32,165,169,23,163,25,70,90,41,88,164,37,156,71,8,184,190,109,72,78,131,110,101,59,80,100,30,114,182,139,125,58,151,175,197,1,117,98,157,142,137,158,54,57,193,172,39,107,55,14,13,111,52,40,2,129,15,9,28,105,69,159,38,144,146,155,73,99,106,4,192,103,35,161,102,186,133,76,112,104,31,53,34,108,51,50,198,174,16,194,29,154,60,179,27,43,127,96,171,141,11,22,64,79,177,199,166,83,86,119,81,153,148,24,150,10,185,62,120,178,46,180,191,121];False
4188;6743;10931;[74,20,188,87,130,5,42,47,26,89,75,152,18,181,68,48,63,118,44,140,124,94,196,36,145,115,113,61,45,138,65,82,187,128,134,195,33,183,162,126,143,160,91,6,77,149,189,148,24,116,123,17,84,122,12,97,0,85,19,132,176,3,136,49,170,95,167,93,66,135,168,56,21,92,147,67,32,165,169,23,163,25,70,90,41,88,164,37,156,71,8,184,190,109,72,78,131,110,101,59,80,100,30,114,182,139,125,58,151,175,197,1,117,98,157,142,137,158,54,57,193,172,39,107,55,14,13,111,52,40,2,129,15,9,28,105,69,159,38,144,146,155,73,99,106,4,192,103,35,161,102,186,133,76,112,104,31,53,34,108,51,50,198,174,16,194,29,154,60,179,27,43,127,96,171,141,11,22,64,79,177,199,166,83,86,119,81,153,7,173,150,10,185,62,120,178,46,180,191,121];False
4029;6763;10792;[74,20,188,87,130,5,42,47,26,89,75,152,18,181,68,48,63,118,44,140,124,94,196,36,145,115,113,61,45,138,65,82,187,128,134,195,33,183,162,126,143,160,91,6,77,149,189,148,173,116,123,17,84,122,12,97,0,85,19,39,176,3,136,49,170,95,167,93,66,135,168,56,21,92,147,67,32,165,169,23,163,25,70,90,41,88,164,37,156,71,8,184,190,109,72,78,131,110,101,59,80,100,30,114,182,139,125,58,151,175,197,1,117,98,157,142,137,158,54,57,193,172,132,107,55,14,13,111,52,40,2,129,15,9,28,105,69,159,38,144,146,155,73,99,106,4,192,103,35,161,102,186,133,76,112,104,31,53,34,108,51,50,198,174,16,194,29,154,60,179,27,43,127,96,171,141,11,22,64,79,177,199,166,83,86,119,81,153,7,24,150,10,185,62,120,178,46,180,191,121];False
4122;6751;10873;[74,20,188,87,130,5,42,47,26,89,75,152,18,181,68,48,63,118,44,140,124,94,196,36,145,115,113,61,45,138,65,82,187,128,134,195,33,183,162,126,143,160,91,6,77,149,189,148,173,116,123,17,84,122,12,97,0,85,19,132,176,157,136,49,170,95,167,93,66,135,168,56,21,92,147,67,32,165,169,23,163,25,70,90,41,88,164,37,156,71,8,184,190,109,72,78,131,110,101,59,80,100,30,114,182,139,125,58,151,175,197,1,117,98,3,142,137,158,54,57,193,172,39,107,55,14,13,111,52,40,2,129,15,9,28,105,69,159,38,144,146,155,73,99,106,4,192,103,35,161,102,186,133,76,112,104,31,53,34,108,51,50,198,174,16,194,29,154,60,179,27,43,127,96,171,141,11,22,64,79,177,199,166,83,86,119,81,153,7,24,150,10,185,62,120,178,46,180,191,121];False
3934;6768;10702;[74,20,188,87,130,5,42,47,26,89,75,152,18,181,68,48,63,118,44,140,124,94,196,36,145,115,113,61,45,138,65,82,187,128,134,195,33,183,162,126,143,160,91,6,77,149,189,148,173,116,123,17,84,122,12,97,0,85,19,132,176,3,136,49,170,95,57,93,66,135,168,56,21,92,147,67,32,165,169,23,163,25,70,90,41,88,164,37,156,71,8,184,190,109,72,78,131,110,101,59,80,100,30,114,182,139,125,58,151,175,197,1,117,98,157,142,137,158,54,167,193,172,39,107,55,14,13,111,52,40,2,129,15,9,28,105,69,159,38,144,146,155,73,99,106,4,192,103,35,161,102,186,133,76,112,104,31,53,34,108,51,50,198,174,16,194,29,154,60,179,27,43,127,96,171,141,11,22,64,79,177,199,166,83,86,119,81,153,7,24,150,10,185,62,120,178,46,180,191,121];False
4083;6751;10834;[74,20,188,87,130,5,42,47,26,89,75,152,18,181,68,48,63,118,44,140,124,94,196,36,145,115,113,61,45,138,65,82,187,128,134,195,33,183,162,126,143,160,91,6,77,149,189,148,173,116,123,17,84,122,12,97,0,85,19,132,176,3,136,49,170,95,129,93,66,135,168,56,21,92,147,67,32,165,169,23,163,25,70,90,41,88,164,37,156,71,8,184,190,109,72,78,131,110,101,59,80,100,30,114,182,139,125,58,151,175,197,1,117,98,157,142,137,158,54,57,193,172,39,107,55,14,13,111,52,40,2,167,15,9,28,105,69,159,38,144,146,155,73,99,106,4,192,103,35,161,102,186,133,76,112,104,31,53,34,108,51,50,198,174,16,194,29,154,60,179,27,43,127,96,171,141,11,22,64,79,177,199,166,83,86,119,81,153,7,24,150,10,185,62,120,178,46,180,191,121];False
4120;6748;10868;[74,20,188,87,130,5,42,47,26,89,75,152,18,181,68,48,63,118,44,140,124,94,196,36,145,115,113,61,45,138,65,82,187,128,134,195,33,183,162,126,143,160,91,6,77,149,189,148,173,116,123,17,84,122,12,97,0,85,19,132,176,3,136,49,170,95,167,93,66,135,53,56,21,92,147,67,32,165,169,23,163,25,70,90,41,88,164,37,156,71,8,184,190,109,72,78,131,110,101,59,80,100,30,114,182,139,125,58,151,175,197,1,117,98,157,142,137,158,54,57,193,172,39,107,55,14,13,111,52,40,2,129,15,9,28,105,69,159,38,144,146,155,73,99,106,4,192,103,35,161,102,186,133,76,112,104,31,168,34,108,51,50,198,174,16,194,29,154,60,179,27,43,127,96,171,141,11,22,64,79,177,199,166,83,86,119,81,153,7,24,150,10,185,62,120,178,46,180,191,121];False
4169;6746;10915;[74,20,188,87,130,5,42,47,26,89,75,152,18,181,68,48,63,118,44,140,124,94,196,36,145,115,113,61,45,138,65,82,187,128,134,195,33,183,162,126,143,160,91,6,77,149,189,148,173,116,123,17,84,122,12,97,0,85,19,132,176,3,136,49,170,95,167,93,66,135,168,146,21,92,147,67,32,165,169,23,163,25,70,90,41,88,164,37,156,71,8,184,190,109,72,78,131,110,101,59,80,100,30,114,182,139,125,58,151,175,197,1,117,98,157,142,137,158,54,57,193,172,39,107,55,14,13,111,52,40,2,129,15,9,28,105,69,159,38,144,56,155,73,99,106,4,192,103,35,161,102,186,133,76,112,104,31,53,34,108,51,50,198,174,16,194,29,154,60,179,27,43,127,96,171,141,11,22,64,79,177,199,166,83,86,119,81,153,7,24,150,10,185,62,120,178,46,180,191,121];False
4091;6749;10840;[74,20,188,87,130,5,42,47,26,89,75,152,18,181,68,48,63,118,44,140,124,94,196,36,145,115,113,61,45,138,65,82,187,128,134,195,33,183,162,126,143,160,91,6,77,149,189,148,173,116,123,17,84,122,12,97,0,85,19,132,176,3,136,49,170,95,167,93,66,135,168,56,21,92,147,67,32,165,169,23,163,25,164,90,41,88,70,37,156,71,8,184,190,109,72,78,131,110,101,59,80,100,30,114,182,139,125,58,151,175,197,1,117,98,157,142,137,158,54,57,193,172,39,107,55,14,13,111,52,40,2,129,15,9,28,105,69,159,38,144,146,155,73,99,106,4,192,103,35,161,102,186,133,76,112,104,31,53,34,108,51,50,198,174,16,194,29,154,60,179,27,43,127,96,171,141,11,22,64,79,177,199,166,83,86,119,81,153,7,24,150,10,185,62,120,178,46,180,191,121];False
4122;6747;10869;[74,20,188,87,130,5,42,47,26,89,75,152,18,181,68,48,63,118,44,140,124,94,196,36,145,115,113,61,45,138,65,82,187,128,134,195,33,183,162,126,143,160,91,6,77,149,189,148,173,116,123,17,84,122,12,97,0,85,19,132,176,3,136,49,170,95,167,93,66,135,168,56,21,92,147,67,32,165,169,23,163,25,70,90,41,88,164,37,156,71,8,157,190,109,72,78,131,110,101,59,80,100,30,114,182,139,125,58,151,175,197,1,117,98,184,142,137,158,54,57,193,172,39,107,55,14,13,111,52,40,2,129,15,9,28,105,69,159,38,144,146,155,73,99,106,4,192,103,35,161,102,186,133,76,112,104,31,53,34,108,51,50,198,174,16,194,29,154,60,179,27,43,127,96,171,141,11,22,64,79,177,199,166,83,86,119,81,153,7,24,150,10,185,62,120,178,46,180,191,121];False
4106;6748;10854;[74,20,188,87,130,5,42,47,26,89,75,152,18,181,68,48,63,118,44,140,124,94,196,36,145,115,113,61,45,138,65,82,187,128,134,195,33,183,162,126,143,160,91,6,77,149,189,148,173,116,123,17,84,122,12,97,0,85,19,132,176,3,136,49,170,95,167,93,66,135,168,56,21,92,147,67,32,165,169,23,163,25,70,90,41,88,164,37,156,71,8,184,190,109,72,78,131,110,101,59,80,100,30,114,182,139,125,137,151,175,197,1,117,98,157,142,58,158,54,57,193,172,39,107,55,14,13,111,52,40,2,129,15,9,28,105,69,159,38,144,146,155,73,99,106,4,192,103,35,161,102,186,133,76,112,104,31,53,34,108,51,50,198,174,16,194,29,154,60,179,27,43,127,96,171,141,11,22,64,79,177,199,166,83,86,119,81,153,7,24,150,10,185,62,120,178,46,180,191,121];False
4009;6755;10764;[74,20,188,87,130,5,42,47,26,89,75,152,18,181,68,48,63,118,44,140,124,94,196,36,145,115,113,61,45,138,65,82,187,128,134,195,33,183,162,126,143,160,91,6,77,149,189,148,173,116,123,17,84,122,12,97,0,85,19,132,176,3,136,49,170,95,167,93,66,135,168,56,21,92,147,67,32,165,169,23,163,25,70,90,41,88,164,37,156,71,8,184,190,109,72,78,131,110,101,59,80,100,30,114,182,139,125,58,151,54,197,1,117,98,157,142,137,158,175,57,193,172,39,107,55,14,13,111,52,40,2,129,15,9,28,105,69,159,38,144,146,155,73,99,106,4,192,103,35,161,102,186,133,76,112,104,31,53,34,108,51,50,198,174,16,194,29,154,60,179,27,43,127,96,171,141,11,22,64,79,177,199,166,83,86,119,81,153,7,24,150,10,185,62,120,178,46,180,191,121];False
4015;6752;10767;[74,20,188,87,130,5,42,47,26,89,75,152,18,181,68,48,63,118,44,140,124,94,196,36,145,115,113,61,45,138,65,82,187,128,134,195,33,183,162,126,143,160,91,6,77,149,189,148,173,116,123,17,84,122,12,97,0,85,19,132,176,3,136,49,170,95,167,93,66,135,168,56,21,92,147,67,32,165,169,23,163,25,70,90,41,88,164,37,156,71,8,184,190,109,72,78,131,110,101,59,80,100,30,114,182,139,125,58,151,175,57,1,117,98,157,142,137,158,54,197,193,172,39,107,55,14,13,111,52,40,2,129,15,9,28,105,69,159,38,144,146,155,73,99,106,4,192,103,35,161,102,186,133,76,112,104,31,53,34,108,51,50,198,174,16,194,29,154,60,179,27,43,127,96,171,141,11,22,64,79,177,199,166,83,86,119,81,153,7,24,150,10,185,62,120,178,46,180,191,121];False
3979;6764;10743;[50,20,188,87,130,5,42,47,26,89,115,152,18,181,68,48,63,118,44,140,124,94,196,36,145,75,113,61,45,138,65,82,187,128,134,195,33,183,162,126,143,160,91,6,77,149,189,148,173,116,123,17,84,122,12,97,0,85,19,132,176,3,136,49,170,95,167,93,66,135,168,56,21,92,147,67,32,165,169,23,163,25,70,90,41,88,164,37,156,71,8,184,190,109,72,78,131,110,101,59,80,100,30,114,182,139,125,58,151,175,57,1,117,98,157,142,137,158,54,197,193,172,39,107,55,14,13,111,52,40,2,129,15,9,28,105,69,159,38,144,146,155,73,99,106,4,192,103,35,161,102,186,133,76,112,104,31,53,34,108,51,74,198,174,16,194,29,154,60,179,27,43,127,96,171,141,11,22,64,79,177,199,166,83,86,119,81,153,7,24,150,10,185,62,120,178,46,180,191,121];False
3968;6767;10735;[74,20,188,87,130,5,42,47,26,89,115,152,76,181,68,48,63,118,44,140,124,94,196,36,145,75,113,61,45,138,65,82,187,128,134,195,33,183,162,126,143,160,91,6,77,149,189,148,173,116,123,17,84,122,12,97,0,85,19,132,176,3,136,49,170,95,167,93,66,135,168,56,21,92,147,67,32,165,169,23,163,25,70,90,41,88,164,37,156,71,8,184,190,109,72,78,131,110,101,59,80,100,30,114,182,139,125,58,151,175,57,1,117,98,157,142,137,158,54,197,193,172,39,107,55,14,13,111,52,40,2,129,15,9,28,105,69,159,38,144,146,155,73,99,106,4,192,103,35,161,102,186,133,18,112,104,31,53,34,108,51,50,198,174,16,194,29,154,60,179,27,43,127,96,171,141,11,22,64,79,177,199,166,83,86,119,81,153,7,24,150,10,185,62,120,178,46,180,191,121];False
3909;6773;10682;[74,20,188,87,130,5,42,47,26,89,115,152,18,181,68,48,63,118,44,140,124,94,75,36,145,196,113,61,45,138,65,82,187,128,134,195,33,183,162,126,143,160,91,6,77,149,189,148,173,116,123,17,84,122,12,97,0,85,19,132,176,3,136,49,170,95,167,93,66,135,168,56,21,92,147,67,32,165,169,23,163,25,70,90,41,88,164,37,156,71,8,184,190,109,72,78,131,110,101,59,80,100,30,114,182,139,125,58,151,175,57,1,117,98,157,142,137,158,54,197,193,172,39,107,55,14,13,111,52,40,2,129,15,9,28,105,69,159,38,144,146,155,73,99,106,4,192,103,35,161,102,186,133,76,112,104,31,53,34,108,51,50,198,174,16,194,29,154,60,179,27,43,127,96,171,141,11,22,64,79,177,199,166,83,86,119,81,153,7,24,150,10,185,62,120,178,46,180,191,121];False
3910;6771;10681;[74,20,188,87,130,5,42,47,26,89,115,152,18,181,68,48,63,118,44,140,124,94,196,36,145,165,113,61,45,138,65,82,187,128,134,195,33,183,162,126,143,160,91,6,77,149,189,148,173,116,123,17,84,122,12,97,0,85,19,132,176,3,136,49,170,95,167,93,66,135,168,56,21,92,147,67,32,75,169,23,163,25,70,90,41,88,164,37,156,71,8,184,190,109,72,78,131,110,101,59,80,100,30,114,182,139,125,58,151,175,57,1,117,98,157,142,137,158,54,197,193,172,39,107,55,14,13,111,52,40,2,129,15,9,28,105,69,159,38,144,146,155,73,99,106,4,192,103,35,161,102,186,133,76,112,104,31,53,34,108,51,50,198,174,16,194,29,154,60,179,27,43,127,96,171,141,11,22,64,79,177,199,166,83,86,119,81,153,7,24,150,10,185,62,120,178,46,180,191,121];False
3978;6762;10740;[74,20,188,87,130,5,42,47,26,89,115,152,18,181,68,48,63,118,44,140,124,94,196,36,145,75,113,61,45,138,65,82,187,128,134,195,33,183,162,126,143,160,91,6,77,149,189,148,173,116,123,17,84,122,12,97,0,85,19,132,176,3,136,49,170,95,129,93,66,135,168,56,21,92,147,67,32,165,169,23,163,25,70,90,41,88,164,37,156,71,8,184,190,109,72,78,131,110,101,59,80,100,30,114,182,139,125,58,151,175,57,1,117,98,157,142,137,158,54,197,193,172,39,107,55,14,13,111,52,40,2,167,15,9,28,105,69,159,38,144,146,155,73,99,106,4,192,103,35,161,102,186,133,76,112,104,31,53,34,108,51,50,198,174,16,194,29,154,60,179,27,43,127,96,171,141,11,22,64,79,177,199,166,83,86,119,81,153,7,24,150,10,185,62,120,178,46,180,191,121];False
3986;6760;10746;[74,20,188,87,130,5,42,47,26,89,115,152,18,181,68,48,63,118,44,140,124,94,196,36,145,75,113,61,45,138,65,82,187,128,134,195,33,183,162,126,143,160,91,6,77,149,189,148,173,116,123,17,84,122,12,97,0,85,19,132,176,3,136,49,170,95,167,93,66,135,168,56,21,92,147,67,32,165,169,23,163,25,164,90,41,88,70,37,156,71,8,184,190,109,72,78,131,110,101,59,80,100,30,114,182,139,125,58,151,175,57,1,117,98,157,142,137,158,54,197,193,172,39,107,55,14,13,111,52,40,2,129,15,9,28,105,69,159,38,144,146,155,73,99,106,4,192,103,35,161,102,186,133,76,112,104,31,53,34,108,51,50,198,174,16,194,29,154,60,179,27,43,127,96,171,141,11,22,64,79,177,199,166,83,86,119,81,153,7,24,150,10,185,62,120,178,46,180,191,121];False
4001;6759;10760;[74,20,188,87,130,5,42,47,26,89,115,152,18,181,68,48,63,118,44,140,124,94,196,36,145,75,113,61,45,138,65,82,187,128,134,195,33,183,162,126,143,160,91,6,77,149,189,148,173,116,123,17,84,122,12,97,0,85,19,132,176,3,136,49,170,95,167,93,66,135,168,56,21,92,147,67,32,165,169,23,163,25,70,90,41,88,164,37,156,71,8,184,190,109,72,78,131,110,101,59,80,100,30,114,182,139,125,137,151,175,57,1,117,98,157,142,58,158,54,197,193,172,39,107,55,14,13,111,52,40,2,129,15,9,28,105,69,159,38,144,146,155,73,99,106,4,192,103,35,161,102,186,133,76,112,104,31,53,34,108,51,50,198,174,16,194,29,154,60,179,27,43,127,96,171,141,11,22,64,79,177,199,166,83,86,119,81,153,7,24,150,10,185,62,120,178,46,180,191,121];False
4082;6748;10830;[74,20,188,87,130,5,42,47,26,89,115,152,18,181,68,48,63,118,44,140,124,94,196,36,145,75,113,61,45,138,65,82,187,128,134,195,33,183,162,126,143,160,91,6,77,149,189,148,173,116,123,17,84,122,12,97,0,85,19,132,176,3,136,49,170,95,167,93,66,135,168,56,21,92,147,67,32,165,169,23,163,25,70,90,41,88,164,37,156,71,8,184,190,109,72,78,131,110,101,59,80,100,30,114,182,139,125,58,151,175,57,1,117,98,157,142,137,158,54,197,193,172,39,107,55,14,13,111,52,40,2,7,15,9,28,105,69,159,38,144,146,155,73,99,106,4,192,103,35,161,102,186,133,76,112,104,31,53,34,108,51,50,198,174,16,194,29,154,60,179,27,43,127,96,171,141,11,22,64,79,177,199,166,83,86,119,81,153,129,24,150,10,185,62,120,178,46,180,191,121];False
4067;6751;10818;[74,20,188,87,130,5,42,47,26,89,115,152,18,181,68,48,63,118,44,140,124,94,196,36,145,75,113,61,45,138,65,82,187,128,134,195,33,183,162,126,143,160,91,6,77,149,189,148,173,116,123,17,84,122,12,97,0,85,19,132,176,3,136,49,170,95,167,93,66,135,168,56,21,92,147,67,32,165,169,23,163,25,70,90,41,88,164,37,156,71,8,184,190,109,72,78,131,110,101,59,80,100,30,114,182,139,125,58,151,175,57,1,117,98,157,142,137,158,54,197,193,172,39,107,55,14,13,111,52,40,2,129,24,9,28,105,69,159,38,144,146,155,73,99,106,4,192,103,35,161,102,186,133,76,112,104,31,53,34,108,51,50,198,174,16,194,29,154,60,179,27,43,127,96,171,141,11,22,64,79,177,199,166,83,86,119,81,153,7,15,150,10,185,62,120,178,46,180,191,121];False
4756;6729;11485;[73,20,188,61,130,5,42,47,26,89,75,152,18,181,68,48,63,118,44,140,124,94,196,36,145,115,98,87,45,138,65,82,187,128,134,195,33,183,162,126,143,160,91,6,77,149,189,7,173,116,123,168,84,122,2,97,0,85,19,132,176,3,136,49,170,95,167,93,66,135,53,56,21,92,147,67,32,165,169,23,163,25,70,90,41,88,164,37,156,71,8,184,190,109,72,78,131,110,101,59,80,100,30,114,182,139,125,58,151,175,197,1,117,113,157,142,137,158,54,57,193,172,39,107,55,14,13,111,52,40,12,129,15,9,28,105,69,159,38,144,146,155,17,99,106,4,192,103,35,161,102,186,133,76,112,104,31,74,34,108,51,50,198,174,16,194,29,154,60,179,27,43,127,96,171,141,11,22,64,79,177,199,166,83,86,119,81,153,148,24,150,10,185,62,120,178,46,180,191,121];False
4641;6729;11370;[73,20,188,87,130,5,179,47,26,89,75,152,18,181,68,48,63,118,44,140,124,94,196,36,145,115,98,61,45,138,65,82,187,128,134,195,33,183,162,126,143,160,91,6,77,149,189,7,173,116,123,168,84,122,2,97,0,85,19,132,176,3,136,49,170,95,167,93,66,135,53,56,21,92,147,67,32,165,169,23,163,25,70,90,41,88,164,37,156,71,8,184,190,109,72,78,131,110,101,59,80,100,30,114,182,139,125,58,151,175,197,1,117,113,157,142,137,158,54,57,193,172,39,107,55,14,13,111,52,40,12,129,15,9,28,105,69,159,38,144,146,155,17,99,106,4,192,103,35,161,102,186,133,76,112,104,31,74,34,108,51,50,198,174,16,194,29,154,60,42,27,43,127,96,171,141,11,22,64,79,177,199,166,83,86,119,81,153,148,24,150,10,185,62,120,178,46,180,191,121];False
4595;6731;11326;[73,20,188,87,130,5,42,47,26,89,75,98,18,181,68,48,63,118,44,140,124,94,196,36,145,115,152,61,45,138,65,82,187,128,134,195,33,183,162,126,143,160,91,6,77,149,189,7,173,116,123,168,84,122,2,97,0,85,19,132,176,3,136,49,170,95,167,93,66,135,53,56,21,92,147,67,32,165,169,23,163,25,70,90,41,88,164,37,156,71,8,184,190,109,72,78,131,110,101,59,80,100,30,114,182,139,125,58,151,175,197,1,117,113,157,142,137,158,54,57,193,172,39,107,55,14,13,111,52,40,12,129,15,9,28,105,69,159,38,144,146,155,17,99,106,4,192,103,35,161,102,186,133,76,112,104,31,74,34,108,51,50,198,174,16,194,29,154,60,179,27,43,127,96,171,141,11,22,64,79,177,199,166,83,86,119,81,153,148,24,150,10,185,62,120,178,46,180,191,121];False
4670;6724;11394;[73,20,188,87,130,5,42,47,26,89,75,152,18,181,68,48,63,118,44,140,124,94,196,36,145,115,95,61,45,138,65,82,187,128,134,195,33,183,162,126,143,160,91,6,77,149,189,7,173,116,123,168,84,122,2,97,0,85,19,132,176,3,136,49,170,98,167,93,66,135,53,56,21,92,147,67,32,165,169,23,163,25,70,90,41,88,164,37,156,71,8,184,190,109,72,78,131,110,101,59,80,100,30,114,182,139,125,58,151,175,197,1,117,113,157,142,137,158,54,57,193,172,39,107,55,14,13,111,52,40,12,129,15,9,28,105,69,159,38,144,146,155,17,99,106,4,192,103,35,161,102,186,133,76,112,104,31,74,34,108,51,50,198,174,16,194,29,154,60,179,27,43,127,96,171,141,11,22,64,79,177,199,166,83,86,119,81,153,148,24,150,10,185,62,120,178,46,180,191,121];False
4567;6731;11298;[73,20,188,87,130,5,42,47,26,89,75,152,18,181,68,48,63,118,44,140,124,94,196,36,145,115,120,61,45,138,65,82,187,128,134,195,33,183,162,126,143,160,91,6,77,149,189,7,173,116,123,168,84,122,2,97,0,85,19,132,176,3,136,49,170,95,167,93,66,135,53,56,21,92,147,67,32,165,169,23,163,25,70,90,41,88,164,37,156,71,8,184,190,109,72,78,131,110,101,59,80,100,30,114,182,139,125,58,151,175,197,1,117,113,157,142,137,158,54,57,193,172,39,107,55,14,13,111,52,40,12,129,15,9,28,105,69,159,38,144,146,155,17,99,106,4,192,103,35,161,102,186,133,76,112,104,31,74,34,108,51,50,198,174,16,194,29,154,60,179,27,43,127,96,171,141,11,22,64,79,177,199,166,83,86,119,81,153,148,24,150,10,185,62,98,178,46,180,191,121];False
4517;6733;11250;[73,20,188,87,130,5,42,47,26,89,75,152,18,181,68,48,63,118,44,140,124,94,196,36,145,115,98,132,45,138,65,82,187,128,134,195,33,183,162,126,143,160,91,6,77,149,189,7,173,116,123,168,84,122,2,97,0,85,19,61,176,3,136,49,170,95,167,93,66,135,53,56,21,92,147,67,32,165,169,23,163,25,70,90,41,88,164,37,156,71,8,184,190,109,72,78,131,110,101,59,80,100,30,114,182,139,125,58,151,175,197,1,117,113,157,142,137,158,54,57,193,172,39,107,55,14,13,111,52,40,12,129,15,9,28,105,69,159,38,144,146,155,17,99,106,4,192,103,35,161,102,186,133,76,112,104,31,74,34,108,51,50,198,174,16,194,29,154,60,179,27,43,127,96,171,141,11,22,64,79,177,199,166,83,86,119,81,153,148,24,150,10,185,62,120,178,46,180,191,121];False
4665;6726;11391;[73,20,188,87,130,5,42,47,26,89,75,152,18,181,68,48,63,118,44,140,124,94,196,36,145,115,113,61,184,138,65,82,187,128,22,195,33,183,162,126,143,160,91,6,77,149,189,7,173,116,123,168,84,122,2,97,0,85,19,132,176,3,136,49,170,95,167,93,66,135,53,56,21,92,147,67,32,165,169,23,163,25,70,90,41,88,164,37,156,71,8,45,190,109,72,78,131,110,101,59,80,100,30,114,182,139,125,58,151,175,197,1,117,98,157,142,137,158,54,57,193,172,39,107,55,14,13,111,52,40,12,129,15,9,28,105,69,159,38,144,146,155,17,99,106,4,192,103,35,161,102,186,133,76,112,104,31,74,34,108,51,50,198,174,16,194,29,154,60,179,27,43,127,96,171,141,11,134,64,79,177,199,166,83,86,119,81,153,148,24,150,10,185,62,120,178,46,180,191,121];False
4737;6720;11457;[73,20,188,87,130,5,42,47,26,89,75,152,18,181,68,48,63,118,44,140,124,94,196,36,145,115,113,61,45,138,65,82,187,128,22,2,33,183,162,126,143,160,91,6,77,149,189,7,173,116,123,168,84,122,195,97,0,85,19,132,176,3,136,49,170,95,167,93,66,135,53,56,21,92,147,67,32,165,169,23,163,25,70,90,41,88,164,37,156,71,8,184,190,109,72,78,131,110,101,59,80,100,30,114,182,139,125,58,151,175,197,1,117,98,157,142,137,158,54,57,193,172,39,107,55,14,13,111,52,40,12,129,15,9,28,105,69,159,38,144,146,155,17,99,106,4,192,103,35,161,102,186,133,76,112,104,31,74,34,108,51,50,198,174,16,194,29,154,60,179,27,43,127,96,171,141,11,134,64,79,177,199,166,83,86,119,81,153,148,24,150,10,185,62,120,178,46,180,191,121];False
4627;6727;11354;[73,20,188,87,130,5,42,47,26,89,75,152,18,181,68,48,63,118,44,140,124,94,196,36,145,115,113,61,45,138,65,82,187,128,22,40,33,183,162,126,143,160,91,6,77,149,189,7,173,116,123,168,84,122,2,97,0,85,19,132,176,3,136,49,170,95,167,93,66,135,53,56,21,92,147,67,32,165,169,23,163,25,70,90,41,88,164,37,156,71,8,184,190,109,72,78,131,110,101,59,80,100,30,114,182,139,125,58,151,175,197,1,117,98,157,142,137,158,54,57,193,172,39,107,55,14,13,111,52,195,12,129,15,9,28,105,69,159,38,144,146,155,17,99,106,4,192,103,35,161,102,186,133,76,112,104,31,74,34,108,51,50,198,174,16,194,29,154,60,179,27,43,127,96,171,141,11,134,64,79,177,199,166,83,86,119,81,153,148,24,150,10,185,62,120,178,46,180,191,121];False
4573;6726;11299;[73,20,188,87,130,5,42,47,26,89,75,152,18,181,68,48,63,118,44,140,124,94,196,36,145,115,113,61,45,138,65,82,187,128,22,195,33,183,162,126,143,160,91,6,77,149,189,7,103,116,123,168,84,122,2,97,0,85,19,132,176,3,136,49,170,95,167,93,66,135,53,56,21,92,147,67,32,165,169,23,163,25,70,90,41,88,164,37,156,71,8,184,190,109,72,78,131,110,101,59,80,100,30,114,182,139,125,58,151,175,197,1,117,98,157,142,137,158,54,57,193,172,39,107,55,14,13,111,52,40,12,129,15,9,28,105,69,159,38,144,146,155,17,99,106,4,192,173,35,161,102,186,133,76,112,104,31,74,34,108,51,50,198,174,16,194,29,154,60,179,27,43,127,96,171,141,11,134,64,79,177,199,166,83,86,119,81,153,148,24,150,10,185,62,120,178,46,180,191,121];False
4537;6730;11267;[73,20,188,87,130,5,179,47,26,89,75,152,18,181,68,48,63,118,44,140,124,94,196,36,145,115,113,61,45,138,65,82,187,128,134,195,33,183,162,126,143,160,91,6,77,149,189,7,103,116,123,168,84,122,2,97,0,85,19,132,176,3,136,49,170,95,167,93,66,135,53,56,21,92,147,67,32,165,169,23,163,25,70,90,41,88,164,37,156,71,8,184,190,109,72,78,131,110,101,59,80,100,30,114,182,139,125,58,151,175,197,1,117,98,157,142,137,158,54,57,193,172,39,107,55,14,13,111,52,40,12,129,15,9,28,105,69,159,38,144,146,155,17,99,106,4,192,173,35,161,102,186,133,76,112,104,31,74,34,108,51,50,198,174,16,194,29,154,60,42,27,43,127,96,171,141,11,22,64,79,177,199,166,83,86,119,81,153,148,24,150,10,185,62,120,178,46,180,191,121];False
4431;6736;11167;[73,20,188,87,130,5,42,47,26,89,75,152,76,181,68,48,63,118,44,140,124,94,196,36,145,115,113,61,45,138,65,82,187,128,134,195,33,183,162,126,143,160,91,6,77,149,189,7,103,116,123,168,84,122,2,97,0,85,19,132,176,3,136,49,170,95,167,93,66,135,53,56,21,92,147,67,32,165,169,23,163,25,70,90,41,88,164,37,156,71,8,184,190,109,72,78,131,110,101,59,80,100,30,114,182,139,125,58,151,175,197,1,117,98,157,142,137,158,54,57,193,172,39,107,55,14,13,111,52,40,12,129,15,9,28,105,69,159,38,144,146,155,17,99,106,4,192,173,35,161,102,186,133,18,112,104,31,74,34,108,51,50,198,174,16,194,29,154,60,179,27,43,127,96,171,141,11,22,64,79,177,199,166,83,86,119,81,153,148,24,150,10,185,62,120,178,46,180,191,121];False
4527;6732;11259;[73,20,188,87,130,5,42,47,26,89,75,152,18,181,68,48,63,46,44,140,124,94,196,36,145,115,113,61,45,138,65,82,187,128,134,195,33,183,162,126,143,160,91,6,77,149,189,7,103,116,123,168,84,122,2,97,0,85,19,132,176,3,136,49,170,95,167,93,66,135,53,56,21,92,147,67,32,165,169,23,163,25,70,90,41,88,164,37,156,71,8,184,190,109,72,78,131,110,101,59,80,100,30,114,182,139,125,58,151,175,197,1,117,98,157,142,137,158,54,57,193,172,39,107,55,14,13,111,52,40,12,129,15,9,28,105,69,159,38,144,146,155,17,99,106,4,192,173,35,161,102,186,133,76,112,104,31,74,34,108,51,50,198,174,16,194,29,154,60,179,27,43,127,96,171,141,11,22,64,79,177,199,166,83,86,119,81,153,148,24,150,10,185,62,120,178,118,180,191,121];False
4509;6729;11238;[73,20,188,87,130,5,42,47,26,89,75,152,18,181,68,48,63,118,44,140,124,94,196,36,145,115,98,61,45,138,65,82,187,128,134,195,33,183,162,126,143,160,91,6,77,149,189,7,103,116,123,168,84,122,2,97,0,85,19,132,176,3,136,49,170,95,167,93,66,135,53,56,21,92,147,67,32,165,169,23,163,25,70,90,41,88,164,37,156,71,8,184,190,109,72,78,131,110,101,59,80,100,30,114,182,139,125,58,151,175,197,1,117,113,157,142,137,158,54,57,193,172,39,107,55,14,13,111,52,40,12,129,15,9,28,105,69,159,38,144,146,155,17,99,106,4,192,173,35,161,102,186,133,76,112,104,31,74,34,108,51,50,198,174,16,194,29,154,60,179,27,43,127,96,171,141,11,22,64,79,177,199,166,83,86,119,81,153,148,24,150,10,185,62,120,178,46,180,191,121];False
4497;6730;11227;[73,20,188,87,130,5,42,47,26,89,75,152,18,181,68,48,63,118,44,140,124,94,196,36,145,115,113,61,184,138,65,82,187,128,134,195,33,183,162,126,143,160,91,6,77,149,189,7,103,116,123,168,84,122,2,97,0,85,19,132,176,3,136,49,170,95,167,93,66,135,53,56,21,92,147,67,32,165,169,23,163,25,70,90,41,88,164,37,156,71,8,45,190,109,72,78,131,110,101,59,80,100,30,114,182,139,125,58,151,175,197,1,117,98,157,142,137,158,54,57,193,172,39,107,55,14,13,111,52,40,12,129,15,9,28,105,69,159,38,144,146,155,17,99,106,4,192,173,35,161,102,186,133,76,112,104,31,74,34,108,51,50,198,174,16,194,29,154,60,179,27,43,127,96,171,141,11,22,64,79,177,199,166,83,86,119,81,153,148,24,150,10,185,62,120,178,46,180,191,121];False
4471;6733;11204;[73,20,188,87,130,5,42,47,26,89,75,152,18,181,68,48,63,118,44,140,124,94,196,36,145,115,113,61,45,138,65,82,187,76,134,195,33,183,162,126,143,160,91,6,77,149,189,7,103,116,123,168,84,122,2,97,0,85,19,132,176,3,136,49,170,95,167,93,66,135,53,56,21,92,147,67,32,165,169,23,163,25,70,90,41,88,164,37,156,71,8,184,190,109,72,78,131,110,101,59,80,100,30,114,182,139,125,58,151,175,197,1,117,98,157,142,137,158,54,57,193,172,39,107,55,14,13,111,52,40,12,129,15,9,28,105,69,159,38,144,146,155,17,99,106,4,192,173,35,161,102,186,133,128,112,104,31,74,34,108,51,50,198,174,16,194,29,154,60,179,27,43,127,96,171,141,11,22,64,79,177,199,166,83,86,119,81,153,148,24,150,10,185,62,120,178,46,180,191,121];False
4461;6732;11193;[73,20,188,87,130,5,42,47,26,89,75,152,18,181,68,48,63,118,44,140,124,94,196,36,145,115,113,61,45,138,65,82,187,128,134,195,33,183,162,126,143,160,91,6,77,149,12,7,103,116,123,168,84,122,2,97,0,85,19,132,176,3,136,49,170,95,167,93,66,135,53,56,21,92,147,67,32,165,169,23,163,25,70,90,41,88,164,37,156,71,8,184,190,109,72,78,131,110,101,59,80,100,30,114,182,139,125,58,151,175,197,1,117,98,157,142,137,158,54,57,193,172,39,107,55,14,13,111,52,40,189,129,15,9,28,105,69,159,38,144,146,155,17,99,106,4,192,173,35,161,102,186,133,76,112,104,31,74,34,108,51,50,198,174,16,194,29,154,60,179,27,43,127,96,171,141,11,22,64,79,177,199,166,83,86,119,81,153,148,24,150,10,185,62,120,178,46,180,191,121];False
4434;6731;11165;[73,20,188,87,130,5,42,47,26,89,75,152,18,181,68,48,63,118,44,140,124,94,196,36,145,115,113,61,45,138,65,82,187,128,134,195,33,183,162,126,143,160,91,6,77,149,189,7,103,116,17,168,84,122,2,97,0,85,19,132,176,3,136,49,170,95,167,93,66,135,53,56,21,92,147,67,32,165,169,23,163,25,70,90,41,88,164,37,156,71,8,184,190,109,72,78,131,110,101,59,80,100,30,114,182,139,125,58,151,175,197,1,117,98,157,142,137,158,54,57,193,172,39,107,55,14,13,111,52,40,12,129,15,9,28,105,69,159,38,144,146,155,123,99,106,4,192,173,35,161,102,186,133,76,112,104,31,74,34,108,51,50,198,174,16,194,29,154,60,179,27,43,127,96,171,141,11,22,64,79,177,199,166,83,86,119,81,153,148,24,150,10,185,62,120,178,46,180,191,121];False
4895;6716;11611;[198,174,118,10,130,5,42,47,26,145,115,152,186,148,15,48,106,20,44,140,124,168,34,136,125,6,113,61,45,138,123,82,187,128,134,195,33,94,190,126,143,160,91,75,77,149,189,7,173,116,65,4,84,122,2,97,0,85,18,132,176,3,196,49,170,95,167,93,66,135,51,50,21,92,147,67,32,165,169,23,163,25,70,90,41,88,146,37,156,71,8,184,162,109,72,78,131,110,101,59,80,100,30,114,182,139,36,58,151,175,197,1,117,98,157,142,137,158,54,120,193,172,39,107,55,14,13,111,52,40,87,181,68,9,28,105,69,159,38,144,56,63,73,99,155,178,192,103,35,161,102,12,133,76,112,104,31,183,164,108,188,74,53,17,16,194,29,154,60,179,27,43,127,96,171,141,11,22,64,79,177,199,166,83,86,119,81,153,129,24,150,19,185,62,57,89,46,180,191,121];False
4876;6719;11595;[198,174,190,10,130,5,42,47,26,125,115,152,186,148,15,48,106,20,44,140,124,168,34,136,145,6,113,61,45,138,123,82,187,128,134,195,33,94,118,126,143,160,91,75,77,149,189,7,173,116,65,4,84,122,2,97,0,85,18,132,176,3,196,49,170,95,167,93,66,135,51,50,21,92,147,67,32,165,169,23,163,25,70,90,41,88,146,37,156,71,8,184,162,109,72,78,131,110,101,59,80,100,30,114,182,139,36,58,151,175,197,1,117,98,157,142,137,158,54,120,193,172,39,107,55,14,13,111,52,40,87,181,68,9,28,105,69,159,38,144,56,63,73,99,155,178,192,103,35,161,102,12,133,76,112,104,31,183,164,108,188,74,53,17,16,194,29,154,60,179,27,43,127,96,171,141,11,22,64,79,177,199,166,83,86,119,81,153,129,24,150,19,185,62,57,89,46,180,191,121];False
4858;6708;11566;[198,174,190,10,130,5,42,47,26,145,115,152,186,148,139,48,106,20,44,140,124,168,34,136,125,6,113,61,45,138,123,82,187,128,134,195,33,94,118,126,143,160,91,75,77,149,189,7,173,116,65,4,84,122,2,97,0,85,18,132,176,3,196,49,170,95,167,93,66,135,51,50,21,92,147,67,32,165,169,23,163,25,70,90,41,88,146,37,156,71,8,184,162,109,72,78,131,110,101,59,80,100,30,114,182,15,36,58,151,175,197,1,117,98,157,142,137,158,54,120,193,172,39,107,55,14,13,111,52,40,87,181,68,9,28,105,69,159,38,144,56,63,73,99,155,178,192,103,35,161,102,12,133,76,112,104,31,183,164,108,188,74,53,17,16,194,29,154,60,179,27,43,127,96,171,141,11,22,64,79,177,199,166,83,86,119,81,153,129,24,150,19,185,62,57,89,46,180,191,121];False
5197;6690;11887;[198,29,90,41,187,60,179,47,26,145,115,152,186,129,139,123,106,20,56,140,124,168,164,190,174,196,113,61,45,138,51,82,172,128,134,195,33,94,118,126,143,160,91,75,77,149,189,7,173,116,65,4,84,122,2,97,0,85,18,132,176,3,136,49,170,95,167,93,66,135,48,50,21,92,147,67,32,165,169,23,163,25,70,125,6,88,44,37,156,71,8,184,162,109,72,78,131,110,101,59,80,100,30,114,182,15,36,58,151,175,197,1,117,98,157,142,137,158,54,57,193,154,39,107,55,14,13,111,52,40,87,181,68,9,28,105,69,159,38,144,146,63,73,99,155,178,192,103,35,161,102,12,133,76,112,104,31,183,34,108,188,74,53,17,16,194,19,130,5,42,27,43,127,96,171,141,11,22,64,79,177,199,148,83,86,119,81,153,166,24,150,10,185,62,120,89,46,180,191,121];False
5154;6696;11850;[198,29,90,41,187,60,42,47,26,145,115,152,186,129,139,123,106,194,56,140,124,168,164,190,174,196,113,61,45,138,51,82,172,128,134,195,33,94,118,126,143,160,91,75,77,149,189,7,173,116,65,4,84,122,2,97,0,85,18,132,176,3,136,49,170,95,167,93,66,135,48,50,21,92,147,67,32,165,169,23,163,25,70,125,6,88,44,37,156,71,8,184,162,109,72,78,131,110,101,59,80,100,30,114,182,15,36,58,151,175,197,1,117,98,157,142,137,158,54,57,193,154,39,107,55,14,13,111,52,40,87,181,68,9,28,105,69,159,38,144,146,63,73,99,155,178,192,103,35,161,102,12,133,76,112,104,31,183,34,108,188,74,53,17,16,20,19,130,5,179,27,43,127,96,171,141,11,22,64,79,177,199,148,83,86,119,81,153,166,24,150,10,185,62,120,89,46,180,191,121];False
5039;6703;11742;[198,29,90,41,187,60,42,47,26,145,115,152,186,129,139,123,106,20,146,140,124,168,164,190,174,196,113,61,45,138,51,82,172,128,134,195,33,94,118,126,143,160,91,75,77,149,189,7,173,116,65,4,84,122,2,97,0,85,18,132,176,3,136,49,170,95,167,93,66,135,48,50,21,92,147,67,32,165,169,23,163,25,70,125,6,88,44,37,156,71,8,184,162,109,72,78,131,110,101,59,80,100,30,114,182,15,36,58,151,175,197,1,117,98,157,142,137,158,54,57,193,154,39,107,55,14,13,111,52,40,87,181,68,9,28,105,69,159,38,144,56,63,73,99,155,178,192,103,35,161,102,12,133,76,112,104,31,183,34,108,188,74,53,17,16,194,19,130,5,179,27,43,127,96,171,141,11,22,64,79,177,199,148,83,86,119,81,153,166,24,150,10,185,62,120,89,46,180,191,121];False
5237;6689;11926;[198,29,90,41,187,60,42,47,26,145,115,152,186,129,139,123,106,20,56,140,124,168,34,190,174,196,113,61,45,138,51,82,172,128,134,195,33,94,118,126,143,160,91,75,77,149,189,7,173,116,65,4,84,122,2,97,0,85,18,132,176,3,136,49,170,95,167,93,66,135,48,50,21,92,147,67,32,165,169,23,163,25,70,125,6,88,44,37,156,71,8,184,162,109,72,78,131,110,101,59,80,100,30,114,182,15,36,58,151,175,197,1,117,98,157,142,137,158,54,57,193,154,39,107,55,14,13,111,52,40,87,181,68,9,28,105,69,159,38,144,146,63,73,99,155,178,192,103,35,161,102,12,133,76,112,104,31,183,164,108,188,74,53,17,16,194,19,130,5,179,27,43,127,96,171,141,11,22,64,79,177,199,148,83,86,119,81,153,166,24,150,10,185,62,120,89,46,180,191,121];False
5119;6697;11816;[198,29,90,41,187,60,42,47,26,145,115,152,186,129,139,123,106,20,56,140,124,168,164,190,174,196,167,61,45,138,51,82,172,128,134,195,33,94,118,126,143,160,91,75,77,149,189,7,173,116,65,4,84,122,2,97,0,85,18,132,176,3,136,49,170,95,113,93,66,135,48,50,21,92,147,67,32,165,169,23,163,25,70,125,6,88,44,37,156,71,8,184,162,109,72,78,131,110,101,59,80,100,30,114,182,15,36,58,151,175,197,1,117,98,157,142,137,158,54,57,193,154,39,107,55,14,13,111,52,40,87,181,68,9,28,105,69,159,38,144,146,63,73,99,155,178,192,103,35,161,102,12,133,76,112,104,31,183,34,108,188,74,53,17,16,194,19,130,5,179,27,43,127,96,171,141,11,22,64,79,177,199,148,83,86,119,81,153,166,24,150,10,185,62,120,89,46,180,191,121];False
5150;6694;11844;[198,29,90,41,187,60,42,47,26,145,115,152,186,129,139,123,106,20,56,140,124,168,164,190,174,196,113,61,45,135,51,82,172,128,134,195,33,94,118,126,143,160,91,75,77,149,189,7,173,116,65,4,84,122,2,97,0,85,18,132,176,3,136,49,170,95,167,93,66,138,48,50,21,92,147,67,32,165,169,23,163,25,70,125,6,88,44,37,156,71,8,184,162,109,72,78,131,110,101,59,80,100,30,114,182,15,36,58,151,175,197,1,117,98,157,142,137,158,54,57,193,154,39,107,55,14,13,111,52,40,87,181,68,9,28,105,69,159,38,144,146,63,73,99,155,178,192,103,35,161,102,12,133,76,112,104,31,183,34,108,188,74,53,17,16,194,19,130,5,179,27,43,127,96,171,141,11,22,64,79,177,199,148,83,86,119,81,153,166,24,150,10,185,62,120,89,46,180,191,121];False
5080;6697;11777;[198,29,90,41,187,60,42,47,26,145,115,152,186,129,139,123,106,20,56,140,124,168,164,190,174,196,113,61,45,138,65,82,172,128,134,195,33,94,118,126,143,160,91,75,77,149,189,7,173,116,51,4,84,122,2,97,0,85,18,132,176,3,136,49,170,95,167,93,66,135,48,50,21,92,147,67,32,165,169,23,163,25,70,125,6,88,44,37,156,71,8,184,162,109,72,78,131,110,101,59,80,100,30,114,182,15,36,58,151,175,197,1,117,98,157,142,137,158,54,57,193,154,39,107,55,14,13,111,52,40,87,181,68,9,28,105,69,159,38,144,146,63,73,99,155,178,192,103,35,161,102,12,133,76,112,104,31,183,34,108,188,74,53,17,16,194,19,130,5,179,27,43,127,96,171,141,11,22,64,79,177,199,148,83,86,119,81,153,166,24,150,10,185,62,120,89,46,180,191,121];False
5163;6692;11855;[198,29,90,41,172,60,179,47,26,145,115,152,186,129,139,123,106,20,56,140,124,168,164,190,174,196,113,61,45,135,51,82,187,128,134,195,33,94,118,126,143,160,91,75,77,149,189,7,173,116,65,4,84,122,2,97,0,85,18,132,176,3,136,49,170,95,167,93,66,138,48,50,21,92,147,67,32,165,169,23,163,25,70,125,6,88,44,37,156,71,8,184,162,109,72,78,131,110,101,59,80,100,30,114,182,15,36,58,151,175,197,1,117,98,157,142,137,158,54,57,193,154,39,107,55,14,13,111,52,40,87,181,68,9,28,105,69,159,38,144,146,63,73,99,155,178,192,103,35,161,102,12,133,76,112,104,31,183,34,108,188,74,53,17,16,194,19,130,5,42,27,43,127,96,171,141,11,22,64,79,177,199,148,83,86,119,81,153,166,24,150,10,185,62,120,89,46,180,191,121];False
5048;6699;11747;[198,29,90,41,172,60,42,47,26,145,115,152,186,129,139,123,106,20,56,140,124,168,164,190,174,196,113,61,45,44,51,82,187,128,134,195,33,94,118,126,143,160,91,75,77,149,189,7,173,116,65,4,84,122,2,97,0,85,18,132,176,3,136,49,170,95,167,93,66,138,48,50,21,92,147,67,32,165,169,23,163,25,70,125,6,88,135,37,156,71,8,184,162,109,72,78,131,110,101,59,80,100,30,114,182,15,36,58,151,175,197,1,117,98,157,142,137,158,54,57,193,154,39,107,55,14,13,111,52,40,87,181,68,9,28,105,69,159,38,144,146,63,73,99,155,178,192,103,35,161,102,12,133,76,112,104,31,183,34,108,188,74,53,17,16,194,19,130,5,179,27,43,127,96,171,141,11,22,64,79,177,199,148,83,86,119,81,153,166,24,150,10,185,62,120,89,46,180,191,121];False
5093;6695;11788;[198,29,90,41,172,60,179,47,26,145,115,152,186,129,139,123,106,20,56,140,124,168,164,190,174,196,113,61,45,138,65,82,187,128,134,195,33,94,118,126,143,160,91,75,77,149,189,7,173,116,51,4,84,122,2,97,0,85,18,132,176,3,136,49,170,95,167,93,66,135,48,50,21,92,147,67,32,165,169,23,163,25,70,125,6,88,44,37,156,71,8,184,162,109,72,78,131,110,101,59,80,100,30,114,182,15,36,58,151,175,197,1,117,98,157,142,137,158,54,57,193,154,39,107,55,14,13,111,52,40,87,181,68,9,28,105,69,159,38,144,146,63,73,99,155,178,192,103,35,161,102,12,133,76,112,104,31,183,34,108,188,74,53,17,16,194,19,130,5,42,27,43,127,96,171,141,11,22,64,79,177,199,148,83,86,119,81,153,166,24,150,10,185,62,120,89,46,180,191,121];False
4995;6707;11702;[198,29,90,41,172,60,42,47,26,145,115,152,186,129,139,123,106,20,56,37,124,168,164,190,174,196,113,61,45,138,65,82,187,128,134,195,33,94,118,126,143,160,91,75,77,149,189,7,173,116,51,4,84,122,2,97,0,85,18,132,176,3,136,49,170,95,167,93,66,135,48,50,21,92,147,67,32,165,169,23,163,25,70,125,6,88,44,140,156,71,8,184,162,109,72,78,131,110,101,59,80,100,30,114,182,15,36,58,151,175,197,1,117,98,157,142,137,158,54,57,193,154,39,107,55,14,13,111,52,40,87,181,68,9,28,105,69,159,38,144,146,63,73,99,155,178,192,103,35,161,102,12,133,76,112,104,31,183,34,108,188,74,53,17,16,194,19,130,5,179,27,43,127,96,171,141,11,22,64,79,177,199,148,83,86,119,81,153,166,24,150,10,185,62,120,89,46,180,191,121];False
4984;6707;11691;[198,29,90,41,172,60,42,47,26,145,115,152,186,129,139,123,106,20,56,63,124,168,164,190,174,196,113,61,45,138,65,82,187,128,134,195,33,94,118,126,143,160,91,75,77,149,189,7,173,116,51,4,84,122,2,97,0,85,18,132,176,3,136,49,170,95,167,93,66,135,48,50,21,92,147,67,32,165,169,23,163,25,70,125,6,88,44,37,156,71,8,184,162,109,72,78,131,110,101,59,80,100,30,114,182,15,36,58,151,175,197,1,117,98,157,142,137,158,54,57,193,154,39,107,55,14,13,111,52,40,87,181,68,9,28,105,69,159,38,144,146,140,73,99,155,178,192,103,35,161,102,12,133,76,112,104,31,183,34,108,188,74,53,17,16,194,19,130,5,179,27,43,127,96,171,141,11,22,64,79,177,199,148,83,86,119,81,153,166,24,150,10,185,62,120,89,46,180,191,121];False
5133;6694;11827;[198,29,90,41,172,60,42,47,26,145,115,152,186,129,139,123,106,20,56,140,124,168,34,190,174,196,113,61,45,138,65,82,187,128,134,195,33,94,118,126,143,160,91,75,77,149,189,7,173,116,51,4,84,122,2,97,0,85,18,132,176,3,136,49,170,95,167,93,66,135,48,50,21,92,147,67,32,165,169,23,163,25,70,125,6,88,44,37,156,71,8,184,162,109,72,78,131,110,101,59,80,100,30,114,182,15,36,58,151,175,197,1,117,98,157,142,137,158,54,57,193,154,39,107,55,14,13,111,52,40,87,181,68,9,28,105,69,159,38,144,146,63,73,99,155,178,192,103,35,161,102,12,133,76,112,104,31,183,164,108,188,74,53,17,16,194,19,130,5,179,27,43,127,96,171,141,11,22,64,79,177,199,148,83,86,119,81,153,166,24,150,10,185,62,120,89,46,180,191,121];False
5015;6702;11717;[198,29,90,41,172,60,42,47,26,145,115,152,186,129,139,123,106,20,56,140,124,168,164,190,174,196,167,61,45,138,65,82,187,128,134,195,33,94,118,126,143,160,91,75,77,149,189,7,173,116,51,4,84,122,2,97,0,85,18,132,176,3,136,49,170,95,113,93,66,135,48,50,21,92,147,67,32,165,169,23,163,25,70,125,6,88,44,37,156,71,8,184,162,109,72,78,131,110,101,59,80,100,30,114,182,15,36,58,151,175,197,1,117,98,157,142,137,158,54,57,193,154,39,107,55,14,13,111,52,40,87,181,68,9,28,105,69,159,38,144,146,63,73,99,155,178,192,103,35,161,102,12,133,76,112,104,31,183,34,108,188,74,53,17,16,194,19,130,5,179,27,43,127,96,171,141,11,22,64,79,177,199,148,83,86,119,81,153,166,24,150,10,185,62,120,89,46,180,191,121];False
4977;6703;11680;[198,29,90,41,172,60,42,47,26,145,115,152,186,129,139,123,106,20,56,140,124,168,164,190,174,196,113,61,45,138,65,82,187,128,134,195,33,94,118,126,143,160,154,75,77,149,189,7,173,116,51,4,84,122,2,97,0,85,18,132,176,3,136,49,170,95,167,93,66,135,48,50,21,92,147,67,32,165,169,23,163,25,70,125,6,88,44,37,156,71,8,184,162,109,72,78,131,110,101,59,80,100,30,114,182,15,36,58,151,175,197,1,117,98,157,142,137,158,54,57,193,91,39,107,55,14,13,111,52,40,87,181,68,9,28,105,69,159,38,144,146,63,73,99,155,178,192,103,35,161,102,12,133,76,112,104,31,183,34,108,188,74,53,17,16,194,19,130,5,179,27,43,127,96,171,141,11,22,64,79,177,199,148,83,86,119,81,153,166,24,150,10,185,62,120,89,46,180,191,121];False
5405;6686;12091;[198,29,147,78,130,5,54,120,26,145,115,152,186,129,139,123,106,194,56,140,124,168,34,190,174,196,113,61,45,138,51,82,187,128,134,195,33,94,118,126,143,160,91,75,77,149,189,7,173,116,65,4,84,122,2,97,0,85,18,132,176,3,136,49,170,95,167,93,66,135,48,50,21,92,90,67,32,165,169,23,163,25,70,125,6,88,44,37,156,71,8,184,162,109,72,41,131,110,101,59,80,100,30,114,182,15,36,58,151,175,197,1,117,98,157,142,137,158,42,57,193,172,39,107,55,14,13,111,52,40,87,181,68,9,28,105,69,159,38,144,146,63,73,99,155,178,192,103,35,161,102,12,133,76,112,104,31,183,164,108,188,74,53,17,16,20,19,154,60,179,27,43,127,96,171,141,11,22,64,79,177,199,148,83,86,119,81,153,166,24,150,10,185,62,47,89,46,180,191,121];False
5498;6675;12173;[198,29,125,78,130,5,54,120,26,145,115,152,186,129,139,123,106,194,56,140,124,168,34,118,174,196,113,61,45,138,51,82,187,128,134,195,33,94,190,126,143,160,91,75,77,149,189,7,173,116,65,4,84,122,2,97,0,85,18,132,176,3,136,49,170,95,167,93,66,135,48,50,21,92,90,67,32,165,169,23,163,25,70,147,6,88,44,37,156,71,8,184,162,109,72,41,131,110,101,59,80,100,30,114,182,15,36,58,151,175,197,1,117,98,157,142,137,158,42,57,193,172,39,107,55,14,13,111,52,40,87,181,68,9,28,105,69,159,38,144,146,63,73,99,155,178,192,103,35,161,102,12,133,76,112,104,31,183,164,108,188,74,53,17,16,20,19,154,60,179,27,43,127,96,171,141,11,22,64,79,177,199,148,83,86,119,81,153,166,24,150,10,185,62,47,89,46,180,191,121];False
5331;6687;12018;[198,29,125,78,130,5,54,120,26,145,115,152,186,129,139,123,106,194,56,140,124,168,34,108,174,196,113,61,45,138,51,82,187,128,134,195,33,94,118,126,143,160,91,75,77,149,189,7,173,116,65,4,84,122,2,97,0,85,18,132,176,3,136,49,170,95,167,93,66,135,48,50,21,92,90,67,32,165,169,23,163,25,70,147,6,88,44,37,156,71,8,184,162,109,72,41,131,110,101,59,80,100,30,114,182,15,36,58,151,175,197,1,117,98,157,142,137,158,42,57,193,172,39,107,55,14,13,111,52,40,87,181,68,9,28,105,69,159,38,144,146,63,73,99,155,178,192,103,35,161,102,12,133,76,112,104,31,183,164,190,188,74,53,17,16,20,19,154,60,179,27,43,127,96,171,141,11,22,64,79,177,199,148,83,86,119,81,153,166,24,150,10,185,62,47,89,46,180,191,121];False
5413;6684;12097;[198,19,125,78,130,5,54,120,26,145,115,152,186,129,139,123,106,20,56,140,124,168,34,118,174,196,113,61,45,138,51,82,187,128,134,195,33,94,190,126,143,160,91,75,77,149,189,7,173,116,65,4,84,122,2,97,0,85,18,132,176,3,136,49,170,95,167,93,66,135,48,50,21,92,90,67,32,165,169,23,163,25,70,147,6,88,44,37,156,71,8,184,162,109,72,41,131,110,101,59,80,100,30,114,182,15,36,58,151,175,197,1,117,98,157,142,137,158,42,57,193,172,39,107,55,14,13,111,52,40,87,181,68,9,28,105,69,159,38,144,146,63,73,99,155,178,192,103,35,161,102,12,133,76,112,104,31,183,164,108,188,74,53,17,16,194,29,154,60,179,27,43,127,96,171,141,11,22,64,79,177,199,148,83,86,119,81,153,166,24,150,10,185,62,47,89,46,180,191,121];False
5458;6677;12135;[198,29,147,78,130,5,54,120,26,145,115,152,186,129,139,123,106,20,56,140,124,168,34,118,174,196,113,61,45,138,51,82,187,128,134,195,33,94,190,126,143,160,91,75,77,149,189,7,173,116,65,4,84,122,2,97,0,85,18,132,176,3,136,49,170,95,167,93,66,135,48,50,21,92,90,67,32,165,169,23,163,25,70,125,6,88,44,37,156,71,8,184,162,109,72,41,131,110,101,59,80,100,30,114,182,15,36,58,151,175,197,1,117,98,157,142,137,158,42,57,193,172,39,107,55,14,13,111,52,40,87,181,68,9,28,105,69,159,38,144,146,63,73,99,155,178,192,103,35,161,102,12,133,76,112,104,31,183,164,108,188,74,53,17,16,194,19,154,60,179,27,43,127,96,171,141,11,22,64,79,177,199,148,83,86,119,81,153,166,24,150,10,185,62,47,89,46,180,191,121];False
5402;6683;12085;[198,29,125,41,130,5,54,120,26,145,115,152,186,129,139,123,106,20,56,140,124,168,34,118,174,196,113,61,45,138,51,82,187,128,134,195,33,94,190,126,143,160,91,75,77,149,189,7,173,116,65,4,84,122,2,97,0,85,18,132,176,3,136,49,170,95,167,93,66,135,48,50,21,92,90,67,32,165,169,23,163,25,70,147,6,88,44,37,156,71,8,184,162,109,72,78,131,110,101,59,80,100,30,114,182,15,36,58,151,175,197,1,117,98,157,142,137,158,42,57,193,172,39,107,55,14,13,111,52,40,87,181,68,9,28,105,69,159,38,144,146,63,73,99,155,178,192,103,35,161,102,12,133,76,112,104,31,183,164,108,188,74,53,17,16,194,19,154,60,179,27,43,127,96,171,141,11,22,64,79,177,199,148,83,86,119,81,153,166,24,150,10,185,62,47,89,46,180,191,121];False
5399;6686;12085;[198,29,125,78,130,5,42,120,26,145,115,152,186,129,139,123,106,20,56,140,124,168,34,118,174,196,113,61,45,138,51,82,187,128,134,195,33,94,190,126,143,160,91,75,77,149,189,7,173,116,65,4,84,122,2,97,0,85,18,132,176,3,136,49,170,95,167,93,66,135,48,50,21,92,90,67,32,165,169,23,163,25,70,147,6,88,44,37,156,71,8,184,162,109,72,41,131,110,101,59,80,100,30,114,182,15,36,58,151,175,197,1,117,98,157,142,137,158,54,57,193,172,39,107,55,14,13,111,52,40,87,181,68,9,28,105,69,159,38,144,146,63,73,99,155,178,192,103,35,161,102,12,133,76,112,104,31,183,164,108,188,74,53,17,16,194,19,154,60,179,27,43,127,96,171,141,11,22,64,79,177,199,148,83,86,119,81,153,166,24,150,10,185,62,47,89,46,180,191,121];False
5663;6673;12336;[198,29,125,78,130,5,54,120,26,145,115,77,186,129,139,123,106,20,56,140,124,168,34,118,174,196,113,61,45,138,51,82,187,128,134,195,33,94,190,126,143,160,91,75,152,149,189,7,173,116,65,4,84,122,2,97,0,85,18,132,176,3,136,49,170,95,167,93,66,135,48,50,21,92,90,67,32,165,169,23,163,25,70,147,6,88,44,37,156,71,8,184,162,109,72,41,131,110,101,59,80,100,30,114,182,15,36,58,151,175,197,1,117,98,157,142,137,158,42,57,193,172,39,107,55,14,13,111,52,40,87,181,68,9,28,105,69,159,38,144,146,63,73,99,155,178,192,103,35,161,102,12,133,76,112,104,31,183,164,108,188,74,53,17,16,194,19,154,60,179,27,43,127,96,171,141,11,22,64,79,177,199,148,83,86,119,81,153,166,24,150,10,185,62,47,89,46,180,191,121];False
5378;6686;12064;[198,29,125,78,130,5,54,120,26,145,115,152,186,129,139,51,106,20,56,140,124,168,34,118,174,196,113,61,45,138,123,82,187,128,134,195,33,94,190,126,143,160,91,75,77,149,189,7,173,116,65,4,84,122,2,97,0,85,18,132,176,3,136,49,170,95,167,93,66,135,48,50,21,92,90,67,32,165,169,23,163,25,70,147,6,88,44,37,156,71,8,184,162,109,72,41,131,110,101,59,80,100,30,114,182,15,36,58,151,175,197,1,117,98,157,142,137,158,42,57,193,172,39,107,55,14,13,111,52,40,87,181,68,9,28,105,69,159,38,144,146,63,73,99,155,178,192,103,35,161,102,12,133,76,112,104,31,183,164,108,188,74,53,17,16,194,19,154,60,179,27,43,127,96,171,141,11,22,64,79,177,199,148,83,86,119,81,153,166,24,150,10,185,62,47,89,46,180,191,121];False
5383;6682;12065;[198,29,125,78,130,5,54,120,26,145,115,152,186,129,139,123,106,20,146,140,124,168,34,118,174,196,113,61,45,138,51,82,187,128,134,195,33,94,190,126,143,160,91,75,77,149,189,7,173,116,65,4,84,122,2,97,0,85,18,132,176,3,136,49,170,95,167,93,66,135,48,50,21,92,90,67,32,165,169,23,163,25,70,147,6,88,44,37,156,71,8,184,162,109,72,41,131,110,101,59,80,100,30,114,182,15,36,58,151,175,197,1,117,98,157,142,137,158,42,57,193,172,39,107,55,14,13,111,52,40,87,181,68,9,28,105,69,159,38,144,56,63,73,99,155,178,192,103,35,161,102,12,133,76,112,104,31,183,164,108,188,74,53,17,16,194,19,154,60,179,27,43,127,96,171,141,11,22,64,79,177,199,148,83,86,119,81,153,166,24,150,10,185,62,47,89,46,180,191,121];False
5443;6681;12124;[198,29,125,78,130,5,54,120,26,145,115,152,186,129,139,123,106,20,56,37,124,168,34,118,174,196,113,61,45,138,51,82,187,128,134,195,33,94,190,126,143,160,91,75,77,149,189,7,173,116,65,4,84,122,2,97,0,85,18,132,176,3,136,49,170,95,167,93,66,135,48,50,21,92,90,67,32,165,169,23,163,25,70,147,6,88,44,140,156,71,8,184,162,109,72,41,131,110,101,59,80,100,30,114,182,15,36,58,151,175,197,1,117,98,157,142,137,158,42,57,193,172,39,107,55,14,13,111,52,40,87,181,68,9,28,105,69,159,38,144,146,63,73,99,155,178,192,103,35,161,102,12,133,76,112,104,31,183,164,108,188,74,53,17,16,194,19,154,60,179,27,43,127,96,171,141,11,22,64,79,177,199,148,83,86,119,81,153,166,24,150,10,185,62,47,89,46,180,191,121];False
5432;6681;12113;[198,29,125,78,130,5,54,120,26,145,115,152,186,129,139,123,106,20,56,63,124,168,34,118,174,196,113,61,45,138,51,82,187,128,134,195,33,94,190,126,143,160,91,75,77,149,189,7,173,116,65,4,84,122,2,97,0,85,18,132,176,3,136,49,170,95,167,93,66,135,48,50,21,92,90,67,32,165,169,23,163,25,70,147,6,88,44,37,156,71,8,184,162,109,72,41,131,110,101,59,80,100,30,114,182,15,36,58,151,175,197,1,117,98,157,142,137,158,42,57,193,172,39,107,55,14,13,111,52,40,87,181,68,9,28,105,69,159,38,144,146,140,73,99,155,178,192,103,35,161,102,12,133,76,112,104,31,183,164,108,188,74,53,17,16,194,19,154,60,179,27,43,127,96,171,141,11,22,64,79,177,199,148,83,86,119,81,153,166,24,150,10,185,62,47,89,46,180,191,121];False
5463;6676;12139;[198,29,125,78,130,5,54,120,26,145,115,152,186,129,139,123,106,20,56,140,124,168,34,118,174,196,167,61,45,138,51,82,187,128,134,195,33,94,190,126,143,160,91,75,77,149,189,7,173,116,65,4,84,122,2,97,0,85,18,132,176,3,136,49,170,95,113,93,66,135,48,50,21,92,90,67,32,165,169,23,163,25,70,147,6,88,44,37,156,71,8,184,162,109,72,41,131,110,101,59,80,100,30,114,182,15,36,58,151,175,197,1,117,98,157,142,137,158,42,57,193,172,39,107,55,14,13,111,52,40,87,181,68,9,28,105,69,159,38,144,146,63,73,99,155,178,192,103,35,161,102,12,133,76,112,104,31,183,164,108,188,74,53,17,16,194,19,154,60,179,27,43,127,96,171,141,11,22,64,79,177,199,148,83,86,119,81,153,166,24,150,10,185,62,47,89,46,180,191,121];False
5585;6668;12253;[198,29,125,78,130,5,54,120,26,145,115,152,186,129,139,123,106,20,56,140,124,168,34,118,174,196,98,61,45,138,51,82,187,128,134,195,33,94,190,126,143,160,91,75,77,149,189,7,173,116,65,4,84,122,2,97,0,85,18,132,176,3,136,49,170,95,167,93,66,135,48,50,21,92,90,67,32,165,169,23,163,25,70,147,6,88,44,37,156,71,8,184,162,109,72,41,131,110,101,59,80,100,30,114,182,15,36,58,151,175,197,1,117,113,157,142,137,158,42,57,193,172,39,107,55,14,13,111,52,40,87,181,68,9,28,105,69,159,38,144,146,63,73,99,155,178,192,103,35,161,102,12,133,76,112,104,31,183,164,108,188,74,53,17,16,194,19,154,60,179,27,43,127,96,171,141,11,22,64,79,177,199,148,83,86,119,81,153,166,24,150,10,185,62,47,89,46,180,191,121];False
5494;6673;12167;[198,29,125,78,130,5,54,120,26,145,115,152,186,129,139,123,106,20,56,140,124,168,34,118,174,196,113,61,45,135,51,82,187,128,134,195,33,94,190,126,143,160,91,75,77,149,189,7,173,116,65,4,84,122,2,97,0,85,18,132,176,3,136,49,170,95,167,93,66,138,48,50,21,92,90,67,32,165,169,23,163,25,70,147,6,88,44,37,156,71,8,184,162,109,72,41,131,110,101,59,80,100,30,114,182,15,36,58,151,175,197,1,117,98,157,142,137,158,42,57,193,172,39,107,55,14,13,111,52,40,87,181,68,9,28,105,69,159,38,144,146,63,73,99,155,178,192,103,35,161,102,12,133,76,112,104,31,183,164,108,188,74,53,17,16,194,19,154,60,179,27,43,127,96,171,141,11,22,64,79,177,199,148,83,86,119,81,153,166,24,150,10,185,62,47,89,46,180,191,121];False
5424;6676;12100;[198,29,125,78,130,5,54,120,26,145,115,152,186,129,139,123,106,20,56,140,124,168,34,118,174,196,113,61,45,138,65,82,187,128,134,195,33,94,190,126,143,160,91,75,77,149,189,7,173,116,51,4,84,122,2,97,0,85,18,132,176,3,136,49,170,95,167,93,66,135,48,50,21,92,90,67,32,165,169,23,163,25,70,147,6,88,44,37,156,71,8,184,162,109,72,41,131,110,101,59,80,100,30,114,182,15,36,58,151,175,197,1,117,98,157,142,137,158,42,57,193,172,39,107,55,14,13,111,52,40,87,181,68,9,28,105,69,159,38,144,146,63,73,99,155,178,192,103,35,161,102,12,133,76,112,104,31,183,164,108,188,74,53,17,16,194,19,154,60,179,27,43,127,96,171,141,11,22,64,79,177,199,148,83,86,119,81,153,166,24,150,10,185,62,47,89,46,180,191,121];False
6131;6662;12793;[73,154,18,86,54,120,89,69,6,137,185,175,12,7,85,15,135,198,19,33,183,17,143,38,178,41,197,123,29,71,44,91,52,2,83,59,93,138,124,94,118,48,146,90,149,163,186,148,173,116,65,192,10,95,61,97,0,77,57,26,145,3,136,49,170,103,105,74,20,156,106,194,51,50,82,67,32,165,169,23,75,36,98,25,1,88,70,37,21,92,8,184,190,109,72,78,111,128,171,110,80,100,30,114,182,139,125,187,158,62,189,130,5,122,157,84,131,79,42,27,193,172,39,107,55,14,147,196,167,40,87,181,68,9,28,162,108,102,132,144,56,63,140,99,34,159,164,160,35,161,191,152,101,134,112,104,31,53,180,4,188,168,155,126,16,142,115,127,60,179,47,43,133,76,151,141,11,58,64,96,177,199,166,22,195,119,81,153,129,24,150,174,13,117,113,66,176,46,45,121];False
6186;6652;12838;[73,154,49,86,54,120,89,69,6,18,185,175,12,7,85,15,135,198,19,33,183,17,143,38,178,41,197,123,29,71,44,91,52,2,83,59,93,138,124,94,118,48,146,90,149,163,186,148,173,116,65,192,10,95,61,97,0,77,57,26,145,3,136,137,170,103,105,74,20,156,106,194,51,50,82,67,32,165,169,23,75,36,98,25,1,88,70,37,21,92,8,184,190,109,72,78,111,128,171,110,80,100,30,114,182,139,125,187,158,62,189,130,5,122,157,84,131,79,42,27,193,172,39,107,55,14,147,196,167,40,87,181,68,9,28,162,108,102,132,144,56,63,140,99,34,159,164,160,35,161,191,152,101,134,112,104,31,53,180,4,188,168,155,126,16,142,115,127,60,179,47,43,133,76,151,141,11,58,64,96,177,199,166,22,195,119,81,153,129,24,150,174,13,117,113,66,176,46,45,121];False
6126;6660;12786;[73,154,137,185,54,120,89,69,6,18,86,175,12,7,85,15,135,198,19,33,183,17,143,38,178,41,197,123,29,71,44,91,52,2,83,59,93,138,124,94,118,48,146,90,149,163,186,148,173,116,65,192,10,95,61,97,0,77,57,26,145,3,136,49,170,103,105,74,20,156,106,194,51,50,82,67,32,165,169,23,75,36,98,25,1,88,70,37,21,92,8,184,190,109,72,78,111,128,171,110,80,100,30,114,182,139,125,187,158,62,189,130,5,122,157,84,131,79,42,27,193,172,39,107,55,14,147,196,167,40,87,181,68,9,28,162,108,102,132,144,56,63,140,99,34,159,164,160,35,161,191,152,101,134,112,104,31,53,180,4,188,168,155,126,16,142,115,127,60,179,47,43,133,76,151,141,11,58,64,96,177,199,166,22,195,119,81,153,129,24,150,174,13,117,113,66,176,46,45,121];False
6109;6659;12768;[73,154,137,133,54,120,89,69,6,18,185,175,12,7,85,15,135,198,19,33,183,17,143,38,178,41,197,123,29,71,44,91,52,2,83,59,93,138,124,94,118,48,146,90,149,163,186,148,173,116,65,192,10,95,61,97,0,77,57,26,145,3,136,49,170,103,105,74,20,156,106,194,51,50,82,67,32,165,169,23,75,36,98,25,1,88,70,37,21,92,8,184,190,109,72,78,111,128,171,110,80,100,30,114,182,139,125,187,158,62,189,130,5,122,157,84,131,79,42,27,193,172,39,107,55,14,147,196,167,40,87,181,68,9,28,162,108,102,132,144,56,63,140,99,34,159,164,160,35,161,191,152,101,134,112,104,31,53,180,4,188,168,155,126,16,142,115,127,60,179,47,43,86,76,151,141,11,58,64,96,177,199,166,22,195,119,81,153,129,24,150,174,13,117,113,66,176,46,45,121];False
6069;6663;12732;[73,154,137,86,54,52,89,69,6,18,185,175,12,7,85,15,135,198,19,33,183,17,143,38,178,41,197,123,29,71,44,91,120,2,83,59,93,138,124,94,118,48,146,90,149,163,186,148,173,116,65,192,10,95,61,97,0,77,57,26,145,3,136,49,170,103,105,74,20,156,106,194,51,50,82,67,32,165,169,23,75,36,98,25,1,88,70,37,21,92,8,184,190,109,72,78,111,128,171,110,80,100,30,114,182,139,125,187,158,62,189,130,5,122,157,84,131,79,42,27,193,172,39,107,55,14,147,196,167,40,87,181,68,9,28,162,108,102,132,144,56,63,140,99,34,159,164,160,35,161,191,152,101,134,112,104,31,53,180,4,188,168,155,126,16,142,115,127,60,179,47,43,133,76,151,141,11,58,64,96,177,199,166,22,195,119,81,153,129,24,150,174,13,117,113,66,176,46,45,121];False
6081;6660;12741;[73,154,137,86,54,120,3,69,6,18,185,175,12,7,85,15,135,198,19,33,183,17,143,38,178,41,197,123,29,71,44,91,52,2,83,59,93,138,124,94,118,48,146,90,149,163,186,148,173,116,65,192,10,95,61,97,0,77,57,26,145,89,136,49,170,103,105,74,20,156,106,194,51,50,82,67,32,165,169,23,75,36,98,25,1,88,70,37,21,92,8,184,190,109,72,78,111,128,171,110,80,100,30,114,182,139,125,187,158,62,189,130,5,122,157,84,131,79,42,27,193,172,39,107,55,14,147,196,167,40,87,181,68,9,28,162,108,102,132,144,56,63,140,99,34,159,164,160,35,161,191,152,101,134,112,104,31,53,180,4,188,168,155,126,16,142,115,127,60,179,47,43,133,76,151,141,11,58,64,96,177,199,166,22,195,119,81,153,129,24,150,174,13,117,113,66,176,46,45,121];False
6241;6651;12892;[73,154,137,86,54,120,157,69,6,18,185,175,12,7,85,15,135,198,19,33,183,17,143,38,178,41,197,123,29,71,44,91,52,2,83,59,93,138,124,94,118,48,146,90,149,163,186,148,173,116,65,192,10,95,61,97,0,77,57,26,145,3,136,49,170,103,105,74,20,156,106,194,51,50,82,67,32,165,169,23,75,36,98,25,1,88,70,37,21,92,8,184,190,109,72,78,111,128,171,110,80,100,30,114,182,139,125,187,158,62,189,130,5,122,89,84,131,79,42,27,193,172,39,107,55,14,147,196,167,40,87,181,68,9,28,162,108,102,132,144,56,63,140,99,34,159,164,160,35,161,191,152,101,134,112,104,31,53,180,4,188,168,155,126,16,142,115,127,60,179,47,43,133,76,151,141,11,58,64,96,177,199,166,22,195,119,81,153,129,24,150,174,13,117,113,66,176,46,45,121];False
6192;6651;12843;[73,154,137,86,54,120,89,69,6,101,185,175,12,7,85,15,135,198,19,33,183,17,143,38,178,41,197,123,29,71,44,91,52,2,83,59,93,138,124,94,118,48,146,90,149,163,186,148,173,116,65,192,10,95,61,97,0,77,57,26,145,3,136,49,170,103,105,74,20,156,106,194,51,50,82,67,32,165,169,23,75,36,98,25,1,88,70,37,21,92,8,184,190,109,72,78,111,128,171,110,80,100,30,114,182,139,125,187,158,62,189,130,5,122,157,84,131,79,42,27,193,172,39,107,55,14,147,196,167,40,87,181,68,9,28,162,108,102,132,144,56,63,140,99,34,159,164,160,35,161,191,152,18,134,112,104,31,53,180,4,188,168,155,126,16,142,115,127,60,179,47,43,133,76,151,141,11,58,64,96,177,199,166,22,195,119,81,153,129,24,150,174,13,117,113,66,176,46,45,121];False
6322;6647;12969;[73,154,137,86,54,120,89,69,6,18,185,175,12,148,85,15,135,198,19,33,183,17,143,38,178,41,197,123,29,71,44,91,52,2,83,59,93,138,124,94,118,48,146,90,149,163,186,7,173,116,65,192,10,95,61,97,0,77,57,26,145,3,136,49,170,103,105,74,20,156,106,194,51,50,82,67,32,165,169,23,75,36,98,25,1,88,70,37,21,92,8,184,190,109,72,78,111,128,171,110,80,100,30,114,182,139,125,187,158,62,189,130,5,122,157,84,131,79,42,27,193,172,39,107,55,14,147,196,167,40,87,181,68,9,28,162,108,102,132,144,56,63,140,99,34,159,164,160,35,161,191,152,101,134,112,104,31,53,180,4,188,168,155,126,16,142,115,127,60,179,47,43,133,76,151,141,11,58,64,96,177,199,166,22,195,119,81,153,129,24,150,174,13,117,113,66,176,46,45,121];False
6248;6647;12895;[73,154,137,86,54,120,89,69,6,18,185,175,12,7,103,15,135,198,19,33,183,17,143,38,178,41,197,123,29,71,44,91,52,2,83,59,93,138,124,94,118,48,146,90,149,163,186,148,173,116,65,192,10,95,61,97,0,77,57,26,145,3,136,49,170,85,105,74,20,156,106,194,51,50,82,67,32,165,169,23,75,36,98,25,1,88,70,37,21,92,8,184,190,109,72,78,111,128,171,110,80,100,30,114,182,139,125,187,158,62,189,130,5,122,157,84,131,79,42,27,193,172,39,107,55,14,147,196,167,40,87,181,68,9,28,162,108,102,132,144,56,63,140,99,34,159,164,160,35,161,191,152,101,134,112,104,31,53,180,4,188,168,155,126,16,142,115,127,60,179,47,43,133,76,151,141,11,58,64,96,177,199,166,22,195,119,81,153,129,24,150,174,13,117,113,66,176,46,45,121];False
6126;6657;12783;[73,154,137,86,54,120,89,69,6,18,185,175,12,7,85,15,135,20,19,33,183,17,143,38,178,41,197,123,29,71,44,91,52,2,83,59,93,138,124,94,118,48,146,90,149,163,186,148,173,116,65,192,10,95,61,97,0,77,57,26,145,3,136,49,170,103,105,74,198,156,106,194,51,50,82,67,32,165,169,23,75,36,98,25,1,88,70,37,21,92,8,184,190,109,72,78,111,128,171,110,80,100,30,114,182,139,125,187,158,62,189,130,5,122,157,84,131,79,42,27,193,172,39,107,55,14,147,196,167,40,87,181,68,9,28,162,108,102,132,144,56,63,140,99,34,159,164,160,35,161,191,152,101,134,112,104,31,53,180,4,188,168,155,126,16,142,115,127,60,179,47,43,133,76,151,141,11,58,64,96,177,199,166,22,195,119,81,153,129,24,150,174,13,117,113,66,176,46,45,121];False
6261;6644;12905;[73,154,137,86,54,120,89,69,6,18,185,175,12,7,85,15,135,194,19,33,183,17,143,38,178,41,197,123,29,71,44,91,52,2,83,59,93,138,124,94,118,48,146,90,149,163,186,148,173,116,65,192,10,95,61,97,0,77,57,26,145,3,136,49,170,103,105,74,20,156,106,198,51,50,82,67,32,165,169,23,75,36,98,25,1,88,70,37,21,92,8,184,190,109,72,78,111,128,171,110,80,100,30,114,182,139,125,187,158,62,189,130,5,122,157,84,131,79,42,27,193,172,39,107,55,14,147,196,167,40,87,181,68,9,28,162,108,102,132,144,56,63,140,99,34,159,164,160,35,161,191,152,101,134,112,104,31,53,180,4,188,168,155,126,16,142,115,127,60,179,47,43,133,76,151,141,11,58,64,96,177,199,166,22,195,119,81,153,129,24,150,174,13,117,113,66,176,46,45,121];False
6092;6654;12746;[73,154,137,86,54,120,89,69,6,18,185,175,12,7,85,15,135,37,19,33,183,17,143,38,178,41,197,123,29,71,44,91,52,2,83,59,93,138,124,94,118,48,146,90,149,163,186,148,173,116,65,192,10,95,61,97,0,77,57,26,145,3,136,49,170,103,105,74,20,156,106,194,51,50,82,67,32,165,169,23,75,36,98,25,1,88,70,198,21,92,8,184,190,109,72,78,111,128,171,110,80,100,30,114,182,139,125,187,158,62,189,130,5,122,157,84,131,79,42,27,193,172,39,107,55,14,147,196,167,40,87,181,68,9,28,162,108,102,132,144,56,63,140,99,34,159,164,160,35,161,191,152,101,134,112,104,31,53,180,4,188,168,155,126,16,142,115,127,60,179,47,43,133,76,151,141,11,58,64,96,177,199,166,22,195,119,81,153,129,24,150,174,13,117,113,66,176,46,45,121];False
6043;6663;12706;[73,154,49,86,54,120,89,46,6,18,185,175,12,7,85,15,135,20,19,33,183,17,143,38,178,41,197,123,29,71,44,91,52,2,83,59,93,138,124,94,118,48,146,90,149,163,186,148,173,116,65,192,10,95,61,97,0,77,57,26,145,3,136,137,170,103,105,74,37,156,106,194,51,50,82,67,32,165,169,23,75,36,98,25,1,88,70,198,21,92,8,184,190,109,72,78,111,128,171,110,80,100,30,114,182,139,125,187,158,62,189,130,5,122,157,84,131,79,42,27,193,172,39,107,55,14,147,196,167,40,87,181,68,9,28,162,108,102,132,144,56,63,140,99,34,159,164,69,35,161,191,152,101,134,112,104,31,53,180,4,188,168,155,126,16,142,115,127,60,179,47,43,133,76,151,141,11,58,64,96,177,199,166,22,195,119,81,153,129,24,150,174,13,117,113,66,176,160,45,121];False
5983;6666;12649;[73,154,137,86,54,120,89,69,6,18,185,175,12,7,85,15,135,20,19,33,183,17,143,38,178,41,197,123,29,71,44,91,52,2,83,59,93,138,124,94,118,48,146,90,149,163,186,148,173,116,65,192,10,95,61,97,0,77,57,26,145,3,136,49,170,103,105,74,37,156,106,194,51,50,82,67,32,165,169,23,75,36,98,25,1,88,70,198,21,92,8,184,190,109,72,78,111,128,171,110,80,100,30,114,182,139,125,187,158,62,189,130,5,122,157,84,131,79,42,27,193,172,39,107,55,14,147,196,167,40,87,181,68,9,28,162,108,102,132,144,56,63,140,99,34,159,164,46,35,161,191,152,101,134,112,104,31,53,180,4,188,168,155,126,16,142,115,127,60,179,47,43,133,76,151,141,11,58,64,96,177,199,166,22,195,119,81,153,129,24,150,174,13,117,113,66,176,160,45,121];False
6031;6664;12695;[73,154,137,86,54,120,89,46,32,18,185,175,12,7,85,15,135,20,19,33,183,17,143,38,178,41,197,123,29,71,44,91,52,2,83,59,93,138,124,94,118,48,146,90,149,163,186,148,173,116,65,192,10,95,61,97,0,77,57,26,145,3,136,49,170,103,105,74,37,156,106,194,51,50,82,67,6,165,169,23,75,36,98,25,1,88,70,198,21,92,8,184,190,109,72,78,111,128,171,110,80,100,30,114,182,139,125,187,158,62,189,130,5,122,157,84,131,79,42,27,193,172,39,107,55,14,147,196,167,40,87,181,68,9,28,162,108,102,132,144,56,63,140,99,34,159,164,69,35,161,191,152,101,134,112,104,31,53,180,4,188,168,155,126,16,142,115,127,60,179,47,43,133,76,151,141,11,58,64,96,177,199,166,22,195,119,81,153,129,24,150,174,13,117,113,66,176,160,45,121];False
6066;6661;12727;[73,154,137,86,54,120,89,46,152,18,185,175,12,7,85,15,135,20,19,33,183,17,143,38,178,41,197,123,29,71,44,91,52,2,83,59,93,138,124,94,118,48,146,90,149,163,186,148,173,116,65,192,10,95,61,97,0,77,57,26,145,3,136,49,170,103,105,74,37,156,106,194,51,50,82,67,32,165,169,23,75,36,98,25,1,88,70,198,21,92,8,184,190,109,72,78,111,128,171,110,80,100,30,114,182,139,125,187,158,62,189,130,5,122,157,84,131,79,42,27,193,172,39,107,55,14,147,196,167,40,87,181,68,9,28,162,108,102,132,144,56,63,140,99,34,159,164,69,35,161,191,6,101,134,112,104,31,53,180,4,188,168,155,126,16,142,115,127,60,179,47,43,133,76,151,141,11,58,64,96,177,199,166,22,195,119,81,153,129,24,150,174,13,117,113,66,176,160,45,121];False
6049;6662;12711;[73,154,137,86,54,120,89,46,6,101,185,175,12,7,85,15,135,20,19,33,183,17,143,38,178,41,197,123,29,71,44,91,52,2,83,59,93,138,124,94,118,48,146,90,149,163,186,148,173,116,65,192,10,95,61,97,0,77,57,26,145,3,136,49,170,103,105,74,37,156,106,194,51,50,82,67,32,165,169,23,75,36,98,25,1,88,70,198,21,92,8,184,190,109,72,78,111,128,171,110,80,100,30,114,182,139,125,187,158,62,189,130,5,122,157,84,131,79,42,27,193,172,39,107,55,14,147,196,167,40,87,181,68,9,28,162,108,102,132,144,56,63,140,99,34,159,164,69,35,161,191,152,18,134,112,104,31,53,180,4,188,168,155,126,16,142,115,127,60,179,47,43,133,76,151,141,11,58,64,96,177,199,166,22,195,119,81,153,129,24,150,174,13,117,113,66,176,160,45,121];False
5920;6665;12585;[73,154,137,86,54,120,89,46,6,18,185,175,12,7,85,15,135,20,19,33,183,17,143,38,178,13,197,123,29,71,44,91,52,2,83,59,93,138,124,94,118,48,146,90,149,163,186,148,173,116,65,192,10,95,61,97,0,77,57,26,145,3,136,49,170,103,105,74,37,156,106,194,51,50,82,67,32,165,169,23,75,36,98,25,1,88,70,198,21,92,8,184,190,109,72,78,111,128,171,110,80,100,30,114,182,139,125,187,158,62,189,130,5,122,157,84,131,79,42,27,193,172,39,107,55,14,147,196,167,40,87,181,68,9,28,162,108,102,132,144,56,63,140,99,34,159,164,69,35,161,191,152,101,134,112,104,31,53,180,4,188,168,155,126,16,142,115,127,60,179,47,43,133,76,151,141,11,58,64,96,177,199,166,22,195,119,81,153,129,24,150,174,41,117,113,66,176,160,45,121];False
6823;6643;13466;[198,174,67,163,158,60,42,47,189,75,137,133,5,185,54,52,89,191,38,14,72,118,10,36,184,66,46,44,23,190,109,56,73,74,143,91,69,159,15,135,37,8,71,48,92,90,131,59,93,3,169,142,28,61,145,94,13,111,7,77,176,35,97,171,57,2,167,107,123,50,146,51,20,17,82,78,170,18,132,161,115,25,105,4,6,88,70,108,21,106,154,122,197,162,125,49,86,110,129,24,130,127,30,114,182,139,178,136,101,175,85,1,117,120,157,173,186,79,179,27,193,172,39,32,55,155,33,192,165,40,87,181,68,9,103,140,147,196,95,144,156,180,188,65,53,183,164,41,149,152,102,62,98,134,112,104,99,63,31,34,138,168,29,126,16,194,19,83,128,141,12,43,187,76,151,148,80,58,64,96,177,199,166,22,195,119,81,153,11,26,150,84,100,0,113,116,124,160,45,121];False
6817;6642;13459;[198,174,67,163,158,60,42,47,189,75,137,133,12,185,54,52,89,191,38,14,178,118,10,36,184,66,46,44,23,190,109,56,73,74,143,91,69,159,15,135,37,8,71,48,92,90,131,59,93,3,169,142,28,61,145,94,13,111,7,77,176,35,97,171,57,2,167,107,123,50,146,51,20,17,82,78,170,18,132,161,115,25,105,4,6,88,70,108,21,106,154,122,197,162,125,49,86,110,129,24,130,127,30,114,182,139,72,136,101,175,85,1,117,120,157,173,186,79,179,27,193,172,39,32,55,155,33,192,165,40,87,181,68,9,103,140,147,196,95,144,156,180,188,65,53,183,164,41,149,152,102,62,98,134,112,104,99,63,31,34,138,168,29,126,16,194,19,83,128,141,5,43,187,76,151,148,80,58,64,96,177,199,166,22,195,119,81,153,11,26,150,84,100,0,113,116,124,160,45,121];False
6838;6637;13475;[198,174,67,163,158,60,42,47,189,75,137,133,12,185,54,52,89,191,38,14,124,118,10,36,184,66,46,44,23,190,109,56,73,74,143,91,69,159,15,135,37,8,71,48,92,90,131,59,93,3,169,142,28,61,145,94,13,111,7,77,176,35,97,171,57,2,167,107,123,50,146,51,20,17,82,78,170,18,132,161,115,25,105,4,6,88,70,108,21,106,154,122,197,162,125,49,86,110,129,24,130,127,30,114,182,139,178,136,101,175,85,1,117,120,157,173,186,79,179,27,193,172,39,32,55,155,33,192,165,40,87,181,68,9,103,140,147,196,95,144,156,180,188,65,53,183,164,41,149,152,102,62,98,134,112,104,99,63,31,34,138,168,29,126,16,194,19,83,128,141,5,43,187,76,151,148,80,58,64,96,177,199,166,22,195,119,81,153,11,26,150,84,100,0,113,116,72,160,45,121];False
7139;6621;13760;[198,84,67,163,158,60,179,47,189,75,137,133,12,185,54,57,89,191,38,14,124,118,10,36,184,66,46,44,23,190,109,56,73,74,143,91,69,159,15,135,37,8,71,48,92,90,131,59,93,3,169,142,28,61,145,94,13,111,7,77,176,35,97,171,52,2,167,107,123,50,146,51,20,17,82,78,170,18,132,161,115,25,105,4,6,88,70,108,21,106,154,122,197,162,125,49,86,110,129,24,130,127,30,114,182,139,178,136,101,175,85,1,117,120,157,173,186,79,42,27,193,172,39,32,55,155,33,192,165,40,87,181,68,9,103,140,147,196,95,144,156,180,188,65,53,183,164,41,149,152,102,62,98,134,112,104,99,63,31,34,138,168,29,126,16,194,19,83,128,141,5,43,187,76,151,148,80,58,64,96,177,199,166,22,195,119,81,153,11,26,150,174,100,0,113,116,72,160,45,121];False
6953;6634;13587;[34,84,67,163,158,60,179,47,189,75,137,133,12,185,54,52,89,191,38,14,178,118,10,36,184,66,46,44,23,190,109,56,73,74,143,91,69,159,15,135,37,8,71,48,92,90,131,59,93,3,169,142,28,61,145,94,13,111,7,77,176,35,97,171,57,2,167,107,123,50,146,51,20,17,82,78,170,18,132,161,115,25,105,4,6,88,70,108,21,106,154,122,197,162,125,49,86,110,129,24,130,127,30,114,182,139,72,136,101,175,85,1,117,120,157,173,186,79,42,27,193,172,39,32,55,155,33,192,165,40,87,181,68,9,103,140,147,196,95,144,156,180,188,65,53,183,164,41,149,152,102,62,98,134,112,104,99,63,31,198,138,168,29,126,16,194,19,83,128,141,5,43,187,76,151,148,80,58,64,96,177,199,166,22,195,119,81,153,11,26,150,174,100,0,113,116,124,160,45,121];False
6918;6635;13553;[198,84,67,163,158,60,179,47,189,75,137,133,12,185,54,52,89,23,38,14,178,118,10,36,184,66,46,44,191,190,109,56,73,74,143,91,69,159,15,135,37,8,71,48,92,90,131,59,93,3,169,142,28,61,145,94,13,111,7,77,176,35,97,171,57,2,167,107,123,50,146,51,20,17,82,78,170,18,132,161,115,25,105,4,6,88,70,108,21,106,154,122,197,162,125,49,86,110,129,24,130,127,30,114,182,139,72,136,101,175,85,1,117,120,157,173,186,79,42,27,193,172,39,32,55,155,33,192,165,40,87,181,68,9,103,140,147,196,95,144,156,180,188,65,53,183,164,41,149,152,102,62,98,134,112,104,99,63,31,34,138,168,29,126,16,194,19,83,128,141,5,43,187,76,151,148,80,58,64,96,177,199,166,22,195,119,81,153,11,26,150,174,100,0,113,116,124,160,45,121];False
7053;6607;13660;[198,84,67,163,158,60,179,47,189,75,137,133,12,185,54,52,89,191,38,14,178,118,10,36,184,66,46,44,23,190,109,48,73,74,143,91,69,159,15,135,37,8,71,56,92,90,131,59,93,3,169,142,28,61,145,94,13,111,7,77,176,35,97,171,57,2,167,107,123,50,146,51,20,17,82,78,170,18,132,161,115,25,105,4,6,88,70,108,21,106,154,122,197,162,125,49,86,110,129,24,130,127,30,114,182,139,72,136,101,175,85,1,117,120,157,173,186,79,42,27,193,172,39,32,55,155,33,192,165,40,87,181,68,9,103,140,147,196,95,144,156,180,188,65,53,183,164,41,149,152,102,62,98,134,112,104,99,63,31,34,138,168,29,126,16,194,19,83,128,141,5,43,187,76,151,148,80,58,64,96,177,199,166,22,195,119,81,153,11,26,150,174,100,0,113,116,124,160,45,121];False
6940;6634;13574;[198,84,67,163,158,60,179,47,189,75,137,133,12,185,54,52,89,191,38,14,178,118,10,36,184,66,46,44,23,190,109,156,73,74,143,91,69,159,15,135,37,8,71,48,92,90,131,59,93,3,169,142,28,61,145,94,13,111,7,77,176,35,97,171,57,2,167,107,123,50,146,51,20,17,82,78,170,18,132,161,115,25,105,4,6,88,70,108,21,106,154,122,197,162,125,49,86,110,129,24,130,127,30,114,182,139,72,136,101,175,85,1,117,120,157,173,186,79,42,27,193,172,39,32,55,155,33,192,165,40,87,181,68,9,103,140,147,196,95,144,56,180,188,65,53,183,164,41,149,152,102,62,98,134,112,104,99,63,31,34,138,168,29,126,16,194,19,83,128,141,5,43,187,76,151,148,80,58,64,96,177,199,166,22,195,119,81,153,11,26,150,174,100,0,113,116,124,160,45,121];False
6950;6632;13582;[198,84,67,163,158,60,179,47,189,75,137,133,12,185,54,52,89,191,38,14,178,118,10,36,184,66,46,44,23,190,109,56,73,74,143,91,69,159,15,135,37,34,71,48,92,90,131,59,93,3,169,142,28,61,145,94,13,111,7,77,176,35,97,171,57,2,167,107,123,50,146,51,20,17,82,78,170,18,132,161,115,25,105,4,6,88,70,108,21,106,154,122,197,162,125,49,86,110,129,24,130,127,30,114,182,139,72,136,101,175,85,1,117,120,157,173,186,79,42,27,193,172,39,32,55,155,33,192,165,40,87,181,68,9,103,140,147,196,95,144,156,180,188,65,53,183,164,41,149,152,102,62,98,134,112,104,99,63,31,8,138,168,29,126,16,194,19,83,128,141,5,43,187,76,151,148,80,58,64,96,177,199,166,22,195,119,81,153,11,26,150,174,100,0,113,116,124,160,45,121];False
6908;6633;13541;[198,84,67,163,158,60,179,47,189,75,137,133,5,185,54,52,89,191,38,14,124,118,10,36,184,66,46,44,23,190,109,56,73,74,143,91,69,159,15,135,37,8,71,48,92,90,131,59,93,3,169,142,28,61,145,94,13,111,7,77,176,35,97,171,57,2,167,107,123,50,146,51,20,17,82,78,170,18,132,161,115,25,105,4,6,88,70,108,21,106,154,122,197,162,125,49,86,110,129,24,130,127,30,114,182,139,178,136,101,175,85,1,117,120,157,173,186,79,42,27,193,172,39,32,55,155,33,192,165,40,87,181,68,9,103,140,147,196,95,144,156,180,188,65,53,183,164,41,149,152,102,62,98,134,112,104,99,63,31,34,138,168,29,126,16,194,19,83,128,141,12,43,187,76,151,148,80,58,64,96,177,199,166,22,195,119,81,153,11,26,150,174,100,0,113,116,72,160,45,121];False
6939;6630;13569;[198,84,67,163,158,60,179,47,189,75,137,133,12,185,54,52,89,23,38,14,124,118,10,36,184,66,46,44,191,190,109,56,73,74,143,91,69,159,15,135,37,8,71,48,92,90,131,59,93,3,169,142,28,61,145,94,13,111,7,77,176,35,97,171,57,2,167,107,123,50,146,51,20,17,82,78,170,18,132,161,115,25,105,4,6,88,70,108,21,106,154,122,197,162,125,49,86,110,129,24,130,127,30,114,182,139,178,136,101,175,85,1,117,120,157,173,186,79,42,27,193,172,39,32,55,155,33,192,165,40,87,181,68,9,103,140,147,196,95,144,156,180,188,65,53,183,164,41,149,152,102,62,98,134,112,104,99,63,31,34,138,168,29,126,16,194,19,83,128,141,5,43,187,76,151,148,80,58,64,96,177,199,166,22,195,119,81,153,11,26,150,174,100,0,113,116,72,160,45,121];False
6854;6635;13489;[198,84,67,163,158,60,179,47,189,75,137,133,12,185,54,52,89,191,124,14,38,118,10,36,184,66,46,44,23,190,109,56,73,74,143,91,69,159,15,135,37,8,71,48,92,90,131,59,93,3,169,142,28,61,145,94,13,111,7,77,176,35,97,171,57,2,167,107,123,50,146,51,20,17,82,78,170,18,132,161,115,25,105,4,6,88,70,108,21,106,154,122,197,162,125,49,86,110,129,24,130,127,30,114,182,139,178,136,101,175,85,1,117,120,157,173,186,79,42,27,193,172,39,32,55,155,33,192,165,40,87,181,68,9,103,140,147,196,95,144,156,180,188,65,53,183,164,41,149,152,102,62,98,134,112,104,99,63,31,34,138,168,29,126,16,194,19,83,128,141,5,43,187,76,151,148,80,58,64,96,177,199,166,22,195,119,81,153,11,26,150,174,100,0,113,116,72,160,45,121];False
6923;6625;13548;[198,84,67,163,158,60,179,47,189,75,137,133,12,185,54,52,89,191,38,118,124,14,10,36,184,66,46,44,23,190,109,56,73,74,143,91,69,159,15,135,37,8,71,48,92,90,131,59,93,3,169,142,28,61,145,94,13,111,7,77,176,35,97,171,57,2,167,107,123,50,146,51,20,17,82,78,170,18,132,161,115,25,105,4,6,88,70,108,21,106,154,122,197,162,125,49,86,110,129,24,130,127,30,114,182,139,178,136,101,175,85,1,117,120,157,173,186,79,42,27,193,172,39,32,55,155,33,192,165,40,87,181,68,9,103,140,147,196,95,144,156,180,188,65,53,183,164,41,149,152,102,62,98,134,112,104,99,63,31,34,138,168,29,126,16,194,19,83,128,141,5,43,187,76,151,148,80,58,64,96,177,199,166,22,195,119,81,153,11,26,150,174,100,0,113,116,72,160,45,121];False
6790;6643;13433;[198,174,67,163,158,60,179,47,189,75,137,133,12,185,54,52,89,23,38,14,136,118,10,36,184,66,46,44,191,190,109,56,73,74,143,91,69,159,15,135,37,8,71,48,92,90,131,59,93,3,169,142,28,61,145,94,13,111,7,77,176,35,97,171,57,2,167,107,123,50,146,51,20,17,82,78,170,18,132,161,115,25,105,4,6,88,70,108,21,106,154,122,197,162,125,49,86,110,129,24,130,127,30,114,182,139,178,72,101,175,85,1,117,120,157,173,186,79,42,27,193,172,39,32,55,155,33,192,165,40,87,181,68,9,103,140,147,196,95,144,156,180,188,65,53,183,164,41,149,152,102,62,98,134,112,104,99,63,31,34,138,168,29,126,16,194,19,83,128,141,5,43,187,76,151,148,80,58,64,96,177,199,166,22,195,119,81,153,11,26,150,84,100,0,113,116,124,160,45,121];False
6925;6615;13540;[198,174,67,163,158,60,179,47,189,75,137,133,12,185,54,52,89,191,38,14,136,118,10,36,184,66,46,44,23,190,109,48,73,74,143,91,69,159,15,135,37,8,71,56,92,90,131,59,93,3,169,142,28,61,145,94,13,111,7,77,176,35,97,171,57,2,167,107,123,50,146,51,20,17,82,78,170,18,132,161,115,25,105,4,6,88,70,108,21,106,154,122,197,162,125,49,86,110,129,24,130,127,30,114,182,139,178,72,101,175,85,1,117,120,157,173,186,79,42,27,193,172,39,32,55,155,33,192,165,40,87,181,68,9,103,140,147,196,95,144,156,180,188,65,53,183,164,41,149,152,102,62,98,134,112,104,99,63,31,34,138,168,29,126,16,194,19,83,128,141,5,43,187,76,151,148,80,58,64,96,177,199,166,22,195,119,81,153,11,26,150,84,100,0,113,116,124,160,45,121];False
6812;6642;13454;[198,174,67,163,158,60,179,47,189,75,137,133,12,185,54,52,89,191,38,14,136,118,10,36,184,66,46,44,23,190,109,156,73,74,143,91,69,159,15,135,37,8,71,48,92,90,131,59,93,3,169,142,28,61,145,94,13,111,7,77,176,35,97,171,57,2,167,107,123,50,146,51,20,17,82,78,170,18,132,161,115,25,105,4,6,88,70,108,21,106,154,122,197,162,125,49,86,110,129,24,130,127,30,114,182,139,178,72,101,175,85,1,117,120,157,173,186,79,42,27,193,172,39,32,55,155,33,192,165,40,87,181,68,9,103,140,147,196,95,144,56,180,188,65,53,183,164,41,149,152,102,62,98,134,112,104,99,63,31,34,138,168,29,126,16,194,19,83,128,141,5,43,187,76,151,148,80,58,64,96,177,199,166,22,195,119,81,153,11,26,150,84,100,0,113,116,124,160,45,121];False
6822;6640;13462;[198,174,67,163,158,60,179,47,189,75,137,133,12,185,54,52,89,191,38,14,136,118,10,36,184,66,46,44,23,190,109,56,73,74,143,91,69,159,15,135,37,34,71,48,92,90,131,59,93,3,169,142,28,61,145,94,13,111,7,77,176,35,97,171,57,2,167,107,123,50,146,51,20,17,82,78,170,18,132,161,115,25,105,4,6,88,70,108,21,106,154,122,197,162,125,49,86,110,129,24,130,127,30,114,182,139,178,72,101,175,85,1,117,120,157,173,186,79,42,27,193,172,39,32,55,155,33,192,165,40,87,181,68,9,103,140,147,196,95,144,156,180,188,65,53,183,164,41,149,152,102,62,98,134,112,104,99,63,31,8,138,168,29,126,16,194,19,83,128,141,5,43,187,76,151,148,80,58,64,96,177,199,166,22,195,119,81,153,11,26,150,84,100,0,113,116,124,160,45,121];False
8075;6580;14655;[50,51,198,174,67,83,59,57,132,75,163,133,12,185,76,26,169,115,89,3,161,159,15,135,53,180,46,44,23,190,109,10,184,56,34,91,69,28,8,37,94,71,188,48,92,90,131,148,93,14,178,191,66,61,145,84,13,151,7,38,176,35,97,128,52,2,167,107,123,146,155,65,118,17,82,18,0,77,149,170,129,25,105,4,6,88,70,108,21,106,154,122,197,24,72,78,86,110,171,189,49,127,30,114,182,139,29,137,158,175,85,1,117,120,157,173,186,79,42,27,193,172,39,32,55,125,33,192,165,40,87,181,68,9,103,162,147,196,95,144,156,63,31,143,160,183,164,41,152,130,102,62,5,134,112,104,99,73,74,20,138,168,140,126,16,194,19,98,60,179,47,43,187,111,101,141,11,58,64,96,177,199,166,22,195,119,81,153,80,36,150,136,100,54,113,116,124,142,45,121];False
8006;6584;14590;[50,51,198,174,67,83,59,57,132,75,163,133,12,185,111,26,169,115,89,3,161,28,15,135,53,180,46,44,23,190,109,10,184,56,34,91,69,159,8,37,94,71,188,48,92,90,131,148,93,14,178,191,66,61,145,84,13,151,7,38,176,35,97,128,52,2,167,107,123,146,155,65,118,17,82,18,0,77,149,170,129,25,105,4,6,88,70,108,21,106,154,122,197,24,72,78,86,110,171,189,49,127,30,114,182,139,29,137,158,175,85,1,117,120,157,173,186,79,42,27,193,172,39,32,55,125,33,192,165,40,87,181,68,9,103,162,147,196,95,144,156,63,31,143,160,183,164,41,152,130,102,62,5,134,112,104,99,73,74,20,138,168,140,126,16,194,19,98,60,179,47,43,187,76,101,141,11,58,64,96,177,199,166,22,195,119,81,153,80,36,150,136,100,54,113,116,124,142,45,121];False
7938;6586;14524;[50,51,198,174,67,83,59,57,132,75,163,133,12,185,111,26,169,115,89,3,161,159,15,135,53,180,46,44,23,190,109,66,184,56,34,91,69,28,8,37,94,71,188,48,92,90,131,148,93,14,178,191,10,61,145,84,13,151,7,38,176,35,97,128,52,2,167,107,123,146,155,65,118,17,82,18,0,77,149,170,129,25,105,4,6,88,70,108,21,106,154,122,197,24,72,78,86,110,171,189,49,127,30,114,182,139,29,137,158,175,85,1,117,120,157,173,186,79,42,27,193,172,39,32,55,125,33,192,165,40,87,181,68,9,103,162,147,196,95,144,156,63,31,143,160,183,164,41,152,130,102,62,5,134,112,104,99,73,74,20,138,168,140,126,16,194,19,98,60,179,47,43,187,76,101,141,11,58,64,96,177,199,166,22,195,119,81,153,80,36,150,136,100,54,113,116,124,142,45,121];False
8015;6581;14596;[50,51,198,174,67,83,59,57,132,75,163,133,12,185,111,26,169,115,89,3,161,159,15,135,53,180,46,44,23,190,109,10,150,56,34,91,69,28,8,37,94,71,188,48,92,90,131,148,93,14,178,191,66,61,145,84,13,151,7,38,176,35,97,128,52,2,167,107,123,146,155,65,118,17,82,18,0,77,149,170,129,25,105,4,6,88,70,108,21,106,154,122,197,24,72,78,86,110,171,189,49,127,30,114,182,139,29,137,158,175,85,1,117,120,157,173,186,79,42,27,193,172,39,32,55,125,33,192,165,40,87,181,68,9,103,162,147,196,95,144,156,63,31,143,160,183,164,41,152,130,102,62,5,134,112,104,99,73,74,20,138,168,140,126,16,194,19,98,60,179,47,43,187,76,101,141,11,58,64,96,177,199,166,22,195,119,81,153,80,36,184,136,100,54,113,116,124,142,45,121];False
7868;6597;14465;[50,51,198,174,196,83,59,57,132,75,163,133,12,185,111,36,169,115,89,3,161,159,15,135,53,180,46,44,23,190,109,66,184,56,34,91,69,28,8,37,94,71,188,48,92,90,131,148,93,14,178,191,10,61,145,84,13,151,7,38,176,35,97,128,52,2,167,107,123,146,155,65,118,17,82,18,0,77,149,170,129,25,105,4,6,88,70,108,21,106,154,122,197,24,72,78,86,110,171,189,49,127,30,114,182,139,29,137,158,175,85,1,117,120,157,173,186,79,42,27,193,172,39,32,55,125,33,192,165,40,87,181,68,9,103,162,147,67,95,144,156,63,31,143,160,183,164,41,152,130,102,62,5,134,112,104,99,73,74,20,138,168,140,126,16,194,19,98,60,179,47,43,187,76,101,141,11,58,64,96,177,199,166,22,195,119,81,153,80,26,150,136,100,54,113,116,124,142,45,121];False
7811;6602;14413;[50,51,198,174,67,83,59,81,132,75,163,133,12,185,111,36,169,115,89,3,161,159,15,135,53,180,46,44,23,190,109,66,184,56,34,91,69,28,8,37,94,71,188,48,92,90,131,148,93,14,178,191,10,61,145,84,13,151,7,38,176,35,97,128,52,2,167,107,123,146,155,65,118,17,82,18,0,77,149,170,129,25,105,4,6,88,70,108,21,106,154,122,197,24,72,78,86,110,171,189,49,127,30,114,182,139,29,137,158,175,85,1,117,120,157,173,186,79,42,27,193,172,39,32,55,125,33,192,165,40,87,181,68,9,103,162,147,196,95,144,156,63,31,143,160,183,164,41,152,130,102,62,5,134,112,104,99,73,74,20,138,168,140,126,16,194,19,98,60,179,47,43,187,76,101,141,11,58,64,96,177,199,166,22,195,119,57,153,80,26,150,136,100,54,113,116,124,142,45,121];False
7849;6599;14448;[50,51,198,174,67,83,59,57,132,75,163,86,12,185,111,36,169,115,89,3,161,159,15,135,53,180,46,44,23,190,109,66,184,56,34,91,69,28,8,37,94,71,188,48,92,90,131,148,93,14,178,191,10,61,145,84,13,151,7,38,176,35,97,128,52,2,167,107,123,146,155,65,118,17,82,18,0,77,149,170,129,25,105,4,6,88,70,108,21,106,154,122,197,24,72,78,133,110,171,189,49,127,30,114,182,139,29,137,158,175,85,1,117,120,157,173,186,79,42,27,193,172,39,32,55,125,33,192,165,40,87,181,68,9,103,162,147,196,95,144,156,63,31,143,160,183,164,41,152,130,102,62,5,134,112,104,99,73,74,20,138,168,140,126,16,194,19,98,60,179,47,43,187,76,101,141,11,58,64,96,177,199,166,22,195,119,81,153,80,26,150,136,100,54,113,116,124,142,45,121];False
7836;6601;14437;[50,51,198,174,67,83,59,57,132,75,163,133,12,185,111,36,169,91,89,3,161,159,15,135,53,180,46,44,23,190,109,66,184,56,34,115,69,28,8,37,94,71,188,48,92,90,131,148,93,14,178,191,10,61,145,84,13,151,7,38,176,35,97,128,52,2,167,107,123,146,155,65,118,17,82,18,0,77,149,170,129,25,105,4,6,88,70,108,21,106,154,122,197,24,72,78,86,110,171,189,49,127,30,114,182,139,29,137,158,175,85,1,117,120,157,173,186,79,42,27,193,172,39,32,55,125,33,192,165,40,87,181,68,9,103,162,147,196,95,144,156,63,31,143,160,183,164,41,152,130,102,62,5,134,112,104,99,73,74,20,138,168,140,126,16,194,19,98,60,179,47,43,187,76,101,141,11,58,64,96,177,199,166,22,195,119,81,153,80,26,150,136,100,54,113,116,124,142,45,121];False
7860;6597;14457;[50,51,198,174,67,83,59,57,132,75,163,133,12,185,111,36,169,84,89,3,161,159,15,135,53,180,46,44,23,190,109,66,184,56,34,91,69,28,8,37,94,71,188,48,92,90,131,148,93,14,178,191,10,61,145,115,13,151,7,38,176,35,97,128,52,2,167,107,123,146,155,65,118,17,82,18,0,77,149,170,129,25,105,4,6,88,70,108,21,106,154,122,197,24,72,78,86,110,171,189,49,127,30,114,182,139,29,137,158,175,85,1,117,120,157,173,186,79,42,27,193,172,39,32,55,125,33,192,165,40,87,181,68,9,103,162,147,196,95,144,156,63,31,143,160,183,164,41,152,130,102,62,5,134,112,104,99,73,74,20,138,168,140,126,16,194,19,98,60,179,47,43,187,76,101,141,11,58,64,96,177,199,166,22,195,119,81,153,80,26,150,136,100,54,113,116,124,142,45,121];False
7816;6601;14417;[50,51,198,174,67,83,59,57,132,75,163,133,12,185,111,36,169,38,89,3,161,159,15,135,53,180,46,44,23,190,109,66,184,56,34,91,69,28,8,37,94,71,188,48,92,90,131,148,93,14,178,191,10,61,145,84,13,151,7,115,176,35,97,128,52,2,167,107,123,146,155,65,118,17,82,18,0,77,149,170,129,25,105,4,6,88,70,108,21,106,154,122,197,24,72,78,86,110,171,189,49,127,30,114,182,139,29,137,158,175,85,1,117,120,157,173,186,79,42,27,193,172,39,32,55,125,33,192,165,40,87,181,68,9,103,162,147,196,95,144,156,63,31,143,160,183,164,41,152,130,102,62,5,134,112,104,99,73,74,20,138,168,140,126,16,194,19,98,60,179,47,43,187,76,101,141,11,58,64,96,177,199,166,22,195,119,81,153,80,26,150,136,100,54,113,116,124,142,45,121];False
7783;6604;14387;[50,51,198,174,67,83,59,57,132,75,163,133,12,185,111,36,169,45,89,3,161,159,15,135,53,180,46,44,23,190,109,66,184,56,34,91,69,28,8,37,94,71,188,48,92,90,131,148,93,14,178,191,10,61,145,84,13,151,7,38,176,35,97,128,52,2,167,107,123,146,155,65,118,17,82,18,0,77,149,170,129,25,105,4,6,88,70,108,21,106,154,122,197,24,72,78,86,110,171,189,49,127,30,114,182,139,29,137,158,175,85,1,117,120,157,173,186,79,42,27,193,172,39,32,55,125,33,192,165,40,87,181,68,9,103,162,147,196,95,144,156,63,31,143,160,183,164,41,152,130,102,62,5,134,112,104,99,73,74,20,138,168,140,126,16,194,19,98,60,179,47,43,187,76,101,141,11,58,64,96,177,199,166,22,195,119,81,153,80,26,150,136,100,54,113,116,124,142,115,121];False
7868;6595;14463;[50,51,198,174,67,83,59,57,132,75,163,133,12,185,111,36,169,115,176,3,161,159,15,135,53,180,46,44,23,190,109,66,184,56,34,91,69,28,8,37,94,71,188,48,92,90,131,148,93,14,178,191,10,61,145,84,13,151,7,38,89,35,97,128,52,2,167,107,123,146,155,65,118,17,82,18,0,77,149,170,129,25,105,4,6,88,70,108,21,106,154,122,197,24,72,78,86,110,171,189,49,127,30,114,182,139,29,137,158,175,85,1,117,120,157,173,186,79,42,27,193,172,39,32,55,125,33,192,165,40,87,181,68,9,103,162,147,196,95,144,156,63,31,143,160,183,164,41,152,130,102,62,5,134,112,104,99,73,74,20,138,168,140,126,16,194,19,98,60,179,47,43,187,76,101,141,11,58,64,96,177,199,166,22,195,119,81,153,80,26,150,136,100,54,113,116,124,142,45,121];False
7840;6594;14434;[50,51,198,174,67,83,59,57,132,75,163,133,12,185,111,36,169,115,89,3,161,28,15,135,53,180,46,44,23,190,109,66,184,56,34,91,69,159,8,37,94,71,188,48,92,90,131,148,93,14,178,191,10,61,145,84,13,151,7,38,176,35,97,128,52,2,167,107,123,146,155,65,118,17,82,18,0,77,149,170,129,25,105,4,6,88,70,108,21,106,154,122,197,24,72,78,86,110,171,189,49,127,30,114,182,139,29,137,158,175,85,1,117,120,157,173,186,79,42,27,193,172,39,32,55,125,33,192,165,40,87,181,68,9,103,162,147,196,95,144,156,63,31,143,160,183,164,41,152,130,102,62,5,134,112,104,99,73,74,20,138,168,140,126,16,194,19,98,60,179,47,43,187,76,101,141,11,58,64,96,177,199,166,22,195,119,81,153,80,26,150,136,100,54,113,116,124,142,45,121];False
7774;6604;14378;[50,51,198,174,67,83,59,57,132,75,163,133,12,185,111,36,169,115,89,3,161,32,15,135,53,180,46,44,23,190,109,66,184,56,34,91,69,28,8,37,94,71,188,48,92,90,131,148,93,14,178,191,10,61,145,84,13,151,7,38,176,35,97,128,52,2,167,107,123,146,155,65,118,17,82,18,0,77,149,170,129,25,105,4,6,88,70,108,21,106,154,122,197,24,72,78,86,110,171,189,49,127,30,114,182,139,29,137,158,175,85,1,117,120,157,173,186,79,42,27,193,172,39,159,55,125,33,192,165,40,87,181,68,9,103,162,147,196,95,144,156,63,31,143,160,183,164,41,152,130,102,62,5,134,112,104,99,73,74,20,138,168,140,126,16,194,19,98,60,179,47,43,187,76,101,141,11,58,64,96,177,199,166,22,195,119,81,153,80,26,150,136,100,54,113,116,124,142,45,121];False
7825;6599;14424;[50,51,198,174,67,83,59,57,132,75,163,133,12,185,111,36,169,115,89,3,161,103,15,135,53,180,46,44,23,190,109,66,184,56,34,91,69,28,8,37,94,71,188,48,92,90,131,148,93,14,178,191,10,61,145,84,13,151,7,38,176,35,97,128,52,2,167,107,123,146,155,65,118,17,82,18,0,77,149,170,129,25,105,4,6,88,70,108,21,106,154,122,197,24,72,78,86,110,171,189,49,127,30,114,182,139,29,137,158,175,85,1,117,120,157,173,186,79,42,27,193,172,39,32,55,125,33,192,165,40,87,181,68,9,159,162,147,196,95,144,156,63,31,143,160,183,164,41,152,130,102,62,5,134,112,104,99,73,74,20,138,168,140,126,16,194,19,98,60,179,47,43,187,76,101,141,11,58,64,96,177,199,166,22,195,119,81,153,80,26,150,136,100,54,113,116,124,142,45,121];False
7800;6601;14401;[50,51,198,174,67,83,59,57,132,75,163,133,12,185,111,36,169,115,89,3,161,159,15,135,53,180,46,44,10,190,109,66,184,56,34,91,69,28,8,37,94,71,188,48,92,90,131,148,93,14,178,191,23,61,145,84,13,151,7,38,176,35,97,128,52,2,167,107,123,146,155,65,118,17,82,18,0,77,149,170,129,25,105,4,6,88,70,108,21,106,154,122,197,24,72,78,86,110,171,189,49,127,30,114,182,139,29,137,158,175,85,1,117,120,157,173,186,79,42,27,193,172,39,32,55,125,33,192,165,40,87,181,68,9,103,162,147,196,95,144,156,63,31,143,160,183,164,41,152,130,102,62,5,134,112,104,99,73,74,20,138,168,140,126,16,194,19,98,60,179,47,43,187,76,101,141,11,58,64,96,177,199,166,22,195,119,81,153,80,26,150,136,100,54,113,116,124,142,45,121];False
7821;6593;14414;[50,51,198,174,67,83,59,57,132,75,163,133,12,185,111,36,169,115,89,3,161,159,15,135,53,180,46,44,23,190,109,66,184,156,34,91,69,28,8,37,94,71,188,48,92,90,131,148,93,14,178,191,10,61,145,84,13,151,7,38,176,35,97,128,52,2,167,107,123,146,155,65,118,17,82,18,0,77,149,170,129,25,105,4,6,88,70,108,21,106,154,122,197,24,72,78,86,110,171,189,49,127,30,114,182,139,29,137,158,175,85,1,117,120,157,173,186,79,42,27,193,172,39,32,55,125,33,192,165,40,87,181,68,9,103,162,147,196,95,144,56,63,31,143,160,183,164,41,152,130,102,62,5,134,112,104,99,73,74,20,138,168,140,126,16,194,19,98,60,179,47,43,187,76,101,141,11,58,64,96,177,199,166,22,195,119,81,153,80,26,150,136,100,54,113,116,124,142,45,121];False
7789;6603;14392;[198,51,50,180,196,83,59,57,132,75,163,133,12,185,111,36,169,115,89,3,161,159,15,135,53,174,46,44,23,190,109,66,184,56,34,91,69,28,8,37,94,71,188,48,92,90,131,148,93,14,178,191,10,61,145,84,13,151,7,38,176,35,97,128,52,2,167,107,123,146,155,65,118,17,82,18,0,77,149,170,129,25,105,4,6,88,70,108,21,106,154,122,197,24,72,78,86,110,171,189,49,127,30,114,182,139,29,137,158,175,85,1,117,120,157,173,186,79,42,27,193,172,39,32,55,125,33,192,165,40,87,181,68,9,103,162,147,67,95,144,156,63,31,143,160,183,164,41,152,130,102,62,5,134,112,104,99,73,74,20,138,168,140,126,16,194,19,98,60,179,47,43,187,76,101,141,11,58,64,96,177,199,166,22,195,119,81,153,80,26,150,136,100,54,113,116,124,142,45,121];False
7850;6592;14442;[198,51,50,174,196,83,59,57,132,75,163,133,12,185,111,36,169,115,89,3,161,159,15,135,53,180,46,44,23,190,109,66,184,156,34,91,69,28,8,37,94,71,188,48,92,90,131,148,93,14,178,191,10,61,145,84,13,151,7,38,176,35,97,128,52,2,167,107,123,146,155,65,118,17,82,18,0,77,149,170,129,25,105,4,6,88,70,108,21,106,154,122,197,24,72,78,86,110,171,189,49,127,30,114,182,139,29,137,158,175,85,1,117,120,157,173,186,79,42,27,193,172,39,32,55,125,33,192,165,40,87,181,68,9,103,162,147,67,95,144,56,63,31,143,160,183,164,41,152,130,102,62,5,134,112,104,99,73,74,20,138,168,140,126,16,194,19,98,60,179,47,43,187,76,101,141,11,58,64,96,177,199,166,22,195,119,81,153,80,26,150,136,100,54,113,116,124,142,45,121];False
8169;6576;14745;[198,51,50,174,67,83,59,57,132,152,163,133,12,185,111,26,169,115,89,3,161,159,15,135,53,180,46,44,23,190,109,10,184,56,34,91,69,28,8,37,94,71,188,48,92,90,131,148,93,14,178,191,66,61,145,84,13,151,7,38,176,35,97,128,52,2,167,107,123,146,155,65,118,17,82,18,0,77,149,170,129,25,105,4,6,88,70,108,21,106,154,122,197,24,72,78,86,110,171,189,49,127,30,114,182,139,29,137,158,175,85,1,117,120,157,173,186,79,42,27,193,172,39,32,55,125,33,192,165,40,87,181,68,9,103,162,147,196,95,144,156,63,31,143,160,183,164,41,75,130,102,62,5,134,112,104,99,73,74,20,138,168,140,126,16,194,19,98,60,179,47,43,187,76,101,141,11,58,64,96,177,199,166,22,195,119,81,153,80,36,150,136,100,54,113,116,124,142,45,121];False
8147;6573;14720;[198,51,50,174,67,83,59,57,132,75,137,133,12,185,111,26,169,115,89,3,161,159,15,135,53,180,46,44,23,190,109,10,184,56,34,91,69,28,8,37,94,71,188,48,92,90,131,148,93,14,178,191,66,61,145,84,13,151,7,38,176,35,97,128,52,2,167,107,123,146,155,65,118,17,82,18,0,77,149,170,129,25,105,4,6,88,70,108,21,106,154,122,197,24,72,78,86,110,171,189,49,127,30,114,182,139,29,163,158,175,85,1,117,120,157,173,186,79,42,27,193,172,39,32,55,125,33,192,165,40,87,181,68,9,103,162,147,196,95,144,156,63,31,143,160,183,164,41,152,130,102,62,5,134,112,104,99,73,74,20,138,168,140,126,16,194,19,98,60,179,47,43,187,76,101,141,11,58,64,96,177,199,166,22,195,119,81,153,80,36,150,136,100,54,113,116,124,142,45,121];False
8111;6575;14686;[198,51,50,174,67,83,59,57,132,75,163,133,12,185,76,26,169,115,89,3,161,159,15,135,53,180,46,44,23,190,109,10,184,56,34,91,69,28,8,37,94,71,188,48,92,90,131,148,93,14,178,191,66,61,145,84,13,151,7,38,176,35,97,128,52,2,167,107,123,146,155,65,118,17,82,18,0,77,149,170,129,25,105,4,6,88,70,108,21,106,154,122,197,24,72,78,86,110,171,189,49,127,30,114,182,139,29,137,158,175,85,1,117,120,157,173,186,79,42,27,193,172,39,32,55,125,33,192,165,40,87,181,68,9,103,162,147,196,95,144,156,63,31,143,160,183,164,41,152,130,102,62,5,134,112,104,99,73,74,20,138,168,140,126,16,194,19,98,60,179,47,43,187,111,101,141,11,58,64,96,177,199,166,22,195,119,81,153,80,36,150,136,100,54,113,116,124,142,45,121];False
8017;6580;14597;[198,51,50,174,67,83,59,57,132,75,163,133,12,185,111,26,89,115,169,3,161,159,15,135,53,180,46,44,23,190,109,10,184,56,34,91,69,28,8,37,94,71,188,48,92,90,131,148,93,14,178,191,66,61,145,84,13,151,7,38,176,35,97,128,52,2,167,107,123,146,155,65,118,17,82,18,0,77,149,170,129,25,105,4,6,88,70,108,21,106,154,122,197,24,72,78,86,110,171,189,49,127,30,114,182,139,29,137,158,175,85,1,117,120,157,173,186,79,42,27,193,172,39,32,55,125,33,192,165,40,87,181,68,9,103,162,147,196,95,144,156,63,31,143,160,183,164,41,152,130,102,62,5,134,112,104,99,73,74,20,138,168,140,126,16,194,19,98,60,179,47,43,187,76,101,141,11,58,64,96,177,199,166,22,195,119,81,153,80,36,150,136,100,54,113,116,124,142,45,121];False
8042;6579;14621;[198,51,50,174,67,83,59,57,132,75,163,133,12,185,111,26,169,115,89,3,161,28,15,135,53,180,46,44,23,190,109,10,184,56,34,91,69,159,8,37,94,71,188,48,92,90,131,148,93,14,178,191,66,61,145,84,13,151,7,38,176,35,97,128,52,2,167,107,123,146,155,65,118,17,82,18,0,77,149,170,129,25,105,4,6,88,70,108,21,106,154,122,197,24,72,78,86,110,171,189,49,127,30,114,182,139,29,137,158,175,85,1,117,120,157,173,186,79,42,27,193,172,39,32,55,125,33,192,165,40,87,181,68,9,103,162,147,196,95,144,156,63,31,143,160,183,164,41,152,130,102,62,5,134,112,104,99,73,74,20,138,168,140,126,16,194,19,98,60,179,47,43,187,76,101,141,11,58,64,96,177,199,166,22,195,119,81,153,80,36,150,136,100,54,113,116,124,142,45,121];False
7974;6581;14555;[198,51,50,174,67,83,59,57,132,75,163,133,12,185,111,26,169,115,89,3,161,159,15,135,53,180,46,44,23,190,109,66,184,56,34,91,69,28,8,37,94,71,188,48,92,90,131,148,93,14,178,191,10,61,145,84,13,151,7,38,176,35,97,128,52,2,167,107,123,146,155,65,118,17,82,18,0,77,149,170,129,25,105,4,6,88,70,108,21,106,154,122,197,24,72,78,86,110,171,189,49,127,30,114,182,139,29,137,158,175,85,1,117,120,157,173,186,79,42,27,193,172,39,32,55,125,33,192,165,40,87,181,68,9,103,162,147,196,95,144,156,63,31,143,160,183,164,41,152,130,102,62,5,134,112,104,99,73,74,20,138,168,140,126,16,194,19,98,60,179,47,43,187,76,101,141,11,58,64,96,177,199,166,22,195,119,81,153,80,36,150,136,100,54,113,116,124,142,45,121];False
8051;6576;14627;[198,51,50,174,67,83,59,57,132,75,163,133,12,185,111,26,169,115,89,3,161,159,15,135,53,180,46,44,23,190,109,10,150,56,34,91,69,28,8,37,94,71,188,48,92,90,131,148,93,14,178,191,66,61,145,84,13,151,7,38,176,35,97,128,52,2,167,107,123,146,155,65,118,17,82,18,0,77,149,170,129,25,105,4,6,88,70,108,21,106,154,122,197,24,72,78,86,110,171,189,49,127,30,114,182,139,29,137,158,175,85,1,117,120,157,173,186,79,42,27,193,172,39,32,55,125,33,192,165,40,87,181,68,9,103,162,147,196,95,144,156,63,31,143,160,183,164,41,152,130,102,62,5,134,112,104,99,73,74,20,138,168,140,126,16,194,19,98,60,179,47,43,187,76,101,141,11,58,64,96,177,199,166,22,195,119,81,153,80,36,184,136,100,54,113,116,124,142,45,121];False
7819;6599;14418;[198,51,50,174,67,83,59,57,132,75,163,133,12,185,111,36,169,45,89,3,161,159,15,135,53,180,46,44,23,190,109,66,184,56,34,91,69,28,8,37,94,71,188,48,92,90,131,148,93,14,178,191,10,61,145,84,13,151,7,38,176,35,97,128,52,2,167,107,123,146,155,65,118,17,82,18,0,77,149,170,129,25,105,4,6,88,70,108,21,106,154,122,197,24,72,78,86,110,171,189,49,127,30,114,182,139,29,137,158,175,85,1,117,120,157,173,186,79,42,27,193,172,39,32,55,125,33,192,165,40,87,181,68,9,103,162,147,196,95,144,156,63,31,143,160,183,164,41,152,130,102,62,5,134,112,104,99,73,74,20,138,168,140,126,16,194,19,98,60,179,47,43,187,76,101,141,11,58,64,96,177,199,166,22,195,119,81,153,80,26,150,136,100,54,113,116,124,142,115,121];False
7904;6590;14494;[198,51,50,174,67,83,59,57,132,75,163,133,12,185,111,36,169,115,176,3,161,159,15,135,53,180,46,44,23,190,109,66,184,56,34,91,69,28,8,37,94,71,188,48,92,90,131,148,93,14,178,191,10,61,145,84,13,151,7,38,89,35,97,128,52,2,167,107,123,146,155,65,118,17,82,18,0,77,149,170,129,25,105,4,6,88,70,108,21,106,154,122,197,24,72,78,86,110,171,189,49,127,30,114,182,139,29,137,158,175,85,1,117,120,157,173,186,79,42,27,193,172,39,32,55,125,33,192,165,40,87,181,68,9,103,162,147,196,95,144,156,63,31,143,160,183,164,41,152,130,102,62,5,134,112,104,99,73,74,20,138,168,140,126,16,194,19,98,60,179,47,43,187,76,101,141,11,58,64,96,177,199,166,22,195,119,81,153,80,26,150,136,100,54,113,116,124,142,45,121];False
7876;6589;14465;[198,51,50,174,67,83,59,57,132,75,163,133,12,185,111,36,169,115,89,3,161,28,15,135,53,180,46,44,23,190,109,66,184,56,34,91,69,159,8,37,94,71,188,48,92,90,131,148,93,14,178,191,10,61,145,84,13,151,7,38,176,35,97,128,52,2,167,107,123,146,155,65,118,17,82,18,0,77,149,170,129,25,105,4,6,88,70,108,21,106,154,122,197,24,72,78,86,110,171,189,49,127,30,114,182,139,29,137,158,175,85,1,117,120,157,173,186,79,42,27,193,172,39,32,55,125,33,192,165,40,87,181,68,9,103,162,147,196,95,144,156,63,31,143,160,183,164,41,152,130,102,62,5,134,112,104,99,73,74,20,138,168,140,126,16,194,19,98,60,179,47,43,187,76,101,141,11,58,64,96,177,199,166,22,195,119,81,153,80,26,150,136,100,54,113,116,124,142,45,121];False
7810;6599;14409;[198,51,50,174,67,83,59,57,132,75,163,133,12,185,111,36,169,115,89,3,161,32,15,135,53,180,46,44,23,190,109,66,184,56,34,91,69,28,8,37,94,71,188,48,92,90,131,148,93,14,178,191,10,61,145,84,13,151,7,38,176,35,97,128,52,2,167,107,123,146,155,65,118,17,82,18,0,77,149,170,129,25,105,4,6,88,70,108,21,106,154,122,197,24,72,78,86,110,171,189,49,127,30,114,182,139,29,137,158,175,85,1,117,120,157,173,186,79,42,27,193,172,39,159,55,125,33,192,165,40,87,181,68,9,103,162,147,196,95,144,156,63,31,143,160,183,164,41,152,130,102,62,5,134,112,104,99,73,74,20,138,168,140,126,16,194,19,98,60,179,47,43,187,76,101,141,11,58,64,96,177,199,166,22,195,119,81,153,80,26,150,136,100,54,113,116,124,142,45,121];False
7713;6605;14318;[198,51,50,174,67,83,59,57,132,75,163,133,12,185,111,36,169,115,89,3,161,159,188,135,53,180,46,44,23,190,109,66,184,56,34,91,69,28,8,37,94,71,15,48,92,90,131,148,93,14,178,191,10,61,145,84,13,151,7,38,176,35,97,128,52,2,167,107,123,146,155,65,118,17,82,18,0,77,149,170,129,25,105,4,6,88,70,108,21,106,154,122,197,24,72,78,86,110,171,189,49,127,30,114,182,139,29,137,158,175,85,1,117,120,157,173,186,79,42,27,193,172,39,32,55,125,33,192,165,40,87,181,68,9,103,162,147,196,95,144,156,63,31,143,160,183,164,41,152,130,102,62,5,134,112,104,99,73,74,20,138,168,140,126,16,194,19,98,60,179,47,43,187,76,101,141,11,58,64,96,177,199,166,22,195,119,81,153,80,26,150,136,100,54,113,116,124,142,45,121];False
7857;6588;14445;[198,51,50,174,67,83,59,57,132,75,163,133,12,185,111,36,169,115,89,3,161,159,15,135,53,180,46,44,23,190,109,66,184,156,34,91,69,28,8,37,94,71,188,48,92,90,131,148,93,14,178,191,10,61,145,84,13,151,7,38,176,35,97,128,52,2,167,107,123,146,155,65,118,17,82,18,0,77,149,170,129,25,105,4,6,88,70,108,21,106,154,122,197,24,72,78,86,110,171,189,49,127,30,114,182,139,29,137,158,175,85,1,117,120,157,173,186,79,42,27,193,172,39,32,55,125,33,192,165,40,87,181,68,9,103,162,147,196,95,144,56,63,31,143,160,183,164,41,152,130,102,62,5,134,112,104,99,73,74,20,138,168,140,126,16,194,19,98,60,179,47,43,187,76,101,141,11,58,64,96,177,199,166,22,195,119,81,153,80,26,150,136,100,54,113,116,124,142,45,121];False
8023;6578;14601;[198,51,50,174,67,83,59,57,132,75,163,133,12,185,111,26,169,115,89,3,161,159,15,135,53,180,46,44,23,190,109,10,184,156,34,91,69,28,8,37,94,71,188,48,92,90,131,148,93,14,178,191,66,61,145,84,13,151,7,38,176,35,97,128,52,2,167,107,123,146,155,65,118,17,82,18,0,77,149,170,129,25,105,4,6,88,70,108,21,106,154,122,197,24,72,78,86,110,171,189,49,127,30,114,182,139,29,137,158,175,85,1,117,120,157,173,186,79,42,27,193,172,39,32,55,125,33,192,165,40,87,181,68,9,103,162,147,196,95,144,56,63,31,143,160,183,164,41,152,130,102,62,5,134,112,104,99,73,74,20,138,168,140,126,16,194,19,98,60,179,47,43,187,76,101,141,11,58,64,96,177,199,166,22,195,119,81,153,80,36,150,136,100,54,113,116,124,142,45,121];False
7925;6586;14511;[198,51,50,174,67,83,59,57,132,75,163,133,12,185,111,36,169,115,89,3,161,28,15,135,53,180,46,44,23,190,109,10,184,156,34,91,69,159,8,37,94,71,188,48,92,90,131,148,93,14,178,191,66,61,145,84,13,151,7,38,176,35,97,128,52,2,167,107,123,146,155,65,118,17,82,18,0,77,149,170,129,25,105,4,6,88,70,108,21,106,154,122,197,24,72,78,86,110,171,189,49,127,30,114,182,139,29,137,158,175,85,1,117,120,157,173,186,79,42,27,193,172,39,32,55,125,33,192,165,40,87,181,68,9,103,162,147,196,95,144,56,63,31,143,160,183,164,41,152,130,102,62,5,134,112,104,99,73,74,20,138,168,140,126,16,194,19,98,60,179,47,43,187,76,101,141,11,58,64,96,177,199,166,22,195,119,81,153,80,26,150,136,100,54,113,116,124,142,45,121];False
7762;6602;14364;[198,51,50,174,67,83,59,57,132,75,163,133,12,185,111,36,169,115,89,3,161,159,188,135,53,180,46,44,23,190,109,10,184,156,34,91,69,28,8,37,94,71,15,48,92,90,131,148,93,14,178,191,66,61,145,84,13,151,7,38,176,35,97,128,52,2,167,107,123,146,155,65,118,17,82,18,0,77,149,170,129,25,105,4,6,88,70,108,21,106,154,122,197,24,72,78,86,110,171,189,49,127,30,114,182,139,29,137,158,175,85,1,117,120,157,173,186,79,42,27,193,172,39,32,55,125,33,192,165,40,87,181,68,9,103,162,147,196,95,144,56,63,31,143,160,183,164,41,152,130,102,62,5,134,112,104,99,73,74,20,138,168,140,126,16,194,19,98,60,179,47,43,187,76,101,141,11,58,64,96,177,199,166,22,195,119,81,153,80,26,150,136,100,54,113,116,124,142,45,121];False
7899;6583;14482;[198,51,50,174,67,83,59,57,132,75,163,133,12,185,111,36,169,115,89,3,161,159,15,135,53,180,46,44,23,190,109,10,37,156,34,91,69,28,8,184,94,71,188,48,92,90,131,148,93,14,178,191,66,61,145,84,13,151,7,38,176,35,97,128,52,2,167,107,123,146,155,65,118,17,82,18,0,77,149,170,129,25,105,4,6,88,70,108,21,106,154,122,197,24,72,78,86,110,171,189,49,127,30,114,182,139,29,137,158,175,85,1,117,120,157,173,186,79,42,27,193,172,39,32,55,125,33,192,165,40,87,181,68,9,103,162,147,196,95,144,56,63,31,143,160,183,164,41,152,130,102,62,5,134,112,104,99,73,74,20,138,168,140,126,16,194,19,98,60,179,47,43,187,76,101,141,11,58,64,96,177,199,166,22,195,119,81,153,80,26,150,136,100,54,113,116,124,142,45,121];False
8457;6558;15015;[50,31,143,136,149,83,59,57,132,75,137,133,12,185,76,26,169,84,89,3,161,28,15,135,142,115,46,44,37,190,109,10,184,51,174,91,69,159,8,118,180,198,188,48,92,90,131,148,93,14,178,23,66,61,145,94,13,151,7,38,176,35,97,128,52,2,167,107,123,146,155,65,53,17,82,18,0,77,196,170,129,25,105,4,6,88,70,108,21,106,154,122,197,24,72,78,86,110,171,189,49,127,30,114,182,139,29,163,158,175,85,1,117,120,157,173,186,79,42,27,193,172,39,32,55,125,33,192,165,40,87,181,68,9,103,162,147,67,95,144,156,140,74,194,191,183,164,41,152,130,102,62,5,134,112,104,99,63,73,20,138,168,34,126,16,71,19,98,60,179,47,43,187,111,101,141,11,58,64,96,177,199,166,22,195,119,81,153,80,36,150,56,100,54,113,116,124,160,45,121];False
8488;6556;15044;[50,31,143,136,149,83,59,57,132,75,137,133,12,185,76,26,169,84,89,3,161,159,15,135,142,115,46,44,37,190,109,10,150,51,174,91,69,28,8,118,180,198,188,48,92,90,131,148,93,14,178,23,66,61,145,94,13,151,7,38,176,35,97,128,52,2,167,107,123,146,155,65,53,17,82,18,0,77,196,170,129,25,105,4,6,88,70,108,21,106,154,122,197,24,72,78,86,110,171,189,49,127,30,114,182,139,29,163,158,175,85,1,117,120,157,173,186,79,42,27,193,172,39,32,55,125,33,192,165,40,87,181,68,9,103,162,147,67,95,144,156,140,74,194,191,183,164,41,152,130,102,62,5,134,112,104,99,63,73,20,138,168,34,126,16,71,19,98,60,179,47,43,187,111,101,141,11,58,64,96,177,199,166,22,195,119,81,153,80,36,184,56,100,54,113,116,124,160,45,121];False
8417;6561;14978;[50,31,143,136,149,83,59,57,132,75,137,133,12,185,111,26,169,173,89,3,161,159,15,135,142,115,46,44,37,109,190,10,184,51,174,91,69,28,8,118,180,198,188,48,92,90,131,148,93,14,178,23,66,61,145,94,13,151,7,38,176,35,97,128,52,2,167,107,123,146,155,65,53,17,82,18,0,77,196,170,129,25,105,4,6,88,70,108,21,106,154,122,197,24,72,78,86,110,171,189,49,127,30,114,182,139,29,163,158,175,85,1,117,120,157,84,186,79,42,27,193,172,39,32,55,125,33,192,165,40,87,181,68,9,103,162,147,67,95,144,156,140,74,194,191,183,164,41,152,130,102,62,5,134,112,104,99,63,73,20,138,168,34,126,16,71,19,98,60,179,47,43,187,76,101,141,11,58,64,96,177,199,166,22,195,119,81,153,80,36,150,56,100,54,113,116,124,160,45,121];False
8528;6554;15082;[50,31,143,136,149,83,59,57,132,75,137,133,12,185,111,26,169,173,89,3,161,159,15,135,142,115,46,44,37,190,109,10,150,51,174,91,69,28,8,118,180,198,188,48,92,90,131,148,93,14,178,23,66,61,145,94,13,151,7,38,176,35,97,128,52,2,167,107,123,146,155,65,53,17,82,18,0,77,196,170,129,25,105,4,6,88,70,108,21,106,154,122,197,24,72,78,86,110,171,189,49,127,30,114,182,139,29,163,158,175,85,1,117,120,157,84,186,79,42,27,193,172,39,32,55,125,33,192,165,40,87,181,68,9,103,162,147,67,95,144,156,140,74,194,191,183,164,41,152,130,102,62,5,134,112,104,99,63,73,20,138,168,34,126,16,71,19,98,60,179,47,43,187,76,101,141,11,58,64,96,177,199,166,22,195,119,81,153,80,36,184,56,100,54,113,116,124,160,45,121];False
8339;6565;14904;[50,31,143,136,149,83,59,57,132,75,137,133,12,185,111,26,169,84,89,3,161,159,15,135,142,115,46,44,37,109,190,10,150,51,174,91,69,28,8,118,180,198,188,48,92,90,131,148,93,14,178,23,66,61,145,94,13,151,7,38,176,35,97,128,52,2,167,107,123,146,155,65,53,17,82,18,0,77,196,170,129,25,105,4,6,88,70,108,21,106,154,122,197,24,72,78,86,110,171,189,49,127,30,114,182,139,29,163,158,175,85,1,117,120,157,173,186,79,42,27,193,172,39,32,55,125,33,192,165,40,87,181,68,9,103,162,147,67,95,144,156,140,74,194,191,183,164,41,152,130,102,62,5,134,112,104,99,63,73,20,138,168,34,126,16,71,19,98,60,179,47,43,187,76,101,141,11,58,64,96,177,199,166,22,195,119,81,153,80,36,184,56,100,54,113,116,124,160,45,121];False
8419;6560;14979;[50,31,143,136,149,83,59,57,132,75,137,133,12,185,111,26,169,84,89,3,161,28,15,135,142,115,46,44,37,190,109,10,150,51,174,91,69,159,8,118,180,198,188,48,92,90,131,148,93,14,178,23,66,61,145,94,13,151,7,38,176,35,97,128,52,2,167,107,123,146,155,65,53,17,82,18,0,77,196,170,129,25,105,4,6,88,70,108,21,106,154,122,197,24,72,78,86,110,171,189,49,127,30,114,182,139,29,163,158,175,85,1,117,120,157,173,186,79,42,27,193,172,39,32,55,125,33,192,165,40,87,181,68,9,103,162,147,67,95,144,156,140,74,194,191,183,164,41,152,130,102,62,5,134,112,104,99,63,73,20,138,168,34,126,16,71,19,98,60,179,47,43,187,76,101,141,11,58,64,96,177,199,166,22,195,119,81,153,80,36,184,56,100,54,113,116,124,160,45,121];False
8363;6562;14925;[50,31,143,136,149,83,59,57,132,75,137,133,12,185,111,26,169,84,89,3,161,159,15,135,142,115,46,44,37,190,109,10,150,65,174,91,69,28,8,118,180,198,188,48,92,90,131,148,93,14,178,23,66,61,145,94,13,151,7,38,176,35,97,128,52,2,167,107,123,146,155,51,53,17,82,18,0,77,196,170,129,25,105,4,6,88,70,108,21,106,154,122,197,24,72,78,86,110,171,189,49,127,30,114,182,139,29,163,158,175,85,1,117,120,157,173,186,79,42,27,193,172,39,32,55,125,33,192,165,40,87,181,68,9,103,162,147,67,95,144,156,140,74,194,191,183,164,41,152,130,102,62,5,134,112,104,99,63,73,20,138,168,34,126,16,71,19,98,60,179,47,43,187,76,101,141,11,58,64,96,177,199,166,22,195,119,81,153,80,36,184,56,100,54,113,116,124,160,45,121];False
8429;6558;14987;[50,31,143,136,149,83,59,57,132,75,137,133,12,185,111,26,169,84,89,3,161,159,15,135,142,115,46,44,37,190,109,10,150,51,56,91,69,28,8,118,180,198,188,48,92,90,131,148,93,14,178,23,66,61,145,94,13,151,7,38,176,35,97,128,52,2,167,107,123,146,155,65,53,17,82,18,0,77,196,170,129,25,105,4,6,88,70,108,21,106,154,122,197,24,72,78,86,110,171,189,49,127,30,114,182,139,29,163,158,175,85,1,117,120,157,173,186,79,42,27,193,172,39,32,55,125,33,192,165,40,87,181,68,9,103,162,147,67,95,144,156,140,74,194,191,183,164,41,152,130,102,62,5,134,112,104,99,63,73,20,138,168,34,126,16,71,19,98,60,179,47,43,187,76,101,141,11,58,64,96,177,199,166,22,195,119,81,153,80,36,184,174,100,54,113,116,124,160,45,121];False
8286;6567;14853;[50,31,143,136,149,83,59,57,132,75,137,133,12,185,54,26,169,84,89,3,161,159,15,135,142,115,46,44,37,190,109,10,184,51,174,91,69,28,8,118,180,198,188,48,92,90,131,148,93,14,178,23,66,61,145,94,13,151,7,38,176,35,97,128,52,2,167,107,123,146,155,65,53,17,82,18,0,77,196,170,129,25,105,4,6,88,70,108,21,106,154,122,197,24,72,78,86,110,171,189,49,127,30,114,182,139,29,163,158,175,85,1,117,120,157,173,186,79,42,27,193,172,111,32,55,125,33,192,165,40,87,181,68,9,103,162,147,67,95,144,156,140,74,194,191,183,164,41,152,130,102,62,5,134,112,104,99,63,73,20,138,168,34,126,16,71,19,98,60,179,47,43,187,76,101,141,11,58,64,96,177,199,166,22,195,119,81,153,80,36,150,56,100,39,113,116,124,160,45,121];False
8189;6564;14753;[50,31,143,136,149,83,59,57,132,75,163,133,12,185,54,197,169,84,89,3,161,159,15,135,142,115,46,44,37,190,109,10,184,51,174,91,69,28,8,118,180,198,188,48,92,90,131,148,93,14,178,23,66,61,145,94,13,151,7,38,176,35,97,128,52,2,167,107,123,146,155,65,53,17,82,18,0,77,196,170,129,25,105,4,6,88,70,108,21,106,154,122,26,24,72,78,86,110,171,189,49,127,30,114,182,139,29,137,158,175,85,1,117,120,157,173,186,79,42,27,193,172,111,32,55,125,33,192,165,40,87,181,68,9,103,162,147,67,95,144,156,140,74,194,191,183,164,41,152,130,102,62,5,134,112,104,99,63,73,20,138,168,34,126,16,71,19,98,60,179,47,43,187,76,101,141,11,58,64,96,177,199,166,22,195,119,81,153,80,36,150,56,100,39,113,116,124,160,45,121];False
8393;6560;14953;[50,31,143,136,149,83,59,57,132,75,163,133,12,185,76,26,169,84,89,3,161,159,15,135,142,115,46,44,37,190,109,10,150,51,56,91,69,28,8,118,180,198,188,48,92,90,131,148,93,14,178,23,66,61,145,94,13,151,7,38,176,35,97,128,52,2,167,107,123,146,155,65,53,17,82,18,0,77,196,170,129,25,105,4,6,88,70,108,21,106,154,122,197,24,72,78,86,110,171,189,49,127,30,114,182,139,29,137,158,175,85,1,117,120,157,173,186,79,42,27,193,172,39,32,55,125,33,192,165,40,87,181,68,9,103,162,147,67,95,144,156,140,74,194,191,183,164,41,152,130,102,62,5,134,112,104,99,63,73,20,138,168,34,126,16,71,19,98,60,179,47,43,187,111,101,141,11,58,64,96,177,199,166,22,195,119,81,153,80,36,184,174,100,54,113,116,124,160,45,121];False
8318;6557;14875;[50,31,143,136,149,83,59,57,132,75,163,133,12,185,111,26,169,84,89,3,161,159,15,135,142,115,46,44,37,190,109,10,150,51,34,91,69,28,8,118,180,198,188,48,92,90,131,148,93,14,178,23,66,61,145,94,13,151,7,38,176,35,97,128,52,2,167,107,123,146,155,65,53,17,82,18,0,77,196,170,129,25,105,4,6,88,70,108,21,106,154,122,197,24,72,78,86,110,171,189,49,127,30,114,182,139,29,137,158,175,85,1,117,120,157,173,186,79,42,27,193,172,39,32,55,125,33,192,165,40,87,181,68,9,103,162,147,67,95,144,156,140,74,194,191,183,164,41,152,130,102,62,5,134,112,104,99,63,73,20,138,168,56,126,16,71,19,98,60,179,47,43,187,76,101,141,11,58,64,96,177,199,166,22,195,119,81,153,80,36,184,174,100,54,113,116,124,160,45,121];False
8514;6549;15063;[73,174,67,36,149,83,59,57,132,75,137,133,12,185,54,120,157,84,89,3,161,159,15,135,20,173,46,44,37,190,109,10,184,51,34,91,69,28,8,118,180,53,188,48,92,90,131,148,93,14,178,142,66,61,145,94,13,151,7,38,176,35,97,111,52,2,95,107,123,50,155,65,198,17,82,18,0,77,196,170,129,25,105,4,6,88,70,108,21,106,154,122,197,24,72,78,86,110,171,189,49,127,30,114,182,139,29,163,158,128,85,1,117,167,169,115,186,79,42,27,193,172,39,32,55,125,33,192,165,40,87,181,68,9,103,162,147,23,136,144,156,146,31,143,191,183,164,41,152,130,102,62,5,134,112,104,99,63,74,194,138,168,140,126,16,71,19,98,60,179,47,43,187,76,101,141,11,58,64,96,177,199,166,22,195,119,81,153,80,26,150,56,100,175,113,116,124,160,45,121];False
8495;6553;15048;[50,174,67,36,149,83,59,57,132,75,163,133,12,185,54,120,157,84,89,3,161,159,15,135,20,173,46,44,37,190,109,10,184,51,34,91,69,28,8,118,180,53,188,48,92,90,131,148,93,14,178,142,66,61,145,94,13,151,7,38,176,35,97,111,52,2,95,107,123,73,155,65,198,17,82,18,0,77,196,170,129,25,105,4,6,88,70,108,21,106,154,122,197,24,72,78,86,110,171,189,49,127,30,114,182,139,29,137,158,128,85,1,117,167,169,115,186,79,42,27,193,172,39,32,55,125,33,192,165,40,87,181,68,9,103,162,147,23,136,144,156,146,31,143,191,183,164,41,152,130,102,62,5,134,112,104,99,63,74,194,138,168,140,126,16,71,19,98,60,179,47,43,187,76,101,141,11,58,64,96,177,199,166,22,195,119,81,153,80,26,150,56,100,175,113,116,124,160,45,121];False
8458;6554;15012;[50,174,67,36,149,83,59,57,132,75,137,133,12,185,54,120,157,84,89,3,161,159,15,135,20,173,46,44,29,190,109,10,184,51,34,91,69,28,8,118,180,53,188,48,92,90,131,148,93,14,178,142,66,61,145,94,13,151,7,38,176,35,97,111,52,2,95,107,123,73,155,65,198,17,82,18,0,77,196,170,129,25,105,4,6,88,70,108,21,106,154,122,197,24,72,78,86,110,171,189,49,127,30,114,182,139,37,163,158,128,85,1,117,167,169,115,186,79,42,27,193,172,39,32,55,125,33,192,165,40,87,181,68,9,103,162,147,23,136,144,156,146,31,143,191,183,164,41,152,130,102,62,5,134,112,104,99,63,74,194,138,168,140,126,16,71,19,98,60,179,47,43,187,76,101,141,11,58,64,96,177,199,166,22,195,119,81,153,80,26,150,56,100,175,113,116,124,160,45,121];False
8450;6554;15004;[50,174,67,36,149,83,59,57,132,75,137,133,12,185,54,120,157,84,89,3,161,159,15,135,20,173,46,44,37,109,190,10,184,51,34,91,69,28,8,118,180,53,188,48,92,90,131,148,93,14,178,142,66,61,145,94,13,151,7,38,176,35,97,111,52,2,95,107,123,73,155,65,198,17,82,18,0,77,196,170,129,25,105,4,6,88,70,108,21,106,154,122,197,24,72,78,86,110,171,189,49,127,30,114,182,139,29,163,158,128,85,1,117,167,169,115,186,79,42,27,193,172,39,32,55,125,33,192,165,40,87,181,68,9,103,162,147,23,136,144,156,146,31,143,191,183,164,41,152,130,102,62,5,134,112,104,99,63,74,194,138,168,140,126,16,71,19,98,60,179,47,43,187,76,101,141,11,58,64,96,177,199,166,22,195,119,81,153,80,26,150,56,100,175,113,116,124,160,45,121];False
8405;6553;14958;[50,174,67,36,149,83,59,57,132,75,137,133,12,185,54,120,157,84,89,3,161,159,15,135,20,173,46,44,37,190,109,66,184,51,34,91,69,28,8,118,180,53,188,48,92,90,131,148,93,14,178,142,10,61,145,94,13,151,7,38,176,35,97,111,52,2,95,107,123,73,155,65,198,17,82,18,0,77,196,170,129,25,105,4,6,88,70,108,21,106,154,122,197,24,72,78,86,110,171,189,49,127,30,114,182,139,29,163,158,128,85,1,117,167,169,115,186,79,42,27,193,172,39,32,55,125,33,192,165,40,87,181,68,9,103,162,147,23,136,144,156,146,31,143,191,183,164,41,152,130,102,62,5,134,112,104,99,63,74,194,138,168,140,126,16,71,19,98,60,179,47,43,187,76,101,141,11,58,64,96,177,199,166,22,195,119,81,153,80,26,150,56,100,175,113,116,124,160,45,121];False
8512;6552;15064;[50,174,67,36,149,83,59,57,132,75,137,133,12,185,54,120,157,84,89,3,161,159,15,135,20,173,46,44,37,190,109,10,184,126,34,91,69,28,8,118,180,53,188,48,92,90,131,148,93,14,178,142,66,61,145,94,13,151,7,38,176,35,97,111,52,2,95,107,123,73,155,65,198,17,82,18,0,77,196,170,129,25,105,4,6,88,70,108,21,106,154,122,197,24,72,78,86,110,171,189,49,127,30,114,182,139,29,163,158,128,85,1,117,167,169,115,186,79,42,27,193,172,39,32,55,125,33,192,165,40,87,181,68,9,103,162,147,23,136,144,156,146,31,143,191,183,164,41,152,130,102,62,5,134,112,104,99,63,74,194,138,168,140,51,16,71,19,98,60,179,47,43,187,76,101,141,11,58,64,96,177,199,166,22,195,119,81,153,80,26,150,56,100,175,113,116,124,160,45,121];False
8508;6549;15057;[50,174,67,36,149,83,59,57,132,75,137,133,12,185,54,120,157,84,89,3,161,159,15,135,20,173,46,44,37,190,109,10,184,51,34,91,69,28,8,118,29,53,188,48,92,90,131,148,93,14,178,142,66,61,145,94,13,151,7,38,176,35,97,111,52,2,95,107,123,73,155,65,198,17,82,18,0,77,196,170,129,25,105,4,6,88,70,108,21,106,154,122,197,24,72,78,86,110,171,189,49,127,30,114,182,139,180,163,158,128,85,1,117,167,169,115,186,79,42,27,193,172,39,32,55,125,33,192,165,40,87,181,68,9,103,162,147,23,136,144,156,146,31,143,191,183,164,41,152,130,102,62,5,134,112,104,99,63,74,194,138,168,140,126,16,71,19,98,60,179,47,43,187,76,101,141,11,58,64,96,177,199,166,22,195,119,81,153,80,26,150,56,100,175,113,116,124,160,45,121];False
8520;6548;15068;[50,174,67,36,149,83,59,57,132,75,137,133,12,185,54,120,157,84,89,3,161,159,15,135,20,173,46,44,37,190,109,10,184,51,34,91,69,28,8,118,124,53,188,48,92,90,131,148,93,14,178,142,66,61,145,94,13,151,7,38,176,35,97,111,52,2,95,107,123,73,155,65,198,17,82,18,0,77,196,170,129,25,105,4,6,88,70,108,21,106,154,122,197,24,72,78,86,110,171,189,49,127,30,114,182,139,29,163,158,128,85,1,117,167,169,115,186,79,42,27,193,172,39,32,55,125,33,192,165,40,87,181,68,9,103,162,147,23,136,144,156,146,31,143,191,183,164,41,152,130,102,62,5,134,112,104,99,63,74,194,138,168,140,126,16,71,19,98,60,179,47,43,187,76,101,141,11,58,64,96,177,199,166,22,195,119,81,153,80,26,150,56,100,175,113,116,180,160,45,121];False
8539;6544;15083;[73,174,67,36,149,83,59,57,132,75,137,133,12,185,54,120,157,84,89,3,161,159,15,135,71,173,46,44,37,190,109,10,184,51,34,91,69,28,8,118,180,53,188,48,92,90,131,148,93,14,178,142,66,61,145,94,13,151,7,38,176,35,97,111,52,2,95,107,123,50,155,65,198,17,82,18,0,77,196,170,129,25,105,4,6,88,70,108,21,106,154,122,197,24,72,78,86,110,171,189,49,127,30,114,182,139,29,163,158,128,85,1,117,167,169,115,186,79,42,27,193,172,39,32,55,125,33,192,165,40,87,181,68,9,103,162,147,23,136,144,156,146,31,143,191,183,164,41,152,130,102,62,5,134,112,104,99,63,74,20,138,168,140,126,16,194,19,98,60,179,47,43,187,76,101,141,11,58,64,96,177,199,166,22,195,119,81,153,80,26,150,56,100,175,113,116,124,160,45,121];False
8644;6540;15184;[50,174,67,36,149,83,59,57,132,75,137,133,12,185,54,120,157,84,169,3,161,159,15,135,71,173,46,44,37,190,109,10,184,51,34,91,69,28,8,118,180,53,188,48,92,90,131,148,93,14,178,142,66,61,145,94,13,151,7,38,176,35,97,111,52,2,95,107,123,73,155,65,198,17,82,18,0,77,196,170,129,25,105,4,6,88,70,108,21,106,154,122,197,24,72,78,86,110,171,189,49,127,30,114,182,139,29,163,158,128,85,1,117,167,89,115,186,79,42,27,193,172,39,32,55,125,33,192,165,40,87,181,68,9,103,162,147,23,136,144,156,146,31,143,191,183,164,41,152,130,102,62,5,134,112,104,99,63,74,20,138,168,140,126,16,194,19,98,60,179,47,43,187,76,101,141,11,58,64,96,177,199,166,22,195,119,81,153,80,26,150,56,100,175,113,116,124,160,45,121];False
8395;6549;14944;[50,174,67,36,149,83,59,57,132,75,137,133,12,185,54,120,157,84,89,3,161,159,15,135,71,165,46,44,37,190,109,10,184,51,34,91,69,28,8,118,180,53,188,48,92,90,131,148,93,14,178,142,66,61,145,94,13,151,7,38,176,35,97,111,52,2,95,107,123,73,155,65,198,17,82,18,0,77,196,170,129,25,105,4,6,88,70,108,21,106,154,122,197,24,72,78,86,110,171,189,49,127,30,114,182,139,29,163,158,128,85,1,117,167,169,115,186,79,42,27,193,172,39,32,55,125,33,192,173,40,87,181,68,9,103,162,147,23,136,144,156,146,31,143,191,183,164,41,152,130,102,62,5,134,112,104,99,63,74,20,138,168,140,126,16,194,19,98,60,179,47,43,187,76,101,141,11,58,64,96,177,199,166,22,195,119,81,153,80,26,150,56,100,175,113,116,124,160,45,121];False
8430;6548;14978;[50,174,67,36,149,83,59,57,132,75,137,133,12,185,54,120,157,84,89,3,161,159,15,135,71,173,46,44,37,190,109,66,184,51,34,91,69,28,8,118,180,53,188,48,92,90,131,148,93,14,178,142,10,61,145,94,13,151,7,38,176,35,97,111,52,2,95,107,123,73,155,65,198,17,82,18,0,77,196,170,129,25,105,4,6,88,70,108,21,106,154,122,197,24,72,78,86,110,171,189,49,127,30,114,182,139,29,163,158,128,85,1,117,167,169,115,186,79,42,27,193,172,39,32,55,125,33,192,165,40,87,181,68,9,103,162,147,23,136,144,156,146,31,143,191,183,164,41,152,130,102,62,5,134,112,104,99,63,74,20,138,168,140,126,16,194,19,98,60,179,47,43,187,76,101,141,11,58,64,96,177,199,166,22,195,119,81,153,80,26,150,56,100,175,113,116,124,160,45,121];False
8537;6547;15084;[50,174,67,36,149,83,59,57,132,75,137,133,12,185,54,120,157,84,89,3,161,159,15,135,71,173,46,44,37,190,109,10,184,126,34,91,69,28,8,118,180,53,188,48,92,90,131,148,93,14,178,142,66,61,145,94,13,151,7,38,176,35,97,111,52,2,95,107,123,73,155,65,198,17,82,18,0,77,196,170,129,25,105,4,6,88,70,108,21,106,154,122,197,24,72,78,86,110,171,189,49,127,30,114,182,139,29,163,158,128,85,1,117,167,169,115,186,79,42,27,193,172,39,32,55,125,33,192,165,40,87,181,68,9,103,162,147,23,136,144,156,146,31,143,191,183,164,41,152,130,102,62,5,134,112,104,99,63,74,20,138,168,140,51,16,194,19,98,60,179,47,43,187,76,101,141,11,58,64,96,177,199,166,22,195,119,81,153,80,26,150,56,100,175,113,116,124,160,45,121];False
8533;6544;15077;[50,174,67,36,149,83,59,57,132,75,137,133,12,185,54,120,157,84,89,3,161,159,15,135,71,173,46,44,37,190,109,10,184,51,34,91,69,28,8,118,29,53,188,48,92,90,131,148,93,14,178,142,66,61,145,94,13,151,7,38,176,35,97,111,52,2,95,107,123,73,155,65,198,17,82,18,0,77,196,170,129,25,105,4,6,88,70,108,21,106,154,122,197,24,72,78,86,110,171,189,49,127,30,114,182,139,180,163,158,128,85,1,117,167,169,115,186,79,42,27,193,172,39,32,55,125,33,192,165,40,87,181,68,9,103,162,147,23,136,144,156,146,31,143,191,183,164,41,152,130,102,62,5,134,112,104,99,63,74,20,138,168,140,126,16,194,19,98,60,179,47,43,187,76,101,141,11,58,64,96,177,199,166,22,195,119,81,153,80,26,150,56,100,175,113,116,124,160,45,121];False
8545;6543;15088;[50,174,67,36,149,83,59,57,132,75,137,133,12,185,54,120,157,84,89,3,161,159,15,135,71,173,46,44,37,190,109,10,184,51,34,91,69,28,8,118,124,53,188,48,92,90,131,148,93,14,178,142,66,61,145,94,13,151,7,38,176,35,97,111,52,2,95,107,123,73,155,65,198,17,82,18,0,77,196,170,129,25,105,4,6,88,70,108,21,106,154,122,197,24,72,78,86,110,171,189,49,127,30,114,182,139,29,163,158,128,85,1,117,167,169,115,186,79,42,27,193,172,39,32,55,125,33,192,165,40,87,181,68,9,103,162,147,23,136,144,156,146,31,143,191,183,164,41,152,130,102,62,5,134,112,104,99,63,74,20,138,168,140,126,16,194,19,98,60,179,47,43,187,76,101,141,11,58,64,96,177,199,166,22,195,119,81,153,80,26,150,56,100,175,113,116,180,160,45,121];False
9020;6534;15554;[73,174,23,136,149,83,59,57,132,75,137,133,12,185,76,26,193,173,89,3,161,159,15,135,194,115,46,44,37,190,109,10,184,51,34,91,69,28,8,118,124,53,188,48,92,90,131,148,93,14,178,142,66,61,145,94,13,151,7,38,176,35,97,128,52,2,167,107,123,50,155,65,198,17,82,18,0,77,196,170,129,25,105,4,6,88,70,108,21,106,154,122,197,24,72,78,86,110,171,189,49,127,30,114,182,139,29,163,158,175,85,1,117,120,157,84,186,79,42,27,169,172,39,32,55,125,33,192,165,40,87,181,68,9,103,162,147,67,95,144,156,146,31,143,191,183,164,41,152,130,102,62,5,134,112,104,99,63,74,20,138,168,140,126,16,71,19,98,60,179,47,43,187,111,101,141,11,58,64,96,177,199,166,22,195,119,81,153,80,36,150,56,100,54,113,116,180,160,45,121];False
8930;6537;15467;[73,174,23,136,149,83,59,57,132,75,137,133,12,185,76,26,193,173,89,3,161,159,15,135,194,115,46,44,37,190,109,66,184,48,34,91,69,28,8,118,124,53,188,51,92,90,131,148,93,14,178,142,10,61,145,94,13,151,7,38,176,35,97,128,52,2,167,107,123,50,155,65,198,17,82,18,0,77,196,170,129,25,105,4,6,88,70,108,21,106,154,122,197,24,72,78,86,110,171,189,49,127,30,114,182,139,29,163,158,175,85,1,117,120,157,84,186,79,42,27,169,172,39,32,55,125,33,192,165,40,87,181,68,9,103,162,147,67,95,144,156,146,31,143,191,183,164,41,152,130,102,62,5,134,112,104,99,63,74,20,138,168,140,126,16,71,19,98,60,179,47,43,187,111,101,141,11,58,64,96,177,199,166,22,195,119,81,153,80,36,150,56,100,54,113,116,180,160,45,121];False
8831;6539;15370;[73,174,23,136,149,83,59,57,132,75,137,133,12,185,76,26,193,173,89,3,161,159,15,135,194,115,46,44,37,190,109,66,184,51,34,91,69,28,8,118,124,198,188,48,92,90,131,148,93,14,178,142,10,61,145,94,13,151,7,38,176,35,97,128,52,2,167,107,123,50,155,65,53,17,82,18,0,77,196,170,129,25,105,4,6,88,70,108,21,106,154,122,197,24,72,78,86,110,171,189,49,127,30,114,182,139,29,163,158,175,85,1,117,120,157,84,186,79,42,27,169,172,39,32,55,125,33,192,165,40,87,181,68,9,103,162,147,67,95,144,156,146,31,143,191,183,164,41,152,130,102,62,5,134,112,104,99,63,74,20,138,168,140,126,16,71,19,98,60,179,47,43,187,111,101,141,11,58,64,96,177,199,166,22,195,119,81,153,80,36,150,56,100,54,113,116,180,160,45,121];False
8882;6538;15420;[50,174,23,136,149,83,59,57,132,75,137,133,12,185,76,26,193,173,89,3,161,159,15,135,194,115,46,44,37,190,109,66,184,51,34,91,69,28,8,118,124,198,188,48,92,90,131,148,93,14,178,142,10,61,145,94,13,151,7,38,176,35,97,128,52,2,167,107,123,73,155,65,53,17,82,18,0,77,196,170,129,25,105,4,6,88,70,108,21,106,154,122,197,24,72,78,86,110,171,189,49,127,30,114,182,139,29,163,158,175,85,1,117,120,157,84,186,79,42,27,169,172,39,32,55,125,33,192,165,40,87,181,68,9,103,162,147,67,95,144,156,146,31,143,191,183,164,41,152,130,102,62,5,134,112,104,99,63,74,20,138,168,140,126,16,71,19,98,60,179,47,43,187,111,101,141,11,58,64,96,177,199,166,22,195,119,81,153,80,36,150,56,100,54,113,116,180,160,45,121];False
9075;6532;15607;[50,174,23,136,149,83,59,57,132,75,137,133,12,185,76,98,193,173,89,3,161,159,15,135,194,115,46,44,37,190,109,10,184,51,34,91,69,28,8,118,180,53,188,48,92,90,131,148,93,14,178,142,66,61,145,94,13,151,7,38,176,35,97,128,52,2,167,107,123,73,155,65,198,17,82,18,0,77,196,170,129,25,105,4,6,88,70,108,21,106,154,122,197,24,72,78,86,110,171,189,49,127,30,114,182,139,29,163,158,175,85,1,117,120,157,84,186,79,42,27,169,172,39,32,55,125,33,192,165,40,87,181,68,9,103,162,147,67,95,144,156,146,31,143,191,183,164,41,152,130,102,62,5,134,112,104,99,63,74,20,138,168,140,126,16,71,19,80,60,179,47,43,187,111,101,141,11,58,64,96,177,199,166,22,195,119,81,153,26,36,150,56,100,54,113,116,124,160,45,121];False
9091;6527;15618;[73,174,23,136,149,80,59,57,132,75,137,133,12,185,76,98,193,173,89,3,161,159,15,135,194,115,46,44,37,190,109,10,184,51,34,91,69,28,8,118,180,53,188,48,92,90,131,148,93,14,178,142,66,61,145,94,13,151,7,38,176,35,97,128,52,2,167,107,123,50,155,65,198,17,82,18,0,77,196,170,129,25,105,4,6,88,70,108,21,106,154,122,197,24,72,78,86,110,171,189,49,127,30,114,182,139,29,163,158,175,85,1,117,120,157,84,186,79,42,27,169,172,39,32,55,125,33,192,165,40,87,181,68,9,103,162,147,67,95,144,156,146,31,143,191,183,164,41,152,130,102,62,5,134,112,104,99,63,74,20,138,168,140,126,16,71,19,83,60,179,47,43,187,111,101,141,11,58,64,96,177,199,166,22,195,119,81,153,26,36,150,56,100,54,113,116,124,160,45,121];False
8989;6534;15523;[73,174,23,136,149,83,59,57,132,75,137,133,12,185,76,98,193,173,89,3,161,28,15,135,194,115,46,44,37,190,109,10,184,51,34,91,69,159,8,118,180,53,188,48,92,90,131,148,93,14,178,142,66,61,145,94,13,151,7,38,176,35,97,128,52,2,167,107,123,50,155,65,198,17,82,18,0,77,196,170,129,25,105,4,6,88,70,108,21,106,154,122,197,24,72,78,86,110,171,189,49,127,30,114,182,139,29,163,158,175,85,1,117,120,157,84,186,79,42,27,169,172,39,32,55,125,33,192,165,40,87,181,68,9,103,162,147,67,95,144,156,146,31,143,191,183,164,41,152,130,102,62,5,134,112,104,99,63,74,20,138,168,140,126,16,71,19,80,60,179,47,43,187,111,101,141,11,58,64,96,177,199,166,22,195,119,81,153,26,36,150,56,100,54,113,116,124,160,45,121];False
8864;6538;15402;[73,174,23,136,149,83,59,57,132,75,137,133,12,185,76,98,193,173,89,3,161,159,15,135,194,115,46,44,37,190,109,66,184,51,34,91,69,28,8,118,180,53,188,48,92,90,131,148,93,14,178,142,10,61,145,94,13,151,7,38,176,35,97,128,52,2,167,107,123,50,155,65,198,17,82,18,0,77,196,170,129,25,105,4,6,88,70,108,21,106,154,122,197,24,72,78,86,110,171,189,49,127,30,114,182,139,29,163,158,175,85,1,117,120,157,84,186,79,42,27,169,172,39,32,55,125,33,192,165,40,87,181,68,9,103,162,147,67,95,144,156,146,31,143,191,183,164,41,152,130,102,62,5,134,112,104,99,63,74,20,138,168,140,126,16,71,19,80,60,179,47,43,187,111,101,141,11,58,64,96,177,199,166,22,195,119,81,153,26,36,150,56,100,54,113,116,124,160,45,121];False
9020;6532;15552;[73,174,23,136,149,83,59,57,132,75,137,133,12,185,76,98,193,173,89,3,161,159,15,135,194,115,46,44,37,190,109,10,150,51,34,91,69,28,8,118,180,53,188,48,92,90,131,148,93,14,178,142,66,61,145,94,13,151,7,38,176,35,97,128,52,2,167,107,123,50,155,65,198,17,82,18,0,77,196,170,129,25,105,4,6,88,70,108,21,106,154,122,197,24,72,78,86,110,171,189,49,127,30,114,182,139,29,163,158,175,85,1,117,120,157,84,186,79,42,27,169,172,39,32,55,125,33,192,165,40,87,181,68,9,103,162,147,67,95,144,156,146,31,143,191,183,164,41,152,130,102,62,5,134,112,104,99,63,74,20,138,168,140,126,16,71,19,80,60,179,47,43,187,111,101,141,11,58,64,96,177,199,166,22,195,119,81,153,26,36,184,56,100,54,113,116,124,160,45,121];False
8930;6536;15466;[73,174,23,136,149,83,59,57,132,75,137,133,12,185,76,80,193,173,89,3,161,28,15,135,194,115,46,44,37,190,109,10,150,51,34,91,69,159,8,118,180,53,188,48,92,90,131,148,93,14,178,142,66,61,145,94,13,151,7,38,176,35,97,128,52,2,167,107,123,50,155,65,198,17,82,18,0,77,196,170,129,25,105,4,6,88,70,108,21,106,154,122,197,24,72,78,86,110,171,189,49,127,30,114,182,139,29,163,158,175,85,1,117,120,157,84,186,79,42,27,169,172,39,32,55,125,33,192,165,40,87,181,68,9,103,162,147,67,95,144,156,146,31,143,191,183,164,41,152,130,102,62,5,134,112,104,99,63,74,20,138,168,140,126,16,71,19,98,60,179,47,43,187,111,101,141,11,58,64,96,177,199,166,22,195,119,81,153,26,36,184,56,100,54,113,116,124,160,45,121];False
8908;6536;15444;[73,174,23,136,149,83,59,57,132,75,137,133,12,185,76,80,193,173,89,3,161,159,15,135,194,115,46,44,37,190,109,10,150,51,34,91,69,28,8,118,29,53,188,48,92,90,131,148,93,14,178,142,66,61,145,94,13,151,7,38,176,35,97,128,52,2,167,107,123,50,155,65,198,17,82,18,0,77,196,170,129,25,105,4,6,88,70,108,21,106,154,122,197,24,72,78,86,110,171,189,49,127,30,114,182,139,180,163,158,175,85,1,117,120,157,84,186,79,42,27,169,172,39,32,55,125,33,192,165,40,87,181,68,9,103,162,147,67,95,144,156,146,31,143,191,183,164,41,152,130,102,62,5,134,112,104,99,63,74,20,138,168,140,126,16,71,19,98,60,179,47,43,187,111,101,141,11,58,64,96,177,199,166,22,195,119,81,153,26,36,184,56,100,54,113,116,124,160,45,121];False
8920;6535;15455;[73,174,23,136,149,83,59,57,132,75,137,133,12,185,76,80,193,173,89,3,161,159,15,135,194,115,46,44,37,190,109,10,150,51,34,91,69,28,8,118,124,53,188,48,92,90,131,148,93,14,178,142,66,61,145,94,13,151,7,38,176,35,97,128,52,2,167,107,123,50,155,65,198,17,82,18,0,77,196,170,129,25,105,4,6,88,70,108,21,106,154,122,197,24,72,78,86,110,171,189,49,127,30,114,182,139,29,163,158,175,85,1,117,120,157,84,186,79,42,27,169,172,39,32,55,125,33,192,165,40,87,181,68,9,103,162,147,67,95,144,156,146,31,143,191,183,164,41,152,130,102,62,5,134,112,104,99,63,74,20,138,168,140,126,16,71,19,98,60,179,47,43,187,111,101,141,11,58,64,96,177,199,166,22,195,119,81,153,26,36,184,56,100,54,113,116,180,160,45,121];False
9244;6524;15768;[73,174,23,136,149,11,59,57,132,75,137,86,151,185,133,98,193,173,89,3,161,159,15,135,194,115,46,44,37,190,109,66,184,51,34,91,69,28,8,118,124,53,188,48,92,90,131,148,93,14,178,142,10,61,145,94,13,12,7,38,176,35,97,128,52,2,167,107,123,50,155,65,198,17,82,18,0,36,196,170,77,25,105,4,6,88,70,108,21,106,154,122,197,24,72,78,111,110,171,189,49,127,30,114,182,139,29,163,158,175,85,1,117,120,157,84,186,79,42,27,169,172,39,32,55,125,33,192,165,40,87,181,68,9,103,162,147,67,95,144,156,146,31,143,191,183,164,41,152,130,102,62,5,134,112,104,99,63,74,20,138,168,140,126,16,71,19,83,60,179,47,43,187,76,101,141,80,58,64,96,177,199,166,22,195,119,81,153,129,26,150,56,100,54,113,116,180,160,45,121];False
9474;6517;15991;[73,174,23,136,149,11,59,57,132,75,137,86,151,185,133,98,193,173,89,3,161,159,15,135,194,115,46,44,37,190,109,10,184,48,34,91,69,28,8,118,124,53,188,51,92,90,131,148,93,14,178,142,66,61,145,94,13,12,7,38,176,35,97,128,52,2,167,107,123,50,155,65,198,17,82,18,0,36,196,170,77,25,105,4,6,88,70,108,21,106,154,122,197,24,72,78,111,110,171,189,49,127,30,114,182,139,29,163,158,175,85,1,117,120,157,84,186,79,42,27,169,172,39,32,55,125,33,192,165,40,87,181,68,9,103,162,147,67,95,144,156,146,31,143,191,183,164,41,152,130,102,62,5,134,112,104,99,63,74,20,138,168,140,126,16,71,19,83,60,179,47,43,187,76,101,141,80,58,64,96,177,199,166,22,195,119,81,153,129,26,150,56,100,54,113,116,180,160,45,121];False
9375;6519;15894;[73,174,23,136,149,11,59,57,132,75,137,86,151,185,133,98,193,173,89,3,161,159,15,135,194,115,46,44,37,190,109,10,184,51,34,91,69,28,8,118,124,198,188,48,92,90,131,148,93,14,178,142,66,61,145,94,13,12,7,38,176,35,97,128,52,2,167,107,123,50,155,65,53,17,82,18,0,36,196,170,77,25,105,4,6,88,70,108,21,106,154,122,197,24,72,78,111,110,171,189,49,127,30,114,182,139,29,163,158,175,85,1,117,120,157,84,186,79,42,27,169,172,39,32,55,125,33,192,165,40,87,181,68,9,103,162,147,67,95,144,156,146,31,143,191,183,164,41,152,130,102,62,5,134,112,104,99,63,74,20,138,168,140,126,16,71,19,83,60,179,47,43,187,76,101,141,80,58,64,96,177,199,166,22,195,119,81,153,129,26,150,56,100,54,113,116,180,160,45,121];False
9146;6526;15672;[73,174,23,136,149,11,59,57,132,75,163,86,151,185,133,98,193,173,89,3,161,159,15,135,194,115,46,44,37,190,109,66,184,51,34,91,69,28,8,118,124,198,188,48,92,90,131,148,93,14,178,142,10,61,145,94,13,12,7,38,176,35,97,128,52,2,167,107,123,50,155,65,53,17,82,18,0,36,196,170,77,25,105,4,6,88,70,108,21,106,154,122,197,24,72,78,111,110,171,189,49,127,30,114,182,139,29,137,158,175,85,1,117,120,157,84,186,79,42,27,169,172,39,32,55,125,33,192,165,40,87,181,68,9,103,162,147,67,95,144,156,146,31,143,191,183,164,41,152,130,102,62,5,134,112,104,99,63,74,20,138,168,140,126,16,71,19,83,60,179,47,43,187,76,101,141,80,58,64,96,177,199,166,22,195,119,81,153,129,26,150,56,100,54,113,116,180,160,45,121];False
9298;6523;15821;[73,174,23,136,149,80,59,57,132,75,163,86,151,185,133,98,193,173,89,3,161,28,15,135,194,115,46,44,37,190,109,10,184,51,34,91,69,159,8,118,124,53,188,48,92,90,131,148,93,14,178,142,66,61,145,94,13,12,7,38,176,35,97,128,52,2,167,107,123,50,155,65,198,17,82,18,0,36,196,170,77,25,105,4,6,88,70,108,21,106,154,122,197,24,72,78,111,110,171,189,49,127,30,114,182,139,29,137,158,175,85,1,117,120,157,84,186,79,42,27,169,172,39,32,55,125,33,192,165,40,87,181,68,9,103,162,147,67,95,144,156,146,31,143,191,183,164,41,152,130,102,62,5,134,112,104,99,63,74,20,138,168,140,126,16,71,19,83,60,179,47,43,187,76,101,141,11,58,64,96,177,199,166,22,195,119,81,153,129,26,150,56,100,54,113,116,180,160,45,121];False
9274;6523;15797;[73,174,23,136,149,11,59,57,132,75,163,86,12,185,133,98,193,173,89,3,161,28,15,135,194,115,46,44,37,190,109,10,184,51,34,91,69,159,8,118,124,53,188,48,92,90,131,148,93,14,178,142,66,61,145,94,13,151,7,38,176,35,97,128,52,2,167,107,123,50,155,65,198,17,82,18,0,36,196,170,77,25,105,4,6,88,70,108,21,106,154,122,197,24,72,78,111,110,171,189,49,127,30,114,182,139,29,137,158,175,85,1,117,120,157,84,186,79,42,27,169,172,39,32,55,125,33,192,165,40,87,181,68,9,103,162,147,67,95,144,156,146,31,143,191,183,164,41,152,130,102,62,5,134,112,104,99,63,74,20,138,168,140,126,16,71,19,83,60,179,47,43,187,76,101,141,80,58,64,96,177,199,166,22,195,119,81,153,129,26,150,56,100,54,113,116,180,160,45,121];False
9177;6523;15700;[73,174,23,136,149,11,59,57,132,75,163,86,151,185,133,98,193,173,89,3,161,66,15,135,194,115,46,44,37,190,109,10,184,51,34,91,69,159,8,118,124,53,188,48,92,90,131,148,93,14,178,142,28,61,145,94,13,12,7,38,176,35,97,128,52,2,167,107,123,50,155,65,198,17,82,18,0,36,196,170,77,25,105,4,6,88,70,108,21,106,154,122,197,24,72,78,111,110,171,189,49,127,30,114,182,139,29,137,158,175,85,1,117,120,157,84,186,79,42,27,169,172,39,32,55,125,33,192,165,40,87,181,68,9,103,162,147,67,95,144,156,146,31,143,191,183,164,41,152,130,102,62,5,134,112,104,99,63,74,20,138,168,140,126,16,71,19,83,60,179,47,43,187,76,101,141,80,58,64,96,177,199,166,22,195,119,81,153,129,26,150,56,100,54,113,116,180,160,45,121];False
9256;6520;15776;[73,174,23,136,149,11,59,57,132,75,163,86,151,185,133,98,193,173,89,3,161,103,15,135,194,115,46,44,37,190,109,10,184,51,34,91,69,159,8,118,124,53,188,48,92,90,131,148,93,14,178,142,66,61,145,94,13,12,7,38,176,35,97,128,52,2,167,107,123,50,155,65,198,17,82,18,0,36,196,170,77,25,105,4,6,88,70,108,21,106,154,122,197,24,72,78,111,110,171,189,49,127,30,114,182,139,29,137,158,175,85,1,117,120,157,84,186,79,42,27,169,172,39,32,55,125,33,192,165,40,87,181,68,9,28,162,147,67,95,144,156,146,31,143,191,183,164,41,152,130,102,62,5,134,112,104,99,63,74,20,138,168,140,126,16,71,19,83,60,179,47,43,187,76,101,141,80,58,64,96,177,199,166,22,195,119,81,153,129,26,150,56,100,54,113,116,180,160,45,121];False
9525;6516;16041;[50,174,23,136,149,11,59,57,132,75,137,86,151,185,133,98,193,173,89,3,161,159,15,135,194,115,46,44,37,190,109,10,184,48,34,91,69,28,8,118,124,53,188,51,92,90,131,148,93,14,178,142,66,61,145,94,13,12,7,38,176,35,97,128,52,2,167,107,123,73,155,65,198,17,82,18,0,36,196,170,77,25,105,4,6,88,70,108,21,106,154,122,197,24,72,78,111,110,171,189,49,127,30,114,182,139,29,163,158,175,85,1,117,120,157,84,186,79,42,27,169,172,39,32,55,125,33,192,165,40,87,181,68,9,103,162,147,67,95,144,156,146,31,143,191,183,164,41,152,130,102,62,5,134,112,104,99,63,74,20,138,168,140,126,16,71,19,83,60,179,47,43,187,76,101,141,80,58,64,96,177,199,166,22,195,119,81,153,129,26,150,56,100,54,113,116,180,160,45,121];False
9426;6518;15944;[50,174,23,136,149,11,59,57,132,75,137,86,151,185,133,98,193,173,89,3,161,159,15,135,194,115,46,44,37,190,109,10,184,51,34,91,69,28,8,118,124,198,188,48,92,90,131,148,93,14,178,142,66,61,145,94,13,12,7,38,176,35,97,128,52,2,167,107,123,73,155,65,53,17,82,18,0,36,196,170,77,25,105,4,6,88,70,108,21,106,154,122,197,24,72,78,111,110,171,189,49,127,30,114,182,139,29,163,158,175,85,1,117,120,157,84,186,79,42,27,169,172,39,32,55,125,33,192,165,40,87,181,68,9,103,162,147,67,95,144,156,146,31,143,191,183,164,41,152,130,102,62,5,134,112,104,99,63,74,20,138,168,140,126,16,71,19,83,60,179,47,43,187,76,101,141,80,58,64,96,177,199,166,22,195,119,81,153,129,26,150,56,100,54,113,116,180,160,45,121];False
2020;7223;9243;[34,4,129,70,19,87,121,178,111,132,130,84,77,112,93,147,66,157,103,105,74,188,144,9,142,117,167,61,45,138,41,49,78,128,42,57,197,162,16,126,143,160,91,1,33,124,180,196,36,46,140,92,82,23,189,81,0,85,22,26,176,193,109,20,170,95,38,139,63,118,8,194,31,198,174,184,35,67,32,72,163,25,51,50,190,125,11,113,156,71,165,65,37,94,173,18,131,110,101,59,80,100,30,134,148,195,97,58,175,151,7,191,181,68,123,6,137,158,54,52,119,187,39,107,55,14,13,172,12,89,75,149,15,135,53,183,69,159,164,90,28,155,73,99,106,136,115,152,2,161,102,86,133,76,122,116,104,17,145,56,21,108,192,40,169,182,29,154,60,177,27,43,127,96,171,141,98,114,64,79,179,47,88,5,186,199,83,153,166,24,150,10,185,62,120,3,168,44,48,146];False
2012;7234;9246;[34,4,129,70,19,87,121,178,127,132,130,84,77,112,93,147,66,157,103,105,74,188,144,9,142,117,167,61,45,138,41,49,78,128,42,57,197,8,16,126,143,160,91,1,33,124,180,196,36,46,140,92,82,23,189,81,0,85,22,26,176,193,109,20,170,95,38,139,63,118,162,194,31,198,174,184,35,67,32,72,163,25,51,50,190,125,11,113,156,71,165,65,37,94,173,18,131,110,101,59,80,100,30,134,148,195,97,58,175,151,7,191,181,68,123,6,137,158,54,52,119,187,39,107,55,14,13,172,12,89,75,149,15,135,53,183,69,159,164,90,28,155,73,99,106,136,115,152,2,161,102,86,133,76,122,116,104,17,145,56,21,108,192,40,169,182,29,154,60,177,27,43,111,96,171,141,98,114,64,79,179,47,88,5,186,199,83,153,166,24,150,10,185,62,120,3,168,44,48,146];False
1969;7246;9215;[34,4,129,70,19,87,121,178,111,132,130,84,77,112,93,147,66,157,103,105,74,188,144,9,142,117,167,61,45,138,41,49,78,128,42,57,197,8,16,126,143,160,91,1,33,124,180,196,36,46,140,92,82,23,189,81,0,85,22,26,176,193,109,20,170,95,38,139,63,118,48,194,31,198,174,184,35,67,32,72,163,25,51,50,190,125,11,113,156,71,165,65,37,94,173,18,131,110,101,59,80,100,30,134,148,195,97,58,175,151,7,191,181,68,123,6,137,158,54,52,119,187,39,107,55,14,13,172,12,89,75,149,15,135,53,183,69,159,164,90,28,155,73,99,106,136,115,152,2,161,102,86,133,76,122,116,104,17,145,56,21,108,192,40,169,182,29,154,60,177,27,43,127,96,171,141,98,114,64,79,179,47,88,5,186,199,83,153,166,24,150,10,185,62,120,3,168,44,162,146];False
2013;7226;9239;[34,4,129,70,19,87,121,178,111,132,130,84,77,112,93,147,66,157,103,105,74,188,144,9,142,117,167,61,45,138,41,49,78,128,42,57,197,8,16,126,143,160,91,1,33,124,180,196,36,46,140,92,82,23,189,81,0,85,22,26,176,193,109,20,170,95,38,139,63,118,162,194,31,198,174,184,35,67,32,72,163,25,51,50,190,125,11,113,156,71,165,65,37,94,173,18,131,110,101,59,80,100,30,134,148,195,97,58,151,175,7,191,181,68,123,6,137,158,54,52,119,187,39,107,55,14,13,172,12,89,75,149,15,135,53,183,69,159,164,90,28,155,73,99,106,136,115,152,2,161,102,86,133,76,122,116,104,17,145,56,21,108,192,40,169,182,29,154,60,177,27,43,127,96,171,141,98,114,64,79,179,47,88,5,186,199,83,153,166,24,150,10,185,62,120,3,168,44,48,146];False
2011;7237;9248;[34,4,129,70,19,87,121,178,111,132,130,84,77,112,93,147,66,157,103,105,74,188,144,9,142,117,167,61,45,138,41,49,78,128,42,57,197,8,16,126,143,160,91,1,33,124,180,196,36,46,140,92,82,23,189,81,0,85,22,26,176,193,109,20,170,95,38,139,63,118,162,194,31,198,174,184,35,67,32,72,163,25,51,50,190,125,11,113,156,71,165,65,37,94,173,18,131,110,101,59,80,100,30,134,148,195,97,58,175,151,7,191,181,68,123,6,137,158,54,52,119,187,39,107,55,14,13,172,12,89,75,149,15,135,53,183,69,159,164,90,28,155,73,99,106,136,115,152,2,161,102,86,133,76,122,116,104,17,145,56,21,108,192,40,169,182,29,154,60,179,27,43,127,96,171,141,98,114,64,79,177,47,88,5,186,199,83,153,166,24,150,10,185,62,120,3,168,44,48,146];False
1884;7340;9224;[144,118,129,162,19,87,121,178,111,132,130,84,77,112,34,147,66,157,103,105,74,188,93,184,142,117,167,61,45,138,41,49,78,128,42,57,197,8,16,126,35,160,91,1,33,124,180,196,36,46,140,92,82,23,189,81,0,85,22,26,176,193,109,20,170,95,38,139,146,4,70,194,31,198,174,9,143,67,32,72,163,25,51,50,190,125,11,113,156,71,165,65,37,94,173,18,131,110,101,59,80,100,30,134,148,195,97,58,175,151,7,191,181,68,123,6,137,158,54,52,119,187,39,107,55,14,13,172,12,89,75,149,15,135,53,183,69,159,164,90,28,155,73,99,106,136,115,152,2,161,102,86,133,76,122,116,104,17,145,56,21,108,192,40,169,182,29,154,60,177,27,43,127,96,171,141,98,114,64,79,179,47,88,5,186,199,83,153,166,24,150,10,185,62,120,3,168,44,48,63];False
1896;7338;9234;[93,118,129,162,19,87,121,178,111,132,130,84,77,112,34,147,66,157,103,105,74,188,144,184,142,117,167,61,45,138,41,49,78,128,42,57,197,8,16,126,35,160,91,1,33,124,180,196,36,46,140,92,82,23,189,81,0,85,22,26,176,193,109,20,170,95,38,139,146,4,70,194,31,198,174,9,143,67,32,72,163,25,51,50,190,125,11,113,156,71,165,65,37,94,173,18,131,110,101,59,80,100,30,134,148,195,97,58,151,175,7,191,181,68,123,6,137,158,54,52,119,187,39,107,55,14,13,172,12,89,75,149,15,135,53,183,69,159,164,90,28,155,73,99,106,136,115,152,2,161,102,86,133,76,122,116,104,17,145,56,21,108,192,40,169,182,29,154,60,177,27,43,127,96,171,141,98,114,64,79,179,47,88,5,186,199,83,153,166,24,150,10,185,62,120,3,168,44,48,63];False
1912;7313;9225;[34,123,129,162,22,87,121,178,111,132,130,84,77,112,93,147,66,157,103,105,74,188,144,184,142,117,167,61,45,138,41,49,78,128,42,57,197,8,16,126,35,160,91,1,33,124,180,196,36,46,140,92,82,23,189,81,0,85,19,26,176,193,109,20,170,95,38,139,146,4,70,194,31,198,174,9,143,67,32,72,163,25,51,50,190,125,11,113,156,71,165,65,37,94,173,18,131,110,101,59,80,100,30,134,148,195,97,58,175,151,7,191,181,68,118,6,137,158,54,52,119,187,39,107,55,14,13,172,12,89,75,149,15,135,53,183,69,159,164,90,28,155,73,99,106,136,115,152,2,161,102,86,133,76,122,116,104,17,145,56,21,108,192,40,169,182,29,154,60,177,27,43,127,96,171,141,98,114,64,79,179,47,88,5,186,199,83,153,166,24,150,10,185,62,120,3,168,44,48,63];False
1915;7304;9219;[34,123,129,162,19,87,121,178,111,132,130,84,77,112,93,147,66,157,103,105,74,188,144,184,142,117,167,61,45,138,41,49,78,128,42,57,197,8,16,126,35,160,91,1,33,124,180,196,36,46,140,92,82,23,189,81,0,85,22,26,176,193,109,20,170,95,38,139,146,4,70,194,31,198,174,9,143,67,32,72,163,25,51,50,190,125,11,113,156,71,165,65,37,94,173,18,131,110,101,59,80,100,30,134,148,195,97,58,151,175,7,191,181,68,118,6,137,158,54,52,119,187,39,107,55,14,13,172,12,89,75,149,15,135,53,183,69,159,164,90,28,155,73,99,106,136,115,152,2,161,102,86,133,76,122,116,104,17,145,56,21,108,192,40,169,182,29,154,60,177,27,43,127,96,171,141,98,114,64,79,179,47,88,5,186,199,83,153,166,24,150,10,185,62,120,3,168,44,48,63];False
1874;7382;9256;[34,123,129,162,19,87,121,178,111,132,130,84,77,112,93,147,66,157,103,105,74,188,144,184,142,117,167,61,45,138,41,49,78,128,42,57,197,8,16,126,35,160,91,1,33,124,180,196,36,46,140,92,82,23,189,81,0,85,22,26,176,193,109,20,170,95,38,139,146,4,70,194,31,198,174,9,143,67,32,72,163,25,51,50,190,125,11,113,156,71,165,65,37,94,173,18,131,110,101,59,80,100,30,134,148,195,97,58,175,151,7,191,181,68,118,6,137,158,54,52,119,187,39,107,55,14,13,172,12,89,75,149,15,135,53,183,69,159,164,90,28,155,73,99,106,136,115,152,2,161,102,86,133,76,122,116,104,17,145,56,21,108,192,40,169,127,29,154,60,177,27,43,182,96,171,141,98,114,64,79,179,47,88,5,186,199,83,153,166,24,150,10,185,62,120,3,168,44,48,63];False
1929;7286;9215;[34,118,129,162,22,87,121,178,111,132,130,84,77,112,93,147,66,157,103,105,74,188,144,184,142,117,167,61,45,138,41,49,78,128,42,57,197,8,16,126,35,160,91,1,33,124,180,196,36,46,140,92,82,23,189,81,0,85,19,26,176,193,109,20,170,95,38,139,146,4,70,194,31,198,174,9,143,67,32,72,163,25,51,50,190,125,11,113,156,71,165,65,37,94,173,18,131,110,101,59,80,100,30,134,148,195,97,58,151,175,7,191,181,68,123,6,137,158,54,52,119,187,39,107,55,14,13,172,12,89,75,149,15,135,53,183,69,159,164,90,28,155,73,99,106,136,115,152,2,161,102,86,133,76,122,116,104,17,145,56,21,108,192,40,169,182,29,154,60,177,27,43,127,96,171,141,98,114,64,79,179,47,88,5,186,199,83,153,166,24,150,10,185,62,120,3,168,44,48,63];False
1896;7326;9222;[93,118,129,162,19,87,121,178,111,132,130,84,67,112,34,147,66,157,103,105,74,188,144,9,142,117,167,61,45,138,41,49,78,128,42,57,197,8,16,126,143,160,91,1,33,124,180,196,36,46,140,92,82,77,189,23,0,85,22,26,176,193,109,20,170,95,38,139,146,4,70,194,31,198,174,184,35,81,32,72,163,25,51,50,190,125,11,113,156,71,165,65,37,94,173,18,131,110,101,59,80,100,30,134,148,195,97,58,175,151,7,191,181,68,123,6,137,158,54,52,119,187,39,107,55,14,13,172,12,89,75,149,15,135,53,183,69,159,164,90,28,155,73,99,106,136,115,152,2,161,102,86,133,76,122,116,104,17,145,56,21,108,192,40,169,182,29,154,60,177,27,43,127,96,171,141,98,114,64,79,179,47,88,5,186,199,83,153,166,24,150,10,185,62,120,3,168,44,48,63];False
1920;7298;9218;[71,118,129,162,19,87,121,178,111,132,130,84,67,112,93,147,66,157,103,105,74,188,144,9,142,117,167,61,45,138,41,49,78,128,42,57,197,8,16,126,143,160,91,1,33,124,180,196,36,46,140,92,82,77,189,23,0,85,22,26,176,193,109,20,170,95,38,139,146,4,70,194,31,198,174,184,35,81,32,72,163,25,51,50,190,125,11,113,156,34,165,65,37,94,173,18,131,110,101,59,80,100,30,134,148,195,97,58,175,151,7,191,181,68,123,6,137,158,54,52,119,187,39,107,55,14,13,172,12,89,75,149,15,135,53,183,69,159,164,90,28,155,73,99,106,136,115,152,2,161,102,86,133,76,122,116,104,17,145,56,21,108,192,40,169,182,29,154,60,177,27,43,127,96,171,141,98,114,64,79,179,47,88,5,186,199,83,153,166,24,150,10,185,62,120,3,168,44,48,63];False
1915;7292;9207;[34,123,129,162,19,87,121,178,111,132,130,84,67,112,93,147,66,157,103,105,74,188,144,9,142,117,167,61,45,138,41,49,78,128,42,57,197,8,16,126,143,160,91,1,33,124,180,196,36,46,140,92,82,77,189,23,0,85,22,26,176,193,109,20,170,95,38,139,146,4,70,194,31,198,174,184,35,81,32,72,163,25,51,50,190,125,11,113,156,71,165,65,37,94,173,18,131,110,101,59,80,100,30,134,148,195,97,58,175,151,7,191,181,68,118,6,137,158,54,52,119,187,39,107,55,14,13,172,12,89,75,149,15,135,53,183,69,159,164,90,28,155,73,99,106,136,115,152,2,161,102,86,133,76,122,116,104,17,145,56,21,108,192,40,169,182,29,154,60,177,27,43,127,96,171,141,98,114,64,79,179,47,88,5,186,199,83,153,166,24,150,10,185,62,120,3,168,44,48,63];False
1929;7274;9203;[34,118,129,162,22,87,121,178,111,132,130,84,67,112,93,147,66,157,103,105,74,188,144,9,142,117,167,61,45,138,41,49,78,128,42,57,197,8,16,126,143,160,91,1,33,124,180,196,36,46,140,92,82,77,189,23,0,85,19,26,176,193,109,20,170,95,38,139,146,4,70,194,31,198,174,184,35,81,32,72,163,25,51,50,190,125,11,113,156,71,165,65,37,94,173,18,131,110,101,59,80,100,30,134,148,195,97,58,175,151,7,191,181,68,123,6,137,158,54,52,119,187,39,107,55,14,13,172,12,89,75,149,15,135,53,183,69,159,164,90,28,155,73,99,106,136,115,152,2,161,102,86,133,76,122,116,104,17,145,56,21,108,192,40,169,182,29,154,60,177,27,43,127,96,171,141,98,114,64,79,179,47,88,5,186,199,83,153,166,24,150,10,185,62,120,3,168,44,48,63];False
1931;7273;9204;[34,118,129,162,19,87,121,178,127,132,130,84,67,112,93,147,66,157,103,105,74,188,144,9,142,117,167,61,45,138,41,49,78,128,42,57,197,8,16,126,143,160,91,1,33,124,180,196,36,46,140,92,82,77,189,23,0,85,22,26,176,193,109,20,170,95,38,139,146,4,70,194,31,198,174,184,35,81,32,72,163,25,51,50,190,125,11,113,156,71,165,65,37,94,173,18,131,110,101,59,80,100,30,134,148,195,97,58,175,151,7,191,181,68,123,6,137,158,54,52,119,187,39,107,55,14,13,172,12,89,75,149,15,135,53,183,69,159,164,90,28,155,73,99,106,136,115,152,2,161,102,86,133,76,122,116,104,17,145,56,21,108,192,40,169,182,29,154,60,177,27,43,111,96,171,141,98,114,64,79,179,47,88,5,186,199,83,153,166,24,150,10,185,62,120,3,168,44,48,63];False
1928;7290;9218;[34,118,129,162,19,87,121,178,111,132,130,84,67,112,93,147,66,157,103,70,74,188,144,9,142,117,167,61,45,138,41,49,78,128,42,57,197,8,16,126,143,160,91,1,33,124,180,196,36,46,140,92,82,77,189,23,0,85,22,26,176,193,109,20,170,95,38,139,146,4,105,194,31,198,174,184,35,81,32,72,163,25,51,50,190,125,11,113,156,71,165,65,37,94,173,18,131,110,101,59,80,100,30,134,148,195,97,58,175,151,7,191,181,68,123,6,137,158,54,52,119,187,39,107,55,14,13,172,12,89,75,149,15,135,53,183,69,159,164,90,28,155,73,99,106,136,115,152,2,161,102,86,133,76,122,116,104,17,145,56,21,108,192,40,169,182,29,154,60,177,27,43,127,96,171,141,98,114,64,79,179,47,88,5,186,199,83,153,166,24,150,10,185,62,120,3,168,44,48,63];False
1906;7323;9229;[34,118,129,162,19,87,121,178,111,132,130,84,67,112,93,147,66,157,103,105,74,188,144,9,24,117,167,61,45,138,41,49,78,128,42,57,197,8,16,126,143,160,91,1,33,124,180,196,36,46,140,92,82,77,189,23,0,85,22,26,176,193,109,20,170,95,38,139,146,4,70,194,31,198,174,184,35,81,32,72,163,25,51,50,190,125,11,113,156,71,165,65,37,94,173,18,131,110,101,59,80,100,30,134,148,195,97,58,175,151,7,191,181,68,123,6,137,158,54,52,119,187,39,107,55,14,13,172,12,89,75,149,15,135,53,183,69,159,164,90,28,155,73,99,106,136,115,152,2,161,102,86,133,76,122,116,104,17,145,56,21,108,192,40,169,182,29,154,60,177,27,43,127,96,171,141,98,114,64,79,179,47,88,5,186,199,83,153,166,142,150,10,185,62,120,3,168,44,48,63];False
1904;7303;9207;[34,118,129,162,19,87,121,178,111,132,130,84,67,112,93,147,66,157,103,105,74,188,144,9,142,117,167,61,45,138,41,49,78,128,42,57,197,8,16,126,143,160,91,1,33,124,180,196,36,46,140,92,82,77,189,23,0,85,22,26,176,193,109,20,170,95,38,139,146,4,70,194,31,198,174,184,35,25,32,72,163,81,51,50,190,125,11,113,156,71,165,65,37,94,173,18,131,110,101,59,80,100,30,134,148,195,97,58,175,151,7,191,181,68,123,6,137,158,54,52,119,187,39,107,55,14,13,172,12,89,75,149,15,135,53,183,69,159,164,90,28,155,73,99,106,136,115,152,2,161,102,86,133,76,122,116,104,17,145,56,21,108,192,40,169,182,29,154,60,177,27,43,127,96,171,141,98,114,64,79,179,47,88,5,186,199,83,153,166,24,150,10,185,62,120,3,168,44,48,63];False
1932;7258;9190;[34,118,129,162,19,87,121,178,111,132,130,84,67,112,93,147,66,157,103,105,74,188,144,9,142,117,167,61,45,138,41,49,78,128,42,57,197,8,16,126,143,160,91,1,33,124,180,196,36,46,140,92,82,77,189,23,0,85,22,26,176,193,109,20,170,95,38,139,146,4,70,194,31,198,174,184,35,83,32,72,163,25,51,50,190,125,11,113,156,71,165,65,37,94,173,18,131,110,101,59,80,100,30,134,148,195,97,58,175,151,7,191,181,68,123,6,137,158,54,52,119,187,39,107,55,14,13,172,12,89,75,149,15,135,53,183,69,159,164,90,28,155,73,99,106,136,115,152,2,161,102,86,133,76,122,116,104,17,145,56,21,108,192,40,169,182,29,154,60,177,27,43,127,96,171,141,98,114,64,79,179,47,88,5,186,199,81,153,166,24,150,10,185,62,120,3,168,44,48,63];True
1878;7359;9237;[144,118,129,162,22,87,121,178,127,132,130,84,77,112,34,147,66,157,103,105,74,188,93,184,142,117,167,61,45,138,41,49,78,128,42,57,197,8,16,126,35,160,91,1,33,124,180,196,36,46,140,92,82,23,189,81,0,85,19,26,176,193,109,20,170,95,38,139,146,4,70,194,31,198,174,9,143,67,32,72,163,25,51,50,190,125,11,113,156,71,165,65,37,94,173,18,131,110,101,59,80,100,30,134,148,195,97,58,175,151,7,191,181,68,123,6,137,158,54,52,119,187,39,107,55,14,13,172,12,89,75,149,15,135,53,183,69,159,164,90,28,155,73,99,106,136,115,152,2,161,102,86,133,76,122,116,104,17,145,56,21,108,192,40,169,182,29,154,60,177,27,43,111,96,171,141,98,114,64,79,179,47,88,5,186,199,83,153,166,24,150,10,185,62,120,3,168,44,48,63];False
1877;7370;9247;[144,118,129,162,19,87,121,178,127,132,130,84,77,112,34,147,66,157,103,105,74,188,93,184,142,117,167,61,45,138,41,49,78,128,42,57,197,8,16,126,35,160,91,1,33,124,180,196,36,46,140,92,82,23,189,81,0,85,22,26,176,193,109,20,170,95,38,139,146,4,70,194,31,198,174,9,143,67,32,72,163,25,51,50,190,125,11,113,156,71,165,65,37,94,173,18,131,110,101,59,80,100,30,134,148,195,97,137,175,151,7,191,181,68,123,6,58,158,54,52,119,187,39,107,55,14,13,172,12,89,75,149,15,135,53,183,69,159,164,90,28,155,73,99,106,136,115,152,2,161,102,86,133,76,122,116,104,17,145,56,21,108,192,40,169,182,29,154,60,177,27,43,111,96,171,141,98,114,64,79,179,47,88,5,186,199,83,153,166,24,150,10,185,62,120,3,168,44,48,63];False
1881;7350;9231;[144,118,129,162,19,87,121,178,127,132,130,84,77,112,34,147,66,157,103,105,74,188,93,184,142,117,167,61,45,138,41,49,78,128,42,57,197,8,16,126,35,160,91,1,33,124,180,196,36,46,140,92,82,23,189,81,0,85,22,26,176,193,109,20,170,95,38,139,146,4,70,194,31,198,174,9,143,67,32,72,163,25,51,50,190,125,11,113,156,71,165,65,37,94,173,18,131,110,101,59,80,100,30,134,148,195,97,58,151,175,7,191,181,68,123,6,137,158,54,52,119,187,39,107,55,14,13,172,12,89,75,149,15,135,53,183,69,159,164,90,28,155,73,99,106,136,115,152,2,161,102,86,133,76,122,116,104,17,145,56,21,108,192,40,169,182,29,154,60,177,27,43,111,96,171,141,98,114,64,79,179,47,88,5,186,199,83,153,166,24,150,10,185,62,120,3,168,44,48,63];False
1867;7390;9257;[144,118,129,162,19,87,121,178,127,132,130,84,77,112,34,147,66,157,103,105,74,188,93,184,142,117,167,61,45,138,41,49,78,128,42,57,197,8,16,126,35,160,91,1,33,124,180,196,36,46,140,92,82,23,189,81,0,85,22,26,176,193,109,20,170,95,38,139,146,4,70,194,31,198,174,9,143,67,32,72,163,25,51,50,190,125,11,113,156,71,165,65,37,94,173,18,131,110,101,59,80,100,30,134,148,195,97,58,175,151,7,191,181,68,123,6,137,158,54,52,119,187,39,107,55,14,13,172,12,89,75,149,15,135,53,183,69,159,164,90,28,155,73,99,106,136,115,152,2,161,102,86,133,153,122,116,104,17,145,56,21,108,192,40,169,182,29,154,60,177,27,43,111,96,171,141,98,114,64,79,179,47,88,5,186,199,83,76,166,24,150,10,185,62,120,3,168,44,48,63];False
1850;7397;9247;[144,118,129,162,19,87,121,178,127,132,130,84,77,112,34,147,66,157,103,105,74,188,93,184,142,117,167,61,45,138,41,49,78,128,42,57,197,8,16,126,35,160,91,1,33,124,180,196,36,46,140,92,82,23,189,81,0,85,22,26,176,193,109,20,170,95,38,139,146,4,70,194,31,198,174,9,143,67,32,72,163,25,51,50,190,125,11,113,156,71,165,65,37,94,173,18,131,110,101,59,80,100,30,134,148,195,97,58,175,151,7,191,181,68,123,6,137,158,54,52,119,187,39,107,55,14,13,172,12,89,75,149,15,135,53,183,69,159,164,90,28,155,73,99,106,136,115,152,2,161,102,86,133,76,122,43,104,17,145,56,21,108,192,40,169,182,29,154,60,177,27,116,111,96,171,141,98,114,64,79,179,47,88,5,186,199,83,153,166,24,150,10,185,62,120,3,168,44,48,63];False
1835;7457;9292;[93,118,129,162,19,87,121,178,127,132,130,84,77,112,34,147,66,157,103,105,74,188,144,184,142,117,167,61,45,138,41,49,78,128,42,57,197,8,16,126,35,160,91,1,33,124,180,196,36,46,140,92,82,23,189,81,0,85,22,26,176,193,109,20,170,95,38,139,146,4,70,194,31,198,174,9,143,67,32,72,163,25,51,50,190,125,11,113,156,71,165,65,37,94,173,18,131,149,101,59,80,100,30,134,148,195,97,58,175,151,7,191,181,68,123,6,137,158,54,52,119,187,39,107,55,14,13,172,12,89,75,110,15,135,53,183,69,159,164,90,28,155,73,99,106,136,115,152,2,161,102,86,133,76,122,43,104,17,145,56,21,108,192,40,169,182,29,154,60,177,27,116,111,96,171,141,98,114,64,79,179,47,88,5,186,199,83,153,166,24,150,10,185,62,120,3,168,44,48,63];False
1862;7395;9257;[93,118,129,162,19,87,121,178,127,132,130,84,77,112,34,147,66,157,103,105,74,188,144,184,142,117,167,61,45,138,41,49,78,128,42,57,197,8,16,126,35,160,91,1,33,124,180,196,36,46,140,92,82,23,189,81,0,85,22,26,176,193,109,20,170,95,38,139,146,4,70,194,31,198,174,9,143,67,32,72,163,25,51,50,190,125,11,113,156,71,165,65,37,94,173,18,131,110,101,59,80,100,30,134,148,195,97,58,151,175,7,191,181,68,123,6,137,158,54,52,119,187,39,107,55,14,13,172,12,89,75,149,15,135,53,183,69,159,164,90,28,155,73,99,106,136,115,152,2,161,102,86,133,76,122,43,104,17,145,56,21,108,192,40,169,182,29,154,60,177,27,116,111,96,171,141,98,114,64,79,179,47,88,5,186,199,83,153,166,24,150,10,185,62,120,3,168,44,48,63];False
1844;7439;9283;[93,118,129,162,19,87,121,178,127,132,130,84,77,112,34,147,66,157,103,105,74,188,144,184,142,117,167,61,45,138,41,49,78,128,42,57,197,8,16,126,35,160,91,1,33,124,180,196,36,46,140,92,82,23,189,81,0,85,22,26,176,193,109,20,170,95,38,139,146,4,70,194,31,198,174,9,143,67,32,72,163,25,51,50,190,125,11,113,156,71,165,65,37,94,173,18,131,110,101,59,80,100,30,134,148,195,97,58,175,151,7,191,181,68,123,6,137,158,54,52,119,187,39,107,55,14,13,172,12,89,75,149,15,108,53,183,69,159,164,90,28,155,73,99,106,136,115,152,2,161,102,86,133,76,122,43,104,17,145,56,21,135,192,40,169,182,29,154,60,177,27,116,111,96,171,141,98,114,64,79,179,47,88,5,186,199,83,153,166,24,150,10,185,62,120,3,168,44,48,63];False
1875;7374;9249;[136,118,129,162,22,87,121,178,127,132,130,84,77,112,34,147,66,157,103,105,74,188,144,184,142,117,167,61,45,138,41,49,78,128,42,57,197,8,16,126,35,160,91,1,33,124,180,196,36,46,140,92,82,23,189,81,0,85,19,26,176,193,109,20,170,95,38,139,146,4,70,194,31,198,174,9,143,67,32,72,163,25,51,50,190,125,11,113,156,71,165,65,37,94,173,18,131,110,101,59,80,100,30,134,148,195,97,58,151,175,7,191,181,68,123,6,137,158,54,52,119,187,39,107,55,14,13,172,12,89,75,149,15,135,53,183,69,159,164,90,28,155,73,99,106,93,115,152,2,161,102,86,133,76,122,116,104,17,145,56,21,108,192,40,169,182,29,154,60,177,27,43,111,96,171,141,98,114,64,79,179,47,88,5,186,199,83,153,166,24,150,10,185,62,120,3,168,44,48,63];False
1844;7421;9265;[136,118,129,162,22,87,121,178,127,132,130,84,77,112,34,147,66,157,103,105,74,188,144,184,142,117,167,61,45,138,41,49,78,128,42,57,197,8,16,126,35,160,91,1,33,124,180,196,36,46,140,92,82,23,189,81,0,85,19,26,176,193,109,20,170,95,38,139,146,4,70,194,31,198,174,9,143,67,32,72,163,25,51,50,190,125,11,113,156,71,165,65,37,94,173,18,131,110,101,59,80,100,30,134,148,195,97,58,175,151,7,191,181,68,123,6,137,158,54,52,119,187,39,107,55,14,13,172,12,89,75,149,15,135,53,183,69,159,164,90,28,155,73,99,106,93,115,152,2,161,102,86,133,76,122,43,104,17,145,56,21,108,192,40,169,182,29,154,60,177,27,116,111,96,171,141,98,114,64,79,179,47,88,5,186,199,83,153,166,24,150,10,185,62,120,3,168,44,48,63];False
1873;7385;9258;[136,118,129,162,22,87,121,178,127,132,130,84,77,112,34,147,66,157,103,105,74,188,144,184,142,117,167,61,45,138,41,49,78,128,42,57,197,8,16,126,35,160,91,1,33,124,180,196,36,46,140,92,82,23,189,81,0,85,19,26,176,193,109,20,170,95,38,139,146,4,70,194,31,198,174,9,143,67,32,72,163,25,51,50,190,125,11,113,156,71,165,65,37,94,173,18,131,110,101,59,80,100,30,134,148,195,97,58,175,151,7,191,181,68,123,6,137,158,54,52,119,187,39,107,55,14,13,172,12,89,75,149,15,135,53,183,69,159,164,90,28,155,73,99,106,93,115,152,2,161,102,86,133,76,122,116,104,17,145,56,21,108,192,40,169,182,29,154,60,179,27,43,111,96,171,141,98,114,64,79,177,47,88,5,186,199,83,153,166,24,150,10,185,62,120,3,168,44,48,63];False
1843;7437;9280;[136,118,129,162,19,87,121,178,127,132,130,84,77,112,34,147,66,157,103,70,74,188,144,184,142,117,167,61,45,138,41,49,78,128,42,57,197,8,16,126,35,160,91,1,33,124,180,196,36,46,140,92,82,23,189,81,0,85,22,26,176,193,109,20,170,95,38,139,146,4,105,194,31,198,174,9,143,67,32,72,163,25,51,50,190,125,11,113,156,71,165,65,37,94,173,18,131,110,101,59,80,100,30,134,148,195,97,58,175,151,7,191,181,68,123,6,137,158,54,52,119,187,39,107,55,14,13,172,12,89,75,149,15,135,53,183,69,159,164,90,28,155,73,99,106,93,115,152,2,161,102,86,133,76,122,43,104,17,145,56,21,108,192,40,169,182,29,154,60,177,27,116,111,96,171,141,98,114,64,79,179,47,88,5,186,199,83,153,166,24,150,10,185,62,120,3,168,44,48,63];False
1820;7474;9294;[136,118,129,162,19,87,121,178,127,132,130,84,77,112,34,147,66,157,103,105,74,188,144,184,142,117,167,61,45,138,41,49,78,128,42,57,197,8,16,126,35,160,91,1,33,124,180,196,36,46,140,92,82,23,189,81,0,85,22,26,176,193,109,20,170,95,38,139,146,4,70,194,31,198,174,9,143,67,32,72,163,25,51,50,190,125,11,113,156,71,165,65,37,94,173,18,131,149,101,59,80,100,30,134,148,195,97,58,175,151,7,191,181,68,123,6,137,158,54,52,119,187,39,107,55,14,13,172,12,89,75,110,15,135,53,183,69,159,164,90,28,155,73,99,106,93,115,152,2,161,102,86,133,76,122,43,104,17,145,56,21,108,192,40,169,182,29,154,60,177,27,116,111,96,171,141,98,114,64,79,179,47,88,5,186,199,83,153,166,24,150,10,185,62,120,3,168,44,48,63];False
1843;7432;9275;[136,118,129,162,19,87,121,178,127,132,130,84,77,112,34,147,66,157,103,105,74,188,144,184,142,117,167,61,45,138,41,49,78,128,42,57,197,8,16,126,35,160,91,1,33,124,180,196,36,46,140,92,82,23,189,81,0,85,22,26,176,193,109,20,170,95,38,139,146,4,70,194,31,198,174,9,143,67,32,72,163,25,51,50,190,125,11,113,156,71,165,65,37,94,173,18,131,110,101,59,80,100,30,134,148,195,97,137,175,151,7,191,181,68,123,6,58,158,54,52,119,187,39,107,55,14,13,172,12,89,75,149,15,135,53,183,69,159,164,90,28,155,73,99,106,93,115,152,2,161,102,86,133,76,122,43,104,17,145,56,21,108,192,40,169,182,29,154,60,177,27,116,111,96,171,141,98,114,64,79,179,47,88,5,186,199,83,153,166,24,150,10,185,62,120,3,168,44,48,63];False
1847;7412;9259;[136,118,129,162,19,87,121,178,127,132,130,84,77,112,34,147,66,157,103,105,74,188,144,184,142,117,167,61,45,138,41,49,78,128,42,57,197,8,16,126,35,160,91,1,33,124,180,196,36,46,140,92,82,23,189,81,0,85,22,26,176,193,109,20,170,95,38,139,146,4,70,194,31,198,174,9,143,67,32,72,163,25,51,50,190,125,11,113,156,71,165,65,37,94,173,18,131,110,101,59,80,100,30,134,148,195,97,58,151,175,7,191,181,68,123,6,137,158,54,52,119,187,39,107,55,14,13,172,12,89,75,149,15,135,53,183,69,159,164,90,28,155,73,99,106,93,115,152,2,161,102,86,133,76,122,43,104,17,145,56,21,108,192,40,169,182,29,154,60,177,27,116,111,96,171,141,98,114,64,79,179,47,88,5,186,199,83,153,166,24,150,10,185,62,120,3,168,44,48,63];False
1829;7456;9285;[136,118,129,162,19,87,121,178,127,132,130,84,77,112,34,147,66,157,103,105,74,188,144,184,142,117,167,61,45,138,41,49,78,128,42,57,197,8,16,126,35,160,91,1,33,124,180,196,36,46,140,92,82,23,189,81,0,85,22,26,176,193,109,20,170,95,38,139,146,4,70,194,31,198,174,9,143,67,32,72,163,25,51,50,190,125,11,113,156,71,165,65,37,94,173,18,131,110,101,59,80,100,30,134,148,195,97,58,175,151,7,191,181,68,123,6,137,158,54,52,119,187,39,107,55,14,13,172,12,89,75,149,15,108,53,183,69,159,164,90,28,155,73,99,106,93,115,152,2,161,102,86,133,76,122,43,104,17,145,56,21,135,192,40,169,182,29,154,60,177,27,116,111,96,171,141,98,114,64,79,179,47,88,5,186,199,83,153,166,24,150,10,185,62,120,3,168,44,48,63];False
1841;7451;9292;[136,118,129,162,19,87,121,178,127,132,130,84,77,112,34,147,66,157,103,105,74,188,144,184,142,117,167,61,45,138,41,49,78,128,42,57,197,8,16,126,35,160,91,1,33,124,180,196,36,46,140,92,82,23,189,81,0,85,22,26,176,193,109,20,170,95,38,139,146,4,70,194,31,198,174,9,143,67,32,72,163,25,51,50,190,125,11,113,156,71,165,65,37,94,173,18,131,110,101,59,80,100,30,134,148,195,97,58,175,151,7,191,181,68,123,6,137,158,54,52,119,187,39,107,55,14,13,172,12,89,75,149,15,135,53,183,69,159,164,90,28,24,73,99,106,93,115,152,2,161,102,86,133,76,122,43,104,17,145,56,21,108,192,40,169,182,29,154,60,177,27,116,111,96,171,141,98,114,64,79,179,47,88,5,186,199,83,153,166,155,150,10,185,62,120,3,168,44,48,63];False
1833;7452;9285;[136,118,129,162,19,87,121,178,127,132,130,84,77,112,34,147,66,157,103,105,74,188,144,184,142,117,167,61,45,138,41,49,78,128,42,57,197,8,16,126,35,160,91,1,33,124,180,196,36,46,140,92,82,23,189,81,0,85,22,26,176,193,109,20,170,95,38,139,146,4,70,194,31,198,174,9,143,67,32,72,163,25,51,50,190,125,11,113,156,71,165,65,37,94,173,18,131,110,101,59,80,100,30,134,148,195,97,58,175,151,7,191,181,68,123,6,137,158,54,52,119,187,39,107,55,14,13,172,12,89,75,149,15,135,53,183,69,159,164,90,28,155,73,99,106,93,115,152,2,161,102,86,133,153,122,43,104,17,145,56,21,108,192,40,169,182,29,154,60,177,27,116,111,96,171,141,98,114,64,79,179,47,88,5,186,199,83,76,166,24,150,10,185,62,120,3,168,44,48,63];False
1815;7487;9302;[136,118,129,162,19,87,121,178,127,132,130,84,77,112,34,147,66,157,103,105,74,188,144,9,24,117,167,61,45,138,41,49,78,128,42,57,197,8,16,126,35,160,91,1,33,124,180,196,36,46,140,92,82,23,189,81,0,85,22,26,176,193,109,20,170,166,38,139,146,4,70,194,31,198,174,184,143,67,32,72,163,25,51,50,190,125,11,113,156,71,165,65,37,94,173,18,131,110,101,59,80,100,30,134,148,195,97,58,175,151,7,191,181,68,123,6,137,158,54,52,119,187,39,107,55,14,13,172,12,89,75,149,15,135,53,183,69,159,164,90,28,155,73,99,106,93,115,152,2,161,102,86,133,76,122,43,104,17,145,56,21,108,192,40,169,182,29,154,60,177,27,116,111,96,171,141,98,114,64,79,179,47,88,5,186,199,83,153,95,142,150,10,185,62,120,3,168,44,48,63];False
1825;7471;9296;[136,118,129,162,19,87,121,178,127,132,130,84,77,112,34,147,66,157,103,105,74,188,144,9,24,117,167,61,45,138,41,49,78,128,42,57,197,8,16,126,143,160,91,1,33,124,180,196,36,46,140,92,82,23,189,81,0,85,22,26,176,193,109,20,170,166,38,139,146,4,70,194,31,198,174,184,35,67,32,72,163,25,51,50,190,125,11,113,156,71,165,65,37,94,173,18,131,110,101,59,80,100,30,134,148,195,97,58,151,175,7,191,181,68,123,6,137,158,54,52,119,187,39,107,55,14,13,172,12,89,75,149,15,135,53,183,69,159,164,90,28,155,73,99,106,93,115,152,2,161,102,86,133,76,122,43,104,17,145,56,21,108,192,40,169,182,29,154,60,177,27,116,111,96,171,141,98,114,64,79,179,47,88,5,186,199,83,153,95,142,150,10,185,62,120,3,168,44,48,63];False
1816;7479;9295;[136,118,129,162,19,87,121,178,127,132,130,84,77,112,34,147,66,157,103,105,74,188,144,9,24,117,167,61,45,138,41,49,78,128,42,57,197,8,16,126,143,160,91,1,33,124,180,196,36,46,140,92,82,23,189,81,0,85,22,26,176,193,109,20,170,166,38,139,146,4,70,194,31,198,174,184,35,67,32,72,163,25,51,50,190,125,11,113,156,71,165,65,37,94,173,18,131,110,101,59,80,100,30,134,148,195,97,58,175,151,7,191,181,68,123,6,137,158,54,52,95,187,39,107,55,14,13,172,12,89,75,149,15,135,53,183,69,159,164,90,28,155,73,99,106,93,115,152,2,161,102,86,133,76,122,43,104,17,145,56,21,108,192,40,169,182,29,154,60,177,27,116,111,96,171,141,98,114,64,79,179,47,88,5,186,199,83,153,119,142,150,10,185,62,120,3,168,44,48,63];False
1820;7460;9280;[136,118,129,162,19,87,121,178,127,132,130,84,77,112,34,147,66,157,103,105,74,188,144,9,24,117,167,61,45,138,41,49,78,128,42,57,197,8,16,126,143,160,91,1,33,124,180,196,36,46,140,92,82,23,189,81,0,85,22,26,176,193,109,20,170,166,38,139,146,4,70,194,31,198,174,184,35,67,32,72,163,25,51,50,190,125,11,113,156,71,165,65,37,94,173,18,131,110,101,59,80,100,30,134,148,195,97,58,175,151,7,191,181,68,123,6,137,158,54,52,119,95,39,107,55,14,13,172,12,89,75,149,15,135,53,183,69,159,164,90,28,155,73,99,106,93,115,152,2,161,102,86,133,76,122,43,104,17,145,56,21,108,192,40,169,182,29,154,60,177,27,116,111,96,171,141,98,114,64,79,179,47,88,5,186,199,83,153,187,142,150,10,185,62,120,3,168,44,48,63];False
2096;7193;9289;[73,6,129,70,19,87,121,178,102,132,130,84,77,112,93,147,66,157,103,105,74,188,144,31,142,117,167,61,45,138,41,49,78,128,42,57,197,126,20,146,118,160,162,1,33,124,180,196,36,46,140,92,143,23,189,81,0,85,22,26,176,193,109,190,170,95,38,139,9,4,91,145,34,198,174,184,35,67,32,72,163,25,51,8,16,125,11,113,156,71,165,65,37,94,173,18,131,110,101,59,80,100,30,134,148,195,97,58,175,151,7,191,181,68,123,82,137,158,54,52,119,187,39,107,55,14,13,172,12,89,75,149,15,135,53,183,69,159,164,90,28,155,50,99,106,136,115,152,2,161,111,86,133,76,122,116,104,17,194,56,21,108,192,40,169,182,29,154,60,177,27,43,127,96,171,141,98,114,64,79,179,47,88,5,186,199,83,153,166,24,150,10,185,62,120,3,168,44,48,63];False
2131;7178;9309;[73,6,129,70,19,87,121,178,111,132,130,84,77,112,93,147,66,157,103,105,74,188,144,31,142,117,167,61,45,162,41,49,78,128,42,57,197,126,20,146,118,160,138,1,33,124,180,196,36,46,140,92,143,23,189,81,0,85,22,26,176,193,109,190,170,95,38,139,9,4,91,145,34,198,174,184,35,67,32,72,163,25,51,8,16,125,11,113,156,71,165,65,37,94,173,18,131,110,101,59,80,100,30,134,148,195,97,58,175,151,7,191,181,68,123,82,137,158,54,52,119,187,39,107,55,14,13,172,12,89,75,149,15,135,53,183,69,159,164,90,28,155,50,99,106,136,115,152,2,161,102,86,133,76,122,116,104,17,194,56,21,108,192,40,169,182,29,154,60,177,27,43,127,96,171,141,98,114,64,79,179,47,88,5,186,199,83,153,166,24,150,10,185,62,120,3,168,44,48,63];False
2119;7184;9303;[73,6,129,70,19,87,121,178,111,132,130,84,77,112,93,147,66,157,103,105,74,188,144,31,142,117,167,61,45,138,41,49,78,128,42,57,3,126,20,146,118,160,162,1,33,124,180,196,36,46,140,92,143,23,189,81,0,85,22,26,176,193,109,190,170,95,38,139,9,4,91,145,34,198,174,184,35,67,32,72,163,25,51,8,16,125,11,113,156,71,165,65,37,94,173,18,131,110,101,59,80,100,30,134,148,195,97,58,175,151,7,191,181,68,123,82,137,158,54,52,119,187,39,107,55,14,13,172,12,89,75,149,15,135,53,183,69,159,164,90,28,155,50,99,106,136,115,152,2,161,102,86,133,76,122,116,104,17,194,56,21,108,192,40,169,182,29,154,60,177,27,43,127,96,171,141,98,114,64,79,179,47,88,5,186,199,83,153,166,24,150,10,185,62,120,197,168,44,48,63];False
2067;7210;9277;[73,6,129,70,19,87,121,178,111,132,130,84,77,112,93,147,66,157,103,105,74,188,144,31,142,117,167,61,45,138,41,49,78,128,42,57,197,126,20,9,118,160,162,1,33,124,180,196,36,46,140,92,143,23,189,81,0,85,22,26,176,193,109,190,170,95,38,139,146,4,91,145,34,198,174,184,35,67,32,72,163,25,51,8,16,125,11,113,156,71,165,65,37,94,173,18,131,110,101,59,80,100,30,134,148,195,97,58,175,151,7,191,181,68,123,82,137,158,54,52,119,187,39,107,55,14,13,172,12,89,75,149,15,135,53,183,69,159,164,90,28,155,50,99,106,136,115,152,2,161,102,86,133,76,122,116,104,17,194,56,21,108,192,40,169,182,29,154,60,177,27,43,127,96,171,141,98,114,64,79,179,47,88,5,186,199,83,153,166,24,150,10,185,62,120,3,168,44,48,63];False
2111;7184;9295;[73,6,129,70,19,87,121,178,111,132,130,84,77,112,93,147,66,157,103,105,74,188,144,31,142,117,167,61,45,138,41,49,78,128,42,57,197,126,20,146,118,160,190,1,33,124,180,196,36,46,140,92,143,23,189,81,0,85,22,26,176,193,109,162,170,95,38,139,9,4,91,145,34,198,174,184,35,67,32,72,163,25,51,8,16,125,11,113,156,71,165,65,37,94,173,18,131,110,101,59,80,100,30,134,148,195,97,58,175,151,7,191,181,68,123,82,137,158,54,52,119,187,39,107,55,14,13,172,12,89,75,149,15,135,53,183,69,159,164,90,28,155,50,99,106,136,115,152,2,161,102,86,133,76,122,116,104,17,194,56,21,108,192,40,169,182,29,154,60,177,27,43,127,96,171,141,98,114,64,79,179,47,88,5,186,199,83,153,166,24,150,10,185,62,120,3,168,44,48,63];False
2113;7183;9296;[73,6,129,70,19,87,121,178,111,132,130,84,77,112,93,147,66,157,103,105,74,188,144,31,142,117,167,61,45,138,41,49,78,128,42,57,197,126,20,146,118,160,55,1,33,124,180,196,36,46,140,92,143,23,189,81,0,85,22,26,176,193,109,190,170,95,38,139,9,4,91,145,34,198,174,184,35,67,32,72,163,25,51,8,16,125,11,113,156,71,165,65,37,94,173,18,131,110,101,59,80,100,30,134,148,195,97,58,175,151,7,191,181,68,123,82,137,158,54,52,119,187,39,107,162,14,13,172,12,89,75,149,15,135,53,183,69,159,164,90,28,155,50,99,106,136,115,152,2,161,102,86,133,76,122,116,104,17,194,56,21,108,192,40,169,182,29,154,60,177,27,43,127,96,171,141,98,114,64,79,179,47,88,5,186,199,83,153,166,24,150,10,185,62,120,3,168,44,48,63];False
2090;7194;9284;[73,6,129,70,19,87,121,178,111,132,130,84,77,112,93,147,66,157,103,105,74,188,144,31,142,117,167,61,45,138,41,49,78,128,42,57,197,126,20,146,118,160,162,1,33,124,180,196,36,46,140,92,143,23,189,81,0,85,22,26,176,193,109,190,170,95,38,139,9,4,91,145,34,198,174,184,35,67,32,72,163,25,51,8,16,125,11,113,156,71,165,65,37,94,173,18,137,110,101,59,80,100,30,134,148,195,97,58,175,151,7,191,181,68,123,82,131,158,54,52,119,187,39,107,55,14,13,172,12,89,75,149,15,135,53,183,69,159,164,90,28,155,50,99,106,136,115,152,2,161,102,86,133,76,122,116,104,17,194,56,21,108,192,40,169,182,29,154,60,177,27,43,127,96,171,141,98,114,64,79,179,47,88,5,186,199,83,153,166,24,150,10,185,62,120,3,168,44,48,63];True
2073;7196;9269;[73,6,129,70,19,87,121,178,111,132,130,84,77,112,93,147,66,157,103,105,74,188,144,31,142,117,167,61,45,138,41,49,78,128,42,57,197,126,20,146,118,160,162,1,33,124,180,196,36,46,140,92,143,23,189,81,0,85,22,26,176,193,109,190,170,95,38,139,9,4,91,145,34,198,174,184,35,67,32,72,163,25,51,8,16,125,11,113,156,71,165,65,37,94,173,18,131,110,101,59,80,100,30,134,148,195,97,58,151,175,7,191,181,68,123,82,137,158,54,52,119,187,39,107,55,14,13,172,12,89,75,149,15,135,53,183,69,159,164,90,28,155,50,99,106,136,115,152,2,161,102,86,133,76,122,116,104,17,194,56,21,108,192,40,169,182,29,154,60,177,27,43,127,96,171,141,98,114,64,79,179,47,88,5,186,199,83,153,166,24,150,10,185,62,120,3,168,44,48,63];True
2106;7190;9296;[73,6,129,70,19,87,121,178,111,132,130,84,77,112,93,147,66,157,103,105,74,188,144,31,142,117,167,61,45,138,41,49,78,128,42,57,197,126,20,146,118,160,91,1,33,124,180,196,36,46,140,92,143,23,189,81,0,85,22,26,176,193,109,190,170,95,38,139,9,28,162,145,34,198,174,184,35,67,32,72,163,25,51,8,16,125,11,113,156,71,165,65,37,94,173,18,131,110,101,59,80,100,30,134,148,195,97,58,151,175,7,191,181,68,123,82,137,158,54,52,119,187,39,107,55,14,13,172,12,89,75,149,15,135,53,183,69,159,164,90,4,155,50,99,106,136,115,152,2,161,102,86,133,76,122,116,104,17,194,56,21,108,192,40,169,182,29,154,60,177,27,43,127,96,171,141,98,114,64,79,179,47,88,5,186,199,83,153,166,24,150,10,185,62,120,3,168,44,48,63];False
2065;7214;9279;[73,6,129,162,19,87,121,178,102,132,130,84,77,112,93,147,66,157,103,105,74,188,144,31,142,117,167,61,45,138,41,49,78,128,42,57,197,126,20,146,118,160,91,1,33,124,180,196,36,46,140,92,143,23,189,81,0,85,22,26,176,193,136,190,170,95,38,139,9,4,109,145,34,198,174,184,35,67,32,72,163,25,51,8,16,125,11,113,156,71,165,65,37,94,173,18,131,110,101,59,80,100,30,134,148,195,97,58,175,151,7,191,181,68,123,82,137,158,54,52,119,187,39,107,55,14,13,172,12,89,75,149,15,135,53,183,69,159,164,90,28,155,50,99,106,70,115,152,2,161,111,86,133,76,122,116,104,17,194,56,21,108,192,40,169,182,29,154,60,177,27,43,127,96,171,141,98,114,64,79,179,47,88,5,186,199,83,153,166,24,150,10,185,62,120,3,168,44,48,63];False
2059;7215;9274;[73,6,129,162,19,87,121,178,111,132,130,84,77,112,93,147,66,157,103,105,74,188,144,31,142,117,167,61,45,138,41,49,78,128,42,57,197,126,20,146,118,160,91,1,33,124,180,196,36,46,140,92,143,23,189,81,0,85,22,26,176,193,136,190,170,95,38,139,9,4,109,145,34,198,174,184,35,67,32,72,163,25,51,8,16,125,11,113,156,71,165,65,37,94,173,18,137,110,101,59,80,100,30,134,148,195,97,58,175,151,7,191,181,68,123,82,131,158,54,52,119,187,39,107,55,14,13,172,12,89,75,149,15,135,53,183,69,159,164,90,28,155,50,99,106,70,115,152,2,161,102,86,133,76,122,116,104,17,194,56,21,108,192,40,169,182,29,154,60,177,27,43,127,96,171,141,98,114,64,79,179,47,88,5,186,199,83,153,166,24,150,10,185,62,120,3,168,44,48,63];False
2042;7217;9259;[73,6,129,162,19,87,121,178,111,132,130,84,77,112,93,147,66,157,103,105,74,188,144,31,142,117,167,61,45,138,41,49,78,128,42,57,197,126,20,146,118,160,91,1,33,124,180,196,36,46,140,92,143,23,189,81,0,85,22,26,176,193,136,190,170,95,38,139,9,4,109,145,34,198,174,184,35,67,32,72,163,25,51,8,16,125,11,113,156,71,165,65,37,94,173,18,131,110,101,59,80,100,30,134,148,195,97,58,151,175,7,191,181,68,123,82,137,158,54,52,119,187,39,107,55,14,13,172,12,89,75,149,15,135,53,183,69,159,164,90,28,155,50,99,106,70,115,152,2,161,102,86,133,76,122,116,104,17,194,56,21,108,192,40,169,182,29,154,60,177,27,43,127,96,171,141,98,114,64,79,179,47,88,5,186,199,83,153,166,24,150,10,185,62,120,3,168,44,48,63];False
2132;7177;9309;[34,4,121,162,147,67,32,138,172,12,130,84,77,112,93,184,66,157,103,105,74,188,144,51,142,117,167,119,45,22,41,49,78,128,42,57,197,146,118,126,143,160,91,1,33,124,180,196,36,46,140,92,82,23,189,81,0,85,19,26,176,193,109,190,170,95,38,139,65,20,70,194,31,198,174,178,9,6,129,2,163,25,50,8,16,125,11,113,156,71,165,87,37,94,173,18,131,110,101,59,80,100,30,134,148,195,97,58,175,151,7,191,181,68,123,72,137,158,54,52,61,187,39,107,55,14,13,111,132,89,75,149,15,135,53,183,69,159,164,90,28,155,73,99,106,136,115,152,35,161,102,86,133,76,122,116,104,17,145,56,21,108,192,40,169,182,29,154,60,177,27,43,127,96,171,141,98,114,64,79,179,47,88,5,186,199,83,153,166,24,150,10,185,62,120,3,168,44,48,63];False
2124;7180;9304;[34,4,121,162,147,67,32,138,172,12,130,84,77,112,93,184,66,157,103,105,74,188,144,51,142,117,167,61,45,22,41,49,78,128,42,57,197,146,55,126,143,160,91,1,33,124,180,196,36,46,140,92,82,23,189,81,0,85,19,26,176,193,109,190,170,95,38,139,65,20,70,194,31,198,174,178,9,6,129,2,163,25,50,8,16,125,11,113,156,71,165,87,37,94,173,18,131,110,101,59,80,100,30,134,148,195,97,58,175,151,7,191,181,68,123,72,137,158,54,52,119,187,39,107,118,14,13,111,132,89,75,149,15,135,53,183,69,159,164,90,28,155,73,99,106,136,115,152,35,161,102,86,133,76,122,116,104,17,145,56,21,108,192,40,169,182,29,154,60,177,27,43,127,96,171,141,98,114,64,79,179,47,88,5,186,199,83,153,166,24,150,10,185,62,120,3,168,44,48,63];False
2128;7170;9298;[34,4,121,162,147,67,32,138,172,12,130,84,77,112,93,184,66,157,103,105,74,188,144,51,142,117,167,61,45,22,41,49,78,128,42,57,197,146,118,126,143,160,91,1,33,124,180,196,36,46,140,92,82,23,189,81,0,85,19,26,176,193,109,190,170,95,38,139,65,20,70,194,31,198,174,178,90,6,129,2,163,25,50,8,16,125,11,113,156,71,165,87,37,94,173,18,131,110,101,59,80,100,30,134,148,195,97,58,175,151,7,191,181,68,123,72,137,158,54,52,119,187,39,107,55,14,13,111,132,89,75,149,15,135,53,183,69,159,164,9,28,155,73,99,106,136,115,152,35,161,102,86,133,76,122,116,104,17,145,56,21,108,192,40,169,182,29,154,60,177,27,43,127,96,171,141,98,114,64,79,179,47,88,5,186,199,83,153,166,24,150,10,185,62,120,3,168,44,48,63];False
2123;7176;9299;[34,4,121,162,147,67,32,138,172,12,130,84,77,112,93,184,66,157,103,105,74,188,144,51,142,117,167,61,45,22,41,49,78,128,42,57,197,146,118,126,143,160,91,1,33,124,180,196,36,46,140,92,82,23,189,81,0,85,19,26,176,193,109,190,170,95,38,139,65,20,70,194,31,198,174,178,9,28,129,2,163,25,50,8,16,125,11,113,156,71,165,87,37,94,173,18,131,110,101,59,80,100,30,134,148,195,97,58,175,151,7,191,181,68,123,72,137,158,54,52,119,187,39,107,55,14,13,111,132,89,75,149,15,135,53,183,69,159,164,90,6,155,73,99,106,136,115,152,35,161,102,86,133,76,122,116,104,17,145,56,21,108,192,40,169,182,29,154,60,177,27,43,127,96,171,141,98,114,64,79,179,47,88,5,186,199,83,153,166,24,150,10,185,62,120,3,168,44,48,63];False
2146;7155;9301;[34,4,121,162,147,67,32,138,172,12,130,84,77,112,93,184,66,157,103,105,74,188,144,51,142,117,167,61,45,22,41,49,78,128,42,57,197,146,118,126,143,160,91,1,33,124,180,196,36,46,140,92,82,23,189,81,0,85,19,26,176,193,109,190,170,95,38,139,65,20,70,194,31,198,174,178,9,6,129,2,163,25,50,8,16,125,11,113,156,71,165,87,37,94,173,18,137,110,101,59,80,100,30,134,148,195,97,58,175,151,7,191,181,68,123,72,131,158,54,52,119,187,39,107,55,14,13,111,132,89,75,149,15,135,53,183,69,159,164,90,28,155,73,99,106,136,115,152,35,161,102,86,133,76,122,116,104,17,145,56,21,108,192,40,169,182,29,154,60,177,27,43,127,96,171,141,98,114,64,79,179,47,88,5,186,199,83,153,166,24,150,10,185,62,120,3,168,44,48,63];False
2132;7158;9290;[34,4,121,162,147,67,32,138,172,12,130,84,77,112,93,184,66,157,103,105,74,188,144,51,142,117,167,61,45,22,41,49,78,128,42,57,197,146,118,126,143,160,91,1,33,124,180,196,36,46,140,92,82,23,189,81,0,85,19,26,176,193,109,190,170,95,38,139,65,20,70,194,31,198,174,178,9,6,129,2,163,25,50,8,16,125,11,113,156,71,165,87,37,94,173,18,131,110,101,59,80,100,30,134,148,195,97,58,151,175,7,191,181,68,123,72,137,158,54,52,119,187,39,107,55,14,13,111,132,89,75,149,15,135,53,183,69,159,164,90,28,155,73,99,106,136,115,152,35,161,102,86,133,76,122,116,104,17,145,56,21,108,192,40,169,182,29,154,60,177,27,43,127,96,171,141,98,114,64,79,179,47,88,5,186,199,83,153,166,24,150,10,185,62,120,3,168,44,48,63];False
2130;7169;9299;[34,4,121,162,147,67,32,138,172,12,130,84,77,112,93,184,66,157,103,105,74,188,144,51,142,117,167,61,45,22,41,49,78,128,42,57,197,146,118,126,143,160,91,1,33,124,180,196,36,46,140,92,82,23,189,81,0,85,19,26,176,193,109,190,170,95,38,139,65,20,70,194,31,198,174,178,9,6,129,2,163,25,50,8,16,125,11,113,156,71,165,87,37,94,173,18,131,110,101,59,80,100,30,134,148,195,97,58,175,151,7,191,181,68,123,72,137,158,54,52,119,187,39,107,55,14,13,111,132,89,75,149,15,135,53,183,69,159,164,90,28,155,73,99,106,136,115,152,35,161,102,86,133,76,122,116,104,17,145,56,21,108,192,40,169,182,29,154,60,179,27,43,127,96,171,141,98,114,64,79,177,47,88,5,186,199,83,153,166,24,150,10,185,62,120,3,168,44,48,63];False
2239;7110;9349;[34,4,121,162,147,67,32,91,172,12,130,84,77,112,93,184,66,157,103,105,74,188,144,31,142,117,167,61,45,19,41,49,78,128,42,57,197,146,118,126,143,160,138,1,33,124,180,196,36,46,140,92,82,23,189,81,0,85,22,26,176,193,109,190,170,95,38,139,65,20,70,194,51,198,174,178,9,6,129,2,163,25,50,8,16,125,11,113,156,71,165,87,37,94,173,18,131,110,101,59,80,100,30,134,148,195,97,58,175,151,7,191,181,68,123,72,137,158,54,52,119,187,39,107,55,14,13,111,132,89,75,149,15,135,53,183,69,159,164,90,28,155,73,99,106,136,115,152,35,161,102,86,133,76,122,116,104,17,145,56,21,108,192,40,169,182,29,154,60,177,27,43,127,96,171,141,98,114,64,79,179,47,88,5,186,199,83,153,166,24,150,10,185,62,120,3,168,44,48,63];False
2203;7118;9321;[34,4,121,162,147,67,32,138,172,12,130,84,77,112,93,184,66,157,103,105,74,188,144,31,142,117,167,61,45,19,41,49,78,128,42,57,197,146,118,126,143,160,91,1,33,124,180,196,36,46,140,92,82,23,189,81,0,85,22,26,176,193,109,190,170,95,38,139,65,20,70,194,29,198,174,178,9,6,129,2,163,25,50,8,16,125,11,113,156,71,165,87,37,94,173,18,131,110,101,59,80,100,30,134,148,195,97,58,175,151,7,191,181,68,123,72,137,158,54,52,119,187,39,107,55,14,13,111,132,89,75,149,15,135,53,183,69,159,164,90,28,155,73,99,106,136,115,152,35,161,102,86,133,76,122,116,104,17,145,56,21,108,192,40,169,182,51,154,60,177,27,43,127,96,171,141,98,114,64,79,179,47,88,5,186,199,83,153,166,24,150,10,185,62,120,3,168,44,48,63];False
2173;7139;9312;[34,4,121,162,147,67,32,138,172,12,130,84,77,112,93,184,66,157,103,105,74,188,144,31,142,117,167,61,45,22,41,49,78,128,42,57,197,146,118,126,143,160,91,1,33,124,180,196,36,46,140,92,82,23,189,81,0,85,19,26,176,193,109,190,170,95,38,139,65,20,70,194,29,198,174,178,9,6,129,2,163,25,50,51,16,125,11,113,156,71,165,87,37,94,173,18,131,110,101,59,80,100,30,134,148,195,97,58,175,151,7,191,181,68,123,72,137,158,54,52,119,187,39,107,55,14,13,111,132,89,75,149,15,135,53,183,69,159,164,90,28,155,73,99,106,136,115,152,35,161,102,86,133,76,122,116,104,17,145,56,21,108,192,40,169,182,8,154,60,177,27,43,127,96,171,141,98,114,64,79,179,47,88,5,186,199,83,153,166,24,150,10,185,62,120,3,168,44,48,63];False
2171;7147;9318;[34,4,121,162,147,67,32,138,172,12,130,84,77,112,93,184,66,157,103,105,74,188,144,31,142,117,167,61,45,22,41,49,78,128,42,57,197,146,118,126,143,160,91,1,33,124,180,196,36,46,140,92,82,23,189,81,0,85,19,26,176,193,109,190,170,95,38,139,65,20,70,194,8,198,174,178,9,6,129,2,163,25,50,51,16,125,11,113,156,71,165,87,37,94,173,18,131,110,101,59,80,100,30,134,148,195,97,58,151,175,7,191,181,68,123,72,137,158,54,52,119,187,39,107,55,14,13,111,132,89,75,149,15,135,53,183,69,159,164,90,28,155,73,99,106,136,115,152,35,161,102,86,133,76,122,116,104,17,145,56,21,108,192,40,169,182,29,154,60,177,27,43,127,96,171,141,98,114,64,79,179,47,88,5,186,199,83,153,166,24,150,10,185,62,120,3,168,44,48,63];False
2168;7141;9309;[34,4,121,162,147,67,32,91,172,12,130,84,77,112,93,184,66,157,103,105,74,188,144,31,142,117,167,61,45,22,41,49,78,128,42,57,197,146,118,126,143,160,138,1,33,124,180,196,36,46,140,92,82,23,189,81,0,85,19,26,176,193,109,190,170,95,38,139,65,20,70,194,29,198,174,178,9,6,129,2,163,25,50,8,16,125,11,113,156,71,165,87,37,94,173,18,131,110,101,59,80,100,30,134,148,195,97,58,175,151,7,191,181,68,123,72,137,158,54,52,119,187,39,107,55,14,13,111,132,89,75,149,15,135,53,183,69,159,164,90,28,155,73,99,106,136,115,152,35,161,102,86,133,76,122,116,104,17,145,56,21,108,192,40,169,182,51,154,60,177,27,43,127,96,171,141,98,114,64,79,179,47,88,5,186,199,83,153,166,24,150,10,185,62,120,3,168,44,48,63];False
2162;7147;9309;[34,4,121,162,147,67,32,138,172,12,130,84,77,112,93,184,66,157,103,105,74,188,144,31,142,117,167,61,45,22,41,49,78,128,42,57,197,146,118,126,143,160,91,1,33,124,180,196,36,46,140,92,82,23,189,81,0,85,19,26,176,193,109,190,170,95,38,139,65,20,70,194,29,198,174,178,9,6,129,2,163,25,50,8,16,125,11,113,156,71,165,87,37,94,173,18,137,110,101,59,80,100,30,134,148,195,97,58,175,151,7,191,181,68,123,72,131,158,54,52,119,187,39,107,55,14,13,111,132,89,75,149,15,135,53,183,69,159,164,90,28,155,73,99,106,136,115,152,35,161,102,86,133,76,122,116,104,17,145,56,21,108,192,40,169,182,51,154,60,177,27,43,127,96,171,141,98,114,64,79,179,47,88,5,186,199,83,153,166,24,150,10,185,62,120,3,168,44,48,63];False
2148;7150;9298;[34,4,121,162,147,67,32,138,172,12,130,84,77,112,93,184,66,157,103,105,74,188,144,31,142,117,167,61,45,22,41,49,78,128,42,57,197,146,118,126,143,160,91,1,33,124,180,196,36,46,140,92,82,23,189,81,0,85,19,26,176,193,109,190,170,95,38,139,65,20,70,194,29,198,174,178,9,6,129,2,163,25,50,8,16,125,11,113,156,71,165,87,37,94,173,18,131,110,101,59,80,100,30,134,148,195,97,58,151,175,7,191,181,68,123,72,137,158,54,52,119,187,39,107,55,14,13,111,132,89,75,149,15,135,53,183,69,159,164,90,28,155,73,99,106,136,115,152,35,161,102,86,133,76,122,116,104,17,145,56,21,108,192,40,169,182,51,154,60,177,27,43,127,96,171,141,98,114,64,79,179,47,88,5,186,199,83,153,166,24,150,10,185,62,120,3,168,44,48,63];False
1790;7536;9326;[13,172,132,22,26,178,147,3,2,130,84,117,77,112,106,24,66,157,103,105,74,188,93,118,10,0,101,61,45,138,41,49,78,128,42,57,37,121,162,126,143,160,91,1,33,14,94,196,36,182,140,92,82,23,189,81,87,85,104,46,146,193,136,144,170,95,38,139,19,20,51,149,34,194,180,123,90,111,32,72,163,25,70,65,16,190,125,113,156,71,165,184,31,8,173,18,131,110,167,59,80,100,30,134,148,195,97,137,175,151,7,191,181,68,198,142,58,158,54,52,29,187,39,107,55,124,176,67,12,89,75,4,15,135,53,183,69,159,164,9,28,155,73,99,109,50,115,152,35,161,102,86,133,76,122,116,44,154,145,56,21,108,192,40,169,129,119,11,60,177,27,43,127,96,171,141,98,114,64,79,179,47,88,5,186,199,83,153,166,174,150,6,185,62,120,197,168,17,48,63];False
1793;7533;9326;[13,172,12,22,26,178,147,3,2,130,132,117,77,112,106,24,66,157,103,105,74,188,93,118,10,0,101,61,45,138,41,49,78,128,42,57,37,121,162,126,143,160,91,1,33,14,94,196,36,182,140,92,82,23,189,81,87,85,104,46,146,193,136,144,170,95,38,139,19,20,51,149,34,194,180,123,90,111,32,72,163,25,70,65,16,190,125,113,156,71,165,184,31,8,173,18,131,110,167,59,80,100,30,134,148,195,97,137,175,151,7,191,181,68,198,142,58,158,54,52,29,187,39,107,55,124,176,67,84,89,75,4,15,135,53,183,69,159,164,9,28,155,73,99,109,50,115,152,35,161,102,86,133,76,122,116,44,154,145,56,21,108,192,40,169,129,119,11,60,177,27,43,127,96,171,141,98,114,64,79,179,47,88,5,186,199,83,153,166,174,150,6,185,62,120,197,168,17,48,63];False
1789;7553;9342;[13,172,12,22,26,178,147,3,2,130,84,117,77,112,106,24,66,157,103,105,74,188,93,118,10,0,101,61,45,138,167,49,78,128,42,57,37,121,162,126,143,160,91,1,33,14,94,196,36,182,140,92,82,23,189,81,87,85,104,46,146,193,136,144,170,95,38,139,19,20,51,149,34,194,180,123,90,111,32,72,163,25,70,65,16,190,125,113,156,71,165,184,31,8,173,18,131,110,41,59,80,100,30,134,148,195,97,137,175,151,7,191,181,68,198,142,58,158,54,52,29,187,39,107,55,124,176,67,132,89,75,4,15,135,53,183,69,159,164,9,28,155,73,99,109,50,115,152,35,161,102,86,133,76,122,116,44,154,145,56,21,108,192,40,169,129,119,11,60,177,27,43,127,96,171,141,98,114,64,79,179,47,88,5,186,199,83,153,166,174,150,6,185,62,120,197,168,17,48,63];False
1803;7511;9314;[13,172,12,22,26,178,147,3,2,130,84,117,77,112,106,24,66,157,103,105,74,188,93,118,10,0,101,61,45,138,41,49,78,128,42,57,37,121,162,126,143,160,91,1,33,14,94,196,36,182,140,92,82,23,189,81,87,85,104,20,146,193,136,144,170,95,38,139,19,46,51,149,34,194,180,123,90,111,32,72,163,25,70,65,16,190,125,113,156,71,165,184,31,8,173,18,131,110,167,59,80,100,30,134,148,195,97,137,175,151,7,191,181,68,198,142,58,158,54,52,29,187,39,107,55,124,176,67,132,89,75,4,15,135,53,183,69,159,164,9,28,155,73,99,109,50,115,152,35,161,102,86,133,76,122,116,44,154,145,56,21,108,192,40,169,129,119,11,60,177,27,43,127,96,171,141,98,114,64,79,179,47,88,5,186,199,83,153,166,174,150,6,185,62,120,197,168,17,48,63];False
1789;7550;9339;[13,172,12,22,26,178,147,3,2,130,84,117,77,112,106,24,66,157,103,105,74,188,93,118,10,0,101,61,45,138,41,49,78,128,42,57,37,121,162,126,143,160,91,1,33,14,94,196,36,182,140,92,82,23,189,81,87,85,104,46,146,193,136,144,170,166,38,139,19,20,51,149,34,194,180,123,90,111,32,72,163,25,70,65,16,190,125,113,156,71,165,184,31,8,173,18,131,110,167,59,80,100,30,134,148,195,97,137,175,151,7,191,181,68,198,142,58,158,54,52,29,187,39,107,55,124,176,67,132,89,75,4,15,135,53,183,69,159,164,9,28,155,73,99,109,50,115,152,35,161,102,86,133,76,122,116,44,154,145,56,21,108,192,40,169,129,119,11,60,177,27,43,127,96,171,141,98,114,64,79,179,47,88,5,186,199,83,153,95,174,150,6,185,62,120,197,168,17,48,63];False
1812;7510;9322;[13,172,12,22,26,178,147,3,2,130,84,117,77,112,106,24,66,157,103,105,74,188,93,118,10,0,101,61,45,138,41,49,78,128,42,57,37,121,162,126,143,160,91,1,33,14,94,196,36,182,140,92,82,23,189,81,87,85,104,46,146,193,136,144,170,95,38,139,65,20,51,149,34,194,180,123,90,111,32,72,163,25,70,19,16,190,125,113,156,71,165,184,31,8,173,18,131,110,167,59,80,100,30,134,148,195,97,137,175,151,7,191,181,68,198,142,58,158,54,52,29,187,39,107,55,124,176,67,132,89,75,4,15,135,53,183,69,159,164,9,28,155,73,99,109,50,115,152,35,161,102,86,133,76,122,116,44,154,145,56,21,108,192,40,169,129,119,11,60,177,27,43,127,96,171,141,98,114,64,79,179,47,88,5,186,199,83,153,166,174,150,6,185,62,120,197,168,17,48,63];False
1777;7566;9343;[13,172,12,22,26,178,147,3,2,130,84,117,77,112,106,24,66,157,103,105,74,188,93,118,10,0,101,61,45,138,41,49,78,128,42,57,37,121,162,126,143,160,91,1,33,14,94,196,36,182,140,92,82,23,189,81,87,85,104,46,146,193,136,144,170,95,38,139,19,20,51,149,34,194,180,123,90,111,32,72,163,25,70,65,16,190,125,113,156,71,165,184,31,8,173,18,131,110,167,59,80,100,30,134,148,195,97,137,175,151,7,191,181,68,198,142,58,158,54,52,29,187,39,107,55,124,176,67,132,89,75,4,15,108,53,183,69,159,164,9,28,155,73,99,109,50,115,152,35,161,102,86,133,76,122,116,44,154,145,56,21,135,192,40,169,129,119,11,60,177,27,43,127,96,171,141,98,114,64,79,179,47,88,5,186,199,83,153,166,174,150,6,185,62,120,197,168,17,48,63];False
1760;7565;9325;[13,172,12,22,26,178,147,3,2,130,84,117,77,112,106,24,66,157,103,105,74,188,93,118,10,0,101,61,45,138,41,49,78,128,42,57,37,121,162,126,143,160,91,1,33,14,94,196,36,182,140,92,82,23,189,81,87,85,104,46,146,193,136,144,170,95,38,139,19,20,51,149,34,194,180,123,90,111,32,72,163,25,70,65,16,190,125,113,156,71,165,184,31,8,173,18,131,110,167,59,80,100,30,134,148,195,97,137,175,151,7,191,181,68,198,142,58,158,54,52,29,187,39,107,55,124,176,67,132,89,75,4,15,135,53,183,69,159,164,9,28,155,73,99,109,50,115,152,35,44,102,86,133,76,122,116,161,154,145,56,21,108,192,40,169,129,119,11,60,177,27,43,127,96,171,141,98,114,64,79,179,47,88,5,186,199,83,153,166,174,150,6,185,62,120,197,168,17,48,63];False
2296;7084;9380;[50,4,121,162,147,67,32,91,172,12,130,84,77,112,93,184,66,157,103,105,74,188,144,31,142,117,167,38,139,70,41,49,78,128,42,57,197,146,118,126,143,160,138,1,33,124,180,196,36,46,140,92,82,23,189,81,0,85,22,26,176,193,109,190,170,95,61,45,65,20,19,145,34,198,174,178,9,6,129,2,163,25,51,8,16,125,11,113,156,71,165,87,37,94,173,18,131,110,101,59,80,100,30,134,148,195,97,58,175,151,7,191,181,68,123,72,137,158,54,52,119,187,39,107,55,14,13,111,132,89,75,149,15,135,53,183,69,159,164,90,28,155,73,99,106,136,115,152,35,161,102,86,133,76,122,116,104,17,194,56,21,108,192,40,169,182,29,154,60,177,27,43,127,96,171,141,98,114,64,79,179,47,88,5,186,199,83,153,166,24,150,10,185,62,120,3,168,44,48,63];False
2323;7081;9404;[50,4,28,162,147,67,32,91,172,12,130,84,77,112,93,184,66,157,103,105,74,188,144,31,142,117,167,61,45,65,41,49,78,128,42,57,197,146,118,126,143,160,138,1,33,124,180,196,36,46,140,92,82,23,189,81,0,85,22,26,176,193,109,190,170,95,38,139,70,20,19,145,34,198,174,178,9,6,129,2,163,25,51,8,16,125,11,113,156,71,165,87,37,94,173,18,131,110,101,59,80,100,30,134,148,195,97,58,175,151,7,191,181,68,123,72,137,158,54,52,119,187,39,107,55,14,13,111,132,89,75,149,15,135,53,183,69,159,164,90,121,155,73,99,106,136,115,152,35,161,102,86,133,76,122,116,104,17,194,56,21,108,192,40,169,182,29,154,60,177,27,43,127,96,171,141,98,114,64,79,179,47,88,5,186,199,83,153,166,24,150,10,185,62,120,3,168,44,48,63];False
2243;7106;9349;[50,4,121,162,147,67,32,91,172,12,130,84,77,112,93,184,66,157,103,105,20,188,144,31,142,117,167,61,45,65,41,49,78,128,42,57,197,146,118,126,143,160,138,1,33,124,180,196,36,46,140,92,82,23,189,81,0,85,22,26,176,193,109,190,170,95,38,139,70,74,19,145,34,198,174,178,9,6,129,2,163,25,51,8,16,125,11,113,156,71,165,87,37,94,173,18,131,110,101,59,80,100,30,134,148,195,97,58,175,151,7,191,181,68,123,72,137,158,54,52,119,187,39,107,55,14,13,111,132,89,75,149,15,135,53,183,69,159,164,90,28,155,73,99,106,136,115,152,35,161,102,86,133,76,122,116,104,17,194,56,21,108,192,40,169,182,29,154,60,177,27,43,127,96,171,141,98,114,64,79,179,47,88,5,186,199,83,153,166,24,150,10,185,62,120,3,168,44,48,63];False
2333;7080;9413;[50,4,121,162,147,67,32,91,172,12,130,84,77,112,93,184,66,157,103,105,74,188,144,31,142,117,167,61,45,65,41,49,78,128,42,57,197,146,118,126,143,160,138,1,33,124,180,196,36,46,140,92,82,23,189,81,0,85,22,26,176,193,109,190,170,95,38,139,70,20,19,145,34,198,174,178,9,6,129,2,163,25,48,8,16,125,11,113,156,71,165,87,37,94,173,18,131,110,101,59,80,100,30,134,148,195,97,58,175,151,7,191,181,68,123,72,137,158,54,52,119,187,39,107,55,14,13,111,132,89,75,149,15,135,53,183,69,159,164,90,28,155,73,99,106,136,115,152,35,161,102,86,133,76,122,116,104,17,194,56,21,108,192,40,169,182,29,154,60,177,27,43,127,96,171,141,98,114,64,79,179,47,88,5,186,199,83,153,166,24,150,10,185,62,120,3,168,44,51,63];False
2288;7088;9376;[50,4,121,162,147,67,32,91,172,12,130,84,77,112,93,184,66,157,103,105,74,188,144,31,142,117,167,61,45,65,41,49,78,128,42,57,197,146,118,126,143,160,138,1,33,124,180,196,36,46,140,92,82,23,189,81,0,85,22,26,176,193,109,190,170,95,38,139,70,20,19,145,34,198,174,178,9,6,129,2,163,25,51,8,16,125,11,113,156,71,165,87,37,94,173,18,137,110,101,59,80,100,30,134,148,195,97,58,175,151,7,191,181,68,123,72,131,158,54,52,119,187,39,107,55,14,13,111,132,89,75,149,15,135,53,183,69,159,164,90,28,155,73,99,106,136,115,152,35,161,102,86,133,76,122,116,104,17,194,56,21,108,192,40,169,182,29,154,60,177,27,43,127,96,171,141,98,114,64,79,179,47,88,5,186,199,83,153,166,24,150,10,185,62,120,3,168,44,48,63];False
2274;7091;9365;[50,4,121,162,147,67,32,91,172,12,130,84,77,112,93,184,66,157,103,105,74,188,144,31,142,117,167,61,45,65,41,49,78,128,42,57,197,146,118,126,143,160,138,1,33,124,180,196,36,46,140,92,82,23,189,81,0,85,22,26,176,193,109,190,170,95,38,139,70,20,19,145,34,198,174,178,9,6,129,2,163,25,51,8,16,125,11,113,156,71,165,87,37,94,173,18,131,110,101,59,80,100,30,134,148,195,97,58,151,175,7,191,181,68,123,72,137,158,54,52,119,187,39,107,55,14,13,111,132,89,75,149,15,135,53,183,69,159,164,90,28,155,73,99,106,136,115,152,35,161,102,86,133,76,122,116,104,17,194,56,21,108,192,40,169,182,29,154,60,177,27,43,127,96,171,141,98,114,64,79,179,47,88,5,186,199,83,153,166,24,150,10,185,62,120,3,168,44,48,63];False
1714;7657;9371;[50,172,12,22,26,178,120,3,2,130,84,117,77,112,31,29,66,157,103,105,74,188,144,118,100,0,101,61,45,138,167,180,78,128,42,57,37,121,162,126,143,160,91,1,33,124,94,196,36,182,140,92,82,23,189,81,87,85,104,20,146,193,109,93,170,95,38,139,19,194,102,149,34,127,175,123,49,67,32,72,137,25,70,65,16,190,11,113,156,71,165,184,125,8,173,18,131,110,41,59,80,147,30,134,148,195,97,58,6,43,7,191,181,68,198,142,163,158,54,52,119,187,39,107,55,14,13,197,132,89,75,4,15,135,53,183,69,159,164,90,28,155,73,99,106,136,115,152,35,176,9,86,133,76,122,116,161,46,145,56,21,108,192,40,169,129,24,154,60,177,27,151,111,96,171,141,98,114,64,79,179,47,88,5,186,199,83,153,166,174,150,10,185,62,44,51,168,17,48,63];False
1701;7665;9366;[50,172,12,22,26,178,120,3,2,130,84,117,77,112,31,29,66,157,103,105,74,188,144,118,147,0,101,61,45,138,167,180,78,128,42,57,37,121,162,126,143,160,91,1,33,124,94,196,52,182,140,92,82,23,189,81,87,85,104,20,146,193,109,93,170,95,38,139,19,194,102,149,34,127,175,123,49,67,32,72,137,25,70,65,16,190,11,113,156,71,165,184,125,8,173,18,131,110,41,59,80,100,30,134,148,195,97,58,6,43,7,191,181,68,198,142,163,158,54,36,119,187,39,107,55,14,13,197,132,89,75,4,15,135,53,183,69,159,164,90,28,155,73,99,106,136,115,152,35,176,9,86,133,76,122,116,161,46,145,56,21,108,192,40,169,129,24,154,60,177,27,151,111,96,171,141,98,114,64,79,179,47,88,5,186,199,83,153,166,174,150,10,185,62,44,51,168,17,48,63];False
1712;7656;9368;[50,172,12,22,26,178,120,3,2,130,84,117,77,112,31,29,66,157,103,105,74,188,144,118,147,0,101,61,45,138,167,180,78,128,42,57,37,121,162,126,143,160,91,1,33,124,94,196,36,182,140,92,82,23,189,81,87,85,104,20,146,193,109,93,170,166,38,139,19,194,102,149,34,127,175,123,49,67,32,72,137,25,70,65,16,190,11,113,156,71,165,184,125,8,173,18,131,110,41,59,80,100,30,134,148,195,97,58,6,43,7,191,181,68,198,142,163,158,54,52,119,187,39,107,55,14,13,197,132,89,75,4,15,135,53,183,69,159,164,90,28,155,73,99,106,136,115,152,35,176,9,86,133,76,122,116,161,46,145,56,21,108,192,40,169,129,24,154,60,177,27,151,111,96,171,141,98,114,64,79,179,47,88,5,186,199,83,153,95,174,150,10,185,62,44,51,168,17,48,63];False
1730;7624;9354;[50,172,12,22,26,178,120,3,2,130,84,117,77,112,31,29,66,157,103,105,74,188,144,118,147,0,101,61,45,138,167,180,78,128,42,57,37,121,162,126,143,160,91,1,33,124,94,196,36,182,140,92,82,23,189,81,87,85,104,20,146,193,109,93,170,95,38,139,19,194,102,149,34,127,175,123,49,67,32,72,137,25,70,65,16,190,195,113,156,71,165,184,125,8,173,18,131,110,41,59,80,100,30,134,148,11,97,58,6,43,7,191,181,68,198,142,163,158,54,52,119,187,39,107,55,14,13,197,132,89,75,4,15,135,53,183,69,159,164,90,28,155,73,99,106,136,115,152,35,176,9,86,133,76,122,116,161,46,145,56,21,108,192,40,169,129,24,154,60,177,27,151,111,96,171,141,98,114,64,79,179,47,88,5,186,199,83,153,166,174,150,10,185,62,44,51,168,17,48,63];False
1700;7672;9372;[50,172,12,22,26,178,120,3,2,130,84,117,77,112,31,29,66,157,103,105,74,188,144,118,147,0,101,61,45,138,167,180,78,128,42,57,37,121,162,126,143,160,91,1,33,124,94,196,36,182,140,92,82,23,189,81,87,85,104,20,146,193,109,93,170,95,38,139,19,194,102,149,34,127,175,123,49,67,32,72,137,25,70,65,16,190,11,113,156,71,165,184,125,8,173,18,131,110,41,59,80,100,30,134,148,195,97,58,6,43,7,191,181,68,198,142,163,158,54,52,119,187,39,107,55,14,13,197,132,89,75,4,15,108,53,183,69,159,164,90,28,155,73,99,106,136,115,152,35,176,9,86,133,76,122,116,161,46,145,56,21,135,192,40,169,129,24,154,60,177,27,151,111,96,171,141,98,114,64,79,179,47,88,5,186,199,83,153,166,174,150,10,185,62,44,51,168,17,48,63];False
1716;7639;9355;[50,172,12,22,26,178,120,3,2,130,84,117,77,112,31,29,66,157,103,105,74,188,144,118,147,0,101,61,45,138,167,180,78,128,42,57,37,121,162,126,143,160,91,1,33,124,94,196,36,182,140,92,82,23,189,81,87,85,104,20,146,193,109,93,170,95,38,139,19,194,102,149,34,127,175,123,49,67,32,72,137,25,70,65,16,190,11,113,156,71,165,184,125,8,173,18,131,110,41,59,80,100,30,134,148,195,97,58,6,43,7,191,181,68,198,142,163,158,54,52,119,187,39,107,55,14,13,197,132,89,75,4,15,135,53,183,69,159,164,90,28,155,73,99,106,136,115,152,35,176,9,86,133,76,122,116,161,46,145,56,21,108,192,40,169,129,24,154,60,179,27,151,111,96,171,141,98,114,64,79,177,47,88,5,186,199,83,153,166,174,150,10,185,62,44,51,168,17,48,63];False
1763;7561;9324;[50,180,41,22,26,178,120,3,2,130,84,117,77,112,31,29,66,157,103,105,74,188,144,118,147,0,101,61,45,138,167,172,86,128,42,57,37,121,162,126,143,160,91,1,33,124,94,196,36,182,140,92,82,23,189,81,87,85,104,20,146,193,109,93,170,95,38,139,19,194,102,149,34,127,175,123,49,67,32,72,137,25,70,65,16,190,11,113,156,71,165,184,125,8,173,18,131,110,12,59,80,100,30,134,148,195,97,58,6,43,7,191,181,68,198,142,163,158,54,52,119,187,39,107,55,14,13,197,132,89,75,4,15,135,53,183,69,159,164,90,28,155,73,99,106,136,115,152,35,176,9,78,133,76,122,116,161,46,145,56,21,108,192,40,169,129,24,154,60,177,27,151,111,96,171,141,98,114,64,79,179,47,88,5,186,199,83,153,166,174,150,10,185,62,44,51,168,17,48,63];False
1735;7620;9355;[50,180,12,22,26,178,120,3,2,130,84,117,77,112,31,29,66,157,103,105,74,188,144,118,147,0,101,61,45,138,167,172,86,128,42,57,37,121,162,126,143,160,91,1,33,124,94,196,36,182,140,92,82,23,189,81,87,85,104,20,146,193,109,93,170,95,38,139,19,194,102,149,34,127,175,123,49,67,32,72,137,25,70,65,16,190,11,113,156,71,165,184,125,8,173,18,131,110,41,59,80,100,30,134,148,195,97,58,6,43,7,191,181,68,198,142,163,158,54,52,119,187,39,107,55,14,13,197,132,89,75,4,15,135,53,183,69,159,164,90,28,155,73,99,106,136,115,152,35,176,9,78,133,76,122,116,161,46,145,56,21,108,192,40,169,129,24,154,60,179,27,151,111,96,171,141,98,114,64,79,177,47,88,5,186,199,83,153,166,174,150,10,185,62,44,51,168,17,48,63];False
2198;7124;9322;[50,4,121,162,20,67,32,138,172,12,130,84,77,112,93,184,66,157,103,105,74,188,144,31,142,117,167,61,45,65,41,49,78,128,42,57,197,146,118,126,143,160,91,1,33,124,180,196,36,46,140,92,82,23,189,81,0,85,22,26,176,193,109,190,170,95,38,139,70,147,19,145,34,198,174,178,9,6,129,2,163,25,51,8,16,125,11,113,156,71,165,87,37,94,173,18,137,110,101,59,80,100,30,134,148,195,97,58,175,151,7,191,181,68,123,72,131,158,54,52,119,187,39,107,55,14,13,111,132,89,75,149,15,135,53,183,69,159,164,90,28,155,73,99,106,136,115,152,35,161,102,86,133,76,122,116,104,17,194,56,21,108,192,40,169,182,29,154,60,177,27,43,127,96,171,141,98,114,64,79,179,47,88,5,186,199,83,153,166,24,150,10,185,62,120,3,168,44,48,63];False
2184;7127;9311;[50,4,121,162,20,67,32,138,172,12,130,84,77,112,93,184,66,157,103,105,74,188,144,31,142,117,167,61,45,65,41,49,78,128,42,57,197,146,118,126,143,160,91,1,33,124,180,196,36,46,140,92,82,23,189,81,0,85,22,26,176,193,109,190,170,95,38,139,70,147,19,145,34,198,174,178,9,6,129,2,163,25,51,8,16,125,11,113,156,71,165,87,37,94,173,18,131,110,101,59,80,100,30,134,148,195,97,58,151,175,7,191,181,68,123,72,137,158,54,52,119,187,39,107,55,14,13,111,132,89,75,149,15,135,53,183,69,159,164,90,28,155,73,99,106,136,115,152,35,161,102,86,133,76,122,116,104,17,194,56,21,108,192,40,169,182,29,154,60,177,27,43,127,96,171,141,98,114,64,79,179,47,88,5,186,199,83,153,166,24,150,10,185,62,120,3,168,44,48,63];False
2182;7138;9320;[50,4,121,162,20,67,32,138,172,12,130,84,77,112,93,184,66,157,103,105,74,188,144,31,142,117,167,61,45,65,41,49,78,128,42,57,197,146,118,126,143,160,91,1,33,124,180,196,36,46,140,92,82,23,189,81,0,85,22,26,176,193,109,190,170,95,38,139,70,147,19,145,34,198,174,178,9,6,129,2,163,25,51,8,16,125,11,113,156,71,165,87,37,94,173,18,131,110,101,59,80,100,30,134,148,195,97,58,175,151,7,191,181,68,123,72,137,158,54,52,119,187,39,107,55,14,13,111,132,89,75,149,15,135,53,183,69,159,164,90,28,155,73,99,106,136,115,152,35,161,102,86,133,76,122,116,104,17,194,56,21,108,192,40,169,182,29,154,60,179,27,43,127,96,171,141,98,114,64,79,177,47,88,5,186,199,83,153,166,24,150,10,185,62,120,3,168,44,48,63];False
2237;7112;9349;[50,4,121,162,147,67,32,138,172,12,130,84,77,112,93,184,66,157,103,105,20,188,144,31,142,117,167,61,45,65,41,49,78,128,42,57,197,146,118,126,143,160,91,1,33,124,180,196,36,46,140,92,82,23,189,81,0,85,22,26,176,193,109,190,170,95,38,139,70,74,19,145,34,198,174,178,9,6,129,2,163,25,51,8,16,125,11,113,156,71,165,87,37,94,173,18,137,110,101,59,80,100,30,134,148,195,97,58,175,151,7,191,181,68,123,72,131,158,54,52,119,187,39,107,55,14,13,111,132,89,75,149,15,135,53,183,69,159,164,90,28,155,73,99,106,136,115,152,35,161,102,86,133,76,122,116,104,17,194,56,21,108,192,40,169,182,29,154,60,177,27,43,127,96,171,141,98,114,64,79,179,47,88,5,186,199,83,153,166,24,150,10,185,62,120,3,168,44,48,63];False
2223;7115;9338;[50,4,121,162,147,67,32,138,172,12,130,84,77,112,93,184,66,157,103,105,20,188,144,31,142,117,167,61,45,65,41,49,78,128,42,57,197,146,118,126,143,160,91,1,33,124,180,196,36,46,140,92,82,23,189,81,0,85,22,26,176,193,109,190,170,95,38,139,70,74,19,145,34,198,174,178,9,6,129,2,163,25,51,8,16,125,11,113,156,71,165,87,37,94,173,18,131,110,101,59,80,100,30,134,148,195,97,58,151,175,7,191,181,68,123,72,137,158,54,52,119,187,39,107,55,14,13,111,132,89,75,149,15,135,53,183,69,159,164,90,28,155,73,99,106,136,115,152,35,161,102,86,133,76,122,116,104,17,194,56,21,108,192,40,169,182,29,154,60,177,27,43,127,96,171,141,98,114,64,79,179,47,88,5,186,199,83,153,166,24,150,10,185,62,120,3,168,44,48,63];False
2275;7089;9364;[50,4,121,162,147,67,32,138,172,12,130,84,77,112,93,184,66,157,103,105,74,188,144,31,142,117,167,61,45,65,41,49,78,128,42,57,197,146,118,126,143,160,91,1,33,124,180,196,36,46,140,92,82,23,189,81,0,85,22,26,176,193,109,190,170,95,38,139,70,20,19,145,34,198,174,178,9,6,129,2,163,25,51,8,16,125,11,113,156,71,165,87,37,94,173,18,86,110,101,59,80,100,30,134,148,195,97,58,175,151,7,191,181,68,123,72,131,158,54,52,119,187,39,107,55,14,13,111,132,89,75,149,15,135,53,183,69,159,164,90,28,155,73,99,106,136,115,152,35,161,102,137,133,76,122,116,104,17,194,56,21,108,192,40,169,182,29,154,60,177,27,43,127,96,171,141,98,114,64,79,179,47,88,5,186,199,83,153,166,24,150,10,185,62,120,3,168,44,48,63];False
2253;7099;9352;[50,4,121,162,147,67,32,138,172,12,130,84,77,112,93,184,66,157,103,105,74,188,144,31,142,117,167,61,45,65,41,49,78,128,42,57,197,146,118,126,143,160,91,1,33,124,180,196,36,46,140,92,82,23,189,81,0,85,22,26,176,193,109,190,170,95,38,139,70,20,19,145,34,198,174,178,9,6,129,2,163,25,51,8,16,125,11,113,156,71,165,87,37,94,173,18,137,175,101,59,80,100,30,134,148,195,97,58,110,151,7,191,181,68,123,72,131,158,54,52,119,187,39,107,55,14,13,111,132,89,75,149,15,135,53,183,69,159,164,90,28,155,73,99,106,136,115,152,35,161,102,86,133,76,122,116,104,17,194,56,21,108,192,40,169,182,29,154,60,177,27,43,127,96,171,141,98,114,64,79,179,47,88,5,186,199,83,153,166,24,150,10,185,62,120,3,168,44,48,63];False
2268;7097;9365;[50,4,121,162,147,67,32,138,172,12,130,84,77,112,93,184,66,157,103,105,74,188,144,31,142,117,167,61,45,65,41,49,78,128,42,57,197,146,118,126,143,160,91,1,33,124,180,196,36,46,140,92,82,23,189,81,0,85,22,26,176,193,109,190,170,95,38,139,70,20,19,145,34,198,174,178,9,6,129,2,163,25,51,8,16,125,11,113,156,71,165,87,37,94,173,18,137,110,101,59,80,100,30,134,148,195,97,58,151,175,7,191,181,68,123,72,131,158,54,52,119,187,39,107,55,14,13,111,132,89,75,149,15,135,53,183,69,159,164,90,28,155,73,99,106,136,115,152,35,161,102,86,133,76,122,116,104,17,194,56,21,108,192,40,169,182,29,154,60,177,27,43,127,96,171,141,98,114,64,79,179,47,88,5,186,199,83,153,166,24,150,10,185,62,120,3,168,44,48,63];False
1714;7652;9366;[174,180,41,22,26,178,120,3,2,130,84,117,77,112,31,29,66,157,103,105,74,188,144,118,147,0,101,61,45,138,167,172,78,128,42,57,37,121,162,126,143,160,91,1,33,124,94,196,36,182,140,92,82,23,189,81,87,85,104,20,146,193,109,93,170,95,38,139,19,194,102,149,34,127,175,123,49,67,32,72,137,25,70,65,16,190,11,113,156,71,165,184,125,8,173,18,131,110,12,59,80,100,30,134,148,195,97,58,6,43,7,191,181,68,198,142,163,158,54,52,119,187,39,107,55,14,13,197,132,89,75,4,15,135,53,183,69,159,164,90,28,155,73,99,106,136,115,152,35,176,9,86,133,76,122,116,161,46,145,56,21,108,192,40,169,129,24,154,60,177,27,151,111,96,171,141,98,114,64,79,179,47,88,5,186,199,83,153,166,50,150,10,185,62,44,51,168,17,48,63];False
1783;7558;9341;[50,180,41,22,26,178,120,3,2,130,84,117,77,112,31,29,66,157,103,105,74,188,144,118,147,0,101,61,45,138,167,10,78,128,42,57,37,121,162,126,143,160,91,1,33,124,94,196,36,182,140,92,82,23,189,81,87,85,104,20,146,193,109,93,170,95,38,139,19,194,102,149,34,127,175,123,49,67,32,72,137,25,70,65,16,190,11,113,156,71,165,184,125,8,173,18,131,110,12,59,80,100,30,134,148,195,97,58,6,43,7,191,181,68,198,142,163,158,54,52,119,187,39,107,55,14,13,197,132,89,75,4,15,135,53,183,69,159,164,90,28,155,73,99,106,136,115,152,35,176,9,86,133,76,122,116,161,46,145,56,21,108,192,40,169,129,24,154,60,177,27,151,111,96,171,141,98,114,64,79,179,47,88,5,186,199,83,153,166,174,150,172,185,62,44,51,168,17,48,63];False
1726;7622;9348;[50,180,41,22,26,178,120,3,2,130,84,117,77,112,31,29,66,157,103,105,74,188,144,118,147,0,101,61,45,138,167,172,78,128,42,57,37,121,162,126,143,160,91,1,33,124,94,196,52,182,140,92,82,23,189,81,87,85,104,20,146,193,109,93,170,95,38,139,19,194,102,149,34,127,175,123,49,67,32,72,137,25,70,65,16,190,11,113,156,71,165,184,125,8,173,18,131,110,12,59,80,100,30,134,148,195,97,58,6,43,7,191,181,68,198,142,163,158,54,36,119,187,39,107,55,14,13,197,132,89,75,4,15,135,53,183,69,159,164,90,28,155,73,99,106,136,115,152,35,176,9,86,133,76,122,116,161,46,145,56,21,108,192,40,169,129,24,154,60,177,27,151,111,96,171,141,98,114,64,79,179,47,88,5,186,199,83,153,166,174,150,10,185,62,44,51,168,17,48,63];False
1737;7613;9350;[50,180,41,22,26,178,120,3,2,130,84,117,77,112,31,29,66,157,103,105,74,188,144,118,147,0,101,61,45,138,167,172,78,128,42,57,37,121,162,126,143,160,91,1,33,124,94,196,36,182,140,92,82,23,189,81,87,85,104,20,146,193,109,93,170,166,38,139,19,194,102,149,34,127,175,123,49,67,32,72,137,25,70,65,16,190,11,113,156,71,165,184,125,8,173,18,131,110,12,59,80,100,30,134,148,195,97,58,6,43,7,191,181,68,198,142,163,158,54,52,119,187,39,107,55,14,13,197,132,89,75,4,15,135,53,183,69,159,164,90,28,155,73,99,106,136,115,152,35,176,9,86,133,76,122,116,161,46,145,56,21,108,192,40,169,129,24,154,60,177,27,151,111,96,171,141,98,114,64,79,179,47,88,5,186,199,83,153,95,174,150,10,185,62,44,51,168,17,48,63];False
1775;7551;9326;[50,180,41,22,26,178,120,3,2,130,84,117,77,112,31,29,66,157,103,105,74,188,144,118,147,0,101,61,45,138,167,172,78,128,42,57,37,121,162,126,143,160,91,1,33,124,94,196,36,182,140,92,82,23,189,81,87,85,104,20,146,193,109,93,170,95,38,139,19,194,102,149,34,127,175,123,49,67,32,72,137,25,70,65,16,125,11,113,156,71,165,184,190,8,173,18,131,110,12,59,80,100,30,134,148,195,97,58,6,43,7,191,181,68,198,142,163,158,54,52,119,187,39,107,55,14,13,197,132,89,75,4,15,135,53,183,69,159,164,90,28,155,73,99,106,136,115,152,35,176,9,86,133,76,122,116,161,46,145,56,21,108,192,40,169,129,24,154,60,177,27,151,111,96,171,141,98,114,64,79,179,47,88,5,186,199,83,153,166,174,150,10,185,62,44,51,168,17,48,63];False
1755;7581;9336;[50,180,41,22,26,178,120,3,2,130,84,117,77,112,31,29,66,157,103,105,74,188,144,118,147,0,101,61,45,138,167,172,78,128,42,57,37,121,162,126,143,160,91,1,33,124,94,196,36,182,140,92,82,23,189,81,87,85,104,20,146,193,109,93,170,95,38,139,19,194,102,149,34,127,175,123,49,67,32,72,137,25,70,65,16,190,195,113,156,71,165,184,125,8,173,18,131,110,12,59,80,100,30,134,148,11,97,58,6,43,7,191,181,68,198,142,163,158,54,52,119,187,39,107,55,14,13,197,132,89,75,4,15,135,53,183,69,159,164,90,28,155,73,99,106,136,115,152,35,176,9,86,133,76,122,116,161,46,145,56,21,108,192,40,169,129,24,154,60,177,27,151,111,96,171,141,98,114,64,79,179,47,88,5,186,199,83,153,166,174,150,10,185,62,44,51,168,17,48,63];False
1742;7600;9342;[50,180,41,22,26,178,120,3,2,130,84,117,77,112,31,29,66,157,103,105,74,188,144,118,147,0,101,61,45,138,167,172,78,128,42,57,37,121,162,126,143,160,91,1,33,124,94,196,36,182,140,92,82,23,189,81,87,85,104,20,146,193,109,93,170,95,38,139,19,194,102,149,34,127,175,123,49,67,32,72,137,25,70,65,16,190,186,113,156,71,165,184,125,8,173,18,131,110,12,59,80,100,30,134,148,195,97,58,6,43,7,191,181,68,198,142,163,158,54,52,119,187,39,107,55,14,13,197,132,89,75,4,15,135,53,183,69,159,164,90,28,155,73,99,106,136,115,152,35,176,9,86,133,76,122,116,161,46,145,56,21,108,192,40,169,129,24,154,60,177,27,151,111,96,171,141,98,114,64,79,179,47,88,5,11,199,83,153,166,174,150,10,185,62,44,51,168,17,48,63];False
1741;7596;9337;[50,180,41,22,26,178,120,3,2,130,84,117,77,112,31,29,66,157,103,105,74,188,144,118,147,0,101,61,45,138,167,172,78,128,42,57,37,121,162,126,143,160,91,1,33,124,94,196,36,182,140,92,82,23,189,81,87,85,104,20,146,193,109,93,170,95,38,139,19,194,102,149,34,127,175,123,49,67,32,72,137,25,70,65,16,190,11,113,156,71,165,184,125,8,173,18,131,110,12,59,80,100,30,134,148,195,97,58,6,43,7,191,181,68,198,142,163,158,54,52,119,187,39,107,55,14,13,197,132,89,75,4,15,135,53,183,69,159,164,90,28,155,73,99,106,136,115,152,35,176,9,86,133,76,122,116,161,46,145,56,21,108,192,40,169,129,24,154,60,179,27,151,111,96,171,141,98,114,64,79,177,47,88,5,186,199,83,153,166,174,150,10,185,62,44,51,168,17,48,63];False
1679;7746;9425;[9,180,12,22,26,178,120,3,2,130,84,117,77,112,31,29,66,157,103,105,74,188,144,118,147,0,101,61,45,138,167,172,86,128,42,57,37,121,162,126,143,160,91,1,33,124,94,196,36,182,140,92,82,23,189,81,87,85,104,20,146,193,109,93,170,95,38,139,19,194,102,149,34,127,175,123,49,67,32,72,137,25,70,65,16,190,11,113,156,71,165,184,125,8,173,18,131,110,41,59,80,100,30,134,148,195,97,58,6,43,7,191,181,68,198,142,163,158,54,52,119,187,39,107,55,14,13,197,132,89,75,4,15,108,53,183,69,159,164,90,28,155,73,99,106,136,115,152,35,176,50,78,133,76,122,116,161,46,145,56,21,135,192,40,169,129,24,154,60,179,27,151,111,96,171,141,98,114,64,79,177,47,88,5,186,199,83,153,166,174,150,10,185,62,44,51,168,17,48,63];False
1678;7726;9404;[9,180,12,22,26,178,120,3,2,130,84,117,77,112,31,29,66,157,103,105,74,188,144,118,147,0,101,61,45,138,167,172,86,128,42,57,37,121,162,126,143,160,91,1,33,124,94,196,36,182,140,92,82,23,189,81,87,85,104,20,146,193,109,93,170,95,38,139,19,194,102,149,34,127,175,123,49,67,32,72,137,25,70,65,16,190,11,113,156,71,165,184,125,8,173,18,131,110,41,59,80,100,30,134,148,195,97,58,6,43,7,191,181,68,198,142,163,158,54,60,119,187,39,107,55,14,13,197,132,89,75,4,15,135,53,183,69,159,164,90,28,155,73,99,106,136,115,152,35,176,50,78,133,76,122,116,161,46,145,56,21,108,192,40,169,129,24,154,52,179,27,151,111,96,171,141,98,114,64,79,177,47,88,5,186,199,83,153,166,174,150,10,185,62,44,51,168,17,48,63];False
1664;7743;9407;[180,172,12,22,26,178,120,3,2,130,84,117,77,85,31,29,66,157,103,44,74,188,93,164,100,0,101,61,45,138,126,185,78,128,42,57,37,121,162,146,118,10,91,1,33,124,94,196,36,182,140,92,82,23,189,81,49,112,104,20,167,193,136,144,62,95,38,139,19,194,51,149,34,127,175,123,90,67,32,72,137,25,170,65,16,125,11,113,156,71,165,184,143,8,173,18,131,110,41,59,80,147,30,134,148,195,97,58,6,43,7,191,181,68,198,142,163,158,54,52,119,187,39,107,55,14,13,197,132,89,75,4,15,135,53,183,69,159,9,105,28,155,73,99,106,70,115,152,35,87,102,86,133,76,122,116,161,46,145,56,21,108,192,40,169,129,24,154,60,177,27,151,111,96,171,141,98,114,64,79,179,47,88,5,186,199,83,153,166,174,150,160,190,109,176,50,168,17,48,63];False
1627;7806;9433;[180,172,12,22,26,178,120,3,2,130,84,117,77,112,31,29,66,157,103,44,74,188,93,164,100,0,101,61,45,138,126,185,78,128,42,57,37,121,162,146,118,10,91,1,33,124,94,196,36,182,140,92,82,23,189,81,87,85,104,20,167,193,136,144,62,95,38,139,19,194,51,149,34,127,175,123,90,67,32,72,137,25,170,65,16,125,11,113,156,71,165,184,143,8,173,18,131,110,41,59,80,147,30,134,148,195,97,58,6,43,7,191,181,68,198,142,163,158,54,60,119,187,39,107,55,14,13,197,132,89,75,4,15,135,53,183,69,159,9,105,28,155,73,99,106,70,115,152,35,49,102,86,133,76,122,116,161,46,145,56,21,108,192,40,169,129,24,154,52,179,27,151,111,96,171,141,98,114,64,79,177,47,88,5,186,199,83,153,166,174,150,160,190,109,176,50,168,17,48,63];False
1605;7842;9447;[180,172,12,22,26,178,120,3,2,130,106,117,77,112,31,29,66,157,103,44,74,188,93,164,100,0,101,61,45,138,126,185,78,128,42,57,37,121,162,146,118,10,91,1,33,124,94,196,36,182,140,92,82,23,189,81,87,85,104,20,167,193,136,144,62,95,38,139,19,194,51,149,34,127,175,123,90,67,32,72,137,25,170,65,16,125,11,113,156,71,165,184,143,8,173,18,131,110,41,59,80,147,30,134,148,195,97,58,6,43,7,191,181,68,198,142,163,158,54,60,119,187,39,107,55,14,13,197,132,89,75,4,15,135,53,183,69,159,9,105,28,155,73,99,84,70,115,152,35,161,102,86,133,76,122,116,49,46,145,56,21,108,192,40,169,129,24,154,52,179,27,151,111,96,171,141,98,114,64,79,177,47,88,5,186,199,83,153,166,174,150,160,190,109,176,50,168,17,48,63];False
1610;7834;9444;[180,172,12,22,26,178,120,3,2,130,84,117,77,112,31,29,66,157,103,44,74,188,93,164,100,0,101,61,45,138,126,185,78,128,42,57,37,121,162,146,118,10,91,1,33,124,94,196,36,182,140,92,82,23,189,81,87,85,104,20,167,193,136,144,181,95,38,139,19,194,51,149,34,127,175,123,90,67,32,72,137,25,170,65,16,125,11,113,156,71,165,184,143,8,173,18,131,110,41,59,80,147,30,134,148,195,97,58,6,43,7,191,62,68,198,142,163,158,54,60,119,187,39,107,55,14,13,197,132,89,75,4,15,135,53,183,69,159,9,105,28,155,73,99,106,70,115,152,35,161,102,86,133,76,122,116,49,46,145,56,21,108,192,40,169,129,24,154,52,179,27,151,111,96,171,141,98,114,64,79,177,47,88,5,186,199,83,153,166,174,150,160,190,109,176,50,168,17,48,63];False
1617;7818;9435;[180,172,12,22,26,178,120,3,2,130,84,117,77,112,31,29,66,157,103,44,74,188,93,164,100,0,101,61,45,138,126,185,78,128,42,57,37,121,162,146,118,10,91,1,33,124,94,196,36,182,140,92,82,23,189,81,87,85,104,20,167,193,136,144,62,95,38,139,19,194,51,149,34,127,175,123,90,67,32,72,137,25,170,65,16,125,11,113,156,71,165,184,143,8,173,18,131,110,41,59,80,147,30,134,148,195,97,58,6,43,7,191,181,68,198,142,163,158,54,60,119,187,39,107,55,14,13,197,132,89,75,4,15,135,53,183,69,159,9,105,28,155,73,99,106,70,115,152,52,161,102,86,133,76,122,116,49,46,145,56,21,108,192,40,169,129,24,154,35,179,27,151,111,96,171,141,98,114,64,79,177,47,88,5,186,199,83,153,166,174,150,160,190,109,176,50,168,17,48,63];False
1605;7836;9441;[180,172,12,22,26,178,120,3,2,130,84,117,77,112,31,29,154,157,103,44,74,188,93,164,100,0,101,61,45,55,126,185,78,128,42,57,37,121,162,146,118,10,91,1,33,124,94,196,36,182,140,92,82,23,189,81,87,85,104,20,167,193,136,144,62,95,38,139,19,194,51,149,34,127,175,123,90,67,32,72,137,25,170,65,16,125,11,113,156,71,165,184,143,8,173,18,131,110,41,59,80,147,30,134,148,195,97,58,6,43,7,191,181,68,198,142,163,158,54,60,119,187,39,107,138,14,13,197,132,89,75,4,15,135,53,183,69,159,9,105,28,155,73,99,106,70,115,152,52,161,102,86,133,76,122,116,49,46,145,56,21,108,192,40,169,129,24,66,35,179,27,151,111,96,171,141,98,114,64,79,177,47,88,5,186,199,83,153,166,174,150,160,190,109,176,50,168,17,48,63];False
2551;7021;9572;[50,21,180,178,9,37,94,118,172,12,130,117,77,112,93,46,66,157,103,105,74,188,144,174,149,195,167,61,45,138,41,49,78,128,42,57,3,121,162,126,143,160,91,1,33,124,147,196,36,184,140,17,82,23,189,81,0,85,22,26,176,193,109,190,170,95,38,139,65,20,51,142,34,198,146,4,84,67,32,72,163,25,70,19,145,173,11,113,156,71,165,87,194,8,125,18,131,110,101,59,80,100,30,134,148,2,97,58,175,151,7,191,181,68,123,6,137,158,54,52,119,187,39,107,55,14,13,111,132,89,75,129,15,135,53,183,69,159,164,90,28,155,73,99,106,136,115,152,35,161,102,86,133,76,122,116,104,31,16,56,92,108,192,40,169,182,29,154,60,177,27,43,127,96,171,141,98,114,64,79,179,47,88,5,186,199,83,153,166,24,150,10,185,62,120,197,168,44,48,63];False
2445;7047;9492;[50,21,180,178,9,37,94,118,172,12,130,117,77,112,93,46,66,157,103,105,74,188,144,174,149,195,167,61,45,138,41,49,78,128,42,57,3,121,162,126,143,160,91,1,33,124,147,196,36,184,140,17,82,23,189,81,0,85,22,26,176,193,109,190,170,95,38,139,65,20,51,142,34,198,146,4,84,67,32,72,163,25,70,19,145,125,11,113,156,71,165,169,194,8,173,18,131,110,101,59,80,100,30,134,148,2,97,58,175,151,7,191,181,68,123,6,137,158,54,52,119,187,39,107,55,14,13,111,132,89,75,129,15,135,53,183,69,159,164,90,28,155,73,99,106,136,115,152,35,161,102,86,133,76,122,116,104,31,16,56,92,108,192,40,87,182,29,154,60,177,27,43,127,96,171,141,98,114,64,79,179,47,88,5,186,199,83,153,166,24,150,10,185,62,120,197,168,44,48,63];False
2369;7059;9428;[50,21,180,178,9,37,94,118,172,12,130,117,77,112,93,46,66,157,103,105,74,188,144,174,149,195,167,61,45,138,41,49,78,128,42,57,3,121,162,126,143,160,91,1,33,124,147,196,36,184,140,17,82,23,189,81,0,85,22,26,176,193,109,190,170,95,38,139,65,20,51,142,34,198,146,4,84,67,32,72,163,25,70,19,145,125,11,113,156,71,165,87,16,8,173,18,131,110,101,59,80,100,30,134,148,2,97,58,175,151,7,191,181,68,123,6,137,158,54,52,119,187,39,107,55,14,13,111,132,89,75,129,15,135,53,183,69,159,164,90,28,155,73,99,106,136,115,152,35,161,102,86,133,76,122,116,104,31,194,56,92,108,192,40,169,182,29,154,60,177,27,43,127,96,171,141,98,114,64,79,179,47,88,5,186,199,83,153,166,24,150,10,185,62,120,197,168,44,48,63];False
2502;7035;9537;[50,21,180,178,9,37,94,118,172,12,130,117,77,112,93,46,66,157,103,105,74,188,144,174,149,195,167,61,45,138,41,49,78,128,42,57,3,121,162,126,143,160,91,1,33,124,147,196,36,184,140,17,82,23,189,81,0,85,22,26,176,193,109,190,170,95,38,139,65,20,51,142,34,198,146,4,84,67,32,72,163,25,70,19,145,125,11,113,156,71,165,87,194,8,173,18,131,110,101,59,80,100,30,134,148,2,97,58,175,151,7,191,181,68,123,6,137,158,62,52,119,187,39,107,55,14,13,111,132,89,75,129,15,135,53,183,69,159,164,90,28,155,73,99,106,136,115,152,35,161,102,86,133,76,122,116,104,31,16,56,92,108,192,40,169,182,29,154,60,177,27,43,127,96,171,141,98,114,64,79,179,47,88,5,186,199,83,153,166,24,150,10,185,54,120,197,168,44,48,63];False
2560;7020;9580;[50,21,180,178,9,37,94,118,172,12,130,117,77,112,93,184,66,157,103,105,74,188,144,174,149,2,167,61,45,138,41,49,78,128,42,57,3,121,162,126,143,160,91,1,33,124,147,196,36,46,140,17,82,23,189,81,0,85,22,26,176,193,109,190,170,95,38,139,65,20,51,142,34,198,146,4,84,67,32,72,163,25,70,19,145,173,11,113,156,71,165,87,194,8,125,18,131,110,101,59,80,100,30,134,148,195,97,58,175,151,7,191,181,68,123,6,137,158,54,52,119,187,39,107,55,14,13,111,132,89,75,129,15,135,53,183,69,159,164,90,28,155,73,99,106,136,115,152,35,161,102,86,133,76,122,116,104,31,16,56,92,108,192,40,169,182,29,154,60,177,27,43,127,96,171,141,98,114,64,79,179,47,88,5,186,199,83,153,166,24,150,10,185,62,120,197,168,44,48,63];False
2454;7046;9500;[50,21,180,178,9,37,94,118,172,12,130,117,77,112,93,184,66,157,103,105,74,188,144,174,149,2,167,61,45,138,41,49,78,128,42,57,3,121,162,126,143,160,91,1,33,124,147,196,36,46,140,17,82,23,189,81,0,85,22,26,176,193,109,190,170,95,38,139,65,20,51,142,34,198,146,4,84,67,32,72,163,25,70,19,145,125,11,113,156,71,165,169,194,8,173,18,131,110,101,59,80,100,30,134,148,195,97,58,175,151,7,191,181,68,123,6,137,158,54,52,119,187,39,107,55,14,13,111,132,89,75,129,15,135,53,183,69,159,164,90,28,155,73,99,106,136,115,152,35,161,102,86,133,76,122,116,104,31,16,56,92,108,192,40,87,182,29,154,60,177,27,43,127,96,171,141,98,114,64,79,179,47,88,5,186,199,83,153,166,24,150,10,185,62,120,197,168,44,48,63];False
2378;7058;9436;[50,21,180,178,9,37,94,118,172,12,130,117,77,112,93,184,66,157,103,105,74,188,144,174,149,2,167,61,45,138,41,49,78,128,42,57,3,121,162,126,143,160,91,1,33,124,147,196,36,46,140,17,82,23,189,81,0,85,22,26,176,193,109,190,170,95,38,139,65,20,51,142,34,198,146,4,84,67,32,72,163,25,70,19,145,125,11,113,156,71,165,87,16,8,173,18,131,110,101,59,80,100,30,134,148,195,97,58,175,151,7,191,181,68,123,6,137,158,54,52,119,187,39,107,55,14,13,111,132,89,75,129,15,135,53,183,69,159,164,90,28,155,73,99,106,136,115,152,35,161,102,86,133,76,122,116,104,31,194,56,92,108,192,40,169,182,29,154,60,177,27,43,127,96,171,141,98,114,64,79,179,47,88,5,186,199,83,153,166,24,150,10,185,62,120,197,168,44,48,63];False
2511;7034;9545;[50,21,180,178,9,37,94,118,172,12,130,117,77,112,93,184,66,157,103,105,74,188,144,174,149,2,167,61,45,138,41,49,78,128,42,57,3,121,162,126,143,160,91,1,33,124,147,196,36,46,140,17,82,23,189,81,0,85,22,26,176,193,109,190,170,95,38,139,65,20,51,142,34,198,146,4,84,67,32,72,163,25,70,19,145,125,11,113,156,71,165,87,194,8,173,18,131,110,101,59,80,100,30,134,148,195,97,58,175,151,7,191,181,68,123,6,137,158,62,52,119,187,39,107,55,14,13,111,132,89,75,129,15,135,53,183,69,159,164,90,28,155,73,99,106,136,115,152,35,161,102,86,133,76,122,116,104,31,16,56,92,108,192,40,169,182,29,154,60,177,27,43,127,96,171,141,98,114,64,79,179,47,88,5,186,199,83,153,166,24,150,10,185,54,120,197,168,44,48,63];False
2508;7032;9540;[50,21,180,178,9,37,94,118,172,12,130,117,77,112,93,184,66,157,103,105,74,188,144,174,149,195,167,61,45,138,41,49,78,128,42,57,3,121,162,126,143,160,91,1,33,124,147,196,36,46,140,17,82,23,189,81,0,85,22,26,176,193,109,190,191,95,38,139,65,20,51,53,34,198,146,4,84,67,32,72,163,25,70,19,145,125,11,113,156,71,165,87,194,8,173,18,131,110,101,59,80,100,30,134,148,2,97,58,175,151,7,170,181,68,123,6,137,158,54,52,119,187,39,107,55,14,13,111,132,89,75,129,15,135,142,183,69,159,164,90,28,155,73,99,106,136,115,152,35,161,102,86,133,76,122,116,104,31,16,56,92,108,192,40,169,182,29,154,60,177,27,43,127,96,171,141,98,114,64,79,179,47,88,5,186,199,83,153,166,24,150,10,185,62,120,197,168,44,48,63];False
2512;7030;9542;[50,21,180,178,9,37,94,118,172,12,130,117,77,112,93,184,66,157,103,105,74,188,144,174,149,195,167,61,45,138,41,49,78,128,42,57,3,121,162,126,143,160,91,1,33,124,147,196,36,46,140,17,82,23,189,81,0,85,22,26,176,193,109,190,191,95,38,139,65,20,51,142,34,198,146,4,84,67,32,72,163,25,70,19,145,125,11,113,156,71,165,169,194,8,173,18,131,110,101,59,80,100,30,134,148,2,97,58,175,151,7,170,181,68,123,6,137,158,54,52,119,187,39,107,55,14,13,111,132,89,75,129,15,135,53,183,69,159,164,90,28,155,73,99,106,136,115,152,35,161,102,86,133,76,122,116,104,31,16,56,92,108,192,40,87,182,29,154,60,177,27,43,127,96,171,141,98,114,64,79,179,47,88,5,186,199,83,153,166,24,150,10,185,62,120,197,168,44,48,63];False
2436;7042;9478;[50,21,180,178,9,37,94,118,172,12,130,117,77,112,93,184,66,157,103,105,74,188,144,174,149,195,167,61,45,138,41,49,78,128,42,57,3,121,162,126,143,160,91,1,33,124,147,196,36,46,140,17,82,23,189,81,0,85,22,26,176,193,109,190,191,95,38,139,65,20,51,142,34,198,146,4,84,67,32,72,163,25,70,19,145,125,11,113,156,71,165,87,16,8,173,18,131,110,101,59,80,100,30,134,148,2,97,58,175,151,7,170,181,68,123,6,137,158,54,52,119,187,39,107,55,14,13,111,132,89,75,129,15,135,53,183,69,159,164,90,28,155,73,99,106,136,115,152,35,161,102,86,133,76,122,116,104,31,194,56,92,108,192,40,169,182,29,154,60,177,27,43,127,96,171,141,98,114,64,79,179,47,88,5,186,199,83,153,166,24,150,10,185,62,120,197,168,44,48,63];False
2474;7040;9514;[50,21,180,178,9,37,94,118,172,12,130,117,77,112,93,184,66,157,103,105,74,188,144,174,149,195,167,61,45,138,41,49,78,128,42,57,3,121,162,126,143,160,91,1,33,124,147,196,36,46,140,17,82,23,189,81,0,85,22,26,176,193,109,190,191,95,38,139,65,20,51,142,34,198,146,4,84,67,32,72,163,25,70,19,145,125,11,113,156,71,165,87,194,8,173,18,131,110,101,59,80,100,30,134,148,2,97,58,151,175,7,170,181,68,123,6,137,158,54,52,119,187,39,107,55,14,13,111,132,89,75,129,15,135,53,183,69,159,164,90,28,155,73,99,106,136,115,152,35,161,102,86,133,76,122,116,104,31,16,56,92,108,192,40,169,182,29,154,60,177,27,43,127,96,171,141,98,114,64,79,179,47,88,5,186,199,83,153,166,24,150,10,185,62,120,197,168,44,48,63];False
2569;7018;9587;[50,21,180,178,9,37,94,118,172,12,130,117,77,112,93,184,66,157,103,105,74,188,144,174,149,195,167,61,45,138,41,49,78,128,42,57,3,121,162,126,143,160,91,1,33,124,147,196,36,46,140,17,82,23,189,81,0,85,22,26,176,193,109,190,191,95,38,139,65,20,51,142,34,198,146,4,84,67,32,72,163,25,70,19,145,125,11,113,156,71,165,87,194,8,173,18,131,110,101,59,80,100,30,134,148,2,97,58,175,151,7,170,181,68,123,6,137,158,62,52,119,187,39,107,55,14,13,111,132,89,75,129,15,135,53,183,69,159,164,90,28,155,73,99,106,136,115,152,35,161,102,86,133,76,122,116,104,31,16,56,92,108,192,40,169,182,29,154,60,177,27,43,127,96,171,141,98,114,64,79,179,47,88,5,186,199,83,153,166,24,150,10,185,54,120,197,168,44,48,63];False
2562;7015;9577;[50,21,180,178,9,37,94,118,172,12,130,117,77,112,93,184,66,157,103,105,74,188,144,174,149,195,167,61,45,138,41,49,78,128,42,57,3,121,162,126,143,160,91,1,33,124,147,196,36,46,140,17,82,23,189,81,0,85,22,26,176,193,109,190,170,95,38,139,65,20,51,53,34,198,146,4,84,67,32,72,163,25,70,19,145,173,11,113,156,71,165,87,194,8,125,18,131,110,101,59,80,100,30,134,148,2,97,58,175,151,7,191,181,68,123,6,137,158,54,52,119,187,39,107,55,14,13,111,132,89,75,129,15,135,142,183,69,159,164,90,28,155,73,99,106,136,115,152,35,161,102,86,133,76,122,116,104,31,16,56,92,108,192,40,169,182,29,154,60,177,27,43,127,96,171,141,98,114,64,79,179,47,88,5,186,199,83,153,166,24,150,10,185,62,120,197,168,44,48,63];False
2456;7041;9497;[50,21,180,178,9,37,94,118,172,12,130,117,77,112,93,184,66,157,103,105,74,188,144,174,149,195,167,61,45,138,41,49,78,128,42,57,3,121,162,126,143,160,91,1,33,124,147,196,36,46,140,17,82,23,189,81,0,85,22,26,176,193,109,190,170,95,38,139,65,20,51,53,34,198,146,4,84,67,32,72,163,25,70,19,145,125,11,113,156,71,165,169,194,8,173,18,131,110,101,59,80,100,30,134,148,2,97,58,175,151,7,191,181,68,123,6,137,158,54,52,119,187,39,107,55,14,13,111,132,89,75,129,15,135,142,183,69,159,164,90,28,155,73,99,106,136,115,152,35,161,102,86,133,76,122,116,104,31,16,56,92,108,192,40,87,182,29,154,60,177,27,43,127,96,171,141,98,114,64,79,179,47,88,5,186,199,83,153,166,24,150,10,185,62,120,197,168,44,48,63];False
2380;7053;9433;[50,21,180,178,9,37,94,118,172,12,130,117,77,112,93,184,66,157,103,105,74,188,144,174,149,195,167,61,45,138,41,49,78,128,42,57,3,121,162,126,143,160,91,1,33,124,147,196,36,46,140,17,82,23,189,81,0,85,22,26,176,193,109,190,170,95,38,139,65,20,51,53,34,198,146,4,84,67,32,72,163,25,70,19,145,125,11,113,156,71,165,87,16,8,173,18,131,110,101,59,80,100,30,134,148,2,97,58,175,151,7,191,181,68,123,6,137,158,54,52,119,187,39,107,55,14,13,111,132,89,75,129,15,135,142,183,69,159,164,90,28,155,73,99,106,136,115,152,35,161,102,86,133,76,122,116,104,31,194,56,92,108,192,40,169,182,29,154,60,177,27,43,127,96,171,141,98,114,64,79,179,47,88,5,186,199,83,153,166,24,150,10,185,62,120,197,168,44,48,63];False
2338;7075;9413;[50,21,180,178,9,37,94,118,172,12,130,117,77,112,93,184,66,157,103,105,74,188,144,174,149,195,167,61,45,138,41,49,78,128,42,57,3,121,162,126,143,160,91,1,33,124,147,196,36,46,140,17,82,23,189,81,0,85,22,26,176,193,109,190,170,95,38,139,65,20,51,53,34,198,146,4,84,67,32,72,163,25,70,19,145,125,11,113,156,71,165,87,194,31,173,18,131,110,101,59,80,100,30,134,148,2,97,58,175,151,7,191,181,68,123,6,137,158,54,52,119,187,39,107,55,14,13,111,132,89,75,129,15,135,142,183,69,159,164,90,28,155,73,99,106,136,115,152,35,161,102,86,133,76,122,116,104,8,16,56,92,108,192,40,169,182,29,154,60,177,27,43,127,96,171,141,98,114,64,79,179,47,88,5,186,199,83,153,166,24,150,10,185,62,120,197,168,44,48,63];False
2418;7051;9469;[50,21,180,178,9,37,94,118,172,12,130,117,77,112,93,184,66,157,103,105,74,188,144,174,149,195,167,61,45,138,41,49,78,128,42,57,3,121,162,126,143,160,91,1,33,124,147,196,36,46,140,17,82,23,189,81,0,85,22,26,176,193,109,190,170,95,38,139,65,20,51,53,34,198,146,4,84,67,32,72,163,25,70,19,145,125,11,113,156,71,165,87,194,8,173,18,131,110,101,59,80,100,30,134,148,2,97,58,151,175,7,191,181,68,123,6,137,158,54,52,119,187,39,107,55,14,13,111,132,89,75,129,15,135,142,183,69,159,164,90,28,155,73,99,106,136,115,152,35,161,102,86,133,76,122,116,104,31,16,56,92,108,192,40,169,182,29,154,60,177,27,43,127,96,171,141,98,114,64,79,179,47,88,5,186,199,83,153,166,24,150,10,185,62,120,197,168,44,48,63];False
2513;7029;9542;[50,21,180,178,9,37,94,118,172,12,130,117,77,112,93,184,66,157,103,105,74,188,144,174,149,195,167,61,45,138,41,49,78,128,42,57,3,121,162,126,143,160,91,1,33,124,147,196,36,46,140,17,82,23,189,81,0,85,22,26,176,193,109,190,170,95,38,139,65,20,51,53,34,198,146,4,84,67,32,72,163,25,70,19,145,125,11,113,156,71,165,87,194,8,173,18,131,110,101,59,80,100,30,134,148,2,97,58,175,151,7,191,181,68,123,6,137,158,62,52,119,187,39,107,55,14,13,111,132,89,75,129,15,135,142,183,69,159,164,90,28,155,73,99,106,136,115,152,35,161,102,86,133,76,122,116,104,31,16,56,92,108,192,40,169,182,29,154,60,177,27,43,127,96,171,141,98,114,64,79,179,47,88,5,186,199,83,153,166,24,150,10,185,54,120,197,168,44,48,63];False
2511;7031;9542;[50,21,180,178,9,37,94,118,172,12,130,117,77,112,93,184,66,157,103,105,74,188,144,174,149,195,167,61,45,138,41,49,78,128,42,57,148,121,162,126,143,160,91,1,33,124,147,196,36,46,140,17,82,23,189,81,0,85,22,26,176,193,109,190,170,95,38,139,65,20,51,142,34,198,146,4,84,67,32,72,163,25,70,19,145,173,11,113,156,71,165,87,194,8,125,18,131,110,101,59,80,100,30,134,3,2,97,58,175,151,7,191,181,68,123,6,137,158,54,52,119,187,39,107,55,14,13,111,132,89,75,129,15,135,53,183,69,159,164,90,28,155,73,99,106,136,115,152,35,161,102,86,133,76,122,116,104,31,16,56,92,108,192,40,169,182,29,154,60,177,27,43,127,96,171,141,98,114,64,79,179,47,88,5,186,199,83,153,166,24,150,10,185,62,120,197,168,44,48,63];False
2556;7020;9576;[50,21,180,178,9,37,94,118,172,12,130,117,77,112,93,184,66,157,103,105,74,188,144,174,149,195,167,61,45,138,41,49,78,128,42,57,3,121,162,126,143,160,91,1,33,124,147,196,36,46,140,17,82,23,189,81,0,85,22,26,176,193,109,190,170,95,38,139,65,20,51,142,34,198,146,4,84,67,32,72,163,25,70,19,145,5,11,113,156,71,165,87,194,8,125,18,131,110,101,59,80,100,30,134,148,2,97,58,175,151,7,191,181,68,123,6,137,158,54,52,119,187,39,107,55,14,13,111,132,89,75,129,15,135,53,183,69,159,164,90,28,155,73,99,106,136,115,152,35,161,102,86,133,76,122,116,104,31,16,56,92,108,192,40,169,182,29,154,60,177,27,43,127,96,171,141,98,114,64,79,179,47,88,173,186,199,83,153,166,24,150,10,185,62,120,197,168,44,48,63];False
2566;7013;9579;[50,21,180,178,9,37,94,118,172,12,130,117,77,112,93,184,66,157,103,105,74,188,144,174,149,195,167,61,45,138,41,49,78,128,42,57,3,121,162,126,143,160,91,1,33,124,147,196,36,46,140,17,82,23,189,81,0,85,22,26,176,193,109,190,170,95,38,139,65,20,51,142,34,198,146,4,84,67,32,72,163,25,70,19,145,173,11,113,156,71,165,169,194,8,125,18,131,110,101,59,80,100,30,134,148,2,97,58,175,151,7,191,181,68,123,6,137,158,54,52,119,187,39,107,55,14,13,111,132,89,75,129,15,135,53,183,69,159,164,90,28,155,73,99,106,136,115,152,35,161,102,86,133,76,122,116,104,31,16,56,92,108,192,40,87,182,29,154,60,177,27,43,127,96,171,141,98,114,64,79,179,47,88,5,186,199,83,153,166,24,150,10,185,62,120,197,168,44,48,63];False
2490;7025;9515;[50,21,180,178,9,37,94,118,172,12,130,117,77,112,93,184,66,157,103,105,74,188,144,174,149,195,167,61,45,138,41,49,78,128,42,57,3,121,162,126,143,160,91,1,33,124,147,196,36,46,140,17,82,23,189,81,0,85,22,26,176,193,109,190,170,95,38,139,65,20,51,142,34,198,146,4,84,67,32,72,163,25,70,19,145,173,11,113,156,71,165,87,16,8,125,18,131,110,101,59,80,100,30,134,148,2,97,58,175,151,7,191,181,68,123,6,137,158,54,52,119,187,39,107,55,14,13,111,132,89,75,129,15,135,53,183,69,159,164,90,28,155,73,99,106,136,115,152,35,161,102,86,133,76,122,116,104,31,194,56,92,108,192,40,169,182,29,154,60,177,27,43,127,96,171,141,98,114,64,79,179,47,88,5,186,199,83,153,166,24,150,10,185,62,120,197,168,44,48,63];False
2528;7023;9551;[50,21,180,178,9,37,94,118,172,12,130,117,77,112,93,184,66,157,103,105,74,188,144,174,149,195,167,61,45,138,41,49,78,128,42,57,3,121,162,126,143,160,91,1,33,124,147,196,36,46,140,17,82,23,189,81,0,85,22,26,176,193,109,190,170,95,38,139,65,20,51,142,34,198,146,4,84,67,32,72,163,25,70,19,145,173,11,113,156,71,165,87,194,8,125,18,131,110,101,59,80,100,30,134,148,2,97,58,151,175,7,191,181,68,123,6,137,158,54,52,119,187,39,107,55,14,13,111,132,89,75,129,15,135,53,183,69,159,164,90,28,155,73,99,106,136,115,152,35,161,102,86,133,76,122,116,104,31,16,56,92,108,192,40,169,182,29,154,60,177,27,43,127,96,171,141,98,114,64,79,179,47,88,5,186,199,83,153,166,24,150,10,185,62,120,197,168,44,48,63];False
2608;7009;9617;[50,21,180,178,9,37,94,118,172,12,130,117,77,112,93,184,66,157,103,105,74,188,144,174,149,195,167,61,45,138,41,49,78,128,42,57,3,121,162,126,143,160,91,1,33,124,147,196,36,46,140,17,82,23,189,81,0,85,22,26,176,193,109,190,170,95,38,139,65,20,51,142,34,198,146,4,84,67,32,72,163,25,70,19,145,173,11,113,156,71,165,87,194,8,125,18,131,110,101,59,80,100,30,134,148,2,97,58,175,151,7,191,181,68,123,6,137,158,54,52,119,154,39,107,55,14,13,111,132,89,75,129,15,135,53,183,69,159,164,90,28,155,73,99,106,136,115,152,35,161,102,86,133,76,122,116,104,31,16,56,92,108,192,40,169,182,29,187,60,177,27,43,127,96,171,141,98,114,64,79,179,47,88,5,186,199,83,153,166,24,150,10,185,62,120,197,168,44,48,63];False
2404;7051;9455;[50,21,180,178,9,37,94,118,172,12,130,117,77,112,93,184,66,157,103,105,74,188,144,174,149,195,167,61,45,138,41,49,78,128,42,57,3,121,162,126,143,160,91,1,33,124,147,196,36,46,140,17,82,23,189,81,0,85,22,26,176,193,109,190,170,95,38,139,65,20,51,142,34,198,146,4,84,67,32,72,163,25,70,19,145,125,11,113,156,71,165,169,16,8,173,18,131,110,101,59,80,100,30,134,148,2,97,58,175,151,7,191,181,68,123,6,137,158,54,52,119,187,39,107,55,14,13,111,132,89,75,129,15,135,53,183,69,159,164,90,28,155,73,99,106,136,115,152,35,161,102,86,133,76,122,116,104,31,194,56,92,108,192,40,87,182,29,154,60,177,27,43,127,96,171,141,98,114,64,79,179,47,88,5,186,199,83,153,166,24,150,10,185,62,120,197,168,44,48,63];False
2430;7043;9473;[50,21,180,178,9,37,94,118,172,12,130,117,77,112,93,184,66,157,103,105,74,188,144,174,149,195,167,61,45,138,41,49,78,128,42,57,3,121,162,126,143,160,91,1,33,124,147,196,36,46,140,17,82,23,189,81,0,85,22,26,176,193,109,190,170,95,38,139,65,20,51,142,34,198,146,4,84,67,32,72,163,25,70,19,145,125,11,113,156,71,165,169,182,8,173,18,131,110,101,59,80,100,30,134,148,2,97,58,175,151,7,191,181,68,123,6,137,158,54,52,119,187,39,107,55,14,13,111,132,89,75,129,15,135,53,183,69,159,164,90,28,155,73,99,106,136,115,152,35,161,102,86,133,76,122,116,104,31,16,56,92,108,192,40,87,194,29,154,60,177,27,43,127,96,171,141,98,114,64,79,179,47,88,5,186,199,83,153,166,24,150,10,185,62,120,197,168,44,48,63];False
2342;7073;9415;[50,21,180,178,9,37,94,118,172,12,130,117,77,112,93,184,66,157,103,105,74,188,144,174,149,195,167,61,45,138,41,49,78,128,42,57,3,121,162,126,143,160,91,1,33,124,147,196,36,46,140,17,82,23,189,81,0,85,22,26,176,193,109,190,170,95,38,139,65,20,51,142,34,198,146,4,84,67,32,72,163,25,70,19,145,125,11,113,156,71,165,169,194,31,173,18,131,110,101,59,80,100,30,134,148,2,97,58,175,151,7,191,181,68,123,6,137,158,54,52,119,187,39,107,55,14,13,111,132,89,75,129,15,135,53,183,69,159,164,90,28,155,73,99,106,136,115,152,35,161,102,86,133,76,122,116,104,8,16,56,92,108,192,40,87,182,29,154,60,177,27,43,127,96,171,141,98,114,64,79,179,47,88,5,186,199,83,153,166,24,150,10,185,62,120,197,168,44,48,63];False
2422;7049;9471;[50,21,180,178,9,37,94,118,172,12,130,117,77,112,93,184,66,157,103,105,74,188,144,174,149,195,167,61,45,138,41,49,78,128,42,57,3,121,162,126,143,160,91,1,33,124,147,196,36,46,140,17,82,23,189,81,0,85,22,26,176,193,109,190,170,95,38,139,65,20,51,142,34,198,146,4,84,67,32,72,163,25,70,19,145,125,11,113,156,71,165,169,194,8,173,18,131,110,101,59,80,100,30,134,148,2,97,58,151,175,7,191,181,68,123,6,137,158,54,52,119,187,39,107,55,14,13,111,132,89,75,129,15,135,53,183,69,159,164,90,28,155,73,99,106,136,115,152,35,161,102,86,133,76,122,116,104,31,16,56,92,108,192,40,87,182,29,154,60,177,27,43,127,96,171,141,98,114,64,79,179,47,88,5,186,199,83,153,166,24,150,10,185,62,120,197,168,44,48,63];False
2329;7069;9398;[50,21,180,178,9,37,94,118,172,12,130,117,77,112,93,184,66,157,103,105,74,188,144,174,149,195,167,61,45,138,41,49,78,128,42,57,148,121,162,126,143,160,91,1,33,124,147,196,36,46,140,17,82,23,189,81,0,85,22,26,176,193,109,190,170,95,38,139,65,20,51,142,34,198,146,4,84,67,32,72,163,25,70,19,145,125,11,113,156,71,165,87,16,8,173,18,131,110,101,59,80,100,30,134,3,2,97,58,175,151,7,191,181,68,123,6,137,158,54,52,119,187,39,107,55,14,13,111,132,89,75,129,15,135,53,183,69,159,164,90,28,155,73,99,106,136,115,152,35,161,102,86,133,76,122,116,104,31,194,56,92,108,192,40,169,182,29,154,60,177,27,43,127,96,171,141,98,114,64,79,179,47,88,5,186,199,83,153,166,24,150,10,185,62,120,197,168,44,48,63];False
2384;7052;9436;[50,21,180,178,9,37,94,118,172,12,130,117,77,112,93,184,66,157,103,105,74,188,144,174,149,195,167,61,45,138,41,49,78,128,42,57,3,121,162,126,143,160,91,1,33,124,147,196,36,46,140,17,82,23,189,81,0,85,22,26,176,193,16,190,170,95,38,139,65,20,51,142,34,198,146,4,84,67,32,72,163,25,70,19,145,125,11,113,156,71,165,87,109,8,173,18,131,110,101,59,80,100,30,134,148,2,97,58,175,151,7,191,181,68,123,6,137,158,54,52,119,187,39,107,55,14,13,111,132,89,75,129,15,135,53,183,69,159,164,90,28,155,73,99,106,136,115,152,35,161,102,86,133,76,122,116,104,31,194,56,92,108,192,40,169,182,29,154,60,177,27,43,127,96,171,141,98,114,64,79,179,47,88,5,186,199,83,153,166,24,150,10,185,62,120,197,168,44,48,63];False
2473;7035;9508;[50,21,180,178,9,37,94,118,172,12,130,117,77,112,93,184,66,157,103,105,74,188,144,174,149,195,167,61,45,138,41,49,78,128,42,57,3,121,162,126,143,160,91,1,33,124,147,196,36,46,140,17,82,23,189,81,0,85,22,26,176,193,109,8,170,95,38,139,65,20,51,142,34,198,146,4,84,67,32,72,163,25,70,19,145,125,11,113,156,71,165,87,16,190,173,18,131,110,101,59,80,100,30,134,148,2,97,58,175,151,7,191,181,68,123,6,137,158,54,52,119,187,39,107,55,14,13,111,132,89,75,129,15,135,53,183,69,159,164,90,28,155,73,99,106,136,115,152,35,161,102,86,133,76,122,116,104,31,194,56,92,108,192,40,169,182,29,154,60,177,27,43,127,96,171,141,98,114,64,79,179,47,88,5,186,199,83,153,166,24,150,10,185,62,120,197,168,44,48,63];False
2337;7063;9400;[50,21,180,178,9,37,94,118,172,12,130,117,77,112,93,184,66,157,103,105,74,188,144,174,149,195,167,61,45,138,41,49,78,128,42,57,3,121,162,126,143,160,91,1,33,124,147,196,36,46,140,17,82,23,189,81,0,85,22,26,176,193,109,190,170,95,38,139,65,20,51,142,34,194,146,4,84,67,32,72,163,25,70,19,145,125,11,113,156,71,165,87,16,8,173,18,131,110,101,59,80,100,30,134,148,2,97,58,175,151,7,191,181,68,123,6,137,158,54,52,119,187,39,107,55,14,13,111,132,89,75,129,15,135,53,183,69,159,164,90,28,155,73,99,106,136,115,152,35,161,102,86,133,76,122,116,104,31,198,56,92,108,192,40,169,182,29,154,60,177,27,43,127,96,171,141,98,114,64,79,179,47,88,5,186,199,83,153,166,24,150,10,185,62,120,197,168,44,48,63];False
2346;7061;9407;[50,21,180,178,9,37,94,118,172,12,130,117,77,112,93,184,66,157,103,105,74,188,144,174,149,195,167,61,45,138,41,49,78,128,42,57,3,121,162,126,143,160,91,1,33,124,147,196,36,46,140,17,82,23,189,81,0,85,22,26,176,193,109,190,170,95,38,139,65,20,51,142,34,198,146,4,84,67,32,72,163,25,70,19,145,125,11,113,156,71,165,87,16,8,173,18,131,110,101,59,80,100,30,134,148,2,97,58,151,175,7,191,181,68,123,6,137,158,54,52,119,187,39,107,55,14,13,111,132,89,75,129,15,135,53,183,69,159,164,90,28,155,73,99,106,136,115,152,35,161,102,86,133,76,122,116,104,31,194,56,92,108,192,40,169,182,29,154,60,177,27,43,127,96,171,141,98,114,64,79,179,47,88,5,186,199,83,153,166,24,150,10,185,62,120,197,168,44,48,63];False
2441;7039;9480;[50,21,180,178,9,37,94,118,172,12,130,117,77,112,93,184,66,157,103,105,74,188,144,174,149,195,167,61,45,138,41,49,78,128,42,57,3,121,162,126,143,160,91,1,33,124,147,196,36,46,140,17,82,23,189,81,0,85,22,26,176,193,109,190,170,95,38,139,65,20,51,142,34,198,146,4,84,67,32,72,163,25,70,19,145,125,11,113,156,71,165,87,16,8,173,18,131,110,101,59,80,100,30,134,148,2,97,58,175,151,7,191,181,68,123,6,137,158,62,52,119,187,39,107,55,14,13,111,132,89,75,129,15,135,53,183,69,159,164,90,28,155,73,99,106,136,115,152,35,161,102,86,133,76,122,116,104,31,194,56,92,108,192,40,169,182,29,154,60,177,27,43,127,96,171,141,98,114,64,79,179,47,88,5,186,199,83,153,166,24,150,10,185,54,120,197,168,44,48,63];False
2426;7047;9473;[50,21,180,178,9,37,94,118,172,12,130,117,77,112,93,184,66,157,103,105,74,188,144,174,149,195,167,61,45,138,41,49,78,128,42,57,3,121,162,126,143,160,91,1,33,124,147,196,36,46,140,17,82,23,189,81,0,85,22,26,176,193,109,190,170,95,38,139,65,20,51,142,34,198,146,4,84,67,32,72,163,25,70,19,145,125,11,113,156,71,165,87,16,8,173,18,131,110,101,59,80,100,30,134,148,2,97,58,175,151,7,191,181,68,123,6,137,158,54,52,119,154,39,107,55,14,13,111,132,89,75,129,15,135,53,183,69,159,164,90,28,155,73,99,106,136,115,152,35,161,102,86,133,76,122,116,104,31,194,56,92,108,192,40,169,182,29,187,60,177,27,43,127,96,171,141,98,114,64,79,179,47,88,5,186,199,83,153,166,24,150,10,185,62,120,197,168,44,48,63];False
2326;7067;9393;[50,21,180,178,9,37,94,118,172,12,130,117,77,112,93,184,66,157,103,105,74,188,144,174,149,195,167,61,45,138,41,49,78,128,42,57,3,121,162,126,143,160,91,1,33,124,147,196,36,46,140,17,82,23,189,81,0,85,22,26,176,193,109,190,170,95,38,139,65,20,51,142,34,198,146,4,84,67,32,72,163,25,70,19,145,125,11,113,156,71,165,87,104,31,173,18,131,110,101,59,80,100,30,134,148,2,97,58,175,151,7,191,181,68,123,6,137,158,54,52,119,187,39,107,55,14,13,111,132,89,75,129,15,135,53,183,69,159,164,90,28,155,73,99,106,136,115,152,35,161,102,86,133,76,122,116,194,8,16,56,92,108,192,40,169,182,29,154,60,177,27,43,127,96,171,141,98,114,64,79,179,47,88,5,186,199,83,153,166,24,150,10,185,62,120,197,168,44,48,63];False
2304;7083;9387;[50,21,180,178,9,37,94,118,172,12,130,117,77,112,93,184,66,157,103,105,74,188,144,174,149,195,167,61,45,138,41,49,78,128,42,57,3,121,162,126,143,160,91,1,33,124,147,196,36,46,140,17,82,23,189,81,0,85,22,26,176,193,109,190,170,95,38,139,65,20,51,142,34,198,146,4,84,67,32,72,163,25,70,19,145,125,11,113,156,71,165,87,194,31,173,18,131,110,101,59,80,100,30,134,148,2,97,58,151,175,7,191,181,68,123,6,137,158,54,52,119,187,39,107,55,14,13,111,132,89,75,129,15,135,53,183,69,159,164,90,28,155,73,99,106,136,115,152,35,161,102,86,133,76,122,116,104,8,16,56,92,108,192,40,169,182,29,154,60,177,27,43,127,96,171,141,98,114,64,79,179,47,88,5,186,199,83,153,166,24,150,10,185,62,120,197,168,44,48,63];False
1529;7942;9471;[198,155,29,187,141,119,148,128,130,107,105,146,118,178,192,183,104,50,53,162,173,18,154,120,24,197,15,135,34,159,76,134,121,10,123,90,41,22,38,14,168,17,94,42,49,153,185,127,60,57,9,28,129,8,93,46,55,165,39,166,59,36,23,12,54,151,175,83,117,44,78,171,81,52,150,140,92,100,58,79,177,95,167,61,181,65,82,5,27,133,96,157,138,45,188,87,66,126,99,86,112,40,51,106,143,160,80,71,69,190,43,7,85,164,111,195,25,37,145,139,33,13,137,158,182,109,21,73,6,56,63,31,142,115,152,102,186,113,196,89,26,176,72,74,4,97,131,0,199,62,1,189,108,84,124,174,184,161,156,147,3,169,191,11,194,180,163,170,103,91,35,125,149,32,98,114,68,116,20,67,193,16,136,144,70,19,64,101,122,172,77,2,110,30,179,47,132,75,88,48];False
1534;7925;9459;[198,155,29,187,141,119,148,7,130,107,105,146,118,178,192,183,104,17,53,162,173,18,154,120,24,197,15,135,34,159,76,134,121,10,123,90,41,22,38,14,168,50,94,42,49,153,185,127,60,57,9,28,129,8,93,46,55,165,39,166,59,36,23,12,54,151,175,83,117,44,78,171,81,52,150,140,92,100,58,79,177,95,167,61,181,65,82,5,27,133,96,157,138,45,188,87,66,126,99,86,112,40,51,106,143,160,80,71,69,190,43,128,85,164,111,195,25,37,145,139,33,13,137,158,182,109,21,73,6,56,63,31,142,115,152,102,186,113,196,89,26,176,72,74,4,97,131,0,199,62,1,189,108,84,124,174,184,161,156,147,3,169,191,11,194,180,163,170,103,91,35,125,149,32,98,114,68,116,20,67,193,16,136,144,70,19,64,101,122,172,77,2,110,30,179,47,132,75,88,48];False
1530;7925;9455;[198,155,29,187,141,119,148,7,130,107,105,146,118,178,192,183,104,50,53,162,173,18,154,120,24,197,15,135,34,159,76,134,121,10,123,90,41,22,38,14,168,17,145,42,49,153,185,127,60,57,9,28,129,8,93,46,55,165,39,166,59,36,23,12,54,151,175,83,117,44,78,171,81,52,150,140,92,100,58,79,177,95,167,61,181,65,82,5,27,133,96,157,138,45,188,87,66,126,99,86,112,40,51,106,143,160,80,71,69,190,43,128,85,164,111,195,25,37,94,139,33,13,137,158,182,109,21,73,6,56,63,31,142,115,152,102,186,113,196,89,26,176,72,74,4,97,131,0,199,62,1,189,108,84,124,174,184,161,156,147,3,169,191,11,194,180,163,170,103,91,35,125,149,32,98,114,68,116,20,67,193,16,136,144,70,19,64,101,122,172,77,2,110,30,179,47,132,75,88,48];True
1550;7889;9439;[198,155,29,187,141,119,148,7,130,107,105,146,118,178,192,183,104,50,53,162,173,18,154,120,24,197,15,135,34,159,76,134,121,10,123,90,41,22,38,14,168,17,94,125,49,153,185,127,60,57,9,28,129,8,93,46,55,165,39,166,59,36,23,12,54,151,175,83,117,44,78,171,81,52,150,140,92,100,58,79,177,95,167,61,181,65,82,5,27,133,96,157,138,45,188,87,66,126,99,86,112,40,51,106,143,160,80,71,69,190,43,128,85,164,111,195,25,37,145,139,33,13,137,158,182,109,21,73,6,56,63,31,142,115,152,102,186,113,196,89,26,176,72,74,4,97,131,0,199,62,1,189,108,84,124,174,184,161,156,147,3,169,191,11,194,180,163,170,103,91,35,42,149,32,98,114,68,116,20,67,193,16,136,144,70,19,64,101,122,172,77,2,110,30,179,47,132,75,88,48];True
1533;7924;9457;[198,155,29,187,141,119,148,7,130,107,105,146,118,178,192,183,104,50,53,162,173,18,154,120,24,197,15,135,34,159,76,134,121,10,123,90,41,22,38,14,168,17,94,42,49,153,185,127,60,57,9,28,129,8,93,46,55,165,39,166,59,36,23,12,54,151,175,83,117,44,78,171,158,52,150,140,92,100,58,79,177,95,167,61,181,65,82,5,27,133,96,157,138,45,188,87,66,126,99,86,112,40,51,106,143,160,80,71,69,190,43,128,85,164,111,195,25,37,145,139,33,13,137,81,182,109,21,73,6,56,63,31,142,115,152,102,186,113,196,89,26,176,72,74,4,97,131,0,199,62,1,189,108,84,124,174,184,161,156,147,3,169,191,11,194,180,163,170,103,91,35,125,149,32,98,114,68,116,20,67,193,16,136,144,70,19,64,101,122,172,77,2,110,30,179,47,132,75,88,48];True
1549;7903;9452;[198,155,29,187,141,119,148,7,130,107,105,146,118,178,192,183,104,50,53,162,173,18,154,120,24,197,15,135,34,159,76,134,121,10,123,90,41,22,38,14,168,17,94,42,49,153,185,127,60,57,9,28,129,8,93,46,55,165,39,166,59,36,23,12,54,151,175,83,117,44,78,171,81,52,150,140,92,100,58,79,177,25,167,61,181,65,82,5,27,133,96,157,138,45,188,87,66,126,99,86,112,40,51,106,143,160,80,71,69,190,43,128,85,164,111,195,95,37,145,139,33,13,137,158,182,109,21,73,6,56,63,31,142,115,152,102,186,113,196,89,26,176,72,74,4,97,131,0,199,62,1,189,108,84,124,174,184,161,156,147,3,169,191,11,194,180,163,170,103,91,35,125,149,32,98,114,68,116,20,67,193,16,136,144,70,19,64,101,122,172,77,2,110,30,179,47,132,75,88,48];False
1540;7912;9452;[198,155,29,187,141,119,148,7,130,107,105,146,118,178,192,183,104,50,53,162,173,18,154,120,24,197,15,135,34,159,76,134,121,10,123,90,41,22,38,14,168,17,94,42,49,153,185,127,60,57,9,28,129,8,93,46,55,165,39,166,59,36,23,12,54,151,175,83,117,44,78,171,81,52,150,140,92,100,58,79,177,95,167,61,181,65,82,5,27,133,96,157,138,45,188,87,66,126,99,86,112,40,51,106,143,160,80,71,69,190,43,128,85,164,111,195,25,37,145,139,33,13,137,158,182,109,21,73,6,56,63,31,142,115,152,102,186,196,113,89,26,176,72,74,4,97,131,0,199,62,1,189,108,84,124,174,184,161,156,147,3,169,191,11,194,180,163,170,103,91,35,125,149,32,98,114,68,116,20,67,193,16,136,144,70,19,64,101,122,172,77,2,110,30,179,47,132,75,88,48];False
1567;7862;9429;[198,155,29,187,141,119,148,7,130,107,105,146,118,178,192,183,104,50,53,162,173,18,154,120,24,197,15,135,34,159,76,134,121,10,123,90,41,22,38,14,168,17,94,60,49,153,185,127,42,57,9,28,129,8,93,46,55,165,39,166,59,36,23,12,54,151,175,83,117,44,78,171,0,52,150,140,92,100,58,79,177,95,167,61,181,65,82,5,27,133,96,157,138,45,188,87,66,126,99,86,112,40,51,106,143,160,80,71,69,190,43,128,85,164,111,195,25,37,145,139,33,13,137,81,182,109,21,73,6,56,63,31,142,115,152,102,186,113,196,89,26,176,72,74,4,97,131,158,199,62,1,189,108,84,124,174,184,161,156,147,3,169,191,11,194,180,163,170,103,91,35,125,149,32,98,114,68,116,20,67,193,16,136,144,70,19,64,101,122,172,77,2,110,30,179,47,132,75,88,48];True
1596;7853;9449;[198,155,29,187,141,119,148,7,130,107,105,146,118,178,192,183,104,50,53,162,173,18,154,120,24,197,15,135,34,159,76,134,121,10,123,90,41,22,38,14,168,17,94,60,49,153,185,127,42,57,9,28,129,8,93,46,55,165,39,166,59,36,23,12,54,151,175,83,117,44,78,171,158,52,150,140,92,100,58,79,177,95,167,61,181,65,82,5,27,133,96,157,138,45,188,87,66,126,99,86,112,40,51,106,143,160,80,71,69,190,43,128,85,164,111,195,25,37,145,139,33,13,137,81,182,109,21,73,6,56,63,31,142,115,152,102,186,113,196,89,26,176,72,74,4,97,131,172,199,62,1,189,108,84,124,174,184,161,156,147,3,169,191,11,194,180,163,170,103,91,35,125,149,32,98,114,68,116,20,67,193,16,136,144,70,19,64,101,122,0,77,2,110,30,179,47,132,75,88,48];False
1603;7841;9444;[198,155,29,187,141,119,148,7,130,107,105,146,118,178,192,183,104,50,53,162,173,18,154,120,24,197,15,135,34,159,76,134,121,10,123,90,41,22,38,14,168,17,94,60,49,153,185,127,42,57,9,28,129,8,93,46,55,165,39,166,59,36,23,12,54,151,175,83,117,44,78,171,81,52,150,140,92,100,58,79,177,95,167,61,181,65,82,5,27,133,96,157,138,45,188,87,66,126,99,86,112,40,51,106,143,160,80,71,69,190,43,128,85,164,111,195,25,37,145,139,33,13,137,158,182,109,21,73,6,56,63,31,142,115,152,102,186,196,113,89,26,176,72,74,4,97,131,172,199,62,1,189,108,84,124,174,184,161,156,147,3,169,191,11,194,180,163,170,103,91,35,125,149,32,98,114,68,116,20,67,193,16,136,144,70,19,64,101,122,0,77,2,110,30,179,47,132,75,88,48];False
1597;7852;9449;[198,155,29,187,141,119,148,7,130,107,105,146,118,178,192,183,104,50,53,162,173,18,154,120,24,197,15,135,34,159,76,134,121,10,123,90,41,22,38,14,168,17,94,60,49,153,185,127,42,122,9,28,129,8,93,46,55,165,39,166,59,36,23,12,54,151,175,83,117,44,78,171,81,52,150,140,92,100,58,79,177,95,167,61,181,65,82,5,27,133,96,157,138,45,188,87,66,126,99,86,112,40,51,106,143,160,80,71,69,190,43,128,85,164,111,195,25,37,145,139,33,13,137,158,182,109,21,73,6,56,63,31,142,115,152,102,186,113,196,89,26,176,72,74,4,97,131,172,199,62,1,189,108,84,124,174,184,161,156,147,3,169,191,11,194,180,163,170,103,91,35,125,149,32,98,114,68,116,20,67,193,16,136,144,70,19,64,101,57,0,77,2,110,30,179,47,132,75,88,48];False
1612;7832;9444;[198,155,29,187,141,119,148,7,130,107,105,146,118,178,192,183,104,50,53,162,173,18,154,120,24,197,15,135,34,159,76,134,121,10,123,90,41,22,38,14,168,17,94,60,49,153,185,127,42,57,9,28,129,8,93,46,55,165,39,166,59,36,23,12,54,151,175,83,117,44,78,171,81,52,150,140,92,100,58,79,177,25,167,61,181,65,82,5,27,133,96,157,138,45,188,87,66,126,99,86,112,40,51,106,143,160,80,71,69,190,43,128,85,164,111,195,95,37,145,139,33,13,137,158,182,109,21,73,6,56,63,31,142,115,152,102,186,113,196,89,26,176,72,74,4,97,131,172,199,62,1,189,108,84,124,174,184,161,156,147,3,169,191,11,194,180,163,170,103,91,35,125,149,32,98,114,68,116,20,67,193,16,136,144,70,19,64,101,122,0,77,2,110,30,179,47,132,75,88,48];False
1499;8010;9509;[198,155,29,187,141,119,148,128,130,107,105,146,118,178,192,183,104,17,53,162,173,18,154,120,24,197,15,135,34,159,82,134,121,10,123,90,41,22,38,14,168,50,94,42,49,153,185,127,60,57,9,28,129,8,93,46,55,165,39,166,59,36,23,12,54,151,175,83,117,44,78,171,81,52,150,140,92,100,58,79,177,95,167,61,181,65,76,5,27,133,96,157,138,45,188,87,66,126,99,86,112,40,51,106,143,160,80,71,69,190,43,7,85,164,111,195,25,37,145,139,33,13,137,158,182,109,21,73,6,56,63,31,142,115,152,102,186,113,196,89,26,176,72,74,4,97,131,0,199,62,1,189,108,84,124,174,184,161,156,147,3,169,191,11,194,180,163,170,103,91,35,125,149,32,98,114,68,116,20,67,193,16,136,144,70,19,64,101,122,172,77,2,110,30,179,47,132,75,88,48];False
1495;8010;9505;[198,155,29,187,141,119,148,128,130,107,105,146,118,178,192,183,104,50,53,162,173,18,154,120,24,197,15,135,34,159,82,134,121,10,123,90,41,22,38,14,168,17,145,42,49,153,185,127,60,57,9,28,129,8,93,46,55,165,39,166,59,36,23,12,54,151,175,83,117,44,78,171,81,52,150,140,92,100,58,79,177,95,167,61,181,65,76,5,27,133,96,157,138,45,188,87,66,126,99,86,112,40,51,106,143,160,80,71,69,190,43,7,85,164,111,195,25,37,94,139,33,13,137,158,182,109,21,73,6,56,63,31,142,115,152,102,186,113,196,89,26,176,72,74,4,97,131,0,199,62,1,189,108,84,124,174,184,161,156,147,3,169,191,11,194,180,163,170,103,91,35,125,149,32,98,114,68,116,20,67,193,16,136,144,70,19,64,101,122,172,77,2,110,30,179,47,132,75,88,48];True
1498;8009;9507;[198,155,29,187,141,119,148,128,130,107,105,146,118,178,192,183,104,50,53,162,173,18,154,120,24,197,15,135,34,159,82,134,121,10,123,90,41,22,38,14,168,17,94,42,49,153,185,127,60,57,9,28,129,8,93,46,55,165,39,166,59,36,23,12,54,151,175,83,117,44,78,171,158,52,150,140,92,100,58,79,177,95,167,61,181,65,76,5,27,133,96,157,138,45,188,87,66,126,99,86,112,40,51,106,143,160,80,71,69,190,43,7,85,164,111,195,25,37,145,139,33,13,137,81,182,109,21,73,6,56,63,31,142,115,152,102,186,113,196,89,26,176,72,74,4,97,131,0,199,62,1,189,108,84,124,174,184,161,156,147,3,169,191,11,194,180,163,170,103,91,35,125,149,32,98,114,68,116,20,67,193,16,136,144,70,19,64,101,122,172,77,2,110,30,179,47,132,75,88,48];False
1494;8022;9516;[198,155,29,187,141,119,148,7,130,107,105,146,118,178,192,183,104,50,53,162,173,18,154,120,24,197,15,135,34,159,82,134,121,10,123,90,41,22,38,85,168,17,145,42,49,153,185,127,60,57,9,28,129,8,93,46,55,165,39,166,59,36,23,12,54,151,175,83,117,44,78,171,81,52,150,140,92,100,58,79,177,95,167,61,181,65,76,5,27,133,96,157,138,45,188,87,66,126,99,86,112,40,51,106,143,160,80,71,69,190,43,128,14,164,111,195,25,37,94,139,33,13,137,158,182,109,21,73,6,56,63,31,142,115,152,102,186,113,196,89,26,176,72,74,4,97,131,0,199,62,1,189,108,84,124,174,184,161,156,147,3,169,191,11,194,180,163,170,103,91,35,125,149,32,98,114,68,116,20,67,193,16,136,144,70,19,64,101,122,172,77,2,110,30,179,47,132,75,88,48];False
1499;7992;9491;[198,155,29,187,141,119,148,7,130,107,105,146,118,178,192,183,104,50,53,162,173,18,154,120,24,197,15,135,34,159,82,134,121,10,123,90,41,22,38,14,168,17,145,42,49,153,185,127,60,57,9,28,129,8,93,46,55,165,39,166,59,36,23,12,54,151,175,83,117,44,78,171,158,52,150,140,92,100,58,79,177,95,167,61,181,65,76,5,27,133,96,157,138,45,188,87,66,126,99,86,112,40,51,106,143,160,80,71,69,190,43,128,85,164,111,195,25,37,94,139,33,13,137,81,182,109,21,73,6,56,63,31,142,115,152,102,186,113,196,89,26,176,72,74,4,97,131,0,199,62,1,189,108,84,124,174,184,161,156,147,3,169,191,11,194,180,163,170,103,91,35,125,149,32,98,114,68,116,20,67,193,16,136,144,70,19,64,101,122,172,77,2,110,30,179,47,132,75,88,48];True
1520;7957;9477;[198,155,29,187,141,119,148,7,130,107,105,146,118,178,192,183,104,17,53,162,173,18,154,120,24,197,15,135,34,159,82,134,121,10,123,90,41,22,38,14,168,50,94,125,49,153,185,127,60,57,9,28,129,8,93,46,55,165,39,166,59,36,23,12,54,151,175,83,117,44,78,171,81,52,150,140,92,100,58,79,177,95,167,61,181,65,76,5,27,133,96,157,138,45,188,87,66,126,99,86,112,40,51,106,143,160,80,71,69,190,43,128,85,164,111,195,25,37,145,139,33,13,137,158,182,109,21,73,6,56,63,31,142,115,152,102,186,113,196,89,26,176,72,74,4,97,131,0,199,62,1,189,108,84,124,174,184,161,156,147,3,169,191,11,194,180,163,170,103,91,35,42,149,32,98,114,68,116,20,67,193,16,136,144,70,19,64,101,122,172,77,2,110,30,179,47,132,75,88,48];False
1519;7956;9475;[198,155,29,187,141,119,148,7,130,107,105,146,118,178,192,183,104,50,53,162,173,18,154,120,24,197,15,135,34,159,82,134,121,10,123,90,41,22,38,14,168,17,94,125,49,153,185,127,60,57,9,28,129,8,93,46,55,165,39,166,59,36,23,12,54,151,175,83,117,44,78,171,158,52,150,140,92,100,58,79,177,95,167,61,181,65,76,5,27,133,96,157,138,45,188,87,66,126,99,86,112,40,51,106,143,160,80,71,69,190,43,128,85,164,111,195,25,37,145,139,33,13,137,81,182,109,21,73,6,56,63,31,142,115,152,102,186,113,196,89,26,176,72,74,4,97,131,0,199,62,1,189,108,84,124,174,184,161,156,147,3,169,191,11,194,180,163,170,103,91,35,42,149,32,98,114,68,116,20,67,193,16,136,144,70,19,64,101,122,172,77,2,110,30,179,47,132,75,88,48];False
1526;7944;9470;[198,155,29,187,141,119,148,7,130,107,105,146,118,178,192,183,104,50,53,162,173,18,154,120,24,197,15,135,34,159,82,134,121,10,123,90,41,22,38,14,168,17,94,125,49,153,185,127,60,57,9,28,129,8,93,46,55,165,39,166,59,36,23,12,54,151,175,83,117,44,78,171,81,52,150,140,92,100,58,79,177,95,167,61,181,65,76,5,27,133,96,157,138,45,188,87,66,126,99,86,112,40,51,106,143,160,80,71,69,190,43,128,85,164,111,195,25,37,145,139,33,13,137,158,182,109,21,73,6,56,63,31,142,115,152,102,186,196,113,89,26,176,72,74,4,97,131,0,199,62,1,189,108,84,124,174,184,161,156,147,3,169,191,11,194,180,163,170,103,91,35,42,149,32,98,114,68,116,20,67,193,16,136,144,70,19,64,101,122,172,77,2,110,30,179,47,132,75,88,48];True
1514;7956;9470;[198,155,29,187,141,119,148,7,130,107,105,146,118,178,192,183,104,50,53,162,173,18,154,120,24,197,15,135,34,159,82,134,121,10,123,90,41,22,38,14,168,17,94,42,49,153,185,127,60,57,9,28,129,8,93,46,55,165,39,166,59,36,23,12,54,151,175,83,117,44,78,171,0,52,150,140,92,100,58,79,177,95,167,61,181,65,76,5,27,133,96,157,138,45,188,87,66,126,99,86,112,40,51,106,143,160,80,71,69,190,43,128,85,164,111,195,25,37,145,139,33,13,137,81,182,109,21,73,6,56,63,31,142,115,152,102,186,113,196,89,26,176,72,74,4,97,131,158,199,62,1,189,108,84,124,174,184,161,156,147,3,169,191,11,194,180,163,170,103,91,35,125,149,32,98,114,68,116,20,67,193,16,136,144,70,19,64,101,122,172,77,2,110,30,179,47,132,75,88,48];True
2590;7010;9600;[31,198,146,190,109,147,6,193,172,12,130,22,195,112,93,118,66,157,103,105,74,188,87,37,174,149,167,61,45,138,178,49,78,128,42,57,3,121,162,126,143,160,91,1,33,124,94,196,36,44,140,92,82,23,189,81,0,85,19,26,176,46,9,144,170,95,38,139,65,20,51,50,34,194,180,4,84,67,32,72,163,25,70,41,142,117,77,113,156,71,165,2,184,8,173,18,131,110,101,59,80,100,30,134,148,11,97,58,175,151,7,191,181,68,123,16,137,158,54,52,119,187,39,107,55,14,13,111,132,89,75,129,15,135,53,183,69,159,164,90,28,155,73,99,106,136,115,152,35,161,102,86,133,76,122,116,104,125,145,56,21,108,192,40,169,182,29,154,60,177,27,43,127,96,171,141,98,114,64,79,179,47,88,5,186,199,83,153,166,24,150,10,185,62,120,197,168,17,48,63];False
2601;7003;9604;[34,198,146,190,109,118,6,193,172,12,130,22,195,112,93,147,66,157,103,105,74,188,87,37,174,149,167,61,45,138,178,49,78,128,42,57,3,121,162,126,143,160,91,1,33,124,94,196,36,44,140,92,82,23,189,81,0,85,19,26,176,46,9,144,170,95,38,139,65,20,51,50,31,194,180,4,84,67,32,72,163,25,70,41,142,117,77,113,156,71,165,2,184,8,173,18,131,110,101,59,80,100,30,134,148,11,97,58,175,151,7,191,181,68,123,16,137,158,54,52,119,187,39,107,55,14,13,111,132,89,75,129,15,135,53,183,69,159,164,90,28,155,73,99,106,136,115,152,35,161,102,86,133,76,122,116,104,125,145,56,21,108,192,40,169,182,29,154,60,177,27,43,127,96,171,141,98,114,64,79,179,47,88,5,186,199,83,153,166,24,150,10,185,62,120,197,168,17,48,63];False
2648;6988;9636;[34,198,146,190,109,147,6,193,172,12,130,22,195,112,93,118,66,157,103,105,74,188,87,37,174,149,167,61,45,138,14,49,78,128,42,57,3,121,162,126,143,160,91,1,33,124,94,196,36,44,140,92,82,23,189,81,0,85,19,26,176,46,9,144,170,95,38,139,65,20,51,50,31,194,180,4,84,67,32,72,163,25,70,41,142,117,77,113,156,71,165,2,184,8,173,18,131,110,101,59,80,100,30,134,148,11,97,58,175,151,7,191,181,68,123,16,137,158,54,52,119,187,39,107,55,178,13,111,132,89,75,129,15,135,53,183,69,159,164,90,28,155,73,99,106,136,115,152,35,161,102,86,133,76,122,116,104,125,145,56,21,108,192,40,169,182,29,154,60,177,27,43,127,96,171,141,98,114,64,79,179,47,88,5,186,199,83,153,166,24,150,10,185,62,120,197,168,17,48,63];False
2629;6983;9612;[34,198,146,190,109,147,6,193,172,12,130,22,195,112,93,118,66,157,103,105,74,188,87,37,174,149,167,61,45,138,178,144,78,128,42,57,3,121,162,126,143,160,91,1,33,124,94,196,36,44,140,92,82,23,189,81,0,85,19,26,176,46,9,49,170,95,38,139,65,20,51,50,31,194,180,4,84,67,32,72,163,25,70,41,142,117,77,113,156,71,165,2,184,8,173,18,131,110,101,59,80,100,30,134,148,11,97,58,175,151,7,191,181,68,123,16,137,158,54,52,119,187,39,107,55,14,13,111,132,89,75,129,15,135,53,183,69,159,164,90,28,155,73,99,106,136,115,152,35,161,102,86,133,76,122,116,104,125,145,56,21,108,192,40,169,182,29,154,60,177,27,43,127,96,171,141,98,114,64,79,179,47,88,5,186,199,83,153,166,24,150,10,185,62,120,197,168,17,48,63];False
2717;6979;9696;[34,198,146,190,109,147,6,193,172,12,130,22,195,112,93,118,66,157,103,105,74,188,87,37,174,149,167,61,45,138,178,49,78,128,42,57,3,121,162,126,143,160,91,1,33,124,94,196,36,104,140,92,82,23,189,81,0,85,19,26,176,46,9,144,170,95,38,139,65,20,51,50,31,194,180,4,84,67,32,72,163,25,70,41,142,117,77,113,156,71,165,2,184,8,173,18,131,110,101,59,80,100,30,134,148,11,97,58,175,151,7,191,181,68,123,16,137,158,54,52,119,187,39,107,55,14,13,111,132,89,75,129,15,135,53,183,69,159,164,90,28,155,73,99,106,136,115,152,35,161,102,86,133,76,122,116,44,125,145,56,21,108,192,40,169,182,29,154,60,177,27,43,127,96,171,141,98,114,64,79,179,47,88,5,186,199,83,153,166,24,150,10,185,62,120,197,168,17,48,63];False
2899;6957;9856;[34,198,146,190,109,147,6,193,172,12,130,22,195,112,93,118,66,157,103,105,74,188,87,37,174,149,167,61,45,138,41,187,78,128,42,57,3,121,162,126,143,160,91,1,33,124,94,196,36,104,140,92,82,23,189,81,0,85,19,26,176,46,9,144,170,95,38,139,65,20,51,50,31,194,180,4,84,67,32,72,163,25,70,178,142,117,77,113,156,71,165,2,184,8,173,18,131,110,101,59,80,100,30,134,148,11,97,58,175,151,7,191,181,68,123,16,137,158,54,52,119,49,39,107,55,14,13,111,132,89,75,129,15,135,53,183,69,159,164,90,28,155,73,99,106,136,115,152,35,161,102,86,133,76,122,116,44,125,145,56,21,108,192,40,169,182,29,154,60,177,27,43,127,96,171,141,98,114,64,79,179,47,88,5,186,199,83,153,166,24,150,10,185,62,120,197,168,17,48,63];False
2890;6959;9849;[34,198,146,190,109,147,6,193,172,12,130,22,195,112,93,118,66,157,103,105,74,188,87,37,174,149,167,61,45,138,41,49,78,128,171,57,3,121,162,126,143,160,91,1,33,124,94,196,36,104,140,92,82,23,189,81,0,85,19,26,176,46,9,144,170,95,38,139,65,20,51,50,31,194,180,4,84,67,32,72,163,25,70,178,142,117,77,113,156,71,165,2,184,8,173,18,131,110,101,59,80,100,30,134,148,11,97,58,175,151,7,191,181,68,123,16,137,158,54,52,119,187,39,107,55,14,13,111,132,89,75,129,15,135,53,183,69,159,164,90,28,155,73,99,106,136,115,152,35,161,102,86,133,76,122,116,44,125,145,56,21,108,192,40,169,182,29,154,60,177,27,43,127,96,42,141,98,114,64,79,179,47,88,5,186,199,83,153,166,24,150,10,185,62,120,197,168,17,48,63];False
2850;6962;9812;[34,198,146,190,109,147,6,193,172,12,130,22,195,112,93,118,66,157,103,105,74,188,87,37,174,149,167,61,45,138,41,49,78,128,42,57,3,121,162,126,143,160,91,1,33,124,94,196,191,104,140,92,82,23,189,81,0,85,19,26,176,46,9,144,170,95,38,139,65,20,51,50,31,194,180,4,84,67,32,72,163,25,70,178,142,117,77,113,156,71,165,2,184,8,173,18,131,110,101,59,80,100,30,134,148,11,97,58,175,151,7,36,181,68,123,16,137,158,54,52,119,187,39,107,55,14,13,111,132,89,75,129,15,135,53,183,69,159,164,90,28,155,73,99,106,136,115,152,35,161,102,86,133,76,122,116,44,125,145,56,21,108,192,40,169,182,29,154,60,177,27,43,127,96,171,141,98,114,64,79,179,47,88,5,186,199,83,153,166,24,150,10,185,62,120,197,168,17,48,63];False
2753;6970;9723;[34,198,146,190,109,147,6,193,172,12,130,22,195,112,93,118,66,157,103,105,74,188,87,37,174,149,167,61,45,138,41,49,78,128,42,57,3,121,162,126,143,160,91,1,33,124,94,196,89,104,140,92,82,23,189,81,0,85,19,26,176,46,9,144,170,95,38,139,65,20,51,50,31,194,180,4,84,67,32,72,163,25,70,178,142,117,77,113,156,71,165,2,184,8,173,18,131,110,101,59,80,100,30,134,148,11,97,58,175,151,7,191,181,68,123,16,137,158,54,52,119,187,39,107,55,14,13,111,132,36,75,129,15,135,53,183,69,159,164,90,28,155,73,99,106,136,115,152,35,161,102,86,133,76,122,116,44,125,145,56,21,108,192,40,169,182,29,154,60,177,27,43,127,96,171,141,98,114,64,79,179,47,88,5,186,199,83,153,166,24,150,10,185,62,120,197,168,17,48,63];False
2886;6959;9845;[34,198,146,190,109,147,6,193,172,12,130,22,195,112,93,118,66,157,103,105,74,188,87,37,174,149,167,61,45,138,41,49,111,128,42,57,3,121,162,126,143,160,91,1,33,124,94,196,36,44,140,92,82,23,189,81,0,85,19,26,176,46,9,144,170,95,38,139,65,20,51,50,31,194,180,4,84,67,32,72,163,25,70,178,142,117,77,113,156,71,165,2,184,8,173,18,131,110,101,59,80,100,30,134,119,11,97,58,175,151,7,191,181,68,123,16,137,158,54,52,148,187,39,107,55,14,13,78,132,89,75,129,15,135,53,183,69,159,164,90,28,155,73,99,106,136,115,152,35,161,102,86,133,76,122,116,104,125,145,56,21,108,192,40,169,182,29,154,60,177,27,43,127,96,171,141,98,114,64,79,179,47,88,5,186,199,83,153,166,24,150,10,185,62,120,197,168,17,48,63];False
2880;6959;9839;[34,198,146,190,109,147,6,193,172,12,130,22,195,112,93,118,66,157,103,105,74,188,87,37,174,149,167,61,45,138,41,49,78,128,42,57,3,121,162,126,143,160,91,1,33,124,94,196,36,44,140,21,82,23,189,81,0,85,19,26,176,46,9,144,170,95,38,139,65,20,51,50,31,194,180,4,84,67,32,72,163,25,70,178,142,117,77,113,156,71,165,2,184,8,173,18,131,110,101,59,80,100,30,134,119,11,97,58,175,151,7,191,181,68,123,16,137,158,54,52,148,187,39,107,55,14,13,111,132,89,75,129,15,135,53,183,69,159,164,90,28,155,73,99,106,136,115,152,35,161,102,86,133,76,122,116,104,125,145,56,92,108,192,40,169,182,29,154,60,177,27,43,127,96,171,141,98,114,64,79,179,47,88,5,186,199,83,153,166,24,150,10,185,62,120,197,168,17,48,63];False
2712;6978;9690;[34,198,146,190,109,147,6,193,172,12,130,22,195,112,93,118,66,157,103,105,74,188,87,37,174,149,167,61,45,138,41,49,78,128,42,57,3,121,162,126,143,160,91,1,33,124,94,196,36,44,140,92,82,23,189,81,0,85,19,26,176,46,9,144,170,95,38,139,65,20,51,50,16,194,180,4,84,67,32,72,163,25,70,178,142,117,77,113,156,71,165,2,184,8,173,18,131,110,101,59,80,100,30,134,119,11,97,58,175,151,7,191,181,68,123,31,137,158,54,52,148,187,39,107,55,14,13,111,132,89,75,129,15,135,53,183,69,159,164,90,28,155,73,99,106,136,115,152,35,161,102,86,133,76,122,116,104,125,145,56,21,108,192,40,169,182,29,154,60,177,27,43,127,96,171,141,98,114,64,79,179,47,88,5,186,199,83,153,166,24,150,10,185,62,120,197,168,17,48,63];False
2739;6975;9714;[34,198,146,190,109,147,6,193,172,12,130,22,195,112,93,118,66,157,103,105,74,188,87,37,174,149,167,61,45,138,41,49,78,128,42,57,3,121,162,126,143,160,91,1,33,124,94,196,36,44,140,92,82,23,189,81,0,85,19,26,176,46,9,144,170,95,38,139,65,20,51,50,31,194,180,4,84,67,32,72,163,25,70,178,142,117,77,113,156,71,165,2,184,8,173,18,137,110,101,59,80,100,30,134,119,11,97,58,175,151,7,191,181,68,123,16,131,158,54,52,148,187,39,107,55,14,13,111,132,89,75,129,15,135,53,183,69,159,164,90,28,155,73,99,106,136,115,152,35,161,102,86,133,76,122,116,104,125,145,56,21,108,192,40,169,182,29,154,60,177,27,43,127,96,171,141,98,114,64,79,179,47,88,5,186,199,83,153,166,24,150,10,185,62,120,197,168,17,48,63];False
2845;6963;9808;[34,198,146,190,109,147,6,193,172,12,130,22,195,112,93,118,66,157,103,105,74,188,87,37,174,149,167,61,45,138,41,49,78,128,42,57,3,121,162,126,143,160,91,1,33,124,94,196,36,44,140,92,82,23,189,81,0,85,19,26,176,46,9,144,170,95,38,139,65,20,51,50,31,194,180,4,84,67,32,72,163,25,70,178,142,117,77,113,156,71,165,2,184,8,173,18,131,110,101,59,80,100,30,134,119,11,97,58,175,151,7,5,181,68,123,16,137,158,54,52,148,187,39,107,55,14,13,111,132,89,75,129,15,135,53,183,69,159,164,90,28,155,73,99,106,136,115,152,35,161,102,86,133,76,122,116,104,125,145,56,21,108,192,40,169,182,29,154,60,177,27,43,127,96,171,141,98,114,64,79,179,47,88,191,186,199,83,153,166,24,150,10,185,62,120,197,168,17,48,63];False
2815;6956;9771;[34,198,146,190,109,147,6,193,172,12,130,22,195,112,93,118,66,157,103,105,74,188,87,37,174,149,167,61,45,138,41,49,78,128,42,57,3,121,162,126,143,160,91,1,33,124,94,196,36,44,140,92,82,23,189,81,0,85,19,26,176,46,9,144,170,95,38,139,65,20,51,50,31,194,180,4,84,67,32,72,163,25,70,178,142,117,77,113,156,71,165,2,184,8,173,18,131,110,101,59,80,100,30,134,119,11,97,58,175,151,7,191,181,68,123,16,137,158,62,52,148,187,39,107,55,14,13,111,132,89,75,129,15,135,53,183,69,159,164,90,28,155,73,99,106,136,115,152,35,161,102,86,133,76,122,116,104,125,145,56,21,108,192,40,169,182,29,154,60,177,27,43,127,96,171,141,98,114,64,79,179,47,88,5,186,199,83,153,166,24,150,10,185,54,120,197,168,17,48,63];False
2908;6955;9863;[34,198,146,190,109,72,6,193,172,12,130,22,195,112,93,118,66,157,103,105,74,188,87,37,174,149,167,61,45,138,41,49,78,128,42,57,3,121,162,126,143,160,91,1,33,124,94,196,36,44,140,92,82,23,189,81,0,85,19,26,176,46,9,144,170,95,38,139,65,20,51,50,31,194,180,4,84,67,32,147,163,25,70,178,142,117,77,113,156,71,165,2,184,8,173,18,131,110,101,59,80,100,30,134,148,11,97,58,175,151,7,191,181,68,123,16,137,158,62,52,119,187,39,107,55,14,13,111,132,89,75,129,15,135,53,183,69,159,164,90,28,155,73,99,106,136,115,152,35,161,102,86,133,76,122,116,104,125,145,56,21,108,192,40,169,182,29,154,60,177,27,43,127,96,171,141,98,114,64,79,179,47,88,5,186,199,83,153,166,24,150,10,185,54,120,197,168,17,48,63];False
2913;6952;9865;[34,198,146,190,109,147,6,193,172,12,36,22,195,112,93,118,66,157,103,105,74,188,87,37,174,149,167,61,45,138,41,49,78,128,42,57,3,121,162,126,143,160,91,1,33,124,94,196,130,44,140,92,82,23,189,81,0,85,19,26,176,46,9,144,170,95,38,139,65,20,51,50,31,194,180,4,84,67,32,72,163,25,70,178,142,117,77,113,156,71,165,2,184,8,173,18,131,110,101,59,80,100,30,134,148,11,97,58,175,151,7,191,181,68,123,16,137,158,62,52,119,187,39,107,55,14,13,111,132,89,75,129,15,135,53,183,69,159,164,90,28,155,73,99,106,136,115,152,35,161,102,86,133,76,122,116,104,125,145,56,21,108,192,40,169,182,29,154,60,177,27,43,127,96,171,141,98,114,64,79,179,47,88,5,186,199,83,153,166,24,150,10,185,54,120,197,168,17,48,63];False
2909;6952;9861;[34,198,146,190,109,147,6,193,172,12,130,22,195,112,93,118,66,157,103,105,74,188,87,37,174,23,167,61,45,138,41,49,78,128,42,57,3,121,162,126,143,160,91,1,33,124,94,196,36,44,140,92,82,149,189,81,0,85,19,26,176,46,9,144,170,95,38,139,65,20,51,50,31,194,180,4,84,67,32,72,163,25,70,178,142,117,77,113,156,71,165,2,184,8,173,18,131,110,101,59,80,100,30,134,148,11,97,58,175,151,7,191,181,68,123,16,137,158,62,52,119,187,39,107,55,14,13,111,132,89,75,129,15,135,53,183,69,159,164,90,28,155,73,99,106,136,115,152,35,161,102,86,133,76,122,116,104,125,145,56,21,108,192,40,169,182,29,154,60,177,27,43,127,96,171,141,98,114,64,79,179,47,88,5,186,199,83,153,166,24,150,10,185,54,120,197,168,17,48,63];False
2732;6971;9703;[34,198,146,190,109,147,6,193,172,12,130,22,195,112,93,118,66,157,103,105,74,188,87,37,174,149,167,61,45,138,178,49,78,128,42,57,3,121,162,126,143,160,91,1,33,124,94,196,36,44,140,92,82,23,189,81,0,85,19,26,176,46,9,144,170,95,38,139,65,20,51,50,31,194,180,4,84,67,32,72,163,25,70,41,142,117,77,113,156,71,165,2,184,8,173,18,131,110,101,59,80,100,30,134,148,11,97,58,175,151,7,191,181,68,123,16,137,158,62,52,119,187,39,107,55,14,13,111,132,89,75,129,15,135,53,183,69,159,164,90,28,155,73,99,106,136,115,152,35,161,102,86,133,76,122,116,104,125,145,56,21,108,192,40,169,182,29,154,60,177,27,43,127,96,171,141,98,114,64,79,179,47,88,5,186,199,83,153,166,24,150,10,185,54,120,197,168,17,48,63];False
2914;6949;9863;[34,198,146,190,109,147,6,193,172,12,130,22,195,112,93,118,66,157,103,105,74,188,87,37,174,149,167,61,45,138,41,187,78,128,42,57,3,121,162,126,143,160,91,1,33,124,94,196,36,44,140,92,82,23,189,81,0,85,19,26,176,46,9,144,170,95,38,139,65,20,51,50,31,194,180,4,84,67,32,72,163,25,70,178,142,117,77,113,156,71,165,2,184,8,173,18,131,110,101,59,80,100,30,134,148,11,97,58,175,151,7,191,181,68,123,16,137,158,62,52,119,49,39,107,55,14,13,111,132,89,75,129,15,135,53,183,69,159,164,90,28,155,73,99,106,136,115,152,35,161,102,86,133,76,122,116,104,125,145,56,21,108,192,40,169,182,29,154,60,177,27,43,127,96,171,141,98,114,64,79,179,47,88,5,186,199,83,153,166,24,150,10,185,54,120,197,168,17,48,63];False
2895;6955;9850;[34,198,146,190,109,147,6,193,172,12,130,22,195,112,93,118,66,157,103,105,74,188,87,37,174,149,167,61,45,138,41,49,187,128,42,57,3,121,162,126,143,160,91,1,33,124,94,196,36,44,140,92,82,23,189,81,0,85,19,26,176,46,9,144,170,95,38,139,65,20,51,50,31,194,180,4,84,67,32,72,163,25,70,178,142,117,77,113,156,71,165,2,184,8,173,18,131,110,101,59,80,100,30,134,148,11,97,58,175,151,7,191,181,68,123,16,137,158,62,52,119,78,39,107,55,14,13,111,132,89,75,129,15,135,53,183,69,159,164,90,28,155,73,99,106,136,115,152,35,161,102,86,133,76,122,116,104,125,145,56,21,108,192,40,169,182,29,154,60,177,27,43,127,96,171,141,98,114,64,79,179,47,88,5,186,199,83,153,166,24,150,10,185,54,120,197,168,17,48,63];False
2943;6946;9889;[34,198,146,190,109,147,6,193,172,12,130,22,195,112,93,118,66,157,103,105,74,188,87,37,174,149,167,61,45,138,41,49,111,128,42,57,3,121,162,126,143,160,91,1,33,124,94,196,36,44,140,92,82,23,189,81,0,85,19,26,176,46,9,144,170,95,38,139,65,20,51,50,31,194,180,4,84,67,32,72,163,25,70,178,142,117,77,113,156,71,165,2,184,8,173,18,131,110,101,59,80,100,30,134,148,11,97,58,175,151,7,191,181,68,123,16,137,158,62,52,119,187,39,107,55,14,13,78,132,89,75,129,15,135,53,183,69,159,164,90,28,155,73,99,106,136,115,152,35,161,102,86,133,76,122,116,104,125,145,56,21,108,192,40,169,182,29,154,60,177,27,43,127,96,171,141,98,114,64,79,179,47,88,5,186,199,83,153,166,24,150,10,185,54,120,197,168,17,48,63];False
2905;6951;9856;[34,198,146,190,109,147,6,193,172,12,130,22,195,112,93,118,66,157,103,105,74,188,87,37,174,149,167,61,45,138,41,49,78,128,171,57,3,121,162,126,143,160,91,1,33,124,94,196,36,44,140,92,82,23,189,81,0,85,19,26,176,46,9,144,170,95,38,139,65,20,51,50,31,194,180,4,84,67,32,72,163,25,70,178,142,117,77,113,156,71,165,2,184,8,173,18,131,110,101,59,80,100,30,134,148,11,97,58,175,151,7,191,181,68,123,16,137,158,62,52,119,187,39,107,55,14,13,111,132,89,75,129,15,135,53,183,69,159,164,90,28,155,73,99,106,136,115,152,35,161,102,86,133,76,122,116,104,125,145,56,21,108,192,40,169,182,29,154,60,177,27,43,127,96,42,141,98,114,64,79,179,47,88,5,186,199,83,153,166,24,150,10,185,54,120,197,168,17,48,63];False
2971;6942;9913;[34,198,146,190,109,147,6,193,172,12,130,22,195,112,93,118,66,157,103,105,74,188,87,37,174,149,167,61,45,138,41,49,78,128,42,57,3,121,162,126,143,160,91,1,33,124,94,196,88,44,140,92,82,23,189,81,0,85,19,26,176,46,9,144,170,95,38,139,65,20,51,50,31,194,180,4,84,67,32,72,163,25,70,178,142,117,77,113,156,71,165,2,184,8,173,18,131,110,101,59,80,100,30,134,148,11,97,58,175,151,7,191,181,68,123,16,137,158,62,52,119,187,39,107,55,14,13,111,132,89,75,129,15,135,53,183,69,159,164,90,28,155,73,99,106,136,115,152,35,161,102,86,133,76,122,116,104,125,145,56,21,108,192,40,169,182,29,154,60,177,27,43,127,96,171,141,98,114,64,79,179,47,36,5,186,199,83,153,166,24,150,10,185,54,120,197,168,17,48,63];False
2857;6951;9808;[34,198,146,190,109,147,6,193,172,12,130,22,195,112,93,118,66,157,103,105,74,188,87,37,174,149,167,61,45,138,41,49,78,128,42,57,3,121,162,126,143,160,91,1,33,124,94,196,36,104,140,92,82,23,189,81,0,85,19,26,176,46,9,144,170,95,38,139,65,20,51,50,31,194,180,4,84,67,32,72,163,25,70,178,142,117,77,113,156,71,165,2,184,8,173,18,131,110,101,59,80,100,30,134,148,11,97,58,175,151,7,191,181,68,123,16,137,158,62,52,119,187,39,107,55,14,13,111,132,89,75,129,15,135,53,183,69,159,164,90,28,155,73,99,106,136,115,152,35,161,102,86,133,76,122,116,44,125,145,56,21,108,192,40,169,182,29,154,60,177,27,43,127,96,171,141,98,114,64,79,179,47,88,5,186,199,83,153,166,24,150,10,185,54,120,197,168,17,48,63];False
2937;6946;9883;[34,198,146,190,109,147,6,193,172,12,130,22,195,112,93,118,66,157,103,105,74,188,87,37,174,149,167,61,45,138,41,49,78,128,42,57,3,121,162,126,143,160,91,1,33,124,94,196,36,44,140,21,82,23,189,81,0,85,19,26,176,46,9,144,170,95,38,139,65,20,51,50,31,194,180,4,84,67,32,72,163,25,70,178,142,117,77,113,156,71,165,2,184,8,173,18,131,110,101,59,80,100,30,134,148,11,97,58,175,151,7,191,181,68,123,16,137,158,62,52,119,187,39,107,55,14,13,111,132,89,75,129,15,135,53,183,69,159,164,90,28,155,73,99,106,136,115,152,35,161,102,86,133,76,122,116,104,125,145,56,92,108,192,40,169,182,29,154,60,177,27,43,127,96,171,141,98,114,64,79,179,47,88,5,186,199,83,153,166,24,150,10,185,54,120,197,168,17,48,63];False
2848;6952;9800;[34,198,146,190,109,147,6,193,172,12,130,22,195,112,93,118,66,157,103,105,74,188,87,37,174,149,167,61,45,138,41,49,78,128,42,57,3,121,162,126,143,160,91,1,33,124,94,196,36,44,140,17,82,23,189,81,0,85,19,26,176,46,9,144,170,95,38,139,65,20,51,50,31,194,180,4,84,67,32,72,163,25,70,178,142,117,77,113,156,71,165,2,184,8,173,18,131,110,101,59,80,100,30,134,148,11,97,58,175,151,7,191,181,68,123,16,137,158,62,52,119,187,39,107,55,14,13,111,132,89,75,129,15,135,53,183,69,159,164,90,28,155,73,99,106,136,115,152,35,161,102,86,133,76,122,116,104,125,145,56,21,108,192,40,169,182,29,154,60,177,27,43,127,96,171,141,98,114,64,79,179,47,88,5,186,199,83,153,166,24,150,10,185,54,120,197,168,92,48,63];False
2769;6965;9734;[34,198,146,190,109,147,6,193,172,12,130,22,195,112,93,118,66,157,103,105,74,188,87,37,174,149,167,61,45,138,41,49,78,128,42,57,3,121,162,126,143,160,91,1,33,124,94,196,36,44,140,92,82,23,189,81,0,85,19,26,176,46,9,144,170,95,38,139,65,20,51,50,16,194,180,4,84,67,32,72,163,25,70,178,142,117,77,113,156,71,165,2,184,8,173,18,131,110,101,59,80,100,30,134,148,11,97,58,175,151,7,191,181,68,123,31,137,158,62,52,119,187,39,107,55,14,13,111,132,89,75,129,15,135,53,183,69,159,164,90,28,155,73,99,106,136,115,152,35,161,102,86,133,76,122,116,104,125,145,56,21,108,192,40,169,182,29,154,60,177,27,43,127,96,171,141,98,114,64,79,179,47,88,5,186,199,83,153,166,24,150,10,185,54,120,197,168,17,48,63];False
2796;6962;9758;[34,198,146,190,109,147,6,193,172,12,130,22,195,112,93,118,66,157,103,105,74,188,87,37,174,149,167,61,45,138,41,49,78,128,42,57,3,121,162,126,143,160,91,1,33,124,94,196,36,44,140,92,82,23,189,81,0,85,19,26,176,46,9,144,170,95,38,139,65,20,51,50,31,194,180,4,84,67,32,72,163,25,70,178,142,117,77,113,156,71,165,2,184,8,173,18,137,110,101,59,80,100,30,134,148,11,97,58,175,151,7,191,181,68,123,16,131,158,62,52,119,187,39,107,55,14,13,111,132,89,75,129,15,135,53,183,69,159,164,90,28,155,73,99,106,136,115,152,35,161,102,86,133,76,122,116,104,125,145,56,21,108,192,40,169,182,29,154,60,177,27,43,127,96,171,141,98,114,64,79,179,47,88,5,186,199,83,153,166,24,150,10,185,54,120,197,168,17,48,63];False
2902;6950;9852;[34,198,146,190,109,147,6,193,172,12,130,22,195,112,93,118,66,157,103,105,74,188,87,37,174,149,167,61,45,138,41,49,78,128,42,57,3,121,162,126,143,160,91,1,33,124,94,196,36,44,140,92,82,23,189,81,0,85,19,26,176,46,9,144,170,95,38,139,65,20,51,50,31,194,180,4,84,67,32,72,163,25,70,178,142,117,77,113,156,71,165,2,184,8,173,18,131,110,101,59,80,100,30,134,148,11,97,58,175,151,7,5,181,68,123,16,137,158,62,52,119,187,39,107,55,14,13,111,132,89,75,129,15,135,53,183,69,159,164,90,28,155,73,99,106,136,115,152,35,161,102,86,133,76,122,116,104,125,145,56,21,108,192,40,169,182,29,154,60,177,27,43,127,96,171,141,98,114,64,79,179,47,88,191,186,199,83,153,166,24,150,10,185,54,120,197,168,17,48,63];False
2955;6943;9898;[34,198,146,190,109,147,6,193,172,12,130,22,195,112,93,118,66,157,103,105,74,188,87,37,174,149,167,61,45,138,41,49,78,128,42,57,3,121,162,126,143,160,91,1,33,124,94,196,36,44,140,92,82,23,189,81,0,85,19,26,176,46,9,144,170,95,38,139,65,20,51,50,31,194,180,4,84,67,32,72,163,25,70,178,142,117,77,113,156,71,165,2,184,8,173,18,131,110,101,59,80,100,30,134,148,11,97,58,175,151,7,191,181,68,123,16,187,158,62,52,119,137,39,107,55,14,13,111,132,89,75,129,15,135,53,183,69,159,164,90,28,155,73,99,106,136,115,152,35,161,102,86,133,76,122,116,104,125,145,56,21,108,192,40,169,182,29,154,60,177,27,43,127,96,171,141,98,114,64,79,179,47,88,5,186,199,83,153,166,24,150,10,185,54,120,197,168,17,48,63];False
2864;6946;9810;[34,198,146,190,109,147,6,193,172,12,130,22,195,112,93,118,66,157,103,105,74,188,87,37,174,149,167,61,45,138,41,49,78,128,42,57,3,121,162,126,143,160,91,1,33,124,94,196,36,44,140,92,82,23,189,81,0,85,19,26,176,46,9,144,170,95,38,139,65,20,51,50,31,194,180,4,84,67,32,72,163,25,70,178,142,117,77,113,156,71,165,2,184,8,173,18,131,110,101,59,80,100,30,134,148,11,97,58,175,151,7,191,181,68,123,16,137,158,62,52,119,185,39,107,55,14,13,111,132,89,75,129,15,135,53,183,69,159,164,90,28,155,73,99,106,136,115,152,35,161,102,86,133,76,122,116,104,125,145,56,21,108,192,40,169,182,29,154,60,177,27,43,127,96,171,141,98,114,64,79,179,47,88,5,186,199,83,153,166,24,150,10,187,54,120,197,168,17,48,63];False
2569;7005;9574;[34,198,146,190,109,147,6,193,172,12,130,22,195,112,93,118,66,157,103,105,74,188,87,37,174,149,167,61,45,138,41,49,78,128,42,57,3,121,162,126,143,160,91,1,33,124,94,196,36,44,140,92,82,23,189,81,0,85,19,26,176,46,164,144,170,95,38,139,65,20,51,50,31,194,180,4,84,67,32,72,163,25,70,178,9,117,77,113,156,71,165,2,184,8,173,18,131,110,101,59,80,100,30,134,148,11,97,58,175,151,7,191,181,68,123,90,137,158,54,52,119,187,39,107,55,14,13,111,132,89,75,129,15,135,53,183,69,159,16,142,28,155,73,99,106,136,115,152,35,161,102,86,133,76,122,116,104,125,145,56,21,108,192,40,169,182,29,154,60,177,27,43,127,96,171,141,98,114,64,79,179,47,88,5,186,199,83,153,166,24,150,10,185,62,120,197,168,17,48,63];False
2611;7001;9612;[34,198,146,190,109,147,6,193,172,12,130,22,195,112,93,118,66,157,103,105,74,188,87,37,174,149,167,61,45,138,41,49,78,128,42,57,3,121,162,126,143,160,91,1,33,124,94,196,36,44,140,92,82,23,189,81,0,85,19,26,176,46,164,144,170,95,38,139,65,20,51,50,31,194,180,4,84,67,32,72,163,25,70,178,16,117,77,113,156,71,165,2,184,8,173,18,131,110,101,59,80,100,30,134,148,11,97,58,151,175,7,191,181,68,123,90,137,158,54,52,119,187,39,107,55,14,13,111,132,89,75,129,15,135,53,183,69,159,9,142,28,155,73,99,106,136,115,152,35,161,102,86,133,76,122,116,104,125,145,56,21,108,192,40,169,182,29,154,60,177,27,43,127,96,171,141,98,114,64,79,179,47,88,5,186,199,83,153,166,24,150,10,185,62,120,197,168,17,48,63];False
2706;6979;9685;[34,198,146,190,109,147,6,193,172,12,130,22,195,112,93,118,66,157,103,105,74,188,87,37,174,149,167,61,45,138,41,49,78,128,42,57,3,121,162,126,143,160,91,1,33,124,94,196,36,44,140,92,82,23,189,81,0,85,19,26,176,46,164,144,170,95,38,139,65,20,51,50,31,194,180,4,84,67,32,72,163,25,70,178,16,117,77,113,156,71,165,2,184,8,173,18,131,110,101,59,80,100,30,134,148,11,97,58,175,151,7,191,181,68,123,90,137,158,62,52,119,187,39,107,55,14,13,111,132,89,75,129,15,135,53,183,69,159,9,142,28,155,73,99,106,136,115,152,35,161,102,86,133,76,122,116,104,125,145,56,21,108,192,40,169,182,29,154,60,177,27,43,127,96,171,141,98,114,64,79,179,47,88,5,186,199,83,153,166,24,150,10,185,54,120,197,168,17,48,63];False
3074;6927;10001;[34,103,105,190,109,147,6,193,172,132,130,22,195,112,93,118,66,157,20,51,74,188,87,37,174,149,167,61,45,138,178,49,78,128,42,57,191,121,162,126,143,160,91,1,33,124,94,196,36,44,140,92,82,23,189,81,0,85,19,26,176,46,9,41,3,95,38,139,144,48,50,168,31,194,180,4,84,67,32,72,163,25,70,65,16,117,77,113,156,71,165,2,184,8,173,18,131,110,101,59,80,100,30,134,148,11,97,58,175,151,7,170,181,68,198,142,137,158,62,52,119,185,39,107,55,14,13,111,12,89,75,129,15,135,53,183,69,159,164,90,28,155,73,99,106,136,115,152,35,161,102,86,133,76,122,116,104,125,145,56,21,108,192,40,169,182,29,154,60,177,27,43,127,96,171,141,98,114,64,79,179,47,88,5,186,199,83,153,166,24,150,10,187,54,120,197,123,17,146,63];False
3038;6928;9966;[34,103,105,190,109,147,6,193,172,12,130,22,195,112,93,118,66,157,20,51,74,188,87,37,174,149,167,61,45,138,14,49,78,128,42,57,191,121,162,126,143,160,91,1,33,124,94,196,36,44,140,92,82,23,189,81,0,85,19,26,176,46,9,41,3,95,38,139,144,48,50,168,31,194,180,4,84,67,32,72,163,25,70,65,16,117,77,113,156,71,165,2,184,8,173,18,131,110,101,59,80,100,30,134,148,11,97,58,175,151,7,170,181,68,198,142,137,158,62,52,119,185,39,107,55,178,13,111,132,89,75,129,15,135,53,183,69,159,164,90,28,155,73,99,106,136,115,152,35,161,102,86,133,76,122,116,104,125,145,56,21,108,192,40,169,182,29,154,60,177,27,43,127,96,171,141,98,114,64,79,179,47,88,5,186,199,83,153,166,24,150,10,187,54,120,197,123,17,146,63];False
3095;6924;10019;[34,103,105,190,109,147,6,193,172,12,130,22,195,112,93,118,66,157,20,51,74,188,87,37,174,149,167,61,45,138,178,78,49,128,42,57,191,121,162,126,143,160,91,1,33,124,94,196,36,44,140,92,82,23,189,81,0,85,19,26,176,46,9,41,3,95,38,139,144,48,50,168,31,194,180,4,84,67,32,72,163,25,70,65,16,117,77,113,156,71,165,2,184,8,173,18,131,110,101,59,80,100,30,134,148,11,97,58,175,151,7,170,181,68,198,142,137,158,62,52,119,185,39,107,55,14,13,111,132,89,75,129,15,135,53,183,69,159,164,90,28,155,73,99,106,136,115,152,35,161,102,86,133,76,122,116,104,125,145,56,21,108,192,40,169,182,29,154,60,177,27,43,127,96,171,141,98,114,64,79,179,47,88,5,186,199,83,153,166,24,150,10,187,54,120,197,123,17,146,63];False
3117;6921;10038;[34,103,105,190,109,147,6,193,172,12,130,22,195,112,93,118,66,157,20,51,74,188,87,37,174,149,167,61,45,138,178,13,78,128,42,57,191,121,162,126,143,160,91,1,33,124,94,196,36,44,140,92,82,23,189,81,0,85,19,26,176,46,9,41,3,95,38,139,144,48,50,168,31,194,180,4,84,67,32,72,163,25,70,65,16,117,77,113,156,71,165,2,184,8,173,18,131,110,101,59,80,100,30,134,148,11,97,58,175,151,7,170,181,68,198,142,137,158,62,52,119,185,39,107,55,14,49,111,132,89,75,129,15,135,53,183,69,159,164,90,28,155,73,99,106,136,115,152,35,161,102,86,133,76,122,116,104,125,145,56,21,108,192,40,169,182,29,154,60,177,27,43,127,96,171,141,98,114,64,79,179,47,88,5,186,199,83,153,166,24,150,10,187,54,120,197,123,17,146,63];False
3193;6914;10107;[34,103,105,190,109,147,6,193,172,12,130,22,195,112,93,118,66,157,20,51,74,188,87,37,174,149,167,61,45,138,178,49,111,128,42,57,191,121,162,126,143,160,91,1,33,124,94,196,36,44,140,92,82,23,189,81,0,85,19,26,176,46,9,41,3,95,38,139,144,48,50,168,31,194,180,4,84,67,32,72,163,25,70,65,16,117,77,113,156,71,165,2,184,8,173,18,131,110,101,59,80,100,30,134,148,11,97,58,175,151,7,170,181,68,198,142,137,158,62,52,119,185,39,107,55,14,13,78,132,89,75,129,15,135,53,183,69,159,164,90,28,155,73,99,106,136,115,152,35,161,102,86,133,76,122,116,104,125,145,56,21,108,192,40,169,182,29,154,60,177,27,43,127,96,171,141,98,114,64,79,179,47,88,5,186,199,83,153,166,24,150,10,187,54,120,197,123,17,146,63];False
3155;6919;10074;[34,103,105,190,109,147,6,193,172,12,130,22,195,112,93,118,66,157,20,51,74,188,87,37,174,149,167,61,45,138,178,49,78,128,171,57,191,121,162,126,143,160,91,1,33,124,94,196,36,44,140,92,82,23,189,81,0,85,19,26,176,46,9,41,3,95,38,139,144,48,50,168,31,194,180,4,84,67,32,72,163,25,70,65,16,117,77,113,156,71,165,2,184,8,173,18,131,110,101,59,80,100,30,134,148,11,97,58,175,151,7,170,181,68,198,142,137,158,62,52,119,185,39,107,55,14,13,111,132,89,75,129,15,135,53,183,69,159,164,90,28,155,73,99,106,136,115,152,35,161,102,86,133,76,122,116,104,125,145,56,21,108,192,40,169,182,29,154,60,177,27,43,127,96,42,141,98,114,64,79,179,47,88,5,186,199,83,153,166,24,150,10,187,54,120,197,123,17,146,63];False
3107;6919;10026;[34,103,105,190,109,147,6,193,172,12,130,22,195,112,93,118,66,157,20,51,74,188,87,37,174,149,167,61,45,138,178,49,78,128,42,57,191,121,162,126,143,160,91,1,33,124,94,196,36,104,140,92,82,23,189,81,0,85,19,26,176,46,9,41,3,95,38,139,144,48,50,168,31,194,180,4,84,67,32,72,163,25,70,65,16,117,77,113,156,71,165,2,184,8,173,18,131,110,101,59,80,100,30,134,148,11,97,58,175,151,7,170,181,68,198,142,137,158,62,52,119,185,39,107,55,14,13,111,132,89,75,129,15,135,53,183,69,159,164,90,28,155,73,99,106,136,115,152,35,161,102,86,133,76,122,116,44,125,145,56,21,108,192,40,169,182,29,154,60,177,27,43,127,96,171,141,98,114,64,79,179,47,88,5,186,199,83,153,166,24,150,10,187,54,120,197,123,17,146,63];False
3142;6917;10059;[34,103,105,190,109,147,6,193,172,12,130,22,195,112,93,118,66,157,20,51,74,188,87,37,174,149,167,61,45,138,178,49,78,128,42,57,191,121,162,126,143,160,91,1,33,124,94,196,36,44,140,50,82,23,189,81,0,85,19,26,176,46,9,41,3,95,38,139,144,48,92,168,31,194,180,4,84,67,32,72,163,25,70,65,16,117,77,113,156,71,165,2,184,8,173,18,131,110,101,59,80,100,30,134,148,11,97,58,175,151,7,170,181,68,198,142,137,158,62,52,119,185,39,107,55,14,13,111,132,89,75,129,15,135,53,183,69,159,164,90,28,155,73,99,106,136,115,152,35,161,102,86,133,76,122,116,104,125,145,56,21,108,192,40,169,182,29,154,60,177,27,43,127,96,171,141,98,114,64,79,179,47,88,5,186,199,83,153,166,24,150,10,187,54,120,197,123,17,146,63];False
3187;6914;10101;[34,103,105,190,109,147,6,193,172,12,130,22,195,112,93,118,66,157,20,51,74,188,87,37,174,149,167,61,45,138,178,49,78,128,42,57,191,121,162,126,143,160,91,1,33,124,94,196,36,44,140,21,82,23,189,81,0,85,19,26,176,46,9,41,3,95,38,139,144,48,50,168,31,194,180,4,84,67,32,72,163,25,70,65,16,117,77,113,156,71,165,2,184,8,173,18,131,110,101,59,80,100,30,134,148,11,97,58,175,151,7,170,181,68,198,142,137,158,62,52,119,185,39,107,55,14,13,111,132,89,75,129,15,135,53,183,69,159,164,90,28,155,73,99,106,136,115,152,35,161,102,86,133,76,122,116,104,125,145,56,92,108,192,40,169,182,29,154,60,177,27,43,127,96,171,141,98,114,64,79,179,47,88,5,186,199,83,153,166,24,150,10,187,54,120,197,123,17,146,63];False
3027;6933;9960;[34,103,105,190,109,147,6,193,172,12,130,22,195,112,93,118,66,157,20,51,74,188,87,37,174,149,167,61,45,138,178,49,78,128,42,57,191,121,162,126,143,160,91,1,33,124,94,196,36,44,140,92,82,23,189,81,0,85,19,26,176,46,9,41,3,95,38,139,144,48,50,168,31,194,180,4,84,67,32,72,163,25,70,65,16,117,77,113,156,71,165,2,184,8,173,18,131,110,101,59,80,100,30,134,148,11,97,58,151,175,7,170,181,68,198,142,137,158,62,52,119,185,39,107,55,14,13,111,132,89,75,129,15,135,53,183,69,159,164,90,28,155,73,99,106,136,115,152,35,161,102,86,133,76,122,116,104,125,145,56,21,108,192,40,169,182,29,154,60,177,27,43,127,96,171,141,98,114,64,79,179,47,88,5,186,199,83,153,166,24,150,10,187,54,120,197,123,17,146,63];False
3001;6935;9936;[34,103,105,190,109,147,6,193,172,12,130,22,195,112,93,118,66,157,20,51,74,188,87,37,174,149,167,61,45,138,178,49,78,128,42,57,191,121,162,126,143,160,91,1,33,124,94,196,36,44,140,92,82,23,189,81,0,85,19,26,176,46,9,41,3,95,38,139,144,48,50,168,31,194,180,4,84,67,32,72,163,25,70,65,16,117,77,113,156,71,165,2,184,8,173,18,131,110,101,59,80,100,30,134,148,11,97,58,175,151,7,170,181,68,198,142,137,158,62,52,119,43,39,107,55,14,13,111,132,89,75,129,15,135,53,183,69,159,164,90,28,155,73,99,106,136,115,152,35,161,102,86,133,76,122,116,104,125,145,56,21,108,192,40,169,182,29,154,60,177,27,185,127,96,171,141,98,114,64,79,179,47,88,5,186,199,83,153,166,24,150,10,187,54,120,197,123,17,146,63];False
3068;6925;9993;[34,103,105,190,109,147,6,193,172,12,130,22,195,112,93,118,66,157,20,51,74,188,87,37,174,149,167,61,45,138,178,49,78,128,42,57,191,121,162,126,143,160,91,1,33,124,94,196,36,44,140,92,82,23,189,81,0,85,19,26,176,46,9,41,3,95,38,139,144,48,50,168,31,194,180,4,84,67,32,72,163,25,70,65,16,117,77,113,156,71,165,2,184,8,173,18,131,110,101,59,80,100,30,134,148,11,97,58,175,151,7,170,181,68,198,142,137,158,62,52,119,185,39,107,55,14,13,111,132,89,75,129,15,135,53,183,69,159,164,90,28,155,73,99,106,136,115,152,35,161,102,86,133,76,122,197,104,125,145,56,21,108,192,40,169,182,29,154,60,177,27,43,127,96,171,141,98,114,64,79,179,47,88,5,186,199,83,153,166,24,150,10,187,54,120,116,123,17,146,63];False
3185;6912;10097;[34,103,105,190,109,147,6,193,172,12,130,22,195,112,93,118,66,157,20,51,74,188,87,37,174,149,167,61,45,138,178,49,78,128,42,57,191,121,162,126,143,160,91,1,33,124,94,196,36,44,140,92,82,23,189,81,0,85,19,26,176,46,9,41,3,95,38,139,144,48,50,168,31,194,180,4,84,67,32,72,163,25,70,65,16,117,77,113,156,71,165,2,184,8,173,18,131,110,101,59,80,100,30,134,148,11,97,58,175,151,7,170,181,68,198,142,137,158,62,52,119,185,39,107,55,14,13,111,132,89,75,129,15,135,53,183,69,159,164,90,28,155,73,99,106,136,115,152,35,161,102,86,133,76,122,116,104,125,145,56,17,108,192,40,169,182,29,154,60,177,27,43,127,96,171,141,98,114,64,79,179,47,88,5,186,199,83,153,166,24,150,10,187,54,120,197,123,21,146,63];False
2982;6939;9921;[34,103,105,190,109,147,6,193,172,12,130,22,195,112,93,118,66,157,20,51,74,188,87,37,174,149,167,61,45,138,41,49,78,128,42,57,3,121,162,126,143,160,91,1,33,124,94,196,36,44,140,92,82,23,189,81,0,85,19,26,176,46,9,178,191,95,38,139,144,48,50,168,31,194,180,4,84,67,32,72,163,25,70,65,16,117,77,113,156,71,165,2,184,8,173,18,131,110,101,59,80,100,30,134,148,11,97,58,175,151,7,170,181,68,198,142,137,158,62,52,119,43,39,107,55,14,13,111,132,89,75,129,15,135,53,183,69,159,164,90,28,155,73,99,106,136,115,152,35,161,102,86,133,76,122,116,104,125,145,56,21,108,192,40,169,182,29,154,60,177,27,185,127,96,171,141,98,114,64,79,179,47,88,5,186,199,83,153,166,24,150,10,187,54,120,197,123,17,146,63];False
2988;6938;9926;[34,103,105,190,109,147,6,193,172,12,130,22,195,112,93,118,66,157,20,51,74,188,87,37,174,149,167,61,45,138,41,49,78,128,42,57,191,121,162,126,143,160,91,1,33,124,94,196,36,44,140,92,82,23,189,81,0,85,19,26,176,46,9,178,3,95,38,139,144,48,50,146,31,194,180,4,84,67,32,72,163,25,70,65,16,117,77,113,156,71,165,2,184,8,173,18,131,110,101,59,80,100,30,134,148,11,97,58,175,151,7,170,181,68,198,142,137,158,62,52,119,43,39,107,55,14,13,111,132,89,75,129,15,135,53,183,69,159,164,90,28,155,73,99,106,136,115,152,35,161,102,86,133,76,122,116,104,125,145,56,21,108,192,40,169,182,29,154,60,177,27,185,127,96,171,141,98,114,64,79,179,47,88,5,186,199,83,153,166,24,150,10,187,54,120,197,123,17,168,63];False
3012;6934;9946;[34,103,105,190,109,147,6,193,172,12,130,22,195,112,93,118,66,157,20,51,74,188,87,37,174,149,167,61,45,138,41,49,78,128,42,57,191,121,162,126,143,160,91,1,33,124,94,196,36,44,140,92,82,23,189,81,0,85,19,26,176,46,9,178,3,95,38,139,144,48,50,168,31,194,180,4,84,67,32,72,163,25,70,65,16,117,77,113,156,71,165,2,184,8,173,18,131,110,101,59,80,100,30,134,148,11,97,58,175,151,7,170,181,68,198,142,137,158,62,52,119,43,39,107,55,14,13,111,132,89,75,129,15,135,53,183,69,159,164,90,28,155,73,99,106,136,115,152,35,161,102,86,133,76,122,197,104,125,145,56,21,108,192,40,169,182,29,154,60,177,27,185,127,96,171,141,98,114,64,79,179,47,88,5,186,199,83,153,166,24,150,10,187,54,120,116,123,17,146,63];False
1441;8598;10039;[3,49,102,122,114,60,2,129,72,105,99,73,140,178,192,10,123,17,8,94,173,18,25,120,24,197,15,9,150,143,67,75,147,65,124,142,130,22,38,21,135,14,115,151,7,153,187,127,39,107,85,76,50,53,93,131,30,134,137,86,181,82,23,12,54,158,121,168,117,98,78,110,81,52,106,118,183,83,26,79,185,148,167,61,59,36,46,5,41,133,96,157,138,45,188,87,66,126,198,159,174,1,51,29,154,156,160,71,69,190,43,128,101,164,111,88,40,37,145,139,33,13,172,195,182,109,141,35,6,56,189,194,31,171,97,57,186,113,196,89,162,146,28,74,4,92,100,0,199,62,44,34,108,20,55,155,184,161,80,58,177,169,191,11,104,180,163,170,95,91,90,125,149,32,68,63,27,116,175,165,193,16,136,144,70,19,64,103,152,84,77,112,179,176,42,47,132,166,119,48];False
1448;8591;10039;[60,49,122,102,114,3,2,129,72,105,99,73,140,178,192,10,123,17,8,94,173,18,25,120,24,197,15,9,150,143,67,75,147,65,124,142,130,22,38,21,135,14,115,151,7,153,187,127,39,107,85,76,50,53,93,131,30,134,137,86,181,82,23,12,54,158,121,168,117,98,78,110,81,52,106,118,183,83,26,79,185,148,167,61,59,36,46,5,41,133,96,157,138,45,188,87,66,126,198,159,174,1,51,29,154,156,160,71,69,190,43,128,101,164,111,88,40,37,145,139,33,13,172,195,182,109,141,35,6,56,189,194,31,171,97,57,186,113,196,89,162,146,28,74,4,92,100,0,199,62,44,34,108,20,55,155,184,161,80,58,177,169,191,11,104,180,163,170,95,91,90,125,149,32,68,63,27,116,175,165,193,16,136,144,70,19,64,103,152,84,77,112,179,176,42,47,132,166,119,48];False
1432;8653;10085;[60,49,34,122,114,3,2,129,72,105,99,73,140,178,192,10,123,17,8,94,173,18,25,120,24,197,15,9,150,143,67,75,147,65,124,142,130,22,38,21,135,14,115,151,7,153,187,127,39,107,85,76,50,53,93,131,30,134,137,86,181,82,23,12,54,158,121,168,117,98,78,110,81,52,106,118,183,83,26,79,185,148,167,61,59,36,46,5,41,133,96,157,138,45,188,87,66,126,198,159,174,1,51,29,154,156,160,71,69,190,43,128,101,164,111,88,40,37,145,139,33,13,172,195,182,109,141,35,6,56,189,194,31,171,97,57,186,113,196,89,162,146,28,74,4,92,100,0,199,62,44,102,108,20,55,155,184,161,80,58,177,169,191,11,104,180,163,170,95,91,90,125,149,32,68,63,27,116,175,165,193,16,136,144,70,19,64,103,152,84,77,112,179,176,42,47,132,166,119,48];False
1468;8573;10041;[60,49,102,122,114,3,2,32,72,105,99,73,140,178,192,10,123,17,8,94,173,18,25,120,24,197,15,9,150,143,67,75,147,65,124,142,130,22,38,21,135,14,115,151,7,153,187,127,39,107,85,76,50,53,93,131,30,134,137,86,181,82,23,12,54,158,121,168,117,98,78,110,81,52,106,118,183,83,26,79,185,148,167,61,59,36,46,5,41,133,96,157,138,45,188,87,66,126,198,159,174,1,51,29,154,156,160,71,69,190,43,128,101,164,111,88,40,37,145,139,33,13,172,195,182,109,141,35,6,56,189,194,31,171,97,57,186,113,196,89,162,146,28,74,4,92,100,0,199,62,44,34,108,20,55,155,184,161,80,58,177,169,191,11,104,180,163,170,95,91,90,125,149,129,68,63,27,116,175,165,193,16,136,144,70,19,64,103,152,84,77,112,179,176,42,47,132,166,119,48];False
1417;8628;10045;[60,49,102,122,114,3,2,129,72,14,99,73,140,178,192,10,123,17,8,94,173,18,25,120,24,197,15,9,150,143,67,75,147,65,124,142,130,22,38,21,135,105,115,151,7,153,187,127,39,107,85,76,50,53,93,131,30,134,137,86,181,82,23,12,54,158,121,168,117,98,78,110,81,52,106,118,183,83,26,79,185,148,167,61,59,36,46,5,41,133,96,157,138,45,188,87,66,126,198,159,174,1,51,29,154,156,160,71,69,190,43,128,101,164,111,88,40,37,145,139,33,13,172,195,182,109,141,35,6,56,189,194,31,171,97,57,186,113,196,89,162,146,28,74,4,92,100,0,199,62,44,34,108,20,55,155,184,161,80,58,177,169,191,11,104,180,163,170,95,91,90,125,149,32,68,63,27,116,175,165,193,16,136,144,70,19,64,103,152,84,77,112,179,176,42,47,132,166,119,48];False
1432;8616;10048;[60,49,102,122,114,3,2,129,72,105,99,73,140,178,192,10,123,17,8,94,173,18,25,120,24,197,15,9,150,143,67,75,147,65,124,168,130,22,38,21,135,14,115,151,7,153,187,127,39,107,85,76,50,53,93,131,30,134,137,86,181,82,23,12,54,158,121,142,117,98,78,110,81,52,106,118,183,83,26,79,185,148,167,61,59,36,46,5,41,133,96,157,138,45,188,87,66,126,198,159,174,1,51,29,154,156,160,71,69,190,43,128,101,164,111,88,40,37,145,139,33,13,172,195,182,109,141,35,6,56,189,194,31,171,97,57,186,113,196,89,162,146,28,74,4,92,100,0,199,62,44,34,108,20,55,155,184,161,80,58,177,169,191,11,104,180,163,170,95,91,90,125,149,32,68,63,27,116,175,165,193,16,136,144,70,19,64,103,152,84,77,112,179,176,42,47,132,166,119,48];False
1453;8572;10025;[60,49,102,122,114,3,2,129,72,105,99,73,140,178,192,10,123,17,8,94,173,18,25,120,24,197,15,9,150,143,67,75,147,65,124,142,130,22,38,21,135,14,115,151,7,153,187,127,39,107,101,76,50,53,93,131,30,134,137,86,181,82,23,12,54,158,121,168,117,98,78,110,81,52,106,118,183,83,26,79,185,148,167,61,59,36,46,5,41,133,96,157,138,45,188,87,66,126,198,159,174,1,51,29,154,156,160,71,69,190,43,128,85,164,111,88,40,37,145,139,33,13,172,195,182,109,141,35,6,56,189,194,31,171,97,57,186,113,196,89,162,146,28,74,4,92,100,0,199,62,44,34,108,20,55,155,184,161,80,58,177,169,191,11,104,180,163,170,95,91,90,125,149,32,68,63,27,116,175,165,193,16,136,144,70,19,64,103,152,84,77,112,179,176,42,47,132,166,119,48];False
1442;8569;10011;[60,49,102,122,114,3,2,129,72,105,99,73,140,178,192,10,123,17,8,94,173,18,25,120,24,197,15,9,150,143,67,75,147,65,124,142,130,22,38,21,135,14,115,151,7,153,187,127,39,107,85,76,50,53,106,131,30,134,137,86,181,82,23,12,54,158,121,168,117,98,78,110,81,52,93,118,183,83,26,79,185,148,167,61,59,36,46,5,41,133,96,157,138,45,188,87,66,126,198,159,174,1,51,29,154,156,160,71,69,190,43,128,101,164,111,88,40,37,145,139,33,13,172,195,182,109,141,35,6,56,189,194,31,171,97,57,186,113,196,89,162,146,28,74,4,92,100,0,199,62,44,34,108,20,55,155,184,161,80,58,177,169,191,11,104,180,163,170,95,91,90,125,149,32,68,63,27,116,175,165,193,16,136,144,70,19,64,103,152,84,77,112,179,176,42,47,132,166,119,48];False
1429;8617;10046;[60,49,102,122,114,3,2,129,72,105,99,73,140,178,192,10,123,17,8,94,173,18,25,120,24,197,15,9,150,143,67,75,147,65,124,142,130,22,38,21,135,14,115,151,7,153,187,127,39,107,85,76,50,53,93,131,30,134,91,86,181,82,23,12,54,158,121,168,117,98,78,110,81,52,106,118,183,83,26,79,185,148,167,61,59,36,46,5,41,133,96,157,138,45,188,87,66,126,198,159,174,1,51,29,154,156,160,71,69,190,43,128,101,164,111,88,40,37,145,139,33,13,172,195,182,109,141,35,6,56,189,194,31,171,97,57,186,113,196,89,162,146,28,74,4,92,100,0,199,62,44,34,108,20,55,155,184,161,80,58,177,169,191,11,104,180,163,170,95,137,90,125,149,32,68,63,27,116,175,165,193,16,136,144,70,19,64,103,152,84,77,112,179,176,42,47,132,166,119,48];False
1456;8560;10016;[60,49,102,122,114,3,2,129,72,105,99,73,140,178,192,10,123,17,8,94,173,18,25,120,24,197,15,9,150,143,67,75,147,65,124,142,130,22,38,21,135,14,115,151,7,153,187,127,39,107,85,76,50,53,93,131,30,134,137,86,181,82,23,12,54,158,121,168,117,98,78,110,81,52,106,118,183,83,64,79,185,148,167,61,59,36,46,5,41,133,96,157,138,45,188,87,66,126,198,159,174,1,51,29,154,156,160,71,69,190,43,128,101,164,111,88,40,37,145,139,33,13,172,195,182,109,141,35,6,56,189,194,31,171,97,57,186,113,196,89,162,146,28,74,4,92,100,0,199,62,44,34,108,20,55,155,184,161,80,58,177,169,191,11,104,180,163,170,95,91,90,125,149,32,68,63,27,116,175,165,193,16,136,144,70,19,26,103,152,84,77,112,179,176,42,47,132,166,119,48];False
1438;8601;10039;[60,49,102,122,114,3,2,129,72,105,99,73,140,178,192,10,123,17,8,94,173,18,25,120,24,197,15,9,150,143,67,75,147,65,124,142,130,22,38,21,135,14,115,151,7,153,187,127,39,107,85,76,50,53,93,131,30,134,137,86,181,82,23,12,54,158,121,168,117,98,78,110,81,52,106,118,183,83,26,79,185,148,167,61,59,36,46,5,41,133,96,157,138,45,188,87,66,126,198,159,174,1,51,29,154,156,160,71,69,190,43,128,101,164,111,88,40,37,145,139,33,13,172,195,182,109,141,35,6,56,189,194,31,171,97,57,186,196,113,89,162,146,28,74,4,92,100,0,199,62,44,34,108,20,55,155,184,161,80,58,177,169,191,11,104,180,163,170,95,91,90,125,149,32,68,63,27,116,175,165,193,16,136,144,70,19,64,103,152,84,77,112,179,176,42,47,132,166,119,48];False
1429;8607;10036;[60,49,102,122,114,3,2,129,72,105,99,73,140,178,192,10,123,17,8,94,173,18,25,120,24,197,15,9,150,143,67,75,147,65,124,142,130,22,38,21,135,14,115,151,7,153,187,127,39,107,85,76,50,53,93,131,30,134,137,86,181,82,23,12,54,158,121,168,117,98,78,110,81,52,106,118,183,83,26,79,185,148,167,61,59,36,46,5,41,133,96,157,138,45,188,87,66,126,198,159,174,1,51,29,154,156,160,71,69,190,43,128,101,164,111,88,40,37,145,139,33,13,172,195,182,109,141,35,6,56,189,194,31,171,97,57,186,113,196,89,162,146,28,74,4,92,100,0,199,62,44,34,108,20,55,155,184,161,80,58,177,169,191,11,104,180,163,170,95,152,90,125,149,32,68,63,27,116,175,165,193,16,136,144,70,19,64,103,91,84,77,112,179,176,42,47,132,166,119,48];False
1437;8602;10039;[60,49,102,122,114,3,2,129,72,105,99,73,140,178,192,10,123,17,8,94,173,18,25,120,24,197,15,9,150,143,67,75,147,65,124,142,130,22,38,21,135,14,115,151,7,153,187,127,39,107,85,76,50,53,93,131,30,134,137,86,181,82,23,12,54,158,121,168,117,98,78,110,81,52,106,118,183,83,26,79,185,148,167,61,59,36,46,5,41,133,96,157,138,45,188,87,66,126,198,159,174,1,51,29,154,156,160,71,69,190,43,128,101,164,111,88,40,37,145,139,33,13,172,195,182,109,141,35,6,56,189,194,31,171,97,57,186,113,196,89,162,146,28,74,4,92,100,0,199,62,44,34,108,20,55,155,184,161,80,58,177,169,191,11,104,180,163,170,95,91,90,125,149,32,68,63,27,116,179,165,193,16,136,144,70,19,64,103,152,84,77,112,175,176,42,47,132,166,119,48];False
1492;8508;10000;[115,49,102,122,114,3,2,129,72,105,99,73,140,178,192,10,123,17,8,94,173,18,25,120,24,197,15,9,150,143,67,75,147,65,124,142,130,22,38,21,135,14,60,151,7,153,187,127,39,107,85,76,50,53,106,131,30,134,137,86,181,82,23,12,54,158,121,168,117,98,78,110,81,52,93,118,183,83,64,79,185,148,167,61,59,36,46,5,41,133,96,157,138,45,188,87,66,126,198,159,174,1,51,29,154,156,160,71,69,190,43,128,101,164,111,88,40,37,145,139,33,13,172,195,182,109,141,35,6,56,189,194,31,171,97,57,186,113,196,89,162,146,28,74,4,92,100,0,199,62,44,34,108,20,55,155,184,161,80,58,177,169,191,11,104,180,163,170,95,91,90,125,149,32,68,63,27,116,175,165,193,16,136,144,70,19,26,103,152,84,77,112,179,176,42,47,132,166,119,48];False
1480;8522;10002;[115,49,102,122,114,3,2,129,72,105,99,73,140,178,192,10,123,17,8,94,173,18,25,120,24,197,15,9,150,143,67,75,147,65,124,142,130,22,38,21,135,14,60,151,7,153,187,127,39,107,85,76,50,53,106,131,30,134,137,86,181,82,23,12,54,158,121,168,117,98,78,110,81,52,93,118,183,83,26,79,185,148,167,61,59,36,46,5,41,133,96,157,138,45,188,87,66,126,198,159,174,1,51,29,154,160,156,71,69,190,43,128,101,164,111,88,40,37,145,139,33,13,172,195,182,109,141,35,6,56,189,194,31,171,97,57,186,113,196,89,162,146,28,74,4,92,100,0,199,62,44,34,108,20,55,155,184,161,80,58,177,169,191,11,104,180,163,170,95,91,90,125,149,32,68,63,27,116,175,165,193,16,136,144,70,19,64,103,152,84,77,112,179,176,42,47,132,166,119,48];False
1474;8549;10023;[115,49,102,122,114,3,2,129,72,105,99,73,140,178,192,10,123,17,8,94,173,18,25,120,24,197,15,9,150,143,67,75,147,65,124,142,130,22,38,21,135,14,60,151,7,153,187,127,39,107,85,76,50,53,106,131,30,134,137,86,181,82,23,12,54,158,121,168,117,98,78,110,81,52,93,118,183,83,26,79,185,148,167,61,59,36,46,5,41,133,96,157,138,45,188,87,66,126,198,159,174,1,51,29,154,156,160,71,69,190,43,128,101,164,111,88,40,37,145,139,33,13,172,195,182,109,141,35,6,56,189,194,31,171,97,57,186,196,113,89,162,146,28,74,4,92,100,0,199,62,44,34,108,20,55,155,184,161,80,58,177,169,191,11,104,180,163,170,95,91,90,125,149,32,68,63,27,116,175,165,193,16,136,144,70,19,64,103,152,84,77,112,179,176,42,47,132,166,119,48];False
1465;8555;10020;[115,49,102,122,114,3,2,129,72,105,99,73,140,178,192,10,123,17,8,94,173,18,25,120,24,197,15,9,150,143,67,75,147,65,124,142,130,22,38,21,135,14,60,151,7,153,187,127,39,107,85,76,50,53,106,131,30,134,137,86,181,82,23,12,54,158,121,168,117,98,78,110,81,52,93,118,183,83,26,79,185,148,167,61,59,36,46,5,41,133,96,157,138,45,188,87,66,126,198,159,174,1,51,29,154,156,160,71,69,190,43,128,101,164,111,88,40,37,145,139,33,13,172,195,182,109,141,35,6,56,189,194,31,171,97,57,186,113,196,89,162,146,28,74,4,92,100,0,199,62,44,34,108,20,55,155,184,161,80,58,177,169,191,11,104,180,163,170,95,152,90,125,149,32,68,63,27,116,175,165,193,16,136,144,70,19,64,103,91,84,77,112,179,176,42,47,132,166,119,48];False
1473;8550;10023;[115,49,102,122,114,3,2,129,72,105,99,73,140,178,192,10,123,17,8,94,173,18,25,120,24,197,15,9,150,143,67,75,147,65,124,142,130,22,38,21,135,14,60,151,7,153,187,127,39,107,85,76,50,53,106,131,30,134,137,86,181,82,23,12,54,158,121,168,117,98,78,110,81,52,93,118,183,83,26,79,185,148,167,61,59,36,46,5,41,133,96,157,138,45,188,87,66,126,198,159,174,1,51,29,154,156,160,71,69,190,43,128,101,164,111,88,40,37,145,139,33,13,172,195,182,109,141,35,6,56,189,194,31,171,97,57,186,113,196,89,162,146,28,74,4,92,100,0,199,62,44,34,108,20,55,155,184,161,80,58,177,169,191,11,104,180,163,170,95,91,90,125,149,32,68,63,27,116,179,165,193,16,136,144,70,19,64,103,152,84,77,112,175,176,42,47,132,166,119,48];False
1448;8553;10001;[92,49,102,122,114,3,2,129,72,105,99,73,140,178,192,10,123,17,8,94,173,18,25,120,24,197,15,9,150,143,67,90,147,65,124,142,130,22,38,21,135,14,60,151,7,153,187,127,39,107,85,76,50,53,106,131,30,134,137,86,181,82,23,12,54,158,121,168,117,98,78,110,81,52,93,118,183,83,26,79,185,148,167,61,59,36,46,5,41,133,96,157,138,45,188,87,66,126,198,159,174,1,51,29,154,156,160,71,69,190,43,128,101,164,111,88,40,37,145,139,33,13,172,195,182,109,141,35,6,56,189,194,31,171,97,57,186,113,196,89,162,146,28,74,4,91,100,0,199,62,44,34,108,20,55,155,184,161,80,58,177,169,191,11,104,180,163,170,95,115,75,125,149,32,68,63,27,116,175,165,193,16,136,144,70,19,64,103,152,84,77,112,179,176,42,47,132,166,119,48];False
1471;8533;10004;[92,49,102,122,114,3,2,129,72,105,99,73,140,178,192,10,123,17,8,94,173,18,25,120,24,197,15,9,150,143,67,75,147,65,115,142,130,22,38,21,135,14,60,151,7,153,187,127,39,107,85,76,50,53,106,131,30,134,137,86,181,82,23,12,54,158,121,168,117,98,78,110,81,52,93,118,183,83,26,79,185,148,167,61,59,36,46,5,41,133,96,157,138,45,188,87,66,126,198,159,174,1,51,29,154,156,160,71,69,190,43,128,101,164,111,88,40,37,145,139,33,13,172,195,182,109,141,35,6,56,189,194,31,171,97,57,186,113,196,89,162,146,28,74,4,91,100,0,199,62,44,34,108,20,55,155,184,161,80,58,177,169,191,11,104,180,163,170,95,124,90,125,149,32,68,63,27,116,175,165,193,16,136,144,70,19,64,103,152,84,77,112,179,176,42,47,132,166,119,48];False
1493;8492;9985;[92,49,102,122,114,3,2,129,72,105,99,73,140,178,192,10,123,17,8,94,173,18,25,120,24,197,15,9,150,143,67,75,147,65,124,142,130,22,38,21,135,14,60,151,7,153,187,127,39,107,85,76,50,53,106,131,30,134,137,86,181,82,23,12,54,158,121,168,117,98,78,110,81,52,93,118,183,83,26,79,185,148,167,61,59,36,46,5,41,133,96,157,138,45,188,87,66,126,198,159,174,1,51,29,154,160,156,71,69,190,43,128,101,164,111,88,40,37,145,139,33,13,172,195,182,109,141,35,6,56,189,194,31,171,97,57,186,113,196,89,162,146,28,74,4,115,100,0,199,62,44,34,108,20,55,155,184,161,80,58,177,169,191,11,104,180,163,170,95,152,90,125,149,32,68,63,27,116,175,165,193,16,136,144,70,19,64,103,91,84,77,112,179,176,42,47,132,166,119,48];False
1481;8511;9992;[92,49,102,122,114,3,2,129,72,105,99,73,140,178,192,10,123,17,8,94,173,18,25,120,24,197,15,9,150,143,67,75,147,65,124,142,130,22,38,21,135,14,60,151,7,153,187,127,39,107,85,76,50,53,106,131,30,134,137,86,181,82,23,12,54,158,121,168,117,98,78,110,81,52,93,118,183,83,26,79,185,148,167,61,59,36,46,5,41,133,96,157,138,45,188,87,66,126,198,159,174,1,51,29,154,156,160,71,69,190,43,128,101,164,111,88,40,37,145,139,33,13,172,195,182,109,141,35,6,56,189,194,31,171,116,57,186,113,196,89,162,146,28,74,4,115,100,0,199,62,44,34,108,20,55,155,184,161,80,58,177,169,191,11,104,180,163,170,95,91,90,125,149,32,68,63,27,97,179,165,193,16,136,144,70,19,64,103,152,84,77,112,175,176,42,47,132,166,119,48];False
3384;6890;10274;[16,194,180,41,187,117,2,169,172,132,130,22,195,112,8,184,191,93,66,157,20,188,87,37,174,149,167,61,45,138,104,125,78,128,42,57,3,121,162,126,143,160,142,1,33,124,94,196,166,103,140,17,82,23,189,81,0,85,19,26,176,46,9,91,170,95,38,139,144,63,51,56,21,92,147,4,84,67,32,72,163,25,70,74,198,173,113,190,156,71,165,193,168,31,6,18,131,110,101,59,80,100,30,134,148,11,97,58,175,151,7,77,181,68,123,29,137,158,62,52,12,49,39,107,55,14,13,111,119,145,75,129,15,135,53,183,69,159,164,90,28,155,73,99,106,136,115,152,35,161,102,86,133,76,122,116,65,118,109,50,34,108,192,40,36,182,89,154,60,177,27,43,127,96,171,141,98,114,64,79,179,47,88,5,186,199,83,153,197,24,150,10,185,54,120,178,105,44,48,146];False
3381;6890;10271;[16,194,180,41,187,117,2,169,172,132,130,22,195,112,8,184,191,93,66,157,20,188,87,37,174,149,167,61,45,138,104,125,78,128,42,57,3,121,162,126,143,160,91,1,33,124,94,196,166,103,140,17,82,23,189,81,0,85,19,26,176,46,9,142,170,95,38,139,144,146,51,56,21,92,147,4,84,67,32,72,163,25,70,74,198,173,113,190,156,71,165,193,168,31,6,18,131,110,101,59,80,100,30,134,148,11,97,58,175,151,7,77,181,68,123,29,137,158,62,52,12,49,39,107,55,14,13,111,119,145,75,129,15,135,53,183,69,159,164,90,28,155,73,99,106,136,115,152,35,161,102,86,133,76,122,116,65,118,109,50,34,108,192,40,36,182,89,154,60,177,27,43,127,96,171,141,98,114,64,79,179,47,88,5,186,199,83,153,197,24,150,10,185,54,120,178,105,44,48,63];False
3327;6894;10221;[16,194,180,41,187,117,2,169,172,132,130,22,195,112,8,184,191,93,66,157,20,188,87,37,174,149,167,61,45,138,104,125,78,128,42,57,3,121,162,126,143,160,91,1,33,124,94,196,166,103,140,17,82,23,189,81,0,85,19,26,176,46,9,142,170,95,38,139,144,63,51,56,21,92,147,4,84,67,32,72,163,25,70,74,198,173,113,190,156,71,165,193,168,31,6,18,131,110,101,59,80,100,30,134,148,11,97,58,175,151,7,77,181,68,123,29,137,158,62,122,12,49,39,107,55,14,13,111,119,145,75,129,15,135,53,183,69,159,164,90,28,155,73,99,106,136,115,152,35,161,102,86,133,76,52,116,65,118,109,50,34,108,192,40,36,182,89,154,60,177,27,43,127,96,171,141,98,114,64,79,179,47,88,5,186,199,83,153,197,24,150,10,185,54,120,178,105,44,48,146];False
3340;6889;10229;[16,194,180,41,187,117,2,169,172,132,130,22,195,112,8,184,191,93,66,157,20,188,87,37,174,149,167,61,45,138,104,125,78,128,42,57,3,121,162,126,143,160,91,1,33,124,94,196,166,103,140,17,82,23,189,81,0,85,19,26,176,46,9,142,170,95,38,139,144,63,51,56,21,92,147,4,84,67,32,72,163,25,70,74,198,173,113,190,156,71,165,193,168,31,6,18,131,110,101,59,80,100,30,134,148,11,97,58,175,151,7,77,181,68,123,29,137,158,62,52,12,49,39,107,105,14,13,111,119,145,75,129,15,135,53,183,69,159,164,90,28,155,73,99,106,136,115,152,35,161,102,86,133,76,122,116,65,118,109,50,34,108,192,40,36,182,89,154,60,177,27,43,127,96,171,141,98,114,64,79,179,47,88,5,186,199,83,153,197,24,150,10,185,54,120,178,55,44,48,146];False
3261;6907;10168;[16,194,180,41,187,117,2,169,172,145,130,22,195,112,8,184,191,93,66,157,20,188,87,37,174,149,167,61,45,138,104,125,78,128,42,57,3,121,162,126,143,160,91,1,33,124,94,196,166,103,140,17,82,23,189,81,0,85,19,26,176,46,9,142,170,95,38,139,144,63,51,56,21,92,147,4,84,67,32,72,163,25,70,74,198,173,113,190,156,71,165,193,168,31,6,18,131,110,101,59,80,100,30,134,148,11,97,58,175,151,7,77,181,68,123,89,137,158,62,52,12,49,39,107,105,14,13,111,119,132,75,129,15,135,53,183,69,159,164,90,28,155,73,99,106,136,115,152,35,161,102,86,133,76,122,116,65,118,109,50,34,108,192,40,36,182,29,154,60,177,27,43,127,96,171,141,98,114,64,79,179,47,88,5,186,199,83,153,197,24,150,10,185,54,120,178,55,44,48,146];False
3238;6906;10144;[16,194,180,41,187,117,2,169,172,132,130,22,195,112,8,184,191,93,66,157,20,188,87,37,174,149,167,61,45,138,104,125,78,128,42,57,3,121,162,126,143,160,142,1,33,124,94,196,166,103,140,17,82,23,189,81,0,85,19,26,176,46,9,91,170,95,38,139,144,63,51,56,21,92,147,4,84,67,32,72,163,25,70,74,198,173,113,190,156,71,165,193,168,31,6,18,131,110,101,59,80,100,30,134,148,11,97,58,175,151,7,77,181,68,123,89,137,158,62,52,12,49,39,107,105,14,13,111,119,145,75,129,15,135,53,183,69,159,164,90,28,155,73,99,106,136,115,152,35,161,102,86,133,76,122,116,65,118,109,50,34,108,192,40,36,182,29,154,60,177,27,43,127,96,171,141,98,114,64,79,179,47,88,5,186,199,83,153,197,24,150,10,185,54,120,178,55,44,48,146];False
3328;6890;10218;[16,194,180,41,187,117,2,169,172,132,130,22,195,112,8,184,191,93,66,157,20,188,87,37,174,149,167,61,45,138,104,125,78,128,42,57,3,121,162,126,143,160,91,1,33,124,94,196,166,103,140,17,82,23,189,81,0,85,19,26,176,46,9,142,170,95,40,139,144,63,51,56,21,92,147,4,84,67,32,72,163,25,70,74,198,173,113,190,156,71,165,193,168,31,6,18,131,110,101,59,80,100,30,134,148,11,97,58,175,151,7,77,181,68,123,89,137,158,62,52,12,49,39,107,105,14,13,111,119,145,75,129,15,135,53,183,69,159,164,90,28,155,73,99,106,136,115,152,35,161,102,86,133,76,122,116,65,118,109,50,34,108,192,38,36,182,29,154,60,177,27,43,127,96,171,141,98,114,64,79,179,47,88,5,186,199,83,153,197,24,150,10,185,54,120,178,55,44,48,146];False
3235;6906;10141;[16,194,180,41,187,117,2,169,172,132,130,22,195,112,8,184,191,93,66,157,20,188,87,37,174,149,167,61,45,138,104,125,78,128,42,57,3,121,162,126,143,160,91,1,33,124,94,196,166,103,140,17,82,23,189,81,0,85,19,26,176,46,9,142,170,95,38,139,144,146,51,56,21,92,147,4,84,67,32,72,163,25,70,74,198,173,113,190,156,71,165,193,168,31,6,18,131,110,101,59,80,100,30,134,148,11,97,58,175,151,7,77,181,68,123,89,137,158,62,52,12,49,39,107,105,14,13,111,119,145,75,129,15,135,53,183,69,159,164,90,28,155,73,99,106,136,115,152,35,161,102,86,133,76,122,116,65,118,109,50,34,108,192,40,36,182,29,154,60,177,27,43,127,96,171,141,98,114,64,79,179,47,88,5,186,199,83,153,197,24,150,10,185,54,120,178,55,44,48,63];False
3177;6916;10093;[16,194,180,41,187,117,2,169,172,132,130,22,195,112,8,184,191,93,66,157,20,188,87,37,174,149,167,61,45,138,104,125,78,128,42,57,3,121,162,126,143,160,91,1,33,124,94,196,166,103,140,17,82,23,189,81,0,85,19,26,176,46,9,142,170,95,38,139,144,63,51,56,21,92,147,4,84,67,32,72,163,25,70,74,198,173,113,118,156,71,165,193,168,31,6,18,131,110,101,59,80,100,30,134,148,11,97,58,175,151,7,77,181,68,123,89,137,158,62,52,12,49,39,107,105,14,13,111,119,145,75,129,15,135,53,183,69,159,164,90,28,155,73,99,106,136,115,152,35,161,102,86,133,76,122,116,65,190,109,50,34,108,192,40,36,182,29,154,60,177,27,43,127,96,171,141,98,114,64,79,179,47,88,5,186,199,83,153,197,24,150,10,185,54,120,178,55,44,48,146];False
3218;6910;10128;[16,194,180,41,187,117,2,169,172,132,130,22,195,112,8,184,191,93,66,157,20,188,87,37,174,149,167,61,45,138,104,125,78,128,42,57,3,121,162,126,143,160,91,1,33,124,94,196,166,103,140,17,82,23,189,81,0,85,19,26,176,46,9,142,170,95,38,139,144,63,51,56,21,92,147,4,84,67,32,72,163,25,70,74,198,173,113,190,156,71,165,193,168,31,6,18,131,110,101,59,80,100,30,134,148,11,97,58,151,175,7,77,181,68,123,89,137,158,62,52,12,49,39,107,105,14,13,111,119,145,75,129,15,135,53,183,69,159,164,90,28,155,73,99,106,136,115,152,35,161,102,86,133,76,122,116,65,118,109,50,34,108,192,40,36,182,29,154,60,177,27,43,127,96,171,141,98,114,64,79,179,47,88,5,186,199,83,153,197,24,150,10,185,54,120,178,55,44,48,146];False
3307;6897;10204;[16,194,180,41,187,117,2,169,172,132,130,22,195,112,8,184,191,93,66,157,20,188,87,37,174,149,167,61,45,138,104,125,78,128,42,57,3,121,162,126,143,160,91,1,33,124,94,196,166,103,140,17,82,23,189,81,0,85,19,26,176,46,9,142,170,95,38,139,144,63,51,56,21,92,147,4,84,67,32,72,163,25,70,74,198,173,113,190,156,71,165,193,168,31,6,18,131,110,101,59,80,100,30,134,148,11,97,58,175,151,7,77,181,68,123,145,137,158,62,52,12,49,39,107,105,14,13,111,119,89,75,129,15,135,53,183,69,159,164,90,28,155,73,99,106,136,115,152,35,161,102,86,133,76,122,116,65,118,109,50,34,108,192,40,36,182,29,154,60,177,27,43,127,96,171,141,98,114,64,79,179,47,88,5,186,199,83,153,197,24,150,10,185,54,120,178,55,44,48,146];False
3181;6910;10091;[16,194,180,41,187,117,2,169,172,132,130,22,195,112,8,184,191,93,66,157,20,188,87,37,174,149,167,61,45,138,104,125,78,128,42,57,3,121,162,126,143,160,91,1,33,124,94,196,166,103,140,17,82,23,189,81,0,85,19,26,176,46,9,142,170,95,38,139,144,63,51,56,21,92,147,4,84,67,32,72,163,25,70,74,198,173,113,190,156,71,165,193,168,31,6,18,131,110,101,59,80,100,30,134,148,11,97,58,175,151,7,77,181,68,123,89,137,158,62,122,12,49,39,107,105,14,13,111,119,145,75,129,15,135,53,183,69,159,164,90,28,155,73,99,106,136,115,152,35,161,102,86,133,76,52,116,65,118,109,50,34,108,192,40,36,182,29,154,60,177,27,43,127,96,171,141,98,114,64,79,179,47,88,5,186,199,83,153,197,24,150,10,185,54,120,178,55,44,48,146];False
3315;6895;10210;[16,194,180,41,187,117,2,169,172,132,130,22,195,112,8,184,191,93,66,157,20,188,87,37,174,149,167,61,45,138,104,125,78,128,42,57,3,121,162,126,143,160,91,1,33,124,94,196,166,103,140,17,82,23,189,81,0,85,19,26,176,46,9,142,170,95,40,139,144,63,51,56,21,92,147,4,84,67,32,72,163,25,70,74,198,173,113,190,156,71,165,193,168,31,6,18,131,110,101,59,80,100,30,134,148,11,97,58,175,151,7,77,181,68,123,89,137,158,62,122,12,49,39,107,55,14,13,111,119,145,75,129,15,135,53,183,69,159,164,90,28,155,73,99,106,136,115,152,35,161,102,86,133,76,52,116,65,118,109,50,34,108,192,38,36,182,29,154,60,177,27,43,127,96,171,141,98,114,64,79,179,47,88,5,186,199,83,153,197,24,150,10,185,54,120,178,105,44,48,146];False
3403;6887;10290;[16,194,180,41,187,117,2,169,172,132,166,22,195,112,8,184,191,93,66,157,20,188,87,37,174,149,167,61,45,138,104,125,78,128,42,57,3,121,162,126,143,160,91,1,33,124,94,196,130,103,140,17,82,23,189,81,0,85,19,26,176,46,9,142,170,95,40,139,144,63,51,50,21,92,147,4,84,67,32,72,163,25,70,74,198,173,113,190,156,71,165,193,168,31,6,18,131,110,101,59,80,100,30,134,148,11,97,58,175,151,7,77,181,68,123,89,137,158,62,122,12,49,39,107,55,14,13,111,119,145,75,129,15,135,53,183,69,159,164,90,28,155,73,99,106,136,115,152,35,161,102,86,133,76,52,116,65,118,109,56,34,108,192,38,36,182,29,154,60,177,27,43,127,96,171,141,98,114,64,79,179,47,88,5,186,199,83,153,197,24,150,10,185,54,120,178,105,44,48,146];False
3421;6884;10305;[16,194,180,41,187,117,2,169,172,132,166,22,195,112,8,184,191,93,66,157,20,188,87,37,174,149,167,61,45,138,104,125,78,128,42,57,3,121,162,126,143,160,91,1,33,124,94,196,130,103,140,17,82,23,189,81,0,85,19,26,176,46,9,142,170,95,40,139,144,63,51,56,21,92,147,4,84,67,32,72,163,25,70,74,198,173,113,190,156,71,165,193,168,31,6,18,131,110,101,59,80,100,30,134,148,11,97,58,151,175,7,77,181,68,123,89,137,158,62,122,12,49,39,107,55,14,13,111,119,145,75,129,15,135,53,183,69,159,164,90,28,155,73,99,106,136,115,152,35,161,102,86,133,76,52,116,65,118,109,50,34,108,192,38,36,182,29,154,60,177,27,43,127,96,171,141,98,114,64,79,179,47,88,5,186,199,83,153,197,24,150,10,185,54,120,178,105,44,48,146];False
3397;6879;10276;[16,194,180,41,187,117,2,169,172,132,166,22,195,112,8,184,191,93,66,157,20,188,87,37,174,149,167,61,45,138,104,125,78,128,42,57,3,121,162,126,143,160,91,1,33,124,94,196,130,103,140,17,82,23,189,81,0,85,19,26,176,46,9,142,170,95,40,139,144,63,51,56,21,92,147,4,84,67,32,72,163,25,70,74,198,173,113,190,156,71,165,193,168,31,6,18,131,110,101,59,80,100,30,134,148,11,97,58,175,151,7,77,181,68,123,89,137,158,62,122,12,49,39,107,105,14,13,111,119,145,75,129,15,135,53,183,69,159,164,90,28,155,73,99,106,136,115,152,35,161,102,86,133,76,52,116,65,118,109,50,34,108,192,38,36,182,29,154,60,177,27,43,127,96,171,141,98,114,64,79,179,47,88,5,186,199,83,153,197,24,150,10,185,54,120,178,55,44,48,146];False
3390;6888;10278;[16,194,180,41,187,117,2,169,172,132,166,22,195,112,8,193,191,93,66,157,20,188,87,37,174,149,167,61,45,138,104,125,78,128,42,57,3,121,162,126,143,160,91,1,33,124,94,196,130,103,140,17,82,23,189,81,0,85,19,26,176,46,9,142,170,95,40,139,144,63,51,56,21,92,147,4,84,67,32,72,163,25,70,74,198,173,113,190,156,71,165,184,168,31,6,18,131,110,101,59,80,100,30,134,148,11,97,58,175,151,7,77,181,68,123,89,137,158,62,52,12,49,39,107,105,14,13,111,119,145,75,129,15,135,53,183,69,159,164,90,28,155,73,99,106,136,115,152,35,161,102,86,133,76,122,116,65,118,109,50,34,108,192,38,36,182,29,154,60,177,27,43,127,96,171,141,98,114,64,79,179,47,88,5,186,199,83,153,197,24,150,10,185,54,120,178,55,44,48,146];False
3393;6885;10278;[16,194,180,41,187,117,2,169,172,132,166,22,195,112,8,184,191,93,66,157,20,188,87,37,174,149,167,61,45,138,104,125,78,128,42,57,3,121,162,126,143,160,91,1,33,124,94,196,130,103,140,17,82,23,189,81,0,85,19,26,176,46,9,142,170,95,40,139,144,63,51,56,21,92,147,4,84,67,32,72,163,25,70,74,198,173,113,118,156,71,165,193,168,31,6,18,131,110,101,59,80,100,30,134,148,11,97,58,175,151,7,77,181,68,123,89,137,158,62,52,12,49,39,107,105,14,13,111,119,145,75,129,15,135,53,183,69,159,164,90,28,155,73,99,106,136,115,152,35,161,102,86,133,76,122,116,65,190,109,50,34,108,192,38,36,182,29,154,60,177,27,43,127,96,171,141,98,114,64,79,179,47,88,5,186,199,83,153,197,24,150,10,185,54,120,178,55,44,48,146];False
3283;6905;10188;[16,194,180,41,187,117,2,169,172,132,166,22,195,112,8,184,191,93,66,157,20,188,87,37,174,149,167,61,45,138,104,125,78,128,42,57,3,121,162,126,143,160,91,1,33,124,94,196,130,103,140,17,82,23,189,81,0,85,19,26,176,46,9,142,170,95,38,139,144,63,51,56,21,92,147,4,84,67,32,72,163,25,70,74,198,173,113,118,156,71,165,193,168,31,6,18,131,110,101,59,80,100,30,134,148,11,97,58,151,175,7,77,181,68,123,89,137,158,62,52,12,49,39,107,105,14,13,111,119,145,75,129,15,135,53,183,69,159,164,90,28,155,73,99,106,136,115,152,35,161,102,86,133,76,122,116,65,190,109,50,34,108,192,40,36,182,29,154,60,177,27,43,127,96,171,141,98,114,64,79,179,47,88,5,186,199,83,153,197,24,150,10,185,54,120,178,55,44,48,146];False
3246;6905;10151;[16,194,180,41,187,117,2,169,172,132,166,22,195,112,8,184,191,93,66,157,20,188,87,37,174,149,167,61,45,138,104,125,78,128,42,57,3,121,162,126,143,160,91,1,33,124,94,196,130,103,140,17,82,23,189,81,0,85,19,26,176,46,9,142,170,95,38,139,144,63,51,56,21,92,147,4,84,67,32,72,163,25,70,74,198,173,113,118,156,71,165,193,168,31,6,18,131,110,101,59,80,100,30,134,148,11,97,58,175,151,7,77,181,68,123,89,137,158,62,122,12,49,39,107,105,14,13,111,119,145,75,129,15,135,53,183,69,159,164,90,28,155,73,99,106,136,115,152,35,161,102,86,133,76,52,116,65,190,109,50,34,108,192,40,36,182,29,154,60,177,27,43,127,96,171,141,98,114,64,79,179,47,88,5,186,199,83,153,197,24,150,10,185,54,120,178,55,44,48,146];False
3258;6904;10162;[16,194,180,41,187,117,2,169,172,132,166,22,195,112,8,184,165,93,66,157,20,188,87,37,174,149,167,61,45,138,104,125,78,128,42,57,3,121,162,126,143,160,91,1,33,124,94,196,130,103,140,17,82,23,189,81,0,85,19,26,176,46,9,142,170,95,38,139,144,63,51,56,21,92,147,4,84,67,32,72,163,25,70,74,198,173,113,190,156,71,191,193,168,31,6,18,131,110,101,59,80,100,30,134,148,11,97,58,175,151,7,77,181,68,123,89,137,158,62,122,12,49,39,107,105,14,13,111,119,145,75,129,15,135,53,183,69,159,164,90,28,155,73,99,106,136,115,152,35,161,102,86,133,76,52,116,65,118,109,50,34,108,192,40,36,182,29,154,60,177,27,43,127,96,171,141,98,114,64,79,179,47,88,5,186,199,83,153,197,24,150,10,185,54,120,178,55,44,48,146];False
3307;6895;10202;[16,194,180,41,187,117,2,169,172,132,166,22,195,112,8,184,191,93,66,157,20,188,87,37,174,149,167,61,45,138,104,125,78,128,42,57,3,121,162,126,143,160,142,1,33,124,94,196,130,103,140,17,82,23,189,81,0,85,19,26,176,46,9,91,170,95,38,139,144,63,51,56,21,92,147,4,84,67,32,72,163,25,70,74,198,173,113,190,156,71,165,193,168,31,6,18,131,110,101,59,80,100,30,134,148,11,97,58,175,151,7,77,181,68,123,89,137,158,62,122,12,49,39,107,105,14,13,111,119,145,75,129,15,135,53,183,69,159,164,90,28,155,73,99,106,136,115,152,35,161,102,86,133,76,52,116,65,118,109,50,34,108,192,40,36,182,29,154,60,177,27,43,127,96,171,141,98,114,64,79,179,47,88,5,186,199,83,153,197,24,150,10,185,54,120,178,55,44,48,146];False
3304;6895;10199;[16,194,180,41,187,117,2,169,172,132,166,22,195,112,8,184,191,93,66,157,20,188,87,37,174,149,167,61,45,138,104,125,78,128,42,57,3,121,162,126,143,160,91,1,33,124,94,196,130,103,140,17,82,23,189,81,0,85,19,26,176,46,9,142,170,95,38,139,144,146,51,56,21,92,147,4,84,67,32,72,163,25,70,74,198,173,113,190,156,71,165,193,168,31,6,18,131,110,101,59,80,100,30,134,148,11,97,58,175,151,7,77,181,68,123,89,137,158,62,122,12,49,39,107,105,14,13,111,119,145,75,129,15,135,53,183,69,159,164,90,28,155,73,99,106,136,115,152,35,161,102,86,133,76,52,116,65,118,109,50,34,108,192,40,36,182,29,154,60,177,27,43,127,96,171,141,98,114,64,79,179,47,88,5,186,199,83,153,197,24,150,10,185,54,120,178,55,44,48,63];False
3377;6888;10265;[16,194,180,41,187,117,2,169,172,132,166,22,195,112,8,184,191,93,66,157,20,188,87,37,174,149,167,61,45,138,104,125,78,128,42,57,3,121,162,126,143,160,91,1,33,124,94,196,130,103,140,17,82,23,189,81,0,85,19,26,176,46,9,142,170,95,38,139,144,63,50,56,21,92,147,4,84,67,32,72,163,25,70,74,198,173,113,190,156,71,165,193,168,31,6,18,131,110,101,59,80,100,30,134,148,11,97,58,175,151,7,77,181,68,123,89,137,158,62,122,12,49,39,107,105,14,13,111,119,145,75,129,15,135,53,183,69,159,164,90,28,155,73,99,106,136,115,152,35,161,102,86,133,76,52,116,65,118,109,51,34,108,192,40,36,182,29,154,60,177,27,43,127,96,171,141,98,114,64,79,179,47,88,5,186,199,83,153,197,24,150,10,185,54,120,178,55,44,48,146];False
3269;6902;10171;[16,194,180,41,187,117,2,169,172,132,166,22,195,112,8,184,191,93,66,157,20,188,87,37,174,149,167,61,45,138,104,125,78,128,42,57,3,121,162,126,143,160,91,1,33,124,94,196,130,103,140,17,82,23,189,81,0,85,19,26,176,46,9,142,170,95,38,139,144,63,51,50,21,92,147,4,84,67,32,72,163,25,70,74,198,173,113,190,156,71,165,193,168,31,6,18,131,110,101,59,80,100,30,134,148,11,97,58,175,151,7,77,181,68,123,89,137,158,62,122,12,49,39,107,105,14,13,111,119,145,75,129,15,135,53,183,69,159,164,90,28,155,73,99,106,136,115,152,35,161,102,86,133,76,52,116,65,118,109,56,34,108,192,40,36,182,29,154,60,177,27,43,127,96,171,141,98,114,64,79,179,47,88,5,186,199,83,153,197,24,150,10,185,54,120,178,55,44,48,146];False
3378;6887;10265;[16,194,180,41,187,117,2,169,172,132,166,22,195,112,8,184,191,93,66,157,20,188,87,37,174,149,167,61,45,138,104,125,78,128,42,57,3,121,162,126,143,160,91,1,33,124,94,196,130,103,140,17,82,23,189,81,0,85,19,26,176,46,9,142,170,95,38,139,144,63,51,56,21,92,147,4,84,67,32,72,163,25,70,74,198,173,113,55,156,71,165,193,168,31,6,18,131,110,101,59,80,100,30,134,148,11,97,58,175,151,7,77,181,68,123,89,137,158,62,122,12,49,39,107,105,14,13,111,119,145,75,129,15,135,53,183,69,159,164,90,28,155,73,99,106,136,115,152,35,161,102,86,133,76,52,116,65,118,109,50,34,108,192,40,36,182,29,154,60,177,27,43,127,96,171,141,98,114,64,79,179,47,88,5,186,199,83,153,197,24,150,10,185,54,120,178,190,44,48,146];False
3287;6899;10186;[16,194,180,41,187,117,2,169,172,132,166,22,195,112,8,184,191,93,66,157,20,188,87,37,174,149,167,61,45,138,104,125,78,128,42,57,3,121,162,126,143,160,91,1,33,124,94,196,130,103,140,17,82,23,189,81,0,85,19,26,176,46,9,142,170,95,38,139,144,63,51,56,21,92,147,4,84,67,32,72,163,25,70,74,198,173,113,190,156,71,165,193,168,31,6,18,131,110,101,59,80,100,30,134,148,11,97,58,151,175,7,77,181,68,123,89,137,158,62,122,12,49,39,107,105,14,13,111,119,145,75,129,15,135,53,183,69,159,164,90,28,155,73,99,106,136,115,152,35,161,102,86,133,76,52,116,65,118,109,50,34,108,192,40,36,182,29,154,60,177,27,43,127,96,171,141,98,114,64,79,179,47,88,5,186,199,83,153,197,24,150,10,185,54,120,178,55,44,48,146];False
3376;6886;10262;[16,194,180,41,187,117,2,169,172,132,166,22,195,112,8,184,191,93,66,157,20,188,87,37,174,149,167,61,45,138,104,125,78,128,42,57,3,121,162,126,143,160,91,1,33,124,94,196,130,103,140,17,82,23,189,81,0,85,19,26,176,46,9,142,170,95,38,139,144,63,51,56,21,92,147,4,84,67,32,72,163,25,70,74,198,173,113,190,156,71,165,193,168,31,6,18,131,110,101,59,80,100,30,134,148,11,97,58,175,151,7,77,181,68,123,145,137,158,62,122,12,49,39,107,105,14,13,111,119,89,75,129,15,135,53,183,69,159,164,90,28,155,73,99,106,136,115,152,35,161,102,86,133,76,52,116,65,118,109,50,34,108,192,40,36,182,29,154,60,177,27,43,127,96,171,141,98,114,64,79,179,47,88,5,186,199,83,153,197,24,150,10,185,54,120,178,55,44,48,146];False
3409;6878;10287;[16,194,180,41,187,117,2,169,172,132,166,22,195,112,8,184,191,93,66,157,20,188,87,37,174,149,167,61,45,138,104,125,78,128,42,57,3,121,162,126,143,160,91,1,33,124,94,196,130,103,140,17,82,23,189,81,0,85,19,26,176,46,9,142,170,95,38,139,144,63,51,56,21,92,147,4,84,67,32,72,163,25,70,74,198,173,113,190,156,71,165,193,168,31,6,18,131,110,101,59,80,100,30,134,148,11,97,58,175,151,7,77,181,68,123,29,137,158,62,122,12,49,39,107,105,14,13,111,119,145,75,129,15,135,53,183,69,159,164,90,28,155,73,99,106,136,115,152,35,161,102,86,133,76,52,116,65,118,109,50,34,108,192,40,36,182,89,154,60,177,27,43,127,96,171,141,98,114,64,79,179,47,88,5,186,199,83,153,197,24,150,10,185,54,120,178,55,44,48,146];False
1387;8908;10295;[194,113,61,19,64,101,100,67,94,143,160,105,174,118,48,99,141,86,45,15,173,18,25,115,24,197,26,9,7,20,129,72,147,65,87,106,196,22,38,34,3,2,75,12,49,153,122,127,39,73,6,76,50,53,93,110,30,134,137,111,181,82,23,109,54,158,121,92,165,112,187,142,81,52,108,74,183,83,17,79,185,148,167,189,59,36,46,5,27,133,96,157,138,41,152,56,66,126,198,159,140,182,51,29,154,156,117,71,69,190,43,145,85,164,178,192,40,124,150,139,33,13,172,195,10,78,60,35,88,135,14,31,130,171,116,57,186,98,84,89,162,146,119,28,4,97,131,0,199,62,102,120,1,114,55,155,184,161,80,58,177,169,191,11,104,193,163,170,95,91,90,125,149,32,68,63,37,151,175,128,8,16,136,144,70,168,77,103,21,180,107,188,179,176,42,47,132,166,123,44];False
1393;8902;10295;[194,113,61,19,64,101,100,0,94,143,160,105,174,118,48,99,141,86,45,15,173,18,25,115,24,197,26,9,7,20,129,72,147,65,87,106,196,22,38,34,3,2,75,12,49,153,122,127,39,73,6,76,50,53,93,110,30,134,137,111,181,82,23,109,54,158,121,92,165,112,187,142,81,52,108,74,183,83,17,79,185,148,167,189,59,36,46,5,27,133,96,157,164,41,152,56,66,126,198,159,140,182,51,29,154,156,117,71,69,190,43,145,85,138,178,192,40,124,150,139,33,13,172,195,10,78,60,35,88,135,14,31,130,171,116,57,186,98,84,89,162,146,119,28,4,97,131,67,199,62,102,120,1,114,55,155,184,161,80,58,177,169,191,11,104,193,163,170,95,91,90,125,149,32,68,63,37,151,175,128,8,16,136,144,70,168,77,103,21,180,107,188,179,176,42,47,132,166,123,44];False
1382;8912;10294;[194,113,61,19,64,101,100,67,94,143,160,105,174,118,48,99,141,86,45,15,173,18,25,115,24,197,26,9,7,20,129,72,147,6,87,106,196,22,38,34,3,2,75,12,165,153,122,127,39,73,65,76,50,53,93,110,30,134,137,111,181,82,23,109,54,158,121,92,49,112,187,142,81,52,108,74,183,83,17,79,185,148,167,189,59,36,46,5,27,133,96,157,138,41,152,56,66,126,198,159,140,182,51,29,154,156,117,71,69,190,43,145,85,164,178,192,40,124,150,139,33,13,172,195,10,78,60,35,88,135,14,31,130,171,116,57,186,98,84,89,162,146,119,28,4,97,131,0,199,62,102,120,1,114,55,155,184,161,80,58,177,169,191,11,104,193,163,170,95,91,90,125,149,32,68,63,37,151,175,128,8,16,136,144,70,168,77,103,21,180,107,188,179,176,42,47,132,166,123,44];False
1360;8949;10309;[194,113,61,19,64,101,100,67,94,143,160,105,174,118,48,99,141,86,45,15,173,18,25,115,24,197,26,9,7,20,129,72,147,65,87,106,196,22,38,34,3,2,75,12,165,153,122,127,39,73,6,178,50,53,93,110,30,134,137,111,181,82,23,109,54,158,121,92,49,112,187,142,81,52,108,74,183,83,17,79,185,148,167,189,59,36,46,5,27,133,96,157,138,41,152,56,66,126,198,159,140,182,51,29,154,156,117,71,69,190,43,145,85,164,76,192,40,124,150,139,33,13,172,195,10,78,60,35,88,135,14,31,130,171,116,57,186,98,84,89,162,146,119,28,4,97,131,0,199,62,102,120,1,114,55,155,184,161,80,58,177,169,191,11,104,193,163,170,95,91,90,125,149,32,68,63,37,151,175,128,8,16,136,144,70,168,77,103,21,180,107,188,179,176,42,47,132,166,123,44];True
1401;8849;10250;[194,113,61,19,64,101,100,67,94,143,160,105,174,118,48,99,141,86,45,15,173,18,25,115,24,197,26,9,7,20,129,72,147,65,87,106,196,22,38,34,3,2,75,12,165,153,122,127,39,73,6,76,50,53,93,110,30,134,137,111,181,82,23,109,54,158,121,92,49,112,187,142,81,52,108,74,183,83,77,79,185,148,167,189,59,36,46,5,27,133,96,157,138,41,152,56,66,126,198,159,140,182,51,29,154,156,117,71,69,190,43,145,85,164,178,192,40,124,150,139,33,13,172,195,10,78,60,35,88,135,14,31,130,171,116,57,186,98,84,89,162,146,119,28,4,97,131,0,199,62,102,120,1,114,55,155,184,161,80,58,177,169,191,11,104,193,163,170,95,91,90,125,149,32,68,63,37,151,175,128,8,16,136,144,70,168,17,103,21,180,107,188,179,176,42,47,132,166,123,44];False
1372;8936;10308;[194,113,61,19,64,101,100,67,94,143,160,105,174,118,48,99,141,86,45,15,173,18,25,115,24,197,26,9,7,20,129,72,147,65,87,106,196,22,38,34,3,2,75,12,165,153,122,127,39,73,6,76,50,53,93,110,30,134,137,111,181,82,23,109,54,158,121,92,49,112,187,142,81,52,108,74,183,83,17,79,185,148,167,189,59,36,46,5,27,133,96,37,138,41,152,56,66,126,198,159,140,182,51,29,154,156,117,71,69,190,43,145,85,164,178,192,40,124,150,139,33,13,172,195,10,78,60,35,88,135,14,31,130,171,116,57,186,98,84,89,162,146,119,28,4,97,131,0,199,62,102,120,1,114,55,155,184,161,80,58,177,169,191,11,104,193,163,170,95,91,90,125,149,32,68,63,157,151,175,128,8,16,136,144,70,168,77,103,21,180,107,188,179,176,42,47,132,166,123,44];False
1379;8915;10294;[194,113,61,19,64,101,100,67,94,143,160,105,174,118,48,99,141,86,45,15,173,18,25,115,24,197,26,9,7,20,129,72,147,65,87,106,196,22,38,34,3,2,75,12,165,153,122,127,39,73,6,76,50,53,93,110,30,134,137,111,181,82,23,109,54,158,121,92,49,112,187,142,81,52,108,74,183,83,17,79,185,148,167,189,59,36,46,5,27,133,96,157,164,41,152,56,66,126,198,159,140,182,51,29,154,156,117,71,69,190,43,145,85,138,178,192,40,124,150,139,33,13,172,195,10,78,60,35,88,135,14,31,130,171,116,57,186,98,84,89,162,146,119,28,4,97,131,0,199,62,102,120,1,114,55,155,184,161,80,58,177,169,191,11,104,193,163,170,95,91,90,125,149,32,68,63,37,151,175,128,8,16,136,144,70,168,77,103,21,180,107,188,179,176,42,47,132,166,123,44];False
1393;8871;10264;[194,113,61,19,64,101,100,67,94,143,160,105,174,118,48,8,141,86,45,15,173,18,25,115,24,197,26,9,7,20,129,72,147,65,87,106,196,22,38,34,3,2,75,12,165,153,122,127,39,73,6,76,50,53,93,110,30,134,137,111,181,82,23,109,54,158,121,92,49,112,187,142,81,52,108,74,183,83,17,79,185,148,167,189,59,36,46,5,27,133,96,157,138,41,152,56,66,126,198,159,140,182,51,29,154,156,117,71,69,190,43,128,85,164,178,192,40,124,150,139,33,13,172,195,10,78,60,35,88,135,14,31,130,171,116,57,186,145,84,89,162,146,119,28,4,97,131,0,199,62,102,120,1,114,55,155,184,161,80,58,177,169,191,11,104,193,163,170,95,91,90,125,149,32,68,63,37,151,175,98,99,16,136,144,70,168,77,103,21,180,107,188,179,176,42,47,132,166,123,44];False
1391;8897;10288;[194,113,61,19,64,101,100,0,94,143,160,105,174,118,48,8,141,86,45,15,173,18,25,115,24,197,26,9,7,20,129,72,147,65,87,106,196,31,38,34,3,2,75,12,165,153,122,127,39,73,6,76,50,53,93,110,30,134,137,111,181,82,23,109,54,158,121,92,49,112,187,142,81,52,108,74,183,83,17,79,185,148,167,189,59,36,46,5,27,133,96,157,138,41,152,56,66,126,198,159,140,182,51,29,154,156,117,71,69,190,43,128,85,164,178,192,40,124,150,139,33,13,172,195,10,78,60,35,88,135,14,22,130,171,116,57,186,145,84,89,162,146,119,28,4,97,131,67,199,62,102,120,1,114,55,155,184,161,80,58,177,169,191,11,104,193,163,170,95,91,90,125,149,32,68,63,37,151,175,98,99,16,136,144,70,168,77,103,21,180,107,188,179,176,42,47,132,166,123,44];False
1380;8899;10279;[194,113,61,19,64,101,100,0,94,143,160,105,174,118,48,8,141,86,45,15,173,18,25,115,24,197,26,9,7,20,129,72,147,65,87,106,196,22,38,34,3,2,75,12,165,153,122,127,39,73,6,178,50,53,93,110,30,134,137,111,181,82,23,109,54,158,121,92,49,112,187,142,81,52,108,74,183,83,17,79,185,148,167,189,59,36,46,5,27,133,96,157,138,41,152,56,66,126,198,159,140,182,51,29,154,156,117,71,69,190,43,128,85,164,76,192,40,124,150,139,33,13,172,195,10,78,60,35,88,135,14,31,130,171,116,57,186,145,84,89,162,146,119,28,4,97,131,67,199,62,102,120,1,114,55,155,184,161,80,58,177,169,191,11,104,193,163,170,95,91,90,125,149,32,68,63,37,151,175,98,99,16,136,144,70,168,77,103,21,180,107,188,179,176,42,47,132,166,123,44];False
1392;8886;10278;[194,113,61,19,64,101,100,0,94,143,160,105,174,118,48,8,141,86,45,15,173,18,25,115,24,197,26,9,7,20,129,72,147,65,87,106,196,22,38,34,3,2,75,12,165,153,122,127,39,73,6,76,50,53,93,110,30,134,137,111,181,82,23,109,54,158,121,92,49,112,187,142,81,52,108,74,183,83,17,79,185,148,167,189,59,36,46,5,27,133,96,37,138,41,152,56,66,126,198,159,140,182,51,29,154,156,117,71,69,190,43,128,85,164,178,192,40,124,150,139,33,13,172,195,10,78,60,35,88,135,14,31,130,171,116,57,186,145,84,89,162,146,119,28,4,97,131,67,199,62,102,120,1,114,55,155,184,161,80,58,177,169,191,11,104,193,163,170,95,91,90,125,149,32,68,63,157,151,175,98,99,16,136,144,70,168,77,103,21,180,107,188,179,176,42,47,132,166,123,44];False
1399;8865;10264;[194,113,61,19,64,101,100,0,94,143,160,105,174,118,48,8,141,86,45,15,173,18,25,115,24,197,26,9,7,20,129,72,147,65,87,106,196,22,38,34,3,2,75,12,165,153,122,127,39,73,6,76,50,53,93,110,30,134,137,111,181,82,23,109,54,158,121,92,49,112,187,142,81,52,108,74,183,83,17,79,185,148,167,189,59,36,46,5,27,133,96,157,164,41,152,56,66,126,198,159,140,182,51,29,154,156,117,71,69,190,43,128,85,138,178,192,40,124,150,139,33,13,172,195,10,78,60,35,88,135,14,31,130,171,116,57,186,145,84,89,162,146,119,28,4,97,131,67,199,62,102,120,1,114,55,155,184,161,80,58,177,169,191,11,104,193,163,170,95,91,90,125,149,32,68,63,37,151,175,98,99,16,136,144,70,168,77,103,21,180,107,188,179,176,42,47,132,166,123,44];False
1358;8975;10333;[194,113,61,19,64,101,100,0,94,143,160,105,174,118,48,99,141,86,45,15,173,18,25,115,24,197,26,9,7,20,129,72,147,65,87,106,196,31,38,34,3,2,75,12,165,153,122,127,39,73,6,178,50,53,93,110,30,134,137,111,181,82,23,109,54,158,121,92,49,112,187,142,81,52,108,74,183,83,17,79,185,148,167,189,59,36,46,5,27,133,96,157,138,41,152,56,66,126,198,159,140,182,51,29,154,156,117,71,69,190,43,145,85,164,76,192,40,124,150,139,33,13,172,195,10,78,60,35,88,135,14,22,130,171,116,57,186,98,84,89,162,146,119,28,4,97,131,67,199,62,102,120,1,114,55,155,184,161,80,58,177,169,191,11,104,193,163,170,95,91,90,125,149,32,68,63,37,151,175,128,8,16,136,144,70,168,77,103,21,180,107,188,179,176,42,47,132,166,123,44];False
1388;8877;10265;[194,113,61,19,64,101,100,0,94,143,160,105,174,118,48,99,141,86,45,15,173,18,25,115,24,197,26,9,7,20,129,72,147,65,87,106,196,22,38,34,3,2,75,12,165,153,122,127,39,73,6,178,50,53,93,110,30,134,137,111,181,82,23,109,54,158,121,92,49,112,187,142,81,52,108,74,183,83,77,79,185,148,167,189,59,36,46,5,27,133,96,157,138,41,152,56,66,126,198,159,140,182,51,29,154,156,117,71,69,190,43,145,85,164,76,192,40,124,150,139,33,13,172,195,10,78,60,35,88,135,14,31,130,171,116,57,186,98,84,89,162,146,119,28,4,97,131,67,199,62,102,120,1,114,55,155,184,161,80,58,177,169,191,11,104,193,163,170,95,91,90,125,149,32,68,63,37,151,175,128,8,16,136,144,70,168,17,103,21,180,107,188,179,176,42,47,132,166,123,44];False
1359;8964;10323;[194,113,61,19,64,101,100,0,94,143,160,105,174,118,48,99,141,86,45,15,173,18,25,115,24,197,26,9,7,20,129,72,147,65,87,106,196,22,38,34,3,2,75,12,165,153,122,127,39,73,6,178,50,53,93,110,30,134,137,111,181,82,23,109,54,158,121,92,49,112,187,142,81,52,108,74,183,83,17,79,185,148,167,189,59,36,46,5,27,133,96,37,138,41,152,56,66,126,198,159,140,182,51,29,154,156,117,71,69,190,43,145,85,164,76,192,40,124,150,139,33,13,172,195,10,78,60,35,88,135,14,31,130,171,116,57,186,98,84,89,162,146,119,28,4,97,131,67,199,62,102,120,1,114,55,155,184,161,80,58,177,169,191,11,104,193,163,170,95,91,90,125,149,32,68,63,157,151,175,128,8,16,136,144,70,168,77,103,21,180,107,188,179,176,42,47,132,166,123,44];False
1398;8831;10229;[194,113,61,19,64,101,100,0,94,143,160,105,174,118,48,99,141,86,45,15,173,18,25,115,24,197,26,9,77,20,129,72,147,65,87,106,196,22,38,34,3,2,75,12,165,153,122,127,39,73,6,76,50,53,93,110,30,134,137,111,181,82,23,109,54,158,121,92,49,112,187,142,81,52,108,74,183,83,7,79,185,148,167,189,59,36,46,5,27,133,96,157,138,41,152,56,66,126,198,159,140,182,51,29,154,156,117,71,69,190,43,145,85,164,178,192,40,124,150,139,33,13,172,195,10,78,60,35,88,135,14,31,130,171,116,57,186,98,84,89,162,146,119,28,4,97,131,67,199,62,102,120,1,114,55,155,184,161,80,58,177,169,191,11,104,193,163,170,95,91,90,125,149,32,68,63,37,151,175,128,8,16,136,144,70,168,17,103,21,180,107,188,179,176,42,47,132,166,123,44];False
1396;8859;10255;[194,113,61,19,64,101,100,0,94,143,160,105,174,118,48,99,141,86,45,15,173,18,25,115,24,197,26,9,77,20,129,72,147,65,87,106,196,22,38,34,3,2,75,12,165,153,122,127,39,73,6,178,50,53,93,110,30,134,137,111,181,82,23,151,54,158,121,92,49,112,187,142,81,52,108,74,183,83,7,79,185,148,167,189,59,36,46,5,27,133,96,157,138,41,152,56,66,126,198,159,140,182,51,29,154,156,117,71,69,190,43,145,85,164,76,192,40,124,150,139,33,13,172,195,10,78,60,35,88,135,14,31,130,171,116,57,186,98,84,89,162,146,119,28,4,97,131,67,199,62,102,120,1,114,55,155,184,161,80,58,177,169,191,11,104,193,163,170,95,91,90,125,149,32,68,63,37,109,175,128,8,16,136,144,70,168,17,103,21,180,107,188,179,176,42,47,132,166,123,44];False
1415;8825;10240;[194,113,61,19,64,101,100,0,94,143,160,105,174,118,48,99,141,86,45,15,173,18,25,115,24,197,26,9,77,20,129,72,147,65,87,106,196,22,38,34,3,2,75,12,165,153,122,127,39,73,6,76,50,53,93,110,30,134,137,111,181,82,23,151,54,158,121,92,49,112,187,142,81,52,108,74,183,83,7,79,185,148,167,189,59,36,46,5,27,133,96,157,164,41,152,56,66,126,198,159,140,182,51,29,154,156,117,71,69,190,43,145,85,138,178,192,40,124,150,139,33,13,172,195,10,78,60,35,88,135,14,31,130,171,116,57,186,98,84,89,162,146,119,28,4,97,131,67,199,62,102,120,1,114,55,155,184,161,80,58,177,169,191,11,104,193,163,170,95,91,90,125,149,32,68,63,37,109,175,128,8,16,136,144,70,168,17,103,21,180,107,188,179,176,42,47,132,166,123,44];False
3396;6873;10269;[20,190,188,93,130,5,179,47,57,3,192,89,18,181,68,48,63,118,44,140,124,94,75,36,145,196,113,61,45,138,65,82,187,128,134,195,33,183,162,126,143,160,91,6,77,149,189,7,173,103,168,17,84,122,2,97,0,85,19,26,176,116,191,49,170,95,167,87,66,135,53,56,21,92,147,67,32,165,169,23,163,25,70,90,41,88,164,37,156,71,8,184,123,146,72,78,131,110,101,59,80,100,30,114,182,139,125,58,158,54,197,1,117,98,157,136,137,151,175,12,193,172,39,107,55,14,13,111,52,40,132,129,15,9,28,105,69,159,38,144,109,155,73,99,106,4,115,152,35,161,102,186,133,76,112,104,31,74,34,108,51,50,198,174,16,194,29,154,60,177,27,43,127,96,171,141,11,22,64,79,42,119,148,83,86,199,81,153,166,24,150,10,185,62,120,178,46,180,142,121];False
3446;6870;10316;[146,190,188,93,130,5,179,47,57,3,192,89,18,181,68,48,63,118,44,140,124,94,75,36,145,196,113,61,45,138,65,82,187,128,134,195,33,183,162,126,143,160,91,6,77,149,189,7,173,103,168,17,84,122,2,97,0,85,19,26,176,116,142,49,170,95,167,87,66,135,53,56,21,92,147,67,32,165,169,23,163,25,70,90,41,88,164,37,156,71,8,184,123,20,72,78,131,110,101,59,80,100,30,114,182,139,125,58,158,54,197,1,117,98,157,136,137,151,175,12,193,172,39,107,55,14,13,111,52,40,132,129,15,9,28,105,69,159,38,144,109,155,73,99,106,4,115,152,35,161,102,186,133,76,112,104,31,74,34,108,51,50,198,174,16,194,29,154,60,177,27,43,127,96,171,141,11,22,64,79,42,119,148,83,86,199,81,153,166,24,150,10,185,62,120,178,46,180,191,121];False
3433;6867;10300;[20,190,188,93,130,5,177,47,57,3,192,89,18,181,68,48,63,118,44,140,124,94,75,36,145,196,113,61,45,138,65,82,187,128,134,195,33,183,162,126,143,160,91,6,77,149,189,7,173,103,168,17,84,122,2,97,0,85,19,26,176,116,142,49,170,95,167,87,66,135,53,56,21,92,147,67,32,165,169,23,163,25,70,90,41,88,164,37,156,71,8,184,123,146,72,78,131,110,101,59,80,100,30,114,182,139,125,58,158,54,197,1,117,98,157,136,137,151,175,12,193,172,39,107,55,14,13,111,52,40,132,129,15,9,28,105,69,159,38,144,109,155,73,99,106,4,115,152,35,161,102,186,133,76,112,104,31,74,34,108,51,50,198,174,16,194,29,154,60,179,27,43,127,96,171,141,11,22,64,79,42,119,148,83,86,199,81,153,166,24,150,10,185,62,120,178,46,180,191,121];False
3429;6864;10293;[20,190,188,93,130,5,42,47,57,3,192,89,18,181,68,48,63,118,44,140,124,94,75,36,145,196,113,61,45,138,65,82,187,128,134,195,33,183,162,126,143,160,91,6,77,149,189,7,173,103,168,17,84,122,2,97,0,85,19,26,176,116,142,49,170,95,167,87,66,135,53,56,21,92,147,67,32,165,169,23,163,25,70,90,41,88,164,37,156,71,8,184,123,146,72,78,131,110,101,59,80,100,30,114,182,139,125,58,158,54,197,1,117,98,157,136,137,151,175,12,193,172,39,107,55,14,13,111,52,40,132,129,15,9,28,105,69,159,38,144,109,155,73,99,106,4,115,152,35,161,102,186,133,76,112,104,31,74,34,108,51,50,198,174,16,194,29,154,60,177,27,43,127,96,171,141,11,22,64,79,179,119,148,83,86,199,81,153,166,24,150,10,185,62,120,178,46,180,191,121];False
3492;6842;10334;[20,190,188,93,130,5,179,47,57,3,192,173,18,181,68,48,63,118,44,140,124,94,75,36,145,196,113,61,45,138,65,82,187,128,134,195,33,183,162,126,143,160,91,6,77,149,189,7,89,103,168,17,84,122,2,97,0,85,19,26,176,116,142,49,170,95,167,87,66,135,53,56,21,92,147,67,32,165,169,23,163,25,70,90,41,88,164,37,156,71,8,184,123,146,72,78,131,110,101,59,80,100,30,114,182,139,125,58,158,54,197,1,117,98,157,136,137,151,175,12,193,172,39,107,55,14,13,111,52,40,132,129,15,9,28,105,69,159,38,144,109,155,73,99,106,4,115,152,35,161,102,186,133,76,112,104,31,74,34,108,51,50,198,174,16,194,29,154,60,177,27,43,127,96,171,141,11,22,64,79,42,119,148,83,86,199,81,153,166,24,150,10,185,62,120,178,46,180,191,121];False
3446;6863;10309;[20,190,188,93,130,5,179,47,57,3,192,89,18,181,68,48,63,118,44,140,124,94,75,125,145,196,113,61,45,138,65,82,187,128,134,195,33,183,162,126,143,160,91,6,77,149,189,7,173,103,168,17,84,122,2,97,0,85,19,26,176,116,142,49,170,95,167,87,66,135,53,56,21,92,147,67,32,165,169,23,163,25,70,90,41,88,164,37,156,71,8,184,123,146,72,78,131,110,101,59,80,100,30,114,182,139,36,58,158,54,197,1,117,98,157,136,137,151,175,12,193,172,39,107,55,14,13,111,52,40,132,129,15,9,28,105,69,159,38,144,109,155,73,99,106,4,115,152,35,161,102,186,133,76,112,104,31,74,34,108,51,50,198,174,16,194,29,154,60,177,27,43,127,96,171,141,11,22,64,79,42,119,148,83,86,199,81,153,166,24,150,10,185,62,120,178,46,180,191,121];False
3482;6854;10336;[20,190,188,93,130,5,179,47,57,3,192,89,18,181,68,48,63,118,44,140,124,94,75,36,145,196,113,61,45,138,65,82,187,76,134,195,33,183,162,126,143,160,91,6,77,149,189,7,173,103,168,17,84,122,2,97,0,85,19,26,176,116,142,49,170,95,167,87,66,135,53,56,21,92,147,67,32,165,169,23,163,25,70,90,41,88,164,37,156,71,8,184,123,146,72,78,131,110,101,59,80,100,30,114,182,139,125,58,158,54,197,1,117,98,157,136,137,151,175,12,193,172,39,107,55,14,13,111,52,40,132,129,15,9,28,105,69,159,38,144,109,155,73,99,106,4,115,152,35,161,102,186,133,128,112,104,31,74,34,108,51,50,198,174,16,194,29,154,60,177,27,43,127,96,171,141,11,22,64,79,42,119,148,83,86,199,81,153,166,24,150,10,185,62,120,178,46,180,191,121];False
3413;6866;10279;[20,190,188,93,130,5,179,47,57,3,192,89,18,181,68,48,63,118,44,140,124,94,75,36,145,196,113,61,45,138,65,82,187,128,134,195,33,183,162,126,143,160,91,6,149,77,189,7,173,103,168,17,84,122,2,97,0,85,19,26,176,116,142,49,170,95,167,87,66,135,53,56,21,92,147,67,32,165,169,23,163,25,70,90,41,88,164,37,156,71,8,184,123,146,72,78,131,110,101,59,80,100,30,114,182,139,125,58,158,54,197,1,117,98,157,136,137,151,175,12,193,172,39,107,55,14,13,111,52,40,132,129,15,9,28,105,69,159,38,144,109,155,73,99,106,4,115,152,35,161,102,186,133,76,112,104,31,74,34,108,51,50,198,174,16,194,29,154,60,177,27,43,127,96,171,141,11,22,64,79,42,119,148,83,86,199,81,153,166,24,150,10,185,62,120,178,46,180,191,121];False
3477;6854;10331;[20,190,188,93,130,5,179,47,57,3,192,89,18,181,68,48,63,118,44,140,124,94,75,36,145,196,113,61,45,138,65,82,187,128,134,195,33,183,162,126,143,160,91,6,77,149,189,193,173,103,168,17,84,122,2,97,0,85,19,26,176,116,142,49,170,95,167,87,66,135,53,56,21,92,147,67,32,165,169,23,163,25,70,90,41,88,164,37,156,71,8,184,123,146,72,78,131,110,101,59,80,100,30,114,182,139,125,58,158,54,197,1,117,98,157,136,137,151,175,12,7,172,39,107,55,14,13,111,52,40,132,129,15,9,28,105,69,159,38,144,109,155,73,99,106,4,115,152,35,161,102,186,133,76,112,104,31,74,34,108,51,50,198,174,16,194,29,154,60,177,27,43,127,96,171,141,11,22,64,79,42,119,148,83,86,199,81,153,166,24,150,10,185,62,120,178,46,180,191,121];False
3463;6853;10316;[20,190,188,93,130,5,179,47,57,3,192,89,18,181,68,48,63,118,44,140,124,94,75,36,145,196,113,61,45,138,65,82,187,128,134,195,33,183,162,126,143,160,91,6,77,149,189,7,173,103,116,17,84,122,2,97,0,85,19,26,176,168,142,49,170,95,167,87,66,135,53,56,21,92,147,67,32,165,169,23,163,25,70,90,41,88,164,37,156,71,8,184,123,146,72,78,131,110,101,59,80,100,30,114,182,139,125,58,158,54,197,1,117,98,157,136,137,151,175,12,193,172,39,107,55,14,13,111,52,40,132,129,15,9,28,105,69,159,38,144,109,155,73,99,106,4,115,152,35,161,102,186,133,76,112,104,31,74,34,108,51,50,198,174,16,194,29,154,60,177,27,43,127,96,171,141,11,22,64,79,42,119,148,83,86,199,81,153,166,24,150,10,185,62,120,178,46,180,191,121];False
3391;6879;10270;[20,190,188,93,130,5,179,47,57,3,192,89,18,181,68,48,63,118,44,140,124,94,75,36,145,196,113,61,45,138,65,82,187,128,134,195,33,183,162,126,143,160,91,6,77,149,189,7,173,103,168,17,84,112,2,97,0,85,19,26,176,116,142,49,170,95,167,87,66,135,53,56,21,92,147,67,32,165,169,23,163,25,70,90,41,88,164,37,156,71,8,184,123,146,72,78,131,110,101,59,80,100,30,114,182,139,125,58,158,54,197,1,117,98,157,136,137,151,175,12,193,172,39,107,55,14,13,111,52,40,132,129,15,9,28,105,69,159,38,144,109,155,73,99,106,4,115,152,35,161,102,186,133,76,122,104,31,74,34,108,51,50,198,174,16,194,29,154,60,177,27,43,127,96,171,141,11,22,64,79,42,119,148,83,86,199,81,153,166,24,150,10,185,62,120,178,46,180,191,121];False
3405;6865;10270;[20,190,188,93,130,5,179,47,57,3,192,89,18,181,68,48,63,118,44,140,124,94,75,36,145,196,113,61,45,138,65,82,187,128,134,195,33,183,162,126,143,160,91,6,77,149,189,7,173,103,168,17,84,122,132,97,0,85,19,26,176,116,142,49,170,95,167,87,66,135,53,56,21,92,147,67,32,165,169,23,163,25,70,90,41,88,164,37,156,71,8,184,123,146,72,78,131,110,101,59,80,100,30,114,182,139,125,58,158,54,197,1,117,98,157,136,137,151,175,12,193,172,39,107,55,14,13,111,52,40,2,129,15,9,28,105,69,159,38,144,109,155,73,99,106,4,115,152,35,161,102,186,133,76,112,104,31,74,34,108,51,50,198,174,16,194,29,154,60,177,27,43,127,96,171,141,11,22,64,79,42,119,148,83,86,199,81,153,166,24,150,10,185,62,120,178,46,180,191,121];False
3438;6860;10298;[20,190,188,93,130,5,179,47,57,3,192,89,18,181,68,48,63,118,44,140,124,94,75,36,145,196,113,61,45,138,65,82,187,128,134,195,33,183,162,126,143,160,91,6,77,149,189,7,173,103,168,17,84,122,2,97,0,85,19,26,176,116,23,49,170,95,167,87,66,135,53,56,21,92,147,67,32,165,169,142,163,25,70,90,41,88,164,37,156,71,8,184,123,146,72,78,131,110,101,59,80,100,30,114,182,139,125,58,158,54,197,1,117,98,157,136,137,151,175,12,193,172,39,107,55,14,13,111,52,40,132,129,15,9,28,105,69,159,38,144,109,155,73,99,106,4,115,152,35,161,102,186,133,76,112,104,31,74,34,108,51,50,198,174,16,194,29,154,60,177,27,43,127,96,171,141,11,22,64,79,42,119,148,83,86,199,81,153,166,24,150,10,185,62,120,178,46,180,191,121];False
3467;6851;10318;[20,190,188,93,130,5,179,47,57,3,192,89,18,181,68,48,63,118,44,140,124,94,75,36,145,196,113,61,45,138,65,82,187,128,134,195,33,183,162,126,143,160,91,6,77,149,189,7,173,103,168,17,84,122,2,97,0,85,19,26,176,116,41,49,170,95,167,87,66,135,53,56,21,92,147,67,32,165,169,23,163,25,70,90,142,88,164,37,156,71,8,184,123,146,72,78,131,110,101,59,80,100,30,114,182,139,125,58,158,54,197,1,117,98,157,136,137,151,175,12,193,172,39,107,55,14,13,111,52,40,132,129,15,9,28,105,69,159,38,144,109,155,73,99,106,4,115,152,35,161,102,186,133,76,112,104,31,74,34,108,51,50,198,174,16,194,29,154,60,177,27,43,127,96,171,141,11,22,64,79,42,119,148,83,86,199,81,153,166,24,150,10,185,62,120,178,46,180,191,121];False
3457;6853;10310;[20,190,188,93,130,5,179,47,57,3,192,89,18,181,68,48,63,118,44,140,124,94,75,36,145,196,113,61,45,138,65,82,187,128,134,195,33,183,162,126,143,160,91,6,77,149,189,7,173,103,168,17,84,122,2,97,0,85,19,26,176,116,142,137,170,95,167,87,66,135,53,56,21,92,147,67,32,165,169,23,163,25,70,90,41,88,164,37,156,71,8,184,123,146,72,78,131,110,101,59,80,100,30,114,182,139,125,58,158,54,197,1,117,98,157,136,49,151,175,12,193,172,39,107,55,14,13,111,52,40,132,129,15,9,28,105,69,159,38,144,109,155,73,99,106,4,115,152,35,161,102,186,133,76,112,104,31,74,34,108,51,50,198,174,16,194,29,154,60,177,27,43,127,96,171,141,11,22,64,79,42,119,148,83,86,199,81,153,166,24,150,10,185,62,120,178,46,180,191,121];False
3380;6882;10262;[20,190,188,93,130,5,179,47,57,3,192,89,18,181,68,48,63,118,44,140,124,94,75,36,145,196,113,61,45,138,65,82,187,128,134,195,33,183,162,126,143,160,91,6,77,149,189,7,173,103,168,17,84,122,2,97,0,85,19,26,176,116,142,49,170,95,167,87,66,135,53,56,21,92,147,67,32,165,169,72,163,25,70,90,41,88,164,37,156,71,8,184,123,146,23,78,131,110,101,59,80,100,30,114,182,139,125,58,158,54,197,1,117,98,157,136,137,151,175,12,193,172,39,107,55,14,13,111,52,40,132,129,15,9,28,105,69,159,38,144,109,155,73,99,106,4,115,152,35,161,102,186,133,76,112,104,31,74,34,108,51,50,198,174,16,194,29,154,60,177,27,43,127,96,171,141,11,22,64,79,42,119,148,83,86,199,81,153,166,24,150,10,185,62,120,178,46,180,191,121];False
3460;6850;10310;[20,190,188,93,130,5,179,47,57,3,192,89,18,181,68,48,63,118,44,140,124,94,75,36,145,196,113,61,45,138,65,82,187,128,134,195,33,183,162,126,143,160,91,6,77,149,189,7,173,103,168,17,84,122,2,97,0,85,19,26,176,116,142,49,170,95,167,87,66,135,53,56,21,92,147,67,32,165,169,23,163,25,164,90,41,88,70,37,156,71,8,184,123,146,72,78,131,110,101,59,80,100,30,114,182,139,125,58,158,54,197,1,117,98,157,136,137,151,175,12,193,172,39,107,55,14,13,111,52,40,132,129,15,9,28,105,69,159,38,144,109,155,73,99,106,4,115,152,35,161,102,186,133,76,112,104,31,74,34,108,51,50,198,174,16,194,29,154,60,177,27,43,127,96,171,141,11,22,64,79,42,119,148,83,86,199,81,153,166,24,150,10,185,62,120,178,46,180,191,121];False
3374;6874;10248;[20,190,188,93,130,5,179,47,57,3,192,89,18,181,68,48,63,118,44,140,124,94,75,36,145,196,113,61,45,138,65,82,187,128,134,195,33,183,162,126,143,160,91,6,77,149,189,7,173,103,168,17,84,122,2,97,0,85,19,26,176,116,142,49,170,95,167,87,66,135,53,56,21,92,147,67,32,165,169,23,163,25,70,90,41,88,164,37,156,71,8,184,123,146,72,78,131,110,101,59,80,100,30,114,182,139,125,58,158,54,197,1,117,98,157,136,137,151,175,12,193,172,39,107,55,14,13,111,112,40,132,129,15,9,28,105,69,159,38,144,109,155,73,99,106,4,115,152,35,161,102,186,133,76,52,104,31,74,34,108,51,50,198,174,16,194,29,154,60,177,27,43,127,96,171,141,11,22,64,79,42,119,148,83,86,199,81,153,166,24,150,10,185,62,120,178,46,180,191,121];False
3423;6857;10280;[20,190,188,93,130,5,179,47,57,3,192,89,18,181,68,48,63,118,44,140,124,94,75,36,145,196,113,61,45,138,65,82,187,128,134,195,33,183,162,126,143,160,91,6,77,149,189,7,173,103,168,17,84,122,2,97,0,85,19,26,176,116,142,49,170,95,167,87,66,135,53,56,21,92,147,67,32,165,169,23,163,25,70,90,41,88,164,37,156,71,8,184,123,146,72,78,131,110,101,59,80,100,30,114,182,139,125,58,158,54,197,1,117,98,157,136,137,151,175,12,193,172,39,107,55,14,13,111,52,40,132,129,15,9,28,105,69,159,38,144,109,155,73,99,106,4,115,152,35,161,102,86,133,76,112,104,31,74,34,108,51,50,198,174,16,194,29,154,60,177,27,43,127,96,171,141,11,22,64,79,42,119,148,83,186,199,81,153,166,24,150,10,185,62,120,178,46,180,191,121];False
3566;6822;10388;[20,190,188,87,130,5,179,47,57,3,32,173,18,181,68,48,63,118,44,140,124,94,75,36,145,196,113,61,45,138,65,82,187,128,134,195,33,183,162,126,143,160,91,6,77,149,189,7,89,103,168,17,84,122,2,97,0,85,19,26,176,116,142,49,170,95,167,93,66,135,53,56,21,92,147,67,192,165,169,23,163,25,70,90,41,88,164,37,156,71,8,184,123,146,72,78,131,110,101,59,80,100,30,114,182,139,125,58,151,54,197,1,117,98,157,136,137,158,175,12,193,172,39,107,55,14,13,111,52,40,132,129,15,9,28,105,69,159,38,144,109,155,73,99,106,4,115,152,35,161,102,186,133,76,112,104,31,74,34,108,51,50,198,174,16,194,29,154,60,177,27,43,127,96,171,141,11,22,64,79,42,119,148,83,86,199,81,153,166,24,150,10,185,62,120,178,46,180,191,121];False
3551;6832;10383;[20,190,188,87,130,5,179,47,57,3,192,89,18,181,68,48,63,118,44,140,124,94,75,36,145,196,113,61,45,138,65,82,187,128,134,195,33,183,162,126,143,160,91,6,77,149,189,7,173,103,168,17,84,122,2,97,0,85,19,26,176,116,142,49,170,95,167,178,66,135,53,56,21,92,147,67,32,165,169,23,163,25,70,90,41,88,164,37,156,71,8,184,123,109,72,78,131,110,101,59,80,100,30,114,182,139,125,58,151,54,197,1,117,98,157,136,137,158,175,12,193,172,39,107,55,14,13,111,52,40,132,129,15,9,28,105,69,159,38,144,146,155,73,99,106,4,115,152,35,161,102,186,133,76,112,104,31,74,34,108,51,50,198,174,16,194,29,154,60,177,27,43,127,96,171,141,11,22,64,79,42,119,148,83,86,199,81,153,166,24,150,10,185,62,120,93,46,180,191,121];False
3438;6847;10285;[20,190,188,87,130,5,179,47,57,3,192,89,18,181,68,48,63,118,44,140,124,94,75,36,145,196,113,61,45,138,65,82,187,128,134,195,33,183,162,126,143,160,91,6,77,149,189,7,173,103,168,17,84,122,2,97,0,85,19,26,176,116,142,49,170,95,167,178,66,135,53,56,21,92,147,67,32,165,169,23,163,25,70,90,41,88,164,37,156,71,8,184,123,146,72,78,131,110,101,59,80,100,30,114,182,139,125,58,158,54,197,1,117,98,157,136,137,151,175,12,193,172,39,107,55,14,13,111,52,40,132,129,15,9,28,105,69,159,38,144,109,155,73,99,106,4,115,152,35,161,102,186,133,76,112,104,31,74,34,108,51,50,198,174,16,194,29,154,60,177,27,43,127,96,171,141,11,22,64,79,42,119,148,83,86,199,81,153,166,24,150,10,185,62,120,93,46,180,191,121];False
3609;6818;10427;[20,190,188,87,130,5,179,47,57,3,192,173,18,181,68,48,63,118,44,140,124,94,75,36,145,196,113,61,45,138,65,82,187,128,134,195,33,183,162,126,143,160,91,6,77,149,189,7,89,103,168,17,84,122,2,97,0,85,19,26,176,116,142,49,170,95,167,93,66,135,53,56,21,92,147,67,32,165,169,23,163,25,164,90,41,88,70,37,156,71,8,184,123,146,72,78,131,110,101,59,80,100,30,114,182,139,125,58,151,54,197,1,117,98,157,136,137,158,175,12,193,172,39,107,55,14,13,111,52,40,132,129,15,9,28,105,69,159,38,144,109,155,73,99,106,4,115,152,35,161,102,186,133,76,112,104,31,74,34,108,51,50,198,174,16,194,29,154,60,177,27,43,127,96,171,141,11,22,64,79,42,119,148,83,86,199,81,153,166,24,150,10,185,62,120,178,46,180,191,121];False
3628;6814;10442;[20,190,188,87,130,5,179,47,57,3,192,89,18,181,68,48,63,118,44,140,124,94,75,36,145,196,113,61,45,138,65,82,187,128,134,195,33,183,162,126,143,160,91,6,77,149,189,7,173,103,168,17,84,122,2,97,0,85,19,26,176,116,142,49,170,95,167,93,66,135,53,56,21,92,147,67,32,165,169,23,163,25,164,90,41,88,70,37,156,71,8,184,123,109,72,78,131,110,101,59,80,100,30,114,182,139,125,58,151,54,197,1,117,98,157,136,137,158,175,12,193,172,39,107,55,14,13,111,52,40,132,129,15,9,28,105,69,159,38,144,146,155,73,99,106,4,115,152,35,161,102,186,133,76,112,104,31,74,34,108,51,50,198,174,16,194,29,154,60,177,27,43,127,96,171,141,11,22,64,79,42,119,148,83,86,199,81,153,166,24,150,10,185,62,120,178,46,180,191,121];False
3515;6829;10344;[20,190,188,87,130,5,179,47,57,3,192,89,18,181,68,48,63,118,44,140,124,94,75,36,145,196,113,61,45,138,65,82,187,128,134,195,33,183,162,126,143,160,91,6,77,149,189,7,173,103,168,17,84,122,2,97,0,85,19,26,176,116,142,49,170,95,167,93,66,135,53,56,21,92,147,67,32,165,169,23,163,25,164,90,41,88,70,37,156,71,8,184,123,146,72,78,131,110,101,59,80,100,30,114,182,139,125,58,158,54,197,1,117,98,157,136,137,151,175,12,193,172,39,107,55,14,13,111,52,40,132,129,15,9,28,105,69,159,38,144,109,155,73,99,106,4,115,152,35,161,102,186,133,76,112,104,31,74,34,108,51,50,198,174,16,194,29,154,60,177,27,43,127,96,171,141,11,22,64,79,42,119,148,83,86,199,81,153,166,24,150,10,185,62,120,178,46,180,191,121];False
3488;6846;10334;[20,190,188,87,130,5,177,47,57,3,192,89,18,181,68,48,63,118,44,140,124,94,75,36,145,196,113,61,45,138,65,82,187,128,134,195,33,183,162,126,143,160,91,6,77,149,189,7,173,103,168,17,84,122,2,97,0,85,19,26,176,116,142,49,170,95,167,93,66,135,53,56,21,92,147,67,32,165,169,23,163,25,70,90,41,88,164,37,156,71,8,184,123,146,72,78,131,110,101,59,80,100,30,114,182,139,125,58,158,54,197,1,117,98,157,136,137,151,175,12,193,172,39,107,55,14,13,111,52,40,132,129,15,9,28,105,69,159,38,144,109,155,73,99,106,4,115,152,35,161,102,186,133,76,112,104,31,74,34,108,51,50,198,174,16,194,29,154,60,179,27,43,127,96,171,141,11,22,64,79,42,119,148,83,86,199,81,153,166,24,150,10,185,62,120,178,46,180,191,121];False
3484;6843;10327;[20,190,188,87,130,5,42,47,57,3,192,89,18,181,68,48,63,118,44,140,124,94,75,36,145,196,113,61,45,138,65,82,187,128,134,195,33,183,162,126,143,160,91,6,77,149,189,7,173,103,168,17,84,122,2,97,0,85,19,26,176,116,142,49,170,95,167,93,66,135,53,56,21,92,147,67,32,165,169,23,163,25,70,90,41,88,164,37,156,71,8,184,123,146,72,78,131,110,101,59,80,100,30,114,182,139,125,58,158,54,197,1,117,98,157,136,137,151,175,12,193,172,39,107,55,14,13,111,52,40,132,129,15,9,28,105,69,159,38,144,109,155,73,99,106,4,115,152,35,161,102,186,133,76,112,104,31,74,34,108,51,50,198,174,16,194,29,154,60,177,27,43,127,96,171,141,11,22,64,79,179,119,148,83,86,199,81,153,166,24,150,10,185,62,120,178,46,180,191,121];False
3547;6821;10368;[20,190,188,87,130,5,179,47,57,3,192,173,18,181,68,48,63,118,44,140,124,94,75,36,145,196,113,61,45,138,65,82,187,128,134,195,33,183,162,126,143,160,91,6,77,149,189,7,89,103,168,17,84,122,2,97,0,85,19,26,176,116,142,49,170,95,167,93,66,135,53,56,21,92,147,67,32,165,169,23,163,25,70,90,41,88,164,37,156,71,8,184,123,146,72,78,131,110,101,59,80,100,30,114,182,139,125,58,158,54,197,1,117,98,157,136,137,151,175,12,193,172,39,107,55,14,13,111,52,40,132,129,15,9,28,105,69,159,38,144,109,155,73,99,106,4,115,152,35,161,102,186,133,76,112,104,31,74,34,108,51,50,198,174,16,194,29,154,60,177,27,43,127,96,171,141,11,22,64,79,42,119,148,83,86,199,81,153,166,24,150,10,185,62,120,178,46,180,191,121];False
3468;6845;10313;[20,190,188,87,130,5,179,47,57,3,192,89,18,181,68,48,63,118,44,140,124,94,75,36,145,196,113,61,45,138,65,82,187,128,134,195,33,183,162,126,143,160,91,6,149,77,189,7,173,103,168,17,84,122,2,97,0,85,19,26,176,116,142,49,170,95,167,93,66,135,53,56,21,92,147,67,32,165,169,23,163,25,70,90,41,88,164,37,156,71,8,184,123,146,72,78,131,110,101,59,80,100,30,114,182,139,125,58,158,54,197,1,117,98,157,136,137,151,175,12,193,172,39,107,55,14,13,111,52,40,132,129,15,9,28,105,69,159,38,144,109,155,73,99,106,4,115,152,35,161,102,186,133,76,112,104,31,74,34,108,51,50,198,174,16,194,29,154,60,177,27,43,127,96,171,141,11,22,64,79,42,119,148,83,86,199,81,153,166,24,150,10,185,62,120,178,46,180,191,121];False
3460;6844;10304;[20,190,188,87,130,5,179,47,57,3,192,89,18,181,68,48,63,118,44,140,124,94,75,36,145,196,113,61,45,138,65,82,187,128,134,195,33,183,162,126,143,160,91,6,77,149,189,7,173,103,168,17,84,122,132,97,0,85,19,26,176,116,142,49,170,95,167,93,66,135,53,56,21,92,147,67,32,165,169,23,163,25,70,90,41,88,164,37,156,71,8,184,123,146,72,78,131,110,101,59,80,100,30,114,182,139,125,58,158,54,197,1,117,98,157,136,137,151,175,12,193,172,39,107,55,14,13,111,52,40,2,129,15,9,28,105,69,159,38,144,109,155,73,99,106,4,115,152,35,161,102,186,133,76,112,104,31,74,34,108,51,50,198,174,16,194,29,154,60,177,27,43,127,96,171,141,11,22,64,79,42,119,148,83,86,199,81,153,166,24,150,10,185,62,120,178,46,180,191,121];False
3493;6839;10332;[20,190,188,87,130,5,179,47,57,3,192,89,18,181,68,48,63,118,44,140,124,94,75,36,145,196,113,61,45,138,65,82,187,128,134,195,33,183,162,126,143,160,91,6,77,149,189,7,173,103,168,17,84,122,2,97,0,85,19,26,176,116,23,49,170,95,167,93,66,135,53,56,21,92,147,67,32,165,169,142,163,25,70,90,41,88,164,37,156,71,8,184,123,146,72,78,131,110,101,59,80,100,30,114,182,139,125,58,158,54,197,1,117,98,157,136,137,151,175,12,193,172,39,107,55,14,13,111,52,40,132,129,15,9,28,105,69,159,38,144,109,155,73,99,106,4,115,152,35,161,102,186,133,76,112,104,31,74,34,108,51,50,198,174,16,194,29,154,60,177,27,43,127,96,171,141,11,22,64,79,42,119,148,83,86,199,81,153,166,24,150,10,185,62,120,178,46,180,191,121];False
3512;6832;10344;[20,190,188,87,130,5,179,47,57,3,192,89,18,181,68,48,63,118,44,140,124,94,75,36,145,196,113,61,45,138,65,82,187,128,134,195,33,183,162,126,143,160,91,6,77,149,189,7,173,103,168,17,84,122,2,97,0,85,19,26,176,116,142,137,170,95,167,93,66,135,53,56,21,92,147,67,32,165,169,23,163,25,70,90,41,88,164,37,156,71,8,184,123,146,72,78,131,110,101,59,80,100,30,114,182,139,125,58,158,54,197,1,117,98,157,136,49,151,175,12,193,172,39,107,55,14,13,111,52,40,132,129,15,9,28,105,69,159,38,144,109,155,73,99,106,4,115,152,35,161,102,186,133,76,112,104,31,74,34,108,51,50,198,174,16,194,29,154,60,177,27,43,127,96,171,141,11,22,64,79,42,119,148,83,86,199,81,153,166,24,150,10,185,62,120,178,46,180,191,121];False
3566;6817;10383;[20,190,188,87,130,5,179,47,57,3,192,89,18,181,68,48,63,118,44,140,124,94,75,36,145,196,113,61,45,138,65,82,187,128,134,195,33,183,162,126,143,160,91,6,77,149,189,7,173,103,168,17,84,122,2,97,0,85,19,26,176,116,142,49,170,95,167,93,66,135,53,56,21,92,147,67,32,165,169,23,163,25,70,90,41,88,164,37,156,71,8,184,123,109,72,78,131,110,101,59,80,100,30,114,182,139,125,58,158,54,197,1,117,98,157,136,137,151,175,12,193,172,39,107,55,14,13,111,52,40,132,129,15,9,28,105,69,159,38,144,146,155,73,99,106,4,115,152,35,161,102,186,133,76,112,104,31,74,34,108,51,50,198,174,16,194,29,154,60,177,27,43,127,96,171,141,11,22,64,79,42,119,148,83,86,199,81,153,166,24,150,10,185,62,120,178,46,180,191,121];False
3429;6853;10282;[20,190,188,87,130,5,179,47,57,3,192,89,18,181,68,48,63,118,44,140,124,94,75,36,145,196,113,61,45,138,65,82,187,128,134,195,33,183,162,126,143,160,91,6,77,149,189,7,173,103,168,17,84,122,2,97,0,85,19,26,176,116,142,49,170,95,167,93,66,135,53,56,21,92,147,67,32,165,169,23,163,25,70,90,41,88,164,37,156,71,8,184,123,146,72,78,131,110,101,59,80,100,30,114,182,139,125,58,158,54,197,1,117,98,157,136,137,151,175,12,193,172,39,107,55,14,13,111,112,40,132,129,15,9,28,105,69,159,38,144,109,155,73,99,106,4,115,152,35,161,102,186,133,76,52,104,31,74,34,108,51,50,198,174,16,194,29,154,60,177,27,43,127,96,171,141,11,22,64,79,42,119,148,83,86,199,81,153,166,24,150,10,185,62,120,178,46,180,191,121];False
3478;6836;10314;[20,190,188,87,130,5,179,47,57,3,192,89,18,181,68,48,63,118,44,140,124,94,75,36,145,196,113,61,45,138,65,82,187,128,134,195,33,183,162,126,143,160,91,6,77,149,189,7,173,103,168,17,84,122,2,97,0,85,19,26,176,116,142,49,170,95,167,93,66,135,53,56,21,92,147,67,32,165,169,23,163,25,70,90,41,88,164,37,156,71,8,184,123,146,72,78,131,110,101,59,80,100,30,114,182,139,125,58,158,54,197,1,117,98,157,136,137,151,175,12,193,172,39,107,55,14,13,111,52,40,132,129,15,9,28,105,69,159,38,144,109,155,73,99,106,4,115,152,35,161,102,86,133,76,112,104,31,74,34,108,51,50,198,174,16,194,29,154,60,177,27,43,127,96,171,141,11,22,64,79,42,119,148,83,186,199,81,153,166,24,150,10,185,62,120,178,46,180,191,121];False
3883;6777;10660;[50,20,188,87,130,5,42,47,132,89,115,152,18,181,68,48,63,118,44,140,124,94,196,36,145,75,113,61,45,138,65,82,187,128,134,195,33,183,162,126,143,160,91,6,77,149,189,148,173,116,123,17,84,122,12,97,0,85,19,26,176,3,136,49,170,95,167,93,66,135,53,56,21,92,147,67,32,165,169,23,163,25,70,90,41,88,164,37,156,71,8,184,190,109,72,78,131,110,101,59,80,100,30,114,182,139,125,58,151,175,57,1,117,98,157,142,137,158,54,197,193,172,39,107,55,14,13,111,52,40,2,129,15,9,28,105,69,159,38,144,146,155,73,99,106,4,192,103,35,161,102,186,133,76,112,104,31,168,34,108,51,74,198,174,16,194,29,154,60,179,27,43,127,96,171,141,11,22,64,79,177,199,166,83,86,119,81,153,7,24,150,10,185,62,120,178,46,180,191,121];False
3919;6765;10684;[74,20,188,87,130,5,42,47,132,89,75,152,18,181,68,48,63,118,44,140,124,94,196,36,145,115,113,61,45,138,65,82,187,128,134,195,33,183,162,126,143,160,91,6,77,149,189,148,173,116,123,17,84,122,12,97,0,85,19,26,176,3,136,49,170,95,167,93,66,135,53,56,21,92,147,67,32,165,169,23,163,25,70,90,41,88,164,37,156,71,8,184,190,109,72,78,131,110,101,59,80,100,30,114,182,139,125,58,151,175,57,1,117,98,157,142,137,158,54,197,193,172,39,107,55,14,13,111,52,40,2,129,15,9,28,105,69,159,38,144,146,155,73,99,106,4,192,103,35,161,102,186,133,76,112,104,31,168,34,108,51,50,198,174,16,194,29,154,60,179,27,43,127,96,171,141,11,22,64,79,177,199,166,83,86,119,81,153,7,24,150,10,185,62,120,178,46,180,191,121];False
3872;6780;10652;[74,20,188,87,130,5,42,47,132,89,115,152,76,181,68,48,63,118,44,140,124,94,196,36,145,75,113,61,45,138,65,82,187,128,134,195,33,183,162,126,143,160,91,6,77,149,189,148,173,116,123,17,84,122,12,97,0,85,19,26,176,3,136,49,170,95,167,93,66,135,53,56,21,92,147,67,32,165,169,23,163,25,70,90,41,88,164,37,156,71,8,184,190,109,72,78,131,110,101,59,80,100,30,114,182,139,125,58,151,175,57,1,117,98,157,142,137,158,54,197,193,172,39,107,55,14,13,111,52,40,2,129,15,9,28,105,69,159,38,144,146,155,73,99,106,4,192,103,35,161,102,186,133,18,112,104,31,168,34,108,51,50,198,174,16,194,29,154,60,179,27,43,127,96,171,141,11,22,64,79,177,199,166,83,86,119,81,153,7,24,150,10,185,62,120,178,46,180,191,121];False
3914;6770;10684;[74,20,188,87,130,5,42,47,132,89,115,152,18,181,68,48,63,118,44,140,124,94,196,36,145,173,113,61,45,138,65,82,187,128,134,195,33,183,162,126,143,160,91,6,77,149,189,148,75,116,123,17,84,122,12,97,0,85,19,26,176,3,136,49,170,95,167,93,66,135,53,56,21,92,147,67,32,165,169,23,163,25,70,90,41,88,164,37,156,71,8,184,190,109,72,78,131,110,101,59,80,100,30,114,182,139,125,58,151,175,57,1,117,98,157,142,137,158,54,197,193,172,39,107,55,14,13,111,52,40,2,129,15,9,28,105,69,159,38,144,146,155,73,99,106,4,192,103,35,161,102,186,133,76,112,104,31,168,34,108,51,50,198,174,16,194,29,154,60,179,27,43,127,96,171,141,11,22,64,79,177,199,166,83,86,119,81,153,7,24,150,10,185,62,120,178,46,180,191,121];False
3814;6784;10598;[74,20,188,87,130,5,42,47,132,89,115,152,18,181,68,48,63,118,44,140,124,94,196,36,145,165,113,61,45,138,65,82,187,128,134,195,33,183,162,126,143,160,91,6,77,149,189,148,173,116,123,17,84,122,12,97,0,85,19,26,176,3,136,49,170,95,167,93,66,135,53,56,21,92,147,67,32,75,169,23,163,25,70,90,41,88,164,37,156,71,8,184,190,109,72,78,131,110,101,59,80,100,30,114,182,139,125,58,151,175,57,1,117,98,157,142,137,158,54,197,193,172,39,107,55,14,13,111,52,40,2,129,15,9,28,105,69,159,38,144,146,155,73,99,106,4,192,103,35,161,102,186,133,76,112,104,31,168,34,108,51,50,198,174,16,194,29,154,60,179,27,43,127,96,171,141,11,22,64,79,177,199,166,83,86,119,81,153,7,24,150,10,185,62,120,178,46,180,191,121];False
3882;6775;10657;[74,20,188,87,130,5,42,47,132,89,115,152,18,181,68,48,63,118,44,140,124,94,196,36,145,75,113,61,45,138,65,82,187,128,134,195,33,183,162,126,143,160,91,6,77,149,189,148,173,116,123,17,84,122,12,97,0,85,19,26,176,3,136,49,170,95,129,93,66,135,53,56,21,92,147,67,32,165,169,23,163,25,70,90,41,88,164,37,156,71,8,184,190,109,72,78,131,110,101,59,80,100,30,114,182,139,125,58,151,175,57,1,117,98,157,142,137,158,54,197,193,172,39,107,55,14,13,111,52,40,2,167,15,9,28,105,69,159,38,144,146,155,73,99,106,4,192,103,35,161,102,186,133,76,112,104,31,168,34,108,51,50,198,174,16,194,29,154,60,179,27,43,127,96,171,141,11,22,64,79,177,199,166,83,86,119,81,153,7,24,150,10,185,62,120,178,46,180,191,121];False
3890;6773;10663;[74,20,188,87,130,5,42,47,132,89,115,152,18,181,68,48,63,118,44,140,124,94,196,36,145,75,113,61,45,138,65,82,187,128,134,195,33,183,162,126,143,160,91,6,77,149,189,148,173,116,123,17,84,122,12,97,0,85,19,26,176,3,136,49,170,95,167,93,66,135,53,56,21,92,147,67,32,165,169,23,163,25,164,90,41,88,70,37,156,71,8,184,190,109,72,78,131,110,101,59,80,100,30,114,182,139,125,58,151,175,57,1,117,98,157,142,137,158,54,197,193,172,39,107,55,14,13,111,52,40,2,129,15,9,28,105,69,159,38,144,146,155,73,99,106,4,192,103,35,161,102,186,133,76,112,104,31,168,34,108,51,50,198,174,16,194,29,154,60,179,27,43,127,96,171,141,11,22,64,79,177,199,166,83,86,119,81,153,7,24,150,10,185,62,120,178,46,180,191,121];False
3905;6772;10677;[74,20,188,87,130,5,42,47,132,89,115,152,18,181,68,48,63,118,44,140,124,94,196,36,145,75,113,61,45,138,65,82,187,128,134,195,33,183,162,126,143,160,91,6,77,149,189,148,173,116,123,17,84,122,12,97,0,85,19,26,176,3,136,49,170,95,167,93,66,135,53,56,21,92,147,67,32,165,169,23,163,25,70,90,41,88,164,37,156,71,8,184,190,109,72,78,131,110,101,59,80,100,30,114,182,139,125,137,151,175,57,1,117,98,157,142,58,158,54,197,193,172,39,107,55,14,13,111,52,40,2,129,15,9,28,105,69,159,38,144,146,155,73,99,106,4,192,103,35,161,102,186,133,76,112,104,31,168,34,108,51,50,198,174,16,194,29,154,60,179,27,43,127,96,171,141,11,22,64,79,177,199,166,83,86,119,81,153,7,24,150,10,185,62,120,178,46,180,191,121];False
3971;6764;10735;[74,20,188,87,130,5,42,47,132,89,115,152,18,181,68,48,63,118,44,140,124,94,196,36,145,75,113,61,45,138,65,82,187,128,134,195,33,183,162,126,143,160,91,6,77,149,189,148,173,116,123,17,84,122,12,97,0,85,19,26,176,3,136,49,170,95,167,93,66,135,53,56,21,92,147,67,32,165,169,23,163,25,70,90,41,88,164,37,156,71,8,184,190,109,72,78,131,110,101,59,80,100,30,114,182,139,125,58,151,175,57,1,117,98,157,142,137,158,54,197,193,172,39,107,55,14,13,111,52,40,2,129,24,9,28,105,69,159,38,144,146,155,73,99,106,4,192,103,35,161,102,186,133,76,112,104,31,168,34,108,51,50,198,174,16,194,29,154,60,179,27,43,127,96,171,141,11,22,64,79,177,199,166,83,86,119,81,153,7,15,150,10,185,62,120,178,46,180,191,121];False
3726;6800;10526;[74,20,188,87,130,5,42,47,132,89,115,152,86,181,68,48,63,118,44,140,124,94,75,36,145,196,113,61,45,138,65,82,187,128,134,195,33,183,162,126,143,160,91,6,77,149,189,148,173,116,123,17,84,122,12,97,0,85,19,26,176,3,136,49,170,95,57,93,66,135,53,56,21,92,147,67,32,165,169,23,163,25,70,90,41,88,164,37,156,71,8,184,190,109,72,78,131,110,101,59,80,100,30,114,182,139,125,58,151,175,197,1,117,98,157,142,137,158,54,167,193,172,39,107,55,14,13,111,52,40,2,129,15,9,28,105,69,159,38,144,146,155,73,99,106,4,192,103,35,161,102,186,133,18,112,104,31,168,34,108,51,50,198,174,16,194,29,154,60,179,27,43,127,96,171,141,11,22,64,79,177,199,166,83,76,119,81,153,7,24,150,10,185,62,120,178,46,180,191,121];False
3751;6796;10547;[50,20,188,87,130,5,42,47,132,89,115,152,18,181,68,48,63,118,44,140,124,94,75,36,145,196,113,61,45,138,65,82,187,128,134,195,33,183,162,126,143,160,91,6,77,149,189,148,173,116,123,17,84,122,12,97,0,85,19,26,176,3,136,49,170,95,57,93,66,135,53,56,21,92,147,67,32,165,169,23,163,25,164,90,41,88,70,37,156,71,8,184,190,109,72,78,131,110,101,59,80,100,30,114,182,139,125,58,151,175,197,1,117,98,157,142,137,158,54,167,193,172,39,107,55,14,13,111,52,40,2,129,15,9,28,105,69,159,38,144,146,155,73,99,106,4,192,103,35,161,102,186,133,76,112,104,31,168,34,108,51,74,198,174,16,194,29,154,60,179,27,43,127,96,171,141,11,22,64,79,177,199,166,83,86,119,81,153,7,24,150,10,185,62,120,178,46,180,191,121];False
3740;6799;10539;[74,20,188,87,130,5,42,47,132,89,115,152,76,181,68,48,63,118,44,140,124,94,75,36,145,196,113,61,45,138,65,82,187,128,134,195,33,183,162,126,143,160,91,6,77,149,189,148,173,116,123,17,84,122,12,97,0,85,19,26,176,3,136,49,170,95,57,93,66,135,53,56,21,92,147,67,32,165,169,23,163,25,164,90,41,88,70,37,156,71,8,184,190,109,72,78,131,110,101,59,80,100,30,114,182,139,125,58,151,175,197,1,117,98,157,142,137,158,54,167,193,172,39,107,55,14,13,111,52,40,2,129,15,9,28,105,69,159,38,144,146,155,73,99,106,4,192,103,35,161,102,186,133,18,112,104,31,168,34,108,51,50,198,174,16,194,29,154,60,179,27,43,127,96,171,141,11,22,64,79,177,199,166,83,86,119,81,153,7,24,150,10,185,62,120,178,46,180,191,121];False
3703;6803;10506;[74,20,188,87,130,5,42,47,132,89,115,152,18,181,68,48,63,118,44,140,124,94,75,36,145,196,113,61,45,138,65,82,187,128,134,195,33,183,162,126,143,160,91,6,77,149,189,148,173,116,123,17,84,122,12,97,0,85,19,26,176,3,136,49,170,95,57,93,66,135,168,56,21,92,147,67,32,165,169,23,163,25,164,90,41,88,70,37,156,71,8,184,190,109,72,78,131,110,101,59,80,100,30,114,182,139,125,58,151,175,197,1,117,98,157,142,137,158,54,167,193,172,39,107,55,14,13,111,52,40,2,129,15,9,28,105,69,159,38,144,146,155,73,99,106,4,192,103,35,161,102,186,133,76,112,104,31,53,34,108,51,50,198,174,16,194,29,154,60,179,27,43,127,96,171,141,11,22,64,79,177,199,166,83,86,119,81,153,7,24,150,10,185,62,120,178,46,180,191,121];False
3858;6776;10634;[74,20,188,87,130,5,42,47,132,89,115,152,18,181,68,48,63,118,44,140,124,94,75,36,145,196,113,61,45,138,65,82,187,128,134,195,33,183,162,126,143,160,91,6,77,149,189,148,173,116,123,17,84,122,12,97,0,85,19,26,176,3,136,49,170,95,57,93,66,135,53,56,21,92,147,67,32,165,169,23,163,25,164,90,41,88,70,37,156,71,8,184,190,109,72,78,131,110,101,59,80,100,30,114,182,139,125,58,151,175,197,1,117,98,157,142,137,158,62,167,193,172,39,107,55,14,13,111,52,40,2,129,15,9,28,105,69,159,38,144,146,155,73,99,106,4,192,103,35,161,102,186,133,76,112,104,31,168,34,108,51,50,198,174,16,194,29,154,60,179,27,43,127,96,171,141,11,22,64,79,177,199,166,83,86,119,81,153,7,24,150,10,185,54,120,178,46,180,191,121];False
3854;6780;10634;[74,20,188,87,130,5,42,47,132,89,115,152,18,181,68,48,63,118,44,140,124,94,75,36,145,196,113,61,45,138,65,82,187,128,134,195,33,183,162,126,143,160,91,6,77,149,189,148,173,116,123,17,84,122,12,97,0,85,19,26,176,3,136,49,170,95,57,93,66,135,53,56,21,92,147,67,32,165,169,23,163,25,164,90,41,88,70,37,156,71,8,184,190,109,72,78,131,110,101,59,80,100,30,114,182,139,125,58,151,175,197,1,117,98,157,142,137,158,54,167,193,172,39,107,55,14,13,111,52,40,2,7,15,9,28,105,69,159,38,144,146,155,73,99,106,4,192,103,35,161,102,186,133,76,112,104,31,168,34,108,51,50,198,174,16,194,29,154,60,179,27,43,127,96,171,141,11,22,64,79,177,199,166,83,86,119,81,153,129,24,150,10,185,62,120,178,46,180,191,121];False
3851;6780;10631;[50,20,188,87,130,5,42,47,132,89,115,152,18,181,68,48,63,118,44,140,124,94,75,36,145,196,113,61,45,138,65,82,187,128,134,195,33,183,162,126,143,160,91,6,77,149,189,148,173,116,123,17,84,122,12,97,0,85,19,26,176,3,136,49,170,95,57,93,66,135,53,56,21,92,147,67,32,165,169,23,163,25,70,90,41,88,164,37,156,71,8,184,190,109,72,78,131,110,101,59,80,100,30,114,182,139,125,58,151,175,197,1,117,98,157,142,137,158,62,167,193,172,39,107,55,14,13,111,52,40,2,129,15,9,28,105,69,159,38,144,146,155,73,99,106,4,192,103,35,161,102,186,133,76,112,104,31,168,34,108,51,74,198,174,16,194,29,154,60,179,27,43,127,96,171,141,11,22,64,79,177,199,166,83,86,119,81,153,7,24,150,10,185,54,120,178,46,180,191,121];False
3876;6775;10651;[74,20,188,87,130,5,42,47,132,89,115,152,18,181,68,48,63,118,44,140,124,94,75,36,145,196,113,61,45,138,65,82,187,128,134,195,33,183,162,126,143,160,91,6,95,149,189,148,173,116,123,17,84,122,12,97,0,85,19,26,176,3,136,49,170,77,57,93,66,135,53,56,21,92,147,67,32,165,169,23,163,25,70,90,41,88,164,37,156,71,8,184,190,109,72,78,131,110,101,59,80,100,30,114,182,139,125,58,151,175,197,1,117,98,157,142,137,158,62,167,193,172,39,107,55,14,13,111,52,40,2,129,15,9,28,105,69,159,38,144,146,155,73,99,106,4,192,103,35,161,102,186,133,76,112,104,31,168,34,108,51,50,198,174,16,194,29,154,60,179,27,43,127,96,171,141,11,22,64,79,177,199,166,83,86,119,81,153,7,24,150,10,185,54,120,178,46,180,191,121];False
3889;6774;10663;[74,20,188,87,130,5,42,47,132,89,115,152,18,181,68,48,63,118,44,140,124,94,75,36,145,196,113,61,45,138,65,82,187,128,134,195,33,183,162,126,143,160,91,6,77,149,189,148,173,116,123,17,84,122,12,97,0,85,19,26,176,3,136,49,170,95,57,93,66,135,53,56,21,92,147,67,32,165,169,23,163,25,70,90,41,88,164,37,156,71,8,157,190,109,72,78,131,110,101,59,80,100,30,114,182,139,125,58,151,175,197,1,117,98,184,142,137,158,62,167,193,172,39,107,55,14,13,111,52,40,2,129,15,9,28,105,69,159,38,144,146,155,73,99,106,4,192,103,35,161,102,186,133,76,112,104,31,168,34,108,51,50,198,174,16,194,29,154,60,179,27,43,127,96,171,141,11,22,64,79,177,199,166,83,86,119,81,153,7,24,150,10,185,54,120,178,46,180,191,121];False
3873;6775;10648;[74,20,188,87,130,5,42,47,132,89,115,152,18,181,68,48,63,118,44,140,124,94,75,36,145,196,113,61,45,138,65,82,187,128,134,195,33,183,162,126,143,160,91,6,77,149,189,148,173,116,123,17,84,122,12,97,0,85,19,26,176,3,136,49,170,95,57,93,66,135,53,56,21,92,147,67,32,165,169,23,163,25,70,90,41,88,164,37,156,71,8,184,190,109,72,78,131,110,101,59,80,100,30,114,182,139,125,137,151,175,197,1,117,98,157,142,58,158,62,167,193,172,39,107,55,14,13,111,52,40,2,129,15,9,28,105,69,159,38,144,146,155,73,99,106,4,192,103,35,161,102,186,133,76,112,104,31,168,34,108,51,50,198,174,16,194,29,154,60,179,27,43,127,96,171,141,11,22,64,79,177,199,166,83,86,119,81,153,7,24,150,10,185,54,120,178,46,180,191,121];False
3821;6778;10599;[74,20,188,87,130,5,42,47,132,89,115,152,18,181,68,48,63,118,44,140,124,94,75,36,145,196,113,61,45,138,65,82,187,128,134,195,33,183,162,126,143,160,91,6,77,149,189,148,173,116,123,17,84,122,12,97,0,85,19,26,176,3,136,49,170,95,57,93,66,135,53,56,21,92,147,67,32,165,169,23,163,25,70,90,41,88,164,37,156,71,8,184,190,109,72,78,131,110,101,59,80,100,30,114,182,139,125,58,151,175,197,1,117,98,157,142,137,158,62,129,193,172,39,107,55,14,13,111,52,40,2,167,15,9,28,105,69,159,38,144,146,155,73,99,106,4,192,103,35,161,102,186,133,76,112,104,31,168,34,108,51,50,198,174,16,194,29,154,60,179,27,43,127,96,171,141,11,22,64,79,177,199,166,83,86,119,81,153,7,24,150,10,185,54,120,178,46,180,191,121];False
3809;6779;10588;[74,20,188,87,130,5,42,47,132,89,115,152,18,181,68,48,63,118,44,140,124,94,75,36,145,196,113,61,45,138,65,82,187,128,134,195,33,183,162,126,143,160,91,6,77,149,189,148,173,116,123,17,84,122,12,97,0,85,19,26,176,3,136,49,170,95,182,93,66,135,53,56,21,92,147,67,32,165,169,23,163,25,70,90,41,88,164,37,156,71,8,184,190,109,72,78,131,110,101,59,80,100,30,114,129,139,125,58,151,54,197,1,117,98,157,142,137,158,175,57,193,172,39,107,55,14,13,111,52,40,2,167,15,9,28,105,69,159,38,144,146,155,73,99,106,4,192,103,35,161,102,186,133,76,112,104,31,168,34,108,51,50,198,174,16,194,29,154,60,179,27,43,127,96,171,141,11,22,64,79,177,199,166,83,86,119,81,153,7,24,150,10,185,62,120,178,46,180,191,121];False
3764;6786;10550;[50,20,188,87,130,5,42,47,132,89,115,152,18,181,68,48,63,118,44,140,124,94,75,36,145,196,113,61,45,138,65,82,187,128,134,195,33,183,162,126,143,160,91,6,77,149,189,148,173,116,123,17,84,122,12,97,0,85,19,26,176,3,136,49,170,95,167,93,66,135,53,56,21,92,147,67,32,165,169,23,163,25,70,90,41,88,164,37,156,71,8,184,190,109,72,78,131,110,101,59,80,100,30,114,182,139,125,58,158,54,197,1,117,98,157,142,137,151,175,57,193,172,39,107,55,14,13,111,52,40,2,129,15,9,28,105,69,159,38,144,146,155,73,99,106,4,192,103,35,161,102,186,133,76,112,104,31,168,34,108,51,74,198,174,16,194,29,154,60,179,27,43,127,96,171,141,11,22,64,79,177,199,166,83,86,119,81,153,7,24,150,10,185,62,120,178,46,180,191,121];False
3896;6768;10664;[74,20,188,87,130,5,42,47,26,89,115,152,18,181,68,48,63,118,44,140,124,94,75,36,145,196,113,61,45,138,65,82,187,128,134,195,33,183,162,126,143,160,91,6,77,149,189,148,173,116,123,17,84,122,12,97,0,85,19,132,176,3,136,49,170,95,167,93,66,135,53,56,21,92,147,67,32,165,169,23,163,25,70,90,41,88,164,37,156,71,8,184,190,109,72,78,131,110,101,59,80,100,30,114,182,139,125,58,158,54,197,1,117,98,157,142,137,151,175,57,193,172,39,107,55,14,13,111,52,40,2,129,15,9,28,105,69,159,38,144,146,155,73,99,106,4,192,103,35,161,102,186,133,76,112,104,31,168,34,108,51,50,198,174,16,194,29,154,60,179,27,43,127,96,171,141,11,22,64,79,177,199,166,83,86,119,81,153,7,24,150,10,185,62,120,178,46,180,191,121];False
3719;6802;10521;[74,20,188,87,130,5,42,47,132,89,115,6,18,181,68,48,63,118,44,140,124,94,75,36,145,196,113,61,45,138,65,82,187,128,134,195,33,183,162,126,143,160,91,152,77,149,189,148,173,116,123,17,84,122,12,97,0,85,19,26,176,3,136,49,170,95,167,93,66,135,53,56,21,92,147,67,32,165,169,23,163,25,70,90,41,88,164,37,156,71,8,184,190,109,72,78,131,110,101,59,80,100,30,114,182,139,125,58,158,54,197,1,117,98,157,142,137,151,175,57,193,172,39,107,55,14,13,111,52,40,2,129,15,9,28,105,69,159,38,144,146,155,73,99,106,4,192,103,35,161,102,186,133,76,112,104,31,168,34,108,51,50,198,174,16,194,29,154,60,179,27,43,127,96,171,141,11,22,64,79,177,199,166,83,86,119,81,153,7,24,150,10,185,62,120,178,46,180,191,121];False
3724;6801;10525;[74,20,188,87,130,5,42,47,132,89,115,133,18,181,68,48,63,118,44,140,124,94,75,36,145,196,113,61,45,138,65,82,187,128,134,195,33,183,162,126,143,160,91,6,77,149,189,148,173,116,123,17,84,122,12,97,0,85,19,26,176,3,136,49,170,95,167,93,66,135,53,56,21,92,147,67,32,165,169,23,163,25,70,90,41,88,164,37,156,71,8,184,190,109,72,78,131,110,101,59,80,100,30,114,182,139,125,58,158,54,197,1,117,98,157,142,137,151,175,57,193,172,39,107,55,14,13,111,52,40,2,129,15,9,28,105,69,159,38,144,146,155,73,99,106,4,192,103,35,161,102,186,152,76,112,104,31,168,34,108,51,50,198,174,16,194,29,154,60,179,27,43,127,96,171,141,11,22,64,79,177,199,166,83,86,119,81,153,7,24,150,10,185,62,120,178,46,180,191,121];False
3732;6796;10528;[74,20,188,87,130,5,42,47,132,89,115,152,77,181,68,48,63,118,44,140,124,94,75,36,145,196,113,61,45,138,65,82,187,128,134,195,33,183,162,126,143,160,91,6,18,149,189,148,173,116,123,17,84,122,12,97,0,85,19,26,176,3,136,49,170,95,167,93,66,135,53,56,21,92,147,67,32,165,169,23,163,25,70,90,41,88,164,37,156,71,8,184,190,109,72,78,131,110,101,59,80,100,30,114,182,139,125,58,158,54,197,1,117,98,157,142,137,151,175,57,193,172,39,107,55,14,13,111,52,40,2,129,15,9,28,105,69,159,38,144,146,155,73,99,106,4,192,103,35,161,102,186,133,76,112,104,31,168,34,108,51,50,198,174,16,194,29,154,60,179,27,43,127,96,171,141,11,22,64,79,177,199,166,83,86,119,81,153,7,24,150,10,185,62,120,178,46,180,191,121];False
3730;6798;10528;[74,20,188,87,130,5,42,47,132,89,115,152,80,181,68,48,63,118,44,140,124,94,75,36,145,196,113,61,45,138,65,82,187,128,134,195,33,183,162,126,143,160,91,6,77,149,189,148,173,116,123,17,84,122,12,97,0,85,19,26,176,3,136,49,170,95,167,93,66,135,53,56,21,92,147,67,32,165,169,23,163,25,70,90,41,88,164,37,156,71,8,184,190,109,72,78,131,110,101,59,18,100,30,114,182,139,125,58,158,54,197,1,117,98,157,142,137,151,175,57,193,172,39,107,55,14,13,111,52,40,2,129,15,9,28,105,69,159,38,144,146,155,73,99,106,4,192,103,35,161,102,186,133,76,112,104,31,168,34,108,51,50,198,174,16,194,29,154,60,179,27,43,127,96,171,141,11,22,64,79,177,199,166,83,86,119,81,153,7,24,150,10,185,62,120,178,46,180,191,121];False
3753;6789;10542;[74,20,188,87,130,5,42,47,132,89,115,152,76,181,68,48,63,118,44,140,124,94,75,36,145,196,113,61,45,138,65,82,187,128,134,195,33,183,162,126,143,160,91,6,77,149,189,148,173,116,123,17,84,122,12,97,0,85,19,26,176,3,136,49,170,95,167,93,66,135,53,56,21,92,147,67,32,165,169,23,163,25,70,90,41,88,164,37,156,71,8,184,190,109,72,78,131,110,101,59,80,100,30,114,182,139,125,58,158,54,197,1,117,98,157,142,137,151,175,57,193,172,39,107,55,14,13,111,52,40,2,129,15,9,28,105,69,159,38,144,146,155,73,99,106,4,192,103,35,161,102,186,133,18,112,104,31,168,34,108,51,50,198,174,16,194,29,154,60,179,27,43,127,96,171,141,11,22,64,79,177,199,166,83,86,119,81,153,7,24,150,10,185,62,120,178,46,180,191,121];False
3795;6784;10579;[74,20,188,87,130,5,42,47,132,89,115,152,18,181,68,48,63,118,44,140,31,94,75,36,145,196,113,61,45,138,65,82,187,128,134,195,33,183,162,126,143,160,91,6,77,149,189,148,173,116,123,17,84,122,12,97,0,85,19,26,176,3,136,49,170,95,167,93,66,135,53,56,21,92,147,67,32,165,169,23,163,25,70,90,41,88,164,37,156,71,8,184,190,109,72,78,131,110,101,59,80,100,30,114,182,139,125,58,158,54,197,1,117,98,157,142,137,151,175,57,193,172,39,107,55,14,13,111,52,40,2,129,15,9,28,105,69,159,38,144,146,155,73,99,106,4,192,103,35,161,102,186,133,76,112,104,124,168,34,108,51,50,198,174,16,194,29,154,60,179,27,43,127,96,171,141,11,22,64,79,177,199,166,83,86,119,81,153,7,24,150,10,185,62,120,178,46,180,191,121];False
3857;6774;10631;[74,20,188,87,130,5,42,47,132,89,115,152,18,181,68,48,63,118,44,140,124,94,75,36,145,117,113,61,45,138,65,82,187,128,134,195,33,183,162,126,143,160,91,6,77,149,189,148,173,116,123,17,84,122,12,97,0,85,19,26,176,3,136,49,170,95,167,93,66,135,53,56,21,92,147,67,32,165,169,23,163,25,70,90,41,88,164,37,156,71,8,184,190,109,72,78,131,110,101,59,80,100,30,114,182,139,125,58,158,54,197,1,196,98,157,142,137,151,175,57,193,172,39,107,55,14,13,111,52,40,2,129,15,9,28,105,69,159,38,144,146,155,73,99,106,4,192,103,35,161,102,186,133,76,112,104,31,168,34,108,51,50,198,174,16,194,29,154,60,179,27,43,127,96,171,141,11,22,64,79,177,199,166,83,86,119,81,153,7,24,150,10,185,62,120,178,46,180,191,121];False
3771;6784;10555;[74,20,188,87,130,5,42,47,132,89,115,152,18,181,68,48,63,118,44,140,124,94,75,36,145,196,167,61,45,138,65,82,187,128,134,195,33,183,162,126,143,160,91,6,77,149,189,148,173,116,123,17,84,122,12,97,0,85,19,26,176,3,136,49,170,95,113,93,66,135,53,56,21,92,147,67,32,165,169,23,163,25,70,90,41,88,164,37,156,71,8,184,190,109,72,78,131,110,101,59,80,100,30,114,182,139,125,58,158,54,197,1,117,98,157,142,137,151,175,57,193,172,39,107,55,14,13,111,52,40,2,129,15,9,28,105,69,159,38,144,146,155,73,99,106,4,192,103,35,161,102,186,133,76,112,104,31,168,34,108,51,50,198,174,16,194,29,154,60,179,27,43,127,96,171,141,11,22,64,79,177,199,166,83,86,119,81,153,7,24,150,10,185,62,120,178,46,180,191,121];False
3724;6798;10522;[74,20,188,87,130,5,42,47,132,89,115,152,18,181,68,48,63,118,44,140,124,94,75,36,145,196,113,61,45,138,65,82,187,128,134,195,33,183,162,126,143,160,91,6,149,77,189,148,173,116,123,17,84,122,12,97,0,85,19,26,176,3,136,49,170,95,167,93,66,135,53,56,21,92,147,67,32,165,169,23,163,25,70,90,41,88,164,37,156,71,8,184,190,109,72,78,131,110,101,59,80,100,30,114,182,139,125,58,158,54,197,1,117,98,157,142,137,151,175,57,193,172,39,107,55,14,13,111,52,40,2,129,15,9,28,105,69,159,38,144,146,155,73,99,106,4,192,103,35,161,102,186,133,76,112,104,31,168,34,108,51,50,198,174,16,194,29,154,60,179,27,43,127,96,171,141,11,22,64,79,177,199,166,83,86,119,81,153,7,24,150,10,185,62,120,178,46,180,191,121];False
3894;6772;10666;[74,20,188,87,130,5,42,47,132,89,115,152,18,181,68,48,63,118,44,140,124,94,75,36,145,196,113,61,45,138,65,82,187,128,134,195,33,183,162,126,143,160,91,6,77,149,189,7,173,116,123,17,84,122,12,97,0,85,19,26,176,3,136,49,170,95,167,93,66,135,53,56,21,92,147,67,32,165,169,23,163,25,70,90,41,88,164,37,156,71,8,184,190,109,72,78,131,110,101,59,80,100,30,114,182,139,125,58,158,54,197,1,117,98,157,142,137,151,175,57,193,172,39,107,55,14,13,111,52,40,2,129,15,9,28,105,69,159,38,144,146,155,73,99,106,4,192,103,35,161,102,186,133,76,112,104,31,168,34,108,51,50,198,174,16,194,29,154,60,179,27,43,127,96,171,141,11,22,64,79,177,199,166,83,86,119,81,153,148,24,150,10,185,62,120,178,46,180,191,121];False
3763;6784;10547;[74,20,188,87,130,5,42,47,132,89,115,152,18,181,68,48,63,118,44,140,124,94,75,36,145,196,113,61,45,138,65,82,187,128,134,195,33,183,162,126,143,160,91,6,77,149,189,148,173,116,123,17,84,122,12,97,0,85,19,26,176,3,136,49,170,95,129,93,66,135,53,56,21,92,147,67,32,165,169,23,163,25,70,90,41,88,164,37,156,71,8,184,190,109,72,78,131,110,101,59,80,100,30,114,182,139,125,58,158,54,197,1,117,98,157,142,137,151,175,57,193,172,39,107,55,14,13,111,52,40,2,167,15,9,28,105,69,159,38,144,146,155,73,99,106,4,192,103,35,161,102,186,133,76,112,104,31,168,34,108,51,50,198,174,16,194,29,154,60,179,27,43,127,96,171,141,11,22,64,79,177,199,166,83,86,119,81,153,7,24,150,10,185,62,120,178,46,180,191,121];False
3694;6800;10494;[74,20,188,87,130,5,42,47,132,89,115,152,18,181,68,48,63,118,44,140,124,94,75,36,145,196,113,61,45,138,65,82,187,128,134,195,33,183,162,126,143,160,91,6,77,149,189,148,173,116,123,17,84,122,12,97,0,85,19,26,176,3,136,49,170,95,167,178,66,135,53,56,21,92,147,67,32,165,169,23,163,25,70,90,41,88,164,37,156,71,8,184,190,109,72,78,131,110,101,59,80,100,30,114,182,139,125,58,158,54,197,1,117,98,157,142,137,151,175,57,193,172,39,107,55,14,13,111,52,40,2,129,15,9,28,105,69,159,38,144,146,155,73,99,106,4,192,103,35,161,102,186,133,76,112,104,31,168,34,108,51,50,198,174,16,194,29,154,60,179,27,43,127,96,171,141,11,22,64,79,177,199,166,83,86,119,81,153,7,24,150,10,185,62,120,93,46,180,191,121];False
3716;6793;10509;[74,20,188,87,130,5,42,47,132,89,115,152,18,181,68,48,63,118,44,140,124,94,75,36,145,196,113,61,45,138,65,82,187,128,134,195,33,183,162,126,143,160,91,6,77,149,189,148,173,116,123,17,84,122,12,97,0,85,19,26,176,3,136,49,170,95,167,93,66,135,168,56,21,92,147,67,32,165,169,23,163,25,70,90,41,88,164,37,156,71,8,184,190,109,72,78,131,110,101,59,80,100,30,114,182,139,125,58,158,54,197,1,117,98,157,142,137,151,175,57,193,172,39,107,55,14,13,111,52,40,2,129,15,9,28,105,69,159,38,144,146,155,73,99,106,4,192,103,35,161,102,186,133,76,112,104,31,53,34,108,51,50,198,174,16,194,29,154,60,179,27,43,127,96,171,141,11,22,64,79,177,199,166,83,86,119,81,153,7,24,150,10,185,62,120,178,46,180,191,121];False
3771;6782;10553;[74,20,188,87,130,5,42,47,132,89,115,152,18,181,68,48,63,118,44,140,124,94,75,36,145,196,113,61,45,138,65,82,187,128,134,195,33,183,162,126,143,160,91,6,77,149,189,148,173,116,123,17,84,122,12,97,0,85,19,26,176,3,136,49,170,95,167,93,66,135,53,56,21,92,147,67,32,165,169,23,163,25,164,90,41,88,70,37,156,71,8,184,190,109,72,78,131,110,101,59,80,100,30,114,182,139,125,58,158,54,197,1,117,98,157,142,137,151,175,57,193,172,39,107,55,14,13,111,52,40,2,129,15,9,28,105,69,159,38,144,146,155,73,99,106,4,192,103,35,161,102,186,133,76,112,104,31,168,34,108,51,50,198,174,16,194,29,154,60,179,27,43,127,96,171,141,11,22,64,79,177,199,166,83,86,119,81,153,7,24,150,10,185,62,120,178,46,180,191,121];False
3802;6780;10582;[74,20,188,87,130,5,42,47,132,89,115,152,18,181,68,48,63,118,44,140,124,94,75,36,145,196,113,61,45,138,65,82,187,128,134,195,33,183,162,126,143,160,91,6,77,149,189,148,173,116,123,17,84,122,12,97,0,85,19,26,176,3,136,49,170,95,167,93,66,135,53,56,21,92,147,67,32,165,169,23,163,25,70,90,41,88,164,37,156,71,8,157,190,109,72,78,131,110,101,59,80,100,30,114,182,139,125,58,158,54,197,1,117,98,184,142,137,151,175,57,193,172,39,107,55,14,13,111,52,40,2,129,15,9,28,105,69,159,38,144,146,155,73,99,106,4,192,103,35,161,102,186,133,76,112,104,31,168,34,108,51,50,198,174,16,194,29,154,60,179,27,43,127,96,171,141,11,22,64,79,177,199,166,83,86,119,81,153,7,24,150,10,185,62,120,178,46,180,191,121];False
3796;6779;10575;[74,20,188,87,130,5,42,47,132,89,115,152,18,181,68,48,63,118,44,140,124,94,75,36,145,196,113,61,45,138,65,82,187,128,134,195,33,183,162,126,143,160,91,6,77,149,189,148,173,116,123,17,84,122,12,97,0,85,19,26,176,3,136,49,170,95,167,93,66,135,53,56,21,92,147,67,32,165,169,23,163,25,70,90,41,88,164,37,156,71,8,184,190,109,72,78,131,110,101,59,80,100,30,114,182,139,125,137,158,54,197,1,117,98,157,142,58,151,175,57,193,172,39,107,55,14,13,111,52,40,2,129,15,9,28,105,69,159,38,144,146,155,73,99,106,4,192,103,35,161,102,186,133,76,112,104,31,168,34,108,51,50,198,174,16,194,29,154,60,179,27,43,127,96,171,141,11,22,64,79,177,199,166,83,86,119,81,153,7,24,150,10,185,62,120,178,46,180,191,121];False
3685;6806;10491;[74,20,188,87,130,5,42,47,132,89,115,152,18,181,68,48,63,118,44,140,124,94,75,36,145,196,113,61,45,138,65,82,187,128,134,195,33,183,162,126,143,160,91,6,77,149,189,148,173,116,123,17,84,122,12,97,0,85,19,26,176,3,136,49,170,95,167,93,66,135,53,56,21,92,147,67,32,165,169,23,163,25,70,90,41,88,164,37,156,71,8,184,190,109,72,78,131,110,101,59,80,100,30,114,182,139,125,58,158,54,197,1,117,98,157,142,137,151,175,57,193,172,39,107,55,14,13,111,112,40,2,129,15,9,28,105,69,159,38,144,146,155,73,99,106,4,192,103,35,161,102,186,133,76,52,104,31,168,34,108,51,50,198,174,16,194,29,154,60,179,27,43,127,96,171,141,11,22,64,79,177,199,166,83,86,119,81,153,7,24,150,10,185,62,120,178,46,180,191,121];False
3867;6770;10637;[74,20,188,87,130,5,42,47,132,89,115,152,18,181,68,48,63,118,44,140,124,94,75,36,145,196,113,61,45,138,65,82,187,128,134,195,33,183,162,126,143,160,91,6,77,149,189,148,173,116,123,17,84,122,12,97,0,85,19,26,176,3,136,49,170,95,167,93,66,135,53,56,21,92,147,67,32,165,169,23,163,25,70,90,41,88,164,37,156,71,8,184,190,109,72,78,131,110,101,59,80,100,30,114,182,139,125,58,158,54,197,1,117,98,157,142,137,151,175,57,193,172,39,107,55,14,13,111,52,40,2,7,15,9,28,105,69,159,38,144,146,155,73,99,106,4,192,103,35,161,102,186,133,76,112,104,31,168,34,108,51,50,198,174,16,194,29,154,60,179,27,43,127,96,171,141,11,22,64,79,177,199,166,83,86,119,81,153,129,24,150,10,185,62,120,178,46,180,191,121];False
3852;6773;10625;[74,20,188,87,130,5,42,47,132,89,115,152,18,181,68,48,63,118,44,140,124,94,75,36,145,196,113,61,45,138,65,82,187,128,134,195,33,183,162,126,143,160,91,6,77,149,189,148,173,116,123,17,84,122,12,97,0,85,19,26,176,3,136,49,170,95,167,93,66,135,53,56,21,92,147,67,32,165,169,23,163,25,70,90,41,88,164,37,156,71,8,184,190,109,72,78,131,110,101,59,80,100,30,114,182,139,125,58,158,54,197,1,117,98,157,142,137,151,175,57,193,172,39,107,55,14,13,111,52,40,2,129,24,9,28,105,69,159,38,144,146,155,73,99,106,4,192,103,35,161,102,186,133,76,112,104,31,168,34,108,51,50,198,174,16,194,29,154,60,179,27,43,127,96,171,141,11,22,64,79,177,199,166,83,86,119,81,153,7,15,150,10,185,62,120,178,46,180,191,121];False
3844;6776;10620;[74,20,188,87,130,5,42,47,132,89,115,152,18,181,68,48,63,118,44,140,124,94,75,36,145,196,113,61,45,138,65,82,187,128,134,195,33,183,162,126,143,160,91,6,77,149,189,148,173,116,123,17,84,122,12,97,0,85,19,26,176,3,136,49,170,95,167,93,66,135,53,56,21,92,147,67,32,165,169,23,163,25,70,90,41,88,164,37,156,71,8,184,190,109,72,78,131,110,101,59,80,100,30,114,182,139,125,58,158,54,197,1,117,98,157,142,137,151,175,57,193,172,39,107,55,14,13,111,52,40,2,129,15,9,28,105,69,159,38,144,146,155,73,99,106,4,192,103,35,161,102,186,133,22,112,104,31,168,34,108,51,50,198,174,16,194,29,154,60,179,27,43,127,96,171,141,11,76,64,79,177,199,166,83,86,119,81,153,7,24,150,10,185,62,120,178,46,180,191,121];False
3747;6790;10537;[74,20,188,87,130,5,42,47,132,89,115,152,18,181,68,48,63,118,44,140,124,94,75,36,145,196,113,61,45,138,65,82,187,128,134,195,33,183,162,126,143,160,91,6,77,149,189,148,173,116,123,17,84,122,12,97,0,85,19,26,176,3,136,49,170,95,167,93,66,135,53,56,21,92,147,67,32,165,169,23,163,25,70,90,41,88,164,37,156,71,8,184,190,109,72,78,131,110,101,59,80,100,30,114,182,139,125,58,158,54,197,1,117,98,157,142,137,151,175,57,193,172,39,107,55,14,13,111,52,40,2,129,15,9,28,105,69,159,38,144,146,155,73,99,106,4,192,103,35,161,102,186,133,76,112,104,168,31,34,108,51,50,198,174,16,194,29,154,60,179,27,43,127,96,171,141,11,22,64,79,177,199,166,83,86,119,81,153,7,24,150,10,185,62,120,178,46,180,191,121];False
3672;6812;10484;[168,20,188,87,130,5,42,47,132,89,115,152,76,181,68,48,63,118,44,140,124,94,75,36,145,196,113,61,45,138,65,82,187,128,134,195,33,183,162,126,143,160,91,6,77,149,189,148,173,116,123,17,84,122,12,97,0,85,19,26,176,3,136,49,170,95,129,93,66,135,53,56,21,92,147,67,32,165,169,23,163,25,70,90,41,88,164,37,156,71,8,184,190,109,72,78,131,110,101,59,80,100,30,114,182,139,125,58,158,54,197,1,117,98,157,142,137,151,175,57,193,172,39,107,55,14,13,111,52,40,2,167,15,9,28,105,69,159,38,144,146,155,73,99,106,4,192,103,35,161,102,186,133,18,112,104,31,74,34,108,51,50,198,174,16,194,29,154,60,179,27,43,127,96,171,141,11,22,64,79,177,199,166,83,86,119,81,153,7,24,150,10,185,62,120,178,46,180,191,121];False
3674;6803;10477;[168,20,188,87,130,5,42,47,132,89,115,152,18,181,68,48,63,118,44,140,124,94,75,36,145,196,113,61,45,138,65,82,187,128,134,195,33,183,162,126,143,160,91,6,77,149,189,148,173,116,123,17,84,122,12,97,0,85,19,26,176,3,136,49,170,95,182,93,66,135,53,56,21,92,147,67,32,165,169,23,163,25,70,90,41,88,164,37,156,71,8,184,190,109,72,78,131,110,101,59,80,100,30,114,129,139,125,58,158,54,197,1,117,98,157,142,137,151,175,57,193,172,39,107,55,14,13,111,52,40,2,167,15,9,28,105,69,159,38,144,146,155,73,99,106,4,192,103,35,161,102,186,133,76,112,104,31,74,34,108,51,50,198,174,16,194,29,154,60,179,27,43,127,96,171,141,11,22,64,79,177,199,166,83,86,119,81,153,7,24,150,10,185,62,120,178,46,180,191,121];False
4378;6737;11115;[50,20,188,87,130,5,42,47,26,89,75,152,18,181,68,48,63,118,44,140,124,94,196,36,145,115,98,61,45,138,65,82,187,128,134,195,33,183,162,126,143,160,91,6,77,149,189,7,173,116,123,17,84,122,2,97,0,85,19,132,176,3,136,49,170,95,167,93,66,135,168,56,21,92,147,67,32,165,169,23,163,25,70,90,41,88,164,37,156,71,8,184,190,109,72,78,131,110,101,59,80,100,30,114,182,139,125,58,151,175,197,1,117,113,157,142,137,158,54,57,193,172,39,107,55,14,13,111,52,40,12,129,15,9,28,105,69,159,38,144,146,155,73,99,106,4,192,103,35,161,102,186,133,76,112,104,31,53,34,108,51,74,198,174,16,194,29,154,60,179,27,43,127,96,171,141,11,22,64,79,177,199,166,83,86,119,81,153,148,24,150,10,185,62,120,178,46,180,191,121];False
4427;6736;11163;[74,20,188,87,130,5,42,47,26,89,75,98,18,181,68,48,63,118,44,140,124,94,196,36,145,115,152,61,45,138,65,82,187,128,134,195,33,183,162,126,143,160,91,6,77,149,189,7,173,116,123,17,84,122,2,97,0,85,19,132,176,3,136,49,170,95,167,93,66,135,168,56,21,92,147,67,32,165,169,23,163,25,70,90,41,88,164,37,156,71,8,184,190,109,72,78,131,110,101,59,80,100,30,114,182,139,125,58,151,175,197,1,117,113,157,142,137,158,54,57,193,172,39,107,55,14,13,111,52,40,12,129,15,9,28,105,69,159,38,144,146,155,73,99,106,4,192,103,35,161,102,186,133,76,112,104,31,53,34,108,51,50,198,174,16,194,29,154,60,179,27,43,127,96,171,141,11,22,64,79,177,199,166,83,86,119,81,153,148,24,150,10,185,62,120,178,46,180,191,121];False
4502;6729;11231;[74,20,188,87,130,5,42,47,26,89,75,152,18,181,68,48,63,118,44,140,124,94,196,36,145,115,95,61,45,138,65,82,187,128,134,195,33,183,162,126,143,160,91,6,77,149,189,7,173,116,123,17,84,122,2,97,0,85,19,132,176,3,136,49,170,98,167,93,66,135,168,56,21,92,147,67,32,165,169,23,163,25,70,90,41,88,164,37,156,71,8,184,190,109,72,78,131,110,101,59,80,100,30,114,182,139,125,58,151,175,197,1,117,113,157,142,137,158,54,57,193,172,39,107,55,14,13,111,52,40,12,129,15,9,28,105,69,159,38,144,146,155,73,99,106,4,192,103,35,161,102,186,133,76,112,104,31,53,34,108,51,50,198,174,16,194,29,154,60,179,27,43,127,96,171,141,11,22,64,79,177,199,166,83,86,119,81,153,148,24,150,10,185,62,120,178,46,180,191,121];False
4399;6736;11135;[74,20,188,87,130,5,42,47,26,89,75,152,18,181,68,48,63,118,44,140,124,94,196,36,145,115,120,61,45,138,65,82,187,128,134,195,33,183,162,126,143,160,91,6,77,149,189,7,173,116,123,17,84,122,2,97,0,85,19,132,176,3,136,49,170,95,167,93,66,135,168,56,21,92,147,67,32,165,169,23,163,25,70,90,41,88,164,37,156,71,8,184,190,109,72,78,131,110,101,59,80,100,30,114,182,139,125,58,151,175,197,1,117,113,157,142,137,158,54,57,193,172,39,107,55,14,13,111,52,40,12,129,15,9,28,105,69,159,38,144,146,155,73,99,106,4,192,103,35,161,102,186,133,76,112,104,31,53,34,108,51,50,198,174,16,194,29,154,60,179,27,43,127,96,171,141,11,22,64,79,177,199,166,83,86,119,81,153,148,24,150,10,185,62,98,178,46,180,191,121];False
4349;6738;11087;[74,20,188,87,130,5,42,47,26,89,75,152,18,181,68,48,63,118,44,140,124,94,196,36,145,115,98,132,45,138,65,82,187,128,134,195,33,183,162,126,143,160,91,6,77,149,189,7,173,116,123,17,84,122,2,97,0,85,19,61,176,3,136,49,170,95,167,93,66,135,168,56,21,92,147,67,32,165,169,23,163,25,70,90,41,88,164,37,156,71,8,184,190,109,72,78,131,110,101,59,80,100,30,114,182,139,125,58,151,175,197,1,117,113,157,142,137,158,54,57,193,172,39,107,55,14,13,111,52,40,12,129,15,9,28,105,69,159,38,144,146,155,73,99,106,4,192,103,35,161,102,186,133,76,112,104,31,53,34,108,51,50,198,174,16,194,29,154,60,179,27,43,127,96,171,141,11,22,64,79,177,199,166,83,86,119,81,153,148,24,150,10,185,62,120,178,46,180,191,121];False
4220;6738;10958;[50,20,188,87,130,5,42,47,26,89,75,152,18,181,68,48,63,118,44,140,124,94,196,36,145,115,113,61,45,138,65,82,187,128,134,195,33,183,162,126,143,160,91,6,77,149,189,7,173,116,123,17,84,122,12,97,0,85,19,132,176,3,136,49,170,95,167,93,66,135,168,56,21,92,147,67,32,165,169,23,163,25,70,90,41,88,164,37,156,71,8,184,190,109,72,78,131,110,101,59,80,100,30,114,182,139,125,58,151,175,197,1,117,98,157,142,137,158,54,57,193,172,39,107,55,14,13,111,52,40,2,129,15,9,28,105,69,159,38,144,146,155,73,99,106,4,192,103,35,161,102,186,133,76,112,104,31,53,34,108,51,74,198,174,16,194,29,154,60,179,27,43,127,96,171,141,11,22,64,79,177,199,166,83,86,119,81,153,148,24,150,10,185,62,120,178,46,180,191,121];False
4369;6736;11105;[74,20,188,87,41,5,42,47,26,89,75,152,18,181,68,48,63,118,44,140,124,94,196,36,145,115,113,61,45,138,65,82,187,128,134,195,33,183,162,126,143,160,91,6,77,149,189,7,173,116,123,17,84,122,12,97,0,85,19,132,176,3,136,49,170,95,167,93,66,135,168,56,21,92,147,67,32,165,169,23,163,25,70,90,130,88,164,37,156,71,8,184,190,109,72,78,131,110,101,59,80,100,30,114,182,139,125,58,151,175,197,1,117,98,157,142,137,158,54,57,193,172,39,107,55,14,13,111,52,40,2,129,15,9,28,105,69,159,38,144,146,155,73,99,106,4,192,103,35,161,102,186,133,76,112,104,31,53,34,108,51,50,198,174,16,194,29,154,60,179,27,43,127,96,171,141,11,22,64,79,177,199,166,83,86,119,81,153,148,24,150,10,185,62,120,178,46,180,191,121];False
4315;6735;11050;[74,20,188,87,130,5,179,47,26,89,75,152,18,181,68,48,63,118,44,140,124,94,196,36,145,115,113,61,45,138,65,82,187,128,134,195,33,183,162,126,143,160,91,6,77,149,189,7,173,116,123,17,84,122,12,97,0,85,19,132,176,3,136,49,170,95,167,93,66,135,168,56,21,92,147,67,32,165,169,23,163,25,70,90,41,88,164,37,156,71,8,184,190,109,72,78,131,110,101,59,80,100,30,114,182,139,125,58,151,175,197,1,117,98,157,142,137,158,54,57,193,172,39,107,55,14,13,111,52,40,2,129,15,9,28,105,69,159,38,144,146,155,73,99,106,4,192,103,35,161,102,186,133,76,112,104,31,53,34,108,51,50,198,174,16,194,29,154,60,42,27,43,127,96,171,141,11,22,64,79,177,199,166,83,86,119,81,153,148,24,150,10,185,62,120,178,46,180,191,121];False
4176;6744;10920;[74,20,188,87,130,5,42,47,26,89,75,36,18,181,68,48,63,118,44,140,124,94,196,152,145,115,113,61,45,138,65,82,187,128,134,195,33,183,162,126,143,160,91,6,77,149,189,7,173,116,123,17,84,122,12,97,0,85,19,132,176,3,136,49,170,95,167,93,66,135,168,56,21,92,147,67,32,165,169,23,163,25,70,90,41,88,164,37,156,71,8,184,190,109,72,78,131,110,101,59,80,100,30,114,182,139,125,58,151,175,197,1,117,98,157,142,137,158,54,57,193,172,39,107,55,14,13,111,52,40,2,129,15,9,28,105,69,159,38,144,146,155,73,99,106,4,192,103,35,161,102,186,133,76,112,104,31,53,34,108,51,50,198,174,16,194,29,154,60,179,27,43,127,96,171,141,11,22,64,79,177,199,166,83,86,119,81,153,148,24,150,10,185,62,120,178,46,180,191,121];False
4209;6741;10950;[74,20,188,87,130,5,42,47,26,89,75,152,76,181,68,48,63,118,44,140,124,94,196,36,145,115,113,61,45,138,65,82,187,128,134,195,33,183,162,126,143,160,91,6,77,149,189,7,173,116,123,17,84,122,12,97,0,85,19,132,176,3,136,49,170,95,167,93,66,135,168,56,21,92,147,67,32,165,169,23,163,25,70,90,41,88,164,37,156,71,8,184,190,109,72,78,131,110,101,59,80,100,30,114,182,139,125,58,151,175,197,1,117,98,157,142,137,158,54,57,193,172,39,107,55,14,13,111,52,40,2,129,15,9,28,105,69,159,38,144,146,155,73,99,106,4,192,103,35,161,102,186,133,18,112,104,31,53,34,108,51,50,198,174,16,194,29,154,60,179,27,43,127,96,171,141,11,22,64,79,177,199,166,83,86,119,81,153,148,24,150,10,185,62,120,178,46,180,191,121];False
4456;6728;11184;[74,20,188,87,130,5,42,47,26,89,75,152,18,181,68,48,34,118,44,140,124,94,196,36,145,115,113,61,45,138,65,82,187,128,134,195,33,183,162,126,143,160,91,6,77,149,189,7,173,116,123,17,84,122,12,97,0,85,19,132,176,3,136,49,170,95,167,93,66,135,168,56,21,92,147,67,32,165,169,23,163,25,70,90,41,88,164,37,156,71,8,184,190,109,72,78,131,110,101,59,80,100,30,114,182,139,125,58,151,175,197,1,117,98,157,142,137,158,54,57,193,172,39,107,55,14,13,111,52,40,2,129,15,9,28,105,69,159,38,144,146,155,73,99,106,4,192,103,35,161,102,186,133,76,112,104,31,53,63,108,51,50,198,174,16,194,29,154,60,179,27,43,127,96,171,141,11,22,64,79,177,199,166,83,86,119,81,153,148,24,150,10,185,62,120,178,46,180,191,121];False
4305;6737;11042;[74,20,188,87,130,5,42,47,26,89,75,152,18,181,68,48,63,46,44,140,124,94,196,36,145,115,113,61,45,138,65,82,187,128,134,195,33,183,162,126,143,160,91,6,77,149,189,7,173,116,123,17,84,122,12,97,0,85,19,132,176,3,136,49,170,95,167,93,66,135,168,56,21,92,147,67,32,165,169,23,163,25,70,90,41,88,164,37,156,71,8,184,190,109,72,78,131,110,101,59,80,100,30,114,182,139,125,58,151,175,197,1,117,98,157,142,137,158,54,57,193,172,39,107,55,14,13,111,52,40,2,129,15,9,28,105,69,159,38,144,146,155,73,99,106,4,192,103,35,161,102,186,133,76,112,104,31,53,34,108,51,50,198,174,16,194,29,154,60,179,27,43,127,96,171,141,11,22,64,79,177,199,166,83,86,119,81,153,148,24,150,10,185,62,120,178,118,180,191,121];False
4287;6734;11021;[74,20,188,87,130,5,42,47,26,89,75,152,18,181,68,48,63,118,44,140,124,94,196,36,145,115,98,61,45,138,65,82,187,128,134,195,33,183,162,126,143,160,91,6,77,149,189,7,173,116,123,17,84,122,12,97,0,85,19,132,176,3,136,49,170,95,167,93,66,135,168,56,21,92,147,67,32,165,169,23,163,25,70,90,41,88,164,37,156,71,8,184,190,109,72,78,131,110,101,59,80,100,30,114,182,139,125,58,151,175,197,1,117,113,157,142,137,158,54,57,193,172,39,107,55,14,13,111,52,40,2,129,15,9,28,105,69,159,38,144,146,155,73,99,106,4,192,103,35,161,102,186,133,76,112,104,31,53,34,108,51,50,198,174,16,194,29,154,60,179,27,43,127,96,171,141,11,22,64,79,177,199,166,83,86,119,81,153,148,24,150,10,185,62,120,178,46,180,191,121];False
4275;6735;11010;[74,20,188,87,130,5,42,47,26,89,75,152,18,181,68,48,63,118,44,140,124,94,196,36,145,115,113,61,184,138,65,82,187,128,134,195,33,183,162,126,143,160,91,6,77,149,189,7,173,116,123,17,84,122,12,97,0,85,19,132,176,3,136,49,170,95,167,93,66,135,168,56,21,92,147,67,32,165,169,23,163,25,70,90,41,88,164,37,156,71,8,45,190,109,72,78,131,110,101,59,80,100,30,114,182,139,125,58,151,175,197,1,117,98,157,142,137,158,54,57,193,172,39,107,55,14,13,111,52,40,2,129,15,9,28,105,69,159,38,144,146,155,73,99,106,4,192,103,35,161,102,186,133,76,112,104,31,53,34,108,51,50,198,174,16,194,29,154,60,179,27,43,127,96,171,141,11,22,64,79,177,199,166,83,86,119,81,153,148,24,150,10,185,62,120,178,46,180,191,121];False
4351;6731;11082;[74,20,188,87,130,5,42,47,26,89,75,152,18,181,68,48,63,118,44,140,124,94,196,36,145,115,113,61,45,138,65,82,187,128,22,195,33,183,162,126,143,160,91,6,77,149,189,7,173,116,123,17,84,122,12,97,0,85,19,132,176,3,136,49,170,95,167,93,66,135,168,56,21,92,147,67,32,165,169,23,163,25,70,90,41,88,164,37,156,71,8,184,190,109,72,78,131,110,101,59,80,100,30,114,182,139,125,58,151,175,197,1,117,98,157,142,137,158,54,57,193,172,39,107,55,14,13,111,52,40,2,129,15,9,28,105,69,159,38,144,146,155,73,99,106,4,192,103,35,161,102,186,133,76,112,104,31,53,34,108,51,50,198,174,16,194,29,154,60,179,27,43,127,96,171,141,11,134,64,79,177,199,166,83,86,119,81,153,148,24,150,10,185,62,120,178,46,180,191,121];False
4183;6735;10918;[74,20,188,87,130,5,42,47,26,89,75,152,18,181,68,48,63,118,44,140,124,94,196,36,145,115,113,61,45,138,65,82,187,128,134,195,33,183,162,126,143,160,91,6,77,149,189,7,103,116,123,17,84,122,12,97,0,85,19,132,176,3,136,49,170,95,167,93,66,135,168,56,21,92,147,67,32,165,169,23,163,25,70,90,41,88,164,37,156,71,8,184,190,109,72,78,131,110,101,59,80,100,30,114,182,139,125,58,151,175,197,1,117,98,157,142,137,158,54,57,193,172,39,107,55,14,13,111,52,40,2,129,15,9,28,105,69,159,38,144,146,155,73,99,106,4,192,173,35,161,102,186,133,76,112,104,31,53,34,108,51,50,198,174,16,194,29,154,60,179,27,43,127,96,171,141,11,22,64,79,177,199,166,83,86,119,81,153,148,24,150,10,185,62,120,178,46,180,191,121];False
4175;6745;10920;[50,20,188,87,130,5,42,47,26,89,75,152,18,181,68,48,63,118,44,140,124,94,196,36,145,115,113,61,45,138,65,82,187,128,134,195,33,183,162,126,143,160,91,6,77,149,189,148,173,116,123,17,84,122,12,97,0,85,19,132,176,3,136,49,170,95,167,93,66,135,168,146,21,92,147,67,32,165,169,23,163,25,70,90,41,88,164,37,156,71,8,184,190,109,72,78,131,110,101,59,80,100,30,114,182,139,125,58,151,175,197,1,117,98,157,142,137,158,54,57,193,172,39,107,55,14,13,111,52,40,2,129,15,9,28,105,69,159,38,144,56,155,73,99,106,4,192,103,35,161,102,186,133,76,112,104,31,53,34,108,51,74,198,174,16,194,29,154,60,179,27,43,127,96,171,141,11,22,64,79,177,199,166,83,86,119,81,153,7,24,150,10,185,62,120,178,46,180,191,121];False
4305;6731;11036;[74,20,188,87,130,5,42,47,26,89,75,152,18,181,68,48,63,118,44,140,124,94,196,36,145,115,113,61,45,138,65,82,187,128,134,195,33,183,162,126,143,160,91,6,77,149,189,7,173,116,123,17,84,122,12,97,0,85,19,132,176,3,136,49,170,95,167,93,66,135,168,146,21,92,147,67,32,165,169,23,163,25,70,90,41,88,164,37,156,71,8,184,190,109,72,78,131,110,101,59,80,100,30,114,182,139,125,58,151,175,197,1,117,98,157,142,137,158,54,57,193,172,39,107,55,14,13,111,52,40,2,129,15,9,28,105,69,159,38,144,56,155,73,99,106,4,192,103,35,161,102,186,133,76,112,104,31,53,34,108,51,50,198,174,16,194,29,154,60,179,27,43,127,96,171,141,11,22,64,79,177,199,166,83,86,119,81,153,148,24,150,10,185,62,120,178,46,180,191,121];False
4174;6743;10917;[74,20,188,87,130,5,42,47,26,89,75,152,18,181,68,48,63,118,44,140,124,94,196,36,145,115,113,61,45,138,65,82,187,128,134,195,33,183,162,126,143,160,91,6,77,149,189,148,173,116,123,17,84,122,12,97,0,85,19,132,176,3,136,49,170,95,129,93,66,135,168,146,21,92,147,67,32,165,169,23,163,25,70,90,41,88,164,37,156,71,8,184,190,109,72,78,131,110,101,59,80,100,30,114,182,139,125,58,151,175,197,1,117,98,157,142,137,158,54,57,193,172,39,107,55,14,13,111,52,40,2,167,15,9,28,105,69,159,38,144,56,155,73,99,106,4,192,103,35,161,102,186,133,76,112,104,31,53,34,108,51,50,198,174,16,194,29,154,60,179,27,43,127,96,171,141,11,22,64,79,177,199,166,83,86,119,81,153,7,24,150,10,185,62,120,178,46,180,191,121];False
4182;6741;10923;[74,20,188,87,130,5,42,47,26,89,75,152,18,181,68,48,63,118,44,140,124,94,196,36,145,115,113,61,45,138,65,82,187,128,134,195,33,183,162,126,143,160,91,6,77,149,189,148,173,116,123,17,84,122,12,97,0,85,19,132,176,3,136,49,170,95,167,93,66,135,168,146,21,92,147,67,32,165,169,23,163,25,164,90,41,88,70,37,156,71,8,184,190,109,72,78,131,110,101,59,80,100,30,114,182,139,125,58,151,175,197,1,117,98,157,142,137,158,54,57,193,172,39,107,55,14,13,111,52,40,2,129,15,9,28,105,69,159,38,144,56,155,73,99,106,4,192,103,35,161,102,186,133,76,112,104,31,53,34,108,51,50,198,174,16,194,29,154,60,179,27,43,127,96,171,141,11,22,64,79,177,199,166,83,86,119,81,153,7,24,150,10,185,62,120,178,46,180,191,121];False
4100;6747;10847;[74,20,188,87,130,5,42,47,26,89,75,152,18,181,68,48,63,118,44,140,124,94,196,36,145,115,113,61,45,138,65,82,187,128,134,195,33,183,162,126,143,160,91,6,77,149,189,148,173,116,123,17,84,122,12,97,0,85,19,132,176,3,136,49,170,95,167,93,66,135,168,146,21,92,147,67,32,165,169,23,163,25,70,90,41,88,164,37,156,71,8,184,190,109,72,78,131,110,101,59,80,100,30,114,182,139,125,58,151,54,197,1,117,98,157,142,137,158,175,57,193,172,39,107,55,14,13,111,52,40,2,129,15,9,28,105,69,159,38,144,56,155,73,99,106,4,192,103,35,161,102,186,133,76,112,104,31,53,34,108,51,50,198,174,16,194,29,154,60,179,27,43,127,96,171,141,11,22,64,79,177,199,166,83,86,119,81,153,7,24,150,10,185,62,120,178,46,180,191,121];False
4106;6744;10850;[74,20,188,87,130,5,42,47,26,89,75,152,18,181,68,48,63,118,44,140,124,94,196,36,145,115,113,61,45,138,65,82,187,128,134,195,33,183,162,126,143,160,91,6,77,149,189,148,173,116,123,17,84,122,12,97,0,85,19,132,176,3,136,49,170,95,167,93,66,135,168,146,21,92,147,67,32,165,169,23,163,25,70,90,41,88,164,37,156,71,8,184,190,109,72,78,131,110,101,59,80,100,30,114,182,139,125,58,151,175,57,1,117,98,157,142,137,158,54,197,193,172,39,107,55,14,13,111,52,40,2,129,15,9,28,105,69,159,38,144,56,155,73,99,106,4,192,103,35,161,102,186,133,76,112,104,31,53,34,108,51,50,198,174,16,194,29,154,60,179,27,43,127,96,171,141,11,22,64,79,177,199,166,83,86,119,81,153,7,24,150,10,185,62,120,178,46,180,191,121];False
3971;6760;10731;[74,20,188,87,130,5,42,47,26,89,75,36,18,181,68,48,63,118,44,140,124,94,196,152,145,115,113,61,45,138,65,82,187,128,134,195,33,183,162,126,143,160,91,6,77,149,189,148,173,116,123,17,84,122,12,97,0,85,19,132,176,3,136,49,170,95,167,93,66,135,168,56,21,92,147,67,32,165,169,23,163,25,70,90,41,88,164,37,156,71,8,184,190,109,72,78,131,110,101,59,80,100,30,114,182,139,125,58,151,54,197,1,117,98,157,142,137,158,175,57,193,172,39,107,55,14,13,111,52,40,2,129,15,9,28,105,69,159,38,144,146,155,73,99,106,4,192,103,35,161,102,186,133,76,112,104,31,53,34,108,51,50,198,174,16,194,29,154,60,179,27,43,127,96,171,141,11,22,64,79,177,199,166,83,86,119,81,153,7,24,150,10,185,62,120,178,46,180,191,121];False
4004;6757;10761;[74,20,188,87,130,5,42,47,26,89,75,152,76,181,68,48,63,118,44,140,124,94,196,36,145,115,113,61,45,138,65,82,187,128,134,195,33,183,162,126,143,160,91,6,77,149,189,148,173,116,123,17,84,122,12,97,0,85,19,132,176,3,136,49,170,95,167,93,66,135,168,56,21,92,147,67,32,165,169,23,163,25,70,90,41,88,164,37,156,71,8,184,190,109,72,78,131,110,101,59,80,100,30,114,182,139,125,58,151,54,197,1,117,98,157,142,137,158,175,57,193,172,39,107,55,14,13,111,52,40,2,129,15,9,28,105,69,159,38,144,146,155,73,99,106,4,192,103,35,161,102,186,133,18,112,104,31,53,34,108,51,50,198,174,16,194,29,154,60,179,27,43,127,96,171,141,11,22,64,79,177,199,166,83,86,119,81,153,7,24,150,10,185,62,120,178,46,180,191,121];False
4145;6740;10885;[74,20,188,87,130,5,42,47,26,89,75,152,18,181,68,48,63,118,44,140,124,94,196,36,145,115,113,61,45,138,65,82,187,128,134,195,33,183,162,126,143,160,91,6,77,149,189,7,173,116,123,17,84,122,12,97,0,85,19,132,176,3,136,49,170,95,167,93,66,135,168,56,21,92,147,67,32,165,169,23,163,25,70,90,41,88,164,37,156,71,8,184,190,109,72,78,131,110,101,59,80,100,30,114,182,139,125,58,151,54,197,1,117,98,157,142,137,158,175,57,193,172,39,107,55,14,13,111,52,40,2,129,15,9,28,105,69,159,38,144,146,155,73,99,106,4,192,103,35,161,102,186,133,76,112,104,31,53,34,108,51,50,198,174,16,194,29,154,60,179,27,43,127,96,171,141,11,22,64,79,177,199,166,83,86,119,81,153,148,24,150,10,185,62,120,178,46,180,191,121];False
3960;6764;10724;[74,20,188,87,130,5,42,47,26,89,75,152,18,181,68,48,63,118,44,140,124,94,196,36,145,115,113,61,45,138,65,82,187,128,134,195,33,183,162,126,143,160,91,6,77,149,189,148,173,116,123,17,84,122,12,97,0,85,19,39,176,3,136,49,170,95,167,93,66,135,168,56,21,92,147,67,32,165,169,23,163,25,70,90,41,88,164,37,156,71,8,184,190,109,72,78,131,110,101,59,80,100,30,114,182,139,125,58,151,54,197,1,117,98,157,142,137,158,175,57,193,172,132,107,55,14,13,111,52,40,2,129,15,9,28,105,69,159,38,144,146,155,73,99,106,4,192,103,35,161,102,186,133,76,112,104,31,53,34,108,51,50,198,174,16,194,29,154,60,179,27,43,127,96,171,141,11,22,64,79,177,199,166,83,86,119,81,153,7,24,150,10,185,62,120,178,46,180,191,121];False
4014;6752;10766;[74,20,188,87,130,5,42,47,26,89,75,152,18,181,68,48,63,118,44,140,124,94,196,36,145,115,113,61,45,138,65,82,187,128,134,195,33,183,162,126,143,160,91,6,77,149,189,148,173,116,123,17,84,122,12,97,0,85,19,132,176,3,136,49,170,95,129,93,66,135,168,56,21,92,147,67,32,165,169,23,163,25,70,90,41,88,164,37,156,71,8,184,190,109,72,78,131,110,101,59,80,100,30,114,182,139,125,58,151,54,197,1,117,98,157,142,137,158,175,57,193,172,39,107,55,14,13,111,52,40,2,167,15,9,28,105,69,159,38,144,146,155,73,99,106,4,192,103,35,161,102,186,133,76,112,104,31,53,34,108,51,50,198,174,16,194,29,154,60,179,27,43,127,96,171,141,11,22,64,79,177,199,166,83,86,119,81,153,7,24,150,10,185,62,120,178,46,180,191,121];False
4051;6749;10800;[74,20,188,87,130,5,42,47,26,89,75,152,18,181,68,48,63,118,44,140,124,94,196,36,145,115,113,61,45,138,65,82,187,128,134,195,33,183,162,126,143,160,91,6,77,149,189,148,173,116,123,17,84,122,12,97,0,85,19,132,176,3,136,49,170,95,167,93,66,135,53,56,21,92,147,67,32,165,169,23,163,25,70,90,41,88,164,37,156,71,8,184,190,109,72,78,131,110,101,59,80,100,30,114,182,139,125,58,151,54,197,1,117,98,157,142,137,158,175,57,193,172,39,107,55,14,13,111,52,40,2,129,15,9,28,105,69,159,38,144,146,155,73,99,106,4,192,103,35,161,102,186,133,76,112,104,31,168,34,108,51,50,198,174,16,194,29,154,60,179,27,43,127,96,171,141,11,22,64,79,177,199,166,83,86,119,81,153,7,24,150,10,185,62,120,178,46,180,191,121];False
4022;6750;10772;[74,20,188,87,130,5,42,47,26,89,75,152,18,181,68,48,63,118,44,140,124,94,196,36,145,115,113,61,45,138,65,82,187,128,134,195,33,183,162,126,143,160,91,6,77,149,189,148,173,116,123,17,84,122,12,97,0,85,19,132,176,3,136,49,170,95,167,93,66,135,168,56,21,92,147,67,32,165,169,23,163,25,164,90,41,88,70,37,156,71,8,184,190,109,72,78,131,110,101,59,80,100,30,114,182,139,125,58,151,54,197,1,117,98,157,142,137,158,175,57,193,172,39,107,55,14,13,111,52,40,2,129,15,9,28,105,69,159,38,144,146,155,73,99,106,4,192,103,35,161,102,186,133,76,112,104,31,53,34,108,51,50,198,174,16,194,29,154,60,179,27,43,127,96,171,141,11,22,64,79,177,199,166,83,86,119,81,153,7,24,150,10,185,62,120,178,46,180,191,121];False
4053;6748;10801;[74,20,188,87,130,5,42,47,26,89,75,152,18,181,68,48,63,118,44,140,124,94,196,36,145,115,113,61,45,138,65,82,187,128,134,195,33,183,162,126,143,160,91,6,77,149,189,148,173,116,123,17,84,122,12,97,0,85,19,132,176,3,136,49,170,95,167,93,66,135,168,56,21,92,147,67,32,165,169,23,163,25,70,90,41,88,164,37,156,71,8,157,190,109,72,78,131,110,101,59,80,100,30,114,182,139,125,58,151,54,197,1,117,98,184,142,137,158,175,57,193,172,39,107,55,14,13,111,52,40,2,129,15,9,28,105,69,159,38,144,146,155,73,99,106,4,192,103,35,161,102,186,133,76,112,104,31,53,34,108,51,50,198,174,16,194,29,154,60,179,27,43,127,96,171,141,11,22,64,79,177,199,166,83,86,119,81,153,7,24,150,10,185,62,120,178,46,180,191,121];False
4037;6749;10786;[74,20,188,87,130,5,42,47,26,89,75,152,18,181,68,48,63,118,44,140,124,94,196,36,145,115,113,61,45,138,65,82,187,128,134,195,33,183,162,126,143,160,91,6,77,149,189,148,173,116,123,17,84,122,12,97,0,85,19,132,176,3,136,49,170,95,167,93,66,135,168,56,21,92,147,67,32,165,169,23,163,25,70,90,41,88,164,37,156,71,8,184,190,109,72,78,131,110,101,59,80,100,30,114,182,139,125,137,151,54,197,1,117,98,157,142,58,158,175,57,193,172,39,107,55,14,13,111,52,40,2,129,15,9,28,105,69,159,38,144,146,155,73,99,106,4,192,103,35,161,102,186,133,76,112,104,31,53,34,108,51,50,198,174,16,194,29,154,60,179,27,43,127,96,171,141,11,22,64,79,177,199,166,83,86,119,81,153,7,24,150,10,185,62,120,178,46,180,191,121];False
3960;6753;10713;[74,20,188,87,130,5,42,47,26,89,75,152,18,181,68,48,63,118,44,140,124,94,196,36,145,115,113,61,45,138,65,82,187,128,134,195,33,183,162,126,143,160,91,6,77,149,189,148,173,116,123,17,84,122,12,97,0,85,19,132,176,3,136,49,170,95,167,93,66,135,168,56,21,92,147,67,32,165,169,23,163,25,70,90,41,88,164,37,156,71,8,184,190,109,72,78,131,110,101,59,80,100,30,114,182,139,125,58,158,54,197,1,117,98,157,142,137,151,175,57,193,172,39,107,55,14,13,111,52,40,2,129,15,9,28,105,69,159,38,144,146,155,73,99,106,4,192,103,35,161,102,186,133,76,112,104,31,53,34,108,51,50,198,174,16,194,29,154,60,179,27,43,127,96,171,141,11,22,64,79,177,199,166,83,86,119,81,153,7,24,150,10,185,62,120,178,46,180,191,121];False
4731;6720;11451;[73,20,188,87,130,5,42,47,26,89,75,152,18,181,68,48,63,118,44,140,124,94,196,36,145,115,95,61,184,138,65,82,187,128,134,195,33,183,162,126,143,160,91,6,77,149,189,7,173,116,123,168,84,122,2,97,0,85,19,132,176,3,136,49,170,98,167,93,66,135,53,56,21,92,147,67,32,165,169,23,163,25,70,90,41,88,164,37,156,71,8,45,190,109,72,78,131,110,101,59,80,100,30,114,182,139,125,58,151,175,197,1,117,113,157,142,137,158,54,57,193,172,39,107,55,14,13,111,52,40,12,129,15,9,28,105,69,159,38,144,146,155,17,99,106,4,192,103,35,161,102,186,133,76,112,104,31,74,34,108,51,50,198,174,16,194,29,154,60,179,27,43,127,96,171,141,11,22,64,79,177,199,166,83,86,119,81,153,148,24,150,10,185,62,120,178,46,180,191,121];False
4705;6723;11428;[73,20,188,87,130,5,42,47,26,89,75,152,18,181,68,48,63,118,44,140,124,94,196,36,145,115,95,61,45,138,65,82,187,76,134,195,33,183,162,126,143,160,91,6,77,149,189,7,173,116,123,168,84,122,2,97,0,85,19,132,176,3,136,49,170,98,167,93,66,135,53,56,21,92,147,67,32,165,169,23,163,25,70,90,41,88,164,37,156,71,8,184,190,109,72,78,131,110,101,59,80,100,30,114,182,139,125,58,151,175,197,1,117,113,157,142,137,158,54,57,193,172,39,107,55,14,13,111,52,40,12,129,15,9,28,105,69,159,38,144,146,155,17,99,106,4,192,103,35,161,102,186,133,128,112,104,31,74,34,108,51,50,198,174,16,194,29,154,60,179,27,43,127,96,171,141,11,22,64,79,177,199,166,83,86,119,81,153,148,24,150,10,185,62,120,178,46,180,191,121];False
4807;6716;11523;[73,20,188,87,130,5,42,47,26,89,75,152,18,181,68,48,63,118,44,140,124,94,196,36,145,115,95,61,45,138,65,82,187,128,22,195,33,183,162,126,143,160,91,6,77,149,189,7,173,116,123,168,84,122,2,97,0,85,19,132,176,3,136,49,170,98,167,93,66,135,53,56,21,92,147,67,32,165,169,23,163,25,70,90,41,88,164,37,156,71,8,184,190,109,72,78,131,110,101,59,80,100,30,114,182,139,125,58,151,175,197,1,117,113,157,142,137,158,54,57,193,172,39,107,55,14,13,111,52,40,12,129,15,9,28,105,69,159,38,144,146,155,17,99,106,4,192,103,35,161,102,186,133,76,112,104,31,74,34,108,51,50,198,174,16,194,29,154,60,179,27,43,127,96,171,141,11,134,64,79,177,199,166,83,86,119,81,153,148,24,150,10,185,62,120,178,46,180,191,121];False
4695;6722;11417;[73,20,188,87,130,5,42,47,26,89,75,152,18,181,68,48,63,118,44,140,124,94,196,36,145,115,95,61,45,138,65,82,187,128,134,195,33,183,162,126,143,160,91,6,77,149,12,7,173,116,123,168,84,122,2,97,0,85,19,132,176,3,136,49,170,98,167,93,66,135,53,56,21,92,147,67,32,165,169,23,163,25,70,90,41,88,164,37,156,71,8,184,190,109,72,78,131,110,101,59,80,100,30,114,182,139,125,58,151,175,197,1,117,113,157,142,137,158,54,57,193,172,39,107,55,14,13,111,52,40,189,129,15,9,28,105,69,159,38,144,146,155,17,99,106,4,192,103,35,161,102,186,133,76,112,104,31,74,34,108,51,50,198,174,16,194,29,154,60,179,27,43,127,96,171,141,11,22,64,79,177,199,166,83,86,119,81,153,148,24,150,10,185,62,120,178,46,180,191,121];False
4639;6720;11359;[73,20,188,87,130,5,42,47,26,89,75,152,18,181,68,48,63,118,44,140,124,94,196,36,145,115,95,61,45,138,65,82,187,128,134,195,33,183,162,126,143,160,91,6,77,149,189,7,103,116,123,168,84,122,2,97,0,85,19,132,176,3,136,49,170,98,167,93,66,135,53,56,21,92,147,67,32,165,169,23,163,25,70,90,41,88,164,37,156,71,8,184,190,109,72,78,131,110,101,59,80,100,30,114,182,139,125,58,151,175,197,1,117,113,157,142,137,158,54,57,193,172,39,107,55,14,13,111,52,40,12,129,15,9,28,105,69,159,38,144,146,155,17,99,106,4,192,173,35,161,102,186,133,76,112,104,31,74,34,108,51,50,198,174,16,194,29,154,60,179,27,43,127,96,171,141,11,22,64,79,177,199,166,83,86,119,81,153,148,24,150,10,185,62,120,178,46,180,191,121];False
4634;6722;11356;[73,20,188,87,130,5,42,47,26,89,75,152,18,181,68,48,63,118,44,140,124,94,196,36,145,115,113,61,184,138,65,82,187,128,22,195,33,183,162,126,143,160,91,6,77,149,189,7,103,116,123,168,84,122,2,97,0,85,19,132,176,3,136,49,170,95,167,93,66,135,53,56,21,92,147,67,32,165,169,23,163,25,70,90,41,88,164,37,156,71,8,45,190,109,72,78,131,110,101,59,80,100,30,114,182,139,125,58,151,175,197,1,117,98,157,142,137,158,54,57,193,172,39,107,55,14,13,111,52,40,12,129,15,9,28,105,69,159,38,144,146,155,17,99,106,4,192,173,35,161,102,186,133,76,112,104,31,74,34,108,51,50,198,174,16,194,29,154,60,179,27,43,127,96,171,141,11,134,64,79,177,199,166,83,86,119,81,153,148,24,150,10,185,62,120,178,46,180,191,121];False
4572;6727;11299;[73,20,188,87,130,5,42,47,26,89,75,152,18,181,68,48,63,118,44,140,124,94,196,36,145,115,113,61,45,138,65,82,187,54,22,195,33,183,162,126,143,160,91,6,77,149,189,7,103,116,123,168,84,122,2,97,0,85,19,132,176,3,136,49,170,95,167,93,66,135,53,56,21,92,147,67,32,165,169,23,163,25,70,90,41,88,164,37,156,71,8,184,190,109,72,78,131,110,101,59,80,100,30,114,182,139,125,58,151,175,197,1,117,98,157,142,137,158,128,57,193,172,39,107,55,14,13,111,52,40,12,129,15,9,28,105,69,159,38,144,146,155,17,99,106,4,192,173,35,161,102,186,133,76,112,104,31,74,34,108,51,50,198,174,16,194,29,154,60,179,27,43,127,96,171,141,11,134,64,79,177,199,166,83,86,119,81,153,148,24,150,10,185,62,120,178,46,180,191,121];False
4623;6725;11348;[73,20,188,87,130,5,42,47,26,89,75,152,18,181,68,48,63,118,44,140,124,94,196,36,145,115,113,61,45,138,65,82,187,128,98,195,33,183,162,126,143,160,91,6,77,149,189,7,103,116,123,168,84,122,2,97,0,85,19,132,176,3,136,49,170,95,167,93,66,135,53,56,21,92,147,67,32,165,169,23,163,25,70,90,41,88,164,37,156,71,8,184,190,109,72,78,131,110,101,59,80,100,30,114,182,139,125,58,151,175,197,1,117,22,157,142,137,158,54,57,193,172,39,107,55,14,13,111,52,40,12,129,15,9,28,105,69,159,38,144,146,155,17,99,106,4,192,173,35,161,102,186,133,76,112,104,31,74,34,108,51,50,198,174,16,194,29,154,60,179,27,43,127,96,171,141,11,134,64,79,177,199,166,83,86,119,81,153,148,24,150,10,185,62,120,178,46,180,191,121];False
4706;6716;11422;[73,20,188,87,130,5,42,47,26,89,75,152,18,181,68,48,63,118,44,140,124,94,196,36,145,115,113,61,45,138,65,82,187,128,22,2,33,183,162,126,143,160,91,6,77,149,189,7,103,116,123,168,84,122,195,97,0,85,19,132,176,3,136,49,170,95,167,93,66,135,53,56,21,92,147,67,32,165,169,23,163,25,70,90,41,88,164,37,156,71,8,184,190,109,72,78,131,110,101,59,80,100,30,114,182,139,125,58,151,175,197,1,117,98,157,142,137,158,54,57,193,172,39,107,55,14,13,111,52,40,12,129,15,9,28,105,69,159,38,144,146,155,17,99,106,4,192,173,35,161,102,186,133,76,112,104,31,74,34,108,51,50,198,174,16,194,29,154,60,179,27,43,127,96,171,141,11,134,64,79,177,199,166,83,86,119,81,153,148,24,150,10,185,62,120,178,46,180,191,121];False
4596;6723;11319;[73,20,188,87,130,5,42,47,26,89,75,152,18,181,68,48,63,118,44,140,124,94,196,36,145,115,113,61,45,138,65,82,187,128,22,40,33,183,162,126,143,160,91,6,77,149,189,7,103,116,123,168,84,122,2,97,0,85,19,132,176,3,136,49,170,95,167,93,66,135,53,56,21,92,147,67,32,165,169,23,163,25,70,90,41,88,164,37,156,71,8,184,190,109,72,78,131,110,101,59,80,100,30,114,182,139,125,58,151,175,197,1,117,98,157,142,137,158,54,57,193,172,39,107,55,14,13,111,52,195,12,129,15,9,28,105,69,159,38,144,146,155,17,99,106,4,192,173,35,161,102,186,133,76,112,104,31,74,34,108,51,50,198,174,16,194,29,154,60,179,27,43,127,96,171,141,11,134,64,79,177,199,166,83,86,119,81,153,148,24,150,10,185,62,120,178,46,180,191,121];False
4571;6723;11294;[73,20,188,87,130,5,42,47,26,89,75,152,18,181,68,48,63,118,44,140,124,94,196,36,145,115,113,61,45,138,65,82,187,128,22,195,33,183,162,126,143,160,91,6,77,149,189,7,103,116,17,168,84,122,2,97,0,85,19,132,176,3,136,49,170,95,167,93,66,135,53,56,21,92,147,67,32,165,169,23,163,25,70,90,41,88,164,37,156,71,8,184,190,109,72,78,131,110,101,59,80,100,30,114,182,139,125,58,151,175,197,1,117,98,157,142,137,158,54,57,193,172,39,107,55,14,13,111,52,40,12,129,15,9,28,105,69,159,38,144,146,155,123,99,106,4,192,173,35,161,102,186,133,76,112,104,31,74,34,108,51,50,198,174,16,194,29,154,60,179,27,43,127,96,171,141,11,134,64,79,177,199,166,83,86,119,81,153,148,24,150,10,185,62,120,178,46,180,191,121];False
4861;6707;11568;[198,174,118,10,130,5,42,47,26,145,115,152,186,148,139,48,106,20,44,140,124,168,34,136,125,6,113,61,45,138,123,82,187,128,134,195,33,94,190,126,143,160,91,75,77,149,189,7,173,116,65,4,84,122,2,97,0,85,18,132,176,3,196,49,170,95,167,93,66,135,51,50,21,92,147,67,32,165,169,23,163,25,70,90,41,88,146,37,156,71,8,184,162,109,72,78,131,110,101,59,80,100,30,114,182,15,36,58,151,175,197,1,117,98,157,142,137,158,54,120,193,172,39,107,55,14,13,111,52,40,87,181,68,9,28,105,69,159,38,144,56,63,73,99,155,178,192,103,35,161,102,12,133,76,112,104,31,183,164,108,188,74,53,17,16,194,29,154,60,179,27,43,127,96,171,141,11,22,64,79,177,199,166,83,86,119,81,153,129,24,150,19,185,62,57,89,46,180,191,121];False
4959;6704;11663;[198,174,190,10,130,5,179,47,26,145,115,152,186,148,139,48,106,20,44,140,124,168,34,136,125,6,113,61,45,138,123,82,187,128,134,195,33,94,118,126,143,160,91,75,77,149,189,7,173,116,65,4,84,122,2,97,0,85,18,132,176,3,196,49,170,95,167,93,66,135,51,50,21,92,147,67,32,165,169,23,163,25,70,90,41,88,146,37,156,71,8,184,162,109,72,78,131,110,101,59,80,100,30,114,182,15,36,58,151,175,197,1,117,98,157,142,137,158,54,120,193,172,39,107,55,14,13,111,52,40,87,181,68,9,28,105,69,159,38,144,56,63,73,99,155,178,192,103,35,161,102,12,133,76,112,104,31,183,164,108,188,74,53,17,16,194,29,154,60,42,27,43,127,96,171,141,11,22,64,79,177,199,166,83,86,119,81,153,129,24,150,19,185,62,57,89,46,180,191,121];False
4842;6710;11552;[198,174,190,10,130,5,42,47,26,125,115,152,186,148,139,48,106,20,44,140,124,168,34,136,145,6,113,61,45,138,123,82,187,128,134,195,33,94,118,126,143,160,91,75,77,149,189,7,173,116,65,4,84,122,2,97,0,85,18,132,176,3,196,49,170,95,167,93,66,135,51,50,21,92,147,67,32,165,169,23,163,25,70,90,41,88,146,37,156,71,8,184,162,109,72,78,131,110,101,59,80,100,30,114,182,15,36,58,151,175,197,1,117,98,157,142,137,158,54,120,193,172,39,107,55,14,13,111,52,40,87,181,68,9,28,105,69,159,38,144,56,63,73,99,155,178,192,103,35,161,102,12,133,76,112,104,31,183,164,108,188,74,53,17,16,194,29,154,60,179,27,43,127,96,171,141,11,22,64,79,177,199,166,83,86,119,81,153,129,24,150,19,185,62,57,89,46,180,191,121];False
4911;6705;11616;[198,174,190,10,130,5,42,47,26,145,115,152,186,166,139,48,106,20,44,140,124,168,34,136,125,6,113,61,45,138,123,82,187,128,134,195,33,94,118,126,143,160,91,75,77,149,189,7,173,116,65,4,84,122,2,97,0,85,18,132,176,3,196,49,170,95,167,93,66,135,51,50,21,92,147,67,32,165,169,23,163,25,70,90,41,88,146,37,156,71,8,184,162,109,72,78,131,110,101,59,80,100,30,114,182,15,36,58,151,175,197,1,117,98,157,142,137,158,54,120,193,172,39,107,55,14,13,111,52,40,87,181,68,9,28,105,69,159,38,144,56,63,73,99,155,178,192,103,35,161,102,12,133,76,112,104,31,183,164,108,188,74,53,17,16,194,29,154,60,179,27,43,127,96,171,141,11,22,64,79,177,199,148,83,86,119,81,153,129,24,150,19,185,62,57,89,46,180,191,121];False
4946;6701;11647;[198,174,190,10,130,5,42,47,26,145,115,152,186,148,139,48,106,20,146,140,124,168,34,136,125,6,113,61,45,138,123,82,187,128,134,195,33,94,118,126,143,160,91,75,77,149,189,7,173,116,65,4,84,122,2,97,0,85,18,132,176,3,196,49,170,95,167,93,66,135,51,50,21,92,147,67,32,165,169,23,163,25,70,90,41,88,44,37,156,71,8,184,162,109,72,78,131,110,101,59,80,100,30,114,182,15,36,58,151,175,197,1,117,98,157,142,137,158,54,120,193,172,39,107,55,14,13,111,52,40,87,181,68,9,28,105,69,159,38,144,56,63,73,99,155,178,192,103,35,161,102,12,133,76,112,104,31,183,164,108,188,74,53,17,16,194,29,154,60,179,27,43,127,96,171,141,11,22,64,79,177,199,166,83,86,119,81,153,129,24,150,19,185,62,57,89,46,180,191,121];False
5026;6700;11726;[198,174,190,10,130,5,42,47,26,145,115,152,186,148,139,48,106,20,44,37,124,168,34,136,125,6,113,61,45,138,123,82,187,128,134,195,33,94,118,126,143,160,91,75,77,149,189,7,173,116,65,4,84,122,2,97,0,85,18,132,176,3,196,49,170,95,167,93,66,135,51,50,21,92,147,67,32,165,169,23,163,25,70,90,41,88,146,140,156,71,8,184,162,109,72,78,131,110,101,59,80,100,30,114,182,15,36,58,151,175,197,1,117,98,157,142,137,158,54,120,193,172,39,107,55,14,13,111,52,40,87,181,68,9,28,105,69,159,38,144,56,63,73,99,155,178,192,103,35,161,102,12,133,76,112,104,31,183,164,108,188,74,53,17,16,194,29,154,60,179,27,43,127,96,171,141,11,22,64,79,177,199,166,83,86,119,81,153,129,24,150,19,185,62,57,89,46,180,191,121];False
4891;6704;11595;[198,174,190,10,130,5,42,47,26,145,115,152,186,148,139,48,106,20,44,140,124,168,34,136,69,6,113,61,45,138,123,82,187,128,134,195,33,94,118,126,143,160,91,75,77,149,189,7,173,116,65,4,84,122,2,97,0,85,18,132,176,3,196,49,170,95,167,93,66,135,51,50,21,92,147,67,32,165,169,23,163,25,70,90,41,88,146,37,156,71,8,184,162,109,72,78,131,110,101,59,80,100,30,114,182,15,36,58,151,175,197,1,117,98,157,142,137,158,54,120,193,172,39,107,55,14,13,111,52,40,87,181,68,9,28,105,125,159,38,144,56,63,73,99,155,178,192,103,35,161,102,12,133,76,112,104,31,183,164,108,188,74,53,17,16,194,29,154,60,179,27,43,127,96,171,141,11,22,64,79,177,199,166,83,86,119,81,153,129,24,150,19,185,62,57,89,46,180,191,121];False
4890;6704;11594;[198,174,190,10,130,5,42,47,26,145,115,152,186,148,139,48,106,20,44,140,124,168,34,136,125,117,113,61,45,138,123,82,187,128,134,195,33,94,118,126,143,160,91,75,77,149,189,7,173,116,65,4,84,122,2,97,0,85,18,132,176,3,196,49,170,95,167,93,66,135,51,50,21,92,147,67,32,165,169,23,163,25,70,90,41,88,146,37,156,71,8,184,162,109,72,78,131,110,101,59,80,100,30,114,182,15,36,58,151,175,197,1,6,98,157,142,137,158,54,120,193,172,39,107,55,14,13,111,52,40,87,181,68,9,28,105,69,159,38,144,56,63,73,99,155,178,192,103,35,161,102,12,133,76,112,104,31,183,164,108,188,74,53,17,16,194,29,154,60,179,27,43,127,96,171,141,11,22,64,79,177,199,166,83,86,119,81,153,129,24,150,19,185,62,57,89,46,180,191,121];False
4846;6708;11554;[198,174,190,10,130,5,42,47,26,145,115,152,186,148,139,48,106,20,44,140,124,168,34,136,125,6,167,61,45,138,123,82,187,128,134,195,33,94,118,126,143,160,91,75,77,149,189,7,173,116,65,4,84,122,2,97,0,85,18,132,176,3,196,49,170,95,113,93,66,135,51,50,21,92,147,67,32,165,169,23,163,25,70,90,41,88,146,37,156,71,8,184,162,109,72,78,131,110,101,59,80,100,30,114,182,15,36,58,151,175,197,1,117,98,157,142,137,158,54,120,193,172,39,107,55,14,13,111,52,40,87,181,68,9,28,105,69,159,38,144,56,63,73,99,155,178,192,103,35,161,102,12,133,76,112,104,31,183,164,108,188,74,53,17,16,194,29,154,60,179,27,43,127,96,171,141,11,22,64,79,177,199,166,83,86,119,81,153,129,24,150,19,185,62,57,89,46,180,191,121];False
5320;6688;12008;[20,29,90,41,187,60,179,47,26,145,115,152,186,129,139,123,106,198,56,140,124,168,164,190,174,196,113,61,45,138,51,82,172,128,134,195,33,94,118,126,143,160,91,75,77,149,189,7,173,116,65,4,84,122,2,97,0,85,18,132,176,3,136,49,170,95,167,93,66,135,48,50,21,92,147,67,32,165,169,23,163,25,70,125,6,88,44,37,156,71,8,184,162,109,72,78,131,110,101,59,80,100,30,114,182,15,36,58,151,175,197,1,117,98,157,142,137,158,54,57,193,154,39,107,55,14,13,111,52,40,87,181,68,9,28,105,69,159,38,144,146,63,73,99,155,178,192,103,35,161,102,12,133,76,112,104,31,183,34,108,188,74,53,17,16,194,19,130,5,42,27,43,127,96,171,141,11,22,64,79,177,199,148,83,86,119,81,153,166,24,150,10,185,62,120,89,46,180,191,121];False
5354;6686;12040;[198,29,90,41,187,60,179,47,26,145,115,152,86,129,139,123,106,20,56,140,124,168,164,190,174,196,113,61,45,138,51,82,172,128,134,195,33,94,118,126,143,160,91,75,77,149,189,7,173,116,65,4,84,122,2,97,0,85,18,132,176,3,136,49,170,95,167,93,66,135,48,50,21,92,147,67,32,165,169,23,163,25,70,125,6,88,44,37,156,71,8,184,162,109,72,78,131,110,101,59,80,100,30,114,182,15,36,58,151,175,197,1,117,98,157,142,137,158,54,57,193,154,39,107,55,14,13,111,52,40,87,181,68,9,28,105,69,159,38,144,146,63,73,99,155,178,192,103,35,161,102,12,133,76,112,104,31,183,34,108,188,74,53,17,16,194,19,130,5,42,27,43,127,96,171,141,11,22,64,79,177,199,148,83,186,119,81,153,166,24,150,10,185,62,120,89,46,180,191,121];False
5325;6687;12012;[198,29,90,41,187,60,179,47,26,145,115,152,186,166,139,123,106,20,56,140,124,168,164,190,174,196,113,61,45,138,51,82,172,128,134,195,33,94,118,126,143,160,91,75,77,149,189,7,173,116,65,4,84,122,2,97,0,85,18,132,176,3,136,49,170,95,167,93,66,135,48,50,21,92,147,67,32,165,169,23,163,25,70,125,6,88,44,37,156,71,8,184,162,109,72,78,131,110,101,59,80,100,30,114,182,15,36,58,151,175,197,1,117,98,157,142,137,158,54,57,193,154,39,107,55,14,13,111,52,40,87,181,68,9,28,105,69,159,38,144,146,63,73,99,155,178,192,103,35,161,102,12,133,76,112,104,31,183,34,108,188,74,53,17,16,194,19,130,5,42,27,43,127,96,171,141,11,22,64,79,177,199,148,83,86,119,81,153,129,24,150,10,185,62,120,89,46,180,191,121];False
5245;6686;11931;[198,29,90,41,187,60,179,47,26,145,115,152,186,129,139,123,106,194,56,140,124,168,164,190,174,196,113,61,45,138,51,82,172,128,134,195,33,94,118,126,143,160,91,75,77,149,189,7,173,116,65,4,84,122,2,97,0,85,18,132,176,3,136,49,170,95,167,93,66,135,48,50,21,92,147,67,32,165,169,23,163,25,70,125,6,88,44,37,156,71,8,184,162,109,72,78,131,110,101,59,80,100,30,114,182,15,36,58,151,175,197,1,117,98,157,142,137,158,54,57,193,154,39,107,55,14,13,111,52,40,87,181,68,9,28,105,69,159,38,144,146,63,73,99,155,178,192,103,35,161,102,12,133,76,112,104,31,183,34,108,188,74,53,17,16,20,19,130,5,42,27,43,127,96,171,141,11,22,64,79,177,199,148,83,86,119,81,153,166,24,150,10,185,62,120,89,46,180,191,121];False
5130;6693;11823;[198,29,90,41,187,60,179,47,26,145,115,152,186,129,139,123,106,20,146,140,124,168,164,190,174,196,113,61,45,138,51,82,172,128,134,195,33,94,118,126,143,160,91,75,77,149,189,7,173,116,65,4,84,122,2,97,0,85,18,132,176,3,136,49,170,95,167,93,66,135,48,50,21,92,147,67,32,165,169,23,163,25,70,125,6,88,44,37,156,71,8,184,162,109,72,78,131,110,101,59,80,100,30,114,182,15,36,58,151,175,197,1,117,98,157,142,137,158,54,57,193,154,39,107,55,14,13,111,52,40,87,181,68,9,28,105,69,159,38,144,56,63,73,99,155,178,192,103,35,161,102,12,133,76,112,104,31,183,34,108,188,74,53,17,16,194,19,130,5,42,27,43,127,96,171,141,11,22,64,79,177,199,148,83,86,119,81,153,166,24,150,10,185,62,120,89,46,180,191,121];False
5336;6684;12020;[198,29,90,41,187,60,179,47,26,145,115,152,186,129,139,123,106,20,56,140,124,183,164,190,174,196,113,61,45,138,51,82,172,128,134,195,33,94,118,126,143,160,91,75,77,149,189,7,173,116,65,4,84,122,2,97,0,85,18,132,176,3,136,49,170,95,167,93,66,135,48,50,21,92,147,67,32,165,169,23,163,25,70,125,6,88,44,37,156,71,8,184,162,109,72,78,131,110,101,59,80,100,30,114,182,15,36,58,151,175,197,1,117,98,157,142,137,158,54,57,193,154,39,107,55,14,13,111,52,40,87,181,68,9,28,105,69,159,38,144,146,63,73,99,155,178,192,103,35,161,102,12,133,76,112,104,31,168,34,108,188,74,53,17,16,194,19,130,5,42,27,43,127,96,171,141,11,22,64,79,177,199,148,83,86,119,81,153,166,24,150,10,185,62,120,89,46,180,191,121];False
5328;6679;12007;[198,29,90,41,187,60,179,47,26,145,115,152,186,129,139,123,106,20,56,140,124,168,34,190,174,196,113,61,45,138,51,82,172,128,134,195,33,94,118,126,143,160,91,75,77,149,189,7,173,116,65,4,84,122,2,97,0,85,18,132,176,3,136,49,170,95,167,93,66,135,48,50,21,92,147,67,32,165,169,23,163,25,70,125,6,88,44,37,156,71,8,184,162,109,72,78,131,110,101,59,80,100,30,114,182,15,36,58,151,175,197,1,117,98,157,142,137,158,54,57,193,154,39,107,55,14,13,111,52,40,87,181,68,9,28,105,69,159,38,144,146,63,73,99,155,178,192,103,35,161,102,12,133,76,112,104,31,183,164,108,188,74,53,17,16,194,19,130,5,42,27,43,127,96,171,141,11,22,64,79,177,199,148,83,86,119,81,153,166,24,150,10,185,62,120,89,46,180,191,121];False
5210;6687;11897;[198,29,90,41,187,60,179,47,26,145,115,152,186,129,139,123,106,20,56,140,124,168,164,190,174,196,167,61,45,138,51,82,172,128,134,195,33,94,118,126,143,160,91,75,77,149,189,7,173,116,65,4,84,122,2,97,0,85,18,132,176,3,136,49,170,95,113,93,66,135,48,50,21,92,147,67,32,165,169,23,163,25,70,125,6,88,44,37,156,71,8,184,162,109,72,78,131,110,101,59,80,100,30,114,182,15,36,58,151,175,197,1,117,98,157,142,137,158,54,57,193,154,39,107,55,14,13,111,52,40,87,181,68,9,28,105,69,159,38,144,146,63,73,99,155,178,192,103,35,161,102,12,133,76,112,104,31,183,34,108,188,74,53,17,16,194,19,130,5,42,27,43,127,96,171,141,11,22,64,79,177,199,148,83,86,119,81,153,166,24,150,10,185,62,120,89,46,180,191,121];False
5241;6684;11925;[198,29,90,41,187,60,179,47,26,145,115,152,186,129,139,123,106,20,56,140,124,168,164,190,174,196,113,61,45,135,51,82,172,128,134,195,33,94,118,126,143,160,91,75,77,149,189,7,173,116,65,4,84,122,2,97,0,85,18,132,176,3,136,49,170,95,167,93,66,138,48,50,21,92,147,67,32,165,169,23,163,25,70,125,6,88,44,37,156,71,8,184,162,109,72,78,131,110,101,59,80,100,30,114,182,15,36,58,151,175,197,1,117,98,157,142,137,158,54,57,193,154,39,107,55,14,13,111,52,40,87,181,68,9,28,105,69,159,38,144,146,63,73,99,155,178,192,103,35,161,102,12,133,76,112,104,31,183,34,108,188,74,53,17,16,194,19,130,5,42,27,43,127,96,171,141,11,22,64,79,177,199,148,83,86,119,81,153,166,24,150,10,185,62,120,89,46,180,191,121];False
5171;6687;11858;[198,29,90,41,187,60,179,47,26,145,115,152,186,129,139,123,106,20,56,140,124,168,164,190,174,196,113,61,45,138,65,82,172,128,134,195,33,94,118,126,143,160,91,75,77,149,189,7,173,116,51,4,84,122,2,97,0,85,18,132,176,3,136,49,170,95,167,93,66,135,48,50,21,92,147,67,32,165,169,23,163,25,70,125,6,88,44,37,156,71,8,184,162,109,72,78,131,110,101,59,80,100,30,114,182,15,36,58,151,175,197,1,117,98,157,142,137,158,54,57,193,154,39,107,55,14,13,111,52,40,87,181,68,9,28,105,69,159,38,144,146,63,73,99,155,178,192,103,35,161,102,12,133,76,112,104,31,183,34,108,188,74,53,17,16,194,19,130,5,42,27,43,127,96,171,141,11,22,64,79,177,199,148,83,86,119,81,153,166,24,150,10,185,62,120,89,46,180,191,121];False
5128;6693;11821;[198,29,90,41,187,60,42,47,26,145,115,152,186,129,139,123,106,194,56,140,124,168,164,190,174,196,113,61,45,138,65,82,172,128,134,195,33,94,118,126,143,160,91,75,77,149,189,7,173,116,51,4,84,122,2,97,0,85,18,132,176,3,136,49,170,95,167,93,66,135,48,50,21,92,147,67,32,165,169,23,163,25,70,125,6,88,44,37,156,71,8,184,162,109,72,78,131,110,101,59,80,100,30,114,182,15,36,58,151,175,197,1,117,98,157,142,137,158,54,57,193,154,39,107,55,14,13,111,52,40,87,181,68,9,28,105,69,159,38,144,146,63,73,99,155,178,192,103,35,161,102,12,133,76,112,104,31,183,34,108,188,74,53,17,16,20,19,130,5,179,27,43,127,96,171,141,11,22,64,79,177,199,148,83,86,119,81,153,166,24,150,10,185,62,120,89,46,180,191,121];False
5013;6700;11713;[198,29,90,41,187,60,42,47,26,145,115,152,186,129,139,123,106,20,146,140,124,168,164,190,174,196,113,61,45,138,65,82,172,128,134,195,33,94,118,126,143,160,91,75,77,149,189,7,173,116,51,4,84,122,2,97,0,85,18,132,176,3,136,49,170,95,167,93,66,135,48,50,21,92,147,67,32,165,169,23,163,25,70,125,6,88,44,37,156,71,8,184,162,109,72,78,131,110,101,59,80,100,30,114,182,15,36,58,151,175,197,1,117,98,157,142,137,158,54,57,193,154,39,107,55,14,13,111,52,40,87,181,68,9,28,105,69,159,38,144,56,63,73,99,155,178,192,103,35,161,102,12,133,76,112,104,31,183,34,108,188,74,53,17,16,194,19,130,5,179,27,43,127,96,171,141,11,22,64,79,177,199,148,83,86,119,81,153,166,24,150,10,185,62,120,89,46,180,191,121];False
5211;6686;11897;[198,29,90,41,187,60,42,47,26,145,115,152,186,129,139,123,106,20,56,140,124,168,34,190,174,196,113,61,45,138,65,82,172,128,134,195,33,94,118,126,143,160,91,75,77,149,189,7,173,116,51,4,84,122,2,97,0,85,18,132,176,3,136,49,170,95,167,93,66,135,48,50,21,92,147,67,32,165,169,23,163,25,70,125,6,88,44,37,156,71,8,184,162,109,72,78,131,110,101,59,80,100,30,114,182,15,36,58,151,175,197,1,117,98,157,142,137,158,54,57,193,154,39,107,55,14,13,111,52,40,87,181,68,9,28,105,69,159,38,144,146,63,73,99,155,178,192,103,35,161,102,12,133,76,112,104,31,183,164,108,188,74,53,17,16,194,19,130,5,179,27,43,127,96,171,141,11,22,64,79,177,199,148,83,86,119,81,153,166,24,150,10,185,62,120,89,46,180,191,121];False
5093;6694;11787;[198,29,90,41,187,60,42,47,26,145,115,152,186,129,139,123,106,20,56,140,124,168,164,190,174,196,167,61,45,138,65,82,172,128,134,195,33,94,118,126,143,160,91,75,77,149,189,7,173,116,51,4,84,122,2,97,0,85,18,132,176,3,136,49,170,95,113,93,66,135,48,50,21,92,147,67,32,165,169,23,163,25,70,125,6,88,44,37,156,71,8,184,162,109,72,78,131,110,101,59,80,100,30,114,182,15,36,58,151,175,197,1,117,98,157,142,137,158,54,57,193,154,39,107,55,14,13,111,52,40,87,181,68,9,28,105,69,159,38,144,146,63,73,99,155,178,192,103,35,161,102,12,133,76,112,104,31,183,34,108,188,74,53,17,16,194,19,130,5,179,27,43,127,96,171,141,11,22,64,79,177,199,148,83,86,119,81,153,166,24,150,10,185,62,120,89,46,180,191,121];False
5055;6695;11750;[198,29,90,41,187,60,42,47,26,145,115,152,186,129,139,123,106,20,56,140,124,168,164,190,174,196,113,61,45,138,65,82,172,128,134,195,33,94,118,126,143,160,154,75,77,149,189,7,173,116,51,4,84,122,2,97,0,85,18,132,176,3,136,49,170,95,167,93,66,135,48,50,21,92,147,67,32,165,169,23,163,25,70,125,6,88,44,37,156,71,8,184,162,109,72,78,131,110,101,59,80,100,30,114,182,15,36,58,151,175,197,1,117,98,157,142,137,158,54,57,193,91,39,107,55,14,13,111,52,40,87,181,68,9,28,105,69,159,38,144,146,63,73,99,155,178,192,103,35,161,102,12,133,76,112,104,31,183,34,108,188,74,53,17,16,194,19,130,5,179,27,43,127,96,171,141,11,22,64,79,177,199,148,83,86,119,81,153,166,24,150,10,185,62,120,89,46,180,191,121];False
5294;6681;11975;[198,29,90,41,172,60,179,47,26,145,115,152,186,129,139,123,106,20,56,140,124,168,34,190,174,196,113,61,45,135,51,82,187,128,134,195,33,94,118,126,143,160,91,75,77,149,189,7,173,116,65,4,84,122,2,97,0,85,18,132,176,3,136,49,170,95,167,93,66,138,48,50,21,92,147,67,32,165,169,23,163,25,70,125,6,88,44,37,156,71,8,184,162,109,72,78,131,110,101,59,80,100,30,114,182,15,36,58,151,175,197,1,117,98,157,142,137,158,54,57,193,154,39,107,55,14,13,111,52,40,87,181,68,9,28,105,69,159,38,144,146,63,73,99,155,178,192,103,35,161,102,12,133,76,112,104,31,183,164,108,188,74,53,17,16,194,19,130,5,42,27,43,127,96,171,141,11,22,64,79,177,199,148,83,86,119,81,153,166,24,150,10,185,62,120,89,46,180,191,121];False
5139;6689;11828;[198,29,90,41,172,60,179,47,26,145,115,152,186,129,139,123,106,20,56,140,124,168,164,190,174,196,113,61,45,44,51,82,187,128,134,195,33,94,118,126,143,160,91,75,77,149,189,7,173,116,65,4,84,122,2,97,0,85,18,132,176,3,136,49,170,95,167,93,66,138,48,50,21,92,147,67,32,165,169,23,163,25,70,125,6,88,135,37,156,71,8,184,162,109,72,78,131,110,101,59,80,100,30,114,182,15,36,58,151,175,197,1,117,98,157,142,137,158,54,57,193,154,39,107,55,14,13,111,52,40,87,181,68,9,28,105,69,159,38,144,146,63,73,99,155,178,192,103,35,161,102,12,133,76,112,104,31,183,34,108,188,74,53,17,16,194,19,130,5,42,27,43,127,96,171,141,11,22,64,79,177,199,148,83,86,119,81,153,166,24,150,10,185,62,120,89,46,180,191,121];False
5126;6691;11817;[198,29,90,41,187,60,42,47,26,145,115,152,186,129,139,123,106,20,56,140,124,168,164,190,174,196,113,61,45,44,51,82,172,128,134,195,33,94,118,126,143,160,91,75,77,149,189,7,173,116,65,4,84,122,2,97,0,85,18,132,176,3,136,49,170,95,167,93,66,138,48,50,21,92,147,67,32,165,169,23,163,25,70,125,6,88,135,37,156,71,8,184,162,109,72,78,131,110,101,59,80,100,30,114,182,15,36,58,151,175,197,1,117,98,157,142,137,158,54,57,193,154,39,107,55,14,13,111,52,40,87,181,68,9,28,105,69,159,38,144,146,63,73,99,155,178,192,103,35,161,102,12,133,76,112,104,31,183,34,108,188,74,53,17,16,194,19,130,5,179,27,43,127,96,171,141,11,22,64,79,177,199,148,83,86,119,81,153,166,24,150,10,185,62,120,89,46,180,191,121];False
5028;6699;11727;[198,29,90,41,172,60,42,47,26,145,115,152,186,129,139,123,106,20,56,140,124,168,164,190,174,196,113,61,45,44,17,82,187,128,134,195,33,94,118,126,143,160,91,75,77,149,189,7,173,116,65,4,84,122,2,97,0,85,18,132,176,3,136,49,170,95,167,93,66,138,48,50,21,92,147,67,32,165,169,23,163,25,70,125,6,88,135,37,156,71,8,184,162,109,72,78,131,110,101,59,80,100,30,114,182,15,36,58,151,175,197,1,117,98,157,142,137,158,54,57,193,154,39,107,55,14,13,111,52,40,87,181,68,9,28,105,69,159,38,144,146,63,73,99,155,178,192,103,35,161,102,12,133,76,112,104,31,183,34,108,188,74,53,51,16,194,19,130,5,179,27,43,127,96,171,141,11,22,64,79,177,199,148,83,86,119,81,153,166,24,150,10,185,62,120,89,46,180,191,121];False
5708;6666;12374;[20,29,125,78,130,5,54,120,26,145,115,152,186,129,139,123,106,198,56,140,124,168,34,118,174,196,98,61,45,138,51,82,187,128,134,195,33,94,190,126,143,160,91,75,77,149,189,7,173,116,65,4,84,122,2,97,0,85,18,132,176,3,136,49,170,95,167,93,66,135,48,50,21,92,90,67,32,165,169,23,163,25,70,147,6,88,44,37,156,71,8,184,162,109,72,41,131,110,101,59,80,100,30,114,182,15,36,58,151,175,197,1,117,113,157,142,137,158,42,57,193,172,39,107,55,14,13,111,52,40,87,181,68,9,28,105,69,159,38,144,146,63,73,99,155,178,192,103,35,161,102,12,133,76,112,104,31,183,164,108,188,74,53,17,16,194,19,154,60,179,27,43,127,96,171,141,11,22,64,79,177,199,148,83,86,119,81,153,166,24,150,10,185,62,47,89,46,180,191,121];False
5593;6666;12259;[198,29,147,78,130,5,54,120,26,145,115,152,186,129,139,123,106,20,56,140,124,168,34,118,174,196,98,61,45,138,51,82,187,128,134,195,33,94,190,126,143,160,91,75,77,149,189,7,173,116,65,4,84,122,2,97,0,85,18,132,176,3,136,49,170,95,167,93,66,135,48,50,21,92,90,67,32,165,169,23,163,25,70,125,6,88,44,37,156,71,8,184,162,109,72,41,131,110,101,59,80,100,30,114,182,15,36,58,151,175,197,1,117,113,157,142,137,158,42,57,193,172,39,107,55,14,13,111,52,40,87,181,68,9,28,105,69,159,38,144,146,63,73,99,155,178,192,103,35,161,102,12,133,76,112,104,31,183,164,108,188,74,53,17,16,194,19,154,60,179,27,43,127,96,171,141,11,22,64,79,177,199,148,83,86,119,81,153,166,24,150,10,185,62,47,89,46,180,191,121];False
5537;6672;12209;[198,29,125,41,130,5,54,120,26,145,115,152,186,129,139,123,106,20,56,140,124,168,34,118,174,196,98,61,45,138,51,82,187,128,134,195,33,94,190,126,143,160,91,75,77,149,189,7,173,116,65,4,84,122,2,97,0,85,18,132,176,3,136,49,170,95,167,93,66,135,48,50,21,92,90,67,32,165,169,23,163,25,70,147,6,88,44,37,156,71,8,184,162,109,72,78,131,110,101,59,80,100,30,114,182,15,36,58,151,175,197,1,117,113,157,142,137,158,42,57,193,172,39,107,55,14,13,111,52,40,87,181,68,9,28,105,69,159,38,144,146,63,73,99,155,178,192,103,35,161,102,12,133,76,112,104,31,183,164,108,188,74,53,17,16,194,19,154,60,179,27,43,127,96,171,141,11,22,64,79,177,199,148,83,86,119,81,153,166,24,150,10,185,62,47,89,46,180,191,121];False
5798;6662;12460;[198,29,125,78,130,5,54,120,26,145,115,77,186,129,139,123,106,20,56,140,124,168,34,118,174,196,98,61,45,138,51,82,187,128,134,195,33,94,190,126,143,160,91,75,152,149,189,7,173,116,65,4,84,122,2,97,0,85,18,132,176,3,136,49,170,95,167,93,66,135,48,50,21,92,90,67,32,165,169,23,163,25,70,147,6,88,44,37,156,71,8,184,162,109,72,41,131,110,101,59,80,100,30,114,182,15,36,58,151,175,197,1,117,113,157,142,137,158,42,57,193,172,39,107,55,14,13,111,52,40,87,181,68,9,28,105,69,159,38,144,146,63,73,99,155,178,192,103,35,161,102,12,133,76,112,104,31,183,164,108,188,74,53,17,16,194,19,154,60,179,27,43,127,96,171,141,11,22,64,79,177,199,148,83,86,119,81,153,166,24,150,10,185,62,47,89,46,180,191,121];False
5742;6664;12406;[198,29,125,78,130,5,54,120,26,145,115,152,86,129,139,123,106,20,56,140,124,168,34,118,174,196,98,61,45,138,51,82,187,128,134,195,33,94,190,126,143,160,91,75,77,149,189,7,173,116,65,4,84,122,2,97,0,85,18,132,176,3,136,49,170,95,167,93,66,135,48,50,21,92,90,67,32,165,169,23,163,25,70,147,6,88,44,37,156,71,8,184,162,109,72,41,131,110,101,59,80,100,30,114,182,15,36,58,151,175,197,1,117,113,157,142,137,158,42,57,193,172,39,107,55,14,13,111,52,40,87,181,68,9,28,105,69,159,38,144,146,63,73,99,155,178,192,103,35,161,102,12,133,76,112,104,31,183,164,108,188,74,53,17,16,194,19,154,60,179,27,43,127,96,171,141,11,22,64,79,177,199,148,83,186,119,81,153,166,24,150,10,185,62,47,89,46,180,191,121];False
5713;6665;12378;[198,29,125,78,130,5,54,120,26,145,115,152,186,166,139,123,106,20,56,140,124,168,34,118,174,196,98,61,45,138,51,82,187,128,134,195,33,94,190,126,143,160,91,75,77,149,189,7,173,116,65,4,84,122,2,97,0,85,18,132,176,3,136,49,170,95,167,93,66,135,48,50,21,92,90,67,32,165,169,23,163,25,70,147,6,88,44,37,156,71,8,184,162,109,72,41,131,110,101,59,80,100,30,114,182,15,36,58,151,175,197,1,117,113,157,142,137,158,42,57,193,172,39,107,55,14,13,111,52,40,87,181,68,9,28,105,69,159,38,144,146,63,73,99,155,178,192,103,35,161,102,12,133,76,112,104,31,183,164,108,188,74,53,17,16,194,19,154,60,179,27,43,127,96,171,141,11,22,64,79,177,199,148,83,86,119,81,153,129,24,150,10,185,62,47,89,46,180,191,121];False
5633;6664;12297;[198,29,125,78,130,5,54,120,26,145,115,152,186,129,139,123,106,194,56,140,124,168,34,118,174,196,98,61,45,138,51,82,187,128,134,195,33,94,190,126,143,160,91,75,77,149,189,7,173,116,65,4,84,122,2,97,0,85,18,132,176,3,136,49,170,95,167,93,66,135,48,50,21,92,90,67,32,165,169,23,163,25,70,147,6,88,44,37,156,71,8,184,162,109,72,41,131,110,101,59,80,100,30,114,182,15,36,58,151,175,197,1,117,113,157,142,137,158,42,57,193,172,39,107,55,14,13,111,52,40,87,181,68,9,28,105,69,159,38,144,146,63,73,99,155,178,192,103,35,161,102,12,133,76,112,104,31,183,164,108,188,74,53,17,16,20,19,154,60,179,27,43,127,96,171,141,11,22,64,79,177,199,148,83,86,119,81,153,166,24,150,10,185,62,47,89,46,180,191,121];False
5518;6671;12189;[198,29,125,78,130,5,54,120,26,145,115,152,186,129,139,123,106,20,146,140,124,168,34,118,174,196,98,61,45,138,51,82,187,128,134,195,33,94,190,126,143,160,91,75,77,149,189,7,173,116,65,4,84,122,2,97,0,85,18,132,176,3,136,49,170,95,167,93,66,135,48,50,21,92,90,67,32,165,169,23,163,25,70,147,6,88,44,37,156,71,8,184,162,109,72,41,131,110,101,59,80,100,30,114,182,15,36,58,151,175,197,1,117,113,157,142,137,158,42,57,193,172,39,107,55,14,13,111,52,40,87,181,68,9,28,105,69,159,38,144,56,63,73,99,155,178,192,103,35,161,102,12,133,76,112,104,31,183,164,108,188,74,53,17,16,194,19,154,60,179,27,43,127,96,171,141,11,22,64,79,177,199,148,83,86,119,81,153,166,24,150,10,185,62,47,89,46,180,191,121];False
5578;6670;12248;[198,29,125,78,130,5,54,120,26,145,115,152,186,129,139,123,106,20,56,37,124,168,34,118,174,196,98,61,45,138,51,82,187,128,134,195,33,94,190,126,143,160,91,75,77,149,189,7,173,116,65,4,84,122,2,97,0,85,18,132,176,3,136,49,170,95,167,93,66,135,48,50,21,92,90,67,32,165,169,23,163,25,70,147,6,88,44,140,156,71,8,184,162,109,72,41,131,110,101,59,80,100,30,114,182,15,36,58,151,175,197,1,117,113,157,142,137,158,42,57,193,172,39,107,55,14,13,111,52,40,87,181,68,9,28,105,69,159,38,144,146,63,73,99,155,178,192,103,35,161,102,12,133,76,112,104,31,183,164,108,188,74,53,17,16,194,19,154,60,179,27,43,127,96,171,141,11,22,64,79,177,199,148,83,86,119,81,153,166,24,150,10,185,62,47,89,46,180,191,121];False
5567;6670;12237;[198,29,125,78,130,5,54,120,26,145,115,152,186,129,139,123,106,20,56,63,124,168,34,118,174,196,98,61,45,138,51,82,187,128,134,195,33,94,190,126,143,160,91,75,77,149,189,7,173,116,65,4,84,122,2,97,0,85,18,132,176,3,136,49,170,95,167,93,66,135,48,50,21,92,90,67,32,165,169,23,163,25,70,147,6,88,44,37,156,71,8,184,162,109,72,41,131,110,101,59,80,100,30,114,182,15,36,58,151,175,197,1,117,113,157,142,137,158,42,57,193,172,39,107,55,14,13,111,52,40,87,181,68,9,28,105,69,159,38,144,146,140,73,99,155,178,192,103,35,161,102,12,133,76,112,104,31,183,164,108,188,74,53,17,16,194,19,154,60,179,27,43,127,96,171,141,11,22,64,79,177,199,148,83,86,119,81,153,166,24,150,10,185,62,47,89,46,180,191,121];False
5771;6656;12427;[198,29,125,78,130,5,54,120,26,145,115,152,186,129,139,123,106,20,56,140,124,168,34,118,174,196,85,61,45,138,51,82,187,128,134,195,33,94,190,126,143,160,91,75,77,149,189,7,173,116,65,4,84,122,2,97,0,98,18,132,176,3,136,49,170,95,167,93,66,135,48,50,21,92,90,67,32,165,169,23,163,25,70,147,6,88,44,37,156,71,8,184,162,109,72,41,131,110,101,59,80,100,30,114,182,15,36,58,151,175,197,1,117,113,157,142,137,158,42,57,193,172,39,107,55,14,13,111,52,40,87,181,68,9,28,105,69,159,38,144,146,63,73,99,155,178,192,103,35,161,102,12,133,76,112,104,31,183,164,108,188,74,53,17,16,194,19,154,60,179,27,43,127,96,171,141,11,22,64,79,177,199,148,83,86,119,81,153,166,24,150,10,185,62,47,89,46,180,191,121];False
5699;6657;12356;[198,29,125,78,130,5,54,120,26,145,115,152,186,129,139,123,106,20,56,140,124,168,34,118,174,196,95,61,45,138,51,82,187,128,134,195,33,94,190,126,143,160,91,75,77,149,189,7,173,116,65,4,84,122,2,97,0,85,18,132,176,3,136,49,170,98,167,93,66,135,48,50,21,92,90,67,32,165,169,23,163,25,70,147,6,88,44,37,156,71,8,184,162,109,72,41,131,110,101,59,80,100,30,114,182,15,36,58,151,175,197,1,117,113,157,142,137,158,42,57,193,172,39,107,55,14,13,111,52,40,87,181,68,9,28,105,69,159,38,144,146,63,73,99,155,178,192,103,35,161,102,12,133,76,112,104,31,183,164,108,188,74,53,17,16,194,19,154,60,179,27,43,127,96,171,141,11,22,64,79,177,199,148,83,86,119,81,153,166,24,150,10,185,62,47,89,46,180,191,121];False
5631;6662;12293;[198,29,125,78,130,5,54,120,26,145,115,152,186,129,139,123,106,20,56,140,124,168,34,118,174,196,154,61,45,138,51,82,187,128,134,195,33,94,190,126,143,160,91,75,77,149,189,7,173,116,65,4,84,122,2,97,0,85,18,132,176,3,136,49,170,95,167,93,66,135,48,50,21,92,90,67,32,165,169,23,163,25,70,147,6,88,44,37,156,71,8,184,162,109,72,41,131,110,101,59,80,100,30,114,182,15,36,58,151,175,197,1,117,113,157,142,137,158,42,57,193,172,39,107,55,14,13,111,52,40,87,181,68,9,28,105,69,159,38,144,146,63,73,99,155,178,192,103,35,161,102,12,133,76,112,104,31,183,164,108,188,74,53,17,16,194,19,98,60,179,27,43,127,96,171,141,11,22,64,79,177,199,148,83,86,119,81,153,166,24,150,10,185,62,47,89,46,180,191,121];False
5629;6662;12291;[198,29,125,78,130,5,54,120,26,145,115,152,186,129,139,123,106,20,56,140,124,168,34,118,174,196,98,61,45,135,51,82,187,128,134,195,33,94,190,126,143,160,91,75,77,149,189,7,173,116,65,4,84,122,2,97,0,85,18,132,176,3,136,49,170,95,167,93,66,138,48,50,21,92,90,67,32,165,169,23,163,25,70,147,6,88,44,37,156,71,8,184,162,109,72,41,131,110,101,59,80,100,30,114,182,15,36,58,151,175,197,1,117,113,157,142,137,158,42,57,193,172,39,107,55,14,13,111,52,40,87,181,68,9,28,105,69,159,38,144,146,63,73,99,155,178,192,103,35,161,102,12,133,76,112,104,31,183,164,108,188,74,53,17,16,194,19,154,60,179,27,43,127,96,171,141,11,22,64,79,177,199,148,83,86,119,81,153,166,24,150,10,185,62,47,89,46,180,191,121];False
5559;6665;12224;[198,29,125,78,130,5,54,120,26,145,115,152,186,129,139,123,106,20,56,140,124,168,34,118,174,196,98,61,45,138,65,82,187,128,134,195,33,94,190,126,143,160,91,75,77,149,189,7,173,116,51,4,84,122,2,97,0,85,18,132,176,3,136,49,170,95,167,93,66,135,48,50,21,92,90,67,32,165,169,23,163,25,70,147,6,88,44,37,156,71,8,184,162,109,72,41,131,110,101,59,80,100,30,114,182,15,36,58,151,175,197,1,117,113,157,142,137,158,42,57,193,172,39,107,55,14,13,111,52,40,87,181,68,9,28,105,69,159,38,144,146,63,73,99,155,178,192,103,35,161,102,12,133,76,112,104,31,183,164,108,188,74,53,17,16,194,19,154,60,179,27,43,127,96,171,141,11,22,64,79,177,199,148,83,86,119,81,153,166,24,150,10,185,62,47,89,46,180,191,121];False
5502;6671;12173;[198,29,147,78,130,5,54,120,26,145,115,152,186,129,139,123,106,20,56,140,124,168,34,118,174,196,113,61,45,135,51,82,187,128,134,195,33,94,190,126,143,160,91,75,77,149,189,7,173,116,65,4,84,122,2,97,0,85,18,132,176,3,136,49,170,95,167,93,66,138,48,50,21,92,90,67,32,165,169,23,163,25,70,125,6,88,44,37,156,71,8,184,162,109,72,41,131,110,101,59,80,100,30,114,182,15,36,58,151,175,197,1,117,98,157,142,137,158,42,57,193,172,39,107,55,14,13,111,52,40,87,181,68,9,28,105,69,159,38,144,146,63,73,99,155,178,192,103,35,161,102,12,133,76,112,104,31,183,164,108,188,74,53,17,16,194,19,154,60,179,27,43,127,96,171,141,11,22,64,79,177,199,148,83,86,119,81,153,166,24,150,10,185,62,47,89,46,180,191,121];False
5542;6669;12211;[198,29,125,78,130,5,54,120,26,145,115,152,186,129,139,123,106,194,56,140,124,168,34,118,174,196,113,61,45,135,51,82,187,128,134,195,33,94,190,126,143,160,91,75,77,149,189,7,173,116,65,4,84,122,2,97,0,85,18,132,176,3,136,49,170,95,167,93,66,138,48,50,21,92,90,67,32,165,169,23,163,25,70,147,6,88,44,37,156,71,8,184,162,109,72,41,131,110,101,59,80,100,30,114,182,15,36,58,151,175,197,1,117,98,157,142,137,158,42,57,193,172,39,107,55,14,13,111,52,40,87,181,68,9,28,105,69,159,38,144,146,63,73,99,155,178,192,103,35,161,102,12,133,76,112,104,31,183,164,108,188,74,53,17,16,20,19,154,60,179,27,43,127,96,171,141,11,22,64,79,177,199,148,83,86,119,81,153,166,24,150,10,185,62,47,89,46,180,191,121];False
5487;6675;12162;[198,29,125,78,130,5,54,120,26,145,115,152,186,129,139,123,106,20,56,37,124,168,34,118,174,196,113,61,45,135,51,82,187,128,134,195,33,94,190,126,143,160,91,75,77,149,189,7,173,116,65,4,84,122,2,97,0,85,18,132,176,3,136,49,170,95,167,93,66,138,48,50,21,92,90,67,32,165,169,23,163,25,70,147,6,88,44,140,156,71,8,184,162,109,72,41,131,110,101,59,80,100,30,114,182,15,36,58,151,175,197,1,117,98,157,142,137,158,42,57,193,172,39,107,55,14,13,111,52,40,87,181,68,9,28,105,69,159,38,144,146,63,73,99,155,178,192,103,35,161,102,12,133,76,112,104,31,183,164,108,188,74,53,17,16,194,19,154,60,179,27,43,127,96,171,141,11,22,64,79,177,199,148,83,86,119,81,153,166,24,150,10,185,62,47,89,46,180,191,121];False
5476;6675;12151;[198,29,125,78,130,5,54,120,26,145,115,152,186,129,139,123,106,20,56,63,124,168,34,118,174,196,113,61,45,135,51,82,187,128,134,195,33,94,190,126,143,160,91,75,77,149,189,7,173,116,65,4,84,122,2,97,0,85,18,132,176,3,136,49,170,95,167,93,66,138,48,50,21,92,90,67,32,165,169,23,163,25,70,147,6,88,44,37,156,71,8,184,162,109,72,41,131,110,101,59,80,100,30,114,182,15,36,58,151,175,197,1,117,98,157,142,137,158,42,57,193,172,39,107,55,14,13,111,52,40,87,181,68,9,28,105,69,159,38,144,146,140,73,99,155,178,192,103,35,161,102,12,133,76,112,104,31,183,164,108,188,74,53,17,16,194,19,154,60,179,27,43,127,96,171,141,11,22,64,79,177,199,148,83,86,119,81,153,166,24,150,10,185,62,47,89,46,180,191,121];False
5507;6670;12177;[198,29,125,78,130,5,54,120,26,145,115,152,186,129,139,123,106,20,56,140,124,168,34,118,174,196,167,61,45,135,51,82,187,128,134,195,33,94,190,126,143,160,91,75,77,149,189,7,173,116,65,4,84,122,2,97,0,85,18,132,176,3,136,49,170,95,113,93,66,138,48,50,21,92,90,67,32,165,169,23,163,25,70,147,6,88,44,37,156,71,8,184,162,109,72,41,131,110,101,59,80,100,30,114,182,15,36,58,151,175,197,1,117,98,157,142,137,158,42,57,193,172,39,107,55,14,13,111,52,40,87,181,68,9,28,105,69,159,38,144,146,63,73,99,155,178,192,103,35,161,102,12,133,76,112,104,31,183,164,108,188,74,53,17,16,194,19,154,60,179,27,43,127,96,171,141,11,22,64,79,177,199,148,83,86,119,81,153,166,24,150,10,185,62,47,89,46,180,191,121];False
5470;6670;12140;[198,29,125,78,130,5,54,120,26,145,115,152,186,129,139,123,106,20,56,140,124,168,34,118,174,196,113,61,45,44,51,82,187,128,134,195,33,94,190,126,143,160,91,75,77,149,189,7,173,116,65,4,84,122,2,97,0,85,18,132,176,3,136,49,170,95,167,93,66,138,48,50,21,92,90,67,32,165,169,23,163,25,70,147,6,88,135,37,156,71,8,184,162,109,72,41,131,110,101,59,80,100,30,114,182,15,36,58,151,175,197,1,117,98,157,142,137,158,42,57,193,172,39,107,55,14,13,111,52,40,87,181,68,9,28,105,69,159,38,144,146,63,73,99,155,178,192,103,35,161,102,12,133,76,112,104,31,183,164,108,188,74,53,17,16,194,19,154,60,179,27,43,127,96,171,141,11,22,64,79,177,199,148,83,86,119,81,153,166,24,150,10,185,62,47,89,46,180,191,121];False
5432;6674;12106;[198,29,147,78,130,5,54,120,26,145,115,152,186,129,139,123,106,20,56,140,124,168,34,118,174,196,113,61,45,138,65,82,187,128,134,195,33,94,190,126,143,160,91,75,77,149,189,7,173,116,51,4,84,122,2,97,0,85,18,132,176,3,136,49,170,95,167,93,66,135,48,50,21,92,90,67,32,165,169,23,163,25,70,125,6,88,44,37,156,71,8,184,162,109,72,41,131,110,101,59,80,100,30,114,182,15,36,58,151,175,197,1,117,98,157,142,137,158,42,57,193,172,39,107,55,14,13,111,52,40,87,181,68,9,28,105,69,159,38,144,146,63,73,99,155,178,192,103,35,161,102,12,133,76,112,104,31,183,164,108,188,74,53,17,16,194,19,154,60,179,27,43,127,96,171,141,11,22,64,79,177,199,148,83,86,119,81,153,166,24,150,10,185,62,47,89,46,180,191,121];False
5417;6678;12095;[198,29,125,78,130,5,54,120,26,145,115,152,186,129,139,123,106,20,56,37,124,168,34,118,174,196,113,61,45,138,65,82,187,128,134,195,33,94,190,126,143,160,91,75,77,149,189,7,173,116,51,4,84,122,2,97,0,85,18,132,176,3,136,49,170,95,167,93,66,135,48,50,21,92,90,67,32,165,169,23,163,25,70,147,6,88,44,140,156,71,8,184,162,109,72,41,131,110,101,59,80,100,30,114,182,15,36,58,151,175,197,1,117,98,157,142,137,158,42,57,193,172,39,107,55,14,13,111,52,40,87,181,68,9,28,105,69,159,38,144,146,63,73,99,155,178,192,103,35,161,102,12,133,76,112,104,31,183,164,108,188,74,53,17,16,194,19,154,60,179,27,43,127,96,171,141,11,22,64,79,177,199,148,83,86,119,81,153,166,24,150,10,185,62,47,89,46,180,191,121];False
5406;6678;12084;[198,29,125,78,130,5,54,120,26,145,115,152,186,129,139,123,106,20,56,63,124,168,34,118,174,196,113,61,45,138,65,82,187,128,134,195,33,94,190,126,143,160,91,75,77,149,189,7,173,116,51,4,84,122,2,97,0,85,18,132,176,3,136,49,170,95,167,93,66,135,48,50,21,92,90,67,32,165,169,23,163,25,70,147,6,88,44,37,156,71,8,184,162,109,72,41,131,110,101,59,80,100,30,114,182,15,36,58,151,175,197,1,117,98,157,142,137,158,42,57,193,172,39,107,55,14,13,111,52,40,87,181,68,9,28,105,69,159,38,144,146,140,73,99,155,178,192,103,35,161,102,12,133,76,112,104,31,183,164,108,188,74,53,17,16,194,19,154,60,179,27,43,127,96,171,141,11,22,64,79,177,199,148,83,86,119,81,153,166,24,150,10,185,62,47,89,46,180,191,121];False
5437;6673;12110;[198,29,125,78,130,5,54,120,26,145,115,152,186,129,139,123,106,20,56,140,124,168,34,118,174,196,167,61,45,138,65,82,187,128,134,195,33,94,190,126,143,160,91,75,77,149,189,7,173,116,51,4,84,122,2,97,0,85,18,132,176,3,136,49,170,95,113,93,66,135,48,50,21,92,90,67,32,165,169,23,163,25,70,147,6,88,44,37,156,71,8,184,162,109,72,41,131,110,101,59,80,100,30,114,182,15,36,58,151,175,197,1,117,98,157,142,137,158,42,57,193,172,39,107,55,14,13,111,52,40,87,181,68,9,28,105,69,159,38,144,146,63,73,99,155,178,192,103,35,161,102,12,133,76,112,104,31,183,164,108,188,74,53,17,16,194,19,154,60,179,27,43,127,96,171,141,11,22,64,79,177,199,148,83,86,119,81,153,166,24,150,10,185,62,47,89,46,180,191,121];False
5393;6672;12065;[198,29,125,78,130,5,54,120,26,145,115,152,186,129,139,123,106,20,56,140,124,168,34,118,174,196,113,61,45,138,65,82,187,128,134,195,33,94,190,126,143,160,91,75,77,149,189,7,103,116,51,4,84,122,2,97,0,85,18,132,176,3,136,49,170,95,167,93,66,135,48,50,21,92,90,67,32,165,169,23,163,25,70,147,6,88,44,37,156,71,8,184,162,109,72,41,131,110,101,59,80,100,30,114,182,15,36,58,151,175,197,1,117,98,157,142,137,158,42,57,193,172,39,107,55,14,13,111,52,40,87,181,68,9,28,105,69,159,38,144,146,63,73,99,155,178,192,173,35,161,102,12,133,76,112,104,31,183,164,108,188,74,53,17,16,194,19,154,60,179,27,43,127,96,171,141,11,22,64,79,177,199,148,83,86,119,81,153,166,24,150,10,185,62,47,89,46,180,191,121];False
6244;6649;12893;[73,154,49,86,54,120,89,69,6,101,185,175,12,7,85,15,135,198,19,33,183,17,143,38,178,41,197,123,29,71,44,91,52,2,83,59,93,138,124,94,118,48,146,90,149,163,186,148,173,116,65,192,10,95,61,97,0,77,57,26,145,3,136,137,170,103,105,74,20,156,106,194,51,50,82,67,32,165,169,23,75,36,98,25,1,88,70,37,21,92,8,184,190,109,72,78,111,128,171,110,80,100,30,114,182,139,125,187,158,62,189,130,5,122,157,84,131,79,42,27,193,172,39,107,55,14,147,196,167,40,87,181,68,9,28,162,108,102,132,144,56,63,140,99,34,159,164,160,35,161,191,152,18,134,112,104,31,53,180,4,188,168,155,126,16,142,115,127,60,179,47,43,133,76,151,141,11,58,64,96,177,199,166,22,195,119,81,153,129,24,150,174,13,117,113,66,176,46,45,121];False
6313;6642;12955;[73,154,49,86,54,120,89,69,6,18,185,175,12,7,85,15,135,194,19,33,183,17,143,38,178,41,197,123,29,71,44,91,52,2,83,59,93,138,124,94,118,48,146,90,149,163,186,148,173,116,65,192,10,95,61,97,0,77,57,26,145,3,136,137,170,103,105,74,20,156,106,198,51,50,82,67,32,165,169,23,75,36,98,25,1,88,70,37,21,92,8,184,190,109,72,78,111,128,171,110,80,100,30,114,182,139,125,187,158,62,189,130,5,122,157,84,131,79,42,27,193,172,39,107,55,14,147,196,167,40,87,181,68,9,28,162,108,102,132,144,56,63,140,99,34,159,164,160,35,161,191,152,101,134,112,104,31,53,180,4,188,168,155,126,16,142,115,127,60,179,47,43,133,76,151,141,11,58,64,96,177,199,166,22,195,119,81,153,129,24,150,174,13,117,113,66,176,46,45,121];False
6144;6652;12796;[73,154,49,86,54,120,89,69,6,18,185,175,12,7,85,15,135,37,19,33,183,17,143,38,178,41,197,123,29,71,44,91,52,2,83,59,93,138,124,94,118,48,146,90,149,163,186,148,173,116,65,192,10,95,61,97,0,77,57,26,145,3,136,137,170,103,105,74,20,156,106,194,51,50,82,67,32,165,169,23,75,36,98,25,1,88,70,198,21,92,8,184,190,109,72,78,111,128,171,110,80,100,30,114,182,139,125,187,158,62,189,130,5,122,157,84,131,79,42,27,193,172,39,107,55,14,147,196,167,40,87,181,68,9,28,162,108,102,132,144,56,63,140,99,34,159,164,160,35,161,191,152,101,134,112,104,31,53,180,4,188,168,155,126,16,142,115,127,60,179,47,43,133,76,151,141,11,58,64,96,177,199,166,22,195,119,81,153,129,24,150,174,13,117,113,66,176,46,45,121];False
6319;6641;12960;[73,154,137,86,54,120,89,69,6,101,185,175,12,7,85,15,135,194,19,33,183,17,143,38,178,41,197,123,29,71,44,91,52,2,83,59,93,138,124,94,118,48,146,90,149,163,186,148,173,116,65,192,10,95,61,97,0,77,57,26,145,3,136,49,170,103,105,74,20,156,106,198,51,50,82,67,32,165,169,23,75,36,98,25,1,88,70,37,21,92,8,184,190,109,72,78,111,128,171,110,80,100,30,114,182,139,125,187,158,62,189,130,5,122,157,84,131,79,42,27,193,172,39,107,55,14,147,196,167,40,87,181,68,9,28,162,108,102,132,144,56,63,140,99,34,159,164,160,35,161,191,152,18,134,112,104,31,53,180,4,188,168,155,126,16,142,115,127,60,179,47,43,133,76,151,141,11,58,64,96,177,199,166,22,195,119,81,153,129,24,150,174,13,117,113,66,176,46,45,121];False
6150;6651;12801;[73,154,137,86,54,120,89,69,6,101,185,175,12,7,85,15,135,37,19,33,183,17,143,38,178,41,197,123,29,71,44,91,52,2,83,59,93,138,124,94,118,48,146,90,149,163,186,148,173,116,65,192,10,95,61,97,0,77,57,26,145,3,136,49,170,103,105,74,20,156,106,194,51,50,82,67,32,165,169,23,75,36,98,25,1,88,70,198,21,92,8,184,190,109,72,78,111,128,171,110,80,100,30,114,182,139,125,187,158,62,189,130,5,122,157,84,131,79,42,27,193,172,39,107,55,14,147,196,167,40,87,181,68,9,28,162,108,102,132,144,56,63,140,99,34,159,164,160,35,161,191,152,18,134,112,104,31,53,180,4,188,168,155,126,16,142,115,127,60,179,47,43,133,76,151,141,11,58,64,96,177,199,166,22,195,119,81,153,129,24,150,174,13,117,113,66,176,46,45,121];False
6240;6650;12890;[73,154,137,86,54,120,89,69,6,18,185,175,12,7,103,15,135,20,19,33,183,17,143,38,178,41,197,123,29,71,44,91,52,2,83,59,93,138,124,94,118,48,146,90,149,163,186,148,173,116,65,192,10,95,61,97,0,77,57,26,145,3,136,49,170,85,105,74,198,156,106,194,51,50,82,67,32,165,169,23,75,36,98,25,1,88,70,37,21,92,8,184,190,109,72,78,111,128,171,110,80,100,30,114,182,139,125,187,158,62,189,130,5,122,157,84,131,79,42,27,193,172,39,107,55,14,147,196,167,40,87,181,68,9,28,162,108,102,132,144,56,63,140,99,34,159,164,160,35,161,191,152,101,134,112,104,31,53,180,4,188,168,155,126,16,142,115,127,60,179,47,43,133,76,151,141,11,58,64,96,177,199,166,22,195,119,81,153,129,24,150,174,13,117,113,66,176,46,45,121];False
6375;6637;13012;[73,154,137,86,54,120,89,69,6,18,185,175,12,7,103,15,135,194,19,33,183,17,143,38,178,41,197,123,29,71,44,91,52,2,83,59,93,138,124,94,118,48,146,90,149,163,186,148,173,116,65,192,10,95,61,97,0,77,57,26,145,3,136,49,170,85,105,74,20,156,106,198,51,50,82,67,32,165,169,23,75,36,98,25,1,88,70,37,21,92,8,184,190,109,72,78,111,128,171,110,80,100,30,114,182,139,125,187,158,62,189,130,5,122,157,84,131,79,42,27,193,172,39,107,55,14,147,196,167,40,87,181,68,9,28,162,108,102,132,144,56,63,140,99,34,159,164,160,35,161,191,152,101,134,112,104,31,53,180,4,188,168,155,126,16,142,115,127,60,179,47,43,133,76,151,141,11,58,64,96,177,199,166,22,195,119,81,153,129,24,150,174,13,117,113,66,176,46,45,121];False
6206;6647;12853;[73,154,137,86,54,120,89,69,6,18,185,175,12,7,103,15,135,37,19,33,183,17,143,38,178,41,197,123,29,71,44,91,52,2,83,59,93,138,124,94,118,48,146,90,149,163,186,148,173,116,65,192,10,95,61,97,0,77,57,26,145,3,136,49,170,85,105,74,20,156,106,194,51,50,82,67,32,165,169,23,75,36,98,25,1,88,70,198,21,92,8,184,190,109,72,78,111,128,171,110,80,100,30,114,182,139,125,187,158,62,189,130,5,122,157,84,131,79,42,27,193,172,39,107,55,14,147,196,167,40,87,181,68,9,28,162,108,102,132,144,56,63,140,99,34,159,164,160,35,161,191,152,101,134,112,104,31,53,180,4,188,168,155,126,16,142,115,127,60,179,47,43,133,76,151,141,11,58,64,96,177,199,166,22,195,119,81,153,129,24,150,174,13,117,113,66,176,46,45,121];False
6205;6645;12850;[73,154,137,86,54,120,89,69,6,18,185,175,12,7,85,15,135,20,19,33,183,17,143,38,178,41,197,123,29,71,44,91,52,2,83,59,93,138,124,94,118,48,146,90,149,163,186,148,173,116,65,192,10,95,61,97,0,77,57,26,145,3,136,49,170,103,105,74,194,156,106,198,51,50,82,67,32,165,169,23,75,36,98,25,1,88,70,37,21,92,8,184,190,109,72,78,111,128,171,110,80,100,30,114,182,139,125,187,158,62,189,130,5,122,157,84,131,79,42,27,193,172,39,107,55,14,147,196,167,40,87,181,68,9,28,162,108,102,132,144,56,63,140,99,34,159,164,160,35,161,191,152,101,134,112,104,31,53,180,4,188,168,155,126,16,142,115,127,60,179,47,43,133,76,151,141,11,58,64,96,177,199,166,22,195,119,81,153,129,24,150,174,13,117,113,66,176,46,45,121];False
6324;6639;12963;[73,154,137,86,54,120,89,69,6,18,185,175,12,7,85,15,135,194,19,33,183,17,143,38,178,160,197,123,29,71,44,91,52,2,83,59,93,138,124,94,118,48,146,90,149,163,186,148,173,116,65,192,10,95,61,97,0,77,57,26,145,3,136,49,170,103,105,74,20,156,106,198,51,50,82,67,32,165,169,23,75,36,98,25,1,88,70,37,21,92,8,184,190,109,72,78,111,128,171,110,80,100,30,114,182,139,125,187,158,62,189,130,5,122,157,84,131,79,42,27,193,172,39,107,55,14,147,196,167,40,87,181,68,9,28,162,108,102,132,144,56,63,140,99,34,159,164,41,35,161,191,152,101,134,112,104,31,53,180,4,188,168,155,126,16,142,115,127,60,179,47,43,133,76,151,141,11,58,64,96,177,199,166,22,195,119,81,153,129,24,150,174,13,117,113,66,176,46,45,121];False
6190;6644;12834;[73,154,137,86,54,120,89,69,6,18,185,175,12,7,85,15,135,194,19,33,183,17,143,38,178,13,197,123,29,71,44,91,52,2,83,59,93,138,124,94,118,48,146,90,149,163,186,148,173,116,65,192,10,95,61,97,0,77,57,26,145,3,136,49,170,103,105,74,20,156,106,198,51,50,82,67,32,165,169,23,75,36,98,25,1,88,70,37,21,92,8,184,190,109,72,78,111,128,171,110,80,100,30,114,182,139,125,187,158,62,189,130,5,122,157,84,131,79,42,27,193,172,39,107,55,14,147,196,167,40,87,181,68,9,28,162,108,102,132,144,56,63,140,99,34,159,164,160,35,161,191,152,101,134,112,104,31,53,180,4,188,168,155,126,16,142,115,127,60,179,47,43,133,76,151,141,11,58,64,96,177,199,166,22,195,119,81,153,129,24,150,174,41,117,113,66,176,46,45,121];False
6060;6652;12712;[73,154,137,86,54,120,89,69,6,18,185,175,12,7,85,15,135,20,19,33,183,17,143,38,178,41,197,123,29,71,44,91,52,2,83,59,93,138,124,94,118,48,146,90,149,163,186,148,173,116,65,192,10,95,61,97,0,77,57,26,145,3,136,49,170,103,105,74,37,156,106,194,51,50,82,67,32,165,169,23,75,36,98,25,1,88,70,198,21,92,8,184,190,109,72,78,111,128,171,110,80,100,30,114,182,139,125,187,158,62,189,130,5,122,157,84,131,79,42,27,193,172,39,107,55,14,147,196,167,40,87,181,68,9,28,162,108,102,132,144,56,63,140,99,34,159,164,160,35,161,191,152,101,134,112,104,31,53,180,4,188,168,155,126,16,142,115,127,60,179,47,43,133,76,151,141,11,58,64,96,177,199,166,22,195,119,81,153,129,24,150,174,13,117,113,66,176,46,45,121];False
7049;6609;13658;[34,84,67,163,158,60,179,47,189,75,137,133,12,185,54,52,89,191,38,14,178,118,10,36,184,66,46,44,23,190,109,48,73,74,143,91,69,159,15,135,37,8,71,56,92,90,131,59,93,3,169,142,28,61,145,94,13,111,7,77,176,35,97,171,57,2,167,107,123,50,146,51,20,17,82,78,170,18,132,161,115,25,105,4,6,88,70,108,21,106,154,122,197,162,125,49,86,110,129,24,130,127,30,114,182,139,72,136,101,175,85,1,117,120,157,173,186,79,42,27,193,172,39,32,55,155,33,192,165,40,87,181,68,9,103,140,147,196,95,144,156,180,188,65,53,183,164,41,149,152,102,62,98,134,112,104,99,63,31,198,138,168,29,126,16,194,19,83,128,141,5,43,187,76,151,148,80,58,64,96,177,199,166,22,195,119,81,153,11,26,150,174,100,0,113,116,124,160,45,121];False
7058;6604;13662;[198,174,67,163,158,60,179,47,189,75,137,133,12,185,54,52,89,191,38,14,178,118,10,36,184,66,46,44,23,190,109,48,73,74,143,91,69,159,15,135,37,8,71,56,92,90,131,59,93,3,169,142,28,61,145,94,13,111,7,77,176,35,97,171,57,2,167,107,123,50,146,51,20,17,82,78,170,18,132,161,115,25,105,4,6,88,70,108,21,106,154,122,197,162,125,49,86,110,129,24,130,127,30,114,182,139,72,136,101,175,85,1,117,120,157,173,186,79,42,27,193,172,39,32,55,155,33,192,165,40,87,181,68,9,103,140,147,196,95,144,156,180,188,65,53,183,164,41,149,152,102,62,98,134,112,104,99,63,31,34,138,168,29,126,16,194,19,83,128,141,5,43,187,76,151,148,80,58,64,96,177,199,166,22,195,119,81,153,11,26,150,84,100,0,113,116,124,160,45,121];False
6908;6620;13528;[198,84,67,163,158,60,42,47,189,75,137,133,12,185,54,52,89,191,38,14,178,118,10,36,184,66,46,44,23,190,109,48,73,74,143,91,69,159,15,135,37,8,71,56,92,90,131,59,93,3,169,142,28,61,145,94,13,111,7,77,176,35,97,171,57,2,167,107,123,50,146,51,20,17,82,78,170,18,132,161,115,25,105,4,6,88,70,108,21,106,154,122,197,162,125,49,86,110,129,24,130,127,30,114,182,139,72,136,101,175,85,1,117,120,157,173,186,79,179,27,193,172,39,32,55,155,33,192,165,40,87,181,68,9,103,140,147,196,95,144,156,180,188,65,53,183,164,41,149,152,102,62,98,134,112,104,99,63,31,34,138,168,29,126,16,194,19,83,128,141,5,43,187,76,151,148,80,58,64,96,177,199,166,22,195,119,81,153,11,26,150,174,100,0,113,116,124,160,45,121];False
7027;6614;13641;[198,84,67,163,158,60,179,47,189,75,137,110,12,185,54,52,89,191,38,14,178,118,10,36,184,66,46,44,23,190,109,48,73,74,143,91,69,159,15,135,37,8,71,56,92,90,131,59,93,3,169,142,28,61,145,94,13,111,7,77,176,35,97,171,57,2,167,107,123,50,146,51,20,17,82,78,170,18,132,161,115,25,105,4,6,88,70,108,21,106,154,122,197,162,125,49,86,133,129,24,130,127,30,114,182,139,72,136,101,175,85,1,117,120,157,173,186,79,42,27,193,172,39,32,55,155,33,192,165,40,87,181,68,9,103,140,147,196,95,144,156,180,188,65,53,183,164,41,149,152,102,62,98,134,112,104,99,63,31,34,138,168,29,126,16,194,19,83,128,141,5,43,187,76,151,148,80,58,64,96,177,199,166,22,195,119,81,153,11,26,150,174,100,0,113,116,124,160,45,121];False
6983;6613;13596;[198,84,67,163,158,60,179,47,189,75,137,133,5,185,54,52,89,191,38,14,178,118,10,36,184,66,46,44,23,190,109,48,73,74,143,91,69,159,15,135,37,8,71,56,92,90,131,59,93,3,169,142,28,61,145,94,13,111,7,77,176,35,97,171,57,2,167,107,123,50,146,51,20,17,82,78,170,18,132,161,115,25,105,4,6,88,70,108,21,106,154,122,197,162,125,49,86,110,129,24,130,127,30,114,182,139,72,136,101,175,85,1,117,120,157,173,186,79,42,27,193,172,39,32,55,155,33,192,165,40,87,181,68,9,103,140,147,196,95,144,156,180,188,65,53,183,164,41,149,152,102,62,98,134,112,104,99,63,31,34,138,168,29,126,16,194,19,83,128,141,12,43,187,76,151,148,80,58,64,96,177,199,166,22,195,119,81,153,11,26,150,174,100,0,113,116,124,160,45,121];False
7214;6601;13815;[198,84,67,163,158,60,179,47,189,75,137,133,12,185,54,57,89,191,38,14,178,118,10,36,184,66,46,44,23,190,109,48,73,74,143,91,69,159,15,135,37,8,71,56,92,90,131,59,93,3,169,142,28,61,145,94,13,111,7,77,176,35,97,171,52,2,167,107,123,50,146,51,20,17,82,78,170,18,132,161,115,25,105,4,6,88,70,108,21,106,154,122,197,162,125,49,86,110,129,24,130,127,30,114,182,139,72,136,101,175,85,1,117,120,157,173,186,79,42,27,193,172,39,32,55,155,33,192,165,40,87,181,68,9,103,140,147,196,95,144,156,180,188,65,53,183,164,41,149,152,102,62,98,134,112,104,99,63,31,34,138,168,29,126,16,194,19,83,128,141,5,43,187,76,151,148,80,58,64,96,177,199,166,22,195,119,81,153,11,26,150,174,100,0,113,116,124,160,45,121];False
7014;6610;13624;[198,84,67,163,158,60,179,47,189,75,137,133,12,185,54,52,89,23,38,14,178,118,10,36,184,66,46,44,191,190,109,48,73,74,143,91,69,159,15,135,37,8,71,56,92,90,131,59,93,3,169,142,28,61,145,94,13,111,7,77,176,35,97,171,57,2,167,107,123,50,146,51,20,17,82,78,170,18,132,161,115,25,105,4,6,88,70,108,21,106,154,122,197,162,125,49,86,110,129,24,130,127,30,114,182,139,72,136,101,175,85,1,117,120,157,173,186,79,42,27,193,172,39,32,55,155,33,192,165,40,87,181,68,9,103,140,147,196,95,144,156,180,188,65,53,183,164,41,149,152,102,62,98,134,112,104,99,63,31,34,138,168,29,126,16,194,19,83,128,141,5,43,187,76,151,148,80,58,64,96,177,199,166,22,195,119,81,153,11,26,150,174,100,0,113,116,124,160,45,121];False
7129;6602;13731;[198,84,67,163,158,60,179,47,189,75,137,133,12,185,54,52,89,191,38,14,72,118,10,36,184,66,46,44,23,190,109,48,73,74,143,91,69,159,15,135,37,8,71,56,92,90,131,59,93,3,169,142,28,61,145,94,13,111,7,77,176,35,97,171,57,2,167,107,123,50,146,51,20,17,82,78,170,18,132,161,115,25,105,4,6,88,70,108,21,106,154,122,197,162,125,49,86,110,129,24,130,127,30,114,182,139,178,136,101,175,85,1,117,120,157,173,186,79,42,27,193,172,39,32,55,155,33,192,165,40,87,181,68,9,103,140,147,196,95,144,156,180,188,65,53,183,164,41,149,152,102,62,98,134,112,104,99,63,31,34,138,168,29,126,16,194,19,83,128,141,5,43,187,76,151,148,80,58,64,96,177,199,166,22,195,119,81,153,11,26,150,174,100,0,113,116,124,160,45,121];False
6880;6625;13505;[198,84,67,163,158,60,179,47,189,75,137,133,12,185,54,52,89,191,38,14,136,118,10,36,184,66,46,44,23,190,109,48,73,74,143,91,69,159,15,135,37,8,71,56,92,90,131,59,93,3,169,142,28,61,145,94,13,111,7,77,176,35,97,171,57,2,167,107,123,50,146,51,20,17,82,78,170,18,132,161,115,25,105,4,6,88,70,108,21,106,154,122,197,162,125,49,86,110,129,24,130,127,30,114,182,139,72,178,101,175,85,1,117,120,157,173,186,79,42,27,193,172,39,32,55,155,33,192,165,40,87,181,68,9,103,140,147,196,95,144,156,180,188,65,53,183,164,41,149,152,102,62,98,134,112,104,99,63,31,34,138,168,29,126,16,194,19,83,128,141,5,43,187,76,151,148,80,58,64,96,177,199,166,22,195,119,81,153,11,26,150,174,100,0,113,116,124,160,45,121];False
7039;6609;13648;[198,84,67,163,158,60,179,47,189,75,137,133,12,185,54,52,89,191,38,14,178,118,10,36,71,66,46,44,23,190,109,48,73,74,143,91,69,159,15,135,37,8,184,56,92,90,131,59,93,3,169,142,28,61,145,94,13,111,7,77,176,35,97,171,57,2,167,107,123,50,146,51,20,17,82,78,170,18,132,161,115,25,105,4,6,88,70,108,21,106,154,122,197,162,125,49,86,110,129,24,130,127,30,114,182,139,72,136,101,175,85,1,117,120,157,173,186,79,42,27,193,172,39,32,55,155,33,192,165,40,87,181,68,9,103,140,147,196,95,144,156,180,188,65,53,183,164,41,149,152,102,62,98,134,112,104,99,63,31,34,138,168,29,126,16,194,19,83,128,141,5,43,187,76,151,148,80,58,64,96,177,199,166,22,195,119,81,153,11,26,150,174,100,0,113,116,124,160,45,121];False
7117;6603;13720;[198,84,67,163,158,60,179,47,189,75,137,133,12,185,54,52,89,191,38,14,178,118,10,36,184,8,46,44,23,190,109,48,73,74,143,91,69,159,15,135,37,66,71,56,92,90,131,59,93,3,169,142,28,61,145,94,13,111,7,77,176,35,97,171,57,2,167,107,123,50,146,51,20,17,82,78,170,18,132,161,115,25,105,4,6,88,70,108,21,106,154,122,197,162,125,49,86,110,129,24,130,127,30,114,182,139,72,136,101,175,85,1,117,120,157,173,186,79,42,27,193,172,39,32,55,155,33,192,165,40,87,181,68,9,103,140,147,196,95,144,156,180,188,65,53,183,164,41,149,152,102,62,98,134,112,104,99,63,31,34,138,168,29,126,16,194,19,83,128,141,5,43,187,76,151,148,80,58,64,96,177,199,166,22,195,119,81,153,11,26,150,174,100,0,113,116,124,160,45,121];False
6964;6612;13576;[198,84,67,163,158,60,179,47,189,75,137,133,12,185,54,52,89,191,38,14,178,118,10,36,184,66,46,44,23,190,109,48,73,74,143,91,69,159,188,135,37,8,71,56,92,90,131,59,93,3,169,142,28,61,145,94,13,111,7,77,176,35,97,171,57,2,167,107,123,50,146,51,20,17,82,78,170,18,132,161,115,25,105,4,6,88,70,108,21,106,154,122,197,162,125,49,86,110,129,24,130,127,30,114,182,139,72,136,101,175,85,1,117,120,157,173,186,79,42,27,193,172,39,32,55,155,33,192,165,40,87,181,68,9,103,140,147,196,95,144,156,180,15,65,53,183,164,41,149,152,102,62,98,134,112,104,99,63,31,34,138,168,29,126,16,194,19,83,128,141,5,43,187,76,151,148,80,58,64,96,177,199,166,22,195,119,81,153,11,26,150,174,100,0,113,116,124,160,45,121];False
7046;6607;13653;[198,84,67,163,158,60,179,47,189,75,137,133,12,185,54,52,89,191,38,14,178,118,10,36,184,66,46,44,23,190,109,48,73,74,143,91,69,159,15,135,37,34,71,56,92,90,131,59,93,3,169,142,28,61,145,94,13,111,7,77,176,35,97,171,57,2,167,107,123,50,146,51,20,17,82,78,170,18,132,161,115,25,105,4,6,88,70,108,21,106,154,122,197,162,125,49,86,110,129,24,130,127,30,114,182,139,72,136,101,175,85,1,117,120,157,173,186,79,42,27,193,172,39,32,55,155,33,192,165,40,87,181,68,9,103,140,147,196,95,144,156,180,188,65,53,183,164,41,149,152,102,62,98,134,112,104,99,63,31,8,138,168,29,126,16,194,19,83,128,141,5,43,187,76,151,148,80,58,64,96,177,199,166,22,195,119,81,153,11,26,150,174,100,0,113,116,124,160,45,121];False
6859;6632;13491;[198,174,67,163,158,60,179,47,189,75,137,133,12,185,54,52,89,191,124,14,38,118,10,36,184,66,46,44,23,190,109,56,73,74,143,91,69,159,15,135,37,8,71,48,92,90,131,59,93,3,169,142,28,61,145,94,13,111,7,77,176,35,97,171,57,2,167,107,123,50,146,51,20,17,82,78,170,18,132,161,115,25,105,4,6,88,70,108,21,106,154,122,197,162,125,49,86,110,129,24,130,127,30,114,182,139,178,136,101,175,85,1,117,120,157,173,186,79,42,27,193,172,39,32,55,155,33,192,165,40,87,181,68,9,103,140,147,196,95,144,156,180,188,65,53,183,164,41,149,152,102,62,98,134,112,104,99,63,31,34,138,168,29,126,16,194,19,83,128,141,5,43,187,76,151,148,80,58,64,96,177,199,166,22,195,119,81,153,11,26,150,84,100,0,113,116,72,160,45,121];False
6851;6631;13482;[198,84,67,163,158,60,179,47,189,75,137,133,12,185,54,52,89,45,124,14,38,118,10,36,184,66,46,44,23,190,109,56,73,74,143,91,69,159,15,135,37,8,71,48,92,90,131,59,93,3,169,142,28,61,145,94,13,111,7,77,176,35,97,171,57,2,167,107,123,50,146,51,20,17,82,78,170,18,132,161,115,25,105,4,6,88,70,108,21,106,154,122,197,162,125,49,86,110,129,24,130,127,30,114,182,139,178,136,101,175,85,1,117,120,157,173,186,79,42,27,193,172,39,32,55,155,33,192,165,40,87,181,68,9,103,140,147,196,95,144,156,180,188,65,53,183,164,41,149,152,102,62,98,134,112,104,99,63,31,34,138,168,29,126,16,194,19,83,128,141,5,43,187,76,151,148,80,58,64,96,177,199,166,22,195,119,81,153,11,26,150,174,100,0,113,116,72,160,191,121];False
6920;6618;13538;[198,84,67,163,158,60,179,47,189,75,137,133,12,185,54,52,89,191,38,14,136,118,10,36,184,66,46,44,23,190,109,48,73,74,143,91,69,159,15,135,37,8,71,56,92,90,131,59,93,3,169,142,28,61,145,94,13,111,7,77,176,35,97,171,57,2,167,107,123,50,146,51,20,17,82,78,170,18,132,161,115,25,105,4,6,88,70,108,21,106,154,122,197,162,125,49,86,110,129,24,130,127,30,114,182,139,178,72,101,175,85,1,117,120,157,173,186,79,42,27,193,172,39,32,55,155,33,192,165,40,87,181,68,9,103,140,147,196,95,144,156,180,188,65,53,183,164,41,149,152,102,62,98,134,112,104,99,63,31,34,138,168,29,126,16,194,19,83,128,141,5,43,187,76,151,148,80,58,64,96,177,199,166,22,195,119,81,153,11,26,150,174,100,0,113,116,124,160,45,121];False
6843;6628;13471;[198,174,67,163,158,30,179,47,189,75,137,133,12,185,54,52,89,191,38,14,136,118,10,36,184,66,46,44,23,190,109,48,73,74,143,91,69,159,15,135,37,8,71,56,92,90,131,59,93,3,169,142,28,61,145,94,13,111,7,77,176,35,97,171,57,2,167,107,123,50,146,51,20,17,82,78,170,18,132,161,115,25,105,4,6,88,70,108,21,106,154,122,197,162,125,49,86,110,129,24,130,127,60,114,182,139,178,72,101,175,85,1,117,120,157,173,186,79,42,27,193,172,39,32,55,155,33,192,165,40,87,181,68,9,103,140,147,196,95,144,156,180,188,65,53,183,164,41,149,152,102,62,98,134,112,104,99,63,31,34,138,168,29,126,16,194,19,83,128,141,5,43,187,76,151,148,80,58,64,96,177,199,166,22,195,119,81,153,11,26,150,84,100,0,113,116,124,160,45,121];False
6780;6628;13408;[198,174,67,163,158,60,42,47,189,75,137,133,12,185,54,52,89,191,38,14,136,118,10,36,184,66,46,44,23,190,109,48,73,74,143,91,69,159,15,135,37,8,71,56,92,90,131,59,93,3,169,142,28,61,145,94,13,111,7,77,176,35,97,171,57,2,167,107,123,50,146,51,20,17,82,78,170,18,132,161,115,25,105,4,6,88,70,108,21,106,154,122,197,162,125,49,86,110,129,24,130,127,30,114,182,139,178,72,101,175,85,1,117,120,157,173,186,79,179,27,193,172,39,32,55,155,33,192,165,40,87,181,68,9,103,140,147,196,95,144,156,180,188,65,53,183,164,41,149,152,102,62,98,134,112,104,99,63,31,34,138,168,29,126,16,194,19,83,128,141,5,43,187,76,151,148,80,58,64,96,177,199,166,22,195,119,81,153,11,26,150,84,100,0,113,116,124,160,45,121];False
6862;6626;13488;[198,174,67,163,158,60,179,27,189,75,137,133,12,185,54,52,89,191,38,14,136,118,10,36,184,66,46,44,23,190,109,48,73,74,143,91,69,159,15,135,37,8,71,56,92,90,131,59,93,3,169,142,28,61,145,94,13,111,7,77,176,35,97,171,57,2,167,107,123,50,146,51,20,17,82,78,170,18,132,161,115,25,105,4,6,88,70,108,21,106,154,122,197,162,125,49,86,110,129,24,130,127,30,114,182,139,178,72,101,175,85,1,117,120,157,173,186,79,42,47,193,172,39,32,55,155,33,192,165,40,87,181,68,9,103,140,147,196,95,144,156,180,188,65,53,183,164,41,149,152,102,62,98,134,112,104,99,63,31,34,138,168,29,126,16,194,19,83,128,141,5,43,187,76,151,148,80,58,64,96,177,199,166,22,195,119,81,153,11,26,150,84,100,0,113,116,124,160,45,121];False
6899;6622;13521;[198,174,67,163,158,60,179,47,189,75,137,110,12,185,54,52,89,191,38,14,136,118,10,36,184,66,46,44,23,190,109,48,73,74,143,91,69,159,15,135,37,8,71,56,92,90,131,59,93,3,169,142,28,61,145,94,13,111,7,77,176,35,97,171,57,2,167,107,123,50,146,51,20,17,82,78,170,18,132,161,115,25,105,4,6,88,70,108,21,106,154,122,197,162,125,49,86,133,129,24,130,127,30,114,182,139,178,72,101,175,85,1,117,120,157,173,186,79,42,27,193,172,39,32,55,155,33,192,165,40,87,181,68,9,103,140,147,196,95,144,156,180,188,65,53,183,164,41,149,152,102,62,98,134,112,104,99,63,31,34,138,168,29,126,16,194,19,83,128,141,5,43,187,76,151,148,80,58,64,96,177,199,166,22,195,119,81,153,11,26,150,84,100,0,113,116,124,160,45,121];False
6855;6621;13476;[198,174,67,163,158,60,179,47,189,75,137,133,5,185,54,52,89,191,38,14,136,118,10,36,184,66,46,44,23,190,109,48,73,74,143,91,69,159,15,135,37,8,71,56,92,90,131,59,93,3,169,142,28,61,145,94,13,111,7,77,176,35,97,171,57,2,167,107,123,50,146,51,20,17,82,78,170,18,132,161,115,25,105,4,6,88,70,108,21,106,154,122,197,162,125,49,86,110,129,24,130,127,30,114,182,139,178,72,101,175,85,1,117,120,157,173,186,79,42,27,193,172,39,32,55,155,33,192,165,40,87,181,68,9,103,140,147,196,95,144,156,180,188,65,53,183,164,41,149,152,102,62,98,134,112,104,99,63,31,34,138,168,29,126,16,194,19,83,128,141,12,43,187,76,151,148,80,58,64,96,177,199,166,22,195,119,81,153,11,26,150,84,100,0,113,116,124,160,45,121];False
6886;6618;13504;[198,174,67,163,158,60,179,47,189,75,137,133,12,185,54,52,89,23,38,14,136,118,10,36,184,66,46,44,191,190,109,48,73,74,143,91,69,159,15,135,37,8,71,56,92,90,131,59,93,3,169,142,28,61,145,94,13,111,7,77,176,35,97,171,57,2,167,107,123,50,146,51,20,17,82,78,170,18,132,161,115,25,105,4,6,88,70,108,21,106,154,122,197,162,125,49,86,110,129,24,130,127,30,114,182,139,178,72,101,175,85,1,117,120,157,173,186,79,42,27,193,172,39,32,55,155,33,192,165,40,87,181,68,9,103,140,147,196,95,144,156,180,188,65,53,183,164,41,149,152,102,62,98,134,112,104,99,63,31,34,138,168,29,126,16,194,19,83,128,141,5,43,187,76,151,148,80,58,64,96,177,199,166,22,195,119,81,153,11,26,150,84,100,0,113,116,124,160,45,121];False
6778;6627;13405;[198,174,67,163,158,60,179,47,189,75,137,133,12,185,54,52,89,191,38,150,136,118,10,36,184,66,46,44,23,190,109,48,73,74,143,91,69,159,15,135,37,8,71,56,92,90,131,59,93,3,169,142,28,61,145,94,13,111,7,77,176,35,97,171,57,2,167,107,123,50,146,51,20,17,82,78,170,18,132,161,115,25,105,4,6,88,70,108,21,106,154,122,197,162,125,49,86,110,129,24,130,127,30,114,182,139,178,72,101,175,85,1,117,120,157,173,186,79,42,27,193,172,39,32,55,155,33,192,165,40,87,181,68,9,103,140,147,196,95,144,156,180,188,65,53,183,164,41,149,152,102,62,98,134,112,104,99,63,31,34,138,168,29,126,16,194,19,83,128,141,5,43,187,76,151,148,80,58,64,96,177,199,166,22,195,119,81,153,11,26,14,84,100,0,113,116,124,160,45,121];False
7006;6610;13616;[198,174,67,163,158,60,179,47,189,75,137,133,12,185,54,52,89,191,38,14,66,118,10,36,184,136,46,44,23,190,109,48,73,74,143,91,69,159,15,135,37,8,71,56,92,90,131,59,93,3,169,142,28,61,145,94,13,111,7,77,176,35,97,171,57,2,167,107,123,50,146,51,20,17,82,78,170,18,132,161,115,25,105,4,6,88,70,108,21,106,154,122,197,162,125,49,86,110,129,24,130,127,30,114,182,139,178,72,101,175,85,1,117,120,157,173,186,79,42,27,193,172,39,32,55,155,33,192,165,40,87,181,68,9,103,140,147,196,95,144,156,180,188,65,53,183,164,41,149,152,102,62,98,134,112,104,99,63,31,34,138,168,29,126,16,194,19,83,128,141,5,43,187,76,151,148,80,58,64,96,177,199,166,22,195,119,81,153,11,26,150,84,100,0,113,116,124,160,45,121];False
7134;6599;13733;[198,174,67,163,158,60,179,47,189,75,137,133,12,185,54,52,89,191,38,14,72,118,10,36,184,66,46,44,23,190,109,48,73,74,143,91,69,159,15,135,37,8,71,56,92,90,131,59,93,3,169,142,28,61,145,94,13,111,7,77,176,35,97,171,57,2,167,107,123,50,146,51,20,17,82,78,170,18,132,161,115,25,105,4,6,88,70,108,21,106,154,122,197,162,125,49,86,110,129,24,130,127,30,114,182,139,178,136,101,175,85,1,117,120,157,173,186,79,42,27,193,172,39,32,55,155,33,192,165,40,87,181,68,9,103,140,147,196,95,144,156,180,188,65,53,183,164,41,149,152,102,62,98,134,112,104,99,63,31,34,138,168,29,126,16,194,19,83,128,141,5,43,187,76,151,148,80,58,64,96,177,199,166,22,195,119,81,153,11,26,150,84,100,0,113,116,124,160,45,121];False
6973;6611;13584;[198,174,67,163,158,60,179,47,189,75,137,133,12,185,54,52,89,191,38,14,136,145,10,36,184,66,46,44,23,190,109,48,73,74,143,91,69,159,15,135,37,8,71,56,92,90,131,59,93,3,169,142,28,61,118,94,13,111,7,77,176,35,97,171,57,2,167,107,123,50,146,51,20,17,82,78,170,18,132,161,115,25,105,4,6,88,70,108,21,106,154,122,197,162,125,49,86,110,129,24,130,127,30,114,182,139,178,72,101,175,85,1,117,120,157,173,186,79,42,27,193,172,39,32,55,155,33,192,165,40,87,181,68,9,103,140,147,196,95,144,156,180,188,65,53,183,164,41,149,152,102,62,98,134,112,104,99,63,31,34,138,168,29,126,16,194,19,83,128,141,5,43,187,76,151,148,80,58,64,96,177,199,166,22,195,119,81,153,11,26,150,84,100,0,113,116,124,160,45,121];False
6911;6617;13528;[198,174,67,163,158,60,179,47,189,75,137,133,12,185,54,52,89,191,38,14,136,118,10,36,71,66,46,44,23,190,109,48,73,74,143,91,69,159,15,135,37,8,184,56,92,90,131,59,93,3,169,142,28,61,145,94,13,111,7,77,176,35,97,171,57,2,167,107,123,50,146,51,20,17,82,78,170,18,132,161,115,25,105,4,6,88,70,108,21,106,154,122,197,162,125,49,86,110,129,24,130,127,30,114,182,139,178,72,101,175,85,1,117,120,157,173,186,79,42,27,193,172,39,32,55,155,33,192,165,40,87,181,68,9,103,140,147,196,95,144,156,180,188,65,53,183,164,41,149,152,102,62,98,134,112,104,99,63,31,34,138,168,29,126,16,194,19,83,128,141,5,43,187,76,151,148,80,58,64,96,177,199,166,22,195,119,81,153,11,26,150,84,100,0,113,116,124,160,45,121];False
6949;6614;13563;[198,174,67,163,158,60,179,47,189,75,137,133,12,185,54,52,89,191,38,14,136,118,10,36,145,66,46,44,23,190,109,48,73,74,143,91,69,159,15,135,37,8,71,56,92,90,131,59,93,3,169,142,28,61,184,94,13,111,7,77,176,35,97,171,57,2,167,107,123,50,146,51,20,17,82,78,170,18,132,161,115,25,105,4,6,88,70,108,21,106,154,122,197,162,125,49,86,110,129,24,130,127,30,114,182,139,178,72,101,175,85,1,117,120,157,173,186,79,42,27,193,172,39,32,55,155,33,192,165,40,87,181,68,9,103,140,147,196,95,144,156,180,188,65,53,183,164,41,149,152,102,62,98,134,112,104,99,63,31,34,138,168,29,126,16,194,19,83,128,141,5,43,187,76,151,148,80,58,64,96,177,199,166,22,195,119,81,153,11,26,150,84,100,0,113,116,124,160,45,121];False
6836;6620;13456;[198,174,67,163,158,60,179,47,189,75,137,133,12,185,54,52,89,191,38,14,136,118,10,36,184,66,46,44,23,190,109,48,73,74,143,91,69,159,188,135,37,8,71,56,92,90,131,59,93,3,169,142,28,61,145,94,13,111,7,77,176,35,97,171,57,2,167,107,123,50,146,51,20,17,82,78,170,18,132,161,115,25,105,4,6,88,70,108,21,106,154,122,197,162,125,49,86,110,129,24,130,127,30,114,182,139,178,72,101,175,85,1,117,120,157,173,186,79,42,27,193,172,39,32,55,155,33,192,165,40,87,181,68,9,103,140,147,196,95,144,156,180,15,65,53,183,164,41,149,152,102,62,98,134,112,104,99,63,31,34,138,168,29,126,16,194,19,83,128,141,5,43,187,76,151,148,80,58,64,96,177,199,166,22,195,119,81,153,11,26,150,84,100,0,113,116,124,160,45,121];False
6918;6615;13533;[198,174,67,163,158,60,179,47,189,75,137,133,12,185,54,52,89,191,38,14,136,118,10,36,184,66,46,44,23,190,109,48,73,74,143,91,69,159,15,135,37,34,71,56,92,90,131,59,93,3,169,142,28,61,145,94,13,111,7,77,176,35,97,171,57,2,167,107,123,50,146,51,20,17,82,78,170,18,132,161,115,25,105,4,6,88,70,108,21,106,154,122,197,162,125,49,86,110,129,24,130,127,30,114,182,139,178,72,101,175,85,1,117,120,157,173,186,79,42,27,193,172,39,32,55,155,33,192,165,40,87,181,68,9,103,140,147,196,95,144,156,180,188,65,53,183,164,41,149,152,102,62,98,134,112,104,99,63,31,8,138,168,29,126,16,194,19,83,128,141,5,43,187,76,151,148,80,58,64,96,177,199,166,22,195,119,81,153,11,26,150,84,100,0,113,116,124,160,45,121];False
7814;6597;14411;[50,51,198,174,196,83,59,57,132,75,163,133,12,185,111,36,169,115,89,3,161,159,15,135,53,180,46,44,23,190,109,66,184,156,34,91,69,28,8,37,94,71,188,48,92,90,131,148,93,14,178,191,10,61,145,84,13,151,7,38,176,35,97,128,52,2,167,107,123,146,155,65,118,17,82,18,0,77,149,170,129,25,105,4,6,88,70,108,21,106,154,122,197,24,72,78,86,110,171,189,49,127,30,114,182,139,29,137,158,175,85,1,117,120,157,173,186,79,42,27,193,172,39,32,55,125,33,192,165,40,87,181,68,9,103,162,147,67,95,144,56,63,31,143,160,183,164,41,152,130,102,62,5,134,112,104,99,73,74,20,138,168,140,126,16,194,19,98,60,179,47,43,187,76,101,141,11,58,64,96,177,199,166,22,195,119,81,153,80,26,150,136,100,54,113,116,124,142,45,121];False
7884;6586;14470;[50,51,198,174,67,83,59,57,132,75,163,133,12,185,111,26,169,115,89,3,161,159,15,135,53,180,46,44,23,190,109,66,184,156,34,91,69,28,8,37,94,71,188,48,92,90,131,148,93,14,178,191,10,61,145,84,13,151,7,38,176,35,97,128,52,2,167,107,123,146,155,65,118,17,82,18,0,77,149,170,129,25,105,4,6,88,70,108,21,106,154,122,197,24,72,78,86,110,171,189,49,127,30,114,182,139,29,137,158,175,85,1,117,120,157,173,186,79,42,27,193,172,39,32,55,125,33,192,165,40,87,181,68,9,103,162,147,196,95,144,56,63,31,143,160,183,164,41,152,130,102,62,5,134,112,104,99,73,74,20,138,168,140,126,16,194,19,98,60,179,47,43,187,76,101,141,11,58,64,96,177,199,166,22,195,119,81,153,80,36,150,136,100,54,113,116,124,142,45,121];False
7806;6597;14403;[50,51,198,174,67,83,59,57,132,75,163,133,12,185,111,36,169,84,89,3,161,159,15,135,53,180,46,44,23,190,109,66,184,156,34,91,69,28,8,37,94,71,188,48,92,90,131,148,93,14,178,191,10,61,145,115,13,151,7,38,176,35,97,128,52,2,167,107,123,146,155,65,118,17,82,18,0,77,149,170,129,25,105,4,6,88,70,108,21,106,154,122,197,24,72,78,86,110,171,189,49,127,30,114,182,139,29,137,158,175,85,1,117,120,157,173,186,79,42,27,193,172,39,32,55,125,33,192,165,40,87,181,68,9,103,162,147,196,95,144,56,63,31,143,160,183,164,41,152,130,102,62,5,134,112,104,99,73,74,20,138,168,140,126,16,194,19,98,60,179,47,43,187,76,101,141,11,58,64,96,177,199,166,22,195,119,81,153,80,26,150,136,100,54,113,116,124,142,45,121];False
7814;6595;14409;[50,51,198,174,67,83,59,57,132,75,163,133,12,185,111,36,169,115,176,3,161,159,15,135,53,180,46,44,23,190,109,66,184,156,34,91,69,28,8,37,94,71,188,48,92,90,131,148,93,14,178,191,10,61,145,84,13,151,7,38,89,35,97,128,52,2,167,107,123,146,155,65,118,17,82,18,0,77,149,170,129,25,105,4,6,88,70,108,21,106,154,122,197,24,72,78,86,110,171,189,49,127,30,114,182,139,29,137,158,175,85,1,117,120,157,173,186,79,42,27,193,172,39,32,55,125,33,192,165,40,87,181,68,9,103,162,147,196,95,144,56,63,31,143,160,183,164,41,152,130,102,62,5,134,112,104,99,73,74,20,138,168,140,126,16,194,19,98,60,179,47,43,187,76,101,141,11,58,64,96,177,199,166,22,195,119,81,153,80,26,150,136,100,54,113,116,124,142,45,121];False
7786;6594;14380;[50,51,198,174,67,83,59,57,132,75,163,133,12,185,111,36,169,115,89,3,161,28,15,135,53,180,46,44,23,190,109,66,184,156,34,91,69,159,8,37,94,71,188,48,92,90,131,148,93,14,178,191,10,61,145,84,13,151,7,38,176,35,97,128,52,2,167,107,123,146,155,65,118,17,82,18,0,77,149,170,129,25,105,4,6,88,70,108,21,106,154,122,197,24,72,78,86,110,171,189,49,127,30,114,182,139,29,137,158,175,85,1,117,120,157,173,186,79,42,27,193,172,39,32,55,125,33,192,165,40,87,181,68,9,103,162,147,196,95,144,56,63,31,143,160,183,164,41,152,130,102,62,5,134,112,104,99,73,74,20,138,168,140,126,16,194,19,98,60,179,47,43,187,76,101,141,11,58,64,96,177,199,166,22,195,119,81,153,80,26,150,136,100,54,113,116,124,142,45,121];False
7846;6592;14438;[50,51,198,174,67,83,59,57,132,75,163,133,12,185,111,36,169,115,89,3,161,159,15,135,53,180,46,44,23,190,109,66,37,156,34,91,69,28,8,184,94,71,188,48,92,90,131,148,93,14,178,191,10,61,145,84,13,151,7,38,176,35,97,128,52,2,167,107,123,146,155,65,118,17,82,18,0,77,149,170,129,25,105,4,6,88,70,108,21,106,154,122,197,24,72,78,86,110,171,189,49,127,30,114,182,139,29,137,158,175,85,1,117,120,157,173,186,79,42,27,193,172,39,32,55,125,33,192,165,40,87,181,68,9,103,162,147,196,95,144,56,63,31,143,160,183,164,41,152,130,102,62,5,134,112,104,99,73,74,20,138,168,140,126,16,194,19,98,60,179,47,43,187,76,101,141,11,58,64,96,177,199,166,22,195,119,81,153,80,26,150,136,100,54,113,116,124,142,45,121];False
7752;6595;14347;[50,51,198,174,67,83,59,57,132,75,163,133,12,185,111,36,169,115,89,3,161,159,15,135,53,180,46,44,23,190,109,66,184,168,34,91,69,28,8,37,94,71,188,48,92,90,131,148,93,14,178,191,10,61,145,84,13,151,7,38,176,35,97,128,52,2,167,107,123,146,155,65,118,17,82,18,0,77,149,170,129,25,105,4,6,88,70,108,21,106,154,122,197,24,72,78,86,110,171,189,49,127,30,114,182,139,29,137,158,175,85,1,117,120,157,173,186,79,42,27,193,172,39,32,55,125,33,192,165,40,87,181,68,9,103,162,147,196,95,144,56,63,31,143,160,183,164,41,152,130,102,62,5,134,112,104,99,73,74,20,138,156,140,126,16,194,19,98,60,179,47,43,187,76,101,141,11,58,64,96,177,199,166,22,195,119,81,153,80,26,150,136,100,54,113,116,124,142,45,121];False
7878;6585;14463;[50,51,198,174,67,83,59,57,132,75,163,133,12,185,111,36,169,115,89,3,161,159,15,135,53,180,46,44,23,190,109,66,184,124,34,91,69,28,8,37,94,71,188,48,92,90,131,148,93,14,178,191,10,61,145,84,13,151,7,38,176,35,97,128,52,2,167,107,123,146,155,65,118,17,82,18,0,77,149,170,129,25,105,4,6,88,70,108,21,106,154,122,197,24,72,78,86,110,171,189,49,127,30,114,182,139,29,137,158,175,85,1,117,120,157,173,186,79,42,27,193,172,39,32,55,125,33,192,165,40,87,181,68,9,103,162,147,196,95,144,56,63,31,143,160,183,164,41,152,130,102,62,5,134,112,104,99,73,74,20,138,168,140,126,16,194,19,98,60,179,47,43,187,76,101,141,11,58,64,96,177,199,166,22,195,119,81,153,80,26,150,136,100,54,113,116,156,142,45,121];False
7805;6591;14396;[50,51,198,174,67,83,59,57,132,75,163,133,12,185,111,36,169,115,89,3,161,159,15,135,53,180,46,44,23,190,109,66,184,156,34,91,69,28,8,124,94,71,188,48,92,90,131,148,93,14,178,191,10,61,145,84,13,151,7,38,176,35,97,128,52,2,167,107,123,146,155,65,118,17,82,18,0,77,149,170,129,25,105,4,6,88,70,108,21,106,154,122,197,24,72,78,86,110,171,189,49,127,30,114,182,139,29,137,158,175,85,1,117,120,157,173,186,79,42,27,193,172,39,32,55,125,33,192,165,40,87,181,68,9,103,162,147,196,95,144,56,63,31,143,160,183,164,41,152,130,102,62,5,134,112,104,99,73,74,20,138,168,140,126,16,194,19,98,60,179,47,43,187,76,101,141,11,58,64,96,177,199,166,22,195,119,81,153,80,26,150,136,100,54,113,116,37,142,45,121];False
8181;6570;14751;[198,51,50,174,67,83,59,57,132,75,137,133,12,185,76,26,169,115,89,3,161,159,15,135,53,180,46,44,23,190,109,10,184,56,34,91,69,28,8,37,94,71,188,48,92,90,131,148,93,14,178,191,66,61,145,84,13,151,7,38,176,35,97,128,52,2,167,107,123,146,155,65,118,17,82,18,0,77,149,170,129,25,105,4,6,88,70,108,21,106,154,122,197,24,72,78,86,110,171,189,49,127,30,114,182,139,29,163,158,175,85,1,117,120,157,173,186,79,42,27,193,172,39,32,55,125,33,192,165,40,87,181,68,9,103,162,147,196,95,144,156,63,31,143,160,183,164,41,152,130,102,62,5,134,112,104,99,73,74,20,138,168,140,126,16,194,19,98,60,179,47,43,187,111,101,141,11,58,64,96,177,199,166,22,195,119,81,153,80,36,150,136,100,54,113,116,124,142,45,121];False
8087;6575;14662;[198,51,50,174,67,83,59,57,132,75,137,133,12,185,111,26,89,115,169,3,161,159,15,135,53,180,46,44,23,190,109,10,184,56,34,91,69,28,8,37,94,71,188,48,92,90,131,148,93,14,178,191,66,61,145,84,13,151,7,38,176,35,97,128,52,2,167,107,123,146,155,65,118,17,82,18,0,77,149,170,129,25,105,4,6,88,70,108,21,106,154,122,197,24,72,78,86,110,171,189,49,127,30,114,182,139,29,163,158,175,85,1,117,120,157,173,186,79,42,27,193,172,39,32,55,125,33,192,165,40,87,181,68,9,103,162,147,196,95,144,156,63,31,143,160,183,164,41,152,130,102,62,5,134,112,104,99,73,74,20,138,168,140,126,16,194,19,98,60,179,47,43,187,76,101,141,11,58,64,96,177,199,166,22,195,119,81,153,80,36,150,136,100,54,113,116,124,142,45,121];False
8112;6574;14686;[198,51,50,174,67,83,59,57,132,75,137,133,12,185,111,26,169,115,89,3,161,28,15,135,53,180,46,44,23,190,109,10,184,56,34,91,69,159,8,37,94,71,188,48,92,90,131,148,93,14,178,191,66,61,145,84,13,151,7,38,176,35,97,128,52,2,167,107,123,146,155,65,118,17,82,18,0,77,149,170,129,25,105,4,6,88,70,108,21,106,154,122,197,24,72,78,86,110,171,189,49,127,30,114,182,139,29,163,158,175,85,1,117,120,157,173,186,79,42,27,193,172,39,32,55,125,33,192,165,40,87,181,68,9,103,162,147,196,95,144,156,63,31,143,160,183,164,41,152,130,102,62,5,134,112,104,99,73,74,20,138,168,140,126,16,194,19,98,60,179,47,43,187,76,101,141,11,58,64,96,177,199,166,22,195,119,81,153,80,36,150,136,100,54,113,116,124,142,45,121];False
8159;6569;14728;[198,51,50,174,67,83,59,57,132,75,137,133,12,185,111,26,169,115,89,3,161,159,15,135,53,180,46,44,29,190,109,10,184,56,34,91,69,28,8,37,94,71,188,48,92,90,131,148,93,14,178,191,66,61,145,84,13,151,7,38,176,35,97,128,52,2,167,107,123,146,155,65,118,17,82,18,0,77,149,170,129,25,105,4,6,88,70,108,21,106,154,122,197,24,72,78,86,110,171,189,49,127,30,114,182,139,23,163,158,175,85,1,117,120,157,173,186,79,42,27,193,172,39,32,55,125,33,192,165,40,87,181,68,9,103,162,147,196,95,144,156,63,31,143,160,183,164,41,152,130,102,62,5,134,112,104,99,73,74,20,138,168,140,126,16,194,19,98,60,179,47,43,187,76,101,141,11,58,64,96,177,199,166,22,195,119,81,153,80,36,150,136,100,54,113,116,124,142,45,121];False
8044;6576;14620;[198,51,50,174,67,83,59,57,132,75,137,133,12,185,111,26,169,115,89,3,161,159,15,135,53,180,46,44,23,190,109,66,184,56,34,91,69,28,8,37,94,71,188,48,92,90,131,148,93,14,178,191,10,61,145,84,13,151,7,38,176,35,97,128,52,2,167,107,123,146,155,65,118,17,82,18,0,77,149,170,129,25,105,4,6,88,70,108,21,106,154,122,197,24,72,78,86,110,171,189,49,127,30,114,182,139,29,163,158,175,85,1,117,120,157,173,186,79,42,27,193,172,39,32,55,125,33,192,165,40,87,181,68,9,103,162,147,196,95,144,156,63,31,143,160,183,164,41,152,130,102,62,5,134,112,104,99,73,74,20,138,168,140,126,16,194,19,98,60,179,47,43,187,76,101,141,11,58,64,96,177,199,166,22,195,119,81,153,80,36,150,136,100,54,113,116,124,142,45,121];False
8121;6571;14692;[198,51,50,174,67,83,59,57,132,75,137,133,12,185,111,26,169,115,89,3,161,159,15,135,53,180,46,44,23,190,109,10,150,56,34,91,69,28,8,37,94,71,188,48,92,90,131,148,93,14,178,191,66,61,145,84,13,151,7,38,176,35,97,128,52,2,167,107,123,146,155,65,118,17,82,18,0,77,149,170,129,25,105,4,6,88,70,108,21,106,154,122,197,24,72,78,86,110,171,189,49,127,30,114,182,139,29,163,158,175,85,1,117,120,157,173,186,79,42,27,193,172,39,32,55,125,33,192,165,40,87,181,68,9,103,162,147,196,95,144,156,63,31,143,160,183,164,41,152,130,102,62,5,134,112,104,99,73,74,20,138,168,140,126,16,194,19,98,60,179,47,43,187,76,101,141,11,58,64,96,177,199,166,22,195,119,81,153,80,36,184,136,100,54,113,116,124,142,45,121];False
7991;6578;14569;[198,51,50,174,67,83,59,57,132,75,163,133,12,185,111,26,89,115,169,3,161,159,15,135,53,180,46,44,23,190,109,10,150,56,34,91,69,28,8,37,94,71,188,48,92,90,131,148,93,14,178,191,66,61,145,84,13,151,7,38,176,35,97,128,52,2,167,107,123,146,155,65,118,17,82,18,0,77,149,170,129,25,105,4,6,88,70,108,21,106,154,122,197,24,72,78,86,110,171,189,49,127,30,114,182,139,29,137,158,175,85,1,117,120,157,173,186,79,42,27,193,172,39,32,55,125,33,192,165,40,87,181,68,9,103,162,147,196,95,144,156,63,31,143,160,183,164,41,152,130,102,62,5,134,112,104,99,73,74,20,138,168,140,126,16,194,19,98,60,179,47,43,187,76,101,141,11,58,64,96,177,199,166,22,195,119,81,153,80,36,184,136,100,54,113,116,124,142,45,121];False
7939;6582;14521;[198,51,50,174,67,83,59,57,132,75,163,133,12,185,111,26,169,115,89,3,161,28,15,135,53,180,46,44,23,190,109,66,184,56,34,91,69,159,8,37,94,71,188,48,92,90,131,148,93,14,178,191,10,61,145,84,13,151,7,38,176,35,97,128,52,2,167,107,123,146,155,65,118,17,82,18,0,77,149,170,129,25,105,4,6,88,70,108,21,106,154,122,197,24,72,78,86,110,171,189,49,127,30,114,182,139,29,137,158,175,85,1,117,120,157,173,186,79,42,27,193,172,39,32,55,125,33,192,165,40,87,181,68,9,103,162,147,196,95,144,156,63,31,143,160,183,164,41,152,130,102,62,5,134,112,104,99,73,74,20,138,168,140,126,16,194,19,98,60,179,47,43,187,76,101,141,11,58,64,96,177,199,166,22,195,119,81,153,80,36,150,136,100,54,113,116,124,142,45,121];False
7920;6581;14501;[198,51,50,174,67,83,59,57,132,75,163,133,12,185,111,26,169,115,89,3,161,159,15,135,53,180,46,44,23,190,109,66,184,156,34,91,69,28,8,37,94,71,188,48,92,90,131,148,93,14,178,191,10,61,145,84,13,151,7,38,176,35,97,128,52,2,167,107,123,146,155,65,118,17,82,18,0,77,149,170,129,25,105,4,6,88,70,108,21,106,154,122,197,24,72,78,86,110,171,189,49,127,30,114,182,139,29,137,158,175,85,1,117,120,157,173,186,79,42,27,193,172,39,32,55,125,33,192,165,40,87,181,68,9,103,162,147,196,95,144,56,63,31,143,160,183,164,41,152,130,102,62,5,134,112,104,99,73,74,20,138,168,140,126,16,194,19,98,60,179,47,43,187,76,101,141,11,58,64,96,177,199,166,22,195,119,81,153,80,36,150,136,100,54,113,116,124,142,45,121];False
7850;6590;14440;[198,51,50,174,67,83,59,57,132,75,163,133,12,185,111,36,169,115,176,3,161,159,15,135,53,180,46,44,23,190,109,66,184,156,34,91,69,28,8,37,94,71,188,48,92,90,131,148,93,14,178,191,10,61,145,84,13,151,7,38,89,35,97,128,52,2,167,107,123,146,155,65,118,17,82,18,0,77,149,170,129,25,105,4,6,88,70,108,21,106,154,122,197,24,72,78,86,110,171,189,49,127,30,114,182,139,29,137,158,175,85,1,117,120,157,173,186,79,42,27,193,172,39,32,55,125,33,192,165,40,87,181,68,9,103,162,147,196,95,144,56,63,31,143,160,183,164,41,152,130,102,62,5,134,112,104,99,73,74,20,138,168,140,126,16,194,19,98,60,179,47,43,187,76,101,141,11,58,64,96,177,199,166,22,195,119,81,153,80,26,150,136,100,54,113,116,124,142,45,121];False
7822;6589;14411;[198,51,50,174,67,83,59,57,132,75,163,133,12,185,111,36,169,115,89,3,161,28,15,135,53,180,46,44,23,190,109,66,184,156,34,91,69,159,8,37,94,71,188,48,92,90,131,148,93,14,178,191,10,61,145,84,13,151,7,38,176,35,97,128,52,2,167,107,123,146,155,65,118,17,82,18,0,77,149,170,129,25,105,4,6,88,70,108,21,106,154,122,197,24,72,78,86,110,171,189,49,127,30,114,182,139,29,137,158,175,85,1,117,120,157,173,186,79,42,27,193,172,39,32,55,125,33,192,165,40,87,181,68,9,103,162,147,196,95,144,56,63,31,143,160,183,164,41,152,130,102,62,5,134,112,104,99,73,74,20,138,168,140,126,16,194,19,98,60,179,47,43,187,76,101,141,11,58,64,96,177,199,166,22,195,119,81,153,80,26,150,136,100,54,113,116,124,142,45,121];False
7788;6590;14378;[198,51,50,174,67,83,59,57,132,75,163,133,12,185,111,36,169,115,89,3,161,159,15,135,53,180,46,44,23,190,109,66,184,168,34,91,69,28,8,37,94,71,188,48,92,90,131,148,93,14,178,191,10,61,145,84,13,151,7,38,176,35,97,128,52,2,167,107,123,146,155,65,118,17,82,18,0,77,149,170,129,25,105,4,6,88,70,108,21,106,154,122,197,24,72,78,86,110,171,189,49,127,30,114,182,139,29,137,158,175,85,1,117,120,157,173,186,79,42,27,193,172,39,32,55,125,33,192,165,40,87,181,68,9,103,162,147,196,95,144,56,63,31,143,160,183,164,41,152,130,102,62,5,134,112,104,99,73,74,20,138,156,140,126,16,194,19,98,60,179,47,43,187,76,101,141,11,58,64,96,177,199,166,22,195,119,81,153,80,26,150,136,100,54,113,116,124,142,45,121];False
7914;6580;14494;[198,51,50,174,67,83,59,57,132,75,163,133,12,185,111,36,169,115,89,3,161,159,15,135,53,180,46,44,23,190,109,66,184,124,34,91,69,28,8,37,94,71,188,48,92,90,131,148,93,14,178,191,10,61,145,84,13,151,7,38,176,35,97,128,52,2,167,107,123,146,155,65,118,17,82,18,0,77,149,170,129,25,105,4,6,88,70,108,21,106,154,122,197,24,72,78,86,110,171,189,49,127,30,114,182,139,29,137,158,175,85,1,117,120,157,173,186,79,42,27,193,172,39,32,55,125,33,192,165,40,87,181,68,9,103,162,147,196,95,144,56,63,31,143,160,183,164,41,152,130,102,62,5,134,112,104,99,73,74,20,138,168,140,126,16,194,19,98,60,179,47,43,187,76,101,141,11,58,64,96,177,199,166,22,195,119,81,153,80,26,150,136,100,54,113,116,156,142,45,121];False
7841;6586;14427;[198,51,50,174,67,83,59,57,132,75,163,133,12,185,111,36,169,115,89,3,161,159,15,135,53,180,46,44,23,190,109,66,184,156,34,91,69,28,8,124,94,71,188,48,92,90,131,148,93,14,178,191,10,61,145,84,13,151,7,38,176,35,97,128,52,2,167,107,123,146,155,65,118,17,82,18,0,77,149,170,129,25,105,4,6,88,70,108,21,106,154,122,197,24,72,78,86,110,171,189,49,127,30,114,182,139,29,137,158,175,85,1,117,120,157,173,186,79,42,27,193,172,39,32,55,125,33,192,165,40,87,181,68,9,103,162,147,196,95,144,56,63,31,143,160,183,164,41,152,130,102,62,5,134,112,104,99,73,74,20,138,168,140,126,16,194,19,98,60,179,47,43,187,76,101,141,11,58,64,96,177,199,166,22,195,119,81,153,80,26,150,136,100,54,113,116,37,142,45,121];False
7969;6578;14547;[198,51,50,174,67,83,59,57,132,75,137,133,12,185,111,36,169,115,89,3,161,159,15,135,53,180,46,44,23,190,109,10,37,156,34,91,69,28,8,184,94,71,188,48,92,90,131,148,93,14,178,191,66,61,145,84,13,151,7,38,176,35,97,128,52,2,167,107,123,146,155,65,118,17,82,18,0,77,149,170,129,25,105,4,6,88,70,108,21,106,154,122,197,24,72,78,86,110,171,189,49,127,30,114,182,139,29,163,158,175,85,1,117,120,157,173,186,79,42,27,193,172,39,32,55,125,33,192,165,40,87,181,68,9,103,162,147,196,95,144,56,63,31,143,160,183,164,41,152,130,102,62,5,134,112,104,99,73,74,20,138,168,140,126,16,194,19,98,60,179,47,43,187,76,101,141,11,58,64,96,177,199,166,22,195,119,81,153,80,26,150,136,100,54,113,116,124,142,45,121];False
7962;6576;14538;[198,51,50,174,67,83,59,57,132,75,163,133,12,185,111,26,169,115,89,3,161,159,15,135,53,180,46,44,23,190,109,10,37,156,34,91,69,28,8,184,94,71,188,48,92,90,131,148,93,14,178,191,66,61,145,84,13,151,7,38,176,35,97,128,52,2,167,107,123,146,155,65,118,17,82,18,0,77,149,170,129,25,105,4,6,88,70,108,21,106,154,122,197,24,72,78,86,110,171,189,49,127,30,114,182,139,29,137,158,175,85,1,117,120,157,173,186,79,42,27,193,172,39,32,55,125,33,192,165,40,87,181,68,9,103,162,147,196,95,144,56,63,31,143,160,183,164,41,152,130,102,62,5,134,112,104,99,73,74,20,138,168,140,126,16,194,19,98,60,179,47,43,187,76,101,141,11,58,64,96,177,199,166,22,195,119,81,153,80,36,150,136,100,54,113,116,124,142,45,121];False
7864;6584;14448;[198,51,50,174,67,83,59,57,132,75,163,133,12,185,111,36,169,115,89,3,161,28,15,135,53,180,46,44,23,190,109,10,37,156,34,91,69,159,8,184,94,71,188,48,92,90,131,148,93,14,178,191,66,61,145,84,13,151,7,38,176,35,97,128,52,2,167,107,123,146,155,65,118,17,82,18,0,77,149,170,129,25,105,4,6,88,70,108,21,106,154,122,197,24,72,78,86,110,171,189,49,127,30,114,182,139,29,137,158,175,85,1,117,120,157,173,186,79,42,27,193,172,39,32,55,125,33,192,165,40,87,181,68,9,103,162,147,196,95,144,56,63,31,143,160,183,164,41,152,130,102,62,5,134,112,104,99,73,74,20,138,168,140,126,16,194,19,98,60,179,47,43,187,76,101,141,11,58,64,96,177,199,166,22,195,119,81,153,80,26,150,136,100,54,113,116,124,142,45,121];False
7995;6575;14570;[198,51,50,174,67,83,59,57,132,75,163,133,12,185,111,36,169,115,89,3,161,159,15,135,53,180,46,44,23,190,109,10,37,124,34,91,69,28,8,184,94,71,188,48,92,90,131,148,93,14,178,191,66,61,145,84,13,151,7,38,176,35,97,128,52,2,167,107,123,146,155,65,118,17,82,18,0,77,149,170,129,25,105,4,6,88,70,108,21,106,154,122,197,24,72,78,86,110,171,189,49,127,30,114,182,139,29,137,158,175,85,1,117,120,157,173,186,79,42,27,193,172,39,32,55,125,33,192,165,40,87,181,68,9,103,162,147,196,95,144,56,63,31,143,160,183,164,41,152,130,102,62,5,134,112,104,99,73,74,20,138,168,140,126,16,194,19,98,60,179,47,43,187,76,101,141,11,58,64,96,177,199,166,22,195,119,81,153,80,26,150,136,100,54,113,116,156,142,45,121];False
7774;6586;14360;[198,51,50,174,67,83,59,57,132,75,163,133,12,185,111,36,169,115,89,3,161,159,15,135,53,180,46,44,23,190,109,10,37,156,34,91,69,28,8,124,94,71,188,48,92,90,131,148,93,14,178,191,66,61,145,84,13,151,7,38,176,35,97,128,52,2,167,107,123,146,155,65,118,17,82,18,0,77,149,170,129,25,105,4,6,88,70,108,21,106,154,122,197,24,72,78,86,110,171,189,49,127,30,114,182,139,29,137,158,175,85,1,117,120,157,173,186,79,42,27,193,172,39,32,55,125,33,192,165,40,87,181,68,9,103,162,147,196,95,144,56,63,31,143,160,183,164,41,152,130,102,62,5,134,112,104,99,73,74,20,138,168,140,126,16,194,19,98,60,179,47,43,187,76,101,141,11,58,64,96,177,199,166,22,195,119,81,153,80,26,150,136,100,54,113,116,184,142,45,121];False
7771;6579;14350;[198,51,50,174,67,83,59,57,132,75,163,133,12,185,111,36,169,115,89,3,161,159,15,135,53,180,46,44,23,190,109,10,37,156,34,91,69,28,8,184,94,71,138,48,92,90,131,148,93,14,178,191,66,61,145,84,13,151,7,38,176,35,97,128,52,2,167,107,123,146,155,65,118,17,82,18,0,77,149,170,129,25,105,4,6,88,70,108,21,106,154,122,197,24,72,78,86,110,171,189,49,127,30,114,182,139,29,137,158,175,85,1,117,120,157,173,186,79,42,27,193,172,39,32,55,125,33,192,165,40,87,181,68,9,103,162,147,196,95,144,56,63,31,143,160,183,164,41,152,130,102,62,5,134,112,104,99,73,74,20,188,168,140,126,16,194,19,98,60,179,47,43,187,76,101,141,11,58,64,96,177,199,166,22,195,119,81,153,80,26,150,136,100,54,113,116,124,142,45,121];False
8281;6562;14843;[50,31,143,136,149,83,59,57,132,152,163,133,12,185,54,197,169,84,89,3,161,159,15,135,142,115,46,44,37,190,109,10,184,51,174,91,69,28,8,118,180,198,188,48,92,90,131,148,93,14,178,23,66,61,145,94,13,151,7,38,176,35,97,128,52,2,167,107,123,146,155,65,53,17,82,18,0,77,196,170,129,25,105,4,6,88,70,108,21,106,154,122,26,24,72,78,86,110,171,189,49,127,30,114,182,139,29,137,158,175,85,1,117,120,157,173,186,79,42,27,193,172,111,32,55,125,33,192,165,40,87,181,68,9,103,162,147,67,95,144,156,140,74,194,191,183,164,41,75,130,102,62,5,134,112,104,99,63,73,20,138,168,34,126,16,71,19,98,60,179,47,43,187,76,101,141,11,58,64,96,177,199,166,22,195,119,81,153,80,36,150,56,100,39,113,116,124,160,45,121];False
8259;6559;14818;[50,31,143,136,149,83,59,57,132,75,137,133,12,185,54,197,169,84,89,3,161,159,15,135,142,115,46,44,37,190,109,10,184,51,174,91,69,28,8,118,180,198,188,48,92,90,131,148,93,14,178,23,66,61,145,94,13,151,7,38,176,35,97,128,52,2,167,107,123,146,155,65,53,17,82,18,0,77,196,170,129,25,105,4,6,88,70,108,21,106,154,122,26,24,72,78,86,110,171,189,49,127,30,114,182,139,29,163,158,175,85,1,117,120,157,173,186,79,42,27,193,172,111,32,55,125,33,192,165,40,87,181,68,9,103,162,147,67,95,144,156,140,74,194,191,183,164,41,152,130,102,62,5,134,112,104,99,63,73,20,138,168,34,126,16,71,19,98,60,179,47,43,187,76,101,141,11,58,64,96,177,199,166,22,195,119,81,153,80,36,150,56,100,39,113,116,124,160,45,121];False
8124;6562;14686;[50,31,143,136,149,83,59,57,132,75,163,133,12,185,54,197,29,84,89,3,161,159,15,135,142,115,46,44,37,190,109,10,184,51,174,91,69,28,8,118,180,198,188,48,92,90,131,148,93,14,178,23,66,61,145,94,13,151,7,38,176,35,97,128,52,2,167,107,123,146,155,65,53,17,82,18,0,77,196,170,129,25,105,4,6,88,70,108,21,106,154,122,26,24,72,78,86,110,171,189,49,127,30,114,182,139,169,137,158,175,85,1,117,120,157,173,186,79,42,27,193,172,111,32,55,125,33,192,165,40,87,181,68,9,103,162,147,67,95,144,156,140,74,194,191,183,164,41,152,130,102,62,5,134,112,104,99,63,73,20,138,168,34,126,16,71,19,98,60,179,47,43,187,76,101,141,11,58,64,96,177,199,166,22,195,119,81,153,80,36,150,56,100,39,113,116,124,160,45,121];False
8388;6552;14940;[50,31,143,136,149,83,59,57,132,75,137,133,12,185,111,26,169,84,89,3,161,159,15,135,142,115,46,44,37,190,109,10,150,51,34,91,69,28,8,118,180,198,188,48,92,90,131,148,93,14,178,23,66,61,145,94,13,151,7,38,176,35,97,128,52,2,167,107,123,146,155,65,53,17,82,18,0,77,196,170,129,25,105,4,6,88,70,108,21,106,154,122,197,24,72,78,86,110,171,189,49,127,30,114,182,139,29,163,158,175,85,1,117,120,157,173,186,79,42,27,193,172,39,32,55,125,33,192,165,40,87,181,68,9,103,162,147,67,95,144,156,140,74,194,191,183,164,41,152,130,102,62,5,134,112,104,99,63,73,20,138,168,56,126,16,71,19,98,60,179,47,43,187,76,101,141,11,58,64,96,177,199,166,22,195,119,81,153,80,36,184,174,100,54,113,116,124,160,45,121];False
8352;6554;14906;[50,31,143,136,149,83,59,57,132,75,163,133,12,185,76,26,169,84,89,3,161,159,15,135,142,115,46,44,37,190,109,10,150,51,34,91,69,28,8,118,180,198,188,48,92,90,131,148,93,14,178,23,66,61,145,94,13,151,7,38,176,35,97,128,52,2,167,107,123,146,155,65,53,17,82,18,0,77,196,170,129,25,105,4,6,88,70,108,21,106,154,122,197,24,72,78,86,110,171,189,49,127,30,114,182,139,29,137,158,175,85,1,117,120,157,173,186,79,42,27,193,172,39,32,55,125,33,192,165,40,87,181,68,9,103,162,147,67,95,144,156,140,74,194,191,183,164,41,152,130,102,62,5,134,112,104,99,63,73,20,138,168,56,126,16,71,19,98,60,179,47,43,187,111,101,141,11,58,64,96,177,199,166,22,195,119,81,153,80,36,184,174,100,54,113,116,124,160,45,121];False
8283;6558;14841;[50,31,143,136,149,83,59,57,132,75,163,133,12,185,111,26,169,84,89,3,161,28,15,135,142,115,46,44,37,190,109,10,150,51,34,91,69,159,8,118,180,198,188,48,92,90,131,148,93,14,178,23,66,61,145,94,13,151,7,38,176,35,97,128,52,2,167,107,123,146,155,65,53,17,82,18,0,77,196,170,129,25,105,4,6,88,70,108,21,106,154,122,197,24,72,78,86,110,171,189,49,127,30,114,182,139,29,137,158,175,85,1,117,120,157,173,186,79,42,27,193,172,39,32,55,125,33,192,165,40,87,181,68,9,103,162,147,67,95,144,156,140,74,194,191,183,164,41,152,130,102,62,5,134,112,104,99,63,73,20,138,168,56,126,16,71,19,98,60,179,47,43,187,76,101,141,11,58,64,96,177,199,166,22,195,119,81,153,80,36,184,174,100,54,113,116,124,160,45,121];False
8230;6557;14787;[50,31,143,136,149,83,59,57,132,75,163,133,12,185,111,26,169,84,89,3,161,159,15,135,142,115,46,44,37,190,109,10,150,51,34,91,69,28,8,118,29,198,188,48,92,90,131,148,93,14,178,23,66,61,145,94,13,151,7,38,176,35,97,128,52,2,167,107,123,146,155,65,53,17,82,18,0,77,196,170,129,25,105,4,6,88,70,108,21,106,154,122,197,24,72,78,86,110,171,189,49,127,30,114,182,139,180,137,158,175,85,1,117,120,157,173,186,79,42,27,193,172,39,32,55,125,33,192,165,40,87,181,68,9,103,162,147,67,95,144,156,140,74,194,191,183,164,41,152,130,102,62,5,134,112,104,99,63,73,20,138,168,56,126,16,71,19,98,60,179,47,43,187,76,101,141,11,58,64,96,177,199,166,22,195,119,81,153,80,36,184,174,100,54,113,116,124,160,45,121];False
8593;6541;15134;[73,174,67,36,149,83,59,57,132,75,137,133,12,185,54,120,157,84,169,3,161,159,15,135,71,173,46,44,37,190,109,10,184,51,34,91,69,28,8,118,180,53,188,48,92,90,131,148,93,14,178,142,66,61,145,94,13,151,7,38,176,35,97,111,52,2,95,107,123,50,155,65,198,17,82,18,0,77,196,170,129,25,105,4,6,88,70,108,21,106,154,122,197,24,72,78,86,110,171,189,49,127,30,114,182,139,29,163,158,128,85,1,117,167,89,115,186,79,42,27,193,172,39,32,55,125,33,192,165,40,87,181,68,9,103,162,147,23,136,144,156,146,31,143,191,183,164,41,152,130,102,62,5,134,112,104,99,63,74,20,138,168,140,126,16,194,19,98,60,179,47,43,187,76,101,141,11,58,64,96,177,199,166,22,195,119,81,153,80,26,150,56,100,175,113,116,124,160,45,121];False
8692;6538;15230;[50,174,67,36,149,83,59,57,132,75,137,133,12,185,54,120,157,84,176,3,161,159,15,135,71,173,46,44,37,190,109,10,184,51,34,91,69,28,8,118,180,53,188,48,92,90,131,148,93,14,178,142,66,61,145,94,13,151,7,38,169,35,97,111,52,2,95,107,123,73,155,65,198,17,82,18,0,77,196,170,129,25,105,4,6,88,70,108,21,106,154,122,197,24,72,78,86,110,171,189,49,127,30,114,182,139,29,163,158,128,85,1,117,167,89,115,186,79,42,27,193,172,39,32,55,125,33,192,165,40,87,181,68,9,103,162,147,23,136,144,156,146,31,143,191,183,164,41,152,130,102,62,5,134,112,104,99,63,74,20,138,168,140,126,16,194,19,98,60,179,47,43,187,76,101,141,11,58,64,96,177,199,166,22,195,119,81,153,80,26,150,56,100,175,113,116,124,160,45,121];False
8449;6546;14995;[50,174,67,36,149,83,59,57,132,75,137,133,12,185,54,120,157,84,169,3,161,159,15,135,71,165,46,44,37,190,109,10,184,51,34,91,69,28,8,118,180,53,188,48,92,90,131,148,93,14,178,142,66,61,145,94,13,151,7,38,176,35,97,111,52,2,95,107,123,73,155,65,198,17,82,18,0,77,196,170,129,25,105,4,6,88,70,108,21,106,154,122,197,24,72,78,86,110,171,189,49,127,30,114,182,139,29,163,158,128,85,1,117,167,89,115,186,79,42,27,193,172,39,32,55,125,33,192,173,40,87,181,68,9,103,162,147,23,136,144,156,146,31,143,191,183,164,41,152,130,102,62,5,134,112,104,99,63,74,20,138,168,140,126,16,194,19,98,60,179,47,43,187,76,101,141,11,58,64,96,177,199,166,22,195,119,81,153,80,26,150,56,100,175,113,116,124,160,45,121];False
8484;6545;15029;[50,174,67,36,149,83,59,57,132,75,137,133,12,185,54,120,157,84,169,3,161,159,15,135,71,173,46,44,37,190,109,66,184,51,34,91,69,28,8,118,180,53,188,48,92,90,131,148,93,14,178,142,10,61,145,94,13,151,7,38,176,35,97,111,52,2,95,107,123,73,155,65,198,17,82,18,0,77,196,170,129,25,105,4,6,88,70,108,21,106,154,122,197,24,72,78,86,110,171,189,49,127,30,114,182,139,29,163,158,128,85,1,117,167,89,115,186,79,42,27,193,172,39,32,55,125,33,192,165,40,87,181,68,9,103,162,147,23,136,144,156,146,31,143,191,183,164,41,152,130,102,62,5,134,112,104,99,63,74,20,138,168,140,126,16,194,19,98,60,179,47,43,187,76,101,141,11,58,64,96,177,199,166,22,195,119,81,153,80,26,150,56,100,175,113,116,124,160,45,121];False
8587;6541;15128;[50,174,67,36,149,83,59,57,132,75,137,133,12,185,54,120,157,84,169,3,161,159,15,135,71,173,46,44,37,190,109,10,184,51,34,91,69,28,8,118,29,53,188,48,92,90,131,148,93,14,178,142,66,61,145,94,13,151,7,38,176,35,97,111,52,2,95,107,123,73,155,65,198,17,82,18,0,77,196,170,129,25,105,4,6,88,70,108,21,106,154,122,197,24,72,78,86,110,171,189,49,127,30,114,182,139,180,163,158,128,85,1,117,167,89,115,186,79,42,27,193,172,39,32,55,125,33,192,165,40,87,181,68,9,103,162,147,23,136,144,156,146,31,143,191,183,164,41,152,130,102,62,5,134,112,104,99,63,74,20,138,168,140,126,16,194,19,98,60,179,47,43,187,76,101,141,11,58,64,96,177,199,166,22,195,119,81,153,80,26,150,56,100,175,113,116,124,160,45,121];False
8599;6540;15139;[50,174,67,36,149,83,59,57,132,75,137,133,12,185,54,120,157,84,169,3,161,159,15,135,71,173,46,44,37,190,109,10,184,51,34,91,69,28,8,118,124,53,188,48,92,90,131,148,93,14,178,142,66,61,145,94,13,151,7,38,176,35,97,111,52,2,95,107,123,73,155,65,198,17,82,18,0,77,196,170,129,25,105,4,6,88,70,108,21,106,154,122,197,24,72,78,86,110,171,189,49,127,30,114,182,139,29,163,158,128,85,1,117,167,89,115,186,79,42,27,193,172,39,32,55,125,33,192,165,40,87,181,68,9,103,162,147,23,136,144,156,146,31,143,191,183,164,41,152,130,102,62,5,134,112,104,99,63,74,20,138,168,140,126,16,194,19,98,60,179,47,43,187,76,101,141,11,58,64,96,177,199,166,22,195,119,81,153,80,26,150,56,100,175,113,116,180,160,45,121];False
8344;6550;14894;[73,174,67,36,149,83,59,57,132,75,137,133,12,185,54,120,157,84,89,3,161,159,15,135,71,165,46,44,37,190,109,10,184,51,34,91,69,28,8,118,180,53,188,48,92,90,131,148,93,14,178,142,66,61,145,94,13,151,7,38,176,35,97,111,52,2,95,107,123,50,155,65,198,17,82,18,0,77,196,170,129,25,105,4,6,88,70,108,21,106,154,122,197,24,72,78,86,110,171,189,49,127,30,114,182,139,29,163,158,128,85,1,117,167,169,115,186,79,42,27,193,172,39,32,55,125,33,192,173,40,87,181,68,9,103,162,147,23,136,144,156,146,31,143,191,183,164,41,152,130,102,62,5,134,112,104,99,63,74,20,138,168,140,126,16,194,19,98,60,179,47,43,187,76,101,141,11,58,64,96,177,199,166,22,195,119,81,153,80,26,150,56,100,175,113,116,124,160,45,121];False
8325;6554;14879;[50,174,67,36,149,83,59,57,132,75,163,133,12,185,54,120,157,84,89,3,161,159,15,135,71,165,46,44,37,190,109,10,184,51,34,91,69,28,8,118,180,53,188,48,92,90,131,148,93,14,178,142,66,61,145,94,13,151,7,38,176,35,97,111,52,2,95,107,123,73,155,65,198,17,82,18,0,77,196,170,129,25,105,4,6,88,70,108,21,106,154,122,197,24,72,78,86,110,171,189,49,127,30,114,182,139,29,137,158,128,85,1,117,167,169,115,186,79,42,27,193,172,39,32,55,125,33,192,173,40,87,181,68,9,103,162,147,23,136,144,156,146,31,143,191,183,164,41,152,130,102,62,5,134,112,104,99,63,74,20,138,168,140,126,16,194,19,98,60,179,47,43,187,76,101,141,11,58,64,96,177,199,166,22,195,119,81,153,80,26,150,56,100,175,113,116,124,160,45,121];False
8288;6555;14843;[50,174,67,36,149,83,59,57,132,75,137,133,12,185,54,120,157,84,89,3,161,159,15,135,71,165,46,44,29,190,109,10,184,51,34,91,69,28,8,118,180,53,188,48,92,90,131,148,93,14,178,142,66,61,145,94,13,151,7,38,176,35,97,111,52,2,95,107,123,73,155,65,198,17,82,18,0,77,196,170,129,25,105,4,6,88,70,108,21,106,154,122,197,24,72,78,86,110,171,189,49,127,30,114,182,139,37,163,158,128,85,1,117,167,169,115,186,79,42,27,193,172,39,32,55,125,33,192,173,40,87,181,68,9,103,162,147,23,136,144,156,146,31,143,191,183,164,41,152,130,102,62,5,134,112,104,99,63,74,20,138,168,140,126,16,194,19,98,60,179,47,43,187,76,101,141,11,58,64,96,177,199,166,22,195,119,81,153,80,26,150,56,100,175,113,116,124,160,45,121];False
8214;6561;14775;[50,174,67,36,149,83,59,57,132,75,137,133,12,185,54,120,157,84,89,3,161,159,15,135,71,165,46,44,140,190,109,10,184,51,34,91,69,28,8,118,180,53,188,48,92,90,131,148,93,14,178,142,66,61,145,94,13,151,7,38,176,35,97,111,52,2,95,107,123,73,155,65,198,17,82,18,0,77,196,170,129,25,105,4,6,88,70,108,21,106,154,122,197,24,72,78,86,110,171,189,49,127,30,114,182,139,29,163,158,128,85,1,117,167,169,115,186,79,42,27,193,172,39,32,55,125,33,192,173,40,87,181,68,9,103,162,147,23,136,144,156,146,31,143,191,183,164,41,152,130,102,62,5,134,112,104,99,63,74,20,138,168,37,126,16,194,19,98,60,179,47,43,187,76,101,141,11,58,64,96,177,199,166,22,195,119,81,153,80,26,150,56,100,175,113,116,124,160,45,121];False
8280;6555;14835;[50,174,67,36,149,83,59,57,132,75,137,133,12,185,54,120,157,84,89,3,161,159,15,135,71,165,46,44,37,109,190,10,184,51,34,91,69,28,8,118,180,53,188,48,92,90,131,148,93,14,178,142,66,61,145,94,13,151,7,38,176,35,97,111,52,2,95,107,123,73,155,65,198,17,82,18,0,77,196,170,129,25,105,4,6,88,70,108,21,106,154,122,197,24,72,78,86,110,171,189,49,127,30,114,182,139,29,163,158,128,85,1,117,167,169,115,186,79,42,27,193,172,39,32,55,125,33,192,173,40,87,181,68,9,103,162,147,23,136,144,156,146,31,143,191,183,164,41,152,130,102,62,5,134,112,104,99,63,74,20,138,168,140,126,16,194,19,98,60,179,47,43,187,76,101,141,11,58,64,96,177,199,166,22,195,119,81,153,80,26,150,56,100,175,113,116,124,160,45,121];False
8235;6554;14789;[50,174,67,36,149,83,59,57,132,75,137,133,12,185,54,120,157,84,89,3,161,159,15,135,71,165,46,44,37,190,109,66,184,51,34,91,69,28,8,118,180,53,188,48,92,90,131,148,93,14,178,142,10,61,145,94,13,151,7,38,176,35,97,111,52,2,95,107,123,73,155,65,198,17,82,18,0,77,196,170,129,25,105,4,6,88,70,108,21,106,154,122,197,24,72,78,86,110,171,189,49,127,30,114,182,139,29,163,158,128,85,1,117,167,169,115,186,79,42,27,193,172,39,32,55,125,33,192,173,40,87,181,68,9,103,162,147,23,136,144,156,146,31,143,191,183,164,41,152,130,102,62,5,134,112,104,99,63,74,20,138,168,140,126,16,194,19,98,60,179,47,43,187,76,101,141,11,58,64,96,177,199,166,22,195,119,81,153,80,26,150,56,100,175,113,116,124,160,45,121];False
8342;6553;14895;[50,174,67,36,149,83,59,57,132,75,137,133,12,185,54,120,157,84,89,3,161,159,15,135,71,165,46,44,37,190,109,10,184,126,34,91,69,28,8,118,180,53,188,48,92,90,131,148,93,14,178,142,66,61,145,94,13,151,7,38,176,35,97,111,52,2,95,107,123,73,155,65,198,17,82,18,0,77,196,170,129,25,105,4,6,88,70,108,21,106,154,122,197,24,72,78,86,110,171,189,49,127,30,114,182,139,29,163,158,128,85,1,117,167,169,115,186,79,42,27,193,172,39,32,55,125,33,192,173,40,87,181,68,9,103,162,147,23,136,144,156,146,31,143,191,183,164,41,152,130,102,62,5,134,112,104,99,63,74,20,138,168,140,51,16,194,19,98,60,179,47,43,187,76,101,141,11,58,64,96,177,199,166,22,195,119,81,153,80,26,150,56,100,175,113,116,124,160,45,121];False
8338;6550;14888;[50,174,67,36,149,83,59,57,132,75,137,133,12,185,54,120,157,84,89,3,161,159,15,135,71,165,46,44,37,190,109,10,184,51,34,91,69,28,8,118,29,53,188,48,92,90,131,148,93,14,178,142,66,61,145,94,13,151,7,38,176,35,97,111,52,2,95,107,123,73,155,65,198,17,82,18,0,77,196,170,129,25,105,4,6,88,70,108,21,106,154,122,197,24,72,78,86,110,171,189,49,127,30,114,182,139,180,163,158,128,85,1,117,167,169,115,186,79,42,27,193,172,39,32,55,125,33,192,173,40,87,181,68,9,103,162,147,23,136,144,156,146,31,143,191,183,164,41,152,130,102,62,5,134,112,104,99,63,74,20,138,168,140,126,16,194,19,98,60,179,47,43,187,76,101,141,11,58,64,96,177,199,166,22,195,119,81,153,80,26,150,56,100,175,113,116,124,160,45,121];False
8350;6549;14899;[50,174,67,36,149,83,59,57,132,75,137,133,12,185,54,120,157,84,89,3,161,159,15,135,71,165,46,44,37,190,109,10,184,51,34,91,69,28,8,118,124,53,188,48,92,90,131,148,93,14,178,142,66,61,145,94,13,151,7,38,176,35,97,111,52,2,95,107,123,73,155,65,198,17,82,18,0,77,196,170,129,25,105,4,6,88,70,108,21,106,154,122,197,24,72,78,86,110,171,189,49,127,30,114,182,139,29,163,158,128,85,1,117,167,169,115,186,79,42,27,193,172,39,32,55,125,33,192,173,40,87,181,68,9,103,162,147,23,136,144,156,146,31,143,191,183,164,41,152,130,102,62,5,134,112,104,99,63,74,20,138,168,140,126,16,194,19,98,60,179,47,43,187,76,101,141,11,58,64,96,177,199,166,22,195,119,81,153,80,26,150,56,100,175,113,116,180,160,45,121];False
8385;6548;14933;[50,174,67,36,149,83,59,57,132,75,137,133,12,185,54,120,157,84,89,3,161,159,15,135,71,173,46,44,37,190,109,66,184,51,34,91,69,28,8,118,124,53,188,48,92,90,131,148,93,14,178,142,10,61,145,94,13,151,7,38,176,35,97,111,52,2,95,107,123,73,155,65,198,17,82,18,0,77,196,170,129,25,105,4,6,88,70,108,21,106,154,122,197,24,72,78,86,110,171,189,49,127,30,114,182,139,29,163,158,128,85,1,117,167,169,115,186,79,42,27,193,172,39,32,55,125,33,192,165,40,87,181,68,9,103,162,147,23,136,144,156,146,31,143,191,183,164,41,152,130,102,62,5,134,112,104,99,63,74,20,138,168,140,126,16,194,19,98,60,179,47,43,187,76,101,141,11,58,64,96,177,199,166,22,195,119,81,153,80,26,150,56,100,175,113,116,180,160,45,121];False
8482;6545;15027;[73,174,67,36,149,83,59,57,132,75,137,133,12,185,54,120,157,84,89,3,161,159,15,135,71,173,46,44,37,190,109,10,184,51,34,91,69,28,8,118,29,53,188,48,92,90,131,148,93,14,178,142,66,61,145,94,13,151,7,38,176,35,97,111,52,2,95,107,123,50,155,65,198,17,82,18,0,77,196,170,129,25,105,4,6,88,70,108,21,106,154,122,197,24,72,78,86,110,171,189,49,127,30,114,182,139,180,163,158,128,85,1,117,167,169,115,186,79,42,27,193,172,39,32,55,125,33,192,165,40,87,181,68,9,103,162,147,23,136,144,156,146,31,143,191,183,164,41,152,130,102,62,5,134,112,104,99,63,74,20,138,168,140,126,16,194,19,98,60,179,47,43,187,76,101,141,11,58,64,96,177,199,166,22,195,119,81,153,80,26,150,56,100,175,113,116,124,160,45,121];False
8375;6539;14914;[50,174,67,36,149,83,59,57,132,75,137,133,12,185,54,120,157,84,89,3,161,159,15,135,71,173,46,44,37,190,109,10,184,51,34,91,69,28,8,118,65,53,188,48,92,90,131,148,93,14,178,142,66,61,145,94,13,151,7,38,176,35,97,111,52,2,95,107,123,73,155,29,198,17,82,18,0,77,196,170,129,25,105,4,6,88,70,108,21,106,154,122,197,24,72,78,86,110,171,189,49,127,30,114,182,139,180,163,158,128,85,1,117,167,169,115,186,79,42,27,193,172,39,32,55,125,33,192,165,40,87,181,68,9,103,162,147,23,136,144,156,146,31,143,191,183,164,41,152,130,102,62,5,134,112,104,99,63,74,20,138,168,140,126,16,194,19,98,60,179,47,43,187,76,101,141,11,58,64,96,177,199,166,22,195,119,81,153,80,26,150,56,100,175,113,116,124,160,45,121];False
9142;6526;15668;[50,174,23,136,149,80,59,57,132,75,137,133,12,185,76,98,193,173,89,3,161,159,15,135,194,115,46,44,37,190,109,10,184,51,34,91,69,28,8,118,180,53,188,48,92,90,131,148,93,14,178,142,66,61,145,94,13,151,7,38,176,35,97,128,52,2,167,107,123,73,155,65,198,17,82,18,0,77,196,170,129,25,105,4,6,88,70,108,21,106,154,122,197,24,72,78,86,110,171,189,49,127,30,114,182,139,29,163,158,175,85,1,117,120,157,84,186,79,42,27,169,172,39,32,55,125,33,192,165,40,87,181,68,9,103,162,147,67,95,144,156,146,31,143,191,183,164,41,152,130,102,62,5,134,112,104,99,63,74,20,138,168,140,126,16,71,19,83,60,179,47,43,187,111,101,141,11,58,64,96,177,199,166,22,195,119,81,153,26,36,150,56,100,54,113,116,124,160,45,121];False
9093;6526;15619;[73,174,23,136,149,11,59,57,132,75,137,133,12,185,76,98,193,173,89,3,161,159,15,135,194,115,46,44,37,190,109,10,184,51,34,91,69,28,8,118,180,53,188,48,92,90,131,148,93,14,178,142,66,61,145,94,13,151,7,38,176,35,97,128,52,2,167,107,123,50,155,65,198,17,82,18,0,77,196,170,129,25,105,4,6,88,70,108,21,106,154,122,197,24,72,78,86,110,171,189,49,127,30,114,182,139,29,163,158,175,85,1,117,120,157,84,186,79,42,27,169,172,39,32,55,125,33,192,165,40,87,181,68,9,103,162,147,67,95,144,156,146,31,143,191,183,164,41,152,130,102,62,5,134,112,104,99,63,74,20,138,168,140,126,16,71,19,83,60,179,47,43,187,111,101,141,80,58,64,96,177,199,166,22,195,119,81,153,26,36,150,56,100,54,113,116,124,160,45,121];False
9060;6529;15589;[73,174,23,136,149,80,59,57,132,75,186,133,12,185,76,98,193,173,89,3,161,159,15,135,194,115,46,44,37,190,109,10,184,51,34,91,69,28,8,118,180,53,188,48,92,90,131,148,93,14,178,142,66,61,145,94,13,151,7,38,176,35,97,128,52,2,167,107,123,50,155,65,198,17,82,18,0,77,196,170,129,25,105,4,6,88,70,108,21,106,154,122,197,24,72,78,86,110,171,189,49,127,30,114,182,139,29,163,158,175,85,1,117,120,157,84,137,79,42,27,169,172,39,32,55,125,33,192,165,40,87,181,68,9,103,162,147,67,95,144,156,146,31,143,191,183,164,41,152,130,102,62,5,134,112,104,99,63,74,20,138,168,140,126,16,71,19,83,60,179,47,43,187,111,101,141,11,58,64,96,177,199,166,22,195,119,81,153,26,36,150,56,100,54,113,116,124,160,45,121];False
9056;6528;15584;[73,174,23,136,149,80,59,57,132,75,137,133,12,185,76,98,193,173,89,3,161,28,15,135,194,115,46,44,37,190,109,10,184,51,34,91,69,159,8,118,180,53,188,48,92,90,131,148,93,14,178,142,66,61,145,94,13,151,7,38,176,35,97,128,52,2,167,107,123,50,155,65,198,17,82,18,0,77,196,170,129,25,105,4,6,88,70,108,21,106,154,122,197,24,72,78,86,110,171,189,49,127,30,114,182,139,29,163,158,175,85,1,117,120,157,84,186,79,42,27,169,172,39,32,55,125,33,192,165,40,87,181,68,9,103,162,147,67,95,144,156,146,31,143,191,183,164,41,152,130,102,62,5,134,112,104,99,63,74,20,138,168,140,126,16,71,19,83,60,179,47,43,187,111,101,141,11,58,64,96,177,199,166,22,195,119,81,153,26,36,150,56,100,54,113,116,124,160,45,121];False
8984;6533;15517;[73,174,23,136,149,80,59,57,132,75,137,133,12,185,76,98,193,173,89,3,161,159,15,135,194,115,46,44,29,190,109,10,184,51,34,91,69,28,8,118,180,53,188,48,92,90,131,148,93,14,178,142,66,61,145,94,13,151,7,38,176,35,97,128,52,2,167,107,123,50,155,65,198,17,82,18,0,77,196,170,129,25,105,4,6,88,70,108,21,106,154,122,197,24,72,78,86,110,171,189,49,127,30,114,182,139,37,163,158,175,85,1,117,120,157,84,186,79,42,27,169,172,39,32,55,125,33,192,165,40,87,181,68,9,103,162,147,67,95,144,156,146,31,143,191,183,164,41,152,130,102,62,5,134,112,104,99,63,74,20,138,168,140,126,16,71,19,83,60,179,47,43,187,111,101,141,11,58,64,96,177,199,166,22,195,119,81,153,26,36,150,56,100,54,113,116,124,160,45,121];False
8976;6533;15509;[73,174,23,136,149,80,59,57,132,75,137,133,12,185,76,98,193,173,89,3,161,159,15,135,194,115,46,44,37,109,190,10,184,51,34,91,69,28,8,118,180,53,188,48,92,90,131,148,93,14,178,142,66,61,145,94,13,151,7,38,176,35,97,128,52,2,167,107,123,50,155,65,198,17,82,18,0,77,196,170,129,25,105,4,6,88,70,108,21,106,154,122,197,24,72,78,86,110,171,189,49,127,30,114,182,139,29,163,158,175,85,1,117,120,157,84,186,79,42,27,169,172,39,32,55,125,33,192,165,40,87,181,68,9,103,162,147,67,95,144,156,146,31,143,191,183,164,41,152,130,102,62,5,134,112,104,99,63,74,20,138,168,140,126,16,71,19,83,60,179,47,43,187,111,101,141,11,58,64,96,177,199,166,22,195,119,81,153,26,36,150,56,100,54,113,116,124,160,45,121];False
8931;6532;15463;[73,174,23,136,149,80,59,57,132,75,137,133,12,185,76,98,193,173,89,3,161,159,15,135,194,115,46,44,37,190,109,66,184,51,34,91,69,28,8,118,180,53,188,48,92,90,131,148,93,14,178,142,10,61,145,94,13,151,7,38,176,35,97,128,52,2,167,107,123,50,155,65,198,17,82,18,0,77,196,170,129,25,105,4,6,88,70,108,21,106,154,122,197,24,72,78,86,110,171,189,49,127,30,114,182,139,29,163,158,175,85,1,117,120,157,84,186,79,42,27,169,172,39,32,55,125,33,192,165,40,87,181,68,9,103,162,147,67,95,144,156,146,31,143,191,183,164,41,152,130,102,62,5,134,112,104,99,63,74,20,138,168,140,126,16,71,19,83,60,179,47,43,187,111,101,141,11,58,64,96,177,199,166,22,195,119,81,153,26,36,150,56,100,54,113,116,124,160,45,121];False
9087;6526;15613;[73,174,23,136,149,80,59,57,132,75,137,133,12,185,76,98,193,173,89,3,161,159,15,135,194,115,46,44,37,190,109,10,150,51,34,91,69,28,8,118,180,53,188,48,92,90,131,148,93,14,178,142,66,61,145,94,13,151,7,38,176,35,97,128,52,2,167,107,123,50,155,65,198,17,82,18,0,77,196,170,129,25,105,4,6,88,70,108,21,106,154,122,197,24,72,78,86,110,171,189,49,127,30,114,182,139,29,163,158,175,85,1,117,120,157,84,186,79,42,27,169,172,39,32,55,125,33,192,165,40,87,181,68,9,103,162,147,67,95,144,156,146,31,143,191,183,164,41,152,130,102,62,5,134,112,104,99,63,74,20,138,168,140,126,16,71,19,83,60,179,47,43,187,111,101,141,11,58,64,96,177,199,166,22,195,119,81,153,26,36,184,56,100,54,113,116,124,160,45,121];False
8873;6537;15410;[73,174,23,136,149,83,59,57,132,75,137,133,12,185,76,80,193,173,89,3,161,28,15,135,194,115,46,44,37,190,109,10,150,51,34,91,69,159,8,118,29,53,188,48,92,90,131,148,93,14,178,142,66,61,145,94,13,151,7,38,176,35,97,128,52,2,167,107,123,50,155,65,198,17,82,18,0,77,196,170,129,25,105,4,6,88,70,108,21,106,154,122,197,24,72,78,86,110,171,189,49,127,30,114,182,139,180,163,158,175,85,1,117,120,157,84,186,79,42,27,169,172,39,32,55,125,33,192,165,40,87,181,68,9,103,162,147,67,95,144,156,146,31,143,191,183,164,41,152,130,102,62,5,134,112,104,99,63,74,20,138,168,140,126,16,71,19,98,60,179,47,43,187,111,101,141,11,58,64,96,177,199,166,22,195,119,81,153,26,36,184,56,100,54,113,116,124,160,45,121];False
8750;6531;15281;[73,174,23,136,149,83,59,57,132,75,137,133,12,185,76,80,193,173,89,3,161,159,15,135,194,115,46,44,37,190,109,10,150,51,34,91,69,28,8,118,65,53,188,48,92,90,131,148,93,14,178,142,66,61,145,94,13,151,7,38,176,35,97,128,52,2,167,107,123,50,155,29,198,17,82,18,0,77,196,170,129,25,105,4,6,88,70,108,21,106,154,122,197,24,72,78,86,110,171,189,49,127,30,114,182,139,180,163,158,175,85,1,117,120,157,84,186,79,42,27,169,172,39,32,55,125,33,192,165,40,87,181,68,9,103,162,147,67,95,144,156,146,31,143,191,183,164,41,152,130,102,62,5,134,112,104,99,63,74,20,138,168,140,126,16,71,19,98,60,179,47,43,187,111,101,141,11,58,64,96,177,199,166,22,195,119,81,153,26,36,184,56,100,54,113,116,124,160,45,121];False
9473;6517;15990;[73,174,23,136,149,11,59,57,132,75,137,86,151,185,133,98,193,173,89,3,161,159,15,135,194,115,46,44,37,190,109,10,118,48,34,91,69,28,8,184,124,53,188,51,92,90,131,148,93,14,178,142,66,61,145,94,13,12,7,38,176,35,97,128,52,2,167,107,123,50,155,65,198,17,82,18,0,36,196,170,77,25,105,4,6,88,70,108,21,106,154,122,197,24,72,78,111,110,171,189,49,127,30,114,182,139,29,163,158,175,85,1,117,120,157,84,186,79,42,27,169,172,39,32,55,125,33,192,165,40,87,181,68,9,103,162,147,67,95,144,156,146,31,143,191,183,164,41,152,130,102,62,5,134,112,104,99,63,74,20,138,168,140,126,16,71,19,83,60,179,47,43,187,76,101,141,80,58,64,96,177,199,166,22,195,119,81,153,129,26,150,56,100,54,113,116,180,160,45,121];False
9482;6514;15996;[73,174,23,136,149,11,59,57,132,75,137,86,151,185,133,98,193,173,89,3,161,159,15,135,194,115,46,44,37,190,109,10,184,124,34,91,69,28,8,118,51,198,188,48,92,90,131,148,93,14,178,142,66,61,145,94,13,12,7,38,176,35,97,128,52,2,167,107,123,50,155,65,53,17,82,18,0,36,196,170,77,25,105,4,6,88,70,108,21,106,154,122,197,24,72,78,111,110,171,189,49,127,30,114,182,139,29,163,158,175,85,1,117,120,157,84,186,79,42,27,169,172,39,32,55,125,33,192,165,40,87,181,68,9,103,162,147,67,95,144,156,146,31,143,191,183,164,41,152,130,102,62,5,134,112,104,99,63,74,20,138,168,140,126,16,71,19,83,60,179,47,43,187,76,101,141,80,58,64,96,177,199,166,22,195,119,81,153,129,26,150,56,100,54,113,116,180,160,45,121];False
9445;6517;15962;[73,174,23,136,149,11,59,57,132,75,137,86,151,185,133,98,193,173,89,3,161,159,15,135,194,115,46,44,37,190,109,10,184,48,34,91,69,28,8,118,124,198,188,51,92,90,131,148,93,14,178,142,66,61,145,94,13,12,7,38,176,35,97,128,52,2,167,107,123,50,155,65,53,17,82,18,0,36,196,170,77,25,105,4,6,88,70,108,21,106,154,122,197,24,72,78,111,110,171,189,49,127,30,114,182,139,29,163,158,175,85,1,117,120,157,84,186,79,42,27,169,172,39,32,55,125,33,192,165,40,87,181,68,9,103,162,147,67,95,144,156,146,31,143,191,183,164,41,152,130,102,62,5,134,112,104,99,63,74,20,138,168,140,126,16,71,19,83,60,179,47,43,187,76,101,141,80,58,64,96,177,199,166,22,195,119,81,153,129,26,150,56,100,54,113,116,180,160,45,121];False
9345;6514;15859;[73,174,23,136,149,11,59,57,132,75,137,86,151,185,133,98,193,173,89,3,161,159,15,135,194,115,46,44,37,190,109,10,184,51,34,91,69,28,8,118,29,198,188,48,92,90,131,148,93,14,178,142,66,61,145,94,13,12,7,38,176,35,97,128,52,2,167,107,123,50,155,65,53,17,82,18,0,36,196,170,77,25,105,4,6,88,70,108,21,106,154,122,197,24,72,78,111,110,171,189,49,127,30,114,182,139,124,163,158,175,85,1,117,120,157,84,186,79,42,27,169,172,39,32,55,125,33,192,165,40,87,181,68,9,103,162,147,67,95,144,156,146,31,143,191,183,164,41,152,130,102,62,5,134,112,104,99,63,74,20,138,168,140,126,16,71,19,83,60,179,47,43,187,76,101,141,80,58,64,96,177,199,166,22,195,119,81,153,129,26,150,56,100,54,113,116,180,160,45,121];False
9228;6522;15750;[50,174,23,136,149,11,59,57,132,75,163,86,151,185,133,98,193,173,89,3,161,66,15,135,194,115,46,44,37,190,109,10,184,51,34,91,69,159,8,118,124,53,188,48,92,90,131,148,93,14,178,142,28,61,145,94,13,12,7,38,176,35,97,128,52,2,167,107,123,73,155,65,198,17,82,18,0,36,196,170,77,25,105,4,6,88,70,108,21,106,154,122,197,24,72,78,111,110,171,189,49,127,30,114,182,139,29,137,158,175,85,1,117,120,157,84,186,79,42,27,169,172,39,32,55,125,33,192,165,40,87,181,68,9,103,162,147,67,95,144,156,146,31,143,191,183,164,41,152,130,102,62,5,134,112,104,99,63,74,20,138,168,140,126,16,71,19,83,60,179,47,43,187,76,101,141,80,58,64,96,177,199,166,22,195,119,81,153,129,26,150,56,100,54,113,116,180,160,45,121];False
9175;6524;15699;[73,174,23,136,149,80,59,57,132,75,163,86,151,185,133,98,193,173,89,3,161,66,15,135,194,115,46,44,37,190,109,10,184,51,34,91,69,159,8,118,124,53,188,48,92,90,131,148,93,14,178,142,28,61,145,94,13,12,7,38,176,35,97,128,52,2,167,107,123,50,155,65,198,17,82,18,0,36,196,170,77,25,105,4,6,88,70,108,21,106,154,122,197,24,72,78,111,110,171,189,49,127,30,114,182,139,29,137,158,175,85,1,117,120,157,84,186,79,42,27,169,172,39,32,55,125,33,192,165,40,87,181,68,9,103,162,147,67,95,144,156,146,31,143,191,183,164,41,152,130,102,62,5,134,112,104,99,63,74,20,138,168,140,126,16,71,19,83,60,179,47,43,187,76,101,141,11,58,64,96,177,199,166,22,195,119,81,153,129,26,150,56,100,54,113,116,180,160,45,121];False
9246;6521;15767;[73,174,23,136,149,11,59,57,132,75,137,86,151,185,133,98,193,173,89,3,161,66,15,135,194,115,46,44,37,190,109,10,184,51,34,91,69,159,8,118,124,53,188,48,92,90,131,148,93,14,178,142,28,61,145,94,13,12,7,38,176,35,97,128,52,2,167,107,123,50,155,65,198,17,82,18,0,36,196,170,77,25,105,4,6,88,70,108,21,106,154,122,197,24,72,78,111,110,171,189,49,127,30,114,182,139,29,163,158,175,85,1,117,120,157,84,186,79,42,27,169,172,39,32,55,125,33,192,165,40,87,181,68,9,103,162,147,67,95,144,156,146,31,143,191,183,164,41,152,130,102,62,5,134,112,104,99,63,74,20,138,168,140,126,16,71,19,83,60,179,47,43,187,76,101,141,80,58,64,96,177,199,166,22,195,119,81,153,129,26,150,56,100,54,113,116,180,160,45,121];False
9151;6524;15675;[73,174,23,136,149,11,59,57,132,75,163,86,12,185,133,98,193,173,89,3,161,66,15,135,194,115,46,44,37,190,109,10,184,51,34,91,69,159,8,118,124,53,188,48,92,90,131,148,93,14,178,142,28,61,145,94,13,151,7,38,176,35,97,128,52,2,167,107,123,50,155,65,198,17,82,18,0,36,196,170,77,25,105,4,6,88,70,108,21,106,154,122,197,24,72,78,111,110,171,189,49,127,30,114,182,139,29,137,158,175,85,1,117,120,157,84,186,79,42,27,169,172,39,32,55,125,33,192,165,40,87,181,68,9,103,162,147,67,95,144,156,146,31,143,191,183,164,41,152,130,102,62,5,134,112,104,99,63,74,20,138,168,140,126,16,71,19,83,60,179,47,43,187,76,101,141,80,58,64,96,177,199,166,22,195,119,81,153,129,26,150,56,100,54,113,116,180,160,45,121];False
9148;6523;15671;[73,174,23,136,149,11,59,57,132,75,163,86,151,185,133,98,193,173,89,3,161,66,15,135,194,115,46,44,37,190,109,10,184,51,34,91,69,159,8,118,124,198,188,48,92,90,131,148,93,14,178,142,28,61,145,94,13,12,7,38,176,35,97,128,52,2,167,107,123,50,155,65,53,17,82,18,0,36,196,170,77,25,105,4,6,88,70,108,21,106,154,122,197,24,72,78,111,110,171,189,49,127,30,114,182,139,29,137,158,175,85,1,117,120,157,84,186,79,42,27,169,172,39,32,55,125,33,192,165,40,87,181,68,9,103,162,147,67,95,144,156,146,31,143,191,183,164,41,152,130,102,62,5,134,112,104,99,63,74,20,138,168,140,126,16,71,19,83,60,179,47,43,187,76,101,141,80,58,64,96,177,199,166,22,195,119,81,153,129,26,150,56,100,54,113,116,180,160,45,121];False
9307;6519;15826;[50,174,23,136,149,11,59,57,132,75,163,86,151,185,133,98,193,173,89,3,161,103,15,135,194,115,46,44,37,190,109,10,184,51,34,91,69,159,8,118,124,53,188,48,92,90,131,148,93,14,178,142,66,61,145,94,13,12,7,38,176,35,97,128,52,2,167,107,123,73,155,65,198,17,82,18,0,36,196,170,77,25,105,4,6,88,70,108,21,106,154,122,197,24,72,78,111,110,171,189,49,127,30,114,182,139,29,137,158,175,85,1,117,120,157,84,186,79,42,27,169,172,39,32,55,125,33,192,165,40,87,181,68,9,28,162,147,67,95,144,156,146,31,143,191,183,164,41,152,130,102,62,5,134,112,104,99,63,74,20,138,168,140,126,16,71,19,83,60,179,47,43,187,76,101,141,80,58,64,96,177,199,166,22,195,119,81,153,129,26,150,56,100,54,113,116,180,160,45,121];False
9325;6518;15843;[73,174,23,136,149,11,59,57,132,75,137,86,151,185,133,98,193,173,89,3,161,103,15,135,194,115,46,44,37,190,109,10,184,51,34,91,69,159,8,118,124,53,188,48,92,90,131,148,93,14,178,142,66,61,145,94,13,12,7,38,176,35,97,128,52,2,167,107,123,50,155,65,198,17,82,18,0,36,196,170,77,25,105,4,6,88,70,108,21,106,154,122,197,24,72,78,111,110,171,189,49,127,30,114,182,139,29,163,158,175,85,1,117,120,157,84,186,79,42,27,169,172,39,32,55,125,33,192,165,40,87,181,68,9,28,162,147,67,95,144,156,146,31,143,191,183,164,41,152,130,102,62,5,134,112,104,99,63,74,20,138,168,140,126,16,71,19,83,60,179,47,43,187,76,101,141,80,58,64,96,177,199,166,22,195,119,81,153,129,26,150,56,100,54,113,116,180,160,45,121];False
9230;6521;15751;[73,174,23,136,149,11,59,57,132,75,163,86,12,185,133,98,193,173,89,3,161,103,15,135,194,115,46,44,37,190,109,10,184,51,34,91,69,159,8,118,124,53,188,48,92,90,131,148,93,14,178,142,66,61,145,94,13,151,7,38,176,35,97,128,52,2,167,107,123,50,155,65,198,17,82,18,0,36,196,170,77,25,105,4,6,88,70,108,21,106,154,122,197,24,72,78,111,110,171,189,49,127,30,114,182,139,29,137,158,175,85,1,117,120,157,84,186,79,42,27,169,172,39,32,55,125,33,192,165,40,87,181,68,9,28,162,147,67,95,144,156,146,31,143,191,183,164,41,152,130,102,62,5,134,112,104,99,63,74,20,138,168,140,126,16,71,19,83,60,179,47,43,187,76,101,141,80,58,64,96,177,199,166,22,195,119,81,153,129,26,150,56,100,54,113,116,180,160,45,121];False
9146;6518;15664;[73,174,23,136,149,11,59,57,132,75,163,86,151,185,133,98,193,173,89,3,161,66,15,135,194,115,46,44,37,190,109,10,184,51,34,91,69,159,8,118,124,53,188,48,92,90,131,148,93,14,178,142,103,61,145,94,13,12,7,38,176,35,97,128,52,2,167,107,123,50,155,65,198,17,82,18,0,36,196,170,77,25,105,4,6,88,70,108,21,106,154,122,197,24,72,78,111,110,171,189,49,127,30,114,182,139,29,137,158,175,85,1,117,120,157,84,186,79,42,27,169,172,39,32,55,125,33,192,165,40,87,181,68,9,28,162,147,67,95,144,156,146,31,143,191,183,164,41,152,130,102,62,5,134,112,104,99,63,74,20,138,168,140,126,16,71,19,83,60,179,47,43,187,76,101,141,80,58,64,96,177,199,166,22,195,119,81,153,129,26,150,56,100,54,113,116,180,160,45,121];False
2019;7224;9243;[34,4,129,70,19,87,121,178,111,132,130,84,77,112,93,147,66,157,103,105,74,188,144,9,142,117,167,61,45,138,41,49,78,128,42,57,197,162,16,126,143,160,91,1,33,124,180,196,36,46,140,92,82,23,189,81,0,85,22,26,176,193,109,20,170,95,38,139,63,118,8,194,31,198,174,184,35,67,32,72,163,25,51,50,190,125,11,113,156,71,165,65,37,94,173,18,131,110,101,59,80,100,30,134,148,195,97,58,151,175,7,191,181,68,123,6,137,158,54,52,119,187,39,107,55,14,13,172,12,89,75,149,15,135,53,183,69,159,164,90,28,155,73,99,106,136,115,152,2,161,102,86,133,76,122,116,104,17,145,56,21,108,192,40,169,182,29,154,60,177,27,43,127,96,171,141,98,114,64,79,179,47,88,5,186,199,83,153,166,24,150,10,185,62,120,3,168,44,48,146];False
2011;7235;9246;[34,4,129,70,19,87,121,178,127,132,130,84,77,112,93,147,66,157,103,105,74,188,144,9,142,117,167,61,45,138,41,49,78,128,42,57,197,8,16,126,143,160,91,1,33,124,180,196,36,46,140,92,82,23,189,81,0,85,22,26,176,193,109,20,170,95,38,139,63,118,162,194,31,198,174,184,35,67,32,72,163,25,51,50,190,125,11,113,156,71,165,65,37,94,173,18,131,110,101,59,80,100,30,134,148,195,97,58,151,175,7,191,181,68,123,6,137,158,54,52,119,187,39,107,55,14,13,172,12,89,75,149,15,135,53,183,69,159,164,90,28,155,73,99,106,136,115,152,2,161,102,86,133,76,122,116,104,17,145,56,21,108,192,40,169,182,29,154,60,177,27,43,111,96,171,141,98,114,64,79,179,47,88,5,186,199,83,153,166,24,150,10,185,62,120,3,168,44,48,146];False
1990;7231;9221;[34,4,129,70,19,87,121,178,111,132,130,84,77,112,93,147,66,157,103,105,74,188,144,9,142,117,167,61,45,138,41,49,78,128,42,57,197,8,16,126,143,160,91,1,33,124,180,196,36,46,140,92,82,23,189,81,0,85,22,26,176,193,109,162,170,95,38,139,63,118,48,194,31,198,174,184,35,67,32,72,163,25,51,50,190,125,11,113,156,71,165,65,37,94,173,18,131,110,101,59,80,100,30,134,148,195,97,58,175,151,7,191,181,68,123,6,137,158,54,52,119,187,39,107,55,14,13,172,12,89,75,149,15,135,53,183,69,159,164,90,28,155,73,99,106,136,115,152,2,161,102,86,133,76,122,116,104,17,145,56,21,108,192,40,169,182,29,154,60,177,27,43,127,96,171,141,98,114,64,79,179,47,88,5,186,199,83,153,166,24,150,10,185,62,120,3,168,44,20,146];False
1968;7247;9215;[34,4,129,70,19,87,121,178,111,132,130,84,77,112,93,147,66,157,103,105,74,188,144,9,142,117,167,61,45,138,41,49,78,128,42,57,197,8,16,126,143,160,91,1,33,124,180,196,36,46,140,92,82,23,189,81,0,85,22,26,176,193,109,20,170,95,38,139,63,118,48,194,31,198,174,184,35,67,32,72,163,25,51,50,190,125,11,113,156,71,165,65,37,94,173,18,131,110,101,59,80,100,30,134,148,195,97,58,151,175,7,191,181,68,123,6,137,158,54,52,119,187,39,107,55,14,13,172,12,89,75,149,15,135,53,183,69,159,164,90,28,155,73,99,106,136,115,152,2,161,102,86,133,76,122,116,104,17,145,56,21,108,192,40,169,182,29,154,60,177,27,43,127,96,171,141,98,114,64,79,179,47,88,5,186,199,83,153,166,24,150,10,185,62,120,3,168,44,162,146];False
1906;7271;9177;[34,4,129,70,19,87,121,178,111,132,130,84,77,112,93,147,66,157,103,105,74,188,144,9,142,117,167,61,45,138,41,49,78,128,42,57,197,8,16,126,143,160,91,1,33,124,180,196,36,46,140,92,82,23,189,81,0,85,22,26,176,193,109,20,170,95,38,139,63,118,48,194,31,198,174,184,35,67,32,72,163,25,51,50,190,125,11,113,156,71,165,65,37,94,173,18,131,110,101,59,80,100,30,134,148,195,97,58,175,151,7,44,181,68,123,6,137,158,54,52,119,187,39,107,55,14,13,172,12,89,75,149,15,135,53,183,69,159,164,90,28,155,73,99,106,136,115,152,2,161,102,86,133,76,122,116,104,17,145,56,21,108,192,40,169,182,29,154,60,177,27,43,127,96,171,141,98,114,64,79,179,47,88,5,186,199,83,153,166,24,150,10,185,62,120,3,168,191,162,146];True
1957;7254;9211;[34,4,129,70,19,87,121,178,111,132,130,84,77,112,93,147,66,157,103,105,74,188,144,9,142,117,167,61,45,138,41,49,78,128,42,57,197,8,16,126,143,160,91,1,33,124,180,196,36,46,140,92,82,23,189,81,0,85,22,26,176,193,109,20,170,95,38,139,63,118,48,194,31,198,174,184,35,67,32,72,163,25,51,50,190,125,11,113,156,71,165,65,37,94,173,18,131,110,101,59,80,100,30,134,148,195,97,58,175,151,7,191,181,68,123,6,137,158,54,52,119,187,39,107,55,14,13,172,12,89,75,149,15,135,53,44,69,159,164,90,28,155,73,99,106,136,115,152,2,161,102,86,133,76,122,116,104,17,145,56,21,108,192,40,169,182,29,154,60,177,27,43,127,96,171,141,98,114,64,79,179,47,88,5,186,199,83,153,166,24,150,10,185,62,120,3,168,183,162,146];False
2039;7221;9260;[34,4,129,70,19,87,121,178,111,132,130,84,77,112,93,147,66,157,103,105,74,188,144,9,142,117,167,61,45,138,41,49,78,128,42,57,197,8,16,126,143,160,91,1,33,124,180,196,36,46,140,92,82,23,189,81,0,85,22,26,176,193,109,20,170,95,38,139,63,118,48,194,31,198,174,184,35,67,32,72,163,25,51,50,190,125,11,113,156,71,165,65,37,94,173,18,131,110,101,59,80,100,30,134,148,195,97,58,175,151,7,191,181,68,123,6,137,158,54,52,119,187,39,107,55,14,13,172,12,89,75,149,15,135,53,183,69,159,164,90,28,155,73,99,106,136,115,152,2,161,102,86,133,76,122,116,104,17,145,56,162,108,192,40,169,182,29,154,60,177,27,43,127,96,171,141,98,114,64,79,179,47,88,5,186,199,83,153,166,24,150,10,185,62,120,3,168,44,21,146];False
1880;7350;9230;[144,118,129,162,22,87,121,178,111,132,130,84,77,112,34,147,66,157,103,105,74,188,93,184,142,117,167,61,45,138,41,49,78,128,42,57,197,8,16,126,35,160,91,1,33,124,180,196,36,46,140,92,82,23,189,81,0,85,19,26,176,193,109,20,170,95,38,139,146,4,70,194,31,198,174,9,143,67,32,72,163,25,51,50,190,125,11,113,156,71,165,65,37,94,173,18,131,110,101,59,80,100,30,134,148,195,97,58,175,151,7,191,181,68,123,6,137,158,54,52,119,187,39,107,55,14,13,172,12,89,75,149,15,135,53,183,69,159,164,90,28,155,73,99,106,136,115,152,2,161,102,86,133,76,122,116,104,17,145,56,21,108,192,40,169,182,29,154,60,177,27,43,127,96,171,141,98,114,64,79,179,47,88,5,186,199,83,153,166,24,150,10,185,62,120,3,168,44,48,63];False
1883;7341;9224;[144,118,129,162,19,87,121,178,111,132,130,84,77,112,34,147,66,157,103,105,74,188,93,184,142,117,167,61,45,138,41,49,78,128,42,57,197,8,16,126,35,160,91,1,33,124,180,196,36,46,140,92,82,23,189,81,0,85,22,26,176,193,109,20,170,95,38,139,146,4,70,194,31,198,174,9,143,67,32,72,163,25,51,50,190,125,11,113,156,71,165,65,37,94,173,18,131,110,101,59,80,100,30,134,148,195,97,58,151,175,7,191,181,68,123,6,137,158,54,52,119,187,39,107,55,14,13,172,12,89,75,149,15,135,53,183,69,159,164,90,28,155,73,99,106,136,115,152,2,161,102,86,133,76,122,116,104,17,145,56,21,108,192,40,169,182,29,154,60,177,27,43,127,96,171,141,98,114,64,79,179,47,88,5,186,199,83,153,166,24,150,10,185,62,120,3,168,44,48,63];False
1865;7385;9250;[144,118,129,162,19,87,121,178,111,132,130,84,77,112,34,147,66,157,103,105,74,188,93,184,142,117,167,61,45,138,41,49,78,128,42,57,197,8,16,126,35,160,91,1,33,124,180,196,36,46,140,92,82,23,189,81,0,85,22,26,176,193,109,20,170,95,38,139,146,4,70,194,31,198,174,9,143,67,32,72,163,25,51,50,190,125,11,113,156,71,165,65,37,94,173,18,131,110,101,59,80,100,30,134,148,195,97,58,175,151,7,191,181,68,123,6,137,158,54,52,119,187,39,107,55,14,13,172,12,89,75,149,15,108,53,183,69,159,164,90,28,155,73,99,106,136,115,152,2,161,102,86,133,76,122,116,104,17,145,56,21,135,192,40,169,182,29,154,60,177,27,43,127,96,171,141,98,114,64,79,179,47,88,5,186,199,83,153,166,24,150,10,185,62,120,3,168,44,48,63];False
1869;7381;9250;[144,118,129,162,19,87,121,178,111,132,130,84,77,112,34,147,66,157,103,105,74,188,93,184,142,117,167,61,45,138,41,49,78,128,42,57,197,8,16,126,35,160,91,1,33,124,180,196,36,46,140,92,82,23,189,81,0,85,22,26,176,193,109,20,170,95,38,139,146,4,70,194,31,198,174,9,143,67,32,72,163,25,51,50,190,125,11,113,156,71,165,65,37,94,173,18,131,110,101,59,80,100,30,134,148,195,97,58,175,151,7,191,181,68,123,6,137,158,54,52,119,187,39,107,55,14,13,172,12,89,75,149,15,135,53,183,69,159,164,90,28,155,73,99,106,136,115,152,2,161,102,86,133,153,122,116,104,17,145,56,21,108,192,40,169,182,29,154,60,177,27,43,127,96,171,141,98,114,64,79,179,47,88,5,186,199,83,76,166,24,150,10,185,62,120,3,168,44,48,63];False
1842;7419;9261;[144,118,129,162,19,87,121,178,111,132,130,84,77,112,34,147,66,157,103,105,74,188,93,184,142,117,167,61,45,138,41,49,78,128,42,57,197,8,16,126,35,160,91,1,33,124,180,196,36,46,140,92,82,23,189,81,0,85,22,26,176,193,109,20,170,95,38,139,146,4,70,194,31,198,174,9,143,67,32,72,163,25,51,50,190,125,11,113,156,71,165,65,37,94,173,18,131,110,101,59,80,100,30,134,148,195,97,58,175,151,7,191,181,68,123,6,137,158,54,52,119,187,39,107,55,14,13,172,12,89,75,149,15,135,53,183,69,159,164,90,28,155,73,99,106,136,115,152,2,161,102,86,133,76,122,116,104,17,145,56,21,108,192,40,169,127,29,154,60,177,27,43,182,96,171,141,98,114,64,79,179,47,88,5,186,199,83,153,166,24,150,10,185,62,120,3,168,44,48,63];False
1881;7343;9224;[136,118,129,162,19,87,121,178,111,132,130,84,67,112,34,147,66,157,103,105,74,188,144,9,142,117,167,61,45,138,41,49,78,128,42,57,197,8,16,126,143,160,91,1,33,124,180,196,36,46,140,92,82,77,189,23,0,85,22,26,176,193,109,20,170,95,38,139,146,4,70,194,31,198,174,184,35,81,32,72,163,25,51,50,190,125,11,113,156,71,165,65,37,94,173,18,131,110,101,59,80,100,30,134,148,195,97,58,175,151,7,191,181,68,123,6,137,158,54,52,119,187,39,107,55,14,13,172,12,89,75,149,15,135,53,183,69,159,164,90,28,155,73,99,106,93,115,152,2,161,102,86,133,76,122,116,104,17,145,56,21,108,192,40,169,182,29,154,60,177,27,43,127,96,171,141,98,114,64,79,179,47,88,5,186,199,83,153,166,24,150,10,185,62,120,3,168,44,48,63];False
1892;7336;9228;[93,118,129,162,22,87,121,178,111,132,130,84,67,112,34,147,66,157,103,105,74,188,144,9,142,117,167,61,45,138,41,49,78,128,42,57,197,8,16,126,143,160,91,1,33,124,180,196,36,46,140,92,82,77,189,23,0,85,19,26,176,193,109,20,170,95,38,139,146,4,70,194,31,198,174,184,35,81,32,72,163,25,51,50,190,125,11,113,156,71,165,65,37,94,173,18,131,110,101,59,80,100,30,134,148,195,97,58,175,151,7,191,181,68,123,6,137,158,54,52,119,187,39,107,55,14,13,172,12,89,75,149,15,135,53,183,69,159,164,90,28,155,73,99,106,136,115,152,2,161,102,86,133,76,122,116,104,17,145,56,21,108,192,40,169,182,29,154,60,177,27,43,127,96,171,141,98,114,64,79,179,47,88,5,186,199,83,153,166,24,150,10,185,62,120,3,168,44,48,63];False
1894;7335;9229;[93,118,129,162,19,87,121,178,127,132,130,84,67,112,34,147,66,157,103,105,74,188,144,9,142,117,167,61,45,138,41,49,78,128,42,57,197,8,16,126,143,160,91,1,33,124,180,196,36,46,140,92,82,77,189,23,0,85,22,26,176,193,109,20,170,95,38,139,146,4,70,194,31,198,174,184,35,81,32,72,163,25,51,50,190,125,11,113,156,71,165,65,37,94,173,18,131,110,101,59,80,100,30,134,148,195,97,58,175,151,7,191,181,68,123,6,137,158,54,52,119,187,39,107,55,14,13,172,12,89,75,149,15,135,53,183,69,159,164,90,28,155,73,99,106,136,115,152,2,161,102,86,133,76,122,116,104,17,145,56,21,108,192,40,169,182,29,154,60,177,27,43,111,96,171,141,98,114,64,79,179,47,88,5,186,199,83,153,166,24,150,10,185,62,120,3,168,44,48,63];False
1867;7365;9232;[93,118,129,162,19,87,121,178,111,132,130,84,67,112,34,147,66,157,103,105,74,188,144,9,142,117,167,61,45,138,41,49,78,128,42,57,197,8,16,126,143,160,91,1,33,124,180,196,36,46,140,92,82,77,189,23,0,85,22,26,176,193,109,20,170,95,38,139,146,4,70,194,31,198,174,184,35,25,32,72,163,81,51,50,190,125,11,113,156,71,165,65,37,94,173,18,131,110,101,59,80,100,30,134,148,195,97,58,175,151,7,191,181,68,123,6,137,158,54,52,119,187,39,107,55,14,13,172,12,89,75,149,15,135,53,183,69,159,164,90,28,155,73,99,106,136,115,152,2,161,102,86,133,76,122,116,104,17,145,56,21,108,192,40,169,182,29,154,60,177,27,43,127,96,171,141,98,114,64,79,179,47,88,5,186,199,83,153,166,24,150,10,185,62,120,3,168,44,48,63];False
1895;7320;9215;[93,118,129,162,19,87,121,178,111,132,130,84,67,112,34,147,66,157,103,105,74,188,144,9,142,117,167,61,45,138,41,49,78,128,42,57,197,8,16,126,143,160,91,1,33,124,180,196,36,46,140,92,82,77,189,23,0,85,22,26,176,193,109,20,170,95,38,139,146,4,70,194,31,198,174,184,35,83,32,72,163,25,51,50,190,125,11,113,156,71,165,65,37,94,173,18,131,110,101,59,80,100,30,134,148,195,97,58,175,151,7,191,181,68,123,6,137,158,54,52,119,187,39,107,55,14,13,172,12,89,75,149,15,135,53,183,69,159,164,90,28,155,73,99,106,136,115,152,2,161,102,86,133,76,122,116,104,17,145,56,21,108,192,40,169,182,29,154,60,177,27,43,127,96,171,141,98,114,64,79,179,47,88,5,186,199,81,153,166,24,150,10,185,62,120,3,168,44,48,63];False
1891;7337;9228;[71,118,129,162,19,87,121,178,111,132,130,84,67,112,93,147,66,157,103,105,74,188,144,9,142,117,167,61,45,138,41,49,78,128,42,57,197,8,16,126,143,160,91,1,33,124,180,196,36,46,140,92,82,77,189,23,0,85,22,26,176,193,109,20,170,95,38,139,146,4,70,194,31,198,174,184,35,25,32,72,163,81,51,50,190,125,11,113,156,34,165,65,37,94,173,18,131,110,101,59,80,100,30,134,148,195,97,58,175,151,7,191,181,68,123,6,137,158,54,52,119,187,39,107,55,14,13,172,12,89,75,149,15,135,53,183,69,159,164,90,28,155,73,99,106,136,115,152,2,161,102,86,133,76,122,116,104,17,145,56,21,108,192,40,169,182,29,154,60,177,27,43,127,96,171,141,98,114,64,79,179,47,88,5,186,199,83,153,166,24,150,10,185,62,120,3,168,44,48,63];False
1886;7331;9217;[34,123,129,162,19,87,121,178,111,132,130,84,67,112,93,147,66,157,103,105,74,188,144,9,142,117,167,61,45,138,41,49,78,128,42,57,197,8,16,126,143,160,91,1,33,124,180,196,36,46,140,92,82,77,189,23,0,85,22,26,176,193,109,20,170,95,38,139,146,4,70,194,31,198,174,184,35,25,32,72,163,81,51,50,190,125,11,113,156,71,165,65,37,94,173,18,131,110,101,59,80,100,30,134,148,195,97,58,175,151,7,191,181,68,118,6,137,158,54,52,119,187,39,107,55,14,13,172,12,89,75,149,15,135,53,183,69,159,164,90,28,155,73,99,106,136,115,152,2,161,102,86,133,76,122,116,104,17,145,56,21,108,192,40,169,182,29,154,60,177,27,43,127,96,171,141,98,114,64,79,179,47,88,5,186,199,83,153,166,24,150,10,185,62,120,3,168,44,48,63];False
1900;7313;9213;[34,118,129,162,22,87,121,178,111,132,130,84,67,112,93,147,66,157,103,105,74,188,144,9,142,117,167,61,45,138,41,49,78,128,42,57,197,8,16,126,143,160,91,1,33,124,180,196,36,46,140,92,82,77,189,23,0,85,19,26,176,193,109,20,170,95,38,139,146,4,70,194,31,198,174,184,35,25,32,72,163,81,51,50,190,125,11,113,156,71,165,65,37,94,173,18,131,110,101,59,80,100,30,134,148,195,97,58,175,151,7,191,181,68,123,6,137,158,54,52,119,187,39,107,55,14,13,172,12,89,75,149,15,135,53,183,69,159,164,90,28,155,73,99,106,136,115,152,2,161,102,86,133,76,122,116,104,17,145,56,21,108,192,40,169,182,29,154,60,177,27,43,127,96,171,141,98,114,64,79,179,47,88,5,186,199,83,153,166,24,150,10,185,62,120,3,168,44,48,63];False
1902;7312;9214;[34,118,129,162,19,87,121,178,127,132,130,84,67,112,93,147,66,157,103,105,74,188,144,9,142,117,167,61,45,138,41,49,78,128,42,57,197,8,16,126,143,160,91,1,33,124,180,196,36,46,140,92,82,77,189,23,0,85,22,26,176,193,109,20,170,95,38,139,146,4,70,194,31,198,174,184,35,25,32,72,163,81,51,50,190,125,11,113,156,71,165,65,37,94,173,18,131,110,101,59,80,100,30,134,148,195,97,58,175,151,7,191,181,68,123,6,137,158,54,52,119,187,39,107,55,14,13,172,12,89,75,149,15,135,53,183,69,159,164,90,28,155,73,99,106,136,115,152,2,161,102,86,133,76,122,116,104,17,145,56,21,108,192,40,169,182,29,154,60,177,27,43,111,96,171,141,98,114,64,79,179,47,88,5,186,199,83,153,166,24,150,10,185,62,120,3,168,44,48,63];False
1877;7362;9239;[34,118,129,162,19,87,121,178,111,132,130,84,67,112,93,147,66,157,103,105,74,188,144,9,24,117,167,61,45,138,41,49,78,128,42,57,197,8,16,126,143,160,91,1,33,124,180,196,36,46,140,92,82,77,189,23,0,85,22,26,176,193,109,20,170,95,38,139,146,4,70,194,31,198,174,184,35,25,32,72,163,81,51,50,190,125,11,113,156,71,165,65,37,94,173,18,131,110,101,59,80,100,30,134,148,195,97,58,175,151,7,191,181,68,123,6,137,158,54,52,119,187,39,107,55,14,13,172,12,89,75,149,15,135,53,183,69,159,164,90,28,155,73,99,106,136,115,152,2,161,102,86,133,76,122,116,104,17,145,56,21,108,192,40,169,182,29,154,60,177,27,43,127,96,171,141,98,114,64,79,179,47,88,5,186,199,83,153,166,142,150,10,185,62,120,3,168,44,48,63];False
1903;7304;9207;[34,118,129,162,19,87,121,178,111,132,130,84,67,112,93,147,66,157,103,105,74,188,144,9,142,117,167,61,45,138,41,49,78,128,42,57,197,8,16,126,143,160,91,1,33,124,180,196,36,46,140,92,82,77,189,23,0,85,22,26,176,193,109,20,170,95,38,139,146,4,70,194,31,198,174,184,35,25,32,72,163,81,51,50,190,125,11,113,156,71,165,65,37,94,173,18,131,110,101,59,80,100,30,134,148,195,97,58,151,175,7,191,181,68,123,6,137,158,54,52,119,187,39,107,55,14,13,172,12,89,75,149,15,135,53,183,69,159,164,90,28,155,73,99,106,136,115,152,2,161,102,86,133,76,122,116,104,17,145,56,21,108,192,40,169,182,29,154,60,177,27,43,127,96,171,141,98,114,64,79,179,47,88,5,186,199,83,153,166,24,150,10,185,62,120,3,168,44,48,63];False
1862;7382;9244;[34,118,129,162,19,87,121,178,111,132,130,84,67,112,93,147,66,157,103,105,74,188,144,9,142,117,167,61,45,138,41,49,78,128,42,57,197,8,16,126,143,160,91,1,33,124,180,196,36,46,140,92,82,77,189,23,0,85,22,26,176,193,109,20,170,95,38,139,146,4,70,194,31,198,174,184,35,25,32,72,163,81,51,50,190,125,11,113,156,71,165,65,37,94,173,18,131,110,101,59,80,100,30,134,148,195,97,58,175,151,7,191,181,68,123,6,137,158,54,52,119,187,39,107,55,14,13,172,12,89,75,149,15,135,53,183,69,159,164,90,28,155,73,99,106,136,115,152,2,161,102,86,133,76,122,116,104,17,145,56,21,108,192,40,169,127,29,154,60,177,27,43,182,96,171,141,98,114,64,79,179,47,88,5,186,199,83,153,166,24,150,10,185,62,120,3,168,44,48,63];False
1928;7268;9196;[34,118,129,162,22,87,121,178,111,132,130,84,67,112,93,147,66,157,103,105,74,188,144,9,142,117,167,61,45,138,41,49,78,128,42,57,197,8,16,126,143,160,91,1,33,124,180,196,36,46,140,92,82,77,189,23,0,85,19,26,176,193,109,20,170,95,38,139,146,4,70,194,31,198,174,184,35,83,32,72,163,25,51,50,190,125,11,113,156,71,165,65,37,94,173,18,131,110,101,59,80,100,30,134,148,195,97,58,175,151,7,191,181,68,123,6,137,158,54,52,119,187,39,107,55,14,13,172,12,89,75,149,15,135,53,183,69,159,164,90,28,155,73,99,106,136,115,152,2,161,102,86,133,76,122,116,104,17,145,56,21,108,192,40,169,182,29,154,60,177,27,43,127,96,171,141,98,114,64,79,179,47,88,5,186,199,81,153,166,24,150,10,185,62,120,3,168,44,48,63];True
1954;7256;9210;[34,118,129,162,19,87,121,178,102,132,130,84,67,112,93,147,66,157,103,105,74,188,144,9,142,117,167,61,45,138,41,49,78,128,42,57,197,8,16,126,143,160,91,1,33,124,180,196,36,46,140,92,82,77,189,23,0,85,22,26,176,193,109,20,170,95,38,139,146,4,70,194,31,198,174,184,35,83,32,72,163,25,51,50,190,125,11,113,156,71,165,65,37,94,173,18,131,110,101,59,80,100,30,134,148,195,97,58,175,151,7,191,181,68,123,6,137,158,54,52,119,187,39,107,55,14,13,172,12,89,75,149,15,135,53,183,69,159,164,90,28,155,73,99,106,136,115,152,2,161,111,86,133,76,122,116,104,17,145,56,21,108,192,40,169,182,29,154,60,177,27,43,127,96,171,141,98,114,64,79,179,47,88,5,186,199,81,153,166,24,150,10,185,62,120,3,168,44,48,63];False
1930;7267;9197;[34,118,129,162,19,87,121,178,127,132,130,84,67,112,93,147,66,157,103,105,74,188,144,9,142,117,167,61,45,138,41,49,78,128,42,57,197,8,16,126,143,160,91,1,33,124,180,196,36,46,140,92,82,77,189,23,0,85,22,26,176,193,109,20,170,95,38,139,146,4,70,194,31,198,174,184,35,83,32,72,163,25,51,50,190,125,11,113,156,71,165,65,37,94,173,18,131,110,101,59,80,100,30,134,148,195,97,58,175,151,7,191,181,68,123,6,137,158,54,52,119,187,39,107,55,14,13,172,12,89,75,149,15,135,53,183,69,159,164,90,28,155,73,99,106,136,115,152,2,161,102,86,133,76,122,116,104,17,145,56,21,108,192,40,169,182,29,154,60,177,27,43,111,96,171,141,98,114,64,79,179,47,88,5,186,199,81,153,166,24,150,10,185,62,120,3,168,44,48,63];False
1929;7267;9196;[34,118,129,162,19,87,121,178,111,132,130,84,67,112,93,147,66,157,103,105,74,188,144,9,142,117,167,61,45,138,41,49,83,128,42,57,197,8,16,126,143,160,91,1,33,124,180,196,36,46,140,92,82,77,189,23,0,85,22,26,176,193,109,20,170,95,38,139,146,4,70,194,31,198,174,184,35,78,32,72,163,25,51,50,190,125,11,113,156,71,165,65,37,94,173,18,131,110,101,59,80,100,30,134,148,195,97,58,175,151,7,191,181,68,123,6,137,158,54,52,119,187,39,107,55,14,13,172,12,89,75,149,15,135,53,183,69,159,164,90,28,155,73,99,106,136,115,152,2,161,102,86,133,76,122,116,104,17,145,56,21,108,192,40,169,182,29,154,60,177,27,43,127,96,171,141,98,114,64,79,179,47,88,5,186,199,81,153,166,24,150,10,185,62,120,3,168,44,48,63];True
1931;7259;9190;[34,118,129,162,19,87,121,178,111,132,130,84,67,112,93,147,66,157,103,105,74,188,144,9,142,117,167,61,45,138,41,49,78,128,42,57,197,8,16,126,143,160,91,1,33,124,180,196,36,46,140,92,82,77,189,23,0,85,22,26,176,193,109,20,170,95,38,139,146,4,70,194,31,198,174,184,35,83,32,72,163,25,51,50,190,125,11,113,156,71,165,65,37,94,173,18,131,110,101,59,80,100,30,134,148,195,97,58,151,175,7,191,181,68,123,6,137,158,54,52,119,187,39,107,55,14,13,172,12,89,75,149,15,135,53,183,69,159,164,90,28,155,73,99,106,136,115,152,2,161,102,86,133,76,122,116,104,17,145,56,21,108,192,40,169,182,29,154,60,177,27,43,127,96,171,141,98,114,64,79,179,47,88,5,186,199,81,153,166,24,150,10,185,62,120,3,168,44,48,63];True
1877;7360;9237;[144,118,129,162,22,87,121,178,127,132,130,84,77,112,34,147,66,157,103,105,74,188,93,184,142,117,167,61,45,138,41,49,78,128,42,57,197,8,16,126,35,160,91,1,33,124,180,196,36,46,140,92,82,23,189,81,0,85,19,26,176,193,109,20,170,95,38,139,146,4,70,194,31,198,174,9,143,67,32,72,163,25,51,50,190,125,11,113,156,71,165,65,37,94,173,18,131,110,101,59,80,100,30,134,148,195,97,58,151,175,7,191,181,68,123,6,137,158,54,52,119,187,39,107,55,14,13,172,12,89,75,149,15,135,53,183,69,159,164,90,28,155,73,99,106,136,115,152,2,161,102,86,133,76,122,116,104,17,145,56,21,108,192,40,169,182,29,154,60,177,27,43,111,96,171,141,98,114,64,79,179,47,88,5,186,199,83,153,166,24,150,10,185,62,120,3,168,44,48,63];False
1846;7407;9253;[144,118,129,162,22,87,121,178,127,132,130,84,77,112,34,147,66,157,103,105,74,188,93,184,142,117,167,61,45,138,41,49,78,128,42,57,197,8,16,126,35,160,91,1,33,124,180,196,36,46,140,92,82,23,189,81,0,85,19,26,176,193,109,20,170,95,38,139,146,4,70,194,31,198,174,9,143,67,32,72,163,25,51,50,190,125,11,113,156,71,165,65,37,94,173,18,131,110,101,59,80,100,30,134,148,195,97,58,175,151,7,191,181,68,123,6,137,158,54,52,119,187,39,107,55,14,13,172,12,89,75,149,15,135,53,183,69,159,164,90,28,155,73,99,106,136,115,152,2,161,102,86,133,76,122,43,104,17,145,56,21,108,192,40,169,182,29,154,60,177,27,116,111,96,171,141,98,114,64,79,179,47,88,5,186,199,83,153,166,24,150,10,185,62,120,3,168,44,48,63];False
1845;7418;9263;[144,118,129,162,19,87,121,178,127,132,130,84,77,112,34,147,66,157,103,105,74,188,93,184,142,117,167,61,45,138,41,49,78,128,42,57,197,8,16,126,35,160,91,1,33,124,180,196,36,46,140,92,82,23,189,81,0,85,22,26,176,193,109,20,170,95,38,139,146,4,70,194,31,198,174,9,143,67,32,72,163,25,51,50,190,125,11,113,156,71,165,65,37,94,173,18,131,110,101,59,80,100,30,134,148,195,97,137,175,151,7,191,181,68,123,6,58,158,54,52,119,187,39,107,55,14,13,172,12,89,75,149,15,135,53,183,69,159,164,90,28,155,73,99,106,136,115,152,2,161,102,86,133,76,122,43,104,17,145,56,21,108,192,40,169,182,29,154,60,177,27,116,111,96,171,141,98,114,64,79,179,47,88,5,186,199,83,153,166,24,150,10,185,62,120,3,168,44,48,63];False
1849;7398;9247;[144,118,129,162,19,87,121,178,127,132,130,84,77,112,34,147,66,157,103,105,74,188,93,184,142,117,167,61,45,138,41,49,78,128,42,57,197,8,16,126,35,160,91,1,33,124,180,196,36,46,140,92,82,23,189,81,0,85,22,26,176,193,109,20,170,95,38,139,146,4,70,194,31,198,174,9,143,67,32,72,163,25,51,50,190,125,11,113,156,71,165,65,37,94,173,18,131,110,101,59,80,100,30,134,148,195,97,58,151,175,7,191,181,68,123,6,137,158,54,52,119,187,39,107,55,14,13,172,12,89,75,149,15,135,53,183,69,159,164,90,28,155,73,99,106,136,115,152,2,161,102,86,133,76,122,43,104,17,145,56,21,108,192,40,169,182,29,154,60,177,27,116,111,96,171,141,98,114,64,79,179,47,88,5,186,199,83,153,166,24,150,10,185,62,120,3,168,44,48,63];False
1831;7442;9273;[144,118,129,162,19,87,121,178,127,132,130,84,77,112,34,147,66,157,103,105,74,188,93,184,142,117,167,61,45,138,41,49,78,128,42,57,197,8,16,126,35,160,91,1,33,124,180,196,36,46,140,92,82,23,189,81,0,85,22,26,176,193,109,20,170,95,38,139,146,4,70,194,31,198,174,9,143,67,32,72,163,25,51,50,190,125,11,113,156,71,165,65,37,94,173,18,131,110,101,59,80,100,30,134,148,195,97,58,175,151,7,191,181,68,123,6,137,158,54,52,119,187,39,107,55,14,13,172,12,89,75,149,15,108,53,183,69,159,164,90,28,155,73,99,106,136,115,152,2,161,102,86,133,76,122,43,104,17,145,56,21,135,192,40,169,182,29,154,60,177,27,116,111,96,171,141,98,114,64,79,179,47,88,5,186,199,83,153,166,24,150,10,185,62,120,3,168,44,48,63];False
1835;7438;9273;[144,118,129,162,19,87,121,178,127,132,130,84,77,112,34,147,66,157,103,105,74,188,93,184,142,117,167,61,45,138,41,49,78,128,42,57,197,8,16,126,35,160,91,1,33,124,180,196,36,46,140,92,82,23,189,81,0,85,22,26,176,193,109,20,170,95,38,139,146,4,70,194,31,198,174,9,143,67,32,72,163,25,51,50,190,125,11,113,156,71,165,65,37,94,173,18,131,110,101,59,80,100,30,134,148,195,97,58,175,151,7,191,181,68,123,6,137,158,54,52,119,187,39,107,55,14,13,172,12,89,75,149,15,135,53,183,69,159,164,90,28,155,73,99,106,136,115,152,2,161,102,86,133,153,122,43,104,17,145,56,21,108,192,40,169,182,29,154,60,177,27,116,111,96,171,141,98,114,64,79,179,47,88,5,186,199,83,76,166,24,150,10,185,62,120,3,168,44,48,63];False
1801;7519;9320;[136,118,129,162,19,87,121,178,127,132,130,84,77,112,34,147,66,157,103,105,74,188,144,184,142,117,167,61,45,138,41,49,78,128,42,57,197,8,16,126,35,160,91,1,33,124,180,196,36,46,140,92,82,23,189,81,0,85,22,26,176,193,109,20,170,95,38,139,146,4,70,194,31,198,174,9,143,67,32,72,163,25,51,50,190,125,11,113,156,71,165,65,37,94,173,18,131,149,101,59,80,100,30,134,148,195,97,58,175,151,7,191,181,68,123,6,137,158,54,52,119,187,39,107,55,14,13,172,12,89,75,110,15,108,53,183,69,159,164,90,28,155,73,99,106,93,115,152,2,161,102,86,133,76,122,43,104,17,145,56,21,135,192,40,169,182,29,154,60,177,27,116,111,96,171,141,98,114,64,79,179,47,88,5,186,199,83,153,166,24,150,10,185,62,120,3,168,44,48,63];False
1828;7457;9285;[136,118,129,162,19,87,121,178,127,132,130,84,77,112,34,147,66,157,103,105,74,188,144,184,142,117,167,61,45,138,41,49,78,128,42,57,197,8,16,126,35,160,91,1,33,124,180,196,36,46,140,92,82,23,189,81,0,85,22,26,176,193,109,20,170,95,38,139,146,4,70,194,31,198,174,9,143,67,32,72,163,25,51,50,190,125,11,113,156,71,165,65,37,94,173,18,131,110,101,59,80,100,30,134,148,195,97,58,151,175,7,191,181,68,123,6,137,158,54,52,119,187,39,107,55,14,13,172,12,89,75,149,15,108,53,183,69,159,164,90,28,155,73,99,106,93,115,152,2,161,102,86,133,76,122,43,104,17,145,56,21,135,192,40,169,182,29,154,60,177,27,116,111,96,171,141,98,114,64,79,179,47,88,5,186,199,83,153,166,24,150,10,185,62,120,3,168,44,48,63];False
1814;7497;9311;[136,118,129,162,19,87,121,178,127,132,130,84,77,112,34,147,66,157,103,105,74,188,144,184,142,117,167,61,45,138,41,49,78,128,42,57,197,8,16,126,35,160,91,1,33,124,180,196,36,46,140,92,82,23,189,81,0,85,22,26,176,193,109,20,170,95,38,139,146,4,70,194,31,198,174,9,143,67,32,72,163,25,51,50,190,125,11,113,156,71,165,65,37,94,173,18,131,110,101,59,80,100,30,134,148,195,97,58,175,151,7,191,181,68,123,6,137,158,54,52,119,187,39,107,55,14,13,172,12,89,75,149,15,108,53,183,69,159,164,90,28,155,73,99,106,93,115,152,2,161,102,86,133,153,122,43,104,17,145,56,21,135,192,40,169,182,29,154,60,177,27,116,111,96,171,141,98,114,64,79,179,47,88,5,186,199,83,76,166,24,150,10,185,62,120,3,168,44,48,63];False
1811;7497;9308;[136,118,129,162,22,87,121,178,127,132,130,84,77,112,34,147,66,157,103,105,74,188,144,9,24,117,167,61,45,138,41,49,78,128,42,57,197,8,16,126,35,160,91,1,33,124,180,196,36,46,140,92,82,23,189,81,0,85,19,26,176,193,109,20,170,166,38,139,146,4,70,194,31,198,174,184,143,67,32,72,163,25,51,50,190,125,11,113,156,71,165,65,37,94,173,18,131,110,101,59,80,100,30,134,148,195,97,58,175,151,7,191,181,68,123,6,137,158,54,52,119,187,39,107,55,14,13,172,12,89,75,149,15,135,53,183,69,159,164,90,28,155,73,99,106,93,115,152,2,161,102,86,133,76,122,43,104,17,145,56,21,108,192,40,169,182,29,154,60,177,27,116,111,96,171,141,98,114,64,79,179,47,88,5,186,199,83,153,95,142,150,10,185,62,120,3,168,44,48,63];False
1787;7550;9337;[136,118,129,162,19,87,121,178,127,132,130,84,77,112,34,147,66,157,103,105,74,188,144,9,24,117,167,61,45,138,41,49,78,128,42,57,197,8,16,126,35,160,91,1,33,124,180,196,36,46,140,92,82,23,189,81,0,85,22,26,176,193,109,20,170,166,38,139,146,4,70,194,31,198,174,184,143,67,32,72,163,25,51,50,190,125,11,113,156,71,165,65,37,94,173,18,131,149,101,59,80,100,30,134,148,195,97,58,175,151,7,191,181,68,123,6,137,158,54,52,119,187,39,107,55,14,13,172,12,89,75,110,15,135,53,183,69,159,164,90,28,155,73,99,106,93,115,152,2,161,102,86,133,76,122,43,104,17,145,56,21,108,192,40,169,182,29,154,60,177,27,116,111,96,171,141,98,114,64,79,179,47,88,5,186,199,83,153,95,142,150,10,185,62,120,3,168,44,48,63];False
1810;7508;9318;[136,118,129,162,19,87,121,178,127,132,130,84,77,112,34,147,66,157,103,105,74,188,144,9,24,117,167,61,45,138,41,49,78,128,42,57,197,8,16,126,35,160,91,1,33,124,180,196,36,46,140,92,82,23,189,81,0,85,22,26,176,193,109,20,170,166,38,139,146,4,70,194,31,198,174,184,143,67,32,72,163,25,51,50,190,125,11,113,156,71,165,65,37,94,173,18,131,110,101,59,80,100,30,134,148,195,97,137,175,151,7,191,181,68,123,6,58,158,54,52,119,187,39,107,55,14,13,172,12,89,75,149,15,135,53,183,69,159,164,90,28,155,73,99,106,93,115,152,2,161,102,86,133,76,122,43,104,17,145,56,21,108,192,40,169,182,29,154,60,177,27,116,111,96,171,141,98,114,64,79,179,47,88,5,186,199,83,153,95,142,150,10,185,62,120,3,168,44,48,63];False
1814;7488;9302;[136,118,129,162,19,87,121,178,127,132,130,84,77,112,34,147,66,157,103,105,74,188,144,9,24,117,167,61,45,138,41,49,78,128,42,57,197,8,16,126,35,160,91,1,33,124,180,196,36,46,140,92,82,23,189,81,0,85,22,26,176,193,109,20,170,166,38,139,146,4,70,194,31,198,174,184,143,67,32,72,163,25,51,50,190,125,11,113,156,71,165,65,37,94,173,18,131,110,101,59,80,100,30,134,148,195,97,58,151,175,7,191,181,68,123,6,137,158,54,52,119,187,39,107,55,14,13,172,12,89,75,149,15,135,53,183,69,159,164,90,28,155,73,99,106,93,115,152,2,161,102,86,133,76,122,43,104,17,145,56,21,108,192,40,169,182,29,154,60,177,27,116,111,96,171,141,98,114,64,79,179,47,88,5,186,199,83,153,95,142,150,10,185,62,120,3,168,44,48,63];False
1805;7496;9301;[136,118,129,162,19,87,121,178,127,132,130,84,77,112,34,147,66,157,103,105,74,188,144,9,24,117,167,61,45,138,41,49,78,128,42,57,197,8,16,126,35,160,91,1,33,124,180,196,36,46,140,92,82,23,189,81,0,85,22,26,176,193,109,20,170,166,38,139,146,4,70,194,31,198,174,184,143,67,32,72,163,25,51,50,190,125,11,113,156,71,165,65,37,94,173,18,131,110,101,59,80,100,30,134,148,195,97,58,175,151,7,191,181,68,123,6,137,158,54,52,95,187,39,107,55,14,13,172,12,89,75,149,15,135,53,183,69,159,164,90,28,155,73,99,106,93,115,152,2,161,102,86,133,76,122,43,104,17,145,56,21,108,192,40,169,182,29,154,60,177,27,116,111,96,171,141,98,114,64,79,179,47,88,5,186,199,83,153,119,142,150,10,185,62,120,3,168,44,48,63];False
1809;7477;9286;[136,118,129,162,19,87,121,178,127,132,130,84,77,112,34,147,66,157,103,105,74,188,144,9,24,117,167,61,45,138,41,49,78,128,42,57,197,8,16,126,35,160,91,1,33,124,180,196,36,46,140,92,82,23,189,81,0,85,22,26,176,193,109,20,170,166,38,139,146,4,70,194,31,198,174,184,143,67,32,72,163,25,51,50,190,125,11,113,156,71,165,65,37,94,173,18,131,110,101,59,80,100,30,134,148,195,97,58,175,151,7,191,181,68,123,6,137,158,54,52,119,95,39,107,55,14,13,172,12,89,75,149,15,135,53,183,69,159,164,90,28,155,73,99,106,93,115,152,2,161,102,86,133,76,122,43,104,17,145,56,21,108,192,40,169,182,29,154,60,177,27,116,111,96,171,141,98,114,64,79,179,47,88,5,186,199,83,153,187,142,150,10,185,62,120,3,168,44,48,63];False
1816;7470;9286;[136,118,129,162,22,87,121,178,127,132,130,84,77,112,34,147,66,157,103,105,74,188,144,9,24,117,167,61,45,138,41,49,78,128,42,57,197,8,16,126,143,160,91,1,33,124,180,196,36,46,140,92,82,23,189,81,0,85,19,26,176,193,109,20,170,166,38,139,146,4,70,194,31,198,174,184,35,67,32,72,163,25,51,50,190,125,11,113,156,71,165,65,37,94,173,18,131,110,101,59,80,100,30,134,148,195,97,58,175,151,7,191,181,68,123,6,137,158,54,52,119,95,39,107,55,14,13,172,12,89,75,149,15,135,53,183,69,159,164,90,28,155,73,99,106,93,115,152,2,161,102,86,133,76,122,43,104,17,145,56,21,108,192,40,169,182,29,154,60,177,27,116,111,96,171,141,98,114,64,79,179,47,88,5,186,199,83,153,187,142,150,10,185,62,120,3,168,44,48,63];False
1792;7523;9315;[136,118,129,162,19,87,121,178,127,132,130,84,77,112,34,147,66,157,103,105,74,188,144,9,24,117,167,61,45,138,41,49,78,128,42,57,197,8,16,126,143,160,91,1,33,124,180,196,36,46,140,92,82,23,189,81,0,85,22,26,176,193,109,20,170,166,38,139,146,4,70,194,31,198,174,184,35,67,32,72,163,25,51,50,190,125,11,113,156,71,165,65,37,94,173,18,131,149,101,59,80,100,30,134,148,195,97,58,175,151,7,191,181,68,123,6,137,158,54,52,119,95,39,107,55,14,13,172,12,89,75,110,15,135,53,183,69,159,164,90,28,155,73,99,106,93,115,152,2,161,102,86,133,76,122,43,104,17,145,56,21,108,192,40,169,182,29,154,60,177,27,116,111,96,171,141,98,114,64,79,179,47,88,5,186,199,83,153,187,142,150,10,185,62,120,3,168,44,48,63];False
1787;7481;9268;[136,118,129,162,19,87,121,178,127,132,130,84,77,112,34,147,66,157,103,105,74,188,144,9,24,117,167,61,45,138,41,49,78,128,42,57,197,8,16,126,143,160,91,1,33,124,180,196,36,46,140,92,82,23,189,81,0,85,22,26,176,193,109,20,170,166,38,139,146,4,70,194,31,198,174,184,35,67,32,72,163,25,51,50,190,125,11,113,156,71,165,65,37,94,173,18,131,110,101,59,80,95,30,134,148,195,97,58,175,151,7,191,181,68,123,6,137,158,54,52,119,100,39,107,55,14,13,172,12,89,75,149,15,135,53,183,69,159,164,90,28,155,73,99,106,93,115,152,2,161,102,86,133,76,122,43,104,17,145,56,21,108,192,40,169,182,29,154,60,177,27,116,111,96,171,141,98,114,64,79,179,47,88,5,186,199,83,153,187,142,150,10,185,62,120,3,168,44,48,63];True
1819;7461;9280;[136,118,129,162,19,87,121,178,127,132,130,84,77,112,34,147,66,157,103,105,74,188,144,9,24,117,167,61,45,138,41,49,78,128,42,57,197,8,16,126,143,160,91,1,33,124,180,196,36,46,140,92,82,23,189,81,0,85,22,26,176,193,109,20,170,166,38,139,146,4,70,194,31,198,174,184,35,67,32,72,163,25,51,50,190,125,11,113,156,71,165,65,37,94,173,18,131,110,101,59,80,100,30,134,148,195,97,58,151,175,7,191,181,68,123,6,137,158,54,52,119,95,39,107,55,14,13,172,12,89,75,149,15,135,53,183,69,159,164,90,28,155,73,99,106,93,115,152,2,161,102,86,133,76,122,43,104,17,145,56,21,108,192,40,169,182,29,154,60,177,27,116,111,96,171,141,98,114,64,79,179,47,88,5,186,199,83,153,187,142,150,10,185,62,120,3,168,44,48,63];False
1818;7456;9274;[136,118,129,162,19,87,121,178,127,132,130,84,77,112,34,147,66,157,103,105,74,188,144,9,24,117,167,61,45,138,41,49,78,128,42,57,197,8,16,126,143,160,91,1,33,124,180,196,36,46,140,92,82,23,189,81,0,85,22,26,176,193,109,20,170,166,38,139,146,4,70,194,31,198,174,184,35,67,32,72,163,25,51,50,190,125,11,113,156,71,165,65,37,94,173,18,131,110,101,59,80,100,30,134,148,195,97,58,175,151,7,191,181,68,123,6,137,158,54,52,119,185,39,107,55,14,13,172,12,89,75,149,15,135,53,183,69,159,164,90,28,155,73,99,106,93,115,152,2,161,102,86,133,76,122,43,104,17,145,56,21,108,192,40,169,182,29,154,60,177,27,116,111,96,171,141,98,114,64,79,179,47,88,5,186,199,83,153,187,142,150,10,95,62,120,3,168,44,48,63];False
2062;7211;9273;[73,6,129,70,19,87,121,178,111,132,130,84,77,112,93,147,66,157,103,105,74,188,144,31,142,117,167,61,45,138,41,49,78,128,42,57,197,126,20,109,118,160,162,1,33,124,180,196,36,46,140,92,143,23,189,81,0,85,22,26,176,193,9,190,170,95,38,139,146,4,91,145,34,198,174,184,35,67,32,72,163,25,51,8,16,125,11,113,156,71,165,65,37,94,173,18,131,110,101,59,80,100,30,134,148,195,97,58,175,151,7,191,181,68,123,82,137,158,54,52,119,187,39,107,55,14,13,172,12,89,75,149,15,135,53,183,69,159,164,90,28,155,50,99,106,136,115,152,2,161,102,86,133,76,122,116,104,17,194,56,21,108,192,40,169,182,29,154,60,177,27,43,127,96,171,141,98,114,64,79,179,47,88,5,186,199,83,153,166,24,150,10,185,62,120,3,168,44,48,63];False
2105;7189;9294;[73,6,129,70,19,87,121,178,111,132,130,84,77,112,93,147,66,1,103,105,74,188,144,31,142,117,167,61,45,138,41,49,78,128,42,57,197,126,20,146,118,160,190,157,33,124,180,196,36,46,140,92,143,23,189,81,0,85,22,26,176,193,109,162,170,95,38,139,9,4,91,145,34,198,174,184,35,67,32,72,163,25,51,8,16,125,11,113,156,71,165,65,37,94,173,18,131,110,101,59,80,100,30,134,148,195,97,58,175,151,7,191,181,68,123,82,137,158,54,52,119,187,39,107,55,14,13,172,12,89,75,149,15,135,53,183,69,159,164,90,28,155,50,99,106,136,115,152,2,161,102,86,133,76,122,116,104,17,194,56,21,108,192,40,169,182,29,154,60,177,27,43,127,96,171,141,98,114,64,79,179,47,88,5,186,199,83,153,166,24,150,10,185,62,120,3,168,44,48,63];False
2104;7183;9287;[73,6,129,70,19,87,121,178,111,132,130,84,77,112,93,147,66,157,103,105,74,188,144,31,142,117,167,61,45,190,41,49,78,128,42,57,197,126,20,146,118,160,138,1,33,124,180,196,36,46,140,92,143,23,189,81,0,85,22,26,176,193,109,162,170,95,38,139,9,4,91,145,34,198,174,184,35,67,32,72,163,25,51,8,16,125,11,113,156,71,165,65,37,94,173,18,131,110,101,59,80,100,30,134,148,195,97,58,175,151,7,191,181,68,123,82,137,158,54,52,119,187,39,107,55,14,13,172,12,89,75,149,15,135,53,183,69,159,164,90,28,155,50,99,106,136,115,152,2,161,102,86,133,76,122,116,104,17,194,56,21,108,192,40,169,182,29,154,60,177,27,43,127,96,171,141,98,114,64,79,179,47,88,5,186,199,83,153,166,24,150,10,185,62,120,3,168,44,48,63];False
2096;7187;9283;[73,6,129,70,19,87,121,178,111,132,130,84,77,112,93,147,66,157,103,105,74,188,144,31,142,117,167,61,45,138,41,49,78,128,42,57,197,126,20,146,118,160,162,1,33,124,180,196,36,46,140,92,143,23,189,81,0,85,22,26,176,193,109,190,170,95,38,139,9,4,91,145,34,198,174,184,35,67,32,72,163,25,51,8,16,125,11,113,156,71,165,65,37,94,173,18,86,110,101,59,80,100,30,134,148,195,97,58,175,151,7,191,181,68,123,82,131,158,54,52,119,187,39,107,55,14,13,172,12,89,75,149,15,135,53,183,69,159,164,90,28,155,50,99,106,136,115,152,2,161,102,137,133,76,122,116,104,17,194,56,21,108,192,40,169,182,29,154,60,177,27,43,127,96,171,141,98,114,64,79,179,47,88,5,186,199,83,153,166,24,150,10,185,62,120,3,168,44,48,63];True
2065;7208;9273;[73,6,129,162,19,87,121,178,111,132,130,84,77,112,93,147,66,157,103,105,74,188,144,31,142,117,167,61,45,138,41,49,78,128,42,57,197,126,20,146,118,160,91,1,33,124,180,196,36,46,140,92,143,23,189,81,0,85,22,26,176,193,136,190,170,95,38,139,9,4,109,145,34,198,174,184,35,67,32,72,163,25,51,8,16,125,11,113,156,71,165,65,37,94,173,18,86,110,101,59,80,100,30,134,148,195,97,58,175,151,7,191,181,68,123,82,131,158,54,52,119,187,39,107,55,14,13,172,12,89,75,149,15,135,53,183,69,159,164,90,28,155,50,99,106,70,115,152,2,161,102,137,133,76,122,116,104,17,194,56,21,108,192,40,169,182,29,154,60,177,27,43,127,96,171,141,98,114,64,79,179,47,88,5,186,199,83,153,166,24,150,10,185,62,120,3,168,44,48,63];False
2127;7171;9298;[34,4,121,162,147,67,32,138,172,12,130,84,77,112,93,184,66,157,103,105,74,188,144,51,142,117,167,61,45,22,41,49,78,128,42,57,197,146,118,126,143,160,91,1,33,124,180,196,36,46,140,92,82,23,189,81,0,85,19,26,176,193,109,190,170,95,38,139,65,20,70,194,31,198,174,178,90,6,129,2,163,25,50,8,16,125,11,113,156,71,165,87,37,94,173,18,131,110,101,59,80,100,30,134,148,195,97,58,151,175,7,191,181,68,123,72,137,158,54,52,119,187,39,107,55,14,13,111,132,89,75,149,15,135,53,183,69,159,164,9,28,155,73,99,106,136,115,152,35,161,102,86,133,76,122,116,104,17,145,56,21,108,192,40,169,182,29,154,60,177,27,43,127,96,171,141,98,114,64,79,179,47,88,5,186,199,83,153,166,24,150,10,185,62,120,3,168,44,48,63];False
2122;7177;9299;[34,4,121,162,147,67,32,138,172,12,130,84,77,112,93,184,66,157,103,105,74,188,144,51,142,117,167,61,45,22,41,49,78,128,42,57,197,146,118,126,143,160,91,1,33,124,180,196,36,46,140,92,82,23,189,81,0,85,19,26,176,193,109,190,170,95,38,139,65,20,70,194,31,198,174,178,9,28,129,2,163,25,50,8,16,125,11,113,156,71,165,87,37,94,173,18,131,110,101,59,80,100,30,134,148,195,97,58,151,175,7,191,181,68,123,72,137,158,54,52,119,187,39,107,55,14,13,111,132,89,75,149,15,135,53,183,69,159,164,90,6,155,73,99,106,136,115,152,35,161,102,86,133,76,122,116,104,17,145,56,21,108,192,40,169,182,29,154,60,177,27,43,127,96,171,141,98,114,64,79,179,47,88,5,186,199,83,153,166,24,150,10,185,62,120,3,168,44,48,63];False
2152;7148;9300;[34,4,121,162,147,67,32,138,172,12,130,84,77,112,93,184,66,157,103,105,74,188,144,51,142,117,167,61,45,22,41,49,78,128,42,57,197,146,118,126,143,160,91,1,33,124,180,196,36,46,140,92,82,23,189,81,0,85,19,26,176,193,109,190,170,95,38,139,65,20,70,194,31,198,174,178,9,6,129,2,163,25,50,8,16,125,11,113,156,71,165,87,37,94,173,18,86,110,101,59,80,100,30,134,148,195,97,58,175,151,7,191,181,68,123,72,131,158,54,52,119,187,39,107,55,14,13,111,132,89,75,149,15,135,53,183,69,159,164,90,28,155,73,99,106,136,115,152,35,161,102,137,133,76,122,116,104,17,145,56,21,108,192,40,169,182,29,154,60,177,27,43,127,96,171,141,98,114,64,79,179,47,88,5,186,199,83,153,166,24,150,10,185,62,120,3,168,44,48,63];False
2130;7158;9288;[34,4,121,162,147,67,32,138,172,12,130,84,77,112,93,184,66,157,103,105,74,188,144,51,142,117,167,61,45,22,41,49,78,128,42,57,197,146,118,126,143,160,91,1,33,124,180,196,36,46,140,92,82,23,189,81,0,85,19,26,176,193,109,190,170,95,38,139,65,20,70,194,31,198,174,178,9,6,129,2,163,25,50,8,16,125,11,113,156,71,165,87,37,94,173,18,137,175,101,59,80,100,30,134,148,195,97,58,110,151,7,191,181,68,123,72,131,158,54,52,119,187,39,107,55,14,13,111,132,89,75,149,15,135,53,183,69,159,164,90,28,155,73,99,106,136,115,152,35,161,102,86,133,76,122,116,104,17,145,56,21,108,192,40,169,182,29,154,60,177,27,43,127,96,171,141,98,114,64,79,179,47,88,5,186,199,83,153,166,24,150,10,185,62,120,3,168,44,48,63];False
2145;7156;9301;[34,4,121,162,147,67,32,138,172,12,130,84,77,112,93,184,66,157,103,105,74,188,144,51,142,117,167,61,45,22,41,49,78,128,42,57,197,146,118,126,143,160,91,1,33,124,180,196,36,46,140,92,82,23,189,81,0,85,19,26,176,193,109,190,170,95,38,139,65,20,70,194,31,198,174,178,9,6,129,2,163,25,50,8,16,125,11,113,156,71,165,87,37,94,173,18,137,110,101,59,80,100,30,134,148,195,97,58,151,175,7,191,181,68,123,72,131,158,54,52,119,187,39,107,55,14,13,111,132,89,75,149,15,135,53,183,69,159,164,90,28,155,73,99,106,136,115,152,35,161,102,86,133,76,122,116,104,17,145,56,21,108,192,40,169,182,29,154,60,177,27,43,127,96,171,141,98,114,64,79,179,47,88,5,186,199,83,153,166,24,150,10,185,62,120,3,168,44,48,63];False
2222;7110;9332;[34,4,121,162,147,67,32,91,172,12,130,84,77,112,93,184,66,157,103,105,74,188,144,31,142,117,167,61,45,19,41,49,78,128,42,57,197,146,118,126,143,160,138,1,33,124,180,196,36,46,140,92,82,23,189,81,0,85,22,26,176,193,109,190,170,95,38,139,65,20,70,194,29,198,174,178,9,6,129,2,163,25,50,8,16,125,11,113,156,71,165,87,37,94,173,18,131,110,101,59,80,100,30,134,148,195,97,58,175,151,7,191,181,68,123,72,137,158,54,52,119,187,39,107,55,14,13,111,132,89,75,149,15,135,53,183,69,159,164,90,28,155,73,99,106,136,115,152,35,161,102,86,133,76,122,116,104,17,145,56,21,108,192,40,169,182,51,154,60,177,27,43,127,96,171,141,98,114,64,79,179,47,88,5,186,199,83,153,166,24,150,10,185,62,120,3,168,44,48,63];False
2194;7124;9318;[34,4,121,162,147,67,32,19,172,12,130,84,77,112,93,184,66,157,103,105,74,188,144,31,142,117,167,61,45,138,41,49,78,128,42,57,197,146,118,126,143,160,91,1,33,124,180,196,36,46,140,92,82,23,189,81,0,85,22,26,176,193,109,190,170,95,38,139,65,20,70,194,29,198,174,178,9,6,129,2,163,25,50,8,16,125,11,113,156,71,165,87,37,94,173,18,131,110,101,59,80,100,30,134,148,195,97,58,175,151,7,191,181,68,123,72,137,158,54,52,119,187,39,107,55,14,13,111,132,89,75,149,15,135,53,183,69,159,164,90,28,155,73,99,106,136,115,152,35,161,102,86,133,76,122,116,104,17,145,56,21,108,192,40,169,182,51,154,60,177,27,43,127,96,171,141,98,114,64,79,179,47,88,5,186,199,83,153,166,24,150,10,185,62,120,3,168,44,48,63];False
2146;7154;9300;[34,4,121,162,147,67,32,138,172,12,130,84,77,112,93,184,66,157,103,105,74,188,144,31,142,117,167,61,45,65,41,49,78,128,42,57,197,146,118,126,143,160,91,1,33,124,180,196,36,46,140,92,82,23,189,81,0,85,22,26,176,193,109,190,170,95,38,139,19,20,70,194,29,198,174,178,9,6,129,2,163,25,50,8,16,125,11,113,156,71,165,87,37,94,173,18,131,110,101,59,80,100,30,134,148,195,97,58,175,151,7,191,181,68,123,72,137,158,54,52,119,187,39,107,55,14,13,111,132,89,75,149,15,135,53,183,69,159,164,90,28,155,73,99,106,136,115,152,35,161,102,86,133,76,122,116,104,17,145,56,21,108,192,40,169,182,51,154,60,177,27,43,127,96,171,141,98,114,64,79,179,47,88,5,186,199,83,153,166,24,150,10,185,62,120,3,168,44,48,63];False
2227;7108;9335;[34,4,121,162,147,67,32,138,172,12,130,84,77,112,93,184,66,157,103,105,74,188,144,31,142,117,167,61,45,19,41,49,78,128,42,57,197,146,118,126,143,160,91,1,33,124,180,196,36,46,140,92,82,23,189,81,0,85,22,26,176,193,109,190,170,95,38,139,65,20,70,194,29,198,174,178,9,6,129,2,163,25,50,51,16,125,11,113,156,71,165,87,37,94,173,18,131,110,101,59,80,100,30,134,148,195,97,58,175,151,7,191,181,68,123,72,137,158,54,52,119,187,39,107,55,14,13,111,132,89,75,149,15,135,53,183,69,159,164,90,28,155,73,99,106,136,115,152,35,161,102,86,133,76,122,116,104,17,145,56,21,108,192,40,169,182,8,154,60,177,27,43,127,96,171,141,98,114,64,79,179,47,88,5,186,199,83,153,166,24,150,10,185,62,120,3,168,44,48,63];True
2216;7116;9332;[34,4,121,162,147,67,32,138,172,12,130,84,77,112,93,184,66,157,103,105,74,188,144,31,142,117,167,61,45,19,41,49,78,128,42,57,197,146,118,126,143,160,91,1,33,124,180,196,36,46,140,92,82,23,189,81,0,85,22,26,176,193,109,190,170,95,38,139,65,20,70,194,29,198,174,178,9,6,129,2,163,25,50,8,16,125,11,113,156,71,165,87,37,94,173,18,137,110,101,59,80,100,30,134,148,195,97,58,175,151,7,191,181,68,123,72,131,158,54,52,119,187,39,107,55,14,13,111,132,89,75,149,15,135,53,183,69,159,164,90,28,155,73,99,106,136,115,152,35,161,102,86,133,76,122,116,104,17,145,56,21,108,192,40,169,182,51,154,60,177,27,43,127,96,171,141,98,114,64,79,179,47,88,5,186,199,83,153,166,24,150,10,185,62,120,3,168,44,48,63];False
2202;7119;9321;[34,4,121,162,147,67,32,138,172,12,130,84,77,112,93,184,66,157,103,105,74,188,144,31,142,117,167,61,45,19,41,49,78,128,42,57,197,146,118,126,143,160,91,1,33,124,180,196,36,46,140,92,82,23,189,81,0,85,22,26,176,193,109,190,170,95,38,139,65,20,70,194,29,198,174,178,9,6,129,2,163,25,50,8,16,125,11,113,156,71,165,87,37,94,173,18,131,110,101,59,80,100,30,134,148,195,97,58,151,175,7,191,181,68,123,72,137,158,54,52,119,187,39,107,55,14,13,111,132,89,75,149,15,135,53,183,69,159,164,90,28,155,73,99,106,136,115,152,35,161,102,86,133,76,122,116,104,17,145,56,21,108,192,40,169,182,51,154,60,177,27,43,127,96,171,141,98,114,64,79,179,47,88,5,186,199,83,153,166,24,150,10,185,62,120,3,168,44,48,63];False
2172;7140;9312;[34,4,121,162,147,67,32,138,172,12,130,84,77,112,93,184,66,157,103,105,74,188,144,31,142,117,167,61,45,22,41,49,78,128,42,57,197,146,118,126,143,160,91,1,33,124,180,196,36,46,140,92,82,23,189,81,0,85,19,26,176,193,109,190,170,95,38,139,65,20,70,194,29,198,174,178,9,6,129,2,163,25,50,51,16,125,11,113,156,71,165,87,37,94,173,18,131,110,101,59,80,100,30,134,148,195,97,58,151,175,7,191,181,68,123,72,137,158,54,52,119,187,39,107,55,14,13,111,132,89,75,149,15,135,53,183,69,159,164,90,28,155,73,99,106,136,115,152,35,161,102,86,133,76,122,116,104,17,145,56,21,108,192,40,169,182,8,154,60,177,27,43,127,96,171,141,98,114,64,79,179,47,88,5,186,199,83,153,166,24,150,10,185,62,120,3,168,44,48,63];False
2167;7142;9309;[34,4,121,162,147,67,32,91,172,12,130,84,77,112,93,184,66,157,103,105,74,188,144,31,142,117,167,61,45,22,41,49,78,128,42,57,197,146,118,126,143,160,138,1,33,124,180,196,36,46,140,92,82,23,189,81,0,85,19,26,176,193,109,190,170,95,38,139,65,20,70,194,29,198,174,178,9,6,129,2,163,25,50,8,16,125,11,113,156,71,165,87,37,94,173,18,131,110,101,59,80,100,30,134,148,195,97,58,151,175,7,191,181,68,123,72,137,158,54,52,119,187,39,107,55,14,13,111,132,89,75,149,15,135,53,183,69,159,164,90,28,155,73,99,106,136,115,152,35,161,102,86,133,76,122,116,104,17,145,56,21,108,192,40,169,182,51,154,60,177,27,43,127,96,171,141,98,114,64,79,179,47,88,5,186,199,83,153,166,24,150,10,185,62,120,3,168,44,48,63];False
2168;7140;9308;[34,4,121,162,147,67,32,138,172,12,130,84,77,112,93,184,66,157,103,105,74,188,144,31,142,117,167,61,45,22,41,49,78,128,42,57,197,146,118,126,143,160,91,1,33,124,180,196,36,46,140,92,82,23,189,81,0,85,19,26,176,193,109,190,170,95,38,139,65,20,70,194,29,198,174,178,9,6,129,2,163,25,50,8,16,125,11,113,156,71,165,87,37,94,173,18,86,110,101,59,80,100,30,134,148,195,97,58,175,151,7,191,181,68,123,72,131,158,54,52,119,187,39,107,55,14,13,111,132,89,75,149,15,135,53,183,69,159,164,90,28,155,73,99,106,136,115,152,35,161,102,137,133,76,122,116,104,17,145,56,21,108,192,40,169,182,51,154,60,177,27,43,127,96,171,141,98,114,64,79,179,47,88,5,186,199,83,153,166,24,150,10,185,62,120,3,168,44,48,63];False
2146;7150;9296;[34,4,121,162,147,67,32,138,172,12,130,84,77,112,93,184,66,157,103,105,74,188,144,31,142,117,167,61,45,22,41,49,78,128,42,57,197,146,118,126,143,160,91,1,33,124,180,196,36,46,140,92,82,23,189,81,0,85,19,26,176,193,109,190,170,95,38,139,65,20,70,194,29,198,174,178,9,6,129,2,163,25,50,8,16,125,11,113,156,71,165,87,37,94,173,18,137,175,101,59,80,100,30,134,148,195,97,58,110,151,7,191,181,68,123,72,131,158,54,52,119,187,39,107,55,14,13,111,132,89,75,149,15,135,53,183,69,159,164,90,28,155,73,99,106,136,115,152,35,161,102,86,133,76,122,116,104,17,145,56,21,108,192,40,169,182,51,154,60,177,27,43,127,96,171,141,98,114,64,79,179,47,88,5,186,199,83,153,166,24,150,10,185,62,120,3,168,44,48,63];False
1754;7580;9334;[13,172,132,22,26,178,147,3,2,130,84,117,77,112,106,24,66,157,103,105,74,188,93,118,10,0,101,61,45,138,41,49,78,128,42,57,37,121,162,126,143,160,91,1,33,14,94,196,36,182,140,92,82,23,189,81,87,85,104,46,146,193,136,144,170,95,38,139,19,20,51,149,34,194,180,123,90,111,32,72,163,25,70,65,16,190,125,113,156,71,165,184,31,8,173,18,131,110,167,59,80,100,30,134,148,195,97,137,175,151,7,191,181,68,198,142,58,158,54,52,29,187,39,107,55,124,176,67,12,89,75,4,15,135,53,183,69,159,164,9,28,155,73,99,109,50,115,152,35,44,102,86,133,76,122,116,161,154,145,56,21,108,192,40,169,129,119,11,60,177,27,43,127,96,171,141,98,114,64,79,179,47,88,5,186,199,83,153,166,174,150,6,185,62,120,197,168,17,48,63];False
1757;7577;9334;[13,172,12,22,26,178,147,3,2,130,132,117,77,112,106,24,66,157,103,105,74,188,93,118,10,0,101,61,45,138,41,49,78,128,42,57,37,121,162,126,143,160,91,1,33,14,94,196,36,182,140,92,82,23,189,81,87,85,104,46,146,193,136,144,170,95,38,139,19,20,51,149,34,194,180,123,90,111,32,72,163,25,70,65,16,190,125,113,156,71,165,184,31,8,173,18,131,110,167,59,80,100,30,134,148,195,97,137,175,151,7,191,181,68,198,142,58,158,54,52,29,187,39,107,55,124,176,67,84,89,75,4,15,135,53,183,69,159,164,9,28,155,73,99,109,50,115,152,35,44,102,86,133,76,122,116,161,154,145,56,21,108,192,40,169,129,119,11,60,177,27,43,127,96,171,141,98,114,64,79,179,47,88,5,186,199,83,153,166,174,150,6,185,62,120,197,168,17,48,63];False
1785;7520;9305;[13,172,12,22,26,178,147,3,2,130,84,117,77,112,106,24,66,157,103,105,74,188,93,118,10,0,167,61,45,138,41,49,78,128,42,57,37,121,162,126,143,160,91,1,33,14,94,196,36,182,140,92,82,23,189,81,87,85,104,46,146,193,136,144,170,95,38,139,19,20,51,149,34,194,180,123,90,111,32,72,163,25,70,65,16,190,125,113,156,71,165,184,31,8,173,18,131,110,101,59,80,100,30,134,148,195,97,137,175,151,7,191,181,68,198,142,58,158,54,52,29,187,39,107,55,124,176,67,132,89,75,4,15,135,53,183,69,159,164,9,28,155,73,99,109,50,115,152,35,44,102,86,133,76,122,116,161,154,145,56,21,108,192,40,169,129,119,11,60,177,27,43,127,96,171,141,98,114,64,79,179,47,88,5,186,199,83,153,166,174,150,6,185,62,120,197,168,17,48,63];False
1767;7555;9322;[13,172,12,22,26,178,147,3,2,130,84,117,77,112,106,24,66,157,103,105,74,188,93,118,10,0,101,61,45,138,41,49,78,128,42,57,37,121,162,126,143,160,91,1,33,14,94,196,36,182,140,92,82,23,189,81,87,85,104,20,146,193,136,144,170,95,38,139,19,46,51,149,34,194,180,123,90,111,32,72,163,25,70,65,16,190,125,113,156,71,165,184,31,8,173,18,131,110,167,59,80,100,30,134,148,195,97,137,175,151,7,191,181,68,198,142,58,158,54,52,29,187,39,107,55,124,176,67,132,89,75,4,15,135,53,183,69,159,164,9,28,155,73,99,109,50,115,152,35,44,102,86,133,76,122,116,161,154,145,56,21,108,192,40,169,129,119,11,60,177,27,43,127,96,171,141,98,114,64,79,179,47,88,5,186,199,83,153,166,174,150,6,185,62,120,197,168,17,48,63];False
1739;7585;9324;[13,172,12,22,26,178,147,3,2,130,84,117,77,112,106,24,66,157,103,105,74,188,93,118,10,0,101,61,45,138,41,49,78,128,42,57,37,121,162,126,143,160,91,1,33,14,94,196,36,182,140,92,82,23,189,81,87,85,104,46,146,193,136,144,170,95,38,139,19,20,51,149,34,194,180,123,90,111,32,72,163,25,70,65,16,190,125,113,156,71,165,184,31,8,173,18,131,110,167,59,80,100,30,134,148,195,97,137,175,151,7,191,181,68,198,142,58,158,54,52,29,154,39,107,55,124,176,67,132,89,75,4,15,135,53,183,69,159,164,9,28,155,73,99,109,50,115,152,35,44,102,86,133,76,122,116,161,187,145,56,21,108,192,40,169,129,119,11,60,177,27,43,127,96,171,141,98,114,64,79,179,47,88,5,186,199,83,153,166,174,150,6,185,62,120,197,168,17,48,63];False
2295;7085;9380;[50,4,121,162,147,67,32,91,172,12,130,84,77,112,93,184,66,157,103,105,74,188,144,31,142,117,167,38,139,70,41,49,78,128,42,57,197,146,118,126,143,160,138,1,33,124,180,196,36,46,140,92,82,23,189,81,0,85,22,26,176,193,109,190,170,95,61,45,65,20,19,145,34,198,174,178,9,6,129,2,163,25,51,8,16,125,11,113,156,71,165,87,37,94,173,18,131,110,101,59,80,100,30,134,148,195,97,58,151,175,7,191,181,68,123,72,137,158,54,52,119,187,39,107,55,14,13,111,132,89,75,149,15,135,53,183,69,159,164,90,28,155,73,99,106,136,115,152,35,161,102,86,133,76,122,116,104,17,194,56,21,108,192,40,169,182,29,154,60,177,27,43,127,96,171,141,98,114,64,79,179,47,88,5,186,199,83,153,166,24,150,10,185,62,120,3,168,44,48,63];False
2242;7107;9349;[50,4,121,162,147,67,32,91,172,12,130,84,77,112,93,184,66,157,103,105,20,188,144,31,142,117,167,61,45,65,41,49,78,128,42,57,197,146,118,126,143,160,138,1,33,124,180,196,36,46,140,92,82,23,189,81,0,85,22,26,176,193,109,190,170,95,38,139,70,74,19,145,34,198,174,178,9,6,129,2,163,25,51,8,16,125,11,113,156,71,165,87,37,94,173,18,131,110,101,59,80,100,30,134,148,195,97,58,151,175,7,191,181,68,123,72,137,158,54,52,119,187,39,107,55,14,13,111,132,89,75,149,15,135,53,183,69,159,164,90,28,155,73,99,106,136,115,152,35,161,102,86,133,76,122,116,104,17,194,56,21,108,192,40,169,182,29,154,60,177,27,43,127,96,171,141,98,114,64,79,179,47,88,5,186,199,83,153,166,24,150,10,185,62,120,3,168,44,48,63];False
2294;7081;9375;[50,4,121,162,147,67,32,91,172,12,130,84,77,112,93,184,66,157,103,105,74,188,144,31,142,117,167,61,45,65,41,49,78,128,42,57,197,146,118,126,143,160,138,1,33,124,180,196,36,46,140,92,82,23,189,81,0,85,22,26,176,193,109,190,170,95,38,139,70,20,19,145,34,198,174,178,9,6,129,2,163,25,51,8,16,125,11,113,156,71,165,87,37,94,173,18,86,110,101,59,80,100,30,134,148,195,97,58,175,151,7,191,181,68,123,72,131,158,54,52,119,187,39,107,55,14,13,111,132,89,75,149,15,135,53,183,69,159,164,90,28,155,73,99,106,136,115,152,35,161,102,137,133,76,122,116,104,17,194,56,21,108,192,40,169,182,29,154,60,177,27,43,127,96,171,141,98,114,64,79,179,47,88,5,186,199,83,153,166,24,150,10,185,62,120,3,168,44,48,63];False
2272;7091;9363;[50,4,121,162,147,67,32,91,172,12,130,84,77,112,93,184,66,157,103,105,74,188,144,31,142,117,167,61,45,65,41,49,78,128,42,57,197,146,118,126,143,160,138,1,33,124,180,196,36,46,140,92,82,23,189,81,0,85,22,26,176,193,109,190,170,95,38,139,70,20,19,145,34,198,174,178,9,6,129,2,163,25,51,8,16,125,11,113,156,71,165,87,37,94,173,18,137,175,101,59,80,100,30,134,148,195,97,58,110,151,7,191,181,68,123,72,131,158,54,52,119,187,39,107,55,14,13,111,132,89,75,149,15,135,53,183,69,159,164,90,28,155,73,99,106,136,115,152,35,161,102,86,133,76,122,116,104,17,194,56,21,108,192,40,169,182,29,154,60,177,27,43,127,96,171,141,98,114,64,79,179,47,88,5,186,199,83,153,166,24,150,10,185,62,120,3,168,44,48,63];False
1699;7697;9396;[50,172,12,22,26,178,120,3,2,130,84,117,77,112,31,24,66,157,103,105,74,188,144,118,147,0,101,61,45,138,167,180,78,128,42,57,37,121,162,126,143,160,91,1,33,124,94,196,52,182,140,92,82,23,189,81,87,85,104,20,146,193,109,93,170,95,38,139,19,194,102,149,34,127,175,123,49,67,32,72,137,25,70,65,16,190,11,113,156,71,165,184,125,8,173,18,131,110,41,59,80,100,30,134,148,195,97,58,6,43,7,191,181,68,198,142,163,158,54,36,119,187,39,107,55,14,13,197,132,89,75,4,15,135,53,183,69,159,164,90,28,155,73,99,106,136,115,152,35,176,9,86,133,76,122,116,161,46,145,56,21,108,192,40,169,129,29,154,60,177,27,151,111,96,171,141,98,114,64,79,179,47,88,5,186,199,83,153,166,174,150,10,185,62,44,51,168,17,48,63];False
1696;7695;9391;[50,172,12,22,26,178,120,3,2,130,84,117,77,112,31,29,66,157,103,105,74,188,144,118,100,0,101,61,45,138,167,180,78,128,42,57,37,121,162,126,143,160,91,1,33,124,94,196,52,182,140,92,82,23,189,81,87,85,104,20,146,193,109,93,170,95,38,139,19,194,102,149,34,127,175,123,49,67,32,72,137,25,70,65,16,190,11,113,156,71,165,184,125,8,173,18,131,110,41,59,80,147,30,134,148,195,97,58,6,43,7,191,181,68,198,142,163,158,54,36,119,187,39,107,55,14,13,197,132,89,75,4,15,135,53,183,69,159,164,90,28,155,73,99,106,136,115,152,35,176,9,86,133,76,122,116,161,46,145,56,21,108,192,40,169,129,24,154,60,177,27,151,111,96,171,141,98,114,64,79,179,47,88,5,186,199,83,153,166,174,150,10,185,62,44,51,168,17,48,63];False
1694;7694;9388;[50,172,12,22,26,178,120,3,2,130,84,117,77,112,31,29,66,157,103,105,74,188,144,118,147,0,101,61,45,138,167,180,78,128,42,57,37,121,162,126,143,160,91,1,33,124,94,196,52,182,140,92,82,23,189,81,87,85,104,20,146,193,109,93,170,166,38,139,19,194,102,149,34,127,175,123,49,67,32,72,137,25,70,65,16,190,11,113,156,71,165,184,125,8,173,18,131,110,41,59,80,100,30,134,148,195,97,58,6,43,7,191,181,68,198,142,163,158,54,36,119,187,39,107,55,14,13,197,132,89,75,4,15,135,53,183,69,159,164,90,28,155,73,99,106,136,115,152,35,176,9,86,133,76,122,116,161,46,145,56,21,108,192,40,169,129,24,154,60,177,27,151,111,96,171,141,98,114,64,79,179,47,88,5,186,199,83,153,95,174,150,10,185,62,44,51,168,17,48,63];False
1686;7705;9391;[50,172,12,22,26,178,120,3,2,130,84,117,77,112,31,29,66,157,103,105,74,188,144,118,147,0,101,61,45,138,167,180,78,128,42,57,37,121,162,126,143,160,91,1,33,124,94,196,52,182,140,92,82,23,189,81,87,85,104,20,146,193,109,93,170,95,38,139,19,194,102,149,34,127,175,123,49,67,32,72,137,25,136,65,16,190,11,113,156,71,165,184,125,8,173,18,131,110,41,59,80,100,30,134,148,195,97,58,6,43,7,191,181,68,198,142,163,158,54,36,119,187,39,107,55,14,13,197,132,89,75,4,15,135,53,183,69,159,164,90,28,155,73,99,106,70,115,152,35,176,9,86,133,76,122,116,161,46,145,56,21,108,192,40,169,129,24,154,60,177,27,151,111,96,171,141,98,114,64,79,179,47,88,5,186,199,83,153,166,174,150,10,185,62,44,51,168,17,48,63];False
1684;7718;9402;[50,172,12,22,26,178,120,3,2,130,84,117,77,112,31,29,66,157,103,105,74,188,144,118,147,0,101,61,45,138,167,180,78,128,42,57,37,121,162,126,143,160,91,1,33,124,94,196,52,182,140,92,82,23,189,81,87,85,104,20,146,193,109,93,170,95,38,139,19,194,102,149,34,127,175,123,49,67,32,72,137,25,70,115,16,190,11,113,156,71,165,184,125,8,173,18,131,110,41,59,80,100,30,134,148,195,97,58,6,43,7,191,181,68,198,142,163,158,54,36,119,187,39,107,55,14,13,197,132,89,75,4,15,135,53,183,69,159,164,90,28,155,73,99,106,136,65,152,35,176,9,86,133,76,122,116,161,46,145,56,21,108,192,40,169,129,24,154,60,177,27,151,111,96,171,141,98,114,64,79,179,47,88,5,186,199,83,153,166,174,150,10,185,62,44,51,168,17,48,63];False
1699;7681;9380;[50,172,12,22,26,178,120,3,2,130,84,117,77,112,31,29,66,157,103,105,74,188,144,118,147,0,101,61,45,138,167,180,78,128,42,57,37,121,162,126,143,160,91,1,33,124,94,196,52,182,140,92,82,23,189,81,87,85,104,20,146,193,109,93,170,95,38,139,19,194,102,149,34,127,175,123,49,67,32,72,137,25,70,65,16,190,186,113,156,71,165,184,125,8,173,18,131,110,41,59,80,100,30,134,148,195,97,58,6,43,7,191,181,68,198,142,163,158,54,36,119,187,39,107,55,14,13,197,132,89,75,4,15,135,53,183,69,159,164,90,28,155,73,99,106,136,115,152,35,176,9,86,133,76,122,116,161,46,145,56,21,108,192,40,169,129,24,154,60,177,27,151,111,96,171,141,98,114,64,79,179,47,88,5,11,199,83,153,166,174,150,10,185,62,44,51,168,17,48,63];False
1682;7710;9392;[50,172,12,22,26,178,120,3,2,130,84,117,77,112,31,29,66,157,103,105,74,188,144,118,147,0,101,61,45,138,167,180,78,128,42,57,37,121,162,126,143,160,91,1,33,124,94,196,52,182,140,92,82,23,189,81,87,85,104,20,146,193,109,93,170,95,38,139,19,194,102,149,34,127,175,123,49,67,32,72,137,25,70,65,16,190,11,113,156,71,165,184,125,8,173,18,131,110,41,59,80,100,30,134,148,195,97,58,6,43,7,191,181,68,198,142,163,158,54,36,119,187,39,107,55,14,13,197,132,89,75,4,15,108,53,183,69,159,164,90,28,155,73,99,106,136,115,152,35,176,9,86,133,76,122,116,161,46,145,56,21,135,192,40,169,129,24,154,60,177,27,151,111,96,171,141,98,114,64,79,179,47,88,5,186,199,83,153,166,174,150,10,185,62,44,51,168,17,48,63];False
1698;7677;9375;[50,172,12,22,26,178,120,3,2,130,84,117,77,112,31,29,66,157,103,105,74,188,144,118,147,0,101,61,45,138,167,180,78,128,42,57,37,121,162,126,143,160,91,1,33,124,94,196,52,182,140,92,82,23,189,81,87,85,104,20,146,193,109,93,170,95,38,139,19,194,102,149,34,127,175,123,49,67,32,72,137,25,70,65,16,190,11,113,156,71,165,184,125,8,173,18,131,110,41,59,80,100,30,134,148,195,97,58,6,43,7,191,181,68,198,142,163,158,54,36,119,187,39,107,55,14,13,197,132,89,75,4,15,135,53,183,69,159,164,90,28,155,73,99,106,136,115,152,35,176,9,86,133,76,122,116,161,46,145,56,21,108,192,40,169,129,24,154,60,179,27,151,111,96,171,141,98,114,64,79,177,47,88,5,186,199,83,153,166,174,150,10,185,62,44,51,168,17,48,63];False
1693;7701;9394;[50,172,12,22,26,178,120,3,2,130,84,117,77,112,31,29,66,157,103,105,74,188,144,118,147,0,101,61,45,138,167,180,78,128,42,57,37,121,162,126,143,160,91,1,33,124,94,196,36,182,140,92,82,23,189,81,87,85,104,20,146,193,109,93,170,166,38,139,19,194,102,149,34,127,175,123,49,67,32,72,137,25,70,65,16,190,11,113,156,71,165,184,125,8,173,18,131,110,41,59,80,100,30,134,148,195,97,58,6,43,7,191,181,68,198,142,163,158,54,52,119,187,39,107,55,14,13,197,132,89,75,4,15,108,53,183,69,159,164,90,28,155,73,99,106,136,115,152,35,176,9,86,133,76,122,116,161,46,145,56,21,135,192,40,169,129,24,154,60,177,27,151,111,96,171,141,98,114,64,79,179,47,88,5,186,199,83,153,95,174,150,10,185,62,44,51,168,17,48,63];False
1697;7684;9381;[50,172,12,22,26,178,120,3,2,130,84,117,77,112,31,29,66,157,103,105,74,188,144,118,147,0,101,61,45,138,167,180,78,128,42,57,37,121,162,126,143,160,91,1,33,124,94,196,36,182,140,92,82,23,189,81,87,85,104,20,146,193,109,93,170,95,38,139,19,194,102,149,34,127,175,123,49,67,32,72,137,25,70,65,16,190,11,113,156,71,165,184,125,8,173,18,131,110,41,59,80,100,30,134,148,195,97,58,6,43,7,191,181,68,198,142,163,158,54,52,119,187,39,107,55,14,13,197,132,89,75,4,15,108,53,183,69,159,164,90,28,155,73,99,106,136,115,152,35,176,9,86,133,76,122,116,161,46,145,56,21,135,192,40,169,129,24,154,60,179,27,151,111,96,171,141,98,114,64,79,177,47,88,5,186,199,83,153,166,174,150,10,185,62,44,51,168,17,48,63];False
1696;7664;9360;[50,172,12,22,26,178,120,3,2,130,84,117,77,112,31,29,66,157,103,105,74,188,144,118,147,0,101,61,45,138,167,180,78,128,42,57,37,121,162,126,143,160,91,1,33,124,94,196,36,182,140,92,82,23,189,81,87,85,104,20,146,193,109,93,170,95,38,139,19,194,102,149,34,127,175,123,49,67,32,72,137,25,70,65,16,190,11,113,156,71,165,184,125,8,173,18,131,110,41,59,80,100,30,134,148,195,97,58,6,43,7,191,181,68,198,142,163,158,54,60,119,187,39,107,55,14,13,197,132,89,75,4,15,135,53,183,69,159,164,90,28,155,73,99,106,136,115,152,35,176,9,86,133,76,122,116,161,46,145,56,21,108,192,40,169,129,24,154,52,179,27,151,111,96,171,141,98,114,64,79,177,47,88,5,186,199,83,153,166,174,150,10,185,62,44,51,168,17,48,63];True
1715;7645;9360;[50,180,12,22,26,178,120,3,2,130,84,117,77,112,31,29,66,157,103,105,74,188,144,118,147,0,101,61,45,138,167,172,86,128,42,57,37,121,162,126,143,160,91,1,33,124,94,196,36,182,140,92,82,23,189,81,87,85,104,20,146,193,109,93,170,95,38,139,19,194,102,149,34,127,175,123,49,67,32,72,137,25,70,65,16,190,11,113,156,71,165,184,125,8,173,18,131,110,41,59,80,100,30,134,148,195,97,58,6,43,7,191,181,68,198,142,163,158,54,60,119,187,39,107,55,14,13,197,132,89,75,4,15,135,53,183,69,159,164,90,28,155,73,99,106,136,115,152,35,176,9,78,133,76,122,116,161,46,145,56,21,108,192,40,169,129,24,154,52,179,27,151,111,96,171,141,98,114,64,79,177,47,88,5,186,199,83,153,166,174,150,10,185,62,44,51,168,17,48,63];False
2323;7080;9403;[50,4,28,162,147,67,32,138,172,12,130,84,77,112,93,184,66,157,103,105,74,188,144,31,142,117,167,61,45,65,41,49,78,128,42,57,197,146,118,126,143,160,91,1,33,124,180,196,36,46,140,92,82,23,189,81,0,85,22,26,176,193,109,190,170,95,38,139,70,20,19,145,34,198,174,178,9,6,129,2,163,25,51,8,16,125,11,113,156,71,165,87,37,94,173,18,86,110,101,59,80,100,30,134,148,195,97,58,175,151,7,191,181,68,123,72,131,158,54,52,119,187,39,107,55,14,13,111,132,89,75,149,15,135,53,183,69,159,164,90,121,155,73,99,106,136,115,152,35,161,102,137,133,76,122,116,104,17,194,56,21,108,192,40,169,182,29,154,60,177,27,43,127,96,171,141,98,114,64,79,179,47,88,5,186,199,83,153,166,24,150,10,185,62,120,3,168,44,48,63];False
2204;7117;9321;[50,4,121,162,20,67,32,138,172,12,130,84,77,112,93,184,66,157,103,105,74,188,144,31,142,117,167,61,45,65,41,49,78,128,42,57,197,146,118,126,143,160,91,1,33,124,180,196,36,46,140,92,82,23,189,81,0,85,22,26,176,193,109,190,170,95,38,139,70,147,19,145,34,198,174,178,9,6,129,2,163,25,51,8,16,125,11,113,156,71,165,87,37,94,173,18,86,110,101,59,80,100,30,134,148,195,97,58,175,151,7,191,181,68,123,72,131,158,54,52,119,187,39,107,55,14,13,111,132,89,75,149,15,135,53,183,69,159,164,90,28,155,73,99,106,136,115,152,35,161,102,137,133,76,122,116,104,17,194,56,21,108,192,40,169,182,29,154,60,177,27,43,127,96,171,141,98,114,64,79,179,47,88,5,186,199,83,153,166,24,150,10,185,62,120,3,168,44,48,63];False
2243;7105;9348;[50,4,121,162,147,67,32,138,172,12,130,84,77,112,93,184,66,157,103,105,20,188,144,31,142,117,167,61,45,65,41,49,78,128,42,57,197,146,118,126,143,160,91,1,33,124,180,196,36,46,140,92,82,23,189,81,0,85,22,26,176,193,109,190,170,95,38,139,70,74,19,145,34,198,174,178,9,6,129,2,163,25,51,8,16,125,11,113,156,71,165,87,37,94,173,18,86,110,101,59,80,100,30,134,148,195,97,58,175,151,7,191,181,68,123,72,131,158,54,52,119,187,39,107,55,14,13,111,132,89,75,149,15,135,53,183,69,159,164,90,28,155,73,99,106,136,115,152,35,161,102,137,133,76,122,116,104,17,194,56,21,108,192,40,169,182,29,154,60,177,27,43,127,96,171,141,98,114,64,79,179,47,88,5,186,199,83,153,166,24,150,10,185,62,120,3,168,44,48,63];False
2274;7090;9364;[50,4,121,162,147,67,32,138,172,12,130,84,77,112,93,184,66,157,103,105,74,188,144,31,142,117,167,61,45,65,41,49,78,128,42,57,197,146,118,126,143,160,91,1,33,124,180,196,36,46,140,92,82,23,189,81,0,85,22,26,176,193,109,190,170,95,38,139,70,20,19,145,34,198,174,178,9,6,129,2,163,25,51,8,16,125,11,113,156,71,165,87,37,94,173,18,86,110,101,59,80,100,30,134,148,195,97,58,151,175,7,191,181,68,123,72,131,158,54,52,119,187,39,107,55,14,13,111,132,89,75,149,15,135,53,183,69,159,164,90,28,155,73,99,106,136,115,152,35,161,102,137,133,76,122,116,104,17,194,56,21,108,192,40,169,182,29,154,60,177,27,43,127,96,171,141,98,114,64,79,179,47,88,5,186,199,83,153,166,24,150,10,185,62,120,3,168,44,48,63];False
2182;7127;9309;[50,4,121,162,20,67,32,138,172,12,130,84,77,112,93,184,66,157,103,105,74,188,144,31,142,117,167,61,45,65,41,49,78,128,42,57,197,146,118,126,143,160,91,1,33,124,180,196,36,46,140,92,82,23,189,81,0,85,22,26,176,193,109,190,170,95,38,139,70,147,19,145,34,198,174,178,9,6,129,2,163,25,51,8,16,125,11,113,156,71,165,87,37,94,173,18,137,175,101,59,80,100,30,134,148,195,97,58,110,151,7,191,181,68,123,72,131,158,54,52,119,187,39,107,55,14,13,111,132,89,75,149,15,135,53,183,69,159,164,90,28,155,73,99,106,136,115,152,35,161,102,86,133,76,122,116,104,17,194,56,21,108,192,40,169,182,29,154,60,177,27,43,127,96,171,141,98,114,64,79,179,47,88,5,186,199,83,153,166,24,150,10,185,62,120,3,168,44,48,63];False
2221;7115;9336;[50,4,121,162,147,67,32,138,172,12,130,84,77,112,93,184,66,157,103,105,20,188,144,31,142,117,167,61,45,65,41,49,78,128,42,57,197,146,118,126,143,160,91,1,33,124,180,196,36,46,140,92,82,23,189,81,0,85,22,26,176,193,109,190,170,95,38,139,70,74,19,145,34,198,174,178,9,6,129,2,163,25,51,8,16,125,11,113,156,71,165,87,37,94,173,18,137,175,101,59,80,100,30,134,148,195,97,58,110,151,7,191,181,68,123,72,131,158,54,52,119,187,39,107,55,14,13,111,132,89,75,149,15,135,53,183,69,159,164,90,28,155,73,99,106,136,115,152,35,161,102,86,133,76,122,116,104,17,194,56,21,108,192,40,169,182,29,154,60,177,27,43,127,96,171,141,98,114,64,79,179,47,88,5,186,199,83,153,166,24,150,10,185,62,120,3,168,44,48,63];False
2233;7104;9337;[50,4,121,162,147,67,32,138,172,12,130,84,77,112,93,184,66,157,103,105,74,188,144,31,142,117,167,61,45,65,41,49,78,128,42,57,197,146,118,126,143,160,91,1,33,124,180,196,36,46,140,92,82,23,189,81,0,85,22,26,176,193,109,190,170,95,38,139,70,20,19,145,34,198,174,178,9,6,129,2,163,25,51,8,16,125,11,113,156,71,165,87,37,94,173,18,137,175,101,59,80,100,30,134,148,195,97,58,151,110,7,191,181,68,123,72,131,158,54,52,119,187,39,107,55,14,13,111,132,89,75,149,15,135,53,183,69,159,164,90,28,155,73,99,106,136,115,152,35,161,102,86,133,76,122,116,104,17,194,56,21,108,192,40,169,182,29,154,60,177,27,43,127,96,171,141,98,114,64,79,179,47,88,5,186,199,83,153,166,24,150,10,185,62,120,3,168,44,48,63];True
1689;7699;9388;[174,180,12,22,26,178,120,3,2,130,84,117,77,112,31,29,66,157,103,105,74,188,144,118,147,0,101,61,45,138,167,172,78,128,42,57,37,121,162,126,143,160,91,1,33,124,94,196,36,182,140,92,82,23,189,81,87,85,104,20,146,193,109,93,170,95,38,139,19,194,102,149,34,127,175,123,49,67,32,72,137,25,70,65,16,190,11,113,156,71,165,184,125,8,173,18,131,110,41,59,80,100,30,134,148,195,97,58,6,43,7,191,181,68,198,142,163,158,54,52,119,187,39,107,55,14,13,197,132,89,75,4,15,135,53,183,69,159,164,90,28,155,73,99,106,136,115,152,35,176,9,86,133,76,122,116,161,46,145,56,21,108,192,40,169,129,24,154,60,177,27,151,111,96,171,141,98,114,64,79,179,47,88,5,186,199,83,153,166,50,150,10,185,62,44,51,168,17,48,63];False
1711;7662;9373;[50,180,41,22,26,178,120,3,2,130,84,117,77,112,31,29,66,157,103,105,74,188,144,118,147,0,101,61,45,138,167,172,78,128,42,57,37,121,162,126,143,160,91,1,33,124,94,196,52,182,140,92,82,23,189,81,87,85,104,20,146,193,109,93,170,95,38,139,19,194,102,149,34,127,175,123,49,67,32,72,137,25,136,65,16,190,11,113,156,71,165,184,125,8,173,18,131,110,12,59,80,100,30,134,148,195,97,58,6,43,7,191,181,68,198,142,163,158,54,36,119,187,39,107,55,14,13,197,132,89,75,4,15,135,53,183,69,159,164,90,28,155,73,99,106,70,115,152,35,176,9,86,133,76,122,116,161,46,145,56,21,108,192,40,169,129,24,154,60,177,27,151,111,96,171,141,98,114,64,79,179,47,88,5,186,199,83,153,166,174,150,10,185,62,44,51,168,17,48,63];False
1783;7535;9318;[50,180,41,22,26,178,120,3,2,130,84,117,77,112,31,29,66,157,103,105,74,188,144,118,147,0,101,61,45,138,167,172,78,128,42,57,37,121,162,126,143,160,91,1,33,124,94,196,36,182,140,92,82,23,189,81,87,85,104,20,146,193,8,93,170,95,38,139,19,194,102,149,34,127,175,123,49,67,32,72,137,25,70,65,16,125,11,113,156,71,165,184,190,109,173,18,131,110,12,59,80,100,30,134,148,195,97,58,6,43,7,191,181,68,198,142,163,158,54,52,119,187,39,107,55,14,13,197,132,89,75,4,15,135,53,183,69,159,164,90,28,155,73,99,106,136,115,152,35,176,9,86,133,76,122,116,161,46,145,56,21,108,192,40,169,129,24,154,60,177,27,151,111,96,171,141,98,114,64,79,179,47,88,5,186,199,83,153,166,174,150,10,185,62,44,51,168,17,48,63];False
1676;7742;9418;[9,180,12,22,26,178,120,3,2,130,84,117,77,112,31,29,66,157,103,105,74,188,144,118,147,0,101,61,45,138,167,172,86,128,42,57,37,121,162,126,143,160,91,1,33,124,94,196,36,182,140,92,82,23,189,81,87,85,104,20,146,193,109,93,170,95,38,139,19,194,102,149,34,127,175,123,49,67,32,72,137,25,70,65,16,190,186,113,156,71,165,184,125,8,173,18,131,110,41,59,80,100,30,134,148,195,97,58,6,43,7,191,181,68,198,142,163,158,54,60,119,187,39,107,55,14,13,197,132,89,75,4,15,135,53,183,69,159,164,90,28,155,73,99,106,136,115,152,35,176,50,78,133,76,122,116,161,46,145,56,21,108,192,40,169,129,24,154,52,179,27,151,111,96,171,141,98,114,64,79,177,47,88,5,11,199,83,153,166,174,150,10,185,62,44,51,168,17,48,63];False
1661;7752;9413;[180,172,12,22,26,178,120,3,2,130,84,117,77,85,31,29,66,157,103,44,74,188,93,164,100,0,101,61,45,55,126,185,78,128,42,57,37,121,162,146,118,10,91,1,33,124,94,196,36,182,140,92,82,23,189,81,49,112,104,20,167,193,136,144,62,95,38,139,19,194,51,149,34,127,175,123,90,67,32,72,137,25,170,65,16,125,11,113,156,71,165,184,143,8,173,18,131,110,41,59,80,147,30,134,148,195,97,58,6,43,7,191,181,68,198,142,163,158,54,52,119,187,39,107,138,14,13,197,132,89,75,4,15,135,53,183,69,159,9,105,28,155,73,99,106,70,115,152,35,87,102,86,133,76,122,116,161,46,145,56,21,108,192,40,169,129,24,154,60,177,27,151,111,96,171,141,98,114,64,79,179,47,88,5,186,199,83,153,166,174,150,160,190,109,176,50,168,17,48,63];False
1646;7781;9427;[180,172,12,22,26,178,120,3,2,130,84,117,77,85,31,29,66,157,103,44,74,188,93,164,100,0,101,61,45,138,126,185,78,128,42,57,37,121,162,146,118,10,91,1,33,124,94,196,52,182,140,92,82,23,189,81,49,112,104,20,167,193,136,144,62,95,38,139,19,194,51,149,34,127,175,123,90,67,32,72,137,25,170,65,16,125,11,113,156,71,165,184,143,8,173,18,131,110,41,59,80,147,30,134,148,195,97,58,6,43,7,191,181,68,198,142,163,158,54,36,119,187,39,107,55,14,13,197,132,89,75,4,15,135,53,183,69,159,9,105,28,155,73,99,106,70,115,152,35,87,102,86,133,76,122,116,161,46,145,56,21,108,192,40,169,129,24,154,60,177,27,151,111,96,171,141,98,114,64,79,179,47,88,5,186,199,83,153,166,174,150,160,190,109,176,50,168,17,48,63];False
1643;7785;9428;[180,172,12,22,26,178,120,3,2,130,84,117,77,85,31,29,66,157,103,44,74,188,93,164,100,0,101,61,45,138,126,185,78,128,42,57,37,121,162,146,118,10,91,1,33,124,94,196,36,182,140,92,82,23,189,81,49,112,104,20,167,193,136,144,181,95,38,139,19,194,51,149,34,127,175,123,90,67,32,72,137,25,170,65,16,125,11,113,156,71,165,184,143,8,173,18,131,110,41,59,80,147,30,134,148,195,97,58,6,43,7,191,62,68,198,142,163,158,54,52,119,187,39,107,55,14,13,197,132,89,75,4,15,135,53,183,69,159,9,105,28,155,73,99,106,70,115,152,35,87,102,86,133,76,122,116,161,46,145,56,21,108,192,40,169,129,24,154,60,177,27,151,111,96,171,141,98,114,64,79,179,47,88,5,186,199,83,153,166,174,150,160,190,109,176,50,168,17,48,63];False
1608;7827;9435;[180,172,12,22,26,178,120,3,2,130,84,117,77,112,31,29,154,157,103,44,74,188,93,164,100,0,101,61,45,138,126,185,78,128,42,57,37,121,162,146,118,10,91,1,33,124,94,196,36,182,140,92,82,23,189,81,87,85,104,20,167,193,136,144,62,95,38,139,19,194,51,149,34,127,175,123,90,67,32,72,137,25,170,65,16,125,11,113,156,71,165,184,143,8,173,18,131,110,41,59,80,147,30,134,148,195,97,58,6,43,7,191,181,68,198,142,163,158,54,60,119,187,39,107,55,14,13,197,132,89,75,4,15,135,53,183,69,159,9,105,28,155,73,99,106,70,115,152,52,161,102,86,133,76,122,116,49,46,145,56,21,108,192,40,169,129,24,66,35,179,27,151,111,96,171,141,98,114,64,79,177,47,88,5,186,199,83,153,166,174,150,160,190,109,176,50,168,17,48,63];False
1616;7795;9411;[180,172,12,22,26,178,120,3,2,130,84,117,77,112,31,29,154,157,103,44,74,188,93,164,100,0,101,61,45,55,126,35,78,128,42,57,37,121,162,146,118,10,91,1,33,124,94,196,36,182,140,92,82,23,189,81,87,85,104,20,167,193,136,144,62,95,38,139,19,194,51,149,34,127,175,123,90,67,32,72,137,25,170,65,16,125,11,113,156,71,165,184,143,8,173,18,131,110,41,59,80,147,30,134,148,195,97,58,6,43,7,191,181,68,198,142,163,158,54,60,119,187,39,107,138,14,13,197,132,89,75,4,15,135,53,183,69,159,9,105,28,155,73,99,106,70,115,152,52,161,102,86,133,76,122,116,49,46,145,56,21,108,192,40,169,129,24,66,185,179,27,151,111,96,171,141,98,114,64,79,177,47,88,5,186,199,83,153,166,174,150,160,190,109,176,50,168,17,48,63];True
1594;7839;9433;[180,172,12,22,26,178,120,3,2,130,84,117,77,112,31,29,154,157,103,44,74,188,93,164,100,0,101,61,45,55,126,185,78,128,42,57,37,121,162,146,118,10,91,1,33,124,94,196,36,182,140,92,82,23,189,81,87,85,104,20,167,193,136,144,62,95,38,139,19,194,51,149,34,127,175,123,90,67,32,72,137,25,170,66,16,125,11,113,156,71,165,184,143,8,173,18,131,110,41,59,80,147,30,134,148,195,97,58,6,43,7,191,181,68,198,142,163,158,54,60,119,187,39,107,138,14,13,197,132,89,75,4,15,135,53,183,69,159,9,105,28,155,73,99,106,70,115,152,52,161,102,86,133,76,122,116,49,46,145,56,21,108,192,40,169,129,24,65,35,179,27,151,111,96,171,141,98,114,64,79,177,47,88,5,186,199,83,153,166,174,150,160,190,109,176,50,168,17,48,63];False
2512;7024;9536;[50,21,180,178,9,37,94,118,172,12,130,117,77,112,93,46,66,157,103,105,74,188,144,174,149,195,167,61,45,138,41,49,78,128,42,57,3,121,162,126,143,160,91,1,33,124,147,196,36,184,140,17,82,23,189,81,0,85,22,26,176,193,109,190,170,95,38,139,65,20,51,142,34,198,146,4,84,67,32,72,163,25,70,19,145,173,11,113,156,71,165,87,16,8,125,18,131,110,101,59,80,100,30,134,148,2,97,58,175,151,7,191,181,68,123,6,137,158,54,52,119,187,39,107,55,14,13,111,132,89,75,129,15,135,53,183,69,159,164,90,28,155,73,99,106,136,115,152,35,161,102,86,133,76,122,116,104,31,194,56,92,108,192,40,169,182,29,154,60,177,27,43,127,96,171,141,98,114,64,79,179,47,88,5,186,199,83,153,166,24,150,10,185,62,120,197,168,44,48,63];False
2463;7038;9501;[50,21,180,178,9,37,94,118,172,12,130,117,77,112,93,46,66,157,103,105,74,188,144,174,149,195,167,61,45,138,41,49,78,128,42,57,3,121,162,126,143,160,91,1,33,124,147,196,36,184,140,17,82,23,189,81,0,85,22,26,176,193,109,190,170,95,38,139,65,20,51,142,34,198,146,4,84,67,32,72,163,25,70,19,145,125,11,113,156,71,165,87,16,8,173,18,131,110,101,59,80,100,30,134,148,2,97,58,175,151,7,191,181,68,123,6,137,158,62,52,119,187,39,107,55,14,13,111,132,89,75,129,15,135,53,183,69,159,164,90,28,155,73,99,106,136,115,152,35,161,102,86,133,76,122,116,104,31,194,56,92,108,192,40,169,182,29,154,60,177,27,43,127,96,171,141,98,114,64,79,179,47,88,5,186,199,83,153,166,24,150,10,185,54,120,197,168,44,48,63];False
2324;7069;9393;[50,21,180,178,9,37,94,118,172,12,130,117,77,112,93,184,66,157,103,105,74,188,144,174,10,2,167,61,45,138,41,49,78,128,42,57,3,121,162,126,143,160,91,1,33,124,147,196,36,46,140,17,82,23,189,81,0,85,22,26,176,193,109,190,170,95,38,139,65,20,51,142,34,198,146,4,84,67,32,72,163,25,70,19,145,125,11,113,156,71,165,87,16,8,173,18,131,110,101,59,80,100,30,134,148,195,97,58,175,151,7,191,181,68,123,6,137,158,54,52,119,187,39,107,55,14,13,111,132,89,75,129,15,135,53,183,69,159,164,90,28,155,73,99,106,136,115,152,35,161,102,86,133,76,122,116,104,31,194,56,92,108,192,40,169,182,29,154,60,177,27,43,127,96,171,141,98,114,64,79,179,47,88,5,186,199,83,153,166,24,150,149,185,62,120,197,168,44,48,63];False
2415;7050;9465;[50,21,180,178,9,37,94,118,172,12,130,117,77,112,93,184,66,157,103,105,74,188,144,174,149,2,167,61,45,138,41,49,78,128,42,57,3,121,162,126,143,160,91,1,33,124,147,196,36,46,140,17,82,23,189,81,0,85,22,26,176,193,16,190,170,95,38,139,65,20,51,142,34,198,146,4,84,67,32,72,163,25,70,19,145,125,11,113,156,71,165,87,109,8,173,18,131,110,101,59,80,100,30,134,148,195,97,58,175,151,7,191,181,68,123,6,137,158,54,52,119,187,39,107,55,14,13,111,132,89,75,129,15,135,53,183,69,159,164,90,28,155,73,99,106,136,115,152,35,161,102,86,133,76,122,116,104,31,194,56,92,108,192,40,169,182,29,154,60,177,27,43,127,96,171,141,98,114,64,79,179,47,88,5,186,199,83,153,166,24,150,10,185,62,120,197,168,44,48,63];False
2521;7023;9544;[50,21,180,178,9,37,94,118,172,12,130,117,77,112,93,184,66,157,103,105,74,188,144,174,149,2,167,61,45,138,41,49,78,128,42,57,3,121,162,126,143,160,91,1,33,124,147,196,36,46,140,17,82,23,189,81,0,85,22,26,176,193,109,190,170,95,38,139,65,20,51,142,34,198,146,4,84,67,32,72,163,25,70,19,145,173,11,113,156,71,165,87,16,8,125,18,131,110,101,59,80,100,30,134,148,195,97,58,175,151,7,191,181,68,123,6,137,158,54,52,119,187,39,107,55,14,13,111,132,89,75,129,15,135,53,183,69,159,164,90,28,155,73,99,106,136,115,152,35,161,102,86,133,76,122,116,104,31,194,56,92,108,192,40,169,182,29,154,60,177,27,43,127,96,171,141,98,114,64,79,179,47,88,5,186,199,83,153,166,24,150,10,185,62,120,197,168,44,48,63];False
2472;7037;9509;[50,21,180,178,9,37,94,118,172,12,130,117,77,112,93,184,66,157,103,105,74,188,144,174,149,2,167,61,45,138,41,49,78,128,42,57,3,121,162,126,143,160,91,1,33,124,147,196,36,46,140,17,82,23,189,81,0,85,22,26,176,193,109,190,170,95,38,139,65,20,51,142,34,198,146,4,84,67,32,72,163,25,70,19,145,125,11,113,156,71,165,87,16,8,173,18,131,110,101,59,80,100,30,134,148,195,97,58,175,151,7,191,181,68,123,6,137,158,62,52,119,187,39,107,55,14,13,111,132,89,75,129,15,135,53,183,69,159,164,90,28,155,73,99,106,136,115,152,35,161,102,86,133,76,122,116,104,31,194,56,92,108,192,40,169,182,29,154,60,177,27,43,127,96,171,141,98,114,64,79,179,47,88,5,186,199,83,153,166,24,150,10,185,54,120,197,168,44,48,63];False
2473;7034;9507;[50,21,180,178,9,37,94,118,172,12,130,117,77,112,93,184,66,157,103,105,74,188,144,174,149,195,167,61,45,138,41,49,78,128,42,57,3,121,162,126,143,160,91,1,33,124,147,196,36,46,140,17,82,23,189,81,0,85,22,26,176,193,16,190,191,95,38,139,65,20,51,142,34,198,146,4,84,67,32,72,163,25,70,19,145,125,11,113,156,71,165,87,109,8,173,18,131,110,101,59,80,100,30,134,148,2,97,58,175,151,7,170,181,68,123,6,137,158,54,52,119,187,39,107,55,14,13,111,132,89,75,129,15,135,53,183,69,159,164,90,28,155,73,99,106,136,115,152,35,161,102,86,133,76,122,116,104,31,194,56,92,108,192,40,169,182,29,154,60,177,27,43,127,96,171,141,98,114,64,79,179,47,88,5,186,199,83,153,166,24,150,10,185,62,120,197,168,44,48,63];False
2469;7035;9504;[50,21,180,178,9,37,94,118,172,12,130,117,77,112,93,184,66,157,103,105,74,188,144,174,149,195,167,61,45,138,41,49,78,128,42,57,3,121,162,126,143,160,91,1,33,124,147,196,36,46,140,17,82,23,189,81,0,85,22,26,176,193,109,190,191,95,38,139,65,20,51,53,34,198,146,4,84,67,32,72,163,25,70,19,145,125,11,113,156,71,165,87,16,8,173,18,131,110,101,59,80,100,30,134,148,2,97,58,175,151,7,170,181,68,123,6,137,158,54,52,119,187,39,107,55,14,13,111,132,89,75,129,15,135,142,183,69,159,164,90,28,155,73,99,106,136,115,152,35,161,102,86,133,76,122,116,104,31,194,56,92,108,192,40,169,182,29,154,60,177,27,43,127,96,171,141,98,114,64,79,179,47,88,5,186,199,83,153,166,24,150,10,185,62,120,197,168,44,48,63];False
2426;7045;9471;[50,21,180,178,9,37,94,118,172,12,130,117,77,112,93,184,66,157,103,105,74,188,144,174,149,195,167,61,45,138,41,49,78,128,42,57,3,121,162,126,143,160,91,1,33,124,147,196,36,46,140,17,82,23,189,81,0,85,22,26,176,193,109,190,191,95,38,139,65,20,51,142,34,194,146,4,84,67,32,72,163,25,70,19,145,125,11,113,156,71,165,87,16,8,173,18,131,110,101,59,80,100,30,134,148,2,97,58,175,151,7,170,181,68,123,6,137,158,54,52,119,187,39,107,55,14,13,111,132,89,75,129,15,135,53,183,69,159,164,90,28,155,73,99,106,136,115,152,35,161,102,86,133,76,122,116,104,31,198,56,92,108,192,40,169,182,29,154,60,177,27,43,127,96,171,141,98,114,64,79,179,47,88,5,186,199,83,153,166,24,150,10,185,62,120,197,168,44,48,63];False
2530;7021;9551;[50,21,180,178,9,37,94,118,172,12,130,117,77,112,93,184,66,157,103,105,74,188,144,174,149,195,167,61,45,138,41,49,78,128,42,57,3,121,162,126,143,160,91,1,33,124,147,196,36,46,140,17,82,23,189,81,0,85,22,26,176,193,109,190,191,95,38,139,65,20,51,142,34,198,146,4,84,67,32,72,163,25,70,19,145,125,11,113,156,71,165,87,16,8,173,18,131,110,101,59,80,100,30,134,148,2,97,58,175,151,7,170,181,68,123,6,137,158,62,52,119,187,39,107,55,14,13,111,132,89,75,129,15,135,53,183,69,159,164,90,28,155,73,99,106,136,115,152,35,161,102,86,133,76,122,116,104,31,194,56,92,108,192,40,169,182,29,154,60,177,27,43,127,96,171,141,98,114,64,79,179,47,88,5,186,199,83,153,166,24,150,10,185,54,120,197,168,44,48,63];False
2523;7018;9541;[50,21,180,178,9,37,94,118,172,12,130,117,77,112,93,184,66,157,103,105,74,188,144,174,149,195,167,61,45,138,41,49,78,128,42,57,3,121,162,126,143,160,91,1,33,124,147,196,36,46,140,17,82,23,189,81,0,85,22,26,176,193,109,190,170,95,38,139,65,20,51,53,34,198,146,4,84,67,32,72,163,25,70,19,145,173,11,113,156,71,165,87,16,8,125,18,131,110,101,59,80,100,30,134,148,2,97,58,175,151,7,191,181,68,123,6,137,158,54,52,119,187,39,107,55,14,13,111,132,89,75,129,15,135,142,183,69,159,164,90,28,155,73,99,106,136,115,152,35,161,102,86,133,76,122,116,104,31,194,56,92,108,192,40,169,182,29,154,60,177,27,43,127,96,171,141,98,114,64,79,179,47,88,5,186,199,83,153,166,24,150,10,185,62,120,197,168,44,48,63];False
2561;7016;9577;[50,21,180,178,9,37,94,118,172,12,130,117,77,112,93,184,66,157,103,105,74,188,144,174,149,195,167,61,45,138,41,49,78,128,42,57,3,121,162,126,143,160,91,1,33,124,147,196,36,46,140,17,82,23,189,81,0,85,22,26,176,193,109,190,170,95,38,139,65,20,51,53,34,198,146,4,84,67,32,72,163,25,70,19,145,173,11,113,156,71,165,87,194,8,125,18,131,110,101,59,80,100,30,134,148,2,97,58,151,175,7,191,181,68,123,6,137,158,54,52,119,187,39,107,55,14,13,111,132,89,75,129,15,135,142,183,69,159,164,90,28,155,73,99,106,136,115,152,35,161,102,86,133,76,122,116,104,31,16,56,92,108,192,40,169,182,29,154,60,177,27,43,127,96,171,141,98,114,64,79,179,47,88,5,186,199,83,153,166,24,150,10,185,62,120,197,168,44,48,63];False
2417;7045;9462;[50,21,180,178,9,37,94,118,172,12,130,117,77,112,93,184,66,157,103,105,74,188,144,174,149,195,167,61,45,138,41,49,78,128,42,57,3,121,162,126,143,160,91,1,33,124,147,196,36,46,140,17,82,23,189,81,0,85,22,26,176,193,16,190,170,95,38,139,65,20,51,53,34,198,146,4,84,67,32,72,163,25,70,19,145,125,11,113,156,71,165,87,109,8,173,18,131,110,101,59,80,100,30,134,148,2,97,58,175,151,7,191,181,68,123,6,137,158,54,52,119,187,39,107,55,14,13,111,132,89,75,129,15,135,142,183,69,159,164,90,28,155,73,99,106,136,115,152,35,161,102,86,133,76,122,116,104,31,194,56,92,108,192,40,169,182,29,154,60,177,27,43,127,96,171,141,98,114,64,79,179,47,88,5,186,199,83,153,166,24,150,10,185,62,120,197,168,44,48,63];False
2370;7056;9426;[50,21,180,178,9,37,94,118,172,12,130,117,77,112,93,184,66,157,103,105,74,188,144,174,149,195,167,61,45,138,41,49,78,128,42,57,3,121,162,126,143,160,91,1,33,124,147,196,36,46,140,17,82,23,189,81,0,85,22,26,176,193,109,190,170,95,38,139,65,20,51,53,34,194,146,4,84,67,32,72,163,25,70,19,145,125,11,113,156,71,165,87,16,8,173,18,131,110,101,59,80,100,30,134,148,2,97,58,175,151,7,191,181,68,123,6,137,158,54,52,119,187,39,107,55,14,13,111,132,89,75,129,15,135,142,183,69,159,164,90,28,155,73,99,106,136,115,152,35,161,102,86,133,76,122,116,104,31,198,56,92,108,192,40,169,182,29,154,60,177,27,43,127,96,171,141,98,114,64,79,179,47,88,5,186,199,83,153,166,24,150,10,185,62,120,197,168,44,48,63];False
2379;7054;9433;[50,21,180,178,9,37,94,118,172,12,130,117,77,112,93,184,66,157,103,105,74,188,144,174,149,195,167,61,45,138,41,49,78,128,42,57,3,121,162,126,143,160,91,1,33,124,147,196,36,46,140,17,82,23,189,81,0,85,22,26,176,193,109,190,170,95,38,139,65,20,51,53,34,198,146,4,84,67,32,72,163,25,70,19,145,125,11,113,156,71,165,87,16,8,173,18,131,110,101,59,80,100,30,134,148,2,97,58,151,175,7,191,181,68,123,6,137,158,54,52,119,187,39,107,55,14,13,111,132,89,75,129,15,135,142,183,69,159,164,90,28,155,73,99,106,136,115,152,35,161,102,86,133,76,122,116,104,31,194,56,92,108,192,40,169,182,29,154,60,177,27,43,127,96,171,141,98,114,64,79,179,47,88,5,186,199,83,153,166,24,150,10,185,62,120,197,168,44,48,63];False
2474;7032;9506;[50,21,180,178,9,37,94,118,172,12,130,117,77,112,93,184,66,157,103,105,74,188,144,174,149,195,167,61,45,138,41,49,78,128,42,57,3,121,162,126,143,160,91,1,33,124,147,196,36,46,140,17,82,23,189,81,0,85,22,26,176,193,109,190,170,95,38,139,65,20,51,53,34,198,146,4,84,67,32,72,163,25,70,19,145,125,11,113,156,71,165,87,16,8,173,18,131,110,101,59,80,100,30,134,148,2,97,58,175,151,7,191,181,68,123,6,137,158,62,52,119,187,39,107,55,14,13,111,132,89,75,129,15,135,142,183,69,159,164,90,28,155,73,99,106,136,115,152,35,161,102,86,133,76,122,116,104,31,194,56,92,108,192,40,169,182,29,154,60,177,27,43,127,96,171,141,98,114,64,79,179,47,88,5,186,199,83,153,166,24,150,10,185,54,120,197,168,44,48,63];False
2547;7016;9563;[50,21,180,178,9,37,94,118,172,12,130,117,77,112,93,184,66,157,103,105,74,188,144,174,149,195,167,61,45,138,41,49,78,128,42,57,3,121,162,126,143,160,91,1,33,124,147,196,36,46,140,17,82,23,189,81,0,85,22,26,176,193,109,190,170,95,38,139,65,20,51,142,34,198,146,4,84,67,32,72,163,25,70,19,145,173,11,113,156,71,165,169,16,8,125,18,131,110,101,59,80,100,30,134,148,2,97,58,175,151,7,191,181,68,123,6,137,158,54,52,119,187,39,107,55,14,13,111,132,89,75,129,15,135,53,183,69,159,164,90,28,155,73,99,106,136,115,152,35,161,102,86,133,76,122,116,104,31,194,56,92,108,192,40,87,182,29,154,60,177,27,43,127,96,171,141,98,114,64,79,179,47,88,5,186,199,83,153,166,24,150,10,185,62,120,197,168,44,48,63];False
2565;7014;9579;[50,21,180,178,9,37,94,118,172,12,130,117,77,112,93,184,66,157,103,105,74,188,144,174,149,195,167,61,45,138,41,49,78,128,42,57,3,121,162,126,143,160,91,1,33,124,147,196,36,46,140,17,82,23,189,81,0,85,22,26,176,193,109,190,170,95,38,139,65,20,51,142,34,198,146,4,84,67,32,72,163,25,70,19,145,173,11,113,156,71,165,169,194,8,125,18,131,110,101,59,80,100,30,134,148,2,97,58,151,175,7,191,181,68,123,6,137,158,54,52,119,187,39,107,55,14,13,111,132,89,75,129,15,135,53,183,69,159,164,90,28,155,73,99,106,136,115,152,35,161,102,86,133,76,122,116,104,31,16,56,92,108,192,40,87,182,29,154,60,177,27,43,127,96,171,141,98,114,64,79,179,47,88,5,186,199,83,153,166,24,150,10,185,62,120,197,168,44,48,63];False
2472;7034;9506;[50,21,180,178,9,37,94,118,172,12,130,117,77,112,93,184,66,157,103,105,74,188,144,174,149,195,167,61,45,138,41,49,78,128,42,57,148,121,162,126,143,160,91,1,33,124,147,196,36,46,140,17,82,23,189,81,0,85,22,26,176,193,109,190,170,95,38,139,65,20,51,142,34,198,146,4,84,67,32,72,163,25,70,19,145,173,11,113,156,71,165,87,16,8,125,18,131,110,101,59,80,100,30,134,3,2,97,58,175,151,7,191,181,68,123,6,137,158,54,52,119,187,39,107,55,14,13,111,132,89,75,129,15,135,53,183,69,159,164,90,28,155,73,99,106,136,115,152,35,161,102,86,133,76,122,116,104,31,194,56,92,108,192,40,169,182,29,154,60,177,27,43,127,96,171,141,98,114,64,79,179,47,88,5,186,199,83,153,166,24,150,10,185,62,120,197,168,44,48,63];False
2527;7017;9544;[50,21,180,178,9,37,94,118,172,12,130,117,77,112,93,184,66,157,103,105,74,188,144,174,149,195,167,61,45,138,41,49,78,128,42,57,3,121,162,126,143,160,91,1,33,124,147,196,36,46,140,17,82,23,189,81,0,85,22,26,176,193,16,190,170,95,38,139,65,20,51,142,34,198,146,4,84,67,32,72,163,25,70,19,145,173,11,113,156,71,165,87,109,8,125,18,131,110,101,59,80,100,30,134,148,2,97,58,175,151,7,191,181,68,123,6,137,158,54,52,119,187,39,107,55,14,13,111,132,89,75,129,15,135,53,183,69,159,164,90,28,155,73,99,106,136,115,152,35,161,102,86,133,76,122,116,104,31,194,56,92,108,192,40,169,182,29,154,60,177,27,43,127,96,171,141,98,114,64,79,179,47,88,5,186,199,83,153,166,24,150,10,185,62,120,197,168,44,48,63];False
2515;7021;9536;[50,21,180,178,9,37,94,118,172,12,130,117,77,112,93,184,66,157,103,105,74,188,144,174,149,195,167,61,45,138,41,49,78,128,42,57,3,121,162,126,143,160,91,1,33,124,147,196,36,46,140,17,82,23,189,81,0,85,22,26,176,193,109,8,170,95,38,139,65,20,51,142,34,198,146,4,84,67,32,72,163,25,70,19,145,173,11,113,156,71,165,87,16,190,125,18,131,110,101,59,80,100,30,134,148,2,97,58,175,151,7,191,181,68,123,6,137,158,54,52,119,187,39,107,55,14,13,111,132,89,75,129,15,135,53,183,69,159,164,90,28,155,73,99,106,136,115,152,35,161,102,86,133,76,122,116,104,31,194,56,92,108,192,40,169,182,29,154,60,177,27,43,127,96,171,141,98,114,64,79,179,47,88,5,186,199,83,153,166,24,150,10,185,62,120,197,168,44,48,63];False
2480;7028;9508;[50,21,180,178,9,37,94,118,172,12,130,117,77,112,93,184,66,157,103,105,74,188,144,174,149,195,167,61,45,138,41,49,78,128,42,57,3,121,162,126,143,160,91,1,33,124,147,196,36,46,140,17,82,23,189,81,0,85,22,26,176,193,109,190,170,95,38,139,65,20,51,142,34,194,146,4,84,67,32,72,163,25,70,19,145,173,11,113,156,71,165,87,16,8,125,18,131,110,101,59,80,100,30,134,148,2,97,58,175,151,7,191,181,68,123,6,137,158,54,52,119,187,39,107,55,14,13,111,132,89,75,129,15,135,53,183,69,159,164,90,28,155,73,99,106,136,115,152,35,161,102,86,133,76,122,116,104,31,198,56,92,108,192,40,169,182,29,154,60,177,27,43,127,96,171,141,98,114,64,79,179,47,88,5,186,199,83,153,166,24,150,10,185,62,120,197,168,44,48,63];False
2461;7030;9491;[50,21,180,178,9,37,94,118,172,12,130,117,77,112,93,184,66,157,103,105,74,188,144,174,149,195,167,61,45,138,41,49,78,128,42,57,3,121,162,126,143,160,91,1,33,124,147,196,36,46,140,17,82,23,189,81,0,85,22,26,176,193,109,190,170,95,38,139,65,20,51,142,34,198,146,4,84,67,32,72,163,25,70,19,145,173,11,113,156,71,165,87,8,16,125,18,131,110,101,59,80,100,30,134,148,2,97,58,175,151,7,191,181,68,123,6,137,158,54,52,119,187,39,107,55,14,13,111,132,89,75,129,15,135,53,183,69,159,164,90,28,155,73,99,106,136,115,152,35,161,102,86,133,76,122,116,104,31,194,56,92,108,192,40,169,182,29,154,60,177,27,43,127,96,171,141,98,114,64,79,179,47,88,5,186,199,83,153,166,24,150,10,185,62,120,197,168,44,48,63];False
2489;7026;9515;[50,21,180,178,9,37,94,118,172,12,130,117,77,112,93,184,66,157,103,105,74,188,144,174,149,195,167,61,45,138,41,49,78,128,42,57,3,121,162,126,143,160,91,1,33,124,147,196,36,46,140,17,82,23,189,81,0,85,22,26,176,193,109,190,170,95,38,139,65,20,51,142,34,198,146,4,84,67,32,72,163,25,70,19,145,173,11,113,156,71,165,87,16,8,125,18,131,110,101,59,80,100,30,134,148,2,97,58,151,175,7,191,181,68,123,6,137,158,54,52,119,187,39,107,55,14,13,111,132,89,75,129,15,135,53,183,69,159,164,90,28,155,73,99,106,136,115,152,35,161,102,86,133,76,122,116,104,31,194,56,92,108,192,40,169,182,29,154,60,177,27,43,127,96,171,141,98,114,64,79,179,47,88,5,186,199,83,153,166,24,150,10,185,62,120,197,168,44,48,63];False
2584;7004;9588;[50,21,180,178,9,37,94,118,172,12,130,117,77,112,93,184,66,157,103,105,74,188,144,174,149,195,167,61,45,138,41,49,78,128,42,57,3,121,162,126,143,160,91,1,33,124,147,196,36,46,140,17,82,23,189,81,0,85,22,26,176,193,109,190,170,95,38,139,65,20,51,142,34,198,146,4,84,67,32,72,163,25,70,19,145,173,11,113,156,71,165,87,16,8,125,18,131,110,101,59,80,100,30,134,148,2,97,58,175,151,7,191,181,68,123,6,137,158,62,52,119,187,39,107,55,14,13,111,132,89,75,129,15,135,53,183,69,159,164,90,28,155,73,99,106,136,115,152,35,161,102,86,133,76,122,116,104,31,194,56,92,108,192,40,169,182,29,154,60,177,27,43,127,96,171,141,98,114,64,79,179,47,88,5,186,199,83,153,166,24,150,10,185,54,120,197,168,44,48,63];False
2391;7045;9436;[50,21,180,178,9,37,94,118,172,12,130,117,77,112,93,184,66,157,103,105,74,188,144,174,149,195,167,61,45,138,41,49,78,128,42,57,3,121,162,126,143,160,91,1,33,124,147,196,36,46,140,17,82,23,189,81,0,85,22,26,176,193,109,190,170,95,38,139,65,20,51,142,34,198,146,4,84,67,32,72,163,25,70,19,145,125,11,113,156,71,165,169,129,8,173,18,131,110,101,59,80,100,30,134,148,2,97,58,175,151,7,191,181,68,123,6,137,158,54,52,119,187,39,107,55,14,13,111,132,89,75,182,15,135,53,183,69,159,164,90,28,155,73,99,106,136,115,152,35,161,102,86,133,76,122,116,104,31,16,56,92,108,192,40,87,194,29,154,60,177,27,43,127,96,171,141,98,114,64,79,179,47,88,5,186,199,83,153,166,24,150,10,185,62,120,197,168,44,48,63];True
2429;7044;9473;[50,21,180,178,9,37,94,118,172,12,130,117,77,112,93,184,66,157,103,105,74,188,144,174,149,195,167,61,45,138,41,49,78,128,42,57,3,121,162,126,143,160,91,1,33,124,147,196,36,46,140,17,82,23,189,81,0,85,22,26,176,193,109,190,170,95,38,139,65,20,51,142,34,198,146,4,84,67,32,72,163,25,70,19,145,125,11,113,156,71,165,169,182,8,173,18,131,110,101,59,80,100,30,134,148,2,97,58,151,175,7,191,181,68,123,6,137,158,54,52,119,187,39,107,55,14,13,111,132,89,75,129,15,135,53,183,69,159,164,90,28,155,73,99,106,136,115,152,35,161,102,86,133,76,122,116,104,31,16,56,92,108,192,40,87,194,29,154,60,177,27,43,127,96,171,141,98,114,64,79,179,47,88,5,186,199,83,153,166,24,150,10,185,62,120,197,168,44,48,63];False
2374;7055;9429;[50,21,180,178,9,37,94,118,172,12,130,117,77,112,93,184,66,157,103,105,74,188,144,174,149,195,167,61,45,138,41,49,78,128,42,57,3,121,162,126,143,160,91,1,33,124,147,196,36,46,140,17,82,23,189,81,0,85,22,26,176,193,16,190,170,95,38,139,65,20,51,142,34,194,146,4,84,67,32,72,163,25,70,19,145,125,11,113,156,71,165,87,109,8,173,18,131,110,101,59,80,100,30,134,148,2,97,58,175,151,7,191,181,68,123,6,137,158,54,52,119,187,39,107,55,14,13,111,132,89,75,129,15,135,53,183,69,159,164,90,28,155,73,99,106,136,115,152,35,161,102,86,133,76,122,116,104,31,198,56,92,108,192,40,169,182,29,154,60,177,27,43,127,96,171,141,98,114,64,79,179,47,88,5,186,199,83,153,166,24,150,10,185,62,120,197,168,44,48,63];False
2319;7072;9391;[50,21,180,178,9,37,94,118,172,12,130,117,77,112,93,184,66,157,103,105,74,188,144,174,149,195,167,61,45,138,41,49,78,128,42,57,148,121,162,126,143,160,91,1,33,124,147,196,36,46,140,17,82,23,189,81,0,85,22,26,176,193,109,190,170,95,38,139,65,20,51,142,34,194,146,4,84,67,32,72,163,25,70,19,145,125,11,113,156,71,165,87,16,8,173,18,131,110,101,59,80,100,30,134,3,2,97,58,175,151,7,191,181,68,123,6,137,158,54,52,119,187,39,107,55,14,13,111,132,89,75,129,15,135,53,183,69,159,164,90,28,155,73,99,106,136,115,152,35,161,102,86,133,76,122,116,104,31,198,56,92,108,192,40,169,182,29,154,60,177,27,43,127,96,171,141,98,114,64,79,179,47,88,5,186,199,83,153,166,24,150,10,185,62,120,197,168,44,48,63];False
2336;7064;9400;[50,21,180,178,9,37,94,118,172,12,130,117,77,112,93,184,66,157,103,105,74,188,144,174,149,195,167,61,45,138,41,49,78,128,42,57,3,121,162,126,143,160,91,1,33,124,147,196,36,46,140,17,82,23,189,81,0,85,22,26,176,193,109,190,170,95,38,139,65,20,51,142,34,194,146,4,84,67,32,72,163,25,70,19,145,125,11,113,156,71,165,87,16,8,173,18,131,110,101,59,80,100,30,134,148,2,97,58,151,175,7,191,181,68,123,6,137,158,54,52,119,187,39,107,55,14,13,111,132,89,75,129,15,135,53,183,69,159,164,90,28,155,73,99,106,136,115,152,35,161,102,86,133,76,122,116,104,31,198,56,92,108,192,40,169,182,29,154,60,177,27,43,127,96,171,141,98,114,64,79,179,47,88,5,186,199,83,153,166,24,150,10,185,62,120,197,168,44,48,63];False
2431;7042;9473;[50,21,180,178,9,37,94,118,172,12,130,117,77,112,93,184,66,157,103,105,74,188,144,174,149,195,167,61,45,138,41,49,78,128,42,57,3,121,162,126,143,160,91,1,33,124,147,196,36,46,140,17,82,23,189,81,0,85,22,26,176,193,109,190,170,95,38,139,65,20,51,142,34,194,146,4,84,67,32,72,163,25,70,19,145,125,11,113,156,71,165,87,16,8,173,18,131,110,101,59,80,100,30,134,148,2,97,58,175,151,7,191,181,68,123,6,137,158,62,52,119,187,39,107,55,14,13,111,132,89,75,129,15,135,53,183,69,159,164,90,28,155,73,99,106,136,115,152,35,161,102,86,133,76,122,116,104,31,198,56,92,108,192,40,169,182,29,154,60,177,27,43,127,96,171,141,98,114,64,79,179,47,88,5,186,199,83,153,166,24,150,10,185,54,120,197,168,44,48,63];False
2440;7040;9480;[50,21,180,178,9,37,94,118,172,12,130,117,77,112,93,184,66,157,103,105,74,188,144,174,149,195,167,61,45,138,41,49,78,128,42,57,3,121,162,126,143,160,91,1,33,124,147,196,36,46,140,17,82,23,189,81,0,85,22,26,176,193,109,190,170,95,38,139,65,20,51,142,34,198,146,4,84,67,32,72,163,25,70,19,145,125,11,113,156,71,165,87,16,8,173,18,131,110,101,59,80,100,30,134,148,2,97,58,151,175,7,191,181,68,123,6,137,158,62,52,119,187,39,107,55,14,13,111,132,89,75,129,15,135,53,183,69,159,164,90,28,155,73,99,106,136,115,152,35,161,102,86,133,76,122,116,104,31,194,56,92,108,192,40,169,182,29,154,60,177,27,43,127,96,171,141,98,114,64,79,179,47,88,5,186,199,83,153,166,24,150,10,185,54,120,197,168,44,48,63];False
2308;7076;9384;[50,21,180,178,9,37,94,118,172,12,130,117,77,112,93,184,66,157,103,105,74,188,144,174,149,195,167,61,45,138,41,49,78,128,42,57,148,121,162,126,143,160,91,1,33,124,147,196,36,46,140,17,82,23,189,81,0,85,22,26,176,193,109,190,170,95,38,139,65,20,51,142,34,198,146,4,84,67,32,72,163,25,70,19,145,125,11,113,156,71,165,87,104,31,173,18,131,110,101,59,80,100,30,134,3,2,97,58,175,151,7,191,181,68,123,6,137,158,54,52,119,187,39,107,55,14,13,111,132,89,75,129,15,135,53,183,69,159,164,90,28,155,73,99,106,136,115,152,35,161,102,86,133,76,122,116,194,8,16,56,92,108,192,40,169,182,29,154,60,177,27,43,127,96,171,141,98,114,64,79,179,47,88,5,186,199,83,153,166,24,150,10,185,62,120,197,168,44,48,63];False
2325;7068;9393;[50,21,180,178,9,37,94,118,172,12,130,117,77,112,93,184,66,157,103,105,74,188,144,174,149,195,167,61,45,138,41,49,78,128,42,57,3,121,162,126,143,160,91,1,33,124,147,196,36,46,140,17,82,23,189,81,0,85,22,26,176,193,109,190,170,95,38,139,65,20,51,142,34,198,146,4,84,67,32,72,163,25,70,19,145,125,11,113,156,71,165,87,104,31,173,18,131,110,101,59,80,100,30,134,148,2,97,58,151,175,7,191,181,68,123,6,137,158,54,52,119,187,39,107,55,14,13,111,132,89,75,129,15,135,53,183,69,159,164,90,28,155,73,99,106,136,115,152,35,161,102,86,133,76,122,116,194,8,16,56,92,108,192,40,169,182,29,154,60,177,27,43,127,96,171,141,98,114,64,79,179,47,88,5,186,199,83,153,166,24,150,10,185,62,120,197,168,44,48,63];False
1528;7935;9463;[198,155,29,187,141,119,148,7,130,107,105,146,118,178,192,183,104,50,53,162,173,18,154,120,24,197,15,135,34,159,76,134,121,10,123,90,41,22,38,14,168,17,145,42,49,153,185,127,60,57,9,28,129,8,93,46,55,165,39,166,59,36,23,12,54,151,175,83,117,44,78,171,158,52,150,140,92,100,58,79,177,95,167,61,181,65,82,5,27,133,96,157,138,45,188,87,66,126,99,86,112,40,51,106,143,160,80,71,69,190,43,128,85,164,111,195,25,37,94,139,33,13,137,81,182,109,21,73,6,56,63,31,142,115,152,102,186,113,196,89,26,176,72,74,4,97,131,0,199,62,1,189,108,84,124,174,184,161,156,147,3,169,191,11,194,180,163,170,103,91,35,125,149,32,98,114,68,116,20,67,193,16,136,144,70,19,64,101,122,172,77,2,110,30,179,47,132,75,88,48];True
1549;7900;9449;[198,155,29,187,141,119,148,7,130,107,105,146,118,178,192,183,104,17,53,162,173,18,154,120,24,197,15,135,34,159,76,134,121,10,123,90,41,22,38,14,168,50,94,125,49,153,185,127,60,57,9,28,129,8,93,46,55,165,39,166,59,36,23,12,54,151,175,83,117,44,78,171,81,52,150,140,92,100,58,79,177,95,167,61,181,65,82,5,27,133,96,157,138,45,188,87,66,126,99,86,112,40,51,106,143,160,80,71,69,190,43,128,85,164,111,195,25,37,145,139,33,13,137,158,182,109,21,73,6,56,63,31,142,115,152,102,186,113,196,89,26,176,72,74,4,97,131,0,199,62,1,189,108,84,124,174,184,161,156,147,3,169,191,11,194,180,163,170,103,91,35,42,149,32,98,114,68,116,20,67,193,16,136,144,70,19,64,101,122,172,77,2,110,30,179,47,132,75,88,48];False
1548;7899;9447;[198,155,29,187,141,119,148,7,130,107,105,146,118,178,192,183,104,50,53,162,173,18,154,120,24,197,15,135,34,159,76,134,121,10,123,90,41,22,38,14,168,17,94,125,49,153,185,127,60,57,9,28,129,8,93,46,55,165,39,166,59,36,23,12,54,151,175,83,117,44,78,171,158,52,150,140,92,100,58,79,177,95,167,61,181,65,82,5,27,133,96,157,138,45,188,87,66,126,99,86,112,40,51,106,143,160,80,71,69,190,43,128,85,164,111,195,25,37,145,139,33,13,137,81,182,109,21,73,6,56,63,31,142,115,152,102,186,113,196,89,26,176,72,74,4,97,131,0,199,62,1,189,108,84,124,174,184,161,156,147,3,169,191,11,194,180,163,170,103,91,35,42,149,32,98,114,68,116,20,67,193,16,136,144,70,19,64,101,122,172,77,2,110,30,179,47,132,75,88,48];False
1555;7887;9442;[198,155,29,187,141,119,148,7,130,107,105,146,118,178,192,183,104,50,53,162,173,18,154,120,24,197,15,135,34,159,76,134,121,10,123,90,41,22,38,14,168,17,94,125,49,153,185,127,60,57,9,28,129,8,93,46,55,165,39,166,59,36,23,12,54,151,175,83,117,44,78,171,81,52,150,140,92,100,58,79,177,95,167,61,181,65,82,5,27,133,96,157,138,45,188,87,66,126,99,86,112,40,51,106,143,160,80,71,69,190,43,128,85,164,111,195,25,37,145,139,33,13,137,158,182,109,21,73,6,56,63,31,142,115,152,102,186,196,113,89,26,176,72,74,4,97,131,0,199,62,1,189,108,84,124,174,184,161,156,147,3,169,191,11,194,180,163,170,103,91,35,42,149,32,98,114,68,116,20,67,193,16,136,144,70,19,64,101,122,172,77,2,110,30,179,47,132,75,88,48];True
1589;7855;9444;[198,155,29,187,141,119,148,7,130,107,105,146,118,178,192,183,104,50,53,162,173,18,154,120,24,197,15,135,34,159,76,134,121,10,123,90,41,22,38,14,168,17,94,125,49,153,185,127,60,57,9,28,129,8,93,46,55,165,39,166,59,36,23,12,54,151,175,83,117,44,78,171,81,52,150,140,92,100,58,79,177,95,167,61,181,65,82,5,27,133,96,157,138,45,188,87,66,126,99,86,112,40,51,106,143,160,80,71,69,190,43,128,85,164,111,195,25,37,145,139,33,13,137,158,182,109,21,73,6,56,63,31,142,115,152,102,186,113,196,89,26,176,72,74,4,97,131,172,199,62,1,189,108,84,124,174,184,161,156,147,3,169,191,11,194,180,163,170,103,91,35,42,149,32,98,114,68,116,20,67,193,16,136,144,70,19,64,101,122,0,77,2,110,30,179,47,132,75,88,48];False
1543;7899;9442;[198,155,29,187,141,119,148,7,130,107,105,146,118,178,192,183,104,50,53,162,173,18,154,120,24,197,15,135,34,159,76,134,121,10,123,90,41,22,38,14,168,17,94,42,49,153,185,127,60,57,9,28,129,8,93,46,55,165,39,166,59,36,23,12,54,151,175,83,117,44,78,171,0,52,150,140,92,100,58,79,177,95,167,61,181,65,82,5,27,133,96,157,138,45,188,87,66,126,99,86,112,40,51,106,143,160,80,71,69,190,43,128,85,164,111,195,25,37,145,139,33,13,137,81,182,109,21,73,6,56,63,31,142,115,152,102,186,113,196,89,26,176,72,74,4,97,131,158,199,62,1,189,108,84,124,174,184,161,156,147,3,169,191,11,194,180,163,170,103,91,35,125,149,32,98,114,68,116,20,67,193,16,136,144,70,19,64,101,122,172,77,2,110,30,179,47,132,75,88,48];True
1587;7853;9440;[198,155,29,187,141,119,148,7,130,107,105,146,118,33,192,183,104,50,53,162,173,18,154,120,24,197,15,135,34,159,76,134,121,10,123,90,41,22,38,14,168,17,94,60,49,153,185,127,42,57,9,28,129,8,93,46,55,165,39,166,59,36,23,12,54,151,175,83,117,44,78,171,0,52,150,140,92,100,58,79,177,95,167,61,181,65,82,5,27,133,96,157,138,45,188,87,66,126,99,86,112,40,51,106,143,160,80,71,69,190,43,128,85,164,111,195,25,37,145,139,178,13,137,81,182,109,21,73,6,56,63,31,142,115,152,102,186,113,196,89,26,176,72,74,4,97,131,158,199,62,1,189,108,84,124,174,184,161,156,147,3,169,191,11,194,180,163,170,103,91,35,125,149,32,98,114,68,116,20,67,193,16,136,144,70,19,64,101,122,172,77,2,110,30,179,47,132,75,88,48];False
1566;7873;9439;[198,155,29,187,141,119,148,7,130,107,105,146,118,178,192,183,104,17,53,162,173,18,154,120,24,197,15,135,34,159,76,134,121,10,123,90,41,22,38,14,168,50,94,60,49,153,185,127,42,57,9,28,129,8,93,46,55,165,39,166,59,36,23,12,54,151,175,83,117,44,78,171,0,52,150,140,92,100,58,79,177,95,167,61,181,65,82,5,27,133,96,157,138,45,188,87,66,126,99,86,112,40,51,106,143,160,80,71,69,190,43,128,85,164,111,195,25,37,145,139,33,13,137,81,182,109,21,73,6,56,63,31,142,115,152,102,186,113,196,89,26,176,72,74,4,97,131,158,199,62,1,189,108,84,124,174,184,161,156,147,3,169,191,11,194,180,163,170,103,91,35,125,149,32,98,114,68,116,20,67,193,16,136,144,70,19,64,101,122,172,77,2,110,30,179,47,132,75,88,48];False
1581;7851;9432;[198,155,29,187,141,119,148,7,130,107,105,146,118,178,192,183,104,50,53,162,173,18,154,120,24,197,15,135,34,159,76,134,121,10,123,90,41,22,38,14,168,17,94,60,49,153,185,127,42,57,9,28,129,8,93,46,55,165,39,166,59,36,23,12,54,151,175,83,117,44,78,171,0,52,150,140,92,100,58,79,177,25,167,61,181,65,82,5,27,133,96,157,138,45,188,87,66,126,99,86,112,40,51,106,143,160,80,71,69,190,43,128,85,164,111,195,95,37,145,139,33,13,137,81,182,109,21,73,6,56,63,31,142,115,152,102,186,113,196,89,26,176,72,74,4,97,131,158,199,62,1,189,108,84,124,174,184,161,156,147,3,169,191,11,194,180,163,170,103,91,35,125,149,32,98,114,68,116,20,67,193,16,136,144,70,19,64,101,122,172,77,2,110,30,179,47,132,75,88,48];True
1572;7860;9432;[198,155,29,187,141,119,148,7,130,107,105,146,118,178,192,183,104,50,53,162,173,18,154,120,24,197,15,135,34,159,76,134,121,10,123,90,41,22,38,14,168,17,94,60,49,153,185,127,42,57,9,28,129,8,93,46,55,165,39,166,59,36,23,12,54,151,175,83,117,44,78,171,0,52,150,140,92,100,58,79,177,95,167,61,181,65,82,5,27,133,96,157,138,45,188,87,66,126,99,86,112,40,51,106,143,160,80,71,69,190,43,128,85,164,111,195,25,37,145,139,33,13,137,81,182,109,21,73,6,56,63,31,142,115,152,102,186,196,113,89,26,176,72,74,4,97,131,158,199,62,1,189,108,84,124,174,184,161,156,147,3,169,191,11,194,180,163,170,103,91,35,125,149,32,98,114,68,116,20,67,193,16,136,144,70,19,64,101,122,172,77,2,110,30,179,47,132,75,88,48];True
1493;8020;9513;[198,155,29,187,141,119,148,128,130,107,105,146,118,178,192,183,104,50,53,162,173,18,154,120,24,197,15,135,34,159,82,134,121,10,123,90,41,22,38,14,168,17,145,42,49,153,185,127,60,57,9,28,129,8,93,46,55,165,39,166,59,36,23,12,54,151,175,83,117,44,78,171,158,52,150,140,92,100,58,79,177,95,167,61,181,65,76,5,27,133,96,157,138,45,188,87,66,126,99,86,112,40,51,106,143,160,80,71,69,190,43,7,85,164,111,195,25,37,94,139,33,13,137,81,182,109,21,73,6,56,63,31,142,115,152,102,186,113,196,89,26,176,72,74,4,97,131,0,199,62,1,189,108,84,124,174,184,161,156,147,3,169,191,11,194,180,163,170,103,91,35,125,149,32,98,114,68,116,20,67,193,16,136,144,70,19,64,101,122,172,77,2,110,30,179,47,132,75,88,48];True
1492;8071;9563;[198,155,29,187,141,119,148,128,130,107,105,146,118,178,192,183,104,50,53,162,173,18,154,120,24,197,15,135,34,159,82,134,121,10,123,90,41,22,38,14,168,17,145,42,49,153,185,127,60,57,9,28,129,8,93,46,55,165,39,166,59,36,23,12,54,151,175,83,117,44,78,171,81,52,150,140,92,100,58,79,177,95,167,61,181,65,76,5,27,133,96,157,138,45,188,87,66,126,99,86,112,40,51,106,143,160,80,71,69,190,43,7,85,164,111,195,25,37,94,139,33,13,137,158,182,109,21,73,6,56,184,31,142,115,152,102,186,113,196,89,26,176,72,74,4,97,131,0,199,62,1,189,108,84,124,174,63,161,156,147,3,169,191,11,194,180,163,170,103,91,35,125,149,32,98,114,68,116,20,67,193,16,136,144,70,19,64,101,122,172,77,2,110,30,179,47,132,75,88,48];False
1492;8032;9524;[198,155,29,187,141,119,148,7,130,107,105,146,118,178,192,183,104,50,53,162,173,18,154,120,24,197,15,135,34,159,82,134,121,10,123,90,41,22,38,85,168,17,145,42,49,153,185,127,60,57,9,28,129,8,93,46,55,165,39,166,59,36,23,12,54,151,175,83,117,44,78,171,158,52,150,140,92,100,58,79,177,95,167,61,181,65,76,5,27,133,96,157,138,45,188,87,66,126,99,86,112,40,51,106,143,160,80,71,69,190,43,128,14,164,111,195,25,37,94,139,33,13,137,81,182,109,21,73,6,56,63,31,142,115,152,102,186,113,196,89,26,176,72,74,4,97,131,0,199,62,1,189,108,84,124,174,184,161,156,147,3,169,191,11,194,180,163,170,103,91,35,125,149,32,98,114,68,116,20,67,193,16,136,144,70,19,64,101,122,172,77,2,110,30,179,47,132,75,88,48];False
1498;7998;9496;[198,155,29,187,141,119,148,7,130,107,105,146,118,178,192,183,104,50,53,162,173,18,154,120,24,197,15,135,34,159,82,134,121,10,123,90,41,22,38,14,168,17,145,42,49,153,185,127,60,57,9,28,129,8,93,46,55,165,39,166,59,36,23,12,54,151,175,83,117,44,78,171,79,52,150,140,92,100,58,158,177,95,167,61,181,65,76,5,27,133,96,157,138,45,188,87,66,126,99,86,112,40,51,106,143,160,80,71,69,190,43,128,85,164,111,195,25,37,94,139,33,13,137,81,182,109,21,73,6,56,63,31,142,115,152,102,186,113,196,89,26,176,72,74,4,97,131,0,199,62,1,189,108,84,124,174,184,161,156,147,3,169,191,11,194,180,163,170,103,91,35,125,149,32,98,114,68,116,20,67,193,16,136,144,70,19,64,101,122,172,77,2,110,30,179,47,132,75,88,48];True
1509;7967;9476;[198,155,29,187,141,119,148,7,130,107,105,146,118,178,192,183,104,50,53,162,173,18,154,120,24,197,15,135,34,159,82,134,121,10,123,90,41,22,38,14,168,17,145,42,49,153,185,127,60,57,9,28,129,8,93,46,55,165,39,166,59,36,23,12,54,151,175,83,117,44,78,171,0,52,150,140,92,100,58,79,177,95,167,61,181,65,76,5,27,133,96,157,138,45,188,87,66,126,99,86,112,40,51,106,143,160,80,71,69,190,43,128,85,164,111,195,25,37,94,139,33,13,137,81,182,109,21,73,6,56,63,31,142,115,152,102,186,113,196,89,26,176,72,74,4,97,131,158,199,62,1,189,108,84,124,174,184,161,156,147,3,169,191,11,194,180,163,170,103,91,35,125,149,32,98,114,68,116,20,67,193,16,136,144,70,19,64,101,122,172,77,2,110,30,179,47,132,75,88,48];True
1529;7931;9460;[198,155,29,187,141,119,148,7,130,107,105,146,118,178,192,183,104,50,53,162,173,18,154,120,24,197,15,135,34,159,82,134,121,10,123,90,41,22,38,14,168,17,94,125,49,153,185,127,60,57,9,28,129,8,93,46,55,165,39,166,59,36,23,12,54,151,175,83,117,44,78,171,0,52,150,140,92,100,58,79,177,95,167,61,181,65,76,5,27,133,96,157,138,45,188,87,66,126,99,86,112,40,51,106,143,160,80,71,69,190,43,128,85,164,111,195,25,37,145,139,33,13,137,81,182,109,21,73,6,56,63,31,142,115,152,102,186,113,196,89,26,176,72,74,4,97,131,158,199,62,1,189,108,84,124,174,184,161,156,147,3,169,191,11,194,180,163,170,103,91,35,42,149,32,98,114,68,116,20,67,193,16,136,144,70,19,64,101,122,172,77,2,110,30,179,47,132,75,88,48];True
1519;7954;9473;[198,155,29,187,141,119,148,7,130,107,105,146,118,178,192,183,104,50,53,162,173,18,154,120,24,197,15,135,34,159,82,134,121,10,123,90,41,22,38,14,168,17,94,42,49,153,185,127,60,57,9,28,129,8,93,46,55,165,39,166,59,36,23,12,54,151,175,83,117,44,78,171,0,52,150,140,92,100,58,79,177,95,167,61,181,65,76,5,27,133,96,157,138,45,188,87,66,126,99,86,112,40,51,106,143,160,80,71,69,190,43,128,85,164,111,195,25,37,145,139,33,13,137,81,182,109,21,73,6,56,63,31,142,115,152,102,186,196,113,89,26,176,72,74,4,97,131,158,199,62,1,189,108,84,124,174,184,161,156,147,3,169,191,11,194,180,163,170,103,91,35,125,149,32,98,114,68,116,20,67,193,16,136,144,70,19,64,101,122,172,77,2,110,30,179,47,132,75,88,48];True
2611;6999;9610;[34,198,146,190,109,118,6,193,172,12,130,22,195,112,93,147,66,157,103,105,74,188,87,37,174,149,167,61,45,138,14,49,78,128,42,57,3,121,162,126,143,160,91,1,33,124,94,196,36,44,140,92,82,23,189,81,0,85,19,26,176,46,9,144,170,95,38,139,65,20,51,50,31,194,180,4,84,67,32,72,163,25,70,41,142,117,77,113,156,71,165,2,184,8,173,18,131,110,101,59,80,100,30,134,148,11,97,58,175,151,7,191,181,68,123,16,137,158,54,52,119,187,39,107,55,178,13,111,132,89,75,129,15,135,53,183,69,159,164,90,28,155,73,99,106,136,115,152,35,161,102,86,133,76,122,116,104,125,145,56,21,108,192,40,169,182,29,154,60,177,27,43,127,96,171,141,98,114,64,79,179,47,88,5,186,199,83,153,166,24,150,10,185,62,120,197,168,17,48,63];False
2592;6994;9586;[34,198,146,190,109,118,6,193,172,12,130,22,195,112,93,147,66,157,103,105,74,188,87,37,174,149,167,61,45,138,178,144,78,128,42,57,3,121,162,126,143,160,91,1,33,124,94,196,36,44,140,92,82,23,189,81,0,85,19,26,176,46,9,49,170,95,38,139,65,20,51,50,31,194,180,4,84,67,32,72,163,25,70,41,142,117,77,113,156,71,165,2,184,8,173,18,131,110,101,59,80,100,30,134,148,11,97,58,175,151,7,191,181,68,123,16,137,158,54,52,119,187,39,107,55,14,13,111,132,89,75,129,15,135,53,183,69,159,164,90,28,155,73,99,106,136,115,152,35,161,102,86,133,76,122,116,104,125,145,56,21,108,192,40,169,182,29,154,60,177,27,43,127,96,171,141,98,114,64,79,179,47,88,5,186,199,83,153,166,24,150,10,185,62,120,197,168,17,48,63];False
2581;7001;9582;[31,198,146,190,109,147,6,193,172,12,130,22,195,112,93,118,66,157,103,105,74,188,87,37,174,149,167,61,45,138,178,144,78,128,42,57,3,121,162,126,143,160,91,1,33,124,94,196,36,44,140,92,82,23,189,81,0,85,19,26,176,46,9,49,170,95,38,139,65,20,51,50,34,194,180,4,84,67,32,72,163,25,70,41,142,117,77,113,156,71,165,2,184,8,173,18,131,110,101,59,80,100,30,134,148,11,97,58,175,151,7,191,181,68,123,16,137,158,54,52,119,187,39,107,55,14,13,111,132,89,75,129,15,135,53,183,69,159,164,90,28,155,73,99,106,136,115,152,35,161,102,86,133,76,122,116,104,125,145,56,21,108,192,40,169,182,29,154,60,177,27,43,127,96,171,141,98,114,64,79,179,47,88,5,186,199,83,153,166,24,150,10,185,62,120,197,168,17,48,63];False
2700;6978;9678;[34,198,8,190,109,147,6,193,172,12,130,22,195,112,93,118,66,157,103,105,74,188,87,37,174,149,167,61,45,138,178,144,78,128,42,57,3,121,162,126,143,160,91,1,33,124,94,196,36,44,140,92,82,23,189,81,0,85,19,26,176,46,9,49,170,95,38,139,65,20,51,50,31,194,180,4,84,67,32,72,163,25,70,41,142,117,77,113,156,71,165,2,184,146,173,18,131,110,101,59,80,100,30,134,148,11,97,58,175,151,7,191,181,68,123,16,137,158,54,52,119,187,39,107,55,14,13,111,132,89,75,129,15,135,53,183,69,159,164,90,28,155,73,99,106,136,115,152,35,161,102,86,133,76,122,116,104,125,145,56,21,108,192,40,169,182,29,154,60,177,27,43,127,96,171,141,98,114,64,79,179,47,88,5,186,199,83,153,166,24,150,10,185,62,120,197,168,17,48,63];False
2675;6978;9653;[34,198,146,190,109,147,6,193,172,132,130,22,195,112,93,118,66,157,103,105,74,188,87,37,174,149,167,61,45,138,178,144,78,128,42,57,3,121,162,126,143,160,91,1,33,124,94,196,36,44,140,92,82,23,189,81,0,85,19,26,176,46,9,49,170,95,38,139,65,20,51,50,31,194,180,4,84,67,32,72,163,25,70,41,142,117,77,113,156,71,165,2,184,8,173,18,131,110,101,59,80,100,30,134,148,11,97,58,175,151,7,191,181,68,123,16,137,158,54,52,119,187,39,107,55,14,13,111,12,89,75,129,15,135,53,183,69,159,164,90,28,155,73,99,106,136,115,152,35,161,102,86,133,76,122,116,104,125,145,56,21,108,192,40,169,182,29,154,60,177,27,43,127,96,171,141,98,114,64,79,179,47,88,5,186,199,83,153,166,24,150,10,185,62,120,197,168,17,48,63];False
2672;6982;9654;[34,198,146,190,109,147,6,193,172,12,130,22,195,112,93,144,66,157,103,105,74,188,87,37,174,149,167,61,45,138,178,118,78,128,42,57,3,121,162,126,143,160,91,1,33,124,94,196,36,44,140,92,82,23,189,81,0,85,19,26,176,46,9,49,170,95,38,139,65,20,51,50,31,194,180,4,84,67,32,72,163,25,70,41,142,117,77,113,156,71,165,2,184,8,173,18,131,110,101,59,80,100,30,134,148,11,97,58,175,151,7,191,181,68,123,16,137,158,54,52,119,187,39,107,55,14,13,111,132,89,75,129,15,135,53,183,69,159,164,90,28,155,73,99,106,136,115,152,35,161,102,86,133,76,122,116,104,125,145,56,21,108,192,40,169,182,29,154,60,177,27,43,127,96,171,141,98,114,64,79,179,47,88,5,186,199,83,153,166,24,150,10,185,62,120,197,168,17,48,63];False
2707;6976;9683;[34,198,146,190,109,147,6,193,172,12,130,22,195,112,93,118,66,157,103,105,74,188,144,37,174,149,167,61,45,138,178,87,78,128,42,57,3,121,162,126,143,160,91,1,33,124,94,196,36,44,140,92,82,23,189,81,0,85,19,26,176,46,9,49,170,95,38,139,65,20,51,50,31,194,180,4,84,67,32,72,163,25,70,41,142,117,77,113,156,71,165,2,184,8,173,18,131,110,101,59,80,100,30,134,148,11,97,58,175,151,7,191,181,68,123,16,137,158,54,52,119,187,39,107,55,14,13,111,132,89,75,129,15,135,53,183,69,159,164,90,28,155,73,99,106,136,115,152,35,161,102,86,133,76,122,116,104,125,145,56,21,108,192,40,169,182,29,154,60,177,27,43,127,96,171,141,98,114,64,79,179,47,88,5,186,199,83,153,166,24,150,10,185,62,120,197,168,17,48,63];False
2670;6979;9649;[34,198,146,190,109,147,6,193,172,12,130,22,195,112,93,118,66,157,103,105,74,188,87,37,174,149,167,61,45,138,14,144,78,128,42,57,3,121,162,126,143,160,91,1,33,124,94,196,36,44,140,92,82,23,189,81,0,85,19,26,176,46,9,49,170,95,38,139,65,20,51,50,31,194,180,4,84,67,32,72,163,25,70,41,142,117,77,113,156,71,165,2,184,8,173,18,131,110,101,59,80,100,30,134,148,11,97,58,175,151,7,191,181,68,123,16,137,158,54,52,119,187,39,107,55,178,13,111,132,89,75,129,15,135,53,183,69,159,164,90,28,155,73,99,106,136,115,152,35,161,102,86,133,76,122,116,104,125,145,56,21,108,192,40,169,182,29,154,60,177,27,43,127,96,171,141,98,114,64,79,179,47,88,5,186,199,83,153,166,24,150,10,185,62,120,197,168,17,48,63];False
2601;6985;9586;[34,198,146,190,109,147,6,193,172,12,130,22,195,112,93,118,66,157,103,105,74,188,87,37,174,149,167,61,45,138,178,9,78,128,42,57,3,121,162,126,143,160,91,1,33,124,94,196,36,44,140,92,82,23,189,81,0,85,19,26,176,46,144,49,170,95,38,139,65,20,51,50,31,194,180,4,84,67,32,72,163,25,70,41,142,117,77,113,156,71,165,2,184,8,173,18,131,110,101,59,80,100,30,134,148,11,97,58,175,151,7,191,181,68,123,16,137,158,54,52,119,187,39,107,55,14,13,111,132,89,75,129,15,135,53,183,69,159,164,90,28,155,73,99,106,136,115,152,35,161,102,86,133,76,122,116,104,125,145,56,21,108,192,40,169,182,29,154,60,177,27,43,127,96,171,141,98,114,64,79,179,47,88,5,186,199,83,153,166,24,150,10,185,62,120,197,168,17,48,63];True
2708;6970;9678;[34,198,146,190,109,147,6,193,172,12,130,22,195,112,93,118,66,157,103,105,74,188,87,37,174,149,167,61,45,138,178,144,78,128,42,57,3,121,162,126,143,160,91,1,33,124,94,196,36,104,140,92,82,23,189,81,0,85,19,26,176,46,9,49,170,95,38,139,65,20,51,50,31,194,180,4,84,67,32,72,163,25,70,41,142,117,77,113,156,71,165,2,184,8,173,18,131,110,101,59,80,100,30,134,148,11,97,58,175,151,7,191,181,68,123,16,137,158,54,52,119,187,39,107,55,14,13,111,132,89,75,129,15,135,53,183,69,159,164,90,28,155,73,99,106,136,115,152,35,161,102,86,133,76,122,116,44,125,145,56,21,108,192,40,169,182,29,154,60,177,27,43,127,96,171,141,98,114,64,79,179,47,88,5,186,199,83,153,166,24,150,10,185,62,120,197,168,17,48,63];False
2699;6971;9670;[34,198,146,190,109,147,6,193,172,12,130,22,195,112,93,118,66,157,103,105,74,188,87,37,174,149,167,61,45,138,178,144,78,128,42,57,3,121,162,126,143,160,91,1,33,124,94,196,36,44,140,17,82,23,189,81,0,85,19,26,176,46,9,49,170,95,38,139,65,20,51,50,31,194,180,4,84,67,32,72,163,25,70,41,142,117,77,113,156,71,165,2,184,8,173,18,131,110,101,59,80,100,30,134,148,11,97,58,175,151,7,191,181,68,123,16,137,158,54,52,119,187,39,107,55,14,13,111,132,89,75,129,15,135,53,183,69,159,164,90,28,155,73,99,106,136,115,152,35,161,102,86,133,76,122,116,104,125,145,56,21,108,192,40,169,182,29,154,60,177,27,43,127,96,171,141,98,114,64,79,179,47,88,5,186,199,83,153,166,24,150,10,185,62,120,197,168,92,48,63];False
2739;6969;9708;[34,198,146,190,109,147,6,193,172,12,130,22,195,112,93,118,66,157,103,105,74,188,87,37,174,149,167,61,45,138,178,144,78,128,42,57,3,121,162,126,143,160,91,1,33,124,94,196,36,44,140,92,82,23,189,81,0,85,19,26,176,46,9,187,170,95,38,139,65,20,51,50,31,194,180,4,84,67,32,72,163,25,70,41,142,117,77,113,156,71,165,2,184,8,173,18,131,110,101,59,80,100,30,134,148,11,97,58,175,151,7,191,181,68,123,16,137,158,54,52,119,49,39,107,55,14,13,111,132,89,75,129,15,135,53,183,69,159,164,90,28,155,73,99,106,136,115,152,35,161,102,86,133,76,122,116,104,125,145,56,21,108,192,40,169,182,29,154,60,177,27,43,127,96,171,141,98,114,64,79,179,47,88,5,186,199,83,153,166,24,150,10,185,62,120,197,168,17,48,63];False
2620;6984;9604;[34,198,146,190,109,147,6,193,172,12,130,22,195,112,93,118,66,157,103,105,74,188,87,37,174,149,167,61,45,138,178,144,78,128,42,57,3,121,162,126,143,160,91,1,33,124,94,196,36,44,140,92,82,23,189,81,0,85,19,26,176,46,9,49,170,95,38,139,65,20,51,50,16,194,180,4,84,67,32,72,163,25,70,41,142,117,77,113,156,71,165,2,184,8,173,18,131,110,101,59,80,100,30,134,148,11,97,58,175,151,7,191,181,68,123,31,137,158,54,52,119,187,39,107,55,14,13,111,132,89,75,129,15,135,53,183,69,159,164,90,28,155,73,99,106,136,115,152,35,161,102,86,133,76,122,116,104,125,145,56,21,108,192,40,169,182,29,154,60,177,27,43,127,96,171,141,98,114,64,79,179,47,88,5,186,199,83,153,166,24,150,10,185,62,120,197,168,17,48,63];False
2647;6981;9628;[34,198,146,190,109,147,6,193,172,12,130,22,195,112,93,118,66,157,103,105,74,188,87,37,174,149,167,61,45,138,178,144,78,128,42,57,3,121,162,126,143,160,91,1,33,124,94,196,36,44,140,92,82,23,189,81,0,85,19,26,176,46,9,49,170,95,38,139,65,20,51,50,31,194,180,4,84,67,32,72,163,25,70,41,142,117,77,113,156,71,165,2,184,8,173,18,137,110,101,59,80,100,30,134,148,11,97,58,175,151,7,191,181,68,123,16,131,158,54,52,119,187,39,107,55,14,13,111,132,89,75,129,15,135,53,183,69,159,164,90,28,155,73,99,106,136,115,152,35,161,102,86,133,76,122,116,104,125,145,56,21,108,192,40,169,182,29,154,60,177,27,43,127,96,171,141,98,114,64,79,179,47,88,5,186,199,83,153,166,24,150,10,185,62,120,197,168,17,48,63];False
2666;6975;9641;[34,198,146,190,109,147,6,193,172,12,130,22,195,112,93,118,66,157,103,105,74,188,87,37,174,149,167,61,45,138,178,144,78,128,42,57,3,121,162,126,143,160,91,1,33,124,94,196,36,44,140,92,82,23,189,81,0,85,19,26,176,46,9,49,170,95,38,139,65,20,51,50,31,194,180,4,84,67,32,72,163,25,70,41,142,117,77,113,156,71,165,2,184,8,173,18,131,110,101,59,80,100,30,134,119,11,97,58,175,151,7,191,181,68,123,16,137,158,54,52,148,187,39,107,55,14,13,111,132,89,75,129,15,135,53,183,69,159,164,90,28,155,73,99,106,136,115,152,35,161,102,86,133,76,122,116,104,125,145,56,21,108,192,40,169,182,29,154,60,177,27,43,127,96,171,141,98,114,64,79,179,47,88,5,186,199,83,153,166,24,150,10,185,62,120,197,168,17,48,63];True
2723;6962;9685;[34,198,146,190,109,147,6,193,172,12,130,22,195,112,93,118,66,157,103,105,74,188,87,37,174,149,167,61,45,138,178,144,78,128,42,57,3,121,162,126,143,160,91,1,33,124,94,196,36,44,140,92,82,23,189,81,0,85,19,26,176,46,9,49,170,95,38,139,65,20,51,50,31,194,180,4,84,67,32,72,163,25,70,41,142,117,77,113,156,71,165,2,184,8,173,18,131,110,101,59,80,100,30,134,148,11,97,58,175,151,7,191,181,68,123,16,137,158,62,52,119,187,39,107,55,14,13,111,132,89,75,129,15,135,53,183,69,159,164,90,28,155,73,99,106,136,115,152,35,161,102,86,133,76,122,116,104,125,145,56,21,108,192,40,169,182,29,154,60,177,27,43,127,96,171,141,98,114,64,79,179,47,88,5,186,199,83,153,166,24,150,10,185,54,120,197,168,17,48,63];True
2950;6944;9894;[34,198,146,190,109,147,6,193,172,12,36,22,195,112,93,118,66,157,103,105,74,188,87,37,174,149,167,61,45,138,41,49,78,128,42,57,3,121,162,126,143,160,91,1,33,124,94,196,130,44,140,92,82,23,189,81,0,85,19,26,176,46,9,144,170,95,38,139,65,20,51,50,31,194,180,4,84,67,32,72,163,25,70,178,142,117,77,113,156,71,165,2,184,8,173,18,131,110,101,59,80,100,30,134,119,11,97,58,175,151,7,191,181,68,123,16,137,158,62,52,148,187,39,107,55,14,13,111,132,89,75,129,15,135,53,183,69,159,164,90,28,155,73,99,106,136,115,152,35,161,102,86,133,76,122,116,104,125,145,56,21,108,192,40,169,182,29,154,60,177,27,43,127,96,171,141,98,114,64,79,179,47,88,5,186,199,83,153,166,24,150,10,185,54,120,197,168,17,48,63];False
2946;6944;9890;[34,198,146,190,109,147,6,193,172,12,130,22,195,112,93,118,66,157,103,105,74,188,87,37,174,23,167,61,45,138,41,49,78,128,42,57,3,121,162,126,143,160,91,1,33,124,94,196,36,44,140,92,82,149,189,81,0,85,19,26,176,46,9,144,170,95,38,139,65,20,51,50,31,194,180,4,84,67,32,72,163,25,70,178,142,117,77,113,156,71,165,2,184,8,173,18,131,110,101,59,80,100,30,134,119,11,97,58,175,151,7,191,181,68,123,16,137,158,62,52,148,187,39,107,55,14,13,111,132,89,75,129,15,135,53,183,69,159,164,90,28,155,73,99,106,136,115,152,35,161,102,86,133,76,122,116,104,125,145,56,21,108,192,40,169,182,29,154,60,177,27,43,127,96,171,141,98,114,64,79,179,47,88,5,186,199,83,153,166,24,150,10,185,54,120,197,168,17,48,63];False
2980;6938;9918;[34,198,146,190,109,147,6,193,172,12,130,22,195,112,93,118,66,157,103,105,74,188,87,37,174,149,167,61,45,138,41,49,111,128,42,57,3,121,162,126,143,160,91,1,33,124,94,196,36,44,140,92,82,23,189,81,0,85,19,26,176,46,9,144,170,95,38,139,65,20,51,50,31,194,180,4,84,67,32,72,163,25,70,178,142,117,77,113,156,71,165,2,184,8,173,18,131,110,101,59,80,100,30,134,119,11,97,58,175,151,7,191,181,68,123,16,137,158,62,52,148,187,39,107,55,14,13,78,132,89,75,129,15,135,53,183,69,159,164,90,28,155,73,99,106,136,115,152,35,161,102,86,133,76,122,116,104,125,145,56,21,108,192,40,169,182,29,154,60,177,27,43,127,96,171,141,98,114,64,79,179,47,88,5,186,199,83,153,166,24,150,10,185,54,120,197,168,17,48,63];False
2942;6943;9885;[34,198,146,190,109,147,6,193,172,12,130,22,195,112,93,118,66,157,103,105,74,188,87,37,174,149,167,61,45,138,41,49,78,128,171,57,3,121,162,126,143,160,91,1,33,124,94,196,36,44,140,92,82,23,189,81,0,85,19,26,176,46,9,144,170,95,38,139,65,20,51,50,31,194,180,4,84,67,32,72,163,25,70,178,142,117,77,113,156,71,165,2,184,8,173,18,131,110,101,59,80,100,30,134,119,11,97,58,175,151,7,191,181,68,123,16,137,158,62,52,148,187,39,107,55,14,13,111,132,89,75,129,15,135,53,183,69,159,164,90,28,155,73,99,106,136,115,152,35,161,102,86,133,76,122,116,104,125,145,56,21,108,192,40,169,182,29,154,60,177,27,43,127,96,42,141,98,114,64,79,179,47,88,5,186,199,83,153,166,24,150,10,185,54,120,197,168,17,48,63];False
2970;6942;9912;[34,198,146,190,109,147,6,193,172,12,130,22,195,112,93,118,66,157,103,105,74,188,87,37,174,149,167,61,45,138,41,49,78,128,42,57,3,121,162,126,143,160,91,1,33,124,94,196,144,44,140,92,82,23,189,81,0,85,19,26,176,46,9,36,170,95,38,139,65,20,51,50,31,194,180,4,84,67,32,72,163,25,70,178,142,117,77,113,156,71,165,2,184,8,173,18,131,110,101,59,80,100,30,134,119,11,97,58,175,151,7,191,181,68,123,16,137,158,62,52,148,187,39,107,55,14,13,111,132,89,75,129,15,135,53,183,69,159,164,90,28,155,73,99,106,136,115,152,35,161,102,86,133,76,122,116,104,125,145,56,21,108,192,40,169,182,29,154,60,177,27,43,127,96,171,141,98,114,64,79,179,47,88,5,186,199,83,153,166,24,150,10,185,54,120,197,168,17,48,63];False
3008;6934;9942;[34,198,146,190,109,147,6,193,172,12,130,22,195,112,93,118,66,157,103,105,74,188,87,37,174,149,167,61,45,138,41,49,78,128,42,57,3,121,162,126,143,160,91,1,33,124,94,196,88,44,140,92,82,23,189,81,0,85,19,26,176,46,9,144,170,95,38,139,65,20,51,50,31,194,180,4,84,67,32,72,163,25,70,178,142,117,77,113,156,71,165,2,184,8,173,18,131,110,101,59,80,100,30,134,119,11,97,58,175,151,7,191,181,68,123,16,137,158,62,52,148,187,39,107,55,14,13,111,132,89,75,129,15,135,53,183,69,159,164,90,28,155,73,99,106,136,115,152,35,161,102,86,133,76,122,116,104,125,145,56,21,108,192,40,169,182,29,154,60,177,27,43,127,96,171,141,98,114,64,79,179,47,36,5,186,199,83,153,166,24,150,10,185,54,120,197,168,17,48,63];False
2894;6943;9837;[34,198,146,190,109,147,6,193,172,12,130,22,195,112,93,118,66,157,103,105,74,188,87,37,174,149,167,61,45,138,41,49,78,128,42,57,3,121,162,126,143,160,91,1,33,124,94,196,36,104,140,92,82,23,189,81,0,85,19,26,176,46,9,144,170,95,38,139,65,20,51,50,31,194,180,4,84,67,32,72,163,25,70,178,142,117,77,113,156,71,165,2,184,8,173,18,131,110,101,59,80,100,30,134,119,11,97,58,175,151,7,191,181,68,123,16,137,158,62,52,148,187,39,107,55,14,13,111,132,89,75,129,15,135,53,183,69,159,164,90,28,155,73,99,106,136,115,152,35,161,102,86,133,76,122,116,44,125,145,56,21,108,192,40,169,182,29,154,60,177,27,43,127,96,171,141,98,114,64,79,179,47,88,5,186,199,83,153,166,24,150,10,185,54,120,197,168,17,48,63];False
2968;6942;9910;[34,198,146,190,109,147,6,193,172,12,130,22,195,112,93,118,66,157,103,105,74,188,87,37,174,149,167,61,45,138,41,49,78,128,42,57,3,121,162,126,143,160,91,1,33,124,94,196,36,44,21,92,82,23,189,81,0,85,19,26,176,46,9,144,170,95,38,139,65,20,51,50,31,194,180,4,84,67,32,72,163,25,70,178,142,117,77,113,156,71,165,2,184,8,173,18,131,110,101,59,80,100,30,134,119,11,97,58,175,151,7,191,181,68,123,16,137,158,62,52,148,187,39,107,55,14,13,111,132,89,75,129,15,135,53,183,69,159,164,90,28,155,73,99,106,136,115,152,35,161,102,86,133,76,122,116,104,125,145,56,140,108,192,40,169,182,29,154,60,177,27,43,127,96,171,141,98,114,64,79,179,47,88,5,186,199,83,153,166,24,150,10,185,54,120,197,168,17,48,63];False
2974;6938;9912;[34,198,146,190,109,147,6,193,172,12,130,22,195,112,93,118,66,157,103,105,74,188,87,37,174,149,167,61,45,138,41,49,78,128,42,57,3,121,162,126,143,160,91,1,33,124,94,196,36,44,140,21,82,23,189,81,0,85,19,26,176,46,9,144,170,95,38,139,65,20,51,50,31,194,180,4,84,67,32,72,163,25,70,178,142,117,77,113,156,71,165,2,184,8,173,18,131,110,101,59,80,100,30,134,119,11,97,58,175,151,7,191,181,68,123,16,137,158,62,52,148,187,39,107,55,14,13,111,132,89,75,129,15,135,53,183,69,159,164,90,28,155,73,99,106,136,115,152,35,161,102,86,133,76,122,116,104,125,145,56,92,108,192,40,169,182,29,154,60,177,27,43,127,96,171,141,98,114,64,79,179,47,88,5,186,199,83,153,166,24,150,10,185,54,120,197,168,17,48,63];False
2885;6944;9829;[34,198,146,190,109,147,6,193,172,12,130,22,195,112,93,118,66,157,103,105,74,188,87,37,174,149,167,61,45,138,41,49,78,128,42,57,3,121,162,126,143,160,91,1,33,124,94,196,36,44,140,17,82,23,189,81,0,85,19,26,176,46,9,144,170,95,38,139,65,20,51,50,31,194,180,4,84,67,32,72,163,25,70,178,142,117,77,113,156,71,165,2,184,8,173,18,131,110,101,59,80,100,30,134,119,11,97,58,175,151,7,191,181,68,123,16,137,158,62,52,148,187,39,107,55,14,13,111,132,89,75,129,15,135,53,183,69,159,164,90,28,155,73,99,106,136,115,152,35,161,102,86,133,76,122,116,104,125,145,56,21,108,192,40,169,182,29,154,60,177,27,43,127,96,171,141,98,114,64,79,179,47,88,5,186,199,83,153,166,24,150,10,185,54,120,197,168,92,48,63];False
2806;6957;9763;[34,198,146,190,109,147,6,193,172,12,130,22,195,112,93,118,66,157,103,105,74,188,87,37,174,149,167,61,45,138,41,49,78,128,42,57,3,121,162,126,143,160,91,1,33,124,94,196,36,44,140,92,82,23,189,81,0,85,19,26,176,46,9,144,170,95,38,139,65,20,51,50,16,194,180,4,84,67,32,72,163,25,70,178,142,117,77,113,156,71,165,2,184,8,173,18,131,110,101,59,80,100,30,134,119,11,97,58,175,151,7,191,181,68,123,31,137,158,62,52,148,187,39,107,55,14,13,111,132,89,75,129,15,135,53,183,69,159,164,90,28,155,73,99,106,136,115,152,35,161,102,86,133,76,122,116,104,125,145,56,21,108,192,40,169,182,29,154,60,177,27,43,127,96,171,141,98,114,64,79,179,47,88,5,186,199,83,153,166,24,150,10,185,54,120,197,168,17,48,63];False
2833;6954;9787;[34,198,146,190,109,147,6,193,172,12,130,22,195,112,93,118,66,157,103,105,74,188,87,37,174,149,167,61,45,138,41,49,78,128,42,57,3,121,162,126,143,160,91,1,33,124,94,196,36,44,140,92,82,23,189,81,0,85,19,26,176,46,9,144,170,95,38,139,65,20,51,50,31,194,180,4,84,67,32,72,163,25,70,178,142,117,77,113,156,71,165,2,184,8,173,18,137,110,101,59,80,100,30,134,119,11,97,58,175,151,7,191,181,68,123,16,131,158,62,52,148,187,39,107,55,14,13,111,132,89,75,129,15,135,53,183,69,159,164,90,28,155,73,99,106,136,115,152,35,161,102,86,133,76,122,116,104,125,145,56,21,108,192,40,169,182,29,154,60,177,27,43,127,96,171,141,98,114,64,79,179,47,88,5,186,199,83,153,166,24,150,10,185,54,120,197,168,17,48,63];False
2939;6942;9881;[34,198,146,190,109,147,6,193,172,12,130,22,195,112,93,118,66,157,103,105,74,188,87,37,174,149,167,61,45,138,41,49,78,128,42,57,3,121,162,126,143,160,91,1,33,124,94,196,36,44,140,92,82,23,189,81,0,85,19,26,176,46,9,144,170,95,38,139,65,20,51,50,31,194,180,4,84,67,32,72,163,25,70,178,142,117,77,113,156,71,165,2,184,8,173,18,131,110,101,59,80,100,30,134,119,11,97,58,175,151,7,5,181,68,123,16,137,158,62,52,148,187,39,107,55,14,13,111,132,89,75,129,15,135,53,183,69,159,164,90,28,155,73,99,106,136,115,152,35,161,102,86,133,76,122,116,104,125,145,56,21,108,192,40,169,182,29,154,60,177,27,43,127,96,171,141,98,114,64,79,179,47,88,191,186,199,83,153,166,24,150,10,185,54,120,197,168,17,48,63];False
2837;6953;9790;[34,198,146,190,109,147,6,193,172,12,130,22,195,112,93,118,66,157,103,105,74,188,87,37,174,149,167,61,45,138,41,49,78,128,42,57,3,121,162,126,143,160,91,1,33,124,94,196,36,44,140,92,82,23,189,81,0,85,19,26,176,46,9,144,170,95,38,139,65,20,51,50,31,194,180,4,84,67,32,72,163,25,70,178,142,117,77,113,156,71,165,2,184,8,173,18,131,110,101,59,80,100,30,134,119,11,97,58,175,151,7,191,181,68,123,16,137,158,62,129,148,187,39,107,55,14,13,111,132,89,75,52,15,135,53,183,69,159,164,90,28,155,73,99,106,136,115,152,35,161,102,86,133,76,122,116,104,125,145,56,21,108,192,40,169,182,29,154,60,177,27,43,127,96,171,141,98,114,64,79,179,47,88,5,186,199,83,153,166,24,150,10,185,54,120,197,168,17,48,63];False
2993;6936;9929;[34,198,146,190,109,147,6,193,172,12,130,22,195,112,93,118,66,157,103,105,74,188,87,37,174,149,167,61,45,138,41,187,78,128,42,57,3,121,162,126,143,160,91,1,33,124,94,196,36,104,140,92,82,23,189,81,0,85,19,26,176,46,9,144,170,95,38,139,65,20,51,50,31,194,180,4,84,67,32,72,163,25,70,178,142,117,77,113,156,71,165,2,184,8,173,18,131,110,101,59,80,100,30,134,148,11,97,58,175,151,7,191,181,68,123,16,137,158,62,52,119,49,39,107,55,14,13,111,132,89,75,129,15,135,53,183,69,159,164,90,28,155,73,99,106,136,115,152,35,161,102,86,133,76,122,116,44,125,145,56,21,108,192,40,169,182,29,154,60,177,27,43,127,96,171,141,98,114,64,79,179,47,88,5,186,199,83,153,166,24,150,10,185,54,120,197,168,17,48,63];False
3022;6933;9955;[34,198,146,190,109,147,6,193,172,12,130,22,195,112,93,118,66,157,103,105,74,188,87,37,174,149,167,61,45,138,41,49,111,128,42,57,3,121,162,126,143,160,91,1,33,124,94,196,36,104,140,92,82,23,189,81,0,85,19,26,176,46,9,144,170,95,38,139,65,20,51,50,31,194,180,4,84,67,32,72,163,25,70,178,142,117,77,113,156,71,165,2,184,8,173,18,131,110,101,59,80,100,30,134,148,11,97,58,175,151,7,191,181,68,123,16,137,158,62,52,119,187,39,107,55,14,13,78,132,89,75,129,15,135,53,183,69,159,164,90,28,155,73,99,106,136,115,152,35,161,102,86,133,76,122,116,44,125,145,56,21,108,192,40,169,182,29,154,60,177,27,43,127,96,171,141,98,114,64,79,179,47,88,5,186,199,83,153,166,24,150,10,185,54,120,197,168,17,48,63];False
2944;6941;9885;[34,198,146,190,109,147,6,193,172,12,130,22,195,112,93,118,66,157,103,105,74,188,87,37,174,149,167,61,45,138,41,49,78,128,42,57,3,121,162,126,143,160,91,1,33,124,94,196,191,104,140,92,82,23,189,81,0,85,19,26,176,46,9,144,170,95,38,139,65,20,51,50,31,194,180,4,84,67,32,72,163,25,70,178,142,117,77,113,156,71,165,2,184,8,173,18,131,110,101,59,80,100,30,134,148,11,97,58,175,151,7,36,181,68,123,16,137,158,62,52,119,187,39,107,55,14,13,111,132,89,75,129,15,135,53,183,69,159,164,90,28,155,73,99,106,136,115,152,35,161,102,86,133,76,122,116,44,125,145,56,21,108,192,40,169,182,29,154,60,177,27,43,127,96,171,141,98,114,64,79,179,47,88,5,186,199,83,153,166,24,150,10,185,54,120,197,168,17,48,63];False
2847;6949;9796;[34,198,146,190,109,147,6,193,172,12,130,22,195,112,93,118,66,157,103,105,74,188,87,37,174,149,167,61,45,138,41,49,78,128,42,57,3,121,162,126,143,160,91,1,33,124,94,196,89,104,140,92,82,23,189,81,0,85,19,26,176,46,9,144,170,95,38,139,65,20,51,50,31,194,180,4,84,67,32,72,163,25,70,178,142,117,77,113,156,71,165,2,184,8,173,18,131,110,101,59,80,100,30,134,148,11,97,58,175,151,7,191,181,68,123,16,137,158,62,52,119,187,39,107,55,14,13,111,132,36,75,129,15,135,53,183,69,159,164,90,28,155,73,99,106,136,115,152,35,161,102,86,133,76,122,116,44,125,145,56,21,108,192,40,169,182,29,154,60,177,27,43,127,96,171,141,98,114,64,79,179,47,88,5,186,199,83,153,166,24,150,10,185,54,120,197,168,17,48,63];False
2935;6941;9876;[34,198,8,190,109,147,6,193,172,12,130,22,195,112,93,118,66,157,103,105,74,188,87,37,174,149,167,61,45,138,41,49,78,128,42,57,3,121,162,126,143,160,91,1,33,124,94,196,36,44,140,92,82,23,189,81,0,85,19,26,176,46,9,144,170,95,38,139,65,20,51,50,31,194,180,4,84,67,32,72,163,25,70,178,142,117,77,113,156,71,165,2,184,146,173,18,131,110,101,59,80,100,30,134,148,11,97,58,175,151,7,191,181,68,123,16,137,158,62,52,119,185,39,107,55,14,13,111,132,89,75,129,15,135,53,183,69,159,164,90,28,155,73,99,106,136,115,152,35,161,102,86,133,76,122,116,104,125,145,56,21,108,192,40,169,182,29,154,60,177,27,43,127,96,171,141,98,114,64,79,179,47,88,5,186,199,83,153,166,24,150,10,187,54,120,197,168,17,48,63];False
2910;6941;9851;[34,198,146,190,109,147,6,193,172,132,130,22,195,112,93,118,66,157,103,105,74,188,87,37,174,149,167,61,45,138,41,49,78,128,42,57,3,121,162,126,143,160,91,1,33,124,94,196,36,44,140,92,82,23,189,81,0,85,19,26,176,46,9,144,170,95,38,139,65,20,51,50,31,194,180,4,84,67,32,72,163,25,70,178,142,117,77,113,156,71,165,2,184,8,173,18,131,110,101,59,80,100,30,134,148,11,97,58,175,151,7,191,181,68,123,16,137,158,62,52,119,185,39,107,55,14,13,111,12,89,75,129,15,135,53,183,69,159,164,90,28,155,73,99,106,136,115,152,35,161,102,86,133,76,122,116,104,125,145,56,21,108,192,40,169,182,29,154,60,177,27,43,127,96,171,141,98,114,64,79,179,47,88,5,186,199,83,153,166,24,150,10,187,54,120,197,168,17,48,63];False
2999;6934;9933;[34,198,146,190,109,147,6,193,172,12,36,22,195,112,93,118,66,157,103,105,74,188,87,37,174,149,167,61,45,138,41,49,78,128,42,57,3,121,162,126,143,160,91,1,33,124,94,196,130,44,140,92,82,23,189,81,0,85,19,26,176,46,9,144,170,95,38,139,65,20,51,50,31,194,180,4,84,67,32,72,163,25,70,178,142,117,77,113,156,71,165,2,184,8,173,18,131,110,101,59,80,100,30,134,148,11,97,58,175,151,7,191,181,68,123,16,137,158,62,52,119,185,39,107,55,14,13,111,132,89,75,129,15,135,53,183,69,159,164,90,28,155,73,99,106,136,115,152,35,161,102,86,133,76,122,116,104,125,145,56,21,108,192,40,169,182,29,154,60,177,27,43,127,96,171,141,98,114,64,79,179,47,88,5,186,199,83,153,166,24,150,10,187,54,120,197,168,17,48,63];False
2995;6934;9929;[34,198,146,190,109,147,6,193,172,12,130,22,195,112,93,118,66,157,103,105,74,188,87,37,174,23,167,61,45,138,41,49,78,128,42,57,3,121,162,126,143,160,91,1,33,124,94,196,36,44,140,92,82,149,189,81,0,85,19,26,176,46,9,144,170,95,38,139,65,20,51,50,31,194,180,4,84,67,32,72,163,25,70,178,142,117,77,113,156,71,165,2,184,8,173,18,131,110,101,59,80,100,30,134,148,11,97,58,175,151,7,191,181,68,123,16,137,158,62,52,119,185,39,107,55,14,13,111,132,89,75,129,15,135,53,183,69,159,164,90,28,155,73,99,106,136,115,152,35,161,102,86,133,76,122,116,104,125,145,56,21,108,192,40,169,182,29,154,60,177,27,43,127,96,171,141,98,114,64,79,179,47,88,5,186,199,83,153,166,24,150,10,187,54,120,197,168,17,48,63];False
2818;6953;9771;[34,198,146,190,109,147,6,193,172,12,130,22,195,112,93,118,66,157,103,105,74,188,87,37,174,149,167,61,45,138,178,49,78,128,42,57,3,121,162,126,143,160,91,1,33,124,94,196,36,44,140,92,82,23,189,81,0,85,19,26,176,46,9,144,170,95,38,139,65,20,51,50,31,194,180,4,84,67,32,72,163,25,70,41,142,117,77,113,156,71,165,2,184,8,173,18,131,110,101,59,80,100,30,134,148,11,97,58,175,151,7,191,181,68,123,16,137,158,62,52,119,185,39,107,55,14,13,111,132,89,75,129,15,135,53,183,69,159,164,90,28,155,73,99,106,136,115,152,35,161,102,86,133,76,122,116,104,125,145,56,21,108,192,40,169,182,29,154,60,177,27,43,127,96,171,141,98,114,64,79,179,47,88,5,186,199,83,153,166,24,150,10,187,54,120,197,168,17,48,63];False
3029;6928;9957;[34,198,146,190,109,147,6,193,172,12,130,22,195,112,93,118,66,157,103,105,74,188,87,37,174,149,167,61,45,138,41,49,111,128,42,57,3,121,162,126,143,160,91,1,33,124,94,196,36,44,140,92,82,23,189,81,0,85,19,26,176,46,9,144,170,95,38,139,65,20,51,50,31,194,180,4,84,67,32,72,163,25,70,178,142,117,77,113,156,71,165,2,184,8,173,18,131,110,101,59,80,100,30,134,148,11,97,58,175,151,7,191,181,68,123,16,137,158,62,52,119,185,39,107,55,14,13,78,132,89,75,129,15,135,53,183,69,159,164,90,28,155,73,99,106,136,115,152,35,161,102,86,133,76,122,116,104,125,145,56,21,108,192,40,169,182,29,154,60,177,27,43,127,96,171,141,98,114,64,79,179,47,88,5,186,199,83,153,166,24,150,10,187,54,120,197,168,17,48,63];False
2991;6933;9924;[34,198,146,190,109,147,6,193,172,12,130,22,195,112,93,118,66,157,103,105,74,188,87,37,174,149,167,61,45,138,41,49,78,128,171,57,3,121,162,126,143,160,91,1,33,124,94,196,36,44,140,92,82,23,189,81,0,85,19,26,176,46,9,144,170,95,38,139,65,20,51,50,31,194,180,4,84,67,32,72,163,25,70,178,142,117,77,113,156,71,165,2,184,8,173,18,131,110,101,59,80,100,30,134,148,11,97,58,175,151,7,191,181,68,123,16,137,158,62,52,119,185,39,107,55,14,13,111,132,89,75,129,15,135,53,183,69,159,164,90,28,155,73,99,106,136,115,152,35,161,102,86,133,76,122,116,104,125,145,56,21,108,192,40,169,182,29,154,60,177,27,43,127,96,42,141,98,114,64,79,179,47,88,5,186,199,83,153,166,24,150,10,187,54,120,197,168,17,48,63];False
3024;6932;9956;[34,198,146,190,109,147,6,193,172,12,130,22,195,112,93,118,66,157,103,105,74,188,87,37,174,149,167,61,45,138,41,49,78,128,42,57,26,121,162,126,143,160,91,1,33,124,94,196,36,44,140,92,82,23,189,81,0,85,19,3,176,46,9,144,170,95,38,139,65,20,51,50,31,194,180,4,84,67,32,72,163,25,70,178,142,117,77,113,156,71,165,2,184,8,173,18,131,110,101,59,80,100,30,134,148,11,97,58,175,151,7,191,181,68,123,16,137,158,62,52,119,185,39,107,55,14,13,111,132,89,75,129,15,135,53,183,69,159,164,90,28,155,73,99,106,136,115,152,35,161,102,86,133,76,122,116,104,125,145,56,21,108,192,40,169,182,29,154,60,177,27,43,127,96,171,141,98,114,64,79,179,47,88,5,186,199,83,153,166,24,150,10,187,54,120,197,168,17,48,63];False
3019;6932;9951;[34,198,146,190,109,147,6,193,172,12,130,22,195,112,93,118,66,157,103,105,74,188,87,37,174,149,167,61,45,138,41,49,78,128,42,57,3,121,162,126,143,160,91,1,33,124,94,196,144,44,140,92,82,23,189,81,0,85,19,26,176,46,9,36,170,95,38,139,65,20,51,50,31,194,180,4,84,67,32,72,163,25,70,178,142,117,77,113,156,71,165,2,184,8,173,18,131,110,101,59,80,100,30,134,148,11,97,58,175,151,7,191,181,68,123,16,137,158,62,52,119,185,39,107,55,14,13,111,132,89,75,129,15,135,53,183,69,159,164,90,28,155,73,99,106,136,115,152,35,161,102,86,133,76,122,116,104,125,145,56,21,108,192,40,169,182,29,154,60,177,27,43,127,96,171,141,98,114,64,79,179,47,88,5,186,199,83,153,166,24,150,10,187,54,120,197,168,17,48,63];False
3057;6924;9981;[34,198,146,190,109,147,6,193,172,12,130,22,195,112,93,118,66,157,103,105,74,188,87,37,174,149,167,61,45,138,41,49,78,128,42,57,3,121,162,126,143,160,91,1,33,124,94,196,88,44,140,92,82,23,189,81,0,85,19,26,176,46,9,144,170,95,38,139,65,20,51,50,31,194,180,4,84,67,32,72,163,25,70,178,142,117,77,113,156,71,165,2,184,8,173,18,131,110,101,59,80,100,30,134,148,11,97,58,175,151,7,191,181,68,123,16,137,158,62,52,119,185,39,107,55,14,13,111,132,89,75,129,15,135,53,183,69,159,164,90,28,155,73,99,106,136,115,152,35,161,102,86,133,76,122,116,104,125,145,56,21,108,192,40,169,182,29,154,60,177,27,43,127,96,171,141,98,114,64,79,179,47,36,5,186,199,83,153,166,24,150,10,187,54,120,197,168,17,48,63];False
2943;6933;9876;[34,198,146,190,109,147,6,193,172,12,130,22,195,112,93,118,66,157,103,105,74,188,87,37,174,149,167,61,45,138,41,49,78,128,42,57,3,121,162,126,143,160,91,1,33,124,94,196,36,104,140,92,82,23,189,81,0,85,19,26,176,46,9,144,170,95,38,139,65,20,51,50,31,194,180,4,84,67,32,72,163,25,70,178,142,117,77,113,156,71,165,2,184,8,173,18,131,110,101,59,80,100,30,134,148,11,97,58,175,151,7,191,181,68,123,16,137,158,62,52,119,185,39,107,55,14,13,111,132,89,75,129,15,135,53,183,69,159,164,90,28,155,73,99,106,136,115,152,35,161,102,86,133,76,122,116,44,125,145,56,21,108,192,40,169,182,29,154,60,177,27,43,127,96,171,141,98,114,64,79,179,47,88,5,186,199,83,153,166,24,150,10,187,54,120,197,168,17,48,63];False
3017;6932;9949;[34,198,146,190,109,147,6,193,172,12,130,22,195,112,93,118,66,157,103,105,74,188,87,37,174,149,167,61,45,138,41,49,78,128,42,57,3,121,162,126,143,160,91,1,33,124,94,196,36,44,21,92,82,23,189,81,0,85,19,26,176,46,9,144,170,95,38,139,65,20,51,50,31,194,180,4,84,67,32,72,163,25,70,178,142,117,77,113,156,71,165,2,184,8,173,18,131,110,101,59,80,100,30,134,148,11,97,58,175,151,7,191,181,68,123,16,137,158,62,52,119,185,39,107,55,14,13,111,132,89,75,129,15,135,53,183,69,159,164,90,28,155,73,99,106,136,115,152,35,161,102,86,133,76,122,116,104,125,145,56,140,108,192,40,169,182,29,154,60,177,27,43,127,96,171,141,98,114,64,79,179,47,88,5,186,199,83,153,166,24,150,10,187,54,120,197,168,17,48,63];False
3023;6928;9951;[34,198,146,190,109,147,6,193,172,12,130,22,195,112,93,118,66,157,103,105,74,188,87,37,174,149,167,61,45,138,41,49,78,128,42,57,3,121,162,126,143,160,91,1,33,124,94,196,36,44,140,21,82,23,189,81,0,85,19,26,176,46,9,144,170,95,38,139,65,20,51,50,31,194,180,4,84,67,32,72,163,25,70,178,142,117,77,113,156,71,165,2,184,8,173,18,131,110,101,59,80,100,30,134,148,11,97,58,175,151,7,191,181,68,123,16,137,158,62,52,119,185,39,107,55,14,13,111,132,89,75,129,15,135,53,183,69,159,164,90,28,155,73,99,106,136,115,152,35,161,102,86,133,76,122,116,104,125,145,56,92,108,192,40,169,182,29,154,60,177,27,43,127,96,171,141,98,114,64,79,179,47,88,5,186,199,83,153,166,24,150,10,187,54,120,197,168,17,48,63];False
2934;6934;9868;[34,198,146,190,109,147,6,193,172,12,130,22,195,112,93,118,66,157,103,105,74,188,87,37,174,149,167,61,45,138,41,49,78,128,42,57,3,121,162,126,143,160,91,1,33,124,94,196,36,44,140,17,82,23,189,81,0,85,19,26,176,46,9,144,170,95,38,139,65,20,51,50,31,194,180,4,84,67,32,72,163,25,70,178,142,117,77,113,156,71,165,2,184,8,173,18,131,110,101,59,80,100,30,134,148,11,97,58,175,151,7,191,181,68,123,16,137,158,62,52,119,185,39,107,55,14,13,111,132,89,75,129,15,135,53,183,69,159,164,90,28,155,73,99,106,136,115,152,35,161,102,86,133,76,122,116,104,125,145,56,21,108,192,40,169,182,29,154,60,177,27,43,127,96,171,141,98,114,64,79,179,47,88,5,186,199,83,153,166,24,150,10,187,54,120,197,168,92,48,63];False
2855;6947;9802;[34,198,146,190,109,147,6,193,172,12,130,22,195,112,93,118,66,157,103,105,74,188,87,37,174,149,167,61,45,138,41,49,78,128,42,57,3,121,162,126,143,160,91,1,33,124,94,196,36,44,140,92,82,23,189,81,0,85,19,26,176,46,9,144,170,95,38,139,65,20,51,50,16,194,180,4,84,67,32,72,163,25,70,178,142,117,77,113,156,71,165,2,184,8,173,18,131,110,101,59,80,100,30,134,148,11,97,58,175,151,7,191,181,68,123,31,137,158,62,52,119,185,39,107,55,14,13,111,132,89,75,129,15,135,53,183,69,159,164,90,28,155,73,99,106,136,115,152,35,161,102,86,133,76,122,116,104,125,145,56,21,108,192,40,169,182,29,154,60,177,27,43,127,96,171,141,98,114,64,79,179,47,88,5,186,199,83,153,166,24,150,10,187,54,120,197,168,17,48,63];False
2882;6944;9826;[34,198,146,190,109,147,6,193,172,12,130,22,195,112,93,118,66,157,103,105,74,188,87,37,174,149,167,61,45,138,41,49,78,128,42,57,3,121,162,126,143,160,91,1,33,124,94,196,36,44,140,92,82,23,189,81,0,85,19,26,176,46,9,144,170,95,38,139,65,20,51,50,31,194,180,4,84,67,32,72,163,25,70,178,142,117,77,113,156,71,165,2,184,8,173,18,137,110,101,59,80,100,30,134,148,11,97,58,175,151,7,191,181,68,123,16,131,158,62,52,119,185,39,107,55,14,13,111,132,89,75,129,15,135,53,183,69,159,164,90,28,155,73,99,106,136,115,152,35,161,102,86,133,76,122,116,104,125,145,56,21,108,192,40,169,182,29,154,60,177,27,43,127,96,171,141,98,114,64,79,179,47,88,5,186,199,83,153,166,24,150,10,187,54,120,197,168,17,48,63];False
2988;6932;9920;[34,198,146,190,109,147,6,193,172,12,130,22,195,112,93,118,66,157,103,105,74,188,87,37,174,149,167,61,45,138,41,49,78,128,42,57,3,121,162,126,143,160,91,1,33,124,94,196,36,44,140,92,82,23,189,81,0,85,19,26,176,46,9,144,170,95,38,139,65,20,51,50,31,194,180,4,84,67,32,72,163,25,70,178,142,117,77,113,156,71,165,2,184,8,173,18,131,110,101,59,80,100,30,134,148,11,97,58,175,151,7,5,181,68,123,16,137,158,62,52,119,185,39,107,55,14,13,111,132,89,75,129,15,135,53,183,69,159,164,90,28,155,73,99,106,136,115,152,35,161,102,86,133,76,122,116,104,125,145,56,21,108,192,40,169,182,29,154,60,177,27,43,127,96,171,141,98,114,64,79,179,47,88,191,186,199,83,153,166,24,150,10,187,54,120,197,168,17,48,63];False
2837;6949;9786;[34,198,146,190,109,147,6,193,172,12,130,22,195,112,93,118,66,157,103,105,74,188,87,37,174,149,167,61,45,138,41,49,78,128,42,57,3,121,162,126,143,160,91,1,33,124,94,196,36,44,140,92,82,23,189,81,0,85,19,26,176,46,9,144,170,95,38,139,65,20,51,50,31,194,180,4,84,67,32,72,163,25,70,178,142,117,77,113,156,71,165,2,184,8,173,18,131,110,101,59,80,100,30,134,148,11,97,58,175,151,7,191,181,68,123,16,137,158,62,52,119,43,39,107,55,14,13,111,132,89,75,129,15,135,53,183,69,159,164,90,28,155,73,99,106,136,115,152,35,161,102,86,133,76,122,116,104,125,145,56,21,108,192,40,169,182,29,154,60,177,27,185,127,96,171,141,98,114,64,79,179,47,88,5,186,199,83,153,166,24,150,10,187,54,120,197,168,17,48,63];False
2532;7016;9548;[34,198,146,190,109,118,6,193,172,12,130,22,195,112,93,147,66,157,103,105,74,188,87,37,174,149,167,61,45,138,41,49,78,128,42,57,3,121,162,126,143,160,91,1,33,124,94,196,36,44,140,92,82,23,189,81,0,85,19,26,176,46,164,144,170,95,38,139,65,20,51,50,31,194,180,4,84,67,32,72,163,25,70,178,9,117,77,113,156,71,165,2,184,8,173,18,131,110,101,59,80,100,30,134,148,11,97,58,175,151,7,191,181,68,123,90,137,158,54,52,119,187,39,107,55,14,13,111,132,89,75,129,15,135,53,183,69,159,16,142,28,155,73,99,106,136,115,152,35,161,102,86,133,76,122,116,104,125,145,56,21,108,192,40,169,182,29,154,60,177,27,43,127,96,171,141,98,114,64,79,179,47,88,5,186,199,83,153,166,24,150,10,185,62,120,197,168,17,48,63];False
2563;7010;9573;[34,198,146,190,109,147,6,193,172,12,130,22,195,112,93,118,66,157,103,105,74,188,87,37,174,149,167,61,45,138,41,49,78,128,42,57,3,121,162,126,143,160,91,1,33,124,94,196,36,46,140,92,82,23,189,81,0,85,19,26,176,44,164,144,170,95,38,139,65,20,51,50,31,194,180,4,84,67,32,72,163,25,70,178,9,117,77,113,156,71,165,2,184,8,173,18,131,110,101,59,80,100,30,134,148,11,97,58,175,151,7,191,181,68,123,90,137,158,54,52,119,187,39,107,55,14,13,111,132,89,75,129,15,135,53,183,69,159,16,142,28,155,73,99,106,136,115,152,35,161,102,86,133,76,122,116,104,125,145,56,21,108,192,40,169,182,29,154,60,177,27,43,127,96,171,141,98,114,64,79,179,47,88,5,186,199,83,153,166,24,150,10,185,62,120,197,168,17,48,63];False
2564;7006;9570;[34,198,146,190,109,147,6,193,172,12,130,22,195,112,93,118,66,157,103,105,74,188,87,37,174,149,167,61,45,138,41,49,78,128,42,57,3,121,162,126,143,160,91,1,33,124,94,196,36,44,140,92,82,23,189,81,0,85,19,26,176,46,164,144,170,95,38,139,65,20,51,50,16,194,180,4,84,67,32,72,163,25,70,178,9,117,77,113,156,71,165,2,184,8,173,18,131,110,101,59,80,100,30,134,148,11,97,58,175,151,7,191,181,68,123,90,137,158,54,52,119,187,39,107,55,14,13,111,132,89,75,129,15,135,53,183,69,159,31,142,28,155,73,99,106,136,115,152,35,161,102,86,133,76,122,116,104,125,145,56,21,108,192,40,169,182,29,154,60,177,27,43,127,96,171,141,98,114,64,79,179,47,88,5,186,199,83,153,166,24,150,10,185,62,120,197,168,17,48,63];False
2562;7013;9575;[34,198,146,190,109,147,6,193,172,12,130,22,195,112,93,118,66,157,103,105,74,188,87,37,174,149,167,61,45,138,41,49,78,128,42,57,3,121,162,126,143,160,91,1,33,124,94,196,36,44,140,92,82,23,189,81,0,85,19,26,176,46,164,144,170,95,38,139,65,20,51,50,31,194,180,4,84,67,32,72,163,25,70,178,9,117,11,113,156,71,165,2,184,8,173,18,131,110,101,59,80,100,30,134,148,77,97,58,175,151,7,191,181,68,123,90,137,158,54,52,119,187,39,107,55,14,13,111,132,89,75,129,15,135,53,183,69,159,16,142,28,155,73,99,106,136,115,152,35,161,102,86,133,76,122,116,104,125,145,56,21,108,192,40,169,182,29,154,60,177,27,43,127,96,171,141,98,114,64,79,179,47,88,5,186,199,83,153,166,24,150,10,185,62,120,197,168,17,48,63];False
3175;6916;10091;[34,103,70,190,109,147,6,193,172,12,130,22,195,112,93,118,66,157,20,51,74,188,87,37,174,149,167,61,45,138,178,49,78,128,42,57,191,121,162,126,143,160,91,1,33,124,94,196,36,104,140,92,82,23,189,81,0,85,19,26,176,46,9,41,3,95,38,139,144,48,50,168,31,194,180,4,84,67,32,72,163,25,105,65,16,117,77,113,156,71,165,2,184,8,173,18,131,110,101,59,80,100,30,134,148,11,97,58,175,151,7,170,181,68,198,142,137,158,62,52,119,185,39,107,55,14,13,111,132,89,75,129,15,135,53,183,69,159,164,90,28,155,73,99,106,136,115,152,35,161,102,86,133,76,122,116,44,125,145,56,21,108,192,40,169,182,29,154,60,177,27,43,127,96,171,141,98,114,64,79,179,47,88,5,186,199,83,153,166,24,150,10,187,54,120,197,123,17,146,63];False
3153;6914;10067;[34,103,105,190,109,147,6,193,172,132,130,22,195,112,93,118,66,157,20,51,74,188,87,37,174,149,167,61,45,138,178,49,78,128,42,57,191,121,162,126,143,160,91,1,33,124,94,196,36,104,140,92,82,23,189,81,0,85,19,26,176,46,9,41,3,95,38,139,144,48,50,168,31,194,180,4,84,67,32,72,163,25,70,65,16,117,77,113,156,71,165,2,184,8,173,18,131,110,101,59,80,100,30,134,148,11,97,58,175,151,7,170,181,68,198,142,137,158,62,52,119,185,39,107,55,14,13,111,12,89,75,129,15,135,53,183,69,159,164,90,28,155,73,99,106,136,115,152,35,161,102,86,133,76,122,116,44,125,145,56,21,108,192,40,169,182,29,154,60,177,27,43,127,96,171,141,98,114,64,79,179,47,88,5,186,199,83,153,166,24,150,10,187,54,120,197,123,17,146,63];False
3179;6912;10091;[34,103,105,190,109,147,6,193,172,12,36,22,195,112,93,118,66,157,20,51,74,188,87,37,174,149,167,61,45,138,178,49,78,128,42,57,191,121,162,126,143,160,91,1,33,124,94,196,130,104,140,92,82,23,189,81,0,85,19,26,176,46,9,41,3,95,38,139,144,48,50,168,31,194,180,4,84,67,32,72,163,25,70,65,16,117,77,113,156,71,165,2,184,8,173,18,131,110,101,59,80,100,30,134,148,11,97,58,175,151,7,170,181,68,198,142,137,158,62,52,119,185,39,107,55,14,13,111,132,89,75,129,15,135,53,183,69,159,164,90,28,155,73,99,106,136,115,152,35,161,102,86,133,76,122,116,44,125,145,56,21,108,192,40,169,182,29,154,60,177,27,43,127,96,171,141,98,114,64,79,179,47,88,5,186,199,83,153,166,24,150,10,187,54,120,197,123,17,146,63];False
3117;6915;10032;[34,103,105,190,109,147,6,193,172,12,130,22,195,112,93,118,66,157,20,51,74,188,87,37,174,149,167,61,45,138,14,49,78,128,42,57,191,121,162,126,143,160,91,1,33,124,94,196,36,104,140,92,82,23,189,81,0,85,19,26,176,46,9,41,3,95,38,139,144,48,50,168,31,194,180,4,84,67,32,72,163,25,70,65,16,117,77,113,156,71,165,2,184,8,173,18,131,110,101,59,80,100,30,134,148,11,97,58,175,151,7,170,181,68,198,142,137,158,62,52,119,185,39,107,55,178,13,111,132,89,75,129,15,135,53,183,69,159,164,90,28,155,73,99,106,136,115,152,35,161,102,86,133,76,122,116,44,125,145,56,21,108,192,40,169,182,29,154,60,177,27,43,127,96,171,141,98,114,64,79,179,47,88,5,186,199,83,153,166,24,150,10,187,54,120,197,123,17,146,63];False
3174;6911;10085;[34,103,105,190,109,147,6,193,172,12,130,22,195,112,93,118,66,157,20,51,74,188,87,37,174,149,167,61,45,138,178,78,49,128,42,57,191,121,162,126,143,160,91,1,33,124,94,196,36,104,140,92,82,23,189,81,0,85,19,26,176,46,9,41,3,95,38,139,144,48,50,168,31,194,180,4,84,67,32,72,163,25,70,65,16,117,77,113,156,71,165,2,184,8,173,18,131,110,101,59,80,100,30,134,148,11,97,58,175,151,7,170,181,68,198,142,137,158,62,52,119,185,39,107,55,14,13,111,132,89,75,129,15,135,53,183,69,159,164,90,28,155,73,99,106,136,115,152,35,161,102,86,133,76,122,116,44,125,145,56,21,108,192,40,169,182,29,154,60,177,27,43,127,96,171,141,98,114,64,79,179,47,88,5,186,199,83,153,166,24,150,10,187,54,120,197,123,17,146,63];False
3196;6908;10104;[34,103,105,190,109,147,6,193,172,12,130,22,195,112,93,118,66,157,20,51,74,188,87,37,174,149,167,61,45,138,178,13,78,128,42,57,191,121,162,126,143,160,91,1,33,124,94,196,36,104,140,92,82,23,189,81,0,85,19,26,176,46,9,41,3,95,38,139,144,48,50,168,31,194,180,4,84,67,32,72,163,25,70,65,16,117,77,113,156,71,165,2,184,8,173,18,131,110,101,59,80,100,30,134,148,11,97,58,175,151,7,170,181,68,198,142,137,158,62,52,119,185,39,107,55,14,49,111,132,89,75,129,15,135,53,183,69,159,164,90,28,155,73,99,106,136,115,152,35,161,102,86,133,76,122,116,44,125,145,56,21,108,192,40,169,182,29,154,60,177,27,43,127,96,171,141,98,114,64,79,179,47,88,5,186,199,83,153,166,24,150,10,187,54,120,197,123,17,146,63];False
3272;6901;10173;[34,103,105,190,109,147,6,193,172,12,130,22,195,112,93,118,66,157,20,51,74,188,87,37,174,149,167,61,45,138,178,49,111,128,42,57,191,121,162,126,143,160,91,1,33,124,94,196,36,104,140,92,82,23,189,81,0,85,19,26,176,46,9,41,3,95,38,139,144,48,50,168,31,194,180,4,84,67,32,72,163,25,70,65,16,117,77,113,156,71,165,2,184,8,173,18,131,110,101,59,80,100,30,134,148,11,97,58,175,151,7,170,181,68,198,142,137,158,62,52,119,185,39,107,55,14,13,78,132,89,75,129,15,135,53,183,69,159,164,90,28,155,73,99,106,136,115,152,35,161,102,86,133,76,122,116,44,125,145,56,21,108,192,40,169,182,29,154,60,177,27,43,127,96,171,141,98,114,64,79,179,47,88,5,186,199,83,153,166,24,150,10,187,54,120,197,123,17,146,63];False
3234;6906;10140;[34,103,105,190,109,147,6,193,172,12,130,22,195,112,93,118,66,157,20,51,74,188,87,37,174,149,167,61,45,138,178,49,78,128,171,57,191,121,162,126,143,160,91,1,33,124,94,196,36,104,140,92,82,23,189,81,0,85,19,26,176,46,9,41,3,95,38,139,144,48,50,168,31,194,180,4,84,67,32,72,163,25,70,65,16,117,77,113,156,71,165,2,184,8,173,18,131,110,101,59,80,100,30,134,148,11,97,58,175,151,7,170,181,68,198,142,137,158,62,52,119,185,39,107,55,14,13,111,132,89,75,129,15,135,53,183,69,159,164,90,28,155,73,99,106,136,115,152,35,161,102,86,133,76,122,116,44,125,145,56,21,108,192,40,169,182,29,154,60,177,27,43,127,96,42,141,98,114,64,79,179,47,88,5,186,199,83,153,166,24,150,10,187,54,120,197,123,17,146,63];False
3097;6917;10014;[34,103,105,190,109,147,6,193,172,12,130,22,195,112,93,118,66,157,20,51,74,188,87,37,174,149,167,61,45,138,178,49,78,128,42,57,191,121,162,126,143,160,91,1,33,124,94,196,89,104,140,92,82,23,189,81,0,85,19,26,176,46,9,41,3,95,38,139,144,48,50,168,31,194,180,4,84,67,32,72,163,25,70,65,16,117,77,113,156,71,165,2,184,8,173,18,131,110,101,59,80,100,30,134,148,11,97,58,175,151,7,170,181,68,198,142,137,158,62,52,119,185,39,107,55,14,13,111,132,36,75,129,15,135,53,183,69,159,164,90,28,155,73,99,106,136,115,152,35,161,102,86,133,76,122,116,44,125,145,56,21,108,192,40,169,182,29,154,60,177,27,43,127,96,171,141,98,114,64,79,179,47,88,5,186,199,83,153,166,24,150,10,187,54,120,197,123,17,146,63];True
1432;8599;10031;[117,49,102,122,114,60,2,129,72,105,99,73,140,178,192,10,123,17,8,94,173,18,25,120,24,197,15,9,150,143,67,75,147,65,124,142,130,22,38,21,135,14,115,151,7,153,187,127,39,107,85,76,50,53,93,131,30,134,137,86,181,82,23,12,54,158,121,168,3,98,78,110,81,52,106,118,183,83,26,79,185,148,167,61,59,36,46,5,41,133,96,157,138,45,188,87,66,126,198,159,174,1,51,29,154,156,160,71,69,190,43,128,101,164,111,88,40,37,145,139,33,13,172,195,182,109,141,35,6,56,189,194,31,171,97,57,186,113,196,89,162,146,28,74,4,92,100,0,199,62,44,34,108,20,55,155,184,161,80,58,177,169,191,11,104,180,163,170,95,91,90,125,149,32,68,63,27,116,175,165,193,16,136,144,70,19,64,103,152,84,77,112,179,176,42,47,132,166,119,48];False
1442;8552;9994;[3,49,102,122,114,176,2,129,72,105,99,73,140,178,192,10,123,17,8,94,173,18,25,120,24,197,15,9,150,143,67,75,147,65,124,142,130,22,38,21,135,14,115,151,7,153,187,127,39,107,85,76,50,53,93,131,30,134,137,86,181,82,23,12,54,158,121,168,117,98,78,110,81,52,106,118,183,83,26,79,185,148,167,61,59,36,46,5,41,133,96,157,138,45,188,87,66,126,198,159,174,1,51,29,154,156,160,71,69,190,43,128,101,164,111,88,40,37,145,139,33,13,172,195,182,109,141,35,6,56,189,194,31,171,97,57,186,113,196,89,162,146,28,74,4,92,100,0,199,62,44,34,108,20,55,155,184,161,80,58,177,169,191,11,104,180,163,170,95,91,90,125,149,32,68,63,27,116,175,165,193,16,136,144,70,19,64,103,152,84,77,112,179,60,42,47,132,166,119,48];False
1425;8623;10048;[3,49,102,122,114,60,2,129,72,14,99,73,140,178,192,10,123,17,8,94,173,18,25,120,24,197,15,9,150,143,67,75,147,65,124,142,130,22,38,21,135,105,115,151,7,153,187,127,39,107,85,76,50,53,93,131,30,134,137,86,181,82,23,12,54,158,121,168,117,98,78,110,81,52,106,118,183,83,26,79,185,148,167,61,59,36,46,5,41,133,96,157,138,45,188,87,66,126,198,159,174,1,51,29,154,156,160,71,69,190,43,128,101,164,111,88,40,37,145,139,33,13,172,195,182,109,141,35,6,56,189,194,31,171,97,57,186,113,196,89,162,146,28,74,4,92,100,0,199,62,44,34,108,20,55,155,184,161,80,58,177,169,191,11,104,180,163,170,95,91,90,125,149,32,68,63,27,116,175,165,193,16,136,144,70,19,64,103,152,84,77,112,179,176,42,47,132,166,119,48];False
1416;8678;10094;[60,49,34,122,114,3,2,129,72,14,99,73,140,178,192,10,123,17,8,94,173,18,25,120,24,197,15,9,150,143,67,75,147,65,124,142,130,22,38,21,135,105,115,151,7,153,187,127,39,107,85,76,50,53,93,131,30,134,137,86,181,82,23,12,54,158,121,168,117,98,78,110,81,52,106,118,183,83,26,79,185,148,167,61,59,36,46,5,41,133,96,157,138,45,188,87,66,126,198,159,174,1,51,29,154,156,160,71,69,190,43,128,101,164,111,88,40,37,145,139,33,13,172,195,182,109,141,35,6,56,189,194,31,171,97,57,186,113,196,89,162,146,28,74,4,92,100,0,199,62,44,102,108,20,55,155,184,161,80,58,177,169,191,11,104,180,163,170,95,91,90,125,149,32,68,63,27,116,175,165,193,16,136,144,70,19,64,103,152,84,77,112,179,176,42,47,132,166,119,48];False
1416;8641;10057;[60,49,102,122,114,3,2,129,72,14,99,73,140,178,192,10,123,17,8,94,173,18,25,120,24,197,15,9,150,143,67,75,147,65,124,168,130,22,38,21,135,105,115,151,7,153,187,127,39,107,85,76,50,53,93,131,30,134,137,86,181,82,23,12,54,158,121,142,117,98,78,110,81,52,106,118,183,83,26,79,185,148,167,61,59,36,46,5,41,133,96,157,138,45,188,87,66,126,198,159,174,1,51,29,154,156,160,71,69,190,43,128,101,164,111,88,40,37,145,139,33,13,172,195,182,109,141,35,6,56,189,194,31,171,97,57,186,113,196,89,162,146,28,74,4,92,100,0,199,62,44,34,108,20,55,155,184,161,80,58,177,169,191,11,104,180,163,170,95,91,90,125,149,32,68,63,27,116,175,165,193,16,136,144,70,19,64,103,152,84,77,112,179,176,42,47,132,166,119,48];False
1437;8597;10034;[60,49,102,122,114,3,2,129,72,14,99,73,140,178,192,10,123,17,8,94,173,18,25,120,24,197,15,9,150,143,67,75,147,65,124,142,130,22,38,21,135,105,115,151,7,153,187,127,39,107,101,76,50,53,93,131,30,134,137,86,181,82,23,12,54,158,121,168,117,98,78,110,81,52,106,118,183,83,26,79,185,148,167,61,59,36,46,5,41,133,96,157,138,45,188,87,66,126,198,159,174,1,51,29,154,156,160,71,69,190,43,128,85,164,111,88,40,37,145,139,33,13,172,195,182,109,141,35,6,56,189,194,31,171,97,57,186,113,196,89,162,146,28,74,4,92,100,0,199,62,44,34,108,20,55,155,184,161,80,58,177,169,191,11,104,180,163,170,95,91,90,125,149,32,68,63,27,116,175,165,193,16,136,144,70,19,64,103,152,84,77,112,179,176,42,47,132,166,119,48];False
1426;8594;10020;[60,49,102,122,114,3,2,129,72,14,99,73,140,178,192,10,123,17,8,94,173,18,25,120,24,197,15,9,150,143,67,75,147,65,124,142,130,22,38,21,135,105,115,151,7,153,187,127,39,107,85,76,50,53,106,131,30,134,137,86,181,82,23,12,54,158,121,168,117,98,78,110,81,52,93,118,183,83,26,79,185,148,167,61,59,36,46,5,41,133,96,157,138,45,188,87,66,126,198,159,174,1,51,29,154,156,160,71,69,190,43,128,101,164,111,88,40,37,145,139,33,13,172,195,182,109,141,35,6,56,189,194,31,171,97,57,186,113,196,89,162,146,28,74,4,92,100,0,199,62,44,34,108,20,55,155,184,161,80,58,177,169,191,11,104,180,163,170,95,91,90,125,149,32,68,63,27,116,175,165,193,16,136,144,70,19,64,103,152,84,77,112,179,176,42,47,132,166,119,48];False
1412;8659;10071;[60,49,102,122,114,3,2,129,72,14,99,73,140,178,192,10,123,17,8,94,173,18,25,120,24,197,15,9,150,143,67,75,147,65,124,142,130,22,38,21,135,105,115,151,7,153,187,127,39,107,85,76,50,53,93,131,30,134,58,86,181,82,23,12,54,158,121,168,117,98,78,110,81,52,106,118,183,83,26,79,185,148,167,61,59,36,46,5,41,133,96,157,138,45,188,87,66,126,198,159,174,1,51,29,154,156,160,71,69,190,43,128,101,164,111,88,40,37,145,139,33,13,172,195,182,109,141,35,6,56,189,194,31,171,97,57,186,113,196,89,162,146,28,74,4,92,100,0,199,62,44,34,108,20,55,155,184,161,80,137,177,169,191,11,104,180,163,170,95,91,90,125,149,32,68,63,27,116,175,165,193,16,136,144,70,19,64,103,152,84,77,112,179,176,42,47,132,166,119,48];False
1413;8642;10055;[60,49,102,122,114,3,2,129,72,14,99,73,140,178,192,10,123,17,8,94,173,18,25,120,24,197,15,9,150,143,67,75,147,65,124,142,130,22,38,21,135,105,115,151,7,153,187,127,39,107,85,76,50,53,93,131,30,134,91,86,181,82,23,12,54,158,121,168,117,98,78,110,81,52,106,118,183,83,26,79,185,148,167,61,59,36,46,5,41,133,96,157,138,45,188,87,66,126,198,159,174,1,51,29,154,156,160,71,69,190,43,128,101,164,111,88,40,37,145,139,33,13,172,195,182,109,141,35,6,56,189,194,31,171,97,57,186,113,196,89,162,146,28,74,4,92,100,0,199,62,44,34,108,20,55,155,184,161,80,58,177,169,191,11,104,180,163,170,95,137,90,125,149,32,68,63,27,116,175,165,193,16,136,144,70,19,64,103,152,84,77,112,179,176,42,47,132,166,119,48];False
1440;8585;10025;[60,49,102,122,114,3,2,129,72,14,99,73,140,178,192,10,123,17,8,94,173,18,25,120,24,197,15,9,150,143,67,75,147,65,124,142,130,22,38,21,135,105,115,151,7,153,187,127,39,107,85,76,50,53,93,131,30,134,137,86,181,82,23,12,54,158,121,168,117,98,78,110,81,52,106,118,183,83,64,79,185,148,167,61,59,36,46,5,41,133,96,157,138,45,188,87,66,126,198,159,174,1,51,29,154,156,160,71,69,190,43,128,101,164,111,88,40,37,145,139,33,13,172,195,182,109,141,35,6,56,189,194,31,171,97,57,186,113,196,89,162,146,28,74,4,92,100,0,199,62,44,34,108,20,55,155,184,161,80,58,177,169,191,11,104,180,163,170,95,91,90,125,149,32,68,63,27,116,175,165,193,16,136,144,70,19,26,103,152,84,77,112,179,176,42,47,132,166,119,48];False
1402;8712;10114;[60,49,102,122,114,3,2,129,72,14,99,73,140,178,192,10,123,17,8,94,173,18,25,120,24,197,15,9,150,143,67,75,147,65,124,142,130,22,38,21,135,105,115,151,7,153,187,127,39,107,85,76,50,53,93,131,30,134,137,86,181,82,23,12,54,158,121,168,117,98,78,110,81,52,106,118,183,83,26,79,185,74,167,61,59,36,46,5,41,133,96,157,138,45,188,87,66,126,198,159,174,1,51,29,154,156,160,71,69,190,43,128,101,164,111,88,40,37,145,139,33,13,172,195,182,109,141,35,6,56,189,194,31,171,97,57,186,113,196,89,162,146,28,148,4,92,100,0,199,62,44,34,108,20,55,155,184,161,80,58,177,169,191,11,104,180,163,170,95,91,90,125,149,32,68,63,27,116,175,165,193,16,136,144,70,19,64,103,152,84,77,112,179,176,42,47,132,166,119,48];True
1422;8626;10048;[60,49,102,122,114,3,2,129,72,14,99,73,140,178,192,10,123,17,8,94,173,18,25,120,24,197,15,9,150,143,67,75,147,65,124,142,130,22,38,21,135,105,115,151,7,153,187,127,39,107,85,76,50,53,93,131,30,134,137,86,181,82,23,12,54,158,121,168,117,98,78,110,81,52,106,118,183,83,26,79,185,148,167,61,59,36,46,5,41,133,96,157,138,45,188,87,66,126,198,159,174,1,51,29,154,156,160,71,69,190,43,128,101,164,111,88,40,37,145,139,33,13,172,195,182,109,141,35,6,56,189,194,31,171,97,57,186,196,113,89,162,146,28,74,4,92,100,0,199,62,44,34,108,20,55,155,184,161,80,58,177,169,191,11,104,180,163,170,95,91,90,125,149,32,68,63,27,116,175,165,193,16,136,144,70,19,64,103,152,84,77,112,179,176,42,47,132,166,119,48];False
1413;8632;10045;[60,49,102,122,114,3,2,129,72,14,99,73,140,178,192,10,123,17,8,94,173,18,25,120,24,197,15,9,150,143,67,75,147,65,124,142,130,22,38,21,135,105,115,151,7,153,187,127,39,107,85,76,50,53,93,131,30,134,137,86,181,82,23,12,54,158,121,168,117,98,78,110,81,52,106,118,183,83,26,79,185,148,167,61,59,36,46,5,41,133,96,157,138,45,188,87,66,126,198,159,174,1,51,29,154,156,160,71,69,190,43,128,101,164,111,88,40,37,145,139,33,13,172,195,182,109,141,35,6,56,189,194,31,171,97,57,186,113,196,89,162,146,28,74,4,92,100,0,199,62,44,34,108,20,55,155,184,161,80,58,177,169,191,11,104,180,163,170,95,152,90,125,149,32,68,63,27,116,175,165,193,16,136,144,70,19,64,103,91,84,77,112,179,176,42,47,132,166,119,48];True
1421;8627;10048;[60,49,102,122,114,3,2,129,72,14,99,73,140,178,192,10,123,17,8,94,173,18,25,120,24,197,15,9,150,143,67,75,147,65,124,142,130,22,38,21,135,105,115,151,7,153,187,127,39,107,85,76,50,53,93,131,30,134,137,86,181,82,23,12,54,158,121,168,117,98,78,110,81,52,106,118,183,83,26,79,185,148,167,61,59,36,46,5,41,133,96,157,138,45,188,87,66,126,198,159,174,1,51,29,154,156,160,71,69,190,43,128,101,164,111,88,40,37,145,139,33,13,172,195,182,109,141,35,6,56,189,194,31,171,97,57,186,113,196,89,162,146,28,74,4,92,100,0,199,62,44,34,108,20,55,155,184,161,80,58,177,169,191,11,104,180,163,170,95,91,90,125,149,32,68,63,27,116,179,165,193,16,136,144,70,19,64,103,152,84,77,112,175,176,42,47,132,166,119,48];False
1453;8540;9993;[60,49,102,122,114,3,2,129,72,105,99,73,140,178,192,10,123,17,8,94,173,18,25,120,24,197,15,9,150,143,67,75,147,65,124,142,130,22,38,21,135,14,115,151,7,153,187,127,39,107,85,76,50,53,106,131,30,134,137,86,181,82,23,12,54,158,121,168,117,98,78,110,81,52,93,118,183,83,26,79,185,148,167,61,59,36,46,5,41,133,96,157,138,45,188,87,66,126,198,159,174,1,51,29,154,160,156,71,69,190,43,128,101,164,111,88,40,37,145,139,33,13,172,195,182,109,141,35,6,56,189,194,31,171,97,57,186,113,196,89,162,146,28,74,4,92,100,0,199,62,44,34,108,20,55,155,184,161,80,58,177,169,191,11,104,180,163,170,95,91,90,125,149,32,68,63,27,116,175,165,193,16,136,144,70,19,64,103,152,84,77,112,179,176,42,47,132,166,119,48];False
1476;8526;10002;[115,49,102,122,114,3,2,129,72,105,99,73,140,178,192,10,123,17,8,94,173,18,25,120,24,197,15,9,150,143,67,75,147,65,124,142,130,22,38,21,135,14,60,151,7,153,187,127,39,107,85,76,50,53,106,131,30,134,137,86,181,82,23,12,54,158,121,168,117,98,78,110,81,52,93,118,183,83,26,79,185,148,167,61,59,36,46,5,41,133,96,157,138,45,188,87,66,126,198,159,174,1,51,29,154,160,156,71,69,190,43,128,101,164,111,88,40,37,145,139,33,13,172,195,182,109,141,35,6,56,189,194,31,171,97,57,186,113,196,89,162,146,28,74,4,92,100,0,199,62,44,34,108,20,55,155,184,161,80,58,177,169,191,11,104,180,163,170,95,152,90,125,149,32,68,63,27,116,175,165,193,16,136,144,70,19,64,103,91,84,77,112,179,176,42,47,132,166,119,48];False
1434;8539;9973;[92,49,102,122,114,3,2,129,72,105,99,73,140,178,192,10,123,17,8,94,173,18,25,120,24,197,15,9,150,143,67,75,147,95,115,142,130,22,38,21,135,14,60,151,7,153,187,127,39,107,85,76,50,53,106,131,30,134,137,86,181,82,23,12,54,158,121,168,117,98,78,110,81,52,93,118,183,83,26,79,185,148,167,61,59,36,46,5,41,133,96,157,138,45,188,87,66,126,198,159,174,1,51,29,154,156,160,71,69,190,43,128,101,164,111,88,40,37,145,139,33,13,172,195,182,109,141,35,6,56,189,194,31,171,97,57,186,113,196,89,162,146,28,74,4,91,100,0,199,62,44,34,108,20,55,155,184,161,80,58,177,169,191,11,104,180,163,170,65,124,90,125,149,32,68,63,27,116,175,165,193,16,136,144,70,19,64,103,152,84,77,112,179,176,42,47,132,166,119,48];True
1475;8479;9954;[92,49,102,122,114,3,2,129,72,105,99,73,140,178,192,10,123,17,8,94,173,18,25,120,24,197,15,9,150,143,67,75,147,65,31,142,130,22,38,21,135,14,60,151,7,153,187,127,39,107,85,76,50,53,106,131,30,134,137,86,181,82,23,12,54,158,121,168,117,98,78,110,81,52,93,118,183,83,26,79,185,148,167,61,59,36,46,5,41,133,96,157,138,45,188,87,66,126,198,159,174,1,51,29,154,156,160,71,69,190,43,128,101,164,111,88,40,37,145,139,33,13,172,195,182,109,141,35,6,56,189,194,115,171,97,57,186,113,196,89,162,146,28,74,4,91,100,0,199,62,44,34,108,20,55,155,184,161,80,58,177,169,191,11,104,180,163,170,95,124,90,125,149,32,68,63,27,116,175,165,193,16,136,144,70,19,64,103,152,84,77,112,179,176,42,47,132,166,119,48];False
1469;8531;10000;[92,49,102,122,114,3,2,129,72,105,99,73,140,178,192,10,123,17,8,94,173,18,25,120,24,197,15,9,150,143,67,75,147,65,115,142,130,22,38,21,135,14,60,151,7,153,187,127,39,107,85,76,50,53,106,131,30,134,137,86,181,82,23,12,54,158,121,168,117,98,78,110,81,52,93,118,183,83,26,79,185,148,167,61,59,36,46,5,41,133,96,157,138,45,188,87,66,126,198,159,174,1,51,124,154,156,160,71,69,190,43,128,101,164,111,88,40,37,145,139,33,13,172,195,182,109,141,35,6,56,189,194,31,171,97,57,186,113,196,89,162,146,28,74,4,91,100,0,199,62,44,34,108,20,55,155,184,161,80,58,177,169,191,11,104,180,163,170,95,29,90,125,149,32,68,63,27,116,175,165,193,16,136,144,70,19,64,103,152,84,77,112,179,176,42,47,132,166,119,48];False
3263;6900;10163;[16,194,180,41,187,117,2,169,172,132,130,22,195,112,8,184,191,93,66,157,20,188,87,37,174,149,167,61,45,138,104,125,78,128,42,57,3,121,162,126,143,160,91,1,33,124,94,196,166,103,140,17,82,23,189,81,0,85,19,26,176,46,9,142,170,95,38,139,144,63,51,56,21,92,147,4,84,67,32,72,163,25,70,74,198,173,113,190,156,71,165,193,168,31,6,18,131,110,101,59,80,100,30,134,148,11,97,58,175,151,7,77,181,68,123,29,154,158,62,122,12,49,39,107,55,14,13,111,119,145,75,129,15,135,53,183,69,159,164,90,28,155,73,99,106,136,115,152,35,161,102,86,133,76,52,116,65,118,109,50,34,108,192,40,36,182,89,137,60,177,27,43,127,96,171,141,98,114,64,79,179,47,88,5,186,199,83,153,197,24,150,10,185,54,120,178,105,44,48,146];False
3302;6890;10192;[16,194,180,41,187,117,2,169,172,132,130,22,195,112,8,184,191,93,66,157,20,188,87,37,174,149,167,61,45,138,104,125,78,128,42,57,3,121,162,126,143,160,91,1,33,124,94,196,166,103,140,17,82,23,189,81,0,85,19,26,176,46,9,142,170,95,38,139,144,63,51,56,21,92,147,4,84,67,32,72,163,25,70,74,198,173,113,190,156,71,165,193,168,31,6,18,131,110,101,59,80,100,30,134,148,11,97,58,175,151,7,77,181,68,123,29,137,158,62,122,12,49,39,107,105,14,13,111,119,145,75,129,15,135,53,183,69,159,164,90,28,155,73,99,106,136,115,152,35,161,102,86,133,76,52,116,65,118,109,50,34,108,192,40,36,182,89,154,60,177,27,43,127,96,171,141,98,114,64,79,179,47,88,5,186,199,83,153,197,24,150,10,185,54,120,178,55,44,48,146];True
3359;6886;10245;[16,194,180,41,187,117,2,169,172,132,130,22,195,112,8,184,191,93,66,157,20,188,87,37,174,149,167,61,45,138,104,125,78,128,42,57,3,121,162,126,143,160,142,1,33,124,94,196,166,103,140,17,82,23,189,81,0,85,19,26,176,46,9,91,170,95,38,139,144,63,51,56,21,92,147,4,84,67,32,72,163,25,70,74,198,173,113,190,156,71,165,193,168,31,6,18,131,110,101,59,80,100,30,134,148,11,97,58,175,151,7,77,181,68,123,29,137,158,62,52,12,49,39,107,105,14,13,111,119,145,75,129,15,135,53,183,69,159,164,90,28,155,73,99,106,136,115,152,35,161,102,86,133,76,122,116,65,118,109,50,34,108,192,40,36,182,89,154,60,177,27,43,127,96,171,141,98,114,64,79,179,47,88,5,186,199,83,153,197,24,150,10,185,54,120,178,55,44,48,146];False
3356;6886;10242;[16,194,180,41,187,117,2,169,172,132,130,22,195,112,8,184,191,93,66,157,20,188,87,37,174,149,167,61,45,138,104,125,78,128,42,57,3,121,162,126,143,160,91,1,33,124,94,196,166,103,140,17,82,23,189,81,0,85,19,26,176,46,9,142,170,95,38,139,144,146,51,56,21,92,147,4,84,67,32,72,163,25,70,74,198,173,113,190,156,71,165,193,168,31,6,18,131,110,101,59,80,100,30,134,148,11,97,58,175,151,7,77,181,68,123,29,137,158,62,52,12,49,39,107,105,14,13,111,119,145,75,129,15,135,53,183,69,159,164,90,28,155,73,99,106,136,115,152,35,161,102,86,133,76,122,116,65,118,109,50,34,108,192,40,36,182,89,154,60,177,27,43,127,96,171,141,98,114,64,79,179,47,88,5,186,199,83,153,197,24,150,10,185,54,120,178,55,44,48,63];False
3298;6896;10194;[16,194,180,41,187,117,2,169,172,132,130,22,195,112,8,184,191,93,66,157,20,188,87,37,174,149,167,61,45,138,104,125,78,128,42,57,3,121,162,126,143,160,91,1,33,124,94,196,166,103,140,17,82,23,189,81,0,85,19,26,176,46,9,142,170,95,38,139,144,63,51,56,21,92,147,4,84,67,32,72,163,25,70,74,198,173,113,118,156,71,165,193,168,31,6,18,131,110,101,59,80,100,30,134,148,11,97,58,175,151,7,77,181,68,123,29,137,158,62,52,12,49,39,107,105,14,13,111,119,145,75,129,15,135,53,183,69,159,164,90,28,155,73,99,106,136,115,152,35,161,102,86,133,76,122,116,65,190,109,50,34,108,192,40,36,182,89,154,60,177,27,43,127,96,171,141,98,114,64,79,179,47,88,5,186,199,83,153,197,24,150,10,185,54,120,178,55,44,48,146];False
3276;6895;10171;[16,194,180,41,187,117,2,169,172,132,130,22,195,112,8,184,191,93,66,157,20,188,87,37,174,149,167,61,45,138,104,125,78,128,42,57,3,121,162,126,143,160,91,1,33,124,94,196,166,103,140,17,82,23,189,81,0,85,19,26,176,46,9,142,170,95,38,139,144,63,51,56,21,92,147,4,84,67,32,72,163,25,70,74,198,173,113,190,156,71,165,193,168,31,6,18,131,110,101,59,80,100,30,134,148,11,97,58,175,151,7,77,181,68,123,29,154,158,62,52,12,49,39,107,105,14,13,111,119,145,75,129,15,135,53,183,69,159,164,90,28,155,73,99,106,136,115,152,35,161,102,86,133,76,122,116,65,118,109,50,34,108,192,40,36,182,89,137,60,177,27,43,127,96,171,141,98,114,64,79,179,47,88,5,186,199,83,153,197,24,150,10,185,54,120,178,55,44,48,146];False
3200;6907;10107;[16,194,180,41,187,117,2,169,172,132,130,22,195,112,8,184,191,93,66,157,20,188,87,37,174,149,167,61,45,138,104,125,78,128,42,57,3,121,162,126,143,160,142,1,33,124,94,196,166,103,140,17,82,23,189,81,0,85,19,26,176,46,9,91,170,95,38,139,144,63,51,56,21,92,147,4,84,67,32,72,163,25,70,74,198,173,113,190,156,71,165,193,168,31,6,18,131,110,101,59,80,100,30,134,148,11,97,58,175,151,7,77,181,68,123,89,137,158,62,122,12,49,39,107,105,14,13,111,119,145,75,129,15,135,53,183,69,159,164,90,28,155,73,99,106,136,115,152,35,161,102,86,133,76,52,116,65,118,109,50,34,108,192,40,36,182,29,154,60,177,27,43,127,96,171,141,98,114,64,79,179,47,88,5,186,199,83,153,197,24,150,10,185,54,120,178,55,44,48,146];False
3290;6891;10181;[16,194,180,41,187,117,2,169,172,132,130,22,195,112,8,184,191,93,66,157,20,188,87,37,174,149,167,61,45,138,104,125,78,128,42,57,3,121,162,126,143,160,91,1,33,124,94,196,166,103,140,17,82,23,189,81,0,85,19,26,176,46,9,142,170,95,40,139,144,63,51,56,21,92,147,4,84,67,32,72,163,25,70,74,198,173,113,190,156,71,165,193,168,31,6,18,131,110,101,59,80,100,30,134,148,11,97,58,175,151,7,77,181,68,123,89,137,158,62,122,12,49,39,107,105,14,13,111,119,145,75,129,15,135,53,183,69,159,164,90,28,155,73,99,106,136,115,152,35,161,102,86,133,76,52,116,65,118,109,50,34,108,192,38,36,182,29,154,60,177,27,43,127,96,171,141,98,114,64,79,179,47,88,5,186,199,83,153,197,24,150,10,185,54,120,178,55,44,48,146];True
3197;6907;10104;[16,194,180,41,187,117,2,169,172,132,130,22,195,112,8,184,191,93,66,157,20,188,87,37,174,149,167,61,45,138,104,125,78,128,42,57,3,121,162,126,143,160,91,1,33,124,94,196,166,103,140,17,82,23,189,81,0,85,19,26,176,46,9,142,170,95,38,139,144,146,51,56,21,92,147,4,84,67,32,72,163,25,70,74,198,173,113,190,156,71,165,193,168,31,6,18,131,110,101,59,80,100,30,134,148,11,97,58,175,151,7,77,181,68,123,89,137,158,62,122,12,49,39,107,105,14,13,111,119,145,75,129,15,135,53,183,69,159,164,90,28,155,73,99,106,136,115,152,35,161,102,86,133,76,52,116,65,118,109,50,34,108,192,40,36,182,29,154,60,177,27,43,127,96,171,141,98,114,64,79,179,47,88,5,186,199,83,153,197,24,150,10,185,54,120,178,55,44,48,63];False
3271;6899;10170;[16,194,180,41,187,117,2,169,172,132,130,22,195,112,8,184,191,93,66,157,20,188,87,37,174,149,167,61,45,138,104,125,78,128,42,57,3,121,162,126,143,160,91,1,33,124,94,196,166,103,140,17,82,23,189,81,0,85,19,26,176,46,9,142,170,95,38,139,144,63,51,56,21,92,147,4,84,67,32,72,163,25,70,74,198,173,113,55,156,71,165,193,168,31,6,18,131,110,101,59,80,100,30,134,148,11,97,58,175,151,7,77,181,68,123,89,137,158,62,122,12,49,39,107,105,14,13,111,119,145,75,129,15,135,53,183,69,159,164,90,28,155,73,99,106,136,115,152,35,161,102,86,133,76,52,116,65,118,109,50,34,108,192,40,36,182,29,154,60,177,27,43,127,96,171,141,98,114,64,79,179,47,88,5,186,199,83,153,197,24,150,10,185,54,120,178,190,44,48,146];False
3269;6898;10167;[16,194,180,41,187,117,2,169,172,132,130,22,195,112,8,184,191,93,66,157,20,188,87,37,174,149,167,61,45,138,104,125,78,128,42,57,3,121,162,126,143,160,91,1,33,124,94,196,166,103,140,17,82,23,189,81,0,85,19,26,176,46,9,142,170,95,38,139,144,63,51,56,21,92,147,4,84,67,32,72,163,25,70,74,198,173,113,190,156,71,165,193,168,31,6,18,131,110,101,59,80,100,30,134,148,11,97,58,175,151,7,77,181,68,123,145,137,158,62,122,12,49,39,107,105,14,13,111,119,89,75,129,15,135,53,183,69,159,164,90,28,155,73,99,106,136,115,152,35,161,102,86,133,76,52,116,65,118,109,50,34,108,192,40,36,182,29,154,60,177,27,43,127,96,171,141,98,114,64,79,179,47,88,5,186,199,83,153,197,24,150,10,185,54,120,178,55,44,48,146];False
3355;6886;10241;[16,194,180,41,187,117,2,169,172,132,166,22,195,112,8,184,191,93,66,157,20,188,87,37,174,149,167,61,45,138,104,125,78,128,42,57,3,121,162,126,143,160,91,1,33,124,94,196,130,103,140,17,82,23,189,81,0,85,19,26,176,46,9,142,170,95,40,139,144,63,51,56,21,92,147,4,84,67,32,72,163,25,70,74,198,173,113,118,156,71,165,193,168,31,6,18,131,110,101,59,80,100,30,134,148,11,97,58,175,151,7,77,181,68,123,89,137,158,62,122,12,49,39,107,105,14,13,111,119,145,75,129,15,135,53,183,69,159,164,90,28,155,73,99,106,136,115,152,35,161,102,86,133,76,52,116,65,190,109,50,34,108,192,38,36,182,29,154,60,177,27,43,127,96,171,141,98,114,64,79,179,47,88,5,186,199,83,153,197,24,150,10,185,54,120,178,55,44,48,146];False
3262;6902;10164;[16,194,180,41,187,117,2,169,172,132,166,22,195,112,8,184,191,93,66,157,20,188,87,37,174,149,167,61,45,138,104,125,78,128,42,57,3,121,162,126,143,160,91,1,33,124,94,196,130,103,140,17,82,23,189,81,0,85,19,26,176,46,9,142,170,95,38,139,144,146,51,56,21,92,147,4,84,67,32,72,163,25,70,74,198,173,113,118,156,71,165,193,168,31,6,18,131,110,101,59,80,100,30,134,148,11,97,58,175,151,7,77,181,68,123,89,137,158,62,122,12,49,39,107,105,14,13,111,119,145,75,129,15,135,53,183,69,159,164,90,28,155,73,99,106,136,115,152,35,161,102,86,133,76,52,116,65,190,109,50,34,108,192,40,36,182,29,154,60,177,27,43,127,96,171,141,98,114,64,79,179,47,88,5,186,199,83,153,197,24,150,10,185,54,120,178,55,44,48,63];False
3367;6885;10252;[16,194,180,41,187,117,2,169,172,132,166,22,195,112,8,184,191,93,66,157,20,188,87,37,174,149,167,61,45,138,104,125,78,128,42,57,3,121,162,126,143,160,91,1,33,124,94,196,130,103,140,17,82,23,189,81,0,85,19,26,176,46,9,142,170,95,38,139,144,63,51,56,21,92,147,4,84,67,32,72,163,25,70,74,198,173,113,118,156,71,165,193,168,31,6,18,131,110,101,59,80,100,30,134,148,11,97,58,175,151,7,77,181,68,123,29,137,158,62,122,12,49,39,107,105,14,13,111,119,145,75,129,15,135,53,183,69,159,164,90,28,155,73,99,106,136,115,152,35,161,102,86,133,76,52,116,65,190,109,50,34,108,192,40,36,182,89,154,60,177,27,43,127,96,171,141,98,114,64,79,179,47,88,5,186,199,83,153,197,24,150,10,185,54,120,178,55,44,48,146];False
3203;6905;10108;[16,194,180,41,187,117,2,169,172,132,166,22,195,112,165,184,8,93,66,157,20,188,87,37,174,149,167,61,45,138,104,125,78,128,42,57,3,121,162,126,143,160,91,1,33,124,94,196,130,103,140,17,82,23,189,81,0,85,19,26,176,46,9,142,170,95,38,139,144,63,51,56,21,92,147,4,84,67,32,72,163,25,70,74,198,173,113,190,156,71,191,193,168,31,6,18,131,110,101,59,80,100,30,134,148,11,97,58,175,151,7,77,181,68,123,89,137,158,62,122,12,49,39,107,105,14,13,111,119,145,75,129,15,135,53,183,69,159,164,90,28,155,73,99,106,136,115,152,35,161,102,86,133,76,52,116,65,118,109,50,34,108,192,40,36,182,29,154,60,177,27,43,127,96,171,141,98,114,64,79,179,47,88,5,186,199,83,153,197,24,150,10,185,54,120,178,55,44,48,146];False
1356;8977;10333;[194,113,61,19,64,101,100,67,94,143,160,105,174,118,48,99,141,86,45,15,173,18,25,115,24,197,26,9,7,20,129,72,147,65,87,106,196,31,38,34,3,2,75,12,165,153,122,127,39,73,6,178,50,53,93,110,30,134,137,111,181,82,23,109,54,158,121,92,49,112,187,142,81,52,108,74,183,83,17,79,185,148,167,189,59,36,46,5,27,133,96,157,138,41,152,56,66,126,198,159,140,182,51,29,154,156,117,71,69,190,43,145,85,164,76,192,40,124,150,139,33,13,172,195,10,78,60,35,88,135,14,22,130,171,116,57,186,98,84,89,162,146,119,28,4,97,131,0,199,62,102,120,1,114,55,155,184,161,80,58,177,169,191,11,104,193,163,170,95,91,90,125,149,32,68,63,37,151,175,128,8,16,136,144,70,168,77,103,21,180,107,188,179,176,42,47,132,166,123,44];False
1386;8879;10265;[194,113,61,19,64,101,100,67,94,143,160,105,174,118,48,99,141,86,45,15,173,18,25,115,24,197,26,9,7,20,129,72,147,65,87,106,196,22,38,34,3,2,75,12,165,153,122,127,39,73,6,178,50,53,93,110,30,134,137,111,181,82,23,109,54,158,121,92,49,112,187,142,81,52,108,74,183,83,77,79,185,148,167,189,59,36,46,5,27,133,96,157,138,41,152,56,66,126,198,159,140,182,51,29,154,156,117,71,69,190,43,145,85,164,76,192,40,124,150,139,33,13,172,195,10,78,60,35,88,135,14,31,130,171,116,57,186,98,84,89,162,146,119,28,4,97,131,0,199,62,102,120,1,114,55,155,184,161,80,58,177,169,191,11,104,193,163,170,95,91,90,125,149,32,68,63,37,151,175,128,8,16,136,144,70,168,17,103,21,180,107,188,179,176,42,47,132,166,123,44];False
1357;8966;10323;[194,113,61,19,64,101,100,67,94,143,160,105,174,118,48,99,141,86,45,15,173,18,25,115,24,197,26,9,7,20,129,72,147,65,87,106,196,22,38,34,3,2,75,12,165,153,122,127,39,73,6,178,50,53,93,110,30,134,137,111,181,82,23,109,54,158,121,92,49,112,187,142,81,52,108,74,183,83,17,79,185,148,167,189,59,36,46,5,27,133,96,37,138,41,152,56,66,126,198,159,140,182,51,29,154,156,117,71,69,190,43,145,85,164,76,192,40,124,150,139,33,13,172,195,10,78,60,35,88,135,14,31,130,171,116,57,186,98,84,89,162,146,119,28,4,97,131,0,199,62,102,120,1,114,55,155,184,161,80,58,177,169,191,11,104,193,163,170,95,91,90,125,149,32,68,63,157,151,175,128,8,16,136,144,70,168,77,103,21,180,107,188,179,176,42,47,132,166,123,44];False
1347;9064;10411;[194,113,61,19,64,101,100,67,94,143,160,105,174,118,48,99,141,86,45,15,173,18,25,115,24,197,26,9,7,20,129,72,147,65,87,106,196,22,38,34,3,2,75,12,165,153,122,127,39,73,6,178,50,53,93,110,30,134,137,111,181,82,23,109,54,158,121,92,49,112,187,142,81,52,108,74,183,83,17,79,185,148,167,189,59,36,46,5,27,133,96,157,138,41,152,56,66,126,198,159,140,182,131,29,154,156,117,71,69,190,43,145,85,164,76,192,40,124,150,139,33,13,172,195,10,78,60,35,88,135,14,31,130,171,116,57,186,98,84,89,162,146,119,28,4,97,51,0,199,62,102,120,1,114,55,155,184,161,80,58,177,169,191,11,104,193,163,170,95,91,90,125,149,32,68,63,37,151,175,128,8,16,136,144,70,168,77,103,21,180,107,188,179,176,42,47,132,166,123,44];False
1359;8954;10313;[194,113,61,19,64,101,100,67,94,143,160,105,174,118,48,99,141,86,45,15,173,18,25,115,24,197,26,9,7,20,129,72,147,65,87,106,196,22,38,34,3,2,75,12,165,153,122,127,39,73,6,178,50,53,93,110,30,134,137,111,181,82,23,109,54,158,121,92,49,112,187,142,81,52,108,74,183,83,17,79,185,148,167,189,59,36,46,5,27,133,96,157,138,41,152,56,66,126,198,159,140,182,51,29,154,156,117,71,69,190,43,145,85,164,186,192,40,124,150,139,33,13,172,195,10,78,60,35,88,135,14,31,130,171,116,57,76,98,84,89,162,146,119,28,4,97,131,0,199,62,102,120,1,114,55,155,184,161,80,58,177,169,191,11,104,193,163,170,95,91,90,125,149,32,68,63,37,151,175,128,8,16,136,144,70,168,77,103,21,180,107,188,179,176,42,47,132,166,123,44];True
1370;8893;10263;[194,113,61,19,64,101,100,67,94,143,160,105,174,118,48,99,141,86,45,15,173,18,25,115,24,197,26,9,7,20,129,72,147,65,87,106,196,22,38,34,3,2,75,12,165,153,122,127,39,73,6,76,50,53,93,110,30,134,137,111,181,82,23,109,54,158,121,92,49,112,187,142,81,52,108,74,183,83,17,79,185,148,167,189,59,36,46,5,27,133,96,85,164,41,152,56,66,126,198,159,140,182,51,29,154,156,117,71,69,190,43,145,157,138,178,192,40,124,150,139,33,13,172,195,10,78,60,35,88,135,14,31,130,171,116,57,186,98,84,89,162,146,119,28,4,97,131,0,199,62,102,120,1,114,55,155,184,161,80,58,177,169,191,11,104,193,163,170,95,91,90,125,149,32,68,63,37,151,175,128,8,16,136,144,70,168,77,103,21,180,107,188,179,176,42,47,132,166,123,44];True
1383;8861;10244;[194,113,61,19,64,101,100,0,94,143,160,105,174,118,48,99,141,86,45,15,173,18,25,115,24,197,26,9,77,20,129,72,147,65,87,106,196,22,38,34,3,2,75,12,165,153,122,127,39,73,6,178,50,53,93,110,30,134,137,111,181,82,23,109,54,158,121,92,49,112,187,142,81,52,108,74,183,83,7,79,185,148,167,189,59,36,46,5,27,133,96,157,138,41,152,56,66,126,198,159,140,182,51,29,154,156,117,71,69,190,43,145,85,164,76,192,40,124,150,139,33,13,172,195,10,78,60,35,88,135,14,31,130,171,116,57,186,98,84,89,162,146,119,28,4,97,131,67,199,62,102,120,1,114,55,155,184,161,80,58,177,169,191,11,104,193,163,170,95,91,90,125,149,32,68,63,37,151,175,128,8,16,136,144,70,168,17,103,21,180,107,188,179,176,42,47,132,166,123,44];True
1396;8833;10229;[194,113,61,19,64,101,100,67,94,143,160,105,174,118,48,99,141,86,45,15,173,18,25,115,24,197,26,9,77,20,129,72,147,65,87,106,196,22,38,34,3,2,75,12,165,153,122,127,39,73,6,76,50,53,93,110,30,134,137,111,181,82,23,109,54,158,121,92,49,112,187,142,81,52,108,74,183,83,7,79,185,148,167,189,59,36,46,5,27,133,96,157,138,41,152,56,66,126,198,159,140,182,51,29,154,156,117,71,69,190,43,145,85,164,178,192,40,124,150,139,33,13,172,195,10,78,60,35,88,135,14,31,130,171,116,57,186,98,84,89,162,146,119,28,4,97,131,0,199,62,102,120,1,114,55,155,184,161,80,58,177,169,191,11,104,193,163,170,95,91,90,125,149,32,68,63,37,151,175,128,8,16,136,144,70,168,17,103,21,180,107,188,179,176,42,47,132,166,123,44];False
1394;8859;10253;[194,113,61,19,64,101,100,0,94,143,160,105,174,118,48,99,141,86,45,15,173,18,25,115,24,197,26,9,77,20,129,72,147,65,87,106,196,31,38,34,3,2,75,12,165,153,122,127,39,73,6,76,50,53,93,110,30,134,137,111,181,82,23,109,54,158,121,92,49,112,187,142,81,52,108,74,183,83,7,79,185,148,167,189,59,36,46,5,27,133,96,157,138,41,152,56,66,126,198,159,140,182,51,29,154,156,117,71,69,190,43,145,85,164,178,192,40,124,150,139,33,13,172,195,10,78,60,35,88,135,14,22,130,171,116,57,186,98,84,89,162,146,119,28,4,97,131,67,199,62,102,120,1,114,55,155,184,161,80,58,177,169,191,11,104,193,163,170,95,91,90,125,149,32,68,63,37,151,175,128,8,16,136,144,70,168,17,103,21,180,107,188,179,176,42,47,132,166,123,44];False
1395;8848;10243;[194,113,61,19,64,101,100,0,94,143,160,105,174,118,48,99,141,86,45,15,173,18,25,115,24,197,26,9,77,20,129,72,147,65,87,106,196,22,38,34,3,2,75,12,165,153,122,127,39,73,6,76,50,53,93,110,30,134,137,111,181,82,23,109,54,158,121,92,49,112,187,142,81,52,108,74,183,83,7,79,185,148,167,189,59,36,46,5,27,133,96,37,138,41,152,56,66,126,198,159,140,182,51,29,154,156,117,71,69,190,43,145,85,164,178,192,40,124,150,139,33,13,172,195,10,78,60,35,88,135,14,31,130,171,116,57,186,98,84,89,162,146,119,28,4,97,131,67,199,62,102,120,1,114,55,155,184,161,80,58,177,169,191,11,104,193,163,170,95,91,90,125,149,32,68,63,157,151,175,128,8,16,136,144,70,168,17,103,21,180,107,188,179,176,42,47,132,166,123,44];True
3362;6884;10246;[20,190,188,93,130,5,179,47,57,3,192,89,18,181,68,48,63,118,44,140,124,94,75,36,145,196,113,61,45,138,65,82,187,128,134,195,33,183,162,126,143,160,91,6,149,77,189,7,173,103,168,17,84,122,2,97,0,85,19,26,176,116,191,49,170,95,167,87,66,135,53,56,21,92,147,67,32,165,169,23,163,25,70,90,41,88,164,37,156,71,8,184,123,146,72,78,131,110,101,59,80,100,30,114,182,139,125,58,158,54,197,1,117,98,157,136,137,151,175,12,193,172,39,107,55,14,13,111,52,40,132,129,15,9,28,105,69,159,38,144,109,155,73,99,106,4,115,152,35,161,102,186,133,76,112,104,31,74,34,108,51,50,198,174,16,194,29,154,60,177,27,43,127,96,171,141,11,22,64,79,42,119,148,83,86,199,81,153,166,24,150,10,185,62,120,178,46,180,142,121];False
3402;6871;10273;[20,190,188,93,130,5,179,47,57,3,192,89,18,181,68,48,63,118,44,140,124,94,75,36,145,196,113,61,45,138,65,82,187,128,134,195,33,183,162,126,143,160,91,6,77,149,189,7,173,103,116,17,84,122,2,97,0,85,19,26,176,168,191,49,170,95,167,87,66,135,53,56,21,92,147,67,32,165,169,23,163,25,70,90,41,88,164,37,156,71,8,184,123,146,72,78,131,110,101,59,80,100,30,114,182,139,125,58,158,54,197,1,117,98,157,136,137,151,175,12,193,172,39,107,55,14,13,111,52,40,132,129,15,9,28,105,69,159,38,144,109,155,73,99,106,4,115,152,35,161,102,186,133,76,112,104,31,74,34,108,51,50,198,174,16,194,29,154,60,177,27,43,127,96,171,141,11,22,64,79,42,119,148,83,86,199,81,153,166,24,150,10,185,62,120,178,46,180,142,121];False
3354;6883;10237;[20,190,188,93,130,5,179,47,57,3,192,89,18,181,68,48,63,118,44,140,124,94,75,36,145,196,113,61,45,138,65,82,187,128,134,195,33,183,162,126,143,160,91,6,77,149,189,7,173,103,168,17,84,122,132,97,0,85,19,26,176,116,191,49,170,95,167,87,66,135,53,56,21,92,147,67,32,165,169,23,163,25,70,90,41,88,164,37,156,71,8,184,123,146,72,78,131,110,101,59,80,100,30,114,182,139,125,58,158,54,197,1,117,98,157,136,137,151,175,12,193,172,39,107,55,14,13,111,52,40,2,129,15,9,28,105,69,159,38,144,109,155,73,99,106,4,115,152,35,161,102,186,133,76,112,104,31,74,34,108,51,50,198,174,16,194,29,154,60,177,27,43,127,96,171,141,11,22,64,79,42,119,148,83,86,199,81,153,166,24,150,10,185,62,120,178,46,180,142,121];False
3372;6875;10247;[20,190,188,93,130,5,179,47,57,3,192,89,18,181,68,48,63,118,44,140,124,94,75,36,145,196,113,61,45,138,65,82,187,128,134,195,33,183,162,126,143,160,91,6,77,149,189,7,173,103,168,17,84,122,2,97,0,85,19,26,176,116,191,49,170,95,167,87,66,135,53,56,21,92,147,67,32,165,169,23,163,25,70,90,41,88,164,37,156,71,8,184,123,146,72,78,131,110,101,59,80,100,30,114,182,139,125,58,158,54,197,1,117,98,157,136,137,151,175,12,193,172,39,107,55,14,13,111,52,40,132,129,15,9,28,105,69,159,38,144,109,155,73,99,106,4,115,152,35,161,102,86,133,76,112,104,31,74,34,108,51,50,198,174,16,194,29,154,60,177,27,43,127,96,171,141,11,22,64,79,42,119,148,83,186,199,81,153,166,24,150,10,185,62,120,178,46,180,142,121];False
3401;6866;10267;[20,190,188,132,130,5,179,47,57,3,192,89,18,181,68,48,63,118,44,140,124,94,75,36,145,196,113,61,45,138,65,82,187,128,134,195,33,183,162,126,143,160,91,6,77,149,189,7,173,103,168,17,84,122,93,97,0,85,19,26,176,116,142,49,170,95,167,87,66,135,53,56,21,92,147,67,32,165,169,23,163,25,70,90,41,88,164,37,156,71,8,184,123,146,72,78,131,110,101,59,80,100,30,114,182,139,125,58,158,54,197,1,117,98,157,136,137,151,175,12,193,172,39,107,55,14,13,111,52,40,2,129,15,9,28,105,69,159,38,144,109,155,73,99,106,4,115,152,35,161,102,186,133,76,112,104,31,74,34,108,51,50,198,174,16,194,29,154,60,177,27,43,127,96,171,141,11,22,64,79,42,119,148,83,86,199,81,153,166,24,150,10,185,62,120,178,46,180,191,121];False
3371;6876;10247;[20,190,188,93,130,5,179,47,57,3,192,89,18,181,68,48,63,118,44,140,124,94,75,36,145,196,113,61,45,138,65,82,187,128,134,195,33,183,162,126,143,160,91,6,149,77,189,7,173,103,168,17,84,122,132,97,0,85,19,26,176,116,142,49,170,95,167,87,66,135,53,56,21,92,147,67,32,165,169,23,163,25,70,90,41,88,164,37,156,71,8,184,123,146,72,78,131,110,101,59,80,100,30,114,182,139,125,58,158,54,197,1,117,98,157,136,137,151,175,12,193,172,39,107,55,14,13,111,52,40,2,129,15,9,28,105,69,159,38,144,109,155,73,99,106,4,115,152,35,161,102,186,133,76,112,104,31,74,34,108,51,50,198,174,16,194,29,154,60,177,27,43,127,96,171,141,11,22,64,79,42,119,148,83,86,199,81,153,166,24,150,10,185,62,120,178,46,180,191,121];False
3421;6863;10284;[20,190,188,93,130,5,179,47,57,3,192,89,18,181,68,48,63,118,44,140,124,94,75,36,145,196,113,61,45,138,65,82,187,128,134,195,33,183,162,126,143,160,91,6,77,149,189,7,173,103,116,17,84,122,132,97,0,85,19,26,176,168,142,49,170,95,167,87,66,135,53,56,21,92,147,67,32,165,169,23,163,25,70,90,41,88,164,37,156,71,8,184,123,146,72,78,131,110,101,59,80,100,30,114,182,139,125,58,158,54,197,1,117,98,157,136,137,151,175,12,193,172,39,107,55,14,13,111,52,40,2,129,15,9,28,105,69,159,38,144,109,155,73,99,106,4,115,152,35,161,102,186,133,76,112,104,31,74,34,108,51,50,198,174,16,194,29,154,60,177,27,43,127,96,171,141,11,22,64,79,42,119,148,83,86,199,81,153,166,24,150,10,185,62,120,178,46,180,191,121];False
3349;6879;10228;[20,190,188,93,130,5,179,47,57,3,192,89,18,181,68,48,63,118,44,140,124,94,75,36,145,196,113,61,45,138,65,82,187,128,134,195,33,183,162,126,143,160,91,6,77,149,189,7,173,103,168,17,84,122,1,97,0,85,19,26,176,116,142,49,170,95,167,87,66,135,53,56,21,92,147,67,32,165,169,23,163,25,70,90,41,88,164,37,156,71,8,184,123,146,72,78,131,110,101,59,80,100,30,114,182,139,125,58,158,54,197,132,117,98,157,136,137,151,175,12,193,172,39,107,55,14,13,111,52,40,2,129,15,9,28,105,69,159,38,144,109,155,73,99,106,4,115,152,35,161,102,186,133,76,112,104,31,74,34,108,51,50,198,174,16,194,29,154,60,177,27,43,127,96,171,141,11,22,64,79,42,119,148,83,86,199,81,153,166,24,150,10,185,62,120,178,46,180,191,121];False
3343;6880;10223;[20,190,188,93,130,5,179,47,57,3,192,89,18,181,68,48,63,118,44,140,124,94,75,36,145,196,113,61,45,138,65,82,187,128,134,195,33,183,162,126,143,160,91,6,77,149,189,7,173,103,168,17,84,122,132,163,0,85,19,26,176,116,142,49,170,95,167,87,66,135,53,56,21,92,147,67,32,165,169,23,97,25,70,90,41,88,164,37,156,71,8,184,123,146,72,78,131,110,101,59,80,100,30,114,182,139,125,58,158,54,197,1,117,98,157,136,137,151,175,12,193,172,39,107,55,14,13,111,52,40,2,129,15,9,28,105,69,159,38,144,109,155,73,99,106,4,115,152,35,161,102,186,133,76,112,104,31,74,34,108,51,50,198,174,16,194,29,154,60,177,27,43,127,96,171,141,11,22,64,79,42,119,148,83,86,199,81,153,166,24,150,10,185,62,120,178,46,180,191,121];False
3396;6870;10266;[20,190,188,93,130,5,179,47,57,3,192,89,18,181,68,48,63,118,44,140,124,94,75,36,145,196,113,61,45,138,65,82,187,128,134,195,33,183,162,126,143,160,91,6,77,149,189,7,173,103,168,17,84,122,132,97,0,85,19,26,176,116,23,49,170,95,167,87,66,135,53,56,21,92,147,67,32,165,169,142,163,25,70,90,41,88,164,37,156,71,8,184,123,146,72,78,131,110,101,59,80,100,30,114,182,139,125,58,158,54,197,1,117,98,157,136,137,151,175,12,193,172,39,107,55,14,13,111,52,40,2,129,15,9,28,105,69,159,38,144,109,155,73,99,106,4,115,152,35,161,102,186,133,76,112,104,31,74,34,108,51,50,198,174,16,194,29,154,60,177,27,43,127,96,171,141,11,22,64,79,42,119,148,83,86,199,81,153,166,24,150,10,185,62,120,178,46,180,191,121];False
3415;6863;10278;[20,190,188,93,130,5,179,47,57,3,192,89,18,181,68,48,63,118,44,140,124,94,75,36,145,196,113,61,45,138,65,82,187,128,134,195,33,183,162,126,143,160,91,6,77,149,189,7,173,103,168,17,84,122,132,97,0,85,19,26,176,116,142,137,170,95,167,87,66,135,53,56,21,92,147,67,32,165,169,23,163,25,70,90,41,88,164,37,156,71,8,184,123,146,72,78,131,110,101,59,80,100,30,114,182,139,125,58,158,54,197,1,117,98,157,136,49,151,175,12,193,172,39,107,55,14,13,111,52,40,2,129,15,9,28,105,69,159,38,144,109,155,73,99,106,4,115,152,35,161,102,186,133,76,112,104,31,74,34,108,51,50,198,174,16,194,29,154,60,177,27,43,127,96,171,141,11,22,64,79,42,119,148,83,86,199,81,153,166,24,150,10,185,62,120,178,46,180,191,121];False
3418;6860;10278;[20,190,188,93,130,5,179,47,57,3,192,89,18,181,68,48,63,118,44,140,124,94,75,36,145,196,113,61,45,138,65,82,187,128,134,195,33,183,162,126,143,160,91,6,77,149,189,7,173,103,168,17,84,122,132,97,0,85,19,26,176,116,142,49,170,95,167,87,66,135,53,56,21,92,147,67,32,165,169,23,163,25,164,90,41,88,70,37,156,71,8,184,123,146,72,78,131,110,101,59,80,100,30,114,182,139,125,58,158,54,197,1,117,98,157,136,137,151,175,12,193,172,39,107,55,14,13,111,52,40,2,129,15,9,28,105,69,159,38,144,109,155,73,99,106,4,115,152,35,161,102,186,133,76,112,104,31,74,34,108,51,50,198,174,16,194,29,154,60,177,27,43,127,96,171,141,11,22,64,79,42,119,148,83,86,199,81,153,166,24,150,10,185,62,120,178,46,180,191,121];False
3332;6884;10216;[20,190,188,93,130,5,179,47,57,3,192,89,18,181,68,48,63,118,44,140,124,94,75,36,145,196,113,61,45,138,65,82,187,128,134,195,33,183,162,126,143,160,91,6,77,149,189,7,173,103,168,17,84,122,132,97,0,85,19,26,176,116,142,49,170,95,167,87,66,135,53,56,21,92,147,67,32,165,169,23,163,25,70,90,41,88,164,37,156,71,8,184,123,146,72,78,131,110,101,59,80,100,30,114,182,139,125,58,158,54,197,1,117,98,157,136,137,151,175,12,193,172,39,107,55,14,13,111,112,40,2,129,15,9,28,105,69,159,38,144,109,155,73,99,106,4,115,152,35,161,102,186,133,76,52,104,31,74,34,108,51,50,198,174,16,194,29,154,60,177,27,43,127,96,171,141,11,22,64,79,42,119,148,83,86,199,81,153,166,24,150,10,185,62,120,178,46,180,191,121];False
3381;6867;10248;[20,190,188,93,130,5,179,47,57,3,192,89,18,181,68,48,63,118,44,140,124,94,75,36,145,196,113,61,45,138,65,82,187,128,134,195,33,183,162,126,143,160,91,6,77,149,189,7,173,103,168,17,84,122,132,97,0,85,19,26,176,116,142,49,170,95,167,87,66,135,53,56,21,92,147,67,32,165,169,23,163,25,70,90,41,88,164,37,156,71,8,184,123,146,72,78,131,110,101,59,80,100,30,114,182,139,125,58,158,54,197,1,117,98,157,136,137,151,175,12,193,172,39,107,55,14,13,111,52,40,2,129,15,9,28,105,69,159,38,144,109,155,73,99,106,4,115,152,35,161,102,86,133,76,112,104,31,74,34,108,51,50,198,174,16,194,29,154,60,177,27,43,127,96,171,141,11,22,64,79,42,119,148,83,186,199,81,153,166,24,150,10,185,62,120,178,46,180,191,121];False
3420;6858;10278;[20,190,188,93,130,5,179,47,57,3,192,89,18,181,68,48,63,118,44,140,124,94,75,36,145,196,113,61,45,138,65,82,187,128,134,195,33,183,162,126,143,160,91,6,77,149,189,7,173,103,168,17,84,122,2,97,0,85,19,26,176,116,142,49,170,95,167,87,66,135,53,56,21,92,147,67,32,165,169,23,163,25,70,90,41,88,164,37,156,71,8,184,123,146,72,78,131,110,101,59,80,100,30,114,182,139,125,58,158,54,197,1,117,40,157,136,137,151,175,12,193,172,39,107,55,14,13,111,112,98,132,129,15,9,28,105,69,159,38,144,109,155,73,99,106,4,115,152,35,161,102,186,133,76,52,104,31,74,34,108,51,50,198,174,16,194,29,154,60,177,27,43,127,96,171,141,11,22,64,79,42,119,148,83,86,199,81,153,166,24,150,10,185,62,120,178,46,180,191,121];False
3350;6876;10226;[20,190,188,93,130,5,179,47,57,3,192,89,18,181,68,48,63,118,44,140,124,94,75,36,145,196,113,61,45,138,65,82,187,128,134,195,33,183,162,126,143,160,91,6,77,149,189,7,173,103,168,17,84,122,2,97,0,85,19,26,176,116,142,49,170,95,167,87,66,135,53,56,21,92,147,67,32,165,169,23,163,25,70,90,41,88,164,37,156,71,8,184,123,146,72,78,131,110,101,59,80,100,30,114,182,139,125,58,158,54,197,1,117,98,157,136,137,151,175,12,193,172,39,107,55,14,13,111,112,40,132,129,15,9,28,105,69,159,38,144,109,155,73,99,106,4,115,152,35,161,102,86,133,76,52,104,31,74,34,108,51,50,198,174,16,194,29,154,60,177,27,43,127,96,171,141,11,22,64,79,42,119,148,83,186,199,81,153,166,24,150,10,185,62,120,178,46,180,191,121];False
3414;6862;10276;[20,190,188,93,130,5,179,47,57,3,192,89,18,181,68,48,63,118,44,140,124,94,75,36,145,196,113,61,45,138,65,82,187,128,134,195,33,183,162,126,143,160,91,6,77,149,189,7,173,103,168,17,84,122,2,97,0,85,19,26,176,116,23,49,170,95,167,87,66,135,53,56,21,92,147,67,32,165,169,142,163,25,70,90,41,88,164,37,156,71,8,184,123,146,72,78,131,110,101,59,80,100,30,114,182,139,125,58,158,54,197,1,117,98,157,136,137,151,175,12,193,172,39,107,55,14,13,111,52,40,132,129,15,9,28,105,69,159,38,144,109,155,73,99,106,4,115,152,35,161,102,86,133,76,112,104,31,74,34,108,51,50,198,174,16,194,29,154,60,177,27,43,127,96,171,141,11,22,64,79,42,119,148,83,186,199,81,153,166,24,150,10,185,62,120,178,46,180,191,121];False
3436;6852;10288;[20,190,188,93,130,5,179,47,57,3,192,89,18,181,68,48,63,118,44,140,124,94,75,36,145,196,113,61,45,138,65,82,187,128,134,195,33,183,162,126,143,160,91,6,77,149,189,7,173,103,168,17,84,122,2,97,0,85,19,26,176,116,142,49,170,95,167,87,66,135,53,56,21,92,147,67,32,165,169,23,163,25,164,90,41,88,70,37,156,71,8,184,123,146,72,78,131,110,101,59,80,100,30,114,182,139,125,58,158,54,197,1,117,98,157,136,137,151,175,12,193,172,39,107,55,14,13,111,52,40,132,129,15,9,28,105,69,159,38,144,109,155,73,99,106,4,115,152,35,161,102,86,133,76,112,104,31,74,34,108,51,50,198,174,16,194,29,154,60,177,27,43,127,96,171,141,11,22,64,79,42,119,148,83,186,199,81,153,166,24,150,10,185,62,120,178,46,180,191,121];False
3420;6856;10276;[20,190,188,87,130,5,42,47,57,3,192,89,18,181,68,48,63,118,44,140,124,94,75,36,145,196,113,61,45,138,65,82,187,128,134,195,33,183,162,126,143,160,91,6,77,149,189,7,173,103,168,17,84,122,2,97,0,85,19,26,176,116,142,49,170,95,167,178,66,135,53,56,21,92,147,67,32,165,169,23,163,25,70,90,41,88,164,37,156,71,8,184,123,146,72,78,131,110,101,59,80,100,30,114,182,139,125,58,158,54,197,1,117,98,157,136,137,151,175,12,193,172,39,107,55,14,13,111,52,40,132,129,15,9,28,105,69,159,38,144,109,155,73,99,106,4,115,152,35,161,102,186,133,76,112,104,31,74,34,108,51,50,198,174,16,194,29,154,60,177,27,43,127,96,171,141,11,22,64,79,179,119,148,83,86,199,81,153,166,24,150,10,185,62,120,93,46,180,191,121];False
3483;6834;10317;[20,190,188,87,130,5,179,47,57,3,192,173,18,181,68,48,63,118,44,140,124,94,75,36,145,196,113,61,45,138,65,82,187,128,134,195,33,183,162,126,143,160,91,6,77,149,189,7,89,103,168,17,84,122,2,97,0,85,19,26,176,116,142,49,170,95,167,178,66,135,53,56,21,92,147,67,32,165,169,23,163,25,70,90,41,88,164,37,156,71,8,184,123,146,72,78,131,110,101,59,80,100,30,114,182,139,125,58,158,54,197,1,117,98,157,136,137,151,175,12,193,172,39,107,55,14,13,111,52,40,132,129,15,9,28,105,69,159,38,144,109,155,73,99,106,4,115,152,35,161,102,186,133,76,112,104,31,74,34,108,51,50,198,174,16,194,29,154,60,177,27,43,127,96,171,141,11,22,64,79,42,119,148,83,86,199,81,153,166,24,150,10,185,62,120,93,46,180,191,121];False
3477;6836;10313;[20,190,188,87,130,5,179,47,57,3,192,89,18,181,68,48,63,118,44,140,124,94,75,36,145,196,167,61,45,138,65,82,187,128,134,195,33,183,162,126,143,160,91,6,77,149,189,7,173,103,168,17,84,122,2,97,0,85,19,26,176,116,142,49,170,95,113,178,66,135,53,56,21,92,147,67,32,165,169,23,163,25,70,90,41,88,164,37,156,71,8,184,123,146,72,78,131,110,101,59,80,100,30,114,182,139,125,58,158,54,197,1,117,98,157,136,137,151,175,12,193,172,39,107,55,14,13,111,52,40,132,129,15,9,28,105,69,159,38,144,109,155,73,99,106,4,115,152,35,161,102,186,133,76,112,104,31,74,34,108,51,50,198,174,16,194,29,154,60,177,27,43,127,96,171,141,11,22,64,79,42,119,148,83,86,199,81,153,166,24,150,10,185,62,120,93,46,180,191,121];False
3404;6858;10262;[20,190,188,87,130,5,179,47,57,3,192,89,18,181,68,48,63,118,44,140,124,94,75,36,145,196,113,61,45,138,65,82,187,128,134,195,33,183,162,126,143,160,91,6,149,77,189,7,173,103,168,17,84,122,2,97,0,85,19,26,176,116,142,49,170,95,167,178,66,135,53,56,21,92,147,67,32,165,169,23,163,25,70,90,41,88,164,37,156,71,8,184,123,146,72,78,131,110,101,59,80,100,30,114,182,139,125,58,158,54,197,1,117,98,157,136,137,151,175,12,193,172,39,107,55,14,13,111,52,40,132,129,15,9,28,105,69,159,38,144,109,155,73,99,106,4,115,152,35,161,102,186,133,76,112,104,31,74,34,108,51,50,198,174,16,194,29,154,60,177,27,43,127,96,171,141,11,22,64,79,42,119,148,83,86,199,81,153,166,24,150,10,185,62,120,93,46,180,191,121];False
3454;6845;10299;[20,190,188,87,130,5,179,47,57,3,192,89,18,181,68,48,63,118,44,140,124,94,75,36,145,196,113,61,45,138,65,82,187,128,134,195,33,183,162,126,143,160,91,6,77,149,189,7,173,103,116,17,84,122,2,97,0,85,19,26,176,168,142,49,170,95,167,178,66,135,53,56,21,92,147,67,32,165,169,23,163,25,70,90,41,88,164,37,156,71,8,184,123,146,72,78,131,110,101,59,80,100,30,114,182,139,125,58,158,54,197,1,117,98,157,136,137,151,175,12,193,172,39,107,55,14,13,111,52,40,132,129,15,9,28,105,69,159,38,144,109,155,73,99,106,4,115,152,35,161,102,186,133,76,112,104,31,74,34,108,51,50,198,174,16,194,29,154,60,177,27,43,127,96,171,141,11,22,64,79,42,119,148,83,86,199,81,153,166,24,150,10,185,62,120,93,46,180,191,121];False
3396;6857;10253;[20,190,188,87,130,5,179,47,57,3,192,89,18,181,68,48,63,118,44,140,124,94,75,36,145,196,113,61,45,138,65,82,187,128,134,195,33,183,162,126,143,160,91,6,77,149,189,7,173,103,168,17,84,122,132,97,0,85,19,26,176,116,142,49,170,95,167,178,66,135,53,56,21,92,147,67,32,165,169,23,163,25,70,90,41,88,164,37,156,71,8,184,123,146,72,78,131,110,101,59,80,100,30,114,182,139,125,58,158,54,197,1,117,98,157,136,137,151,175,12,193,172,39,107,55,14,13,111,52,40,2,129,15,9,28,105,69,159,38,144,109,155,73,99,106,4,115,152,35,161,102,186,133,76,112,104,31,74,34,108,51,50,198,174,16,194,29,154,60,177,27,43,127,96,171,141,11,22,64,79,42,119,148,83,86,199,81,153,166,24,150,10,185,62,120,93,46,180,191,121];False
3429;6852;10281;[20,190,188,87,130,5,179,47,57,3,192,89,18,181,68,48,63,118,44,140,124,94,75,36,145,196,113,61,45,138,65,82,187,128,134,195,33,183,162,126,143,160,91,6,77,149,189,7,173,103,168,17,84,122,2,97,0,85,19,26,176,116,23,49,170,95,167,178,66,135,53,56,21,92,147,67,32,165,169,142,163,25,70,90,41,88,164,37,156,71,8,184,123,146,72,78,131,110,101,59,80,100,30,114,182,139,125,58,158,54,197,1,117,98,157,136,137,151,175,12,193,172,39,107,55,14,13,111,52,40,132,129,15,9,28,105,69,159,38,144,109,155,73,99,106,4,115,152,35,161,102,186,133,76,112,104,31,74,34,108,51,50,198,174,16,194,29,154,60,177,27,43,127,96,171,141,11,22,64,79,42,119,148,83,86,199,81,153,166,24,150,10,185,62,120,93,46,180,191,121];False
3458;6843;10301;[20,190,188,87,130,5,179,47,57,3,192,89,18,181,68,48,63,118,44,140,124,94,75,36,145,196,113,61,45,138,65,82,187,128,134,195,33,183,162,126,143,160,91,6,77,149,189,7,173,103,168,17,84,122,2,97,0,85,19,26,176,116,41,49,170,95,167,178,66,135,53,56,21,92,147,67,32,165,169,23,163,25,70,90,142,88,164,37,156,71,8,184,123,146,72,78,131,110,101,59,80,100,30,114,182,139,125,58,158,54,197,1,117,98,157,136,137,151,175,12,193,172,39,107,55,14,13,111,52,40,132,129,15,9,28,105,69,159,38,144,109,155,73,99,106,4,115,152,35,161,102,186,133,76,112,104,31,74,34,108,51,50,198,174,16,194,29,154,60,177,27,43,127,96,171,141,11,22,64,79,42,119,148,83,86,199,81,153,166,24,150,10,185,62,120,93,46,180,191,121];False
3387;6865;10252;[20,190,188,87,130,5,179,47,57,3,192,89,18,181,68,48,63,118,44,140,124,94,75,36,145,196,113,61,45,138,65,82,187,128,134,195,33,183,162,126,143,160,91,6,77,149,189,7,173,103,168,17,84,122,2,97,0,85,19,26,176,116,191,49,170,95,167,178,66,135,53,56,21,92,147,67,32,165,169,23,163,25,70,90,41,88,164,37,156,71,8,184,123,146,72,78,131,110,101,59,80,100,30,114,182,139,125,58,158,54,197,1,117,98,157,136,137,151,175,12,193,172,39,107,55,14,13,111,52,40,132,129,15,9,28,105,69,159,38,144,109,155,73,99,106,4,115,152,35,161,102,186,133,76,112,104,31,74,34,108,51,50,198,174,16,194,29,154,60,177,27,43,127,96,171,141,11,22,64,79,42,119,148,83,86,199,81,153,166,24,150,10,185,62,120,93,46,180,142,121];False
3448;6845;10293;[20,190,188,87,130,5,179,47,57,3,192,89,18,181,68,48,63,118,44,140,124,94,75,36,145,196,113,61,45,138,65,82,187,128,134,195,33,183,162,126,143,160,91,6,77,149,189,7,173,103,168,17,84,122,2,97,0,85,19,26,176,116,142,137,170,95,167,178,66,135,53,56,21,92,147,67,32,165,169,23,163,25,70,90,41,88,164,37,156,71,8,184,123,146,72,78,131,110,101,59,80,100,30,114,182,139,125,58,158,54,197,1,117,98,157,136,49,151,175,12,193,172,39,107,55,14,13,111,52,40,132,129,15,9,28,105,69,159,38,144,109,155,73,99,106,4,115,152,35,161,102,186,133,76,112,104,31,74,34,108,51,50,198,174,16,194,29,154,60,177,27,43,127,96,171,141,11,22,64,79,42,119,148,83,86,199,81,153,166,24,150,10,185,62,120,93,46,180,191,121];False
3428;6851;10279;[20,190,188,87,130,5,179,47,57,3,192,89,18,181,68,48,63,118,44,140,124,94,75,36,145,196,113,61,45,138,65,82,187,128,134,195,33,183,162,126,143,160,91,6,77,149,189,7,173,103,168,17,84,122,2,97,0,85,19,26,176,116,142,49,170,95,139,178,66,135,53,56,21,92,147,67,32,165,169,23,163,25,70,90,41,88,164,37,156,71,8,184,123,146,72,78,131,110,101,59,80,100,30,114,182,167,125,58,158,54,197,1,117,98,157,136,137,151,175,12,193,172,39,107,55,14,13,111,52,40,132,129,15,9,28,105,69,159,38,144,109,155,73,99,106,4,115,152,35,161,102,186,133,76,112,104,31,74,34,108,51,50,198,174,16,194,29,154,60,177,27,43,127,96,171,141,11,22,64,79,42,119,148,83,86,199,81,153,166,24,150,10,185,62,120,93,46,180,191,121];False
3371;6874;10245;[20,190,188,87,130,5,179,47,57,3,192,89,18,181,68,48,63,118,44,140,124,94,75,36,145,196,113,61,45,138,65,82,187,128,134,195,33,183,162,126,143,160,91,6,77,149,189,7,173,103,168,17,84,122,2,97,0,85,19,26,176,116,142,49,170,95,167,178,66,135,53,56,21,92,147,67,32,165,169,72,163,25,70,90,41,88,164,37,156,71,8,184,123,146,23,78,131,110,101,59,80,100,30,114,182,139,125,58,158,54,197,1,117,98,157,136,137,151,175,12,193,172,39,107,55,14,13,111,52,40,132,129,15,9,28,105,69,159,38,144,109,155,73,99,106,4,115,152,35,161,102,186,133,76,112,104,31,74,34,108,51,50,198,174,16,194,29,154,60,177,27,43,127,96,171,141,11,22,64,79,42,119,148,83,86,199,81,153,166,24,150,10,185,62,120,93,46,180,191,121];False
3451;6842;10293;[20,190,188,87,130,5,179,47,57,3,192,89,18,181,68,48,63,118,44,140,124,94,75,36,145,196,113,61,45,138,65,82,187,128,134,195,33,183,162,126,143,160,91,6,77,149,189,7,173,103,168,17,84,122,2,97,0,85,19,26,176,116,142,49,170,95,167,178,66,135,53,56,21,92,147,67,32,165,169,23,163,25,164,90,41,88,70,37,156,71,8,184,123,146,72,78,131,110,101,59,80,100,30,114,182,139,125,58,158,54,197,1,117,98,157,136,137,151,175,12,193,172,39,107,55,14,13,111,52,40,132,129,15,9,28,105,69,159,38,144,109,155,73,99,106,4,115,152,35,161,102,186,133,76,112,104,31,74,34,108,51,50,198,174,16,194,29,154,60,177,27,43,127,96,171,141,11,22,64,79,42,119,148,83,86,199,81,153,166,24,150,10,185,62,120,93,46,180,191,121];False
3502;6830;10332;[20,190,188,87,130,5,179,47,57,3,192,89,18,181,68,48,63,118,44,140,124,94,75,36,145,196,113,61,45,138,65,82,187,128,134,195,33,183,162,126,143,160,91,6,77,149,189,7,173,103,168,17,84,122,2,97,0,85,19,26,176,116,142,49,170,95,167,178,66,135,53,56,21,92,147,67,32,165,169,23,163,25,70,90,41,88,164,37,156,71,8,184,123,109,72,78,131,110,101,59,80,100,30,114,182,139,125,58,158,54,197,1,117,98,157,136,137,151,175,12,193,172,39,107,55,14,13,111,52,40,132,129,15,9,28,105,69,159,38,144,146,155,73,99,106,4,115,152,35,161,102,186,133,76,112,104,31,74,34,108,51,50,198,174,16,194,29,154,60,177,27,43,127,96,171,141,11,22,64,79,42,119,148,83,86,199,81,153,166,24,150,10,185,62,120,93,46,180,191,121];False
3365;6866;10231;[20,190,188,87,130,5,179,47,57,3,192,89,18,181,68,48,63,118,44,140,124,94,75,36,145,196,113,61,45,138,65,82,187,128,134,195,33,183,162,126,143,160,91,6,77,149,189,7,173,103,168,17,84,122,2,97,0,85,19,26,176,116,142,49,170,95,167,178,66,135,53,56,21,92,147,67,32,165,169,23,163,25,70,90,41,88,164,37,156,71,8,184,123,146,72,78,131,110,101,59,80,100,30,114,182,139,125,58,158,54,197,1,117,98,157,136,137,151,175,12,193,172,39,107,55,14,13,111,112,40,132,129,15,9,28,105,69,159,38,144,109,155,73,99,106,4,115,152,35,161,102,186,133,76,52,104,31,74,34,108,51,50,198,174,16,194,29,154,60,177,27,43,127,96,171,141,11,22,64,79,42,119,148,83,86,199,81,153,166,24,150,10,185,62,120,93,46,180,191,121];True
3414;6849;10263;[20,190,188,87,130,5,179,47,57,3,192,89,18,181,68,48,63,118,44,140,124,94,75,36,145,196,113,61,45,138,65,82,187,128,134,195,33,183,162,126,143,160,91,6,77,149,189,7,173,103,168,17,84,122,2,97,0,85,19,26,176,116,142,49,170,95,167,178,66,135,53,56,21,92,147,67,32,165,169,23,163,25,70,90,41,88,164,37,156,71,8,184,123,146,72,78,131,110,101,59,80,100,30,114,182,139,125,58,158,54,197,1,117,98,157,136,137,151,175,12,193,172,39,107,55,14,13,111,52,40,132,129,15,9,28,105,69,159,38,144,109,155,73,99,106,4,115,152,35,161,102,86,133,76,112,104,31,74,34,108,51,50,198,174,16,194,29,154,60,177,27,43,127,96,171,141,11,22,64,79,42,119,148,83,186,199,81,153,166,24,150,10,185,62,120,93,46,180,191,121];True
3673;6801;10474;[20,190,188,87,130,5,179,47,57,3,192,173,18,181,68,48,63,118,44,140,124,94,75,36,145,196,113,61,45,138,65,82,187,128,134,195,33,183,162,126,143,160,91,6,77,149,189,7,89,103,168,17,84,122,2,97,0,85,19,26,176,116,142,49,170,95,167,93,66,135,53,56,21,92,147,67,32,165,169,23,163,25,164,90,41,88,70,37,156,71,8,184,123,109,72,78,131,110,101,59,80,100,30,114,182,139,125,58,151,54,197,1,117,98,157,136,137,158,175,12,193,172,39,107,55,14,13,111,52,40,132,129,15,9,28,105,69,159,38,144,146,155,73,99,106,4,115,152,35,161,102,186,133,76,112,104,31,74,34,108,51,50,198,174,16,194,29,154,60,177,27,43,127,96,171,141,11,22,64,79,42,119,148,83,86,199,81,153,166,24,150,10,185,62,120,178,46,180,191,121];False
3641;6811;10452;[20,190,188,87,130,5,179,47,57,3,192,89,18,181,68,48,63,118,44,140,124,94,75,36,145,196,167,61,45,138,65,82,187,128,134,195,33,183,162,126,143,160,91,6,77,149,189,7,173,103,168,17,84,122,2,97,0,85,19,26,176,116,142,49,170,95,113,93,66,135,53,56,21,92,147,67,32,165,169,23,163,25,164,90,41,88,70,37,156,71,8,184,123,109,72,78,131,110,101,59,80,100,30,114,182,139,125,58,151,54,197,1,117,98,157,136,137,158,175,12,193,172,39,107,55,14,13,111,52,40,132,129,15,9,28,105,69,159,38,144,146,155,73,99,106,4,115,152,35,161,102,186,133,76,112,104,31,74,34,108,51,50,198,174,16,194,29,154,60,177,27,43,127,96,171,141,11,22,64,79,42,119,148,83,86,199,81,153,166,24,150,10,185,62,120,178,46,180,191,121];False
3625;6813;10438;[20,190,188,87,130,5,179,47,57,3,192,89,18,181,68,48,63,118,44,140,124,94,75,36,145,196,113,61,45,138,65,82,187,128,134,195,33,183,162,126,143,160,91,6,77,149,189,7,173,103,123,17,84,122,2,97,0,85,19,26,176,116,142,49,170,95,167,93,66,135,53,56,21,92,147,67,32,165,169,23,163,25,164,90,41,88,70,37,156,71,8,184,168,109,72,78,131,110,101,59,80,100,30,114,182,139,125,58,151,54,197,1,117,98,157,136,137,158,175,12,193,172,39,107,55,14,13,111,52,40,132,129,15,9,28,105,69,159,38,144,146,155,73,99,106,4,115,152,35,161,102,186,133,76,112,104,31,74,34,108,51,50,198,174,16,194,29,154,60,177,27,43,127,96,171,141,11,22,64,79,42,119,148,83,86,199,81,153,166,24,150,10,185,62,120,178,46,180,191,121];False
3560;6816;10376;[20,190,188,87,130,5,179,47,57,3,192,173,18,181,68,48,63,118,44,140,124,94,75,36,145,196,113,61,45,138,65,82,187,128,134,195,33,183,162,126,143,160,91,6,77,149,189,7,89,103,168,17,84,122,2,97,0,85,19,26,176,116,142,49,170,95,167,93,66,135,53,56,21,92,147,67,32,165,169,23,163,25,164,90,41,88,70,37,156,71,8,184,123,146,72,78,131,110,101,59,80,100,30,114,182,139,125,58,158,54,197,1,117,98,157,136,137,151,175,12,193,172,39,107,55,14,13,111,52,40,132,129,15,9,28,105,69,159,38,144,109,155,73,99,106,4,115,152,35,161,102,186,133,76,112,104,31,74,34,108,51,50,198,174,16,194,29,154,60,177,27,43,127,96,171,141,11,22,64,79,42,119,148,83,86,199,81,153,166,24,150,10,185,62,120,178,46,180,191,121];False
3528;6826;10354;[20,190,188,87,130,5,179,47,57,3,192,89,18,181,68,48,63,118,44,140,124,94,75,36,145,196,167,61,45,138,65,82,187,128,134,195,33,183,162,126,143,160,91,6,77,149,189,7,173,103,168,17,84,122,2,97,0,85,19,26,176,116,142,49,170,95,113,93,66,135,53,56,21,92,147,67,32,165,169,23,163,25,164,90,41,88,70,37,156,71,8,184,123,146,72,78,131,110,101,59,80,100,30,114,182,139,125,58,158,54,197,1,117,98,157,136,137,151,175,12,193,172,39,107,55,14,13,111,52,40,132,129,15,9,28,105,69,159,38,144,109,155,73,99,106,4,115,152,35,161,102,186,133,76,112,104,31,74,34,108,51,50,198,174,16,194,29,154,60,177,27,43,127,96,171,141,11,22,64,79,42,119,148,83,86,199,81,153,166,24,150,10,185,62,120,178,46,180,191,121];False
3473;6839;10312;[20,190,188,87,130,5,179,47,57,3,192,89,18,181,68,48,63,118,44,140,124,94,75,36,145,196,113,61,45,138,65,82,187,128,134,195,33,183,162,126,143,160,91,6,77,149,189,7,173,103,168,17,84,122,132,97,0,85,19,26,176,116,142,49,170,95,167,93,66,135,53,56,21,92,147,67,32,165,169,23,163,25,164,90,41,88,70,37,156,71,8,184,123,146,72,78,131,110,101,59,80,100,30,114,182,139,125,58,158,54,197,1,117,98,157,136,137,151,175,12,193,172,39,107,55,14,13,111,52,40,2,129,15,9,28,105,69,159,38,144,109,155,73,99,106,4,115,152,35,161,102,186,133,76,112,104,31,74,34,108,51,50,198,174,16,194,29,154,60,177,27,43,127,96,171,141,11,22,64,79,42,119,148,83,86,199,81,153,166,24,150,10,185,62,120,178,46,180,191,121];False
3535;6825;10360;[20,190,188,87,130,5,179,47,57,3,192,89,18,181,68,48,63,118,44,140,124,94,75,36,145,196,113,61,45,138,65,82,187,128,134,195,33,183,162,126,143,160,91,6,77,149,189,7,173,103,168,17,84,122,2,97,0,85,19,26,176,116,41,49,170,95,167,93,66,135,53,56,21,92,147,67,32,165,169,23,163,25,164,90,142,88,70,37,156,71,8,184,123,146,72,78,131,110,101,59,80,100,30,114,182,139,125,58,158,54,197,1,117,98,157,136,137,151,175,12,193,172,39,107,55,14,13,111,52,40,132,129,15,9,28,105,69,159,38,144,109,155,73,99,106,4,115,152,35,161,102,186,133,76,112,104,31,74,34,108,51,50,198,174,16,194,29,154,60,177,27,43,127,96,171,141,11,22,64,79,42,119,148,83,86,199,81,153,166,24,150,10,185,62,120,178,46,180,191,121];False
3525;6827;10352;[20,190,188,87,130,5,179,47,57,3,192,89,18,181,68,48,63,118,44,140,124,94,75,36,145,196,113,61,45,138,65,82,187,128,134,195,33,183,162,126,143,160,91,6,77,149,189,7,173,103,168,17,84,122,2,97,0,85,19,26,176,116,142,137,170,95,167,93,66,135,53,56,21,92,147,67,32,165,169,23,163,25,164,90,41,88,70,37,156,71,8,184,123,146,72,78,131,110,101,59,80,100,30,114,182,139,125,58,158,54,197,1,117,98,157,136,49,151,175,12,193,172,39,107,55,14,13,111,52,40,132,129,15,9,28,105,69,159,38,144,109,155,73,99,106,4,115,152,35,161,102,186,133,76,112,104,31,74,34,108,51,50,198,174,16,194,29,154,60,177,27,43,127,96,171,141,11,22,64,79,42,119,148,83,86,199,81,153,166,24,150,10,185,62,120,178,46,180,191,121];False
3579;6812;10391;[20,190,188,87,130,5,179,47,57,3,192,89,18,181,68,48,63,118,44,140,124,94,75,36,145,196,113,61,45,138,65,82,187,128,134,195,33,183,162,126,143,160,91,6,77,149,189,7,173,103,168,17,84,122,2,97,0,85,19,26,176,116,142,49,170,95,167,93,66,135,53,56,21,92,147,67,32,165,169,23,163,25,164,90,41,88,70,37,156,71,8,184,123,109,72,78,131,110,101,59,80,100,30,114,182,139,125,58,158,54,197,1,117,98,157,136,137,151,175,12,193,172,39,107,55,14,13,111,52,40,132,129,15,9,28,105,69,159,38,144,146,155,73,99,106,4,115,152,35,161,102,186,133,76,112,104,31,74,34,108,51,50,198,174,16,194,29,154,60,177,27,43,127,96,171,141,11,22,64,79,42,119,148,83,86,199,81,153,166,24,150,10,185,62,120,178,46,180,191,121];False
3491;6831;10322;[20,190,188,87,130,5,179,47,57,3,192,89,18,181,68,48,63,118,44,140,124,94,75,36,145,196,113,61,45,138,65,82,187,128,134,195,33,183,162,126,143,160,91,6,77,149,189,7,173,103,168,17,84,122,2,97,0,85,19,26,176,116,142,49,170,95,167,93,66,135,53,56,21,92,147,67,32,165,169,23,163,25,164,90,41,88,70,37,156,71,8,184,123,146,72,78,131,110,101,59,80,100,30,114,182,139,125,58,158,54,197,1,117,98,157,136,137,151,175,12,193,172,39,107,55,14,13,111,52,40,132,129,15,9,28,105,69,159,38,144,109,155,73,99,106,4,115,152,35,161,102,86,133,76,112,104,31,74,34,108,51,50,198,174,16,194,29,154,60,177,27,43,127,96,171,141,11,22,64,79,42,119,148,83,186,199,81,153,166,24,150,10,185,62,120,178,46,180,191,121];False
3517;6820;10337;[20,190,188,87,130,5,179,47,57,3,32,173,18,181,68,48,63,118,44,140,124,94,75,36,145,196,113,61,45,138,65,82,187,128,134,195,33,183,162,126,143,160,91,6,77,149,189,7,89,103,168,17,84,122,2,97,0,85,19,26,176,116,142,49,170,95,167,93,66,135,53,56,21,92,147,67,192,165,169,23,163,25,70,90,41,88,164,37,156,71,8,184,123,146,72,78,131,110,101,59,80,100,30,114,182,139,125,58,158,54,197,1,117,98,157,136,137,151,175,12,193,172,39,107,55,14,13,111,52,40,132,129,15,9,28,105,69,159,38,144,109,155,73,99,106,4,115,152,35,161,102,186,133,76,112,104,31,74,34,108,51,50,198,174,16,194,29,154,60,177,27,43,127,96,171,141,11,22,64,79,42,119,148,83,86,199,81,153,166,24,150,10,185,62,120,178,46,180,191,121];True
3925;6764;10689;[50,20,188,87,130,5,42,47,132,89,75,152,18,181,68,48,63,118,44,140,124,94,196,36,145,115,113,61,45,138,65,82,187,128,134,195,33,183,162,126,143,160,91,6,77,149,189,148,173,116,123,17,84,122,12,97,0,85,19,26,176,3,136,49,170,95,167,93,66,135,53,56,21,92,147,67,32,165,169,23,163,25,70,90,41,88,164,37,156,71,8,184,190,109,72,78,131,110,101,59,80,100,30,114,182,139,125,58,151,175,57,1,117,98,157,142,137,158,54,197,193,172,39,107,55,14,13,111,52,40,2,129,15,9,28,105,69,159,38,144,146,155,73,99,106,4,192,103,35,161,102,186,133,76,112,104,31,168,34,108,51,74,198,174,16,194,29,154,60,179,27,43,127,96,171,141,11,22,64,79,177,199,166,83,86,119,81,153,7,24,150,10,185,62,120,178,46,180,191,121];False
4057;6746;10803;[74,20,188,87,130,5,42,47,26,89,75,152,18,181,68,48,63,118,44,140,124,94,196,36,145,115,113,61,45,138,65,82,187,128,134,195,33,183,162,126,143,160,91,6,77,149,189,148,173,116,123,17,84,122,12,97,0,85,19,132,176,3,136,49,170,95,167,93,66,135,53,56,21,92,147,67,32,165,169,23,163,25,70,90,41,88,164,37,156,71,8,184,190,109,72,78,131,110,101,59,80,100,30,114,182,139,125,58,151,175,57,1,117,98,157,142,137,158,54,197,193,172,39,107,55,14,13,111,52,40,2,129,15,9,28,105,69,159,38,144,146,155,73,99,106,4,192,103,35,161,102,186,133,76,112,104,31,168,34,108,51,50,198,174,16,194,29,154,60,179,27,43,127,96,171,141,11,22,64,79,177,199,166,83,86,119,81,153,7,24,150,10,185,62,120,178,46,180,191,121];False
3914;6767;10681;[74,20,188,87,130,5,42,47,132,89,75,152,76,181,68,48,63,118,44,140,124,94,196,36,145,115,113,61,45,138,65,82,187,128,134,195,33,183,162,126,143,160,91,6,77,149,189,148,173,116,123,17,84,122,12,97,0,85,19,26,176,3,136,49,170,95,167,93,66,135,53,56,21,92,147,67,32,165,169,23,163,25,70,90,41,88,164,37,156,71,8,184,190,109,72,78,131,110,101,59,80,100,30,114,182,139,125,58,151,175,57,1,117,98,157,142,137,158,54,197,193,172,39,107,55,14,13,111,52,40,2,129,15,9,28,105,69,159,38,144,146,155,73,99,106,4,192,103,35,161,102,186,133,18,112,104,31,168,34,108,51,50,198,174,16,194,29,154,60,179,27,43,127,96,171,141,11,22,64,79,177,199,166,83,86,119,81,153,7,24,150,10,185,62,120,178,46,180,191,121];False
3956;6762;10718;[74,20,188,87,130,5,42,47,132,89,75,152,18,181,68,48,63,118,44,140,31,94,196,36,145,115,113,61,45,138,65,82,187,128,134,195,33,183,162,126,143,160,91,6,77,149,189,148,173,116,123,17,84,122,12,97,0,85,19,26,176,3,136,49,170,95,167,93,66,135,53,56,21,92,147,67,32,165,169,23,163,25,70,90,41,88,164,37,156,71,8,184,190,109,72,78,131,110,101,59,80,100,30,114,182,139,125,58,151,175,57,1,117,98,157,142,137,158,54,197,193,172,39,107,55,14,13,111,52,40,2,129,15,9,28,105,69,159,38,144,146,155,73,99,106,4,192,103,35,161,102,186,133,76,112,104,124,168,34,108,51,50,198,174,16,194,29,154,60,179,27,43,127,96,171,141,11,22,64,79,177,199,166,83,86,119,81,153,7,24,150,10,185,62,120,178,46,180,191,121];False
3924;6762;10686;[74,20,188,87,130,5,42,47,132,89,75,152,18,181,68,48,63,118,44,140,124,94,196,36,145,115,113,61,45,138,65,82,187,128,134,195,33,183,162,126,143,160,91,6,77,149,189,148,173,116,123,17,84,122,12,97,0,85,19,26,176,3,136,49,170,95,129,93,66,135,53,56,21,92,147,67,32,165,169,23,163,25,70,90,41,88,164,37,156,71,8,184,190,109,72,78,131,110,101,59,80,100,30,114,182,139,125,58,151,175,57,1,117,98,157,142,137,158,54,197,193,172,39,107,55,14,13,111,52,40,2,167,15,9,28,105,69,159,38,144,146,155,73,99,106,4,192,103,35,161,102,186,133,76,112,104,31,168,34,108,51,50,198,174,16,194,29,154,60,179,27,43,127,96,171,141,11,22,64,79,177,199,166,83,86,119,81,153,7,24,150,10,185,62,120,178,46,180,191,121];False
3932;6760;10692;[74,20,188,87,130,5,42,47,132,89,75,152,18,181,68,48,63,118,44,140,124,94,196,36,145,115,113,61,45,138,65,82,187,128,134,195,33,183,162,126,143,160,91,6,77,149,189,148,173,116,123,17,84,122,12,97,0,85,19,26,176,3,136,49,170,95,167,93,66,135,53,56,21,92,147,67,32,165,169,23,163,25,164,90,41,88,70,37,156,71,8,184,190,109,72,78,131,110,101,59,80,100,30,114,182,139,125,58,151,175,57,1,117,98,157,142,137,158,54,197,193,172,39,107,55,14,13,111,52,40,2,129,15,9,28,105,69,159,38,144,146,155,73,99,106,4,192,103,35,161,102,186,133,76,112,104,31,168,34,108,51,50,198,174,16,194,29,154,60,179,27,43,127,96,171,141,11,22,64,79,177,199,166,83,86,119,81,153,7,24,150,10,185,62,120,178,46,180,191,121];False
3947;6759;10706;[74,20,188,87,130,5,42,47,132,89,75,152,18,181,68,48,63,118,44,140,124,94,196,36,145,115,113,61,45,138,65,82,187,128,134,195,33,183,162,126,143,160,91,6,77,149,189,148,173,116,123,17,84,122,12,97,0,85,19,26,176,3,136,49,170,95,167,93,66,135,53,56,21,92,147,67,32,165,169,23,163,25,70,90,41,88,164,37,156,71,8,184,190,109,72,78,131,110,101,59,80,100,30,114,182,139,125,137,151,175,57,1,117,98,157,142,58,158,54,197,193,172,39,107,55,14,13,111,52,40,2,129,15,9,28,105,69,159,38,144,146,155,73,99,106,4,192,103,35,161,102,186,133,76,112,104,31,168,34,108,51,50,198,174,16,194,29,154,60,179,27,43,127,96,171,141,11,22,64,79,177,199,166,83,86,119,81,153,7,24,150,10,185,62,120,178,46,180,191,121];False
4028;6748;10776;[74,20,188,87,130,5,42,47,132,89,75,152,18,181,68,48,63,118,44,140,124,94,196,36,145,115,113,61,45,138,65,82,187,128,134,195,33,183,162,126,143,160,91,6,77,149,189,148,173,116,123,17,84,122,12,97,0,85,19,26,176,3,136,49,170,95,167,93,66,135,53,56,21,92,147,67,32,165,169,23,163,25,70,90,41,88,164,37,156,71,8,184,190,109,72,78,131,110,101,59,80,100,30,114,182,139,125,58,151,175,57,1,117,98,157,142,137,158,54,197,193,172,39,107,55,14,13,111,52,40,2,7,15,9,28,105,69,159,38,144,146,155,73,99,106,4,192,103,35,161,102,186,133,76,112,104,31,168,34,108,51,50,198,174,16,194,29,154,60,179,27,43,127,96,171,141,11,22,64,79,177,199,166,83,86,119,81,153,129,24,150,10,185,62,120,178,46,180,191,121];False
4013;6751;10764;[74,20,188,87,130,5,42,47,132,89,75,152,18,181,68,48,63,118,44,140,124,94,196,36,145,115,113,61,45,138,65,82,187,128,134,195,33,183,162,126,143,160,91,6,77,149,189,148,173,116,123,17,84,122,12,97,0,85,19,26,176,3,136,49,170,95,167,93,66,135,53,56,21,92,147,67,32,165,169,23,163,25,70,90,41,88,164,37,156,71,8,184,190,109,72,78,131,110,101,59,80,100,30,114,182,139,125,58,151,175,57,1,117,98,157,142,137,158,54,197,193,172,39,107,55,14,13,111,52,40,2,129,24,9,28,105,69,159,38,144,146,155,73,99,106,4,192,103,35,161,102,186,133,76,112,104,31,168,34,108,51,50,198,174,16,194,29,154,60,179,27,43,127,96,171,141,11,22,64,79,177,199,166,83,86,119,81,153,7,15,150,10,185,62,120,178,46,180,191,121];False
3827;6777;10604;[50,20,188,87,130,5,42,47,132,89,115,152,18,181,68,48,63,118,44,140,124,94,75,36,145,196,113,61,45,138,65,82,187,128,134,195,33,183,162,126,143,160,91,6,77,149,189,148,173,116,123,17,84,122,12,97,0,85,19,26,176,3,136,49,170,95,57,93,66,135,53,56,21,92,147,67,32,165,169,23,163,25,70,90,41,88,164,37,156,71,8,184,190,109,72,78,131,110,101,59,80,100,30,114,182,139,125,58,151,175,197,1,117,98,157,142,137,158,62,129,193,172,39,107,55,14,13,111,52,40,2,167,15,9,28,105,69,159,38,144,146,155,73,99,106,4,192,103,35,161,102,186,133,76,112,104,31,168,34,108,51,74,198,174,16,194,29,154,60,179,27,43,127,96,171,141,11,22,64,79,177,199,166,83,86,119,81,153,7,24,150,10,185,54,120,178,46,180,191,121];False
3764;6782;10546;[74,20,188,87,130,5,42,129,132,89,115,152,18,181,68,48,63,118,44,140,124,94,75,36,145,196,113,61,45,138,65,82,187,128,134,195,33,183,162,126,143,160,91,6,77,149,189,148,173,116,123,17,84,122,12,97,0,85,19,26,176,3,136,49,170,95,57,93,66,135,53,56,21,92,147,67,32,165,169,23,163,25,70,90,41,88,164,37,156,71,8,184,190,109,72,78,131,110,101,59,80,100,30,114,182,139,125,58,151,175,197,1,117,98,157,142,137,158,62,47,193,172,39,107,55,14,13,111,52,40,2,167,15,9,28,105,69,159,38,144,146,155,73,99,106,4,192,103,35,161,102,186,133,76,112,104,31,168,34,108,51,50,198,174,16,194,29,154,60,179,27,43,127,96,171,141,11,22,64,79,177,199,166,83,86,119,81,153,7,24,150,10,185,54,120,178,46,180,191,121];False
3852;6772;10624;[74,20,188,87,130,5,42,47,132,89,115,152,18,181,68,48,63,118,44,140,124,94,75,36,145,196,113,61,45,138,65,82,187,128,134,195,33,183,162,126,143,160,91,6,95,149,189,148,173,116,123,17,84,122,12,97,0,85,19,26,176,3,136,49,170,77,57,93,66,135,53,56,21,92,147,67,32,165,169,23,163,25,70,90,41,88,164,37,156,71,8,184,190,109,72,78,131,110,101,59,80,100,30,114,182,139,125,58,151,175,197,1,117,98,157,142,137,158,62,129,193,172,39,107,55,14,13,111,52,40,2,167,15,9,28,105,69,159,38,144,146,155,73,99,106,4,192,103,35,161,102,186,133,76,112,104,31,168,34,108,51,50,198,174,16,194,29,154,60,179,27,43,127,96,171,141,11,22,64,79,177,199,166,83,86,119,81,153,7,24,150,10,185,54,120,178,46,180,191,121];False
3834;6773;10607;[74,20,188,87,130,5,42,47,132,89,115,152,18,181,68,48,63,118,44,140,124,94,75,36,145,196,113,61,45,138,65,82,187,128,134,195,33,183,162,126,143,160,91,6,77,149,189,148,173,116,123,17,84,122,12,97,0,85,19,26,176,3,136,49,170,95,57,93,66,135,53,56,21,92,147,67,32,165,169,23,163,25,164,90,41,88,70,37,156,71,8,184,190,109,72,78,131,110,101,59,80,100,30,114,182,139,125,58,151,175,197,1,117,98,157,142,137,158,62,129,193,172,39,107,55,14,13,111,52,40,2,167,15,9,28,105,69,159,38,144,146,155,73,99,106,4,192,103,35,161,102,186,133,76,112,104,31,168,34,108,51,50,198,174,16,194,29,154,60,179,27,43,127,96,171,141,11,22,64,79,177,199,166,83,86,119,81,153,7,24,150,10,185,54,120,178,46,180,191,121];False
3865;6771;10636;[74,20,188,87,130,5,42,47,132,89,115,152,18,181,68,48,63,118,44,140,124,94,75,36,145,196,113,61,45,138,65,82,187,128,134,195,33,183,162,126,143,160,91,6,77,149,189,148,173,116,123,17,84,122,12,97,0,85,19,26,176,3,136,49,170,95,57,93,66,135,53,56,21,92,147,67,32,165,169,23,163,25,70,90,41,88,164,37,156,71,8,157,190,109,72,78,131,110,101,59,80,100,30,114,182,139,125,58,151,175,197,1,117,98,184,142,137,158,62,129,193,172,39,107,55,14,13,111,52,40,2,167,15,9,28,105,69,159,38,144,146,155,73,99,106,4,192,103,35,161,102,186,133,76,112,104,31,168,34,108,51,50,198,174,16,194,29,154,60,179,27,43,127,96,171,141,11,22,64,79,177,199,166,83,86,119,81,153,7,24,150,10,185,54,120,178,46,180,191,121];False
3849;6772;10621;[74,20,188,87,130,5,42,47,132,89,115,152,18,181,68,48,63,118,44,140,124,94,75,36,145,196,113,61,45,138,65,82,187,128,134,195,33,183,162,126,143,160,91,6,77,149,189,148,173,116,123,17,84,122,12,97,0,85,19,26,176,3,136,49,170,95,57,93,66,135,53,56,21,92,147,67,32,165,169,23,163,25,70,90,41,88,164,37,156,71,8,184,190,109,72,78,131,110,101,59,80,100,30,114,182,139,125,137,151,175,197,1,117,98,157,142,58,158,62,129,193,172,39,107,55,14,13,111,52,40,2,167,15,9,28,105,69,159,38,144,146,155,73,99,106,4,192,103,35,161,102,186,133,76,112,104,31,168,34,108,51,50,198,174,16,194,29,154,60,179,27,43,127,96,171,141,11,22,64,79,177,199,166,83,86,119,81,153,7,24,150,10,185,54,120,178,46,180,191,121];False
3907;6767;10674;[74,20,188,87,130,5,42,47,132,89,115,152,18,181,68,48,63,118,44,140,124,94,75,36,145,196,113,61,45,138,65,82,187,128,134,195,33,183,162,126,143,160,91,6,77,149,189,148,173,116,123,17,84,122,12,97,0,85,19,26,176,3,136,49,170,95,57,93,66,135,53,56,21,92,147,67,32,165,169,23,163,25,70,90,41,88,164,37,156,71,8,184,190,109,72,78,131,110,101,59,80,100,30,114,182,139,125,58,151,175,197,1,117,98,157,142,137,158,62,129,193,172,39,107,55,14,13,111,52,40,2,167,15,9,28,105,69,159,38,144,146,155,73,99,106,4,192,103,35,161,102,186,133,22,112,104,31,168,34,108,51,50,198,174,16,194,29,154,60,179,27,43,127,96,171,141,11,76,64,79,177,199,166,83,86,119,81,153,7,24,150,10,185,54,120,178,46,180,191,121];False
3902;6767;10669;[50,20,188,87,130,5,42,47,26,89,115,152,18,181,68,48,63,118,44,140,124,94,75,36,145,196,113,61,45,138,65,82,187,128,134,195,33,183,162,126,143,160,91,6,77,149,189,148,173,116,123,17,84,122,12,97,0,85,19,132,176,3,136,49,170,95,167,93,66,135,53,56,21,92,147,67,32,165,169,23,163,25,70,90,41,88,164,37,156,71,8,184,190,109,72,78,131,110,101,59,80,100,30,114,182,139,125,58,158,54,197,1,117,98,157,142,137,151,175,57,193,172,39,107,55,14,13,111,52,40,2,129,15,9,28,105,69,159,38,144,146,155,73,99,106,4,192,103,35,161,102,186,133,76,112,104,31,168,34,108,51,74,198,174,16,194,29,154,60,179,27,43,127,96,171,141,11,22,64,79,177,199,166,83,86,119,81,153,7,24,150,10,185,62,120,178,46,180,191,121];False
3909;6765;10674;[74,20,188,87,130,5,42,47,26,89,115,152,18,181,68,48,63,118,44,140,124,94,75,36,145,196,167,61,45,138,65,82,187,128,134,195,33,183,162,126,143,160,91,6,77,149,189,148,173,116,123,17,84,122,12,97,0,85,19,132,176,3,136,49,170,95,113,93,66,135,53,56,21,92,147,67,32,165,169,23,163,25,70,90,41,88,164,37,156,71,8,184,190,109,72,78,131,110,101,59,80,100,30,114,182,139,125,58,158,54,197,1,117,98,157,142,137,151,175,57,193,172,39,107,55,14,13,111,52,40,2,129,15,9,28,105,69,159,38,144,146,155,73,99,106,4,192,103,35,161,102,186,133,76,112,104,31,168,34,108,51,50,198,174,16,194,29,154,60,179,27,43,127,96,171,141,11,22,64,79,177,199,166,83,86,119,81,153,7,24,150,10,185,62,120,178,46,180,191,121];False
3901;6765;10666;[74,20,188,87,130,5,42,47,26,89,115,152,18,181,68,48,63,118,44,140,124,94,75,36,145,196,113,61,45,138,65,82,187,128,134,195,33,183,162,126,143,160,91,6,77,149,189,148,173,116,123,17,84,122,12,97,0,85,19,132,176,3,136,49,170,95,129,93,66,135,53,56,21,92,147,67,32,165,169,23,163,25,70,90,41,88,164,37,156,71,8,184,190,109,72,78,131,110,101,59,80,100,30,114,182,139,125,58,158,54,197,1,117,98,157,142,137,151,175,57,193,172,39,107,55,14,13,111,52,40,2,167,15,9,28,105,69,159,38,144,146,155,73,99,106,4,192,103,35,161,102,186,133,76,112,104,31,168,34,108,51,50,198,174,16,194,29,154,60,179,27,43,127,96,171,141,11,22,64,79,177,199,166,83,86,119,81,153,7,24,150,10,185,62,120,178,46,180,191,121];False
3909;6763;10672;[74,20,188,87,130,5,42,47,26,89,115,152,18,181,68,48,63,118,44,140,124,94,75,36,145,196,113,61,45,138,65,82,187,128,134,195,33,183,162,126,143,160,91,6,77,149,189,148,173,116,123,17,84,122,12,97,0,85,19,132,176,3,136,49,170,95,167,93,66,135,53,56,21,92,147,67,32,165,169,23,163,25,164,90,41,88,70,37,156,71,8,184,190,109,72,78,131,110,101,59,80,100,30,114,182,139,125,58,158,54,197,1,117,98,157,142,137,151,175,57,193,172,39,107,55,14,13,111,52,40,2,129,15,9,28,105,69,159,38,144,146,155,73,99,106,4,192,103,35,161,102,186,133,76,112,104,31,168,34,108,51,50,198,174,16,194,29,154,60,179,27,43,127,96,171,141,11,22,64,79,177,199,166,83,86,119,81,153,7,24,150,10,185,62,120,178,46,180,191,121];False
4005;6751;10756;[74,20,188,87,130,5,42,47,26,89,115,152,18,181,68,48,63,118,44,140,124,94,75,36,145,196,113,61,45,138,65,82,187,128,134,195,33,183,162,126,143,160,91,6,77,149,189,148,173,116,123,17,84,122,12,97,0,85,19,132,176,3,136,49,170,95,167,93,66,135,53,56,21,92,147,67,32,165,169,23,163,25,70,90,41,88,164,37,156,71,8,184,190,109,72,78,131,110,101,59,80,100,30,114,182,139,125,58,158,54,197,1,117,98,157,142,137,151,175,57,193,172,39,107,55,14,13,111,52,40,2,7,15,9,28,105,69,159,38,144,146,155,73,99,106,4,192,103,35,161,102,186,133,76,112,104,31,168,34,108,51,50,198,174,16,194,29,154,60,179,27,43,127,96,171,141,11,22,64,79,177,199,166,83,86,119,81,153,129,24,150,10,185,62,120,178,46,180,191,121];False
3752;6785;10537;[74,20,188,87,130,5,42,47,132,89,115,152,86,181,68,48,63,118,44,140,124,94,75,36,145,196,113,61,45,138,65,82,187,128,134,195,33,183,162,126,143,160,91,6,77,149,189,148,173,116,123,17,84,122,12,97,0,85,19,26,176,3,136,49,170,95,167,93,66,135,53,56,21,92,147,67,32,165,169,23,163,25,70,90,41,88,164,37,156,71,8,184,190,109,72,78,131,110,101,59,80,100,30,114,182,139,125,58,158,54,197,1,117,98,157,142,137,151,175,57,193,172,39,107,55,14,13,111,52,40,2,129,15,9,28,105,69,159,38,144,146,155,73,99,106,4,192,103,35,161,102,186,133,18,112,104,31,168,34,108,51,50,198,174,16,194,29,154,60,179,27,43,127,96,171,141,11,22,64,79,177,199,166,83,76,119,81,153,7,24,150,10,185,62,120,178,46,180,191,121];False
3680;6799;10479;[74,20,188,87,130,5,42,47,132,89,115,129,18,181,68,48,63,118,44,140,124,94,75,36,145,196,113,61,45,138,65,82,187,128,134,195,33,183,162,126,143,160,91,6,77,149,189,148,173,116,123,17,84,122,12,97,0,85,19,26,176,3,136,49,170,95,152,93,66,135,53,56,21,92,147,67,32,165,169,23,163,25,70,90,41,88,164,37,156,71,8,184,190,109,72,78,131,110,101,59,80,100,30,114,182,139,125,58,158,54,197,1,117,98,157,142,137,151,175,57,193,172,39,107,55,14,13,111,52,40,2,167,15,9,28,105,69,159,38,144,146,155,73,99,106,4,192,103,35,161,102,186,133,76,112,104,31,168,34,108,51,50,198,174,16,194,29,154,60,179,27,43,127,96,171,141,11,22,64,79,177,199,166,83,86,119,81,153,7,24,150,10,185,62,120,178,46,180,191,121];False
3827;6776;10603;[74,20,188,87,130,5,42,47,132,89,115,152,18,181,68,48,63,118,44,140,124,94,196,36,145,75,113,61,45,138,65,82,187,128,134,195,33,183,162,126,143,160,91,6,77,149,189,148,173,116,123,17,84,122,12,97,0,85,19,26,176,3,136,49,170,95,129,93,66,135,53,56,21,92,147,67,32,165,169,23,163,25,70,90,41,88,164,37,156,71,8,184,190,109,72,78,131,110,101,59,80,100,30,114,182,139,125,58,158,54,197,1,117,98,157,142,137,151,175,57,193,172,39,107,55,14,13,111,52,40,2,167,15,9,28,105,69,159,38,144,146,155,73,99,106,4,192,103,35,161,102,186,133,76,112,104,31,168,34,108,51,50,198,174,16,194,29,154,60,179,27,43,127,96,171,141,11,22,64,79,177,199,166,83,86,119,81,153,7,24,150,10,185,62,120,178,46,180,191,121];False
3862;6771;10633;[74,20,188,87,130,5,42,47,132,89,115,152,18,181,68,48,63,118,44,140,124,94,75,36,145,117,113,61,45,138,65,82,187,128,134,195,33,183,162,126,143,160,91,6,77,149,189,148,173,116,123,17,84,122,12,97,0,85,19,26,176,3,136,49,170,95,129,93,66,135,53,56,21,92,147,67,32,165,169,23,163,25,70,90,41,88,164,37,156,71,8,184,190,109,72,78,131,110,101,59,80,100,30,114,182,139,125,58,158,54,197,1,196,98,157,142,137,151,175,57,193,172,39,107,55,14,13,111,52,40,2,167,15,9,28,105,69,159,38,144,146,155,73,99,106,4,192,103,35,161,102,186,133,76,112,104,31,168,34,108,51,50,198,174,16,194,29,154,60,179,27,43,127,96,171,141,11,22,64,79,177,199,166,83,86,119,81,153,7,24,150,10,185,62,120,178,46,180,191,121];False
3760;6777;10537;[74,20,188,87,130,5,42,47,132,89,115,152,18,181,68,48,63,118,44,140,124,94,75,36,145,196,113,61,45,138,65,82,187,128,134,195,33,183,162,126,143,160,91,6,77,149,189,148,173,116,123,17,84,122,12,97,0,85,19,26,176,3,136,49,170,95,182,93,66,135,53,56,21,92,147,67,32,165,169,23,163,25,70,90,41,88,164,37,156,71,8,184,190,109,72,78,131,110,101,59,80,100,30,114,129,139,125,58,158,54,197,1,117,98,157,142,137,151,175,57,193,172,39,107,55,14,13,111,52,40,2,167,15,9,28,105,69,159,38,144,146,155,73,99,106,4,192,103,35,161,102,186,133,76,112,104,31,168,34,108,51,50,198,174,16,194,29,154,60,179,27,43,127,96,171,141,11,22,64,79,177,199,166,83,86,119,81,153,7,24,150,10,185,62,120,178,46,180,191,121];True
3722;6792;10514;[50,20,188,87,130,5,42,47,132,89,115,152,18,181,68,48,63,118,44,140,124,94,75,36,145,196,113,61,45,138,65,82,187,128,134,195,33,183,162,126,143,160,91,6,77,149,189,148,173,116,123,17,84,122,12,97,0,85,19,26,176,3,136,49,170,95,167,93,66,135,168,56,21,92,147,67,32,165,169,23,163,25,70,90,41,88,164,37,156,71,8,184,190,109,72,78,131,110,101,59,80,100,30,114,182,139,125,58,158,54,197,1,117,98,157,142,137,151,175,57,193,172,39,107,55,14,13,111,52,40,2,129,15,9,28,105,69,159,38,144,146,155,73,99,106,4,192,103,35,161,102,186,133,76,112,104,31,53,34,108,51,74,198,174,16,194,29,154,60,179,27,43,127,96,171,141,11,22,64,79,177,199,166,83,86,119,81,153,7,24,150,10,185,62,120,178,46,180,191,121];False
3711;6795;10506;[74,20,188,87,130,5,42,47,132,89,115,152,76,181,68,48,63,118,44,140,124,94,75,36,145,196,113,61,45,138,65,82,187,128,134,195,33,183,162,126,143,160,91,6,77,149,189,148,173,116,123,17,84,122,12,97,0,85,19,26,176,3,136,49,170,95,167,93,66,135,168,56,21,92,147,67,32,165,169,23,163,25,70,90,41,88,164,37,156,71,8,184,190,109,72,78,131,110,101,59,80,100,30,114,182,139,125,58,158,54,197,1,117,98,157,142,137,151,175,57,193,172,39,107,55,14,13,111,52,40,2,129,15,9,28,105,69,159,38,144,146,155,73,99,106,4,192,103,35,161,102,186,133,18,112,104,31,53,34,108,51,50,198,174,16,194,29,154,60,179,27,43,127,96,171,141,11,22,64,79,177,199,166,83,86,119,81,153,7,24,150,10,185,62,120,178,46,180,191,121];False
3729;6790;10519;[74,20,188,87,130,5,42,47,132,89,115,152,18,181,68,48,63,118,44,140,124,94,75,36,145,196,167,61,45,138,65,82,187,128,134,195,33,183,162,126,143,160,91,6,77,149,189,148,173,116,123,17,84,122,12,97,0,85,19,26,176,3,136,49,170,95,113,93,66,135,168,56,21,92,147,67,32,165,169,23,163,25,70,90,41,88,164,37,156,71,8,184,190,109,72,78,131,110,101,59,80,100,30,114,182,139,125,58,158,54,197,1,117,98,157,142,137,151,175,57,193,172,39,107,55,14,13,111,52,40,2,129,15,9,28,105,69,159,38,144,146,155,73,99,106,4,192,103,35,161,102,186,133,76,112,104,31,53,34,108,51,50,198,174,16,194,29,154,60,179,27,43,127,96,171,141,11,22,64,79,177,199,166,83,86,119,81,153,7,24,150,10,185,62,120,178,46,180,191,121];False
3721;6790;10511;[74,20,188,87,130,5,42,47,132,89,115,152,18,181,68,48,63,118,44,140,124,94,75,36,145,196,113,61,45,138,65,82,187,128,134,195,33,183,162,126,143,160,91,6,77,149,189,148,173,116,123,17,84,122,12,97,0,85,19,26,176,3,136,49,170,95,129,93,66,135,168,56,21,92,147,67,32,165,169,23,163,25,70,90,41,88,164,37,156,71,8,184,190,109,72,78,131,110,101,59,80,100,30,114,182,139,125,58,158,54,197,1,117,98,157,142,137,151,175,57,193,172,39,107,55,14,13,111,52,40,2,167,15,9,28,105,69,159,38,144,146,155,73,99,106,4,192,103,35,161,102,186,133,76,112,104,31,53,34,108,51,50,198,174,16,194,29,154,60,179,27,43,127,96,171,141,11,22,64,79,177,199,166,83,86,119,81,153,7,24,150,10,185,62,120,178,46,180,191,121];False
3652;6806;10458;[74,20,188,87,130,5,42,47,132,89,115,152,18,181,68,48,63,118,44,140,124,94,75,36,145,196,113,61,45,138,65,82,187,128,134,195,33,183,162,126,143,160,91,6,77,149,189,148,173,116,123,17,84,122,12,97,0,85,19,26,176,3,136,49,170,95,167,178,66,135,168,56,21,92,147,67,32,165,169,23,163,25,70,90,41,88,164,37,156,71,8,184,190,109,72,78,131,110,101,59,80,100,30,114,182,139,125,58,158,54,197,1,117,98,157,142,137,151,175,57,193,172,39,107,55,14,13,111,52,40,2,129,15,9,28,105,69,159,38,144,146,155,73,99,106,4,192,103,35,161,102,186,133,76,112,104,31,53,34,108,51,50,198,174,16,194,29,154,60,179,27,43,127,96,171,141,11,22,64,79,177,199,166,83,86,119,81,153,7,24,150,10,185,62,120,93,46,180,191,121];False
3729;6788;10517;[74,20,188,87,130,5,42,47,132,89,115,152,18,181,68,48,63,118,44,140,124,94,75,36,145,196,113,61,45,138,65,82,187,128,134,195,33,183,162,126,143,160,91,6,77,149,189,148,173,116,123,17,84,122,12,97,0,85,19,26,176,3,136,49,170,95,167,93,66,135,168,56,21,92,147,67,32,165,169,23,163,25,164,90,41,88,70,37,156,71,8,184,190,109,72,78,131,110,101,59,80,100,30,114,182,139,125,58,158,54,197,1,117,98,157,142,137,151,175,57,193,172,39,107,55,14,13,111,52,40,2,129,15,9,28,105,69,159,38,144,146,155,73,99,106,4,192,103,35,161,102,186,133,76,112,104,31,53,34,108,51,50,198,174,16,194,29,154,60,179,27,43,127,96,171,141,11,22,64,79,177,199,166,83,86,119,81,153,7,24,150,10,185,62,120,178,46,180,191,121];False
3825;6776;10601;[74,20,188,87,130,5,42,47,132,89,115,152,18,181,68,48,63,118,44,140,124,94,75,36,145,196,113,61,45,138,65,82,187,128,134,195,33,183,162,126,143,160,91,6,77,149,189,148,173,116,123,17,84,122,12,97,0,85,19,26,176,3,136,49,170,95,167,93,66,135,168,56,21,92,147,67,32,165,169,23,163,25,70,90,41,88,164,37,156,71,8,184,190,109,72,78,131,110,101,59,80,100,30,114,182,139,125,58,158,54,197,1,117,98,157,142,137,151,175,57,193,172,39,107,55,14,13,111,52,40,2,7,15,9,28,105,69,159,38,144,146,155,73,99,106,4,192,103,35,161,102,186,133,76,112,104,31,53,34,108,51,50,198,174,16,194,29,154,60,179,27,43,127,96,171,141,11,22,64,79,177,199,166,83,86,119,81,153,129,24,150,10,185,62,120,178,46,180,191,121];False
3873;6769;10642;[50,20,188,87,130,5,42,47,132,89,115,152,18,181,68,48,63,118,44,140,124,94,75,36,145,196,113,61,45,138,65,82,187,128,134,195,33,183,162,126,143,160,91,6,77,149,189,148,173,116,123,17,84,122,12,97,0,85,19,26,176,3,136,49,170,95,167,93,66,135,53,56,21,92,147,67,32,165,169,23,163,25,70,90,41,88,164,37,156,71,8,184,190,109,72,78,131,110,101,59,80,100,30,114,182,139,125,58,158,54,197,1,117,98,157,142,137,151,175,57,193,172,39,107,55,14,13,111,52,40,2,7,15,9,28,105,69,159,38,144,146,155,73,99,106,4,192,103,35,161,102,186,133,76,112,104,31,168,34,108,51,74,198,174,16,194,29,154,60,179,27,43,127,96,171,141,11,22,64,79,177,199,166,83,86,119,81,153,129,24,150,10,185,62,120,178,46,180,191,121];False
3880;6767;10647;[74,20,188,87,130,5,42,47,132,89,115,152,18,181,68,48,63,118,44,140,124,94,75,36,145,196,167,61,45,138,65,82,187,128,134,195,33,183,162,126,143,160,91,6,77,149,189,148,173,116,123,17,84,122,12,97,0,85,19,26,176,3,136,49,170,95,113,93,66,135,53,56,21,92,147,67,32,165,169,23,163,25,70,90,41,88,164,37,156,71,8,184,190,109,72,78,131,110,101,59,80,100,30,114,182,139,125,58,158,54,197,1,117,98,157,142,137,151,175,57,193,172,39,107,55,14,13,111,52,40,2,7,15,9,28,105,69,159,38,144,146,155,73,99,106,4,192,103,35,161,102,186,133,76,112,104,31,168,34,108,51,50,198,174,16,194,29,154,60,179,27,43,127,96,171,141,11,22,64,79,177,199,166,83,86,119,81,153,129,24,150,10,185,62,120,178,46,180,191,121];False
3880;6765;10645;[74,20,188,87,130,5,42,47,132,89,115,152,18,181,68,48,63,118,44,140,124,94,75,36,145,196,113,61,45,138,65,82,187,128,134,195,33,183,162,126,143,160,91,6,77,149,189,148,173,116,123,17,84,122,12,97,0,85,19,26,176,3,136,49,170,95,167,93,66,135,53,56,21,92,147,67,32,165,169,23,163,25,164,90,41,88,70,37,156,71,8,184,190,109,72,78,131,110,101,59,80,100,30,114,182,139,125,58,158,54,197,1,117,98,157,142,137,151,175,57,193,172,39,107,55,14,13,111,52,40,2,7,15,9,28,105,69,159,38,144,146,155,73,99,106,4,192,103,35,161,102,186,133,76,112,104,31,168,34,108,51,50,198,174,16,194,29,154,60,179,27,43,127,96,171,141,11,22,64,79,177,199,166,83,86,119,81,153,129,24,150,10,185,62,120,178,46,180,191,121];False
3905;6762;10667;[74,20,188,87,130,5,42,47,132,89,115,152,18,181,68,48,63,118,44,140,124,94,75,36,145,196,113,61,45,138,65,82,187,128,134,195,33,183,162,126,143,160,91,6,77,149,189,148,173,116,123,17,84,122,12,97,0,85,19,26,176,3,136,49,170,95,167,93,66,135,53,56,21,92,147,67,32,165,169,23,163,25,70,90,41,88,164,37,156,71,8,184,190,109,72,78,131,110,101,59,80,100,30,114,182,139,125,137,158,54,197,1,117,98,157,142,58,151,175,57,193,172,39,107,55,14,13,111,52,40,2,7,15,9,28,105,69,159,38,144,146,155,73,99,106,4,192,103,35,161,102,186,133,76,112,104,31,168,34,108,51,50,198,174,16,194,29,154,60,179,27,43,127,96,171,141,11,22,64,79,177,199,166,83,86,119,81,153,129,24,150,10,185,62,120,178,46,180,191,121];False
4462;6727;11189;[50,20,188,87,130,5,42,47,26,89,75,152,18,181,68,48,34,118,44,140,124,94,196,36,145,115,113,61,45,138,65,82,187,128,134,195,33,183,162,126,143,160,91,6,77,149,189,7,173,116,123,17,84,122,12,97,0,85,19,132,176,3,136,49,170,95,167,93,66,135,168,56,21,92,147,67,32,165,169,23,163,25,70,90,41,88,164,37,156,71,8,184,190,109,72,78,131,110,101,59,80,100,30,114,182,139,125,58,151,175,197,1,117,98,157,142,137,158,54,57,193,172,39,107,55,14,13,111,52,40,2,129,15,9,28,105,69,159,38,144,146,155,73,99,106,4,192,103,35,161,102,186,133,76,112,104,31,53,63,108,51,74,198,174,16,194,29,154,60,179,27,43,127,96,171,141,11,22,64,79,177,199,166,83,86,119,81,153,148,24,150,10,185,62,120,178,46,180,191,121];False
4557;6724;11281;[74,20,188,87,130,5,179,47,26,89,75,152,18,181,68,48,34,118,44,140,124,94,196,36,145,115,113,61,45,138,65,82,187,128,134,195,33,183,162,126,143,160,91,6,77,149,189,7,173,116,123,17,84,122,12,97,0,85,19,132,176,3,136,49,170,95,167,93,66,135,168,56,21,92,147,67,32,165,169,23,163,25,70,90,41,88,164,37,156,71,8,184,190,109,72,78,131,110,101,59,80,100,30,114,182,139,125,58,151,175,197,1,117,98,157,142,137,158,54,57,193,172,39,107,55,14,13,111,52,40,2,129,15,9,28,105,69,159,38,144,146,155,73,99,106,4,192,103,35,161,102,186,133,76,112,104,31,53,63,108,51,50,198,174,16,194,29,154,60,42,27,43,127,96,171,141,11,22,64,79,177,199,166,83,86,119,81,153,148,24,150,10,185,62,120,178,46,180,191,121];False
4451;6730;11181;[74,20,188,87,130,5,42,47,26,89,75,152,76,181,68,48,34,118,44,140,124,94,196,36,145,115,113,61,45,138,65,82,187,128,134,195,33,183,162,126,143,160,91,6,77,149,189,7,173,116,123,17,84,122,12,97,0,85,19,132,176,3,136,49,170,95,167,93,66,135,168,56,21,92,147,67,32,165,169,23,163,25,70,90,41,88,164,37,156,71,8,184,190,109,72,78,131,110,101,59,80,100,30,114,182,139,125,58,151,175,197,1,117,98,157,142,137,158,54,57,193,172,39,107,55,14,13,111,52,40,2,129,15,9,28,105,69,159,38,144,146,155,73,99,106,4,192,103,35,161,102,186,133,18,112,104,31,53,63,108,51,50,198,174,16,194,29,154,60,179,27,43,127,96,171,141,11,22,64,79,177,199,166,83,86,119,81,153,148,24,150,10,185,62,120,178,46,180,191,121];False
4449;6726;11175;[74,20,188,87,130,5,42,47,26,89,75,152,18,181,68,48,34,118,44,63,124,94,196,36,145,115,113,61,45,138,65,82,187,128,134,195,33,183,162,126,143,160,91,6,77,149,189,7,173,116,123,17,84,122,12,97,0,85,19,132,176,3,136,49,170,95,167,93,66,135,168,56,21,92,147,67,32,165,169,23,163,25,70,90,41,88,164,37,156,71,8,184,190,109,72,78,131,110,101,59,80,100,30,114,182,139,125,58,151,175,197,1,117,98,157,142,137,158,54,57,193,172,39,107,55,14,13,111,52,40,2,129,15,9,28,105,69,159,38,144,146,155,73,99,106,4,192,103,35,161,102,186,133,76,112,104,31,53,140,108,51,50,198,174,16,194,29,154,60,179,27,43,127,96,171,141,11,22,64,79,177,199,166,83,86,119,81,153,148,24,150,10,185,62,120,178,46,180,191,121];False
4293;6733;11026;[50,20,188,87,130,5,42,47,26,89,75,152,18,181,68,48,63,118,44,140,124,94,196,36,145,115,98,61,45,138,65,82,187,128,134,195,33,183,162,126,143,160,91,6,77,149,189,7,173,116,123,17,84,122,12,97,0,85,19,132,176,3,136,49,170,95,167,93,66,135,168,56,21,92,147,67,32,165,169,23,163,25,70,90,41,88,164,37,156,71,8,184,190,109,72,78,131,110,101,59,80,100,30,114,182,139,125,58,151,175,197,1,117,113,157,142,137,158,54,57,193,172,39,107,55,14,13,111,52,40,2,129,15,9,28,105,69,159,38,144,146,155,73,99,106,4,192,103,35,161,102,186,133,76,112,104,31,53,34,108,51,74,198,174,16,194,29,154,60,179,27,43,127,96,171,141,11,22,64,79,177,199,166,83,86,119,81,153,148,24,150,10,185,62,120,178,46,180,191,121];False
4388;6730;11118;[74,20,188,87,130,5,179,47,26,89,75,152,18,181,68,48,63,118,44,140,124,94,196,36,145,115,98,61,45,138,65,82,187,128,134,195,33,183,162,126,143,160,91,6,77,149,189,7,173,116,123,17,84,122,12,97,0,85,19,132,176,3,136,49,170,95,167,93,66,135,168,56,21,92,147,67,32,165,169,23,163,25,70,90,41,88,164,37,156,71,8,184,190,109,72,78,131,110,101,59,80,100,30,114,182,139,125,58,151,175,197,1,117,113,157,142,137,158,54,57,193,172,39,107,55,14,13,111,52,40,2,129,15,9,28,105,69,159,38,144,146,155,73,99,106,4,192,103,35,161,102,186,133,76,112,104,31,53,34,108,51,50,198,174,16,194,29,154,60,42,27,43,127,96,171,141,11,22,64,79,177,199,166,83,86,119,81,153,148,24,150,10,185,62,120,178,46,180,191,121];False
4529;6723;11252;[74,20,188,87,130,5,42,47,26,89,75,152,18,181,68,48,34,118,44,140,124,94,196,36,145,115,98,61,45,138,65,82,187,128,134,195,33,183,162,126,143,160,91,6,77,149,189,7,173,116,123,17,84,122,12,97,0,85,19,132,176,3,136,49,170,95,167,93,66,135,168,56,21,92,147,67,32,165,169,23,163,25,70,90,41,88,164,37,156,71,8,184,190,109,72,78,131,110,101,59,80,100,30,114,182,139,125,58,151,175,197,1,117,113,157,142,137,158,54,57,193,172,39,107,55,14,13,111,52,40,2,129,15,9,28,105,69,159,38,144,146,155,73,99,106,4,192,103,35,161,102,186,133,76,112,104,31,53,63,108,51,50,198,174,16,194,29,154,60,179,27,43,127,96,171,141,11,22,64,79,177,199,166,83,86,119,81,153,148,24,150,10,185,62,120,178,46,180,191,121];False
4417;6725;11142;[74,20,188,87,130,5,42,47,26,89,75,152,18,181,68,48,63,118,44,140,124,94,196,36,145,115,95,61,45,138,65,82,187,128,134,195,33,183,162,126,143,160,91,6,77,149,189,7,173,116,123,17,84,122,12,97,0,85,19,132,176,3,136,49,170,98,167,93,66,135,168,56,21,92,147,67,32,165,169,23,163,25,70,90,41,88,164,37,156,71,8,184,190,109,72,78,131,110,101,59,80,100,30,114,182,139,125,58,151,175,197,1,117,113,157,142,137,158,54,57,193,172,39,107,55,14,13,111,52,40,2,129,15,9,28,105,69,159,38,144,146,155,73,99,106,4,192,103,35,161,102,186,133,76,112,104,31,53,34,108,51,50,198,174,16,194,29,154,60,179,27,43,127,96,171,141,11,22,64,79,177,199,166,83,86,119,81,153,148,24,150,10,185,62,120,178,46,180,191,121];False
4264;6734;10998;[74,20,188,87,130,5,42,47,26,89,75,152,18,181,68,48,63,118,44,140,124,94,196,36,145,115,98,132,45,138,65,82,187,128,134,195,33,183,162,126,143,160,91,6,77,149,189,7,173,116,123,17,84,122,12,97,0,85,19,61,176,3,136,49,170,95,167,93,66,135,168,56,21,92,147,67,32,165,169,23,163,25,70,90,41,88,164,37,156,71,8,184,190,109,72,78,131,110,101,59,80,100,30,114,182,139,125,58,151,175,197,1,117,113,157,142,137,158,54,57,193,172,39,107,55,14,13,111,52,40,2,129,15,9,28,105,69,159,38,144,146,155,73,99,106,4,192,103,35,161,102,186,133,76,112,104,31,53,34,108,51,50,198,174,16,194,29,154,60,179,27,43,127,96,171,141,11,22,64,79,177,199,166,83,86,119,81,153,148,24,150,10,185,62,120,178,46,180,191,121];False
4189;6734;10923;[50,20,188,87,130,5,42,47,26,89,75,152,18,181,68,48,63,118,44,140,124,94,196,36,145,115,113,61,45,138,65,82,187,128,134,195,33,183,162,126,143,160,91,6,77,149,189,7,103,116,123,17,84,122,12,97,0,85,19,132,176,3,136,49,170,95,167,93,66,135,168,56,21,92,147,67,32,165,169,23,163,25,70,90,41,88,164,37,156,71,8,184,190,109,72,78,131,110,101,59,80,100,30,114,182,139,125,58,151,175,197,1,117,98,157,142,137,158,54,57,193,172,39,107,55,14,13,111,52,40,2,129,15,9,28,105,69,159,38,144,146,155,73,99,106,4,192,173,35,161,102,186,133,76,112,104,31,53,34,108,51,74,198,174,16,194,29,154,60,179,27,43,127,96,171,141,11,22,64,79,177,199,166,83,86,119,81,153,148,24,150,10,185,62,120,178,46,180,191,121];False
4284;6731;11015;[74,20,188,87,130,5,179,47,26,89,75,152,18,181,68,48,63,118,44,140,124,94,196,36,145,115,113,61,45,138,65,82,187,128,134,195,33,183,162,126,143,160,91,6,77,149,189,7,103,116,123,17,84,122,12,97,0,85,19,132,176,3,136,49,170,95,167,93,66,135,168,56,21,92,147,67,32,165,169,23,163,25,70,90,41,88,164,37,156,71,8,184,190,109,72,78,131,110,101,59,80,100,30,114,182,139,125,58,151,175,197,1,117,98,157,142,137,158,54,57,193,172,39,107,55,14,13,111,52,40,2,129,15,9,28,105,69,159,38,144,146,155,73,99,106,4,192,173,35,161,102,186,133,76,112,104,31,53,34,108,51,50,198,174,16,194,29,154,60,42,27,43,127,96,171,141,11,22,64,79,177,199,166,83,86,119,81,153,148,24,150,10,185,62,120,178,46,180,191,121];False
4178;6737;10915;[74,20,188,87,130,5,42,47,26,89,75,152,76,181,68,48,63,118,44,140,124,94,196,36,145,115,113,61,45,138,65,82,187,128,134,195,33,183,162,126,143,160,91,6,77,149,189,7,103,116,123,17,84,122,12,97,0,85,19,132,176,3,136,49,170,95,167,93,66,135,168,56,21,92,147,67,32,165,169,23,163,25,70,90,41,88,164,37,156,71,8,184,190,109,72,78,131,110,101,59,80,100,30,114,182,139,125,58,151,175,197,1,117,98,157,142,137,158,54,57,193,172,39,107,55,14,13,111,52,40,2,129,15,9,28,105,69,159,38,144,146,155,73,99,106,4,192,173,35,161,102,186,133,18,112,104,31,53,34,108,51,50,198,174,16,194,29,154,60,179,27,43,127,96,171,141,11,22,64,79,177,199,166,83,86,119,81,153,148,24,150,10,185,62,120,178,46,180,191,121];False
4425;6724;11149;[74,20,188,87,130,5,42,47,26,89,75,152,18,181,68,48,34,118,44,140,124,94,196,36,145,115,113,61,45,138,65,82,187,128,134,195,33,183,162,126,143,160,91,6,77,149,189,7,103,116,123,17,84,122,12,97,0,85,19,132,176,3,136,49,170,95,167,93,66,135,168,56,21,92,147,67,32,165,169,23,163,25,70,90,41,88,164,37,156,71,8,184,190,109,72,78,131,110,101,59,80,100,30,114,182,139,125,58,151,175,197,1,117,98,157,142,137,158,54,57,193,172,39,107,55,14,13,111,52,40,2,129,15,9,28,105,69,159,38,144,146,155,73,99,106,4,192,173,35,161,102,186,133,76,112,104,31,53,63,108,51,50,198,174,16,194,29,154,60,179,27,43,127,96,171,141,11,22,64,79,177,199,166,83,86,119,81,153,148,24,150,10,185,62,120,178,46,180,191,121];False
4274;6733;11007;[74,20,188,87,130,5,42,47,26,89,75,152,18,181,68,48,63,46,44,140,124,94,196,36,145,115,113,61,45,138,65,82,187,128,134,195,33,183,162,126,143,160,91,6,77,149,189,7,103,116,123,17,84,122,12,97,0,85,19,132,176,3,136,49,170,95,167,93,66,135,168,56,21,92,147,67,32,165,169,23,163,25,70,90,41,88,164,37,156,71,8,184,190,109,72,78,131,110,101,59,80,100,30,114,182,139,125,58,151,175,197,1,117,98,157,142,137,158,54,57,193,172,39,107,55,14,13,111,52,40,2,129,15,9,28,105,69,159,38,144,146,155,73,99,106,4,192,173,35,161,102,186,133,76,112,104,31,53,34,108,51,50,198,174,16,194,29,154,60,179,27,43,127,96,171,141,11,22,64,79,177,199,166,83,86,119,81,153,148,24,150,10,185,62,120,178,118,180,191,121];False
4256;6730;10986;[74,20,188,87,130,5,42,47,26,89,75,152,18,181,68,48,63,118,44,140,124,94,196,36,145,115,98,61,45,138,65,82,187,128,134,195,33,183,162,126,143,160,91,6,77,149,189,7,103,116,123,17,84,122,12,97,0,85,19,132,176,3,136,49,170,95,167,93,66,135,168,56,21,92,147,67,32,165,169,23,163,25,70,90,41,88,164,37,156,71,8,184,190,109,72,78,131,110,101,59,80,100,30,114,182,139,125,58,151,175,197,1,117,113,157,142,137,158,54,57,193,172,39,107,55,14,13,111,52,40,2,129,15,9,28,105,69,159,38,144,146,155,73,99,106,4,192,173,35,161,102,186,133,76,112,104,31,53,34,108,51,50,198,174,16,194,29,154,60,179,27,43,127,96,171,141,11,22,64,79,177,199,166,83,86,119,81,153,148,24,150,10,185,62,120,178,46,180,191,121];False
4244;6731;10975;[74,20,188,87,130,5,42,47,26,89,75,152,18,181,68,48,63,118,44,140,124,94,196,36,145,115,113,61,184,138,65,82,187,128,134,195,33,183,162,126,143,160,91,6,77,149,189,7,103,116,123,17,84,122,12,97,0,85,19,132,176,3,136,49,170,95,167,93,66,135,168,56,21,92,147,67,32,165,169,23,163,25,70,90,41,88,164,37,156,71,8,45,190,109,72,78,131,110,101,59,80,100,30,114,182,139,125,58,151,175,197,1,117,98,157,142,137,158,54,57,193,172,39,107,55,14,13,111,52,40,2,129,15,9,28,105,69,159,38,144,146,155,73,99,106,4,192,173,35,161,102,186,133,76,112,104,31,53,34,108,51,50,198,174,16,194,29,154,60,179,27,43,127,96,171,141,11,22,64,79,177,199,166,83,86,119,81,153,148,24,150,10,185,62,120,178,46,180,191,121];False
4320;6727;11047;[74,20,188,87,130,5,42,47,26,89,75,152,18,181,68,48,63,118,44,140,124,94,196,36,145,115,113,61,45,138,65,82,187,128,22,195,33,183,162,126,143,160,91,6,77,149,189,7,103,116,123,17,84,122,12,97,0,85,19,132,176,3,136,49,170,95,167,93,66,135,168,56,21,92,147,67,32,165,169,23,163,25,70,90,41,88,164,37,156,71,8,184,190,109,72,78,131,110,101,59,80,100,30,114,182,139,125,58,151,175,197,1,117,98,157,142,137,158,54,57,193,172,39,107,55,14,13,111,52,40,2,129,15,9,28,105,69,159,38,144,146,155,73,99,106,4,192,173,35,161,102,186,133,76,112,104,31,53,34,108,51,50,198,174,16,194,29,154,60,179,27,43,127,96,171,141,11,134,64,79,177,199,166,83,86,119,81,153,148,24,150,10,185,62,120,178,46,180,191,121];False
4322;6725;11047;[74,20,188,87,130,5,42,47,26,89,75,152,18,181,68,48,63,118,44,140,124,94,196,36,145,115,113,61,45,138,65,82,187,128,134,195,33,183,162,126,143,160,91,6,77,149,189,7,103,116,123,17,84,122,12,185,0,85,19,132,176,3,136,49,170,95,167,93,66,135,168,56,21,92,147,67,32,165,169,23,163,25,70,90,41,88,164,37,156,71,8,184,190,109,72,78,131,110,101,59,80,100,30,114,182,139,125,58,151,175,197,1,117,98,157,142,137,158,54,57,193,172,39,107,55,14,13,111,52,40,2,129,15,9,28,105,69,159,38,144,146,155,73,99,106,4,192,173,35,161,102,186,133,76,112,104,31,53,34,108,51,50,198,174,16,194,29,154,60,179,27,43,127,96,171,141,11,22,64,79,177,199,166,83,86,119,81,153,148,24,150,10,97,62,120,178,46,180,191,121];False
4303;6726;11029;[74,20,188,87,130,5,42,47,26,89,75,152,18,181,68,48,63,118,44,140,124,94,196,36,145,115,113,61,45,138,65,82,187,128,134,195,33,183,162,126,143,160,91,6,77,149,189,7,103,116,123,17,84,122,12,97,0,85,10,132,176,3,136,49,170,95,167,93,66,135,168,56,21,92,147,67,32,165,169,23,163,25,70,90,41,88,164,37,156,71,8,184,190,109,72,78,131,110,101,59,80,100,30,114,182,139,125,58,151,175,197,1,117,98,157,142,137,158,54,57,193,172,39,107,55,14,13,111,52,40,2,129,15,9,28,105,69,159,38,144,146,155,73,99,106,4,192,173,35,161,102,186,133,76,112,104,31,53,34,108,51,50,198,174,16,194,29,154,60,179,27,43,127,96,171,141,11,22,64,79,177,199,166,83,86,119,81,153,148,24,150,19,185,62,120,178,46,180,191,121];False
4227;6732;10959;[74,20,188,87,130,5,42,47,26,89,75,152,18,181,68,48,63,118,44,140,124,94,196,36,145,115,113,61,45,138,65,82,187,128,134,195,33,183,162,126,143,160,91,6,77,149,189,7,103,116,123,17,84,122,12,97,0,85,19,132,176,157,136,49,170,95,167,93,66,135,168,56,21,92,147,67,32,165,169,23,163,25,70,90,41,88,164,37,156,71,8,184,190,109,72,78,131,110,101,59,80,100,30,114,182,139,125,58,151,175,197,1,117,98,3,142,137,158,54,57,193,172,39,107,55,14,13,111,52,40,2,129,15,9,28,105,69,159,38,144,146,155,73,99,106,4,192,173,35,161,102,186,133,76,112,104,31,53,34,108,51,50,198,174,16,194,29,154,60,179,27,43,127,96,171,141,11,22,64,79,177,199,166,83,86,119,81,153,148,24,150,10,185,62,120,178,46,180,191,121];False
4188;6732;10920;[74,20,188,87,130,5,42,47,26,89,75,152,18,181,68,48,63,118,44,140,124,94,196,36,145,115,113,61,45,138,65,82,187,128,134,195,33,183,162,126,143,160,91,6,77,149,189,7,103,116,123,17,84,122,12,97,0,85,19,132,176,3,136,49,170,95,129,93,66,135,168,56,21,92,147,67,32,165,169,23,163,25,70,90,41,88,164,37,156,71,8,184,190,109,72,78,131,110,101,59,80,100,30,114,182,139,125,58,151,175,197,1,117,98,157,142,137,158,54,57,193,172,39,107,55,14,13,111,52,40,2,167,15,9,28,105,69,159,38,144,146,155,73,99,106,4,192,173,35,161,102,186,133,76,112,104,31,53,34,108,51,50,198,174,16,194,29,154,60,179,27,43,127,96,171,141,11,22,64,79,177,199,166,83,86,119,81,153,148,24,150,10,185,62,120,178,46,180,191,121];False
4225;6729;10954;[74,20,188,87,130,5,42,47,26,89,75,152,18,181,68,48,63,118,44,140,124,94,196,36,145,115,113,61,45,138,65,82,187,128,134,195,33,183,162,126,143,160,91,6,77,149,189,7,103,116,123,17,84,122,12,97,0,85,19,132,176,3,136,49,170,95,167,93,66,135,53,56,21,92,147,67,32,165,169,23,163,25,70,90,41,88,164,37,156,71,8,184,190,109,72,78,131,110,101,59,80,100,30,114,182,139,125,58,151,175,197,1,117,98,157,142,137,158,54,57,193,172,39,107,55,14,13,111,52,40,2,129,15,9,28,105,69,159,38,144,146,155,73,99,106,4,192,173,35,161,102,186,133,76,112,104,31,168,34,108,51,50,198,174,16,194,29,154,60,179,27,43,127,96,171,141,11,22,64,79,177,199,166,83,86,119,81,153,148,24,150,10,185,62,120,178,46,180,191,121];False
4274;6727;11001;[74,20,188,87,130,5,42,47,26,89,75,152,18,181,68,48,63,118,44,140,124,94,196,36,145,115,113,61,45,138,65,82,187,128,134,195,33,183,162,126,143,160,91,6,77,149,189,7,103,116,123,17,84,122,12,97,0,85,19,132,176,3,136,49,170,95,167,93,66,135,168,146,21,92,147,67,32,165,169,23,163,25,70,90,41,88,164,37,156,71,8,184,190,109,72,78,131,110,101,59,80,100,30,114,182,139,125,58,151,175,197,1,117,98,157,142,137,158,54,57,193,172,39,107,55,14,13,111,52,40,2,129,15,9,28,105,69,159,38,144,56,155,73,99,106,4,192,173,35,161,102,186,133,76,112,104,31,53,34,108,51,50,198,174,16,194,29,154,60,179,27,43,127,96,171,141,11,22,64,79,177,199,166,83,86,119,81,153,148,24,150,10,185,62,120,178,46,180,191,121];False
4196;6730;10926;[74,20,188,87,130,5,42,47,26,89,75,152,18,181,68,48,63,118,44,140,124,94,196,36,145,115,113,61,45,138,65,82,187,128,134,195,33,183,162,126,143,160,91,6,77,149,189,7,103,116,123,17,84,122,12,97,0,85,19,132,176,3,136,49,170,95,167,93,66,135,168,56,21,92,147,67,32,165,169,23,163,25,164,90,41,88,70,37,156,71,8,184,190,109,72,78,131,110,101,59,80,100,30,114,182,139,125,58,151,175,197,1,117,98,157,142,137,158,54,57,193,172,39,107,55,14,13,111,52,40,2,129,15,9,28,105,69,159,38,144,146,155,73,99,106,4,192,173,35,161,102,186,133,76,112,104,31,53,34,108,51,50,198,174,16,194,29,154,60,179,27,43,127,96,171,141,11,22,64,79,177,199,166,83,86,119,81,153,148,24,150,10,185,62,120,178,46,180,191,121];False
4227;6728;10955;[74,20,188,87,130,5,42,47,26,89,75,152,18,181,68,48,63,118,44,140,124,94,196,36,145,115,113,61,45,138,65,82,187,128,134,195,33,183,162,126,143,160,91,6,77,149,189,7,103,116,123,17,84,122,12,97,0,85,19,132,176,3,136,49,170,95,167,93,66,135,168,56,21,92,147,67,32,165,169,23,163,25,70,90,41,88,164,37,156,71,8,157,190,109,72,78,131,110,101,59,80,100,30,114,182,139,125,58,151,175,197,1,117,98,184,142,137,158,54,57,193,172,39,107,55,14,13,111,52,40,2,129,15,9,28,105,69,159,38,144,146,155,73,99,106,4,192,173,35,161,102,186,133,76,112,104,31,53,34,108,51,50,198,174,16,194,29,154,60,179,27,43,127,96,171,141,11,22,64,79,177,199,166,83,86,119,81,153,148,24,150,10,185,62,120,178,46,180,191,121];False
4211;6729;10940;[74,20,188,87,130,5,42,47,26,89,75,152,18,181,68,48,63,118,44,140,124,94,196,36,145,115,113,61,45,138,65,82,187,128,134,195,33,183,162,126,143,160,91,6,77,149,189,7,103,116,123,17,84,122,12,97,0,85,19,132,176,3,136,49,170,95,167,93,66,135,168,56,21,92,147,67,32,165,169,23,163,25,70,90,41,88,164,37,156,71,8,184,190,109,72,78,131,110,101,59,80,100,30,114,182,139,125,137,151,175,197,1,117,98,157,142,58,158,54,57,193,172,39,107,55,14,13,111,52,40,2,129,15,9,28,105,69,159,38,144,146,155,73,99,106,4,192,173,35,161,102,186,133,76,112,104,31,53,34,108,51,50,198,174,16,194,29,154,60,179,27,43,127,96,171,141,11,22,64,79,177,199,166,83,86,119,81,153,148,24,150,10,185,62,120,178,46,180,191,121];False
4114;6736;10850;[74,20,188,87,130,5,42,47,26,89,75,152,18,181,68,48,63,118,44,140,124,94,196,36,145,115,113,61,45,138,65,82,187,128,134,195,33,183,162,126,143,160,91,6,77,149,189,7,103,116,123,17,84,122,12,97,0,85,19,132,176,3,136,49,170,95,167,93,66,135,168,56,21,92,147,67,32,165,169,23,163,25,70,90,41,88,164,37,156,71,8,184,190,109,72,78,131,110,101,59,80,100,30,114,182,139,125,58,151,54,197,1,117,98,157,142,137,158,175,57,193,172,39,107,55,14,13,111,52,40,2,129,15,9,28,105,69,159,38,144,146,155,73,99,106,4,192,173,35,161,102,186,133,76,112,104,31,53,34,108,51,50,198,174,16,194,29,154,60,179,27,43,127,96,171,141,11,22,64,79,177,199,166,83,86,119,81,153,148,24,150,10,185,62,120,178,46,180,191,121];False
4120;6733;10853;[74,20,188,87,130,5,42,47,26,89,75,152,18,181,68,48,63,118,44,140,124,94,196,36,145,115,113,61,45,138,65,82,187,128,134,195,33,183,162,126,143,160,91,6,77,149,189,7,103,116,123,17,84,122,12,97,0,85,19,132,176,3,136,49,170,95,167,93,66,135,168,56,21,92,147,67,32,165,169,23,163,25,70,90,41,88,164,37,156,71,8,184,190,109,72,78,131,110,101,59,80,100,30,114,182,139,125,58,151,175,57,1,117,98,157,142,137,158,54,197,193,172,39,107,55,14,13,111,52,40,2,129,15,9,28,105,69,159,38,144,146,155,73,99,106,4,192,173,35,161,102,186,133,76,112,104,31,53,34,108,51,50,198,174,16,194,29,154,60,179,27,43,127,96,171,141,11,22,64,79,177,199,166,83,86,119,81,153,148,24,150,10,185,62,120,178,46,180,191,121];False
4112;6743;10855;[50,20,188,87,130,5,42,47,26,89,75,152,18,181,68,48,63,118,44,140,124,94,196,36,145,115,113,61,45,138,65,82,187,128,134,195,33,183,162,126,143,160,91,6,77,149,189,148,173,116,123,17,84,122,12,97,0,85,19,132,176,3,136,49,170,95,167,93,66,135,168,146,21,92,147,67,32,165,169,23,163,25,70,90,41,88,164,37,156,71,8,184,190,109,72,78,131,110,101,59,80,100,30,114,182,139,125,58,151,175,57,1,117,98,157,142,137,158,54,197,193,172,39,107,55,14,13,111,52,40,2,129,15,9,28,105,69,159,38,144,56,155,73,99,106,4,192,103,35,161,102,186,133,76,112,104,31,53,34,108,51,74,198,174,16,194,29,154,60,179,27,43,127,96,171,141,11,22,64,79,177,199,166,83,86,119,81,153,7,24,150,10,185,62,120,178,46,180,191,121];False
4111;6741;10852;[74,20,188,87,130,5,42,47,26,89,75,152,18,181,68,48,63,118,44,140,124,94,196,36,145,115,113,61,45,138,65,82,187,128,134,195,33,183,162,126,143,160,91,6,77,149,189,148,173,116,123,17,84,122,12,97,0,85,19,132,176,3,136,49,170,95,129,93,66,135,168,146,21,92,147,67,32,165,169,23,163,25,70,90,41,88,164,37,156,71,8,184,190,109,72,78,131,110,101,59,80,100,30,114,182,139,125,58,151,175,57,1,117,98,157,142,137,158,54,197,193,172,39,107,55,14,13,111,52,40,2,167,15,9,28,105,69,159,38,144,56,155,73,99,106,4,192,103,35,161,102,186,133,76,112,104,31,53,34,108,51,50,198,174,16,194,29,154,60,179,27,43,127,96,171,141,11,22,64,79,177,199,166,83,86,119,81,153,7,24,150,10,185,62,120,178,46,180,191,121];False
4215;6727;10942;[74,20,188,87,130,5,42,47,26,89,75,152,18,181,68,48,63,118,44,140,124,94,196,36,145,115,113,61,45,138,65,82,187,128,134,195,33,183,162,126,143,160,91,6,77,149,189,148,173,116,123,17,84,122,12,97,0,85,19,132,176,3,136,49,170,95,167,93,66,135,168,146,21,92,147,67,32,165,169,23,163,25,70,90,41,88,164,37,156,71,8,184,190,109,72,78,131,110,101,59,80,100,30,114,182,139,125,58,151,175,57,1,117,98,157,142,137,158,54,197,193,172,39,107,55,14,13,111,52,40,2,7,15,9,28,105,69,159,38,144,56,155,73,99,106,4,192,103,35,161,102,186,133,76,112,104,31,53,34,108,51,50,198,174,16,194,29,154,60,179,27,43,127,96,171,141,11,22,64,79,177,199,166,83,86,119,81,153,129,24,150,10,185,62,120,178,46,180,191,121];False
4095;6745;10840;[74,20,188,87,130,5,42,47,26,89,75,152,18,181,68,48,63,118,44,140,124,94,196,36,145,115,98,61,45,138,65,82,187,128,134,195,33,183,162,126,143,160,91,6,77,149,189,148,173,116,123,17,84,122,12,97,0,85,19,132,176,3,136,49,170,95,167,93,66,135,168,56,21,92,147,67,32,165,169,23,163,25,164,90,41,88,70,37,156,71,8,184,190,109,72,78,131,110,101,59,80,100,30,114,182,139,125,58,151,54,197,1,117,113,157,142,137,158,175,57,193,172,39,107,55,14,13,111,52,40,2,129,15,9,28,105,69,159,38,144,146,155,73,99,106,4,192,103,35,161,102,186,133,76,112,104,31,53,34,108,51,50,198,174,16,194,29,154,60,179,27,43,127,96,171,141,11,22,64,79,177,199,166,83,86,119,81,153,7,24,150,10,185,62,120,178,46,180,191,121];False
4027;6747;10774;[74,20,188,87,130,5,42,47,26,89,75,152,18,181,68,48,63,118,44,140,124,94,196,36,145,115,113,61,45,138,65,82,187,128,134,195,33,183,162,126,143,160,91,6,77,149,189,148,173,116,123,17,84,122,12,97,0,85,19,132,176,3,136,49,170,95,129,93,66,135,168,56,21,92,147,67,32,165,169,23,163,25,164,90,41,88,70,37,156,71,8,184,190,109,72,78,131,110,101,59,80,100,30,114,182,139,125,58,151,54,197,1,117,98,157,142,137,158,175,57,193,172,39,107,55,14,13,111,52,40,2,167,15,9,28,105,69,159,38,144,146,155,73,99,106,4,192,103,35,161,102,186,133,76,112,104,31,53,34,108,51,50,198,174,16,194,29,154,60,179,27,43,127,96,171,141,11,22,64,79,177,199,166,83,86,119,81,153,7,24,150,10,185,62,120,178,46,180,191,121];False
4064;6744;10808;[74,20,188,87,130,5,42,47,26,89,75,152,18,181,68,48,63,118,44,140,124,94,196,36,145,115,113,61,45,138,65,82,187,128,134,195,33,183,162,126,143,160,91,6,77,149,189,148,173,116,123,17,84,122,12,97,0,85,19,132,176,3,136,49,170,95,167,93,66,135,53,56,21,92,147,67,32,165,169,23,163,25,164,90,41,88,70,37,156,71,8,184,190,109,72,78,131,110,101,59,80,100,30,114,182,139,125,58,151,54,197,1,117,98,157,142,137,158,175,57,193,172,39,107,55,14,13,111,52,40,2,129,15,9,28,105,69,159,38,144,146,155,73,99,106,4,192,103,35,161,102,186,133,76,112,104,31,168,34,108,51,50,198,174,16,194,29,154,60,179,27,43,127,96,171,141,11,22,64,79,177,199,166,83,86,119,81,153,7,24,150,10,185,62,120,178,46,180,191,121];False
4066;6743;10809;[74,20,188,87,130,5,42,47,26,89,75,152,18,181,68,48,63,118,44,140,124,94,196,36,145,115,113,61,45,138,65,82,187,128,134,195,33,183,162,126,143,160,91,6,77,149,189,148,173,116,123,17,84,122,12,97,0,85,19,132,176,3,136,49,170,95,167,93,66,135,168,56,21,92,147,67,32,165,169,23,163,25,164,90,41,88,70,37,156,71,8,157,190,109,72,78,131,110,101,59,80,100,30,114,182,139,125,58,151,54,197,1,117,98,184,142,137,158,175,57,193,172,39,107,55,14,13,111,52,40,2,129,15,9,28,105,69,159,38,144,146,155,73,99,106,4,192,103,35,161,102,186,133,76,112,104,31,53,34,108,51,50,198,174,16,194,29,154,60,179,27,43,127,96,171,141,11,22,64,79,177,199,166,83,86,119,81,153,7,24,150,10,185,62,120,178,46,180,191,121];False
4050;6744;10794;[74,20,188,87,130,5,42,47,26,89,75,152,18,181,68,48,63,118,44,140,124,94,196,36,145,115,113,61,45,138,65,82,187,128,134,195,33,183,162,126,143,160,91,6,77,149,189,148,173,116,123,17,84,122,12,97,0,85,19,132,176,3,136,49,170,95,167,93,66,135,168,56,21,92,147,67,32,165,169,23,163,25,164,90,41,88,70,37,156,71,8,184,190,109,72,78,131,110,101,59,80,100,30,114,182,139,125,137,151,54,197,1,117,98,157,142,58,158,175,57,193,172,39,107,55,14,13,111,52,40,2,129,15,9,28,105,69,159,38,144,146,155,73,99,106,4,192,103,35,161,102,186,133,76,112,104,31,53,34,108,51,50,198,174,16,194,29,154,60,179,27,43,127,96,171,141,11,22,64,79,177,199,166,83,86,119,81,153,7,24,150,10,185,62,120,178,46,180,191,121];False
3973;6748;10721;[74,20,188,87,130,5,42,47,26,89,75,152,18,181,68,48,63,118,44,140,124,94,196,36,145,115,113,61,45,138,65,82,187,128,134,195,33,183,162,126,143,160,91,6,77,149,189,148,173,116,123,17,84,122,12,97,0,85,19,132,176,3,136,49,170,95,167,93,66,135,168,56,21,92,147,67,32,165,169,23,163,25,164,90,41,88,70,37,156,71,8,184,190,109,72,78,131,110,101,59,80,100,30,114,182,139,125,58,158,54,197,1,117,98,157,142,137,151,175,57,193,172,39,107,55,14,13,111,52,40,2,129,15,9,28,105,69,159,38,144,146,155,73,99,106,4,192,103,35,161,102,186,133,76,112,104,31,53,34,108,51,50,198,174,16,194,29,154,60,179,27,43,127,96,171,141,11,22,64,79,177,199,166,83,86,119,81,153,7,24,150,10,185,62,120,178,46,180,191,121];False
3966;6752;10718;[50,20,188,87,130,5,42,47,26,89,75,152,18,181,68,48,63,118,44,140,124,94,196,36,145,115,113,61,45,138,65,82,187,128,134,195,33,183,162,126,143,160,91,6,77,149,189,148,173,116,123,17,84,122,12,97,0,85,19,132,176,3,136,49,170,95,167,93,66,135,168,56,21,92,147,67,32,165,169,23,163,25,70,90,41,88,164,37,156,71,8,184,190,109,72,78,131,110,101,59,80,100,30,114,182,139,125,58,158,54,197,1,117,98,157,142,137,151,175,57,193,172,39,107,55,14,13,111,52,40,2,129,15,9,28,105,69,159,38,144,146,155,73,99,106,4,192,103,35,161,102,186,133,76,112,104,31,53,34,108,51,74,198,174,16,194,29,154,60,179,27,43,127,96,171,141,11,22,64,79,177,199,166,83,86,119,81,153,7,24,150,10,185,62,120,178,46,180,191,121];False
3822;6772;10594;[74,20,188,87,130,5,42,47,132,89,75,152,18,181,68,48,63,118,44,140,124,94,196,36,145,115,113,61,45,138,65,82,187,128,134,195,33,183,162,126,143,160,91,6,77,149,189,148,173,116,123,17,84,122,12,97,0,85,19,26,176,3,136,49,170,95,167,93,66,135,168,56,21,92,147,67,32,165,169,23,163,25,70,90,41,88,164,37,156,71,8,184,190,109,72,78,131,110,101,59,80,100,30,114,182,139,125,58,158,54,197,1,117,98,157,142,137,151,175,57,193,172,39,107,55,14,13,111,52,40,2,129,15,9,28,105,69,159,38,144,146,155,73,99,106,4,192,103,35,161,102,186,133,76,112,104,31,53,34,108,51,50,198,174,16,194,29,154,60,179,27,43,127,96,171,141,11,22,64,79,177,199,166,83,86,119,81,153,7,24,150,10,185,62,120,178,46,180,191,121];False
3922;6758;10680;[74,20,188,87,130,5,42,47,26,89,75,36,18,181,68,48,63,118,44,140,124,94,196,152,145,115,113,61,45,138,65,82,187,128,134,195,33,183,162,126,143,160,91,6,77,149,189,148,173,116,123,17,84,122,12,97,0,85,19,132,176,3,136,49,170,95,167,93,66,135,168,56,21,92,147,67,32,165,169,23,163,25,70,90,41,88,164,37,156,71,8,184,190,109,72,78,131,110,101,59,80,100,30,114,182,139,125,58,158,54,197,1,117,98,157,142,137,151,175,57,193,172,39,107,55,14,13,111,52,40,2,129,15,9,28,105,69,159,38,144,146,155,73,99,106,4,192,103,35,161,102,186,133,76,112,104,31,53,34,108,51,50,198,174,16,194,29,154,60,179,27,43,127,96,171,141,11,22,64,79,177,199,166,83,86,119,81,153,7,24,150,10,185,62,120,178,46,180,191,121];False
3955;6755;10710;[74,20,188,87,130,5,42,47,26,89,75,152,76,181,68,48,63,118,44,140,124,94,196,36,145,115,113,61,45,138,65,82,187,128,134,195,33,183,162,126,143,160,91,6,77,149,189,148,173,116,123,17,84,122,12,97,0,85,19,132,176,3,136,49,170,95,167,93,66,135,168,56,21,92,147,67,32,165,169,23,163,25,70,90,41,88,164,37,156,71,8,184,190,109,72,78,131,110,101,59,80,100,30,114,182,139,125,58,158,54,197,1,117,98,157,142,137,151,175,57,193,172,39,107,55,14,13,111,52,40,2,129,15,9,28,105,69,159,38,144,146,155,73,99,106,4,192,103,35,161,102,186,133,18,112,104,31,53,34,108,51,50,198,174,16,194,29,154,60,179,27,43,127,96,171,141,11,22,64,79,177,199,166,83,86,119,81,153,7,24,150,10,185,62,120,178,46,180,191,121];False
4096;6738;10834;[74,20,188,87,130,5,42,47,26,89,75,152,18,181,68,48,63,118,44,140,124,94,196,36,145,115,113,61,45,138,65,82,187,128,134,195,33,183,162,126,143,160,91,6,77,149,189,7,173,116,123,17,84,122,12,97,0,85,19,132,176,3,136,49,170,95,167,93,66,135,168,56,21,92,147,67,32,165,169,23,163,25,70,90,41,88,164,37,156,71,8,184,190,109,72,78,131,110,101,59,80,100,30,114,182,139,125,58,158,54,197,1,117,98,157,142,137,151,175,57,193,172,39,107,55,14,13,111,52,40,2,129,15,9,28,105,69,159,38,144,146,155,73,99,106,4,192,103,35,161,102,186,133,76,112,104,31,53,34,108,51,50,198,174,16,194,29,154,60,179,27,43,127,96,171,141,11,22,64,79,177,199,166,83,86,119,81,153,148,24,150,10,185,62,120,178,46,180,191,121];False
4070;6742;10812;[74,20,188,87,130,5,42,47,26,89,75,152,18,181,68,48,63,118,44,140,124,94,196,36,145,115,113,61,45,138,65,82,187,128,134,195,33,183,162,126,143,160,91,6,77,149,189,148,24,116,123,17,84,122,12,97,0,85,19,132,176,3,136,49,170,95,167,93,66,135,168,56,21,92,147,67,32,165,169,23,163,25,70,90,41,88,164,37,156,71,8,184,190,109,72,78,131,110,101,59,80,100,30,114,182,139,125,58,158,54,197,1,117,98,157,142,137,151,175,57,193,172,39,107,55,14,13,111,52,40,2,129,15,9,28,105,69,159,38,144,146,155,73,99,106,4,192,103,35,161,102,186,133,76,112,104,31,53,34,108,51,50,198,174,16,194,29,154,60,179,27,43,127,96,171,141,11,22,64,79,177,199,166,83,86,119,81,153,7,173,150,10,185,62,120,178,46,180,191,121];False
3965;6750;10715;[74,20,188,87,130,5,42,47,26,89,75,152,18,181,68,48,63,118,44,140,124,94,196,36,145,115,113,61,45,138,65,82,187,128,134,195,33,183,162,126,143,160,91,6,77,149,189,148,173,116,123,17,84,122,12,97,0,85,19,132,176,3,136,49,170,95,129,93,66,135,168,56,21,92,147,67,32,165,169,23,163,25,70,90,41,88,164,37,156,71,8,184,190,109,72,78,131,110,101,59,80,100,30,114,182,139,125,58,158,54,197,1,117,98,157,142,137,151,175,57,193,172,39,107,55,14,13,111,52,40,2,167,15,9,28,105,69,159,38,144,146,155,73,99,106,4,192,103,35,161,102,186,133,76,112,104,31,53,34,108,51,50,198,174,16,194,29,154,60,179,27,43,127,96,171,141,11,22,64,79,177,199,166,83,86,119,81,153,7,24,150,10,185,62,120,178,46,180,191,121];False
4002;6747;10749;[74,20,188,87,130,5,42,47,26,89,75,152,18,181,68,48,63,118,44,140,124,94,196,36,145,115,113,61,45,138,65,82,187,128,134,195,33,183,162,126,143,160,91,6,77,149,189,148,173,116,123,17,84,122,12,97,0,85,19,132,176,3,136,49,170,95,167,93,66,135,53,56,21,92,147,67,32,165,169,23,163,25,70,90,41,88,164,37,156,71,8,184,190,109,72,78,131,110,101,59,80,100,30,114,182,139,125,58,158,54,197,1,117,98,157,142,137,151,175,57,193,172,39,107,55,14,13,111,52,40,2,129,15,9,28,105,69,159,38,144,146,155,73,99,106,4,192,103,35,161,102,186,133,76,112,104,31,168,34,108,51,50,198,174,16,194,29,154,60,179,27,43,127,96,171,141,11,22,64,79,177,199,166,83,86,119,81,153,7,24,150,10,185,62,120,178,46,180,191,121];False
4004;6746;10750;[74,20,188,87,130,5,42,47,26,89,75,152,18,181,68,48,63,118,44,140,124,94,196,36,145,115,113,61,45,138,65,82,187,128,134,195,33,183,162,126,143,160,91,6,77,149,189,148,173,116,123,17,84,122,12,97,0,85,19,132,176,3,136,49,170,95,167,93,66,135,168,56,21,92,147,67,32,165,169,23,163,25,70,90,41,88,164,37,156,71,8,157,190,109,72,78,131,110,101,59,80,100,30,114,182,139,125,58,158,54,197,1,117,98,184,142,137,151,175,57,193,172,39,107,55,14,13,111,52,40,2,129,15,9,28,105,69,159,38,144,146,155,73,99,106,4,192,103,35,161,102,186,133,76,112,104,31,53,34,108,51,50,198,174,16,194,29,154,60,179,27,43,127,96,171,141,11,22,64,79,177,199,166,83,86,119,81,153,7,24,150,10,185,62,120,178,46,180,191,121];False
3998;6745;10743;[74,20,188,87,130,5,42,47,26,89,75,152,18,181,68,48,63,118,44,140,124,94,196,36,145,115,113,61,45,138,65,82,187,128,134,195,33,183,162,126,143,160,91,6,77,149,189,148,173,116,123,17,84,122,12,97,0,85,19,132,176,3,136,49,170,95,167,93,66,135,168,56,21,92,147,67,32,165,169,23,163,25,70,90,41,88,164,37,156,71,8,184,190,109,72,78,131,110,101,59,80,100,30,114,182,139,125,137,158,54,197,1,117,98,157,142,58,151,175,57,193,172,39,107,55,14,13,111,52,40,2,129,15,9,28,105,69,159,38,144,146,155,73,99,106,4,192,103,35,161,102,186,133,76,112,104,31,53,34,108,51,50,198,174,16,194,29,154,60,179,27,43,127,96,171,141,11,22,64,79,177,199,166,83,86,119,81,153,7,24,150,10,185,62,120,178,46,180,191,121];False
4069;6736;10805;[74,20,188,87,130,5,42,47,26,89,75,152,18,181,68,48,63,118,44,140,124,94,196,36,145,115,113,61,45,138,65,82,187,128,134,195,33,183,162,126,143,160,91,6,77,149,189,148,173,116,123,17,84,122,12,97,0,85,19,132,176,3,136,49,170,95,167,93,66,135,168,56,21,92,147,67,32,165,169,23,163,25,70,90,41,88,164,37,156,71,8,184,190,109,72,78,131,110,101,59,80,100,30,114,182,139,125,58,158,54,197,1,117,98,157,142,137,151,175,57,193,172,39,107,55,14,13,111,52,40,2,7,15,9,28,105,69,159,38,144,146,155,73,99,106,4,192,103,35,161,102,186,133,76,112,104,31,53,34,108,51,50,198,174,16,194,29,154,60,179,27,43,127,96,171,141,11,22,64,79,177,199,166,83,86,119,81,153,129,24,150,10,185,62,120,178,46,180,191,121];False
4054;6739;10793;[74,20,188,87,130,5,42,47,26,89,75,152,18,181,68,48,63,118,44,140,124,94,196,36,145,115,113,61,45,138,65,82,187,128,134,195,33,183,162,126,143,160,91,6,77,149,189,148,173,116,123,17,84,122,12,97,0,85,19,132,176,3,136,49,170,95,167,93,66,135,168,56,21,92,147,67,32,165,169,23,163,25,70,90,41,88,164,37,156,71,8,184,190,109,72,78,131,110,101,59,80,100,30,114,182,139,125,58,158,54,197,1,117,98,157,142,137,151,175,57,193,172,39,107,55,14,13,111,52,40,2,129,24,9,28,105,69,159,38,144,146,155,73,99,106,4,192,103,35,161,102,186,133,76,112,104,31,53,34,108,51,50,198,174,16,194,29,154,60,179,27,43,127,96,171,141,11,22,64,79,177,199,166,83,86,119,81,153,7,15,150,10,185,62,120,178,46,180,191,121];False
4046;6742;10788;[74,20,188,87,130,5,42,47,26,89,75,152,18,181,68,48,63,118,44,140,124,94,196,36,145,115,113,61,45,138,65,82,187,128,134,195,33,183,162,126,143,160,91,6,77,149,189,148,173,116,123,17,84,122,12,97,0,85,19,132,176,3,136,49,170,95,167,93,66,135,168,56,21,92,147,67,32,165,169,23,163,25,70,90,41,88,164,37,156,71,8,184,190,109,72,78,131,110,101,59,80,100,30,114,182,139,125,58,158,54,197,1,117,98,157,142,137,151,175,57,193,172,39,107,55,14,13,111,52,40,2,129,15,9,28,105,69,159,38,144,146,155,73,99,106,4,192,103,35,161,102,186,133,22,112,104,31,53,34,108,51,50,198,174,16,194,29,154,60,179,27,43,127,96,171,141,11,76,64,79,177,199,166,83,86,119,81,153,7,24,150,10,185,62,120,178,46,180,191,121];False
4700;6716;11416;[73,20,188,87,130,5,42,47,26,89,75,152,18,181,68,48,63,118,44,140,124,94,196,36,145,115,95,61,184,138,65,82,187,128,134,195,33,183,162,126,143,160,91,6,77,149,189,7,103,116,123,168,84,122,2,97,0,85,19,132,176,3,136,49,170,98,167,93,66,135,53,56,21,92,147,67,32,165,169,23,163,25,70,90,41,88,164,37,156,71,8,45,190,109,72,78,131,110,101,59,80,100,30,114,182,139,125,58,151,175,197,1,117,113,157,142,137,158,54,57,193,172,39,107,55,14,13,111,52,40,12,129,15,9,28,105,69,159,38,144,146,155,17,99,106,4,192,173,35,161,102,186,133,76,112,104,31,74,34,108,51,50,198,174,16,194,29,154,60,179,27,43,127,96,171,141,11,22,64,79,177,199,166,83,86,119,81,153,148,24,150,10,185,62,120,178,46,180,191,121];False
4674;6719;11393;[73,20,188,87,130,5,42,47,26,89,75,152,18,181,68,48,63,118,44,140,124,94,196,36,145,115,95,61,45,138,65,82,187,76,134,195,33,183,162,126,143,160,91,6,77,149,189,7,103,116,123,168,84,122,2,97,0,85,19,132,176,3,136,49,170,98,167,93,66,135,53,56,21,92,147,67,32,165,169,23,163,25,70,90,41,88,164,37,156,71,8,184,190,109,72,78,131,110,101,59,80,100,30,114,182,139,125,58,151,175,197,1,117,113,157,142,137,158,54,57,193,172,39,107,55,14,13,111,52,40,12,129,15,9,28,105,69,159,38,144,146,155,17,99,106,4,192,173,35,161,102,186,133,128,112,104,31,74,34,108,51,50,198,174,16,194,29,154,60,179,27,43,127,96,171,141,11,22,64,79,177,199,166,83,86,119,81,153,148,24,150,10,185,62,120,178,46,180,191,121];False
4776;6712;11488;[73,20,188,87,130,5,42,47,26,89,75,152,18,181,68,48,63,118,44,140,124,94,196,36,145,115,95,61,45,138,65,82,187,128,22,195,33,183,162,126,143,160,91,6,77,149,189,7,103,116,123,168,84,122,2,97,0,85,19,132,176,3,136,49,170,98,167,93,66,135,53,56,21,92,147,67,32,165,169,23,163,25,70,90,41,88,164,37,156,71,8,184,190,109,72,78,131,110,101,59,80,100,30,114,182,139,125,58,151,175,197,1,117,113,157,142,137,158,54,57,193,172,39,107,55,14,13,111,52,40,12,129,15,9,28,105,69,159,38,144,146,155,17,99,106,4,192,173,35,161,102,186,133,76,112,104,31,74,34,108,51,50,198,174,16,194,29,154,60,179,27,43,127,96,171,141,11,134,64,79,177,199,166,83,86,119,81,153,148,24,150,10,185,62,120,178,46,180,191,121];False
4664;6718;11382;[73,20,188,87,130,5,42,47,26,89,75,152,18,181,68,48,63,118,44,140,124,94,196,36,145,115,95,61,45,138,65,82,187,128,134,195,33,183,162,126,143,160,91,6,77,149,12,7,103,116,123,168,84,122,2,97,0,85,19,132,176,3,136,49,170,98,167,93,66,135,53,56,21,92,147,67,32,165,169,23,163,25,70,90,41,88,164,37,156,71,8,184,190,109,72,78,131,110,101,59,80,100,30,114,182,139,125,58,151,175,197,1,117,113,157,142,137,158,54,57,193,172,39,107,55,14,13,111,52,40,189,129,15,9,28,105,69,159,38,144,146,155,17,99,106,4,192,173,35,161,102,186,133,76,112,104,31,74,34,108,51,50,198,174,16,194,29,154,60,179,27,43,127,96,171,141,11,22,64,79,177,199,166,83,86,119,81,153,148,24,150,10,185,62,120,178,46,180,191,121];False
4637;6717;11354;[73,20,188,87,130,5,42,47,26,89,75,152,18,181,68,48,63,118,44,140,124,94,196,36,145,115,95,61,45,138,65,82,187,128,134,195,33,183,162,126,143,160,91,6,77,149,189,7,103,116,17,168,84,122,2,97,0,85,19,132,176,3,136,49,170,98,167,93,66,135,53,56,21,92,147,67,32,165,169,23,163,25,70,90,41,88,164,37,156,71,8,184,190,109,72,78,131,110,101,59,80,100,30,114,182,139,125,58,151,175,197,1,117,113,157,142,137,158,54,57,193,172,39,107,55,14,13,111,52,40,12,129,15,9,28,105,69,159,38,144,146,155,123,99,106,4,192,173,35,161,102,186,133,76,112,104,31,74,34,108,51,50,198,174,16,194,29,154,60,179,27,43,127,96,171,141,11,22,64,79,177,199,166,83,86,119,81,153,148,24,150,10,185,62,120,178,46,180,191,121];False
4767;6712;11479;[73,20,188,87,130,5,42,47,26,89,75,152,18,181,68,48,63,118,44,140,124,94,196,36,145,115,113,61,184,138,65,82,187,128,22,2,33,183,162,126,143,160,91,6,77,149,189,7,103,116,123,168,84,122,195,97,0,85,19,132,176,3,136,49,170,95,167,93,66,135,53,56,21,92,147,67,32,165,169,23,163,25,70,90,41,88,164,37,156,71,8,45,190,109,72,78,131,110,101,59,80,100,30,114,182,139,125,58,151,175,197,1,117,98,157,142,137,158,54,57,193,172,39,107,55,14,13,111,52,40,12,129,15,9,28,105,69,159,38,144,146,155,17,99,106,4,192,173,35,161,102,186,133,76,112,104,31,74,34,108,51,50,198,174,16,194,29,154,60,179,27,43,127,96,171,141,11,134,64,79,177,199,166,83,86,119,81,153,148,24,150,10,185,62,120,178,46,180,191,121];False
4632;6719;11351;[73,20,188,87,130,5,42,47,26,89,75,152,18,181,68,48,63,118,44,140,124,94,196,36,145,115,113,61,184,138,65,82,187,128,22,195,33,183,162,126,143,160,91,6,77,149,189,7,103,116,17,168,84,122,2,97,0,85,19,132,176,3,136,49,170,95,167,93,66,135,53,56,21,92,147,67,32,165,169,23,163,25,70,90,41,88,164,37,156,71,8,45,190,109,72,78,131,110,101,59,80,100,30,114,182,139,125,58,151,175,197,1,117,98,157,142,137,158,54,57,193,172,39,107,55,14,13,111,52,40,12,129,15,9,28,105,69,159,38,144,146,155,123,99,106,4,192,173,35,161,102,186,133,76,112,104,31,74,34,108,51,50,198,174,16,194,29,154,60,179,27,43,127,96,171,141,11,134,64,79,177,199,166,83,86,119,81,153,148,24,150,10,185,62,120,178,46,180,191,121];False
4845;6709;11554;[198,174,118,10,130,5,42,47,26,125,115,152,186,148,139,48,106,20,44,140,124,168,34,136,145,6,113,61,45,138,123,82,187,128,134,195,33,94,190,126,143,160,91,75,77,149,189,7,173,116,65,4,84,122,2,97,0,85,18,132,176,3,196,49,170,95,167,93,66,135,51,50,21,92,147,67,32,165,169,23,163,25,70,90,41,88,146,37,156,71,8,184,162,109,72,78,131,110,101,59,80,100,30,114,182,15,36,58,151,175,197,1,117,98,157,142,137,158,54,120,193,172,39,107,55,14,13,111,52,40,87,181,68,9,28,105,69,159,38,144,56,63,73,99,155,178,192,103,35,161,102,12,133,76,112,104,31,183,164,108,188,74,53,17,16,194,29,154,60,179,27,43,127,96,171,141,11,22,64,79,177,199,166,83,86,119,81,153,129,24,150,19,185,62,57,89,46,180,191,121];False
4949;6700;11649;[198,174,118,10,130,5,42,47,26,145,115,152,186,148,139,48,106,20,146,140,124,168,34,136,125,6,113,61,45,138,123,82,187,128,134,195,33,94,190,126,143,160,91,75,77,149,189,7,173,116,65,4,84,122,2,97,0,85,18,132,176,3,196,49,170,95,167,93,66,135,51,50,21,92,147,67,32,165,169,23,163,25,70,90,41,88,44,37,156,71,8,184,162,109,72,78,131,110,101,59,80,100,30,114,182,15,36,58,151,175,197,1,117,98,157,142,137,158,54,120,193,172,39,107,55,14,13,111,52,40,87,181,68,9,28,105,69,159,38,144,56,63,73,99,155,178,192,103,35,161,102,12,133,76,112,104,31,183,164,108,188,74,53,17,16,194,29,154,60,179,27,43,127,96,171,141,11,22,64,79,177,199,166,83,86,119,81,153,129,24,150,19,185,62,57,89,46,180,191,121];False
4783;6710;11493;[198,174,118,10,130,5,42,47,26,145,115,152,186,148,139,48,106,20,44,140,124,168,34,94,125,6,113,61,45,138,123,82,187,128,134,195,33,136,190,126,143,160,91,75,77,149,189,7,173,116,65,4,84,122,2,97,0,85,18,132,176,3,196,49,170,95,167,93,66,135,51,50,21,92,147,67,32,165,169,23,163,25,70,90,41,88,146,37,156,71,8,184,162,109,72,78,131,110,101,59,80,100,30,114,182,15,36,58,151,175,197,1,117,98,157,142,137,158,54,120,193,172,39,107,55,14,13,111,52,40,87,181,68,9,28,105,69,159,38,144,56,63,73,99,155,178,192,103,35,161,102,12,133,76,112,104,31,183,164,108,188,74,53,17,16,194,29,154,60,179,27,43,127,96,171,141,11,22,64,79,177,199,166,83,86,119,81,153,129,24,150,19,185,62,57,89,46,180,191,121];False
4894;6703;11597;[198,174,118,10,130,5,42,47,26,145,115,152,186,148,139,48,106,20,44,140,124,168,34,136,69,6,113,61,45,138,123,82,187,128,134,195,33,94,190,126,143,160,91,75,77,149,189,7,173,116,65,4,84,122,2,97,0,85,18,132,176,3,196,49,170,95,167,93,66,135,51,50,21,92,147,67,32,165,169,23,163,25,70,90,41,88,146,37,156,71,8,184,162,109,72,78,131,110,101,59,80,100,30,114,182,15,36,58,151,175,197,1,117,98,157,142,137,158,54,120,193,172,39,107,55,14,13,111,52,40,87,181,68,9,28,105,125,159,38,144,56,63,73,99,155,178,192,103,35,161,102,12,133,76,112,104,31,183,164,108,188,74,53,17,16,194,29,154,60,179,27,43,127,96,171,141,11,22,64,79,177,199,166,83,86,119,81,153,129,24,150,19,185,62,57,89,46,180,191,121];False
4893;6703;11596;[198,174,118,10,130,5,42,47,26,145,115,152,186,148,139,48,106,20,44,140,124,168,34,136,125,117,113,61,45,138,123,82,187,128,134,195,33,94,190,126,143,160,91,75,77,149,189,7,173,116,65,4,84,122,2,97,0,85,18,132,176,3,196,49,170,95,167,93,66,135,51,50,21,92,147,67,32,165,169,23,163,25,70,90,41,88,146,37,156,71,8,184,162,109,72,78,131,110,101,59,80,100,30,114,182,15,36,58,151,175,197,1,6,98,157,142,137,158,54,120,193,172,39,107,55,14,13,111,52,40,87,181,68,9,28,105,69,159,38,144,56,63,73,99,155,178,192,103,35,161,102,12,133,76,112,104,31,183,164,108,188,74,53,17,16,194,29,154,60,179,27,43,127,96,171,141,11,22,64,79,177,199,166,83,86,119,81,153,129,24,150,19,185,62,57,89,46,180,191,121];False
4849;6707;11556;[198,174,118,10,130,5,42,47,26,145,115,152,186,148,139,48,106,20,44,140,124,168,34,136,125,6,167,61,45,138,123,82,187,128,134,195,33,94,190,126,143,160,91,75,77,149,189,7,173,116,65,4,84,122,2,97,0,85,18,132,176,3,196,49,170,95,113,93,66,135,51,50,21,92,147,67,32,165,169,23,163,25,70,90,41,88,146,37,156,71,8,184,162,109,72,78,131,110,101,59,80,100,30,114,182,15,36,58,151,175,197,1,117,98,157,142,137,158,54,120,193,172,39,107,55,14,13,111,52,40,87,181,68,9,28,105,69,159,38,144,56,63,73,99,155,178,192,103,35,161,102,12,133,76,112,104,31,183,164,108,188,74,53,17,16,194,29,154,60,179,27,43,127,96,171,141,11,22,64,79,177,199,166,83,86,119,81,153,129,24,150,19,185,62,57,89,46,180,191,121];False
5047;6697;11744;[198,174,190,10,130,5,179,47,26,145,115,152,186,148,139,48,106,20,146,140,124,168,34,136,125,6,113,61,45,138,123,82,187,128,134,195,33,94,118,126,143,160,91,75,77,149,189,7,173,116,65,4,84,122,2,97,0,85,18,132,176,3,196,49,170,95,167,93,66,135,51,50,21,92,147,67,32,165,169,23,163,25,70,90,41,88,44,37,156,71,8,184,162,109,72,78,131,110,101,59,80,100,30,114,182,15,36,58,151,175,197,1,117,98,157,142,137,158,54,120,193,172,39,107,55,14,13,111,52,40,87,181,68,9,28,105,69,159,38,144,56,63,73,99,155,178,192,103,35,161,102,12,133,76,112,104,31,183,164,108,188,74,53,17,16,194,29,154,60,42,27,43,127,96,171,141,11,22,64,79,177,199,166,83,86,119,81,153,129,24,150,19,185,62,57,89,46,180,191,121];False
4999;6698;11697;[198,174,190,10,130,5,42,47,26,145,115,152,186,166,139,48,106,20,146,140,124,168,34,136,125,6,113,61,45,138,123,82,187,128,134,195,33,94,118,126,143,160,91,75,77,149,189,7,173,116,65,4,84,122,2,97,0,85,18,132,176,3,196,49,170,95,167,93,66,135,51,50,21,92,147,67,32,165,169,23,163,25,70,90,41,88,44,37,156,71,8,184,162,109,72,78,131,110,101,59,80,100,30,114,182,15,36,58,151,175,197,1,117,98,157,142,137,158,54,120,193,172,39,107,55,14,13,111,52,40,87,181,68,9,28,105,69,159,38,144,56,63,73,99,155,178,192,103,35,161,102,12,133,76,112,104,31,183,164,108,188,74,53,17,16,194,29,154,60,179,27,43,127,96,171,141,11,22,64,79,177,199,148,83,86,119,81,153,129,24,150,19,185,62,57,89,46,180,191,121];False
4979;6697;11676;[198,174,190,10,130,5,42,47,26,145,115,152,186,148,139,48,106,20,146,140,124,168,34,136,69,6,113,61,45,138,123,82,187,128,134,195,33,94,118,126,143,160,91,75,77,149,189,7,173,116,65,4,84,122,2,97,0,85,18,132,176,3,196,49,170,95,167,93,66,135,51,50,21,92,147,67,32,165,169,23,163,25,70,90,41,88,44,37,156,71,8,184,162,109,72,78,131,110,101,59,80,100,30,114,182,15,36,58,151,175,197,1,117,98,157,142,137,158,54,120,193,172,39,107,55,14,13,111,52,40,87,181,68,9,28,105,125,159,38,144,56,63,73,99,155,178,192,103,35,161,102,12,133,76,112,104,31,183,164,108,188,74,53,17,16,194,29,154,60,179,27,43,127,96,171,141,11,22,64,79,177,199,166,83,86,119,81,153,129,24,150,19,185,62,57,89,46,180,191,121];False
4978;6697;11675;[198,174,190,10,130,5,42,47,26,145,115,152,186,148,139,48,106,20,146,140,124,168,34,136,125,117,113,61,45,138,123,82,187,128,134,195,33,94,118,126,143,160,91,75,77,149,189,7,173,116,65,4,84,122,2,97,0,85,18,132,176,3,196,49,170,95,167,93,66,135,51,50,21,92,147,67,32,165,169,23,163,25,70,90,41,88,44,37,156,71,8,184,162,109,72,78,131,110,101,59,80,100,30,114,182,15,36,58,151,175,197,1,6,98,157,142,137,158,54,120,193,172,39,107,55,14,13,111,52,40,87,181,68,9,28,105,69,159,38,144,56,63,73,99,155,178,192,103,35,161,102,12,133,76,112,104,31,183,164,108,188,74,53,17,16,194,29,154,60,179,27,43,127,96,171,141,11,22,64,79,177,199,166,83,86,119,81,153,129,24,150,19,185,62,57,89,46,180,191,121];False
4934;6701;11635;[198,174,190,10,130,5,42,47,26,145,115,152,186,148,139,48,106,20,146,140,124,168,34,136,125,6,167,61,45,138,123,82,187,128,134,195,33,94,118,126,143,160,91,75,77,149,189,7,173,116,65,4,84,122,2,97,0,85,18,132,176,3,196,49,170,95,113,93,66,135,51,50,21,92,147,67,32,165,169,23,163,25,70,90,41,88,44,37,156,71,8,184,162,109,72,78,131,110,101,59,80,100,30,114,182,15,36,58,151,175,197,1,117,98,157,142,137,158,54,120,193,172,39,107,55,14,13,111,52,40,87,181,68,9,28,105,69,159,38,144,56,63,73,99,155,178,192,103,35,161,102,12,133,76,112,104,31,183,164,108,188,74,53,17,16,194,29,154,60,179,27,43,127,96,171,141,11,22,64,79,177,199,166,83,86,119,81,153,129,24,150,19,185,62,57,89,46,180,191,121];False
4874;6696;11570;[198,174,190,10,130,5,42,47,26,145,115,152,186,148,139,48,106,20,44,140,124,168,34,136,1,117,113,61,45,138,123,82,187,128,134,195,33,94,118,126,143,160,91,75,77,149,189,7,173,116,65,4,84,122,2,97,0,85,18,132,176,3,196,49,170,95,167,93,66,135,51,50,21,92,147,67,32,165,169,23,163,25,70,90,41,88,146,37,156,71,8,184,162,109,72,78,131,110,101,59,80,100,30,114,182,15,36,58,151,175,197,125,6,98,157,142,137,158,54,120,193,172,39,107,55,14,13,111,52,40,87,181,68,9,28,105,69,159,38,144,56,63,73,99,155,178,192,103,35,161,102,12,133,76,112,104,31,183,164,108,188,74,53,17,16,194,29,154,60,179,27,43,127,96,171,141,11,22,64,79,177,199,166,83,86,119,81,153,129,24,150,19,185,62,57,89,46,180,191,121];False
4839;6708;11547;[198,174,190,10,130,5,42,47,26,145,115,152,186,148,139,48,106,20,44,140,124,168,34,136,125,6,167,61,45,138,65,82,187,128,134,195,33,94,118,126,143,160,91,75,77,149,189,7,173,116,123,4,84,122,2,97,0,85,18,132,176,3,196,49,170,95,113,93,66,135,51,50,21,92,147,67,32,165,169,23,163,25,70,90,41,88,146,37,156,71,8,184,162,109,72,78,131,110,101,59,80,100,30,114,182,15,36,58,151,175,197,1,117,98,157,142,137,158,54,120,193,172,39,107,55,14,13,111,52,40,87,181,68,9,28,105,69,159,38,144,56,63,73,99,155,178,192,103,35,161,102,12,133,76,112,104,31,183,164,108,188,74,53,17,16,194,29,154,60,179,27,43,127,96,171,141,11,22,64,79,177,199,166,83,86,119,81,153,129,24,150,19,185,62,57,89,46,180,191,121];False
5376;6675;12051;[198,29,90,41,187,60,179,47,26,145,115,152,186,129,139,123,106,194,56,140,124,168,34,190,174,196,113,61,45,138,51,82,172,128,134,195,33,94,118,126,143,160,91,75,77,149,189,7,173,116,65,4,84,122,2,97,0,85,18,132,176,3,136,49,170,95,167,93,66,135,48,50,21,92,147,67,32,165,169,23,163,25,70,125,6,88,44,37,156,71,8,184,162,109,72,78,131,110,101,59,80,100,30,114,182,15,36,58,151,175,197,1,117,98,157,142,137,158,54,57,193,154,39,107,55,14,13,111,52,40,87,181,68,9,28,105,69,159,38,144,146,63,73,99,155,178,192,103,35,161,102,12,133,76,112,104,31,183,164,108,188,74,53,17,16,20,19,130,5,42,27,43,127,96,171,141,11,22,64,79,177,199,148,83,86,119,81,153,166,24,150,10,185,62,120,89,46,180,191,121];False
5261;6682;11943;[198,29,90,41,187,60,179,47,26,145,115,152,186,129,139,123,106,20,146,140,124,168,34,190,174,196,113,61,45,138,51,82,172,128,134,195,33,94,118,126,143,160,91,75,77,149,189,7,173,116,65,4,84,122,2,97,0,85,18,132,176,3,136,49,170,95,167,93,66,135,48,50,21,92,147,67,32,165,169,23,163,25,70,125,6,88,44,37,156,71,8,184,162,109,72,78,131,110,101,59,80,100,30,114,182,15,36,58,151,175,197,1,117,98,157,142,137,158,54,57,193,154,39,107,55,14,13,111,52,40,87,181,68,9,28,105,69,159,38,144,56,63,73,99,155,178,192,103,35,161,102,12,133,76,112,104,31,183,164,108,188,74,53,17,16,194,19,130,5,42,27,43,127,96,171,141,11,22,64,79,177,199,148,83,86,119,81,153,166,24,150,10,185,62,120,89,46,180,191,121];False
5429;6666;12095;[198,29,90,41,187,60,179,47,26,145,115,152,186,129,139,123,106,20,56,140,124,168,34,118,174,196,113,61,45,138,51,82,172,128,134,195,33,94,190,126,143,160,91,75,77,149,189,7,173,116,65,4,84,122,2,97,0,85,18,132,176,3,136,49,170,95,167,93,66,135,48,50,21,92,147,67,32,165,169,23,163,25,70,125,6,88,44,37,156,71,8,184,162,109,72,78,131,110,101,59,80,100,30,114,182,15,36,58,151,175,197,1,117,98,157,142,137,158,54,57,193,154,39,107,55,14,13,111,52,40,87,181,68,9,28,105,69,159,38,144,146,63,73,99,155,178,192,103,35,161,102,12,133,76,112,104,31,183,164,108,188,74,53,17,16,194,19,130,5,42,27,43,127,96,171,141,11,22,64,79,177,199,148,83,86,119,81,153,166,24,150,10,185,62,120,89,46,180,191,121];False
5262;6678;11940;[198,29,90,41,187,60,179,47,26,145,115,152,186,129,139,123,106,20,56,140,124,168,34,108,174,196,113,61,45,138,51,82,172,128,134,195,33,94,118,126,143,160,91,75,77,149,189,7,173,116,65,4,84,122,2,97,0,85,18,132,176,3,136,49,170,95,167,93,66,135,48,50,21,92,147,67,32,165,169,23,163,25,70,125,6,88,44,37,156,71,8,184,162,109,72,78,131,110,101,59,80,100,30,114,182,15,36,58,151,175,197,1,117,98,157,142,137,158,54,57,193,154,39,107,55,14,13,111,52,40,87,181,68,9,28,105,69,159,38,144,146,63,73,99,155,178,192,103,35,161,102,12,133,76,112,104,31,183,164,190,188,74,53,17,16,194,19,130,5,42,27,43,127,96,171,141,11,22,64,79,177,199,148,83,86,119,81,153,166,24,150,10,185,62,120,89,46,180,191,121];False
5138;6690;11828;[198,29,90,41,187,60,179,47,26,145,115,152,186,129,139,48,106,20,56,140,124,168,164,190,174,196,113,61,45,135,51,82,172,128,134,195,33,94,118,126,143,160,91,75,77,149,189,7,173,116,65,4,84,122,2,97,0,85,18,132,176,3,136,49,170,95,167,93,66,138,123,50,21,92,147,67,32,165,169,23,163,25,70,125,6,88,44,37,156,71,8,184,162,109,72,78,131,110,101,59,80,100,30,114,182,15,36,58,151,175,197,1,117,98,157,142,137,158,54,57,193,154,39,107,55,14,13,111,52,40,87,181,68,9,28,105,69,159,38,144,146,63,73,99,155,178,192,103,35,161,102,12,133,76,112,104,31,183,34,108,188,74,53,17,16,194,19,130,5,42,27,43,127,96,171,141,11,22,64,79,177,199,148,83,86,119,81,153,166,24,150,10,185,62,120,89,46,180,191,121];False
5372;6673;12045;[198,29,90,41,187,60,179,47,26,145,115,152,186,129,139,123,106,20,56,140,124,168,34,190,174,196,113,61,45,135,51,82,172,128,134,195,33,94,118,126,143,160,91,75,77,149,189,7,173,116,65,4,84,122,2,97,0,85,18,132,176,3,136,49,170,95,167,93,66,138,48,50,21,92,147,67,32,165,169,23,163,25,70,125,6,88,44,37,156,71,8,184,162,109,72,78,131,110,101,59,80,100,30,114,182,15,36,58,151,175,197,1,117,98,157,142,137,158,54,57,193,154,39,107,55,14,13,111,52,40,87,181,68,9,28,105,69,159,38,144,146,63,73,99,155,178,192,103,35,161,102,12,133,76,112,104,31,183,164,108,188,74,53,17,16,194,19,130,5,42,27,43,127,96,171,141,11,22,64,79,177,199,148,83,86,119,81,153,166,24,150,10,185,62,120,89,46,180,191,121];False
5254;6681;11935;[198,29,90,41,187,60,179,47,26,145,115,152,186,129,139,123,106,20,56,140,124,168,164,190,174,196,167,61,45,135,51,82,172,128,134,195,33,94,118,126,143,160,91,75,77,149,189,7,173,116,65,4,84,122,2,97,0,85,18,132,176,3,136,49,170,95,113,93,66,138,48,50,21,92,147,67,32,165,169,23,163,25,70,125,6,88,44,37,156,71,8,184,162,109,72,78,131,110,101,59,80,100,30,114,182,15,36,58,151,175,197,1,117,98,157,142,137,158,54,57,193,154,39,107,55,14,13,111,52,40,87,181,68,9,28,105,69,159,38,144,146,63,73,99,155,178,192,103,35,161,102,12,133,76,112,104,31,183,34,108,188,74,53,17,16,194,19,130,5,42,27,43,127,96,171,141,11,22,64,79,177,199,148,83,86,119,81,153,166,24,150,10,185,62,120,89,46,180,191,121];False
5217;6681;11898;[198,29,90,41,187,60,179,47,26,145,115,152,186,129,139,123,106,20,56,140,124,168,164,190,174,196,113,61,45,44,51,82,172,128,134,195,33,94,118,126,143,160,91,75,77,149,189,7,173,116,65,4,84,122,2,97,0,85,18,132,176,3,136,49,170,95,167,93,66,138,48,50,21,92,147,67,32,165,169,23,163,25,70,125,6,88,135,37,156,71,8,184,162,109,72,78,131,110,101,59,80,100,30,114,182,15,36,58,151,175,197,1,117,98,157,142,137,158,54,57,193,154,39,107,55,14,13,111,52,40,87,181,68,9,28,105,69,159,38,144,146,63,73,99,155,178,192,103,35,161,102,12,133,76,112,104,31,183,34,108,188,74,53,17,16,194,19,130,5,42,27,43,127,96,171,141,11,22,64,79,177,199,148,83,86,119,81,153,166,24,150,10,185,62,120,89,46,180,191,121];False
5104;6690;11794;[198,29,90,41,187,60,179,47,26,145,115,152,186,129,139,123,106,20,146,140,124,168,164,190,174,196,113,61,45,138,65,82,172,128,134,195,33,94,118,126,143,160,91,75,77,149,189,7,173,116,51,4,84,122,2,97,0,85,18,132,176,3,136,49,170,95,167,93,66,135,48,50,21,92,147,67,32,165,169,23,163,25,70,125,6,88,44,37,156,71,8,184,162,109,72,78,131,110,101,59,80,100,30,114,182,15,36,58,151,175,197,1,117,98,157,142,137,158,54,57,193,154,39,107,55,14,13,111,52,40,87,181,68,9,28,105,69,159,38,144,56,63,73,99,155,178,192,103,35,161,102,12,133,76,112,104,31,183,34,108,188,74,53,17,16,194,19,130,5,42,27,43,127,96,171,141,11,22,64,79,177,199,148,83,86,119,81,153,166,24,150,10,185,62,120,89,46,180,191,121];False
5302;6676;11978;[198,29,90,41,187,60,179,47,26,145,115,152,186,129,139,123,106,20,56,140,124,168,34,190,174,196,113,61,45,138,65,82,172,128,134,195,33,94,118,126,143,160,91,75,77,149,189,7,173,116,51,4,84,122,2,97,0,85,18,132,176,3,136,49,170,95,167,93,66,135,48,50,21,92,147,67,32,165,169,23,163,25,70,125,6,88,44,37,156,71,8,184,162,109,72,78,131,110,101,59,80,100,30,114,182,15,36,58,151,175,197,1,117,98,157,142,137,158,54,57,193,154,39,107,55,14,13,111,52,40,87,181,68,9,28,105,69,159,38,144,146,63,73,99,155,178,192,103,35,161,102,12,133,76,112,104,31,183,164,108,188,74,53,17,16,194,19,130,5,42,27,43,127,96,171,141,11,22,64,79,177,199,148,83,86,119,81,153,166,24,150,10,185,62,120,89,46,180,191,121];False
5184;6684;11868;[198,29,90,41,187,60,179,47,26,145,115,152,186,129,139,123,106,20,56,140,124,168,164,190,174,196,167,61,45,138,65,82,172,128,134,195,33,94,118,126,143,160,91,75,77,149,189,7,173,116,51,4,84,122,2,97,0,85,18,132,176,3,136,49,170,95,113,93,66,135,48,50,21,92,147,67,32,165,169,23,163,25,70,125,6,88,44,37,156,71,8,184,162,109,72,78,131,110,101,59,80,100,30,114,182,15,36,58,151,175,197,1,117,98,157,142,137,158,54,57,193,154,39,107,55,14,13,111,52,40,87,181,68,9,28,105,69,159,38,144,146,63,73,99,155,178,192,103,35,161,102,12,133,76,112,104,31,183,34,108,188,74,53,17,16,194,19,130,5,42,27,43,127,96,171,141,11,22,64,79,177,199,148,83,86,119,81,153,166,24,150,10,185,62,120,89,46,180,191,121];False
5146;6685;11831;[198,29,90,41,187,60,179,47,26,145,115,152,186,129,139,123,106,20,56,140,124,168,164,190,174,196,113,61,45,138,65,82,172,128,134,195,33,94,118,126,143,160,154,75,77,149,189,7,173,116,51,4,84,122,2,97,0,85,18,132,176,3,136,49,170,95,167,93,66,135,48,50,21,92,147,67,32,165,169,23,163,25,70,125,6,88,44,37,156,71,8,184,162,109,72,78,131,110,101,59,80,100,30,114,182,15,36,58,151,175,197,1,117,98,157,142,137,158,54,57,193,91,39,107,55,14,13,111,52,40,87,181,68,9,28,105,69,159,38,144,146,63,73,99,155,178,192,103,35,161,102,12,133,76,112,104,31,183,34,108,188,74,53,17,16,194,19,130,5,42,27,43,127,96,171,141,11,22,64,79,177,199,148,83,86,119,81,153,166,24,150,10,185,62,120,89,46,180,191,121];False
5068;6692;11760;[198,29,90,41,187,60,42,47,26,145,115,152,186,129,139,123,106,20,56,140,124,168,164,190,174,196,167,61,45,138,65,82,172,128,134,195,33,94,118,126,143,160,154,75,77,149,189,7,173,116,51,4,84,122,2,97,0,85,18,132,176,3,136,49,170,95,113,93,66,135,48,50,21,92,147,67,32,165,169,23,163,25,70,125,6,88,44,37,156,71,8,184,162,109,72,78,131,110,101,59,80,100,30,114,182,15,36,58,151,175,197,1,117,98,157,142,137,158,54,57,193,91,39,107,55,14,13,111,52,40,87,181,68,9,28,105,69,159,38,144,146,63,73,99,155,178,192,103,35,161,102,12,133,76,112,104,31,183,34,108,188,74,53,17,16,194,19,130,5,179,27,43,127,96,171,141,11,22,64,79,177,199,148,83,86,119,81,153,166,24,150,10,185,62,120,89,46,180,191,121];False
5103;6691;11794;[198,29,90,41,187,60,42,47,26,145,115,152,186,129,139,123,106,194,56,140,124,168,164,190,174,196,113,61,45,138,65,82,172,128,134,195,33,94,118,126,143,160,154,75,77,149,189,7,173,116,51,4,84,122,2,97,0,85,18,132,176,3,136,49,170,95,167,93,66,135,48,50,21,92,147,67,32,165,169,23,163,25,70,125,6,88,44,37,156,71,8,184,162,109,72,78,131,110,101,59,80,100,30,114,182,15,36,58,151,175,197,1,117,98,157,142,137,158,54,57,193,91,39,107,55,14,13,111,52,40,87,181,68,9,28,105,69,159,38,144,146,63,73,99,155,178,192,103,35,161,102,12,133,76,112,104,31,183,34,108,188,74,53,17,16,20,19,130,5,179,27,43,127,96,171,141,11,22,64,79,177,199,148,83,86,119,81,153,166,24,150,10,185,62,120,89,46,180,191,121];False
5024;6691;11715;[198,29,90,41,187,60,42,47,26,145,115,152,186,129,139,123,106,20,56,140,124,168,164,190,174,196,113,61,45,138,65,82,172,128,134,195,33,94,118,126,143,160,154,75,77,149,189,7,103,116,51,4,84,122,2,97,0,85,18,132,176,3,136,49,170,95,167,93,66,135,48,50,21,92,147,67,32,165,169,23,163,25,70,125,6,88,44,37,156,71,8,184,162,109,72,78,131,110,101,59,80,100,30,114,182,15,36,58,151,175,197,1,117,98,157,142,137,158,54,57,193,91,39,107,55,14,13,111,52,40,87,181,68,9,28,105,69,159,38,144,146,63,73,99,155,178,192,173,35,161,102,12,133,76,112,104,31,183,34,108,188,74,53,17,16,194,19,130,5,179,27,43,127,96,171,141,11,22,64,79,177,199,148,83,86,119,81,153,166,24,150,10,185,62,120,89,46,180,191,121];False
5119;6689;11808;[198,29,90,41,172,60,179,47,26,145,115,152,186,129,139,123,106,20,56,140,124,168,164,190,174,196,113,61,45,44,17,82,187,128,134,195,33,94,118,126,143,160,91,75,77,149,189,7,173,116,65,4,84,122,2,97,0,85,18,132,176,3,136,49,170,95,167,93,66,138,48,50,21,92,147,67,32,165,169,23,163,25,70,125,6,88,135,37,156,71,8,184,162,109,72,78,131,110,101,59,80,100,30,114,182,15,36,58,151,175,197,1,117,98,157,142,137,158,54,57,193,154,39,107,55,14,13,111,52,40,87,181,68,9,28,105,69,159,38,144,146,63,73,99,155,178,192,103,35,161,102,12,133,76,112,104,31,183,34,108,188,74,53,51,16,194,19,130,5,42,27,43,127,96,171,141,11,22,64,79,177,199,148,83,86,119,81,153,166,24,150,10,185,62,120,89,46,180,191,121];False
5894;6654;12548;[20,29,125,78,130,5,54,120,26,145,115,152,186,129,139,123,106,198,56,140,124,168,34,118,174,196,85,61,45,138,51,82,187,128,134,195,33,94,190,126,143,160,91,75,77,149,189,7,173,116,65,4,84,122,2,97,0,98,18,132,176,3,136,49,170,95,167,93,66,135,48,50,21,92,90,67,32,165,169,23,163,25,70,147,6,88,44,37,156,71,8,184,162,109,72,41,131,110,101,59,80,100,30,114,182,15,36,58,151,175,197,1,117,113,157,142,137,158,42,57,193,172,39,107,55,14,13,111,52,40,87,181,68,9,28,105,69,159,38,144,146,63,73,99,155,178,192,103,35,161,102,12,133,76,112,104,31,183,164,108,188,74,53,17,16,194,19,154,60,179,27,43,127,96,171,141,11,22,64,79,177,199,148,83,86,119,81,153,166,24,150,10,185,62,47,89,46,180,191,121];False
5779;6654;12433;[198,29,147,78,130,5,54,120,26,145,115,152,186,129,139,123,106,20,56,140,124,168,34,118,174,196,85,61,45,138,51,82,187,128,134,195,33,94,190,126,143,160,91,75,77,149,189,7,173,116,65,4,84,122,2,97,0,98,18,132,176,3,136,49,170,95,167,93,66,135,48,50,21,92,90,67,32,165,169,23,163,25,70,125,6,88,44,37,156,71,8,184,162,109,72,41,131,110,101,59,80,100,30,114,182,15,36,58,151,175,197,1,117,113,157,142,137,158,42,57,193,172,39,107,55,14,13,111,52,40,87,181,68,9,28,105,69,159,38,144,146,63,73,99,155,178,192,103,35,161,102,12,133,76,112,104,31,183,164,108,188,74,53,17,16,194,19,154,60,179,27,43,127,96,171,141,11,22,64,79,177,199,148,83,86,119,81,153,166,24,150,10,185,62,47,89,46,180,191,121];False
5984;6650;12634;[198,29,125,78,130,5,54,120,26,145,115,77,186,129,139,123,106,20,56,140,124,168,34,118,174,196,85,61,45,138,51,82,187,128,134,195,33,94,190,126,143,160,91,75,152,149,189,7,173,116,65,4,84,122,2,97,0,98,18,132,176,3,136,49,170,95,167,93,66,135,48,50,21,92,90,67,32,165,169,23,163,25,70,147,6,88,44,37,156,71,8,184,162,109,72,41,131,110,101,59,80,100,30,114,182,15,36,58,151,175,197,1,117,113,157,142,137,158,42,57,193,172,39,107,55,14,13,111,52,40,87,181,68,9,28,105,69,159,38,144,146,63,73,99,155,178,192,103,35,161,102,12,133,76,112,104,31,183,164,108,188,74,53,17,16,194,19,154,60,179,27,43,127,96,171,141,11,22,64,79,177,199,148,83,86,119,81,153,166,24,150,10,185,62,47,89,46,180,191,121];False
5928;6652;12580;[198,29,125,78,130,5,54,120,26,145,115,152,86,129,139,123,106,20,56,140,124,168,34,118,174,196,85,61,45,138,51,82,187,128,134,195,33,94,190,126,143,160,91,75,77,149,189,7,173,116,65,4,84,122,2,97,0,98,18,132,176,3,136,49,170,95,167,93,66,135,48,50,21,92,90,67,32,165,169,23,163,25,70,147,6,88,44,37,156,71,8,184,162,109,72,41,131,110,101,59,80,100,30,114,182,15,36,58,151,175,197,1,117,113,157,142,137,158,42,57,193,172,39,107,55,14,13,111,52,40,87,181,68,9,28,105,69,159,38,144,146,63,73,99,155,178,192,103,35,161,102,12,133,76,112,104,31,183,164,108,188,74,53,17,16,194,19,154,60,179,27,43,127,96,171,141,11,22,64,79,177,199,148,83,186,119,81,153,166,24,150,10,185,62,47,89,46,180,191,121];False
5899;6653;12552;[198,29,125,78,130,5,54,120,26,145,115,152,186,166,139,123,106,20,56,140,124,168,34,118,174,196,85,61,45,138,51,82,187,128,134,195,33,94,190,126,143,160,91,75,77,149,189,7,173,116,65,4,84,122,2,97,0,98,18,132,176,3,136,49,170,95,167,93,66,135,48,50,21,92,90,67,32,165,169,23,163,25,70,147,6,88,44,37,156,71,8,184,162,109,72,41,131,110,101,59,80,100,30,114,182,15,36,58,151,175,197,1,117,113,157,142,137,158,42,57,193,172,39,107,55,14,13,111,52,40,87,181,68,9,28,105,69,159,38,144,146,63,73,99,155,178,192,103,35,161,102,12,133,76,112,104,31,183,164,108,188,74,53,17,16,194,19,154,60,179,27,43,127,96,171,141,11,22,64,79,177,199,148,83,86,119,81,153,129,24,150,10,185,62,47,89,46,180,191,121];False
5819;6652;12471;[198,29,125,78,130,5,54,120,26,145,115,152,186,129,139,123,106,194,56,140,124,168,34,118,174,196,85,61,45,138,51,82,187,128,134,195,33,94,190,126,143,160,91,75,77,149,189,7,173,116,65,4,84,122,2,97,0,98,18,132,176,3,136,49,170,95,167,93,66,135,48,50,21,92,90,67,32,165,169,23,163,25,70,147,6,88,44,37,156,71,8,184,162,109,72,41,131,110,101,59,80,100,30,114,182,15,36,58,151,175,197,1,117,113,157,142,137,158,42,57,193,172,39,107,55,14,13,111,52,40,87,181,68,9,28,105,69,159,38,144,146,63,73,99,155,178,192,103,35,161,102,12,133,76,112,104,31,183,164,108,188,74,53,17,16,20,19,154,60,179,27,43,127,96,171,141,11,22,64,79,177,199,148,83,86,119,81,153,166,24,150,10,185,62,47,89,46,180,191,121];False
5714;6656;12370;[198,29,125,78,130,5,54,120,26,145,115,152,186,129,139,123,106,20,56,140,124,168,34,118,174,23,85,61,45,138,51,82,187,128,134,195,33,94,190,126,143,160,91,75,77,149,189,7,173,116,65,4,84,122,2,97,0,98,18,132,176,3,136,49,170,95,167,93,66,135,48,50,21,92,90,67,32,165,169,196,163,25,70,147,6,88,44,37,156,71,8,184,162,109,72,41,131,110,101,59,80,100,30,114,182,15,36,58,151,175,197,1,117,113,157,142,137,158,42,57,193,172,39,107,55,14,13,111,52,40,87,181,68,9,28,105,69,159,38,144,146,63,73,99,155,178,192,103,35,161,102,12,133,76,112,104,31,183,164,108,188,74,53,17,16,194,19,154,60,179,27,43,127,96,171,141,11,22,64,79,177,199,148,83,86,119,81,153,166,24,150,10,185,62,47,89,46,180,191,121];False
5707;6655;12362;[198,29,147,78,130,5,54,120,26,145,115,152,186,129,139,123,106,20,56,140,124,168,34,118,174,196,95,61,45,138,51,82,187,128,134,195,33,94,190,126,143,160,91,75,77,149,189,7,173,116,65,4,84,122,2,97,0,85,18,132,176,3,136,49,170,98,167,93,66,135,48,50,21,92,90,67,32,165,169,23,163,25,70,125,6,88,44,37,156,71,8,184,162,109,72,41,131,110,101,59,80,100,30,114,182,15,36,58,151,175,197,1,117,113,157,142,137,158,42,57,193,172,39,107,55,14,13,111,52,40,87,181,68,9,28,105,69,159,38,144,146,63,73,99,155,178,192,103,35,161,102,12,133,76,112,104,31,183,164,108,188,74,53,17,16,194,19,154,60,179,27,43,127,96,171,141,11,22,64,79,177,199,148,83,86,119,81,153,166,24,150,10,185,62,47,89,46,180,191,121];False
5651;6661;12312;[198,29,125,41,130,5,54,120,26,145,115,152,186,129,139,123,106,20,56,140,124,168,34,118,174,196,95,61,45,138,51,82,187,128,134,195,33,94,190,126,143,160,91,75,77,149,189,7,173,116,65,4,84,122,2,97,0,85,18,132,176,3,136,49,170,98,167,93,66,135,48,50,21,92,90,67,32,165,169,23,163,25,70,147,6,88,44,37,156,71,8,184,162,109,72,78,131,110,101,59,80,100,30,114,182,15,36,58,151,175,197,1,117,113,157,142,137,158,42,57,193,172,39,107,55,14,13,111,52,40,87,181,68,9,28,105,69,159,38,144,146,63,73,99,155,178,192,103,35,161,102,12,133,76,112,104,31,183,164,108,188,74,53,17,16,194,19,154,60,179,27,43,127,96,171,141,11,22,64,79,177,199,148,83,86,119,81,153,166,24,150,10,185,62,47,89,46,180,191,121];False
5912;6651;12563;[198,29,125,78,130,5,54,120,26,145,115,77,186,129,139,123,106,20,56,140,124,168,34,118,174,196,95,61,45,138,51,82,187,128,134,195,33,94,190,126,143,160,91,75,152,149,189,7,173,116,65,4,84,122,2,97,0,85,18,132,176,3,136,49,170,98,167,93,66,135,48,50,21,92,90,67,32,165,169,23,163,25,70,147,6,88,44,37,156,71,8,184,162,109,72,41,131,110,101,59,80,100,30,114,182,15,36,58,151,175,197,1,117,113,157,142,137,158,42,57,193,172,39,107,55,14,13,111,52,40,87,181,68,9,28,105,69,159,38,144,146,63,73,99,155,178,192,103,35,161,102,12,133,76,112,104,31,183,164,108,188,74,53,17,16,194,19,154,60,179,27,43,127,96,171,141,11,22,64,79,177,199,148,83,86,119,81,153,166,24,150,10,185,62,47,89,46,180,191,121];False
5627;6664;12291;[198,29,125,78,130,5,54,120,26,145,115,152,186,129,139,51,106,20,56,140,124,168,34,118,174,196,95,61,45,138,123,82,187,128,134,195,33,94,190,126,143,160,91,75,77,149,189,7,173,116,65,4,84,122,2,97,0,85,18,132,176,3,136,49,170,98,167,93,66,135,48,50,21,92,90,67,32,165,169,23,163,25,70,147,6,88,44,37,156,71,8,184,162,109,72,41,131,110,101,59,80,100,30,114,182,15,36,58,151,175,197,1,117,113,157,142,137,158,42,57,193,172,39,107,55,14,13,111,52,40,87,181,68,9,28,105,69,159,38,144,146,63,73,99,155,178,192,103,35,161,102,12,133,76,112,104,31,183,164,108,188,74,53,17,16,194,19,154,60,179,27,43,127,96,171,141,11,22,64,79,177,199,148,83,86,119,81,153,166,24,150,10,185,62,47,89,46,180,191,121];False
5747;6653;12400;[198,29,125,78,130,5,54,120,26,145,115,152,186,129,139,123,106,194,56,140,124,168,34,118,174,196,95,61,45,138,51,82,187,128,134,195,33,94,190,126,143,160,91,75,77,149,189,7,173,116,65,4,84,122,2,97,0,85,18,132,176,3,136,49,170,98,167,93,66,135,48,50,21,92,90,67,32,165,169,23,163,25,70,147,6,88,44,37,156,71,8,184,162,109,72,41,131,110,101,59,80,100,30,114,182,15,36,58,151,175,197,1,117,113,157,142,137,158,42,57,193,172,39,107,55,14,13,111,52,40,87,181,68,9,28,105,69,159,38,144,146,63,73,99,155,178,192,103,35,161,102,12,133,76,112,104,31,183,164,108,188,74,53,17,16,20,19,154,60,179,27,43,127,96,171,141,11,22,64,79,177,199,148,83,86,119,81,153,166,24,150,10,185,62,47,89,46,180,191,121];False
5632;6660;12292;[198,29,125,78,130,5,54,120,26,145,115,152,186,129,139,123,106,20,146,140,124,168,34,118,174,196,95,61,45,138,51,82,187,128,134,195,33,94,190,126,143,160,91,75,77,149,189,7,173,116,65,4,84,122,2,97,0,85,18,132,176,3,136,49,170,98,167,93,66,135,48,50,21,92,90,67,32,165,169,23,163,25,70,147,6,88,44,37,156,71,8,184,162,109,72,41,131,110,101,59,80,100,30,114,182,15,36,58,151,175,197,1,117,113,157,142,137,158,42,57,193,172,39,107,55,14,13,111,52,40,87,181,68,9,28,105,69,159,38,144,56,63,73,99,155,178,192,103,35,161,102,12,133,76,112,104,31,183,164,108,188,74,53,17,16,194,19,154,60,179,27,43,127,96,171,141,11,22,64,79,177,199,148,83,86,119,81,153,166,24,150,10,185,62,47,89,46,180,191,121];False
5692;6659;12351;[198,29,125,78,130,5,54,120,26,145,115,152,186,129,139,123,106,20,56,37,124,168,34,118,174,196,95,61,45,138,51,82,187,128,134,195,33,94,190,126,143,160,91,75,77,149,189,7,173,116,65,4,84,122,2,97,0,85,18,132,176,3,136,49,170,98,167,93,66,135,48,50,21,92,90,67,32,165,169,23,163,25,70,147,6,88,44,140,156,71,8,184,162,109,72,41,131,110,101,59,80,100,30,114,182,15,36,58,151,175,197,1,117,113,157,142,137,158,42,57,193,172,39,107,55,14,13,111,52,40,87,181,68,9,28,105,69,159,38,144,146,63,73,99,155,178,192,103,35,161,102,12,133,76,112,104,31,183,164,108,188,74,53,17,16,194,19,154,60,179,27,43,127,96,171,141,11,22,64,79,177,199,148,83,86,119,81,153,166,24,150,10,185,62,47,89,46,180,191,121];False
5681;6659;12340;[198,29,125,78,130,5,54,120,26,145,115,152,186,129,139,123,106,20,56,63,124,168,34,118,174,196,95,61,45,138,51,82,187,128,134,195,33,94,190,126,143,160,91,75,77,149,189,7,173,116,65,4,84,122,2,97,0,85,18,132,176,3,136,49,170,98,167,93,66,135,48,50,21,92,90,67,32,165,169,23,163,25,70,147,6,88,44,37,156,71,8,184,162,109,72,41,131,110,101,59,80,100,30,114,182,15,36,58,151,175,197,1,117,113,157,142,137,158,42,57,193,172,39,107,55,14,13,111,52,40,87,181,68,9,28,105,69,159,38,144,146,140,73,99,155,178,192,103,35,161,102,12,133,76,112,104,31,183,164,108,188,74,53,17,16,194,19,154,60,179,27,43,127,96,171,141,11,22,64,79,177,199,148,83,86,119,81,153,166,24,150,10,185,62,47,89,46,180,191,121];False
5696;6658;12354;[198,29,125,78,130,5,54,120,26,145,115,152,186,129,139,123,106,20,56,140,124,168,34,118,174,23,95,61,45,138,51,82,187,128,134,195,33,94,190,126,143,160,91,75,77,149,189,7,173,116,65,4,84,122,2,97,0,85,18,132,176,3,136,49,170,98,167,93,66,135,48,50,21,92,90,67,32,165,169,196,163,25,70,147,6,88,44,37,156,71,8,184,162,109,72,41,131,110,101,59,80,100,30,114,182,15,36,58,151,175,197,1,117,113,157,142,137,158,42,57,193,172,39,107,55,14,13,111,52,40,87,181,68,9,28,105,69,159,38,144,146,63,73,99,155,178,192,103,35,161,102,12,133,76,112,104,31,183,164,108,188,74,53,17,16,194,19,154,60,179,27,43,127,96,171,141,11,22,64,79,177,199,148,83,86,119,81,153,166,24,150,10,185,62,47,89,46,180,191,121];False
5743;6651;12394;[198,29,125,78,130,5,54,120,26,145,115,152,186,129,139,123,106,20,56,140,124,168,34,118,174,196,95,61,45,135,51,82,187,128,134,195,33,94,190,126,143,160,91,75,77,149,189,7,173,116,65,4,84,122,2,97,0,85,18,132,176,3,136,49,170,98,167,93,66,138,48,50,21,92,90,67,32,165,169,23,163,25,70,147,6,88,44,37,156,71,8,184,162,109,72,41,131,110,101,59,80,100,30,114,182,15,36,58,151,175,197,1,117,113,157,142,137,158,42,57,193,172,39,107,55,14,13,111,52,40,87,181,68,9,28,105,69,159,38,144,146,63,73,99,155,178,192,103,35,161,102,12,133,76,112,104,31,183,164,108,188,74,53,17,16,194,19,154,60,179,27,43,127,96,171,141,11,22,64,79,177,199,148,83,86,119,81,153,166,24,150,10,185,62,47,89,46,180,191,121];False
5673;6654;12327;[198,29,125,78,130,5,54,120,26,145,115,152,186,129,139,123,106,20,56,140,124,168,34,118,174,196,95,61,45,138,65,82,187,128,134,195,33,94,190,126,143,160,91,75,77,149,189,7,173,116,51,4,84,122,2,97,0,85,18,132,176,3,136,49,170,98,167,93,66,135,48,50,21,92,90,67,32,165,169,23,163,25,70,147,6,88,44,37,156,71,8,184,162,109,72,41,131,110,101,59,80,100,30,114,182,15,36,58,151,175,197,1,117,113,157,142,137,158,42,57,193,172,39,107,55,14,13,111,52,40,87,181,68,9,28,105,69,159,38,144,146,63,73,99,155,178,192,103,35,161,102,12,133,76,112,104,31,183,164,108,188,74,53,17,16,194,19,154,60,179,27,43,127,96,171,141,11,22,64,79,177,199,148,83,86,119,81,153,166,24,150,10,185,62,47,89,46,180,191,121];False
5622;6664;12286;[198,29,125,78,130,5,54,120,26,145,115,152,186,129,139,123,106,20,56,37,124,168,34,118,174,196,98,61,45,135,51,82,187,128,134,195,33,94,190,126,143,160,91,75,77,149,189,7,173,116,65,4,84,122,2,97,0,85,18,132,176,3,136,49,170,95,167,93,66,138,48,50,21,92,90,67,32,165,169,23,163,25,70,147,6,88,44,140,156,71,8,184,162,109,72,41,131,110,101,59,80,100,30,114,182,15,36,58,151,175,197,1,117,113,157,142,137,158,42,57,193,172,39,107,55,14,13,111,52,40,87,181,68,9,28,105,69,159,38,144,146,63,73,99,155,178,192,103,35,161,102,12,133,76,112,104,31,183,164,108,188,74,53,17,16,194,19,154,60,179,27,43,127,96,171,141,11,22,64,79,177,199,148,83,86,119,81,153,166,24,150,10,185,62,47,89,46,180,191,121];False
5611;6664;12275;[198,29,125,78,130,5,54,120,26,145,115,152,186,129,139,123,106,20,56,63,124,168,34,118,174,196,98,61,45,135,51,82,187,128,134,195,33,94,190,126,143,160,91,75,77,149,189,7,173,116,65,4,84,122,2,97,0,85,18,132,176,3,136,49,170,95,167,93,66,138,48,50,21,92,90,67,32,165,169,23,163,25,70,147,6,88,44,37,156,71,8,184,162,109,72,41,131,110,101,59,80,100,30,114,182,15,36,58,151,175,197,1,117,113,157,142,137,158,42,57,193,172,39,107,55,14,13,111,52,40,87,181,68,9,28,105,69,159,38,144,146,140,73,99,155,178,192,103,35,161,102,12,133,76,112,104,31,183,164,108,188,74,53,17,16,194,19,154,60,179,27,43,127,96,171,141,11,22,64,79,177,199,148,83,86,119,81,153,166,24,150,10,185,62,47,89,46,180,191,121];False
5815;6650;12465;[198,29,125,78,130,5,54,120,26,145,115,152,186,129,139,123,106,20,56,140,124,168,34,118,174,196,85,61,45,135,51,82,187,128,134,195,33,94,190,126,143,160,91,75,77,149,189,7,173,116,65,4,84,122,2,97,0,98,18,132,176,3,136,49,170,95,167,93,66,138,48,50,21,92,90,67,32,165,169,23,163,25,70,147,6,88,44,37,156,71,8,184,162,109,72,41,131,110,101,59,80,100,30,114,182,15,36,58,151,175,197,1,117,113,157,142,137,158,42,57,193,172,39,107,55,14,13,111,52,40,87,181,68,9,28,105,69,159,38,144,146,63,73,99,155,178,192,103,35,161,102,12,133,76,112,104,31,183,164,108,188,74,53,17,16,194,19,154,60,179,27,43,127,96,171,141,11,22,64,79,177,199,148,83,86,119,81,153,166,24,150,10,185,62,47,89,46,180,191,121];False
5605;6659;12264;[198,29,125,78,130,5,54,120,26,145,115,152,186,129,139,123,106,20,56,140,124,168,34,118,174,196,98,61,45,44,51,82,187,128,134,195,33,94,190,126,143,160,91,75,77,149,189,7,173,116,65,4,84,122,2,97,0,85,18,132,176,3,136,49,170,95,167,93,66,138,48,50,21,92,90,67,32,165,169,23,163,25,70,147,6,88,135,37,156,71,8,184,162,109,72,41,131,110,101,59,80,100,30,114,182,15,36,58,151,175,197,1,117,113,157,142,137,158,42,57,193,172,39,107,55,14,13,111,52,40,87,181,68,9,28,105,69,159,38,144,146,63,73,99,155,178,192,103,35,161,102,12,133,76,112,104,31,183,164,108,188,74,53,17,16,194,19,154,60,179,27,43,127,96,171,141,11,22,64,79,177,199,148,83,86,119,81,153,166,24,150,10,185,62,47,89,46,180,191,121];False
5567;6663;12230;[198,29,147,78,130,5,54,120,26,145,115,152,186,129,139,123,106,20,56,140,124,168,34,118,174,196,98,61,45,138,65,82,187,128,134,195,33,94,190,126,143,160,91,75,77,149,189,7,173,116,51,4,84,122,2,97,0,85,18,132,176,3,136,49,170,95,167,93,66,135,48,50,21,92,90,67,32,165,169,23,163,25,70,125,6,88,44,37,156,71,8,184,162,109,72,41,131,110,101,59,80,100,30,114,182,15,36,58,151,175,197,1,117,113,157,142,137,158,42,57,193,172,39,107,55,14,13,111,52,40,87,181,68,9,28,105,69,159,38,144,146,63,73,99,155,178,192,103,35,161,102,12,133,76,112,104,31,183,164,108,188,74,53,17,16,194,19,154,60,179,27,43,127,96,171,141,11,22,64,79,177,199,148,83,86,119,81,153,166,24,150,10,185,62,47,89,46,180,191,121];False
5528;6661;12189;[198,29,125,78,130,5,54,120,26,145,115,152,186,129,139,123,106,20,56,140,124,168,34,118,174,196,98,61,45,138,65,82,187,128,134,195,33,94,190,126,143,160,91,75,77,149,189,7,103,116,51,4,84,122,2,97,0,85,18,132,176,3,136,49,170,95,167,93,66,135,48,50,21,92,90,67,32,165,169,23,163,25,70,147,6,88,44,37,156,71,8,184,162,109,72,41,131,110,101,59,80,100,30,114,182,15,36,58,151,175,197,1,117,113,157,142,137,158,42,57,193,172,39,107,55,14,13,111,52,40,87,181,68,9,28,105,69,159,38,144,146,63,73,99,155,178,192,173,35,161,102,12,133,76,112,104,31,183,164,108,188,74,53,17,16,194,19,154,60,179,27,43,127,96,171,141,11,22,64,79,177,199,148,83,86,119,81,153,166,24,150,10,185,62,47,89,46,180,191,121];False
5401;6670;12071;[198,29,147,78,130,5,54,120,26,145,115,152,186,129,139,123,106,20,56,140,124,168,34,118,174,196,113,61,45,138,65,82,187,128,134,195,33,94,190,126,143,160,91,75,77,149,189,7,103,116,51,4,84,122,2,97,0,85,18,132,176,3,136,49,170,95,167,93,66,135,48,50,21,92,90,67,32,165,169,23,163,25,70,125,6,88,44,37,156,71,8,184,162,109,72,41,131,110,101,59,80,100,30,114,182,15,36,58,151,175,197,1,117,98,157,142,137,158,42,57,193,172,39,107,55,14,13,111,52,40,87,181,68,9,28,105,69,159,38,144,146,63,73,99,155,178,192,173,35,161,102,12,133,76,112,104,31,183,164,108,188,74,53,17,16,194,19,154,60,179,27,43,127,96,171,141,11,22,64,79,177,199,148,83,86,119,81,153,166,24,150,10,185,62,47,89,46,180,191,121];False
5326;6675;12001;[198,29,125,78,130,5,54,120,26,145,115,152,186,129,139,123,106,20,146,140,124,168,34,118,174,196,113,61,45,138,65,82,187,128,134,195,33,94,190,126,143,160,91,75,77,149,189,7,103,116,51,4,84,122,2,97,0,85,18,132,176,3,136,49,170,95,167,93,66,135,48,50,21,92,90,67,32,165,169,23,163,25,70,147,6,88,44,37,156,71,8,184,162,109,72,41,131,110,101,59,80,100,30,114,182,15,36,58,151,175,197,1,117,98,157,142,137,158,42,57,193,172,39,107,55,14,13,111,52,40,87,181,68,9,28,105,69,159,38,144,56,63,73,99,155,178,192,173,35,161,102,12,133,76,112,104,31,183,164,108,188,74,53,17,16,194,19,154,60,179,27,43,127,96,171,141,11,22,64,79,177,199,148,83,86,119,81,153,166,24,150,10,185,62,47,89,46,180,191,121];False
5406;6669;12075;[198,29,125,78,130,5,54,120,26,145,115,152,186,129,139,123,106,20,56,140,124,168,34,118,174,196,167,61,45,138,65,82,187,128,134,195,33,94,190,126,143,160,91,75,77,149,189,7,103,116,51,4,84,122,2,97,0,85,18,132,176,3,136,49,170,95,113,93,66,135,48,50,21,92,90,67,32,165,169,23,163,25,70,147,6,88,44,37,156,71,8,184,162,109,72,41,131,110,101,59,80,100,30,114,182,15,36,58,151,175,197,1,117,98,157,142,137,158,42,57,193,172,39,107,55,14,13,111,52,40,87,181,68,9,28,105,69,159,38,144,146,63,73,99,155,178,192,173,35,161,102,12,133,76,112,104,31,183,164,108,188,74,53,17,16,194,19,154,60,179,27,43,127,96,171,141,11,22,64,79,177,199,148,83,86,119,81,153,166,24,150,10,185,62,47,89,46,180,191,121];False
5371;6674;12045;[198,29,125,78,130,5,54,120,26,145,115,152,186,129,139,123,106,20,56,140,124,168,34,118,174,196,113,61,45,138,65,82,187,128,134,195,33,94,190,126,143,160,91,75,77,149,189,7,103,116,17,4,84,122,2,97,0,85,18,132,176,3,136,49,170,95,167,93,66,135,48,50,21,92,90,67,32,165,169,23,163,25,70,147,6,88,44,37,156,71,8,184,162,109,72,41,131,110,101,59,80,100,30,114,182,15,36,58,151,175,197,1,117,98,157,142,137,158,42,57,193,172,39,107,55,14,13,111,52,40,87,181,68,9,28,105,69,159,38,144,146,63,73,99,155,178,192,173,35,161,102,12,133,76,112,104,31,183,164,108,188,74,53,51,16,194,19,154,60,179,27,43,127,96,171,141,11,22,64,79,177,199,148,83,86,119,81,153,166,24,150,10,185,62,47,89,46,180,191,121];False
5380;6668;12048;[198,29,125,78,130,5,54,120,26,145,115,152,186,129,139,123,106,20,56,140,124,168,34,118,174,196,113,61,45,138,65,82,187,128,134,195,33,94,190,126,143,160,91,75,77,149,189,7,103,116,51,4,84,122,2,97,0,85,18,132,176,3,136,49,170,95,182,93,66,135,48,50,21,92,90,67,32,165,169,23,163,25,70,147,6,88,44,37,156,71,8,184,162,109,72,41,131,110,101,59,80,100,30,114,167,15,36,58,151,175,197,1,117,98,157,142,137,158,42,57,193,172,39,107,55,14,13,111,52,40,87,181,68,9,28,105,69,159,38,144,146,63,73,99,155,178,192,173,35,161,102,12,133,76,112,104,31,183,164,108,188,74,53,17,16,194,19,154,60,179,27,43,127,96,171,141,11,22,64,79,177,199,148,83,86,119,81,153,166,24,150,10,185,62,47,89,46,180,191,121];False
6501;6635;13136;[73,154,49,86,54,120,89,69,6,18,185,175,12,148,85,15,135,194,19,33,183,17,143,38,178,41,197,123,29,71,44,91,52,2,83,59,93,138,124,94,118,48,146,90,149,163,186,7,173,116,65,192,10,95,61,97,0,77,57,26,145,3,136,137,170,103,105,74,20,156,106,198,51,50,82,67,32,165,169,23,75,36,98,25,1,88,70,37,21,92,8,184,190,109,72,78,111,128,171,110,80,100,30,114,182,139,125,187,158,62,189,130,5,122,157,84,131,79,42,27,193,172,39,107,55,14,147,196,167,40,87,181,68,9,28,162,108,102,132,144,56,63,140,99,34,159,164,160,35,161,191,152,101,134,112,104,31,53,180,4,188,168,155,126,16,142,115,127,60,179,47,43,133,76,151,141,11,58,64,96,177,199,166,22,195,119,81,153,129,24,150,174,13,117,113,66,176,46,45,121];False
6427;6635;13062;[73,154,49,86,54,120,89,69,6,18,185,175,12,7,103,15,135,194,19,33,183,17,143,38,178,41,197,123,29,71,44,91,52,2,83,59,93,138,124,94,118,48,146,90,149,163,186,148,173,116,65,192,10,95,61,97,0,77,57,26,145,3,136,137,170,85,105,74,20,156,106,198,51,50,82,67,32,165,169,23,75,36,98,25,1,88,70,37,21,92,8,184,190,109,72,78,111,128,171,110,80,100,30,114,182,139,125,187,158,62,189,130,5,122,157,84,131,79,42,27,193,172,39,107,55,14,147,196,167,40,87,181,68,9,28,162,108,102,132,144,56,63,140,99,34,159,164,160,35,161,191,152,101,134,112,104,31,53,180,4,188,168,155,126,16,142,115,127,60,179,47,43,133,76,151,141,11,58,64,96,177,199,166,22,195,119,81,153,129,24,150,174,13,117,113,66,176,46,45,121];False
6257;6643;12900;[73,154,49,86,54,120,89,69,6,18,185,175,12,7,85,15,135,20,19,33,183,17,143,38,178,41,197,123,29,71,44,91,52,2,83,59,93,138,124,94,118,48,146,90,149,163,186,148,173,116,65,192,10,95,61,97,0,77,57,26,145,3,136,137,170,103,105,74,194,156,106,198,51,50,82,67,32,165,169,23,75,36,98,25,1,88,70,37,21,92,8,184,190,109,72,78,111,128,171,110,80,100,30,114,182,139,125,187,158,62,189,130,5,122,157,84,131,79,42,27,193,172,39,107,55,14,147,196,167,40,87,181,68,9,28,162,108,102,132,144,56,63,140,99,34,159,164,160,35,161,191,152,101,134,112,104,31,53,180,4,188,168,155,126,16,142,115,127,60,179,47,43,133,76,151,141,11,58,64,96,177,199,166,22,195,119,81,153,129,24,150,174,13,117,113,66,176,46,45,121];False
6242;6642;12884;[73,154,49,86,54,120,89,69,6,18,185,175,12,7,85,15,135,194,19,33,183,17,143,38,178,13,197,123,29,71,44,91,52,2,83,59,93,138,124,94,118,48,146,90,149,163,186,148,173,116,65,192,10,95,61,97,0,77,57,26,145,3,136,137,170,103,105,74,20,156,106,198,51,50,82,67,32,165,169,23,75,36,98,25,1,88,70,37,21,92,8,184,190,109,72,78,111,128,171,110,80,100,30,114,182,139,125,187,158,62,189,130,5,122,157,84,131,79,42,27,193,172,39,107,55,14,147,196,167,40,87,181,68,9,28,162,108,102,132,144,56,63,140,99,34,159,164,160,35,161,191,152,101,134,112,104,31,53,180,4,188,168,155,126,16,142,115,127,60,179,47,43,133,76,151,141,11,58,64,96,177,199,166,22,195,119,81,153,129,24,150,174,41,117,113,66,176,46,45,121];False
6507;6634;13141;[73,154,137,86,54,120,89,69,6,101,185,175,12,148,85,15,135,194,19,33,183,17,143,38,178,41,197,123,29,71,44,91,52,2,83,59,93,138,124,94,118,48,146,90,149,163,186,7,173,116,65,192,10,95,61,97,0,77,57,26,145,3,136,49,170,103,105,74,20,156,106,198,51,50,82,67,32,165,169,23,75,36,98,25,1,88,70,37,21,92,8,184,190,109,72,78,111,128,171,110,80,100,30,114,182,139,125,187,158,62,189,130,5,122,157,84,131,79,42,27,193,172,39,107,55,14,147,196,167,40,87,181,68,9,28,162,108,102,132,144,56,63,140,99,34,159,164,160,35,161,191,152,18,134,112,104,31,53,180,4,188,168,155,126,16,142,115,127,60,179,47,43,133,76,151,141,11,58,64,96,177,199,166,22,195,119,81,153,129,24,150,174,13,117,113,66,176,46,45,121];False
6433;6634;13067;[73,154,137,86,54,120,89,69,6,101,185,175,12,7,103,15,135,194,19,33,183,17,143,38,178,41,197,123,29,71,44,91,52,2,83,59,93,138,124,94,118,48,146,90,149,163,186,148,173,116,65,192,10,95,61,97,0,77,57,26,145,3,136,49,170,85,105,74,20,156,106,198,51,50,82,67,32,165,169,23,75,36,98,25,1,88,70,37,21,92,8,184,190,109,72,78,111,128,171,110,80,100,30,114,182,139,125,187,158,62,189,130,5,122,157,84,131,79,42,27,193,172,39,107,55,14,147,196,167,40,87,181,68,9,28,162,108,102,132,144,56,63,140,99,34,159,164,160,35,161,191,152,18,134,112,104,31,53,180,4,188,168,155,126,16,142,115,127,60,179,47,43,133,76,151,141,11,58,64,96,177,199,166,22,195,119,81,153,129,24,150,174,13,117,113,66,176,46,45,121];False
6382;6636;13018;[73,154,137,86,54,120,89,69,6,101,185,175,12,7,85,15,135,194,19,33,183,17,143,38,178,160,197,123,29,71,44,91,52,2,83,59,93,138,124,94,118,48,146,90,149,163,186,148,173,116,65,192,10,95,61,97,0,77,57,26,145,3,136,49,170,103,105,74,20,156,106,198,51,50,82,67,32,165,169,23,75,36,98,25,1,88,70,37,21,92,8,184,190,109,72,78,111,128,171,110,80,100,30,114,182,139,125,187,158,62,189,130,5,122,157,84,131,79,42,27,193,172,39,107,55,14,147,196,167,40,87,181,68,9,28,162,108,102,132,144,56,63,140,99,34,159,164,41,35,161,191,152,18,134,112,104,31,53,180,4,188,168,155,126,16,142,115,127,60,179,47,43,133,76,151,141,11,58,64,96,177,199,166,22,195,119,81,153,129,24,150,174,13,117,113,66,176,46,45,121];False
6248;6641;12889;[73,154,137,86,54,120,89,69,6,101,185,175,12,7,85,15,135,194,19,33,183,17,143,38,178,13,197,123,29,71,44,91,52,2,83,59,93,138,124,94,118,48,146,90,149,163,186,148,173,116,65,192,10,95,61,97,0,77,57,26,145,3,136,49,170,103,105,74,20,156,106,198,51,50,82,67,32,165,169,23,75,36,98,25,1,88,70,37,21,92,8,184,190,109,72,78,111,128,171,110,80,100,30,114,182,139,125,187,158,62,189,130,5,122,157,84,131,79,42,27,193,172,39,107,55,14,147,196,167,40,87,181,68,9,28,162,108,102,132,144,56,63,140,99,34,159,164,160,35,161,191,152,18,134,112,104,31,53,180,4,188,168,155,126,16,142,115,127,60,179,47,43,133,76,151,141,11,58,64,96,177,199,166,22,195,119,81,153,129,24,150,174,41,117,113,66,176,46,45,121];False
6319;6638;12957;[73,154,137,86,54,120,89,69,6,18,185,175,12,7,103,15,135,20,19,33,183,17,143,38,178,41,197,123,29,71,44,91,52,2,83,59,93,138,124,94,118,48,146,90,149,163,186,148,173,116,65,192,10,95,61,97,0,77,57,26,145,3,136,49,170,85,105,74,194,156,106,198,51,50,82,67,32,165,169,23,75,36,98,25,1,88,70,37,21,92,8,184,190,109,72,78,111,128,171,110,80,100,30,114,182,139,125,187,158,62,189,130,5,122,157,84,131,79,42,27,193,172,39,107,55,14,147,196,167,40,87,181,68,9,28,162,108,102,132,144,56,63,140,99,34,159,164,160,35,161,191,152,101,134,112,104,31,53,180,4,188,168,155,126,16,142,115,127,60,179,47,43,133,76,151,141,11,58,64,96,177,199,166,22,195,119,81,153,129,24,150,174,13,117,113,66,176,46,45,121];False
6438;6632;13070;[73,154,137,86,54,120,89,69,6,18,185,175,12,7,103,15,135,194,19,33,183,17,143,38,178,160,197,123,29,71,44,91,52,2,83,59,93,138,124,94,118,48,146,90,149,163,186,148,173,116,65,192,10,95,61,97,0,77,57,26,145,3,136,49,170,85,105,74,20,156,106,198,51,50,82,67,32,165,169,23,75,36,98,25,1,88,70,37,21,92,8,184,190,109,72,78,111,128,171,110,80,100,30,114,182,139,125,187,158,62,189,130,5,122,157,84,131,79,42,27,193,172,39,107,55,14,147,196,167,40,87,181,68,9,28,162,108,102,132,144,56,63,140,99,34,159,164,41,35,161,191,152,101,134,112,104,31,53,180,4,188,168,155,126,16,142,115,127,60,179,47,43,133,76,151,141,11,58,64,96,177,199,166,22,195,119,81,153,129,24,150,174,13,117,113,66,176,46,45,121];False
6304;6637;12941;[73,154,137,86,54,120,89,69,6,18,185,175,12,7,103,15,135,194,19,33,183,17,143,38,178,13,197,123,29,71,44,91,52,2,83,59,93,138,124,94,118,48,146,90,149,163,186,148,173,116,65,192,10,95,61,97,0,77,57,26,145,3,136,49,170,85,105,74,20,156,106,198,51,50,82,67,32,165,169,23,75,36,98,25,1,88,70,37,21,92,8,184,190,109,72,78,111,128,171,110,80,100,30,114,182,139,125,187,158,62,189,130,5,122,157,84,131,79,42,27,193,172,39,107,55,14,147,196,167,40,87,181,68,9,28,162,108,102,132,144,56,63,140,99,34,159,164,160,35,161,191,152,101,134,112,104,31,53,180,4,188,168,155,126,16,142,115,127,60,179,47,43,133,76,151,141,11,58,64,96,177,199,166,22,195,119,81,153,129,24,150,174,41,117,113,66,176,46,45,121];False
6165;6649;12814;[73,154,137,133,54,120,89,69,6,18,185,175,12,7,85,15,135,194,19,33,183,17,143,38,178,13,197,123,29,71,44,91,52,2,83,59,93,138,124,94,118,48,146,90,149,163,186,148,173,116,65,192,10,95,61,97,0,77,57,26,145,3,136,49,170,103,105,74,20,156,106,198,51,50,82,67,32,165,169,23,75,36,98,25,1,88,70,37,21,92,8,184,190,109,72,78,111,128,171,110,80,100,30,114,182,139,125,187,158,62,189,130,5,122,157,84,131,79,42,27,193,172,39,107,55,14,147,196,167,40,87,181,68,9,28,162,108,102,132,144,56,63,140,99,34,159,164,160,35,161,191,152,101,134,112,104,31,53,180,4,188,168,155,126,16,142,115,127,60,179,47,43,86,76,151,141,11,58,64,96,177,199,166,22,195,119,81,153,129,24,150,174,41,117,113,66,176,46,45,121];False
6134;6645;12779;[73,154,137,86,54,120,89,69,6,18,185,175,12,7,85,15,135,20,19,33,183,17,143,38,178,13,197,123,29,71,44,91,52,2,83,59,93,138,124,94,118,48,146,90,149,163,186,148,173,116,65,192,10,95,61,97,0,77,57,26,145,3,136,49,170,103,105,74,194,156,106,198,51,50,82,67,32,165,169,23,75,36,98,25,1,88,70,37,21,92,8,184,190,109,72,78,111,128,171,110,80,100,30,114,182,139,125,187,158,62,189,130,5,122,157,84,131,79,42,27,193,172,39,107,55,14,147,196,167,40,87,181,68,9,28,162,108,102,132,144,56,63,140,99,34,159,164,160,35,161,191,152,101,134,112,104,31,53,180,4,188,168,155,126,16,142,115,127,60,179,47,43,133,76,151,141,11,58,64,96,177,199,166,22,195,119,81,153,129,24,150,174,41,117,113,66,176,46,45,121];False
6174;6644;12818;[73,154,137,86,54,120,89,69,6,18,185,175,12,7,85,15,135,194,19,33,183,17,143,38,178,13,197,123,29,71,44,91,98,2,83,59,93,138,124,94,118,48,146,90,149,163,186,148,173,116,65,192,10,95,61,97,0,77,57,26,145,3,136,49,170,103,105,74,20,156,106,198,51,50,82,67,32,165,169,23,75,36,52,25,1,88,70,37,21,92,8,184,190,109,72,78,111,128,171,110,80,100,30,114,182,139,125,187,158,62,189,130,5,122,157,84,131,79,42,27,193,172,39,107,55,14,147,196,167,40,87,181,68,9,28,162,108,102,132,144,56,63,140,99,34,159,164,160,35,161,191,152,101,134,112,104,31,53,180,4,188,168,155,126,16,142,115,127,60,179,47,43,133,76,151,141,11,58,64,96,177,199,166,22,195,119,81,153,129,24,150,174,41,117,113,66,176,46,45,121];False
6988;6610;13598;[198,174,67,163,158,60,179,47,189,75,137,133,5,185,54,52,89,191,38,14,178,118,10,36,184,66,46,44,23,190,109,48,73,74,143,91,69,159,15,135,37,8,71,56,92,90,131,59,93,3,169,142,28,61,145,94,13,111,7,77,176,35,97,171,57,2,167,107,123,50,146,51,20,17,82,78,170,18,132,161,115,25,105,4,6,88,70,108,21,106,154,122,197,162,125,49,86,110,129,24,130,127,30,114,182,139,72,136,101,175,85,1,117,120,157,173,186,79,42,27,193,172,39,32,55,155,33,192,165,40,87,181,68,9,103,140,147,196,95,144,156,180,188,65,53,183,164,41,149,152,102,62,98,134,112,104,99,63,31,34,138,168,29,126,16,194,19,83,128,141,12,43,187,76,151,148,80,58,64,96,177,199,166,22,195,119,81,153,11,26,150,84,100,0,113,116,124,160,45,121];False
7219;6598;13817;[198,174,67,163,158,60,179,47,189,75,137,133,12,185,54,57,89,191,38,14,178,118,10,36,184,66,46,44,23,190,109,48,73,74,143,91,69,159,15,135,37,8,71,56,92,90,131,59,93,3,169,142,28,61,145,94,13,111,7,77,176,35,97,171,52,2,167,107,123,50,146,51,20,17,82,78,170,18,132,161,115,25,105,4,6,88,70,108,21,106,154,122,197,162,125,49,86,110,129,24,130,127,30,114,182,139,72,136,101,175,85,1,117,120,157,173,186,79,42,27,193,172,39,32,55,155,33,192,165,40,87,181,68,9,103,140,147,196,95,144,156,180,188,65,53,183,164,41,149,152,102,62,98,134,112,104,99,63,31,34,138,168,29,126,16,194,19,83,128,141,5,43,187,76,151,148,80,58,64,96,177,199,166,22,195,119,81,153,11,26,150,84,100,0,113,116,124,160,45,121];False
7019;6607;13626;[198,174,67,163,158,60,179,47,189,75,137,133,12,185,54,52,89,23,38,14,178,118,10,36,184,66,46,44,191,190,109,48,73,74,143,91,69,159,15,135,37,8,71,56,92,90,131,59,93,3,169,142,28,61,145,94,13,111,7,77,176,35,97,171,57,2,167,107,123,50,146,51,20,17,82,78,170,18,132,161,115,25,105,4,6,88,70,108,21,106,154,122,197,162,125,49,86,110,129,24,130,127,30,114,182,139,72,136,101,175,85,1,117,120,157,173,186,79,42,27,193,172,39,32,55,155,33,192,165,40,87,181,68,9,103,140,147,196,95,144,156,180,188,65,53,183,164,41,149,152,102,62,98,134,112,104,99,63,31,34,138,168,29,126,16,194,19,83,128,141,5,43,187,76,151,148,80,58,64,96,177,199,166,22,195,119,81,153,11,26,150,84,100,0,113,116,124,160,45,121];False
6944;6614;13558;[198,174,67,163,158,60,179,47,189,75,137,133,12,185,54,52,89,191,38,14,94,118,10,36,184,66,46,44,23,190,109,48,73,74,143,91,69,159,15,135,37,8,71,56,92,90,131,59,93,3,169,142,28,61,145,178,13,111,7,77,176,35,97,171,57,2,167,107,123,50,146,51,20,17,82,78,170,18,132,161,115,25,105,4,6,88,70,108,21,106,154,122,197,162,125,49,86,110,129,24,130,127,30,114,182,139,72,136,101,175,85,1,117,120,157,173,186,79,42,27,193,172,39,32,55,155,33,192,165,40,87,181,68,9,103,140,147,196,95,144,156,180,188,65,53,183,164,41,149,152,102,62,98,134,112,104,99,63,31,34,138,168,29,126,16,194,19,83,128,141,5,43,187,76,151,148,80,58,64,96,177,199,166,22,195,119,81,153,11,26,150,84,100,0,113,116,124,160,45,121];False
7044;6606;13650;[198,174,67,163,158,60,179,47,189,75,137,133,12,185,54,52,89,191,38,14,178,118,10,36,71,66,46,44,23,190,109,48,73,74,143,91,69,159,15,135,37,8,184,56,92,90,131,59,93,3,169,142,28,61,145,94,13,111,7,77,176,35,97,171,57,2,167,107,123,50,146,51,20,17,82,78,170,18,132,161,115,25,105,4,6,88,70,108,21,106,154,122,197,162,125,49,86,110,129,24,130,127,30,114,182,139,72,136,101,175,85,1,117,120,157,173,186,79,42,27,193,172,39,32,55,155,33,192,165,40,87,181,68,9,103,140,147,196,95,144,156,180,188,65,53,183,164,41,149,152,102,62,98,134,112,104,99,63,31,34,138,168,29,126,16,194,19,83,128,141,5,43,187,76,151,148,80,58,64,96,177,199,166,22,195,119,81,153,11,26,150,84,100,0,113,116,124,160,45,121];False
7082;6603;13685;[198,174,67,163,158,60,179,47,189,75,137,133,12,185,54,52,89,191,38,14,178,118,10,36,145,66,46,44,23,190,109,48,73,74,143,91,69,159,15,135,37,8,71,56,92,90,131,59,93,3,169,142,28,61,184,94,13,111,7,77,176,35,97,171,57,2,167,107,123,50,146,51,20,17,82,78,170,18,132,161,115,25,105,4,6,88,70,108,21,106,154,122,197,162,125,49,86,110,129,24,130,127,30,114,182,139,72,136,101,175,85,1,117,120,157,173,186,79,42,27,193,172,39,32,55,155,33,192,165,40,87,181,68,9,103,140,147,196,95,144,156,180,188,65,53,183,164,41,149,152,102,62,98,134,112,104,99,63,31,34,138,168,29,126,16,194,19,83,128,141,5,43,187,76,151,148,80,58,64,96,177,199,166,22,195,119,81,153,11,26,150,84,100,0,113,116,124,160,45,121];False
7122;6600;13722;[198,174,67,163,158,60,179,47,189,75,137,133,12,185,54,52,89,191,38,14,178,118,10,36,184,8,46,44,23,190,109,48,73,74,143,91,69,159,15,135,37,66,71,56,92,90,131,59,93,3,169,142,28,61,145,94,13,111,7,77,176,35,97,171,57,2,167,107,123,50,146,51,20,17,82,78,170,18,132,161,115,25,105,4,6,88,70,108,21,106,154,122,197,162,125,49,86,110,129,24,130,127,30,114,182,139,72,136,101,175,85,1,117,120,157,173,186,79,42,27,193,172,39,32,55,155,33,192,165,40,87,181,68,9,103,140,147,196,95,144,156,180,188,65,53,183,164,41,149,152,102,62,98,134,112,104,99,63,31,34,138,168,29,126,16,194,19,83,128,141,5,43,187,76,151,148,80,58,64,96,177,199,166,22,195,119,81,153,11,26,150,84,100,0,113,116,124,160,45,121];False
6969;6609;13578;[198,174,67,163,158,60,179,47,189,75,137,133,12,185,54,52,89,191,38,14,178,118,10,36,184,66,46,44,23,190,109,48,73,74,143,91,69,159,188,135,37,8,71,56,92,90,131,59,93,3,169,142,28,61,145,94,13,111,7,77,176,35,97,171,57,2,167,107,123,50,146,51,20,17,82,78,170,18,132,161,115,25,105,4,6,88,70,108,21,106,154,122,197,162,125,49,86,110,129,24,130,127,30,114,182,139,72,136,101,175,85,1,117,120,157,173,186,79,42,27,193,172,39,32,55,155,33,192,165,40,87,181,68,9,103,140,147,196,95,144,156,180,15,65,53,183,164,41,149,152,102,62,98,134,112,104,99,63,31,34,138,168,29,126,16,194,19,83,128,141,5,43,187,76,151,148,80,58,64,96,177,199,166,22,195,119,81,153,11,26,150,84,100,0,113,116,124,160,45,121];False
7051;6604;13655;[198,174,67,163,158,60,179,47,189,75,137,133,12,185,54,52,89,191,38,14,178,118,10,36,184,66,46,44,23,190,109,48,73,74,143,91,69,159,15,135,37,34,71,56,92,90,131,59,93,3,169,142,28,61,145,94,13,111,7,77,176,35,97,171,57,2,167,107,123,50,146,51,20,17,82,78,170,18,132,161,115,25,105,4,6,88,70,108,21,106,154,122,197,162,125,49,86,110,129,24,130,127,30,114,182,139,72,136,101,175,85,1,117,120,157,173,186,79,42,27,193,172,39,32,55,155,33,192,165,40,87,181,68,9,103,140,147,196,95,144,156,180,188,65,53,183,164,41,149,152,102,62,98,134,112,104,99,63,31,8,138,168,29,126,16,194,19,83,128,141,5,43,187,76,151,148,80,58,64,96,177,199,166,22,195,119,81,153,11,26,150,84,100,0,113,116,124,160,45,121];False
6819;6625;13444;[198,84,67,163,158,60,42,47,189,75,137,133,12,185,54,52,89,191,38,14,178,118,10,36,184,66,46,44,23,190,109,48,73,74,143,91,69,159,188,135,37,8,71,56,92,90,131,59,93,3,169,142,28,61,145,94,13,111,7,77,176,35,97,171,57,2,167,107,123,50,146,51,20,17,82,78,170,18,132,161,115,25,105,4,6,88,70,108,21,106,154,122,197,162,125,49,86,110,129,24,130,127,30,114,182,139,72,136,101,175,85,1,117,120,157,173,186,79,179,27,193,172,39,32,55,155,33,192,165,40,87,181,68,9,103,140,147,196,95,144,156,180,15,65,53,183,164,41,149,152,102,62,98,134,112,104,99,63,31,34,138,168,29,126,16,194,19,83,128,141,5,43,187,76,151,148,80,58,64,96,177,199,166,22,195,119,81,153,11,26,150,174,100,0,113,116,124,160,45,121];False
6868;6612;13480;[198,84,67,163,158,60,179,47,189,75,137,133,12,185,54,52,89,191,38,14,178,118,10,36,184,66,46,44,23,190,109,48,73,74,143,91,69,159,188,65,37,8,71,56,92,90,131,59,93,3,169,142,28,61,145,94,13,111,7,77,176,35,97,171,57,2,167,107,123,50,146,51,20,17,82,78,170,18,132,161,115,25,105,4,6,88,70,108,21,106,154,122,197,162,125,49,86,110,129,24,130,127,30,114,182,139,72,136,101,175,85,1,117,120,157,173,186,79,42,27,193,172,39,32,55,155,33,192,165,40,87,181,68,9,103,140,147,196,95,144,156,180,15,135,53,183,164,41,149,152,102,62,98,134,112,104,99,63,31,34,138,168,29,126,16,194,19,83,128,141,5,43,187,76,151,148,80,58,64,96,177,199,166,22,195,119,81,153,11,26,150,174,100,0,113,116,124,160,45,121];False
6739;6630;13369;[198,174,67,163,158,60,179,47,189,75,137,133,12,185,54,52,89,23,38,150,136,118,10,36,184,66,46,44,191,190,109,48,73,74,143,91,69,159,15,135,37,8,71,56,92,90,131,59,93,3,169,142,28,61,145,94,13,111,7,77,176,35,97,171,57,2,167,107,123,50,146,51,20,17,82,78,170,18,132,161,115,25,105,4,6,88,70,108,21,106,154,122,197,162,125,49,86,110,129,24,130,127,30,114,182,139,178,72,101,175,85,1,117,120,157,173,186,79,42,27,193,172,39,32,55,155,33,192,165,40,87,181,68,9,103,140,147,196,95,144,156,180,188,65,53,183,164,41,149,152,102,62,98,134,112,104,99,63,31,34,138,168,29,126,16,194,19,83,128,141,5,43,187,76,151,148,80,58,64,96,177,199,166,22,195,119,81,153,11,26,14,84,100,0,113,116,124,160,45,121];False
6818;6626;13444;[198,174,67,163,158,60,179,47,189,75,137,133,12,185,54,52,89,191,38,150,34,118,10,36,184,66,46,44,23,190,109,48,73,74,143,91,69,159,15,135,37,8,71,56,92,90,131,59,93,3,169,142,28,61,145,94,13,111,7,77,176,35,97,171,57,2,167,107,123,50,146,51,20,17,82,78,170,18,132,161,115,25,105,4,6,88,70,108,21,106,154,122,197,162,125,49,86,110,129,24,130,127,30,114,182,139,178,72,101,175,85,1,117,120,157,173,186,79,42,27,193,172,39,32,55,155,33,192,165,40,87,181,68,9,103,140,147,196,95,144,156,180,188,65,53,183,164,41,149,152,102,62,98,134,112,104,99,63,31,136,138,168,29,126,16,194,19,83,128,141,5,43,187,76,151,148,80,58,64,96,177,199,166,22,195,119,81,153,11,26,14,84,100,0,113,116,124,160,45,121];False
6826;6623;13449;[198,174,67,163,158,60,179,47,189,75,137,133,12,185,54,52,89,191,38,150,136,145,10,36,184,66,46,44,23,190,109,48,73,74,143,91,69,159,15,135,37,8,71,56,92,90,131,59,93,3,169,142,28,61,118,94,13,111,7,77,176,35,97,171,57,2,167,107,123,50,146,51,20,17,82,78,170,18,132,161,115,25,105,4,6,88,70,108,21,106,154,122,197,162,125,49,86,110,129,24,130,127,30,114,182,139,178,72,101,175,85,1,117,120,157,173,186,79,42,27,193,172,39,32,55,155,33,192,165,40,87,181,68,9,103,140,147,196,95,144,156,180,188,65,53,183,164,41,149,152,102,62,98,134,112,104,99,63,31,34,138,168,29,126,16,194,19,83,128,141,5,43,187,76,151,148,80,58,64,96,177,199,166,22,195,119,81,153,11,26,14,84,100,0,113,116,124,160,45,121];False
6764;6629;13393;[198,174,67,163,158,60,179,47,189,75,137,133,12,185,54,52,89,191,38,150,136,118,10,36,71,66,46,44,23,190,109,48,73,74,143,91,69,159,15,135,37,8,184,56,92,90,131,59,93,3,169,142,28,61,145,94,13,111,7,77,176,35,97,171,57,2,167,107,123,50,146,51,20,17,82,78,170,18,132,161,115,25,105,4,6,88,70,108,21,106,154,122,197,162,125,49,86,110,129,24,130,127,30,114,182,139,178,72,101,175,85,1,117,120,157,173,186,79,42,27,193,172,39,32,55,155,33,192,165,40,87,181,68,9,103,140,147,196,95,144,156,180,188,65,53,183,164,41,149,152,102,62,98,134,112,104,99,63,31,34,138,168,29,126,16,194,19,83,128,141,5,43,187,76,151,148,80,58,64,96,177,199,166,22,195,119,81,153,11,26,14,84,100,0,113,116,124,160,45,121];False
6802;6626;13428;[198,174,67,163,158,60,179,47,189,75,137,133,12,185,54,52,89,191,38,150,136,118,10,36,145,66,46,44,23,190,109,48,73,74,143,91,69,159,15,135,37,8,71,56,92,90,131,59,93,3,169,142,28,61,184,94,13,111,7,77,176,35,97,171,57,2,167,107,123,50,146,51,20,17,82,78,170,18,132,161,115,25,105,4,6,88,70,108,21,106,154,122,197,162,125,49,86,110,129,24,130,127,30,114,182,139,178,72,101,175,85,1,117,120,157,173,186,79,42,27,193,172,39,32,55,155,33,192,165,40,87,181,68,9,103,140,147,196,95,144,156,180,188,65,53,183,164,41,149,152,102,62,98,134,112,104,99,63,31,34,138,168,29,126,16,194,19,83,128,141,5,43,187,76,151,148,80,58,64,96,177,199,166,22,195,119,81,153,11,26,14,84,100,0,113,116,124,160,45,121];False
6771;6627;13398;[198,174,67,163,158,60,179,47,189,75,137,133,12,185,54,52,89,191,38,150,136,118,10,36,184,66,46,44,23,190,109,48,73,74,143,91,69,159,15,135,37,34,71,56,92,90,131,59,93,3,169,142,28,61,145,94,13,111,7,77,176,35,97,171,57,2,167,107,123,50,146,51,20,17,82,78,170,18,132,161,115,25,105,4,6,88,70,108,21,106,154,122,197,162,125,49,86,110,129,24,130,127,30,114,182,139,178,72,101,175,85,1,117,120,157,173,186,79,42,27,193,172,39,32,55,155,33,192,165,40,87,181,68,9,103,140,147,196,95,144,156,180,188,65,53,183,164,41,149,152,102,62,98,134,112,104,99,63,31,8,138,168,29,126,16,194,19,83,128,141,5,43,187,76,151,148,80,58,64,96,177,199,166,22,195,119,81,153,11,26,14,84,100,0,113,116,124,160,45,121];False
7229;6597;13826;[198,174,67,163,158,60,141,47,189,75,137,133,12,185,54,52,89,191,38,14,72,118,10,36,184,66,46,44,23,190,109,48,73,74,143,91,69,159,15,135,37,8,71,56,92,90,131,59,93,3,169,142,28,61,145,94,13,111,7,77,176,35,97,171,57,2,167,107,123,50,146,51,20,17,82,78,170,18,132,161,115,25,105,4,6,88,70,108,21,106,154,122,197,162,125,49,86,110,129,24,130,127,30,114,182,139,178,136,101,175,85,1,117,120,157,173,186,79,42,27,193,172,39,32,55,155,33,192,165,40,87,181,68,9,103,140,147,196,95,144,156,180,188,65,53,183,164,41,149,152,102,62,98,134,112,104,99,63,31,34,138,168,29,126,16,194,19,83,128,179,5,43,187,76,151,148,80,58,64,96,177,199,166,22,195,119,81,153,11,26,150,84,100,0,113,116,124,160,45,121];False
7295;6593;13888;[198,174,67,163,158,60,179,47,189,75,137,133,12,185,54,57,89,191,38,14,72,118,10,36,184,66,46,44,23,190,109,48,73,74,143,91,69,159,15,135,37,8,71,56,92,90,131,59,93,3,169,142,28,61,145,94,13,111,7,77,176,35,97,171,52,2,167,107,123,50,146,51,20,17,82,78,170,18,132,161,115,25,105,4,6,88,70,108,21,106,154,122,197,162,125,49,86,110,129,24,130,127,30,114,182,139,178,136,101,175,85,1,117,120,157,173,186,79,42,27,193,172,39,32,55,155,33,192,165,40,87,181,68,9,103,140,147,196,95,144,156,180,188,65,53,183,164,41,149,152,102,62,98,134,112,104,99,63,31,34,138,168,29,126,16,194,19,83,128,141,5,43,187,76,151,148,80,58,64,96,177,199,166,22,195,119,81,153,11,26,150,84,100,0,113,116,124,160,45,121];False
7095;6602;13697;[198,174,67,163,158,60,179,47,189,75,137,133,12,185,54,52,89,23,38,14,72,118,10,36,184,66,46,44,191,190,109,48,73,74,143,91,69,159,15,135,37,8,71,56,92,90,131,59,93,3,169,142,28,61,145,94,13,111,7,77,176,35,97,171,57,2,167,107,123,50,146,51,20,17,82,78,170,18,132,161,115,25,105,4,6,88,70,108,21,106,154,122,197,162,125,49,86,110,129,24,130,127,30,114,182,139,178,136,101,175,85,1,117,120,157,173,186,79,42,27,193,172,39,32,55,155,33,192,165,40,87,181,68,9,103,140,147,196,95,144,156,180,188,65,53,183,164,41,149,152,102,62,98,134,112,104,99,63,31,34,138,168,29,126,16,194,19,83,128,141,5,43,187,76,151,148,80,58,64,96,177,199,166,22,195,119,81,153,11,26,150,84,100,0,113,116,124,160,45,121];False
7079;6599;13678;[198,174,67,163,158,60,179,47,189,75,137,133,12,185,54,52,89,191,38,14,124,118,10,36,184,66,46,44,23,190,109,48,73,74,143,91,69,159,15,135,37,8,71,56,92,90,131,59,93,3,169,142,28,61,145,94,13,111,7,77,176,35,97,171,57,2,167,107,123,50,146,51,20,17,82,78,170,18,132,161,115,25,105,4,6,88,70,108,21,106,154,122,197,162,125,49,86,110,129,24,130,127,30,114,182,139,178,136,101,175,85,1,117,120,157,173,186,79,42,27,193,172,39,32,55,155,33,192,165,40,87,181,68,9,103,140,147,196,95,144,156,180,188,65,53,183,164,41,149,152,102,62,98,134,112,104,99,63,31,34,138,168,29,126,16,194,19,83,128,141,5,43,187,76,151,148,80,58,64,96,177,199,166,22,195,119,81,153,11,26,150,84,100,0,113,116,72,160,45,121];False
6766;6626;13392;[198,174,67,163,158,60,179,47,189,75,137,133,5,185,54,52,89,191,38,14,136,118,10,36,184,66,46,44,23,190,109,48,73,74,143,91,69,159,188,135,37,8,71,56,92,90,131,59,93,3,169,142,28,61,145,94,13,111,7,77,176,35,97,171,57,2,167,107,123,50,146,51,20,17,82,78,170,18,132,161,115,25,105,4,6,88,70,108,21,106,154,122,197,162,125,49,86,110,129,24,130,127,30,114,182,139,178,72,101,175,85,1,117,120,157,173,186,79,42,27,193,172,39,32,55,155,33,192,165,40,87,181,68,9,103,140,147,196,95,144,156,180,15,65,53,183,164,41,149,152,102,62,98,134,112,104,99,63,31,34,138,168,29,126,16,194,19,83,128,141,12,43,187,76,151,148,80,58,64,96,177,199,166,22,195,119,81,153,11,26,150,84,100,0,113,116,124,160,45,121];False
6797;6623;13420;[198,174,67,163,158,60,179,47,189,75,137,133,12,185,54,52,89,23,38,14,136,118,10,36,184,66,46,44,191,190,109,48,73,74,143,91,69,159,188,135,37,8,71,56,92,90,131,59,93,3,169,142,28,61,145,94,13,111,7,77,176,35,97,171,57,2,167,107,123,50,146,51,20,17,82,78,170,18,132,161,115,25,105,4,6,88,70,108,21,106,154,122,197,162,125,49,86,110,129,24,130,127,30,114,182,139,178,72,101,175,85,1,117,120,157,173,186,79,42,27,193,172,39,32,55,155,33,192,165,40,87,181,68,9,103,140,147,196,95,144,156,180,15,65,53,183,164,41,149,152,102,62,98,134,112,104,99,63,31,34,138,168,29,126,16,194,19,83,128,141,5,43,187,76,151,148,80,58,64,96,177,199,166,22,195,119,81,153,11,26,150,84,100,0,113,116,124,160,45,121];False
7045;6604;13649;[198,174,67,163,158,60,179,47,189,75,137,133,12,185,54,52,89,191,38,14,72,118,10,36,184,66,46,44,23,190,109,48,73,74,143,91,69,159,188,135,37,8,71,56,92,90,131,59,93,3,169,142,28,61,145,94,13,111,7,77,176,35,97,171,57,2,167,107,123,50,146,51,20,17,82,78,170,18,132,161,115,25,105,4,6,88,70,108,21,106,154,122,197,162,125,49,86,110,129,24,130,127,30,114,182,139,178,136,101,175,85,1,117,120,157,173,186,79,42,27,193,172,39,32,55,155,33,192,165,40,87,181,68,9,103,140,147,196,95,144,156,180,15,65,53,183,164,41,149,152,102,62,98,134,112,104,99,63,31,34,138,168,29,126,16,194,19,83,128,141,5,43,187,76,151,148,80,58,64,96,177,199,166,22,195,119,81,153,11,26,150,84,100,0,113,116,124,160,45,121];False
6822;6622;13444;[198,174,67,163,158,60,179,47,189,75,137,133,12,185,54,52,89,191,38,14,136,118,10,36,71,66,46,44,23,190,109,48,73,74,143,91,69,159,188,135,37,8,184,56,92,90,131,59,93,3,169,142,28,61,145,94,13,111,7,77,176,35,97,171,57,2,167,107,123,50,146,51,20,17,82,78,170,18,132,161,115,25,105,4,6,88,70,108,21,106,154,122,197,162,125,49,86,110,129,24,130,127,30,114,182,139,178,72,101,175,85,1,117,120,157,173,186,79,42,27,193,172,39,32,55,155,33,192,165,40,87,181,68,9,103,140,147,196,95,144,156,180,15,65,53,183,164,41,149,152,102,62,98,134,112,104,99,63,31,34,138,168,29,126,16,194,19,83,128,141,5,43,187,76,151,148,80,58,64,96,177,199,166,22,195,119,81,153,11,26,150,84,100,0,113,116,124,160,45,121];False
6860;6619;13479;[198,174,67,163,158,60,179,47,189,75,137,133,12,185,54,52,89,191,38,14,136,118,10,36,145,66,46,44,23,190,109,48,73,74,143,91,69,159,188,135,37,8,71,56,92,90,131,59,93,3,169,142,28,61,184,94,13,111,7,77,176,35,97,171,57,2,167,107,123,50,146,51,20,17,82,78,170,18,132,161,115,25,105,4,6,88,70,108,21,106,154,122,197,162,125,49,86,110,129,24,130,127,30,114,182,139,178,72,101,175,85,1,117,120,157,173,186,79,42,27,193,172,39,32,55,155,33,192,165,40,87,181,68,9,103,140,147,196,95,144,156,180,15,65,53,183,164,41,149,152,102,62,98,134,112,104,99,63,31,34,138,168,29,126,16,194,19,83,128,141,5,43,187,76,151,148,80,58,64,96,177,199,166,22,195,119,81,153,11,26,150,84,100,0,113,116,124,160,45,121];False
6740;6620;13360;[198,174,67,163,158,60,179,47,189,75,137,133,12,185,54,52,89,191,38,14,136,118,10,36,184,66,46,44,23,190,109,48,73,74,143,91,69,159,188,65,37,8,71,56,92,90,131,59,93,3,169,142,28,61,145,94,13,111,7,77,176,35,97,171,57,2,167,107,123,50,146,51,20,17,82,78,170,18,132,161,115,25,105,4,6,88,70,108,21,106,154,122,197,162,125,49,86,110,129,24,130,127,30,114,182,139,178,72,101,175,85,1,117,120,157,173,186,79,42,27,193,172,39,32,55,155,33,192,165,40,87,181,68,9,103,140,147,196,95,144,156,180,15,135,53,183,164,41,149,152,102,62,98,134,112,104,99,63,31,34,138,168,29,126,16,194,19,83,128,141,5,43,187,76,151,148,80,58,64,96,177,199,166,22,195,119,81,153,11,26,150,84,100,0,113,116,124,160,45,121];False
8068;6572;14640;[198,51,50,174,67,83,59,57,132,75,137,133,12,185,111,26,169,115,89,3,161,103,15,135,53,180,46,44,23,190,109,10,184,56,34,91,69,159,8,37,94,71,188,48,92,90,131,148,93,14,178,191,66,61,145,84,13,151,7,38,176,35,97,128,52,2,167,107,123,146,155,65,118,17,82,18,0,77,149,170,129,25,105,4,6,88,70,108,21,106,154,122,197,24,72,78,86,110,171,189,49,127,30,114,182,139,29,163,158,175,85,1,117,120,157,173,186,79,42,27,193,172,39,32,55,125,33,192,165,40,87,181,68,9,28,162,147,196,95,144,156,63,31,143,160,183,164,41,152,130,102,62,5,134,112,104,99,73,74,20,138,168,140,126,16,194,19,98,60,179,47,43,187,76,101,141,11,58,64,96,177,199,166,22,195,119,81,153,80,36,150,136,100,54,113,116,124,142,45,121];False
8061;6573;14634;[198,51,50,174,67,83,59,57,132,75,137,133,12,185,111,26,89,115,169,3,161,159,15,135,53,180,46,44,23,190,109,10,150,56,34,91,69,28,8,37,94,71,188,48,92,90,131,148,93,14,178,191,66,61,145,84,13,151,7,38,176,35,97,128,52,2,167,107,123,146,155,65,118,17,82,18,0,77,149,170,129,25,105,4,6,88,70,108,21,106,154,122,197,24,72,78,86,110,171,189,49,127,30,114,182,139,29,163,158,175,85,1,117,120,157,173,186,79,42,27,193,172,39,32,55,125,33,192,165,40,87,181,68,9,103,162,147,196,95,144,156,63,31,143,160,183,164,41,152,130,102,62,5,134,112,104,99,73,74,20,138,168,140,126,16,194,19,98,60,179,47,43,187,76,101,141,11,58,64,96,177,199,166,22,195,119,81,153,80,36,184,136,100,54,113,116,124,142,45,121];False
8013;6572;14585;[198,51,50,174,67,83,59,57,132,75,137,133,12,185,111,26,169,115,89,3,161,159,15,135,53,180,46,44,23,190,109,10,150,156,34,91,69,28,8,37,94,71,188,48,92,90,131,148,93,14,178,191,66,61,145,84,13,151,7,38,176,35,97,128,52,2,167,107,123,146,155,65,118,17,82,18,0,77,149,170,129,25,105,4,6,88,70,108,21,106,154,122,197,24,72,78,86,110,171,189,49,127,30,114,182,139,29,163,158,175,85,1,117,120,157,173,186,79,42,27,193,172,39,32,55,125,33,192,165,40,87,181,68,9,103,162,147,196,95,144,56,63,31,143,160,183,164,41,152,130,102,62,5,134,112,104,99,73,74,20,138,168,140,126,16,194,19,98,60,179,47,43,187,76,101,141,11,58,64,96,177,199,166,22,195,119,81,153,80,36,184,136,100,54,113,116,124,142,45,121];False
8161;6560;14721;[198,51,50,174,67,83,59,57,132,75,137,133,12,185,111,26,169,115,89,3,161,159,15,135,53,180,46,44,23,190,109,10,150,56,92,91,69,28,8,37,94,71,188,48,34,90,131,148,93,14,178,191,66,61,145,84,13,151,7,38,176,35,97,128,52,2,167,107,123,146,155,65,118,17,82,18,0,77,149,170,129,25,105,4,6,88,70,108,21,106,154,122,197,24,72,78,86,110,171,189,49,127,30,114,182,139,29,163,158,175,85,1,117,120,157,173,186,79,42,27,193,172,39,32,55,125,33,192,165,40,87,181,68,9,103,162,147,196,95,144,156,63,31,143,160,183,164,41,152,130,102,62,5,134,112,104,99,73,74,20,138,168,140,126,16,194,19,98,60,179,47,43,187,76,101,141,11,58,64,96,177,199,166,22,195,119,81,153,80,36,184,136,100,54,113,116,124,142,45,121];False
8105;6569;14674;[198,51,50,174,67,83,59,57,132,75,137,133,12,185,111,26,169,115,89,3,161,159,15,135,53,180,46,44,23,190,109,10,150,56,34,91,69,28,8,124,94,71,188,48,92,90,131,148,93,14,178,191,66,61,145,84,13,151,7,38,176,35,97,128,52,2,167,107,123,146,155,65,118,17,82,18,0,77,149,170,129,25,105,4,6,88,70,108,21,106,154,122,197,24,72,78,86,110,171,189,49,127,30,114,182,139,29,163,158,175,85,1,117,120,157,173,186,79,42,27,193,172,39,32,55,125,33,192,165,40,87,181,68,9,103,162,147,196,95,144,156,63,31,143,160,183,164,41,152,130,102,62,5,134,112,104,99,73,74,20,138,168,140,126,16,194,19,98,60,179,47,43,187,76,101,141,11,58,64,96,177,199,166,22,195,119,81,153,80,36,184,136,100,54,113,116,37,142,45,121];False
8032;6571;14603;[198,51,50,174,67,83,59,57,132,75,137,133,12,185,111,26,169,115,89,3,161,159,15,135,53,180,46,44,23,190,109,10,37,156,34,91,69,28,8,184,94,71,188,48,92,90,131,148,93,14,178,191,66,61,145,84,13,151,7,38,176,35,97,128,52,2,167,107,123,146,155,65,118,17,82,18,0,77,149,170,129,25,105,4,6,88,70,108,21,106,154,122,197,24,72,78,86,110,171,189,49,127,30,114,182,139,29,163,158,175,85,1,117,120,157,173,186,79,42,27,193,172,39,32,55,125,33,192,165,40,87,181,68,9,103,162,147,196,95,144,56,63,31,143,160,183,164,41,152,130,102,62,5,134,112,104,99,73,74,20,138,168,140,126,16,194,19,98,60,179,47,43,187,76,101,141,11,58,64,96,177,199,166,22,195,119,81,153,80,36,150,136,100,54,113,116,124,142,45,121];False
7996;6573;14569;[198,51,50,174,67,83,59,57,132,75,163,133,12,185,76,26,169,115,89,3,161,159,15,135,53,180,46,44,23,190,109,10,37,156,34,91,69,28,8,184,94,71,188,48,92,90,131,148,93,14,178,191,66,61,145,84,13,151,7,38,176,35,97,128,52,2,167,107,123,146,155,65,118,17,82,18,0,77,149,170,129,25,105,4,6,88,70,108,21,106,154,122,197,24,72,78,86,110,171,189,49,127,30,114,182,139,29,137,158,175,85,1,117,120,157,173,186,79,42,27,193,172,39,32,55,125,33,192,165,40,87,181,68,9,103,162,147,196,95,144,56,63,31,143,160,183,164,41,152,130,102,62,5,134,112,104,99,73,74,20,138,168,140,126,16,194,19,98,60,179,47,43,187,111,101,141,11,58,64,96,177,199,166,22,195,119,81,153,80,36,150,136,100,54,113,116,124,142,45,121];False
7902;6578;14480;[198,51,50,174,67,83,59,57,132,75,163,133,12,185,111,26,89,115,169,3,161,159,15,135,53,180,46,44,23,190,109,10,37,156,34,91,69,28,8,184,94,71,188,48,92,90,131,148,93,14,178,191,66,61,145,84,13,151,7,38,176,35,97,128,52,2,167,107,123,146,155,65,118,17,82,18,0,77,149,170,129,25,105,4,6,88,70,108,21,106,154,122,197,24,72,78,86,110,171,189,49,127,30,114,182,139,29,137,158,175,85,1,117,120,157,173,186,79,42,27,193,172,39,32,55,125,33,192,165,40,87,181,68,9,103,162,147,196,95,144,56,63,31,143,160,183,164,41,152,130,102,62,5,134,112,104,99,73,74,20,138,168,140,126,16,194,19,98,60,179,47,43,187,76,101,141,11,58,64,96,177,199,166,22,195,119,81,153,80,36,150,136,100,54,113,116,124,142,45,121];False
7927;6577;14504;[198,51,50,174,67,83,59,57,132,75,163,133,12,185,111,26,169,115,89,3,161,28,15,135,53,180,46,44,23,190,109,10,37,156,34,91,69,159,8,184,94,71,188,48,92,90,131,148,93,14,178,191,66,61,145,84,13,151,7,38,176,35,97,128,52,2,167,107,123,146,155,65,118,17,82,18,0,77,149,170,129,25,105,4,6,88,70,108,21,106,154,122,197,24,72,78,86,110,171,189,49,127,30,114,182,139,29,137,158,175,85,1,117,120,157,173,186,79,42,27,193,172,39,32,55,125,33,192,165,40,87,181,68,9,103,162,147,196,95,144,56,63,31,143,160,183,164,41,152,130,102,62,5,134,112,104,99,73,74,20,138,168,140,126,16,194,19,98,60,179,47,43,187,76,101,141,11,58,64,96,177,199,166,22,195,119,81,153,80,36,150,136,100,54,113,116,124,142,45,121];False
8058;6568;14626;[198,51,50,174,67,83,59,57,132,75,163,133,12,185,111,26,169,115,89,3,161,159,15,135,53,180,46,44,23,190,109,10,37,124,34,91,69,28,8,184,94,71,188,48,92,90,131,148,93,14,178,191,66,61,145,84,13,151,7,38,176,35,97,128,52,2,167,107,123,146,155,65,118,17,82,18,0,77,149,170,129,25,105,4,6,88,70,108,21,106,154,122,197,24,72,78,86,110,171,189,49,127,30,114,182,139,29,137,158,175,85,1,117,120,157,173,186,79,42,27,193,172,39,32,55,125,33,192,165,40,87,181,68,9,103,162,147,196,95,144,56,63,31,143,160,183,164,41,152,130,102,62,5,134,112,104,99,73,74,20,138,168,140,126,16,194,19,98,60,179,47,43,187,76,101,141,11,58,64,96,177,199,166,22,195,119,81,153,80,36,150,136,100,54,113,116,156,142,45,121];False
7834;6572;14406;[198,51,50,174,67,83,59,57,132,75,163,133,12,185,111,26,169,115,89,3,161,159,15,135,53,180,46,44,23,190,109,10,37,156,34,91,69,28,8,184,94,71,138,48,92,90,131,148,93,14,178,191,66,61,145,84,13,151,7,38,176,35,97,128,52,2,167,107,123,146,155,65,118,17,82,18,0,77,149,170,129,25,105,4,6,88,70,108,21,106,154,122,197,24,72,78,86,110,171,189,49,127,30,114,182,139,29,137,158,175,85,1,117,120,157,173,186,79,42,27,193,172,39,32,55,125,33,192,165,40,87,181,68,9,103,162,147,196,95,144,56,63,31,143,160,183,164,41,152,130,102,62,5,134,112,104,99,73,74,20,188,168,140,126,16,194,19,98,60,179,47,43,187,76,101,141,11,58,64,96,177,199,166,22,195,119,81,153,80,36,150,136,100,54,113,116,124,142,45,121];False
7735;6584;14319;[50,51,198,174,67,83,59,57,132,75,163,133,12,185,111,36,169,115,89,3,161,159,15,135,53,180,46,44,23,190,109,10,37,156,34,91,69,28,8,184,94,71,138,48,92,90,131,148,93,14,178,191,66,61,145,84,13,151,7,38,176,35,97,128,52,2,167,107,123,146,155,65,118,17,82,18,0,77,149,170,129,25,105,4,6,88,70,108,21,106,154,122,197,24,72,78,86,110,171,189,49,127,30,114,182,139,29,137,158,175,85,1,117,120,157,173,186,79,42,27,193,172,39,32,55,125,33,192,165,40,87,181,68,9,103,162,147,196,95,144,56,63,31,143,160,183,164,41,152,130,102,62,5,134,112,104,99,73,74,20,188,168,140,126,16,194,19,98,60,179,47,43,187,76,101,141,11,58,64,96,177,199,166,22,195,119,81,153,80,26,150,136,100,54,113,116,124,142,45,121];False
7716;6592;14308;[198,140,50,174,67,83,59,57,132,75,163,133,12,185,111,36,169,115,89,3,161,159,15,135,53,180,46,44,23,190,109,10,37,156,34,91,69,28,8,184,94,71,138,48,92,90,131,148,93,14,178,191,66,61,145,84,13,151,7,38,176,35,97,128,52,2,167,107,123,146,155,65,118,17,82,18,0,77,149,170,129,25,105,4,6,88,70,108,21,106,154,122,197,24,72,78,86,110,171,189,49,127,30,114,182,139,29,137,158,175,85,1,117,120,157,173,186,79,42,27,193,172,39,32,55,125,33,192,165,40,87,181,68,9,103,162,147,196,95,144,56,63,31,143,160,183,164,41,152,130,102,62,5,134,112,104,99,73,74,20,188,168,51,126,16,194,19,98,60,179,47,43,187,76,101,141,11,58,64,96,177,199,166,22,195,119,81,153,80,26,150,136,100,54,113,116,124,142,45,121];False
7724;6585;14309;[198,124,50,174,67,83,59,57,132,75,163,133,12,185,111,36,169,115,89,3,161,159,15,135,53,180,46,44,23,190,109,10,37,156,34,91,69,28,8,184,94,71,138,48,92,90,131,148,93,14,178,191,66,61,145,84,13,151,7,38,176,35,97,128,52,2,167,107,123,146,155,65,118,17,82,18,0,77,149,170,129,25,105,4,6,88,70,108,21,106,154,122,197,24,72,78,86,110,171,189,49,127,30,114,182,139,29,137,158,175,85,1,117,120,157,173,186,79,42,27,193,172,39,32,55,125,33,192,165,40,87,181,68,9,103,162,147,196,95,144,56,63,31,143,160,183,164,41,152,130,102,62,5,134,112,104,99,73,74,20,188,168,140,126,16,194,19,98,60,179,47,43,187,76,101,141,11,58,64,96,177,199,166,22,195,119,81,153,80,26,150,136,100,54,113,116,51,142,45,121];False
7764;6583;14347;[198,51,50,174,196,83,59,57,132,75,163,133,12,185,111,36,169,115,89,3,161,159,15,135,53,180,46,44,23,190,109,10,37,156,34,91,69,28,8,184,94,71,138,48,92,90,131,148,93,14,178,191,66,61,145,84,13,151,7,38,176,35,97,128,52,2,167,107,123,146,155,65,118,17,82,18,0,77,149,170,129,25,105,4,6,88,70,108,21,106,154,122,197,24,72,78,86,110,171,189,49,127,30,114,182,139,29,137,158,175,85,1,117,120,157,173,186,79,42,27,193,172,39,32,55,125,33,192,165,40,87,181,68,9,103,162,147,67,95,144,56,63,31,143,160,183,164,41,152,130,102,62,5,134,112,104,99,73,74,20,188,168,140,126,16,194,19,98,60,179,47,43,187,76,101,141,11,58,64,96,177,199,166,22,195,119,81,153,80,26,150,136,100,54,113,116,124,142,45,121];False
7706;6592;14298;[198,51,50,174,67,83,86,57,132,75,163,133,12,185,111,36,169,115,89,3,161,159,15,135,53,180,46,44,23,190,109,10,37,156,34,91,69,28,8,184,94,71,138,48,92,90,131,148,93,14,178,191,66,61,145,84,13,151,7,38,176,35,97,128,52,2,167,107,123,146,155,65,118,17,82,18,0,77,149,170,129,25,105,4,6,88,70,108,21,106,154,122,197,24,72,78,59,110,171,189,49,127,30,114,182,139,29,137,158,175,85,1,117,120,157,173,186,79,42,27,193,172,39,32,55,125,33,192,165,40,87,181,68,9,103,162,147,196,95,144,56,63,31,143,160,183,164,41,152,130,102,62,5,134,112,104,99,73,74,20,188,168,140,126,16,194,19,98,60,179,47,43,187,76,101,141,11,58,64,96,177,199,166,22,195,119,81,153,80,26,150,136,100,54,113,116,124,142,45,121];False
7707;6588;14295;[198,51,50,174,67,83,59,81,132,75,163,133,12,185,111,36,169,115,89,3,161,159,15,135,53,180,46,44,23,190,109,10,37,156,34,91,69,28,8,184,94,71,138,48,92,90,131,148,93,14,178,191,66,61,145,84,13,151,7,38,176,35,97,128,52,2,167,107,123,146,155,65,118,17,82,18,0,77,149,170,129,25,105,4,6,88,70,108,21,106,154,122,197,24,72,78,86,110,171,189,49,127,30,114,182,139,29,137,158,175,85,1,117,120,157,173,186,79,42,27,193,172,39,32,55,125,33,192,165,40,87,181,68,9,103,162,147,196,95,144,56,63,31,143,160,183,164,41,152,130,102,62,5,134,112,104,99,73,74,20,188,168,140,126,16,194,19,98,60,179,47,43,187,76,101,141,11,58,64,96,177,199,166,22,195,119,57,153,80,26,150,136,100,54,113,116,124,142,45,121];False
7828;6578;14406;[198,51,50,174,67,83,59,57,132,75,163,133,12,185,111,36,161,115,89,3,169,159,15,135,53,180,46,44,23,190,109,10,37,156,34,91,69,28,8,184,94,71,138,48,92,90,131,148,93,14,178,191,66,61,145,84,13,151,7,38,176,35,97,128,52,2,167,107,123,146,155,65,118,17,82,18,0,77,149,170,129,25,105,4,6,88,70,108,21,106,154,122,197,24,72,78,86,110,171,189,49,127,30,114,182,139,29,137,158,175,85,1,117,120,157,173,186,79,42,27,193,172,39,32,55,125,33,192,165,40,87,181,68,9,103,162,147,196,95,144,56,63,31,143,160,183,164,41,152,130,102,62,5,134,112,104,99,73,74,20,188,168,140,126,16,194,19,98,60,179,47,43,187,76,101,141,11,58,64,96,177,199,166,22,195,119,81,153,80,26,150,136,100,54,113,116,124,142,45,121];False
7822;6576;14398;[198,51,50,174,67,83,59,57,132,75,163,133,12,185,111,36,145,115,89,3,161,159,15,135,53,180,46,44,23,190,109,10,37,156,34,91,69,28,8,184,94,71,138,48,92,90,131,148,93,14,178,191,66,61,169,84,13,151,7,38,176,35,97,128,52,2,167,107,123,146,155,65,118,17,82,18,0,77,149,170,129,25,105,4,6,88,70,108,21,106,154,122,197,24,72,78,86,110,171,189,49,127,30,114,182,139,29,137,158,175,85,1,117,120,157,173,186,79,42,27,193,172,39,32,55,125,33,192,165,40,87,181,68,9,103,162,147,196,95,144,56,63,31,143,160,183,164,41,152,130,102,62,5,134,112,104,99,73,74,20,188,168,140,126,16,194,19,98,60,179,47,43,187,76,101,141,11,58,64,96,177,199,166,22,195,119,81,153,80,26,150,136,100,54,113,116,124,142,45,121];False
7700;6592;14292;[198,51,50,174,67,83,59,57,132,75,163,133,12,185,111,36,169,89,115,3,161,159,15,135,53,180,46,44,23,190,109,10,37,156,34,91,69,28,8,184,94,71,138,48,92,90,131,148,93,14,178,191,66,61,145,84,13,151,7,38,176,35,97,128,52,2,167,107,123,146,155,65,118,17,82,18,0,77,149,170,129,25,105,4,6,88,70,108,21,106,154,122,197,24,72,78,86,110,171,189,49,127,30,114,182,139,29,137,158,175,85,1,117,120,157,173,186,79,42,27,193,172,39,32,55,125,33,192,165,40,87,181,68,9,103,162,147,196,95,144,56,63,31,143,160,183,164,41,152,130,102,62,5,134,112,104,99,73,74,20,188,168,140,126,16,194,19,98,60,179,47,43,187,76,101,141,11,58,64,96,177,199,166,22,195,119,81,153,80,26,150,136,100,54,113,116,124,142,45,121];False
7756;6583;14339;[198,51,50,174,67,83,59,57,132,75,163,133,12,185,111,36,169,84,89,3,161,159,15,135,53,180,46,44,23,190,109,10,37,156,34,91,69,28,8,184,94,71,138,48,92,90,131,148,93,14,178,191,66,61,145,115,13,151,7,38,176,35,97,128,52,2,167,107,123,146,155,65,118,17,82,18,0,77,149,170,129,25,105,4,6,88,70,108,21,106,154,122,197,24,72,78,86,110,171,189,49,127,30,114,182,139,29,137,158,175,85,1,117,120,157,173,186,79,42,27,193,172,39,32,55,125,33,192,165,40,87,181,68,9,103,162,147,196,95,144,56,63,31,143,160,183,164,41,152,130,102,62,5,134,112,104,99,73,74,20,188,168,140,126,16,194,19,98,60,179,47,43,187,76,101,141,11,58,64,96,177,199,166,22,195,119,81,153,80,26,150,136,100,54,113,116,124,142,45,121];False
7712;6587;14299;[198,51,50,174,67,83,59,57,132,75,163,133,12,185,111,36,169,38,89,3,161,159,15,135,53,180,46,44,23,190,109,10,37,156,34,91,69,28,8,184,94,71,138,48,92,90,131,148,93,14,178,191,66,61,145,84,13,151,7,115,176,35,97,128,52,2,167,107,123,146,155,65,118,17,82,18,0,77,149,170,129,25,105,4,6,88,70,108,21,106,154,122,197,24,72,78,86,110,171,189,49,127,30,114,182,139,29,137,158,175,85,1,117,120,157,173,186,79,42,27,193,172,39,32,55,125,33,192,165,40,87,181,68,9,103,162,147,196,95,144,56,63,31,143,160,183,164,41,152,130,102,62,5,134,112,104,99,73,74,20,188,168,140,126,16,194,19,98,60,179,47,43,187,76,101,141,11,58,64,96,177,199,166,22,195,119,81,153,80,26,150,136,100,54,113,116,124,142,45,121];False
7679;6590;14269;[198,51,50,174,67,83,59,57,132,75,163,133,12,185,111,36,169,45,89,3,161,159,15,135,53,180,46,44,23,190,109,10,37,156,34,91,69,28,8,184,94,71,138,48,92,90,131,148,93,14,178,191,66,61,145,84,13,151,7,38,176,35,97,128,52,2,167,107,123,146,155,65,118,17,82,18,0,77,149,170,129,25,105,4,6,88,70,108,21,106,154,122,197,24,72,78,86,110,171,189,49,127,30,114,182,139,29,137,158,175,85,1,117,120,157,173,186,79,42,27,193,172,39,32,55,125,33,192,165,40,87,181,68,9,103,162,147,196,95,144,56,63,31,143,160,183,164,41,152,130,102,62,5,134,112,104,99,73,74,20,188,168,140,126,16,194,19,98,60,179,47,43,187,76,101,141,11,58,64,96,177,199,166,22,195,119,81,153,80,26,150,136,100,54,113,116,124,142,115,121];False
7764;6581;14345;[198,51,50,174,67,83,59,57,132,75,163,133,12,185,111,36,169,115,176,3,161,159,15,135,53,180,46,44,23,190,109,10,37,156,34,91,69,28,8,184,94,71,138,48,92,90,131,148,93,14,178,191,66,61,145,84,13,151,7,38,89,35,97,128,52,2,167,107,123,146,155,65,118,17,82,18,0,77,149,170,129,25,105,4,6,88,70,108,21,106,154,122,197,24,72,78,86,110,171,189,49,127,30,114,182,139,29,137,158,175,85,1,117,120,157,173,186,79,42,27,193,172,39,32,55,125,33,192,165,40,87,181,68,9,103,162,147,196,95,144,56,63,31,143,160,183,164,41,152,130,102,62,5,134,112,104,99,73,74,20,188,168,140,126,16,194,19,98,60,179,47,43,187,76,101,141,11,58,64,96,177,199,166,22,195,119,81,153,80,26,150,136,100,54,113,116,124,142,45,121];False
7736;6580;14316;[198,51,50,174,67,83,59,57,132,75,163,133,12,185,111,36,169,115,89,3,161,28,15,135,53,180,46,44,23,190,109,10,37,156,34,91,69,159,8,184,94,71,138,48,92,90,131,148,93,14,178,191,66,61,145,84,13,151,7,38,176,35,97,128,52,2,167,107,123,146,155,65,118,17,82,18,0,77,149,170,129,25,105,4,6,88,70,108,21,106,154,122,197,24,72,78,86,110,171,189,49,127,30,114,182,139,29,137,158,175,85,1,117,120,157,173,186,79,42,27,193,172,39,32,55,125,33,192,165,40,87,181,68,9,103,162,147,196,95,144,56,63,31,143,160,183,164,41,152,130,102,62,5,134,112,104,99,73,74,20,188,168,140,126,16,194,19,98,60,179,47,43,187,76,101,141,11,58,64,96,177,199,166,22,195,119,81,153,80,26,150,136,100,54,113,116,124,142,45,121];False
7670;6590;14260;[198,51,50,174,67,83,59,57,132,75,163,133,12,185,111,36,169,115,89,3,161,32,15,135,53,180,46,44,23,190,109,10,37,156,34,91,69,28,8,184,94,71,138,48,92,90,131,148,93,14,178,191,66,61,145,84,13,151,7,38,176,35,97,128,52,2,167,107,123,146,155,65,118,17,82,18,0,77,149,170,129,25,105,4,6,88,70,108,21,106,154,122,197,24,72,78,86,110,171,189,49,127,30,114,182,139,29,137,158,175,85,1,117,120,157,173,186,79,42,27,193,172,39,159,55,125,33,192,165,40,87,181,68,9,103,162,147,196,95,144,56,63,31,143,160,183,164,41,152,130,102,62,5,134,112,104,99,73,74,20,188,168,140,126,16,194,19,98,60,179,47,43,187,76,101,141,11,58,64,96,177,199,166,22,195,119,81,153,80,26,150,136,100,54,113,116,124,142,45,121];False
7721;6585;14306;[198,51,50,174,67,83,59,57,132,75,163,133,12,185,111,36,169,115,89,3,161,103,15,135,53,180,46,44,23,190,109,10,37,156,34,91,69,28,8,184,94,71,138,48,92,90,131,148,93,14,178,191,66,61,145,84,13,151,7,38,176,35,97,128,52,2,167,107,123,146,155,65,118,17,82,18,0,77,149,170,129,25,105,4,6,88,70,108,21,106,154,122,197,24,72,78,86,110,171,189,49,127,30,114,182,139,29,137,158,175,85,1,117,120,157,173,186,79,42,27,193,172,39,32,55,125,33,192,165,40,87,181,68,9,159,162,147,196,95,144,56,63,31,143,160,183,164,41,152,130,102,62,5,134,112,104,99,73,74,20,188,168,140,126,16,194,19,98,60,179,47,43,187,76,101,141,11,58,64,96,177,199,166,22,195,119,81,153,80,26,150,136,100,54,113,116,124,142,45,121];False
7720;6586;14306;[198,51,50,174,67,83,59,57,132,75,163,133,12,185,111,36,169,115,89,3,161,159,15,135,53,180,46,44,23,190,109,55,37,156,34,91,69,28,8,184,94,71,138,48,92,90,131,148,93,14,178,191,66,61,145,84,13,151,7,38,176,35,97,128,52,2,167,107,123,146,155,65,118,17,82,18,0,77,149,170,129,25,105,4,6,88,70,108,21,106,154,122,197,24,72,78,86,110,171,189,49,127,30,114,182,139,29,137,158,175,85,1,117,120,157,173,186,79,42,27,193,172,39,32,10,125,33,192,165,40,87,181,68,9,103,162,147,196,95,144,56,63,31,143,160,183,164,41,152,130,102,62,5,134,112,104,99,73,74,20,188,168,140,126,16,194,19,98,60,179,47,43,187,76,101,141,11,58,64,96,177,199,166,22,195,119,81,153,80,26,150,136,100,54,113,116,124,142,45,121];False
7867;6571;14438;[198,51,50,174,67,83,59,57,132,75,163,133,12,185,111,36,169,115,89,3,161,159,15,135,53,180,46,44,23,190,109,10,37,124,34,91,69,28,8,184,94,71,138,48,92,90,131,148,93,14,178,191,66,61,145,84,13,151,7,38,176,35,97,128,52,2,167,107,123,146,155,65,118,17,82,18,0,77,149,170,129,25,105,4,6,88,70,108,21,106,154,122,197,24,72,78,86,110,171,189,49,127,30,114,182,139,29,137,158,175,85,1,117,120,157,173,186,79,42,27,193,172,39,32,55,125,33,192,165,40,87,181,68,9,103,162,147,196,95,144,56,63,31,143,160,183,164,41,152,130,102,62,5,134,112,104,99,73,74,20,188,168,140,126,16,194,19,98,60,179,47,43,187,76,101,141,11,58,64,96,177,199,166,22,195,119,81,153,80,26,150,136,100,54,113,116,156,142,45,121];False
7646;6582;14228;[198,51,50,174,67,83,59,57,132,75,163,133,12,185,111,36,169,115,89,3,161,159,15,135,53,180,46,44,23,190,109,10,37,156,34,91,69,28,8,124,94,71,138,48,92,90,131,148,93,14,178,191,66,61,145,84,13,151,7,38,176,35,97,128,52,2,167,107,123,146,155,65,118,17,82,18,0,77,149,170,129,25,105,4,6,88,70,108,21,106,154,122,197,24,72,78,86,110,171,189,49,127,30,114,182,139,29,137,158,175,85,1,117,120,157,173,186,79,42,27,193,172,39,32,55,125,33,192,165,40,87,181,68,9,103,162,147,196,95,144,56,63,31,143,160,183,164,41,152,130,102,62,5,134,112,104,99,73,74,20,188,168,140,126,16,194,19,98,60,179,47,43,187,76,101,141,11,58,64,96,177,199,166,22,195,119,81,153,80,26,150,136,100,54,113,116,184,142,45,121];False
7724;6579;14303;[198,51,50,174,67,83,59,57,132,75,163,133,12,185,111,36,169,115,89,3,161,159,15,135,53,180,46,44,23,190,109,10,37,156,34,91,69,28,8,184,94,118,138,48,92,90,131,148,93,14,178,191,66,61,145,84,13,151,7,38,176,35,97,128,52,2,167,107,123,146,155,65,71,17,82,18,0,77,149,170,129,25,105,4,6,88,70,108,21,106,154,122,197,24,72,78,86,110,171,189,49,127,30,114,182,139,29,137,158,175,85,1,117,120,157,173,186,79,42,27,193,172,39,32,55,125,33,192,165,40,87,181,68,9,103,162,147,196,95,144,56,63,31,143,160,183,164,41,152,130,102,62,5,134,112,104,99,73,74,20,188,168,140,126,16,194,19,98,60,179,47,43,187,76,101,141,11,58,64,96,177,199,166,22,195,119,81,153,80,26,150,136,100,54,113,116,124,142,45,121];False
8169;6557;14726;[50,31,143,136,149,83,59,57,132,75,137,133,12,185,54,197,29,84,89,3,161,159,15,135,142,115,46,44,37,190,109,10,184,51,174,91,69,28,8,118,180,198,188,48,92,90,131,148,93,14,178,23,66,61,145,94,13,151,7,38,176,35,97,128,52,2,167,107,123,146,155,65,53,17,82,18,0,77,196,170,129,25,105,4,6,88,70,108,21,106,154,122,26,24,72,78,86,110,171,189,49,127,30,114,182,139,169,163,158,175,85,1,117,120,157,173,186,79,42,27,193,172,111,32,55,125,33,192,165,40,87,181,68,9,103,162,147,67,95,144,156,140,74,194,191,183,164,41,152,130,102,62,5,134,112,104,99,63,73,20,138,168,34,126,16,71,19,98,60,179,47,43,187,76,101,141,11,58,64,96,177,199,166,22,195,119,81,153,80,36,150,56,100,39,113,116,124,160,45,121];False
8089;6563;14652;[50,31,143,136,149,83,59,57,132,75,163,133,12,185,54,197,29,84,89,3,161,28,15,135,142,115,46,44,37,190,109,10,184,51,174,91,69,159,8,118,180,198,188,48,92,90,131,148,93,14,178,23,66,61,145,94,13,151,7,38,176,35,97,128,52,2,167,107,123,146,155,65,53,17,82,18,0,77,196,170,129,25,105,4,6,88,70,108,21,106,154,122,26,24,72,78,86,110,171,189,49,127,30,114,182,139,169,137,158,175,85,1,117,120,157,173,186,79,42,27,193,172,111,32,55,125,33,192,165,40,87,181,68,9,103,162,147,67,95,144,156,140,74,194,191,183,164,41,152,130,102,62,5,134,112,104,99,63,73,20,138,168,34,126,16,71,19,98,60,179,47,43,187,76,101,141,11,58,64,96,177,199,166,22,195,119,81,153,80,36,150,56,100,39,113,116,124,160,45,121];False
8009;6568;14577;[50,31,143,136,149,83,59,57,132,75,163,133,12,185,54,197,29,84,89,3,161,159,15,135,142,115,46,44,37,109,190,10,184,51,174,91,69,28,8,118,180,198,188,48,92,90,131,148,93,14,178,23,66,61,145,94,13,151,7,38,176,35,97,128,52,2,167,107,123,146,155,65,53,17,82,18,0,77,196,170,129,25,105,4,6,88,70,108,21,106,154,122,26,24,72,78,86,110,171,189,49,127,30,114,182,139,169,137,158,175,85,1,117,120,157,173,186,79,42,27,193,172,111,32,55,125,33,192,165,40,87,181,68,9,103,162,147,67,95,144,156,140,74,194,191,183,164,41,152,130,102,62,5,134,112,104,99,63,73,20,138,168,34,126,16,71,19,98,60,179,47,43,187,76,101,141,11,58,64,96,177,199,166,22,195,119,81,153,80,36,150,56,100,39,113,116,124,160,45,121];False
8120;6561;14681;[50,31,143,136,149,83,59,57,132,75,163,133,12,185,54,197,29,84,89,3,161,159,15,135,142,115,46,44,37,190,109,10,150,51,174,91,69,28,8,118,180,198,188,48,92,90,131,148,93,14,178,23,66,61,145,94,13,151,7,38,176,35,97,128,52,2,167,107,123,146,155,65,53,17,82,18,0,77,196,170,129,25,105,4,6,88,70,108,21,106,154,122,26,24,72,78,86,110,171,189,49,127,30,114,182,139,169,137,158,175,85,1,117,120,157,173,186,79,42,27,193,172,111,32,55,125,33,192,165,40,87,181,68,9,103,162,147,67,95,144,156,140,74,194,191,183,164,41,152,130,102,62,5,134,112,104,99,63,73,20,138,168,34,126,16,71,19,98,60,179,47,43,187,76,101,141,11,58,64,96,177,199,166,22,195,119,81,153,80,36,184,56,100,39,113,116,124,160,45,121];False
8647;6538;15185;[50,174,67,36,149,83,59,57,132,75,137,133,12,185,54,120,157,84,176,3,161,159,15,135,71,173,46,44,37,190,109,10,184,51,34,91,69,28,8,118,124,53,188,48,92,90,131,148,93,14,178,142,66,61,145,94,13,151,7,38,169,35,97,111,52,2,95,107,123,73,155,65,198,17,82,18,0,77,196,170,129,25,105,4,6,88,70,108,21,106,154,122,197,24,72,78,86,110,171,189,49,127,30,114,182,139,29,163,158,128,85,1,117,167,89,115,186,79,42,27,193,172,39,32,55,125,33,192,165,40,87,181,68,9,103,162,147,23,136,144,156,146,31,143,191,183,164,41,152,130,102,62,5,134,112,104,99,63,74,20,138,168,140,126,16,194,19,98,60,179,47,43,187,76,101,141,11,58,64,96,177,199,166,22,195,119,81,153,80,26,150,56,100,175,113,116,180,160,45,121];False
8184;6555;14739;[73,174,67,36,149,83,59,57,132,75,137,133,12,185,54,120,157,84,89,3,161,159,15,135,71,165,46,44,37,190,109,66,184,51,34,91,69,28,8,118,180,53,188,48,92,90,131,148,93,14,178,142,10,61,145,94,13,151,7,38,176,35,97,111,52,2,95,107,123,50,155,65,198,17,82,18,0,77,196,170,129,25,105,4,6,88,70,108,21,106,154,122,197,24,72,78,86,110,171,189,49,127,30,114,182,139,29,163,158,128,85,1,117,167,169,115,186,79,42,27,193,172,39,32,55,125,33,192,173,40,87,181,68,9,103,162,147,23,136,144,156,146,31,143,191,183,164,41,152,130,102,62,5,134,112,104,99,63,74,20,138,168,140,126,16,194,19,98,60,179,47,43,187,76,101,141,11,58,64,96,177,199,166,22,195,119,81,153,80,26,150,56,100,175,113,116,124,160,45,121];False
8165;6559;14724;[50,174,67,36,149,83,59,57,132,75,163,133,12,185,54,120,157,84,89,3,161,159,15,135,71,165,46,44,37,190,109,66,184,51,34,91,69,28,8,118,180,53,188,48,92,90,131,148,93,14,178,142,10,61,145,94,13,151,7,38,176,35,97,111,52,2,95,107,123,73,155,65,198,17,82,18,0,77,196,170,129,25,105,4,6,88,70,108,21,106,154,122,197,24,72,78,86,110,171,189,49,127,30,114,182,139,29,137,158,128,85,1,117,167,169,115,186,79,42,27,193,172,39,32,55,125,33,192,173,40,87,181,68,9,103,162,147,23,136,144,156,146,31,143,191,183,164,41,152,130,102,62,5,134,112,104,99,63,74,20,138,168,140,126,16,194,19,98,60,179,47,43,187,76,101,141,11,58,64,96,177,199,166,22,195,119,81,153,80,26,150,56,100,175,113,116,124,160,45,121];False
8289;6551;14840;[50,174,67,36,149,83,59,57,132,75,137,133,12,185,54,120,157,84,169,3,161,159,15,135,71,165,46,44,37,190,109,66,184,51,34,91,69,28,8,118,180,53,188,48,92,90,131,148,93,14,178,142,10,61,145,94,13,151,7,38,176,35,97,111,52,2,95,107,123,73,155,65,198,17,82,18,0,77,196,170,129,25,105,4,6,88,70,108,21,106,154,122,197,24,72,78,86,110,171,189,49,127,30,114,182,139,29,163,158,128,85,1,117,167,89,115,186,79,42,27,193,172,39,32,55,125,33,192,173,40,87,181,68,9,103,162,147,23,136,144,156,146,31,143,191,183,164,41,152,130,102,62,5,134,112,104,99,63,74,20,138,168,140,126,16,194,19,98,60,179,47,43,187,76,101,141,11,58,64,96,177,199,166,22,195,119,81,153,80,26,150,56,100,175,113,116,124,160,45,121];False
8128;6560;14688;[50,174,67,36,149,83,59,57,132,75,137,133,12,185,54,120,157,84,89,3,161,159,15,135,71,165,46,44,29,190,109,66,184,51,34,91,69,28,8,118,180,53,188,48,92,90,131,148,93,14,178,142,10,61,145,94,13,151,7,38,176,35,97,111,52,2,95,107,123,73,155,65,198,17,82,18,0,77,196,170,129,25,105,4,6,88,70,108,21,106,154,122,197,24,72,78,86,110,171,189,49,127,30,114,182,139,37,163,158,128,85,1,117,167,169,115,186,79,42,27,193,172,39,32,55,125,33,192,173,40,87,181,68,9,103,162,147,23,136,144,156,146,31,143,191,183,164,41,152,130,102,62,5,134,112,104,99,63,74,20,138,168,140,126,16,194,19,98,60,179,47,43,187,76,101,141,11,58,64,96,177,199,166,22,195,119,81,153,80,26,150,56,100,175,113,116,124,160,45,121];False
8054;6566;14620;[50,174,67,36,149,83,59,57,132,75,137,133,12,185,54,120,157,84,89,3,161,159,15,135,71,165,46,44,140,190,109,66,184,51,34,91,69,28,8,118,180,53,188,48,92,90,131,148,93,14,178,142,10,61,145,94,13,151,7,38,176,35,97,111,52,2,95,107,123,73,155,65,198,17,82,18,0,77,196,170,129,25,105,4,6,88,70,108,21,106,154,122,197,24,72,78,86,110,171,189,49,127,30,114,182,139,29,163,158,128,85,1,117,167,169,115,186,79,42,27,193,172,39,32,55,125,33,192,173,40,87,181,68,9,103,162,147,23,136,144,156,146,31,143,191,183,164,41,152,130,102,62,5,134,112,104,99,63,74,20,138,168,37,126,16,194,19,98,60,179,47,43,187,76,101,141,11,58,64,96,177,199,166,22,195,119,81,153,80,26,150,56,100,175,113,116,124,160,45,121];False
8162;6559;14721;[50,174,67,36,149,83,59,57,132,75,137,133,12,185,54,120,157,84,89,3,161,159,15,135,71,165,46,44,37,190,109,66,184,156,34,91,69,28,8,118,180,53,188,48,92,90,131,148,93,14,178,142,10,61,145,94,13,151,7,38,176,35,97,111,52,2,95,107,123,73,155,65,198,17,82,18,0,77,196,170,129,25,105,4,6,88,70,108,21,106,154,122,197,24,72,78,86,110,171,189,49,127,30,114,182,139,29,163,158,128,85,1,117,167,169,115,186,79,42,27,193,172,39,32,55,125,33,192,173,40,87,181,68,9,103,162,147,23,136,144,51,146,31,143,191,183,164,41,152,130,102,62,5,134,112,104,99,63,74,20,138,168,140,126,16,194,19,98,60,179,47,43,187,76,101,141,11,58,64,96,177,199,166,22,195,119,81,153,80,26,150,56,100,175,113,116,124,160,45,121];False
8178;6555;14733;[50,174,67,36,149,83,59,57,132,75,137,133,12,185,54,120,157,84,89,3,161,159,15,135,71,165,46,44,37,190,109,66,184,51,34,91,69,28,8,118,29,53,188,48,92,90,131,148,93,14,178,142,10,61,145,94,13,151,7,38,176,35,97,111,52,2,95,107,123,73,155,65,198,17,82,18,0,77,196,170,129,25,105,4,6,88,70,108,21,106,154,122,197,24,72,78,86,110,171,189,49,127,30,114,182,139,180,163,158,128,85,1,117,167,169,115,186,79,42,27,193,172,39,32,55,125,33,192,173,40,87,181,68,9,103,162,147,23,136,144,156,146,31,143,191,183,164,41,152,130,102,62,5,134,112,104,99,63,74,20,138,168,140,126,16,194,19,98,60,179,47,43,187,76,101,141,11,58,64,96,177,199,166,22,195,119,81,153,80,26,150,56,100,175,113,116,124,160,45,121];False
8190;6554;14744;[50,174,67,36,149,83,59,57,132,75,137,133,12,185,54,120,157,84,89,3,161,159,15,135,71,165,46,44,37,190,109,66,184,51,34,91,69,28,8,118,124,53,188,48,92,90,131,148,93,14,178,142,10,61,145,94,13,151,7,38,176,35,97,111,52,2,95,107,123,73,155,65,198,17,82,18,0,77,196,170,129,25,105,4,6,88,70,108,21,106,154,122,197,24,72,78,86,110,171,189,49,127,30,114,182,139,29,163,158,128,85,1,117,167,169,115,186,79,42,27,193,172,39,32,55,125,33,192,173,40,87,181,68,9,103,162,147,23,136,144,156,146,31,143,191,183,164,41,152,130,102,62,5,134,112,104,99,63,74,20,138,168,140,126,16,194,19,98,60,179,47,43,187,76,101,141,11,58,64,96,177,199,166,22,195,119,81,153,80,26,150,56,100,175,113,116,180,160,45,121];False
8287;6551;14838;[73,174,67,36,149,83,59,57,132,75,137,133,12,185,54,120,157,84,89,3,161,159,15,135,71,165,46,44,37,190,109,10,184,51,34,91,69,28,8,118,29,53,188,48,92,90,131,148,93,14,178,142,66,61,145,94,13,151,7,38,176,35,97,111,52,2,95,107,123,50,155,65,198,17,82,18,0,77,196,170,129,25,105,4,6,88,70,108,21,106,154,122,197,24,72,78,86,110,171,189,49,127,30,114,182,139,180,163,158,128,85,1,117,167,169,115,186,79,42,27,193,172,39,32,55,125,33,192,173,40,87,181,68,9,103,162,147,23,136,144,156,146,31,143,191,183,164,41,152,130,102,62,5,134,112,104,99,63,74,20,138,168,140,126,16,194,19,98,60,179,47,43,187,76,101,141,11,58,64,96,177,199,166,22,195,119,81,153,80,26,150,56,100,175,113,116,124,160,45,121];False
8180;6545;14725;[50,174,67,36,149,83,59,57,132,75,137,133,12,185,54,120,157,84,89,3,161,159,15,135,71,165,46,44,37,190,109,10,184,51,34,91,69,28,8,118,65,53,188,48,92,90,131,148,93,14,178,142,66,61,145,94,13,151,7,38,176,35,97,111,52,2,95,107,123,73,155,29,198,17,82,18,0,77,196,170,129,25,105,4,6,88,70,108,21,106,154,122,197,24,72,78,86,110,171,189,49,127,30,114,182,139,180,163,158,128,85,1,117,167,169,115,186,79,42,27,193,172,39,32,55,125,33,192,173,40,87,181,68,9,103,162,147,23,136,144,156,146,31,143,191,183,164,41,152,130,102,62,5,134,112,104,99,63,74,20,138,168,140,126,16,194,19,98,60,179,47,43,187,76,101,141,11,58,64,96,177,199,166,22,195,119,81,153,80,26,150,56,100,175,113,116,124,160,45,121];False
8324;6540;14864;[73,174,67,36,149,83,59,57,132,75,137,133,12,185,54,120,157,84,89,3,161,159,15,135,71,173,46,44,37,190,109,10,184,51,34,91,69,28,8,118,65,53,188,48,92,90,131,148,93,14,178,142,66,61,145,94,13,151,7,38,176,35,97,111,52,2,95,107,123,50,155,29,198,17,82,18,0,77,196,170,129,25,105,4,6,88,70,108,21,106,154,122,197,24,72,78,86,110,171,189,49,127,30,114,182,139,180,163,158,128,85,1,117,167,169,115,186,79,42,27,193,172,39,32,55,125,33,192,165,40,87,181,68,9,103,162,147,23,136,144,156,146,31,143,191,183,164,41,152,130,102,62,5,134,112,104,99,63,74,20,138,168,140,126,16,194,19,98,60,179,47,43,187,76,101,141,11,58,64,96,177,199,166,22,195,119,81,153,80,26,150,56,100,175,113,116,124,160,45,121];False
8429;6536;14965;[50,174,67,36,149,83,59,57,132,75,137,133,12,185,54,120,157,84,169,3,161,159,15,135,71,173,46,44,37,190,109,10,184,51,34,91,69,28,8,118,65,53,188,48,92,90,131,148,93,14,178,142,66,61,145,94,13,151,7,38,176,35,97,111,52,2,95,107,123,73,155,29,198,17,82,18,0,77,196,170,129,25,105,4,6,88,70,108,21,106,154,122,197,24,72,78,86,110,171,189,49,127,30,114,182,139,180,163,158,128,85,1,117,167,89,115,186,79,42,27,193,172,39,32,55,125,33,192,165,40,87,181,68,9,103,162,147,23,136,144,156,146,31,143,191,183,164,41,152,130,102,62,5,134,112,104,99,63,74,20,138,168,140,126,16,194,19,98,60,179,47,43,187,76,101,141,11,58,64,96,177,199,166,22,195,119,81,153,80,26,150,56,100,175,113,116,124,160,45,121];False
8166;6556;14722;[50,174,67,36,149,83,59,57,132,75,137,133,12,185,54,120,157,84,89,3,161,159,15,135,142,173,46,44,37,190,109,10,184,51,34,91,69,28,8,118,65,53,188,48,92,90,131,148,93,14,178,71,66,61,145,94,13,151,7,38,176,35,97,111,52,2,95,107,123,73,155,29,198,17,82,18,0,77,196,170,129,25,105,4,6,88,70,108,21,106,154,122,197,24,72,78,86,110,171,189,49,127,30,114,182,139,180,163,158,128,85,1,117,167,169,115,186,79,42,27,193,172,39,32,55,125,33,192,165,40,87,181,68,9,103,162,147,23,136,144,156,146,31,143,191,183,164,41,152,130,102,62,5,134,112,104,99,63,74,20,138,168,140,126,16,194,19,98,60,179,47,43,187,76,101,141,11,58,64,96,177,199,166,22,195,119,81,153,80,26,150,56,100,175,113,116,124,160,45,121];False
8215;6544;14759;[50,174,67,36,149,83,59,57,132,75,137,133,12,185,54,120,157,84,89,3,161,159,15,135,71,173,46,44,37,190,109,66,184,51,34,91,69,28,8,118,65,53,188,48,92,90,131,148,93,14,178,142,10,61,145,94,13,151,7,38,176,35,97,111,52,2,95,107,123,73,155,29,198,17,82,18,0,77,196,170,129,25,105,4,6,88,70,108,21,106,154,122,197,24,72,78,86,110,171,189,49,127,30,114,182,139,180,163,158,128,85,1,117,167,169,115,186,79,42,27,193,172,39,32,55,125,33,192,165,40,87,181,68,9,103,162,147,23,136,144,156,146,31,143,191,183,164,41,152,130,102,62,5,134,112,104,99,63,74,20,138,168,140,126,16,194,19,98,60,179,47,43,187,76,101,141,11,58,64,96,177,199,166,22,195,119,81,153,80,26,150,56,100,175,113,116,124,160,45,121];False
8177;6555;14732;[50,174,67,36,149,83,59,57,132,75,137,133,12,185,54,120,157,84,89,3,161,159,15,135,71,173,46,44,37,190,109,10,184,140,34,91,69,28,8,118,65,53,188,48,92,90,131,148,93,14,178,142,66,61,145,94,13,151,7,38,176,35,97,111,52,2,95,107,123,73,155,29,198,17,82,18,0,77,196,170,129,25,105,4,6,88,70,108,21,106,154,122,197,24,72,78,86,110,171,189,49,127,30,114,182,139,180,163,158,128,85,1,117,167,169,115,186,79,42,27,193,172,39,32,55,125,33,192,165,40,87,181,68,9,103,162,147,23,136,144,156,146,31,143,191,183,164,41,152,130,102,62,5,134,112,104,99,63,74,20,138,168,51,126,16,194,19,98,60,179,47,43,187,76,101,141,11,58,64,96,177,199,166,22,195,119,81,153,80,26,150,56,100,175,113,116,124,160,45,121];False
8322;6543;14865;[50,174,67,36,149,83,59,57,132,75,137,133,12,185,54,120,157,84,89,3,161,159,15,135,71,173,46,44,37,190,109,10,184,126,34,91,69,28,8,118,65,53,188,48,92,90,131,148,93,14,178,142,66,61,145,94,13,151,7,38,176,35,97,111,52,2,95,107,123,73,155,29,198,17,82,18,0,77,196,170,129,25,105,4,6,88,70,108,21,106,154,122,197,24,72,78,86,110,171,189,49,127,30,114,182,139,180,163,158,128,85,1,117,167,169,115,186,79,42,27,193,172,39,32,55,125,33,192,165,40,87,181,68,9,103,162,147,23,136,144,156,146,31,143,191,183,164,41,152,130,102,62,5,134,112,104,99,63,74,20,138,168,140,51,16,194,19,98,60,179,47,43,187,76,101,141,11,58,64,96,177,199,166,22,195,119,81,153,80,26,150,56,100,175,113,116,124,160,45,121];False
8411;6536;14947;[50,174,67,36,149,83,59,57,132,75,137,133,12,185,54,120,157,84,89,3,161,159,15,135,71,173,46,44,37,190,109,10,184,51,34,91,69,28,8,139,65,53,188,48,92,90,131,148,93,14,178,142,66,61,145,94,13,151,7,38,176,35,97,111,52,2,95,107,123,73,155,29,198,17,82,18,0,77,196,170,129,25,105,4,6,88,70,108,21,106,154,122,197,24,72,78,86,110,171,189,49,127,30,114,182,118,180,163,158,128,85,1,117,167,169,115,186,79,42,27,193,172,39,32,55,125,33,192,165,40,87,181,68,9,103,162,147,23,136,144,156,146,31,143,191,183,164,41,152,130,102,62,5,134,112,104,99,63,74,20,138,168,140,126,16,194,19,98,60,179,47,43,187,76,101,141,11,58,64,96,177,199,166,22,195,119,81,153,80,26,150,56,100,175,113,116,124,160,45,121];False
8198;6544;14742;[50,174,67,36,149,83,59,57,132,75,137,133,12,185,54,120,157,84,89,3,161,159,15,135,71,173,46,44,37,190,109,10,184,51,34,91,69,28,8,116,65,53,188,48,92,90,131,148,93,14,178,142,66,61,145,94,13,151,7,38,176,35,97,111,52,2,95,107,123,73,155,29,198,17,82,18,0,77,196,170,129,25,105,4,6,88,70,108,21,106,154,122,197,24,72,78,86,110,171,189,49,127,30,114,182,139,180,163,158,128,85,1,117,167,169,115,186,79,42,27,193,172,39,32,55,125,33,192,165,40,87,181,68,9,103,162,147,23,136,144,156,146,31,143,191,183,164,41,152,130,102,62,5,134,112,104,99,63,74,20,138,168,140,126,16,194,19,98,60,179,47,43,187,76,101,141,11,58,64,96,177,199,166,22,195,119,81,153,80,26,150,56,100,175,113,118,124,160,45,121];False
8176;6549;14725;[50,174,67,36,149,83,59,57,132,75,137,133,12,185,54,120,157,84,89,3,161,159,15,135,71,173,46,44,37,190,109,10,184,51,34,91,69,28,8,118,124,53,188,48,92,90,131,148,93,14,178,142,66,61,145,94,13,151,7,38,176,35,97,111,52,2,95,107,123,73,155,29,198,17,82,18,0,77,196,170,129,25,105,4,6,88,70,108,21,106,154,122,197,24,72,78,86,110,171,189,49,127,30,114,182,139,180,163,158,128,85,1,117,167,169,115,186,79,42,27,193,172,39,32,55,125,33,192,165,40,87,181,68,9,103,162,147,23,136,144,156,146,31,143,191,183,164,41,152,130,102,62,5,134,112,104,99,63,74,20,138,168,140,126,16,194,19,98,60,179,47,43,187,76,101,141,11,58,64,96,177,199,166,22,195,119,81,153,80,26,150,56,100,175,113,116,65,160,45,121];False
8285;6543;14828;[50,174,67,36,149,83,59,57,132,75,137,133,12,185,54,120,157,84,89,3,161,159,15,135,71,173,46,44,37,190,109,10,184,51,34,91,69,28,8,118,65,53,188,48,92,90,86,148,93,14,178,142,66,61,145,94,13,151,7,38,176,35,97,111,52,2,95,107,123,73,155,29,198,17,82,18,0,77,196,170,129,25,105,4,6,88,70,108,21,106,154,122,197,24,72,78,131,110,171,189,49,127,30,114,182,139,180,163,158,128,85,1,117,167,169,115,186,79,42,27,193,172,39,32,55,125,33,192,165,40,87,181,68,9,103,162,147,23,136,144,156,146,31,143,191,183,164,41,152,130,102,62,5,134,112,104,99,63,74,20,138,168,140,126,16,194,19,98,60,179,47,43,187,76,101,141,11,58,64,96,177,199,166,22,195,119,81,153,80,26,150,56,100,175,113,116,124,160,45,121];False
8294;6539;14833;[50,174,67,36,149,83,59,57,132,75,137,133,12,185,54,120,157,84,89,3,161,159,15,135,71,173,46,44,37,190,109,10,184,51,34,91,69,28,8,118,65,53,188,48,92,90,131,148,93,124,178,142,66,61,145,94,13,151,7,38,176,35,97,111,52,2,95,107,123,73,155,29,198,17,82,18,0,77,196,170,129,25,105,4,6,88,70,108,21,106,154,122,197,24,72,78,86,110,171,189,49,127,30,114,182,139,180,163,158,128,85,1,117,167,169,115,186,79,42,27,193,172,39,32,55,125,33,192,165,40,87,181,68,9,103,162,147,23,136,144,156,146,31,143,191,183,164,41,152,130,102,62,5,134,112,104,99,63,74,20,138,168,140,126,16,194,19,98,60,179,47,43,187,76,101,141,11,58,64,96,177,199,166,22,195,119,81,153,80,26,150,56,100,175,113,116,14,160,45,121];False
9058;6527;15585;[73,174,23,136,149,11,59,57,132,75,137,133,12,185,76,98,193,173,89,3,161,28,15,135,194,115,46,44,37,190,109,10,184,51,34,91,69,159,8,118,180,53,188,48,92,90,131,148,93,14,178,142,66,61,145,94,13,151,7,38,176,35,97,128,52,2,167,107,123,50,155,65,198,17,82,18,0,77,196,170,129,25,105,4,6,88,70,108,21,106,154,122,197,24,72,78,86,110,171,189,49,127,30,114,182,139,29,163,158,175,85,1,117,120,157,84,186,79,42,27,169,172,39,32,55,125,33,192,165,40,87,181,68,9,103,162,147,67,95,144,156,146,31,143,191,183,164,41,152,130,102,62,5,134,112,104,99,63,74,20,138,168,140,126,16,71,19,83,60,179,47,43,187,111,101,141,80,58,64,96,177,199,166,22,195,119,81,153,26,36,150,56,100,54,113,116,124,160,45,121];False
9025;6530;15555;[73,174,23,136,149,80,59,57,132,75,186,133,12,185,76,98,193,173,89,3,161,28,15,135,194,115,46,44,37,190,109,10,184,51,34,91,69,159,8,118,180,53,188,48,92,90,131,148,93,14,178,142,66,61,145,94,13,151,7,38,176,35,97,128,52,2,167,107,123,50,155,65,198,17,82,18,0,77,196,170,129,25,105,4,6,88,70,108,21,106,154,122,197,24,72,78,86,110,171,189,49,127,30,114,182,139,29,163,158,175,85,1,117,120,157,84,137,79,42,27,169,172,39,32,55,125,33,192,165,40,87,181,68,9,103,162,147,67,95,144,156,146,31,143,191,183,164,41,152,130,102,62,5,134,112,104,99,63,74,20,138,168,140,126,16,71,19,83,60,179,47,43,187,111,101,141,11,58,64,96,177,199,166,22,195,119,81,153,26,36,150,56,100,54,113,116,124,160,45,121];False
8933;6529;15462;[73,174,23,136,149,80,59,57,132,75,137,133,12,185,76,98,193,173,89,3,161,66,15,135,194,115,46,44,37,190,109,10,184,51,34,91,69,159,8,118,180,53,188,48,92,90,131,148,93,14,178,142,28,61,145,94,13,151,7,38,176,35,97,128,52,2,167,107,123,50,155,65,198,17,82,18,0,77,196,170,129,25,105,4,6,88,70,108,21,106,154,122,197,24,72,78,86,110,171,189,49,127,30,114,182,139,29,163,158,175,85,1,117,120,157,84,186,79,42,27,169,172,39,32,55,125,33,192,165,40,87,181,68,9,103,162,147,67,95,144,156,146,31,143,191,183,164,41,152,130,102,62,5,134,112,104,99,63,74,20,138,168,140,126,16,71,19,83,60,179,47,43,187,111,101,141,11,58,64,96,177,199,166,22,195,119,81,153,26,36,150,56,100,54,113,116,124,160,45,121];False
9012;6526;15538;[73,174,23,136,149,80,59,57,132,75,137,133,12,185,76,98,193,173,89,3,161,103,15,135,194,115,46,44,37,190,109,10,184,51,34,91,69,159,8,118,180,53,188,48,92,90,131,148,93,14,178,142,66,61,145,94,13,151,7,38,176,35,97,128,52,2,167,107,123,50,155,65,198,17,82,18,0,77,196,170,129,25,105,4,6,88,70,108,21,106,154,122,197,24,72,78,86,110,171,189,49,127,30,114,182,139,29,163,158,175,85,1,117,120,157,84,186,79,42,27,169,172,39,32,55,125,33,192,165,40,87,181,68,9,28,162,147,67,95,144,156,146,31,143,191,183,164,41,152,130,102,62,5,134,112,104,99,63,74,20,138,168,140,126,16,71,19,83,60,179,47,43,187,111,101,141,11,58,64,96,177,199,166,22,195,119,81,153,26,36,150,56,100,54,113,116,124,160,45,121];False
8801;6530;15331;[50,174,23,136,149,83,59,57,132,75,137,133,12,185,76,80,193,173,89,3,161,159,15,135,194,115,46,44,37,190,109,10,150,51,34,91,69,28,8,118,65,53,188,48,92,90,131,148,93,14,178,142,66,61,145,94,13,151,7,38,176,35,97,128,52,2,167,107,123,73,155,29,198,17,82,18,0,77,196,170,129,25,105,4,6,88,70,108,21,106,154,122,197,24,72,78,86,110,171,189,49,127,30,114,182,139,180,163,158,175,85,1,117,120,157,84,186,79,42,27,169,172,39,32,55,125,33,192,165,40,87,181,68,9,103,162,147,67,95,144,156,146,31,143,191,183,164,41,152,130,102,62,5,134,112,104,99,63,74,20,138,168,140,126,16,71,19,98,60,179,47,43,187,111,101,141,11,58,64,96,177,199,166,22,195,119,81,153,26,36,184,56,100,54,113,116,124,160,45,121];False
8719;6533;15252;[73,174,23,136,149,83,59,57,132,75,186,133,12,185,76,80,193,173,89,3,161,159,15,135,194,115,46,44,37,190,109,10,150,51,34,91,69,28,8,118,65,53,188,48,92,90,131,148,93,14,178,142,66,61,145,94,13,151,7,38,176,35,97,128,52,2,167,107,123,50,155,29,198,17,82,18,0,77,196,170,129,25,105,4,6,88,70,108,21,106,154,122,197,24,72,78,86,110,171,189,49,127,30,114,182,139,180,163,158,175,85,1,117,120,157,84,137,79,42,27,169,172,39,32,55,125,33,192,165,40,87,181,68,9,103,162,147,67,95,144,156,146,31,143,191,183,164,41,152,130,102,62,5,134,112,104,99,63,74,20,138,168,140,126,16,71,19,98,60,179,47,43,187,111,101,141,11,58,64,96,177,199,166,22,195,119,81,153,26,36,184,56,100,54,113,116,124,160,45,121];False
8805;6528;15333;[73,174,23,136,149,83,59,57,132,75,137,133,12,185,76,98,193,173,89,3,161,159,15,135,194,115,46,44,37,190,109,10,150,51,34,91,69,28,8,118,65,53,188,48,92,90,131,148,93,14,178,142,66,61,145,94,13,151,7,38,176,35,97,128,52,2,167,107,123,50,155,29,198,17,82,18,0,77,196,170,129,25,105,4,6,88,70,108,21,106,154,122,197,24,72,78,86,110,171,189,49,127,30,114,182,139,180,163,158,175,85,1,117,120,157,84,186,79,42,27,169,172,39,32,55,125,33,192,165,40,87,181,68,9,103,162,147,67,95,144,156,146,31,143,191,183,164,41,152,130,102,62,5,134,112,104,99,63,74,20,138,168,140,126,16,71,19,80,60,179,47,43,187,111,101,141,11,58,64,96,177,199,166,22,195,119,81,153,26,36,184,56,100,54,113,116,124,160,45,121];False
8938;6525;15463;[73,174,23,136,149,83,59,57,132,75,137,133,12,185,76,11,193,173,89,3,161,159,15,135,194,115,46,44,37,190,109,10,150,51,34,91,69,28,8,118,65,53,188,48,92,90,131,148,93,14,178,142,66,61,145,94,13,151,7,38,176,35,97,128,52,2,167,107,123,50,155,29,198,17,82,18,0,77,196,170,129,25,105,4,6,88,70,108,21,106,154,122,197,24,72,78,86,110,171,189,49,127,30,114,182,139,180,163,158,175,85,1,117,120,157,84,186,79,42,27,169,172,39,32,55,125,33,192,165,40,87,181,68,9,103,162,147,67,95,144,156,146,31,143,191,183,164,41,152,130,102,62,5,134,112,104,99,63,74,20,138,168,140,126,16,71,19,98,60,179,47,43,187,111,101,141,80,58,64,96,177,199,166,22,195,119,81,153,26,36,184,56,100,54,113,116,124,160,45,121];False
8715;6532;15247;[73,174,23,136,149,83,59,57,132,75,137,133,12,185,76,80,193,173,89,3,161,28,15,135,194,115,46,44,37,190,109,10,150,51,34,91,69,159,8,118,65,53,188,48,92,90,131,148,93,14,178,142,66,61,145,94,13,151,7,38,176,35,97,128,52,2,167,107,123,50,155,29,198,17,82,18,0,77,196,170,129,25,105,4,6,88,70,108,21,106,154,122,197,24,72,78,86,110,171,189,49,127,30,114,182,139,180,163,158,175,85,1,117,120,157,84,186,79,42,27,169,172,39,32,55,125,33,192,165,40,87,181,68,9,103,162,147,67,95,144,156,146,31,143,191,183,164,41,152,130,102,62,5,134,112,104,99,63,74,20,138,168,140,126,16,71,19,98,60,179,47,43,187,111,101,141,11,58,64,96,177,199,166,22,195,119,81,153,26,36,184,56,100,54,113,116,124,160,45,121];False
8713;6535;15248;[73,174,23,136,149,83,59,57,132,75,137,133,12,185,76,80,193,173,89,3,161,159,15,135,194,19,46,44,37,190,109,10,150,51,34,91,69,28,8,118,65,53,188,48,92,90,131,148,93,14,178,142,66,61,145,94,13,151,7,38,176,35,97,128,52,2,167,107,123,50,155,29,198,17,82,18,0,77,196,170,129,25,105,4,6,88,70,108,21,106,154,122,197,24,72,78,86,110,171,189,49,127,30,114,182,139,180,163,158,175,85,1,117,120,157,84,186,79,42,27,169,172,39,32,55,125,33,192,165,40,87,181,68,9,103,162,147,67,95,144,156,146,31,143,191,183,164,41,152,130,102,62,5,134,112,104,99,63,74,20,138,168,140,126,16,71,115,98,60,179,47,43,187,111,101,141,11,58,64,96,177,199,166,22,195,119,81,153,26,36,184,56,100,54,113,116,124,160,45,121];False
8786;6528;15314;[73,174,23,136,149,83,59,57,132,75,137,133,12,185,76,80,193,173,89,3,161,159,15,135,194,115,46,44,37,190,109,10,150,51,34,91,69,28,8,139,65,53,188,48,92,90,131,148,93,14,178,142,66,61,145,94,13,151,7,38,176,35,97,128,52,2,167,107,123,50,155,29,198,17,82,18,0,77,196,170,129,25,105,4,6,88,70,108,21,106,154,122,197,24,72,78,86,110,171,189,49,127,30,114,182,118,180,163,158,175,85,1,117,120,157,84,186,79,42,27,169,172,39,32,55,125,33,192,165,40,87,181,68,9,103,162,147,67,95,144,156,146,31,143,191,183,164,41,152,130,102,62,5,134,112,104,99,63,74,20,138,168,140,126,16,71,19,98,60,179,47,43,187,111,101,141,11,58,64,96,177,199,166,22,195,119,81,153,26,36,184,56,100,54,113,116,124,160,45,121];False
8660;6535;15195;[73,174,23,136,149,83,59,57,132,75,137,133,12,185,76,80,193,173,89,3,161,159,15,135,194,115,46,44,37,190,109,10,150,51,34,91,69,28,8,118,65,53,188,48,92,90,86,148,93,14,178,142,66,61,145,94,13,151,7,38,176,35,97,128,52,2,167,107,123,50,155,29,198,17,82,18,0,77,196,170,129,25,105,4,6,88,70,108,21,106,154,122,197,24,72,78,131,110,171,189,49,127,30,114,182,139,180,163,158,175,85,1,117,120,157,84,186,79,42,27,169,172,39,32,55,125,33,192,165,40,87,181,68,9,103,162,147,67,95,144,156,146,31,143,191,183,164,41,152,130,102,62,5,134,112,104,99,63,74,20,138,168,140,126,16,71,19,98,60,179,47,43,187,111,101,141,11,58,64,96,177,199,166,22,195,119,81,153,26,36,184,56,100,54,113,116,124,160,45,121];False
8635;6530;15165;[73,174,23,136,149,83,59,57,132,75,137,133,12,185,76,80,193,173,89,3,161,159,15,135,194,115,46,44,37,190,109,10,150,51,34,91,69,28,8,118,65,53,188,48,92,90,186,148,93,14,178,142,66,61,145,94,13,151,7,38,176,35,97,128,52,2,167,107,123,50,155,29,198,17,82,18,0,77,196,170,129,25,105,4,6,88,70,108,21,106,154,122,197,24,72,78,86,110,171,189,49,127,30,114,182,139,180,163,158,175,85,1,117,120,157,84,131,79,42,27,169,172,39,32,55,125,33,192,165,40,87,181,68,9,103,162,147,67,95,144,156,146,31,143,191,183,164,41,152,130,102,62,5,134,112,104,99,63,74,20,138,168,140,126,16,71,19,98,60,179,47,43,187,111,101,141,11,58,64,96,177,199,166,22,195,119,81,153,26,36,184,56,100,54,113,116,124,160,45,121];False
9396;6513;15909;[50,174,23,136,149,11,59,57,132,75,137,86,151,185,133,98,193,173,89,3,161,159,15,135,194,115,46,44,37,190,109,10,184,51,34,91,69,28,8,118,29,198,188,48,92,90,131,148,93,14,178,142,66,61,145,94,13,12,7,38,176,35,97,128,52,2,167,107,123,73,155,65,53,17,82,18,0,36,196,170,77,25,105,4,6,88,70,108,21,106,154,122,197,24,72,78,111,110,171,189,49,127,30,114,182,139,124,163,158,175,85,1,117,120,157,84,186,79,42,27,169,172,39,32,55,125,33,192,165,40,87,181,68,9,103,162,147,67,95,144,156,146,31,143,191,183,164,41,152,130,102,62,5,134,112,104,99,63,74,20,138,168,140,126,16,71,19,83,60,179,47,43,187,76,101,141,80,58,64,96,177,199,166,22,195,119,81,153,129,26,150,56,100,54,113,116,180,160,45,121];False
9343;6515;15858;[73,174,23,136,149,80,59,57,132,75,137,86,151,185,133,98,193,173,89,3,161,159,15,135,194,115,46,44,37,190,109,10,184,51,34,91,69,28,8,118,29,198,188,48,92,90,131,148,93,14,178,142,66,61,145,94,13,12,7,38,176,35,97,128,52,2,167,107,123,50,155,65,53,17,82,18,0,36,196,170,77,25,105,4,6,88,70,108,21,106,154,122,197,24,72,78,111,110,171,189,49,127,30,114,182,139,124,163,158,175,85,1,117,120,157,84,186,79,42,27,169,172,39,32,55,125,33,192,165,40,87,181,68,9,103,162,147,67,95,144,156,146,31,143,191,183,164,41,152,130,102,62,5,134,112,104,99,63,74,20,138,168,140,126,16,71,19,83,60,179,47,43,187,76,101,141,11,58,64,96,177,199,166,22,195,119,81,153,129,26,150,56,100,54,113,116,180,160,45,121];False
9318;6516;15834;[73,174,23,136,149,11,59,57,132,75,163,86,151,185,133,98,193,173,89,3,161,159,15,135,194,115,46,44,37,190,109,10,184,51,34,91,69,28,8,118,29,198,188,48,92,90,131,148,93,14,178,142,66,61,145,94,13,12,7,38,176,35,97,128,52,2,167,107,123,50,155,65,53,17,82,18,0,36,196,170,77,25,105,4,6,88,70,108,21,106,154,122,197,24,72,78,111,110,171,189,49,127,30,114,182,139,124,137,158,175,85,1,117,120,157,84,186,79,42,27,169,172,39,32,55,125,33,192,165,40,87,181,68,9,103,162,147,67,95,144,156,146,31,143,191,183,164,41,152,130,102,62,5,134,112,104,99,63,74,20,138,168,140,126,16,71,19,83,60,179,47,43,187,76,101,141,80,58,64,96,177,199,166,22,195,119,81,153,129,26,150,56,100,54,113,116,180,160,45,121];False
9329;6515;15844;[73,174,23,136,149,11,59,57,132,75,186,86,151,185,133,98,193,173,89,3,161,159,15,135,194,115,46,44,37,190,109,10,184,51,34,91,69,28,8,118,29,198,188,48,92,90,131,148,93,14,178,142,66,61,145,94,13,12,7,38,176,35,97,128,52,2,167,107,123,50,155,65,53,17,82,18,0,36,196,170,77,25,105,4,6,88,70,108,21,106,154,122,197,24,72,78,111,110,171,189,49,127,30,114,182,139,124,163,158,175,85,1,117,120,157,84,137,79,42,27,169,172,39,32,55,125,33,192,165,40,87,181,68,9,103,162,147,67,95,144,156,146,31,143,191,183,164,41,152,130,102,62,5,134,112,104,99,63,74,20,138,168,140,126,16,71,19,83,60,179,47,43,187,76,101,141,80,58,64,96,177,199,166,22,195,119,81,153,129,26,150,56,100,54,113,116,180,160,45,121];False
9319;6515;15834;[73,174,23,136,149,11,59,57,132,75,137,86,12,185,133,98,193,173,89,3,161,159,15,135,194,115,46,44,37,190,109,10,184,51,34,91,69,28,8,118,29,198,188,48,92,90,131,148,93,14,178,142,66,61,145,94,13,151,7,38,176,35,97,128,52,2,167,107,123,50,155,65,53,17,82,18,0,36,196,170,77,25,105,4,6,88,70,108,21,106,154,122,197,24,72,78,111,110,171,189,49,127,30,114,182,139,124,163,158,175,85,1,117,120,157,84,186,79,42,27,169,172,39,32,55,125,33,192,165,40,87,181,68,9,103,162,147,67,95,144,156,146,31,143,191,183,164,41,152,130,102,62,5,134,112,104,99,63,74,20,138,168,140,126,16,71,19,83,60,179,47,43,187,76,101,141,80,58,64,96,177,199,166,22,195,119,81,153,129,26,150,56,100,54,113,116,180,160,45,121];False
9310;6515;15825;[73,174,23,136,149,11,59,57,132,75,137,86,151,185,133,98,193,173,89,3,161,28,15,135,194,115,46,44,37,190,109,10,184,51,34,91,69,159,8,118,29,198,188,48,92,90,131,148,93,14,178,142,66,61,145,94,13,12,7,38,176,35,97,128,52,2,167,107,123,50,155,65,53,17,82,18,0,36,196,170,77,25,105,4,6,88,70,108,21,106,154,122,197,24,72,78,111,110,171,189,49,127,30,114,182,139,124,163,158,175,85,1,117,120,157,84,186,79,42,27,169,172,39,32,55,125,33,192,165,40,87,181,68,9,103,162,147,67,95,144,156,146,31,143,191,183,164,41,152,130,102,62,5,134,112,104,99,63,74,20,138,168,140,126,16,71,19,83,60,179,47,43,187,76,101,141,80,58,64,96,177,199,166,22,195,119,81,153,129,26,150,56,100,54,113,116,180,160,45,121];False
9313;6514;15827;[73,174,23,136,149,11,59,57,132,75,137,86,151,185,133,98,193,173,89,3,161,159,15,135,194,115,46,44,124,190,109,10,184,51,34,91,69,28,8,118,29,198,188,48,92,90,131,148,93,14,178,142,66,61,145,94,13,12,7,38,176,35,97,128,52,2,167,107,123,50,155,65,53,17,82,18,0,36,196,170,77,25,105,4,6,88,70,108,21,106,154,122,197,24,72,78,111,110,171,189,49,127,30,114,182,139,37,163,158,175,85,1,117,120,157,84,186,79,42,27,169,172,39,32,55,125,33,192,165,40,87,181,68,9,103,162,147,67,95,144,156,146,31,143,191,183,164,41,152,130,102,62,5,134,112,104,99,63,74,20,138,168,140,126,16,71,19,83,60,179,47,43,187,76,101,141,80,58,64,96,177,199,166,22,195,119,81,153,129,26,150,56,100,54,113,116,180,160,45,121];False
9197;6517;15714;[50,174,23,136,149,11,59,57,132,75,163,86,151,185,133,98,193,173,89,3,161,66,15,135,194,115,46,44,37,190,109,10,184,51,34,91,69,159,8,118,124,53,188,48,92,90,131,148,93,14,178,142,103,61,145,94,13,12,7,38,176,35,97,128,52,2,167,107,123,73,155,65,198,17,82,18,0,36,196,170,77,25,105,4,6,88,70,108,21,106,154,122,197,24,72,78,111,110,171,189,49,127,30,114,182,139,29,137,158,175,85,1,117,120,157,84,186,79,42,27,169,172,39,32,55,125,33,192,165,40,87,181,68,9,28,162,147,67,95,144,156,146,31,143,191,183,164,41,152,130,102,62,5,134,112,104,99,63,74,20,138,168,140,126,16,71,19,83,60,179,47,43,187,76,101,141,80,58,64,96,177,199,166,22,195,119,81,153,129,26,150,56,100,54,113,116,180,160,45,121];False
9143;6524;15667;[73,174,23,136,149,83,59,57,132,75,163,86,151,185,133,98,193,173,89,3,161,66,15,135,194,115,46,44,37,190,109,10,184,51,34,91,69,159,8,118,124,53,188,48,92,90,131,148,93,14,178,142,103,61,145,94,13,12,7,38,176,35,97,128,52,2,167,107,123,50,155,65,198,17,82,18,0,36,196,170,77,25,105,4,6,88,70,108,21,106,154,122,197,24,72,78,111,110,171,189,49,127,30,114,182,139,29,137,158,175,85,1,117,120,157,84,186,79,42,27,169,172,39,32,55,125,33,192,165,40,87,181,68,9,28,162,147,67,95,144,156,146,31,143,191,183,164,41,152,130,102,62,5,134,112,104,99,63,74,20,138,168,140,126,16,71,19,11,60,179,47,43,187,76,101,141,80,58,64,96,177,199,166,22,195,119,81,153,129,26,150,56,100,54,113,116,180,160,45,121];False
9144;6519;15663;[73,174,23,136,149,80,59,57,132,75,163,86,151,185,133,98,193,173,89,3,161,66,15,135,194,115,46,44,37,190,109,10,184,51,34,91,69,159,8,118,124,53,188,48,92,90,131,148,93,14,178,142,103,61,145,94,13,12,7,38,176,35,97,128,52,2,167,107,123,50,155,65,198,17,82,18,0,36,196,170,77,25,105,4,6,88,70,108,21,106,154,122,197,24,72,78,111,110,171,189,49,127,30,114,182,139,29,137,158,175,85,1,117,120,157,84,186,79,42,27,169,172,39,32,55,125,33,192,165,40,87,181,68,9,28,162,147,67,95,144,156,146,31,143,191,183,164,41,152,130,102,62,5,134,112,104,99,63,74,20,138,168,140,126,16,71,19,83,60,179,47,43,187,76,101,141,11,58,64,96,177,199,166,22,195,119,81,153,129,26,150,56,100,54,113,116,180,160,45,121];False
9238;6516;15754;[73,174,23,136,149,11,59,57,132,152,163,86,151,185,133,98,193,173,89,3,161,66,15,135,194,115,46,44,37,190,109,10,184,51,34,91,69,159,8,118,124,53,188,48,92,90,131,148,93,14,178,142,103,61,145,94,13,12,7,38,176,35,97,128,52,2,167,107,123,50,155,65,198,17,82,18,0,36,196,170,77,25,105,4,6,88,70,108,21,106,154,122,197,24,72,78,111,110,171,189,49,127,30,114,182,139,29,137,158,175,85,1,117,120,157,84,186,79,42,27,169,172,39,32,55,125,33,192,165,40,87,181,68,9,28,162,147,67,95,144,156,146,31,143,191,183,164,41,75,130,102,62,5,134,112,104,99,63,74,20,138,168,140,126,16,71,19,83,60,179,47,43,187,76,101,141,80,58,64,96,177,199,166,22,195,119,81,153,129,26,150,56,100,54,113,116,180,160,45,121];False
9215;6516;15731;[73,174,23,136,149,11,59,57,132,75,137,86,151,185,133,98,193,173,89,3,161,66,15,135,194,115,46,44,37,190,109,10,184,51,34,91,69,159,8,118,124,53,188,48,92,90,131,148,93,14,178,142,103,61,145,94,13,12,7,38,176,35,97,128,52,2,167,107,123,50,155,65,198,17,82,18,0,36,196,170,77,25,105,4,6,88,70,108,21,106,154,122,197,24,72,78,111,110,171,189,49,127,30,114,182,139,29,163,158,175,85,1,117,120,157,84,186,79,42,27,169,172,39,32,55,125,33,192,165,40,87,181,68,9,28,162,147,67,95,144,156,146,31,143,191,183,164,41,152,130,102,62,5,134,112,104,99,63,74,20,138,168,140,126,16,71,19,83,60,179,47,43,187,76,101,141,80,58,64,96,177,199,166,22,195,119,81,153,129,26,150,56,100,54,113,116,180,160,45,121];False
9129;6522;15651;[73,174,23,136,149,11,59,57,132,75,163,186,151,185,133,98,193,173,89,3,161,66,15,135,194,115,46,44,37,190,109,10,184,51,34,91,69,159,8,118,124,53,188,48,92,90,131,148,93,14,178,142,103,61,145,94,13,12,7,38,176,35,97,128,52,2,167,107,123,50,155,65,198,17,82,18,0,36,196,170,77,25,105,4,6,88,70,108,21,106,154,122,197,24,72,78,111,110,171,189,49,127,30,114,182,139,29,137,158,175,85,1,117,120,157,84,86,79,42,27,169,172,39,32,55,125,33,192,165,40,87,181,68,9,28,162,147,67,95,144,156,146,31,143,191,183,164,41,152,130,102,62,5,134,112,104,99,63,74,20,138,168,140,126,16,71,19,83,60,179,47,43,187,76,101,141,80,58,64,96,177,199,166,22,195,119,81,153,129,26,150,56,100,54,113,116,180,160,45,121];False
9120;6519;15639;[73,174,23,136,149,11,59,57,132,75,163,86,12,185,133,98,193,173,89,3,161,66,15,135,194,115,46,44,37,190,109,10,184,51,34,91,69,159,8,118,124,53,188,48,92,90,131,148,93,14,178,142,103,61,145,94,13,151,7,38,176,35,97,128,52,2,167,107,123,50,155,65,198,17,82,18,0,36,196,170,77,25,105,4,6,88,70,108,21,106,154,122,197,24,72,78,111,110,171,189,49,127,30,114,182,139,29,137,158,175,85,1,117,120,157,84,186,79,42,27,169,172,39,32,55,125,33,192,165,40,87,181,68,9,28,162,147,67,95,144,156,146,31,143,191,183,164,41,152,130,102,62,5,134,112,104,99,63,74,20,138,168,140,126,16,71,19,83,60,179,47,43,187,76,101,141,80,58,64,96,177,199,166,22,195,119,81,153,129,26,150,56,100,54,113,116,180,160,45,121];False
9094;6523;15617;[73,174,23,136,149,11,59,57,132,75,163,86,151,185,175,98,193,173,89,3,161,66,15,135,194,115,46,44,37,190,109,10,184,51,34,91,69,159,8,118,124,53,188,48,92,90,131,148,93,14,178,142,103,61,145,94,13,12,7,38,176,35,97,128,52,2,167,107,123,50,155,65,198,17,82,18,0,36,196,170,77,25,105,4,6,88,70,108,21,106,154,122,197,24,72,78,111,110,171,189,49,127,30,114,182,139,29,137,158,133,85,1,117,120,157,84,186,79,42,27,169,172,39,32,55,125,33,192,165,40,87,181,68,9,28,162,147,67,95,144,156,146,31,143,191,183,164,41,152,130,102,62,5,134,112,104,99,63,74,20,138,168,140,126,16,71,19,83,60,179,47,43,187,76,101,141,80,58,64,96,177,199,166,22,195,119,81,153,129,26,150,56,100,54,113,116,180,160,45,121];False
9100;6522;15622;[73,174,23,136,149,11,59,57,132,75,163,86,151,185,54,98,193,173,89,3,161,66,15,135,194,115,46,44,37,190,109,10,184,51,34,91,69,159,8,118,124,53,188,48,92,90,131,148,93,14,178,142,103,61,145,94,13,12,7,38,176,35,97,128,52,2,167,107,123,50,155,65,198,17,82,18,0,36,196,170,77,25,105,4,6,88,70,108,21,106,154,122,197,24,72,78,111,110,171,189,49,127,30,114,182,139,29,137,158,175,85,1,117,120,157,84,186,79,42,27,169,172,39,32,55,125,33,192,165,40,87,181,68,9,28,162,147,67,95,144,156,146,31,143,191,183,164,41,152,130,102,62,5,134,112,104,99,63,74,20,138,168,140,126,16,71,19,83,60,179,47,43,187,76,101,141,80,58,64,96,177,199,166,22,195,119,81,153,129,26,150,56,100,133,113,116,180,160,45,121];False
9031;6524;15555;[73,174,23,136,149,11,59,57,132,75,163,86,151,185,133,98,193,173,89,3,161,66,15,135,194,115,46,44,37,109,190,10,184,51,34,91,69,159,8,118,124,53,188,48,92,90,131,148,93,14,178,142,103,61,145,94,13,12,7,38,176,35,97,128,52,2,167,107,123,50,155,65,198,17,82,18,0,36,196,170,77,25,105,4,6,88,70,108,21,106,154,122,197,24,72,78,111,110,171,189,49,127,30,114,182,139,29,137,158,175,85,1,117,120,157,84,186,79,42,27,169,172,39,32,55,125,33,192,165,40,87,181,68,9,28,162,147,67,95,144,156,146,31,143,191,183,164,41,152,130,102,62,5,134,112,104,99,63,74,20,138,168,140,126,16,71,19,83,60,179,47,43,187,76,101,141,80,58,64,96,177,199,166,22,195,119,81,153,129,26,150,56,100,54,113,116,180,160,45,121];False
9073;6523;15596;[73,174,23,136,149,11,59,57,132,75,163,86,151,185,133,98,193,173,89,3,161,66,15,135,194,115,46,44,37,190,109,10,184,156,34,91,69,159,8,118,124,53,188,48,92,90,131,148,93,14,178,142,103,61,145,94,13,12,7,38,176,35,97,128,52,2,167,107,123,50,155,65,198,17,82,18,0,36,196,170,77,25,105,4,6,88,70,108,21,106,154,122,197,24,72,78,111,110,171,189,49,127,30,114,182,139,29,137,158,175,85,1,117,120,157,84,186,79,42,27,169,172,39,32,55,125,33,192,165,40,87,181,68,9,28,162,147,67,95,144,51,146,31,143,191,183,164,41,152,130,102,62,5,134,112,104,99,63,74,20,138,168,140,126,16,71,19,83,60,179,47,43,187,76,101,141,80,58,64,96,177,199,166,22,195,119,81,153,129,26,150,56,100,54,113,116,180,160,45,121];False
9093;6522;15615;[73,174,23,136,149,11,59,57,132,75,163,86,151,185,133,98,193,173,89,3,161,66,15,135,194,115,46,44,37,190,109,10,184,126,34,91,69,159,8,118,124,53,188,48,92,90,131,148,93,14,178,142,103,61,145,94,13,12,7,38,176,35,97,128,52,2,167,107,123,50,155,65,198,17,82,18,0,36,196,170,77,25,105,4,6,88,70,108,21,106,154,122,197,24,72,78,111,110,171,189,49,127,30,114,182,139,29,137,158,175,85,1,117,120,157,84,186,79,42,27,169,172,39,32,55,125,33,192,165,40,87,181,68,9,28,162,147,67,95,144,156,146,31,143,191,183,164,41,152,130,102,62,5,134,112,104,99,63,74,20,138,168,140,51,16,71,19,83,60,179,47,43,187,76,101,141,80,58,64,96,177,199,166,22,195,119,81,153,129,26,150,56,100,54,113,116,180,160,45,121];False
9170;6516;15686;[73,174,23,136,149,11,59,57,132,75,163,86,151,185,133,98,193,173,89,3,161,66,15,135,194,115,46,44,37,190,109,10,184,51,34,91,69,159,8,118,162,53,188,48,92,90,131,148,93,14,178,142,103,61,145,94,13,12,7,38,176,35,97,128,52,2,167,107,123,50,155,65,198,17,82,18,0,36,196,170,77,25,105,4,6,88,70,108,21,106,154,122,197,24,72,78,111,110,171,189,49,127,30,114,182,139,29,137,158,175,85,1,117,120,157,84,186,79,42,27,169,172,39,32,55,125,33,192,165,40,87,181,68,9,28,124,147,67,95,144,156,146,31,143,191,183,164,41,152,130,102,62,5,134,112,104,99,63,74,20,138,168,140,126,16,71,19,83,60,179,47,43,187,76,101,141,80,58,64,96,177,199,166,22,195,119,81,153,129,26,150,56,100,54,113,116,180,160,45,121];False
9117;6518;15635;[73,174,23,136,149,11,59,57,132,75,163,86,151,185,133,98,193,173,89,3,161,66,15,135,194,115,46,44,37,190,109,10,184,51,34,91,69,159,8,118,124,198,188,48,92,90,131,148,93,14,178,142,103,61,145,94,13,12,7,38,176,35,97,128,52,2,167,107,123,50,155,65,53,17,82,18,0,36,196,170,77,25,105,4,6,88,70,108,21,106,154,122,197,24,72,78,111,110,171,189,49,127,30,114,182,139,29,137,158,175,85,1,117,120,157,84,186,79,42,27,169,172,39,32,55,125,33,192,165,40,87,181,68,9,28,162,147,67,95,144,156,146,31,143,191,183,164,41,152,130,102,62,5,134,112,104,99,63,74,20,138,168,140,126,16,71,19,83,60,179,47,43,187,76,101,141,80,58,64,96,177,199,166,22,195,119,81,153,129,26,150,56,100,54,113,116,180,160,45,121];False
2012;7229;9241;[34,4,129,70,19,87,121,178,102,132,130,84,77,112,93,147,66,157,103,105,74,188,144,9,142,117,167,61,45,138,41,49,78,128,42,57,197,8,16,126,143,160,91,1,33,124,180,196,36,46,140,92,82,23,189,81,0,85,22,26,176,193,109,162,170,95,38,139,63,118,48,194,31,198,174,184,35,67,32,72,163,25,51,50,190,125,11,113,156,71,165,65,37,94,173,18,131,110,101,59,80,100,30,134,148,195,97,58,175,151,7,191,181,68,123,6,137,158,54,52,119,187,39,107,55,14,13,172,12,89,75,149,15,135,53,183,69,159,164,90,28,155,73,99,106,136,115,152,2,161,111,86,133,76,122,116,104,17,145,56,21,108,192,40,169,182,29,154,60,177,27,43,127,96,171,141,98,114,64,79,179,47,88,5,186,199,83,153,166,24,150,10,185,62,120,3,168,44,20,146];False
1988;7240;9228;[34,4,129,70,19,87,121,178,127,132,130,84,77,112,93,147,66,157,103,105,74,188,144,9,142,117,167,61,45,138,41,49,78,128,42,57,197,8,16,126,143,160,91,1,33,124,180,196,36,46,140,92,82,23,189,81,0,85,22,26,176,193,109,162,170,95,38,139,63,118,48,194,31,198,174,184,35,67,32,72,163,25,51,50,190,125,11,113,156,71,165,65,37,94,173,18,131,110,101,59,80,100,30,134,148,195,97,58,175,151,7,191,181,68,123,6,137,158,54,52,119,187,39,107,55,14,13,172,12,89,75,149,15,135,53,183,69,159,164,90,28,155,73,99,106,136,115,152,2,161,102,86,133,76,122,116,104,17,145,56,21,108,192,40,169,182,29,154,60,177,27,43,111,96,171,141,98,114,64,79,179,47,88,5,186,199,83,153,166,24,150,10,185,62,120,3,168,44,20,146];False
2024;7214;9238;[34,4,129,70,19,87,121,178,111,132,130,84,77,112,93,147,66,157,103,105,44,188,144,9,142,117,167,61,45,138,41,49,78,128,42,57,197,8,16,126,143,160,91,1,33,124,180,196,36,46,140,92,82,23,189,81,0,85,22,26,176,193,109,162,170,95,38,139,63,118,48,194,31,198,174,184,35,67,32,72,163,25,51,50,190,125,11,113,156,71,165,65,37,94,173,18,131,110,101,59,80,100,30,134,148,195,97,58,175,151,7,191,181,68,123,6,137,158,54,52,119,187,39,107,55,14,13,172,12,89,75,149,15,135,53,183,69,159,164,90,28,155,73,99,106,136,115,152,2,161,102,86,133,76,122,116,104,17,145,56,21,108,192,40,169,182,29,154,60,177,27,43,127,96,171,141,98,114,64,79,179,47,88,5,186,199,83,153,166,24,150,10,185,62,120,3,168,74,20,146];False
1962;7229;9191;[34,4,129,70,19,87,121,178,111,132,130,84,77,112,93,147,66,157,103,105,20,188,144,9,142,117,167,61,45,138,41,49,78,128,42,57,197,8,16,126,143,160,91,1,33,124,180,196,36,46,140,92,82,23,189,81,0,85,22,26,176,193,109,162,170,95,38,139,63,118,48,194,31,198,174,184,35,67,32,72,163,25,51,50,190,125,11,113,156,71,165,65,37,94,173,18,131,110,101,59,80,100,30,134,148,195,97,58,175,151,7,191,181,68,123,6,137,158,54,52,119,187,39,107,55,14,13,172,12,89,75,149,15,135,53,183,69,159,164,90,28,155,73,99,106,136,115,152,2,161,102,86,133,76,122,116,104,17,145,56,21,108,192,40,169,182,29,154,60,177,27,43,127,96,171,141,98,114,64,79,179,47,88,5,186,199,83,153,166,24,150,10,185,62,120,3,168,44,74,146];True
1882;7326;9208;[34,195,129,70,19,87,121,178,111,132,130,84,77,112,93,147,66,157,103,105,74,188,144,9,142,117,167,61,45,138,41,49,78,128,42,57,197,8,16,126,143,160,91,1,33,124,180,196,36,46,140,92,82,23,189,81,0,85,22,26,176,193,109,20,170,95,38,139,63,118,48,194,31,198,174,184,35,67,32,72,163,25,51,50,190,125,11,113,156,71,165,65,37,94,173,18,131,110,101,59,80,100,30,134,148,4,97,58,175,151,7,44,181,68,123,6,137,158,54,52,119,187,39,107,55,14,13,172,12,89,75,149,15,135,53,183,69,159,164,90,28,155,73,99,106,136,115,152,2,161,102,86,133,76,122,116,104,17,145,56,21,108,192,40,169,182,29,154,60,177,27,43,127,96,171,141,98,114,64,79,179,47,88,5,186,199,83,153,166,24,150,10,185,62,120,3,168,191,162,146];False
1878;7349;9227;[34,127,129,70,19,87,121,178,111,132,130,84,77,112,93,147,66,157,103,105,74,188,144,9,142,117,167,61,45,138,41,49,78,128,42,57,197,8,16,126,143,160,91,1,33,124,180,196,36,46,140,92,82,23,189,81,0,85,22,26,176,193,109,20,170,95,38,139,63,118,48,194,31,198,174,184,35,67,32,72,163,25,51,50,190,125,11,113,156,71,165,65,37,94,173,18,131,110,101,59,80,100,30,134,148,195,97,58,175,151,7,44,181,68,123,6,137,158,54,52,119,187,39,107,55,14,13,172,12,89,75,149,15,135,53,183,69,159,164,90,28,155,73,99,106,136,115,152,2,161,102,86,133,76,122,116,104,17,145,56,21,108,192,40,169,182,29,154,60,177,27,43,4,96,171,141,98,114,64,79,179,47,88,5,186,199,83,153,166,24,150,10,185,62,120,3,168,191,162,146];False
1904;7280;9184;[34,4,129,70,19,87,121,178,127,132,130,84,77,112,93,147,66,157,103,105,74,188,144,9,142,117,167,61,45,138,41,49,78,128,42,57,197,8,16,126,143,160,91,1,33,124,180,196,36,46,140,92,82,23,189,81,0,85,22,26,176,193,109,20,170,95,38,139,63,118,48,194,31,198,174,184,35,67,32,72,163,25,51,50,190,125,11,113,156,71,165,65,37,94,173,18,131,110,101,59,80,100,30,134,148,195,97,58,175,151,7,44,181,68,123,6,137,158,54,52,119,187,39,107,55,14,13,172,12,89,75,149,15,135,53,183,69,159,164,90,28,155,73,99,106,136,115,152,2,161,102,86,133,76,122,116,104,17,145,56,21,108,192,40,169,182,29,154,60,177,27,43,111,96,171,141,98,114,64,79,179,47,88,5,186,199,83,153,166,24,150,10,185,62,120,3,168,191,162,146];True
1879;7330;9209;[34,4,129,70,19,87,121,178,111,132,130,84,77,112,93,147,66,157,103,105,74,188,144,9,24,117,167,61,45,138,41,49,78,128,42,57,197,8,16,126,143,160,91,1,33,124,180,196,36,46,140,92,82,23,189,81,0,85,22,26,176,193,109,20,170,95,38,139,63,118,48,194,31,198,174,184,35,67,32,72,163,25,51,50,190,125,11,113,156,71,165,65,37,94,173,18,131,110,101,59,80,100,30,134,148,195,97,58,175,151,7,44,181,68,123,6,137,158,54,52,119,187,39,107,55,14,13,172,12,89,75,149,15,135,53,183,69,159,164,90,28,155,73,99,106,136,115,152,2,161,102,86,133,76,122,116,104,17,145,56,21,108,192,40,169,182,29,154,60,177,27,43,127,96,171,141,98,114,64,79,179,47,88,5,186,199,83,153,166,142,150,10,185,62,120,3,168,191,162,146];False
1895;7288;9183;[34,4,129,70,19,87,121,178,111,132,130,84,77,112,93,147,66,157,103,105,74,188,144,9,142,117,167,61,45,138,41,49,78,128,42,57,197,8,16,126,35,160,91,1,33,124,180,196,36,46,140,92,82,23,189,81,0,85,22,26,176,193,109,20,170,95,38,139,63,118,48,194,31,198,174,184,143,67,32,72,163,25,51,50,190,125,11,113,156,71,165,65,37,94,173,18,131,110,101,59,80,100,30,134,148,195,97,58,175,151,7,44,181,68,123,6,137,158,54,52,119,187,39,107,55,14,13,172,12,89,75,149,15,135,53,183,69,159,164,90,28,155,73,99,106,136,115,152,2,161,102,86,133,76,122,116,104,17,145,56,21,108,192,40,169,182,29,154,60,177,27,43,127,96,171,141,98,114,64,79,179,47,88,5,186,199,83,153,166,24,150,10,185,62,120,3,168,191,162,146];True
1878;7334;9212;[34,4,129,70,19,87,121,178,111,132,130,84,77,112,93,147,66,157,103,105,74,188,144,9,142,117,167,61,45,138,41,49,78,128,42,57,197,8,16,126,143,160,91,1,33,124,180,196,36,46,140,92,82,23,189,81,0,85,22,26,176,193,109,20,170,95,38,139,63,118,48,194,31,198,174,184,35,67,32,72,163,25,51,50,190,125,11,113,156,71,165,65,37,94,173,18,131,149,101,59,80,100,30,134,148,195,97,58,175,151,7,44,181,68,123,6,137,158,54,52,119,187,39,107,55,14,13,172,12,89,75,110,15,135,53,183,69,159,164,90,28,155,73,99,106,136,115,152,2,161,102,86,133,76,122,116,104,17,145,56,21,108,192,40,169,182,29,154,60,177,27,43,127,96,171,141,98,114,64,79,179,47,88,5,186,199,83,153,166,24,150,10,185,62,120,3,168,191,162,146];False
1905;7272;9177;[34,4,129,70,19,87,121,178,111,132,130,84,77,112,93,147,66,157,103,105,74,188,144,9,142,117,167,61,45,138,41,49,78,128,42,57,197,8,16,126,143,160,91,1,33,124,180,196,36,46,140,92,82,23,189,81,0,85,22,26,176,193,109,20,170,95,38,139,63,118,48,194,31,198,174,184,35,67,32,72,163,25,51,50,190,125,11,113,156,71,165,65,37,94,173,18,131,110,101,59,80,100,30,134,148,195,97,58,151,175,7,44,181,68,123,6,137,158,54,52,119,187,39,107,55,14,13,172,12,89,75,149,15,135,53,183,69,159,164,90,28,155,73,99,106,136,115,152,2,161,102,86,133,76,122,116,104,17,145,56,21,108,192,40,169,182,29,154,60,177,27,43,127,96,171,141,98,114,64,79,179,47,88,5,186,199,83,153,166,24,150,10,185,62,120,3,168,191,162,146];True
1892;7293;9185;[34,4,129,70,19,87,121,178,111,132,130,84,77,112,93,147,66,157,103,105,74,188,144,9,142,117,167,61,45,138,41,49,78,128,42,57,197,8,16,126,143,160,91,1,33,124,180,196,36,46,140,92,82,23,189,81,0,85,22,26,176,193,109,20,170,95,38,139,63,118,48,194,31,198,174,184,35,67,32,72,163,25,51,50,190,125,11,113,156,71,165,65,37,94,173,18,131,110,101,59,80,100,30,134,148,195,97,58,175,151,7,116,181,68,123,6,137,158,54,52,119,187,39,107,55,14,13,172,12,89,75,149,15,135,53,183,69,159,164,90,28,155,73,99,106,136,115,152,2,161,102,86,133,76,122,44,104,17,145,56,21,108,192,40,169,182,29,154,60,177,27,43,127,96,171,141,98,114,64,79,179,47,88,5,186,199,83,153,166,24,150,10,185,62,120,3,168,191,162,146];True
1887;7316;9203;[34,4,129,70,19,87,121,178,111,132,130,84,77,112,93,147,66,157,103,105,74,188,144,9,142,117,167,61,45,138,41,49,78,128,42,57,197,8,16,126,143,160,91,1,33,124,180,196,36,46,140,92,82,23,189,81,0,85,22,26,176,193,109,20,170,95,38,139,63,118,48,194,31,198,174,184,35,67,32,72,163,25,51,50,190,125,11,113,156,71,165,65,37,94,173,18,131,110,101,59,80,100,30,134,148,195,97,58,175,151,7,44,181,68,123,6,137,158,54,52,119,187,39,107,55,14,13,172,12,89,75,149,15,108,53,183,69,159,164,90,28,155,73,99,106,136,115,152,2,161,102,86,133,76,122,116,104,17,145,56,21,135,192,40,169,182,29,154,60,177,27,43,127,96,171,141,98,114,64,79,179,47,88,5,186,199,83,153,166,24,150,10,185,62,120,3,168,191,162,146];False
1891;7312;9203;[34,4,129,70,19,87,121,178,111,132,130,84,77,112,93,147,66,157,103,105,74,188,144,9,142,117,167,61,45,138,41,49,78,128,42,57,197,8,16,126,143,160,91,1,33,124,180,196,36,46,140,92,82,23,189,81,0,85,22,26,176,193,109,20,170,95,38,139,63,118,48,194,31,198,174,184,35,67,32,72,163,25,51,50,190,125,11,113,156,71,165,65,37,94,173,18,131,110,101,59,80,100,30,134,148,195,97,58,175,151,7,44,181,68,123,6,137,158,54,52,119,187,39,107,55,14,13,172,12,89,75,149,15,135,53,183,69,159,164,90,28,155,73,99,106,136,115,152,2,161,102,86,133,153,122,116,104,17,145,56,21,108,192,40,169,182,29,154,60,177,27,43,127,96,171,141,98,114,64,79,179,47,88,5,186,199,83,76,166,24,150,10,185,62,120,3,168,191,162,146];False
1864;7350;9214;[34,4,129,70,19,87,121,178,111,132,130,84,77,112,93,147,66,157,103,105,74,188,144,9,142,117,167,61,45,138,41,49,78,128,42,57,197,8,16,126,143,160,91,1,33,124,180,196,36,46,140,92,82,23,189,81,0,85,22,26,176,193,109,20,170,95,38,139,63,118,48,194,31,198,174,184,35,67,32,72,163,25,51,50,190,125,11,113,156,71,165,65,37,94,173,18,131,110,101,59,80,100,30,134,148,195,97,58,175,151,7,44,181,68,123,6,137,158,54,52,119,187,39,107,55,14,13,172,12,89,75,149,15,135,53,183,69,159,164,90,28,155,73,99,106,136,115,152,2,161,102,86,133,76,122,116,104,17,145,56,21,108,192,40,169,127,29,154,60,177,27,43,182,96,171,141,98,114,64,79,179,47,88,5,186,199,83,153,166,24,150,10,185,62,120,3,168,191,162,146];False
1903;7283;9186;[34,4,129,70,19,87,121,178,111,132,130,84,77,112,93,147,66,157,103,105,74,188,144,9,142,117,167,61,45,138,41,49,78,128,42,57,197,8,16,126,143,160,91,1,33,124,180,196,36,46,140,92,82,23,189,81,0,85,22,26,176,193,109,20,170,95,38,139,63,118,48,194,31,198,174,184,35,67,32,72,163,25,51,50,190,125,11,113,156,71,165,65,37,94,173,18,131,110,101,59,80,100,30,134,148,195,97,58,175,151,7,44,181,68,123,6,137,158,54,52,119,187,39,107,55,14,13,172,12,89,75,149,15,135,53,183,69,159,164,90,28,155,73,99,106,136,115,152,2,161,102,86,133,76,122,116,104,17,145,56,21,108,192,40,169,182,29,154,60,179,27,43,127,96,171,141,98,114,64,79,177,47,88,5,186,199,83,153,166,24,150,10,185,62,120,3,168,191,162,146];False
1956;7255;9211;[34,4,129,70,19,87,121,178,111,132,130,84,77,112,93,147,66,157,103,105,74,188,144,9,142,117,167,61,45,138,41,49,78,128,42,57,197,8,16,126,143,160,91,1,33,124,180,196,36,46,140,92,82,23,189,81,0,85,22,26,176,193,109,20,170,95,38,139,63,118,48,194,31,198,174,184,35,67,32,72,163,25,51,50,190,125,11,113,156,71,165,65,37,94,173,18,131,110,101,59,80,100,30,134,148,195,97,58,151,175,7,191,181,68,123,6,137,158,54,52,119,187,39,107,55,14,13,172,12,89,75,149,15,135,53,44,69,159,164,90,28,155,73,99,106,136,115,152,2,161,102,86,133,76,122,116,104,17,145,56,21,108,192,40,169,182,29,154,60,177,27,43,127,96,171,141,98,114,64,79,179,47,88,5,186,199,83,153,166,24,150,10,185,62,120,3,168,183,162,146];False
1838;7429;9267;[144,118,129,162,22,87,121,178,111,132,130,84,77,112,34,147,66,157,103,105,74,188,93,184,142,117,167,61,45,138,41,49,78,128,42,57,197,8,16,126,35,160,91,1,33,124,180,196,36,46,140,92,82,23,189,81,0,85,19,26,176,193,109,20,170,95,38,139,146,4,70,194,31,198,174,9,143,67,32,72,163,25,51,50,190,125,11,113,156,71,165,65,37,94,173,18,131,110,101,59,80,100,30,134,148,195,97,58,175,151,7,191,181,68,123,6,137,158,54,52,119,187,39,107,55,14,13,172,12,89,75,149,15,135,53,183,69,159,164,90,28,155,73,99,106,136,115,152,2,161,102,86,133,76,122,116,104,17,145,56,21,108,192,40,169,127,29,154,60,177,27,43,182,96,171,141,98,114,64,79,179,47,88,5,186,199,83,153,166,24,150,10,185,62,120,3,168,44,48,63];False
1844;7415;9259;[144,118,129,162,19,87,121,178,29,132,130,84,77,112,34,147,66,157,103,105,74,188,93,184,142,117,167,61,45,138,41,49,78,128,42,57,197,8,16,126,35,160,91,1,33,124,180,196,36,46,140,92,82,23,189,81,0,85,22,26,176,193,109,20,170,95,38,139,146,4,70,194,31,198,174,9,143,67,32,72,163,25,51,50,190,125,11,113,156,71,165,65,37,94,173,18,131,110,101,59,80,100,30,134,148,195,97,58,175,151,7,191,181,68,123,6,137,158,54,52,119,187,39,107,55,14,13,172,12,89,75,149,15,135,53,183,69,159,164,90,28,155,73,99,106,136,115,152,2,161,102,86,133,76,122,116,104,17,145,56,21,108,192,40,169,127,111,154,60,177,27,43,182,96,171,141,98,114,64,79,179,47,88,5,186,199,83,153,166,24,150,10,185,62,120,3,168,44,48,63];False
1841;7420;9261;[144,118,129,162,19,87,121,178,111,132,130,84,77,112,34,147,66,157,103,105,74,188,93,184,142,117,167,61,45,138,41,49,78,128,42,57,197,8,16,126,35,160,91,1,33,124,180,196,36,46,140,92,82,23,189,81,0,85,22,26,176,193,109,20,170,95,38,139,146,4,70,194,31,198,174,9,143,67,32,72,163,25,51,50,190,125,11,113,156,71,165,65,37,94,173,18,131,110,101,59,80,100,30,134,148,195,97,58,151,175,7,191,181,68,123,6,137,158,54,52,119,187,39,107,55,14,13,172,12,89,75,149,15,135,53,183,69,159,164,90,28,155,73,99,106,136,115,152,2,161,102,86,133,76,122,116,104,17,145,56,21,108,192,40,169,127,29,154,60,177,27,43,182,96,171,141,98,114,64,79,179,47,88,5,186,199,83,153,166,24,150,10,185,62,120,3,168,44,48,63];False
1825;7444;9269;[93,118,129,162,19,87,121,178,111,132,130,84,67,112,34,147,66,157,103,105,74,188,144,9,142,117,167,61,45,138,41,49,78,128,42,57,197,8,16,126,143,160,91,1,33,124,180,196,36,46,140,92,82,77,189,23,0,85,22,26,176,193,109,20,170,95,38,139,146,4,70,194,31,198,174,184,35,25,32,72,163,81,51,50,190,125,11,113,156,71,165,65,37,94,173,18,131,110,101,59,80,100,30,134,148,195,97,58,175,151,7,191,181,68,123,6,137,158,54,52,119,187,39,107,55,14,13,172,12,89,75,149,15,135,53,183,69,159,164,90,28,155,73,99,106,136,115,152,2,161,102,86,133,76,122,116,104,17,145,56,21,108,192,40,169,127,29,154,60,177,27,43,182,96,171,141,98,114,64,79,179,47,88,5,186,199,83,153,166,24,150,10,185,62,120,3,168,44,48,63];False
1844;7410;9254;[34,123,129,162,19,87,121,178,111,132,130,84,67,112,93,147,66,157,103,105,74,188,144,9,142,117,167,61,45,138,41,49,78,128,42,57,197,8,16,126,143,160,91,1,33,124,180,196,36,46,140,92,82,77,189,23,0,85,22,26,176,193,109,20,170,95,38,139,146,4,70,194,31,198,174,184,35,25,32,72,163,81,51,50,190,125,11,113,156,71,165,65,37,94,173,18,131,110,101,59,80,100,30,134,148,195,97,58,175,151,7,191,181,68,118,6,137,158,54,52,119,187,39,107,55,14,13,172,12,89,75,149,15,135,53,183,69,159,164,90,28,155,73,99,106,136,115,152,2,161,102,86,133,76,122,116,104,17,145,56,21,108,192,40,169,127,29,154,60,177,27,43,182,96,171,141,98,114,64,79,179,47,88,5,186,199,83,153,166,24,150,10,185,62,120,3,168,44,48,63];False
1858;7392;9250;[34,118,129,162,22,87,121,178,111,132,130,84,67,112,93,147,66,157,103,105,74,188,144,9,142,117,167,61,45,138,41,49,78,128,42,57,197,8,16,126,143,160,91,1,33,124,180,196,36,46,140,92,82,77,189,23,0,85,19,26,176,193,109,20,170,95,38,139,146,4,70,194,31,198,174,184,35,25,32,72,163,81,51,50,190,125,11,113,156,71,165,65,37,94,173,18,131,110,101,59,80,100,30,134,148,195,97,58,175,151,7,191,181,68,123,6,137,158,54,52,119,187,39,107,55,14,13,172,12,89,75,149,15,135,53,183,69,159,164,90,28,155,73,99,106,136,115,152,2,161,102,86,133,76,122,116,104,17,145,56,21,108,192,40,169,127,29,154,60,177,27,43,182,96,171,141,98,114,64,79,179,47,88,5,186,199,83,153,166,24,150,10,185,62,120,3,168,44,48,63];False
1861;7383;9244;[34,118,129,162,19,87,121,178,111,132,130,84,67,112,93,147,66,157,103,105,74,188,144,9,142,117,167,61,45,138,41,49,78,128,42,57,197,8,16,126,143,160,91,1,33,124,180,196,36,46,140,92,82,77,189,23,0,85,22,26,176,193,109,20,170,95,38,139,146,4,70,194,31,198,174,184,35,25,32,72,163,81,51,50,190,125,11,113,156,71,165,65,37,94,173,18,131,110,101,59,80,100,30,134,148,195,97,58,151,175,7,191,181,68,123,6,137,158,54,52,119,187,39,107,55,14,13,172,12,89,75,149,15,135,53,183,69,159,164,90,28,155,73,99,106,136,115,152,2,161,102,86,133,76,122,116,104,17,145,56,21,108,192,40,169,127,29,154,60,177,27,43,182,96,171,141,98,114,64,79,179,47,88,5,186,199,83,153,166,24,150,10,185,62,120,3,168,44,48,63];False
1927;7269;9196;[34,118,129,162,22,87,121,178,111,132,130,84,67,112,93,147,66,157,103,105,74,188,144,9,142,117,167,61,45,138,41,49,78,128,42,57,197,8,16,126,143,160,91,1,33,124,180,196,36,46,140,92,82,77,189,23,0,85,19,26,176,193,109,20,170,95,38,139,146,4,70,194,31,198,174,184,35,83,32,72,163,25,51,50,190,125,11,113,156,71,165,65,37,94,173,18,131,110,101,59,80,100,30,134,148,195,97,58,151,175,7,191,181,68,123,6,137,158,54,52,119,187,39,107,55,14,13,172,12,89,75,149,15,135,53,183,69,159,164,90,28,155,73,99,106,136,115,152,2,161,102,86,133,76,122,116,104,17,145,56,21,108,192,40,169,182,29,154,60,177,27,43,127,96,171,141,98,114,64,79,179,47,88,5,186,199,81,153,166,24,150,10,185,62,120,3,168,44,48,63];True
1953;7257;9210;[34,118,129,162,19,87,121,178,102,132,130,84,67,112,93,147,66,157,103,105,74,188,144,9,142,117,167,61,45,138,41,49,78,128,42,57,197,8,16,126,143,160,91,1,33,124,180,196,36,46,140,92,82,77,189,23,0,85,22,26,176,193,109,20,170,95,38,139,146,4,70,194,31,198,174,184,35,83,32,72,163,25,51,50,190,125,11,113,156,71,165,65,37,94,173,18,131,110,101,59,80,100,30,134,148,195,97,58,151,175,7,191,181,68,123,6,137,158,54,52,119,187,39,107,55,14,13,172,12,89,75,149,15,135,53,183,69,159,164,90,28,155,73,99,106,136,115,152,2,161,111,86,133,76,122,116,104,17,145,56,21,108,192,40,169,182,29,154,60,177,27,43,127,96,171,141,98,114,64,79,179,47,88,5,186,199,81,153,166,24,150,10,185,62,120,3,168,44,48,63];False
1901;7284;9185;[34,118,129,162,19,87,121,178,111,132,130,84,67,112,93,147,66,157,103,105,74,188,144,9,142,117,167,61,45,138,41,36,83,128,42,57,197,8,16,126,143,160,91,1,33,124,180,196,49,46,140,92,82,77,189,23,0,85,22,26,176,193,109,20,170,95,38,139,146,4,70,194,31,198,174,184,35,78,32,72,163,25,51,50,190,125,11,113,156,71,165,65,37,94,173,18,131,110,101,59,80,100,30,134,148,195,97,58,175,151,7,191,181,68,123,6,137,158,54,52,119,187,39,107,55,14,13,172,12,89,75,149,15,135,53,183,69,159,164,90,28,155,73,99,106,136,115,152,2,161,102,86,133,76,122,116,104,17,145,56,21,108,192,40,169,182,29,154,60,177,27,43,127,96,171,141,98,114,64,79,179,47,88,5,186,199,81,153,166,24,150,10,185,62,120,3,168,44,48,63];True
1845;7408;9253;[144,118,129,162,22,87,121,178,127,132,130,84,77,112,34,147,66,157,103,105,74,188,93,184,142,117,167,61,45,138,41,49,78,128,42,57,197,8,16,126,35,160,91,1,33,124,180,196,36,46,140,92,82,23,189,81,0,85,19,26,176,193,109,20,170,95,38,139,146,4,70,194,31,198,174,9,143,67,32,72,163,25,51,50,190,125,11,113,156,71,165,65,37,94,173,18,131,110,101,59,80,100,30,134,148,195,97,58,151,175,7,191,181,68,123,6,137,158,54,52,119,187,39,107,55,14,13,172,12,89,75,149,15,135,53,183,69,159,164,90,28,155,73,99,106,136,115,152,2,161,102,86,133,76,122,43,104,17,145,56,21,108,192,40,169,182,29,154,60,177,27,116,111,96,171,141,98,114,64,79,179,47,88,5,186,199,83,153,166,24,150,10,185,62,120,3,168,44,48,63];False
1830;7443;9273;[144,118,129,162,19,87,121,178,127,132,130,84,77,112,34,147,66,157,103,105,74,188,93,184,142,117,167,61,45,138,41,49,78,128,42,57,197,8,16,126,35,160,91,1,33,124,180,196,36,46,140,92,82,23,189,81,0,85,22,26,176,193,109,20,170,95,38,139,146,4,70,194,31,198,174,9,143,67,32,72,163,25,51,50,190,125,11,113,156,71,165,65,37,94,173,18,131,110,101,59,80,100,30,134,148,195,97,58,151,175,7,191,181,68,123,6,137,158,54,52,119,187,39,107,55,14,13,172,12,89,75,149,15,108,53,183,69,159,164,90,28,155,73,99,106,136,115,152,2,161,102,86,133,76,122,43,104,17,145,56,21,135,192,40,169,182,29,154,60,177,27,116,111,96,171,141,98,114,64,79,179,47,88,5,186,199,83,153,166,24,150,10,185,62,120,3,168,44,48,63];False
1834;7439;9273;[144,118,129,162,19,87,121,178,127,132,130,84,77,112,34,147,66,157,103,105,74,188,93,184,142,117,167,61,45,138,41,49,78,128,42,57,197,8,16,126,35,160,91,1,33,124,180,196,36,46,140,92,82,23,189,81,0,85,22,26,176,193,109,20,170,95,38,139,146,4,70,194,31,198,174,9,143,67,32,72,163,25,51,50,190,125,11,113,156,71,165,65,37,94,173,18,131,110,101,59,80,100,30,134,148,195,97,58,151,175,7,191,181,68,123,6,137,158,54,52,119,187,39,107,55,14,13,172,12,89,75,149,15,135,53,183,69,159,164,90,28,155,73,99,106,136,115,152,2,161,102,86,133,153,122,43,104,17,145,56,21,108,192,40,169,182,29,154,60,177,27,116,111,96,171,141,98,114,64,79,179,47,88,5,186,199,83,76,166,24,150,10,185,62,120,3,168,44,48,63];False
1781;7540;9321;[136,118,129,162,19,87,121,178,127,132,130,84,77,112,34,147,66,157,103,105,74,188,144,9,24,117,167,61,45,138,41,49,78,128,42,57,197,8,16,126,35,160,91,1,33,124,180,196,36,46,140,92,82,23,189,81,0,85,22,26,176,193,109,20,170,166,38,139,146,4,70,194,31,198,174,184,143,67,32,72,163,25,51,50,190,125,11,113,156,71,165,65,37,94,173,18,131,149,101,59,80,100,30,134,148,195,97,58,175,151,7,191,181,68,123,6,137,158,54,52,119,95,39,107,55,14,13,172,12,89,75,110,15,135,53,183,69,159,164,90,28,155,73,99,106,93,115,152,2,161,102,86,133,76,122,43,104,17,145,56,21,108,192,40,169,182,29,154,60,177,27,116,111,96,171,141,98,114,64,79,179,47,88,5,186,199,83,153,187,142,150,10,185,62,120,3,168,44,48,63];False
1776;7498;9274;[136,118,129,162,19,87,121,178,127,132,130,84,77,112,34,147,66,157,103,105,74,188,144,9,24,117,167,61,45,138,41,49,78,128,42,57,197,8,16,126,35,160,91,1,33,124,180,196,36,46,140,92,82,23,189,81,0,85,22,26,176,193,109,20,170,166,38,139,146,4,70,194,31,198,174,184,143,67,32,72,163,25,51,50,190,125,11,113,156,71,165,65,37,94,173,18,131,110,101,59,80,95,30,134,148,195,97,58,175,151,7,191,181,68,123,6,137,158,54,52,119,100,39,107,55,14,13,172,12,89,75,149,15,135,53,183,69,159,164,90,28,155,73,99,106,93,115,152,2,161,102,86,133,76,122,43,104,17,145,56,21,108,192,40,169,182,29,154,60,177,27,116,111,96,171,141,98,114,64,79,179,47,88,5,186,199,83,153,187,142,150,10,185,62,120,3,168,44,48,63];True
1808;7478;9286;[136,118,129,162,19,87,121,178,127,132,130,84,77,112,34,147,66,157,103,105,74,188,144,9,24,117,167,61,45,138,41,49,78,128,42,57,197,8,16,126,35,160,91,1,33,124,180,196,36,46,140,92,82,23,189,81,0,85,22,26,176,193,109,20,170,166,38,139,146,4,70,194,31,198,174,184,143,67,32,72,163,25,51,50,190,125,11,113,156,71,165,65,37,94,173,18,131,110,101,59,80,100,30,134,148,195,97,58,151,175,7,191,181,68,123,6,137,158,54,52,119,95,39,107,55,14,13,172,12,89,75,149,15,135,53,183,69,159,164,90,28,155,73,99,106,93,115,152,2,161,102,86,133,76,122,43,104,17,145,56,21,108,192,40,169,182,29,154,60,177,27,116,111,96,171,141,98,114,64,79,179,47,88,5,186,199,83,153,187,142,150,10,185,62,120,3,168,44,48,63];False
1807;7473;9280;[136,118,129,162,19,87,121,178,127,132,130,84,77,112,34,147,66,157,103,105,74,188,144,9,24,117,167,61,45,138,41,49,78,128,42,57,197,8,16,126,35,160,91,1,33,124,180,196,36,46,140,92,82,23,189,81,0,85,22,26,176,193,109,20,170,166,38,139,146,4,70,194,31,198,174,184,143,67,32,72,163,25,51,50,190,125,11,113,156,71,165,65,37,94,173,18,131,110,101,59,80,100,30,134,148,195,97,58,175,151,7,191,181,68,123,6,137,158,54,52,119,185,39,107,55,14,13,172,12,89,75,149,15,135,53,183,69,159,164,90,28,155,73,99,106,93,115,152,2,161,102,86,133,76,122,43,104,17,145,56,21,108,192,40,169,182,29,154,60,177,27,116,111,96,171,141,98,114,64,79,179,47,88,5,186,199,83,153,187,142,150,10,95,62,120,3,168,44,48,63];False
1783;7491;9274;[136,118,129,162,22,87,121,178,127,132,130,84,77,112,34,147,66,157,103,105,74,188,144,9,24,117,167,61,45,138,41,49,78,128,42,57,197,8,16,126,143,160,91,1,33,124,180,196,36,46,140,92,82,23,189,81,0,85,19,26,176,193,109,20,170,166,38,139,146,4,70,194,31,198,174,184,35,67,32,72,163,25,51,50,190,125,11,113,156,71,165,65,37,94,173,18,131,110,101,59,80,95,30,134,148,195,97,58,175,151,7,191,181,68,123,6,137,158,54,52,119,100,39,107,55,14,13,172,12,89,75,149,15,135,53,183,69,159,164,90,28,155,73,99,106,93,115,152,2,161,102,86,133,76,122,43,104,17,145,56,21,108,192,40,169,182,29,154,60,177,27,116,111,96,171,141,98,114,64,79,179,47,88,5,186,199,83,153,187,142,150,10,185,62,120,3,168,44,48,63];True
1815;7471;9286;[136,118,129,162,22,87,121,178,127,132,130,84,77,112,34,147,66,157,103,105,74,188,144,9,24,117,167,61,45,138,41,49,78,128,42,57,197,8,16,126,143,160,91,1,33,124,180,196,36,46,140,92,82,23,189,81,0,85,19,26,176,193,109,20,170,166,38,139,146,4,70,194,31,198,174,184,35,67,32,72,163,25,51,50,190,125,11,113,156,71,165,65,37,94,173,18,131,110,101,59,80,100,30,134,148,195,97,58,151,175,7,191,181,68,123,6,137,158,54,52,119,95,39,107,55,14,13,172,12,89,75,149,15,135,53,183,69,159,164,90,28,155,73,99,106,93,115,152,2,161,102,86,133,76,122,43,104,17,145,56,21,108,192,40,169,182,29,154,60,177,27,116,111,96,171,141,98,114,64,79,179,47,88,5,186,199,83,153,187,142,150,10,185,62,120,3,168,44,48,63];False
1814;7466;9280;[136,118,129,162,22,87,121,178,127,132,130,84,77,112,34,147,66,157,103,105,74,188,144,9,24,117,167,61,45,138,41,49,78,128,42,57,197,8,16,126,143,160,91,1,33,124,180,196,36,46,140,92,82,23,189,81,0,85,19,26,176,193,109,20,170,166,38,139,146,4,70,194,31,198,174,184,35,67,32,72,163,25,51,50,190,125,11,113,156,71,165,65,37,94,173,18,131,110,101,59,80,100,30,134,148,195,97,58,175,151,7,191,181,68,123,6,137,158,54,52,119,185,39,107,55,14,13,172,12,89,75,149,15,135,53,183,69,159,164,90,28,155,73,99,106,93,115,152,2,161,102,86,133,76,122,43,104,17,145,56,21,108,192,40,169,182,29,154,60,177,27,116,111,96,171,141,98,114,64,79,179,47,88,5,186,199,83,153,187,142,150,10,95,62,120,3,168,44,48,63];False
1802;7464;9266;[93,118,129,162,19,87,121,178,127,132,130,84,77,112,34,147,66,157,103,105,74,188,144,9,24,117,167,61,45,138,41,49,78,128,42,57,197,8,16,126,143,160,91,1,33,124,180,196,36,46,140,92,82,23,189,81,0,85,22,26,176,193,109,20,170,166,38,139,146,4,70,194,31,198,174,184,35,67,32,72,163,25,51,50,190,125,11,113,156,71,165,65,37,94,173,18,131,110,101,59,80,95,30,134,148,195,97,58,175,151,7,191,181,68,123,6,137,158,54,52,119,100,39,107,55,14,13,172,12,89,75,149,15,135,53,183,69,159,164,90,28,155,73,99,106,136,115,152,2,161,102,86,133,76,122,43,104,17,145,56,21,108,192,40,169,182,29,154,60,177,27,116,111,96,171,141,98,114,64,79,179,47,88,5,186,199,83,153,187,142,150,10,185,62,120,3,168,44,48,63];True
1773;7543;9316;[136,118,129,162,19,87,121,178,127,132,130,84,77,112,34,147,66,157,103,105,74,188,144,9,24,117,167,61,45,138,41,49,78,128,42,57,197,8,16,126,143,160,91,1,33,124,180,196,36,46,140,92,82,23,189,81,0,85,22,131,176,193,109,20,170,166,38,139,146,4,70,194,31,198,174,184,35,67,32,72,163,25,51,50,190,125,11,113,156,71,165,65,37,94,173,18,26,110,101,59,80,95,30,134,148,195,97,58,175,151,7,191,181,68,123,6,137,158,54,52,119,100,39,107,55,14,13,172,12,89,75,149,15,135,53,183,69,159,164,90,28,155,73,99,106,93,115,152,2,161,102,86,133,76,122,43,104,17,145,56,21,108,192,40,169,182,29,154,60,177,27,116,111,96,171,141,98,114,64,79,179,47,88,5,186,199,83,153,187,142,150,10,185,62,120,3,168,44,48,63];False
1759;7544;9303;[136,118,129,162,19,87,121,178,127,132,130,84,77,112,34,147,66,157,103,105,74,188,144,9,24,117,167,61,45,138,41,49,78,128,42,57,197,8,16,126,143,160,91,1,33,124,180,196,36,46,140,92,82,23,189,81,0,85,22,26,176,193,109,20,170,166,38,139,146,4,70,194,31,198,174,184,35,67,32,72,163,25,51,50,190,125,11,113,156,71,165,65,37,94,173,18,131,149,101,59,80,95,30,134,148,195,97,58,175,151,7,191,181,68,123,6,137,158,54,52,119,100,39,107,55,14,13,172,12,89,75,110,15,135,53,183,69,159,164,90,28,155,73,99,106,93,115,152,2,161,102,86,133,76,122,43,104,17,145,56,21,108,192,40,169,182,29,154,60,177,27,116,111,96,171,141,98,114,64,79,179,47,88,5,186,199,83,153,187,142,150,10,185,62,120,3,168,44,48,63];False
1786;7482;9268;[136,118,129,162,19,87,121,178,127,132,130,84,77,112,34,147,66,157,103,105,74,188,144,9,24,117,167,61,45,138,41,49,78,128,42,57,197,8,16,126,143,160,91,1,33,124,180,196,36,46,140,92,82,23,189,81,0,85,22,26,176,193,109,20,170,166,38,139,146,4,70,194,31,198,174,184,35,67,32,72,163,25,51,50,190,125,11,113,156,71,165,65,37,94,173,18,131,110,101,59,80,95,30,134,148,195,97,58,151,175,7,191,181,68,123,6,137,158,54,52,119,100,39,107,55,14,13,172,12,89,75,149,15,135,53,183,69,159,164,90,28,155,73,99,106,93,115,152,2,161,102,86,133,76,122,43,104,17,145,56,21,108,192,40,169,182,29,154,60,177,27,116,111,96,171,141,98,114,64,79,179,47,88,5,186,199,83,153,187,142,150,10,185,62,120,3,168,44,48,63];True
1748;7567;9315;[136,118,129,162,19,87,121,178,127,132,130,84,77,112,34,147,66,157,103,105,74,188,144,9,24,117,167,61,45,138,41,49,78,128,42,57,197,8,16,126,143,160,91,1,33,124,180,196,36,46,140,92,82,23,189,81,0,85,22,26,176,193,109,20,170,166,38,139,146,4,70,194,31,198,174,184,35,67,32,72,163,25,51,50,190,125,11,113,156,71,165,65,37,94,173,18,131,110,101,59,80,95,30,134,148,195,97,58,175,151,7,191,181,68,123,6,137,158,54,52,108,100,39,107,55,14,13,172,12,89,75,149,15,135,53,183,69,159,164,90,28,155,73,99,106,93,115,152,2,161,102,86,133,76,122,43,104,17,145,56,21,119,192,40,169,182,29,154,60,177,27,116,111,96,171,141,98,114,64,79,179,47,88,5,186,199,83,153,187,142,150,10,185,62,120,3,168,44,48,63];False
1768;7526;9294;[136,118,129,162,19,87,121,178,127,132,130,84,77,112,34,147,66,157,103,105,74,188,144,9,24,117,167,61,45,138,41,49,78,128,42,57,197,8,16,126,143,160,91,1,33,124,180,196,36,46,140,92,82,23,189,81,0,85,22,26,176,193,109,20,170,166,38,139,146,4,70,194,31,198,174,184,35,67,32,72,163,25,51,50,190,125,11,113,156,71,165,65,37,94,173,18,131,110,101,59,80,95,30,134,148,195,97,58,175,151,7,191,181,68,123,6,137,158,54,52,119,100,39,107,55,14,13,172,12,89,75,149,15,108,53,183,69,159,164,90,28,155,73,99,106,93,115,152,2,161,102,86,133,76,122,43,104,17,145,56,21,135,192,40,169,182,29,154,60,177,27,116,111,96,171,141,98,114,64,79,179,47,88,5,186,199,83,153,187,142,150,10,185,62,120,3,168,44,48,63];True
1819;7433;9252;[136,118,129,162,19,87,121,178,127,132,130,84,77,112,34,147,66,157,103,105,74,188,144,9,24,117,167,61,45,138,41,49,78,128,42,57,197,8,16,126,143,160,91,1,33,124,180,196,36,46,140,92,82,23,189,81,0,85,22,26,176,193,109,20,170,166,38,139,146,4,70,194,31,198,174,184,35,67,32,72,163,25,51,50,190,125,11,113,156,71,165,65,37,94,173,18,131,110,101,59,80,95,30,134,148,195,97,58,175,151,7,191,181,68,123,6,137,158,54,52,119,100,39,107,55,14,13,172,12,89,75,149,15,135,53,183,69,159,164,90,28,155,73,99,106,93,115,152,2,161,102,86,133,76,122,116,104,17,145,56,21,108,192,40,169,182,29,154,60,177,27,43,111,96,171,141,98,114,64,79,179,47,88,5,186,199,83,153,187,142,150,10,185,62,120,3,168,44,48,63];True
1817;7457;9274;[136,118,129,162,19,87,121,178,127,132,130,84,77,112,34,147,66,157,103,105,74,188,144,9,24,117,167,61,45,138,41,49,78,128,42,57,197,8,16,126,143,160,91,1,33,124,180,196,36,46,140,92,82,23,189,81,0,85,22,26,176,193,109,20,170,166,38,139,146,4,70,194,31,198,174,184,35,67,32,72,163,25,51,50,190,125,11,113,156,71,165,65,37,94,173,18,131,110,101,59,80,100,30,134,148,195,97,58,151,175,7,191,181,68,123,6,137,158,54,52,119,185,39,107,55,14,13,172,12,89,75,149,15,135,53,183,69,159,164,90,28,155,73,99,106,93,115,152,2,161,102,86,133,76,122,43,104,17,145,56,21,108,192,40,169,182,29,154,60,177,27,116,111,96,171,141,98,114,64,79,179,47,88,5,186,199,83,153,187,142,150,10,95,62,120,3,168,44,48,63];False
2061;7212;9273;[73,6,129,70,19,87,121,178,111,132,130,84,77,112,93,147,66,157,103,105,74,188,144,31,142,117,167,61,45,138,41,49,78,128,42,57,197,126,20,109,118,160,162,1,33,124,180,196,36,46,140,92,143,23,189,81,0,85,22,26,176,193,9,190,170,95,38,139,146,4,91,145,34,198,174,184,35,67,32,72,163,25,51,8,16,125,11,113,156,71,165,65,37,94,173,18,131,110,101,59,80,100,30,134,148,195,97,58,151,175,7,191,181,68,123,82,137,158,54,52,119,187,39,107,55,14,13,172,12,89,75,149,15,135,53,183,69,159,164,90,28,155,50,99,106,136,115,152,2,161,102,86,133,76,122,116,104,17,194,56,21,108,192,40,169,182,29,154,60,177,27,43,127,96,171,141,98,114,64,79,179,47,88,5,186,199,83,153,166,24,150,10,185,62,120,3,168,44,48,63];False
2120;7182;9302;[73,6,129,70,19,87,121,178,111,132,130,84,77,112,93,147,66,157,103,105,74,188,144,31,142,117,167,61,45,190,41,49,78,128,42,57,197,126,20,146,118,160,138,1,33,124,180,196,36,46,140,92,143,23,189,81,0,85,22,26,176,193,109,162,170,95,38,139,9,4,91,145,34,198,174,184,35,67,32,72,163,25,51,8,16,125,11,113,156,71,165,65,37,94,173,18,137,110,101,59,80,100,30,134,148,195,97,58,175,151,7,191,181,68,123,82,131,158,54,52,119,187,39,107,55,14,13,172,12,89,75,149,15,135,53,183,69,159,164,90,28,155,50,99,106,136,115,152,2,161,102,86,133,76,122,116,104,17,194,56,21,108,192,40,169,182,29,154,60,177,27,43,127,96,171,141,98,114,64,79,179,47,88,5,186,199,83,153,166,24,150,10,185,62,120,3,168,44,48,63];False
2103;7184;9287;[73,6,129,70,19,87,121,178,111,132,130,84,77,112,93,147,66,157,103,105,74,188,144,31,142,117,167,61,45,190,41,49,78,128,42,57,197,126,20,146,118,160,138,1,33,124,180,196,36,46,140,92,143,23,189,81,0,85,22,26,176,193,109,162,170,95,38,139,9,4,91,145,34,198,174,184,35,67,32,72,163,25,51,8,16,125,11,113,156,71,165,65,37,94,173,18,131,110,101,59,80,100,30,134,148,195,97,58,151,175,7,191,181,68,123,82,137,158,54,52,119,187,39,107,55,14,13,172,12,89,75,149,15,135,53,183,69,159,164,90,28,155,50,99,106,136,115,152,2,161,102,86,133,76,122,116,104,17,194,56,21,108,192,40,169,182,29,154,60,177,27,43,127,96,171,141,98,114,64,79,179,47,88,5,186,199,83,153,166,24,150,10,185,62,120,3,168,44,48,63];False
2095;7188;9283;[73,6,129,70,19,87,121,178,111,132,130,84,77,112,93,147,66,157,103,105,74,188,144,31,142,117,167,61,45,138,41,49,78,128,42,57,197,126,20,146,118,160,162,1,33,124,180,196,36,46,140,92,143,23,189,81,0,85,22,26,176,193,109,190,170,95,38,139,9,4,91,145,34,198,174,184,35,67,32,72,163,25,51,8,16,125,11,113,156,71,165,65,37,94,173,18,86,110,101,59,80,100,30,134,148,195,97,58,151,175,7,191,181,68,123,82,131,158,54,52,119,187,39,107,55,14,13,172,12,89,75,149,15,135,53,183,69,159,164,90,28,155,50,99,106,136,115,152,2,161,102,137,133,76,122,116,104,17,194,56,21,108,192,40,169,182,29,154,60,177,27,43,127,96,171,141,98,114,64,79,179,47,88,5,186,199,83,153,166,24,150,10,185,62,120,3,168,44,48,63];True
2064;7209;9273;[73,6,129,162,19,87,121,178,111,132,130,84,77,112,93,147,66,157,103,105,74,188,144,31,142,117,167,61,45,138,41,49,78,128,42,57,197,126,20,146,118,160,91,1,33,124,180,196,36,46,140,92,143,23,189,81,0,85,22,26,176,193,136,190,170,95,38,139,9,4,109,145,34,198,174,184,35,67,32,72,163,25,51,8,16,125,11,113,156,71,165,65,37,94,173,18,86,110,101,59,80,100,30,134,148,195,97,58,151,175,7,191,181,68,123,82,131,158,54,52,119,187,39,107,55,14,13,172,12,89,75,149,15,135,53,183,69,159,164,90,28,155,50,99,106,70,115,152,2,161,102,137,133,76,122,116,104,17,194,56,21,108,192,40,169,182,29,154,60,177,27,43,127,96,171,141,98,114,64,79,179,47,88,5,186,199,83,153,166,24,150,10,185,62,120,3,168,44,48,63];False
2121;7181;9302;[34,4,121,162,147,67,32,138,172,12,130,84,77,112,93,184,66,157,103,105,74,188,144,51,142,117,167,61,45,22,41,49,78,128,42,57,197,146,55,126,143,160,91,1,33,124,180,196,36,46,140,92,82,23,189,81,0,85,19,26,176,193,109,190,170,95,38,139,65,20,70,194,31,198,174,178,9,6,129,2,163,25,50,8,16,125,11,113,156,71,165,87,37,94,173,18,137,175,101,59,80,100,30,134,148,195,97,58,110,151,7,191,181,68,123,72,131,158,54,52,119,187,39,107,118,14,13,111,132,89,75,149,15,135,53,183,69,159,164,90,28,155,73,99,106,136,115,152,35,161,102,86,133,76,122,116,104,17,145,56,21,108,192,40,169,182,29,154,60,177,27,43,127,96,171,141,98,114,64,79,179,47,88,5,186,199,83,153,166,24,150,10,185,62,120,3,168,44,48,63];False
2125;7171;9296;[34,4,121,162,147,67,32,138,172,12,130,84,77,112,93,184,66,157,103,105,74,188,144,51,142,117,167,61,45,22,41,49,78,128,42,57,197,146,118,126,143,160,91,1,33,124,180,196,36,46,140,92,82,23,189,81,0,85,19,26,176,193,109,190,170,95,38,139,65,20,70,194,31,198,174,178,90,6,129,2,163,25,50,8,16,125,11,113,156,71,165,87,37,94,173,18,137,175,101,59,80,100,30,134,148,195,97,58,110,151,7,191,181,68,123,72,131,158,54,52,119,187,39,107,55,14,13,111,132,89,75,149,15,135,53,183,69,159,164,9,28,155,73,99,106,136,115,152,35,161,102,86,133,76,122,116,104,17,145,56,21,108,192,40,169,182,29,154,60,177,27,43,127,96,171,141,98,114,64,79,179,47,88,5,186,199,83,153,166,24,150,10,185,62,120,3,168,44,48,63];False
2120;7177;9297;[34,4,121,162,147,67,32,138,172,12,130,84,77,112,93,184,66,157,103,105,74,188,144,51,142,117,167,61,45,22,41,49,78,128,42,57,197,146,118,126,143,160,91,1,33,124,180,196,36,46,140,92,82,23,189,81,0,85,19,26,176,193,109,190,170,95,38,139,65,20,70,194,31,198,174,178,9,28,129,2,163,25,50,8,16,125,11,113,156,71,165,87,37,94,173,18,137,175,101,59,80,100,30,134,148,195,97,58,110,151,7,191,181,68,123,72,131,158,54,52,119,187,39,107,55,14,13,111,132,89,75,149,15,135,53,183,69,159,164,90,6,155,73,99,106,136,115,152,35,161,102,86,133,76,122,116,104,17,145,56,21,108,192,40,169,182,29,154,60,177,27,43,127,96,171,141,98,114,64,79,179,47,88,5,186,199,83,153,166,24,150,10,185,62,120,3,168,44,48,63];False
2110;7163;9273;[34,4,121,162,147,67,32,138,172,12,130,84,77,112,93,184,66,157,103,105,74,188,144,51,142,117,167,61,45,22,41,49,78,128,42,57,197,146,118,126,143,160,91,1,33,124,180,196,36,46,140,92,82,23,189,81,0,85,19,26,176,193,109,190,170,95,38,139,65,20,70,194,31,198,174,178,9,6,129,2,163,25,50,8,16,125,11,113,156,71,165,87,37,94,173,18,137,175,101,59,80,100,30,134,148,195,97,58,151,110,7,191,181,68,123,72,131,158,54,52,119,187,39,107,55,14,13,111,132,89,75,149,15,135,53,183,69,159,164,90,28,155,73,99,106,136,115,152,35,161,102,86,133,76,122,116,104,17,145,56,21,108,192,40,169,182,29,154,60,177,27,43,127,96,171,141,98,114,64,79,179,47,88,5,186,199,83,153,166,24,150,10,185,62,120,3,168,44,48,63];True
2165;7146;9311;[34,4,121,162,147,67,32,91,172,12,130,84,77,112,93,184,66,157,103,105,74,188,144,31,142,117,167,61,45,65,41,49,78,128,42,57,197,146,118,126,143,160,138,1,33,124,180,196,36,46,140,92,82,23,189,81,0,85,22,26,176,193,109,190,170,95,38,139,19,20,70,194,29,198,174,178,9,6,129,2,163,25,50,8,16,125,11,113,156,71,165,87,37,94,173,18,131,110,101,59,80,100,30,134,148,195,97,58,175,151,7,191,181,68,123,72,137,158,54,52,119,187,39,107,55,14,13,111,132,89,75,149,15,135,53,183,69,159,164,90,28,155,73,99,106,136,115,152,35,161,102,86,133,76,122,116,104,17,145,56,21,108,192,40,169,182,51,154,60,177,27,43,127,96,171,141,98,114,64,79,179,47,88,5,186,199,83,153,166,24,150,10,185,62,120,3,168,44,48,63];False
2246;7100;9346;[34,4,121,162,147,67,32,91,172,12,130,84,77,112,93,184,66,157,103,105,74,188,144,31,142,117,167,61,45,19,41,49,78,128,42,57,197,146,118,126,143,160,138,1,33,124,180,196,36,46,140,92,82,23,189,81,0,85,22,26,176,193,109,190,170,95,38,139,65,20,70,194,29,198,174,178,9,6,129,2,163,25,50,51,16,125,11,113,156,71,165,87,37,94,173,18,131,110,101,59,80,100,30,134,148,195,97,58,175,151,7,191,181,68,123,72,137,158,54,52,119,187,39,107,55,14,13,111,132,89,75,149,15,135,53,183,69,159,164,90,28,155,73,99,106,136,115,152,35,161,102,86,133,76,122,116,104,17,145,56,21,108,192,40,169,182,8,154,60,177,27,43,127,96,171,141,98,114,64,79,179,47,88,5,186,199,83,153,166,24,150,10,185,62,120,3,168,44,48,63];False
2221;7111;9332;[34,4,121,162,147,67,32,91,172,12,130,84,77,112,93,184,66,157,103,105,74,188,144,31,142,117,167,61,45,19,41,49,78,128,42,57,197,146,118,126,143,160,138,1,33,124,180,196,36,46,140,92,82,23,189,81,0,85,22,26,176,193,109,190,170,95,38,139,65,20,70,194,29,198,174,178,9,6,129,2,163,25,50,8,16,125,11,113,156,71,165,87,37,94,173,18,131,110,101,59,80,100,30,134,148,195,97,58,151,175,7,191,181,68,123,72,137,158,54,52,119,187,39,107,55,14,13,111,132,89,75,149,15,135,53,183,69,159,164,90,28,155,73,99,106,136,115,152,35,161,102,86,133,76,122,116,104,17,145,56,21,108,192,40,169,182,51,154,60,177,27,43,127,96,171,141,98,114,64,79,179,47,88,5,186,199,83,153,166,24,150,10,185,62,120,3,168,44,48,63];False
2218;7114;9332;[34,4,121,162,147,67,32,19,172,12,130,84,77,112,93,184,66,157,103,105,74,188,144,31,142,117,167,61,45,138,41,49,78,128,42,57,197,146,118,126,143,160,91,1,33,124,180,196,36,46,140,92,82,23,189,81,0,85,22,26,176,193,109,190,170,95,38,139,65,20,70,194,29,198,174,178,9,6,129,2,163,25,50,51,16,125,11,113,156,71,165,87,37,94,173,18,131,110,101,59,80,100,30,134,148,195,97,58,175,151,7,191,181,68,123,72,137,158,54,52,119,187,39,107,55,14,13,111,132,89,75,149,15,135,53,183,69,159,164,90,28,155,73,99,106,136,115,152,35,161,102,86,133,76,122,116,104,17,145,56,21,108,192,40,169,182,8,154,60,177,27,43,127,96,171,141,98,114,64,79,179,47,88,5,186,199,83,153,166,24,150,10,185,62,120,3,168,44,48,63];True
2193;7125;9318;[34,4,121,162,147,67,32,19,172,12,130,84,77,112,93,184,66,157,103,105,74,188,144,31,142,117,167,61,45,138,41,49,78,128,42,57,197,146,118,126,143,160,91,1,33,124,180,196,36,46,140,92,82,23,189,81,0,85,22,26,176,193,109,190,170,95,38,139,65,20,70,194,29,198,174,178,9,6,129,2,163,25,50,8,16,125,11,113,156,71,165,87,37,94,173,18,131,110,101,59,80,100,30,134,148,195,97,58,151,175,7,191,181,68,123,72,137,158,54,52,119,187,39,107,55,14,13,111,132,89,75,149,15,135,53,183,69,159,164,90,28,155,73,99,106,136,115,152,35,161,102,86,133,76,122,116,104,17,145,56,21,108,192,40,169,182,51,154,60,177,27,43,127,96,171,141,98,114,64,79,179,47,88,5,186,199,83,153,166,24,150,10,185,62,120,3,168,44,48,63];False
2178;7123;9301;[34,4,121,162,147,67,32,138,172,12,130,84,77,112,93,184,66,157,103,105,74,188,144,31,142,117,167,61,182,19,41,49,78,128,42,57,197,146,118,126,143,160,91,1,33,124,180,196,36,46,140,92,82,23,189,81,0,85,22,26,176,193,109,190,170,95,38,139,65,20,70,194,29,198,174,178,9,6,129,2,163,25,50,51,16,125,11,113,156,71,165,87,37,94,173,18,131,110,101,59,80,100,30,134,148,195,97,58,175,151,7,191,181,68,123,72,137,158,54,52,119,187,39,107,55,14,13,111,132,89,75,149,15,135,53,183,69,159,164,90,28,155,73,99,106,136,115,152,35,161,102,86,133,76,122,116,104,17,145,56,21,108,192,40,169,45,8,154,60,177,27,43,127,96,171,141,98,114,64,79,179,47,88,5,186,199,83,153,166,24,150,10,185,62,120,3,168,44,48,63];True
2289;7080;9369;[34,4,121,162,147,67,32,138,172,12,130,84,77,112,93,184,66,157,103,105,74,188,144,31,142,117,167,61,45,19,41,49,78,128,42,57,197,146,118,126,143,160,91,1,33,124,180,196,36,46,140,92,82,23,189,81,0,85,22,26,176,193,109,190,170,95,38,139,65,20,70,194,29,198,174,178,9,6,129,2,163,25,51,50,16,125,11,113,156,71,165,87,37,94,173,18,131,110,101,59,80,100,30,134,148,195,97,58,175,151,7,191,181,68,123,72,137,158,54,52,119,187,39,107,55,14,13,111,132,89,75,149,15,135,53,183,69,159,164,90,28,155,73,99,106,136,115,152,35,161,102,86,133,76,122,116,104,17,145,56,21,108,192,40,169,182,8,154,60,177,27,43,127,96,171,141,98,114,64,79,179,47,88,5,186,199,83,153,166,24,150,10,185,62,120,3,168,44,48,63];True
2226;7109;9335;[34,4,121,162,147,67,32,138,172,12,130,84,77,112,93,184,66,157,103,105,74,188,144,31,142,117,167,61,45,19,41,49,78,128,42,57,197,146,118,126,143,160,91,1,33,124,180,196,36,46,140,92,82,23,189,81,0,85,22,26,176,193,109,190,170,95,38,139,65,20,70,194,29,198,174,178,9,6,129,2,163,25,50,51,16,125,11,113,156,71,165,87,37,94,173,18,131,110,101,59,80,100,30,134,148,195,97,58,151,175,7,191,181,68,123,72,137,158,54,52,119,187,39,107,55,14,13,111,132,89,75,149,15,135,53,183,69,159,164,90,28,155,73,99,106,136,115,152,35,161,102,86,133,76,122,116,104,17,145,56,21,108,192,40,169,182,8,154,60,177,27,43,127,96,171,141,98,114,64,79,179,47,88,5,186,199,83,153,166,24,150,10,185,62,120,3,168,44,48,63];False
2245;7102;9347;[34,4,121,162,147,67,32,138,172,12,130,84,77,112,93,184,66,157,103,105,74,188,144,31,142,117,167,61,45,19,41,49,78,128,42,57,197,146,118,126,143,160,91,1,33,124,180,196,36,46,140,92,82,23,189,81,0,85,22,26,176,193,109,190,170,95,38,139,65,20,70,194,29,198,174,178,9,6,129,2,163,25,50,51,16,125,11,113,156,71,165,87,37,94,173,18,131,110,101,59,80,100,30,134,148,195,97,58,175,151,7,191,181,68,123,72,137,158,54,52,119,187,39,107,55,14,13,111,132,89,75,149,15,135,53,183,69,159,164,90,28,155,73,99,106,136,115,152,35,161,102,86,133,76,122,116,104,8,145,56,21,108,192,40,169,182,17,154,60,177,27,43,127,96,171,141,98,114,64,79,179,47,88,5,186,199,83,153,166,24,150,10,185,62,120,3,168,44,48,63];False
2222;7109;9331;[34,4,121,162,147,67,32,138,172,12,130,84,77,112,93,184,66,157,103,105,74,188,144,31,142,117,167,61,45,19,41,49,78,128,42,57,197,146,118,126,143,160,91,1,33,124,180,196,36,46,140,92,82,23,189,81,0,85,22,26,176,193,109,190,170,95,38,139,65,20,70,194,29,198,174,178,9,6,129,2,163,25,50,8,16,125,11,113,156,71,165,87,37,94,173,18,86,110,101,59,80,100,30,134,148,195,97,58,175,151,7,191,181,68,123,72,131,158,54,52,119,187,39,107,55,14,13,111,132,89,75,149,15,135,53,183,69,159,164,90,28,155,73,99,106,136,115,152,35,161,102,137,133,76,122,116,104,17,145,56,21,108,192,40,169,182,51,154,60,177,27,43,127,96,171,141,98,114,64,79,179,47,88,5,186,199,83,153,166,24,150,10,185,62,120,3,168,44,48,63];True
2200;7119;9319;[34,4,121,162,147,67,32,138,172,12,130,84,77,112,93,184,66,157,103,105,74,188,144,31,142,117,167,61,45,19,41,49,78,128,42,57,197,146,118,126,143,160,91,1,33,124,180,196,36,46,140,92,82,23,189,81,0,85,22,26,176,193,109,190,170,95,38,139,65,20,70,194,29,198,174,178,9,6,129,2,163,25,50,8,16,125,11,113,156,71,165,87,37,94,173,18,137,175,101,59,80,100,30,134,148,195,97,58,110,151,7,191,181,68,123,72,131,158,54,52,119,187,39,107,55,14,13,111,132,89,75,149,15,135,53,183,69,159,164,90,28,155,73,99,106,136,115,152,35,161,102,86,133,76,122,116,104,17,145,56,21,108,192,40,169,182,51,154,60,177,27,43,127,96,171,141,98,114,64,79,179,47,88,5,186,199,83,153,166,24,150,10,185,62,120,3,168,44,48,63];False
2167;7141;9308;[34,4,121,162,147,67,32,138,172,12,130,84,77,112,93,184,66,157,103,105,74,188,144,31,142,117,167,61,45,22,41,49,78,128,42,57,197,146,118,126,143,160,91,1,33,124,180,196,36,46,140,92,82,23,189,81,0,85,19,26,176,193,109,190,170,95,38,139,65,20,70,194,29,198,174,178,9,6,129,2,163,25,50,8,16,125,11,113,156,71,165,87,37,94,173,18,86,110,101,59,80,100,30,134,148,195,97,58,151,175,7,191,181,68,123,72,131,158,54,52,119,187,39,107,55,14,13,111,132,89,75,149,15,135,53,183,69,159,164,90,28,155,73,99,106,136,115,152,35,161,102,137,133,76,122,116,104,17,145,56,21,108,192,40,169,182,51,154,60,177,27,43,127,96,171,141,98,114,64,79,179,47,88,5,186,199,83,153,166,24,150,10,185,62,120,3,168,44,48,63];False
2165;7142;9307;[34,4,121,162,147,67,32,91,172,12,130,84,77,112,93,184,66,157,103,105,74,188,144,31,142,117,167,61,45,22,41,49,78,128,42,57,197,146,118,126,143,160,138,1,33,124,180,196,36,46,140,92,82,23,189,81,0,85,19,26,176,193,109,190,170,95,38,139,65,20,70,194,29,198,174,178,9,6,129,2,163,25,50,8,16,125,11,113,156,71,165,87,37,94,173,18,137,175,101,59,80,100,30,134,148,195,97,58,110,151,7,191,181,68,123,72,131,158,54,52,119,187,39,107,55,14,13,111,132,89,75,149,15,135,53,183,69,159,164,90,28,155,73,99,106,136,115,152,35,161,102,86,133,76,122,116,104,17,145,56,21,108,192,40,169,182,51,154,60,177,27,43,127,96,171,141,98,114,64,79,179,47,88,5,186,199,83,153,166,24,150,10,185,62,120,3,168,44,48,63];False
2126;7155;9281;[34,4,121,162,147,67,32,138,172,12,130,84,77,112,93,184,66,157,103,105,74,188,144,31,142,117,167,61,45,22,41,49,78,128,42,57,197,146,118,126,143,160,91,1,33,124,180,196,36,46,140,92,82,23,189,81,0,85,19,26,176,193,109,190,170,95,38,139,65,20,70,194,29,198,174,178,9,6,129,2,163,25,50,8,16,125,11,113,156,71,165,87,37,94,173,18,137,175,101,59,80,100,30,134,148,195,97,58,151,110,7,191,181,68,123,72,131,158,54,52,119,187,39,107,55,14,13,111,132,89,75,149,15,135,53,183,69,159,164,90,28,155,73,99,106,136,115,152,35,161,102,86,133,76,122,116,104,17,145,56,21,108,192,40,169,182,51,154,60,177,27,43,127,96,171,141,98,114,64,79,179,47,88,5,186,199,83,153,166,24,150,10,185,62,120,3,168,44,48,63];True
1733;7600;9333;[13,172,132,22,26,178,147,3,2,130,84,117,77,112,106,24,66,157,103,105,74,188,93,118,10,0,101,61,45,138,41,49,78,128,42,57,37,121,162,126,143,160,91,1,33,14,94,196,36,182,140,92,82,23,189,81,87,85,104,46,146,193,136,144,170,95,38,139,19,20,51,149,34,194,180,123,90,111,32,72,163,25,70,65,16,190,125,113,156,71,165,184,31,8,173,18,131,110,167,59,80,100,30,134,148,195,97,137,175,151,7,191,181,68,198,142,58,158,54,52,29,154,39,107,55,124,176,67,12,89,75,4,15,135,53,183,69,159,164,9,28,155,73,99,109,50,115,152,35,44,102,86,133,76,122,116,161,187,145,56,21,108,192,40,169,129,119,11,60,177,27,43,127,96,171,141,98,114,64,79,179,47,88,5,186,199,83,153,166,174,150,6,185,62,120,197,168,17,48,63];True
1736;7597;9333;[13,172,12,22,26,178,147,3,2,130,132,117,77,112,106,24,66,157,103,105,74,188,93,118,10,0,101,61,45,138,41,49,78,128,42,57,37,121,162,126,143,160,91,1,33,14,94,196,36,182,140,92,82,23,189,81,87,85,104,46,146,193,136,144,170,95,38,139,19,20,51,149,34,194,180,123,90,111,32,72,163,25,70,65,16,190,125,113,156,71,165,184,31,8,173,18,131,110,167,59,80,100,30,134,148,195,97,137,175,151,7,191,181,68,198,142,58,158,54,52,29,154,39,107,55,124,176,67,84,89,75,4,15,135,53,183,69,159,164,9,28,155,73,99,109,50,115,152,35,44,102,86,133,76,122,116,161,187,145,56,21,108,192,40,169,129,119,11,60,177,27,43,127,96,171,141,98,114,64,79,179,47,88,5,186,199,83,153,166,174,150,6,185,62,120,197,168,17,48,63];True
1764;7540;9304;[13,172,12,22,26,178,147,3,2,130,84,117,77,112,106,24,66,157,103,105,74,188,93,118,10,0,167,61,45,138,41,49,78,128,42,57,37,121,162,126,143,160,91,1,33,14,94,196,36,182,140,92,82,23,189,81,87,85,104,46,146,193,136,144,170,95,38,139,19,20,51,149,34,194,180,123,90,111,32,72,163,25,70,65,16,190,125,113,156,71,165,184,31,8,173,18,131,110,101,59,80,100,30,134,148,195,97,137,175,151,7,191,181,68,198,142,58,158,54,52,29,154,39,107,55,124,176,67,132,89,75,4,15,135,53,183,69,159,164,9,28,155,73,99,109,50,115,152,35,44,102,86,133,76,122,116,161,187,145,56,21,108,192,40,169,129,119,11,60,177,27,43,127,96,171,141,98,114,64,79,179,47,88,5,186,199,83,153,166,174,150,6,185,62,120,197,168,17,48,63];False
1732;7617;9349;[13,172,12,22,26,178,147,3,2,130,84,117,77,112,106,24,66,157,103,105,74,188,93,118,10,0,101,61,45,138,167,49,78,128,42,57,37,121,162,126,143,160,91,1,33,14,94,196,36,182,140,92,82,23,189,81,87,85,104,46,146,193,136,144,170,95,38,139,19,20,51,149,34,194,180,123,90,111,32,72,163,25,70,65,16,190,125,113,156,71,165,184,31,8,173,18,131,110,41,59,80,100,30,134,148,195,97,137,175,151,7,191,181,68,198,142,58,158,54,52,29,154,39,107,55,124,176,67,132,89,75,4,15,135,53,183,69,159,164,9,28,155,73,99,109,50,115,152,35,44,102,86,133,76,122,116,161,187,145,56,21,108,192,40,169,129,119,11,60,177,27,43,127,96,171,141,98,114,64,79,179,47,88,5,186,199,83,153,166,174,150,6,185,62,120,197,168,17,48,63];False
1746;7575;9321;[13,172,12,22,26,178,147,3,2,130,84,117,77,112,106,24,66,157,103,105,74,188,93,118,10,0,101,61,45,138,41,49,78,128,42,57,37,121,162,126,143,160,91,1,33,14,94,196,36,182,140,92,82,23,189,81,87,85,104,20,146,193,136,144,170,95,38,139,19,46,51,149,34,194,180,123,90,111,32,72,163,25,70,65,16,190,125,113,156,71,165,184,31,8,173,18,131,110,167,59,80,100,30,134,148,195,97,137,175,151,7,191,181,68,198,142,58,158,54,52,29,154,39,107,55,124,176,67,132,89,75,4,15,135,53,183,69,159,164,9,28,155,73,99,109,50,115,152,35,44,102,86,133,76,122,116,161,187,145,56,21,108,192,40,169,129,119,11,60,177,27,43,127,96,171,141,98,114,64,79,179,47,88,5,186,199,83,153,166,174,150,6,185,62,120,197,168,17,48,63];True
1732;7614;9346;[13,172,12,22,26,178,147,3,2,130,84,117,77,112,106,24,66,157,103,105,74,188,93,118,10,0,101,61,45,138,41,49,78,128,42,57,37,121,162,126,143,160,91,1,33,14,94,196,36,182,140,92,82,23,189,81,87,85,104,46,146,193,136,144,170,166,38,139,19,20,51,149,34,194,180,123,90,111,32,72,163,25,70,65,16,190,125,113,156,71,165,184,31,8,173,18,131,110,167,59,80,100,30,134,148,195,97,137,175,151,7,191,181,68,198,142,58,158,54,52,29,154,39,107,55,124,176,67,132,89,75,4,15,135,53,183,69,159,164,9,28,155,73,99,109,50,115,152,35,44,102,86,133,76,122,116,161,187,145,56,21,108,192,40,169,129,119,11,60,177,27,43,127,96,171,141,98,114,64,79,179,47,88,5,186,199,83,153,95,174,150,6,185,62,120,197,168,17,48,63];False
1705;7659;9364;[13,172,12,22,26,178,147,3,2,130,84,117,77,112,106,24,66,157,103,105,74,188,93,118,10,0,101,61,45,138,41,49,78,128,42,57,37,121,162,126,143,160,91,1,33,14,94,196,36,182,140,92,82,23,189,81,87,85,104,46,146,193,136,144,170,95,38,139,19,20,51,149,34,194,180,123,90,111,32,72,163,25,70,65,16,190,125,113,156,71,127,184,31,8,173,18,131,110,167,59,80,100,30,134,148,195,97,137,175,151,7,191,181,68,198,142,58,158,54,52,29,154,39,107,55,124,176,67,132,89,75,4,15,135,53,183,69,159,164,9,28,155,73,99,109,50,115,152,35,44,102,86,133,76,122,116,161,187,145,56,21,108,192,40,169,129,119,11,60,177,27,43,165,96,171,141,98,114,64,79,179,47,88,5,186,199,83,153,166,174,150,6,185,62,120,197,168,17,48,63];True
1724;7626;9350;[13,172,12,22,26,178,147,3,2,130,84,117,77,112,106,24,66,157,103,105,74,188,93,118,10,0,101,61,45,138,41,49,78,128,42,57,37,121,162,126,143,160,91,1,33,14,94,196,36,182,140,92,82,23,189,81,87,85,104,46,146,193,136,144,170,95,38,139,19,20,51,149,34,194,180,123,90,111,32,72,163,25,70,65,16,190,125,113,156,71,165,184,31,8,173,18,131,110,167,59,80,100,30,134,148,195,97,137,175,151,7,191,181,68,198,142,58,158,54,52,29,154,39,107,55,124,176,67,132,89,75,4,15,135,53,183,69,159,164,9,28,155,73,99,109,50,115,152,35,44,102,86,133,153,122,116,161,187,145,56,21,108,192,40,169,129,119,11,60,177,27,43,127,96,171,141,98,114,64,79,179,47,88,5,186,199,83,76,166,174,150,6,185,62,120,197,168,17,48,63];False
1717;7621;9338;[13,172,12,22,26,178,147,3,2,130,84,117,77,112,106,24,66,157,103,105,74,188,93,118,10,0,101,61,45,138,41,49,78,128,42,57,37,121,162,126,143,160,91,1,33,14,94,196,36,182,140,92,82,23,189,81,87,85,104,46,146,193,136,144,170,95,38,139,19,20,51,149,34,194,180,123,90,111,32,72,163,25,70,65,16,190,125,113,156,71,165,184,31,8,173,18,131,110,167,59,80,100,30,134,148,195,97,137,175,151,7,191,181,68,198,142,58,158,54,52,29,154,39,107,55,124,176,67,132,89,75,4,15,135,53,183,69,159,164,9,28,155,73,99,109,50,115,152,35,44,102,86,133,76,122,116,161,43,145,56,21,108,192,40,169,129,119,11,60,177,27,187,127,96,171,141,98,114,64,79,179,47,88,5,186,199,83,153,166,174,150,6,185,62,120,197,168,17,48,63];True
2252;7096;9348;[50,4,121,162,147,67,32,91,172,12,130,84,77,112,93,184,66,157,103,105,74,188,144,31,142,117,167,61,45,65,41,49,78,128,42,57,197,146,118,126,143,160,138,1,33,124,180,196,36,46,140,92,82,23,189,81,0,85,22,26,176,193,109,190,170,95,38,139,70,20,19,145,34,198,174,178,9,6,129,2,163,25,51,8,16,125,11,113,156,71,165,87,37,94,173,18,137,175,101,59,80,100,30,134,148,195,97,58,151,110,7,191,181,68,123,72,131,158,54,52,119,187,39,107,55,14,13,111,132,89,75,149,15,135,53,183,69,159,164,90,28,155,73,99,106,136,115,152,35,161,102,86,133,76,122,116,104,17,194,56,21,108,192,40,169,182,29,154,60,177,27,43,127,96,171,141,98,114,64,79,179,47,88,5,186,199,83,153,166,24,150,10,185,62,120,3,168,44,48,63];False
1675;7739;9414;[50,172,12,22,26,178,120,3,2,130,84,117,77,112,31,29,66,157,103,105,74,188,144,118,147,0,101,61,45,138,167,180,78,128,42,57,37,121,162,126,143,160,91,1,33,124,94,196,52,182,140,92,82,23,189,81,87,85,104,20,146,193,109,93,170,166,38,139,19,194,102,149,34,127,175,123,49,67,32,72,137,25,70,65,16,190,11,113,156,71,165,184,125,8,173,18,131,110,41,59,80,100,30,134,148,195,97,58,6,43,7,191,181,68,198,142,163,158,54,36,119,187,39,107,55,14,13,197,132,89,75,4,15,108,53,183,69,159,164,90,28,155,73,99,106,136,115,152,35,176,9,86,133,76,122,116,161,46,145,56,21,135,192,40,169,129,24,154,60,177,27,151,111,96,171,141,98,114,64,79,179,47,88,5,186,199,83,153,95,174,150,10,185,62,44,51,168,17,48,63];False
1658;7741;9399;[50,172,12,22,26,178,120,3,2,130,84,117,77,112,31,29,66,157,103,105,74,188,144,118,147,0,101,61,45,138,167,180,78,128,42,57,37,121,162,126,143,160,91,1,33,124,94,196,52,182,140,92,82,23,189,81,87,85,104,20,146,193,106,93,170,95,38,139,19,194,102,149,34,127,175,123,49,67,32,72,137,25,136,65,16,190,11,113,156,71,165,184,125,8,173,18,131,110,41,59,80,100,30,134,148,195,97,58,6,43,7,191,181,68,198,142,163,158,54,36,119,187,39,107,55,14,13,197,132,89,75,4,15,135,53,183,69,159,164,90,28,155,73,99,109,70,115,152,35,176,9,86,133,76,122,116,161,46,145,56,21,108,192,40,169,129,24,154,60,177,27,151,111,96,171,141,98,114,64,79,179,47,88,5,186,199,83,153,166,174,150,10,185,62,44,51,168,17,48,63];True
1679;7722;9401;[50,172,12,22,26,178,120,3,2,130,84,117,77,112,31,29,66,157,103,105,74,188,144,118,147,0,101,61,45,138,167,180,78,128,42,57,37,121,162,126,143,160,91,1,33,124,94,196,52,182,140,92,82,23,189,81,87,85,104,20,146,193,109,93,170,95,38,139,19,194,102,149,34,127,175,123,49,67,32,72,137,25,70,65,16,190,11,113,156,71,165,184,125,8,173,18,131,110,41,59,80,100,30,134,148,195,97,58,6,43,7,191,181,68,198,142,163,158,54,36,119,187,39,107,55,14,13,197,132,89,75,4,15,108,53,183,69,159,164,90,28,155,73,99,106,136,115,152,35,176,9,86,133,76,122,116,161,46,145,56,21,135,192,40,169,129,24,154,60,179,27,151,111,96,171,141,98,114,64,79,177,47,88,5,186,199,83,153,166,174,150,10,185,62,44,51,168,17,48,63];False
1691;7694;9385;[50,172,12,22,26,178,120,3,2,130,84,117,77,112,31,29,66,157,103,105,74,188,144,118,100,0,101,61,45,138,167,180,78,128,42,57,37,121,162,126,143,160,91,1,33,124,94,196,36,182,140,92,82,23,189,81,87,85,104,20,146,193,109,93,170,95,38,139,19,194,102,149,34,127,175,123,49,67,32,72,137,25,70,65,16,190,11,113,156,71,165,184,125,8,173,18,131,110,41,59,80,147,30,134,148,195,97,58,6,43,7,191,181,68,198,142,163,158,54,60,119,187,39,107,55,14,13,197,132,89,75,4,15,135,53,183,69,159,164,90,28,155,73,99,106,136,115,152,35,176,9,86,133,76,122,116,161,46,145,56,21,108,192,40,169,129,24,154,52,179,27,151,111,96,171,141,98,114,64,79,177,47,88,5,186,199,83,153,166,174,150,10,185,62,44,51,168,17,48,63];False
1689;7693;9382;[50,172,12,22,26,178,120,3,2,130,84,117,77,112,31,29,66,157,103,105,74,188,144,118,147,0,101,61,45,138,167,180,78,128,42,57,37,121,162,126,143,160,91,1,33,124,94,196,36,182,140,92,82,23,189,81,87,85,104,20,146,193,109,93,170,166,38,139,19,194,102,149,34,127,175,123,49,67,32,72,137,25,70,65,16,190,11,113,156,71,165,184,125,8,173,18,131,110,41,59,80,100,30,134,148,195,97,58,6,43,7,191,181,68,198,142,163,158,54,60,119,187,39,107,55,14,13,197,132,89,75,4,15,135,53,183,69,159,164,90,28,155,73,99,106,136,115,152,35,176,9,86,133,76,122,116,161,46,145,56,21,108,192,40,169,129,24,154,52,179,27,151,111,96,171,141,98,114,64,79,177,47,88,5,186,199,83,153,95,174,150,10,185,62,44,51,168,17,48,63];True
1681;7704;9385;[50,172,12,22,26,178,120,3,2,130,84,117,77,112,31,29,66,157,103,105,74,188,144,118,147,0,101,61,45,138,167,180,78,128,42,57,37,121,162,126,143,160,91,1,33,124,94,196,36,182,140,92,82,23,189,81,87,85,104,20,146,193,109,93,170,95,38,139,19,194,102,149,34,127,175,123,49,67,32,72,137,25,136,65,16,190,11,113,156,71,165,184,125,8,173,18,131,110,41,59,80,100,30,134,148,195,97,58,6,43,7,191,181,68,198,142,163,158,54,60,119,187,39,107,55,14,13,197,132,89,75,4,15,135,53,183,69,159,164,90,28,155,73,99,106,70,115,152,35,176,9,86,133,76,122,116,161,46,145,56,21,108,192,40,169,129,24,154,52,179,27,151,111,96,171,141,98,114,64,79,177,47,88,5,186,199,83,153,166,174,150,10,185,62,44,51,168,17,48,63];False
1679;7717;9396;[50,172,12,22,26,178,120,3,2,130,84,117,77,112,31,29,66,157,103,105,74,188,144,118,147,0,101,61,45,138,167,180,78,128,42,57,37,121,162,126,143,160,91,1,33,124,94,196,36,182,140,92,82,23,189,81,87,85,104,20,146,193,109,93,170,95,38,139,19,194,102,149,34,127,175,123,49,67,32,72,137,25,70,115,16,190,11,113,156,71,165,184,125,8,173,18,131,110,41,59,80,100,30,134,148,195,97,58,6,43,7,191,181,68,198,142,163,158,54,60,119,187,39,107,55,14,13,197,132,89,75,4,15,135,53,183,69,159,164,90,28,155,73,99,106,136,65,152,35,176,9,86,133,76,122,116,161,46,145,56,21,108,192,40,169,129,24,154,52,179,27,151,111,96,171,141,98,114,64,79,177,47,88,5,186,199,83,153,166,174,150,10,185,62,44,51,168,17,48,63];False
1694;7680;9374;[50,172,12,22,26,178,120,3,2,130,84,117,77,112,31,29,66,157,103,105,74,188,144,118,147,0,101,61,45,138,167,180,78,128,42,57,37,121,162,126,143,160,91,1,33,124,94,196,36,182,140,92,82,23,189,81,87,85,104,20,146,193,109,93,170,95,38,139,19,194,102,149,34,127,175,123,49,67,32,72,137,25,70,65,16,190,186,113,156,71,165,184,125,8,173,18,131,110,41,59,80,100,30,134,148,195,97,58,6,43,7,191,181,68,198,142,163,158,54,60,119,187,39,107,55,14,13,197,132,89,75,4,15,135,53,183,69,159,164,90,28,155,73,99,106,136,115,152,35,176,9,86,133,76,122,116,161,46,145,56,21,108,192,40,169,129,24,154,52,179,27,151,111,96,171,141,98,114,64,79,177,47,88,5,11,199,83,153,166,174,150,10,185,62,44,51,168,17,48,63];True
1677;7709;9386;[50,172,12,22,26,178,120,3,2,130,84,117,77,112,31,29,66,157,103,105,74,188,144,118,147,0,101,61,45,138,167,180,78,128,42,57,37,121,162,126,143,160,91,1,33,124,94,196,36,182,140,92,82,23,189,81,87,85,104,20,146,193,109,93,170,95,38,139,19,194,102,149,34,127,175,123,49,67,32,72,137,25,70,65,16,190,11,113,156,71,165,184,125,8,173,18,131,110,41,59,80,100,30,134,148,195,97,58,6,43,7,191,181,68,198,142,163,158,54,60,119,187,39,107,55,14,13,197,132,89,75,4,15,108,53,183,69,159,164,90,28,155,73,99,106,136,115,152,35,176,9,86,133,76,122,116,161,46,145,56,21,135,192,40,169,129,24,154,52,179,27,151,111,96,171,141,98,114,64,79,177,47,88,5,186,199,83,153,166,174,150,10,185,62,44,51,168,17,48,63];False
1674;7722;9396;[50,172,12,22,26,178,120,3,2,130,84,117,77,112,31,29,66,157,103,105,74,188,144,118,147,0,101,61,45,138,167,180,78,128,42,57,37,121,162,126,143,160,91,1,33,124,94,196,36,182,140,92,82,23,189,81,87,85,104,20,146,193,109,93,170,95,38,139,19,194,102,149,34,127,175,123,49,67,32,72,137,25,70,65,16,190,11,113,156,71,165,184,125,8,173,18,131,110,41,59,80,100,30,134,148,195,97,58,6,43,7,191,181,68,198,142,163,158,54,60,119,187,39,107,55,14,13,197,132,89,75,4,15,135,53,183,69,159,164,90,28,155,73,99,106,52,115,152,35,176,9,86,133,76,122,116,161,46,145,56,21,108,192,40,169,129,24,154,136,179,27,151,111,96,171,141,98,114,64,79,177,47,88,5,186,199,83,153,166,174,150,10,185,62,44,51,168,17,48,63];False
2162;7132;9294;[50,4,121,162,20,67,32,138,172,12,130,84,77,112,93,184,66,157,103,105,74,188,144,31,142,117,167,61,45,65,41,49,78,128,42,57,197,146,118,126,143,160,91,1,33,124,180,196,36,46,140,92,82,23,189,81,0,85,22,26,176,193,109,190,170,95,38,139,70,147,19,145,34,198,174,178,9,6,129,2,163,25,51,8,16,125,11,113,156,71,165,87,37,94,173,18,137,175,101,59,80,100,30,134,148,195,97,58,151,110,7,191,181,68,123,72,131,158,54,52,119,187,39,107,55,14,13,111,132,89,75,149,15,135,53,183,69,159,164,90,28,155,73,99,106,136,115,152,35,161,102,86,133,76,122,116,104,17,194,56,21,108,192,40,169,182,29,154,60,177,27,43,127,96,171,141,98,114,64,79,179,47,88,5,186,199,83,153,166,24,150,10,185,62,120,3,168,44,48,63];True
1619;7786;9405;[180,172,12,22,26,178,120,3,2,130,84,117,77,112,31,29,154,157,103,44,74,188,93,164,100,0,101,61,45,138,126,35,78,128,42,57,37,121,162,146,118,10,91,1,33,124,94,196,36,182,140,92,82,23,189,81,87,85,104,20,167,193,136,144,62,95,38,139,19,194,51,149,34,127,175,123,90,67,32,72,137,25,170,65,16,125,11,113,156,71,165,184,143,8,173,18,131,110,41,59,80,147,30,134,148,195,97,58,6,43,7,191,181,68,198,142,163,158,54,60,119,187,39,107,55,14,13,197,132,89,75,4,15,135,53,183,69,159,9,105,28,155,73,99,106,70,115,152,52,161,102,86,133,76,122,116,49,46,145,56,21,108,192,40,169,129,24,66,185,179,27,151,111,96,171,141,98,114,64,79,177,47,88,5,186,199,83,153,166,174,150,160,190,109,176,50,168,17,48,63];True
1597;7830;9427;[180,172,12,22,26,178,120,3,2,130,84,117,77,112,31,29,154,157,103,44,74,188,93,164,100,0,101,61,45,138,126,185,78,128,42,57,37,121,162,146,118,10,91,1,33,124,94,196,36,182,140,92,82,23,189,81,87,85,104,20,167,193,136,144,62,95,38,139,19,194,51,149,34,127,175,123,90,67,32,72,137,25,170,66,16,125,11,113,156,71,165,184,143,8,173,18,131,110,41,59,80,147,30,134,148,195,97,58,6,43,7,191,181,68,198,142,163,158,54,60,119,187,39,107,55,14,13,197,132,89,75,4,15,135,53,183,69,159,9,105,28,155,73,99,106,70,115,152,52,161,102,86,133,76,122,116,49,46,145,56,21,108,192,40,169,129,24,65,35,179,27,151,111,96,171,141,98,114,64,79,177,47,88,5,186,199,83,153,166,174,150,160,190,109,176,50,168,17,48,63];True
1590;7845;9435;[180,172,12,22,26,178,120,3,2,130,106,117,77,112,31,29,154,157,103,44,74,188,93,164,100,0,101,61,45,55,126,35,78,128,42,57,37,121,162,146,118,10,91,1,33,124,94,196,36,182,140,92,82,23,189,81,87,85,104,20,167,193,136,144,62,95,38,139,19,194,51,149,34,127,175,123,90,67,32,72,137,25,170,65,16,125,11,113,156,71,165,184,143,8,173,18,131,110,41,59,80,147,30,134,148,195,97,58,6,43,7,191,181,68,198,142,163,158,54,60,119,187,39,107,138,14,13,197,132,89,75,4,15,135,53,183,69,159,9,105,28,155,73,99,84,70,115,152,52,161,102,86,133,76,122,116,49,46,145,56,21,108,192,40,169,129,24,66,185,179,27,151,111,96,171,141,98,114,64,79,177,47,88,5,186,199,83,153,166,174,150,160,190,109,176,50,168,17,48,63];True
1613;7812;9425;[180,172,12,22,26,178,120,3,2,130,84,117,77,112,31,29,154,166,103,44,74,188,93,164,100,0,101,61,45,55,126,35,78,128,42,57,37,121,162,146,118,10,91,1,33,124,94,196,36,182,140,92,82,23,189,81,87,85,104,20,167,193,136,144,62,95,38,139,19,194,51,149,34,127,175,123,90,67,32,72,137,25,170,65,16,125,11,113,156,71,165,184,143,8,173,18,131,110,41,59,80,147,30,134,148,195,97,58,6,43,7,191,181,68,198,142,163,158,54,60,119,187,39,107,138,14,13,197,132,89,75,4,15,135,53,183,69,159,9,105,28,155,73,99,106,70,115,152,52,161,102,86,133,76,122,116,49,46,145,56,21,108,192,40,169,129,24,66,185,179,27,151,111,96,171,141,98,114,64,79,177,47,88,5,186,199,83,153,157,174,150,160,190,109,176,50,168,17,48,63];True
1652;7758;9410;[180,172,12,22,26,178,120,3,2,130,84,117,77,112,31,29,154,157,103,44,74,188,93,164,147,0,101,61,45,55,126,35,78,128,42,57,37,121,162,146,118,10,91,1,33,124,94,196,36,182,140,92,82,23,189,81,87,85,104,20,167,193,136,144,62,95,38,139,19,194,51,149,34,127,175,123,90,67,32,72,137,25,170,65,16,125,11,113,156,71,165,184,143,8,173,18,131,110,41,59,80,100,30,134,148,195,97,58,6,43,7,191,181,68,198,142,163,158,54,60,119,187,39,107,138,14,13,197,132,89,75,4,15,135,53,183,69,159,9,105,28,155,73,99,106,70,115,152,52,161,102,86,133,76,122,116,49,46,145,56,21,108,192,40,169,129,24,66,185,179,27,151,111,96,171,141,98,114,64,79,177,47,88,5,186,199,83,153,166,174,150,160,190,109,176,50,168,17,48,63];True
1637;7773;9410;[180,172,12,22,26,178,120,3,2,130,84,117,77,112,31,29,154,157,103,44,74,188,93,164,100,0,52,61,45,55,126,35,78,128,42,57,37,121,162,146,118,10,91,1,33,124,94,196,36,182,140,92,82,23,189,81,87,85,104,20,167,193,136,144,62,95,38,139,19,194,51,149,34,127,175,123,90,67,32,72,137,25,170,65,16,125,11,113,156,71,165,184,143,8,173,18,131,110,41,59,80,147,30,134,148,195,97,58,6,43,7,191,181,68,198,142,163,158,54,60,119,187,39,107,138,14,13,197,132,89,75,4,15,135,53,183,69,159,9,105,28,155,73,99,106,70,115,152,101,161,102,86,133,76,122,116,49,46,145,56,21,108,192,40,169,129,24,66,185,179,27,151,111,96,171,141,98,114,64,79,177,47,88,5,186,199,83,153,166,174,150,160,190,109,176,50,168,17,48,63];True
1646;7768;9414;[180,172,12,22,26,178,120,3,2,130,84,117,77,112,31,29,154,157,103,44,74,188,93,164,100,0,101,61,45,55,126,35,78,128,42,57,37,121,162,146,118,10,91,1,33,124,94,196,36,182,140,92,82,23,189,81,52,85,104,20,167,193,136,144,62,95,38,139,19,194,51,149,34,127,175,123,90,67,32,72,137,25,170,65,16,125,11,113,156,71,165,184,143,8,173,18,131,110,41,59,80,147,30,134,148,195,97,58,6,43,7,191,181,68,198,142,163,158,54,60,119,187,39,107,138,14,13,197,132,89,75,4,15,135,53,183,69,159,9,105,28,155,73,99,106,70,115,152,87,161,102,86,133,76,122,116,49,46,145,56,21,108,192,40,169,129,24,66,185,179,27,151,111,96,171,141,98,114,64,79,177,47,88,5,186,199,83,153,166,174,150,160,190,109,176,50,168,17,48,63];False
1595;7837;9432;[180,172,12,22,26,178,120,3,2,130,84,117,77,112,31,29,154,157,103,44,74,188,93,164,100,0,101,61,45,55,126,35,78,128,42,57,37,121,162,146,118,10,91,1,33,124,94,196,36,182,140,92,82,23,189,81,87,85,104,20,167,193,136,144,181,95,38,139,19,194,51,149,34,127,175,123,90,67,32,72,137,25,170,65,16,125,11,113,156,71,165,184,143,8,173,18,131,110,41,59,80,147,30,134,148,195,97,58,6,43,7,191,62,68,198,142,163,158,54,60,119,187,39,107,138,14,13,197,132,89,75,4,15,135,53,183,69,159,9,105,28,155,73,99,106,70,115,152,52,161,102,86,133,76,122,116,49,46,145,56,21,108,192,40,169,129,24,66,185,179,27,151,111,96,171,141,98,114,64,79,177,47,88,5,186,199,83,153,166,174,150,160,190,109,176,50,168,17,48,63];False
2320;7068;9388;[50,21,180,178,9,37,94,118,172,12,130,117,77,112,93,184,66,157,103,105,74,188,144,174,3,2,167,61,45,138,41,49,78,128,42,57,10,121,162,126,143,160,91,1,33,124,147,196,36,46,140,17,82,23,189,81,0,85,22,26,176,193,109,190,170,95,38,139,65,20,51,142,34,198,146,4,84,67,32,72,163,25,70,19,145,125,11,113,156,71,165,87,16,8,173,18,131,110,101,59,80,100,30,134,148,195,97,58,175,151,7,191,181,68,123,6,137,158,54,52,119,187,39,107,55,14,13,111,132,89,75,129,15,135,53,183,69,159,164,90,28,155,73,99,106,136,115,152,35,161,102,86,133,76,122,116,104,31,194,56,92,108,192,40,169,182,29,154,60,177,27,43,127,96,171,141,98,114,64,79,179,47,88,5,186,199,83,153,166,24,150,149,185,62,120,197,168,44,48,63];False
2560;7010;9570;[50,21,180,178,9,37,94,118,172,12,130,117,77,112,93,184,66,157,103,105,74,188,144,174,149,195,167,61,45,138,41,49,78,128,42,57,3,121,162,126,143,160,91,1,33,124,147,196,36,46,140,17,82,23,189,81,0,85,22,26,176,193,16,190,170,95,38,139,65,20,51,53,34,198,146,4,84,67,32,72,163,25,70,19,145,173,11,113,156,71,165,87,109,8,125,18,131,110,101,59,80,100,30,134,148,2,97,58,175,151,7,191,181,68,123,6,137,158,54,52,119,187,39,107,55,14,13,111,132,89,75,129,15,135,142,183,69,159,164,90,28,155,73,99,106,136,115,152,35,161,102,86,133,76,122,116,104,31,194,56,92,108,192,40,169,182,29,154,60,177,27,43,127,96,171,141,98,114,64,79,179,47,88,5,186,199,83,153,166,24,150,10,185,62,120,197,168,44,48,63];False
2548;7014;9562;[50,21,180,178,9,37,94,118,172,12,130,117,77,112,93,184,66,157,103,105,74,188,144,174,149,195,167,61,45,138,41,49,78,128,42,57,3,121,162,126,143,160,91,1,33,124,147,196,36,46,140,17,82,23,189,81,0,85,22,26,176,193,109,8,170,95,38,139,65,20,51,53,34,198,146,4,84,67,32,72,163,25,70,19,145,173,11,113,156,71,165,87,16,190,125,18,131,110,101,59,80,100,30,134,148,2,97,58,175,151,7,191,181,68,123,6,137,158,54,52,119,187,39,107,55,14,13,111,132,89,75,129,15,135,142,183,69,159,164,90,28,155,73,99,106,136,115,152,35,161,102,86,133,76,122,116,104,31,194,56,92,108,192,40,169,182,29,154,60,177,27,43,127,96,171,141,98,114,64,79,179,47,88,5,186,199,83,153,166,24,150,10,185,62,120,197,168,44,48,63];False
2513;7021;9534;[50,21,180,178,9,37,94,118,172,12,130,117,77,112,93,184,66,157,103,105,74,188,144,174,149,195,167,61,45,138,41,49,78,128,42,57,3,121,162,126,143,160,91,1,33,124,147,196,36,46,140,17,82,23,189,81,0,85,22,26,176,193,109,190,170,95,38,139,65,20,51,53,34,194,146,4,84,67,32,72,163,25,70,19,145,173,11,113,156,71,165,87,16,8,125,18,131,110,101,59,80,100,30,134,148,2,97,58,175,151,7,191,181,68,123,6,137,158,54,52,119,187,39,107,55,14,13,111,132,89,75,129,15,135,142,183,69,159,164,90,28,155,73,99,106,136,115,152,35,161,102,86,133,76,122,116,104,31,198,56,92,108,192,40,169,182,29,154,60,177,27,43,127,96,171,141,98,114,64,79,179,47,88,5,186,199,83,153,166,24,150,10,185,62,120,197,168,44,48,63];False
2494;7023;9517;[50,21,180,178,9,37,94,118,172,12,130,117,77,112,93,184,66,157,103,105,74,188,144,174,149,195,167,61,45,138,41,49,78,128,42,57,3,121,162,126,143,160,91,1,33,124,147,196,36,46,140,17,82,23,189,81,0,85,22,26,176,193,109,190,170,95,38,139,65,20,51,53,34,198,146,4,84,67,32,72,163,25,70,19,145,173,11,113,156,71,165,87,8,16,125,18,131,110,101,59,80,100,30,134,148,2,97,58,175,151,7,191,181,68,123,6,137,158,54,52,119,187,39,107,55,14,13,111,132,89,75,129,15,135,142,183,69,159,164,90,28,155,73,99,106,136,115,152,35,161,102,86,133,76,122,116,104,31,194,56,92,108,192,40,169,182,29,154,60,177,27,43,127,96,171,141,98,114,64,79,179,47,88,5,186,199,83,153,166,24,150,10,185,62,120,197,168,44,48,63];False
2522;7019;9541;[50,21,180,178,9,37,94,118,172,12,130,117,77,112,93,184,66,157,103,105,74,188,144,174,149,195,167,61,45,138,41,49,78,128,42,57,3,121,162,126,143,160,91,1,33,124,147,196,36,46,140,17,82,23,189,81,0,85,22,26,176,193,109,190,170,95,38,139,65,20,51,53,34,198,146,4,84,67,32,72,163,25,70,19,145,173,11,113,156,71,165,87,16,8,125,18,131,110,101,59,80,100,30,134,148,2,97,58,151,175,7,191,181,68,123,6,137,158,54,52,119,187,39,107,55,14,13,111,132,89,75,129,15,135,142,183,69,159,164,90,28,155,73,99,106,136,115,152,35,161,102,86,133,76,122,116,104,31,194,56,92,108,192,40,169,182,29,154,60,177,27,43,127,96,171,141,98,114,64,79,179,47,88,5,186,199,83,153,166,24,150,10,185,62,120,197,168,44,48,63];False
2459;7038;9497;[50,21,180,178,9,37,94,118,172,12,130,117,77,112,93,184,66,157,103,105,74,188,144,174,149,195,167,61,45,138,41,49,78,128,42,57,3,121,162,126,143,160,91,1,33,124,147,196,36,46,140,17,82,23,189,81,0,85,22,26,176,193,109,190,191,95,38,139,65,20,51,53,34,194,146,4,84,67,32,72,163,25,70,19,145,125,11,113,156,71,165,87,16,8,173,18,131,110,101,59,80,100,30,134,148,2,97,58,175,151,7,170,181,68,123,6,137,158,54,52,119,187,39,107,55,14,13,111,132,89,75,129,15,135,142,183,69,159,164,90,28,155,73,99,106,136,115,152,35,161,102,86,133,76,122,116,104,31,198,56,92,108,192,40,169,182,29,154,60,177,27,43,127,96,171,141,98,114,64,79,179,47,88,5,186,199,83,153,166,24,150,10,185,62,120,197,168,44,48,63];False
2369;7057;9426;[50,21,180,178,9,37,94,118,172,12,130,117,77,112,93,184,66,157,103,105,74,188,144,174,149,195,167,61,45,138,41,49,78,128,42,57,3,121,162,126,143,160,91,1,33,124,147,196,36,46,140,17,82,23,189,81,0,85,22,26,176,193,109,190,170,95,38,139,65,20,51,53,34,194,146,4,84,67,32,72,163,25,70,19,145,125,11,113,156,71,165,87,16,8,173,18,131,110,101,59,80,100,30,134,148,2,97,58,151,175,7,191,181,68,123,6,137,158,54,52,119,187,39,107,55,14,13,111,132,89,75,129,15,135,142,183,69,159,164,90,28,155,73,99,106,136,115,152,35,161,102,86,133,76,122,116,104,31,198,56,92,108,192,40,169,182,29,154,60,177,27,43,127,96,171,141,98,114,64,79,179,47,88,5,186,199,83,153,166,24,150,10,185,62,120,197,168,44,48,63];False
2488;7023;9511;[50,21,180,178,9,37,94,118,172,12,130,117,77,112,93,184,8,157,103,105,74,188,144,174,149,195,167,61,45,138,41,49,78,128,42,57,3,121,162,126,143,160,91,1,33,124,147,196,36,46,140,17,82,23,189,81,0,85,22,26,176,193,16,190,170,95,38,139,65,20,51,142,34,198,146,4,84,67,32,72,163,25,70,19,145,173,11,113,156,71,165,87,109,66,125,18,131,110,101,59,80,100,30,134,148,2,97,58,175,151,7,191,181,68,123,6,137,158,54,52,119,187,39,107,55,14,13,111,132,89,75,129,15,135,53,183,69,159,164,90,28,155,73,99,106,136,115,152,35,161,102,86,133,76,122,116,104,31,194,56,92,108,192,40,169,182,29,154,60,177,27,43,127,96,171,141,98,114,64,79,179,47,88,5,186,199,83,153,166,24,150,10,185,62,120,197,168,44,48,63];False
2517;7020;9537;[50,21,180,178,9,37,94,118,172,12,130,117,77,112,93,184,66,157,103,105,74,188,144,174,149,195,167,61,45,138,41,49,78,128,42,57,3,121,162,126,143,160,91,1,33,124,147,196,36,46,140,17,82,23,189,81,0,85,22,26,176,193,16,190,170,95,38,139,65,20,51,142,34,194,146,4,84,67,32,72,163,25,70,19,145,173,11,113,156,71,165,87,109,8,125,18,131,110,101,59,80,100,30,134,148,2,97,58,175,151,7,191,181,68,123,6,137,158,54,52,119,187,39,107,55,14,13,111,132,89,75,129,15,135,53,183,69,159,164,90,28,155,73,99,106,136,115,152,35,161,102,86,133,76,122,116,104,31,198,56,92,108,192,40,169,182,29,154,60,177,27,43,127,96,171,141,98,114,64,79,179,47,88,5,186,199,83,153,166,24,150,10,185,62,120,197,168,44,48,63];False
2451;7033;9484;[50,21,180,178,9,37,94,118,172,12,130,117,77,112,93,184,66,157,103,105,74,188,144,174,149,195,167,61,45,138,41,49,78,128,42,57,3,121,162,126,143,160,91,1,33,124,147,196,36,46,140,17,82,23,189,81,0,85,22,26,176,193,109,190,170,95,38,139,65,20,51,142,34,194,146,4,84,67,32,72,163,25,70,19,145,173,11,113,156,71,165,87,8,16,125,18,131,110,101,59,80,100,30,134,148,2,97,58,175,151,7,191,181,68,123,6,137,158,54,52,119,187,39,107,55,14,13,111,132,89,75,129,15,135,53,183,69,159,164,90,28,155,73,99,106,136,115,152,35,161,102,86,133,76,122,116,104,31,198,56,92,108,192,40,169,182,29,154,60,177,27,43,127,96,171,141,98,114,64,79,179,47,88,5,186,199,83,153,166,24,150,10,185,62,120,197,168,44,48,63];False
2479;7029;9508;[50,21,180,178,9,37,94,118,172,12,130,117,77,112,93,184,66,157,103,105,74,188,144,174,149,195,167,61,45,138,41,49,78,128,42,57,3,121,162,126,143,160,91,1,33,124,147,196,36,46,140,17,82,23,189,81,0,85,22,26,176,193,109,190,170,95,38,139,65,20,51,142,34,194,146,4,84,67,32,72,163,25,70,19,145,173,11,113,156,71,165,87,16,8,125,18,131,110,101,59,80,100,30,134,148,2,97,58,151,175,7,191,181,68,123,6,137,158,54,52,119,187,39,107,55,14,13,111,132,89,75,129,15,135,53,183,69,159,164,90,28,155,73,99,106,136,115,152,35,161,102,86,133,76,122,116,104,31,198,56,92,108,192,40,169,182,29,154,60,177,27,43,127,96,171,141,98,114,64,79,179,47,88,5,186,199,83,153,166,24,150,10,185,62,120,197,168,44,48,63];False
2480;7012;9492;[50,21,180,178,9,37,94,118,172,12,130,117,77,112,93,87,66,157,103,105,74,188,144,174,149,195,167,61,45,138,41,49,78,128,42,57,3,121,162,126,143,160,91,1,33,124,147,196,36,46,140,17,82,23,189,81,0,85,22,26,176,193,109,190,170,95,38,139,65,20,51,142,34,198,146,4,84,67,32,72,163,25,70,19,145,173,11,113,156,71,165,184,8,16,125,18,131,110,101,59,80,100,30,134,148,2,97,58,175,151,7,191,181,68,123,6,137,158,54,52,119,187,39,107,55,14,13,111,132,89,75,129,15,135,53,183,69,159,164,90,28,155,73,99,106,136,115,152,35,161,102,86,133,76,122,116,104,31,194,56,92,108,192,40,169,182,29,154,60,177,27,43,127,96,171,141,98,114,64,79,179,47,88,5,186,199,83,153,166,24,150,10,185,62,120,197,168,44,48,63];True
2478;7015;9493;[50,21,180,178,9,37,94,118,172,12,130,117,77,112,93,184,8,157,103,105,74,188,144,174,149,195,167,61,45,138,41,49,78,128,42,57,3,121,162,126,143,160,91,1,33,124,147,196,36,46,140,17,82,23,189,81,0,85,22,26,176,193,109,190,170,95,38,139,65,20,51,142,34,198,146,4,84,67,32,72,163,25,70,19,145,173,11,113,156,71,165,87,66,16,125,18,131,110,101,59,80,100,30,134,148,2,97,58,175,151,7,191,181,68,123,6,137,158,54,52,119,187,39,107,55,14,13,111,132,89,75,129,15,135,53,183,69,159,164,90,28,155,73,99,106,136,115,152,35,161,102,86,133,76,122,116,104,31,194,56,92,108,192,40,169,182,29,154,60,177,27,43,127,96,171,141,98,114,64,79,179,47,88,5,186,199,83,153,166,24,150,10,185,62,120,197,168,44,48,63];False
2442;7030;9472;[50,21,180,178,9,37,94,118,172,12,130,117,77,112,93,184,66,157,103,105,74,188,144,174,149,195,167,61,45,138,41,49,78,128,42,57,3,121,162,126,143,160,91,1,33,124,147,196,36,46,140,17,82,23,189,81,0,85,22,26,176,193,109,190,170,95,38,139,65,20,51,142,34,198,146,4,84,67,32,72,163,25,70,19,145,173,11,87,156,71,165,113,8,16,125,18,131,110,101,59,80,100,30,134,148,2,97,58,175,151,7,191,181,68,123,6,137,158,54,52,119,187,39,107,55,14,13,111,132,89,75,129,15,135,53,183,69,159,164,90,28,155,73,99,106,136,115,152,35,161,102,86,133,76,122,116,104,31,194,56,92,108,192,40,169,182,29,154,60,177,27,43,127,96,171,141,98,114,64,79,179,47,88,5,186,199,83,153,166,24,150,10,185,62,120,197,168,44,48,63];False
2437;7040;9477;[50,21,180,178,9,37,94,118,172,132,130,117,77,112,93,184,66,157,103,105,74,188,144,174,149,195,167,61,45,138,41,49,78,128,42,57,3,121,162,126,143,160,91,1,33,124,147,196,36,46,140,17,82,23,189,81,0,85,22,26,176,193,109,190,170,95,38,139,65,20,51,142,34,198,146,4,84,67,32,72,163,25,70,19,145,125,11,113,156,71,165,169,129,8,173,18,131,110,101,59,80,100,30,134,148,2,97,58,175,151,7,191,181,68,123,6,137,158,54,52,119,187,39,107,55,14,13,111,12,89,75,182,15,135,53,183,69,159,164,90,28,155,73,99,106,136,115,152,35,161,102,86,133,76,122,116,104,31,16,56,92,108,192,40,87,194,29,154,60,177,27,43,127,96,171,141,98,114,64,79,179,47,88,5,186,199,83,153,166,24,150,10,185,62,120,197,168,44,48,63];False
2413;7044;9457;[50,21,180,178,9,37,94,118,172,12,130,117,77,112,93,46,66,157,103,105,74,188,144,174,149,195,167,61,45,138,41,49,78,128,42,57,3,121,162,126,143,160,91,1,33,124,147,196,36,184,140,17,82,23,189,81,0,85,22,26,176,193,109,190,170,95,38,139,65,20,51,142,34,198,146,4,84,67,32,72,163,25,70,19,145,125,11,113,156,71,165,169,129,8,173,18,131,110,101,59,80,100,30,134,148,2,97,58,175,151,7,191,181,68,123,6,137,158,54,52,119,187,39,107,55,14,13,111,132,89,75,182,15,135,53,183,69,159,164,90,28,155,73,99,106,136,115,152,35,161,102,86,133,76,122,116,104,31,16,56,92,108,192,40,87,194,29,154,60,177,27,43,127,96,171,141,98,114,64,79,179,47,88,5,186,199,83,153,166,24,150,10,185,62,120,197,168,44,48,63];False
2355;7055;9410;[50,21,180,178,9,37,94,118,172,12,130,117,77,112,93,184,66,157,103,105,74,188,144,174,182,195,167,61,45,138,41,49,78,128,42,57,3,121,162,126,143,160,91,1,33,124,147,196,36,46,140,17,82,23,189,81,0,85,22,26,176,193,109,190,170,95,38,139,65,20,51,142,34,198,146,4,84,67,32,72,163,25,70,19,145,125,11,113,156,71,165,169,129,8,173,18,131,110,101,59,80,100,30,134,148,2,97,58,175,151,7,191,181,68,123,6,137,158,54,52,119,187,39,107,55,14,13,111,132,89,75,149,15,135,53,183,69,159,164,90,28,155,73,99,106,136,115,152,35,161,102,86,133,76,122,116,104,31,16,56,92,108,192,40,87,194,29,154,60,177,27,43,127,96,171,141,98,114,64,79,179,47,88,5,186,199,83,153,166,24,150,10,185,62,120,197,168,44,48,63];False
2422;7043;9465;[50,21,180,178,9,37,94,118,172,12,130,117,77,112,93,184,66,157,103,105,74,188,144,174,149,2,167,61,45,138,41,49,78,128,42,57,3,121,162,126,143,160,91,1,33,124,147,196,36,46,140,17,82,23,189,81,0,85,22,26,176,193,109,190,170,95,38,139,65,20,51,142,34,198,146,4,84,67,32,72,163,25,70,19,145,125,11,113,156,71,165,169,129,8,173,18,131,110,101,59,80,100,30,134,148,195,97,58,175,151,7,191,181,68,123,6,137,158,54,52,119,187,39,107,55,14,13,111,132,89,75,182,15,135,53,183,69,159,164,90,28,155,73,99,106,136,115,152,35,161,102,86,133,76,122,116,104,31,16,56,92,108,192,40,87,194,29,154,60,177,27,43,127,96,171,141,98,114,64,79,179,47,88,5,186,199,83,153,166,24,150,10,185,62,120,197,168,44,48,63];False
2373;7054;9427;[50,21,180,178,9,37,94,118,172,12,130,117,77,112,93,184,66,157,103,105,74,188,144,174,149,195,167,61,45,138,41,49,78,128,42,57,148,121,162,126,143,160,91,1,33,124,147,196,36,46,140,17,82,23,189,81,0,85,22,26,176,193,109,190,170,95,38,139,65,20,51,142,34,198,146,4,84,67,32,72,163,25,70,19,145,125,11,113,156,71,165,169,129,8,173,18,131,110,101,59,80,100,30,134,3,2,97,58,175,151,7,191,181,68,123,6,137,158,54,52,119,187,39,107,55,14,13,111,132,89,75,182,15,135,53,183,69,159,164,90,28,155,73,99,106,136,115,152,35,161,102,86,133,76,122,116,104,31,16,56,92,108,192,40,87,194,29,154,60,177,27,43,127,96,171,141,98,114,64,79,179,47,88,5,186,199,83,153,166,24,150,10,185,62,120,197,168,44,48,63];False
2424;7038;9462;[50,21,180,178,9,37,94,118,172,12,130,117,77,112,93,184,66,157,103,105,74,188,144,174,149,195,167,61,45,138,41,49,78,128,42,57,3,121,162,126,143,160,91,1,33,124,147,196,36,46,140,17,82,23,189,81,0,85,22,26,176,193,109,190,170,95,38,139,65,20,51,53,34,198,146,4,84,67,32,72,163,25,70,19,145,125,11,113,156,71,165,169,129,8,173,18,131,110,101,59,80,100,30,134,148,2,97,58,175,151,7,191,181,68,123,6,137,158,54,52,119,187,39,107,55,14,13,111,132,89,75,182,15,135,142,183,69,159,164,90,28,155,73,99,106,136,115,152,35,161,102,86,133,76,122,116,104,31,16,56,92,108,192,40,87,194,29,154,60,177,27,43,127,96,171,141,98,114,64,79,179,47,88,5,186,199,83,153,166,24,150,10,185,62,120,197,168,44,48,63];False
2534;7010;9544;[50,21,180,178,9,37,94,118,172,12,130,117,77,112,93,184,66,157,103,105,74,188,144,174,149,195,167,61,45,138,41,49,78,128,42,57,3,121,162,126,143,160,91,1,33,124,147,196,36,46,140,17,82,23,189,81,0,85,22,26,176,193,109,190,170,95,38,139,65,20,51,142,34,198,146,4,84,67,32,72,163,25,70,19,145,173,11,113,156,71,165,169,129,8,125,18,131,110,101,59,80,100,30,134,148,2,97,58,175,151,7,191,181,68,123,6,137,158,54,52,119,187,39,107,55,14,13,111,132,89,75,182,15,135,53,183,69,159,164,90,28,155,73,99,106,136,115,152,35,161,102,86,133,76,122,116,104,31,16,56,92,108,192,40,87,194,29,154,60,177,27,43,127,96,171,141,98,114,64,79,179,47,88,5,186,199,83,153,166,24,150,10,185,62,120,197,168,44,48,63];False
2390;7046;9436;[50,21,180,178,9,37,94,118,172,12,130,117,77,112,93,184,66,157,103,105,74,188,144,174,149,195,167,61,45,138,41,49,78,128,42,57,3,121,162,126,143,160,91,1,33,124,147,196,36,46,140,17,82,23,189,81,0,85,22,26,176,193,109,190,170,95,38,139,65,20,51,142,34,198,146,4,84,67,32,72,163,25,70,19,145,125,11,113,156,71,165,169,129,8,173,18,131,110,101,59,80,100,30,134,148,2,97,58,151,175,7,191,181,68,123,6,137,158,54,52,119,187,39,107,55,14,13,111,132,89,75,182,15,135,53,183,69,159,164,90,28,155,73,99,106,136,115,152,35,161,102,86,133,76,122,116,104,31,16,56,92,108,192,40,87,194,29,154,60,177,27,43,127,96,171,141,98,114,64,79,179,47,88,5,186,199,83,153,166,24,150,10,185,62,120,197,168,44,48,63];True
2372;7054;9426;[50,21,180,178,9,37,94,118,172,12,130,117,77,112,93,184,66,157,103,105,74,188,144,174,149,195,167,61,45,138,41,49,78,128,42,57,3,121,162,126,143,160,91,1,33,124,147,196,36,46,140,17,82,23,189,81,0,85,22,26,176,193,109,190,170,95,38,139,65,20,51,142,34,198,146,4,84,67,32,72,163,25,70,19,145,125,11,113,156,71,165,169,129,8,173,18,131,110,101,59,80,100,30,134,148,2,97,58,175,151,7,191,181,68,123,6,137,158,54,52,119,187,39,107,55,14,13,111,132,89,75,182,15,135,53,183,69,159,164,90,28,155,73,99,106,136,115,152,35,161,102,86,133,76,122,116,104,31,194,56,92,108,192,40,87,16,29,154,60,177,27,43,127,96,171,141,98,114,64,79,179,47,88,5,186,199,83,153,166,24,150,10,185,62,120,197,168,44,48,63];False
2322;7061;9383;[50,21,180,178,9,37,94,118,172,12,130,117,77,112,93,184,66,157,103,105,74,188,144,174,149,195,167,61,45,138,41,49,78,128,42,134,148,121,162,126,143,160,91,1,33,124,147,196,36,46,140,17,82,23,189,81,0,85,22,26,176,193,109,190,170,95,38,139,65,20,51,142,34,194,146,4,84,67,32,72,163,25,70,19,145,125,11,113,156,71,165,87,16,8,173,18,131,110,101,59,80,100,30,57,3,2,97,58,175,151,7,191,181,68,123,6,137,158,54,52,119,187,39,107,55,14,13,111,132,89,75,129,15,135,53,183,69,159,164,90,28,155,73,99,106,136,115,152,35,161,102,86,133,76,122,116,104,31,198,56,92,108,192,40,169,182,29,154,60,177,27,43,127,96,171,141,98,114,64,79,179,47,88,5,186,199,83,153,166,24,150,10,185,62,120,197,168,44,48,63];True
2318;7073;9391;[50,21,180,178,9,37,94,118,172,12,130,117,77,112,93,184,66,157,103,105,74,188,144,174,149,195,167,61,45,138,41,49,78,128,42,57,148,121,162,126,143,160,91,1,33,124,147,196,36,46,140,17,82,23,189,81,0,85,22,26,176,193,109,190,170,95,38,139,65,20,51,142,34,194,146,4,84,67,32,72,163,25,70,19,145,125,11,113,156,71,165,87,16,8,173,18,131,110,101,59,80,100,30,134,3,2,97,58,151,175,7,191,181,68,123,6,137,158,54,52,119,187,39,107,55,14,13,111,132,89,75,129,15,135,53,183,69,159,164,90,28,155,73,99,106,136,115,152,35,161,102,86,133,76,122,116,104,31,198,56,92,108,192,40,169,182,29,154,60,177,27,43,127,96,171,141,98,114,64,79,179,47,88,5,186,199,83,153,166,24,150,10,185,62,120,197,168,44,48,63];False
2311;7065;9376;[50,21,180,178,9,37,94,118,172,12,130,117,77,112,93,184,66,157,103,105,74,188,144,174,149,195,167,61,45,138,41,49,78,128,42,134,148,121,162,126,143,160,91,1,33,124,147,196,36,46,140,17,82,23,189,81,0,85,22,26,176,193,109,190,170,95,38,139,65,20,51,142,34,198,146,4,84,67,32,72,163,25,70,19,145,125,11,113,156,71,165,87,104,31,173,18,131,110,101,59,80,100,30,57,3,2,97,58,175,151,7,191,181,68,123,6,137,158,54,52,119,187,39,107,55,14,13,111,132,89,75,129,15,135,53,183,69,159,164,90,28,155,73,99,106,136,115,152,35,161,102,86,133,76,122,116,194,8,16,56,92,108,192,40,169,182,29,154,60,177,27,43,127,96,171,141,98,114,64,79,179,47,88,5,186,199,83,153,166,24,150,10,185,62,120,197,168,44,48,63];True
2307;7077;9384;[50,21,180,178,9,37,94,118,172,12,130,117,77,112,93,184,66,157,103,105,74,188,144,174,149,195,167,61,45,138,41,49,78,128,42,57,148,121,162,126,143,160,91,1,33,124,147,196,36,46,140,17,82,23,189,81,0,85,22,26,176,193,109,190,170,95,38,139,65,20,51,142,34,198,146,4,84,67,32,72,163,25,70,19,145,125,11,113,156,71,165,87,104,31,173,18,131,110,101,59,80,100,30,134,3,2,97,58,151,175,7,191,181,68,123,6,137,158,54,52,119,187,39,107,55,14,13,111,132,89,75,129,15,135,53,183,69,159,164,90,28,155,73,99,106,136,115,152,35,161,102,86,133,76,122,116,194,8,16,56,92,108,192,40,169,182,29,154,60,177,27,43,127,96,171,141,98,114,64,79,179,47,88,5,186,199,83,153,166,24,150,10,185,62,120,197,168,44,48,63];False
1527;7941;9468;[198,155,29,187,141,119,148,7,130,107,105,146,118,178,192,183,104,50,53,162,173,18,154,120,24,197,15,135,34,159,76,134,121,10,123,90,41,22,38,14,168,17,145,42,49,153,185,127,60,57,9,28,129,8,93,46,55,165,39,166,59,36,23,12,54,151,175,83,117,44,78,171,79,52,150,140,92,100,58,158,177,95,167,61,181,65,82,5,27,133,96,157,138,45,188,87,66,126,99,86,112,40,51,106,143,160,80,71,69,190,43,128,85,164,111,195,25,37,94,139,33,13,137,81,182,109,21,73,6,56,63,31,142,115,152,102,186,113,196,89,26,176,72,74,4,97,131,0,199,62,1,189,108,84,124,174,184,161,156,147,3,169,191,11,194,180,163,170,103,91,35,125,149,32,98,114,68,116,20,67,193,16,136,144,70,19,64,101,122,172,77,2,110,30,179,47,132,75,88,48];True
1538;7910;9448;[198,155,29,187,141,119,148,7,130,107,105,146,118,178,192,183,104,50,53,162,173,18,154,120,24,197,15,135,34,159,76,134,121,10,123,90,41,22,38,14,168,17,145,42,49,153,185,127,60,57,9,28,129,8,93,46,55,165,39,166,59,36,23,12,54,151,175,83,117,44,78,171,0,52,150,140,92,100,58,79,177,95,167,61,181,65,82,5,27,133,96,157,138,45,188,87,66,126,99,86,112,40,51,106,143,160,80,71,69,190,43,128,85,164,111,195,25,37,94,139,33,13,137,81,182,109,21,73,6,56,63,31,142,115,152,102,186,113,196,89,26,176,72,74,4,97,131,158,199,62,1,189,108,84,124,174,184,161,156,147,3,169,191,11,194,180,163,170,103,91,35,125,149,32,98,114,68,116,20,67,193,16,136,144,70,19,64,101,122,172,77,2,110,30,179,47,132,75,88,48];True
1558;7874;9432;[198,155,29,187,141,119,148,7,130,107,105,146,118,178,192,183,104,50,53,162,173,18,154,120,24,197,15,135,34,159,76,134,121,10,123,90,41,22,38,14,168,17,94,125,49,153,185,127,60,57,9,28,129,8,93,46,55,165,39,166,59,36,23,12,54,151,175,83,117,44,78,171,0,52,150,140,92,100,58,79,177,95,167,61,181,65,82,5,27,133,96,157,138,45,188,87,66,126,99,86,112,40,51,106,143,160,80,71,69,190,43,128,85,164,111,195,25,37,145,139,33,13,137,81,182,109,21,73,6,56,63,31,142,115,152,102,186,113,196,89,26,176,72,74,4,97,131,158,199,62,1,189,108,84,124,174,184,161,156,147,3,169,191,11,194,180,163,170,103,91,35,42,149,32,98,114,68,116,20,67,193,16,136,144,70,19,64,101,122,172,77,2,110,30,179,47,132,75,88,48];True
1548;7897;9445;[198,155,29,187,141,119,148,7,130,107,105,146,118,178,192,183,104,50,53,162,173,18,154,120,24,197,15,135,34,159,76,134,121,10,123,90,41,22,38,14,168,17,94,42,49,153,185,127,60,57,9,28,129,8,93,46,55,165,39,166,59,36,23,12,54,151,175,83,117,44,78,171,0,52,150,140,92,100,58,79,177,95,167,61,181,65,82,5,27,133,96,157,138,45,188,87,66,126,99,86,112,40,51,106,143,160,80,71,69,190,43,128,85,164,111,195,25,37,145,139,33,13,137,81,182,109,21,73,6,56,63,31,142,115,152,102,186,196,113,89,26,176,72,74,4,97,131,158,199,62,1,189,108,84,124,174,184,161,156,147,3,169,191,11,194,180,163,170,103,91,35,125,149,32,98,114,68,116,20,67,193,16,136,144,70,19,64,101,122,172,77,2,110,30,179,47,132,75,88,48];True
1586;7849;9435;[198,155,29,187,141,119,148,7,130,107,105,146,118,178,192,183,104,50,53,162,173,18,154,120,24,197,15,135,34,159,76,134,121,10,123,90,41,22,38,14,168,17,94,60,49,153,185,127,42,57,9,28,129,8,93,46,55,165,39,166,59,36,23,12,54,151,175,83,117,44,78,171,0,52,150,140,92,100,58,79,177,25,167,61,181,65,82,5,27,133,96,157,138,45,188,87,66,126,99,86,112,40,51,106,143,160,80,71,69,190,43,128,85,164,111,195,95,37,145,139,33,13,137,81,182,109,21,73,6,56,63,31,142,115,152,102,186,196,113,89,26,176,72,74,4,97,131,158,199,62,1,189,108,84,124,174,184,161,156,147,3,169,191,11,194,180,163,170,103,91,35,125,149,32,98,114,68,116,20,67,193,16,136,144,70,19,64,101,122,172,77,2,110,30,179,47,132,75,88,48];True
1492;8026;9518;[198,155,29,187,141,119,148,128,130,107,105,146,118,178,192,183,104,50,53,162,173,18,154,120,24,197,15,135,34,159,82,134,121,10,123,90,41,22,38,14,168,17,145,42,49,153,185,127,60,57,9,28,129,8,93,46,55,165,39,166,59,36,23,12,54,151,175,83,117,44,78,171,79,52,150,140,92,100,58,158,177,95,167,61,181,65,76,5,27,133,96,157,138,45,188,87,66,126,99,86,112,40,51,106,143,160,80,71,69,190,43,7,85,164,111,195,25,37,94,139,33,13,137,81,182,109,21,73,6,56,63,31,142,115,152,102,186,113,196,89,26,176,72,74,4,97,131,0,199,62,1,189,108,84,124,174,184,161,156,147,3,169,191,11,194,180,163,170,103,91,35,125,149,32,98,114,68,116,20,67,193,16,136,144,70,19,64,101,122,172,77,2,110,30,179,47,132,75,88,48];True
1490;8081;9571;[198,155,29,187,141,119,148,128,130,107,105,146,118,178,192,183,104,50,53,162,173,18,154,120,24,197,15,135,34,159,82,134,121,10,123,90,41,22,38,14,168,17,145,42,49,153,185,127,60,57,9,28,129,8,93,46,55,165,39,166,59,36,23,12,54,151,175,83,117,44,78,171,158,52,150,140,92,100,58,79,177,95,167,61,181,65,76,5,27,133,96,157,138,45,188,87,66,126,99,86,112,40,51,106,143,160,80,71,69,190,43,7,85,164,111,195,25,37,94,139,33,13,137,81,182,109,21,73,6,56,184,31,142,115,152,102,186,113,196,89,26,176,72,74,4,97,131,0,199,62,1,189,108,84,124,174,63,161,156,147,3,169,191,11,194,180,163,170,103,91,35,125,149,32,98,114,68,116,20,67,193,16,136,144,70,19,64,101,122,172,77,2,110,30,179,47,132,75,88,48];False
1491;8038;9529;[198,155,29,187,141,119,148,7,130,107,105,146,118,178,192,183,104,50,53,162,173,18,154,120,24,197,15,135,34,159,82,134,121,10,123,90,41,22,38,85,168,17,145,42,49,153,185,127,60,57,9,28,129,8,93,46,55,165,39,166,59,36,23,12,54,151,175,83,117,44,78,171,79,52,150,140,92,100,58,158,177,95,167,61,181,65,76,5,27,133,96,157,138,45,188,87,66,126,99,86,112,40,51,106,143,160,80,71,69,190,43,128,14,164,111,195,25,37,94,139,33,13,137,81,182,109,21,73,6,56,63,31,142,115,152,102,186,113,196,89,26,176,72,74,4,97,131,0,199,62,1,189,108,84,124,174,184,161,156,147,3,169,191,11,194,180,163,170,103,91,35,125,149,32,98,114,68,116,20,67,193,16,136,144,70,19,64,101,122,172,77,2,110,30,179,47,132,75,88,48];True
1490;8066;9556;[198,155,29,187,141,119,148,7,130,107,105,146,118,178,192,183,104,50,53,162,173,18,154,120,24,197,15,135,34,159,82,134,121,10,123,90,41,22,38,14,168,17,145,42,49,153,185,127,60,57,9,28,129,8,93,46,55,165,39,166,59,36,23,12,54,151,175,83,117,44,78,171,144,52,150,140,92,100,58,158,177,95,167,61,181,65,76,5,27,133,96,157,138,45,188,87,66,126,99,86,112,40,51,106,143,160,80,71,69,190,43,128,85,164,111,195,25,37,94,139,33,13,137,81,182,109,21,73,6,56,63,31,142,115,152,102,186,113,196,89,26,176,72,74,4,97,131,0,199,62,1,189,108,84,124,174,184,161,156,147,3,169,191,11,194,180,163,170,103,91,35,125,149,32,98,114,68,116,20,67,193,16,136,79,70,19,64,101,122,172,77,2,110,30,179,47,132,75,88,48];True
2645;6978;9623;[34,198,146,190,109,118,6,193,172,12,130,22,195,112,93,144,66,157,103,105,74,188,87,37,174,149,167,61,45,138,178,147,78,128,42,57,3,121,162,126,143,160,91,1,33,124,94,196,36,44,140,92,82,23,189,81,0,85,19,26,176,46,9,49,170,95,38,139,65,20,51,50,31,194,180,4,84,67,32,72,163,25,70,41,142,117,77,113,156,71,165,2,184,8,173,18,131,110,101,59,80,100,30,134,148,11,97,58,175,151,7,191,181,68,123,16,137,158,54,52,119,187,39,107,55,14,13,111,132,89,75,129,15,135,53,183,69,159,164,90,28,155,73,99,106,136,115,152,35,161,102,86,133,76,122,116,104,125,145,56,21,108,192,40,169,182,29,154,60,177,27,43,127,96,171,141,98,114,64,79,179,47,88,5,186,199,83,153,166,24,150,10,185,62,120,197,168,17,48,63];False
2564;6996;9560;[34,198,146,190,109,118,6,193,172,12,130,22,195,112,93,147,66,157,103,105,74,188,87,37,174,149,167,61,45,138,178,9,78,128,42,57,3,121,162,126,143,160,91,1,33,124,94,196,36,44,140,92,82,23,189,81,0,85,19,26,176,46,144,49,170,95,38,139,65,20,51,50,31,194,180,4,84,67,32,72,163,25,70,41,142,117,77,113,156,71,165,2,184,8,173,18,131,110,101,59,80,100,30,134,148,11,97,58,175,151,7,191,181,68,123,16,137,158,54,52,119,187,39,107,55,14,13,111,132,89,75,129,15,135,53,183,69,159,164,90,28,155,73,99,106,136,115,152,35,161,102,86,133,76,122,116,104,125,145,56,21,108,192,40,169,182,29,154,60,177,27,43,127,96,171,141,98,114,64,79,179,47,88,5,186,199,83,153,166,24,150,10,185,62,120,197,168,17,48,63];True
2583;6995;9578;[34,198,146,190,109,118,6,193,172,12,130,22,195,112,93,147,66,157,103,105,74,188,87,37,174,149,167,61,45,138,178,144,78,128,42,57,3,121,162,126,143,160,91,1,33,124,94,196,36,44,140,92,82,23,189,81,0,85,19,26,176,46,9,49,170,95,38,139,65,20,51,50,16,194,180,4,84,67,32,72,163,25,70,41,142,117,77,113,156,71,165,2,184,8,173,18,131,110,101,59,80,100,30,134,148,11,97,58,175,151,7,191,181,68,123,31,137,158,54,52,119,187,39,107,55,14,13,111,132,89,75,129,15,135,53,183,69,159,164,90,28,155,73,99,106,136,115,152,35,161,102,86,133,76,122,116,104,125,145,56,21,108,192,40,169,182,29,154,60,177,27,43,127,96,171,141,98,114,64,79,179,47,88,5,186,199,83,153,166,24,150,10,185,62,120,197,168,17,48,63];False
2686;6973;9659;[34,198,146,190,109,118,6,193,172,12,130,22,195,112,93,147,66,157,103,105,74,188,87,37,174,149,167,61,45,138,178,144,78,128,42,57,3,121,162,126,143,160,91,1,33,124,94,196,36,44,140,92,82,23,189,81,0,85,19,26,176,46,9,49,170,95,38,139,65,20,51,50,31,194,180,4,84,67,32,72,163,25,70,41,142,117,77,113,156,71,165,2,184,8,173,18,131,110,101,59,80,100,30,134,148,11,97,58,175,151,7,191,181,68,123,16,137,158,62,52,119,187,39,107,55,14,13,111,132,89,75,129,15,135,53,183,69,159,164,90,28,155,73,99,106,136,115,152,35,161,102,86,133,76,122,116,104,125,145,56,21,108,192,40,169,182,29,154,60,177,27,43,127,96,171,141,98,114,64,79,179,47,88,5,186,199,83,153,166,24,150,10,185,54,120,197,168,17,48,63];False
2553;7003;9556;[31,198,146,190,109,147,6,193,172,12,130,22,195,112,93,118,66,157,103,105,74,188,87,37,174,149,167,61,45,138,178,9,78,128,42,57,3,121,162,126,143,160,91,1,33,124,94,196,36,44,140,92,82,23,189,81,0,85,19,26,176,46,144,49,170,95,38,139,65,20,51,50,34,194,180,4,84,67,32,72,163,25,70,41,142,117,77,113,156,71,165,2,184,8,173,18,131,110,101,59,80,100,30,134,148,11,97,58,175,151,7,191,181,68,123,16,137,158,54,52,119,187,39,107,55,14,13,111,132,89,75,129,15,135,53,183,69,159,164,90,28,155,73,99,106,136,115,152,35,161,102,86,133,76,122,116,104,125,145,56,21,108,192,40,169,182,29,154,60,177,27,43,127,96,171,141,98,114,64,79,179,47,88,5,186,199,83,153,166,24,150,10,185,62,120,197,168,17,48,63];True
2801;6957;9758;[34,198,146,190,109,147,6,193,172,12,130,22,195,112,93,118,66,157,103,105,74,188,87,37,174,149,167,61,45,138,178,9,78,128,42,57,3,121,162,126,143,160,91,1,33,124,94,196,144,44,140,92,82,23,189,81,0,85,19,26,176,46,36,49,170,95,38,139,65,20,51,50,31,194,180,4,84,67,32,72,163,25,70,41,142,117,77,113,156,71,165,2,184,8,173,18,131,110,101,59,80,100,30,134,148,11,97,58,175,151,7,191,181,68,123,16,137,158,54,52,119,187,39,107,55,14,13,111,132,89,75,129,15,135,53,183,69,159,164,90,28,155,73,99,106,136,115,152,35,161,102,86,133,76,122,116,104,125,145,56,21,108,192,40,169,182,29,154,60,177,27,43,127,96,171,141,98,114,64,79,179,47,88,5,186,199,83,153,166,24,150,10,185,62,120,197,168,17,48,63];False
2793;6960;9753;[34,198,146,190,109,147,6,193,172,12,130,22,195,112,93,118,66,157,103,105,74,188,87,37,174,149,167,61,45,138,178,9,78,128,42,57,3,121,162,126,143,160,91,1,33,124,94,196,36,144,140,92,82,23,189,81,0,85,19,26,176,46,44,49,170,95,38,139,65,20,51,50,31,194,180,4,84,67,32,72,163,25,70,41,142,117,77,113,156,71,165,2,184,8,173,18,131,110,101,59,80,100,30,134,148,11,97,58,175,151,7,191,181,68,123,16,137,158,54,52,119,187,39,107,55,14,13,111,132,89,75,129,15,135,53,183,69,159,164,90,28,155,73,99,106,136,115,152,35,161,102,86,133,76,122,116,104,125,145,56,21,108,192,40,169,182,29,154,60,177,27,43,127,96,171,141,98,114,64,79,179,47,88,5,186,199,83,153,166,24,150,10,185,62,120,197,168,17,48,63];False
2680;6972;9652;[34,198,146,190,109,147,6,193,172,12,130,22,195,112,93,118,66,157,103,105,74,188,87,37,174,149,167,61,45,138,178,9,78,128,42,57,3,121,162,126,143,160,91,1,33,124,94,196,36,104,140,92,82,23,189,81,0,85,19,26,176,46,144,49,170,95,38,139,65,20,51,50,31,194,180,4,84,67,32,72,163,25,70,41,142,117,77,113,156,71,165,2,184,8,173,18,131,110,101,59,80,100,30,134,148,11,97,58,175,151,7,191,181,68,123,16,137,158,54,52,119,187,39,107,55,14,13,111,132,89,75,129,15,135,53,183,69,159,164,90,28,155,73,99,106,136,115,152,35,161,102,86,133,76,122,116,44,125,145,56,21,108,192,40,169,182,29,154,60,177,27,43,127,96,171,141,98,114,64,79,179,47,88,5,186,199,83,153,166,24,150,10,185,62,120,197,168,17,48,63];True
2671;6973;9644;[34,198,146,190,109,147,6,193,172,12,130,22,195,112,93,118,66,157,103,105,74,188,87,37,174,149,167,61,45,138,178,9,78,128,42,57,3,121,162,126,143,160,91,1,33,124,94,196,36,44,140,17,82,23,189,81,0,85,19,26,176,46,144,49,170,95,38,139,65,20,51,50,31,194,180,4,84,67,32,72,163,25,70,41,142,117,77,113,156,71,165,2,184,8,173,18,131,110,101,59,80,100,30,134,148,11,97,58,175,151,7,191,181,68,123,16,137,158,54,52,119,187,39,107,55,14,13,111,132,89,75,129,15,135,53,183,69,159,164,90,28,155,73,99,106,136,115,152,35,161,102,86,133,76,122,116,104,125,145,56,21,108,192,40,169,182,29,154,60,177,27,43,127,96,171,141,98,114,64,79,179,47,88,5,186,199,83,153,166,24,150,10,185,62,120,197,168,92,48,63];True
2592;6986;9578;[34,198,146,190,109,147,6,193,172,12,130,22,195,112,93,118,66,157,103,105,74,188,87,37,174,149,167,61,45,138,178,9,78,128,42,57,3,121,162,126,143,160,91,1,33,124,94,196,36,44,140,92,82,23,189,81,0,85,19,26,176,46,144,49,170,95,38,139,65,20,51,50,16,194,180,4,84,67,32,72,163,25,70,41,142,117,77,113,156,71,165,2,184,8,173,18,131,110,101,59,80,100,30,134,148,11,97,58,175,151,7,191,181,68,123,31,137,158,54,52,119,187,39,107,55,14,13,111,132,89,75,129,15,135,53,183,69,159,164,90,28,155,73,99,106,136,115,152,35,161,102,86,133,76,122,116,104,125,145,56,21,108,192,40,169,182,29,154,60,177,27,43,127,96,171,141,98,114,64,79,179,47,88,5,186,199,83,153,166,24,150,10,185,62,120,197,168,17,48,63];True
2619;6983;9602;[34,198,146,190,109,147,6,193,172,12,130,22,195,112,93,118,66,157,103,105,74,188,87,37,174,149,167,61,45,138,178,9,78,128,42,57,3,121,162,126,143,160,91,1,33,124,94,196,36,44,140,92,82,23,189,81,0,85,19,26,176,46,144,49,170,95,38,139,65,20,51,50,31,194,180,4,84,67,32,72,163,25,70,41,142,117,77,113,156,71,165,2,184,8,173,18,137,110,101,59,80,100,30,134,148,11,97,58,175,151,7,191,181,68,123,16,131,158,54,52,119,187,39,107,55,14,13,111,132,89,75,129,15,135,53,183,69,159,164,90,28,155,73,99,106,136,115,152,35,161,102,86,133,76,122,116,104,125,145,56,21,108,192,40,169,182,29,154,60,177,27,43,127,96,171,141,98,114,64,79,179,47,88,5,186,199,83,153,166,24,150,10,185,62,120,197,168,17,48,63];True
2638;6977;9615;[34,198,146,190,109,147,6,193,172,12,130,22,195,112,93,118,66,157,103,105,74,188,87,37,174,149,167,61,45,138,178,9,78,128,42,57,3,121,162,126,143,160,91,1,33,124,94,196,36,44,140,92,82,23,189,81,0,85,19,26,176,46,144,49,170,95,38,139,65,20,51,50,31,194,180,4,84,67,32,72,163,25,70,41,142,117,77,113,156,71,165,2,184,8,173,18,131,110,101,59,80,100,30,134,119,11,97,58,175,151,7,191,181,68,123,16,137,158,54,52,148,187,39,107,55,14,13,111,132,89,75,129,15,135,53,183,69,159,164,90,28,155,73,99,106,136,115,152,35,161,102,86,133,76,122,116,104,125,145,56,21,108,192,40,169,182,29,154,60,177,27,43,127,96,171,141,98,114,64,79,179,47,88,5,186,199,83,153,166,24,150,10,185,62,120,197,168,17,48,63];True
2695;6964;9659;[34,198,146,190,109,147,6,193,172,12,130,22,195,112,93,118,66,157,103,105,74,188,87,37,174,149,167,61,45,138,178,9,78,128,42,57,3,121,162,126,143,160,91,1,33,124,94,196,36,44,140,92,82,23,189,81,0,85,19,26,176,46,144,49,170,95,38,139,65,20,51,50,31,194,180,4,84,67,32,72,163,25,70,41,142,117,77,113,156,71,165,2,184,8,173,18,131,110,101,59,80,100,30,134,148,11,97,58,175,151,7,191,181,68,123,16,137,158,62,52,119,187,39,107,55,14,13,111,132,89,75,129,15,135,53,183,69,159,164,90,28,155,73,99,106,136,115,152,35,161,102,86,133,76,122,116,104,125,145,56,21,108,192,40,169,182,29,154,60,177,27,43,127,96,171,141,98,114,64,79,179,47,88,5,186,199,83,153,166,24,150,10,185,54,120,197,168,17,48,63];True
2657;6976;9633;[34,198,146,190,109,147,6,193,172,12,130,22,195,112,93,118,66,157,103,105,74,188,87,37,174,149,167,61,45,138,178,144,78,128,42,57,3,121,162,126,143,160,91,1,33,124,94,196,36,44,140,92,82,23,189,81,0,85,19,26,176,46,9,49,170,95,38,139,65,20,51,50,16,194,180,4,84,67,32,72,163,25,70,41,142,117,77,113,156,71,165,2,184,8,173,18,131,110,101,59,80,100,30,134,119,11,97,58,175,151,7,191,181,68,123,31,137,158,54,52,148,187,39,107,55,14,13,111,132,89,75,129,15,135,53,183,69,159,164,90,28,155,73,99,106,136,115,152,35,161,102,86,133,76,122,116,104,125,145,56,21,108,192,40,169,182,29,154,60,177,27,43,127,96,171,141,98,114,64,79,179,47,88,5,186,199,83,153,166,24,150,10,185,62,120,197,168,17,48,63];True
2790;6961;9751;[34,198,146,190,109,147,6,193,172,12,130,22,195,112,93,118,66,157,103,105,74,188,87,37,174,149,167,61,45,138,178,144,78,128,42,57,3,121,162,126,143,160,91,1,33,124,94,196,36,44,140,92,82,23,189,81,0,85,19,26,176,46,9,49,170,95,38,139,65,20,51,50,31,194,180,4,84,67,32,72,163,25,70,41,142,117,77,113,156,71,165,2,184,8,173,18,131,110,101,59,80,100,30,134,119,11,97,58,175,151,7,5,181,68,123,16,137,158,54,52,148,187,39,107,55,14,13,111,132,89,75,129,15,135,53,183,69,159,164,90,28,155,73,99,106,136,115,152,35,161,102,86,133,76,122,116,104,125,145,56,21,108,192,40,169,182,29,154,60,177,27,43,127,96,171,141,98,114,64,79,179,47,88,191,186,199,83,153,166,24,150,10,185,62,120,197,168,17,48,63];False
2760;6954;9714;[34,198,146,190,109,147,6,193,172,12,130,22,195,112,93,118,66,157,103,105,74,188,87,37,174,149,167,61,45,138,178,144,78,128,42,57,3,121,162,126,143,160,91,1,33,124,94,196,36,44,140,92,82,23,189,81,0,85,19,26,176,46,9,49,170,95,38,139,65,20,51,50,31,194,180,4,84,67,32,72,163,25,70,41,142,117,77,113,156,71,165,2,184,8,173,18,131,110,101,59,80,100,30,134,119,11,97,58,175,151,7,191,181,68,123,16,137,158,62,52,148,187,39,107,55,14,13,111,132,89,75,129,15,135,53,183,69,159,164,90,28,155,73,99,106,136,115,152,35,161,102,86,133,76,122,116,104,125,145,56,21,108,192,40,169,182,29,154,60,177,27,43,127,96,171,141,98,114,64,79,179,47,88,5,186,199,83,153,166,24,150,10,185,54,120,197,168,17,48,63];True
2916;6940;9856;[34,198,146,190,109,147,6,193,172,12,130,22,195,112,93,118,66,157,103,105,74,188,87,37,174,149,167,61,45,138,178,144,78,128,42,57,3,121,162,126,143,160,91,1,33,124,94,196,88,44,140,92,82,23,189,81,0,85,19,26,176,46,9,49,170,95,38,139,65,20,51,50,31,194,180,4,84,67,32,72,163,25,70,41,142,117,77,113,156,71,165,2,184,8,173,18,131,110,101,59,80,100,30,134,148,11,97,58,175,151,7,191,181,68,123,16,137,158,62,52,119,187,39,107,55,14,13,111,132,89,75,129,15,135,53,183,69,159,164,90,28,155,73,99,106,136,115,152,35,161,102,86,133,76,122,116,104,125,145,56,21,108,192,40,169,182,29,154,60,177,27,43,127,96,171,141,98,114,64,79,179,47,36,5,186,199,83,153,166,24,150,10,185,54,120,197,168,17,48,63];False
2802;6949;9751;[34,198,146,190,109,147,6,193,172,12,130,22,195,112,93,118,66,157,103,105,74,188,87,37,174,149,167,61,45,138,178,144,78,128,42,57,3,121,162,126,143,160,91,1,33,124,94,196,36,104,140,92,82,23,189,81,0,85,19,26,176,46,9,49,170,95,38,139,65,20,51,50,31,194,180,4,84,67,32,72,163,25,70,41,142,117,77,113,156,71,165,2,184,8,173,18,131,110,101,59,80,100,30,134,148,11,97,58,175,151,7,191,181,68,123,16,137,158,62,52,119,187,39,107,55,14,13,111,132,89,75,129,15,135,53,183,69,159,164,90,28,155,73,99,106,136,115,152,35,161,102,86,133,76,122,116,44,125,145,56,21,108,192,40,169,182,29,154,60,177,27,43,127,96,171,141,98,114,64,79,179,47,88,5,186,199,83,153,166,24,150,10,185,54,120,197,168,17,48,63];True
2793;6950;9743;[34,198,146,190,109,147,6,193,172,12,130,22,195,112,93,118,66,157,103,105,74,188,87,37,174,149,167,61,45,138,178,144,78,128,42,57,3,121,162,126,143,160,91,1,33,124,94,196,36,44,140,17,82,23,189,81,0,85,19,26,176,46,9,49,170,95,38,139,65,20,51,50,31,194,180,4,84,67,32,72,163,25,70,41,142,117,77,113,156,71,165,2,184,8,173,18,131,110,101,59,80,100,30,134,148,11,97,58,175,151,7,191,181,68,123,16,137,158,62,52,119,187,39,107,55,14,13,111,132,89,75,129,15,135,53,183,69,159,164,90,28,155,73,99,106,136,115,152,35,161,102,86,133,76,122,116,104,125,145,56,21,108,192,40,169,182,29,154,60,177,27,43,127,96,171,141,98,114,64,79,179,47,88,5,186,199,83,153,166,24,150,10,185,54,120,197,168,92,48,63];True
2833;6948;9781;[34,198,146,190,109,147,6,193,172,12,130,22,195,112,93,118,66,157,103,105,74,188,87,37,174,149,167,61,45,138,178,144,78,128,42,57,3,121,162,126,143,160,91,1,33,124,94,196,36,44,140,92,82,23,189,81,0,85,19,26,176,46,9,187,170,95,38,139,65,20,51,50,31,194,180,4,84,67,32,72,163,25,70,41,142,117,77,113,156,71,165,2,184,8,173,18,131,110,101,59,80,100,30,134,148,11,97,58,175,151,7,191,181,68,123,16,137,158,62,52,119,49,39,107,55,14,13,111,132,89,75,129,15,135,53,183,69,159,164,90,28,155,73,99,106,136,115,152,35,161,102,86,133,76,122,116,104,125,145,56,21,108,192,40,169,182,29,154,60,177,27,43,127,96,171,141,98,114,64,79,179,47,88,5,186,199,83,153,166,24,150,10,185,54,120,197,168,17,48,63];False
2714;6963;9677;[34,198,146,190,109,147,6,193,172,12,130,22,195,112,93,118,66,157,103,105,74,188,87,37,174,149,167,61,45,138,178,144,78,128,42,57,3,121,162,126,143,160,91,1,33,124,94,196,36,44,140,92,82,23,189,81,0,85,19,26,176,46,9,49,170,95,38,139,65,20,51,50,16,194,180,4,84,67,32,72,163,25,70,41,142,117,77,113,156,71,165,2,184,8,173,18,131,110,101,59,80,100,30,134,148,11,97,58,175,151,7,191,181,68,123,31,137,158,62,52,119,187,39,107,55,14,13,111,132,89,75,129,15,135,53,183,69,159,164,90,28,155,73,99,106,136,115,152,35,161,102,86,133,76,122,116,104,125,145,56,21,108,192,40,169,182,29,154,60,177,27,43,127,96,171,141,98,114,64,79,179,47,88,5,186,199,83,153,166,24,150,10,185,54,120,197,168,17,48,63];True
2741;6960;9701;[34,198,146,190,109,147,6,193,172,12,130,22,195,112,93,118,66,157,103,105,74,188,87,37,174,149,167,61,45,138,178,144,78,128,42,57,3,121,162,126,143,160,91,1,33,124,94,196,36,44,140,92,82,23,189,81,0,85,19,26,176,46,9,49,170,95,38,139,65,20,51,50,31,194,180,4,84,67,32,72,163,25,70,41,142,117,77,113,156,71,165,2,184,8,173,18,137,110,101,59,80,100,30,134,148,11,97,58,175,151,7,191,181,68,123,16,131,158,62,52,119,187,39,107,55,14,13,111,132,89,75,129,15,135,53,183,69,159,164,90,28,155,73,99,106,136,115,152,35,161,102,86,133,76,122,116,104,125,145,56,21,108,192,40,169,182,29,154,60,177,27,43,127,96,171,141,98,114,64,79,179,47,88,5,186,199,83,153,166,24,150,10,185,54,120,197,168,17,48,63];True
2900;6941;9841;[34,198,146,190,109,147,6,193,172,12,130,22,195,112,93,118,66,157,103,105,74,188,87,37,174,149,167,61,45,138,178,144,78,128,42,57,3,121,162,126,143,160,91,1,33,124,94,196,36,44,140,92,82,23,189,81,0,85,19,26,176,46,9,49,170,95,38,139,65,20,51,50,31,194,180,4,84,67,32,72,163,25,70,41,142,117,77,113,156,71,165,2,184,8,173,18,131,110,101,59,80,100,30,134,148,11,97,58,175,151,7,191,181,68,123,16,187,158,62,52,119,137,39,107,55,14,13,111,132,89,75,129,15,135,53,183,69,159,164,90,28,155,73,99,106,136,115,152,35,161,102,86,133,76,122,116,104,125,145,56,21,108,192,40,169,182,29,154,60,177,27,43,127,96,171,141,98,114,64,79,179,47,88,5,186,199,83,153,166,24,150,10,185,54,120,197,168,17,48,63];False
2809;6944;9753;[34,198,146,190,109,147,6,193,172,12,130,22,195,112,93,118,66,157,103,105,74,188,87,37,174,149,167,61,45,138,178,144,78,128,42,57,3,121,162,126,143,160,91,1,33,124,94,196,36,44,140,92,82,23,189,81,0,85,19,26,176,46,9,49,170,95,38,139,65,20,51,50,31,194,180,4,84,67,32,72,163,25,70,41,142,117,77,113,156,71,165,2,184,8,173,18,131,110,101,59,80,100,30,134,148,11,97,58,175,151,7,191,181,68,123,16,137,158,62,52,119,185,39,107,55,14,13,111,132,89,75,129,15,135,53,183,69,159,164,90,28,155,73,99,106,136,115,152,35,161,102,86,133,76,122,116,104,125,145,56,21,108,192,40,169,182,29,154,60,177,27,43,127,96,171,141,98,114,64,79,179,47,88,5,186,199,83,153,166,24,150,10,187,54,120,197,168,17,48,63];True
3021;6930;9951;[34,198,146,190,109,147,6,193,172,12,130,22,195,112,93,118,66,157,103,105,74,188,87,37,174,149,167,61,45,138,41,49,78,128,171,57,3,121,162,126,143,160,91,1,33,124,94,196,36,104,140,92,82,23,189,81,0,85,19,26,176,46,9,144,170,95,38,139,65,20,51,50,31,194,180,4,84,67,32,72,163,25,70,178,142,117,77,113,156,71,165,2,184,8,173,18,131,110,101,59,80,100,30,134,119,11,97,58,175,151,7,191,181,68,123,16,137,158,62,52,148,187,39,107,55,14,13,111,132,89,75,129,15,135,53,183,69,159,164,90,28,155,73,99,106,136,115,152,35,161,102,86,133,76,122,116,44,125,145,56,21,108,192,40,169,182,29,154,60,177,27,43,127,96,42,141,98,114,64,79,179,47,88,5,186,199,83,153,166,24,150,10,185,54,120,197,168,17,48,63];False
2884;6941;9825;[34,198,146,190,109,147,6,193,172,12,130,22,195,112,93,118,66,157,103,105,74,188,87,37,174,149,167,61,45,138,41,49,78,128,42,57,3,121,162,126,143,160,91,1,33,124,94,196,89,104,140,92,82,23,189,81,0,85,19,26,176,46,9,144,170,95,38,139,65,20,51,50,31,194,180,4,84,67,32,72,163,25,70,178,142,117,77,113,156,71,165,2,184,8,173,18,131,110,101,59,80,100,30,134,119,11,97,58,175,151,7,191,181,68,123,16,137,158,62,52,148,187,39,107,55,14,13,111,132,36,75,129,15,135,53,183,69,159,164,90,28,155,73,99,106,136,115,152,35,161,102,86,133,76,122,116,44,125,145,56,21,108,192,40,169,182,29,154,60,177,27,43,127,96,171,141,98,114,64,79,179,47,88,5,186,199,83,153,166,24,150,10,185,54,120,197,168,17,48,63];True
3011;6931;9942;[34,198,146,190,109,147,6,193,172,12,130,22,195,112,93,118,66,157,103,105,74,188,87,37,174,149,167,61,45,138,178,49,78,128,42,57,3,121,162,126,143,160,91,1,33,124,94,196,88,44,140,92,82,23,189,81,0,85,19,26,176,46,9,144,170,95,38,139,65,20,51,50,31,194,180,4,84,67,32,72,163,25,70,41,142,117,77,113,156,71,165,2,184,8,173,18,131,110,101,59,80,100,30,134,148,11,97,58,175,151,7,191,181,68,123,16,137,158,62,52,119,185,39,107,55,14,13,111,132,89,75,129,15,135,53,183,69,159,164,90,28,155,73,99,106,136,115,152,35,161,102,86,133,76,122,116,104,125,145,56,21,108,192,40,169,182,29,154,60,177,27,43,127,96,171,141,98,114,64,79,179,47,36,5,186,199,83,153,166,24,150,10,187,54,120,197,168,17,48,63];False
3071;6923;9994;[34,198,146,190,109,147,6,193,172,12,130,22,195,112,93,118,66,157,103,105,74,188,87,37,174,149,167,61,45,138,41,49,78,128,42,57,3,121,162,126,143,160,91,1,33,124,94,196,46,44,140,92,82,23,189,81,0,85,19,26,176,88,9,144,170,95,38,139,65,20,51,50,31,194,180,4,84,67,32,72,163,25,70,178,142,117,77,113,156,71,165,2,184,8,173,18,131,110,101,59,80,100,30,134,148,11,97,58,175,151,7,191,181,68,123,16,137,158,62,52,119,185,39,107,55,14,13,111,132,89,75,129,15,135,53,183,69,159,164,90,28,155,73,99,106,136,115,152,35,161,102,86,133,76,122,116,104,125,145,56,21,108,192,40,169,182,29,154,60,177,27,43,127,96,171,141,98,114,64,79,179,47,36,5,186,199,83,153,166,24,150,10,187,54,120,197,168,17,48,63];False
3031;6919;9950;[34,198,146,190,109,147,6,193,172,12,130,22,195,112,93,118,66,157,103,105,74,188,87,37,174,149,167,61,45,138,41,49,78,128,42,57,3,121,162,126,143,160,91,1,33,124,94,196,116,44,140,92,82,23,189,81,0,85,19,26,176,46,9,144,170,95,38,139,65,20,51,50,31,194,180,4,84,67,32,72,163,25,70,178,142,117,77,113,156,71,165,2,184,8,173,18,131,110,101,59,80,100,30,134,148,11,97,58,175,151,7,191,181,68,123,16,137,158,62,52,119,185,39,107,55,14,13,111,132,89,75,129,15,135,53,183,69,159,164,90,28,155,73,99,106,136,115,152,35,161,102,86,133,76,122,88,104,125,145,56,21,108,192,40,169,182,29,154,60,177,27,43,127,96,171,141,98,114,64,79,179,47,36,5,186,199,83,153,166,24,150,10,187,54,120,197,168,17,48,63];True
3014;6928;9942;[34,198,8,190,109,147,6,193,172,12,130,22,195,112,93,118,66,157,103,105,74,188,87,37,174,149,167,61,45,138,41,49,78,128,42,57,3,121,162,126,143,160,91,1,33,124,94,196,36,104,140,92,82,23,189,81,0,85,19,26,176,46,9,144,170,95,38,139,65,20,51,50,31,194,180,4,84,67,32,72,163,25,70,178,142,117,77,113,156,71,165,2,184,146,173,18,131,110,101,59,80,100,30,134,148,11,97,58,175,151,7,191,181,68,123,16,137,158,62,52,119,185,39,107,55,14,13,111,132,89,75,129,15,135,53,183,69,159,164,90,28,155,73,99,106,136,115,152,35,161,102,86,133,76,122,116,44,125,145,56,21,108,192,40,169,182,29,154,60,177,27,43,127,96,171,141,98,114,64,79,179,47,88,5,186,199,83,153,166,24,150,10,187,54,120,197,168,17,48,63];False
2989;6928;9917;[34,198,146,190,109,147,6,193,172,132,130,22,195,112,93,118,66,157,103,105,74,188,87,37,174,149,167,61,45,138,41,49,78,128,42,57,3,121,162,126,143,160,91,1,33,124,94,196,36,104,140,92,82,23,189,81,0,85,19,26,176,46,9,144,170,95,38,139,65,20,51,50,31,194,180,4,84,67,32,72,163,25,70,178,142,117,77,113,156,71,165,2,184,8,173,18,131,110,101,59,80,100,30,134,148,11,97,58,175,151,7,191,181,68,123,16,137,158,62,52,119,185,39,107,55,14,13,111,12,89,75,129,15,135,53,183,69,159,164,90,28,155,73,99,106,136,115,152,35,161,102,86,133,76,122,116,44,125,145,56,21,108,192,40,169,182,29,154,60,177,27,43,127,96,171,141,98,114,64,79,179,47,88,5,186,199,83,153,166,24,150,10,187,54,120,197,168,17,48,63];True
3015;6926;9941;[34,198,146,190,109,147,6,193,172,12,36,22,195,112,93,118,66,157,103,105,74,188,87,37,174,149,167,61,45,138,41,49,78,128,42,57,3,121,162,126,143,160,91,1,33,124,94,196,130,104,140,92,82,23,189,81,0,85,19,26,176,46,9,144,170,95,38,139,65,20,51,50,31,194,180,4,84,67,32,72,163,25,70,178,142,117,77,113,156,71,165,2,184,8,173,18,131,110,101,59,80,100,30,134,148,11,97,58,175,151,7,191,181,68,123,16,137,158,62,52,119,185,39,107,55,14,13,111,132,89,75,129,15,135,53,183,69,159,164,90,28,155,73,99,106,136,115,152,35,161,102,86,133,76,122,116,44,125,145,56,21,108,192,40,169,182,29,154,60,177,27,43,127,96,171,141,98,114,64,79,179,47,88,5,186,199,83,153,166,24,150,10,187,54,120,197,168,17,48,63];True
2897;6940;9837;[34,198,146,190,109,147,6,193,172,12,130,22,195,112,93,118,66,157,103,105,74,188,87,37,174,149,167,61,45,138,178,49,78,128,42,57,3,121,162,126,143,160,91,1,33,124,94,196,36,104,140,92,82,23,189,81,0,85,19,26,176,46,9,144,170,95,38,139,65,20,51,50,31,194,180,4,84,67,32,72,163,25,70,41,142,117,77,113,156,71,165,2,184,8,173,18,131,110,101,59,80,100,30,134,148,11,97,58,175,151,7,191,181,68,123,16,137,158,62,52,119,185,39,107,55,14,13,111,132,89,75,129,15,135,53,183,69,159,164,90,28,155,73,99,106,136,115,152,35,161,102,86,133,76,122,116,44,125,145,56,21,108,192,40,169,182,29,154,60,177,27,43,127,96,171,141,98,114,64,79,179,47,88,5,186,199,83,153,166,24,150,10,187,54,120,197,168,17,48,63];True
3108;6915;10023;[34,198,146,190,109,147,6,193,172,12,130,22,195,112,93,118,66,157,103,105,74,188,87,37,174,149,167,61,45,138,41,49,111,128,42,57,3,121,162,126,143,160,91,1,33,124,94,196,36,104,140,92,82,23,189,81,0,85,19,26,176,46,9,144,170,95,38,139,65,20,51,50,31,194,180,4,84,67,32,72,163,25,70,178,142,117,77,113,156,71,165,2,184,8,173,18,131,110,101,59,80,100,30,134,148,11,97,58,175,151,7,191,181,68,123,16,137,158,62,52,119,185,39,107,55,14,13,78,132,89,75,129,15,135,53,183,69,159,164,90,28,155,73,99,106,136,115,152,35,161,102,86,133,76,122,116,44,125,145,56,21,108,192,40,169,182,29,154,60,177,27,43,127,96,171,141,98,114,64,79,179,47,88,5,186,199,83,153,166,24,150,10,187,54,120,197,168,17,48,63];False
3030;6923;9953;[34,198,146,190,109,147,6,193,172,12,130,22,195,112,93,118,66,157,103,105,74,188,87,37,174,149,167,61,45,138,41,49,78,128,42,57,3,121,162,126,143,160,91,1,33,124,94,196,191,104,140,92,82,23,189,81,0,85,19,26,176,46,9,144,170,95,38,139,65,20,51,50,31,194,180,4,84,67,32,72,163,25,70,178,142,117,77,113,156,71,165,2,184,8,173,18,131,110,101,59,80,100,30,134,148,11,97,58,175,151,7,36,181,68,123,16,137,158,62,52,119,185,39,107,55,14,13,111,132,89,75,129,15,135,53,183,69,159,164,90,28,155,73,99,106,136,115,152,35,161,102,86,133,76,122,116,44,125,145,56,21,108,192,40,169,182,29,154,60,177,27,43,127,96,171,141,98,114,64,79,179,47,88,5,186,199,83,153,166,24,150,10,187,54,120,197,168,17,48,63];True
2933;6931;9864;[34,198,146,190,109,147,6,193,172,12,130,22,195,112,93,118,66,157,103,105,74,188,87,37,174,149,167,61,45,138,41,49,78,128,42,57,3,121,162,126,143,160,91,1,33,124,94,196,89,104,140,92,82,23,189,81,0,85,19,26,176,46,9,144,170,95,38,139,65,20,51,50,31,194,180,4,84,67,32,72,163,25,70,178,142,117,77,113,156,71,165,2,184,8,173,18,131,110,101,59,80,100,30,134,148,11,97,58,175,151,7,191,181,68,123,16,137,158,62,52,119,185,39,107,55,14,13,111,132,36,75,129,15,135,53,183,69,159,164,90,28,155,73,99,106,136,115,152,35,161,102,86,133,76,122,116,44,125,145,56,21,108,192,40,169,182,29,154,60,177,27,43,127,96,171,141,98,114,64,79,179,47,88,5,186,199,83,153,166,24,150,10,187,54,120,197,168,17,48,63];True
3163;6910;10073;[34,103,105,190,109,147,6,193,172,132,130,22,195,112,93,118,66,157,20,51,74,188,87,37,174,149,167,61,45,138,14,49,78,128,42,57,191,121,162,126,143,160,91,1,33,124,94,196,36,104,140,92,82,23,189,81,0,85,19,26,176,46,9,41,3,95,38,139,144,48,50,168,31,194,180,4,84,67,32,72,163,25,70,65,16,117,77,113,156,71,165,2,184,8,173,18,131,110,101,59,80,100,30,134,148,11,97,58,175,151,7,170,181,68,198,142,137,158,62,52,119,185,39,107,55,178,13,111,12,89,75,129,15,135,53,183,69,159,164,90,28,155,73,99,106,136,115,152,35,161,102,86,133,76,122,116,44,125,145,56,21,108,192,40,169,182,29,154,60,177,27,43,127,96,171,141,98,114,64,79,179,47,88,5,186,199,83,153,166,24,150,10,187,54,120,197,123,17,146,63];False
3242;6903;10145;[34,103,105,190,109,147,6,193,172,132,130,22,195,112,93,118,66,157,20,51,74,188,87,37,174,149,167,61,45,138,178,13,78,128,42,57,191,121,162,126,143,160,91,1,33,124,94,196,36,104,140,92,82,23,189,81,0,85,19,26,176,46,9,41,3,95,38,139,144,48,50,168,31,194,180,4,84,67,32,72,163,25,70,65,16,117,77,113,156,71,165,2,184,8,173,18,131,110,101,59,80,100,30,134,148,11,97,58,175,151,7,170,181,68,198,142,137,158,62,52,119,185,39,107,55,14,49,111,12,89,75,129,15,135,53,183,69,159,164,90,28,155,73,99,106,136,115,152,35,161,102,86,133,76,122,116,44,125,145,56,21,108,192,40,169,182,29,154,60,177,27,43,127,96,171,141,98,114,64,79,179,47,88,5,186,199,83,153,166,24,150,10,187,54,120,197,123,17,146,63];False
3174;6908;10082;[34,103,105,190,109,147,6,193,172,132,130,22,195,112,93,118,66,157,20,51,74,188,87,37,174,149,167,61,45,138,178,49,78,128,42,57,191,121,162,126,143,160,91,1,33,124,94,196,89,104,140,92,82,23,189,81,0,85,19,26,176,46,9,41,3,95,38,139,144,48,50,168,31,194,180,4,84,67,32,72,163,25,70,65,16,117,77,113,156,71,165,2,184,8,173,18,131,110,101,59,80,100,30,134,148,11,97,58,175,151,7,170,181,68,198,142,137,158,62,52,119,185,39,107,55,14,13,111,12,36,75,129,15,135,53,183,69,159,164,90,28,155,73,99,106,136,115,152,35,161,102,86,133,76,122,116,44,125,145,56,21,108,192,40,169,182,29,154,60,177,27,43,127,96,171,141,98,114,64,79,179,47,88,5,186,199,83,153,166,24,150,10,187,54,120,197,123,17,146,63];False
3257;6895;10152;[34,103,105,190,109,147,6,193,172,132,130,22,195,112,93,118,66,157,20,51,74,188,87,37,174,149,167,61,45,138,178,49,78,128,42,57,191,121,162,126,143,160,91,1,33,124,94,196,88,104,140,92,82,23,189,81,0,85,19,26,176,46,9,41,3,95,38,139,144,48,50,168,31,194,180,4,84,67,32,72,163,25,70,65,16,117,77,113,156,71,165,2,184,8,173,18,131,110,101,59,80,100,30,134,148,11,97,58,175,151,7,170,181,68,198,142,137,158,62,52,119,185,39,107,55,14,13,111,12,89,75,129,15,135,53,183,69,159,164,90,28,155,73,99,106,136,115,152,35,161,102,86,133,76,122,116,44,125,145,56,21,108,192,40,169,182,29,154,60,177,27,43,127,96,171,141,98,114,64,79,179,47,36,5,186,199,83,153,166,24,150,10,187,54,120,197,123,17,146,63];True
3158;6905;10063;[34,103,105,190,109,147,6,193,172,132,130,22,195,112,93,118,66,157,20,51,74,188,87,37,174,149,167,61,45,138,178,49,78,128,42,57,191,121,162,126,143,160,91,1,33,124,94,196,36,182,140,92,82,23,189,81,0,85,19,26,176,46,9,41,3,95,38,139,144,48,50,168,31,194,180,4,84,67,32,72,163,25,70,65,16,117,77,113,156,71,165,2,184,8,173,18,131,110,101,59,80,100,30,134,148,11,97,58,175,151,7,170,181,68,198,142,137,158,62,52,119,185,39,107,55,14,13,111,12,89,75,129,15,135,53,183,69,159,164,90,28,155,73,99,106,136,115,152,35,161,102,86,133,76,122,116,44,125,145,56,21,108,192,40,169,104,29,154,60,177,27,43,127,96,171,141,98,114,64,79,179,47,88,5,186,199,83,153,166,24,150,10,187,54,120,197,123,17,146,63];True
3156;6908;10064;[34,103,105,190,109,147,6,193,172,132,130,22,195,112,93,118,66,157,20,51,74,188,87,37,174,149,167,61,45,138,178,49,78,128,42,57,191,121,162,126,143,160,91,1,33,124,94,196,36,104,140,92,82,23,189,81,0,85,19,26,176,46,9,41,3,95,38,139,144,48,50,168,31,194,180,4,84,67,32,72,163,25,70,65,16,117,77,113,156,71,165,2,184,8,173,18,131,110,101,59,80,100,30,134,148,11,97,58,175,151,7,170,181,68,198,142,137,158,62,12,119,185,39,107,55,14,13,111,52,89,75,129,15,135,53,183,69,159,164,90,28,155,73,99,106,136,115,152,35,161,102,86,133,76,122,116,44,125,145,56,21,108,192,40,169,182,29,154,60,177,27,43,127,96,171,141,98,114,64,79,179,47,88,5,186,199,83,153,166,24,150,10,187,54,120,197,123,17,146,63];True
3246;6900;10146;[34,103,105,190,109,147,6,193,172,132,130,22,195,112,93,118,66,157,20,51,74,188,87,37,174,149,167,61,45,138,178,49,78,128,42,57,191,121,162,126,143,160,91,1,33,124,94,196,36,104,140,92,82,23,189,81,0,85,19,26,176,46,9,41,3,95,38,139,144,48,50,168,31,194,180,4,84,67,32,72,163,25,70,65,16,117,77,113,156,71,165,2,184,8,173,18,131,110,101,59,80,100,30,134,148,11,97,58,175,151,7,170,181,68,198,142,137,158,62,52,12,185,39,107,55,14,13,111,119,89,75,129,15,135,53,183,69,159,164,90,28,155,73,99,106,136,115,152,35,161,102,86,133,76,122,116,44,125,145,56,21,108,192,40,169,182,29,154,60,177,27,43,127,96,171,141,98,114,64,79,179,47,88,5,186,199,83,153,166,24,150,10,187,54,120,197,123,17,146,63];False
3107;6913;10020;[34,103,105,190,109,147,6,193,172,12,130,22,195,112,93,118,66,157,20,51,74,188,87,37,174,149,167,61,45,138,14,49,78,128,42,57,191,121,162,126,143,160,91,1,33,124,94,196,89,104,140,92,82,23,189,81,0,85,19,26,176,46,9,41,3,95,38,139,144,48,50,168,31,194,180,4,84,67,32,72,163,25,70,65,16,117,77,113,156,71,165,2,184,8,173,18,131,110,101,59,80,100,30,134,148,11,97,58,175,151,7,170,181,68,198,142,137,158,62,52,119,185,39,107,55,178,13,111,132,36,75,129,15,135,53,183,69,159,164,90,28,155,73,99,106,136,115,152,35,161,102,86,133,76,122,116,44,125,145,56,21,108,192,40,169,182,29,154,60,177,27,43,127,96,171,141,98,114,64,79,179,47,88,5,186,199,83,153,166,24,150,10,187,54,120,197,123,17,146,63];True
3224;6904;10128;[34,103,105,190,109,147,6,193,172,12,130,22,195,112,93,118,66,157,20,51,74,188,87,37,174,149,167,61,45,138,178,49,78,128,171,57,191,121,162,126,143,160,91,1,33,124,94,196,89,104,140,92,82,23,189,81,0,85,19,26,176,46,9,41,3,95,38,139,144,48,50,168,31,194,180,4,84,67,32,72,163,25,70,65,16,117,77,113,156,71,165,2,184,8,173,18,131,110,101,59,80,100,30,134,148,11,97,58,175,151,7,170,181,68,198,142,137,158,62,52,119,185,39,107,55,14,13,111,132,36,75,129,15,135,53,183,69,159,164,90,28,155,73,99,106,136,115,152,35,161,102,86,133,76,122,116,44,125,145,56,21,108,192,40,169,182,29,154,60,177,27,43,127,96,42,141,98,114,64,79,179,47,88,5,186,199,83,153,166,24,150,10,187,54,120,197,123,17,146,63];False
3207;6898;10105;[34,103,105,190,109,147,6,193,172,12,130,22,195,112,93,118,66,157,20,51,74,188,87,37,174,149,167,61,45,138,178,49,78,128,42,57,191,121,162,126,143,160,91,1,33,124,94,196,88,104,140,92,82,23,189,81,0,85,19,26,176,46,9,41,3,95,38,139,144,48,50,168,31,194,180,4,84,67,32,72,163,25,70,65,16,117,77,113,156,71,165,2,184,8,173,18,131,110,101,59,80,100,30,134,148,11,97,58,175,151,7,170,181,68,198,142,137,158,62,52,119,185,39,107,55,14,13,111,132,36,75,129,15,135,53,183,69,159,164,90,28,155,73,99,106,136,115,152,35,161,102,86,133,76,122,116,44,125,145,56,21,108,192,40,169,182,29,154,60,177,27,43,127,96,171,141,98,114,64,79,179,47,89,5,186,199,83,153,166,24,150,10,187,54,120,197,123,17,146,63];True
3096;6918;10014;[34,103,105,190,109,147,6,193,172,12,130,22,195,112,93,118,66,157,20,51,74,188,87,37,174,149,167,61,45,138,178,49,78,128,42,57,191,121,162,126,143,160,91,1,33,124,94,196,89,104,140,92,82,23,189,81,0,85,19,26,176,46,9,41,3,95,38,139,144,48,50,168,31,194,180,4,84,67,32,72,163,25,70,65,16,117,77,113,156,71,165,2,184,8,173,18,131,110,101,59,80,100,30,134,148,11,97,58,151,175,7,170,181,68,198,142,137,158,62,52,119,185,39,107,55,14,13,111,132,36,75,129,15,135,53,183,69,159,164,90,28,155,73,99,106,136,115,152,35,161,102,86,133,76,122,116,44,125,145,56,21,108,192,40,169,182,29,154,60,177,27,43,127,96,171,141,98,114,64,79,179,47,88,5,186,199,83,153,166,24,150,10,187,54,120,197,123,17,146,63];True
3254;6897;10151;[34,103,105,190,109,147,6,193,172,12,130,22,195,112,93,118,66,157,20,51,74,188,87,37,174,149,167,61,45,138,178,49,78,128,42,57,191,121,162,126,143,160,91,1,33,124,94,196,89,104,140,92,82,23,189,81,0,85,19,26,176,46,9,41,3,95,38,139,144,48,50,168,31,194,180,4,84,67,32,72,163,25,70,65,16,117,77,113,156,71,165,2,184,8,173,18,131,110,101,59,80,100,30,134,148,11,97,58,175,151,7,170,181,68,198,142,137,158,62,52,119,185,39,107,55,14,13,111,132,36,75,129,15,135,53,183,69,159,164,90,28,155,73,99,106,136,115,152,35,161,102,86,133,76,122,116,44,125,145,56,17,108,192,40,169,182,29,154,60,177,27,43,127,96,171,141,98,114,64,79,179,47,88,5,186,199,83,153,166,24,150,10,187,54,120,197,123,21,146,63];False
1416;8624;10040;[117,49,102,122,114,60,2,129,72,14,99,73,140,178,192,10,123,17,8,94,173,18,25,120,24,197,15,9,150,143,67,75,147,65,124,142,130,22,38,21,135,105,115,151,7,153,187,127,39,107,85,76,50,53,93,131,30,134,137,86,181,82,23,12,54,158,121,168,3,98,78,110,81,52,106,118,183,83,26,79,185,148,167,61,59,36,46,5,41,133,96,157,138,45,188,87,66,126,198,159,174,1,51,29,154,156,160,71,69,190,43,128,101,164,111,88,40,37,145,139,33,13,172,195,182,109,141,35,6,56,189,194,31,171,97,57,186,113,196,89,162,146,28,74,4,92,100,0,199,62,44,34,108,20,55,155,184,161,80,58,177,169,191,11,104,180,163,170,95,91,90,125,149,32,68,63,27,116,175,165,193,16,136,144,70,19,64,103,152,84,77,112,179,176,42,47,132,166,119,48];True
1426;8577;10003;[3,49,102,122,114,176,2,129,72,14,99,73,140,178,192,10,123,17,8,94,173,18,25,120,24,197,15,9,150,143,67,75,147,65,124,142,130,22,38,21,135,105,115,151,7,153,187,127,39,107,85,76,50,53,93,131,30,134,137,86,181,82,23,12,54,158,121,168,117,98,78,110,81,52,106,118,183,83,26,79,185,148,167,61,59,36,46,5,41,133,96,157,138,45,188,87,66,126,198,159,174,1,51,29,154,156,160,71,69,190,43,128,101,164,111,88,40,37,145,139,33,13,172,195,182,109,141,35,6,56,189,194,31,171,97,57,186,113,196,89,162,146,28,74,4,92,100,0,199,62,44,34,108,20,55,155,184,161,80,58,177,169,191,11,104,180,163,170,95,91,90,125,149,32,68,63,27,116,175,165,193,16,136,144,70,19,64,103,152,84,77,112,179,60,42,47,132,166,119,48];False
1410;8707;10117;[3,49,102,122,114,60,2,129,72,14,99,73,140,178,192,10,123,17,8,94,173,18,25,120,24,197,15,9,150,143,67,75,147,65,124,142,130,22,38,21,135,105,115,151,7,153,187,127,39,107,85,76,50,53,93,131,30,134,137,86,181,82,23,12,54,158,121,168,117,98,78,110,81,52,106,118,183,83,26,79,185,74,167,61,59,36,46,5,41,133,96,157,138,45,188,87,66,126,198,159,174,1,51,29,154,156,160,71,69,190,43,128,101,164,111,88,40,37,145,139,33,13,172,195,182,109,141,35,6,56,189,194,31,171,97,57,186,113,196,89,162,146,28,148,4,92,100,0,199,62,44,34,108,20,55,155,184,161,80,58,177,169,191,11,104,180,163,170,95,91,90,125,149,32,68,63,27,116,175,165,193,16,136,144,70,19,64,103,152,84,77,112,179,176,42,47,132,166,119,48];False
1411;8672;10083;[60,49,102,122,114,3,2,129,72,14,99,73,140,178,192,10,123,17,8,94,173,18,25,120,24,197,15,9,150,143,67,75,147,65,124,168,130,22,38,21,135,105,115,151,7,153,187,127,39,107,85,76,50,53,93,131,30,134,58,86,181,82,23,12,54,158,121,142,117,98,78,110,81,52,106,118,183,83,26,79,185,148,167,61,59,36,46,5,41,133,96,157,138,45,188,87,66,126,198,159,174,1,51,29,154,156,160,71,69,190,43,128,101,164,111,88,40,37,145,139,33,13,172,195,182,109,141,35,6,56,189,194,31,171,97,57,186,113,196,89,162,146,28,74,4,92,100,0,199,62,44,34,108,20,55,155,184,161,80,137,177,169,191,11,104,180,163,170,95,91,90,125,149,32,68,63,27,116,175,165,193,16,136,144,70,19,64,103,152,84,77,112,179,176,42,47,132,166,119,48];False
1397;8743;10140;[60,49,102,122,114,3,2,129,72,14,99,73,140,178,192,10,123,17,8,94,173,18,25,120,24,197,15,9,150,143,67,75,147,65,124,142,130,22,38,21,135,105,115,151,7,153,187,127,39,107,85,76,50,53,93,131,30,134,58,86,181,82,23,12,54,158,121,168,117,98,78,110,81,52,106,118,183,83,26,79,185,74,167,61,59,36,46,5,41,133,96,157,138,45,188,87,66,126,198,159,174,1,51,29,154,156,160,71,69,190,43,128,101,164,111,88,40,37,145,139,33,13,172,195,182,109,141,35,6,56,189,194,31,171,97,57,186,113,196,89,162,146,28,148,4,92,100,0,199,62,44,34,108,20,55,155,184,161,80,137,177,169,191,11,104,180,163,170,95,91,90,125,149,32,68,63,27,116,175,165,193,16,136,144,70,19,64,103,152,84,77,112,179,176,42,47,132,166,119,48];True
1408;8663;10071;[60,49,102,122,114,3,2,129,72,14,99,73,140,178,192,10,123,17,8,94,173,18,25,120,24,197,15,9,150,143,67,75,147,65,124,142,130,22,38,21,135,105,115,151,7,153,187,127,39,107,85,76,50,53,93,131,30,134,58,86,181,82,23,12,54,158,121,168,117,98,78,110,81,52,106,118,183,83,26,79,185,148,167,61,59,36,46,5,41,133,96,157,138,45,188,87,66,126,198,159,174,1,51,29,154,156,160,71,69,190,43,128,101,164,111,88,40,37,145,139,33,13,172,195,182,109,141,35,6,56,189,194,31,171,97,57,186,113,196,89,162,146,28,74,4,92,100,0,199,62,44,34,108,20,55,155,184,161,80,137,177,169,191,11,104,180,163,170,95,152,90,125,149,32,68,63,27,116,175,165,193,16,136,144,70,19,64,103,91,84,77,112,179,176,42,47,132,166,119,48];True
1401;8725;10126;[60,49,102,122,114,3,2,129,72,14,99,73,140,178,192,10,123,17,8,94,173,18,25,120,24,197,15,9,150,143,67,75,147,65,124,168,130,22,38,21,135,105,115,151,7,153,187,127,39,107,85,76,50,53,93,131,30,134,137,86,181,82,23,12,54,158,121,142,117,98,78,110,81,52,106,118,183,83,26,79,185,74,167,61,59,36,46,5,41,133,96,157,138,45,188,87,66,126,198,159,174,1,51,29,154,156,160,71,69,190,43,128,101,164,111,88,40,37,145,139,33,13,172,195,182,109,141,35,6,56,189,194,31,171,97,57,186,113,196,89,162,146,28,148,4,92,100,0,199,62,44,34,108,20,55,155,184,161,80,58,177,169,191,11,104,180,163,170,95,91,90,125,149,32,68,63,27,116,175,165,193,16,136,144,70,19,64,103,152,84,77,112,179,176,42,47,132,166,119,48];False
1398;8726;10124;[60,49,102,122,114,3,2,129,72,14,99,73,140,178,192,10,123,17,8,94,173,18,25,120,24,197,15,9,150,143,67,75,147,65,124,142,130,22,38,21,135,105,115,151,7,153,187,127,39,107,85,76,50,53,93,131,30,134,91,86,181,82,23,12,54,158,121,168,117,98,78,110,81,52,106,118,183,83,26,79,185,74,167,61,59,36,46,5,41,133,96,157,138,45,188,87,66,126,198,159,174,1,51,29,154,156,160,71,69,190,43,128,101,164,111,88,40,37,145,139,33,13,172,195,182,109,141,35,6,56,189,194,31,171,97,57,186,113,196,89,162,146,28,148,4,92,100,0,199,62,44,34,108,20,55,155,184,161,80,58,177,169,191,11,104,180,163,170,95,137,90,125,149,32,68,63,27,116,175,165,193,16,136,144,70,19,64,103,152,84,77,112,179,176,42,47,132,166,119,48];False
1407;8710;10117;[60,49,102,122,114,3,2,129,72,14,99,73,140,178,192,10,123,17,8,94,173,18,25,120,24,197,15,9,150,143,67,75,147,65,124,142,130,22,38,21,135,105,115,151,7,153,187,127,39,107,85,76,50,53,93,131,30,134,137,86,181,82,23,12,54,158,121,168,117,98,78,110,81,52,106,118,183,83,26,79,185,74,167,61,59,36,46,5,41,133,96,157,138,45,188,87,66,126,198,159,174,1,51,29,154,156,160,71,69,190,43,128,101,164,111,88,40,37,145,139,33,13,172,195,182,109,141,35,6,56,189,194,31,171,97,57,186,196,113,89,162,146,28,148,4,92,100,0,199,62,44,34,108,20,55,155,184,161,80,58,177,169,191,11,104,180,163,170,95,91,90,125,149,32,68,63,27,116,175,165,193,16,136,144,70,19,64,103,152,84,77,112,179,176,42,47,132,166,119,48];True
1398;8716;10114;[60,49,102,122,114,3,2,129,72,14,99,73,140,178,192,10,123,17,8,94,173,18,25,120,24,197,15,9,150,143,67,75,147,65,124,142,130,22,38,21,135,105,115,151,7,153,187,127,39,107,85,76,50,53,93,131,30,134,137,86,181,82,23,12,54,158,121,168,117,98,78,110,81,52,106,118,183,83,26,79,185,74,167,61,59,36,46,5,41,133,96,157,138,45,188,87,66,126,198,159,174,1,51,29,154,156,160,71,69,190,43,128,101,164,111,88,40,37,145,139,33,13,172,195,182,109,141,35,6,56,189,194,31,171,97,57,186,113,196,89,162,146,28,148,4,92,100,0,199,62,44,34,108,20,55,155,184,161,80,58,177,169,191,11,104,180,163,170,95,152,90,125,149,32,68,63,27,116,175,165,193,16,136,144,70,19,64,103,91,84,77,112,179,176,42,47,132,166,119,48];True
1406;8711;10117;[60,49,102,122,114,3,2,129,72,14,99,73,140,178,192,10,123,17,8,94,173,18,25,120,24,197,15,9,150,143,67,75,147,65,124,142,130,22,38,21,135,105,115,151,7,153,187,127,39,107,85,76,50,53,93,131,30,134,137,86,181,82,23,12,54,158,121,168,117,98,78,110,81,52,106,118,183,83,26,79,185,74,167,61,59,36,46,5,41,133,96,157,138,45,188,87,66,126,198,159,174,1,51,29,154,156,160,71,69,190,43,128,101,164,111,88,40,37,145,139,33,13,172,195,182,109,141,35,6,56,189,194,31,171,97,57,186,113,196,89,162,146,28,148,4,92,100,0,199,62,44,34,108,20,55,155,184,161,80,58,177,169,191,11,104,180,163,170,95,91,90,125,149,32,68,63,27,116,179,165,193,16,136,144,70,19,64,103,152,84,77,112,175,176,42,47,132,166,119,48];True
1412;8645;10057;[60,49,102,122,114,3,2,129,72,14,99,73,140,178,192,10,123,17,8,94,173,18,25,120,24,197,15,9,150,143,67,75,147,65,124,168,130,22,38,21,135,105,115,151,7,153,187,127,39,107,85,76,50,53,93,131,30,134,137,86,181,82,23,12,54,158,121,142,117,98,78,110,81,52,106,118,183,83,26,79,185,148,167,61,59,36,46,5,41,133,96,157,138,45,188,87,66,126,198,159,174,1,51,29,154,156,160,71,69,190,43,128,101,164,111,88,40,37,145,139,33,13,172,195,182,109,141,35,6,56,189,194,31,171,97,57,186,113,196,89,162,146,28,74,4,92,100,0,199,62,44,34,108,20,55,155,184,161,80,58,177,169,191,11,104,180,163,170,95,152,90,125,149,32,68,63,27,116,175,165,193,16,136,144,70,19,64,103,91,84,77,112,179,176,42,47,132,166,119,48];True
1422;8598;10020;[60,49,102,122,114,3,2,129,72,14,99,73,140,178,192,10,123,17,8,94,173,18,25,120,24,197,15,9,150,143,67,75,147,65,124,142,130,22,38,21,135,105,115,151,7,153,187,127,39,107,85,76,50,53,106,131,30,134,137,86,181,82,23,12,54,158,121,168,117,98,78,110,81,52,93,118,183,83,26,79,185,148,167,61,59,36,46,5,41,133,96,157,138,45,188,87,66,126,198,159,174,1,51,29,154,156,160,71,69,190,43,128,101,164,111,88,40,37,145,139,33,13,172,195,182,109,141,35,6,56,189,194,31,171,97,57,186,113,196,89,162,146,28,74,4,92,100,0,199,62,44,34,108,20,55,155,184,161,80,58,177,169,191,11,104,180,163,170,95,152,90,125,149,32,68,63,27,116,175,165,193,16,136,144,70,19,64,103,91,84,77,112,179,176,42,47,132,166,119,48];True
1453;8526;9979;[92,102,49,122,114,3,2,129,72,105,99,73,140,178,192,10,123,17,8,94,173,18,25,120,24,197,15,9,150,143,67,75,147,95,115,142,130,22,38,21,135,14,60,151,7,153,187,127,39,107,85,76,50,53,106,131,30,134,137,86,181,82,23,12,54,158,121,168,117,98,78,110,81,52,93,118,183,83,26,79,185,148,167,61,59,36,46,5,41,133,96,157,138,45,188,87,66,126,198,159,174,1,51,29,154,156,160,71,69,190,43,128,101,164,111,88,40,37,145,139,33,13,172,195,182,109,141,35,6,56,189,194,31,171,97,57,186,113,196,89,162,146,28,74,4,91,100,0,199,62,44,34,108,20,55,155,184,161,80,58,177,169,191,11,104,180,163,170,65,124,90,125,149,32,68,63,27,116,175,165,193,16,136,144,70,19,64,103,152,84,77,112,179,176,42,47,132,166,119,48];False
1449;8527;9976;[92,49,122,102,114,3,2,129,72,105,99,73,140,178,192,10,123,17,8,94,173,18,25,120,24,197,15,9,150,143,67,75,147,95,115,142,130,22,38,21,135,14,60,151,7,153,187,127,39,107,85,76,50,53,106,131,30,134,137,86,181,82,23,12,54,158,121,168,117,98,78,110,81,52,93,118,183,83,26,79,185,148,167,61,59,36,46,5,41,133,96,157,138,45,188,87,66,126,198,159,174,1,51,29,154,156,160,71,69,190,43,128,101,164,111,88,40,37,145,139,33,13,172,195,182,109,141,35,6,56,189,194,31,171,97,57,186,113,196,89,162,146,28,74,4,91,100,0,199,62,44,34,108,20,55,155,184,161,80,58,177,169,191,11,104,180,163,170,65,124,90,125,149,32,68,63,27,116,175,165,193,16,136,144,70,19,64,103,152,84,77,112,179,176,42,47,132,166,119,48];False
1469;8509;9978;[92,49,102,122,114,3,2,32,72,105,99,73,140,178,192,10,123,17,8,94,173,18,25,120,24,197,15,9,150,143,67,75,147,95,115,142,130,22,38,21,135,14,60,151,7,153,187,127,39,107,85,76,50,53,106,131,30,134,137,86,181,82,23,12,54,158,121,168,117,98,78,110,81,52,93,118,183,83,26,79,185,148,167,61,59,36,46,5,41,133,96,157,138,45,188,87,66,126,198,159,174,1,51,29,154,156,160,71,69,190,43,128,101,164,111,88,40,37,145,139,33,13,172,195,182,109,141,35,6,56,189,194,31,171,97,57,186,113,196,89,162,146,28,74,4,91,100,0,199,62,44,34,108,20,55,155,184,161,80,58,177,169,191,11,104,180,163,170,65,124,90,125,149,129,68,63,27,116,175,165,193,16,136,144,70,19,64,103,152,84,77,112,179,176,42,47,132,166,119,48];False
1451;8500;9951;[92,49,102,122,114,3,2,129,72,105,99,73,140,178,192,10,123,17,8,94,173,18,25,120,24,197,15,9,150,143,67,75,147,95,31,142,130,22,38,21,135,14,60,151,7,153,187,127,39,107,85,76,50,53,106,131,30,134,137,86,181,82,23,12,54,158,121,168,117,98,78,110,81,52,93,118,183,83,26,79,185,148,167,61,59,36,46,5,41,133,96,157,138,45,188,87,66,126,198,159,174,1,51,29,154,156,160,71,69,190,43,128,101,164,111,88,40,37,145,139,33,13,172,195,182,109,141,35,6,56,189,194,115,171,97,57,186,113,196,89,162,146,28,74,4,91,100,0,199,62,44,34,108,20,55,155,184,161,80,58,177,169,191,11,104,180,163,170,65,124,90,125,149,32,68,63,27,116,175,165,193,16,136,144,70,19,64,103,152,84,77,112,179,176,42,47,132,166,119,48];True
1428;8557;9985;[92,49,102,122,114,3,2,129,72,105,99,73,140,178,192,10,123,17,8,94,173,18,25,120,24,197,15,9,150,143,67,75,147,95,115,142,130,22,38,21,135,14,60,151,7,153,187,127,39,107,85,76,50,55,106,131,30,134,137,86,181,82,23,12,54,158,121,168,117,98,78,110,81,52,93,118,183,83,26,79,185,148,167,61,59,36,46,5,41,133,96,157,138,45,188,87,66,126,198,159,174,1,51,29,154,156,160,71,69,190,43,128,101,164,111,88,40,37,145,139,33,13,172,195,182,109,141,35,6,56,189,194,31,171,97,57,186,113,196,89,162,146,28,74,4,91,100,0,199,62,44,34,108,20,53,155,184,161,80,58,177,169,191,11,104,180,163,170,65,124,90,125,149,32,68,63,27,116,175,165,193,16,136,144,70,19,64,103,152,84,77,112,179,176,42,47,132,166,119,48];True
1425;8573;9998;[92,49,102,122,114,3,2,129,72,105,99,73,140,178,192,10,123,17,8,94,173,18,25,120,24,197,15,9,150,143,67,75,147,95,115,142,130,22,38,21,135,14,60,151,7,153,187,127,39,107,85,76,50,53,93,131,30,134,137,86,181,82,23,12,54,158,121,168,117,98,78,110,81,52,106,118,183,83,26,79,185,148,167,61,59,36,46,5,41,133,96,157,138,45,188,87,66,126,198,159,174,1,51,29,154,156,160,71,69,190,43,128,101,164,111,88,40,37,145,139,33,13,172,195,182,109,141,35,6,56,189,194,31,171,97,57,186,113,196,89,162,146,28,74,4,91,100,0,199,62,44,34,108,20,55,155,184,161,80,58,177,169,191,11,104,180,163,170,65,124,90,125,149,32,68,63,27,116,175,165,193,16,136,144,70,19,64,103,152,84,77,112,179,176,42,47,132,166,119,48];True
1457;8496;9953;[92,49,102,122,114,3,2,129,72,105,99,73,140,178,192,10,123,17,8,94,173,18,25,120,24,197,15,9,150,143,67,75,147,95,115,142,130,22,38,21,135,14,60,151,7,153,187,127,39,107,85,76,50,53,106,131,30,134,137,86,181,82,23,12,54,158,121,168,117,98,78,110,81,52,93,118,183,83,64,79,185,148,167,61,59,36,46,5,41,133,96,157,138,45,188,87,66,126,198,159,174,1,51,29,154,156,160,71,69,190,43,128,101,164,111,88,40,37,145,139,33,13,172,195,182,109,141,35,6,56,189,194,31,171,97,57,186,113,196,89,162,146,28,74,4,91,100,0,199,62,44,34,108,20,55,155,184,161,80,58,177,169,191,11,104,180,163,170,65,124,90,125,149,32,68,63,27,116,175,165,193,16,136,144,70,19,26,103,152,84,77,112,179,176,42,47,132,166,119,48];True
1419;8623;10042;[92,49,102,122,114,3,2,129,72,105,99,73,140,178,192,10,123,17,8,94,173,18,25,120,24,197,15,9,150,143,67,75,147,95,115,142,130,22,38,21,135,14,60,151,7,153,187,127,39,107,85,76,50,53,106,131,30,134,137,86,181,82,23,12,54,158,121,168,117,98,78,110,81,52,93,118,183,83,26,79,185,74,167,61,59,36,46,5,41,133,96,157,138,45,188,87,66,126,198,159,174,1,51,29,154,156,160,71,69,190,43,128,101,164,111,88,40,37,145,139,33,13,172,195,182,109,141,35,6,56,189,194,31,171,97,57,186,113,196,89,162,146,28,148,4,91,100,0,199,62,44,34,108,20,55,155,184,161,80,58,177,169,191,11,104,180,163,170,65,124,90,125,149,32,68,63,27,116,175,165,193,16,136,144,70,19,64,103,152,84,77,112,179,176,42,47,132,166,119,48];True
1445;8510;9955;[92,49,102,122,114,3,2,129,72,105,99,73,140,178,192,10,123,17,8,94,173,18,25,120,24,197,15,9,150,143,67,75,147,95,115,142,130,22,38,21,135,14,60,151,7,153,187,127,39,107,85,76,50,53,106,131,30,134,137,86,181,82,23,12,54,158,121,168,117,98,78,110,81,52,93,118,183,83,26,79,185,148,167,61,59,36,46,5,41,133,96,157,138,45,188,87,66,126,198,159,174,1,51,29,154,160,156,71,69,190,43,128,101,164,111,88,40,37,145,139,33,13,172,195,182,109,141,35,6,56,189,194,31,171,97,57,186,113,196,89,162,146,28,74,4,91,100,0,199,62,44,34,108,20,55,155,184,161,80,58,177,169,191,11,104,180,163,170,65,124,90,125,149,32,68,63,27,116,175,165,193,16,136,144,70,19,64,103,152,84,77,112,179,176,42,47,132,166,119,48];True
1439;8537;9976;[92,49,102,122,114,3,2,129,72,105,99,73,140,178,192,10,123,17,8,94,173,18,25,120,24,197,15,9,150,143,67,75,147,95,115,142,130,22,38,21,135,14,60,151,7,153,187,127,39,107,85,76,50,53,106,131,30,134,137,86,181,82,23,12,54,158,121,168,117,98,78,110,81,52,93,118,183,83,26,79,185,148,167,61,59,36,46,5,41,133,96,157,138,45,188,87,66,126,198,159,174,1,51,29,154,156,160,71,69,190,43,128,101,164,111,88,40,37,145,139,33,13,172,195,182,109,141,35,6,56,189,194,31,171,97,57,186,196,113,89,162,146,28,74,4,91,100,0,199,62,44,34,108,20,55,155,184,161,80,58,177,169,191,11,104,180,163,170,65,124,90,125,149,32,68,63,27,116,175,165,193,16,136,144,70,19,64,103,152,84,77,112,179,176,42,47,132,166,119,48];True
1438;8538;9976;[92,49,102,122,114,3,2,129,72,105,99,73,140,178,192,10,123,17,8,94,173,18,25,120,24,197,15,9,150,143,67,75,147,95,115,142,130,22,38,21,135,14,60,151,7,153,187,127,39,107,85,76,50,53,106,131,30,134,137,86,181,82,23,12,54,158,121,168,117,98,78,110,81,52,93,118,183,83,26,79,185,148,167,61,59,36,46,5,41,133,96,157,138,45,188,87,66,126,198,159,174,1,51,29,154,156,160,71,69,190,43,128,101,164,111,88,40,37,145,139,33,13,172,195,182,109,141,35,6,56,189,194,31,171,97,57,186,113,196,89,162,146,28,74,4,91,100,0,199,62,44,34,108,20,55,155,184,161,80,58,177,169,191,11,104,180,163,170,65,124,90,125,149,32,68,63,27,116,179,165,193,16,136,144,70,19,64,103,152,84,77,112,175,176,42,47,132,166,119,48];True
1473;8477;9950;[92,49,102,122,114,3,2,129,72,105,99,73,140,178,192,10,123,17,8,94,173,18,25,120,24,197,15,9,150,143,67,75,147,65,31,142,130,22,38,21,135,14,60,151,7,153,187,127,39,107,85,76,50,53,106,131,30,134,137,86,181,82,23,12,54,158,121,168,117,98,78,110,81,52,93,118,183,83,26,79,185,148,167,61,59,36,46,5,41,133,96,157,138,45,188,87,66,126,198,159,174,1,51,124,154,156,160,71,69,190,43,128,101,164,111,88,40,37,145,139,33,13,172,195,182,109,141,35,6,56,189,194,115,171,97,57,186,113,196,89,162,146,28,74,4,91,100,0,199,62,44,34,108,20,55,155,184,161,80,58,177,169,191,11,104,180,163,170,95,29,90,125,149,32,68,63,27,116,175,165,193,16,136,144,70,19,64,103,152,84,77,112,179,176,42,47,132,166,119,48];True
3321;6887;10208;[16,194,180,41,187,117,2,169,172,132,130,22,195,112,8,184,191,93,66,157,20,188,87,37,174,149,167,61,45,138,104,125,78,128,42,57,3,121,162,126,143,160,142,1,33,124,94,196,166,103,140,17,82,23,189,81,0,85,19,26,176,46,9,91,170,95,38,139,144,63,51,56,21,92,147,4,84,67,32,72,163,25,70,74,198,173,113,190,156,71,165,193,168,31,6,18,131,110,101,59,80,100,30,134,148,11,97,58,175,151,7,77,181,68,123,29,137,158,62,122,12,49,39,107,105,14,13,111,119,145,75,129,15,135,53,183,69,159,164,90,28,155,73,99,106,136,115,152,35,161,102,86,133,76,52,116,65,118,109,50,34,108,192,40,36,182,89,154,60,177,27,43,127,96,171,141,98,114,64,79,179,47,88,5,186,199,83,153,197,24,150,10,185,54,120,178,55,44,48,146];False
3318;6887;10205;[16,194,180,41,187,117,2,169,172,132,130,22,195,112,8,184,191,93,66,157,20,188,87,37,174,149,167,61,45,138,104,125,78,128,42,57,3,121,162,126,143,160,91,1,33,124,94,196,166,103,140,17,82,23,189,81,0,85,19,26,176,46,9,142,170,95,38,139,144,146,51,56,21,92,147,4,84,67,32,72,163,25,70,74,198,173,113,190,156,71,165,193,168,31,6,18,131,110,101,59,80,100,30,134,148,11,97,58,175,151,7,77,181,68,123,29,137,158,62,122,12,49,39,107,105,14,13,111,119,145,75,129,15,135,53,183,69,159,164,90,28,155,73,99,106,136,115,152,35,161,102,86,133,76,52,116,65,118,109,50,34,108,192,40,36,182,89,154,60,177,27,43,127,96,171,141,98,114,64,79,179,47,88,5,186,199,83,153,197,24,150,10,185,54,120,178,55,44,48,63];False
3283;6894;10177;[16,194,180,41,187,117,2,169,172,132,130,22,195,112,8,184,191,93,66,157,20,188,87,37,174,149,167,61,45,138,104,125,78,128,42,57,3,121,162,126,143,160,91,1,33,124,94,196,166,103,140,17,82,23,189,81,0,85,19,26,176,46,9,142,170,95,38,139,144,63,51,50,21,92,147,4,84,67,32,72,163,25,70,74,198,173,113,190,156,71,165,193,168,31,6,18,131,110,101,59,80,100,30,134,148,11,97,58,175,151,7,77,181,68,123,29,137,158,62,122,12,49,39,107,105,14,13,111,119,145,75,129,15,135,53,183,69,159,164,90,28,155,73,99,106,136,115,152,35,161,102,86,133,76,52,116,65,118,109,56,34,108,192,40,36,182,89,154,60,177,27,43,127,96,171,141,98,114,64,79,179,47,88,5,186,199,83,153,197,24,150,10,185,54,120,178,55,44,48,146];True
3238;6896;10134;[16,194,180,41,187,117,2,169,172,132,130,22,195,112,8,184,191,93,66,157,20,188,87,37,174,149,167,61,45,138,104,125,78,128,42,57,3,121,162,126,143,160,91,1,33,124,94,196,166,103,140,17,82,23,189,81,0,85,19,26,176,46,9,142,170,95,38,139,144,63,51,56,21,92,147,4,84,67,32,72,163,25,70,74,198,173,113,190,156,71,165,193,168,31,6,18,131,110,101,59,80,100,30,134,148,11,97,58,175,151,7,77,181,68,123,29,154,158,62,122,12,49,39,107,105,14,13,111,119,145,75,129,15,135,53,183,69,159,164,90,28,155,73,99,106,136,115,152,35,161,102,86,133,76,52,116,65,118,109,50,34,108,192,40,36,182,89,137,60,177,27,43,127,96,171,141,98,114,64,79,179,47,88,5,186,199,83,153,197,24,150,10,185,54,120,178,55,44,48,146];True
3309;6888;10197;[16,194,180,41,187,117,2,169,172,132,130,22,195,112,8,184,191,93,66,157,20,188,87,37,174,149,167,61,45,138,104,125,78,128,42,57,3,121,162,126,143,160,142,1,33,124,94,196,166,103,140,17,82,23,189,81,0,85,19,26,176,46,9,91,170,95,40,139,144,63,51,56,21,92,147,4,84,67,32,72,163,25,70,74,198,173,113,190,156,71,165,193,168,31,6,18,131,110,101,59,80,100,30,134,148,11,97,58,175,151,7,77,181,68,123,89,137,158,62,122,12,49,39,107,105,14,13,111,119,145,75,129,15,135,53,183,69,159,164,90,28,155,73,99,106,136,115,152,35,161,102,86,133,76,52,116,65,118,109,50,34,108,192,38,36,182,29,154,60,177,27,43,127,96,171,141,98,114,64,79,179,47,88,5,186,199,83,153,197,24,150,10,185,54,120,178,55,44,48,146];False
3306;6888;10194;[16,194,180,41,187,117,2,169,172,132,130,22,195,112,8,184,191,93,66,157,20,188,87,37,174,149,167,61,45,138,104,125,78,128,42,57,3,121,162,126,143,160,91,1,33,124,94,196,166,103,140,17,82,23,189,81,0,85,19,26,176,46,9,142,170,95,40,139,144,146,51,56,21,92,147,4,84,67,32,72,163,25,70,74,198,173,113,190,156,71,165,193,168,31,6,18,131,110,101,59,80,100,30,134,148,11,97,58,175,151,7,77,181,68,123,89,137,158,62,122,12,49,39,107,105,14,13,111,119,145,75,129,15,135,53,183,69,159,164,90,28,155,73,99,106,136,115,152,35,161,102,86,133,76,52,116,65,118,109,50,34,108,192,38,36,182,29,154,60,177,27,43,127,96,171,141,98,114,64,79,179,47,88,5,186,199,83,153,197,24,150,10,185,54,120,178,55,44,48,63];True
3289;6892;10181;[16,194,180,41,187,117,2,169,172,132,130,22,195,112,8,184,191,93,66,157,20,188,87,37,174,149,167,61,45,138,104,125,78,128,42,57,3,121,162,126,143,160,91,1,33,124,94,196,166,103,140,17,82,23,189,81,0,85,19,26,176,46,9,142,170,95,40,139,144,63,51,56,21,92,147,4,84,67,32,72,163,25,70,74,198,173,113,190,156,71,165,193,168,31,6,18,131,110,101,59,80,100,30,134,148,11,97,58,151,175,7,77,181,68,123,89,137,158,62,122,12,49,39,107,105,14,13,111,119,145,75,129,15,135,53,183,69,159,164,90,28,155,73,99,106,136,115,152,35,161,102,86,133,76,52,116,65,118,109,50,34,108,192,38,36,182,29,154,60,177,27,43,127,96,171,141,98,114,64,79,179,47,88,5,186,199,83,153,197,24,150,10,185,54,120,178,55,44,48,146];True
1340;8965;10305;[194,113,61,19,64,101,100,67,22,143,160,105,174,118,48,99,141,86,45,15,173,18,25,115,24,197,26,9,7,20,129,72,147,65,87,106,196,31,38,34,3,2,75,12,165,153,122,127,39,73,6,178,50,53,93,110,30,134,137,111,181,82,23,109,54,158,121,92,49,112,187,142,81,52,108,74,183,83,17,79,185,148,167,189,59,36,46,5,27,133,96,157,138,41,152,56,66,126,198,159,140,182,51,29,154,156,117,71,69,190,43,145,85,164,76,192,40,124,150,139,33,13,172,195,10,78,60,35,88,135,14,94,130,171,116,57,186,98,84,89,162,146,119,28,4,97,131,0,199,62,102,120,1,114,55,155,184,161,80,58,177,169,191,11,104,193,163,170,95,91,90,125,149,32,68,63,37,151,175,128,8,16,136,144,70,168,77,103,21,180,107,188,179,176,42,47,132,166,123,44];True
1372;8891;10263;[194,113,61,19,64,101,100,0,94,143,160,105,174,118,48,99,141,86,45,15,173,18,25,115,24,197,26,9,7,20,129,72,147,65,87,106,196,22,38,34,3,2,75,12,165,153,122,127,39,73,6,76,50,53,93,110,30,134,137,111,181,82,23,109,54,158,121,92,49,112,187,142,81,52,108,74,183,83,17,79,185,148,167,189,59,36,46,5,27,133,96,85,164,41,152,56,66,126,198,159,140,182,51,29,154,156,117,71,69,190,43,145,157,138,178,192,40,124,150,139,33,13,172,195,10,78,60,35,88,135,14,31,130,171,116,57,186,98,84,89,162,146,119,28,4,97,131,67,199,62,102,120,1,114,55,155,184,161,80,58,177,169,191,11,104,193,163,170,95,91,90,125,149,32,68,63,37,151,175,128,8,16,136,144,70,168,77,103,21,180,107,188,179,176,42,47,132,166,123,44];True
1377;8886;10263;[194,113,61,19,64,101,100,67,94,143,160,105,174,118,48,99,141,86,45,15,173,18,25,115,24,197,26,9,7,20,129,72,147,6,87,106,196,22,38,34,3,2,75,12,165,153,122,127,39,73,65,76,50,53,93,110,30,134,137,111,181,82,23,109,54,158,121,92,49,112,187,142,81,52,108,74,183,83,17,79,185,148,167,189,59,36,46,5,27,133,96,85,164,41,152,56,66,126,198,159,140,182,51,29,154,156,117,71,69,190,43,145,157,138,178,192,40,124,150,139,33,13,172,195,10,78,60,35,88,135,14,31,130,171,116,57,186,98,84,89,162,146,119,28,4,97,131,0,199,62,102,120,1,114,55,155,184,161,80,58,177,169,191,11,104,193,163,170,95,91,90,125,149,32,68,63,37,151,175,128,8,16,136,144,70,168,77,103,21,180,107,188,179,176,42,47,132,166,123,44];True
1366;8921;10287;[194,113,61,19,64,101,100,67,94,143,160,105,174,118,48,99,141,86,45,15,173,18,25,115,24,197,26,9,7,20,129,72,147,65,87,106,196,31,38,34,3,2,75,12,165,153,122,127,39,73,6,76,50,53,93,110,30,134,137,111,181,82,23,109,54,158,121,92,49,112,187,142,81,52,108,74,183,83,17,79,185,148,167,189,59,36,46,5,27,133,96,85,164,41,152,56,66,126,198,159,140,182,51,29,154,156,117,71,69,190,43,145,157,138,178,192,40,124,150,139,33,13,172,195,10,78,60,35,88,135,14,22,130,171,116,57,186,98,84,89,162,146,119,28,4,97,131,0,199,62,102,120,1,114,55,155,184,161,80,58,177,169,191,11,104,193,163,170,95,91,90,125,149,32,68,63,37,151,175,128,8,16,136,144,70,168,77,103,21,180,107,188,179,176,42,47,132,166,123,44];False
1382;8882;10264;[194,113,61,19,64,101,100,67,94,143,160,105,174,118,48,99,141,86,45,15,173,18,25,115,24,197,26,9,7,20,129,72,147,65,87,106,196,22,38,34,3,2,75,12,49,153,122,127,39,73,6,76,50,53,93,110,30,134,137,111,181,82,23,109,54,158,121,92,165,112,187,142,81,52,108,74,183,83,17,79,185,148,167,189,59,36,46,5,27,133,96,85,164,41,152,56,66,126,198,159,140,182,51,29,154,156,117,71,69,190,43,145,157,138,178,192,40,124,150,139,33,13,172,195,10,78,60,35,88,135,14,31,130,171,116,57,186,98,84,89,162,146,119,28,4,97,131,0,199,62,102,120,1,114,55,155,184,161,80,58,177,169,191,11,104,193,163,170,95,91,90,125,149,32,68,63,37,151,175,128,8,16,136,144,70,168,77,103,21,180,107,188,179,176,42,47,132,166,123,44];False
1396;8823;10219;[194,113,61,19,64,101,100,67,94,143,160,105,174,118,48,99,141,86,45,15,173,18,25,115,24,197,26,9,7,20,129,72,147,65,87,106,196,22,38,34,3,2,75,12,165,153,122,127,39,73,6,76,50,53,93,110,30,134,137,111,181,82,23,109,54,158,121,92,49,112,187,142,81,52,108,74,183,83,77,79,185,148,167,189,59,36,46,5,27,133,96,85,164,41,152,56,66,126,198,159,140,182,51,29,154,156,117,71,69,190,43,145,157,138,178,192,40,124,150,139,33,13,172,195,10,78,60,35,88,135,14,31,130,171,116,57,186,98,84,89,162,146,119,28,4,97,131,0,199,62,102,120,1,114,55,155,184,161,80,58,177,169,191,11,104,193,163,170,95,91,90,125,149,32,68,63,37,151,175,128,8,16,136,144,70,168,17,103,21,180,107,188,179,176,42,47,132,166,123,44];True
1363;8910;10273;[194,113,61,19,64,101,100,67,94,143,160,105,174,118,48,99,141,86,45,15,173,18,25,115,24,197,26,9,7,20,129,72,147,65,87,106,196,22,38,34,3,2,75,12,165,153,122,127,39,73,6,76,50,53,93,110,30,134,137,111,181,82,23,109,54,158,121,92,49,112,187,142,81,52,108,74,183,83,17,79,185,148,167,189,59,36,46,5,27,133,96,85,164,41,152,56,66,126,198,159,140,182,51,29,154,156,117,71,69,190,43,145,37,138,178,192,40,124,150,139,33,13,172,195,10,78,60,35,88,135,14,31,130,171,116,57,186,98,84,89,162,146,119,28,4,97,131,0,199,62,102,120,1,114,55,155,184,161,80,58,177,169,191,11,104,193,163,170,95,91,90,125,149,32,68,63,157,151,175,128,8,16,136,144,70,168,77,103,21,180,107,188,179,176,42,47,132,166,123,44];True
1381;8863;10244;[194,113,61,19,64,101,100,67,94,143,160,105,174,118,48,99,141,86,45,15,173,18,25,115,24,197,26,9,77,20,129,72,147,65,87,106,196,22,38,34,3,2,75,12,165,153,122,127,39,73,6,178,50,53,93,110,30,134,137,111,181,82,23,109,54,158,121,92,49,112,187,142,81,52,108,74,183,83,7,79,185,148,167,189,59,36,46,5,27,133,96,157,138,41,152,56,66,126,198,159,140,182,51,29,154,156,117,71,69,190,43,145,85,164,76,192,40,124,150,139,33,13,172,195,10,78,60,35,88,135,14,31,130,171,116,57,186,98,84,89,162,146,119,28,4,97,131,0,199,62,102,120,1,114,55,155,184,161,80,58,177,169,191,11,104,193,163,170,95,91,90,125,149,32,68,63,37,151,175,128,8,16,136,144,70,168,17,103,21,180,107,188,179,176,42,47,132,166,123,44];True
1380;8878;10258;[194,113,61,19,64,101,100,0,94,143,160,105,174,118,48,99,141,86,45,15,173,18,25,115,24,197,26,9,77,20,129,72,147,65,87,106,196,22,38,34,3,2,75,12,165,153,122,127,39,73,6,178,50,53,93,110,30,134,137,111,181,82,23,109,54,158,121,92,49,112,187,142,81,52,108,74,183,83,7,79,185,148,167,189,59,36,46,5,27,133,96,37,138,41,152,56,66,126,198,159,140,182,51,29,154,156,117,71,69,190,43,145,85,164,76,192,40,124,150,139,33,13,172,195,10,78,60,35,88,135,14,31,130,171,116,57,186,98,84,89,162,146,119,28,4,97,131,67,199,62,102,120,1,114,55,155,184,161,80,58,177,169,191,11,104,193,163,170,95,91,90,125,149,32,68,63,157,151,175,128,8,16,136,144,70,168,17,103,21,180,107,188,179,176,42,47,132,166,123,44];True
1393;8850;10243;[194,113,61,19,64,101,100,67,94,143,160,105,174,118,48,99,141,86,45,15,173,18,25,115,24,197,26,9,77,20,129,72,147,65,87,106,196,22,38,34,3,2,75,12,165,153,122,127,39,73,6,76,50,53,93,110,30,134,137,111,181,82,23,109,54,158,121,92,49,112,187,142,81,52,108,74,183,83,7,79,185,148,167,189,59,36,46,5,27,133,96,37,138,41,152,56,66,126,198,159,140,182,51,29,154,156,117,71,69,190,43,145,85,164,178,192,40,124,150,139,33,13,172,195,10,78,60,35,88,135,14,31,130,171,116,57,186,98,84,89,162,146,119,28,4,97,131,0,199,62,102,120,1,114,55,155,184,161,80,58,177,169,191,11,104,193,163,170,95,91,90,125,149,32,68,63,157,151,175,128,8,16,136,144,70,168,17,103,21,180,107,188,179,176,42,47,132,166,123,44];True
3316;6887;10203;[20,190,188,93,130,5,179,47,57,3,192,89,18,181,68,48,63,118,44,140,124,94,75,36,145,196,113,61,45,138,65,82,187,128,134,195,33,183,162,126,143,160,91,6,1,149,189,7,173,103,168,17,84,122,77,97,0,85,19,26,176,116,142,49,170,95,167,87,66,135,53,56,21,92,147,67,32,165,169,23,163,25,70,90,41,88,164,37,156,71,8,184,123,146,72,78,131,110,101,59,80,100,30,114,182,139,125,58,158,54,197,132,117,98,157,136,137,151,175,12,193,172,39,107,55,14,13,111,52,40,2,129,15,9,28,105,69,159,38,144,109,155,73,99,106,4,115,152,35,161,102,186,133,76,112,104,31,74,34,108,51,50,198,174,16,194,29,154,60,177,27,43,127,96,171,141,11,22,64,79,42,119,148,83,86,199,81,153,166,24,150,10,185,62,120,178,46,180,191,121];False
3329;6886;10215;[20,190,188,93,130,5,179,47,57,3,192,89,18,181,68,48,63,118,44,140,124,94,75,36,145,196,113,61,45,138,65,82,187,128,134,195,33,183,162,126,143,160,91,6,77,149,189,7,173,103,168,17,84,122,1,163,0,85,19,26,176,116,142,49,170,95,167,87,66,135,53,56,21,92,147,67,32,165,169,23,97,25,70,90,41,88,164,37,156,71,8,184,123,146,72,78,131,110,101,59,80,100,30,114,182,139,125,58,158,54,197,132,117,98,157,136,137,151,175,12,193,172,39,107,55,14,13,111,52,40,2,129,15,9,28,105,69,159,38,144,109,155,73,99,106,4,115,152,35,161,102,186,133,76,112,104,31,74,34,108,51,50,198,174,16,194,29,154,60,177,27,43,127,96,171,141,11,22,64,79,42,119,148,83,86,199,81,153,166,24,150,10,185,62,120,178,46,180,191,121];False
3362;6874;10236;[20,190,188,93,130,5,179,47,57,3,192,89,18,181,68,48,63,118,44,140,124,94,75,36,145,196,113,61,45,138,65,82,187,128,134,195,33,183,162,126,143,160,91,6,77,149,189,7,173,103,168,17,84,122,1,97,0,85,19,26,176,116,142,49,170,95,167,87,66,135,53,56,21,92,147,67,32,165,169,23,163,25,164,90,41,88,70,37,156,71,8,184,123,146,72,78,131,110,101,59,80,100,30,114,182,139,125,58,158,54,197,132,117,98,157,136,137,151,175,12,193,172,39,107,55,14,13,111,52,40,2,129,15,9,28,105,69,159,38,144,109,155,73,99,106,4,115,152,35,161,102,186,133,76,112,104,31,74,34,108,51,50,198,174,16,194,29,154,60,177,27,43,127,96,171,141,11,22,64,79,42,119,148,83,86,199,81,153,166,24,150,10,185,62,120,178,46,180,191,121];False
3325;6881;10206;[20,190,188,93,130,5,179,47,57,3,192,89,18,181,68,48,63,118,44,140,124,94,75,36,145,196,113,61,45,138,65,82,187,128,134,195,33,183,162,126,143,160,91,6,77,149,189,7,173,103,168,17,84,122,1,97,0,85,19,26,176,116,142,49,170,95,167,87,66,135,53,56,21,92,147,67,32,165,169,23,163,25,70,90,41,88,164,37,156,71,8,184,123,146,72,78,131,110,101,59,80,100,30,114,182,139,125,58,158,54,197,132,117,98,157,136,137,151,175,12,193,172,39,107,55,14,13,111,52,40,2,129,15,9,28,105,69,159,38,144,109,155,73,99,106,4,115,152,35,161,102,86,133,76,112,104,31,74,34,108,51,50,198,174,16,194,29,154,60,177,27,43,127,96,171,141,11,22,64,79,42,119,148,83,186,199,81,153,166,24,150,10,185,62,120,178,46,180,191,121];False
3356;6875;10231;[20,190,188,93,130,5,179,47,57,3,192,89,18,181,68,48,63,118,44,140,124,94,75,36,145,196,113,61,45,138,65,82,187,128,134,195,33,183,162,126,143,160,91,6,77,149,189,7,173,103,168,17,84,122,132,163,0,85,19,26,176,116,142,49,170,95,167,87,66,135,53,56,21,92,147,67,32,165,169,23,97,25,164,90,41,88,70,37,156,71,8,184,123,146,72,78,131,110,101,59,80,100,30,114,182,139,125,58,158,54,197,1,117,98,157,136,137,151,175,12,193,172,39,107,55,14,13,111,52,40,2,129,15,9,28,105,69,159,38,144,109,155,73,99,106,4,115,152,35,161,102,186,133,76,112,104,31,74,34,108,51,50,198,174,16,194,29,154,60,177,27,43,127,96,171,141,11,22,64,79,42,119,148,83,86,199,81,153,166,24,150,10,185,62,120,178,46,180,191,121];False
3319;6882;10201;[20,190,188,93,130,5,179,47,57,3,192,89,18,181,68,48,63,118,44,140,124,94,75,36,145,196,113,61,45,138,65,82,187,128,134,195,33,183,162,126,143,160,91,6,77,149,189,7,173,103,168,17,84,122,132,163,0,85,19,26,176,116,142,49,170,95,167,87,66,135,53,56,21,92,147,67,32,165,169,23,97,25,70,90,41,88,164,37,156,71,8,184,123,146,72,78,131,110,101,59,80,100,30,114,182,139,125,58,158,54,197,1,117,98,157,136,137,151,175,12,193,172,39,107,55,14,13,111,52,40,2,129,15,9,28,105,69,159,38,144,109,155,73,99,106,4,115,152,35,161,102,86,133,76,112,104,31,74,34,108,51,50,198,174,16,194,29,154,60,177,27,43,127,96,171,141,11,22,64,79,42,119,148,83,186,199,81,153,166,24,150,10,185,62,120,178,46,180,191,121];True
3405;6855;10260;[20,190,188,87,130,5,179,47,57,3,192,89,18,181,68,48,63,118,44,140,124,94,75,36,145,196,113,61,45,138,65,82,187,128,134,195,33,183,162,126,143,160,91,6,77,149,189,7,173,103,168,17,84,122,2,97,0,85,19,26,176,116,142,49,170,95,167,93,66,135,53,56,21,92,147,67,32,165,169,23,163,25,70,90,41,88,164,37,156,71,8,184,123,146,72,78,131,110,101,59,80,100,30,114,182,139,125,58,158,54,197,1,117,98,157,136,137,151,175,12,193,172,39,107,55,14,13,111,112,40,132,129,15,9,28,105,69,159,38,144,109,155,73,99,106,4,115,152,35,161,102,86,133,76,52,104,31,74,34,108,51,50,198,174,16,194,29,154,60,177,27,43,127,96,171,141,11,22,64,79,42,119,148,83,186,199,81,153,166,24,150,10,185,62,120,178,46,180,191,121];False
3395;6863;10258;[20,190,188,93,130,5,179,47,57,3,192,173,18,181,68,48,63,118,44,140,124,94,75,36,145,196,113,61,45,138,65,82,187,128,134,195,33,183,162,126,143,160,91,6,77,149,189,7,89,103,168,17,84,122,2,97,0,85,19,26,176,116,142,49,170,95,167,87,66,135,53,56,21,92,147,67,32,165,169,23,163,25,70,90,41,88,164,37,156,71,8,184,123,146,72,78,131,110,101,59,80,100,30,114,182,139,125,58,158,54,197,1,117,98,157,136,137,151,175,12,193,172,39,107,55,14,13,111,112,40,132,129,15,9,28,105,69,159,38,144,109,155,73,99,106,4,115,152,35,161,102,86,133,76,52,104,31,74,34,108,51,50,198,174,16,194,29,154,60,177,27,43,127,96,171,141,11,22,64,79,42,119,148,83,186,199,81,153,166,24,150,10,185,62,120,178,46,180,191,121];False
3308;6886;10194;[20,190,188,93,130,5,179,47,57,3,192,89,18,181,68,48,63,118,44,140,124,94,75,36,145,196,113,61,45,138,65,82,187,128,134,195,33,183,162,126,143,160,91,6,77,149,189,7,173,103,168,17,84,122,132,97,0,85,19,26,176,116,142,49,170,95,167,87,66,135,53,56,21,92,147,67,32,165,169,23,163,25,70,90,41,88,164,37,156,71,8,184,123,146,72,78,131,110,101,59,80,100,30,114,182,139,125,58,158,54,197,1,117,98,157,136,137,151,175,12,193,172,39,107,55,14,13,111,112,40,2,129,15,9,28,105,69,159,38,144,109,155,73,99,106,4,115,152,35,161,102,86,133,76,52,104,31,74,34,108,51,50,198,174,16,194,29,154,60,177,27,43,127,96,171,141,11,22,64,79,42,119,148,83,186,199,81,153,166,24,150,10,185,62,120,178,46,180,191,121];True
3360;6874;10234;[20,190,188,93,130,5,179,47,57,3,192,89,18,181,68,48,63,118,44,140,124,94,75,36,145,196,113,61,45,138,65,82,187,128,134,195,33,183,162,126,143,160,91,6,77,149,189,7,173,103,168,17,84,122,2,97,0,85,19,26,176,116,142,137,170,95,167,87,66,135,53,56,21,92,147,67,32,165,169,23,163,25,70,90,41,88,164,37,156,71,8,184,123,146,72,78,131,110,101,59,80,100,30,114,182,139,125,58,158,54,197,1,117,98,157,136,49,151,175,12,193,172,39,107,55,14,13,111,112,40,132,129,15,9,28,105,69,159,38,144,109,155,73,99,106,4,115,152,35,161,102,86,133,76,52,104,31,74,34,108,51,50,198,174,16,194,29,154,60,177,27,43,127,96,171,141,11,22,64,79,42,119,148,83,186,199,81,153,166,24,150,10,185,62,120,178,46,180,191,121];False
3363;6871;10234;[20,190,188,93,130,5,179,47,57,3,192,89,18,181,68,48,63,118,44,140,124,94,75,36,145,196,113,61,45,138,65,82,187,128,134,195,33,183,162,126,143,160,91,6,77,149,189,7,173,103,168,17,84,122,2,97,0,85,19,26,176,116,142,49,170,95,167,87,66,135,53,56,21,92,147,67,32,165,169,23,163,25,164,90,41,88,70,37,156,71,8,184,123,146,72,78,131,110,101,59,80,100,30,114,182,139,125,58,158,54,197,1,117,98,157,136,137,151,175,12,193,172,39,107,55,14,13,111,112,40,132,129,15,9,28,105,69,159,38,144,109,155,73,99,106,4,115,152,35,161,102,86,133,76,52,104,31,74,34,108,51,50,198,174,16,194,29,154,60,177,27,43,127,96,171,141,11,22,64,79,42,119,148,83,186,199,81,153,166,24,150,10,185,62,120,178,46,180,191,121];False
3454;6841;10295;[20,190,188,87,130,5,179,47,57,3,66,173,18,181,68,48,63,118,44,140,124,94,75,36,145,196,113,61,45,138,65,82,187,128,134,195,33,183,162,126,143,160,91,6,77,149,189,7,89,103,168,17,84,122,2,97,0,85,19,26,176,116,142,49,170,95,167,178,192,135,53,56,21,92,147,67,32,165,169,23,163,25,70,90,41,88,164,37,156,71,8,184,123,146,72,78,131,110,101,59,80,100,30,114,182,139,125,58,158,54,197,1,117,98,157,136,137,151,175,12,193,172,39,107,55,14,13,111,52,40,132,129,15,9,28,105,69,159,38,144,109,155,73,99,106,4,115,152,35,161,102,186,133,76,112,104,31,74,34,108,51,50,198,174,16,194,29,154,60,177,27,43,127,96,171,141,11,22,64,79,42,119,148,83,86,199,81,153,166,24,150,10,185,62,120,93,46,180,191,121];False
3453;6833;10286;[20,190,188,87,130,5,179,47,57,3,32,173,18,181,68,48,63,118,44,140,124,94,75,36,145,196,113,61,45,138,65,82,187,128,134,195,33,183,162,126,143,160,91,6,77,149,189,7,89,103,168,17,84,122,2,97,0,85,19,26,176,116,142,49,170,95,167,178,66,135,53,56,21,92,147,67,192,165,169,23,163,25,70,90,41,88,164,37,156,71,8,184,123,146,72,78,131,110,101,59,80,100,30,114,182,139,125,58,158,54,197,1,117,98,157,136,137,151,175,12,193,172,39,107,55,14,13,111,52,40,132,129,15,9,28,105,69,159,38,144,109,155,73,99,106,4,115,152,35,161,102,186,133,76,112,104,31,74,34,108,51,50,198,174,16,194,29,154,60,177,27,43,127,96,171,141,11,22,64,79,42,119,148,83,86,199,81,153,166,24,150,10,185,62,120,93,46,180,191,121];True
3441;6844;10285;[20,190,188,87,130,5,179,47,57,3,192,173,18,181,68,48,63,118,44,140,124,94,75,36,145,196,113,61,45,138,65,82,187,128,134,195,33,183,162,126,143,160,91,6,77,149,189,7,89,103,168,17,84,122,132,97,0,85,19,26,176,116,142,49,170,95,167,178,66,135,53,56,21,92,147,67,32,165,169,23,163,25,70,90,41,88,164,37,156,71,8,184,123,146,72,78,131,110,101,59,80,100,30,114,182,139,125,58,158,54,197,1,117,98,157,136,137,151,175,12,193,172,39,107,55,14,13,111,52,40,2,129,15,9,28,105,69,159,38,144,109,155,73,99,106,4,115,152,35,161,102,186,133,76,112,104,31,74,34,108,51,50,198,174,16,194,29,154,60,177,27,43,127,96,171,141,11,22,64,79,42,119,148,83,86,199,81,153,166,24,150,10,185,62,120,93,46,180,191,121];False
3435;6846;10281;[20,190,188,87,130,5,179,47,57,3,192,89,18,181,68,48,63,118,44,140,124,94,75,36,145,196,167,61,45,138,65,82,187,128,134,195,33,183,162,126,143,160,91,6,77,149,189,7,173,103,168,17,84,122,132,97,0,85,19,26,176,116,142,49,170,95,113,178,66,135,53,56,21,92,147,67,32,165,169,23,163,25,70,90,41,88,164,37,156,71,8,184,123,146,72,78,131,110,101,59,80,100,30,114,182,139,125,58,158,54,197,1,117,98,157,136,137,151,175,12,193,172,39,107,55,14,13,111,52,40,2,129,15,9,28,105,69,159,38,144,109,155,73,99,106,4,115,152,35,161,102,186,133,76,112,104,31,74,34,108,51,50,198,174,16,194,29,154,60,177,27,43,127,96,171,141,11,22,64,79,42,119,148,83,86,199,81,153,166,24,150,10,185,62,120,93,46,180,191,121];False
3362;6868;10230;[20,190,188,87,130,5,179,47,57,3,192,89,18,181,68,48,63,118,44,140,124,94,75,36,145,196,113,61,45,138,65,82,187,128,134,195,33,183,162,126,143,160,91,6,149,77,189,7,173,103,168,17,84,122,132,97,0,85,19,26,176,116,142,49,170,95,167,178,66,135,53,56,21,92,147,67,32,165,169,23,163,25,70,90,41,88,164,37,156,71,8,184,123,146,72,78,131,110,101,59,80,100,30,114,182,139,125,58,158,54,197,1,117,98,157,136,137,151,175,12,193,172,39,107,55,14,13,111,52,40,2,129,15,9,28,105,69,159,38,144,109,155,73,99,106,4,115,152,35,161,102,186,133,76,112,104,31,74,34,108,51,50,198,174,16,194,29,154,60,177,27,43,127,96,171,141,11,22,64,79,42,119,148,83,86,199,81,153,166,24,150,10,185,62,120,93,46,180,191,121];False
3340;6871;10211;[20,190,188,87,130,5,179,47,57,3,192,89,18,181,68,48,63,118,44,140,124,94,75,36,145,196,113,61,45,138,65,82,187,128,134,195,33,183,162,126,143,160,91,6,77,149,189,7,173,103,168,17,84,122,1,97,0,85,19,26,176,116,142,49,170,95,167,178,66,135,53,56,21,92,147,67,32,165,169,23,163,25,70,90,41,88,164,37,156,71,8,184,123,146,72,78,131,110,101,59,80,100,30,114,182,139,125,58,158,54,197,132,117,98,157,136,137,151,175,12,193,172,39,107,55,14,13,111,52,40,2,129,15,9,28,105,69,159,38,144,109,155,73,99,106,4,115,152,35,161,102,186,133,76,112,104,31,74,34,108,51,50,198,174,16,194,29,154,60,177,27,43,127,96,171,141,11,22,64,79,42,119,148,83,86,199,81,153,166,24,150,10,185,62,120,93,46,180,191,121];True
3334;6872;10206;[20,190,188,87,130,5,179,47,57,3,192,89,18,181,68,48,63,118,44,140,124,94,75,36,145,196,113,61,45,138,65,82,187,128,134,195,33,183,162,126,143,160,91,6,77,149,189,7,173,103,168,17,84,122,132,163,0,85,19,26,176,116,142,49,170,95,167,178,66,135,53,56,21,92,147,67,32,165,169,23,97,25,70,90,41,88,164,37,156,71,8,184,123,146,72,78,131,110,101,59,80,100,30,114,182,139,125,58,158,54,197,1,117,98,157,136,137,151,175,12,193,172,39,107,55,14,13,111,52,40,2,129,15,9,28,105,69,159,38,144,109,155,73,99,106,4,115,152,35,161,102,186,133,76,112,104,31,74,34,108,51,50,198,174,16,194,29,154,60,177,27,43,127,96,171,141,11,22,64,79,42,119,148,83,86,199,81,153,166,24,150,10,185,62,120,93,46,180,191,121];True
3387;6862;10249;[20,190,188,87,130,5,179,47,57,3,192,89,18,181,68,48,63,118,44,140,124,94,75,36,145,196,113,61,45,138,65,82,187,128,134,195,33,183,162,126,143,160,91,6,77,149,189,7,173,103,168,17,84,122,132,97,0,85,19,26,176,116,23,49,170,95,167,178,66,135,53,56,21,92,147,67,32,165,169,142,163,25,70,90,41,88,164,37,156,71,8,184,123,146,72,78,131,110,101,59,80,100,30,114,182,139,125,58,158,54,197,1,117,98,157,136,137,151,175,12,193,172,39,107,55,14,13,111,52,40,2,129,15,9,28,105,69,159,38,144,109,155,73,99,106,4,115,152,35,161,102,186,133,76,112,104,31,74,34,108,51,50,198,174,16,194,29,154,60,177,27,43,127,96,171,141,11,22,64,79,42,119,148,83,86,199,81,153,166,24,150,10,185,62,120,93,46,180,191,121];False
3386;6861;10247;[20,190,188,87,130,5,179,47,57,3,192,89,18,181,68,48,63,118,44,140,124,94,75,36,145,196,113,61,45,138,65,82,187,128,134,195,33,183,162,126,143,160,91,6,77,149,189,7,173,103,168,17,84,122,132,97,0,85,19,26,176,116,142,49,170,95,139,178,66,135,53,56,21,92,147,67,32,165,169,23,163,25,70,90,41,88,164,37,156,71,8,184,123,146,72,78,131,110,101,59,80,100,30,114,182,167,125,58,158,54,197,1,117,98,157,136,137,151,175,12,193,172,39,107,55,14,13,111,52,40,2,129,15,9,28,105,69,159,38,144,109,155,73,99,106,4,115,152,35,161,102,186,133,76,112,104,31,74,34,108,51,50,198,174,16,194,29,154,60,177,27,43,127,96,171,141,11,22,64,79,42,119,148,83,86,199,81,153,166,24,150,10,185,62,120,93,46,180,191,121];False
3409;6852;10261;[20,190,188,87,130,5,179,47,57,3,192,89,18,181,68,48,63,118,44,140,124,94,75,36,145,196,113,61,45,138,65,82,187,128,134,195,33,183,162,126,143,160,91,6,77,149,189,7,173,103,168,17,84,122,132,97,0,85,19,26,176,116,142,49,170,95,167,178,66,135,53,56,21,92,147,67,32,165,169,23,163,25,164,90,41,88,70,37,156,71,8,184,123,146,72,78,131,110,101,59,80,100,30,114,182,139,125,58,158,54,197,1,117,98,157,136,137,151,175,12,193,172,39,107,55,14,13,111,52,40,2,129,15,9,28,105,69,159,38,144,109,155,73,99,106,4,115,152,35,161,102,186,133,76,112,104,31,74,34,108,51,50,198,174,16,194,29,154,60,177,27,43,127,96,171,141,11,22,64,79,42,119,148,83,86,199,81,153,166,24,150,10,185,62,120,93,46,180,191,121];True
3323;6876;10199;[20,190,188,87,130,5,179,47,57,3,192,89,18,181,68,48,63,118,44,140,124,94,75,36,145,196,113,61,45,138,65,82,187,128,134,195,33,183,162,126,143,160,91,6,77,149,189,7,173,103,168,17,84,122,132,97,0,85,19,26,176,116,142,49,170,95,167,178,66,135,53,56,21,92,147,67,32,165,169,23,163,25,70,90,41,88,164,37,156,71,8,184,123,146,72,78,131,110,101,59,80,100,30,114,182,139,125,58,158,54,197,1,117,98,157,136,137,151,175,12,193,172,39,107,55,14,13,111,112,40,2,129,15,9,28,105,69,159,38,144,109,155,73,99,106,4,115,152,35,161,102,186,133,76,52,104,31,74,34,108,51,50,198,174,16,194,29,154,60,177,27,43,127,96,171,141,11,22,64,79,42,119,148,83,86,199,81,153,166,24,150,10,185,62,120,93,46,180,191,121];True
3372;6859;10231;[20,190,188,87,130,5,179,47,57,3,192,89,18,181,68,48,63,118,44,140,124,94,75,36,145,196,113,61,45,138,65,82,187,128,134,195,33,183,162,126,143,160,91,6,77,149,189,7,173,103,168,17,84,122,132,97,0,85,19,26,176,116,142,49,170,95,167,178,66,135,53,56,21,92,147,67,32,165,169,23,163,25,70,90,41,88,164,37,156,71,8,184,123,146,72,78,131,110,101,59,80,100,30,114,182,139,125,58,158,54,197,1,117,98,157,136,137,151,175,12,193,172,39,107,55,14,13,111,52,40,2,129,15,9,28,105,69,159,38,144,109,155,73,99,106,4,115,152,35,161,102,86,133,76,112,104,31,74,34,108,51,50,198,174,16,194,29,154,60,177,27,43,127,96,171,141,11,22,64,79,42,119,148,83,186,199,81,153,166,24,150,10,185,62,120,93,46,180,191,121];True
3496;6829;10325;[20,190,188,87,130,5,179,47,57,3,192,173,18,181,68,48,63,118,44,140,124,94,75,36,145,196,113,61,45,138,65,82,187,128,134,195,33,183,162,126,143,160,91,6,77,149,189,7,89,103,168,17,84,122,2,97,0,85,19,26,176,116,142,49,170,95,167,178,66,135,53,56,21,92,147,67,32,165,169,23,163,25,164,90,41,88,70,37,156,71,8,184,123,146,72,78,131,110,101,59,80,100,30,114,182,139,125,58,158,54,197,1,117,98,157,136,137,151,175,12,193,172,39,107,55,14,13,111,52,40,132,129,15,9,28,105,69,159,38,144,109,155,73,99,106,4,115,152,35,161,102,186,133,76,112,104,31,74,34,108,51,50,198,174,16,194,29,154,60,177,27,43,127,96,171,141,11,22,64,79,42,119,148,83,86,199,81,153,166,24,150,10,185,62,120,93,46,180,191,121];False
3490;6831;10321;[20,190,188,87,130,5,179,47,57,3,192,89,18,181,68,48,63,118,44,140,124,94,75,36,145,196,167,61,45,138,65,82,187,128,134,195,33,183,162,126,143,160,91,6,77,149,189,7,173,103,168,17,84,122,2,97,0,85,19,26,176,116,142,49,170,95,113,178,66,135,53,56,21,92,147,67,32,165,169,23,163,25,164,90,41,88,70,37,156,71,8,184,123,146,72,78,131,110,101,59,80,100,30,114,182,139,125,58,158,54,197,1,117,98,157,136,137,151,175,12,193,172,39,107,55,14,13,111,52,40,132,129,15,9,28,105,69,159,38,144,109,155,73,99,106,4,115,152,35,161,102,186,133,76,112,104,31,74,34,108,51,50,198,174,16,194,29,154,60,177,27,43,127,96,171,141,11,22,64,79,42,119,148,83,86,199,81,153,166,24,150,10,185,62,120,93,46,180,191,121];False
3515;6825;10340;[20,190,188,87,130,5,179,47,57,3,192,89,18,181,68,48,63,118,44,140,124,94,75,36,145,196,113,61,45,138,65,82,187,128,134,195,33,183,162,126,143,160,91,6,77,149,189,7,173,103,168,17,84,122,2,97,0,85,19,26,176,116,142,49,170,95,167,178,66,135,53,56,21,92,147,67,32,165,169,23,163,25,164,90,41,88,70,37,156,71,8,184,123,109,72,78,131,110,101,59,80,100,30,114,182,139,125,58,158,54,197,1,117,98,157,136,137,151,175,12,193,172,39,107,55,14,13,111,52,40,132,129,15,9,28,105,69,159,38,144,146,155,73,99,106,4,115,152,35,161,102,186,133,76,112,104,31,74,34,108,51,50,198,174,16,194,29,154,60,177,27,43,127,96,171,141,11,22,64,79,42,119,148,83,86,199,81,153,166,24,150,10,185,62,120,93,46,180,191,121];False
3427;6844;10271;[20,190,188,87,130,5,179,47,57,3,192,89,18,181,68,48,63,118,44,140,124,94,75,36,145,196,113,61,45,138,65,82,187,128,134,195,33,183,162,126,143,160,91,6,77,149,189,7,173,103,168,17,84,122,2,97,0,85,19,26,176,116,142,49,170,95,167,178,66,135,53,56,21,92,147,67,32,165,169,23,163,25,164,90,41,88,70,37,156,71,8,184,123,146,72,78,131,110,101,59,80,100,30,114,182,139,125,58,158,54,197,1,117,98,157,136,137,151,175,12,193,172,39,107,55,14,13,111,52,40,132,129,15,9,28,105,69,159,38,144,109,155,73,99,106,4,115,152,35,161,102,86,133,76,112,104,31,74,34,108,51,50,198,174,16,194,29,154,60,177,27,43,127,96,171,141,11,22,64,79,42,119,148,83,186,199,81,153,166,24,150,10,185,62,120,93,46,180,191,121];True
3404;6855;10259;[20,190,188,87,130,5,179,47,57,3,192,89,18,181,68,48,63,118,44,140,124,94,75,36,145,196,167,61,45,138,65,82,187,128,134,195,33,183,162,126,143,160,91,6,77,149,189,7,173,103,168,17,84,122,2,97,0,85,19,26,176,116,142,49,170,95,113,178,66,135,53,56,21,92,147,67,32,165,169,23,163,25,70,90,41,88,164,37,156,71,8,184,123,146,72,78,131,110,101,59,80,100,30,114,182,139,125,58,158,54,197,1,117,98,157,136,137,151,175,12,193,172,39,107,55,14,13,111,112,40,132,129,15,9,28,105,69,159,38,144,109,155,73,99,106,4,115,152,35,161,102,186,133,76,52,104,31,74,34,108,51,50,198,174,16,194,29,154,60,177,27,43,127,96,171,141,11,22,64,79,42,119,148,83,86,199,81,153,166,24,150,10,185,62,120,93,46,180,191,121];False
3314;6884;10198;[20,190,188,87,130,5,179,47,57,3,192,89,18,181,68,48,63,118,44,140,124,94,75,36,145,196,113,61,45,138,65,82,187,128,134,195,33,183,162,126,143,160,91,6,77,149,189,7,173,103,168,17,84,122,2,97,0,85,19,26,176,116,191,49,170,95,167,178,66,135,53,56,21,92,147,67,32,165,169,23,163,25,70,90,41,88,164,37,156,71,8,184,123,146,72,78,131,110,101,59,80,100,30,114,182,139,125,58,158,54,197,1,117,98,157,136,137,151,175,12,193,172,39,107,55,14,13,111,112,40,132,129,15,9,28,105,69,159,38,144,109,155,73,99,106,4,115,152,35,161,102,186,133,76,52,104,31,74,34,108,51,50,198,174,16,194,29,154,60,177,27,43,127,96,171,141,11,22,64,79,42,119,148,83,86,199,81,153,166,24,150,10,185,62,120,93,46,180,142,121];True
3355;6870;10225;[20,190,188,87,130,5,179,47,57,3,192,89,18,181,68,48,63,118,44,140,124,94,75,36,145,196,113,61,45,138,65,82,187,128,134,195,33,183,162,126,143,160,91,6,77,149,189,7,173,103,168,17,84,122,2,97,0,85,19,26,176,116,142,49,170,95,139,178,66,135,53,56,21,92,147,67,32,165,169,23,163,25,70,90,41,88,164,37,156,71,8,184,123,146,72,78,131,110,101,59,80,100,30,114,182,167,125,58,158,54,197,1,117,98,157,136,137,151,175,12,193,172,39,107,55,14,13,111,112,40,132,129,15,9,28,105,69,159,38,144,109,155,73,99,106,4,115,152,35,161,102,186,133,76,52,104,31,74,34,108,51,50,198,174,16,194,29,154,60,177,27,43,127,96,171,141,11,22,64,79,42,119,148,83,86,199,81,153,166,24,150,10,185,62,120,93,46,180,191,121];False
3411;6850;10261;[20,190,188,87,130,5,179,47,57,3,192,89,18,181,68,48,63,118,44,140,124,94,75,36,145,196,113,61,45,138,65,82,187,128,134,195,33,183,162,126,143,160,91,6,77,149,189,7,173,103,168,17,84,122,2,97,0,85,19,26,176,116,142,49,170,95,167,178,66,135,53,56,21,92,147,67,32,165,169,23,163,25,70,90,41,88,164,37,156,71,8,184,123,146,72,78,131,110,101,59,80,100,30,114,182,139,125,58,158,54,197,1,117,40,157,136,137,151,175,12,193,172,39,107,55,14,13,111,112,98,132,129,15,9,28,105,69,159,38,144,109,155,73,99,106,4,115,152,35,161,102,186,133,76,52,104,31,74,34,108,51,50,198,174,16,194,29,154,60,177,27,43,127,96,171,141,11,22,64,79,42,119,148,83,86,199,81,153,166,24,150,10,185,62,120,93,46,180,191,121];True
3341;6868;10209;[20,190,188,87,130,5,179,47,57,3,192,89,18,181,68,48,63,118,44,140,124,94,75,36,145,196,113,61,45,138,65,82,187,128,134,195,33,183,162,126,143,160,91,6,77,149,189,7,173,103,168,17,84,122,2,97,0,85,19,26,176,116,142,49,170,95,167,178,66,135,53,56,21,92,147,67,32,165,169,23,163,25,70,90,41,88,164,37,156,71,8,184,123,146,72,78,131,110,101,59,80,100,30,114,182,139,125,58,158,54,197,1,117,98,157,136,137,151,175,12,193,172,39,107,55,14,13,111,112,40,132,129,15,9,28,105,69,159,38,144,109,155,73,99,106,4,115,152,35,161,102,86,133,76,52,104,31,74,34,108,51,50,198,174,16,194,29,154,60,177,27,43,127,96,171,141,11,22,64,79,42,119,148,83,186,199,81,153,166,24,150,10,185,62,120,93,46,180,191,121];True
3405;6854;10259;[20,190,188,87,130,5,179,47,57,3,192,89,18,181,68,48,63,118,44,140,124,94,75,36,145,196,113,61,45,138,65,82,187,128,134,195,33,183,162,126,143,160,91,6,77,149,189,7,173,103,168,17,84,122,2,97,0,85,19,26,176,116,23,49,170,95,167,178,66,135,53,56,21,92,147,67,32,165,169,142,163,25,70,90,41,88,164,37,156,71,8,184,123,146,72,78,131,110,101,59,80,100,30,114,182,139,125,58,158,54,197,1,117,98,157,136,137,151,175,12,193,172,39,107,55,14,13,111,52,40,132,129,15,9,28,105,69,159,38,144,109,155,73,99,106,4,115,152,35,161,102,86,133,76,112,104,31,74,34,108,51,50,198,174,16,194,29,154,60,177,27,43,127,96,171,141,11,22,64,79,42,119,148,83,186,199,81,153,166,24,150,10,185,62,120,93,46,180,191,121];False
3363;6867;10230;[20,190,188,87,130,5,179,47,57,3,192,89,18,181,68,48,63,118,44,140,124,94,75,36,145,196,113,61,45,138,65,82,187,128,134,195,33,183,162,126,143,160,91,6,77,149,189,7,173,103,168,17,84,122,2,97,0,85,19,26,176,116,191,49,170,95,167,178,66,135,53,56,21,92,147,67,32,165,169,23,163,25,70,90,41,88,164,37,156,71,8,184,123,146,72,78,131,110,101,59,80,100,30,114,182,139,125,58,158,54,197,1,117,98,157,136,137,151,175,12,193,172,39,107,55,14,13,111,52,40,132,129,15,9,28,105,69,159,38,144,109,155,73,99,106,4,115,152,35,161,102,86,133,76,112,104,31,74,34,108,51,50,198,174,16,194,29,154,60,177,27,43,127,96,171,141,11,22,64,79,42,119,148,83,186,199,81,153,166,24,150,10,185,62,120,93,46,180,142,121];True
3424;6847;10271;[20,190,188,87,130,5,179,47,57,3,192,89,18,181,68,48,63,118,44,140,124,94,75,36,145,196,113,61,45,138,65,82,187,128,134,195,33,183,162,126,143,160,91,6,77,149,189,7,173,103,168,17,84,122,2,97,0,85,19,26,176,116,142,137,170,95,167,178,66,135,53,56,21,92,147,67,32,165,169,23,163,25,70,90,41,88,164,37,156,71,8,184,123,146,72,78,131,110,101,59,80,100,30,114,182,139,125,58,158,54,197,1,117,98,157,136,49,151,175,12,193,172,39,107,55,14,13,111,52,40,132,129,15,9,28,105,69,159,38,144,109,155,73,99,106,4,115,152,35,161,102,86,133,76,112,104,31,74,34,108,51,50,198,174,16,194,29,154,60,177,27,43,127,96,171,141,11,22,64,79,42,119,148,83,186,199,81,153,166,24,150,10,185,62,120,93,46,180,191,121];True
3404;6853;10257;[20,190,188,87,130,5,179,47,57,3,192,89,18,181,68,48,63,118,44,140,124,94,75,36,145,196,113,61,45,138,65,82,187,128,134,195,33,183,162,126,143,160,91,6,77,149,189,7,173,103,168,17,84,122,2,97,0,85,19,26,176,116,142,49,170,95,139,178,66,135,53,56,21,92,147,67,32,165,169,23,163,25,70,90,41,88,164,37,156,71,8,184,123,146,72,78,131,110,101,59,80,100,30,114,182,167,125,58,158,54,197,1,117,98,157,136,137,151,175,12,193,172,39,107,55,14,13,111,52,40,132,129,15,9,28,105,69,159,38,144,109,155,73,99,106,4,115,152,35,161,102,86,133,76,112,104,31,74,34,108,51,50,198,174,16,194,29,154,60,177,27,43,127,96,171,141,11,22,64,79,42,119,148,83,186,199,81,153,166,24,150,10,185,62,120,93,46,180,191,121];True
3478;6832;10310;[20,190,188,87,130,5,179,47,57,3,192,89,18,181,68,48,63,118,44,140,124,94,75,36,145,196,113,61,45,138,65,82,187,128,134,195,33,183,162,126,143,160,91,6,77,149,189,7,173,103,168,17,84,122,2,97,0,85,19,26,176,116,142,49,170,95,167,178,66,135,53,56,21,92,147,67,32,165,169,23,163,25,70,90,41,88,164,37,156,71,8,184,123,109,72,78,131,110,101,59,80,100,30,114,182,139,125,58,158,54,197,1,117,98,157,136,137,151,175,12,193,172,39,107,55,14,13,111,52,40,132,129,15,9,28,105,69,159,38,144,146,155,73,99,106,4,115,152,35,161,102,86,133,76,112,104,31,74,34,108,51,50,198,174,16,194,29,154,60,177,27,43,127,96,171,141,11,22,64,79,42,119,148,83,186,199,81,153,166,24,150,10,185,62,120,93,46,180,191,121];False
3643;6800;10443;[20,190,188,87,130,5,179,47,57,3,32,173,18,181,68,48,63,118,44,140,124,94,75,36,145,196,113,61,45,138,65,82,187,128,134,195,33,183,162,126,143,160,91,6,77,149,189,7,89,103,168,17,84,122,2,97,0,85,19,26,176,116,142,49,170,95,167,93,66,135,53,56,21,92,147,67,192,165,169,23,163,25,164,90,41,88,70,37,156,71,8,184,123,109,72,78,131,110,101,59,80,100,30,114,182,139,125,58,151,54,197,1,117,98,157,136,137,158,175,12,193,172,39,107,55,14,13,111,52,40,132,129,15,9,28,105,69,159,38,144,146,155,73,99,106,4,115,152,35,161,102,186,133,76,112,104,31,74,34,108,51,50,198,174,16,194,29,154,60,177,27,43,127,96,171,141,11,22,64,79,42,119,148,83,86,199,81,153,166,24,150,10,185,62,120,178,46,180,191,121];False
3686;6798;10484;[20,190,188,87,130,5,179,47,57,3,192,173,18,181,68,48,63,118,44,140,124,94,75,36,145,196,167,61,45,138,65,82,187,128,134,195,33,183,162,126,143,160,91,6,77,149,189,7,89,103,168,17,84,122,2,97,0,85,19,26,176,116,142,49,170,95,113,93,66,135,53,56,21,92,147,67,32,165,169,23,163,25,164,90,41,88,70,37,156,71,8,184,123,109,72,78,131,110,101,59,80,100,30,114,182,139,125,58,151,54,197,1,117,98,157,136,137,158,175,12,193,172,39,107,55,14,13,111,52,40,132,129,15,9,28,105,69,159,38,144,146,155,73,99,106,4,115,152,35,161,102,186,133,76,112,104,31,74,34,108,51,50,198,174,16,194,29,154,60,177,27,43,127,96,171,141,11,22,64,79,42,119,148,83,86,199,81,153,166,24,150,10,185,62,120,178,46,180,191,121];True
3638;6810;10448;[20,190,188,87,130,5,179,47,57,3,192,89,18,181,68,48,63,118,44,140,124,94,75,36,145,196,167,61,45,138,65,82,187,128,134,195,33,183,162,126,143,160,91,6,77,149,189,7,173,103,123,17,84,122,2,97,0,85,19,26,176,116,142,49,170,95,113,93,66,135,53,56,21,92,147,67,32,165,169,23,163,25,164,90,41,88,70,37,156,71,8,184,168,109,72,78,131,110,101,59,80,100,30,114,182,139,125,58,151,54,197,1,117,98,157,136,137,158,175,12,193,172,39,107,55,14,13,111,52,40,132,129,15,9,28,105,69,159,38,144,146,155,73,99,106,4,115,152,35,161,102,186,133,76,112,104,31,74,34,108,51,50,198,174,16,194,29,154,60,177,27,43,127,96,171,141,11,22,64,79,42,119,148,83,86,199,81,153,166,24,150,10,185,62,120,178,46,180,191,121];False
3530;6815;10345;[20,190,188,87,130,5,179,47,57,3,32,173,18,181,68,48,63,118,44,140,124,94,75,36,145,196,113,61,45,138,65,82,187,128,134,195,33,183,162,126,143,160,91,6,77,149,189,7,89,103,168,17,84,122,2,97,0,85,19,26,176,116,142,49,170,95,167,93,66,135,53,56,21,92,147,67,192,165,169,23,163,25,164,90,41,88,70,37,156,71,8,184,123,146,72,78,131,110,101,59,80,100,30,114,182,139,125,58,158,54,197,1,117,98,157,136,137,151,175,12,193,172,39,107,55,14,13,111,52,40,132,129,15,9,28,105,69,159,38,144,109,155,73,99,106,4,115,152,35,161,102,186,133,76,112,104,31,74,34,108,51,50,198,174,16,194,29,154,60,177,27,43,127,96,171,141,11,22,64,79,42,119,148,83,86,199,81,153,166,24,150,10,185,62,120,178,46,180,191,121];True
3634;6810;10444;[20,190,188,87,130,5,179,47,57,178,192,89,18,181,68,48,63,118,44,140,124,94,75,36,145,196,113,61,45,138,65,82,187,128,134,195,33,183,162,126,143,160,91,6,77,149,189,7,173,103,168,17,84,122,2,97,0,85,19,26,176,116,142,49,170,95,167,93,66,135,53,56,21,92,147,67,32,165,169,23,163,25,164,90,41,88,70,37,156,71,8,184,123,109,72,78,131,110,101,59,80,100,30,114,182,139,125,58,158,54,197,1,117,98,157,136,137,151,175,12,193,172,39,107,55,14,13,111,52,40,132,129,15,9,28,105,69,159,38,144,146,155,73,99,106,4,115,152,35,161,102,186,133,76,112,104,31,74,34,108,51,50,198,174,16,194,29,154,60,177,27,43,127,96,171,141,11,22,64,79,42,119,148,83,86,199,81,153,166,24,150,10,185,62,120,3,46,180,191,121];False
3629;6810;10439;[20,190,188,87,130,5,179,47,57,3,89,192,18,181,68,48,63,118,44,140,124,94,75,36,145,196,113,61,45,138,65,82,187,128,134,195,33,183,162,126,143,160,91,6,77,149,189,7,173,103,168,17,84,122,2,97,0,85,19,26,176,116,142,49,170,95,167,93,66,135,53,56,21,92,147,67,32,165,169,23,163,25,164,90,41,88,70,37,156,71,8,184,123,109,72,78,131,110,101,59,80,100,30,114,182,139,125,58,158,54,197,1,117,98,157,136,137,151,175,12,193,172,39,107,55,14,13,111,52,40,132,129,15,9,28,105,69,159,38,144,146,155,73,99,106,4,115,152,35,161,102,186,133,76,112,104,31,74,34,108,51,50,198,174,16,194,29,154,60,177,27,43,127,96,171,141,11,22,64,79,42,119,148,83,86,199,81,153,166,24,150,10,185,62,120,178,46,180,191,121];False
3624;6799;10423;[20,190,188,87,130,5,179,47,57,3,192,173,18,181,68,48,63,118,44,140,124,94,75,36,145,196,113,61,45,138,65,82,187,128,134,195,33,183,162,126,143,160,91,6,77,149,189,7,89,103,168,17,84,122,2,97,0,85,19,26,176,116,142,49,170,95,167,93,66,135,53,56,21,92,147,67,32,165,169,23,163,25,164,90,41,88,70,37,156,71,8,184,123,109,72,78,131,110,101,59,80,100,30,114,182,139,125,58,158,54,197,1,117,98,157,136,137,151,175,12,193,172,39,107,55,14,13,111,52,40,132,129,15,9,28,105,69,159,38,144,146,155,73,99,106,4,115,152,35,161,102,186,133,76,112,104,31,74,34,108,51,50,198,174,16,194,29,154,60,177,27,43,127,96,171,141,11,22,64,79,42,119,148,83,86,199,81,153,166,24,150,10,185,62,120,178,46,180,191,121];True
3592;6809;10401;[20,190,188,87,130,5,179,47,57,3,192,89,18,181,68,48,63,118,44,140,124,94,75,36,145,196,167,61,45,138,65,82,187,128,134,195,33,183,162,126,143,160,91,6,77,149,189,7,173,103,168,17,84,122,2,97,0,85,19,26,176,116,142,49,170,95,113,93,66,135,53,56,21,92,147,67,32,165,169,23,163,25,164,90,41,88,70,37,156,71,8,184,123,109,72,78,131,110,101,59,80,100,30,114,182,139,125,58,158,54,197,1,117,98,157,136,137,151,175,12,193,172,39,107,55,14,13,111,52,40,132,129,15,9,28,105,69,159,38,144,146,155,73,99,106,4,115,152,35,161,102,186,133,76,112,104,31,74,34,108,51,50,198,174,16,194,29,154,60,177,27,43,127,96,171,141,11,22,64,79,42,119,148,83,86,199,81,153,166,24,150,10,185,62,120,178,46,180,191,121];False
3576;6811;10387;[20,190,188,87,130,5,179,47,57,3,192,89,18,181,68,48,63,118,44,140,124,94,75,36,145,196,113,61,45,138,65,82,187,128,134,195,33,183,162,126,143,160,91,6,77,149,189,7,173,103,123,17,84,122,2,97,0,85,19,26,176,116,142,49,170,95,167,93,66,135,53,56,21,92,147,67,32,165,169,23,163,25,164,90,41,88,70,37,156,71,8,184,168,109,72,78,131,110,101,59,80,100,30,114,182,139,125,58,158,54,197,1,117,98,157,136,137,151,175,12,193,172,39,107,55,14,13,111,52,40,132,129,15,9,28,105,69,159,38,144,146,155,73,99,106,4,115,152,35,161,102,186,133,76,112,104,31,74,34,108,51,50,198,174,16,194,29,154,60,177,27,43,127,96,171,141,11,22,64,79,42,119,148,83,86,199,81,153,166,24,150,10,185,62,120,178,46,180,191,121];False
3502;6828;10330;[20,190,188,87,130,5,179,47,57,67,32,173,18,181,68,48,63,118,44,140,124,94,75,36,145,196,113,61,45,138,65,82,187,128,134,195,33,183,162,126,143,160,91,6,77,149,189,7,89,103,168,17,84,122,2,97,0,85,19,26,176,116,142,49,170,95,167,93,66,135,53,56,21,92,147,3,192,165,169,23,163,25,70,90,41,88,164,37,156,71,8,184,123,146,72,78,131,110,101,59,80,100,30,114,182,139,125,58,158,54,197,1,117,98,157,136,137,151,175,12,193,172,39,107,55,14,13,111,52,40,132,129,15,9,28,105,69,159,38,144,109,155,73,99,106,4,115,152,35,161,102,186,133,76,112,104,31,74,34,108,51,50,198,174,16,194,29,154,60,177,27,43,127,96,171,141,11,22,64,79,42,119,148,83,86,199,81,153,166,24,150,10,185,62,120,178,46,180,191,121];False
3616;6807;10423;[20,190,188,87,130,5,179,47,57,3,32,173,18,181,68,48,63,118,44,140,124,94,75,36,145,117,113,61,45,138,65,82,187,128,134,195,33,183,162,126,143,160,91,6,77,149,189,7,89,103,168,17,84,122,2,97,0,85,19,26,176,116,142,49,170,95,167,93,66,135,53,56,21,92,147,67,192,165,169,23,163,25,70,90,41,88,164,37,156,71,8,184,123,146,72,78,131,110,101,59,80,100,30,114,182,139,125,58,158,54,197,1,196,98,157,136,137,151,175,12,193,172,39,107,55,14,13,111,52,40,132,129,15,9,28,105,69,159,38,144,109,155,73,99,106,4,115,152,35,161,102,186,133,76,112,104,31,74,34,108,51,50,198,174,16,194,29,154,60,177,27,43,127,96,171,141,11,22,64,79,42,119,148,83,86,199,81,153,166,24,150,10,185,62,120,178,46,180,191,121];False
3483;6831;10314;[20,190,188,87,130,5,179,47,57,3,32,173,18,181,68,48,63,118,44,140,124,94,75,36,145,196,113,61,45,138,65,82,187,128,134,195,33,183,162,126,143,160,91,6,149,77,189,7,89,103,168,17,84,122,2,97,0,85,19,26,176,116,142,49,170,95,167,93,66,135,53,56,21,92,147,67,192,165,169,23,163,25,70,90,41,88,164,37,156,71,8,184,123,146,72,78,131,110,101,59,80,100,30,114,182,139,125,58,158,54,197,1,117,98,157,136,137,151,175,12,193,172,39,107,55,14,13,111,52,40,132,129,15,9,28,105,69,159,38,144,109,155,73,99,106,4,115,152,35,161,102,186,133,76,112,104,31,74,34,108,51,50,198,174,16,194,29,154,60,177,27,43,127,96,171,141,11,22,64,79,42,119,148,83,86,199,81,153,166,24,150,10,185,62,120,178,46,180,191,121];False
3459;6827;10286;[20,190,188,87,130,5,179,47,57,3,32,173,18,181,68,48,63,118,44,140,124,94,75,36,145,196,113,61,45,138,65,82,187,128,134,195,33,183,162,126,143,160,91,6,77,149,189,132,89,103,168,17,84,122,2,97,0,85,19,26,176,116,142,49,170,95,167,93,66,135,53,56,21,92,147,67,192,165,169,23,163,25,70,90,41,88,164,37,156,71,8,184,123,146,72,78,131,110,101,59,80,100,30,114,182,139,125,58,158,54,197,1,117,98,157,136,137,151,175,12,193,172,39,107,55,14,13,111,52,40,7,129,15,9,28,105,69,159,38,144,109,155,73,99,106,4,115,152,35,161,102,186,133,76,112,104,31,74,34,108,51,50,198,174,16,194,29,154,60,177,27,43,127,96,171,141,11,22,64,79,42,119,148,83,86,199,81,153,166,24,150,10,185,62,120,178,46,180,191,121];True
3601;6807;10408;[20,190,188,87,130,5,179,47,57,3,32,173,18,181,68,48,63,118,44,140,124,94,75,36,145,196,113,61,45,138,65,82,187,128,134,195,33,183,162,126,143,160,91,6,77,149,189,7,89,103,155,17,84,122,2,97,0,85,19,26,176,116,142,49,170,95,167,93,66,135,53,56,21,92,147,67,192,165,169,23,163,25,70,90,41,88,164,37,156,71,8,184,123,146,72,78,131,110,101,59,80,100,30,114,182,139,125,58,158,54,197,1,117,98,157,136,137,151,175,12,193,172,39,107,55,14,13,111,52,40,132,129,15,9,28,105,69,159,38,144,109,168,73,99,106,4,115,152,35,161,102,186,133,76,112,104,31,74,34,108,51,50,198,174,16,194,29,154,60,177,27,43,127,96,171,141,11,22,64,79,42,119,148,83,86,199,81,153,166,24,150,10,185,62,120,178,46,180,191,121];False
3508;6825;10333;[20,190,188,87,130,5,179,47,57,3,32,173,18,181,68,48,63,118,44,140,124,94,75,36,145,196,113,61,45,138,65,82,187,128,134,195,33,183,162,126,143,160,91,6,77,149,189,7,89,103,168,17,84,122,2,97,0,85,19,26,176,116,23,49,170,95,167,93,66,135,53,56,21,92,147,67,192,165,169,142,163,25,70,90,41,88,164,37,156,71,8,184,123,146,72,78,131,110,101,59,80,100,30,114,182,139,125,58,158,54,197,1,117,98,157,136,137,151,175,12,193,172,39,107,55,14,13,111,52,40,132,129,15,9,28,105,69,159,38,144,109,155,73,99,106,4,115,152,35,161,102,186,133,76,112,104,31,74,34,108,51,50,198,174,16,194,29,154,60,177,27,43,127,96,171,141,11,22,64,79,42,119,148,83,86,199,81,153,166,24,150,10,185,62,120,178,46,180,191,121];False
3527;6818;10345;[20,190,188,87,130,5,179,47,57,3,32,173,18,181,68,48,63,118,44,140,124,94,75,36,145,196,113,61,45,138,65,82,187,128,134,195,33,183,162,126,143,160,91,6,77,149,189,7,89,103,168,17,84,122,2,97,0,85,19,26,176,116,142,137,170,95,167,93,66,135,53,56,21,92,147,67,192,165,169,23,163,25,70,90,41,88,164,37,156,71,8,184,123,146,72,78,131,110,101,59,80,100,30,114,182,139,125,58,158,54,197,1,117,98,157,136,49,151,175,12,193,172,39,107,55,14,13,111,52,40,132,129,15,9,28,105,69,159,38,144,109,155,73,99,106,4,115,152,35,161,102,186,133,76,112,104,31,74,34,108,51,50,198,174,16,194,29,154,60,177,27,43,127,96,171,141,11,22,64,79,42,119,148,83,86,199,81,153,166,24,150,10,185,62,120,178,46,180,191,121];True
3384;6854;10238;[20,190,188,87,130,5,179,47,57,3,32,173,18,181,68,48,63,118,44,140,124,94,75,36,145,196,113,61,45,138,65,82,187,128,134,195,33,183,162,126,143,160,91,6,77,149,189,7,89,103,168,17,84,122,2,97,0,85,19,26,176,116,142,49,170,95,167,93,66,135,53,56,21,92,147,67,112,165,169,23,163,25,70,90,41,88,164,37,156,71,8,184,123,146,72,78,131,110,101,59,80,100,30,114,182,139,125,58,158,54,197,1,117,98,157,136,137,151,175,12,193,172,39,107,55,14,13,111,52,40,132,129,15,9,28,105,69,159,38,144,109,155,73,99,106,4,115,152,35,161,102,186,133,76,192,104,31,74,34,108,51,50,198,174,16,194,29,154,60,177,27,43,127,96,171,141,11,22,64,79,42,119,148,83,86,199,81,153,166,24,150,10,185,62,120,178,46,180,191,121];True
3581;6803;10384;[20,190,188,87,130,5,179,47,57,3,32,173,18,181,68,48,63,118,44,140,124,94,75,36,145,196,113,61,45,138,65,82,187,128,134,195,33,183,162,126,143,160,91,6,77,149,189,7,89,103,168,17,84,122,2,97,0,85,19,26,176,116,142,49,170,95,167,93,66,135,53,56,21,92,147,67,192,165,169,23,163,25,70,90,41,88,164,37,156,71,8,184,123,109,72,78,131,110,101,59,80,100,30,114,182,139,125,58,158,54,197,1,117,98,157,136,137,151,175,12,193,172,39,107,55,14,13,111,52,40,132,129,15,9,28,105,69,159,38,144,146,155,73,99,106,4,115,152,35,161,102,186,133,76,112,104,31,74,34,108,51,50,198,174,16,194,29,154,60,177,27,43,127,96,171,141,11,22,64,79,42,119,148,83,86,199,81,153,166,24,150,10,185,62,120,178,46,180,191,121];True
3564;6812;10376;[20,190,188,87,130,5,179,47,57,3,32,173,18,181,68,48,63,118,44,140,124,94,75,36,145,196,113,61,45,138,65,82,187,128,134,195,33,183,162,126,143,160,91,6,77,149,189,7,89,103,168,17,84,122,2,97,0,85,19,26,176,116,142,49,170,95,167,93,66,135,53,56,21,92,147,67,192,165,169,23,163,25,70,90,41,88,164,37,156,71,8,184,123,146,72,78,131,110,101,59,80,100,30,114,182,139,125,137,158,54,197,1,117,98,157,136,58,151,175,12,193,172,39,107,55,14,13,111,52,40,132,129,15,9,28,105,69,159,38,144,109,155,73,99,106,4,115,152,35,161,102,186,133,76,112,104,31,74,34,108,51,50,198,174,16,194,29,154,60,177,27,43,127,96,171,141,11,22,64,79,42,119,148,83,86,199,81,153,166,24,150,10,185,62,120,178,46,180,191,121];True
3444;6839;10283;[20,190,188,87,130,5,179,47,57,3,32,173,18,181,68,48,63,118,44,140,124,94,75,36,145,196,113,61,45,138,65,82,187,128,134,195,33,183,162,126,143,160,91,6,77,149,189,7,89,103,168,17,84,122,2,97,0,85,19,26,176,116,142,49,170,95,167,93,66,135,53,56,21,92,147,67,192,165,169,23,163,25,70,90,41,88,164,37,156,71,8,184,123,146,72,78,131,110,101,59,80,100,30,114,182,139,125,58,158,54,197,1,117,98,157,136,137,151,175,12,193,172,39,107,55,14,13,111,112,40,132,129,15,9,28,105,69,159,38,144,109,155,73,99,106,4,115,152,35,161,102,186,133,76,52,104,31,74,34,108,51,50,198,174,16,194,29,154,60,177,27,43,127,96,171,141,11,22,64,79,42,119,148,83,86,199,81,153,166,24,150,10,185,62,120,178,46,180,191,121];True
3493;6822;10315;[20,190,188,87,130,5,179,47,57,3,32,173,18,181,68,48,63,118,44,140,124,94,75,36,145,196,113,61,45,138,65,82,187,128,134,195,33,183,162,126,143,160,91,6,77,149,189,7,89,103,168,17,84,122,2,97,0,85,19,26,176,116,142,49,170,95,167,93,66,135,53,56,21,92,147,67,192,165,169,23,163,25,70,90,41,88,164,37,156,71,8,184,123,146,72,78,131,110,101,59,80,100,30,114,182,139,125,58,158,54,197,1,117,98,157,136,137,151,175,12,193,172,39,107,55,14,13,111,52,40,132,129,15,9,28,105,69,159,38,144,109,155,73,99,106,4,115,152,35,161,102,86,133,76,112,104,31,74,34,108,51,50,198,174,16,194,29,154,60,177,27,43,127,96,171,141,11,22,64,79,42,119,148,83,186,199,81,153,166,24,150,10,185,62,120,178,46,180,191,121];True
3571;6811;10382;[20,190,188,87,130,5,179,47,57,3,32,173,18,181,68,48,63,118,44,140,124,94,75,36,145,196,113,61,45,138,65,82,187,128,134,195,33,183,162,126,143,160,91,6,77,149,189,7,89,103,168,17,84,122,2,97,0,85,19,26,176,116,142,49,170,95,167,93,66,135,53,56,21,92,147,67,192,165,169,23,163,25,70,90,41,88,164,37,156,71,8,184,123,146,72,78,131,110,101,59,80,100,30,114,182,139,125,58,158,54,197,1,117,98,157,136,137,151,175,12,193,172,39,107,55,14,13,111,52,40,132,129,15,9,28,105,69,159,38,144,109,155,73,99,106,4,115,152,35,161,102,186,199,76,112,104,31,74,34,108,51,50,198,174,16,194,29,154,60,177,27,43,127,96,171,141,11,22,64,79,42,119,148,83,86,133,81,153,166,24,150,10,185,62,120,178,46,180,191,121];True
3758;6784;10542;[50,20,188,87,130,5,42,47,132,89,115,152,86,181,68,48,63,118,44,140,124,94,75,36,145,196,113,61,45,138,65,82,187,128,134,195,33,183,162,126,143,160,91,6,77,149,189,148,173,116,123,17,84,122,12,97,0,85,19,26,176,3,136,49,170,95,167,93,66,135,53,56,21,92,147,67,32,165,169,23,163,25,70,90,41,88,164,37,156,71,8,184,190,109,72,78,131,110,101,59,80,100,30,114,182,139,125,58,158,54,197,1,117,98,157,142,137,151,175,57,193,172,39,107,55,14,13,111,52,40,2,129,15,9,28,105,69,159,38,144,146,155,73,99,106,4,192,103,35,161,102,186,133,18,112,104,31,168,34,108,51,74,198,174,16,194,29,154,60,179,27,43,127,96,171,141,11,22,64,79,177,199,166,83,76,119,81,153,7,24,150,10,185,62,120,178,46,180,191,121];False
3715;6784;10499;[74,20,188,87,130,5,42,119,132,89,115,152,86,181,68,48,63,118,44,140,124,94,75,36,145,196,113,61,45,138,65,82,187,128,134,195,33,183,162,126,143,160,91,6,77,149,189,148,173,116,123,17,84,122,12,97,0,85,19,26,176,3,136,49,170,95,167,93,66,135,53,56,21,92,147,67,32,165,169,23,163,25,70,90,41,88,164,37,156,71,8,184,190,109,72,78,131,110,101,59,80,100,30,114,182,139,125,58,158,54,197,1,117,98,157,142,137,151,175,57,193,172,39,107,55,14,13,111,52,40,2,129,15,9,28,105,69,159,38,144,146,155,73,99,106,4,192,103,35,161,102,186,133,18,112,104,31,168,34,108,51,50,198,174,16,194,29,154,60,179,27,43,127,96,171,141,11,22,64,79,177,199,166,83,76,47,81,153,7,24,150,10,185,62,120,178,46,180,191,121];True
3859;6764;10623;[74,20,188,87,130,5,42,47,132,89,115,152,18,181,68,48,63,118,44,140,124,94,75,36,145,117,113,61,45,138,65,82,187,128,134,195,33,183,162,126,143,160,91,6,77,149,189,148,173,116,123,17,84,122,12,97,0,85,19,26,176,3,136,49,170,95,182,93,66,135,53,56,21,92,147,67,32,165,169,23,163,25,70,90,41,88,164,37,156,71,8,184,190,109,72,78,131,110,101,59,80,100,30,114,129,139,125,58,158,54,197,1,196,98,157,142,137,151,175,57,193,172,39,107,55,14,13,111,52,40,2,167,15,9,28,105,69,159,38,144,146,155,73,99,106,4,192,103,35,161,102,186,133,76,112,104,31,168,34,108,51,50,198,174,16,194,29,154,60,179,27,43,127,96,171,141,11,22,64,79,177,199,166,83,86,119,81,153,7,24,150,10,185,62,120,178,46,180,191,121];False
3766;6776;10542;[50,20,188,87,130,5,42,47,132,89,115,152,18,181,68,48,63,118,44,140,124,94,75,36,145,196,113,61,45,138,65,82,187,128,134,195,33,183,162,126,143,160,91,6,77,149,189,148,173,116,123,17,84,122,12,97,0,85,19,26,176,3,136,49,170,95,182,93,66,135,53,56,21,92,147,67,32,165,169,23,163,25,70,90,41,88,164,37,156,71,8,184,190,109,72,78,131,110,101,59,80,100,30,114,129,139,125,58,158,54,197,1,117,98,157,142,137,151,175,57,193,172,39,107,55,14,13,111,52,40,2,167,15,9,28,105,69,159,38,144,146,155,73,99,106,4,192,103,35,161,102,186,133,76,112,104,31,168,34,108,51,74,198,174,16,194,29,154,60,179,27,43,127,96,171,141,11,22,64,79,177,199,166,83,86,119,81,153,7,24,150,10,185,62,120,178,46,180,191,121];True
3815;6763;10578;[74,20,188,87,130,5,114,47,132,89,115,152,18,181,68,48,63,118,44,140,124,94,75,36,145,196,113,61,45,138,65,82,187,128,134,195,33,183,162,126,143,160,91,6,77,149,189,148,173,116,123,17,84,122,12,97,0,85,19,26,176,3,136,49,170,95,182,93,66,135,53,56,21,92,147,67,32,165,169,23,163,25,70,90,41,88,164,37,156,71,8,184,190,109,72,78,131,110,101,59,80,100,30,42,129,139,125,58,158,54,197,1,117,98,157,142,137,151,175,57,193,172,39,107,55,14,13,111,52,40,2,167,15,9,28,105,69,159,38,144,146,155,73,99,106,4,192,103,35,161,102,186,133,76,112,104,31,168,34,108,51,50,198,174,16,194,29,154,60,179,27,43,127,96,171,141,11,22,64,79,177,199,166,83,86,119,81,153,7,24,150,10,185,62,120,178,46,180,191,121];True
3758;6779;10537;[74,20,188,87,130,5,42,129,132,89,115,152,18,181,68,48,63,118,44,140,124,94,75,36,145,196,113,61,45,138,65,82,187,128,134,195,33,183,162,126,143,160,91,6,77,149,189,148,173,116,123,17,84,122,12,97,0,85,19,26,176,3,136,49,170,95,182,93,66,135,53,56,21,92,147,67,32,165,169,23,163,25,70,90,41,88,164,37,156,71,8,184,190,109,72,78,131,110,101,59,80,100,30,114,47,139,125,58,158,54,197,1,117,98,157,142,137,151,175,57,193,172,39,107,55,14,13,111,52,40,2,167,15,9,28,105,69,159,38,144,146,155,73,99,106,4,192,103,35,161,102,186,133,76,112,104,31,168,34,108,51,50,198,174,16,194,29,154,60,179,27,43,127,96,171,141,11,22,64,79,177,199,166,83,86,119,81,153,7,24,150,10,185,62,120,178,46,180,191,121];False
3898;6758;10656;[74,20,188,87,130,5,42,47,26,89,115,152,18,181,68,48,63,118,44,140,124,94,75,36,145,196,113,61,45,138,65,82,187,128,134,195,33,183,162,126,143,160,91,6,77,149,189,148,173,116,123,17,84,122,12,97,0,85,19,132,176,3,136,49,170,95,182,93,66,135,53,56,21,92,147,67,32,165,169,23,163,25,70,90,41,88,164,37,156,71,8,184,190,109,72,78,131,110,101,59,80,100,30,114,129,139,125,58,158,54,197,1,117,98,157,142,137,151,175,57,193,172,39,107,55,14,13,111,52,40,2,167,15,9,28,105,69,159,38,144,146,155,73,99,106,4,192,103,35,161,102,186,133,76,112,104,31,168,34,108,51,50,198,174,16,194,29,154,60,179,27,43,127,96,171,141,11,22,64,79,177,199,166,83,86,119,81,153,7,24,150,10,185,62,120,178,46,180,191,121];True
3708;6797;10505;[74,20,188,87,130,5,42,47,132,89,115,75,18,181,68,48,63,118,44,140,124,94,152,36,145,196,113,61,45,138,65,82,187,128,134,195,33,183,162,126,143,160,91,6,77,149,189,148,173,116,123,17,84,122,12,97,0,85,19,26,176,3,136,49,170,95,182,93,66,135,53,56,21,92,147,67,32,165,169,23,163,25,70,90,41,88,164,37,156,71,8,184,190,109,72,78,131,110,101,59,80,100,30,114,129,139,125,58,158,54,197,1,117,98,157,142,137,151,175,57,193,172,39,107,55,14,13,111,52,40,2,167,15,9,28,105,69,159,38,144,146,155,73,99,106,4,192,103,35,161,102,186,133,76,112,104,31,168,34,108,51,50,198,174,16,194,29,154,60,179,27,43,127,96,171,141,11,22,64,79,177,199,166,83,86,119,81,153,7,24,150,10,185,62,120,178,46,180,191,121];False
3755;6779;10534;[74,20,188,87,130,5,42,47,132,89,115,152,76,181,68,48,63,118,44,140,124,94,75,36,145,196,113,61,45,138,65,82,187,128,134,195,33,183,162,126,143,160,91,6,77,149,189,148,173,116,123,17,84,122,12,97,0,85,19,26,176,3,136,49,170,95,182,93,66,135,53,56,21,92,147,67,32,165,169,23,163,25,70,90,41,88,164,37,156,71,8,184,190,109,72,78,131,110,101,59,80,100,30,114,129,139,125,58,158,54,197,1,117,98,157,142,137,151,175,57,193,172,39,107,55,14,13,111,52,40,2,167,15,9,28,105,69,159,38,144,146,155,73,99,106,4,192,103,35,161,102,186,133,18,112,104,31,168,34,108,51,50,198,174,16,194,29,154,60,179,27,43,127,96,171,141,11,22,64,79,177,199,166,83,86,119,81,153,7,24,150,10,185,62,120,178,46,180,191,121];True
3797;6774;10571;[74,20,188,87,130,5,42,47,132,89,115,152,18,181,68,48,63,118,44,140,31,94,75,36,145,196,113,61,45,138,65,82,187,128,134,195,33,183,162,126,143,160,91,6,77,149,189,148,173,116,123,17,84,122,12,97,0,85,19,26,176,3,136,49,170,95,182,93,66,135,53,56,21,92,147,67,32,165,169,23,163,25,70,90,41,88,164,37,156,71,8,184,190,109,72,78,131,110,101,59,80,100,30,114,129,139,125,58,158,54,197,1,117,98,157,142,137,151,175,57,193,172,39,107,55,14,13,111,52,40,2,167,15,9,28,105,69,159,38,144,146,155,73,99,106,4,192,103,35,161,102,186,133,76,112,104,124,168,34,108,51,50,198,174,16,194,29,154,60,179,27,43,127,96,171,141,11,22,64,79,177,199,166,83,86,119,81,153,7,24,150,10,185,62,120,178,46,180,191,121];False
3896;6762;10658;[74,20,188,87,130,5,42,47,132,89,115,152,18,181,68,48,63,118,44,140,124,94,75,36,145,196,113,61,45,138,65,82,187,128,134,195,33,183,162,126,143,160,91,6,77,149,189,7,173,116,123,17,84,122,12,97,0,85,19,26,176,3,136,49,170,95,182,93,66,135,53,56,21,92,147,67,32,165,169,23,163,25,70,90,41,88,164,37,156,71,8,184,190,109,72,78,131,110,101,59,80,100,30,114,129,139,125,58,158,54,197,1,117,98,157,142,137,151,175,57,193,172,39,107,55,14,13,111,52,40,2,167,15,9,28,105,69,159,38,144,146,155,73,99,106,4,192,103,35,161,102,186,133,76,112,104,31,168,34,108,51,50,198,174,16,194,29,154,60,179,27,43,127,96,171,141,11,22,64,79,177,199,166,83,86,119,81,153,148,24,150,10,185,62,120,178,46,180,191,121];True
3718;6783;10501;[74,20,188,87,130,5,42,47,132,89,115,152,18,181,68,48,63,118,44,140,124,94,75,36,145,196,113,61,45,138,65,82,187,128,134,195,33,183,162,126,143,160,91,6,77,149,189,148,173,116,123,17,84,122,12,97,0,85,19,26,176,3,136,49,170,95,182,93,66,135,168,56,21,92,147,67,32,165,169,23,163,25,70,90,41,88,164,37,156,71,8,184,190,109,72,78,131,110,101,59,80,100,30,114,129,139,125,58,158,54,197,1,117,98,157,142,137,151,175,57,193,172,39,107,55,14,13,111,52,40,2,167,15,9,28,105,69,159,38,144,146,155,73,99,106,4,192,103,35,161,102,186,133,76,112,104,31,53,34,108,51,50,198,174,16,194,29,154,60,179,27,43,127,96,171,141,11,22,64,79,177,199,166,83,86,119,81,153,7,24,150,10,185,62,120,178,46,180,191,121];True
3773;6772;10545;[74,20,188,87,130,5,42,47,132,89,115,152,18,181,68,48,63,118,44,140,124,94,75,36,145,196,113,61,45,138,65,82,187,128,134,195,33,183,162,126,143,160,91,6,77,149,189,148,173,116,123,17,84,122,12,97,0,85,19,26,176,3,136,49,170,95,182,93,66,135,53,56,21,92,147,67,32,165,169,23,163,25,164,90,41,88,70,37,156,71,8,184,190,109,72,78,131,110,101,59,80,100,30,114,129,139,125,58,158,54,197,1,117,98,157,142,137,151,175,57,193,172,39,107,55,14,13,111,52,40,2,167,15,9,28,105,69,159,38,144,146,155,73,99,106,4,192,103,35,161,102,186,133,76,112,104,31,168,34,108,51,50,198,174,16,194,29,154,60,179,27,43,127,96,171,141,11,22,64,79,177,199,166,83,86,119,81,153,7,24,150,10,185,62,120,178,46,180,191,121];True
3804;6770;10574;[74,20,188,87,130,5,42,47,132,89,115,152,18,181,68,48,63,118,44,140,124,94,75,36,145,196,113,61,45,138,65,82,187,128,134,195,33,183,162,126,143,160,91,6,77,149,189,148,173,116,123,17,84,122,12,97,0,85,19,26,176,3,136,49,170,95,182,93,66,135,53,56,21,92,147,67,32,165,169,23,163,25,70,90,41,88,164,37,156,71,8,157,190,109,72,78,131,110,101,59,80,100,30,114,129,139,125,58,158,54,197,1,117,98,184,142,137,151,175,57,193,172,39,107,55,14,13,111,52,40,2,167,15,9,28,105,69,159,38,144,146,155,73,99,106,4,192,103,35,161,102,186,133,76,112,104,31,168,34,108,51,50,198,174,16,194,29,154,60,179,27,43,127,96,171,141,11,22,64,79,177,199,166,83,86,119,81,153,7,24,150,10,185,62,120,178,46,180,191,121];False
3695;6796;10491;[74,20,188,87,130,5,42,47,132,89,115,152,18,181,68,48,63,118,44,140,124,94,75,36,145,196,113,61,45,138,65,82,187,128,134,195,33,183,162,126,143,160,91,6,77,149,189,148,173,116,123,17,84,122,12,97,0,85,19,26,176,3,136,49,170,95,182,93,66,135,53,56,21,92,147,67,32,165,169,23,163,25,70,90,41,88,164,37,156,71,8,184,190,109,72,78,131,110,101,59,80,100,30,57,129,139,125,58,158,54,197,1,117,98,157,142,137,151,175,114,193,172,39,107,55,14,13,111,52,40,2,167,15,9,28,105,69,159,38,144,146,155,73,99,106,4,192,103,35,161,102,186,133,76,112,104,31,168,34,108,51,50,198,174,16,194,29,154,60,179,27,43,127,96,171,141,11,22,64,79,177,199,166,83,86,119,81,153,7,24,150,10,185,62,120,178,46,180,191,121];False
3790;6768;10558;[74,20,188,87,130,5,42,47,132,89,115,152,18,181,68,48,63,118,44,140,124,94,75,36,145,196,113,61,45,138,65,82,187,128,134,195,33,183,162,126,143,160,91,6,77,149,189,148,173,116,123,17,84,122,12,97,0,85,19,26,176,3,136,49,170,95,182,93,66,135,53,56,21,92,147,67,32,165,169,23,163,25,70,90,41,88,164,37,156,71,8,184,190,109,72,78,131,110,101,59,80,100,30,179,129,139,125,58,158,54,197,1,117,98,157,142,137,151,175,57,193,172,39,107,55,14,13,111,52,40,2,167,15,9,28,105,69,159,38,144,146,155,73,99,106,4,192,103,35,161,102,186,133,76,112,104,31,168,34,108,51,50,198,174,16,194,29,154,60,114,27,43,127,96,171,141,11,22,64,79,177,199,166,83,86,119,81,153,7,24,150,10,185,62,120,178,46,180,191,121];True
3897;6761;10658;[74,20,188,87,130,5,42,47,132,89,115,152,18,181,68,48,63,118,44,140,124,94,75,36,145,196,113,61,45,138,65,82,187,128,134,195,33,183,162,126,143,160,91,6,77,149,189,148,173,116,123,17,84,122,12,97,0,85,19,26,176,3,136,49,170,95,182,93,66,135,53,56,21,92,147,67,32,165,169,23,163,25,70,90,41,88,164,37,156,71,8,184,190,109,72,78,131,110,101,59,80,100,30,114,112,139,125,58,158,54,197,1,117,98,157,142,137,151,175,57,193,172,39,107,55,14,13,111,52,40,2,167,15,9,28,105,69,159,38,144,146,155,73,99,106,4,192,103,35,161,102,186,133,76,129,104,31,168,34,108,51,50,198,174,16,194,29,154,60,179,27,43,127,96,171,141,11,22,64,79,177,199,166,83,86,119,81,153,7,24,150,10,185,62,120,178,46,180,191,121];True
3687;6796;10483;[74,20,188,87,130,5,42,47,132,89,115,152,18,181,68,48,63,118,44,140,124,94,75,36,145,196,113,61,45,138,65,82,187,128,134,195,33,183,162,126,143,160,91,6,77,149,189,148,173,116,123,17,84,122,12,97,0,85,19,26,176,3,136,49,170,95,182,93,66,135,53,56,21,92,147,67,32,165,169,23,163,25,70,90,41,88,164,37,156,71,8,184,190,109,72,78,131,110,101,59,80,100,30,114,129,139,125,58,158,54,197,1,117,98,157,142,137,151,175,57,193,172,39,107,55,14,13,111,112,40,2,167,15,9,28,105,69,159,38,144,146,155,73,99,106,4,192,103,35,161,102,186,133,76,52,104,31,168,34,108,51,50,198,174,16,194,29,154,60,179,27,43,127,96,171,141,11,22,64,79,177,199,166,83,86,119,81,153,7,24,150,10,185,62,120,178,46,180,191,121];True
3698;6795;10493;[74,20,188,87,130,5,42,47,132,89,115,152,18,181,68,48,63,118,44,140,124,94,75,36,145,196,113,61,45,138,65,82,187,128,134,195,33,183,162,126,143,160,91,6,77,149,189,148,173,116,123,17,84,122,12,97,0,85,19,26,176,3,136,49,170,95,182,93,66,135,53,56,21,92,147,67,32,165,169,23,163,25,70,90,41,88,164,37,156,71,8,184,190,109,72,78,131,110,101,59,80,100,30,114,129,139,125,58,158,54,197,1,117,98,157,142,137,151,175,57,193,172,39,107,55,14,13,111,52,112,2,167,15,9,28,105,69,159,38,144,146,155,73,99,106,4,192,103,35,161,102,186,133,76,40,104,31,168,34,108,51,50,198,174,16,194,29,154,60,179,27,43,127,96,171,141,11,22,64,79,177,199,166,83,86,119,81,153,7,24,150,10,185,62,120,178,46,180,191,121];True
3749;6780;10529;[74,20,188,87,130,5,42,47,132,89,115,152,18,181,68,48,63,118,44,140,124,94,75,36,145,196,113,61,45,138,65,82,187,128,134,195,33,183,162,126,143,160,91,6,77,149,189,148,173,116,123,17,84,122,12,97,0,85,19,26,176,3,136,49,170,95,182,93,66,135,53,56,21,92,147,67,32,165,169,23,163,25,70,90,41,88,164,37,156,71,8,184,190,109,72,78,131,110,101,59,80,100,30,114,129,139,125,58,158,54,197,1,117,98,157,142,137,151,175,57,193,172,39,107,55,14,13,111,52,40,2,167,15,9,28,105,69,159,38,144,146,155,73,99,106,4,192,103,35,161,102,186,133,76,112,104,168,31,34,108,51,50,198,174,16,194,29,154,60,179,27,43,127,96,171,141,11,22,64,79,177,199,166,83,86,119,81,153,7,24,150,10,185,62,120,178,46,180,191,121];True
4535;6722;11257;[50,20,188,87,130,5,42,47,26,89,75,152,18,181,68,48,34,118,44,140,124,94,196,36,145,115,98,61,45,138,65,82,187,128,134,195,33,183,162,126,143,160,91,6,77,149,189,7,173,116,123,17,84,122,12,97,0,85,19,132,176,3,136,49,170,95,167,93,66,135,168,56,21,92,147,67,32,165,169,23,163,25,70,90,41,88,164,37,156,71,8,184,190,109,72,78,131,110,101,59,80,100,30,114,182,139,125,58,151,175,197,1,117,113,157,142,137,158,54,57,193,172,39,107,55,14,13,111,52,40,2,129,15,9,28,105,69,159,38,144,146,155,73,99,106,4,192,103,35,161,102,186,133,76,112,104,31,53,63,108,51,74,198,174,16,194,29,154,60,179,27,43,127,96,171,141,11,22,64,79,177,199,166,83,86,119,81,153,148,24,150,10,185,62,120,178,46,180,191,121];False
4630;6719;11349;[74,20,188,87,130,5,179,47,26,89,75,152,18,181,68,48,34,118,44,140,124,94,196,36,145,115,98,61,45,138,65,82,187,128,134,195,33,183,162,126,143,160,91,6,77,149,189,7,173,116,123,17,84,122,12,97,0,85,19,132,176,3,136,49,170,95,167,93,66,135,168,56,21,92,147,67,32,165,169,23,163,25,70,90,41,88,164,37,156,71,8,184,190,109,72,78,131,110,101,59,80,100,30,114,182,139,125,58,151,175,197,1,117,113,157,142,137,158,54,57,193,172,39,107,55,14,13,111,52,40,2,129,15,9,28,105,69,159,38,144,146,155,73,99,106,4,192,103,35,161,102,186,133,76,112,104,31,53,63,108,51,50,198,174,16,194,29,154,60,42,27,43,127,96,171,141,11,22,64,79,177,199,166,83,86,119,81,153,148,24,150,10,185,62,120,178,46,180,191,121];False
4584;6721;11305;[74,20,188,87,130,5,42,47,26,89,75,98,18,181,68,48,34,118,44,140,124,94,196,36,145,115,152,61,45,138,65,82,187,128,134,195,33,183,162,126,143,160,91,6,77,149,189,7,173,116,123,17,84,122,12,97,0,85,19,132,176,3,136,49,170,95,167,93,66,135,168,56,21,92,147,67,32,165,169,23,163,25,70,90,41,88,164,37,156,71,8,184,190,109,72,78,131,110,101,59,80,100,30,114,182,139,125,58,151,175,197,1,117,113,157,142,137,158,54,57,193,172,39,107,55,14,13,111,52,40,2,129,15,9,28,105,69,159,38,144,146,155,73,99,106,4,192,103,35,161,102,186,133,76,112,104,31,53,63,108,51,50,198,174,16,194,29,154,60,179,27,43,127,96,171,141,11,22,64,79,177,199,166,83,86,119,81,153,148,24,150,10,185,62,120,178,46,180,191,121];False
4522;6721;11243;[74,20,188,87,130,5,42,47,26,89,75,152,18,181,68,48,34,118,44,63,124,94,196,36,145,115,98,61,45,138,65,82,187,128,134,195,33,183,162,126,143,160,91,6,77,149,189,7,173,116,123,17,84,122,12,97,0,85,19,132,176,3,136,49,170,95,167,93,66,135,168,56,21,92,147,67,32,165,169,23,163,25,70,90,41,88,164,37,156,71,8,184,190,109,72,78,131,110,101,59,80,100,30,114,182,139,125,58,151,175,197,1,117,113,157,142,137,158,54,57,193,172,39,107,55,14,13,111,52,40,2,129,15,9,28,105,69,159,38,144,146,155,73,99,106,4,192,103,35,161,102,186,133,76,112,104,31,53,140,108,51,50,198,174,16,194,29,154,60,179,27,43,127,96,171,141,11,22,64,79,177,199,166,83,86,119,81,153,148,24,150,10,185,62,120,178,46,180,191,121];False
4431;6723;11154;[50,20,188,87,130,5,42,47,26,89,75,152,18,181,68,48,34,118,44,140,124,94,196,36,145,115,113,61,45,138,65,82,187,128,134,195,33,183,162,126,143,160,91,6,77,149,189,7,103,116,123,17,84,122,12,97,0,85,19,132,176,3,136,49,170,95,167,93,66,135,168,56,21,92,147,67,32,165,169,23,163,25,70,90,41,88,164,37,156,71,8,184,190,109,72,78,131,110,101,59,80,100,30,114,182,139,125,58,151,175,197,1,117,98,157,142,137,158,54,57,193,172,39,107,55,14,13,111,52,40,2,129,15,9,28,105,69,159,38,144,146,155,73,99,106,4,192,173,35,161,102,186,133,76,112,104,31,53,63,108,51,74,198,174,16,194,29,154,60,179,27,43,127,96,171,141,11,22,64,79,177,199,166,83,86,119,81,153,148,24,150,10,185,62,120,178,46,180,191,121];False
4526;6720;11246;[74,20,188,87,130,5,179,47,26,89,75,152,18,181,68,48,34,118,44,140,124,94,196,36,145,115,113,61,45,138,65,82,187,128,134,195,33,183,162,126,143,160,91,6,77,149,189,7,103,116,123,17,84,122,12,97,0,85,19,132,176,3,136,49,170,95,167,93,66,135,168,56,21,92,147,67,32,165,169,23,163,25,70,90,41,88,164,37,156,71,8,184,190,109,72,78,131,110,101,59,80,100,30,114,182,139,125,58,151,175,197,1,117,98,157,142,137,158,54,57,193,172,39,107,55,14,13,111,52,40,2,129,15,9,28,105,69,159,38,144,146,155,73,99,106,4,192,173,35,161,102,186,133,76,112,104,31,53,63,108,51,50,198,174,16,194,29,154,60,42,27,43,127,96,171,141,11,22,64,79,177,199,166,83,86,119,81,153,148,24,150,10,185,62,120,178,46,180,191,121];False
4418;6722;11140;[74,20,188,87,130,5,42,47,26,89,75,152,18,181,68,48,34,118,44,63,124,94,196,36,145,115,113,61,45,138,65,82,187,128,134,195,33,183,162,126,143,160,91,6,77,149,189,7,103,116,123,17,84,122,12,97,0,85,19,132,176,3,136,49,170,95,167,93,66,135,168,56,21,92,147,67,32,165,169,23,163,25,70,90,41,88,164,37,156,71,8,184,190,109,72,78,131,110,101,59,80,100,30,114,182,139,125,58,151,175,197,1,117,98,157,142,137,158,54,57,193,172,39,107,55,14,13,111,52,40,2,129,15,9,28,105,69,159,38,144,146,155,73,99,106,4,192,173,35,161,102,186,133,76,112,104,31,53,140,108,51,50,198,174,16,194,29,154,60,179,27,43,127,96,171,141,11,22,64,79,177,199,166,83,86,119,81,153,148,24,150,10,185,62,120,178,46,180,191,121];False
4328;6724;11052;[50,20,188,87,130,5,42,47,26,89,75,152,18,181,68,48,63,118,44,140,124,94,196,36,145,115,113,61,45,138,65,82,187,128,134,195,33,183,162,126,143,160,91,6,77,149,189,7,103,116,123,17,84,122,12,185,0,85,19,132,176,3,136,49,170,95,167,93,66,135,168,56,21,92,147,67,32,165,169,23,163,25,70,90,41,88,164,37,156,71,8,184,190,109,72,78,131,110,101,59,80,100,30,114,182,139,125,58,151,175,197,1,117,98,157,142,137,158,54,57,193,172,39,107,55,14,13,111,52,40,2,129,15,9,28,105,69,159,38,144,146,155,73,99,106,4,192,173,35,161,102,186,133,76,112,104,31,53,34,108,51,74,198,174,16,194,29,154,60,179,27,43,127,96,171,141,11,22,64,79,177,199,166,83,86,119,81,153,148,24,150,10,97,62,120,178,46,180,191,121];False
4568;6718;11286;[74,20,188,61,130,5,42,47,26,89,75,152,18,181,68,48,63,118,44,140,124,94,196,36,145,115,113,87,45,138,65,82,187,128,134,195,33,183,162,126,143,160,91,6,77,149,189,7,103,116,123,17,84,122,12,185,0,85,19,132,176,3,136,49,170,95,167,93,66,135,168,56,21,92,147,67,32,165,169,23,163,25,70,90,41,88,164,37,156,71,8,184,190,109,72,78,131,110,101,59,80,100,30,114,182,139,125,58,151,175,197,1,117,98,157,142,137,158,54,57,193,172,39,107,55,14,13,111,52,40,2,129,15,9,28,105,69,159,38,144,146,155,73,99,106,4,192,173,35,161,102,186,133,76,112,104,31,53,34,108,51,50,198,174,16,194,29,154,60,179,27,43,127,96,171,141,11,22,64,79,177,199,166,83,86,119,81,153,148,24,150,10,97,62,120,178,46,180,191,121];False
4423;6721;11144;[74,20,188,87,130,5,179,47,26,89,75,152,18,181,68,48,63,118,44,140,124,94,196,36,145,115,113,61,45,138,65,82,187,128,134,195,33,183,162,126,143,160,91,6,77,149,189,7,103,116,123,17,84,122,12,185,0,85,19,132,176,3,136,49,170,95,167,93,66,135,168,56,21,92,147,67,32,165,169,23,163,25,70,90,41,88,164,37,156,71,8,184,190,109,72,78,131,110,101,59,80,100,30,114,182,139,125,58,151,175,197,1,117,98,157,142,137,158,54,57,193,172,39,107,55,14,13,111,52,40,2,129,15,9,28,105,69,159,38,144,146,155,73,99,106,4,192,173,35,161,102,186,133,76,112,104,31,53,34,108,51,50,198,174,16,194,29,154,60,42,27,43,127,96,171,141,11,22,64,79,177,199,166,83,86,119,81,153,148,24,150,10,97,62,120,178,46,180,191,121];False
4564;6714;11278;[74,20,188,87,130,5,42,47,26,89,75,152,18,181,68,48,34,118,44,140,124,94,196,36,145,115,113,61,45,138,65,82,187,128,134,195,33,183,162,126,143,160,91,6,77,149,189,7,103,116,123,17,84,122,12,185,0,85,19,132,176,3,136,49,170,95,167,93,66,135,168,56,21,92,147,67,32,165,169,23,163,25,70,90,41,88,164,37,156,71,8,184,190,109,72,78,131,110,101,59,80,100,30,114,182,139,125,58,151,175,197,1,117,98,157,142,137,158,54,57,193,172,39,107,55,14,13,111,52,40,2,129,15,9,28,105,69,159,38,144,146,155,73,99,106,4,192,173,35,161,102,186,133,76,112,104,31,53,63,108,51,50,198,174,16,194,29,154,60,179,27,43,127,96,171,141,11,22,64,79,177,199,166,83,86,119,81,153,148,24,150,10,97,62,120,178,46,180,191,121];True
4413;6723;11136;[74,20,188,87,130,5,42,47,26,89,75,152,18,181,68,48,63,46,44,140,124,94,196,36,145,115,113,61,45,138,65,82,187,128,134,195,33,183,162,126,143,160,91,6,77,149,189,7,103,116,123,17,84,122,12,185,0,85,19,132,176,3,136,49,170,95,167,93,66,135,168,56,21,92,147,67,32,165,169,23,163,25,70,90,41,88,164,37,156,71,8,184,190,109,72,78,131,110,101,59,80,100,30,114,182,139,125,58,151,175,197,1,117,98,157,142,137,158,54,57,193,172,39,107,55,14,13,111,52,40,2,129,15,9,28,105,69,159,38,144,146,155,73,99,106,4,192,173,35,161,102,186,133,76,112,104,31,53,34,108,51,50,198,174,16,194,29,154,60,179,27,43,127,96,171,141,11,22,64,79,177,199,166,83,86,119,81,153,148,24,150,10,97,62,120,178,118,180,191,121];False
4395;6720;11115;[74,20,188,87,130,5,42,47,26,89,75,152,18,181,68,48,63,118,44,140,124,94,196,36,145,115,98,61,45,138,65,82,187,128,134,195,33,183,162,126,143,160,91,6,77,149,189,7,103,116,123,17,84,122,12,185,0,85,19,132,176,3,136,49,170,95,167,93,66,135,168,56,21,92,147,67,32,165,169,23,163,25,70,90,41,88,164,37,156,71,8,184,190,109,72,78,131,110,101,59,80,100,30,114,182,139,125,58,151,175,197,1,117,113,157,142,137,158,54,57,193,172,39,107,55,14,13,111,52,40,2,129,15,9,28,105,69,159,38,144,146,155,73,99,106,4,192,173,35,161,102,186,133,76,112,104,31,53,34,108,51,50,198,174,16,194,29,154,60,179,27,43,127,96,171,141,11,22,64,79,177,199,166,83,86,119,81,153,148,24,150,10,97,62,120,178,46,180,191,121];False
4383;6721;11104;[74,20,188,87,130,5,42,47,26,89,75,152,18,181,68,48,63,118,44,140,124,94,196,36,145,115,113,61,184,138,65,82,187,128,134,195,33,183,162,126,143,160,91,6,77,149,189,7,103,116,123,17,84,122,12,185,0,85,19,132,176,3,136,49,170,95,167,93,66,135,168,56,21,92,147,67,32,165,169,23,163,25,70,90,41,88,164,37,156,71,8,45,190,109,72,78,131,110,101,59,80,100,30,114,182,139,125,58,151,175,197,1,117,98,157,142,137,158,54,57,193,172,39,107,55,14,13,111,52,40,2,129,15,9,28,105,69,159,38,144,146,155,73,99,106,4,192,173,35,161,102,186,133,76,112,104,31,53,34,108,51,50,198,174,16,194,29,154,60,179,27,43,127,96,171,141,11,22,64,79,177,199,166,83,86,119,81,153,148,24,150,10,97,62,120,178,46,180,191,121];False
4459;6717;11176;[74,20,188,87,130,5,42,47,26,89,75,152,18,181,68,48,63,118,44,140,124,94,196,36,145,115,113,61,45,138,65,82,187,128,22,195,33,183,162,126,143,160,91,6,77,149,189,7,103,116,123,17,84,122,12,185,0,85,19,132,176,3,136,49,170,95,167,93,66,135,168,56,21,92,147,67,32,165,169,23,163,25,70,90,41,88,164,37,156,71,8,184,190,109,72,78,131,110,101,59,80,100,30,114,182,139,125,58,151,175,197,1,117,98,157,142,137,158,54,57,193,172,39,107,55,14,13,111,52,40,2,129,15,9,28,105,69,159,38,144,146,155,73,99,106,4,192,173,35,161,102,186,133,76,112,104,31,53,34,108,51,50,198,174,16,194,29,154,60,179,27,43,127,96,171,141,11,134,64,79,177,199,166,83,86,119,81,153,148,24,150,10,97,62,120,178,46,180,191,121];False
4304;6723;11027;[74,20,188,87,130,5,42,47,26,89,75,152,18,181,68,48,63,118,44,140,124,94,196,36,145,115,113,61,45,138,65,82,187,128,134,195,33,183,162,126,143,160,91,6,77,149,189,7,103,116,123,17,84,122,12,185,62,85,19,132,176,3,136,49,170,95,167,93,66,135,168,56,21,92,147,67,32,165,169,23,163,25,70,90,41,88,164,37,156,71,8,184,190,109,72,78,131,110,101,59,80,100,30,114,182,139,125,58,151,175,197,1,117,98,157,142,137,158,54,57,193,172,39,107,55,14,13,111,52,40,2,129,15,9,28,105,69,159,38,144,146,155,73,99,106,4,192,173,35,161,102,186,133,76,112,104,31,53,34,108,51,50,198,174,16,194,29,154,60,179,27,43,127,96,171,141,11,22,64,79,177,199,166,83,86,119,81,153,148,24,150,10,97,0,120,178,46,180,191,121];False
4545;6715;11260;[74,20,188,87,130,5,42,47,26,89,75,152,18,181,68,48,34,118,44,140,124,94,196,36,145,115,113,61,45,138,65,82,187,128,134,195,33,183,162,126,143,160,91,6,77,149,189,7,103,116,123,17,84,122,12,97,0,85,10,132,176,3,136,49,170,95,167,93,66,135,168,56,21,92,147,67,32,165,169,23,163,25,70,90,41,88,164,37,156,71,8,184,190,109,72,78,131,110,101,59,80,100,30,114,182,139,125,58,151,175,197,1,117,98,157,142,137,158,54,57,193,172,39,107,55,14,13,111,52,40,2,129,15,9,28,105,69,159,38,144,146,155,73,99,106,4,192,173,35,161,102,186,133,76,112,104,31,53,63,108,51,50,198,174,16,194,29,154,60,179,27,43,127,96,171,141,11,22,64,79,177,199,166,83,86,119,81,153,148,24,150,19,185,62,120,178,46,180,191,121];True
4376;6721;11097;[74,20,188,87,130,5,42,47,26,89,75,152,18,181,68,48,63,118,44,140,124,94,196,36,145,115,98,61,45,138,65,82,187,128,134,195,33,183,162,126,143,160,91,6,77,149,189,7,103,116,123,17,84,122,12,97,0,85,10,132,176,3,136,49,170,95,167,93,66,135,168,56,21,92,147,67,32,165,169,23,163,25,70,90,41,88,164,37,156,71,8,184,190,109,72,78,131,110,101,59,80,100,30,114,182,139,125,58,151,175,197,1,117,113,157,142,137,158,54,57,193,172,39,107,55,14,13,111,52,40,2,129,15,9,28,105,69,159,38,144,146,155,73,99,106,4,192,173,35,161,102,186,133,76,112,104,31,53,34,108,51,50,198,174,16,194,29,154,60,179,27,43,127,96,171,141,11,22,64,79,177,199,166,83,86,119,81,153,148,24,150,19,185,62,120,178,46,180,191,121];False
4364;6722;11086;[74,20,188,87,130,5,42,47,26,89,75,152,18,181,68,48,63,118,44,140,124,94,196,36,145,115,113,61,184,138,65,82,187,128,134,195,33,183,162,126,143,160,91,6,77,149,189,7,103,116,123,17,84,122,12,97,0,85,10,132,176,3,136,49,170,95,167,93,66,135,168,56,21,92,147,67,32,165,169,23,163,25,70,90,41,88,164,37,156,71,8,45,190,109,72,78,131,110,101,59,80,100,30,114,182,139,125,58,151,175,197,1,117,98,157,142,137,158,54,57,193,172,39,107,55,14,13,111,52,40,2,129,15,9,28,105,69,159,38,144,146,155,73,99,106,4,192,173,35,161,102,186,133,76,112,104,31,53,34,108,51,50,198,174,16,194,29,154,60,179,27,43,127,96,171,141,11,22,64,79,177,199,166,83,86,119,81,153,148,24,150,19,185,62,120,178,46,180,191,121];False
4440;6718;11158;[74,20,188,87,130,5,42,47,26,89,75,152,18,181,68,48,63,118,44,140,124,94,196,36,145,115,113,61,45,138,65,82,187,128,22,195,33,183,162,126,143,160,91,6,77,149,189,7,103,116,123,17,84,122,12,97,0,85,10,132,176,3,136,49,170,95,167,93,66,135,168,56,21,92,147,67,32,165,169,23,163,25,70,90,41,88,164,37,156,71,8,184,190,109,72,78,131,110,101,59,80,100,30,114,182,139,125,58,151,175,197,1,117,98,157,142,137,158,54,57,193,172,39,107,55,14,13,111,52,40,2,129,15,9,28,105,69,159,38,144,146,155,73,99,106,4,192,173,35,161,102,186,133,76,112,104,31,53,34,108,51,50,198,174,16,194,29,154,60,179,27,43,127,96,171,141,11,134,64,79,177,199,166,83,86,119,81,153,148,24,150,19,185,62,120,178,46,180,191,121];False
4397;6716;11113;[74,20,188,87,130,5,42,47,26,89,75,152,18,181,68,48,63,118,44,140,124,94,196,36,145,115,113,61,45,138,65,82,187,128,134,195,33,183,162,126,143,160,91,6,77,149,189,7,103,116,123,17,84,122,12,185,0,85,10,132,176,3,136,49,170,95,167,93,66,135,168,56,21,92,147,67,32,165,169,23,163,25,70,90,41,88,164,37,156,71,8,184,190,109,72,78,131,110,101,59,80,100,30,114,182,139,125,58,151,175,197,1,117,98,157,142,137,158,54,57,193,172,39,107,55,14,13,111,52,40,2,129,15,9,28,105,69,159,38,144,146,155,73,99,106,4,192,173,35,161,102,186,133,76,112,104,31,53,34,108,51,50,198,174,16,194,29,154,60,179,27,43,127,96,171,141,11,22,64,79,177,199,166,83,86,119,81,153,148,24,150,19,97,62,120,178,46,180,191,121];True
4345;6720;11065;[74,20,188,87,130,5,42,47,26,89,75,152,18,181,68,48,63,118,44,140,124,94,196,36,145,115,113,61,45,138,65,82,187,128,134,195,33,183,162,126,143,160,91,6,77,149,189,7,103,116,123,17,84,122,12,97,0,85,10,132,176,3,136,49,170,95,167,93,66,135,53,56,21,92,147,67,32,165,169,23,163,25,70,90,41,88,164,37,156,71,8,184,190,109,72,78,131,110,101,59,80,100,30,114,182,139,125,58,151,175,197,1,117,98,157,142,137,158,54,57,193,172,39,107,55,14,13,111,52,40,2,129,15,9,28,105,69,159,38,144,146,155,73,99,106,4,192,173,35,161,102,186,133,76,112,104,31,168,34,108,51,50,198,174,16,194,29,154,60,179,27,43,127,96,171,141,11,22,64,79,177,199,166,83,86,119,81,153,148,24,150,19,185,62,120,178,46,180,191,121];False
4394;6718;11112;[74,20,188,87,130,5,42,47,26,89,75,152,18,181,68,48,63,118,44,140,124,94,196,36,145,115,113,61,45,138,65,82,187,128,134,195,33,183,162,126,143,160,91,6,77,149,189,7,103,116,123,17,84,122,12,97,0,85,10,132,176,3,136,49,170,95,167,93,66,135,168,146,21,92,147,67,32,165,169,23,163,25,70,90,41,88,164,37,156,71,8,184,190,109,72,78,131,110,101,59,80,100,30,114,182,139,125,58,151,175,197,1,117,98,157,142,137,158,54,57,193,172,39,107,55,14,13,111,52,40,2,129,15,9,28,105,69,159,38,144,56,155,73,99,106,4,192,173,35,161,102,186,133,76,112,104,31,53,34,108,51,50,198,174,16,194,29,154,60,179,27,43,127,96,171,141,11,22,64,79,177,199,166,83,86,119,81,153,148,24,150,19,185,62,120,178,46,180,191,121];True
4316;6721;11037;[74,20,188,87,130,5,42,47,26,89,75,152,18,181,68,48,63,118,44,140,124,94,196,36,145,115,113,61,45,138,65,82,187,128,134,195,33,183,162,126,143,160,91,6,77,149,189,7,103,116,123,17,84,122,12,97,0,85,10,132,176,3,136,49,170,95,167,93,66,135,168,56,21,92,147,67,32,165,169,23,163,25,164,90,41,88,70,37,156,71,8,184,190,109,72,78,131,110,101,59,80,100,30,114,182,139,125,58,151,175,197,1,117,98,157,142,137,158,54,57,193,172,39,107,55,14,13,111,52,40,2,129,15,9,28,105,69,159,38,144,146,155,73,99,106,4,192,173,35,161,102,186,133,76,112,104,31,53,34,108,51,50,198,174,16,194,29,154,60,179,27,43,127,96,171,141,11,22,64,79,177,199,166,83,86,119,81,153,148,24,150,19,185,62,120,178,46,180,191,121];False
4347;6719;11066;[74,20,188,87,130,5,42,47,26,89,75,152,18,181,68,48,63,118,44,140,124,94,196,36,145,115,113,61,45,138,65,82,187,128,134,195,33,183,162,126,143,160,91,6,77,149,189,7,103,116,123,17,84,122,12,97,0,85,10,132,176,3,136,49,170,95,167,93,66,135,168,56,21,92,147,67,32,165,169,23,163,25,70,90,41,88,164,37,156,71,8,157,190,109,72,78,131,110,101,59,80,100,30,114,182,139,125,58,151,175,197,1,117,98,184,142,137,158,54,57,193,172,39,107,55,14,13,111,52,40,2,129,15,9,28,105,69,159,38,144,146,155,73,99,106,4,192,173,35,161,102,186,133,76,112,104,31,53,34,108,51,50,198,174,16,194,29,154,60,179,27,43,127,96,171,141,11,22,64,79,177,199,166,83,86,119,81,153,148,24,150,19,185,62,120,178,46,180,191,121];True
4331;6720;11051;[74,20,188,87,130,5,42,47,26,89,75,152,18,181,68,48,63,118,44,140,124,94,196,36,145,115,113,61,45,138,65,82,187,128,134,195,33,183,162,126,143,160,91,6,77,149,189,7,103,116,123,17,84,122,12,97,0,85,10,132,176,3,136,49,170,95,167,93,66,135,168,56,21,92,147,67,32,165,169,23,163,25,70,90,41,88,164,37,156,71,8,184,190,109,72,78,131,110,101,59,80,100,30,114,182,139,125,137,151,175,197,1,117,98,157,142,58,158,54,57,193,172,39,107,55,14,13,111,52,40,2,129,15,9,28,105,69,159,38,144,146,155,73,99,106,4,192,173,35,161,102,186,133,76,112,104,31,53,34,108,51,50,198,174,16,194,29,154,60,179,27,43,127,96,171,141,11,22,64,79,177,199,166,83,86,119,81,153,148,24,150,19,185,62,120,178,46,180,191,121];False
4240;6724;10964;[74,20,188,87,130,5,42,47,26,89,75,152,18,181,68,48,63,118,44,140,124,94,196,36,145,115,113,61,45,138,65,82,187,128,134,195,33,183,162,126,143,160,91,6,77,149,189,7,103,116,123,17,84,122,12,97,0,85,10,132,176,3,136,49,170,95,167,93,66,135,168,56,21,92,147,67,32,165,169,23,163,25,70,90,41,88,164,37,156,71,8,184,190,109,72,78,131,110,101,59,80,100,30,114,182,139,125,58,151,175,57,1,117,98,157,142,137,158,54,197,193,172,39,107,55,14,13,111,52,40,2,129,15,9,28,105,69,159,38,144,146,155,73,99,106,4,192,173,35,161,102,186,133,76,112,104,31,53,34,108,51,50,198,174,16,194,29,154,60,179,27,43,127,96,171,141,11,22,64,79,177,199,166,83,86,119,81,153,148,24,150,19,185,62,120,178,46,180,191,121];False
4194;6731;10925;[50,20,188,87,130,5,42,47,26,89,75,152,18,181,68,48,63,118,44,140,124,94,196,36,145,115,113,61,45,138,65,82,187,128,134,195,33,183,162,126,143,160,91,6,77,149,189,7,103,116,123,17,84,122,12,97,0,85,19,132,176,3,136,49,170,95,129,93,66,135,168,56,21,92,147,67,32,165,169,23,163,25,70,90,41,88,164,37,156,71,8,184,190,109,72,78,131,110,101,59,80,100,30,114,182,139,125,58,151,175,197,1,117,98,157,142,137,158,54,57,193,172,39,107,55,14,13,111,52,40,2,167,15,9,28,105,69,159,38,144,146,155,73,99,106,4,192,173,35,161,102,186,133,76,112,104,31,53,34,108,51,74,198,174,16,194,29,154,60,179,27,43,127,96,171,141,11,22,64,79,177,199,166,83,86,119,81,153,148,24,150,10,185,62,120,178,46,180,191,121];False
4185;6725;10910;[74,20,188,87,130,5,42,47,26,89,75,152,18,181,68,48,63,118,44,140,124,94,196,36,145,115,113,61,45,138,65,82,187,128,134,195,33,183,162,126,143,160,91,6,77,149,189,7,103,116,123,17,84,122,12,97,0,85,19,132,176,3,136,49,170,95,182,93,66,135,168,56,21,92,147,67,32,165,169,23,163,25,70,90,41,88,164,37,156,71,8,184,190,109,72,78,131,110,101,59,80,100,30,114,129,139,125,58,151,175,197,1,117,98,157,142,137,158,54,57,193,172,39,107,55,14,13,111,52,40,2,167,15,9,28,105,69,159,38,144,146,155,73,99,106,4,192,173,35,161,102,186,133,76,112,104,31,53,34,108,51,50,198,174,16,194,29,154,60,179,27,43,127,96,171,141,11,22,64,79,177,199,166,83,86,119,81,153,148,24,150,10,185,62,120,178,46,180,191,121];True
4126;6732;10858;[50,20,188,87,130,5,42,47,26,89,75,152,18,181,68,48,63,118,44,140,124,94,196,36,145,115,113,61,45,138,65,82,187,128,134,195,33,183,162,126,143,160,91,6,77,149,189,7,103,116,123,17,84,122,12,97,0,85,19,132,176,3,136,49,170,95,167,93,66,135,168,56,21,92,147,67,32,165,169,23,163,25,70,90,41,88,164,37,156,71,8,184,190,109,72,78,131,110,101,59,80,100,30,114,182,139,125,58,151,175,57,1,117,98,157,142,137,158,54,197,193,172,39,107,55,14,13,111,52,40,2,129,15,9,28,105,69,159,38,144,146,155,73,99,106,4,192,173,35,161,102,186,133,76,112,104,31,53,34,108,51,74,198,174,16,194,29,154,60,179,27,43,127,96,171,141,11,22,64,79,177,199,166,83,86,119,81,153,148,24,150,10,185,62,120,178,46,180,191,121];False
4115;6735;10850;[74,20,188,87,130,5,42,47,26,89,75,152,76,181,68,48,63,118,44,140,124,94,196,36,145,115,113,61,45,138,65,82,187,128,134,195,33,183,162,126,143,160,91,6,77,149,189,7,103,116,123,17,84,122,12,97,0,85,19,132,176,3,136,49,170,95,167,93,66,135,168,56,21,92,147,67,32,165,169,23,163,25,70,90,41,88,164,37,156,71,8,184,190,109,72,78,131,110,101,59,80,100,30,114,182,139,125,58,151,175,57,1,117,98,157,142,137,158,54,197,193,172,39,107,55,14,13,111,52,40,2,129,15,9,28,105,69,159,38,144,146,155,73,99,106,4,192,173,35,161,102,186,133,18,112,104,31,53,34,108,51,50,198,174,16,194,29,154,60,179,27,43,127,96,171,141,11,22,64,79,177,199,166,83,86,119,81,153,148,24,150,10,185,62,120,178,46,180,191,121];False
4181;6729;10910;[74,20,188,87,130,5,42,47,26,89,75,152,18,181,68,48,63,118,44,140,124,94,196,36,145,115,113,61,184,138,65,82,187,128,134,195,33,183,162,126,143,160,91,6,77,149,189,7,103,116,123,17,84,122,12,97,0,85,19,132,176,3,136,49,170,95,167,93,66,135,168,56,21,92,147,67,32,165,169,23,163,25,70,90,41,88,164,37,156,71,8,45,190,109,72,78,131,110,101,59,80,100,30,114,182,139,125,58,151,175,57,1,117,98,157,142,137,158,54,197,193,172,39,107,55,14,13,111,52,40,2,129,15,9,28,105,69,159,38,144,146,155,73,99,106,4,192,173,35,161,102,186,133,76,112,104,31,53,34,108,51,50,198,174,16,194,29,154,60,179,27,43,127,96,171,141,11,22,64,79,177,199,166,83,86,119,81,153,148,24,150,10,185,62,120,178,46,180,191,121];False
4259;6723;10982;[74,20,188,87,130,5,42,47,26,89,75,152,18,181,68,48,63,118,44,140,124,94,196,36,145,115,113,61,45,138,65,82,187,128,134,195,33,183,162,126,143,160,91,6,77,149,189,7,103,116,123,17,84,122,12,185,0,85,19,132,176,3,136,49,170,95,167,93,66,135,168,56,21,92,147,67,32,165,169,23,163,25,70,90,41,88,164,37,156,71,8,184,190,109,72,78,131,110,101,59,80,100,30,114,182,139,125,58,151,175,57,1,117,98,157,142,137,158,54,197,193,172,39,107,55,14,13,111,52,40,2,129,15,9,28,105,69,159,38,144,146,155,73,99,106,4,192,173,35,161,102,186,133,76,112,104,31,53,34,108,51,50,198,174,16,194,29,154,60,179,27,43,127,96,171,141,11,22,64,79,177,199,166,83,86,119,81,153,148,24,150,10,97,62,120,178,46,180,191,121];False
4164;6730;10894;[74,20,188,87,130,5,42,47,26,89,75,152,18,181,68,48,63,118,44,140,124,94,196,36,145,115,113,61,45,138,65,82,187,128,134,195,33,183,162,126,143,160,91,6,77,149,189,7,103,116,123,17,84,122,12,97,0,85,19,132,176,157,136,49,170,95,167,93,66,135,168,56,21,92,147,67,32,165,169,23,163,25,70,90,41,88,164,37,156,71,8,184,190,109,72,78,131,110,101,59,80,100,30,114,182,139,125,58,151,175,57,1,117,98,3,142,137,158,54,197,193,172,39,107,55,14,13,111,52,40,2,129,15,9,28,105,69,159,38,144,146,155,73,99,106,4,192,173,35,161,102,186,133,76,112,104,31,53,34,108,51,50,198,174,16,194,29,154,60,179,27,43,127,96,171,141,11,22,64,79,177,199,166,83,86,119,81,153,148,24,150,10,185,62,120,178,46,180,191,121];False
4125;6730;10855;[74,20,188,87,130,5,42,47,26,89,75,152,18,181,68,48,63,118,44,140,124,94,196,36,145,115,113,61,45,138,65,82,187,128,134,195,33,183,162,126,143,160,91,6,77,149,189,7,103,116,123,17,84,122,12,97,0,85,19,132,176,3,136,49,170,95,129,93,66,135,168,56,21,92,147,67,32,165,169,23,163,25,70,90,41,88,164,37,156,71,8,184,190,109,72,78,131,110,101,59,80,100,30,114,182,139,125,58,151,175,57,1,117,98,157,142,137,158,54,197,193,172,39,107,55,14,13,111,52,40,2,167,15,9,28,105,69,159,38,144,146,155,73,99,106,4,192,173,35,161,102,186,133,76,112,104,31,53,34,108,51,50,198,174,16,194,29,154,60,179,27,43,127,96,171,141,11,22,64,79,177,199,166,83,86,119,81,153,148,24,150,10,185,62,120,178,46,180,191,121];True
4162;6727;10889;[74,20,188,87,130,5,42,47,26,89,75,152,18,181,68,48,63,118,44,140,124,94,196,36,145,115,113,61,45,138,65,82,187,128,134,195,33,183,162,126,143,160,91,6,77,149,189,7,103,116,123,17,84,122,12,97,0,85,19,132,176,3,136,49,170,95,167,93,66,135,53,56,21,92,147,67,32,165,169,23,163,25,70,90,41,88,164,37,156,71,8,184,190,109,72,78,131,110,101,59,80,100,30,114,182,139,125,58,151,175,57,1,117,98,157,142,137,158,54,197,193,172,39,107,55,14,13,111,52,40,2,129,15,9,28,105,69,159,38,144,146,155,73,99,106,4,192,173,35,161,102,186,133,76,112,104,31,168,34,108,51,50,198,174,16,194,29,154,60,179,27,43,127,96,171,141,11,22,64,79,177,199,166,83,86,119,81,153,148,24,150,10,185,62,120,178,46,180,191,121];False
4133;6728;10861;[74,20,188,87,130,5,42,47,26,89,75,152,18,181,68,48,63,118,44,140,124,94,196,36,145,115,113,61,45,138,65,82,187,128,134,195,33,183,162,126,143,160,91,6,77,149,189,7,103,116,123,17,84,122,12,97,0,85,19,132,176,3,136,49,170,95,167,93,66,135,168,56,21,92,147,67,32,165,169,23,163,25,164,90,41,88,70,37,156,71,8,184,190,109,72,78,131,110,101,59,80,100,30,114,182,139,125,58,151,175,57,1,117,98,157,142,137,158,54,197,193,172,39,107,55,14,13,111,52,40,2,129,15,9,28,105,69,159,38,144,146,155,73,99,106,4,192,173,35,161,102,186,133,76,112,104,31,53,34,108,51,50,198,174,16,194,29,154,60,179,27,43,127,96,171,141,11,22,64,79,177,199,166,83,86,119,81,153,148,24,150,10,185,62,120,178,46,180,191,121];True
4164;6726;10890;[74,20,188,87,130,5,42,47,26,89,75,152,18,181,68,48,63,118,44,140,124,94,196,36,145,115,113,61,45,138,65,82,187,128,134,195,33,183,162,126,143,160,91,6,77,149,189,7,103,116,123,17,84,122,12,97,0,85,19,132,176,3,136,49,170,95,167,93,66,135,168,56,21,92,147,67,32,165,169,23,163,25,70,90,41,88,164,37,156,71,8,157,190,109,72,78,131,110,101,59,80,100,30,114,182,139,125,58,151,175,57,1,117,98,184,142,137,158,54,197,193,172,39,107,55,14,13,111,52,40,2,129,15,9,28,105,69,159,38,144,146,155,73,99,106,4,192,173,35,161,102,186,133,76,112,104,31,53,34,108,51,50,198,174,16,194,29,154,60,179,27,43,127,96,171,141,11,22,64,79,177,199,166,83,86,119,81,153,148,24,150,10,185,62,120,178,46,180,191,121];True
4148;6727;10875;[74,20,188,87,130,5,42,47,26,89,75,152,18,181,68,48,63,118,44,140,124,94,196,36,145,115,113,61,45,138,65,82,187,128,134,195,33,183,162,126,143,160,91,6,77,149,189,7,103,116,123,17,84,122,12,97,0,85,19,132,176,3,136,49,170,95,167,93,66,135,168,56,21,92,147,67,32,165,169,23,163,25,70,90,41,88,164,37,156,71,8,184,190,109,72,78,131,110,101,59,80,100,30,114,182,139,125,137,151,175,57,1,117,98,157,142,58,158,54,197,193,172,39,107,55,14,13,111,52,40,2,129,15,9,28,105,69,159,38,144,146,155,73,99,106,4,192,173,35,161,102,186,133,76,112,104,31,53,34,108,51,50,198,174,16,194,29,154,60,179,27,43,127,96,171,141,11,22,64,79,177,199,166,83,86,119,81,153,148,24,150,10,185,62,120,178,46,180,191,121];True
4258;6720;10978;[74,20,188,87,130,5,42,47,26,89,75,152,18,181,68,48,63,118,44,140,124,94,196,36,145,115,113,61,45,138,65,82,187,128,134,195,33,183,162,126,143,160,91,6,77,149,189,7,103,116,123,17,84,122,12,97,0,85,19,132,176,3,136,49,170,95,167,93,66,135,168,56,21,92,147,67,32,165,169,23,163,25,70,90,41,88,164,37,156,71,8,184,190,109,72,78,131,110,101,59,80,100,30,114,182,139,125,58,151,175,57,1,117,98,157,142,137,158,62,197,193,172,39,107,55,14,13,111,52,40,2,129,15,9,28,105,69,159,38,144,146,155,73,99,106,4,192,173,35,161,102,186,133,76,112,104,31,53,34,108,51,50,198,174,16,194,29,154,60,179,27,43,127,96,171,141,11,22,64,79,177,199,166,83,86,119,81,153,148,24,150,10,185,54,120,178,46,180,191,121];True
4238;6723;10961;[74,20,188,87,130,5,42,47,26,89,75,152,18,181,68,48,63,118,44,140,124,94,196,36,145,115,113,61,45,138,65,82,187,128,134,195,33,183,162,126,143,160,91,6,77,149,189,7,103,116,123,17,84,122,12,97,0,85,19,132,176,3,136,49,170,95,167,93,66,135,168,56,21,92,147,67,32,165,169,23,163,25,70,90,41,88,164,37,156,71,8,184,190,109,72,78,131,110,101,59,80,100,30,114,182,139,125,58,151,175,57,1,117,98,157,142,137,158,54,197,193,172,39,107,55,14,13,111,52,40,2,129,15,9,28,105,69,159,38,144,146,155,73,99,106,4,192,173,35,161,102,186,133,171,112,104,31,53,34,108,51,50,198,174,16,194,29,154,60,179,27,43,127,96,76,141,11,22,64,79,177,199,166,83,86,119,81,153,148,24,150,10,185,62,120,178,46,180,191,121];False
4206;6722;10928;[74,20,188,87,130,5,42,47,26,89,75,152,18,181,68,48,63,118,44,140,124,94,196,36,145,115,113,61,45,138,65,82,187,128,134,195,33,183,162,126,143,160,91,6,77,149,189,7,103,116,123,17,84,122,12,97,0,85,19,132,176,3,136,49,170,95,167,93,66,135,168,56,21,92,147,67,32,165,169,23,163,25,70,90,41,88,164,37,156,71,8,184,190,109,72,78,131,110,101,59,80,100,30,114,182,139,125,58,151,175,57,1,117,98,157,142,137,158,54,197,193,172,39,107,55,14,13,111,52,40,2,129,15,9,28,105,69,159,38,144,146,155,73,99,106,4,192,173,35,161,102,186,133,22,112,104,31,53,34,108,51,50,198,174,16,194,29,154,60,179,27,43,127,96,171,141,11,76,64,79,177,199,166,83,86,119,81,153,148,24,150,10,185,62,120,178,46,180,191,121];True
4034;6732;10766;[74,20,188,87,130,5,42,47,26,89,75,152,18,181,68,48,63,118,44,140,124,94,196,36,145,115,113,61,45,138,65,82,187,128,134,195,33,183,162,126,143,160,91,6,77,149,189,7,103,116,123,17,84,122,12,97,0,85,19,132,176,3,136,49,170,95,167,93,66,135,168,56,21,92,147,67,32,165,169,23,163,25,70,90,41,88,164,37,156,71,8,184,190,109,72,78,131,110,101,59,80,100,30,114,182,139,125,58,151,175,57,1,117,98,157,142,137,158,54,197,193,172,39,107,55,14,13,111,52,40,2,129,15,9,28,105,69,159,38,144,146,155,73,99,106,4,192,173,35,161,102,186,133,76,112,104,31,53,34,108,51,50,198,174,16,194,29,154,60,179,27,43,127,96,171,141,11,22,64,79,177,199,148,83,86,119,81,153,166,24,150,10,185,62,120,178,46,180,191,121];True
3979;6747;10726;[50,20,188,87,130,5,42,47,26,89,75,152,18,181,68,48,63,118,44,140,124,94,196,36,145,115,113,61,45,138,65,82,187,128,134,195,33,183,162,126,143,160,91,6,77,149,189,148,173,116,123,17,84,122,12,97,0,85,19,132,176,3,136,49,170,95,167,93,66,135,168,56,21,92,147,67,32,165,169,23,163,25,164,90,41,88,70,37,156,71,8,184,190,109,72,78,131,110,101,59,80,100,30,114,182,139,125,58,158,54,197,1,117,98,157,142,137,151,175,57,193,172,39,107,55,14,13,111,52,40,2,129,15,9,28,105,69,159,38,144,146,155,73,99,106,4,192,103,35,161,102,186,133,76,112,104,31,53,34,108,51,74,198,174,16,194,29,154,60,179,27,43,127,96,171,141,11,22,64,79,177,199,166,83,86,119,81,153,7,24,150,10,185,62,120,178,46,180,191,121];False
3935;6753;10688;[74,20,188,87,130,5,42,47,26,89,75,36,18,181,68,48,63,118,44,140,124,94,196,152,145,115,113,61,45,138,65,82,187,128,134,195,33,183,162,126,143,160,91,6,77,149,189,148,173,116,123,17,84,122,12,97,0,85,19,132,176,3,136,49,170,95,167,93,66,135,168,56,21,92,147,67,32,165,169,23,163,25,164,90,41,88,70,37,156,71,8,184,190,109,72,78,131,110,101,59,80,100,30,114,182,139,125,58,158,54,197,1,117,98,157,142,137,151,175,57,193,172,39,107,55,14,13,111,52,40,2,129,15,9,28,105,69,159,38,144,146,155,73,99,106,4,192,103,35,161,102,186,133,76,112,104,31,53,34,108,51,50,198,174,16,194,29,154,60,179,27,43,127,96,171,141,11,22,64,79,177,199,166,83,86,119,81,153,7,24,150,10,185,62,120,178,46,180,191,121];True
3924;6757;10681;[74,20,188,87,130,5,42,47,26,89,75,152,18,181,68,48,63,118,44,140,124,94,196,36,145,115,113,61,45,138,65,82,187,128,134,195,33,183,162,126,143,160,91,6,77,149,189,148,173,116,123,17,84,122,12,97,0,85,19,39,176,3,136,49,170,95,167,93,66,135,168,56,21,92,147,67,32,165,169,23,163,25,164,90,41,88,70,37,156,71,8,184,190,109,72,78,131,110,101,59,80,100,30,114,182,139,125,58,158,54,197,1,117,98,157,142,137,151,175,57,193,172,132,107,55,14,13,111,52,40,2,129,15,9,28,105,69,159,38,144,146,155,73,99,106,4,192,103,35,161,102,186,133,76,112,104,31,53,34,108,51,50,198,174,16,194,29,154,60,179,27,43,127,96,171,141,11,22,64,79,177,199,166,83,86,119,81,153,7,24,150,10,185,62,120,178,46,180,191,121];True
3978;6745;10723;[74,20,188,87,130,5,42,47,26,89,75,152,18,181,68,48,63,118,44,140,124,94,196,36,145,115,113,61,45,138,65,82,187,128,134,195,33,183,162,126,143,160,91,6,77,149,189,148,173,116,123,17,84,122,12,97,0,85,19,132,176,3,136,49,170,95,129,93,66,135,168,56,21,92,147,67,32,165,169,23,163,25,164,90,41,88,70,37,156,71,8,184,190,109,72,78,131,110,101,59,80,100,30,114,182,139,125,58,158,54,197,1,117,98,157,142,137,151,175,57,193,172,39,107,55,14,13,111,52,40,2,167,15,9,28,105,69,159,38,144,146,155,73,99,106,4,192,103,35,161,102,186,133,76,112,104,31,53,34,108,51,50,198,174,16,194,29,154,60,179,27,43,127,96,171,141,11,22,64,79,177,199,166,83,86,119,81,153,7,24,150,10,185,62,120,178,46,180,191,121];False
4015;6742;10757;[74,20,188,87,130,5,42,47,26,89,75,152,18,181,68,48,63,118,44,140,124,94,196,36,145,115,113,61,45,138,65,82,187,128,134,195,33,183,162,126,143,160,91,6,77,149,189,148,173,116,123,17,84,122,12,97,0,85,19,132,176,3,136,49,170,95,167,93,66,135,53,56,21,92,147,67,32,165,169,23,163,25,164,90,41,88,70,37,156,71,8,184,190,109,72,78,131,110,101,59,80,100,30,114,182,139,125,58,158,54,197,1,117,98,157,142,137,151,175,57,193,172,39,107,55,14,13,111,52,40,2,129,15,9,28,105,69,159,38,144,146,155,73,99,106,4,192,103,35,161,102,186,133,76,112,104,31,168,34,108,51,50,198,174,16,194,29,154,60,179,27,43,127,96,171,141,11,22,64,79,177,199,166,83,86,119,81,153,7,24,150,10,185,62,120,178,46,180,191,121];False
4017;6741;10758;[74,20,188,87,130,5,42,47,26,89,75,152,18,181,68,48,63,118,44,140,124,94,196,36,145,115,113,61,45,138,65,82,187,128,134,195,33,183,162,126,143,160,91,6,77,149,189,148,173,116,123,17,84,122,12,97,0,85,19,132,176,3,136,49,170,95,167,93,66,135,168,56,21,92,147,67,32,165,169,23,163,25,164,90,41,88,70,37,156,71,8,157,190,109,72,78,131,110,101,59,80,100,30,114,182,139,125,58,158,54,197,1,117,98,184,142,137,151,175,57,193,172,39,107,55,14,13,111,52,40,2,129,15,9,28,105,69,159,38,144,146,155,73,99,106,4,192,103,35,161,102,186,133,76,112,104,31,53,34,108,51,50,198,174,16,194,29,154,60,179,27,43,127,96,171,141,11,22,64,79,177,199,166,83,86,119,81,153,7,24,150,10,185,62,120,178,46,180,191,121];False
4011;6740;10751;[74,20,188,87,130,5,42,47,26,89,75,152,18,181,68,48,63,118,44,140,124,94,196,36,145,115,113,61,45,138,65,82,187,128,134,195,33,183,162,126,143,160,91,6,77,149,189,148,173,116,123,17,84,122,12,97,0,85,19,132,176,3,136,49,170,95,167,93,66,135,168,56,21,92,147,67,32,165,169,23,163,25,164,90,41,88,70,37,156,71,8,184,190,109,72,78,131,110,101,59,80,100,30,114,182,139,125,137,158,54,197,1,117,98,157,142,58,151,175,57,193,172,39,107,55,14,13,111,52,40,2,129,15,9,28,105,69,159,38,144,146,155,73,99,106,4,192,103,35,161,102,186,133,76,112,104,31,53,34,108,51,50,198,174,16,194,29,154,60,179,27,43,127,96,171,141,11,22,64,79,177,199,166,83,86,119,81,153,7,24,150,10,185,62,120,178,46,180,191,121];True
4082;6731;10813;[74,20,188,87,130,5,42,47,26,89,75,152,18,181,68,48,63,118,44,140,124,94,196,36,145,115,113,61,45,138,65,82,187,128,134,195,33,183,162,126,143,160,91,6,77,149,189,148,173,116,123,17,84,122,12,97,0,85,19,132,176,3,136,49,170,95,167,93,66,135,168,56,21,92,147,67,32,165,169,23,163,25,164,90,41,88,70,37,156,71,8,184,190,109,72,78,131,110,101,59,80,100,30,114,182,139,125,58,158,54,197,1,117,98,157,142,137,151,175,57,193,172,39,107,55,14,13,111,52,40,2,7,15,9,28,105,69,159,38,144,146,155,73,99,106,4,192,103,35,161,102,186,133,76,112,104,31,53,34,108,51,50,198,174,16,194,29,154,60,179,27,43,127,96,171,141,11,22,64,79,177,199,166,83,86,119,81,153,129,24,150,10,185,62,120,178,46,180,191,121];True
3971;6749;10720;[50,20,188,87,130,5,42,47,26,89,75,152,18,181,68,48,63,118,44,140,124,94,196,36,145,115,113,61,45,138,65,82,187,128,134,195,33,183,162,126,143,160,91,6,77,149,189,148,173,116,123,17,84,122,12,97,0,85,19,132,176,3,136,49,170,95,129,93,66,135,168,56,21,92,147,67,32,165,169,23,163,25,70,90,41,88,164,37,156,71,8,184,190,109,72,78,131,110,101,59,80,100,30,114,182,139,125,58,158,54,197,1,117,98,157,142,137,151,175,57,193,172,39,107,55,14,13,111,52,40,2,167,15,9,28,105,69,159,38,144,146,155,73,99,106,4,192,103,35,161,102,186,133,76,112,104,31,53,34,108,51,74,198,174,16,194,29,154,60,179,27,43,127,96,171,141,11,22,64,79,177,199,166,83,86,119,81,153,7,24,150,10,185,62,120,178,46,180,191,121];False
3927;6755;10682;[74,20,188,87,130,5,42,47,26,89,75,36,18,181,68,48,63,118,44,140,124,94,196,152,145,115,113,61,45,138,65,82,187,128,134,195,33,183,162,126,143,160,91,6,77,149,189,148,173,116,123,17,84,122,12,97,0,85,19,132,176,3,136,49,170,95,129,93,66,135,168,56,21,92,147,67,32,165,169,23,163,25,70,90,41,88,164,37,156,71,8,184,190,109,72,78,131,110,101,59,80,100,30,114,182,139,125,58,158,54,197,1,117,98,157,142,137,151,175,57,193,172,39,107,55,14,13,111,52,40,2,167,15,9,28,105,69,159,38,144,146,155,73,99,106,4,192,103,35,161,102,186,133,76,112,104,31,53,34,108,51,50,198,174,16,194,29,154,60,179,27,43,127,96,171,141,11,22,64,79,177,199,166,83,86,119,81,153,7,24,150,10,185,62,120,178,46,180,191,121];True
3960;6752;10712;[74,20,188,87,130,5,42,47,26,89,75,152,76,181,68,48,63,118,44,140,124,94,196,36,145,115,113,61,45,138,65,82,187,128,134,195,33,183,162,126,143,160,91,6,77,149,189,148,173,116,123,17,84,122,12,97,0,85,19,132,176,3,136,49,170,95,129,93,66,135,168,56,21,92,147,67,32,165,169,23,163,25,70,90,41,88,164,37,156,71,8,184,190,109,72,78,131,110,101,59,80,100,30,114,182,139,125,58,158,54,197,1,117,98,157,142,137,151,175,57,193,172,39,107,55,14,13,111,52,40,2,167,15,9,28,105,69,159,38,144,146,155,73,99,106,4,192,103,35,161,102,186,133,18,112,104,31,53,34,108,51,50,198,174,16,194,29,154,60,179,27,43,127,96,171,141,11,22,64,79,177,199,166,83,86,119,81,153,7,24,150,10,185,62,120,178,46,180,191,121];True
3962;6743;10705;[74,20,188,87,130,5,42,47,26,89,75,152,18,181,68,48,63,118,44,140,124,94,196,36,145,115,113,61,45,138,65,82,187,128,134,195,33,183,162,126,143,160,91,6,77,149,189,148,173,116,123,17,84,122,12,97,0,85,19,132,176,3,136,49,170,95,182,93,66,135,168,56,21,92,147,67,32,165,169,23,163,25,70,90,41,88,164,37,156,71,8,184,190,109,72,78,131,110,101,59,80,100,30,114,129,139,125,58,158,54,197,1,117,98,157,142,137,151,175,57,193,172,39,107,55,14,13,111,52,40,2,167,15,9,28,105,69,159,38,144,146,155,73,99,106,4,192,103,35,161,102,186,133,76,112,104,31,53,34,108,51,50,198,174,16,194,29,154,60,179,27,43,127,96,171,141,11,22,64,79,177,199,166,83,86,119,81,153,7,24,150,10,185,62,120,178,46,180,191,121];True
4840;6707;11547;[73,20,188,87,130,5,42,47,26,89,75,152,18,181,68,48,63,118,44,140,124,94,196,36,145,115,98,61,184,138,65,82,187,128,22,2,33,183,162,126,143,160,91,6,77,149,189,7,103,116,123,168,84,122,195,97,0,85,19,132,176,3,136,49,170,95,167,93,66,135,53,56,21,92,147,67,32,165,169,23,163,25,70,90,41,88,164,37,156,71,8,45,190,109,72,78,131,110,101,59,80,100,30,114,182,139,125,58,151,175,197,1,117,113,157,142,137,158,54,57,193,172,39,107,55,14,13,111,52,40,12,129,15,9,28,105,69,159,38,144,146,155,17,99,106,4,192,173,35,161,102,186,133,76,112,104,31,74,34,108,51,50,198,174,16,194,29,154,60,179,27,43,127,96,171,141,11,134,64,79,177,199,166,83,86,119,81,153,148,24,150,10,185,62,120,178,46,180,191,121];False
4766;6713;11479;[73,20,188,87,130,5,42,47,26,89,75,152,18,181,68,48,63,118,44,140,124,94,196,36,145,115,113,61,184,138,65,82,187,54,22,2,33,183,162,126,143,160,91,6,77,149,189,7,103,116,123,168,84,122,195,97,0,85,19,132,176,3,136,49,170,95,167,93,66,135,53,56,21,92,147,67,32,165,169,23,163,25,70,90,41,88,164,37,156,71,8,45,190,109,72,78,131,110,101,59,80,100,30,114,182,139,125,58,151,175,197,1,117,98,157,142,137,158,128,57,193,172,39,107,55,14,13,111,52,40,12,129,15,9,28,105,69,159,38,144,146,155,17,99,106,4,192,173,35,161,102,186,133,76,112,104,31,74,34,108,51,50,198,174,16,194,29,154,60,179,27,43,127,96,171,141,11,134,64,79,177,199,166,83,86,119,81,153,148,24,150,10,185,62,120,178,46,180,191,121];False
4802;6708;11510;[73,20,188,87,130,5,42,47,26,89,75,152,18,181,68,48,63,118,44,140,124,94,196,36,145,115,113,61,184,138,65,82,187,128,98,2,33,183,162,126,143,160,91,6,77,149,189,7,103,116,123,168,84,122,195,97,0,85,19,132,176,3,136,49,170,95,167,93,66,135,53,56,21,92,147,67,32,165,169,23,163,25,70,90,41,88,164,37,156,71,8,45,190,109,72,78,131,110,101,59,80,100,30,114,182,139,125,58,151,175,197,1,117,22,157,142,137,158,54,57,193,172,39,107,55,14,13,111,52,40,12,129,15,9,28,105,69,159,38,144,146,155,17,99,106,4,192,173,35,161,102,186,133,76,112,104,31,74,34,108,51,50,198,174,16,194,29,154,60,179,27,43,127,96,171,141,11,134,64,79,177,199,166,83,86,119,81,153,148,24,150,10,185,62,120,178,46,180,191,121];False
4682;6712;11394;[73,20,188,87,130,5,42,47,26,89,75,152,18,181,68,48,63,118,44,140,124,94,196,36,145,115,113,61,184,138,65,82,187,128,22,40,33,183,162,126,143,160,91,6,77,149,189,7,103,116,123,168,84,122,195,97,0,85,19,132,176,3,136,49,170,95,167,93,66,135,53,56,21,92,147,67,32,165,169,23,163,25,70,90,41,88,164,37,156,71,8,45,190,109,72,78,131,110,101,59,80,100,30,114,182,139,125,58,151,175,197,1,117,98,157,142,137,158,54,57,193,172,39,107,55,14,13,111,52,2,12,129,15,9,28,105,69,159,38,144,146,155,17,99,106,4,192,173,35,161,102,186,133,76,112,104,31,74,34,108,51,50,198,174,16,194,29,154,60,179,27,43,127,96,171,141,11,134,64,79,177,199,166,83,86,119,81,153,148,24,150,10,185,62,120,178,46,180,191,121];True
4836;6707;11543;[198,174,118,10,130,5,42,47,26,145,115,152,186,166,139,48,106,20,44,140,124,168,34,94,125,6,113,61,45,138,123,82,187,128,134,195,33,136,190,126,143,160,91,75,77,149,189,7,173,116,65,4,84,122,2,97,0,85,18,132,176,3,196,49,170,95,167,93,66,135,51,50,21,92,147,67,32,165,169,23,163,25,70,90,41,88,146,37,156,71,8,184,162,109,72,78,131,110,101,59,80,100,30,114,182,15,36,58,151,175,197,1,117,98,157,142,137,158,54,120,193,172,39,107,55,14,13,111,52,40,87,181,68,9,28,105,69,159,38,144,56,63,73,99,155,178,192,103,35,161,102,12,133,76,112,104,31,183,164,108,188,74,53,17,16,194,29,154,60,179,27,43,127,96,171,141,11,22,64,79,177,199,148,83,86,119,81,153,129,24,150,19,185,62,57,89,46,180,191,121];False
4871;6703;11574;[198,174,118,10,130,5,42,47,26,145,115,152,186,148,139,48,106,20,146,140,124,168,34,94,125,6,113,61,45,138,123,82,187,128,134,195,33,136,190,126,143,160,91,75,77,149,189,7,173,116,65,4,84,122,2,97,0,85,18,132,176,3,196,49,170,95,167,93,66,135,51,50,21,92,147,67,32,165,169,23,163,25,70,90,41,88,44,37,156,71,8,184,162,109,72,78,131,110,101,59,80,100,30,114,182,15,36,58,151,175,197,1,117,98,157,142,137,158,54,120,193,172,39,107,55,14,13,111,52,40,87,181,68,9,28,105,69,159,38,144,56,63,73,99,155,178,192,103,35,161,102,12,133,76,112,104,31,183,164,108,188,74,53,17,16,194,29,154,60,179,27,43,127,96,171,141,11,22,64,79,177,199,166,83,86,119,81,153,129,24,150,19,185,62,57,89,46,180,191,121];False
4815;6706;11521;[198,174,118,10,130,5,42,47,26,145,115,152,186,148,139,48,106,20,44,140,124,168,34,94,125,117,113,61,45,138,123,82,187,128,134,195,33,136,190,126,143,160,91,75,77,149,189,7,173,116,65,4,84,122,2,97,0,85,18,132,176,3,196,49,170,95,167,93,66,135,51,50,21,92,147,67,32,165,169,23,163,25,70,90,41,88,146,37,156,71,8,184,162,109,72,78,131,110,101,59,80,100,30,114,182,15,36,58,151,175,197,1,6,98,157,142,137,158,54,120,193,172,39,107,55,14,13,111,52,40,87,181,68,9,28,105,69,159,38,144,56,63,73,99,155,178,192,103,35,161,102,12,133,76,112,104,31,183,164,108,188,74,53,17,16,194,29,154,60,179,27,43,127,96,171,141,11,22,64,79,177,199,166,83,86,119,81,153,129,24,150,19,185,62,57,89,46,180,191,121];False
4771;6710;11481;[198,174,118,10,130,5,42,47,26,145,115,152,186,148,139,48,106,20,44,140,124,168,34,94,125,6,167,61,45,138,123,82,187,128,134,195,33,136,190,126,143,160,91,75,77,149,189,7,173,116,65,4,84,122,2,97,0,85,18,132,176,3,196,49,170,95,113,93,66,135,51,50,21,92,147,67,32,165,169,23,163,25,70,90,41,88,146,37,156,71,8,184,162,109,72,78,131,110,101,59,80,100,30,114,182,15,36,58,151,175,197,1,117,98,157,142,137,158,54,120,193,172,39,107,55,14,13,111,52,40,87,181,68,9,28,105,69,159,38,144,56,63,73,99,155,178,192,103,35,161,102,12,133,76,112,104,31,183,164,108,188,74,53,17,16,194,29,154,60,179,27,43,127,96,171,141,11,22,64,79,177,199,166,83,86,119,81,153,129,24,150,19,185,62,57,89,46,180,191,121];False
4877;6695;11572;[198,174,118,10,130,5,42,47,26,145,115,152,186,148,139,48,106,20,44,140,124,168,34,136,1,117,113,61,45,138,123,82,187,128,134,195,33,94,190,126,143,160,91,75,77,149,189,7,173,116,65,4,84,122,2,97,0,85,18,132,176,3,196,49,170,95,167,93,66,135,51,50,21,92,147,67,32,165,169,23,163,25,70,90,41,88,146,37,156,71,8,184,162,109,72,78,131,110,101,59,80,100,30,114,182,15,36,58,151,175,197,125,6,98,157,142,137,158,54,120,193,172,39,107,55,14,13,111,52,40,87,181,68,9,28,105,69,159,38,144,56,63,73,99,155,178,192,103,35,161,102,12,133,76,112,104,31,183,164,108,188,74,53,17,16,194,29,154,60,179,27,43,127,96,171,141,11,22,64,79,177,199,166,83,86,119,81,153,129,24,150,19,185,62,57,89,46,180,191,121];True
4975;6692;11667;[198,174,190,10,130,5,179,47,26,145,115,152,186,148,139,48,106,20,44,140,124,168,34,136,1,117,113,61,45,138,123,82,187,128,134,195,33,94,118,126,143,160,91,75,77,149,189,7,173,116,65,4,84,122,2,97,0,85,18,132,176,3,196,49,170,95,167,93,66,135,51,50,21,92,147,67,32,165,169,23,163,25,70,90,41,88,146,37,156,71,8,184,162,109,72,78,131,110,101,59,80,100,30,114,182,15,36,58,151,175,197,125,6,98,157,142,137,158,54,120,193,172,39,107,55,14,13,111,52,40,87,181,68,9,28,105,69,159,38,144,56,63,73,99,155,178,192,103,35,161,102,12,133,76,112,104,31,183,164,108,188,74,53,17,16,194,29,154,60,42,27,43,127,96,171,141,11,22,64,79,177,199,166,83,86,119,81,153,129,24,150,19,185,62,57,89,46,180,191,121];False
4789;6707;11496;[198,174,190,10,130,5,42,47,26,161,115,152,186,148,139,48,106,20,44,140,124,168,34,136,1,117,113,61,45,138,123,82,187,128,134,195,33,94,118,126,143,160,91,75,77,149,189,7,173,116,65,4,84,122,2,97,0,85,18,132,176,3,196,49,170,95,167,93,66,135,51,50,21,92,147,67,32,165,169,23,163,25,70,90,41,88,146,37,156,71,8,184,162,109,72,78,131,110,101,59,80,100,30,114,182,15,36,58,151,175,197,125,6,98,157,142,137,158,54,120,193,172,39,107,55,14,13,111,52,40,87,181,68,9,28,105,69,159,38,144,56,63,73,99,155,178,192,103,35,145,102,12,133,76,112,104,31,183,164,108,188,74,53,17,16,194,29,154,60,179,27,43,127,96,171,141,11,22,64,79,177,199,166,83,86,119,81,153,129,24,150,19,185,62,57,89,46,180,191,121];False
5087;6690;11777;[198,174,190,10,130,5,42,47,26,145,115,77,186,148,139,48,106,20,44,140,124,168,34,136,1,117,113,61,45,138,123,82,187,128,134,195,33,94,118,126,143,160,91,75,152,149,189,7,173,116,65,4,84,122,2,97,0,85,18,132,176,3,196,49,170,95,167,93,66,135,51,50,21,92,147,67,32,165,169,23,163,25,70,90,41,88,146,37,156,71,8,184,162,109,72,78,131,110,101,59,80,100,30,114,182,15,36,58,151,175,197,125,6,98,157,142,137,158,54,120,193,172,39,107,55,14,13,111,52,40,87,181,68,9,28,105,69,159,38,144,56,63,73,99,155,178,192,103,35,161,102,12,133,76,112,104,31,183,164,108,188,74,53,17,16,194,29,154,60,179,27,43,127,96,171,141,11,22,64,79,177,199,166,83,86,119,81,153,129,24,150,19,185,62,57,89,46,180,191,121];False
4927;6693;11620;[198,174,190,10,130,5,42,47,26,145,115,152,186,166,139,48,106,20,44,140,124,168,34,136,1,117,113,61,45,138,123,82,187,128,134,195,33,94,118,126,143,160,91,75,77,149,189,7,173,116,65,4,84,122,2,97,0,85,18,132,176,3,196,49,170,95,167,93,66,135,51,50,21,92,147,67,32,165,169,23,163,25,70,90,41,88,146,37,156,71,8,184,162,109,72,78,131,110,101,59,80,100,30,114,182,15,36,58,151,175,197,125,6,98,157,142,137,158,54,120,193,172,39,107,55,14,13,111,52,40,87,181,68,9,28,105,69,159,38,144,56,63,73,99,155,178,192,103,35,161,102,12,133,76,112,104,31,183,164,108,188,74,53,17,16,194,29,154,60,179,27,43,127,96,171,141,11,22,64,79,177,199,148,83,86,119,81,153,129,24,150,19,185,62,57,89,46,180,191,121];True
4962;6689;11651;[198,174,190,10,130,5,42,47,26,145,115,152,186,148,139,48,106,20,146,140,124,168,34,136,1,117,113,61,45,138,123,82,187,128,134,195,33,94,118,126,143,160,91,75,77,149,189,7,173,116,65,4,84,122,2,97,0,85,18,132,176,3,196,49,170,95,167,93,66,135,51,50,21,92,147,67,32,165,169,23,163,25,70,90,41,88,44,37,156,71,8,184,162,109,72,78,131,110,101,59,80,100,30,114,182,15,36,58,151,175,197,125,6,98,157,142,137,158,54,120,193,172,39,107,55,14,13,111,52,40,87,181,68,9,28,105,69,159,38,144,56,63,73,99,155,178,192,103,35,161,102,12,133,76,112,104,31,183,164,108,188,74,53,17,16,194,29,154,60,179,27,43,127,96,171,141,11,22,64,79,177,199,166,83,86,119,81,153,129,24,150,19,185,62,57,89,46,180,191,121];True
5042;6688;11730;[198,174,190,10,130,5,42,47,26,145,115,152,186,148,139,48,106,20,44,37,124,168,34,136,1,117,113,61,45,138,123,82,187,128,134,195,33,94,118,126,143,160,91,75,77,149,189,7,173,116,65,4,84,122,2,97,0,85,18,132,176,3,196,49,170,95,167,93,66,135,51,50,21,92,147,67,32,165,169,23,163,25,70,90,41,88,146,140,156,71,8,184,162,109,72,78,131,110,101,59,80,100,30,114,182,15,36,58,151,175,197,125,6,98,157,142,137,158,54,120,193,172,39,107,55,14,13,111,52,40,87,181,68,9,28,105,69,159,38,144,56,63,73,99,155,178,192,103,35,161,102,12,133,76,112,104,31,183,164,108,188,74,53,17,16,194,29,154,60,179,27,43,127,96,171,141,11,22,64,79,177,199,166,83,86,119,81,153,129,24,150,19,185,62,57,89,46,180,191,121];True
4762;6708;11470;[198,174,190,10,130,5,42,47,26,145,115,152,186,148,139,48,106,20,44,140,124,168,34,91,1,117,113,61,45,138,123,82,187,128,134,195,33,94,118,126,143,160,136,75,77,149,189,7,173,116,65,4,84,122,2,97,0,85,18,132,176,3,196,49,170,95,167,93,66,135,51,50,21,92,147,67,32,165,169,23,163,25,70,90,41,88,146,37,156,71,8,184,162,109,72,78,131,110,101,59,80,100,30,114,182,15,36,58,151,175,197,125,6,98,157,142,137,158,54,120,193,172,39,107,55,14,13,111,52,40,87,181,68,9,28,105,69,159,38,144,56,63,73,99,155,178,192,103,35,161,102,12,133,76,112,104,31,183,164,108,188,74,53,17,16,194,29,154,60,179,27,43,127,96,171,141,11,22,64,79,177,199,166,83,86,119,81,153,129,24,150,19,185,62,57,89,46,180,191,121];False
4746;6698;11444;[198,174,190,10,130,5,42,47,26,145,115,152,186,148,139,48,106,20,44,140,124,168,34,142,1,117,113,61,45,138,123,82,187,128,134,195,33,94,118,126,143,160,91,75,77,149,189,7,173,116,65,4,84,122,2,97,0,85,18,132,176,3,196,49,170,95,167,93,66,135,51,50,21,92,147,67,32,165,169,23,163,25,70,90,41,88,146,37,156,71,8,184,162,109,72,78,131,110,101,59,80,100,30,114,182,15,36,58,151,175,197,125,6,98,157,136,137,158,54,120,193,172,39,107,55,14,13,111,52,40,87,181,68,9,28,105,69,159,38,144,56,63,73,99,155,178,192,103,35,161,102,12,133,76,112,104,31,183,164,108,188,74,53,17,16,194,29,154,60,179,27,43,127,96,171,141,11,22,64,79,177,199,166,83,86,119,81,153,129,24,150,19,185,62,57,89,46,180,191,121];True
4867;6696;11563;[198,174,190,10,130,5,42,47,26,145,115,152,186,148,139,48,106,20,44,140,124,168,34,136,1,117,113,61,45,138,65,82,187,128,134,195,33,94,118,126,143,160,91,75,77,149,189,7,173,116,123,4,84,122,2,97,0,85,18,132,176,3,196,49,170,95,167,93,66,135,51,50,21,92,147,67,32,165,169,23,163,25,70,90,41,88,146,37,156,71,8,184,162,109,72,78,131,110,101,59,80,100,30,114,182,15,36,58,151,175,197,125,6,98,157,142,137,158,54,120,193,172,39,107,55,14,13,111,52,40,87,181,68,9,28,105,69,159,38,144,56,63,73,99,155,178,192,103,35,161,102,12,133,76,112,104,31,183,164,108,188,74,53,17,16,194,29,154,60,179,27,43,127,96,171,141,11,22,64,79,177,199,166,83,86,119,81,153,129,24,150,19,185,62,57,89,46,180,191,121];True
5351;6674;12025;[198,29,90,41,172,60,179,47,26,145,115,152,186,129,139,123,106,20,56,140,124,168,34,118,174,196,113,61,45,138,51,82,187,128,134,195,33,94,190,126,143,160,91,75,77,149,189,7,173,116,65,4,84,122,2,97,0,85,18,132,176,3,136,49,170,95,167,93,66,135,48,50,21,92,147,67,32,165,169,23,163,25,70,125,6,88,44,37,156,71,8,184,162,109,72,78,131,110,101,59,80,100,30,114,182,15,36,58,151,175,197,1,117,98,157,142,137,158,54,57,193,154,39,107,55,14,13,111,52,40,87,181,68,9,28,105,69,159,38,144,146,63,73,99,155,178,192,103,35,161,102,12,133,76,112,104,31,183,164,108,188,74,53,17,16,194,19,130,5,42,27,43,127,96,171,141,11,22,64,79,177,199,148,83,86,119,81,153,166,24,150,10,185,62,120,89,46,180,191,121];False
5357;6673;12030;[198,29,90,41,187,60,179,47,26,145,115,152,186,129,139,51,106,20,56,140,124,168,34,118,174,196,113,61,45,138,123,82,172,128,134,195,33,94,190,126,143,160,91,75,77,149,189,7,173,116,65,4,84,122,2,97,0,85,18,132,176,3,136,49,170,95,167,93,66,135,48,50,21,92,147,67,32,165,169,23,163,25,70,125,6,88,44,37,156,71,8,184,162,109,72,78,131,110,101,59,80,100,30,114,182,15,36,58,151,175,197,1,117,98,157,142,137,158,54,57,193,154,39,107,55,14,13,111,52,40,87,181,68,9,28,105,69,159,38,144,146,63,73,99,155,178,192,103,35,161,102,12,133,76,112,104,31,183,164,108,188,74,53,17,16,194,19,130,5,42,27,43,127,96,171,141,11,22,64,79,177,199,148,83,86,119,81,153,166,24,150,10,185,62,120,89,46,180,191,121];False
5477;6662;12139;[198,29,90,41,187,60,179,47,26,145,115,152,186,129,139,123,106,194,56,140,124,168,34,118,174,196,113,61,45,138,51,82,172,128,134,195,33,94,190,126,143,160,91,75,77,149,189,7,173,116,65,4,84,122,2,97,0,85,18,132,176,3,136,49,170,95,167,93,66,135,48,50,21,92,147,67,32,165,169,23,163,25,70,125,6,88,44,37,156,71,8,184,162,109,72,78,131,110,101,59,80,100,30,114,182,15,36,58,151,175,197,1,117,98,157,142,137,158,54,57,193,154,39,107,55,14,13,111,52,40,87,181,68,9,28,105,69,159,38,144,146,63,73,99,155,178,192,103,35,161,102,12,133,76,112,104,31,183,164,108,188,74,53,17,16,20,19,130,5,42,27,43,127,96,171,141,11,22,64,79,177,199,148,83,86,119,81,153,166,24,150,10,185,62,120,89,46,180,191,121];False
5362;6669;12031;[198,29,90,41,187,60,179,47,26,145,115,152,186,129,139,123,106,20,146,140,124,168,34,118,174,196,113,61,45,138,51,82,172,128,134,195,33,94,190,126,143,160,91,75,77,149,189,7,173,116,65,4,84,122,2,97,0,85,18,132,176,3,136,49,170,95,167,93,66,135,48,50,21,92,147,67,32,165,169,23,163,25,70,125,6,88,44,37,156,71,8,184,162,109,72,78,131,110,101,59,80,100,30,114,182,15,36,58,151,175,197,1,117,98,157,142,137,158,54,57,193,154,39,107,55,14,13,111,52,40,87,181,68,9,28,105,69,159,38,144,56,63,73,99,155,178,192,103,35,161,102,12,133,76,112,104,31,183,164,108,188,74,53,17,16,194,19,130,5,42,27,43,127,96,171,141,11,22,64,79,177,199,148,83,86,119,81,153,166,24,150,10,185,62,120,89,46,180,191,121];True
5458;6664;12122;[198,29,90,41,187,60,179,47,26,145,115,152,186,129,139,123,106,20,56,140,124,168,34,118,180,196,113,61,45,138,51,82,172,128,134,195,33,94,190,126,143,160,91,75,77,149,189,7,173,116,65,4,84,122,2,97,0,85,18,132,176,3,136,49,170,95,167,93,66,135,48,50,21,92,147,67,32,165,169,23,163,25,70,125,6,88,44,37,156,71,8,184,162,109,72,78,131,110,101,59,80,100,30,114,182,15,36,58,151,175,197,1,117,98,157,142,137,158,54,57,193,154,39,107,55,14,13,111,52,40,87,181,68,9,28,105,69,159,38,144,146,63,73,99,155,178,192,103,35,161,102,12,133,76,112,104,31,183,164,108,188,74,53,17,16,194,19,130,5,42,27,43,127,96,171,141,11,22,64,79,177,199,148,83,86,119,81,153,166,24,150,10,185,62,120,89,46,174,191,121];False
5442;6663;12105;[198,29,90,41,187,60,179,47,26,145,115,152,186,129,139,123,106,20,56,140,124,168,34,118,174,196,167,61,45,138,51,82,172,128,134,195,33,94,190,126,143,160,91,75,77,149,189,7,173,116,65,4,84,122,2,97,0,85,18,132,176,3,136,49,170,95,113,93,66,135,48,50,21,92,147,67,32,165,169,23,163,25,70,125,6,88,44,37,156,71,8,184,162,109,72,78,131,110,101,59,80,100,30,114,182,15,36,58,151,175,197,1,117,98,157,142,137,158,54,57,193,154,39,107,55,14,13,111,52,40,87,181,68,9,28,105,69,159,38,144,146,63,73,99,155,178,192,103,35,161,102,12,133,76,112,104,31,183,164,108,188,74,53,17,16,194,19,130,5,42,27,43,127,96,171,141,11,22,64,79,177,199,148,83,86,119,81,153,166,24,150,10,185,62,120,89,46,180,191,121];False
5564;6655;12219;[198,29,90,41,187,60,179,47,26,145,115,152,186,129,139,123,106,20,56,140,124,168,34,118,174,196,98,61,45,138,51,82,172,128,134,195,33,94,190,126,143,160,91,75,77,149,189,7,173,116,65,4,84,122,2,97,0,85,18,132,176,3,136,49,170,95,167,93,66,135,48,50,21,92,147,67,32,165,169,23,163,25,70,125,6,88,44,37,156,71,8,184,162,109,72,78,131,110,101,59,80,100,30,114,182,15,36,58,151,175,197,1,117,113,157,142,137,158,54,57,193,154,39,107,55,14,13,111,52,40,87,181,68,9,28,105,69,159,38,144,146,63,73,99,155,178,192,103,35,161,102,12,133,76,112,104,31,183,164,108,188,74,53,17,16,194,19,130,5,42,27,43,127,96,171,141,11,22,64,79,177,199,148,83,86,119,81,153,166,24,150,10,185,62,120,89,46,180,191,121];True
5473;6660;12133;[198,29,90,41,187,60,179,47,26,145,115,152,186,129,139,123,106,20,56,140,124,168,34,118,174,196,113,61,45,135,51,82,172,128,134,195,33,94,190,126,143,160,91,75,77,149,189,7,173,116,65,4,84,122,2,97,0,85,18,132,176,3,136,49,170,95,167,93,66,138,48,50,21,92,147,67,32,165,169,23,163,25,70,125,6,88,44,37,156,71,8,184,162,109,72,78,131,110,101,59,80,100,30,114,182,15,36,58,151,175,197,1,117,98,157,142,137,158,54,57,193,154,39,107,55,14,13,111,52,40,87,181,68,9,28,105,69,159,38,144,146,63,73,99,155,178,192,103,35,161,102,12,133,76,112,104,31,183,164,108,188,74,53,17,16,194,19,130,5,42,27,43,127,96,171,141,11,22,64,79,177,199,148,83,86,119,81,153,166,24,150,10,185,62,120,89,46,180,191,121];True
5403;6663;12066;[198,29,90,41,187,60,179,47,26,145,115,152,186,129,139,123,106,20,56,140,124,168,34,118,174,196,113,61,45,138,65,82,172,128,134,195,33,94,190,126,143,160,91,75,77,149,189,7,173,116,51,4,84,122,2,97,0,85,18,132,176,3,136,49,170,95,167,93,66,135,48,50,21,92,147,67,32,165,169,23,163,25,70,125,6,88,44,37,156,71,8,184,162,109,72,78,131,110,101,59,80,100,30,114,182,15,36,58,151,175,197,1,117,98,157,142,137,158,54,57,193,154,39,107,55,14,13,111,52,40,87,181,68,9,28,105,69,159,38,144,146,63,73,99,155,178,192,103,35,161,102,12,133,76,112,104,31,183,164,108,188,74,53,17,16,194,19,130,5,42,27,43,127,96,171,141,11,22,64,79,177,199,148,83,86,119,81,153,166,24,150,10,185,62,120,89,46,180,191,121];True
5310;6674;11984;[198,29,90,41,187,60,179,47,26,145,115,152,186,129,139,123,106,194,56,140,124,168,34,108,174,196,113,61,45,138,51,82,172,128,134,195,33,94,118,126,143,160,91,75,77,149,189,7,173,116,65,4,84,122,2,97,0,85,18,132,176,3,136,49,170,95,167,93,66,135,48,50,21,92,147,67,32,165,169,23,163,25,70,125,6,88,44,37,156,71,8,184,162,109,72,78,131,110,101,59,80,100,30,114,182,15,36,58,151,175,197,1,117,98,157,142,137,158,54,57,193,154,39,107,55,14,13,111,52,40,87,181,68,9,28,105,69,159,38,144,146,63,73,99,155,178,192,103,35,161,102,12,133,76,112,104,31,183,164,190,188,74,53,17,16,20,19,130,5,42,27,43,127,96,171,141,11,22,64,79,177,199,148,83,86,119,81,153,166,24,150,10,185,62,120,89,46,180,191,121];False
5195;6681;11876;[198,29,90,41,187,60,179,47,26,145,115,152,186,129,139,123,106,20,146,140,124,168,34,108,174,196,113,61,45,138,51,82,172,128,134,195,33,94,118,126,143,160,91,75,77,149,189,7,173,116,65,4,84,122,2,97,0,85,18,132,176,3,136,49,170,95,167,93,66,135,48,50,21,92,147,67,32,165,169,23,163,25,70,125,6,88,44,37,156,71,8,184,162,109,72,78,131,110,101,59,80,100,30,114,182,15,36,58,151,175,197,1,117,98,157,142,137,158,54,57,193,154,39,107,55,14,13,111,52,40,87,181,68,9,28,105,69,159,38,144,56,63,73,99,155,178,192,103,35,161,102,12,133,76,112,104,31,183,164,190,188,74,53,17,16,194,19,130,5,42,27,43,127,96,171,141,11,22,64,79,177,199,148,83,86,119,81,153,166,24,150,10,185,62,120,89,46,180,191,121];False
5255;6680;11935;[198,29,90,41,187,60,179,47,26,145,115,152,186,129,139,123,106,20,56,37,124,168,34,108,174,196,113,61,45,138,51,82,172,128,134,195,33,94,118,126,143,160,91,75,77,149,189,7,173,116,65,4,84,122,2,97,0,85,18,132,176,3,136,49,170,95,167,93,66,135,48,50,21,92,147,67,32,165,169,23,163,25,70,125,6,88,44,140,156,71,8,184,162,109,72,78,131,110,101,59,80,100,30,114,182,15,36,58,151,175,197,1,117,98,157,142,137,158,54,57,193,154,39,107,55,14,13,111,52,40,87,181,68,9,28,105,69,159,38,144,146,63,73,99,155,178,192,103,35,161,102,12,133,76,112,104,31,183,164,190,188,74,53,17,16,194,19,130,5,42,27,43,127,96,171,141,11,22,64,79,177,199,148,83,86,119,81,153,166,24,150,10,185,62,120,89,46,180,191,121];False
5244;6680;11924;[198,29,90,41,187,60,179,47,26,145,115,152,186,129,139,123,106,20,56,63,124,168,34,108,174,196,113,61,45,138,51,82,172,128,134,195,33,94,118,126,143,160,91,75,77,149,189,7,173,116,65,4,84,122,2,97,0,85,18,132,176,3,136,49,170,95,167,93,66,135,48,50,21,92,147,67,32,165,169,23,163,25,70,125,6,88,44,37,156,71,8,184,162,109,72,78,131,110,101,59,80,100,30,114,182,15,36,58,151,175,197,1,117,98,157,142,137,158,54,57,193,154,39,107,55,14,13,111,52,40,87,181,68,9,28,105,69,159,38,144,146,140,73,99,155,178,192,103,35,161,102,12,133,76,112,104,31,183,164,190,188,74,53,17,16,194,19,130,5,42,27,43,127,96,171,141,11,22,64,79,177,199,148,83,86,119,81,153,166,24,150,10,185,62,120,89,46,180,191,121];False
5275;6675;11950;[198,29,90,41,187,60,179,47,26,145,115,152,186,129,139,123,106,20,56,140,124,168,34,108,174,196,167,61,45,138,51,82,172,128,134,195,33,94,118,126,143,160,91,75,77,149,189,7,173,116,65,4,84,122,2,97,0,85,18,132,176,3,136,49,170,95,113,93,66,135,48,50,21,92,147,67,32,165,169,23,163,25,70,125,6,88,44,37,156,71,8,184,162,109,72,78,131,110,101,59,80,100,30,114,182,15,36,58,151,175,197,1,117,98,157,142,137,158,54,57,193,154,39,107,55,14,13,111,52,40,87,181,68,9,28,105,69,159,38,144,146,63,73,99,155,178,192,103,35,161,102,12,133,76,112,104,31,183,164,190,188,74,53,17,16,194,19,130,5,42,27,43,127,96,171,141,11,22,64,79,177,199,148,83,86,119,81,153,166,24,150,10,185,62,120,89,46,180,191,121];False
5397;6667;12064;[198,29,90,41,187,60,179,47,26,145,115,152,186,129,139,123,106,20,56,140,124,168,34,108,174,196,98,61,45,138,51,82,172,128,134,195,33,94,118,126,143,160,91,75,77,149,189,7,173,116,65,4,84,122,2,97,0,85,18,132,176,3,136,49,170,95,167,93,66,135,48,50,21,92,147,67,32,165,169,23,163,25,70,125,6,88,44,37,156,71,8,184,162,109,72,78,131,110,101,59,80,100,30,114,182,15,36,58,151,175,197,1,117,113,157,142,137,158,54,57,193,154,39,107,55,14,13,111,52,40,87,181,68,9,28,105,69,159,38,144,146,63,73,99,155,178,192,103,35,161,102,12,133,76,112,104,31,183,164,190,188,74,53,17,16,194,19,130,5,42,27,43,127,96,171,141,11,22,64,79,177,199,148,83,86,119,81,153,166,24,150,10,185,62,120,89,46,180,191,121];False
5306;6672;11978;[198,29,90,41,187,60,179,47,26,145,115,152,186,129,139,123,106,20,56,140,124,168,34,108,174,196,113,61,45,135,51,82,172,128,134,195,33,94,118,126,143,160,91,75,77,149,189,7,173,116,65,4,84,122,2,97,0,85,18,132,176,3,136,49,170,95,167,93,66,138,48,50,21,92,147,67,32,165,169,23,163,25,70,125,6,88,44,37,156,71,8,184,162,109,72,78,131,110,101,59,80,100,30,114,182,15,36,58,151,175,197,1,117,98,157,142,137,158,54,57,193,154,39,107,55,14,13,111,52,40,87,181,68,9,28,105,69,159,38,144,146,63,73,99,155,178,192,103,35,161,102,12,133,76,112,104,31,183,164,190,188,74,53,17,16,194,19,130,5,42,27,43,127,96,171,141,11,22,64,79,177,199,148,83,86,119,81,153,166,24,150,10,185,62,120,89,46,180,191,121];True
5364;6665;12029;[198,29,90,41,187,60,179,47,26,145,115,152,186,129,139,123,106,20,56,140,124,168,34,108,174,196,113,61,45,188,51,82,172,128,134,195,33,94,118,126,143,160,91,75,77,149,189,7,173,116,65,4,84,122,2,97,0,85,18,132,176,3,136,49,170,95,167,93,66,135,48,50,21,92,147,67,32,165,169,23,163,25,70,125,6,88,44,37,156,71,8,184,162,109,72,78,131,110,101,59,80,100,30,114,182,15,36,58,151,175,197,1,117,98,157,142,137,158,54,57,193,154,39,107,55,14,13,111,52,40,87,181,68,9,28,105,69,159,38,144,146,63,73,99,155,178,192,103,35,161,102,12,133,76,112,104,31,183,164,190,138,74,53,17,16,194,19,130,5,42,27,43,127,96,171,141,11,22,64,79,177,199,148,83,86,119,81,153,166,24,150,10,185,62,120,89,46,180,191,121];True
5236;6675;11911;[198,29,90,41,187,60,179,47,26,145,115,152,186,129,139,123,106,20,56,140,124,168,34,108,174,196,113,61,45,138,65,82,172,128,134,195,33,94,118,126,143,160,91,75,77,149,189,7,173,116,51,4,84,122,2,97,0,85,18,132,176,3,136,49,170,95,167,93,66,135,48,50,21,92,147,67,32,165,169,23,163,25,70,125,6,88,44,37,156,71,8,184,162,109,72,78,131,110,101,59,80,100,30,114,182,15,36,58,151,175,197,1,117,98,157,142,137,158,54,57,193,154,39,107,55,14,13,111,52,40,87,181,68,9,28,105,69,159,38,144,146,63,73,99,155,178,192,103,35,161,102,12,133,76,112,104,31,183,164,190,188,74,53,17,16,194,19,130,5,42,27,43,127,96,171,141,11,22,64,79,177,199,148,83,86,119,81,153,166,24,150,10,185,62,120,89,46,180,191,121];True
5232;6680;11912;[198,29,90,41,187,60,179,47,26,145,115,152,186,129,139,123,106,194,56,140,124,168,164,190,174,196,167,61,45,138,65,82,172,128,134,195,33,94,118,126,143,160,91,75,77,149,189,7,173,116,51,4,84,122,2,97,0,85,18,132,176,3,136,49,170,95,113,93,66,135,48,50,21,92,147,67,32,165,169,23,163,25,70,125,6,88,44,37,156,71,8,184,162,109,72,78,131,110,101,59,80,100,30,114,182,15,36,58,151,175,197,1,117,98,157,142,137,158,54,57,193,154,39,107,55,14,13,111,52,40,87,181,68,9,28,105,69,159,38,144,146,63,73,99,155,178,192,103,35,161,102,12,133,76,112,104,31,183,34,108,188,74,53,17,16,20,19,130,5,42,27,43,127,96,171,141,11,22,64,79,177,199,148,83,86,119,81,153,166,24,150,10,185,62,120,89,46,180,191,121];True
5117;6687;11804;[198,29,90,41,187,60,179,47,26,145,115,152,186,129,139,123,106,20,146,140,124,168,164,190,174,196,167,61,45,138,65,82,172,128,134,195,33,94,118,126,143,160,91,75,77,149,189,7,173,116,51,4,84,122,2,97,0,85,18,132,176,3,136,49,170,95,113,93,66,135,48,50,21,92,147,67,32,165,169,23,163,25,70,125,6,88,44,37,156,71,8,184,162,109,72,78,131,110,101,59,80,100,30,114,182,15,36,58,151,175,197,1,117,98,157,142,137,158,54,57,193,154,39,107,55,14,13,111,52,40,87,181,68,9,28,105,69,159,38,144,56,63,73,99,155,178,192,103,35,161,102,12,133,76,112,104,31,183,34,108,188,74,53,17,16,194,19,130,5,42,27,43,127,96,171,141,11,22,64,79,177,199,148,83,86,119,81,153,166,24,150,10,185,62,120,89,46,180,191,121];False
5159;6682;11841;[198,29,90,41,187,60,179,47,26,145,115,152,186,129,139,123,106,20,56,140,124,168,164,190,174,196,167,61,45,138,65,82,172,128,134,195,33,94,118,126,143,160,154,75,77,149,189,7,173,116,51,4,84,122,2,97,0,85,18,132,176,3,136,49,170,95,113,93,66,135,48,50,21,92,147,67,32,165,169,23,163,25,70,125,6,88,44,37,156,71,8,184,162,109,72,78,131,110,101,59,80,100,30,114,182,15,36,58,151,175,197,1,117,98,157,142,137,158,54,57,193,91,39,107,55,14,13,111,52,40,87,181,68,9,28,105,69,159,38,144,146,63,73,99,155,178,192,103,35,161,102,12,133,76,112,104,31,183,34,108,188,74,53,17,16,194,19,130,5,42,27,43,127,96,171,141,11,22,64,79,177,199,148,83,86,119,81,153,166,24,150,10,185,62,120,89,46,180,191,121];False
5194;6681;11875;[198,29,90,41,187,60,179,47,26,145,115,152,186,129,139,123,106,194,56,140,124,168,164,190,174,196,113,61,45,138,65,82,172,128,134,195,33,94,118,126,143,160,154,75,77,149,189,7,173,116,51,4,84,122,2,97,0,85,18,132,176,3,136,49,170,95,167,93,66,135,48,50,21,92,147,67,32,165,169,23,163,25,70,125,6,88,44,37,156,71,8,184,162,109,72,78,131,110,101,59,80,100,30,114,182,15,36,58,151,175,197,1,117,98,157,142,137,158,54,57,193,91,39,107,55,14,13,111,52,40,87,181,68,9,28,105,69,159,38,144,146,63,73,99,155,178,192,103,35,161,102,12,133,76,112,104,31,183,34,108,188,74,53,17,16,20,19,130,5,42,27,43,127,96,171,141,11,22,64,79,177,199,148,83,86,119,81,153,166,24,150,10,185,62,120,89,46,180,191,121];False
5277;6674;11951;[198,29,90,41,187,60,179,47,26,145,115,152,186,129,139,123,106,20,56,140,124,168,34,190,174,196,113,61,45,138,65,82,172,128,134,195,33,94,118,126,143,160,154,75,77,149,189,7,173,116,51,4,84,122,2,97,0,85,18,132,176,3,136,49,170,95,167,93,66,135,48,50,21,92,147,67,32,165,169,23,163,25,70,125,6,88,44,37,156,71,8,184,162,109,72,78,131,110,101,59,80,100,30,114,182,15,36,58,151,175,197,1,117,98,157,142,137,158,54,57,193,91,39,107,55,14,13,111,52,40,87,181,68,9,28,105,69,159,38,144,146,63,73,99,155,178,192,103,35,161,102,12,133,76,112,104,31,183,164,108,188,74,53,17,16,194,19,130,5,42,27,43,127,96,171,141,11,22,64,79,177,199,148,83,86,119,81,153,166,24,150,10,185,62,120,89,46,180,191,121];True
5115;6681;11796;[198,29,90,41,187,60,179,47,26,145,115,152,186,129,139,123,106,20,56,140,124,168,164,190,174,196,113,61,45,138,65,82,172,128,134,195,33,94,118,126,143,160,154,75,77,149,189,7,103,116,51,4,84,122,2,97,0,85,18,132,176,3,136,49,170,95,167,93,66,135,48,50,21,92,147,67,32,165,169,23,163,25,70,125,6,88,44,37,156,71,8,184,162,109,72,78,131,110,101,59,80,100,30,114,182,15,36,58,151,175,197,1,117,98,157,142,137,158,54,57,193,91,39,107,55,14,13,111,52,40,87,181,68,9,28,105,69,159,38,144,146,63,73,99,155,178,192,173,35,161,102,12,133,76,112,104,31,183,34,108,188,74,53,17,16,194,19,130,5,42,27,43,127,96,171,141,11,22,64,79,177,199,148,83,86,119,81,153,166,24,150,10,185,62,120,89,46,180,191,121];True
5866;6649;12515;[20,29,125,78,130,5,54,120,26,145,115,152,186,129,139,123,106,198,56,140,124,168,34,118,174,196,95,61,45,135,51,82,187,128,134,195,33,94,190,126,143,160,91,75,77,149,189,7,173,116,65,4,84,122,2,97,0,85,18,132,176,3,136,49,170,98,167,93,66,138,48,50,21,92,90,67,32,165,169,23,163,25,70,147,6,88,44,37,156,71,8,184,162,109,72,41,131,110,101,59,80,100,30,114,182,15,36,58,151,175,197,1,117,113,157,142,137,158,42,57,193,172,39,107,55,14,13,111,52,40,87,181,68,9,28,105,69,159,38,144,146,63,73,99,155,178,192,103,35,161,102,12,133,76,112,104,31,183,164,108,188,74,53,17,16,194,19,154,60,179,27,43,127,96,171,141,11,22,64,79,177,199,148,83,86,119,81,153,166,24,150,10,185,62,47,89,46,180,191,121];False
5751;6649;12400;[198,29,147,78,130,5,54,120,26,145,115,152,186,129,139,123,106,20,56,140,124,168,34,118,174,196,95,61,45,135,51,82,187,128,134,195,33,94,190,126,143,160,91,75,77,149,189,7,173,116,65,4,84,122,2,97,0,85,18,132,176,3,136,49,170,98,167,93,66,138,48,50,21,92,90,67,32,165,169,23,163,25,70,125,6,88,44,37,156,71,8,184,162,109,72,41,131,110,101,59,80,100,30,114,182,15,36,58,151,175,197,1,117,113,157,142,137,158,42,57,193,172,39,107,55,14,13,111,52,40,87,181,68,9,28,105,69,159,38,144,146,63,73,99,155,178,192,103,35,161,102,12,133,76,112,104,31,183,164,108,188,74,53,17,16,194,19,154,60,179,27,43,127,96,171,141,11,22,64,79,177,199,148,83,86,119,81,153,166,24,150,10,185,62,47,89,46,180,191,121];False
5956;6645;12601;[198,29,125,78,130,5,54,120,26,145,115,77,186,129,139,123,106,20,56,140,124,168,34,118,174,196,95,61,45,135,51,82,187,128,134,195,33,94,190,126,143,160,91,75,152,149,189,7,173,116,65,4,84,122,2,97,0,85,18,132,176,3,136,49,170,98,167,93,66,138,48,50,21,92,90,67,32,165,169,23,163,25,70,147,6,88,44,37,156,71,8,184,162,109,72,41,131,110,101,59,80,100,30,114,182,15,36,58,151,175,197,1,117,113,157,142,137,158,42,57,193,172,39,107,55,14,13,111,52,40,87,181,68,9,28,105,69,159,38,144,146,63,73,99,155,178,192,103,35,161,102,12,133,76,112,104,31,183,164,108,188,74,53,17,16,194,19,154,60,179,27,43,127,96,171,141,11,22,64,79,177,199,148,83,86,119,81,153,166,24,150,10,185,62,47,89,46,180,191,121];True
5900;6647;12547;[198,29,125,78,130,5,54,120,26,145,115,152,86,129,139,123,106,20,56,140,124,168,34,118,174,196,95,61,45,135,51,82,187,128,134,195,33,94,190,126,143,160,91,75,77,149,189,7,173,116,65,4,84,122,2,97,0,85,18,132,176,3,136,49,170,98,167,93,66,138,48,50,21,92,90,67,32,165,169,23,163,25,70,147,6,88,44,37,156,71,8,184,162,109,72,41,131,110,101,59,80,100,30,114,182,15,36,58,151,175,197,1,117,113,157,142,137,158,42,57,193,172,39,107,55,14,13,111,52,40,87,181,68,9,28,105,69,159,38,144,146,63,73,99,155,178,192,103,35,161,102,12,133,76,112,104,31,183,164,108,188,74,53,17,16,194,19,154,60,179,27,43,127,96,171,141,11,22,64,79,177,199,148,83,186,119,81,153,166,24,150,10,185,62,47,89,46,180,191,121];False
5871;6648;12519;[198,29,125,78,130,5,54,120,26,145,115,152,186,166,139,123,106,20,56,140,124,168,34,118,174,196,95,61,45,135,51,82,187,128,134,195,33,94,190,126,143,160,91,75,77,149,189,7,173,116,65,4,84,122,2,97,0,85,18,132,176,3,136,49,170,98,167,93,66,138,48,50,21,92,90,67,32,165,169,23,163,25,70,147,6,88,44,37,156,71,8,184,162,109,72,41,131,110,101,59,80,100,30,114,182,15,36,58,151,175,197,1,117,113,157,142,137,158,42,57,193,172,39,107,55,14,13,111,52,40,87,181,68,9,28,105,69,159,38,144,146,63,73,99,155,178,192,103,35,161,102,12,133,76,112,104,31,183,164,108,188,74,53,17,16,194,19,154,60,179,27,43,127,96,171,141,11,22,64,79,177,199,148,83,86,119,81,153,129,24,150,10,185,62,47,89,46,180,191,121];False
5791;6647;12438;[198,29,125,78,130,5,54,120,26,145,115,152,186,129,139,123,106,194,56,140,124,168,34,118,174,196,95,61,45,135,51,82,187,128,134,195,33,94,190,126,143,160,91,75,77,149,189,7,173,116,65,4,84,122,2,97,0,85,18,132,176,3,136,49,170,98,167,93,66,138,48,50,21,92,90,67,32,165,169,23,163,25,70,147,6,88,44,37,156,71,8,184,162,109,72,41,131,110,101,59,80,100,30,114,182,15,36,58,151,175,197,1,117,113,157,142,137,158,42,57,193,172,39,107,55,14,13,111,52,40,87,181,68,9,28,105,69,159,38,144,146,63,73,99,155,178,192,103,35,161,102,12,133,76,112,104,31,183,164,108,188,74,53,17,16,20,19,154,60,179,27,43,127,96,171,141,11,22,64,79,177,199,148,83,86,119,81,153,166,24,150,10,185,62,47,89,46,180,191,121];True
5736;6653;12389;[198,29,125,78,130,5,54,120,26,145,115,152,186,129,139,123,106,20,56,37,124,168,34,118,174,196,95,61,45,135,51,82,187,128,134,195,33,94,190,126,143,160,91,75,77,149,189,7,173,116,65,4,84,122,2,97,0,85,18,132,176,3,136,49,170,98,167,93,66,138,48,50,21,92,90,67,32,165,169,23,163,25,70,147,6,88,44,140,156,71,8,184,162,109,72,41,131,110,101,59,80,100,30,114,182,15,36,58,151,175,197,1,117,113,157,142,137,158,42,57,193,172,39,107,55,14,13,111,52,40,87,181,68,9,28,105,69,159,38,144,146,63,73,99,155,178,192,103,35,161,102,12,133,76,112,104,31,183,164,108,188,74,53,17,16,194,19,154,60,179,27,43,127,96,171,141,11,22,64,79,177,199,148,83,86,119,81,153,166,24,150,10,185,62,47,89,46,180,191,121];False
5725;6653;12378;[198,29,125,78,130,5,54,120,26,145,115,152,186,129,139,123,106,20,56,63,124,168,34,118,174,196,95,61,45,135,51,82,187,128,134,195,33,94,190,126,143,160,91,75,77,149,189,7,173,116,65,4,84,122,2,97,0,85,18,132,176,3,136,49,170,98,167,93,66,138,48,50,21,92,90,67,32,165,169,23,163,25,70,147,6,88,44,37,156,71,8,184,162,109,72,41,131,110,101,59,80,100,30,114,182,15,36,58,151,175,197,1,117,113,157,142,137,158,42,57,193,172,39,107,55,14,13,111,52,40,87,181,68,9,28,105,69,159,38,144,146,140,73,99,155,178,192,103,35,161,102,12,133,76,112,104,31,183,164,108,188,74,53,17,16,194,19,154,60,179,27,43,127,96,171,141,11,22,64,79,177,199,148,83,86,119,81,153,166,24,150,10,185,62,47,89,46,180,191,121];False
5740;6652;12392;[198,29,125,78,130,5,54,120,26,145,115,152,186,129,139,123,106,20,56,140,124,168,34,118,174,23,95,61,45,135,51,82,187,128,134,195,33,94,190,126,143,160,91,75,77,149,189,7,173,116,65,4,84,122,2,97,0,85,18,132,176,3,136,49,170,98,167,93,66,138,48,50,21,92,90,67,32,165,169,196,163,25,70,147,6,88,44,37,156,71,8,184,162,109,72,41,131,110,101,59,80,100,30,114,182,15,36,58,151,175,197,1,117,113,157,142,137,158,42,57,193,172,39,107,55,14,13,111,52,40,87,181,68,9,28,105,69,159,38,144,146,63,73,99,155,178,192,103,35,161,102,12,133,76,112,104,31,183,164,108,188,74,53,17,16,194,19,154,60,179,27,43,127,96,171,141,11,22,64,79,177,199,148,83,86,119,81,153,166,24,150,10,185,62,47,89,46,180,191,121];False
5719;6648;12367;[198,29,125,78,130,5,54,120,26,145,115,152,186,129,139,123,106,20,56,140,124,168,34,118,174,196,95,61,45,44,51,82,187,128,134,195,33,94,190,126,143,160,91,75,77,149,189,7,173,116,65,4,84,122,2,97,0,85,18,132,176,3,136,49,170,98,167,93,66,138,48,50,21,92,90,67,32,165,169,23,163,25,70,147,6,88,135,37,156,71,8,184,162,109,72,41,131,110,101,59,80,100,30,114,182,15,36,58,151,175,197,1,117,113,157,142,137,158,42,57,193,172,39,107,55,14,13,111,52,40,87,181,68,9,28,105,69,159,38,144,146,63,73,99,155,178,192,103,35,161,102,12,133,76,112,104,31,183,164,108,188,74,53,17,16,194,19,154,60,179,27,43,127,96,171,141,11,22,64,79,177,199,148,83,86,119,81,153,166,24,150,10,185,62,47,89,46,180,191,121];True
5681;6652;12333;[198,29,147,78,130,5,54,120,26,145,115,152,186,129,139,123,106,20,56,140,124,168,34,118,174,196,95,61,45,138,65,82,187,128,134,195,33,94,190,126,143,160,91,75,77,149,189,7,173,116,51,4,84,122,2,97,0,85,18,132,176,3,136,49,170,98,167,93,66,135,48,50,21,92,90,67,32,165,169,23,163,25,70,125,6,88,44,37,156,71,8,184,162,109,72,41,131,110,101,59,80,100,30,114,182,15,36,58,151,175,197,1,117,113,157,142,137,158,42,57,193,172,39,107,55,14,13,111,52,40,87,181,68,9,28,105,69,159,38,144,146,63,73,99,155,178,192,103,35,161,102,12,133,76,112,104,31,183,164,108,188,74,53,17,16,194,19,154,60,179,27,43,127,96,171,141,11,22,64,79,177,199,148,83,86,119,81,153,166,24,150,10,185,62,47,89,46,180,191,121];False
5810;6646;12456;[198,29,125,78,130,5,54,120,26,145,115,152,186,129,139,123,106,20,56,140,124,168,34,118,174,196,95,61,45,138,65,82,187,128,22,195,33,94,190,126,143,160,91,75,77,149,189,7,173,116,51,4,84,122,2,97,0,85,18,132,176,3,136,49,170,98,167,93,66,135,48,50,21,92,90,67,32,165,169,23,163,25,70,147,6,88,44,37,156,71,8,184,162,109,72,41,131,110,101,59,80,100,30,114,182,15,36,58,151,175,197,1,117,113,157,142,137,158,42,57,193,172,39,107,55,14,13,111,52,40,87,181,68,9,28,105,69,159,38,144,146,63,73,99,155,178,192,103,35,161,102,12,133,76,112,104,31,183,164,108,188,74,53,17,16,194,19,154,60,179,27,43,127,96,171,141,11,134,64,79,177,199,148,83,86,119,81,153,166,24,150,10,185,62,47,89,46,180,191,121];True
5642;6650;12292;[198,29,125,78,130,5,54,120,26,145,115,152,186,129,139,123,106,20,56,140,124,168,34,118,174,196,95,61,45,138,65,82,187,128,134,195,33,94,190,126,143,160,91,75,77,149,189,7,103,116,51,4,84,122,2,97,0,85,18,132,176,3,136,49,170,98,167,93,66,135,48,50,21,92,90,67,32,165,169,23,163,25,70,147,6,88,44,37,156,71,8,184,162,109,72,41,131,110,101,59,80,100,30,114,182,15,36,58,151,175,197,1,117,113,157,142,137,158,42,57,193,172,39,107,55,14,13,111,52,40,87,181,68,9,28,105,69,159,38,144,146,63,73,99,155,178,192,173,35,161,102,12,133,76,112,104,31,183,164,108,188,74,53,17,16,194,19,154,60,179,27,43,127,96,171,141,11,22,64,79,177,199,148,83,86,119,81,153,166,24,150,10,185,62,47,89,46,180,191,121];True
6371;6636;13007;[73,154,49,86,54,120,89,69,6,18,185,175,12,7,103,15,135,20,19,33,183,17,143,38,178,41,197,123,29,71,44,91,52,2,83,59,93,138,124,94,118,48,146,90,149,163,186,148,173,116,65,192,10,95,61,97,0,77,57,26,145,3,136,137,170,85,105,74,194,156,106,198,51,50,82,67,32,165,169,23,75,36,98,25,1,88,70,37,21,92,8,184,190,109,72,78,111,128,171,110,80,100,30,114,182,139,125,187,158,62,189,130,5,122,157,84,131,79,42,27,193,172,39,107,55,14,147,196,167,40,87,181,68,9,28,162,108,102,132,144,56,63,140,99,34,159,164,160,35,161,191,152,101,134,112,104,31,53,180,4,188,168,155,126,16,142,115,127,60,179,47,43,133,76,151,141,11,58,64,96,177,199,166,22,195,119,81,153,129,24,150,174,13,117,113,66,176,46,45,121];False
6490;6630;13120;[73,154,49,86,54,120,89,69,6,18,185,175,12,7,103,15,135,194,19,33,183,17,143,38,178,160,197,123,29,71,44,91,52,2,83,59,93,138,124,94,118,48,146,90,149,163,186,148,173,116,65,192,10,95,61,97,0,77,57,26,145,3,136,137,170,85,105,74,20,156,106,198,51,50,82,67,32,165,169,23,75,36,98,25,1,88,70,37,21,92,8,184,190,109,72,78,111,128,171,110,80,100,30,114,182,139,125,187,158,62,189,130,5,122,157,84,131,79,42,27,193,172,39,107,55,14,147,196,167,40,87,181,68,9,28,162,108,102,132,144,56,63,140,99,34,159,164,41,35,161,191,152,101,134,112,104,31,53,180,4,188,168,155,126,16,142,115,127,60,179,47,43,133,76,151,141,11,58,64,96,177,199,166,22,195,119,81,153,129,24,150,174,13,117,113,66,176,46,45,121];True
6356;6635;12991;[73,154,49,86,54,120,89,69,6,18,185,175,12,7,103,15,135,194,19,33,183,17,143,38,178,13,197,123,29,71,44,91,52,2,83,59,93,138,124,94,118,48,146,90,149,163,186,148,173,116,65,192,10,95,61,97,0,77,57,26,145,3,136,137,170,85,105,74,20,156,106,198,51,50,82,67,32,165,169,23,75,36,98,25,1,88,70,37,21,92,8,184,190,109,72,78,111,128,171,110,80,100,30,114,182,139,125,187,158,62,189,130,5,122,157,84,131,79,42,27,193,172,39,107,55,14,147,196,167,40,87,181,68,9,28,162,108,102,132,144,56,63,140,99,34,159,164,160,35,161,191,152,101,134,112,104,31,53,180,4,188,168,155,126,16,142,115,127,60,179,47,43,133,76,151,141,11,58,64,96,177,199,166,22,195,119,81,153,129,24,150,174,41,117,113,66,176,46,45,121];True
6300;6639;12939;[73,154,49,86,54,120,89,69,6,101,185,175,12,7,85,15,135,194,19,33,183,17,143,38,178,13,197,123,29,71,44,91,52,2,83,59,93,138,124,94,118,48,146,90,149,163,186,148,173,116,65,192,10,95,61,97,0,77,57,26,145,3,136,137,170,103,105,74,20,156,106,198,51,50,82,67,32,165,169,23,75,36,98,25,1,88,70,37,21,92,8,184,190,109,72,78,111,128,171,110,80,100,30,114,182,139,125,187,158,62,189,130,5,122,157,84,131,79,42,27,193,172,39,107,55,14,147,196,167,40,87,181,68,9,28,162,108,102,132,144,56,63,140,99,34,159,164,160,35,161,191,152,18,134,112,104,31,53,180,4,188,168,155,126,16,142,115,127,60,179,47,43,133,76,151,141,11,58,64,96,177,199,166,22,195,119,81,153,129,24,150,174,41,117,113,66,176,46,45,121];False
6186;6643;12829;[73,154,49,86,54,120,89,69,6,18,185,175,12,7,85,15,135,20,19,33,183,17,143,38,178,13,197,123,29,71,44,91,52,2,83,59,93,138,124,94,118,48,146,90,149,163,186,148,173,116,65,192,10,95,61,97,0,77,57,26,145,3,136,137,170,103,105,74,194,156,106,198,51,50,82,67,32,165,169,23,75,36,98,25,1,88,70,37,21,92,8,184,190,109,72,78,111,128,171,110,80,100,30,114,182,139,125,187,158,62,189,130,5,122,157,84,131,79,42,27,193,172,39,107,55,14,147,196,167,40,87,181,68,9,28,162,108,102,132,144,56,63,140,99,34,159,164,160,35,161,191,152,101,134,112,104,31,53,180,4,188,168,155,126,16,142,115,127,60,179,47,43,133,76,151,141,11,58,64,96,177,199,166,22,195,119,81,153,129,24,150,174,41,117,113,66,176,46,45,121];False
6226;6642;12868;[73,154,49,86,54,120,89,69,6,18,185,175,12,7,85,15,135,194,19,33,183,17,143,38,178,13,197,123,29,71,44,91,98,2,83,59,93,138,124,94,118,48,146,90,149,163,186,148,173,116,65,192,10,95,61,97,0,77,57,26,145,3,136,137,170,103,105,74,20,156,106,198,51,50,82,67,32,165,169,23,75,36,52,25,1,88,70,37,21,92,8,184,190,109,72,78,111,128,171,110,80,100,30,114,182,139,125,187,158,62,189,130,5,122,157,84,131,79,42,27,193,172,39,107,55,14,147,196,167,40,87,181,68,9,28,162,108,102,132,144,56,63,140,99,34,159,164,160,35,161,191,152,101,134,112,104,31,53,180,4,188,168,155,126,16,142,115,127,60,179,47,43,133,76,151,141,11,58,64,96,177,199,166,22,195,119,81,153,129,24,150,174,41,117,113,66,176,46,45,121];False
6496;6629;13125;[73,154,137,86,54,120,89,69,6,101,185,175,12,7,103,15,135,194,19,33,183,17,143,38,178,160,197,123,29,71,44,91,52,2,83,59,93,138,124,94,118,48,146,90,149,163,186,148,173,116,65,192,10,95,61,97,0,77,57,26,145,3,136,49,170,85,105,74,20,156,106,198,51,50,82,67,32,165,169,23,75,36,98,25,1,88,70,37,21,92,8,184,190,109,72,78,111,128,171,110,80,100,30,114,182,139,125,187,158,62,189,130,5,122,157,84,131,79,42,27,193,172,39,107,55,14,147,196,167,40,87,181,68,9,28,162,108,102,132,144,56,63,140,99,34,159,164,41,35,161,191,152,18,134,112,104,31,53,180,4,188,168,155,126,16,142,115,127,60,179,47,43,133,76,151,141,11,58,64,96,177,199,166,22,195,119,81,153,129,24,150,174,13,117,113,66,176,46,45,121];True
6362;6634;12996;[73,154,137,86,54,120,89,69,6,101,185,175,12,7,103,15,135,194,19,33,183,17,143,38,178,13,197,123,29,71,44,91,52,2,83,59,93,138,124,94,118,48,146,90,149,163,186,148,173,116,65,192,10,95,61,97,0,77,57,26,145,3,136,49,170,85,105,74,20,156,106,198,51,50,82,67,32,165,169,23,75,36,98,25,1,88,70,37,21,92,8,184,190,109,72,78,111,128,171,110,80,100,30,114,182,139,125,187,158,62,189,130,5,122,157,84,131,79,42,27,193,172,39,107,55,14,147,196,167,40,87,181,68,9,28,162,108,102,132,144,56,63,140,99,34,159,164,160,35,161,191,152,18,134,112,104,31,53,180,4,188,168,155,126,16,142,115,127,60,179,47,43,133,76,151,141,11,58,64,96,177,199,166,22,195,119,81,153,129,24,150,174,41,117,113,66,176,46,45,121];True
6192;6642;12834;[73,154,137,86,54,120,89,69,6,101,185,175,12,7,85,15,135,20,19,33,183,17,143,38,178,13,197,123,29,71,44,91,52,2,83,59,93,138,124,94,118,48,146,90,149,163,186,148,173,116,65,192,10,95,61,97,0,77,57,26,145,3,136,49,170,103,105,74,194,156,106,198,51,50,82,67,32,165,169,23,75,36,98,25,1,88,70,37,21,92,8,184,190,109,72,78,111,128,171,110,80,100,30,114,182,139,125,187,158,62,189,130,5,122,157,84,131,79,42,27,193,172,39,107,55,14,147,196,167,40,87,181,68,9,28,162,108,102,132,144,56,63,140,99,34,159,164,160,35,161,191,152,18,134,112,104,31,53,180,4,188,168,155,126,16,142,115,127,60,179,47,43,133,76,151,141,11,58,64,96,177,199,166,22,195,119,81,153,129,24,150,174,41,117,113,66,176,46,45,121];False
6232;6641;12873;[73,154,137,86,54,120,89,69,6,101,185,175,12,7,85,15,135,194,19,33,183,17,143,38,178,13,197,123,29,71,44,91,98,2,83,59,93,138,124,94,118,48,146,90,149,163,186,148,173,116,65,192,10,95,61,97,0,77,57,26,145,3,136,49,170,103,105,74,20,156,106,198,51,50,82,67,32,165,169,23,75,36,52,25,1,88,70,37,21,92,8,184,190,109,72,78,111,128,171,110,80,100,30,114,182,139,125,187,158,62,189,130,5,122,157,84,131,79,42,27,193,172,39,107,55,14,147,196,167,40,87,181,68,9,28,162,108,102,132,144,56,63,140,99,34,159,164,160,35,161,191,152,18,134,112,104,31,53,180,4,188,168,155,126,16,142,115,127,60,179,47,43,133,76,151,141,11,58,64,96,177,199,166,22,195,119,81,153,129,24,150,174,41,117,113,66,176,46,45,121];False
6392;6632;13024;[73,154,137,86,54,120,178,69,6,18,185,175,12,7,103,15,135,194,19,33,183,17,143,38,89,160,197,123,29,71,44,91,52,2,83,59,93,138,124,94,118,48,146,90,149,163,186,148,173,116,65,192,10,95,61,97,0,77,57,26,145,3,136,49,170,85,105,74,20,156,106,198,51,50,82,67,32,165,169,23,75,36,98,25,1,88,70,37,21,92,8,184,190,109,72,78,111,128,171,110,80,100,30,114,182,139,125,187,158,62,189,130,5,122,157,84,131,79,42,27,193,172,39,107,55,14,147,196,167,40,87,181,68,9,28,162,108,102,132,144,56,63,140,99,34,159,164,41,35,161,191,152,101,134,112,104,31,53,180,4,188,168,155,126,16,142,115,127,60,179,47,43,133,76,151,141,11,58,64,96,177,199,166,22,195,119,81,153,129,24,150,174,13,117,113,66,176,46,45,121];True
6248;6638;12886;[73,154,137,86,54,120,89,69,6,18,185,175,12,7,103,15,135,20,19,33,183,17,143,38,178,13,197,123,29,71,44,91,52,2,83,59,93,138,124,94,118,48,146,90,149,163,186,148,173,116,65,192,10,95,61,97,0,77,57,26,145,3,136,49,170,85,105,74,194,156,106,198,51,50,82,67,32,165,169,23,75,36,98,25,1,88,70,37,21,92,8,184,190,109,72,78,111,128,171,110,80,100,30,114,182,139,125,187,158,62,189,130,5,122,157,84,131,79,42,27,193,172,39,107,55,14,147,196,167,40,87,181,68,9,28,162,108,102,132,144,56,63,140,99,34,159,164,160,35,161,191,152,101,134,112,104,31,53,180,4,188,168,155,126,16,142,115,127,60,179,47,43,133,76,151,141,11,58,64,96,177,199,166,22,195,119,81,153,129,24,150,174,41,117,113,66,176,46,45,121];True
6288;6637;12925;[73,154,137,86,54,120,89,69,6,18,185,175,12,7,103,15,135,194,19,33,183,17,143,38,178,13,197,123,29,71,44,91,98,2,83,59,93,138,124,94,118,48,146,90,149,163,186,148,173,116,65,192,10,95,61,97,0,77,57,26,145,3,136,49,170,85,105,74,20,156,106,198,51,50,82,67,32,165,169,23,75,36,52,25,1,88,70,37,21,92,8,184,190,109,72,78,111,128,171,110,80,100,30,114,182,139,125,187,158,62,189,130,5,122,157,84,131,79,42,27,193,172,39,107,55,14,147,196,167,40,87,181,68,9,28,162,108,102,132,144,56,63,140,99,34,159,164,160,35,161,191,152,101,134,112,104,31,53,180,4,188,168,155,126,16,142,115,127,60,179,47,43,133,76,151,141,11,58,64,96,177,199,166,22,195,119,81,153,129,24,150,174,41,117,113,66,176,46,45,121];True
6167;6641;12808;[73,154,137,86,54,120,89,69,6,18,185,175,12,7,85,15,135,194,19,33,183,17,143,38,178,13,197,123,29,71,44,160,98,2,83,59,93,138,124,94,118,48,146,90,149,163,186,148,173,116,65,192,10,95,61,97,0,77,57,26,145,3,136,49,170,103,105,74,20,156,106,198,51,50,82,67,32,165,169,23,75,36,52,25,1,88,70,37,21,92,8,184,190,109,72,78,111,128,171,110,80,100,30,114,182,139,125,187,158,62,189,130,5,122,157,84,131,79,42,27,193,172,39,107,55,14,147,196,167,40,87,181,68,9,28,162,108,102,132,144,56,63,140,99,34,159,164,91,35,161,191,152,101,134,112,104,31,53,180,4,188,168,155,126,16,142,115,127,60,179,47,43,133,76,151,141,11,58,64,96,177,199,166,22,195,119,81,153,129,24,150,174,41,117,113,66,176,46,45,121];True
7314;6591;13905;[198,174,67,163,158,60,179,47,189,75,137,171,12,185,54,57,89,191,38,14,178,118,10,36,184,66,46,44,23,190,109,48,73,74,143,91,69,159,15,135,37,8,71,56,92,90,131,59,93,3,169,142,28,61,145,94,13,111,7,77,176,35,97,133,52,2,167,107,123,50,146,51,20,17,82,78,170,18,132,161,115,25,105,4,6,88,70,108,21,106,154,122,197,162,125,49,86,110,129,24,130,127,30,114,182,139,72,136,101,175,85,1,117,120,157,173,186,79,42,27,193,172,39,32,55,155,33,192,165,40,87,181,68,9,103,140,147,196,95,144,156,180,188,65,53,183,164,41,149,152,102,62,98,134,112,104,99,63,31,34,138,168,29,126,16,194,19,83,128,141,5,43,187,76,151,148,80,58,64,96,177,199,166,22,195,119,81,153,11,26,150,84,100,0,113,116,124,160,45,121];True
7283;6594;13877;[198,174,67,163,158,60,179,47,189,75,137,133,12,185,54,57,89,191,38,14,178,118,10,36,184,8,46,44,23,190,109,48,73,74,143,91,69,159,15,135,37,66,71,56,92,90,131,59,93,3,169,142,28,61,145,94,13,111,7,77,176,35,97,171,52,2,167,107,123,50,146,51,20,17,82,78,170,18,132,161,115,25,105,4,6,88,70,108,21,106,154,122,197,162,125,49,86,110,129,24,130,127,30,114,182,139,72,136,101,175,85,1,117,120,157,173,186,79,42,27,193,172,39,32,55,155,33,192,165,40,87,181,68,9,103,140,147,196,95,144,156,180,188,65,53,183,164,41,149,152,102,62,98,134,112,104,99,63,31,34,138,168,29,126,16,194,19,83,128,141,5,43,187,76,151,148,80,58,64,96,177,199,166,22,195,119,81,153,11,26,150,84,100,0,113,116,124,160,45,121];False
7212;6598;13810;[198,174,67,163,158,60,179,47,189,75,137,133,12,185,54,57,89,191,38,14,178,118,10,36,184,66,46,44,23,190,109,48,73,74,143,91,69,159,15,135,37,34,71,56,92,90,131,59,93,3,169,142,28,61,145,94,13,111,7,77,176,35,97,171,52,2,167,107,123,50,146,51,20,17,82,78,170,18,132,161,115,25,105,4,6,88,70,108,21,106,154,122,197,162,125,49,86,110,129,24,130,127,30,114,182,139,72,136,101,175,85,1,117,120,157,173,186,79,42,27,193,172,39,32,55,155,33,192,165,40,87,181,68,9,103,140,147,196,95,144,156,180,188,65,53,183,164,41,149,152,102,62,98,134,112,104,99,63,31,8,138,168,29,126,16,194,19,83,128,141,5,43,187,76,151,148,80,58,64,96,177,199,166,22,195,119,81,153,11,26,150,84,100,0,113,116,124,160,45,121];False
7043;6606;13649;[198,174,67,163,158,60,179,47,189,75,137,133,12,185,54,52,89,23,38,14,178,118,10,36,145,66,46,44,191,190,109,48,73,74,143,91,69,159,15,135,37,8,71,56,92,90,131,59,93,3,169,142,28,61,184,94,13,111,7,77,176,35,97,171,57,2,167,107,123,50,146,51,20,17,82,78,170,18,132,161,115,25,105,4,6,88,70,108,21,106,154,122,197,162,125,49,86,110,129,24,130,127,30,114,182,139,72,136,101,175,85,1,117,120,157,173,186,79,42,27,193,172,39,32,55,155,33,192,165,40,87,181,68,9,103,140,147,196,95,144,156,180,188,65,53,183,164,41,149,152,102,62,98,134,112,104,99,63,31,34,138,168,29,126,16,194,19,83,128,141,5,43,187,76,151,148,80,58,64,96,177,199,166,22,195,119,81,153,11,26,150,84,100,0,113,116,124,160,45,121];False
7036;6606;13642;[198,174,67,163,158,60,179,47,189,75,137,133,12,185,54,52,89,23,38,14,178,118,10,36,184,66,46,44,34,190,109,48,73,74,143,91,69,159,15,135,37,8,71,56,92,90,131,59,93,3,169,142,28,61,145,94,13,111,7,77,176,35,97,171,57,2,167,107,123,50,146,51,20,17,82,78,170,18,132,161,115,25,105,4,6,88,70,108,21,106,154,122,197,162,125,49,86,110,129,24,130,127,30,114,182,139,72,136,101,175,85,1,117,120,157,173,186,79,42,27,193,172,39,32,55,155,33,192,165,40,87,181,68,9,103,140,147,196,95,144,156,180,188,65,53,183,164,41,149,152,102,62,98,134,112,104,99,63,31,191,138,168,29,126,16,194,19,83,128,141,5,43,187,76,151,148,80,58,64,96,177,199,166,22,195,119,81,153,11,26,150,84,100,0,113,116,124,160,45,121];False
7012;6607;13619;[198,174,67,163,158,60,179,47,189,75,137,133,12,185,54,52,89,23,38,14,178,118,10,36,184,66,46,44,191,190,109,48,73,74,143,91,69,159,15,135,37,34,71,56,92,90,131,59,93,3,169,142,28,61,145,94,13,111,7,77,176,35,97,171,57,2,167,107,123,50,146,51,20,17,82,78,170,18,132,161,115,25,105,4,6,88,70,108,21,106,154,122,197,162,125,49,86,110,129,24,130,127,30,114,182,139,72,136,101,175,85,1,117,120,157,173,186,79,42,27,193,172,39,32,55,155,33,192,165,40,87,181,68,9,103,140,147,196,95,144,156,180,188,65,53,183,164,41,149,152,102,62,98,134,112,104,99,63,31,8,138,168,29,126,16,194,19,83,128,141,5,43,187,76,151,148,80,58,64,96,177,199,166,22,195,119,81,153,11,26,150,84,100,0,113,116,124,160,45,121];False
6855;6619;13474;[198,174,67,163,158,60,179,47,189,75,137,133,12,185,54,52,89,191,38,14,94,118,10,36,184,66,46,44,23,190,109,48,73,74,143,91,69,159,188,135,37,8,71,56,92,90,131,59,93,3,169,142,28,61,145,178,13,111,7,77,176,35,97,171,57,2,167,107,123,50,146,51,20,17,82,78,170,18,132,161,115,25,105,4,6,88,70,108,21,106,154,122,197,162,125,49,86,110,129,24,130,127,30,114,182,139,72,136,101,175,85,1,117,120,157,173,186,79,42,27,193,172,39,32,55,155,33,192,165,40,87,181,68,9,103,140,147,196,95,144,156,180,15,65,53,183,164,41,149,152,102,62,98,134,112,104,99,63,31,34,138,168,29,126,16,194,19,83,128,141,5,43,187,76,151,148,80,58,64,96,177,199,166,22,195,119,81,153,11,26,150,84,100,0,113,116,124,160,45,121];False
6955;6611;13566;[198,174,67,163,158,60,179,47,189,75,137,133,12,185,54,52,89,191,38,14,178,118,10,36,71,66,46,44,23,190,109,48,73,74,143,91,69,159,188,135,37,8,184,56,92,90,131,59,93,3,169,142,28,61,145,94,13,111,7,77,176,35,97,171,57,2,167,107,123,50,146,51,20,17,82,78,170,18,132,161,115,25,105,4,6,88,70,108,21,106,154,122,197,162,125,49,86,110,129,24,130,127,30,114,182,139,72,136,101,175,85,1,117,120,157,173,186,79,42,27,193,172,39,32,55,155,33,192,165,40,87,181,68,9,103,140,147,196,95,144,156,180,15,65,53,183,164,41,149,152,102,62,98,134,112,104,99,63,31,34,138,168,29,126,16,194,19,83,128,141,5,43,187,76,151,148,80,58,64,96,177,199,166,22,195,119,81,153,11,26,150,84,100,0,113,116,124,160,45,121];False
6993;6608;13601;[198,174,67,163,158,60,179,47,189,75,137,133,12,185,54,52,89,191,38,14,178,118,10,36,145,66,46,44,23,190,109,48,73,74,143,91,69,159,188,135,37,8,71,56,92,90,131,59,93,3,169,142,28,61,184,94,13,111,7,77,176,35,97,171,57,2,167,107,123,50,146,51,20,17,82,78,170,18,132,161,115,25,105,4,6,88,70,108,21,106,154,122,197,162,125,49,86,110,129,24,130,127,30,114,182,139,72,136,101,175,85,1,117,120,157,173,186,79,42,27,193,172,39,32,55,155,33,192,165,40,87,181,68,9,103,140,147,196,95,144,156,180,15,65,53,183,164,41,149,152,102,62,98,134,112,104,99,63,31,34,138,168,29,126,16,194,19,83,128,141,5,43,187,76,151,148,80,58,64,96,177,199,166,22,195,119,81,153,11,26,150,84,100,0,113,116,124,160,45,121];False
7033;6605;13638;[198,174,67,163,158,60,179,47,189,75,137,133,12,185,54,52,89,191,38,14,178,118,10,36,184,8,46,44,23,190,109,48,73,74,143,91,69,159,188,135,37,66,71,56,92,90,131,59,93,3,169,142,28,61,145,94,13,111,7,77,176,35,97,171,57,2,167,107,123,50,146,51,20,17,82,78,170,18,132,161,115,25,105,4,6,88,70,108,21,106,154,122,197,162,125,49,86,110,129,24,130,127,30,114,182,139,72,136,101,175,85,1,117,120,157,173,186,79,42,27,193,172,39,32,55,155,33,192,165,40,87,181,68,9,103,140,147,196,95,144,156,180,15,65,53,183,164,41,149,152,102,62,98,134,112,104,99,63,31,34,138,168,29,126,16,194,19,83,128,141,5,43,187,76,151,148,80,58,64,96,177,199,166,22,195,119,81,153,11,26,150,84,100,0,113,116,124,160,45,121];False
6873;6609;13482;[198,174,67,163,158,60,179,47,189,75,137,133,12,185,54,52,89,191,38,14,178,118,10,36,184,66,46,44,23,190,109,48,73,74,143,91,69,159,188,65,37,8,71,56,92,90,131,59,93,3,169,142,28,61,145,94,13,111,7,77,176,35,97,171,57,2,167,107,123,50,146,51,20,17,82,78,170,18,132,161,115,25,105,4,6,88,70,108,21,106,154,122,197,162,125,49,86,110,129,24,130,127,30,114,182,139,72,136,101,175,85,1,117,120,157,173,186,79,42,27,193,172,39,32,55,155,33,192,165,40,87,181,68,9,103,140,147,196,95,144,156,180,15,135,53,183,164,41,149,152,102,62,98,134,112,104,99,63,31,34,138,168,29,126,16,194,19,83,128,141,5,43,187,76,151,148,80,58,64,96,177,199,166,22,195,119,81,153,11,26,150,84,100,0,113,116,124,160,45,121];True
6864;6614;13478;[34,84,67,163,158,60,179,47,189,75,137,133,12,185,54,52,89,191,38,14,178,118,10,36,184,66,46,44,23,190,109,48,73,74,143,91,69,159,188,65,37,8,71,56,92,90,131,59,93,3,169,142,28,61,145,94,13,111,7,77,176,35,97,171,57,2,167,107,123,50,146,51,20,17,82,78,170,18,132,161,115,25,105,4,6,88,70,108,21,106,154,122,197,162,125,49,86,110,129,24,130,127,30,114,182,139,72,136,101,175,85,1,117,120,157,173,186,79,42,27,193,172,39,32,55,155,33,192,165,40,87,181,68,9,103,140,147,196,95,144,156,180,15,135,53,183,164,41,149,152,102,62,98,134,112,104,99,63,31,198,138,168,29,126,16,194,19,83,128,141,5,43,187,76,151,148,80,58,64,96,177,199,166,22,195,119,81,153,11,26,150,174,100,0,113,116,124,160,45,121];False
6723;6625;13348;[198,84,67,163,158,60,42,47,189,75,137,133,12,185,54,52,89,191,38,14,178,118,10,36,184,66,46,44,23,190,109,48,73,74,143,91,69,159,188,65,37,8,71,56,92,90,131,59,93,3,169,142,28,61,145,94,13,111,7,77,176,35,97,171,57,2,167,107,123,50,146,51,20,17,82,78,170,18,132,161,115,25,105,4,6,88,70,108,21,106,154,122,197,162,125,49,86,110,129,24,130,127,30,114,182,139,72,136,101,175,85,1,117,120,157,173,186,79,179,27,193,172,39,32,55,155,33,192,165,40,87,181,68,9,103,140,147,196,95,144,156,180,15,135,53,183,164,41,149,152,102,62,98,134,112,104,99,63,31,34,138,168,29,126,16,194,19,83,128,141,5,43,187,76,151,148,80,58,64,96,177,199,166,22,195,119,81,153,11,26,150,174,100,0,113,116,124,160,45,121];False
6842;6619;13461;[198,84,67,163,158,60,179,47,189,75,137,110,12,185,54,52,89,191,38,14,178,118,10,36,184,66,46,44,23,190,109,48,73,74,143,91,69,159,188,65,37,8,71,56,92,90,131,59,93,3,169,142,28,61,145,94,13,111,7,77,176,35,97,171,57,2,167,107,123,50,146,51,20,17,82,78,170,18,132,161,115,25,105,4,6,88,70,108,21,106,154,122,197,162,125,49,86,133,129,24,130,127,30,114,182,139,72,136,101,175,85,1,117,120,157,173,186,79,42,27,193,172,39,32,55,155,33,192,165,40,87,181,68,9,103,140,147,196,95,144,156,180,15,135,53,183,164,41,149,152,102,62,98,134,112,104,99,63,31,34,138,168,29,126,16,194,19,83,128,141,5,43,187,76,151,148,80,58,64,96,177,199,166,22,195,119,81,153,11,26,150,174,100,0,113,116,124,160,45,121];False
6798;6618;13416;[198,84,67,163,158,60,179,47,189,75,137,133,5,185,54,52,89,191,38,14,178,118,10,36,184,66,46,44,23,190,109,48,73,74,143,91,69,159,188,65,37,8,71,56,92,90,131,59,93,3,169,142,28,61,145,94,13,111,7,77,176,35,97,171,57,2,167,107,123,50,146,51,20,17,82,78,170,18,132,161,115,25,105,4,6,88,70,108,21,106,154,122,197,162,125,49,86,110,129,24,130,127,30,114,182,139,72,136,101,175,85,1,117,120,157,173,186,79,42,27,193,172,39,32,55,155,33,192,165,40,87,181,68,9,103,140,147,196,95,144,156,180,15,135,53,183,164,41,149,152,102,62,98,134,112,104,99,63,31,34,138,168,29,126,16,194,19,83,128,141,12,43,187,76,151,148,80,58,64,96,177,199,166,22,195,119,81,153,11,26,150,174,100,0,113,116,124,160,45,121];False
7029;6606;13635;[198,84,67,163,158,60,179,47,189,75,137,133,12,185,54,57,89,191,38,14,178,118,10,36,184,66,46,44,23,190,109,48,73,74,143,91,69,159,188,65,37,8,71,56,92,90,131,59,93,3,169,142,28,61,145,94,13,111,7,77,176,35,97,171,52,2,167,107,123,50,146,51,20,17,82,78,170,18,132,161,115,25,105,4,6,88,70,108,21,106,154,122,197,162,125,49,86,110,129,24,130,127,30,114,182,139,72,136,101,175,85,1,117,120,157,173,186,79,42,27,193,172,39,32,55,155,33,192,165,40,87,181,68,9,103,140,147,196,95,144,156,180,15,135,53,183,164,41,149,152,102,62,98,134,112,104,99,63,31,34,138,168,29,126,16,194,19,83,128,141,5,43,187,76,151,148,80,58,64,96,177,199,166,22,195,119,81,153,11,26,150,174,100,0,113,116,124,160,45,121];False
6829;6615;13444;[198,84,67,163,158,60,179,47,189,75,137,133,12,185,54,52,89,23,38,14,178,118,10,36,184,66,46,44,191,190,109,48,73,74,143,91,69,159,188,65,37,8,71,56,92,90,131,59,93,3,169,142,28,61,145,94,13,111,7,77,176,35,97,171,57,2,167,107,123,50,146,51,20,17,82,78,170,18,132,161,115,25,105,4,6,88,70,108,21,106,154,122,197,162,125,49,86,110,129,24,130,127,30,114,182,139,72,136,101,175,85,1,117,120,157,173,186,79,42,27,193,172,39,32,55,155,33,192,165,40,87,181,68,9,103,140,147,196,95,144,156,180,15,135,53,183,164,41,149,152,102,62,98,134,112,104,99,63,31,34,138,168,29,126,16,194,19,83,128,141,5,43,187,76,151,148,80,58,64,96,177,199,166,22,195,119,81,153,11,26,150,174,100,0,113,116,124,160,45,121];False
6944;6607;13551;[198,84,67,163,158,60,179,47,189,75,137,133,12,185,54,52,89,191,38,14,72,118,10,36,184,66,46,44,23,190,109,48,73,74,143,91,69,159,188,65,37,8,71,56,92,90,131,59,93,3,169,142,28,61,145,94,13,111,7,77,176,35,97,171,57,2,167,107,123,50,146,51,20,17,82,78,170,18,132,161,115,25,105,4,6,88,70,108,21,106,154,122,197,162,125,49,86,110,129,24,130,127,30,114,182,139,178,136,101,175,85,1,117,120,157,173,186,79,42,27,193,172,39,32,55,155,33,192,165,40,87,181,68,9,103,140,147,196,95,144,156,180,15,135,53,183,164,41,149,152,102,62,98,134,112,104,99,63,31,34,138,168,29,126,16,194,19,83,128,141,5,43,187,76,151,148,80,58,64,96,177,199,166,22,195,119,81,153,11,26,150,174,100,0,113,116,124,160,45,121];True
6854;6614;13468;[198,84,67,163,158,60,179,47,189,75,137,133,12,185,54,52,89,191,38,14,178,118,10,36,71,66,46,44,23,190,109,48,73,74,143,91,69,159,188,65,37,8,184,56,92,90,131,59,93,3,169,142,28,61,145,94,13,111,7,77,176,35,97,171,57,2,167,107,123,50,146,51,20,17,82,78,170,18,132,161,115,25,105,4,6,88,70,108,21,106,154,122,197,162,125,49,86,110,129,24,130,127,30,114,182,139,72,136,101,175,85,1,117,120,157,173,186,79,42,27,193,172,39,32,55,155,33,192,165,40,87,181,68,9,103,140,147,196,95,144,156,180,15,135,53,183,164,41,149,152,102,62,98,134,112,104,99,63,31,34,138,168,29,126,16,194,19,83,128,141,5,43,187,76,151,148,80,58,64,96,177,199,166,22,195,119,81,153,11,26,150,174,100,0,113,116,124,160,45,121];True
6932;6608;13540;[198,84,67,163,158,60,179,47,189,75,137,133,12,185,54,52,89,191,38,14,178,118,10,36,184,8,46,44,23,190,109,48,73,74,143,91,69,159,188,65,37,66,71,56,92,90,131,59,93,3,169,142,28,61,145,94,13,111,7,77,176,35,97,171,57,2,167,107,123,50,146,51,20,17,82,78,170,18,132,161,115,25,105,4,6,88,70,108,21,106,154,122,197,162,125,49,86,110,129,24,130,127,30,114,182,139,72,136,101,175,85,1,117,120,157,173,186,79,42,27,193,172,39,32,55,155,33,192,165,40,87,181,68,9,103,140,147,196,95,144,156,180,15,135,53,183,164,41,149,152,102,62,98,134,112,104,99,63,31,34,138,168,29,126,16,194,19,83,128,141,5,43,187,76,151,148,80,58,64,96,177,199,166,22,195,119,81,153,11,26,150,174,100,0,113,116,124,160,45,121];True
6861;6612;13473;[198,84,67,163,158,60,179,47,189,75,137,133,12,185,54,52,89,191,38,14,178,118,10,36,184,66,46,44,23,190,109,48,73,74,143,91,69,159,188,65,37,34,71,56,92,90,131,59,93,3,169,142,28,61,145,94,13,111,7,77,176,35,97,171,57,2,167,107,123,50,146,51,20,17,82,78,170,18,132,161,115,25,105,4,6,88,70,108,21,106,154,122,197,162,125,49,86,110,129,24,130,127,30,114,182,139,72,136,101,175,85,1,117,120,157,173,186,79,42,27,193,172,39,32,55,155,33,192,165,40,87,181,68,9,103,140,147,196,95,144,156,180,15,135,53,183,164,41,149,152,102,62,98,134,112,104,99,63,31,8,138,168,29,126,16,194,19,83,128,141,5,43,187,76,151,148,80,58,64,96,177,199,166,22,195,119,81,153,11,26,150,174,100,0,113,116,124,160,45,121];True
7174;6597;13771;[198,174,67,163,158,60,141,47,189,75,137,133,12,185,54,52,89,191,38,14,124,118,10,36,184,66,46,44,23,190,109,48,73,74,143,91,69,159,15,135,37,8,71,56,92,90,131,59,93,3,169,142,28,61,145,94,13,111,7,77,176,35,97,171,57,2,167,107,123,50,146,51,20,17,82,78,170,18,132,161,115,25,105,4,6,88,70,108,21,106,154,122,197,162,125,49,86,110,129,24,130,127,30,114,182,139,178,136,101,175,85,1,117,120,157,173,186,79,42,27,193,172,39,32,55,155,33,192,165,40,87,181,68,9,103,140,147,196,95,144,156,180,188,65,53,183,164,41,149,152,102,62,98,134,112,104,99,63,31,34,138,168,29,126,16,194,19,83,128,179,5,43,187,76,151,148,80,58,64,96,177,199,166,22,195,119,81,153,11,26,150,84,100,0,113,116,72,160,45,121];False
7390;6586;13976;[198,174,67,163,158,60,179,47,189,75,137,171,12,185,54,57,89,191,38,14,72,118,10,36,184,66,46,44,23,190,109,48,73,74,143,91,69,159,15,135,37,8,71,56,92,90,131,59,93,3,169,142,28,61,145,94,13,111,7,77,176,35,97,133,52,2,167,107,123,50,146,51,20,17,82,78,170,18,132,161,115,25,105,4,6,88,70,108,21,106,154,122,197,162,125,49,86,110,129,24,130,127,30,114,182,139,178,136,101,175,85,1,117,120,157,173,186,79,42,27,193,172,39,32,55,155,33,192,165,40,87,181,68,9,103,140,147,196,95,144,156,180,188,65,53,183,164,41,149,152,102,62,98,134,112,104,99,63,31,34,138,168,29,126,16,194,19,83,128,141,5,43,187,76,151,148,80,58,64,96,177,199,166,22,195,119,81,153,11,26,150,84,100,0,113,116,124,160,45,121];True
7256;6596;13852;[198,174,67,163,158,60,179,47,189,75,137,133,12,185,54,57,89,23,38,14,72,118,10,36,184,66,46,44,191,190,109,48,73,74,143,91,69,159,15,135,37,8,71,56,92,90,131,59,93,3,169,142,28,61,145,94,13,111,7,77,176,35,97,171,52,2,167,107,123,50,146,51,20,17,82,78,170,18,132,161,115,25,105,4,6,88,70,108,21,106,154,122,197,162,125,49,86,110,129,24,130,127,30,114,182,139,178,136,101,175,85,1,117,120,157,173,186,79,42,27,193,172,39,32,55,155,33,192,165,40,87,181,68,9,103,140,147,196,95,144,156,180,188,65,53,183,164,41,149,152,102,62,98,134,112,104,99,63,31,34,138,168,29,126,16,194,19,83,128,141,5,43,187,76,151,148,80,58,64,96,177,199,166,22,195,119,81,153,11,26,150,84,100,0,113,116,124,160,45,121];False
7240;6593;13833;[198,174,67,163,158,60,179,47,189,75,137,133,12,185,54,57,89,191,38,14,124,118,10,36,184,66,46,44,23,190,109,48,73,74,143,91,69,159,15,135,37,8,71,56,92,90,131,59,93,3,169,142,28,61,145,94,13,111,7,77,176,35,97,171,52,2,167,107,123,50,146,51,20,17,82,78,170,18,132,161,115,25,105,4,6,88,70,108,21,106,154,122,197,162,125,49,86,110,129,24,130,127,30,114,182,139,178,136,101,175,85,1,117,120,157,173,186,79,42,27,193,172,39,32,55,155,33,192,165,40,87,181,68,9,103,140,147,196,95,144,156,180,188,65,53,183,164,41,149,152,102,62,98,134,112,104,99,63,31,34,138,168,29,126,16,194,19,83,128,141,5,43,187,76,151,148,80,58,64,96,177,199,166,22,195,119,81,153,11,26,150,84,100,0,113,116,72,160,45,121];True
7074;6602;13676;[198,84,67,163,158,60,179,47,189,75,137,133,12,185,54,52,89,191,38,14,124,118,10,36,184,66,46,44,23,190,109,48,73,74,143,91,69,159,15,135,37,8,71,56,92,90,131,59,93,3,169,142,28,61,145,94,13,111,7,77,176,35,97,171,57,2,167,107,123,50,146,51,20,17,82,78,170,18,132,161,115,25,105,4,6,88,70,108,21,106,154,122,197,162,125,49,86,110,129,24,130,127,30,114,182,139,178,136,101,175,85,1,117,120,157,173,186,79,42,27,193,172,39,32,55,155,33,192,165,40,87,181,68,9,103,140,147,196,95,144,156,180,188,65,53,183,164,41,149,152,102,62,98,134,112,104,99,63,31,34,138,168,29,126,16,194,19,83,128,141,5,43,187,76,151,148,80,58,64,96,177,199,166,22,195,119,81,153,11,26,150,174,100,0,113,116,72,160,45,121];False
7172;6598;13770;[198,174,67,163,158,60,179,47,189,75,137,171,12,185,54,52,89,191,38,14,124,118,10,36,184,66,46,44,23,190,109,48,73,74,143,91,69,159,15,135,37,8,71,56,92,90,131,59,93,3,169,142,28,61,145,94,13,111,7,77,176,35,97,133,57,2,167,107,123,50,146,51,20,17,82,78,170,18,132,161,115,25,105,4,6,88,70,108,21,106,154,122,197,162,125,49,86,110,129,24,130,127,30,114,182,139,178,136,101,175,85,1,117,120,157,173,186,79,42,27,193,172,39,32,55,155,33,192,165,40,87,181,68,9,103,140,147,196,95,144,156,180,188,65,53,183,164,41,149,152,102,62,98,134,112,104,99,63,31,34,138,168,29,126,16,194,19,83,128,141,5,43,187,76,151,148,80,58,64,96,177,199,166,22,195,119,81,153,11,26,150,84,100,0,113,116,72,160,45,121];False
7009;6605;13614;[198,174,67,163,158,60,179,47,189,75,137,133,5,185,54,52,89,191,38,14,124,118,10,36,184,66,46,44,23,190,109,48,73,74,143,91,69,159,15,135,37,8,71,56,92,90,131,59,93,3,169,142,28,61,145,94,13,111,7,77,176,35,97,171,57,2,167,107,123,50,146,51,20,17,82,78,170,18,132,161,115,25,105,4,6,88,70,108,21,106,154,122,197,162,125,49,86,110,129,24,130,127,30,114,182,139,178,136,101,175,85,1,117,120,157,173,186,79,42,27,193,172,39,32,55,155,33,192,165,40,87,181,68,9,103,140,147,196,95,144,156,180,188,65,53,183,164,41,149,152,102,62,98,134,112,104,99,63,31,34,138,168,29,126,16,194,19,83,128,141,12,43,187,76,151,148,80,58,64,96,177,199,166,22,195,119,81,153,11,26,150,84,100,0,113,116,72,160,45,121];False
7040;6602;13642;[198,174,67,163,158,60,179,47,189,75,137,133,12,185,54,52,89,23,38,14,124,118,10,36,184,66,46,44,191,190,109,48,73,74,143,91,69,159,15,135,37,8,71,56,92,90,131,59,93,3,169,142,28,61,145,94,13,111,7,77,176,35,97,171,57,2,167,107,123,50,146,51,20,17,82,78,170,18,132,161,115,25,105,4,6,88,70,108,21,106,154,122,197,162,125,49,86,110,129,24,130,127,30,114,182,139,178,136,101,175,85,1,117,120,157,173,186,79,42,27,193,172,39,32,55,155,33,192,165,40,87,181,68,9,103,140,147,196,95,144,156,180,188,65,53,183,164,41,149,152,102,62,98,134,112,104,99,63,31,34,138,168,29,126,16,194,19,83,128,141,5,43,187,76,151,148,80,58,64,96,177,199,166,22,195,119,81,153,11,26,150,84,100,0,113,116,72,160,45,121];False
7024;6597;13621;[198,174,67,163,158,60,179,47,189,75,137,133,12,185,54,52,89,191,38,118,124,14,10,36,184,66,46,44,23,190,109,48,73,74,143,91,69,159,15,135,37,8,71,56,92,90,131,59,93,3,169,142,28,61,145,94,13,111,7,77,176,35,97,171,57,2,167,107,123,50,146,51,20,17,82,78,170,18,132,161,115,25,105,4,6,88,70,108,21,106,154,122,197,162,125,49,86,110,129,24,130,127,30,114,182,139,178,136,101,175,85,1,117,120,157,173,186,79,42,27,193,172,39,32,55,155,33,192,165,40,87,181,68,9,103,140,147,196,95,144,156,180,188,65,53,183,164,41,149,152,102,62,98,134,112,104,99,63,31,34,138,168,29,126,16,194,19,83,128,141,5,43,187,76,151,148,80,58,64,96,177,199,166,22,195,119,81,153,11,26,150,84,100,0,113,116,72,160,45,121];True
6735;6623;13358;[198,84,67,163,158,60,179,47,189,75,137,133,12,185,54,52,89,191,38,14,136,118,10,36,184,66,46,44,23,190,109,48,73,74,143,91,69,159,188,65,37,8,71,56,92,90,131,59,93,3,169,142,28,61,145,94,13,111,7,77,176,35,97,171,57,2,167,107,123,50,146,51,20,17,82,78,170,18,132,161,115,25,105,4,6,88,70,108,21,106,154,122,197,162,125,49,86,110,129,24,130,127,30,114,182,139,178,72,101,175,85,1,117,120,157,173,186,79,42,27,193,172,39,32,55,155,33,192,165,40,87,181,68,9,103,140,147,196,95,144,156,180,15,135,53,183,164,41,149,152,102,62,98,134,112,104,99,63,31,34,138,168,29,126,16,194,19,83,128,141,5,43,187,76,151,148,80,58,64,96,177,199,166,22,195,119,81,153,11,26,150,174,100,0,113,116,124,160,45,121];False
6714;6627;13341;[198,174,67,163,158,60,179,47,189,75,137,110,12,185,54,52,89,191,38,14,136,118,10,36,184,66,46,44,23,190,109,48,73,74,143,91,69,159,188,65,37,8,71,56,92,90,131,59,93,3,169,142,28,61,145,94,13,111,7,77,176,35,97,171,57,2,167,107,123,50,146,51,20,17,82,78,170,18,132,161,115,25,105,4,6,88,70,108,21,106,154,122,197,162,125,49,86,133,129,24,130,127,30,114,182,139,178,72,101,175,85,1,117,120,157,173,186,79,42,27,193,172,39,32,55,155,33,192,165,40,87,181,68,9,103,140,147,196,95,144,156,180,15,135,53,183,164,41,149,152,102,62,98,134,112,104,99,63,31,34,138,168,29,126,16,194,19,83,128,141,5,43,187,76,151,148,80,58,64,96,177,199,166,22,195,119,81,153,11,26,150,84,100,0,113,116,124,160,45,121];False
6670;6626;13296;[198,174,67,163,158,60,179,47,189,75,137,133,5,185,54,52,89,191,38,14,136,118,10,36,184,66,46,44,23,190,109,48,73,74,143,91,69,159,188,65,37,8,71,56,92,90,131,59,93,3,169,142,28,61,145,94,13,111,7,77,176,35,97,171,57,2,167,107,123,50,146,51,20,17,82,78,170,18,132,161,115,25,105,4,6,88,70,108,21,106,154,122,197,162,125,49,86,110,129,24,130,127,30,114,182,139,178,72,101,175,85,1,117,120,157,173,186,79,42,27,193,172,39,32,55,155,33,192,165,40,87,181,68,9,103,140,147,196,95,144,156,180,15,135,53,183,164,41,149,152,102,62,98,134,112,104,99,63,31,34,138,168,29,126,16,194,19,83,128,141,12,43,187,76,151,148,80,58,64,96,177,199,166,22,195,119,81,153,11,26,150,84,100,0,113,116,124,160,45,121];True
6701;6623;13324;[198,174,67,163,158,60,179,47,189,75,137,133,12,185,54,52,89,23,38,14,136,118,10,36,184,66,46,44,191,190,109,48,73,74,143,91,69,159,188,65,37,8,71,56,92,90,131,59,93,3,169,142,28,61,145,94,13,111,7,77,176,35,97,171,57,2,167,107,123,50,146,51,20,17,82,78,170,18,132,161,115,25,105,4,6,88,70,108,21,106,154,122,197,162,125,49,86,110,129,24,130,127,30,114,182,139,178,72,101,175,85,1,117,120,157,173,186,79,42,27,193,172,39,32,55,155,33,192,165,40,87,181,68,9,103,140,147,196,95,144,156,180,15,135,53,183,164,41,149,152,102,62,98,134,112,104,99,63,31,34,138,168,29,126,16,194,19,83,128,141,5,43,187,76,151,148,80,58,64,96,177,199,166,22,195,119,81,153,11,26,150,84,100,0,113,116,124,160,45,121];True
6821;6615;13436;[198,174,67,163,158,60,179,47,189,75,137,133,12,185,54,52,89,191,38,14,66,118,10,36,184,136,46,44,23,190,109,48,73,74,143,91,69,159,188,65,37,8,71,56,92,90,131,59,93,3,169,142,28,61,145,94,13,111,7,77,176,35,97,171,57,2,167,107,123,50,146,51,20,17,82,78,170,18,132,161,115,25,105,4,6,88,70,108,21,106,154,122,197,162,125,49,86,110,129,24,130,127,30,114,182,139,178,72,101,175,85,1,117,120,157,173,186,79,42,27,193,172,39,32,55,155,33,192,165,40,87,181,68,9,103,140,147,196,95,144,156,180,15,135,53,183,164,41,149,152,102,62,98,134,112,104,99,63,31,34,138,168,29,126,16,194,19,83,128,141,5,43,187,76,151,148,80,58,64,96,177,199,166,22,195,119,81,153,11,26,150,84,100,0,113,116,124,160,45,121];True
6949;6604;13553;[198,174,67,163,158,60,179,47,189,75,137,133,12,185,54,52,89,191,38,14,72,118,10,36,184,66,46,44,23,190,109,48,73,74,143,91,69,159,188,65,37,8,71,56,92,90,131,59,93,3,169,142,28,61,145,94,13,111,7,77,176,35,97,171,57,2,167,107,123,50,146,51,20,17,82,78,170,18,132,161,115,25,105,4,6,88,70,108,21,106,154,122,197,162,125,49,86,110,129,24,130,127,30,114,182,139,178,136,101,175,85,1,117,120,157,173,186,79,42,27,193,172,39,32,55,155,33,192,165,40,87,181,68,9,103,140,147,196,95,144,156,180,15,135,53,183,164,41,149,152,102,62,98,134,112,104,99,63,31,34,138,168,29,126,16,194,19,83,128,141,5,43,187,76,151,148,80,58,64,96,177,199,166,22,195,119,81,153,11,26,150,84,100,0,113,116,124,160,45,121];True
6788;6616;13404;[198,174,67,163,158,60,179,47,189,75,137,133,12,185,54,52,89,191,38,14,136,145,10,36,184,66,46,44,23,190,109,48,73,74,143,91,69,159,188,65,37,8,71,56,92,90,131,59,93,3,169,142,28,61,118,94,13,111,7,77,176,35,97,171,57,2,167,107,123,50,146,51,20,17,82,78,170,18,132,161,115,25,105,4,6,88,70,108,21,106,154,122,197,162,125,49,86,110,129,24,130,127,30,114,182,139,178,72,101,175,85,1,117,120,157,173,186,79,42,27,193,172,39,32,55,155,33,192,165,40,87,181,68,9,103,140,147,196,95,144,156,180,15,135,53,183,164,41,149,152,102,62,98,134,112,104,99,63,31,34,138,168,29,126,16,194,19,83,128,141,5,43,187,76,151,148,80,58,64,96,177,199,166,22,195,119,81,153,11,26,150,84,100,0,113,116,124,160,45,121];True
6726;6622;13348;[198,174,67,163,158,60,179,47,189,75,137,133,12,185,54,52,89,191,38,14,136,118,10,36,71,66,46,44,23,190,109,48,73,74,143,91,69,159,188,65,37,8,184,56,92,90,131,59,93,3,169,142,28,61,145,94,13,111,7,77,176,35,97,171,57,2,167,107,123,50,146,51,20,17,82,78,170,18,132,161,115,25,105,4,6,88,70,108,21,106,154,122,197,162,125,49,86,110,129,24,130,127,30,114,182,139,178,72,101,175,85,1,117,120,157,173,186,79,42,27,193,172,39,32,55,155,33,192,165,40,87,181,68,9,103,140,147,196,95,144,156,180,15,135,53,183,164,41,149,152,102,62,98,134,112,104,99,63,31,34,138,168,29,126,16,194,19,83,128,141,5,43,187,76,151,148,80,58,64,96,177,199,166,22,195,119,81,153,11,26,150,84,100,0,113,116,124,160,45,121];True
6764;6619;13383;[198,174,67,163,158,60,179,47,189,75,137,133,12,185,54,52,89,191,38,14,136,118,10,36,145,66,46,44,23,190,109,48,73,74,143,91,69,159,188,65,37,8,71,56,92,90,131,59,93,3,169,142,28,61,184,94,13,111,7,77,176,35,97,171,57,2,167,107,123,50,146,51,20,17,82,78,170,18,132,161,115,25,105,4,6,88,70,108,21,106,154,122,197,162,125,49,86,110,129,24,130,127,30,114,182,139,178,72,101,175,85,1,117,120,157,173,186,79,42,27,193,172,39,32,55,155,33,192,165,40,87,181,68,9,103,140,147,196,95,144,156,180,15,135,53,183,164,41,149,152,102,62,98,134,112,104,99,63,31,34,138,168,29,126,16,194,19,83,128,141,5,43,187,76,151,148,80,58,64,96,177,199,166,22,195,119,81,153,11,26,150,84,100,0,113,116,124,160,45,121];True
6733;6620;13353;[198,174,67,163,158,60,179,47,189,75,137,133,12,185,54,52,89,191,38,14,136,118,10,36,184,66,46,44,23,190,109,48,73,74,143,91,69,159,188,65,37,34,71,56,92,90,131,59,93,3,169,142,28,61,145,94,13,111,7,77,176,35,97,171,57,2,167,107,123,50,146,51,20,17,82,78,170,18,132,161,115,25,105,4,6,88,70,108,21,106,154,122,197,162,125,49,86,110,129,24,130,127,30,114,182,139,178,72,101,175,85,1,117,120,157,173,186,79,42,27,193,172,39,32,55,155,33,192,165,40,87,181,68,9,103,140,147,196,95,144,156,180,15,135,53,183,164,41,149,152,102,62,98,134,112,104,99,63,31,8,138,168,29,126,16,194,19,83,128,141,5,43,187,76,151,148,80,58,64,96,177,199,166,22,195,119,81,153,11,26,150,84,100,0,113,116,124,160,45,121];True
7798;6577;14375;[50,51,198,174,67,83,59,57,132,75,163,133,12,185,111,26,169,115,89,3,161,159,15,135,53,180,46,44,23,190,109,10,37,156,34,91,69,28,8,184,94,71,138,48,92,90,131,148,93,14,178,191,66,61,145,84,13,151,7,38,176,35,97,128,52,2,167,107,123,146,155,65,118,17,82,18,0,77,149,170,129,25,105,4,6,88,70,108,21,106,154,122,197,24,72,78,86,110,171,189,49,127,30,114,182,139,29,137,158,175,85,1,117,120,157,173,186,79,42,27,193,172,39,32,55,125,33,192,165,40,87,181,68,9,103,162,147,196,95,144,56,63,31,143,160,183,164,41,152,130,102,62,5,134,112,104,99,73,74,20,188,168,140,126,16,194,19,98,60,179,47,43,187,76,101,141,11,58,64,96,177,199,166,22,195,119,81,153,80,36,150,136,100,54,113,116,124,142,45,121];False
7787;6578;14365;[198,124,50,174,67,83,59,57,132,75,163,133,12,185,111,26,169,115,89,3,161,159,15,135,53,180,46,44,23,190,109,10,37,156,34,91,69,28,8,184,94,71,138,48,92,90,131,148,93,14,178,191,66,61,145,84,13,151,7,38,176,35,97,128,52,2,167,107,123,146,155,65,118,17,82,18,0,77,149,170,129,25,105,4,6,88,70,108,21,106,154,122,197,24,72,78,86,110,171,189,49,127,30,114,182,139,29,137,158,175,85,1,117,120,157,173,186,79,42,27,193,172,39,32,55,125,33,192,165,40,87,181,68,9,103,162,147,196,95,144,56,63,31,143,160,183,164,41,152,130,102,62,5,134,112,104,99,73,74,20,188,168,140,126,16,194,19,98,60,179,47,43,187,76,101,141,11,58,64,96,177,199,166,22,195,119,81,153,80,36,150,136,100,54,113,116,51,142,45,121];False
7926;6570;14496;[198,51,50,174,67,83,59,57,132,152,163,133,12,185,111,26,169,115,89,3,161,159,15,135,53,180,46,44,23,190,109,10,37,156,34,91,69,28,8,184,94,71,138,48,92,90,131,148,93,14,178,191,66,61,145,84,13,151,7,38,176,35,97,128,52,2,167,107,123,146,155,65,118,17,82,18,0,77,149,170,129,25,105,4,6,88,70,108,21,106,154,122,197,24,72,78,86,110,171,189,49,127,30,114,182,139,29,137,158,175,85,1,117,120,157,173,186,79,42,27,193,172,39,32,55,125,33,192,165,40,87,181,68,9,103,162,147,196,95,144,56,63,31,143,160,183,164,41,75,130,102,62,5,134,112,104,99,73,74,20,188,168,140,126,16,194,19,98,60,179,47,43,187,76,101,141,11,58,64,96,177,199,166,22,195,119,81,153,80,36,150,136,100,54,113,116,124,142,45,121];False
7904;6567;14471;[198,51,50,174,67,83,59,57,132,75,137,133,12,185,111,26,169,115,89,3,161,159,15,135,53,180,46,44,23,190,109,10,37,156,34,91,69,28,8,184,94,71,138,48,92,90,131,148,93,14,178,191,66,61,145,84,13,151,7,38,176,35,97,128,52,2,167,107,123,146,155,65,118,17,82,18,0,77,149,170,129,25,105,4,6,88,70,108,21,106,154,122,197,24,72,78,86,110,171,189,49,127,30,114,182,139,29,163,158,175,85,1,117,120,157,173,186,79,42,27,193,172,39,32,55,125,33,192,165,40,87,181,68,9,103,162,147,196,95,144,56,63,31,143,160,183,164,41,152,130,102,62,5,134,112,104,99,73,74,20,188,168,140,126,16,194,19,98,60,179,47,43,187,76,101,141,11,58,64,96,177,199,166,22,195,119,81,153,80,36,150,136,100,54,113,116,124,142,45,121];True
7779;6577;14356;[198,51,50,174,67,83,59,57,132,75,163,133,12,185,39,26,169,115,89,3,161,159,15,135,53,180,46,44,23,190,109,10,37,156,34,91,69,28,8,184,94,71,138,48,92,90,131,148,93,14,178,191,66,61,145,84,13,151,7,38,176,35,97,128,52,2,167,107,123,146,155,65,118,17,82,18,0,77,149,170,129,25,105,4,6,88,70,108,21,106,154,122,197,24,72,78,86,110,171,189,49,127,30,114,182,139,29,137,158,175,85,1,117,120,157,173,186,79,42,27,193,172,111,32,55,125,33,192,165,40,87,181,68,9,103,162,147,196,95,144,56,63,31,143,160,183,164,41,152,130,102,62,5,134,112,104,99,73,74,20,188,168,140,126,16,194,19,98,60,179,47,43,187,76,101,141,11,58,64,96,177,199,166,22,195,119,81,153,80,36,150,136,100,54,113,116,124,142,45,121];False
7868;6569;14437;[198,51,50,174,67,83,59,57,132,75,163,133,12,185,76,26,169,115,89,3,161,159,15,135,53,180,46,44,23,190,109,10,37,156,34,91,69,28,8,184,94,71,138,48,92,90,131,148,93,14,178,191,66,61,145,84,13,151,7,38,176,35,97,128,52,2,167,107,123,146,155,65,118,17,82,18,0,77,149,170,129,25,105,4,6,88,70,108,21,106,154,122,197,24,72,78,86,110,171,189,49,127,30,114,182,139,29,137,158,175,85,1,117,120,157,173,186,79,42,27,193,172,39,32,55,125,33,192,165,40,87,181,68,9,103,162,147,196,95,144,56,63,31,143,160,183,164,41,152,130,102,62,5,134,112,104,99,73,74,20,188,168,140,126,16,194,19,98,60,179,47,43,187,111,101,141,11,58,64,96,177,199,166,22,195,119,81,153,80,36,150,136,100,54,113,116,124,142,45,121];True
7815;6575;14390;[198,51,50,174,67,83,59,57,132,75,163,133,12,185,111,80,169,115,89,3,161,159,15,135,53,180,46,44,23,190,109,10,37,156,34,91,69,28,8,184,94,71,138,48,92,90,131,148,93,14,178,191,66,61,145,84,13,151,7,38,176,35,97,128,52,2,167,107,123,146,155,65,118,17,82,18,0,77,149,170,129,25,105,4,6,88,70,108,21,106,154,122,197,24,72,78,86,110,171,189,49,127,30,114,182,139,29,137,158,175,85,1,117,120,157,173,186,79,42,27,193,172,39,32,55,125,33,192,165,40,87,181,68,9,103,162,147,196,95,144,56,63,31,143,160,183,164,41,152,130,102,62,5,134,112,104,99,73,74,20,188,168,140,126,16,194,19,98,60,179,47,43,187,76,101,141,11,58,64,96,177,199,166,22,195,119,81,153,26,36,150,136,100,54,113,116,124,142,45,121];False
7774;6574;14348;[198,51,50,174,67,83,59,57,132,75,163,133,12,185,111,26,89,115,169,3,161,159,15,135,53,180,46,44,23,190,109,10,37,156,34,91,69,28,8,184,94,71,138,48,92,90,131,148,93,14,178,191,66,61,145,84,13,151,7,38,176,35,97,128,52,2,167,107,123,146,155,65,118,17,82,18,0,77,149,170,129,25,105,4,6,88,70,108,21,106,154,122,197,24,72,78,86,110,171,189,49,127,30,114,182,139,29,137,158,175,85,1,117,120,157,173,186,79,42,27,193,172,39,32,55,125,33,192,165,40,87,181,68,9,103,162,147,196,95,144,56,63,31,143,160,183,164,41,152,130,102,62,5,134,112,104,99,73,74,20,188,168,140,126,16,194,19,98,60,179,47,43,187,76,101,141,11,58,64,96,177,199,166,22,195,119,81,153,80,36,150,136,100,54,113,116,124,142,45,121];False
7799;6573;14372;[198,51,50,174,67,83,59,57,132,75,163,133,12,185,111,26,169,115,89,3,161,28,15,135,53,180,46,44,23,190,109,10,37,156,34,91,69,159,8,184,94,71,138,48,92,90,131,148,93,14,178,191,66,61,145,84,13,151,7,38,176,35,97,128,52,2,167,107,123,146,155,65,118,17,82,18,0,77,149,170,129,25,105,4,6,88,70,108,21,106,154,122,197,24,72,78,86,110,171,189,49,127,30,114,182,139,29,137,158,175,85,1,117,120,157,173,186,79,42,27,193,172,39,32,55,125,33,192,165,40,87,181,68,9,103,162,147,196,95,144,56,63,31,143,160,183,164,41,152,130,102,62,5,134,112,104,99,73,74,20,188,168,140,126,16,194,19,98,60,179,47,43,187,76,101,141,11,58,64,96,177,199,166,22,195,119,81,153,80,36,150,136,100,54,113,116,124,142,45,121];False
7990;6566;14556;[198,51,50,174,67,83,59,57,132,75,163,133,12,185,111,26,169,115,89,3,161,159,15,135,53,180,46,44,23,190,109,10,37,48,34,91,69,28,8,184,94,71,138,156,92,90,131,148,93,14,178,191,66,61,145,84,13,151,7,38,176,35,97,128,52,2,167,107,123,146,155,65,118,17,82,18,0,77,149,170,129,25,105,4,6,88,70,108,21,106,154,122,197,24,72,78,86,110,171,189,49,127,30,114,182,139,29,137,158,175,85,1,117,120,157,173,186,79,42,27,193,172,39,32,55,125,33,192,165,40,87,181,68,9,103,162,147,196,95,144,56,63,31,143,160,183,164,41,152,130,102,62,5,134,112,104,99,73,74,20,188,168,140,126,16,194,19,98,60,179,47,43,187,76,101,141,11,58,64,96,177,199,166,22,195,119,81,153,80,36,150,136,100,54,113,116,124,142,45,121];False
7930;6564;14494;[198,51,50,174,67,83,59,57,132,75,163,133,12,185,111,26,169,115,89,3,161,159,15,135,53,180,46,44,23,190,109,10,37,124,34,91,69,28,8,184,94,71,138,48,92,90,131,148,93,14,178,191,66,61,145,84,13,151,7,38,176,35,97,128,52,2,167,107,123,146,155,65,118,17,82,18,0,77,149,170,129,25,105,4,6,88,70,108,21,106,154,122,197,24,72,78,86,110,171,189,49,127,30,114,182,139,29,137,158,175,85,1,117,120,157,173,186,79,42,27,193,172,39,32,55,125,33,192,165,40,87,181,68,9,103,162,147,196,95,144,56,63,31,143,160,183,164,41,152,130,102,62,5,134,112,104,99,73,74,20,188,168,140,126,16,194,19,98,60,179,47,43,187,76,101,141,11,58,64,96,177,199,166,22,195,119,81,153,80,36,150,136,100,54,113,116,156,142,45,121];True
7709;6575;14284;[198,51,50,174,67,83,59,57,132,75,163,133,12,185,111,26,169,115,89,3,161,159,15,135,53,180,46,44,23,190,109,10,37,156,34,91,69,28,8,124,94,71,138,48,92,90,131,148,93,14,178,191,66,61,145,84,13,151,7,38,176,35,97,128,52,2,167,107,123,146,155,65,118,17,82,18,0,77,149,170,129,25,105,4,6,88,70,108,21,106,154,122,197,24,72,78,86,110,171,189,49,127,30,114,182,139,29,137,158,175,85,1,117,120,157,173,186,79,42,27,193,172,39,32,55,125,33,192,165,40,87,181,68,9,103,162,147,196,95,144,56,63,31,143,160,183,164,41,152,130,102,62,5,134,112,104,99,73,74,20,188,168,140,126,16,194,19,98,60,179,47,43,187,76,101,141,11,58,64,96,177,199,166,22,195,119,81,153,80,36,150,136,100,54,113,116,184,142,45,121];True
7787;6572;14359;[198,51,50,174,67,83,59,57,132,75,163,133,12,185,111,26,169,115,89,3,161,159,15,135,53,180,46,44,23,190,109,10,37,156,34,91,69,28,8,184,94,118,138,48,92,90,131,148,93,14,178,191,66,61,145,84,13,151,7,38,176,35,97,128,52,2,167,107,123,146,155,65,71,17,82,18,0,77,149,170,129,25,105,4,6,88,70,108,21,106,154,122,197,24,72,78,86,110,171,189,49,127,30,114,182,139,29,137,158,175,85,1,117,120,157,173,186,79,42,27,193,172,39,32,55,125,33,192,165,40,87,181,68,9,103,162,147,196,95,144,56,63,31,143,160,183,164,41,152,130,102,62,5,134,112,104,99,73,74,20,188,168,140,126,16,194,19,98,60,179,47,43,187,76,101,141,11,58,64,96,177,199,166,22,195,119,81,153,80,36,150,136,100,54,113,116,124,142,45,121];False
7724;6572;14296;[198,51,50,174,67,83,59,57,132,75,163,133,12,185,111,36,169,115,89,3,161,159,15,135,53,180,46,44,23,190,109,10,37,124,94,91,69,28,8,184,34,71,138,48,92,90,131,148,93,14,178,191,66,61,145,84,13,151,7,38,176,35,97,128,52,2,167,107,123,146,155,65,118,17,82,18,0,77,149,170,129,25,105,4,6,88,70,108,21,106,154,122,197,24,72,78,86,110,171,189,49,127,30,114,182,139,29,137,158,175,85,1,117,120,157,173,186,79,42,27,193,172,39,32,55,125,33,192,165,40,87,181,68,9,103,162,147,196,95,144,56,63,31,143,160,183,164,41,152,130,102,62,5,134,112,104,99,73,74,20,188,168,140,126,16,194,19,98,60,179,47,43,187,76,101,141,11,58,64,96,177,199,166,22,195,119,81,153,80,26,150,136,100,54,113,116,156,142,45,121];True
7820;6571;14391;[198,51,50,174,67,83,59,57,132,75,163,133,12,185,111,36,169,115,89,3,161,159,15,135,53,180,46,44,23,190,109,10,37,124,34,91,69,28,8,184,94,118,138,48,92,90,131,148,93,14,178,191,66,61,145,84,13,151,7,38,176,35,97,128,52,2,167,107,123,146,155,65,71,17,82,18,0,77,149,170,129,25,105,4,6,88,70,108,21,106,154,122,197,24,72,78,86,110,171,189,49,127,30,114,182,139,29,137,158,175,85,1,117,120,157,173,186,79,42,27,193,172,39,32,55,125,33,192,165,40,87,181,68,9,103,162,147,196,95,144,56,63,31,143,160,183,164,41,152,130,102,62,5,134,112,104,99,73,74,20,188,168,140,126,16,194,19,98,60,179,47,43,187,76,101,141,11,58,64,96,177,199,166,22,195,119,81,153,80,26,150,136,100,54,113,116,156,142,45,121];True
7703;6581;14284;[198,51,50,174,67,83,59,57,132,75,163,133,12,185,111,36,161,115,89,3,169,159,15,135,53,180,46,44,23,190,109,10,37,156,34,91,69,28,8,124,94,71,138,48,92,90,131,148,93,14,178,191,66,61,145,84,13,151,7,38,176,35,97,128,52,2,167,107,123,146,155,65,118,17,82,18,0,77,149,170,129,25,105,4,6,88,70,108,21,106,154,122,197,24,72,78,86,110,171,189,49,127,30,114,182,139,29,137,158,175,85,1,117,120,157,173,186,79,42,27,193,172,39,32,55,125,33,192,165,40,87,181,68,9,103,162,147,196,95,144,56,63,31,143,160,183,164,41,152,130,102,62,5,134,112,104,99,73,74,20,188,168,140,126,16,194,19,98,60,179,47,43,187,76,101,141,11,58,64,96,177,199,166,22,195,119,81,153,80,26,150,136,100,54,113,116,184,142,45,121];False
7697;6579;14276;[198,51,50,174,67,83,59,57,132,75,163,133,12,185,111,36,145,115,89,3,161,159,15,135,53,180,46,44,23,190,109,10,37,156,34,91,69,28,8,124,94,71,138,48,92,90,131,148,93,14,178,191,66,61,169,84,13,151,7,38,176,35,97,128,52,2,167,107,123,146,155,65,118,17,82,18,0,77,149,170,129,25,105,4,6,88,70,108,21,106,154,122,197,24,72,78,86,110,171,189,49,127,30,114,182,139,29,137,158,175,85,1,117,120,157,173,186,79,42,27,193,172,39,32,55,125,33,192,165,40,87,181,68,9,103,162,147,196,95,144,56,63,31,143,160,183,164,41,152,130,102,62,5,134,112,104,99,73,74,20,188,168,140,126,16,194,19,98,60,179,47,43,187,76,101,141,11,58,64,96,177,199,166,22,195,119,81,153,80,26,150,136,100,54,113,116,184,142,45,121];False
7682;6577;14259;[198,51,50,174,67,83,59,57,132,75,163,133,12,185,111,36,184,115,89,3,161,159,15,135,53,180,46,44,23,190,109,10,37,156,34,91,69,28,8,124,94,71,138,48,92,90,131,148,93,14,178,191,66,61,145,84,13,151,7,38,176,35,97,128,52,2,167,107,123,146,155,65,118,17,82,18,0,77,149,170,129,25,105,4,6,88,70,108,21,106,154,122,197,24,72,78,86,110,171,189,49,127,30,114,182,139,29,137,158,175,85,1,117,120,157,173,186,79,42,27,193,172,39,32,55,125,33,192,165,40,87,181,68,9,103,162,147,196,95,144,56,63,31,143,160,183,164,41,152,130,102,62,5,134,112,104,99,73,74,20,188,168,140,126,16,194,19,98,60,179,47,43,187,76,101,141,11,58,64,96,177,199,166,22,195,119,81,153,80,26,150,136,100,54,113,116,169,142,45,121];True
7639;6584;14223;[198,51,50,174,67,83,59,57,132,75,163,133,12,185,111,36,169,115,176,3,161,159,15,135,53,180,46,44,23,190,109,10,37,156,34,91,69,28,8,124,94,71,138,48,92,90,131,148,93,14,178,191,66,61,145,84,13,151,7,38,89,35,97,128,52,2,167,107,123,146,155,65,118,17,82,18,0,77,149,170,129,25,105,4,6,88,70,108,21,106,154,122,197,24,72,78,86,110,171,189,49,127,30,114,182,139,29,137,158,175,85,1,117,120,157,173,186,79,42,27,193,172,39,32,55,125,33,192,165,40,87,181,68,9,103,162,147,196,95,144,56,63,31,143,160,183,164,41,152,130,102,62,5,134,112,104,99,73,74,20,188,168,140,126,16,194,19,98,60,179,47,43,187,76,101,141,11,58,64,96,177,199,166,22,195,119,81,153,80,26,150,136,100,54,113,116,184,142,45,121];False
7611;6583;14194;[198,51,50,174,67,83,59,57,132,75,163,133,12,185,111,36,169,115,89,3,161,28,15,135,53,180,46,44,23,190,109,10,37,156,34,91,69,159,8,124,94,71,138,48,92,90,131,148,93,14,178,191,66,61,145,84,13,151,7,38,176,35,97,128,52,2,167,107,123,146,155,65,118,17,82,18,0,77,149,170,129,25,105,4,6,88,70,108,21,106,154,122,197,24,72,78,86,110,171,189,49,127,30,114,182,139,29,137,158,175,85,1,117,120,157,173,186,79,42,27,193,172,39,32,55,125,33,192,165,40,87,181,68,9,103,162,147,196,95,144,56,63,31,143,160,183,164,41,152,130,102,62,5,134,112,104,99,73,74,20,188,168,140,126,16,194,19,98,60,179,47,43,187,76,101,141,11,58,64,96,177,199,166,22,195,119,81,153,80,26,150,136,100,54,113,116,184,142,45,121];False
7674;6580;14254;[198,51,50,174,67,83,59,57,132,75,163,133,12,185,111,36,169,115,89,3,161,159,15,135,53,180,46,44,23,190,109,10,37,156,34,91,69,28,55,124,94,71,138,48,92,90,131,148,93,14,178,191,66,61,145,84,13,151,7,38,176,35,97,128,52,2,167,107,123,146,155,65,118,17,82,18,0,77,149,170,129,25,105,4,6,88,70,108,21,106,154,122,197,24,72,78,86,110,171,189,49,127,30,114,182,139,29,137,158,175,85,1,117,120,157,173,186,79,42,27,193,172,39,32,8,125,33,192,165,40,87,181,68,9,103,162,147,196,95,144,56,63,31,143,160,183,164,41,152,130,102,62,5,134,112,104,99,73,74,20,188,168,140,126,16,194,19,98,60,179,47,43,187,76,101,141,11,58,64,96,177,199,166,22,195,119,81,153,80,26,150,136,100,54,113,116,184,142,45,121];True
7599;6582;14181;[198,51,50,174,67,83,59,57,132,75,163,133,12,185,111,36,169,115,89,3,161,159,15,135,53,180,46,44,23,190,109,10,37,156,34,91,69,28,8,124,94,118,138,48,92,90,131,148,93,14,178,191,66,61,145,84,13,151,7,38,176,35,97,128,52,2,167,107,123,146,155,65,71,17,82,18,0,77,149,170,129,25,105,4,6,88,70,108,21,106,154,122,197,24,72,78,86,110,171,189,49,127,30,114,182,139,29,137,158,175,85,1,117,120,157,173,186,79,42,27,193,172,39,32,55,125,33,192,165,40,87,181,68,9,103,162,147,196,95,144,56,63,31,143,160,183,164,41,152,130,102,62,5,134,112,104,99,73,74,20,188,168,140,126,16,194,19,98,60,179,47,43,187,76,101,141,11,58,64,96,177,199,166,22,195,119,81,153,80,26,150,136,100,54,113,116,184,142,45,121];True
8134;6558;14692;[50,31,143,136,149,83,59,57,132,75,137,133,12,185,54,197,29,84,89,3,161,28,15,135,142,115,46,44,37,190,109,10,184,51,174,91,69,159,8,118,180,198,188,48,92,90,131,148,93,14,178,23,66,61,145,94,13,151,7,38,176,35,97,128,52,2,167,107,123,146,155,65,53,17,82,18,0,77,196,170,129,25,105,4,6,88,70,108,21,106,154,122,26,24,72,78,86,110,171,189,49,127,30,114,182,139,169,163,158,175,85,1,117,120,157,173,186,79,42,27,193,172,111,32,55,125,33,192,165,40,87,181,68,9,103,162,147,67,95,144,156,140,74,194,191,183,164,41,152,130,102,62,5,134,112,104,99,63,73,20,138,168,34,126,16,71,19,98,60,179,47,43,187,76,101,141,11,58,64,96,177,199,166,22,195,119,81,153,80,36,150,56,100,39,113,116,124,160,45,121];False
8045;6561;14606;[50,31,143,136,149,83,59,57,132,75,163,133,12,185,54,197,29,84,89,3,161,103,15,135,142,115,46,44,37,190,109,10,184,51,174,91,69,159,8,118,180,198,188,48,92,90,131,148,93,14,178,23,66,61,145,94,13,151,7,38,176,35,97,128,52,2,167,107,123,146,155,65,53,17,82,18,0,77,196,170,129,25,105,4,6,88,70,108,21,106,154,122,26,24,72,78,86,110,171,189,49,127,30,114,182,139,169,137,158,175,85,1,117,120,157,173,186,79,42,27,193,172,111,32,55,125,33,192,165,40,87,181,68,9,28,162,147,67,95,144,156,140,74,194,191,183,164,41,152,130,102,62,5,134,112,104,99,63,73,20,138,168,34,126,16,71,19,98,60,179,47,43,187,76,101,141,11,58,64,96,177,199,166,22,195,119,81,153,80,36,150,56,100,39,113,116,124,160,45,121];False
8130;6558;14688;[50,174,67,36,149,83,59,57,132,75,137,133,12,185,54,120,157,84,89,3,161,159,15,135,71,165,46,44,124,190,109,66,184,51,34,91,69,28,8,118,180,53,188,48,92,90,131,148,93,14,178,142,10,61,145,94,13,151,7,38,176,35,97,111,52,2,95,107,123,73,155,65,198,17,82,18,0,77,196,170,129,25,105,4,6,88,70,108,21,106,154,122,197,24,72,78,86,110,171,189,49,127,30,114,182,139,37,163,158,128,85,1,117,167,169,115,186,79,42,27,193,172,39,32,55,125,33,192,173,40,87,181,68,9,103,162,147,23,136,144,156,146,31,143,191,183,164,41,152,130,102,62,5,134,112,104,99,63,74,20,138,168,140,126,16,194,19,98,60,179,47,43,187,76,101,141,11,58,64,96,177,199,166,22,195,119,81,153,80,26,150,56,100,175,113,116,29,160,45,121];False
8083;6560;14643;[50,174,67,36,149,83,59,57,132,75,137,133,12,185,54,120,157,84,89,3,161,159,15,135,71,165,46,44,29,190,109,66,184,51,34,91,69,28,8,118,124,53,188,48,92,90,131,148,93,14,178,142,10,61,145,94,13,151,7,38,176,35,97,111,52,2,95,107,123,73,155,65,198,17,82,18,0,77,196,170,129,25,105,4,6,88,70,108,21,106,154,122,197,24,72,78,86,110,171,189,49,127,30,114,182,139,37,163,158,128,85,1,117,167,169,115,186,79,42,27,193,172,39,32,55,125,33,192,173,40,87,181,68,9,103,162,147,23,136,144,156,146,31,143,191,183,164,41,152,130,102,62,5,134,112,104,99,63,74,20,138,168,140,126,16,194,19,98,60,179,47,43,187,76,101,141,11,58,64,96,177,199,166,22,195,119,81,153,80,26,150,56,100,175,113,116,180,160,45,121];False
8129;6546;14675;[73,174,67,36,149,83,59,57,132,75,137,133,12,185,54,120,157,84,89,3,161,159,15,135,71,165,46,44,37,190,109,10,184,51,34,91,69,28,8,118,65,53,188,48,92,90,131,148,93,14,178,142,66,61,145,94,13,151,7,38,176,35,97,111,52,2,95,107,123,50,155,29,198,17,82,18,0,77,196,170,129,25,105,4,6,88,70,108,21,106,154,122,197,24,72,78,86,110,171,189,49,127,30,114,182,139,180,163,158,128,85,1,117,167,169,115,186,79,42,27,193,172,39,32,55,125,33,192,173,40,87,181,68,9,103,162,147,23,136,144,156,146,31,143,191,183,164,41,152,130,102,62,5,134,112,104,99,63,74,20,138,168,140,126,16,194,19,98,60,179,47,43,187,76,101,141,11,58,64,96,177,199,166,22,195,119,81,153,80,26,150,56,100,175,113,116,124,160,45,121];False
8115;6558;14673;[50,174,67,36,149,83,86,57,132,75,137,133,12,185,54,120,157,84,89,3,161,159,15,135,71,165,46,44,37,190,109,10,184,51,34,91,69,28,8,118,65,53,188,48,92,90,131,148,93,14,178,142,66,61,145,94,13,151,7,38,176,35,97,111,52,2,95,107,123,73,155,29,198,17,82,18,0,77,196,170,129,25,105,4,6,88,70,108,21,106,154,122,197,24,72,78,59,110,171,189,49,127,30,114,182,139,180,163,158,128,85,1,117,167,169,115,186,79,42,27,193,172,39,32,55,125,33,192,173,40,87,181,68,9,103,162,147,23,136,144,156,146,31,143,191,183,164,41,152,130,102,62,5,134,112,104,99,63,74,20,138,168,140,126,16,194,19,98,60,179,47,43,187,76,101,141,11,58,64,96,177,199,166,22,195,119,81,153,80,26,150,56,100,175,113,116,124,160,45,121];False
8116;6554;14670;[50,174,67,36,149,83,59,81,132,75,137,133,12,185,54,120,157,84,89,3,161,159,15,135,71,165,46,44,37,190,109,10,184,51,34,91,69,28,8,118,65,53,188,48,92,90,131,148,93,14,178,142,66,61,145,94,13,151,7,38,176,35,97,111,52,2,95,107,123,73,155,29,198,17,82,18,0,77,196,170,129,25,105,4,6,88,70,108,21,106,154,122,197,24,72,78,86,110,171,189,49,127,30,114,182,139,180,163,158,128,85,1,117,167,169,115,186,79,42,27,193,172,39,32,55,125,33,192,173,40,87,181,68,9,103,162,147,23,136,144,156,146,31,143,191,183,164,41,152,130,102,62,5,134,112,104,99,63,74,20,138,168,140,126,16,194,19,98,60,179,47,43,187,76,101,141,11,58,64,96,177,199,166,22,195,119,57,153,80,26,150,56,100,175,113,116,124,160,45,121];False
8082;6560;14642;[50,174,67,36,149,83,59,57,132,75,137,133,12,185,54,120,61,84,89,3,161,159,15,135,71,165,46,44,37,190,109,10,184,51,34,91,69,28,8,118,65,53,188,48,92,90,131,148,93,14,178,142,66,157,145,94,13,151,7,38,176,35,97,111,52,2,95,107,123,73,155,29,198,17,82,18,0,77,196,170,129,25,105,4,6,88,70,108,21,106,154,122,197,24,72,78,86,110,171,189,49,127,30,114,182,139,180,163,158,128,85,1,117,167,169,115,186,79,42,27,193,172,39,32,55,125,33,192,173,40,87,181,68,9,103,162,147,23,136,144,156,146,31,143,191,183,164,41,152,130,102,62,5,134,112,104,99,63,74,20,138,168,140,126,16,194,19,98,60,179,47,43,187,76,101,141,11,58,64,96,177,199,166,22,195,119,81,153,80,26,150,56,100,175,113,116,124,160,45,121];False
8104;6559;14663;[50,174,67,36,149,83,59,57,132,75,137,133,12,185,54,120,157,66,89,3,161,159,15,135,71,165,46,44,37,190,109,10,184,51,34,91,69,28,8,118,65,53,188,48,92,90,131,148,93,14,178,142,84,61,145,94,13,151,7,38,176,35,97,111,52,2,95,107,123,73,155,29,198,17,82,18,0,77,196,170,129,25,105,4,6,88,70,108,21,106,154,122,197,24,72,78,86,110,171,189,49,127,30,114,182,139,180,163,158,128,85,1,117,167,169,115,186,79,42,27,193,172,39,32,55,125,33,192,173,40,87,181,68,9,103,162,147,23,136,144,156,146,31,143,191,183,164,41,152,130,102,62,5,134,112,104,99,63,74,20,138,168,140,126,16,194,19,98,60,179,47,43,187,76,101,141,11,58,64,96,177,199,166,22,195,119,81,153,80,26,150,56,100,175,113,116,124,160,45,121];False
8234;6542;14776;[50,174,67,36,149,83,59,57,132,75,137,133,12,185,54,120,157,84,169,3,161,159,15,135,71,165,46,44,37,190,109,10,184,51,34,91,69,28,8,118,65,53,188,48,92,90,131,148,93,14,178,142,66,61,145,94,13,151,7,38,176,35,97,111,52,2,95,107,123,73,155,29,198,17,82,18,0,77,196,170,129,25,105,4,6,88,70,108,21,106,154,122,197,24,72,78,86,110,171,189,49,127,30,114,182,139,180,163,158,128,85,1,117,167,89,115,186,79,42,27,193,172,39,32,55,125,33,192,173,40,87,181,68,9,103,162,147,23,136,144,156,146,31,143,191,183,164,41,152,130,102,62,5,134,112,104,99,63,74,20,138,168,140,126,16,194,19,98,60,179,47,43,187,76,101,141,11,58,64,96,177,199,166,22,195,119,81,153,80,26,150,56,100,175,113,116,124,160,45,121];False
8121;6551;14672;[50,174,67,36,149,83,59,57,132,75,137,133,12,185,54,120,157,84,89,3,161,66,15,135,71,165,46,44,37,190,109,10,184,51,34,91,69,28,8,118,65,53,188,48,92,90,131,148,93,14,178,142,159,61,145,94,13,151,7,38,176,35,97,111,52,2,95,107,123,73,155,29,198,17,82,18,0,77,196,170,129,25,105,4,6,88,70,108,21,106,154,122,197,24,72,78,86,110,171,189,49,127,30,114,182,139,180,163,158,128,85,1,117,167,169,115,186,79,42,27,193,172,39,32,55,125,33,192,173,40,87,181,68,9,103,162,147,23,136,144,156,146,31,143,191,183,164,41,152,130,102,62,5,134,112,104,99,63,74,20,138,168,140,126,16,194,19,98,60,179,47,43,187,76,101,141,11,58,64,96,177,199,166,22,195,119,81,153,80,26,150,56,100,175,113,116,124,160,45,121];False
8079;6556;14635;[50,174,67,36,149,83,59,57,132,75,137,133,12,185,54,120,157,84,89,3,161,32,15,135,71,165,46,44,37,190,109,10,184,51,34,91,69,28,8,118,65,53,188,48,92,90,131,148,93,14,178,142,66,61,145,94,13,151,7,38,176,35,97,111,52,2,95,107,123,73,155,29,198,17,82,18,0,77,196,170,129,25,105,4,6,88,70,108,21,106,154,122,197,24,72,78,86,110,171,189,49,127,30,114,182,139,180,163,158,128,85,1,117,167,169,115,186,79,42,27,193,172,39,159,55,125,33,192,173,40,87,181,68,9,103,162,147,23,136,144,156,146,31,143,191,183,164,41,152,130,102,62,5,134,112,104,99,63,74,20,138,168,140,126,16,194,19,98,60,179,47,43,187,76,101,141,11,58,64,96,177,199,166,22,195,119,81,153,80,26,150,56,100,175,113,116,124,160,45,121];False
8058;6555;14613;[50,174,67,36,149,83,59,57,132,75,137,133,12,185,54,120,157,84,89,3,161,159,15,135,142,165,46,44,37,190,109,10,184,51,34,91,69,28,8,118,65,53,188,48,92,90,131,148,93,14,178,71,66,61,145,94,13,151,7,38,176,35,97,111,52,2,95,107,123,73,155,29,198,17,82,18,0,77,196,170,129,25,105,4,6,88,70,108,21,106,154,122,197,24,72,78,86,110,171,189,49,127,30,114,182,139,180,163,158,128,85,1,117,167,169,115,186,79,42,27,193,172,39,32,55,125,33,192,173,40,87,181,68,9,103,162,147,23,136,144,156,146,31,143,191,183,164,41,152,130,102,62,5,134,112,104,99,63,74,20,138,168,140,126,16,194,19,98,60,179,47,43,187,76,101,141,11,58,64,96,177,199,166,22,195,119,81,153,80,26,150,56,100,175,113,116,124,160,45,121];False
8035;6556;14591;[50,174,67,36,149,83,59,57,132,75,137,133,12,185,54,120,157,84,89,3,161,159,15,135,71,165,46,124,37,190,109,10,184,51,34,91,69,28,8,118,65,53,188,48,92,90,131,148,93,14,178,142,66,61,145,94,13,151,7,38,176,35,97,111,52,2,95,107,123,73,155,29,198,17,82,18,0,77,196,170,129,25,105,4,6,88,70,108,21,106,154,122,197,24,72,78,86,110,171,189,49,127,30,114,182,139,180,163,158,128,85,1,117,167,169,115,186,79,42,27,193,172,39,32,55,125,33,192,173,40,87,181,68,9,103,162,147,23,136,144,156,146,31,143,191,183,164,41,152,130,102,62,5,134,112,104,99,63,74,20,138,168,140,126,16,194,19,98,60,179,47,43,187,76,101,141,11,58,64,96,177,199,166,22,195,119,81,153,80,26,150,56,100,175,113,116,44,160,45,121];False
8013;6562;14575;[50,174,67,36,149,83,59,57,132,75,137,133,12,185,54,120,157,84,89,3,161,159,15,135,71,165,46,44,23,190,109,10,184,51,34,91,69,28,8,118,65,53,188,48,92,90,131,148,93,14,178,142,66,61,145,94,13,151,7,38,176,35,97,111,52,2,95,107,123,73,155,29,198,17,82,18,0,77,196,170,129,25,105,4,6,88,70,108,21,106,154,122,197,24,72,78,86,110,171,189,49,127,30,114,182,139,180,163,158,128,85,1,117,167,169,115,186,79,42,27,193,172,39,32,55,125,33,192,173,40,87,181,68,9,103,162,147,37,136,144,156,146,31,143,191,183,164,41,152,130,102,62,5,134,112,104,99,63,74,20,138,168,140,126,16,194,19,98,60,179,47,43,187,76,101,141,11,58,64,96,177,199,166,22,195,119,81,153,80,26,150,56,100,175,113,116,124,160,45,121];False
7999;6557;14556;[50,174,67,36,149,83,59,57,132,75,137,133,12,185,54,120,157,84,89,3,161,159,15,135,71,165,46,44,140,190,109,10,184,51,34,91,69,28,8,118,65,53,188,48,92,90,131,148,93,14,178,142,66,61,145,94,13,151,7,38,176,35,97,111,52,2,95,107,123,73,155,29,198,17,82,18,0,77,196,170,129,25,105,4,6,88,70,108,21,106,154,122,197,24,72,78,86,110,171,189,49,127,30,114,182,139,180,163,158,128,85,1,117,167,169,115,186,79,42,27,193,172,39,32,55,125,33,192,173,40,87,181,68,9,103,162,147,23,136,144,156,146,31,143,191,183,164,41,152,130,102,62,5,134,112,104,99,63,74,20,138,168,37,126,16,194,19,98,60,179,47,43,187,76,101,141,11,58,64,96,177,199,166,22,195,119,81,153,80,26,150,56,100,175,113,116,124,160,45,121];False
8065;6551;14616;[50,174,67,36,149,83,59,57,132,75,137,133,12,185,54,120,157,84,89,3,161,159,15,135,71,165,46,44,37,109,190,10,184,51,34,91,69,28,8,118,65,53,188,48,92,90,131,148,93,14,178,142,66,61,145,94,13,151,7,38,176,35,97,111,52,2,95,107,123,73,155,29,198,17,82,18,0,77,196,170,129,25,105,4,6,88,70,108,21,106,154,122,197,24,72,78,86,110,171,189,49,127,30,114,182,139,180,163,158,128,85,1,117,167,169,115,186,79,42,27,193,172,39,32,55,125,33,192,173,40,87,181,68,9,103,162,147,23,136,144,156,146,31,143,191,183,164,41,152,130,102,62,5,134,112,104,99,63,74,20,138,168,140,126,16,194,19,98,60,179,47,43,187,76,101,141,11,58,64,96,177,199,166,22,195,119,81,153,80,26,150,56,100,175,113,116,124,160,45,121];False
8020;6550;14570;[50,174,67,36,149,83,59,57,132,75,137,133,12,185,54,120,157,84,89,3,161,159,15,135,71,165,46,44,37,190,109,66,184,51,34,91,69,28,8,118,65,53,188,48,92,90,131,148,93,14,178,142,10,61,145,94,13,151,7,38,176,35,97,111,52,2,95,107,123,73,155,29,198,17,82,18,0,77,196,170,129,25,105,4,6,88,70,108,21,106,154,122,197,24,72,78,86,110,171,189,49,127,30,114,182,139,180,163,158,128,85,1,117,167,169,115,186,79,42,27,193,172,39,32,55,125,33,192,173,40,87,181,68,9,103,162,147,23,136,144,156,146,31,143,191,183,164,41,152,130,102,62,5,134,112,104,99,63,74,20,138,168,140,126,16,194,19,98,60,179,47,43,187,76,101,141,11,58,64,96,177,199,166,22,195,119,81,153,80,26,150,56,100,175,113,116,124,160,45,121];False
7982;6561;14543;[50,174,67,36,149,83,59,57,132,75,137,133,12,185,54,120,157,84,89,3,161,159,15,135,71,165,46,44,37,190,109,10,184,140,34,91,69,28,8,118,65,53,188,48,92,90,131,148,93,14,178,142,66,61,145,94,13,151,7,38,176,35,97,111,52,2,95,107,123,73,155,29,198,17,82,18,0,77,196,170,129,25,105,4,6,88,70,108,21,106,154,122,197,24,72,78,86,110,171,189,49,127,30,114,182,139,180,163,158,128,85,1,117,167,169,115,186,79,42,27,193,172,39,32,55,125,33,192,173,40,87,181,68,9,103,162,147,23,136,144,156,146,31,143,191,183,164,41,152,130,102,62,5,134,112,104,99,63,74,20,138,168,51,126,16,194,19,98,60,179,47,43,187,76,101,141,11,58,64,96,177,199,166,22,195,119,81,153,80,26,150,56,100,175,113,116,124,160,45,121];False
8127;6549;14676;[50,174,67,36,149,83,59,57,132,75,137,133,12,185,54,120,157,84,89,3,161,159,15,135,71,165,46,44,37,190,109,10,184,126,34,91,69,28,8,118,65,53,188,48,92,90,131,148,93,14,178,142,66,61,145,94,13,151,7,38,176,35,97,111,52,2,95,107,123,73,155,29,198,17,82,18,0,77,196,170,129,25,105,4,6,88,70,108,21,106,154,122,197,24,72,78,86,110,171,189,49,127,30,114,182,139,180,163,158,128,85,1,117,167,169,115,186,79,42,27,193,172,39,32,55,125,33,192,173,40,87,181,68,9,103,162,147,23,136,144,156,146,31,143,191,183,164,41,152,130,102,62,5,134,112,104,99,63,74,20,138,168,140,51,16,194,19,98,60,179,47,43,187,76,101,141,11,58,64,96,177,199,166,22,195,119,81,153,80,26,150,56,100,175,113,116,124,160,45,121];False
8216;6542;14758;[50,174,67,36,149,83,59,57,132,75,137,133,12,185,54,120,157,84,89,3,161,159,15,135,71,165,46,44,37,190,109,10,184,51,34,91,69,28,8,139,65,53,188,48,92,90,131,148,93,14,178,142,66,61,145,94,13,151,7,38,176,35,97,111,52,2,95,107,123,73,155,29,198,17,82,18,0,77,196,170,129,25,105,4,6,88,70,108,21,106,154,122,197,24,72,78,86,110,171,189,49,127,30,114,182,118,180,163,158,128,85,1,117,167,169,115,186,79,42,27,193,172,39,32,55,125,33,192,173,40,87,181,68,9,103,162,147,23,136,144,156,146,31,143,191,183,164,41,152,130,102,62,5,134,112,104,99,63,74,20,138,168,140,126,16,194,19,98,60,179,47,43,187,76,101,141,11,58,64,96,177,199,166,22,195,119,81,153,80,26,150,56,100,175,113,116,124,160,45,121];True
8003;6550;14553;[50,174,67,36,149,83,59,57,132,75,137,133,12,185,54,120,157,84,89,3,161,159,15,135,71,165,46,44,37,190,109,10,184,51,34,91,69,28,8,116,65,53,188,48,92,90,131,148,93,14,178,142,66,61,145,94,13,151,7,38,176,35,97,111,52,2,95,107,123,73,155,29,198,17,82,18,0,77,196,170,129,25,105,4,6,88,70,108,21,106,154,122,197,24,72,78,86,110,171,189,49,127,30,114,182,139,180,163,158,128,85,1,117,167,169,115,186,79,42,27,193,172,39,32,55,125,33,192,173,40,87,181,68,9,103,162,147,23,136,144,156,146,31,143,191,183,164,41,152,130,102,62,5,134,112,104,99,63,74,20,138,168,140,126,16,194,19,98,60,179,47,43,187,76,101,141,11,58,64,96,177,199,166,22,195,119,81,153,80,26,150,56,100,175,113,118,124,160,45,121];True
7981;6555;14536;[50,174,67,36,149,83,59,57,132,75,137,133,12,185,54,120,157,84,89,3,161,159,15,135,71,165,46,44,37,190,109,10,184,51,34,91,69,28,8,118,124,53,188,48,92,90,131,148,93,14,178,142,66,61,145,94,13,151,7,38,176,35,97,111,52,2,95,107,123,73,155,29,198,17,82,18,0,77,196,170,129,25,105,4,6,88,70,108,21,106,154,122,197,24,72,78,86,110,171,189,49,127,30,114,182,139,180,163,158,128,85,1,117,167,169,115,186,79,42,27,193,172,39,32,55,125,33,192,173,40,87,181,68,9,103,162,147,23,136,144,156,146,31,143,191,183,164,41,152,130,102,62,5,134,112,104,99,63,74,20,138,168,140,126,16,194,19,98,60,179,47,43,187,76,101,141,11,58,64,96,177,199,166,22,195,119,81,153,80,26,150,56,100,175,113,116,65,160,45,121];True
8090;6549;14639;[50,174,67,36,149,83,59,57,132,75,137,133,12,185,54,120,157,84,89,3,161,159,15,135,71,165,46,44,37,190,109,10,184,51,34,91,69,28,8,118,65,53,188,48,92,90,86,148,93,14,178,142,66,61,145,94,13,151,7,38,176,35,97,111,52,2,95,107,123,73,155,29,198,17,82,18,0,77,196,170,129,25,105,4,6,88,70,108,21,106,154,122,197,24,72,78,131,110,171,189,49,127,30,114,182,139,180,163,158,128,85,1,117,167,169,115,186,79,42,27,193,172,39,32,55,125,33,192,173,40,87,181,68,9,103,162,147,23,136,144,156,146,31,143,191,183,164,41,152,130,102,62,5,134,112,104,99,63,74,20,138,168,140,126,16,194,19,98,60,179,47,43,187,76,101,141,11,58,64,96,177,199,166,22,195,119,81,153,80,26,150,56,100,175,113,116,124,160,45,121];False
8099;6545;14644;[50,174,67,36,149,83,59,57,132,75,137,133,12,185,54,120,157,84,89,3,161,159,15,135,71,165,46,44,37,190,109,10,184,51,34,91,69,28,8,118,65,53,188,48,92,90,131,148,93,124,178,142,66,61,145,94,13,151,7,38,176,35,97,111,52,2,95,107,123,73,155,29,198,17,82,18,0,77,196,170,129,25,105,4,6,88,70,108,21,106,154,122,197,24,72,78,86,110,171,189,49,127,30,114,182,139,180,163,158,128,85,1,117,167,169,115,186,79,42,27,193,172,39,32,55,125,33,192,173,40,87,181,68,9,103,162,147,23,136,144,156,146,31,143,191,183,164,41,152,130,102,62,5,134,112,104,99,63,74,20,138,168,140,126,16,194,19,98,60,179,47,43,187,76,101,141,11,58,64,96,177,199,166,22,195,119,81,153,80,26,150,56,100,175,113,116,14,160,45,121];True
8360;6537;14897;[73,174,67,36,149,83,59,57,132,75,137,133,12,185,54,120,157,84,89,3,161,159,15,135,71,173,46,44,37,190,109,10,184,51,34,91,69,28,8,139,65,53,188,48,92,90,131,148,93,14,178,142,66,61,145,94,13,151,7,38,176,35,97,111,52,2,95,107,123,50,155,29,198,17,82,18,0,77,196,170,129,25,105,4,6,88,70,108,21,106,154,122,197,24,72,78,86,110,171,189,49,127,30,114,182,118,180,163,158,128,85,1,117,167,169,115,186,79,42,27,193,172,39,32,55,125,33,192,165,40,87,181,68,9,103,162,147,23,136,144,156,146,31,143,191,183,164,41,152,130,102,62,5,134,112,104,99,63,74,20,138,168,140,126,16,194,19,98,60,179,47,43,187,76,101,141,11,58,64,96,177,199,166,22,195,119,81,153,80,26,150,56,100,175,113,116,124,160,45,121];False
8512;6534;15046;[50,174,67,36,149,83,59,57,132,75,137,133,12,185,54,120,157,84,182,3,161,159,15,135,71,173,46,44,37,190,109,10,184,51,34,91,69,28,8,139,65,53,188,48,92,90,131,148,93,14,178,142,66,61,145,94,13,151,7,38,176,35,97,111,52,2,95,107,123,73,155,29,198,17,82,18,0,77,196,170,129,25,105,4,6,88,70,108,21,106,154,122,197,24,72,78,86,110,171,189,49,127,30,114,89,118,180,163,158,128,85,1,117,167,169,115,186,79,42,27,193,172,39,32,55,125,33,192,165,40,87,181,68,9,103,162,147,23,136,144,156,146,31,143,191,183,164,41,152,130,102,62,5,134,112,104,99,63,74,20,138,168,140,126,16,194,19,98,60,179,47,43,187,76,101,141,11,58,64,96,177,199,166,22,195,119,81,153,80,26,150,56,100,175,113,116,124,160,45,121];False
8465;6533;14998;[50,174,67,36,149,83,59,57,132,75,137,133,12,185,54,120,157,84,169,3,161,159,15,135,71,173,46,44,37,190,109,10,184,51,34,91,69,28,8,139,65,53,188,48,92,90,131,148,93,14,178,142,66,61,145,94,13,151,7,38,176,35,97,111,52,2,95,107,123,73,155,29,198,17,82,18,0,77,196,170,129,25,105,4,6,88,70,108,21,106,154,122,197,24,72,78,86,110,171,189,49,127,30,114,182,118,180,163,158,128,85,1,117,167,89,115,186,79,42,27,193,172,39,32,55,125,33,192,165,40,87,181,68,9,103,162,147,23,136,144,156,146,31,143,191,183,164,41,152,130,102,62,5,134,112,104,99,63,74,20,138,168,140,126,16,194,19,98,60,179,47,43,187,76,101,141,11,58,64,96,177,199,166,22,195,119,81,153,80,26,150,56,100,175,113,116,124,160,45,121];False
8208;6543;14751;[50,174,67,36,149,83,59,57,132,75,137,133,12,185,54,120,157,84,89,3,161,159,15,135,71,173,118,44,37,190,109,10,184,51,34,91,69,28,8,139,65,53,188,48,92,90,131,148,93,14,178,142,66,61,145,94,13,151,7,38,176,35,97,111,52,2,95,107,123,73,155,29,198,17,82,18,0,77,196,170,129,25,105,4,6,88,70,108,21,106,154,122,197,24,72,78,86,110,171,189,49,127,30,114,182,46,180,163,158,128,85,1,117,167,169,115,186,79,42,27,193,172,39,32,55,125,33,192,165,40,87,181,68,9,103,162,147,23,136,144,156,146,31,143,191,183,164,41,152,130,102,62,5,134,112,104,99,63,74,20,138,168,140,126,16,194,19,98,60,179,47,43,187,76,101,141,11,58,64,96,177,199,166,22,195,119,81,153,80,26,150,56,100,175,113,116,124,160,45,121];False
8251;6541;14792;[50,174,67,36,149,83,59,57,132,75,137,133,12,185,54,120,157,84,89,3,161,159,15,135,71,173,46,44,37,190,109,66,184,51,34,91,69,28,8,139,65,53,188,48,92,90,131,148,93,14,178,142,10,61,145,94,13,151,7,38,176,35,97,111,52,2,95,107,123,73,155,29,198,17,82,18,0,77,196,170,129,25,105,4,6,88,70,108,21,106,154,122,197,24,72,78,86,110,171,189,49,127,30,114,182,118,180,163,158,128,85,1,117,167,169,115,186,79,42,27,193,172,39,32,55,125,33,192,165,40,87,181,68,9,103,162,147,23,136,144,156,146,31,143,191,183,164,41,152,130,102,62,5,134,112,104,99,63,74,20,138,168,140,126,16,194,19,98,60,179,47,43,187,76,101,141,11,58,64,96,177,199,166,22,195,119,81,153,80,26,150,56,100,175,113,116,124,160,45,121];False
8330;6536;14866;[50,174,67,36,149,83,59,57,132,75,137,133,12,185,54,120,157,84,89,3,161,159,15,135,71,173,46,44,37,190,109,10,184,51,34,91,69,28,8,139,65,53,188,48,92,90,131,148,93,124,178,142,66,61,145,94,13,151,7,38,176,35,97,111,52,2,95,107,123,73,155,29,198,17,82,18,0,77,196,170,129,25,105,4,6,88,70,108,21,106,154,122,197,24,72,78,86,110,171,189,49,127,30,114,182,118,180,163,158,128,85,1,117,167,169,115,186,79,42,27,193,172,39,32,55,125,33,192,165,40,87,181,68,9,103,162,147,23,136,144,156,146,31,143,191,183,164,41,152,130,102,62,5,134,112,104,99,63,74,20,138,168,140,126,16,194,19,98,60,179,47,43,187,76,101,141,11,58,64,96,177,199,166,22,195,119,81,153,80,26,150,56,100,175,113,116,14,160,45,121];False
8038;6549;14587;[50,174,67,36,149,83,59,57,132,75,137,133,12,185,54,120,157,84,89,3,161,159,15,135,71,173,46,44,37,190,109,66,184,51,34,91,69,28,8,116,65,53,188,48,92,90,131,148,93,14,178,142,10,61,145,94,13,151,7,38,176,35,97,111,52,2,95,107,123,73,155,29,198,17,82,18,0,77,196,170,129,25,105,4,6,88,70,108,21,106,154,122,197,24,72,78,86,110,171,189,49,127,30,114,182,139,180,163,158,128,85,1,117,167,169,115,186,79,42,27,193,172,39,32,55,125,33,192,165,40,87,181,68,9,103,162,147,23,136,144,156,146,31,143,191,183,164,41,152,130,102,62,5,134,112,104,99,63,74,20,138,168,140,126,16,194,19,98,60,179,47,43,187,76,101,141,11,58,64,96,177,199,166,22,195,119,81,153,80,26,150,56,100,175,113,118,124,160,45,121];True
8168;6544;14712;[50,174,67,36,149,83,59,57,132,75,137,133,12,185,54,120,157,84,89,3,161,159,15,135,71,173,46,44,37,190,109,10,116,51,34,91,69,28,8,184,65,53,188,48,92,90,131,148,93,14,178,142,66,61,145,94,13,151,7,38,176,35,97,111,52,2,95,107,123,73,155,29,198,17,82,18,0,77,196,170,129,25,105,4,6,88,70,108,21,106,154,122,197,24,72,78,86,110,171,189,49,127,30,114,182,139,180,163,158,128,85,1,117,167,169,115,186,79,42,27,193,172,39,32,55,125,33,192,165,40,87,181,68,9,103,162,147,23,136,144,156,146,31,143,191,183,164,41,152,130,102,62,5,134,112,104,99,63,74,20,138,168,140,126,16,194,19,98,60,179,47,43,187,76,101,141,11,58,64,96,177,199,166,22,195,119,81,153,80,26,150,56,100,175,113,118,124,160,45,121];False
8243;6540;14783;[73,174,67,36,149,83,59,57,132,75,137,133,12,185,54,120,157,84,89,3,161,159,15,135,71,173,46,44,37,190,109,10,184,51,34,91,69,28,8,118,65,53,188,48,92,90,131,148,93,124,178,142,66,61,145,94,13,151,7,38,176,35,97,111,52,2,95,107,123,50,155,29,198,17,82,18,0,77,196,170,129,25,105,4,6,88,70,108,21,106,154,122,197,24,72,78,86,110,171,189,49,127,30,114,182,139,180,163,158,128,85,1,117,167,169,115,186,79,42,27,193,172,39,32,55,125,33,192,165,40,87,181,68,9,103,162,147,23,136,144,156,146,31,143,191,183,164,41,152,130,102,62,5,134,112,104,99,63,74,20,138,168,140,126,16,194,19,98,60,179,47,43,187,76,101,141,11,58,64,96,177,199,166,22,195,119,81,153,80,26,150,56,100,175,113,116,14,160,45,121];True
8134;6544;14678;[50,174,67,36,149,83,59,57,132,75,137,133,12,185,54,120,157,84,89,3,161,159,15,135,71,173,46,44,37,190,109,66,184,51,34,91,69,28,8,118,65,53,188,48,92,90,131,148,93,124,178,142,10,61,145,94,13,151,7,38,176,35,97,111,52,2,95,107,123,73,155,29,198,17,82,18,0,77,196,170,129,25,105,4,6,88,70,108,21,106,154,122,197,24,72,78,86,110,171,189,49,127,30,114,182,139,180,163,158,128,85,1,117,167,169,115,186,79,42,27,193,172,39,32,55,125,33,192,165,40,87,181,68,9,103,162,147,23,136,144,156,146,31,143,191,183,164,41,152,130,102,62,5,134,112,104,99,63,74,20,138,168,140,126,16,194,19,98,60,179,47,43,187,76,101,141,11,58,64,96,177,199,166,22,195,119,81,153,80,26,150,56,100,175,113,116,14,160,45,121];True
8204;6543;14747;[50,174,67,36,149,83,59,57,132,75,137,133,12,185,54,120,157,84,89,3,161,159,15,135,71,173,46,44,37,190,109,10,184,51,34,91,69,28,8,118,65,53,188,48,92,90,86,148,93,124,178,142,66,61,145,94,13,151,7,38,176,35,97,111,52,2,95,107,123,73,155,29,198,17,82,18,0,77,196,170,129,25,105,4,6,88,70,108,21,106,154,122,197,24,72,78,131,110,171,189,49,127,30,114,182,139,180,163,158,128,85,1,117,167,169,115,186,79,42,27,193,172,39,32,55,125,33,192,165,40,87,181,68,9,103,162,147,23,136,144,156,146,31,143,191,183,164,41,152,130,102,62,5,134,112,104,99,63,74,20,138,168,140,126,16,194,19,98,60,179,47,43,187,76,101,141,11,58,64,96,177,199,166,22,195,119,81,153,80,26,150,56,100,175,113,116,14,160,45,121];True
8431;6535;14966;[50,174,67,36,149,83,59,57,132,75,137,133,12,185,54,120,157,84,89,3,161,159,15,135,71,173,46,44,37,190,109,10,184,51,34,91,69,28,8,118,65,53,188,48,92,90,131,148,93,55,178,142,66,61,145,94,13,151,7,38,176,35,97,111,52,2,95,107,123,73,155,29,198,17,82,18,0,77,196,170,129,25,105,4,6,88,70,108,21,106,154,122,197,24,72,78,86,110,171,189,49,127,30,114,182,139,180,163,158,128,85,1,117,167,169,115,186,79,42,27,193,172,39,32,124,125,33,192,165,40,87,181,68,9,103,162,147,23,136,144,156,146,31,143,191,183,164,41,152,130,102,62,5,134,112,104,99,63,74,20,138,168,140,126,16,194,19,98,60,179,47,43,187,76,101,141,11,58,64,96,177,199,166,22,195,119,81,153,80,26,150,56,100,175,113,116,14,160,45,121];False
8316;6532;14848;[50,174,67,36,149,83,59,57,132,75,137,133,12,185,54,120,157,84,89,3,161,159,15,135,71,173,46,44,37,190,109,10,184,51,34,91,69,28,8,118,65,53,188,48,92,90,131,148,93,138,178,142,66,61,145,94,13,151,7,38,176,35,97,111,52,2,95,107,123,73,155,29,198,17,82,18,0,77,196,170,129,25,105,4,6,88,70,108,21,106,154,122,197,24,72,78,86,110,171,189,49,127,30,114,182,139,180,163,158,128,85,1,117,167,169,115,186,79,42,27,193,172,39,32,55,125,33,192,165,40,87,181,68,9,103,162,147,23,136,144,156,146,31,143,191,183,164,41,152,130,102,62,5,134,112,104,99,63,74,20,124,168,140,126,16,194,19,98,60,179,47,43,187,76,101,141,11,58,64,96,177,199,166,22,195,119,81,153,80,26,150,56,100,175,113,116,14,160,45,121];True
8275;6538;14813;[50,174,67,36,149,83,59,57,132,75,137,133,12,185,54,120,157,84,89,3,161,159,15,135,71,173,46,44,37,190,109,10,184,51,34,91,69,28,8,118,65,53,188,48,92,90,131,148,93,124,178,142,40,61,145,94,13,151,7,38,176,35,97,111,52,2,95,107,123,73,155,29,198,17,82,18,0,77,196,170,129,25,105,4,6,88,70,108,21,106,154,122,197,24,72,78,86,110,171,189,49,127,30,114,182,139,180,163,158,128,85,1,117,167,169,115,186,79,42,27,193,172,39,32,55,125,33,192,165,66,87,181,68,9,103,162,147,23,136,144,156,146,31,143,191,183,164,41,152,130,102,62,5,134,112,104,99,63,74,20,138,168,140,126,16,194,19,98,60,179,47,43,187,76,101,141,11,58,64,96,177,199,166,22,195,119,81,153,80,26,150,56,100,175,113,116,14,160,45,121];True
8989;6524;15513;[50,174,23,136,149,83,59,57,132,75,137,133,12,185,76,11,193,173,89,3,161,159,15,135,194,115,46,44,37,190,109,10,150,51,34,91,69,28,8,118,65,53,188,48,92,90,131,148,93,14,178,142,66,61,145,94,13,151,7,38,176,35,97,128,52,2,167,107,123,73,155,29,198,17,82,18,0,77,196,170,129,25,105,4,6,88,70,108,21,106,154,122,197,24,72,78,86,110,171,189,49,127,30,114,182,139,180,163,158,175,85,1,117,120,157,84,186,79,42,27,169,172,39,32,55,125,33,192,165,40,87,181,68,9,103,162,147,67,95,144,156,146,31,143,191,183,164,41,152,130,102,62,5,134,112,104,99,63,74,20,138,168,140,126,16,71,19,98,60,179,47,43,187,111,101,141,80,58,64,96,177,199,166,22,195,119,81,153,26,36,184,56,100,54,113,116,124,160,45,121];False
8907;6527;15434;[73,174,23,136,149,83,59,57,132,75,186,133,12,185,76,11,193,173,89,3,161,159,15,135,194,115,46,44,37,190,109,10,150,51,34,91,69,28,8,118,65,53,188,48,92,90,131,148,93,14,178,142,66,61,145,94,13,151,7,38,176,35,97,128,52,2,167,107,123,50,155,29,198,17,82,18,0,77,196,170,129,25,105,4,6,88,70,108,21,106,154,122,197,24,72,78,86,110,171,189,49,127,30,114,182,139,180,163,158,175,85,1,117,120,157,84,137,79,42,27,169,172,39,32,55,125,33,192,165,40,87,181,68,9,103,162,147,67,95,144,156,146,31,143,191,183,164,41,152,130,102,62,5,134,112,104,99,63,74,20,138,168,140,126,16,71,19,98,60,179,47,43,187,111,101,141,80,58,64,96,177,199,166,22,195,119,81,153,26,36,184,56,100,54,113,116,124,160,45,121];False
8871;6527;15398;[73,174,23,136,149,83,59,57,132,75,137,133,12,185,76,98,193,173,89,3,161,159,15,135,194,115,46,44,37,190,109,10,150,51,34,91,69,28,8,118,65,53,188,48,92,90,131,148,93,14,178,142,66,61,145,94,13,151,7,38,176,35,97,128,52,2,167,107,123,50,155,29,198,17,82,18,0,77,196,170,129,25,105,4,6,88,70,108,21,106,154,122,197,24,72,78,86,110,171,189,49,127,30,114,182,139,180,163,158,175,85,1,117,120,157,84,186,79,42,27,169,172,39,32,55,125,33,192,165,40,87,181,68,9,103,162,147,67,95,144,156,146,31,143,191,183,164,41,152,130,102,62,5,134,112,104,99,63,74,20,138,168,140,126,16,71,19,11,60,179,47,43,187,111,101,141,80,58,64,96,177,199,166,22,195,119,81,153,26,36,184,56,100,54,113,116,124,160,45,121];False
8924;6524;15448;[73,174,23,136,149,83,59,57,132,75,137,133,12,185,76,119,193,173,89,3,161,159,15,135,194,115,46,44,37,190,109,10,150,51,34,91,69,28,8,118,65,53,188,48,92,90,131,148,93,14,178,142,66,61,145,94,13,151,7,38,176,35,97,128,52,2,167,107,123,50,155,29,198,17,82,18,0,77,196,170,129,25,105,4,6,88,70,108,21,106,154,122,197,24,72,78,86,110,171,189,49,127,30,114,182,139,180,163,158,175,85,1,117,120,157,84,186,79,42,27,169,172,39,32,55,125,33,192,165,40,87,181,68,9,103,162,147,67,95,144,156,146,31,143,191,183,164,41,152,130,102,62,5,134,112,104,99,63,74,20,138,168,140,126,16,71,19,98,60,179,47,43,187,111,101,141,80,58,64,96,177,199,166,22,195,11,81,153,26,36,184,56,100,54,113,116,124,160,45,121];False
8837;6527;15364;[50,174,23,136,149,83,59,57,132,75,137,133,12,185,76,80,193,173,89,3,161,159,15,135,194,115,46,44,37,190,109,10,150,51,34,91,69,28,8,139,65,53,188,48,92,90,131,148,93,14,178,142,66,61,145,94,13,151,7,38,176,35,97,128,52,2,167,107,123,73,155,29,198,17,82,18,0,77,196,170,129,25,105,4,6,88,70,108,21,106,154,122,197,24,72,78,86,110,171,189,49,127,30,114,182,118,180,163,158,175,85,1,117,120,157,84,186,79,42,27,169,172,39,32,55,125,33,192,165,40,87,181,68,9,103,162,147,67,95,144,156,146,31,143,191,183,164,41,152,130,102,62,5,134,112,104,99,63,74,20,138,168,140,126,16,71,19,98,60,179,47,43,187,111,101,141,11,58,64,96,177,199,166,22,195,119,81,153,26,36,184,56,100,54,113,116,124,160,45,121];False
8841;6525;15366;[73,174,23,136,149,83,59,57,132,75,137,133,12,185,76,98,193,173,89,3,161,159,15,135,194,115,46,44,37,190,109,10,150,51,34,91,69,28,8,139,65,53,188,48,92,90,131,148,93,14,178,142,66,61,145,94,13,151,7,38,176,35,97,128,52,2,167,107,123,50,155,29,198,17,82,18,0,77,196,170,129,25,105,4,6,88,70,108,21,106,154,122,197,24,72,78,86,110,171,189,49,127,30,114,182,118,180,163,158,175,85,1,117,120,157,84,186,79,42,27,169,172,39,32,55,125,33,192,165,40,87,181,68,9,103,162,147,67,95,144,156,146,31,143,191,183,164,41,152,130,102,62,5,134,112,104,99,63,74,20,138,168,140,126,16,71,19,80,60,179,47,43,187,111,101,141,11,58,64,96,177,199,166,22,195,119,81,153,26,36,184,56,100,54,113,116,124,160,45,121];False
8974;6522;15496;[73,174,23,136,149,83,59,57,132,75,137,133,12,185,76,11,193,173,89,3,161,159,15,135,194,115,46,44,37,190,109,10,150,51,34,91,69,28,8,139,65,53,188,48,92,90,131,148,93,14,178,142,66,61,145,94,13,151,7,38,176,35,97,128,52,2,167,107,123,50,155,29,198,17,82,18,0,77,196,170,129,25,105,4,6,88,70,108,21,106,154,122,197,24,72,78,86,110,171,189,49,127,30,114,182,118,180,163,158,175,85,1,117,120,157,84,186,79,42,27,169,172,39,32,55,125,33,192,165,40,87,181,68,9,103,162,147,67,95,144,156,146,31,143,191,183,164,41,152,130,102,62,5,134,112,104,99,63,74,20,138,168,140,126,16,71,19,98,60,179,47,43,187,111,101,141,80,58,64,96,177,199,166,22,195,119,81,153,26,36,184,56,100,54,113,116,124,160,45,121];True
8751;6529;15280;[73,174,23,136,149,83,59,57,132,75,137,133,12,185,76,80,193,173,89,3,161,28,15,135,194,115,46,44,37,190,109,10,150,51,34,91,69,159,8,139,65,53,188,48,92,90,131,148,93,14,178,142,66,61,145,94,13,151,7,38,176,35,97,128,52,2,167,107,123,50,155,29,198,17,82,18,0,77,196,170,129,25,105,4,6,88,70,108,21,106,154,122,197,24,72,78,86,110,171,189,49,127,30,114,182,118,180,163,158,175,85,1,117,120,157,84,186,79,42,27,169,172,39,32,55,125,33,192,165,40,87,181,68,9,103,162,147,67,95,144,156,146,31,143,191,183,164,41,152,130,102,62,5,134,112,104,99,63,74,20,138,168,140,126,16,71,19,98,60,179,47,43,187,111,101,141,11,58,64,96,177,199,166,22,195,119,81,153,26,36,184,56,100,54,113,116,124,160,45,121];False
8671;6527;15198;[73,174,23,136,149,83,59,57,132,75,137,133,12,185,76,80,193,173,89,3,161,159,15,135,194,115,46,44,37,190,109,10,150,51,34,91,69,28,8,139,65,53,188,48,92,90,186,148,93,14,178,142,66,61,145,94,13,151,7,38,176,35,97,128,52,2,167,107,123,50,155,29,198,17,82,18,0,77,196,170,129,25,105,4,6,88,70,108,21,106,154,122,197,24,72,78,86,110,171,189,49,127,30,114,182,118,180,163,158,175,85,1,117,120,157,84,131,79,42,27,169,172,39,32,55,125,33,192,165,40,87,181,68,9,103,162,147,67,95,144,156,146,31,143,191,183,164,41,152,130,102,62,5,134,112,104,99,63,74,20,138,168,140,126,16,71,19,98,60,179,47,43,187,111,101,141,11,58,64,96,177,199,166,22,195,119,81,153,26,36,184,56,100,54,113,116,124,160,45,121];True
8823;6524;15347;[73,174,23,136,149,83,59,57,132,75,137,133,12,185,76,11,193,173,89,3,161,159,15,135,194,115,46,44,37,190,109,10,150,51,34,91,69,28,8,118,65,53,188,48,92,90,186,148,93,14,178,142,66,61,145,94,13,151,7,38,176,35,97,128,52,2,167,107,123,50,155,29,198,17,82,18,0,77,196,170,129,25,105,4,6,88,70,108,21,106,154,122,197,24,72,78,86,110,171,189,49,127,30,114,182,139,180,163,158,175,85,1,117,120,157,84,131,79,42,27,169,172,39,32,55,125,33,192,165,40,87,181,68,9,103,162,147,67,95,144,156,146,31,143,191,183,164,41,152,130,102,62,5,134,112,104,99,63,74,20,138,168,140,126,16,71,19,98,60,179,47,43,187,111,101,141,80,58,64,96,177,199,166,22,195,119,81,153,26,36,184,56,100,54,113,116,124,160,45,121];False
8600;6531;15131;[73,174,23,136,149,83,59,57,132,75,137,133,12,185,76,80,193,173,89,3,161,28,15,135,194,115,46,44,37,190,109,10,150,51,34,91,69,159,8,118,65,53,188,48,92,90,186,148,93,14,178,142,66,61,145,94,13,151,7,38,176,35,97,128,52,2,167,107,123,50,155,29,198,17,82,18,0,77,196,170,129,25,105,4,6,88,70,108,21,106,154,122,197,24,72,78,86,110,171,189,49,127,30,114,182,139,180,163,158,175,85,1,117,120,157,84,131,79,42,27,169,172,39,32,55,125,33,192,165,40,87,181,68,9,103,162,147,67,95,144,156,146,31,143,191,183,164,41,152,130,102,62,5,134,112,104,99,63,74,20,138,168,140,126,16,71,19,98,60,179,47,43,187,111,101,141,11,58,64,96,177,199,166,22,195,119,81,153,26,36,184,56,100,54,113,116,124,160,45,121];False
8820;6524;15344;[73,174,23,136,149,83,59,57,132,75,137,133,12,185,76,80,193,173,89,3,161,159,15,135,194,115,46,44,37,190,109,10,150,51,34,91,69,28,8,118,65,53,188,48,92,90,196,148,93,14,178,142,66,61,145,94,13,151,7,38,176,35,97,128,52,2,167,107,123,50,155,29,198,17,82,18,0,77,186,170,129,25,105,4,6,88,70,108,21,106,154,122,197,24,72,78,86,110,171,189,49,127,30,114,182,139,180,163,158,175,85,1,117,120,157,84,131,79,42,27,169,172,39,32,55,125,33,192,165,40,87,181,68,9,103,162,147,67,95,144,156,146,31,143,191,183,164,41,152,130,102,62,5,134,112,104,99,63,74,20,138,168,140,126,16,71,19,98,60,179,47,43,187,111,101,141,11,58,64,96,177,199,166,22,195,119,81,153,26,36,184,56,100,54,113,116,124,160,45,121];True
8554;6530;15084;[73,174,23,136,149,83,59,57,132,75,137,133,12,185,76,80,193,173,89,3,161,159,15,135,194,115,46,44,37,190,109,10,150,51,34,91,69,28,8,118,65,53,188,48,92,90,186,148,93,124,178,142,66,61,145,94,13,151,7,38,176,35,97,128,52,2,167,107,123,50,155,29,198,17,82,18,0,77,196,170,129,25,105,4,6,88,70,108,21,106,154,122,197,24,72,78,86,110,171,189,49,127,30,114,182,139,180,163,158,175,85,1,117,120,157,84,131,79,42,27,169,172,39,32,55,125,33,192,165,40,87,181,68,9,103,162,147,67,95,144,156,146,31,143,191,183,164,41,152,130,102,62,5,134,112,104,99,63,74,20,138,168,140,126,16,71,19,98,60,179,47,43,187,111,101,141,11,58,64,96,177,199,166,22,195,119,81,153,26,36,184,56,100,54,113,116,14,160,45,121];True
9364;6513;15877;[50,174,23,136,149,11,59,57,132,75,137,86,151,185,133,98,193,173,89,3,161,159,15,135,194,115,46,44,124,190,109,10,184,51,34,91,69,28,8,118,29,198,188,48,92,90,131,148,93,14,178,142,66,61,145,94,13,12,7,38,176,35,97,128,52,2,167,107,123,73,155,65,53,17,82,18,0,36,196,170,77,25,105,4,6,88,70,108,21,106,154,122,197,24,72,78,111,110,171,189,49,127,30,114,182,139,37,163,158,175,85,1,117,120,157,84,186,79,42,27,169,172,39,32,55,125,33,192,165,40,87,181,68,9,103,162,147,67,95,144,156,146,31,143,191,183,164,41,152,130,102,62,5,134,112,104,99,63,74,20,138,168,140,126,16,71,19,83,60,179,47,43,187,76,101,141,80,58,64,96,177,199,166,22,195,119,81,153,129,26,150,56,100,54,113,116,180,160,45,121];False
9266;6513;15779;[73,174,23,136,149,11,59,57,132,75,137,86,151,185,133,98,193,173,89,3,161,103,15,135,194,115,46,44,37,190,109,10,184,51,34,91,69,159,8,118,29,198,188,48,92,90,131,148,93,14,178,142,66,61,145,94,13,12,7,38,176,35,97,128,52,2,167,107,123,50,155,65,53,17,82,18,0,36,196,170,77,25,105,4,6,88,70,108,21,106,154,122,197,24,72,78,111,110,171,189,49,127,30,114,182,139,124,163,158,175,85,1,117,120,157,84,186,79,42,27,169,172,39,32,55,125,33,192,165,40,87,181,68,9,28,162,147,67,95,144,156,146,31,143,191,183,164,41,152,130,102,62,5,134,112,104,99,63,74,20,138,168,140,126,16,71,19,83,60,179,47,43,187,76,101,141,80,58,64,96,177,199,166,22,195,119,81,153,129,26,150,56,100,54,113,116,180,160,45,121];False
9221;6515;15736;[50,174,23,136,149,11,59,57,132,75,163,86,151,185,133,98,193,173,89,3,161,66,15,135,194,115,46,44,37,190,109,10,184,51,34,91,69,159,8,118,162,53,188,48,92,90,131,148,93,14,178,142,103,61,145,94,13,12,7,38,176,35,97,128,52,2,167,107,123,73,155,65,198,17,82,18,0,36,196,170,77,25,105,4,6,88,70,108,21,106,154,122,197,24,72,78,111,110,171,189,49,127,30,114,182,139,29,137,158,175,85,1,117,120,157,84,186,79,42,27,169,172,39,32,55,125,33,192,165,40,87,181,68,9,28,124,147,67,95,144,156,146,31,143,191,183,164,41,152,130,102,62,5,134,112,104,99,63,74,20,138,168,140,126,16,71,19,83,60,179,47,43,187,76,101,141,80,58,64,96,177,199,166,22,195,119,81,153,129,26,150,56,100,54,113,116,180,160,45,121];False
9168;6517;15685;[73,174,23,136,149,80,59,57,132,75,163,86,151,185,133,98,193,173,89,3,161,66,15,135,194,115,46,44,37,190,109,10,184,51,34,91,69,159,8,118,162,53,188,48,92,90,131,148,93,14,178,142,103,61,145,94,13,12,7,38,176,35,97,128,52,2,167,107,123,50,155,65,198,17,82,18,0,36,196,170,77,25,105,4,6,88,70,108,21,106,154,122,197,24,72,78,111,110,171,189,49,127,30,114,182,139,29,137,158,175,85,1,117,120,157,84,186,79,42,27,169,172,39,32,55,125,33,192,165,40,87,181,68,9,28,124,147,67,95,144,156,146,31,143,191,183,164,41,152,130,102,62,5,134,112,104,99,63,74,20,138,168,140,126,16,71,19,83,60,179,47,43,187,76,101,141,11,58,64,96,177,199,166,22,195,119,81,153,129,26,150,56,100,54,113,116,180,160,45,121];False
9262;6514;15776;[73,174,23,136,149,11,59,57,132,152,163,86,151,185,133,98,193,173,89,3,161,66,15,135,194,115,46,44,37,190,109,10,184,51,34,91,69,159,8,118,162,53,188,48,92,90,131,148,93,14,178,142,103,61,145,94,13,12,7,38,176,35,97,128,52,2,167,107,123,50,155,65,198,17,82,18,0,36,196,170,77,25,105,4,6,88,70,108,21,106,154,122,197,24,72,78,111,110,171,189,49,127,30,114,182,139,29,137,158,175,85,1,117,120,157,84,186,79,42,27,169,172,39,32,55,125,33,192,165,40,87,181,68,9,28,124,147,67,95,144,156,146,31,143,191,183,164,41,75,130,102,62,5,134,112,104,99,63,74,20,138,168,140,126,16,71,19,83,60,179,47,43,187,76,101,141,80,58,64,96,177,199,166,22,195,119,81,153,129,26,150,56,100,54,113,116,180,160,45,121];False
9239;6514;15753;[73,174,23,136,149,11,59,57,132,75,137,86,151,185,133,98,193,173,89,3,161,66,15,135,194,115,46,44,37,190,109,10,184,51,34,91,69,159,8,118,162,53,188,48,92,90,131,148,93,14,178,142,103,61,145,94,13,12,7,38,176,35,97,128,52,2,167,107,123,50,155,65,198,17,82,18,0,36,196,170,77,25,105,4,6,88,70,108,21,106,154,122,197,24,72,78,111,110,171,189,49,127,30,114,182,139,29,163,158,175,85,1,117,120,157,84,186,79,42,27,169,172,39,32,55,125,33,192,165,40,87,181,68,9,28,124,147,67,95,144,156,146,31,143,191,183,164,41,152,130,102,62,5,134,112,104,99,63,74,20,138,168,140,126,16,71,19,83,60,179,47,43,187,76,101,141,80,58,64,96,177,199,166,22,195,119,81,153,129,26,150,56,100,54,113,116,180,160,45,121];False
9144;6517;15661;[73,174,23,136,149,11,59,57,132,75,163,86,12,185,133,98,193,173,89,3,161,66,15,135,194,115,46,44,37,190,109,10,184,51,34,91,69,159,8,118,162,53,188,48,92,90,131,148,93,14,178,142,103,61,145,94,13,151,7,38,176,35,97,128,52,2,167,107,123,50,155,65,198,17,82,18,0,36,196,170,77,25,105,4,6,88,70,108,21,106,154,122,197,24,72,78,111,110,171,189,49,127,30,114,182,139,29,137,158,175,85,1,117,120,157,84,186,79,42,27,169,172,39,32,55,125,33,192,165,40,87,181,68,9,28,124,147,67,95,144,156,146,31,143,191,183,164,41,152,130,102,62,5,134,112,104,99,63,74,20,138,168,140,126,16,71,19,83,60,179,47,43,187,76,101,141,80,58,64,96,177,199,166,22,195,119,81,153,129,26,150,56,100,54,113,116,180,160,45,121];False
9155;6516;15671;[73,174,23,136,149,11,59,57,132,75,163,86,151,185,133,98,193,173,89,3,161,66,15,135,194,115,46,44,37,190,109,10,118,51,34,91,69,159,8,184,162,53,188,48,92,90,131,148,93,14,178,142,103,61,145,94,13,12,7,38,176,35,97,128,52,2,167,107,123,50,155,65,198,17,82,18,0,36,196,170,77,25,105,4,6,88,70,108,21,106,154,122,197,24,72,78,111,110,171,189,49,127,30,114,182,139,29,137,158,175,85,1,117,120,157,84,186,79,42,27,169,172,39,32,55,125,33,192,165,40,87,181,68,9,28,124,147,67,95,144,156,146,31,143,191,183,164,41,152,130,102,62,5,134,112,104,99,63,74,20,138,168,140,126,16,71,19,83,60,179,47,43,187,76,101,141,80,58,64,96,177,199,166,22,195,119,81,153,129,26,150,56,100,54,113,116,180,160,45,121];False
9115;6519;15634;[73,174,23,136,149,80,59,57,132,75,163,86,151,185,133,98,193,173,89,3,161,66,15,135,194,115,46,44,37,190,109,10,184,51,34,91,69,159,8,118,124,198,188,48,92,90,131,148,93,14,178,142,103,61,145,94,13,12,7,38,176,35,97,128,52,2,167,107,123,50,155,65,53,17,82,18,0,36,196,170,77,25,105,4,6,88,70,108,21,106,154,122,197,24,72,78,111,110,171,189,49,127,30,114,182,139,29,137,158,175,85,1,117,120,157,84,186,79,42,27,169,172,39,32,55,125,33,192,165,40,87,181,68,9,28,162,147,67,95,144,156,146,31,143,191,183,164,41,152,130,102,62,5,134,112,104,99,63,74,20,138,168,140,126,16,71,19,83,60,179,47,43,187,76,101,141,11,58,64,96,177,199,166,22,195,119,81,153,129,26,150,56,100,54,113,116,180,160,45,121];False
9091;6519;15610;[73,174,23,136,149,11,59,57,132,75,163,86,12,185,133,98,193,173,89,3,161,66,15,135,194,115,46,44,37,190,109,10,184,51,34,91,69,159,8,118,124,198,188,48,92,90,131,148,93,14,178,142,103,61,145,94,13,151,7,38,176,35,97,128,52,2,167,107,123,50,155,65,53,17,82,18,0,36,196,170,77,25,105,4,6,88,70,108,21,106,154,122,197,24,72,78,111,110,171,189,49,127,30,114,182,139,29,137,158,175,85,1,117,120,157,84,186,79,42,27,169,172,39,32,55,125,33,192,165,40,87,181,68,9,28,162,147,67,95,144,156,146,31,143,191,183,164,41,152,130,102,62,5,134,112,104,99,63,74,20,138,168,140,126,16,71,19,83,60,179,47,43,187,76,101,141,80,58,64,96,177,199,166,22,195,119,81,153,129,26,150,56,100,54,113,116,180,160,45,121];True
9224;6513;15737;[73,174,23,136,149,11,59,57,132,75,163,86,151,185,133,98,193,173,89,3,161,66,15,135,194,115,46,44,37,190,109,10,184,124,34,91,69,159,8,118,51,198,188,48,92,90,131,148,93,14,178,142,103,61,145,94,13,12,7,38,176,35,97,128,52,2,167,107,123,50,155,65,53,17,82,18,0,36,196,170,77,25,105,4,6,88,70,108,21,106,154,122,197,24,72,78,111,110,171,189,49,127,30,114,182,139,29,137,158,175,85,1,117,120,157,84,186,79,42,27,169,172,39,32,55,125,33,192,165,40,87,181,68,9,28,162,147,67,95,144,156,146,31,143,191,183,164,41,152,130,102,62,5,134,112,104,99,63,74,20,138,168,140,126,16,71,19,83,60,179,47,43,187,76,101,141,80,58,64,96,177,199,166,22,195,119,81,153,129,26,150,56,100,54,113,116,180,160,45,121];False
9129;6513;15642;[73,174,23,136,149,11,59,57,132,75,163,86,151,185,133,98,193,173,89,3,161,66,15,135,194,115,46,44,37,190,109,10,184,51,34,91,69,159,8,118,29,198,188,48,92,90,131,148,93,14,178,142,103,61,145,94,13,12,7,38,176,35,97,128,52,2,167,107,123,50,155,65,53,17,82,18,0,36,196,170,77,25,105,4,6,88,70,108,21,106,154,122,197,24,72,78,111,110,171,189,49,127,30,114,182,139,124,137,158,175,85,1,117,120,157,84,186,79,42,27,169,172,39,32,55,125,33,192,165,40,87,181,68,9,28,162,147,67,95,144,156,146,31,143,191,183,164,41,152,130,102,62,5,134,112,104,99,63,74,20,138,168,140,126,16,71,19,83,60,179,47,43,187,76,101,141,80,58,64,96,177,199,166,22,195,119,81,153,129,26,150,56,100,54,113,116,180,160,45,121];True
9148;6511;15659;[73,174,23,136,149,11,59,57,132,75,163,86,151,185,133,98,193,173,89,3,161,66,15,135,194,115,46,44,37,190,109,10,184,51,34,91,69,159,8,118,162,198,188,48,92,90,131,148,93,14,178,142,103,61,145,94,13,12,7,38,176,35,97,128,52,2,167,107,123,50,155,65,53,17,82,18,0,36,196,170,77,25,105,4,6,88,70,108,21,106,154,122,197,24,72,78,111,110,171,189,49,127,30,114,182,139,29,137,158,175,85,1,117,120,157,84,186,79,42,27,169,172,39,32,55,125,33,192,165,40,87,181,68,9,28,124,147,67,95,144,156,146,31,143,191,183,164,41,152,130,102,62,5,134,112,104,99,63,74,20,138,168,140,126,16,71,19,83,60,179,47,43,187,76,101,141,80,58,64,96,177,199,166,22,195,119,81,153,129,26,150,56,100,54,113,116,180,160,45,121];True
9113;6517;15630;[73,174,23,136,149,11,59,57,132,75,163,86,151,185,133,98,193,173,89,3,161,66,15,135,194,115,46,44,37,190,109,10,184,51,34,91,69,159,8,118,140,198,188,48,92,90,131,148,93,14,178,142,103,61,145,94,13,12,7,38,176,35,97,128,52,2,167,107,123,50,155,65,53,17,82,18,0,36,196,170,77,25,105,4,6,88,70,108,21,106,154,122,197,24,72,78,111,110,171,189,49,127,30,114,182,139,29,137,158,175,85,1,117,120,157,84,186,79,42,27,169,172,39,32,55,125,33,192,165,40,87,181,68,9,28,162,147,67,95,144,156,146,31,143,191,183,164,41,152,130,102,62,5,134,112,104,99,63,74,20,138,168,124,126,16,71,19,83,60,179,47,43,187,76,101,141,80,58,64,96,177,199,166,22,195,119,81,153,129,26,150,56,100,54,113,116,180,160,45,121];True
2046;7212;9258;[34,4,129,70,19,87,121,178,102,132,130,84,77,112,93,147,66,157,103,105,44,188,144,9,142,117,167,61,45,138,41,49,78,128,42,57,197,8,16,126,143,160,91,1,33,124,180,196,36,46,140,92,82,23,189,81,0,85,22,26,176,193,109,162,170,95,38,139,63,118,48,194,31,198,174,184,35,67,32,72,163,25,51,50,190,125,11,113,156,71,165,65,37,94,173,18,131,110,101,59,80,100,30,134,148,195,97,58,175,151,7,191,181,68,123,6,137,158,54,52,119,187,39,107,55,14,13,172,12,89,75,149,15,135,53,183,69,159,164,90,28,155,73,99,106,136,115,152,2,161,111,86,133,76,122,116,104,17,145,56,21,108,192,40,169,182,29,154,60,177,27,43,127,96,171,141,98,114,64,79,179,47,88,5,186,199,83,153,166,24,150,10,185,62,120,3,168,74,20,146];False
2012;7222;9234;[34,4,129,70,19,87,121,178,111,132,130,84,77,112,93,147,66,157,103,105,44,138,144,9,142,117,167,61,45,188,41,49,78,128,42,57,197,8,16,126,143,160,91,1,33,124,180,196,36,46,140,92,82,23,189,81,0,85,22,26,176,193,109,162,170,95,38,139,63,118,48,194,31,198,174,184,35,67,32,72,163,25,51,50,190,125,11,113,156,71,165,65,37,94,173,18,131,110,101,59,80,100,30,134,148,195,97,58,175,151,7,191,181,68,123,6,137,158,54,52,119,187,39,107,55,14,13,172,12,89,75,149,15,135,53,183,69,159,164,90,28,155,73,99,106,136,115,152,2,161,102,86,133,76,122,116,104,17,145,56,21,108,192,40,169,182,29,154,60,177,27,43,127,96,171,141,98,114,64,79,179,47,88,5,186,199,83,153,166,24,150,10,185,62,120,3,168,74,20,146];True
2023;7215;9238;[34,4,129,70,19,87,121,178,111,132,130,84,77,112,93,147,66,157,103,105,44,188,144,9,142,117,167,61,45,138,41,49,78,128,42,57,197,8,16,126,143,160,91,1,33,124,180,196,36,46,140,92,82,23,189,81,0,85,22,26,176,193,109,162,170,95,38,139,63,118,48,194,31,198,174,184,35,67,32,72,163,25,51,50,190,125,11,113,156,71,165,65,37,94,173,18,131,110,101,59,80,100,30,134,148,195,97,58,151,175,7,191,181,68,123,6,137,158,54,52,119,187,39,107,55,14,13,172,12,89,75,149,15,135,53,183,69,159,164,90,28,155,73,99,106,136,115,152,2,161,102,86,133,76,122,116,104,17,145,56,21,108,192,40,169,182,29,154,60,177,27,43,127,96,171,141,98,114,64,79,179,47,88,5,186,199,83,153,166,24,150,10,185,62,120,3,168,74,20,146];False
1984;7227;9211;[34,4,129,70,19,87,121,178,102,132,130,84,77,112,93,147,66,157,103,105,20,188,144,9,142,117,167,61,45,138,41,49,78,128,42,57,197,8,16,126,143,160,91,1,33,124,180,196,36,46,140,92,82,23,189,81,0,85,22,26,176,193,109,162,170,95,38,139,63,118,48,194,31,198,174,184,35,67,32,72,163,25,51,50,190,125,11,113,156,71,165,65,37,94,173,18,131,110,101,59,80,100,30,134,148,195,97,58,175,151,7,191,181,68,123,6,137,158,54,52,119,187,39,107,55,14,13,172,12,89,75,149,15,135,53,183,69,159,164,90,28,155,73,99,106,136,115,152,2,161,111,86,133,76,122,116,104,17,145,56,21,108,192,40,169,182,29,154,60,177,27,43,127,96,171,141,98,114,64,79,179,47,88,5,186,199,83,153,166,24,150,10,185,62,120,3,168,44,74,146];True
1960;7238;9198;[34,4,129,70,19,87,121,178,127,132,130,84,77,112,93,147,66,157,103,105,20,188,144,9,142,117,167,61,45,138,41,49,78,128,42,57,197,8,16,126,143,160,91,1,33,124,180,196,36,46,140,92,82,23,189,81,0,85,22,26,176,193,109,162,170,95,38,139,63,118,48,194,31,198,174,184,35,67,32,72,163,25,51,50,190,125,11,113,156,71,165,65,37,94,173,18,131,110,101,59,80,100,30,134,148,195,97,58,175,151,7,191,181,68,123,6,137,158,54,52,119,187,39,107,55,14,13,172,12,89,75,149,15,135,53,183,69,159,164,90,28,155,73,99,106,136,115,152,2,161,102,86,133,76,122,116,104,17,145,56,21,108,192,40,169,182,29,154,60,177,27,43,111,96,171,141,98,114,64,79,179,47,88,5,186,199,83,153,166,24,150,10,185,62,120,3,168,44,74,146];True
2011;7226;9237;[34,4,129,70,19,87,121,178,111,132,130,84,77,112,93,147,66,157,103,105,20,188,144,9,142,117,167,61,45,16,41,49,78,128,42,57,197,8,138,126,143,160,91,1,33,124,180,196,36,46,140,92,82,23,189,81,0,85,22,26,176,193,109,162,170,95,38,139,63,118,48,194,31,198,174,184,35,67,32,72,163,25,51,50,190,125,11,113,156,71,165,65,37,94,173,18,131,110,101,59,80,100,30,134,148,195,97,58,175,151,7,191,181,68,123,6,137,158,54,52,119,187,39,107,55,14,13,172,12,89,75,149,15,135,53,183,69,159,164,90,28,155,73,99,106,136,115,152,2,161,102,86,133,76,122,116,104,17,145,56,21,108,192,40,169,182,29,154,60,177,27,43,127,96,171,141,98,114,64,79,179,47,88,5,186,199,83,153,166,24,150,10,185,62,120,3,168,44,74,146];False
2052;7200;9252;[34,4,129,70,19,87,121,178,111,132,130,84,77,112,93,147,66,157,103,105,20,188,144,9,142,117,167,61,45,138,41,49,78,128,42,57,197,8,190,126,143,160,91,1,33,124,180,196,36,46,140,92,82,23,189,81,0,85,22,26,176,193,109,162,170,95,38,139,63,118,48,194,31,198,174,184,35,67,32,72,163,25,51,50,16,125,11,113,156,71,165,65,37,94,173,18,131,110,101,59,80,100,30,134,148,195,97,58,175,151,7,191,181,68,123,6,137,158,54,52,119,187,39,107,55,14,13,172,12,89,75,149,15,135,53,183,69,159,164,90,28,155,73,99,106,136,115,152,2,161,102,86,133,76,122,116,104,17,145,56,21,108,192,40,169,182,29,154,60,177,27,43,127,96,171,141,98,114,64,79,179,47,88,5,186,199,83,153,166,24,150,10,185,62,120,3,168,44,74,146];True
1951;7246;9197;[34,4,129,70,19,87,121,178,111,132,130,84,77,112,93,147,66,157,103,105,20,188,144,9,142,117,167,61,45,138,41,49,78,128,42,57,197,8,16,126,35,160,91,1,33,124,180,196,36,46,140,92,82,23,189,81,0,85,22,26,176,193,109,162,170,95,38,139,63,118,48,194,31,198,174,184,143,67,32,72,163,25,51,50,190,125,11,113,156,71,165,65,37,94,173,18,131,110,101,59,80,100,30,134,148,195,97,58,175,151,7,191,181,68,123,6,137,158,54,52,119,187,39,107,55,14,13,172,12,89,75,149,15,135,53,183,69,159,164,90,28,155,73,99,106,136,115,152,2,161,102,86,133,76,122,116,104,17,145,56,21,108,192,40,169,182,29,154,60,177,27,43,127,96,171,141,98,114,64,79,179,47,88,5,186,199,83,153,166,24,150,10,185,62,120,3,168,44,74,146];True
2019;7213;9232;[34,4,129,70,19,87,121,178,111,132,130,84,77,112,93,147,66,157,103,105,20,188,144,9,142,117,167,61,45,138,41,49,78,128,42,57,197,8,16,126,143,160,91,1,33,124,180,196,36,46,140,92,82,67,189,81,0,85,22,26,176,193,109,162,170,95,38,139,63,118,48,194,31,198,174,184,35,23,32,72,163,25,51,50,190,125,11,113,156,71,165,65,37,94,173,18,131,110,101,59,80,100,30,134,148,195,97,58,175,151,7,191,181,68,123,6,137,158,54,52,119,187,39,107,55,14,13,172,12,89,75,149,15,135,53,183,69,159,164,90,28,155,73,99,106,136,115,152,2,161,102,86,133,76,122,116,104,17,145,56,21,108,192,40,169,182,29,154,60,177,27,43,127,96,171,141,98,114,64,79,179,47,88,5,186,199,83,153,166,24,150,10,185,62,120,3,168,44,74,146];True
2014;7214;9228;[34,4,129,70,19,87,121,178,111,132,130,84,77,112,93,147,66,157,103,105,20,188,144,9,142,117,167,61,45,138,41,49,78,128,42,57,197,8,16,126,143,160,91,1,33,124,180,196,36,46,140,92,82,23,189,81,0,85,22,26,176,193,109,190,170,95,38,139,63,118,48,194,31,198,174,184,35,67,32,72,163,25,51,50,162,125,11,113,156,71,165,65,37,94,173,18,131,110,101,59,80,100,30,134,148,195,97,58,175,151,7,191,181,68,123,6,137,158,54,52,119,187,39,107,55,14,13,172,12,89,75,149,15,135,53,183,69,159,164,90,28,155,73,99,106,136,115,152,2,161,102,86,133,76,122,116,104,17,145,56,21,108,192,40,169,182,29,154,60,177,27,43,127,96,171,141,98,114,64,79,179,47,88,5,186,199,83,153,166,24,150,10,185,62,120,3,168,44,74,146];True
2036;7212;9248;[34,4,129,70,19,87,121,178,111,132,130,84,77,112,93,147,66,157,103,105,20,188,144,9,142,117,167,61,45,138,41,49,78,128,42,57,197,8,16,126,143,160,91,1,33,124,180,196,36,46,140,92,82,23,189,81,0,85,22,26,176,193,109,162,170,95,38,139,63,118,48,194,31,198,174,184,35,67,32,72,163,25,51,50,190,173,11,113,156,71,165,65,37,94,125,18,131,110,101,59,80,100,30,134,148,195,97,58,175,151,7,191,181,68,123,6,137,158,54,52,119,187,39,107,55,14,13,172,12,89,75,149,15,135,53,183,69,159,164,90,28,155,73,99,106,136,115,152,2,161,102,86,133,76,122,116,104,17,145,56,21,108,192,40,169,182,29,154,60,177,27,43,127,96,171,141,98,114,64,79,179,47,88,5,186,199,83,153,166,24,150,10,185,62,120,3,168,44,74,146];True
1961;7230;9191;[34,4,129,70,19,87,121,178,111,132,130,84,77,112,93,147,66,157,103,105,20,188,144,9,142,117,167,61,45,138,41,49,78,128,42,57,197,8,16,126,143,160,91,1,33,124,180,196,36,46,140,92,82,23,189,81,0,85,22,26,176,193,109,162,170,95,38,139,63,118,48,194,31,198,174,184,35,67,32,72,163,25,51,50,190,125,11,113,156,71,165,65,37,94,173,18,131,110,101,59,80,100,30,134,148,195,97,58,151,175,7,191,181,68,123,6,137,158,54,52,119,187,39,107,55,14,13,172,12,89,75,149,15,135,53,183,69,159,164,90,28,155,73,99,106,136,115,152,2,161,102,86,133,76,122,116,104,17,145,56,21,108,192,40,169,182,29,154,60,177,27,43,127,96,171,141,98,114,64,79,179,47,88,5,186,199,83,153,166,24,150,10,185,62,120,3,168,44,74,146];True
2002;7225;9227;[34,4,129,70,19,87,121,178,111,132,130,84,77,112,93,147,66,157,103,105,20,188,144,9,142,117,167,61,45,138,41,49,78,128,42,57,197,8,16,126,143,160,91,1,33,124,180,196,36,46,140,92,82,23,189,81,0,85,22,26,176,193,109,162,170,95,38,139,63,118,48,194,31,198,174,184,35,67,32,72,163,25,51,50,190,125,11,113,156,71,165,65,37,94,173,18,131,110,101,59,80,100,30,134,148,195,97,58,175,151,7,191,181,68,123,6,137,158,54,52,119,102,39,107,55,14,13,172,12,89,75,149,15,135,53,183,69,159,164,90,28,155,73,99,106,136,115,152,2,161,187,86,133,76,122,116,104,17,145,56,21,108,192,40,169,182,29,154,60,177,27,43,127,96,171,141,98,114,64,79,179,47,88,5,186,199,83,153,166,24,150,10,185,62,120,3,168,44,74,146];True
1959;7241;9200;[34,4,129,70,19,87,121,178,111,132,130,84,77,112,93,147,66,157,103,105,20,188,144,9,142,117,167,61,45,138,41,49,78,128,42,57,197,8,16,126,143,160,91,1,33,124,180,196,36,46,140,92,82,23,189,81,0,85,22,26,176,193,109,162,170,95,38,139,63,118,48,194,31,198,174,184,35,67,32,72,163,25,51,50,190,125,11,113,156,71,165,65,37,94,173,18,131,110,101,59,80,100,30,134,148,195,97,58,175,151,7,191,181,68,123,6,137,158,54,52,119,187,39,107,55,14,13,172,12,89,75,149,15,135,53,183,69,159,164,90,28,155,73,99,106,136,115,152,2,161,102,86,133,76,122,116,104,17,145,56,21,108,192,40,169,182,29,154,60,179,27,43,127,96,171,141,98,114,64,79,177,47,88,5,186,199,83,153,166,24,150,10,185,62,120,3,168,44,74,146];True
1855;7385;9240;[34,195,129,70,19,87,121,178,111,132,130,84,77,112,93,147,66,157,103,105,74,188,144,9,24,117,167,61,45,138,41,49,78,128,42,57,197,8,16,126,143,160,91,1,33,124,180,196,36,46,140,92,82,23,189,81,0,85,22,26,176,193,109,20,170,95,38,139,63,118,48,194,31,198,174,184,35,67,32,72,163,25,51,50,190,125,11,113,156,71,165,65,37,94,173,18,131,110,101,59,80,100,30,134,148,4,97,58,175,151,7,44,181,68,123,6,137,158,54,52,119,187,39,107,55,14,13,172,12,89,75,149,15,135,53,183,69,159,164,90,28,155,73,99,106,136,115,152,2,161,102,86,133,76,122,116,104,17,145,56,21,108,192,40,169,182,29,154,60,177,27,43,127,96,171,141,98,114,64,79,179,47,88,5,186,199,83,153,166,142,150,10,185,62,120,3,168,191,162,146];False
1871;7343;9214;[34,195,129,70,19,87,121,178,111,132,130,84,77,112,93,147,66,157,103,105,74,188,144,9,142,117,167,61,45,138,41,49,78,128,42,57,197,8,16,126,35,160,91,1,33,124,180,196,36,46,140,92,82,23,189,81,0,85,22,26,176,193,109,20,170,95,38,139,63,118,48,194,31,198,174,184,143,67,32,72,163,25,51,50,190,125,11,113,156,71,165,65,37,94,173,18,131,110,101,59,80,100,30,134,148,4,97,58,175,151,7,44,181,68,123,6,137,158,54,52,119,187,39,107,55,14,13,172,12,89,75,149,15,135,53,183,69,159,164,90,28,155,73,99,106,136,115,152,2,161,102,86,133,76,122,116,104,17,145,56,21,108,192,40,169,182,29,154,60,177,27,43,127,96,171,141,98,114,64,79,179,47,88,5,186,199,83,153,166,24,150,10,185,62,120,3,168,191,162,146];False
1854;7389;9243;[34,195,129,70,19,87,121,178,111,132,130,84,77,112,93,147,66,157,103,105,74,188,144,9,142,117,167,61,45,138,41,49,78,128,42,57,197,8,16,126,143,160,91,1,33,124,180,196,36,46,140,92,82,23,189,81,0,85,22,26,176,193,109,20,170,95,38,139,63,118,48,194,31,198,174,184,35,67,32,72,163,25,51,50,190,125,11,113,156,71,165,65,37,94,173,18,131,149,101,59,80,100,30,134,148,4,97,58,175,151,7,44,181,68,123,6,137,158,54,52,119,187,39,107,55,14,13,172,12,89,75,110,15,135,53,183,69,159,164,90,28,155,73,99,106,136,115,152,2,161,102,86,133,76,122,116,104,17,145,56,21,108,192,40,169,182,29,154,60,177,27,43,127,96,171,141,98,114,64,79,179,47,88,5,186,199,83,153,166,24,150,10,185,62,120,3,168,191,162,146];False
1881;7327;9208;[34,195,129,70,19,87,121,178,111,132,130,84,77,112,93,147,66,157,103,105,74,188,144,9,142,117,167,61,45,138,41,49,78,128,42,57,197,8,16,126,143,160,91,1,33,124,180,196,36,46,140,92,82,23,189,81,0,85,22,26,176,193,109,20,170,95,38,139,63,118,48,194,31,198,174,184,35,67,32,72,163,25,51,50,190,125,11,113,156,71,165,65,37,94,173,18,131,110,101,59,80,100,30,134,148,4,97,58,151,175,7,44,181,68,123,6,137,158,54,52,119,187,39,107,55,14,13,172,12,89,75,149,15,135,53,183,69,159,164,90,28,155,73,99,106,136,115,152,2,161,102,86,133,76,122,116,104,17,145,56,21,108,192,40,169,182,29,154,60,177,27,43,127,96,171,141,98,114,64,79,179,47,88,5,186,199,83,153,166,24,150,10,185,62,120,3,168,191,162,146];False
1868;7348;9216;[34,195,129,70,19,87,121,178,111,132,130,84,77,112,93,147,66,157,103,105,74,188,144,9,142,117,167,61,45,138,41,49,78,128,42,57,197,8,16,126,143,160,91,1,33,124,180,196,36,46,140,92,82,23,189,81,0,85,22,26,176,193,109,20,170,95,38,139,63,118,48,194,31,198,174,184,35,67,32,72,163,25,51,50,190,125,11,113,156,71,165,65,37,94,173,18,131,110,101,59,80,100,30,134,148,4,97,58,175,151,7,116,181,68,123,6,137,158,54,52,119,187,39,107,55,14,13,172,12,89,75,149,15,135,53,183,69,159,164,90,28,155,73,99,106,136,115,152,2,161,102,86,133,76,122,44,104,17,145,56,21,108,192,40,169,182,29,154,60,177,27,43,127,96,171,141,98,114,64,79,179,47,88,5,186,199,83,153,166,24,150,10,185,62,120,3,168,191,162,146];False
1863;7371;9234;[34,195,129,70,19,87,121,178,111,132,130,84,77,112,93,147,66,157,103,105,74,188,144,9,142,117,167,61,45,138,41,49,78,128,42,57,197,8,16,126,143,160,91,1,33,124,180,196,36,46,140,92,82,23,189,81,0,85,22,26,176,193,109,20,170,95,38,139,63,118,48,194,31,198,174,184,35,67,32,72,163,25,51,50,190,125,11,113,156,71,165,65,37,94,173,18,131,110,101,59,80,100,30,134,148,4,97,58,175,151,7,44,181,68,123,6,137,158,54,52,119,187,39,107,55,14,13,172,12,89,75,149,15,108,53,183,69,159,164,90,28,155,73,99,106,136,115,152,2,161,102,86,133,76,122,116,104,17,145,56,21,135,192,40,169,182,29,154,60,177,27,43,127,96,171,141,98,114,64,79,179,47,88,5,186,199,83,153,166,24,150,10,185,62,120,3,168,191,162,146];False
1840;7405;9245;[34,195,129,70,19,87,121,178,111,132,130,84,77,112,93,147,66,157,103,105,74,188,144,9,142,117,167,61,45,138,41,49,78,128,42,57,197,8,16,126,143,160,91,1,33,124,180,196,36,46,140,92,82,23,189,81,0,85,22,26,176,193,109,20,170,95,38,139,63,118,48,194,31,198,174,184,35,67,32,72,163,25,51,50,190,125,11,113,156,71,165,65,37,94,173,18,131,110,101,59,80,100,30,134,148,4,97,58,175,151,7,44,181,68,123,6,137,158,54,52,119,187,39,107,55,14,13,172,12,89,75,149,15,135,53,183,69,159,164,90,28,155,73,99,106,136,115,152,2,161,102,86,133,76,122,116,104,17,145,56,21,108,192,40,169,127,29,154,60,177,27,43,182,96,171,141,98,114,64,79,179,47,88,5,186,199,83,153,166,24,150,10,185,62,120,3,168,191,162,146];False
1877;7339;9216;[34,4,129,70,19,87,121,178,127,132,130,84,77,112,93,147,66,157,103,105,74,188,144,9,24,117,167,61,45,138,41,49,78,128,42,57,197,8,16,126,143,160,91,1,33,124,180,196,36,46,140,92,82,23,189,81,0,85,22,26,176,193,109,20,170,95,38,139,63,118,48,194,31,198,174,184,35,67,32,72,163,25,51,50,190,125,11,113,156,71,165,65,37,94,173,18,131,110,101,59,80,100,30,134,148,195,97,58,175,151,7,44,181,68,123,6,137,158,54,52,119,187,39,107,55,14,13,172,12,89,75,149,15,135,53,183,69,159,164,90,28,155,73,99,106,136,115,152,2,161,102,86,133,76,122,116,104,17,145,56,21,108,192,40,169,182,29,154,60,177,27,43,111,96,171,141,98,114,64,79,179,47,88,5,186,199,83,153,166,142,150,10,185,62,120,3,168,191,162,146];False
1903;7281;9184;[34,4,129,70,19,87,121,178,127,132,130,84,77,112,93,147,66,157,103,105,74,188,144,9,142,117,167,61,45,138,41,49,78,128,42,57,197,8,16,126,143,160,91,1,33,124,180,196,36,46,140,92,82,23,189,81,0,85,22,26,176,193,109,20,170,95,38,139,63,118,48,194,31,198,174,184,35,67,32,72,163,25,51,50,190,125,11,113,156,71,165,65,37,94,173,18,131,110,101,59,80,100,30,134,148,195,97,58,151,175,7,44,181,68,123,6,137,158,54,52,119,187,39,107,55,14,13,172,12,89,75,149,15,135,53,183,69,159,164,90,28,155,73,99,106,136,115,152,2,161,102,86,133,76,122,116,104,17,145,56,21,108,192,40,169,182,29,154,60,177,27,43,111,96,171,141,98,114,64,79,179,47,88,5,186,199,83,153,166,24,150,10,185,62,120,3,168,191,162,146];True
1890;7302;9192;[34,4,129,70,19,87,121,178,127,132,130,84,77,112,93,147,66,157,103,105,74,188,144,9,142,117,167,61,45,138,41,49,78,128,42,57,197,8,16,126,143,160,91,1,33,124,180,196,36,46,140,92,82,23,189,81,0,85,22,26,176,193,109,20,170,95,38,139,63,118,48,194,31,198,174,184,35,67,32,72,163,25,51,50,190,125,11,113,156,71,165,65,37,94,173,18,131,110,101,59,80,100,30,134,148,195,97,58,175,151,7,116,181,68,123,6,137,158,54,52,119,187,39,107,55,14,13,172,12,89,75,149,15,135,53,183,69,159,164,90,28,155,73,99,106,136,115,152,2,161,102,86,133,76,122,44,104,17,145,56,21,108,192,40,169,182,29,154,60,177,27,43,111,96,171,141,98,114,64,79,179,47,88,5,186,199,83,153,166,24,150,10,185,62,120,3,168,191,162,146];False
1885;7325;9210;[34,4,129,70,19,87,121,178,127,132,130,84,77,112,93,147,66,157,103,105,74,188,144,9,142,117,167,61,45,138,41,49,78,128,42,57,197,8,16,126,143,160,91,1,33,124,180,196,36,46,140,92,82,23,189,81,0,85,22,26,176,193,109,20,170,95,38,139,63,118,48,194,31,198,174,184,35,67,32,72,163,25,51,50,190,125,11,113,156,71,165,65,37,94,173,18,131,110,101,59,80,100,30,134,148,195,97,58,175,151,7,44,181,68,123,6,137,158,54,52,119,187,39,107,55,14,13,172,12,89,75,149,15,108,53,183,69,159,164,90,28,155,73,99,106,136,115,152,2,161,102,86,133,76,122,116,104,17,145,56,21,135,192,40,169,182,29,154,60,177,27,43,111,96,171,141,98,114,64,79,179,47,88,5,186,199,83,153,166,24,150,10,185,62,120,3,168,191,162,146];False
1872;7328;9200;[34,4,129,70,19,87,121,178,127,132,130,84,77,112,93,147,66,157,103,105,74,188,144,9,142,117,167,61,45,138,41,49,78,128,42,57,197,8,16,126,143,160,91,1,33,124,180,196,36,46,140,92,82,23,189,81,0,85,22,26,176,193,109,20,170,95,38,139,63,118,48,194,31,198,174,184,35,67,32,72,163,25,51,50,190,125,11,113,156,71,165,65,37,94,173,18,131,110,101,59,80,100,30,134,148,195,97,58,175,151,7,44,181,68,123,6,137,158,54,52,119,187,39,107,55,14,13,172,12,89,75,149,15,135,53,183,69,159,164,90,28,155,73,99,106,136,115,152,2,161,102,86,133,76,122,43,104,17,145,56,21,108,192,40,169,182,29,154,60,177,27,116,111,96,171,141,98,114,64,79,179,47,88,5,186,199,83,153,166,24,150,10,185,62,120,3,168,191,162,146];False
1881;7296;9177;[34,4,129,70,19,87,121,178,111,132,130,84,77,112,93,147,66,157,103,105,74,188,144,184,142,117,167,61,45,138,41,49,78,128,42,57,197,8,16,126,35,160,91,1,33,124,180,196,36,46,140,92,82,23,189,81,0,85,22,26,176,193,109,20,170,95,38,139,63,118,48,194,31,198,174,9,143,67,32,72,163,25,51,50,190,125,11,113,156,71,165,65,37,94,173,18,131,110,101,59,80,100,30,134,148,195,97,58,175,151,7,44,181,68,123,6,137,158,54,52,119,187,39,107,55,14,13,172,12,89,75,149,15,135,53,183,69,159,164,90,28,155,73,99,106,136,115,152,2,161,102,86,133,76,122,116,104,17,145,56,21,108,192,40,169,182,29,154,60,177,27,43,127,96,171,141,98,114,64,79,179,47,88,5,186,199,83,153,166,24,150,10,185,62,120,3,168,191,162,146];True
1868;7347;9215;[34,4,129,70,19,87,121,178,111,132,130,84,77,112,93,147,66,157,103,105,74,188,144,9,24,117,167,61,45,138,41,49,78,128,42,57,197,8,16,126,35,160,91,1,33,124,180,196,36,46,140,92,82,23,189,81,0,85,22,26,176,193,109,20,170,95,38,139,63,118,48,194,31,198,174,184,143,67,32,72,163,25,51,50,190,125,11,113,156,71,165,65,37,94,173,18,131,110,101,59,80,100,30,134,148,195,97,58,175,151,7,44,181,68,123,6,137,158,54,52,119,187,39,107,55,14,13,172,12,89,75,149,15,135,53,183,69,159,164,90,28,155,73,99,106,136,115,152,2,161,102,86,133,76,122,116,104,17,145,56,21,108,192,40,169,182,29,154,60,177,27,43,127,96,171,141,98,114,64,79,179,47,88,5,186,199,83,153,166,142,150,10,185,62,120,3,168,191,162,146];False
1894;7289;9183;[34,4,129,70,19,87,121,178,111,132,130,84,77,112,93,147,66,157,103,105,74,188,144,9,142,117,167,61,45,138,41,49,78,128,42,57,197,8,16,126,35,160,91,1,33,124,180,196,36,46,140,92,82,23,189,81,0,85,22,26,176,193,109,20,170,95,38,139,63,118,48,194,31,198,174,184,143,67,32,72,163,25,51,50,190,125,11,113,156,71,165,65,37,94,173,18,131,110,101,59,80,100,30,134,148,195,97,58,151,175,7,44,181,68,123,6,137,158,54,52,119,187,39,107,55,14,13,172,12,89,75,149,15,135,53,183,69,159,164,90,28,155,73,99,106,136,115,152,2,161,102,86,133,76,122,116,104,17,145,56,21,108,192,40,169,182,29,154,60,177,27,43,127,96,171,141,98,114,64,79,179,47,88,5,186,199,83,153,166,24,150,10,185,62,120,3,168,191,162,146];True
1853;7367;9220;[34,4,129,70,19,87,121,178,111,132,130,84,77,112,93,147,66,157,103,105,74,188,144,9,142,117,167,61,45,138,41,49,78,128,42,57,197,8,16,126,35,160,91,1,33,124,180,196,36,46,140,92,82,23,189,81,0,85,22,26,176,193,109,20,170,95,38,139,63,118,48,194,31,198,174,184,143,67,32,72,163,25,51,50,190,125,11,113,156,71,165,65,37,94,173,18,131,110,101,59,80,100,30,134,148,195,97,58,175,151,7,44,181,68,123,6,137,158,54,52,119,187,39,107,55,14,13,172,12,89,75,149,15,135,53,183,69,159,164,90,28,155,73,99,106,136,115,152,2,161,102,86,133,76,122,116,104,17,145,56,21,108,192,40,169,127,29,154,60,177,27,43,182,96,171,141,98,114,64,79,179,47,88,5,186,199,83,153,166,24,150,10,185,62,120,3,168,191,162,146];False
1891;7294;9185;[34,4,129,70,19,87,121,178,111,132,130,84,77,112,93,147,66,157,103,105,74,188,144,9,142,117,167,61,45,138,41,49,78,128,42,57,197,8,16,126,143,160,91,1,33,124,180,196,36,46,140,92,82,23,189,81,0,85,22,26,176,193,109,20,170,95,38,139,63,118,48,194,31,198,174,184,35,67,32,72,163,25,51,50,190,125,11,113,156,71,165,65,37,94,173,18,131,110,101,59,80,100,30,134,148,195,97,58,151,175,7,116,181,68,123,6,137,158,54,52,119,187,39,107,55,14,13,172,12,89,75,149,15,135,53,183,69,159,164,90,28,155,73,99,106,136,115,152,2,161,102,86,133,76,122,44,104,17,145,56,21,108,192,40,169,182,29,154,60,177,27,43,127,96,171,141,98,114,64,79,179,47,88,5,186,199,83,153,166,24,150,10,185,62,120,3,168,191,162,146];True
1863;7351;9214;[34,4,129,70,19,87,121,178,111,132,130,84,77,112,93,147,66,157,103,105,74,188,144,9,142,117,167,61,45,138,41,49,78,128,42,57,197,8,16,126,143,160,91,1,33,124,180,196,36,46,140,92,82,23,189,81,0,85,22,26,176,193,109,20,170,95,38,139,63,118,48,194,31,198,174,184,35,67,32,72,163,25,51,50,190,125,11,113,156,71,165,65,37,94,173,18,131,110,101,59,80,100,30,134,148,195,97,58,151,175,7,44,181,68,123,6,137,158,54,52,119,187,39,107,55,14,13,172,12,89,75,149,15,135,53,183,69,159,164,90,28,155,73,99,106,136,115,152,2,161,102,86,133,76,122,116,104,17,145,56,21,108,192,40,169,127,29,154,60,177,27,43,182,96,171,141,98,114,64,79,179,47,88,5,186,199,83,153,166,24,150,10,185,62,120,3,168,191,162,146];False
1850;7372;9222;[34,4,129,70,19,87,121,178,111,132,130,84,77,112,93,147,66,157,103,105,74,188,144,9,142,117,167,61,45,138,41,49,78,128,42,57,197,8,16,126,143,160,91,1,33,124,180,196,36,46,140,92,82,23,189,81,0,85,22,26,176,193,109,20,170,95,38,139,63,118,48,194,31,198,174,184,35,67,32,72,163,25,51,50,190,125,11,113,156,71,165,65,37,94,173,18,131,110,101,59,80,100,30,134,148,195,97,58,175,151,7,116,181,68,123,6,137,158,54,52,119,187,39,107,55,14,13,172,12,89,75,149,15,135,53,183,69,159,164,90,28,155,73,99,106,136,115,152,2,161,102,86,133,76,122,44,104,17,145,56,21,108,192,40,169,127,29,154,60,177,27,43,182,96,171,141,98,114,64,79,179,47,88,5,186,199,83,153,166,24,150,10,185,62,120,3,168,191,162,146];False
1841;7324;9165;[34,127,129,70,19,87,121,178,111,132,130,84,77,112,93,147,66,157,103,105,74,188,144,9,142,117,167,61,45,138,41,49,78,128,42,57,197,8,16,126,143,160,91,1,33,124,180,196,36,46,140,92,82,23,189,81,0,85,22,26,176,193,109,20,170,95,38,139,63,118,48,194,31,198,174,184,35,67,32,72,163,25,51,50,190,125,11,113,156,71,165,65,37,94,173,18,131,110,101,59,80,100,30,134,148,195,97,58,175,151,7,44,181,68,123,6,137,158,54,52,119,187,39,107,55,14,13,172,12,89,75,149,15,135,53,183,69,159,164,90,28,155,73,99,106,136,115,152,2,161,102,86,133,76,122,116,104,17,145,56,21,108,192,40,169,4,29,154,60,177,27,43,182,96,171,141,98,114,64,79,179,47,88,5,186,199,83,153,166,24,150,10,185,62,120,3,168,191,162,146];True
1837;7430;9267;[144,118,129,162,22,87,121,178,111,132,130,84,77,112,34,147,66,157,103,105,74,188,93,184,142,117,167,61,45,138,41,49,78,128,42,57,197,8,16,126,35,160,91,1,33,124,180,196,36,46,140,92,82,23,189,81,0,85,19,26,176,193,109,20,170,95,38,139,146,4,70,194,31,198,174,9,143,67,32,72,163,25,51,50,190,125,11,113,156,71,165,65,37,94,173,18,131,110,101,59,80,100,30,134,148,195,97,58,151,175,7,191,181,68,123,6,137,158,54,52,119,187,39,107,55,14,13,172,12,89,75,149,15,135,53,183,69,159,164,90,28,155,73,99,106,136,115,152,2,161,102,86,133,76,122,116,104,17,145,56,21,108,192,40,169,127,29,154,60,177,27,43,182,96,171,141,98,114,64,79,179,47,88,5,186,199,83,153,166,24,150,10,185,62,120,3,168,44,48,63];False
1900;7285;9185;[34,118,129,162,19,87,121,178,111,132,130,84,67,112,93,147,66,157,103,105,74,188,144,9,142,117,167,61,45,138,41,36,83,128,42,57,197,8,16,126,143,160,91,1,33,124,180,196,49,46,140,92,82,77,189,23,0,85,22,26,176,193,109,20,170,95,38,139,146,4,70,194,31,198,174,184,35,78,32,72,163,25,51,50,190,125,11,113,156,71,165,65,37,94,173,18,131,110,101,59,80,100,30,134,148,195,97,58,151,175,7,191,181,68,123,6,137,158,54,52,119,187,39,107,55,14,13,172,12,89,75,149,15,135,53,183,69,159,164,90,28,155,73,99,106,136,115,152,2,161,102,86,133,76,122,116,104,17,145,56,21,108,192,40,169,182,29,154,60,177,27,43,127,96,171,141,98,114,64,79,179,47,88,5,186,199,81,153,166,24,150,10,185,62,120,3,168,44,48,63];True
1772;7508;9280;[136,118,129,162,22,87,121,178,127,132,130,84,77,112,34,147,66,157,103,105,74,188,144,9,24,117,167,61,45,138,41,49,78,128,42,57,197,8,16,126,35,160,91,1,33,124,180,196,36,46,140,92,82,23,189,81,0,85,19,26,176,193,109,20,170,166,38,139,146,4,70,194,31,198,174,184,143,67,32,72,163,25,51,50,190,125,11,113,156,71,165,65,37,94,173,18,131,110,101,59,80,95,30,134,148,195,97,58,175,151,7,191,181,68,123,6,137,158,54,52,119,100,39,107,55,14,13,172,12,89,75,149,15,135,53,183,69,159,164,90,28,155,73,99,106,93,115,152,2,161,102,86,133,76,122,43,104,17,145,56,21,108,192,40,169,182,29,154,60,177,27,116,111,96,171,141,98,114,64,79,179,47,88,5,186,199,83,153,187,142,150,10,185,62,120,3,168,44,48,63];True
1771;7524;9295;[136,118,129,162,19,87,121,178,127,132,130,84,77,112,34,147,66,157,103,70,74,188,144,9,24,117,167,61,45,138,41,49,78,128,42,57,197,8,16,126,35,160,91,1,33,124,180,196,36,46,140,92,82,23,189,81,0,85,22,26,176,193,109,20,170,166,38,139,146,4,105,194,31,198,174,184,143,67,32,72,163,25,51,50,190,125,11,113,156,71,165,65,37,94,173,18,131,110,101,59,80,95,30,134,148,195,97,58,175,151,7,191,181,68,123,6,137,158,54,52,119,100,39,107,55,14,13,172,12,89,75,149,15,135,53,183,69,159,164,90,28,155,73,99,106,93,115,152,2,161,102,86,133,76,122,43,104,17,145,56,21,108,192,40,169,182,29,154,60,177,27,116,111,96,171,141,98,114,64,79,179,47,88,5,186,199,83,153,187,142,150,10,185,62,120,3,168,44,48,63];False
1748;7561;9309;[136,118,129,162,19,87,121,178,127,132,130,84,77,112,34,147,66,157,103,105,74,188,144,9,24,117,167,61,45,138,41,49,78,128,42,57,197,8,16,126,35,160,91,1,33,124,180,196,36,46,140,92,82,23,189,81,0,85,22,26,176,193,109,20,170,166,38,139,146,4,70,194,31,198,174,184,143,67,32,72,163,25,51,50,190,125,11,113,156,71,165,65,37,94,173,18,131,149,101,59,80,95,30,134,148,195,97,58,175,151,7,191,181,68,123,6,137,158,54,52,119,100,39,107,55,14,13,172,12,89,75,110,15,135,53,183,69,159,164,90,28,155,73,99,106,93,115,152,2,161,102,86,133,76,122,43,104,17,145,56,21,108,192,40,169,182,29,154,60,177,27,116,111,96,171,141,98,114,64,79,179,47,88,5,186,199,83,153,187,142,150,10,185,62,120,3,168,44,48,63];True
1771;7519;9290;[136,118,129,162,19,87,121,178,127,132,130,84,77,112,34,147,66,157,103,105,74,188,144,9,24,117,167,61,45,138,41,49,78,128,42,57,197,8,16,126,35,160,91,1,33,124,180,196,36,46,140,92,82,23,189,81,0,85,22,26,176,193,109,20,170,166,38,139,146,4,70,194,31,198,174,184,143,67,32,72,163,25,51,50,190,125,11,113,156,71,165,65,37,94,173,18,131,110,101,59,80,95,30,134,148,195,97,137,175,151,7,191,181,68,123,6,58,158,54,52,119,100,39,107,55,14,13,172,12,89,75,149,15,135,53,183,69,159,164,90,28,155,73,99,106,93,115,152,2,161,102,86,133,76,122,43,104,17,145,56,21,108,192,40,169,182,29,154,60,177,27,116,111,96,171,141,98,114,64,79,179,47,88,5,186,199,83,153,187,142,150,10,185,62,120,3,168,44,48,63];True
1775;7499;9274;[136,118,129,162,19,87,121,178,127,132,130,84,77,112,34,147,66,157,103,105,74,188,144,9,24,117,167,61,45,138,41,49,78,128,42,57,197,8,16,126,35,160,91,1,33,124,180,196,36,46,140,92,82,23,189,81,0,85,22,26,176,193,109,20,170,166,38,139,146,4,70,194,31,198,174,184,143,67,32,72,163,25,51,50,190,125,11,113,156,71,165,65,37,94,173,18,131,110,101,59,80,95,30,134,148,195,97,58,151,175,7,191,181,68,123,6,137,158,54,52,119,100,39,107,55,14,13,172,12,89,75,149,15,135,53,183,69,159,164,90,28,155,73,99,106,93,115,152,2,161,102,86,133,76,122,43,104,17,145,56,21,108,192,40,169,182,29,154,60,177,27,116,111,96,171,141,98,114,64,79,179,47,88,5,186,199,83,153,187,142,150,10,185,62,120,3,168,44,48,63];True
1737;7584;9321;[136,118,129,162,19,87,121,178,127,132,130,84,77,112,34,147,66,157,103,105,74,188,144,9,24,117,167,61,45,138,41,49,78,128,42,57,197,8,16,126,35,160,91,1,33,124,180,196,36,46,140,92,82,23,189,81,0,85,22,26,176,193,109,20,170,166,38,139,146,4,70,194,31,198,174,184,143,67,32,72,163,25,51,50,190,125,11,113,156,71,165,65,37,94,173,18,131,110,101,59,80,95,30,134,148,195,97,58,175,151,7,191,181,68,123,6,137,158,54,52,108,100,39,107,55,14,13,172,12,89,75,149,15,135,53,183,69,159,164,90,28,155,73,99,106,93,115,152,2,161,102,86,133,76,122,43,104,17,145,56,21,119,192,40,169,182,29,154,60,177,27,116,111,96,171,141,98,114,64,79,179,47,88,5,186,199,83,153,187,142,150,10,185,62,120,3,168,44,48,63];True
1757;7543;9300;[136,118,129,162,19,87,121,178,127,132,130,84,77,112,34,147,66,157,103,105,74,188,144,9,24,117,167,61,45,138,41,49,78,128,42,57,197,8,16,126,35,160,91,1,33,124,180,196,36,46,140,92,82,23,189,81,0,85,22,26,176,193,109,20,170,166,38,139,146,4,70,194,31,198,174,184,143,67,32,72,163,25,51,50,190,125,11,113,156,71,165,65,37,94,173,18,131,110,101,59,80,95,30,134,148,195,97,58,175,151,7,191,181,68,123,6,137,158,54,52,119,100,39,107,55,14,13,172,12,89,75,149,15,108,53,183,69,159,164,90,28,155,73,99,106,93,115,152,2,161,102,86,133,76,122,43,104,17,145,56,21,135,192,40,169,182,29,154,60,177,27,116,111,96,171,141,98,114,64,79,179,47,88,5,186,199,83,153,187,142,150,10,185,62,120,3,168,44,48,63];True
1808;7450;9258;[136,118,129,162,19,87,121,178,127,132,130,84,77,112,34,147,66,157,103,105,74,188,144,9,24,117,167,61,45,138,41,49,78,128,42,57,197,8,16,126,35,160,91,1,33,124,180,196,36,46,140,92,82,23,189,81,0,85,22,26,176,193,109,20,170,166,38,139,146,4,70,194,31,198,174,184,143,67,32,72,163,25,51,50,190,125,11,113,156,71,165,65,37,94,173,18,131,110,101,59,80,95,30,134,148,195,97,58,175,151,7,191,181,68,123,6,137,158,54,52,119,100,39,107,55,14,13,172,12,89,75,149,15,135,53,183,69,159,164,90,28,155,73,99,106,93,115,152,2,161,102,86,133,76,122,116,104,17,145,56,21,108,192,40,169,182,29,154,60,177,27,43,111,96,171,141,98,114,64,79,179,47,88,5,186,199,83,153,187,142,150,10,185,62,120,3,168,44,48,63];True
1798;7474;9272;[93,118,129,162,22,87,121,178,127,132,130,84,77,112,34,147,66,157,103,105,74,188,144,9,24,117,167,61,45,138,41,49,78,128,42,57,197,8,16,126,143,160,91,1,33,124,180,196,36,46,140,92,82,23,189,81,0,85,19,26,176,193,109,20,170,166,38,139,146,4,70,194,31,198,174,184,35,67,32,72,163,25,51,50,190,125,11,113,156,71,165,65,37,94,173,18,131,110,101,59,80,95,30,134,148,195,97,58,175,151,7,191,181,68,123,6,137,158,54,52,119,100,39,107,55,14,13,172,12,89,75,149,15,135,53,183,69,159,164,90,28,155,73,99,106,136,115,152,2,161,102,86,133,76,122,43,104,17,145,56,21,108,192,40,169,182,29,154,60,177,27,116,111,96,171,141,98,114,64,79,179,47,88,5,186,199,83,153,187,142,150,10,185,62,120,3,168,44,48,63];True
1755;7554;9309;[136,118,129,162,22,87,121,178,127,132,130,84,77,112,34,147,66,157,103,105,74,188,144,9,24,117,167,61,45,138,41,49,78,128,42,57,197,8,16,126,143,160,91,1,33,124,180,196,36,46,140,92,82,23,189,81,0,85,19,26,176,193,109,20,170,166,38,139,146,4,70,194,31,198,174,184,35,67,32,72,163,25,51,50,190,125,11,113,156,71,165,65,37,94,173,18,131,149,101,59,80,95,30,134,148,195,97,58,175,151,7,191,181,68,123,6,137,158,54,52,119,100,39,107,55,14,13,172,12,89,75,110,15,135,53,183,69,159,164,90,28,155,73,99,106,93,115,152,2,161,102,86,133,76,122,43,104,17,145,56,21,108,192,40,169,182,29,154,60,177,27,116,111,96,171,141,98,114,64,79,179,47,88,5,186,199,83,153,187,142,150,10,185,62,120,3,168,44,48,63];True
1782;7492;9274;[136,118,129,162,22,87,121,178,127,132,130,84,77,112,34,147,66,157,103,105,74,188,144,9,24,117,167,61,45,138,41,49,78,128,42,57,197,8,16,126,143,160,91,1,33,124,180,196,36,46,140,92,82,23,189,81,0,85,19,26,176,193,109,20,170,166,38,139,146,4,70,194,31,198,174,184,35,67,32,72,163,25,51,50,190,125,11,113,156,71,165,65,37,94,173,18,131,110,101,59,80,95,30,134,148,195,97,58,151,175,7,191,181,68,123,6,137,158,54,52,119,100,39,107,55,14,13,172,12,89,75,149,15,135,53,183,69,159,164,90,28,155,73,99,106,93,115,152,2,161,102,86,133,76,122,43,104,17,145,56,21,108,192,40,169,182,29,154,60,177,27,116,111,96,171,141,98,114,64,79,179,47,88,5,186,199,83,153,187,142,150,10,185,62,120,3,168,44,48,63];True
1744;7577;9321;[136,118,129,162,22,87,121,178,127,132,130,84,77,112,34,147,66,157,103,105,74,188,144,9,24,117,167,61,45,138,41,49,78,128,42,57,197,8,16,126,143,160,91,1,33,124,180,196,36,46,140,92,82,23,189,81,0,85,19,26,176,193,109,20,170,166,38,139,146,4,70,194,31,198,174,184,35,67,32,72,163,25,51,50,190,125,11,113,156,71,165,65,37,94,173,18,131,110,101,59,80,95,30,134,148,195,97,58,175,151,7,191,181,68,123,6,137,158,54,52,108,100,39,107,55,14,13,172,12,89,75,149,15,135,53,183,69,159,164,90,28,155,73,99,106,93,115,152,2,161,102,86,133,76,122,43,104,17,145,56,21,119,192,40,169,182,29,154,60,177,27,116,111,96,171,141,98,114,64,79,179,47,88,5,186,199,83,153,187,142,150,10,185,62,120,3,168,44,48,63];False
1764;7536;9300;[136,118,129,162,22,87,121,178,127,132,130,84,77,112,34,147,66,157,103,105,74,188,144,9,24,117,167,61,45,138,41,49,78,128,42,57,197,8,16,126,143,160,91,1,33,124,180,196,36,46,140,92,82,23,189,81,0,85,19,26,176,193,109,20,170,166,38,139,146,4,70,194,31,198,174,184,35,67,32,72,163,25,51,50,190,125,11,113,156,71,165,65,37,94,173,18,131,110,101,59,80,95,30,134,148,195,97,58,175,151,7,191,181,68,123,6,137,158,54,52,119,100,39,107,55,14,13,172,12,89,75,149,15,108,53,183,69,159,164,90,28,155,73,99,106,93,115,152,2,161,102,86,133,76,122,43,104,17,145,56,21,135,192,40,169,182,29,154,60,177,27,116,111,96,171,141,98,114,64,79,179,47,88,5,186,199,83,153,187,142,150,10,185,62,120,3,168,44,48,63];True
1815;7443;9258;[136,118,129,162,22,87,121,178,127,132,130,84,77,112,34,147,66,157,103,105,74,188,144,9,24,117,167,61,45,138,41,49,78,128,42,57,197,8,16,126,143,160,91,1,33,124,180,196,36,46,140,92,82,23,189,81,0,85,19,26,176,193,109,20,170,166,38,139,146,4,70,194,31,198,174,184,35,67,32,72,163,25,51,50,190,125,11,113,156,71,165,65,37,94,173,18,131,110,101,59,80,95,30,134,148,195,97,58,175,151,7,191,181,68,123,6,137,158,54,52,119,100,39,107,55,14,13,172,12,89,75,149,15,135,53,183,69,159,164,90,28,155,73,99,106,93,115,152,2,161,102,86,133,76,122,116,104,17,145,56,21,108,192,40,169,182,29,154,60,177,27,43,111,96,171,141,98,114,64,79,179,47,88,5,186,199,83,153,187,142,150,10,185,62,120,3,168,44,48,63];True
1839;7402;9241;[34,118,129,162,19,87,121,178,127,132,130,84,77,112,93,147,66,157,103,105,74,188,144,9,24,117,167,61,45,138,41,49,78,128,42,57,197,8,16,126,143,160,91,1,33,124,180,196,36,46,140,92,82,23,189,81,0,85,22,26,176,193,109,20,170,166,38,139,146,4,70,194,31,198,174,184,35,67,32,72,163,25,51,50,190,125,11,113,156,71,165,65,37,94,173,18,131,110,101,59,80,95,30,134,148,195,97,58,175,151,7,191,181,68,123,6,137,158,54,52,119,100,39,107,55,14,13,172,12,89,75,149,15,135,53,183,69,159,164,90,28,155,73,99,106,136,115,152,2,161,102,86,133,76,122,43,104,17,145,56,21,108,192,40,169,182,29,154,60,177,27,116,111,96,171,141,98,114,64,79,179,47,88,5,186,199,83,153,187,142,150,10,185,62,120,3,168,44,48,63];True
1801;7465;9266;[93,118,129,162,19,87,121,178,127,132,130,84,77,112,34,147,66,157,103,105,74,188,144,9,24,117,167,61,45,138,41,49,78,128,42,57,197,8,16,126,143,160,91,1,33,124,180,196,36,46,140,92,82,23,189,81,0,85,22,26,176,193,109,20,170,166,38,139,146,4,70,194,31,198,174,184,35,67,32,72,163,25,51,50,190,125,11,113,156,71,165,65,37,94,173,18,131,110,101,59,80,95,30,134,148,195,97,58,151,175,7,191,181,68,123,6,137,158,54,52,119,100,39,107,55,14,13,172,12,89,75,149,15,135,53,183,69,159,164,90,28,155,73,99,106,136,115,152,2,161,102,86,133,76,122,43,104,17,145,56,21,108,192,40,169,182,29,154,60,177,27,116,111,96,171,141,98,114,64,79,179,47,88,5,186,199,83,153,187,142,150,10,185,62,120,3,168,44,48,63];True
1834;7416;9250;[93,118,129,162,19,87,121,178,127,132,130,84,77,112,34,147,66,157,103,105,74,188,144,9,24,117,167,61,45,138,41,49,78,128,42,57,197,8,16,126,143,160,91,1,33,124,180,196,36,46,140,92,82,23,189,81,0,85,22,26,176,193,109,20,170,166,38,139,146,4,70,194,31,198,174,184,35,67,32,72,163,25,51,50,190,125,11,113,156,71,165,65,37,94,173,18,131,110,101,59,80,95,30,134,148,195,97,58,175,151,7,191,181,68,123,6,137,158,54,52,119,100,39,107,55,14,13,172,12,89,75,149,15,135,53,183,69,159,164,90,28,155,73,99,106,136,115,152,2,161,102,86,133,76,122,116,104,17,145,56,21,108,192,40,169,182,29,154,60,177,27,43,111,96,171,141,98,114,64,79,179,47,88,5,186,199,83,153,187,142,150,10,185,62,120,3,168,44,48,63];True
1747;7568;9315;[136,118,129,162,19,87,121,178,127,132,130,84,77,112,34,147,66,157,103,105,74,188,144,9,24,117,167,61,45,138,41,49,78,128,42,57,197,8,16,126,143,160,91,1,33,124,180,196,36,46,140,92,82,23,189,81,0,85,22,26,176,193,109,20,170,166,38,139,146,4,70,194,31,198,174,184,35,67,32,72,163,25,51,50,190,125,11,113,156,71,165,65,37,94,173,18,131,110,101,59,80,95,30,134,148,195,97,58,151,175,7,191,181,68,123,6,137,158,54,52,108,100,39,107,55,14,13,172,12,89,75,149,15,135,53,183,69,159,164,90,28,155,73,99,106,93,115,152,2,161,102,86,133,76,122,43,104,17,145,56,21,119,192,40,169,182,29,154,60,177,27,116,111,96,171,141,98,114,64,79,179,47,88,5,186,199,83,153,187,142,150,10,185,62,120,3,168,44,48,63];True
1767;7527;9294;[136,118,129,162,19,87,121,178,127,132,130,84,77,112,34,147,66,157,103,105,74,188,144,9,24,117,167,61,45,138,41,49,78,128,42,57,197,8,16,126,143,160,91,1,33,124,180,196,36,46,140,92,82,23,189,81,0,85,22,26,176,193,109,20,170,166,38,139,146,4,70,194,31,198,174,184,35,67,32,72,163,25,51,50,190,125,11,113,156,71,165,65,37,94,173,18,131,110,101,59,80,95,30,134,148,195,97,58,151,175,7,191,181,68,123,6,137,158,54,52,119,100,39,107,55,14,13,172,12,89,75,149,15,108,53,183,69,159,164,90,28,155,73,99,106,93,115,152,2,161,102,86,133,76,122,43,104,17,145,56,21,135,192,40,169,182,29,154,60,177,27,116,111,96,171,141,98,114,64,79,179,47,88,5,186,199,83,153,187,142,150,10,185,62,120,3,168,44,48,63];True
1818;7434;9252;[136,118,129,162,19,87,121,178,127,132,130,84,77,112,34,147,66,157,103,105,74,188,144,9,24,117,167,61,45,138,41,49,78,128,42,57,197,8,16,126,143,160,91,1,33,124,180,196,36,46,140,92,82,23,189,81,0,85,22,26,176,193,109,20,170,166,38,139,146,4,70,194,31,198,174,184,35,67,32,72,163,25,51,50,190,125,11,113,156,71,165,65,37,94,173,18,131,110,101,59,80,95,30,134,148,195,97,58,151,175,7,191,181,68,123,6,137,158,54,52,119,100,39,107,55,14,13,172,12,89,75,149,15,135,53,183,69,159,164,90,28,155,73,99,106,93,115,152,2,161,102,86,133,76,122,116,104,17,145,56,21,108,192,40,169,182,29,154,60,177,27,43,111,96,171,141,98,114,64,79,179,47,88,5,186,199,83,153,187,142,150,10,185,62,120,3,168,44,48,63];True
1821;7424;9245;[136,118,129,162,19,87,121,178,111,132,130,84,77,112,34,147,66,157,103,105,74,188,144,9,24,117,167,61,45,138,41,49,78,128,42,57,197,8,16,126,143,160,91,1,33,124,180,196,36,46,140,92,82,23,189,81,0,85,22,26,176,193,109,20,170,166,38,139,146,4,70,194,31,198,174,184,35,67,32,72,163,25,51,50,190,125,11,113,156,71,165,65,37,94,173,18,131,110,101,59,80,95,30,134,148,195,97,58,175,151,7,191,181,68,123,6,137,158,54,52,119,100,39,107,55,14,13,172,12,89,75,149,15,135,53,183,69,159,164,90,28,155,73,99,106,93,115,152,2,161,102,86,133,76,122,116,104,17,145,56,21,108,192,40,169,182,29,154,60,177,27,43,127,96,171,141,98,114,64,79,179,47,88,5,186,199,83,153,187,142,150,10,185,62,120,3,168,44,48,63];True
2101;7186;9287;[34,4,121,162,147,67,32,138,172,12,130,84,77,112,93,184,66,157,103,105,74,188,144,51,142,117,167,61,45,22,41,49,78,128,42,57,197,146,55,126,143,160,91,1,33,124,180,196,36,46,140,92,82,23,189,81,0,85,19,26,176,193,109,190,170,95,38,139,65,20,70,194,31,198,174,178,9,6,129,2,163,25,50,8,16,125,11,113,156,71,165,87,37,94,173,18,137,175,101,59,80,100,30,134,148,195,97,58,151,110,7,191,181,68,123,72,131,158,54,52,119,187,39,107,118,14,13,111,132,89,75,149,15,135,53,183,69,159,164,90,28,155,73,99,106,136,115,152,35,161,102,86,133,76,122,116,104,17,145,56,21,108,192,40,169,182,29,154,60,177,27,43,127,96,171,141,98,114,64,79,179,47,88,5,186,199,83,153,166,24,150,10,185,62,120,3,168,44,48,63];False
2105;7176;9281;[34,4,121,162,147,67,32,138,172,12,130,84,77,112,93,184,66,157,103,105,74,188,144,51,142,117,167,61,45,22,41,49,78,128,42,57,197,146,118,126,143,160,91,1,33,124,180,196,36,46,140,92,82,23,189,81,0,85,19,26,176,193,109,190,170,95,38,139,65,20,70,194,31,198,174,178,90,6,129,2,163,25,50,8,16,125,11,113,156,71,165,87,37,94,173,18,137,175,101,59,80,100,30,134,148,195,97,58,151,110,7,191,181,68,123,72,131,158,54,52,119,187,39,107,55,14,13,111,132,89,75,149,15,135,53,183,69,159,164,9,28,155,73,99,106,136,115,152,35,161,102,86,133,76,122,116,104,17,145,56,21,108,192,40,169,182,29,154,60,177,27,43,127,96,171,141,98,114,64,79,179,47,88,5,186,199,83,153,166,24,150,10,185,62,120,3,168,44,48,63];True
2100;7182;9282;[34,4,121,162,147,67,32,138,172,12,130,84,77,112,93,184,66,157,103,105,74,188,144,51,142,117,167,61,45,22,41,49,78,128,42,57,197,146,118,126,143,160,91,1,33,124,180,196,36,46,140,92,82,23,189,81,0,85,19,26,176,193,109,190,170,95,38,139,65,20,70,194,31,198,174,178,9,28,129,2,163,25,50,8,16,125,11,113,156,71,165,87,37,94,173,18,137,175,101,59,80,100,30,134,148,195,97,58,151,110,7,191,181,68,123,72,131,158,54,52,119,187,39,107,55,14,13,111,132,89,75,149,15,135,53,183,69,159,164,90,6,155,73,99,106,136,115,152,35,161,102,86,133,76,122,116,104,17,145,56,21,108,192,40,169,182,29,154,60,177,27,43,127,96,171,141,98,114,64,79,179,47,88,5,186,199,83,153,166,24,150,10,185,62,120,3,168,44,48,63];True
2107;7175;9282;[34,4,121,162,147,67,32,138,172,12,130,84,77,112,93,184,66,157,103,105,74,188,144,51,142,117,167,61,45,22,41,49,78,128,42,57,197,146,118,126,143,160,91,1,33,124,180,196,36,46,140,92,82,23,189,81,0,85,19,26,176,193,109,190,170,95,38,139,65,20,70,194,31,198,174,178,9,6,129,2,163,25,50,8,16,125,11,113,156,71,165,87,37,94,173,18,137,175,101,59,80,100,30,134,148,195,97,58,151,110,7,191,181,68,123,72,131,158,54,52,119,187,39,107,55,14,13,111,132,89,75,149,15,135,53,183,69,159,164,90,28,155,73,99,106,136,115,152,35,161,102,86,133,76,122,116,104,17,145,56,21,108,192,40,169,182,29,154,60,179,27,43,127,96,171,141,98,114,64,79,177,47,88,5,186,199,83,153,166,24,150,10,185,62,120,3,168,44,48,63];True
2197;7115;9312;[34,4,121,162,147,67,32,91,172,12,130,84,77,112,93,184,66,157,103,105,74,188,144,31,142,117,167,61,182,19,41,49,78,128,42,57,197,146,118,126,143,160,138,1,33,124,180,196,36,46,140,92,82,23,189,81,0,85,22,26,176,193,109,190,170,95,38,139,65,20,70,194,29,198,174,178,9,6,129,2,163,25,50,51,16,125,11,113,156,71,165,87,37,94,173,18,131,110,101,59,80,100,30,134,148,195,97,58,175,151,7,191,181,68,123,72,137,158,54,52,119,187,39,107,55,14,13,111,132,89,75,149,15,135,53,183,69,159,164,90,28,155,73,99,106,136,115,152,35,161,102,86,133,76,122,116,104,17,145,56,21,108,192,40,169,45,8,154,60,177,27,43,127,96,171,141,98,114,64,79,179,47,88,5,186,199,83,153,166,24,150,10,185,62,120,3,168,44,48,63];True
2308;7072;9380;[34,4,121,162,147,67,32,91,172,12,130,84,77,112,93,184,66,157,103,105,74,188,144,31,142,117,167,61,45,19,41,49,78,128,42,57,197,146,118,126,143,160,138,1,33,124,180,196,36,46,140,92,82,23,189,81,0,85,22,26,176,193,109,190,170,95,38,139,65,20,70,194,29,198,174,178,9,6,129,2,163,25,51,50,16,125,11,113,156,71,165,87,37,94,173,18,131,110,101,59,80,100,30,134,148,195,97,58,175,151,7,191,181,68,123,72,137,158,54,52,119,187,39,107,55,14,13,111,132,89,75,149,15,135,53,183,69,159,164,90,28,155,73,99,106,136,115,152,35,161,102,86,133,76,122,116,104,17,145,56,21,108,192,40,169,182,8,154,60,177,27,43,127,96,171,141,98,114,64,79,179,47,88,5,186,199,83,153,166,24,150,10,185,62,120,3,168,44,48,63];True
2245;7101;9346;[34,4,121,162,147,67,32,91,172,12,130,84,77,112,93,184,66,157,103,105,74,188,144,31,142,117,167,61,45,19,41,49,78,128,42,57,197,146,118,126,143,160,138,1,33,124,180,196,36,46,140,92,82,23,189,81,0,85,22,26,176,193,109,190,170,95,38,139,65,20,70,194,29,198,174,178,9,6,129,2,163,25,50,51,16,125,11,113,156,71,165,87,37,94,173,18,131,110,101,59,80,100,30,134,148,195,97,58,151,175,7,191,181,68,123,72,137,158,54,52,119,187,39,107,55,14,13,111,132,89,75,149,15,135,53,183,69,159,164,90,28,155,73,99,106,136,115,152,35,161,102,86,133,76,122,116,104,17,145,56,21,108,192,40,169,182,8,154,60,177,27,43,127,96,171,141,98,114,64,79,179,47,88,5,186,199,83,153,166,24,150,10,185,62,120,3,168,44,48,63];False
2264;7094;9358;[34,4,121,162,147,67,32,91,172,12,130,84,77,112,93,184,66,157,103,105,74,188,144,31,142,117,167,61,45,19,41,49,78,128,42,57,197,146,118,126,143,160,138,1,33,124,180,196,36,46,140,92,82,23,189,81,0,85,22,26,176,193,109,190,170,95,38,139,65,20,70,194,29,198,174,178,9,6,129,2,163,25,50,51,16,125,11,113,156,71,165,87,37,94,173,18,131,110,101,59,80,100,30,134,148,195,97,58,175,151,7,191,181,68,123,72,137,158,54,52,119,187,39,107,55,14,13,111,132,89,75,149,15,135,53,183,69,159,164,90,28,155,73,99,106,136,115,152,35,161,102,86,133,76,122,116,104,8,145,56,21,108,192,40,169,182,17,154,60,177,27,43,127,96,171,141,98,114,64,79,179,47,88,5,186,199,83,153,166,24,150,10,185,62,120,3,168,44,48,63];True
2280;7086;9366;[34,4,121,162,147,67,32,19,172,12,130,84,77,112,93,184,66,157,103,105,74,188,144,31,142,117,167,61,45,138,41,49,78,128,42,57,197,146,118,126,143,160,91,1,33,124,180,196,36,46,140,92,82,23,189,81,0,85,22,26,176,193,109,190,170,95,38,139,65,20,70,194,29,198,174,178,9,6,129,2,163,25,51,50,16,125,11,113,156,71,165,87,37,94,173,18,131,110,101,59,80,100,30,134,148,195,97,58,175,151,7,191,181,68,123,72,137,158,54,52,119,187,39,107,55,14,13,111,132,89,75,149,15,135,53,183,69,159,164,90,28,155,73,99,106,136,115,152,35,161,102,86,133,76,122,116,104,17,145,56,21,108,192,40,169,182,8,154,60,177,27,43,127,96,171,141,98,114,64,79,179,47,88,5,186,199,83,153,166,24,150,10,185,62,120,3,168,44,48,63];False
2194;7116;9310;[34,4,121,162,147,67,32,138,172,12,130,84,77,112,93,184,66,157,103,105,74,188,144,31,142,117,167,182,61,19,41,49,78,128,42,57,197,146,118,126,143,160,91,1,33,124,180,196,36,46,140,92,82,23,189,81,0,85,22,26,176,193,109,190,170,95,38,139,65,20,70,194,29,198,174,178,9,6,129,2,163,25,50,51,16,125,11,113,156,71,165,87,37,94,173,18,131,110,101,59,80,100,30,134,148,195,97,58,175,151,7,191,181,68,123,72,137,158,54,52,119,187,39,107,55,14,13,111,132,89,75,149,15,135,53,183,69,159,164,90,28,155,73,99,106,136,115,152,35,161,102,86,133,76,122,116,104,17,145,56,21,108,192,40,169,45,8,154,60,177,27,43,127,96,171,141,98,114,64,79,179,47,88,5,186,199,83,153,166,24,150,10,185,62,120,3,168,44,48,63];True
2240;7095;9335;[34,4,121,162,147,67,32,138,172,12,130,84,77,112,93,184,66,157,103,105,74,188,144,31,142,117,167,61,182,19,41,49,78,128,42,57,197,146,118,126,143,160,91,1,33,124,180,196,36,46,140,92,82,23,189,81,0,85,22,26,176,193,109,190,170,95,38,139,65,20,70,194,29,198,174,178,9,6,129,2,163,25,51,50,16,125,11,113,156,71,165,87,37,94,173,18,131,110,101,59,80,100,30,134,148,195,97,58,175,151,7,191,181,68,123,72,137,158,54,52,119,187,39,107,55,14,13,111,132,89,75,149,15,135,53,183,69,159,164,90,28,155,73,99,106,136,115,152,35,161,102,86,133,76,122,116,104,17,145,56,21,108,192,40,169,45,8,154,60,177,27,43,127,96,171,141,98,114,64,79,179,47,88,5,186,199,83,153,166,24,150,10,185,62,120,3,168,44,48,63];True
2191;7121;9312;[34,4,121,162,147,67,32,138,172,12,130,84,77,112,93,184,66,157,103,105,74,188,144,31,142,117,167,61,182,19,41,49,78,128,42,57,197,146,118,126,143,160,91,1,33,124,180,196,36,46,140,92,82,23,189,81,0,85,22,26,176,193,109,190,170,95,38,139,65,20,70,194,29,198,174,178,9,6,129,2,163,25,50,51,16,125,11,113,156,71,165,87,37,94,173,18,137,110,101,59,80,100,30,134,148,195,97,58,175,151,7,191,181,68,123,72,131,158,54,52,119,187,39,107,55,14,13,111,132,89,75,149,15,135,53,183,69,159,164,90,28,155,73,99,106,136,115,152,35,161,102,86,133,76,122,116,104,17,145,56,21,108,192,40,169,45,8,154,60,177,27,43,127,96,171,141,98,114,64,79,179,47,88,5,186,199,83,153,166,24,150,10,185,62,120,3,168,44,48,63];True
2177;7124;9301;[34,4,121,162,147,67,32,138,172,12,130,84,77,112,93,184,66,157,103,105,74,188,144,31,142,117,167,61,182,19,41,49,78,128,42,57,197,146,118,126,143,160,91,1,33,124,180,196,36,46,140,92,82,23,189,81,0,85,22,26,176,193,109,190,170,95,38,139,65,20,70,194,29,198,174,178,9,6,129,2,163,25,50,51,16,125,11,113,156,71,165,87,37,94,173,18,131,110,101,59,80,100,30,134,148,195,97,58,151,175,7,191,181,68,123,72,137,158,54,52,119,187,39,107,55,14,13,111,132,89,75,149,15,135,53,183,69,159,164,90,28,155,73,99,106,136,115,152,35,161,102,86,133,76,122,116,104,17,145,56,21,108,192,40,169,45,8,154,60,177,27,43,127,96,171,141,98,114,64,79,179,47,88,5,186,199,83,153,166,24,150,10,185,62,120,3,168,44,48,63];True
2302;7078;9380;[34,4,121,162,147,67,32,138,172,12,130,84,77,112,93,184,66,157,103,105,74,188,144,31,142,117,167,61,45,19,41,49,78,128,42,57,197,146,118,126,143,160,91,1,33,124,180,196,36,46,140,92,82,23,189,81,0,85,22,26,176,193,109,190,170,95,38,139,65,20,70,194,29,198,174,178,9,6,129,2,163,25,51,50,16,125,11,113,156,71,165,87,37,94,173,18,137,110,101,59,80,100,30,134,148,195,97,58,175,151,7,191,181,68,123,72,131,158,54,52,119,187,39,107,55,14,13,111,132,89,75,149,15,135,53,183,69,159,164,90,28,155,73,99,106,136,115,152,35,161,102,86,133,76,122,116,104,17,145,56,21,108,192,40,169,182,8,154,60,177,27,43,127,96,171,141,98,114,64,79,179,47,88,5,186,199,83,153,166,24,150,10,185,62,120,3,168,44,48,63];True
2288;7081;9369;[34,4,121,162,147,67,32,138,172,12,130,84,77,112,93,184,66,157,103,105,74,188,144,31,142,117,167,61,45,19,41,49,78,128,42,57,197,146,118,126,143,160,91,1,33,124,180,196,36,46,140,92,82,23,189,81,0,85,22,26,176,193,109,190,170,95,38,139,65,20,70,194,29,198,174,178,9,6,129,2,163,25,51,50,16,125,11,113,156,71,165,87,37,94,173,18,131,110,101,59,80,100,30,134,148,195,97,58,151,175,7,191,181,68,123,72,137,158,54,52,119,187,39,107,55,14,13,111,132,89,75,149,15,135,53,183,69,159,164,90,28,155,73,99,106,136,115,152,35,161,102,86,133,76,122,116,104,17,145,56,21,108,192,40,169,182,8,154,60,177,27,43,127,96,171,141,98,114,64,79,179,47,88,5,186,199,83,153,166,24,150,10,185,62,120,3,168,44,48,63];True
2307;7074;9381;[34,4,121,162,147,67,32,138,172,12,130,84,77,112,93,184,66,157,103,105,74,188,144,31,142,117,167,61,45,19,41,49,78,128,42,57,197,146,118,126,143,160,91,1,33,124,180,196,36,46,140,92,82,23,189,81,0,85,22,26,176,193,109,190,170,95,38,139,65,20,70,194,29,198,174,178,9,6,129,2,163,25,51,50,16,125,11,113,156,71,165,87,37,94,173,18,131,110,101,59,80,100,30,134,148,195,97,58,175,151,7,191,181,68,123,72,137,158,54,52,119,187,39,107,55,14,13,111,132,89,75,149,15,135,53,183,69,159,164,90,28,155,73,99,106,136,115,152,35,161,102,86,133,76,122,116,104,8,145,56,21,108,192,40,169,182,17,154,60,177,27,43,127,96,171,141,98,114,64,79,179,47,88,5,186,199,83,153,166,24,150,10,185,62,120,3,168,44,48,63];True
2221;7110;9331;[34,4,121,162,147,67,32,138,172,12,130,84,77,112,93,184,66,157,103,105,74,188,144,31,142,117,167,61,45,19,41,49,78,128,42,57,197,146,118,126,143,160,91,1,33,124,180,196,36,46,140,92,82,23,189,81,0,85,22,26,176,193,109,190,170,95,38,139,65,20,70,194,29,198,174,178,9,6,129,2,163,25,50,8,16,125,11,113,156,71,165,87,37,94,173,18,86,110,101,59,80,100,30,134,148,195,97,58,151,175,7,191,181,68,123,72,131,158,54,52,119,187,39,107,55,14,13,111,132,89,75,149,15,135,53,183,69,159,164,90,28,155,73,99,106,136,115,152,35,161,102,137,133,76,122,116,104,17,145,56,21,108,192,40,169,182,51,154,60,177,27,43,127,96,171,141,98,114,64,79,179,47,88,5,186,199,83,153,166,24,150,10,185,62,120,3,168,44,48,63];True
2145;7147;9292;[34,4,121,162,147,67,32,91,172,12,130,84,77,112,93,184,66,157,103,105,74,188,144,31,142,117,167,61,45,22,41,49,78,128,42,57,197,146,118,126,143,160,138,1,33,124,180,196,36,46,140,92,82,23,189,81,0,85,19,26,176,193,109,190,170,95,38,139,65,20,70,194,29,198,174,178,9,6,129,2,163,25,50,8,16,125,11,113,156,71,165,87,37,94,173,18,137,175,101,59,80,100,30,134,148,195,97,58,151,110,7,191,181,68,123,72,131,158,54,52,119,187,39,107,55,14,13,111,132,89,75,149,15,135,53,183,69,159,164,90,28,155,73,99,106,136,115,152,35,161,102,86,133,76,122,116,104,17,145,56,21,108,192,40,169,182,51,154,60,177,27,43,127,96,171,141,98,114,64,79,179,47,88,5,186,199,83,153,166,24,150,10,185,62,120,3,168,44,48,63];True
2150;7145;9295;[34,4,121,162,147,67,32,138,172,12,130,84,77,112,93,184,66,157,103,105,74,188,144,31,142,117,167,61,45,22,41,49,78,128,42,57,197,146,118,126,143,160,91,1,33,124,180,196,36,46,140,92,82,23,189,81,0,85,19,26,176,193,109,190,170,95,38,139,65,20,70,194,29,198,174,178,9,6,129,2,163,25,50,51,16,125,11,113,156,71,165,87,37,94,173,18,137,175,101,59,80,100,30,134,148,195,97,58,151,110,7,191,181,68,123,72,131,158,54,52,119,187,39,107,55,14,13,111,132,89,75,149,15,135,53,183,69,159,164,90,28,155,73,99,106,136,115,152,35,161,102,86,133,76,122,116,104,17,145,56,21,108,192,40,169,182,8,154,60,177,27,43,127,96,171,141,98,114,64,79,179,47,88,5,186,199,83,153,166,24,150,10,185,62,120,3,168,44,48,63];True
1713;7637;9350;[13,172,132,197,26,178,147,3,2,130,84,117,77,112,106,24,66,157,103,105,74,188,93,118,10,0,101,61,45,138,41,49,78,128,42,57,37,121,162,126,143,160,91,1,33,14,94,196,36,182,140,92,82,23,189,81,87,85,104,46,146,193,136,144,170,95,38,139,19,20,51,149,34,194,180,123,90,111,32,72,163,25,70,65,16,190,125,113,156,71,165,184,31,8,173,18,131,110,167,59,80,100,30,134,148,195,97,137,175,151,7,191,181,68,198,142,58,158,54,52,29,154,39,107,55,124,176,67,12,89,75,4,15,135,53,183,69,159,164,9,28,155,73,99,109,50,115,152,35,44,102,86,133,76,122,116,161,187,145,56,21,108,192,40,169,129,119,11,60,177,27,43,127,96,171,141,98,114,64,79,179,47,88,5,186,199,83,153,166,174,150,6,185,62,120,22,168,17,48,63];False
1711;7636;9347;[13,172,132,22,26,178,147,3,2,130,84,117,77,112,106,24,66,157,103,105,74,188,93,118,10,0,101,61,45,138,41,49,78,128,42,57,37,121,162,126,143,160,91,1,33,14,94,196,36,182,140,92,82,23,189,81,87,85,104,46,146,193,136,144,170,95,38,139,19,20,51,149,34,194,180,123,90,111,32,72,163,25,70,65,16,190,125,113,156,71,165,184,31,8,173,18,131,110,167,59,80,100,30,134,148,195,97,137,175,151,7,191,181,68,198,142,58,158,54,52,29,154,39,107,55,124,176,67,12,89,75,4,15,135,53,183,69,159,164,9,28,155,73,99,109,50,115,152,35,44,102,86,133,76,122,116,161,43,145,56,21,108,192,40,169,129,119,11,60,177,27,187,127,96,171,141,98,114,64,79,179,47,88,5,186,199,83,153,166,174,150,6,185,62,120,197,168,17,48,63];True
1730;7612;9342;[13,172,132,22,26,178,147,3,2,130,84,117,77,112,106,24,66,157,103,105,74,188,93,118,10,0,101,61,45,138,41,49,78,128,42,57,37,121,162,126,143,160,91,1,33,14,94,196,36,182,140,92,82,23,189,81,87,85,104,46,146,193,136,144,170,95,38,139,19,20,51,149,34,194,180,123,90,111,32,72,163,25,70,65,16,190,125,113,156,71,165,184,31,8,173,18,131,110,167,59,80,100,30,134,148,195,97,137,175,151,7,191,181,68,198,142,58,158,54,52,29,154,39,107,55,124,176,67,12,89,75,4,15,135,53,183,69,159,164,9,28,155,73,99,109,50,115,152,35,44,102,86,133,76,122,116,161,187,145,56,21,108,192,40,169,129,119,11,60,179,27,43,127,96,171,141,98,114,64,79,177,47,88,5,186,199,83,153,166,174,150,6,185,62,120,197,168,17,48,63];False
1714;7633;9347;[13,172,12,22,26,178,147,3,2,130,132,117,77,112,106,24,66,157,103,105,74,188,93,118,10,0,101,61,45,138,41,49,78,128,42,57,37,121,162,126,143,160,91,1,33,14,94,196,36,182,140,92,82,23,189,81,87,85,104,46,146,193,136,144,170,95,38,139,19,20,51,149,34,194,180,123,90,111,32,72,163,25,70,65,16,190,125,113,156,71,165,184,31,8,173,18,131,110,167,59,80,100,30,134,148,195,97,137,175,151,7,191,181,68,198,142,58,158,54,52,29,154,39,107,55,124,176,67,84,89,75,4,15,135,53,183,69,159,164,9,28,155,73,99,109,50,115,152,35,44,102,86,133,76,122,116,161,43,145,56,21,108,192,40,169,129,119,11,60,177,27,187,127,96,171,141,98,114,64,79,179,47,88,5,186,199,83,153,166,174,150,6,185,62,120,197,168,17,48,63];True
1727;7620;9347;[13,172,12,22,26,178,147,3,2,130,84,117,77,112,106,24,66,157,103,105,74,188,93,118,10,0,101,61,45,138,41,49,78,128,42,57,37,121,162,126,143,160,91,1,33,14,94,196,36,182,140,92,82,23,189,81,87,85,104,20,146,193,136,144,170,95,38,139,19,46,51,149,34,194,180,123,90,111,32,72,163,25,70,65,16,190,125,113,156,71,165,184,31,8,173,18,131,110,167,59,80,100,30,134,148,195,97,137,175,151,7,191,181,68,198,142,58,158,54,52,29,154,39,107,55,124,176,67,132,89,75,4,15,108,53,183,69,159,164,9,28,155,73,99,109,50,115,152,35,44,102,86,133,76,122,116,161,187,145,56,21,135,192,40,169,129,119,11,60,177,27,43,127,96,171,141,98,114,64,79,179,47,88,5,186,199,83,153,166,174,150,6,185,62,120,197,168,17,48,63];False
1724;7611;9335;[13,172,12,22,26,178,147,3,2,130,84,117,77,112,106,24,66,157,103,105,74,188,93,118,10,0,101,61,45,138,41,49,78,128,42,57,37,121,162,126,143,160,91,1,33,14,94,196,36,182,140,92,82,23,189,81,87,85,104,20,146,193,136,144,170,95,38,139,19,46,51,149,34,194,180,123,90,111,32,72,163,25,70,65,16,190,125,113,156,71,165,184,31,8,173,18,131,110,167,59,80,100,30,134,148,195,97,137,175,151,7,191,181,68,198,142,58,158,54,52,29,154,39,107,55,124,176,67,132,89,75,4,15,135,53,183,69,159,164,9,28,155,73,99,109,50,115,152,35,44,102,86,133,76,122,116,161,43,145,56,21,108,192,40,169,129,119,11,60,177,27,187,127,96,171,141,98,114,64,79,179,47,88,5,186,199,83,153,166,174,150,6,185,62,120,197,168,17,48,63];True
1742;7576;9318;[13,172,12,22,26,178,147,3,2,130,84,117,77,112,106,24,66,157,103,105,74,188,93,118,10,0,167,61,45,138,41,49,78,128,42,57,37,121,162,126,143,160,91,1,33,14,94,196,36,182,140,92,82,23,189,81,87,85,104,46,146,193,136,144,170,95,38,139,19,20,51,149,34,194,180,123,90,111,32,72,163,25,70,65,16,190,125,113,156,71,165,184,31,8,173,18,131,110,101,59,80,100,30,134,148,195,97,137,175,151,7,191,181,68,198,142,58,158,54,52,29,154,39,107,55,124,176,67,132,89,75,4,15,135,53,183,69,159,164,9,28,155,73,99,109,50,115,152,35,44,102,86,133,76,122,116,161,43,145,56,21,108,192,40,169,129,119,11,60,177,27,187,127,96,171,141,98,114,64,79,179,47,88,5,186,199,83,153,166,174,150,6,185,62,120,197,168,17,48,63];True
1710;7653;9363;[13,172,12,22,26,178,147,3,2,130,84,117,77,112,106,24,66,157,103,105,74,188,93,118,10,0,101,61,45,138,167,49,78,128,42,57,37,121,162,126,143,160,91,1,33,14,94,196,36,182,140,92,82,23,189,81,87,85,104,46,146,193,136,144,170,95,38,139,19,20,51,149,34,194,180,123,90,111,32,72,163,25,70,65,16,190,125,113,156,71,165,184,31,8,173,18,131,110,41,59,80,100,30,134,148,195,97,137,175,151,7,191,181,68,198,142,58,158,54,52,29,154,39,107,55,124,176,67,132,89,75,4,15,135,53,183,69,159,164,9,28,155,73,99,109,50,115,152,35,44,102,86,133,76,122,116,161,43,145,56,21,108,192,40,169,129,119,11,60,177,27,187,127,96,171,141,98,114,64,79,179,47,88,5,186,199,83,153,166,174,150,6,185,62,120,197,168,17,48,63];False
1710;7650;9360;[13,172,12,22,26,178,147,3,2,130,84,117,77,112,106,24,66,157,103,105,74,188,93,118,10,0,101,61,45,138,41,49,78,128,42,57,37,121,162,126,143,160,91,1,33,14,94,196,36,182,140,92,82,23,189,81,87,85,104,46,146,193,136,144,170,166,38,139,19,20,51,149,34,194,180,123,90,111,32,72,163,25,70,65,16,190,125,113,156,71,165,184,31,8,173,18,131,110,167,59,80,100,30,134,148,195,97,137,175,151,7,191,181,68,198,142,58,158,54,52,29,154,39,107,55,124,176,67,132,89,75,4,15,135,53,183,69,159,164,9,28,155,73,99,109,50,115,152,35,44,102,86,133,76,122,116,161,43,145,56,21,108,192,40,169,129,119,11,60,177,27,187,127,96,171,141,98,114,64,79,179,47,88,5,186,199,83,153,95,174,150,6,185,62,120,197,168,17,48,63];True
1702;7662;9364;[13,172,12,22,26,178,147,3,2,130,84,117,77,112,106,24,66,157,103,105,74,188,93,118,10,0,101,61,45,138,41,49,78,128,42,57,37,121,162,126,143,160,91,1,33,14,94,196,36,182,140,92,82,23,189,81,87,85,104,46,146,193,136,144,170,95,38,139,19,20,51,149,34,194,180,123,90,111,32,72,163,25,70,65,16,190,125,113,156,71,165,184,31,8,173,18,131,110,167,59,80,100,30,134,148,195,97,137,175,151,7,191,181,68,198,142,58,158,54,52,29,154,39,107,55,124,176,67,132,89,75,4,15,135,53,183,69,159,164,9,28,155,73,99,109,50,115,152,35,44,102,86,133,153,122,116,161,43,145,56,21,108,192,40,169,129,119,11,60,177,27,187,127,96,171,141,98,114,64,79,179,47,88,5,186,199,83,76,166,174,150,6,185,62,120,197,168,17,48,63];True
1662;7734;9396;[50,172,12,22,26,178,120,3,2,130,84,117,77,112,31,29,66,157,103,105,74,188,93,118,147,0,101,61,45,138,167,180,78,128,42,57,37,121,162,126,143,160,91,1,33,124,94,196,52,182,140,92,82,23,189,81,87,85,104,20,146,193,106,144,170,95,38,139,19,194,102,149,34,127,175,123,49,67,32,72,137,25,136,65,16,190,11,113,156,71,165,184,125,8,173,18,131,110,41,59,80,100,30,134,148,195,97,58,6,43,7,191,181,68,198,142,163,158,54,36,119,187,39,107,55,14,13,197,132,89,75,4,15,135,53,183,69,159,164,90,28,155,73,99,109,70,115,152,35,176,9,86,133,76,122,116,161,46,145,56,21,108,192,40,169,129,24,154,60,177,27,151,111,96,171,141,98,114,64,79,179,47,88,5,186,199,83,153,166,174,150,10,185,62,44,51,168,17,48,63];True
1676;7703;9379;[50,172,12,22,26,178,120,3,2,130,84,117,77,112,31,29,66,157,103,105,74,188,144,118,147,0,101,61,45,138,167,180,78,128,42,57,37,121,162,126,143,160,91,1,33,124,94,196,36,182,140,92,82,23,189,81,87,85,104,20,146,193,106,93,170,95,38,139,19,194,102,149,34,127,175,123,49,67,32,72,137,25,136,65,16,190,11,113,156,71,165,184,125,8,173,18,131,110,41,59,80,100,30,134,148,195,97,58,6,43,7,191,181,68,198,142,163,158,54,52,119,187,39,107,55,14,13,197,132,89,75,4,15,135,53,183,69,159,164,90,28,155,73,99,109,70,115,152,35,176,9,86,133,76,122,116,161,46,145,56,21,108,192,40,169,129,24,154,60,177,27,151,111,96,171,141,98,114,64,79,179,47,88,5,186,199,83,153,166,174,150,10,185,62,44,51,168,17,48,63];False
1655;7753;9408;[50,172,12,22,26,178,120,3,2,130,84,117,77,112,31,29,66,157,103,105,74,188,144,118,147,0,101,61,45,138,167,180,78,128,42,57,37,121,162,126,143,160,91,1,33,124,94,196,52,182,140,92,82,23,189,81,87,85,104,20,146,193,106,93,170,95,38,139,19,194,102,149,34,127,175,123,49,67,32,72,137,25,136,65,16,190,11,113,156,71,165,184,125,8,173,18,131,110,41,59,80,100,30,134,148,195,97,58,6,43,7,191,181,68,198,142,163,158,54,36,119,187,39,107,55,14,13,197,132,89,75,4,15,135,53,183,69,159,164,90,28,155,73,99,109,70,115,152,35,176,9,86,133,76,122,116,161,46,145,56,21,108,192,40,169,129,24,154,60,179,27,151,111,96,171,141,98,114,64,79,177,47,88,5,186,199,83,153,166,174,150,10,185,62,44,51,168,17,48,63];False
1663;7695;9358;[50,172,12,22,26,178,120,3,2,130,84,117,77,112,31,29,66,157,103,105,74,188,144,118,147,0,101,61,45,138,167,180,78,128,42,57,37,121,162,126,143,160,91,1,33,124,94,196,36,182,140,92,82,23,189,81,87,85,104,20,146,193,109,93,170,95,38,139,19,194,102,149,34,127,175,123,49,67,32,72,137,25,70,65,16,190,186,113,156,71,165,184,125,8,173,18,131,110,41,59,80,100,30,134,148,195,97,58,6,43,7,191,181,68,198,142,163,158,54,60,119,187,39,107,55,14,13,197,132,89,75,4,15,135,53,183,69,159,164,90,28,155,73,99,106,136,115,152,35,176,9,86,133,76,122,116,161,46,145,56,21,108,192,40,169,129,24,154,52,5,27,151,111,96,171,141,98,114,64,79,177,47,88,179,11,199,83,153,166,174,150,10,185,62,44,51,168,17,48,63];True
2159;7144;9303;[50,4,121,162,20,67,32,138,172,12,130,84,77,112,93,184,66,157,103,105,74,188,144,31,142,117,167,61,45,65,41,49,78,128,42,57,197,146,118,126,143,160,91,1,33,124,180,196,36,46,140,92,82,23,189,81,0,85,22,26,176,193,109,190,170,95,38,139,70,147,19,145,34,198,174,178,9,6,129,2,163,25,51,8,16,125,11,113,156,71,165,87,37,94,173,18,137,175,101,59,80,100,30,134,148,195,97,58,151,110,7,191,181,68,123,72,131,158,54,52,119,187,39,107,55,14,13,111,132,89,75,149,15,135,53,183,69,159,164,90,28,155,73,99,106,136,115,152,35,161,102,86,133,76,122,116,104,17,194,56,21,108,192,40,169,182,29,154,60,179,27,43,127,96,171,141,98,114,64,79,177,47,88,5,186,199,83,153,166,24,150,10,185,62,120,3,168,44,48,63];True
1593;7836;9429;[180,172,12,22,26,178,120,3,2,130,106,117,77,112,31,29,154,157,103,44,74,188,93,164,100,0,101,61,45,138,126,35,78,128,42,57,37,121,162,146,118,10,91,1,33,124,94,196,36,182,140,92,82,23,189,81,87,85,104,20,167,193,136,144,62,95,38,139,19,194,51,149,34,127,175,123,90,67,32,72,137,25,170,65,16,125,11,113,156,71,165,184,143,8,173,18,131,110,41,59,80,147,30,134,148,195,97,58,6,43,7,191,181,68,198,142,163,158,54,60,119,187,39,107,55,14,13,197,132,89,75,4,15,135,53,183,69,159,9,105,28,155,73,99,84,70,115,152,52,161,102,86,133,76,122,116,49,46,145,56,21,108,192,40,169,129,24,66,185,179,27,151,111,96,171,141,98,114,64,79,177,47,88,5,186,199,83,153,166,174,150,160,190,109,176,50,168,17,48,63];True
1655;7749;9404;[180,172,12,22,26,178,120,3,2,130,84,117,77,112,31,29,154,157,103,44,74,188,93,164,147,0,101,61,45,138,126,35,78,128,42,57,37,121,162,146,118,10,91,1,33,124,94,196,36,182,140,92,82,23,189,81,87,85,104,20,167,193,136,144,62,95,38,139,19,194,51,149,34,127,175,123,90,67,32,72,137,25,170,65,16,125,11,113,156,71,165,184,143,8,173,18,131,110,41,59,80,100,30,134,148,195,97,58,6,43,7,191,181,68,198,142,163,158,54,60,119,187,39,107,55,14,13,197,132,89,75,4,15,135,53,183,69,159,9,105,28,155,73,99,106,70,115,152,52,161,102,86,133,76,122,116,49,46,145,56,21,108,192,40,169,129,24,66,185,179,27,151,111,96,171,141,98,114,64,79,177,47,88,5,186,199,83,153,166,174,150,160,190,109,176,50,168,17,48,63];True
1640;7764;9404;[180,172,12,22,26,178,120,3,2,130,84,117,77,112,31,29,154,157,103,44,74,188,93,164,100,0,52,61,45,138,126,35,78,128,42,57,37,121,162,146,118,10,91,1,33,124,94,196,36,182,140,92,82,23,189,81,87,85,104,20,167,193,136,144,62,95,38,139,19,194,51,149,34,127,175,123,90,67,32,72,137,25,170,65,16,125,11,113,156,71,165,184,143,8,173,18,131,110,41,59,80,147,30,134,148,195,97,58,6,43,7,191,181,68,198,142,163,158,54,60,119,187,39,107,55,14,13,197,132,89,75,4,15,135,53,183,69,159,9,105,28,155,73,99,106,70,115,152,101,161,102,86,133,76,122,116,49,46,145,56,21,108,192,40,169,129,24,66,185,179,27,151,111,96,171,141,98,114,64,79,177,47,88,5,186,199,83,153,166,174,150,160,190,109,176,50,168,17,48,63];True
1649;7759;9408;[180,172,12,22,26,178,120,3,2,130,84,117,77,112,31,29,154,157,103,44,74,188,93,164,100,0,101,61,45,138,126,35,78,128,42,57,37,121,162,146,118,10,91,1,33,124,94,196,36,182,140,92,82,23,189,81,52,85,104,20,167,193,136,144,62,95,38,139,19,194,51,149,34,127,175,123,90,67,32,72,137,25,170,65,16,125,11,113,156,71,165,184,143,8,173,18,131,110,41,59,80,147,30,134,148,195,97,58,6,43,7,191,181,68,198,142,163,158,54,60,119,187,39,107,55,14,13,197,132,89,75,4,15,135,53,183,69,159,9,105,28,155,73,99,106,70,115,152,87,161,102,86,133,76,122,116,49,46,145,56,21,108,192,40,169,129,24,66,185,179,27,151,111,96,171,141,98,114,64,79,177,47,88,5,186,199,83,153,166,174,150,160,190,109,176,50,168,17,48,63];True
1598;7828;9426;[180,172,12,22,26,178,120,3,2,130,84,117,77,112,31,29,154,157,103,44,74,188,93,164,100,0,101,61,45,138,126,35,78,128,42,57,37,121,162,146,118,10,91,1,33,124,94,196,36,182,140,92,82,23,189,81,87,85,104,20,167,193,136,144,181,95,38,139,19,194,51,149,34,127,175,123,90,67,32,72,137,25,170,65,16,125,11,113,156,71,165,184,143,8,173,18,131,110,41,59,80,147,30,134,148,195,97,58,6,43,7,191,62,68,198,142,163,158,54,60,119,187,39,107,55,14,13,197,132,89,75,4,15,135,53,183,69,159,9,105,28,155,73,99,106,70,115,152,52,161,102,86,133,76,122,116,49,46,145,56,21,108,192,40,169,129,24,66,185,179,27,151,111,96,171,141,98,114,64,79,177,47,88,5,186,199,83,153,166,174,150,160,190,109,176,50,168,17,48,63];True
1604;7827;9431;[180,172,12,22,26,178,120,3,2,130,84,117,77,112,31,29,154,157,103,44,74,188,93,164,100,0,101,61,45,138,126,35,78,128,42,57,37,121,162,146,118,10,91,1,33,124,94,196,36,182,140,92,82,23,189,81,87,85,104,20,167,193,136,144,62,95,38,139,19,194,51,149,34,127,175,123,90,67,32,72,137,25,170,65,16,125,11,113,156,71,165,184,143,8,173,18,131,110,41,59,80,147,30,134,148,195,97,58,6,43,7,191,181,68,198,142,163,158,54,60,119,187,39,107,55,14,13,197,132,89,75,4,15,135,53,183,69,159,9,105,28,155,73,99,106,70,115,152,52,161,102,86,133,153,122,116,49,46,145,56,21,108,192,40,169,129,24,66,185,179,27,151,111,96,171,141,98,114,64,79,177,47,88,5,186,199,83,76,166,174,150,160,190,109,176,50,168,17,48,63];True
1611;7823;9434;[180,172,12,22,26,178,120,3,2,130,106,117,77,112,31,29,154,157,103,44,74,188,93,164,100,0,52,61,45,55,126,35,78,128,42,57,37,121,162,146,118,10,91,1,33,124,94,196,36,182,140,92,82,23,189,81,87,85,104,20,167,193,136,144,62,95,38,139,19,194,51,149,34,127,175,123,90,67,32,72,137,25,170,65,16,125,11,113,156,71,165,184,143,8,173,18,131,110,41,59,80,147,30,134,148,195,97,58,6,43,7,191,181,68,198,142,163,158,54,60,119,187,39,107,138,14,13,197,132,89,75,4,15,135,53,183,69,159,9,105,28,155,73,99,84,70,115,152,101,161,102,86,133,76,122,116,49,46,145,56,21,108,192,40,169,129,24,66,185,179,27,151,111,96,171,141,98,114,64,79,177,47,88,5,186,199,83,153,166,174,150,160,190,109,176,50,168,17,48,63];True
2551;7008;9559;[50,21,180,87,9,37,94,118,172,12,130,117,77,112,93,178,66,157,103,105,74,188,144,174,149,195,167,61,45,138,41,49,78,128,42,57,3,121,162,126,143,160,91,1,33,124,147,196,36,46,140,17,82,23,189,81,0,85,22,26,176,193,109,190,170,95,38,139,65,20,51,142,34,198,146,4,84,67,32,72,163,25,70,19,145,173,11,113,156,71,165,184,8,16,125,18,131,110,101,59,80,100,30,134,148,2,97,58,175,151,7,191,181,68,123,6,137,158,54,52,119,187,39,107,55,14,13,111,132,89,75,129,15,135,53,183,69,159,164,90,28,155,73,99,106,136,115,152,35,161,102,86,133,76,122,116,104,31,194,56,92,108,192,40,169,182,29,154,60,177,27,43,127,96,171,141,98,114,64,79,179,47,88,5,186,199,83,153,166,24,150,10,185,62,120,197,168,44,48,63];False
2493;7011;9504;[50,21,180,178,87,37,94,118,172,12,130,117,77,112,93,9,66,157,103,105,74,188,144,174,149,195,167,61,45,138,41,49,78,128,42,57,3,121,162,126,143,160,91,1,33,124,147,196,36,46,140,17,82,23,189,81,0,85,22,26,176,193,109,190,170,95,38,139,65,20,51,142,34,198,146,4,84,67,32,72,163,25,70,19,145,173,11,113,156,71,165,184,8,16,125,18,131,110,101,59,80,100,30,134,148,2,97,58,175,151,7,191,181,68,123,6,137,158,54,52,119,187,39,107,55,14,13,111,132,89,75,129,15,135,53,183,69,159,164,90,28,155,73,99,106,136,115,152,35,161,102,86,133,76,122,116,104,31,194,56,92,108,192,40,169,182,29,154,60,177,27,43,127,96,171,141,98,114,64,79,179,47,88,5,186,199,83,153,166,24,150,10,185,62,120,197,168,44,48,63];True
2526;7007;9533;[50,21,180,178,9,37,94,118,172,132,130,117,77,112,93,87,66,157,103,105,74,188,144,174,149,195,167,61,45,138,41,49,78,128,42,57,3,121,162,126,143,160,91,1,33,124,147,196,36,46,140,17,82,23,189,81,0,85,22,26,176,193,109,190,170,95,38,139,65,20,51,142,34,198,146,4,84,67,32,72,163,25,70,19,145,173,11,113,156,71,165,184,8,16,125,18,131,110,101,59,80,100,30,134,148,2,97,58,175,151,7,191,181,68,123,6,137,158,54,52,119,187,39,107,55,14,13,111,12,89,75,129,15,135,53,183,69,159,164,90,28,155,73,99,106,136,115,152,35,161,102,86,133,76,122,116,104,31,194,56,92,108,192,40,169,182,29,154,60,177,27,43,127,96,171,141,98,114,64,79,179,47,88,5,186,199,83,153,166,24,150,10,185,62,120,197,168,44,48,63];False
2410;7033;9443;[50,21,180,178,9,37,94,118,172,12,130,117,77,112,85,87,66,157,103,105,74,188,144,174,149,195,167,61,45,138,41,49,78,128,42,57,3,121,162,126,143,160,91,1,33,124,147,196,36,46,140,17,82,23,189,81,0,93,22,26,176,193,109,190,170,95,38,139,65,20,51,142,34,198,146,4,84,67,32,72,163,25,70,19,145,173,11,113,156,71,165,184,8,16,125,18,131,110,101,59,80,100,30,134,148,2,97,58,175,151,7,191,181,68,123,6,137,158,54,52,119,187,39,107,55,14,13,111,132,89,75,129,15,135,53,183,69,159,164,90,28,155,73,99,106,136,115,152,35,161,102,86,133,76,122,116,104,31,194,56,92,108,192,40,169,182,29,154,60,177,27,43,127,96,171,141,98,114,64,79,179,47,88,5,186,199,83,153,166,24,150,10,185,62,120,197,168,44,48,63];True
2441;7029;9470;[50,21,180,178,9,37,94,118,172,12,130,117,77,112,93,144,66,157,103,105,74,188,87,174,149,195,167,61,45,138,41,49,78,128,42,57,3,121,162,126,143,160,91,1,33,124,147,196,36,46,140,17,82,23,189,81,0,85,22,26,176,193,109,190,170,95,38,139,65,20,51,142,34,198,146,4,84,67,32,72,163,25,70,19,145,173,11,113,156,71,165,184,8,16,125,18,131,110,101,59,80,100,30,134,148,2,97,58,175,151,7,191,181,68,123,6,137,158,54,52,119,187,39,107,55,14,13,111,132,89,75,129,15,135,53,183,69,159,164,90,28,155,73,99,106,136,115,152,35,161,102,86,133,76,122,116,104,31,194,56,92,108,192,40,169,182,29,154,60,177,27,43,127,96,171,141,98,114,64,79,179,47,88,5,186,199,83,153,166,24,150,10,185,62,120,197,168,44,48,63];True
2511;7010;9521;[50,21,180,178,9,37,94,118,172,12,130,117,77,112,93,87,66,157,103,105,74,188,144,174,149,2,167,61,45,138,41,49,78,128,42,57,3,121,162,126,143,160,91,1,33,124,147,196,36,46,140,17,82,23,189,81,0,85,22,26,176,193,109,190,170,95,38,139,65,20,51,142,34,198,146,4,84,67,32,72,163,25,70,19,145,173,11,113,156,71,165,184,8,16,125,18,131,110,101,59,80,100,30,134,148,195,97,58,175,151,7,191,181,68,123,6,137,158,54,52,119,187,39,107,55,14,13,111,132,89,75,129,15,135,53,183,69,159,164,90,28,155,73,99,106,136,115,152,35,161,102,86,133,76,122,116,104,31,194,56,92,108,192,40,169,182,29,154,60,177,27,43,127,96,171,141,98,114,64,79,179,47,88,5,186,199,83,153,166,24,150,10,185,62,120,197,168,44,48,63];False
2462;7021;9483;[50,21,180,178,9,37,94,118,172,12,130,117,77,112,93,87,66,157,103,105,74,188,144,174,149,195,167,61,45,138,41,49,78,128,42,57,148,121,162,126,143,160,91,1,33,124,147,196,36,46,140,17,82,23,189,81,0,85,22,26,176,193,109,190,170,95,38,139,65,20,51,142,34,198,146,4,84,67,32,72,163,25,70,19,145,173,11,113,156,71,165,184,8,16,125,18,131,110,101,59,80,100,30,134,3,2,97,58,175,151,7,191,181,68,123,6,137,158,54,52,119,187,39,107,55,14,13,111,132,89,75,129,15,135,53,183,69,159,164,90,28,155,73,99,106,136,115,152,35,161,102,86,133,76,122,116,104,31,194,56,92,108,192,40,169,182,29,154,60,177,27,43,127,96,171,141,98,114,64,79,179,47,88,5,186,199,83,153,166,24,150,10,185,62,120,197,168,44,48,63];True
2551;7004;9555;[50,21,180,178,9,37,94,118,172,12,130,117,77,112,93,87,66,157,103,105,74,188,144,174,149,195,167,61,45,138,41,49,78,128,42,57,3,121,162,126,143,160,91,1,33,124,147,196,36,46,140,17,82,23,189,187,0,85,22,26,176,193,109,190,170,95,38,139,65,20,51,142,34,198,146,4,84,67,32,72,163,25,70,19,145,173,11,113,156,71,165,184,8,16,125,18,131,110,101,59,80,100,30,134,148,2,97,58,175,151,7,191,181,68,123,6,137,158,54,52,119,81,39,107,55,14,13,111,132,89,75,129,15,135,53,183,69,159,164,90,28,155,73,99,106,136,115,152,35,161,102,86,133,76,122,116,104,31,194,56,92,108,192,40,169,182,29,154,60,177,27,43,127,96,171,141,98,114,64,79,179,47,88,5,186,199,83,153,166,24,150,10,185,62,120,197,168,44,48,63];True
2569;6994;9563;[50,21,180,178,9,37,94,118,172,12,130,117,77,112,93,87,66,157,103,105,74,188,144,174,149,195,167,61,45,138,41,49,78,128,42,57,3,121,162,126,143,160,91,1,33,124,147,196,36,46,140,17,82,23,189,81,0,85,22,26,176,193,109,190,191,95,38,139,65,20,51,142,34,198,146,4,84,67,32,72,163,25,70,19,145,173,11,113,156,71,165,184,8,16,125,18,131,110,101,59,80,100,30,134,148,2,97,58,175,151,7,170,181,68,123,6,137,158,54,52,119,187,39,107,55,14,13,111,132,89,75,129,15,135,53,183,69,159,164,90,28,155,73,99,106,136,115,152,35,161,102,86,133,76,122,116,104,31,194,56,92,108,192,40,169,182,29,154,60,177,27,43,127,96,171,141,98,114,64,79,179,47,88,5,186,199,83,153,166,24,150,10,185,62,120,197,168,44,48,63];True
2513;7005;9518;[50,21,180,178,9,37,94,118,172,12,130,117,77,112,93,87,66,157,103,105,74,188,144,174,149,195,167,61,45,138,41,49,78,128,42,57,3,121,162,126,143,160,91,1,33,124,147,196,36,46,140,17,82,23,189,81,0,85,22,26,176,193,109,190,170,95,38,139,65,20,51,53,34,198,146,4,84,67,32,72,163,25,70,19,145,173,11,113,156,71,165,184,8,16,125,18,131,110,101,59,80,100,30,134,148,2,97,58,175,151,7,191,181,68,123,6,137,158,54,52,119,187,39,107,55,14,13,111,132,89,75,129,15,135,142,183,69,159,164,90,28,155,73,99,106,136,115,152,35,161,102,86,133,76,122,116,104,31,194,56,92,108,192,40,169,182,29,154,60,177,27,43,127,96,171,141,98,114,64,79,179,47,88,5,186,199,83,153,166,24,150,10,185,62,120,197,168,44,48,63];True
2470;7015;9485;[50,21,180,178,9,37,94,118,172,12,130,117,77,112,93,87,66,157,103,105,74,188,144,174,149,195,167,61,45,138,41,49,78,128,42,57,3,121,162,126,143,160,91,1,33,124,147,196,36,46,140,17,82,23,189,81,0,85,22,26,176,193,109,190,170,95,38,139,65,20,51,142,34,194,146,4,84,67,32,72,163,25,70,19,145,173,11,113,156,71,165,184,8,16,125,18,131,110,101,59,80,100,30,134,148,2,97,58,175,151,7,191,181,68,123,6,137,158,54,52,119,187,39,107,55,14,13,111,132,89,75,129,15,135,53,183,69,159,164,90,28,155,73,99,106,136,115,152,35,161,102,86,133,76,122,116,104,31,198,56,92,108,192,40,169,182,29,154,60,177,27,43,127,96,171,141,98,114,64,79,179,47,88,5,186,199,83,153,166,24,150,10,185,62,120,197,168,44,48,63];True
2507;7010;9517;[50,21,180,178,9,37,94,118,172,12,130,117,77,112,93,87,66,157,103,105,74,188,144,174,149,195,167,61,45,138,41,49,78,128,42,57,3,121,162,126,143,160,91,1,33,124,147,196,36,46,140,17,82,23,189,81,0,85,22,26,176,193,109,190,170,95,38,139,65,20,51,142,34,198,146,4,84,67,32,72,163,25,70,19,145,5,11,113,156,71,165,184,8,16,125,18,131,110,101,59,80,100,30,134,148,2,97,58,175,151,7,191,181,68,123,6,137,158,54,52,119,187,39,107,55,14,13,111,132,89,75,129,15,135,53,183,69,159,164,90,28,155,73,99,106,136,115,152,35,161,102,86,133,76,122,116,104,31,194,56,92,108,192,40,169,182,29,154,60,177,27,43,127,96,171,141,98,114,64,79,179,47,88,173,186,199,83,153,166,24,150,10,185,62,120,197,168,44,48,63];True
2479;7013;9492;[50,21,180,178,9,37,94,118,172,12,130,117,77,112,93,87,66,157,103,105,74,188,144,174,149,195,167,61,45,138,41,49,78,128,42,57,3,121,162,126,143,160,91,1,33,124,147,196,36,46,140,17,82,23,189,81,0,85,22,26,176,193,109,190,170,95,38,139,65,20,51,142,34,198,146,4,84,67,32,72,163,25,70,19,145,173,11,113,156,71,165,184,8,16,125,18,131,110,101,59,80,100,30,134,148,2,97,58,151,175,7,191,181,68,123,6,137,158,54,52,119,187,39,107,55,14,13,111,132,89,75,129,15,135,53,183,69,159,164,90,28,155,73,99,106,136,115,152,35,161,102,86,133,76,122,116,104,31,194,56,92,108,192,40,169,182,29,154,60,177,27,43,127,96,171,141,98,114,64,79,179,47,88,5,186,199,83,153,166,24,150,10,185,62,120,197,168,44,48,63];True
2574;6991;9565;[50,21,180,178,9,37,94,118,172,12,130,117,77,112,93,87,66,157,103,105,74,188,144,174,149,195,167,61,45,138,41,49,78,128,42,57,3,121,162,126,143,160,91,1,33,124,147,196,36,46,140,17,82,23,189,81,0,85,22,26,176,193,109,190,170,95,38,139,65,20,51,142,34,198,146,4,84,67,32,72,163,25,70,19,145,173,11,113,156,71,165,184,8,16,125,18,131,110,101,59,80,100,30,134,148,2,97,58,175,151,7,191,181,68,123,6,137,158,62,52,119,187,39,107,55,14,13,111,132,89,75,129,15,135,53,183,69,159,164,90,28,155,73,99,106,136,115,152,35,161,102,86,133,76,122,116,104,31,194,56,92,108,192,40,169,182,29,154,60,177,27,43,127,96,171,141,98,114,64,79,179,47,88,5,186,199,83,153,166,24,150,10,185,54,120,197,168,44,48,63];True
2559;6999;9558;[50,21,180,178,9,37,94,118,172,12,130,117,77,112,93,87,66,157,103,105,74,188,144,174,149,195,167,61,45,138,41,49,78,128,42,57,3,121,162,126,143,160,91,1,33,124,147,196,36,46,140,17,82,23,189,81,0,85,22,26,176,193,109,190,170,95,38,139,65,20,51,142,34,198,146,4,84,67,32,72,163,25,70,19,145,173,11,113,156,71,165,184,8,16,125,18,131,110,101,59,80,100,30,134,148,2,97,58,175,151,7,191,181,68,123,6,137,158,54,52,119,154,39,107,55,14,13,111,132,89,75,129,15,135,53,183,69,159,164,90,28,155,73,99,106,136,115,152,35,161,102,86,133,76,122,116,104,31,194,56,92,108,192,40,169,182,29,187,60,177,27,43,127,96,171,141,98,114,64,79,179,47,88,5,186,199,83,153,166,24,150,10,185,62,120,197,168,44,48,63];True
2374;7052;9426;[50,21,180,178,9,37,94,118,172,12,130,117,77,112,93,184,66,157,103,105,74,188,144,174,196,195,167,61,45,138,41,49,78,128,42,57,3,121,162,126,143,160,91,1,33,124,147,182,36,46,140,17,82,23,189,81,0,85,22,26,176,193,109,190,170,95,38,139,65,20,51,142,34,198,146,4,84,67,32,72,163,25,70,19,145,125,11,113,156,71,165,169,129,8,173,18,131,110,101,59,80,100,30,134,148,2,97,58,175,151,7,191,181,68,123,6,137,158,54,52,119,187,39,107,55,14,13,111,132,89,75,149,15,135,53,183,69,159,164,90,28,155,73,99,106,136,115,152,35,161,102,86,133,76,122,116,104,31,16,56,92,108,192,40,87,194,29,154,60,177,27,43,127,96,171,141,98,114,64,79,179,47,88,5,186,199,83,153,166,24,150,10,185,62,120,197,168,44,48,63];True
2331;7053;9384;[50,21,180,178,9,37,94,118,172,12,130,117,77,112,93,184,66,157,103,105,74,188,144,174,182,2,167,61,45,138,41,49,78,128,42,57,3,121,162,126,143,160,91,1,33,124,147,196,36,46,140,17,82,23,189,81,0,85,22,26,176,193,109,190,170,95,38,139,65,20,51,142,34,198,146,4,84,67,32,72,163,25,70,19,145,125,11,113,156,71,165,169,129,8,173,18,131,110,101,59,80,100,30,134,148,195,97,58,175,151,7,191,181,68,123,6,137,158,54,52,119,187,39,107,55,14,13,111,132,89,75,149,15,135,53,183,69,159,164,90,28,155,73,99,106,136,115,152,35,161,102,86,133,76,122,116,104,31,16,56,92,108,192,40,87,194,29,154,60,177,27,43,127,96,171,141,98,114,64,79,179,47,88,5,186,199,83,153,166,24,150,10,185,62,120,197,168,44,48,63];True
2278;7084;9362;[50,21,180,178,9,37,94,118,172,12,130,117,77,112,93,184,66,157,103,105,74,188,144,174,149,195,167,61,45,138,41,49,78,128,42,134,148,121,162,126,143,160,91,1,33,124,147,196,36,46,140,17,82,23,189,81,0,85,22,26,176,193,109,190,170,95,38,139,65,20,51,142,34,194,146,4,84,67,32,72,163,25,70,19,145,125,11,113,156,71,165,87,16,8,173,18,131,110,101,59,80,100,30,57,197,2,97,58,175,151,7,191,181,68,123,6,137,158,54,52,119,187,39,107,55,14,13,111,132,89,75,129,15,135,53,183,69,159,164,90,28,155,73,99,106,136,115,152,35,161,102,86,133,76,122,116,104,31,198,56,92,108,192,40,169,182,29,154,60,177,27,43,127,96,171,141,98,114,64,79,179,47,88,5,186,199,83,153,166,24,150,10,185,62,120,3,168,44,48,63];True
2303;7077;9380;[50,21,180,178,9,37,94,118,172,12,130,117,77,112,93,184,66,157,103,105,74,188,144,174,149,195,167,61,45,138,41,49,78,128,42,134,148,121,162,126,143,160,91,1,33,124,147,196,36,46,140,17,82,23,189,81,0,85,22,26,176,193,109,190,170,95,38,139,65,20,51,142,34,194,146,4,84,67,32,72,163,25,70,19,145,125,11,113,156,71,165,87,16,8,173,18,131,110,101,59,80,100,30,57,3,35,97,58,175,151,7,191,181,68,123,6,137,158,54,52,119,187,39,107,55,14,13,111,132,89,75,129,15,135,53,183,69,159,164,90,28,155,73,99,106,136,115,152,2,161,102,86,133,76,122,116,104,31,198,56,92,108,192,40,169,182,29,154,60,177,27,43,127,96,171,141,98,114,64,79,179,47,88,5,186,199,83,153,166,24,150,10,185,62,120,197,168,44,48,63];True
2321;7062;9383;[50,21,180,178,9,37,94,118,172,12,130,117,77,112,93,184,66,157,103,105,74,188,144,174,149,195,167,61,45,138,41,49,78,128,42,134,148,121,162,126,143,160,91,1,33,124,147,196,36,46,140,17,82,23,189,81,0,85,22,26,176,193,109,190,170,95,38,139,65,20,51,142,34,194,146,4,84,67,32,72,163,25,70,19,145,125,11,113,156,71,165,87,16,8,173,18,131,110,101,59,80,100,30,57,3,2,97,58,151,175,7,191,181,68,123,6,137,158,54,52,119,187,39,107,55,14,13,111,132,89,75,129,15,135,53,183,69,159,164,90,28,155,73,99,106,136,115,152,35,161,102,86,133,76,122,116,104,31,198,56,92,108,192,40,169,182,29,154,60,177,27,43,127,96,171,141,98,114,64,79,179,47,88,5,186,199,83,153,166,24,150,10,185,62,120,197,168,44,48,63];True
2267;7088;9355;[50,21,180,178,9,37,94,118,172,12,130,117,77,112,93,184,66,157,103,105,74,188,144,174,149,195,167,61,45,138,41,49,78,128,42,134,148,121,162,126,143,160,91,1,33,124,147,196,36,46,140,17,82,23,189,81,0,85,22,26,176,193,109,190,170,95,38,139,65,20,51,142,34,198,146,4,84,67,32,72,163,25,70,19,145,125,11,113,156,71,165,87,104,31,173,18,131,110,101,59,80,100,30,57,197,2,97,58,175,151,7,191,181,68,123,6,137,158,54,52,119,187,39,107,55,14,13,111,132,89,75,129,15,135,53,183,69,159,164,90,28,155,73,99,106,136,115,152,35,161,102,86,133,76,122,116,194,8,16,56,92,108,192,40,169,182,29,154,60,177,27,43,127,96,171,141,98,114,64,79,179,47,88,5,186,199,83,153,166,24,150,10,185,62,120,3,168,44,48,63];True
2310;7066;9376;[50,21,180,178,9,37,94,118,172,12,130,117,77,112,93,184,66,157,103,105,74,188,144,174,149,195,167,61,45,138,41,49,78,128,42,134,148,121,162,126,143,160,91,1,33,124,147,196,36,46,140,17,82,23,189,81,0,85,22,26,176,193,109,190,170,95,38,139,65,20,51,142,34,198,146,4,84,67,32,72,163,25,70,19,145,125,11,113,156,71,165,87,104,31,173,18,131,110,101,59,80,100,30,57,3,2,97,58,151,175,7,191,181,68,123,6,137,158,54,52,119,187,39,107,55,14,13,111,132,89,75,129,15,135,53,183,69,159,164,90,28,155,73,99,106,136,115,152,35,161,102,86,133,76,122,116,194,8,16,56,92,108,192,40,169,182,29,154,60,177,27,43,127,96,171,141,98,114,64,79,179,47,88,5,186,199,83,153,166,24,150,10,185,62,120,197,168,44,48,63];True
2405;7044;9449;[50,21,180,178,9,37,94,118,172,12,130,117,77,112,93,184,66,157,103,105,74,188,144,174,149,195,167,61,45,138,41,49,78,128,42,134,148,121,162,126,143,160,91,1,33,124,147,196,36,46,140,17,82,23,189,81,0,85,22,26,176,193,109,190,170,95,38,139,65,20,51,142,34,198,146,4,84,67,32,72,163,25,70,19,145,125,11,113,156,71,165,87,104,31,173,18,131,110,101,59,80,100,30,57,3,2,97,58,175,151,7,191,181,68,123,6,137,158,62,52,119,187,39,107,55,14,13,111,132,89,75,129,15,135,53,183,69,159,164,90,28,155,73,99,106,136,115,152,35,161,102,86,133,76,122,116,194,8,16,56,92,108,192,40,169,182,29,154,60,177,27,43,127,96,171,141,98,114,64,79,179,47,88,5,186,199,83,153,166,24,150,10,185,54,120,197,168,44,48,63];True
1557;7885;9442;[198,155,29,187,141,119,148,7,130,107,105,146,118,178,192,183,104,17,53,162,173,18,154,120,24,197,15,135,34,159,76,134,121,10,123,90,41,22,38,14,168,50,94,125,49,153,185,127,60,57,9,28,129,8,93,46,55,165,39,166,59,36,23,12,54,151,175,83,117,44,78,171,0,52,150,140,92,100,58,79,177,95,167,61,181,65,82,5,27,133,96,157,138,45,188,87,66,126,99,86,112,40,51,106,143,160,80,71,69,190,43,128,85,164,111,195,25,37,145,139,33,13,137,81,182,109,21,73,6,56,63,31,142,115,152,102,186,113,196,89,26,176,72,74,4,97,131,158,199,62,1,189,108,84,124,174,184,161,156,147,3,169,191,11,194,180,163,170,103,91,35,42,149,32,98,114,68,116,20,67,193,16,136,144,70,19,64,101,122,172,77,2,110,30,179,47,132,75,88,48];True
1563;7872;9435;[198,155,29,187,141,119,148,7,130,107,105,146,118,178,192,183,104,50,53,162,173,18,154,120,24,197,15,135,34,159,76,134,121,10,123,90,41,22,38,14,168,17,94,125,49,153,185,127,60,57,9,28,129,8,93,46,55,165,39,166,59,36,23,12,54,151,175,83,117,44,78,171,0,52,150,140,92,100,58,79,177,95,167,61,181,65,82,5,27,133,96,157,138,45,188,87,66,126,99,86,112,40,51,106,143,160,80,71,69,190,43,128,85,164,111,195,25,37,145,139,33,13,137,81,182,109,21,73,6,56,63,31,142,115,152,102,186,196,113,89,26,176,72,74,4,97,131,158,199,62,1,189,108,84,124,174,184,161,156,147,3,169,191,11,194,180,163,170,103,91,35,42,149,32,98,114,68,116,20,67,193,16,136,144,70,19,64,101,122,172,77,2,110,30,179,47,132,75,88,48];True
1484;8094;9578;[198,155,29,187,141,119,148,128,130,107,105,146,118,178,192,183,104,50,53,162,173,18,154,120,24,197,15,135,34,159,82,134,121,10,123,90,41,22,38,14,168,17,145,42,49,153,185,127,60,57,9,28,129,8,93,46,55,165,39,166,59,36,23,12,54,151,175,83,117,44,78,171,144,52,150,140,92,100,58,158,177,95,167,61,181,65,76,5,27,133,96,157,138,45,188,87,66,126,99,86,112,40,51,106,143,160,80,71,69,190,43,7,85,164,111,195,25,37,94,139,33,13,137,81,182,109,21,73,6,56,63,31,142,115,152,102,186,113,196,89,26,176,72,74,4,97,131,0,199,62,1,189,108,84,124,174,184,161,156,147,3,169,191,11,194,180,163,170,103,91,35,125,149,32,98,114,68,116,20,67,193,16,136,79,70,19,64,101,122,172,77,2,110,30,179,47,132,75,88,48];True
1489;8087;9576;[198,155,29,187,141,119,148,128,130,107,105,146,118,178,192,183,104,50,53,162,173,18,154,120,24,197,15,135,34,159,82,134,121,10,123,90,41,22,38,14,168,17,145,42,49,153,185,127,60,57,9,28,129,8,93,46,55,165,39,166,59,36,23,12,54,151,175,83,117,44,78,171,79,52,150,140,92,100,58,158,177,95,167,61,181,65,76,5,27,133,96,157,138,45,188,87,66,126,99,86,112,40,51,106,143,160,80,71,69,190,43,7,85,164,111,195,25,37,94,139,33,13,137,81,182,109,21,73,6,56,184,31,142,115,152,102,186,113,196,89,26,176,72,74,4,97,131,0,199,62,1,189,108,84,124,174,63,161,156,147,3,169,191,11,194,180,163,170,103,91,35,125,149,32,98,114,68,116,20,67,193,16,136,144,70,19,64,101,122,172,77,2,110,30,179,47,132,75,88,48];True
1483;8106;9589;[198,155,29,187,141,119,148,7,130,107,105,146,118,178,192,183,104,50,53,162,173,18,154,120,24,197,15,135,34,159,82,134,121,10,123,90,41,22,38,85,168,17,145,42,49,153,185,127,60,57,9,28,129,8,93,46,55,165,39,166,59,36,23,12,54,151,175,83,117,44,78,171,144,52,150,140,92,100,58,158,177,95,167,61,181,65,76,5,27,133,96,157,138,45,188,87,66,126,99,86,112,40,51,106,143,160,80,71,69,190,43,128,14,164,111,195,25,37,94,139,33,13,137,81,182,109,21,73,6,56,63,31,142,115,152,102,186,113,196,89,26,176,72,74,4,97,131,0,199,62,1,189,108,84,124,174,184,161,156,147,3,169,191,11,194,180,163,170,103,91,35,125,149,32,98,114,68,116,20,67,193,16,136,79,70,19,64,101,122,172,77,2,110,30,179,47,132,75,88,48];True
