utilA;utilB;utilSum;contract;pareto
2073;8137;10210;[174,67,25,48,10,176,83,129,8,84,122,73,74,108,21,99,16,77,112,150,56,18,62,120,24,197,26,9,143,20,3,2,121,160,92,49,130,22,38,34,124,94,161,1,165,153,187,127,39,107,87,76,50,53,93,23,30,134,137,86,69,64,101,151,54,158,199,6,117,98,19,110,81,52,182,28,162,78,60,79,185,148,167,61,41,36,46,131,59,133,96,157,138,178,164,173,66,126,198,159,140,118,109,29,154,156,106,15,135,146,43,128,85,152,172,12,181,82,192,139,33,13,111,195,40,37,71,35,88,171,189,194,31,68,116,57,0,113,196,89,5,141,119,4,183,63,51,72,147,65,102,115,14,45,55,155,184,75,80,114,177,169,191,11,104,180,163,170,95,91,90,125,149,32,97,58,100,7,175,179,27,193,136,144,70,168,17,103,105,142,190,188,186,145,42,47,132,166,123,44];False
2045;8196;10241;[174,113,25,48,10,176,83,129,8,84,122,73,74,108,21,99,16,77,112,150,56,18,62,120,24,197,26,9,143,20,3,2,121,160,92,49,130,22,38,34,124,94,161,1,165,153,187,127,39,107,87,76,50,53,93,23,30,134,137,86,69,64,101,151,54,158,199,6,117,98,19,110,81,52,182,28,162,78,60,79,185,148,167,61,41,36,46,131,59,133,96,157,138,178,164,173,66,126,198,159,140,118,109,29,154,156,106,15,135,146,43,128,85,152,172,12,181,82,192,139,33,13,111,195,40,37,71,35,88,171,189,194,31,68,116,57,0,67,196,89,5,141,119,4,183,63,51,72,147,65,102,115,14,45,55,155,184,75,80,114,177,169,191,11,104,180,163,170,95,91,90,125,149,32,97,58,100,7,175,179,27,193,136,144,70,168,17,103,105,142,190,188,186,145,42,47,132,166,123,44];False
2051;8167;10218;[49,67,25,48,10,176,83,129,8,84,122,73,74,108,21,99,16,77,112,150,56,18,62,120,24,197,26,9,143,20,3,2,121,160,92,142,130,22,38,34,124,94,161,1,165,153,187,127,39,107,87,76,50,53,93,23,30,134,137,86,69,64,101,151,54,158,199,6,117,98,19,110,81,52,182,28,162,78,60,79,185,148,167,61,41,36,46,131,59,133,96,157,138,178,164,173,66,126,198,159,140,118,109,29,154,156,106,15,135,146,43,128,85,152,172,12,181,82,192,139,33,13,111,195,40,37,71,35,88,171,189,194,31,68,116,57,0,113,196,89,5,141,119,4,183,63,51,72,147,65,102,115,14,45,55,155,184,75,80,114,177,169,191,11,104,180,163,170,95,91,90,125,149,32,97,58,100,7,175,179,27,193,136,144,70,168,17,103,105,174,190,188,186,145,42,47,132,166,123,44];True
2072;8149;10221;[174,67,25,48,10,176,83,129,8,84,122,135,74,108,21,99,16,77,112,150,56,18,62,120,24,197,26,9,143,20,3,2,121,160,92,49,130,22,38,34,124,94,161,1,165,153,187,127,39,107,87,76,50,53,93,23,30,134,137,86,69,64,101,151,54,158,199,6,117,98,19,110,81,52,182,28,162,78,60,79,185,148,167,61,41,36,46,131,59,133,96,157,138,178,164,173,66,126,198,159,140,118,109,29,154,156,71,106,73,146,43,128,85,152,172,12,181,82,192,139,33,13,111,195,40,37,15,35,88,171,189,194,31,68,116,57,0,113,196,89,5,141,119,4,183,63,51,72,147,65,102,115,14,45,55,155,184,75,80,114,177,169,191,11,104,180,163,170,95,91,90,125,149,32,97,58,100,7,175,179,27,193,136,144,70,168,17,103,105,142,190,188,186,145,42,47,132,166,123,44];False
2200;8087;10287;[174,67,25,48,10,176,83,129,8,84,122,73,74,108,21,99,16,77,112,150,56,18,69,120,24,197,26,9,143,20,3,2,121,160,92,49,130,22,38,34,124,94,161,1,165,153,187,127,39,107,87,76,50,53,93,23,30,134,137,86,62,64,101,151,54,158,199,6,117,98,19,110,81,52,182,28,162,78,60,79,185,148,167,61,41,36,46,131,59,133,96,157,138,178,164,173,66,126,198,159,140,118,109,72,154,156,106,71,135,146,43,128,85,152,172,12,181,82,192,139,33,13,111,195,40,37,15,35,88,171,189,194,31,68,116,57,0,113,196,89,5,141,119,4,183,63,51,29,147,65,102,115,14,45,55,155,184,75,80,114,177,169,191,11,104,180,163,170,95,91,90,125,149,32,97,58,100,7,175,179,27,193,136,144,70,168,17,103,105,142,190,188,186,145,42,47,132,166,123,44];True
2042;8209;10251;[142,67,25,48,10,176,83,129,8,84,122,73,74,108,21,99,16,77,112,150,56,18,62,120,24,197,26,9,143,20,3,2,121,160,92,49,130,22,38,34,124,94,161,1,165,153,187,127,39,107,87,76,50,53,93,23,30,134,137,86,69,64,101,151,54,158,199,6,117,98,19,110,81,52,182,28,162,78,60,79,185,148,167,61,59,36,46,131,41,133,96,157,138,178,164,173,66,126,198,159,140,118,109,29,154,156,106,71,135,146,43,128,85,152,172,12,181,82,192,139,33,13,111,195,40,37,15,35,88,171,189,194,31,68,116,57,0,113,196,89,5,141,119,4,183,63,51,72,147,65,102,115,14,45,55,155,184,75,80,114,177,169,191,11,104,180,163,170,95,91,90,125,149,32,97,58,100,7,175,179,27,193,136,144,70,168,17,103,105,174,190,188,186,145,42,47,132,166,123,44];False
2195;8091;10286;[174,67,25,48,10,176,83,129,8,84,122,73,74,108,21,99,16,77,112,150,56,69,62,120,24,197,26,9,143,20,3,2,121,160,92,49,130,22,38,34,124,94,161,1,165,153,187,127,39,107,87,76,50,53,93,23,30,134,137,86,18,64,101,151,54,158,199,6,117,98,19,110,81,52,182,28,162,78,60,79,185,148,167,61,41,36,46,131,59,133,96,157,138,178,164,173,66,126,198,159,140,118,109,29,154,156,106,71,135,146,43,128,85,152,172,12,181,82,192,139,33,13,111,195,11,37,15,35,88,171,189,194,31,68,116,57,0,113,196,89,5,141,119,4,183,63,51,72,147,65,102,115,14,45,55,155,184,75,80,114,177,169,191,40,104,180,163,170,95,91,90,125,149,32,97,58,100,7,175,179,27,193,136,144,70,168,17,103,105,142,190,188,186,145,42,47,132,166,123,44];True
2332;8061;10393;[174,67,25,160,10,176,83,129,8,84,122,73,74,108,21,99,16,77,112,150,56,18,62,120,24,197,26,9,143,20,3,2,121,48,92,49,130,22,38,34,124,94,161,1,165,153,187,127,39,107,87,76,50,53,93,23,30,134,137,86,69,64,101,151,54,158,199,6,117,98,19,110,81,52,182,28,162,78,60,79,185,148,167,61,41,36,46,131,59,133,96,157,138,178,164,173,66,126,198,159,140,118,109,29,154,156,106,71,135,146,43,128,85,152,172,12,181,82,192,139,33,13,111,195,40,37,15,35,88,171,189,194,102,68,116,57,0,113,196,89,5,141,119,4,183,63,51,72,147,65,31,115,14,45,55,155,184,75,80,114,177,169,191,11,104,180,163,170,95,91,90,125,149,32,97,58,100,7,175,179,27,193,136,144,70,168,17,103,105,142,190,188,186,145,42,47,132,166,123,44];False
2033;8265;10298;[99,113,25,48,10,176,83,129,8,84,122,73,74,108,21,174,16,77,112,150,56,18,62,120,24,197,26,9,143,20,3,2,121,160,92,49,130,22,38,34,124,94,161,1,165,153,187,127,39,107,87,76,50,53,93,23,30,134,137,86,69,64,101,151,54,158,199,6,117,98,19,110,81,52,182,28,162,78,60,79,185,148,167,61,41,36,46,131,59,133,96,157,138,178,164,173,66,126,198,159,140,118,109,29,154,156,71,106,135,146,43,128,85,152,172,12,181,82,192,139,33,13,111,195,40,37,15,35,88,171,189,194,31,68,116,57,0,67,196,89,5,141,119,4,183,63,51,72,147,65,102,115,14,45,55,155,184,75,80,114,177,169,191,11,104,180,163,170,95,91,90,125,149,32,97,58,100,7,175,179,27,193,136,144,70,168,17,103,105,142,190,188,186,145,42,47,132,166,123,44];False
2031;8238;10269;[183,67,25,48,10,176,83,129,8,84,122,73,74,108,21,99,16,77,112,150,56,18,62,120,24,197,26,9,143,20,3,2,121,160,92,49,130,22,38,34,124,94,161,1,165,153,187,127,39,107,87,76,50,53,93,23,30,134,137,86,69,64,101,151,54,158,199,6,117,98,19,110,81,52,182,28,162,78,60,79,185,148,167,61,59,36,46,131,41,133,96,157,138,178,164,173,66,126,198,159,140,118,109,29,154,156,106,174,135,146,43,128,85,152,172,12,181,82,192,139,33,13,111,195,40,37,15,35,88,171,189,194,31,68,116,57,0,113,196,89,5,141,119,4,71,63,51,72,147,65,102,115,14,45,55,155,184,75,80,114,177,169,191,11,104,180,163,170,95,91,90,125,149,32,97,58,100,7,175,179,27,193,136,144,70,168,17,103,105,142,190,188,186,145,42,47,132,166,123,44];False
2214;8086;10300;[174,67,25,150,10,176,83,129,8,84,122,73,74,108,21,99,16,77,112,48,56,18,62,120,24,197,26,9,143,20,3,2,121,160,92,49,130,22,38,34,124,94,161,1,165,153,187,127,39,107,87,76,50,53,93,23,30,134,137,86,69,64,101,151,54,158,199,6,117,98,186,110,81,52,182,28,162,78,60,79,185,148,167,61,41,36,46,131,59,133,96,157,138,178,164,173,66,126,198,159,140,118,109,29,154,156,106,71,135,146,43,128,85,152,172,12,181,82,192,139,33,13,111,195,40,37,15,35,88,171,189,194,31,68,116,57,0,113,196,89,5,141,119,4,183,63,51,72,147,65,102,115,14,45,55,155,184,75,80,114,177,169,191,11,104,180,163,170,95,91,90,125,149,32,97,58,100,7,175,179,27,193,136,144,70,168,17,103,105,142,190,188,19,145,42,47,132,166,123,44];False
2359;8058;10417;[174,67,25,160,10,176,43,129,8,84,122,73,74,108,21,99,16,77,112,150,56,18,62,120,24,197,26,9,143,20,3,2,121,48,92,49,130,22,38,34,124,94,161,1,165,153,187,127,39,107,87,76,50,53,93,23,30,134,137,86,69,64,101,151,54,158,199,6,117,98,19,110,81,52,182,28,162,78,60,79,185,148,167,61,41,36,46,131,59,133,96,157,138,178,164,173,66,126,198,159,140,118,109,29,154,156,106,71,135,146,83,128,85,152,172,12,181,82,192,139,33,13,111,195,11,37,15,35,88,171,189,194,31,68,116,57,0,113,196,89,5,141,119,4,183,63,51,72,147,65,102,115,14,45,55,155,184,75,80,114,177,169,191,40,104,180,163,170,95,91,90,125,149,32,97,58,100,7,175,179,27,193,136,144,70,168,17,103,105,142,190,188,186,145,42,47,132,166,123,44];False
2016;8316;10332;[99,113,25,48,10,176,83,129,8,84,122,73,74,108,21,174,16,77,112,150,56,18,62,120,24,197,26,9,143,20,3,2,121,160,92,49,130,22,38,34,124,94,161,1,165,153,187,127,39,107,87,76,50,53,93,23,30,134,137,86,69,64,101,151,54,158,199,6,117,98,19,110,81,52,182,28,162,106,60,79,185,148,167,61,41,36,46,131,59,133,96,157,138,178,164,173,66,126,198,159,140,118,109,29,154,156,78,71,135,146,43,128,85,152,172,12,181,82,192,139,33,13,111,195,40,37,15,35,88,171,189,194,31,68,116,57,0,67,196,89,5,141,119,4,183,63,51,72,147,65,102,115,14,45,55,155,184,75,80,114,177,169,191,11,104,180,163,170,95,91,90,125,149,32,97,58,100,7,175,179,27,193,136,144,70,168,17,103,105,142,190,188,186,145,42,47,132,166,123,44];False
2245;8081;10326;[174,35,68,48,10,176,83,129,8,84,122,73,74,108,21,99,16,77,112,150,56,18,62,120,24,197,26,9,143,20,3,2,121,160,92,49,130,22,38,34,124,94,161,1,165,153,187,127,39,107,87,76,50,53,93,23,30,134,137,86,69,64,101,151,54,158,199,6,117,98,19,110,81,52,182,28,162,78,60,79,185,148,167,61,41,36,46,131,59,133,96,157,138,178,164,173,66,126,198,159,140,118,109,29,154,156,106,71,135,146,43,128,85,152,172,12,181,82,192,139,33,13,111,195,40,37,15,67,88,171,189,194,102,25,116,57,0,113,196,89,5,141,119,4,183,63,51,72,147,65,31,115,14,45,55,155,184,75,80,114,177,169,191,11,104,180,163,170,95,91,90,125,149,32,97,58,100,7,175,179,27,193,136,144,70,168,17,103,105,142,190,188,186,145,42,47,132,166,123,44];False
2426;8043;10469;[174,67,25,160,10,176,83,129,8,84,69,73,74,108,21,99,16,77,112,150,56,18,62,120,24,197,26,9,143,20,3,2,121,48,92,49,130,22,38,34,124,94,161,1,165,153,187,127,39,107,87,76,50,53,93,23,30,134,137,86,122,64,101,151,54,158,199,6,117,98,19,110,81,52,182,28,162,78,60,79,185,148,167,61,41,36,46,131,59,133,96,157,138,178,164,173,66,126,198,159,140,118,109,29,154,156,106,71,15,146,43,128,85,152,172,12,181,82,192,139,33,13,111,195,40,37,135,35,88,171,189,194,31,68,116,57,0,113,196,89,5,141,119,4,183,63,51,72,147,65,102,115,14,45,55,155,184,75,80,114,177,169,191,11,104,180,163,170,95,91,90,125,149,32,97,58,100,7,175,179,27,193,136,144,70,168,17,103,105,142,190,188,186,145,42,47,132,166,123,44];False
2324;8061;10385;[34,67,25,48,10,176,83,129,8,84,122,73,74,108,21,99,16,77,112,150,56,18,62,120,24,197,26,9,143,20,3,2,121,160,92,49,130,22,38,174,124,94,161,1,165,153,187,127,39,107,87,69,50,53,93,23,30,134,137,86,76,64,101,151,54,158,199,6,117,98,19,110,81,52,182,28,162,78,60,79,185,148,167,61,41,36,46,131,59,133,96,157,138,178,164,173,66,126,198,159,140,118,109,29,154,156,106,71,135,146,43,128,85,152,172,12,181,82,192,139,33,13,111,195,40,37,15,35,88,171,189,194,31,68,116,57,0,113,196,89,5,141,119,4,183,63,51,72,147,65,102,115,14,45,55,155,184,75,80,114,177,169,191,11,104,180,163,170,95,91,90,125,149,32,97,58,100,7,175,179,27,193,136,144,70,168,17,103,105,142,190,188,186,145,42,47,132,166,123,44];False
2443;8037;10480;[174,67,25,160,10,176,83,129,8,84,69,73,74,108,21,99,16,77,112,150,56,18,62,120,24,197,26,9,143,20,3,2,121,48,92,49,130,22,38,34,124,94,161,1,165,153,187,127,39,107,87,76,50,53,93,23,30,134,137,86,122,64,101,151,54,158,199,6,117,98,19,110,81,52,182,28,162,78,60,79,185,148,167,61,41,36,46,131,59,133,96,157,138,178,164,173,66,126,198,159,140,118,109,72,154,156,106,71,135,146,43,128,85,152,172,12,181,82,192,139,33,13,111,195,40,37,15,35,88,171,189,194,31,68,116,57,0,113,196,89,5,141,119,4,183,63,51,29,147,65,102,115,14,45,55,155,184,75,80,114,177,169,191,11,104,180,163,170,95,91,90,125,149,32,97,58,100,7,175,179,27,193,136,144,70,168,17,103,105,142,190,188,186,145,42,47,132,166,123,44];False
1535;9111;10646;[45,67,112,48,10,1,2,129,8,84,122,107,101,118,105,99,141,17,193,15,173,18,25,120,24,197,26,9,109,20,146,49,147,65,92,142,130,22,38,34,3,94,75,12,165,153,187,127,39,73,87,76,50,53,93,27,30,134,58,86,181,82,23,151,54,158,121,6,117,98,78,110,81,52,108,74,183,83,135,79,185,148,167,61,59,36,46,5,41,133,96,157,138,178,152,56,66,126,198,159,140,19,51,29,154,156,160,71,69,190,43,128,85,164,111,192,40,124,150,139,33,13,172,195,182,37,60,35,88,145,189,194,31,171,116,57,186,113,196,89,162,106,119,28,4,97,131,0,199,62,102,115,14,114,55,155,184,161,80,137,177,169,191,11,104,180,163,170,95,91,90,125,149,32,68,63,100,7,175,143,174,16,136,144,70,168,64,103,21,72,77,188,179,176,42,47,132,166,123,44];True
1674;9043;10717;[48,67,112,193,10,1,2,129,8,84,122,107,174,118,105,99,141,17,45,15,173,18,25,120,24,197,26,9,109,20,146,49,147,65,92,142,130,22,38,34,3,94,75,12,165,153,187,127,39,73,87,76,50,53,93,23,30,134,58,86,181,82,101,151,54,158,121,6,117,98,78,110,81,52,108,74,183,192,135,79,185,148,167,61,59,36,46,5,41,133,96,157,138,178,152,56,66,126,198,159,140,19,51,29,154,156,160,71,69,190,43,128,85,164,111,83,40,124,150,139,33,13,172,195,182,37,60,35,88,145,189,194,31,171,116,57,186,113,196,89,162,106,119,28,4,97,131,0,199,62,102,115,14,114,55,155,184,161,80,137,177,169,191,11,104,180,163,170,95,91,90,125,149,32,68,63,100,7,175,143,27,16,136,144,70,168,64,103,21,72,77,188,179,176,42,47,132,166,123,44];False
1646;9066;10712;[84,67,112,48,10,1,2,129,8,193,122,107,101,118,105,99,106,17,45,15,173,18,25,120,24,197,26,9,109,20,146,49,147,65,92,142,130,22,38,34,3,94,75,12,165,153,187,127,39,73,87,76,50,53,93,27,30,134,58,86,181,82,23,151,54,158,121,6,117,98,78,110,81,52,108,74,183,83,135,79,185,148,167,61,59,36,46,5,41,133,96,157,138,178,152,56,66,126,198,159,140,19,131,29,154,156,160,71,69,190,43,128,85,164,111,192,40,124,150,139,33,13,172,195,182,37,60,35,88,145,189,194,31,171,116,57,186,113,196,89,162,141,119,28,4,97,51,0,199,62,102,115,14,114,55,155,184,161,80,137,177,169,191,11,104,180,163,170,95,91,90,125,149,32,68,63,100,7,175,143,174,16,136,144,70,168,64,103,21,72,77,188,179,176,42,47,132,166,123,44];False
1522;9175;10697;[45,67,112,48,10,1,2,129,8,84,122,107,101,118,105,99,141,17,193,15,173,18,25,120,24,197,26,9,109,20,146,49,147,65,92,142,130,22,38,34,3,94,75,12,165,153,187,127,39,73,87,76,50,53,93,27,30,134,137,86,181,82,23,151,54,158,121,6,117,98,78,110,81,52,108,74,183,83,135,79,185,148,167,61,59,36,46,5,41,133,96,157,138,178,152,56,66,126,198,159,140,19,131,29,154,156,160,71,69,190,43,128,85,164,111,192,40,124,150,139,33,13,172,195,182,37,60,35,88,145,189,194,31,171,116,57,186,113,196,89,162,106,119,28,4,97,51,0,199,62,102,115,14,114,55,155,184,161,80,58,177,169,191,11,104,180,163,170,95,91,90,125,149,32,68,63,100,7,175,143,174,16,136,144,70,168,64,103,21,72,77,188,179,176,42,47,132,166,123,44];True
1565;9096;10661;[193,67,112,48,10,1,2,129,8,84,122,107,101,118,105,99,106,17,45,15,173,18,25,120,24,197,26,9,109,20,146,49,147,65,92,142,130,22,38,34,3,94,75,12,165,153,187,127,39,73,87,76,50,53,93,27,30,134,58,86,181,82,23,151,54,158,121,6,117,98,78,110,81,52,108,74,183,83,135,79,185,148,167,61,59,36,46,5,41,133,96,157,138,178,152,56,66,126,198,159,140,19,131,29,154,156,160,71,69,190,43,128,85,164,111,192,40,124,150,139,33,13,172,195,182,149,60,35,88,145,189,194,31,171,116,57,186,113,196,89,162,141,119,28,4,97,51,0,199,62,102,115,14,114,55,155,184,161,80,137,177,169,191,11,104,180,163,170,95,91,90,125,37,32,68,63,100,7,175,143,174,16,136,144,70,168,64,103,21,72,77,188,179,176,42,47,132,166,123,44];True
1705;9031;10736;[174,67,112,48,10,1,2,129,8,84,122,107,49,19,105,99,106,17,193,15,173,18,25,120,24,197,26,9,109,20,146,114,147,65,92,142,130,22,38,34,64,94,75,12,165,153,187,127,39,73,87,76,50,53,93,23,30,134,58,86,181,82,101,151,54,158,121,6,117,98,78,110,81,52,108,74,183,192,135,79,185,148,167,61,59,36,46,5,41,133,96,157,138,178,152,56,66,126,198,159,140,118,131,29,154,156,160,71,69,190,43,128,85,164,111,83,40,124,150,139,33,13,172,195,182,149,60,35,88,145,189,194,31,171,116,57,186,113,196,89,162,141,119,28,4,97,51,0,199,62,102,115,14,45,55,155,184,161,80,137,177,169,191,11,104,180,163,170,95,91,90,125,37,32,68,63,100,7,175,143,27,16,136,144,70,168,3,103,21,72,77,188,179,176,42,47,132,166,123,44];False
1727;9013;10740;[174,67,112,48,10,1,2,129,8,84,122,107,49,19,105,99,141,17,193,15,173,18,25,120,24,197,26,9,109,20,146,114,147,65,92,142,130,22,38,34,3,94,75,12,165,153,187,127,39,73,87,76,50,53,93,23,30,134,58,86,181,82,101,151,54,158,121,6,117,98,78,110,81,52,108,74,183,192,135,79,185,148,167,61,59,36,46,5,41,133,96,157,138,178,152,56,66,126,198,159,140,118,51,29,154,156,160,71,69,190,43,128,85,164,111,83,40,124,150,139,33,13,172,195,182,149,60,35,88,145,189,194,31,171,116,57,186,113,196,89,162,106,119,28,4,97,131,0,199,62,102,115,14,45,55,155,184,161,80,137,177,169,191,11,104,180,163,170,95,91,90,125,37,32,68,63,100,7,175,143,27,16,136,144,70,168,64,103,21,72,77,188,179,176,42,47,132,166,123,44];False
1881;8859;10740;[20,67,193,48,10,1,2,129,8,84,122,107,174,19,105,99,106,77,112,60,173,18,62,120,24,197,26,9,109,4,3,114,121,25,92,49,130,22,38,34,64,94,75,12,165,153,187,127,39,73,87,76,50,53,93,23,30,134,58,86,181,82,101,151,54,158,199,6,117,98,78,110,81,52,69,28,162,192,135,79,185,148,167,61,59,36,46,131,41,133,96,157,138,178,152,56,66,126,198,159,140,118,186,29,154,156,160,71,108,146,43,128,85,164,111,83,40,124,150,139,33,13,172,195,182,37,15,35,88,145,189,194,31,171,116,57,0,113,196,89,5,141,119,74,183,97,51,72,147,65,102,115,14,45,55,155,184,161,80,137,177,169,191,11,104,180,163,170,95,91,90,125,149,32,68,63,100,7,175,143,27,16,136,144,70,168,17,103,21,142,190,188,179,176,42,47,132,166,123,44];True
1947;8766;10713;[174,67,193,48,10,1,2,129,8,84,122,107,4,183,105,99,16,77,112,60,56,18,62,120,24,197,26,9,109,20,3,91,121,25,92,49,130,22,38,34,64,94,75,12,165,153,187,127,39,73,87,76,50,53,93,23,30,134,58,86,181,82,101,151,54,158,199,6,117,98,78,110,81,52,69,28,162,192,135,79,185,148,167,61,59,36,46,131,41,133,96,157,138,178,164,173,66,126,198,159,140,118,186,29,154,156,160,71,108,146,43,128,85,152,111,83,182,124,150,139,33,13,172,195,40,37,15,35,88,145,189,194,31,171,116,57,0,113,196,89,5,141,119,74,19,97,51,72,147,65,102,115,14,45,55,155,184,161,80,114,177,169,191,11,104,180,163,170,95,137,90,125,149,32,68,63,100,7,175,143,27,106,136,144,70,168,17,103,21,142,190,188,179,176,42,47,132,166,123,44];False
1919;8810;10729;[4,67,112,48,10,1,2,129,8,84,122,107,174,19,105,99,16,77,193,60,56,18,62,120,24,197,26,9,109,20,3,91,121,25,92,49,130,22,38,34,64,94,75,12,165,153,187,127,39,73,87,76,50,53,93,23,30,134,58,86,181,82,101,151,54,158,199,6,117,98,78,110,81,52,69,28,162,192,135,79,185,148,167,61,59,36,46,131,41,133,96,157,138,178,164,173,66,126,198,159,140,118,186,29,154,156,160,71,108,146,43,128,85,152,111,83,182,124,150,139,33,13,172,195,40,37,15,35,88,145,189,194,31,171,116,57,0,113,196,89,5,141,119,74,183,97,51,72,147,65,102,115,14,45,55,155,184,161,80,114,177,169,191,11,104,180,163,170,95,137,90,125,149,32,68,63,100,7,175,143,27,106,136,144,70,168,17,103,21,142,190,188,179,176,42,47,132,166,123,44];False
1756;9002;10758;[174,67,112,48,10,1,2,129,8,84,122,107,49,19,105,99,141,17,193,15,173,18,25,120,24,197,26,9,109,20,146,114,147,65,92,142,130,22,38,34,135,94,75,12,165,153,187,127,39,73,87,76,50,53,93,23,30,134,58,86,181,82,101,151,54,158,121,6,117,98,78,110,81,52,108,28,162,192,64,79,185,148,167,61,59,36,46,5,41,133,96,157,138,178,152,56,66,126,198,159,140,118,131,29,154,156,160,71,69,190,43,128,85,164,111,83,40,124,150,139,33,13,172,195,182,149,60,35,88,145,189,194,31,171,116,57,186,113,196,89,4,106,119,74,183,97,51,0,199,62,102,115,14,45,55,155,184,161,80,137,177,169,191,11,104,180,163,170,95,91,90,125,37,32,68,63,100,7,175,143,27,16,136,144,70,168,3,103,21,72,77,188,179,176,42,47,132,166,123,44];False
1908;8826;10734;[4,67,112,48,10,1,2,129,8,84,122,107,174,19,105,99,16,77,193,60,56,18,62,120,24,197,26,9,109,20,3,91,121,25,92,49,130,22,38,34,64,94,75,12,165,153,187,127,39,73,87,76,50,53,93,23,30,134,58,86,181,82,101,151,54,158,199,6,117,98,78,110,81,52,69,28,162,192,135,79,185,148,167,61,59,36,46,131,41,133,96,157,138,178,164,173,66,126,198,159,140,118,186,29,154,156,160,71,108,146,43,128,85,152,111,83,40,124,150,139,33,13,172,195,182,37,15,35,88,145,189,194,31,171,116,57,0,113,196,89,5,141,119,74,183,97,51,72,147,65,102,115,14,45,55,155,184,161,80,114,177,169,191,11,104,180,163,170,95,137,90,125,149,32,68,63,100,7,175,143,27,106,136,144,70,168,17,103,21,142,190,188,179,176,42,47,132,166,123,44];True
1824;8975;10799;[174,67,112,48,10,1,2,129,8,84,122,107,49,19,105,99,141,119,193,15,173,18,25,120,24,197,26,9,109,20,146,114,147,65,92,142,130,22,38,34,64,94,75,12,165,153,187,127,39,73,87,76,50,53,93,23,30,134,58,86,181,82,101,151,54,158,121,6,117,98,78,110,81,52,108,28,162,192,135,79,185,148,167,61,59,36,46,5,41,133,96,157,138,178,152,56,66,131,198,159,140,118,126,29,154,156,160,71,69,190,43,128,85,164,111,83,40,124,150,139,33,13,172,195,182,149,60,35,88,145,189,194,31,171,116,57,186,113,196,89,4,106,17,74,183,97,51,72,199,62,102,115,14,45,55,155,184,161,80,137,177,169,191,11,104,180,163,170,95,91,90,125,37,32,68,63,100,7,175,143,27,16,136,144,70,168,3,103,21,0,77,188,179,176,42,47,132,166,123,44];False
1840;8966;10806;[34,67,112,48,10,1,2,129,8,84,122,107,174,19,105,99,141,77,193,15,173,18,62,120,24,197,26,9,109,20,3,114,121,25,92,49,130,22,38,4,64,94,75,12,165,153,187,127,39,73,87,76,50,53,93,23,30,134,58,86,181,82,101,151,54,158,199,6,117,98,78,110,81,52,69,28,162,192,135,79,185,148,167,61,59,36,46,131,41,133,96,157,138,178,152,56,66,126,198,159,140,118,186,29,154,156,160,71,108,146,43,128,85,164,111,83,40,124,150,139,33,13,172,195,182,37,60,35,88,145,189,194,31,171,116,57,0,113,196,89,5,106,119,74,183,97,51,72,147,65,102,115,14,45,55,155,184,161,80,137,177,169,191,11,104,180,163,170,95,91,90,125,149,32,68,63,100,7,175,143,27,16,136,144,70,168,17,103,21,142,190,188,179,176,42,47,132,166,123,44];False
1839;8934;10773;[4,64,112,48,10,1,2,129,8,84,122,107,174,19,105,99,141,77,193,15,173,18,62,120,24,197,26,9,109,20,3,114,121,25,92,49,130,22,38,34,67,94,75,12,165,153,187,127,39,73,87,76,50,53,93,23,30,134,58,86,181,82,101,151,54,158,199,6,117,98,78,110,81,52,69,28,162,135,192,79,185,148,167,61,59,36,46,131,41,133,96,157,138,178,152,56,66,126,198,159,140,118,186,29,154,156,160,71,108,146,43,128,85,164,111,83,40,124,150,139,33,13,172,195,182,37,60,35,88,145,189,194,31,171,116,57,0,113,196,89,5,106,119,74,183,97,51,72,147,65,102,115,14,45,55,155,184,161,80,137,177,169,191,11,104,180,163,170,95,91,90,125,149,32,68,63,100,7,175,143,27,16,136,144,70,168,17,103,21,142,190,188,179,176,42,47,132,166,123,44];True
6621;8026;14647;[48,174,22,136,7,51,171,57,169,130,163,122,12,199,149,98,71,191,38,196,161,66,45,105,194,115,46,44,139,190,109,111,49,135,34,91,69,28,8,118,180,27,140,73,92,90,131,148,9,14,3,142,29,61,145,94,13,101,75,36,176,26,164,128,52,2,167,170,123,50,146,193,198,132,82,184,133,166,186,107,77,159,18,4,181,88,70,108,21,106,154,59,197,24,32,195,10,110,54,152,72,127,30,114,182,37,85,55,158,175,6,1,117,120,157,173,17,79,185,102,23,172,39,78,83,125,33,35,165,40,87,84,68,93,103,65,147,153,15,144,156,155,31,143,53,183,97,41,0,89,25,62,5,134,112,104,99,160,74,20,138,168,188,126,16,162,19,137,60,179,47,43,187,76,151,141,80,58,64,96,177,42,189,178,86,119,81,67,129,192,150,56,100,11,113,116,124,63,95,121];False
6671;7987;14658;[48,174,22,136,7,51,171,57,169,130,163,122,12,199,149,98,71,191,38,196,161,66,45,105,194,115,46,44,139,190,109,111,184,135,34,91,69,28,8,118,180,27,140,73,92,90,131,148,9,14,3,142,29,61,145,94,13,101,75,36,176,26,164,128,52,2,167,170,123,50,146,193,198,132,82,49,133,166,186,107,77,159,18,4,181,88,70,108,21,106,154,59,197,24,32,195,10,110,54,152,72,127,30,114,182,37,85,55,158,175,6,1,117,120,157,173,17,79,185,102,23,172,39,78,83,125,33,35,165,40,87,84,68,93,103,65,147,153,15,144,156,155,31,143,53,183,97,41,0,89,25,62,5,134,112,104,99,160,74,20,138,168,188,126,16,162,19,137,60,179,47,43,187,76,151,141,80,58,64,96,177,42,189,178,86,119,81,67,129,192,150,56,100,11,113,116,124,63,95,121];False
6687;7980;14667;[198,174,22,136,7,51,171,57,169,130,163,122,12,199,149,98,71,191,38,196,161,66,45,105,194,115,46,44,139,190,109,111,49,135,34,91,69,28,8,118,180,27,140,48,92,90,131,148,192,14,3,142,29,61,145,94,13,101,75,36,176,26,164,128,52,2,167,170,123,50,146,193,73,132,82,184,133,166,186,107,77,159,18,4,181,88,70,108,21,106,154,59,197,24,32,195,10,110,54,152,72,127,30,114,182,37,85,55,158,175,6,1,117,120,157,173,17,79,185,102,23,172,39,78,83,125,33,35,165,40,87,84,68,93,103,65,147,153,15,144,156,155,31,143,53,183,97,41,0,89,25,62,5,134,112,104,99,160,74,20,138,168,188,126,16,162,19,137,60,179,47,43,187,76,151,141,80,58,64,96,177,42,189,178,86,119,81,67,129,9,150,56,100,11,113,116,124,63,95,121];False
6812;7931;14743;[50,174,22,136,7,135,171,57,169,130,163,122,12,199,149,98,71,191,38,196,161,66,45,105,194,115,46,44,139,190,109,111,184,51,34,91,69,28,8,118,180,27,140,48,92,90,131,148,9,14,3,142,29,61,145,94,13,101,75,36,176,26,164,128,52,2,167,170,123,73,146,193,198,132,82,49,133,166,186,107,77,159,18,4,181,88,70,108,21,106,154,59,197,24,32,195,10,110,54,152,72,127,30,114,182,37,85,55,158,175,6,1,117,120,157,173,17,79,185,102,23,172,39,78,83,125,33,35,165,40,87,84,68,93,103,65,147,153,15,144,156,155,31,143,53,183,97,41,0,89,25,62,5,134,112,104,99,160,74,20,138,168,188,126,16,162,19,137,60,179,47,43,187,76,151,141,80,58,64,96,177,42,189,178,86,119,81,67,129,192,150,56,100,11,113,116,124,63,95,121];False
6814;7909;14723;[198,174,22,136,7,135,171,57,169,130,163,122,12,199,149,98,71,191,38,196,161,66,45,105,194,115,46,44,139,190,109,111,184,51,34,91,69,28,8,118,180,27,140,48,92,90,131,148,9,14,3,142,29,61,145,94,13,101,75,36,176,26,164,128,52,2,167,170,123,50,146,193,73,132,82,49,133,166,186,107,77,159,18,4,181,88,70,108,21,106,154,59,197,24,32,195,10,110,11,152,72,127,30,114,182,37,85,55,158,175,6,1,117,120,157,173,17,79,185,102,23,172,39,78,83,125,33,35,165,40,87,84,68,93,103,65,147,153,15,144,156,155,31,143,53,183,97,41,0,89,25,62,5,134,112,104,99,160,74,20,138,168,188,126,16,162,19,137,60,179,47,43,187,76,151,141,80,58,64,96,177,42,189,178,86,119,81,67,129,192,150,56,100,54,113,116,124,63,95,121];False
6811;7918;14729;[132,174,22,136,7,135,171,57,169,130,163,122,12,199,149,98,193,191,38,196,161,66,45,105,194,115,46,44,139,190,109,111,184,51,34,91,69,28,8,118,180,27,140,48,92,90,131,148,9,14,3,142,29,61,145,94,13,101,75,36,176,26,164,128,52,2,167,170,123,50,146,71,198,73,82,49,133,166,186,107,77,159,18,4,181,88,70,108,21,106,154,59,197,24,32,195,10,110,11,152,72,127,30,114,182,37,85,55,158,175,6,1,117,120,157,173,17,79,185,102,23,172,39,78,83,125,33,35,165,40,87,84,68,93,103,65,147,153,15,144,156,155,31,143,53,183,97,41,0,89,25,62,5,134,112,104,99,160,74,20,138,168,188,126,16,162,19,137,60,179,47,43,187,76,151,141,80,58,64,96,177,42,189,178,86,119,81,67,129,192,150,56,100,54,113,116,124,63,95,121];False
6844;7902;14746;[48,174,22,136,7,135,171,57,23,130,163,122,12,199,149,98,193,191,38,196,161,66,45,105,194,115,46,44,139,190,109,111,184,51,34,91,69,28,8,118,180,27,140,73,92,90,131,148,9,14,3,142,29,61,145,94,13,101,75,36,176,26,164,128,52,2,167,170,123,50,146,71,198,132,82,49,133,166,186,107,77,159,18,4,181,88,70,108,21,106,154,59,197,24,32,195,10,110,11,152,72,127,30,114,182,37,85,55,158,175,6,1,117,120,157,173,17,79,185,102,169,172,39,78,83,125,33,35,165,40,87,84,68,93,103,65,147,153,15,144,156,155,31,143,53,183,97,41,0,89,25,62,5,134,112,104,99,160,74,20,138,168,188,126,16,162,19,137,60,179,47,43,187,76,151,141,80,58,64,96,177,42,189,178,86,119,81,67,129,192,150,56,100,54,113,116,124,63,95,121];False
7029;7849;14878;[50,174,22,136,7,135,171,57,169,130,163,122,12,199,149,98,193,191,38,196,161,66,45,105,194,115,46,44,139,190,109,111,184,51,34,91,69,28,8,118,180,27,140,48,92,90,131,148,9,14,3,142,29,61,145,94,13,101,75,36,176,26,164,128,52,2,167,170,123,73,146,71,198,132,82,49,133,166,186,107,77,159,18,4,181,88,70,108,21,106,154,59,197,24,32,195,10,110,11,152,72,127,30,114,182,37,85,55,158,175,6,1,117,120,157,173,17,79,185,102,23,172,39,19,83,125,33,35,165,40,87,84,68,93,103,65,147,153,15,144,156,155,31,143,53,183,97,41,0,89,25,62,5,134,112,104,99,160,74,20,138,168,188,126,16,162,78,137,60,179,47,43,187,76,151,141,80,58,64,96,177,42,189,178,86,119,81,67,129,192,150,56,100,54,113,116,124,63,95,121];False
7093;7824;14917;[48,174,22,136,7,135,171,57,23,130,163,122,12,199,149,98,193,191,38,196,161,66,45,105,194,115,46,44,139,190,109,111,184,51,34,91,69,28,8,118,180,25,140,73,92,90,131,148,9,14,3,142,29,61,145,94,13,101,75,36,176,26,164,128,52,2,167,107,123,50,146,71,198,132,82,49,133,166,186,170,77,159,18,4,181,88,70,108,21,106,154,59,197,24,32,195,10,110,11,152,72,127,30,114,182,37,85,55,158,175,6,1,117,120,157,173,17,79,185,102,169,172,39,78,83,125,33,35,165,40,87,84,68,93,103,65,147,153,15,144,156,155,31,143,53,183,97,41,0,89,27,62,5,134,112,104,99,160,74,20,138,168,188,126,16,162,19,137,60,179,47,43,187,76,151,141,80,58,64,96,177,42,189,178,86,119,81,67,129,192,150,56,100,54,113,116,124,63,95,121];False
7125;7817;14942;[124,174,22,136,7,135,171,57,23,130,163,122,12,199,149,98,193,191,38,196,161,66,45,105,194,115,46,44,139,190,109,111,184,51,34,91,69,28,8,118,180,25,140,48,92,90,131,148,9,14,3,142,29,61,145,94,13,101,75,36,176,26,164,128,52,2,167,107,123,50,146,71,198,132,82,49,133,189,186,170,77,159,18,4,181,88,70,108,21,106,154,59,197,24,32,195,10,110,11,152,72,127,30,114,182,37,85,55,158,175,6,1,117,120,157,173,17,79,185,102,169,172,39,78,83,125,33,35,165,40,87,84,68,93,103,65,147,153,15,144,156,155,31,143,53,183,97,41,0,89,27,62,5,134,112,104,99,160,74,20,138,168,188,126,16,162,19,137,60,179,47,43,187,76,151,141,80,58,64,96,177,42,166,178,86,119,81,67,129,192,150,56,100,54,113,116,73,63,95,121];False
7314;7761;15075;[50,174,22,136,7,135,171,57,23,130,163,122,12,199,149,98,193,191,38,196,161,66,45,105,194,115,46,44,139,190,109,111,184,51,34,91,69,28,8,118,180,159,140,48,92,90,131,148,9,14,3,142,29,61,145,94,13,101,75,36,176,26,164,128,52,2,167,107,123,73,146,71,198,132,82,49,133,189,186,170,77,25,18,4,181,88,70,108,21,106,154,59,197,24,32,195,10,110,11,152,72,127,30,114,182,37,85,55,158,175,6,1,117,120,157,173,17,79,185,102,169,172,39,78,83,125,33,35,165,40,87,84,68,93,103,65,147,153,15,144,156,155,31,143,53,183,97,41,0,89,27,62,5,134,112,104,99,160,74,20,138,168,188,126,16,162,19,137,60,179,47,43,187,76,151,141,80,58,64,96,177,42,166,178,86,119,81,67,129,192,150,56,100,54,113,116,124,63,95,121];False
7448;7758;15206;[50,174,22,136,7,135,171,57,23,130,163,122,12,199,192,98,193,191,38,196,161,66,45,105,194,115,46,44,139,190,109,111,184,51,34,91,69,28,8,118,180,159,140,48,92,90,131,148,9,14,3,142,29,61,145,94,13,101,75,36,176,26,164,128,52,2,167,107,123,73,146,65,198,132,82,49,133,189,186,170,77,25,18,4,181,88,70,108,21,106,154,59,197,24,32,195,10,110,11,152,72,127,30,114,182,37,85,55,158,175,6,1,117,120,157,173,17,79,185,102,169,172,39,78,83,125,33,35,165,40,87,84,68,93,103,71,147,153,15,144,156,155,31,143,53,183,97,41,0,89,27,62,5,134,112,104,99,160,74,20,138,168,188,126,16,162,19,137,60,179,47,43,187,76,151,141,80,58,64,96,177,42,166,178,86,119,81,67,129,149,150,56,100,54,113,116,124,63,95,121];False
7388;7758;15146;[106,174,22,136,7,135,171,57,23,130,163,122,12,185,149,98,193,191,38,196,161,66,45,105,194,115,46,44,139,190,109,111,184,51,34,91,69,28,8,118,180,159,140,48,92,90,131,148,9,14,3,142,29,61,145,94,13,101,75,36,176,26,164,128,52,2,167,107,123,50,146,65,198,132,82,49,133,189,186,170,77,25,18,4,84,88,70,108,21,73,154,59,197,24,32,195,10,110,11,152,72,127,30,114,182,37,85,55,158,175,6,1,117,120,157,173,17,79,199,102,169,172,39,78,83,125,33,35,165,40,87,181,68,93,103,71,147,153,15,144,156,155,31,143,53,183,97,41,0,89,27,62,5,134,112,104,99,160,74,20,138,168,188,126,16,162,19,137,60,179,47,43,187,76,151,141,80,58,64,96,177,42,166,178,86,119,81,67,129,192,150,56,100,54,113,116,124,63,95,121];False
7414;7738;15152;[71,174,22,136,7,135,171,57,23,130,163,122,12,185,149,98,193,191,38,196,161,66,45,105,194,115,46,44,139,190,109,111,184,51,34,91,69,28,8,118,180,159,140,48,92,90,131,148,9,14,3,142,29,61,145,94,13,101,75,36,176,26,164,128,52,2,167,107,123,50,146,65,198,132,82,49,133,189,186,170,77,25,18,4,84,88,70,108,21,106,154,59,197,24,32,195,10,110,11,152,72,127,30,114,182,37,85,55,158,175,6,1,117,120,157,173,17,79,199,102,169,172,39,78,83,125,33,35,165,40,87,181,68,93,103,73,147,153,15,144,156,155,31,143,53,183,97,41,0,89,27,62,5,134,112,104,99,160,74,20,138,168,188,126,16,162,19,137,60,179,47,43,187,76,151,141,80,58,64,96,177,42,166,178,86,119,81,67,129,192,150,56,100,54,113,116,124,63,95,121];False
7479;7725;15204;[71,174,23,136,7,135,171,57,22,130,163,122,12,185,149,98,193,191,38,196,161,66,45,105,194,115,46,44,139,190,109,111,184,51,34,91,69,28,8,118,180,159,140,48,92,90,131,148,9,14,3,142,29,61,145,94,13,101,75,36,176,26,164,128,52,2,167,107,123,50,146,65,198,186,32,49,133,189,132,170,77,25,18,4,84,88,70,108,21,106,154,59,197,24,82,195,10,110,11,152,72,127,30,114,182,37,85,55,158,175,6,1,117,120,157,173,17,79,199,102,169,172,39,78,83,125,33,35,165,40,87,181,68,93,103,73,147,153,15,144,156,155,31,143,53,183,97,41,0,89,27,62,5,134,112,104,99,160,74,20,138,168,188,126,16,162,19,137,60,179,47,43,187,76,151,141,80,58,64,96,177,42,166,178,86,119,81,67,129,192,150,56,100,54,113,116,124,63,95,121];False
7446;7730;15176;[73,164,23,136,7,135,171,57,22,130,163,122,12,185,149,98,193,191,38,196,161,66,45,105,194,115,46,44,139,190,109,111,184,51,34,91,69,28,8,118,180,159,140,48,92,90,131,148,9,14,3,142,29,61,145,94,13,101,75,36,176,26,174,128,52,2,167,107,123,50,146,65,198,186,32,49,133,189,132,170,77,25,18,4,84,88,70,108,21,106,154,59,197,24,82,195,10,110,11,152,72,127,30,114,182,37,85,55,158,175,6,1,117,120,157,173,17,79,199,102,169,172,39,78,83,125,33,35,165,40,87,181,68,93,103,71,147,153,15,144,156,155,31,143,53,183,97,41,0,89,27,62,5,134,112,104,99,160,74,20,138,168,188,126,16,162,19,137,60,179,47,43,187,76,151,141,80,58,64,96,177,42,166,178,86,119,81,67,129,192,150,56,100,54,113,116,124,63,95,121];False
7466;7726;15192;[73,178,23,136,7,135,171,57,22,130,163,122,12,185,149,98,193,191,38,196,161,66,45,105,194,115,46,44,139,190,109,111,184,51,34,91,69,28,8,118,180,159,140,48,92,90,131,148,9,14,3,142,29,61,145,94,13,101,75,36,176,26,164,128,52,2,167,107,123,50,146,65,198,186,32,49,133,189,132,170,77,25,18,4,84,88,70,108,21,106,154,59,197,24,82,195,10,110,11,152,72,127,30,114,182,37,85,55,158,175,6,1,117,120,157,173,17,79,199,102,169,172,39,78,83,125,33,35,165,40,87,181,68,93,103,71,147,153,15,144,156,155,31,143,53,183,97,41,0,89,27,62,5,134,112,104,99,160,74,20,138,168,188,126,16,162,19,137,60,179,47,43,187,76,151,141,80,58,64,96,177,42,166,174,86,119,81,67,129,192,150,56,100,54,113,116,124,63,95,121];False
7631;7685;15316;[50,174,23,136,7,135,171,57,22,130,163,122,12,185,149,98,193,191,38,196,161,66,45,105,194,115,46,44,139,190,109,111,184,51,34,91,69,28,8,118,180,159,140,48,92,90,131,148,9,14,3,142,29,61,145,94,13,101,75,36,176,26,164,128,52,2,167,107,123,73,146,65,198,186,82,49,133,189,132,170,77,25,18,4,84,88,70,108,21,106,154,59,197,24,32,195,10,110,11,152,72,127,30,114,182,37,85,137,158,175,6,1,117,120,157,173,17,79,199,102,169,172,39,78,83,125,33,192,165,40,87,181,68,93,103,71,147,153,15,144,156,155,31,143,53,183,97,41,0,89,27,62,5,134,112,104,99,160,74,20,138,168,188,126,16,162,19,55,60,179,47,43,187,76,151,141,80,58,64,96,177,42,166,178,86,119,81,67,129,35,150,56,100,54,113,116,124,63,95,121];False
7638;7661;15299;[182,174,23,32,73,87,6,88,171,163,75,86,12,185,0,15,65,160,38,196,132,14,20,191,194,3,157,183,37,138,184,115,25,99,108,35,193,28,8,154,13,198,188,55,44,46,131,47,68,123,106,78,52,91,69,61,176,59,11,57,189,26,175,62,120,2,89,107,48,63,29,164,4,126,41,114,112,165,153,7,77,177,169,72,84,85,66,45,124,51,90,134,197,168,74,142,101,81,36,145,100,111,122,98,139,105,180,67,158,30,40,96,76,93,150,173,94,10,42,27,24,187,39,95,1,125,33,127,128,129,18,181,148,9,103,92,136,137,43,53,146,190,31,82,144,121,162,147,149,152,49,151,97,130,113,155,17,21,34,159,109,135,140,50,16,118,166,80,133,178,170,199,172,79,117,102,110,60,64,179,58,161,192,22,195,83,186,54,119,167,71,56,5,141,19,116,70,104,143,156];False
7497;7724;15221;[15,174,199,32,182,87,6,88,171,163,75,86,12,185,0,73,65,160,38,196,132,150,20,191,194,3,157,183,37,138,184,115,25,99,108,35,193,28,8,154,13,198,188,55,44,118,131,47,68,123,106,78,52,91,69,61,176,59,11,57,189,26,175,62,120,2,89,107,48,63,29,164,4,126,41,114,112,165,153,7,77,177,169,167,84,85,66,45,124,51,90,134,197,168,74,142,101,81,36,145,100,111,122,98,139,105,180,67,158,30,40,96,76,93,14,173,46,10,42,27,24,187,39,95,1,125,33,127,128,129,18,181,148,133,103,92,136,137,43,53,146,190,31,82,144,121,162,147,149,152,49,151,97,130,113,155,17,21,34,159,109,135,140,50,16,94,166,80,9,178,170,23,172,79,117,102,110,60,64,179,58,161,192,22,195,83,186,54,119,72,71,56,5,141,19,116,70,104,143,156];False
7575;7670;15245;[15,174,23,32,182,87,6,88,171,163,75,86,12,185,0,73,65,160,38,196,132,14,20,191,194,3,157,183,37,138,184,115,25,99,108,35,193,28,8,154,13,198,188,55,44,94,131,47,68,123,106,78,52,91,69,61,176,59,11,57,189,26,175,62,120,2,142,107,48,63,29,164,4,126,41,114,112,165,153,7,77,177,169,72,84,85,66,45,124,51,90,134,197,168,74,89,101,81,36,145,100,111,122,98,139,105,180,67,158,30,40,96,76,93,150,173,46,10,42,27,24,187,39,95,1,125,33,127,128,129,18,181,148,9,103,92,136,137,43,53,146,190,31,82,144,121,162,147,149,152,49,151,97,130,113,155,17,21,34,159,109,135,140,50,16,118,166,80,133,178,170,199,172,79,117,102,110,60,64,179,58,161,192,22,195,83,186,54,119,167,71,56,5,141,19,116,70,104,143,156];False
7662;7654;15316;[3,174,23,32,182,87,6,88,171,163,75,86,12,185,0,15,65,160,38,196,132,14,20,191,194,73,157,183,37,138,184,115,25,99,108,35,193,28,8,154,13,198,188,55,44,94,131,47,68,123,106,78,52,91,69,61,176,59,11,57,189,26,175,62,120,2,142,107,48,63,29,164,4,126,41,114,112,165,153,7,77,177,169,72,84,85,66,45,124,51,90,134,197,168,74,89,101,81,36,145,100,111,122,98,139,105,180,67,158,30,40,96,76,93,150,173,46,10,42,27,24,187,39,95,1,125,33,127,128,129,18,181,148,9,103,92,136,137,43,53,146,190,31,82,144,121,162,147,149,152,49,151,97,130,113,155,17,21,34,159,109,135,140,50,16,118,166,80,133,178,170,199,172,79,117,102,110,60,64,179,58,161,192,22,195,83,186,54,119,167,71,56,5,141,19,116,70,104,143,156];False
7617;7648;15265;[15,174,23,32,182,87,6,88,171,163,75,86,12,185,0,73,65,160,38,196,132,14,20,191,194,3,157,183,37,138,184,101,25,99,108,35,193,28,8,154,13,198,188,55,44,94,131,47,68,123,106,78,52,91,69,61,176,59,11,57,189,26,175,62,120,2,89,107,48,63,29,164,4,126,41,114,112,165,153,7,77,177,169,72,84,85,66,45,124,51,90,134,197,168,74,142,115,81,36,145,100,111,122,98,139,105,180,67,158,30,40,96,76,93,150,173,46,10,42,27,24,187,39,95,1,125,33,127,128,129,18,181,148,9,103,92,136,137,43,53,146,190,31,82,144,121,162,147,149,152,49,151,97,130,113,155,17,21,34,159,109,135,140,50,16,118,166,80,133,178,170,199,172,79,117,102,110,60,64,179,58,161,192,22,195,83,186,54,119,167,71,56,5,141,19,116,70,104,143,156];False
7629;7642;15271;[15,174,23,32,182,87,6,88,171,163,75,86,12,185,0,73,65,160,38,196,132,14,20,191,194,3,157,183,37,138,184,115,25,99,108,35,193,28,8,154,13,198,188,55,44,94,131,47,68,123,106,78,52,91,69,61,176,59,11,57,189,170,175,62,120,2,89,107,48,63,29,164,4,126,41,114,112,165,153,7,77,177,169,72,84,85,66,45,124,51,90,134,197,168,74,142,101,81,36,145,100,111,122,98,139,105,180,67,158,30,40,96,76,93,150,173,46,10,42,27,24,187,39,95,1,125,33,127,128,129,18,181,148,9,103,92,136,137,43,53,146,190,31,82,144,121,162,147,149,152,49,151,97,130,113,155,17,21,34,159,109,135,140,50,16,118,166,80,133,178,26,199,172,79,117,102,110,60,64,179,58,161,192,22,195,83,186,54,119,167,71,56,5,141,19,116,70,104,143,156];False
7646;7640;15286;[15,174,23,32,182,87,6,88,171,163,75,86,12,185,0,73,65,160,38,196,132,14,20,191,194,3,157,183,37,138,184,115,25,99,108,35,193,28,8,154,13,198,188,55,44,94,131,47,68,123,106,78,52,91,69,61,176,59,11,57,189,26,175,62,120,2,89,107,48,63,29,164,4,126,41,114,112,165,153,7,77,177,169,72,84,85,66,45,124,51,90,134,197,168,74,142,101,81,36,145,100,111,122,98,139,105,180,67,158,30,40,96,76,93,150,173,46,10,42,27,24,187,39,95,1,125,33,127,128,129,18,181,148,9,103,92,136,137,43,53,146,190,31,82,144,121,162,147,149,152,49,151,97,130,113,155,17,21,34,159,109,135,140,50,16,118,166,80,133,178,170,199,172,79,117,102,110,60,64,179,58,161,192,22,195,83,186,54,119,167,71,56,5,141,19,116,70,104,143,156];False
7739;7575;15314;[124,174,23,136,7,135,171,57,22,130,163,122,12,185,149,98,193,191,38,196,161,66,45,105,194,115,46,44,37,190,109,111,184,51,34,91,69,28,8,118,180,159,140,48,92,90,131,148,9,14,3,142,85,61,145,94,13,101,75,36,176,26,164,128,52,2,167,107,123,50,146,65,198,186,82,49,133,189,132,170,77,25,18,4,84,88,70,108,21,106,154,59,197,24,32,195,10,110,11,152,72,127,30,114,182,139,29,137,158,175,6,1,117,120,157,173,17,79,199,102,169,172,39,78,83,125,33,192,165,40,87,181,68,93,103,162,147,153,15,144,156,155,31,143,53,183,97,41,0,89,27,62,5,134,112,104,99,160,74,20,138,168,188,126,16,71,19,55,60,179,47,43,187,76,151,141,80,58,64,96,177,42,166,178,86,119,81,67,129,35,150,56,100,54,113,116,73,63,95,121];True
7725;7576;15301;[73,37,23,136,7,135,171,57,22,130,163,122,12,185,149,98,193,191,38,196,161,66,45,105,194,115,46,44,174,190,109,111,184,51,34,91,69,28,8,118,180,159,140,48,92,90,131,148,9,14,3,142,85,61,145,94,13,101,75,36,176,26,164,128,52,2,167,107,123,50,146,65,198,186,82,49,133,189,132,170,77,25,18,4,84,88,70,108,21,106,154,59,197,24,32,195,10,110,11,152,72,127,30,114,182,139,29,137,158,175,6,1,117,120,157,173,17,79,199,102,169,172,39,78,83,125,33,192,165,40,87,181,68,93,103,162,147,153,15,144,156,155,31,143,53,183,97,41,0,89,27,62,5,134,112,104,99,160,74,20,138,168,188,126,16,71,19,55,60,179,47,43,187,76,151,141,80,58,64,96,177,42,166,178,86,119,81,67,129,35,150,56,100,54,113,116,124,63,95,121];True
7907;7523;15430;[50,174,23,136,7,135,171,57,22,130,163,122,12,185,149,98,193,191,38,196,161,66,45,105,194,115,46,44,37,190,109,111,184,51,34,91,69,28,8,118,180,159,140,48,92,90,131,148,9,14,178,142,85,61,145,94,13,101,75,36,176,26,164,128,52,2,167,107,123,73,146,65,198,186,82,49,133,189,132,170,77,25,18,4,84,88,70,108,21,106,154,59,197,24,32,195,10,110,11,152,72,127,30,114,182,139,29,137,158,175,6,1,117,120,157,173,17,79,199,102,169,172,39,78,83,125,33,192,165,40,87,181,68,93,103,162,147,153,15,144,156,155,31,143,53,183,97,41,0,89,27,62,5,134,112,104,99,160,74,20,138,168,188,126,16,71,19,55,60,179,47,43,187,76,151,141,80,58,64,96,177,42,166,3,86,119,81,67,129,35,150,56,100,54,113,116,124,63,95,121];False
7923;7522;15445;[37,174,23,136,7,135,171,57,22,130,163,122,12,185,149,98,193,191,38,196,161,66,45,105,194,115,46,44,73,190,109,111,184,51,34,91,69,28,8,118,180,159,140,48,92,90,131,148,9,14,178,142,85,61,145,94,13,101,75,36,176,26,164,128,52,2,167,107,123,50,146,65,198,186,82,49,133,189,132,170,77,25,18,4,84,88,70,108,21,106,154,59,197,24,32,195,10,110,11,152,72,127,30,114,182,139,29,137,158,175,6,1,117,120,157,173,17,79,199,27,169,172,39,78,83,125,33,192,165,40,87,181,68,93,103,162,147,153,15,144,156,155,31,143,53,183,97,41,0,89,102,62,5,134,112,104,99,160,74,20,138,168,188,126,16,71,19,55,60,179,47,43,187,76,151,141,80,58,64,96,177,42,166,3,86,119,81,67,129,35,150,56,100,54,113,116,124,63,95,121];False
8092;7476;15568;[37,174,23,136,7,135,171,57,22,130,163,122,12,185,149,98,193,191,38,196,161,66,45,105,194,115,46,44,73,190,109,111,184,51,34,91,69,28,8,118,180,159,140,48,92,90,131,148,9,14,178,142,85,61,145,94,13,101,75,36,176,26,164,128,52,2,167,107,123,50,146,65,198,186,82,49,133,189,132,170,77,25,18,4,84,88,70,108,21,106,154,59,197,24,32,195,10,110,11,152,72,127,30,114,182,139,29,137,158,175,6,1,117,120,157,173,17,79,199,27,169,172,39,78,55,125,33,192,165,40,87,181,68,93,103,162,147,153,15,144,156,155,31,143,53,183,97,41,0,89,102,62,5,134,112,104,99,160,74,20,138,168,188,126,16,71,19,83,60,179,47,43,187,76,151,141,80,58,64,96,177,42,166,3,86,119,81,67,129,35,150,56,100,54,113,116,124,63,95,121];False
8051;7474;15525;[44,174,23,136,7,135,171,57,22,130,163,122,12,185,149,98,193,191,38,196,161,66,45,105,194,115,46,73,37,190,109,111,184,51,34,91,69,28,8,118,180,159,140,48,92,90,131,148,93,14,178,142,85,61,145,94,13,101,75,36,176,26,164,128,52,2,167,107,123,50,146,65,198,186,82,49,133,189,132,170,77,25,18,4,84,88,70,108,21,106,154,59,197,24,32,195,10,110,11,152,72,127,30,114,182,139,29,137,158,175,6,1,117,120,157,173,17,79,199,27,169,172,39,78,55,125,33,192,165,40,87,181,68,9,103,162,147,153,15,144,156,155,31,143,53,183,97,41,0,89,102,62,5,134,112,104,99,160,74,20,138,168,188,126,16,71,19,83,60,179,47,43,187,76,151,141,80,58,64,96,177,42,166,3,86,119,81,67,129,35,150,56,100,54,113,116,124,63,95,121];False
8146;7419;15565;[115,174,23,136,7,135,171,57,22,130,163,122,12,185,149,98,193,191,38,196,161,66,45,105,194,73,46,44,37,190,109,10,184,51,34,91,69,28,8,118,180,159,140,48,92,90,131,148,93,14,178,142,85,61,145,94,13,101,75,36,176,26,164,128,52,2,167,107,123,50,146,65,198,186,82,49,133,189,132,170,77,25,18,4,84,88,70,108,21,106,154,59,197,24,32,195,111,110,11,152,72,127,30,114,182,139,29,137,158,175,6,1,117,120,157,173,17,79,199,27,169,172,39,78,55,125,33,192,165,40,87,181,68,9,103,162,147,153,15,144,156,155,31,143,53,183,97,41,0,89,102,62,5,134,112,104,99,160,74,20,138,168,188,126,16,71,19,83,60,179,47,43,187,76,151,141,80,58,64,96,177,42,166,3,86,119,81,67,129,35,150,56,100,54,113,116,124,63,95,121];False
8216;7362;15578;[115,174,23,136,7,135,171,57,22,130,163,122,12,185,149,98,193,191,38,196,161,66,45,105,194,73,46,44,37,190,109,10,184,51,34,91,69,28,8,118,180,159,140,48,92,90,131,148,93,14,178,142,85,61,145,94,13,101,75,36,176,26,164,128,52,2,167,107,123,50,146,65,198,186,82,49,133,189,132,170,77,25,18,4,84,88,70,108,21,106,154,59,197,24,32,195,111,110,11,152,72,127,30,114,182,139,29,137,158,175,6,1,117,120,157,173,17,79,199,27,169,172,39,78,55,125,33,192,165,40,87,181,68,9,103,162,147,153,15,144,156,155,31,143,53,183,97,41,0,89,102,62,5,134,112,104,99,63,74,20,138,168,188,126,16,71,19,83,60,179,47,43,187,76,151,141,80,58,64,96,177,42,166,3,86,119,81,67,129,35,150,56,100,54,113,116,124,160,95,121];False
8293;7337;15630;[23,174,73,136,7,135,171,57,22,130,163,122,12,185,149,98,193,191,38,196,161,66,45,105,194,115,46,44,37,190,109,10,184,51,34,91,69,28,8,118,180,159,140,48,92,90,131,148,93,14,178,142,85,61,145,94,13,101,75,36,176,26,164,128,52,2,167,107,123,50,146,65,198,186,82,49,133,189,132,170,77,25,18,4,84,88,70,108,21,106,154,59,197,24,32,86,111,110,11,152,72,127,30,114,182,139,29,137,158,175,6,1,117,120,157,173,17,79,199,27,169,172,39,78,55,125,33,192,165,40,87,181,68,9,103,162,147,153,15,144,156,155,31,143,53,183,97,41,0,89,102,62,5,134,112,104,99,63,74,20,138,168,188,126,16,71,19,83,60,179,47,43,187,76,151,141,80,58,64,96,177,42,166,3,195,119,81,67,129,35,150,56,100,54,113,116,124,160,95,121];False
8335;7265;15600;[115,174,23,136,7,135,171,57,22,130,163,122,12,185,149,98,193,191,38,196,161,66,45,105,194,73,46,44,37,190,109,10,184,51,34,91,69,28,8,118,180,159,140,48,92,90,131,148,93,14,178,142,85,61,145,94,13,101,75,36,176,26,97,128,52,2,167,107,123,50,146,65,198,186,82,49,133,189,132,170,77,25,18,4,84,88,70,108,21,106,154,59,197,24,32,86,111,110,11,152,72,127,30,114,182,139,29,137,158,175,6,1,117,120,157,173,17,79,199,27,169,172,39,78,55,125,33,192,165,40,87,181,68,9,103,162,147,153,15,144,156,155,31,143,53,183,164,41,0,89,102,62,5,134,112,104,99,63,74,20,138,168,188,126,16,71,19,83,60,179,47,43,187,76,151,141,80,58,64,96,177,42,166,3,195,119,81,67,129,35,150,56,100,54,113,116,124,160,95,121];True
8839;6780;15619;[23,174,73,154,163,18,171,57,35,130,75,114,12,185,76,98,193,191,38,196,161,66,20,135,194,115,46,44,37,190,109,19,144,104,34,91,69,28,8,184,180,108,188,48,92,136,131,54,93,14,178,142,6,61,145,94,13,151,110,36,176,3,97,128,129,2,167,107,63,99,155,29,4,126,143,49,148,189,132,170,77,25,105,198,84,85,70,53,51,106,90,59,197,24,72,78,101,141,11,152,86,133,30,52,182,139,65,137,158,175,88,1,117,120,157,173,186,79,42,27,169,172,39,32,138,125,33,192,165,40,87,181,68,9,103,162,147,67,95,118,156,50,31,82,45,183,124,41,149,89,100,62,5,134,112,123,146,21,74,159,55,168,140,17,16,71,10,80,111,179,47,199,187,127,60,7,83,58,64,96,177,43,166,22,195,119,81,153,122,26,150,56,102,0,113,116,164,160,15,121];False
8285;7326;15611;[115,174,23,136,7,135,171,57,22,130,163,122,12,185,149,98,193,191,38,196,161,66,45,105,194,73,46,44,37,190,109,10,184,51,34,91,69,28,8,118,180,159,140,48,92,90,131,148,93,14,178,142,85,61,145,94,13,101,75,36,176,26,97,128,52,29,167,107,123,50,146,65,198,186,82,49,133,189,132,170,77,25,18,4,84,88,70,108,21,106,154,59,197,24,32,86,111,110,11,152,72,127,30,114,182,139,2,137,158,175,6,1,117,120,157,173,17,79,199,27,169,172,39,78,55,125,33,192,165,40,87,181,68,9,103,162,147,153,15,144,156,155,31,143,53,183,164,41,0,89,102,62,5,134,112,104,99,63,74,20,138,168,188,126,16,71,19,83,60,179,47,43,187,76,151,141,80,58,64,96,177,42,166,3,195,119,81,67,129,35,150,56,100,54,113,116,124,160,95,121];False
8505;7183;15688;[37,174,23,136,7,135,171,57,3,130,163,122,12,185,149,98,193,191,38,196,161,66,45,105,194,115,46,44,73,190,109,10,184,51,34,91,69,28,8,118,180,159,140,48,92,90,131,148,93,14,178,142,85,61,145,94,13,101,75,36,176,26,97,128,52,2,167,107,123,50,146,65,198,186,82,49,133,189,132,170,77,25,18,4,84,88,70,108,21,106,154,59,197,24,86,32,111,110,11,152,72,127,30,114,182,139,29,137,158,175,6,1,117,120,157,173,17,79,199,27,169,172,39,78,55,125,33,192,165,40,87,181,68,9,103,162,147,153,15,144,156,155,31,143,53,183,164,41,0,89,102,62,5,134,112,104,99,63,74,20,138,168,188,126,16,71,19,83,60,179,47,43,187,76,151,141,80,58,64,96,177,42,166,22,195,119,81,67,129,35,150,56,100,54,113,116,124,160,95,121];False
8482;7182;15664;[44,174,23,136,7,135,171,57,3,130,163,122,12,185,149,98,193,191,38,196,161,66,45,105,194,115,46,73,37,190,109,10,184,51,34,91,69,28,8,118,180,159,140,48,92,90,131,148,93,14,178,142,85,61,145,94,13,101,75,36,176,26,97,128,52,2,167,107,123,50,146,65,198,186,82,49,133,189,132,170,77,25,18,4,84,88,70,108,21,106,154,59,197,24,86,32,111,110,11,152,72,127,30,114,182,139,29,137,158,175,6,1,117,120,157,173,17,79,199,27,169,172,39,78,55,125,33,192,165,40,87,181,68,9,103,162,147,153,95,144,156,155,31,143,53,183,164,41,0,89,102,62,5,134,112,104,99,63,74,20,138,168,188,126,16,71,19,83,60,179,47,43,187,76,151,141,80,58,64,96,177,42,166,22,195,119,81,67,129,35,150,56,100,54,113,116,124,160,15,121];True
8875;6776;15651;[125,174,23,142,163,18,171,57,35,130,75,114,12,185,76,98,193,191,38,196,161,66,20,135,194,115,46,44,37,190,109,19,118,104,34,91,69,28,8,184,180,108,188,48,92,136,131,54,93,14,178,154,6,61,145,94,13,151,110,36,32,3,97,128,129,2,167,107,63,99,155,29,4,126,143,49,148,189,132,170,77,25,105,198,84,85,70,53,51,106,90,59,197,24,72,78,101,141,11,152,86,133,30,52,182,139,65,137,158,175,88,1,117,120,157,173,186,79,42,27,169,172,39,176,138,73,33,192,165,40,87,181,68,9,103,162,147,67,95,144,156,50,31,82,45,183,124,41,149,89,100,62,5,134,112,123,146,21,74,159,55,168,140,17,16,71,10,80,111,179,47,199,187,127,60,7,83,58,64,96,177,43,166,22,195,119,81,153,122,26,150,56,102,0,113,116,164,160,15,121];False
8769;6995;15764;[23,174,73,26,32,18,52,40,35,130,75,114,12,185,128,176,193,160,38,196,161,126,20,135,194,115,157,44,37,136,184,19,46,63,34,91,69,28,8,109,180,108,188,104,190,94,131,54,93,124,29,142,88,61,89,143,13,151,119,36,163,3,97,133,129,2,167,107,48,99,106,65,4,70,41,86,148,189,132,170,77,25,105,198,84,85,66,144,146,51,90,59,197,24,72,78,101,141,11,145,100,76,30,98,182,139,178,67,158,175,6,1,117,57,150,173,186,79,42,27,169,172,39,95,138,125,33,192,165,120,87,181,68,9,103,92,147,137,171,53,155,156,31,82,45,183,162,154,149,152,49,0,83,134,112,123,50,21,74,159,55,168,140,17,16,71,10,80,111,179,47,199,187,127,58,7,102,60,64,96,177,153,166,22,195,110,81,43,122,14,118,56,5,62,113,116,164,191,15,121];False
8891;6771;15662;[125,174,23,154,163,18,171,57,35,130,75,114,12,185,76,98,193,191,38,196,161,66,20,135,194,115,46,44,37,190,109,19,184,104,34,91,69,28,8,118,180,108,188,48,92,136,131,54,93,14,178,142,6,61,145,94,13,151,110,36,176,3,97,128,129,2,167,107,63,99,155,29,4,126,143,49,148,189,132,170,77,25,105,198,84,85,70,53,51,106,90,22,197,24,72,78,101,141,11,152,86,133,30,52,182,139,65,137,158,175,88,1,117,120,157,173,186,79,42,27,169,172,39,32,138,73,33,192,165,40,87,181,68,9,103,162,147,67,95,144,156,50,31,82,45,183,124,41,149,89,100,62,5,134,112,123,146,21,74,159,55,168,140,17,16,71,10,80,111,179,47,199,187,127,60,7,83,58,64,96,177,43,166,59,195,119,81,153,122,26,150,56,102,0,113,116,164,160,15,121];False
8940;6706;15646;[73,82,23,154,163,18,171,57,35,130,75,114,12,185,76,98,193,191,38,196,161,66,20,135,194,115,46,44,37,190,109,19,184,104,34,91,69,28,8,118,180,108,188,48,92,136,131,54,93,14,178,142,6,61,145,94,13,151,110,36,176,3,97,128,52,2,167,107,63,99,155,29,4,126,143,49,148,189,132,170,77,25,105,198,84,85,70,53,51,106,90,59,197,24,72,78,101,141,11,152,86,133,30,129,182,139,65,137,158,175,88,1,117,120,157,173,186,79,179,27,169,172,39,32,138,125,33,192,165,40,87,181,68,9,103,162,147,67,95,144,156,50,31,174,45,183,124,41,149,89,100,62,5,134,112,123,146,21,74,159,55,168,140,17,16,71,10,80,111,42,47,199,187,127,60,7,83,58,64,96,177,43,166,22,195,119,81,153,122,26,150,56,102,0,113,116,164,160,15,121];False
8977;6705;15682;[73,82,23,154,163,18,171,57,35,130,75,114,12,185,76,98,193,191,38,196,161,66,20,135,194,115,46,44,37,190,109,19,184,104,34,91,69,28,8,118,180,108,188,48,92,136,131,54,93,14,178,142,6,61,145,94,13,151,110,36,176,3,97,128,129,2,167,107,63,99,155,29,4,126,143,49,148,189,132,170,77,25,105,198,84,85,70,53,51,106,90,59,197,24,72,78,101,141,11,152,86,133,30,52,182,139,65,137,158,175,88,1,117,120,157,173,186,79,42,27,169,172,39,32,138,125,33,192,165,40,87,181,68,9,103,162,147,67,95,144,156,50,31,174,45,183,124,41,149,89,100,62,5,134,112,123,146,21,74,159,55,168,140,17,16,71,10,80,111,179,47,199,187,127,60,7,83,58,64,96,177,43,166,22,195,119,81,153,122,26,150,56,102,0,113,116,164,160,15,121];False
8940;6701;15641;[73,174,19,154,163,18,171,57,35,130,75,114,12,185,76,98,193,191,38,196,161,66,20,135,194,115,46,44,37,190,109,23,45,104,34,91,69,28,8,118,180,108,188,48,92,136,131,54,93,14,178,142,6,61,145,94,13,151,110,36,176,3,97,128,52,2,167,107,63,99,155,29,4,126,143,49,148,189,132,170,77,25,105,198,84,85,70,53,51,106,90,59,197,24,72,78,101,141,11,152,86,133,30,129,182,139,65,137,158,175,88,1,117,120,157,173,186,79,42,27,169,172,39,32,138,125,33,192,165,40,87,181,68,9,103,162,147,67,95,144,156,50,31,82,184,183,124,41,149,89,100,62,5,134,112,123,146,21,74,159,55,168,140,17,16,71,10,80,111,179,47,199,187,127,60,7,83,58,64,96,177,43,166,22,195,119,81,153,122,26,150,56,102,0,113,116,164,160,15,121];False
9027;6698;15725;[73,174,160,154,163,18,171,57,35,130,75,114,12,185,76,98,193,191,38,196,161,66,20,135,194,115,46,44,37,190,109,19,45,104,34,91,69,28,8,118,180,108,188,48,92,136,131,54,93,14,178,142,6,61,145,94,13,151,110,36,176,3,97,128,52,2,167,107,63,99,155,29,4,126,143,49,148,189,132,170,77,25,105,198,84,85,70,53,51,106,90,59,197,24,72,78,101,141,11,152,86,133,30,129,182,139,65,137,158,175,88,1,117,120,157,173,186,79,42,27,169,172,39,32,138,125,33,192,165,40,87,181,68,9,103,162,147,67,95,144,156,50,31,82,184,183,124,41,149,89,100,62,5,134,112,123,146,21,74,159,55,168,140,17,16,71,10,80,111,179,47,199,187,127,60,7,83,58,64,96,177,43,166,22,195,119,81,153,122,26,150,56,102,0,113,116,164,23,15,121];False
9136;6681;15817;[23,174,73,136,163,18,171,57,3,130,75,122,12,185,148,98,193,191,38,196,161,66,45,126,194,115,46,44,37,190,109,10,184,51,34,91,69,28,8,118,180,20,188,48,92,90,131,54,93,14,178,142,6,61,145,94,13,101,141,36,176,35,97,128,52,2,167,107,123,50,155,29,198,17,82,49,133,189,132,170,95,25,105,4,84,88,70,108,21,106,154,59,197,24,72,78,111,110,11,152,86,127,30,114,182,139,65,137,158,175,85,1,117,120,157,173,186,79,42,27,169,172,39,32,138,125,33,192,165,40,87,181,68,9,103,162,147,67,77,144,156,99,31,143,53,183,164,41,149,89,100,62,5,134,112,104,146,140,74,159,55,168,63,135,16,71,19,83,60,179,47,43,187,76,151,7,80,58,64,96,177,199,166,22,195,119,81,153,129,26,150,56,102,0,113,116,124,160,15,121];False
9075;6683;15758;[73,82,23,154,163,18,171,57,35,130,75,114,12,185,76,98,193,191,38,196,161,66,20,135,194,115,46,44,37,190,109,10,184,104,34,91,69,28,8,118,180,108,188,48,92,90,131,54,93,14,178,142,88,61,145,94,13,151,110,36,176,3,97,128,52,2,167,107,63,99,155,29,4,126,143,49,148,189,132,170,77,25,105,198,84,85,70,53,51,106,136,59,197,24,72,78,101,141,11,152,86,127,30,129,182,139,65,137,158,175,6,1,117,120,157,173,186,79,42,27,169,172,39,32,138,125,33,192,165,40,87,181,68,9,103,162,147,67,95,144,123,50,31,174,45,183,124,41,149,89,100,62,5,134,112,156,146,21,74,159,55,168,140,17,16,71,19,83,111,179,47,199,187,133,60,7,80,58,64,96,177,43,166,22,195,119,81,153,122,26,150,56,102,0,113,116,164,160,15,121];False
9065;6688;15753;[73,174,66,154,163,18,171,57,35,130,75,114,12,185,76,98,193,191,38,196,161,23,20,135,194,115,46,44,37,190,109,10,184,104,34,91,69,28,8,118,180,108,188,48,92,90,131,54,93,14,178,142,88,61,145,94,13,151,110,36,176,3,97,128,52,2,167,107,63,99,155,29,4,126,143,49,148,189,132,170,77,25,105,198,84,85,70,53,51,106,136,59,197,24,72,78,101,141,11,152,86,127,30,129,182,139,65,137,158,175,6,1,117,120,157,173,186,79,42,27,169,172,39,32,138,125,33,192,165,40,87,181,68,9,103,162,147,67,95,144,123,50,31,82,45,183,124,41,149,89,100,62,5,134,112,156,146,21,74,159,55,168,140,17,16,71,19,83,111,179,47,199,187,133,60,7,80,58,64,96,177,43,166,22,195,119,81,153,122,26,150,56,102,0,113,116,164,160,15,121];False
9048;6694;15742;[73,174,135,154,163,18,171,57,35,130,75,114,12,185,76,98,193,191,38,196,161,66,20,23,194,115,46,44,37,190,109,10,184,104,34,91,69,28,8,118,180,108,188,48,92,90,131,54,93,14,178,142,88,61,145,94,13,151,110,36,176,3,97,128,52,2,167,107,63,99,155,29,4,126,143,49,148,189,132,170,77,25,105,198,84,85,70,53,51,106,136,59,197,24,72,78,101,141,11,152,86,127,30,129,182,139,65,137,158,175,6,1,117,120,157,173,186,79,42,27,169,172,39,32,138,125,33,192,165,40,87,181,68,9,103,162,147,67,95,144,123,50,31,82,45,183,124,41,149,89,100,62,5,134,112,156,146,21,74,159,55,168,140,17,16,71,19,83,111,179,47,199,187,133,60,7,80,58,64,96,177,43,166,22,195,119,81,153,122,26,150,56,102,0,113,116,164,160,15,121];False
9131;6670;15801;[136,174,23,73,163,18,171,57,3,130,170,122,12,185,148,98,193,191,38,196,161,66,45,126,194,115,46,44,37,190,109,10,184,51,34,91,69,28,8,118,180,20,188,48,92,90,131,54,93,14,178,142,6,61,145,94,13,101,141,36,176,35,97,128,52,2,167,107,123,50,155,29,198,17,82,49,133,189,132,75,77,25,105,4,84,88,70,108,21,106,154,59,197,24,72,78,111,110,11,152,86,127,30,114,182,139,65,137,158,175,85,1,117,120,157,173,186,79,42,27,169,172,39,32,138,125,33,192,165,40,87,181,68,9,103,162,147,67,95,144,156,99,31,143,53,183,164,41,149,89,100,62,5,134,112,104,146,140,74,159,55,168,63,135,16,71,19,83,60,179,47,43,187,76,151,7,80,58,64,96,177,199,166,22,195,119,81,153,129,26,150,56,102,0,113,116,124,160,15,121];False
9171;6662;15833;[44,174,23,136,163,18,171,57,3,130,170,122,12,185,148,98,193,191,38,196,161,66,45,126,194,115,46,73,37,190,109,10,184,51,34,91,69,28,8,118,180,20,188,48,92,90,131,54,93,14,178,142,6,61,145,94,13,101,141,36,176,35,97,128,52,2,167,107,123,50,155,29,198,17,82,49,133,189,132,75,77,25,105,4,84,88,70,108,21,106,154,59,197,24,72,78,111,110,11,152,86,127,30,114,182,139,65,137,158,175,85,1,117,120,157,173,186,79,42,27,169,172,39,32,138,125,33,192,165,40,87,181,68,9,103,162,147,67,95,144,156,99,31,143,53,183,164,41,149,89,100,62,5,134,112,104,146,140,74,159,55,168,63,135,16,71,19,83,60,179,47,43,187,76,151,7,80,58,64,96,177,199,166,22,195,119,81,153,129,26,150,56,102,0,113,116,124,160,15,121];False
9168;6668;15836;[136,174,23,73,163,18,171,57,3,130,75,122,12,185,148,98,193,191,38,196,161,66,45,126,194,115,46,44,37,190,109,10,184,51,34,91,69,28,8,118,180,108,188,48,92,90,131,54,93,14,178,142,6,61,145,94,13,101,141,36,176,35,97,128,52,2,167,107,123,50,155,29,198,17,82,49,133,189,132,170,77,25,105,4,84,88,70,20,21,106,154,59,197,24,72,78,111,110,11,152,86,127,30,114,182,139,135,137,158,175,85,1,117,120,157,173,186,79,42,27,169,172,39,32,138,125,33,192,165,40,87,181,68,9,103,162,147,67,95,144,156,99,31,143,53,183,124,41,149,89,100,62,5,134,112,104,146,140,74,159,55,168,63,65,16,71,19,83,60,179,47,43,187,76,151,7,80,58,64,96,177,199,166,22,195,119,81,153,129,26,150,56,102,0,113,116,164,160,15,121];False
9133;6657;15790;[125,174,23,136,75,18,171,57,3,130,163,122,12,185,54,98,193,191,38,196,161,66,45,135,194,115,46,44,37,190,109,10,184,51,34,91,69,28,8,118,180,159,188,48,92,90,131,148,93,14,178,142,67,61,145,94,13,101,141,36,176,35,97,128,52,2,167,107,123,50,155,65,198,17,82,49,133,189,132,170,77,25,105,4,84,88,70,108,21,106,154,59,197,24,72,78,111,110,11,152,86,127,30,114,182,139,29,137,158,175,85,1,117,120,157,173,186,79,42,27,169,172,39,32,55,73,33,192,165,40,87,181,68,9,103,162,147,6,95,144,156,146,31,143,53,183,164,41,149,89,102,62,5,134,112,104,99,63,74,20,138,168,140,126,16,71,19,83,60,179,47,43,187,76,151,7,80,58,64,96,177,199,166,22,195,119,81,153,129,26,150,56,100,0,113,116,124,160,15,121];False
9171;6655;15826;[125,174,23,136,75,18,171,57,3,130,163,122,12,185,54,98,193,191,38,196,161,66,45,135,194,115,46,44,37,190,109,10,121,51,34,91,69,28,8,118,180,159,188,48,92,90,131,148,93,14,178,142,6,61,145,94,13,101,141,36,176,35,97,128,52,2,167,107,123,50,155,65,198,17,82,49,133,189,132,170,77,25,105,4,84,88,70,108,21,106,154,59,197,24,72,78,111,110,11,152,86,127,30,114,182,139,29,137,158,175,85,1,117,120,157,173,186,79,42,27,169,172,39,32,55,73,33,192,165,40,87,181,68,9,103,162,147,67,95,144,156,146,31,143,53,183,164,41,149,89,102,62,5,134,112,104,99,63,74,20,138,168,140,126,16,71,19,83,60,179,47,43,187,76,151,7,80,58,64,96,177,199,166,22,195,119,81,153,129,26,150,56,100,0,113,116,124,160,15,184];False
9248;6592;15840;[73,174,37,136,163,18,171,57,3,130,75,122,12,185,54,98,193,191,38,196,161,66,45,135,194,115,46,44,23,190,109,10,184,51,34,91,69,28,8,118,180,20,188,48,92,90,131,148,93,14,178,142,6,61,145,94,13,101,141,36,176,35,97,128,52,2,167,107,123,50,155,65,198,17,82,49,133,189,132,170,77,25,105,4,84,88,70,108,21,106,154,59,129,24,72,78,111,110,11,152,86,127,30,114,182,139,29,137,158,175,85,1,117,120,157,173,186,79,42,27,169,172,39,32,138,125,33,192,165,40,87,181,68,9,103,162,147,67,95,144,156,146,31,143,53,183,164,41,149,89,102,62,5,134,112,104,99,63,74,159,55,168,140,126,16,71,19,83,60,179,47,43,187,76,151,7,80,58,64,96,177,199,166,22,195,119,81,153,197,26,150,56,100,0,113,116,124,160,15,121];True
9226;6598;15824;[73,174,10,136,163,18,171,57,3,130,75,122,12,185,54,98,193,191,38,196,161,66,45,135,194,115,46,44,37,190,109,23,184,51,34,91,69,28,8,118,180,20,188,48,92,90,131,148,93,14,178,142,6,61,145,94,13,101,141,36,176,35,97,128,52,2,167,107,123,50,155,65,198,17,82,49,133,189,132,170,77,25,105,4,84,88,70,108,21,106,154,59,129,24,72,78,111,110,11,152,86,127,30,114,182,139,29,137,158,175,85,1,117,120,157,173,186,79,42,27,169,172,39,32,138,125,33,192,165,40,87,181,68,9,103,162,147,67,95,144,156,146,31,143,53,183,164,41,149,89,102,62,5,134,112,104,99,63,74,159,55,168,140,126,16,71,19,83,60,179,47,43,187,76,151,7,80,58,64,96,177,199,166,22,195,119,81,153,197,26,150,56,100,0,113,116,124,160,15,121];False
9481;6561;16042;[50,174,23,136,75,18,171,57,3,130,163,122,12,185,54,98,193,6,38,196,161,66,45,135,194,115,46,44,37,190,109,10,184,51,34,91,69,28,8,118,180,159,188,48,92,90,131,148,93,14,178,142,191,61,145,94,13,101,141,36,176,35,97,128,52,2,167,107,123,73,155,65,198,17,82,49,133,189,132,170,77,25,105,4,84,88,70,108,21,106,154,59,197,24,72,78,111,110,11,152,86,127,30,114,182,139,29,137,158,175,85,1,117,120,157,173,186,79,42,27,169,172,39,32,55,125,33,192,165,40,87,181,68,9,103,162,147,67,95,144,156,146,31,143,53,183,164,41,149,89,102,62,5,134,112,104,99,63,74,20,138,168,140,126,16,71,19,83,60,179,47,43,187,76,151,7,80,58,64,96,177,199,166,22,195,119,81,153,129,26,150,56,100,0,113,116,124,160,15,121];True
9202;6596;15798;[73,174,142,136,67,18,171,57,3,130,163,122,12,185,54,98,193,191,38,196,161,66,45,135,194,115,46,44,37,190,109,10,184,51,34,91,69,28,8,118,180,159,188,48,92,90,131,148,93,14,178,23,6,61,145,94,13,101,141,36,176,35,97,128,52,2,167,107,123,50,155,65,198,17,82,49,133,189,132,170,77,25,105,4,84,88,70,108,21,106,154,59,197,24,72,78,111,110,11,152,86,127,30,114,182,139,29,137,158,175,85,1,117,120,157,173,186,79,42,27,169,172,39,32,55,125,33,192,165,40,87,181,68,9,103,162,147,75,95,144,156,146,31,143,53,183,164,41,149,89,102,62,5,134,112,104,99,63,74,20,138,168,140,126,16,71,19,83,60,179,47,43,187,76,151,7,80,58,64,96,177,199,166,22,195,119,81,153,129,26,150,56,100,0,113,116,124,160,15,121];True
9584;6558;16142;[50,174,23,136,75,18,171,57,3,130,163,122,12,185,54,98,193,191,38,196,161,66,45,135,194,115,46,44,37,190,109,10,184,51,34,91,69,28,8,118,180,159,188,48,92,90,131,148,93,14,178,142,6,61,145,94,13,101,141,36,176,35,97,128,52,2,167,107,123,73,155,65,198,17,82,49,133,189,132,170,77,25,105,4,84,88,70,108,21,106,154,59,197,24,72,78,111,110,11,152,86,127,30,114,182,139,29,137,158,175,85,1,117,120,157,173,186,79,42,27,169,172,39,32,55,125,33,192,165,40,87,181,68,9,103,162,147,67,95,144,156,146,31,143,53,183,164,41,149,89,102,62,5,134,112,104,99,63,74,20,138,168,140,126,16,71,19,83,60,179,47,43,187,76,151,7,80,58,64,96,177,199,166,22,195,119,81,153,129,26,150,56,100,0,113,116,124,160,15,121];False
9707;6554;16261;[50,174,23,136,75,18,171,57,3,130,163,122,12,185,0,98,193,191,38,196,161,66,45,135,194,115,46,44,37,190,109,10,184,51,34,91,69,28,8,118,180,159,188,48,92,90,131,148,93,14,178,142,6,61,145,94,13,101,141,36,176,35,97,128,52,2,167,107,123,73,155,65,198,17,82,49,133,189,132,170,77,25,105,4,84,88,70,108,21,106,154,59,197,24,72,78,111,110,11,152,86,127,30,114,182,139,29,137,158,175,85,1,117,120,157,173,186,79,42,27,169,172,39,32,55,125,33,192,165,40,87,181,68,9,103,162,147,67,95,144,156,146,31,143,53,183,164,41,149,89,102,62,5,134,112,104,99,63,74,20,138,168,140,126,16,71,19,83,60,179,47,43,187,76,151,7,80,58,64,96,177,199,166,22,195,119,81,153,129,26,150,56,100,54,113,116,124,160,15,121];False
9841;6552;16393;[50,174,23,136,75,18,171,57,3,130,163,122,12,185,0,98,193,191,38,196,161,66,45,135,194,115,46,44,37,190,109,10,184,51,34,91,69,28,8,118,180,159,188,48,92,90,131,148,93,14,178,142,6,61,145,94,13,101,7,89,176,35,97,128,52,2,167,107,123,73,155,65,198,17,82,49,133,189,132,170,77,25,105,4,84,88,70,108,21,106,154,59,197,24,72,78,111,110,11,152,86,127,30,114,182,139,29,137,158,175,85,1,117,120,157,173,186,79,42,27,169,172,39,32,55,125,33,192,165,40,87,181,68,9,103,162,147,67,95,144,156,146,31,143,53,183,164,41,149,36,102,62,5,134,112,104,99,63,74,20,138,168,140,126,16,71,19,83,60,179,47,43,187,76,151,141,80,58,64,96,177,199,166,22,195,119,81,153,129,26,150,56,100,54,113,116,124,160,15,121];True
2017;8205;10222;[106,113,25,48,10,176,83,129,8,84,122,73,74,108,21,99,16,77,112,150,56,18,62,120,24,197,26,9,143,20,3,2,121,160,92,49,130,22,38,34,124,94,161,1,165,153,187,127,39,107,87,76,50,53,93,23,30,134,137,86,69,64,101,151,54,158,199,6,117,98,19,110,81,52,182,28,162,78,60,79,185,148,167,61,41,36,46,131,59,133,96,157,138,178,164,173,66,126,198,159,140,118,109,29,154,156,174,15,135,146,43,128,85,152,172,12,181,82,192,139,33,13,111,195,40,37,71,35,88,171,189,194,31,68,116,57,0,67,196,89,5,141,119,4,183,63,51,72,147,65,102,115,14,45,55,155,184,75,80,114,177,169,191,11,104,180,163,170,95,91,90,125,149,32,97,58,100,7,175,179,27,193,136,144,70,168,17,103,105,142,190,188,186,145,42,47,132,166,123,44];False
2036;8187;10223;[45,67,25,48,10,176,83,129,8,84,122,73,74,108,21,99,16,77,112,150,56,18,62,120,24,197,26,9,143,20,3,2,121,160,92,142,130,22,38,34,124,94,161,1,165,153,187,127,39,107,87,76,50,53,93,23,30,134,137,86,69,64,101,151,54,158,199,6,117,98,19,110,81,52,182,28,162,78,60,79,185,148,167,61,41,36,46,131,59,133,96,157,138,178,164,173,66,126,198,159,140,118,109,29,154,156,106,15,135,146,43,128,85,152,172,12,181,82,192,139,33,13,111,195,40,37,71,35,88,171,189,194,31,68,116,57,0,113,196,89,5,141,119,4,183,63,51,72,147,65,102,115,14,49,55,155,184,75,80,114,177,169,191,11,104,180,163,170,95,91,90,125,149,32,97,58,100,7,175,179,27,193,136,144,70,168,17,103,105,174,190,188,186,145,42,47,132,166,123,44];False
1987;8192;10179;[49,67,25,48,10,176,83,129,8,84,122,73,74,108,21,99,16,77,112,150,56,18,62,120,24,197,26,9,143,20,3,2,121,160,92,106,130,22,38,34,124,94,161,1,165,153,187,127,39,107,87,76,50,53,93,23,30,134,137,86,69,64,101,151,54,158,199,6,117,98,19,110,81,52,182,28,162,78,60,79,185,148,167,61,41,36,46,131,59,133,96,157,138,178,164,173,66,126,198,159,140,118,109,29,154,156,142,15,135,146,43,128,85,152,172,12,181,82,192,139,33,13,111,195,40,37,71,35,88,171,189,194,31,68,116,57,0,113,196,89,5,141,119,4,183,63,51,72,147,65,102,115,14,45,55,155,184,75,80,114,177,169,191,11,104,180,163,170,95,91,90,125,149,32,97,58,100,7,175,179,27,193,136,144,70,168,17,103,105,174,190,188,186,145,42,47,132,166,123,44];True
2389;8049;10438;[174,67,25,160,10,176,83,129,8,84,122,73,74,108,21,99,16,77,112,150,56,69,62,120,24,197,26,9,143,20,3,2,121,48,92,49,130,22,38,34,124,94,161,1,165,153,187,127,39,107,87,76,50,53,93,23,30,134,137,86,18,64,101,151,54,158,199,6,117,98,19,110,81,52,182,28,162,78,60,79,185,148,167,61,41,36,46,131,59,133,96,157,138,178,164,173,66,126,198,159,140,118,109,29,154,156,106,71,135,146,43,128,85,152,172,12,181,82,192,139,33,13,111,195,11,37,15,35,88,171,189,194,31,68,116,57,0,113,196,89,5,141,119,4,183,63,51,72,147,65,102,115,14,45,55,155,184,75,80,114,177,169,191,40,104,180,163,170,95,91,90,125,149,32,97,58,100,7,175,179,27,193,136,144,70,168,17,103,105,142,190,188,186,145,42,47,132,166,123,44];False
2211;8082;10293;[174,67,40,150,10,176,83,129,8,84,122,73,74,108,21,99,16,77,112,48,56,18,62,120,24,197,26,9,143,20,3,2,121,160,92,49,130,22,38,34,124,94,161,1,165,153,187,127,39,107,87,76,50,53,93,23,30,134,137,86,69,64,101,151,54,158,199,6,117,98,186,110,81,52,182,28,162,78,60,79,185,148,167,61,41,36,46,131,59,133,96,157,138,178,164,173,66,126,198,159,140,118,109,29,154,156,106,71,135,146,43,128,85,152,172,12,181,82,192,139,33,13,111,195,25,37,15,35,88,171,189,194,31,68,116,57,0,113,196,89,5,141,119,4,183,63,51,72,147,65,102,115,14,45,55,155,184,75,80,114,177,169,191,11,104,180,163,170,95,91,90,125,149,32,97,58,100,7,175,179,27,193,136,144,70,168,17,103,105,142,190,188,19,145,42,47,132,166,123,44];False
2240;8053;10293;[174,67,121,160,10,176,43,129,8,84,122,73,74,108,21,99,16,77,112,150,56,18,62,120,24,197,26,9,143,20,3,2,25,48,92,49,130,22,38,34,124,94,161,1,165,153,187,127,39,107,87,76,50,53,93,23,30,134,137,86,69,64,101,151,54,158,199,6,117,98,19,110,81,52,182,28,162,78,60,79,185,148,167,61,41,36,46,131,59,133,96,157,138,178,164,173,66,126,198,159,140,118,109,29,154,156,106,71,135,146,83,128,85,152,172,12,181,82,192,139,33,13,111,195,11,37,15,35,88,171,189,194,31,68,116,57,0,113,196,89,5,141,119,4,183,63,51,72,147,65,102,115,14,45,55,155,184,75,80,114,177,169,191,40,104,180,163,170,95,91,90,125,149,32,97,58,100,7,175,179,27,193,136,144,70,168,17,103,105,142,190,188,186,145,42,47,132,166,123,44];True
2507;8034;10541;[34,67,25,160,10,176,83,129,8,84,69,73,74,108,21,99,16,77,112,150,56,18,62,120,24,197,26,9,143,20,3,2,121,48,92,49,130,22,38,174,124,94,161,1,165,153,187,127,39,107,87,76,50,53,93,23,30,134,137,86,122,64,101,151,54,158,199,6,117,98,19,110,81,52,182,28,162,78,60,79,185,148,167,61,41,36,46,131,59,133,96,157,138,178,164,173,66,126,198,159,140,118,109,72,154,156,106,71,135,146,43,128,85,152,172,12,181,82,192,139,33,13,111,195,40,37,15,35,88,171,189,194,31,68,116,57,0,113,196,89,5,141,119,4,183,63,51,29,147,65,102,115,14,45,55,155,184,75,80,114,177,169,191,11,104,180,163,170,95,91,90,125,149,32,97,58,100,7,175,179,27,193,136,144,70,168,17,103,105,142,190,188,186,145,42,47,132,166,123,44];False
1635;9039;10674;[84,67,112,193,10,1,2,129,8,48,122,107,174,118,105,99,141,17,45,15,173,18,25,120,24,197,26,9,109,20,146,49,147,65,92,142,130,22,38,34,3,94,75,12,165,153,187,127,39,73,87,76,50,53,93,23,30,134,58,86,181,82,101,151,54,158,121,6,117,98,78,110,81,52,108,74,183,192,135,79,185,148,167,61,59,36,46,5,41,133,96,157,138,178,152,56,66,126,198,159,140,19,51,29,154,156,160,71,69,190,43,128,85,164,111,83,40,124,150,139,33,13,172,195,182,37,60,35,88,145,189,194,31,171,116,57,186,113,196,89,162,106,119,28,4,97,131,0,199,62,102,115,14,114,55,155,184,161,80,137,177,169,191,11,104,180,163,170,95,91,90,125,149,32,68,63,100,7,175,143,27,16,136,144,70,168,64,103,21,72,77,188,179,176,42,47,132,166,123,44];False
1563;9102;10665;[45,67,112,48,10,1,2,129,8,84,122,107,101,118,105,99,116,17,193,15,173,18,25,120,24,197,26,9,109,20,146,49,147,65,92,142,130,22,38,34,3,94,75,12,165,153,187,127,39,73,87,76,50,53,93,27,30,134,137,86,181,82,23,151,54,158,121,6,117,98,78,110,81,52,108,74,183,83,135,79,185,148,167,61,59,36,46,5,41,133,96,157,138,178,152,56,66,126,198,159,140,19,131,29,154,156,160,71,69,190,43,128,85,164,111,192,40,124,150,139,33,13,172,195,182,37,60,35,88,145,189,194,31,171,141,57,186,113,196,89,162,106,119,28,4,97,51,0,199,62,102,115,14,114,55,155,184,161,80,58,177,169,191,11,104,180,163,170,95,91,90,125,149,32,68,63,100,7,175,143,174,16,136,144,70,168,64,103,21,72,77,188,179,176,42,47,132,166,123,44];True
1577;9070;10647;[45,67,112,48,10,1,2,129,8,84,122,107,101,118,105,99,106,17,193,15,173,18,25,120,24,197,26,9,109,20,146,49,147,65,92,142,130,22,38,34,3,94,75,12,165,153,187,127,39,73,87,76,50,53,93,27,30,134,137,86,181,82,23,151,54,158,121,6,117,98,78,110,81,52,108,74,183,83,135,79,185,148,167,61,59,36,46,5,41,133,96,157,138,178,152,56,66,126,198,159,140,19,131,29,154,156,160,71,69,190,43,128,85,164,111,192,40,124,150,139,33,13,172,195,182,37,60,35,88,145,189,194,31,171,116,57,186,113,196,89,162,141,119,28,4,97,51,0,199,62,102,115,14,114,55,155,184,161,80,58,177,169,191,11,104,180,163,170,95,91,90,125,149,32,68,63,100,7,175,143,174,16,136,144,70,168,64,103,21,72,77,188,179,176,42,47,132,166,123,44];True
1763;9000;10763;[34,67,112,48,10,1,2,129,8,84,122,107,49,19,105,99,141,17,193,15,173,18,25,120,24,197,26,9,109,20,146,114,147,65,92,142,130,22,38,174,3,94,75,12,165,153,187,127,39,73,87,76,50,53,93,23,30,134,58,86,181,82,101,151,54,158,121,6,117,98,78,110,81,52,108,74,183,192,135,79,185,148,167,61,59,36,46,5,41,133,96,157,138,178,152,56,66,126,198,159,140,118,51,29,154,156,160,71,69,190,43,128,85,164,111,83,40,124,150,139,33,13,172,195,182,149,60,35,88,145,189,194,31,171,116,57,186,113,196,89,162,106,119,28,4,97,131,0,199,62,102,115,14,45,55,155,184,161,80,137,177,169,191,11,104,180,163,170,95,91,90,125,37,32,68,63,100,7,175,143,27,16,136,144,70,168,64,103,21,72,77,188,179,176,42,47,132,166,123,44];False
1810;8991;10801;[174,67,19,48,10,1,2,129,8,84,122,107,49,112,105,99,141,17,193,15,173,18,25,120,24,197,26,9,109,20,146,114,147,65,92,142,130,22,38,34,3,94,75,12,165,153,187,127,39,73,87,76,50,53,93,23,30,134,58,86,181,82,101,151,54,158,121,6,117,98,78,110,81,52,108,74,183,192,135,79,185,148,167,61,59,36,46,5,41,133,96,157,138,178,152,56,66,126,198,159,140,118,51,29,154,156,160,71,69,190,43,128,85,164,111,83,40,124,150,139,33,13,172,195,182,149,60,35,88,145,189,194,31,171,116,57,186,113,196,89,162,106,119,28,4,97,131,0,199,62,102,115,14,45,55,155,184,161,80,137,177,169,191,11,104,180,163,170,95,91,90,125,37,32,68,63,100,7,175,143,27,16,136,144,70,168,64,103,21,72,77,188,179,176,42,47,132,166,123,44];False
1963;8753;10716;[34,67,193,48,10,1,2,129,8,84,122,107,4,183,105,99,16,77,112,60,56,18,62,120,24,197,26,9,109,20,3,91,121,25,92,49,130,22,38,174,64,94,75,12,165,153,187,127,39,73,87,76,50,53,93,23,30,134,58,86,181,82,101,151,54,158,199,6,117,98,78,110,81,52,69,28,162,192,135,79,185,148,167,61,59,36,46,131,41,133,96,157,138,178,164,173,66,126,198,159,140,118,186,29,154,156,160,71,108,146,43,128,85,152,111,83,182,124,150,139,33,13,172,195,40,37,15,35,88,145,189,194,31,171,116,57,0,113,196,89,5,141,119,74,19,97,51,72,147,65,102,115,14,45,55,155,184,161,80,114,177,169,191,11,104,180,163,170,95,137,90,125,149,32,68,63,100,7,175,143,27,106,136,144,70,168,17,103,21,142,190,188,179,176,42,47,132,166,123,44];False
1929;8776;10705;[4,64,112,48,10,1,2,129,8,84,122,107,174,19,105,99,16,77,193,60,56,18,62,120,24,197,26,9,109,20,3,91,121,25,92,49,130,22,38,34,67,94,75,12,165,153,187,127,39,73,87,76,50,53,93,23,30,134,58,86,181,82,101,151,54,158,199,6,117,98,78,110,81,52,69,28,162,192,135,79,185,148,167,61,59,36,46,131,41,133,96,157,138,178,164,173,66,126,198,159,140,118,186,29,154,156,160,71,108,146,43,128,85,152,111,83,182,124,150,139,33,13,172,195,40,37,15,35,88,145,189,194,31,171,116,57,0,113,196,89,5,141,119,74,183,97,51,72,147,65,102,115,14,45,55,155,184,161,80,114,177,169,191,11,104,180,163,170,95,137,90,125,149,32,68,63,100,7,175,143,27,106,136,144,70,168,17,103,21,142,190,188,179,176,42,47,132,166,123,44];False
1921;8803;10724;[4,67,112,48,10,1,91,129,8,84,122,107,174,19,105,99,16,77,193,60,56,18,62,120,24,197,26,9,109,20,3,2,121,25,92,49,130,22,38,34,64,94,75,12,165,153,187,127,39,73,87,76,50,53,93,23,30,134,58,86,181,82,101,151,54,158,199,6,117,98,78,110,81,52,69,28,162,192,135,79,185,148,167,61,59,36,46,131,41,133,96,157,138,178,164,173,66,126,198,159,140,118,186,29,154,156,160,71,108,146,43,128,85,152,111,83,182,124,150,139,33,13,172,195,40,37,15,35,88,145,189,194,31,171,116,57,0,113,196,89,5,141,119,74,183,97,51,72,147,65,102,115,14,45,55,155,184,161,80,114,177,169,191,11,104,180,163,170,95,137,90,125,149,32,68,63,100,7,175,143,27,106,136,144,70,168,17,103,21,142,190,188,179,176,42,47,132,166,123,44];False
1918;8792;10710;[4,64,112,48,10,1,2,129,8,84,122,107,174,19,105,99,16,77,193,60,56,18,62,120,24,197,26,9,109,20,3,91,121,25,92,49,130,22,38,34,67,94,75,12,165,153,187,127,39,73,87,76,50,53,93,23,30,134,58,86,181,82,101,151,54,158,199,6,117,98,78,110,81,52,69,28,162,192,135,79,185,148,167,61,59,36,46,131,41,133,96,157,138,178,164,173,66,126,198,159,140,118,186,29,154,156,160,71,108,146,43,128,85,152,111,83,40,124,150,139,33,13,172,195,182,37,15,35,88,145,189,194,31,171,116,57,0,113,196,89,5,141,119,74,183,97,51,72,147,65,102,115,14,45,55,155,184,161,80,114,177,169,191,11,104,180,163,170,95,137,90,125,149,32,68,63,100,7,175,143,27,106,136,144,70,168,17,103,21,142,190,188,179,176,42,47,132,166,123,44];False
1910;8819;10729;[4,67,112,48,10,1,91,129,8,84,122,107,174,19,105,99,16,77,193,60,56,18,62,120,24,197,26,9,109,20,3,2,121,25,92,49,130,22,38,34,64,94,75,12,165,153,187,127,39,73,87,76,50,53,93,23,30,134,58,86,181,82,101,151,54,158,199,6,117,98,78,110,81,52,69,28,162,192,135,79,185,148,167,61,59,36,46,131,41,133,96,157,138,178,164,173,66,126,198,159,140,118,186,29,154,156,160,71,108,146,43,128,85,152,111,83,40,124,150,139,33,13,172,195,182,37,15,35,88,145,189,194,31,171,116,57,0,113,196,89,5,141,119,74,183,97,51,72,147,65,102,115,14,45,55,155,184,161,80,114,177,169,191,11,104,180,163,170,95,137,90,125,149,32,68,63,100,7,175,143,27,106,136,144,70,168,17,103,21,142,190,188,179,176,42,47,132,166,123,44];True
1788;8995;10783;[174,67,112,193,10,1,2,129,8,84,122,107,49,19,105,99,141,119,48,15,173,18,25,120,24,197,26,9,109,20,146,114,147,65,92,142,130,22,38,34,64,94,75,12,165,153,187,127,39,73,87,76,50,53,93,23,30,134,58,86,181,82,101,151,54,158,121,6,117,98,78,110,81,52,108,28,162,192,135,79,185,148,167,61,59,36,46,5,41,133,96,157,138,178,152,56,66,131,198,159,140,118,126,29,154,156,160,71,69,190,43,128,85,164,111,83,40,124,150,139,33,13,172,195,182,149,60,35,88,145,189,194,31,171,116,57,186,113,196,89,4,106,17,74,183,97,51,72,199,62,102,115,14,45,55,155,184,161,80,137,177,169,191,11,104,180,163,170,95,91,90,125,37,32,68,63,100,7,175,143,27,16,136,144,70,168,3,103,21,0,77,188,179,176,42,47,132,166,123,44];False
6609;8032;14641;[29,174,22,136,7,51,171,57,169,130,163,122,12,199,149,98,71,191,38,196,161,66,45,105,194,115,46,44,139,190,109,111,49,135,34,91,69,28,8,118,180,27,140,73,92,90,131,148,9,14,3,142,48,61,145,94,13,101,75,36,176,26,164,128,52,2,167,170,123,50,146,193,198,132,82,184,133,166,186,107,77,159,18,4,181,88,70,108,21,106,154,59,197,24,32,195,10,110,54,152,72,127,30,114,182,37,85,55,158,175,6,1,117,120,157,173,17,79,185,102,23,172,39,78,83,125,33,35,165,40,87,84,68,93,103,65,147,153,15,144,156,155,31,143,53,183,97,41,0,89,25,62,5,134,112,104,99,160,74,20,138,168,188,126,16,162,19,137,60,179,47,43,187,76,151,141,80,58,64,96,177,42,189,178,86,119,81,67,129,192,150,56,100,11,113,116,124,63,95,121];False
6607;8005;14612;[136,174,22,48,7,51,171,57,169,130,163,122,12,199,149,98,71,191,38,196,161,66,45,105,194,115,46,44,139,190,109,111,184,135,34,91,69,28,8,118,180,27,140,73,92,90,131,148,9,14,3,142,29,61,145,94,13,101,75,36,176,26,164,128,52,2,167,170,123,50,146,193,198,132,82,49,133,166,186,107,77,159,18,4,181,88,70,108,21,106,154,59,197,24,32,195,10,110,54,152,72,127,30,114,182,37,85,55,158,175,6,1,117,120,157,173,17,79,185,102,23,172,39,78,83,125,33,35,165,40,87,84,68,93,103,65,147,153,15,144,156,155,31,143,53,183,97,41,0,89,25,62,5,134,112,104,99,160,74,20,138,168,188,126,16,162,19,137,60,179,47,43,187,76,151,141,80,58,64,96,177,42,189,178,86,119,81,67,129,192,150,56,100,11,113,116,124,63,95,121];False
6667;7951;14618;[198,174,22,136,7,51,171,57,169,130,163,122,12,199,149,98,71,191,38,196,161,66,45,105,194,115,46,44,139,190,109,111,184,135,34,91,69,28,8,118,180,27,140,73,92,90,131,148,9,14,3,142,29,61,145,94,13,101,75,36,176,26,164,128,52,2,167,170,123,50,146,193,48,132,82,49,133,166,186,107,77,159,18,4,181,88,70,108,21,106,154,59,197,24,32,195,10,110,54,152,72,127,30,114,182,37,85,55,158,175,6,1,117,120,157,173,17,79,185,102,23,172,39,78,83,125,33,35,165,40,87,84,68,93,103,65,147,153,15,144,156,155,31,143,53,183,97,41,0,89,25,62,5,134,112,104,99,160,74,20,138,168,188,126,16,162,19,137,60,179,47,43,187,76,151,141,80,58,64,96,177,42,189,178,86,119,81,67,129,192,150,56,100,11,113,116,124,63,95,121];False
6805;7930;14735;[34,174,22,136,7,135,171,57,169,130,163,122,12,199,149,98,71,191,38,196,161,66,45,105,194,115,46,44,139,190,109,111,184,51,198,91,69,28,8,118,180,27,140,48,92,90,131,148,9,14,3,142,29,61,145,94,13,101,75,36,176,26,164,128,52,2,167,170,123,50,146,193,73,132,82,49,133,166,186,107,77,159,18,4,181,88,70,108,21,106,154,59,197,24,32,195,10,110,11,152,72,127,30,114,182,37,85,55,158,175,6,1,117,120,157,173,17,79,185,102,23,172,39,78,83,125,33,35,165,40,87,84,68,93,103,65,147,153,15,144,156,155,31,143,53,183,97,41,0,89,25,62,5,134,112,104,99,160,74,20,138,168,188,126,16,162,19,137,60,179,47,43,187,76,151,141,80,58,64,96,177,42,189,178,86,119,81,67,129,192,150,56,100,54,113,116,124,63,95,121];False
6852;7889;14741;[174,132,22,136,7,135,171,57,169,130,163,122,12,199,149,98,193,191,38,196,161,66,45,105,194,115,46,44,139,190,109,111,184,51,34,91,69,28,8,118,180,27,140,48,92,90,131,148,9,14,3,142,29,61,145,94,13,101,75,36,176,26,164,128,52,2,167,170,123,50,146,71,198,73,82,49,133,166,186,107,77,159,18,4,181,88,70,108,21,106,154,59,197,24,32,195,10,110,11,152,72,127,30,114,182,37,85,55,158,175,6,1,117,120,157,173,17,79,185,102,23,172,39,78,83,125,33,35,165,40,87,84,68,93,103,65,147,153,15,144,156,155,31,143,53,183,97,41,0,89,25,62,5,134,112,104,99,160,74,20,138,168,188,126,16,162,19,137,60,179,47,43,187,76,151,141,80,58,64,96,177,42,189,178,86,119,81,67,129,192,150,56,100,54,113,116,124,63,95,121];False
6996;7845;14841;[71,174,22,136,7,135,171,57,169,130,163,122,12,199,149,98,193,191,38,196,161,66,45,105,194,115,46,44,139,190,109,111,184,51,34,91,69,28,8,118,180,27,140,48,92,90,131,148,9,14,3,142,29,61,145,94,13,101,75,36,176,26,164,128,52,2,167,170,123,73,146,50,198,132,82,49,133,166,186,107,77,159,18,4,181,88,70,108,21,106,154,59,197,24,32,195,10,110,11,152,72,127,30,114,182,37,85,55,158,175,6,1,117,120,157,173,17,79,185,102,23,172,39,19,83,125,33,35,165,40,87,84,68,93,103,65,147,153,15,144,156,155,31,143,53,183,97,41,0,89,25,62,5,134,112,104,99,160,74,20,138,168,188,126,16,162,78,137,60,179,47,43,187,76,151,141,80,58,64,96,177,42,189,178,86,119,81,67,129,192,150,56,100,54,113,116,124,63,95,121];True
7097;7818;14915;[136,174,22,124,7,135,171,57,23,130,163,122,12,199,149,98,193,191,38,196,161,66,45,105,194,115,46,44,139,190,109,111,184,51,34,91,69,28,8,118,180,25,140,48,92,90,131,148,9,14,3,142,29,61,145,94,13,101,75,36,176,26,164,128,52,2,167,107,123,50,146,71,198,132,82,49,133,189,186,170,77,159,18,4,181,88,70,108,21,106,154,59,197,24,32,195,10,110,11,152,72,127,30,114,182,37,85,55,158,175,6,1,117,120,157,173,17,79,185,102,169,172,39,78,83,125,33,35,165,40,87,84,68,93,103,65,147,153,15,144,156,155,31,143,53,183,97,41,0,89,27,62,5,134,112,104,99,160,74,20,138,168,188,126,16,162,19,137,60,179,47,43,187,76,151,141,80,58,64,96,177,42,166,178,86,119,81,67,129,192,150,56,100,54,113,116,73,63,95,121];False
7281;7757;15038;[71,174,22,136,7,135,171,57,23,130,163,122,12,199,149,98,193,191,38,196,161,66,45,105,194,115,46,44,139,190,109,111,184,51,34,91,69,28,8,118,180,159,140,48,92,90,131,148,9,14,3,142,29,61,145,94,13,101,75,36,176,26,164,128,52,2,167,107,123,73,146,50,198,132,82,49,133,189,186,170,77,25,18,4,181,88,70,108,21,106,154,59,197,24,32,195,10,110,11,152,72,127,30,114,182,37,85,55,158,175,6,1,117,120,157,173,17,79,185,102,169,172,39,78,83,125,33,35,165,40,87,84,68,93,103,65,147,153,15,144,156,155,31,143,53,183,97,41,0,89,27,62,5,134,112,104,99,160,74,20,138,168,188,126,16,162,19,137,60,179,47,43,187,76,151,141,80,58,64,96,177,42,166,178,86,119,81,67,129,192,150,56,100,54,113,116,124,63,95,121];True
7441;7703;15144;[198,174,23,136,7,135,171,57,22,130,163,122,12,185,149,98,193,191,38,196,161,66,45,105,194,115,46,44,139,190,109,111,184,51,34,91,69,28,8,118,180,159,140,48,92,90,131,148,9,14,3,142,29,61,145,94,13,101,75,36,176,26,164,128,52,2,167,107,123,50,146,65,71,186,32,49,133,189,132,170,77,25,18,4,84,88,70,108,21,106,154,59,197,24,82,195,10,110,11,152,72,127,30,114,182,37,85,55,158,175,6,1,117,120,157,173,17,79,199,102,169,172,39,78,83,125,33,35,165,40,87,181,68,93,103,73,147,153,15,144,156,155,31,143,53,183,97,41,0,89,27,62,5,134,112,104,99,160,74,20,138,168,188,126,16,162,19,137,60,179,47,43,187,76,151,141,80,58,64,96,177,42,166,178,86,119,81,67,129,192,150,56,100,54,113,116,124,63,95,121];False
7535;7660;15195;[174,15,23,32,182,87,6,88,171,163,75,86,12,185,0,73,65,160,38,196,132,14,20,191,194,3,157,183,37,138,184,115,25,99,108,35,193,28,8,154,13,198,188,55,44,94,131,47,68,123,106,78,52,91,69,61,176,59,11,57,189,26,175,62,120,2,142,107,48,63,29,164,4,126,41,114,112,165,153,7,77,177,169,72,84,85,66,45,124,51,90,134,197,168,74,89,101,81,36,145,100,111,122,98,139,105,180,67,158,30,40,96,76,93,150,173,46,10,42,27,24,187,39,95,1,125,33,127,128,129,18,181,148,9,103,92,136,137,43,53,146,190,31,82,144,121,162,147,149,152,49,151,97,130,113,155,17,21,34,159,109,135,140,50,16,118,166,80,133,178,170,199,172,79,117,102,110,60,64,179,58,161,192,22,195,83,186,54,119,167,71,56,5,141,19,116,70,104,143,156];False
7606;7630;15236;[174,15,23,32,182,87,6,88,171,163,75,86,12,185,0,73,65,160,38,196,132,14,20,191,194,3,157,183,37,138,184,115,25,99,108,35,193,28,8,154,13,198,188,55,44,94,131,47,68,123,106,78,52,91,69,61,176,59,11,57,189,26,175,62,120,2,89,107,48,63,29,164,4,126,41,114,112,165,153,7,77,177,169,72,84,85,66,45,124,51,90,134,197,168,74,142,101,81,36,145,100,111,122,98,139,105,180,67,158,30,40,96,76,93,150,173,46,10,42,27,24,187,39,95,1,125,33,127,128,129,18,181,148,9,103,92,136,137,43,53,146,190,31,82,144,121,162,147,149,152,49,151,97,130,113,155,17,21,34,159,109,135,140,50,16,118,166,80,133,178,170,199,172,79,117,102,110,60,64,179,58,161,192,22,195,83,186,54,119,167,71,56,5,141,19,116,70,104,143,156];False
7689;7629;15318;[149,174,23,136,7,135,171,57,22,130,163,122,12,185,124,98,193,191,38,196,161,66,45,105,194,115,46,44,37,190,109,111,184,51,34,91,69,28,8,118,180,159,140,48,92,90,131,148,9,14,3,142,85,61,145,94,13,101,75,36,176,26,164,128,52,2,167,107,123,50,146,65,198,186,82,49,133,189,132,170,77,25,18,4,84,88,70,108,21,106,154,59,197,24,32,195,10,110,11,152,72,127,30,114,182,139,29,137,158,175,6,1,117,120,157,173,17,79,199,102,169,172,39,78,83,125,33,192,165,40,87,181,68,93,103,162,147,153,15,144,156,155,31,143,53,183,97,41,0,89,27,62,5,134,112,104,99,160,74,20,138,168,188,126,16,71,19,55,60,179,47,43,187,76,151,141,80,58,64,96,177,42,166,178,86,119,81,67,129,35,150,56,100,54,113,116,73,63,95,121];False
7685;7603;15288;[44,37,23,136,7,135,171,57,22,130,163,122,12,185,149,98,193,191,38,196,161,66,45,105,194,115,46,73,174,190,109,111,184,51,34,91,69,28,8,118,180,159,140,48,92,90,131,148,9,14,3,142,85,61,145,94,13,101,75,36,176,26,164,128,52,2,167,107,123,50,146,65,198,186,82,49,133,189,132,170,77,25,18,4,84,88,70,108,21,106,154,59,197,24,32,195,10,110,11,152,72,127,30,114,182,139,29,137,158,175,6,1,117,120,157,173,17,79,199,102,169,172,39,78,83,125,33,192,165,40,87,181,68,93,103,162,147,153,15,144,156,155,31,143,53,183,97,41,0,89,27,62,5,134,112,104,99,160,74,20,138,168,188,126,16,71,19,55,60,179,47,43,187,76,151,141,80,58,64,96,177,42,166,178,86,119,81,67,129,35,150,56,100,54,113,116,124,63,95,121];True
7761;7566;15327;[37,174,23,136,7,135,171,57,22,130,163,122,12,185,149,98,193,191,38,196,161,66,45,105,194,115,46,44,50,190,109,111,184,51,34,91,69,28,8,118,180,159,140,48,92,90,131,148,9,14,178,142,85,61,145,94,13,101,75,36,176,26,164,128,52,2,167,107,123,73,146,65,198,186,82,49,133,189,132,170,77,25,18,4,84,88,70,108,21,106,154,59,197,24,32,195,10,110,11,152,72,127,30,114,182,139,29,137,158,175,6,1,117,120,157,173,17,79,199,102,169,172,39,78,83,125,33,192,165,40,87,181,68,93,103,162,147,153,15,144,156,155,31,143,53,183,97,41,0,89,27,62,5,134,112,104,99,160,74,20,138,168,188,126,16,71,19,55,60,179,47,43,187,76,151,141,80,58,64,96,177,42,166,3,86,119,81,67,129,35,150,56,100,54,113,116,124,63,95,121];False
8052;7462;15514;[174,44,23,136,7,135,171,57,22,130,163,122,12,185,149,98,193,191,38,196,161,66,45,105,194,115,46,73,37,190,109,111,184,51,34,91,69,28,8,118,180,159,140,48,92,90,131,148,93,14,178,142,85,61,145,94,13,101,75,36,176,26,164,128,52,2,167,107,123,50,146,65,198,186,82,49,133,189,132,170,77,25,18,4,84,88,70,108,21,106,154,59,197,24,32,195,10,110,11,152,72,127,30,114,182,139,29,137,158,175,6,1,117,120,157,173,17,79,199,27,169,172,39,78,55,125,33,192,165,40,87,181,68,9,103,162,147,153,15,144,156,155,31,143,53,183,97,41,0,89,102,62,5,134,112,104,99,160,74,20,138,168,188,126,16,71,19,83,60,179,47,43,187,76,151,141,80,58,64,96,177,42,166,3,86,119,81,67,129,35,150,56,100,54,113,116,124,63,95,121];False
8080;7424;15504;[7,174,23,136,115,135,171,57,22,130,163,122,12,185,149,98,193,191,38,196,161,66,45,105,194,73,46,44,37,190,109,10,184,51,34,91,69,28,8,118,180,159,140,48,92,90,131,148,93,14,178,142,85,61,145,94,13,101,75,36,176,26,164,128,52,2,167,107,123,50,146,65,198,186,82,49,133,189,132,170,77,25,18,4,84,88,70,108,21,106,154,59,197,24,32,195,111,110,11,152,72,127,30,114,182,139,29,137,158,175,6,1,117,120,157,173,17,79,199,27,169,172,39,78,55,125,33,192,165,40,87,181,68,9,103,162,147,153,15,144,156,155,31,143,53,183,97,41,0,89,102,62,5,134,112,104,99,160,74,20,138,168,188,126,16,71,19,83,60,179,47,43,187,76,151,141,80,58,64,96,177,42,166,3,86,119,81,67,129,35,150,56,100,54,113,116,124,63,95,121];False
8202;7372;15574;[135,174,23,136,7,115,171,57,22,130,163,122,12,185,149,98,193,191,38,196,161,66,45,105,194,73,46,44,37,190,109,10,184,51,34,91,69,28,8,118,180,159,140,48,92,90,131,148,93,14,178,142,85,61,145,94,13,101,75,36,176,26,164,128,52,2,167,107,123,50,146,65,198,186,82,49,133,189,132,170,77,25,18,4,84,88,70,108,21,106,154,59,197,24,32,195,111,110,11,152,72,127,30,114,182,139,29,137,158,175,6,1,117,120,157,173,17,79,199,27,169,172,39,78,55,125,33,192,165,40,87,181,68,9,103,162,147,153,15,144,156,155,31,143,53,183,97,41,0,89,102,62,5,134,112,104,99,160,74,20,138,168,188,126,16,71,19,83,60,179,47,43,187,76,151,141,80,58,64,96,177,42,166,3,86,119,81,67,129,35,150,56,100,54,113,116,124,63,95,121];False
8358;7253;15611;[136,174,23,115,7,135,171,57,22,130,163,122,12,185,149,98,193,191,38,196,161,66,45,105,194,73,46,44,37,190,109,10,184,51,34,91,69,28,8,118,180,159,140,48,92,90,131,148,93,14,178,142,85,61,145,94,13,101,75,36,176,26,97,128,52,2,167,107,123,50,146,65,198,186,82,49,133,189,132,170,77,25,18,4,84,88,70,108,21,106,154,59,197,24,32,86,111,110,11,152,72,127,30,114,182,139,29,137,158,175,6,1,117,120,157,173,17,79,199,27,169,172,39,78,55,125,33,192,165,40,87,181,68,9,103,162,147,153,15,144,156,155,31,143,53,183,164,41,0,89,102,62,5,134,112,104,99,63,74,20,138,168,188,126,16,71,19,83,60,179,47,43,187,76,151,141,80,58,64,96,177,42,166,3,195,119,81,67,129,35,150,56,100,54,113,116,124,160,95,121];True
8854;6742;15596;[174,23,73,154,163,18,171,57,35,130,75,114,12,185,76,98,193,191,38,196,161,66,20,135,194,115,46,44,37,190,109,19,144,104,34,91,69,28,8,184,180,108,188,48,92,136,131,54,93,14,178,142,6,61,145,94,13,151,110,36,176,3,97,128,129,2,167,107,63,99,155,29,4,126,143,49,148,189,132,170,77,25,105,198,84,85,70,53,51,106,90,59,197,24,72,78,101,141,11,152,86,133,30,52,182,139,65,137,158,175,88,1,117,120,157,173,186,79,42,27,169,172,39,32,138,125,33,192,165,40,87,181,68,9,103,162,147,67,95,118,156,50,31,82,45,183,124,41,149,89,100,62,5,134,112,123,146,21,74,159,55,168,140,17,16,71,10,80,111,179,47,199,187,127,60,7,83,58,64,96,177,43,166,22,195,119,81,153,122,26,150,56,102,0,113,116,164,160,15,121];False
8219;7331;15550;[7,174,23,136,115,135,171,57,22,130,163,122,12,185,149,98,193,191,38,196,161,66,45,105,194,73,46,44,37,190,109,10,184,51,34,91,69,28,8,118,180,159,140,48,92,90,131,148,93,14,178,142,85,61,145,94,13,101,75,36,176,26,97,128,52,29,167,107,123,50,146,65,198,186,82,49,133,189,132,170,77,25,18,4,84,88,70,108,21,106,154,59,197,24,32,86,111,110,11,152,72,127,30,114,182,139,2,137,158,175,6,1,117,120,157,173,17,79,199,27,169,172,39,78,55,125,33,192,165,40,87,181,68,9,103,162,147,153,15,144,156,155,31,143,53,183,164,41,0,89,102,62,5,134,112,104,99,63,74,20,138,168,188,126,16,71,19,83,60,179,47,43,187,76,151,141,80,58,64,96,177,42,166,3,195,119,81,67,129,35,150,56,100,54,113,116,124,160,95,121];False
8209;7338;15547;[149,174,23,136,7,135,171,57,22,130,163,122,12,185,115,98,193,191,38,196,161,66,45,105,194,73,46,44,37,190,109,10,184,51,34,91,69,28,8,118,180,159,140,48,92,90,131,148,93,14,178,142,85,61,145,94,13,101,75,36,176,26,97,128,52,29,167,107,123,50,146,65,198,186,82,49,133,189,132,170,77,25,18,4,84,88,70,108,21,106,154,59,197,24,32,86,111,110,11,152,72,127,30,114,182,139,2,137,158,175,6,1,117,120,157,173,17,79,199,27,169,172,39,78,55,125,33,192,165,40,87,181,68,9,103,162,147,153,15,144,156,155,31,143,53,183,164,41,0,89,102,62,5,134,112,104,99,63,74,20,138,168,188,126,16,71,19,83,60,179,47,43,187,76,151,141,80,58,64,96,177,42,166,3,195,119,81,67,129,35,150,56,100,54,113,116,124,160,95,121];False
8229;7329;15558;[66,174,23,136,7,135,171,57,22,130,163,122,12,185,149,98,193,191,38,196,161,115,45,105,194,73,46,44,37,190,109,10,184,51,34,91,69,28,8,118,180,159,140,48,92,90,131,148,93,14,178,142,85,61,145,94,13,101,75,36,176,26,97,128,52,29,167,107,123,50,146,65,198,186,82,49,133,189,132,170,77,25,18,4,84,88,70,108,21,106,154,59,197,24,32,86,111,110,11,152,72,127,30,114,182,139,2,137,158,175,6,1,117,120,157,173,17,79,199,27,169,172,39,78,55,125,33,192,165,40,87,181,68,9,103,162,147,153,15,144,156,155,31,143,53,183,164,41,0,89,102,62,5,134,112,104,99,63,74,20,138,168,188,126,16,71,19,83,60,179,47,43,187,76,151,141,80,58,64,96,177,42,166,3,195,119,81,67,129,35,150,56,100,54,113,116,124,160,95,121];False
8784;6957;15741;[174,23,73,26,32,18,52,40,35,130,75,114,12,185,128,176,193,160,38,196,161,126,20,135,194,115,157,44,37,136,184,19,46,63,34,91,69,28,8,109,180,108,188,104,190,94,131,54,93,124,29,142,88,61,89,143,13,151,119,36,163,3,97,133,129,2,167,107,48,99,106,65,4,70,41,86,148,189,132,170,77,25,105,198,84,85,66,144,146,51,90,59,197,24,72,78,101,141,11,145,100,76,30,98,182,139,178,67,158,175,6,1,117,57,150,173,186,79,42,27,169,172,39,95,138,125,33,192,165,120,87,181,68,9,103,92,147,137,171,53,155,156,31,82,45,183,162,154,149,152,49,0,83,134,112,123,50,21,74,159,55,168,140,17,16,71,10,80,111,179,47,199,187,127,58,7,102,60,64,96,177,153,166,22,195,110,81,43,122,14,118,56,5,62,113,116,164,191,15,121];False
8844;6778;15622;[44,174,19,154,163,18,171,57,35,130,75,114,12,185,76,98,193,191,38,196,161,66,20,135,194,115,46,73,37,190,109,23,45,104,34,91,69,28,8,118,180,108,188,48,92,136,131,54,93,14,178,142,6,61,145,94,13,151,110,36,176,3,97,128,52,2,167,107,63,99,155,29,4,126,143,49,148,189,132,170,77,25,105,198,84,85,70,53,51,106,90,59,197,24,72,78,101,141,11,152,86,133,30,129,182,139,65,137,158,175,88,1,117,120,157,173,186,79,42,27,169,172,39,32,138,125,33,192,165,40,87,181,68,9,103,162,147,67,95,144,156,50,31,82,184,183,124,41,149,89,100,62,5,134,112,123,146,21,74,159,55,168,140,17,16,71,10,80,111,179,47,199,187,127,60,7,83,58,64,96,177,43,166,22,195,119,81,153,122,26,150,56,102,0,113,116,164,160,15,121];False
8893;6697;15590;[73,174,19,154,163,18,171,57,35,130,75,114,12,185,76,98,193,191,38,196,161,66,20,135,194,115,46,44,37,190,109,160,45,104,34,91,69,28,8,118,180,108,188,48,92,136,131,54,93,14,178,142,6,61,145,94,13,151,110,36,176,3,97,128,52,2,167,107,63,99,155,29,4,126,143,49,148,189,132,170,77,25,105,198,84,85,70,53,51,106,90,59,197,24,72,78,101,141,11,152,86,133,30,129,182,139,65,137,158,175,88,1,117,120,157,173,186,79,42,27,169,172,39,32,138,125,33,192,165,40,87,181,68,9,103,162,147,67,95,144,156,50,31,82,184,183,124,41,149,89,100,62,5,134,112,123,146,21,74,159,55,168,140,17,16,71,10,80,111,179,47,199,187,127,60,7,83,58,64,96,177,43,166,22,195,119,81,153,122,26,150,56,102,0,113,116,164,23,15,121];True
9032;6694;15726;[73,82,161,154,163,18,171,57,35,130,75,114,12,185,76,98,193,191,38,196,23,66,20,135,194,115,46,44,37,190,109,10,184,104,34,91,69,28,8,118,180,108,188,48,92,90,131,54,93,14,178,142,88,61,145,94,13,151,110,36,176,3,97,128,52,2,167,107,63,99,155,29,4,126,143,49,148,189,132,170,77,25,105,198,84,85,70,53,51,106,136,59,197,24,72,78,101,141,11,152,86,127,30,129,182,139,65,137,158,175,6,1,117,120,157,173,186,79,42,27,169,172,39,32,138,125,33,192,165,40,87,181,68,9,103,162,147,67,95,144,123,50,31,174,45,183,124,41,149,89,100,62,5,134,112,156,146,21,74,159,55,168,140,17,16,71,19,83,111,179,47,199,187,133,60,7,80,58,64,96,177,43,166,22,195,119,81,153,122,26,150,56,102,0,113,116,164,160,15,121];False
9035;6688;15723;[73,82,67,154,163,18,171,57,35,130,75,114,12,185,76,98,193,191,38,196,161,66,20,135,194,115,46,44,37,190,109,10,184,104,34,91,69,28,8,118,180,108,188,48,92,90,131,54,93,14,178,142,88,61,145,94,13,151,110,36,176,3,97,128,52,2,167,107,63,99,155,29,4,126,143,49,148,189,132,170,77,25,105,198,84,85,70,53,51,106,136,59,197,24,72,78,101,141,11,152,86,127,30,129,182,139,65,137,158,175,6,1,117,120,157,173,186,79,42,27,169,172,39,32,138,125,33,192,165,40,87,181,68,9,103,162,147,23,95,144,123,50,31,174,45,183,124,41,149,89,100,62,5,134,112,156,146,21,74,159,55,168,140,17,16,71,19,83,111,179,47,199,187,133,60,7,80,58,64,96,177,43,166,22,195,119,81,153,122,26,150,56,102,0,113,116,164,160,15,121];False
9058;6683;15741;[46,174,23,136,75,18,171,57,3,130,163,122,12,185,54,98,193,191,38,196,161,66,45,135,194,115,125,44,37,190,109,10,184,51,34,91,69,28,8,118,180,159,188,48,92,90,131,148,93,14,178,142,67,61,145,94,13,101,141,36,176,35,97,128,52,2,167,107,123,50,155,65,198,17,82,49,133,189,132,170,77,25,105,4,84,88,70,108,21,106,154,59,197,24,72,78,111,110,11,152,86,127,30,114,182,139,29,137,158,175,85,1,117,120,157,173,186,79,42,27,169,172,39,32,55,73,33,192,165,40,87,181,68,9,103,162,147,6,95,144,156,146,31,143,53,183,164,41,149,89,102,62,5,134,112,104,99,63,74,20,138,168,140,126,16,71,19,83,60,179,47,43,187,76,151,7,80,58,64,96,177,199,166,22,195,119,81,153,129,26,150,56,100,0,113,116,124,160,15,121];False
9054;6644;15698;[37,174,23,136,75,18,171,57,3,130,163,122,12,185,54,98,193,191,38,196,161,66,45,135,194,115,46,44,125,190,109,10,184,51,34,91,69,28,8,118,180,159,188,48,92,90,131,148,93,14,178,142,67,61,145,94,13,101,141,36,176,35,97,128,52,2,167,107,123,50,155,65,198,17,82,49,133,189,132,170,77,25,105,4,84,88,70,108,21,106,154,59,197,24,72,78,111,110,11,152,86,127,30,114,182,139,29,137,158,175,85,1,117,120,157,173,186,79,42,27,169,172,39,32,55,73,33,192,165,40,87,181,68,9,103,162,147,6,95,144,156,146,31,143,53,183,164,41,149,89,102,62,5,134,112,104,99,63,74,20,138,168,140,126,16,71,19,83,60,179,47,43,187,76,151,7,80,58,64,96,177,199,166,22,195,119,81,153,129,26,150,56,100,0,113,116,124,160,15,121];False
9150;6640;15790;[155,174,37,136,163,18,171,57,3,130,75,122,12,185,54,98,193,191,38,196,161,66,45,135,194,115,46,44,23,190,109,10,184,51,34,91,69,28,8,118,180,20,188,48,92,90,131,148,93,14,178,142,6,61,145,94,13,101,141,36,176,35,97,128,52,2,167,107,123,50,73,65,198,17,82,49,133,189,132,170,77,25,105,4,84,88,70,108,21,106,154,59,129,24,72,78,111,110,11,152,86,127,30,114,182,139,29,137,158,175,85,1,117,120,157,173,186,79,42,27,169,172,39,32,138,125,33,192,165,40,87,181,68,9,103,162,147,67,95,144,156,146,31,143,53,183,164,41,149,89,102,62,5,134,112,104,99,63,74,159,55,168,140,126,16,71,19,83,60,179,47,43,187,76,151,7,80,58,64,96,177,199,166,22,195,119,81,153,197,26,150,56,100,0,113,116,124,160,15,121];False
9128;6633;15761;[65,174,142,136,67,18,171,57,3,130,163,122,12,185,54,98,193,191,38,196,161,66,45,135,194,115,46,44,37,190,109,10,184,51,34,91,69,28,8,118,180,159,188,48,92,90,131,148,93,14,178,23,6,61,145,94,13,101,141,36,176,35,97,128,52,2,167,107,123,50,155,73,198,17,82,49,133,189,132,170,77,25,105,4,84,88,70,108,21,106,154,59,197,24,72,78,111,110,11,152,86,127,30,114,182,139,29,137,158,175,85,1,117,120,157,173,186,79,42,27,169,172,39,32,55,125,33,192,165,40,87,181,68,9,103,162,147,75,95,144,156,146,31,143,53,183,164,41,149,89,102,62,5,134,112,104,99,63,74,20,138,168,140,126,16,71,19,83,60,179,47,43,187,76,151,7,80,58,64,96,177,199,166,22,195,119,81,153,129,26,150,56,100,0,113,116,124,160,15,121];False
9417;6569;15986;[50,174,23,6,75,18,171,57,3,130,163,122,12,185,54,98,193,191,38,196,161,66,45,135,194,115,46,44,37,190,109,10,184,51,34,91,69,28,8,118,180,159,188,48,92,90,131,148,93,14,178,142,136,61,145,94,13,101,141,36,176,35,97,128,52,2,167,107,123,73,155,65,198,17,82,49,133,189,132,170,77,25,105,4,84,88,70,108,21,106,154,59,197,24,72,78,111,110,11,152,86,127,30,114,182,139,29,137,158,175,85,1,117,120,157,173,186,79,42,27,169,172,39,32,55,125,33,192,165,40,87,181,68,9,103,162,147,67,95,144,156,146,31,143,53,183,164,41,149,89,102,62,5,134,112,104,99,63,74,20,138,168,140,126,16,71,19,83,60,179,47,43,187,76,151,7,80,58,64,96,177,199,166,22,195,119,81,153,129,26,150,56,100,0,113,116,124,160,15,121];False
9563;6558;16121;[50,174,23,136,149,18,171,57,3,130,163,122,12,185,54,98,193,191,38,196,161,66,45,135,194,115,46,44,37,190,109,10,184,51,34,91,69,28,8,118,180,159,188,48,92,90,131,148,93,14,178,142,6,61,145,94,13,101,141,36,176,35,97,128,52,2,167,107,123,73,155,65,198,17,82,49,133,189,132,170,77,25,105,4,84,88,70,108,21,106,154,59,197,24,72,78,111,110,11,152,86,127,30,114,182,139,29,137,158,175,85,1,117,120,157,173,186,79,42,27,169,172,39,32,55,125,33,192,165,40,87,181,68,9,103,162,147,67,95,144,156,146,31,143,53,183,164,41,75,89,102,62,5,134,112,104,99,63,74,20,138,168,140,126,16,71,19,83,60,179,47,43,187,76,151,7,80,58,64,96,177,199,166,22,195,119,81,153,129,26,150,56,100,0,113,116,124,160,15,121];False
9924;6549;16473;[50,174,23,91,75,18,171,57,3,130,163,122,12,185,0,98,193,191,38,196,161,66,45,135,194,115,46,44,37,190,109,10,184,51,34,136,69,28,8,118,180,159,188,48,92,90,131,148,93,14,178,142,6,61,145,94,13,101,7,89,176,35,97,128,52,2,167,107,123,73,155,65,198,17,82,49,133,189,132,170,77,25,105,4,84,88,70,108,21,106,154,59,197,24,72,78,111,110,11,152,86,127,30,114,182,139,29,137,158,175,85,1,117,120,157,173,186,79,42,27,169,172,39,32,55,125,33,192,165,40,87,181,68,9,103,162,147,67,95,144,156,146,31,143,53,183,164,41,149,36,102,62,5,134,112,104,99,63,74,20,138,168,140,126,16,71,19,83,60,179,47,43,187,76,151,141,80,58,64,96,177,199,166,22,195,119,81,153,129,26,150,56,100,54,113,116,124,160,15,121];True
2092;8135;10227;[174,67,25,48,10,176,83,129,8,84,122,73,74,108,21,99,16,77,112,150,56,18,62,120,24,197,26,9,143,20,3,2,121,160,92,49,130,22,38,34,124,94,161,1,35,153,187,127,39,107,87,76,50,53,93,23,30,134,137,86,69,64,101,151,54,158,199,6,117,98,19,110,81,52,182,28,162,78,60,79,185,148,167,61,41,36,46,131,59,133,96,157,138,178,164,173,66,126,198,159,140,118,109,29,154,156,106,15,135,146,43,128,85,152,172,12,181,82,192,139,33,13,111,195,40,37,71,165,88,171,189,194,31,68,116,57,0,113,196,89,5,141,119,4,183,63,51,72,147,65,102,115,14,45,55,155,184,75,80,114,177,169,191,11,104,180,163,170,95,91,90,125,149,32,97,58,100,7,175,179,27,193,136,144,70,168,17,103,105,142,190,188,186,145,42,47,132,166,123,44];False
2065;8155;10220;[143,67,25,48,10,176,83,129,8,84,122,73,74,108,21,99,16,77,112,150,56,18,62,120,24,197,26,9,45,20,3,2,121,160,92,142,130,22,38,34,124,94,161,1,165,153,187,127,39,107,87,76,50,53,93,23,30,134,137,86,69,64,101,151,54,158,199,6,117,98,19,110,81,52,182,28,162,78,60,79,185,148,167,61,41,36,46,131,59,133,96,157,138,178,164,173,66,126,198,159,140,118,109,29,154,156,106,15,135,146,43,128,85,152,172,12,181,82,192,139,33,13,111,195,40,37,71,35,88,171,189,194,31,68,116,57,0,113,196,89,5,141,119,4,183,63,51,72,147,65,102,115,14,49,55,155,184,75,80,114,177,169,191,11,104,180,163,170,95,91,90,125,149,32,97,58,100,7,175,179,27,193,136,144,70,168,17,103,105,174,190,188,186,145,42,47,132,166,123,44];False
2092;8132;10224;[34,67,25,48,10,176,83,129,8,84,122,73,74,108,21,99,16,77,112,150,56,18,62,120,24,197,26,9,143,20,3,2,121,160,92,142,130,22,38,45,124,94,161,1,165,153,187,127,39,107,87,76,50,53,93,23,30,134,137,86,69,64,101,151,54,158,199,6,117,98,19,110,81,52,182,28,162,78,60,79,185,148,167,61,41,36,46,131,59,133,96,157,138,178,164,173,66,126,198,159,140,118,109,29,154,156,106,15,135,146,43,128,85,152,172,12,181,82,192,139,33,13,111,195,40,37,71,35,88,171,189,194,31,68,116,57,0,113,196,89,5,141,119,4,183,63,51,72,147,65,102,115,14,49,55,155,184,75,80,114,177,169,191,11,104,180,163,170,95,91,90,125,149,32,97,58,100,7,175,179,27,193,136,144,70,168,17,103,105,174,190,188,186,145,42,47,132,166,123,44];False
2511;8033;10544;[174,149,25,160,10,176,83,129,8,84,122,73,74,108,21,99,16,77,112,150,56,69,62,120,24,197,26,9,143,20,3,2,121,48,92,49,130,22,38,34,124,94,161,1,165,153,187,127,39,107,87,76,50,53,93,23,30,134,137,86,18,64,101,151,54,158,199,6,117,98,19,110,81,52,182,28,162,78,60,79,185,148,167,61,41,36,46,131,59,133,96,157,138,178,164,173,66,126,198,159,140,118,109,29,154,156,106,71,135,146,43,128,85,152,172,12,181,82,192,139,33,13,111,195,11,37,15,35,88,171,189,194,31,68,116,57,0,113,196,89,5,141,119,4,183,63,51,72,147,65,102,115,14,45,55,155,184,75,80,114,177,169,191,40,104,180,163,170,95,91,90,125,67,32,97,58,100,7,175,179,27,193,136,144,70,168,17,103,105,142,190,188,186,145,42,47,132,166,123,44];False
2234;8077;10311;[174,67,38,150,10,176,83,129,8,84,122,73,74,108,21,99,16,77,112,48,56,18,62,120,24,197,26,9,143,20,3,2,121,160,92,49,130,22,40,34,124,94,161,1,165,153,187,127,39,107,87,76,50,53,93,23,30,134,137,86,69,64,101,151,54,158,199,6,117,98,186,110,81,52,182,28,162,78,60,79,185,148,167,61,41,36,46,131,59,133,96,157,138,178,164,173,66,126,198,159,140,118,109,29,154,156,106,71,135,146,43,128,85,152,172,12,181,82,192,139,33,13,111,195,25,37,15,35,88,171,189,194,31,68,116,57,0,113,196,89,5,141,119,4,183,63,51,72,147,65,102,115,14,45,55,155,184,75,80,114,177,169,191,11,104,180,163,170,95,91,90,125,149,32,97,58,100,7,175,179,27,193,136,144,70,168,17,103,105,142,190,188,19,145,42,47,132,166,123,44];False
2304;8050;10354;[34,67,121,160,10,176,43,129,8,84,122,73,74,108,21,99,16,77,112,150,56,18,62,120,24,197,26,9,143,20,3,2,25,48,92,49,130,22,38,174,124,94,161,1,165,153,187,127,39,107,87,76,50,53,93,23,30,134,137,86,69,64,101,151,54,158,199,6,117,98,19,110,81,52,182,28,162,78,60,79,185,148,167,61,41,36,46,131,59,133,96,157,138,178,164,173,66,126,198,159,140,118,109,29,154,156,106,71,135,146,83,128,85,152,172,12,181,82,192,139,33,13,111,195,11,37,15,35,88,171,189,194,31,68,116,57,0,113,196,89,5,141,119,4,183,63,51,72,147,65,102,115,14,45,55,155,184,75,80,114,177,169,191,40,104,180,163,170,95,91,90,125,149,32,97,58,100,7,175,179,27,193,136,144,70,168,17,103,105,142,190,188,186,145,42,47,132,166,123,44];True
2599;8031;10630;[198,67,25,160,10,176,83,129,8,84,69,73,74,108,21,99,16,77,112,150,56,18,62,120,24,197,26,9,143,20,3,2,121,48,92,49,130,22,38,174,124,94,161,1,165,153,187,127,39,107,87,76,50,53,93,23,30,134,137,86,122,64,101,151,54,158,199,6,117,98,19,110,81,52,182,28,162,78,60,79,185,148,167,61,41,36,46,131,59,133,96,157,138,178,164,173,66,126,34,159,140,118,109,72,154,156,106,71,135,146,43,128,85,152,172,12,181,82,192,139,33,13,111,195,40,37,15,35,88,171,189,194,31,68,116,57,0,113,196,89,5,141,119,4,183,63,51,29,147,65,102,115,14,45,55,155,184,75,80,114,177,169,191,11,104,180,163,170,95,91,90,125,149,32,97,58,100,7,175,179,27,193,136,144,70,168,17,103,105,142,190,188,186,145,42,47,132,166,123,44];False
1660;9025;10685;[90,67,112,193,10,1,2,129,8,48,122,107,174,118,105,99,141,17,45,15,173,18,25,120,24,197,26,9,109,20,146,49,147,65,92,142,130,22,38,34,3,94,75,12,165,153,187,127,39,73,87,76,50,53,93,23,30,134,58,86,181,82,101,151,54,158,121,6,117,98,78,110,81,52,108,74,183,192,135,79,185,148,167,61,59,36,46,5,41,133,96,157,138,178,152,56,66,126,198,159,140,19,51,29,154,156,160,71,69,190,43,128,85,164,111,83,40,124,150,139,33,13,172,195,182,37,60,35,88,145,189,194,31,171,116,57,186,113,196,89,162,106,119,28,4,97,131,0,199,62,102,115,14,114,55,155,184,161,80,137,177,169,191,11,104,180,163,170,95,91,84,125,149,32,68,63,100,7,175,143,27,16,136,144,70,168,64,103,21,72,77,188,179,176,42,47,132,166,123,44];True
1690;9023;10713;[143,67,112,193,10,1,2,129,8,48,122,107,174,118,105,99,141,17,45,15,173,18,25,120,24,197,26,9,109,20,146,49,147,65,92,142,130,22,38,34,3,94,75,12,165,153,187,127,39,73,87,76,50,53,93,23,30,134,58,86,181,82,101,151,54,158,121,6,117,98,78,110,81,52,108,74,183,192,135,79,185,148,167,61,59,36,46,5,41,133,96,157,138,178,152,56,66,126,198,159,140,19,51,29,154,156,160,71,69,190,43,128,85,164,111,83,40,124,150,139,33,13,172,195,182,37,60,35,88,145,189,194,31,171,116,57,186,113,196,89,162,106,119,28,4,97,131,0,199,62,102,115,14,114,55,155,184,161,80,137,177,169,191,11,104,180,163,170,95,91,90,125,149,32,68,63,100,7,175,84,27,16,136,144,70,168,64,103,21,72,77,188,179,176,42,47,132,166,123,44];False
1554;9104;10658;[193,67,112,48,10,1,2,129,8,84,122,107,101,118,105,99,116,17,45,15,173,18,25,120,24,197,26,9,109,20,146,49,147,65,92,142,130,22,38,34,3,94,75,12,165,153,187,127,39,73,87,76,50,53,93,27,30,134,137,86,181,82,23,151,54,158,121,6,117,98,78,110,81,52,108,74,183,83,135,79,185,148,167,61,59,36,46,5,41,133,96,157,138,178,152,56,66,126,198,159,140,19,131,29,154,156,160,71,69,190,43,128,85,164,111,192,40,124,150,139,33,13,172,195,182,37,60,35,88,145,189,194,31,171,141,57,186,113,196,89,162,106,119,28,4,97,51,0,199,62,102,115,14,114,55,155,184,161,80,58,177,169,191,11,104,180,163,170,95,91,90,125,149,32,68,63,100,7,175,143,174,16,136,144,70,168,64,103,21,72,77,188,179,176,42,47,132,166,123,44];True
1774;8999;10773;[34,3,112,48,10,1,2,129,8,84,122,107,49,19,105,99,141,17,193,15,173,18,25,120,24,197,26,9,109,20,146,114,147,65,92,142,130,22,38,174,67,94,75,12,165,153,187,127,39,73,87,76,50,53,93,23,30,134,58,86,181,82,101,151,54,158,121,6,117,98,78,110,81,52,108,74,183,192,135,79,185,148,167,61,59,36,46,5,41,133,96,157,138,178,152,56,66,126,198,159,140,118,51,29,154,156,160,71,69,190,43,128,85,164,111,83,40,124,150,139,33,13,172,195,182,149,60,35,88,145,189,194,31,171,116,57,186,113,196,89,162,106,119,28,4,97,131,0,199,62,102,115,14,45,55,155,184,161,80,137,177,169,191,11,104,180,163,170,95,91,90,125,37,32,68,63,100,7,175,143,27,16,136,144,70,168,64,103,21,72,77,188,179,176,42,47,132,166,123,44];False
1787;8996;10783;[174,19,67,48,10,1,2,129,8,84,122,107,49,112,105,99,141,17,193,15,173,18,25,120,24,197,26,9,109,20,146,114,147,65,92,142,130,22,38,34,3,94,75,12,165,153,187,127,39,73,87,76,50,53,93,23,30,134,58,86,181,82,101,151,54,158,121,6,117,98,78,110,81,52,108,74,183,192,135,79,185,148,167,61,59,36,46,5,41,133,96,157,138,178,152,56,66,126,198,159,140,118,51,29,154,156,160,71,69,190,43,128,85,164,111,83,40,124,150,139,33,13,172,195,182,149,60,35,88,145,189,194,31,171,116,57,186,113,196,89,162,106,119,28,4,97,131,0,199,62,102,115,14,45,55,155,184,161,80,137,177,169,191,11,104,180,163,170,95,91,90,125,37,32,68,63,100,7,175,143,27,16,136,144,70,168,64,103,21,72,77,188,179,176,42,47,132,166,123,44];False
1965;8741;10706;[34,64,193,48,10,1,2,129,8,84,122,107,4,183,105,99,16,77,112,60,56,18,62,120,24,197,26,9,109,20,3,91,121,25,92,49,130,22,38,174,67,94,75,12,165,153,187,127,39,73,87,76,50,53,93,23,30,134,58,86,181,82,101,151,54,158,199,6,117,98,78,110,81,52,69,28,162,192,135,79,185,148,167,61,59,36,46,131,41,133,96,157,138,178,164,173,66,126,198,159,140,118,186,29,154,156,160,71,108,146,43,128,85,152,111,83,182,124,150,139,33,13,172,195,40,37,15,35,88,145,189,194,31,171,116,57,0,113,196,89,5,141,119,74,19,97,51,72,147,65,102,115,14,45,55,155,184,161,80,114,177,169,191,11,104,180,163,170,95,137,90,125,149,32,68,63,100,7,175,143,27,106,136,144,70,168,17,103,21,142,190,188,179,176,42,47,132,166,123,44];False
1962;8752;10714;[19,64,112,48,10,1,2,129,8,84,122,107,174,4,105,99,16,77,193,60,56,18,62,120,24,197,26,9,109,20,3,91,121,25,92,49,130,22,38,34,67,94,75,12,165,153,187,127,39,73,87,76,50,53,93,23,30,134,58,86,181,82,101,151,54,158,199,6,117,98,78,110,81,52,69,28,162,192,135,79,185,148,167,61,59,36,46,131,41,133,96,157,138,178,164,173,66,126,198,159,140,118,186,29,154,156,160,71,108,146,43,128,85,152,111,83,182,124,150,139,33,13,172,195,40,37,15,35,88,145,189,194,31,171,116,57,0,113,196,89,5,141,119,74,183,97,51,72,147,65,102,115,14,45,55,155,184,161,80,114,177,169,191,11,104,180,163,170,95,137,90,125,149,32,68,63,100,7,175,143,27,106,136,144,70,168,17,103,21,142,190,188,179,176,42,47,132,166,123,44];False
1922;8791;10713;[25,64,112,48,10,1,2,129,8,84,122,107,174,19,105,99,16,77,193,60,56,18,62,120,24,197,26,9,109,20,3,91,121,4,92,49,130,22,38,34,67,94,75,12,165,153,187,127,39,73,87,76,50,53,93,23,30,134,58,86,181,82,101,151,54,158,199,6,117,98,78,110,81,52,69,28,162,192,135,79,185,148,167,61,59,36,46,131,41,133,96,157,138,178,164,173,66,126,198,159,140,118,186,29,154,156,160,71,108,146,43,128,85,152,111,83,182,124,150,139,33,13,172,195,40,37,15,35,88,145,189,194,31,171,116,57,0,113,196,89,5,141,119,74,183,97,51,72,147,65,102,115,14,45,55,155,184,161,80,114,177,169,191,11,104,180,163,170,95,137,90,125,149,32,68,63,100,7,175,143,27,106,136,144,70,168,17,103,21,142,190,188,179,176,42,47,132,166,123,44];False
1920;8785;10705;[4,64,112,48,10,1,91,129,8,84,122,107,174,19,105,99,16,77,193,60,56,18,62,120,24,197,26,9,109,20,3,2,121,25,92,49,130,22,38,34,67,94,75,12,165,153,187,127,39,73,87,76,50,53,93,23,30,134,58,86,181,82,101,151,54,158,199,6,117,98,78,110,81,52,69,28,162,192,135,79,185,148,167,61,59,36,46,131,41,133,96,157,138,178,164,173,66,126,198,159,140,118,186,29,154,156,160,71,108,146,43,128,85,152,111,83,40,124,150,139,33,13,172,195,182,37,15,35,88,145,189,194,31,171,116,57,0,113,196,89,5,141,119,74,183,97,51,72,147,65,102,115,14,45,55,155,184,161,80,114,177,169,191,11,104,180,163,170,95,137,90,125,149,32,68,63,100,7,175,143,27,106,136,144,70,168,17,103,21,142,190,188,179,176,42,47,132,166,123,44];False
1804;8982;10786;[34,67,112,193,10,1,2,129,8,84,122,107,49,19,105,99,141,119,48,15,173,18,25,120,24,197,26,9,109,20,146,114,147,65,92,142,130,22,38,174,64,94,75,12,165,153,187,127,39,73,87,76,50,53,93,23,30,134,58,86,181,82,101,151,54,158,121,6,117,98,78,110,81,52,108,28,162,192,135,79,185,148,167,61,59,36,46,5,41,133,96,157,138,178,152,56,66,131,198,159,140,118,126,29,154,156,160,71,69,190,43,128,85,164,111,83,40,124,150,139,33,13,172,195,182,149,60,35,88,145,189,194,31,171,116,57,186,113,196,89,4,106,17,74,183,97,51,72,199,62,102,115,14,45,55,155,184,161,80,137,177,169,191,11,104,180,163,170,95,91,90,125,37,32,68,63,100,7,175,143,27,16,136,144,70,168,3,103,21,0,77,188,179,176,42,47,132,166,123,44];False
1811;8972;10783;[174,64,112,193,10,1,2,129,8,84,122,107,49,19,105,99,141,119,48,15,173,18,25,120,24,197,26,9,109,20,146,114,147,65,92,142,130,22,38,34,67,94,75,12,165,153,187,127,39,73,87,76,50,53,93,23,30,134,58,86,181,82,101,151,54,158,121,6,117,98,78,110,81,52,108,28,162,192,135,79,185,148,167,61,59,36,46,5,41,133,96,157,138,178,152,56,66,131,198,159,140,118,126,29,154,156,160,71,69,190,43,128,85,164,111,83,40,124,150,139,33,13,172,195,182,149,60,35,88,145,189,194,31,171,116,57,186,113,196,89,4,106,17,74,183,97,51,72,199,62,102,115,14,45,55,155,184,161,80,137,177,169,191,11,104,180,163,170,95,91,90,125,37,32,68,63,100,7,175,143,27,16,136,144,70,168,3,103,21,0,77,188,179,176,42,47,132,166,123,44];False
1787;8992;10779;[174,67,12,193,10,1,2,129,8,84,122,107,49,19,105,99,141,119,48,15,173,18,25,120,24,197,26,9,109,20,146,114,147,65,92,142,130,22,38,34,64,94,75,112,165,153,187,127,39,73,87,76,50,53,93,23,30,134,58,86,181,82,101,151,54,158,121,6,117,98,78,110,81,52,108,28,162,192,135,79,185,148,167,61,59,36,46,5,41,133,96,157,138,178,152,56,66,131,198,159,140,118,126,29,154,156,160,71,69,190,43,128,85,164,111,83,40,124,150,139,33,13,172,195,182,149,60,35,88,145,189,194,31,171,116,57,186,113,196,89,4,106,17,74,183,97,51,72,199,62,102,115,14,45,55,155,184,161,80,137,177,169,191,11,104,180,163,170,95,91,90,125,37,32,68,63,100,7,175,143,27,16,136,144,70,168,3,103,21,0,77,188,179,176,42,47,132,166,123,44];False
6740;7947;14687;[29,174,22,136,7,135,171,57,169,130,163,122,12,199,149,98,71,191,38,196,161,66,45,105,194,115,46,44,139,190,109,111,184,51,198,91,69,28,8,118,180,27,140,48,92,90,131,148,9,14,3,142,34,61,145,94,13,101,75,36,176,26,164,128,52,2,167,170,123,50,146,193,73,132,82,49,133,166,186,107,77,159,18,4,181,88,70,108,21,106,154,59,197,24,32,195,10,110,11,152,72,127,30,114,182,37,85,55,158,175,6,1,117,120,157,173,17,79,185,102,23,172,39,78,83,125,33,35,165,40,87,84,68,93,103,65,147,153,15,144,156,155,31,143,53,183,97,41,0,89,25,62,5,134,112,104,99,160,74,20,138,168,188,126,16,162,19,137,60,179,47,43,187,76,151,141,80,58,64,96,177,42,189,178,86,119,81,67,129,192,150,56,100,54,113,116,124,63,95,121];False
6763;7896;14659;[136,132,22,174,7,135,171,57,169,130,163,122,12,199,149,98,193,191,38,196,161,66,45,105,194,115,46,44,139,190,109,111,184,51,34,91,69,28,8,118,180,27,140,48,92,90,131,148,9,14,3,142,29,61,145,94,13,101,75,36,176,26,164,128,52,2,167,170,123,50,146,71,198,73,82,49,133,166,186,107,77,159,18,4,181,88,70,108,21,106,154,59,197,24,32,195,10,110,11,152,72,127,30,114,182,37,85,55,158,175,6,1,117,120,157,173,17,79,185,102,23,172,39,78,83,125,33,35,165,40,87,84,68,93,103,65,147,153,15,144,156,155,31,143,53,183,97,41,0,89,25,62,5,134,112,104,99,160,74,20,138,168,188,126,16,162,19,137,60,179,47,43,187,76,151,141,80,58,64,96,177,42,189,178,86,119,81,67,129,192,150,56,100,54,113,116,124,63,95,121];False
6710;7923;14633;[7,132,22,136,174,135,171,57,169,130,163,122,12,199,149,98,193,191,38,196,161,66,45,105,194,115,46,44,139,190,109,111,184,51,34,91,69,28,8,118,180,27,140,48,92,90,131,148,9,14,3,142,29,61,145,94,13,101,75,36,176,26,164,128,52,2,167,170,123,50,146,71,198,73,82,49,133,166,186,107,77,159,18,4,181,88,70,108,21,106,154,59,197,24,32,195,10,110,11,152,72,127,30,114,182,37,85,55,158,175,6,1,117,120,157,173,17,79,185,102,23,172,39,78,83,125,33,35,165,40,87,84,68,93,103,65,147,153,15,144,156,155,31,143,53,183,97,41,0,89,25,62,5,134,112,104,99,160,74,20,138,168,188,126,16,162,19,137,60,179,47,43,187,76,151,141,80,58,64,96,177,42,189,178,86,119,81,67,129,192,150,56,100,54,113,116,124,63,95,121];False
6784;7889;14673;[115,132,22,136,7,135,171,57,169,130,163,122,12,199,149,98,193,191,38,196,161,66,45,105,194,174,46,44,139,190,109,111,184,51,34,91,69,28,8,118,180,27,140,48,92,90,131,148,9,14,3,142,29,61,145,94,13,101,75,36,176,26,164,128,52,2,167,170,123,50,146,71,198,73,82,49,133,166,186,107,77,159,18,4,181,88,70,108,21,106,154,59,197,24,32,195,10,110,11,152,72,127,30,114,182,37,85,55,158,175,6,1,117,120,157,173,17,79,185,102,23,172,39,78,83,125,33,35,165,40,87,84,68,93,103,65,147,153,15,144,156,155,31,143,53,183,97,41,0,89,25,62,5,134,112,104,99,160,74,20,138,168,188,126,16,162,19,137,60,179,47,43,187,76,151,141,80,58,64,96,177,42,189,178,86,119,81,67,129,192,150,56,100,54,113,116,124,63,95,121];False
7115;7799;14914;[174,136,22,124,7,135,171,57,23,130,163,122,12,199,149,98,193,191,38,196,161,66,45,105,194,115,46,44,139,190,109,111,184,51,34,91,69,28,8,118,180,25,140,48,92,90,131,148,9,14,3,142,29,61,145,94,13,101,75,36,176,26,164,128,52,2,167,107,123,50,146,71,198,132,82,49,133,189,186,170,77,159,18,4,181,88,70,108,21,106,154,59,197,24,32,195,10,110,11,152,72,127,30,114,182,37,85,55,158,175,6,1,117,120,157,173,17,79,185,102,169,172,39,78,83,125,33,35,165,40,87,84,68,93,103,65,147,153,15,144,156,155,31,143,53,183,97,41,0,89,27,62,5,134,112,104,99,160,74,20,138,168,188,126,16,162,19,137,60,179,47,43,187,76,151,141,80,58,64,96,177,42,166,178,86,119,81,67,129,192,150,56,100,54,113,116,73,63,95,121];False
7083;7830;14913;[66,174,22,124,7,135,171,57,23,130,163,122,12,199,149,98,193,191,38,196,161,136,45,105,194,115,46,44,139,190,109,111,184,51,34,91,69,28,8,118,180,25,140,48,92,90,131,148,9,14,3,142,29,61,145,94,13,101,75,36,176,26,164,128,52,2,167,107,123,50,146,71,198,132,82,49,133,189,186,170,77,159,18,4,181,88,70,108,21,106,154,59,197,24,32,195,10,110,11,152,72,127,30,114,182,37,85,55,158,175,6,1,117,120,157,173,17,79,185,102,169,172,39,78,83,125,33,35,165,40,87,84,68,93,103,65,147,153,15,144,156,155,31,143,53,183,97,41,0,89,27,62,5,134,112,104,99,160,74,20,138,168,188,126,16,162,19,137,60,179,47,43,187,76,151,141,80,58,64,96,177,42,166,178,86,119,81,67,129,192,150,56,100,54,113,116,73,63,95,121];False
7432;7724;15156;[34,174,23,136,7,135,171,57,22,130,163,122,12,185,149,98,193,191,38,196,161,66,45,105,194,115,46,44,139,190,109,111,184,51,198,91,69,28,8,118,180,159,140,48,92,90,131,148,9,14,3,142,29,61,145,94,13,101,75,36,176,26,164,128,52,2,167,107,123,50,146,65,71,186,32,49,133,189,132,170,77,25,18,4,84,88,70,108,21,106,154,59,197,24,82,195,10,110,11,152,72,127,30,114,182,37,85,55,158,175,6,1,117,120,157,173,17,79,199,102,169,172,39,78,83,125,33,35,165,40,87,181,68,93,103,73,147,153,15,144,156,155,31,143,53,183,97,41,0,89,27,62,5,134,112,104,99,160,74,20,138,168,188,126,16,162,19,137,60,179,47,43,187,76,151,141,80,58,64,96,177,42,166,178,86,119,81,67,129,192,150,56,100,54,113,116,124,63,95,121];False
7575;7624;15199;[194,15,23,32,182,87,6,88,171,163,75,86,12,185,0,73,65,160,38,196,132,14,20,191,174,3,157,183,37,138,184,115,25,99,108,35,193,28,8,154,13,198,188,55,44,94,131,47,68,123,106,78,52,91,69,61,176,59,11,57,189,26,175,62,120,2,89,107,48,63,29,164,4,126,41,114,112,165,153,7,77,177,169,72,84,85,66,45,124,51,90,134,197,168,74,142,101,81,36,145,100,111,122,98,139,105,180,67,158,30,40,96,76,93,150,173,46,10,42,27,24,187,39,95,1,125,33,127,128,129,18,181,148,9,103,92,136,137,43,53,146,190,31,82,144,121,162,147,149,152,49,151,97,130,113,155,17,21,34,159,109,135,140,50,16,118,166,80,133,178,170,199,172,79,117,102,110,60,64,179,58,161,192,22,195,83,186,54,119,167,71,56,5,141,19,116,70,104,143,156];False
7680;7611;15291;[38,174,23,136,7,135,171,57,22,130,163,122,12,185,149,98,193,191,37,196,161,66,45,105,194,115,46,44,50,190,109,111,184,51,34,91,69,28,8,118,180,159,140,48,92,90,131,148,9,14,178,142,85,61,145,94,13,101,75,36,176,26,164,128,52,2,167,107,123,73,146,65,198,186,82,49,133,189,132,170,77,25,18,4,84,88,70,108,21,106,154,59,197,24,32,195,10,110,11,152,72,127,30,114,182,139,29,137,158,175,6,1,117,120,157,173,17,79,199,102,169,172,39,78,83,125,33,192,165,40,87,181,68,93,103,162,147,153,15,144,156,155,31,143,53,183,97,41,0,89,27,62,5,134,112,104,99,160,74,20,138,168,188,126,16,71,19,55,60,179,47,43,187,76,151,141,80,58,64,96,177,42,166,3,86,119,81,67,129,35,150,56,100,54,113,116,124,63,95,121];True
7933;7498;15431;[7,44,23,136,174,135,171,57,22,130,163,122,12,185,149,98,193,191,38,196,161,66,45,105,194,115,46,73,37,190,109,111,184,51,34,91,69,28,8,118,180,159,140,48,92,90,131,148,93,14,178,142,85,61,145,94,13,101,75,36,176,26,164,128,52,2,167,107,123,50,146,65,198,186,82,49,133,189,132,170,77,25,18,4,84,88,70,108,21,106,154,59,197,24,32,195,10,110,11,152,72,127,30,114,182,139,29,137,158,175,6,1,117,120,157,173,17,79,199,27,169,172,39,78,55,125,33,192,165,40,87,181,68,9,103,162,147,153,15,144,156,155,31,143,53,183,97,41,0,89,102,62,5,134,112,104,99,160,74,20,138,168,188,126,16,71,19,83,60,179,47,43,187,76,151,141,80,58,64,96,177,42,166,3,86,119,81,67,129,35,150,56,100,54,113,116,124,63,95,121];False
8112;7410;15522;[174,7,23,136,115,135,171,57,22,130,163,122,12,185,149,98,193,191,38,196,161,66,45,105,194,73,46,44,37,190,109,10,184,51,34,91,69,28,8,118,180,159,140,48,92,90,131,148,93,14,178,142,85,61,145,94,13,101,75,36,176,26,164,128,52,2,167,107,123,50,146,65,198,186,82,49,133,189,132,170,77,25,18,4,84,88,70,108,21,106,154,59,197,24,32,195,111,110,11,152,72,127,30,114,182,139,29,137,158,175,6,1,117,120,157,173,17,79,199,27,169,172,39,78,55,125,33,192,165,40,87,181,68,9,103,162,147,153,15,144,156,155,31,143,53,183,97,41,0,89,102,62,5,134,112,104,99,160,74,20,138,168,188,126,16,71,19,83,60,179,47,43,187,76,151,141,80,58,64,96,177,42,166,3,86,119,81,67,129,35,150,56,100,54,113,116,124,63,95,121];False
8007;7438;15445;[23,174,7,136,115,135,171,57,22,130,163,122,12,185,149,98,193,191,38,196,161,66,45,105,194,73,46,44,37,190,109,10,184,51,34,91,69,28,8,118,180,159,140,48,92,90,131,148,93,14,178,142,85,61,145,94,13,101,75,36,176,26,164,128,52,2,167,107,123,50,146,65,198,186,82,49,133,189,132,170,77,25,18,4,84,88,70,108,21,106,154,59,197,24,32,195,111,110,11,152,72,127,30,114,182,139,29,137,158,175,6,1,117,120,157,173,17,79,199,27,169,172,39,78,55,125,33,192,165,40,87,181,68,9,103,162,147,153,15,144,156,155,31,143,53,183,97,41,0,89,102,62,5,134,112,104,99,160,74,20,138,168,188,126,16,71,19,83,60,179,47,43,187,76,151,141,80,58,64,96,177,42,166,3,86,119,81,67,129,35,150,56,100,54,113,116,124,63,95,121];False
8109;7410;15519;[136,174,23,7,115,135,171,57,22,130,163,122,12,185,149,98,193,191,38,196,161,66,45,105,194,73,46,44,37,190,109,10,184,51,34,91,69,28,8,118,180,159,140,48,92,90,131,148,93,14,178,142,85,61,145,94,13,101,75,36,176,26,164,128,52,2,167,107,123,50,146,65,198,186,82,49,133,189,132,170,77,25,18,4,84,88,70,108,21,106,154,59,197,24,32,195,111,110,11,152,72,127,30,114,182,139,29,137,158,175,6,1,117,120,157,173,17,79,199,27,169,172,39,78,55,125,33,192,165,40,87,181,68,9,103,162,147,153,15,144,156,155,31,143,53,183,97,41,0,89,102,62,5,134,112,104,99,160,74,20,138,168,188,126,16,71,19,83,60,179,47,43,187,76,151,141,80,58,64,96,177,42,166,3,86,119,81,67,129,35,150,56,100,54,113,116,124,63,95,121];False
8790;6806;15596;[163,23,73,154,174,18,171,57,35,130,75,114,12,185,76,98,193,191,38,196,161,66,20,135,194,115,46,44,37,190,109,19,144,104,34,91,69,28,8,184,180,108,188,48,92,136,131,54,93,14,178,142,6,61,145,94,13,151,110,36,176,3,97,128,129,2,167,107,63,99,155,29,4,126,143,49,148,189,132,170,77,25,105,198,84,85,70,53,51,106,90,59,197,24,72,78,101,141,11,152,86,133,30,52,182,139,65,137,158,175,88,1,117,120,157,173,186,79,42,27,169,172,39,32,138,125,33,192,165,40,87,181,68,9,103,162,147,67,95,118,156,50,31,82,45,183,124,41,149,89,100,62,5,134,112,123,146,21,74,159,55,168,140,17,16,71,10,80,111,179,47,199,187,127,60,7,83,58,64,96,177,43,166,22,195,119,81,153,122,26,150,56,102,0,113,116,164,160,15,121];False
8835;6780;15615;[191,23,73,154,163,18,171,57,35,130,75,114,12,185,76,98,193,174,38,196,161,66,20,135,194,115,46,44,37,190,109,19,144,104,34,91,69,28,8,184,180,108,188,48,92,136,131,54,93,14,178,142,6,61,145,94,13,151,110,36,176,3,97,128,129,2,167,107,63,99,155,29,4,126,143,49,148,189,132,170,77,25,105,198,84,85,70,53,51,106,90,59,197,24,72,78,101,141,11,152,86,133,30,52,182,139,65,137,158,175,88,1,117,120,157,173,186,79,42,27,169,172,39,32,138,125,33,192,165,40,87,181,68,9,103,162,147,67,95,118,156,50,31,82,45,183,124,41,149,89,100,62,5,134,112,123,146,21,74,159,55,168,140,17,16,71,10,80,111,179,47,199,187,127,60,7,83,58,64,96,177,43,166,22,195,119,81,153,122,26,150,56,102,0,113,116,164,160,15,121];False
8820;6786;15606;[38,23,73,154,163,18,171,57,35,130,75,114,12,185,76,98,193,191,174,196,161,66,20,135,194,115,46,44,37,190,109,19,144,104,34,91,69,28,8,184,180,108,188,48,92,136,131,54,93,14,178,142,6,61,145,94,13,151,110,36,176,3,97,128,129,2,167,107,63,99,155,29,4,126,143,49,148,189,132,170,77,25,105,198,84,85,70,53,51,106,90,59,197,24,72,78,101,141,11,152,86,133,30,52,182,139,65,137,158,175,88,1,117,120,157,173,186,79,42,27,169,172,39,32,138,125,33,192,165,40,87,181,68,9,103,162,147,67,95,118,156,50,31,82,45,183,124,41,149,89,100,62,5,134,112,123,146,21,74,159,55,168,140,17,16,71,10,80,111,179,47,199,187,127,60,7,83,58,64,96,177,43,166,22,195,119,81,153,122,26,150,56,102,0,113,116,164,160,15,121];False
8190;7320;15510;[174,149,23,136,7,135,171,57,22,130,163,122,12,185,115,98,193,191,38,196,161,66,45,105,194,73,46,44,37,190,109,10,184,51,34,91,69,28,8,118,180,159,140,48,92,90,131,148,93,14,178,142,85,61,145,94,13,101,75,36,176,26,97,128,52,29,167,107,123,50,146,65,198,186,82,49,133,189,132,170,77,25,18,4,84,88,70,108,21,106,154,59,197,24,32,86,111,110,11,152,72,127,30,114,182,139,2,137,158,175,6,1,117,120,157,173,17,79,199,27,169,172,39,78,55,125,33,192,165,40,87,181,68,9,103,162,147,153,15,144,156,155,31,143,53,183,164,41,0,89,102,62,5,134,112,104,99,63,74,20,138,168,188,126,16,71,19,83,60,179,47,43,187,76,151,141,80,58,64,96,177,42,166,3,195,119,81,67,129,35,150,56,100,54,113,116,124,160,95,121];True
8735;6981;15716;[26,23,73,174,32,18,52,40,35,130,75,114,12,185,128,176,193,160,38,196,161,126,20,135,194,115,157,44,37,136,184,19,46,63,34,91,69,28,8,109,180,108,188,104,190,94,131,54,93,124,29,142,88,61,89,143,13,151,119,36,163,3,97,133,129,2,167,107,48,99,106,65,4,70,41,86,148,189,132,170,77,25,105,198,84,85,66,144,146,51,90,59,197,24,72,78,101,141,11,145,100,76,30,98,182,139,178,67,158,175,6,1,117,57,150,173,186,79,42,27,169,172,39,95,138,125,33,192,165,120,87,181,68,9,103,92,147,137,171,53,155,156,31,82,45,183,162,154,149,152,49,0,83,134,112,123,50,21,74,159,55,168,140,17,16,71,10,80,111,179,47,199,187,127,58,7,102,60,64,96,177,153,166,22,195,110,81,43,122,14,118,56,5,62,113,116,164,191,15,121];False
8685;7013;15698;[32,23,73,26,174,18,52,40,35,130,75,114,12,185,128,176,193,160,38,196,161,126,20,135,194,115,157,44,37,136,184,19,46,63,34,91,69,28,8,109,180,108,188,104,190,94,131,54,93,124,29,142,88,61,89,143,13,151,119,36,163,3,97,133,129,2,167,107,48,99,106,65,4,70,41,86,148,189,132,170,77,25,105,198,84,85,66,144,146,51,90,59,197,24,72,78,101,141,11,145,100,76,30,98,182,139,178,67,158,175,6,1,117,57,150,173,186,79,42,27,169,172,39,95,138,125,33,192,165,120,87,181,68,9,103,92,147,137,171,53,155,156,31,82,45,183,162,154,149,152,49,0,83,134,112,123,50,21,74,159,55,168,140,17,16,71,10,80,111,179,47,199,187,127,58,7,102,60,64,96,177,153,166,22,195,110,81,43,122,14,118,56,5,62,113,116,164,191,15,121];False
8727;6991;15718;[44,23,73,26,32,18,52,40,35,130,75,114,12,185,128,176,193,160,38,196,161,126,20,135,194,115,157,174,37,136,184,19,46,63,34,91,69,28,8,109,180,108,188,104,190,94,131,54,93,124,29,142,88,61,89,143,13,151,119,36,163,3,97,133,129,2,167,107,48,99,106,65,4,70,41,86,148,189,132,170,77,25,105,198,84,85,66,144,146,51,90,59,197,24,72,78,101,141,11,145,100,76,30,98,182,139,178,67,158,175,6,1,117,57,150,173,186,79,42,27,169,172,39,95,138,125,33,192,165,120,87,181,68,9,103,92,147,137,171,53,155,156,31,82,45,183,162,154,149,152,49,0,83,134,112,123,50,21,74,159,55,168,140,17,16,71,10,80,111,179,47,199,187,127,58,7,102,60,64,96,177,153,166,22,195,110,81,43,122,14,118,56,5,62,113,116,164,191,15,121];False
8813;6778;15591;[115,174,19,154,163,18,171,57,35,130,75,114,12,185,76,98,193,191,38,196,161,66,20,135,194,73,46,44,37,190,109,160,45,104,34,91,69,28,8,118,180,108,188,48,92,136,131,54,93,14,178,142,6,61,145,94,13,151,110,36,176,3,97,128,52,2,167,107,63,99,155,29,4,126,143,49,148,189,132,170,77,25,105,198,84,85,70,53,51,106,90,59,197,24,72,78,101,141,11,152,86,133,30,129,182,139,65,137,158,175,88,1,117,120,157,173,186,79,42,27,169,172,39,32,138,125,33,192,165,40,87,181,68,9,103,162,147,67,95,144,156,50,31,82,184,183,124,41,149,89,100,62,5,134,112,123,146,21,74,159,55,168,140,17,16,71,10,80,111,179,47,199,187,127,60,7,83,58,64,96,177,43,166,22,195,119,81,153,122,26,150,56,102,0,113,116,164,23,15,121];False
8797;6774;15571;[44,174,19,154,163,18,171,57,35,130,75,114,12,185,76,98,193,191,38,196,161,66,20,135,194,115,46,73,37,190,109,160,45,104,34,91,69,28,8,118,180,108,188,48,92,136,131,54,93,14,178,142,6,61,145,94,13,151,110,36,176,3,97,128,52,2,167,107,63,99,155,29,4,126,143,49,148,189,132,170,77,25,105,198,84,85,70,53,51,106,90,59,197,24,72,78,101,141,11,152,86,133,30,129,182,139,65,137,158,175,88,1,117,120,157,173,186,79,42,27,169,172,39,32,138,125,33,192,165,40,87,181,68,9,103,162,147,67,95,144,156,50,31,82,184,183,124,41,149,89,100,62,5,134,112,123,146,21,74,159,55,168,140,17,16,71,10,80,111,179,47,199,187,127,60,7,83,58,64,96,177,43,166,22,195,119,81,153,122,26,150,56,102,0,113,116,164,23,15,121];False
9023;6695;15718;[73,82,154,67,163,18,171,57,35,130,75,114,12,185,76,98,193,191,38,196,161,66,20,135,194,115,46,44,37,190,109,10,184,104,34,91,69,28,8,118,180,108,188,48,92,90,131,54,93,14,178,142,88,61,145,94,13,151,110,36,176,3,97,128,52,2,167,107,63,99,155,29,4,126,143,49,148,189,132,170,77,25,105,198,84,85,70,53,51,106,136,59,197,24,72,78,101,141,11,152,86,127,30,129,182,139,65,137,158,175,6,1,117,120,157,173,186,79,42,27,169,172,39,32,138,125,33,192,165,40,87,181,68,9,103,162,147,23,95,144,123,50,31,174,45,183,124,41,149,89,100,62,5,134,112,156,146,21,74,159,55,168,140,17,16,71,19,83,111,179,47,199,187,133,60,7,80,58,64,96,177,43,166,22,195,119,81,153,122,26,150,56,102,0,113,116,164,160,15,121];False
9028;6671;15699;[191,174,23,136,75,18,171,57,3,130,163,122,12,185,54,98,193,37,38,196,161,66,45,135,194,115,46,44,125,190,109,10,184,51,34,91,69,28,8,118,180,159,188,48,92,90,131,148,93,14,178,142,67,61,145,94,13,101,141,36,176,35,97,128,52,2,167,107,123,50,155,65,198,17,82,49,133,189,132,170,77,25,105,4,84,88,70,108,21,106,154,59,197,24,72,78,111,110,11,152,86,127,30,114,182,139,29,137,158,175,85,1,117,120,157,173,186,79,42,27,169,172,39,32,55,73,33,192,165,40,87,181,68,9,103,162,147,6,95,144,156,146,31,143,53,183,164,41,149,89,102,62,5,134,112,104,99,63,74,20,138,168,140,126,16,71,19,83,60,179,47,43,187,76,151,7,80,58,64,96,177,199,166,22,195,119,81,153,129,26,150,56,100,0,113,116,124,160,15,121];False
8973;6689;15662;[38,174,23,136,75,18,171,57,3,130,163,122,12,185,54,98,193,191,37,196,161,66,45,135,194,115,46,44,125,190,109,10,184,51,34,91,69,28,8,118,180,159,188,48,92,90,131,148,93,14,178,142,67,61,145,94,13,101,141,36,176,35,97,128,52,2,167,107,123,50,155,65,198,17,82,49,133,189,132,170,77,25,105,4,84,88,70,108,21,106,154,59,197,24,72,78,111,110,11,152,86,127,30,114,182,139,29,137,158,175,85,1,117,120,157,173,186,79,42,27,169,172,39,32,55,73,33,192,165,40,87,181,68,9,103,162,147,6,95,144,156,146,31,143,53,183,164,41,149,89,102,62,5,134,112,104,99,63,74,20,138,168,140,126,16,71,19,83,60,179,47,43,187,76,151,7,80,58,64,96,177,199,166,22,195,119,81,153,129,26,150,56,100,0,113,116,124,160,15,121];False
9176;6620;15796;[174,65,142,136,67,18,171,57,3,130,163,122,12,185,54,98,193,191,38,196,161,66,45,135,194,115,46,44,37,190,109,10,184,51,34,91,69,28,8,118,180,159,188,48,92,90,131,148,93,14,178,23,6,61,145,94,13,101,141,36,176,35,97,128,52,2,167,107,123,50,155,73,198,17,82,49,133,189,132,170,77,25,105,4,84,88,70,108,21,106,154,59,197,24,72,78,111,110,11,152,86,127,30,114,182,139,29,137,158,175,85,1,117,120,157,173,186,79,42,27,169,172,39,32,55,125,33,192,165,40,87,181,68,9,103,162,147,75,95,144,156,146,31,143,53,183,164,41,149,89,102,62,5,134,112,104,99,63,74,20,138,168,140,126,16,71,19,83,60,179,47,43,187,76,151,7,80,58,64,96,177,199,166,22,195,119,81,153,129,26,150,56,100,0,113,116,124,160,15,121];True
9512;6559;16071;[73,174,23,136,149,18,171,57,3,130,163,122,12,185,54,98,193,191,38,196,161,66,45,135,194,115,46,44,37,190,109,10,184,51,34,91,69,28,8,118,180,159,188,48,92,90,131,148,93,14,178,142,6,61,145,94,13,101,141,36,176,35,97,128,52,2,167,107,123,50,155,65,198,17,82,49,133,189,132,170,77,25,105,4,84,88,70,108,21,106,154,59,197,24,72,78,111,110,11,152,86,127,30,114,182,139,29,137,158,175,85,1,117,120,157,173,186,79,42,27,169,172,39,32,55,125,33,192,165,40,87,181,68,9,103,162,147,67,95,144,156,146,31,143,53,183,164,41,75,89,102,62,5,134,112,104,99,63,74,20,138,168,140,126,16,71,19,83,60,179,47,43,187,76,151,7,80,58,64,96,177,199,166,22,195,119,81,153,129,26,150,56,100,0,113,116,124,160,15,121];False
9379;6569;15948;[50,174,23,6,149,18,171,57,3,130,163,122,12,185,54,98,193,191,38,196,161,66,45,135,194,115,46,44,37,190,109,10,184,51,34,91,69,28,8,118,180,159,188,48,92,90,131,148,93,14,178,142,136,61,145,94,13,101,141,36,176,35,97,128,52,2,167,107,123,73,155,65,198,17,82,49,133,189,132,170,77,25,105,4,84,88,70,108,21,106,154,59,197,24,72,78,111,110,11,152,86,127,30,114,182,139,29,137,158,175,85,1,117,120,157,173,186,79,42,27,169,172,39,32,55,125,33,192,165,40,87,181,68,9,103,162,147,67,95,144,156,146,31,143,53,183,164,41,75,89,102,62,5,134,112,104,99,63,74,20,138,168,140,126,16,71,19,83,60,179,47,43,187,76,151,7,80,58,64,96,177,199,166,22,195,119,81,153,129,26,150,56,100,0,113,116,124,160,15,121];False
9320;6581;15901;[50,174,23,95,149,18,171,57,3,130,163,122,12,185,54,98,193,191,38,196,161,66,45,135,194,115,46,44,37,190,109,10,184,51,34,91,69,28,8,118,180,159,188,48,92,90,131,148,93,14,178,142,6,61,145,94,13,101,141,36,176,35,97,128,52,2,167,107,123,73,155,65,198,17,82,49,133,189,132,170,77,25,105,4,84,88,70,108,21,106,154,59,197,24,72,78,111,110,11,152,86,127,30,114,182,139,29,137,158,175,85,1,117,120,157,173,186,79,42,27,169,172,39,32,55,125,33,192,165,40,87,181,68,9,103,162,147,67,136,144,156,146,31,143,53,183,164,41,75,89,102,62,5,134,112,104,99,63,74,20,138,168,140,126,16,71,19,83,60,179,47,43,187,76,151,7,80,58,64,96,177,199,166,22,195,119,81,153,129,26,150,56,100,0,113,116,124,160,15,121];False
9556;6555;16111;[50,174,23,136,149,189,171,57,3,130,163,122,12,185,54,98,193,191,38,196,161,66,45,135,194,115,46,44,37,190,109,10,184,51,34,91,69,28,8,118,180,159,188,48,92,90,131,148,93,14,178,142,6,61,145,94,13,101,141,36,176,35,97,128,52,2,167,107,123,73,155,65,198,17,82,49,133,18,132,170,77,25,105,4,84,88,70,108,21,106,154,59,197,24,72,78,111,110,11,152,86,127,30,114,182,139,29,137,158,175,85,1,117,120,157,173,186,79,42,27,169,172,39,32,55,125,33,192,165,40,87,181,68,9,103,162,147,67,95,144,156,146,31,143,53,183,164,41,75,89,102,62,5,134,112,104,99,63,74,20,138,168,140,126,16,71,19,83,60,179,47,43,187,76,151,7,80,58,64,96,177,199,166,22,195,119,81,153,129,26,150,56,100,0,113,116,124,160,15,121];False
2089;8130;10219;[34,122,25,48,10,176,83,129,8,84,67,73,74,108,21,99,16,77,112,150,56,18,62,120,24,197,26,9,143,20,3,2,121,160,92,142,130,22,38,45,124,94,161,1,165,153,187,127,39,107,87,76,50,53,93,23,30,134,137,86,69,64,101,151,54,158,199,6,117,98,19,110,81,52,182,28,162,78,60,79,185,148,167,61,41,36,46,131,59,133,96,157,138,178,164,173,66,126,198,159,140,118,109,29,154,156,106,15,135,146,43,128,85,152,172,12,181,82,192,139,33,13,111,195,40,37,71,35,88,171,189,194,31,68,116,57,0,113,196,89,5,141,119,4,183,63,51,72,147,65,102,115,14,49,55,155,184,75,80,114,177,169,191,11,104,180,163,170,95,91,90,125,149,32,97,58,100,7,175,179,27,193,136,144,70,168,17,103,105,174,190,188,186,145,42,47,132,166,123,44];True
2371;8036;10407;[174,67,38,150,10,176,83,129,8,84,69,73,74,108,21,99,16,77,112,48,56,18,62,120,24,197,26,9,143,20,3,2,121,160,92,49,130,22,40,34,124,94,161,1,165,153,187,127,39,107,87,76,50,53,93,23,30,134,137,86,122,64,101,151,54,158,199,6,117,98,186,110,81,52,182,28,162,78,60,79,185,148,167,61,41,36,46,131,59,133,96,157,138,178,164,173,66,126,198,159,140,118,109,29,154,156,106,71,135,146,43,128,85,152,172,12,181,82,192,139,33,13,111,195,25,37,15,35,88,171,189,194,31,68,116,57,0,113,196,89,5,141,119,4,183,63,51,72,147,65,102,115,14,45,55,155,184,75,80,114,177,169,191,11,104,180,163,170,95,91,90,125,149,32,97,58,100,7,175,179,27,193,136,144,70,168,17,103,105,142,190,188,19,145,42,47,132,166,123,44];False
2232;8073;10305;[174,67,38,150,10,176,83,129,8,84,122,73,74,56,21,99,16,77,112,48,108,18,62,120,24,197,26,9,143,20,3,2,121,160,92,49,130,22,40,34,124,94,161,1,165,153,187,127,39,107,87,76,50,53,93,23,30,134,137,86,69,64,101,151,54,158,199,6,117,98,186,110,81,52,182,28,162,78,60,79,185,148,167,61,41,36,46,131,59,133,96,157,138,178,164,173,66,126,198,159,140,118,109,29,154,156,106,71,135,146,43,128,85,152,172,12,181,82,192,139,33,13,111,195,25,37,15,35,88,171,189,194,31,68,116,57,0,113,196,89,5,141,119,4,183,63,51,72,147,65,102,115,14,45,55,155,184,75,80,114,177,169,191,11,104,180,163,170,95,91,90,125,149,32,97,58,100,7,175,179,27,193,136,144,70,168,17,103,105,142,190,188,19,145,42,47,132,166,123,44];True
2535;8032;10567;[84,67,25,160,10,176,83,129,8,198,69,73,74,108,21,99,16,77,112,150,56,18,62,120,24,197,26,9,143,20,3,2,121,48,92,49,130,22,38,174,124,94,161,1,165,153,187,127,39,107,87,76,50,53,93,23,30,134,137,86,122,64,101,151,54,158,199,6,117,98,19,110,81,52,182,28,162,78,60,79,185,148,167,61,41,36,46,131,59,133,96,157,138,178,164,173,66,126,34,159,140,118,109,72,154,156,106,71,135,146,43,128,85,152,172,12,181,82,192,139,33,13,111,195,40,37,15,35,88,171,189,194,31,68,116,57,0,113,196,89,5,141,119,4,183,63,51,29,147,65,102,115,14,45,55,155,184,75,80,114,177,169,191,11,104,180,163,170,95,91,90,125,149,32,97,58,100,7,175,179,27,193,136,144,70,168,17,103,105,142,190,188,186,145,42,47,132,166,123,44];False
1689;9020;10709;[143,67,12,193,10,1,2,129,8,48,122,107,174,118,105,99,141,17,45,15,173,18,25,120,24,197,26,9,109,20,146,49,147,65,92,142,130,22,38,34,3,94,75,112,165,153,187,127,39,73,87,76,50,53,93,23,30,134,58,86,181,82,101,151,54,158,121,6,117,98,78,110,81,52,108,74,183,192,135,79,185,148,167,61,59,36,46,5,41,133,96,157,138,178,152,56,66,126,198,159,140,19,51,29,154,156,160,71,69,190,43,128,85,164,111,83,40,124,150,139,33,13,172,195,182,37,60,35,88,145,189,194,31,171,116,57,186,113,196,89,162,106,119,28,4,97,131,0,199,62,102,115,14,114,55,155,184,161,80,137,177,169,191,11,104,180,163,170,95,91,90,125,149,32,68,63,100,7,175,84,27,16,136,144,70,168,64,103,21,72,77,188,179,176,42,47,132,166,123,44];True
1783;8967;10750;[34,49,112,48,10,1,2,129,8,84,122,107,3,19,105,99,141,17,193,15,173,18,25,120,24,197,26,9,109,20,146,114,147,65,92,142,130,22,38,174,67,94,75,12,165,153,187,127,39,73,87,76,50,53,93,23,30,134,58,86,181,82,101,151,54,158,121,6,117,98,78,110,81,52,108,74,183,192,135,79,185,148,167,61,59,36,46,5,41,133,96,157,138,178,152,56,66,126,198,159,140,118,51,29,154,156,160,71,69,190,43,128,85,164,111,83,40,124,150,139,33,13,172,195,182,149,60,35,88,145,189,194,31,171,116,57,186,113,196,89,162,106,119,28,4,97,131,0,199,62,102,115,14,45,55,155,184,161,80,137,177,169,191,11,104,180,163,170,95,91,90,125,37,32,68,63,100,7,175,143,27,16,136,144,70,168,64,103,21,72,77,188,179,176,42,47,132,166,123,44];True
1772;8994;10766;[34,71,112,48,10,1,2,129,8,84,122,107,49,19,105,99,141,17,193,15,173,18,25,120,24,197,26,9,109,20,146,114,147,65,92,142,130,22,38,174,67,94,75,12,165,153,187,127,39,73,87,76,50,53,93,23,30,134,58,86,181,82,101,151,54,158,121,6,117,98,78,110,81,52,108,74,183,192,135,79,185,148,167,61,59,36,46,5,41,133,96,157,138,178,152,56,66,126,198,159,140,118,51,29,154,156,160,3,69,190,43,128,85,164,111,83,40,124,150,139,33,13,172,195,182,149,60,35,88,145,189,194,31,171,116,57,186,113,196,89,162,106,119,28,4,97,131,0,199,62,102,115,14,45,55,155,184,161,80,137,177,169,191,11,104,180,163,170,95,91,90,125,37,32,68,63,100,7,175,143,27,16,136,144,70,168,64,103,21,72,77,188,179,176,42,47,132,166,123,44];False
1952;8728;10680;[19,64,112,48,174,1,2,129,8,84,122,107,10,4,105,99,16,77,193,60,56,18,62,120,24,197,26,9,109,20,3,91,121,25,92,49,130,22,38,34,67,94,75,12,165,153,187,127,39,73,87,76,50,53,93,23,30,134,58,86,181,82,101,151,54,158,199,6,117,98,78,110,81,52,69,28,162,192,135,79,185,148,167,61,59,36,46,131,41,133,96,157,138,178,164,173,66,126,198,159,140,118,186,29,154,156,160,71,108,146,43,128,85,152,111,83,182,124,150,139,33,13,172,195,40,37,15,35,88,145,189,194,31,171,116,57,0,113,196,89,5,141,119,74,183,97,51,72,147,65,102,115,14,45,55,155,184,161,80,114,177,169,191,11,104,180,163,170,95,137,90,125,149,32,68,63,100,7,175,143,27,106,136,144,70,168,17,103,21,142,190,188,179,176,42,47,132,166,123,44];False
1913;8800;10713;[25,64,112,48,10,1,91,129,8,84,122,107,174,19,105,99,16,77,193,60,56,18,62,120,24,197,26,9,109,20,3,2,121,4,92,49,130,22,38,34,67,94,75,12,165,153,187,127,39,73,87,76,50,53,93,23,30,134,58,86,181,82,101,151,54,158,199,6,117,98,78,110,81,52,69,28,162,192,135,79,185,148,167,61,59,36,46,131,41,133,96,157,138,178,164,173,66,126,198,159,140,118,186,29,154,156,160,71,108,146,43,128,85,152,111,83,40,124,150,139,33,13,172,195,182,37,15,35,88,145,189,194,31,171,116,57,0,113,196,89,5,141,119,74,183,97,51,72,147,65,102,115,14,45,55,155,184,161,80,114,177,169,191,11,104,180,163,170,95,137,90,125,149,32,68,63,100,7,175,143,27,106,136,144,70,168,17,103,21,142,190,188,179,176,42,47,132,166,123,44];True
6781;7868;14649;[22,132,7,136,174,135,171,57,169,130,163,122,12,199,149,98,193,191,38,196,161,66,45,105,194,115,46,44,139,190,109,111,184,51,34,91,69,28,8,118,180,27,140,48,92,90,131,148,9,14,3,142,29,61,145,94,13,101,75,36,176,26,164,128,52,2,167,170,123,50,146,71,198,73,82,49,133,166,186,107,77,159,18,4,181,88,70,108,21,106,154,59,197,24,32,195,10,110,11,152,72,127,30,114,182,37,85,55,158,175,6,1,117,120,157,173,17,79,185,102,23,172,39,78,83,125,33,35,165,40,87,84,68,93,103,65,147,153,15,144,156,155,31,143,53,183,97,41,0,89,25,62,5,134,112,104,99,160,74,20,138,168,188,126,16,162,19,137,60,179,47,43,187,76,151,141,80,58,64,96,177,42,189,178,86,119,81,67,129,192,150,56,100,54,113,116,124,63,95,121];False
6659;7932;14591;[169,132,22,136,174,135,171,57,7,130,163,122,12,199,149,98,193,191,38,196,161,66,45,105,194,115,46,44,139,190,109,111,184,51,34,91,69,28,8,118,180,27,140,48,92,90,131,148,9,14,3,142,29,61,145,94,13,101,75,36,176,26,164,128,52,2,167,170,123,50,146,71,198,73,82,49,133,166,186,107,77,159,18,4,181,88,70,108,21,106,154,59,197,24,32,195,10,110,11,152,72,127,30,114,182,37,85,55,158,175,6,1,117,120,157,173,17,79,185,102,23,172,39,78,83,125,33,35,165,40,87,84,68,93,103,65,147,153,15,144,156,155,31,143,53,183,97,41,0,89,25,62,5,134,112,104,99,160,74,20,138,168,188,126,16,162,19,137,60,179,47,43,187,76,151,141,80,58,64,96,177,42,189,178,86,119,81,67,129,192,150,56,100,54,113,116,124,63,95,121];True
6710;7921;14631;[130,132,22,136,174,135,171,57,169,7,163,122,12,199,149,98,193,191,38,196,161,66,45,105,194,115,46,44,139,190,109,111,184,51,34,91,69,28,8,118,180,27,140,48,92,90,131,148,9,14,3,142,29,61,145,94,13,101,75,36,176,26,164,128,52,2,167,170,123,50,146,71,198,73,82,49,133,166,186,107,77,159,18,4,181,88,70,108,21,106,154,59,197,24,32,195,10,110,11,152,72,127,30,114,182,37,85,55,158,175,6,1,117,120,157,173,17,79,185,102,23,172,39,78,83,125,33,35,165,40,87,84,68,93,103,65,147,153,15,144,156,155,31,143,53,183,97,41,0,89,25,62,5,134,112,104,99,160,74,20,138,168,188,126,16,162,19,137,60,179,47,43,187,76,151,141,80,58,64,96,177,42,189,178,86,119,81,67,129,192,150,56,100,54,113,116,124,63,95,121];False
7025;7798;14823;[124,174,22,66,7,135,171,57,23,130,163,122,12,199,149,98,193,191,38,196,161,136,45,105,194,115,46,44,139,190,109,111,184,51,34,91,69,28,8,118,180,25,140,48,92,90,131,148,9,14,3,142,29,61,145,94,13,101,75,36,176,26,164,128,52,2,167,107,123,50,146,71,198,132,82,49,133,189,186,170,77,159,18,4,181,88,70,108,21,106,154,59,197,24,32,195,10,110,11,152,72,127,30,114,182,37,85,55,158,175,6,1,117,120,157,173,17,79,185,102,169,172,39,78,83,125,33,35,165,40,87,84,68,93,103,65,147,153,15,144,156,155,31,143,53,183,97,41,0,89,27,62,5,134,112,104,99,160,74,20,138,168,188,126,16,162,19,137,60,179,47,43,187,76,151,141,80,58,64,96,177,42,166,178,86,119,81,67,129,192,150,56,100,54,113,116,73,63,95,121];True
7409;7749;15158;[105,174,23,136,7,135,171,57,22,130,163,122,12,185,149,98,193,191,38,196,161,66,45,34,194,115,46,44,139,190,109,111,184,51,198,91,69,28,8,118,180,159,140,48,92,90,131,148,9,14,3,142,29,61,145,94,13,101,75,36,176,26,164,128,52,2,167,107,123,50,146,65,71,186,32,49,133,189,132,170,77,25,18,4,84,88,70,108,21,106,154,59,197,24,82,195,10,110,11,152,72,127,30,114,182,37,85,55,158,175,6,1,117,120,157,173,17,79,199,102,169,172,39,78,83,125,33,35,165,40,87,181,68,93,103,73,147,153,15,144,156,155,31,143,53,183,97,41,0,89,27,62,5,134,112,104,99,160,74,20,138,168,188,126,16,162,19,137,60,179,47,43,187,76,151,141,80,58,64,96,177,42,166,178,86,119,81,67,129,192,150,56,100,54,113,116,124,63,95,121];False
7504;7672;15176;[32,15,23,194,182,87,6,88,171,163,75,86,12,185,0,73,65,160,38,196,132,14,20,191,174,3,157,183,37,138,184,115,25,99,108,35,193,28,8,154,13,198,188,55,44,94,131,47,68,123,106,78,52,91,69,61,176,59,11,57,189,26,175,62,120,2,89,107,48,63,29,164,4,126,41,114,112,165,153,7,77,177,169,72,84,85,66,45,124,51,90,134,197,168,74,142,101,81,36,145,100,111,122,98,139,105,180,67,158,30,40,96,76,93,150,173,46,10,42,27,24,187,39,95,1,125,33,127,128,129,18,181,148,9,103,92,136,137,43,53,146,190,31,82,144,121,162,147,149,152,49,151,97,130,113,155,17,21,34,159,109,135,140,50,16,118,166,80,133,178,170,199,172,79,117,102,110,60,64,179,58,161,192,22,195,83,186,54,119,167,71,56,5,141,19,116,70,104,143,156];False
7690;7587;15277;[174,38,23,136,7,135,171,57,22,130,163,122,12,185,149,98,193,191,37,196,161,66,45,105,194,115,46,44,50,190,109,111,184,51,34,91,69,28,8,118,180,159,140,48,92,90,131,148,9,14,178,142,85,61,145,94,13,101,75,36,176,26,164,128,52,2,167,107,123,73,146,65,198,186,82,49,133,189,132,170,77,25,18,4,84,88,70,108,21,106,154,59,197,24,32,195,10,110,11,152,72,127,30,114,182,139,29,137,158,175,6,1,117,120,157,173,17,79,199,102,169,172,39,78,83,125,33,192,165,40,87,181,68,93,103,162,147,153,15,144,156,155,31,143,53,183,97,41,0,89,27,62,5,134,112,104,99,160,74,20,138,168,188,126,16,71,19,55,60,179,47,43,187,76,151,141,80,58,64,96,177,42,166,3,86,119,81,67,129,35,150,56,100,54,113,116,124,63,95,121];True
8071;7388;15459;[174,23,7,136,115,135,171,57,22,130,163,122,12,185,149,98,193,191,38,196,161,66,45,105,194,73,46,44,37,190,109,10,184,51,34,91,69,28,8,118,180,159,140,48,92,90,131,148,93,14,178,142,85,61,145,94,13,101,75,36,176,26,164,128,52,2,167,107,123,50,146,65,198,186,82,49,133,189,132,170,77,25,18,4,84,88,70,108,21,106,154,59,197,24,32,195,111,110,11,152,72,127,30,114,182,139,29,137,158,175,6,1,117,120,157,173,17,79,199,27,169,172,39,78,55,125,33,192,165,40,87,181,68,9,103,162,147,153,15,144,156,155,31,143,53,183,97,41,0,89,102,62,5,134,112,104,99,160,74,20,138,168,188,126,16,71,19,83,60,179,47,43,187,76,151,141,80,58,64,96,177,42,166,3,86,119,81,67,129,35,150,56,100,54,113,116,124,63,95,121];False
7945;7436;15381;[191,174,7,136,115,135,171,57,22,130,163,122,12,185,149,98,193,23,38,196,161,66,45,105,194,73,46,44,37,190,109,10,184,51,34,91,69,28,8,118,180,159,140,48,92,90,131,148,93,14,178,142,85,61,145,94,13,101,75,36,176,26,164,128,52,2,167,107,123,50,146,65,198,186,82,49,133,189,132,170,77,25,18,4,84,88,70,108,21,106,154,59,197,24,32,195,111,110,11,152,72,127,30,114,182,139,29,137,158,175,6,1,117,120,157,173,17,79,199,27,169,172,39,78,55,125,33,192,165,40,87,181,68,9,103,162,147,153,15,144,156,155,31,143,53,183,97,41,0,89,102,62,5,134,112,104,99,160,74,20,138,168,188,126,16,71,19,83,60,179,47,43,187,76,151,141,80,58,64,96,177,42,166,3,86,119,81,67,129,35,150,56,100,54,113,116,124,63,95,121];False
8752;6952;15704;[23,26,73,174,32,18,52,40,35,130,75,114,12,185,128,176,193,160,38,196,161,126,20,135,194,115,157,44,37,136,184,19,46,63,34,91,69,28,8,109,180,108,188,104,190,94,131,54,93,124,29,142,88,61,89,143,13,151,119,36,163,3,97,133,129,2,167,107,48,99,106,65,4,70,41,86,148,189,132,170,77,25,105,198,84,85,66,144,146,51,90,59,197,24,72,78,101,141,11,145,100,76,30,98,182,139,178,67,158,175,6,1,117,57,150,173,186,79,42,27,169,172,39,95,138,125,33,192,165,120,87,181,68,9,103,92,147,137,171,53,155,156,31,82,45,183,162,154,149,152,49,0,83,134,112,123,50,21,74,159,55,168,140,17,16,71,10,80,111,179,47,199,187,127,58,7,102,60,64,96,177,153,166,22,195,110,81,43,122,14,118,56,5,62,113,116,164,191,15,121];False
8784;6937;15721;[73,23,26,174,32,18,52,40,35,130,75,114,12,185,128,176,193,160,38,196,161,126,20,135,194,115,157,44,37,136,184,19,46,63,34,91,69,28,8,109,180,108,188,104,190,94,131,54,93,124,29,142,88,61,89,143,13,151,119,36,163,3,97,133,129,2,167,107,48,99,106,65,4,70,41,86,148,189,132,170,77,25,105,198,84,85,66,144,146,51,90,59,197,24,72,78,101,141,11,145,100,76,30,98,182,139,178,67,158,175,6,1,117,57,150,173,186,79,42,27,169,172,39,95,138,125,33,192,165,120,87,181,68,9,103,92,147,137,171,53,155,156,31,82,45,183,162,154,149,152,49,0,83,134,112,123,50,21,74,159,55,168,140,17,16,71,10,80,111,179,47,199,187,127,58,7,102,60,64,96,177,153,166,22,195,110,81,43,122,14,118,56,5,62,113,116,164,191,15,121];False
8669;7014;15683;[26,23,73,44,32,18,52,40,35,130,75,114,12,185,128,176,193,160,38,196,161,126,20,135,194,115,157,174,37,136,184,19,46,63,34,91,69,28,8,109,180,108,188,104,190,94,131,54,93,124,29,142,88,61,89,143,13,151,119,36,163,3,97,133,129,2,167,107,48,99,106,65,4,70,41,86,148,189,132,170,77,25,105,198,84,85,66,144,146,51,90,59,197,24,72,78,101,141,11,145,100,76,30,98,182,139,178,67,158,175,6,1,117,57,150,173,186,79,42,27,169,172,39,95,138,125,33,192,165,120,87,181,68,9,103,92,147,137,171,53,155,156,31,82,45,183,162,154,149,152,49,0,83,134,112,123,50,21,74,159,55,168,140,17,16,71,10,80,111,179,47,199,187,127,58,7,102,60,64,96,177,153,166,22,195,110,81,43,122,14,118,56,5,62,113,116,164,191,15,121];False
8702;6826;15528;[163,174,19,154,44,18,171,57,35,130,75,114,12,185,76,98,193,191,38,196,161,66,20,135,194,115,46,73,37,190,109,160,45,104,34,91,69,28,8,118,180,108,188,48,92,136,131,54,93,14,178,142,6,61,145,94,13,151,110,36,176,3,97,128,52,2,167,107,63,99,155,29,4,126,143,49,148,189,132,170,77,25,105,198,84,85,70,53,51,106,90,59,197,24,72,78,101,141,11,152,86,133,30,129,182,139,65,137,158,175,88,1,117,120,157,173,186,79,42,27,169,172,39,32,138,125,33,192,165,40,87,181,68,9,103,162,147,67,95,144,156,50,31,82,184,183,124,41,149,89,100,62,5,134,112,123,146,21,74,159,55,168,140,17,16,71,10,80,111,179,47,199,187,127,60,7,83,58,64,96,177,43,166,22,195,119,81,153,122,26,150,56,102,0,113,116,164,23,15,121];False
8763;6821;15584;[35,174,19,154,163,18,171,57,44,130,75,114,12,185,76,98,193,191,38,196,161,66,20,135,194,115,46,73,37,190,109,160,45,104,34,91,69,28,8,118,180,108,188,48,92,136,131,54,93,14,178,142,6,61,145,94,13,151,110,36,176,3,97,128,52,2,167,107,63,99,155,29,4,126,143,49,148,189,132,170,77,25,105,198,84,85,70,53,51,106,90,59,197,24,72,78,101,141,11,152,86,133,30,129,182,139,65,137,158,175,88,1,117,120,157,173,186,79,42,27,169,172,39,32,138,125,33,192,165,40,87,181,68,9,103,162,147,67,95,144,156,50,31,82,184,183,124,41,149,89,100,62,5,134,112,123,146,21,74,159,55,168,140,17,16,71,10,80,111,179,47,199,187,127,60,7,83,58,64,96,177,43,166,22,195,119,81,153,122,26,150,56,102,0,113,116,164,23,15,121];False
9014;6659;15673;[174,191,23,136,75,18,171,57,3,130,163,122,12,185,54,98,193,37,38,196,161,66,45,135,194,115,46,44,125,190,109,10,184,51,34,91,69,28,8,118,180,159,188,48,92,90,131,148,93,14,178,142,67,61,145,94,13,101,141,36,176,35,97,128,52,2,167,107,123,50,155,65,198,17,82,49,133,189,132,170,77,25,105,4,84,88,70,108,21,106,154,59,197,24,72,78,111,110,11,152,86,127,30,114,182,139,29,137,158,175,85,1,117,120,157,173,186,79,42,27,169,172,39,32,55,73,33,192,165,40,87,181,68,9,103,162,147,6,95,144,156,146,31,143,53,183,164,41,149,89,102,62,5,134,112,104,99,63,74,20,138,168,140,126,16,71,19,83,60,179,47,43,187,76,151,7,80,58,64,96,177,199,166,22,195,119,81,153,129,26,150,56,100,0,113,116,124,160,15,121];True
9118;6642;15760;[44,65,142,136,67,18,171,57,3,130,163,122,12,185,54,98,193,191,38,196,161,66,45,135,194,115,46,174,37,190,109,10,184,51,34,91,69,28,8,118,180,159,188,48,92,90,131,148,93,14,178,23,6,61,145,94,13,101,141,36,176,35,97,128,52,2,167,107,123,50,155,73,198,17,82,49,133,189,132,170,77,25,105,4,84,88,70,108,21,106,154,59,197,24,72,78,111,110,11,152,86,127,30,114,182,139,29,137,158,175,85,1,117,120,157,173,186,79,42,27,169,172,39,32,55,125,33,192,165,40,87,181,68,9,103,162,147,75,95,144,156,146,31,143,53,183,164,41,149,89,102,62,5,134,112,104,99,63,74,20,138,168,140,126,16,71,19,83,60,179,47,43,187,76,151,7,80,58,64,96,177,199,166,22,195,119,81,153,129,26,150,56,100,0,113,116,124,160,15,121];False
9328;6570;15898;[73,174,23,6,149,18,171,57,3,130,163,122,12,185,54,98,193,191,38,196,161,66,45,135,194,115,46,44,37,190,109,10,184,51,34,91,69,28,8,118,180,159,188,48,92,90,131,148,93,14,178,142,136,61,145,94,13,101,141,36,176,35,97,128,52,2,167,107,123,50,155,65,198,17,82,49,133,189,132,170,77,25,105,4,84,88,70,108,21,106,154,59,197,24,72,78,111,110,11,152,86,127,30,114,182,139,29,137,158,175,85,1,117,120,157,173,186,79,42,27,169,172,39,32,55,125,33,192,165,40,87,181,68,9,103,162,147,67,95,144,156,146,31,143,53,183,164,41,75,89,102,62,5,134,112,104,99,63,74,20,138,168,140,126,16,71,19,83,60,179,47,43,187,76,151,7,80,58,64,96,177,199,166,22,195,119,81,153,129,26,150,56,100,0,113,116,124,160,15,121];False
9269;6582;15851;[73,174,23,95,149,18,171,57,3,130,163,122,12,185,54,98,193,191,38,196,161,66,45,135,194,115,46,44,37,190,109,10,184,51,34,91,69,28,8,118,180,159,188,48,92,90,131,148,93,14,178,142,6,61,145,94,13,101,141,36,176,35,97,128,52,2,167,107,123,50,155,65,198,17,82,49,133,189,132,170,77,25,105,4,84,88,70,108,21,106,154,59,197,24,72,78,111,110,11,152,86,127,30,114,182,139,29,137,158,175,85,1,117,120,157,173,186,79,42,27,169,172,39,32,55,125,33,192,165,40,87,181,68,9,103,162,147,67,136,144,156,146,31,143,53,183,164,41,75,89,102,62,5,134,112,104,99,63,74,20,138,168,140,126,16,71,19,83,60,179,47,43,187,76,151,7,80,58,64,96,177,199,166,22,195,119,81,153,129,26,150,56,100,0,113,116,124,160,15,121];False
9505;6556;16061;[73,174,23,136,149,189,171,57,3,130,163,122,12,185,54,98,193,191,38,196,161,66,45,135,194,115,46,44,37,190,109,10,184,51,34,91,69,28,8,118,180,159,188,48,92,90,131,148,93,14,178,142,6,61,145,94,13,101,141,36,176,35,97,128,52,2,167,107,123,50,155,65,198,17,82,49,133,18,132,170,77,25,105,4,84,88,70,108,21,106,154,59,197,24,72,78,111,110,11,152,86,127,30,114,182,139,29,137,158,175,85,1,117,120,157,173,186,79,42,27,169,172,39,32,55,125,33,192,165,40,87,181,68,9,103,162,147,67,95,144,156,146,31,143,53,183,164,41,75,89,102,62,5,134,112,104,99,63,74,20,138,168,140,126,16,71,19,83,60,179,47,43,187,76,151,7,80,58,64,96,177,199,166,22,195,119,81,153,129,26,150,56,100,0,113,116,124,160,15,121];False
9427;6568;15995;[50,174,67,136,149,189,171,57,3,130,163,122,12,185,54,98,193,191,38,196,161,66,45,135,194,115,46,44,37,190,109,10,184,51,34,91,69,28,8,118,180,159,188,48,92,90,131,148,93,14,178,142,6,61,145,94,13,101,141,36,176,35,97,128,52,2,167,107,123,73,155,65,198,17,82,49,133,18,132,170,77,25,105,4,84,88,70,108,21,106,154,59,197,24,72,78,111,110,11,152,86,127,30,114,182,139,29,137,158,175,85,1,117,120,157,173,186,79,42,27,169,172,39,32,55,125,33,192,165,40,87,181,68,9,103,162,147,23,95,144,156,146,31,143,53,183,164,41,75,89,102,62,5,134,112,104,99,63,74,20,138,168,140,126,16,71,19,83,60,179,47,43,187,76,151,7,80,58,64,96,177,199,166,22,195,119,81,153,129,26,150,56,100,0,113,116,124,160,15,121];False
2059;8159;10218;[34,122,25,48,10,176,83,129,8,84,124,73,74,108,21,99,16,77,112,150,56,18,62,120,24,197,26,9,143,20,3,2,121,160,92,142,130,22,38,45,67,94,161,1,165,153,187,127,39,107,87,76,50,53,93,23,30,134,137,86,69,64,101,151,54,158,199,6,117,98,19,110,81,52,182,28,162,78,60,79,185,148,167,61,41,36,46,131,59,133,96,157,138,178,164,173,66,126,198,159,140,118,109,29,154,156,106,15,135,146,43,128,85,152,172,12,181,82,192,139,33,13,111,195,40,37,71,35,88,171,189,194,31,68,116,57,0,113,196,89,5,141,119,4,183,63,51,72,147,65,102,115,14,49,55,155,184,75,80,114,177,169,191,11,104,180,163,170,95,91,90,125,149,32,97,58,100,7,175,179,27,193,136,144,70,168,17,103,105,174,190,188,186,145,42,47,132,166,123,44];False
2053;8161;10214;[34,122,25,48,10,176,83,129,8,84,67,61,74,108,21,99,16,77,112,150,56,18,62,120,24,197,26,9,143,20,3,2,121,160,92,142,130,22,38,45,124,94,161,1,165,153,187,127,39,107,87,76,50,53,93,23,30,134,137,86,69,64,101,151,54,158,199,6,117,98,19,110,81,52,182,28,162,78,60,79,185,148,167,73,41,36,46,131,59,133,96,157,138,178,164,173,66,126,198,159,140,118,109,29,154,156,106,15,135,146,43,128,85,152,172,12,181,82,192,139,33,13,111,195,40,37,71,35,88,171,189,194,31,68,116,57,0,113,196,89,5,141,119,4,183,63,51,72,147,65,102,115,14,49,55,155,184,75,80,114,177,169,191,11,104,180,163,170,95,91,90,125,149,32,97,58,100,7,175,179,27,193,136,144,70,168,17,103,105,174,190,188,186,145,42,47,132,166,123,44];True
2209;8078;10287;[174,67,40,150,10,176,83,129,8,84,122,73,74,56,21,99,16,77,112,48,108,18,62,120,24,197,26,9,143,20,3,2,121,160,92,49,130,22,38,34,124,94,161,1,165,153,187,127,39,107,87,76,50,53,93,23,30,134,137,86,69,64,101,151,54,158,199,6,117,98,186,110,81,52,182,28,162,78,60,79,185,148,167,61,41,36,46,131,59,133,96,157,138,178,164,173,66,126,198,159,140,118,109,29,154,156,106,71,135,146,43,128,85,152,172,12,181,82,192,139,33,13,111,195,25,37,15,35,88,171,189,194,31,68,116,57,0,113,196,89,5,141,119,4,183,63,51,72,147,65,102,115,14,45,55,155,184,75,80,114,177,169,191,11,104,180,163,170,95,91,90,125,149,32,97,58,100,7,175,179,27,193,136,144,70,168,17,103,105,142,190,188,19,145,42,47,132,166,123,44];True
2369;8032;10401;[174,67,38,150,10,176,83,129,8,84,69,73,74,56,21,99,16,77,112,48,108,18,62,120,24,197,26,9,143,20,3,2,121,160,92,49,130,22,40,34,124,94,161,1,165,153,187,127,39,107,87,76,50,53,93,23,30,134,137,86,122,64,101,151,54,158,199,6,117,98,186,110,81,52,182,28,162,78,60,79,185,148,167,61,41,36,46,131,59,133,96,157,138,178,164,173,66,126,198,159,140,118,109,29,154,156,106,71,135,146,43,128,85,152,172,12,181,82,192,139,33,13,111,195,25,37,15,35,88,171,189,194,31,68,116,57,0,113,196,89,5,141,119,4,183,63,51,72,147,65,102,115,14,45,55,155,184,75,80,114,177,169,191,11,104,180,163,170,95,91,90,125,149,32,97,58,100,7,175,179,27,193,136,144,70,168,17,103,105,142,190,188,19,145,42,47,132,166,123,44];True
2320;8040;10360;[174,67,38,150,10,176,83,129,8,84,122,73,74,56,21,99,16,77,112,48,108,18,69,120,24,197,26,9,143,20,3,2,121,160,92,49,130,22,40,34,124,94,161,1,165,153,187,127,39,107,87,76,50,53,93,23,30,134,137,86,62,64,101,151,54,158,199,6,117,98,186,110,81,52,182,28,162,78,60,79,185,148,167,61,41,36,46,131,59,133,96,157,138,178,164,173,66,126,198,159,140,118,109,29,154,156,106,71,135,146,43,128,85,152,172,12,181,82,192,139,33,13,111,195,25,37,15,35,88,171,189,194,31,68,116,57,0,113,196,89,5,141,119,4,183,63,51,72,147,65,102,115,14,45,55,155,184,75,80,114,177,169,191,11,104,180,163,170,95,91,90,125,149,32,97,58,100,7,175,179,27,193,136,144,70,168,17,103,105,142,190,188,19,145,42,47,132,166,123,44];True
1634;9036;10670;[84,67,12,193,10,1,2,129,8,48,122,107,174,118,105,99,141,17,45,15,173,18,25,120,24,197,26,9,109,20,146,49,147,65,92,142,130,22,38,34,3,94,75,112,165,153,187,127,39,73,87,76,50,53,93,23,30,134,58,86,181,82,101,151,54,158,121,6,117,98,78,110,81,52,108,74,183,192,135,79,185,148,167,61,59,36,46,5,41,133,96,157,138,178,152,56,66,126,198,159,140,19,51,29,154,156,160,71,69,190,43,128,85,164,111,83,40,124,150,139,33,13,172,195,182,37,60,35,88,145,189,194,31,171,116,57,186,113,196,89,162,106,119,28,4,97,131,0,199,62,102,115,14,114,55,155,184,161,80,137,177,169,191,11,104,180,163,170,95,91,90,125,149,32,68,63,100,7,175,143,27,16,136,144,70,168,64,103,21,72,77,188,179,176,42,47,132,166,123,44];True
1754;9012;10766;[143,67,61,193,10,1,2,129,8,48,122,107,174,118,105,99,141,17,45,15,173,18,25,120,24,197,26,9,109,20,146,49,147,65,92,142,130,22,38,34,3,94,75,112,165,153,187,127,39,73,87,76,50,53,93,23,30,134,58,86,181,82,101,151,54,158,121,6,117,98,78,110,81,52,108,74,183,192,135,79,185,148,167,12,59,36,46,5,41,133,96,157,138,178,152,56,66,126,198,159,140,19,51,29,154,156,160,71,69,190,43,128,85,164,111,83,40,124,150,139,33,13,172,195,182,37,60,35,88,145,189,194,31,171,116,57,186,113,196,89,162,106,119,28,4,97,131,0,199,62,102,115,14,114,55,155,184,161,80,137,177,169,191,11,104,180,163,170,95,91,90,125,149,32,68,63,100,7,175,84,27,16,136,144,70,168,64,103,21,72,77,188,179,176,42,47,132,166,123,44];False
1978;8689;10667;[131,64,112,48,174,1,2,129,8,84,122,107,10,4,105,99,16,77,193,60,56,18,62,120,24,197,26,9,109,20,3,91,121,25,92,49,130,22,38,34,67,94,75,12,165,153,187,127,39,73,87,76,50,53,93,23,30,134,58,86,181,82,101,151,54,158,199,6,117,98,78,110,81,52,69,28,162,192,135,79,185,148,167,61,59,36,46,19,41,133,96,157,138,178,164,173,66,126,198,159,140,118,186,29,154,156,160,71,108,146,43,128,85,152,111,83,182,124,150,139,33,13,172,195,40,37,15,35,88,145,189,194,31,171,116,57,0,113,196,89,5,141,119,74,183,97,51,72,147,65,102,115,14,45,55,155,184,161,80,114,177,169,191,11,104,180,163,170,95,137,90,125,149,32,68,63,100,7,175,143,27,106,136,144,70,168,17,103,21,142,190,188,179,176,42,47,132,166,123,44];False
1933;8756;10689;[97,64,112,48,10,1,91,129,8,84,122,107,174,19,105,99,16,77,193,60,56,18,62,120,24,197,26,9,109,20,3,2,121,4,92,49,130,22,38,34,67,94,75,12,165,153,187,127,39,73,87,76,50,53,93,23,30,134,58,86,181,82,101,151,54,158,199,6,117,98,78,110,81,52,69,28,162,192,135,79,185,148,167,61,59,36,46,131,41,133,96,157,138,178,164,173,66,126,198,159,140,118,186,29,154,156,160,71,108,146,43,128,85,152,111,83,40,124,150,139,33,13,172,195,182,37,15,35,88,145,189,194,31,171,116,57,0,113,196,89,5,141,119,74,183,25,51,72,147,65,102,115,14,45,55,155,184,161,80,114,177,169,191,11,104,180,163,170,95,137,90,125,149,32,68,63,100,7,175,143,27,106,136,144,70,168,17,103,21,142,190,188,179,176,42,47,132,166,123,44];True
1911;8807;10718;[25,64,112,48,10,1,2,129,8,84,122,107,174,19,105,99,16,77,193,60,56,18,62,120,24,197,26,9,109,20,3,91,121,4,92,49,130,22,38,34,67,94,75,12,165,153,187,127,39,73,87,76,50,53,93,23,30,134,58,86,181,82,101,151,54,158,199,6,117,98,78,110,81,52,69,28,162,192,135,79,185,148,167,61,59,36,46,131,41,133,96,157,138,178,164,173,66,126,198,159,140,118,186,29,154,156,160,71,108,146,43,128,85,152,111,83,40,124,150,139,33,13,172,195,182,37,15,35,88,145,189,194,31,171,116,57,0,113,196,89,5,141,119,74,183,97,51,72,147,65,102,115,14,45,55,155,184,161,80,114,177,169,191,11,104,180,163,170,95,137,90,125,149,32,68,63,100,7,175,143,27,106,136,144,70,168,17,103,21,142,190,188,179,176,42,47,132,166,123,44];True
6705;7920;14625;[132,169,22,136,174,135,171,57,7,130,163,122,12,199,149,98,193,191,38,196,161,66,45,105,194,115,46,44,139,190,109,111,184,51,34,91,69,28,8,118,180,27,140,48,92,90,131,148,9,14,3,142,29,61,145,94,13,101,75,36,176,26,164,128,52,2,167,170,123,50,146,71,198,73,82,49,133,166,186,107,77,159,18,4,181,88,70,108,21,106,154,59,197,24,32,195,10,110,11,152,72,127,30,114,182,37,85,55,158,175,6,1,117,120,157,173,17,79,185,102,23,172,39,78,83,125,33,35,165,40,87,84,68,93,103,65,147,153,15,144,156,155,31,143,53,183,97,41,0,89,25,62,5,134,112,104,99,160,74,20,138,168,188,126,16,162,19,137,60,179,47,43,187,76,151,141,80,58,64,96,177,42,189,178,86,119,81,67,129,192,150,56,100,54,113,116,124,63,95,121];False
6992;7847;14839;[149,174,22,66,7,135,171,57,23,130,163,122,12,199,124,98,193,191,38,196,161,136,45,105,194,115,46,44,139,190,109,111,184,51,34,91,69,28,8,118,180,25,140,48,92,90,131,148,9,14,3,142,29,61,145,94,13,101,75,36,176,26,164,128,52,2,167,107,123,50,146,71,198,132,82,49,133,189,186,170,77,159,18,4,181,88,70,108,21,106,154,59,197,24,32,195,10,110,11,152,72,127,30,114,182,37,85,55,158,175,6,1,117,120,157,173,17,79,185,102,169,172,39,78,83,125,33,35,165,40,87,84,68,93,103,65,147,153,15,144,156,155,31,143,53,183,97,41,0,89,27,62,5,134,112,104,99,160,74,20,138,168,188,126,16,162,19,137,60,179,47,43,187,76,151,141,80,58,64,96,177,42,166,178,86,119,81,67,129,192,150,56,100,54,113,116,73,63,95,121];False
7419;7737;15156;[51,174,23,136,7,135,171,57,22,130,163,122,12,185,149,98,193,191,38,196,161,66,45,34,194,115,46,44,139,190,109,111,184,105,198,91,69,28,8,118,180,159,140,48,92,90,131,148,9,14,3,142,29,61,145,94,13,101,75,36,176,26,164,128,52,2,167,107,123,50,146,65,71,186,32,49,133,189,132,170,77,25,18,4,84,88,70,108,21,106,154,59,197,24,82,195,10,110,11,152,72,127,30,114,182,37,85,55,158,175,6,1,117,120,157,173,17,79,199,102,169,172,39,78,83,125,33,35,165,40,87,181,68,93,103,73,147,153,15,144,156,155,31,143,53,183,97,41,0,89,27,62,5,134,112,104,99,160,74,20,138,168,188,126,16,162,19,137,60,179,47,43,187,76,151,141,80,58,64,96,177,42,166,178,86,119,81,67,129,192,150,56,100,54,113,116,124,63,95,121];False
7527;7661;15188;[15,32,23,194,182,87,6,88,171,163,75,86,12,185,0,73,65,160,38,196,132,14,20,191,174,3,157,183,37,138,184,115,25,99,108,35,193,28,8,154,13,198,188,55,44,94,131,47,68,123,106,78,52,91,69,61,176,59,11,57,189,26,175,62,120,2,89,107,48,63,29,164,4,126,41,114,112,165,153,7,77,177,169,72,84,85,66,45,124,51,90,134,197,168,74,142,101,81,36,145,100,111,122,98,139,105,180,67,158,30,40,96,76,93,150,173,46,10,42,27,24,187,39,95,1,125,33,127,128,129,18,181,148,9,103,92,136,137,43,53,146,190,31,82,144,121,162,147,149,152,49,151,97,130,113,155,17,21,34,159,109,135,140,50,16,118,166,80,133,178,170,199,172,79,117,102,110,60,64,179,58,161,192,22,195,83,186,54,119,167,71,56,5,141,19,116,70,104,143,156];False
7603;7622;15225;[23,38,174,136,7,135,171,57,22,130,163,122,12,185,149,98,193,191,37,196,161,66,45,105,194,115,46,44,50,190,109,111,184,51,34,91,69,28,8,118,180,159,140,48,92,90,131,148,9,14,178,142,85,61,145,94,13,101,75,36,176,26,164,128,52,2,167,107,123,73,146,65,198,186,82,49,133,189,132,170,77,25,18,4,84,88,70,108,21,106,154,59,197,24,32,195,10,110,11,152,72,127,30,114,182,139,29,137,158,175,6,1,117,120,157,173,17,79,199,102,169,172,39,78,83,125,33,192,165,40,87,181,68,93,103,162,147,153,15,144,156,155,31,143,53,183,97,41,0,89,27,62,5,134,112,104,99,160,74,20,138,168,188,126,16,71,19,55,60,179,47,43,187,76,151,141,80,58,64,96,177,42,166,3,86,119,81,67,129,35,150,56,100,54,113,116,124,63,95,121];False
8010;7416;15426;[135,23,7,136,115,174,171,57,22,130,163,122,12,185,149,98,193,191,38,196,161,66,45,105,194,73,46,44,37,190,109,10,184,51,34,91,69,28,8,118,180,159,140,48,92,90,131,148,93,14,178,142,85,61,145,94,13,101,75,36,176,26,164,128,52,2,167,107,123,50,146,65,198,186,82,49,133,189,132,170,77,25,18,4,84,88,70,108,21,106,154,59,197,24,32,195,111,110,11,152,72,127,30,114,182,139,29,137,158,175,6,1,117,120,157,173,17,79,199,27,169,172,39,78,55,125,33,192,165,40,87,181,68,9,103,162,147,153,15,144,156,155,31,143,53,183,97,41,0,89,102,62,5,134,112,104,99,160,74,20,138,168,188,126,16,71,19,83,60,179,47,43,187,76,151,141,80,58,64,96,177,42,166,3,86,119,81,67,129,35,150,56,100,54,113,116,124,63,95,121];False
8014;7407;15421;[174,191,7,136,115,135,171,57,22,130,163,122,12,185,149,98,193,23,38,196,161,66,45,105,194,73,46,44,37,190,109,10,184,51,34,91,69,28,8,118,180,159,140,48,92,90,131,148,93,14,178,142,85,61,145,94,13,101,75,36,176,26,164,128,52,2,167,107,123,50,146,65,198,186,82,49,133,189,132,170,77,25,18,4,84,88,70,108,21,106,154,59,197,24,32,195,111,110,11,152,72,127,30,114,182,139,29,137,158,175,6,1,117,120,157,173,17,79,199,27,169,172,39,78,55,125,33,192,165,40,87,181,68,9,103,162,147,153,15,144,156,155,31,143,53,183,97,41,0,89,102,62,5,134,112,104,99,160,74,20,138,168,188,126,16,71,19,83,60,179,47,43,187,76,151,141,80,58,64,96,177,42,166,3,86,119,81,67,129,35,150,56,100,54,113,116,124,63,95,121];False
8686;6985;15671;[23,26,73,44,32,18,52,40,35,130,75,114,12,185,128,176,193,160,38,196,161,126,20,135,194,115,157,174,37,136,184,19,46,63,34,91,69,28,8,109,180,108,188,104,190,94,131,54,93,124,29,142,88,61,89,143,13,151,119,36,163,3,97,133,129,2,167,107,48,99,106,65,4,70,41,86,148,189,132,170,77,25,105,198,84,85,66,144,146,51,90,59,197,24,72,78,101,141,11,145,100,76,30,98,182,139,178,67,158,175,6,1,117,57,150,173,186,79,42,27,169,172,39,95,138,125,33,192,165,120,87,181,68,9,103,92,147,137,171,53,155,156,31,82,45,183,162,154,149,152,49,0,83,134,112,123,50,21,74,159,55,168,140,17,16,71,10,80,111,179,47,199,187,127,58,7,102,60,64,96,177,153,166,22,195,110,81,43,122,14,118,56,5,62,113,116,164,191,15,121];False
8744;6788;15532;[174,163,19,154,44,18,171,57,35,130,75,114,12,185,76,98,193,191,38,196,161,66,20,135,194,115,46,73,37,190,109,160,45,104,34,91,69,28,8,118,180,108,188,48,92,136,131,54,93,14,178,142,6,61,145,94,13,151,110,36,176,3,97,128,52,2,167,107,63,99,155,29,4,126,143,49,148,189,132,170,77,25,105,198,84,85,70,53,51,106,90,59,197,24,72,78,101,141,11,152,86,133,30,129,182,139,65,137,158,175,88,1,117,120,157,173,186,79,42,27,169,172,39,32,138,125,33,192,165,40,87,181,68,9,103,162,147,67,95,144,156,50,31,82,184,183,124,41,149,89,100,62,5,134,112,123,146,21,74,159,55,168,140,17,16,71,10,80,111,179,47,199,187,127,60,7,83,58,64,96,177,43,166,22,195,119,81,153,122,26,150,56,102,0,113,116,164,23,15,121];False
8694;6837;15531;[18,174,19,154,44,163,171,57,35,130,75,114,12,185,76,98,193,191,38,196,161,66,20,135,194,115,46,73,37,190,109,160,45,104,34,91,69,28,8,118,180,108,188,48,92,136,131,54,93,14,178,142,6,61,145,94,13,151,110,36,176,3,97,128,52,2,167,107,63,99,155,29,4,126,143,49,148,189,132,170,77,25,105,198,84,85,70,53,51,106,90,59,197,24,72,78,101,141,11,152,86,133,30,129,182,139,65,137,158,175,88,1,117,120,157,173,186,79,42,27,169,172,39,32,138,125,33,192,165,40,87,181,68,9,103,162,147,67,95,144,156,50,31,82,184,183,124,41,149,89,100,62,5,134,112,123,146,21,74,159,55,168,140,17,16,71,10,80,111,179,47,199,187,127,60,7,83,58,64,96,177,43,166,22,195,119,81,153,122,26,150,56,102,0,113,116,164,23,15,121];False
9072;6633;15705;[188,65,142,136,67,18,171,57,3,130,163,122,12,185,54,98,193,191,38,196,161,66,45,135,194,115,46,174,37,190,109,10,184,51,34,91,69,28,8,118,180,159,44,48,92,90,131,148,93,14,178,23,6,61,145,94,13,101,141,36,176,35,97,128,52,2,167,107,123,50,155,73,198,17,82,49,133,189,132,170,77,25,105,4,84,88,70,108,21,106,154,59,197,24,72,78,111,110,11,152,86,127,30,114,182,139,29,137,158,175,85,1,117,120,157,173,186,79,42,27,169,172,39,32,55,125,33,192,165,40,87,181,68,9,103,162,147,75,95,144,156,146,31,143,53,183,164,41,149,89,102,62,5,134,112,104,99,63,74,20,138,168,140,126,16,71,19,83,60,179,47,43,187,76,151,7,80,58,64,96,177,199,166,22,195,119,81,153,129,26,150,56,100,0,113,116,124,160,15,121];False
9182;6597;15779;[73,174,10,6,149,18,171,57,3,130,163,122,12,185,54,98,193,191,38,196,161,66,45,135,194,115,46,44,37,190,109,23,184,51,34,91,69,28,8,118,180,159,188,48,92,90,131,148,93,14,178,142,136,61,145,94,13,101,141,36,176,35,97,128,52,2,167,107,123,50,155,65,198,17,82,49,133,189,132,170,77,25,105,4,84,88,70,108,21,106,154,59,197,24,72,78,111,110,11,152,86,127,30,114,182,139,29,137,158,175,85,1,117,120,157,173,186,79,42,27,169,172,39,32,55,125,33,192,165,40,87,181,68,9,103,162,147,67,95,144,156,146,31,143,53,183,164,41,75,89,102,62,5,134,112,104,99,63,74,20,138,168,140,126,16,71,19,83,60,179,47,43,187,76,151,7,80,58,64,96,177,199,166,22,195,119,81,153,129,26,150,56,100,0,113,116,124,160,15,121];True
9301;6581;15882;[73,174,91,6,149,18,171,57,3,130,163,122,12,185,54,98,193,191,38,196,161,66,45,135,194,115,46,44,37,190,109,10,184,51,34,23,69,28,8,118,180,159,188,48,92,90,131,148,93,14,178,142,136,61,145,94,13,101,141,36,176,35,97,128,52,2,167,107,123,50,155,65,198,17,82,49,133,189,132,170,77,25,105,4,84,88,70,108,21,106,154,59,197,24,72,78,111,110,11,152,86,127,30,114,182,139,29,137,158,175,85,1,117,120,157,173,186,79,42,27,169,172,39,32,55,125,33,192,165,40,87,181,68,9,103,162,147,67,95,144,156,146,31,143,53,183,164,41,75,89,102,62,5,134,112,104,99,63,74,20,138,168,140,126,16,71,19,83,60,179,47,43,187,76,151,7,80,58,64,96,177,199,166,22,195,119,81,153,129,26,150,56,100,0,113,116,124,160,15,121];False
9181;6606;15787;[73,174,170,6,149,18,171,57,3,130,163,122,12,185,54,98,193,191,38,196,161,66,45,135,194,115,46,44,37,190,109,10,184,51,34,91,69,28,8,118,180,159,188,48,92,90,131,148,93,14,178,142,136,61,145,94,13,101,141,36,176,35,97,128,52,2,167,107,123,50,155,65,198,17,82,49,133,189,132,23,77,25,105,4,84,88,70,108,21,106,154,59,197,24,72,78,111,110,11,152,86,127,30,114,182,139,29,137,158,175,85,1,117,120,157,173,186,79,42,27,169,172,39,32,55,125,33,192,165,40,87,181,68,9,103,162,147,67,95,144,156,146,31,143,53,183,164,41,75,89,102,62,5,134,112,104,99,63,74,20,138,168,140,126,16,71,19,83,60,179,47,43,187,76,151,7,80,58,64,96,177,199,166,22,195,119,81,153,129,26,150,56,100,0,113,116,124,160,15,121];True
9376;6569;15945;[73,174,67,136,149,189,171,57,3,130,163,122,12,185,54,98,193,191,38,196,161,66,45,135,194,115,46,44,37,190,109,10,184,51,34,91,69,28,8,118,180,159,188,48,92,90,131,148,93,14,178,142,6,61,145,94,13,101,141,36,176,35,97,128,52,2,167,107,123,50,155,65,198,17,82,49,133,18,132,170,77,25,105,4,84,88,70,108,21,106,154,59,197,24,72,78,111,110,11,152,86,127,30,114,182,139,29,137,158,175,85,1,117,120,157,173,186,79,42,27,169,172,39,32,55,125,33,192,165,40,87,181,68,9,103,162,147,23,95,144,156,146,31,143,53,183,164,41,75,89,102,62,5,134,112,104,99,63,74,20,138,168,140,126,16,71,19,83,60,179,47,43,187,76,151,7,80,58,64,96,177,199,166,22,195,119,81,153,129,26,150,56,100,0,113,116,124,160,15,121];False
9321;6567;15888;[73,174,23,6,149,189,171,57,3,130,163,122,12,185,54,98,193,191,38,196,161,66,45,135,194,115,46,44,37,190,109,10,184,51,34,91,69,28,8,118,180,159,188,48,92,90,131,148,93,14,178,142,136,61,145,94,13,101,141,36,176,35,97,128,52,2,167,107,123,50,155,65,198,17,82,49,133,18,132,170,77,25,105,4,84,88,70,108,21,106,154,59,197,24,72,78,111,110,11,152,86,127,30,114,182,139,29,137,158,175,85,1,117,120,157,173,186,79,42,27,169,172,39,32,55,125,33,192,165,40,87,181,68,9,103,162,147,67,95,144,156,146,31,143,53,183,164,41,75,89,102,62,5,134,112,104,99,63,74,20,138,168,140,126,16,71,19,83,60,179,47,43,187,76,151,7,80,58,64,96,177,199,166,22,195,119,81,153,129,26,150,56,100,0,113,116,124,160,15,121];False
9262;6579;15841;[73,174,23,95,149,189,171,57,3,130,163,122,12,185,54,98,193,191,38,196,161,66,45,135,194,115,46,44,37,190,109,10,184,51,34,91,69,28,8,118,180,159,188,48,92,90,131,148,93,14,178,142,6,61,145,94,13,101,141,36,176,35,97,128,52,2,167,107,123,50,155,65,198,17,82,49,133,18,132,170,77,25,105,4,84,88,70,108,21,106,154,59,197,24,72,78,111,110,11,152,86,127,30,114,182,139,29,137,158,175,85,1,117,120,157,173,186,79,42,27,169,172,39,32,55,125,33,192,165,40,87,181,68,9,103,162,147,67,136,144,156,146,31,143,53,183,164,41,75,89,102,62,5,134,112,104,99,63,74,20,138,168,140,126,16,71,19,83,60,179,47,43,187,76,151,7,80,58,64,96,177,199,166,22,195,119,81,153,129,26,150,56,100,0,113,116,124,160,15,121];True
9486;6554;16040;[73,174,23,136,149,189,11,57,3,130,163,122,12,185,54,98,193,191,38,196,161,66,45,135,194,115,46,44,37,190,109,10,184,51,34,91,69,28,8,118,180,159,188,48,92,90,131,148,93,14,178,142,6,61,145,94,13,101,141,36,176,35,97,128,52,2,167,107,123,50,155,65,198,17,82,49,133,18,132,170,77,25,105,4,84,88,70,108,21,106,154,59,197,24,72,78,111,110,171,152,86,127,30,114,182,139,29,137,158,175,85,1,117,120,157,173,186,79,42,27,169,172,39,32,55,125,33,192,165,40,87,181,68,9,103,162,147,67,95,144,156,146,31,143,53,183,164,41,75,89,102,62,5,134,112,104,99,63,74,20,138,168,140,126,16,71,19,83,60,179,47,43,187,76,151,7,80,58,64,96,177,199,166,22,195,119,81,153,129,26,150,56,100,0,113,116,124,160,15,121];True
2056;8137;10193;[34,122,25,48,10,176,83,129,8,84,67,61,74,108,21,99,16,77,112,150,56,18,62,120,24,197,26,9,143,20,3,2,167,160,92,142,130,22,38,45,124,94,161,1,165,153,187,127,39,107,87,76,50,53,93,23,30,134,137,86,69,64,101,151,54,158,199,6,117,98,19,110,81,52,182,28,162,78,60,79,185,148,121,73,41,36,46,131,59,133,96,157,138,178,164,173,66,126,198,159,140,118,109,29,154,156,106,15,135,146,43,128,85,152,172,12,181,82,192,139,33,13,111,195,40,37,71,35,88,171,189,194,31,68,116,57,0,113,196,89,5,141,119,4,183,63,51,72,147,65,102,115,14,49,55,155,184,75,80,114,177,169,191,11,104,180,163,170,95,91,90,125,149,32,97,58,100,7,175,179,27,193,136,144,70,168,17,103,105,174,190,188,186,145,42,47,132,166,123,44];True
1989;8186;10175;[34,122,25,48,10,176,83,129,8,84,67,61,74,108,21,99,16,77,112,150,56,18,62,120,24,197,26,9,143,20,3,2,121,160,92,106,130,22,38,45,124,94,161,1,165,153,187,127,39,107,87,76,50,53,93,23,30,134,137,86,69,64,101,151,54,158,199,6,117,98,19,110,81,52,182,28,162,78,60,79,185,148,167,73,41,36,46,131,59,133,96,157,138,178,164,173,66,126,198,159,140,118,109,29,154,156,142,15,135,146,43,128,85,152,172,12,181,82,192,139,33,13,111,195,40,37,71,35,88,171,189,194,31,68,116,57,0,113,196,89,5,141,119,4,183,63,51,72,147,65,102,115,14,49,55,155,184,75,80,114,177,169,191,11,104,180,163,170,95,91,90,125,149,32,97,58,100,7,175,179,27,193,136,144,70,168,17,103,105,174,190,188,186,145,42,47,132,166,123,44];True
2047;8179;10226;[34,122,25,48,10,176,83,129,8,84,67,61,74,108,21,99,16,77,112,150,56,18,62,120,24,197,26,9,143,20,3,2,121,160,92,142,136,22,38,45,124,94,161,1,165,153,187,127,39,107,87,76,50,53,93,23,30,134,137,86,69,64,101,151,54,158,199,6,117,98,19,110,81,52,182,28,162,78,60,79,185,148,167,73,41,36,46,131,59,133,96,157,138,178,164,173,66,126,198,159,140,118,109,29,154,156,106,15,135,146,43,128,85,152,172,12,181,82,192,139,33,13,111,195,40,37,71,35,88,171,189,194,31,68,116,57,0,113,196,89,5,141,119,4,183,63,51,72,147,65,102,115,14,49,55,155,184,75,80,114,177,169,191,11,104,180,163,170,95,91,90,125,149,32,97,58,100,7,175,179,27,193,130,144,70,168,17,103,105,174,190,188,186,145,42,47,132,166,123,44];False
2039;8177;10216;[34,122,25,48,10,176,83,129,8,84,67,61,74,108,21,99,16,77,112,150,56,18,62,120,24,197,26,9,143,20,3,2,121,160,92,142,130,22,38,45,124,94,161,1,165,153,187,127,39,107,87,109,50,53,93,23,30,134,137,86,69,64,101,151,54,158,199,6,117,98,19,110,81,52,182,28,162,78,60,79,185,148,167,73,41,36,46,131,59,133,96,157,138,178,164,173,66,126,198,159,140,118,76,29,154,156,106,15,135,146,43,128,85,152,172,12,181,82,192,139,33,13,111,195,40,37,71,35,88,171,189,194,31,68,116,57,0,113,196,89,5,141,119,4,183,63,51,72,147,65,102,115,14,49,55,155,184,75,80,114,177,169,191,11,104,180,163,170,95,91,90,125,149,32,97,58,100,7,175,179,27,193,136,144,70,168,17,103,105,174,190,188,186,145,42,47,132,166,123,44];False
2506;8027;10533;[92,67,38,150,10,176,83,129,8,84,69,73,74,56,21,99,16,77,112,48,108,18,62,120,24,197,26,9,143,20,3,2,121,160,174,49,130,22,40,34,124,94,161,1,165,153,187,127,39,107,87,76,50,53,93,23,30,134,137,86,122,64,101,151,54,158,199,6,117,98,186,110,81,52,182,28,162,78,60,79,185,148,167,61,41,36,46,131,59,133,96,157,138,178,164,173,66,126,198,159,140,118,109,29,154,156,106,71,135,146,43,128,85,152,172,12,181,82,192,139,33,13,111,195,25,37,15,35,88,171,189,194,31,68,116,57,0,113,196,89,5,141,119,4,183,63,51,72,147,65,102,115,14,45,55,155,184,75,80,114,177,169,191,11,104,180,163,170,95,91,90,125,149,32,97,58,100,7,175,179,27,193,136,144,70,168,17,103,105,142,190,188,19,145,42,47,132,166,123,44];True
2462;8028;10490;[31,67,38,150,10,176,83,129,8,84,69,73,74,56,21,99,16,77,112,48,108,18,62,120,24,197,26,9,143,20,3,2,121,160,92,49,130,22,40,34,124,94,161,1,165,153,187,127,39,107,87,76,50,53,93,23,30,134,137,86,122,64,101,151,54,158,199,6,117,98,186,110,81,52,182,28,162,78,60,79,185,148,167,61,41,36,46,131,59,133,96,157,138,178,164,173,66,126,198,159,140,118,109,29,154,156,106,71,135,146,43,128,85,152,172,12,181,82,192,139,33,13,111,195,25,37,15,35,88,171,189,194,174,68,116,57,0,113,196,89,5,141,119,4,183,63,51,72,147,65,102,115,14,45,55,155,184,75,80,114,177,169,191,11,104,180,163,170,95,91,90,125,149,32,97,58,100,7,175,179,27,193,136,144,70,168,17,103,105,142,190,188,19,145,42,47,132,166,123,44];True
1722;9007;10729;[143,67,27,193,10,1,2,129,8,48,122,107,174,118,105,99,141,17,45,15,173,18,25,120,24,197,26,9,109,20,146,49,147,65,92,142,130,22,38,34,3,94,75,112,165,153,187,127,39,73,87,76,50,53,93,23,30,134,58,86,181,82,101,151,54,158,121,6,117,98,78,110,81,52,108,74,183,192,135,79,185,148,167,12,59,36,46,5,41,133,96,157,138,178,152,56,66,126,198,159,140,19,51,29,154,156,160,71,69,190,43,128,85,164,111,83,40,124,150,139,33,13,172,195,182,37,60,35,88,145,189,194,31,171,116,57,186,113,196,89,162,106,119,28,4,97,131,0,199,62,102,115,14,114,55,155,184,161,80,137,177,169,191,11,104,180,163,170,95,91,90,125,149,32,68,63,100,7,175,84,61,16,136,144,70,168,64,103,21,72,77,188,179,176,42,47,132,166,123,44];False
1980;8682;10662;[131,64,112,48,174,1,91,129,8,84,122,107,10,4,105,99,16,77,193,60,56,18,62,120,24,197,26,9,109,20,3,2,121,25,92,49,130,22,38,34,67,94,75,12,165,153,187,127,39,73,87,76,50,53,93,23,30,134,58,86,181,82,101,151,54,158,199,6,117,98,78,110,81,52,69,28,162,192,135,79,185,148,167,61,59,36,46,19,41,133,96,157,138,178,164,173,66,126,198,159,140,118,186,29,154,156,160,71,108,146,43,128,85,152,111,83,182,124,150,139,33,13,172,195,40,37,15,35,88,145,189,194,31,171,116,57,0,113,196,89,5,141,119,74,183,97,51,72,147,65,102,115,14,45,55,155,184,161,80,114,177,169,191,11,104,180,163,170,95,137,90,125,149,32,68,63,100,7,175,143,27,106,136,144,70,168,17,103,21,142,190,188,179,176,42,47,132,166,123,44];False
1931;8763;10694;[97,64,112,48,10,1,2,129,8,84,122,107,174,19,105,99,16,77,193,60,56,18,62,120,24,197,26,9,109,20,3,91,121,4,92,49,130,22,38,34,67,94,75,12,165,153,187,127,39,73,87,76,50,53,93,23,30,134,58,86,181,82,101,151,54,158,199,6,117,98,78,110,81,52,69,28,162,192,135,79,185,148,167,61,59,36,46,131,41,133,96,157,138,178,164,173,66,126,198,159,140,118,186,29,154,156,160,71,108,146,43,128,85,152,111,83,40,124,150,139,33,13,172,195,182,37,15,35,88,145,189,194,31,171,116,57,0,113,196,89,5,141,119,74,183,25,51,72,147,65,102,115,14,45,55,155,184,161,80,114,177,169,191,11,104,180,163,170,95,137,90,125,149,32,68,63,100,7,175,143,27,106,136,144,70,168,17,103,21,142,190,188,179,176,42,47,132,166,123,44];True
6748;7887;14635;[22,169,132,136,174,135,171,57,7,130,163,122,12,199,149,98,193,191,38,196,161,66,45,105,194,115,46,44,139,190,109,111,184,51,34,91,69,28,8,118,180,27,140,48,92,90,131,148,9,14,3,142,29,61,145,94,13,101,75,36,176,26,164,128,52,2,167,170,123,50,146,71,198,73,82,49,133,166,186,107,77,159,18,4,181,88,70,108,21,106,154,59,197,24,32,195,10,110,11,152,72,127,30,114,182,37,85,55,158,175,6,1,117,120,157,173,17,79,185,102,23,172,39,78,83,125,33,35,165,40,87,84,68,93,103,65,147,153,15,144,156,155,31,143,53,183,97,41,0,89,25,62,5,134,112,104,99,160,74,20,138,168,188,126,16,162,19,137,60,179,47,43,187,76,151,141,80,58,64,96,177,42,189,178,86,119,81,67,129,192,150,56,100,54,113,116,124,63,95,121];False
6746;7866;14612;[136,169,22,132,174,135,171,57,7,130,163,122,12,199,149,98,193,191,38,196,161,66,45,105,194,115,46,44,139,190,109,111,184,51,34,91,69,28,8,118,180,27,140,48,92,90,131,148,9,14,3,142,29,61,145,94,13,101,75,36,176,26,164,128,52,2,167,170,123,50,146,71,198,73,82,49,133,166,186,107,77,159,18,4,181,88,70,108,21,106,154,59,197,24,32,195,10,110,11,152,72,127,30,114,182,37,85,55,158,175,6,1,117,120,157,173,17,79,185,102,23,172,39,78,83,125,33,35,165,40,87,84,68,93,103,65,147,153,15,144,156,155,31,143,53,183,97,41,0,89,25,62,5,134,112,104,99,160,74,20,138,168,188,126,16,162,19,137,60,179,47,43,187,76,151,141,80,58,64,96,177,42,189,178,86,119,81,67,129,192,150,56,100,54,113,116,124,63,95,121];False
6710;7887;14597;[174,169,22,136,132,135,171,57,7,130,163,122,12,199,149,98,193,191,38,196,161,66,45,105,194,115,46,44,139,190,109,111,184,51,34,91,69,28,8,118,180,27,140,48,92,90,131,148,9,14,3,142,29,61,145,94,13,101,75,36,176,26,164,128,52,2,167,170,123,50,146,71,198,73,82,49,133,166,186,107,77,159,18,4,181,88,70,108,21,106,154,59,197,24,32,195,10,110,11,152,72,127,30,114,182,37,85,55,158,175,6,1,117,120,157,173,17,79,185,102,23,172,39,78,83,125,33,35,165,40,87,84,68,93,103,65,147,153,15,144,156,155,31,143,53,183,97,41,0,89,25,62,5,134,112,104,99,160,74,20,138,168,188,126,16,162,19,137,60,179,47,43,187,76,151,141,80,58,64,96,177,42,189,178,86,119,81,67,129,192,150,56,100,54,113,116,124,63,95,121];False
7529;7636;15165;[23,32,15,194,182,87,6,88,171,163,75,86,12,185,0,73,65,160,38,196,132,14,20,191,174,3,157,183,37,138,184,115,25,99,108,35,193,28,8,154,13,198,188,55,44,94,131,47,68,123,106,78,52,91,69,61,176,59,11,57,189,26,175,62,120,2,89,107,48,63,29,164,4,126,41,114,112,165,153,7,77,177,169,72,84,85,66,45,124,51,90,134,197,168,74,142,101,81,36,145,100,111,122,98,139,105,180,67,158,30,40,96,76,93,150,173,46,10,42,27,24,187,39,95,1,125,33,127,128,129,18,181,148,9,103,92,136,137,43,53,146,190,31,82,144,121,162,147,149,152,49,151,97,130,113,155,17,21,34,159,109,135,140,50,16,118,166,80,133,178,170,199,172,79,117,102,110,60,64,179,58,161,192,22,195,83,186,54,119,167,71,56,5,141,19,116,70,104,143,156];False
7487;7660;15147;[182,32,23,194,15,87,6,88,171,163,75,86,12,185,0,73,65,160,38,196,132,14,20,191,174,3,157,183,37,138,184,115,25,99,108,35,193,28,8,154,13,198,188,55,44,94,131,47,68,123,106,78,52,91,69,61,176,59,11,57,189,26,175,62,120,2,89,107,48,63,29,164,4,126,41,114,112,165,153,7,77,177,169,72,84,85,66,45,124,51,90,134,197,168,74,142,101,81,36,145,100,111,122,98,139,105,180,67,158,30,40,96,76,93,150,173,46,10,42,27,24,187,39,95,1,125,33,127,128,129,18,181,148,9,103,92,136,137,43,53,146,190,31,82,144,121,162,147,149,152,49,151,97,130,113,155,17,21,34,159,109,135,140,50,16,118,166,80,133,178,170,199,172,79,117,102,110,60,64,179,58,161,192,22,195,83,186,54,119,167,71,56,5,141,19,116,70,104,143,156];True
7937;7457;15394;[7,191,174,136,115,135,171,57,22,130,163,122,12,185,149,98,193,23,38,196,161,66,45,105,194,73,46,44,37,190,109,10,184,51,34,91,69,28,8,118,180,159,140,48,92,90,131,148,93,14,178,142,85,61,145,94,13,101,75,36,176,26,164,128,52,2,167,107,123,50,146,65,198,186,82,49,133,189,132,170,77,25,18,4,84,88,70,108,21,106,154,59,197,24,32,195,111,110,11,152,72,127,30,114,182,139,29,137,158,175,6,1,117,120,157,173,17,79,199,27,169,172,39,78,55,125,33,192,165,40,87,181,68,9,103,162,147,153,15,144,156,155,31,143,53,183,97,41,0,89,102,62,5,134,112,104,99,160,74,20,138,168,188,126,16,71,19,83,60,179,47,43,187,76,151,141,80,58,64,96,177,42,166,3,86,119,81,67,129,35,150,56,100,54,113,116,124,63,95,121];False
7956;7427;15383;[135,191,7,136,115,174,171,57,22,130,163,122,12,185,149,98,193,23,38,196,161,66,45,105,194,73,46,44,37,190,109,10,184,51,34,91,69,28,8,118,180,159,140,48,92,90,131,148,93,14,178,142,85,61,145,94,13,101,75,36,176,26,164,128,52,2,167,107,123,50,146,65,198,186,82,49,133,189,132,170,77,25,18,4,84,88,70,108,21,106,154,59,197,24,32,195,111,110,11,152,72,127,30,114,182,139,29,137,158,175,6,1,117,120,157,173,17,79,199,27,169,172,39,78,55,125,33,192,165,40,87,181,68,9,103,162,147,153,15,144,156,155,31,143,53,183,97,41,0,89,102,62,5,134,112,104,99,160,74,20,138,168,188,126,16,71,19,83,60,179,47,43,187,76,151,141,80,58,64,96,177,42,166,3,86,119,81,67,129,35,150,56,100,54,113,116,124,63,95,121];False
8671;6842;15513;[18,163,19,154,44,174,171,57,35,130,75,114,12,185,76,98,193,191,38,196,161,66,20,135,194,115,46,73,37,190,109,160,45,104,34,91,69,28,8,118,180,108,188,48,92,136,131,54,93,14,178,142,6,61,145,94,13,151,110,36,176,3,97,128,52,2,167,107,63,99,155,29,4,126,143,49,148,189,132,170,77,25,105,198,84,85,70,53,51,106,90,59,197,24,72,78,101,141,11,152,86,133,30,129,182,139,65,137,158,175,88,1,117,120,157,173,186,79,42,27,169,172,39,32,138,125,33,192,165,40,87,181,68,9,103,162,147,67,95,144,156,50,31,82,184,183,124,41,149,89,100,62,5,134,112,123,146,21,74,159,55,168,140,17,16,71,10,80,111,179,47,199,187,127,60,7,83,58,64,96,177,43,166,22,195,119,81,153,122,26,150,56,102,0,113,116,164,23,15,121];True
8658;6903;15561;[185,163,19,154,44,18,171,57,35,130,75,114,12,174,76,98,193,191,38,196,161,66,20,135,194,115,46,73,37,190,109,160,45,104,34,91,69,28,8,118,180,108,188,48,92,136,131,54,93,14,178,142,6,61,145,94,13,151,110,36,176,3,97,128,52,2,167,107,63,99,155,29,4,126,143,49,148,189,132,170,77,25,105,198,84,85,70,53,51,106,90,59,197,24,72,78,101,141,11,152,86,133,30,129,182,139,65,137,158,175,88,1,117,120,157,173,186,79,42,27,169,172,39,32,138,125,33,192,165,40,87,181,68,9,103,162,147,67,95,144,156,50,31,82,184,183,124,41,149,89,100,62,5,134,112,123,146,21,74,159,55,168,140,17,16,71,10,80,111,179,47,199,187,127,60,7,83,58,64,96,177,43,166,22,195,119,81,153,122,26,150,56,102,0,113,116,164,23,15,121];True
8721;6813;15534;[191,163,19,154,44,18,171,57,35,130,75,114,12,185,76,98,193,174,38,196,161,66,20,135,194,115,46,73,37,190,109,160,45,104,34,91,69,28,8,118,180,108,188,48,92,136,131,54,93,14,178,142,6,61,145,94,13,151,110,36,176,3,97,128,52,2,167,107,63,99,155,29,4,126,143,49,148,189,132,170,77,25,105,198,84,85,70,53,51,106,90,59,197,24,72,78,101,141,11,152,86,133,30,129,182,139,65,137,158,175,88,1,117,120,157,173,186,79,42,27,169,172,39,32,138,125,33,192,165,40,87,181,68,9,103,162,147,67,95,144,156,50,31,82,184,183,124,41,149,89,100,62,5,134,112,123,146,21,74,159,55,168,140,17,16,71,10,80,111,179,47,199,187,127,60,7,83,58,64,96,177,43,166,22,195,119,81,153,122,26,150,56,102,0,113,116,164,23,15,121];False
9120;6625;15745;[106,174,10,6,149,18,171,57,3,130,163,122,12,185,54,98,193,191,38,196,161,66,45,135,194,115,46,44,37,190,109,23,184,51,34,91,69,28,8,118,180,159,188,48,92,90,131,148,93,14,178,142,136,61,145,94,13,101,141,36,176,35,97,128,52,2,167,107,123,50,155,65,198,17,82,49,133,189,132,170,77,25,105,4,84,88,70,108,21,73,154,59,197,24,72,78,111,110,11,152,86,127,30,114,182,139,29,137,158,175,85,1,117,120,157,173,186,79,42,27,169,172,39,32,55,125,33,192,165,40,87,181,68,9,103,162,147,67,95,144,156,146,31,143,53,183,164,41,75,89,102,62,5,134,112,104,99,63,74,20,138,168,140,126,16,71,19,83,60,179,47,43,187,76,151,7,80,58,64,96,177,199,166,22,195,119,81,153,129,26,150,56,100,0,113,116,124,160,15,121];True
8989;6682;15671;[125,174,170,6,149,18,171,57,3,130,163,122,12,185,54,98,193,191,38,196,161,66,45,135,194,115,46,44,37,190,109,10,184,51,34,91,69,28,8,118,180,159,188,48,92,90,131,148,93,14,178,142,136,61,145,94,13,101,141,36,176,35,97,128,52,2,167,107,123,50,155,65,198,17,82,49,133,189,132,23,77,25,105,4,84,88,70,108,21,106,154,59,197,24,72,78,111,110,11,152,86,127,30,114,182,139,29,137,158,175,85,1,117,120,157,173,186,79,42,27,169,172,39,32,55,73,33,192,165,40,87,181,68,9,103,162,147,67,95,144,156,146,31,143,53,183,164,41,75,89,102,62,5,134,112,104,99,63,74,20,138,168,140,126,16,71,19,83,60,179,47,43,187,76,151,7,80,58,64,96,177,199,166,22,195,119,81,153,129,26,150,56,100,0,113,116,124,160,15,121];False
9372;6566;15938;[50,174,23,6,149,189,171,57,3,130,163,122,12,185,54,98,193,191,38,196,161,66,45,135,194,115,46,44,37,190,109,10,184,51,34,91,69,28,8,118,180,159,188,48,92,90,131,148,93,14,178,142,136,61,145,94,13,101,141,36,176,35,97,128,52,2,167,107,123,73,155,65,198,17,82,49,133,18,132,170,77,25,105,4,84,88,70,108,21,106,154,59,197,24,72,78,111,110,11,152,86,127,30,114,182,139,29,137,158,175,85,1,117,120,157,173,186,79,42,27,169,172,39,32,55,125,33,192,165,40,87,181,68,9,103,162,147,67,95,144,156,146,31,143,53,183,164,41,75,89,102,62,5,134,112,104,99,63,74,20,138,168,140,126,16,71,19,83,60,179,47,43,187,76,151,7,80,58,64,96,177,199,166,22,195,119,81,153,129,26,150,56,100,0,113,116,124,160,15,121];False
9313;6578;15891;[50,174,23,95,149,189,171,57,3,130,163,122,12,185,54,98,193,191,38,196,161,66,45,135,194,115,46,44,37,190,109,10,184,51,34,91,69,28,8,118,180,159,188,48,92,90,131,148,93,14,178,142,6,61,145,94,13,101,141,36,176,35,97,128,52,2,167,107,123,73,155,65,198,17,82,49,133,18,132,170,77,25,105,4,84,88,70,108,21,106,154,59,197,24,72,78,111,110,11,152,86,127,30,114,182,139,29,137,158,175,85,1,117,120,157,173,186,79,42,27,169,172,39,32,55,125,33,192,165,40,87,181,68,9,103,162,147,67,136,144,156,146,31,143,53,183,164,41,75,89,102,62,5,134,112,104,99,63,74,20,138,168,140,126,16,71,19,83,60,179,47,43,187,76,151,7,80,58,64,96,177,199,166,22,195,119,81,153,129,26,150,56,100,0,113,116,124,160,15,121];False
9537;6553;16090;[50,174,23,136,149,189,11,57,3,130,163,122,12,185,54,98,193,191,38,196,161,66,45,135,194,115,46,44,37,190,109,10,184,51,34,91,69,28,8,118,180,159,188,48,92,90,131,148,93,14,178,142,6,61,145,94,13,101,141,36,176,35,97,128,52,2,167,107,123,73,155,65,198,17,82,49,133,18,132,170,77,25,105,4,84,88,70,108,21,106,154,59,197,24,72,78,111,110,171,152,86,127,30,114,182,139,29,137,158,175,85,1,117,120,157,173,186,79,42,27,169,172,39,32,55,125,33,192,165,40,87,181,68,9,103,162,147,67,95,144,156,146,31,143,53,183,164,41,75,89,102,62,5,134,112,104,99,63,74,20,138,168,140,126,16,71,19,83,60,179,47,43,187,76,151,7,80,58,64,96,177,199,166,22,195,119,81,153,129,26,150,56,100,0,113,116,124,160,15,121];True
9302;6565;15867;[73,174,23,6,149,189,11,57,3,130,163,122,12,185,54,98,193,191,38,196,161,66,45,135,194,115,46,44,37,190,109,10,184,51,34,91,69,28,8,118,180,159,188,48,92,90,131,148,93,14,178,142,136,61,145,94,13,101,141,36,176,35,97,128,52,2,167,107,123,50,155,65,198,17,82,49,133,18,132,170,77,25,105,4,84,88,70,108,21,106,154,59,197,24,72,78,111,110,171,152,86,127,30,114,182,139,29,137,158,175,85,1,117,120,157,173,186,79,42,27,169,172,39,32,55,125,33,192,165,40,87,181,68,9,103,162,147,67,95,144,156,146,31,143,53,183,164,41,75,89,102,62,5,134,112,104,99,63,74,20,138,168,140,126,16,71,19,83,60,179,47,43,187,76,151,7,80,58,64,96,177,199,166,22,195,119,81,153,129,26,150,56,100,0,113,116,124,160,15,121];True
9417;6564;15981;[73,174,23,176,149,189,11,57,3,130,163,122,12,185,54,98,193,191,38,196,161,66,45,135,194,115,46,44,37,190,109,10,184,51,34,91,69,28,8,118,180,159,188,48,92,90,131,148,93,14,178,142,6,61,145,94,13,101,141,36,136,35,97,128,52,2,167,107,123,50,155,65,198,17,82,49,133,18,132,170,77,25,105,4,84,88,70,108,21,106,154,59,197,24,72,78,111,110,171,152,86,127,30,114,182,139,29,137,158,175,85,1,117,120,157,173,186,79,42,27,169,172,39,32,55,125,33,192,165,40,87,181,68,9,103,162,147,67,95,144,156,146,31,143,53,183,164,41,75,89,102,62,5,134,112,104,99,63,74,20,138,168,140,126,16,71,19,83,60,179,47,43,187,76,151,7,80,58,64,96,177,199,166,22,195,119,81,153,129,26,150,56,100,0,113,116,124,160,15,121];True
1979;8233;10212;[45,122,25,48,10,176,83,129,8,84,67,61,74,108,21,99,16,77,112,150,56,18,62,120,24,197,26,9,143,20,3,2,121,160,92,106,130,22,38,34,124,94,161,1,165,153,187,127,39,107,87,76,50,53,93,23,30,134,137,86,69,64,101,151,54,158,199,6,117,98,19,110,81,52,182,28,162,78,60,79,185,148,167,73,41,36,46,131,59,133,96,157,138,178,164,173,66,126,198,159,140,118,109,29,154,156,142,15,135,146,43,128,85,152,172,12,181,82,192,139,33,13,111,195,40,37,71,35,88,171,189,194,31,68,116,57,0,113,196,89,5,141,119,4,183,63,51,72,147,65,102,115,14,49,55,155,184,75,80,114,177,169,191,11,104,180,163,170,95,91,90,125,149,32,97,58,100,7,175,179,27,193,136,144,70,168,17,103,105,174,190,188,186,145,42,47,132,166,123,44];True
2031;8185;10216;[34,122,25,48,10,176,83,129,8,84,67,61,74,108,21,99,16,77,112,150,56,18,62,120,24,29,26,9,143,20,3,2,121,160,92,142,130,22,38,45,124,94,161,1,165,153,187,127,39,107,87,109,50,53,93,23,30,134,137,86,69,64,101,151,54,158,199,6,117,98,19,110,81,52,182,28,162,78,60,79,185,148,167,73,41,36,46,131,59,133,96,157,138,178,164,173,66,126,198,159,140,118,76,197,154,156,106,15,135,146,43,128,85,152,172,12,181,82,192,139,33,13,111,195,40,37,71,35,88,171,189,194,31,68,116,57,0,113,196,89,5,141,119,4,183,63,51,72,147,65,102,115,14,49,55,155,184,75,80,114,177,169,191,11,104,180,163,170,95,91,90,125,149,32,97,58,100,7,175,179,27,193,136,144,70,168,17,103,105,174,190,188,186,145,42,47,132,166,123,44];False
2694;8016;10710;[16,67,38,150,10,176,83,129,8,84,69,73,74,56,21,99,92,77,112,48,108,18,62,120,24,197,26,9,143,20,3,2,121,160,174,49,130,22,40,34,124,94,161,1,165,153,187,127,39,107,87,76,50,53,93,23,30,134,137,86,122,64,101,151,54,158,199,6,117,98,186,110,81,52,182,28,162,78,60,79,185,148,167,61,41,36,46,131,59,133,96,157,138,178,164,173,66,126,198,159,140,118,109,29,154,156,106,71,135,146,43,128,85,152,172,12,181,82,192,139,33,13,111,195,25,37,15,35,88,171,189,194,31,68,116,57,0,113,196,89,5,141,119,4,183,63,51,72,147,65,102,115,14,45,55,155,184,75,80,114,177,169,191,11,104,180,163,170,95,91,90,125,149,32,97,58,100,7,175,179,27,193,136,144,70,168,17,103,105,142,190,188,19,145,42,47,132,166,123,44];False
2549;8019;10568;[73,67,38,150,10,176,83,129,8,84,69,31,74,56,21,99,16,77,112,48,108,18,62,120,24,197,26,9,143,20,3,2,121,160,92,49,130,22,40,34,124,94,161,1,165,153,187,127,39,107,87,76,50,53,93,23,30,134,137,86,122,64,101,151,54,158,199,6,117,98,186,110,81,52,182,28,162,78,60,79,185,148,167,61,41,36,46,131,59,133,96,157,138,178,164,173,66,126,198,159,140,118,109,29,154,156,106,71,135,146,43,128,85,152,172,12,181,82,192,139,33,13,111,195,25,37,15,35,88,171,189,194,174,68,116,57,0,113,196,89,5,141,119,4,183,63,51,72,147,65,102,115,14,45,55,155,184,75,80,114,177,169,191,11,104,180,163,170,95,91,90,125,149,32,97,58,100,7,175,179,27,193,136,144,70,168,17,103,105,142,190,188,19,145,42,47,132,166,123,44];False
1718;9013;10731;[84,67,27,193,10,1,2,129,8,48,122,107,174,118,105,99,141,17,45,15,173,18,25,120,24,197,26,9,109,20,146,49,147,65,92,142,130,22,38,34,3,94,75,112,165,153,187,127,39,73,87,76,50,53,93,23,30,134,58,86,181,82,101,151,54,158,121,6,117,98,78,110,81,52,108,74,183,192,135,79,185,148,167,12,59,36,46,5,41,133,96,157,138,178,152,56,66,126,198,159,140,19,51,29,154,156,160,71,69,190,43,128,85,164,111,83,40,124,150,139,33,13,172,195,182,37,60,35,88,145,189,194,31,171,116,57,186,113,196,89,162,106,119,28,4,97,131,0,199,62,102,115,14,114,55,155,184,161,80,137,177,169,191,11,104,180,163,170,95,91,90,125,149,32,68,63,100,7,175,143,61,16,136,144,70,168,64,103,21,72,77,188,179,176,42,47,132,166,123,44];False
1916;8776;10692;[196,64,112,48,10,1,2,129,8,84,122,107,174,19,105,99,16,77,193,60,56,18,62,120,24,197,26,9,109,20,3,91,121,4,92,49,130,22,38,34,67,94,75,12,165,153,187,127,39,73,87,76,50,53,93,23,30,134,58,86,181,82,101,151,54,158,199,6,117,98,78,110,81,52,69,28,162,192,135,79,185,148,167,61,59,36,46,131,41,133,96,157,138,178,164,173,66,126,198,159,140,118,186,29,154,156,160,71,108,146,43,128,85,152,111,83,40,124,150,139,33,13,172,195,182,37,15,35,88,145,189,194,31,171,116,57,0,113,97,89,5,141,119,74,183,25,51,72,147,65,102,115,14,45,55,155,184,161,80,114,177,169,191,11,104,180,163,170,95,137,90,125,149,32,68,63,100,7,175,143,27,106,136,144,70,168,17,103,21,142,190,188,179,176,42,47,132,166,123,44];True
1946;8751;10697;[97,64,112,48,10,1,2,129,8,84,122,107,140,19,105,99,16,77,193,60,56,18,62,120,24,197,26,9,109,20,3,91,121,4,92,49,130,22,38,34,67,94,75,12,165,153,187,127,39,73,87,76,50,53,93,23,30,134,58,86,181,82,101,151,54,158,199,6,117,98,78,110,81,52,69,28,162,192,135,79,185,148,167,61,59,36,46,131,41,133,96,157,138,178,164,173,66,126,198,159,174,118,186,29,154,156,160,71,108,146,43,128,85,152,111,83,40,124,150,139,33,13,172,195,182,37,15,35,88,145,189,194,31,171,116,57,0,113,196,89,5,141,119,74,183,25,51,72,147,65,102,115,14,45,55,155,184,161,80,114,177,169,191,11,104,180,163,170,95,137,90,125,149,32,68,63,100,7,175,143,27,106,136,144,70,168,17,103,21,142,190,188,179,176,42,47,132,166,123,44];False
6839;7846;14685;[174,169,22,132,136,135,171,57,7,130,163,122,12,199,149,98,193,191,38,196,161,66,45,105,194,115,46,44,139,190,109,111,184,51,34,91,69,28,8,118,180,27,140,48,92,90,131,148,9,14,3,142,29,61,145,94,13,101,75,36,176,26,164,128,52,2,167,170,123,50,146,71,198,73,82,49,133,166,186,107,77,159,18,4,181,88,70,108,21,106,154,59,197,24,32,195,10,110,11,152,72,127,30,114,182,37,85,55,158,175,6,1,117,120,157,173,17,79,185,102,23,172,39,78,83,125,33,35,165,40,87,84,68,93,103,65,147,153,15,144,156,155,31,143,53,183,97,41,0,89,25,62,5,134,112,104,99,160,74,20,138,168,188,126,16,162,19,137,60,179,47,43,187,76,151,141,80,58,64,96,177,42,189,178,86,119,81,67,129,192,150,56,100,54,113,116,124,63,95,121];True
6710;7882;14592;[66,169,22,132,174,135,171,57,7,130,163,122,12,199,149,98,193,191,38,196,161,136,45,105,194,115,46,44,139,190,109,111,184,51,34,91,69,28,8,118,180,27,140,48,92,90,131,148,9,14,3,142,29,61,145,94,13,101,75,36,176,26,164,128,52,2,167,170,123,50,146,71,198,73,82,49,133,166,186,107,77,159,18,4,181,88,70,108,21,106,154,59,197,24,32,195,10,110,11,152,72,127,30,114,182,37,85,55,158,175,6,1,117,120,157,173,17,79,185,102,23,172,39,78,83,125,33,35,165,40,87,84,68,93,103,65,147,153,15,144,156,155,31,143,53,183,97,41,0,89,25,62,5,134,112,104,99,160,74,20,138,168,188,126,16,162,19,137,60,179,47,43,187,76,151,141,80,58,64,96,177,42,189,178,86,119,81,67,129,192,150,56,100,54,113,116,124,63,95,121];False
7517;7614;15131;[194,32,23,182,15,87,6,88,171,163,75,86,12,185,0,73,65,160,38,196,132,14,20,191,174,3,157,183,37,138,184,115,25,99,108,35,193,28,8,154,13,198,188,55,44,94,131,47,68,123,106,78,52,91,69,61,176,59,11,57,189,26,175,62,120,2,89,107,48,63,29,164,4,126,41,114,112,165,153,7,77,177,169,72,84,85,66,45,124,51,90,134,197,168,74,142,101,81,36,145,100,111,122,98,139,105,180,67,158,30,40,96,76,93,150,173,46,10,42,27,24,187,39,95,1,125,33,127,128,129,18,181,148,9,103,92,136,137,43,53,146,190,31,82,144,121,162,147,149,152,49,151,97,130,113,155,17,21,34,159,109,135,140,50,16,118,166,80,133,178,170,199,172,79,117,102,110,60,64,179,58,161,192,22,195,83,186,54,119,167,71,56,5,141,19,116,70,104,143,156];True
7401;7664;15065;[6,32,23,194,15,87,182,88,171,163,75,86,12,185,0,73,65,160,38,196,132,14,20,191,174,3,157,183,37,138,184,115,25,99,108,35,193,28,8,154,13,198,188,55,44,94,131,47,68,123,106,78,52,91,69,61,176,59,11,57,189,26,175,62,120,2,89,107,48,63,29,164,4,126,41,114,112,165,153,7,77,177,169,72,84,85,66,45,124,51,90,134,197,168,74,142,101,81,36,145,100,111,122,98,139,105,180,67,158,30,40,96,76,93,150,173,46,10,42,27,24,187,39,95,1,125,33,127,128,129,18,181,148,9,103,92,136,137,43,53,146,190,31,82,144,121,162,147,149,152,49,151,97,130,113,155,17,21,34,159,109,135,140,50,16,118,166,80,133,178,170,199,172,79,117,102,110,60,64,179,58,161,192,22,195,83,186,54,119,167,71,56,5,141,19,116,70,104,143,156];True
7473;7663;15136;[75,32,23,194,15,87,6,88,171,163,182,86,12,185,0,73,65,160,38,196,132,14,20,191,174,3,157,183,37,138,184,115,25,99,108,35,193,28,8,154,13,198,188,55,44,94,131,47,68,123,106,78,52,91,69,61,176,59,11,57,189,26,175,62,120,2,89,107,48,63,29,164,4,126,41,114,112,165,153,7,77,177,169,72,84,85,66,45,124,51,90,134,197,168,74,142,101,81,36,145,100,111,122,98,139,105,180,67,158,30,40,96,76,93,150,173,46,10,42,27,24,187,39,95,1,125,33,127,128,129,18,181,148,9,103,92,136,137,43,53,146,190,31,82,144,121,162,147,149,152,49,151,97,130,113,155,17,21,34,159,109,135,140,50,16,118,166,80,133,178,170,199,172,79,117,102,110,60,64,179,58,161,192,22,195,83,186,54,119,167,71,56,5,141,19,116,70,104,143,156];False
7924;7439;15363;[22,191,174,136,115,135,171,57,7,130,163,122,12,185,149,98,193,23,38,196,161,66,45,105,194,73,46,44,37,190,109,10,184,51,34,91,69,28,8,118,180,159,140,48,92,90,131,148,93,14,178,142,85,61,145,94,13,101,75,36,176,26,164,128,52,2,167,107,123,50,146,65,198,186,82,49,133,189,132,170,77,25,18,4,84,88,70,108,21,106,154,59,197,24,32,195,111,110,11,152,72,127,30,114,182,139,29,137,158,175,6,1,117,120,157,173,17,79,199,27,169,172,39,78,55,125,33,192,165,40,87,181,68,9,103,162,147,153,15,144,156,155,31,143,53,183,97,41,0,89,102,62,5,134,112,104,99,160,74,20,138,168,188,126,16,71,19,83,60,179,47,43,187,76,151,141,80,58,64,96,177,42,166,3,86,119,81,67,129,35,150,56,100,54,113,116,124,63,95,121];False
7903;7437;15340;[191,135,7,136,115,174,171,57,22,130,163,122,12,185,149,98,193,23,38,196,161,66,45,105,194,73,46,44,37,190,109,10,184,51,34,91,69,28,8,118,180,159,140,48,92,90,131,148,93,14,178,142,85,61,145,94,13,101,75,36,176,26,164,128,52,2,167,107,123,50,146,65,198,186,82,49,133,189,132,170,77,25,18,4,84,88,70,108,21,106,154,59,197,24,32,195,111,110,11,152,72,127,30,114,182,139,29,137,158,175,6,1,117,120,157,173,17,79,199,27,169,172,39,78,55,125,33,192,165,40,87,181,68,9,103,162,147,153,15,144,156,155,31,143,53,183,97,41,0,89,102,62,5,134,112,104,99,160,74,20,138,168,188,126,16,71,19,83,60,179,47,43,187,76,151,141,80,58,64,96,177,42,166,3,86,119,81,67,129,35,150,56,100,54,113,116,124,63,95,121];False
7897;7435;15332;[7,191,135,136,115,174,171,57,22,130,163,122,12,185,149,98,193,23,38,196,161,66,45,105,194,73,46,44,37,190,109,10,184,51,34,91,69,28,8,118,180,159,140,48,92,90,131,148,93,14,178,142,85,61,145,94,13,101,75,36,176,26,164,128,52,2,167,107,123,50,146,65,198,186,82,49,133,189,132,170,77,25,18,4,84,88,70,108,21,106,154,59,197,24,32,195,111,110,11,152,72,127,30,114,182,139,29,137,158,175,6,1,117,120,157,173,17,79,199,27,169,172,39,78,55,125,33,192,165,40,87,181,68,9,103,162,147,153,15,144,156,155,31,143,53,183,97,41,0,89,102,62,5,134,112,104,99,160,74,20,138,168,188,126,16,71,19,83,60,179,47,43,187,76,151,141,80,58,64,96,177,42,166,3,86,119,81,67,129,35,150,56,100,54,113,116,124,63,95,121];False
7983;7426;15409;[136,191,7,135,115,174,171,57,22,130,163,122,12,185,149,98,193,23,38,196,161,66,45,105,194,73,46,44,37,190,109,10,184,51,34,91,69,28,8,118,180,159,140,48,92,90,131,148,93,14,178,142,85,61,145,94,13,101,75,36,176,26,164,128,52,2,167,107,123,50,146,65,198,186,82,49,133,189,132,170,77,25,18,4,84,88,70,108,21,106,154,59,197,24,32,195,111,110,11,152,72,127,30,114,182,139,29,137,158,175,6,1,117,120,157,173,17,79,199,27,169,172,39,78,55,125,33,192,165,40,87,181,68,9,103,162,147,153,15,144,156,155,31,143,53,183,97,41,0,89,102,62,5,134,112,104,99,160,74,20,138,168,188,126,16,71,19,83,60,179,47,43,187,76,151,141,80,58,64,96,177,42,166,3,86,119,81,67,129,35,150,56,100,54,113,116,124,63,95,121];False
9063;6642;15705;[37,174,10,6,149,18,171,57,3,130,163,122,12,185,54,98,193,191,38,196,161,66,45,135,194,115,46,44,106,190,109,23,184,51,34,91,69,28,8,118,180,159,188,48,92,90,131,148,93,14,178,142,136,61,145,94,13,101,141,36,176,35,97,128,52,2,167,107,123,50,155,65,198,17,82,49,133,189,132,170,77,25,105,4,84,88,70,108,21,73,154,59,197,24,72,78,111,110,11,152,86,127,30,114,182,139,29,137,158,175,85,1,117,120,157,173,186,79,42,27,169,172,39,32,55,125,33,192,165,40,87,181,68,9,103,162,147,67,95,144,156,146,31,143,53,183,164,41,75,89,102,62,5,134,112,104,99,63,74,20,138,168,140,126,16,71,19,83,60,179,47,43,187,76,151,7,80,58,64,96,177,199,166,22,195,119,81,153,129,26,150,56,100,0,113,116,124,160,15,121];False
9052;6643;15695;[174,125,170,6,149,18,171,57,3,130,163,122,12,185,54,98,193,191,38,196,161,66,45,135,194,115,46,44,37,190,109,10,184,51,34,91,69,28,8,118,180,159,188,48,92,90,131,148,93,14,178,142,136,61,145,94,13,101,141,36,176,35,97,128,52,2,167,107,123,50,155,65,198,17,82,49,133,189,132,23,77,25,105,4,84,88,70,108,21,106,154,59,197,24,72,78,111,110,11,152,86,127,30,114,182,139,29,137,158,175,85,1,117,120,157,173,186,79,42,27,169,172,39,32,55,73,33,192,165,40,87,181,68,9,103,162,147,67,95,144,156,146,31,143,53,183,164,41,75,89,102,62,5,134,112,104,99,63,74,20,138,168,140,126,16,71,19,83,60,179,47,43,187,76,151,7,80,58,64,96,177,199,166,22,195,119,81,153,129,26,150,56,100,0,113,116,124,160,15,121];False
8910;6669;15579;[37,174,170,6,149,18,171,57,3,130,163,122,12,185,54,98,193,191,38,196,161,66,45,135,194,115,46,44,125,190,109,10,184,51,34,91,69,28,8,118,180,159,188,48,92,90,131,148,93,14,178,142,136,61,145,94,13,101,141,36,176,35,97,128,52,2,167,107,123,50,155,65,198,17,82,49,133,189,132,23,77,25,105,4,84,88,70,108,21,106,154,59,197,24,72,78,111,110,11,152,86,127,30,114,182,139,29,137,158,175,85,1,117,120,157,173,186,79,42,27,169,172,39,32,55,73,33,192,165,40,87,181,68,9,103,162,147,67,95,144,156,146,31,143,53,183,164,41,75,89,102,62,5,134,112,104,99,63,74,20,138,168,140,126,16,71,19,83,60,179,47,43,187,76,151,7,80,58,64,96,177,199,166,22,195,119,81,153,129,26,150,56,100,0,113,116,124,160,15,121];True
9252;6583;15835;[73,174,10,176,149,189,11,57,3,130,163,122,12,185,54,98,193,191,38,196,161,66,45,135,194,115,46,44,37,190,109,23,184,51,34,91,69,28,8,118,180,159,188,48,92,90,131,148,93,14,178,142,6,61,145,94,13,101,141,36,136,35,97,128,52,2,167,107,123,50,155,65,198,17,82,49,133,18,132,170,77,25,105,4,84,88,70,108,21,106,154,59,197,24,72,78,111,110,171,152,86,127,30,114,182,139,29,137,158,175,85,1,117,120,157,173,186,79,42,27,169,172,39,32,55,125,33,192,165,40,87,181,68,9,103,162,147,67,95,144,156,146,31,143,53,183,164,41,75,89,102,62,5,134,112,104,99,63,74,20,138,168,140,126,16,71,19,83,60,179,47,43,187,76,151,7,80,58,64,96,177,199,166,22,195,119,81,153,129,26,150,56,100,0,113,116,124,160,15,121];True
1964;8278;10242;[45,16,25,48,10,176,83,129,8,84,67,61,74,108,21,99,122,77,112,150,56,18,62,120,24,197,26,9,143,20,3,2,121,160,92,106,130,22,38,34,124,94,161,1,165,153,187,127,39,107,87,76,50,53,93,23,30,134,137,86,69,64,101,151,54,158,199,6,117,98,19,110,81,52,182,28,162,78,60,79,185,148,167,73,41,36,46,131,59,133,96,157,138,178,164,173,66,126,198,159,140,118,109,29,154,156,142,15,135,146,43,128,85,152,172,12,181,82,192,139,33,13,111,195,40,37,71,35,88,171,189,194,31,68,116,57,0,113,196,89,5,141,119,4,183,63,51,72,147,65,102,115,14,49,55,155,184,75,80,114,177,169,191,11,104,180,163,170,95,91,90,125,149,32,97,58,100,7,175,179,27,193,136,144,70,168,17,103,105,174,190,188,186,145,42,47,132,166,123,44];False
1943;8284;10227;[45,187,25,48,10,176,83,129,8,84,67,61,74,108,21,99,16,77,112,150,56,18,62,120,24,197,26,9,143,20,3,2,121,160,92,106,130,22,38,34,124,94,161,1,165,153,122,127,39,107,87,76,50,53,93,23,30,134,137,86,69,64,101,151,54,158,199,6,117,98,19,110,81,52,182,28,162,78,60,79,185,148,167,73,41,36,46,131,59,133,96,157,138,178,164,173,66,126,198,159,140,118,109,29,154,156,142,15,135,146,43,128,85,152,172,12,181,82,192,139,33,13,111,195,40,37,71,35,88,171,189,194,31,68,116,57,0,113,196,89,5,141,119,4,183,63,51,72,147,65,102,115,14,49,55,155,184,75,80,114,177,169,191,11,104,180,163,170,95,91,90,125,149,32,97,58,100,7,175,179,27,193,136,144,70,168,17,103,105,174,190,188,186,145,42,47,132,166,123,44];False
1939;8241;10180;[45,76,25,48,10,176,83,129,8,84,67,61,74,108,21,99,16,77,112,150,56,18,62,120,24,197,26,9,143,20,3,2,121,160,92,106,130,22,38,34,124,94,161,1,165,153,187,127,39,107,87,122,50,53,93,23,30,134,137,86,69,64,101,151,54,158,199,6,117,98,19,110,81,52,182,28,162,78,60,79,185,148,167,73,41,36,46,131,59,133,96,157,138,178,164,173,66,126,198,159,140,118,109,29,154,156,142,15,135,146,43,128,85,152,172,12,181,82,192,139,33,13,111,195,40,37,71,35,88,171,189,194,31,68,116,57,0,113,196,89,5,141,119,4,183,63,51,72,147,65,102,115,14,49,55,155,184,75,80,114,177,169,191,11,104,180,163,170,95,91,90,125,149,32,97,58,100,7,175,179,27,193,136,144,70,168,17,103,105,174,190,188,186,145,42,47,132,166,123,44];True
2649;8009;10658;[84,67,38,150,10,176,83,129,8,16,69,73,74,56,21,99,92,77,112,48,108,18,62,120,24,197,26,9,143,20,3,2,121,160,174,49,130,22,40,34,124,94,161,1,165,153,187,127,39,107,87,76,50,53,93,23,30,134,137,86,122,64,101,151,54,158,199,6,117,98,186,110,81,52,182,28,162,78,60,79,185,148,167,61,41,36,46,131,59,133,96,157,138,178,164,173,66,126,198,159,140,118,109,29,154,156,106,71,135,146,43,128,85,152,172,12,181,82,192,139,33,13,111,195,25,37,15,35,88,171,189,194,31,68,116,57,0,113,196,89,5,141,119,4,183,63,51,72,147,65,102,115,14,45,55,155,184,75,80,114,177,169,191,11,104,180,163,170,95,91,90,125,149,32,97,58,100,7,175,179,27,193,136,144,70,168,17,103,105,142,190,188,19,145,42,47,132,166,123,44];False
1743;8999;10742;[90,67,27,193,10,1,2,129,8,48,122,107,174,118,105,99,141,17,45,15,173,18,25,120,24,197,26,9,109,20,146,49,147,65,92,142,130,22,38,34,3,94,75,112,165,153,187,127,39,73,87,76,50,53,93,23,30,134,58,86,181,82,101,151,54,158,121,6,117,98,78,110,81,52,108,74,183,192,135,79,185,148,167,12,59,36,46,5,41,133,96,157,138,178,152,56,66,126,198,159,140,19,51,29,154,156,160,71,69,190,43,128,85,164,111,83,40,124,150,139,33,13,172,195,182,37,60,35,88,145,189,194,31,171,116,57,186,113,196,89,162,106,119,28,4,97,131,0,199,62,102,115,14,114,55,155,184,161,80,137,177,169,191,11,104,180,163,170,95,91,84,125,149,32,68,63,100,7,175,143,61,16,136,144,70,168,64,103,21,72,77,188,179,176,42,47,132,166,123,44];False
1717;9011;10728;[84,67,165,193,10,1,2,129,8,48,122,107,174,118,105,99,141,17,45,15,173,18,25,120,24,197,26,9,109,20,146,49,147,65,92,142,130,22,38,34,3,94,75,112,27,153,187,127,39,73,87,76,50,53,93,23,30,134,58,86,181,82,101,151,54,158,121,6,117,98,78,110,81,52,108,74,183,192,135,79,185,148,167,12,59,36,46,5,41,133,96,157,138,178,152,56,66,126,198,159,140,19,51,29,154,156,160,71,69,190,43,128,85,164,111,83,40,124,150,139,33,13,172,195,182,37,60,35,88,145,189,194,31,171,116,57,186,113,196,89,162,106,119,28,4,97,131,0,199,62,102,115,14,114,55,155,184,161,80,137,177,169,191,11,104,180,163,170,95,91,90,125,149,32,68,63,100,7,175,143,61,16,136,144,70,168,64,103,21,72,77,188,179,176,42,47,132,166,123,44];True
6694;7897;14591;[132,169,22,66,174,135,171,57,7,130,163,122,12,199,149,98,193,191,38,196,161,136,45,105,194,115,46,44,139,190,109,111,184,51,34,91,69,28,8,118,180,27,140,48,92,90,131,148,9,14,3,142,29,61,145,94,13,101,75,36,176,26,164,128,52,2,167,170,123,50,146,71,198,73,82,49,133,166,186,107,77,159,18,4,181,88,70,108,21,106,154,59,197,24,32,195,10,110,11,152,72,127,30,114,182,37,85,55,158,175,6,1,117,120,157,173,17,79,185,102,23,172,39,78,83,125,33,35,165,40,87,84,68,93,103,65,147,153,15,144,156,155,31,143,53,183,97,41,0,89,25,62,5,134,112,104,99,160,74,20,138,168,188,126,16,162,19,137,60,179,47,43,187,76,151,141,80,58,64,96,177,42,189,178,86,119,81,67,129,192,150,56,100,54,113,116,124,63,95,121];False
6693;7849;14542;[174,169,22,132,66,135,171,57,7,130,163,122,12,199,149,98,193,191,38,196,161,136,45,105,194,115,46,44,139,190,109,111,184,51,34,91,69,28,8,118,180,27,140,48,92,90,131,148,9,14,3,142,29,61,145,94,13,101,75,36,176,26,164,128,52,2,167,170,123,50,146,71,198,73,82,49,133,166,186,107,77,159,18,4,181,88,70,108,21,106,154,59,197,24,32,195,10,110,11,152,72,127,30,114,182,37,85,55,158,175,6,1,117,120,157,173,17,79,185,102,23,172,39,78,83,125,33,35,165,40,87,84,68,93,103,65,147,153,15,144,156,155,31,143,53,183,97,41,0,89,25,62,5,134,112,104,99,160,74,20,138,168,188,126,16,162,19,137,60,179,47,43,187,76,151,141,80,58,64,96,177,42,189,178,86,119,81,67,129,192,150,56,100,54,113,116,124,63,95,121];True
7414;7661;15075;[6,32,23,194,15,87,75,88,171,163,182,86,12,185,0,73,65,160,38,196,132,14,20,191,174,3,157,183,37,138,184,115,25,99,108,35,193,28,8,154,13,198,188,55,44,94,131,47,68,123,106,78,52,91,69,61,176,59,11,57,189,26,175,62,120,2,89,107,48,63,29,164,4,126,41,114,112,165,153,7,77,177,169,72,84,85,66,45,124,51,90,134,197,168,74,142,101,81,36,145,100,111,122,98,139,105,180,67,158,30,40,96,76,93,150,173,46,10,42,27,24,187,39,95,1,125,33,127,128,129,18,181,148,9,103,92,136,137,43,53,146,190,31,82,144,121,162,147,149,152,49,151,97,130,113,155,17,21,34,159,109,135,140,50,16,118,166,80,133,178,170,199,172,79,117,102,110,60,64,179,58,161,192,22,195,83,186,54,119,167,71,56,5,141,19,116,70,104,143,156];True
7993;7422;15415;[115,191,7,135,136,174,171,57,22,130,163,122,12,185,149,98,193,23,38,196,161,66,45,105,194,73,46,44,37,190,109,10,184,51,34,91,69,28,8,118,180,159,140,48,92,90,131,148,93,14,178,142,85,61,145,94,13,101,75,36,176,26,164,128,52,2,167,107,123,50,146,65,198,186,82,49,133,189,132,170,77,25,18,4,84,88,70,108,21,106,154,59,197,24,32,195,111,110,11,152,72,127,30,114,182,139,29,137,158,175,6,1,117,120,157,173,17,79,199,27,169,172,39,78,55,125,33,192,165,40,87,181,68,9,103,162,147,153,15,144,156,155,31,143,53,183,97,41,0,89,102,62,5,134,112,104,99,160,74,20,138,168,188,126,16,71,19,83,60,179,47,43,187,76,151,141,80,58,64,96,177,42,166,3,86,119,81,67,129,35,150,56,100,54,113,116,124,63,95,121];False
9021;6632;15653;[198,174,10,6,149,18,171,57,3,130,163,122,12,185,54,98,193,191,38,196,161,66,45,135,194,115,46,44,106,190,109,23,184,51,34,91,69,28,8,118,180,159,188,48,92,90,131,148,93,14,178,142,136,61,145,94,13,101,141,36,176,35,97,128,52,2,167,107,123,50,155,65,37,17,82,49,133,189,132,170,77,25,105,4,84,88,70,108,21,73,154,59,197,24,72,78,111,110,11,152,86,127,30,114,182,139,29,137,158,175,85,1,117,120,157,173,186,79,42,27,169,172,39,32,55,125,33,192,165,40,87,181,68,9,103,162,147,67,95,144,156,146,31,143,53,183,164,41,75,89,102,62,5,134,112,104,99,63,74,20,138,168,140,126,16,71,19,83,60,179,47,43,187,76,151,7,80,58,64,96,177,199,166,22,195,119,81,153,129,26,150,56,100,0,113,116,124,160,15,121];True
9015;6657;15672;[174,37,170,6,149,18,171,57,3,130,163,122,12,185,54,98,193,191,38,196,161,66,45,135,194,115,46,44,125,190,109,10,184,51,34,91,69,28,8,118,180,159,188,48,92,90,131,148,93,14,178,142,136,61,145,94,13,101,141,36,176,35,97,128,52,2,167,107,123,50,155,65,198,17,82,49,133,189,132,23,77,25,105,4,84,88,70,108,21,106,154,59,197,24,72,78,111,110,11,152,86,127,30,114,182,139,29,137,158,175,85,1,117,120,157,173,186,79,42,27,169,172,39,32,55,73,33,192,165,40,87,181,68,9,103,162,147,67,95,144,156,146,31,143,53,183,164,41,75,89,102,62,5,134,112,104,99,63,74,20,138,168,140,126,16,71,19,83,60,179,47,43,187,76,151,7,80,58,64,96,177,199,166,22,195,119,81,153,129,26,150,56,100,0,113,116,124,160,15,121];True
1948;8239;10187;[69,76,25,48,10,176,83,129,8,84,67,61,74,108,21,99,16,77,112,150,56,18,62,120,24,197,26,9,143,20,3,2,121,160,92,106,130,22,38,34,124,94,161,1,165,153,187,127,39,107,87,122,50,53,93,23,30,134,137,86,45,64,101,151,54,158,199,6,117,98,19,110,81,52,182,28,162,78,60,79,185,148,167,73,41,36,46,131,59,133,96,157,138,178,164,173,66,126,198,159,140,118,109,29,154,156,142,15,135,146,43,128,85,152,172,12,181,82,192,139,33,13,111,195,40,37,71,35,88,171,189,194,31,68,116,57,0,113,196,89,5,141,119,4,183,63,51,72,147,65,102,115,14,49,55,155,184,75,80,114,177,169,191,11,104,180,163,170,95,91,90,125,149,32,97,58,100,7,175,179,27,193,136,144,70,168,17,103,105,174,190,188,186,145,42,47,132,166,123,44];True
2508;8017;10525;[92,67,38,150,10,176,83,129,8,16,69,73,74,56,21,99,84,77,112,48,108,18,62,120,24,197,26,9,143,20,3,2,121,160,174,49,130,22,40,34,124,94,161,1,165,153,187,127,39,107,87,76,50,53,93,23,30,134,137,86,122,64,101,151,54,158,199,6,117,98,186,110,81,52,182,28,162,78,60,79,185,148,167,61,41,36,46,131,59,133,96,157,138,178,164,173,66,126,198,159,140,118,109,29,154,156,106,71,135,146,43,128,85,152,172,12,181,82,192,139,33,13,111,195,25,37,15,35,88,171,189,194,31,68,116,57,0,113,196,89,5,141,119,4,183,63,51,72,147,65,102,115,14,45,55,155,184,75,80,114,177,169,191,11,104,180,163,170,95,91,90,125,149,32,97,58,100,7,175,179,27,193,136,144,70,168,17,103,105,142,190,188,19,145,42,47,132,166,123,44];True
2791;8004;10795;[108,67,38,150,10,176,83,129,8,16,69,73,74,56,21,99,92,77,112,48,84,18,62,120,24,197,26,9,143,20,3,2,121,160,174,49,130,22,40,34,124,94,161,1,165,153,187,127,39,107,87,76,50,53,93,23,30,134,137,86,122,64,101,151,54,158,199,6,117,98,186,110,81,52,182,28,162,78,60,79,185,148,167,61,41,36,46,131,59,133,96,157,138,178,164,173,66,126,198,159,140,118,109,29,154,156,106,71,135,146,43,128,85,152,172,12,181,82,192,139,33,13,111,195,25,37,15,35,88,171,189,194,31,68,116,57,0,113,196,89,5,141,119,4,183,63,51,72,147,65,102,115,14,45,55,155,184,75,80,114,177,169,191,11,104,180,163,170,95,91,90,125,149,32,97,58,100,7,175,179,27,193,136,144,70,168,17,103,105,142,190,188,19,145,42,47,132,166,123,44];False
2760;8004;10764;[20,67,38,150,10,176,83,129,8,16,69,73,74,56,21,99,92,77,112,48,108,18,62,120,24,197,26,9,143,84,3,2,121,160,174,49,130,22,40,34,124,94,161,1,165,153,187,127,39,107,87,76,50,53,93,23,30,134,137,86,122,64,101,151,54,158,199,6,117,98,186,110,81,52,182,28,162,78,60,79,185,148,167,61,41,36,46,131,59,133,96,157,138,178,164,173,66,126,198,159,140,118,109,29,154,156,106,71,135,146,43,128,85,152,172,12,181,82,192,139,33,13,111,195,25,37,15,35,88,171,189,194,31,68,116,57,0,113,196,89,5,141,119,4,183,63,51,72,147,65,102,115,14,45,55,155,184,75,80,114,177,169,191,11,104,180,163,170,95,91,90,125,149,32,97,58,100,7,175,179,27,193,136,144,70,168,17,103,105,142,190,188,19,145,42,47,132,166,123,44];False
1742;8997;10739;[90,67,165,193,10,1,2,129,8,48,122,107,174,118,105,99,141,17,45,15,173,18,25,120,24,197,26,9,109,20,146,49,147,65,92,142,130,22,38,34,3,94,75,112,27,153,187,127,39,73,87,76,50,53,93,23,30,134,58,86,181,82,101,151,54,158,121,6,117,98,78,110,81,52,108,74,183,192,135,79,185,148,167,12,59,36,46,5,41,133,96,157,138,178,152,56,66,126,198,159,140,19,51,29,154,156,160,71,69,190,43,128,85,164,111,83,40,124,150,139,33,13,172,195,182,37,60,35,88,145,189,194,31,171,116,57,186,113,196,89,162,106,119,28,4,97,131,0,199,62,102,115,14,114,55,155,184,161,80,137,177,169,191,11,104,180,163,170,95,91,84,125,149,32,68,63,100,7,175,143,61,16,136,144,70,168,64,103,21,72,77,188,179,176,42,47,132,166,123,44];True
1721;9005;10726;[143,67,165,193,10,1,2,129,8,48,122,107,174,118,105,99,141,17,45,15,173,18,25,120,24,197,26,9,109,20,146,49,147,65,92,142,130,22,38,34,3,94,75,112,27,153,187,127,39,73,87,76,50,53,93,23,30,134,58,86,181,82,101,151,54,158,121,6,117,98,78,110,81,52,108,74,183,192,135,79,185,148,167,12,59,36,46,5,41,133,96,157,138,178,152,56,66,126,198,159,140,19,51,29,154,156,160,71,69,190,43,128,85,164,111,83,40,124,150,139,33,13,172,195,182,37,60,35,88,145,189,194,31,171,116,57,186,113,196,89,162,106,119,28,4,97,131,0,199,62,102,115,14,114,55,155,184,161,80,137,177,169,191,11,104,180,163,170,95,91,90,125,149,32,68,63,100,7,175,84,61,16,136,144,70,168,64,103,21,72,77,188,179,176,42,47,132,166,123,44];True
1764;8995;10759;[84,67,165,193,10,6,2,129,8,48,122,107,174,118,105,99,141,17,45,15,173,18,25,120,24,197,26,9,109,20,146,49,147,65,92,142,130,22,38,34,3,94,75,112,27,153,187,127,39,73,87,76,50,53,93,23,30,134,58,86,181,82,101,151,54,158,121,1,117,98,78,110,81,52,108,74,183,192,135,79,185,148,167,12,59,36,46,5,41,133,96,157,138,178,152,56,66,126,198,159,140,19,51,29,154,156,160,71,69,190,43,128,85,164,111,83,40,124,150,139,33,13,172,195,182,37,60,35,88,145,189,194,31,171,116,57,186,113,196,89,162,106,119,28,4,97,131,0,199,62,102,115,14,114,55,155,184,161,80,137,177,169,191,11,104,180,163,170,95,91,90,125,149,32,68,63,100,7,175,143,61,16,136,144,70,168,64,103,21,72,77,188,179,176,42,47,132,166,123,44];False
7323;7716;15039;[12,32,23,194,15,87,75,88,171,163,182,86,6,185,0,73,65,160,38,196,132,14,20,191,174,3,157,183,37,138,184,115,25,99,108,35,193,28,8,154,13,198,188,55,44,94,131,47,68,123,106,78,52,91,69,61,176,59,11,57,189,26,175,62,120,2,89,107,48,63,29,164,4,126,41,114,112,165,153,7,77,177,169,72,84,85,66,45,124,51,90,134,197,168,74,142,101,81,36,145,100,111,122,98,139,105,180,67,158,30,40,96,76,93,150,173,46,10,42,27,24,187,39,95,1,125,33,127,128,129,18,181,148,9,103,92,136,137,43,53,146,190,31,82,144,121,162,147,149,152,49,151,97,130,113,155,17,21,34,159,109,135,140,50,16,118,166,80,133,178,170,199,172,79,117,102,110,60,64,179,58,161,192,22,195,83,186,54,119,167,71,56,5,141,19,116,70,104,143,156];True
8033;7371;15404;[174,191,7,135,136,115,171,57,22,130,163,122,12,185,149,98,193,23,38,196,161,66,45,105,194,73,46,44,37,190,109,10,184,51,34,91,69,28,8,118,180,159,140,48,92,90,131,148,93,14,178,142,85,61,145,94,13,101,75,36,176,26,164,128,52,2,167,107,123,50,146,65,198,186,82,49,133,189,132,170,77,25,18,4,84,88,70,108,21,106,154,59,197,24,32,195,111,110,11,152,72,127,30,114,182,139,29,137,158,175,6,1,117,120,157,173,17,79,199,27,169,172,39,78,55,125,33,192,165,40,87,181,68,9,103,162,147,153,15,144,156,155,31,143,53,183,97,41,0,89,102,62,5,134,112,104,99,160,74,20,138,168,188,126,16,71,19,83,60,179,47,43,187,76,151,141,80,58,64,96,177,42,166,3,86,119,81,67,129,35,150,56,100,54,113,116,124,63,95,121];False
8141;7370;15511;[73,191,7,135,136,174,171,57,22,130,163,122,12,185,149,98,193,23,38,196,161,66,45,105,194,115,46,44,37,190,109,10,184,51,34,91,69,28,8,118,180,159,140,48,92,90,131,148,93,14,178,142,85,61,145,94,13,101,75,36,176,26,164,128,52,2,167,107,123,50,146,65,198,186,82,49,133,189,132,170,77,25,18,4,84,88,70,108,21,106,154,59,197,24,32,195,111,110,11,152,72,127,30,114,182,139,29,137,158,175,6,1,117,120,157,173,17,79,199,27,169,172,39,78,55,125,33,192,165,40,87,181,68,9,103,162,147,153,15,144,156,155,31,143,53,183,97,41,0,89,102,62,5,134,112,104,99,160,74,20,138,168,188,126,16,71,19,83,60,179,47,43,187,76,151,141,80,58,64,96,177,42,166,3,86,119,81,67,129,35,150,56,100,54,113,116,124,63,95,121];False
8889;6703;15592;[10,37,170,6,149,18,171,57,3,130,163,122,12,185,54,98,193,191,38,196,161,66,45,135,194,115,46,44,125,190,109,174,184,51,34,91,69,28,8,118,180,159,188,48,92,90,131,148,93,14,178,142,136,61,145,94,13,101,141,36,176,35,97,128,52,2,167,107,123,50,155,65,198,17,82,49,133,189,132,23,77,25,105,4,84,88,70,108,21,106,154,59,197,24,72,78,111,110,11,152,86,127,30,114,182,139,29,137,158,175,85,1,117,120,157,173,186,79,42,27,169,172,39,32,55,73,33,192,165,40,87,181,68,9,103,162,147,67,95,144,156,146,31,143,53,183,164,41,75,89,102,62,5,134,112,104,99,63,74,20,138,168,140,126,16,71,19,83,60,179,47,43,187,76,151,7,80,58,64,96,177,199,166,22,195,119,81,153,129,26,150,56,100,0,113,116,124,160,15,121];False
1985;8224;10209;[174,76,25,48,10,176,83,129,8,84,67,61,74,108,21,99,16,77,112,150,56,18,62,120,24,197,26,9,143,20,3,2,121,160,92,106,130,22,38,34,124,94,161,1,165,153,187,127,39,107,87,122,50,53,93,23,30,134,137,86,45,64,101,151,54,158,199,6,117,98,19,110,81,52,182,28,162,78,60,79,185,148,167,73,41,36,46,131,59,133,96,157,138,178,164,173,66,126,198,159,140,118,109,29,154,156,142,15,135,146,43,128,85,152,172,12,181,82,192,139,33,13,111,195,40,37,71,35,88,171,189,194,31,68,116,57,0,113,196,89,5,141,119,4,183,63,51,72,147,65,102,115,14,49,55,155,184,75,80,114,177,169,191,11,104,180,163,170,95,91,90,125,149,32,97,58,100,7,175,179,27,193,136,144,70,168,17,103,105,69,190,188,186,145,42,47,132,166,123,44];True
2564;8014;10578;[99,67,38,150,10,176,83,129,8,16,69,73,74,56,21,92,84,77,112,48,108,18,62,120,24,197,26,9,143,20,3,2,121,160,174,49,130,22,40,34,124,94,161,1,165,153,187,127,39,107,87,76,50,53,93,23,30,134,137,86,122,64,101,151,54,158,199,6,117,98,186,110,81,52,182,28,162,78,60,79,185,148,167,61,41,36,46,131,59,133,96,157,138,178,164,173,66,126,198,159,140,118,109,29,154,156,106,71,135,146,43,128,85,152,172,12,181,82,192,139,33,13,111,195,25,37,15,35,88,171,189,194,31,68,116,57,0,113,196,89,5,141,119,4,183,63,51,72,147,65,102,115,14,45,55,155,184,75,80,114,177,169,191,11,104,180,163,170,95,91,90,125,149,32,97,58,100,7,175,179,27,193,136,144,70,168,17,103,105,142,190,188,19,145,42,47,132,166,123,44];True
2920;8002;10922;[73,67,38,150,10,176,83,129,8,16,69,20,74,56,21,99,92,77,112,48,108,18,62,120,24,197,26,9,143,84,3,2,121,160,174,49,130,22,40,34,124,94,161,1,165,153,187,127,39,107,87,76,50,53,93,23,30,134,137,86,122,64,101,151,54,158,199,6,117,98,186,110,81,52,182,28,162,78,60,79,185,148,167,61,41,36,46,131,59,133,96,157,138,178,164,173,66,126,198,159,140,118,109,29,154,156,106,71,135,146,43,128,85,152,172,12,181,82,192,139,33,13,111,195,25,37,15,35,88,171,189,194,31,68,116,57,0,113,196,89,5,141,119,4,183,63,51,72,147,65,102,115,14,45,55,155,184,75,80,114,177,169,191,11,104,180,163,170,95,91,90,125,149,32,97,58,100,7,175,179,27,193,136,144,70,168,17,103,105,142,190,188,19,145,42,47,132,166,123,44];False
1768;8983;10751;[90,67,165,193,10,145,2,129,8,48,122,107,174,118,105,99,141,17,45,15,173,18,25,120,24,197,26,9,109,20,146,49,147,65,92,142,130,22,38,34,3,94,75,112,27,153,187,127,39,73,87,76,50,53,93,23,30,134,58,86,181,82,101,151,54,158,121,6,117,98,78,110,81,52,108,74,183,192,135,79,185,148,167,12,59,36,46,5,41,133,96,157,138,178,152,56,66,126,198,159,140,19,51,29,154,156,160,71,69,190,43,128,85,164,111,83,40,124,150,139,33,13,172,195,182,37,60,35,88,1,189,194,31,171,116,57,186,113,196,89,162,106,119,28,4,97,131,0,199,62,102,115,14,114,55,155,184,161,80,137,177,169,191,11,104,180,163,170,95,91,84,125,149,32,68,63,100,7,175,143,61,16,136,144,70,168,64,103,21,72,77,188,179,176,42,47,132,166,123,44];False
1753;8982;10735;[90,67,165,193,10,1,2,129,8,105,122,107,174,118,48,99,141,17,45,15,173,18,25,120,24,197,26,9,109,20,146,49,147,65,92,142,130,22,38,34,3,94,75,112,27,153,187,127,39,73,87,76,50,53,93,23,30,134,58,86,181,82,101,151,54,158,121,6,117,98,78,110,81,52,108,74,183,192,135,79,185,148,167,12,59,36,46,5,41,133,96,157,138,178,152,56,66,126,198,159,140,19,51,29,154,156,160,71,69,190,43,128,85,164,111,83,40,124,150,139,33,13,172,195,182,37,60,35,88,145,189,194,31,171,116,57,186,113,196,89,162,106,119,28,4,97,131,0,199,62,102,115,14,114,55,155,184,161,80,137,177,169,191,11,104,180,163,170,95,91,84,125,149,32,68,63,100,7,175,143,61,16,136,144,70,168,64,103,21,72,77,188,179,176,42,47,132,166,123,44];True
7363;7707;15070;[88,32,23,194,15,87,75,12,171,163,182,86,6,185,0,73,65,160,38,196,132,14,20,191,174,3,157,183,37,138,184,115,25,99,108,35,193,28,8,154,13,198,188,55,44,94,131,47,68,123,106,78,52,91,69,61,176,59,11,57,189,26,175,62,120,2,89,107,48,63,29,164,4,126,41,114,112,165,153,7,77,177,169,72,84,85,66,45,124,51,90,134,197,168,74,142,101,81,36,145,100,111,122,98,139,105,180,67,158,30,40,96,76,93,150,173,46,10,42,27,24,187,39,95,1,125,33,127,128,129,18,181,148,9,103,92,136,137,43,53,146,190,31,82,144,121,162,147,149,152,49,151,97,130,113,155,17,21,34,159,109,135,140,50,16,118,166,80,133,178,170,199,172,79,117,102,110,60,64,179,58,161,192,22,195,83,186,54,119,167,71,56,5,141,19,116,70,104,143,156];True
7964;7400;15364;[191,174,7,135,136,115,171,57,22,130,163,122,12,185,149,98,193,23,38,196,161,66,45,105,194,73,46,44,37,190,109,10,184,51,34,91,69,28,8,118,180,159,140,48,92,90,131,148,93,14,178,142,85,61,145,94,13,101,75,36,176,26,164,128,52,2,167,107,123,50,146,65,198,186,82,49,133,189,132,170,77,25,18,4,84,88,70,108,21,106,154,59,197,24,32,195,111,110,11,152,72,127,30,114,182,139,29,137,158,175,6,1,117,120,157,173,17,79,199,27,169,172,39,78,55,125,33,192,165,40,87,181,68,9,103,162,147,153,15,144,156,155,31,143,53,183,97,41,0,89,102,62,5,134,112,104,99,160,74,20,138,168,188,126,16,71,19,83,60,179,47,43,187,76,151,141,80,58,64,96,177,42,166,3,86,119,81,67,129,35,150,56,100,54,113,116,124,63,95,121];True
7918;7414;15332;[7,191,174,135,136,115,171,57,22,130,163,122,12,185,149,98,193,23,38,196,161,66,45,105,194,73,46,44,37,190,109,10,184,51,34,91,69,28,8,118,180,159,140,48,92,90,131,148,93,14,178,142,85,61,145,94,13,101,75,36,176,26,164,128,52,2,167,107,123,50,146,65,198,186,82,49,133,189,132,170,77,25,18,4,84,88,70,108,21,106,154,59,197,24,32,195,111,110,11,152,72,127,30,114,182,139,29,137,158,175,6,1,117,120,157,173,17,79,199,27,169,172,39,78,55,125,33,192,165,40,87,181,68,9,103,162,147,153,15,144,156,155,31,143,53,183,97,41,0,89,102,62,5,134,112,104,99,160,74,20,138,168,188,126,16,71,19,83,60,179,47,43,187,76,151,141,80,58,64,96,177,42,166,3,86,119,81,67,129,35,150,56,100,54,113,116,124,63,95,121];True
7987;7373;15360;[194,191,7,135,136,115,171,57,22,130,163,122,12,185,149,98,193,23,38,196,161,66,45,105,174,73,46,44,37,190,109,10,184,51,34,91,69,28,8,118,180,159,140,48,92,90,131,148,93,14,178,142,85,61,145,94,13,101,75,36,176,26,164,128,52,2,167,107,123,50,146,65,198,186,82,49,133,189,132,170,77,25,18,4,84,88,70,108,21,106,154,59,197,24,32,195,111,110,11,152,72,127,30,114,182,139,29,137,158,175,6,1,117,120,157,173,17,79,199,27,169,172,39,78,55,125,33,192,165,40,87,181,68,9,103,162,147,153,15,144,156,155,31,143,53,183,97,41,0,89,102,62,5,134,112,104,99,160,74,20,138,168,188,126,16,71,19,83,60,179,47,43,187,76,151,141,80,58,64,96,177,42,166,3,86,119,81,67,129,35,150,56,100,54,113,116,124,63,95,121];True
8862;6736;15598;[170,37,10,6,149,18,171,57,3,130,163,122,12,185,54,98,193,191,38,196,161,66,45,135,194,115,46,44,125,190,109,174,184,51,34,91,69,28,8,118,180,159,188,48,92,90,131,148,93,14,178,142,136,61,145,94,13,101,141,36,176,35,97,128,52,2,167,107,123,50,155,65,198,17,82,49,133,189,132,23,77,25,105,4,84,88,70,108,21,106,154,59,197,24,72,78,111,110,11,152,86,127,30,114,182,139,29,137,158,175,85,1,117,120,157,173,186,79,42,27,169,172,39,32,55,73,33,192,165,40,87,181,68,9,103,162,147,67,95,144,156,146,31,143,53,183,164,41,75,89,102,62,5,134,112,104,99,63,74,20,138,168,140,126,16,71,19,83,60,179,47,43,187,76,151,7,80,58,64,96,177,199,166,22,195,119,81,153,129,26,150,56,100,0,113,116,124,160,15,121];False
2032;8173;10205;[174,45,25,48,10,176,83,129,8,84,67,61,74,108,21,99,16,77,112,150,56,18,62,120,24,197,26,9,143,20,3,2,121,160,92,106,130,22,38,34,124,94,161,1,165,153,187,127,39,107,87,122,50,53,93,23,30,134,137,86,76,64,101,151,54,158,199,6,117,98,19,110,81,52,182,28,162,78,60,79,185,148,167,73,41,36,46,131,59,133,96,157,138,178,164,173,66,126,198,159,140,118,109,29,154,156,142,15,135,146,43,128,85,152,172,12,181,82,192,139,33,13,111,195,40,37,71,35,88,171,189,194,31,68,116,57,0,113,196,89,5,141,119,4,183,63,51,72,147,65,102,115,14,49,55,155,184,75,80,114,177,169,191,11,104,180,163,170,95,91,90,125,149,32,97,58,100,7,175,179,27,193,136,144,70,168,17,103,105,69,190,188,186,145,42,47,132,166,123,44];False
1981;8230;10211;[174,76,25,48,10,176,83,129,8,84,67,61,74,108,21,99,16,77,112,150,56,18,62,120,24,197,26,9,143,20,3,2,121,160,92,106,130,22,38,87,124,94,161,1,165,153,187,127,39,107,34,122,50,53,93,23,30,134,137,86,45,64,101,151,54,158,199,6,117,98,19,110,81,52,182,28,162,78,60,79,185,148,167,73,41,36,46,131,59,133,96,157,138,178,164,173,66,126,198,159,140,118,109,29,154,156,142,15,135,146,43,128,85,152,172,12,181,82,192,139,33,13,111,195,40,37,71,35,88,171,189,194,31,68,116,57,0,113,196,89,5,141,119,4,183,63,51,72,147,65,102,115,14,49,55,155,184,75,80,114,177,169,191,11,104,180,163,170,95,91,90,125,149,32,97,58,100,7,175,179,27,193,136,144,70,168,17,103,105,69,190,188,186,145,42,47,132,166,123,44];True
2893;8002;10895;[74,67,38,150,10,176,83,129,8,16,69,20,73,56,21,99,92,77,112,48,108,18,62,120,24,197,26,9,143,84,3,2,121,160,174,49,130,22,40,34,124,94,161,1,165,153,187,127,39,107,87,76,50,53,93,23,30,134,137,86,122,64,101,151,54,158,199,6,117,98,186,110,81,52,182,28,162,78,60,79,185,148,167,61,41,36,46,131,59,133,96,157,138,178,164,173,66,126,198,159,140,118,109,29,154,156,106,71,135,146,43,128,85,152,172,12,181,82,192,139,33,13,111,195,25,37,15,35,88,171,189,194,31,68,116,57,0,113,196,89,5,141,119,4,183,63,51,72,147,65,102,115,14,45,55,155,184,75,80,114,177,169,191,11,104,180,163,170,95,91,90,125,149,32,97,58,100,7,175,179,27,193,136,144,70,168,17,103,105,142,190,188,19,145,42,47,132,166,123,44];False
7491;7651;15142;[194,32,23,88,15,87,75,12,171,163,182,86,6,185,0,73,65,160,38,196,132,14,20,191,174,3,157,183,37,138,184,115,25,99,108,35,193,28,8,154,13,198,188,55,44,94,131,47,68,123,106,78,52,91,69,61,176,59,11,57,189,26,175,62,120,2,89,107,48,63,29,164,4,126,41,114,112,165,153,7,77,177,169,72,84,85,66,45,124,51,90,134,197,168,74,142,101,81,36,145,100,111,122,98,139,105,180,67,158,30,40,96,76,93,150,173,46,10,42,27,24,187,39,95,1,125,33,127,128,129,18,181,148,9,103,92,136,137,43,53,146,190,31,82,144,121,162,147,149,152,49,151,97,130,113,155,17,21,34,159,109,135,140,50,16,118,166,80,133,178,170,199,172,79,117,102,110,60,64,179,58,161,192,22,195,83,186,54,119,167,71,56,5,141,19,116,70,104,143,156];True
8027;7331;15358;[73,174,7,135,136,115,171,57,22,130,163,122,12,185,149,98,193,23,38,196,161,66,45,105,194,191,46,44,37,190,109,10,184,51,34,91,69,28,8,118,180,159,140,48,92,90,131,148,93,14,178,142,85,61,145,94,13,101,75,36,176,26,164,128,52,2,167,107,123,50,146,65,198,186,82,49,133,189,132,170,77,25,18,4,84,88,70,108,21,106,154,59,197,24,32,195,111,110,11,152,72,127,30,114,182,139,29,137,158,175,6,1,117,120,157,173,17,79,199,27,169,172,39,78,55,125,33,192,165,40,87,181,68,9,103,162,147,153,15,144,156,155,31,143,53,183,97,41,0,89,102,62,5,134,112,104,99,160,74,20,138,168,188,126,16,71,19,83,60,179,47,43,187,76,151,141,80,58,64,96,177,42,166,3,86,119,81,67,129,35,150,56,100,54,113,116,124,63,95,121];True
7895;7443;15338;[44,174,7,135,136,115,171,57,22,130,163,122,12,185,149,98,193,23,38,196,161,66,45,105,194,73,46,191,37,190,109,10,184,51,34,91,69,28,8,118,180,159,140,48,92,90,131,148,93,14,178,142,85,61,145,94,13,101,75,36,176,26,164,128,52,2,167,107,123,50,146,65,198,186,82,49,133,189,132,170,77,25,18,4,84,88,70,108,21,106,154,59,197,24,32,195,111,110,11,152,72,127,30,114,182,139,29,137,158,175,6,1,117,120,157,173,17,79,199,27,169,172,39,78,55,125,33,192,165,40,87,181,68,9,103,162,147,153,15,144,156,155,31,143,53,183,97,41,0,89,102,62,5,134,112,104,99,160,74,20,138,168,188,126,16,71,19,83,60,179,47,43,187,76,151,141,80,58,64,96,177,42,166,3,86,119,81,67,129,35,150,56,100,54,113,116,124,63,95,121];True
7924;7407;15331;[135,191,174,7,136,115,171,57,22,130,163,122,12,185,149,98,193,23,38,196,161,66,45,105,194,73,46,44,37,190,109,10,184,51,34,91,69,28,8,118,180,159,140,48,92,90,131,148,93,14,178,142,85,61,145,94,13,101,75,36,176,26,164,128,52,2,167,107,123,50,146,65,198,186,82,49,133,189,132,170,77,25,18,4,84,88,70,108,21,106,154,59,197,24,32,195,111,110,11,152,72,127,30,114,182,139,29,137,158,175,6,1,117,120,157,173,17,79,199,27,169,172,39,78,55,125,33,192,165,40,87,181,68,9,103,162,147,153,15,144,156,155,31,143,53,183,97,41,0,89,102,62,5,134,112,104,99,160,74,20,138,168,188,126,16,71,19,83,60,179,47,43,187,76,151,141,80,58,64,96,177,42,166,3,86,119,81,67,129,35,150,56,100,54,113,116,124,63,95,121];True
8861;6701;15562;[37,170,10,6,149,18,171,57,3,130,163,122,12,185,54,98,193,191,38,196,161,66,45,135,194,115,46,44,125,190,109,174,184,51,34,91,69,28,8,118,180,159,188,48,92,90,131,148,93,14,178,142,136,61,145,94,13,101,141,36,176,35,97,128,52,2,167,107,123,50,155,65,198,17,82,49,133,189,132,23,77,25,105,4,84,88,70,108,21,106,154,59,197,24,72,78,111,110,11,152,86,127,30,114,182,139,29,137,158,175,85,1,117,120,157,173,186,79,42,27,169,172,39,32,55,73,33,192,165,40,87,181,68,9,103,162,147,67,95,144,156,146,31,143,53,183,164,41,75,89,102,62,5,134,112,104,99,63,74,20,138,168,140,126,16,71,19,83,60,179,47,43,187,76,151,7,80,58,64,96,177,199,166,22,195,119,81,153,129,26,150,56,100,0,113,116,124,160,15,121];True
2012;8185;10197;[140,45,25,48,10,176,83,129,8,84,67,61,74,108,21,99,16,77,112,150,56,18,62,120,24,197,26,9,143,20,3,2,121,160,92,106,130,22,38,34,124,94,161,1,165,153,187,127,39,107,87,122,50,53,93,23,30,134,137,86,76,64,101,151,54,158,199,6,117,98,19,110,81,52,182,28,162,78,60,79,185,148,167,73,41,36,46,131,59,133,96,157,138,178,164,173,66,126,198,159,174,118,109,29,154,156,142,15,135,146,43,128,85,152,172,12,181,82,192,139,33,13,111,195,40,37,71,35,88,171,189,194,31,68,116,57,0,113,196,89,5,141,119,4,183,63,51,72,147,65,102,115,14,49,55,155,184,75,80,114,177,169,191,11,104,180,163,170,95,91,90,125,149,32,97,58,100,7,175,179,27,193,136,144,70,168,17,103,105,69,190,188,186,145,42,47,132,166,123,44];False
2037;8170;10207;[71,45,25,48,10,176,83,129,8,84,67,61,74,108,21,99,16,77,112,150,56,18,62,120,24,197,26,9,143,20,3,2,121,160,92,106,130,22,38,34,124,94,161,1,165,153,187,127,39,107,87,122,50,53,93,23,30,134,137,86,76,64,101,151,54,158,199,6,117,98,19,110,81,52,182,28,162,78,60,79,185,148,167,73,41,36,46,131,59,133,96,157,138,178,164,173,66,126,198,159,140,118,109,29,154,156,142,15,135,146,43,128,85,152,172,12,181,82,192,139,33,13,111,195,40,37,174,35,88,171,189,194,31,68,116,57,0,113,196,89,5,141,119,4,183,63,51,72,147,65,102,115,14,49,55,155,184,75,80,114,177,169,191,11,104,180,163,170,95,91,90,125,149,32,97,58,100,7,175,179,27,193,136,144,70,168,17,103,105,69,190,188,186,145,42,47,132,166,123,44];False
2878;7999;10877;[20,67,38,150,10,176,83,129,8,16,69,74,73,56,21,99,92,77,112,48,108,18,62,120,24,197,26,9,143,84,3,2,121,160,174,49,130,22,40,34,124,94,161,1,165,153,187,127,39,107,87,76,50,53,93,23,30,134,137,86,122,64,101,151,54,158,199,6,117,98,186,110,81,52,182,28,162,78,60,79,185,148,167,61,41,36,46,131,59,133,96,157,138,178,164,173,66,126,198,159,140,118,109,29,154,156,106,71,135,146,43,128,85,152,172,12,181,82,192,139,33,13,111,195,25,37,15,35,88,171,189,194,31,68,116,57,0,113,196,89,5,141,119,4,183,63,51,72,147,65,102,115,14,45,55,155,184,75,80,114,177,169,191,11,104,180,163,170,95,91,90,125,149,32,97,58,100,7,175,179,27,193,136,144,70,168,17,103,105,142,190,188,19,145,42,47,132,166,123,44];False
7949;7405;15354;[46,174,7,135,136,115,171,57,22,130,163,122,12,185,149,98,193,23,38,196,161,66,45,105,194,191,73,44,37,190,109,10,184,51,34,91,69,28,8,118,180,159,140,48,92,90,131,148,93,14,178,142,85,61,145,94,13,101,75,36,176,26,164,128,52,2,167,107,123,50,146,65,198,186,82,49,133,189,132,170,77,25,18,4,84,88,70,108,21,106,154,59,197,24,32,195,111,110,11,152,72,127,30,114,182,139,29,137,158,175,6,1,117,120,157,173,17,79,199,27,169,172,39,78,55,125,33,192,165,40,87,181,68,9,103,162,147,153,15,144,156,155,31,143,53,183,97,41,0,89,102,62,5,134,112,104,99,160,74,20,138,168,188,126,16,71,19,83,60,179,47,43,187,76,151,141,80,58,64,96,177,42,166,3,86,119,81,67,129,35,150,56,100,54,113,116,124,63,95,121];True
7897;7431;15328;[174,44,7,135,136,115,171,57,22,130,163,122,12,185,149,98,193,23,38,196,161,66,45,105,194,73,46,191,37,190,109,10,184,51,34,91,69,28,8,118,180,159,140,48,92,90,131,148,93,14,178,142,85,61,145,94,13,101,75,36,176,26,164,128,52,2,167,107,123,50,146,65,198,186,82,49,133,189,132,170,77,25,18,4,84,88,70,108,21,106,154,59,197,24,32,195,111,110,11,152,72,127,30,114,182,139,29,137,158,175,6,1,117,120,157,173,17,79,199,27,169,172,39,78,55,125,33,192,165,40,87,181,68,9,103,162,147,153,15,144,156,155,31,143,53,183,97,41,0,89,102,62,5,134,112,104,99,160,74,20,138,168,188,126,16,71,19,83,60,179,47,43,187,76,151,141,80,58,64,96,177,42,166,3,86,119,81,67,129,35,150,56,100,54,113,116,124,63,95,121];True
7874;7518;15392;[171,174,7,135,136,115,44,57,22,130,163,122,12,185,149,98,193,23,38,196,161,66,45,105,194,73,46,191,37,190,109,10,184,51,34,91,69,28,8,118,180,159,140,48,92,90,131,148,93,14,178,142,85,61,145,94,13,101,75,36,176,26,164,128,52,2,167,107,123,50,146,65,198,186,82,49,133,189,132,170,77,25,18,4,84,88,70,108,21,106,154,59,197,24,32,195,111,110,11,152,72,127,30,114,182,139,29,137,158,175,6,1,117,120,157,173,17,79,199,27,169,172,39,78,55,125,33,192,165,40,87,181,68,9,103,162,147,153,15,144,156,155,31,143,53,183,97,41,0,89,102,62,5,134,112,104,99,160,74,20,138,168,188,126,16,71,19,83,60,179,47,43,187,76,151,141,80,58,64,96,177,42,166,3,86,119,81,67,129,35,150,56,100,54,113,116,124,63,95,121];False
8806;6731;15537;[3,170,10,6,149,18,171,57,37,130,163,122,12,185,54,98,193,191,38,196,161,66,45,135,194,115,46,44,125,190,109,174,184,51,34,91,69,28,8,118,180,159,188,48,92,90,131,148,93,14,178,142,136,61,145,94,13,101,141,36,176,35,97,128,52,2,167,107,123,50,155,65,198,17,82,49,133,189,132,23,77,25,105,4,84,88,70,108,21,106,154,59,197,24,72,78,111,110,11,152,86,127,30,114,182,139,29,137,158,175,85,1,117,120,157,173,186,79,42,27,169,172,39,32,55,73,33,192,165,40,87,181,68,9,103,162,147,67,95,144,156,146,31,143,53,183,164,41,75,89,102,62,5,134,112,104,99,63,74,20,138,168,140,126,16,71,19,83,60,179,47,43,187,76,151,7,80,58,64,96,177,199,166,22,195,119,81,153,129,26,150,56,100,0,113,116,124,160,15,121];False
8800;6754;15554;[163,170,10,6,149,18,171,57,3,130,37,122,12,185,54,98,193,191,38,196,161,66,45,135,194,115,46,44,125,190,109,174,184,51,34,91,69,28,8,118,180,159,188,48,92,90,131,148,93,14,178,142,136,61,145,94,13,101,141,36,176,35,97,128,52,2,167,107,123,50,155,65,198,17,82,49,133,189,132,23,77,25,105,4,84,88,70,108,21,106,154,59,197,24,72,78,111,110,11,152,86,127,30,114,182,139,29,137,158,175,85,1,117,120,157,173,186,79,42,27,169,172,39,32,55,73,33,192,165,40,87,181,68,9,103,162,147,67,95,144,156,146,31,143,53,183,164,41,75,89,102,62,5,134,112,104,99,63,74,20,138,168,140,126,16,71,19,83,60,179,47,43,187,76,151,7,80,58,64,96,177,199,166,22,195,119,81,153,129,26,150,56,100,0,113,116,124,160,15,121];False
2008;8168;10176;[71,2,25,48,10,176,83,129,8,84,67,61,74,108,21,99,16,77,112,150,56,18,62,120,24,197,26,9,143,20,3,45,121,160,92,106,130,22,38,34,124,94,161,1,165,153,187,127,39,107,87,122,50,53,93,23,30,134,137,86,76,64,101,151,54,158,199,6,117,98,19,110,81,52,182,28,162,78,60,79,185,148,167,73,41,36,46,131,59,133,96,157,138,178,164,173,66,126,198,159,140,118,109,29,154,156,142,15,135,146,43,128,85,152,172,12,181,82,192,139,33,13,111,195,40,37,174,35,88,171,189,194,31,68,116,57,0,113,196,89,5,141,119,4,183,63,51,72,147,65,102,115,14,49,55,155,184,75,80,114,177,169,191,11,104,180,163,170,95,91,90,125,149,32,97,58,100,7,175,179,27,193,136,144,70,168,17,103,105,69,190,188,186,145,42,47,132,166,123,44];True
2895;7985;10880;[73,67,38,150,10,176,83,129,8,16,69,74,20,56,21,99,92,77,112,48,108,18,62,120,24,197,26,9,143,84,3,2,121,160,174,49,130,22,40,34,124,94,161,1,165,153,187,127,39,107,87,76,50,53,93,23,30,134,137,86,122,64,101,151,54,158,199,6,117,98,186,110,81,52,182,28,162,78,60,79,185,148,167,61,41,36,46,131,59,133,96,157,138,178,164,173,66,126,198,159,140,118,109,29,154,156,106,71,135,146,43,128,85,152,172,12,181,82,192,139,33,13,111,195,25,37,15,35,88,171,189,194,31,68,116,57,0,113,196,89,5,141,119,4,183,63,51,72,147,65,102,115,14,45,55,155,184,75,80,114,177,169,191,11,104,180,163,170,95,91,90,125,149,32,97,58,100,7,175,179,27,193,136,144,70,168,17,103,105,142,190,188,19,145,42,47,132,166,123,44];True
2942;7983;10925;[34,67,38,150,10,176,83,129,8,16,69,74,73,56,21,99,92,77,112,48,108,18,62,120,24,197,26,9,143,84,3,2,121,160,174,49,130,22,40,20,124,94,161,1,165,153,187,127,39,107,87,76,50,53,93,23,30,134,137,86,122,64,101,151,54,158,199,6,117,98,186,110,81,52,182,28,162,78,60,79,185,148,167,61,41,36,46,131,59,133,96,157,138,178,164,173,66,126,198,159,140,118,109,29,154,156,106,71,135,146,43,128,85,152,172,12,181,82,192,139,33,13,111,195,25,37,15,35,88,171,189,194,31,68,116,57,0,113,196,89,5,141,119,4,183,63,51,72,147,65,102,115,14,45,55,155,184,75,80,114,177,169,191,11,104,180,163,170,95,91,90,125,149,32,97,58,100,7,175,179,27,193,136,144,70,168,17,103,105,142,190,188,19,145,42,47,132,166,123,44];True
7809;7458;15267;[174,171,7,135,136,115,44,57,22,130,163,122,12,185,149,98,193,23,38,196,161,66,45,105,194,73,46,191,37,190,109,10,184,51,34,91,69,28,8,118,180,159,140,48,92,90,131,148,93,14,178,142,85,61,145,94,13,101,75,36,176,26,164,128,52,2,167,107,123,50,146,65,198,186,82,49,133,189,132,170,77,25,18,4,84,88,70,108,21,106,154,59,197,24,32,195,111,110,11,152,72,127,30,114,182,139,29,137,158,175,6,1,117,120,157,173,17,79,199,27,169,172,39,78,55,125,33,192,165,40,87,181,68,9,103,162,147,153,15,144,156,155,31,143,53,183,97,41,0,89,102,62,5,134,112,104,99,160,74,20,138,168,188,126,16,71,19,83,60,179,47,43,187,76,151,141,80,58,64,96,177,42,166,3,86,119,81,67,129,35,150,56,100,54,113,116,124,63,95,121];True
8767;6766;15533;[163,170,10,6,149,18,171,57,37,130,3,122,12,185,54,98,193,191,38,196,161,66,45,135,194,115,46,44,125,190,109,174,184,51,34,91,69,28,8,118,180,159,188,48,92,90,131,148,93,14,178,142,136,61,145,94,13,101,141,36,176,35,97,128,52,2,167,107,123,50,155,65,198,17,82,49,133,189,132,23,77,25,105,4,84,88,70,108,21,106,154,59,197,24,72,78,111,110,11,152,86,127,30,114,182,139,29,137,158,175,85,1,117,120,157,173,186,79,42,27,169,172,39,32,55,73,33,192,165,40,87,181,68,9,103,162,147,67,95,144,156,146,31,143,53,183,164,41,75,89,102,62,5,134,112,104,99,63,74,20,138,168,140,126,16,71,19,83,60,179,47,43,187,76,151,7,80,58,64,96,177,199,166,22,195,119,81,153,129,26,150,56,100,0,113,116,124,160,15,121];False
8714;6781;15495;[54,170,10,6,149,18,171,57,37,130,163,122,12,185,3,98,193,191,38,196,161,66,45,135,194,115,46,44,125,190,109,174,184,51,34,91,69,28,8,118,180,159,188,48,92,90,131,148,93,14,178,142,136,61,145,94,13,101,141,36,176,35,97,128,52,2,167,107,123,50,155,65,198,17,82,49,133,189,132,23,77,25,105,4,84,88,70,108,21,106,154,59,197,24,72,78,111,110,11,152,86,127,30,114,182,139,29,137,158,175,85,1,117,120,157,173,186,79,42,27,169,172,39,32,55,73,33,192,165,40,87,181,68,9,103,162,147,67,95,144,156,146,31,143,53,183,164,41,75,89,102,62,5,134,112,104,99,63,74,20,138,168,140,126,16,71,19,83,60,179,47,43,187,76,151,7,80,58,64,96,177,199,166,22,195,119,81,153,129,26,150,56,100,0,113,116,124,160,15,121];False
8784;6763;15547;[193,170,10,6,149,18,171,57,37,130,163,122,12,185,54,98,3,191,38,196,161,66,45,135,194,115,46,44,125,190,109,174,184,51,34,91,69,28,8,118,180,159,188,48,92,90,131,148,93,14,178,142,136,61,145,94,13,101,141,36,176,35,97,128,52,2,167,107,123,50,155,65,198,17,82,49,133,189,132,23,77,25,105,4,84,88,70,108,21,106,154,59,197,24,72,78,111,110,11,152,86,127,30,114,182,139,29,137,158,175,85,1,117,120,157,173,186,79,42,27,169,172,39,32,55,73,33,192,165,40,87,181,68,9,103,162,147,67,95,144,156,146,31,143,53,183,164,41,75,89,102,62,5,134,112,104,99,63,74,20,138,168,140,126,16,71,19,83,60,179,47,43,187,76,151,7,80,58,64,96,177,199,166,22,195,119,81,153,129,26,150,56,100,0,113,116,124,160,15,121];False
2757;8003;10760;[69,67,38,150,10,176,83,129,8,16,73,74,20,56,21,99,92,77,112,48,108,18,62,120,24,197,26,9,143,84,3,2,121,160,174,49,130,22,40,34,124,94,161,1,165,153,187,127,39,107,87,76,50,53,93,23,30,134,137,86,122,64,101,151,54,158,199,6,117,98,186,110,81,52,182,28,162,78,60,79,185,148,167,61,41,36,46,131,59,133,96,157,138,178,164,173,66,126,198,159,140,118,109,29,154,156,106,71,135,146,43,128,85,152,172,12,181,82,192,139,33,13,111,195,25,37,15,35,88,171,189,194,31,68,116,57,0,113,196,89,5,141,119,4,183,63,51,72,147,65,102,115,14,45,55,155,184,75,80,114,177,169,191,11,104,180,163,170,95,91,90,125,149,32,97,58,100,7,175,179,27,193,136,144,70,168,17,103,105,142,190,188,19,145,42,47,132,166,123,44];False
2870;7998;10868;[21,67,38,150,10,176,83,129,8,16,69,74,20,56,73,99,92,77,112,48,108,18,62,120,24,197,26,9,143,84,3,2,121,160,174,49,130,22,40,34,124,94,161,1,165,153,187,127,39,107,87,76,50,53,93,23,30,134,137,86,122,64,101,151,54,158,199,6,117,98,186,110,81,52,182,28,162,78,60,79,185,148,167,61,41,36,46,131,59,133,96,157,138,178,164,173,66,126,198,159,140,118,109,29,154,156,106,71,135,146,43,128,85,152,172,12,181,82,192,139,33,13,111,195,25,37,15,35,88,171,189,194,31,68,116,57,0,113,196,89,5,141,119,4,183,63,51,72,147,65,102,115,14,45,55,155,184,75,80,114,177,169,191,11,104,180,163,170,95,91,90,125,149,32,97,58,100,7,175,179,27,193,136,144,70,168,17,103,105,142,190,188,19,145,42,47,132,166,123,44];False
2821;7999;10820;[174,67,38,150,10,176,83,129,8,16,69,74,20,56,21,99,92,77,112,48,108,18,62,120,24,197,26,9,143,84,3,2,121,160,73,49,130,22,40,34,124,94,161,1,165,153,187,127,39,107,87,76,50,53,93,23,30,134,137,86,122,64,101,151,54,158,199,6,117,98,186,110,81,52,182,28,162,78,60,79,185,148,167,61,41,36,46,131,59,133,96,157,138,178,164,173,66,126,198,159,140,118,109,29,154,156,106,71,135,146,43,128,85,152,172,12,181,82,192,139,33,13,111,195,25,37,15,35,88,171,189,194,31,68,116,57,0,113,196,89,5,141,119,4,183,63,51,72,147,65,102,115,14,45,55,155,184,75,80,114,177,169,191,11,104,180,163,170,95,91,90,125,149,32,97,58,100,7,175,179,27,193,136,144,70,168,17,103,105,142,190,188,19,145,42,47,132,166,123,44];False
7778;7472;15250;[57,171,7,135,136,115,44,174,22,130,163,122,12,185,149,98,193,23,38,196,161,66,45,105,194,73,46,191,37,190,109,10,184,51,34,91,69,28,8,118,180,159,140,48,92,90,131,148,93,14,178,142,85,61,145,94,13,101,75,36,176,26,164,128,52,2,167,107,123,50,146,65,198,186,82,49,133,189,132,170,77,25,18,4,84,88,70,108,21,106,154,59,197,24,32,195,111,110,11,152,72,127,30,114,182,139,29,137,158,175,6,1,117,120,157,173,17,79,199,27,169,172,39,78,55,125,33,192,165,40,87,181,68,9,103,162,147,153,15,144,156,155,31,143,53,183,97,41,0,89,102,62,5,134,112,104,99,160,74,20,138,168,188,126,16,71,19,83,60,179,47,43,187,76,151,141,80,58,64,96,177,42,166,3,86,119,81,67,129,35,150,56,100,54,113,116,124,63,95,121];False
7747;7510;15257;[185,171,7,135,136,115,44,57,22,130,163,122,12,174,149,98,193,23,38,196,161,66,45,105,194,73,46,191,37,190,109,10,184,51,34,91,69,28,8,118,180,159,140,48,92,90,131,148,93,14,178,142,85,61,145,94,13,101,75,36,176,26,164,128,52,2,167,107,123,50,146,65,198,186,82,49,133,189,132,170,77,25,18,4,84,88,70,108,21,106,154,59,197,24,32,195,111,110,11,152,72,127,30,114,182,139,29,137,158,175,6,1,117,120,157,173,17,79,199,27,169,172,39,78,55,125,33,192,165,40,87,181,68,9,103,162,147,153,15,144,156,155,31,143,53,183,97,41,0,89,102,62,5,134,112,104,99,160,74,20,138,168,188,126,16,71,19,83,60,179,47,43,187,76,151,141,80,58,64,96,177,42,166,3,86,119,81,67,129,35,150,56,100,54,113,116,124,63,95,121];False
7866;7446;15312;[46,171,7,135,136,115,44,57,22,130,163,122,12,185,149,98,193,23,38,196,161,66,45,105,194,73,174,191,37,190,109,10,184,51,34,91,69,28,8,118,180,159,140,48,92,90,131,148,93,14,178,142,85,61,145,94,13,101,75,36,176,26,164,128,52,2,167,107,123,50,146,65,198,186,82,49,133,189,132,170,77,25,18,4,84,88,70,108,21,106,154,59,197,24,32,195,111,110,11,152,72,127,30,114,182,139,29,137,158,175,6,1,117,120,157,173,17,79,199,27,169,172,39,78,55,125,33,192,165,40,87,181,68,9,103,162,147,153,15,144,156,155,31,143,53,183,97,41,0,89,102,62,5,134,112,104,99,160,74,20,138,168,188,126,16,71,19,83,60,179,47,43,187,76,151,141,80,58,64,96,177,42,166,3,86,119,81,67,129,35,150,56,100,54,113,116,124,63,95,121];True
8747;6775;15522;[191,170,10,6,149,18,171,57,37,130,3,122,12,185,54,98,193,163,38,196,161,66,45,135,194,115,46,44,125,190,109,174,184,51,34,91,69,28,8,118,180,159,188,48,92,90,131,148,93,14,178,142,136,61,145,94,13,101,141,36,176,35,97,128,52,2,167,107,123,50,155,65,198,17,82,49,133,189,132,23,77,25,105,4,84,88,70,108,21,106,154,59,197,24,72,78,111,110,11,152,86,127,30,114,182,139,29,137,158,175,85,1,117,120,157,173,186,79,42,27,169,172,39,32,55,73,33,192,165,40,87,181,68,9,103,162,147,67,95,144,156,146,31,143,53,183,164,41,75,89,102,62,5,134,112,104,99,63,74,20,138,168,140,126,16,71,19,83,60,179,47,43,187,76,151,7,80,58,64,96,177,199,166,22,195,119,81,153,129,26,150,56,100,0,113,116,124,160,15,121];False
8751;6763;15514;[38,170,10,6,149,18,171,57,37,130,163,122,12,185,54,98,3,191,193,196,161,66,45,135,194,115,46,44,125,190,109,174,184,51,34,91,69,28,8,118,180,159,188,48,92,90,131,148,93,14,178,142,136,61,145,94,13,101,141,36,176,35,97,128,52,2,167,107,123,50,155,65,198,17,82,49,133,189,132,23,77,25,105,4,84,88,70,108,21,106,154,59,197,24,72,78,111,110,11,152,86,127,30,114,182,139,29,137,158,175,85,1,117,120,157,173,186,79,42,27,169,172,39,32,55,73,33,192,165,40,87,181,68,9,103,162,147,67,95,144,156,146,31,143,53,183,164,41,75,89,102,62,5,134,112,104,99,63,74,20,138,168,140,126,16,71,19,83,60,179,47,43,187,76,151,7,80,58,64,96,177,199,166,22,195,119,81,153,129,26,150,56,100,0,113,116,124,160,15,121];False
2816;7989;10805;[16,67,38,150,10,176,83,129,8,69,73,74,20,56,21,99,92,77,112,48,108,18,62,120,24,197,26,9,143,84,3,2,121,160,174,49,130,22,40,34,124,94,161,1,165,153,187,127,39,107,87,76,50,53,93,23,30,134,137,86,122,64,101,151,54,158,199,6,117,98,186,110,81,52,182,28,162,78,60,79,185,148,167,61,41,36,46,131,59,133,96,157,138,178,164,173,66,126,198,159,140,118,109,29,154,156,106,71,135,146,43,128,85,152,172,12,181,82,192,139,33,13,111,195,25,37,15,35,88,171,189,194,31,68,116,57,0,113,196,89,5,141,119,4,183,63,51,72,147,65,102,115,14,45,55,155,184,75,80,114,177,169,191,11,104,180,163,170,95,91,90,125,149,32,97,58,100,7,175,179,27,193,136,144,70,168,17,103,105,142,190,188,19,145,42,47,132,166,123,44];False
7747;7464;15211;[149,171,7,135,136,115,44,174,22,130,163,122,12,185,57,98,193,23,38,196,161,66,45,105,194,73,46,191,37,190,109,10,184,51,34,91,69,28,8,118,180,159,140,48,92,90,131,148,93,14,178,142,85,61,145,94,13,101,75,36,176,26,164,128,52,2,167,107,123,50,146,65,198,186,82,49,133,189,132,170,77,25,18,4,84,88,70,108,21,106,154,59,197,24,32,195,111,110,11,152,72,127,30,114,182,139,29,137,158,175,6,1,117,120,157,173,17,79,199,27,169,172,39,78,55,125,33,192,165,40,87,181,68,9,103,162,147,153,15,144,156,155,31,143,53,183,97,41,0,89,102,62,5,134,112,104,99,160,74,20,138,168,188,126,16,71,19,83,60,179,47,43,187,76,151,141,80,58,64,96,177,42,166,3,86,119,81,67,129,35,150,56,100,54,113,116,124,63,95,121];True
8678;6772;15450;[3,170,10,6,149,18,171,57,37,130,191,122,12,185,54,98,193,163,38,196,161,66,45,135,194,115,46,44,125,190,109,174,184,51,34,91,69,28,8,118,180,159,188,48,92,90,131,148,93,14,178,142,136,61,145,94,13,101,141,36,176,35,97,128,52,2,167,107,123,50,155,65,198,17,82,49,133,189,132,23,77,25,105,4,84,88,70,108,21,106,154,59,197,24,72,78,111,110,11,152,86,127,30,114,182,139,29,137,158,175,85,1,117,120,157,173,186,79,42,27,169,172,39,32,55,73,33,192,165,40,87,181,68,9,103,162,147,67,95,144,156,146,31,143,53,183,164,41,75,89,102,62,5,134,112,104,99,63,74,20,138,168,140,126,16,71,19,83,60,179,47,43,187,76,151,7,80,58,64,96,177,199,166,22,195,119,81,153,129,26,150,56,100,0,113,116,124,160,15,121];True
8752;6758;15510;[170,38,10,6,149,18,171,57,37,130,163,122,12,185,54,98,3,191,193,196,161,66,45,135,194,115,46,44,125,190,109,174,184,51,34,91,69,28,8,118,180,159,188,48,92,90,131,148,93,14,178,142,136,61,145,94,13,101,141,36,176,35,97,128,52,2,167,107,123,50,155,65,198,17,82,49,133,189,132,23,77,25,105,4,84,88,70,108,21,106,154,59,197,24,72,78,111,110,11,152,86,127,30,114,182,139,29,137,158,175,85,1,117,120,157,173,186,79,42,27,169,172,39,32,55,73,33,192,165,40,87,181,68,9,103,162,147,67,95,144,156,146,31,143,53,183,164,41,75,89,102,62,5,134,112,104,99,63,74,20,138,168,140,126,16,71,19,83,60,179,47,43,187,76,151,7,80,58,64,96,177,199,166,22,195,119,81,153,129,26,150,56,100,0,113,116,124,160,15,121];False
2628;8000;10628;[92,67,38,150,10,176,83,129,8,69,73,74,20,56,21,99,16,77,112,48,108,18,62,120,24,197,26,9,143,84,3,2,121,160,174,49,130,22,40,34,124,94,161,1,165,153,187,127,39,107,87,76,50,53,93,23,30,134,137,86,122,64,101,151,54,158,199,6,117,98,186,110,81,52,182,28,162,78,60,79,185,148,167,61,41,36,46,131,59,133,96,157,138,178,164,173,66,126,198,159,140,118,109,29,154,156,106,71,135,146,43,128,85,152,172,12,181,82,192,139,33,13,111,195,25,37,15,35,88,171,189,194,31,68,116,57,0,113,196,89,5,141,119,4,183,63,51,72,147,65,102,115,14,45,55,155,184,75,80,114,177,169,191,11,104,180,163,170,95,91,90,125,149,32,97,58,100,7,175,179,27,193,136,144,70,168,17,103,105,142,190,188,19,145,42,47,132,166,123,44];True
2796;7989;10785;[143,67,38,150,10,176,83,129,8,69,73,74,20,56,21,99,92,77,112,48,108,18,62,120,24,197,26,9,16,84,3,2,121,160,174,49,130,22,40,34,124,94,161,1,165,153,187,127,39,107,87,76,50,53,93,23,30,134,137,86,122,64,101,151,54,158,199,6,117,98,186,110,81,52,182,28,162,78,60,79,185,148,167,61,41,36,46,131,59,133,96,157,138,178,164,173,66,126,198,159,140,118,109,29,154,156,106,71,135,146,43,128,85,152,172,12,181,82,192,139,33,13,111,195,25,37,15,35,88,171,189,194,31,68,116,57,0,113,196,89,5,141,119,4,183,63,51,72,147,65,102,115,14,45,55,155,184,75,80,114,177,169,191,11,104,180,163,170,95,91,90,125,149,32,97,58,100,7,175,179,27,193,136,144,70,168,17,103,105,142,190,188,19,145,42,47,132,166,123,44];True
8778;6749;15527;[10,38,170,6,149,18,171,57,37,130,163,122,12,185,54,98,3,191,193,196,161,66,45,135,194,115,46,44,125,190,109,174,184,51,34,91,69,28,8,118,180,159,188,48,92,90,131,148,93,14,178,142,136,61,145,94,13,101,141,36,176,35,97,128,52,2,167,107,123,50,155,65,198,17,82,49,133,189,132,23,77,25,105,4,84,88,70,108,21,106,154,59,197,24,72,78,111,110,11,152,86,127,30,114,182,139,29,137,158,175,85,1,117,120,157,173,186,79,42,27,169,172,39,32,55,73,33,192,165,40,87,181,68,9,103,162,147,67,95,144,156,146,31,143,53,183,164,41,75,89,102,62,5,134,112,104,99,63,74,20,138,168,140,126,16,71,19,83,60,179,47,43,187,76,151,7,80,58,64,96,177,199,166,22,195,119,81,153,129,26,150,56,100,0,113,116,124,160,15,121];False
8782;6740;15522;[6,38,10,170,149,18,171,57,37,130,163,122,12,185,54,98,3,191,193,196,161,66,45,135,194,115,46,44,125,190,109,174,184,51,34,91,69,28,8,118,180,159,188,48,92,90,131,148,93,14,178,142,136,61,145,94,13,101,141,36,176,35,97,128,52,2,167,107,123,50,155,65,198,17,82,49,133,189,132,23,77,25,105,4,84,88,70,108,21,106,154,59,197,24,72,78,111,110,11,152,86,127,30,114,182,139,29,137,158,175,85,1,117,120,157,173,186,79,42,27,169,172,39,32,55,73,33,192,165,40,87,181,68,9,103,162,147,67,95,144,156,146,31,143,53,183,164,41,75,89,102,62,5,134,112,104,99,63,74,20,138,168,140,126,16,71,19,83,60,179,47,43,187,76,151,7,80,58,64,96,177,199,166,22,195,119,81,153,129,26,150,56,100,0,113,116,124,160,15,121];False
2781;7990;10771;[92,67,38,150,10,176,83,129,8,69,73,74,20,56,21,99,143,77,112,48,108,18,62,120,24,197,26,9,16,84,3,2,121,160,174,49,130,22,40,34,124,94,161,1,165,153,187,127,39,107,87,76,50,53,93,23,30,134,137,86,122,64,101,151,54,158,199,6,117,98,186,110,81,52,182,28,162,78,60,79,185,148,167,61,41,36,46,131,59,133,96,157,138,178,164,173,66,126,198,159,140,118,109,29,154,156,106,71,135,146,43,128,85,152,172,12,181,82,192,139,33,13,111,195,25,37,15,35,88,171,189,194,31,68,116,57,0,113,196,89,5,141,119,4,183,63,51,72,147,65,102,115,14,45,55,155,184,75,80,114,177,169,191,11,104,180,163,170,95,91,90,125,149,32,97,58,100,7,175,179,27,193,136,144,70,168,17,103,105,142,190,188,19,145,42,47,132,166,123,44];True
8719;6729;15448;[37,38,170,6,149,18,171,57,10,130,163,122,12,185,54,98,3,191,193,196,161,66,45,135,194,115,46,44,125,190,109,174,184,51,34,91,69,28,8,118,180,159,188,48,92,90,131,148,93,14,178,142,136,61,145,94,13,101,141,36,176,35,97,128,52,2,167,107,123,50,155,65,198,17,82,49,133,189,132,23,77,25,105,4,84,88,70,108,21,106,154,59,197,24,72,78,111,110,11,152,86,127,30,114,182,139,29,137,158,175,85,1,117,120,157,173,186,79,42,27,169,172,39,32,55,73,33,192,165,40,87,181,68,9,103,162,147,67,95,144,156,146,31,143,53,183,164,41,75,89,102,62,5,134,112,104,99,63,74,20,138,168,140,126,16,71,19,83,60,179,47,43,187,76,151,7,80,58,64,96,177,199,166,22,195,119,81,153,129,26,150,56,100,0,113,116,124,160,15,121];True
