utilA;utilB;utilSum;contract;pareto
10386;9700;20086;[0,1,2,3,4,5,6,7,8,9,10,11,12,13,14,15,16,17,18,19,20,21,22,23,24,25,26,27,28,29,30,31,32,33,34,35,36,37,38,125,40,41,42,43,44,45,46,47,48,49,50,51,52,53,54,55,56,57,58,59,60,61,62,63,64,65,66,67,68,69,70,71,72,73,74,75,76,77,78,79,80,81,82,83,84,85,86,87,88,89,90,91,92,93,94,95,96,97,98,99,100,101,102,103,104,105,106,107,108,109,110,111,112,113,114,115,116,117,118,119,120,121,122,123,124,39,126,127,128,129,130,131,132,133,134,135,136,137,138,139,140,141,142,143,144,145,146,147,148,149,150,151,152,153,154,155,156,157,158,159,160,161,162,163,164,165,166,167,168,169,170,171,172,173,174,175,176,177,178,179,180,181,182,183,184,185,186,187,188,189,190,191,192,193,194,195,196,197,198,199,];False
10449;9630;20079;[0,1,2,3,4,5,6,7,8,9,10,11,12,13,14,15,16,17,18,19,20,21,22,23,24,25,26,27,28,29,30,31,32,33,34,35,36,37,38,39,40,41,42,43,44,45,46,47,48,49,50,51,142,53,54,55,56,57,58,59,60,61,62,63,64,65,66,67,68,69,70,71,72,73,74,75,76,77,78,79,80,81,82,83,84,85,86,87,88,89,90,91,92,93,94,95,96,97,98,99,100,101,102,103,104,105,106,107,108,109,110,111,112,113,114,115,116,117,118,119,120,121,122,123,124,125,126,127,128,129,130,131,132,133,134,135,136,137,138,139,140,141,52,143,144,145,146,147,148,149,150,151,152,153,154,155,156,157,158,159,160,161,162,163,164,165,166,167,168,169,170,171,172,173,174,175,176,177,178,179,180,181,182,183,184,185,186,187,188,189,190,191,192,193,194,195,196,197,198,199,];False
10419;9650;20069;[0,1,2,3,4,5,6,7,8,9,10,11,12,13,14,15,16,17,18,19,20,21,22,23,24,25,26,27,28,29,30,31,32,33,34,35,36,37,38,39,40,41,42,43,44,45,46,47,48,49,50,51,52,145,54,55,56,57,58,59,60,61,62,63,64,65,66,67,68,69,70,71,72,73,74,75,76,77,78,79,80,81,82,83,84,85,86,87,88,89,90,91,92,93,94,95,96,97,98,99,100,101,102,103,104,105,106,107,108,109,110,111,112,113,114,115,116,117,118,119,120,121,122,123,124,125,126,127,128,129,130,131,132,133,134,135,136,137,138,139,140,141,142,143,144,53,146,147,148,149,150,151,152,153,154,155,156,157,158,159,160,161,162,163,164,165,166,167,168,169,170,171,172,173,174,175,176,177,178,179,180,181,182,183,184,185,186,187,188,189,190,191,192,193,194,195,196,197,198,199,];False
10398;9661;20059;[0,1,2,3,4,5,6,7,8,9,10,11,12,13,14,15,16,17,18,19,20,21,22,23,24,25,26,27,28,29,30,31,32,33,34,35,36,37,38,39,40,41,42,43,44,45,46,47,48,49,50,51,52,53,54,55,56,57,58,59,60,61,62,63,64,65,66,67,68,69,70,71,72,73,74,75,76,137,78,79,80,81,82,83,84,85,86,87,88,89,90,91,92,93,94,95,96,97,98,99,100,101,102,103,104,105,106,107,108,109,110,111,112,113,114,115,116,117,118,119,120,121,122,123,124,125,126,127,128,129,130,131,132,133,134,135,136,77,138,139,140,141,142,143,144,145,146,147,148,149,150,151,152,153,154,155,156,157,158,159,160,161,162,163,164,165,166,167,168,169,170,171,172,173,174,175,176,177,178,179,180,181,182,183,184,185,186,187,188,189,190,191,192,193,194,195,196,197,198,199,];False
10362;9675;20037;[0,1,2,3,4,5,6,7,8,9,10,11,12,13,14,15,16,17,18,19,20,21,22,23,24,25,26,27,28,29,30,31,32,33,34,35,36,37,38,39,40,41,42,43,44,45,46,47,48,49,50,51,52,53,54,55,56,57,58,59,60,61,62,63,64,65,66,67,68,69,70,71,72,73,74,75,76,77,78,79,80,81,82,83,84,85,86,87,88,89,90,91,92,93,94,95,96,97,98,99,100,101,102,103,104,105,106,107,108,109,110,111,112,113,114,115,116,117,118,119,120,121,122,123,124,125,126,127,128,129,130,131,132,133,134,135,136,137,138,139,140,141,142,143,144,145,146,147,148,149,150,151,152,153,154,155,156,157,158,159,160,161,162,163,164,165,166,167,168,169,170,171,172,173,174,175,176,177,178,179,180,181,182,183,184,185,186,187,188,189,190,191,192,193,194,195,196,197,198,199,];False
10300;9692;19992;[0,1,2,3,4,5,6,7,8,9,10,11,12,13,14,15,16,17,18,19,20,21,22,121,24,25,26,27,28,29,30,31,32,33,34,35,36,37,38,39,40,41,42,43,44,45,46,47,48,49,50,51,52,53,54,55,56,57,58,59,60,61,62,63,64,65,66,67,68,69,70,71,72,73,74,75,76,77,78,79,80,167,82,83,84,85,86,87,88,89,90,91,92,93,94,95,96,97,98,99,100,101,102,103,104,105,106,107,108,109,110,111,112,113,114,115,116,117,118,119,120,23,122,123,124,125,126,127,128,129,130,131,132,133,134,135,136,137,138,139,140,141,142,143,144,145,146,147,148,149,150,151,152,153,154,155,156,157,158,159,160,161,162,163,164,165,166,81,168,169,170,171,172,173,174,175,176,177,178,179,180,181,182,183,184,185,186,187,188,189,190,191,192,193,194,195,196,197,198,199,];False
10233;9679;19912;[0,1,2,3,4,5,6,7,8,9,10,11,12,13,14,15,16,17,18,19,20,21,22,23,24,25,26,27,28,29,30,31,32,33,34,35,36,37,38,39,40,41,42,43,44,45,46,47,48,49,50,51,52,53,54,55,56,57,58,59,60,61,62,63,64,65,66,67,68,69,70,71,72,73,74,75,76,77,78,79,80,167,82,83,84,85,86,87,88,89,90,91,92,93,94,95,96,97,98,99,100,101,102,103,104,105,106,107,108,109,110,111,112,113,114,115,116,117,118,119,120,121,122,123,124,125,126,127,128,129,130,131,132,133,134,135,136,137,138,139,140,141,142,143,144,145,146,147,148,149,150,151,152,153,154,155,156,157,158,159,160,161,162,163,164,165,166,81,168,169,170,171,172,173,174,175,176,177,178,179,180,181,182,183,184,185,186,187,188,189,190,191,192,193,194,195,196,197,198,199,];False
10192;9666;19858;[0,1,2,3,4,5,6,7,8,9,10,11,12,13,14,15,16,17,18,19,20,21,22,23,24,25,26,27,28,29,30,31,32,33,34,35,36,37,38,39,40,41,42,43,44,45,46,47,48,49,50,51,52,53,54,55,56,57,58,59,60,61,62,63,64,65,66,67,68,69,70,71,72,73,74,75,76,77,78,79,80,167,82,83,84,85,86,87,88,89,90,91,92,93,94,95,96,97,98,99,100,101,102,103,104,105,106,107,108,109,110,111,112,119,114,115,116,117,118,113,120,121,122,123,124,125,126,127,128,129,130,131,132,133,134,135,136,137,138,139,140,141,142,143,144,145,146,147,148,149,150,151,152,153,154,155,156,157,158,159,160,163,162,161,164,165,166,81,168,169,170,171,172,173,174,175,176,177,178,179,180,181,182,183,184,185,186,187,188,189,190,191,192,193,194,195,196,197,198,199,];False
10192;9634;19826;[0,1,2,3,4,5,6,7,8,9,10,11,12,13,14,15,16,17,18,19,20,21,22,23,24,25,26,27,28,29,30,31,32,33,34,35,36,37,38,39,40,41,42,43,44,45,46,47,48,49,50,51,52,53,54,55,56,57,58,59,60,61,62,63,64,65,66,67,68,69,70,71,72,73,74,75,76,77,78,79,80,167,82,83,151,85,86,87,88,89,90,91,92,93,94,95,96,97,98,99,100,101,102,103,104,105,106,107,108,109,110,111,112,113,114,115,116,117,118,119,120,121,122,123,124,125,126,127,128,129,130,131,132,133,134,135,136,137,138,139,140,141,142,143,144,145,146,147,148,149,150,84,152,153,154,155,156,157,158,159,160,163,162,161,164,165,166,81,168,169,170,171,172,173,174,175,176,177,178,179,180,181,182,183,184,185,186,187,188,189,190,191,192,193,194,195,196,197,198,199,];False
10103;9681;19784;[0,1,2,3,4,5,6,7,8,9,10,11,12,13,14,15,16,17,18,19,20,21,22,23,24,25,26,27,28,29,30,31,32,33,34,35,36,37,38,39,40,41,42,43,44,45,46,47,48,49,50,51,52,53,54,55,56,57,58,59,60,61,62,63,64,65,66,67,68,69,70,71,72,73,74,75,76,77,78,79,80,167,82,83,84,85,86,87,88,89,90,91,92,93,94,95,96,97,98,99,100,101,102,103,104,105,106,107,108,109,110,111,112,113,114,115,116,117,118,119,120,121,122,123,124,125,126,127,128,129,130,131,132,133,134,135,136,137,138,139,140,141,142,143,144,145,146,147,148,149,150,151,152,153,154,155,156,157,158,159,160,163,162,161,164,165,166,81,168,169,170,171,172,173,174,175,176,177,178,179,180,181,182,183,184,185,186,187,188,189,190,191,192,193,194,195,196,197,198,199,];False
10075;9708;19783;[0,1,2,3,4,5,6,7,8,9,10,11,12,104,14,15,16,17,18,19,20,21,22,23,24,25,26,27,28,29,30,31,32,33,34,35,36,37,38,39,40,41,42,43,44,45,46,47,48,49,50,51,52,53,54,55,56,57,58,59,60,61,62,63,64,65,66,67,68,69,70,71,72,73,74,75,76,77,78,79,80,167,82,83,84,85,86,87,88,89,90,91,92,93,94,95,96,97,98,99,100,101,102,103,13,105,106,107,108,109,110,111,112,113,114,115,116,117,118,119,120,121,122,123,124,125,126,127,128,129,130,131,132,133,134,135,136,137,138,139,140,141,142,143,144,145,146,147,148,149,150,151,152,153,154,155,156,157,158,159,160,163,162,161,164,165,166,81,168,169,170,171,172,173,174,175,176,177,178,179,180,181,182,183,184,185,186,187,188,189,190,191,192,193,194,195,196,197,198,199,];False
10090;9638;19728;[0,1,2,3,4,5,6,7,8,9,10,11,12,13,14,15,16,17,18,19,20,21,22,23,24,25,26,27,28,29,30,31,32,33,34,35,36,37,38,39,40,41,42,43,44,45,46,47,48,49,50,51,52,53,54,55,56,57,58,59,60,61,62,63,64,65,66,67,68,69,70,71,72,73,74,75,76,77,78,79,80,167,82,83,84,85,86,87,88,89,90,91,92,93,94,95,96,97,98,99,100,101,179,103,104,105,106,107,108,109,110,111,112,113,114,115,116,117,118,119,120,121,122,123,124,125,126,127,128,129,130,131,132,133,134,135,136,137,138,139,140,141,142,143,144,145,146,147,148,149,150,151,152,153,154,155,156,157,158,159,160,163,162,161,164,165,166,81,168,169,170,171,172,173,174,175,176,177,178,102,180,181,182,183,184,185,186,187,188,189,190,191,192,193,194,195,196,197,198,199,];False
9927;9636;19563;[0,1,2,3,4,5,6,7,8,9,10,11,173,13,14,15,16,17,18,19,20,21,22,23,24,25,26,27,28,29,30,31,32,33,34,35,36,37,38,39,40,41,42,43,44,45,46,47,48,49,50,51,52,53,54,55,56,57,58,59,60,61,62,63,64,65,66,67,68,69,70,71,72,73,74,75,76,77,78,79,80,167,82,83,84,85,86,87,88,89,90,91,92,93,94,95,96,97,98,99,100,101,179,103,104,105,106,107,108,109,110,111,112,113,114,115,116,117,118,119,120,121,122,123,124,125,126,127,128,129,130,131,132,133,134,135,136,137,138,139,140,141,142,143,144,145,146,147,148,149,150,151,152,153,154,155,156,157,158,159,160,163,162,161,164,165,166,81,168,169,170,171,172,12,174,175,176,177,178,102,180,181,182,183,184,185,186,187,188,189,190,191,192,193,194,195,196,197,198,199,];False
9805;9634;19439;[0,1,2,3,4,5,6,7,8,9,10,11,173,13,14,15,16,17,18,19,20,21,22,23,24,25,26,27,28,29,30,31,32,33,34,35,36,37,38,39,40,41,42,43,44,45,46,47,48,49,50,51,52,53,54,55,56,57,58,59,60,61,62,63,64,65,66,67,68,69,70,71,72,73,74,75,76,77,78,79,80,167,82,83,84,85,86,87,88,89,90,91,92,93,94,95,96,97,98,99,100,101,179,103,104,105,106,107,108,109,110,111,112,113,114,115,116,117,118,119,120,121,122,123,124,125,126,127,128,129,130,131,132,133,134,135,136,137,138,139,140,141,142,143,194,145,146,147,148,149,150,151,152,153,154,155,156,157,158,159,160,163,162,161,164,165,166,81,168,169,170,171,172,12,174,175,176,177,178,102,180,181,182,183,184,185,186,187,188,189,190,191,192,193,144,195,196,197,198,199,];False
9676;9628;19304;[0,1,2,3,4,5,6,62,8,9,10,11,173,13,14,15,16,17,18,19,20,21,22,23,24,25,26,27,28,29,30,31,32,33,34,35,36,37,38,39,40,41,42,43,44,45,46,47,48,49,50,51,52,53,54,55,56,57,58,59,60,61,7,63,64,65,66,67,68,69,70,71,72,73,74,75,76,77,78,79,80,167,82,83,84,85,86,87,88,89,90,91,92,93,94,95,96,97,98,99,100,101,179,103,104,105,106,107,108,109,110,111,112,113,114,115,116,117,118,119,120,121,122,123,124,125,126,127,128,129,130,131,132,133,134,135,136,137,138,139,140,141,142,143,194,145,146,147,148,149,150,151,152,153,154,155,156,157,158,159,160,163,162,161,164,165,166,81,168,169,170,171,172,12,174,175,176,177,178,102,180,181,182,183,184,185,186,187,188,189,190,191,192,193,144,195,196,197,198,199,];False
9650;9620;19270;[0,1,2,3,4,5,6,62,8,9,10,11,173,13,14,15,16,17,18,19,20,21,22,23,24,25,26,27,28,29,30,31,32,33,34,35,36,37,38,39,40,41,42,43,44,45,46,47,48,49,50,51,52,53,54,55,56,57,58,59,60,61,7,63,64,65,66,67,68,69,70,71,72,73,74,75,76,77,78,79,80,167,82,83,84,85,86,87,88,89,90,91,92,93,94,95,96,97,98,99,100,101,179,103,104,105,106,107,108,109,110,111,112,113,125,115,116,117,118,119,120,121,122,123,124,114,126,127,128,129,130,131,132,133,134,135,136,137,138,139,140,141,142,143,194,145,146,147,148,149,150,151,152,153,154,155,156,157,158,159,160,163,162,161,164,165,166,81,168,169,170,171,172,12,174,175,176,177,178,102,180,181,182,183,184,185,186,187,188,189,190,191,192,193,144,195,196,197,198,199,];False
9518;9644;19162;[119,1,2,3,4,5,6,62,8,9,10,11,173,13,14,15,16,17,18,19,20,21,22,23,24,25,26,27,28,29,30,31,32,33,34,35,36,37,38,39,40,41,42,43,44,45,46,47,48,49,50,51,52,53,54,55,56,57,58,0,60,61,7,63,64,65,66,67,68,69,70,71,127,73,74,75,76,77,78,79,80,167,82,83,84,85,86,87,88,89,90,91,92,93,94,95,96,97,98,99,100,101,179,103,104,105,106,107,108,109,110,111,112,113,125,115,116,117,118,59,120,121,122,123,124,114,126,72,128,137,130,131,132,133,134,135,136,129,138,139,140,141,142,143,194,145,146,147,148,149,150,151,152,153,154,155,156,157,158,159,160,163,162,161,164,165,166,81,168,169,170,171,172,12,174,175,176,177,178,102,180,181,182,183,184,185,186,187,188,189,190,191,192,193,144,195,196,197,198,199,];False
9471;9661;19132;[0,1,2,3,4,5,6,62,8,9,10,11,173,13,14,15,16,17,18,19,20,21,22,23,24,25,26,27,28,29,30,31,32,33,34,35,36,37,38,39,40,41,42,43,44,45,46,47,48,49,50,51,52,53,54,55,56,57,58,59,60,61,7,63,64,65,66,67,68,69,70,71,127,73,74,75,76,77,78,79,80,167,82,83,84,85,86,87,88,89,90,91,92,93,94,95,96,97,98,99,100,101,179,103,104,105,106,107,108,109,110,111,112,113,125,115,116,117,118,119,120,121,122,123,124,114,126,72,128,129,130,131,132,133,134,135,136,137,138,139,140,141,142,143,194,145,146,147,148,149,150,151,152,153,154,155,156,157,158,159,160,163,162,161,164,165,166,81,168,169,170,171,172,12,174,175,176,177,178,102,180,181,182,183,184,185,186,187,188,189,190,191,192,193,144,195,196,197,198,199,];False
9471;9653;19124;[119,1,2,3,4,5,6,62,8,9,10,11,173,13,14,15,16,17,18,19,20,21,22,23,24,25,26,27,28,29,30,31,32,33,34,35,36,37,38,39,40,41,42,43,44,45,46,47,48,49,50,51,52,53,54,55,56,57,58,59,60,61,7,63,64,65,66,67,68,69,70,71,127,73,74,75,76,77,78,79,80,167,82,83,84,85,86,87,88,89,90,91,92,93,94,95,96,97,98,99,100,101,179,103,104,105,106,107,108,109,110,111,112,113,125,115,116,117,118,0,120,121,122,123,124,114,126,72,128,129,130,131,132,133,134,135,136,137,138,139,140,141,142,143,194,145,146,147,148,149,150,151,152,153,154,155,156,157,158,159,160,163,162,161,164,165,166,81,168,169,170,171,172,12,174,175,176,177,178,102,180,181,182,183,184,185,186,187,188,189,190,191,192,193,144,195,196,197,198,199,];False
9432;9691;19123;[119,1,2,3,4,5,6,62,8,9,10,11,173,13,14,15,16,17,18,19,20,21,22,23,24,25,26,27,28,29,30,31,32,33,34,35,36,37,38,39,40,41,42,43,44,45,46,47,48,49,50,51,52,53,54,55,56,57,58,59,60,61,7,63,64,65,66,67,68,69,70,71,127,73,74,75,76,77,78,79,80,167,82,83,84,85,86,87,88,89,90,91,92,93,94,95,96,97,98,99,100,101,179,103,104,105,106,107,108,109,110,111,112,113,155,115,116,117,118,0,120,121,122,123,124,114,126,72,128,129,130,131,132,133,134,135,136,137,138,139,140,141,142,143,194,145,146,147,148,149,150,151,152,153,154,125,156,157,158,159,160,163,162,161,164,165,166,81,168,169,170,171,172,12,174,175,176,177,178,102,180,181,182,183,184,185,186,187,188,189,190,191,192,193,144,195,196,197,198,199,];False
9446;9642;19088;[119,1,2,3,4,5,6,62,8,9,10,11,173,13,14,15,16,17,18,19,20,21,22,23,24,25,26,27,28,29,30,31,32,33,34,35,36,37,38,39,40,41,42,43,44,45,46,47,48,49,50,51,52,53,54,55,56,57,58,59,60,61,7,63,64,65,66,67,68,69,70,71,127,73,74,75,76,77,78,79,80,167,82,83,84,85,86,87,88,89,90,91,92,93,94,95,96,97,98,99,100,101,179,103,104,105,106,107,108,109,110,111,112,113,125,115,116,117,118,0,120,121,122,123,124,114,126,72,128,137,130,131,132,133,134,135,136,129,138,139,140,141,142,143,194,145,146,147,148,149,150,151,152,153,154,155,156,157,158,159,160,163,162,161,164,165,166,81,168,169,170,171,172,12,174,175,176,177,178,102,180,181,182,183,184,185,186,187,188,189,190,191,192,193,144,195,196,197,198,199,];False
9449;9596;19045;[119,1,2,3,4,5,6,62,8,9,10,11,173,13,14,15,16,17,18,19,20,21,22,23,24,25,26,27,28,29,30,31,32,33,34,35,36,37,38,39,40,41,42,43,44,45,46,47,48,49,50,51,52,53,54,55,56,57,58,59,60,61,7,63,64,65,66,67,68,69,70,71,127,73,74,75,76,77,78,79,80,167,82,83,84,85,86,87,88,162,90,91,92,93,94,95,96,97,98,99,100,101,179,103,104,105,106,107,108,109,110,111,112,113,125,115,116,117,118,0,120,121,122,123,124,114,126,72,128,137,130,131,132,133,134,135,136,129,138,139,140,141,142,143,194,145,146,147,148,149,150,151,152,153,154,155,156,157,158,159,160,163,89,161,164,165,166,81,168,169,170,171,172,12,174,175,176,177,178,102,180,181,182,183,184,185,186,187,188,189,190,191,192,193,144,195,196,197,198,199,];False
9368;9623;18991;[119,1,2,3,4,5,6,62,8,9,10,11,173,13,14,15,16,17,18,19,20,21,22,23,24,25,26,27,28,29,30,31,32,33,34,35,36,37,38,39,40,41,140,43,44,45,46,47,48,49,50,51,52,53,54,55,56,57,58,59,60,61,7,63,64,65,66,67,68,69,70,71,127,73,74,75,76,96,78,79,80,167,82,83,84,85,86,87,88,162,90,91,92,93,94,95,77,97,98,99,100,101,179,103,104,105,106,107,108,109,110,111,112,113,125,115,116,117,118,0,120,121,122,123,124,114,126,72,128,137,130,141,132,133,134,135,136,129,138,139,183,131,142,143,194,145,146,147,148,149,150,151,152,153,154,155,156,157,158,159,160,163,89,161,164,165,166,81,168,169,170,171,172,12,174,175,176,177,178,102,180,181,182,42,184,185,186,187,188,189,190,191,192,193,144,195,196,197,198,199,];False
9331;9605;18936;[119,1,2,3,4,5,6,62,8,9,10,11,173,13,14,15,16,17,18,19,20,21,22,23,24,25,26,27,28,29,30,31,32,33,34,35,36,37,38,39,40,41,42,43,44,45,46,47,48,49,50,51,52,53,54,55,56,57,58,59,60,61,7,63,64,65,66,67,68,69,70,71,127,73,74,75,76,77,78,79,80,167,82,83,84,85,86,87,88,162,90,91,92,93,94,95,96,97,98,99,100,101,179,120,104,105,106,107,108,109,110,111,112,113,125,115,116,117,118,0,103,121,122,123,124,114,126,72,128,137,130,131,132,133,134,135,136,129,138,139,183,141,142,143,194,145,146,147,148,149,150,151,152,153,154,155,156,157,158,159,160,163,89,161,164,165,166,81,168,169,170,171,172,12,174,175,176,177,178,102,180,181,182,140,184,185,186,187,188,189,190,191,192,193,144,195,196,197,198,199,];False
9313;9615;18928;[119,1,2,3,4,5,6,62,8,9,10,11,173,13,14,15,16,17,18,19,20,21,22,23,24,25,26,27,28,29,30,31,32,33,34,35,36,37,38,39,40,41,42,43,44,45,46,47,48,49,50,51,52,53,54,55,56,57,58,59,60,138,7,63,64,65,66,67,68,69,70,71,127,73,74,75,76,77,78,79,80,167,82,83,84,85,86,87,88,162,90,91,92,93,94,95,96,97,98,99,100,101,179,103,104,105,106,107,108,109,110,111,112,113,125,115,116,117,118,0,120,121,122,123,124,114,126,72,128,137,130,131,132,133,134,135,136,129,61,139,183,141,142,143,194,145,146,147,148,149,150,151,152,153,154,155,156,157,158,159,160,163,89,161,164,165,166,81,168,169,170,171,172,12,174,175,176,177,178,102,180,181,182,140,184,185,186,187,188,189,190,191,192,193,144,195,196,197,198,199,];False
9314;9604;18918;[119,1,2,3,4,5,6,62,8,9,10,11,173,13,14,15,16,17,18,19,20,21,22,23,24,25,26,27,28,29,30,31,32,33,34,35,36,37,38,39,40,41,42,43,44,45,46,47,48,49,50,51,52,53,54,55,56,57,58,59,60,61,7,63,64,65,66,67,68,69,70,71,127,73,74,75,76,77,78,79,80,167,82,83,84,85,86,87,88,162,90,91,92,93,94,95,96,97,98,99,100,101,179,103,104,105,106,107,108,109,110,111,112,113,125,115,116,117,118,0,120,121,122,123,124,114,126,72,128,137,130,131,132,133,134,135,136,129,138,139,183,141,142,143,194,145,146,147,148,149,150,151,152,153,154,155,156,157,158,159,160,163,89,161,164,165,166,81,168,169,170,171,172,12,174,175,176,177,178,102,180,181,182,140,184,185,186,187,188,189,190,191,192,193,144,195,196,197,198,199,];False
9323;9564;18887;[153,1,2,3,4,5,6,62,8,9,10,11,173,13,14,94,16,17,18,19,20,21,22,23,24,25,26,27,28,29,85,31,32,33,34,35,36,37,38,39,40,41,42,43,44,45,46,47,48,49,50,51,52,53,54,55,56,57,58,59,60,61,7,63,64,65,66,67,68,69,70,71,127,73,74,75,76,96,78,79,80,167,82,83,84,30,86,87,88,162,90,91,92,93,15,95,77,97,98,99,100,101,179,103,104,105,106,107,108,109,110,111,112,113,125,115,116,117,118,0,120,121,122,123,124,114,126,72,128,137,130,141,132,133,134,135,136,129,138,139,183,131,142,143,194,145,146,147,148,149,150,151,152,119,154,155,156,157,158,159,160,163,89,161,164,165,166,81,168,12,170,171,172,169,174,175,176,177,178,102,180,181,182,140,184,185,186,187,188,189,190,191,192,193,144,195,196,197,198,199,];False
9286;9587;18873;[119,1,2,3,4,5,6,62,8,9,10,11,173,13,14,15,16,17,18,19,20,21,22,23,24,25,26,27,28,29,30,31,32,33,34,35,36,37,38,39,40,41,42,43,44,45,46,47,48,49,50,51,52,53,54,55,56,57,58,59,60,61,7,63,64,65,66,67,68,69,70,71,122,73,74,75,76,96,78,79,80,167,82,83,84,85,86,87,88,162,90,91,92,93,94,95,77,97,98,99,100,101,179,103,104,105,106,107,108,109,110,111,112,113,125,115,116,117,118,0,120,121,127,123,124,114,126,72,128,137,130,141,132,133,134,135,136,129,138,139,183,131,142,143,194,145,146,147,148,149,150,151,152,153,154,155,156,157,158,159,160,163,89,161,164,165,166,81,168,169,170,171,172,12,174,175,176,177,178,102,180,181,182,140,184,185,186,187,188,189,190,191,192,193,144,195,196,197,198,199,];False
9267;9578;18845;[119,1,2,3,4,5,6,62,8,9,10,11,173,13,14,15,16,17,18,19,20,21,22,23,24,25,26,27,28,29,85,31,32,33,34,35,36,37,38,39,40,41,42,43,44,45,46,47,48,49,50,51,52,53,54,55,56,57,58,59,60,61,7,63,64,65,66,67,68,69,70,71,127,73,74,75,76,96,78,79,80,167,82,83,84,30,86,87,88,162,90,91,92,93,94,95,77,97,98,99,100,101,179,103,104,105,106,107,108,109,110,111,126,113,125,115,116,117,118,0,120,121,122,123,124,114,112,72,128,137,130,141,132,133,134,135,136,129,138,139,183,131,142,143,194,145,146,147,148,149,150,151,152,153,154,155,156,157,158,159,160,163,89,161,164,165,166,81,168,169,170,171,172,12,174,175,176,177,178,102,180,181,182,140,184,185,186,187,188,189,190,191,192,193,144,195,196,197,198,199,];False
9315;9530;18845;[82,1,2,3,4,5,6,62,8,9,10,11,173,13,14,15,16,17,18,19,20,21,22,23,24,25,26,27,28,29,30,31,32,33,34,35,36,37,38,39,40,41,42,43,44,45,46,47,48,49,50,51,52,53,54,55,56,57,58,59,60,61,7,63,64,65,66,67,68,69,70,71,127,73,74,75,76,96,78,79,80,167,119,83,84,85,86,87,88,162,90,91,92,93,94,95,77,97,98,99,100,101,179,103,104,105,106,107,108,109,110,111,112,113,125,115,116,117,118,0,120,121,122,123,124,114,126,72,128,137,130,141,132,133,134,135,136,129,138,139,183,131,142,143,194,145,146,147,148,149,150,151,152,153,154,155,156,157,158,159,160,163,89,161,164,165,166,81,168,169,170,171,172,12,174,175,176,177,178,102,180,181,182,140,184,185,186,187,188,189,190,191,192,193,144,195,196,197,198,199,];False
9263;9571;18834;[119,1,2,3,4,5,6,62,8,9,10,11,173,13,14,15,16,17,18,19,20,21,22,23,24,25,26,27,28,29,30,31,32,33,34,35,36,37,38,39,40,41,42,43,44,45,46,47,48,49,50,51,52,53,54,55,56,57,58,59,60,61,7,63,64,65,66,67,68,69,70,71,127,73,74,75,76,96,78,79,80,167,82,83,84,85,86,87,88,162,90,91,92,93,94,95,77,97,98,99,100,101,179,103,104,105,106,107,108,109,110,111,112,113,125,115,116,117,118,0,120,121,122,123,124,114,126,72,128,137,130,131,132,133,134,135,136,129,138,139,183,141,142,143,194,145,146,147,148,149,150,151,152,153,154,155,156,157,158,159,160,163,89,161,164,165,166,81,168,169,170,171,172,12,174,175,176,177,178,102,180,181,182,140,184,185,186,187,188,189,190,191,192,193,144,195,196,197,198,199,];False
9236;9580;18816;[119,1,2,3,4,5,6,62,8,9,10,11,173,13,14,15,16,17,18,19,20,21,22,23,24,25,26,27,28,29,30,31,32,33,34,35,36,37,38,39,40,41,42,43,44,45,46,47,48,49,50,51,52,53,54,55,56,57,58,59,60,61,7,63,64,65,66,67,68,69,70,71,127,73,74,75,76,96,78,79,80,167,82,83,84,85,86,87,88,162,90,91,92,93,94,95,77,97,98,99,100,101,179,103,104,105,106,107,108,109,110,111,112,113,125,115,116,117,118,0,120,121,122,123,124,114,126,72,128,137,130,141,132,133,134,135,136,129,138,139,183,131,142,143,194,145,146,147,148,149,150,151,152,153,154,155,156,157,158,159,160,163,89,161,164,165,166,81,168,169,170,171,172,12,174,175,176,177,178,102,180,181,182,140,184,185,186,187,188,189,190,191,192,193,144,195,196,197,198,199,];False
9231;9559;18790;[119,1,2,3,4,5,6,62,8,9,10,11,173,13,14,15,16,17,18,19,20,21,22,23,24,25,26,27,28,29,85,31,32,33,34,35,36,37,38,39,40,41,42,43,44,45,46,47,48,49,50,51,52,53,54,55,56,57,58,59,60,61,7,63,64,65,66,67,68,69,70,71,127,73,74,75,76,96,78,79,80,167,82,83,84,30,86,87,116,162,90,91,92,93,94,95,77,97,98,99,100,101,179,103,104,105,106,107,108,109,110,111,112,113,125,115,88,117,118,0,120,121,122,123,124,114,126,72,128,137,130,141,132,133,134,135,136,129,138,139,183,131,142,143,194,145,146,147,148,149,150,151,152,153,154,155,156,157,158,159,160,163,89,161,164,165,166,81,168,169,170,171,172,12,174,175,176,177,178,102,180,181,182,140,184,185,186,187,188,189,190,191,192,193,144,195,196,197,198,199,];False
9203;9574;18777;[119,1,2,3,4,5,6,62,8,9,10,11,173,13,14,15,16,17,18,19,20,21,22,23,24,25,26,27,28,29,85,31,32,33,34,35,36,37,38,39,40,41,42,43,44,45,46,47,48,49,50,51,52,53,54,55,56,57,58,59,60,61,7,63,64,65,66,67,68,69,70,71,127,73,74,75,76,96,78,79,80,167,82,83,84,30,86,135,88,162,90,91,92,93,94,95,77,97,98,99,100,101,179,103,104,105,106,107,108,109,110,111,112,113,125,115,116,117,118,0,120,121,122,123,124,114,126,72,128,137,130,141,132,133,134,87,136,129,138,139,183,131,142,143,194,145,146,147,148,149,150,151,152,153,154,155,156,157,158,159,160,163,89,161,164,165,166,81,168,169,170,171,172,12,174,175,176,177,178,102,180,181,182,140,184,185,186,187,188,189,190,191,192,193,144,195,196,197,198,199,];False
9186;9566;18752;[153,1,2,3,4,5,6,62,8,9,10,11,173,13,14,94,16,17,18,19,20,21,22,23,24,25,26,27,28,29,85,31,32,33,34,35,36,37,38,39,40,41,42,43,44,45,46,47,48,49,50,51,52,53,54,55,56,57,58,59,60,92,7,63,64,65,66,67,68,69,70,71,127,73,74,75,76,96,78,79,80,167,82,83,84,30,86,87,88,162,90,91,61,93,15,95,77,97,98,99,100,101,179,103,104,105,106,107,108,109,110,111,112,113,125,115,116,117,118,0,120,121,122,123,124,114,126,72,128,137,130,141,132,133,134,135,136,129,138,139,183,131,142,143,194,145,146,147,148,149,150,151,152,119,154,155,156,157,158,159,160,163,89,161,164,165,166,81,168,169,170,171,172,12,174,175,176,177,178,102,180,181,182,140,184,185,186,187,188,189,190,191,192,193,144,195,196,197,198,199,];False
9156;9590;18746;[119,1,2,3,4,5,6,62,8,9,10,11,173,13,14,15,16,17,18,19,20,21,22,23,24,25,26,27,28,29,83,31,32,33,34,35,36,37,38,39,40,41,42,43,44,45,46,47,48,49,50,51,52,53,54,55,56,57,58,59,60,61,7,63,64,65,66,67,68,69,70,71,127,73,74,75,76,96,78,79,80,167,82,85,84,30,86,87,88,162,90,91,92,93,94,95,77,97,98,99,100,101,179,103,104,105,106,107,108,109,110,111,112,113,125,115,116,117,118,0,120,121,122,123,124,114,126,72,128,137,130,141,132,133,134,135,136,129,138,139,183,131,142,143,194,145,146,147,148,149,150,151,152,153,154,155,156,157,158,159,160,163,89,161,164,165,166,81,168,169,170,171,172,12,174,175,176,177,178,102,180,181,182,140,184,185,186,187,188,189,190,191,192,193,144,195,196,197,198,199,];False
9182;9563;18745;[119,1,2,3,4,5,6,62,8,9,10,11,173,13,14,15,16,17,18,19,20,21,22,23,24,25,26,27,28,29,85,31,32,33,34,35,36,37,38,39,40,41,42,43,44,45,46,47,48,49,50,51,52,53,54,55,56,57,58,59,60,61,7,63,64,65,66,67,68,69,70,71,127,73,74,75,76,96,78,79,80,167,82,83,84,30,86,87,88,162,90,91,92,93,94,95,77,97,98,99,100,101,179,103,104,105,106,107,108,109,110,111,112,113,125,115,116,117,118,0,120,121,122,123,124,114,126,72,128,137,130,141,132,133,134,135,136,129,138,139,183,131,142,143,194,145,146,147,148,149,150,151,152,153,154,155,156,157,158,159,160,163,89,161,164,165,166,81,168,169,170,171,172,12,174,175,176,177,178,102,180,181,182,140,184,185,186,187,188,189,190,191,192,193,144,195,196,197,198,199,];False
9127;9585;18712;[153,1,2,3,4,5,6,62,8,9,10,11,173,13,14,94,16,17,18,133,20,21,22,23,24,25,26,27,28,29,85,31,32,33,34,35,36,37,38,39,40,41,42,43,44,45,46,47,48,49,50,51,52,53,54,55,56,57,58,59,60,61,7,63,64,65,66,67,68,69,70,71,127,73,74,75,76,96,78,79,80,167,82,83,84,30,86,87,88,162,90,91,92,93,15,95,77,97,98,99,100,101,179,194,104,105,106,107,108,109,110,111,112,113,125,115,116,117,118,0,120,121,122,123,124,114,126,72,128,137,130,178,132,19,134,135,136,129,138,139,183,131,142,143,103,145,146,147,148,149,150,151,152,119,154,155,156,157,158,159,160,163,89,161,164,165,166,81,168,169,170,171,172,12,174,175,176,177,141,102,180,181,182,140,184,185,186,187,188,189,190,191,192,193,144,195,196,197,198,199,];False
9142;9565;18707;[153,1,2,3,4,5,6,62,8,9,10,11,173,13,14,15,16,17,18,19,20,21,22,23,24,25,26,27,28,29,85,31,32,33,34,35,36,37,38,39,40,41,42,43,44,45,46,47,48,49,50,51,52,53,54,55,56,57,58,59,60,61,7,63,64,65,66,67,68,69,70,71,127,73,74,75,76,96,78,79,80,167,82,83,84,30,86,87,88,162,90,91,92,93,94,95,77,97,98,99,100,101,179,103,104,105,106,107,108,109,110,111,112,113,125,115,116,117,118,0,120,121,122,123,124,114,126,72,128,137,130,141,132,133,134,135,136,129,138,139,183,131,142,143,194,145,146,147,148,149,150,151,152,119,154,155,156,157,158,159,160,163,89,161,164,165,166,81,168,169,170,171,172,12,174,175,176,177,178,102,180,181,182,140,184,185,186,187,188,189,190,191,192,193,144,195,196,197,198,199,];False
9118;9564;18682;[153,1,2,3,4,5,6,62,8,9,10,11,173,13,14,94,16,17,18,19,20,21,22,23,24,25,26,27,28,29,85,31,32,33,34,35,36,37,38,39,40,41,42,43,44,45,46,47,48,49,50,51,52,53,54,55,56,57,58,59,60,61,7,63,64,65,66,67,68,69,70,71,127,73,74,75,76,96,78,79,80,167,82,83,84,30,86,87,88,162,90,91,92,93,15,95,77,97,98,99,100,101,179,103,104,105,106,107,108,109,110,111,112,113,125,115,116,117,118,0,120,121,122,123,124,114,126,72,128,137,130,141,132,133,134,135,136,129,138,139,183,131,142,143,194,145,146,147,148,149,150,151,152,119,154,155,156,157,158,159,160,163,89,161,164,165,166,81,168,169,170,171,172,12,174,175,176,177,178,102,180,181,182,140,184,185,186,187,188,189,190,191,192,193,144,195,196,197,198,199,];False
9121;9559;18680;[153,1,2,3,4,5,6,62,8,9,10,11,173,13,14,94,16,17,18,133,20,21,22,23,24,25,26,27,28,29,85,31,32,33,34,35,36,37,38,39,40,41,42,43,44,45,46,47,48,49,50,51,52,53,54,55,56,57,58,59,60,61,7,63,64,65,66,67,68,69,70,71,127,73,74,75,76,96,78,79,80,167,82,83,84,30,86,87,88,162,90,91,92,93,15,95,77,97,98,99,100,101,179,103,104,105,106,107,108,109,110,111,112,113,125,163,116,117,118,0,120,121,122,123,124,114,126,72,128,137,130,178,132,19,134,135,136,129,138,139,183,131,142,143,194,145,146,147,148,149,150,151,152,119,154,155,156,157,158,159,160,115,89,161,164,165,166,81,168,169,170,171,172,12,174,175,176,177,141,102,180,181,182,140,184,185,186,187,188,189,190,191,192,193,144,195,196,197,198,199,];False
9099;9578;18677;[153,1,2,3,4,187,6,62,8,9,10,11,173,13,14,94,16,17,18,133,20,21,22,23,24,25,26,27,28,29,85,31,32,33,34,35,36,37,38,39,40,41,42,43,44,45,46,47,48,49,50,51,52,53,54,55,56,57,58,59,60,61,7,63,64,65,66,67,68,69,70,71,127,73,74,75,76,96,78,79,80,167,82,83,84,30,86,87,88,162,90,91,92,93,15,95,77,97,98,99,100,101,179,103,104,105,106,107,108,109,110,111,112,113,125,115,116,117,118,0,120,121,122,123,124,114,126,72,128,137,130,141,132,19,134,135,136,129,138,139,183,131,142,143,194,145,146,147,148,149,150,151,152,119,154,155,156,157,158,159,160,163,89,161,164,165,166,81,168,169,170,171,172,12,174,175,176,177,178,102,180,181,182,140,184,185,186,5,188,189,190,191,192,193,144,195,196,197,198,199,];False
9064;9586;18650;[153,1,2,3,4,5,6,62,8,9,10,11,173,13,14,94,16,17,18,133,20,21,22,23,24,25,26,27,28,29,85,31,32,33,34,35,36,37,38,39,40,41,42,43,44,45,46,47,48,49,50,51,52,53,54,55,56,57,58,59,60,61,7,63,64,65,66,67,68,69,70,71,127,73,74,75,76,96,78,79,80,167,82,83,84,30,86,87,88,162,90,91,92,93,15,95,77,97,98,99,100,101,179,103,104,105,106,107,108,109,110,111,112,113,125,115,116,117,118,0,120,196,122,123,124,114,126,72,128,137,130,141,132,19,134,135,136,129,138,139,183,131,142,143,194,145,146,147,148,149,150,151,152,119,154,155,156,157,158,159,160,163,89,161,164,165,166,81,168,169,170,171,172,12,174,175,176,177,178,102,180,181,182,140,184,185,186,187,188,189,190,191,192,193,144,195,121,197,198,199,];False
9100;9537;18637;[153,1,2,3,4,5,6,62,8,9,10,11,173,13,14,118,16,17,18,133,20,21,22,23,24,25,26,27,28,29,85,31,32,33,34,35,36,37,38,39,40,41,42,43,44,45,46,47,48,49,50,51,52,53,54,55,56,57,58,59,60,61,7,63,64,65,66,67,68,69,70,71,127,73,74,75,76,96,78,79,80,167,82,83,84,30,86,87,88,162,90,91,92,93,15,95,77,97,98,99,100,101,179,103,104,105,106,107,108,109,110,111,112,113,125,115,116,117,94,0,120,121,122,123,124,114,126,72,128,137,130,178,132,19,134,135,136,129,138,139,183,131,142,143,194,145,146,147,148,149,150,151,152,119,154,155,156,157,158,159,160,163,89,161,164,165,166,81,168,169,170,171,172,12,174,175,176,177,141,102,180,181,182,140,184,185,186,187,188,189,190,191,192,193,144,195,196,197,198,199,];False
9055;9574;18629;[153,1,2,3,4,5,6,62,8,9,10,11,173,13,14,94,16,17,18,133,20,21,22,23,24,25,26,27,28,29,85,31,32,33,34,35,36,37,38,39,40,41,42,43,44,45,46,47,48,49,50,51,52,53,54,55,56,57,58,59,60,61,7,63,64,65,66,67,68,69,70,71,127,73,74,75,76,96,78,79,80,167,82,83,84,30,86,87,88,162,90,91,92,93,15,95,77,97,98,99,100,101,179,103,104,105,106,107,108,109,110,111,112,113,125,115,116,117,118,0,120,121,122,123,124,114,126,72,128,137,130,141,132,19,134,135,136,129,138,139,183,131,142,143,194,145,146,147,148,149,150,151,152,119,154,155,156,157,158,159,160,163,89,161,164,165,166,81,168,169,170,171,172,12,174,175,176,177,178,102,180,181,182,140,184,185,186,187,188,189,190,191,192,193,144,195,196,197,198,199,];False
8997;9574;18571;[153,1,2,3,4,5,6,62,8,169,10,11,173,13,14,94,16,17,18,133,20,21,22,23,24,25,26,27,28,29,85,31,32,33,34,35,36,37,38,39,40,41,42,43,44,45,46,47,48,49,50,51,52,53,54,55,56,57,58,59,60,61,7,63,64,65,66,67,68,69,70,71,127,73,74,75,76,96,78,79,80,167,82,83,84,30,86,87,88,162,90,91,92,93,15,95,77,97,98,99,100,101,179,103,104,105,106,107,108,109,110,111,112,113,125,115,116,117,118,0,120,121,122,174,124,114,126,72,128,137,130,178,132,19,134,135,136,129,138,139,183,131,142,143,194,145,146,147,148,149,150,151,152,119,154,155,102,157,158,159,160,163,89,161,164,165,166,81,168,9,170,171,172,12,123,175,176,177,141,156,180,181,182,140,184,185,186,187,188,189,190,191,192,193,144,195,196,197,198,199,];False
8970;9599;18569;[153,1,2,3,4,5,6,62,8,9,10,11,173,13,14,94,16,17,18,133,20,21,22,23,24,25,26,27,28,29,85,31,32,33,34,35,75,37,38,39,40,41,42,43,44,45,46,47,48,49,50,51,52,53,54,55,56,57,58,59,60,61,7,63,64,65,66,67,68,69,70,71,127,73,74,36,76,96,78,79,80,167,82,83,84,30,86,87,88,162,90,91,92,93,15,95,77,97,98,99,100,101,179,103,104,105,106,107,108,109,110,111,112,113,125,115,116,117,118,0,120,121,122,174,124,114,126,72,128,137,130,178,132,19,134,135,136,129,138,139,183,131,142,143,194,145,146,147,148,149,150,151,152,119,154,155,102,157,158,159,160,163,89,161,164,165,166,81,168,169,170,171,172,12,123,175,176,177,141,156,180,181,182,140,184,185,186,187,188,189,190,191,192,193,144,195,196,197,198,199,];False
9003;9552;18555;[153,1,2,3,4,5,6,62,8,9,10,11,173,13,14,94,16,17,18,133,20,21,22,23,24,25,26,27,28,29,85,31,32,33,34,35,36,37,38,39,40,41,42,43,44,45,46,47,48,49,50,51,52,53,54,55,56,57,58,59,60,61,7,63,64,65,66,67,68,69,70,71,127,73,74,75,76,96,78,79,80,167,82,83,84,30,86,87,88,162,90,91,92,93,15,95,77,123,98,99,100,101,179,103,104,105,106,107,108,109,110,111,112,113,125,115,116,117,118,0,120,121,122,174,124,114,126,72,128,137,130,178,132,19,134,135,136,129,138,139,183,131,142,143,194,145,146,147,148,149,150,151,152,119,154,155,102,157,158,159,160,163,89,161,164,165,166,81,168,169,170,171,172,12,97,175,176,177,141,156,180,181,182,140,184,185,186,187,188,189,190,191,192,193,144,195,196,197,198,199,];False
8993;9559;18552;[153,1,2,3,4,5,6,62,8,9,10,11,173,13,14,94,16,17,18,133,20,21,22,23,24,25,26,27,28,29,85,31,32,33,34,35,36,37,38,39,40,41,42,43,44,45,46,47,48,49,50,51,52,53,54,55,56,57,58,59,60,61,7,63,64,65,66,67,68,69,70,71,127,73,74,75,76,96,78,79,80,167,82,83,84,30,86,87,88,162,90,91,92,93,15,95,77,97,98,99,100,101,179,103,104,105,106,107,108,109,110,111,112,113,125,115,116,117,118,0,120,121,122,123,124,114,126,72,128,137,130,178,132,19,134,135,136,129,138,139,183,131,142,143,194,145,146,147,148,149,150,151,152,119,154,155,156,157,158,159,160,163,89,161,164,165,166,81,168,169,170,171,172,12,174,175,176,177,141,102,180,181,182,140,184,185,186,187,188,189,190,191,192,193,144,195,196,197,198,199,];False
8936;9615;18551;[153,1,2,3,4,5,6,62,8,9,10,11,173,13,14,94,16,17,18,133,20,21,22,23,24,25,26,27,28,29,85,31,32,33,34,35,36,37,38,39,40,41,42,43,44,45,46,47,48,49,50,51,52,53,54,55,56,57,58,59,60,61,7,63,64,65,66,67,68,69,70,71,127,73,74,75,76,96,78,79,80,167,82,83,84,30,86,87,88,162,90,91,92,93,15,95,77,97,98,99,100,101,179,103,104,105,106,107,108,109,110,111,191,113,125,115,116,117,118,0,120,121,122,174,124,114,126,72,128,137,130,178,132,19,134,135,136,129,138,139,183,131,142,143,194,145,146,147,148,149,150,151,152,119,154,155,102,157,158,159,160,163,89,161,164,165,166,81,168,169,170,171,172,12,123,175,176,177,141,156,180,181,182,140,184,185,186,187,188,189,190,112,192,193,144,195,196,197,198,199,];False
8993;9540;18533;[153,1,2,3,4,5,6,62,8,9,10,11,173,13,14,94,16,17,18,133,20,21,22,23,24,25,26,27,28,29,85,31,32,33,34,35,36,37,38,39,40,41,42,43,44,45,46,47,48,49,50,51,52,53,54,55,56,57,58,59,60,61,7,63,64,65,66,67,68,69,70,71,127,73,74,75,76,96,78,79,80,167,82,83,84,30,86,87,88,162,90,91,92,93,15,95,77,97,98,99,100,101,179,103,104,105,106,107,108,109,110,111,112,113,125,115,116,117,118,0,120,121,122,123,124,114,126,72,128,137,130,178,132,19,134,135,136,129,138,139,183,131,142,143,194,145,146,147,148,149,150,151,152,119,154,155,102,157,158,159,160,163,89,161,164,165,166,81,168,169,170,171,172,12,174,175,176,177,141,156,180,181,182,140,184,185,186,187,195,189,190,191,192,193,144,188,196,197,198,199,];False
8908;9609;18517;[153,1,2,3,4,5,6,62,8,9,10,11,173,13,14,94,16,17,18,133,20,21,22,23,24,25,26,27,28,29,85,31,32,33,34,35,36,37,38,39,40,41,42,43,44,45,46,47,48,49,50,51,52,53,54,55,56,57,58,59,60,61,7,63,64,65,66,67,68,69,70,71,127,73,74,75,76,96,78,79,80,177,82,83,84,30,86,87,88,162,90,91,92,93,15,95,77,97,98,99,100,101,179,103,104,105,106,107,108,109,110,111,112,113,125,115,116,117,118,0,120,121,122,174,124,114,126,72,128,137,130,178,132,19,134,135,136,129,138,139,183,131,142,143,194,145,146,147,148,149,150,151,152,119,154,155,102,157,158,159,160,163,89,161,164,165,166,81,168,169,170,171,172,12,123,175,176,167,141,156,180,181,182,140,184,185,186,187,188,189,190,191,192,193,144,195,196,197,198,199,];False
8886;9615;18501;[153,1,2,3,4,5,6,62,8,9,10,11,173,13,14,94,16,17,18,133,20,21,22,23,24,25,26,27,28,29,85,31,32,33,34,35,36,37,38,39,40,41,42,43,44,45,46,47,48,49,50,51,107,53,54,55,56,57,58,59,60,61,7,63,64,65,80,67,68,69,70,71,127,73,74,75,76,96,78,79,66,167,82,83,84,30,86,87,88,162,90,91,92,93,15,95,77,97,98,99,100,101,179,103,104,105,106,52,108,109,110,111,112,113,125,115,116,117,118,0,120,121,122,174,124,114,126,72,128,137,130,178,132,19,134,135,136,129,138,139,183,131,142,143,194,145,146,147,148,149,150,151,152,119,154,155,102,157,158,159,160,163,89,161,164,165,166,81,168,169,170,171,172,12,123,175,176,177,141,156,180,181,182,140,184,185,186,187,188,189,190,191,192,193,144,195,196,197,198,199,];False
8912;9586;18498;[153,1,2,3,4,5,6,62,8,9,10,11,173,13,14,94,16,17,18,133,20,21,22,23,24,25,26,27,28,29,85,31,32,33,34,35,36,37,38,39,40,41,42,43,44,45,46,47,48,49,50,51,52,53,54,55,56,57,58,59,60,61,7,63,64,65,66,67,68,69,70,71,127,73,74,75,76,96,91,79,80,167,82,83,84,30,86,87,88,162,90,78,92,93,15,95,77,97,98,99,100,101,179,103,104,105,106,107,108,109,110,111,112,113,125,115,116,117,118,0,120,121,122,174,124,114,126,72,128,137,130,178,132,19,134,135,136,129,138,139,183,131,142,143,194,145,146,147,148,149,150,151,152,119,154,155,102,157,158,159,160,163,89,161,164,165,166,81,168,169,170,171,172,12,123,175,176,177,141,156,180,181,182,140,184,185,186,187,188,189,190,191,192,193,144,195,196,197,198,199,];False
8936;9559;18495;[153,1,2,3,4,5,6,62,8,9,10,11,173,13,14,94,16,17,18,133,20,21,22,23,24,25,26,27,28,29,85,31,32,33,34,35,36,37,38,39,40,41,42,43,44,45,46,47,48,49,50,51,52,53,54,55,56,57,58,59,60,61,7,63,64,65,66,67,68,69,70,71,127,73,74,75,76,96,78,79,80,167,82,83,84,30,86,87,88,162,90,91,92,93,15,95,77,97,98,99,100,101,179,103,104,105,106,107,108,109,110,111,112,113,125,115,116,117,118,0,120,121,122,123,124,114,126,72,128,137,130,178,132,19,134,135,136,129,138,139,183,131,142,143,194,145,146,147,148,149,150,151,152,119,154,155,102,157,158,159,160,163,89,161,164,165,166,81,168,169,170,171,172,12,174,175,176,177,141,156,180,181,182,140,184,185,186,187,188,189,190,191,192,193,144,195,196,197,198,199,];False
8890;9601;18491;[153,1,2,3,4,5,6,62,8,9,10,11,173,13,14,94,16,17,18,133,20,21,22,23,24,25,26,27,28,29,85,31,32,33,34,35,36,37,38,39,40,41,42,43,44,45,46,47,48,49,50,51,107,53,54,55,56,57,196,59,60,61,7,63,64,65,66,67,68,69,70,71,127,73,74,75,76,96,78,79,80,167,82,83,84,30,86,87,88,162,90,91,92,93,15,95,77,97,98,99,100,101,179,103,104,105,106,52,108,109,110,111,112,113,125,115,116,117,118,0,120,121,122,174,124,114,126,72,128,137,130,178,132,19,134,135,136,129,138,139,183,131,142,143,194,145,146,147,148,149,150,151,152,119,154,155,102,157,158,159,160,163,89,161,164,165,166,81,168,169,170,171,172,12,123,175,176,177,141,156,180,181,182,140,184,185,186,187,188,189,190,191,192,193,144,195,58,197,198,199,];False
8883;9597;18480;[153,1,2,3,4,5,6,62,8,9,10,11,173,13,14,94,16,17,18,133,20,21,22,23,24,25,26,27,28,29,85,31,32,33,34,35,36,37,38,39,40,41,42,43,44,45,46,47,48,49,50,51,52,53,54,55,56,57,58,59,60,61,7,63,64,65,66,67,68,69,70,71,127,73,74,75,76,96,78,79,80,167,82,83,84,30,86,87,88,162,89,91,92,93,15,95,77,97,98,99,100,101,179,103,104,105,106,107,108,109,110,111,112,113,125,115,116,117,118,0,120,121,122,174,124,114,126,72,128,137,130,178,132,19,134,135,136,129,138,139,183,131,142,143,194,145,146,147,148,149,150,151,152,119,154,155,102,157,158,159,160,163,90,161,164,165,166,81,168,169,170,171,172,12,123,175,176,177,141,156,180,181,182,140,184,185,186,187,188,189,190,191,192,193,144,195,196,197,198,199,];False
8897;9577;18474;[153,1,2,3,4,5,6,62,8,9,10,11,173,13,14,94,16,17,18,133,20,21,22,23,24,25,26,27,28,29,85,31,32,33,34,35,36,37,38,39,40,41,42,43,44,45,46,47,48,49,50,51,52,53,54,55,56,57,58,59,60,61,7,63,64,65,66,67,68,69,70,71,127,73,74,75,76,96,78,79,80,167,82,83,84,30,86,87,88,162,90,91,92,93,15,95,77,97,98,99,100,101,179,103,104,105,106,107,108,109,110,111,112,113,125,115,116,117,118,0,120,121,122,174,124,114,126,72,128,137,130,178,132,19,134,135,136,129,138,139,183,131,142,143,194,145,146,147,148,149,150,151,152,119,154,155,102,157,158,159,160,163,89,161,164,165,166,81,168,169,170,171,172,12,123,175,176,177,141,156,180,181,182,140,184,185,186,187,188,189,190,191,192,193,144,195,196,197,198,199,];False
8849;9610;18459;[153,1,2,3,4,5,6,62,8,9,10,11,173,13,14,94,16,17,18,133,20,21,22,23,24,25,26,27,28,29,85,31,32,33,34,35,36,37,38,39,40,41,42,43,44,45,46,47,48,49,50,51,107,53,54,55,56,57,102,59,60,61,7,63,64,65,66,67,68,69,70,71,127,73,74,75,76,96,78,79,80,167,82,83,84,30,86,87,88,162,90,91,92,93,15,95,77,97,98,99,100,101,179,103,104,105,106,52,108,109,110,111,112,113,125,115,116,117,118,0,120,121,122,174,124,114,126,72,128,137,130,178,132,19,134,135,136,129,138,139,183,131,142,143,194,145,146,147,148,149,150,151,152,119,154,155,58,157,158,159,160,163,89,161,164,165,166,81,168,169,170,171,172,12,123,175,176,177,141,156,180,181,182,140,184,185,186,187,188,189,190,191,192,193,144,195,196,197,198,199,];False
8830;9617;18447;[153,1,2,3,4,5,6,62,8,9,10,11,173,13,14,94,16,17,18,133,20,21,22,23,24,25,26,27,28,29,85,31,32,33,34,35,36,37,38,39,40,41,42,43,44,45,46,47,48,49,50,51,107,53,54,55,56,57,58,59,60,61,7,63,64,65,66,67,68,69,70,71,127,73,74,75,76,96,78,79,80,167,82,83,84,30,86,87,88,162,90,91,92,93,15,95,77,97,98,99,100,101,179,103,104,105,106,52,108,109,110,111,112,113,125,115,116,117,118,0,120,121,122,174,124,114,126,72,128,161,130,178,132,19,134,135,136,129,138,139,183,131,142,143,194,145,146,147,148,149,150,151,152,119,154,155,102,157,158,159,160,163,89,137,164,165,166,81,168,169,170,171,172,12,123,175,176,177,141,156,180,181,182,140,184,185,186,187,188,189,190,191,192,193,144,195,196,197,198,199,];False
8795;9641;18436;[153,1,2,3,4,5,6,62,8,9,10,11,173,13,14,94,16,17,18,133,20,21,22,23,24,25,26,27,28,29,85,31,32,33,34,35,36,37,38,39,40,41,42,43,44,45,46,47,48,49,50,51,107,53,54,55,56,57,58,59,60,61,7,63,64,65,66,67,68,69,70,71,127,73,74,75,76,96,78,79,80,167,82,83,84,30,86,87,88,162,90,91,92,93,15,95,77,97,98,99,195,101,179,103,104,105,106,52,108,109,110,111,112,113,125,115,116,117,118,0,120,121,122,174,124,114,126,72,128,137,130,178,132,19,134,135,136,129,138,139,183,131,142,143,194,145,146,147,148,149,150,151,152,119,154,155,102,157,158,159,160,163,89,161,164,165,166,81,168,169,170,171,172,12,123,175,176,177,141,156,180,181,182,140,184,185,186,187,188,189,190,191,192,193,144,100,196,197,198,199,];False
8790;9613;18403;[153,1,2,3,4,5,6,62,8,9,10,11,173,13,14,35,16,17,18,133,20,21,22,23,24,25,26,27,28,29,85,31,32,33,34,94,36,37,38,39,40,41,42,43,44,45,46,47,48,49,50,51,107,53,54,55,56,57,58,59,60,61,7,63,64,65,66,67,68,69,70,71,127,73,74,75,76,96,78,79,80,167,82,83,84,30,86,87,88,162,90,91,92,93,15,95,77,97,98,99,100,101,179,103,104,105,106,52,108,109,110,111,112,113,125,115,116,117,118,0,120,121,122,174,124,114,126,72,128,137,130,178,132,19,134,135,136,129,138,139,183,131,142,143,194,145,146,147,148,149,150,151,152,119,154,155,102,157,158,159,160,163,89,161,164,165,166,81,168,169,170,171,172,12,123,175,176,177,141,156,180,181,182,140,184,185,186,187,188,189,190,191,192,193,144,195,196,197,198,199,];False
8756;9624;18380;[153,1,2,3,4,5,6,62,8,9,10,11,173,13,14,94,16,17,18,133,20,21,22,23,24,25,26,27,28,29,85,31,32,33,34,35,36,37,38,39,40,41,42,43,44,45,46,47,48,49,50,51,107,53,54,55,56,57,58,59,60,61,7,63,64,65,66,67,68,69,70,71,127,73,74,75,76,96,78,79,80,167,82,83,84,30,86,87,88,162,90,91,92,93,15,95,77,97,98,99,100,101,179,103,104,105,106,52,108,109,110,111,144,113,125,115,116,117,118,0,120,121,122,174,124,114,126,72,128,137,130,178,132,19,134,135,136,129,138,139,183,131,142,143,194,145,146,147,148,149,150,151,152,119,154,155,102,157,158,159,160,163,89,161,164,165,166,81,168,169,170,171,172,12,123,175,176,177,141,156,180,181,182,140,184,185,186,187,188,189,190,191,192,193,112,195,196,197,198,199,];False
8782;9596;18378;[153,1,2,3,4,5,6,62,8,9,10,11,173,13,14,94,16,17,18,133,20,21,22,23,24,25,26,27,28,29,85,31,32,33,34,35,36,37,38,39,40,41,42,43,44,45,46,47,48,49,50,51,107,53,54,55,56,57,58,59,60,61,7,63,64,65,66,67,68,69,70,71,127,73,74,77,76,96,78,79,80,167,82,83,84,30,86,87,88,162,90,91,92,93,15,95,75,97,98,99,100,101,179,103,104,105,106,52,108,109,110,111,112,113,125,115,116,117,118,0,120,121,122,174,124,114,126,72,128,137,130,178,132,19,134,135,136,129,138,139,183,131,142,143,194,145,146,147,148,149,150,151,152,119,154,155,102,157,158,159,160,163,89,161,164,165,166,81,168,169,170,171,172,12,123,175,176,177,141,156,180,181,182,140,184,185,186,187,188,189,190,191,192,193,144,195,196,197,198,199,];False
8775;9591;18366;[153,1,2,3,4,5,6,62,8,9,10,11,173,13,14,94,16,17,18,133,20,21,22,23,24,25,26,27,28,29,85,31,32,33,34,35,36,37,38,39,40,41,42,43,44,45,46,47,48,49,50,51,107,53,54,55,56,57,58,59,60,61,7,63,64,65,66,67,68,69,70,71,127,73,74,75,76,96,78,79,80,167,82,83,84,30,86,87,88,162,90,91,92,93,15,95,77,97,98,99,100,101,179,103,104,105,106,52,108,109,110,111,112,113,125,115,116,117,118,0,120,121,122,174,124,114,126,72,128,137,130,178,132,19,134,135,136,129,138,139,183,131,142,143,194,145,146,147,148,149,150,151,152,119,154,155,102,157,158,159,160,163,89,161,164,165,166,81,168,169,170,171,172,12,123,175,176,177,141,156,180,181,182,140,184,185,186,187,188,189,190,191,192,193,144,195,196,197,198,199,];False
8767;9597;18364;[153,1,2,3,4,5,6,62,8,9,10,11,173,13,14,94,16,17,18,133,20,21,22,23,24,25,26,27,28,29,85,31,32,33,34,35,36,37,38,39,40,41,42,43,44,45,46,47,48,49,50,51,107,53,54,55,56,57,58,59,60,61,7,63,64,65,66,67,68,69,70,71,127,73,74,75,76,96,78,79,80,167,82,83,84,30,86,144,88,162,90,91,92,93,15,95,77,97,98,99,100,101,179,103,104,105,106,52,108,109,110,111,112,113,125,115,116,117,118,0,120,121,122,174,124,114,126,72,128,137,130,178,132,19,134,135,136,129,138,139,183,131,142,143,194,145,146,147,148,149,150,151,152,119,154,155,102,157,158,159,160,163,89,161,164,165,166,81,168,169,170,171,172,12,123,175,176,177,141,156,180,181,182,140,184,185,186,187,188,189,190,191,192,193,87,195,196,197,198,199,];False
8676;9586;18262;[153,1,2,3,4,5,6,62,8,9,10,11,173,49,14,94,16,17,18,133,20,21,22,23,24,25,26,27,28,29,85,31,32,33,34,35,36,37,38,39,40,41,42,43,44,45,46,47,48,13,50,51,107,53,54,55,56,57,58,59,60,61,7,63,64,65,66,67,68,69,70,71,127,73,74,75,76,96,78,79,80,167,82,83,84,30,86,87,88,162,90,91,92,93,15,95,77,97,98,99,100,101,179,103,104,105,106,52,108,109,110,111,112,113,125,115,116,117,118,0,120,121,122,174,124,114,126,72,128,137,130,178,132,19,134,135,136,129,138,139,183,131,142,143,194,145,146,147,148,149,150,151,152,119,154,155,102,157,158,159,160,163,89,161,164,165,166,81,168,169,170,171,172,12,123,175,176,177,141,156,180,181,182,140,184,185,186,187,188,189,190,191,192,193,144,195,196,197,198,199,];False
8619;9602;18221;[153,1,2,3,4,5,6,62,8,9,150,11,173,49,14,94,16,17,18,133,20,21,22,23,24,25,26,27,28,29,85,31,32,33,34,35,91,37,38,39,40,41,42,43,44,45,46,47,48,13,50,51,107,53,54,55,56,57,58,59,60,61,7,63,64,65,66,67,68,69,70,71,127,73,74,75,76,96,78,79,80,167,82,83,84,30,86,87,88,162,90,36,92,93,15,95,77,97,98,99,100,101,179,103,104,105,106,52,108,109,110,111,112,113,125,115,116,117,118,0,120,121,122,174,124,114,126,72,128,137,130,178,132,19,134,135,136,129,138,139,183,131,142,143,194,145,146,147,148,149,10,151,152,119,154,155,102,157,158,159,160,163,89,161,164,165,166,81,168,169,170,171,172,12,123,175,176,177,141,156,180,181,182,140,184,185,186,187,188,189,190,191,192,193,144,195,196,197,198,199,];False
8594;9626;18220;[153,1,2,3,4,5,6,62,8,9,150,11,173,49,14,94,16,17,18,133,20,21,22,23,24,25,26,27,28,29,85,31,32,33,34,35,36,37,38,39,40,41,42,43,44,45,46,47,48,13,50,51,107,53,54,55,56,57,58,59,60,61,7,63,64,65,66,67,68,179,70,71,127,73,74,75,76,96,78,79,80,167,82,83,84,30,86,87,88,162,90,91,92,93,15,95,77,97,98,99,100,101,69,103,104,105,106,52,108,109,110,111,112,113,125,115,116,117,118,0,120,121,122,174,124,114,126,72,128,137,130,178,132,19,134,135,136,129,138,139,183,131,142,143,194,145,146,147,148,149,10,151,152,119,154,155,102,157,158,159,160,163,89,161,164,165,166,81,168,169,170,171,172,12,123,175,176,177,141,156,180,181,182,140,184,185,186,187,188,189,190,191,192,193,144,195,196,197,198,199,];False
8643;9571;18214;[153,1,2,3,4,5,6,62,8,9,150,11,173,49,14,94,16,17,18,133,20,21,22,23,24,25,26,27,28,29,85,31,32,33,34,35,36,37,38,39,40,41,42,43,44,45,46,47,48,13,50,51,107,53,54,55,56,57,58,59,60,61,7,63,64,65,66,67,68,124,70,71,127,73,74,75,76,96,78,79,80,167,82,83,84,30,86,87,88,162,90,91,92,93,15,95,77,97,98,99,100,101,179,103,104,105,106,52,108,109,110,111,112,113,125,115,116,117,118,0,120,121,122,174,119,114,126,72,128,137,130,178,132,19,134,135,136,129,138,139,183,131,142,143,194,145,146,147,148,149,10,151,152,69,154,155,102,157,158,159,160,163,89,161,164,165,166,81,168,169,170,171,172,12,123,175,176,177,141,156,180,181,182,140,184,185,186,187,188,189,190,191,192,193,144,195,196,197,198,199,];False
8546;9593;18139;[153,1,2,3,4,5,6,62,8,9,124,11,173,49,14,94,16,17,18,133,20,21,22,23,24,25,26,27,28,29,85,31,32,33,37,35,36,34,38,39,40,41,42,43,44,45,46,47,48,13,50,51,107,53,54,55,56,57,58,59,60,61,7,63,64,65,66,67,68,150,70,71,127,73,74,75,76,96,78,79,80,167,82,83,84,30,86,87,88,162,90,91,92,93,15,95,77,97,98,99,100,101,179,103,104,105,106,52,108,109,110,111,112,113,125,115,116,117,118,0,120,121,122,174,69,114,126,72,128,137,130,178,132,19,134,135,136,129,138,139,183,131,142,143,194,145,146,147,148,149,10,151,152,119,154,155,102,157,158,159,160,163,89,161,164,165,166,81,168,169,170,171,172,12,123,175,176,177,141,156,180,181,182,140,184,185,186,187,188,189,190,191,192,193,144,195,196,197,198,199,];False
8541;9596;18137;[153,1,2,3,4,5,6,62,8,9,150,11,173,49,14,94,16,17,18,133,20,21,22,23,24,25,26,27,28,29,85,31,32,33,34,35,36,37,38,39,40,41,42,43,44,45,46,47,48,13,50,51,107,53,54,55,56,57,58,59,60,61,7,63,64,65,66,67,68,69,70,71,127,73,74,75,76,96,78,79,80,167,82,83,84,30,86,87,88,162,90,91,92,93,15,95,77,97,98,99,100,101,179,103,104,105,106,52,108,109,110,111,112,113,125,115,116,117,118,0,120,121,122,174,124,114,126,72,128,137,130,178,132,19,134,135,136,129,138,139,183,131,142,143,194,145,146,147,148,149,10,151,152,119,154,155,102,157,158,159,160,163,89,161,164,165,166,81,168,169,170,171,172,12,123,175,176,177,141,156,180,181,182,140,184,185,186,187,188,189,190,191,192,193,144,195,196,197,198,199,];False
8533;9589;18122;[153,1,2,3,4,5,6,62,8,9,150,11,173,49,14,94,16,17,18,133,20,21,22,23,24,25,26,27,28,29,85,31,32,33,34,35,36,37,38,39,40,41,42,43,44,45,46,47,48,13,50,51,107,53,54,55,56,57,58,59,60,61,7,63,64,65,66,67,68,124,70,196,127,73,74,75,76,96,78,79,80,167,82,83,84,30,86,87,88,162,90,91,92,93,15,95,77,97,98,99,100,101,179,103,104,105,106,52,108,109,110,111,112,113,125,115,116,117,118,0,120,121,122,174,69,114,126,72,128,137,130,178,132,19,134,135,136,129,138,139,183,131,142,143,194,145,146,147,148,149,10,151,152,119,154,155,102,157,158,159,160,163,89,161,164,165,166,81,168,169,170,171,172,12,123,175,176,177,141,156,180,181,182,140,184,185,186,187,188,189,190,191,192,193,144,195,71,197,198,199,];False
8546;9574;18120;[153,1,2,3,4,5,6,62,8,9,150,11,173,49,14,94,16,17,18,133,20,21,22,23,24,25,26,27,28,29,85,31,32,33,34,35,36,37,38,39,40,41,42,43,44,45,46,47,48,13,50,51,107,53,54,55,56,57,58,59,60,61,7,63,64,65,66,67,68,124,70,71,127,73,74,75,76,96,78,79,80,167,82,83,84,30,86,87,88,162,90,91,92,93,15,95,77,97,98,99,100,101,179,103,104,105,106,52,108,109,110,111,112,113,125,115,116,117,118,0,120,121,122,174,69,114,126,72,128,137,130,178,132,19,134,135,136,129,138,139,183,131,142,143,194,145,146,147,148,149,10,151,152,119,154,155,102,157,158,159,160,163,89,161,164,165,166,81,168,169,170,171,172,12,123,175,176,177,141,144,180,181,182,140,184,185,186,187,188,189,190,191,192,193,156,195,196,197,198,199,];False
8558;9555;18113;[153,1,2,3,4,5,6,62,8,9,150,11,173,49,14,94,16,17,18,133,20,21,22,23,24,25,26,27,28,29,164,31,32,33,34,35,36,37,38,39,40,41,42,43,44,45,46,47,48,13,50,51,107,53,54,55,56,57,58,59,60,61,7,63,64,65,66,67,68,124,70,71,127,73,74,75,76,96,78,79,80,167,82,83,84,30,86,87,88,162,90,91,92,93,15,95,77,97,98,99,100,101,179,103,104,105,106,52,108,109,110,111,112,113,125,115,116,117,118,0,120,121,122,174,69,114,126,72,128,137,130,178,132,19,134,135,136,129,138,139,183,131,142,143,194,145,146,147,148,149,10,151,152,119,154,155,102,157,158,159,160,163,89,161,85,165,166,81,168,169,170,171,172,12,123,175,176,177,141,156,180,181,182,140,184,185,186,187,188,189,190,191,192,193,144,195,196,197,198,199,];False
8536;9571;18107;[153,1,2,3,4,5,6,62,8,9,124,11,173,49,14,94,16,17,18,133,20,21,22,23,24,25,26,27,28,29,85,31,32,33,34,35,36,37,38,39,40,41,42,43,44,45,46,47,48,13,50,51,107,53,54,55,56,57,58,59,60,61,7,63,64,65,66,67,68,150,70,71,127,73,74,75,76,96,78,79,80,167,82,83,84,30,86,87,88,162,90,91,92,93,15,95,77,97,98,99,100,101,179,103,104,105,106,52,108,109,110,111,112,113,125,115,116,117,118,0,120,121,122,174,69,114,126,72,128,137,130,178,132,19,134,135,147,129,138,139,183,131,142,143,194,145,146,136,148,149,10,151,152,119,154,155,102,157,158,159,160,163,89,161,164,165,166,81,168,169,170,171,172,12,123,175,176,177,141,156,180,181,182,140,184,185,186,187,188,189,190,191,192,193,144,195,196,197,198,199,];False
8522;9570;18092;[153,1,2,94,4,5,6,62,8,9,124,11,173,49,14,3,16,17,18,133,20,21,22,23,24,25,26,27,28,29,85,31,32,33,34,35,36,37,38,39,40,41,42,43,44,45,46,47,48,13,50,51,107,53,54,55,56,57,58,59,60,61,7,63,64,65,66,67,68,150,70,71,127,73,74,75,76,96,78,79,80,167,82,83,84,30,86,87,88,162,90,91,92,93,15,95,77,97,98,99,100,101,179,103,104,105,106,52,108,109,110,111,112,113,125,115,116,117,118,0,120,121,122,174,69,114,126,72,128,137,130,178,132,19,134,135,136,129,138,139,183,131,142,143,194,145,146,147,148,149,10,151,152,119,154,155,102,157,158,159,160,163,89,161,164,165,166,81,168,169,170,171,172,12,123,175,176,177,141,156,180,181,182,140,184,185,186,187,188,189,190,191,192,193,144,195,196,197,198,199,];False
8449;9630;18079;[153,1,2,3,4,5,6,62,8,9,124,11,173,49,14,94,16,17,18,133,20,21,22,23,24,25,174,27,28,29,85,31,32,33,15,35,36,37,38,39,40,41,42,43,44,45,46,47,130,13,50,51,107,53,54,55,56,57,58,59,60,61,7,63,64,65,66,67,68,150,70,71,127,73,74,75,76,96,78,79,80,167,82,83,84,30,86,87,88,162,90,91,92,93,34,95,77,97,98,99,100,101,179,103,104,105,106,52,108,109,110,111,112,113,125,115,116,117,118,0,120,121,122,26,69,114,126,72,128,137,48,178,132,19,134,135,136,129,138,139,183,131,142,143,194,145,146,147,148,149,10,151,152,119,154,155,102,157,158,159,160,163,89,161,164,165,166,81,168,169,170,171,172,12,123,175,176,177,141,156,180,181,182,140,184,185,186,187,188,189,190,191,192,193,144,195,196,197,198,199,];False
8516;9561;18077;[153,1,2,3,4,5,6,62,8,9,150,11,173,49,14,94,16,17,18,133,20,21,22,23,24,25,26,27,28,29,85,31,32,33,34,35,36,37,38,39,40,41,42,43,44,45,46,47,48,13,50,51,107,53,54,55,56,57,58,59,60,61,7,63,64,65,66,67,68,124,70,71,127,73,74,75,76,96,78,79,80,167,82,83,84,30,86,87,88,162,90,91,92,93,15,95,77,97,98,99,100,101,179,103,104,105,106,52,108,109,110,111,112,113,125,115,116,117,118,0,120,121,122,174,69,114,126,72,128,137,130,178,132,19,134,135,136,129,138,139,183,131,142,143,194,145,146,147,148,149,10,151,152,119,154,155,102,157,158,159,160,163,89,161,164,165,166,81,168,169,170,171,172,12,123,175,176,177,141,156,180,181,182,140,184,185,186,187,188,189,190,191,192,193,144,195,196,197,198,199,];False
8504;9564;18068;[153,1,182,3,4,5,6,62,8,9,124,11,173,49,14,94,16,17,18,133,20,21,22,23,24,25,26,27,28,29,85,31,32,33,34,35,36,37,38,39,40,41,42,43,44,45,46,47,48,13,50,51,107,53,54,55,56,57,58,59,60,61,7,63,64,65,66,67,68,150,70,71,127,73,74,75,76,96,78,79,80,167,82,83,84,30,86,87,88,162,90,91,92,93,15,95,77,97,98,99,100,101,179,103,104,105,106,52,108,109,110,111,112,113,125,115,116,117,118,0,120,121,122,174,69,114,126,72,128,137,130,178,132,19,134,135,136,129,138,139,183,131,142,143,194,145,146,147,148,149,10,151,152,119,154,155,102,157,158,159,160,163,89,161,164,165,166,81,168,169,170,171,172,12,123,175,176,177,141,156,180,181,2,140,184,185,186,187,188,189,190,191,192,193,144,195,196,197,198,199,];False
8536;9529;18065;[153,1,2,3,4,5,6,62,8,9,124,11,173,49,14,94,16,17,18,133,20,21,22,23,24,25,26,27,28,29,85,31,32,33,34,35,36,37,38,39,40,41,42,43,44,45,46,47,48,13,50,154,107,53,54,55,56,57,58,59,60,61,7,63,64,65,66,67,68,150,70,71,127,73,74,75,76,96,78,79,80,167,82,83,84,30,86,87,88,162,90,91,92,93,15,95,77,97,98,99,100,101,179,103,104,105,106,52,108,109,110,111,112,113,125,115,116,117,118,0,120,121,122,174,69,114,126,72,128,137,130,178,132,19,134,135,136,129,138,139,183,131,142,143,194,145,146,147,148,149,10,151,152,119,51,155,102,157,158,159,160,163,89,161,164,165,166,81,168,169,170,171,172,12,123,175,176,177,141,156,180,181,182,140,184,185,186,187,188,189,190,191,192,193,144,195,196,197,198,199,];False
8506;9552;18058;[153,1,2,3,4,5,6,62,8,9,124,11,173,49,14,94,16,17,18,133,20,21,22,23,24,25,26,27,28,29,85,31,32,33,34,35,36,37,38,39,40,41,42,43,44,45,46,47,48,13,50,51,107,53,54,55,56,57,58,59,60,61,7,63,64,65,66,67,68,150,70,71,127,73,74,75,76,96,78,79,80,167,82,163,84,30,86,87,88,162,90,91,92,93,15,95,77,97,98,99,100,101,179,103,104,105,106,52,108,109,110,111,112,113,125,115,116,117,118,0,120,121,122,174,69,114,126,72,128,137,130,178,132,19,134,135,136,129,138,139,183,131,142,143,194,145,146,147,148,149,10,151,152,119,154,155,102,157,158,159,160,83,89,161,164,165,166,81,168,169,170,171,172,12,123,175,176,177,141,156,180,181,182,140,184,185,186,187,188,189,190,191,192,193,144,195,196,197,198,199,];False
8519;9516;18035;[153,1,2,3,4,5,6,62,8,9,124,11,173,49,14,94,16,17,18,133,20,21,22,23,24,25,26,27,28,29,85,31,178,33,34,35,36,37,38,39,40,41,42,43,44,45,46,47,48,13,50,51,107,53,54,55,56,57,58,59,60,61,7,63,64,65,66,67,68,150,70,71,127,73,74,75,76,96,78,79,80,167,82,83,84,30,86,87,88,162,90,91,92,93,15,95,77,97,98,99,100,101,179,103,104,105,106,52,108,109,110,111,112,113,125,115,116,117,118,0,120,121,122,174,69,114,126,72,128,137,130,32,132,19,134,135,136,129,138,139,183,131,142,143,194,145,146,147,148,149,10,151,152,119,154,155,102,157,158,159,160,163,89,161,164,165,166,81,168,169,170,171,172,12,123,175,176,177,141,156,180,181,182,140,184,185,186,187,188,189,190,191,192,193,144,195,196,197,198,199,];False
8454;9581;18035;[153,1,2,3,4,5,6,62,8,9,124,11,173,49,14,94,16,17,18,133,20,21,22,23,24,25,26,27,28,29,85,31,32,33,34,35,36,37,38,39,40,41,42,43,44,45,46,47,48,13,50,51,107,53,54,55,56,57,58,59,60,61,7,63,64,65,66,67,68,150,70,71,127,73,74,75,76,96,78,79,80,167,82,83,84,30,86,87,88,162,90,91,92,93,15,95,77,97,98,99,100,101,179,103,104,105,106,52,108,109,110,111,112,113,125,115,116,117,118,0,120,121,122,174,69,114,126,72,128,137,130,178,132,19,134,135,136,129,138,139,183,131,142,143,194,145,146,147,148,149,10,151,152,119,154,155,102,157,158,159,160,163,89,161,164,165,166,81,168,170,169,171,172,12,123,175,176,177,141,156,180,181,182,140,184,185,186,187,188,189,190,191,192,193,144,195,196,197,198,199,];False
8477;9544;18021;[153,1,2,3,4,5,6,62,8,9,124,11,173,49,116,94,16,17,18,133,20,21,22,23,24,25,26,27,28,29,85,31,32,33,34,35,36,37,38,39,40,41,42,43,44,45,46,47,48,13,50,51,107,53,54,55,56,57,58,59,60,61,7,63,64,65,66,67,68,150,70,71,127,73,74,75,76,96,78,79,80,167,82,83,84,30,86,87,88,162,90,91,92,93,15,95,77,97,98,99,100,101,179,103,104,105,106,52,108,109,110,111,112,113,125,115,14,117,118,0,120,121,122,174,69,114,126,72,128,137,130,178,132,19,134,135,136,129,138,139,183,131,142,143,194,145,146,147,148,149,10,151,152,119,154,155,102,157,158,159,160,163,89,161,164,165,166,81,168,169,170,171,172,12,123,175,176,177,141,156,180,181,182,140,184,185,186,187,188,189,190,191,192,193,144,195,196,197,198,199,];False
8445;9560;18005;[153,1,2,3,4,5,6,62,8,9,124,11,173,49,14,94,16,17,18,133,20,21,22,23,24,25,26,27,28,29,85,31,32,33,34,35,36,37,38,39,40,41,42,43,44,45,46,47,48,13,50,51,107,53,54,55,56,57,58,59,60,61,7,63,64,65,66,67,68,150,70,71,127,73,74,75,76,96,78,79,80,167,82,83,84,30,86,87,88,162,90,91,92,93,15,95,77,97,98,99,100,101,179,103,104,105,106,52,108,109,110,111,112,113,125,115,116,117,118,0,120,121,122,174,69,114,126,72,128,137,130,178,132,19,134,135,136,129,138,139,183,131,142,143,194,145,146,147,148,149,10,151,152,119,154,155,102,157,158,159,160,163,89,161,164,165,166,81,168,169,170,171,172,12,123,175,176,177,141,156,180,181,182,140,184,185,186,187,188,189,190,191,192,193,144,195,196,197,198,199,];False
8413;9510;17923;[153,1,2,3,4,5,6,62,8,9,124,11,173,49,14,94,16,17,18,133,20,21,22,23,24,25,174,27,28,29,85,31,32,33,34,35,36,37,38,39,40,41,42,43,44,45,46,47,48,13,50,51,107,53,54,55,56,57,58,59,60,61,7,63,64,65,66,67,68,150,70,71,127,73,74,75,76,96,78,79,80,167,82,83,84,30,86,87,88,162,90,91,92,93,15,95,77,97,98,99,100,101,179,103,104,105,106,52,108,109,110,111,112,113,125,115,116,117,118,0,120,121,122,26,69,114,126,72,152,137,130,178,132,19,134,135,136,129,138,139,183,131,142,143,194,145,146,147,148,149,10,151,128,119,154,155,102,157,158,159,160,163,89,161,164,165,166,81,168,169,170,171,172,12,123,175,176,177,141,156,180,181,182,140,184,185,186,187,188,189,190,191,192,193,144,195,196,197,198,199,];False
8255;9632;17887;[153,1,2,3,4,5,6,62,8,9,124,11,173,49,14,94,16,17,18,133,20,21,22,23,24,25,174,27,28,29,85,31,32,33,15,35,36,37,38,39,40,41,42,43,44,45,46,47,48,13,50,51,107,53,54,55,56,57,58,59,60,61,7,63,64,65,66,67,68,150,70,71,127,73,81,75,76,96,78,79,80,167,82,83,84,30,86,87,88,162,90,91,92,93,34,95,77,97,98,99,100,101,179,103,104,105,106,52,108,109,110,111,112,113,125,115,116,117,118,0,120,121,122,26,69,114,126,72,128,137,130,178,132,19,134,135,136,129,138,139,183,131,142,143,194,145,146,147,148,149,10,151,152,119,154,155,102,157,158,159,160,163,89,161,164,165,166,74,168,169,170,171,172,12,123,175,176,177,141,156,180,181,182,140,184,185,186,187,188,189,190,191,192,193,144,195,196,197,198,199,];False
8273;9603;17876;[153,1,2,3,4,5,6,62,8,9,124,11,173,49,14,94,16,17,18,133,20,21,22,23,24,25,174,27,28,167,85,31,32,33,15,35,36,37,38,39,40,41,42,43,44,45,46,47,48,13,50,51,107,53,54,55,56,57,58,59,60,61,7,63,64,65,66,67,68,150,70,71,127,73,74,75,76,96,78,79,80,29,82,83,84,30,86,87,88,162,90,91,92,93,34,95,77,97,98,99,100,101,179,103,104,105,106,52,108,109,110,111,112,113,125,115,116,117,118,0,120,121,122,26,69,114,126,72,128,137,130,178,132,19,134,135,136,129,138,139,183,131,142,143,194,145,146,147,148,149,10,151,152,119,154,155,102,157,158,159,160,163,89,161,164,165,166,81,168,169,170,171,172,12,123,175,176,177,141,156,180,181,182,140,184,185,186,187,188,189,190,191,192,193,144,195,196,197,198,199,];False
8259;9611;17870;[153,1,2,3,4,5,6,62,8,9,124,11,173,49,14,94,16,17,18,133,21,20,22,23,24,25,174,27,28,29,85,31,32,33,15,35,36,37,38,39,40,41,42,43,44,45,46,47,48,13,50,51,107,53,54,55,56,57,58,59,60,61,187,63,64,65,66,67,68,150,70,71,127,73,74,75,76,96,78,79,80,83,82,167,84,30,86,87,88,162,90,91,92,93,34,95,77,97,98,99,100,101,179,103,104,105,106,52,108,109,110,111,112,113,125,115,116,117,118,0,120,121,122,26,69,114,126,72,128,137,130,178,132,19,134,135,136,129,138,139,183,131,142,143,194,145,146,147,148,149,10,151,152,119,154,155,102,157,158,159,160,163,89,161,164,165,166,81,168,169,170,171,172,12,123,175,176,177,141,156,180,181,182,140,184,185,186,7,188,189,190,191,192,193,144,195,196,197,198,199,];False
8287;9582;17869;[153,1,2,3,4,5,6,62,8,178,124,11,173,49,14,94,16,17,18,133,21,20,22,23,24,25,174,27,28,29,85,31,32,33,15,35,36,37,38,39,40,41,42,43,44,45,46,47,48,13,50,51,107,53,54,55,56,57,58,59,60,61,7,63,64,65,66,67,68,150,70,71,127,73,74,75,76,96,78,79,80,167,82,83,84,30,86,87,88,162,90,91,92,93,34,95,77,97,98,99,100,101,179,103,104,105,106,52,108,109,110,111,112,113,125,115,116,117,118,0,120,121,122,26,69,114,126,72,128,137,130,9,132,19,134,135,136,129,138,139,183,131,142,143,194,145,146,147,148,149,10,151,152,119,154,155,102,157,158,159,160,163,89,161,164,165,166,81,168,169,170,171,172,12,123,175,176,177,141,156,180,181,182,140,184,185,186,187,188,189,190,191,192,193,144,195,196,197,198,199,];False
8337;9532;17869;[153,1,2,3,4,5,6,62,8,9,124,149,173,49,14,94,16,17,18,133,20,21,22,23,24,25,174,27,28,29,85,31,32,33,34,35,36,37,38,39,40,41,42,43,44,45,46,47,48,13,50,51,107,53,54,55,56,57,58,59,60,61,7,63,64,65,66,67,68,150,70,71,127,73,74,75,76,96,78,79,80,167,82,83,84,30,86,87,88,162,90,91,92,93,15,95,77,97,98,99,100,101,179,103,104,105,106,52,108,109,110,111,112,113,125,115,116,117,118,0,120,121,122,26,69,114,126,72,128,137,130,178,132,19,134,135,136,129,138,139,183,131,142,143,194,145,146,147,148,11,10,151,152,119,154,155,102,157,158,159,160,163,89,161,164,165,166,81,168,169,170,171,172,12,123,175,176,177,141,156,180,181,182,140,184,185,186,187,188,189,190,191,192,193,144,195,196,197,198,199,];False
8258;9602;17860;[153,1,2,3,4,5,6,62,8,9,124,11,173,49,14,94,16,17,18,133,21,20,22,23,24,25,174,27,28,29,85,31,32,33,15,35,36,37,38,39,40,41,42,43,44,45,46,47,48,13,50,51,107,53,54,55,56,57,58,59,60,61,7,63,64,65,66,67,68,150,70,71,127,73,74,75,76,96,78,79,80,167,82,83,84,30,86,87,88,162,90,91,92,93,34,95,77,97,98,99,100,101,179,103,104,105,106,52,108,109,110,111,112,113,125,115,116,117,118,0,120,121,122,26,69,114,126,72,128,137,130,178,132,19,134,135,136,164,138,139,183,131,142,143,194,145,146,147,148,149,10,151,152,119,154,155,102,157,158,159,160,163,89,161,129,165,166,81,168,169,170,171,172,12,123,175,176,177,141,156,180,181,182,140,184,185,186,187,188,189,190,191,192,193,144,195,196,197,198,199,];False
8283;9553;17836;[153,1,2,3,4,5,6,62,8,9,124,11,173,49,14,94,16,17,18,133,20,21,22,23,24,25,174,27,28,29,85,31,32,33,34,35,36,37,38,39,40,41,42,43,44,45,46,47,48,13,50,51,107,53,54,55,56,57,58,59,60,61,7,63,64,65,66,67,68,150,70,71,127,73,74,75,76,96,78,79,80,167,82,83,84,30,86,87,88,162,90,91,92,93,15,95,77,97,98,99,100,101,179,103,104,105,106,52,108,109,110,111,112,113,125,115,116,117,118,0,120,121,122,26,69,114,126,72,128,137,130,178,132,177,134,135,136,129,138,139,183,131,142,143,194,145,146,147,148,149,10,151,152,119,154,155,102,157,158,159,160,163,89,161,164,165,166,81,168,169,170,171,172,12,123,175,176,19,141,156,180,181,182,140,184,185,186,187,188,189,190,191,192,193,144,195,196,197,198,199,];False
8233;9602;17835;[153,1,2,176,4,5,6,62,8,9,124,11,173,49,14,94,16,17,18,133,21,20,22,23,24,25,174,27,28,29,85,31,32,33,15,35,36,37,38,39,40,41,42,43,44,45,46,47,48,13,50,51,107,53,54,55,56,57,58,59,60,61,187,63,64,65,66,67,68,150,70,71,127,73,74,75,76,96,78,79,80,167,82,83,84,30,86,87,88,162,90,91,92,93,34,95,77,97,98,99,100,101,179,103,104,105,106,52,108,109,110,111,112,113,125,115,116,117,118,0,120,121,122,26,69,114,126,72,128,137,130,178,132,19,134,135,136,129,138,139,183,131,142,143,194,145,146,147,148,149,10,151,152,119,154,155,102,157,158,159,160,163,89,161,164,165,166,81,168,169,170,171,172,12,123,175,3,177,141,156,180,181,182,140,184,185,186,7,188,189,190,191,192,193,144,195,196,197,198,199,];False
8230;9596;17826;[153,1,2,3,4,5,6,62,8,9,124,11,173,49,14,94,16,17,18,133,21,20,22,23,24,25,174,27,28,29,85,31,32,33,15,35,36,37,38,39,40,41,42,43,44,45,46,47,48,13,50,51,107,53,54,55,56,57,58,59,60,61,7,63,64,65,66,67,68,150,70,71,127,73,74,75,76,96,78,79,80,167,82,83,84,30,86,87,88,162,90,91,92,93,34,95,77,97,98,99,100,101,179,103,104,105,106,52,108,109,110,111,112,113,125,115,116,117,118,158,120,121,122,26,69,114,126,72,128,137,130,178,132,19,134,135,136,129,138,139,183,131,142,143,194,145,146,147,148,149,10,151,152,119,154,155,102,157,0,159,160,163,89,161,164,165,166,81,168,169,170,171,172,12,123,175,176,177,141,156,180,181,182,140,184,185,186,187,188,189,190,191,192,193,144,195,196,197,198,199,];False
8268;9556;17824;[153,1,2,3,4,5,6,62,8,9,124,11,173,49,14,94,16,17,18,133,20,21,22,23,24,25,174,27,28,29,85,31,32,33,34,35,36,37,38,39,40,41,42,43,44,45,46,47,48,13,50,51,107,53,54,55,56,57,58,59,60,61,7,63,64,65,66,67,68,150,70,71,127,73,74,75,76,96,78,79,80,167,82,83,84,30,86,87,88,162,90,91,92,93,15,95,77,97,98,99,100,101,179,103,104,105,106,52,108,109,110,111,112,113,125,115,116,117,118,0,120,121,122,26,69,114,126,72,128,137,130,178,132,19,134,135,136,129,138,139,183,131,142,143,194,145,146,147,148,149,10,151,152,119,154,155,102,157,158,159,160,163,89,161,164,165,166,81,168,169,170,171,172,12,123,175,176,177,141,156,180,181,182,140,184,185,186,187,188,189,190,191,192,193,144,195,196,197,198,199,];False
8170;9600;17770;[153,1,2,3,4,5,6,62,8,9,124,11,173,49,14,94,16,17,18,133,21,20,22,23,24,25,174,27,28,29,85,31,32,33,15,35,36,37,38,39,40,41,42,43,89,45,46,47,48,13,50,51,107,53,54,55,56,57,58,59,60,61,187,63,64,65,66,67,68,150,70,71,127,73,74,75,76,96,78,79,80,167,82,83,84,30,86,87,88,162,90,91,92,93,34,95,77,97,98,99,100,101,179,103,104,105,106,52,108,109,110,111,112,113,125,115,116,117,118,0,120,121,122,26,69,114,126,72,128,137,130,178,132,19,134,135,136,129,138,139,183,131,142,143,194,145,146,147,148,149,10,151,152,119,154,155,102,157,158,159,160,163,44,161,164,165,166,81,168,169,170,171,172,12,123,175,176,177,141,156,180,181,182,140,184,185,186,7,188,189,190,191,192,193,144,195,196,197,198,199,];False
8225;9539;17764;[153,1,2,3,4,5,6,62,8,9,124,11,173,49,14,94,16,17,63,133,21,20,22,23,24,25,174,27,28,29,85,31,32,33,15,35,36,37,38,39,40,41,42,43,44,45,46,47,48,13,50,51,107,53,54,55,56,57,58,59,60,61,187,18,64,65,66,67,68,150,70,71,127,73,74,75,76,96,78,79,80,167,82,83,84,30,86,87,88,162,90,91,92,93,34,95,77,97,98,99,100,101,179,103,104,105,106,52,108,109,110,111,112,113,125,115,116,117,118,0,120,121,122,26,69,114,126,72,128,137,130,178,132,19,134,135,136,129,138,139,183,131,142,143,194,145,146,147,148,149,10,151,152,119,154,155,102,157,158,159,160,163,89,161,164,165,166,81,168,169,170,171,172,12,123,175,176,177,141,156,180,181,182,140,184,185,186,7,188,189,190,191,192,193,144,195,196,197,198,199,];False
8171;9584;17755;[153,1,2,3,4,5,6,62,8,9,124,11,173,49,14,94,16,17,109,133,20,21,22,23,24,25,174,27,28,29,85,31,32,33,15,35,36,37,38,39,40,41,42,43,44,45,46,47,48,13,50,51,107,53,54,55,56,57,58,59,60,61,7,63,64,65,66,67,68,150,70,71,127,73,74,75,76,96,78,79,80,167,82,83,84,30,86,87,88,162,90,91,92,93,34,95,77,97,98,99,100,101,179,103,104,105,106,52,108,18,110,111,112,113,125,115,116,117,118,0,120,121,122,26,69,114,126,72,128,137,130,178,132,19,134,135,136,129,138,139,183,131,142,143,194,145,146,147,148,149,10,151,152,119,154,155,102,157,158,159,160,163,89,161,164,165,166,81,168,169,170,171,172,12,123,175,176,177,141,156,180,181,182,140,184,185,186,187,188,189,190,191,192,193,144,195,196,197,198,199,];False
8169;9585;17754;[153,1,2,3,4,5,6,62,8,9,124,11,173,49,14,94,16,17,18,133,21,20,22,23,24,25,174,27,28,29,85,31,32,33,15,35,36,37,38,39,40,41,42,43,44,45,46,47,48,13,50,51,107,53,54,55,56,57,58,97,60,61,7,63,64,65,66,67,68,150,70,71,127,73,74,75,76,96,78,79,80,167,82,83,84,30,86,87,88,162,90,91,92,93,34,95,77,59,98,99,100,101,179,103,104,105,106,52,108,109,110,111,112,113,125,115,116,117,118,0,120,121,122,26,69,114,126,72,128,137,130,178,132,19,134,135,136,129,138,139,183,131,142,143,194,145,146,147,148,149,10,151,152,119,154,155,102,157,158,159,160,163,89,161,164,165,166,81,168,169,170,171,172,12,123,175,176,177,141,156,180,181,182,140,184,185,186,187,188,189,190,191,192,193,144,195,196,197,198,199,];False
8120;9632;17752;[153,1,2,3,4,5,6,62,8,9,124,11,173,49,14,94,16,17,18,133,21,20,22,23,24,25,174,27,28,29,85,31,32,33,15,35,36,37,38,39,40,41,42,43,44,45,46,47,48,13,50,51,107,53,54,55,56,57,161,59,60,61,187,63,64,65,66,67,68,150,70,71,127,73,74,75,76,96,78,79,80,167,82,83,84,30,86,87,88,162,90,91,92,93,34,95,77,97,98,99,100,101,179,103,104,105,106,52,108,109,110,111,112,113,125,115,116,117,118,0,120,121,122,26,69,114,126,72,128,137,130,178,132,19,134,135,136,129,138,139,183,131,142,143,194,145,146,147,148,149,10,151,152,119,154,155,102,157,158,159,160,163,89,58,164,165,166,81,168,169,170,171,172,12,123,175,176,177,141,156,180,181,182,140,184,185,186,7,188,189,190,191,192,193,144,195,196,197,198,199,];False
8148;9597;17745;[153,1,2,3,4,5,6,62,8,9,124,11,173,49,14,94,16,17,18,133,20,21,22,23,24,25,174,27,28,29,85,31,32,33,15,35,36,37,38,39,40,41,42,43,44,45,46,47,48,13,50,51,107,53,54,55,56,57,58,59,60,61,7,63,64,65,66,67,68,150,70,71,127,73,74,75,76,96,78,79,80,167,82,83,84,30,86,87,88,162,90,91,92,93,34,95,77,97,98,99,100,101,179,103,104,105,106,52,108,109,110,111,112,113,125,115,116,117,118,0,120,121,122,26,69,114,126,72,128,137,130,178,132,19,134,135,136,129,138,139,183,131,142,143,194,145,146,147,148,149,10,151,152,119,154,155,102,157,158,159,160,163,89,161,164,165,166,81,168,169,170,171,172,12,123,175,176,177,141,156,180,181,182,140,184,185,186,187,188,189,190,191,192,193,144,195,196,197,198,199,];False
8121;9612;17733;[153,1,2,3,4,5,6,62,8,9,124,11,173,49,14,94,16,17,18,133,21,20,22,23,24,25,174,27,28,29,85,31,32,33,15,35,36,37,38,39,40,41,42,43,44,45,46,47,48,13,50,51,107,53,54,55,56,57,58,59,60,61,187,63,64,65,66,67,68,150,70,71,127,73,74,75,76,96,78,79,80,167,82,83,84,30,86,87,88,162,90,91,92,93,34,95,77,97,98,99,100,101,179,103,104,105,106,52,108,109,110,111,112,113,125,115,116,117,118,0,120,121,122,26,69,114,126,72,128,137,130,178,132,19,134,135,136,129,138,139,183,181,142,143,194,145,146,147,148,149,10,151,152,119,154,155,102,157,158,159,160,163,89,161,164,165,166,81,168,169,170,171,172,12,123,175,176,177,141,156,180,131,182,140,184,185,186,7,188,189,190,191,192,193,144,195,196,197,198,199,];False
8134;9595;17729;[153,1,2,3,4,5,6,62,8,9,124,11,173,49,14,94,16,17,18,133,21,20,22,23,24,25,174,27,28,29,85,31,32,33,15,35,36,37,38,39,40,41,42,43,44,45,46,47,48,13,50,51,107,53,54,55,56,57,58,59,60,61,7,63,64,65,66,67,68,150,70,71,127,73,74,75,76,96,78,79,80,167,82,83,84,30,86,87,88,162,90,91,92,93,34,95,77,97,98,99,100,101,179,103,104,105,106,52,108,109,110,111,112,113,125,115,116,117,118,0,120,121,122,26,69,114,126,72,128,137,130,178,132,19,134,135,136,129,138,139,183,131,142,143,194,145,146,147,148,149,10,151,152,119,154,155,102,157,158,159,160,163,89,161,164,165,166,81,168,169,170,171,172,12,123,175,176,177,141,156,180,181,182,140,184,185,186,187,188,189,190,191,192,193,144,195,196,197,198,199,];False
8158;9564;17722;[153,1,2,3,4,5,6,62,8,9,124,11,173,49,14,94,16,17,18,133,21,20,22,23,64,25,174,27,28,29,85,31,32,33,15,35,36,37,38,39,40,41,42,43,44,45,46,47,48,13,50,51,107,53,54,55,56,57,58,59,60,61,187,63,24,65,66,67,68,150,70,71,127,73,74,75,76,96,78,79,80,167,82,83,84,30,86,87,88,162,90,91,92,93,34,95,77,97,98,99,100,101,179,103,104,105,106,52,108,109,110,111,112,113,125,115,116,117,118,0,120,121,122,26,69,114,126,72,128,137,130,178,132,19,134,135,136,129,138,139,183,131,142,143,194,145,146,147,148,149,10,151,152,119,154,155,102,157,158,159,160,163,89,161,164,165,166,81,168,169,170,171,172,12,123,175,176,177,141,156,180,181,182,140,184,185,186,7,188,189,190,191,192,193,144,195,196,197,198,199,];False
8094;9615;17709;[153,1,2,3,4,5,6,62,8,9,124,11,173,49,14,84,16,17,18,133,21,20,22,23,24,25,174,27,28,29,85,31,32,33,15,35,36,37,38,39,40,41,42,43,44,45,46,47,48,13,50,51,107,53,54,55,56,57,58,59,60,61,187,63,64,65,66,67,68,150,70,71,127,73,74,75,76,96,78,79,80,167,82,83,94,30,86,87,88,162,90,91,92,93,34,95,77,97,98,99,100,101,179,103,104,105,106,52,108,109,110,111,112,113,125,115,116,117,118,0,120,121,122,26,69,114,126,72,128,137,130,178,132,19,134,135,136,129,138,139,183,131,142,143,194,145,146,147,148,149,10,151,152,119,154,155,102,157,158,159,160,163,89,161,164,165,166,81,168,169,170,171,172,12,123,175,176,177,141,156,180,181,182,140,184,185,186,7,188,189,190,191,192,193,144,195,196,197,198,199,];False
8098;9596;17694;[153,1,2,3,4,5,6,62,8,9,124,11,173,49,14,94,16,17,18,133,21,20,22,23,24,25,174,27,28,29,85,31,32,33,15,35,36,37,38,39,40,41,42,43,44,45,46,47,48,13,50,51,107,53,54,55,56,57,58,59,60,61,187,63,64,65,66,67,68,150,70,71,127,73,74,75,76,96,78,79,80,167,82,83,84,30,86,87,88,162,90,91,92,93,34,95,77,97,98,99,100,101,179,103,104,105,106,52,108,109,110,111,112,113,125,115,116,117,118,0,120,121,122,26,69,114,126,72,128,137,130,178,132,19,134,135,136,129,138,139,183,131,142,143,194,145,146,147,148,149,10,151,152,119,154,155,102,157,158,159,160,163,89,161,164,165,166,81,168,169,170,171,172,12,123,175,176,177,141,156,180,181,182,140,184,185,186,7,188,189,190,191,192,193,144,195,196,197,198,199,];False
8087;9602;17689;[153,1,2,3,4,5,6,62,8,9,124,11,173,49,14,94,16,17,18,133,21,20,22,23,24,25,174,27,28,29,85,31,32,33,15,35,36,37,38,39,40,41,42,43,44,45,46,47,48,13,50,51,107,53,54,55,56,57,58,59,60,61,187,63,64,65,66,67,68,150,70,71,127,73,74,75,76,96,78,79,80,167,82,83,84,30,86,87,88,162,90,91,92,93,34,95,77,97,98,99,100,101,179,103,104,105,106,52,108,109,110,111,112,113,125,115,116,117,118,0,120,121,122,26,191,114,126,72,128,137,130,178,132,19,134,135,136,129,138,139,183,131,142,143,194,145,146,147,148,149,10,151,152,119,154,155,102,157,158,159,160,163,89,161,164,165,166,81,168,169,170,171,172,12,123,175,176,177,141,156,180,181,182,140,184,185,186,7,188,189,190,69,192,193,144,195,196,197,198,199,];False
8082;9593;17675;[153,1,2,3,4,5,6,62,8,9,124,11,173,49,14,94,16,17,18,133,21,20,22,23,24,25,174,27,28,29,85,31,32,33,15,35,36,66,38,39,40,41,42,43,44,45,46,47,48,13,50,51,107,53,54,55,56,57,58,59,60,61,187,63,64,65,37,67,68,150,70,71,127,73,74,75,76,96,78,79,80,167,82,83,84,30,86,87,88,162,90,91,92,93,34,95,77,97,98,99,100,101,179,103,104,105,106,52,108,109,110,111,112,113,125,115,116,117,118,0,120,121,122,26,191,114,126,72,128,137,130,178,132,19,134,135,136,129,138,139,183,131,142,143,194,145,146,147,148,149,10,151,152,119,154,155,102,157,158,159,160,163,89,161,164,165,166,81,168,169,170,171,172,12,123,175,176,177,141,156,180,181,182,140,184,185,186,7,188,189,190,69,192,193,144,195,196,197,198,199,];False
8009;9618;17627;[153,139,2,3,4,5,6,62,8,9,124,11,173,49,14,94,16,17,18,133,21,20,22,23,24,25,174,27,28,90,85,31,32,33,15,35,36,66,38,39,40,41,42,43,44,45,46,47,48,13,50,51,107,53,54,55,56,57,89,59,60,61,187,63,64,65,37,67,68,150,70,71,127,73,74,75,76,96,78,79,80,167,82,83,84,30,86,87,88,162,29,91,92,93,34,95,77,97,98,99,100,101,179,103,104,183,106,52,108,109,110,111,112,113,125,115,116,117,118,0,120,121,122,26,191,114,126,72,128,137,130,178,132,19,134,135,136,129,138,1,105,131,142,143,194,145,146,147,148,149,10,151,152,119,154,155,102,157,158,159,160,163,58,161,164,165,166,81,168,169,170,171,172,12,123,175,176,177,141,156,180,181,182,140,184,185,186,7,188,189,190,69,192,193,144,195,196,197,198,199,];False
8052;9575;17627;[153,1,2,3,4,5,6,62,8,9,124,11,173,49,14,94,16,17,18,133,21,20,22,23,24,25,174,27,28,29,85,31,32,33,15,35,36,66,38,39,40,41,42,43,44,45,46,47,48,13,50,51,107,53,54,55,56,57,58,59,60,61,187,63,64,65,37,67,68,150,70,71,127,73,74,75,76,96,78,79,80,167,82,83,84,30,86,87,88,162,90,91,92,93,34,95,77,97,98,99,100,101,179,103,104,183,106,52,108,109,110,111,112,113,125,115,116,117,118,0,120,121,122,26,191,114,126,72,128,137,130,178,132,19,134,135,136,129,138,139,105,131,142,143,194,145,146,147,148,149,10,151,152,119,154,155,102,157,158,159,160,163,89,161,164,165,166,81,168,169,170,171,172,12,190,175,176,177,141,156,180,181,182,140,184,185,186,7,188,189,123,69,192,193,144,195,196,197,198,199,];False
8027;9579;17606;[153,1,2,3,4,5,6,62,8,9,124,11,173,49,14,94,16,17,18,133,21,20,22,23,24,25,174,27,28,29,85,31,32,33,15,35,36,66,38,39,40,41,42,43,44,45,46,47,48,13,50,51,107,53,54,55,56,57,58,59,60,61,187,63,64,65,37,67,68,150,70,71,127,73,74,75,76,96,78,79,80,167,82,83,84,30,86,87,88,162,90,91,92,93,34,95,77,97,98,99,100,101,179,103,104,183,106,52,108,109,110,111,112,113,125,115,116,117,118,0,120,121,122,26,191,114,126,72,128,137,130,178,132,19,134,135,136,129,138,139,105,131,142,143,194,145,146,147,148,149,10,151,152,119,154,155,102,157,158,159,160,163,89,161,164,165,166,81,168,169,170,171,172,12,123,175,176,177,141,156,180,181,182,140,184,185,186,7,188,189,190,69,192,193,144,195,196,197,198,199,];False
7898;9647;17545;[153,139,2,3,4,5,6,62,196,9,124,11,173,49,14,94,16,17,18,133,21,20,22,23,24,25,174,27,28,90,85,31,32,33,15,35,36,66,38,39,40,41,42,119,44,45,46,47,48,13,50,51,107,53,54,55,56,57,58,59,60,61,187,140,64,65,37,67,68,150,70,71,127,73,74,75,76,96,78,79,80,167,82,83,84,30,86,87,88,162,29,91,92,93,34,95,77,97,98,99,100,101,179,103,104,183,106,52,108,109,110,111,112,113,125,115,116,117,118,0,120,121,122,26,191,114,126,72,128,137,130,178,132,19,134,135,136,129,138,1,105,131,142,143,194,145,146,147,148,149,10,151,152,43,154,155,102,157,158,159,160,163,89,161,164,165,166,81,168,169,170,171,172,12,123,175,176,177,141,156,180,181,182,63,184,69,186,7,188,189,190,185,192,193,144,195,8,197,198,199,];False
7918;9621;17539;[153,139,2,3,4,5,6,62,196,9,124,11,173,49,14,94,16,17,18,133,21,20,22,23,24,25,174,27,28,90,85,31,32,33,15,35,36,66,38,39,40,41,42,119,44,45,46,47,48,13,50,51,107,72,54,55,56,57,58,59,60,61,187,63,64,65,37,67,68,150,70,71,127,73,74,75,76,96,78,79,80,167,82,83,84,30,86,87,88,162,29,91,92,93,34,95,77,97,98,99,100,101,179,103,104,183,106,52,108,109,110,111,112,113,125,115,116,117,118,0,120,121,122,26,191,114,126,53,128,137,130,178,132,19,134,135,136,129,138,1,105,131,142,143,194,145,146,147,148,149,10,151,152,43,154,155,102,157,158,159,160,163,89,161,164,165,166,81,168,169,170,171,172,12,123,175,176,177,141,156,180,181,182,140,184,69,186,7,188,189,190,185,192,193,144,195,8,197,198,199,];False
7924;9595;17519;[153,1,2,3,4,5,6,62,8,9,124,11,173,49,14,94,16,17,18,133,21,20,22,23,24,25,174,27,28,90,85,31,32,33,15,35,36,66,38,39,40,41,42,43,44,45,46,47,48,13,50,51,107,53,54,55,56,57,58,59,60,61,187,63,64,65,37,67,68,150,70,71,127,73,74,75,76,96,78,79,80,167,82,83,84,30,86,87,88,162,29,91,92,93,34,95,77,97,98,99,100,101,179,103,104,183,106,52,108,109,110,111,112,113,125,115,116,117,118,0,120,121,122,26,191,114,126,72,128,137,130,178,132,19,134,135,136,129,138,139,105,131,142,143,194,145,146,147,148,149,10,151,152,119,154,155,102,157,158,159,160,163,89,161,164,165,166,81,168,169,170,171,172,12,123,175,176,177,141,156,180,181,182,140,184,185,186,7,188,189,190,69,192,193,144,195,196,197,198,199,];False
7901;9615;17516;[153,139,2,3,4,5,6,62,8,9,124,11,173,49,14,94,16,17,18,133,21,20,22,23,24,25,174,27,28,90,85,31,32,33,15,35,36,66,38,39,40,41,42,43,44,45,46,47,48,13,50,51,107,53,54,55,56,57,58,59,60,61,187,63,64,65,37,67,68,150,70,71,127,73,74,75,76,96,78,79,80,167,82,83,84,30,86,87,88,162,29,91,92,93,34,95,77,97,98,99,100,101,179,103,104,183,106,52,108,109,110,111,112,113,125,115,116,117,118,0,120,121,122,26,191,114,126,72,128,137,130,178,132,19,134,135,136,129,138,1,105,131,142,143,194,145,146,147,148,149,10,151,152,119,154,155,102,157,158,159,160,163,89,161,164,165,166,81,168,169,170,171,172,12,123,175,176,177,141,156,180,181,182,140,184,185,186,7,188,189,190,69,192,193,144,195,196,197,198,199,];False
7852;9648;17500;[153,125,2,3,4,5,6,62,196,9,124,11,173,49,14,94,16,17,18,133,21,20,22,23,24,25,174,27,28,90,85,31,32,33,15,35,36,66,38,39,40,41,42,119,44,45,46,47,48,13,50,51,107,53,54,55,56,57,58,59,60,61,187,63,64,65,37,67,68,150,70,71,127,73,74,75,76,96,78,79,80,167,82,83,84,30,86,87,88,162,29,91,92,93,34,95,77,97,98,99,100,101,179,103,104,183,106,52,108,109,110,111,112,113,139,115,116,117,118,0,120,121,122,26,191,114,126,72,128,137,130,178,132,19,134,135,136,129,138,1,105,131,142,143,194,145,146,147,148,149,10,151,152,43,154,155,102,157,158,159,160,163,89,161,164,165,166,81,168,169,170,171,172,12,123,175,176,177,141,156,180,181,182,140,184,69,186,7,188,189,190,185,192,193,144,195,8,197,198,199,];False
7838;9661;17499;[153,139,2,3,4,5,6,62,8,9,124,11,173,49,14,94,16,17,18,133,21,20,22,23,24,25,174,27,28,90,85,31,32,33,15,35,36,66,38,39,40,41,42,119,44,45,46,47,48,13,50,51,107,53,54,55,56,57,58,59,60,61,187,63,64,65,37,67,68,150,70,71,127,73,74,75,76,96,78,79,80,167,82,83,84,30,86,87,88,162,29,91,92,93,34,95,77,97,98,99,182,101,179,103,104,183,106,52,108,109,110,111,112,113,125,115,116,117,118,0,120,121,122,26,191,114,126,72,128,137,130,178,132,19,134,135,136,129,138,1,105,131,142,143,194,145,146,147,148,149,10,151,152,43,154,155,102,157,158,159,160,163,89,161,164,165,166,81,168,169,170,171,172,12,123,175,176,177,141,156,180,181,100,140,184,185,186,7,188,189,190,69,192,193,144,195,196,197,198,199,];False
7849;9641;17490;[153,139,2,3,4,5,6,62,196,9,124,11,173,49,14,94,16,17,18,133,21,20,22,23,24,25,174,27,28,90,85,31,32,33,15,35,36,66,38,39,40,41,42,119,44,45,46,47,48,13,50,51,107,53,54,55,56,57,58,59,60,61,187,63,64,65,37,67,68,150,70,71,127,73,74,75,76,96,78,79,80,167,82,83,84,30,86,87,88,162,29,91,92,93,34,95,77,97,98,99,100,101,179,103,104,183,106,52,108,109,110,111,112,113,125,115,116,117,118,0,120,121,122,26,191,114,126,72,128,137,130,178,132,19,134,135,136,129,138,1,105,131,142,143,194,145,146,147,148,149,10,151,152,43,154,155,102,157,158,159,160,188,89,161,164,165,166,81,168,169,170,171,172,12,123,175,176,177,141,156,180,181,182,140,184,69,186,7,163,189,190,185,192,193,144,195,8,197,198,199,];False
7872;9598;17470;[153,139,2,3,4,5,6,62,8,130,124,11,173,49,14,94,16,17,18,133,21,20,22,23,24,25,174,27,28,90,85,31,32,33,15,35,36,66,38,39,40,41,42,119,44,45,46,47,48,13,50,51,107,53,54,55,56,57,58,59,60,61,187,63,64,65,37,67,68,150,70,71,127,73,74,75,76,96,78,79,80,167,82,83,84,30,86,87,88,162,29,91,92,93,34,95,77,97,98,99,100,101,179,103,104,183,106,52,108,109,110,111,112,113,125,115,116,117,118,0,120,121,122,26,191,114,126,72,128,137,9,178,132,19,134,135,136,129,138,1,105,131,142,143,194,145,146,147,148,149,10,151,152,43,154,155,102,157,158,159,160,163,89,161,164,165,166,81,168,169,170,171,172,12,123,175,176,177,141,156,180,181,182,140,184,185,186,7,188,189,190,69,192,193,144,195,196,197,198,199,];False
7828;9629;17457;[153,139,2,3,4,5,6,62,196,9,124,11,173,49,14,94,16,17,18,133,21,20,22,23,24,25,174,27,28,90,85,31,32,33,15,35,36,66,38,39,40,41,42,119,44,45,46,47,48,13,50,51,107,53,54,55,56,57,58,59,60,61,187,63,64,65,37,67,68,150,70,71,127,73,74,75,76,96,78,79,80,167,82,131,84,30,86,87,88,162,29,91,92,93,34,95,77,97,98,99,100,101,179,103,104,183,106,52,108,109,110,111,112,113,125,115,116,117,118,0,120,121,122,26,191,114,126,72,128,137,130,178,132,19,134,135,136,129,138,1,105,83,142,143,194,145,146,147,148,149,10,151,152,43,154,155,102,157,158,159,160,163,89,161,164,165,166,81,168,169,170,171,172,12,123,175,176,177,141,156,180,181,182,140,184,69,186,7,188,189,190,185,192,193,144,195,8,197,198,199,];False
7786;9659;17445;[153,139,2,3,4,5,6,62,196,9,124,11,173,49,14,94,16,17,18,133,21,20,22,23,24,25,174,27,28,90,85,31,32,33,15,35,36,66,38,39,40,41,42,119,44,45,46,47,48,13,50,51,107,53,54,55,56,57,58,59,60,61,114,63,64,65,37,87,68,150,70,71,127,73,74,75,76,96,78,79,80,167,82,83,84,30,86,67,88,162,29,91,92,93,34,95,77,97,98,99,100,101,179,103,104,183,106,52,108,109,110,111,112,113,125,115,116,117,118,0,120,121,122,26,191,187,126,72,128,137,130,178,132,19,134,135,136,129,138,1,105,131,142,143,194,145,146,147,148,149,10,151,152,43,154,155,102,157,158,159,160,163,89,161,164,165,166,81,168,169,170,171,172,12,123,175,176,177,141,156,180,181,182,140,184,69,186,7,188,189,190,185,192,193,144,195,8,197,198,199,];False
7808;9634;17442;[153,139,2,3,4,5,6,62,196,9,124,11,173,49,14,94,16,17,18,133,21,20,22,23,24,25,174,27,28,90,85,31,32,33,15,35,36,66,38,39,40,41,42,119,44,45,120,47,48,13,50,51,107,53,54,55,56,57,58,59,60,61,187,63,64,65,37,67,68,150,70,71,127,73,74,75,76,96,78,79,80,167,82,83,84,30,86,87,88,162,29,91,92,93,34,95,77,97,98,99,100,101,179,103,104,183,106,52,108,109,110,111,112,113,125,115,116,117,118,0,46,121,122,26,191,114,126,72,128,137,130,178,132,19,134,135,136,129,138,1,105,131,142,143,194,145,146,147,148,149,10,151,152,43,154,155,102,157,158,159,160,163,89,161,164,165,166,81,168,169,170,171,172,12,123,175,176,177,141,156,180,181,182,140,184,69,186,7,188,189,190,185,192,193,144,195,8,197,198,199,];False
7772;9663;17435;[153,139,2,3,4,5,6,62,196,9,124,11,173,49,14,94,16,172,18,133,21,20,22,23,24,25,174,27,28,90,85,31,32,33,15,35,36,66,38,39,40,41,42,119,44,45,46,47,48,13,50,51,107,53,54,55,56,57,58,59,60,61,187,63,64,65,37,67,68,150,70,71,127,73,74,75,76,96,78,79,80,167,82,83,84,30,86,87,88,162,29,91,92,93,34,95,77,97,98,99,100,101,179,103,104,183,106,52,108,109,110,111,112,113,125,115,116,117,118,0,120,121,122,26,191,114,126,72,128,137,130,178,132,19,134,135,136,129,138,1,105,131,142,143,194,145,146,147,148,149,10,151,152,43,154,155,102,157,158,159,160,163,89,161,164,165,166,81,168,169,170,171,17,12,123,175,176,177,141,156,180,181,182,140,184,69,186,7,188,189,190,185,192,193,144,195,8,197,198,199,];False
7839;9582;17421;[153,139,2,3,4,5,6,62,8,9,124,11,173,49,14,94,16,17,18,133,21,20,22,23,24,25,174,27,28,90,85,31,32,33,15,35,36,66,38,39,40,41,42,119,44,45,46,47,48,13,50,51,107,53,54,55,56,57,58,59,60,61,187,63,64,65,37,67,68,150,70,71,127,73,74,75,76,96,78,79,80,167,82,83,84,30,86,87,88,162,29,91,92,93,34,95,77,97,98,99,100,101,179,103,104,183,106,52,108,109,110,111,112,113,125,115,116,117,118,0,120,121,122,26,191,114,126,72,128,137,130,178,132,19,134,135,136,129,138,1,105,131,142,143,194,145,146,147,148,149,10,151,152,43,154,155,102,157,158,159,160,163,89,161,164,165,166,81,168,169,170,171,172,12,123,175,176,177,141,156,180,181,182,140,184,185,186,7,188,189,190,69,192,193,144,195,196,197,198,199,];False
7770;9649;17419;[153,139,2,3,4,5,6,62,196,9,124,11,173,49,14,94,16,17,18,133,21,20,22,23,24,25,174,27,28,90,85,31,32,33,15,35,12,66,38,39,40,41,42,119,44,45,46,47,48,13,50,51,107,53,54,55,56,57,58,59,60,61,187,63,64,65,37,87,68,150,70,71,127,73,74,75,76,184,78,79,80,167,82,83,84,30,86,67,88,162,29,91,92,93,34,95,77,97,98,99,100,101,179,103,104,183,106,52,108,109,110,111,112,113,125,115,116,178,118,0,120,121,122,26,191,114,126,72,128,137,130,117,132,19,134,135,136,129,138,1,105,131,142,143,194,145,146,147,148,149,10,151,152,43,154,155,102,157,158,159,160,163,89,161,164,165,166,81,168,169,170,171,172,36,123,175,176,177,141,156,180,181,182,140,96,69,186,7,188,189,190,185,192,193,144,195,8,197,198,199,];False
7732;9684;17416;[153,139,2,3,4,5,6,62,196,9,124,11,173,49,14,94,16,17,179,133,21,20,22,23,24,25,174,27,28,90,85,31,32,33,15,35,36,66,38,39,40,41,42,119,44,45,46,47,48,13,50,51,107,53,54,55,56,57,58,59,60,61,187,63,64,65,37,87,68,150,70,71,127,73,74,75,76,96,78,79,80,167,82,83,84,30,86,67,88,162,29,91,92,93,34,95,77,97,98,99,100,101,18,103,104,183,106,52,108,109,110,111,112,113,125,115,116,117,118,0,120,121,122,26,191,114,126,72,128,137,130,178,132,19,134,135,136,129,138,1,105,131,142,143,194,145,146,147,148,149,10,151,152,43,154,155,102,157,158,159,160,163,89,161,164,165,166,81,168,169,170,171,172,12,123,175,176,177,141,156,180,181,182,140,184,69,186,7,188,189,190,185,192,193,144,195,8,197,198,199,];False
7788;9618;17406;[153,139,2,3,4,5,6,62,196,9,124,11,173,49,14,94,16,17,18,133,21,20,22,23,24,25,174,27,28,90,85,31,32,33,15,35,36,66,38,39,40,41,42,119,44,45,46,47,48,13,50,51,107,53,54,55,56,57,58,59,60,61,187,63,64,65,37,67,68,150,70,71,127,73,74,75,76,96,78,79,80,167,82,83,84,30,86,87,88,162,29,91,92,93,34,95,77,97,98,99,100,101,179,103,104,183,106,52,108,109,110,111,134,113,125,115,116,117,118,0,120,121,122,26,191,114,126,72,128,137,130,178,132,19,112,135,136,129,138,1,105,131,142,143,194,145,146,147,148,149,10,151,152,43,154,155,102,157,158,159,160,163,89,161,164,165,166,81,168,169,170,171,172,12,123,175,176,177,141,156,180,181,182,140,184,69,186,7,188,189,190,185,192,193,144,195,8,197,198,199,];False
7737;9661;17398;[153,139,2,3,4,5,6,62,196,9,124,11,173,49,14,94,16,17,18,133,21,20,22,23,24,25,174,27,28,90,85,31,32,33,15,35,36,66,38,39,40,41,42,119,44,45,46,47,48,13,50,51,107,53,54,55,56,57,58,59,60,61,187,63,64,65,37,87,68,150,70,71,127,73,74,75,76,184,78,79,80,167,82,83,84,30,86,67,88,162,29,91,92,93,34,95,77,97,98,99,100,101,179,103,104,183,106,52,108,109,110,111,112,113,125,115,116,178,118,0,120,121,122,26,191,114,126,182,128,137,130,117,132,19,134,135,136,129,138,1,105,131,142,143,194,145,146,147,148,149,10,151,152,43,154,155,102,157,158,159,160,163,89,161,164,165,166,81,168,169,170,171,172,12,123,175,176,177,141,156,180,181,72,140,96,69,186,7,188,189,190,185,192,193,144,195,8,197,198,199,];False
7738;9660;17398;[153,139,2,3,4,5,6,62,196,9,124,11,173,49,14,94,16,17,18,186,21,20,22,23,24,25,174,27,28,90,85,31,32,33,15,35,36,66,38,39,40,41,42,119,44,45,46,47,48,13,50,51,107,53,54,55,56,57,58,59,60,61,187,63,64,65,37,67,68,150,70,71,127,73,74,75,76,96,78,79,80,167,82,83,84,30,86,87,88,162,29,91,92,93,34,95,77,97,98,99,100,101,179,103,104,183,106,52,108,109,110,111,112,113,125,115,116,117,118,0,120,121,122,26,191,114,126,72,128,137,130,178,132,19,134,135,136,129,138,1,105,131,142,143,194,145,146,147,148,149,10,151,152,43,154,155,102,157,158,159,160,163,89,161,164,165,166,81,168,169,170,171,172,12,123,175,176,177,141,156,180,181,182,140,184,69,133,7,188,189,190,185,192,193,144,195,8,197,198,199,];False
7765;9626;17391;[153,139,2,3,4,5,6,62,196,9,124,11,173,49,14,94,16,17,18,133,21,20,22,23,24,25,174,27,28,90,85,31,32,33,15,35,36,66,38,39,40,41,42,119,44,45,46,47,48,13,50,51,107,53,54,55,56,57,58,59,60,61,187,63,64,65,37,67,68,150,70,71,127,73,74,75,76,96,78,79,80,167,82,83,84,30,86,87,88,162,29,91,92,93,34,95,77,97,98,99,100,101,179,103,104,183,106,52,108,109,110,111,112,113,125,115,116,117,118,0,120,121,122,26,191,114,126,72,128,137,130,178,132,19,134,135,136,129,138,1,105,131,142,143,194,145,146,147,148,149,10,151,152,43,154,155,102,157,158,159,160,163,89,161,164,165,166,81,168,169,170,171,172,12,123,175,176,177,141,156,180,181,182,140,184,185,186,7,188,189,190,69,192,193,144,195,8,197,198,199,];False
7733;9646;17379;[153,139,2,3,4,5,6,62,196,9,124,11,173,49,14,94,16,17,18,133,21,20,22,23,24,25,174,27,28,90,85,31,32,33,15,35,36,66,38,39,40,41,42,119,44,45,46,47,48,13,50,51,107,53,54,55,56,57,58,59,60,61,187,63,64,65,37,67,68,150,70,71,127,73,74,75,76,96,78,79,80,167,82,83,84,30,86,87,88,162,29,91,92,93,34,95,77,97,98,99,100,101,179,103,104,183,106,52,108,109,110,111,112,113,125,115,116,117,118,0,120,121,122,26,191,114,126,72,128,137,130,178,132,19,134,135,136,129,138,1,105,131,142,143,194,145,146,147,148,149,10,151,152,43,154,155,102,157,158,159,160,163,89,161,164,165,166,81,168,169,170,171,172,12,123,175,176,177,141,156,180,181,182,140,184,69,186,7,188,189,190,185,192,193,144,195,8,197,198,199,];False
7651;9714;17365;[153,139,2,3,4,5,6,62,196,9,124,11,173,49,14,94,16,17,18,133,21,20,22,23,24,25,174,27,28,90,85,31,32,33,15,35,36,66,38,39,40,41,42,119,44,45,46,47,48,13,50,51,107,53,54,55,56,57,58,59,60,61,187,63,64,65,37,87,68,150,70,71,127,73,74,75,76,184,78,79,80,167,82,83,84,30,86,67,88,162,29,91,92,93,34,95,77,97,98,99,100,135,179,103,104,183,106,52,108,109,110,111,112,113,125,115,116,178,118,0,120,121,122,26,191,114,126,72,128,137,130,117,132,19,134,101,136,129,138,1,105,131,142,143,194,145,146,147,148,149,10,151,152,43,154,155,102,157,158,159,160,163,89,161,164,165,166,81,168,169,170,171,172,12,123,175,176,177,141,156,180,181,182,140,96,69,186,7,188,189,190,185,192,193,144,195,8,197,198,199,];False
7743;9607;17350;[153,139,2,3,4,5,6,62,196,9,124,11,173,49,14,94,16,17,18,133,21,20,22,23,24,25,174,27,28,90,85,31,32,33,198,35,36,66,38,39,40,41,42,119,44,45,46,47,48,13,50,51,107,53,54,55,56,57,58,59,60,61,187,63,64,65,37,87,68,150,70,71,127,73,74,75,76,96,78,79,80,167,82,83,84,30,86,67,88,162,29,91,92,93,34,95,77,97,98,99,100,101,179,103,104,183,106,52,108,109,110,111,112,113,125,115,116,117,118,0,120,121,122,26,191,114,126,72,128,137,130,178,132,19,134,135,136,129,138,1,105,131,142,143,194,145,146,147,148,149,10,151,152,43,154,155,102,157,158,159,160,163,89,161,164,165,166,81,168,169,170,171,172,12,123,175,176,177,141,156,180,181,182,140,184,69,186,7,188,189,190,185,192,193,144,195,8,197,15,199,];False
7679;9647;17326;[153,139,2,3,4,5,6,62,196,9,124,11,173,49,14,94,16,17,18,133,21,20,22,23,24,25,174,27,28,90,85,31,32,33,15,35,36,66,38,39,40,41,42,119,44,45,46,47,48,13,50,51,107,53,54,55,56,57,58,59,60,61,187,63,64,65,37,87,68,150,70,71,127,73,74,75,76,96,78,79,80,167,82,83,84,30,86,67,88,162,29,91,92,93,34,95,77,97,98,99,100,101,179,103,104,183,106,52,108,109,110,111,112,113,125,115,116,117,118,0,120,121,122,26,191,114,126,72,128,137,130,178,132,19,134,135,136,129,138,1,105,131,142,143,194,145,146,147,148,149,10,151,152,43,154,155,102,157,158,159,160,163,89,161,164,165,166,81,168,169,170,171,172,12,123,175,176,177,141,156,180,181,182,140,184,69,186,7,188,189,190,185,192,193,144,195,8,197,198,199,];False
7627;9630;17257;[153,139,189,3,4,5,6,62,196,9,124,11,173,94,14,49,16,17,18,133,21,20,22,23,24,25,174,27,28,90,85,31,32,33,15,35,36,66,38,39,40,41,42,119,44,45,46,47,48,13,50,51,107,53,54,55,56,57,58,59,60,61,187,63,64,65,37,87,68,150,70,71,127,73,74,75,76,184,78,79,197,167,82,83,84,30,86,67,88,162,29,91,92,93,34,95,77,97,98,99,100,101,179,103,104,183,106,52,108,109,132,111,112,113,125,115,116,178,118,0,120,121,122,26,191,114,126,72,128,137,130,117,110,19,134,135,136,129,138,1,105,131,142,143,194,145,146,147,148,149,10,151,152,43,154,155,102,157,158,159,160,163,89,161,164,165,166,81,168,169,170,171,172,12,123,175,176,177,141,156,180,181,182,140,96,69,186,7,188,2,190,185,192,193,144,195,8,80,198,199,];False
7538;9695;17233;[153,139,2,3,4,5,6,62,196,9,124,11,173,49,14,94,16,17,18,133,21,20,22,23,24,25,174,27,28,90,85,31,32,33,15,35,36,66,38,39,40,41,42,119,44,45,46,47,48,13,50,51,107,53,54,55,56,57,58,59,60,61,187,63,64,65,37,87,68,150,70,71,127,73,74,75,76,184,78,79,80,167,82,83,84,30,86,67,88,162,29,91,92,93,34,95,77,97,98,99,100,101,179,103,104,183,106,52,108,109,110,111,112,113,125,115,116,117,118,0,120,121,122,26,191,114,126,72,128,137,130,178,132,19,134,135,136,129,138,1,105,131,142,143,194,145,146,147,148,149,10,151,152,43,154,155,102,157,158,159,160,163,89,161,164,165,166,81,168,169,170,171,172,12,123,175,176,177,141,156,180,181,182,140,96,69,186,7,188,189,190,185,192,193,144,195,8,197,198,199,];False
7601;9617;17218;[153,139,2,3,4,5,6,62,196,9,124,11,173,94,14,49,16,17,18,133,21,20,56,23,24,25,174,27,28,90,85,31,32,33,15,35,36,66,38,39,40,41,42,119,44,45,46,47,48,13,50,51,107,53,54,55,22,57,58,59,60,61,187,63,64,65,37,87,68,150,70,71,127,73,74,75,76,184,78,79,80,167,82,83,84,30,86,67,88,162,29,91,92,93,34,95,77,97,98,99,100,101,179,103,104,183,106,52,108,109,110,111,112,113,125,115,116,178,118,0,120,121,122,26,191,114,126,72,128,137,130,117,132,19,134,135,136,129,138,1,105,131,142,143,194,145,146,147,148,149,10,151,152,43,154,155,102,157,158,159,160,163,89,161,164,165,166,81,168,169,170,171,172,12,123,175,176,177,141,156,180,181,182,140,96,69,186,7,188,189,190,185,192,193,144,195,8,197,198,199,];False
7604;9606;17210;[153,139,189,3,4,5,6,62,196,9,124,11,173,94,14,49,16,17,18,133,21,20,22,23,24,25,174,27,28,90,85,31,32,33,15,35,36,66,38,39,40,41,42,119,44,45,46,47,48,13,50,51,107,53,54,55,56,57,58,59,60,61,187,63,64,65,37,87,68,150,70,71,127,73,74,75,76,184,78,79,80,167,82,83,84,30,86,67,88,162,29,91,92,93,34,95,77,97,98,99,100,101,179,103,104,183,106,52,108,109,132,111,12,113,125,115,116,178,118,0,120,121,122,26,191,114,126,72,128,137,130,117,110,19,134,135,136,129,138,1,105,131,142,143,194,145,146,147,148,149,10,151,152,43,154,155,102,157,158,159,160,163,89,161,164,165,166,81,168,169,170,171,172,112,123,175,176,177,141,156,180,181,182,140,96,69,186,7,188,2,190,185,192,193,144,195,8,197,198,199,];False
7550;9651;17201;[153,139,2,3,4,5,6,62,196,9,124,11,173,49,14,94,16,17,18,133,21,20,22,23,24,25,174,27,28,90,85,31,32,33,15,35,36,66,38,39,40,41,42,119,44,45,136,47,48,13,50,51,107,53,54,55,56,57,58,59,60,61,187,63,64,65,37,87,68,150,70,71,127,73,74,75,76,184,78,79,80,167,82,83,84,30,86,67,88,162,29,91,92,93,34,95,77,97,98,99,100,101,179,103,104,183,106,52,108,109,110,111,112,113,125,115,116,178,118,0,120,121,122,26,191,114,126,72,128,137,130,117,132,19,134,135,46,129,138,1,105,131,142,143,194,145,146,147,148,149,10,151,152,43,154,155,102,157,158,159,160,163,89,161,164,165,166,81,168,169,170,171,172,12,123,175,176,177,141,156,180,181,182,140,96,69,186,7,188,189,190,185,192,193,144,195,8,197,198,199,];False
7565;9627;17192;[153,139,2,3,4,5,6,62,196,9,124,11,173,49,14,94,16,17,18,133,21,20,22,23,24,25,174,27,28,90,85,31,32,33,15,35,36,66,38,39,40,41,42,119,44,45,46,47,48,13,50,51,107,53,54,55,56,57,58,59,60,61,187,63,64,65,37,87,68,150,70,71,127,73,74,75,76,184,78,79,80,167,82,83,84,30,86,67,88,162,29,91,92,93,34,95,77,97,98,99,100,101,179,103,104,183,106,52,108,109,110,111,112,113,125,115,116,178,118,0,120,121,122,26,191,114,126,72,128,137,130,117,132,19,134,135,136,129,138,1,105,131,142,143,194,145,146,147,148,149,10,151,152,43,154,155,102,157,158,159,160,163,89,161,164,165,166,81,168,169,170,171,172,12,123,175,176,177,141,156,180,181,182,140,96,69,186,7,188,189,190,185,192,193,144,195,8,197,198,199,];False
7561;9627;17188;[153,139,189,3,4,5,6,62,196,9,124,11,173,94,14,49,16,17,18,133,21,20,22,23,24,25,174,27,28,90,85,31,32,33,15,35,36,66,38,39,40,41,42,119,44,45,46,47,48,13,50,51,107,53,54,55,56,57,58,59,60,61,187,63,64,65,37,87,68,150,70,71,127,73,74,75,76,184,78,79,80,167,82,83,84,30,86,67,88,162,29,91,92,93,34,95,77,97,98,156,100,101,179,103,104,183,106,52,108,109,132,111,112,113,125,115,116,178,118,0,120,121,122,26,191,114,126,72,128,137,130,117,110,19,134,135,136,129,138,1,105,131,142,143,194,145,146,147,148,149,10,151,152,43,154,155,102,157,158,159,160,163,89,161,164,165,166,81,168,169,170,171,172,12,123,175,176,177,141,99,180,181,182,140,96,69,186,7,188,2,190,185,192,193,144,195,8,197,198,199,];False
7540;9629;17169;[153,139,2,3,4,5,6,62,196,9,124,11,173,94,14,49,16,17,18,133,21,20,22,23,24,25,174,27,28,90,85,31,32,33,15,35,36,66,38,39,40,41,42,119,44,45,46,47,48,13,50,51,107,53,54,55,56,57,58,59,60,61,187,63,64,65,37,87,68,150,70,71,127,73,74,75,76,184,78,79,80,167,82,83,84,30,86,67,88,162,29,91,92,93,34,95,77,97,98,99,100,101,179,103,104,183,106,52,108,109,110,111,112,113,125,115,116,178,118,0,120,121,122,26,191,114,126,72,128,137,130,117,132,19,134,135,136,129,138,1,105,131,142,143,194,145,146,147,148,149,10,151,152,43,154,155,102,157,158,159,160,163,89,161,164,165,166,81,168,169,170,171,172,12,123,175,176,177,141,156,180,181,182,140,96,69,186,7,188,189,190,185,192,193,144,195,8,197,198,199,];False
7536;9627;17163;[153,139,189,3,4,5,6,62,196,9,124,11,173,94,14,49,16,17,18,133,21,20,22,23,24,25,174,27,28,90,85,31,32,33,172,35,36,66,38,39,40,41,42,119,44,45,46,47,48,13,50,51,107,53,54,55,56,57,58,59,60,61,187,63,64,65,37,87,68,150,70,71,127,73,74,75,76,184,78,79,80,167,82,83,84,30,86,67,88,162,29,91,92,93,34,95,77,97,98,99,100,101,179,103,104,183,106,52,108,109,132,111,112,113,125,115,116,178,118,0,120,121,122,26,191,114,126,72,128,137,130,117,110,19,134,135,136,129,138,1,105,131,142,143,194,145,146,147,148,149,10,151,152,43,154,155,102,157,158,159,160,163,89,161,164,165,166,81,168,169,170,171,15,12,123,175,176,177,141,156,180,181,182,140,96,69,186,7,188,2,190,185,192,193,144,195,8,197,198,199,];False
7524;9623;17147;[153,139,189,3,4,5,6,62,196,9,124,11,173,94,14,49,16,17,18,133,21,20,22,23,24,25,174,27,28,90,85,31,32,33,15,35,36,66,38,39,40,41,42,119,44,45,46,47,48,13,50,51,107,53,54,55,56,57,58,59,60,61,187,63,64,65,37,87,68,150,70,71,127,73,74,75,76,184,78,79,80,167,82,83,84,30,86,67,88,162,29,91,92,93,34,95,77,97,98,99,100,101,179,103,104,183,106,52,149,109,132,111,112,113,125,115,116,178,118,0,120,121,122,26,191,114,126,72,128,137,130,117,110,19,134,135,136,129,138,1,105,131,142,143,194,145,146,147,148,108,10,151,152,43,154,155,102,157,158,159,160,163,89,161,164,165,166,81,168,169,170,171,172,12,123,175,176,177,141,156,180,181,182,140,96,69,186,7,188,2,190,185,192,193,144,195,8,197,198,199,];False
7498;9633;17131;[153,139,189,3,4,5,6,62,196,9,124,11,173,94,14,49,16,17,18,133,21,20,22,23,24,25,174,27,28,90,85,31,32,33,15,35,36,66,38,39,40,41,42,119,44,45,46,47,48,13,50,51,107,53,54,55,56,57,58,59,60,61,187,63,64,65,37,87,68,150,70,71,127,73,74,75,76,184,78,79,80,167,82,83,84,30,86,67,88,162,29,91,92,93,34,95,77,97,98,99,100,101,179,103,104,183,106,52,108,109,132,111,112,113,125,115,116,178,118,0,120,121,122,26,191,114,126,72,128,137,130,117,110,19,134,135,136,129,138,1,105,131,142,143,194,145,146,147,148,149,10,151,152,43,154,155,102,157,158,159,160,163,89,161,164,165,166,81,168,169,170,171,172,177,123,175,176,12,141,156,180,181,182,140,96,69,186,7,188,2,190,185,192,193,144,195,8,197,198,199,];False
7542;9587;17129;[153,139,189,3,4,5,6,62,196,9,124,11,173,94,14,49,16,17,18,133,21,20,22,23,24,25,174,27,28,90,85,31,32,33,126,35,36,66,38,39,40,41,42,119,44,45,46,47,48,13,50,51,107,53,54,55,56,57,58,59,60,61,187,63,64,65,37,87,68,150,70,71,127,73,74,75,76,184,78,79,80,167,82,83,84,30,86,67,88,162,29,91,92,93,34,95,77,97,98,99,100,101,179,103,104,183,106,52,108,109,132,111,112,113,125,115,116,178,118,0,120,121,122,26,191,114,15,72,128,137,130,117,110,19,134,135,136,129,138,1,105,131,142,143,194,145,146,147,148,149,10,151,152,43,154,155,102,157,158,159,160,163,89,161,164,165,166,81,168,169,170,171,172,12,123,175,176,177,141,156,180,181,182,140,96,69,186,7,188,2,190,185,192,193,144,195,8,197,198,199,];False
7484;9628;17112;[153,139,189,3,4,5,6,62,196,9,124,11,173,94,14,49,16,17,18,133,21,20,22,23,24,25,174,27,28,90,85,31,32,33,15,35,36,66,38,39,40,41,42,119,44,45,46,47,48,13,50,51,107,53,54,55,56,57,58,59,60,61,187,63,64,65,37,87,68,150,70,71,127,73,74,75,76,184,78,79,80,167,82,83,84,30,86,67,88,162,29,91,92,93,34,95,77,97,98,99,100,101,179,103,104,183,106,52,108,109,132,111,112,113,125,115,116,178,118,0,120,121,122,26,191,114,126,72,128,137,130,117,110,19,134,135,136,129,138,1,105,131,142,143,194,145,146,147,148,149,8,151,152,43,154,155,102,157,158,159,160,163,89,161,164,165,166,81,168,169,170,171,172,12,123,175,176,177,141,156,180,181,182,140,96,69,186,7,188,2,190,185,192,193,144,195,10,197,198,199,];False
7482;9628;17110;[153,139,2,3,4,5,6,62,196,9,124,11,173,94,14,49,16,17,18,133,21,20,22,23,24,25,174,27,28,90,85,31,32,33,15,35,36,66,38,39,40,41,42,119,44,45,46,47,48,13,50,51,107,53,54,55,56,57,58,59,60,61,187,63,64,65,37,87,68,150,70,71,127,73,74,75,76,184,78,79,80,167,82,83,84,30,86,67,88,162,29,91,92,93,34,95,77,97,98,99,100,101,179,103,104,183,106,52,108,109,132,111,112,113,125,115,116,178,118,0,120,121,122,26,191,114,126,72,128,137,130,117,110,19,134,135,136,129,138,1,105,131,142,143,194,145,146,147,148,149,10,151,152,43,154,155,102,157,158,159,160,163,89,161,164,165,166,81,168,169,170,171,172,12,123,175,176,177,141,156,180,181,182,140,96,69,186,7,188,189,190,185,192,193,144,195,8,197,198,199,];False
7485;9622;17107;[153,139,189,3,4,5,6,62,196,9,124,11,173,94,14,49,16,17,18,133,21,20,22,23,24,25,174,27,28,90,85,31,32,33,15,35,36,66,38,39,40,41,42,119,44,45,46,47,48,13,50,51,107,53,54,55,56,109,58,59,60,61,187,63,64,65,37,87,68,150,19,71,127,73,74,75,76,184,78,79,80,167,82,83,84,30,86,67,88,162,29,91,92,93,34,95,77,97,98,99,100,101,179,103,104,183,106,52,108,57,132,111,112,113,125,115,116,178,118,0,120,121,122,26,191,114,126,72,128,137,130,117,110,70,134,135,136,129,138,1,105,131,142,143,194,145,146,147,148,149,10,151,152,43,154,155,102,157,158,159,160,163,89,161,164,165,166,81,168,169,170,171,172,12,123,175,176,177,141,156,180,181,182,140,96,69,186,7,188,2,190,185,192,193,144,195,8,197,198,199,];False
7401;9690;17091;[153,139,189,3,4,5,6,62,196,9,124,11,173,94,14,49,16,17,18,133,21,20,22,23,24,25,174,27,28,90,85,31,32,33,15,35,36,66,38,39,40,41,42,119,44,45,46,47,48,13,50,51,107,53,54,55,56,57,58,59,60,61,187,63,64,65,37,87,68,150,70,71,127,73,74,75,76,184,78,79,29,167,82,83,84,30,86,67,88,162,80,91,92,93,34,95,77,97,98,99,100,101,179,103,104,183,106,52,108,109,132,111,112,113,125,115,116,178,118,0,120,121,122,26,191,114,126,72,128,137,130,117,110,19,134,135,136,129,138,1,105,131,142,143,194,145,146,147,148,149,10,151,152,43,154,155,102,157,158,159,160,163,89,161,164,165,166,81,168,169,170,171,172,12,123,175,176,177,141,156,180,181,182,140,96,69,186,7,188,2,190,185,192,193,144,195,8,197,198,199,];False
7458;9628;17086;[153,139,189,3,4,5,6,62,196,9,124,11,173,94,14,49,16,17,18,133,21,20,22,23,24,25,174,27,28,90,85,31,32,33,15,35,36,66,38,39,40,41,42,119,44,45,46,47,48,13,50,51,107,53,54,55,56,57,58,59,60,61,187,63,64,65,37,87,68,150,70,71,127,73,74,75,76,184,78,79,80,167,82,83,84,30,86,67,88,162,29,91,92,93,34,95,77,97,98,99,100,101,179,103,104,183,106,52,108,109,132,111,112,113,125,115,116,178,118,0,120,121,122,26,191,114,126,72,128,137,130,117,110,19,134,135,136,129,138,1,105,131,142,143,194,145,146,147,148,149,10,151,152,43,154,155,102,157,158,159,160,163,89,161,164,165,166,81,168,169,170,171,172,12,123,175,176,177,141,156,180,181,182,140,96,69,186,7,188,2,190,185,192,193,144,195,8,197,198,199,];False
7433;9613;17046;[153,139,189,3,4,5,6,62,196,9,124,11,173,94,14,49,16,17,18,133,21,20,22,23,24,25,174,27,28,90,85,31,32,33,15,35,36,66,38,39,40,41,42,119,44,45,46,47,48,13,50,51,107,53,54,55,56,109,58,59,60,61,187,63,64,65,37,87,68,150,70,71,127,73,74,75,76,184,78,79,80,167,82,83,84,30,86,67,88,162,29,91,92,93,34,95,77,97,98,99,100,101,179,103,104,183,106,52,108,57,132,111,112,113,125,115,116,178,118,0,120,121,122,26,191,114,126,72,128,137,130,117,110,19,134,135,136,129,138,1,105,131,142,143,194,145,146,147,148,149,10,151,152,43,154,155,102,157,158,159,160,163,89,161,164,165,166,81,168,169,170,171,172,12,123,175,176,177,141,156,180,181,182,140,96,69,186,7,188,2,190,185,192,193,144,195,8,197,198,199,];False
7408;9562;16970;[153,139,189,3,4,5,6,62,196,9,124,11,173,94,14,49,16,17,18,133,21,20,22,23,24,25,174,27,28,90,85,31,32,33,15,35,36,66,38,39,40,41,42,119,44,45,46,47,48,13,50,51,107,53,54,55,56,109,58,59,60,61,187,63,64,158,37,87,68,150,70,71,127,73,74,159,76,184,78,79,80,167,82,83,84,30,86,67,88,162,29,91,92,93,34,95,77,97,98,99,100,101,179,103,104,183,106,52,108,57,132,111,112,113,125,115,116,178,118,0,120,121,122,26,191,114,126,72,128,137,130,117,110,19,134,135,136,129,138,1,105,131,142,143,194,145,146,147,148,149,10,151,152,43,154,155,102,157,65,75,160,163,89,161,164,165,166,81,168,169,170,171,172,12,123,175,176,177,141,156,180,181,182,140,96,69,186,7,188,2,190,185,192,193,144,195,8,197,198,199,];False
7297;9602;16899;[153,139,189,3,4,5,6,62,196,9,124,11,173,94,14,49,16,17,18,133,21,20,22,23,24,25,174,27,28,90,85,31,32,33,15,35,36,66,38,39,40,41,42,119,44,45,46,47,48,13,50,51,107,53,54,55,56,109,58,59,60,61,187,63,64,65,37,87,68,150,70,71,127,73,74,159,76,184,78,79,80,167,82,83,84,30,86,67,88,162,29,91,92,93,34,95,77,97,98,99,100,101,179,103,104,183,106,52,108,57,132,111,112,113,125,115,116,178,118,0,120,121,122,26,191,114,126,72,128,137,130,117,110,19,134,135,136,129,138,1,105,131,142,143,194,145,146,147,148,149,10,151,152,43,154,155,102,157,158,75,160,163,89,161,164,165,166,81,168,169,170,171,172,12,123,175,176,177,141,156,180,181,182,140,96,69,186,7,188,2,190,185,192,193,144,195,8,197,198,199,];False
7197;9665;16862;[153,139,189,3,4,5,6,62,196,9,124,11,173,94,14,49,101,17,18,133,21,20,22,23,24,25,174,27,28,90,85,31,32,33,15,35,36,66,38,39,40,41,42,119,44,45,46,47,48,13,50,51,107,53,54,55,56,109,58,59,60,61,187,63,64,65,37,87,68,150,70,71,127,73,74,159,76,184,78,79,80,167,82,83,84,30,86,67,88,162,29,91,92,93,34,95,77,97,98,99,100,16,179,103,104,183,106,52,108,57,132,111,112,113,125,115,116,178,118,0,120,121,122,26,191,114,126,72,128,137,130,117,110,19,134,135,136,129,138,1,105,131,142,143,194,145,146,147,148,149,10,151,152,43,154,155,102,157,158,75,160,163,89,161,164,165,166,81,168,169,170,171,172,12,123,175,176,177,141,156,180,181,182,140,96,69,186,7,188,2,190,185,192,193,144,195,8,197,198,199,];False
7121;9717;16838;[153,193,189,3,4,5,6,62,196,9,124,11,173,94,14,49,101,50,18,133,21,20,22,23,24,25,174,27,28,90,85,31,32,33,15,35,36,66,38,39,40,41,42,119,44,45,46,47,48,13,17,51,107,53,54,55,56,109,58,59,60,61,187,63,64,180,37,87,135,150,70,71,127,73,74,159,76,184,78,79,80,167,82,83,84,30,86,67,88,162,29,91,92,93,34,95,77,97,98,99,100,16,179,103,104,183,106,52,108,57,132,111,112,113,125,115,116,178,118,0,120,121,122,26,191,114,126,72,128,137,130,117,110,19,134,68,136,129,138,1,105,131,142,143,194,145,146,147,148,149,10,151,152,43,154,155,102,157,158,75,160,163,89,161,164,165,166,81,168,169,170,171,172,12,123,175,176,177,141,156,65,181,182,140,96,69,186,7,188,2,190,185,192,139,144,195,8,197,198,199,];False
7141;9654;16795;[153,193,189,3,4,5,6,62,196,9,124,11,173,94,14,49,101,17,18,133,21,20,22,23,24,25,174,27,28,90,85,31,32,33,15,35,36,66,38,39,40,41,42,119,44,45,46,47,48,13,50,51,107,53,54,55,56,109,58,59,60,61,187,63,64,65,37,87,68,150,70,71,127,73,74,159,76,184,78,79,80,167,82,83,84,30,86,67,88,162,29,91,92,93,34,95,77,97,98,99,100,16,179,103,104,183,106,52,108,57,132,111,112,113,125,115,116,178,118,0,120,121,122,26,191,114,126,72,128,137,130,117,110,19,134,135,136,129,138,1,105,131,142,143,194,145,146,147,148,149,10,151,152,43,154,155,102,157,158,75,160,163,89,161,164,165,166,81,168,169,170,171,172,12,123,175,176,177,141,156,180,181,182,140,96,69,186,7,188,2,190,185,192,139,144,195,8,197,198,199,];False
7007;9751;16758;[153,193,189,3,4,5,6,62,196,9,124,11,173,94,14,49,101,17,18,133,21,20,22,23,24,25,174,27,28,90,85,31,32,33,15,35,36,66,38,39,40,41,42,119,44,45,46,47,48,13,50,51,107,53,54,55,83,109,58,59,60,61,187,63,64,180,37,87,135,150,70,71,127,73,74,159,76,184,78,79,80,167,82,56,84,30,86,67,88,162,29,91,92,93,34,95,77,97,98,99,100,16,179,103,104,183,106,52,108,57,132,111,112,113,125,115,116,178,118,0,120,121,122,26,191,114,126,72,128,137,130,117,110,19,134,68,136,129,138,1,105,131,142,143,194,145,146,147,148,149,10,151,152,43,154,155,102,157,158,75,160,163,89,161,164,165,166,81,168,169,170,171,172,12,123,175,176,177,141,156,65,181,182,140,96,69,186,7,188,2,190,185,192,139,144,195,8,197,198,199,];False
7035;9702;16737;[153,193,189,3,4,5,6,62,196,9,124,11,173,94,14,49,101,17,18,133,21,20,22,23,24,25,174,27,28,90,85,31,32,110,15,35,36,66,38,39,40,41,42,119,44,45,46,47,48,13,50,51,107,53,54,55,56,109,58,59,60,61,187,63,64,180,37,87,135,150,125,71,127,73,74,159,76,184,78,79,80,167,82,83,84,30,86,67,88,162,29,91,92,93,34,95,77,97,98,99,100,16,179,103,104,183,106,52,108,57,132,111,112,113,70,115,116,178,102,0,120,121,122,26,191,114,126,72,128,137,130,117,33,19,134,68,136,129,138,1,105,131,142,143,194,145,146,147,148,149,10,151,152,43,154,155,118,157,158,75,160,163,89,161,164,165,166,81,168,169,170,171,172,12,123,175,176,177,141,156,65,181,182,140,96,69,186,7,188,2,190,185,192,139,144,195,8,197,198,199,];False
7123;9603;16726;[153,193,189,3,4,5,6,62,196,9,124,11,173,94,14,49,101,17,18,133,21,20,22,23,24,25,125,27,28,90,85,31,108,33,15,35,36,66,38,39,40,41,42,119,44,45,46,47,48,13,50,51,192,53,54,55,56,109,58,59,60,61,187,63,64,180,37,87,135,150,155,71,127,73,74,159,76,184,78,79,80,167,82,83,84,30,86,67,88,162,29,91,92,93,34,95,77,97,98,99,100,16,179,103,104,183,106,52,32,57,132,111,112,113,70,115,116,178,102,0,120,121,122,26,191,114,126,72,128,137,130,117,110,19,134,68,136,129,138,1,105,131,142,143,194,145,146,147,148,149,10,151,152,43,154,174,118,157,158,75,160,163,89,161,164,165,166,81,168,169,170,171,172,12,123,175,176,177,141,156,65,181,182,140,96,69,186,7,188,2,190,185,107,139,144,195,8,197,198,199,];False
6950;9760;16710;[153,193,189,3,4,5,6,62,196,9,124,11,173,94,14,49,101,17,18,133,21,20,22,23,24,25,174,27,28,90,85,31,32,33,15,35,36,66,38,39,40,41,42,119,44,45,46,47,48,13,50,51,107,53,54,55,56,109,58,59,60,61,187,63,64,180,37,87,135,150,70,71,127,73,74,159,76,184,78,79,80,167,82,83,84,30,86,67,88,162,29,91,92,93,34,95,77,97,98,99,100,16,179,103,104,183,106,52,108,57,132,111,112,113,137,115,116,178,118,0,120,121,122,26,191,114,126,72,128,125,130,117,110,19,134,68,136,129,138,1,105,131,142,143,194,145,146,147,148,149,10,151,152,43,154,155,102,157,158,75,160,163,89,161,164,165,166,81,168,169,170,171,172,12,123,175,176,177,141,156,65,181,182,140,96,69,186,7,188,2,190,185,192,139,144,195,8,197,198,199,];False
7105;9594;16699;[153,193,189,3,4,5,6,62,196,9,124,11,173,94,14,49,101,17,18,133,21,20,22,23,24,25,125,27,28,90,85,31,108,33,15,35,36,66,38,39,40,41,42,119,44,45,46,47,48,13,50,51,107,53,149,55,56,109,58,59,60,61,187,63,64,180,37,87,135,150,155,71,127,73,74,159,76,184,78,79,80,167,82,83,84,30,86,67,88,162,29,91,92,93,34,95,77,97,98,99,100,16,179,103,104,183,106,52,32,57,132,111,112,113,70,115,116,178,102,0,120,121,122,26,191,114,126,72,128,137,130,117,110,19,134,68,136,129,138,1,105,131,142,143,194,145,146,147,148,54,10,151,152,43,154,174,118,157,158,75,160,163,89,161,164,165,166,81,168,169,170,171,172,12,123,175,176,177,141,156,65,181,182,140,96,69,186,7,188,2,190,185,192,139,144,195,8,197,198,199,];False
7020;9678;16698;[153,193,189,3,4,5,6,62,196,9,124,11,173,94,14,49,101,17,18,133,21,20,22,23,24,25,174,27,28,90,85,31,32,33,15,35,36,66,38,39,40,41,42,119,44,45,46,47,48,13,50,51,107,53,54,55,56,109,58,59,60,61,187,63,64,65,37,87,135,150,70,71,127,73,74,159,76,184,78,79,80,167,82,83,84,30,86,67,88,162,29,91,92,93,34,95,77,97,98,99,100,16,179,103,104,183,106,52,108,57,132,111,112,113,125,115,116,178,118,0,120,121,122,26,191,114,126,72,128,137,130,117,110,19,134,68,136,129,138,1,105,131,142,143,194,145,146,147,148,149,10,151,152,43,154,155,102,157,158,75,160,163,89,161,164,165,166,81,168,169,170,171,172,12,123,175,176,177,141,156,180,181,182,140,96,69,186,7,188,2,190,185,192,139,144,195,8,197,198,199,];False
7089;9608;16697;[153,193,189,3,4,5,6,62,196,9,124,11,173,94,14,49,101,103,18,133,21,20,22,23,24,25,125,27,28,90,85,31,108,33,15,35,36,66,38,39,40,41,42,119,44,45,46,47,48,13,50,51,107,53,54,55,56,109,58,59,60,61,187,63,64,180,37,87,135,150,155,71,127,73,74,159,76,184,78,79,80,167,82,83,84,30,86,67,88,162,29,91,92,93,34,95,77,97,98,99,100,16,179,17,104,183,106,52,32,57,132,111,112,113,70,115,116,178,102,0,120,121,122,26,191,114,126,72,128,137,130,117,110,19,134,68,136,129,138,1,105,131,142,143,194,145,146,147,148,149,10,151,152,43,154,174,118,157,158,75,160,163,89,161,164,165,166,81,168,169,170,171,172,12,123,175,176,177,141,156,65,181,182,140,96,69,186,7,188,2,190,185,192,195,144,139,8,197,198,199,];False
6971;9716;16687;[153,193,189,3,4,5,6,62,196,9,124,11,173,94,14,49,101,17,18,133,21,20,22,23,24,25,174,27,28,90,85,31,32,33,15,35,36,66,38,39,40,41,42,119,44,45,46,47,48,13,50,51,107,53,54,55,56,109,58,59,60,61,187,63,64,180,37,87,135,150,70,71,127,73,74,159,76,184,78,79,80,167,82,83,84,30,86,67,88,162,29,91,92,93,34,95,77,97,98,99,100,16,179,103,104,183,106,52,108,57,132,111,112,113,125,115,116,178,118,0,120,121,122,26,191,114,126,72,128,137,130,117,110,19,134,68,136,129,138,1,105,131,142,143,194,145,146,147,148,149,10,151,152,43,154,155,102,157,158,75,160,163,89,161,164,165,166,81,168,169,170,171,172,12,123,175,176,177,141,156,65,181,182,140,96,69,186,7,188,2,190,185,192,139,144,195,8,197,198,199,];False
6975;9687;16662;[153,193,189,3,4,5,6,62,196,9,124,11,173,94,14,49,101,103,18,133,21,20,22,23,24,25,125,27,28,90,85,31,108,33,15,35,36,66,38,39,40,41,42,119,44,45,46,47,48,13,50,51,107,53,54,55,56,109,58,59,60,61,187,63,64,180,37,87,135,150,155,71,127,73,74,159,76,184,78,70,80,167,82,83,84,30,86,67,88,162,29,91,92,93,34,95,77,97,98,99,100,16,179,17,104,183,106,52,32,57,132,111,112,113,79,115,116,178,102,0,120,121,122,26,191,114,126,72,128,137,130,117,110,19,134,68,136,129,138,1,105,131,142,143,194,145,146,147,148,149,10,151,152,43,154,174,118,157,158,75,160,163,89,161,164,165,166,81,168,169,170,171,172,12,123,175,176,177,141,156,65,181,182,140,96,69,186,7,188,2,190,185,192,139,144,195,8,197,198,199,];False
7001;9630;16631;[153,193,189,3,4,5,6,62,196,9,124,11,173,94,14,49,101,17,18,133,21,20,22,23,24,25,125,27,28,90,85,31,108,33,15,35,36,66,38,39,40,41,42,119,44,45,46,47,141,13,50,51,107,53,54,55,56,109,58,59,60,61,187,63,64,180,37,87,135,150,155,71,127,73,74,159,76,184,78,79,80,167,82,83,84,30,86,67,88,162,29,91,92,93,34,95,77,97,98,99,100,16,179,103,104,183,106,52,32,57,132,111,112,113,70,115,116,178,102,0,120,121,122,26,191,114,126,72,128,137,130,117,110,19,134,68,136,129,138,1,105,131,142,143,194,145,146,147,148,149,10,151,152,43,154,174,118,157,158,75,160,163,89,161,164,165,166,81,168,169,170,171,172,12,123,175,176,177,48,156,65,181,182,140,96,69,186,7,188,2,190,185,192,139,144,195,8,197,198,199,];False
6950;9674;16624;[153,193,189,3,4,5,6,62,196,9,124,11,173,94,14,49,101,17,18,133,21,20,22,23,24,25,174,27,28,90,85,31,32,33,15,35,36,66,38,39,40,41,42,119,44,45,46,47,48,13,50,51,107,53,54,55,56,109,58,59,60,61,187,63,64,180,37,87,135,150,70,71,127,73,74,159,76,184,78,79,80,167,82,83,84,30,86,67,88,162,29,91,92,93,34,95,77,97,98,99,100,16,179,103,104,183,106,52,108,57,132,111,112,113,125,115,116,178,102,0,120,121,122,26,191,114,126,72,128,137,130,117,110,19,134,68,136,129,138,1,105,131,142,143,194,145,146,147,148,149,10,151,152,43,154,155,118,157,158,75,160,163,89,161,164,165,166,81,168,169,170,171,172,12,123,175,176,177,141,156,65,181,182,140,96,69,186,7,188,2,190,185,192,139,144,195,8,197,198,199,];False
6999;9616;16615;[153,193,189,3,4,5,6,62,196,9,124,11,173,94,14,49,101,17,18,133,21,20,22,23,24,25,125,27,28,90,85,31,108,33,15,35,36,66,38,39,40,41,42,119,44,45,46,47,48,13,50,51,107,53,54,55,56,109,58,59,60,61,187,8,64,180,37,87,135,150,155,71,127,73,74,159,76,184,78,79,80,167,82,83,84,30,86,67,88,162,29,91,92,93,34,95,77,97,98,99,100,16,179,103,104,183,106,52,32,57,132,111,112,113,70,115,116,178,102,0,120,121,122,26,191,114,126,72,128,137,130,117,110,19,134,68,136,129,138,1,105,131,142,143,194,145,146,147,148,149,10,151,152,43,154,174,118,157,158,75,160,163,89,161,164,165,166,81,168,169,170,171,172,12,123,175,176,177,141,156,65,181,182,140,96,69,186,7,188,2,190,185,192,139,144,195,63,197,198,199,];False
6951;9663;16614;[70,193,189,3,4,5,6,62,196,9,124,11,173,94,14,49,101,103,18,133,21,20,22,23,24,25,125,27,28,90,85,31,108,33,15,35,36,66,38,39,40,41,42,119,44,45,46,47,48,13,50,51,107,53,54,55,56,109,58,59,60,61,187,63,64,180,37,87,135,150,155,71,127,73,74,159,76,184,78,79,80,167,82,83,84,30,86,67,88,162,29,91,92,93,34,95,77,97,98,99,100,16,179,168,104,183,106,52,32,57,132,111,112,113,146,115,116,178,102,0,120,121,122,26,191,114,126,72,128,137,130,117,110,19,134,68,136,129,138,1,105,131,142,143,194,145,153,147,148,149,10,151,152,43,154,174,118,157,158,75,160,163,89,161,164,165,166,81,17,169,170,171,172,12,123,175,176,177,141,156,65,181,182,140,96,69,186,7,188,2,190,185,192,139,144,195,8,197,198,199,];False
6979;9634;16613;[153,193,189,3,4,5,6,62,196,9,124,11,173,94,14,49,101,103,18,133,21,20,22,23,24,25,125,27,28,90,85,31,108,33,15,35,36,66,38,39,40,41,42,119,44,45,46,47,48,13,50,51,107,53,54,55,56,109,58,59,60,61,187,63,64,180,37,87,135,150,155,71,127,73,74,159,76,170,78,79,80,167,82,83,84,30,86,67,88,162,29,91,92,93,34,95,77,97,98,99,100,16,179,17,104,183,106,52,32,57,132,111,112,113,70,115,116,178,102,0,120,121,122,26,191,114,126,72,128,137,130,117,110,19,134,68,136,129,138,1,105,131,142,143,194,145,146,147,148,149,10,151,152,43,154,174,118,157,158,75,160,163,89,161,164,165,166,81,168,169,184,171,172,12,123,175,176,177,141,156,65,181,182,140,96,69,186,7,188,2,190,185,192,139,144,195,8,197,198,199,];False
6941;9654;16595;[153,193,189,3,4,2,6,62,196,9,124,11,173,94,14,49,101,103,18,133,21,20,22,23,24,25,125,27,28,90,85,31,108,33,15,35,36,66,38,39,40,41,42,119,44,45,46,47,48,13,50,51,107,53,54,55,56,109,58,59,60,61,187,63,64,180,37,87,135,150,155,71,127,73,74,159,76,184,78,79,80,167,82,83,84,30,86,67,88,162,29,91,92,93,34,95,77,97,98,99,100,16,179,17,104,183,106,52,32,57,132,111,112,113,70,115,116,178,102,0,120,121,122,26,191,114,126,72,128,137,130,117,110,19,134,68,136,129,138,1,105,131,142,143,194,145,146,147,148,149,10,151,152,43,154,174,118,157,158,75,160,163,89,161,164,165,166,81,168,169,170,171,172,12,123,175,176,177,141,156,65,181,182,140,96,69,186,7,188,5,190,185,192,139,144,195,8,197,198,199,];False
6907;9688;16595;[153,193,189,3,4,5,6,62,196,9,124,11,173,94,14,49,101,17,18,133,21,20,22,23,24,25,174,27,28,90,85,31,32,33,15,35,36,66,38,39,40,41,42,119,44,45,46,47,48,13,50,51,107,53,54,55,56,109,58,59,60,61,187,63,64,180,37,87,135,150,125,71,127,73,74,159,76,184,78,79,80,167,82,83,84,30,86,67,88,162,29,91,92,93,34,95,77,97,98,99,100,16,179,103,104,183,106,52,108,57,132,111,112,113,70,115,116,178,102,0,120,121,122,26,191,114,126,72,128,137,130,117,110,19,134,68,136,129,138,1,105,131,142,143,194,145,146,147,148,149,10,151,152,43,154,155,118,157,158,75,160,163,89,161,164,165,166,81,168,169,170,171,172,12,123,175,176,177,141,156,65,181,182,140,96,69,186,7,188,2,190,185,192,139,144,195,8,197,198,199,];False
6943;9646;16589;[153,193,189,3,4,5,6,62,196,9,124,11,173,94,14,49,101,17,18,133,21,20,22,23,24,25,174,27,28,90,85,31,108,33,15,35,36,66,38,39,40,41,42,119,44,45,46,47,48,13,50,51,107,53,54,55,56,109,58,59,60,61,187,63,64,180,37,87,135,150,125,71,127,73,74,159,76,184,78,79,80,167,82,83,84,30,86,67,88,162,29,91,92,93,34,95,77,97,98,99,100,16,179,103,104,183,106,52,32,57,132,111,112,113,70,115,116,178,102,0,120,121,122,26,191,114,126,72,128,137,130,117,110,19,134,68,136,129,138,1,105,131,142,143,194,145,146,147,148,149,10,151,152,43,154,155,118,157,158,75,160,163,89,161,164,165,166,81,168,169,170,171,172,12,123,175,176,177,141,156,65,181,182,140,96,69,186,7,188,2,190,185,192,139,144,195,8,197,198,199,];False
6988;9601;16589;[153,193,189,3,4,5,6,62,196,9,124,11,173,94,14,49,101,103,18,133,21,20,22,23,24,25,125,27,28,90,85,31,108,33,15,35,36,66,38,39,40,41,42,119,44,45,46,47,48,13,50,51,107,53,54,55,56,109,58,59,60,61,187,63,64,180,37,87,135,150,92,71,127,73,74,159,76,184,78,79,80,167,82,83,84,30,86,67,88,162,29,91,155,93,34,95,77,97,98,99,100,16,179,17,104,183,106,52,32,57,132,111,112,113,70,115,116,178,102,0,120,121,122,26,191,114,126,72,128,137,130,117,110,19,134,68,136,129,138,1,105,131,142,143,194,145,146,147,148,149,10,151,152,43,154,174,118,157,158,75,160,163,89,161,164,165,166,81,168,169,170,171,172,12,123,175,176,177,141,156,65,181,182,140,96,69,186,7,188,2,190,185,192,139,144,195,8,197,198,199,];False
6955;9629;16584;[153,193,189,3,4,5,6,62,196,9,124,11,173,94,14,49,101,103,18,133,21,20,22,23,24,25,125,27,28,90,85,31,108,33,15,35,36,66,38,39,40,41,42,119,44,45,46,47,48,13,50,51,107,53,54,55,56,109,58,59,60,61,187,63,64,180,37,87,135,150,155,71,127,73,74,159,76,184,78,79,80,167,82,83,84,30,86,67,88,162,29,91,92,93,34,95,77,97,98,99,100,16,179,168,104,183,106,52,32,57,132,111,112,113,70,115,116,178,185,0,120,121,122,26,191,114,126,72,128,137,130,117,110,19,134,68,136,129,138,1,105,131,142,143,194,145,146,147,148,149,10,151,152,43,154,174,118,157,158,75,160,163,89,161,164,165,166,81,17,169,170,171,172,12,123,175,176,177,141,156,65,181,182,140,96,69,186,7,188,2,190,102,192,139,144,195,8,197,198,199,];False
6983;9595;16578;[153,193,189,3,4,5,6,62,196,9,124,11,173,94,14,49,101,103,18,133,21,20,22,23,24,25,125,27,28,90,85,31,108,33,15,35,36,66,38,39,40,41,42,119,44,45,46,47,48,13,50,51,107,53,54,55,56,109,58,59,60,61,187,63,64,180,37,87,135,150,155,71,127,73,74,159,76,184,78,79,80,167,82,83,84,30,86,67,88,162,29,91,92,93,34,95,77,97,98,99,100,16,179,17,104,183,106,52,32,57,132,111,112,113,70,115,116,178,102,0,120,121,122,26,191,114,126,72,128,137,130,117,110,19,134,68,136,129,138,1,105,131,142,143,194,145,146,147,148,149,10,151,152,43,154,174,118,157,158,75,160,163,89,161,164,165,166,81,168,169,170,171,172,12,123,175,176,177,141,156,185,181,182,140,96,69,186,7,188,2,190,65,192,139,144,195,8,197,198,199,];False
6948;9621;16569;[153,193,189,3,4,5,6,62,196,9,124,11,173,94,14,49,101,17,18,133,21,20,22,23,24,25,125,27,28,90,85,31,108,33,15,35,36,66,38,39,40,41,42,119,44,45,46,47,48,13,50,51,107,53,54,55,56,109,58,59,60,61,187,63,64,180,37,87,135,150,174,71,127,73,74,159,76,184,78,79,80,167,82,83,84,30,86,67,88,162,29,91,92,93,34,95,77,97,98,99,100,16,179,103,104,183,106,52,32,57,132,111,112,113,70,115,116,178,102,0,120,121,122,26,191,114,126,72,128,137,130,117,110,19,134,68,136,129,138,1,105,131,142,143,194,145,146,147,148,149,10,151,152,43,154,155,118,157,158,75,160,163,89,161,164,165,166,81,168,169,170,171,172,12,123,175,176,177,141,156,65,181,182,140,96,69,186,7,188,2,190,185,192,139,144,195,8,197,198,199,];False
6908;9616;16524;[153,193,189,3,4,5,6,62,196,9,124,11,173,94,14,49,101,17,18,133,21,20,22,23,24,25,125,27,28,90,85,31,108,33,15,35,36,66,38,39,40,41,42,119,44,45,46,47,48,13,50,51,107,53,54,55,56,109,58,59,60,61,187,63,64,180,37,87,135,150,155,71,127,73,74,159,76,184,78,79,80,167,82,83,84,30,86,67,88,162,29,91,92,93,34,95,77,97,98,99,100,16,179,103,104,183,106,52,32,57,132,111,112,113,70,115,116,178,102,0,120,121,122,26,191,114,126,72,128,137,130,117,110,19,134,68,136,129,138,1,105,131,142,143,194,145,146,147,148,149,10,151,152,43,154,174,118,157,158,75,160,163,89,161,164,165,166,81,168,169,170,171,172,12,123,175,176,177,141,156,65,181,182,140,96,69,186,7,188,2,190,185,192,139,144,195,8,197,198,199,];False
6882;9640;16522;[153,193,189,3,4,5,6,62,196,9,124,11,173,94,14,49,101,103,18,133,21,20,22,23,24,25,125,27,28,90,85,31,108,33,15,35,36,66,38,39,40,41,42,119,44,45,46,122,48,13,50,51,107,53,54,55,56,109,58,59,60,61,187,63,64,180,37,87,135,150,155,71,127,73,74,159,76,184,78,79,80,167,82,83,84,30,86,67,88,162,29,91,92,93,34,95,77,97,98,99,100,16,179,17,104,183,106,52,32,57,132,111,112,113,70,115,116,178,102,0,120,121,47,26,191,114,126,72,128,137,130,117,110,19,134,68,136,129,138,1,105,131,142,143,194,145,146,147,148,149,10,151,152,43,154,174,118,157,158,75,160,163,89,161,164,165,166,81,168,169,170,171,172,12,123,175,176,177,141,156,65,181,182,140,96,69,186,7,188,2,190,185,192,139,144,195,8,197,198,199,];False
6898;9622;16520;[153,193,189,3,4,5,6,62,196,9,124,11,173,94,14,49,101,103,18,133,21,20,22,23,24,25,125,27,28,90,85,31,108,33,15,35,36,66,38,39,40,41,42,119,44,45,46,47,48,13,50,51,107,53,54,55,56,109,58,59,60,143,187,63,64,180,37,87,135,150,155,71,127,73,74,159,76,184,78,79,80,167,82,83,84,30,86,67,88,162,29,91,92,93,34,95,77,97,98,99,100,16,179,168,104,183,106,52,32,57,132,111,112,113,70,115,116,178,102,0,120,121,122,26,191,114,126,72,128,137,130,117,110,19,134,68,136,129,138,1,105,131,142,61,194,145,146,147,148,149,10,151,152,43,154,174,118,157,158,75,160,163,89,161,164,165,166,81,17,169,170,171,172,12,123,175,176,177,141,156,65,181,182,140,96,69,186,7,188,2,190,185,192,139,144,195,8,197,198,199,];False
6905;9608;16513;[153,193,189,3,4,5,6,62,196,9,124,11,173,94,14,49,101,103,18,133,21,20,22,23,24,25,125,27,28,90,85,31,108,33,15,35,36,66,38,39,40,41,42,119,44,45,46,47,48,13,50,51,107,53,54,55,56,109,58,59,60,61,187,63,64,180,37,32,135,150,155,71,127,73,74,159,76,184,78,79,80,167,82,83,84,30,86,67,88,162,29,91,92,93,34,95,77,97,98,99,100,16,179,17,104,183,106,52,87,57,132,111,112,113,70,115,116,178,102,0,120,121,122,26,191,114,126,72,128,137,130,117,110,19,134,68,136,129,138,1,105,131,142,143,194,145,146,147,148,149,10,151,152,43,154,174,118,157,158,75,160,163,89,161,164,165,166,81,168,169,170,171,172,12,123,175,176,177,141,156,65,181,182,140,96,69,186,7,188,2,190,185,192,139,144,195,8,197,198,199,];False
6892;9621;16513;[153,193,189,3,4,5,6,62,155,9,124,11,173,94,14,49,101,103,18,133,21,20,22,23,24,25,125,27,28,90,85,31,108,33,15,35,36,66,38,39,40,41,42,119,44,45,46,47,48,13,50,51,107,53,54,55,56,109,58,59,60,61,187,63,64,180,37,87,135,150,196,71,127,73,74,159,76,184,78,79,80,167,82,83,84,30,86,67,88,162,29,91,92,93,34,95,77,97,98,99,100,16,179,17,104,183,106,52,32,57,132,111,112,113,70,115,116,178,102,0,120,121,122,26,191,114,126,72,128,137,130,117,110,19,134,68,136,129,138,1,105,131,142,143,194,145,146,147,148,149,10,151,152,43,154,174,118,157,158,75,160,163,89,161,164,165,166,81,168,169,170,171,172,12,123,175,176,177,141,156,65,181,182,140,96,69,186,7,188,2,190,185,192,139,144,195,8,197,198,199,];False
6853;9659;16512;[153,193,189,3,4,5,6,62,196,9,124,11,173,94,14,49,101,103,18,133,21,20,22,23,24,25,125,27,28,90,85,31,108,33,15,35,36,0,38,39,40,41,42,119,44,45,46,47,48,13,50,51,107,53,54,55,56,109,58,59,60,61,187,63,64,180,37,87,135,150,155,71,127,73,74,159,76,184,78,79,80,167,82,83,84,30,86,67,88,162,29,91,92,93,34,95,77,97,98,99,100,16,179,168,104,183,106,52,32,57,132,111,112,113,70,115,116,178,102,66,120,121,122,26,191,114,126,72,128,137,130,117,110,19,134,68,136,129,138,1,105,131,142,143,194,145,146,147,148,149,10,151,152,43,154,174,118,157,158,75,160,163,89,161,164,165,166,81,17,169,170,171,172,12,123,175,176,177,141,156,65,181,182,140,96,69,186,7,188,2,190,185,192,139,144,195,8,197,198,199,];False
6875;9634;16509;[153,193,189,3,4,5,6,62,196,9,124,11,173,85,14,49,101,103,18,133,21,20,22,23,24,25,125,27,28,90,94,31,108,33,15,35,36,66,38,39,40,41,42,119,44,45,46,47,48,13,50,51,107,53,54,55,56,109,58,59,60,61,187,63,64,180,37,87,135,150,155,71,127,73,74,159,76,184,78,79,80,167,82,83,84,30,86,67,88,162,29,91,92,93,34,95,77,97,98,99,100,16,179,168,104,183,106,52,32,57,132,111,112,113,70,115,116,178,102,0,120,121,122,26,191,114,126,72,128,137,130,117,110,19,134,68,136,129,138,1,105,131,142,143,194,145,146,147,148,149,10,151,152,43,154,174,118,157,158,75,160,163,89,161,164,165,166,81,17,169,170,171,172,12,123,175,176,177,141,156,65,181,182,140,96,69,186,7,188,2,190,185,192,139,144,195,8,197,198,199,];False
6904;9596;16500;[153,193,189,3,4,5,6,62,196,9,124,11,173,94,14,49,101,100,18,133,21,20,22,23,24,25,125,27,28,90,85,31,108,33,15,35,36,66,38,39,40,41,42,119,44,45,46,47,48,13,50,51,107,53,54,55,56,109,58,59,60,61,187,63,64,180,37,87,135,150,155,71,127,73,74,159,76,184,78,79,80,167,82,83,84,30,86,67,88,162,29,91,92,93,34,95,77,97,98,99,103,16,179,17,104,183,106,52,32,57,132,111,112,113,70,115,116,178,102,0,120,121,122,26,191,114,126,72,128,137,130,117,110,19,134,68,136,129,138,1,105,131,142,143,194,145,146,147,148,149,10,151,152,43,154,174,118,157,158,75,160,163,89,161,164,165,166,81,168,169,170,171,172,12,123,175,176,177,141,156,65,181,182,140,96,69,186,7,188,2,190,185,192,139,144,195,8,197,198,199,];False
6867;9624;16491;[153,193,189,3,4,5,6,62,196,9,124,11,173,94,14,49,101,103,18,133,21,20,22,135,24,25,125,27,28,90,85,31,108,33,15,35,36,66,38,39,40,41,42,119,44,45,46,47,48,13,50,51,107,53,54,55,56,109,58,59,60,61,187,63,64,180,37,87,23,150,155,71,127,73,74,159,76,184,78,79,80,167,82,83,84,30,86,67,88,162,29,91,92,93,34,95,77,97,98,99,100,16,179,17,104,183,106,52,32,57,132,111,112,113,70,115,116,178,102,0,120,121,122,26,191,114,126,72,128,137,130,117,110,19,134,68,136,129,138,1,105,131,142,143,194,145,146,147,148,149,10,151,152,43,154,174,118,157,158,75,160,163,89,161,164,165,166,81,168,169,170,171,172,12,123,175,176,177,141,156,65,181,182,140,96,69,186,7,188,2,190,185,192,139,144,195,8,197,198,199,];False
6901;9582;16483;[153,193,189,3,4,5,6,62,196,9,124,11,173,94,14,49,101,103,18,133,21,20,22,23,24,25,125,27,28,90,85,31,108,33,15,35,36,66,38,39,40,41,42,119,44,45,46,47,48,13,50,51,107,53,54,55,56,109,58,59,60,61,187,63,64,180,37,87,135,150,155,71,127,73,74,159,76,184,78,79,80,167,82,83,84,30,86,67,88,162,29,91,92,93,34,95,77,97,98,99,100,16,179,17,104,183,106,52,134,57,132,111,112,113,70,115,116,178,102,0,120,121,122,26,191,114,126,72,128,137,130,117,110,19,32,68,136,129,138,1,105,131,142,143,194,145,146,147,148,149,10,151,152,43,154,174,118,157,158,75,160,163,89,161,164,165,166,81,168,169,170,171,172,12,123,175,176,177,141,156,65,181,182,140,96,69,186,7,188,2,190,185,192,139,144,195,8,197,198,199,];False
6845;9634;16479;[146,193,189,3,4,5,6,62,196,9,124,11,173,94,14,49,101,103,18,133,21,20,22,23,24,25,125,27,28,90,85,31,108,33,15,35,36,66,38,39,40,41,42,119,44,45,46,47,48,13,50,51,107,53,54,55,56,109,58,59,60,61,187,63,64,180,37,87,135,150,155,71,127,73,74,159,76,184,78,79,121,167,82,83,84,30,86,67,88,162,29,91,92,93,34,95,77,52,98,99,100,16,179,168,104,183,106,97,32,57,132,111,112,113,70,115,116,178,102,0,120,80,122,26,191,114,126,72,128,137,130,117,110,19,134,68,136,129,138,1,105,131,142,143,194,145,153,147,148,149,10,151,152,43,154,174,118,157,158,75,160,163,89,161,164,165,166,81,17,169,170,171,172,12,123,175,176,177,141,156,65,181,182,140,96,69,186,7,188,2,190,185,192,139,144,195,8,197,198,199,];False
6850;9621;16471;[153,193,189,3,4,5,6,62,196,9,124,11,173,94,14,49,101,103,18,133,21,20,22,23,24,25,125,27,28,90,85,31,108,33,15,35,36,66,38,39,40,41,42,119,44,45,46,47,48,13,50,51,107,53,54,55,56,109,58,59,60,61,187,63,64,180,37,87,135,150,155,71,127,73,74,159,76,184,78,79,80,167,82,83,84,30,86,67,88,162,29,91,92,93,34,95,77,97,98,99,100,16,179,17,104,183,106,52,32,57,132,111,112,113,70,115,116,178,102,0,120,121,122,26,191,114,126,72,128,137,130,117,110,19,134,68,136,129,138,1,105,131,142,143,194,145,146,147,148,149,10,151,152,43,154,174,118,157,158,75,160,163,89,161,164,165,166,81,168,169,170,171,172,12,123,175,176,177,141,156,65,181,182,140,96,69,186,7,188,2,190,185,192,139,144,195,8,197,198,199,];False
6869;9593;16462;[146,193,189,3,4,5,6,62,196,9,124,11,173,94,14,49,101,103,18,133,21,20,22,23,24,25,125,27,28,90,85,31,108,33,15,35,36,66,38,39,40,41,42,119,44,45,46,47,48,13,50,51,107,53,54,55,56,109,58,59,60,61,187,63,64,180,37,87,135,150,155,71,127,73,74,159,76,184,78,79,80,167,82,136,84,30,86,67,88,162,29,91,92,93,34,95,77,97,98,99,100,16,179,168,104,183,106,52,32,57,132,111,112,113,70,115,116,178,102,0,120,121,122,26,191,114,126,72,128,137,130,117,110,19,134,68,83,129,138,1,105,131,142,143,194,145,153,147,148,149,10,151,152,43,154,174,118,157,158,75,160,163,89,161,164,165,166,81,17,169,170,171,172,12,123,175,176,177,141,156,65,181,182,140,96,69,186,7,188,2,190,185,192,139,144,195,8,197,198,199,];False
6826;9621;16447;[153,193,189,3,4,5,6,62,196,9,124,11,173,94,14,49,101,103,18,133,21,20,22,23,24,25,125,27,28,90,85,31,108,33,15,35,36,66,38,39,40,41,42,119,44,45,46,47,48,13,50,51,107,53,54,55,56,109,58,59,60,61,187,63,64,180,37,87,135,150,155,71,127,73,74,159,76,184,78,79,80,167,82,83,84,30,86,67,88,162,29,91,92,93,34,95,77,97,98,99,100,16,179,168,104,183,106,52,32,57,132,111,112,113,70,115,116,178,102,0,120,121,122,26,191,114,126,72,128,137,130,117,110,19,134,68,136,129,138,1,105,131,142,143,194,145,146,147,148,149,10,151,152,43,154,174,118,157,158,75,160,163,89,161,164,165,166,81,17,169,170,171,172,12,123,175,176,177,141,156,65,181,182,140,96,69,186,7,188,2,190,185,192,139,144,195,8,197,198,199,];False
6808;9635;16443;[146,193,189,3,4,5,6,62,196,9,124,11,173,94,14,49,101,103,18,133,21,20,22,23,24,25,125,27,28,90,85,31,108,33,15,35,36,66,38,39,40,41,42,119,44,45,46,47,48,13,178,51,107,53,54,55,56,109,58,59,60,61,187,63,64,180,37,87,135,150,155,71,127,73,74,159,76,184,78,79,80,167,82,83,84,30,86,67,88,162,29,91,92,93,34,95,77,97,98,99,100,16,179,168,104,183,106,52,32,57,132,111,112,113,70,115,116,50,102,0,120,121,122,26,191,114,126,72,128,137,130,117,110,19,134,68,136,129,138,1,105,131,142,143,194,145,153,147,148,149,10,151,152,43,154,174,118,157,158,75,160,163,89,161,164,165,166,81,17,169,170,171,172,12,123,175,176,177,141,156,65,181,182,140,96,69,186,7,188,2,190,185,192,139,144,195,8,197,198,199,];False
6771;9629;16400;[146,193,189,3,4,5,6,62,196,9,124,11,173,94,14,49,101,103,18,133,21,20,22,23,24,25,125,27,28,90,85,31,108,33,15,35,36,66,38,39,40,41,42,119,44,45,46,47,48,13,50,51,107,53,54,55,56,109,58,59,60,61,187,63,64,180,37,87,135,150,155,71,127,73,74,159,76,184,78,79,80,167,82,83,84,30,86,67,88,162,29,91,92,93,34,95,77,97,98,99,100,16,179,168,104,183,106,52,32,57,132,111,112,113,70,115,116,178,102,0,120,121,122,26,191,114,126,72,128,137,130,117,110,19,134,68,136,129,138,1,105,131,142,143,194,145,153,147,148,149,10,151,152,43,154,174,118,157,158,75,160,163,89,161,164,165,166,81,17,169,170,171,172,12,123,175,176,177,141,156,65,181,182,140,96,69,186,7,188,2,190,185,192,139,144,195,8,197,198,199,];False
6725;9640;16365;[146,193,189,3,4,5,6,62,196,9,124,11,173,94,14,49,101,103,18,133,21,20,22,23,24,25,125,27,28,90,85,31,108,33,15,35,36,66,38,39,40,41,42,119,44,45,46,47,48,13,50,51,107,53,54,55,56,109,58,59,60,61,187,63,64,180,37,87,135,150,155,71,127,73,74,159,76,184,78,79,121,167,82,83,84,30,86,67,88,162,29,91,92,93,34,95,77,97,98,99,100,16,179,168,104,183,106,52,32,57,132,111,112,113,70,115,116,178,102,0,120,80,122,26,191,114,126,72,128,137,130,117,110,19,134,68,136,129,138,1,105,131,142,143,194,145,153,147,148,149,10,151,152,43,154,174,118,157,158,75,160,163,89,161,164,165,166,81,17,169,170,171,172,12,123,175,176,177,141,156,65,181,182,140,96,69,186,7,188,2,190,185,192,139,144,195,8,197,198,199,];False
6696;9653;16349;[146,193,189,3,4,5,6,62,196,9,124,11,173,94,14,49,101,103,18,133,21,20,22,23,24,25,125,27,28,90,85,31,108,33,15,35,36,66,38,39,40,41,42,119,44,45,46,120,48,13,50,51,107,53,54,55,56,109,58,59,82,61,187,63,64,180,37,87,135,150,155,71,127,73,74,159,76,184,78,79,121,167,60,83,84,30,86,67,88,162,29,91,92,93,34,95,77,97,98,99,122,16,179,168,104,183,106,52,32,57,132,111,112,113,70,115,116,178,102,0,47,80,100,26,191,114,126,72,128,137,130,117,110,19,134,68,136,129,138,1,105,131,142,143,194,145,153,147,148,149,10,151,152,43,154,174,118,157,158,75,160,163,89,161,164,165,166,81,17,169,170,171,172,12,123,175,176,177,141,156,65,181,182,140,96,69,186,7,188,2,190,185,192,139,144,195,8,197,198,199,];False
6664;9658;16322;[146,193,189,3,4,5,6,62,196,9,124,11,173,94,14,49,101,103,18,133,21,20,22,23,24,25,125,27,28,90,85,31,108,33,15,35,36,66,38,39,40,41,42,119,44,45,46,47,48,13,50,51,107,53,54,55,56,109,58,59,82,61,187,63,64,180,37,87,135,150,155,71,127,73,74,159,76,184,78,79,121,167,60,83,84,30,86,67,88,162,29,91,92,93,34,95,77,97,98,99,122,16,179,168,104,194,106,52,32,57,132,111,112,113,70,115,116,178,102,0,120,80,100,26,191,114,126,72,128,137,130,117,110,19,134,68,136,129,138,1,105,131,142,143,183,145,153,147,148,149,10,151,152,43,154,174,118,157,158,75,160,163,89,161,164,165,166,81,17,169,170,171,172,12,123,175,176,177,141,156,65,181,182,140,96,69,186,7,188,2,190,185,192,139,144,195,8,197,198,199,];False
6667;9649;16316;[146,193,189,3,4,5,6,62,196,9,124,11,173,94,14,49,101,103,18,133,21,20,22,23,24,25,125,27,28,90,85,31,108,33,15,35,36,66,38,39,40,41,42,119,44,45,46,47,48,13,50,51,107,53,54,55,56,109,58,59,60,61,187,63,64,180,37,87,135,150,155,71,127,73,74,159,76,184,78,79,121,167,82,83,84,30,86,67,88,162,29,91,92,93,34,95,77,97,98,99,122,16,179,168,104,183,106,52,32,57,132,111,112,113,70,115,116,178,102,0,120,80,100,26,191,114,126,72,128,137,130,117,110,19,134,68,136,129,138,1,105,131,142,143,194,145,153,147,148,149,10,151,152,43,154,174,118,157,158,75,160,163,89,161,164,165,166,81,17,169,170,171,172,12,123,175,176,177,141,156,65,181,182,140,96,69,186,7,188,2,190,185,192,139,144,195,8,197,198,199,];False
6614;9696;16310;[146,193,189,3,4,5,6,62,196,9,124,11,173,94,14,49,101,103,18,133,21,20,22,23,24,25,125,27,28,90,85,31,108,33,15,35,65,66,38,39,40,41,42,119,44,45,46,47,48,13,50,51,107,53,54,55,56,109,58,59,82,61,187,63,64,180,37,87,135,150,155,71,127,73,74,159,76,184,78,79,121,167,60,83,84,30,86,67,88,162,29,91,92,171,34,95,77,97,98,99,122,16,179,168,104,183,106,52,32,57,132,111,112,113,70,115,116,178,102,0,120,80,100,26,191,114,126,72,128,137,130,117,110,19,134,68,136,129,138,1,105,131,142,143,194,145,153,147,148,149,10,151,152,43,154,174,118,157,158,75,160,163,89,161,164,165,166,81,17,169,170,93,172,12,123,175,176,177,141,156,36,181,182,140,96,69,186,7,188,2,190,185,192,139,144,195,8,197,198,199,];False
6622;9654;16276;[146,193,189,3,4,5,6,62,196,9,124,11,173,94,14,49,101,103,18,133,21,20,22,23,24,25,125,27,28,90,85,31,108,33,15,35,36,66,38,39,40,41,42,119,44,45,46,47,48,13,50,51,107,53,54,55,56,109,58,59,82,61,187,63,64,180,37,87,135,150,155,71,127,73,74,159,76,184,78,79,121,167,60,83,84,30,86,67,88,162,29,91,92,93,34,95,77,97,98,99,122,16,179,168,104,183,106,52,32,57,132,111,112,113,70,115,116,178,102,0,120,80,100,26,191,114,126,72,128,137,130,117,110,19,134,68,136,129,138,1,105,131,142,143,194,145,153,147,148,149,10,151,152,43,154,174,118,157,158,75,160,163,89,161,164,165,166,81,17,169,170,171,172,12,123,175,176,177,141,156,65,181,182,140,96,69,186,7,188,2,190,185,192,139,144,195,8,197,198,199,];False
6616;9622;16238;[146,193,189,3,4,5,6,62,196,9,124,11,173,94,14,49,101,103,18,133,21,20,22,23,24,25,125,27,28,90,85,31,108,33,15,35,36,66,38,39,40,54,42,119,44,45,46,47,48,13,50,51,107,53,41,55,56,109,58,59,82,61,187,63,64,180,37,87,135,150,155,71,127,73,74,159,76,184,78,79,121,167,60,83,84,30,86,67,88,162,29,91,92,171,34,95,77,97,98,99,122,16,177,168,104,183,106,52,32,57,132,111,112,113,70,115,116,178,102,0,120,80,100,26,191,114,126,72,128,137,130,117,110,19,134,68,136,129,138,1,105,131,142,143,194,145,153,147,148,149,10,151,152,43,154,174,118,157,158,75,160,163,89,161,164,165,166,81,17,169,170,93,172,12,123,175,176,179,141,156,65,181,182,140,96,69,186,7,188,2,190,185,192,139,144,195,8,197,198,199,];False
6574;9657;16231;[146,193,189,3,4,5,6,62,196,9,124,11,173,94,14,49,101,103,18,133,21,20,22,23,24,25,125,27,28,90,85,31,108,33,15,35,63,66,38,39,40,41,42,119,44,45,46,47,48,13,50,51,107,53,54,55,56,109,58,59,82,61,187,36,64,180,37,87,135,150,155,71,127,73,74,159,76,184,78,79,121,167,60,83,84,30,86,67,88,162,29,91,92,171,34,95,77,97,98,99,122,16,179,168,104,183,106,52,32,57,132,111,112,113,70,115,116,178,102,0,120,80,100,26,191,114,126,72,128,137,130,117,110,19,134,68,136,129,138,1,105,131,142,143,194,145,153,147,148,149,10,151,152,43,154,174,118,157,158,75,160,163,89,161,164,165,166,81,17,169,170,93,172,12,123,175,176,177,141,156,65,181,182,140,96,69,186,7,188,2,190,185,192,139,144,195,8,197,198,199,];False
6595;9634;16229;[146,193,189,3,4,5,6,62,196,9,124,11,173,94,14,49,101,103,18,133,21,20,22,23,24,25,125,27,28,90,85,31,108,33,15,35,8,66,38,39,40,54,42,119,44,45,46,47,48,13,50,51,107,53,41,55,56,109,58,59,82,61,187,63,64,180,37,87,135,150,155,71,127,73,74,159,76,184,78,79,121,167,60,83,84,30,86,67,88,162,29,91,92,171,34,95,77,97,98,99,122,16,179,168,104,183,106,52,32,57,132,111,112,113,70,115,116,178,102,0,120,80,100,26,191,114,126,72,128,137,130,117,110,19,134,68,136,129,138,1,105,131,142,143,194,145,153,147,148,149,10,151,152,43,154,174,118,157,158,75,160,163,89,161,164,165,166,81,17,169,170,93,172,12,123,175,176,177,141,156,65,181,182,140,96,69,186,7,188,2,190,185,192,139,144,195,36,197,198,199,];False
6562;9666;16228;[146,193,189,3,4,5,6,62,196,9,124,11,173,94,14,28,101,103,18,133,21,20,22,23,24,25,125,27,49,90,85,31,108,33,15,35,36,66,38,39,40,41,42,119,44,45,46,47,48,13,50,51,107,53,54,55,56,109,58,59,82,61,187,63,64,180,37,87,135,150,155,71,127,73,74,159,76,184,78,79,121,167,60,83,84,30,86,67,88,162,29,91,92,171,34,95,77,97,98,99,122,16,179,168,104,183,106,52,32,57,132,111,112,113,70,115,116,178,102,0,120,80,100,26,191,114,126,72,128,137,130,117,110,19,134,68,136,129,138,1,105,131,142,143,194,145,153,147,148,149,10,151,152,43,154,174,118,157,158,75,160,163,89,161,164,165,166,81,17,169,170,93,172,12,123,175,176,177,141,156,65,181,182,140,96,69,186,7,188,2,190,185,192,139,144,195,8,197,198,199,];False
6498;9720;16218;[146,193,189,3,4,5,6,62,196,9,124,11,173,94,14,49,101,103,18,133,21,20,22,23,24,25,125,27,28,90,85,31,108,33,15,35,36,66,38,39,40,41,178,119,44,45,46,47,48,13,50,51,107,53,54,55,56,109,58,59,82,61,187,63,64,180,37,87,135,150,155,71,127,73,74,159,76,184,78,79,121,167,60,83,84,30,86,67,88,162,29,91,92,171,34,95,77,97,98,99,122,16,179,168,104,183,106,52,32,57,132,111,112,113,70,115,116,42,102,0,120,80,100,26,191,114,126,72,128,137,130,117,110,19,134,68,136,129,138,1,105,131,142,143,194,145,153,147,148,149,10,151,152,43,154,174,118,157,158,75,160,163,89,161,164,165,166,81,17,169,170,93,172,12,123,175,176,177,141,156,65,181,182,140,96,69,186,7,188,2,190,185,192,139,144,195,8,197,198,199,];False
6535;9653;16188;[146,193,189,3,4,5,6,62,196,9,124,11,173,94,14,49,101,103,18,133,21,20,22,23,24,25,125,27,28,90,85,31,108,33,15,35,36,66,38,39,40,54,42,119,44,45,46,47,48,13,50,51,107,53,41,55,56,109,58,59,82,61,187,63,64,180,37,87,135,150,155,71,127,73,74,167,76,184,78,79,121,159,60,83,84,30,86,67,88,162,29,91,92,171,34,95,77,97,98,99,122,16,179,168,104,183,106,52,32,57,132,111,112,113,70,115,116,178,102,0,120,80,100,26,191,114,126,72,128,137,130,117,110,19,134,68,136,129,138,1,105,131,142,143,194,145,153,147,148,149,10,151,152,43,154,174,118,157,158,75,160,163,89,161,164,165,166,81,17,169,170,93,172,12,123,175,176,177,141,156,65,181,182,140,96,69,186,7,188,2,190,185,192,139,144,195,8,197,198,199,];False
6510;9672;16182;[146,193,189,3,4,5,6,62,196,9,124,11,173,94,14,49,101,103,18,133,21,20,22,23,24,25,125,27,28,90,85,31,108,33,15,35,36,66,38,39,40,41,42,119,44,45,46,47,48,13,50,51,107,53,54,55,56,109,58,59,82,61,187,63,64,180,37,87,135,150,155,71,127,73,74,159,76,184,78,79,121,167,60,83,84,30,86,67,88,162,29,91,92,171,34,95,77,97,98,99,122,16,179,168,104,183,106,52,32,57,132,111,112,113,70,115,116,178,102,0,120,80,100,26,191,114,126,72,128,137,130,117,110,19,134,68,136,129,138,1,105,131,142,143,194,145,153,147,148,149,10,151,152,43,154,174,118,157,158,75,160,163,89,161,164,165,166,81,17,169,170,93,172,12,123,175,176,177,141,156,65,181,182,140,96,69,186,7,188,2,190,185,192,139,144,195,8,197,198,199,];False
6529;9626;16155;[146,193,189,3,4,5,6,62,196,9,124,11,173,94,14,49,101,103,18,133,21,20,22,23,24,25,125,27,28,90,85,31,108,33,15,171,36,66,38,39,40,54,42,119,44,45,46,47,48,13,50,51,107,53,41,55,56,109,58,59,82,61,187,63,64,180,37,87,135,150,155,71,127,73,74,159,76,184,78,79,121,167,60,83,84,30,86,67,88,162,29,91,92,35,34,95,77,97,98,99,122,16,179,168,104,183,106,52,32,57,132,111,112,113,70,115,116,178,102,0,120,80,100,26,191,114,126,72,128,137,130,117,110,19,134,68,136,129,138,1,105,131,142,143,194,145,153,147,148,149,10,151,152,43,154,174,118,157,158,75,160,163,89,161,164,165,166,81,17,169,170,93,172,12,123,175,176,177,141,156,65,181,182,140,96,69,186,7,188,2,190,185,192,139,144,195,8,197,198,199,];False
6509;9629;16138;[146,193,189,3,4,5,6,62,196,9,124,11,173,94,14,49,101,103,18,133,21,20,22,23,24,43,125,27,28,90,85,31,108,33,15,35,36,66,38,39,40,54,42,119,44,45,46,47,48,13,50,51,107,53,41,55,56,109,58,59,82,61,187,63,64,180,37,87,135,150,155,71,127,73,74,159,76,184,78,79,121,167,60,83,84,30,86,67,88,162,29,91,92,171,34,95,77,97,98,99,122,16,179,168,104,183,106,52,32,57,132,111,112,113,70,115,116,178,102,0,120,80,100,26,191,114,126,72,128,137,130,117,110,19,134,68,136,129,138,1,105,131,142,143,194,145,153,147,148,149,10,151,152,25,154,174,118,157,158,75,160,163,89,161,164,165,166,81,17,169,170,93,172,12,123,175,176,177,141,156,65,181,182,140,96,69,186,7,188,2,190,185,192,139,144,195,8,197,198,199,];False
6536;9571;16107;[146,193,189,3,4,5,6,62,196,9,124,11,173,94,14,49,101,103,18,133,76,20,22,23,24,74,125,27,28,90,85,31,108,33,15,35,36,66,38,39,40,54,42,119,44,45,46,47,48,13,50,51,107,53,41,55,56,109,58,59,95,61,187,63,64,180,37,87,135,150,155,71,127,73,25,159,21,184,78,79,121,167,60,83,84,30,86,67,88,162,29,91,92,171,34,82,77,97,98,99,122,116,179,168,104,183,106,52,32,57,188,111,112,113,70,115,16,178,102,0,120,80,100,26,191,114,126,72,128,137,130,117,110,19,134,68,136,129,138,1,105,131,142,143,194,145,153,147,148,149,10,151,152,43,154,174,118,157,158,75,160,163,89,161,164,165,166,81,17,169,170,93,172,12,141,175,176,177,123,156,65,181,182,140,96,69,186,7,132,2,190,185,192,139,144,195,8,197,198,199,];False
6469;9632;16101;[146,193,189,3,4,5,6,62,196,9,124,11,173,94,14,49,101,103,18,133,21,20,22,23,24,25,125,27,28,90,85,31,108,33,15,35,36,66,38,39,40,54,42,119,44,45,46,47,48,13,50,51,107,53,41,55,56,109,58,59,82,61,187,63,64,180,37,87,135,150,155,71,127,73,74,159,76,184,78,79,121,167,60,83,84,30,86,67,88,162,29,91,92,171,34,95,77,97,98,99,122,16,179,168,104,183,106,52,32,57,132,111,112,113,70,115,116,178,102,0,120,80,100,26,191,114,126,72,128,137,130,117,110,19,134,68,136,129,138,1,105,131,142,143,194,145,153,147,148,149,10,151,152,43,154,174,118,157,158,75,160,163,89,161,164,165,166,81,17,169,170,93,172,12,123,175,176,177,141,156,65,181,182,140,96,69,186,7,188,2,190,185,192,139,144,195,8,197,198,199,];False
6474;9627;16101;[146,193,189,3,4,5,6,62,196,9,124,11,173,94,14,49,101,103,18,133,21,20,22,23,24,25,125,27,28,90,85,31,108,33,15,35,36,66,38,39,40,54,42,119,44,45,46,47,48,13,50,51,107,53,41,55,56,109,58,59,82,61,187,63,64,180,37,87,135,150,155,71,127,73,74,159,76,184,78,79,121,167,60,83,84,30,86,67,88,162,29,91,92,171,34,95,77,97,98,99,122,16,179,168,104,183,106,52,174,57,132,111,112,113,70,115,116,178,102,0,120,80,100,26,191,114,126,72,128,137,130,117,110,19,134,68,136,129,138,1,105,131,142,143,194,145,153,147,148,149,10,151,152,43,154,32,118,157,158,75,160,163,89,161,164,165,166,81,17,169,170,93,172,12,123,175,176,177,141,156,65,181,182,140,96,69,186,7,188,2,190,185,192,139,144,195,8,197,198,199,];False
6490;9601;16091;[146,193,189,3,4,5,6,62,196,9,124,11,173,94,14,49,101,103,18,133,76,20,22,23,24,25,125,27,28,90,85,31,108,33,15,35,36,66,38,39,40,54,42,119,44,45,46,47,48,13,50,51,107,53,41,55,56,109,58,59,95,61,187,63,64,180,37,87,135,150,155,71,127,73,74,185,21,184,78,79,121,167,60,83,84,30,86,67,88,162,29,91,92,171,34,82,77,97,98,99,122,116,179,168,104,183,106,52,32,57,188,111,112,113,70,115,16,178,102,0,120,80,100,26,191,114,126,72,128,137,130,117,110,19,134,68,136,129,138,1,105,131,142,143,194,145,153,147,148,149,10,151,152,43,154,174,118,157,158,75,160,163,89,161,164,165,166,81,17,169,170,93,172,12,141,175,176,177,123,156,65,181,182,140,96,69,186,7,132,2,190,159,192,139,144,195,8,197,198,199,];False
6532;9551;16083;[146,193,189,3,4,5,6,62,196,9,124,11,173,94,14,49,101,103,18,133,21,20,22,23,24,25,125,27,28,90,85,31,108,136,15,35,36,66,38,39,40,54,42,119,44,45,46,47,48,13,50,51,107,53,41,55,56,109,58,59,82,61,187,63,64,180,37,87,135,150,155,71,127,73,74,159,76,184,78,79,121,167,60,83,84,30,86,67,88,162,29,91,92,171,34,95,77,97,98,99,122,16,179,168,104,183,106,52,32,57,132,111,112,113,70,115,116,178,102,0,120,80,100,26,191,114,126,72,128,137,130,117,110,19,134,68,33,129,138,1,105,131,142,143,194,145,153,147,148,149,10,151,152,43,154,174,118,157,158,75,160,163,89,161,164,165,166,81,17,169,170,93,172,12,141,175,176,177,123,156,65,181,182,140,96,69,186,7,188,2,190,185,192,139,144,195,8,197,198,199,];False
6490;9576;16066;[146,193,189,3,4,5,6,62,196,9,124,11,173,94,14,49,101,103,18,133,21,20,22,23,24,25,125,27,28,90,85,31,108,33,15,35,36,66,38,39,40,54,42,119,44,45,46,47,48,13,50,51,107,53,41,55,56,109,58,59,82,61,187,63,64,180,37,87,135,150,155,71,127,73,74,159,76,86,78,79,121,167,60,83,84,30,184,67,88,162,29,91,92,171,34,95,77,97,98,99,122,16,179,168,104,183,106,52,32,57,132,111,112,113,70,115,116,178,102,0,120,80,100,26,191,114,126,72,128,137,130,117,110,19,134,68,136,129,138,1,105,131,142,143,194,145,153,147,148,149,10,151,152,43,154,174,118,157,158,75,160,163,89,161,164,165,166,81,17,169,170,93,172,12,141,175,176,177,123,156,65,181,182,140,96,69,186,7,188,2,190,185,192,139,144,195,8,197,198,199,];False
6484;9576;16060;[146,193,189,3,4,5,6,62,196,9,124,11,173,94,14,49,101,103,18,133,21,20,22,23,24,25,125,27,28,90,85,31,108,33,15,35,36,66,38,39,40,54,42,119,44,45,46,47,48,13,50,51,107,53,41,55,56,109,58,59,82,61,187,63,64,180,37,87,135,150,155,71,127,73,74,159,76,184,78,79,121,167,60,83,84,30,86,67,88,162,29,91,92,171,34,95,77,97,98,99,122,16,179,168,104,183,106,52,32,57,132,111,112,113,70,115,116,178,102,0,120,80,100,26,191,114,126,72,128,137,130,117,110,19,134,68,136,129,138,1,105,131,142,143,194,145,153,147,148,149,10,151,152,43,154,174,118,157,158,75,160,163,89,161,164,165,166,81,17,169,170,93,172,12,141,175,176,177,123,156,65,181,182,140,96,69,186,7,188,2,190,185,192,139,144,195,8,197,198,199,];False
6448;9565;16013;[146,193,189,3,4,5,6,62,196,9,124,11,173,94,14,49,101,103,18,133,76,20,22,23,24,25,125,27,28,90,85,31,108,33,15,35,36,66,38,39,40,54,42,119,44,45,46,47,48,13,50,51,107,53,41,55,56,109,58,59,82,61,187,63,64,180,37,87,135,150,155,71,127,73,74,159,21,184,78,79,121,167,60,83,84,30,86,67,88,162,29,91,92,171,34,95,77,97,98,99,122,16,179,168,104,183,106,52,32,57,132,111,112,113,70,115,116,178,102,0,120,80,100,26,191,114,126,72,128,137,130,117,110,19,134,68,136,129,138,1,105,131,142,143,194,145,153,147,148,149,10,151,152,43,154,174,118,157,158,75,160,163,89,161,164,165,166,81,17,169,170,93,172,12,141,175,176,177,123,156,65,181,182,140,96,69,186,7,188,2,190,185,192,139,144,195,8,197,198,199,];False
6490;9516;16006;[146,193,189,3,4,5,6,62,196,9,124,11,173,94,14,49,101,103,18,133,76,20,22,23,24,25,125,27,28,90,85,31,108,33,15,35,36,66,38,39,40,54,42,119,44,45,46,47,48,13,50,51,107,53,41,55,56,109,58,59,95,61,187,63,64,180,37,87,135,150,155,71,127,73,74,159,21,184,78,79,121,167,60,83,84,30,86,67,88,162,29,91,92,171,34,82,77,97,98,99,122,16,179,168,104,183,106,52,32,57,132,111,112,113,70,115,116,178,102,0,120,80,100,26,191,114,126,72,128,137,130,117,110,19,134,68,136,129,138,1,105,131,142,143,194,145,153,147,148,149,10,151,152,43,154,174,118,157,158,75,160,163,89,161,164,165,166,81,17,169,170,93,172,12,141,175,176,177,123,156,65,181,182,140,96,69,186,7,188,2,190,185,192,139,144,195,8,197,198,199,];False
6454;9543;15997;[146,193,189,3,4,5,6,62,196,9,124,11,173,94,14,49,101,103,18,133,76,20,22,23,24,25,125,27,28,90,85,31,108,33,15,35,36,66,38,39,40,54,42,119,44,45,46,47,48,13,50,51,107,53,41,55,56,109,58,59,95,61,187,63,64,180,37,87,135,150,155,71,127,73,74,159,21,184,78,79,121,167,60,83,84,30,86,67,88,162,29,91,92,171,34,82,77,97,98,99,122,16,179,168,104,183,106,52,32,57,188,111,112,113,70,115,116,178,102,0,120,80,100,26,191,114,126,72,128,137,130,117,110,19,134,68,136,129,138,1,105,131,142,143,194,145,153,147,148,149,10,151,152,43,154,174,118,157,158,75,160,163,89,161,164,165,166,81,17,169,170,93,172,12,141,175,176,177,123,156,65,181,182,140,96,69,186,7,132,2,190,185,192,139,144,195,8,197,198,199,];False
6435;9540;15975;[146,154,189,3,4,5,6,62,196,9,124,11,173,94,14,49,101,103,18,133,76,20,22,23,24,25,125,27,28,90,85,158,108,77,15,35,36,66,181,39,40,54,42,119,44,45,46,47,48,13,50,51,107,53,41,55,56,109,58,59,95,61,187,63,64,180,37,87,135,150,155,71,127,73,74,159,21,184,78,79,121,167,60,83,84,30,86,67,88,162,29,91,92,171,116,82,33,97,98,99,122,34,179,168,104,183,106,52,32,57,188,111,112,113,70,115,16,178,102,0,120,80,100,26,191,114,126,72,128,137,130,117,110,19,134,68,136,129,138,1,105,131,142,143,194,145,153,147,148,149,10,151,152,43,193,174,118,157,31,75,160,163,89,161,164,165,166,81,17,169,170,93,172,12,141,175,176,177,123,156,65,38,182,140,96,69,186,7,132,2,190,185,192,139,144,195,8,197,198,199,];False
6422;9550;15972;[146,193,189,3,4,5,6,62,196,9,124,11,173,94,14,49,101,103,18,133,76,20,22,23,24,25,125,27,28,90,85,31,108,33,15,35,36,66,38,39,40,54,42,119,44,45,46,47,48,13,50,51,107,53,41,55,56,109,58,59,95,61,187,63,64,180,37,87,135,150,155,71,127,73,74,159,21,184,78,79,121,167,60,83,84,30,86,67,88,162,29,149,92,171,34,82,77,97,98,99,122,116,179,168,104,183,106,52,32,57,188,111,112,113,70,115,16,178,102,0,120,80,100,26,191,114,126,72,128,137,130,117,110,19,134,68,136,129,138,1,105,131,142,143,194,145,153,147,148,91,10,151,152,43,154,174,118,157,158,75,160,163,89,161,164,165,166,81,17,169,170,93,172,12,141,175,176,177,123,156,65,181,182,140,96,69,186,7,132,2,190,185,192,139,144,195,8,197,198,199,];False
6357;9538;15895;[146,193,189,3,4,5,6,62,196,9,124,11,173,94,14,49,101,103,18,133,76,20,22,35,24,25,125,27,28,90,85,31,108,33,15,23,36,66,38,39,40,54,42,119,44,45,46,47,48,13,50,51,107,53,41,55,56,109,58,59,95,61,187,63,64,180,37,87,135,150,155,71,127,73,74,159,21,184,78,79,121,167,60,83,84,30,86,67,88,162,29,91,92,171,116,82,77,97,98,99,122,34,179,168,104,183,106,52,32,57,188,111,112,113,70,115,16,178,102,0,120,80,100,26,191,114,126,72,128,137,130,117,110,19,134,68,136,129,138,1,105,131,142,143,194,145,153,147,148,149,10,151,152,43,154,174,118,157,158,75,160,163,89,161,164,165,166,81,17,169,170,93,172,12,141,175,176,177,123,156,65,181,182,140,96,69,186,7,132,2,190,185,192,139,144,195,8,197,198,199,];False
6291;9568;15859;[146,154,189,3,4,5,6,62,196,9,124,11,173,94,14,49,101,103,18,133,76,20,22,23,24,25,125,27,28,90,85,158,108,33,15,35,36,66,181,39,40,109,42,119,44,45,46,47,48,13,50,51,107,53,41,55,56,54,58,59,95,61,187,63,64,180,37,87,135,150,155,71,127,73,74,159,21,184,78,79,121,167,60,83,84,30,86,67,88,162,29,91,92,171,116,82,77,97,98,99,122,34,179,168,104,183,106,52,32,57,188,111,112,113,70,115,16,178,102,0,120,80,100,26,191,114,126,72,128,137,130,117,110,19,134,68,136,129,138,1,105,131,142,143,194,145,153,147,148,149,10,151,152,43,193,174,118,157,31,75,160,163,89,161,164,165,166,81,17,169,170,93,172,12,141,175,176,177,123,156,65,38,182,140,96,69,186,7,132,2,190,185,192,139,144,195,8,197,198,199,];False
6244;9613;15857;[146,193,189,3,4,5,6,62,196,9,124,11,173,94,14,49,101,103,18,133,76,20,22,23,24,25,125,27,28,90,85,158,108,33,15,35,36,66,181,39,40,54,42,119,44,45,46,47,48,13,50,51,107,53,41,55,56,109,58,59,95,61,187,63,64,180,37,87,135,80,155,71,127,73,74,159,21,184,78,79,121,167,60,83,84,30,86,67,88,162,29,91,92,171,116,82,77,97,98,99,122,34,179,168,104,183,106,52,32,57,188,111,112,113,70,115,16,178,102,0,120,150,100,26,191,114,126,72,128,137,130,117,110,19,134,68,136,129,138,1,105,131,142,143,194,145,153,147,148,149,10,151,152,43,154,174,118,157,31,75,160,163,89,161,164,165,166,81,17,169,170,93,172,12,141,175,176,177,123,156,65,38,182,140,96,69,186,7,132,2,190,185,192,139,144,195,8,197,198,199,];False
6292;9559;15851;[146,193,189,3,4,5,6,62,196,9,124,11,173,94,14,49,101,103,18,133,76,20,22,23,24,25,125,27,28,90,85,158,108,33,15,35,36,66,181,39,40,54,42,119,44,45,46,47,48,13,50,51,107,53,41,55,56,109,58,59,95,61,187,63,64,180,37,87,135,150,155,71,143,73,74,159,21,184,78,79,121,167,60,83,84,30,86,67,88,162,29,91,92,171,116,82,77,97,98,99,122,34,179,168,104,183,106,52,32,57,188,111,112,113,70,115,16,178,102,0,120,80,100,26,191,114,126,72,128,137,130,117,110,19,134,68,136,129,138,1,105,131,142,127,194,145,153,147,148,149,10,151,152,43,154,174,118,157,31,75,160,163,89,161,164,165,166,81,17,169,170,93,172,12,141,175,176,177,123,156,65,38,182,140,96,69,186,7,132,2,190,185,192,139,144,195,8,197,198,199,];False
6308;9541;15849;[146,193,189,3,4,5,6,62,196,9,124,11,173,94,14,49,101,103,18,133,76,20,22,23,24,25,125,27,28,90,85,31,108,33,15,35,36,66,38,39,40,54,42,119,44,45,46,81,48,13,50,51,107,53,41,55,56,109,58,59,95,61,187,63,64,180,37,87,135,150,155,71,127,73,74,159,21,184,78,79,121,167,60,83,84,30,86,67,88,162,29,91,92,171,116,82,77,97,98,99,122,34,179,168,104,183,106,52,32,57,188,111,112,113,70,115,16,178,102,0,120,80,100,26,191,114,126,72,128,137,130,117,110,19,134,68,136,129,138,1,105,131,142,143,194,145,153,147,148,149,10,151,152,43,154,174,118,157,158,75,160,163,89,161,164,165,166,47,17,169,170,93,172,12,141,175,176,177,123,156,65,181,182,140,96,69,186,7,132,2,190,185,192,139,144,195,8,197,198,199,];False
6334;9513;15847;[146,154,189,3,4,5,6,62,196,9,124,11,173,94,14,49,101,103,18,133,76,20,22,23,24,25,125,27,28,90,85,158,108,33,15,35,36,66,181,39,40,54,42,119,44,45,46,47,48,13,50,51,107,53,41,55,56,109,58,59,95,61,187,63,64,180,37,87,135,150,155,71,127,73,74,159,21,184,78,79,121,167,60,83,84,30,86,67,88,162,29,91,92,171,116,82,77,97,98,99,122,34,179,168,104,183,106,52,32,57,188,111,112,113,70,115,16,178,102,0,120,80,100,26,191,114,126,72,128,137,130,117,110,19,134,68,136,129,138,1,105,131,142,143,194,145,153,147,148,149,10,151,152,43,193,174,118,157,31,75,160,163,89,161,164,165,166,81,17,169,170,93,172,12,141,175,176,177,123,156,65,38,182,140,96,69,186,7,2,132,190,185,192,139,144,195,8,197,198,199,];False
6285;9559;15844;[146,154,189,3,4,5,6,62,196,9,124,11,173,94,14,49,101,103,18,133,76,20,22,23,24,25,125,27,28,90,85,158,153,33,15,35,36,66,181,39,40,54,42,119,44,45,46,47,48,13,50,51,107,53,41,55,56,109,58,59,95,61,187,63,64,180,37,87,135,84,155,71,127,73,74,159,21,184,78,79,121,167,60,83,150,30,86,67,88,162,29,91,92,171,116,82,77,97,70,99,122,34,179,168,104,183,106,52,32,169,188,111,112,113,98,115,16,178,102,0,120,80,100,26,191,114,126,72,128,137,130,117,110,19,134,68,136,129,138,1,105,131,142,143,194,145,108,147,148,149,10,151,152,43,193,174,118,157,31,75,160,163,89,161,164,165,166,81,17,57,170,93,172,12,141,175,176,177,123,156,65,38,182,140,96,69,186,7,132,2,190,185,192,139,144,195,8,197,198,199,];False
6299;9539;15838;[146,193,189,3,4,5,6,62,196,9,124,11,173,94,14,49,101,103,18,133,76,20,22,23,24,25,125,27,28,90,85,31,108,33,15,35,36,66,38,39,40,54,42,119,44,45,46,47,48,13,50,51,107,53,41,55,56,109,58,59,95,61,187,63,64,180,37,87,135,150,155,71,127,73,74,159,21,184,78,79,121,167,60,83,84,30,86,67,88,162,29,91,92,171,34,82,77,97,98,99,122,116,179,168,104,183,106,52,32,57,188,111,112,113,70,115,16,178,102,0,120,80,100,26,191,114,126,72,128,137,130,117,110,19,134,68,136,129,138,1,105,131,142,143,194,145,153,147,148,149,10,151,152,43,154,174,118,157,158,75,160,163,89,161,164,165,166,81,17,169,170,93,172,12,141,175,176,177,123,156,65,181,182,140,96,69,186,7,132,2,190,185,192,139,144,195,8,197,198,199,];False
6304;9533;15837;[146,154,189,3,4,5,6,62,196,9,124,11,173,94,14,49,101,103,18,133,76,20,22,23,24,25,125,27,28,90,85,158,108,33,15,35,36,66,181,39,40,54,42,119,44,45,46,47,48,13,50,51,107,53,41,55,56,109,58,59,95,61,187,63,64,180,37,87,135,150,155,71,127,73,74,159,21,184,78,79,121,167,60,83,84,30,86,67,88,162,29,91,92,171,116,82,77,97,98,99,122,34,179,168,104,183,106,52,32,57,7,111,112,113,70,115,16,178,102,0,120,80,100,26,191,114,126,72,128,137,130,117,110,19,134,68,136,129,138,1,105,131,142,143,194,145,153,147,148,149,10,151,152,43,193,174,118,157,31,75,160,163,89,161,164,165,166,81,17,169,170,93,172,12,141,175,176,177,123,156,65,38,182,140,96,69,186,188,132,2,190,185,192,139,144,195,8,197,198,199,];False
6294;9542;15836;[146,154,189,3,4,5,6,62,196,9,124,11,173,94,14,49,101,103,18,133,76,20,22,23,24,25,125,27,28,90,85,158,153,33,15,35,36,66,181,39,40,54,42,119,44,45,46,47,48,13,50,51,107,53,41,55,56,109,58,59,95,61,187,63,64,180,37,87,135,84,155,71,127,73,74,159,21,184,78,79,121,167,60,83,150,30,86,67,88,162,29,91,92,171,116,82,77,97,98,99,122,34,179,168,104,183,106,52,32,169,188,111,112,113,70,115,190,178,102,0,120,80,100,26,191,114,126,72,128,137,130,117,110,19,134,68,136,129,138,1,105,131,142,143,194,145,108,147,148,149,10,151,152,43,193,174,118,157,31,75,160,163,89,161,164,165,166,81,17,57,170,93,172,12,141,175,176,177,123,156,65,38,182,140,96,69,186,7,132,2,16,185,192,139,144,195,8,197,198,199,];False
6265;9571;15836;[146,154,189,3,4,5,6,62,196,9,124,11,173,94,14,49,101,103,18,133,76,20,22,23,24,25,125,27,28,90,85,158,153,33,15,35,36,66,181,39,40,54,42,119,44,45,46,47,48,13,50,51,107,53,41,55,56,109,58,59,95,61,187,63,64,180,37,87,135,84,155,71,127,73,74,159,97,184,78,79,121,167,60,83,150,30,86,67,88,162,29,91,92,171,116,82,77,21,98,99,122,34,179,168,104,183,106,52,32,169,188,111,112,113,70,115,16,178,102,0,120,80,100,26,191,114,126,72,128,137,130,117,110,19,134,68,136,129,138,1,105,131,142,143,194,145,108,147,148,149,10,151,152,43,193,174,118,157,31,75,160,163,89,161,164,165,166,81,17,57,170,93,172,12,141,175,176,177,123,156,65,38,182,140,96,69,186,7,132,2,190,185,192,139,144,195,8,197,198,199,];False
6334;9502;15836;[146,154,189,3,4,5,6,62,196,9,124,11,173,94,14,49,101,103,18,133,76,20,22,23,24,25,125,27,28,90,85,158,108,33,15,35,36,66,181,39,40,54,42,119,44,45,46,47,48,13,50,51,107,53,41,55,56,109,58,59,95,61,187,63,64,180,37,87,135,150,155,71,127,73,74,159,21,184,78,79,121,167,60,83,84,30,86,67,88,162,29,91,92,171,116,82,77,97,98,113,122,34,179,168,104,183,106,52,32,57,188,111,112,99,70,115,16,178,102,0,120,80,100,26,191,114,126,72,128,137,130,117,110,19,134,68,136,129,138,1,105,131,142,143,194,145,153,147,148,149,10,151,152,43,193,174,118,157,31,75,160,163,89,161,164,165,166,81,17,169,170,93,172,12,141,175,176,177,123,156,65,38,182,140,96,69,186,7,132,2,190,185,192,139,144,195,8,197,198,199,];False
6297;9537;15834;[146,154,189,3,4,5,6,62,196,9,124,11,173,94,14,49,101,103,18,133,76,20,22,23,24,25,125,27,28,90,85,158,108,33,15,35,36,66,181,39,40,54,42,119,44,45,46,47,48,13,50,51,107,53,41,55,56,109,58,59,95,136,187,63,64,180,37,87,135,150,155,71,127,73,74,159,21,184,78,79,121,167,60,83,84,30,86,67,88,162,29,91,92,171,116,82,77,97,98,99,122,34,179,168,104,183,106,52,32,57,188,111,112,113,70,115,16,178,102,0,120,80,100,26,191,114,126,72,128,137,130,117,110,19,134,68,61,129,138,1,105,131,142,143,194,145,153,147,148,149,10,151,152,43,193,174,118,157,31,75,160,163,89,161,164,165,166,81,17,169,170,93,172,12,141,175,176,177,123,156,65,38,182,140,96,69,186,7,132,2,190,185,192,139,144,195,8,197,198,199,];False
6253;9564;15817;[146,193,189,3,4,5,6,62,196,9,124,11,173,94,14,49,101,103,18,133,76,184,22,23,24,25,125,27,28,90,85,158,108,33,15,35,36,66,181,39,40,54,42,119,44,45,46,47,48,13,50,51,107,53,41,55,56,109,58,59,95,61,187,63,64,180,37,87,135,150,155,71,127,73,74,159,21,20,78,79,121,167,60,83,84,30,86,67,88,162,29,91,92,171,116,82,77,97,98,99,122,34,179,168,104,183,106,52,32,57,188,111,112,113,70,115,16,178,102,0,120,80,100,26,191,114,126,72,128,137,130,117,110,19,134,68,136,129,138,1,105,131,142,143,194,145,153,147,148,149,10,151,152,43,154,174,118,157,31,75,160,163,89,161,164,165,166,81,17,169,170,93,172,12,141,175,176,177,123,156,65,38,182,140,96,69,186,7,132,2,190,185,192,139,144,195,8,197,198,199,];False
6232;9578;15810;[146,154,189,3,4,5,6,62,196,9,124,11,173,94,14,139,101,103,18,133,76,20,22,23,24,25,125,27,28,90,85,158,153,33,15,35,36,66,181,39,40,54,42,119,44,45,46,47,48,13,50,51,107,53,41,55,56,109,58,59,95,61,187,63,64,180,37,87,135,84,155,71,127,73,74,159,21,184,78,79,121,167,60,83,150,30,86,67,88,162,29,91,92,171,116,82,77,97,98,99,122,34,179,168,104,183,106,52,32,169,188,111,112,113,70,115,16,178,102,0,120,80,100,26,191,114,126,72,128,137,130,117,110,19,134,68,136,129,138,1,105,131,142,143,194,145,108,147,148,149,10,151,152,43,193,174,118,157,31,75,160,163,89,161,164,165,166,81,17,57,170,93,172,12,141,175,176,177,123,156,65,38,182,140,96,69,186,7,132,2,190,185,192,49,144,195,8,197,198,199,];False
6264;9546;15810;[146,154,189,3,4,5,6,62,196,9,124,11,173,94,14,49,101,103,18,133,76,20,22,23,24,25,125,27,28,90,85,158,153,33,15,35,36,66,181,39,40,54,42,119,44,45,46,47,48,13,50,51,107,53,41,55,56,109,58,59,95,61,187,63,64,180,37,87,135,84,155,71,127,73,74,159,21,184,78,79,121,167,60,83,150,30,86,67,88,162,29,91,92,171,116,82,77,97,98,99,122,34,179,168,104,183,106,52,32,169,188,111,112,113,70,115,16,178,102,0,120,80,100,26,191,114,126,72,128,137,130,117,110,19,134,68,136,129,138,1,105,131,142,143,194,145,108,123,148,149,10,151,152,43,193,174,118,157,31,75,160,163,89,161,164,165,166,81,17,57,170,93,172,12,141,175,176,177,147,156,65,38,182,140,96,69,186,7,132,2,190,185,192,139,144,195,8,197,198,199,];False
6228;9572;15800;[146,193,189,3,4,5,6,62,196,9,124,11,173,94,14,49,101,103,18,133,76,20,22,23,24,25,125,27,28,90,85,158,108,33,15,35,36,66,181,39,40,54,42,119,44,45,46,47,48,13,50,51,107,53,41,55,56,109,58,59,95,61,187,63,64,180,37,87,135,150,155,71,127,73,74,159,21,184,78,79,121,167,60,83,84,30,86,67,88,162,29,91,92,171,116,82,77,97,98,99,122,34,179,168,104,183,106,52,32,57,188,111,112,113,70,115,16,178,102,0,120,80,100,26,191,114,126,72,128,137,130,117,110,19,134,68,136,129,138,1,105,131,142,143,194,145,153,147,148,149,10,151,152,43,154,174,118,157,31,123,160,163,89,161,164,165,166,81,17,169,170,93,172,12,141,175,176,177,75,156,65,38,182,140,96,69,186,7,132,2,190,185,192,139,144,195,8,197,198,199,];False
6231;9560;15791;[146,154,189,3,4,5,6,62,196,9,124,11,173,94,14,49,101,103,18,133,76,20,22,23,24,25,125,27,28,90,85,158,108,33,15,35,36,66,181,39,40,54,42,119,44,45,46,47,48,13,50,148,107,53,41,55,56,109,58,59,95,61,187,63,64,180,37,87,135,84,155,71,127,73,74,159,21,184,78,79,121,167,60,83,150,30,86,67,88,162,29,91,92,171,116,82,77,97,98,99,122,34,179,168,104,183,106,52,32,57,188,111,112,113,70,115,16,178,102,0,120,80,100,26,191,114,126,72,128,137,130,117,110,19,134,68,136,129,138,1,105,131,142,143,194,145,153,147,51,149,10,151,152,43,193,174,118,157,31,75,160,163,89,161,164,165,166,81,17,169,170,93,172,12,141,175,176,177,123,156,65,38,182,140,96,69,186,7,132,2,190,185,192,139,144,195,8,197,198,199,];False
6268;9523;15791;[146,154,189,3,4,5,6,62,196,9,124,11,173,94,14,49,101,103,18,133,76,20,22,23,24,25,125,27,28,68,85,158,108,33,15,35,36,66,181,39,40,54,42,119,44,45,46,47,48,13,50,51,107,53,41,55,56,109,58,59,95,61,187,63,64,180,37,87,135,150,155,71,127,73,74,159,21,184,78,79,121,167,60,83,84,30,86,67,88,162,29,91,92,171,116,82,77,97,98,99,122,34,179,168,104,183,106,52,32,57,188,111,112,113,70,115,16,178,102,0,120,80,100,26,191,114,126,72,128,137,130,117,110,19,134,90,136,129,138,1,105,131,142,143,194,145,153,147,148,149,10,151,152,43,193,174,118,157,31,75,160,163,89,161,164,165,166,81,17,169,170,93,172,12,141,175,176,177,123,156,65,38,182,140,96,69,186,7,132,2,190,185,192,139,144,195,8,197,198,199,];False
6203;9559;15762;[146,154,189,3,4,5,6,62,196,9,124,11,173,94,14,49,107,103,18,133,76,20,22,23,24,25,125,27,28,90,85,158,153,33,15,35,36,66,181,39,40,54,42,119,44,45,46,47,48,13,50,51,101,53,41,55,56,109,58,59,95,61,187,63,64,180,37,87,135,84,155,71,127,73,74,159,21,184,78,79,121,167,60,83,150,30,86,67,88,162,29,91,92,171,116,82,77,97,98,99,122,34,179,168,104,183,106,52,32,169,188,111,112,113,70,115,16,178,102,0,120,80,100,26,191,114,126,72,128,137,130,117,110,19,134,68,136,129,138,1,105,131,142,143,194,145,108,147,148,149,10,151,152,43,193,174,118,157,31,75,160,163,89,161,164,165,166,81,17,57,170,93,172,12,141,175,176,177,123,156,65,38,182,140,96,69,186,7,132,2,190,185,192,139,144,195,8,197,198,199,];False
6229;9530;15759;[146,154,189,3,4,5,6,62,196,9,124,11,173,94,14,49,101,103,18,133,76,20,22,23,24,25,125,27,28,90,85,158,108,33,15,35,36,66,181,39,40,54,42,119,44,45,46,47,48,13,50,51,107,53,41,55,56,109,58,59,95,61,187,63,64,180,37,87,135,140,155,71,127,73,74,159,21,184,78,79,121,167,60,83,84,30,86,67,88,162,29,91,92,171,116,82,77,97,98,99,122,34,179,168,104,183,106,52,32,57,188,111,112,113,70,115,16,178,102,0,120,80,100,26,191,114,126,72,128,137,130,117,110,19,134,68,136,129,138,1,105,131,142,143,194,145,153,147,148,149,10,151,152,43,193,174,118,157,31,75,160,163,89,161,164,165,166,81,17,169,170,93,172,12,141,175,176,177,123,156,65,38,182,150,96,69,186,7,132,2,190,185,192,139,144,195,8,197,198,199,];False
6174;9584;15758;[146,154,189,3,4,5,6,62,196,9,124,11,173,94,14,49,101,103,18,133,76,20,22,23,24,25,125,27,28,90,85,158,153,33,15,35,36,66,181,39,40,54,42,119,44,45,46,47,48,13,50,51,107,53,41,55,172,109,58,59,95,61,187,63,64,180,37,87,135,84,155,71,127,73,74,159,21,184,78,79,121,167,60,83,150,30,86,67,88,162,29,91,92,171,116,82,77,97,98,99,122,34,179,168,104,183,106,52,32,169,188,111,112,113,70,115,16,178,102,0,120,80,100,26,191,114,126,72,128,137,130,117,110,19,134,68,136,129,138,1,105,131,142,143,194,145,108,147,148,149,10,151,152,43,193,174,118,157,31,75,160,163,89,161,164,165,166,81,17,57,170,93,56,12,141,175,176,177,123,156,65,38,182,140,96,69,186,7,132,2,190,185,192,139,144,195,8,197,198,199,];False
6206;9541;15747;[146,193,189,3,4,5,6,62,196,9,124,11,173,94,14,49,101,103,18,133,76,20,22,23,24,25,125,27,28,90,85,31,108,33,15,35,36,66,38,39,40,54,42,119,44,45,46,47,48,13,50,51,107,53,41,55,56,109,58,59,95,61,187,63,64,180,37,87,135,150,155,71,127,73,74,159,21,184,78,79,121,167,60,83,84,30,86,67,88,162,29,91,92,171,116,82,77,97,98,99,122,34,179,168,104,183,106,52,32,57,188,111,112,113,70,115,16,178,102,0,120,80,100,26,191,114,126,72,128,137,130,117,110,19,134,68,136,129,138,1,105,131,142,143,194,145,153,147,148,149,10,151,152,43,154,174,118,157,158,75,160,163,89,161,164,165,166,81,17,169,170,93,172,12,141,175,176,177,123,156,65,181,182,140,96,69,186,7,132,2,190,185,192,139,144,195,8,197,198,199,];False
6192;9553;15745;[146,193,189,3,4,5,6,62,196,9,124,11,173,94,14,49,101,103,18,133,76,20,22,23,24,25,125,27,28,90,85,31,108,33,15,35,36,66,181,39,40,54,42,119,44,45,46,47,48,13,50,51,107,53,41,55,56,109,58,59,95,61,187,63,64,180,37,87,135,150,155,71,127,73,74,159,21,184,78,79,121,167,60,83,84,30,86,67,88,162,29,91,92,171,116,82,77,97,98,99,122,34,179,168,104,183,106,52,32,57,188,111,112,113,70,115,16,178,102,0,120,80,100,26,191,114,126,72,128,137,130,117,110,19,134,68,136,129,138,1,105,131,142,143,194,145,153,147,148,149,10,151,152,43,154,174,118,157,158,75,160,163,89,161,164,165,166,81,17,169,170,93,172,12,141,175,176,177,123,156,65,38,182,140,96,69,186,7,132,2,190,185,192,139,144,195,8,197,198,199,];False
6228;9512;15740;[146,154,189,3,4,5,6,62,196,9,124,11,173,94,14,49,101,103,18,133,76,20,22,23,24,25,125,27,120,90,85,158,153,33,15,35,36,66,181,39,40,54,42,119,44,45,46,47,48,13,50,51,107,53,41,55,56,109,58,59,95,61,187,63,64,180,37,87,135,84,155,71,127,73,74,159,21,184,78,79,121,167,60,83,150,30,86,67,88,162,29,91,92,171,116,82,77,97,98,99,122,34,179,168,104,183,106,52,32,57,188,111,112,113,70,115,16,178,102,0,28,80,100,26,191,114,126,72,128,137,130,117,110,19,134,68,136,129,138,1,105,131,142,143,194,145,108,147,148,149,10,151,152,43,193,174,118,157,31,75,160,163,89,161,164,165,166,81,17,169,170,93,172,12,141,175,176,177,123,156,65,38,182,140,96,69,186,7,132,2,190,185,192,139,144,195,8,197,198,199,];False
6172;9568;15740;[146,193,189,3,4,5,6,62,196,9,124,11,173,94,14,49,101,103,18,133,76,20,22,23,24,25,125,27,28,90,85,158,108,33,15,35,36,66,181,39,40,54,42,119,44,45,46,47,48,13,50,51,107,53,41,55,56,109,58,59,95,61,187,63,64,180,37,87,135,150,155,71,127,73,74,159,21,184,78,79,121,167,60,83,84,30,86,67,88,162,29,91,92,171,116,82,77,97,98,99,122,34,179,168,104,183,106,52,32,57,188,111,112,113,70,115,16,178,102,0,120,80,100,26,191,114,126,72,128,137,130,117,110,19,134,68,136,129,138,1,105,131,142,143,194,145,153,147,148,149,10,151,152,43,154,174,118,157,31,75,160,163,89,161,164,165,166,81,17,169,170,93,172,12,141,175,176,177,123,156,65,38,182,140,96,69,186,7,132,2,190,185,192,139,144,195,8,197,198,199,];False
6200;9540;15740;[146,154,189,3,4,5,6,62,196,9,124,11,173,94,14,49,101,103,18,133,76,20,95,23,24,25,34,27,28,90,85,44,153,33,15,35,36,66,181,39,40,54,42,119,158,45,46,47,48,13,50,51,107,53,41,55,56,109,58,59,22,61,187,63,64,180,37,87,135,84,155,71,127,73,74,159,21,184,78,79,121,167,60,83,150,30,86,67,88,162,29,91,92,171,116,82,77,97,98,99,122,125,179,168,104,183,106,52,32,169,188,111,112,113,70,115,16,178,102,0,120,80,100,26,191,114,126,72,128,137,130,117,110,19,134,68,136,129,138,1,105,131,142,143,194,145,108,147,148,149,10,151,152,43,193,174,118,157,31,75,160,163,89,161,164,165,166,81,17,57,170,93,172,12,141,175,176,177,123,156,65,38,182,140,96,69,186,7,132,2,190,185,192,139,144,195,8,197,198,199,];False
6200;9529;15729;[146,154,189,3,4,5,6,62,196,9,124,11,173,94,118,49,101,103,18,133,76,20,22,23,24,25,125,27,28,90,85,158,153,33,15,35,36,66,181,39,40,54,42,119,44,45,46,47,48,13,50,51,107,53,41,55,56,109,58,59,95,61,187,63,64,180,37,87,135,84,155,71,127,73,74,159,21,184,78,79,121,167,60,83,150,30,86,67,88,162,29,91,92,171,116,82,77,97,98,99,122,34,179,168,104,183,106,52,32,57,188,111,112,113,70,115,16,178,102,0,120,80,100,26,191,114,126,72,128,137,130,117,110,19,134,68,136,129,138,1,105,131,142,143,194,145,108,147,148,149,10,151,152,43,193,174,14,157,31,75,160,163,89,161,164,165,166,81,17,169,170,93,172,12,141,175,176,177,123,156,65,38,182,140,96,69,186,7,132,2,190,185,192,139,144,195,8,197,198,199,];False
6194;9533;15727;[146,154,189,3,4,5,6,62,196,9,124,11,173,94,14,49,101,103,18,133,76,20,22,23,24,25,125,27,28,90,85,158,108,33,15,35,36,66,181,39,40,54,42,119,44,45,46,47,48,13,50,51,107,53,41,55,56,109,58,59,95,61,187,63,64,180,37,87,135,150,155,71,127,73,74,159,21,184,78,79,121,167,60,83,84,30,86,67,88,162,29,91,92,171,116,82,77,97,98,99,122,34,179,168,104,183,106,52,32,57,188,111,112,113,70,115,16,178,102,0,120,80,100,26,191,114,126,72,128,132,130,117,110,19,134,68,136,129,138,1,105,131,142,143,194,145,153,147,148,149,10,151,152,43,193,174,118,157,31,75,160,163,89,161,164,165,166,81,17,169,170,93,172,12,141,175,176,177,123,156,65,38,182,140,96,69,186,7,137,2,190,185,192,139,144,195,8,197,198,199,];False
6186;9539;15725;[146,154,194,3,4,5,6,62,196,9,124,11,173,94,14,49,101,103,18,133,76,20,22,23,24,25,125,27,28,90,85,158,153,33,15,35,36,66,181,39,40,54,42,119,44,45,46,47,48,13,50,51,107,53,41,55,56,109,58,59,95,61,187,63,64,180,37,87,135,84,155,71,127,73,74,159,21,184,78,79,121,167,60,83,150,30,86,67,88,162,29,91,92,171,116,82,77,97,98,99,122,34,179,168,104,183,106,52,32,169,188,111,112,113,70,115,16,178,102,0,120,80,100,26,191,114,126,72,128,137,130,117,110,19,134,68,136,129,138,1,105,131,142,143,189,145,108,147,148,149,10,151,152,43,193,174,118,157,31,75,160,163,89,161,164,165,166,81,17,57,170,93,172,12,141,175,176,177,123,156,65,38,182,140,96,69,186,7,132,2,190,185,192,139,144,195,8,197,198,199,];False
6183;9539;15722;[146,154,189,3,4,5,6,62,196,9,124,11,173,94,14,49,101,103,18,133,76,20,22,23,24,25,125,27,28,90,85,158,108,33,15,35,36,66,181,39,40,54,42,126,44,45,46,47,48,13,50,51,107,53,41,55,56,109,58,59,95,61,187,63,64,180,37,87,135,84,155,71,127,73,74,159,21,184,78,79,121,167,60,83,150,30,86,67,88,162,29,91,92,171,116,82,77,97,98,99,122,34,179,168,104,183,106,52,32,57,188,111,112,113,70,115,16,178,102,0,120,80,100,26,191,114,119,72,128,137,130,117,110,19,134,68,136,129,138,1,105,131,142,143,194,145,153,147,148,149,10,151,152,43,193,174,118,157,31,75,160,163,89,161,164,165,166,81,17,169,170,93,172,12,141,175,176,177,123,156,65,38,182,140,96,69,186,7,132,2,190,185,192,139,144,195,8,197,198,199,];False
6225;9495;15720;[146,154,189,3,4,5,6,62,196,9,124,11,173,94,14,49,101,103,18,133,76,20,22,23,24,25,125,27,28,90,85,158,108,33,15,35,36,66,181,39,40,54,42,119,44,45,46,47,48,13,50,51,107,53,41,55,56,109,58,59,95,61,187,63,180,64,37,87,135,150,155,71,127,73,74,159,21,184,78,79,121,167,60,83,84,30,86,67,88,162,29,91,92,171,116,82,77,97,98,99,122,34,179,168,104,183,106,52,32,57,188,111,112,113,70,115,16,178,102,0,120,80,100,26,191,114,126,72,128,137,130,117,110,19,134,68,136,129,138,1,105,131,142,143,194,145,153,147,148,149,10,151,152,43,193,174,118,157,31,75,160,163,89,161,164,165,166,81,17,169,170,93,172,12,141,175,176,177,123,156,65,38,182,140,96,69,186,7,132,2,190,185,192,139,144,195,8,197,198,199,];False
6145;9574;15719;[146,154,189,3,4,5,6,62,196,9,124,11,173,94,14,49,101,103,18,133,76,20,22,23,24,25,125,27,28,90,85,158,153,33,15,35,36,66,181,39,40,54,42,119,44,45,46,47,48,13,50,51,107,53,41,55,56,109,58,59,95,61,187,63,64,180,37,87,135,84,155,71,127,73,74,159,21,184,78,79,121,167,60,83,150,30,86,67,88,162,29,91,92,171,116,82,77,97,98,99,122,34,179,168,104,183,106,52,32,169,188,182,112,113,70,115,16,178,102,0,120,80,100,26,191,114,126,72,128,137,130,117,110,19,134,68,136,129,138,1,105,131,142,143,194,145,108,147,148,149,10,151,152,43,193,174,118,157,31,75,160,163,89,161,164,165,166,81,17,57,170,93,172,12,141,175,176,177,123,156,65,38,111,140,96,69,186,7,132,2,190,185,192,139,144,195,8,197,198,199,];False
6180;9525;15705;[146,154,189,3,4,5,6,62,196,9,124,11,173,94,14,49,101,103,18,133,76,20,22,23,24,25,125,27,28,90,85,158,108,33,15,35,36,66,181,39,40,54,42,119,44,45,46,47,48,13,50,51,107,53,41,55,56,109,58,59,95,61,187,63,64,180,37,87,135,150,155,71,127,73,74,159,21,184,78,79,121,167,60,83,84,30,86,67,88,162,29,91,92,171,116,82,77,97,98,99,122,34,179,168,104,183,106,52,32,57,188,111,112,113,70,115,16,178,102,0,120,80,100,26,191,114,126,72,128,137,130,117,110,19,134,68,136,129,138,1,105,131,142,143,194,145,153,147,148,149,10,151,152,43,193,174,118,157,31,75,160,163,89,161,164,165,166,81,17,169,170,93,172,12,141,175,176,177,123,156,65,38,182,140,96,69,186,7,132,2,190,185,192,139,144,195,8,197,198,199,];False
6139;9554;15693;[146,154,189,3,4,5,6,62,196,9,124,11,173,94,14,49,101,103,18,133,76,20,22,23,24,25,125,27,28,90,85,158,153,33,15,35,36,66,181,39,40,54,42,119,44,197,46,47,48,13,50,51,107,53,41,55,56,109,58,59,95,61,187,63,64,180,37,87,135,84,155,71,127,73,74,159,21,184,78,79,121,167,60,83,150,30,86,67,88,162,29,91,92,171,116,82,77,97,98,99,122,34,179,168,104,183,106,52,32,169,188,111,112,113,70,115,16,178,102,0,120,80,100,26,191,114,126,72,128,137,130,117,110,19,134,68,136,129,138,1,105,131,142,143,194,145,108,147,148,149,10,151,152,43,193,174,118,157,31,75,160,163,89,161,164,165,166,81,17,57,170,93,172,12,141,175,176,177,123,156,65,38,182,140,96,69,186,7,132,2,190,185,192,139,144,195,8,45,198,199,];False
6197;9495;15692;[146,154,189,3,4,5,6,62,196,9,124,11,173,94,14,49,101,103,18,133,76,20,22,23,24,25,125,27,28,90,85,158,153,33,15,35,36,66,181,39,40,54,42,119,44,45,46,47,48,13,50,51,107,17,41,55,56,109,58,59,95,61,187,63,64,180,37,87,135,84,155,71,127,73,74,159,21,184,78,79,121,167,60,83,150,30,86,67,88,162,29,91,92,171,116,82,77,97,98,99,122,34,179,168,104,183,106,52,32,169,188,111,112,113,70,115,16,178,102,0,120,80,100,26,191,114,126,72,128,137,130,117,110,19,134,68,136,129,138,1,105,131,142,143,194,145,108,147,148,149,10,151,152,43,193,174,118,157,31,75,160,163,89,161,164,165,166,81,53,57,170,93,172,12,141,175,176,177,123,156,65,38,182,140,96,69,186,7,132,2,190,185,192,139,144,195,8,197,198,199,];False
6139;9540;15679;[146,154,189,3,4,5,6,62,196,9,124,11,173,94,14,49,101,103,18,133,76,20,95,23,24,25,34,27,28,90,85,158,153,33,15,35,36,66,181,39,40,54,42,184,44,45,46,47,48,13,50,51,107,53,174,55,56,109,58,59,22,61,187,63,64,180,37,87,135,84,155,71,127,73,74,159,21,119,78,79,121,167,60,83,150,30,86,67,88,162,29,91,92,171,116,82,77,97,98,99,122,125,179,168,198,183,106,52,32,169,188,111,112,113,70,115,16,178,102,0,120,80,100,26,191,114,126,72,128,137,130,117,110,19,134,68,136,129,138,1,105,131,142,143,194,145,108,147,148,149,10,151,152,43,193,41,118,157,31,75,160,163,89,161,164,165,166,81,17,57,170,93,172,12,141,175,176,177,123,156,65,38,182,140,96,69,186,7,132,2,190,185,192,139,144,195,8,197,104,199,];False
6136;9543;15679;[146,154,189,3,4,5,6,62,196,9,124,11,173,94,14,49,101,103,18,133,76,20,22,23,24,25,125,27,28,90,85,158,108,33,15,35,36,66,181,39,40,54,42,119,44,45,46,47,48,13,50,51,107,53,41,55,56,109,58,59,95,61,187,63,64,180,37,87,135,84,155,71,127,73,74,159,21,184,78,79,121,167,60,83,150,30,86,67,88,162,29,91,92,171,116,82,77,97,98,99,122,34,179,168,104,183,106,52,32,57,188,111,112,113,70,115,16,178,102,0,120,80,100,26,191,114,126,72,128,137,130,117,110,19,134,68,136,129,138,1,105,131,142,143,194,145,153,147,148,149,10,151,152,43,193,174,118,157,31,75,160,163,89,161,164,165,166,81,17,169,170,93,172,12,141,175,176,177,123,156,65,38,182,140,96,69,186,7,132,2,190,185,192,139,144,195,8,197,198,199,];False
6130;9542;15672;[146,154,189,3,4,5,6,62,196,9,124,11,173,94,14,49,101,103,18,133,76,20,95,23,24,25,125,27,28,90,85,158,153,33,15,35,36,66,181,39,40,54,42,119,44,45,46,47,48,13,50,51,107,53,41,55,56,109,58,59,22,61,187,63,64,180,37,87,135,84,155,71,127,73,74,159,21,184,78,79,121,167,60,83,150,30,86,67,88,162,29,91,92,171,116,82,77,97,98,99,122,34,179,168,104,183,106,52,32,169,188,111,112,113,70,115,16,178,102,0,120,80,100,26,191,172,126,72,128,137,130,117,110,19,134,68,136,129,138,1,105,131,142,143,194,145,108,147,148,149,10,151,152,43,193,174,118,157,31,75,160,163,89,161,164,165,166,81,17,57,170,93,114,12,141,175,176,177,123,156,65,38,182,140,96,69,186,7,132,2,190,185,192,139,144,195,8,197,198,199,];False
6134;9538;15672;[146,154,189,3,4,5,6,62,196,9,124,11,173,94,14,57,101,103,18,133,76,20,95,23,24,25,125,27,28,90,85,158,153,33,15,35,36,66,181,39,40,54,42,119,44,45,46,47,48,13,50,51,107,53,41,55,56,109,58,59,22,61,187,63,64,180,37,87,135,84,155,71,127,73,74,159,21,184,78,79,121,167,60,83,150,30,86,67,88,162,29,91,92,171,116,82,77,97,98,99,122,34,179,168,104,183,106,52,32,169,188,111,112,113,70,115,16,178,102,0,120,80,100,26,191,114,126,72,128,137,130,117,110,19,134,68,136,129,138,1,105,131,142,143,194,145,108,147,148,149,10,151,152,43,193,174,118,157,31,75,160,163,89,161,164,165,166,81,17,49,170,93,172,12,141,175,176,177,123,156,65,38,182,140,96,69,186,7,132,2,190,185,192,139,144,195,8,197,198,199,];False
6217;9446;15663;[146,154,189,3,4,5,6,62,196,9,124,11,173,94,14,49,101,103,18,133,76,20,22,23,24,25,125,27,92,90,85,158,153,33,15,35,36,66,181,39,40,54,42,119,44,45,46,47,48,13,50,51,107,53,41,55,56,109,58,59,95,61,187,63,64,180,37,87,135,84,155,71,127,73,74,159,21,184,78,79,121,167,60,83,150,30,86,67,88,162,29,91,28,171,116,82,77,97,98,99,122,34,179,168,104,183,106,52,32,169,188,111,112,113,70,115,16,178,102,0,120,80,100,26,191,114,126,72,128,137,130,117,110,19,134,68,136,129,138,1,105,131,142,143,194,145,108,147,148,149,10,151,152,43,193,174,118,157,31,75,160,163,89,161,164,165,166,81,17,57,170,93,172,12,141,175,176,177,123,156,65,38,182,140,96,69,186,7,132,2,190,185,192,139,144,195,8,197,198,199,];False
6145;9479;15624;[146,154,189,3,4,5,6,62,196,9,124,11,173,94,14,49,101,103,18,133,76,20,95,23,24,25,34,27,28,90,85,158,153,33,15,35,36,66,181,39,40,54,42,119,44,45,46,47,48,13,50,51,107,53,174,55,56,109,58,59,22,61,187,63,64,180,37,87,135,84,155,71,184,73,74,159,21,127,78,79,121,167,60,83,150,30,86,67,88,162,29,91,92,171,116,82,77,97,98,99,122,125,179,168,198,183,106,52,32,169,188,111,112,113,70,115,16,178,102,0,120,80,100,26,191,114,126,72,128,137,130,117,110,19,134,68,136,129,138,1,105,131,142,143,194,145,108,147,148,149,10,151,152,43,193,41,118,157,31,75,160,163,89,161,164,165,166,81,17,57,170,93,172,12,141,175,176,177,123,156,65,38,182,140,96,69,186,7,132,2,190,185,192,139,144,195,8,197,104,199,];False
6085;9536;15621;[146,154,189,3,4,5,6,62,196,9,124,11,173,94,14,49,101,103,18,133,76,20,95,23,24,25,34,27,28,90,85,158,153,33,61,35,36,66,181,39,40,54,42,119,44,45,46,47,48,13,50,51,107,53,41,55,56,109,58,59,22,15,187,63,64,180,37,87,135,84,155,71,127,73,74,159,21,184,78,79,121,167,60,83,150,30,86,67,88,162,29,91,92,171,116,82,77,97,98,99,122,125,179,168,104,183,106,52,32,169,188,111,112,113,70,115,16,178,102,0,120,80,100,26,191,114,126,72,128,137,130,117,110,19,134,68,136,129,138,1,105,131,142,143,194,145,108,147,148,149,10,151,152,43,193,174,118,157,31,75,160,163,89,161,164,165,166,81,17,57,170,93,172,12,141,175,176,177,123,156,65,38,182,140,96,69,186,7,132,2,190,185,192,139,144,195,8,197,198,199,];False
6083;9527;15610;[146,154,189,3,4,5,6,62,196,9,124,11,173,94,14,49,101,103,18,133,76,20,22,23,24,25,125,27,28,90,85,158,153,33,15,35,36,66,181,39,40,54,42,119,44,45,46,47,48,13,50,51,107,53,41,55,56,109,58,59,95,61,187,63,64,180,37,87,135,84,155,71,127,73,74,159,21,184,78,79,121,167,60,83,150,30,86,67,88,162,29,91,92,171,116,82,77,97,98,99,122,34,179,168,104,183,106,52,32,57,188,111,112,113,70,115,16,178,102,0,120,80,100,26,191,114,126,72,128,137,130,117,110,19,134,68,136,129,138,1,105,131,142,143,194,145,108,147,148,149,10,151,152,43,193,174,118,157,31,75,160,163,89,161,164,165,166,81,17,169,170,93,172,12,141,175,176,177,123,156,65,38,182,140,96,69,186,7,132,2,190,185,192,139,144,195,8,197,198,199,];False
6072;9533;15605;[146,154,189,3,4,5,6,62,196,9,124,11,173,94,14,49,101,103,18,133,76,20,22,23,24,25,125,27,28,90,85,158,153,33,15,35,36,66,181,39,40,54,42,119,44,45,46,47,48,13,50,51,107,53,41,55,56,109,58,59,95,61,187,63,64,180,37,87,135,84,155,71,127,73,74,159,21,184,78,79,121,167,60,83,150,30,86,67,88,162,29,91,92,171,116,82,77,97,98,99,122,34,179,168,104,183,106,52,32,169,188,111,112,113,70,115,16,178,102,0,120,80,100,26,191,114,126,72,128,137,130,117,110,19,134,68,136,129,138,1,105,131,142,143,194,145,108,147,148,149,10,151,152,43,193,174,118,157,31,75,160,163,89,161,164,165,166,81,17,57,170,93,172,12,141,175,176,177,123,156,65,38,182,140,96,69,186,7,132,2,190,185,192,139,144,195,8,197,198,199,];False
6102;9491;15593;[146,154,189,3,4,5,6,62,196,9,124,11,173,94,14,49,101,103,18,133,76,20,95,23,24,25,34,27,28,90,85,158,153,33,15,35,36,66,181,39,40,54,42,119,44,45,46,47,48,13,50,51,107,53,174,55,56,109,58,59,22,61,187,63,64,180,37,87,135,84,155,71,127,73,74,159,21,184,78,79,121,167,60,83,150,30,86,67,88,162,29,91,92,171,116,82,77,97,98,99,122,125,179,168,198,183,106,52,32,169,188,111,112,113,70,115,16,178,102,0,120,80,69,26,191,114,126,72,128,137,130,117,110,19,134,68,136,129,138,1,105,131,142,143,194,145,108,147,148,149,10,151,152,43,193,41,118,157,31,75,160,163,89,161,164,165,166,81,17,57,170,93,172,12,141,175,176,177,123,156,65,38,182,140,96,100,186,7,132,2,190,185,192,139,144,195,8,197,104,199,];False
6042;9543;15585;[146,154,189,3,4,5,6,62,196,9,124,11,173,94,14,49,101,103,18,133,76,20,95,23,24,25,125,27,28,90,85,158,153,33,15,35,36,66,181,39,40,54,42,119,44,45,46,47,48,13,50,51,107,53,41,55,56,109,58,59,22,61,187,63,64,180,37,87,135,84,155,71,127,73,74,159,21,184,78,79,121,167,60,83,150,30,86,67,88,162,29,91,92,171,116,82,77,97,98,99,122,34,179,168,104,183,106,52,32,169,188,111,112,113,70,115,16,178,102,0,120,80,100,26,191,114,126,72,128,137,130,117,110,19,134,68,136,129,138,1,105,131,142,143,194,145,108,147,148,149,10,151,152,43,193,174,118,157,31,75,160,163,89,161,164,165,166,81,17,57,170,93,172,12,141,175,176,177,123,156,65,38,182,140,96,69,186,7,132,2,190,185,192,139,144,195,8,197,198,199,];False
6035;9504;15539;[146,154,189,3,4,5,6,62,196,9,124,11,173,94,14,49,101,103,18,133,76,20,95,23,24,25,34,27,28,90,85,158,153,33,15,35,36,66,181,39,40,54,42,119,44,45,46,47,48,13,50,51,107,37,174,55,56,109,58,59,22,61,187,63,64,180,53,87,135,84,155,71,127,73,74,159,21,184,78,79,121,167,60,83,150,30,86,67,88,162,29,91,92,171,116,82,77,52,98,99,122,125,179,168,198,183,106,97,32,169,188,111,112,113,70,115,16,178,102,0,120,80,100,26,191,114,126,72,128,137,130,117,110,19,134,68,136,129,138,1,105,131,142,143,194,145,108,147,148,149,10,151,152,43,193,41,118,157,31,75,160,163,89,161,164,165,166,81,17,57,170,93,172,12,141,175,176,177,123,156,65,38,182,140,96,69,186,7,132,2,190,185,192,139,144,195,8,197,104,199,];False
6005;9534;15539;[146,154,189,3,4,5,6,62,196,9,124,11,173,94,14,49,101,103,18,133,76,20,95,23,24,25,34,27,28,90,85,158,153,33,15,35,36,66,181,39,40,54,42,119,44,45,46,47,48,13,50,51,107,53,41,55,56,109,58,59,22,61,187,63,64,180,37,87,135,84,155,71,127,73,74,159,21,184,78,79,121,167,60,83,150,30,86,67,88,162,29,91,92,171,116,82,77,97,98,99,122,125,179,168,104,183,106,52,32,169,188,111,112,113,70,115,16,178,102,0,120,80,100,26,191,114,126,72,128,137,130,117,110,19,134,68,136,129,138,1,105,131,142,143,194,145,108,147,148,149,10,151,152,43,193,174,118,157,31,75,160,163,89,161,164,165,166,81,17,57,170,93,172,12,141,175,176,177,123,156,65,38,182,140,96,69,186,7,132,2,190,185,192,139,144,195,8,197,198,199,];False
6031;9508;15539;[146,154,189,3,4,5,6,62,196,9,124,11,173,94,14,49,101,103,18,133,76,20,95,23,24,25,34,27,28,90,85,158,153,33,15,35,36,66,181,39,40,54,42,119,44,45,46,47,48,13,50,51,107,37,174,55,56,109,58,59,22,61,187,63,64,180,53,87,135,84,155,71,127,73,74,159,21,184,78,60,121,167,79,83,150,30,86,67,88,162,29,91,92,171,116,82,77,97,98,99,122,125,179,168,198,183,106,52,32,169,188,111,112,113,70,115,16,178,102,0,120,80,100,26,191,114,126,72,128,137,130,117,110,19,134,68,136,129,138,1,105,131,142,143,194,145,108,147,148,149,10,151,152,43,193,41,118,157,31,75,160,163,89,161,164,165,166,81,17,57,170,93,172,12,141,175,176,177,123,156,65,38,182,140,96,69,186,7,132,2,190,185,192,139,144,195,8,197,104,199,];False
6005;9532;15537;[146,154,189,3,4,5,6,62,196,9,124,11,173,94,14,49,101,103,18,133,76,20,95,23,24,25,34,27,28,90,85,158,153,33,15,35,36,66,181,39,40,54,42,119,44,45,46,47,48,13,50,51,107,53,174,55,56,109,58,59,22,61,187,63,64,180,37,87,135,84,155,71,127,73,74,159,21,184,78,79,121,167,60,83,150,30,86,67,88,162,29,91,92,171,116,82,77,97,98,99,122,125,179,168,104,183,106,52,32,169,188,111,112,113,70,115,16,178,102,0,120,80,100,26,191,114,126,72,128,137,130,117,110,19,134,68,136,129,138,1,105,131,142,143,194,145,108,147,148,149,10,151,152,43,193,41,118,157,31,75,160,163,89,161,164,165,166,81,17,57,170,93,172,12,141,175,176,177,123,156,65,38,182,140,96,69,186,7,132,2,190,185,192,139,144,195,8,197,198,199,];False
6038;9485;15523;[146,154,189,3,169,5,6,62,196,9,124,11,173,94,14,49,101,103,18,133,76,20,95,23,24,25,34,27,28,90,85,158,153,33,15,35,36,66,181,39,40,54,42,119,44,45,46,47,48,13,50,51,107,53,174,55,56,109,58,59,22,61,187,63,64,180,37,87,135,84,155,71,127,73,74,159,21,184,78,79,121,167,60,83,150,30,86,67,88,162,29,91,92,171,116,82,77,97,98,99,122,125,179,168,198,183,106,52,32,4,188,111,112,113,70,115,16,178,102,0,120,80,100,26,191,114,126,72,128,137,130,117,110,19,134,68,136,129,138,1,105,131,142,143,194,145,108,147,148,149,10,151,152,43,193,41,118,157,31,75,160,163,89,161,164,165,166,81,17,57,170,93,172,12,141,175,176,177,123,156,65,38,182,140,96,69,186,7,132,2,190,185,192,139,144,195,8,197,104,199,];False
5964;9558;15522;[146,154,189,3,4,5,6,62,196,9,124,11,173,94,14,49,101,103,18,133,76,20,95,23,24,25,34,27,28,90,85,158,153,33,15,35,36,66,181,39,40,54,42,119,44,45,46,47,48,13,50,51,107,37,174,55,56,109,58,59,22,61,187,63,64,180,53,87,43,84,155,71,127,73,74,159,21,184,78,79,121,167,60,83,150,30,86,67,88,162,29,91,92,171,116,82,77,97,98,99,122,125,179,168,198,183,106,52,32,169,188,111,112,113,70,115,16,178,102,0,120,80,100,26,191,114,126,72,128,137,130,117,110,19,134,68,136,129,138,1,105,131,142,143,194,145,108,147,148,149,10,151,152,135,193,41,118,157,31,75,160,163,89,161,164,165,166,81,17,57,170,93,172,12,141,175,176,177,123,156,65,38,182,140,96,69,186,7,132,2,190,185,192,139,144,195,8,197,104,199,];False
5993;9503;15496;[146,154,189,3,4,5,6,62,196,9,124,11,173,94,14,49,101,103,18,133,76,20,95,23,24,25,34,27,28,90,85,158,153,33,15,35,36,66,181,39,40,54,42,119,44,45,46,47,48,13,50,51,107,53,174,55,56,109,58,59,22,61,187,63,64,180,37,87,135,84,155,71,127,73,74,159,21,184,78,79,121,167,60,83,150,30,86,67,88,162,29,91,92,171,116,82,77,97,98,99,122,125,179,168,198,183,106,52,32,169,188,111,112,113,70,115,16,178,102,0,120,80,100,26,191,114,126,72,128,137,130,117,110,19,134,68,136,129,138,1,105,131,142,143,194,145,108,147,148,149,10,151,152,43,193,41,118,157,31,75,160,163,89,161,164,165,166,81,17,57,170,93,172,12,141,175,176,177,123,156,65,38,182,140,96,69,186,7,132,2,190,185,192,139,144,195,8,197,104,199,];False
6143;9349;15492;[146,154,189,3,4,5,6,62,196,9,124,11,173,94,31,49,101,103,18,133,76,20,95,23,24,25,34,27,28,90,85,158,153,33,15,35,36,66,181,39,40,54,42,119,44,45,46,47,48,13,50,51,107,37,174,55,56,109,58,59,22,61,187,199,64,180,53,87,135,84,155,71,127,73,74,159,21,184,78,79,121,167,60,83,150,30,86,67,88,162,29,91,92,171,116,82,77,97,98,99,122,125,179,168,198,183,106,52,32,169,188,111,112,113,70,115,16,178,102,0,120,80,100,26,191,114,126,72,128,137,130,117,110,19,134,68,136,129,138,1,105,131,142,143,194,145,108,147,148,149,10,151,152,43,193,41,118,157,14,75,160,163,89,161,164,165,166,81,17,57,170,93,172,12,141,175,176,177,123,156,65,38,182,140,96,69,186,7,132,2,190,185,192,139,144,195,8,197,104,63,];False
5988;9492;15480;[146,154,189,3,4,5,6,62,196,53,124,11,173,94,14,49,101,103,18,133,76,20,95,23,24,25,34,27,28,90,85,158,153,33,15,35,36,66,181,39,40,54,42,119,44,45,46,47,48,13,50,51,107,37,174,55,56,109,58,59,22,61,187,63,64,180,9,87,135,84,155,71,127,73,74,159,21,184,78,79,121,167,60,83,150,30,86,67,88,162,29,91,92,171,116,82,77,97,98,99,122,125,179,168,198,183,106,52,32,169,188,111,112,113,70,115,16,178,102,0,120,80,100,26,191,114,126,72,128,137,130,117,110,19,134,68,136,129,138,1,105,131,142,143,194,145,108,147,148,149,10,151,152,43,193,41,118,157,31,75,160,163,89,161,164,165,166,81,17,57,170,93,172,12,141,175,176,177,123,156,65,38,182,140,96,69,186,7,132,2,190,185,192,139,144,195,8,197,104,199,];False
6079;9363;15442;[146,154,189,3,4,5,6,62,196,9,124,11,173,94,14,49,101,103,18,133,42,20,95,23,24,25,34,27,28,90,85,158,153,33,15,35,36,66,181,39,40,54,76,119,44,45,46,47,48,13,50,51,107,37,174,55,56,109,58,59,22,61,187,199,64,180,53,87,135,84,155,71,127,73,74,159,21,184,78,79,121,167,60,83,150,30,86,67,88,162,29,91,92,171,116,82,77,97,98,99,122,125,179,168,198,183,106,52,32,169,188,111,112,113,70,115,16,178,102,0,120,80,100,26,191,114,126,72,128,137,130,117,110,19,134,68,136,129,138,1,105,131,142,143,194,145,108,147,148,149,10,151,152,43,193,41,118,157,31,75,160,163,89,161,164,165,166,81,17,57,170,93,172,12,141,175,176,177,123,156,65,38,182,140,96,69,186,7,132,2,190,185,192,139,144,195,8,197,104,63,];False
6058;9375;15433;[146,154,189,3,4,5,6,62,196,9,124,11,173,94,14,49,101,103,18,133,76,20,95,23,24,25,34,27,28,90,85,158,153,33,15,35,36,66,181,39,40,54,42,119,44,45,46,47,48,13,50,51,107,37,174,55,56,109,58,59,22,61,187,199,64,180,53,87,135,84,155,71,127,73,74,159,21,184,78,79,121,167,60,83,150,30,86,67,88,162,29,91,92,171,116,132,77,97,98,99,122,125,179,168,198,183,106,52,32,169,188,111,112,113,70,115,16,178,102,0,120,80,100,26,191,114,126,72,128,137,130,117,110,19,134,68,136,129,138,1,105,131,142,143,194,145,108,147,148,149,10,151,152,43,193,41,118,157,31,75,160,163,89,161,164,165,166,81,17,57,170,93,172,12,141,175,176,177,123,156,65,38,182,140,96,69,186,7,82,2,190,185,192,139,144,195,8,197,104,63,];False
5915;9510;15425;[146,154,189,3,4,5,6,62,196,9,124,11,173,94,14,49,101,103,18,133,76,20,95,23,24,25,34,27,28,90,85,158,153,33,15,35,36,66,181,39,40,54,42,119,44,45,46,47,48,13,50,51,107,37,174,55,56,109,58,59,22,61,187,63,64,180,53,87,135,84,155,71,127,73,74,159,21,184,78,79,121,167,60,83,150,30,86,67,88,162,29,91,92,171,116,82,77,97,98,99,122,125,179,168,198,183,106,52,32,169,188,111,112,113,70,115,16,178,102,0,120,80,100,26,191,114,126,72,128,137,130,117,110,19,134,68,136,129,138,1,105,131,142,143,194,145,108,147,148,149,10,151,152,43,193,41,118,157,31,75,160,163,89,161,164,165,166,81,17,57,170,93,172,12,141,175,176,177,123,156,65,38,182,140,96,69,186,7,132,2,190,185,192,139,144,195,8,197,104,199,];False
6027;9351;15378;[146,154,189,3,4,5,6,62,196,9,124,11,173,94,14,49,101,103,18,133,76,120,95,23,24,25,34,27,28,90,85,158,153,33,15,35,36,66,181,39,40,54,42,119,44,45,46,47,48,13,50,51,107,37,174,55,56,109,58,59,22,61,187,199,64,180,53,87,135,84,155,71,127,73,74,159,21,184,78,79,121,167,60,83,150,30,86,67,88,162,29,91,92,171,116,82,77,97,98,99,122,125,179,168,198,183,106,52,32,169,188,111,112,113,70,115,16,178,102,0,20,80,100,26,191,114,126,72,128,137,130,117,110,19,134,68,136,129,138,1,105,131,142,143,194,145,108,147,148,149,10,151,152,43,193,41,118,157,31,75,160,163,89,161,164,165,166,81,17,57,170,93,172,12,141,175,176,177,123,156,65,38,182,140,96,69,186,7,132,2,190,185,192,139,144,195,8,197,104,63,];False
5981;9388;15369;[146,154,189,3,4,5,6,62,196,9,124,11,173,94,14,49,101,103,18,133,76,20,95,23,24,25,34,27,28,90,85,158,153,33,15,35,36,66,181,39,40,54,42,119,44,45,46,47,48,13,50,51,107,37,174,55,56,109,58,59,22,61,187,199,64,180,53,87,135,84,155,71,127,73,74,159,21,184,78,79,121,167,60,83,150,30,86,67,88,162,29,91,92,171,116,82,77,97,98,99,122,125,179,168,198,183,106,52,32,169,188,111,112,113,70,115,16,132,102,0,120,80,100,26,191,114,126,72,128,137,130,117,110,19,134,68,136,129,138,1,105,131,142,143,194,145,108,147,148,149,10,151,152,43,193,41,118,157,31,75,160,163,89,161,164,165,166,81,17,57,170,93,172,12,141,175,176,177,123,156,65,38,182,140,96,69,186,7,178,2,190,185,192,139,144,195,8,197,104,63,];False
5971;9383;15354;[146,154,189,3,4,5,6,62,196,9,124,11,173,94,14,49,101,103,18,133,76,20,95,23,24,25,34,27,28,90,85,158,153,33,15,35,36,66,181,39,40,54,42,119,44,45,46,47,48,13,50,51,107,37,174,55,56,109,58,88,22,61,187,199,64,180,53,87,135,84,155,71,127,73,74,159,21,184,78,79,121,167,60,83,150,30,86,67,59,162,29,91,92,171,116,82,77,97,98,99,122,125,179,168,198,183,106,52,32,169,188,111,112,113,70,115,16,178,102,0,120,80,100,26,191,114,126,72,128,137,130,117,110,19,134,68,136,129,138,1,105,131,142,143,194,145,108,147,148,149,10,151,152,43,193,41,118,157,31,75,160,163,89,161,164,165,166,81,17,57,170,93,172,12,141,175,176,177,123,156,65,38,182,140,96,69,186,7,132,2,190,185,192,139,144,195,8,197,104,63,];False
5980;9341;15321;[146,154,189,3,4,5,6,62,196,9,124,11,173,94,14,49,101,103,18,133,76,20,95,23,24,25,34,27,28,90,85,158,153,33,15,35,36,66,181,39,40,54,42,119,44,45,46,47,48,13,50,51,107,37,174,55,56,109,58,59,22,61,187,199,64,180,53,87,135,84,155,71,127,73,74,159,21,184,78,79,121,167,60,83,150,30,86,67,88,162,29,91,92,171,116,82,77,97,98,99,122,125,179,168,198,183,106,52,32,169,188,111,112,113,70,115,16,178,102,0,120,80,100,26,191,114,126,72,128,137,130,17,110,19,134,68,136,129,138,1,105,131,142,143,194,145,108,147,148,149,10,151,152,43,193,41,118,157,31,75,160,163,89,161,164,165,166,81,117,57,170,93,172,12,141,175,176,177,123,156,65,38,182,140,96,69,186,7,132,2,190,185,192,139,144,195,8,197,104,63,];False
5915;9396;15311;[146,154,189,3,4,5,6,62,196,9,124,11,173,94,14,22,101,103,18,133,76,20,95,23,24,25,34,27,28,90,85,158,153,33,15,35,36,66,181,39,40,54,42,119,44,45,46,47,48,13,50,51,107,37,174,55,56,109,58,59,49,61,187,199,64,180,53,87,135,84,155,71,127,73,74,159,21,184,78,79,121,167,60,83,150,30,86,67,88,162,29,91,92,171,116,82,77,97,98,99,122,125,179,168,198,183,106,52,32,169,188,111,112,113,70,115,16,178,102,0,120,80,100,26,191,114,126,72,128,137,130,117,110,19,134,68,136,129,138,1,105,131,142,143,194,145,108,147,148,149,10,151,152,43,193,41,118,157,31,75,160,163,89,161,164,165,166,81,17,57,170,93,172,12,141,175,176,177,123,156,65,38,182,140,96,69,186,7,132,2,190,185,192,139,144,195,8,197,104,63,];False
6064;9245;15309;[146,154,169,3,4,5,6,62,32,9,124,11,173,94,14,49,101,103,18,133,76,20,95,23,24,25,34,27,28,90,85,158,153,33,15,35,36,66,181,39,40,54,42,119,44,45,46,47,48,13,50,51,107,37,174,55,56,109,58,59,22,61,187,199,64,180,53,87,135,84,155,71,127,73,74,159,21,184,78,79,121,167,60,83,150,30,86,67,88,162,104,91,92,171,116,82,77,97,98,38,122,125,179,168,198,183,41,52,196,189,151,111,112,113,70,115,16,178,102,0,120,80,100,26,191,114,126,72,128,137,130,117,110,19,134,68,136,129,138,1,105,131,142,143,194,145,108,147,148,149,10,188,152,43,193,106,118,157,31,75,160,163,89,161,99,165,166,81,17,57,170,93,172,12,141,175,176,177,123,156,65,164,182,140,96,69,186,7,132,2,190,185,192,139,144,195,8,197,29,63,];False
5974;9330;15304;[146,154,189,3,4,5,6,62,196,9,124,11,173,94,14,49,101,103,18,133,76,20,95,23,24,25,34,27,28,90,85,158,153,33,15,35,36,66,181,39,40,54,42,119,44,45,46,47,48,13,50,51,107,37,174,55,56,109,43,59,22,61,187,199,64,180,53,87,135,84,155,71,127,73,74,159,21,184,78,79,121,167,60,83,150,30,86,67,88,162,29,91,92,171,116,82,77,97,98,99,122,125,179,168,198,183,41,52,32,169,188,111,112,113,70,115,16,178,102,0,120,80,100,26,191,114,126,72,128,137,130,117,110,19,134,68,136,129,138,1,105,131,142,143,194,145,108,147,148,149,10,151,152,58,193,106,118,157,31,75,160,163,89,161,164,165,166,81,17,57,170,93,172,12,141,175,176,177,123,156,65,38,182,140,96,69,186,7,132,2,190,185,192,139,144,195,8,197,104,63,];False
5986;9311;15297;[146,154,189,3,4,5,6,62,196,9,124,11,173,94,14,49,101,103,18,133,76,20,95,23,24,25,34,27,28,90,85,158,153,33,15,35,36,66,181,39,40,54,42,119,44,45,46,47,48,13,50,51,107,37,174,55,56,109,58,59,22,61,187,199,64,180,53,87,135,84,155,71,127,73,74,159,21,184,78,79,121,167,60,83,150,30,86,67,88,162,29,91,92,171,116,82,77,97,98,99,122,125,179,168,198,183,41,52,32,169,188,111,112,113,70,115,16,178,102,0,120,80,100,26,191,114,126,72,128,137,130,117,110,19,134,68,136,129,138,1,105,131,142,143,194,145,108,147,148,149,10,151,152,43,193,106,118,157,31,75,160,163,89,161,164,165,166,81,17,57,170,93,172,12,141,175,176,177,123,156,65,38,182,140,96,69,186,7,132,2,190,185,195,139,144,192,8,197,104,63,];False
5972;9324;15296;[146,154,189,3,4,5,6,62,196,9,124,11,173,94,14,49,101,103,18,133,76,20,95,23,24,25,34,27,28,90,85,158,153,33,15,35,36,66,181,39,40,54,42,119,44,45,46,47,48,13,50,51,107,37,174,55,56,109,58,59,22,61,187,149,64,180,53,87,135,84,155,71,127,73,74,159,21,184,78,79,121,167,60,83,150,30,86,67,88,162,29,91,92,171,116,82,77,97,98,99,122,125,179,168,198,183,41,52,32,169,151,111,112,113,70,115,16,178,102,0,120,80,100,26,191,114,126,72,128,137,130,117,110,19,134,68,136,129,138,1,105,131,142,143,194,145,108,147,148,199,10,188,152,43,193,106,118,157,31,75,160,163,89,161,164,165,166,81,17,57,170,93,172,12,141,175,176,177,123,156,65,38,182,140,96,69,186,7,132,2,190,185,192,139,144,195,8,197,104,63,];False
5924;9345;15269;[146,154,189,3,4,5,6,62,196,9,124,11,173,94,14,49,101,103,18,133,76,20,95,23,24,25,34,27,28,90,85,158,153,33,15,35,36,66,181,39,40,54,42,119,44,45,46,47,48,13,50,51,107,37,174,55,56,109,58,59,22,61,187,199,64,180,53,87,135,84,155,71,127,73,74,159,21,184,78,79,121,167,60,83,150,30,86,67,88,162,29,91,92,171,116,82,77,97,98,99,122,125,179,168,198,183,106,52,32,169,188,111,112,113,70,115,16,178,102,0,120,80,100,26,191,114,126,72,128,137,130,117,110,19,134,68,136,129,138,1,105,131,142,143,194,145,108,147,148,149,10,151,152,43,193,41,118,157,31,75,160,163,89,161,164,165,166,81,17,57,170,93,172,12,141,175,176,177,123,156,65,38,182,140,96,69,186,7,132,2,190,185,192,139,144,195,8,197,104,63,];False
5908;9338;15246;[146,154,189,3,4,5,6,62,196,9,124,11,173,94,14,49,101,174,18,133,76,20,95,23,24,25,34,27,28,90,85,158,153,33,15,35,36,66,181,39,40,54,42,119,44,45,46,47,48,13,50,51,107,37,103,55,56,109,58,59,22,61,187,199,64,180,53,87,135,84,155,71,127,73,74,159,21,184,78,79,121,167,60,83,150,30,86,67,88,162,29,91,92,171,116,82,77,97,98,99,122,125,179,168,198,183,41,52,32,169,188,111,112,113,70,115,16,178,102,0,120,80,100,26,191,114,126,72,128,137,130,117,110,19,134,68,136,129,138,1,105,131,142,143,194,145,108,147,148,149,10,151,152,43,193,106,118,157,31,75,160,163,89,161,164,165,166,81,17,57,170,93,172,12,141,175,176,177,123,156,65,38,182,140,96,69,186,7,132,2,190,185,192,139,144,195,8,197,104,63,];False
5920;9296;15216;[146,154,169,3,4,5,6,62,196,9,124,11,50,94,14,49,101,103,18,133,76,20,95,23,24,25,34,27,28,90,85,158,153,33,15,35,36,66,181,39,40,54,42,119,44,45,46,47,48,13,173,51,107,37,174,55,56,109,58,59,22,61,187,199,64,180,53,87,135,84,155,71,127,73,74,159,21,184,78,79,121,167,60,83,150,30,86,67,88,162,104,91,92,171,116,82,77,97,98,99,122,125,179,168,198,183,41,52,32,189,151,111,112,113,70,115,16,178,102,0,120,80,100,26,191,114,126,72,128,137,130,117,110,19,134,68,136,129,138,1,105,131,142,143,194,145,108,147,148,149,10,188,152,43,193,106,118,157,31,75,160,163,89,161,38,165,166,81,17,57,170,93,172,12,141,175,176,177,123,156,65,164,182,140,96,69,186,7,132,2,190,185,192,139,144,195,8,197,29,63,];False
5938;9277;15215;[146,154,169,3,4,5,6,62,196,9,124,11,173,94,14,49,101,103,18,133,76,20,95,23,24,25,34,27,28,90,85,158,153,33,15,35,36,66,181,39,40,54,42,119,44,45,46,47,48,13,50,51,107,37,174,55,56,109,58,59,22,61,187,199,64,180,53,87,135,84,155,71,127,73,74,159,21,184,78,79,121,167,60,83,150,30,86,67,88,162,104,91,92,171,116,82,77,97,98,99,122,125,179,168,198,183,41,52,32,189,151,111,112,113,70,115,16,178,102,0,120,80,100,26,191,114,126,72,128,137,130,117,110,19,134,68,136,129,138,1,105,131,142,143,194,145,108,147,148,149,10,188,152,43,193,106,118,157,31,75,160,163,89,161,190,165,166,81,17,57,170,93,172,12,141,175,176,177,123,156,65,164,182,140,96,69,186,7,132,2,38,185,192,139,144,195,8,197,29,63,];False
5925;9281;15206;[146,154,189,3,4,5,6,62,196,9,124,11,173,94,14,49,101,103,18,133,76,20,95,23,24,25,34,27,157,90,85,158,153,33,15,35,36,66,181,39,40,54,42,119,44,45,46,47,48,13,50,51,107,37,174,55,56,109,58,59,22,61,187,199,64,180,53,87,135,84,155,71,127,73,74,159,21,184,78,79,121,167,60,83,150,30,86,67,88,162,29,91,92,171,116,82,77,97,98,99,122,125,179,168,198,183,41,52,32,169,151,111,112,113,70,115,16,178,102,0,120,80,100,26,191,114,126,72,128,137,130,117,110,19,134,68,136,129,138,1,105,131,142,143,194,145,108,147,148,149,10,188,152,43,193,106,118,28,31,75,160,163,89,161,164,165,166,81,17,57,170,93,172,12,141,175,176,177,123,156,65,38,182,140,96,69,186,7,132,2,190,185,192,139,144,195,8,197,104,63,];False
5944;9258;15202;[146,154,169,3,4,5,6,62,32,9,124,11,173,94,14,49,101,103,18,133,76,20,95,23,24,25,34,27,28,90,85,21,153,33,15,35,36,66,181,39,40,54,42,119,44,45,46,47,48,13,50,51,107,37,174,55,56,109,58,59,22,61,187,199,64,180,53,87,135,84,155,71,127,73,74,159,158,184,78,79,121,167,60,83,150,30,86,67,88,162,104,91,92,171,116,82,77,97,98,99,122,125,179,168,198,183,41,52,196,189,151,111,112,113,70,115,16,178,102,0,120,80,100,26,191,114,126,72,128,137,130,117,110,19,134,68,136,129,138,1,105,131,142,143,194,145,108,147,148,149,10,188,152,43,193,106,118,157,31,75,160,163,89,161,38,165,166,81,17,57,170,93,172,12,141,175,176,177,123,156,65,164,182,140,96,69,186,7,132,2,190,185,192,139,144,195,8,197,29,63,];False
5937;9264;15201;[146,154,169,3,4,5,6,62,32,9,124,11,173,94,14,49,101,103,18,133,76,20,95,86,24,25,34,27,28,90,85,158,153,33,15,35,36,66,181,39,40,54,42,119,44,45,46,47,48,13,50,51,107,37,174,55,56,109,58,59,22,61,187,199,64,180,53,87,135,84,155,71,127,73,74,159,21,184,78,79,121,167,60,83,150,30,23,67,88,162,104,91,92,171,116,82,77,97,98,99,122,125,179,168,198,183,41,52,196,189,151,111,112,113,70,115,16,178,102,0,120,80,100,26,191,114,126,72,128,137,130,117,110,19,134,68,136,129,138,1,105,131,142,143,194,145,108,147,148,149,10,188,152,43,193,106,118,157,31,75,160,163,89,161,38,165,166,81,17,57,170,93,172,12,141,175,176,177,123,156,65,164,182,140,96,69,186,7,132,2,190,185,192,139,144,195,8,197,29,63,];False
5903;9294;15197;[146,154,169,95,4,5,6,62,196,9,124,11,173,94,14,49,101,103,18,133,76,20,3,23,24,25,34,27,28,90,85,158,153,33,15,35,36,66,181,39,40,54,42,119,44,45,46,47,48,13,50,51,107,37,174,55,56,109,58,59,22,61,187,199,64,180,53,87,135,84,155,71,127,73,74,159,21,184,78,79,121,167,60,83,150,30,86,67,88,162,104,91,92,171,116,82,77,97,98,99,122,125,179,168,198,183,41,52,32,189,151,111,112,113,70,115,16,178,102,0,120,80,100,26,191,114,126,72,128,137,130,117,110,19,134,68,136,129,138,1,105,131,142,143,194,145,108,147,148,149,10,188,152,43,193,106,118,157,31,75,160,163,89,161,38,165,166,81,17,57,170,93,172,12,141,175,176,177,123,156,65,164,182,140,96,69,186,7,132,2,190,185,192,139,144,195,8,197,29,63,];False
5883;9310;15193;[146,154,189,3,4,5,6,62,196,9,124,11,173,19,14,49,101,103,18,133,76,20,95,23,24,25,34,27,28,90,85,158,153,33,15,35,36,66,181,39,40,54,42,119,44,45,46,47,48,13,50,51,107,37,174,55,56,109,58,59,22,61,187,199,64,180,53,87,135,84,155,71,127,73,74,159,21,184,78,79,121,167,60,83,150,30,86,67,88,162,29,91,92,171,116,82,77,97,98,99,122,125,179,168,198,183,41,52,32,169,151,111,112,113,70,115,16,178,102,0,120,80,100,26,191,114,126,72,128,137,130,117,110,94,134,68,136,129,138,1,105,131,142,143,194,145,108,147,148,149,10,188,152,43,193,106,118,157,31,75,160,163,89,161,164,165,166,81,17,57,170,93,172,12,141,175,176,177,123,156,65,38,182,140,96,69,186,7,132,2,190,185,192,139,144,195,8,197,104,63,];False
5863;9327;15190;[146,154,189,3,4,5,6,62,196,9,124,11,173,94,14,49,101,103,18,133,76,20,95,23,24,25,34,27,28,90,85,158,153,33,15,35,36,66,181,39,40,54,42,119,44,45,46,47,48,13,50,51,107,37,174,55,56,109,58,59,22,61,187,199,64,180,53,87,135,84,155,71,127,73,74,159,21,184,78,79,121,167,60,83,150,30,86,67,88,162,29,91,92,171,116,82,77,97,98,99,122,125,179,168,198,183,41,52,32,169,188,111,112,113,70,115,16,178,102,0,120,80,100,26,191,114,126,72,128,137,130,117,110,19,134,68,136,129,138,1,105,131,142,143,194,145,108,147,148,149,10,151,152,43,193,106,118,157,31,75,160,163,89,161,164,165,166,81,17,57,170,93,172,12,141,175,176,177,123,156,65,38,182,140,96,69,186,7,132,2,190,185,192,139,144,195,8,197,104,63,];False
5942;9245;15187;[146,154,169,3,4,5,6,62,32,9,124,11,173,94,14,49,101,103,18,133,76,20,95,23,24,25,34,27,28,90,85,158,153,33,15,35,36,66,181,39,40,54,42,119,44,45,46,47,48,13,50,51,107,37,174,55,56,109,58,59,22,61,187,199,64,180,53,87,135,84,155,71,127,73,74,159,21,184,78,79,121,167,60,83,150,30,86,67,88,162,104,91,92,171,116,82,77,97,98,99,122,125,179,168,198,183,41,52,196,189,151,111,112,113,70,115,16,178,102,0,120,80,100,26,191,114,126,72,128,137,130,117,110,19,134,68,136,129,138,1,105,131,142,143,194,145,108,147,148,149,10,188,152,43,193,106,118,157,31,75,160,172,89,161,38,165,166,81,17,57,170,93,163,12,141,175,176,177,123,156,65,164,182,140,96,69,186,7,132,2,190,185,192,139,144,195,8,197,29,63,];False
5812;9373;15185;[146,154,169,3,4,5,6,62,196,9,124,11,173,94,14,49,101,103,18,133,76,20,95,23,24,25,34,27,28,90,85,158,153,33,15,35,36,66,181,39,40,54,82,119,44,45,46,47,48,13,50,51,107,37,174,55,56,109,58,59,22,61,187,199,64,180,53,87,135,84,155,71,127,73,74,159,21,184,78,79,121,167,60,83,150,30,86,67,88,162,104,91,92,171,116,42,77,97,98,99,122,125,179,168,198,183,41,52,32,189,151,111,112,113,70,115,16,178,102,0,120,80,100,26,191,114,126,72,128,137,130,117,110,19,134,68,136,129,138,1,105,131,142,143,194,145,108,147,148,149,10,188,152,43,193,106,118,157,31,75,160,163,89,161,38,165,166,81,17,57,170,93,172,12,141,175,176,177,123,156,65,164,182,140,96,69,186,7,132,2,190,185,192,139,144,195,8,197,29,63,];False
5896;9288;15184;[146,154,169,3,4,5,6,62,196,9,124,11,173,94,14,49,101,103,18,133,76,20,95,23,24,25,34,27,28,90,85,158,153,33,15,35,36,66,181,39,40,54,42,119,44,45,46,47,48,13,50,51,107,37,174,55,56,109,58,59,22,61,187,199,64,180,53,87,135,84,155,71,127,73,74,159,21,184,78,79,121,167,60,83,150,30,86,67,88,162,104,41,92,171,116,82,77,97,98,99,122,125,179,168,198,183,91,52,32,189,151,111,112,113,70,115,16,178,102,0,120,80,100,26,191,114,126,72,128,137,130,117,110,19,134,68,136,129,138,1,105,131,142,143,194,145,108,147,148,149,10,188,152,43,193,106,118,157,31,75,160,163,89,161,38,165,166,81,17,57,170,93,172,12,141,175,176,177,123,156,65,164,182,140,96,69,186,7,132,2,190,185,192,139,144,195,8,197,29,63,];False
5791;9386;15177;[146,154,189,3,4,5,6,62,196,9,124,11,173,94,14,49,101,103,18,133,76,20,95,23,24,25,34,27,28,90,85,158,153,33,15,35,36,66,181,39,40,54,42,119,44,45,46,47,48,13,50,51,107,37,174,55,56,109,58,59,22,61,187,199,64,180,53,87,135,84,155,71,127,73,74,159,21,184,78,79,121,167,60,83,150,30,86,67,88,162,29,91,92,171,116,82,77,97,98,99,122,125,179,168,198,183,41,52,32,169,151,111,112,113,70,115,16,178,102,0,120,80,100,26,191,114,126,72,128,137,130,156,110,19,134,68,136,129,138,1,105,131,142,143,194,145,108,147,148,149,10,188,152,43,193,106,118,157,31,75,160,163,89,161,164,165,166,81,17,57,170,93,172,12,141,175,176,177,123,117,65,38,182,140,96,69,186,7,132,2,190,185,192,139,144,195,8,197,104,63,];False
5910;9264;15174;[146,154,169,3,4,5,6,62,32,9,124,11,173,94,14,49,101,103,18,133,76,20,95,23,24,25,34,27,28,90,85,158,153,33,15,35,36,66,181,39,40,54,42,119,44,45,46,47,48,13,50,51,107,19,174,55,56,109,58,59,22,61,187,199,64,180,53,87,135,84,155,71,127,73,74,159,21,184,78,79,121,167,60,83,150,30,86,67,88,162,104,91,92,171,116,82,77,97,98,99,122,125,179,168,198,183,41,52,196,189,151,111,112,113,70,115,16,178,102,0,120,80,100,26,191,114,126,72,128,137,130,117,110,37,134,68,136,129,138,1,105,131,142,143,194,145,108,147,148,149,10,188,152,43,193,106,118,157,31,75,160,163,89,161,38,165,166,81,17,57,170,93,172,12,141,175,176,177,123,156,65,164,182,140,96,69,186,7,132,2,190,185,192,139,144,195,8,197,29,63,];False
5867;9306;15173;[146,154,189,19,4,5,6,62,196,9,124,11,173,94,14,49,101,103,18,133,76,20,95,23,24,25,34,27,28,90,85,158,153,33,15,35,36,66,181,39,40,54,42,119,44,45,46,47,48,13,50,51,107,37,174,55,56,109,58,59,22,61,187,199,64,180,53,87,135,84,155,71,127,73,74,159,21,184,78,79,121,167,60,83,150,30,86,67,88,162,29,91,92,171,116,82,77,97,98,99,122,125,179,168,198,183,41,52,32,169,151,111,112,113,70,115,16,178,102,0,120,80,100,26,191,114,126,72,128,137,130,117,110,3,134,68,136,129,138,1,105,131,142,143,194,145,108,147,148,149,10,188,152,43,193,106,118,157,31,75,160,163,89,161,164,165,166,81,17,57,170,93,172,12,141,175,176,177,123,156,65,38,182,140,96,69,186,7,132,2,190,185,192,139,144,195,8,197,104,63,];False
5872;9297;15169;[146,154,189,3,4,5,6,62,196,9,124,11,173,94,14,49,101,103,18,133,76,20,95,23,24,25,34,27,28,90,85,158,153,33,15,35,36,66,181,39,40,54,42,119,44,45,46,47,48,13,50,51,107,37,174,55,56,109,58,59,22,61,187,199,64,180,53,87,135,84,155,71,127,73,74,159,21,184,78,79,121,167,60,83,150,30,86,67,88,162,29,91,92,171,116,82,77,97,98,99,122,125,179,168,198,183,41,52,32,169,151,111,112,113,70,115,16,178,102,0,120,80,100,26,191,114,126,72,128,137,130,117,110,19,134,68,136,129,138,1,105,185,142,143,194,145,108,147,148,149,10,188,152,43,193,106,118,157,31,75,160,163,89,161,164,165,166,81,17,57,170,93,172,12,141,175,176,177,123,156,65,38,182,140,96,69,186,7,132,2,190,131,192,139,144,195,8,197,104,63,];False
5842;9326;15168;[146,154,169,3,4,5,6,62,32,9,124,11,173,94,14,49,101,103,18,133,76,20,95,23,24,25,34,27,28,90,85,158,153,33,15,35,36,66,181,39,40,54,42,119,44,45,46,47,48,13,50,51,107,37,174,55,56,109,58,59,22,61,187,199,64,180,53,87,135,84,155,71,127,73,74,159,21,184,78,79,121,167,60,83,150,30,86,67,88,162,104,91,92,171,116,82,77,97,98,99,122,125,179,168,198,183,41,52,196,189,151,111,112,113,70,115,16,178,102,0,120,80,100,26,191,114,126,72,128,137,130,117,110,19,134,68,136,129,138,1,105,131,142,143,194,145,108,147,148,149,10,188,152,43,193,106,118,157,31,75,160,163,89,161,38,165,166,81,17,57,170,93,172,12,141,175,176,177,123,156,7,164,182,140,96,69,186,65,132,2,190,185,192,139,144,195,8,197,29,63,];False
5795;9372;15167;[146,154,189,3,4,5,6,62,196,9,124,11,173,94,14,156,101,103,18,133,76,20,95,23,24,25,34,27,28,90,85,158,153,33,15,35,36,66,181,39,40,54,42,119,44,45,46,47,48,13,50,51,107,37,174,55,56,109,58,59,22,61,187,199,64,180,53,87,135,84,155,71,127,73,74,159,21,184,78,79,121,167,60,83,150,30,86,67,88,162,29,91,92,171,116,82,77,97,98,99,122,125,179,168,198,183,41,52,32,169,151,111,112,113,70,115,16,178,102,0,120,80,100,26,191,114,126,72,128,137,130,117,110,19,134,68,136,129,138,1,105,131,142,143,194,145,108,147,148,149,10,188,152,43,193,106,118,157,31,75,160,163,89,161,164,165,166,81,17,57,170,93,172,12,141,175,176,177,123,49,65,38,182,140,96,69,186,7,132,2,190,185,192,139,144,195,8,197,104,63,];False
5846;9317;15163;[146,154,189,3,4,5,6,62,196,9,124,11,173,94,14,49,101,103,18,133,76,20,95,23,24,25,34,27,28,90,85,158,153,33,15,35,36,66,181,39,40,54,42,119,44,45,46,47,48,13,50,51,107,37,174,55,56,109,58,59,22,138,187,199,64,180,53,87,135,84,155,71,127,73,74,159,21,184,78,79,121,167,60,83,150,30,86,67,88,162,29,91,92,171,116,82,77,97,98,99,122,125,179,168,198,183,41,52,32,169,151,111,112,113,70,115,16,178,102,0,120,80,100,26,191,114,126,72,128,137,130,117,110,19,134,68,136,129,61,1,105,131,142,143,194,145,108,147,148,149,10,188,152,43,193,106,118,157,31,75,160,163,89,161,164,165,166,81,17,57,170,93,172,12,141,175,176,177,123,156,65,38,182,140,96,69,186,7,132,2,190,185,192,139,144,195,8,197,104,63,];False
5906;9256;15162;[146,154,169,3,4,5,6,62,32,9,124,11,173,94,14,49,101,103,18,133,76,20,95,23,24,25,118,27,28,90,85,158,153,33,15,35,36,66,181,39,40,54,42,119,44,45,46,47,48,13,50,51,107,37,174,55,56,109,58,59,22,61,187,199,64,180,53,87,135,84,155,71,127,73,74,159,21,184,78,79,121,167,60,83,150,30,86,67,88,162,104,91,92,171,116,82,77,97,98,99,122,125,179,168,198,183,41,52,196,189,151,111,112,113,70,115,16,178,102,0,120,80,100,26,191,114,126,72,128,137,130,117,110,19,134,68,136,129,138,1,105,131,142,143,194,145,108,147,148,149,10,188,152,43,193,106,34,157,31,75,160,163,89,161,38,165,166,81,17,57,170,93,172,12,141,175,176,177,123,156,65,164,182,140,96,69,186,7,132,2,190,185,192,139,144,195,8,197,29,63,];False
5898;9261;15159;[146,154,189,3,4,5,6,62,196,9,124,11,173,94,14,49,101,103,18,133,76,20,95,23,24,25,34,27,28,90,85,158,153,33,15,35,36,66,181,39,40,54,42,119,44,45,46,47,48,13,50,51,107,37,174,55,56,109,58,59,22,61,187,199,64,180,53,87,135,84,155,71,127,73,74,159,21,194,78,79,121,167,60,83,150,30,86,67,88,162,29,91,92,171,116,82,77,97,98,99,122,125,179,168,198,183,41,52,32,169,151,111,112,113,70,115,16,178,102,0,120,80,100,26,191,114,126,72,128,137,130,117,110,19,134,68,136,129,138,1,105,131,142,143,184,145,108,147,148,149,10,188,152,43,193,106,118,157,31,75,160,163,89,161,38,165,166,81,17,57,170,93,172,12,141,175,176,177,123,156,65,164,182,140,96,69,186,7,132,2,190,185,192,139,144,195,8,197,104,63,];False
5724;9432;15156;[146,154,189,3,4,5,6,62,196,9,124,11,173,94,14,49,63,103,18,133,76,20,95,23,24,25,34,27,28,90,85,158,153,33,15,35,36,66,181,39,40,54,42,119,44,45,46,47,48,13,50,51,107,37,174,55,56,109,58,59,22,61,187,199,64,180,53,87,135,84,155,71,127,73,74,159,21,184,78,79,121,167,60,83,150,30,86,67,88,162,29,91,92,171,116,82,77,97,98,99,122,125,179,168,198,183,41,52,32,169,151,111,112,113,70,115,16,178,102,0,120,80,100,26,191,114,126,72,128,137,130,117,110,19,134,68,136,129,138,1,105,131,142,143,194,145,108,147,148,149,10,188,152,43,193,106,118,157,31,75,160,163,89,161,164,165,166,81,17,57,170,93,172,12,141,175,176,177,123,156,65,38,182,140,96,69,186,7,132,2,190,185,192,139,144,195,8,197,104,101,];False
5850;9306;15156;[146,154,189,3,4,5,6,62,196,9,124,11,173,94,14,49,101,103,18,133,76,20,95,23,24,25,34,27,28,90,85,158,153,33,15,35,36,66,181,39,40,54,42,119,44,45,46,47,48,13,50,51,107,37,174,55,106,109,58,59,22,61,187,199,64,180,53,87,135,84,155,71,127,73,74,159,21,184,78,79,121,167,60,83,150,30,86,67,88,162,29,91,92,171,116,82,77,97,98,99,122,125,179,168,198,183,41,52,32,169,151,111,112,113,70,115,16,178,102,0,120,80,100,26,191,114,126,72,128,137,130,117,110,19,134,68,136,129,138,1,105,131,142,143,194,145,108,147,148,149,10,188,152,43,193,56,118,157,31,75,160,163,89,161,164,165,166,81,17,57,170,93,172,12,141,175,176,177,123,156,65,38,182,140,96,69,186,7,132,2,190,185,192,139,144,195,8,197,104,63,];False
5819;9332;15151;[146,154,189,3,4,5,14,62,196,9,124,11,173,94,6,49,101,103,18,133,76,20,95,23,24,25,34,27,28,90,85,158,153,33,15,35,36,66,181,39,40,54,42,119,44,45,46,47,48,13,50,51,107,37,174,55,56,109,58,59,22,61,187,199,64,180,53,87,135,84,155,71,127,73,74,159,21,184,78,79,121,167,60,83,150,30,86,67,88,162,29,91,92,171,116,82,77,97,98,99,122,125,179,168,198,183,41,52,32,169,151,111,112,113,70,115,16,178,102,0,120,80,100,26,191,114,126,72,128,137,130,117,110,19,134,68,136,129,138,1,105,131,142,143,194,145,108,147,148,149,10,188,152,43,193,106,118,157,31,75,160,163,89,161,164,165,166,81,17,57,170,93,172,12,141,175,176,177,123,156,65,38,182,140,96,69,186,7,132,2,190,185,192,139,144,195,8,197,104,63,];False
5872;9273;15145;[146,154,169,3,4,5,6,62,32,9,124,11,173,94,14,49,101,103,18,133,76,20,95,23,24,25,34,27,28,90,85,158,153,33,15,35,36,66,181,39,40,54,42,119,44,45,46,47,48,13,50,51,107,37,174,55,56,109,58,59,22,61,187,199,64,180,53,87,135,84,155,71,127,73,74,159,21,184,78,79,121,167,60,83,150,30,86,67,88,162,104,91,92,171,116,82,77,97,98,99,122,125,179,168,198,183,41,52,196,189,151,111,112,113,70,115,16,178,102,0,120,138,100,26,191,114,126,72,128,137,130,117,110,19,134,68,136,129,80,1,105,131,142,143,194,145,108,147,148,149,10,188,152,43,193,106,118,157,31,75,160,163,89,161,38,165,166,81,17,57,170,93,172,12,141,175,176,177,123,156,65,164,182,140,96,69,186,7,132,2,190,185,192,139,144,195,8,197,29,63,];False
5885;9255;15140;[146,154,169,3,4,5,6,62,32,9,124,11,173,94,14,49,101,103,18,133,76,20,95,23,24,25,34,27,28,90,85,158,153,33,15,35,36,66,181,39,40,54,42,119,44,45,46,47,48,13,50,51,107,131,174,55,56,109,58,59,22,61,187,199,64,180,53,87,135,84,155,71,127,73,74,159,21,184,78,79,121,167,60,83,150,30,86,67,88,162,104,91,92,171,116,82,77,97,98,99,122,125,179,168,198,183,41,52,196,189,151,111,112,113,70,115,16,178,102,0,120,80,100,26,191,114,126,72,128,137,130,117,110,19,134,68,136,129,138,1,105,37,142,143,194,145,108,147,148,149,10,188,152,43,193,106,118,157,31,75,160,163,89,161,38,165,166,81,17,57,170,93,172,12,141,175,176,177,123,156,65,164,182,140,96,69,186,7,132,2,190,185,192,139,144,195,8,197,29,63,];False
5842;9296;15138;[146,154,189,3,4,5,6,62,196,9,124,11,173,94,14,49,101,103,18,133,76,20,95,23,24,25,34,27,28,90,85,158,153,33,15,35,36,66,181,39,40,54,42,119,44,45,46,47,48,13,50,51,107,37,174,55,56,109,58,59,22,61,187,199,64,180,53,87,135,84,155,71,127,73,74,159,21,184,78,79,121,178,60,83,150,30,86,67,88,162,29,91,92,171,116,82,77,97,98,99,122,125,179,168,198,183,41,52,32,169,151,111,112,113,70,115,16,167,102,0,120,80,100,26,191,114,126,72,128,137,130,117,110,19,134,68,136,129,138,1,105,131,142,143,194,145,108,147,148,149,10,188,152,43,193,106,118,157,31,75,160,163,89,161,38,165,166,81,17,57,170,93,172,12,141,175,176,177,123,156,65,164,182,140,96,69,186,7,132,2,190,185,192,139,144,195,8,197,104,63,];False
5883;9247;15130;[146,154,169,3,4,5,6,62,32,9,124,11,159,94,14,49,101,103,18,133,76,20,95,23,24,25,34,27,28,90,85,158,153,33,15,35,36,66,181,39,40,54,42,119,44,45,46,47,48,13,50,51,107,37,174,55,56,109,58,59,22,61,187,199,64,180,53,87,135,84,155,71,127,73,74,173,21,184,78,79,121,167,60,83,150,30,86,67,88,162,104,91,92,171,116,82,77,97,98,99,122,125,179,168,198,183,41,52,196,189,151,111,112,113,70,115,16,178,102,0,120,80,100,26,191,114,126,72,128,137,130,117,110,19,134,68,136,129,138,1,105,131,142,143,194,145,108,147,148,149,10,188,152,43,193,106,118,157,31,75,160,163,89,161,38,165,166,81,17,57,170,93,172,12,141,175,176,177,123,156,65,164,182,140,96,69,186,7,132,2,190,185,192,139,144,195,8,197,29,63,];False
5850;9274;15124;[146,154,169,3,4,5,6,62,196,9,124,11,173,94,14,49,101,103,18,133,76,20,95,66,24,25,34,27,28,90,85,158,153,33,15,35,36,23,181,39,40,54,42,119,44,45,46,47,48,13,50,51,107,37,174,55,56,109,58,59,22,61,187,199,64,180,53,87,135,84,155,71,127,73,74,159,21,184,78,79,121,167,60,83,150,30,86,67,88,162,104,91,92,171,116,82,77,97,98,99,122,125,179,168,198,183,41,52,32,189,151,111,112,113,70,115,16,178,102,0,120,80,100,26,191,114,126,72,128,137,130,117,110,19,134,68,136,129,138,1,105,131,142,143,194,145,108,147,148,149,10,188,152,43,193,106,118,157,31,75,160,163,89,161,38,165,166,81,17,57,170,93,172,12,141,175,176,177,123,156,65,164,182,140,96,69,186,7,132,2,190,185,192,139,144,195,8,197,29,63,];False
5878;9244;15122;[146,154,169,3,4,5,6,62,32,9,124,11,173,94,14,49,101,103,18,133,76,20,95,23,24,25,34,27,28,90,85,158,153,33,15,35,36,66,181,39,40,54,42,119,44,81,46,47,48,13,50,51,107,37,174,55,56,109,58,59,22,61,187,199,64,180,53,87,135,84,155,71,127,73,74,159,21,184,78,79,121,167,60,83,150,30,86,67,88,162,104,91,92,171,116,82,77,97,98,99,122,125,179,168,198,183,41,52,196,189,151,111,112,113,70,115,16,178,102,0,120,80,100,26,191,114,126,72,128,137,130,117,110,19,134,68,136,129,138,1,105,131,142,143,194,145,108,147,148,149,10,188,152,43,193,106,118,157,31,75,160,163,89,161,38,165,166,45,17,57,170,93,172,12,141,175,176,177,123,156,65,164,182,140,96,69,186,7,132,2,190,185,192,139,144,195,8,197,29,63,];False
5831;9290;15121;[146,154,169,3,4,5,6,62,196,9,124,11,173,94,14,49,101,103,18,133,76,20,95,23,24,25,34,27,28,90,85,158,153,33,15,35,36,66,181,39,40,54,42,119,44,56,46,47,48,13,50,51,107,37,174,55,45,109,58,59,22,61,187,199,64,180,53,87,135,84,155,71,127,73,74,159,21,184,78,79,121,167,60,83,150,30,86,67,88,162,104,91,92,171,116,82,77,97,98,99,122,125,179,168,198,183,41,52,32,189,151,111,112,113,70,115,16,178,102,0,120,80,100,26,191,114,126,72,128,137,130,117,110,19,134,68,136,129,138,1,105,131,142,143,194,145,108,147,148,149,10,188,152,43,193,106,118,157,31,75,160,163,89,161,38,165,166,81,17,57,170,93,172,12,141,175,176,177,123,156,65,164,182,140,96,69,186,7,132,2,190,185,192,139,144,195,8,197,29,63,];False
5807;9312;15119;[146,154,189,3,4,5,6,62,196,9,124,11,173,94,14,49,101,103,18,133,76,20,95,23,24,25,34,27,28,90,85,158,153,33,15,35,36,66,181,39,40,54,42,119,44,45,46,47,48,13,50,51,107,37,174,55,56,109,58,59,22,61,187,199,64,180,53,87,135,84,155,71,127,73,74,159,21,184,78,79,121,167,60,83,150,30,86,67,88,162,29,91,92,171,116,82,77,97,98,99,122,125,179,168,198,183,41,52,32,169,151,111,112,113,70,115,16,178,102,0,120,80,100,26,191,114,126,72,128,137,130,117,110,19,134,68,136,175,138,1,105,131,142,143,194,145,108,147,148,149,10,188,152,43,193,106,118,157,31,75,160,163,89,161,38,165,166,81,17,57,170,93,172,12,141,129,176,177,123,156,65,164,182,140,96,69,186,7,132,2,190,185,192,139,144,195,8,197,104,63,];False
5812;9304;15116;[146,154,189,3,4,5,6,62,196,9,124,11,173,94,14,49,101,103,18,133,76,20,95,23,24,25,34,27,28,90,85,158,153,33,15,35,36,66,181,39,40,54,42,119,44,45,46,47,48,13,50,51,107,37,174,55,56,109,58,59,22,61,176,199,64,180,53,87,135,84,155,71,127,73,74,159,21,184,78,79,121,167,60,83,150,30,86,67,88,162,29,91,92,171,116,82,77,97,98,99,122,125,179,168,198,183,41,52,32,169,151,111,112,113,70,115,16,178,102,0,120,80,100,26,191,114,126,72,128,137,130,117,110,19,134,68,136,129,138,1,105,131,142,143,194,145,108,147,148,149,10,188,152,43,193,106,118,157,31,75,160,163,89,161,164,165,166,81,17,57,170,93,172,12,141,175,187,177,123,156,65,38,182,140,96,69,186,7,132,2,190,185,192,139,144,195,8,197,104,63,];False
5825;9290;15115;[146,154,169,2,4,5,6,62,196,9,124,11,173,94,14,49,101,103,18,133,76,20,95,23,24,25,34,27,28,90,85,158,153,33,15,35,36,66,181,39,40,54,42,119,44,45,46,47,48,13,50,51,107,37,174,55,56,109,58,59,22,61,187,199,64,180,53,87,135,84,155,71,127,73,74,159,21,184,78,79,121,167,60,83,150,30,86,67,88,162,104,91,92,171,116,82,77,97,98,99,122,125,179,168,198,183,41,52,32,189,151,111,112,113,70,115,16,178,102,0,120,80,100,26,191,114,126,72,128,137,130,117,110,19,134,68,136,129,138,1,105,131,142,143,194,145,108,147,148,149,10,188,152,43,193,106,118,157,31,75,160,163,89,161,38,165,166,81,17,57,170,93,172,12,141,175,176,177,123,156,65,164,182,140,96,69,186,7,132,3,190,185,192,139,144,195,8,197,29,63,];False
5787;9326;15113;[55,154,169,3,4,5,6,62,196,9,124,11,173,94,14,49,101,103,18,133,76,20,95,23,24,25,34,27,28,90,85,158,153,33,15,35,36,66,181,39,40,54,42,119,44,45,46,47,48,13,50,51,107,37,174,146,56,109,58,59,22,61,187,199,64,180,53,87,135,84,155,71,127,73,74,159,21,184,78,79,121,167,60,83,150,30,86,67,88,162,104,91,92,171,116,82,77,97,98,99,122,125,179,168,198,183,41,52,32,189,151,111,112,113,70,115,16,178,102,0,120,80,100,26,191,114,126,72,128,137,130,117,110,19,134,68,136,129,138,1,105,131,142,143,194,145,108,147,148,149,10,188,152,43,193,106,118,157,31,75,160,163,89,161,38,165,166,81,17,57,170,93,172,12,141,175,176,177,123,156,65,164,182,140,96,69,186,7,132,2,190,185,192,139,144,195,8,197,29,63,];False
5790;9321;15111;[146,154,189,3,4,5,6,62,196,9,124,11,173,94,14,49,101,103,18,133,76,20,95,23,24,25,34,27,28,90,85,158,153,33,15,35,36,66,181,39,40,54,42,119,44,45,46,47,48,13,50,51,107,81,174,55,56,109,58,59,22,61,187,199,64,180,53,87,135,84,155,71,127,73,74,159,21,184,78,79,121,167,60,83,150,30,86,67,88,162,104,91,92,171,116,82,77,97,98,99,122,125,179,168,198,183,41,52,32,169,151,111,112,113,70,115,16,178,102,0,120,80,100,26,191,114,126,72,128,137,130,117,110,19,134,68,136,129,138,1,105,131,142,143,194,145,108,147,148,149,10,188,152,43,193,106,118,157,31,75,160,163,89,161,38,165,166,37,17,57,170,93,172,12,141,175,176,177,123,156,65,164,182,140,96,69,186,7,132,2,190,185,192,139,144,195,8,197,29,63,];False
5802;9306;15108;[146,154,169,3,4,5,6,62,196,9,124,11,173,94,14,49,101,103,18,133,76,20,95,23,24,25,34,27,28,90,85,158,153,33,15,35,36,66,181,39,40,54,42,119,44,45,46,47,48,13,50,51,107,37,174,55,56,109,58,59,22,61,187,199,64,180,53,87,135,84,155,71,127,73,74,159,21,184,78,79,121,167,60,83,150,30,86,67,88,162,104,91,92,171,116,82,77,97,98,99,122,125,179,168,198,183,41,52,32,189,151,111,112,113,70,115,16,178,102,0,89,80,100,26,191,114,126,72,128,137,130,117,110,19,134,68,136,129,138,1,105,131,142,143,194,145,108,147,148,149,10,188,152,43,193,106,118,157,31,75,160,163,120,161,38,165,166,81,17,57,170,93,172,12,141,175,176,177,123,156,65,164,182,140,96,69,186,7,132,2,190,185,192,139,144,195,8,197,29,63,];False
5826;9282;15108;[146,154,169,3,4,5,6,62,196,9,124,11,173,94,14,49,101,103,18,133,76,20,95,23,24,25,34,27,28,90,85,158,153,33,15,35,36,66,181,39,40,54,42,119,44,45,46,47,48,13,50,51,107,37,174,55,56,109,58,59,22,61,187,199,64,180,53,87,135,84,155,71,127,73,74,159,21,184,78,79,83,167,60,121,150,30,86,67,88,162,104,91,92,171,116,82,77,97,98,99,122,125,179,168,198,183,41,52,32,189,151,111,112,113,70,115,16,178,102,0,120,80,100,26,191,114,126,72,128,137,130,117,110,19,134,68,136,129,138,1,105,131,142,143,194,145,108,147,148,149,10,188,152,43,193,106,118,157,31,75,160,163,89,161,38,165,166,81,17,57,170,93,172,12,141,175,176,177,123,156,65,164,182,140,96,69,186,7,132,2,190,185,192,139,144,195,8,197,29,63,];False
5850;9255;15105;[146,154,169,3,4,5,6,62,32,118,124,11,173,94,14,49,101,103,18,133,76,20,95,23,24,25,34,27,28,90,85,158,153,33,15,35,36,66,181,39,40,54,42,119,44,45,46,47,48,13,50,51,107,37,174,55,56,109,58,59,22,61,187,199,64,180,53,87,135,84,155,71,127,73,74,159,21,184,78,79,121,167,60,83,150,30,86,67,88,162,104,91,92,171,116,82,77,97,98,99,122,125,179,168,198,183,41,52,196,189,151,111,112,113,70,115,16,178,102,0,120,80,100,26,191,114,126,72,128,137,130,117,110,19,134,68,136,129,138,1,105,131,142,143,194,145,108,147,148,149,10,188,152,43,193,106,9,157,31,75,160,163,89,161,38,165,166,81,17,57,170,93,172,12,141,175,176,177,123,156,65,164,182,140,96,69,186,7,132,2,190,185,192,139,144,195,8,197,29,63,];False
5790;9313;15103;[146,154,189,3,4,5,6,62,196,9,124,11,173,94,14,49,101,103,18,133,76,20,95,23,24,25,34,27,28,90,85,158,153,33,15,35,36,66,181,39,40,54,42,119,44,79,46,47,48,13,50,51,107,37,174,55,56,109,58,59,22,61,187,199,64,180,53,87,135,84,155,71,127,73,74,159,21,184,78,45,121,167,60,83,150,30,86,67,88,162,29,91,92,171,116,82,77,97,98,99,122,125,179,168,198,183,41,52,32,169,151,111,112,113,70,115,16,178,102,0,120,80,100,26,191,114,126,72,128,137,130,117,110,19,134,68,136,129,138,1,105,131,142,143,194,145,108,147,148,149,10,188,152,43,193,106,118,157,31,75,160,163,89,161,38,165,166,81,17,57,170,93,172,12,141,175,176,177,123,156,65,164,182,140,96,69,186,7,132,2,190,185,192,139,144,195,8,197,104,63,];False
5811;9291;15102;[146,154,189,3,4,83,6,62,196,9,124,11,173,94,14,49,101,103,18,133,76,20,95,23,24,25,34,27,28,90,85,158,153,33,15,35,36,66,181,39,40,54,42,119,44,45,46,47,48,13,50,51,107,37,174,55,56,109,58,59,22,61,187,199,64,180,53,87,135,84,155,71,127,73,74,159,21,184,78,79,121,167,60,5,150,30,86,67,88,162,29,91,92,171,116,82,77,97,98,99,122,125,179,168,198,183,41,52,32,169,151,111,112,113,70,115,16,178,102,0,120,80,100,26,191,114,126,72,128,137,130,117,110,19,134,68,136,129,138,1,105,131,142,143,194,145,108,147,148,149,10,188,152,43,193,106,118,157,31,75,160,163,89,161,38,165,166,81,17,57,170,93,172,12,141,175,176,177,123,156,65,164,182,140,96,69,186,7,132,2,190,185,192,139,144,195,8,197,104,63,];False
5885;9216;15101;[146,154,169,3,4,5,6,62,32,9,124,11,173,94,14,49,101,103,18,133,76,20,95,23,24,25,34,27,28,90,85,158,153,33,15,35,36,66,181,39,40,54,42,119,44,45,46,47,48,13,50,51,107,37,174,55,56,109,58,59,22,61,187,199,64,180,53,87,135,84,155,71,127,73,74,159,21,184,185,79,121,167,60,83,150,30,86,67,88,162,104,91,92,171,116,82,77,97,98,99,122,125,179,168,198,183,41,52,196,189,151,111,112,113,70,115,16,178,102,0,120,80,100,26,191,114,126,72,128,137,130,117,110,19,134,68,136,129,138,1,105,131,31,143,194,145,108,147,148,149,10,188,152,43,193,106,118,157,142,75,160,163,89,161,38,165,166,81,17,57,170,93,172,12,141,175,176,177,123,156,65,164,182,140,96,69,186,7,132,2,190,78,192,139,144,195,8,197,29,63,];False
5869;9222;15091;[146,154,169,3,4,5,6,62,32,9,124,11,173,94,14,49,101,103,18,133,76,20,95,23,24,25,34,27,28,90,85,158,99,33,15,35,36,66,181,39,40,54,42,119,44,45,46,47,48,13,50,51,107,37,174,55,56,109,58,59,22,61,187,199,64,180,53,87,135,84,155,71,127,73,74,159,21,184,78,79,121,167,60,83,150,30,86,67,88,162,104,91,92,171,116,82,77,97,98,153,122,125,179,168,198,183,41,52,196,189,151,111,112,113,70,115,16,178,102,0,120,80,100,26,191,114,126,72,128,137,130,117,110,19,134,68,136,129,138,1,105,131,31,143,194,145,108,147,148,149,10,188,152,43,193,106,118,157,142,75,160,163,89,161,38,165,166,81,17,57,170,93,172,12,141,175,176,177,123,156,65,164,182,140,96,69,186,7,132,2,190,185,192,139,144,195,8,197,29,63,];False
5775;9315;15090;[146,154,169,3,4,5,6,62,196,9,124,11,173,94,14,49,101,103,18,133,76,20,95,23,24,25,34,27,28,90,85,158,153,33,15,35,36,66,181,39,40,54,42,119,175,45,46,47,48,13,50,51,107,37,174,55,56,109,58,59,22,61,187,199,64,180,53,87,135,84,155,71,127,73,74,159,21,184,78,79,121,167,60,83,150,30,86,67,88,162,104,91,92,171,116,82,77,97,98,99,122,125,179,168,198,183,41,52,32,189,151,111,112,113,70,115,16,178,102,0,120,80,100,26,191,114,126,72,128,137,130,117,110,19,134,68,136,129,138,1,105,131,142,143,194,145,108,147,148,149,10,188,152,43,193,106,118,157,31,75,160,163,89,161,38,165,166,81,17,57,170,93,172,12,141,44,176,177,123,156,65,164,182,140,96,69,186,7,132,2,190,185,192,139,144,195,8,197,29,63,];False
5819;9264;15083;[146,154,169,3,4,5,6,62,196,9,124,11,173,94,14,49,101,103,18,133,76,20,95,23,24,25,34,27,28,90,85,158,153,33,15,35,36,66,181,39,40,54,42,119,44,45,46,47,48,13,50,51,107,37,174,55,56,109,58,59,22,61,187,199,64,180,53,87,135,84,155,71,127,73,74,159,21,184,78,79,121,167,60,83,150,30,86,67,88,162,104,91,92,171,116,82,77,97,98,99,122,125,179,168,198,183,41,52,32,189,151,111,112,113,70,115,16,178,102,0,120,80,100,26,191,114,126,72,128,137,130,117,110,19,134,68,136,129,138,1,157,131,142,143,194,145,108,147,148,149,10,188,152,43,193,106,118,105,31,75,160,163,89,161,38,165,166,81,17,57,170,93,172,12,141,175,176,177,123,156,65,164,182,140,96,69,186,7,132,2,190,185,192,139,144,195,8,197,29,63,];False
5757;9321;15078;[146,154,169,3,4,5,6,62,196,9,124,11,173,94,14,49,101,103,18,133,76,20,95,23,24,25,34,27,28,90,85,158,153,33,15,35,36,66,181,39,40,54,42,119,44,45,46,47,48,13,50,51,107,37,110,55,56,109,58,59,22,61,187,199,64,180,53,87,135,84,155,71,127,73,74,159,21,184,78,79,121,167,60,83,150,30,86,67,88,162,104,91,92,171,116,82,77,97,98,99,122,125,179,168,198,183,41,52,32,189,151,111,112,113,70,115,16,178,102,0,120,80,100,26,191,114,126,72,128,137,130,117,174,19,134,68,136,129,138,1,105,131,142,143,194,145,108,147,148,149,10,188,152,43,193,106,118,157,31,75,160,163,89,161,38,165,166,81,17,57,170,93,172,12,141,175,176,177,123,156,65,164,182,140,96,69,186,7,132,2,190,185,192,139,144,195,8,197,29,63,];False
5786;9290;15076;[146,154,169,3,4,5,6,62,196,9,124,11,173,94,14,49,101,103,18,133,76,20,95,23,24,25,34,27,28,90,161,158,153,33,15,35,36,66,181,39,40,54,42,119,44,45,46,47,48,13,50,51,107,37,174,55,56,109,58,59,22,61,187,199,64,180,53,87,135,84,155,71,127,73,74,159,21,184,78,79,121,167,60,83,150,30,86,67,88,162,104,91,92,171,116,82,77,97,98,99,122,125,179,168,198,183,41,52,32,189,151,111,112,113,70,115,16,178,102,0,120,80,100,26,191,114,126,72,128,137,130,117,110,19,134,68,136,129,138,1,105,131,142,143,194,145,108,147,148,149,10,188,152,43,193,106,118,157,31,75,160,163,89,85,38,165,166,81,17,57,170,93,172,12,141,175,176,177,123,156,65,164,182,140,96,69,186,7,132,2,190,185,192,139,144,195,8,197,29,63,];False
5783;9287;15070;[146,154,189,3,4,5,6,62,196,9,124,11,173,94,14,49,101,103,18,133,76,20,95,23,24,25,34,27,28,90,85,158,153,33,15,35,36,66,181,39,40,54,42,119,44,45,46,47,48,13,50,51,107,37,174,55,56,109,58,59,22,61,187,199,64,180,53,87,135,84,155,71,127,73,74,159,21,184,78,79,121,167,60,83,150,30,86,67,88,162,29,91,92,171,116,82,77,97,98,99,122,125,179,168,198,183,41,52,32,169,151,111,112,113,70,19,16,178,102,0,120,80,100,26,191,114,126,72,128,137,130,117,110,115,134,68,136,129,138,1,105,131,142,143,194,145,108,147,148,149,10,188,152,43,193,106,118,157,31,75,160,163,89,161,164,165,166,81,17,57,170,93,172,12,141,175,176,177,123,156,65,38,182,140,96,69,186,7,132,2,190,185,192,139,144,195,8,197,104,63,];False
5768;9292;15060;[146,154,169,3,4,5,6,62,196,9,124,11,173,94,14,49,101,103,18,133,76,116,95,23,24,25,34,27,28,90,85,158,153,33,15,35,36,66,181,39,40,54,42,119,44,45,46,47,48,13,50,51,107,37,174,55,56,109,58,59,22,61,187,199,64,180,53,87,135,84,155,71,127,73,74,159,21,184,78,79,121,167,60,83,150,30,86,67,88,162,104,91,92,171,20,82,77,97,98,99,122,125,179,168,198,183,41,52,32,189,151,111,112,113,70,115,16,178,102,0,120,80,100,26,191,114,126,72,128,137,130,117,110,19,134,68,136,129,138,1,105,131,142,143,194,145,108,147,148,149,10,188,152,43,193,106,118,157,31,75,160,163,89,161,38,165,166,81,17,57,170,93,172,12,141,175,176,177,123,156,65,164,182,140,96,69,186,7,132,2,190,185,192,139,144,195,8,197,29,63,];False
5785;9271;15056;[146,154,169,3,4,5,6,62,32,9,124,11,173,94,14,49,101,103,18,133,76,20,95,23,24,25,34,27,28,90,85,158,153,33,15,35,36,66,181,39,40,54,42,119,44,45,46,47,48,13,50,51,107,37,174,55,56,109,58,59,22,61,187,199,64,180,53,87,135,84,155,71,127,73,74,159,21,184,78,79,121,167,60,83,150,30,86,67,88,162,104,91,92,171,116,172,77,97,98,99,122,125,179,168,198,183,41,52,196,189,151,111,112,113,70,115,16,178,102,0,120,80,100,26,191,114,126,72,128,137,130,117,110,19,134,68,136,129,138,1,105,131,142,143,194,145,108,147,148,149,10,188,152,43,193,106,118,157,31,75,160,163,89,161,38,165,166,81,17,57,170,93,82,12,141,175,176,177,123,156,65,164,182,140,96,69,186,7,132,2,190,185,192,139,144,195,8,197,29,63,];False
5808;9243;15051;[146,154,169,3,4,5,6,62,32,9,124,11,173,94,14,49,101,103,18,133,76,20,95,23,24,25,34,27,28,90,85,158,153,33,15,35,36,66,181,39,40,54,42,119,44,45,46,47,48,13,50,51,107,37,174,55,56,109,58,148,22,61,187,199,64,180,53,87,135,84,155,71,127,73,74,159,21,184,78,79,121,167,60,83,150,30,86,67,88,162,104,91,92,171,116,82,77,97,98,99,122,125,179,168,198,183,41,52,196,189,151,111,112,113,70,115,16,178,102,0,120,80,100,26,191,114,126,72,128,137,130,117,110,19,134,68,136,129,138,1,105,131,142,143,194,145,108,147,59,149,10,188,152,43,193,106,118,157,31,75,160,163,89,161,38,165,166,81,17,57,170,93,172,12,141,175,176,177,123,156,65,164,182,140,96,69,186,7,132,2,190,185,192,139,144,195,8,197,29,63,];False
5815;9234;15049;[146,154,169,3,4,5,6,62,32,9,124,11,173,94,14,49,101,103,18,133,76,20,95,23,24,25,34,27,28,90,85,158,153,33,15,35,36,66,181,39,40,54,42,119,44,45,46,47,48,13,50,51,107,37,174,55,56,109,58,59,22,61,187,199,64,180,53,87,135,84,155,114,127,73,74,159,21,184,78,79,121,167,60,81,150,30,86,67,88,162,104,91,92,171,116,82,77,97,98,99,122,125,179,168,198,183,41,52,196,189,151,111,112,113,70,115,16,178,102,0,120,80,100,26,191,71,126,72,128,137,130,117,110,19,134,68,136,129,138,1,105,131,31,143,194,145,108,147,148,149,10,188,152,43,193,106,118,157,142,75,160,163,89,161,38,165,166,83,17,57,170,93,172,12,141,175,176,177,123,156,65,164,182,140,96,69,186,7,132,2,139,185,192,190,144,195,8,197,29,63,];False
5779;9269;15048;[146,154,169,3,4,5,6,62,32,9,124,11,173,94,14,49,101,103,18,133,76,20,95,23,24,25,34,27,28,90,85,158,153,33,15,35,36,66,181,39,40,54,42,119,44,45,46,47,48,13,50,51,107,37,174,55,56,109,58,59,22,61,187,199,64,180,53,87,135,84,155,114,127,73,74,159,21,184,78,79,121,167,60,81,150,30,86,67,88,162,104,91,92,171,116,113,77,97,98,99,122,125,179,168,198,183,41,52,196,189,151,111,112,82,70,115,16,178,102,0,120,80,100,26,191,71,126,72,128,137,130,117,110,19,134,68,136,129,138,1,105,131,31,143,194,145,108,147,148,149,10,188,152,43,193,106,118,157,142,75,160,163,89,161,38,165,166,83,17,57,170,93,172,12,141,175,176,177,123,156,65,164,182,140,96,69,186,7,132,2,190,185,192,139,144,195,8,197,29,63,];False
5790;9256;15046;[146,154,169,3,4,5,6,62,196,9,124,160,173,94,14,49,101,103,18,133,76,20,95,23,24,25,34,27,28,90,85,158,153,33,15,35,36,66,181,39,40,54,42,119,44,45,46,47,48,13,50,51,107,37,174,55,56,109,58,59,22,61,187,199,64,180,53,87,135,84,155,71,127,73,74,159,21,184,78,79,121,167,60,83,150,30,86,67,88,162,104,91,92,171,116,82,77,97,98,99,122,125,179,168,198,183,41,52,32,189,151,111,112,113,70,115,16,178,102,0,120,80,100,26,191,114,126,72,128,137,130,117,110,19,134,68,136,129,138,1,105,131,142,143,194,145,108,147,148,149,10,188,152,43,193,106,118,157,31,75,11,163,89,161,38,165,166,81,17,57,170,93,172,12,141,175,176,177,123,156,65,164,182,140,96,69,186,7,132,2,190,185,192,139,144,195,8,197,29,63,];False
5751;9292;15043;[146,143,169,3,4,5,6,62,196,9,124,11,173,94,14,49,101,103,18,133,76,20,95,23,24,25,34,27,28,90,85,158,153,33,15,35,36,66,181,39,40,54,42,119,44,45,46,47,48,13,50,51,107,37,174,55,56,109,58,59,22,61,187,199,64,180,53,87,135,84,155,71,127,73,74,159,21,184,78,79,121,167,60,83,150,30,86,67,88,162,104,91,92,171,116,82,77,97,98,99,122,125,179,168,198,183,41,52,32,189,151,111,112,113,70,115,16,178,102,0,120,80,100,26,191,114,126,72,128,137,130,117,110,19,134,68,136,129,138,1,105,131,142,154,194,145,108,147,148,149,10,188,152,43,193,106,118,157,31,75,160,163,89,161,38,165,166,81,17,57,170,93,172,12,141,175,176,177,123,156,65,164,182,140,96,69,186,7,132,2,190,185,192,139,144,195,8,197,29,63,];False
5736;9306;15042;[146,154,189,3,4,5,6,62,196,9,124,11,173,94,14,49,101,103,18,133,76,20,95,23,24,25,34,27,28,90,85,158,153,33,15,35,36,66,181,39,40,54,42,119,44,45,46,47,48,13,50,51,107,37,174,55,56,109,58,59,22,61,187,199,64,180,53,87,135,84,155,71,127,73,74,159,21,184,78,79,121,167,60,83,150,30,86,67,88,162,29,91,92,171,116,82,77,97,98,99,122,125,179,168,198,183,41,52,32,169,151,111,112,113,70,115,16,178,102,0,120,80,100,26,191,114,126,72,128,137,130,117,110,19,134,68,136,129,138,1,105,131,142,143,194,145,108,147,148,149,10,188,152,43,193,106,118,157,31,75,160,163,89,161,164,165,166,81,17,57,170,93,172,12,141,175,176,177,123,156,65,38,182,140,96,69,186,7,132,2,190,185,192,139,144,195,8,197,104,63,];False
5766;9273;15039;[146,154,169,3,4,5,6,62,32,9,124,11,173,94,14,49,101,103,18,133,76,20,95,23,178,25,34,27,28,90,85,158,153,33,15,35,36,66,181,39,40,54,42,119,44,45,46,47,48,13,50,51,107,37,174,55,56,109,58,59,22,61,187,199,64,180,53,87,135,84,155,114,127,73,74,159,21,184,78,79,121,167,60,81,150,30,86,67,88,162,104,91,92,171,116,82,77,97,98,99,122,125,179,168,198,183,41,52,196,189,151,111,112,113,70,115,16,24,102,0,120,80,100,26,191,71,126,72,128,137,130,117,110,19,134,68,136,129,138,1,105,131,31,143,194,145,108,147,148,149,10,188,152,43,193,106,118,157,142,75,160,163,89,161,38,165,166,83,17,57,170,93,172,12,141,175,176,177,123,156,65,164,182,140,96,69,186,7,132,2,190,185,192,139,144,195,8,197,29,63,];False
5756;9282;15038;[146,154,169,3,4,5,6,62,196,9,124,11,173,94,14,49,101,103,18,133,76,20,95,23,24,25,34,27,28,90,85,158,153,33,15,35,36,66,181,39,40,54,42,119,44,45,46,47,48,13,50,51,107,37,174,55,56,109,58,59,22,61,187,199,64,180,53,87,135,84,155,71,127,73,74,159,21,184,78,79,121,167,160,83,150,30,86,67,88,162,104,91,92,171,116,82,77,97,98,99,122,125,179,168,198,183,41,52,32,189,151,111,112,113,70,115,16,178,102,0,120,80,100,26,191,114,126,72,128,137,130,117,110,19,134,68,136,129,138,1,105,131,142,143,194,145,108,147,148,149,10,188,152,43,193,106,118,157,31,75,60,163,89,161,38,165,166,81,17,57,170,93,172,12,141,175,176,177,123,156,65,164,182,140,96,69,186,7,132,2,190,185,192,139,144,195,8,197,29,63,];False
5764;9269;15033;[146,154,169,3,4,5,6,62,32,9,124,11,173,94,14,49,101,103,18,133,76,20,95,23,24,25,34,27,28,90,85,158,153,33,15,35,36,66,181,39,40,54,42,119,44,45,46,47,48,13,50,51,107,37,174,55,56,109,58,59,22,61,187,199,64,180,53,87,135,84,155,71,127,73,74,159,21,184,78,79,121,167,60,83,150,30,86,67,88,162,104,91,92,171,116,82,77,97,98,99,122,125,179,168,198,183,156,52,196,189,151,111,112,113,70,115,16,178,102,0,120,80,100,26,191,114,126,72,128,137,130,117,110,19,134,68,136,129,138,1,105,131,142,143,194,145,108,147,148,149,10,188,152,43,193,106,118,157,31,75,160,163,89,161,38,165,166,81,17,57,170,93,172,12,141,175,176,177,123,41,65,164,182,140,96,69,186,7,132,2,190,185,192,139,144,195,8,197,29,63,];False
5750;9281;15031;[146,154,189,3,4,5,6,62,196,9,124,11,173,94,14,49,101,103,18,133,76,20,95,23,24,25,34,27,28,90,85,158,153,33,15,35,36,66,181,39,40,54,42,119,44,45,46,47,48,13,50,51,107,37,174,55,56,109,58,59,22,61,187,199,64,180,53,87,135,84,155,71,127,73,74,159,21,184,78,79,121,167,60,83,150,30,86,67,88,162,29,91,92,171,116,82,77,97,98,99,122,125,179,168,198,183,41,52,32,169,151,111,112,113,70,115,16,178,102,0,120,80,100,26,191,114,126,72,128,137,130,117,110,19,134,68,136,129,138,1,105,131,142,143,194,145,108,147,148,149,10,188,152,43,193,106,118,157,31,75,160,163,89,161,38,165,166,81,17,57,170,93,172,12,141,175,176,177,123,156,65,164,182,140,96,69,186,7,132,2,190,185,192,139,144,195,8,197,104,63,];False
5695;9335;15030;[146,154,169,3,4,5,6,62,196,9,124,11,173,94,22,49,101,103,18,133,76,20,95,23,24,25,34,27,28,90,85,158,153,33,15,35,36,66,181,39,40,54,42,119,44,45,46,47,48,13,50,51,107,37,174,55,56,109,58,59,14,61,187,199,64,180,53,87,135,84,155,71,127,73,74,159,21,184,78,79,121,167,60,83,150,30,86,67,88,162,104,91,92,171,116,82,77,97,98,99,122,125,179,168,198,183,41,52,32,189,151,111,112,113,70,115,16,178,102,0,120,80,100,26,191,114,126,72,128,137,130,117,110,19,134,68,136,129,138,1,105,131,142,143,194,145,108,147,148,149,10,188,152,43,193,106,118,157,31,75,160,163,89,161,38,165,166,81,17,57,170,93,172,12,141,175,176,177,123,156,65,164,182,140,96,69,186,7,132,2,190,185,192,139,144,195,8,197,29,63,];False
5704;9317;15021;[146,154,169,3,4,5,6,62,196,9,124,11,173,94,14,49,101,103,18,133,76,20,95,23,24,25,34,27,28,90,85,158,153,33,15,35,36,66,181,39,40,54,42,119,44,45,46,47,48,13,50,51,107,37,174,55,56,109,58,59,22,61,187,199,64,180,53,87,135,84,155,71,127,73,74,159,21,184,78,79,121,167,60,83,150,30,86,67,88,162,104,91,92,171,116,82,77,97,98,99,122,125,179,69,198,183,41,52,32,189,151,111,112,113,70,115,16,178,102,0,120,80,100,26,191,114,126,72,128,137,130,117,110,19,134,68,136,129,138,1,105,131,142,143,194,145,108,147,148,149,10,188,152,43,193,106,118,157,31,75,160,163,89,161,38,165,166,81,17,57,170,93,172,12,141,175,176,177,123,156,65,164,182,140,96,168,186,7,132,2,190,185,192,139,144,195,8,197,29,63,];False
5805;9209;15014;[146,154,169,3,4,5,6,62,32,9,124,11,173,94,14,49,101,103,18,133,76,20,95,23,24,25,34,27,28,90,85,158,153,33,15,35,36,66,181,39,40,54,42,119,44,45,46,47,48,13,50,51,107,37,174,55,56,109,58,59,22,61,187,199,64,180,53,87,135,84,117,114,127,73,74,159,21,184,78,79,121,167,60,81,150,30,86,67,88,162,104,91,92,171,116,82,77,97,98,99,122,125,179,168,198,183,41,52,196,189,151,111,112,113,70,115,16,178,102,0,120,80,100,26,191,71,126,72,128,137,130,155,110,19,134,68,136,129,138,1,105,131,31,143,194,145,108,147,148,149,10,188,152,43,193,106,118,157,142,75,160,163,89,161,38,165,166,83,17,57,170,93,172,12,141,175,176,177,123,156,65,164,182,140,96,69,186,7,132,2,190,185,192,139,144,195,8,197,29,63,];False
5779;9235;15014;[146,154,169,3,4,5,6,62,32,9,124,11,173,94,14,49,101,103,18,133,76,20,95,23,24,25,34,27,28,90,85,158,153,33,15,35,36,66,181,39,40,54,42,119,44,45,46,47,48,13,50,51,107,37,174,55,56,109,58,59,22,61,187,199,0,180,53,87,135,84,155,71,127,73,74,159,21,184,78,79,121,167,60,83,150,30,86,67,88,162,104,91,92,171,116,82,77,97,98,99,122,125,179,168,198,183,41,52,196,189,151,111,112,113,70,115,16,178,102,64,120,80,100,26,191,114,126,72,128,137,130,117,110,19,134,68,136,129,138,1,105,131,142,143,194,145,108,147,148,149,10,188,152,43,193,106,118,157,31,75,160,163,89,161,38,165,166,81,17,57,170,93,172,12,141,175,176,177,123,156,65,164,182,140,96,69,186,7,132,2,190,185,192,139,144,195,8,197,29,63,];False
5716;9298;15014;[146,154,189,3,4,5,6,62,196,9,124,11,173,94,14,49,101,103,18,133,76,20,95,23,24,25,34,27,28,90,85,158,153,33,15,35,36,66,181,39,40,54,42,119,44,45,46,47,48,13,50,51,107,37,174,55,56,109,58,59,22,61,187,199,64,180,53,87,135,84,155,71,127,73,74,159,21,184,78,79,121,167,60,83,150,30,86,67,88,162,104,91,92,171,116,82,77,97,98,99,122,125,179,168,198,183,41,52,32,169,151,111,112,113,70,115,16,178,102,0,120,80,100,26,191,114,126,72,128,137,130,117,110,19,134,68,136,129,138,1,105,131,142,143,194,145,108,147,148,149,10,188,152,43,193,106,118,157,31,75,160,163,89,161,38,165,166,81,17,57,170,93,172,12,141,175,176,177,123,156,65,164,182,140,96,69,186,7,132,2,190,185,192,139,144,195,8,197,29,63,];False
5701;9313;15014;[146,154,169,3,4,5,6,62,196,9,124,11,173,94,14,49,101,103,18,133,76,20,95,164,24,25,34,27,28,90,85,158,153,33,15,35,36,66,181,39,40,54,42,119,44,45,46,47,48,13,50,51,107,37,174,55,56,109,58,59,22,61,187,199,64,180,53,87,135,84,155,71,127,73,74,159,21,184,78,79,121,167,60,83,150,30,86,67,88,162,104,91,92,171,116,82,77,97,98,99,122,125,179,168,198,183,41,52,32,189,151,111,112,113,70,115,16,178,102,0,120,80,100,26,191,114,126,72,128,137,130,117,110,19,134,68,136,129,138,1,105,131,142,143,194,145,108,147,148,149,10,188,152,43,193,106,118,157,31,75,160,163,89,161,38,165,166,81,17,57,170,93,172,12,141,175,176,177,123,156,65,23,182,140,96,69,186,7,132,2,190,185,192,139,144,195,8,197,29,63,];False
5720;9289;15009;[146,154,169,3,4,5,6,62,196,9,124,11,173,94,14,49,101,103,18,133,76,20,95,23,24,25,34,27,28,90,85,158,153,33,15,35,36,66,181,39,40,54,42,119,44,45,46,47,48,13,50,51,107,37,174,55,56,109,58,59,22,61,187,199,64,180,53,87,135,84,155,71,127,73,74,159,21,184,78,79,121,167,60,83,150,30,86,67,88,162,104,91,92,171,116,82,77,97,98,99,122,125,179,168,198,183,41,52,32,189,151,111,112,113,70,115,16,178,102,0,120,80,100,26,191,114,126,72,128,137,130,117,110,19,134,68,136,129,138,1,105,131,142,143,194,145,108,147,148,149,10,188,152,43,193,106,118,157,31,75,160,163,89,161,38,165,166,81,17,57,170,93,172,12,141,175,176,177,123,156,65,164,182,140,96,69,186,7,132,2,190,185,192,139,144,195,8,197,29,63,];False
5744;9263;15007;[146,154,169,3,4,5,6,62,32,9,124,11,173,94,14,49,101,103,18,133,76,20,95,23,24,25,34,27,28,90,85,158,153,33,15,35,36,66,181,39,40,54,42,119,44,45,46,47,48,13,50,51,107,37,174,55,56,109,58,59,22,61,187,199,64,180,53,87,135,84,155,114,127,73,74,159,21,184,78,79,121,167,60,81,150,30,86,67,88,162,104,91,92,171,116,82,77,97,98,99,122,125,179,168,198,183,41,52,196,189,151,111,112,113,70,115,16,178,102,144,120,80,100,26,191,71,126,72,128,137,130,117,110,19,134,68,136,129,138,1,105,131,31,143,194,145,108,147,148,149,10,188,152,43,193,106,118,157,142,75,160,163,89,161,38,165,166,83,17,57,170,93,172,12,141,175,176,177,123,156,65,164,182,140,96,69,186,7,132,2,190,185,192,139,0,195,8,197,29,63,];False
5760;9244;15004;[146,154,169,3,4,5,6,62,32,9,124,11,173,94,14,49,101,103,18,133,76,20,95,23,24,25,34,27,28,90,85,158,153,33,15,35,36,66,181,39,40,54,42,119,44,45,46,47,48,13,50,51,107,37,174,55,56,109,58,59,22,61,187,199,64,180,53,87,135,84,155,71,127,73,74,159,21,184,78,79,121,167,60,83,150,30,86,67,88,162,104,91,92,171,116,82,77,97,98,99,122,125,179,168,198,183,41,52,196,189,151,111,112,113,70,115,16,178,102,0,120,80,100,26,191,114,126,72,128,137,130,117,110,19,134,68,136,129,138,1,105,131,142,143,194,145,108,147,148,149,10,188,152,43,193,106,118,157,31,75,160,163,89,161,38,165,166,81,17,57,170,93,172,12,141,175,176,177,123,156,65,164,182,140,96,69,186,7,132,2,190,185,192,139,144,195,8,197,29,63,];False
5769;9233;15002;[146,154,169,3,4,5,6,62,32,9,124,11,173,94,14,49,101,103,18,133,76,20,95,23,24,25,34,27,28,90,85,158,153,33,15,35,36,66,181,39,40,54,42,119,44,45,46,47,21,13,50,51,107,37,174,55,56,109,58,59,22,61,187,199,64,180,53,87,135,84,155,114,127,73,74,159,48,184,78,79,121,167,60,81,150,30,86,67,88,162,104,91,92,171,116,82,77,97,98,99,122,125,179,168,198,183,41,52,196,189,151,111,112,113,70,115,16,178,102,0,120,80,100,26,191,71,126,72,128,137,130,117,110,19,134,68,136,129,138,1,105,131,31,143,194,145,108,147,148,149,10,188,152,43,193,106,118,157,142,75,160,163,89,161,38,165,166,83,17,57,170,93,172,12,141,175,176,177,123,156,65,164,182,140,96,69,186,7,132,2,190,185,192,139,144,195,8,197,29,63,];False
5756;9244;15000;[146,154,169,3,4,5,6,62,32,9,124,11,173,94,14,49,101,103,18,133,76,20,95,23,24,25,34,27,28,90,85,158,153,33,15,35,36,66,181,39,40,54,42,119,44,45,46,47,48,13,50,51,107,37,123,55,56,109,58,59,22,61,187,199,64,180,53,87,135,84,155,114,127,73,74,159,21,184,78,79,121,167,60,81,150,30,86,67,88,162,104,91,92,171,116,82,77,97,98,99,122,125,179,168,198,183,41,52,196,189,151,111,112,113,70,115,16,178,102,0,120,80,100,26,191,71,126,72,128,137,130,117,110,19,134,68,136,129,138,1,105,131,31,143,194,145,108,147,148,149,10,188,152,43,193,106,118,157,142,75,160,163,89,161,38,165,166,83,17,57,170,93,172,12,141,175,176,177,174,156,65,164,182,140,96,69,186,7,132,2,190,185,192,139,144,195,8,197,29,63,];False
5756;9228;14984;[146,154,169,3,4,5,6,62,32,9,124,11,173,94,14,49,101,103,18,133,76,20,95,23,24,25,34,27,28,90,85,158,153,33,15,35,36,66,181,39,40,54,42,119,44,45,46,47,48,13,50,51,107,37,174,55,56,109,58,59,22,61,187,199,64,180,53,87,135,84,155,71,127,73,74,159,21,184,78,79,121,167,60,83,150,30,86,67,88,162,104,91,92,171,116,82,77,97,98,99,122,125,179,168,198,183,41,52,196,189,151,111,112,113,70,115,16,178,102,0,120,80,100,26,191,114,126,72,128,137,130,117,110,19,134,68,136,129,138,1,105,131,31,143,194,145,108,147,148,149,10,188,152,43,193,106,118,157,142,75,160,163,89,161,38,165,166,81,17,57,170,93,172,12,141,175,176,177,123,156,65,164,182,140,96,69,186,7,132,2,190,185,192,139,144,195,8,197,29,63,];False
5737;9243;14980;[146,154,169,3,4,5,6,62,32,9,124,11,173,94,14,49,101,103,18,133,76,20,95,23,24,25,34,27,28,90,85,158,153,33,15,35,36,66,181,39,40,54,42,119,44,45,46,47,48,13,50,51,107,37,174,55,56,109,58,59,22,61,187,199,64,180,53,87,135,84,155,114,127,73,74,159,21,184,78,79,121,167,60,81,150,30,86,67,88,162,104,91,92,171,116,82,77,97,98,99,122,125,179,168,198,183,41,52,196,189,151,111,112,113,70,115,89,178,102,0,120,80,100,26,191,71,126,72,128,137,130,117,110,19,134,68,136,129,138,1,105,131,31,143,194,145,108,147,148,149,10,188,152,43,193,106,118,157,142,75,160,163,16,161,38,165,166,83,17,57,170,93,172,12,141,175,176,177,123,156,65,164,182,140,96,69,186,7,132,2,190,185,192,139,144,195,8,197,29,63,];False
5656;9292;14948;[146,154,169,3,4,5,6,62,32,9,124,11,173,94,14,49,101,103,18,133,76,20,95,23,24,25,34,27,28,90,85,158,153,33,15,35,36,66,181,39,40,54,42,178,44,45,46,47,48,13,50,51,107,37,174,55,56,109,58,59,22,61,187,199,64,180,53,87,135,84,155,114,127,73,74,159,21,184,78,79,121,167,60,81,150,30,86,67,88,162,104,91,92,171,116,82,77,97,98,99,122,125,179,168,198,183,41,52,196,189,151,111,112,113,70,115,16,119,102,0,120,80,100,26,191,71,126,72,128,137,130,117,110,19,134,68,136,129,138,1,105,131,31,143,194,145,108,147,148,149,10,188,152,43,193,106,118,157,142,75,160,163,89,161,38,165,166,83,17,57,170,93,172,12,141,175,176,177,123,156,65,164,182,140,96,69,186,7,132,2,190,185,192,139,144,195,8,197,29,63,];False
5711;9234;14945;[146,154,169,3,4,5,6,62,32,9,124,11,173,94,14,49,101,103,18,133,76,20,95,23,24,25,34,27,28,90,85,158,153,33,15,35,36,66,181,39,40,54,42,119,44,45,46,47,48,13,50,51,107,37,174,55,56,109,58,59,22,61,187,199,64,180,53,87,135,84,155,114,127,73,74,159,21,184,78,79,68,167,60,81,150,30,86,67,88,162,104,91,92,171,116,82,77,97,98,99,122,125,179,168,198,183,41,52,196,189,151,111,112,113,70,115,16,178,102,0,120,80,100,26,191,71,126,72,128,137,130,117,110,19,134,121,136,129,138,1,105,131,31,143,194,145,108,147,148,149,10,188,152,43,193,106,118,157,142,75,160,163,89,161,38,165,166,83,17,57,170,93,172,12,141,175,176,177,123,156,65,164,182,140,96,69,186,7,132,2,190,185,192,139,144,195,8,197,29,63,];False
5672;9268;14940;[146,154,169,3,4,5,6,62,32,9,124,11,173,94,14,49,101,103,18,133,76,20,95,23,24,25,34,27,28,90,85,158,153,33,15,35,36,66,181,39,40,54,42,119,44,45,46,47,48,13,50,51,107,37,174,55,56,109,58,59,22,61,187,199,64,180,53,87,135,84,155,114,127,73,74,159,21,184,78,79,121,167,60,81,150,30,86,67,88,162,104,91,92,171,116,82,77,97,98,99,122,125,179,168,198,183,41,52,196,189,151,111,112,113,70,115,16,178,102,0,120,80,100,26,191,71,126,72,128,31,130,117,110,19,134,68,136,129,138,1,105,131,137,143,194,145,108,147,148,149,10,188,152,43,193,106,118,157,142,75,160,163,89,161,38,165,166,83,17,57,170,93,172,12,141,175,176,177,123,156,65,164,182,140,96,69,186,7,132,2,190,185,192,139,144,195,8,197,29,63,];False
5708;9208;14916;[146,154,169,3,4,5,6,62,32,9,124,11,173,94,14,49,101,103,18,133,76,20,95,23,24,25,34,27,28,90,85,158,153,33,15,35,36,66,181,39,40,54,42,119,44,45,46,47,48,13,50,51,107,37,174,55,56,109,58,59,22,61,187,199,64,180,53,87,135,84,155,114,127,73,74,159,21,184,78,79,121,167,60,81,150,30,86,67,88,162,104,91,92,171,116,82,77,97,98,99,188,125,179,168,198,183,41,52,196,189,151,111,112,113,70,115,16,178,102,0,120,80,100,26,191,71,126,72,128,137,130,117,110,19,134,68,136,129,138,1,105,131,31,143,194,145,108,147,148,149,10,122,152,43,193,106,118,157,142,75,160,163,89,161,38,165,166,83,17,57,170,93,172,12,141,175,176,177,123,156,65,164,182,140,96,69,186,7,132,2,190,185,192,139,144,195,8,197,29,63,];False
5685;9229;14914;[146,154,169,3,4,5,6,62,32,9,124,11,173,94,14,49,101,103,18,133,76,20,95,23,24,25,34,27,28,90,85,158,153,33,15,35,36,66,113,39,40,54,42,119,44,45,46,47,48,13,50,51,107,37,174,55,56,109,58,59,22,61,187,199,64,180,53,87,135,84,155,114,127,73,74,159,21,184,78,79,121,167,60,81,150,30,86,67,88,162,104,91,92,171,116,82,77,97,98,99,122,125,179,168,198,183,41,52,196,189,151,111,112,181,70,115,16,178,102,0,120,80,100,26,191,71,126,72,128,137,130,117,110,19,134,68,136,129,138,1,105,131,31,143,194,145,108,147,148,149,10,188,152,43,193,106,118,157,142,75,160,163,89,161,38,165,166,83,17,57,170,93,172,12,141,175,176,177,123,156,65,164,182,140,96,69,186,7,132,2,190,185,192,139,144,195,8,197,29,63,];False
5665;9233;14898;[146,69,169,3,4,5,6,62,32,9,124,11,173,94,14,49,101,103,18,133,76,20,95,23,24,25,34,27,28,90,85,158,153,33,15,35,36,66,181,39,40,54,42,119,44,45,46,47,48,13,50,51,107,37,174,55,56,109,58,59,22,61,187,199,64,180,53,87,135,84,155,114,127,73,74,159,21,184,78,79,121,167,60,81,150,30,86,67,88,162,104,91,92,171,116,82,77,97,98,99,122,125,179,168,198,183,41,52,196,189,151,111,112,113,70,115,16,178,102,0,120,80,100,26,191,71,126,72,128,137,130,117,110,19,134,68,136,129,138,1,105,131,31,143,194,145,108,147,148,149,10,188,152,43,193,106,118,157,142,75,160,163,89,161,38,165,166,83,17,57,170,93,172,12,141,175,176,177,123,156,65,164,182,140,96,154,186,7,132,2,190,185,192,139,144,195,8,197,29,63,];False
5697;9201;14898;[146,154,169,3,4,5,6,62,32,9,124,11,173,94,14,49,101,103,18,133,76,20,95,23,24,25,34,27,28,90,85,158,153,33,15,35,36,66,181,39,40,54,42,119,44,45,46,47,48,13,50,51,107,37,174,55,56,109,58,59,22,61,187,199,64,180,53,87,135,84,155,114,127,73,74,159,21,184,78,19,121,167,60,81,150,30,86,67,88,162,104,91,92,171,116,82,77,97,98,99,122,125,179,168,198,183,41,52,196,189,151,111,112,113,70,115,16,178,102,0,120,80,100,26,191,71,126,72,128,137,130,117,110,79,134,68,136,129,138,1,105,131,31,143,194,145,108,147,148,149,10,188,152,43,193,106,118,157,142,75,160,163,89,161,38,165,166,83,17,57,170,93,172,12,141,175,176,177,123,156,65,164,182,140,96,69,186,7,132,2,190,185,192,139,144,195,8,197,29,63,];False
5656;9239;14895;[146,154,169,3,4,5,6,62,32,9,124,11,173,94,14,49,101,103,18,133,76,20,95,23,24,25,34,27,28,90,85,158,153,33,15,35,36,66,181,39,40,54,42,119,44,45,120,47,48,13,50,51,107,37,174,55,56,109,58,59,22,61,187,199,64,180,68,41,135,84,155,114,127,73,74,159,21,184,78,79,121,167,60,81,150,30,86,67,88,162,104,91,92,171,116,82,77,97,98,99,122,125,179,168,198,183,87,52,196,189,151,111,112,113,70,115,16,178,102,0,46,80,100,26,191,71,126,72,128,137,130,117,110,19,134,53,136,129,138,1,105,131,31,143,194,145,108,147,148,149,10,188,152,43,193,106,118,157,142,75,160,163,89,161,38,165,166,83,17,57,170,93,172,12,141,175,176,177,123,156,65,164,182,140,96,69,186,7,132,2,190,185,192,139,144,195,8,197,29,63,];False
5651;9233;14884;[146,154,169,3,4,5,6,62,32,9,124,11,173,94,14,49,101,103,18,133,76,20,95,23,24,25,34,27,28,90,85,158,153,33,15,35,36,66,181,39,40,54,42,119,44,45,46,47,48,13,50,51,107,71,174,55,56,109,58,59,22,61,187,199,64,180,53,87,135,84,155,114,127,73,74,159,21,184,78,79,121,167,60,81,150,30,86,67,88,162,104,91,92,171,116,82,77,97,98,99,122,125,179,168,198,183,41,52,196,189,151,111,112,113,70,115,16,178,102,0,120,80,100,26,191,37,126,72,128,137,130,117,110,19,134,68,136,129,138,1,105,131,31,143,194,145,108,147,148,149,10,188,152,43,193,106,118,157,142,75,160,163,89,161,38,165,166,83,17,57,170,93,172,12,141,175,176,177,123,156,65,164,182,140,96,69,186,7,132,2,190,185,192,139,144,195,8,197,29,63,];False
5595;9287;14882;[146,154,169,3,4,5,6,62,32,9,124,11,173,94,14,49,101,103,18,133,76,20,95,23,24,25,34,27,28,90,85,158,153,33,15,35,36,66,181,39,40,54,42,119,44,45,46,47,48,13,50,51,107,37,174,55,56,109,58,59,22,61,175,199,64,180,68,41,135,84,155,114,127,73,74,159,21,184,78,79,121,167,60,81,150,30,86,67,88,162,104,91,92,171,116,82,77,97,98,99,122,125,179,168,198,183,87,52,196,189,151,111,112,113,70,115,16,178,102,0,120,80,100,26,191,71,126,72,128,137,130,117,110,19,134,53,136,129,138,1,105,131,31,143,194,145,108,147,148,149,10,188,152,43,193,106,118,157,142,75,160,163,89,161,38,165,166,83,17,57,170,93,172,12,141,187,176,177,123,156,65,164,182,140,96,69,186,7,132,2,190,185,192,139,144,195,8,197,29,63,];False
5631;9245;14876;[146,154,169,3,4,5,6,62,32,9,124,11,173,94,14,49,101,103,18,133,76,20,95,23,24,25,34,27,28,90,85,158,153,33,15,35,36,66,181,39,40,99,42,119,44,45,46,47,48,13,50,51,107,37,174,55,56,109,58,59,22,61,187,199,64,180,68,41,135,84,155,114,127,73,74,159,21,184,78,79,121,167,60,81,150,30,86,67,88,162,104,91,92,171,116,82,77,97,98,54,122,125,179,168,198,183,87,52,196,189,151,111,112,113,70,115,16,178,102,0,120,80,100,26,191,71,126,72,128,137,130,117,110,19,134,53,136,129,138,1,105,131,31,143,194,145,108,147,148,149,10,188,152,43,193,106,118,157,142,75,160,163,89,161,38,165,166,83,17,57,170,93,172,12,141,175,176,177,123,156,65,164,182,140,96,69,186,7,132,2,190,185,192,139,144,195,8,197,29,63,];False
5635;9241;14876;[146,154,169,3,4,5,6,62,32,9,124,11,173,94,14,49,101,103,18,133,76,20,95,23,24,25,34,27,28,90,85,158,153,33,15,35,36,66,181,39,40,54,42,119,44,45,46,47,48,13,50,51,107,37,174,55,56,109,58,59,22,61,187,199,64,180,53,87,135,84,155,114,127,73,74,159,21,184,78,79,121,167,60,83,150,30,86,67,88,162,104,91,92,171,116,82,77,97,98,99,122,125,179,168,198,183,41,52,196,189,151,111,112,113,70,115,16,178,102,0,120,80,100,26,191,71,126,72,128,137,130,117,110,19,134,68,136,129,138,1,105,131,31,143,194,145,108,147,148,149,10,188,152,43,193,106,118,157,142,75,160,163,89,161,38,165,166,81,17,57,170,93,172,12,141,175,176,177,123,156,65,164,182,140,96,69,186,7,132,2,190,185,192,139,144,195,8,197,29,63,];False
5647;9214;14861;[146,154,169,3,4,5,6,62,32,9,124,11,173,94,14,49,101,103,18,133,76,20,95,23,24,25,34,27,28,90,85,158,153,33,15,35,36,66,181,39,40,54,42,119,44,45,46,47,48,13,50,51,107,135,174,55,56,109,58,59,22,61,187,199,64,180,53,87,37,84,155,114,127,73,74,159,21,184,78,79,121,167,60,81,150,30,86,67,88,162,104,91,92,171,116,82,77,97,98,99,122,125,179,168,198,183,41,52,196,189,151,111,112,113,70,115,16,178,102,0,120,80,100,26,191,71,126,72,128,137,130,117,110,19,134,68,136,129,138,1,105,131,31,143,194,145,108,147,148,149,10,188,152,43,193,106,118,157,142,75,160,163,89,161,38,165,166,83,17,57,170,93,172,12,141,175,176,177,123,156,65,164,182,140,96,69,186,7,132,2,190,185,192,139,144,195,8,197,29,63,];False
5625;9235;14860;[146,154,169,3,4,5,6,62,32,9,124,11,173,94,14,49,101,103,18,133,76,20,95,23,24,25,34,27,28,90,85,158,153,33,15,35,36,66,181,39,40,54,42,119,44,45,46,47,48,13,50,51,107,37,174,55,56,109,58,59,22,61,187,199,64,180,53,87,135,84,155,114,127,73,74,159,21,184,78,79,121,167,60,81,150,30,86,67,88,162,104,91,92,171,116,82,77,97,98,99,122,125,179,168,198,183,41,52,196,189,151,111,112,113,70,115,16,178,102,0,120,80,100,26,191,71,126,72,128,137,130,117,110,19,134,68,136,129,138,1,105,131,31,143,194,145,108,147,148,149,10,188,152,43,193,106,118,157,142,75,160,163,89,161,38,165,182,83,17,57,170,93,172,12,141,175,176,177,123,156,65,164,166,140,96,69,186,7,132,2,190,185,192,139,144,195,8,197,29,63,];False
5609;9245;14854;[146,68,169,3,4,5,6,62,32,9,124,11,173,94,14,49,101,103,18,133,76,20,95,23,24,25,34,27,28,90,85,158,153,33,15,35,36,66,181,39,40,54,42,119,44,45,46,47,48,13,50,51,107,37,174,55,56,109,58,59,22,61,187,199,64,180,53,41,135,84,155,114,127,73,74,159,21,184,78,79,121,167,60,81,150,30,86,67,88,162,104,91,92,171,116,82,77,97,98,99,122,125,179,168,198,183,87,52,196,189,151,111,112,113,70,115,16,178,102,0,120,80,100,26,191,71,126,72,128,137,130,117,110,19,134,154,136,129,138,1,105,131,31,143,194,145,108,147,148,149,10,188,152,43,193,106,118,157,142,75,160,163,89,161,38,165,166,83,17,57,170,93,172,12,141,175,176,177,123,156,65,164,182,140,96,69,186,7,132,2,190,185,192,139,144,195,8,197,29,63,];False
5613;9231;14844;[146,154,169,3,4,5,6,62,32,9,124,11,173,94,14,49,101,103,18,133,76,20,95,23,24,25,34,27,28,90,85,158,153,33,15,35,36,66,181,39,40,54,42,119,44,45,46,47,48,13,50,51,107,37,174,55,56,109,58,59,22,61,187,199,64,180,53,87,135,84,155,114,127,73,74,159,21,184,78,79,121,167,60,81,150,30,86,67,88,162,104,91,92,171,116,82,77,97,98,99,122,125,179,168,198,183,41,52,196,189,151,111,112,113,70,115,16,178,102,0,120,80,100,26,191,71,126,72,128,137,130,117,110,19,134,68,136,129,138,1,105,131,31,143,194,145,108,147,148,149,10,188,152,43,193,106,118,157,142,75,160,163,89,161,38,165,166,83,17,57,170,93,172,12,141,175,176,177,123,156,65,164,182,140,96,69,186,7,132,2,190,185,192,139,144,195,8,197,29,63,];False
5467;9357;14824;[146,154,169,3,4,5,6,62,32,9,124,11,173,94,14,49,101,103,18,133,76,20,95,23,24,25,37,27,28,90,85,158,153,33,15,35,36,66,181,39,40,54,42,119,44,45,46,47,48,13,50,51,107,34,174,55,56,109,58,59,151,61,187,199,64,180,68,41,135,84,155,114,127,73,79,159,21,184,78,74,121,167,60,81,150,30,86,67,88,162,104,91,92,171,116,82,77,97,98,99,122,125,179,168,198,183,87,52,196,189,22,111,112,113,70,115,16,178,102,0,120,80,100,26,191,71,126,72,128,137,130,117,110,19,134,53,136,129,138,1,105,131,31,143,194,145,108,147,148,149,10,188,152,43,193,106,118,157,142,75,160,163,89,161,38,165,166,83,17,57,170,93,172,12,141,175,176,177,123,156,65,164,182,140,96,69,186,7,132,2,190,185,192,139,144,195,8,197,29,63,];False
5455;9330;14785;[146,154,169,86,4,5,6,52,32,9,124,11,173,94,14,49,2,103,18,133,76,20,95,23,24,25,37,27,28,90,85,158,153,33,15,35,36,66,181,39,40,54,42,119,44,45,46,47,48,13,50,51,107,34,174,55,56,101,58,59,151,61,187,199,64,180,68,41,135,84,155,114,127,73,74,159,21,184,78,79,121,167,60,81,150,30,3,67,88,162,104,91,92,171,116,82,77,97,98,99,122,125,179,168,198,183,87,62,196,189,22,111,112,113,70,115,16,178,102,0,120,80,100,26,191,71,126,72,128,137,130,117,110,19,134,53,136,129,138,1,105,131,31,143,194,145,108,147,148,149,10,188,152,43,193,106,118,157,142,75,160,163,89,161,38,165,166,83,17,57,170,93,172,12,141,175,176,177,123,156,65,164,182,140,96,69,186,7,132,109,190,185,192,139,144,195,8,197,29,63,];False
5568;9216;14784;[146,154,169,3,4,5,6,62,32,9,124,11,173,94,14,49,101,103,18,133,76,20,95,23,24,25,34,27,28,90,85,158,153,33,15,35,36,66,181,39,40,54,42,119,44,45,46,47,48,13,50,51,107,37,174,55,56,109,58,59,22,61,187,199,64,180,53,41,135,84,155,114,127,73,74,159,21,184,78,79,121,167,60,81,150,30,86,67,88,162,104,91,92,171,116,82,77,97,98,99,122,125,179,168,198,183,87,52,196,189,151,111,112,113,70,115,16,178,102,0,120,80,100,26,191,71,126,72,128,137,130,117,110,19,134,68,136,129,138,1,105,131,31,143,194,145,108,147,148,149,165,188,152,43,193,106,118,157,142,75,160,163,89,161,38,10,166,83,17,57,170,93,172,12,141,175,176,177,123,156,65,164,182,140,96,69,186,7,132,2,190,185,192,139,144,195,8,197,29,63,];False
5535;9238;14773;[146,154,169,3,4,5,6,62,32,9,124,11,173,94,14,49,101,103,18,133,76,20,95,23,24,25,34,27,28,90,85,158,153,33,15,35,36,66,181,39,40,54,42,119,44,45,46,47,48,13,50,51,107,37,174,55,56,109,58,59,22,61,187,199,64,180,53,41,135,84,155,114,127,73,74,159,21,184,78,79,121,167,60,81,150,30,86,67,88,162,104,91,92,171,116,82,77,97,98,99,122,125,179,168,198,183,87,52,196,189,151,111,112,113,70,115,16,178,102,0,120,80,100,26,191,71,126,72,128,137,130,117,110,19,134,68,136,129,138,1,105,131,31,143,194,145,108,147,148,149,10,188,152,43,193,106,118,157,142,75,160,163,89,161,38,165,166,83,17,57,170,93,172,12,141,175,176,177,123,156,65,164,182,140,96,69,186,7,132,2,190,185,192,139,144,195,8,197,29,63,];False
5527;9241;14768;[146,154,169,3,4,5,6,62,32,9,124,11,173,94,14,49,101,103,18,133,76,20,95,23,24,25,34,27,28,90,85,158,153,33,15,35,36,66,181,39,40,54,42,119,44,45,46,47,48,13,50,51,107,37,174,55,56,109,58,59,22,61,187,199,64,180,68,41,135,84,155,114,127,73,74,159,21,184,78,79,121,167,60,81,150,30,86,67,88,162,104,91,92,171,116,82,77,97,98,99,122,125,179,168,198,183,87,52,196,189,151,111,112,113,70,115,16,178,102,0,120,80,100,26,191,71,126,72,128,137,130,117,110,19,134,53,136,129,138,1,105,131,31,143,194,145,108,147,148,149,10,188,152,43,193,106,118,157,142,75,160,163,89,161,38,165,166,83,17,57,170,93,172,12,141,175,176,177,123,156,65,164,182,140,96,69,186,7,132,2,190,185,192,139,144,195,8,197,29,63,];False
5511;9245;14756;[146,154,169,3,4,62,6,52,32,9,124,11,104,94,14,49,2,103,18,133,76,175,95,23,24,25,37,27,123,90,85,158,153,33,15,35,36,66,181,39,40,54,42,119,44,45,46,47,48,13,50,51,107,34,174,55,56,101,58,59,151,61,187,199,64,180,68,41,135,84,155,114,127,73,74,159,21,184,78,79,121,167,60,81,150,30,86,67,88,162,173,91,92,171,116,82,77,97,98,99,122,125,179,168,198,183,87,5,196,189,22,111,112,113,70,115,16,178,102,0,120,80,100,26,191,71,126,72,128,137,130,117,110,19,134,53,136,129,138,1,105,131,31,143,194,145,108,147,148,149,10,188,152,43,193,106,118,157,142,75,160,163,89,161,38,165,166,83,17,57,170,93,172,12,141,20,176,177,28,156,65,164,182,140,96,69,186,7,132,109,190,185,192,139,144,195,8,197,29,63,];False
5416;9333;14749;[146,154,169,3,4,5,6,52,32,9,124,11,173,94,14,49,2,103,18,133,76,20,95,23,24,25,37,27,28,90,85,158,153,33,15,35,36,66,181,39,40,54,42,119,44,45,46,47,48,13,50,51,107,34,174,55,56,101,58,59,151,61,187,199,64,180,68,41,135,84,155,114,127,73,74,159,21,184,78,79,121,167,60,81,150,30,86,67,88,162,104,91,92,171,116,82,113,97,98,99,122,125,179,168,198,183,87,62,196,189,22,111,112,77,70,115,16,178,102,0,120,80,100,26,191,71,126,72,128,137,130,117,110,19,134,53,136,129,138,1,105,131,31,143,194,145,108,147,148,149,10,188,152,43,193,106,118,157,142,75,160,163,89,161,38,165,166,83,17,57,170,93,172,12,141,175,176,177,123,156,65,164,182,140,96,69,186,7,132,109,190,185,192,139,144,195,8,197,29,63,];False
5416;9312;14728;[146,154,169,3,4,5,6,52,32,9,124,11,173,94,14,49,2,103,18,133,76,20,95,23,24,25,37,27,28,90,85,158,153,33,15,35,36,66,181,39,40,54,42,119,44,45,46,47,48,13,50,51,107,34,174,55,56,101,58,59,151,61,187,199,64,180,68,41,135,84,155,114,127,73,74,159,21,184,78,79,121,167,60,81,150,30,86,67,88,162,104,91,92,171,116,82,77,97,98,99,122,125,179,168,198,183,53,62,196,189,22,111,112,113,70,115,16,178,102,0,120,80,100,26,191,71,126,72,128,137,130,117,110,19,134,87,136,129,138,1,105,131,31,143,194,145,108,147,148,149,10,188,152,43,193,106,118,157,142,75,160,163,89,161,38,165,166,83,17,57,170,93,172,12,141,175,176,177,123,156,65,164,182,140,96,69,186,7,132,109,190,185,192,139,144,195,8,197,29,63,];False
5420;9292;14712;[146,154,169,3,4,5,6,62,32,9,124,11,173,94,14,49,101,103,18,133,76,20,95,23,24,25,34,27,28,90,85,158,153,33,15,35,36,66,181,39,40,54,42,119,44,45,46,47,48,13,50,51,107,37,174,55,56,109,58,59,151,61,187,199,64,180,68,41,135,84,155,114,127,73,74,159,21,184,78,79,121,167,60,81,150,30,86,67,88,162,104,91,92,171,116,82,77,97,98,99,122,125,179,168,198,183,87,52,196,189,22,111,112,113,70,115,16,178,102,0,120,80,100,26,191,71,126,72,128,137,130,163,110,19,134,53,136,129,138,1,105,131,31,143,194,145,108,147,148,149,10,188,152,43,193,106,118,157,142,75,160,117,89,161,38,165,166,83,17,57,170,93,172,12,141,175,176,177,123,156,65,164,182,140,96,69,186,7,132,2,190,185,192,139,144,195,8,197,29,63,];False
5420;9289;14709;[146,154,169,3,4,5,6,62,32,9,124,11,173,94,14,49,101,103,18,133,76,20,95,23,24,25,34,27,28,90,85,158,153,33,15,35,36,66,181,39,40,54,42,119,135,45,46,47,48,13,50,51,107,37,174,55,56,109,58,59,151,61,187,199,64,180,68,41,44,84,155,114,127,73,74,159,21,184,78,79,121,167,60,81,150,30,86,67,88,162,104,91,92,171,116,82,77,97,98,99,122,125,179,168,198,183,87,52,196,189,22,111,112,113,70,115,16,178,102,0,120,80,100,26,191,71,126,72,128,137,130,117,110,19,134,53,136,129,138,1,105,131,31,143,194,145,108,147,148,149,10,188,152,43,193,106,118,157,142,75,160,163,89,161,38,165,166,83,17,57,170,93,172,12,141,175,176,177,123,156,65,164,182,140,96,69,186,7,132,2,190,185,192,139,144,195,8,197,29,63,];False
5386;9314;14700;[146,154,169,3,4,5,6,62,32,9,124,11,173,94,14,49,101,103,18,133,76,20,95,23,24,25,37,27,28,90,85,158,153,33,15,35,36,66,181,39,40,54,42,119,44,45,46,47,48,13,50,51,107,34,174,55,56,109,58,59,151,61,187,199,64,180,68,41,135,84,155,114,127,73,74,159,21,184,78,79,121,167,60,81,150,30,86,67,88,193,104,91,92,171,116,82,77,97,98,99,122,125,179,168,198,183,87,52,196,189,22,111,112,113,70,115,16,178,102,0,120,80,100,26,191,71,126,72,128,137,130,117,110,19,134,53,136,129,138,1,105,131,31,143,194,145,108,147,148,149,10,188,152,43,162,106,118,157,142,75,160,163,89,161,38,165,166,83,17,57,170,93,172,12,141,175,176,177,123,156,65,164,182,140,96,69,186,7,132,2,190,185,192,139,144,195,8,197,29,63,];False
5434;9264;14698;[146,154,169,3,4,5,6,62,32,9,124,11,173,94,14,49,101,103,18,133,76,20,95,23,24,25,34,27,28,90,85,158,153,33,15,35,36,66,181,39,40,54,42,119,44,45,46,47,48,13,50,51,107,37,174,55,56,109,58,59,151,61,187,199,64,180,68,41,135,84,155,114,127,52,74,159,21,184,78,79,121,167,60,81,150,30,86,67,88,162,104,91,92,171,116,82,77,97,98,99,122,125,179,168,198,183,87,73,196,189,22,111,112,113,70,115,16,178,102,0,120,80,100,26,191,71,126,72,128,137,130,117,110,19,134,53,136,129,138,1,105,131,31,143,194,145,108,147,148,149,10,188,152,43,193,106,118,157,142,75,160,163,89,161,38,165,166,83,17,57,170,93,172,12,141,175,176,177,123,156,65,164,182,140,96,69,186,7,132,2,190,185,192,139,144,195,8,197,29,63,];False
5393;9300;14693;[146,154,169,3,4,5,6,52,32,9,124,11,173,94,14,49,2,103,18,135,76,175,95,23,24,25,37,27,123,90,85,158,153,33,15,35,36,66,181,39,40,54,42,119,44,45,46,47,48,13,50,51,107,34,174,55,56,101,58,59,151,61,187,199,64,180,68,41,133,84,155,114,127,73,74,159,21,184,78,79,121,167,60,81,150,30,86,67,88,162,104,91,92,171,116,82,77,97,98,99,122,125,179,168,198,183,87,62,196,189,22,111,112,113,70,115,16,178,102,0,120,80,100,26,191,71,126,72,128,137,130,117,110,19,134,53,136,129,138,1,105,131,31,143,194,145,108,147,148,149,10,188,152,43,193,106,118,157,142,75,160,163,89,161,38,165,166,83,17,57,170,93,172,12,141,20,176,177,28,156,65,164,182,140,96,69,186,7,132,109,190,185,192,139,144,195,8,197,29,63,];False
5430;9256;14686;[146,154,169,3,4,5,6,52,32,9,124,11,173,94,14,49,2,103,18,133,76,175,95,23,24,25,37,27,123,90,85,158,153,33,15,35,36,66,181,39,40,54,42,119,44,45,46,47,48,13,50,51,107,34,174,55,56,101,58,59,151,61,187,199,64,180,68,183,135,84,155,114,127,73,74,159,21,184,78,79,121,167,60,81,150,30,86,67,88,162,104,91,92,171,116,82,77,97,98,99,122,125,179,168,198,41,87,62,196,189,22,111,112,113,70,115,16,178,102,0,120,80,100,26,191,71,126,72,128,137,130,117,110,19,134,53,136,129,138,1,105,131,31,143,194,145,108,147,148,149,10,188,152,43,193,106,118,157,142,75,160,163,89,161,38,165,166,83,17,57,170,93,172,12,141,20,176,177,28,156,65,164,182,140,96,69,186,7,132,109,190,185,192,139,144,195,8,197,29,63,];False
5387;9295;14682;[146,154,169,3,4,5,6,52,32,9,124,11,173,94,14,49,109,103,18,133,76,20,95,23,24,25,37,27,28,90,85,158,153,33,15,35,36,66,181,39,40,54,42,119,44,45,46,47,48,13,50,51,107,34,174,55,56,101,58,59,151,61,187,199,64,180,68,41,135,84,155,114,127,73,131,159,21,184,78,79,121,167,60,81,150,30,86,67,88,162,104,91,92,171,116,82,77,97,98,99,122,125,179,168,198,183,87,62,196,189,22,111,112,113,70,115,16,178,102,0,120,80,100,26,191,71,126,72,128,137,130,117,110,19,134,53,136,129,138,1,105,74,31,143,194,145,108,147,148,149,10,188,152,43,193,106,118,157,142,75,160,163,89,161,38,165,166,83,17,57,170,93,172,12,141,175,176,177,123,156,65,164,182,140,96,69,186,7,132,2,190,185,192,139,144,195,8,197,29,63,];False
5431;9251;14682;[146,154,169,3,4,5,6,52,32,9,124,11,173,94,14,49,2,103,15,133,76,175,95,23,24,25,37,27,123,90,85,158,153,33,18,35,36,66,181,39,40,54,42,119,44,45,46,47,48,13,50,51,107,34,174,55,56,101,58,59,151,61,187,199,64,180,68,41,135,84,155,114,127,73,74,159,21,184,78,79,121,167,60,81,150,30,86,67,88,162,104,91,92,171,116,82,77,97,98,99,122,125,179,168,198,183,87,62,196,189,22,111,112,113,70,115,16,178,102,0,120,80,100,26,191,71,126,72,128,137,130,117,110,19,134,53,136,129,138,1,105,131,31,143,194,145,108,147,148,149,10,188,152,43,193,106,118,157,142,75,160,163,89,161,38,165,166,83,17,57,170,93,172,12,141,20,176,177,28,156,65,164,182,140,96,69,186,7,132,109,190,185,192,139,144,195,8,197,29,63,];False
5343;9333;14676;[146,154,169,3,4,5,6,52,32,9,124,11,173,94,14,49,2,103,18,133,76,20,95,23,24,25,37,27,28,90,85,158,153,33,15,35,36,66,181,39,40,54,42,119,44,45,46,47,48,13,50,51,107,34,174,55,56,101,58,147,151,61,187,199,64,180,68,41,135,84,155,114,127,73,74,159,21,184,78,79,121,167,60,81,150,30,86,67,88,162,104,91,92,171,116,82,77,97,98,99,122,125,179,168,198,183,87,62,196,189,22,111,112,113,70,115,16,178,102,0,120,80,100,26,191,71,126,72,128,137,130,117,110,19,134,53,136,129,138,1,105,131,31,143,194,145,108,59,148,149,10,188,152,43,193,106,118,157,142,75,160,163,89,161,38,165,166,83,17,57,170,93,172,12,141,175,176,177,123,156,65,164,182,140,96,69,186,7,132,109,190,185,192,139,144,195,8,197,29,63,];False
5381;9293;14674;[146,154,169,3,4,5,6,52,32,9,124,11,173,94,14,49,2,103,18,133,76,20,41,23,24,25,37,27,28,90,85,158,153,33,15,35,36,66,181,39,40,54,42,119,44,45,46,47,48,13,50,51,107,34,174,55,56,101,58,59,151,61,187,199,64,180,68,95,135,84,155,114,127,73,74,159,21,184,78,79,121,167,60,81,150,30,86,67,88,162,104,91,92,171,116,82,77,97,98,99,122,125,179,168,198,183,87,62,196,189,22,111,112,113,70,115,16,178,102,0,120,80,100,26,191,71,126,72,128,137,130,117,110,19,134,53,136,129,138,1,105,131,31,143,194,145,108,147,148,149,10,188,152,43,193,106,118,157,142,75,160,163,89,161,38,165,166,83,17,57,170,93,172,12,141,175,176,177,123,156,65,164,182,140,96,69,186,7,132,109,190,185,192,139,144,195,8,197,29,63,];False
5414;9260;14674;[146,154,169,3,4,5,6,52,32,9,124,11,173,94,14,49,2,103,18,133,76,175,95,23,24,25,37,27,123,90,85,158,153,33,15,35,36,66,181,39,40,54,42,119,44,45,46,47,48,13,50,51,107,34,174,55,56,101,58,59,151,61,187,199,64,180,68,41,92,84,155,114,127,73,74,159,21,184,78,79,121,167,60,81,150,30,86,67,88,162,104,91,135,171,116,82,77,97,98,99,122,125,179,168,198,183,87,62,196,189,22,111,112,113,70,115,16,178,102,0,120,80,100,26,191,71,126,72,128,137,130,117,110,19,134,53,136,129,138,1,105,131,31,143,194,145,108,147,148,149,10,188,152,43,193,106,118,157,142,75,160,163,89,161,38,165,166,83,17,57,170,93,172,12,141,20,176,177,28,156,65,164,182,140,96,69,186,7,132,109,190,185,192,139,144,195,8,197,29,63,];False
5390;9281;14671;[146,154,169,3,4,5,6,52,32,9,124,11,173,94,14,49,82,103,18,133,76,175,95,23,24,25,37,27,123,90,85,158,153,33,15,35,36,66,181,39,40,54,42,119,44,45,46,47,48,13,50,51,107,34,174,55,56,101,58,59,151,61,187,199,64,180,68,41,135,84,155,114,127,73,74,159,21,184,78,79,121,167,60,81,150,30,86,67,88,162,104,91,92,171,116,2,77,97,98,99,122,125,179,168,198,183,87,62,196,189,22,111,112,113,70,115,16,178,102,0,120,80,100,26,191,71,126,72,128,137,130,117,110,19,134,53,136,129,138,1,105,131,31,143,194,145,108,147,148,149,10,188,152,43,193,106,118,157,142,75,160,163,89,161,38,165,166,83,17,57,170,93,172,12,141,20,176,177,28,156,65,164,182,140,96,69,186,7,132,109,190,185,192,139,144,195,8,197,29,63,];False
5349;9321;14670;[146,154,169,3,4,5,6,52,32,161,124,11,104,94,14,49,2,103,18,133,76,175,95,23,24,25,37,27,123,90,85,158,153,33,15,35,36,66,181,39,40,54,42,119,44,45,46,47,48,13,50,51,107,34,174,55,188,101,58,59,151,61,187,199,64,180,68,41,135,84,155,114,127,73,74,159,21,184,78,79,121,167,60,81,150,30,86,67,88,162,173,91,92,171,116,82,77,97,98,99,122,125,179,168,198,183,87,62,196,189,22,111,112,113,70,115,16,178,102,0,120,80,100,26,191,71,126,72,128,137,130,117,110,19,134,53,136,129,138,1,105,131,31,143,194,145,108,147,148,149,10,56,152,43,193,106,132,157,142,75,160,163,89,9,38,165,166,83,17,57,170,93,172,12,141,20,176,177,28,156,65,164,182,140,96,69,186,7,118,109,190,185,192,139,144,195,8,197,29,63,];False
5300;9367;14667;[146,154,169,3,4,5,6,52,32,161,124,11,104,94,14,49,2,103,18,133,76,175,95,23,24,25,37,27,123,90,85,158,153,33,15,35,36,66,181,39,40,54,42,119,44,45,46,47,48,13,50,51,107,34,174,55,188,101,58,59,151,61,187,199,64,180,68,41,135,84,155,114,127,73,74,159,21,184,78,79,121,167,60,81,150,30,86,67,88,162,148,91,92,171,116,82,77,97,98,99,122,125,179,168,198,183,87,62,196,189,22,111,112,113,70,115,16,178,102,0,120,80,108,26,191,71,126,72,128,137,130,117,110,19,134,53,136,129,138,1,105,131,31,143,194,145,100,147,173,149,10,56,65,43,193,106,118,157,142,75,160,163,89,9,38,165,166,83,17,57,170,93,172,12,141,20,176,177,28,156,152,164,182,140,96,69,186,7,132,109,190,185,192,139,144,195,8,197,29,63,];False
5412;9253;14665;[146,154,169,3,4,5,6,52,32,9,124,11,173,94,14,49,2,103,18,133,76,175,95,23,24,25,37,27,123,90,85,158,153,33,15,35,36,66,181,39,40,54,42,119,44,45,46,47,48,13,50,51,107,34,174,55,56,101,58,59,151,61,187,199,64,180,68,41,135,84,155,114,127,73,74,159,21,184,78,79,121,167,60,81,150,30,86,67,88,162,104,91,92,171,116,82,77,97,98,99,122,125,179,168,198,183,87,157,196,189,22,111,112,113,70,115,16,178,102,0,120,80,100,26,191,71,126,72,128,137,130,117,110,19,134,53,136,129,138,1,105,131,31,143,194,145,108,147,148,149,10,188,152,43,193,106,118,62,142,75,160,163,89,161,38,165,166,83,17,57,170,93,172,12,141,20,176,177,28,156,65,164,182,140,96,69,186,7,132,109,190,185,192,139,144,195,8,197,29,63,];False
5419;9245;14664;[146,154,169,3,4,5,6,52,32,9,124,11,173,94,14,15,2,103,18,133,76,175,95,23,24,25,37,27,123,90,85,158,153,33,49,35,36,66,181,39,40,54,42,119,44,45,46,47,48,13,50,51,107,34,174,55,56,101,58,59,151,61,187,199,64,180,68,41,135,84,155,114,127,73,74,159,21,184,78,79,121,167,60,81,150,30,86,67,88,162,104,91,92,171,116,82,77,97,98,99,122,125,179,168,198,183,87,62,196,189,22,111,112,113,70,115,16,178,102,0,120,80,100,26,191,71,126,72,128,137,130,117,110,19,134,53,136,129,138,1,105,131,31,143,194,145,108,147,148,149,10,188,152,43,193,106,118,157,142,75,160,163,89,161,38,165,166,83,17,57,170,93,172,12,141,20,176,177,28,156,65,164,182,140,96,69,186,7,132,109,190,185,192,139,144,195,8,197,29,63,];False
5414;9248;14662;[146,154,169,3,4,5,6,62,32,9,124,11,173,94,14,49,101,103,18,133,76,20,95,23,24,25,37,27,28,90,85,158,153,33,15,35,36,66,181,39,40,54,42,119,44,45,46,47,48,13,50,51,107,34,174,55,56,109,58,59,151,61,187,199,64,180,41,68,135,84,155,114,127,73,74,159,21,184,78,79,121,167,60,81,150,30,86,67,88,162,104,91,92,171,116,82,77,97,98,99,122,125,179,168,198,183,87,52,196,189,22,111,112,113,70,115,16,178,102,0,120,80,100,26,191,71,126,72,128,137,130,117,110,19,134,53,136,129,138,1,105,131,31,143,194,145,108,147,148,149,10,188,152,43,193,106,118,157,142,75,160,163,89,161,38,165,166,83,17,57,170,93,172,12,141,175,176,177,123,156,65,164,182,140,96,69,186,7,132,2,190,185,192,139,144,195,8,197,29,63,];False
5350;9309;14659;[146,154,169,3,4,5,6,62,32,9,124,11,173,94,14,49,101,103,18,133,76,20,95,23,24,25,37,27,28,90,85,158,153,33,15,35,36,66,181,39,40,54,42,119,44,45,46,47,48,13,50,51,107,34,174,55,56,109,58,59,151,61,187,199,64,180,68,41,135,84,155,114,127,73,74,159,21,184,78,79,121,167,60,81,150,30,86,67,88,162,104,91,92,171,116,82,77,97,98,99,122,125,179,168,198,183,87,52,196,189,22,111,112,113,70,115,16,178,102,0,120,80,100,26,191,71,126,72,128,137,130,117,110,19,134,53,136,129,138,1,105,131,31,143,194,145,108,147,148,149,10,188,152,43,193,106,118,157,142,75,160,163,89,161,38,165,166,83,17,197,170,93,172,12,141,175,176,177,123,156,65,164,182,140,96,69,186,7,132,2,190,185,192,139,144,195,8,57,29,63,];False
5426;9223;14649;[146,154,169,3,4,5,6,52,32,9,124,11,104,94,14,49,2,103,18,133,76,175,95,23,24,25,37,27,123,90,85,158,153,33,15,35,36,66,181,39,40,54,42,119,44,45,46,47,48,13,50,51,107,34,174,55,56,101,58,59,151,61,187,199,64,180,68,41,135,84,155,114,127,73,74,159,21,184,78,79,121,167,60,81,150,30,86,67,88,162,173,91,92,171,116,82,77,97,98,99,22,125,179,168,198,183,87,62,196,189,122,111,112,113,70,115,16,178,102,0,120,80,100,26,191,71,126,72,128,137,130,117,110,19,134,53,136,129,138,1,105,131,31,143,194,145,108,147,148,149,10,188,152,43,193,106,118,157,142,75,160,163,89,161,38,165,166,83,17,57,170,93,172,12,141,20,176,177,28,156,65,164,182,140,96,69,186,7,132,109,190,185,192,139,144,195,8,197,29,63,];False
5360;9281;14641;[146,154,169,3,4,5,6,62,32,9,124,11,173,94,14,49,101,103,18,133,76,20,95,23,24,25,34,27,28,90,85,158,153,33,15,35,36,66,181,39,40,54,42,119,44,45,46,47,48,13,50,51,107,37,174,55,56,109,58,59,151,61,187,199,64,180,68,41,135,84,155,114,127,73,74,159,21,184,78,79,121,167,60,81,150,30,86,67,88,162,104,91,92,171,116,82,77,97,98,99,122,125,179,168,198,183,87,52,196,189,22,111,112,113,70,115,16,178,102,0,120,80,100,26,191,71,126,72,128,137,130,117,110,19,134,53,136,129,138,1,164,131,31,143,194,145,108,147,148,149,10,188,152,43,193,106,118,157,142,75,160,163,89,161,38,165,166,83,17,57,170,93,172,12,141,175,176,177,123,156,65,105,182,140,96,69,186,7,132,2,190,185,192,139,144,195,8,197,29,63,];False
5375;9264;14639;[146,154,169,3,4,5,6,52,32,9,124,11,173,94,14,49,2,103,18,133,76,175,95,23,24,25,37,27,123,90,85,158,153,33,15,35,36,66,181,39,40,54,42,119,44,45,46,47,48,13,50,51,107,34,174,55,56,101,58,59,151,61,187,199,64,180,68,41,135,84,155,114,127,72,74,159,21,184,78,79,121,167,60,81,150,30,86,67,88,162,104,91,92,171,116,82,77,97,98,99,122,125,179,168,198,183,87,62,196,189,22,111,112,113,70,115,16,178,102,0,120,80,100,26,191,71,126,73,128,137,130,117,110,19,134,53,136,129,138,1,105,131,31,143,194,145,108,147,148,149,10,188,152,43,193,106,118,157,142,75,160,163,89,161,38,165,166,83,17,57,170,93,172,12,141,20,176,177,28,156,65,164,182,140,96,69,186,7,132,109,190,185,192,139,144,195,8,197,29,63,];False
5367;9270;14637;[146,154,169,3,4,5,6,62,32,9,124,11,173,94,14,49,101,103,18,133,76,20,95,23,24,25,34,27,28,90,85,158,153,33,15,35,36,66,181,39,40,54,42,119,44,45,46,47,48,13,50,51,107,37,174,55,56,109,58,59,151,61,187,199,64,180,68,41,135,84,155,114,127,73,74,159,21,184,78,79,121,167,60,81,150,30,86,67,88,162,104,91,92,171,116,82,77,97,98,99,122,125,179,168,198,183,87,52,196,189,22,111,112,113,70,115,16,178,102,0,120,80,100,26,191,71,126,72,128,137,130,117,110,19,134,53,136,129,138,1,105,131,31,143,194,145,108,147,148,149,10,188,152,43,193,106,118,157,142,75,160,163,89,161,38,165,166,83,17,57,170,93,172,12,141,175,176,177,123,156,65,164,182,140,96,69,186,7,132,2,190,185,192,139,144,195,8,197,29,63,];False
5239;9394;14633;[146,154,169,3,4,5,6,52,32,161,124,11,104,94,14,49,2,103,18,133,76,175,95,23,24,25,37,27,123,90,85,158,153,33,15,35,36,66,181,39,40,54,142,119,44,45,46,47,48,13,50,51,107,34,174,55,188,101,58,59,151,61,187,199,64,180,68,41,135,84,155,114,127,73,74,159,21,184,78,79,121,167,60,81,150,30,86,67,88,162,173,91,92,171,116,82,77,97,98,99,122,125,179,168,198,183,87,62,196,189,22,111,112,113,70,115,16,178,102,0,120,80,100,26,191,71,126,72,128,137,130,117,110,19,134,53,136,129,138,1,105,131,31,143,194,145,108,147,148,149,10,56,152,43,193,106,118,157,42,75,160,163,89,9,38,165,166,83,17,57,170,93,172,12,141,20,176,177,28,156,65,164,182,140,96,69,186,7,132,109,190,185,192,139,144,195,8,197,29,63,];False
5287;9344;14631;[146,157,169,3,4,5,6,52,32,9,124,11,173,94,14,49,109,103,18,133,76,20,95,23,24,25,37,27,28,90,85,158,153,33,15,35,36,66,181,39,40,54,42,119,44,45,46,47,48,13,50,51,107,34,174,55,56,101,58,59,151,61,187,199,64,180,68,41,135,84,155,114,127,73,74,159,21,184,78,79,121,167,60,81,150,30,86,67,88,162,104,91,92,171,116,82,77,97,98,99,122,125,179,168,198,183,87,62,196,189,22,111,112,113,70,115,16,178,102,0,120,80,100,26,191,71,126,72,128,137,130,117,110,19,134,53,136,129,138,1,105,131,31,143,194,145,108,147,148,149,10,188,152,43,193,106,118,154,142,75,160,163,89,161,38,165,166,83,17,57,170,93,172,12,141,175,176,177,123,156,65,164,182,140,96,69,186,7,132,2,190,185,192,139,144,195,8,197,29,63,];False
5293;9336;14629;[146,154,169,3,4,5,6,52,32,9,124,11,173,94,14,49,2,103,18,133,76,20,95,23,24,25,37,27,28,90,85,158,153,33,15,0,36,66,181,39,40,54,42,119,44,45,46,47,48,13,50,51,107,34,174,55,56,101,58,59,151,61,187,199,64,180,68,41,135,84,155,114,127,73,74,159,21,184,78,79,121,167,60,81,150,30,86,67,88,162,104,91,92,171,116,82,77,97,98,99,122,125,179,168,198,183,87,62,196,189,22,111,112,113,70,115,16,178,102,35,120,80,100,26,191,71,126,72,128,137,130,117,110,19,134,53,136,129,138,1,105,131,31,143,194,145,108,147,148,149,10,188,152,43,193,106,118,157,142,75,160,163,89,161,38,165,166,83,17,57,170,93,172,12,141,175,176,177,123,156,65,164,182,140,96,69,186,7,132,109,190,185,192,139,144,195,8,197,29,63,];False
5370;9257;14627;[146,154,169,3,4,5,6,52,32,9,124,11,173,95,14,49,2,103,18,133,76,175,94,23,24,25,37,27,123,90,85,158,153,33,15,35,36,66,181,39,40,54,42,119,44,45,46,47,48,13,50,51,107,34,174,55,56,101,58,59,151,61,187,199,64,180,68,41,135,84,155,114,127,73,74,159,21,184,78,79,121,167,60,81,150,30,86,67,88,162,104,91,92,171,116,82,77,97,98,99,122,125,179,168,198,183,87,62,196,189,22,111,112,113,70,115,16,178,102,0,120,80,100,26,191,71,126,72,128,137,130,117,110,19,134,53,136,129,138,1,105,131,31,143,194,145,108,147,148,149,10,188,152,43,193,106,118,157,142,75,160,163,89,161,38,165,166,83,17,57,170,93,172,12,141,20,176,177,28,156,65,164,182,140,96,69,186,7,132,109,190,185,192,139,144,195,8,197,29,63,];False
5312;9312;14624;[146,154,169,3,4,51,6,52,32,9,124,11,173,94,14,49,2,103,18,133,76,20,95,23,24,25,37,27,28,90,85,158,153,33,15,35,36,66,181,39,40,54,42,119,44,45,46,47,48,13,50,5,107,34,174,55,56,101,58,59,151,61,187,199,64,180,68,41,135,84,155,114,127,73,74,159,21,184,78,79,121,167,60,81,150,30,86,67,88,162,104,91,92,171,116,82,77,97,98,99,122,125,179,168,198,183,87,62,196,189,22,111,112,113,70,115,16,178,102,0,120,80,100,26,191,71,126,72,128,137,130,117,110,19,134,53,136,129,138,1,105,131,31,143,194,145,108,147,148,149,10,188,152,43,193,106,118,157,142,75,160,163,89,161,38,165,166,83,17,57,170,93,172,12,141,175,176,177,123,156,65,164,182,140,96,69,186,7,132,109,190,185,192,139,144,195,8,197,29,63,];False
5314;9308;14622;[146,154,169,3,4,5,6,52,32,9,124,11,173,94,14,49,2,103,18,133,76,20,95,23,24,25,37,27,28,90,85,158,153,33,15,35,36,66,181,39,40,54,42,119,44,45,46,47,48,13,50,51,107,34,174,55,56,101,58,59,151,61,187,199,64,180,68,41,135,84,155,114,127,73,74,159,21,184,78,79,121,167,60,81,150,30,86,67,88,162,104,91,92,171,116,82,77,97,98,99,122,125,179,168,198,183,87,62,196,19,22,111,112,113,70,115,16,178,102,0,120,80,100,26,191,71,126,72,128,137,130,117,110,189,134,53,136,129,138,1,105,131,31,143,194,145,108,147,148,149,10,188,152,43,193,106,118,157,142,75,160,163,89,161,38,165,166,83,17,57,170,93,172,12,141,175,176,177,123,156,65,164,182,140,96,69,186,7,132,109,190,185,192,139,144,195,8,197,29,63,];False
5326;9292;14618;[146,154,169,3,4,5,6,62,32,9,124,11,173,94,14,49,101,103,18,133,76,20,95,23,24,25,37,27,28,90,81,158,153,33,15,35,36,66,181,39,40,54,42,119,44,45,46,47,48,13,50,51,107,34,174,55,56,109,58,59,151,61,187,199,64,180,68,41,135,84,155,114,127,73,74,159,21,184,78,79,121,167,60,85,150,30,86,67,88,162,104,91,92,171,116,82,77,97,98,99,122,125,179,168,198,183,87,52,196,189,22,111,112,113,70,115,16,178,102,0,120,80,100,26,191,71,126,72,128,137,130,117,110,19,134,53,136,129,138,1,105,131,31,143,194,145,108,147,148,149,10,188,152,43,193,106,118,157,142,75,160,163,89,161,38,165,166,83,17,57,170,93,172,12,141,175,176,177,123,156,65,164,182,140,96,69,186,7,132,2,190,185,192,139,144,195,8,197,29,63,];False
5255;9362;14617;[146,154,169,3,4,5,6,52,32,161,124,11,104,94,14,49,2,103,18,133,76,175,95,23,24,25,37,27,123,90,85,158,153,33,15,35,36,66,181,39,40,54,172,119,44,45,46,47,48,13,50,51,107,34,174,55,188,101,58,59,151,61,187,199,64,180,68,41,135,84,155,114,127,73,74,159,21,184,78,79,121,167,60,81,150,30,86,67,88,162,148,91,92,171,116,82,77,97,98,99,122,125,179,168,198,183,87,62,196,189,22,111,112,113,70,115,16,178,102,0,120,80,108,26,191,71,126,72,128,137,130,117,110,19,134,53,136,129,138,1,105,131,31,143,194,145,100,147,173,149,10,56,152,43,193,106,118,157,142,75,160,163,89,9,38,165,166,83,17,57,170,93,42,12,141,20,176,177,28,156,65,164,182,140,96,69,186,7,132,109,190,185,192,139,144,195,8,197,29,63,];False
5363;9254;14617;[146,154,169,3,4,5,6,52,32,9,124,11,173,94,14,49,2,103,18,133,76,175,95,23,24,25,37,27,123,90,85,158,153,33,15,35,36,66,181,39,40,54,42,119,44,45,46,47,48,13,50,51,107,34,174,55,56,101,58,59,151,61,187,199,64,180,68,41,135,84,155,114,127,73,74,159,21,184,78,79,92,167,60,81,150,30,86,67,88,162,104,91,121,171,116,82,77,97,98,99,122,125,179,168,198,183,87,62,196,189,22,111,112,113,70,115,16,178,102,0,120,80,100,26,191,71,126,72,128,137,130,117,110,19,134,53,136,129,138,1,105,131,31,143,194,145,108,147,148,149,10,188,152,43,193,106,118,157,142,75,160,163,89,161,38,165,166,83,17,57,170,93,172,12,141,20,176,177,28,156,65,164,182,140,96,69,186,7,132,109,190,185,192,139,144,195,8,197,29,63,];False
5290;9324;14614;[146,154,169,3,4,5,6,52,32,9,124,11,173,94,14,49,109,103,18,133,76,20,95,23,24,25,37,27,28,90,85,158,153,33,15,35,36,66,181,39,40,54,42,119,44,45,46,47,48,13,50,51,107,34,174,55,56,101,58,59,151,61,187,199,64,180,68,41,135,84,155,114,127,73,74,159,21,184,78,79,121,167,60,81,150,30,86,67,88,162,193,91,92,171,116,82,77,97,98,99,122,125,179,168,198,183,87,62,196,189,22,111,112,113,70,115,16,178,102,0,120,80,100,26,191,71,126,72,128,137,130,117,110,19,134,53,136,129,138,1,105,131,31,143,194,145,108,147,148,149,10,188,152,43,104,106,118,157,142,75,160,163,89,161,38,165,166,83,17,57,170,93,172,12,141,175,176,177,123,156,65,164,182,140,96,69,186,7,132,2,190,185,192,139,144,195,8,197,29,63,];False
5328;9283;14611;[146,154,169,3,4,5,6,62,32,9,124,11,173,94,14,49,101,103,18,133,76,20,95,23,24,25,37,27,28,90,85,158,153,33,15,35,36,66,181,39,40,54,42,119,44,45,46,47,48,13,50,51,107,34,174,55,56,109,58,59,151,61,187,199,64,180,68,41,135,84,155,114,127,73,74,159,21,184,78,79,121,167,60,81,150,30,86,67,88,162,104,91,92,171,116,82,77,97,98,99,122,125,179,168,198,183,87,52,196,189,22,111,112,113,70,115,16,178,102,0,120,80,100,26,191,71,126,72,128,137,130,117,110,19,134,53,136,129,138,1,105,131,31,143,194,145,108,147,148,149,10,188,152,43,193,106,118,157,142,75,160,163,89,161,38,165,166,83,17,57,170,93,172,12,141,175,176,177,123,156,65,164,182,140,96,69,186,7,132,2,190,185,192,139,144,195,8,197,29,63,];False
5372;9238;14610;[146,154,169,3,4,5,6,52,32,9,124,11,173,94,14,49,2,103,18,133,76,175,95,23,24,25,37,27,123,90,85,158,153,33,15,35,36,66,181,39,40,54,42,119,44,45,46,47,48,13,50,51,127,34,174,55,56,101,58,59,151,61,187,199,64,180,68,41,135,84,155,114,107,73,74,159,21,184,78,79,121,167,60,81,150,30,86,67,88,162,104,91,92,171,116,82,77,97,98,99,122,125,179,168,198,183,87,62,196,189,22,111,112,113,70,115,16,178,102,0,120,80,100,26,191,71,126,72,128,137,130,117,110,19,134,53,136,129,138,1,105,131,31,143,194,145,108,147,148,149,10,188,152,43,193,106,118,157,142,75,160,163,89,161,38,165,166,83,17,57,170,93,172,12,141,20,176,177,28,156,65,164,182,140,96,69,186,7,132,109,190,185,192,139,144,195,8,197,29,63,];False
5325;9284;14609;[146,154,169,3,4,5,6,52,32,9,124,11,173,94,14,49,2,103,18,133,76,175,95,23,24,25,37,27,123,90,85,158,153,33,15,35,36,66,181,39,40,54,42,119,44,45,46,47,48,13,50,51,107,34,174,55,56,101,58,59,151,61,187,199,64,180,68,41,135,84,155,114,127,196,74,159,21,184,78,79,121,167,60,81,150,30,86,67,88,162,104,91,92,171,116,82,77,97,98,99,122,125,179,168,198,183,87,62,73,189,22,111,112,113,70,115,16,178,102,0,120,80,100,26,191,71,126,72,128,137,130,117,110,19,134,53,136,129,138,1,105,131,31,143,194,145,108,147,148,149,10,188,152,43,193,106,118,157,142,75,160,163,89,161,38,165,166,83,17,57,170,93,172,12,141,20,176,177,28,156,65,164,182,140,96,69,186,7,132,109,190,185,192,139,144,195,8,197,29,63,];False
5273;9335;14608;[146,154,169,3,4,5,6,52,32,9,124,11,173,94,14,49,2,103,18,133,76,20,95,23,24,25,37,27,28,90,85,158,153,33,15,35,36,66,181,39,40,54,42,119,44,45,46,47,48,13,50,51,107,34,174,55,56,101,58,59,151,61,187,199,64,180,68,41,135,1,155,114,127,73,74,159,21,184,78,79,121,167,60,81,150,30,86,67,88,162,104,91,92,171,116,82,77,97,98,99,122,125,179,168,198,183,87,62,196,189,22,111,112,113,70,115,16,178,102,0,120,80,100,26,191,71,126,72,128,137,130,117,110,19,134,53,136,129,138,84,105,131,31,143,194,145,108,147,148,149,10,188,152,43,193,106,118,157,142,75,160,163,89,161,38,165,166,83,17,57,170,93,172,12,141,175,176,177,123,156,65,164,182,140,96,69,186,7,132,109,190,185,192,139,144,195,8,197,29,63,];False
5348;9259;14607;[146,154,169,179,4,5,6,52,32,9,124,11,104,94,14,49,2,103,18,133,76,175,95,23,24,25,37,27,123,90,85,158,153,33,15,35,36,66,181,39,40,54,42,119,44,45,46,47,48,13,50,51,107,34,174,55,56,101,58,59,151,61,187,199,64,180,68,41,135,84,155,114,127,73,74,159,21,184,78,79,121,167,60,81,150,30,86,67,88,162,173,91,92,171,116,82,77,97,98,99,122,125,3,168,198,183,87,62,196,189,22,111,112,113,70,115,16,178,102,0,120,80,100,26,191,71,126,72,128,137,130,117,110,19,134,53,136,129,138,1,105,131,31,143,194,145,108,147,148,149,10,188,152,43,193,106,118,157,142,75,160,163,89,161,38,165,166,83,17,57,170,93,172,12,141,20,176,177,28,156,65,164,182,140,96,69,186,7,132,109,190,185,192,139,144,195,8,197,29,63,];False
5345;9261;14606;[146,154,169,3,4,5,6,52,32,9,124,11,173,94,14,49,2,103,18,133,76,175,95,23,24,25,37,27,123,90,85,158,153,33,15,35,36,66,181,39,40,54,42,119,44,45,46,47,48,13,50,51,107,34,174,55,56,101,58,59,151,61,187,199,64,180,68,41,135,84,155,114,127,73,74,159,21,184,78,79,121,167,60,81,120,30,86,67,88,162,104,91,92,171,116,82,77,97,98,99,122,125,179,168,198,183,87,62,196,189,22,111,112,113,70,115,16,178,102,0,150,80,100,26,191,71,126,72,128,137,130,117,110,19,134,53,136,129,138,1,105,131,31,143,194,145,108,147,148,149,10,188,152,43,193,106,118,157,142,75,160,163,89,161,38,165,166,83,17,57,170,93,172,12,141,20,176,177,28,156,65,164,182,140,96,69,186,7,132,109,190,185,192,139,144,195,8,197,29,63,];False
5331;9275;14606;[146,154,169,3,4,5,6,52,32,9,124,11,173,94,14,49,2,103,18,133,76,175,95,23,24,25,37,27,123,90,85,158,153,33,15,35,36,66,181,39,40,54,42,119,44,45,46,47,48,13,50,51,107,34,174,55,56,101,58,59,151,61,187,199,64,180,68,41,135,84,155,114,127,73,74,159,21,184,78,79,121,167,60,81,82,30,86,67,88,162,104,91,92,171,116,150,77,97,98,99,122,125,179,168,198,183,87,62,196,189,22,111,112,113,70,115,16,178,102,0,120,80,100,26,191,71,126,72,128,137,130,117,110,19,134,53,136,129,138,1,105,131,31,143,194,145,108,147,148,149,10,188,152,43,193,106,118,157,142,75,160,163,89,161,38,165,166,83,17,57,170,93,172,12,141,20,176,177,28,156,65,164,182,140,96,69,186,7,132,109,190,185,192,139,144,195,8,197,29,63,];False
5377;9228;14605;[146,154,169,3,4,5,177,52,32,9,124,11,173,94,14,49,2,103,18,133,76,175,95,23,24,25,37,27,123,90,85,158,153,33,15,35,36,66,181,39,40,54,42,119,44,45,46,47,48,13,50,51,107,34,174,55,56,101,58,59,151,61,187,199,64,180,68,41,135,84,155,114,127,73,74,159,21,184,78,79,121,167,60,81,150,30,86,67,88,162,104,91,92,171,116,82,77,97,98,99,122,125,179,168,198,183,87,62,196,189,22,111,112,113,70,115,16,178,102,0,120,80,100,26,191,71,126,72,128,137,130,117,110,19,134,53,136,129,138,1,105,131,31,143,194,145,108,147,148,149,10,188,152,43,193,106,118,157,142,75,160,163,89,161,38,165,166,83,17,57,170,93,172,12,141,20,176,6,28,156,65,164,182,140,96,69,186,7,132,109,190,185,192,139,144,195,8,197,29,63,];False
5341;9262;14603;[146,154,169,3,4,5,6,52,32,9,124,11,142,94,14,49,2,103,18,133,76,175,95,23,24,25,37,27,123,90,85,158,153,33,15,35,36,66,181,39,40,54,42,119,44,45,46,47,48,13,50,51,107,34,174,55,56,101,58,59,151,61,187,199,64,180,68,41,135,84,155,114,127,73,74,159,21,184,78,79,121,167,60,81,150,30,86,67,88,162,104,91,92,171,116,82,77,97,98,99,122,125,179,168,198,183,87,62,196,189,22,111,112,113,70,115,16,178,102,0,120,80,100,26,191,71,126,72,128,137,130,117,110,19,134,53,136,129,138,1,105,131,31,143,194,145,108,147,148,149,10,188,152,43,193,106,118,157,173,75,160,163,89,161,38,165,166,83,17,57,170,93,172,12,141,20,176,177,28,156,65,164,182,140,96,69,186,7,132,109,190,185,192,139,144,195,8,197,29,63,];False
5371;9228;14599;[146,154,169,3,4,5,6,52,32,9,124,23,104,94,14,49,2,103,18,133,76,175,95,11,24,25,37,27,123,90,85,158,153,33,15,35,36,66,181,39,40,54,42,119,44,45,46,47,48,13,50,51,107,34,174,55,56,101,58,59,151,61,187,199,64,180,68,41,135,84,155,114,127,73,74,159,21,184,78,79,121,167,60,81,150,30,86,67,88,162,173,91,92,171,116,82,77,97,98,99,122,125,179,168,198,183,87,62,196,189,22,111,112,113,70,115,16,178,102,0,120,80,100,26,191,71,126,72,128,137,130,117,110,19,134,53,136,129,138,1,105,131,31,143,194,145,108,147,148,149,10,188,152,43,193,106,118,157,142,75,160,163,89,161,38,165,166,83,17,57,170,93,172,12,141,20,176,177,28,156,65,164,182,140,96,69,186,7,132,109,190,185,192,139,144,195,8,197,29,63,];False
5277;9321;14598;[146,154,169,3,4,5,6,52,32,9,124,11,173,94,14,49,2,103,18,133,76,20,95,23,24,25,37,27,28,90,85,158,153,33,15,35,36,66,181,39,40,54,42,119,44,45,46,47,48,13,50,51,107,34,174,55,56,101,58,59,151,61,187,199,64,180,68,41,135,84,155,114,127,73,74,159,21,184,78,79,138,167,60,81,150,30,86,67,88,162,104,91,92,171,116,82,77,97,98,99,122,125,179,168,198,183,87,62,196,189,22,111,112,113,70,115,16,178,102,0,120,80,100,26,191,71,126,72,128,137,130,117,110,19,134,53,136,129,121,1,105,131,31,143,194,145,108,147,148,149,10,188,152,43,193,106,118,157,142,75,160,163,89,161,38,165,166,83,17,57,170,93,172,12,141,175,176,177,123,156,65,164,182,140,96,69,186,7,132,109,190,185,192,139,144,195,8,197,29,63,];False
5229;9366;14595;[146,154,169,3,117,5,6,52,32,9,124,11,173,94,14,49,2,103,18,133,76,20,95,23,24,25,37,27,28,90,85,158,153,33,15,35,36,66,181,39,40,54,42,119,44,45,46,47,48,13,50,51,107,34,174,55,56,101,58,59,151,61,187,199,64,180,68,41,135,84,155,114,127,73,74,159,21,184,78,79,121,167,60,81,150,30,86,67,88,162,104,91,92,171,116,82,77,97,98,99,122,125,179,168,198,183,87,62,196,189,22,111,112,113,70,115,16,178,102,0,120,80,100,26,191,71,126,72,128,137,130,4,110,19,134,53,136,129,138,1,105,131,31,143,194,145,108,147,148,149,10,188,152,43,193,106,118,157,142,75,160,163,89,161,38,165,166,83,17,57,170,93,172,12,141,175,176,177,123,156,65,164,182,140,96,69,186,7,132,109,190,185,192,139,144,195,8,197,29,63,];False
5345;9247;14592;[146,154,169,3,4,5,6,52,32,9,124,11,173,94,14,49,2,103,18,133,76,175,95,23,24,25,37,27,123,90,85,158,153,33,15,35,36,66,181,39,40,54,42,119,44,45,46,47,48,13,50,51,107,34,174,55,56,101,58,59,151,61,187,199,64,180,68,41,135,84,155,114,127,73,74,159,21,184,78,79,121,167,60,81,150,30,86,67,88,162,104,91,92,171,116,82,77,97,98,99,122,125,179,168,198,183,87,62,196,189,22,111,112,113,70,115,16,178,102,0,120,80,100,26,191,71,126,72,128,137,130,117,110,19,134,53,136,129,138,1,105,131,31,143,194,145,108,147,148,149,10,188,152,43,193,106,118,157,142,75,160,163,89,161,38,165,166,83,17,57,96,93,172,12,141,20,176,177,28,156,65,164,182,140,170,69,186,7,132,109,190,185,192,139,144,195,8,197,29,63,];False
5319;9272;14591;[146,154,169,3,4,5,6,52,32,9,124,11,173,94,14,49,2,103,18,133,76,175,95,23,24,25,37,27,123,90,85,158,153,33,15,35,36,66,181,39,40,54,42,119,44,45,46,47,48,13,50,51,107,34,174,55,56,101,58,59,151,61,187,199,64,180,68,41,135,84,155,114,127,73,74,159,21,184,78,79,121,167,60,81,150,30,86,67,88,162,104,91,92,171,116,82,77,97,98,99,122,125,179,168,198,183,87,62,196,189,22,111,112,113,70,115,16,178,102,0,120,80,100,26,191,71,126,72,128,137,130,117,110,19,134,53,136,129,138,1,105,131,31,143,194,145,108,147,148,106,10,188,152,43,193,149,118,157,142,75,160,163,89,161,38,165,166,83,17,57,170,93,172,12,141,20,176,177,28,156,65,164,182,140,96,69,186,7,132,109,190,185,192,139,144,195,8,197,29,63,];False
5333;9256;14589;[146,154,169,3,4,5,6,52,32,9,124,11,104,94,14,49,2,103,18,133,76,175,95,23,24,25,37,27,123,90,85,158,153,33,15,35,36,66,181,39,40,54,42,119,44,45,46,47,48,13,50,51,107,34,174,156,188,101,58,59,151,61,187,199,64,180,68,41,135,84,155,114,127,73,74,159,21,184,78,79,121,167,60,81,150,30,86,67,88,162,173,91,92,171,116,82,77,97,98,99,122,125,179,168,198,183,87,62,196,189,22,111,112,113,70,115,16,178,102,0,120,80,100,26,191,71,126,72,128,137,130,117,110,19,134,53,136,129,138,1,105,131,31,143,194,145,108,147,148,149,10,56,152,43,193,106,118,157,142,75,160,163,89,161,38,165,166,83,17,57,170,93,172,12,141,20,176,177,28,55,65,164,182,140,96,69,186,7,132,109,190,185,192,139,144,195,8,197,29,63,];False
5333;9256;14589;[146,154,169,3,4,5,6,52,32,9,124,11,173,94,14,49,2,103,18,133,76,175,95,23,24,25,37,27,123,90,85,158,153,33,15,35,36,66,181,39,40,54,42,119,44,45,46,47,48,13,50,51,107,34,174,55,56,101,58,59,151,61,187,199,64,180,68,41,135,84,155,114,127,73,74,159,21,184,78,79,121,167,60,81,150,30,86,67,88,162,104,91,92,171,116,82,77,97,98,99,122,125,179,168,198,183,87,62,196,189,22,111,112,113,70,115,16,178,102,0,120,80,100,26,191,71,126,72,128,137,130,117,110,19,134,53,136,129,138,1,105,131,31,143,194,145,108,147,148,149,10,188,152,43,193,106,118,157,142,75,160,163,89,161,38,165,176,83,17,57,170,93,172,12,141,20,166,177,28,156,65,164,182,140,96,69,186,7,132,109,190,185,192,139,144,195,8,197,29,63,];False
5282;9306;14588;[146,154,169,3,4,5,6,52,32,161,124,11,104,94,14,49,2,103,18,133,76,175,95,23,24,25,37,27,123,90,85,158,153,33,15,35,36,66,181,39,40,54,42,119,44,45,46,47,48,13,50,51,107,34,174,55,188,101,58,59,151,61,187,199,64,180,68,41,135,84,155,114,127,73,74,159,21,184,78,79,121,167,60,81,150,30,86,67,88,162,148,91,92,171,116,82,77,97,98,99,122,125,179,168,198,183,87,62,196,189,22,111,112,113,70,115,16,178,102,0,120,157,108,105,191,71,126,72,128,137,130,117,110,19,134,53,136,129,138,1,26,131,31,143,194,145,100,147,173,149,10,56,152,43,193,106,118,80,142,75,160,163,89,9,38,165,166,83,17,57,170,93,172,12,141,20,176,177,28,156,65,164,182,140,96,69,186,7,132,109,190,185,192,139,144,195,8,197,29,63,];False
5320;9265;14585;[146,154,169,3,4,5,6,52,32,9,124,11,173,94,14,49,2,103,18,133,76,175,95,23,24,25,37,27,123,90,85,158,153,33,15,35,36,66,181,39,40,54,42,119,44,45,46,47,48,13,50,51,107,34,174,55,56,101,58,59,151,61,187,199,64,180,68,41,135,84,155,114,127,73,74,159,21,184,78,79,121,167,60,81,150,30,86,67,88,162,104,172,92,171,116,82,77,97,98,99,122,125,179,168,198,183,87,62,196,189,22,111,112,113,70,115,16,178,102,0,120,80,100,26,191,71,126,72,128,137,130,117,110,19,134,53,136,129,138,1,105,131,31,143,194,145,108,147,148,149,10,188,152,43,193,106,118,157,142,75,160,163,89,161,38,165,166,83,17,57,170,93,91,12,141,20,176,177,28,156,65,164,182,140,96,69,186,7,132,109,190,185,192,139,144,195,8,197,29,63,];False
5294;9288;14582;[146,154,169,3,4,5,6,52,32,9,124,11,173,94,14,49,2,103,18,133,76,175,95,23,24,25,37,27,123,90,85,158,153,33,15,35,36,66,181,39,40,54,42,119,44,45,46,47,81,13,50,51,107,34,174,55,56,101,58,59,151,61,187,199,64,180,68,41,135,84,155,114,127,73,74,159,21,184,78,79,121,167,60,48,150,30,86,67,88,162,104,91,92,171,116,82,77,97,98,99,122,125,179,168,198,183,87,62,196,189,22,111,112,113,70,115,16,178,102,0,120,80,100,26,191,71,126,72,128,137,130,117,110,19,134,53,136,129,138,1,105,131,31,143,194,145,108,147,148,149,10,188,152,43,193,106,118,157,142,75,160,163,89,161,38,165,166,83,17,57,170,93,172,12,141,20,176,177,28,156,65,164,182,140,96,69,186,7,132,109,190,185,192,139,144,195,8,197,29,63,];False
5268;9307;14575;[146,154,169,3,4,5,6,52,32,9,124,11,173,94,14,49,101,103,18,133,76,20,95,23,24,25,37,27,28,90,85,158,153,33,15,35,36,66,181,39,40,54,42,119,44,45,46,47,48,13,50,51,107,34,174,55,56,109,58,59,151,61,187,199,64,180,68,41,135,84,155,114,127,73,74,159,21,184,78,79,121,167,60,81,150,30,86,67,88,162,104,91,92,171,116,82,77,97,98,99,122,125,179,168,198,183,87,62,196,189,22,111,112,113,70,115,16,178,102,0,120,80,100,26,191,71,126,72,128,137,130,117,110,19,134,53,136,129,138,1,105,131,31,143,194,145,108,147,148,149,10,188,152,43,193,106,118,157,142,75,160,163,89,161,38,165,166,83,17,57,170,93,172,12,141,175,176,177,123,156,65,164,182,140,96,69,186,7,132,2,190,185,192,139,144,195,8,197,29,63,];False
5267;9307;14574;[146,154,169,3,4,5,6,52,32,161,124,11,104,94,14,49,2,103,18,133,76,175,95,23,24,25,37,27,123,90,85,158,153,33,15,35,36,66,181,39,40,54,42,119,170,45,46,47,48,13,50,51,107,34,174,55,188,101,58,59,151,61,187,199,64,180,68,41,135,84,155,114,127,73,74,159,21,184,78,79,121,167,60,81,150,30,86,67,88,162,173,91,92,171,116,82,77,97,98,99,122,125,179,168,198,183,87,62,196,189,22,111,112,113,70,115,16,178,102,0,120,80,100,26,191,71,126,72,128,137,130,117,110,19,134,53,136,129,138,1,105,131,31,143,194,145,108,147,148,149,10,56,152,43,193,106,118,157,142,75,160,163,89,9,38,165,166,83,17,57,44,93,172,12,141,20,176,177,28,156,65,164,182,140,96,69,186,7,132,109,190,185,192,139,144,195,8,197,29,63,];False
5258;9316;14574;[146,154,169,3,4,5,6,52,32,161,124,11,104,94,14,49,2,103,18,133,76,175,95,23,24,25,37,27,123,90,85,158,153,33,15,35,36,66,181,39,40,54,42,119,44,45,46,47,48,13,50,71,107,34,174,55,188,101,58,59,151,61,187,199,64,180,68,41,135,84,155,114,127,73,74,159,21,184,78,79,121,167,60,81,150,30,86,67,88,162,148,91,92,171,116,82,77,97,98,99,122,125,179,168,198,183,87,62,196,189,22,111,112,113,70,115,16,178,102,0,120,80,108,26,191,51,126,72,128,137,130,117,110,19,134,53,136,129,138,1,105,131,31,143,194,145,100,147,173,149,10,56,152,43,193,106,118,157,142,75,160,163,89,9,38,165,166,83,17,57,170,93,172,12,141,20,176,177,28,156,65,164,182,140,96,69,186,7,132,109,190,185,192,139,144,195,8,197,29,63,];False
5250;9323;14573;[146,154,169,3,4,5,6,52,32,9,124,11,173,94,14,49,109,103,18,133,76,20,95,23,24,25,37,27,28,90,85,158,153,33,15,35,36,66,181,39,40,54,42,119,44,45,46,47,48,13,50,51,107,34,174,55,56,101,58,59,151,61,187,199,64,180,68,41,135,84,155,114,127,73,74,159,21,184,78,79,121,167,60,81,150,30,86,67,88,162,104,91,92,171,116,82,77,97,98,99,122,125,179,168,198,183,87,62,196,189,22,111,112,113,70,115,16,178,102,0,120,80,100,26,191,71,126,72,128,137,130,117,110,19,134,53,136,129,138,1,105,131,31,143,194,145,108,147,148,149,10,188,152,43,193,106,118,157,142,75,160,163,89,161,38,165,166,83,17,57,170,93,172,12,141,175,176,177,123,156,65,164,182,140,96,69,186,7,132,2,190,185,192,139,144,195,8,197,29,63,];False
5250;9317;14567;[146,154,169,3,4,5,6,52,32,161,124,11,104,94,14,49,2,103,18,133,76,175,95,156,24,25,37,27,123,90,85,158,153,33,15,35,36,66,181,39,40,54,42,119,44,45,46,47,48,136,50,51,107,34,174,55,188,101,58,59,151,61,187,199,64,180,68,41,135,84,155,114,127,73,74,159,21,184,78,79,121,167,60,81,150,30,86,67,88,162,148,91,92,171,116,82,77,97,98,99,122,125,179,168,198,183,87,62,196,189,22,111,112,113,70,115,16,178,102,0,120,80,108,105,191,71,126,72,128,137,130,117,110,19,134,53,13,129,138,1,26,131,31,143,194,145,100,147,173,149,10,56,152,43,193,106,118,157,142,75,160,163,89,9,38,165,166,83,17,57,170,93,172,12,141,20,176,177,28,23,65,164,182,140,96,69,186,7,132,109,190,185,192,139,144,195,8,197,29,63,];False
5269;9296;14565;[146,154,169,3,4,5,6,52,32,9,124,11,104,94,14,49,2,103,18,133,76,175,95,23,24,25,37,27,123,90,85,158,153,33,15,35,36,66,181,39,40,54,42,119,44,45,46,47,48,13,50,51,107,34,174,55,188,101,58,59,151,61,187,199,64,180,68,41,135,84,155,114,127,73,74,159,21,184,78,79,121,167,60,81,150,30,86,67,88,162,173,91,92,171,116,82,77,97,98,99,122,125,179,168,198,183,87,62,196,189,22,111,112,113,70,115,16,178,102,0,120,80,100,26,191,71,126,72,128,137,130,117,110,19,134,53,136,129,138,1,105,131,31,143,194,145,108,147,148,149,10,56,152,43,193,106,118,142,157,75,160,163,89,161,38,165,166,83,17,57,170,93,172,12,141,20,176,177,28,156,65,164,182,140,96,69,186,7,132,109,190,185,192,139,144,195,8,197,29,63,];False
5285;9279;14564;[146,154,169,3,4,5,6,52,32,161,124,11,104,94,14,49,2,103,18,133,76,175,95,23,24,25,37,27,123,90,85,158,153,33,15,35,36,66,181,39,40,54,42,119,140,45,46,47,48,136,50,51,107,34,174,55,188,101,58,59,151,61,187,199,64,180,68,41,135,84,155,114,127,73,74,159,21,184,78,79,121,167,60,81,150,30,86,67,88,162,148,91,92,171,116,82,77,97,98,99,122,125,179,168,198,183,87,62,196,189,22,111,112,113,70,115,16,178,102,0,120,80,108,105,191,71,126,72,128,137,130,117,110,19,134,53,13,129,138,1,26,131,31,143,194,145,100,147,173,149,10,56,152,43,193,106,118,157,142,75,160,163,89,9,38,165,166,83,17,57,170,93,172,12,141,20,176,177,28,156,65,164,182,44,96,69,186,7,132,109,190,185,192,139,144,195,8,197,29,63,];False
5249;9313;14562;[146,154,169,3,4,5,6,52,32,9,124,11,173,94,14,49,2,103,18,133,76,20,95,23,24,25,37,27,28,90,85,158,153,33,15,35,36,66,181,39,40,54,42,119,44,45,46,47,48,13,50,51,107,34,174,55,56,101,58,59,151,61,187,199,64,180,68,41,135,84,155,114,127,73,74,159,21,184,78,79,121,167,60,81,150,30,86,67,88,162,104,91,92,171,116,82,77,97,98,99,122,125,179,168,198,183,87,62,196,189,22,111,112,113,70,115,16,178,102,0,120,80,100,26,191,71,126,72,128,137,130,117,149,19,134,53,136,129,138,1,105,131,31,143,194,145,108,147,148,110,10,188,152,43,193,106,118,157,142,75,160,163,89,161,38,165,166,83,17,57,170,93,172,12,141,175,176,177,123,156,65,164,182,140,96,69,186,7,132,109,190,185,192,139,144,195,8,197,29,63,];False
5260;9299;14559;[146,154,169,3,4,5,6,52,32,9,124,11,173,94,14,49,2,103,18,133,76,20,95,23,24,25,37,27,28,90,58,158,153,33,15,35,36,66,181,39,40,54,42,119,44,45,46,47,48,13,50,51,107,34,174,55,56,101,85,59,151,61,187,199,64,180,68,41,135,84,155,114,127,73,74,159,21,184,78,79,121,167,60,81,150,30,86,67,88,162,104,91,92,171,116,82,77,97,98,99,122,125,179,168,198,183,87,62,196,189,22,111,112,113,70,115,16,178,102,0,120,80,100,26,191,71,126,72,128,137,130,117,110,19,134,53,136,129,138,1,105,131,31,143,194,145,108,147,148,149,10,188,152,43,193,106,118,157,142,75,160,163,89,161,38,165,166,83,17,57,170,93,172,12,141,175,176,177,123,156,65,164,182,140,96,69,186,7,132,109,190,185,192,139,144,195,8,197,29,63,];False
5275;9284;14559;[146,154,169,3,4,5,6,52,32,9,124,11,173,94,14,49,2,103,18,133,76,20,95,23,24,25,37,27,28,90,85,158,153,33,15,35,36,66,181,39,40,54,42,119,44,45,46,47,84,13,50,51,107,34,174,55,56,101,58,59,151,61,187,199,64,180,68,41,135,48,155,114,127,73,74,159,21,184,78,79,121,167,60,81,150,30,86,67,88,162,104,91,92,171,116,82,77,97,98,99,122,125,179,168,198,183,87,62,196,189,22,111,112,113,70,115,16,178,102,0,120,80,100,26,191,71,126,72,128,137,130,117,110,19,134,53,136,129,138,1,105,131,31,143,194,145,108,147,148,149,10,188,152,43,193,106,118,157,142,75,160,163,89,161,38,165,166,83,17,57,170,93,172,12,141,175,176,177,123,156,65,164,182,140,96,69,186,7,132,109,190,185,192,139,144,195,8,197,29,63,];False
5309;9247;14556;[146,154,169,3,4,5,6,52,32,9,124,11,173,94,14,49,2,103,18,133,76,20,95,23,24,25,37,27,123,90,85,158,153,33,15,35,36,66,181,39,40,30,42,119,44,45,46,47,48,13,50,51,107,34,174,55,56,101,58,59,151,61,187,199,64,180,68,41,135,84,155,114,127,73,74,159,21,184,78,79,121,167,60,81,150,54,86,67,88,162,104,91,92,171,116,82,77,97,98,99,122,125,179,168,198,183,87,62,196,189,22,111,112,113,70,115,16,178,102,0,120,80,100,26,191,71,126,72,128,137,130,117,110,19,134,53,136,129,138,1,105,131,31,143,194,145,108,147,148,149,10,188,152,43,193,106,118,157,142,75,160,163,89,161,38,165,166,83,17,57,170,93,172,12,141,175,176,177,28,156,65,164,182,140,96,69,186,7,132,109,190,185,192,139,144,195,8,197,29,63,];False
5247;9308;14555;[146,154,169,3,4,5,6,52,32,9,124,11,173,94,14,49,2,103,18,133,76,20,95,23,24,25,37,27,28,90,85,158,153,33,15,35,36,66,181,39,40,54,42,119,44,45,46,47,48,13,50,51,107,34,174,55,56,101,58,59,151,61,187,199,64,180,68,41,135,84,155,114,127,73,74,159,21,184,78,79,121,167,60,81,150,30,86,67,88,162,104,91,92,171,116,82,77,97,98,99,122,125,179,168,198,183,87,62,196,189,22,111,112,113,70,115,16,178,102,0,120,80,100,26,191,71,126,72,128,137,130,117,110,19,134,53,136,129,138,1,105,131,31,143,194,145,108,147,148,149,10,188,152,43,193,106,118,157,142,75,160,163,89,161,38,165,166,83,17,57,170,93,172,12,141,175,176,177,123,156,65,164,182,140,96,69,186,7,132,109,190,185,192,139,144,195,8,197,29,63,];False
5251;9301;14552;[146,154,169,3,4,5,6,52,32,161,124,11,104,94,14,49,2,103,18,133,76,175,95,23,24,25,37,27,123,90,85,158,153,33,15,35,36,66,181,39,40,54,42,119,44,45,46,47,48,136,50,51,107,34,174,55,188,101,58,59,151,61,187,199,64,180,68,41,135,84,155,114,127,73,74,159,21,184,78,79,121,167,60,81,150,30,86,67,88,162,148,91,92,171,116,82,77,97,98,99,122,125,179,168,198,183,87,62,196,189,22,111,112,113,70,115,16,178,102,0,120,80,108,105,191,71,126,72,128,137,130,117,110,19,134,53,13,129,138,1,26,131,31,143,194,145,100,147,173,149,10,56,157,43,193,106,118,152,142,75,160,163,89,9,38,165,166,83,17,57,170,93,172,12,141,20,176,177,28,156,65,164,182,140,96,69,186,7,132,109,190,185,192,139,144,195,8,197,29,63,];False
5181;9369;14550;[146,154,169,3,199,5,6,52,32,161,124,11,104,94,14,49,2,103,18,133,76,175,95,23,24,25,37,27,123,90,85,158,153,33,15,35,36,66,181,39,40,54,42,119,44,45,46,47,48,13,50,51,107,34,174,55,188,101,58,59,151,61,187,4,64,180,68,41,135,84,155,114,127,73,74,159,21,184,78,79,121,167,60,81,150,30,86,67,88,162,148,91,92,171,116,82,77,97,98,99,122,125,179,168,198,183,87,62,196,189,22,111,112,113,70,115,16,178,102,0,120,80,108,26,191,71,126,72,128,137,130,117,110,19,134,53,136,129,138,1,105,131,31,143,194,145,100,147,173,149,10,56,152,43,193,106,118,157,142,75,160,163,89,9,38,165,166,83,17,57,170,93,172,12,141,20,176,177,28,156,65,164,182,140,96,69,186,7,132,109,190,185,192,139,144,195,8,197,29,63,];False
5209;9341;14550;[146,154,169,3,4,5,6,52,32,161,124,11,104,94,14,49,2,103,18,133,76,175,95,23,24,25,37,27,123,90,85,158,153,33,15,35,36,66,181,39,40,54,42,119,44,45,46,47,48,13,50,51,107,34,174,55,188,101,58,59,151,61,187,199,64,180,68,41,135,84,155,114,127,73,74,159,21,184,78,79,121,167,60,81,150,30,86,67,88,143,148,91,92,171,116,82,77,97,98,99,122,125,179,168,198,183,87,62,196,189,22,111,112,113,70,115,16,178,102,0,120,80,108,26,191,71,126,72,128,137,130,117,110,19,134,53,136,129,138,1,105,131,31,162,194,145,100,147,173,149,10,56,152,43,193,106,118,157,142,75,160,163,89,9,38,165,166,83,17,57,170,93,172,12,141,20,176,177,28,156,65,164,182,140,96,69,186,7,132,109,190,185,192,139,144,195,8,197,29,63,];False
5300;9247;14547;[146,154,169,3,4,5,6,52,32,9,124,11,173,94,14,49,2,103,18,133,76,175,95,23,24,25,37,27,123,90,85,158,153,33,15,35,36,66,181,39,40,54,42,119,44,45,46,47,26,13,50,51,107,34,174,55,56,101,58,59,151,61,187,199,64,180,68,41,135,84,155,114,127,73,74,159,21,184,78,79,121,167,60,81,150,30,86,67,88,162,104,91,92,171,116,82,77,97,98,99,122,125,179,168,198,183,87,62,196,189,22,111,112,113,70,115,16,178,102,0,120,80,100,48,191,71,126,72,128,137,130,117,110,19,134,53,136,129,138,1,105,131,31,143,194,145,108,147,148,149,10,188,152,43,193,106,118,157,142,75,160,163,89,161,38,165,166,83,17,57,170,93,172,12,141,20,176,177,28,156,65,164,182,140,96,69,186,7,132,109,190,185,192,139,144,195,8,197,29,63,];False
5192;9349;14541;[146,154,169,3,4,5,6,52,32,161,124,11,104,94,14,49,2,103,18,133,76,175,95,23,24,25,37,27,123,90,85,158,153,33,15,35,36,66,181,39,40,54,42,119,44,45,46,47,48,13,50,51,107,34,174,55,188,101,58,59,151,61,187,199,64,180,68,41,135,84,155,114,127,73,74,159,21,184,78,79,157,167,60,81,150,30,86,67,88,162,148,91,92,171,116,82,77,97,98,99,122,125,179,168,198,183,87,62,196,189,22,111,112,113,70,115,16,178,102,0,120,80,108,26,191,71,126,72,128,137,130,117,110,19,134,53,136,129,138,1,105,131,31,143,194,145,100,147,173,149,10,56,152,43,193,106,118,121,142,75,160,163,89,9,38,165,166,83,17,57,170,93,172,12,141,20,176,177,28,156,65,164,182,140,96,69,186,7,132,109,190,185,192,139,144,195,8,197,29,63,];False
5294;9247;14541;[146,154,169,3,4,5,6,52,32,9,124,11,104,94,14,49,2,103,18,133,76,175,95,23,24,25,37,27,123,90,193,158,153,33,15,35,36,66,181,39,40,54,42,119,44,45,46,47,48,13,50,51,107,34,174,55,56,101,58,59,151,61,187,199,64,180,68,41,135,84,155,114,127,73,74,159,21,184,78,79,121,167,60,81,150,30,86,67,88,162,173,91,92,171,116,82,77,97,98,99,122,125,179,168,198,183,87,62,196,189,22,111,112,113,70,115,16,178,102,0,120,80,100,26,191,71,126,72,128,137,130,117,110,19,134,53,136,129,138,1,105,131,31,143,194,145,108,147,148,149,10,188,152,43,85,106,118,157,142,75,160,163,89,161,38,165,166,83,17,57,170,93,172,12,141,20,176,177,28,156,65,164,182,140,96,69,186,7,132,109,190,185,192,139,144,195,8,197,29,63,];False
5240;9295;14535;[146,154,169,3,4,5,6,52,32,9,124,11,173,94,14,49,2,103,18,133,76,175,95,23,24,25,37,27,123,90,85,158,153,33,15,35,36,66,181,39,40,54,42,119,44,45,46,47,48,13,50,51,107,34,174,55,56,101,58,59,151,61,187,199,64,180,68,41,135,84,155,114,127,73,74,159,21,184,78,79,121,167,60,81,150,30,86,67,88,162,104,91,92,171,116,82,77,97,98,99,122,125,179,168,198,183,87,62,196,189,22,111,112,113,70,115,16,178,102,0,120,80,100,26,191,71,126,72,128,137,130,89,110,19,134,53,136,129,138,1,105,131,31,143,194,145,108,147,148,149,10,188,152,43,193,106,118,157,142,75,160,163,117,161,38,165,166,83,17,57,170,93,172,12,141,20,176,177,28,156,65,164,182,140,96,69,186,7,132,109,190,185,192,139,144,195,8,197,29,63,];False
5214;9319;14533;[146,154,169,3,4,5,6,52,32,161,124,11,104,94,14,49,2,103,18,86,76,175,95,23,24,25,37,27,123,90,85,158,153,33,15,35,36,66,181,39,40,54,42,119,44,45,46,47,48,136,50,51,107,34,174,55,188,101,58,59,151,61,187,199,64,98,68,41,135,84,155,114,127,73,74,159,21,184,78,79,121,167,60,81,150,30,133,67,88,162,148,91,92,171,116,82,77,97,180,99,122,125,179,168,198,183,87,62,196,189,22,111,118,113,70,115,16,178,102,0,120,80,108,105,191,71,126,72,128,137,130,117,110,19,134,53,13,129,138,1,26,131,31,143,194,145,100,147,173,149,10,56,152,43,193,106,112,157,142,75,160,163,89,9,38,165,166,83,17,57,170,93,172,12,141,20,176,177,28,156,65,164,182,140,96,69,186,7,132,109,190,185,192,139,144,195,8,197,29,63,];False
5154;9376;14530;[146,154,169,3,4,5,6,52,32,161,124,11,104,94,14,49,2,103,18,133,193,175,95,23,24,25,37,27,123,90,85,158,153,33,15,35,36,66,181,39,40,54,42,119,44,45,46,47,48,13,50,51,107,34,174,55,188,101,58,59,151,61,187,199,64,180,68,41,135,84,155,114,127,73,74,159,21,184,78,79,121,167,60,81,150,30,86,67,88,162,148,91,92,171,116,82,77,97,98,99,122,125,179,168,198,183,87,62,196,189,22,111,112,113,70,115,16,178,102,0,120,80,108,26,191,71,126,72,128,137,130,117,110,19,134,53,136,129,138,1,105,131,31,143,194,145,100,147,173,149,10,56,152,43,76,106,118,157,142,75,160,163,89,9,38,165,166,83,17,57,170,93,172,12,141,20,176,177,28,156,65,164,182,140,96,69,186,7,132,109,190,185,192,139,144,195,8,197,29,63,];False
5224;9302;14526;[146,154,169,3,4,5,6,52,32,161,124,11,104,94,14,49,2,103,18,133,76,175,95,23,24,25,37,27,123,90,85,158,153,33,15,35,36,66,181,39,40,54,42,119,44,45,46,47,48,136,50,51,107,34,174,55,188,101,58,59,151,61,187,199,64,180,68,41,135,84,155,114,127,73,74,159,21,184,78,79,121,167,60,81,150,30,86,67,88,162,148,91,92,171,87,82,77,97,98,99,122,125,179,168,198,183,116,62,196,189,22,111,112,113,70,115,16,178,102,0,120,80,108,105,191,71,126,72,128,137,130,117,110,19,134,53,13,129,138,1,26,131,31,143,194,145,100,147,173,149,10,56,152,43,193,106,118,157,142,75,160,163,89,9,38,165,166,83,17,57,170,93,172,12,141,20,176,177,28,156,65,164,182,140,96,69,186,7,132,109,190,185,192,139,144,195,8,197,29,63,];False
5179;9346;14525;[146,154,169,3,4,5,6,52,32,161,124,11,104,94,14,49,2,103,18,133,76,175,95,23,24,25,37,27,123,90,85,158,153,33,15,35,36,66,181,39,40,54,42,119,44,45,46,47,48,13,50,51,107,34,174,55,188,101,58,59,151,61,187,199,64,180,68,41,135,84,155,114,127,73,74,178,21,184,78,79,121,167,60,81,150,30,86,67,88,162,173,91,92,171,116,82,77,97,98,99,122,125,179,168,198,183,87,62,196,189,22,111,112,113,70,115,16,159,102,0,120,80,108,26,191,71,126,72,128,137,130,117,110,19,134,53,136,129,138,1,105,131,31,143,194,145,100,147,148,149,10,56,152,43,193,106,118,157,142,75,160,163,89,9,38,165,166,83,17,57,170,93,172,12,141,20,176,177,28,156,65,164,182,140,96,69,186,7,132,109,190,185,192,139,144,195,8,197,29,63,];False
5223;9301;14524;[146,154,169,3,4,5,6,52,32,9,124,11,104,94,14,49,2,103,18,133,76,175,95,23,24,25,37,27,123,90,85,158,153,33,15,181,36,66,35,39,40,54,42,119,44,45,46,47,48,13,50,51,107,34,174,55,188,101,58,59,151,61,187,199,64,180,68,41,135,84,155,114,127,73,74,159,21,184,78,79,121,167,60,81,150,30,86,67,88,162,173,91,92,171,116,82,77,97,98,99,122,125,179,168,198,183,87,62,196,189,22,111,112,113,70,115,16,178,102,0,120,80,100,26,191,71,126,72,128,137,130,117,110,19,134,53,136,129,138,1,105,131,31,143,194,145,108,147,148,149,10,56,152,43,193,106,118,157,142,75,160,163,89,161,38,165,166,83,17,57,170,93,172,12,141,20,176,177,28,156,65,164,182,140,96,69,186,7,132,109,190,185,192,139,144,195,8,197,29,63,];False
5226;9298;14524;[146,154,169,3,4,5,6,52,32,161,124,11,104,94,14,49,2,103,18,133,76,175,95,23,24,25,37,27,123,90,85,158,153,33,15,35,36,66,181,39,40,38,42,119,44,45,46,47,48,136,50,51,107,34,174,55,188,101,58,59,151,61,187,199,64,180,68,41,135,84,155,114,127,73,74,159,21,184,78,79,121,167,60,81,150,30,86,67,88,162,148,91,92,171,116,82,77,97,98,99,122,125,179,168,198,183,87,62,196,189,22,111,112,113,70,115,16,178,102,0,120,80,108,105,191,71,126,72,128,137,130,117,110,19,134,53,13,129,138,1,26,131,31,143,194,145,100,147,173,149,10,56,152,43,193,106,118,157,142,75,160,163,89,9,54,165,166,83,17,57,170,93,172,12,141,20,176,177,28,156,65,164,182,140,96,69,186,7,132,109,190,185,192,139,144,195,8,197,29,63,];False
5223;9300;14523;[146,154,169,3,4,5,6,20,32,161,124,11,104,94,14,49,2,103,18,133,76,175,95,23,24,25,37,27,123,90,85,158,153,33,15,35,36,66,181,39,40,54,42,119,44,45,46,47,48,13,50,51,107,34,174,55,188,101,58,59,151,61,187,199,64,180,68,41,135,84,155,114,127,73,74,159,21,184,78,79,121,167,60,81,150,30,86,67,88,162,148,91,92,171,116,82,77,97,98,99,122,125,179,168,198,183,87,62,196,189,22,111,112,113,70,115,16,178,102,0,120,80,108,26,191,71,126,72,128,137,130,117,110,19,134,53,136,129,138,1,105,131,31,143,194,145,100,147,173,149,10,56,152,43,193,106,118,157,142,75,160,163,89,9,38,165,166,83,17,57,170,93,172,12,141,52,176,177,28,156,65,164,182,140,96,69,186,7,132,109,190,185,192,139,144,195,8,197,29,63,];False
5217;9306;14523;[146,154,169,3,4,5,139,52,32,161,124,11,104,94,14,49,2,103,18,133,76,175,95,23,24,25,37,27,123,90,85,158,153,33,15,35,36,66,181,39,40,54,42,119,44,45,46,47,48,136,50,51,107,34,174,55,188,101,58,59,151,61,187,199,64,180,68,41,135,84,155,114,127,73,74,159,21,184,78,79,121,167,60,81,150,30,86,67,88,162,148,91,92,171,116,82,77,97,98,99,122,125,179,168,198,183,87,62,196,189,22,111,112,113,70,115,16,178,102,0,120,80,108,105,191,71,126,72,128,137,130,117,110,19,134,53,13,129,138,1,26,131,31,143,194,145,100,147,173,149,10,56,152,43,193,106,118,157,142,75,160,163,89,9,38,165,166,83,17,57,170,93,172,12,141,20,176,177,28,156,65,164,182,140,96,69,186,7,132,109,190,185,192,6,144,195,8,197,29,63,];False
5267;9255;14522;[146,154,169,3,4,5,6,52,32,9,124,11,173,94,14,49,2,103,18,133,76,20,95,23,24,25,37,27,123,90,85,158,153,33,15,35,36,66,181,39,40,54,42,119,44,45,46,47,48,13,50,51,107,34,174,55,56,101,58,59,151,61,187,199,64,180,68,41,135,84,155,114,127,73,74,159,21,184,78,79,121,167,60,81,150,30,86,67,88,162,104,91,92,171,116,82,77,97,98,99,122,125,179,168,198,183,87,62,196,189,22,111,112,113,70,115,16,178,102,0,120,80,100,26,191,71,126,72,128,137,130,117,110,19,134,53,136,129,138,1,105,131,31,143,194,145,108,147,148,149,10,188,152,43,193,106,118,157,142,75,160,163,89,161,38,165,166,83,17,57,170,93,172,12,141,175,176,177,28,156,65,164,182,140,96,69,186,7,132,109,190,185,192,139,144,195,8,197,29,63,];False
5271;9250;14521;[146,154,169,3,4,5,6,52,32,9,124,11,173,94,14,49,2,103,18,133,76,175,95,23,24,25,37,27,123,90,85,158,153,33,15,35,36,66,181,39,40,54,42,119,44,45,46,47,48,13,50,51,107,34,174,55,56,101,58,59,151,61,187,199,64,180,68,41,135,84,155,114,127,73,74,159,21,184,78,79,121,167,60,81,150,193,86,67,88,162,104,91,92,171,116,82,77,97,98,99,122,125,179,168,198,183,87,62,196,189,22,111,112,113,70,115,16,178,102,0,120,80,100,26,191,71,126,72,128,137,130,117,110,19,134,53,136,129,138,1,105,131,31,143,194,145,108,147,148,149,10,188,152,43,30,106,118,157,142,75,160,163,89,161,38,165,166,83,17,57,170,93,172,12,141,20,176,177,28,156,65,164,182,140,96,69,186,7,132,109,190,185,192,139,144,195,8,197,29,63,];False
5176;9342;14518;[146,154,169,3,4,5,6,52,32,161,124,11,104,94,14,49,2,103,18,133,76,175,95,23,24,25,37,27,123,90,85,158,153,33,15,35,36,66,181,39,40,54,42,119,44,45,46,47,48,13,50,51,107,34,174,55,188,101,58,59,151,61,187,199,64,180,68,41,135,84,155,114,127,73,74,159,21,184,78,79,121,167,60,81,136,30,86,67,88,162,173,91,92,171,116,82,77,97,98,99,122,125,179,168,198,183,87,62,196,189,22,111,112,113,70,115,16,178,102,0,120,80,108,26,191,71,126,72,128,137,130,117,110,19,134,53,150,129,138,1,105,131,31,143,194,145,100,147,148,149,10,56,152,43,193,106,118,157,142,75,160,163,89,9,38,165,166,83,17,57,170,93,172,12,141,20,176,177,28,156,65,164,182,140,96,69,186,7,132,109,190,185,192,139,144,195,8,197,29,63,];False
5168;9349;14517;[146,154,169,3,4,5,6,52,32,161,124,11,104,94,14,49,2,103,18,133,76,175,95,23,24,25,37,27,123,90,85,158,153,33,15,35,36,66,181,39,40,54,42,119,44,45,46,47,48,13,50,51,107,34,174,55,188,101,58,59,151,61,187,199,64,180,68,41,135,84,155,114,127,73,75,159,21,184,78,79,121,167,60,81,150,30,86,67,88,162,173,91,92,171,116,82,77,97,98,99,122,125,179,168,198,183,87,62,196,189,22,111,112,113,70,115,16,178,102,0,120,80,100,26,191,71,126,72,128,137,130,117,110,19,134,53,136,129,138,1,105,131,31,143,194,145,108,147,148,149,10,56,152,43,193,106,118,157,142,74,160,163,89,9,38,165,166,83,17,57,170,93,172,12,141,20,176,177,28,156,65,164,182,140,96,69,186,7,132,109,190,185,192,139,144,195,8,197,29,63,];False
5258;9252;14510;[146,154,169,3,4,5,6,52,32,9,124,11,173,94,14,49,2,103,18,133,76,175,95,23,24,25,37,27,123,90,85,158,153,33,15,35,36,66,181,39,40,54,42,119,44,45,46,47,48,13,50,51,107,34,174,55,56,101,58,59,151,61,186,199,64,180,68,41,135,84,155,114,127,73,74,159,21,184,78,79,121,167,60,81,150,30,86,67,88,162,104,91,92,171,116,82,77,97,98,99,122,125,179,168,198,183,87,62,196,189,22,111,112,113,70,115,16,178,102,0,120,80,100,26,191,71,126,72,128,137,130,117,110,19,134,53,136,129,138,1,105,131,31,143,194,145,108,147,148,149,10,188,152,43,193,106,118,157,142,75,160,163,89,161,38,165,166,83,17,57,170,93,172,12,141,20,176,177,28,156,65,164,182,140,96,69,187,7,132,109,190,185,192,139,144,195,8,197,29,63,];False
5194;9314;14508;[146,154,169,3,4,5,6,153,32,161,124,11,104,94,14,49,2,103,18,133,76,175,95,23,24,25,37,27,123,90,85,158,52,33,15,35,36,66,181,39,40,54,42,119,44,45,46,47,48,13,50,51,107,34,174,55,188,101,58,59,151,61,187,199,64,180,68,41,135,84,155,114,127,73,74,159,21,184,78,79,121,167,60,81,150,30,86,67,88,162,148,91,92,171,116,82,77,97,98,99,122,125,179,168,198,183,87,62,196,189,22,111,112,113,70,115,16,178,102,0,120,80,108,26,191,71,126,72,128,137,130,117,110,19,134,53,136,129,138,1,105,131,31,143,194,145,100,147,173,149,10,56,152,43,193,106,118,157,142,75,160,163,89,9,38,165,166,83,17,57,170,93,172,12,141,20,176,177,28,156,65,164,182,140,96,69,186,7,132,109,190,185,192,139,144,195,8,197,29,63,];False
5187;9321;14508;[146,154,169,3,4,5,6,52,32,161,124,11,104,94,14,49,2,103,18,133,76,175,95,23,24,25,37,27,123,90,85,158,153,33,15,35,36,66,181,39,40,54,42,119,44,45,46,47,48,13,50,51,107,34,174,55,188,101,58,59,151,61,187,199,64,180,68,41,135,84,155,114,127,73,74,159,21,184,78,79,121,167,60,81,150,30,86,67,88,162,148,91,92,171,116,82,77,97,98,99,122,125,179,168,198,183,87,62,196,189,141,111,112,113,70,115,16,178,102,0,120,80,108,26,191,71,126,72,128,137,130,117,110,19,134,53,136,129,138,1,105,131,31,143,194,145,100,147,173,149,10,56,152,43,193,106,118,157,142,75,160,163,89,9,38,165,166,83,17,57,170,93,172,12,22,20,176,177,28,156,65,164,182,140,96,69,186,7,132,109,190,185,192,139,144,195,8,197,29,63,];False
5244;9263;14507;[146,154,169,3,4,5,6,52,32,161,124,11,104,94,14,49,2,103,18,133,76,175,95,23,24,25,37,27,123,90,85,158,153,33,15,35,36,66,181,39,40,54,42,119,44,45,46,47,48,136,50,51,107,34,174,55,188,101,127,59,151,61,187,199,64,180,68,41,135,84,155,114,58,73,74,159,21,184,78,79,121,167,60,81,150,30,86,67,88,162,148,91,92,171,116,82,77,97,98,99,122,125,179,168,198,183,87,62,196,189,22,111,112,113,70,115,16,178,102,0,120,80,108,105,191,71,126,72,128,137,130,117,110,19,134,53,13,129,138,1,26,131,31,143,194,145,100,147,173,149,10,56,152,43,193,106,118,157,142,75,160,163,89,9,38,165,166,83,17,57,170,93,172,12,141,20,176,177,28,156,65,164,182,140,96,69,186,7,132,109,190,185,192,139,144,195,8,197,29,63,];False
5253;9254;14507;[146,154,169,3,4,5,6,52,32,9,124,11,173,94,14,49,2,103,18,133,76,175,95,23,24,25,37,27,123,90,85,158,153,33,15,35,36,66,181,39,40,54,42,119,44,45,46,47,48,13,50,51,107,34,174,55,56,101,58,59,151,61,187,199,64,180,68,41,135,84,155,114,127,73,74,159,21,184,78,79,121,167,60,81,150,30,86,67,88,162,104,91,92,171,116,82,77,97,98,99,122,125,179,168,198,183,87,62,196,189,22,111,112,113,70,115,16,178,102,0,120,80,100,26,191,71,126,72,128,137,130,117,110,19,134,53,136,129,138,1,105,131,31,143,194,145,108,147,148,149,10,188,152,43,193,106,118,157,142,75,160,163,89,161,38,165,166,83,17,57,170,93,172,12,141,20,176,177,28,156,65,164,182,140,96,69,186,7,132,109,190,185,192,139,144,195,8,197,29,63,];False
5214;9288;14502;[146,154,169,3,4,5,6,52,32,161,124,11,104,94,14,49,2,103,18,133,76,175,95,23,24,25,37,27,123,90,85,158,153,33,15,35,36,66,181,39,40,54,42,119,44,45,46,47,48,136,167,51,107,34,174,55,188,101,58,59,151,61,187,199,64,180,68,41,135,84,155,114,127,73,74,159,21,184,78,79,121,50,60,81,150,30,86,67,88,162,148,91,92,171,116,82,77,97,98,99,122,125,179,168,198,183,87,62,196,189,22,111,112,113,70,115,16,178,102,0,120,80,108,105,191,71,126,72,128,137,130,117,110,19,134,53,13,129,138,1,26,131,31,143,194,145,100,147,173,149,10,56,152,43,193,106,118,157,142,75,160,163,89,9,38,165,166,83,17,57,170,93,172,12,141,20,176,177,28,156,65,164,182,140,96,69,186,7,132,109,190,185,192,139,144,195,8,197,29,63,];False
5184;9317;14501;[146,154,169,3,4,5,6,52,32,161,124,11,104,94,14,49,2,103,18,133,76,175,95,23,24,25,37,27,123,90,85,158,153,33,15,35,36,66,181,39,40,54,42,119,44,45,46,47,48,13,50,51,107,34,174,55,188,101,58,59,151,61,187,199,64,180,68,41,135,84,155,114,127,70,74,159,21,184,78,79,121,167,60,81,150,30,86,67,88,162,173,91,92,171,116,82,77,97,98,99,122,125,179,168,198,183,87,62,196,189,22,111,112,113,73,115,16,178,102,0,120,80,100,26,191,71,126,72,128,137,130,117,110,19,134,53,136,129,138,1,105,131,31,143,194,145,108,147,148,149,10,56,152,43,193,106,118,157,142,75,160,163,89,9,38,165,166,83,17,57,170,93,172,12,141,20,176,177,28,156,65,164,182,140,96,69,186,7,132,109,190,185,192,139,144,195,8,197,29,63,];False
5188;9312;14500;[146,154,169,3,4,5,6,52,32,161,124,11,104,94,14,49,2,103,18,133,76,175,95,23,24,25,37,27,123,90,138,158,153,33,15,35,36,66,181,39,40,54,42,119,44,45,46,47,48,13,50,51,107,34,174,55,188,101,58,59,151,61,187,199,64,180,68,41,135,84,155,114,127,73,74,159,21,184,78,79,121,167,60,81,150,30,86,67,88,162,173,91,92,171,116,82,77,97,98,99,122,125,179,168,198,183,87,62,196,189,22,111,112,113,70,115,16,178,102,0,120,80,100,26,191,71,126,72,128,137,130,117,110,19,134,53,136,129,85,1,105,131,31,143,194,145,108,147,148,149,10,56,152,43,193,106,118,157,142,75,160,163,89,9,38,165,166,83,17,57,170,93,172,12,141,20,176,177,28,156,65,164,182,140,96,69,186,7,132,109,190,185,192,139,144,195,8,197,29,63,];False
5202;9297;14499;[146,154,169,3,4,5,6,52,32,161,124,11,104,94,14,49,2,103,18,133,76,175,95,23,24,25,37,27,123,90,85,158,153,33,15,35,36,66,181,39,40,54,42,119,44,45,46,47,48,136,50,51,107,34,174,55,188,101,58,59,151,61,187,199,64,180,68,41,135,84,155,114,127,73,74,159,21,184,78,79,121,167,60,81,150,30,86,67,88,162,148,91,92,171,116,82,77,97,98,99,122,125,179,168,198,183,87,62,196,189,22,111,112,113,70,115,16,178,102,0,120,80,108,105,191,71,177,72,128,137,130,117,110,19,134,53,13,129,138,1,26,131,31,143,194,145,100,147,173,149,10,56,152,43,193,106,118,157,142,75,160,163,89,9,38,165,166,83,17,57,170,93,172,12,141,20,176,126,28,156,65,164,182,140,96,69,186,7,132,109,190,185,192,139,144,195,8,197,29,63,];False
5251;9245;14496;[146,154,169,3,4,5,6,52,32,9,124,11,104,94,14,49,2,103,18,133,76,175,95,23,24,25,37,27,123,90,85,158,153,33,15,35,36,66,181,39,40,54,42,119,44,45,46,47,48,13,50,51,107,34,174,55,56,101,58,59,151,61,187,199,64,180,68,41,135,84,155,114,127,73,74,159,21,184,78,79,121,167,60,81,150,30,86,67,88,162,173,91,92,171,116,82,77,97,98,99,122,125,179,168,198,183,87,62,196,189,22,111,112,113,70,115,16,178,102,0,120,80,100,26,191,71,126,72,128,137,130,117,110,19,134,53,136,129,138,1,105,131,31,143,194,145,108,147,148,149,10,188,152,43,193,106,118,157,142,75,160,163,89,161,38,165,166,83,17,57,170,93,172,12,141,20,176,177,28,156,65,164,182,140,96,69,186,7,132,109,190,185,192,139,144,195,8,197,29,63,];False
5321;9174;14495;[146,154,169,3,4,5,6,52,32,9,124,11,104,94,14,49,2,103,18,133,76,175,95,23,24,25,37,27,123,90,85,158,153,33,15,35,36,66,181,39,40,54,42,119,44,45,46,47,48,13,50,51,107,34,174,55,56,101,58,59,151,61,187,199,64,180,68,41,135,84,155,114,127,73,74,159,21,184,78,79,121,167,60,81,150,30,86,67,88,162,173,91,92,171,116,82,77,97,98,99,122,125,179,168,198,183,87,62,196,189,22,111,112,113,70,115,16,178,102,0,120,80,100,26,191,71,126,72,128,137,130,117,110,19,134,53,136,129,138,1,105,131,31,143,194,145,108,147,148,149,10,188,152,43,193,106,118,157,142,75,160,163,89,161,38,165,166,83,185,57,170,93,172,12,141,20,176,177,28,156,65,164,182,140,96,69,186,7,132,109,190,17,192,139,144,195,8,197,29,63,];False
5185;9306;14491;[146,154,169,3,4,5,6,52,32,161,124,11,104,94,14,49,2,103,18,133,76,175,95,23,24,25,37,27,123,90,85,158,153,33,15,35,36,66,181,39,40,54,42,119,44,45,46,47,48,13,50,51,132,34,174,55,188,101,58,59,151,61,187,199,64,180,68,41,135,84,155,114,127,73,74,159,21,184,78,79,121,167,60,81,150,30,86,67,88,162,173,91,92,171,116,82,77,97,98,99,122,125,179,168,198,183,87,62,196,189,22,111,112,113,70,115,16,178,102,0,120,80,100,26,191,71,126,72,128,137,130,117,110,19,134,53,136,129,138,1,105,131,31,143,194,145,108,147,148,149,10,56,152,43,193,106,118,157,142,75,160,163,89,9,38,165,166,83,17,57,170,93,172,12,141,20,176,177,28,156,65,164,182,140,96,69,186,7,107,109,190,185,192,139,144,195,8,197,29,63,];False
5145;9345;14490;[146,154,169,3,4,5,6,52,32,161,124,11,104,94,14,49,2,103,18,133,76,175,95,23,24,25,37,27,123,90,85,158,153,33,15,35,36,66,181,39,40,54,42,119,44,45,51,47,48,13,50,46,107,34,174,55,188,101,58,59,151,61,187,199,64,180,68,41,135,84,155,114,127,73,74,159,21,184,78,79,121,167,60,81,150,30,86,67,88,162,148,91,92,171,116,82,77,97,98,99,122,125,179,168,198,183,87,62,196,189,22,111,112,113,70,115,16,178,102,0,120,80,108,26,191,71,126,72,128,137,130,117,110,19,134,53,136,129,138,1,105,131,31,143,194,145,100,147,173,149,10,56,152,43,193,106,118,157,142,75,160,163,89,9,38,165,166,83,17,57,170,93,172,12,141,20,176,177,28,156,65,164,182,140,96,69,186,7,132,109,190,185,192,139,144,195,8,197,29,63,];False
5192;9295;14487;[146,154,169,3,4,5,6,52,32,161,124,11,104,94,14,49,2,103,18,133,76,175,95,23,24,25,37,27,123,90,85,158,153,33,15,35,36,66,181,39,40,54,42,119,44,45,46,47,48,136,50,51,107,34,174,55,188,101,58,59,151,61,187,199,64,180,68,41,135,84,155,114,127,73,74,159,21,184,78,79,121,167,60,81,150,30,86,67,88,162,148,91,92,171,116,82,77,97,98,99,122,125,179,168,198,183,87,62,196,189,22,111,112,113,70,115,16,178,102,0,120,80,108,105,191,71,126,72,128,137,130,117,110,19,134,53,13,129,163,1,26,131,31,143,194,145,100,147,173,149,10,56,152,43,193,106,118,157,142,75,160,138,89,9,38,165,166,83,17,57,170,93,172,12,141,20,176,177,28,156,65,164,182,140,96,69,186,7,132,109,190,185,192,139,144,195,8,197,29,63,];False
5157;9325;14482;[146,154,169,3,4,5,6,52,32,161,124,11,104,94,14,49,2,103,18,133,76,175,95,23,24,25,37,27,123,90,85,158,198,33,15,35,36,66,181,39,40,54,42,119,44,45,46,47,48,136,50,51,107,34,174,55,188,101,58,59,151,61,187,199,64,180,68,41,135,84,155,114,127,73,74,159,21,184,78,79,121,167,60,81,150,30,86,67,88,162,148,91,92,171,116,82,77,97,98,99,122,125,179,168,153,183,87,62,196,189,22,111,112,113,70,115,16,178,102,0,120,80,108,105,191,71,126,72,128,137,130,117,110,19,134,53,13,129,138,1,26,131,31,143,194,145,100,147,173,149,10,56,152,43,193,106,118,157,142,75,160,163,89,9,38,165,166,83,17,57,170,93,172,12,141,20,176,177,28,156,65,164,182,140,96,69,186,7,132,109,190,185,192,139,144,195,8,197,29,63,];False
5129;9351;14480;[146,154,169,3,4,5,6,52,32,161,124,11,104,94,14,49,2,103,18,133,76,175,95,23,24,25,37,27,123,90,85,158,153,33,15,35,36,66,181,39,40,54,42,119,44,45,46,47,48,13,50,51,107,34,174,55,188,101,58,59,151,61,187,199,64,180,68,41,135,84,155,114,127,73,74,159,21,184,78,79,121,167,60,81,150,30,86,67,88,162,148,91,92,171,163,82,77,97,98,99,122,125,179,168,198,183,87,62,196,189,22,111,112,113,70,115,16,178,102,0,120,80,108,26,191,71,126,72,128,137,130,117,110,19,134,53,136,129,138,1,105,131,31,143,194,145,100,147,173,149,10,56,152,43,193,106,118,157,142,75,160,116,89,9,38,165,166,83,17,57,170,93,172,12,141,20,176,177,28,156,65,164,182,140,96,69,186,7,132,109,190,185,192,139,144,195,8,197,29,63,];False
5153;9326;14479;[146,154,169,3,4,5,6,52,32,161,124,11,104,94,14,49,2,103,18,133,76,175,95,23,24,60,37,27,123,90,85,158,153,33,15,35,36,66,181,39,40,54,42,119,44,45,46,47,48,13,50,51,107,34,174,55,188,101,58,59,151,61,187,199,64,180,68,41,135,84,155,114,127,73,74,159,21,184,78,79,121,167,25,81,150,30,86,67,88,162,148,91,92,171,116,82,77,97,98,99,122,125,179,168,198,183,87,62,196,189,22,111,112,113,70,115,16,178,102,0,120,80,108,105,191,71,126,72,128,137,130,117,110,19,134,53,136,129,138,1,26,131,31,143,194,145,100,147,173,149,10,56,152,43,193,106,118,157,142,75,160,163,89,9,38,165,166,83,17,57,170,93,172,12,141,20,176,177,28,156,65,164,182,140,96,69,186,7,132,109,190,185,192,139,144,195,8,197,29,63,];False
5214;9259;14473;[146,154,169,3,4,5,6,52,32,161,124,11,104,94,14,49,2,103,18,133,76,175,95,23,24,25,37,27,123,90,85,158,153,33,15,35,36,66,181,39,40,54,42,119,44,45,46,47,48,136,50,51,107,34,174,55,188,101,58,59,151,61,187,199,64,180,68,41,135,84,155,114,127,73,74,159,21,184,78,79,121,167,60,81,150,30,86,67,88,162,148,138,92,171,116,82,77,97,98,99,122,125,179,168,198,183,87,62,196,189,22,111,112,113,70,115,16,178,102,0,120,80,108,105,191,71,126,72,128,137,130,117,110,19,134,53,13,129,91,1,26,131,31,143,194,145,100,147,173,149,10,56,152,43,193,106,118,157,142,75,160,163,89,9,38,165,166,83,17,57,170,93,172,12,141,20,176,177,28,156,65,164,182,140,96,69,186,7,132,109,190,185,192,139,144,195,8,197,29,63,];False
5182;9291;14473;[146,154,169,3,4,5,6,52,32,161,124,11,104,94,14,49,2,103,18,133,76,175,95,23,24,25,37,27,123,90,85,158,153,33,15,35,36,66,181,39,40,54,42,119,44,45,46,47,48,136,50,51,107,34,174,55,188,101,58,59,151,61,187,199,64,180,68,41,135,84,155,114,127,73,74,159,21,184,78,79,121,167,60,81,150,30,86,67,88,162,148,91,92,171,116,82,77,97,80,99,122,125,179,168,198,183,87,62,196,189,22,111,112,113,70,115,16,178,102,0,120,98,108,105,191,71,126,72,128,137,130,117,110,19,134,53,13,129,138,1,26,131,31,143,194,145,100,147,173,149,10,56,152,43,193,106,118,157,142,75,160,163,89,9,38,165,166,83,17,57,170,93,172,12,141,20,176,177,28,156,65,164,182,140,96,69,186,7,132,109,190,185,192,139,144,195,8,197,29,63,];False
5141;9325;14466;[146,95,169,3,4,5,6,52,32,161,124,11,104,94,14,49,2,103,18,133,76,175,154,23,24,25,37,27,123,90,85,158,153,33,15,35,36,66,181,39,40,54,42,119,44,45,46,47,48,13,50,51,107,34,174,55,188,101,58,59,151,61,187,199,64,180,68,41,135,84,155,114,127,73,74,159,21,184,78,79,121,167,60,81,150,30,86,67,88,162,173,91,92,171,116,82,77,97,98,99,122,125,179,168,198,183,87,62,196,189,22,111,112,113,70,115,16,178,102,0,120,80,100,26,191,71,126,72,128,137,130,117,110,19,134,53,136,129,138,1,105,131,31,143,194,145,108,147,148,149,10,56,152,43,193,106,118,157,142,75,160,163,89,9,38,165,166,83,17,57,170,93,172,12,141,20,176,177,28,156,65,164,182,140,96,69,186,7,132,109,190,185,192,139,144,195,8,197,29,63,];False
5138;9324;14462;[146,154,169,3,4,5,6,52,32,161,124,11,104,94,14,49,2,103,18,133,76,175,95,23,24,25,37,27,123,90,85,158,153,33,15,35,36,66,181,39,40,54,42,119,44,45,46,47,48,13,50,51,107,34,174,55,188,101,58,59,151,61,187,199,64,180,68,41,135,84,155,114,127,73,74,159,21,137,78,79,121,167,60,81,150,30,86,67,88,162,148,91,92,171,116,82,77,97,98,99,122,125,179,168,198,183,87,62,196,189,22,111,112,113,70,115,16,178,102,0,120,80,108,105,191,71,126,72,128,184,130,117,110,19,134,53,136,129,138,1,26,131,31,143,194,145,100,147,173,149,10,56,152,43,193,106,118,157,142,75,160,163,89,9,38,165,166,83,17,57,170,93,172,12,141,20,176,177,28,156,65,164,182,140,96,69,186,7,132,109,190,185,192,139,144,195,8,197,29,63,];False
5184;9277;14461;[146,154,169,3,4,5,6,52,32,161,124,11,104,94,14,49,2,103,18,133,76,175,95,23,24,25,37,27,123,90,85,158,153,33,15,35,36,66,181,39,40,54,42,119,44,45,147,47,48,136,50,51,107,34,174,55,188,101,58,59,151,61,187,199,64,180,68,41,135,84,155,114,127,73,74,159,21,184,78,79,121,167,60,81,150,30,86,67,88,162,148,91,92,171,116,82,77,97,98,99,122,125,179,168,198,183,87,62,196,189,22,111,112,113,70,115,16,178,102,0,120,80,108,105,191,71,126,72,128,137,130,117,110,19,134,53,13,129,138,1,26,131,31,143,194,145,100,46,173,149,10,56,152,43,193,106,118,157,142,75,160,163,89,9,38,165,166,83,17,57,170,93,172,12,141,20,176,177,28,156,65,164,182,140,96,69,186,7,132,109,190,185,192,139,144,195,8,197,29,63,];False
5157;9303;14460;[146,78,169,3,4,5,6,52,32,161,124,11,104,94,14,49,2,103,18,133,76,175,95,23,24,25,37,27,123,90,85,158,153,33,15,35,36,66,181,39,40,54,42,119,44,45,46,47,48,136,50,51,107,34,174,55,188,101,58,59,151,61,187,199,64,180,68,41,135,84,155,114,127,73,74,159,21,184,154,79,121,167,60,81,150,30,86,67,88,162,148,91,92,171,116,82,77,97,98,99,122,125,179,168,198,183,87,62,196,189,22,111,112,113,70,115,16,178,102,0,120,80,108,105,191,71,126,72,128,137,130,117,110,19,134,53,13,129,138,1,26,131,31,143,194,145,100,147,173,149,10,56,152,43,193,106,118,157,142,75,160,163,89,9,38,165,166,83,17,57,170,93,172,12,141,20,176,177,28,156,65,164,182,140,96,69,186,7,132,109,190,185,192,139,144,195,8,197,29,63,];False
5177;9282;14459;[146,154,169,3,4,5,6,52,32,161,124,11,104,94,14,49,2,103,18,133,76,175,95,23,24,25,37,27,123,90,85,158,153,33,15,35,36,122,181,39,40,54,42,119,44,45,46,47,48,13,50,51,107,34,174,55,188,101,58,59,151,61,187,199,64,180,68,41,135,84,155,114,127,73,74,159,21,184,78,79,121,167,60,81,150,30,86,67,88,162,173,91,92,171,116,82,77,97,98,99,66,125,179,168,198,183,87,62,196,189,22,111,112,113,70,115,16,178,102,0,120,80,108,26,191,71,126,72,128,137,130,117,110,19,134,53,136,129,138,1,105,131,31,143,194,145,100,147,148,149,10,56,152,43,193,106,118,157,142,75,160,163,89,9,38,165,166,83,17,57,170,93,172,12,141,20,176,177,28,156,65,164,182,140,96,69,186,7,132,109,190,185,192,139,144,195,8,197,29,63,];False
5169;9283;14452;[146,154,169,3,4,5,6,52,32,9,124,11,104,94,14,49,2,103,18,133,76,175,95,23,24,25,37,27,123,90,85,158,153,33,15,35,36,66,181,39,40,54,42,119,44,45,46,47,48,13,50,51,107,34,174,55,188,101,58,59,151,61,187,199,64,180,68,41,135,84,155,114,127,73,74,159,21,184,78,79,121,167,60,81,150,30,86,67,88,162,173,91,92,171,116,82,77,97,98,99,122,125,179,168,198,183,87,62,196,189,22,111,112,113,70,115,16,178,102,0,120,80,100,26,191,71,126,72,128,137,130,117,110,19,134,53,136,129,138,1,105,131,31,143,194,145,108,147,148,149,10,56,152,43,193,106,118,157,142,75,160,163,89,161,38,165,166,83,17,57,170,93,172,12,141,20,176,177,28,156,65,164,182,140,96,69,186,7,132,109,190,185,192,139,144,195,8,197,29,63,];False
5120;9325;14445;[146,154,169,3,4,5,6,52,32,161,124,11,104,94,14,49,2,103,18,133,76,175,95,23,24,25,37,27,123,90,85,158,153,33,15,35,36,66,181,39,40,54,42,119,44,45,46,47,48,13,50,51,107,34,174,55,188,101,58,59,151,61,187,199,64,180,68,41,135,84,155,114,127,73,74,159,21,184,78,179,121,167,60,81,150,30,86,67,88,162,148,91,92,171,116,82,77,97,98,99,122,125,79,168,198,183,87,62,196,189,22,111,112,113,70,115,16,178,102,0,120,80,108,26,191,71,126,72,128,137,130,117,110,19,134,53,136,129,138,1,105,131,31,143,194,145,100,147,173,149,10,56,152,43,193,106,118,157,142,75,160,163,89,9,38,165,166,83,17,57,170,93,172,12,141,20,176,177,28,156,65,164,182,140,96,69,186,7,132,109,190,185,192,139,144,195,8,197,29,63,];False
5146;9298;14444;[146,154,169,3,4,5,6,52,32,161,124,11,104,94,14,49,2,103,18,133,76,175,95,23,24,25,37,27,123,90,85,158,153,33,15,35,36,66,181,39,40,54,42,119,44,45,46,47,48,13,50,51,107,34,174,55,188,101,58,59,151,61,187,199,64,180,68,41,135,84,155,114,127,73,74,159,21,184,78,79,121,167,60,81,150,30,86,67,88,162,173,91,92,171,116,82,77,97,98,99,122,125,179,168,198,183,87,62,196,189,22,111,112,113,70,115,16,178,102,0,120,80,100,26,191,71,126,72,128,137,130,117,110,19,134,53,136,129,138,1,105,131,31,143,194,145,108,147,148,149,10,56,152,43,193,106,118,157,142,75,160,163,89,9,38,165,166,83,17,57,170,93,172,12,141,20,176,177,28,156,65,164,182,140,96,69,186,7,132,109,190,185,192,139,144,195,8,197,29,63,];False
5143;9300;14443;[146,154,169,3,4,5,6,52,32,161,124,11,104,94,14,49,2,103,18,133,76,175,95,23,24,25,37,27,123,90,85,158,153,33,15,35,36,66,181,39,40,54,42,119,44,45,46,47,48,13,50,51,107,34,174,55,188,101,58,59,151,61,187,199,64,180,68,41,135,84,155,114,127,73,74,159,21,184,78,79,121,167,60,81,150,30,86,67,88,162,148,91,92,171,116,82,77,97,98,99,122,125,179,168,198,183,87,62,196,189,22,111,112,113,70,115,16,178,102,0,120,80,108,105,191,71,126,72,128,137,130,117,110,19,134,53,136,129,138,1,26,131,145,143,194,31,100,147,173,149,10,56,152,43,193,106,118,157,142,75,160,163,89,9,38,165,166,83,17,57,170,93,172,12,141,20,176,177,28,156,65,164,182,140,96,69,186,7,132,109,190,185,192,139,144,195,8,197,29,63,];False
5178;9261;14439;[146,154,169,3,4,5,6,52,32,161,124,11,104,94,14,49,2,103,18,133,76,175,95,23,24,25,37,27,123,90,85,158,153,33,15,35,36,66,181,39,40,54,42,119,44,45,92,47,48,136,50,51,107,34,174,55,188,101,58,59,151,61,187,199,64,180,68,41,135,84,155,114,127,73,74,159,21,184,78,79,121,167,60,81,150,30,86,67,88,162,148,91,46,171,116,82,77,97,98,99,122,125,179,168,198,183,87,62,196,189,22,111,112,113,70,115,16,178,102,0,120,80,108,105,191,71,126,72,128,137,130,117,110,19,134,53,13,129,138,1,26,131,31,143,194,145,100,147,173,149,10,56,152,43,193,106,118,157,142,75,160,163,89,9,38,165,166,83,17,57,170,93,172,12,141,20,176,177,28,156,65,164,182,140,96,69,186,7,132,109,190,185,192,139,144,195,8,197,29,63,];False
5102;9334;14436;[146,154,169,3,4,5,6,52,32,161,124,11,104,94,14,49,2,103,18,133,76,175,95,23,24,25,37,27,123,90,85,158,153,33,15,35,36,66,181,39,40,54,42,119,44,45,46,47,48,13,50,51,107,34,174,55,188,101,58,59,151,61,187,199,64,180,68,41,135,84,155,114,127,73,74,159,21,184,78,79,121,167,60,81,150,30,86,67,88,198,173,91,92,171,116,82,77,97,98,99,122,125,179,168,162,183,87,62,196,189,22,111,112,113,70,115,16,178,102,0,120,80,108,26,191,71,126,72,128,137,130,117,110,19,134,53,136,129,138,1,105,131,31,143,194,145,100,147,148,149,10,56,152,43,193,106,118,157,142,75,160,163,89,9,38,165,166,83,17,57,170,93,172,12,141,20,176,177,28,156,65,164,182,140,96,69,186,7,132,109,190,185,192,139,144,195,8,197,29,63,];False
5129;9305;14434;[146,154,169,3,4,5,6,52,32,161,124,11,104,94,14,49,2,103,18,86,76,175,95,23,24,25,37,27,123,90,85,158,153,33,15,35,36,66,181,39,40,54,42,119,44,45,46,47,48,136,50,51,107,34,16,55,188,101,58,59,151,61,187,199,64,98,68,41,135,84,155,114,127,73,74,159,21,184,78,79,121,167,60,81,150,30,133,67,88,162,148,91,92,171,116,82,77,97,180,99,122,125,179,168,198,183,87,62,196,189,22,111,112,113,70,115,174,178,102,0,120,80,108,105,191,71,126,72,128,137,109,117,110,19,134,53,13,129,138,1,26,131,31,143,194,145,100,147,173,149,10,56,152,43,193,106,118,157,142,75,160,163,89,9,38,165,166,83,17,57,170,93,172,12,141,20,176,177,28,156,65,164,182,140,96,69,186,7,132,130,190,185,192,139,144,195,8,197,29,63,];False
5094;9339;14433;[146,154,169,3,4,5,6,52,32,161,124,11,104,94,14,49,2,103,18,133,76,175,95,23,24,25,37,27,55,90,85,158,153,33,15,35,36,66,181,39,40,54,42,119,44,45,46,47,48,13,50,51,107,34,174,123,188,101,58,59,151,61,187,199,64,180,68,41,135,84,155,114,127,73,74,159,21,184,78,79,121,167,60,81,150,30,86,67,88,162,148,91,92,171,116,82,77,97,98,99,122,125,179,168,198,183,87,62,196,189,22,111,112,113,70,115,16,178,102,0,120,80,108,26,191,71,126,72,128,137,130,117,110,19,134,53,136,129,138,1,105,131,31,143,194,145,100,147,173,149,10,56,152,43,193,106,118,157,142,75,160,163,89,9,38,165,166,83,17,57,170,93,172,12,141,20,176,177,28,156,65,164,182,140,96,69,186,7,132,109,190,185,192,139,144,195,8,197,29,63,];False
5164;9268;14432;[146,154,169,3,4,5,6,137,32,161,124,11,104,94,14,49,2,103,18,133,76,175,95,23,24,25,37,27,123,90,85,158,153,33,15,35,36,66,181,39,40,54,42,119,44,45,46,47,48,136,50,51,107,34,174,55,188,101,58,59,151,61,187,199,64,180,68,41,135,84,155,114,127,73,74,159,21,184,78,79,121,167,60,81,150,30,86,67,88,162,148,91,92,171,116,82,77,97,98,99,122,125,179,168,198,183,87,62,196,189,22,111,112,113,70,115,16,178,102,0,120,80,108,105,191,71,126,72,128,52,130,117,110,19,134,53,13,129,138,1,26,131,31,143,194,145,100,147,173,149,10,56,152,43,193,106,118,157,142,75,160,163,89,9,38,165,166,83,17,57,170,93,172,12,141,20,176,177,28,156,65,164,182,140,96,69,186,7,132,109,190,185,192,139,144,195,8,197,29,63,];False
5157;9273;14430;[146,154,169,3,4,5,6,52,32,161,124,11,104,94,14,49,2,103,18,86,76,175,95,23,24,25,37,27,123,90,85,158,153,33,15,35,36,66,181,39,40,54,42,119,44,45,46,47,48,136,50,51,107,34,16,55,188,101,58,59,151,61,187,199,190,98,68,41,135,84,155,114,127,73,74,159,21,184,78,79,121,167,60,81,150,30,133,67,88,162,148,91,92,171,116,82,77,97,180,99,122,125,179,168,198,183,87,62,196,189,22,111,112,113,70,115,174,178,102,0,120,80,108,105,191,71,126,72,128,137,130,117,110,19,134,53,13,129,138,1,26,131,31,143,194,145,100,147,173,149,10,56,152,43,193,106,118,157,142,75,160,163,89,9,38,165,166,83,17,57,170,93,172,12,141,20,176,177,28,156,65,164,182,140,96,69,186,7,132,109,64,185,192,139,144,195,8,197,29,63,];False
5126;9301;14427;[146,154,169,3,4,5,6,52,32,161,124,11,104,94,14,49,2,103,18,133,76,175,95,23,24,25,37,27,123,90,85,158,153,33,15,35,36,66,181,39,40,54,42,119,44,45,46,47,48,13,50,51,107,34,174,55,188,101,58,59,151,61,187,199,64,180,68,41,135,84,155,114,127,73,74,159,21,184,78,79,121,167,60,81,150,30,86,67,88,162,148,91,92,171,116,82,77,97,98,99,122,125,179,168,198,183,87,62,196,189,22,111,112,113,70,115,16,178,102,0,120,80,108,26,176,71,126,72,128,137,130,117,110,19,134,53,136,129,138,1,105,131,31,143,194,145,100,147,173,149,10,56,152,43,193,106,118,157,142,75,160,163,89,9,38,165,166,83,17,57,170,93,172,12,141,20,191,177,28,156,65,164,182,140,96,69,186,7,132,109,190,185,192,139,144,195,8,197,29,63,];False
5057;9361;14418;[146,154,169,3,4,5,6,52,32,161,124,11,104,94,14,49,2,103,18,133,76,175,95,23,24,25,37,27,123,90,85,158,153,33,15,35,36,66,181,39,40,54,42,119,44,45,46,47,48,136,50,51,107,34,174,55,188,101,58,59,151,61,187,199,64,180,68,41,135,84,155,114,127,73,74,159,21,184,78,79,121,167,60,81,150,30,86,67,88,162,148,91,92,171,116,82,77,97,98,99,122,125,179,168,198,183,87,62,196,189,22,111,112,113,70,115,16,178,102,29,120,80,108,105,191,71,126,72,128,137,130,117,110,19,134,53,13,129,138,1,26,131,31,143,194,145,100,147,173,149,10,56,152,43,193,106,118,157,142,75,160,163,89,9,38,165,166,83,17,57,170,93,172,12,141,20,176,177,28,156,65,164,182,140,96,69,186,7,132,109,190,185,192,139,144,195,8,197,0,63,];False
5095;9321;14416;[146,154,169,3,76,5,6,52,32,161,124,11,104,94,14,49,2,103,18,86,4,175,95,23,24,25,37,27,123,90,85,158,153,33,15,35,36,66,181,39,40,54,42,119,44,45,46,47,48,136,50,51,107,34,16,55,188,101,58,59,151,61,187,199,64,98,68,41,135,84,155,114,127,73,74,159,21,184,78,79,121,167,60,81,150,30,133,67,88,162,148,91,92,171,116,82,77,97,180,99,122,125,179,168,198,183,87,62,196,189,22,111,112,113,70,115,174,178,102,0,120,80,108,105,191,71,126,72,128,137,130,117,110,19,134,53,13,129,138,1,26,131,31,143,194,145,100,147,173,149,10,56,152,43,193,106,118,157,142,75,160,163,89,9,38,165,166,83,17,57,170,93,172,12,141,20,176,177,28,156,65,164,182,140,96,69,186,7,132,109,190,185,192,139,144,195,8,197,29,63,];False
5094;9320;14414;[146,154,169,3,4,5,6,52,32,161,124,11,104,94,14,49,2,103,18,133,76,175,95,23,24,25,37,27,123,90,85,158,153,33,15,35,36,66,181,39,40,54,42,119,44,45,46,47,48,13,50,51,107,34,174,55,188,101,58,59,151,61,187,199,64,180,68,41,135,84,155,114,127,73,74,159,21,184,78,79,121,167,60,81,150,30,86,67,88,162,173,91,92,171,116,82,77,97,98,99,122,125,179,168,198,183,87,62,196,189,22,111,112,113,70,115,16,178,102,0,120,80,108,26,191,71,126,72,128,137,130,117,110,19,134,53,136,129,138,1,105,131,31,143,194,145,100,147,148,149,10,56,152,43,193,106,118,157,142,75,160,163,89,9,38,165,166,83,17,57,170,93,172,12,141,20,176,177,28,156,65,164,182,140,96,69,186,7,132,109,190,185,192,139,144,195,8,197,29,63,];False
5082;9329;14411;[146,154,169,3,4,5,6,52,32,161,124,11,104,94,14,49,2,103,18,133,76,175,95,23,24,25,37,27,123,90,85,158,153,33,15,35,36,66,181,39,40,54,42,119,44,45,46,47,48,13,50,51,107,34,174,55,188,101,58,59,151,61,187,199,64,180,68,41,135,84,155,114,127,73,74,159,21,184,78,79,121,167,60,81,150,30,86,67,88,162,148,91,92,171,116,82,77,97,98,99,122,125,179,168,198,183,87,62,196,189,22,111,112,113,70,115,16,178,102,0,120,80,108,26,191,71,126,72,128,137,130,117,110,19,134,53,136,129,138,1,105,131,31,143,194,145,100,147,173,149,10,56,152,43,193,106,118,157,142,75,160,140,89,9,38,165,166,83,17,57,170,93,172,12,141,20,176,177,28,156,65,164,182,163,96,69,186,7,132,109,190,185,192,139,144,195,8,197,29,63,];False
5085;9325;14410;[146,154,169,3,4,5,6,52,32,161,124,11,104,94,14,49,2,103,18,133,76,175,95,23,24,25,37,27,123,90,85,158,153,33,15,35,36,66,181,39,40,54,42,119,44,45,46,47,48,13,50,51,107,34,174,55,188,101,58,59,151,61,187,199,64,180,68,41,135,84,155,114,127,73,74,159,21,184,78,79,121,167,60,81,150,30,86,67,88,162,148,91,92,171,116,82,77,97,98,99,122,125,179,168,198,183,87,62,196,189,22,111,112,113,70,115,16,178,102,0,120,80,108,26,191,71,126,72,128,137,130,117,110,19,134,53,136,129,138,1,105,131,31,143,194,145,100,147,173,149,10,56,152,43,193,106,118,157,142,75,160,163,89,9,38,165,166,83,17,57,170,93,172,12,141,20,176,177,28,156,65,164,182,140,96,69,186,7,132,109,190,185,192,139,144,195,8,197,29,63,];False
5113;9296;14409;[146,154,169,3,4,5,6,52,32,161,124,11,104,94,14,49,2,103,18,133,76,175,95,23,24,25,37,27,123,90,58,158,153,33,15,35,36,66,181,39,40,54,42,119,44,45,46,47,48,13,50,51,107,34,174,55,188,101,85,59,151,61,187,199,64,180,68,41,135,84,155,114,127,73,74,159,21,184,78,79,121,167,60,81,150,30,86,67,88,162,148,91,92,171,116,82,77,97,98,99,122,125,179,168,198,183,87,62,196,189,22,111,112,113,70,115,16,178,102,0,120,80,108,105,191,71,126,72,128,137,130,117,110,19,134,53,136,129,138,1,26,131,31,143,194,145,100,147,173,149,10,56,152,43,193,106,118,157,142,75,160,163,89,9,38,165,166,83,17,57,170,93,172,12,141,20,176,177,28,156,65,164,182,140,96,69,186,7,132,109,190,185,192,139,144,195,8,197,29,63,];False
5101;9305;14406;[146,154,169,3,4,5,6,52,32,161,124,11,104,94,14,49,2,103,18,86,163,175,95,23,24,25,58,27,123,90,85,158,153,33,15,35,36,66,181,39,40,54,42,119,44,108,46,47,48,136,50,51,107,34,16,55,188,101,37,59,151,61,187,199,64,98,68,41,135,84,155,114,127,73,74,159,21,184,78,79,121,167,26,81,150,30,133,67,88,162,148,91,92,171,116,82,77,97,180,99,122,125,179,168,198,183,87,62,196,189,22,111,112,113,70,115,174,178,102,0,120,80,45,105,191,71,126,72,128,137,130,117,110,19,134,53,13,129,138,1,60,131,31,143,194,145,100,147,173,149,10,56,152,43,193,106,118,157,142,75,160,76,89,9,38,165,166,83,17,57,164,93,172,12,141,20,176,177,28,156,65,170,182,140,96,69,186,7,132,109,190,185,192,139,144,195,8,197,29,63,];False
5100;9305;14405;[146,154,169,3,4,5,6,52,32,161,124,11,104,94,14,49,2,103,18,133,76,175,95,23,24,25,37,27,123,90,85,158,153,33,15,35,36,66,181,39,40,54,42,119,44,45,46,47,48,13,50,51,107,34,174,55,188,101,58,59,151,61,187,199,64,180,68,41,135,84,155,114,127,73,74,159,21,184,78,79,121,167,60,81,150,30,86,67,88,162,148,91,92,171,116,82,77,97,98,99,122,125,179,168,198,183,87,62,196,189,22,111,112,113,70,115,16,178,102,0,120,80,108,105,191,71,126,72,128,137,130,117,110,19,134,53,136,129,138,1,26,131,31,143,194,145,100,147,173,149,10,56,152,43,193,106,118,157,142,75,160,163,89,9,38,165,166,83,17,57,170,93,172,12,141,20,176,177,28,156,65,164,182,140,96,69,186,7,132,109,190,185,192,139,144,195,8,197,29,63,];False
5108;9297;14405;[146,154,169,3,4,5,6,52,32,161,124,11,104,94,14,49,2,103,18,133,76,175,95,23,24,25,37,27,123,90,85,158,153,33,15,35,36,66,181,39,40,54,42,119,44,45,46,47,48,136,50,51,107,34,174,55,188,101,58,59,151,61,187,199,64,180,68,41,135,84,155,114,127,63,74,159,21,184,78,79,121,167,60,81,150,30,86,67,88,162,148,91,92,171,116,82,77,97,98,99,122,125,179,168,198,183,87,62,196,189,22,111,112,113,70,115,16,178,102,0,120,80,108,105,191,71,126,72,128,137,130,117,110,19,134,53,13,129,138,1,26,131,31,143,194,145,100,147,173,149,10,56,152,43,193,106,118,157,142,75,160,163,89,9,38,165,166,83,17,57,170,93,172,12,141,20,176,177,28,156,65,164,182,140,96,69,186,7,132,109,190,185,192,139,144,195,8,197,29,73,];False
5136;9268;14404;[146,154,169,3,4,5,6,52,32,161,124,11,104,94,14,49,2,103,18,133,76,127,95,23,24,25,37,27,123,90,85,158,153,33,15,35,36,66,181,39,40,54,42,119,44,45,46,47,48,136,50,51,107,34,174,55,188,101,58,59,151,61,187,199,64,180,68,41,135,84,155,114,175,73,74,159,21,184,78,79,121,167,60,81,150,30,86,67,88,162,148,91,92,171,116,82,77,97,98,99,122,125,179,168,198,183,87,62,196,189,22,111,112,113,70,115,16,178,102,0,120,80,108,105,191,71,126,72,128,137,130,117,110,19,134,53,13,129,138,1,26,131,31,143,194,145,100,147,173,149,10,56,152,43,193,106,118,157,142,75,160,163,89,9,38,165,166,83,17,57,170,93,172,12,141,20,176,177,28,156,65,164,182,140,96,69,186,7,132,109,190,185,192,139,144,195,8,197,29,63,];False
5146;9257;14403;[146,154,169,3,4,5,6,52,32,161,124,11,104,94,14,49,2,103,18,133,76,175,95,23,24,25,174,27,123,90,85,158,153,33,15,35,36,66,181,39,40,54,42,119,44,45,46,47,48,136,50,51,107,34,37,55,188,101,58,59,151,61,187,199,64,180,68,41,135,84,155,114,127,73,74,159,21,184,78,79,121,167,60,81,150,30,86,67,88,162,148,91,92,171,116,82,77,97,98,99,122,125,179,168,198,183,87,62,196,189,22,111,112,113,70,115,16,178,102,0,120,80,108,105,191,71,126,72,128,137,130,117,110,19,134,53,13,129,138,1,26,131,31,143,194,145,100,147,173,149,10,56,152,43,193,106,118,157,142,75,160,163,89,9,38,165,166,83,17,57,170,93,172,12,141,20,176,177,28,156,65,164,182,140,96,69,186,7,132,109,190,185,192,139,144,195,8,197,29,63,];False
5136;9265;14401;[146,154,169,3,4,5,6,52,32,161,124,11,104,94,14,49,2,103,18,86,76,175,95,23,24,25,37,27,123,90,85,158,153,33,15,35,36,66,181,39,40,54,42,119,44,45,46,47,48,136,50,51,107,34,16,55,188,101,58,59,151,61,187,199,64,98,68,41,135,84,155,114,127,73,74,159,21,184,78,79,121,167,60,81,150,30,133,67,88,162,148,91,92,171,116,82,77,97,180,99,122,125,179,168,198,183,87,62,196,189,22,111,112,113,70,115,174,178,102,0,120,80,108,105,191,71,126,145,128,137,130,117,110,19,134,53,13,129,138,1,26,131,31,143,194,72,100,147,173,149,10,56,152,43,193,106,118,157,142,75,160,163,89,9,38,165,166,83,17,57,170,93,172,12,141,20,176,177,28,156,65,164,182,140,96,69,186,7,132,109,190,185,192,139,144,195,8,197,29,63,];False
5106;9274;14380;[146,154,169,3,4,5,6,52,32,161,124,11,104,94,14,49,2,103,18,133,76,175,95,23,24,25,37,27,123,90,85,158,153,33,15,35,36,66,181,39,40,54,42,119,44,45,46,47,48,136,50,51,107,34,174,55,188,101,58,59,151,61,187,199,64,180,68,41,135,84,155,114,127,73,74,159,21,184,78,79,121,167,60,81,150,30,86,67,88,162,173,91,92,171,116,82,77,97,98,99,122,125,179,168,198,183,87,62,196,189,22,111,112,113,70,115,16,178,102,0,120,80,108,105,191,71,126,72,128,137,130,117,110,19,134,53,13,129,138,1,26,131,31,143,194,145,100,147,148,149,10,56,152,43,193,106,118,157,142,75,160,163,89,9,38,165,166,83,17,57,170,93,172,12,141,20,176,177,28,156,65,164,182,140,96,69,186,7,132,109,190,185,192,139,144,195,8,197,29,63,];False
5097;9279;14376;[146,154,169,3,4,5,6,52,32,161,124,11,104,94,14,49,2,103,18,133,76,175,95,23,24,25,37,27,123,90,85,158,153,33,15,35,36,66,181,39,40,54,42,119,44,45,46,47,48,136,50,51,107,34,174,55,188,101,58,59,151,61,187,199,64,180,68,41,135,84,155,114,127,73,74,159,21,184,78,79,121,167,60,81,150,30,86,67,88,162,148,91,92,171,116,82,77,97,98,99,122,125,179,168,198,183,87,62,196,189,22,111,112,113,70,115,16,178,102,0,120,80,108,105,191,71,126,72,128,137,130,117,110,19,134,53,13,129,138,1,26,131,31,143,194,145,100,147,173,149,10,56,152,43,193,106,118,157,142,75,160,163,89,9,38,165,166,83,17,57,170,93,172,12,141,20,176,177,28,156,65,164,182,140,96,69,186,7,132,109,190,185,192,139,144,195,8,197,29,63,];False
5027;9340;14367;[146,154,169,3,4,5,6,52,32,161,124,11,104,94,14,49,2,103,18,86,163,175,95,23,24,25,37,27,123,90,85,158,153,33,15,35,36,66,181,39,40,54,42,119,44,45,46,47,48,136,50,51,107,34,16,55,188,101,58,59,151,61,187,199,64,98,68,41,135,84,155,114,127,73,74,159,21,184,78,79,121,167,60,81,150,198,133,67,88,162,148,91,92,171,116,82,77,97,180,99,122,125,179,168,30,183,87,62,196,189,22,111,112,113,70,115,174,178,102,0,120,80,108,105,191,71,126,72,128,137,130,117,110,19,134,53,13,129,138,1,26,131,31,143,194,145,100,147,173,149,10,56,152,43,193,106,118,157,142,75,160,76,89,9,38,165,166,83,17,57,170,93,172,12,141,20,176,177,28,156,65,164,182,140,96,69,186,7,132,109,190,185,192,139,144,195,8,197,29,63,];False
5127;9229;14356;[146,154,169,3,4,5,6,52,32,161,124,11,104,94,14,49,2,103,18,86,76,175,95,23,24,25,37,27,123,90,85,158,153,33,15,35,36,66,181,39,40,54,42,119,44,45,46,47,48,136,50,51,107,34,16,55,188,101,58,59,151,61,187,199,64,98,68,41,135,84,155,114,127,73,74,159,21,184,78,79,121,167,60,81,150,30,133,67,88,162,148,91,92,171,116,82,77,97,180,99,122,125,179,168,198,183,87,62,141,189,22,111,112,113,70,115,174,178,102,0,120,80,108,105,191,71,126,72,128,137,130,117,110,19,134,53,13,129,138,1,26,131,31,143,194,145,100,147,173,149,10,56,152,43,193,106,118,157,142,75,160,163,89,9,38,165,166,83,17,57,170,93,172,12,196,20,176,177,28,156,65,164,182,140,96,69,186,7,132,109,190,185,192,139,144,195,8,197,29,63,];False
5028;9326;14354;[146,154,169,3,64,5,6,52,32,161,124,11,104,94,14,49,2,103,18,86,163,175,95,23,24,25,37,27,123,90,85,158,153,33,15,35,36,66,181,39,40,54,42,119,44,108,46,47,48,136,50,51,107,34,16,55,188,101,58,59,151,61,187,199,4,98,68,41,135,84,155,114,127,73,74,159,21,184,78,79,121,167,26,81,150,30,133,67,88,162,148,91,92,171,116,82,77,97,180,99,122,125,179,168,198,183,87,62,196,189,22,111,112,113,70,115,174,178,102,0,120,80,45,105,191,71,126,72,128,137,130,117,110,19,134,53,13,129,138,1,60,131,31,143,194,145,100,147,173,149,10,56,152,43,193,106,118,157,142,75,160,76,89,9,38,165,166,83,17,57,164,93,172,12,141,20,176,177,28,156,65,170,182,140,96,69,186,7,132,109,190,185,192,139,144,195,8,197,29,63,];False
5016;9336;14352;[146,154,169,3,4,5,6,52,32,161,124,11,104,94,14,49,2,103,18,86,163,175,95,23,24,25,37,27,123,90,85,158,153,33,15,35,36,66,181,39,40,54,42,119,44,45,46,47,48,136,50,51,107,166,16,55,188,101,58,59,151,61,187,199,64,98,68,41,135,84,155,114,127,73,74,159,21,184,78,79,121,167,60,81,150,30,133,67,88,162,148,91,92,171,116,82,77,97,180,99,122,125,179,168,198,183,87,62,196,189,22,111,112,113,70,115,174,178,102,0,120,80,108,105,191,71,126,72,128,137,130,117,110,19,134,53,13,129,138,1,26,131,31,143,194,145,100,147,173,149,10,56,152,43,193,106,118,157,142,75,160,76,89,9,38,165,34,83,17,57,170,93,172,12,141,20,176,177,28,156,65,164,182,140,96,69,186,7,132,109,190,185,192,139,144,195,8,197,29,63,];False
4973;9369;14342;[146,154,169,3,4,5,6,52,32,161,124,11,104,94,14,49,2,103,18,86,163,175,95,23,24,25,37,27,123,90,85,158,153,33,15,35,36,66,181,39,40,54,42,119,44,45,46,47,48,136,50,51,107,34,16,55,188,101,58,59,151,61,187,199,64,98,68,41,135,84,155,114,127,73,74,159,21,184,78,79,121,167,26,81,150,30,133,67,88,162,148,91,92,171,116,82,77,97,180,99,122,125,179,168,198,183,87,62,196,189,22,111,112,113,70,115,174,178,102,0,120,80,108,105,191,71,126,72,128,137,130,117,143,19,134,53,13,129,138,1,60,131,31,110,194,145,100,147,173,149,10,56,152,43,193,106,118,157,142,75,160,76,89,9,38,165,166,83,17,57,164,93,172,12,141,20,176,177,28,156,65,170,182,140,96,69,186,7,132,109,190,185,192,139,144,195,8,197,29,63,];False
5066;9276;14342;[146,154,169,3,4,5,6,52,32,161,124,76,104,94,14,49,2,103,18,86,11,175,95,23,24,25,37,27,123,90,85,158,153,33,15,35,36,66,181,39,40,54,42,119,44,45,46,47,48,136,50,51,107,34,16,55,188,101,58,59,151,61,187,199,64,98,68,41,135,84,155,114,127,73,74,159,21,184,78,79,121,167,60,81,150,30,133,67,88,162,148,91,92,171,116,82,77,97,180,99,122,125,179,168,198,183,87,62,196,189,22,111,112,113,70,115,174,178,102,0,120,80,108,105,191,71,126,72,128,137,130,117,110,19,134,53,13,129,138,1,26,131,31,143,194,145,100,147,173,149,10,56,152,43,193,106,118,157,142,75,160,163,89,9,38,165,166,83,17,57,170,93,172,12,141,20,176,177,28,156,65,164,182,140,96,69,186,7,132,109,190,185,192,139,144,195,8,197,29,63,];False
5031;9310;14341;[146,154,169,3,4,5,6,52,32,161,124,11,104,94,14,49,2,103,18,86,163,175,95,23,24,25,37,27,123,90,85,158,153,33,15,35,36,66,181,39,40,54,42,119,44,45,46,47,48,136,50,51,107,34,16,55,188,101,58,59,151,61,187,199,64,98,68,41,135,84,155,114,127,73,74,159,22,184,78,79,121,167,26,81,150,30,133,67,88,162,148,91,92,171,116,82,77,97,180,99,122,125,179,168,198,183,87,62,196,189,21,111,112,113,70,115,174,178,102,0,120,80,108,105,191,71,126,72,128,137,130,117,110,19,134,53,13,129,138,1,60,131,31,143,194,145,100,147,173,149,10,56,152,43,193,106,118,157,142,75,160,76,89,9,38,165,166,83,17,57,164,93,172,12,141,20,176,177,28,156,65,170,182,140,96,69,186,7,132,109,190,185,192,139,144,195,8,197,29,63,];False
4967;9373;14340;[146,154,169,3,4,5,6,52,32,161,124,11,104,94,14,49,2,103,18,86,163,175,95,23,24,25,37,27,123,90,85,158,153,33,15,35,36,66,181,39,40,54,42,143,44,108,46,47,48,136,50,51,107,34,16,55,188,101,58,59,151,61,187,199,64,98,68,41,135,84,155,114,127,73,74,159,21,184,78,79,121,167,26,81,150,30,133,67,88,162,148,91,92,171,116,82,77,97,180,99,122,125,179,168,198,183,87,62,196,189,22,111,112,113,70,115,174,178,102,0,120,80,45,105,191,71,126,72,128,137,130,117,110,19,134,53,13,129,138,1,60,131,31,119,194,145,100,147,173,149,10,56,152,43,193,106,118,157,142,75,160,76,89,9,38,165,166,83,17,57,164,93,172,12,141,20,176,177,28,156,65,170,182,140,96,69,186,7,132,109,190,185,192,139,144,195,8,197,29,63,];False
5072;9267;14339;[146,154,169,3,4,5,6,52,32,161,124,11,104,94,14,49,2,103,18,86,163,175,95,23,24,25,37,27,123,90,85,158,153,33,15,35,36,66,181,39,40,54,42,119,44,45,46,47,48,136,50,51,107,34,16,55,188,101,58,59,151,61,187,199,64,98,68,41,135,84,155,114,127,73,74,159,21,184,78,79,121,167,26,81,150,30,133,67,88,162,148,91,92,171,116,82,77,97,180,99,122,125,179,168,198,183,87,62,196,189,22,111,112,113,70,115,174,178,102,0,120,80,108,105,191,71,126,72,128,137,130,117,110,19,134,53,13,129,138,1,60,131,31,143,194,145,100,147,173,149,10,56,152,43,193,106,118,157,142,75,160,76,89,9,83,165,166,38,17,57,170,93,172,12,141,20,176,177,28,156,65,164,182,140,96,69,186,7,132,109,190,185,192,139,144,195,8,197,29,63,];False
5040;9294;14334;[146,154,169,3,4,5,6,52,32,161,124,11,104,94,14,49,2,103,18,86,163,175,95,23,24,25,37,27,123,90,85,158,153,33,15,35,36,66,181,39,40,54,42,119,44,45,46,47,48,136,50,51,107,34,16,55,188,101,58,59,151,61,187,199,64,98,68,41,135,84,155,114,127,73,74,159,21,184,78,79,121,167,60,81,150,30,133,67,88,162,148,91,92,171,116,82,77,97,180,99,122,125,179,168,198,183,87,62,196,189,22,111,112,113,70,115,174,178,102,0,120,80,108,105,191,71,126,72,128,137,130,117,110,19,134,53,13,129,138,1,26,131,31,143,194,145,100,147,173,149,10,56,152,43,193,106,118,157,142,75,160,76,89,9,38,165,166,83,17,177,170,93,172,12,141,20,176,57,28,156,65,164,182,140,96,69,186,7,132,109,190,185,192,139,144,195,8,197,29,63,];False
5003;9327;14330;[146,154,169,3,4,5,6,52,32,161,124,11,104,94,14,49,2,103,18,86,163,175,95,23,24,25,37,27,123,90,85,158,153,33,15,35,36,66,181,39,40,54,42,119,44,45,46,47,48,136,50,51,107,34,16,55,188,101,58,59,151,61,187,199,64,98,68,41,135,84,155,114,127,73,74,159,21,184,78,79,121,167,26,81,150,30,133,67,88,162,148,91,92,171,116,82,77,97,180,99,122,125,179,168,198,183,87,62,196,189,22,111,112,113,70,115,174,178,102,0,120,80,108,105,191,71,126,72,128,137,130,117,110,19,134,53,13,129,138,1,60,131,31,143,194,145,100,147,173,149,10,56,152,43,193,106,118,157,142,182,160,76,89,9,38,165,166,83,17,57,164,93,172,12,141,20,176,177,28,156,65,170,75,140,96,69,186,7,132,109,190,185,192,139,144,195,8,197,29,63,];False
4995;9328;14323;[146,154,169,3,4,5,6,52,32,161,124,11,104,94,14,49,2,103,18,86,163,175,95,23,24,25,37,27,123,90,85,158,153,33,15,35,36,66,181,39,40,54,42,119,44,45,46,47,48,136,50,51,107,34,16,55,188,101,58,59,151,61,187,78,64,98,68,41,135,84,155,114,127,73,74,159,21,184,199,79,121,167,26,81,150,30,133,67,88,162,148,91,92,171,116,82,77,97,180,99,122,125,179,168,198,183,87,62,196,189,22,111,112,113,70,115,174,178,102,0,120,80,108,105,191,71,126,72,128,137,130,117,110,19,134,53,13,129,138,1,60,131,31,143,194,145,100,147,173,149,10,56,152,43,193,106,118,157,142,75,160,76,89,9,38,165,166,83,17,57,164,93,172,12,141,20,176,177,28,156,65,170,182,140,96,69,186,7,132,109,190,185,192,139,144,195,8,197,29,63,];False
5070;9253;14323;[146,154,169,3,4,5,6,52,32,161,124,11,104,94,14,49,2,103,18,86,76,175,95,23,24,25,37,27,123,90,85,158,153,33,15,35,36,66,181,39,40,54,42,119,44,45,46,47,48,136,50,51,107,34,16,55,188,101,58,59,151,61,187,199,64,98,68,41,135,84,155,114,127,73,74,159,21,190,78,79,121,167,60,81,150,30,133,67,88,162,148,91,92,171,116,82,77,97,180,99,122,125,179,168,198,183,87,62,196,189,22,111,112,113,70,115,174,178,102,0,120,80,108,105,191,71,126,72,128,137,130,117,110,19,134,53,13,129,138,1,26,131,31,143,194,145,100,147,173,149,10,56,152,43,193,106,118,157,142,75,160,163,89,9,38,165,166,83,17,57,170,93,172,12,141,20,176,177,28,156,65,164,182,140,96,69,186,7,132,109,184,185,192,139,144,195,8,197,29,63,];False
5068;9254;14322;[146,154,169,3,4,5,6,52,32,161,124,11,104,94,14,49,2,103,18,86,76,175,95,23,24,25,37,27,123,90,85,158,153,33,15,35,36,66,181,39,40,54,42,119,44,45,46,47,48,136,50,51,107,34,174,55,188,101,58,59,151,61,187,199,64,98,68,41,135,84,155,114,127,73,74,159,21,184,78,79,121,152,60,81,150,30,133,67,88,162,148,91,92,171,116,82,77,97,180,99,122,125,179,168,198,183,87,62,196,189,22,111,112,113,70,115,16,178,102,0,120,80,108,105,191,71,126,72,128,137,130,117,110,19,134,53,13,129,138,1,26,131,31,143,194,145,100,147,173,149,10,56,167,43,193,106,118,157,142,75,160,163,89,9,38,165,166,83,17,57,170,93,172,12,141,20,176,177,28,156,65,164,182,140,96,69,186,7,132,109,190,185,192,139,144,195,8,197,29,63,];False
5055;9265;14320;[146,154,169,3,4,5,6,52,32,161,124,11,104,94,14,49,2,103,18,133,76,175,95,23,24,25,37,27,123,90,85,158,153,33,15,35,36,66,181,39,40,54,42,119,44,45,46,47,48,136,50,51,107,34,174,55,188,101,58,59,151,61,187,199,64,98,68,41,135,84,155,114,127,73,74,159,21,184,78,79,121,167,60,81,150,30,86,67,88,162,148,91,92,171,116,82,77,97,180,99,122,125,179,168,198,183,87,62,196,189,22,111,112,113,70,115,16,178,102,0,120,80,108,105,191,71,126,72,128,137,130,117,110,19,134,53,13,129,138,1,26,131,31,143,194,145,100,147,173,149,10,56,152,43,193,106,118,157,142,75,160,163,89,9,38,165,166,83,17,57,170,93,172,12,141,20,176,177,28,156,65,164,182,140,96,69,186,7,132,109,190,185,192,139,144,195,8,197,29,63,];False
5041;9270;14311;[146,154,169,3,4,5,6,52,32,161,124,11,104,94,14,49,2,103,18,86,163,175,95,23,24,25,37,27,123,90,85,158,153,33,15,35,36,66,181,39,40,54,42,119,44,45,46,47,113,136,50,51,107,34,16,55,188,101,58,59,151,61,187,199,64,98,68,41,135,84,155,114,127,73,74,159,21,184,78,79,121,167,26,81,150,30,133,67,88,162,148,91,92,171,116,82,77,97,180,99,122,125,179,168,198,183,87,62,196,189,22,111,112,48,70,115,174,178,102,0,120,80,108,105,191,71,126,72,128,137,130,117,110,19,134,53,13,129,138,1,60,131,31,143,194,145,100,147,173,149,10,56,152,43,193,106,118,157,142,75,160,76,89,9,38,165,166,83,17,57,170,93,172,12,141,20,176,177,28,156,65,164,182,140,96,69,186,7,132,109,190,185,192,139,144,195,8,197,29,63,];False
5081;9223;14304;[146,154,169,3,4,150,6,52,32,161,124,11,104,94,14,49,2,103,18,86,76,175,95,23,24,25,37,27,123,90,85,158,153,33,15,35,36,66,181,39,40,54,42,119,44,45,46,47,48,136,50,51,107,34,16,55,188,101,58,59,151,61,187,199,64,98,68,41,135,84,155,114,127,73,74,159,21,184,78,79,121,167,60,81,5,30,133,67,88,162,148,91,92,171,116,82,77,97,180,99,122,125,179,168,198,183,87,62,196,189,22,111,112,113,70,115,174,178,102,0,120,80,108,105,191,71,126,72,128,137,130,117,110,19,134,53,13,129,138,1,26,131,31,143,194,145,100,147,173,149,10,56,152,43,193,106,118,157,142,75,160,163,89,9,38,165,166,83,17,57,170,93,172,12,141,20,176,177,28,156,65,164,182,140,96,69,186,7,132,109,190,185,192,139,144,195,8,197,29,63,];False
5002;9300;14302;[146,154,169,3,4,5,6,52,32,161,124,11,104,94,14,49,2,103,18,86,163,175,95,23,24,25,37,27,123,90,85,158,153,33,15,35,36,66,181,39,40,54,42,119,44,45,46,47,48,136,50,51,107,34,16,55,188,101,58,59,151,61,187,199,64,98,68,41,135,84,155,114,127,73,74,198,21,184,78,79,121,167,60,81,150,30,133,67,88,162,148,91,92,171,116,82,77,97,180,99,122,125,179,168,159,183,87,62,196,189,22,111,112,113,70,115,174,178,102,0,120,80,108,105,191,71,126,72,128,137,130,117,110,19,134,53,13,129,138,1,26,131,31,143,194,145,100,147,173,149,10,56,152,43,193,106,118,157,142,75,160,76,89,9,38,165,166,83,17,57,170,93,172,12,141,20,176,177,28,156,65,164,182,140,96,69,186,7,132,109,190,185,192,139,144,195,8,197,29,63,];False
5026;9275;14301;[146,154,169,3,4,5,6,52,32,161,124,11,104,94,14,49,2,103,18,86,163,175,95,23,24,25,37,27,123,90,85,158,153,33,15,35,36,66,181,39,40,54,42,119,44,45,46,47,48,136,50,51,107,34,16,55,188,101,58,59,151,61,187,199,64,98,68,41,135,84,155,114,127,73,74,159,21,184,78,79,121,167,26,81,150,30,133,67,88,162,148,91,92,171,116,82,77,97,180,99,122,125,179,168,198,183,87,62,196,189,22,111,112,113,70,115,174,178,102,129,120,80,108,105,191,71,126,72,128,137,130,117,110,19,134,53,13,0,138,1,60,131,31,143,194,145,100,147,173,149,10,56,152,43,193,106,118,157,142,75,160,76,89,9,38,165,166,83,17,57,170,93,172,12,141,20,176,177,28,156,65,164,182,140,96,69,186,7,132,109,190,185,192,139,144,195,8,197,29,63,];False
4992;9309;14301;[146,154,169,3,4,5,6,52,32,161,124,11,104,94,14,49,2,103,18,86,163,175,95,23,24,25,37,27,123,90,85,158,153,33,15,35,36,66,181,39,40,54,42,119,44,108,46,47,48,136,50,132,107,34,16,55,188,101,58,59,151,61,187,199,64,98,68,41,135,84,155,114,127,73,74,159,21,184,78,79,121,167,26,81,150,30,133,67,88,162,148,91,92,171,116,82,77,97,180,99,122,125,179,168,198,183,87,62,196,189,22,111,112,113,70,115,174,178,102,0,120,80,45,105,191,71,126,72,128,137,130,117,110,19,134,53,13,129,138,1,60,131,31,143,194,145,100,147,173,149,10,56,152,43,193,106,118,157,142,75,160,76,89,9,38,165,166,83,17,57,164,93,172,12,141,20,176,177,28,156,65,170,182,140,96,69,186,7,51,109,190,185,192,139,144,195,8,197,29,63,];False
4949;9351;14300;[146,154,169,3,4,5,6,52,32,161,124,11,104,94,14,49,2,103,18,86,163,175,95,23,24,25,37,27,123,90,85,158,153,33,15,35,36,66,181,39,40,54,42,119,44,108,46,47,48,136,50,51,107,34,16,55,188,101,58,59,151,61,187,199,64,126,68,41,135,84,155,114,127,73,74,159,21,184,78,79,121,167,26,81,150,30,133,67,88,162,148,91,92,171,116,82,77,97,180,99,122,125,179,168,198,183,87,62,196,189,22,111,112,113,70,115,174,178,102,0,120,80,45,105,191,71,98,72,128,137,130,117,110,19,134,53,13,129,138,1,60,131,31,143,194,145,100,147,173,149,10,56,152,43,193,106,118,157,142,75,160,76,89,9,38,165,166,83,17,57,164,93,172,12,141,20,176,177,28,156,65,170,182,140,96,69,186,7,132,109,190,185,192,139,144,195,8,197,29,63,];False
4998;9290;14288;[146,154,169,3,4,5,6,52,32,161,124,11,104,94,14,49,2,103,18,86,163,175,95,23,24,84,37,27,123,90,85,158,153,33,15,35,36,66,181,39,40,54,42,119,44,45,46,47,48,136,50,51,107,34,16,55,188,101,58,59,151,61,187,199,64,98,68,41,135,25,155,114,127,73,74,159,21,184,78,79,121,167,60,81,150,30,133,67,88,162,148,91,92,171,116,82,77,97,180,99,122,125,179,168,198,183,87,62,196,189,22,111,112,113,70,115,174,178,102,0,120,80,108,105,191,71,126,72,128,137,130,117,110,19,134,53,13,129,138,1,26,131,31,143,194,145,100,147,173,149,10,56,152,43,193,106,118,157,142,75,160,76,89,9,38,165,166,83,17,57,170,93,172,12,141,20,176,177,28,156,65,164,182,140,96,69,186,7,132,109,190,185,192,139,144,195,8,197,29,63,];False
4974;9313;14287;[146,154,169,3,4,5,6,52,32,161,124,11,104,94,14,49,2,103,18,86,163,175,95,23,24,25,37,27,123,90,85,158,153,33,15,35,36,66,181,39,56,54,42,119,44,45,46,47,48,136,50,51,107,34,16,55,188,101,58,59,151,61,187,199,64,98,68,41,135,84,155,114,127,73,74,159,21,184,78,79,121,167,26,81,150,30,133,67,88,162,148,91,92,171,116,82,77,97,180,99,122,125,179,168,198,183,87,62,196,189,22,111,112,113,70,115,174,178,102,0,120,80,108,105,191,71,126,72,128,137,130,117,110,19,134,53,13,129,138,1,60,131,31,143,194,145,100,147,173,149,10,40,152,43,193,106,118,157,142,75,160,76,89,9,38,165,166,83,17,57,164,93,172,12,141,20,176,177,28,156,65,170,182,140,96,69,186,7,132,109,190,185,192,139,144,195,8,197,29,63,];False
5072;9215;14287;[146,154,169,3,4,5,6,52,32,161,124,11,104,94,14,49,2,103,18,86,76,175,95,23,24,25,37,27,123,90,85,158,153,33,15,35,36,66,181,39,40,54,42,119,44,45,46,47,48,136,50,51,107,34,174,55,188,101,58,59,151,61,187,199,64,98,68,41,135,84,155,114,127,73,74,159,21,184,78,79,121,167,60,81,150,30,133,67,88,162,148,91,92,171,116,82,77,97,180,99,122,125,179,168,198,183,87,62,196,189,22,111,112,113,70,115,16,178,102,0,120,80,108,105,191,71,126,72,128,137,130,117,110,19,134,53,13,129,138,1,26,131,31,143,194,145,100,147,173,149,10,56,152,43,193,106,118,157,142,75,160,163,89,9,38,165,166,83,17,57,170,93,172,12,141,20,176,177,28,156,65,164,182,140,96,69,186,7,132,109,190,8,192,139,144,195,185,197,29,63,];False
4977;9308;14285;[146,154,169,3,4,5,6,52,32,161,124,11,104,94,14,49,2,103,18,86,76,175,95,23,24,25,37,27,123,90,85,158,153,33,15,35,36,66,181,39,40,54,42,119,44,45,46,47,48,136,50,51,107,34,16,55,188,101,58,59,151,61,187,199,64,98,68,41,135,84,155,114,127,73,74,159,21,184,78,79,121,167,60,81,150,30,133,67,88,162,148,91,92,171,116,82,77,97,180,99,122,125,179,168,198,183,87,62,196,189,22,111,112,113,70,115,174,178,102,0,120,80,108,105,191,71,126,72,128,137,130,117,110,19,134,53,13,129,138,1,26,131,31,143,194,145,100,147,29,149,10,56,152,43,193,106,118,157,142,75,160,163,89,9,38,165,166,83,17,57,170,93,172,12,141,20,176,177,28,156,65,164,182,140,96,69,186,7,132,109,190,185,192,139,144,195,8,197,173,63,];False
4970;9314;14284;[146,154,169,3,4,5,6,52,32,161,124,11,104,94,14,49,2,103,18,86,163,175,95,23,24,25,37,27,123,90,85,158,153,33,15,35,36,66,181,39,40,54,42,119,44,108,46,47,48,136,50,51,107,34,16,55,188,101,58,59,151,61,187,199,64,98,68,41,135,84,155,114,127,73,74,145,21,184,78,79,121,167,26,81,150,30,133,67,88,162,148,91,92,171,116,82,77,97,180,99,122,125,179,168,198,183,87,62,196,189,22,111,112,113,70,115,174,178,102,0,120,80,45,105,191,71,126,72,128,137,130,117,110,19,134,53,13,129,138,1,60,131,31,143,194,159,100,147,173,149,10,56,152,43,193,106,118,157,142,75,160,76,89,9,38,165,166,83,17,57,164,93,172,12,141,20,176,177,28,156,65,170,182,140,96,69,186,7,132,109,190,185,192,139,144,195,8,197,29,63,];False
4963;9319;14282;[146,154,169,3,4,5,6,52,32,161,124,11,104,94,14,49,2,103,18,86,163,175,95,23,24,25,37,27,123,90,85,158,153,33,15,35,36,66,181,39,40,54,42,119,44,108,46,47,48,136,50,51,107,34,16,55,188,101,58,59,151,61,187,199,64,98,68,41,135,84,155,114,127,73,74,159,21,184,78,79,121,167,26,81,150,30,133,67,88,162,148,91,92,100,116,82,77,97,180,99,122,125,179,168,198,183,87,62,196,189,22,111,112,113,70,115,174,178,102,0,120,80,45,105,191,71,126,72,128,137,130,117,110,19,134,53,13,129,138,1,60,131,31,143,194,145,171,147,173,149,10,56,152,43,193,106,118,157,142,75,160,76,89,9,38,165,166,83,17,57,164,93,172,12,141,20,176,177,28,156,65,170,182,140,96,69,186,7,132,109,190,185,192,139,144,195,8,197,29,63,];False
5037;9242;14279;[146,154,169,3,4,5,6,52,32,161,124,11,104,94,14,49,2,103,18,86,163,175,95,23,24,25,37,27,123,90,85,158,153,33,15,35,36,66,181,39,40,54,42,119,44,45,46,47,48,136,50,51,107,34,16,55,188,101,58,59,151,79,187,199,64,98,68,41,135,84,155,114,127,73,74,159,21,184,78,61,121,167,26,81,150,30,133,67,88,162,148,91,92,171,116,82,77,97,180,99,122,125,179,168,198,183,87,62,196,189,22,111,112,113,70,115,174,178,102,0,120,80,108,105,191,71,126,72,128,137,130,117,110,19,134,53,13,129,138,1,60,131,31,143,194,145,100,147,173,149,10,56,152,43,193,106,118,157,142,75,160,76,89,9,38,165,166,83,17,57,170,93,172,12,141,20,176,177,28,156,65,164,182,140,96,69,186,7,132,109,190,185,192,139,144,195,8,197,29,63,];False
4978;9294;14272;[146,154,169,3,4,5,6,52,32,161,124,11,104,94,14,49,2,103,18,86,163,175,95,23,24,25,37,27,123,90,85,158,153,33,15,35,36,66,181,39,40,54,42,119,44,45,46,47,48,136,50,51,107,34,16,55,188,101,58,59,151,61,187,199,64,98,68,41,135,84,155,114,127,73,74,159,21,184,78,79,121,167,60,81,150,30,133,67,88,162,148,91,92,171,116,82,77,97,180,99,122,125,179,168,198,183,87,62,196,189,22,111,112,113,70,115,174,178,102,147,120,80,108,105,191,71,126,72,128,137,130,117,110,19,134,53,13,129,138,1,26,131,31,143,194,145,100,0,173,149,10,56,152,43,193,106,118,157,142,75,160,76,89,9,38,165,166,83,17,57,170,93,172,12,141,20,176,177,28,156,65,164,182,140,96,69,186,7,132,109,190,185,192,139,144,195,8,197,29,63,];False
4962;9309;14271;[146,154,169,3,4,5,6,52,32,161,124,11,104,94,14,49,2,103,18,86,163,175,95,23,24,25,37,27,123,90,85,158,153,33,15,35,36,66,181,39,40,54,42,119,44,108,46,47,48,136,50,51,107,139,16,55,188,101,58,59,151,61,187,199,64,98,68,41,135,84,155,114,127,73,74,159,21,184,78,79,121,167,26,81,150,30,133,67,88,162,148,91,92,171,116,82,77,97,180,99,122,125,179,168,198,183,87,62,196,189,22,111,112,113,70,115,174,178,102,0,120,80,45,105,191,71,126,72,128,137,130,117,110,19,134,53,13,129,138,1,60,131,31,143,194,145,100,147,173,149,10,56,152,43,193,106,118,157,142,75,160,76,89,9,38,165,166,83,17,57,164,93,172,12,141,20,176,177,28,156,65,170,182,140,96,69,186,7,132,109,190,185,192,34,144,195,8,197,29,63,];False
5001;9257;14258;[146,154,169,3,4,5,6,52,32,161,124,11,104,94,14,49,2,103,18,86,76,175,95,23,24,25,37,27,123,90,85,158,153,33,15,35,36,66,181,39,40,54,42,119,44,45,46,47,48,136,50,51,107,34,174,55,188,101,58,59,151,61,187,199,64,98,68,41,135,84,155,114,127,73,74,159,21,184,78,79,121,167,60,81,150,30,133,67,88,162,148,91,92,171,116,82,77,97,180,99,122,125,179,168,198,183,87,62,196,189,22,111,112,113,70,115,16,178,102,0,120,80,108,105,191,71,126,72,128,137,130,117,110,19,134,53,13,129,138,1,26,131,31,143,194,145,100,147,173,149,10,56,152,43,193,106,118,157,142,75,160,163,89,9,38,165,166,83,17,57,170,93,172,12,141,20,176,177,28,156,65,164,182,140,96,69,186,7,132,109,190,185,192,139,144,195,8,197,29,63,];False
4963;9295;14258;[146,154,169,3,4,5,6,52,32,161,124,11,104,109,14,49,2,103,18,86,163,175,95,23,24,25,37,27,123,90,85,158,153,33,15,35,36,66,181,39,40,54,42,119,44,108,46,47,48,136,50,51,107,34,16,55,188,101,58,59,151,61,187,199,64,98,68,41,135,84,155,114,127,73,74,159,21,184,78,79,121,167,26,81,150,30,133,67,88,162,148,91,92,171,116,82,77,97,180,99,122,125,179,168,198,183,87,62,196,189,22,111,112,113,70,115,174,178,102,0,120,80,45,105,191,71,126,72,128,137,130,117,110,19,134,53,13,129,138,1,60,131,31,143,194,145,100,147,173,149,10,56,152,43,193,106,118,157,142,75,160,76,89,9,38,165,166,83,17,57,164,93,172,12,141,20,176,177,28,156,65,170,182,140,96,69,186,7,132,94,190,185,192,139,144,195,8,197,29,63,];False
4994;9261;14255;[146,154,169,3,4,5,6,52,32,161,124,11,104,94,14,49,2,103,18,86,163,175,95,23,24,25,37,27,123,90,85,158,153,33,15,35,36,66,181,39,40,54,42,119,44,45,46,47,48,136,50,51,107,34,16,55,188,150,58,59,151,61,187,199,64,98,68,41,135,84,155,114,127,73,74,159,21,184,78,79,121,167,26,81,101,30,133,67,88,162,148,91,92,171,116,82,77,97,180,99,122,125,179,168,198,183,87,62,196,189,22,111,112,113,70,115,174,178,102,0,120,80,108,105,191,71,126,72,128,137,130,117,110,19,134,53,13,129,138,1,60,131,31,143,194,145,100,147,173,149,10,56,152,43,193,106,118,157,142,75,160,76,89,9,38,165,166,83,17,57,164,93,172,12,141,20,176,177,28,156,65,170,182,140,96,69,186,7,132,109,190,185,192,139,144,195,8,197,29,63,];False
4979;9258;14237;[146,154,169,3,4,5,6,52,32,161,124,11,104,94,14,49,2,103,18,86,76,175,95,23,24,25,37,27,123,90,85,158,153,33,15,35,36,66,181,39,40,54,42,119,44,45,46,47,48,136,50,51,107,34,16,55,188,101,58,59,151,61,187,199,64,98,68,41,135,84,155,114,127,73,74,159,21,184,78,79,121,167,60,81,150,30,133,67,88,162,148,91,92,171,116,82,77,97,180,99,122,125,179,168,198,183,87,62,196,189,22,111,112,113,70,115,174,178,102,0,120,80,108,105,191,71,126,72,128,137,130,117,110,19,134,53,13,129,138,1,26,131,31,143,194,145,100,147,173,149,10,56,152,43,193,106,118,157,142,75,160,163,89,9,38,165,166,83,17,57,170,93,172,12,141,20,176,177,28,156,65,164,182,140,96,69,186,7,132,109,190,185,192,139,144,195,8,197,29,63,];False
4937;9300;14237;[146,154,169,3,4,5,6,52,32,161,124,11,104,94,14,49,2,103,18,86,163,175,95,23,24,25,37,27,123,90,85,158,153,33,15,35,36,66,181,39,40,54,42,119,44,108,46,47,48,136,50,51,107,34,16,55,188,101,58,59,151,61,187,199,64,98,68,41,135,84,155,114,127,73,74,159,21,184,78,79,121,167,26,81,150,30,162,67,88,133,148,91,92,171,116,82,77,97,180,99,122,125,179,168,198,183,87,62,196,189,22,111,112,113,70,115,174,178,102,0,120,80,45,105,191,71,126,72,128,137,130,117,110,19,134,53,13,129,138,1,60,131,31,143,194,145,100,147,173,149,10,56,152,43,193,106,118,157,142,75,160,76,89,9,38,165,166,83,17,57,164,93,172,12,141,20,176,177,28,156,65,170,182,140,96,69,186,7,132,109,190,185,192,139,144,195,8,197,29,63,];False
4932;9294;14226;[146,154,169,3,4,5,6,52,32,161,124,11,104,94,14,49,2,103,18,86,163,175,95,23,24,25,37,27,123,90,85,158,153,33,15,35,36,66,181,39,40,54,42,119,44,45,46,47,48,136,50,51,107,34,16,55,188,101,58,59,151,61,187,199,64,98,68,41,135,84,155,114,127,73,74,159,21,184,78,79,121,167,60,81,150,30,133,67,88,162,148,91,92,171,116,82,77,97,180,99,122,125,179,168,198,183,87,62,196,189,22,111,112,113,70,115,174,178,102,0,120,80,108,105,191,71,126,72,128,137,130,117,110,19,134,53,13,129,138,1,26,131,31,143,194,145,100,147,173,149,10,56,152,43,193,106,118,157,142,75,160,76,89,9,38,165,166,83,17,57,170,93,172,12,141,20,176,177,28,156,65,164,182,140,96,69,186,7,132,109,190,185,192,139,144,195,8,197,29,63,];False
4922;9303;14225;[146,154,169,3,4,5,6,52,32,161,124,11,104,94,14,49,2,103,18,86,163,175,95,23,24,25,37,27,123,90,85,158,153,33,15,35,36,66,181,39,40,54,42,119,44,45,46,47,48,136,50,51,107,34,16,55,188,101,58,59,151,61,187,199,64,98,68,41,135,84,155,114,127,73,74,159,21,184,78,79,121,167,26,81,150,30,133,67,88,162,148,91,92,171,116,82,77,97,180,99,122,125,179,168,198,183,87,62,196,189,22,111,112,113,70,115,174,178,102,0,120,80,108,105,191,71,126,72,128,137,130,117,110,19,134,53,13,129,138,1,60,131,31,143,194,145,100,147,173,149,10,56,152,76,193,106,118,157,142,75,160,43,89,9,38,165,166,83,17,57,164,93,172,12,141,20,176,177,28,156,65,170,182,140,96,69,186,7,132,109,190,185,192,139,144,195,8,197,29,63,];False
4895;9327;14222;[146,154,169,3,4,5,6,52,32,161,124,11,104,94,14,49,2,103,18,86,163,175,95,23,24,25,37,27,123,90,85,158,153,33,15,35,36,66,181,39,40,54,42,119,44,108,46,47,48,136,50,51,107,34,16,55,188,101,58,59,151,61,187,199,64,98,68,41,135,84,155,114,127,73,74,159,21,184,78,79,121,167,26,81,150,30,133,67,88,162,148,91,92,171,116,82,77,97,180,99,122,125,179,168,198,183,87,62,196,38,22,111,112,113,70,115,174,178,102,0,120,80,45,105,191,71,126,72,128,137,130,117,110,19,134,53,13,129,138,1,60,131,31,143,194,145,100,147,173,149,10,56,152,43,193,106,118,157,142,75,160,76,89,9,189,165,166,83,17,57,164,93,172,12,141,20,176,177,28,156,65,170,182,140,96,69,186,7,132,109,190,185,192,139,144,195,8,197,29,63,];False
4976;9245;14221;[146,154,169,3,4,5,6,52,32,161,124,11,104,94,14,49,2,103,18,86,163,175,95,23,24,25,37,27,123,90,85,158,153,33,89,35,36,66,181,39,40,54,42,119,44,45,46,47,48,136,50,51,107,34,16,55,188,101,58,59,151,61,187,199,64,98,68,41,135,84,155,114,127,73,74,159,21,184,78,79,121,167,26,81,150,30,133,67,88,162,148,91,92,171,116,82,77,97,180,99,122,125,179,168,198,183,87,62,196,189,22,111,112,113,70,115,174,178,102,0,120,80,108,105,191,71,126,72,128,137,130,117,110,19,134,53,13,129,138,1,60,131,31,143,194,145,100,147,173,149,10,56,152,43,193,106,118,157,142,75,160,76,15,9,38,165,166,83,17,57,170,93,172,12,141,20,176,177,28,156,65,164,182,140,96,69,186,7,132,109,190,185,192,139,144,195,8,197,29,63,];False
4924;9294;14218;[146,154,169,3,4,5,6,52,32,161,124,11,104,94,14,49,2,103,18,86,163,175,95,23,24,25,37,27,123,90,85,158,153,33,15,35,36,66,181,39,40,54,42,119,44,108,46,47,48,136,50,51,107,34,16,55,188,101,58,59,151,61,187,199,64,98,68,41,135,84,155,114,127,73,74,159,21,184,78,79,121,167,26,81,150,30,133,67,88,162,148,91,92,171,116,82,77,97,180,99,122,125,179,168,198,183,87,62,196,189,22,111,112,113,70,115,174,178,102,0,120,80,45,105,191,71,126,72,128,137,130,117,110,19,134,53,13,129,152,1,60,131,31,143,194,145,100,147,173,149,10,56,138,43,193,106,118,157,142,75,160,76,89,9,38,165,166,83,17,57,164,93,172,12,141,20,176,177,28,156,65,170,182,140,96,69,186,7,132,109,190,185,192,139,144,195,8,197,29,63,];False
4940;9265;14205;[146,154,169,3,4,5,6,52,32,161,124,11,104,94,14,49,2,103,18,86,163,175,95,23,24,25,37,27,123,90,85,158,153,33,15,35,36,66,181,39,40,54,42,119,44,108,46,47,48,136,50,51,107,34,16,55,188,101,58,59,151,61,187,199,64,98,68,41,135,84,155,114,127,73,74,159,21,184,78,79,121,167,26,81,150,30,133,67,88,162,148,91,92,171,116,82,77,97,180,99,122,125,179,168,198,183,87,172,196,189,22,111,112,113,70,115,174,178,102,0,120,80,45,105,191,71,126,72,128,137,130,117,110,19,134,53,13,129,138,1,60,131,31,143,194,145,100,147,173,149,10,56,152,43,193,106,118,157,142,75,160,76,89,9,38,165,166,83,17,57,164,93,62,12,141,20,176,177,28,156,65,170,182,140,96,69,186,7,132,109,190,185,192,139,144,195,8,197,29,63,];False
4910;9284;14194;[146,154,169,3,4,5,6,52,32,161,124,11,104,94,14,49,2,103,18,86,163,175,95,23,24,25,37,27,123,90,85,158,153,33,15,35,36,66,181,39,40,54,42,119,44,108,46,47,48,136,50,51,107,34,16,55,188,101,58,59,151,61,187,199,64,98,68,41,135,84,155,114,127,73,74,159,21,184,78,79,121,167,26,81,150,30,133,67,88,162,148,91,92,171,116,82,77,97,180,99,122,125,179,168,198,183,87,62,196,189,22,111,112,113,70,115,174,178,102,0,120,80,45,105,191,71,29,72,128,137,130,117,110,19,134,53,13,129,138,1,60,131,31,143,194,145,100,147,173,149,10,56,152,43,193,106,118,157,142,75,160,76,89,9,38,165,166,83,17,57,164,93,172,12,141,20,176,177,28,156,65,170,182,140,96,69,186,7,132,109,190,185,192,139,144,195,8,197,126,63,];False
4928;9266;14194;[146,154,169,3,4,5,6,52,32,161,124,11,104,94,14,49,2,103,18,86,163,175,95,23,24,25,37,27,123,90,85,158,153,33,15,35,36,66,181,39,40,54,42,119,44,45,46,47,48,136,50,51,107,34,16,55,188,101,58,59,151,61,187,199,64,98,68,41,135,84,155,114,127,73,74,159,21,184,78,79,121,167,26,81,150,30,133,67,88,162,148,91,92,171,116,82,77,97,180,99,122,125,179,168,198,183,87,62,196,189,22,111,112,113,70,115,174,178,102,0,120,80,108,105,191,71,126,72,128,137,130,117,110,19,134,53,13,129,138,1,60,131,31,143,194,145,100,147,173,149,10,56,152,43,193,106,118,157,142,75,160,76,89,9,38,165,166,83,17,57,170,93,172,12,141,20,176,177,28,156,65,164,182,140,96,69,186,7,132,109,190,185,192,139,144,195,8,197,29,63,];False
4955;9236;14191;[146,142,169,3,4,5,6,52,32,161,124,11,104,94,14,49,2,103,18,86,163,175,95,23,24,25,37,27,123,90,85,158,153,33,15,35,36,66,181,39,40,54,42,119,44,108,8,47,48,136,50,51,107,34,16,55,188,101,58,59,151,61,187,199,64,98,68,41,135,84,155,114,127,73,74,159,21,184,78,79,121,167,26,81,150,30,133,67,88,162,148,91,92,171,116,82,77,137,180,99,122,125,179,168,198,183,87,62,196,189,22,111,112,113,70,115,174,178,102,0,120,80,45,105,191,71,126,72,128,97,130,117,110,19,134,53,13,129,138,1,176,131,31,143,194,145,100,147,173,149,10,56,152,43,193,106,118,157,154,75,160,76,89,9,38,165,166,83,17,57,164,93,172,12,141,20,60,177,28,156,65,170,182,140,96,69,186,7,132,109,190,185,192,139,144,195,46,197,29,63,];False
4930;9261;14191;[146,154,169,3,4,5,6,52,32,161,124,11,104,94,14,49,2,103,18,86,163,175,139,23,24,25,37,27,123,90,85,158,153,33,15,35,36,66,181,39,40,54,42,119,44,108,46,47,48,136,50,51,107,34,16,55,188,101,58,59,151,61,187,199,64,98,68,41,135,84,155,114,127,73,74,159,21,184,78,79,121,167,26,81,150,30,133,67,88,162,148,91,92,171,116,82,77,97,180,99,122,125,179,168,198,183,87,62,196,189,22,111,112,113,70,115,174,178,102,0,120,80,45,105,191,71,126,72,128,137,130,117,110,19,134,53,13,129,138,1,176,131,31,143,194,145,100,147,173,149,10,56,152,43,193,106,118,157,142,75,160,76,89,9,38,165,166,83,17,57,164,93,172,12,141,20,60,177,28,156,65,170,182,140,96,69,186,7,132,109,190,185,192,95,144,195,8,197,29,63,];False
4916;9275;14191;[146,154,169,3,4,5,6,52,32,161,124,11,104,94,14,49,2,103,18,86,163,175,95,23,24,25,37,27,123,90,85,158,153,33,15,35,36,66,181,39,40,54,42,119,44,108,46,47,48,136,50,51,107,34,16,120,188,101,58,59,151,61,187,199,64,98,68,41,135,84,155,114,127,73,74,159,21,184,78,79,121,167,26,81,150,30,133,67,88,162,148,91,92,171,116,82,77,97,180,99,122,125,179,168,198,183,87,62,196,189,22,111,112,113,70,115,174,178,102,0,55,80,45,105,191,71,126,72,128,137,130,117,110,19,134,53,13,129,138,1,176,131,31,143,194,145,100,147,173,149,10,56,152,43,193,106,118,157,142,75,160,76,89,9,38,165,166,83,17,57,164,93,172,12,141,20,60,177,28,156,65,170,182,140,96,69,186,7,132,109,190,185,192,139,144,195,8,197,29,63,];False
4874;9316;14190;[146,154,169,3,4,5,6,52,32,161,124,11,104,94,14,49,2,103,18,86,163,175,95,23,24,25,37,27,123,90,85,158,153,33,15,35,36,66,181,39,40,54,42,119,44,45,46,47,48,136,50,51,107,34,16,55,188,101,58,59,151,61,187,199,64,98,68,41,135,84,155,114,127,73,74,191,21,184,78,79,121,167,26,81,150,30,133,67,88,162,148,91,92,171,116,82,77,97,180,99,122,125,179,168,198,183,87,62,196,189,22,111,112,113,70,115,174,178,102,0,120,80,108,105,159,71,126,72,128,137,130,117,110,19,134,53,13,129,138,1,60,131,31,143,194,145,100,147,173,149,10,56,152,43,193,106,118,157,142,75,160,76,89,9,38,165,166,83,17,57,164,93,172,12,141,20,176,177,28,156,65,170,182,140,96,69,186,7,132,109,190,185,192,139,144,195,8,197,29,63,];False
4914;9274;14188;[146,154,169,3,4,5,6,52,32,161,124,11,104,94,14,49,2,103,18,86,163,175,95,23,24,25,37,27,123,90,85,158,153,33,15,35,36,66,181,39,40,54,42,119,44,108,46,47,48,136,50,51,107,34,16,55,188,101,58,89,151,61,187,199,64,98,68,41,135,84,155,114,127,73,74,159,21,184,78,79,121,167,26,81,150,30,133,67,88,162,148,91,92,171,116,82,77,97,180,99,122,125,179,168,198,183,87,62,196,189,22,111,112,113,70,115,174,178,102,0,120,80,45,105,191,71,126,72,128,137,130,117,110,19,134,53,13,129,138,1,176,131,31,143,194,145,100,147,173,149,10,56,152,43,193,106,118,157,142,75,160,76,59,9,38,165,166,83,17,57,164,93,172,12,141,20,60,177,28,156,65,170,182,140,96,69,186,7,132,109,190,185,192,139,144,195,8,197,29,63,];False
4919;9266;14185;[146,154,169,3,4,5,6,52,32,161,124,11,104,94,14,49,2,103,18,86,163,175,95,23,24,25,37,27,123,90,85,158,153,33,15,35,36,66,181,39,40,54,42,119,44,108,46,47,48,136,50,51,107,34,16,55,188,101,58,59,151,61,187,199,64,98,68,41,135,84,155,114,127,73,74,159,21,184,78,79,121,167,26,81,150,56,133,67,88,162,148,91,92,171,116,82,77,97,180,99,122,125,179,168,198,183,87,62,196,189,22,111,112,113,70,115,174,178,102,0,120,80,45,105,191,71,126,72,128,137,130,117,110,19,134,53,13,129,138,1,60,131,31,143,194,145,100,147,173,149,10,30,152,43,193,106,118,157,142,75,160,76,89,9,38,165,166,83,17,57,164,93,172,12,141,20,176,177,28,156,65,170,182,140,96,69,186,7,132,109,190,185,192,139,144,195,8,197,29,63,];False
4928;9255;14183;[146,142,169,113,4,5,6,52,32,161,124,11,104,94,14,49,2,103,18,86,163,175,95,23,24,25,37,27,123,90,85,158,153,33,15,35,36,66,181,39,40,54,42,119,44,108,8,47,48,136,50,51,107,34,16,55,188,101,58,59,151,61,187,199,64,98,68,41,135,84,155,114,127,73,74,159,21,184,78,79,121,167,26,81,150,30,133,67,88,162,148,91,92,171,116,82,77,97,180,99,122,125,179,168,198,183,87,62,196,189,22,111,112,3,70,115,174,178,102,0,120,80,45,105,191,71,126,72,128,137,130,117,110,19,134,53,13,129,138,1,176,131,31,143,194,145,100,147,173,149,10,56,152,43,193,106,118,157,154,75,160,76,89,9,38,165,166,83,17,57,164,93,172,12,141,20,60,177,28,156,65,170,182,140,96,69,186,7,132,109,190,185,192,139,144,195,46,197,29,63,];False
4904;9273;14177;[146,154,169,3,4,5,6,52,32,161,124,11,104,94,14,49,2,103,18,86,163,175,95,23,24,25,37,27,123,90,85,158,153,33,15,35,36,66,181,39,40,54,42,119,44,45,46,47,48,136,50,51,107,34,16,55,188,101,58,59,151,61,187,199,64,98,68,41,135,84,155,114,127,73,74,159,21,184,78,79,121,167,26,81,150,30,133,67,88,162,148,91,92,171,116,82,77,97,180,99,122,125,179,168,198,183,87,62,196,189,22,111,112,113,70,115,174,178,102,0,120,80,108,105,191,71,126,72,128,137,130,117,110,19,134,53,13,129,138,1,60,131,31,143,194,145,100,147,173,149,10,56,152,43,193,106,118,157,142,75,160,76,89,9,38,165,166,83,17,57,164,195,172,12,141,20,176,177,28,156,65,170,182,140,96,69,186,7,132,109,190,185,192,139,144,93,8,197,29,63,];False
4873;9300;14173;[146,154,169,3,4,5,6,52,32,161,124,11,104,94,14,49,2,103,18,86,163,175,95,23,24,25,37,27,123,90,85,158,153,33,15,35,36,66,181,39,40,54,42,119,44,45,46,47,48,136,50,51,107,34,16,55,188,101,58,59,151,61,187,199,64,98,68,41,135,84,155,114,127,73,74,159,21,184,78,79,121,167,26,81,150,30,133,67,88,162,148,91,92,171,116,82,77,97,180,99,122,125,179,168,198,183,87,62,196,189,22,111,112,113,70,115,174,178,102,0,120,80,108,105,191,71,126,72,128,137,130,117,110,19,134,53,13,129,138,1,60,131,31,143,194,145,100,147,173,149,10,56,152,43,193,106,118,157,142,75,160,76,89,9,38,165,166,83,17,57,164,93,172,12,141,20,176,177,28,156,65,170,182,140,96,69,186,7,132,109,190,185,192,139,144,195,8,197,29,63,];False
4881;9288;14169;[146,154,169,3,4,5,6,52,32,161,124,11,104,94,78,49,2,103,18,86,163,175,95,23,24,25,37,27,123,90,85,158,153,33,15,35,36,66,181,39,40,54,42,119,44,108,46,47,48,136,50,51,107,34,16,55,188,101,58,59,151,61,187,199,64,98,68,41,135,84,155,114,127,73,74,159,21,184,14,79,121,167,26,81,150,30,133,67,88,162,148,91,92,171,116,82,77,97,180,99,122,125,179,168,198,183,87,62,196,189,22,111,112,113,70,115,174,178,102,0,120,80,45,105,191,71,126,72,128,137,130,117,110,19,134,53,13,129,138,1,176,131,31,143,194,145,100,147,173,149,10,56,152,43,193,106,118,157,142,75,160,76,89,9,38,165,166,83,17,57,164,93,172,12,141,20,60,177,28,156,65,170,182,140,96,69,186,7,132,109,190,185,192,139,144,195,8,197,29,63,];False
4892;9275;14167;[146,154,169,3,4,5,6,52,32,161,124,11,104,94,14,49,2,103,18,86,163,175,95,23,24,25,37,27,123,90,85,158,153,33,15,35,36,66,181,39,40,54,42,119,44,108,46,47,48,136,50,51,107,34,16,55,188,101,58,59,151,61,187,199,64,98,68,41,135,84,155,114,127,73,74,159,21,184,78,79,121,167,26,81,150,30,133,67,88,162,148,91,92,186,116,82,77,97,180,99,122,125,179,168,198,183,87,62,196,189,22,111,112,113,70,115,174,178,102,0,120,80,45,105,191,71,126,72,128,137,130,117,110,19,134,53,13,129,138,1,176,131,31,143,194,145,100,147,173,149,10,56,152,43,193,106,118,157,142,75,160,76,89,9,38,165,166,83,17,57,164,93,172,12,141,20,60,177,28,156,65,170,182,140,96,69,171,7,132,109,190,185,192,139,144,195,8,197,29,63,];False
4943;9217;14160;[146,142,169,3,4,5,6,52,32,161,124,11,104,94,14,49,2,103,18,86,163,175,95,23,24,25,37,27,123,90,85,158,153,33,147,35,36,66,181,39,40,54,42,119,44,108,8,47,48,136,50,51,107,34,16,55,188,101,58,59,151,61,187,199,64,98,68,41,135,84,155,114,127,73,74,159,21,184,78,79,121,167,26,81,150,30,133,67,88,162,148,91,92,171,116,82,77,97,180,99,122,125,179,168,198,183,87,62,196,189,22,111,112,113,70,115,174,178,102,0,120,80,45,105,191,71,126,72,128,137,130,117,110,19,134,53,13,129,138,1,176,131,156,143,194,145,100,15,173,149,10,56,152,43,193,106,118,157,154,75,160,76,89,9,38,165,166,83,17,57,164,93,172,12,141,20,60,177,28,31,65,170,182,140,96,69,186,7,132,109,190,185,192,139,144,195,46,197,29,63,];False
4907;9253;14160;[146,154,169,3,4,5,6,52,32,161,124,11,104,94,14,49,2,103,18,86,163,175,95,23,24,25,37,27,123,90,85,158,153,33,15,35,36,66,181,39,40,54,42,119,44,108,46,47,48,73,50,51,107,34,16,55,188,101,58,59,151,61,187,199,64,98,68,41,135,84,155,114,127,136,74,159,21,184,78,79,121,167,26,81,150,30,133,67,88,162,148,91,92,171,116,82,77,97,180,99,122,125,179,168,198,183,87,62,196,189,22,111,112,113,70,115,174,178,102,0,120,80,45,105,191,71,126,72,128,137,130,117,110,19,134,53,13,129,138,1,60,131,31,143,194,145,100,147,173,149,10,56,152,43,193,106,118,157,142,75,160,76,89,9,38,165,166,83,17,57,164,93,172,12,141,20,176,177,28,156,65,170,182,140,96,69,186,7,132,109,190,185,192,139,144,195,8,197,29,63,];False
4935;9218;14153;[146,142,169,3,4,5,6,52,32,161,124,11,104,94,14,49,2,103,18,86,163,175,95,23,24,25,37,27,123,90,85,158,153,33,147,35,36,66,181,39,40,54,42,119,44,108,8,47,48,136,50,51,107,34,16,55,188,101,58,59,151,61,187,199,64,98,68,41,135,84,155,114,127,73,74,159,21,184,78,79,121,167,26,81,150,30,133,67,88,162,148,91,92,171,116,82,77,97,180,99,122,125,179,168,198,183,87,170,196,189,22,111,112,113,70,115,174,178,102,0,120,80,45,105,191,71,126,72,128,137,130,117,110,19,134,53,13,129,138,1,176,131,31,143,194,145,100,15,173,149,10,56,152,43,193,106,118,157,154,75,160,76,89,9,38,165,166,83,17,57,164,93,172,12,141,20,60,177,28,156,65,62,182,140,96,69,186,7,132,109,190,185,192,139,144,195,46,197,29,63,];False
4862;9291;14153;[146,142,169,3,4,5,6,52,32,161,124,11,104,94,14,49,2,103,18,86,163,175,95,23,24,25,37,27,123,90,85,158,153,33,15,35,36,66,181,39,40,54,42,119,44,108,46,47,48,136,50,51,107,34,16,55,188,101,58,59,151,61,187,199,64,98,68,41,135,84,155,114,127,73,74,159,21,184,78,79,121,167,26,81,150,30,133,67,88,162,148,91,92,171,116,82,77,97,180,99,122,125,179,168,198,183,87,62,196,189,22,111,112,113,70,115,174,178,102,0,120,80,45,105,191,71,126,72,128,137,130,117,110,19,134,53,13,129,138,1,176,131,31,143,194,145,193,147,173,149,10,56,152,43,100,106,118,157,154,75,160,76,89,9,38,165,166,83,17,57,164,93,172,12,141,20,60,177,28,156,65,170,182,140,96,69,186,7,132,109,190,185,192,139,144,195,8,197,29,63,];False
4852;9292;14144;[146,154,169,3,4,5,6,52,32,161,124,11,104,94,14,49,2,103,18,86,163,160,95,23,24,25,37,27,123,90,85,158,153,33,15,35,36,66,181,39,40,54,42,119,44,108,46,47,48,136,50,51,107,34,16,55,188,101,58,59,151,61,187,199,64,98,68,41,135,84,155,114,127,73,74,159,21,184,78,79,121,167,26,81,150,30,133,67,88,162,148,91,92,171,116,82,77,97,180,99,122,125,179,168,198,183,87,62,196,189,22,111,112,113,70,115,174,178,102,0,120,80,45,105,191,71,126,72,128,137,130,117,110,19,134,53,13,129,138,1,60,131,31,143,194,145,100,147,173,149,10,56,152,43,193,106,118,157,142,75,175,76,89,9,38,165,166,83,17,57,164,93,172,12,141,20,176,177,28,156,65,170,182,140,96,69,186,7,132,109,190,185,192,139,144,195,8,197,29,63,];False
4909;9234;14143;[146,142,169,3,4,5,6,52,32,161,124,11,104,94,14,49,2,103,18,86,163,175,95,23,24,25,37,27,123,90,85,158,153,33,15,35,36,66,181,39,40,54,42,119,44,108,8,47,48,136,50,51,107,34,16,55,188,101,58,59,151,61,187,199,64,98,68,41,135,84,155,114,127,73,74,159,21,184,78,79,121,167,26,81,150,30,133,67,88,162,148,91,92,171,116,82,77,97,180,99,122,125,179,168,198,183,87,62,196,189,22,111,112,113,70,115,174,178,102,0,120,80,45,105,191,71,126,72,128,137,130,117,110,19,134,53,13,129,138,1,176,131,31,143,194,145,100,147,173,149,10,56,152,43,193,106,118,157,154,75,160,76,89,9,38,165,166,83,17,57,164,93,172,12,141,20,60,177,109,156,65,170,182,140,96,69,186,7,132,28,190,185,192,139,144,195,46,197,29,63,];False
4879;9261;14140;[146,154,169,3,4,5,6,52,32,161,124,58,104,94,14,49,2,103,18,86,163,175,95,23,24,25,37,27,123,90,85,158,153,33,15,35,36,66,181,39,40,54,42,119,44,108,46,47,48,136,50,51,107,34,16,55,188,101,11,59,151,61,187,199,64,98,68,41,135,84,155,114,127,73,74,159,21,184,78,79,121,167,26,81,150,30,133,67,88,162,148,91,92,171,116,82,77,97,180,99,122,125,179,168,198,183,87,62,196,189,22,111,112,113,70,115,174,178,102,0,120,80,45,105,191,71,126,72,128,137,130,117,110,19,134,53,13,129,138,1,176,131,31,143,194,145,100,147,173,149,10,56,152,43,193,106,118,157,142,75,160,76,89,9,38,165,166,83,17,57,164,93,172,12,141,20,60,177,28,156,65,170,182,140,96,69,186,7,132,109,190,185,192,139,144,195,8,197,29,63,];False
4890;9247;14137;[146,154,169,3,4,5,6,52,32,161,124,11,104,94,14,49,2,103,18,86,163,175,95,23,24,25,37,27,123,90,85,158,153,33,15,35,36,66,181,39,40,54,42,119,44,108,46,47,48,136,50,51,107,34,16,55,188,101,58,59,151,61,187,199,64,98,68,41,135,84,155,114,127,73,74,159,21,184,78,79,121,167,26,81,150,30,133,67,88,162,148,91,92,171,116,82,77,97,180,99,122,125,179,168,198,183,87,62,196,189,22,111,112,113,70,115,174,178,102,0,120,80,45,105,191,71,126,72,128,137,130,117,110,129,134,53,13,19,138,1,176,131,31,143,194,145,100,147,173,149,10,56,152,43,193,106,118,157,142,75,160,76,89,9,38,165,166,83,17,57,164,93,172,12,141,20,60,177,28,156,65,170,182,140,96,69,186,7,132,109,190,185,192,139,144,195,8,197,29,63,];False
4885;9248;14133;[146,154,169,3,4,5,6,52,32,161,124,11,104,94,14,49,2,103,18,86,163,175,95,23,24,25,37,27,123,90,85,158,153,33,15,35,36,66,181,39,40,54,42,119,44,108,46,47,48,136,50,51,107,34,16,55,188,101,58,59,151,61,187,199,64,98,68,41,135,84,155,114,127,73,74,159,21,184,78,79,121,167,26,81,150,30,133,67,88,162,148,91,92,171,116,82,77,97,180,99,122,125,179,168,198,183,87,62,196,189,22,111,112,113,70,115,174,178,102,0,120,80,45,105,191,71,126,72,128,137,130,117,110,19,134,53,13,129,138,1,176,131,31,143,194,145,100,43,173,149,10,56,152,147,193,106,118,157,142,75,160,76,89,9,38,165,166,83,17,57,164,93,172,12,141,20,60,177,28,156,65,170,182,140,96,69,186,7,132,109,190,185,192,139,144,195,8,197,29,63,];False
4837;9296;14133;[146,154,169,3,4,5,6,52,32,161,124,11,104,94,14,49,2,103,18,86,163,175,95,23,24,25,37,27,123,90,85,158,153,33,15,35,36,66,181,39,40,54,42,119,44,108,46,47,48,136,50,51,107,34,16,55,188,101,58,59,151,61,187,199,64,98,68,41,135,84,155,114,127,73,74,159,21,184,78,79,121,167,26,81,150,30,133,67,88,162,148,91,92,171,116,82,77,97,180,99,122,125,179,168,198,183,87,62,196,189,22,111,112,113,70,115,174,178,102,0,120,80,45,105,191,71,126,72,128,137,130,117,110,19,134,53,13,129,138,1,60,131,31,143,194,145,100,147,173,149,10,56,152,43,193,106,118,157,142,75,160,76,89,9,38,165,166,83,17,57,164,93,172,12,141,20,176,177,28,156,65,170,182,140,96,69,186,7,132,109,190,185,192,139,144,195,8,197,29,63,];False
4847;9283;14130;[146,154,169,3,4,5,6,52,32,161,124,11,104,94,14,49,65,103,18,86,163,175,95,23,24,25,37,27,123,90,85,158,153,33,15,35,36,66,181,39,40,54,42,119,44,108,46,47,48,136,50,51,107,34,16,55,188,101,58,59,151,61,187,199,64,98,68,41,135,84,155,114,127,73,74,159,21,184,78,79,121,167,26,81,150,30,133,67,88,162,148,91,92,171,116,82,77,97,180,99,122,125,179,168,198,183,87,62,196,189,22,111,112,113,70,115,174,178,102,0,120,80,45,105,191,71,126,72,128,137,130,117,110,19,134,53,13,129,138,1,176,131,31,143,194,145,100,147,173,149,10,56,152,43,193,106,118,157,142,75,160,76,89,9,38,165,166,83,17,57,164,93,172,12,141,20,60,177,28,156,2,170,182,140,96,69,186,7,132,109,190,185,192,139,144,195,8,197,29,63,];False
4892;9236;14128;[146,142,169,3,4,5,6,52,32,161,124,11,104,94,14,49,2,103,18,86,163,175,95,23,24,25,37,27,123,90,85,158,153,109,15,35,36,66,181,39,40,54,42,119,44,108,8,47,48,136,50,51,107,34,16,55,188,101,58,59,151,61,187,199,64,98,68,41,135,84,155,114,127,73,74,159,21,184,78,79,121,167,26,81,150,30,133,67,88,162,148,91,92,171,116,82,77,97,180,99,122,125,179,168,198,183,87,62,196,189,22,111,112,113,70,115,174,178,102,0,120,80,45,105,191,71,126,72,128,137,130,117,110,19,134,53,13,129,138,1,176,131,31,143,194,145,100,147,173,149,10,56,152,43,193,106,118,157,154,75,160,76,89,9,38,165,166,83,17,57,164,93,172,12,141,20,60,177,28,156,65,170,182,140,96,69,186,7,132,33,190,185,192,139,144,195,46,197,29,63,];False
4871;9255;14126;[146,154,169,3,4,5,6,52,32,161,124,11,104,94,14,49,2,103,18,86,163,175,95,23,24,25,37,27,123,90,85,158,153,33,15,35,36,66,181,39,40,61,42,119,44,108,46,47,48,136,50,51,107,34,16,55,188,101,58,59,151,54,187,199,64,98,68,41,135,84,155,114,127,73,74,159,21,184,78,79,121,167,26,81,150,30,133,67,88,162,148,91,92,171,116,82,77,97,180,99,122,125,179,168,198,183,87,62,196,189,22,111,112,113,70,115,174,178,102,0,120,80,45,105,191,71,126,72,128,137,130,117,110,19,134,53,13,129,138,1,176,131,31,143,194,145,100,147,173,149,10,56,152,43,193,106,118,157,142,75,160,76,89,9,38,165,166,83,17,57,164,93,172,12,141,20,60,177,28,156,65,170,182,140,96,69,186,7,132,109,190,185,192,139,144,195,8,197,29,63,];False
4873;9250;14123;[146,142,169,3,4,5,6,52,70,161,124,11,104,94,14,49,2,103,18,86,163,175,95,23,24,25,37,27,123,90,85,158,153,33,15,35,36,66,181,39,40,54,42,119,44,108,8,47,48,136,50,51,107,34,16,55,188,101,58,59,151,61,187,199,64,98,68,41,135,84,155,114,127,73,74,159,21,184,78,79,121,167,26,81,150,30,133,67,88,162,148,91,92,171,116,82,77,97,180,99,122,125,179,168,198,183,87,62,196,189,22,111,112,113,32,115,174,178,102,0,120,80,45,105,191,71,126,72,128,137,130,117,110,19,134,53,13,129,138,1,176,131,31,143,194,145,100,147,173,149,10,56,152,43,193,106,118,157,154,75,160,76,89,9,38,165,166,83,17,57,164,93,172,12,141,20,60,177,28,156,65,170,182,140,96,69,186,7,132,109,190,185,192,139,144,195,46,197,29,63,];False
4874;9248;14122;[146,154,169,3,4,5,6,52,32,161,124,11,104,94,14,49,2,103,18,86,163,175,95,23,24,25,37,27,123,90,96,158,153,33,15,35,36,66,181,39,40,54,42,119,44,108,46,47,48,136,50,51,107,34,16,55,188,101,58,59,151,61,187,199,64,98,68,41,135,84,155,114,127,73,74,159,21,184,78,79,121,167,26,81,150,30,133,67,88,162,148,91,92,171,116,82,77,97,180,99,122,125,179,168,198,183,87,62,196,189,22,111,112,113,70,115,174,178,102,0,120,80,45,105,191,71,126,72,128,137,130,117,110,19,134,53,13,129,138,1,176,131,31,143,194,145,100,147,173,149,10,56,152,43,193,106,118,157,142,75,160,76,89,9,38,165,166,83,17,57,164,93,172,12,141,20,60,177,28,156,65,170,182,140,85,69,186,7,132,109,190,185,192,139,144,195,8,197,29,63,];False
4857;9263;14120;[146,142,169,3,4,5,6,52,32,161,124,11,104,94,14,49,2,103,18,86,163,175,95,23,24,25,37,27,123,90,85,158,153,33,15,35,36,66,181,39,40,54,42,119,44,108,8,47,48,136,50,51,107,34,16,75,188,101,58,59,151,61,187,199,64,98,68,41,135,84,155,114,127,73,74,159,21,184,78,79,121,167,26,81,150,30,133,67,88,162,148,91,92,171,116,82,77,97,180,99,122,125,179,168,198,183,87,62,196,189,22,111,112,113,70,115,174,178,102,0,120,80,45,105,191,71,126,72,128,137,130,117,110,19,134,53,13,129,138,1,176,131,31,143,194,145,100,147,173,149,10,56,152,43,193,106,118,157,154,55,160,76,89,9,38,165,166,83,17,57,164,93,172,12,141,20,60,177,28,156,65,170,182,140,96,69,186,7,132,109,190,185,192,139,144,195,46,197,29,63,];False
4848;9271;14119;[146,154,169,3,4,5,6,52,32,98,124,11,104,94,14,49,2,103,18,86,163,175,95,23,24,25,37,27,123,90,85,158,153,33,15,35,36,66,181,39,40,54,42,119,44,108,46,47,48,136,50,51,107,34,16,55,188,101,58,59,151,61,187,199,64,161,68,41,135,84,155,114,127,73,74,159,21,184,78,79,121,167,26,81,150,30,133,67,88,162,148,91,92,171,116,82,77,97,180,99,122,125,179,168,198,183,87,62,196,189,22,111,112,113,70,115,174,178,102,0,120,80,45,105,191,71,126,72,128,137,130,117,110,19,134,53,13,129,138,1,176,131,31,143,194,145,100,147,173,149,10,56,152,43,193,106,118,157,142,75,160,76,89,9,38,165,166,83,17,57,164,93,172,12,141,20,60,177,28,156,65,170,182,140,96,69,186,7,132,109,190,185,192,139,144,195,8,197,29,63,];False
4861;9258;14119;[146,154,169,3,4,5,6,52,32,161,124,11,104,94,14,49,2,103,18,86,163,175,95,23,24,25,37,27,123,90,85,158,153,33,15,35,36,66,181,39,40,54,42,119,44,108,46,47,48,136,50,51,107,34,16,55,188,101,58,59,151,61,187,199,64,98,68,41,135,84,155,114,127,73,74,159,21,184,78,79,121,167,26,81,150,30,133,67,88,162,148,91,92,171,116,82,77,97,180,99,122,125,179,168,198,183,87,62,196,189,22,111,112,113,70,115,174,178,102,0,120,80,45,105,191,71,126,72,128,137,130,117,110,19,134,53,13,129,138,1,176,131,31,143,194,145,100,147,173,149,10,56,152,43,193,106,118,157,142,75,160,76,89,9,38,165,166,83,20,57,164,93,172,12,141,17,60,177,28,156,65,170,182,140,96,69,186,7,132,109,190,185,192,139,144,195,8,197,29,63,];False
4827;9289;14116;[146,142,169,3,4,5,6,52,32,161,124,11,104,94,14,49,2,103,18,86,163,175,95,23,24,25,37,27,123,90,85,158,153,33,147,35,36,66,181,39,40,54,78,119,44,108,8,47,48,136,50,51,107,34,16,55,188,101,58,59,151,61,187,199,64,98,68,41,135,84,155,114,127,73,74,159,21,184,42,79,121,167,26,81,150,30,133,67,88,162,148,91,92,171,116,82,77,97,180,99,122,125,179,168,198,183,87,62,196,189,22,111,112,113,70,115,174,178,102,0,120,80,45,105,191,71,126,72,128,137,130,117,110,19,134,53,13,129,138,1,176,131,31,143,194,145,100,15,173,149,10,56,152,43,193,106,118,157,154,75,160,76,89,9,38,165,166,83,93,57,164,17,172,12,141,20,60,177,28,156,65,170,182,140,96,69,186,7,132,109,190,185,192,139,144,63,46,197,29,195,];False
4851;9261;14112;[146,154,169,3,4,5,6,52,32,161,124,11,104,94,14,49,2,103,18,86,25,175,95,23,24,163,37,27,123,90,85,158,153,33,15,35,36,66,181,39,40,54,42,119,44,108,46,47,48,136,50,51,107,34,16,55,188,101,58,59,151,61,187,199,64,98,68,41,135,84,155,114,127,73,74,159,21,184,78,79,121,167,26,81,150,30,133,67,88,162,148,91,92,171,116,82,77,97,180,99,122,125,179,168,198,183,87,62,196,189,22,111,112,113,70,115,174,178,102,0,120,80,45,105,191,71,126,72,128,137,130,117,110,19,134,53,13,129,138,1,176,131,31,143,194,145,100,147,173,149,10,56,152,43,193,106,118,157,142,75,160,76,89,9,38,165,166,83,17,57,164,93,172,12,141,20,60,177,28,156,65,170,182,140,96,69,186,7,132,109,190,185,192,139,144,195,8,197,29,63,];False
4876;9234;14110;[146,142,169,3,4,5,6,52,32,161,124,11,104,94,14,49,2,103,18,86,163,175,95,23,24,25,37,27,123,90,85,158,153,33,147,35,36,66,181,45,40,54,42,119,44,108,8,47,48,136,50,51,107,34,16,55,188,101,58,59,151,61,187,199,64,98,68,41,135,84,155,114,127,73,74,159,21,184,78,79,121,167,26,81,150,30,133,67,88,162,148,91,92,171,116,82,77,97,180,99,122,125,179,168,198,183,87,62,196,189,22,111,112,113,70,115,174,178,102,0,120,80,39,105,191,71,126,72,128,137,130,117,110,19,134,53,13,129,138,1,176,131,31,143,194,145,100,15,173,149,10,56,152,43,193,106,118,157,154,75,160,76,89,9,38,165,166,83,17,57,164,93,172,12,141,20,60,177,28,156,65,170,182,140,96,69,186,7,132,109,190,185,192,139,144,195,46,197,29,63,];False
4854;9251;14105;[146,142,169,3,4,5,6,52,32,161,124,11,104,94,14,49,2,103,18,86,163,175,95,23,24,25,37,27,123,90,85,158,153,33,15,35,36,66,181,39,40,54,42,119,44,108,8,47,48,136,50,51,107,34,16,55,188,101,58,59,151,61,187,199,64,98,68,41,135,84,155,114,127,73,74,159,21,184,78,79,121,167,26,81,150,30,133,67,88,162,148,91,92,171,116,82,77,97,180,99,122,125,179,168,198,183,87,62,196,189,22,69,112,113,70,115,174,178,102,0,120,80,45,105,191,71,126,72,128,137,130,117,110,19,134,53,13,129,138,1,176,131,31,143,194,145,100,147,173,149,10,56,152,43,193,106,118,157,154,75,160,76,89,9,38,165,166,83,17,57,164,93,172,12,141,20,60,177,28,156,65,170,182,140,96,111,186,7,132,109,190,185,192,139,144,195,46,197,29,63,];False
4836;9268;14104;[146,142,169,3,4,5,6,52,32,161,124,11,104,94,14,49,2,103,18,86,163,175,95,23,24,25,37,27,123,90,85,158,153,33,147,35,36,66,181,39,40,54,42,119,44,108,8,47,48,136,50,51,107,34,16,55,188,101,58,59,151,61,187,199,64,98,68,41,135,84,155,114,127,73,74,159,21,184,78,79,121,167,26,81,150,30,133,67,88,162,148,91,92,171,116,82,77,97,180,99,122,125,179,168,198,183,87,62,196,189,22,111,112,113,70,115,174,178,102,0,120,80,45,105,191,71,126,72,128,137,130,117,110,19,134,53,13,129,138,1,176,131,31,143,7,145,100,15,173,149,10,56,152,43,193,106,118,157,154,75,160,76,89,9,38,165,166,83,17,57,164,93,172,12,141,20,60,177,28,156,65,170,182,140,96,69,186,194,132,109,190,185,192,139,144,195,46,197,29,63,];False
4849;9252;14101;[146,154,169,3,4,5,6,52,32,161,124,11,104,94,14,49,2,103,18,86,163,175,95,23,24,25,37,27,123,90,192,158,153,33,15,35,36,66,181,39,40,54,42,119,44,108,46,47,48,136,50,51,107,34,16,55,188,101,58,59,151,61,187,199,64,98,68,41,135,84,155,114,127,73,74,159,21,184,78,79,121,167,26,81,150,30,133,67,88,162,148,91,92,171,116,82,77,97,180,99,122,125,179,168,198,183,87,62,196,189,22,111,112,113,70,115,174,178,102,0,120,80,45,105,191,71,126,72,128,137,130,117,110,19,134,53,13,129,138,1,176,131,31,143,194,145,100,147,173,149,10,56,152,43,193,106,118,157,142,75,160,76,89,9,38,165,166,83,17,57,164,93,172,12,141,20,60,177,28,156,65,170,182,140,96,69,186,7,132,109,190,185,85,139,144,195,8,197,29,63,];False
4823;9268;14091;[146,142,169,3,4,5,6,52,32,161,124,11,104,94,14,49,2,103,18,86,163,175,95,23,24,25,37,27,123,90,85,158,153,33,147,35,36,66,181,39,40,54,42,119,44,108,8,47,48,136,50,51,107,34,16,55,188,101,58,59,151,61,187,199,64,98,68,41,135,84,155,114,127,73,74,159,21,184,78,79,121,167,26,81,150,30,133,67,88,162,148,91,92,171,116,82,77,137,180,99,122,125,179,168,198,183,87,62,196,189,22,111,112,113,70,115,174,178,102,0,120,80,45,105,191,71,126,72,128,97,130,117,110,19,134,53,13,129,138,1,176,131,31,143,194,145,100,15,173,149,10,56,152,43,193,106,118,157,154,75,160,76,89,9,38,165,166,83,17,57,164,93,172,12,141,20,60,177,28,156,65,170,182,140,96,69,186,7,132,109,190,185,192,139,144,63,46,197,29,195,];False
4864;9222;14086;[146,142,169,3,4,5,6,52,32,161,124,11,104,94,14,49,2,103,18,86,163,175,95,23,24,25,151,27,123,90,85,158,153,33,15,35,36,66,181,39,40,54,42,119,44,108,8,47,48,136,50,51,107,34,16,55,188,101,58,59,37,61,187,199,64,98,68,41,135,84,155,114,127,73,74,159,21,184,78,79,121,167,26,81,150,30,133,67,88,162,148,91,92,171,116,82,77,97,180,99,122,125,179,168,198,183,87,62,196,189,22,111,112,113,70,115,174,178,102,0,120,80,45,105,191,71,126,72,128,137,130,117,110,19,134,53,13,129,138,1,176,131,31,143,194,145,100,147,173,149,10,56,152,43,193,106,118,157,154,75,160,76,89,9,38,165,166,83,17,57,164,93,172,12,141,20,60,177,28,156,65,170,182,140,96,69,186,7,132,109,190,185,192,139,144,195,46,197,29,63,];False
4842;9242;14084;[146,154,169,3,4,5,6,52,32,161,124,11,104,94,14,49,2,103,18,86,163,175,95,23,24,25,37,27,123,90,85,158,153,33,15,35,36,66,181,39,40,54,42,119,44,108,46,47,48,136,50,51,107,34,16,55,188,101,58,59,151,61,187,199,64,98,68,41,135,84,155,114,127,73,74,159,21,184,78,79,121,167,26,81,150,30,133,67,88,162,148,91,92,171,116,82,77,97,180,99,122,125,179,168,198,183,87,62,196,189,22,111,112,113,70,115,174,178,102,0,120,80,45,105,191,71,126,72,128,137,130,117,110,19,134,53,13,129,138,1,176,131,31,143,194,145,100,147,173,149,164,56,152,43,193,106,118,157,142,75,160,76,89,9,38,165,166,83,17,57,10,93,172,12,141,20,60,177,28,156,65,170,182,140,96,69,186,7,132,109,190,185,192,139,144,195,8,197,29,63,];False
4821;9263;14084;[146,142,169,3,4,5,6,52,32,161,124,11,104,94,14,49,2,103,18,86,163,175,95,23,183,25,37,27,123,90,85,158,153,33,15,35,36,66,181,39,40,54,42,119,44,108,8,47,48,136,50,51,107,34,16,55,188,101,58,59,151,61,187,199,64,98,68,41,135,84,155,114,127,73,74,159,21,184,78,79,121,167,26,81,150,30,133,67,88,162,148,91,92,171,116,82,77,97,180,99,122,125,179,168,198,24,87,62,196,189,22,111,112,113,70,115,174,178,102,0,120,80,45,105,191,71,126,72,128,137,130,117,110,19,134,53,13,129,138,1,176,131,31,143,194,145,100,147,173,149,10,56,152,43,193,106,118,157,154,75,160,76,89,9,38,165,166,83,17,57,164,93,172,12,141,20,60,177,28,156,65,170,182,140,96,69,186,7,132,109,190,185,192,139,144,195,46,197,29,63,];False
4851;9223;14074;[146,142,169,3,4,5,6,52,32,161,124,11,104,94,14,49,2,103,18,86,163,175,95,23,24,25,37,27,123,90,85,158,153,33,147,35,36,66,181,39,40,54,42,119,44,108,8,47,48,136,50,28,107,34,16,55,188,101,58,59,151,61,187,199,64,98,68,41,135,84,155,114,127,73,74,159,21,184,78,79,121,167,26,81,150,30,133,67,88,162,148,91,92,171,116,82,77,97,180,99,122,125,179,168,198,183,87,62,196,189,22,111,112,113,70,115,174,178,102,0,120,80,45,105,191,71,126,72,128,137,130,117,110,19,134,53,13,129,138,1,176,131,31,143,194,145,100,15,173,149,10,56,152,43,193,106,118,157,154,75,160,76,89,9,38,165,166,83,17,57,164,93,172,12,141,20,60,177,51,156,65,170,182,140,96,69,186,7,132,109,190,185,192,139,144,195,46,197,29,63,];False
4842;9224;14066;[146,142,169,3,4,5,6,52,32,161,124,11,104,94,14,49,2,103,18,86,163,175,95,23,24,25,37,27,123,90,85,158,153,33,147,35,36,66,181,39,40,54,42,119,44,108,8,47,48,136,50,51,107,34,16,139,188,101,58,59,151,61,187,199,64,98,68,41,135,84,155,114,127,73,74,159,21,184,78,79,121,167,26,81,150,30,133,67,88,162,148,91,92,171,116,82,77,97,180,99,122,125,179,168,198,183,87,62,196,189,22,111,112,113,70,115,174,178,102,0,120,80,45,105,191,71,126,72,128,137,130,117,110,19,134,53,13,129,138,1,176,131,31,143,194,145,100,15,173,149,10,56,152,43,193,106,118,157,154,75,160,76,89,9,38,165,166,83,17,57,164,93,172,12,141,20,60,177,28,156,65,170,182,140,96,69,186,7,132,109,190,185,192,55,144,195,46,197,29,63,];False
4818;9242;14060;[146,142,169,3,4,5,6,52,32,161,124,11,104,94,14,49,2,103,18,86,163,175,95,23,24,25,37,27,123,90,85,158,153,33,15,35,36,66,181,39,40,54,42,119,44,108,8,47,48,136,50,51,107,34,16,55,188,101,58,59,151,61,187,199,64,98,68,41,135,84,155,114,127,73,74,159,21,184,78,79,121,167,26,81,150,30,133,67,88,162,148,91,92,171,116,82,77,97,180,99,122,125,179,168,198,183,87,62,196,189,22,111,112,113,70,115,174,178,102,0,120,80,152,105,191,71,126,72,128,137,130,117,110,19,134,53,13,129,138,1,176,131,31,143,194,145,100,147,173,149,10,56,45,43,193,106,118,157,154,75,160,76,89,9,38,165,166,83,17,57,164,93,172,12,141,20,60,177,28,156,65,170,182,140,96,69,186,7,132,109,190,185,192,139,144,195,46,197,29,63,];False
4764;9293;14057;[146,142,169,3,4,5,6,52,32,161,124,11,104,94,14,49,2,103,18,86,163,175,95,23,24,25,37,27,123,90,85,158,153,33,147,35,36,66,181,39,40,54,42,119,44,108,8,47,48,136,50,51,107,34,16,55,188,101,58,59,151,61,187,199,64,98,68,41,135,84,155,114,127,73,74,159,21,184,78,143,121,167,26,81,150,30,133,67,88,162,148,91,92,171,116,82,77,97,180,99,122,125,179,168,198,183,87,62,196,189,22,111,112,113,70,115,174,178,102,0,120,80,45,105,191,71,126,72,128,137,130,117,110,19,134,53,13,129,138,1,176,131,31,79,194,145,100,15,173,149,10,56,152,43,193,106,118,157,154,75,160,76,89,9,38,165,166,83,93,57,164,17,172,12,141,20,60,177,28,156,65,170,182,140,96,69,186,7,132,109,190,185,192,139,144,63,46,197,29,195,];False
4834;9222;14056;[146,142,169,3,4,5,6,52,32,161,124,11,104,94,14,49,2,103,18,86,163,175,95,23,24,25,37,27,123,90,85,158,153,33,147,35,36,66,181,39,40,54,42,119,44,108,8,47,48,136,50,51,107,34,16,55,188,101,58,59,151,61,187,199,64,98,68,41,135,84,155,114,127,73,74,159,21,184,78,79,121,167,26,81,150,30,133,67,88,162,148,196,92,171,116,82,77,97,180,99,122,125,179,168,198,183,87,62,91,189,22,111,112,113,70,115,174,178,102,0,120,80,45,105,191,71,126,72,128,137,130,117,110,19,134,53,13,129,138,1,176,131,31,143,194,145,100,15,173,149,10,56,152,43,193,106,118,157,154,75,160,76,89,9,38,165,166,83,17,57,164,93,172,12,141,20,60,177,28,156,65,170,182,140,96,69,186,7,132,109,190,185,192,139,144,195,46,197,29,63,];False
4838;9214;14052;[146,142,169,3,4,5,6,52,32,161,124,11,104,94,14,49,2,103,18,86,163,175,95,23,24,25,37,27,123,90,85,158,153,33,15,35,36,66,181,39,40,54,42,119,44,108,8,47,48,136,50,51,107,34,16,55,188,101,58,59,151,61,187,199,64,98,68,41,135,84,155,114,127,73,74,140,21,184,78,79,121,167,26,81,150,30,133,67,88,162,148,91,92,171,116,82,77,97,180,99,122,125,179,168,198,183,87,62,196,189,22,111,112,113,70,115,174,178,102,0,120,80,45,105,191,71,126,72,128,137,130,117,110,19,134,53,13,129,138,1,176,131,31,143,194,145,100,147,173,149,10,56,152,43,193,106,118,157,154,75,160,76,89,9,38,165,166,83,17,57,164,93,172,12,141,20,60,177,28,156,65,170,182,159,96,69,186,7,132,109,190,185,192,139,144,195,46,197,29,63,];False
4749;9295;14044;[146,142,169,3,4,5,6,52,32,161,124,11,104,94,14,49,2,103,18,86,163,175,95,74,24,25,37,27,123,90,85,158,153,33,147,35,36,66,181,39,40,54,42,119,44,108,8,47,48,136,50,51,107,34,16,55,188,101,58,59,151,61,187,199,64,98,68,41,135,84,155,114,127,73,23,159,21,184,78,79,121,167,26,81,150,30,133,67,88,162,148,91,92,171,116,82,77,97,180,99,122,125,179,168,198,183,87,62,196,189,22,111,112,113,70,115,174,178,102,0,120,80,45,105,191,71,126,72,128,137,130,117,110,197,134,53,13,129,138,1,176,131,31,143,194,145,100,15,173,149,10,56,152,43,193,106,118,157,154,75,160,76,89,9,38,165,166,83,93,57,164,17,172,12,141,20,60,177,28,156,65,170,182,140,96,69,186,7,132,109,190,185,192,139,144,63,46,19,29,195,];False
4783;9260;14043;[146,142,169,3,4,5,6,52,32,161,124,11,104,94,14,49,2,103,18,86,163,175,95,23,24,25,37,27,123,90,85,158,153,33,15,35,36,66,181,39,40,54,42,119,44,108,8,47,48,136,50,51,107,34,16,55,188,101,58,59,151,61,187,199,64,98,68,41,135,84,155,114,127,73,74,159,21,184,78,79,121,167,26,81,150,30,133,67,88,162,148,91,92,171,116,82,77,97,180,99,122,125,179,168,198,183,87,29,196,189,22,111,112,113,70,115,174,178,102,0,120,80,45,105,191,71,126,72,128,137,130,117,110,19,134,53,13,129,138,1,176,131,31,143,194,145,100,147,173,149,10,56,152,43,193,106,118,157,154,75,160,76,89,9,38,165,166,83,17,57,164,93,172,12,141,20,60,177,28,156,65,170,182,140,96,69,186,7,132,109,190,185,192,139,144,195,46,197,62,63,];False
4763;9277;14040;[146,142,169,3,4,5,6,52,32,161,124,11,104,94,14,49,2,103,18,86,163,175,95,23,24,25,37,27,123,90,85,158,153,33,147,35,36,66,181,39,40,54,42,119,44,108,8,47,48,136,50,51,107,34,16,55,188,101,58,59,151,61,187,199,64,98,68,41,135,84,155,114,127,73,74,159,21,184,78,79,121,167,26,81,150,30,133,67,88,162,148,91,92,171,116,82,77,97,180,99,122,125,179,168,198,183,87,62,196,189,22,111,112,113,130,115,174,178,102,0,120,80,45,105,191,71,126,72,128,137,70,117,110,19,134,53,13,129,138,1,176,131,31,143,194,145,100,15,173,149,10,56,152,43,193,106,118,157,154,75,160,76,89,9,38,165,166,83,17,57,164,93,172,12,141,20,60,177,28,156,65,170,182,140,96,69,186,7,132,109,190,185,192,139,144,195,46,197,29,63,];False
4791;9244;14035;[146,142,169,3,4,5,6,52,32,161,124,11,104,94,14,49,2,103,18,86,163,175,95,23,24,25,37,27,123,90,85,158,153,33,147,35,36,66,181,39,40,54,42,119,44,108,8,47,48,136,50,51,107,34,16,55,188,81,58,59,151,61,187,199,64,98,68,41,135,84,155,114,127,73,74,159,21,184,78,79,121,167,26,101,150,30,133,67,88,162,148,91,92,171,116,82,77,97,180,99,122,125,179,168,198,183,87,62,196,189,22,111,112,113,70,115,174,178,102,0,120,80,45,105,191,71,126,72,128,137,130,117,110,19,134,53,13,129,138,1,176,131,31,143,194,145,100,15,173,149,10,56,152,43,193,106,118,157,154,75,160,76,89,9,38,165,166,83,93,57,164,17,172,12,141,20,60,177,28,156,65,170,182,140,96,69,186,7,132,109,190,185,192,139,144,63,46,197,29,195,];False
4795;9240;14035;[146,142,169,3,4,5,6,52,32,161,124,11,104,94,14,49,2,103,18,86,163,175,95,23,24,25,37,27,123,90,85,158,153,33,15,35,36,66,181,39,40,54,42,119,44,108,8,47,48,136,50,51,107,34,16,55,188,101,58,59,151,61,187,199,64,98,68,41,135,84,155,114,127,73,74,159,21,184,78,79,121,167,26,81,150,30,133,67,88,162,148,91,92,171,116,82,77,97,143,99,122,125,179,168,198,183,87,62,196,189,22,111,112,113,70,115,174,178,102,0,120,80,45,105,191,71,126,72,128,137,130,117,110,19,134,53,13,129,138,1,176,131,31,180,194,145,100,147,173,149,10,56,152,43,193,106,118,157,154,75,160,76,89,9,38,165,166,83,17,57,164,93,172,12,141,20,60,177,28,156,65,170,182,140,96,69,186,7,132,109,190,185,192,139,144,195,46,197,29,63,];False
4774;9260;14034;[146,154,169,3,4,5,6,52,32,161,124,11,104,94,14,49,2,103,18,86,163,175,95,23,24,25,37,27,123,90,85,158,153,33,15,35,36,66,181,39,40,54,42,119,44,108,46,47,48,136,50,51,107,29,16,55,188,101,58,59,151,61,187,199,64,98,68,41,135,84,155,114,127,73,74,159,21,184,78,79,121,167,26,81,150,30,133,67,88,162,148,91,92,171,116,82,77,97,180,99,122,125,179,168,198,183,87,62,196,189,22,111,112,113,70,115,174,178,102,0,120,80,45,105,191,71,126,72,128,137,130,117,110,19,134,53,13,129,138,1,176,131,31,143,194,145,100,147,173,149,10,56,152,43,193,106,118,157,142,75,160,76,89,9,38,165,166,83,17,57,164,93,172,12,141,20,60,177,28,156,65,170,182,140,96,69,186,7,132,109,190,185,192,139,144,195,8,197,34,63,];False
4735;9298;14033;[146,142,169,3,4,5,6,52,32,161,124,11,104,94,14,49,2,103,18,86,163,175,95,23,24,25,37,27,123,90,85,158,153,33,147,35,36,66,181,39,40,54,42,119,44,108,8,47,199,136,50,51,107,34,16,55,188,101,58,59,151,61,187,48,64,98,68,41,135,84,155,114,127,73,74,159,21,184,78,79,121,167,26,81,150,30,133,67,88,162,148,91,92,171,116,82,77,97,180,99,122,125,179,168,198,183,87,62,196,189,22,111,112,113,70,115,174,178,102,0,120,80,45,105,191,71,126,72,128,137,130,117,110,19,134,53,13,129,138,1,176,131,31,143,194,145,100,15,173,149,10,56,152,43,193,106,118,157,154,75,160,76,89,9,38,165,166,83,93,57,164,17,172,12,141,20,60,177,28,156,65,170,182,140,96,69,186,7,132,109,190,185,192,139,144,63,46,197,29,195,];False
4783;9248;14031;[146,142,169,3,4,5,6,52,32,161,124,34,104,94,14,49,2,103,18,86,163,175,95,23,24,25,37,27,123,90,85,158,153,33,147,35,36,66,181,39,40,54,42,119,44,108,8,47,48,136,50,51,107,11,16,55,188,101,58,59,151,61,187,199,64,98,68,41,135,84,155,114,127,73,74,159,21,184,78,79,121,167,26,81,150,30,133,67,88,162,148,91,92,171,116,82,77,97,180,99,122,125,179,168,198,183,87,62,196,189,22,111,112,113,70,115,174,178,102,0,120,80,45,105,191,71,126,72,128,137,130,117,110,19,134,53,13,129,138,1,176,131,31,143,194,145,100,15,173,149,10,56,152,43,193,106,118,157,154,75,160,76,89,9,38,165,166,83,17,57,164,93,172,12,141,20,60,177,28,156,65,170,182,140,96,69,186,7,132,109,190,185,192,139,144,63,46,197,29,195,];False
4737;9291;14028;[146,142,169,3,4,5,6,52,32,161,60,11,104,94,14,49,2,103,18,86,163,175,95,23,24,25,37,27,123,90,85,158,153,33,147,35,36,66,181,39,40,54,42,119,44,108,8,47,48,136,50,51,107,34,16,55,188,101,58,59,151,61,187,199,64,98,68,41,135,84,155,114,127,73,74,159,21,184,78,79,121,167,26,81,150,30,133,67,88,162,148,91,92,171,116,82,77,97,180,99,122,125,179,168,198,183,87,62,196,189,22,111,112,113,70,115,174,178,102,0,120,80,45,105,191,71,126,72,128,137,130,117,110,19,134,53,13,129,138,1,176,131,31,143,194,145,100,15,173,149,10,56,152,43,193,106,118,157,154,75,160,76,89,9,38,165,166,83,17,57,164,93,172,12,141,20,124,177,28,156,65,170,182,140,96,69,186,7,132,109,190,185,192,139,144,63,46,197,29,195,];False
4776;9252;14028;[146,142,169,3,4,5,6,52,32,161,124,11,104,94,14,49,2,103,18,86,163,175,95,23,24,25,37,27,123,90,85,158,153,33,147,35,36,66,181,39,40,54,42,119,44,108,8,47,48,136,50,51,107,34,16,55,188,101,58,59,151,61,187,199,64,98,68,41,135,84,155,114,127,191,74,159,21,184,78,79,121,167,26,81,150,30,133,67,88,162,148,91,92,171,116,82,77,97,180,99,122,125,179,168,198,183,87,62,196,189,22,111,112,113,70,115,174,178,102,0,120,80,45,105,73,71,126,72,128,137,130,117,110,19,134,53,13,129,138,1,176,131,31,143,194,145,100,15,173,149,10,56,152,43,193,106,118,157,154,75,160,76,89,9,38,165,166,83,17,57,164,93,172,12,141,20,60,177,28,156,65,170,182,140,96,69,186,7,132,109,190,185,192,139,144,63,46,197,29,195,];False
4730;9294;14024;[146,142,169,3,4,5,6,52,32,161,124,11,104,94,14,49,2,103,18,86,163,175,95,23,24,25,37,27,123,90,85,158,153,33,147,35,36,66,181,39,40,54,174,119,44,108,8,47,48,136,50,51,107,34,16,55,188,101,58,59,151,61,187,199,64,98,68,41,135,84,155,114,127,73,74,159,21,184,78,79,121,167,26,81,150,30,133,67,88,162,148,91,92,171,116,82,77,97,180,99,122,125,179,168,198,183,87,62,196,189,22,111,112,113,70,115,42,178,102,0,120,80,45,105,191,71,126,72,128,137,130,117,110,19,134,53,13,129,138,1,176,131,31,143,194,145,100,15,173,149,10,56,152,43,193,106,118,157,154,75,160,76,89,9,38,165,166,83,93,57,164,17,172,12,141,20,60,177,28,156,65,170,182,140,96,69,186,7,132,109,190,185,192,139,144,63,46,197,29,195,];False
4762;9260;14022;[146,154,169,3,4,5,6,52,32,161,124,11,104,94,14,49,2,103,18,86,163,175,95,23,24,25,37,27,123,90,85,158,153,33,15,35,36,66,181,39,40,54,42,119,44,108,46,47,48,136,50,51,107,34,16,55,188,101,58,59,151,61,187,199,64,98,68,41,135,84,155,114,127,73,74,159,21,184,78,79,121,167,26,81,150,30,133,67,88,162,148,91,92,171,116,82,77,97,180,99,122,125,179,168,198,183,87,62,196,189,22,111,112,113,70,115,174,178,102,0,120,80,45,105,191,71,126,72,128,137,130,117,110,19,134,53,13,129,138,1,176,131,31,143,194,145,100,147,173,149,10,56,152,43,193,106,118,157,142,75,160,76,89,9,38,165,166,83,17,57,164,93,172,12,141,20,60,177,28,156,65,170,182,140,96,69,186,7,132,109,190,185,192,139,144,195,8,197,29,63,];False
4779;9239;14018;[146,142,169,3,4,5,6,52,32,161,124,11,104,94,14,49,2,103,18,86,163,175,95,23,24,25,37,27,123,90,85,158,153,33,15,35,36,66,181,39,40,54,42,119,44,108,8,47,48,136,50,51,107,34,16,55,188,57,58,59,151,61,187,199,64,98,68,41,135,84,155,114,127,73,74,159,21,184,78,79,121,167,26,81,150,30,133,67,88,162,148,91,92,171,116,82,77,97,180,99,122,125,179,168,198,183,87,62,196,189,22,111,112,113,70,115,174,178,102,0,120,80,45,105,191,71,126,72,128,137,130,117,110,19,134,53,13,129,138,1,176,131,31,143,194,145,100,147,173,149,10,56,152,43,193,106,118,157,154,75,160,76,89,9,38,165,166,83,17,101,164,93,172,12,141,20,60,177,28,156,65,170,182,140,96,69,186,7,132,109,190,185,192,139,144,195,46,197,29,63,];False
4709;9307;14016;[146,142,169,3,4,5,6,52,32,161,124,11,104,94,14,49,2,103,18,86,163,175,95,23,24,25,37,27,123,90,85,158,153,33,147,35,36,66,181,39,40,54,42,119,44,108,8,47,48,136,50,51,107,34,16,55,188,101,58,59,151,61,187,199,64,98,68,41,135,84,155,114,127,73,74,159,21,184,78,79,121,167,26,81,150,30,133,67,88,162,148,91,92,171,116,82,77,97,180,99,122,125,179,168,198,183,87,62,196,189,22,111,112,113,70,115,174,178,102,0,120,80,45,105,191,71,126,72,128,137,130,117,110,19,134,53,13,129,138,1,176,131,31,143,194,145,100,15,173,144,10,56,152,43,193,106,118,157,154,75,160,76,89,9,38,165,166,83,17,57,164,93,172,12,141,20,60,177,28,156,65,170,182,140,96,69,186,7,132,109,190,185,192,139,149,63,46,197,29,195,];False
4747;9267;14014;[146,142,169,3,4,5,6,52,32,161,124,11,104,94,14,49,2,103,18,86,163,175,95,23,24,25,37,27,123,90,85,158,153,33,147,35,36,66,181,39,40,54,42,119,44,108,8,47,48,136,50,51,107,34,16,55,188,101,58,59,151,61,187,199,165,98,68,41,135,84,155,114,127,73,74,159,21,184,78,79,121,167,26,81,150,30,133,67,88,162,148,91,92,171,116,82,77,97,180,99,122,125,179,168,198,183,87,62,196,189,22,111,112,113,70,115,174,178,102,0,120,80,45,105,191,71,126,72,128,137,130,117,110,19,134,53,13,129,138,1,176,131,31,143,194,145,100,15,173,149,10,56,152,43,193,106,118,157,154,75,160,76,89,9,38,64,166,83,17,57,164,93,172,12,141,20,60,177,28,156,65,170,182,140,96,69,186,7,132,109,190,185,192,139,144,63,46,197,29,195,];False
4740;9271;14011;[146,142,169,3,4,5,6,52,32,161,124,11,104,94,14,49,2,103,18,86,163,175,95,23,24,25,37,27,123,90,85,158,153,33,15,35,36,66,181,39,40,54,42,119,44,108,8,47,48,136,50,51,107,34,16,55,188,101,58,59,151,61,187,199,64,98,68,41,135,84,155,114,127,73,74,159,21,184,78,79,121,167,26,81,150,30,133,67,88,162,148,91,92,171,116,82,77,97,180,99,122,125,179,168,198,183,87,62,196,189,22,111,112,113,70,115,29,178,102,0,120,80,45,105,191,71,126,72,128,137,130,117,110,19,134,53,13,129,138,1,176,131,31,143,194,145,100,147,173,149,10,56,152,43,193,106,118,157,154,75,160,76,89,9,38,165,166,83,17,57,164,93,172,12,141,20,60,177,28,156,65,170,182,140,96,69,186,7,132,109,190,185,192,139,144,195,46,197,174,63,];False
4827;9182;14009;[146,142,169,3,4,5,6,52,32,161,124,11,104,94,14,49,2,103,18,86,163,175,95,23,24,25,37,27,123,90,85,158,153,33,147,35,36,66,181,39,40,54,42,119,44,108,8,47,48,136,50,51,107,34,16,55,188,101,58,59,151,61,187,199,64,98,68,41,135,84,155,114,127,73,74,159,21,184,78,79,121,167,26,81,150,30,133,67,88,162,148,91,92,171,116,82,77,97,180,99,122,125,179,168,198,183,87,62,196,189,22,111,112,113,70,115,174,178,102,0,120,80,45,105,191,71,126,72,128,137,130,117,110,19,134,53,13,129,138,1,176,131,31,143,194,145,100,15,164,149,10,56,152,43,193,106,118,157,154,75,160,76,89,9,38,165,166,83,17,57,173,93,172,12,141,20,60,177,28,156,65,170,182,140,96,69,186,7,132,109,190,185,192,139,144,195,46,197,29,63,];False
4730;9278;14008;[146,142,169,3,4,5,6,52,32,161,124,11,104,94,14,49,2,103,18,86,163,175,95,23,24,25,37,27,123,90,85,158,153,33,147,35,36,66,181,39,40,54,42,119,44,108,8,47,48,136,50,51,107,34,16,55,188,101,58,59,151,61,187,199,64,98,68,41,135,84,155,114,127,73,74,159,21,184,78,79,121,167,26,81,150,30,133,67,88,162,148,91,92,171,116,82,13,97,180,99,122,125,179,168,198,183,87,62,196,189,22,111,112,113,70,115,174,178,102,0,120,80,45,105,191,71,126,72,128,137,130,117,110,19,134,53,77,129,138,1,176,131,31,143,194,145,100,15,173,149,10,56,152,43,193,106,118,157,154,75,160,76,89,9,38,165,166,83,17,57,164,93,172,12,141,20,60,177,28,156,65,170,182,140,96,69,186,7,132,109,190,185,192,139,144,63,46,197,29,195,];False
4822;9184;14006;[146,142,169,3,4,5,6,52,32,161,124,11,104,94,14,49,2,91,18,86,163,175,95,23,24,25,37,27,123,90,85,158,153,33,147,35,36,66,181,39,40,54,42,119,44,108,8,47,48,136,50,51,107,34,16,55,188,101,58,59,151,61,187,199,64,98,68,41,135,84,155,114,127,73,74,159,21,184,78,79,121,167,26,81,150,30,133,67,88,162,148,103,92,171,116,82,77,97,180,99,122,125,179,168,198,183,87,62,196,189,22,111,112,113,70,115,174,178,102,0,120,80,45,105,191,71,126,72,128,137,130,117,110,19,134,53,13,129,138,1,176,131,31,143,194,145,100,15,173,149,10,56,152,43,193,106,118,157,154,75,160,76,89,9,38,165,166,83,93,57,164,17,172,12,141,20,60,177,28,156,65,170,182,140,96,69,186,7,132,109,190,185,192,139,144,63,46,197,29,195,];False
4741;9265;14006;[146,142,169,3,4,5,6,52,32,161,124,11,104,94,14,49,2,103,18,86,163,175,95,23,24,25,37,27,123,90,85,158,153,33,147,35,36,66,181,39,40,54,42,119,44,108,8,47,115,136,50,51,107,34,16,55,188,101,58,59,151,61,187,199,64,98,68,41,135,84,155,114,127,73,74,159,21,184,78,79,121,167,26,81,150,30,133,67,88,162,148,91,92,171,116,82,77,97,180,99,122,125,179,168,198,183,87,62,196,189,22,111,112,113,70,48,174,178,102,0,120,80,45,105,191,71,126,72,128,137,130,117,110,19,134,53,13,129,138,1,176,131,31,143,194,145,100,15,173,149,10,56,152,43,193,106,118,157,154,75,160,76,89,9,38,165,166,83,17,57,164,93,172,12,141,20,60,177,28,156,65,170,182,140,96,69,186,7,132,109,190,185,192,139,144,63,46,197,29,195,];False
4758;9247;14005;[146,142,169,3,4,5,6,52,32,161,124,11,104,94,14,49,2,103,18,86,163,175,95,23,24,25,37,27,123,90,85,158,153,33,147,35,36,66,181,39,40,54,42,119,44,108,8,47,48,136,50,51,107,34,16,55,188,101,58,59,151,61,187,199,64,98,68,41,135,84,155,114,127,73,74,159,21,184,78,166,121,167,26,81,150,30,133,67,88,162,148,91,92,171,116,82,77,97,180,99,122,125,179,168,198,183,87,62,196,189,22,111,112,113,70,115,174,178,102,0,120,80,45,105,191,71,126,72,128,137,130,117,110,19,134,53,13,129,138,1,176,131,31,143,194,145,100,15,173,149,10,56,152,43,193,106,118,157,154,75,160,76,89,9,38,165,79,83,17,57,164,93,172,12,141,20,60,177,28,156,65,170,182,140,96,69,186,7,132,109,190,185,192,139,144,63,46,197,29,195,];False
4781;9223;14004;[146,142,169,3,4,5,6,52,32,161,124,11,104,94,14,49,2,103,18,195,163,175,95,23,24,25,37,27,123,90,85,158,153,33,147,35,36,66,181,39,40,54,42,119,44,108,8,47,48,136,50,51,107,34,16,55,188,101,58,59,151,61,187,199,64,98,68,41,135,84,155,114,127,73,74,159,21,184,78,79,121,167,26,81,150,30,133,67,88,162,148,91,92,171,116,82,77,97,180,99,122,125,179,168,198,183,87,62,196,189,22,111,112,113,70,115,174,178,102,0,120,80,45,105,191,71,126,72,128,137,130,117,110,19,134,53,13,129,138,1,176,131,31,143,194,145,100,15,173,149,10,56,152,43,193,106,118,157,154,75,160,76,89,9,38,165,166,83,17,57,164,93,172,12,141,20,60,177,28,156,65,170,182,140,96,69,186,7,132,109,190,185,192,139,144,86,46,197,29,63,];False
4746;9256;14002;[146,142,169,3,4,5,6,52,32,161,124,11,104,94,14,49,2,103,18,86,163,175,95,23,24,25,37,27,123,90,85,158,153,33,147,35,36,66,181,39,40,54,42,119,44,108,8,47,48,136,50,51,107,34,16,55,188,101,58,59,151,61,187,199,64,98,68,41,135,84,155,114,127,73,74,159,21,184,78,79,121,167,26,81,150,30,133,67,88,162,148,91,92,171,116,82,77,97,180,99,122,125,179,168,198,183,87,62,196,189,22,111,112,113,70,115,174,178,102,0,120,80,45,105,191,71,126,72,128,137,130,117,110,19,134,53,13,129,138,1,176,131,31,143,194,145,100,15,173,149,10,56,152,43,193,106,118,157,154,75,160,76,89,9,38,165,7,83,17,57,164,93,172,12,141,20,60,177,28,156,65,170,182,140,96,69,186,166,132,109,190,185,192,139,144,63,46,197,29,195,];False
4721;9277;13998;[146,142,169,3,4,5,6,52,32,161,124,11,104,94,14,49,2,103,18,86,163,175,95,23,24,25,37,27,123,90,85,158,153,33,147,35,36,66,181,39,40,54,42,119,44,108,8,47,48,136,50,51,100,34,16,55,188,101,58,59,151,61,187,199,64,98,68,41,135,84,155,114,127,73,74,159,21,184,78,79,121,167,26,81,150,30,133,67,88,162,148,91,92,171,116,82,77,97,180,99,122,125,179,168,198,183,87,62,196,189,22,111,112,113,70,115,174,178,102,0,120,80,45,105,191,71,126,72,128,137,130,117,110,19,134,53,13,129,138,1,176,131,31,143,194,145,107,15,173,149,10,56,152,43,193,106,118,157,154,75,160,76,89,9,38,165,166,83,17,57,164,93,172,12,141,20,60,177,28,156,65,170,182,140,96,69,186,7,132,109,190,185,192,139,144,63,46,197,29,195,];False
4791;9206;13997;[146,142,169,3,4,5,6,52,32,161,124,11,104,94,14,49,97,103,18,86,163,175,95,23,24,25,37,27,123,90,85,158,153,33,147,35,36,66,181,39,40,54,42,119,44,108,8,47,48,136,50,51,107,34,16,55,188,101,58,59,151,61,187,199,64,98,68,41,135,84,155,114,127,73,74,159,21,184,78,79,121,167,26,81,150,30,133,67,88,162,148,91,92,171,116,82,77,2,180,99,122,125,179,168,198,183,87,62,196,189,22,111,112,113,70,115,174,178,102,0,120,80,45,105,191,71,126,72,128,137,130,117,110,19,134,53,13,129,138,1,176,131,31,143,194,145,100,15,173,149,10,56,152,43,193,106,118,157,154,75,160,76,89,9,38,165,166,83,17,57,164,93,172,12,141,20,60,177,28,156,65,170,182,140,96,69,186,7,132,109,190,185,192,139,144,195,46,197,29,63,];False
4744;9251;13995;[146,142,169,3,4,5,6,52,32,161,124,11,104,94,14,49,2,103,18,86,163,175,95,23,24,25,37,27,123,90,85,158,153,33,147,35,36,66,181,39,40,54,42,119,44,108,8,47,48,136,50,51,107,34,16,55,188,101,58,59,151,61,187,199,64,98,68,41,135,84,155,114,127,73,74,159,21,184,78,79,121,167,26,81,150,30,133,67,88,162,148,91,92,171,116,82,77,97,180,99,122,125,179,168,198,183,87,62,196,189,22,111,112,113,70,115,174,178,102,0,120,80,45,105,191,71,126,72,128,137,130,117,110,197,134,53,13,129,138,1,176,131,31,143,144,145,100,15,173,149,10,56,152,43,193,106,118,157,154,75,160,76,89,9,38,165,166,83,93,57,164,17,172,12,141,20,60,177,28,156,65,170,182,140,96,69,186,7,132,109,190,185,192,139,194,63,46,19,29,195,];False
4758;9235;13993;[146,142,169,3,4,5,6,52,32,161,124,11,104,94,14,49,2,103,18,86,163,175,95,23,24,25,37,27,123,90,85,158,153,33,147,35,36,66,181,39,40,54,42,119,44,71,8,47,48,136,50,51,107,34,16,55,188,101,58,59,151,61,187,199,64,98,68,41,135,84,155,114,127,73,74,159,21,184,78,79,121,167,26,81,150,30,133,67,88,162,148,91,92,171,116,82,77,97,180,99,122,125,179,168,198,183,87,62,196,189,22,111,112,113,70,115,174,178,102,0,120,80,45,105,191,108,126,72,128,137,130,117,110,19,134,53,13,129,138,1,176,131,31,143,194,145,100,15,173,149,10,56,152,43,193,106,118,157,154,75,160,76,89,9,38,165,166,83,93,57,164,17,172,12,141,20,60,177,28,156,65,170,182,140,96,69,186,7,132,109,190,185,192,139,144,63,46,197,29,195,];False
4748;9245;13993;[146,142,169,3,4,5,6,52,32,161,124,11,104,94,14,49,2,103,18,86,163,175,95,23,24,25,37,27,123,90,85,158,153,33,147,35,36,66,181,39,40,54,42,119,44,108,8,47,48,136,50,51,107,34,16,55,188,101,58,59,151,61,187,199,64,98,68,41,135,84,155,114,127,73,74,159,21,184,145,79,121,167,26,81,150,30,133,67,88,162,148,91,92,171,116,82,77,97,180,99,122,125,179,168,198,183,87,62,196,189,22,111,112,113,70,115,174,178,102,0,120,80,45,105,191,71,126,72,128,137,130,117,110,19,134,53,13,129,138,1,176,131,31,143,194,78,100,15,173,149,10,56,152,43,193,106,118,157,154,75,160,76,89,9,38,165,166,83,93,57,164,17,172,12,141,20,60,177,28,156,65,170,182,140,96,69,186,7,132,109,190,185,192,139,144,63,46,197,29,195,];False
4736;9257;13993;[146,142,169,3,4,5,6,52,32,161,124,11,104,94,14,49,2,103,18,86,163,175,95,23,24,25,37,27,123,90,85,158,153,33,147,35,36,66,181,39,40,54,42,119,44,108,8,47,48,136,50,51,107,34,16,55,188,101,58,59,151,61,187,199,64,98,68,41,135,84,155,114,127,73,74,159,21,184,78,79,121,167,26,81,150,30,133,67,88,162,148,91,92,171,116,82,77,97,180,99,122,125,179,168,198,183,87,62,196,189,22,111,112,113,70,115,174,178,102,0,120,80,45,105,191,71,126,72,128,137,130,117,110,197,134,106,13,129,138,1,176,131,31,143,194,145,100,15,173,149,10,56,152,43,193,53,118,157,154,75,160,76,89,9,38,165,166,83,93,57,164,17,172,12,141,20,60,177,28,156,65,170,182,140,96,69,186,7,132,109,190,185,192,139,144,63,46,19,29,195,];False
4719;9272;13991;[146,142,169,3,4,5,6,40,32,161,124,11,104,94,14,49,2,103,18,86,163,175,95,23,24,25,37,27,123,90,85,158,153,33,147,35,36,66,181,39,52,54,42,119,44,108,8,47,48,136,50,51,107,34,16,55,188,101,58,59,151,61,187,199,64,98,68,41,135,84,155,114,127,73,74,159,21,184,78,79,121,167,26,81,150,30,133,67,88,162,148,91,92,171,116,82,77,97,180,99,122,125,179,168,198,183,87,62,196,189,22,111,112,113,70,115,174,178,102,0,120,80,45,105,191,71,126,72,128,137,130,117,110,19,134,53,13,129,138,1,176,131,31,143,194,145,100,15,173,149,10,56,152,43,193,106,118,157,154,75,160,76,89,9,38,165,166,83,17,57,164,93,172,12,141,20,60,177,28,156,65,170,182,140,96,69,186,7,132,109,190,185,192,139,144,63,46,197,29,195,];False
4763;9227;13990;[146,142,169,3,4,5,6,52,32,161,124,11,104,94,14,49,2,103,18,86,163,175,95,23,24,25,37,27,123,90,85,158,153,33,147,35,36,66,181,39,40,54,42,119,44,108,8,47,48,136,50,51,107,34,16,55,188,101,58,59,151,61,187,199,64,98,68,41,135,84,155,114,127,73,74,159,21,184,78,79,121,167,26,81,150,30,133,67,88,162,130,91,92,171,116,82,77,97,180,99,122,125,179,168,198,183,87,62,196,189,22,111,112,113,70,115,174,178,102,0,120,80,45,105,191,71,126,72,128,137,148,117,110,19,134,53,13,129,138,1,176,131,31,143,194,145,100,15,173,149,10,56,152,43,193,106,118,157,154,75,160,76,89,9,38,165,166,83,93,57,164,17,172,12,141,20,60,177,28,156,65,170,182,140,96,69,186,7,132,109,190,185,192,139,144,63,46,197,29,195,];False
4722;9266;13988;[146,142,169,3,4,5,6,52,32,161,124,11,104,94,14,49,2,103,18,86,163,175,95,23,24,25,37,27,123,90,85,158,153,33,15,35,36,66,181,39,40,54,42,119,44,108,46,47,48,136,50,51,107,34,16,55,188,101,58,59,151,61,187,199,64,98,68,41,135,84,155,114,127,73,74,159,21,184,78,79,121,167,26,81,150,30,133,67,88,162,148,91,92,171,116,82,77,97,180,99,122,125,179,168,198,183,87,62,196,189,22,111,112,113,70,115,174,178,102,0,120,80,45,105,191,71,126,72,128,137,130,117,110,19,134,53,13,129,138,1,176,131,31,143,194,145,100,147,173,149,10,56,152,43,193,106,118,157,154,75,160,76,89,9,38,165,166,83,17,57,164,93,172,12,141,20,60,177,28,156,65,170,182,140,96,69,186,7,132,109,190,185,192,139,144,195,8,197,29,63,];False
4681;9306;13987;[146,142,169,3,4,5,6,52,32,161,124,11,104,94,14,49,2,103,18,86,163,175,95,23,24,25,37,27,123,90,85,158,153,33,147,35,36,66,181,39,40,54,42,119,44,108,8,83,48,136,50,51,107,34,16,55,188,101,58,59,151,61,187,199,64,98,68,41,135,84,155,114,127,73,74,159,21,184,78,79,121,167,26,81,150,30,133,67,88,0,148,91,92,171,116,82,77,97,180,99,122,125,179,168,198,183,87,93,196,189,22,111,112,113,70,115,177,178,57,162,120,80,45,105,191,71,126,72,128,137,130,117,110,197,134,53,13,129,138,1,176,131,31,143,194,145,100,15,173,149,10,56,152,43,193,106,118,157,154,75,160,76,89,9,38,165,166,47,62,102,164,17,172,12,141,20,60,174,28,156,65,170,182,140,96,69,186,7,132,109,190,185,192,139,144,63,46,19,29,195,];False
4700;9287;13987;[146,142,169,3,4,5,6,52,32,161,124,11,104,94,14,49,2,103,18,86,163,175,95,23,24,25,37,27,123,90,85,158,153,33,147,35,36,66,181,39,40,54,42,119,44,108,8,47,48,136,50,51,107,34,16,55,188,101,58,59,151,61,187,199,64,98,68,41,135,84,155,114,127,73,74,159,21,184,78,79,121,167,26,81,150,30,133,67,88,0,148,91,92,171,116,82,77,97,180,99,122,125,179,168,198,183,87,62,196,189,22,111,112,113,70,115,174,178,57,162,120,80,45,105,191,71,126,109,128,137,130,117,110,197,134,53,13,129,138,1,176,131,31,143,194,145,100,15,173,149,10,56,152,43,193,106,118,157,154,75,160,76,89,9,38,165,166,83,93,102,164,17,172,12,141,20,60,177,28,156,65,170,182,140,96,69,186,7,132,72,190,185,192,139,144,63,46,19,29,195,];False
4741;9243;13984;[146,142,169,3,4,5,6,52,32,161,124,11,104,94,14,49,2,103,18,86,163,175,95,23,24,25,37,27,123,90,85,158,153,33,21,35,36,66,181,39,40,54,42,119,44,108,8,47,48,136,50,51,107,34,16,55,188,101,58,59,151,61,187,199,64,98,68,41,135,84,155,114,127,73,74,159,147,184,78,79,121,167,26,81,150,30,133,67,88,162,148,91,92,171,116,82,77,97,180,99,122,125,179,168,198,183,87,62,196,189,22,111,112,113,70,115,174,178,102,0,120,80,45,105,191,71,126,72,128,137,130,117,110,197,134,53,13,129,138,1,176,131,31,143,194,145,100,15,173,149,10,56,152,43,193,106,118,157,154,75,160,76,89,9,38,165,166,83,93,57,164,17,172,12,141,20,60,177,28,156,65,170,182,140,96,69,186,7,132,109,190,185,192,139,144,63,46,19,29,195,];False
4711;9271;13982;[146,142,169,3,4,5,6,52,32,161,124,11,104,94,14,49,2,103,18,86,163,175,95,23,24,25,37,27,123,90,85,158,153,33,147,35,36,120,181,39,40,54,42,119,44,108,8,47,48,136,50,51,107,34,16,55,188,101,58,59,151,61,187,199,64,98,68,41,135,84,155,114,127,73,74,159,21,184,78,79,121,167,26,81,150,30,133,67,88,162,148,91,92,171,116,82,77,97,180,99,122,125,179,168,198,183,87,62,196,189,22,111,112,113,70,115,174,178,102,0,66,80,45,105,191,71,126,72,128,137,130,117,110,19,134,53,13,129,138,1,176,131,31,143,194,145,100,15,173,149,10,56,152,43,193,106,118,157,154,75,160,76,89,9,38,165,166,83,17,57,164,93,172,12,141,20,60,177,28,156,65,170,182,140,96,69,186,7,132,109,190,185,192,139,144,63,46,197,29,195,];False
4748;9234;13982;[146,142,169,3,4,5,6,52,32,161,124,11,104,94,14,49,2,103,18,86,163,175,95,23,24,25,37,179,123,90,85,158,153,33,147,35,36,66,181,39,40,54,42,119,44,108,8,47,48,136,50,51,107,34,16,55,188,101,58,59,151,61,187,199,64,98,68,41,135,84,155,114,127,73,74,159,21,184,78,79,121,167,26,81,150,30,133,67,88,162,148,91,92,171,116,82,77,97,180,99,122,125,27,168,198,183,87,62,196,189,22,111,112,113,70,115,174,178,102,0,120,80,45,105,191,71,126,72,128,137,130,117,110,19,134,53,13,129,138,1,176,131,31,143,194,145,100,15,173,149,10,56,152,43,193,106,118,157,154,75,160,76,89,9,38,165,166,83,17,57,164,93,172,12,141,20,60,177,28,156,65,170,182,140,96,69,186,7,132,109,190,185,192,139,144,195,46,197,29,63,];False
4662;9320;13982;[146,142,169,3,4,5,6,52,32,161,124,11,104,94,14,49,2,103,18,86,163,175,95,23,24,25,37,27,123,90,85,158,153,33,147,35,36,66,181,39,40,54,42,119,44,108,8,47,48,136,50,51,107,34,16,55,188,101,58,59,151,61,187,199,64,98,68,41,135,84,155,114,127,73,74,159,21,184,78,79,121,167,26,81,150,30,133,67,88,0,148,91,92,171,116,82,77,97,180,99,122,125,179,168,198,183,87,62,196,189,22,111,112,113,70,115,174,178,57,162,120,80,45,105,191,71,126,72,128,137,130,117,110,197,134,53,13,129,20,1,176,131,31,143,194,145,100,15,173,149,10,56,152,43,193,106,118,157,154,75,160,76,89,9,38,165,166,83,93,102,164,17,172,12,141,138,60,177,28,156,65,170,182,140,96,69,186,7,132,109,190,185,192,139,144,63,46,19,29,195,];False
4792;9189;13981;[146,142,169,3,4,5,6,52,32,161,124,11,104,94,14,49,2,103,18,86,163,175,95,23,24,25,37,27,123,90,85,158,153,33,147,35,36,66,181,39,40,54,42,119,44,108,8,47,48,136,50,51,107,34,16,55,188,127,58,59,151,61,187,199,64,98,68,41,135,84,155,114,101,73,74,159,21,184,78,79,121,167,26,81,150,30,133,67,88,162,148,91,92,171,116,82,77,97,180,99,122,125,179,168,198,183,87,62,196,189,22,111,112,113,70,115,174,178,102,0,120,80,45,105,191,71,126,72,128,137,130,117,110,19,134,53,13,129,138,1,176,131,31,143,194,145,100,15,173,149,10,56,152,43,193,106,118,157,154,75,160,76,89,9,38,165,166,83,17,57,164,93,172,12,141,20,60,177,28,156,65,170,182,140,96,69,186,7,132,109,190,185,192,139,144,195,46,197,29,63,];False
4634;9346;13980;[146,142,169,3,4,5,6,52,32,161,124,11,104,94,14,49,2,103,18,86,163,175,95,23,24,25,37,27,123,90,85,158,153,33,147,35,36,66,181,39,40,54,132,119,44,108,8,47,48,136,50,51,107,34,16,55,188,101,58,59,151,61,187,199,64,98,68,41,135,84,155,114,127,73,74,159,21,184,78,79,121,167,26,81,150,30,133,67,88,0,148,91,92,171,116,82,77,97,180,99,122,125,179,168,198,183,87,62,196,189,22,111,112,113,70,115,174,178,57,162,120,80,45,105,191,71,126,72,128,137,130,117,110,197,134,53,13,129,138,1,176,131,31,143,194,145,100,15,173,149,10,56,152,43,193,106,118,157,154,75,160,76,89,9,38,165,166,83,93,102,164,17,172,12,141,20,60,177,28,156,65,170,182,140,96,69,186,7,42,109,190,185,192,139,144,63,46,19,29,195,];False
4710;9269;13979;[146,142,169,3,4,5,6,52,32,161,124,11,104,94,14,49,2,103,18,86,163,175,95,23,24,25,37,27,123,90,85,158,153,33,147,35,36,66,181,39,40,54,42,119,44,108,8,47,48,136,50,51,107,34,16,55,188,101,58,59,151,61,187,199,64,98,68,41,135,84,155,114,127,121,74,159,21,184,78,79,73,167,26,81,150,30,133,67,88,162,148,91,92,171,116,82,77,97,180,99,122,125,179,168,198,183,87,62,196,189,22,111,112,113,70,115,174,178,102,0,120,80,45,105,191,71,126,72,128,137,130,117,110,197,134,53,13,129,138,1,176,131,31,143,194,145,100,15,173,149,10,56,152,43,193,106,118,157,154,75,160,76,89,9,38,165,166,83,93,57,164,17,172,12,141,20,60,177,28,156,65,170,182,140,96,69,186,7,132,109,190,185,192,139,144,63,46,19,29,195,];False
4738;9233;13971;[146,142,169,3,4,5,6,52,32,161,124,11,104,94,14,49,2,103,18,86,163,175,95,23,24,25,37,27,123,90,85,158,153,33,147,35,36,66,181,39,40,54,42,119,44,108,8,47,48,136,50,51,107,34,16,55,188,101,58,59,151,61,187,199,64,98,68,41,135,84,155,114,127,73,74,159,21,184,78,79,121,167,26,81,150,30,133,67,88,162,148,91,92,171,116,82,191,97,180,99,122,125,179,168,198,183,87,62,196,189,22,111,112,113,70,115,174,178,102,0,120,80,45,105,77,71,126,72,128,137,130,117,110,19,134,53,13,129,138,1,176,131,31,143,194,145,100,15,173,149,10,56,152,43,193,106,118,157,154,75,160,76,89,9,38,165,166,83,93,57,164,17,172,12,141,20,60,177,28,156,65,170,182,140,96,69,186,7,132,109,190,185,192,139,144,63,46,197,29,195,];False
4742;9227;13969;[146,142,169,3,4,5,6,52,32,161,124,11,104,94,14,49,2,103,18,86,163,175,95,23,24,25,37,27,123,90,85,158,153,33,147,35,36,66,181,39,40,54,42,119,44,108,8,83,48,136,50,51,107,34,16,55,188,101,58,59,151,61,187,199,64,98,68,41,135,84,155,114,127,73,74,159,21,184,78,79,121,167,26,81,150,30,133,67,88,0,148,91,92,171,116,82,77,97,180,99,122,125,179,168,198,183,87,93,196,189,22,111,112,113,70,118,174,178,57,162,120,80,45,105,191,71,126,72,128,137,130,117,110,197,134,53,13,129,138,1,176,131,31,143,194,145,100,15,173,149,10,56,152,43,193,106,115,157,154,75,160,76,89,9,38,165,166,47,62,102,164,17,172,12,141,20,60,177,28,156,65,170,182,140,96,69,186,7,132,109,190,185,192,139,144,63,46,19,29,195,];False
4698;9269;13967;[146,142,169,3,4,5,6,52,32,161,124,11,104,94,14,49,2,103,18,86,163,175,95,23,24,25,37,27,123,90,85,158,153,33,147,35,36,66,181,39,40,54,42,119,44,108,8,47,48,136,50,51,107,34,16,55,188,101,58,59,151,61,187,199,64,98,68,41,135,84,155,114,127,73,74,159,21,184,78,79,121,167,26,81,150,30,133,67,88,162,148,91,92,171,116,82,77,97,180,99,122,125,179,168,198,183,87,62,196,189,22,111,112,113,70,38,174,178,102,0,120,80,45,105,191,71,126,72,128,137,130,117,110,19,134,53,13,129,138,1,176,131,31,143,194,145,100,15,173,149,10,56,152,43,193,106,118,157,154,75,160,76,89,9,115,165,166,83,17,57,164,93,172,12,141,20,60,177,28,156,65,170,182,140,96,69,186,7,132,109,190,185,192,139,144,63,46,197,29,195,];False
4686;9281;13967;[146,142,169,3,4,5,6,52,32,161,124,11,104,94,14,145,2,103,18,86,163,175,95,23,24,25,37,27,123,90,85,158,153,33,147,35,36,66,181,39,40,54,42,119,44,108,8,47,48,136,50,51,107,34,16,55,188,101,58,59,151,61,187,199,64,98,68,41,135,84,155,114,127,73,74,159,21,184,78,79,121,167,26,81,150,30,133,67,88,162,148,91,92,171,116,82,77,97,180,99,122,125,179,168,198,183,87,62,196,189,22,111,112,113,70,115,174,178,102,0,120,80,45,105,191,71,126,72,128,137,130,117,110,19,134,53,13,129,138,1,176,131,31,143,194,49,100,15,173,149,10,56,152,43,193,106,118,157,154,75,160,76,89,9,38,165,166,83,17,57,164,93,172,12,141,20,60,177,28,156,65,170,182,140,96,69,186,7,132,109,190,185,192,139,144,63,46,197,29,195,];False
4676;9290;13966;[146,142,169,3,4,5,6,52,32,161,124,11,104,94,14,49,2,103,18,86,163,175,95,23,24,25,37,27,123,90,85,158,153,33,15,35,36,66,181,39,40,54,42,119,44,108,8,47,48,136,50,51,107,34,16,55,188,101,58,59,151,61,187,199,64,98,68,41,135,84,155,114,127,73,74,159,21,184,78,79,121,167,26,81,150,30,133,67,88,162,148,91,92,171,116,82,77,97,180,99,122,125,179,168,198,183,87,62,196,189,22,111,112,113,70,115,174,178,102,0,120,80,45,105,117,71,126,72,128,137,130,191,110,19,134,53,13,129,138,1,176,131,31,143,194,145,100,147,173,149,10,56,152,43,193,106,118,157,154,75,160,76,89,9,38,165,166,83,17,57,164,93,172,12,141,20,60,177,28,156,65,170,182,140,96,69,186,7,132,109,190,185,192,139,144,195,46,197,29,63,];False
4683;9281;13964;[146,142,169,3,4,5,6,52,32,161,124,11,104,94,14,49,2,103,18,86,163,175,95,23,24,25,37,27,123,90,85,158,153,33,147,35,36,66,181,39,40,54,42,119,44,108,8,83,48,136,50,51,107,34,16,55,188,101,58,59,151,61,187,199,64,98,68,41,135,84,155,114,127,73,74,159,21,184,78,79,121,167,26,81,150,30,133,67,88,0,148,91,92,171,116,43,77,97,180,99,122,125,179,168,198,183,87,93,196,189,22,111,112,113,70,115,174,178,57,162,120,80,45,105,191,71,126,72,128,137,130,117,110,197,134,53,13,129,138,1,176,131,31,143,194,145,100,15,173,149,10,56,152,82,193,106,118,157,154,75,160,76,89,9,38,165,166,47,62,102,164,17,172,12,141,20,60,177,28,156,65,170,182,140,96,69,186,7,132,109,190,185,192,139,144,63,46,19,29,195,];False
4636;9327;13963;[146,142,169,3,4,5,6,52,32,161,124,11,104,94,14,49,2,103,18,86,163,175,95,23,24,25,37,27,123,90,85,158,153,33,15,35,36,66,181,39,40,54,42,119,44,108,8,47,48,136,50,51,107,34,16,55,188,101,58,59,151,61,187,199,64,98,68,41,135,84,155,114,127,73,74,159,21,184,78,79,121,167,26,81,150,30,133,67,88,162,148,91,92,171,116,82,77,97,180,99,122,125,179,168,198,183,87,62,196,189,22,111,112,113,70,115,174,178,102,0,120,80,45,105,191,71,126,72,128,137,130,117,110,19,134,53,13,129,138,1,176,131,31,143,194,145,100,147,173,149,10,56,152,43,193,106,118,157,154,75,160,76,89,9,38,165,166,83,17,57,164,93,172,12,141,20,60,177,28,156,65,170,182,140,96,69,29,7,132,109,190,185,192,139,144,195,46,197,186,63,];False
4661;9298;13959;[146,142,169,3,4,95,6,52,32,161,124,11,104,94,14,49,2,103,18,86,163,175,5,23,24,25,37,27,123,90,85,158,153,33,147,35,36,66,181,39,40,54,42,119,44,108,8,47,48,136,50,51,107,34,16,55,188,101,58,59,151,61,187,199,64,98,68,41,135,84,155,114,127,73,74,159,21,184,78,79,121,167,26,81,150,30,133,67,88,162,148,91,92,171,116,82,77,97,180,99,122,125,179,168,198,183,87,62,196,189,22,111,112,113,70,115,174,178,102,0,120,80,45,105,191,71,126,72,128,137,130,117,110,19,134,53,13,129,138,1,176,131,31,143,194,145,100,15,173,149,10,56,152,43,193,106,118,157,154,75,160,76,89,9,38,165,166,83,17,57,164,93,172,12,141,20,60,177,28,156,65,170,182,140,96,69,186,7,132,109,190,185,192,139,144,63,46,197,29,195,];False
4734;9225;13959;[146,142,169,3,4,5,6,52,32,161,124,11,104,94,14,49,2,103,18,86,163,175,95,23,24,25,37,27,123,90,85,158,153,33,147,35,36,66,181,39,40,54,42,119,44,108,8,47,48,136,50,51,107,34,16,55,188,101,58,59,151,61,187,199,64,98,68,41,135,84,155,114,127,73,74,159,21,184,78,79,121,167,26,81,150,30,133,67,88,162,148,91,92,171,116,82,77,97,180,99,122,125,179,168,198,183,87,62,196,189,152,111,112,113,70,115,174,178,102,0,120,80,45,105,191,71,126,72,128,137,130,117,110,19,134,53,13,129,138,1,176,131,31,143,194,145,100,15,173,149,10,56,22,43,193,106,118,157,154,75,160,76,89,9,38,165,166,83,17,57,164,93,172,12,141,20,60,177,28,156,65,170,182,140,96,69,186,7,132,109,190,185,192,139,144,63,46,197,29,195,];False
4680;9277;13957;[146,142,169,3,4,5,6,52,32,161,124,11,104,94,14,49,2,103,18,86,163,175,95,23,24,25,37,27,123,90,85,158,153,33,147,35,36,66,181,39,40,54,42,119,44,108,8,47,48,136,50,51,107,34,16,55,188,101,58,59,151,61,187,199,64,98,68,41,135,84,155,114,127,73,74,159,21,184,78,79,121,167,26,81,150,30,133,67,88,0,148,91,92,171,116,82,77,97,129,99,122,125,179,168,198,183,87,62,196,189,22,111,112,113,70,115,174,178,57,162,120,80,45,105,191,71,126,72,128,137,130,117,110,197,134,53,13,180,138,1,176,131,31,143,194,145,100,15,173,149,10,56,152,43,193,106,118,157,154,75,160,76,89,9,38,165,166,83,93,102,164,17,172,12,141,20,60,177,28,156,65,170,182,140,96,69,186,7,132,109,190,185,192,139,144,63,46,19,29,195,];False
4723;9231;13954;[146,142,169,3,4,5,6,52,32,161,124,11,104,94,14,49,2,103,18,86,163,175,95,23,24,25,37,27,123,90,85,158,153,33,147,35,36,66,181,39,40,54,42,119,44,108,8,47,48,136,50,51,107,170,16,55,188,101,58,59,151,61,187,199,64,98,68,41,135,84,155,114,127,73,74,159,21,184,78,79,121,167,26,81,150,30,133,67,88,162,148,91,92,171,116,82,77,97,180,99,122,125,179,168,198,183,87,62,196,189,22,111,112,113,70,115,174,178,102,0,120,80,45,105,191,71,126,72,128,137,130,117,110,19,134,53,13,129,138,1,176,131,31,143,194,145,100,15,173,149,10,56,152,43,193,106,118,157,154,75,160,76,89,9,38,165,166,83,93,57,164,17,172,12,141,20,60,177,28,156,65,34,182,140,96,69,186,7,132,109,190,185,192,139,144,63,46,197,29,195,];False
4752;9201;13953;[146,142,169,3,4,5,6,52,32,161,124,11,104,94,14,49,2,103,18,86,163,175,95,23,24,25,37,27,123,90,85,158,153,33,15,35,36,66,181,39,40,54,42,119,44,108,8,47,48,136,50,51,107,34,16,55,188,19,58,59,151,61,187,199,64,98,68,41,135,84,155,114,127,73,74,159,21,184,78,79,121,167,26,81,150,30,133,67,88,162,148,91,92,171,116,82,77,97,180,99,122,125,179,168,198,183,87,62,196,189,22,111,112,113,70,115,174,178,102,0,120,80,45,105,191,71,126,72,128,137,130,117,110,101,134,53,13,129,138,1,176,131,31,143,194,145,100,147,173,149,10,56,152,43,193,106,118,157,154,75,160,76,89,9,38,165,166,83,17,57,164,93,172,12,141,20,60,177,28,156,65,170,182,140,96,69,186,7,132,109,190,185,192,139,144,195,46,197,29,63,];False
4737;9215;13952;[146,142,169,3,4,5,6,52,32,161,124,11,104,94,14,49,2,103,18,86,163,175,95,23,24,25,37,27,123,90,85,158,153,33,147,35,36,66,181,39,40,54,42,119,44,108,8,47,48,136,50,51,107,34,16,55,188,101,58,59,151,61,187,199,64,98,68,41,135,84,155,114,127,73,74,159,21,184,78,79,121,167,26,81,150,30,133,67,88,162,148,91,92,171,116,82,77,97,180,99,122,125,179,168,198,183,87,62,196,189,22,111,112,113,70,115,174,178,102,0,120,80,45,105,191,71,126,72,128,137,130,117,110,19,134,53,13,129,138,1,176,131,31,143,194,145,100,15,173,149,10,56,152,43,193,106,118,157,154,75,160,76,89,9,38,165,144,83,17,57,164,93,172,12,141,20,60,177,28,156,65,170,182,140,96,69,186,7,132,109,190,185,192,139,166,195,46,197,29,63,];False
4712;9238;13950;[146,142,169,3,4,5,6,52,32,161,124,11,104,94,14,49,2,103,18,86,163,175,95,23,24,25,37,27,123,90,85,158,153,33,15,35,36,66,181,39,40,54,42,119,44,108,8,47,48,136,50,51,107,34,16,55,188,101,58,59,151,61,187,199,64,98,68,41,135,84,155,114,127,73,74,159,21,184,78,79,121,167,26,81,150,30,133,67,88,162,148,91,92,171,116,82,77,97,180,99,122,125,179,168,198,183,87,62,196,189,22,111,112,113,70,115,174,178,102,0,120,80,45,105,191,71,126,72,128,137,130,117,110,19,134,53,13,129,138,1,176,131,31,143,194,145,100,147,173,149,10,56,152,43,193,106,118,157,154,75,160,76,89,9,38,165,166,83,17,57,164,93,172,12,141,20,60,177,28,156,65,170,182,140,96,69,186,7,132,109,190,185,192,139,144,195,46,197,29,63,];False
4738;9212;13950;[146,142,169,3,4,5,6,52,32,161,124,11,104,94,14,49,2,103,18,86,163,175,95,23,24,25,37,27,123,90,85,158,153,33,147,35,36,66,181,39,40,54,42,119,44,108,8,47,48,136,50,51,107,140,16,55,188,101,58,59,151,61,187,199,64,98,68,41,135,84,155,114,127,73,74,159,21,184,78,79,121,167,26,81,150,30,133,67,88,162,148,91,92,171,116,82,77,97,180,99,122,125,179,168,198,183,87,62,196,189,22,111,112,113,70,115,174,178,102,0,120,80,45,105,191,71,126,72,128,137,130,117,110,19,134,53,13,129,138,1,176,131,31,143,194,145,100,15,173,149,10,56,152,43,193,106,118,157,154,75,160,76,89,9,38,165,166,83,93,57,164,17,172,12,141,20,60,177,28,156,65,170,182,34,96,69,186,7,132,109,190,185,192,139,144,63,46,197,29,195,];False
4719;9228;13947;[146,142,169,3,4,5,6,52,32,161,124,11,104,94,14,49,2,109,18,86,163,175,95,23,24,25,37,27,123,90,85,158,153,33,147,35,36,66,181,39,40,54,42,119,44,108,8,47,48,136,50,51,107,34,16,55,188,101,58,59,151,61,187,199,64,98,68,41,135,84,155,114,127,73,74,159,21,184,78,79,121,167,26,81,150,30,133,67,88,162,148,91,92,171,116,82,77,97,180,99,122,125,179,168,198,183,87,62,196,189,22,111,112,113,70,115,174,178,102,0,120,80,45,105,191,71,126,72,128,137,130,117,110,19,134,53,13,129,138,1,176,131,31,143,194,145,100,15,173,149,10,56,152,43,193,106,118,157,154,75,160,76,89,9,38,165,166,83,17,57,164,93,172,12,141,20,60,177,28,156,65,170,182,140,96,69,186,7,132,103,190,185,192,139,144,195,46,197,29,63,];False
4746;9201;13947;[146,142,169,3,4,5,6,52,32,161,124,11,104,94,14,49,2,103,18,86,163,175,95,23,24,25,37,27,123,90,85,158,153,33,147,35,36,66,181,39,40,54,42,119,44,108,8,47,48,136,50,51,107,34,16,55,188,101,58,59,151,61,187,199,64,98,68,41,135,84,155,114,127,73,74,159,21,184,78,79,121,167,26,81,150,30,133,67,88,162,148,91,92,171,116,82,77,97,180,99,122,125,179,168,198,183,87,62,196,189,185,111,112,113,70,115,174,178,102,0,120,80,45,105,191,71,126,72,128,137,130,117,110,19,134,53,13,129,138,1,176,131,31,143,194,145,100,15,173,149,10,56,152,43,193,106,118,157,154,75,160,76,89,9,38,165,166,83,17,57,164,93,172,12,141,20,60,177,28,156,65,170,182,140,96,69,186,7,132,109,190,22,192,139,144,195,46,197,29,63,];False
4663;9281;13944;[146,142,169,3,4,5,6,52,32,161,124,11,104,94,14,49,2,103,18,86,163,175,95,23,24,25,37,27,123,90,85,158,153,33,147,35,36,66,181,39,40,54,42,119,44,108,8,47,48,136,50,51,107,34,16,55,141,101,58,59,151,61,187,199,64,98,68,41,135,84,155,114,127,73,74,159,21,184,78,79,121,167,26,81,150,30,133,67,88,162,148,91,92,171,116,82,77,97,180,99,122,125,179,168,198,183,87,62,196,189,22,111,112,113,70,115,174,178,102,0,120,80,45,105,191,71,126,72,128,137,130,117,110,19,134,53,13,129,138,1,176,131,31,143,194,145,100,15,173,149,10,56,152,43,193,106,118,157,154,75,160,76,89,9,38,165,166,83,17,57,164,93,172,12,188,20,60,177,28,156,65,170,182,140,96,69,186,7,132,109,190,185,192,139,144,63,46,197,29,195,];False
4715;9228;13943;[146,142,169,3,4,5,6,52,32,161,124,11,104,94,14,49,2,103,18,86,163,175,95,23,24,25,37,27,123,90,85,158,153,33,147,35,36,66,181,39,40,54,42,119,44,108,8,47,48,136,50,51,107,34,16,55,188,101,58,59,151,61,187,199,64,98,68,41,135,84,155,114,127,99,74,159,21,184,78,79,121,167,26,81,150,30,133,67,88,162,148,91,92,171,116,82,77,97,180,73,122,125,179,168,198,183,87,62,196,189,22,111,112,113,70,115,174,178,102,0,120,80,45,105,191,71,126,72,128,137,130,117,110,19,134,53,13,129,138,1,176,131,31,143,194,145,100,15,173,149,10,56,152,43,193,106,118,157,154,75,160,76,89,9,38,165,166,83,93,57,164,17,172,12,141,20,60,177,28,156,65,170,182,140,96,69,186,7,132,109,190,185,192,139,144,63,46,197,29,195,];False
4651;9291;13942;[146,142,169,3,4,5,6,52,32,161,124,11,104,94,14,49,2,103,18,86,163,175,95,23,24,25,37,27,123,90,85,158,153,33,147,35,36,66,181,39,40,54,42,119,44,68,8,47,48,136,50,51,107,34,16,55,188,101,58,59,151,61,187,199,64,98,108,41,135,84,155,114,127,73,74,159,21,184,78,79,121,167,26,81,150,30,133,67,88,162,148,91,92,171,116,82,77,97,180,99,122,125,179,168,198,183,87,62,196,189,22,111,112,113,70,115,174,178,102,0,120,80,45,105,191,71,126,72,128,137,130,117,110,197,134,53,13,129,138,1,176,131,31,143,194,145,100,15,173,149,10,56,152,43,193,106,118,157,154,75,160,76,89,9,38,165,166,83,93,57,164,17,172,12,141,20,60,177,28,156,65,170,182,140,96,69,186,7,132,109,190,185,192,139,144,63,46,19,29,195,];False
4587;9354;13941;[146,142,169,3,4,5,6,52,32,161,124,11,104,94,14,49,2,103,18,86,163,175,95,23,24,25,37,27,123,90,85,158,153,33,147,35,36,66,181,39,40,54,42,119,44,12,8,83,48,136,50,51,107,34,16,55,188,101,58,59,151,61,187,199,64,98,68,41,135,84,155,114,127,73,74,159,21,184,78,79,121,167,26,81,150,30,133,67,88,0,148,91,92,171,116,82,77,97,180,99,122,125,179,168,198,183,87,93,196,189,22,111,112,113,70,115,174,178,57,162,120,80,45,105,191,71,126,72,128,137,130,117,110,197,134,53,13,129,138,1,176,131,31,143,194,145,100,15,173,149,10,56,152,43,193,106,118,157,154,75,160,76,89,9,38,165,166,47,62,102,164,17,172,108,141,20,60,177,28,156,65,170,182,140,96,69,186,7,132,109,190,185,192,139,144,63,46,19,29,195,];False
4702;9239;13941;[146,142,169,3,4,5,6,52,32,161,124,11,104,94,14,49,2,103,18,86,163,175,95,23,24,25,37,27,123,90,85,158,153,33,147,35,36,66,181,39,40,54,42,119,44,108,8,47,48,136,50,51,107,34,16,55,188,101,58,59,151,61,187,199,64,98,68,41,135,84,155,114,127,73,74,159,21,184,78,79,121,167,26,81,150,30,133,67,88,162,148,91,92,171,116,82,77,97,180,99,122,125,179,168,198,173,87,62,196,189,22,111,112,113,70,115,174,178,102,0,120,80,45,105,191,71,126,72,128,137,130,117,110,19,134,53,13,129,138,1,176,131,31,143,194,145,100,15,183,149,10,56,152,43,193,106,118,157,154,75,160,76,89,9,38,165,166,83,93,57,164,17,172,12,141,20,60,177,28,156,65,170,182,140,96,69,186,7,132,109,190,185,192,139,144,63,46,197,29,195,];False
4718;9220;13938;[146,142,169,3,4,91,6,52,32,161,124,11,104,94,14,49,2,103,18,86,163,175,95,23,24,25,37,27,123,90,85,158,153,33,147,35,36,66,181,39,40,54,42,119,44,108,8,47,48,136,50,51,107,34,16,55,188,101,58,59,151,61,187,199,64,98,68,41,135,84,155,114,127,73,74,159,21,184,78,79,121,167,26,81,150,30,133,67,88,162,148,5,92,171,116,82,77,97,180,99,122,125,179,168,198,183,87,62,196,189,22,111,112,113,70,115,174,178,102,0,120,80,45,105,191,71,126,72,128,137,130,117,110,19,134,53,13,129,138,1,176,131,31,143,194,145,100,15,173,149,10,56,152,43,193,106,118,157,154,75,160,76,89,9,38,165,166,83,17,57,164,93,172,12,141,20,60,177,28,156,65,170,182,140,96,69,186,7,132,109,190,185,192,139,144,195,46,197,29,63,];False
4625;9313;13938;[146,142,169,3,4,5,6,52,32,161,124,11,104,94,14,49,2,103,18,86,163,175,187,23,24,25,37,27,123,90,85,158,153,33,147,35,36,66,181,39,40,54,42,119,44,108,8,47,48,136,50,51,107,34,16,55,188,101,58,59,151,61,95,199,64,98,68,41,135,84,155,114,127,73,74,159,21,184,78,79,121,167,26,81,150,30,133,67,88,0,148,91,92,171,116,82,77,97,180,99,122,125,179,168,198,183,87,62,196,189,22,111,112,113,70,115,174,178,102,162,120,80,45,105,191,71,126,72,128,137,130,117,110,197,134,53,13,129,138,1,176,131,31,143,194,145,100,15,173,149,10,56,152,43,193,106,118,157,154,75,160,76,89,9,38,165,166,83,93,57,164,17,172,12,141,20,60,177,28,156,65,170,182,140,96,69,186,7,132,109,190,185,192,139,144,63,46,19,29,195,];False
4665;9273;13938;[146,142,169,3,4,5,6,52,32,161,124,11,104,94,14,49,2,103,18,86,163,175,95,23,24,25,37,27,123,90,85,158,153,33,147,35,36,66,181,39,40,54,42,119,44,108,8,47,48,136,50,194,107,34,16,55,188,101,58,59,151,61,187,199,64,98,68,41,135,84,155,114,127,73,74,159,21,184,78,79,121,167,26,81,150,30,133,67,88,162,148,91,92,171,116,82,77,97,180,99,122,125,179,168,198,183,87,62,196,189,22,111,112,113,70,115,174,178,102,0,120,80,45,105,191,71,126,72,128,137,130,117,110,19,134,53,13,129,138,1,176,131,31,143,51,145,100,15,173,149,10,56,152,43,193,106,118,157,154,75,160,76,89,9,38,165,166,83,17,57,164,93,172,12,141,20,60,177,28,156,65,170,182,140,96,69,186,7,132,109,190,185,192,139,144,63,46,197,29,195,];False
4695;9242;13937;[146,142,16,3,4,5,6,52,32,161,124,11,104,94,14,49,2,103,18,86,163,175,95,23,24,25,37,27,123,90,85,158,153,33,147,35,36,66,181,39,40,54,42,119,44,108,8,47,48,136,50,51,107,34,169,55,188,101,58,59,151,61,187,199,64,98,68,41,135,84,155,114,127,73,74,159,21,184,78,79,121,167,26,81,150,30,133,67,88,162,148,91,92,171,116,82,77,97,180,99,122,125,179,168,198,183,87,62,196,189,22,111,112,113,70,115,174,178,102,0,120,80,45,105,191,71,126,72,128,137,130,117,110,19,134,53,13,129,138,1,176,131,31,143,194,145,100,15,173,149,10,56,152,43,193,106,118,157,154,75,160,76,89,9,38,165,166,83,17,57,164,93,172,12,141,20,60,177,28,156,65,170,182,140,96,69,186,7,132,109,190,185,192,139,144,195,46,197,29,63,];False
4665;9271;13936;[146,142,169,3,4,5,6,52,32,161,124,11,104,94,14,49,2,103,18,86,163,175,95,23,24,25,37,27,123,90,85,158,153,33,147,35,36,66,181,39,40,54,42,119,44,108,185,83,48,136,50,51,107,34,16,55,188,101,58,59,151,61,187,199,64,98,68,41,135,84,155,114,127,73,74,159,21,184,78,79,121,167,26,81,150,30,133,67,88,0,148,91,92,171,116,82,77,97,180,99,122,125,179,168,198,183,87,93,196,189,22,111,112,113,70,115,174,178,57,162,120,80,45,105,191,71,126,72,128,137,130,117,110,197,134,53,13,129,138,1,176,131,31,143,194,145,100,15,173,149,10,56,152,43,193,106,118,157,154,75,160,76,89,9,38,165,166,47,62,102,164,17,172,12,141,20,60,177,28,156,65,170,182,140,96,69,186,7,132,109,190,8,192,139,144,63,46,19,29,195,];False
4714;9220;13934;[146,142,169,3,4,5,6,52,32,161,124,11,104,94,14,49,2,103,18,86,163,175,95,23,24,25,37,27,123,90,85,158,153,33,147,35,36,66,181,39,40,54,42,119,44,108,8,47,48,136,50,51,107,34,16,55,188,101,58,59,151,61,187,199,64,98,68,41,135,84,155,114,127,73,74,159,21,184,78,79,121,167,26,81,150,30,133,67,88,162,148,91,92,171,116,82,77,97,180,99,122,125,179,168,198,183,87,62,196,189,22,111,112,113,70,115,174,178,102,0,120,80,45,105,191,71,126,72,128,137,130,117,110,19,134,53,13,129,138,1,176,96,31,143,194,145,100,15,173,149,10,56,152,43,193,106,118,157,154,75,160,76,89,9,38,165,166,83,93,57,164,17,172,12,141,20,60,177,28,156,65,170,182,140,131,69,186,7,132,109,190,185,192,139,144,63,46,197,29,195,];False
4677;9256;13933;[146,142,169,3,4,5,6,52,32,161,124,11,104,94,14,49,2,103,18,86,163,175,95,23,24,25,37,27,123,90,85,158,153,33,147,35,36,66,181,39,40,54,42,119,44,108,8,83,48,136,50,51,107,34,16,55,188,101,58,59,151,61,187,199,64,98,68,41,135,84,155,114,127,73,74,159,21,184,78,79,121,167,26,81,150,30,133,67,88,0,148,91,92,171,116,82,77,97,180,99,122,125,179,168,198,183,87,93,196,189,22,111,112,113,70,115,174,178,57,162,120,80,45,105,191,71,126,72,128,137,130,117,110,197,134,53,154,129,138,1,176,131,31,143,194,145,100,15,173,149,10,56,152,43,193,106,118,157,13,75,160,76,89,9,38,165,166,47,62,102,164,17,172,12,141,20,60,177,28,156,65,170,182,140,96,69,186,7,132,109,190,185,192,139,144,63,46,19,29,195,];False
4667;9265;13932;[146,142,169,3,4,5,6,52,32,161,124,11,153,94,14,49,2,103,18,86,163,175,95,23,24,25,37,27,123,90,85,158,104,33,147,35,36,66,181,39,40,54,42,119,44,108,8,83,48,136,50,51,107,34,16,55,188,101,58,59,151,61,187,199,64,98,68,41,135,84,155,114,127,73,74,159,21,184,78,79,121,167,26,81,150,30,133,67,88,0,148,91,92,171,116,82,77,97,180,99,122,125,179,168,198,183,87,93,196,189,22,111,112,113,70,115,174,178,57,162,120,80,45,105,191,71,126,72,128,137,130,117,110,197,134,53,13,129,138,1,176,131,31,143,194,145,100,15,173,149,10,56,152,43,193,106,118,157,154,75,160,76,89,9,38,165,166,47,62,102,164,17,172,12,141,20,60,177,28,156,65,170,182,140,96,69,186,7,132,109,190,185,192,139,144,63,46,19,29,195,];False
4622;9308;13930;[146,142,169,3,4,5,6,52,32,161,124,11,104,94,14,49,2,103,18,86,163,175,95,23,24,25,37,27,123,90,85,158,153,33,147,35,36,66,181,39,40,54,42,119,44,108,8,83,48,136,50,51,107,34,16,55,188,101,58,59,151,61,187,199,64,98,68,41,135,84,155,114,127,73,74,159,21,184,78,79,121,167,26,81,150,30,133,67,88,0,148,91,92,171,116,82,77,97,180,99,122,125,179,168,198,183,87,62,196,189,22,111,112,113,70,115,174,178,57,162,120,80,45,105,191,71,126,72,128,137,130,117,110,197,134,53,13,129,138,1,176,131,31,143,194,145,100,15,173,149,10,56,152,43,193,38,118,157,154,75,160,76,89,9,106,165,166,47,93,102,164,17,172,12,141,20,60,177,28,156,65,170,182,140,96,69,186,7,132,109,190,185,192,139,144,63,46,19,29,195,];False
4684;9246;13930;[146,142,169,3,4,5,6,52,32,161,124,11,104,94,16,49,2,103,18,86,163,175,95,23,24,25,37,27,123,90,85,158,153,33,147,35,36,66,181,39,40,54,42,119,44,108,8,47,48,136,50,51,107,34,14,55,188,101,58,59,151,61,187,199,64,98,68,41,135,84,155,114,127,73,74,159,21,184,78,79,121,167,26,81,150,30,133,67,88,162,148,91,92,171,116,82,77,97,180,99,122,125,179,168,198,183,87,62,196,189,22,111,112,113,70,115,174,178,102,0,120,80,45,105,191,71,126,72,128,137,130,117,110,197,134,53,13,129,138,1,176,131,31,143,194,145,100,15,173,149,10,56,152,43,193,106,118,157,154,75,160,76,89,9,38,165,166,83,93,57,164,17,172,12,141,20,60,177,28,156,65,170,182,140,96,69,186,7,132,109,190,185,192,139,144,63,46,19,29,195,];False
4666;9263;13929;[146,142,169,3,4,5,6,52,32,161,124,11,104,94,14,49,2,103,18,13,163,175,95,23,24,25,37,27,123,90,85,158,153,33,147,35,36,66,181,39,40,54,42,119,44,108,8,83,48,136,50,51,107,34,16,55,188,101,58,59,151,61,187,199,64,98,68,41,135,84,155,114,127,73,74,159,21,184,78,79,121,167,26,81,150,30,133,67,88,0,148,91,92,171,116,82,77,97,180,99,122,125,179,168,198,183,87,93,196,189,22,111,112,113,70,115,174,178,57,162,120,80,45,105,191,71,126,72,128,137,130,117,110,197,134,53,86,129,138,1,176,131,31,143,194,145,100,15,173,149,10,56,152,43,193,106,118,157,154,75,160,76,89,9,38,165,166,47,62,102,164,17,172,12,141,20,60,177,28,156,65,170,182,140,96,69,186,7,132,109,190,185,192,139,144,63,46,19,29,195,];False
4629;9291;13920;[146,142,169,3,4,5,6,52,32,161,124,11,104,94,14,49,2,103,18,86,163,175,95,23,24,25,37,27,123,90,85,158,153,33,147,35,36,66,181,39,40,54,42,119,44,108,8,58,48,136,50,51,107,34,16,55,188,101,47,59,151,61,187,199,64,98,68,41,135,84,155,114,127,73,74,159,21,184,78,79,121,167,26,81,150,30,133,67,88,162,148,91,92,171,116,82,77,97,180,99,122,125,179,168,198,183,87,62,196,189,22,111,112,113,70,115,174,178,102,0,120,80,45,105,191,71,126,72,128,137,130,117,110,19,134,53,13,129,138,1,176,131,31,143,194,145,100,15,173,149,10,56,152,43,193,106,118,157,154,75,160,76,89,9,38,165,166,83,17,57,164,93,172,12,141,20,60,177,28,156,65,170,182,140,96,69,186,7,132,109,190,185,192,139,144,63,46,197,29,195,];False
4604;9311;13915;[146,142,169,3,4,5,6,52,32,161,124,11,104,94,14,49,2,103,18,86,163,175,95,23,24,25,37,27,123,90,85,158,153,182,147,35,36,66,181,39,40,54,42,119,44,108,8,47,48,136,50,51,107,34,16,55,188,101,58,59,151,61,187,199,64,98,68,41,135,84,155,114,127,73,74,159,21,184,78,79,121,167,26,81,150,30,133,67,88,0,148,91,92,171,116,82,77,97,180,99,122,125,179,168,198,183,87,62,196,189,22,111,112,113,70,115,174,178,57,162,120,80,45,105,191,71,126,72,128,137,130,117,110,197,134,53,13,129,138,1,176,131,31,143,194,145,100,15,173,149,10,56,152,43,193,106,118,157,154,75,160,76,89,9,38,165,166,83,93,102,164,17,172,12,141,20,60,177,28,156,65,170,33,140,96,69,186,7,132,109,190,185,192,139,144,63,46,19,29,195,];False
4676;9239;13915;[146,142,169,3,4,5,6,52,32,161,124,11,104,94,14,49,2,103,18,86,163,140,95,23,24,25,37,27,123,90,85,158,153,33,147,35,36,66,181,39,40,54,42,119,44,108,8,47,48,136,50,51,107,34,16,55,188,101,58,59,151,61,187,199,64,98,68,41,135,84,155,114,127,73,74,159,21,184,78,79,121,167,26,81,150,30,133,67,88,162,148,91,92,171,116,82,77,97,180,99,122,125,179,168,198,183,87,62,196,189,22,111,112,113,70,115,174,178,102,0,120,80,45,105,191,71,126,72,128,137,130,117,110,19,134,53,13,129,138,1,176,131,31,143,194,145,100,15,173,149,10,56,152,43,193,106,118,157,154,75,160,76,89,9,38,165,166,83,93,57,164,17,172,12,141,20,60,177,28,156,65,170,182,175,96,69,186,7,132,109,190,185,192,139,144,63,46,197,29,195,];False
4597;9315;13912;[146,142,169,3,4,5,6,52,32,161,124,11,104,94,14,49,2,103,18,86,163,175,95,23,24,25,37,27,123,90,85,158,153,33,147,35,36,66,181,39,40,54,42,119,44,108,8,47,48,136,50,51,107,34,16,55,188,101,58,59,151,61,187,199,64,98,68,41,135,84,155,114,127,73,74,159,21,184,78,79,121,167,26,81,150,30,133,67,88,0,148,91,92,171,116,82,77,97,180,99,122,125,179,168,198,183,87,62,196,19,22,111,112,113,70,115,174,178,57,162,120,80,45,105,191,71,126,72,128,137,130,117,110,197,134,53,13,129,138,1,176,131,31,143,194,145,100,15,173,149,10,56,152,43,193,106,118,157,154,75,160,76,89,9,38,165,166,83,93,102,164,17,172,12,141,20,60,177,28,156,65,170,182,140,96,69,186,7,132,109,190,185,192,139,144,63,46,189,29,195,];False
4652;9260;13912;[146,142,169,3,4,5,6,52,32,161,124,11,104,94,14,49,2,103,18,86,163,175,95,23,24,25,37,27,123,90,85,158,153,33,147,35,36,66,181,39,40,54,42,119,44,108,8,47,48,136,50,51,107,34,16,55,188,101,58,59,151,61,187,199,64,98,68,41,135,84,155,114,127,73,74,159,21,184,78,79,121,167,26,81,150,30,133,67,88,162,148,91,92,171,116,82,77,97,180,99,122,125,179,168,198,183,87,62,196,189,22,111,112,113,70,115,174,178,102,0,120,80,45,105,191,71,126,72,128,137,130,117,110,19,131,53,13,129,138,1,176,134,31,143,194,145,100,15,173,149,10,56,152,43,193,106,118,157,154,75,160,76,89,9,38,165,166,83,17,57,164,93,172,12,141,20,60,177,28,156,65,170,182,140,96,69,186,7,132,109,190,185,192,139,144,63,46,197,29,195,];False
4673;9238;13911;[146,142,169,3,4,5,6,52,32,161,124,11,104,94,14,49,2,103,18,86,163,175,95,23,24,25,37,27,123,90,85,158,153,33,194,35,36,66,181,39,40,54,42,119,44,108,8,83,48,136,50,51,107,34,16,55,188,101,58,59,151,61,187,199,64,98,68,41,135,84,155,114,127,73,74,159,21,184,78,79,121,167,26,81,150,30,133,67,88,0,148,91,92,171,116,82,77,97,180,99,122,125,179,168,198,183,87,93,196,189,22,111,112,113,70,115,174,178,57,162,120,80,45,105,191,71,126,72,128,137,130,117,110,197,134,53,13,129,138,1,176,131,31,143,147,145,100,15,173,149,10,56,152,43,193,106,118,157,154,75,160,76,89,9,38,165,166,47,62,102,164,17,172,12,141,20,60,177,28,156,65,170,182,140,96,69,186,7,132,109,190,185,192,139,144,63,46,19,29,195,];False
4598;9311;13909;[146,142,169,3,4,5,6,52,32,161,124,11,104,94,14,49,2,103,18,86,163,175,95,23,24,25,37,27,123,90,85,158,153,33,147,35,36,66,181,39,40,54,42,119,44,108,8,47,48,136,50,51,107,34,16,55,188,101,58,59,151,61,187,199,64,98,68,41,135,84,155,114,127,73,74,159,21,184,78,79,121,167,26,81,150,30,133,67,88,0,148,91,92,17,116,82,77,97,180,99,122,125,179,168,198,183,87,62,196,189,22,111,112,113,70,115,174,178,57,162,120,80,45,105,191,71,126,72,128,137,130,117,110,197,134,53,13,129,138,1,176,131,31,143,194,145,100,15,173,149,10,56,152,43,193,106,118,157,154,75,160,76,89,9,38,165,166,83,93,102,164,171,172,12,141,20,60,177,28,156,65,170,182,140,96,69,186,7,132,109,190,185,192,139,144,63,46,19,29,195,];False
4615;9293;13908;[146,142,169,3,4,5,6,52,32,161,124,11,104,94,14,49,2,103,18,86,163,175,95,23,24,160,37,27,123,90,85,158,153,33,147,35,36,66,181,39,40,54,42,119,44,108,8,83,48,136,50,51,107,34,16,55,188,101,58,59,151,61,187,199,64,98,68,41,135,84,155,114,127,73,74,159,21,184,78,79,121,167,26,81,150,30,133,67,88,0,148,91,92,171,116,82,77,97,180,99,122,125,179,168,198,183,87,62,196,189,22,111,112,113,70,115,174,178,57,162,120,80,45,105,191,71,126,72,128,137,130,117,110,197,134,53,13,129,138,1,176,131,31,143,194,145,100,15,173,149,10,56,152,43,193,106,118,157,154,75,25,76,89,9,38,165,166,47,93,102,164,17,172,12,141,20,60,177,28,156,65,170,182,140,96,69,186,7,132,109,190,185,192,139,144,63,46,19,29,195,];False
4637;9271;13908;[146,142,169,3,4,5,6,52,32,161,124,11,104,94,14,49,2,103,18,86,163,175,95,23,24,25,37,27,123,90,85,158,153,33,147,35,36,66,181,39,40,54,42,119,44,108,8,83,48,136,50,51,107,34,16,55,188,101,58,59,151,61,187,199,64,98,68,41,135,84,155,114,127,73,74,159,21,184,78,79,121,167,26,0,150,30,133,67,88,81,148,91,92,171,116,82,77,97,180,99,122,125,179,168,198,183,87,93,196,189,22,111,112,113,70,115,174,178,57,162,120,80,45,105,191,71,126,72,128,137,130,117,110,197,134,53,13,129,138,1,176,131,31,143,194,145,100,15,173,149,10,56,152,43,193,106,118,157,154,75,160,76,89,9,38,165,166,47,62,102,164,17,172,12,141,20,60,177,28,156,65,170,182,140,96,69,186,7,132,109,190,185,192,139,144,63,46,19,29,195,];False
4625;9280;13905;[146,142,169,3,4,5,6,52,32,161,124,11,104,94,14,49,2,60,18,86,163,175,95,23,24,25,37,27,123,90,85,158,153,33,147,35,36,66,181,39,40,54,42,119,44,108,8,83,48,136,50,51,107,34,16,55,188,101,58,59,151,61,187,199,64,98,68,41,135,84,155,114,127,73,74,159,21,184,78,79,121,167,26,81,150,30,133,67,88,0,148,91,92,171,116,82,77,97,180,99,122,125,179,168,198,183,87,93,196,189,22,111,112,113,70,115,174,178,57,162,120,80,45,105,191,71,126,72,128,137,130,117,110,197,134,53,13,129,138,1,176,131,31,143,194,145,100,15,173,149,10,56,152,43,193,106,118,157,154,75,160,76,89,9,38,165,166,47,62,102,164,17,172,12,141,20,103,177,28,156,65,170,182,140,96,69,186,7,132,109,190,185,192,139,144,63,46,19,29,195,];False
4551;9353;13904;[146,142,169,3,4,5,6,52,32,161,124,11,104,94,14,49,2,103,18,63,163,175,95,23,24,25,37,27,123,90,85,158,153,33,147,35,36,66,181,39,40,54,42,119,44,108,8,47,48,136,50,51,107,34,16,55,188,101,58,59,151,61,187,199,64,98,68,41,135,84,155,114,127,73,74,159,21,184,78,79,121,167,26,81,150,30,133,67,88,0,148,91,92,171,116,82,77,97,180,99,122,125,179,168,198,183,87,62,196,189,22,111,112,113,70,115,174,178,57,162,120,80,45,105,191,71,126,72,128,137,130,117,110,197,134,53,13,129,138,1,176,131,31,143,194,145,100,15,173,149,10,56,152,43,193,106,118,157,154,75,160,76,89,9,38,165,166,83,93,102,164,17,172,12,141,20,60,177,28,156,65,170,182,140,96,69,186,7,132,109,190,185,192,139,144,86,46,19,29,195,];False
4607;9296;13903;[146,142,169,3,4,5,6,52,32,161,124,11,104,94,14,49,2,103,18,86,163,175,95,23,24,25,37,27,123,60,85,158,153,33,147,35,36,66,181,39,40,54,42,119,44,108,8,47,48,136,50,51,107,34,16,55,188,101,58,59,151,61,187,199,64,98,68,41,135,84,155,114,127,73,74,159,21,184,78,79,121,167,26,81,150,30,133,67,88,162,148,91,92,171,116,82,77,97,180,99,122,125,179,168,198,183,87,62,196,189,22,111,112,113,70,115,174,178,102,0,120,80,45,105,191,71,126,72,128,137,130,117,110,19,134,53,13,129,138,1,176,131,31,143,194,145,100,15,173,149,10,56,152,43,193,106,118,157,154,75,160,76,89,9,38,165,166,83,17,57,164,93,172,12,141,20,90,177,28,156,65,170,182,140,96,69,186,7,132,109,190,185,192,139,144,195,46,197,29,63,];False
4674;9227;13901;[146,142,169,3,4,5,6,52,32,161,124,11,104,94,14,49,2,103,18,86,163,175,95,23,24,25,37,27,123,90,85,158,153,33,147,35,36,66,181,39,40,87,42,119,44,108,8,47,48,136,50,51,107,34,16,55,188,101,58,59,151,61,187,199,64,98,68,41,135,84,155,114,127,73,74,159,21,184,78,79,121,167,26,81,150,30,133,67,88,162,148,91,92,171,116,82,77,97,180,99,122,125,179,168,198,183,54,62,196,189,22,111,112,113,70,115,174,178,102,0,120,80,45,105,191,71,126,72,128,137,130,117,110,19,134,53,13,129,138,1,176,131,31,143,194,145,100,15,173,149,10,56,152,43,193,106,118,157,154,75,160,76,89,9,38,165,166,83,17,57,164,93,172,12,141,20,60,177,28,156,65,170,182,140,96,69,186,7,132,109,190,185,192,139,144,195,46,197,29,63,];False
4606;9294;13900;[146,142,169,3,4,5,6,52,32,161,124,11,104,94,14,49,2,103,18,86,163,175,95,23,24,25,37,27,123,90,85,158,153,33,147,35,36,66,181,39,40,54,42,119,44,108,8,47,48,136,50,51,107,34,16,55,188,101,58,59,151,61,187,199,64,98,68,41,135,84,155,114,127,73,74,159,21,184,78,79,121,167,26,81,150,30,133,67,88,0,148,91,92,171,116,82,77,97,180,99,122,125,179,168,198,183,87,62,196,189,22,111,112,113,70,115,174,178,57,162,120,80,45,105,191,71,126,72,19,137,130,117,110,197,134,53,13,129,138,1,176,131,31,143,194,145,100,15,173,149,10,56,152,43,193,106,118,157,154,75,160,76,89,9,38,165,166,83,93,102,164,17,172,12,141,20,60,177,28,156,65,170,182,140,96,69,186,7,132,109,190,185,192,139,144,63,46,128,29,195,];False
4626;9272;13898;[146,142,169,3,4,5,6,52,32,161,124,11,104,94,14,49,2,103,18,86,163,175,160,23,24,25,37,27,123,90,85,158,153,33,147,35,36,66,181,39,40,54,42,119,44,108,8,47,48,136,50,51,107,34,16,55,188,101,58,59,151,61,187,199,64,98,68,41,135,84,155,114,127,73,74,159,21,184,78,79,121,167,26,81,150,30,133,67,88,162,148,91,92,171,116,82,77,97,180,99,122,125,179,168,198,183,87,62,196,189,22,111,112,113,70,115,174,178,102,0,120,80,45,105,191,71,126,72,128,137,130,117,110,19,134,53,13,129,138,1,176,131,31,143,194,145,100,15,173,149,10,56,152,43,193,106,118,157,154,75,95,76,89,9,38,165,166,83,17,57,164,93,172,12,141,20,60,177,28,156,65,170,182,140,96,69,186,7,132,109,190,185,192,139,144,63,46,197,29,195,];False
4680;9218;13898;[146,142,169,3,4,5,6,52,32,161,124,11,104,94,14,49,2,103,18,86,163,175,95,23,24,25,37,27,123,90,85,158,153,33,147,35,36,66,181,39,40,54,42,119,44,108,8,47,48,136,50,51,107,34,16,55,188,101,58,59,151,61,187,199,64,98,68,41,135,84,155,114,127,73,74,159,21,184,78,79,121,167,26,81,150,30,133,67,88,162,148,91,92,171,116,82,77,97,180,99,122,125,179,168,198,183,87,62,196,189,22,111,112,113,70,115,174,178,102,0,120,80,45,105,191,71,126,72,128,137,130,117,110,19,134,53,13,129,138,1,176,131,31,143,194,145,100,15,173,149,10,56,152,43,193,106,118,157,154,75,160,76,89,9,38,165,166,83,17,57,164,93,172,12,141,20,60,177,28,156,65,170,182,140,96,69,186,7,132,109,190,185,192,139,144,195,46,197,29,63,];False
4606;9292;13898;[146,142,169,3,4,5,6,52,32,161,124,11,104,94,14,49,2,103,18,86,163,175,95,23,24,25,37,27,123,90,85,158,153,33,147,35,36,66,181,39,40,54,42,119,44,108,8,83,48,136,50,51,107,34,16,55,188,101,58,59,151,61,187,199,64,98,198,41,135,84,155,114,127,73,74,159,21,184,78,79,121,167,26,81,150,30,133,67,88,0,148,91,92,171,116,82,77,97,180,99,122,125,179,168,68,183,87,93,196,189,22,111,112,113,70,115,174,178,57,162,120,80,45,105,191,71,126,72,128,137,130,117,110,197,134,53,13,129,138,1,176,131,31,143,194,145,100,15,173,149,10,56,152,43,193,106,118,157,154,75,160,76,89,9,38,165,166,47,62,102,164,17,172,12,141,20,60,177,28,156,65,170,182,140,96,69,186,7,132,109,190,185,192,139,144,63,46,19,29,195,];False
4638;9259;13897;[146,142,169,3,4,5,6,52,32,161,108,11,104,94,14,49,2,103,18,86,163,175,95,23,24,25,37,27,123,90,85,158,153,33,147,35,36,66,181,39,40,54,42,119,44,124,8,83,48,136,50,51,107,34,16,55,188,101,58,59,151,61,187,199,64,98,68,41,135,84,155,114,127,73,74,159,21,184,78,79,121,167,26,81,150,30,133,67,88,0,148,91,92,171,116,82,77,97,180,99,122,125,179,168,198,183,87,93,196,189,22,111,112,113,70,115,174,178,57,162,120,80,45,105,191,71,126,72,128,137,130,117,110,197,134,53,13,129,138,1,176,131,31,143,194,145,100,15,173,149,10,56,152,43,193,106,118,157,154,75,160,76,89,9,38,165,166,47,62,102,164,17,172,12,141,20,60,177,28,156,65,170,182,140,96,69,186,7,132,109,190,185,192,139,144,63,46,19,29,195,];False
4617;9278;13895;[146,142,169,3,4,5,6,52,32,161,124,11,104,94,14,49,2,103,18,86,163,175,95,23,24,25,37,27,123,90,85,158,153,33,147,35,36,66,181,39,40,54,42,119,44,108,8,47,48,136,50,51,107,34,16,55,188,101,58,59,151,61,187,199,64,98,68,41,135,84,155,114,127,73,74,159,21,184,78,79,121,167,26,81,150,30,133,67,88,162,148,91,92,171,116,82,77,97,180,99,122,89,179,168,198,183,87,62,196,189,22,111,112,113,70,115,174,178,102,0,120,80,45,105,191,71,126,72,128,137,130,117,110,19,134,53,13,129,138,1,176,131,31,143,194,145,100,15,173,149,10,56,152,43,193,106,118,157,154,75,160,76,125,9,38,165,166,83,17,57,164,93,172,12,141,20,60,177,28,156,65,170,182,140,96,69,186,7,132,109,190,185,192,139,144,63,46,197,29,195,];False
4676;9218;13894;[146,142,169,3,4,5,6,52,32,161,124,11,104,94,14,49,2,103,18,86,163,175,95,23,24,25,37,27,123,90,85,158,153,33,147,35,36,66,181,39,40,54,42,119,44,108,8,47,48,136,50,51,107,34,16,55,188,101,58,59,151,61,187,199,64,98,68,41,135,84,155,114,127,73,74,159,21,184,78,79,113,167,26,81,150,30,133,67,88,162,148,91,92,171,116,82,77,97,180,99,122,125,179,168,198,183,87,62,196,189,22,111,112,121,70,115,174,178,102,0,120,80,45,105,191,71,126,72,128,137,130,117,110,197,134,53,13,129,138,1,176,131,31,143,194,145,100,15,173,149,10,56,152,43,193,106,118,157,154,75,160,76,89,9,38,165,166,83,93,57,164,17,172,12,141,20,60,177,28,156,65,170,182,140,96,69,186,7,132,109,190,185,192,139,144,63,46,19,29,195,];False
4608;9286;13894;[146,142,169,3,4,5,6,52,32,161,124,11,104,94,14,49,2,103,18,86,163,175,95,23,24,25,37,27,123,90,85,158,153,84,147,35,36,66,181,39,40,54,42,119,44,108,8,47,48,136,50,51,107,34,16,55,188,101,58,59,151,61,187,199,64,98,68,41,135,33,155,114,127,73,74,159,21,184,78,79,121,167,26,81,150,30,133,67,88,0,148,91,92,171,116,82,77,97,180,99,122,125,179,168,198,183,87,62,196,189,22,111,112,113,70,115,174,178,57,162,120,80,45,105,191,71,126,72,128,137,130,117,110,197,134,53,13,129,138,1,176,131,31,143,194,145,100,15,173,149,10,56,152,43,193,106,118,157,154,75,160,76,89,9,38,165,166,83,93,102,164,17,172,12,141,20,60,177,28,156,65,170,182,140,96,69,186,7,132,109,190,185,192,139,144,63,46,19,29,195,];False
4635;9258;13893;[146,142,169,3,4,5,6,52,32,161,124,11,104,94,14,49,2,103,18,86,163,175,95,23,24,25,37,27,123,90,85,158,153,33,147,35,36,66,181,39,40,54,42,119,44,108,8,83,48,136,50,51,107,34,16,55,188,101,58,59,151,61,187,199,64,98,68,41,135,84,155,114,127,73,74,159,21,184,78,79,121,167,26,81,150,30,133,67,88,0,148,91,92,171,116,82,77,97,180,99,122,125,179,168,198,183,87,93,196,189,22,111,112,113,70,115,174,178,57,162,120,80,45,118,191,71,126,72,128,137,130,117,110,197,134,53,13,129,138,1,176,131,31,143,194,145,100,15,173,149,10,56,152,43,193,106,105,157,154,75,160,76,89,9,38,165,166,47,62,102,164,17,172,12,141,20,60,177,28,156,65,170,182,140,96,69,186,7,132,109,190,185,192,139,144,63,46,19,29,195,];False
4586;9306;13892;[146,142,169,3,4,5,88,52,32,161,124,11,104,94,14,49,2,103,18,86,163,175,95,23,24,25,37,27,123,90,85,158,153,33,147,35,36,66,181,39,40,54,42,119,44,108,8,47,48,136,50,51,107,34,16,55,188,101,58,59,151,61,187,199,64,98,68,41,135,84,155,114,127,73,74,159,21,184,78,79,121,167,26,81,150,30,133,67,6,0,148,91,92,171,116,82,77,97,180,99,122,125,179,168,198,183,87,62,196,189,22,111,112,113,70,115,174,178,57,162,120,80,45,105,191,71,126,72,128,137,130,117,110,197,134,53,13,129,138,1,176,131,31,143,194,145,100,15,173,149,10,56,152,43,193,106,118,157,154,75,160,76,89,9,38,165,166,83,93,102,164,17,172,12,141,20,60,177,28,156,65,170,182,140,96,69,186,7,132,109,190,185,192,139,144,63,46,19,29,195,];False
4599;9293;13892;[146,142,169,3,7,5,6,52,32,161,124,11,104,94,14,49,2,103,18,86,163,175,95,23,24,25,37,27,123,90,85,158,153,33,147,35,36,66,181,39,40,54,42,119,44,108,8,47,48,136,50,51,107,34,16,55,188,101,58,59,151,61,187,199,64,98,68,41,135,84,155,114,127,73,74,159,21,184,78,79,121,167,26,81,150,30,133,67,88,162,148,91,92,171,116,82,77,97,180,99,122,125,179,168,198,183,87,62,196,189,22,111,112,113,70,115,174,178,102,0,120,80,45,105,191,71,126,72,128,137,130,117,110,19,134,53,13,129,138,1,176,131,31,143,194,145,100,15,173,149,10,56,152,43,193,106,118,157,154,75,160,76,89,9,38,165,166,83,17,57,164,93,172,12,141,20,60,177,28,156,65,170,182,140,96,69,186,4,132,109,190,185,192,139,144,63,46,197,29,195,];False
4574;9316;13890;[146,142,169,3,4,5,6,52,32,161,124,11,104,94,14,49,2,103,18,86,163,175,95,23,24,25,37,27,123,90,85,158,153,33,147,35,36,66,181,39,40,54,42,119,44,108,8,47,48,136,50,51,107,34,16,55,188,101,58,59,151,177,187,199,64,98,68,41,135,84,155,114,127,73,74,159,21,184,78,79,121,167,26,81,150,30,133,67,88,0,148,91,92,171,116,82,77,97,180,99,122,125,179,168,198,183,87,62,196,189,22,111,112,113,70,115,174,178,57,162,120,80,45,105,191,71,126,72,128,137,130,117,110,197,134,53,13,129,138,1,176,131,31,143,194,145,100,15,173,149,10,56,152,43,193,106,118,157,154,75,160,76,89,9,38,165,166,83,93,102,164,17,172,12,141,20,60,61,28,156,65,170,182,140,96,69,186,7,132,109,190,185,192,139,144,63,46,19,29,195,];False
4603;9285;13888;[146,142,169,3,4,5,6,52,32,161,124,11,104,94,14,49,2,103,18,86,163,175,95,23,24,25,37,27,123,90,85,158,153,33,147,35,36,66,181,39,40,54,42,119,44,108,8,47,48,136,50,51,139,34,16,55,188,101,58,59,151,61,187,199,64,98,68,41,135,84,155,114,127,73,74,159,21,184,78,79,121,167,26,81,150,30,133,67,88,0,148,91,92,171,116,82,77,97,180,99,122,125,179,168,198,183,87,62,196,189,22,111,112,113,70,115,174,178,57,162,120,80,45,105,191,71,126,72,128,137,130,117,110,197,134,53,13,129,138,1,176,131,31,143,194,145,100,15,173,149,10,56,152,43,193,106,118,157,154,75,160,76,89,9,38,165,166,83,93,102,164,17,172,12,141,20,60,177,28,156,65,170,182,140,96,69,186,7,132,109,190,185,192,107,144,63,46,19,29,195,];False
4596;9292;13888;[146,142,169,3,4,5,6,52,32,161,124,11,104,94,14,49,2,103,18,86,163,175,95,185,24,25,37,27,123,90,85,158,153,33,147,35,36,66,181,39,40,54,42,119,44,108,8,47,48,136,50,51,107,34,16,55,188,101,58,59,151,61,187,199,64,98,68,41,135,84,155,114,127,73,74,159,21,184,78,79,121,167,26,81,150,30,133,67,88,0,148,91,92,171,116,82,77,97,180,99,122,125,179,168,198,183,87,62,196,189,22,111,112,113,70,115,174,178,57,162,120,80,45,105,191,71,126,72,128,137,130,117,110,197,134,53,13,129,138,1,176,131,31,143,194,145,100,15,173,149,10,56,152,43,193,106,118,157,154,75,160,76,89,9,38,165,166,83,93,102,164,17,172,12,141,20,60,177,28,156,65,170,182,140,96,69,186,7,132,109,190,23,192,139,144,63,46,19,29,195,];False
4581;9304;13885;[146,142,169,3,4,5,6,52,32,161,124,11,104,94,14,49,2,103,18,86,163,175,95,23,24,25,37,27,123,90,85,158,153,33,147,35,36,66,181,39,40,54,42,119,44,108,8,47,48,136,50,51,107,34,16,55,188,101,58,59,151,61,187,199,64,98,68,41,135,84,155,114,127,73,74,159,21,184,78,79,121,167,26,81,150,30,133,67,88,0,148,91,92,171,116,82,77,97,180,99,122,125,179,168,198,183,87,62,196,189,22,111,112,113,70,115,174,178,57,162,120,80,45,105,191,71,126,72,128,137,130,117,110,197,134,53,13,129,138,1,176,131,31,143,194,145,100,15,173,182,10,56,152,43,193,106,118,157,154,75,160,76,89,9,38,165,166,83,93,102,164,17,172,12,141,20,60,177,28,156,65,170,149,140,96,69,186,7,132,109,190,185,192,139,144,63,46,19,29,195,];False
4612;9273;13885;[146,142,169,3,4,5,6,52,32,161,124,11,104,94,14,49,2,103,18,86,163,175,95,23,24,25,37,27,123,90,85,158,153,33,147,35,36,66,181,39,40,54,42,119,44,108,8,47,48,136,50,51,107,34,16,55,188,101,58,59,151,61,187,185,64,98,68,41,135,84,155,114,127,73,74,159,21,184,78,79,121,167,26,81,150,30,133,67,88,0,148,91,92,171,116,82,77,97,180,99,122,125,179,168,198,183,87,62,196,189,22,111,112,113,70,115,174,178,57,162,120,80,45,105,191,71,126,72,128,137,130,117,110,197,134,53,13,129,138,1,176,131,31,143,194,145,100,15,173,149,10,56,152,43,193,106,118,157,154,75,160,76,89,9,38,165,166,83,93,102,164,17,172,12,141,20,60,177,28,156,65,170,182,140,96,69,186,7,132,109,190,199,192,139,144,63,46,19,29,195,];False
4600;9285;13885;[146,142,169,3,4,5,6,52,32,161,124,11,104,94,14,49,2,103,18,86,163,175,95,23,24,25,37,27,123,90,85,158,153,33,147,35,36,66,181,39,40,54,42,119,44,108,8,47,48,136,50,51,107,34,16,55,188,101,58,59,151,61,187,199,64,98,68,41,135,84,155,114,127,73,74,159,21,184,78,79,121,167,26,81,150,30,133,67,88,162,148,91,92,171,116,82,77,97,180,99,122,125,179,168,143,183,87,62,196,189,22,111,112,113,70,115,174,178,102,0,120,80,45,105,191,71,126,72,128,137,130,117,110,19,134,53,13,129,138,1,176,131,31,198,194,145,100,15,173,149,10,56,152,43,193,106,118,157,154,75,160,76,89,9,38,165,166,83,17,57,164,93,172,12,141,20,60,177,28,156,65,170,182,140,96,69,186,7,132,109,190,185,192,139,144,63,46,197,29,195,];False
4578;9304;13882;[146,142,169,3,4,5,6,52,32,161,124,11,104,94,14,49,2,103,18,86,163,175,95,23,24,25,37,27,123,90,85,158,153,33,147,35,36,66,181,39,40,54,42,119,44,108,8,83,48,136,130,51,107,87,16,55,188,101,58,59,151,61,187,199,64,98,68,41,135,84,155,114,127,73,74,159,21,184,78,79,121,167,26,81,162,30,133,67,88,0,148,91,92,171,116,82,77,97,180,99,122,125,179,168,198,183,34,93,196,189,22,111,112,113,70,115,174,178,57,150,120,80,45,105,191,71,126,72,128,137,50,117,110,197,134,53,13,129,138,1,176,131,31,143,194,145,100,15,173,149,10,56,152,43,193,106,118,157,154,75,160,76,89,9,38,165,166,47,62,102,164,17,172,12,141,20,60,177,28,156,65,170,182,140,96,69,186,7,132,109,190,185,192,139,144,63,46,19,29,195,];False
4612;9270;13882;[146,142,169,3,4,5,6,52,32,161,124,74,104,94,14,49,2,103,18,86,163,175,95,23,24,25,37,27,123,90,85,158,153,33,147,35,36,66,181,39,40,54,42,119,44,108,8,83,48,136,50,51,107,34,16,55,188,101,58,59,151,61,187,199,64,98,68,41,135,84,155,114,127,73,11,159,21,184,78,79,121,167,26,81,150,30,133,67,88,0,148,91,92,171,116,82,77,97,180,99,122,125,179,168,198,183,87,93,196,189,22,111,112,113,70,115,174,178,57,162,120,80,45,105,191,71,126,72,128,137,130,117,110,197,134,53,13,129,138,1,176,131,31,143,194,145,100,15,173,149,10,56,152,43,193,106,118,157,154,75,160,76,89,9,38,165,166,47,62,102,164,17,172,12,141,20,60,177,28,156,65,170,182,140,96,69,186,7,132,109,190,185,192,139,144,63,46,19,29,195,];False
4543;9339;13882;[146,142,169,3,4,5,6,52,32,161,124,11,104,94,14,49,2,103,18,86,163,175,117,23,24,25,37,27,123,90,85,158,153,33,147,35,36,66,181,39,40,54,42,119,44,108,8,47,48,136,50,51,107,34,16,55,188,101,58,59,151,61,187,199,64,98,68,41,135,84,155,114,127,73,74,159,21,184,78,79,121,167,26,81,150,30,133,67,88,0,148,91,92,171,116,82,77,97,180,99,122,125,179,168,198,183,87,62,196,189,22,111,112,113,70,115,174,178,57,162,120,80,45,105,191,71,126,72,128,137,130,95,110,197,134,53,13,129,138,1,176,131,31,143,194,145,100,15,173,149,10,56,152,43,193,106,118,157,154,75,160,76,89,9,38,165,166,83,93,102,164,17,172,12,141,20,60,177,28,156,65,170,182,140,96,69,186,7,132,109,190,185,192,139,144,63,46,19,29,195,];False
4601;9281;13882;[146,142,169,3,4,5,6,52,32,161,124,11,104,94,14,49,2,103,18,86,163,175,95,23,24,25,37,27,123,90,85,158,153,33,51,35,36,66,181,39,40,54,42,119,44,108,8,47,48,136,50,147,107,34,16,55,188,101,58,59,151,61,187,199,64,98,68,41,135,84,155,114,127,73,74,159,21,184,78,79,121,167,26,81,150,30,133,67,88,0,148,91,92,171,116,82,77,97,180,99,122,125,179,168,198,183,87,62,196,189,22,111,112,113,70,115,174,178,57,162,120,80,45,105,191,71,126,72,128,137,130,117,110,197,134,53,13,129,138,1,176,131,31,143,194,145,100,15,173,149,10,56,152,43,193,106,118,157,154,75,160,76,89,9,38,165,166,83,93,102,164,17,172,12,141,20,60,177,28,156,65,170,182,140,96,69,186,7,132,109,190,185,192,139,144,63,46,19,29,195,];False
4672;9206;13878;[146,142,169,3,4,5,6,52,32,161,124,11,127,94,14,49,2,103,18,86,163,175,95,23,24,25,37,27,123,90,85,158,153,33,147,35,36,66,181,39,40,54,42,119,44,108,8,47,48,136,50,51,107,34,16,55,188,101,58,59,151,61,187,199,64,98,68,41,135,84,155,114,104,73,74,159,21,184,78,79,121,167,26,81,150,30,133,67,88,162,148,91,92,171,116,82,77,97,180,99,122,125,179,168,198,183,87,62,196,189,22,111,112,113,70,115,174,178,102,0,120,80,45,105,191,71,126,72,128,137,130,117,110,19,134,53,13,129,138,1,176,131,31,143,194,145,100,15,173,149,10,56,152,43,193,106,118,157,154,75,160,76,89,9,38,165,166,83,93,57,164,17,172,12,141,20,60,177,28,156,65,170,182,140,96,69,186,7,132,109,190,185,192,139,144,63,46,197,29,195,];False
4559;9319;13878;[146,142,169,3,4,5,6,52,32,161,124,11,104,94,14,49,2,103,18,86,163,175,95,23,24,25,37,27,123,90,85,158,153,33,147,35,36,66,181,39,166,54,42,119,44,58,8,83,48,136,50,51,107,87,16,55,188,101,108,59,151,61,187,199,64,98,68,41,135,84,155,114,127,73,74,159,21,184,78,79,121,167,26,81,162,30,133,67,88,0,148,91,92,171,116,82,77,97,180,99,122,125,179,168,198,183,34,93,196,189,22,111,112,113,70,115,138,178,57,150,120,80,45,105,191,71,126,72,128,137,130,117,110,197,134,53,13,129,174,1,176,131,31,143,194,145,100,15,173,149,10,56,152,43,193,106,118,157,154,75,160,76,89,9,38,165,40,47,62,102,164,17,172,12,141,20,60,177,28,156,65,170,182,140,96,69,186,7,132,109,190,185,192,139,144,63,46,19,29,195,];False
4642;9235;13877;[146,142,169,3,4,5,6,52,32,161,124,11,104,94,14,49,2,103,18,86,163,175,95,23,24,25,37,27,123,90,85,158,153,33,147,35,36,66,181,39,40,54,42,119,44,108,8,47,48,136,50,51,107,34,16,55,188,101,58,59,151,61,187,199,64,98,68,41,135,84,155,114,127,73,74,159,21,184,78,79,121,167,26,81,150,30,133,67,88,162,148,91,92,171,116,82,77,97,180,99,122,125,179,168,198,183,87,62,196,189,22,111,112,113,70,115,174,178,102,0,120,80,45,105,191,71,126,72,128,137,130,117,110,19,134,53,13,129,138,1,176,131,31,143,194,145,100,15,173,149,10,56,152,170,193,106,118,157,154,75,160,76,89,9,38,165,166,83,93,57,164,17,172,12,141,20,60,177,28,156,65,43,182,140,96,69,186,7,132,109,190,185,192,139,144,63,46,197,29,195,];False
4638;9238;13876;[146,142,169,3,4,5,6,52,32,161,124,11,104,94,14,49,2,103,18,86,163,175,95,23,24,25,37,27,123,90,85,158,153,33,150,35,36,66,181,39,166,54,42,119,44,108,8,83,48,136,50,51,107,87,16,55,188,101,58,59,151,61,187,199,64,98,68,41,135,84,155,114,127,73,74,159,21,184,78,79,121,167,26,81,162,30,133,67,88,0,148,91,92,171,116,82,77,97,180,99,122,125,179,168,198,183,34,93,196,189,22,111,112,113,70,115,138,178,57,147,120,80,45,105,191,71,126,72,128,137,130,117,110,197,134,53,13,129,174,1,176,131,31,143,194,145,100,15,173,149,10,56,152,43,193,106,118,157,154,75,160,76,89,9,38,165,40,47,62,102,164,17,172,12,141,20,60,177,28,156,65,170,182,140,96,69,186,7,132,109,190,185,192,139,144,63,46,19,29,195,];False
4565;9311;13876;[146,142,169,3,4,5,6,52,32,161,124,11,104,94,14,49,2,103,18,86,163,175,95,23,24,25,37,27,123,90,85,158,153,33,147,35,36,66,181,39,40,54,42,119,44,108,8,47,48,136,50,51,107,34,16,55,188,101,58,59,151,61,187,46,64,98,68,41,135,84,155,114,127,73,74,159,21,184,78,79,121,167,26,81,150,30,133,67,88,162,148,91,92,171,116,82,77,97,180,99,122,125,179,168,198,183,87,62,196,189,22,111,112,113,70,115,174,178,102,0,120,80,45,105,191,71,126,72,128,137,130,117,110,197,134,53,13,129,138,1,176,131,31,143,194,145,100,15,173,149,10,56,152,43,193,106,118,157,154,75,160,76,89,9,38,165,166,83,93,57,164,17,172,12,141,20,60,177,28,156,65,170,182,140,96,69,186,7,132,109,190,185,192,139,144,63,199,19,29,195,];False
4619;9257;13876;[146,142,169,3,4,5,6,52,32,161,124,11,104,8,14,49,2,103,18,86,163,175,95,23,24,25,37,27,123,90,85,158,153,33,147,35,36,66,181,39,40,54,42,119,44,108,94,83,48,136,50,51,107,34,16,55,188,101,58,59,151,61,187,199,64,98,68,41,135,84,155,114,127,73,74,159,21,184,78,79,121,167,26,81,150,30,133,67,88,0,148,91,92,171,116,82,77,97,180,99,122,125,179,168,198,183,87,93,196,189,22,111,112,113,70,115,174,178,57,162,120,80,45,105,191,71,126,72,128,137,130,117,110,197,134,53,13,129,138,1,176,131,31,143,194,145,100,15,173,149,10,56,152,43,193,106,118,157,154,75,160,76,89,9,38,165,166,47,62,102,164,17,172,12,141,20,60,177,28,156,65,170,182,140,96,69,186,7,132,109,190,185,192,139,144,63,46,19,29,195,];False
4638;9238;13876;[146,142,169,3,4,5,6,52,32,161,124,11,104,94,14,115,2,103,18,86,163,175,95,23,24,25,37,27,123,90,85,158,153,33,147,35,36,66,181,39,40,54,42,119,44,108,8,47,48,136,50,51,107,34,16,55,188,101,58,59,151,61,187,199,64,98,68,41,135,84,155,114,127,73,74,159,21,184,78,79,121,167,26,81,150,30,133,67,88,162,148,91,92,171,116,82,77,97,180,99,122,125,179,168,198,183,87,62,196,189,22,111,112,113,70,49,174,178,102,0,120,80,45,105,191,71,126,72,128,137,130,117,110,19,134,53,13,129,138,1,176,131,31,143,194,145,100,15,173,149,10,56,152,43,193,106,118,157,154,75,160,76,89,9,38,165,166,83,93,57,164,17,172,12,141,20,60,177,28,156,65,170,182,140,96,69,186,7,132,109,190,185,192,139,144,63,46,197,29,195,];False
4631;9244;13875;[146,142,169,3,4,5,6,52,32,161,124,11,104,94,14,49,2,103,18,86,163,175,95,23,24,25,37,27,123,90,85,189,153,33,147,35,36,66,181,39,40,54,42,119,44,108,8,83,48,136,50,51,107,34,16,55,188,101,58,59,151,61,187,199,64,98,68,41,135,84,155,114,127,73,74,159,21,184,78,79,121,167,26,81,150,30,133,67,88,0,148,91,92,171,116,82,77,97,180,99,122,125,179,168,198,183,87,93,196,158,22,111,112,113,70,115,174,178,57,162,120,80,45,105,191,71,126,72,128,137,130,117,110,197,134,53,13,129,138,1,176,131,31,143,194,145,100,15,173,149,10,56,152,43,193,106,118,157,154,75,160,76,89,9,38,165,166,47,62,102,164,17,172,12,141,20,60,177,28,156,65,170,182,140,96,69,186,7,132,109,190,185,192,139,144,63,46,19,29,195,];False
4626;9249;13875;[146,142,169,3,4,5,6,52,32,161,124,11,104,94,14,49,2,103,18,86,163,175,95,23,24,25,37,27,123,90,85,158,153,33,147,35,36,191,181,39,40,54,42,119,44,108,8,47,48,136,50,51,107,34,16,55,188,101,58,59,151,61,187,199,64,98,68,41,135,84,155,114,127,73,74,159,21,184,78,79,121,167,26,81,150,30,133,67,88,162,148,91,92,171,116,82,77,97,180,99,122,125,179,168,198,183,87,62,196,189,22,111,112,113,70,115,174,178,102,0,120,80,45,105,66,71,126,72,128,137,130,117,110,19,134,53,13,129,138,1,176,131,31,143,194,145,100,15,173,149,10,56,152,43,193,106,118,157,154,75,160,76,89,9,38,165,166,83,17,57,164,93,172,12,141,20,60,177,28,156,65,170,182,140,96,69,186,7,132,109,190,185,192,139,144,63,46,197,29,195,];False
4582;9292;13874;[146,142,169,3,4,5,6,52,32,161,124,11,104,94,14,49,2,103,18,86,163,175,95,23,24,25,71,27,123,90,85,158,153,33,147,35,36,66,181,39,40,54,42,119,44,108,8,47,48,136,50,51,107,34,16,55,188,101,58,59,151,61,187,199,64,98,68,41,135,84,155,114,127,73,74,159,21,184,78,79,121,167,26,81,150,30,133,67,88,0,148,91,92,171,116,82,77,97,180,99,122,125,179,168,198,183,87,62,196,189,22,111,112,113,70,115,174,178,57,162,120,80,45,105,191,37,126,72,128,137,130,117,110,197,134,53,13,129,138,1,176,131,31,143,194,145,100,15,173,149,10,56,152,43,193,106,118,157,154,75,160,76,89,9,38,165,166,83,93,102,164,17,172,12,141,20,60,177,28,156,65,170,182,140,96,69,186,7,132,109,190,185,192,139,144,63,46,19,29,195,];False
4619;9254;13873;[146,142,169,3,4,5,6,52,32,161,124,11,104,94,14,49,2,103,18,86,163,175,95,23,24,25,37,27,123,90,85,158,153,33,147,35,36,66,181,39,40,54,42,119,44,108,8,83,48,136,50,51,107,34,16,80,188,101,58,59,151,61,187,199,64,98,68,41,135,84,155,114,127,73,74,159,21,184,78,79,121,167,26,81,150,30,133,67,88,0,148,91,92,171,116,82,77,97,180,99,122,125,179,168,198,183,87,93,196,189,22,111,112,113,70,115,174,178,57,162,120,55,45,105,191,71,126,72,128,137,130,117,110,197,134,53,13,129,138,1,176,131,31,143,194,145,100,15,173,149,10,56,152,43,193,106,118,157,154,75,160,76,89,9,38,165,166,47,62,102,164,17,172,12,141,20,60,177,28,156,65,170,182,140,96,69,186,7,132,109,190,185,192,139,144,63,46,19,29,195,];False
4619;9250;13869;[146,142,169,3,4,5,6,52,32,161,124,11,104,94,14,49,2,103,18,86,163,175,95,23,24,25,37,27,123,90,85,158,153,33,147,35,36,66,181,39,166,54,42,119,44,108,8,83,48,136,50,51,107,87,16,55,188,101,58,59,151,61,187,199,64,98,68,41,135,84,155,114,127,73,74,159,176,184,78,79,121,167,26,81,162,30,133,67,88,0,148,91,92,171,116,82,77,97,180,99,122,125,179,168,198,183,34,93,196,189,22,111,112,113,70,115,138,178,57,150,120,80,45,105,191,71,126,72,128,137,130,117,110,197,134,53,13,129,174,1,21,131,31,143,194,145,100,15,173,149,10,56,152,43,193,106,118,157,154,75,160,76,89,9,38,165,40,47,62,102,164,17,172,12,141,20,60,177,28,156,65,170,182,140,96,69,186,7,132,109,190,185,192,139,144,63,46,19,29,195,];False
4595;9273;13868;[146,142,169,3,4,5,6,52,32,161,124,11,104,94,14,49,2,103,18,86,163,175,95,23,24,25,37,27,123,90,85,158,153,33,147,35,36,66,181,39,40,54,42,119,44,108,8,47,48,136,50,51,107,34,16,55,188,101,58,59,151,61,187,199,64,98,68,41,135,84,155,114,43,73,74,159,21,184,78,79,121,167,26,81,150,30,133,67,88,0,148,91,92,171,116,82,77,97,180,99,122,125,179,168,198,183,87,62,196,189,22,111,112,113,70,115,174,178,57,162,120,80,45,105,191,71,126,72,128,137,130,117,110,197,134,53,13,129,138,1,176,131,31,143,194,145,100,15,173,149,10,56,152,127,193,106,118,157,154,75,160,76,89,9,38,165,166,83,93,102,164,17,172,12,141,20,60,177,28,156,65,170,182,140,96,69,186,7,132,109,190,185,192,139,144,63,46,19,29,195,];False
4552;9315;13867;[146,142,169,3,4,5,6,52,32,161,124,11,104,94,14,49,2,103,18,86,163,175,95,23,24,25,37,27,123,90,85,158,153,33,147,35,36,66,181,39,40,54,42,119,44,108,8,47,48,136,50,51,107,34,16,55,188,101,58,59,151,61,187,199,64,98,68,41,135,84,155,114,127,73,74,159,21,184,78,79,121,167,26,81,150,30,133,67,88,0,148,91,92,171,116,82,77,97,180,99,122,125,179,168,198,183,87,62,196,189,22,111,112,113,70,115,174,178,57,162,120,80,45,105,186,71,126,72,128,137,130,117,110,197,134,53,13,129,138,1,176,131,31,143,194,145,100,15,173,149,10,56,152,43,193,106,118,157,154,75,160,76,89,9,38,165,166,83,93,102,164,17,172,12,141,20,60,177,28,156,65,170,182,140,96,69,191,7,132,109,190,185,192,139,144,63,46,19,29,195,];False
4636;9230;13866;[146,142,169,3,4,5,6,52,32,161,124,11,104,94,14,49,2,103,18,86,163,175,95,23,24,25,37,27,123,90,85,158,153,33,147,35,36,66,181,39,40,54,42,119,44,108,8,47,48,136,50,51,107,34,16,55,188,101,58,59,151,61,187,199,64,98,68,41,135,84,155,114,127,73,74,159,21,184,131,79,121,167,26,81,150,30,133,67,88,162,148,91,92,171,116,82,77,97,180,99,122,125,179,168,198,183,87,62,196,189,22,111,112,113,70,115,174,178,102,0,120,80,45,105,191,71,126,72,128,137,130,117,110,19,134,53,13,129,138,1,176,78,31,143,194,145,100,15,173,149,10,56,152,43,193,106,118,157,154,75,160,76,89,9,38,165,166,83,93,57,164,17,172,12,141,20,60,177,28,156,65,170,182,140,96,69,186,7,132,109,190,185,192,139,144,63,46,197,29,195,];False
4648;9215;13863;[146,191,169,3,4,5,6,52,32,161,124,11,104,94,14,49,2,103,18,86,163,175,95,23,24,25,37,27,123,90,85,158,153,33,147,35,36,66,181,39,40,54,42,119,44,108,8,47,48,136,50,51,107,34,16,55,188,101,58,59,151,61,187,199,64,98,68,41,135,84,155,114,127,73,74,159,21,184,78,79,121,167,26,81,150,30,133,67,88,162,148,91,92,171,116,82,77,97,180,99,122,125,179,168,198,183,87,62,196,189,22,111,112,113,70,115,174,178,102,0,120,80,45,105,142,71,126,72,128,137,130,117,110,19,134,53,13,129,138,1,176,131,31,143,194,145,100,15,173,149,10,56,152,43,193,106,118,157,154,75,160,76,89,9,38,165,166,83,93,57,164,17,172,12,141,20,60,177,28,156,65,170,182,140,96,69,186,7,132,109,190,185,192,139,144,63,46,197,29,195,];False
4589;9273;13862;[146,142,169,3,4,5,6,52,32,161,124,11,104,94,14,49,2,103,18,86,163,175,95,23,24,25,37,27,123,90,85,158,153,33,147,35,36,66,181,77,166,54,42,119,44,108,8,83,48,136,50,51,107,87,16,55,188,101,58,59,151,61,187,199,64,98,68,41,135,84,155,114,127,73,74,159,21,184,78,79,121,167,26,81,162,30,133,67,88,0,148,91,92,171,116,82,39,97,180,99,122,125,179,168,198,183,34,93,196,189,22,111,112,113,70,115,138,178,57,150,120,80,45,105,191,71,126,72,128,137,130,117,110,197,134,53,13,129,174,1,176,131,31,143,194,145,100,15,173,149,10,56,152,43,193,106,118,157,154,75,160,76,89,9,38,165,40,47,62,102,164,17,172,12,141,20,60,177,28,156,65,170,182,140,96,69,186,7,132,109,190,185,192,139,144,63,46,19,29,195,];False
4511;9350;13861;[146,142,169,3,4,5,6,52,32,161,124,11,60,94,14,49,2,103,18,86,163,175,95,23,24,25,37,27,123,90,85,158,153,33,147,35,36,66,181,39,40,54,42,119,44,108,8,47,48,136,50,51,107,34,16,55,188,101,58,59,151,61,187,199,64,98,68,41,135,84,155,114,127,73,74,159,21,184,78,79,121,167,26,81,150,30,133,67,88,0,148,91,92,171,116,82,77,97,180,99,122,125,179,168,198,183,87,62,196,189,22,111,112,113,70,115,174,178,57,162,120,80,45,105,191,71,126,72,128,137,130,117,110,197,134,53,13,129,138,1,176,131,31,143,194,145,100,15,173,149,10,56,152,43,193,106,118,157,154,75,160,76,89,9,38,165,166,83,93,102,164,17,172,12,141,20,104,177,28,156,65,170,182,140,96,69,186,7,132,109,190,185,192,139,144,63,46,19,29,195,];False
4570;9290;13860;[146,142,169,3,4,5,6,52,32,161,124,11,104,94,37,49,2,103,18,86,163,175,95,23,24,25,14,27,123,90,85,158,153,33,147,35,36,66,181,39,40,54,42,119,44,108,8,47,48,136,50,51,107,34,16,55,188,101,58,59,151,61,187,199,64,98,68,41,135,84,155,114,127,73,74,159,21,184,78,79,121,167,26,81,150,30,133,67,88,0,148,91,92,171,116,82,77,97,180,99,122,125,179,168,198,183,87,62,196,189,22,111,112,113,70,115,174,178,57,162,120,80,45,105,191,71,126,72,128,137,130,117,110,197,134,53,13,129,138,1,176,131,31,143,194,145,100,15,173,149,10,56,152,43,193,106,118,157,154,75,160,76,89,9,38,165,166,83,93,102,164,17,172,12,141,20,60,177,28,156,65,170,182,140,96,69,186,7,132,109,190,185,192,139,144,63,46,19,29,195,];False
4565;9295;13860;[146,142,169,3,4,5,6,52,32,161,124,11,104,94,14,49,2,103,18,86,163,175,95,23,24,25,37,27,123,90,85,158,153,33,147,35,36,66,181,39,40,54,42,119,44,108,8,47,48,136,50,51,107,34,16,55,188,101,58,59,151,61,187,199,64,98,68,41,135,84,155,114,127,73,74,159,21,184,78,79,121,167,26,81,150,30,133,67,88,0,189,91,92,171,116,82,77,97,180,99,122,125,179,168,198,183,87,62,196,148,22,111,112,113,70,115,174,178,57,162,120,80,45,105,191,71,126,72,128,137,130,117,110,197,134,53,13,129,138,1,176,131,31,143,194,145,100,15,173,149,10,56,152,43,193,106,118,157,154,75,160,76,89,9,38,165,166,83,93,102,164,17,172,12,141,20,60,177,28,156,65,170,182,140,96,69,186,7,132,109,190,185,192,139,144,63,46,19,29,195,];False
4608;9250;13858;[146,142,169,3,4,5,6,52,32,161,124,11,104,94,14,49,2,103,18,86,163,175,95,23,24,189,37,27,123,90,85,158,153,33,147,35,36,66,181,39,40,54,42,119,44,108,8,83,48,136,50,51,107,34,16,55,188,101,58,59,151,61,187,199,64,98,68,41,135,84,155,114,127,73,74,159,21,184,78,79,121,167,26,81,150,30,133,67,88,0,148,91,92,171,116,82,77,97,180,99,122,125,179,168,198,183,87,93,196,25,22,111,112,113,70,115,174,178,57,162,120,80,45,105,191,71,126,72,128,137,130,117,110,197,134,53,13,129,138,1,176,131,31,143,194,145,100,15,173,149,10,56,152,43,193,106,118,157,154,75,160,76,89,9,38,165,166,47,62,102,164,17,172,12,141,20,60,177,28,156,65,170,182,140,96,69,186,7,132,109,190,185,192,139,144,63,46,19,29,195,];False
4512;9345;13857;[146,142,169,3,4,5,6,52,32,161,124,11,104,94,14,49,2,103,18,86,163,175,95,23,24,25,37,27,123,90,85,158,153,33,147,35,36,66,181,39,40,54,42,119,44,108,8,47,48,136,50,51,107,34,16,55,188,101,58,59,151,61,187,199,64,98,68,41,135,84,155,114,127,73,76,159,21,184,78,79,121,167,26,81,150,30,133,67,88,0,148,91,92,171,116,82,77,97,180,99,122,125,179,168,198,183,87,62,196,189,22,111,112,113,70,115,174,178,57,162,120,80,45,105,191,71,126,72,128,137,130,117,110,197,134,53,13,129,138,1,176,131,31,143,194,145,100,15,173,149,10,56,152,43,193,106,118,157,154,75,160,74,89,9,38,165,166,83,93,102,164,17,172,12,141,20,60,177,28,156,65,170,182,140,96,69,186,7,132,109,190,185,192,139,144,63,46,19,29,195,];False
4570;9286;13856;[146,142,169,3,4,5,6,52,32,161,124,11,104,94,14,49,2,103,18,86,163,175,95,23,24,25,37,27,123,90,85,158,153,33,147,35,36,66,181,39,40,54,42,119,44,108,8,47,48,136,50,51,107,34,16,55,188,101,58,59,151,61,187,199,64,98,68,41,135,84,155,114,127,73,74,159,21,184,78,79,121,167,26,81,150,30,133,67,88,0,148,91,92,171,116,82,77,97,180,99,122,125,179,168,198,183,87,62,196,189,22,111,112,113,70,115,174,178,57,162,120,80,45,105,191,71,126,72,128,137,130,117,110,197,134,53,13,129,138,1,176,173,31,143,194,145,100,15,131,149,10,56,152,43,193,106,118,157,154,75,160,76,89,9,38,165,166,83,93,102,164,17,172,12,141,20,60,177,28,156,65,170,182,140,96,69,186,7,132,109,190,185,192,139,144,63,46,19,29,195,];False
4589;9267;13856;[146,142,169,3,185,5,6,52,32,161,124,11,104,94,14,49,2,103,18,86,163,175,95,23,24,25,37,27,123,90,85,158,153,33,147,35,36,66,181,39,40,54,42,119,44,108,8,47,48,136,50,51,107,34,16,55,188,101,58,59,151,61,187,199,64,98,68,41,135,84,155,114,127,73,74,159,21,184,78,79,121,167,26,81,150,30,133,67,88,0,148,91,92,171,116,82,77,97,180,99,122,125,179,168,198,183,87,62,196,189,22,111,112,113,70,115,174,178,57,162,120,80,45,105,191,71,126,72,128,137,130,117,110,197,134,53,13,129,138,1,176,131,31,143,194,145,100,15,173,149,10,56,152,43,193,106,118,157,154,75,160,76,89,9,38,165,166,83,93,102,164,17,172,12,141,20,60,177,28,156,65,170,182,140,96,69,186,7,132,109,190,4,192,139,144,63,46,19,29,195,];False
4543;9311;13854;[146,142,169,3,4,5,6,52,32,161,124,11,104,94,14,49,2,103,18,86,163,175,95,23,24,25,37,27,123,90,85,158,153,76,147,35,36,66,181,39,40,54,42,119,44,108,8,47,48,136,50,51,107,34,16,55,188,101,58,59,151,61,187,199,64,98,68,41,135,84,155,114,127,73,74,159,21,184,78,79,121,167,26,81,150,30,133,67,88,0,148,91,92,171,116,82,77,97,180,99,122,125,179,168,198,183,87,62,196,189,22,111,112,113,70,115,174,178,57,162,120,80,45,105,191,71,126,72,128,137,130,117,110,197,134,53,13,129,138,1,176,131,31,143,194,145,100,15,173,149,10,56,152,43,193,106,118,157,154,75,160,33,89,9,38,165,166,83,93,102,164,17,172,12,141,20,60,177,28,156,65,170,182,140,96,69,186,7,132,109,190,185,192,139,144,63,46,19,29,195,];False
4571;9282;13853;[146,142,169,3,4,5,6,52,32,161,124,11,104,94,14,49,2,103,18,86,163,175,95,23,24,25,37,27,123,90,85,158,153,33,147,35,36,66,181,39,40,54,42,119,44,108,8,47,13,136,50,51,107,34,16,55,188,101,58,59,151,61,187,199,64,98,68,41,135,84,155,114,127,73,74,159,21,184,78,79,121,167,26,81,150,30,133,67,88,162,148,91,92,171,116,82,77,97,180,99,122,125,179,168,198,183,87,62,196,189,22,111,112,113,70,115,174,178,102,0,120,80,45,105,191,71,126,72,128,137,130,117,110,197,134,53,48,129,138,1,176,131,31,143,194,145,100,15,173,149,10,56,152,43,193,106,118,157,154,75,160,76,89,9,38,165,166,83,93,57,164,17,172,12,141,20,60,177,28,156,65,170,182,140,96,69,186,7,132,109,190,185,192,139,144,63,46,19,29,195,];False
4603;9249;13852;[146,142,169,3,4,5,6,52,32,161,124,11,104,94,14,49,2,103,18,86,163,175,95,23,115,25,37,27,123,90,85,158,153,33,147,35,36,66,181,39,19,54,42,119,44,108,8,83,48,136,50,51,107,87,16,55,188,101,58,59,151,61,187,199,64,98,68,41,135,84,155,114,127,73,74,159,21,184,78,79,121,167,26,81,162,30,133,67,88,0,148,91,92,171,116,82,77,97,180,99,122,125,179,168,198,183,34,93,196,189,22,111,112,113,70,24,138,178,57,150,120,80,45,105,191,71,126,72,128,137,130,117,110,197,134,53,13,129,174,1,176,131,31,143,194,145,100,15,173,149,10,56,152,43,193,106,118,157,154,75,160,76,89,9,38,165,40,47,62,102,164,17,172,12,141,20,60,177,28,156,65,170,182,140,96,69,186,7,132,109,190,185,192,139,144,63,46,166,29,195,];False
4522;9329;13851;[146,142,169,3,4,5,6,52,32,161,124,11,104,94,14,49,2,103,18,86,163,175,95,23,24,25,37,27,123,90,85,158,153,33,147,35,36,66,181,156,40,54,42,119,44,108,8,47,48,136,50,51,107,34,16,55,188,101,58,59,151,61,187,199,64,98,68,41,135,84,155,114,127,73,74,159,21,184,78,79,121,167,26,81,150,30,133,67,88,0,148,91,92,171,116,82,77,97,180,99,122,125,179,168,198,183,87,62,196,189,22,111,112,113,70,115,174,178,57,162,120,80,45,105,191,71,126,72,128,137,130,117,110,197,134,53,13,129,138,1,176,131,31,143,194,145,100,15,173,149,10,56,152,43,193,106,118,157,154,75,160,76,89,9,38,165,166,83,93,102,164,17,172,12,141,20,60,177,28,39,65,170,182,140,96,69,186,7,132,109,190,185,192,139,144,63,46,19,29,195,];False
4570;9281;13851;[146,142,169,3,4,5,6,52,32,161,124,11,104,94,14,49,2,103,18,86,163,175,95,23,24,25,37,27,123,90,85,158,153,33,147,35,36,66,181,39,40,54,42,119,44,108,8,47,48,136,50,51,107,34,16,55,188,101,58,59,151,61,187,199,64,98,68,41,135,84,155,114,127,73,74,159,21,184,78,79,121,167,26,81,150,30,133,67,88,162,148,91,92,171,116,82,77,97,180,99,122,125,179,168,198,183,87,62,196,189,22,111,112,113,70,115,174,178,102,0,120,80,45,105,191,71,126,72,128,137,130,117,110,19,134,53,13,129,138,1,176,131,31,143,194,145,100,15,173,149,10,56,152,141,193,106,118,157,154,75,160,76,89,9,38,165,166,83,17,57,164,93,172,12,43,20,60,177,28,156,65,170,182,140,96,69,186,7,132,109,190,185,192,139,144,63,46,197,29,195,];False
4580;9270;13850;[146,142,169,3,4,5,6,52,32,161,124,11,104,94,14,49,2,103,18,86,163,175,95,23,24,25,37,27,123,90,85,158,153,33,147,35,36,66,181,39,40,54,42,119,44,108,8,47,48,136,50,51,107,34,16,55,188,101,58,59,151,61,187,199,64,98,68,41,135,84,155,114,127,73,74,159,21,184,78,79,121,167,26,81,150,30,133,67,88,162,148,91,92,171,116,82,77,97,180,99,122,125,179,168,198,183,87,62,196,189,22,111,112,113,70,115,174,178,102,0,120,80,45,105,191,71,126,72,128,137,130,117,110,19,134,53,13,129,138,1,176,131,31,143,194,145,100,15,173,149,10,56,152,43,193,106,118,157,154,75,160,76,89,9,38,165,166,83,17,57,164,93,172,12,141,20,60,177,28,156,65,170,182,140,96,69,186,7,132,109,190,185,192,139,144,63,46,197,29,195,];False
4597;9252;13849;[146,142,169,3,4,5,6,52,32,161,124,11,104,94,14,49,2,103,18,86,163,175,95,23,24,25,37,27,123,90,85,158,28,33,147,35,36,66,181,39,166,54,42,119,44,108,8,83,48,136,50,51,107,87,16,55,188,101,58,59,151,61,187,199,64,98,68,41,135,84,155,114,127,73,74,159,21,184,78,79,121,167,26,81,162,30,133,67,88,0,148,91,92,171,116,82,77,97,180,99,122,125,179,168,198,183,34,93,196,189,22,111,112,113,70,115,138,178,57,150,120,80,45,105,191,71,126,72,128,137,130,117,110,197,134,53,13,129,174,1,176,131,31,143,194,145,100,15,173,149,10,56,152,43,193,106,118,157,154,75,160,76,89,9,38,165,40,47,62,102,164,17,172,12,141,20,60,177,153,156,65,170,182,140,96,69,186,7,132,109,190,185,192,139,144,63,46,19,29,195,];False
4580;9267;13847;[146,142,169,3,4,5,6,52,32,161,124,11,104,94,14,49,2,103,18,86,163,175,95,23,24,25,37,27,123,90,85,158,153,33,147,35,36,66,181,39,40,54,42,119,44,108,8,47,48,136,50,51,107,34,16,55,188,101,58,59,151,61,187,199,64,98,68,41,135,84,155,114,127,73,74,159,21,184,78,79,121,167,26,81,150,30,185,67,88,0,148,91,92,171,116,82,77,97,180,99,122,125,179,168,198,183,87,62,196,189,22,111,112,113,70,115,174,178,57,162,120,80,45,105,191,71,126,72,128,137,130,117,110,197,134,53,13,129,138,1,176,131,31,143,194,145,100,15,173,149,10,56,152,43,193,106,118,157,154,75,160,76,89,9,38,165,166,83,93,102,164,17,172,12,141,20,60,177,28,156,65,170,182,140,96,69,186,7,132,109,190,133,192,139,144,63,46,19,29,195,];False
4529;9317;13846;[146,142,169,3,4,5,6,52,32,161,124,11,104,94,14,49,2,103,18,86,163,175,95,23,24,25,37,27,123,90,85,158,153,33,147,35,36,66,181,39,40,54,42,119,44,108,8,83,48,136,50,51,107,34,16,55,188,101,58,59,151,61,187,199,64,98,68,41,135,84,155,114,127,73,74,159,21,184,78,79,121,167,26,81,150,30,133,67,88,0,148,91,92,171,116,82,77,97,180,99,122,125,179,168,198,183,87,93,196,189,22,111,112,113,70,115,174,178,57,162,120,80,45,105,191,71,126,72,128,137,130,117,110,197,134,53,13,129,138,1,176,131,12,143,194,145,100,15,173,149,10,56,152,43,193,106,118,157,154,75,160,76,89,9,38,165,166,47,62,102,164,17,172,31,141,20,60,177,28,156,65,170,182,140,96,69,186,7,132,109,190,185,192,139,144,63,46,19,29,195,];False
4572;9273;13845;[146,142,169,3,4,5,6,52,32,161,124,11,104,94,14,49,2,103,18,86,163,175,95,23,24,25,37,27,123,90,85,158,153,33,147,35,36,66,181,39,40,54,42,119,44,108,8,83,48,136,50,51,107,34,16,55,188,101,58,59,151,61,187,199,64,98,68,41,135,84,155,114,127,73,74,159,21,184,78,79,121,167,26,81,150,30,133,67,88,0,148,91,92,171,116,82,77,97,180,99,122,125,179,168,198,183,87,93,196,189,22,111,112,113,47,115,174,178,57,162,120,80,45,105,191,71,126,72,128,137,130,117,110,197,134,53,13,129,138,1,176,131,31,143,194,145,100,15,173,149,10,56,152,43,193,106,118,157,154,75,160,76,89,9,38,165,166,70,62,102,164,17,172,12,141,20,60,177,28,156,65,170,182,140,96,69,186,7,132,109,190,185,192,139,144,63,46,19,29,195,];False
4599;9245;13844;[146,142,169,3,4,5,6,52,32,161,124,11,104,94,14,49,2,103,18,86,163,175,95,23,24,25,37,27,123,73,85,158,153,33,147,35,36,66,181,39,40,54,42,119,44,108,8,47,48,136,50,51,107,34,16,55,188,101,58,59,151,61,187,199,64,98,68,41,135,84,155,114,127,90,74,159,21,184,78,79,121,167,26,81,150,30,133,67,88,162,148,91,92,171,116,82,77,97,180,99,122,125,179,168,198,183,87,62,196,189,22,111,112,113,70,115,174,178,102,0,120,80,45,105,191,71,126,72,128,137,130,117,110,19,134,53,13,129,138,1,176,131,31,143,194,145,100,15,173,149,10,56,152,43,193,106,118,157,154,75,160,76,89,9,38,165,166,83,93,57,164,17,172,12,141,20,60,177,28,156,65,170,182,140,96,69,186,7,132,109,190,185,192,139,144,63,46,197,29,195,];False
4560;9283;13843;[146,142,169,3,4,5,6,52,32,161,124,11,104,94,14,49,2,103,18,86,163,175,95,23,24,25,37,27,123,90,85,158,153,33,147,35,36,66,181,39,40,54,42,119,44,108,8,47,48,136,50,51,107,34,16,55,188,101,58,31,151,61,187,199,64,98,68,41,135,84,155,114,127,73,74,159,21,184,78,79,121,167,26,81,150,30,133,67,88,162,148,91,92,171,116,82,77,97,180,99,122,125,179,168,198,183,87,62,196,189,22,111,112,113,70,115,174,178,102,0,120,80,45,105,191,71,126,72,128,137,130,117,110,197,134,53,13,129,138,1,176,131,59,143,194,145,100,15,173,149,10,56,152,43,193,106,118,157,154,75,160,76,89,9,38,165,166,83,93,57,164,17,172,12,141,20,60,177,28,156,65,170,182,140,96,69,186,7,132,109,190,185,192,139,144,63,46,19,29,195,];False
4564;9279;13843;[146,142,169,3,4,5,6,52,32,161,124,11,104,94,14,49,2,103,18,86,163,175,95,23,24,25,37,27,123,90,85,158,153,33,147,35,36,66,181,39,40,54,42,119,44,108,8,47,48,136,50,51,107,34,16,55,188,101,58,59,151,61,187,199,64,98,68,41,135,84,155,114,127,73,74,159,21,184,78,79,121,167,26,81,150,30,133,67,88,0,134,91,92,171,116,82,77,97,180,99,122,125,179,168,198,183,87,62,196,189,22,111,112,113,70,115,174,178,57,162,120,80,45,105,191,71,126,72,128,137,130,117,110,197,148,53,13,129,138,1,176,131,31,143,194,145,100,15,173,149,10,56,152,43,193,106,118,157,154,75,160,76,89,9,38,165,166,83,93,102,164,17,172,12,141,20,60,177,28,156,65,170,182,140,96,69,186,7,132,109,190,185,192,139,144,63,46,19,29,195,];False
4509;9333;13842;[146,142,169,3,4,5,6,52,32,161,124,11,104,94,14,49,2,103,18,86,163,55,95,23,24,25,37,27,123,90,85,158,153,33,147,35,36,66,181,39,40,54,42,119,44,108,8,47,48,136,50,51,107,34,16,175,188,101,58,59,151,61,187,199,64,98,68,41,135,84,155,114,127,73,74,159,21,184,78,79,121,167,26,81,150,30,133,67,88,0,148,91,92,171,116,82,77,97,180,99,122,125,179,168,198,183,87,62,196,189,22,111,112,113,70,115,174,178,57,162,120,80,45,105,191,71,126,72,128,137,130,117,110,197,134,53,13,129,138,1,176,131,31,143,194,145,100,15,173,149,10,56,152,43,193,106,118,157,154,75,160,76,89,9,38,165,166,83,93,102,164,17,172,12,141,20,60,177,28,156,65,170,182,140,96,69,186,7,132,109,190,185,192,139,144,63,46,19,29,195,];False
4536;9305;13841;[146,142,169,3,4,5,6,52,32,161,124,11,104,94,14,49,2,103,18,86,163,175,95,23,24,25,37,27,123,90,85,158,153,33,147,35,36,66,181,39,40,54,42,119,44,108,8,47,48,136,50,51,107,34,16,55,188,101,58,59,151,61,187,199,64,98,68,41,135,84,155,114,127,73,74,159,21,184,78,79,121,167,26,81,150,30,133,67,88,0,148,91,92,171,116,82,77,97,180,99,122,125,179,168,198,183,87,62,196,100,22,111,112,113,70,115,174,178,57,162,120,80,45,105,191,71,126,72,128,137,130,117,110,197,134,53,13,129,138,1,176,131,31,143,194,145,189,15,173,149,10,56,152,43,193,106,118,157,154,75,160,76,89,9,38,165,166,83,93,102,164,17,172,12,141,20,60,177,28,156,65,170,182,140,96,69,186,7,132,109,190,185,192,139,144,63,46,19,29,195,];False
4578;9261;13839;[146,142,169,3,4,5,6,52,32,161,124,11,104,94,14,49,2,103,18,86,163,175,95,23,24,25,37,27,123,90,85,158,153,33,147,35,36,66,181,39,40,54,42,119,44,108,8,47,48,136,50,51,107,34,16,55,188,101,58,59,151,61,187,199,64,98,68,41,135,84,132,114,127,73,74,159,21,184,78,79,121,167,26,81,150,30,133,67,88,0,148,91,92,171,116,82,77,97,180,99,122,125,179,168,198,183,87,62,196,189,22,111,112,113,70,115,174,178,57,162,120,80,45,105,191,71,126,72,128,137,130,117,110,197,134,53,13,129,138,1,176,131,31,143,194,145,100,15,173,149,10,56,152,43,193,106,118,157,154,75,160,76,89,9,38,165,166,83,93,102,164,17,172,12,141,20,60,177,28,156,65,170,182,140,96,69,186,7,155,109,190,185,192,139,144,63,46,19,29,195,];False
4573;9266;13839;[146,142,169,3,4,5,6,52,32,161,124,11,104,94,14,49,2,103,18,86,163,175,95,23,24,25,37,27,123,90,85,158,153,33,147,35,36,66,181,39,40,54,42,119,44,108,8,83,48,136,50,51,107,34,16,55,188,101,58,59,151,61,187,199,64,98,68,41,135,84,155,114,127,73,74,159,21,184,78,79,121,167,26,81,150,30,133,67,88,0,148,91,92,171,116,82,77,97,180,99,122,125,179,168,198,183,87,93,196,189,22,111,29,113,70,115,174,178,57,162,120,80,45,105,191,71,126,72,128,137,130,117,110,197,134,53,13,129,138,1,176,131,31,143,194,145,100,15,173,149,10,56,152,43,193,106,118,157,154,75,160,76,89,9,38,165,166,47,62,102,164,17,172,12,141,20,60,177,28,156,65,170,182,140,96,69,186,7,132,109,190,185,192,139,144,63,46,19,112,195,];False
4547;9292;13839;[146,142,169,3,4,5,6,52,32,161,124,11,104,94,14,49,2,103,18,86,163,175,95,23,24,25,37,27,123,90,85,158,153,33,147,35,36,66,181,39,40,54,42,119,44,108,8,47,48,136,50,51,107,34,16,55,188,101,58,59,151,61,187,199,64,98,68,41,135,84,155,114,127,73,74,159,21,184,78,79,121,167,26,81,150,30,133,67,88,0,148,91,92,171,116,82,77,97,180,99,122,125,179,168,198,183,87,62,196,189,22,111,112,113,70,115,174,178,57,162,120,80,45,105,191,71,126,72,128,137,130,117,110,197,134,53,13,129,138,1,176,131,31,143,194,145,100,15,173,149,10,56,152,43,193,106,118,157,154,75,160,76,89,9,38,165,166,83,93,102,164,17,172,12,141,20,60,177,28,156,109,170,182,140,96,69,186,7,132,65,190,185,192,139,144,63,46,19,29,195,];False
4589;9247;13836;[146,142,169,3,4,5,6,52,32,161,124,11,104,94,14,49,2,103,18,86,163,175,95,23,24,25,140,27,123,90,85,158,153,33,147,35,36,66,181,39,40,54,42,119,44,108,8,47,48,136,50,51,107,34,16,55,188,101,58,59,151,61,187,199,64,98,68,41,135,84,155,114,127,73,74,159,21,184,78,79,121,167,26,81,150,30,133,67,88,162,148,91,92,171,116,82,77,97,180,99,122,125,179,168,198,183,87,62,196,189,22,111,112,113,70,115,174,178,102,0,120,80,45,105,191,71,126,72,128,137,130,117,110,197,134,53,13,129,138,1,176,131,31,143,194,145,100,15,173,149,10,56,152,43,193,106,118,157,154,75,160,76,89,9,38,165,166,83,93,57,164,17,172,12,141,20,60,177,28,156,65,170,182,37,96,69,186,7,132,109,190,185,192,139,144,63,46,19,29,195,];False
4615;9220;13835;[146,142,169,3,4,5,6,52,32,161,124,11,104,94,14,49,2,103,18,86,163,175,95,23,57,25,37,27,123,90,85,158,153,33,147,35,36,66,181,39,40,54,42,119,44,108,8,83,48,136,50,51,107,34,16,55,188,101,58,59,151,61,187,199,64,98,68,41,135,84,155,114,127,73,74,159,21,184,78,79,121,167,26,81,150,30,133,67,88,0,148,91,92,171,116,82,77,97,180,99,122,125,179,168,198,183,87,93,196,189,22,111,112,113,70,115,174,178,24,162,120,80,45,105,191,71,126,72,128,137,130,117,110,197,134,53,13,129,138,1,176,131,31,143,194,145,100,15,173,149,10,56,152,43,193,106,118,157,154,75,160,76,89,9,38,165,166,47,62,102,164,17,172,12,141,20,60,177,28,156,65,170,182,140,96,69,186,7,132,109,190,185,192,139,144,63,46,19,29,195,];False
4596;9238;13834;[146,142,169,3,4,5,6,52,32,161,124,11,104,94,14,49,2,103,18,86,163,175,95,23,24,25,37,27,123,90,85,158,153,33,147,35,36,66,181,39,166,54,42,119,44,108,8,83,48,136,50,51,107,87,16,55,188,101,58,59,151,61,187,199,64,98,68,41,135,84,155,114,127,73,74,159,21,184,78,79,121,167,26,81,162,30,133,67,88,0,148,91,106,171,116,82,77,97,180,99,122,125,179,168,198,183,34,93,196,189,22,111,112,113,70,115,138,178,57,150,120,80,45,105,191,71,126,72,128,137,130,117,110,197,134,53,13,129,174,1,176,131,31,143,194,145,100,15,173,149,10,56,152,43,193,92,118,157,154,75,160,76,89,9,38,165,40,47,62,102,164,17,172,12,141,20,60,177,28,156,65,170,182,140,96,69,186,7,132,109,190,185,192,139,144,63,46,19,29,195,];False
4576;9257;13833;[146,142,169,3,4,5,6,52,32,161,124,11,104,94,14,49,2,103,18,86,149,175,95,23,24,25,37,27,123,90,85,158,153,33,147,35,36,66,181,39,40,54,42,119,44,108,8,83,48,136,50,51,107,34,16,55,188,101,58,59,151,61,187,199,64,98,68,41,135,84,155,114,127,73,74,159,21,184,78,79,121,167,26,81,150,30,133,67,88,0,148,91,92,171,116,82,77,97,180,99,122,125,179,168,198,183,87,93,196,189,22,111,112,113,70,115,174,178,57,162,120,80,45,105,191,71,126,72,128,137,130,117,110,197,134,53,13,129,138,1,176,131,31,143,194,145,100,15,173,163,10,56,152,43,193,106,118,157,154,75,160,76,89,9,38,165,166,47,62,102,164,17,172,12,141,20,60,177,28,156,65,170,182,140,96,69,186,7,132,109,190,185,192,139,144,63,46,19,29,195,];False
4575;9258;13833;[146,142,169,3,4,5,6,52,32,161,124,11,104,94,14,49,2,103,18,86,163,175,95,23,24,25,37,27,123,90,85,158,153,118,147,35,36,66,181,39,166,54,42,119,44,108,8,83,48,136,50,51,107,87,16,55,188,101,58,59,151,61,187,199,64,98,68,41,135,84,155,114,127,73,74,159,21,184,78,79,121,167,26,81,162,30,133,67,88,0,148,91,92,171,116,82,77,97,180,99,122,125,179,168,198,183,34,93,196,189,22,111,112,113,70,115,138,178,57,150,120,80,45,105,191,71,126,72,128,137,130,117,110,197,134,53,13,129,174,1,176,131,31,143,194,145,100,15,173,149,10,56,152,43,193,106,33,157,154,75,160,76,89,9,38,165,40,47,62,102,164,17,172,12,141,20,60,177,28,156,65,170,182,140,96,69,186,7,132,109,190,185,192,139,144,63,46,19,29,195,];False
4575;9257;13832;[146,142,169,3,4,5,6,52,32,161,124,11,104,94,14,49,2,103,18,86,163,88,95,23,24,25,37,27,123,90,85,158,153,33,147,35,36,66,181,39,40,54,42,119,44,108,8,83,48,136,50,51,107,87,16,55,188,101,58,59,151,61,187,199,64,98,68,41,135,84,155,114,127,73,74,159,21,184,78,79,121,167,26,81,150,30,133,67,175,0,148,91,92,171,116,82,77,97,180,99,122,125,179,168,198,183,34,93,196,189,22,111,112,113,70,115,174,178,57,162,120,80,45,105,191,71,126,72,128,137,130,117,110,197,134,53,13,129,138,1,176,131,31,143,194,145,100,15,173,149,10,56,152,43,193,106,118,157,154,75,160,76,89,9,38,165,166,47,62,102,164,17,172,12,141,20,60,177,28,156,65,170,182,140,96,69,186,7,132,109,190,185,192,139,144,63,46,19,29,195,];False
4536;9296;13832;[146,142,169,3,4,5,6,52,32,161,124,11,104,94,14,49,2,103,18,86,163,175,95,23,24,25,37,27,123,120,85,158,153,33,147,35,36,66,181,39,40,54,42,119,44,108,8,47,48,136,50,51,107,34,16,55,188,101,58,59,151,61,187,199,64,98,68,41,135,84,155,114,127,73,74,159,21,184,78,79,121,167,26,81,150,30,133,67,88,162,148,91,92,171,116,82,77,97,180,99,122,125,179,168,198,183,87,62,196,189,22,111,112,113,70,115,174,178,102,0,90,80,45,105,191,71,126,72,128,137,130,117,110,197,134,53,13,129,138,1,176,131,31,143,194,145,100,15,173,149,10,56,152,43,193,106,118,157,154,75,160,76,89,9,38,165,166,83,93,57,164,17,172,12,141,20,60,177,28,156,65,170,182,140,96,69,186,7,132,109,190,185,192,139,144,63,46,19,29,195,];False
4525;9305;13830;[146,142,169,3,4,5,6,52,32,161,124,11,104,94,14,49,2,103,18,86,163,175,95,23,24,25,37,27,123,90,85,158,153,33,147,35,36,66,181,39,40,54,42,119,44,108,8,47,48,136,50,51,107,34,16,55,188,101,58,59,151,61,187,199,64,98,68,41,135,84,155,114,127,73,74,159,21,184,190,79,121,167,26,81,150,30,133,67,88,0,148,91,92,171,116,82,77,97,180,99,122,125,179,168,198,183,87,62,196,189,22,111,112,113,70,115,174,178,57,162,120,80,45,105,191,71,126,72,128,137,130,117,110,197,134,53,13,129,138,1,176,131,31,143,194,145,100,15,173,149,10,56,152,43,193,106,118,157,154,75,160,76,89,9,38,165,166,83,93,102,164,17,172,12,141,20,60,177,28,156,65,170,182,140,96,69,186,7,132,109,78,185,192,139,144,63,46,19,29,195,];False
4542;9285;13827;[146,142,169,3,4,5,6,52,32,161,124,11,104,94,14,49,2,103,18,86,163,175,95,23,24,25,37,27,123,90,85,158,153,33,147,35,36,66,181,39,40,54,42,119,44,108,8,83,48,136,50,51,107,34,16,55,188,101,58,59,151,61,187,199,64,98,68,41,135,84,155,114,127,73,74,159,162,184,78,79,121,167,26,81,150,30,133,67,88,0,148,91,92,171,116,82,77,97,180,99,122,125,179,168,198,183,87,62,196,189,22,111,112,113,70,115,174,178,57,21,120,80,45,105,191,71,126,72,128,137,130,117,110,197,134,53,13,129,138,1,176,131,31,143,194,145,100,15,173,149,10,56,152,43,193,106,118,157,154,75,160,76,89,9,38,165,166,47,93,102,164,17,172,12,141,20,60,177,28,156,65,170,182,140,96,69,186,7,132,109,190,185,192,139,144,63,46,19,29,195,];False
4554;9269;13823;[146,142,169,3,4,5,6,52,32,161,124,11,104,94,14,49,2,103,18,86,163,175,95,23,24,25,37,27,123,90,85,158,153,33,147,35,36,66,181,39,40,54,42,119,44,108,8,83,48,136,50,51,107,87,16,55,188,101,58,59,151,61,187,199,64,98,68,41,135,84,155,114,127,73,74,159,21,184,192,79,121,167,26,81,150,30,133,67,88,0,148,91,92,171,116,82,77,97,180,99,122,125,179,168,198,183,34,93,196,189,22,111,112,113,70,115,174,178,57,162,120,80,45,105,191,71,126,72,128,137,130,117,110,197,134,53,13,129,138,1,176,131,31,143,194,145,100,15,173,149,10,56,152,43,193,106,118,157,154,75,160,76,89,9,38,165,166,47,62,102,164,17,172,12,141,20,60,177,28,156,65,170,182,140,96,69,186,7,132,109,190,185,78,139,144,63,46,19,29,195,];False
4588;9234;13822;[146,142,169,3,99,5,6,52,32,161,124,11,104,94,14,49,2,103,18,86,163,175,95,23,24,25,37,27,123,90,85,158,153,33,147,35,36,66,181,39,40,54,42,119,44,108,8,47,48,136,50,51,107,34,16,55,188,101,58,59,151,61,187,199,64,98,68,41,135,84,155,114,127,73,74,159,21,184,78,79,121,167,26,81,150,30,133,67,88,162,148,91,92,171,116,82,77,97,180,4,122,125,179,168,198,183,87,62,196,189,22,111,112,113,70,115,174,178,102,0,120,80,45,105,191,71,126,72,128,137,130,117,110,197,134,53,13,129,138,1,176,131,31,143,194,145,100,15,173,149,10,56,152,43,193,106,118,157,154,75,160,76,89,9,38,165,166,83,93,57,164,17,172,12,141,20,60,177,28,156,65,170,182,140,96,69,186,7,132,109,190,185,192,139,144,63,46,19,29,195,];False
4469;9353;13822;[146,142,169,3,4,5,6,52,32,161,124,11,104,94,14,49,2,103,18,86,163,175,95,23,24,25,37,27,123,117,85,158,153,33,147,35,36,66,181,39,40,54,42,119,44,108,8,47,48,136,50,51,107,34,16,55,188,101,58,59,151,61,187,199,64,98,68,41,135,84,155,114,127,73,74,159,21,184,78,79,121,167,26,81,150,30,133,67,88,0,148,91,92,171,116,82,77,97,180,99,122,125,179,168,198,183,87,62,196,189,22,111,112,113,70,115,174,178,57,162,120,80,45,105,191,71,126,72,128,137,130,90,110,197,134,53,13,129,138,1,176,131,31,143,194,145,100,15,173,149,10,56,152,43,193,106,118,157,154,75,160,76,89,9,38,165,166,83,93,102,164,17,172,12,141,20,60,177,28,156,65,170,182,140,96,69,186,7,132,109,190,185,192,139,144,63,46,19,29,195,];False
4578;9242;13820;[146,142,169,3,4,5,6,52,32,161,124,11,104,94,14,49,2,103,18,86,163,175,95,23,24,25,37,27,123,90,85,158,153,33,147,35,36,66,181,39,166,54,42,119,44,108,8,83,48,136,50,51,107,87,16,55,188,101,58,59,151,61,187,199,64,98,68,41,135,84,155,114,127,73,74,159,21,184,78,79,121,167,26,81,162,30,133,67,88,0,148,91,92,171,116,82,77,97,180,99,122,125,179,168,198,183,34,93,196,189,22,111,112,113,70,115,138,178,100,150,120,80,45,105,191,71,126,72,128,137,130,117,110,197,134,53,13,129,174,1,176,131,31,143,194,145,57,15,173,149,10,56,152,43,193,106,118,157,154,75,160,76,89,9,38,165,40,47,62,102,164,17,172,12,141,20,60,177,28,156,65,170,182,140,96,69,186,7,132,109,190,185,192,139,144,63,46,19,29,195,];False
4565;9254;13819;[146,142,169,3,4,5,6,52,32,161,124,11,104,94,14,49,2,103,18,86,163,175,95,23,24,25,37,27,123,90,85,158,153,33,147,35,36,66,181,39,166,54,42,119,44,108,8,83,48,136,50,51,107,87,16,55,188,101,58,59,151,61,187,199,64,98,68,41,135,84,155,114,127,73,74,159,21,184,78,79,121,167,26,81,162,30,133,67,88,0,148,91,92,171,116,82,77,97,180,99,122,125,179,168,198,183,34,93,196,189,22,111,112,113,109,115,138,178,57,150,120,80,45,105,191,71,126,72,128,137,130,117,110,197,134,53,13,129,174,1,176,131,31,143,194,145,100,15,173,149,10,56,152,43,193,106,118,157,154,75,160,76,89,9,38,165,40,47,62,102,164,17,172,12,141,20,60,177,28,156,65,170,182,140,96,69,186,7,132,70,190,185,192,139,144,63,46,19,29,195,];False
4566;9253;13819;[146,142,169,3,4,5,6,52,32,161,124,11,104,94,14,49,2,103,18,86,163,175,95,23,24,25,37,27,123,90,85,158,153,33,147,35,36,66,181,39,40,54,42,119,44,108,8,83,48,136,50,51,107,34,16,55,188,101,58,59,151,61,187,199,64,98,68,41,135,84,155,114,127,73,74,159,21,184,78,79,121,167,26,81,150,30,133,67,88,0,148,91,92,171,116,82,77,97,180,99,122,125,179,168,198,183,87,93,196,189,22,111,112,113,70,115,174,178,57,162,120,80,45,105,173,71,126,72,128,137,130,117,110,197,134,53,13,129,138,1,176,131,31,143,194,145,100,15,191,149,10,56,152,43,193,106,118,157,154,75,160,76,89,9,38,165,166,47,62,102,164,17,172,12,141,20,60,177,28,156,65,170,182,140,96,69,186,7,132,109,190,185,192,139,144,63,46,19,29,195,];False
4564;9253;13817;[146,142,169,3,4,5,6,52,32,161,124,11,104,94,14,49,2,103,18,86,163,175,95,23,24,25,37,27,123,90,85,158,153,33,147,35,145,66,181,39,40,54,42,119,44,108,8,83,48,136,50,51,107,34,16,55,188,101,58,59,151,61,187,199,64,98,68,41,135,84,155,114,127,73,74,159,21,184,78,79,121,167,26,81,150,30,133,67,88,0,148,91,92,171,116,82,77,97,180,99,122,125,179,168,198,183,87,93,196,189,22,111,112,113,70,115,174,178,57,162,120,80,45,105,191,71,126,72,128,137,130,117,110,197,134,53,13,129,138,1,176,131,31,143,194,36,100,15,173,149,10,56,152,43,193,106,118,157,154,75,160,76,89,9,38,165,166,47,62,102,164,17,172,12,141,20,60,177,28,156,65,170,182,140,96,69,186,7,132,109,190,185,192,139,144,63,46,19,29,195,];False
4589;9228;13817;[146,142,169,3,4,5,6,52,32,161,124,11,104,94,14,49,2,103,18,86,163,175,95,23,24,25,37,27,123,90,85,158,153,33,147,35,36,66,181,39,40,54,42,119,105,108,8,83,48,136,50,51,107,34,16,55,188,101,58,59,151,61,187,199,64,98,68,41,135,84,155,114,127,73,74,159,21,184,78,79,121,167,26,81,150,30,133,67,88,0,148,91,92,171,116,82,77,97,180,99,122,125,179,168,198,183,87,93,196,189,22,111,112,113,70,115,174,178,57,162,120,80,45,44,191,71,126,72,128,137,130,117,110,197,134,53,13,129,138,1,176,131,31,143,194,145,100,15,173,149,10,56,152,43,193,106,118,157,154,75,160,76,89,9,38,165,166,47,62,102,164,17,172,12,141,20,60,177,28,156,65,170,182,140,96,69,186,7,132,109,190,185,192,139,144,63,46,19,29,195,];False
4583;9232;13815;[146,142,169,3,4,5,6,52,32,161,124,11,104,94,14,49,2,103,18,86,163,175,95,23,24,25,37,27,123,90,85,158,153,33,147,35,36,66,181,39,166,54,42,119,44,108,8,83,48,136,50,51,107,87,16,150,188,101,58,59,151,61,187,199,64,98,68,41,135,84,155,114,127,73,74,159,21,184,78,79,121,167,26,81,162,30,133,67,88,0,148,91,92,171,116,82,77,97,180,99,122,125,179,168,198,183,34,93,196,189,22,111,112,113,70,115,138,178,57,55,120,80,45,105,191,71,126,72,128,137,130,117,110,197,134,53,13,129,174,1,176,131,31,143,194,145,100,15,173,149,10,56,152,43,193,106,118,157,154,75,160,76,89,9,38,165,40,47,62,102,164,17,172,12,141,20,60,177,28,156,65,170,182,140,96,69,186,7,132,109,190,185,192,139,144,63,46,19,29,195,];False
4543;9271;13814;[146,142,169,3,4,5,6,52,32,161,124,11,104,94,14,49,2,103,18,86,163,175,95,23,24,25,37,27,123,90,85,158,153,33,147,35,36,66,181,39,40,54,42,119,44,108,8,83,48,136,50,51,107,87,16,55,188,101,58,59,151,61,187,199,64,98,68,41,135,84,155,114,127,73,74,159,21,184,78,79,121,167,26,81,150,30,133,67,88,0,148,91,92,171,116,82,77,97,180,99,122,125,179,168,198,183,34,93,196,189,22,111,112,113,70,115,174,178,57,162,120,80,45,105,191,71,126,72,128,137,130,117,110,197,134,53,13,194,138,1,176,131,31,143,129,145,100,15,173,149,10,56,152,43,193,106,118,157,154,75,160,76,89,9,38,165,166,47,62,102,164,17,172,12,141,20,60,177,28,156,65,170,182,140,96,69,186,7,132,109,190,185,192,139,144,63,46,19,29,195,];False
4522;9290;13812;[146,142,169,3,4,5,6,52,32,161,124,11,104,94,14,49,2,103,18,86,163,175,95,23,24,25,37,27,123,90,85,158,153,33,147,35,36,66,181,39,40,54,42,119,44,108,8,83,48,136,145,51,107,34,16,55,188,101,58,59,151,61,187,199,64,98,68,41,135,84,155,114,127,73,74,159,21,184,78,79,121,167,26,81,150,30,133,67,88,0,148,91,92,171,116,82,77,97,180,99,122,125,179,168,198,183,87,62,196,189,22,111,112,113,70,115,174,178,57,162,120,80,45,105,191,71,126,72,128,137,130,117,110,197,134,53,13,129,138,1,176,131,31,143,194,50,100,15,173,149,10,56,152,43,193,106,118,157,154,75,160,76,89,9,38,165,166,47,93,102,164,17,172,12,141,20,60,177,28,156,65,170,182,140,96,69,186,7,132,109,190,185,192,139,144,63,46,19,29,195,];False
4549;9263;13812;[146,142,169,3,4,5,6,52,32,161,124,11,104,94,14,49,2,103,18,86,163,175,95,23,24,25,37,27,123,90,85,158,153,33,147,35,36,66,181,39,40,54,42,119,44,108,8,83,48,136,50,51,107,34,16,55,188,101,58,59,151,61,187,199,64,98,68,41,135,84,155,114,127,73,74,159,21,184,78,79,121,167,26,81,150,30,133,67,88,0,148,91,92,171,116,82,77,97,180,99,122,125,179,168,198,183,87,93,196,189,22,111,112,113,70,115,174,178,57,162,120,80,45,105,191,71,126,10,128,137,130,117,110,197,134,53,13,129,138,1,176,131,31,143,194,145,100,15,173,149,72,56,152,43,193,106,118,157,154,75,160,76,89,9,38,165,166,47,62,102,164,17,172,12,141,20,60,177,28,156,65,170,182,140,96,69,186,7,132,109,190,185,192,139,144,63,46,19,29,195,];False
4582;9227;13809;[146,142,169,3,4,5,6,52,32,161,124,11,104,94,14,49,2,103,18,86,163,175,95,23,24,25,37,27,123,90,85,158,153,33,147,35,36,66,181,39,40,54,42,119,44,108,8,47,48,136,50,51,107,34,16,55,188,101,58,59,151,61,187,199,64,98,68,41,135,84,155,114,127,73,74,159,21,184,78,79,121,167,26,81,150,30,133,67,88,162,148,91,92,171,116,82,77,97,180,99,122,125,179,168,198,183,87,62,196,189,22,111,112,113,70,115,174,178,102,0,120,80,45,105,191,71,126,72,128,137,130,117,110,19,134,53,13,129,138,1,176,131,31,143,194,145,100,15,173,149,10,56,152,43,193,106,118,157,154,75,160,76,89,9,38,165,166,83,93,57,164,17,172,12,141,20,60,177,28,156,65,170,182,140,96,69,186,7,132,109,190,185,192,139,144,63,46,197,29,195,];False
4577;9232;13809;[146,142,169,3,4,5,6,52,32,161,124,11,104,94,14,49,2,103,18,86,163,175,95,23,24,41,37,27,123,90,85,158,153,33,147,35,36,66,181,39,40,54,42,119,44,108,8,83,48,136,50,51,107,34,16,55,188,101,58,59,151,61,187,199,64,98,68,25,135,84,155,114,127,73,74,159,21,184,78,79,121,167,26,81,150,30,133,67,88,0,148,91,92,171,116,82,77,97,180,99,122,125,179,168,198,183,87,93,196,189,22,111,112,113,70,115,174,178,57,162,120,80,45,105,191,71,126,72,128,137,130,117,110,197,134,53,13,129,138,1,176,131,31,143,194,145,100,15,173,149,10,56,152,43,193,106,118,157,154,75,160,76,89,9,38,165,166,47,62,102,164,17,172,12,141,20,60,177,28,156,65,170,182,140,96,69,186,7,132,109,190,185,192,139,144,63,46,19,29,195,];False
4516;9293;13809;[146,142,169,3,4,5,6,52,32,161,124,11,104,94,14,49,2,103,18,86,163,175,95,23,24,25,37,27,123,90,85,158,153,33,147,47,36,66,181,39,40,54,42,119,44,108,8,83,48,136,50,51,107,34,16,55,188,101,58,59,151,61,187,199,64,98,68,41,135,84,155,114,127,73,74,159,21,184,78,79,121,167,26,81,150,30,133,67,88,0,148,91,92,171,116,82,77,97,180,99,122,125,179,168,198,183,87,93,196,189,22,111,112,113,70,115,174,178,57,162,120,80,45,105,191,71,126,72,128,137,130,117,110,197,134,53,13,129,138,1,176,131,31,143,194,145,100,15,173,149,10,56,152,43,193,106,118,157,154,75,160,76,89,9,38,165,166,35,62,102,164,17,172,12,141,20,60,177,28,156,65,170,182,140,96,69,186,7,132,109,190,185,192,139,144,63,46,19,29,195,];False
4458;9350;13808;[146,142,169,3,4,5,6,52,32,161,124,11,104,94,14,49,2,103,18,86,163,175,95,23,24,25,37,27,123,90,85,158,153,33,147,35,36,66,181,39,40,54,42,119,44,108,8,83,48,136,50,51,107,34,16,55,188,101,159,59,151,61,187,199,64,98,68,41,135,84,155,114,127,73,74,58,21,184,78,79,121,167,26,81,150,30,133,67,88,0,148,91,92,171,116,82,77,97,180,99,122,125,179,168,198,183,87,62,196,189,22,111,112,113,70,115,174,178,57,162,120,80,45,105,191,71,126,72,128,137,130,117,110,197,134,53,13,129,138,1,176,131,31,143,194,145,100,15,173,149,10,56,152,43,193,106,118,157,154,75,160,76,89,9,38,165,166,47,93,102,164,17,172,12,141,20,60,177,28,156,65,170,182,140,96,69,186,7,132,109,190,185,192,139,144,63,46,19,29,195,];False
4535;9272;13807;[146,142,169,3,4,5,6,52,32,161,124,11,104,94,14,49,2,103,18,86,163,175,95,23,24,25,37,27,123,90,85,158,153,33,147,35,36,66,181,39,40,54,42,119,44,108,8,47,48,136,50,51,107,34,16,55,188,101,58,59,151,61,187,199,64,98,68,41,135,84,155,114,127,73,74,159,21,184,78,79,121,167,26,81,150,30,133,67,88,0,148,91,92,171,116,82,77,97,180,99,122,125,179,168,198,183,87,38,196,189,22,111,112,113,70,115,174,178,57,162,120,80,45,105,191,71,126,72,128,137,130,117,110,197,134,53,13,129,138,1,176,131,31,143,194,145,100,15,173,149,10,56,152,43,193,106,118,157,154,75,160,76,89,9,62,165,166,83,93,102,164,17,172,12,141,20,60,177,28,156,65,170,182,140,96,69,186,7,132,109,190,185,192,139,144,63,46,19,29,195,];False
4563;9242;13805;[146,142,169,3,4,5,6,52,32,161,124,11,104,94,14,49,2,103,18,86,163,175,95,157,24,25,37,27,123,90,85,158,153,93,147,35,36,66,181,39,19,54,42,119,44,108,8,83,48,136,50,51,107,87,16,55,188,101,58,59,151,61,187,199,64,98,68,41,135,84,155,114,127,73,74,159,21,184,78,79,121,167,26,81,162,30,133,67,88,0,148,91,92,171,116,82,77,97,180,99,122,125,179,168,198,183,34,33,196,189,22,111,112,113,70,115,138,178,57,150,120,80,45,105,191,71,126,72,128,137,130,117,110,197,134,53,13,129,174,1,176,131,31,143,194,145,100,15,173,149,10,56,152,43,193,106,118,23,154,75,160,76,89,9,38,165,40,47,62,102,164,17,172,12,141,20,60,177,28,156,65,170,182,140,96,69,186,7,132,109,190,185,192,139,144,63,46,166,29,195,];False
4585;9219;13804;[146,142,169,3,4,5,6,52,32,161,124,11,104,94,14,49,2,103,18,86,163,175,95,23,24,25,37,27,123,90,85,158,153,33,147,35,36,66,181,39,40,54,42,119,44,108,8,83,48,136,50,51,107,34,16,55,188,101,58,59,151,61,187,199,64,98,68,41,135,84,155,114,127,73,74,159,21,184,78,79,121,167,26,81,150,30,133,67,88,0,148,91,92,171,57,82,77,97,180,99,122,125,179,168,198,183,87,93,196,189,22,111,112,113,70,115,174,178,116,162,120,80,45,105,191,71,126,72,128,137,130,117,110,197,134,53,13,129,138,1,176,131,31,143,194,145,100,15,173,149,10,56,152,43,193,106,118,157,154,75,160,76,89,9,38,165,166,47,62,102,164,17,172,12,141,20,60,177,28,156,65,170,182,140,96,69,186,7,132,109,190,185,192,139,144,63,46,19,29,195,];False
4487;9316;13803;[146,142,169,3,4,5,6,52,32,161,124,11,104,94,14,49,2,103,18,86,163,175,95,23,24,25,37,27,123,90,85,158,153,33,147,35,36,66,181,39,40,54,42,119,44,108,8,83,48,136,50,51,107,34,16,55,188,101,58,59,151,61,187,199,64,98,68,41,135,84,155,114,127,73,62,159,21,184,78,79,121,167,26,81,150,30,133,67,88,0,148,91,92,171,116,82,77,97,180,99,122,125,179,168,198,183,87,74,196,189,22,111,112,113,70,115,174,178,57,162,120,80,45,105,191,71,126,72,128,137,130,117,110,197,134,53,13,129,138,1,176,131,31,143,194,145,100,15,173,149,10,56,152,43,193,106,118,157,154,75,160,76,89,9,38,165,166,47,93,102,164,17,172,12,141,20,60,177,28,156,65,170,182,140,96,69,186,7,132,109,190,185,192,139,144,63,46,19,29,195,];False
4474;9328;13802;[146,142,169,3,4,5,6,52,32,161,124,11,104,94,14,49,2,103,18,157,163,175,95,23,24,25,37,27,123,90,85,158,153,33,147,35,36,66,181,39,40,54,42,119,44,108,8,47,48,136,50,51,107,34,16,55,188,101,58,59,151,61,187,199,64,98,68,41,135,84,155,114,127,73,74,159,21,184,78,79,121,167,26,81,150,30,133,67,88,0,148,91,92,171,116,82,77,97,180,99,122,125,179,168,198,183,87,62,196,189,22,111,112,113,70,115,174,178,57,162,120,80,45,105,191,71,126,72,128,137,130,117,110,197,134,53,13,129,138,1,176,131,31,143,194,145,100,15,173,149,10,56,152,43,193,106,118,86,154,75,160,76,89,9,38,165,166,83,93,102,164,17,172,12,141,20,60,177,28,156,65,170,182,140,96,69,186,7,132,109,190,185,192,139,144,63,46,19,29,195,];False
4533;9269;13802;[146,142,169,3,4,24,6,52,32,161,124,11,104,94,14,49,2,103,18,86,163,175,95,23,5,25,37,27,123,90,85,158,153,33,147,35,36,66,181,39,40,54,42,119,44,108,8,83,48,136,50,51,107,34,16,55,188,101,58,59,151,61,187,199,64,98,68,41,135,84,155,114,127,73,74,159,21,184,78,79,121,167,26,81,150,30,133,67,88,0,148,91,92,171,116,82,77,97,180,99,122,125,179,168,198,183,87,93,196,189,22,111,112,113,70,115,174,178,57,162,120,80,45,105,191,71,126,72,128,137,130,117,110,197,134,53,13,129,138,1,176,131,31,143,194,145,100,15,173,149,10,56,152,43,193,106,118,157,154,75,160,76,89,9,38,165,166,47,62,102,164,17,172,12,141,20,60,177,28,156,65,170,182,140,96,69,186,7,132,109,190,185,192,139,144,63,46,19,29,195,];False
4508;9291;13799;[146,142,169,3,4,5,6,52,32,161,124,11,104,94,14,49,2,103,18,86,163,175,95,23,24,25,37,27,123,90,85,158,153,33,147,35,36,66,181,39,40,54,42,119,44,154,8,83,48,136,50,51,107,87,16,55,188,101,58,59,151,61,187,199,64,98,68,41,135,84,155,114,127,73,74,159,21,184,78,79,121,167,26,81,150,30,133,67,88,0,148,91,92,171,116,82,77,97,180,99,122,125,179,168,198,183,34,93,196,189,22,111,112,113,70,115,174,178,57,162,120,80,45,105,191,71,126,72,128,137,130,117,110,197,134,53,13,129,138,1,176,131,31,143,194,145,100,15,173,149,10,56,152,43,193,106,118,157,108,75,160,76,89,9,38,165,166,47,62,102,164,17,172,12,141,20,60,177,28,156,65,170,182,140,96,69,186,7,132,109,190,185,192,139,144,63,46,19,29,195,];False
4551;9246;13797;[146,142,169,3,4,5,6,52,32,161,124,11,104,94,14,49,2,103,54,86,163,175,95,23,24,25,37,27,123,90,85,158,153,93,147,35,36,66,181,39,19,18,42,119,44,108,8,83,48,136,50,51,107,87,16,55,188,101,58,59,151,61,187,199,64,98,68,41,135,84,155,114,127,73,74,159,21,184,78,79,121,167,26,81,162,30,133,67,88,0,148,91,92,171,116,82,77,97,180,99,122,125,179,168,198,183,34,33,196,189,22,111,112,113,70,115,138,178,57,150,120,80,45,105,191,71,126,72,128,137,130,117,110,197,134,53,13,129,174,1,176,131,31,143,194,145,100,15,173,149,10,56,152,43,193,106,118,157,154,75,160,76,89,9,38,165,40,47,62,102,164,17,172,12,141,20,60,177,28,156,65,170,182,140,96,69,186,7,132,109,190,185,192,139,144,63,46,166,29,195,];False
4503;9294;13797;[146,142,169,3,4,5,6,52,32,161,124,11,104,94,14,49,2,103,18,86,163,175,95,23,24,25,37,27,123,90,85,158,153,33,147,35,36,66,181,39,40,54,42,119,44,108,8,83,48,136,50,51,107,87,16,55,188,101,58,59,151,61,187,199,64,98,68,41,135,84,155,114,127,73,74,159,21,184,78,79,121,167,26,81,150,30,133,67,88,0,148,91,92,171,116,82,77,97,180,99,122,125,179,168,198,183,34,93,196,189,22,111,112,113,70,115,174,178,57,162,120,80,45,105,12,71,126,72,128,137,130,117,110,197,134,53,13,129,138,1,176,131,31,143,194,145,100,15,173,149,10,56,152,43,193,106,118,157,154,75,160,76,89,9,38,165,166,47,62,102,164,17,172,191,141,20,60,177,28,156,65,170,182,140,96,69,186,7,132,109,190,185,192,139,144,63,46,19,29,195,];False
4565;9231;13796;[146,142,169,106,4,5,6,52,32,161,124,11,104,94,14,49,2,103,18,86,163,175,95,23,24,25,37,27,123,90,85,158,153,33,147,35,36,66,181,39,166,54,42,119,44,108,8,83,48,136,50,51,107,87,16,55,188,101,58,59,151,61,187,199,64,98,68,41,135,84,155,114,127,73,74,159,21,184,78,79,121,167,26,81,162,30,133,67,88,0,148,91,92,171,116,82,77,97,180,99,122,125,179,168,198,183,34,93,196,189,22,111,112,113,70,115,138,178,57,150,120,80,45,105,191,71,126,72,128,137,130,117,110,197,134,53,13,129,174,1,176,131,31,143,194,145,100,15,173,149,10,56,152,43,193,3,118,157,154,75,160,76,89,9,38,165,40,47,62,102,164,17,172,12,141,20,60,177,28,156,65,170,182,140,96,69,186,7,132,109,190,185,192,139,144,63,46,19,29,195,];False
4554;9241;13795;[146,142,169,3,4,5,6,52,32,161,124,11,104,94,14,49,2,103,18,86,163,175,95,23,24,25,37,27,123,90,85,158,153,33,147,35,36,66,181,39,166,54,42,119,44,108,10,83,48,136,50,51,107,87,16,55,188,101,58,59,151,61,187,199,64,98,68,41,135,84,155,114,127,73,74,159,21,184,78,79,121,167,26,81,162,30,133,67,88,0,148,91,92,171,116,82,77,97,180,99,122,125,179,168,198,183,34,93,196,189,22,111,112,113,70,115,138,178,57,150,120,80,45,105,191,71,126,72,128,137,130,117,110,197,134,53,13,129,174,1,176,131,31,143,194,145,100,15,173,149,8,56,152,43,193,106,118,157,154,75,160,76,89,9,38,165,40,47,62,102,164,17,172,12,141,20,60,177,28,156,65,170,182,140,96,69,186,7,132,109,190,185,192,139,144,63,46,19,29,195,];False
4536;9256;13792;[146,142,169,3,4,5,6,52,32,161,124,11,104,94,14,49,2,103,18,86,163,175,95,23,24,25,37,27,123,90,85,158,153,33,147,35,36,66,181,39,40,54,42,119,44,108,8,47,48,136,50,51,107,34,16,55,188,101,58,59,151,61,187,199,64,98,68,41,135,192,155,114,127,73,74,159,21,184,78,79,121,167,26,81,150,30,133,67,88,162,148,91,92,171,116,82,77,97,180,99,122,125,179,168,198,183,87,62,196,189,22,111,112,113,70,115,174,178,102,0,120,80,45,105,191,71,126,72,128,137,130,117,110,197,134,53,13,129,138,1,176,131,31,143,194,145,100,15,173,149,10,56,152,43,193,106,118,157,154,75,160,76,89,9,38,165,166,83,93,57,164,17,172,12,141,20,60,177,28,156,65,170,182,140,96,69,186,7,132,109,190,185,84,139,144,63,46,19,29,195,];False
4548;9241;13789;[146,142,169,3,4,5,6,52,32,161,124,97,104,94,14,49,2,103,18,86,163,175,95,23,24,25,37,27,123,90,85,158,153,33,147,35,36,66,181,39,40,54,42,119,44,108,8,83,48,136,50,51,107,34,16,55,188,101,58,59,151,61,187,199,64,98,68,41,135,84,155,114,127,73,74,159,21,184,78,79,121,167,26,81,150,30,133,67,88,0,148,91,92,171,116,82,77,11,180,99,122,125,179,168,198,183,87,93,196,189,22,111,112,113,70,115,174,178,57,162,120,80,45,105,191,71,126,72,128,137,130,117,110,197,134,53,13,129,138,1,176,131,31,143,194,145,100,15,173,149,10,56,152,43,193,106,118,157,154,75,160,76,89,9,38,165,166,47,62,102,164,17,172,12,141,20,60,177,28,156,65,170,182,140,96,69,186,7,132,109,190,185,192,139,144,63,46,19,29,195,];False
4496;9292;13788;[146,142,169,3,4,5,6,52,32,161,124,11,104,94,14,49,2,103,18,86,163,175,95,23,24,25,37,27,123,90,85,158,153,33,147,35,36,66,181,39,40,54,42,119,44,108,8,47,48,136,50,51,107,57,16,55,188,101,58,59,151,61,187,199,64,98,68,41,135,84,155,114,127,73,74,159,21,184,78,79,121,167,26,81,150,30,133,67,88,0,148,91,92,171,116,82,77,97,180,99,122,125,179,168,198,183,87,62,196,189,22,111,112,113,70,115,174,178,34,162,120,80,45,105,191,71,126,72,128,137,130,117,110,197,134,53,13,129,138,1,176,131,31,143,194,145,100,15,173,149,10,56,152,43,193,106,118,157,154,75,160,76,89,9,38,165,166,83,93,102,164,17,172,12,141,20,60,177,28,156,65,170,182,140,96,69,186,7,132,109,190,185,192,139,144,63,46,19,29,195,];False
4485;9302;13787;[146,142,169,3,4,5,6,52,32,161,124,11,104,94,14,49,2,103,18,86,163,175,95,23,24,25,37,27,123,90,85,158,153,33,147,35,36,66,181,39,40,54,42,119,44,108,8,47,48,136,50,51,107,34,16,55,188,101,58,59,151,61,187,199,64,98,68,41,135,84,155,114,127,73,74,159,21,184,78,79,121,167,26,81,150,30,133,67,88,0,148,91,92,171,116,82,77,97,180,99,122,125,179,168,198,183,87,62,196,189,22,111,112,113,70,115,174,178,57,162,120,80,45,105,191,71,126,72,128,137,130,117,110,197,134,53,13,129,138,1,176,131,31,143,194,145,100,15,173,149,10,56,152,43,193,106,118,157,154,75,192,76,89,9,38,165,166,83,93,102,164,17,172,12,141,20,60,177,28,156,65,170,182,140,96,69,186,7,132,109,190,185,160,139,144,63,46,19,29,195,];False
4526;9259;13785;[146,142,169,3,4,5,6,52,32,161,124,11,104,94,14,49,2,103,18,86,163,175,95,23,24,25,37,27,123,90,85,158,153,33,147,35,36,66,181,39,40,54,42,119,44,108,8,83,48,136,50,51,107,87,16,55,188,101,58,59,151,61,187,199,64,98,68,41,135,84,155,114,127,73,74,159,21,184,78,79,121,167,26,81,150,30,133,67,88,0,148,91,92,171,116,82,77,97,180,99,122,125,179,168,198,183,34,93,196,189,22,111,112,113,70,115,174,178,57,162,120,80,45,105,191,71,126,72,128,137,130,117,110,156,134,53,13,129,138,1,176,131,31,143,194,145,100,15,173,149,10,56,152,43,193,106,118,157,154,75,160,76,89,9,38,165,166,47,62,102,164,17,172,12,141,20,60,177,28,197,65,170,182,140,96,69,186,7,132,109,190,185,192,139,144,63,46,19,29,195,];False
4493;9292;13785;[146,142,169,3,4,5,6,52,32,161,124,11,104,94,14,49,2,103,18,86,163,175,95,23,24,25,37,27,123,90,85,158,153,33,147,35,36,66,181,39,40,54,42,119,44,108,8,83,48,136,50,51,107,34,16,55,188,101,58,59,151,61,187,199,64,98,68,41,135,84,155,114,127,73,74,159,21,184,78,79,121,167,26,81,150,30,133,67,88,0,148,91,92,171,116,82,77,97,180,99,122,125,1,168,198,183,87,62,196,189,22,111,112,113,70,115,174,178,57,162,120,80,45,105,191,71,126,72,128,137,130,117,110,197,134,53,13,129,138,179,176,131,31,143,194,145,100,15,173,149,10,56,152,43,193,106,118,157,154,75,160,76,89,9,38,165,166,47,93,102,164,17,172,12,141,20,60,177,28,156,65,170,182,140,96,69,186,7,132,109,190,185,192,139,144,63,46,19,29,195,];False
4477;9308;13785;[146,142,169,3,4,5,6,52,32,161,124,11,104,94,14,49,2,103,18,86,163,175,95,23,24,25,37,27,123,90,85,158,153,33,147,35,36,66,181,39,40,54,42,119,44,108,8,83,48,136,50,51,107,87,16,55,188,101,58,59,151,61,187,199,194,98,68,41,135,84,155,114,127,73,74,159,21,184,78,79,121,167,26,81,162,30,133,67,88,0,148,91,92,171,116,82,77,97,180,99,122,125,179,168,198,183,34,93,196,189,22,111,112,113,70,115,138,178,57,150,120,80,45,105,191,71,126,72,128,137,130,117,110,197,134,53,13,129,174,1,176,131,31,143,64,145,100,15,173,149,10,56,152,43,193,106,118,157,154,75,160,76,89,9,38,165,166,47,62,102,164,17,172,12,141,20,60,177,28,156,65,170,182,140,96,69,186,7,132,109,190,185,192,139,144,63,46,19,29,195,];False
4479;9305;13784;[146,142,169,3,4,5,6,52,32,161,124,11,104,94,14,49,2,103,18,86,163,175,95,23,24,25,37,27,123,90,85,158,153,33,147,35,36,66,181,39,40,54,42,119,44,108,8,47,48,136,50,51,107,34,16,55,188,101,58,59,151,61,187,199,64,98,68,41,135,84,155,114,127,73,74,159,21,184,78,79,121,167,26,81,150,30,133,67,88,0,148,91,92,171,116,82,77,97,180,99,122,125,179,168,198,183,87,62,196,189,22,111,112,113,70,115,174,178,57,162,120,80,45,105,191,71,126,72,128,137,141,117,110,197,134,53,13,129,138,1,176,131,31,143,194,145,100,15,173,149,10,56,152,43,193,106,118,157,154,75,160,76,89,9,38,165,166,83,93,102,164,17,172,12,130,20,60,177,28,156,65,170,182,140,96,69,186,7,132,109,190,185,192,139,144,63,46,19,29,195,];False
4522;9261;13783;[146,142,169,3,4,5,6,52,32,161,124,11,104,94,14,49,2,103,18,86,163,175,95,23,24,25,37,27,123,90,85,158,153,33,147,35,36,66,181,39,40,54,42,119,44,108,8,83,48,136,50,51,107,34,16,55,188,101,58,59,151,61,187,199,64,98,68,41,135,84,155,114,127,73,74,159,21,184,78,79,121,167,26,81,150,30,133,67,88,0,148,91,92,171,116,82,77,97,180,99,122,125,179,168,198,183,87,93,196,189,22,111,112,113,70,115,174,178,57,162,120,80,45,105,191,71,126,72,128,137,130,117,110,197,134,53,13,129,138,1,176,131,31,143,194,145,100,15,173,149,10,56,152,43,193,106,118,185,154,75,160,76,89,9,38,165,166,47,62,102,164,17,172,12,141,20,60,177,28,156,65,170,182,140,96,69,186,7,132,109,190,157,192,139,144,63,46,19,29,195,];False
4469;9314;13783;[146,142,169,3,4,5,6,52,32,161,124,11,104,123,14,49,2,103,18,86,163,175,95,23,24,25,37,27,94,90,85,158,153,33,147,35,36,66,181,39,40,54,42,119,44,108,8,47,48,136,50,51,107,34,16,55,188,101,58,59,151,61,187,199,64,98,68,41,135,84,155,114,127,73,74,159,21,184,78,79,121,167,26,81,150,30,133,67,88,0,148,91,92,171,116,82,77,97,180,99,122,125,179,168,198,183,87,62,196,189,22,111,112,113,70,115,174,178,57,162,120,80,45,105,191,71,126,72,128,137,130,117,110,197,134,53,13,129,138,1,176,131,31,143,194,145,100,15,173,149,10,56,152,43,193,106,118,157,154,75,160,76,89,9,38,165,166,83,93,102,164,17,172,12,141,20,60,177,28,156,65,170,182,140,96,69,186,7,132,109,190,185,192,139,144,63,46,19,29,195,];False
4472;9310;13782;[146,142,169,3,4,5,6,52,32,161,124,11,104,94,14,49,2,103,18,86,163,175,95,23,20,25,37,27,123,90,85,158,153,33,147,35,36,66,181,39,40,54,42,119,44,108,8,47,48,136,50,51,107,34,16,55,188,101,58,59,151,61,187,199,64,98,68,41,135,84,155,114,127,73,74,159,21,184,78,79,121,167,26,81,150,30,133,67,88,0,148,91,92,171,116,82,77,97,180,99,122,125,179,168,198,183,87,62,196,189,22,111,112,113,70,115,174,178,57,162,120,80,45,105,191,71,126,72,128,137,130,117,110,197,134,53,13,129,138,1,176,131,31,143,194,145,100,15,173,149,10,56,152,43,193,106,118,157,154,75,160,76,89,9,38,165,166,83,93,102,164,17,172,12,141,24,60,177,28,156,65,170,182,140,96,69,186,7,132,109,190,185,192,139,144,63,46,19,29,195,];False
4493;9289;13782;[146,142,169,3,4,5,6,52,32,161,124,11,104,94,14,49,2,103,18,86,163,175,95,23,24,25,37,27,123,90,85,158,153,149,147,35,36,66,181,39,40,54,42,119,44,108,8,47,48,136,50,51,107,34,16,55,188,101,58,59,151,61,187,199,64,98,68,41,135,84,155,114,127,73,74,159,21,184,78,79,121,167,26,81,150,30,133,67,88,0,148,91,92,171,116,82,77,97,180,99,122,125,179,168,198,183,87,62,196,189,22,111,112,113,70,115,174,178,57,162,120,80,45,105,191,71,126,72,128,137,130,117,110,197,134,53,13,129,138,1,176,131,31,143,194,145,100,15,173,33,10,56,152,43,193,106,118,157,154,75,160,76,89,9,38,165,166,83,93,102,164,17,172,12,141,20,60,177,28,156,65,170,182,140,96,69,186,7,132,109,190,185,192,139,144,63,46,19,29,195,];False
4505;9276;13781;[146,142,169,3,4,5,6,52,32,161,124,11,104,94,14,49,2,103,18,86,163,175,95,23,24,25,37,27,123,90,85,158,153,33,147,35,36,66,181,39,40,54,42,119,44,108,128,83,48,136,50,51,107,87,16,55,188,101,58,59,151,61,187,199,64,98,68,41,135,84,155,114,127,73,74,159,21,184,78,79,121,167,26,81,162,30,133,67,88,0,148,91,92,171,116,82,77,97,180,99,122,125,179,168,198,183,34,93,196,189,22,111,112,113,70,115,174,178,57,150,120,80,45,105,191,71,126,72,8,137,130,117,110,197,134,53,13,129,138,1,176,131,31,143,194,145,100,15,173,149,10,56,152,43,193,106,118,157,154,75,160,76,89,9,38,165,166,47,62,102,164,17,172,12,141,20,60,177,28,156,65,170,182,140,96,69,186,7,132,109,190,185,192,139,144,63,46,19,29,195,];False
4533;9246;13779;[146,142,169,3,4,5,6,52,32,161,124,11,104,94,14,49,2,103,18,86,163,175,95,23,24,25,37,27,123,90,85,158,153,33,147,35,36,66,181,39,40,54,42,119,44,108,8,83,48,136,50,51,107,34,16,55,188,101,58,59,151,61,187,199,64,98,68,41,135,84,155,114,127,73,74,159,21,184,78,79,121,167,26,81,150,30,133,67,88,0,148,91,92,171,116,82,77,97,180,99,189,125,179,168,198,183,87,93,196,122,22,111,112,113,70,115,174,178,57,162,120,80,45,105,191,71,126,72,128,137,130,117,110,197,134,53,13,129,138,1,176,131,31,143,194,145,100,15,173,149,10,56,152,43,193,106,118,157,154,75,160,76,89,9,38,165,166,47,62,102,164,17,172,12,141,20,60,177,28,156,65,170,182,140,96,69,186,7,132,109,190,185,192,139,144,63,46,19,29,195,];False
4486;9291;13777;[146,142,169,3,4,5,6,52,32,161,124,11,104,94,14,49,2,103,18,86,163,175,95,23,24,25,37,27,123,90,85,158,153,33,147,35,36,66,181,39,40,54,42,119,44,108,8,47,48,136,50,51,107,34,16,55,188,78,58,59,151,61,187,199,64,98,68,41,135,84,155,114,127,73,74,159,21,184,101,79,121,167,26,81,150,30,133,67,88,0,148,91,92,171,116,82,77,97,180,99,122,125,179,168,198,183,87,62,196,189,22,111,112,113,70,115,174,178,57,162,120,80,45,105,191,71,126,72,128,137,130,117,110,197,134,53,13,129,138,1,176,131,31,143,194,145,100,15,173,149,10,56,152,43,193,106,118,157,154,75,160,76,89,9,38,165,166,83,93,102,164,17,172,12,141,20,60,177,28,156,65,170,182,140,96,69,186,7,132,109,190,185,192,139,144,63,46,19,29,195,];False
4557;9220;13777;[146,142,169,3,4,5,6,52,32,161,124,11,104,94,14,49,2,103,18,86,163,175,95,23,24,25,37,27,123,90,85,158,153,33,147,35,36,66,181,39,40,54,42,119,44,108,8,83,48,136,50,51,107,34,16,55,188,101,58,59,151,61,187,199,64,98,68,41,135,84,155,114,127,73,74,159,21,184,78,79,121,167,26,81,150,30,133,67,88,0,148,91,92,171,116,82,77,97,180,152,122,125,179,168,198,183,87,93,196,189,22,111,112,113,70,115,174,178,57,162,120,80,45,105,191,71,126,72,128,137,130,117,110,197,134,53,13,129,138,1,176,131,31,143,194,145,100,15,173,149,10,56,99,43,193,106,118,157,154,75,160,76,89,9,38,165,166,47,62,102,164,17,172,12,141,20,60,177,28,156,65,170,182,140,96,69,186,7,132,109,190,185,192,139,144,63,46,19,29,195,];False
4532;9244;13776;[146,142,169,3,4,5,6,52,32,161,124,11,104,94,14,49,2,103,18,86,163,175,95,23,24,25,37,27,123,90,85,158,153,33,147,35,36,66,181,39,40,54,42,119,44,108,8,47,48,136,50,51,107,34,16,55,188,101,58,59,151,61,187,199,64,98,68,41,135,84,155,114,127,73,74,159,21,184,78,79,121,167,26,81,150,30,133,67,88,162,148,91,92,171,116,82,77,97,180,99,122,125,179,168,198,183,87,62,196,189,22,111,112,113,70,115,174,178,102,0,120,80,45,105,191,71,126,72,128,137,130,117,110,197,134,53,13,129,138,1,176,131,31,143,194,145,100,15,173,149,10,56,152,43,193,106,118,157,154,75,160,76,89,9,38,165,166,83,93,57,164,17,172,12,141,20,60,177,28,156,65,170,182,140,96,69,186,7,132,109,190,185,192,139,144,63,46,19,29,195,];False
4527;9248;13775;[146,142,169,3,4,5,6,52,32,161,124,11,104,94,14,49,2,103,18,86,163,175,95,23,24,25,37,27,123,90,85,158,153,33,147,35,36,66,181,39,166,54,42,119,44,108,8,83,48,136,50,51,107,87,16,55,188,101,58,59,151,61,187,199,64,98,68,41,135,84,155,114,127,73,74,159,21,184,78,79,121,167,26,81,162,30,182,67,88,0,148,91,92,171,116,82,77,97,180,99,122,125,179,168,198,183,34,93,196,189,22,111,112,113,70,115,138,178,57,150,120,80,45,105,191,71,126,72,128,137,130,117,110,197,134,53,13,129,174,1,176,131,31,143,194,145,100,15,173,149,10,56,152,43,193,106,118,157,154,75,160,76,89,9,38,165,40,47,62,102,164,17,172,12,141,20,60,177,28,156,65,170,133,140,96,69,186,7,132,109,190,185,192,139,144,63,46,19,29,195,];False
4526;9248;13774;[146,142,169,3,4,5,6,52,32,161,124,11,104,94,14,49,2,103,18,86,163,175,95,23,24,25,37,27,123,90,85,158,153,33,147,35,36,66,181,39,40,54,42,119,44,108,8,47,48,136,50,51,107,34,16,55,188,101,58,59,151,61,187,199,133,98,68,41,135,84,155,114,127,73,74,159,21,184,78,79,121,167,26,81,150,30,64,67,88,0,148,91,92,171,116,82,77,97,180,99,122,125,179,168,198,183,87,62,196,189,22,111,112,113,70,115,174,178,57,162,120,80,45,105,191,71,126,72,128,137,130,117,110,197,134,53,13,129,138,1,176,131,31,143,194,145,100,15,173,149,10,56,152,43,193,106,118,157,154,75,160,76,89,9,38,165,166,83,93,102,164,17,172,12,141,20,60,177,28,156,65,170,182,140,96,69,186,7,132,109,190,185,192,139,144,63,46,19,29,195,];False
4502;9272;13774;[146,142,169,3,4,5,6,52,32,161,124,11,104,94,14,49,2,103,18,86,163,175,95,23,24,25,37,27,123,90,85,158,153,33,147,35,36,66,181,39,40,54,42,119,44,108,8,83,48,136,50,51,107,34,16,55,188,101,58,59,151,61,187,199,64,98,68,41,135,84,155,114,127,73,74,159,21,184,78,79,121,167,26,81,150,30,133,67,88,0,148,91,92,171,116,82,77,97,180,99,122,125,179,168,198,183,87,93,196,189,22,111,112,113,70,115,174,178,57,162,120,80,45,105,191,71,126,72,128,137,130,117,110,197,134,53,13,129,138,1,176,131,139,143,194,145,100,15,173,149,10,56,152,43,193,106,118,157,154,75,160,76,89,9,38,165,166,47,62,102,164,17,172,12,141,20,60,177,28,156,65,170,182,140,96,69,186,7,132,109,190,185,192,31,144,63,46,19,29,195,];False
4585;9188;13773;[146,142,169,3,4,5,6,52,32,161,124,11,104,94,14,49,2,103,18,86,163,175,95,23,24,25,37,27,123,90,85,158,153,33,147,35,36,66,181,39,40,54,42,119,44,108,8,83,48,136,50,51,107,34,16,55,188,101,58,59,151,61,187,199,64,98,68,41,135,84,155,114,127,73,74,159,21,184,78,79,121,167,26,81,150,30,133,67,88,0,148,91,92,171,116,82,77,97,180,99,122,125,179,168,198,183,87,93,196,189,22,111,112,113,70,115,174,178,57,162,120,80,45,105,191,71,126,72,128,137,130,117,110,197,134,53,13,129,138,1,176,131,31,143,194,145,100,15,173,149,10,56,152,43,193,106,118,157,154,75,160,76,89,9,38,165,166,47,62,102,164,17,172,12,141,20,60,177,28,156,65,29,182,140,96,69,186,7,132,109,190,185,192,139,144,63,46,19,170,195,];False
4492;9280;13772;[146,142,169,3,4,5,6,52,32,161,124,11,104,94,14,49,2,103,18,86,163,175,95,23,24,25,37,27,123,90,85,158,153,33,147,35,36,66,181,39,40,54,42,119,44,108,8,83,48,136,50,51,107,34,16,55,188,101,58,59,151,61,187,199,64,98,68,41,137,84,155,114,127,73,74,159,21,184,78,79,121,167,26,81,150,30,133,67,88,0,148,91,92,171,116,82,77,97,180,99,122,125,179,168,198,183,87,93,196,189,22,111,112,113,70,115,174,178,57,162,120,80,45,105,191,71,126,72,128,135,130,117,110,197,134,53,13,129,138,1,176,131,31,143,194,145,100,15,173,149,10,56,152,43,193,106,118,157,154,75,160,76,89,9,38,165,166,47,62,102,164,17,172,12,141,20,60,177,28,156,65,170,182,140,96,69,186,7,132,109,190,185,192,139,144,63,46,19,29,195,];False
4540;9232;13772;[146,142,169,3,4,5,6,52,32,161,124,11,104,94,14,49,2,103,18,86,163,175,95,23,24,25,37,27,123,90,85,158,153,33,147,35,36,66,181,39,166,54,42,119,44,108,8,83,48,136,50,51,107,87,16,55,188,101,58,59,151,61,187,199,64,98,68,41,135,84,155,114,127,73,74,159,21,184,78,79,121,167,26,81,162,30,133,67,88,0,148,91,92,171,116,82,77,97,180,99,122,125,179,168,198,183,34,93,196,189,22,111,112,113,70,115,138,178,57,150,120,80,45,105,191,71,126,72,128,137,130,117,110,197,134,53,13,129,174,1,176,131,31,143,194,145,100,15,173,149,10,56,152,43,193,106,118,157,154,75,160,76,89,9,38,165,40,47,62,102,164,17,172,12,141,20,60,177,28,156,190,170,182,140,96,69,186,7,132,109,65,185,192,139,144,63,46,19,29,195,];False
4505;9266;13771;[146,142,169,3,4,5,6,52,32,161,124,11,104,94,14,49,2,103,18,86,163,175,95,23,24,25,37,27,123,90,85,158,153,33,147,35,36,66,181,39,40,54,58,119,44,108,8,83,48,136,50,51,107,34,16,55,188,101,42,59,151,61,187,199,64,98,68,41,135,84,155,114,127,73,74,159,21,184,78,79,121,167,26,81,150,30,133,67,88,0,148,91,92,171,116,82,77,97,180,99,122,125,179,168,198,183,87,93,196,189,22,111,112,113,70,115,174,178,57,162,120,80,45,105,191,71,126,72,128,137,130,117,110,197,134,53,13,129,138,1,176,131,31,143,194,145,100,15,173,149,10,56,152,43,193,106,118,157,154,75,160,76,89,9,38,165,166,47,62,102,164,17,172,12,141,20,60,177,28,156,65,170,182,140,96,69,186,7,132,109,190,185,192,139,144,63,46,19,29,195,];False
4515;9256;13771;[146,142,169,3,4,5,6,52,32,161,124,11,104,94,14,49,2,103,18,86,163,175,95,23,24,25,37,27,123,90,85,158,153,33,147,35,36,66,181,39,40,54,42,119,178,108,8,83,48,136,50,51,107,34,16,55,188,101,58,59,151,61,187,199,64,98,68,41,135,84,155,114,127,73,74,159,21,184,78,79,121,167,26,81,150,30,133,67,88,0,148,91,92,171,116,82,77,97,180,99,122,125,179,168,198,183,87,93,196,189,22,111,112,113,70,115,174,44,57,162,120,80,45,105,191,71,126,72,128,137,130,117,110,197,134,53,13,129,138,1,176,131,31,143,194,145,100,15,173,149,10,56,152,43,193,106,118,157,154,75,160,76,89,9,38,165,166,47,62,102,164,17,172,12,141,20,60,177,28,156,65,170,182,140,96,69,186,7,132,109,190,185,192,139,144,63,46,19,29,195,];False
4503;9267;13770;[146,142,169,3,4,5,6,52,32,161,124,11,104,94,14,49,2,103,18,86,163,175,95,23,24,25,37,27,123,90,85,158,153,33,147,35,36,66,181,39,166,54,42,119,44,108,8,83,48,136,50,51,107,87,16,55,188,101,58,59,151,61,187,199,64,98,68,41,135,84,155,114,73,127,74,159,21,184,78,79,121,167,26,81,162,30,133,67,88,0,148,91,92,171,116,82,77,97,180,99,122,125,179,168,198,183,34,93,196,189,22,111,112,113,70,115,138,178,57,150,120,80,45,105,191,71,126,72,128,137,130,117,110,197,134,53,13,129,174,1,176,131,31,143,194,145,100,15,173,149,10,56,152,43,193,106,118,157,154,75,160,76,89,9,38,165,40,47,62,102,164,17,172,12,141,20,60,177,28,156,65,170,182,140,96,69,186,7,132,109,190,185,192,139,144,63,46,19,29,195,];False
4532;9236;13768;[146,142,169,3,4,5,6,52,32,161,124,11,104,94,14,49,2,103,18,86,163,175,95,23,24,25,37,27,123,90,85,158,153,33,147,35,36,66,181,39,166,54,42,119,44,108,8,83,48,136,50,51,107,87,16,55,188,101,58,59,151,61,187,199,64,98,68,41,135,84,155,114,127,73,74,159,21,184,78,79,121,167,26,81,162,30,133,67,88,0,148,91,92,171,116,125,77,97,180,99,122,82,179,168,198,183,34,93,196,189,22,111,112,113,70,115,138,178,57,150,120,80,45,105,191,71,126,72,128,137,130,117,110,197,134,53,13,129,174,1,176,131,31,143,194,145,100,15,173,149,10,56,152,43,193,106,118,157,154,75,160,76,89,9,38,165,40,47,62,102,164,17,172,12,141,20,60,177,28,156,65,170,182,140,96,69,186,7,132,109,190,185,192,139,144,63,46,19,29,195,];False
4538;9228;13766;[146,142,169,3,46,5,6,52,32,161,124,11,104,94,14,49,2,103,18,86,163,175,95,23,24,25,37,27,123,90,85,158,153,33,147,35,36,66,181,39,40,54,42,119,44,108,8,83,48,136,50,51,107,87,16,55,188,101,58,59,151,61,187,199,64,98,68,41,135,84,155,114,127,73,74,159,21,184,78,79,121,167,26,81,150,30,133,67,88,0,148,91,92,171,116,82,77,97,180,99,122,125,179,168,198,183,34,93,196,189,22,111,112,113,70,115,174,178,57,162,120,80,45,105,191,71,126,72,128,137,130,117,110,197,134,53,13,129,138,1,176,131,31,143,194,145,100,15,173,149,10,56,152,43,193,106,118,157,154,75,160,76,89,9,38,165,166,47,62,102,164,17,172,12,141,20,60,177,28,156,65,170,182,140,96,69,186,7,132,109,190,185,192,139,144,63,4,19,29,195,];False
4507;9258;13765;[146,142,169,3,4,5,6,52,32,161,124,11,104,94,14,49,2,103,18,86,163,175,95,23,54,25,37,27,123,90,85,158,153,33,147,35,36,66,181,39,40,24,42,119,44,108,8,83,48,136,50,51,107,87,16,55,188,101,58,59,151,61,187,199,64,98,68,41,135,84,155,114,127,73,74,159,21,184,78,79,121,167,26,81,162,30,133,67,88,0,148,91,92,171,116,82,77,97,180,99,122,125,179,168,198,183,34,93,196,189,22,111,112,113,70,115,174,178,57,150,120,80,45,105,191,71,126,72,128,137,130,117,110,197,134,53,13,129,138,1,176,131,31,143,194,145,100,15,173,149,10,56,152,43,193,106,118,157,154,75,160,76,89,9,38,165,166,47,62,102,164,17,172,12,141,20,60,177,28,156,65,170,182,140,96,69,186,7,132,109,190,185,192,139,144,63,46,19,29,195,];False
4474;9290;13764;[146,142,169,3,4,5,6,52,32,161,124,11,104,94,14,49,2,103,18,86,163,175,95,23,24,25,37,27,123,90,85,158,153,33,147,35,36,66,181,39,166,54,42,119,44,108,8,83,48,136,50,51,107,87,16,55,188,101,58,59,151,61,187,199,64,98,68,41,135,84,155,114,127,73,74,80,21,184,78,79,121,167,26,81,162,30,133,67,88,0,148,91,92,171,116,82,77,97,180,99,122,125,179,168,198,183,34,93,196,189,22,111,112,113,70,115,138,178,57,150,120,159,45,105,191,71,126,72,128,137,130,117,110,197,134,53,13,129,174,1,176,131,31,143,194,145,100,15,173,149,10,56,152,43,193,106,118,157,154,75,160,76,89,9,38,165,40,47,62,102,164,17,172,12,141,20,60,177,28,156,65,170,182,140,96,69,186,7,132,109,190,185,192,139,144,63,46,19,29,195,];False
4476;9287;13763;[146,142,169,3,4,5,6,52,32,161,124,11,104,94,14,49,2,103,18,59,163,175,95,23,24,25,37,27,123,90,85,158,153,33,147,35,36,66,181,39,40,54,42,119,44,108,8,47,48,136,50,51,107,34,16,55,188,101,58,86,151,61,187,199,64,98,68,41,135,84,155,114,127,73,74,159,21,184,78,79,121,167,26,81,150,30,133,67,88,0,148,91,92,171,116,82,77,97,180,99,122,125,179,168,198,183,87,62,196,189,22,111,112,113,70,115,174,178,57,162,120,80,45,105,191,71,126,72,128,137,130,117,110,197,134,53,13,129,138,1,176,131,31,143,194,145,100,15,173,149,10,56,152,43,193,106,118,157,154,75,160,76,89,9,38,165,166,83,93,102,164,17,172,12,141,20,60,177,28,156,65,170,182,140,96,69,186,7,132,109,190,185,192,139,144,63,46,19,29,195,];False
4480;9283;13763;[146,142,169,3,4,5,6,52,32,161,124,11,104,94,14,49,2,103,18,86,163,175,95,23,24,25,37,27,123,90,85,158,153,33,147,35,36,66,181,39,8,54,42,119,44,108,40,83,48,136,50,51,107,87,16,55,188,101,58,59,151,61,187,199,64,98,68,41,135,84,155,114,127,73,74,159,21,184,78,79,121,167,26,81,150,30,133,67,88,0,148,91,92,171,116,82,77,97,180,99,122,125,179,168,198,183,34,93,196,189,22,111,112,113,70,115,174,178,57,162,120,80,45,105,191,71,126,72,128,137,130,117,110,197,134,53,13,129,138,1,176,131,31,143,194,145,100,15,173,149,10,56,152,43,193,106,118,157,154,75,160,76,89,9,38,165,166,47,62,102,164,17,172,12,141,20,60,177,28,156,65,170,182,140,96,69,186,7,132,109,190,185,192,139,144,63,46,19,29,195,];False
4495;9268;13763;[146,142,169,3,4,5,6,52,32,161,124,11,104,94,14,49,2,103,18,86,163,175,95,23,24,25,37,27,123,90,85,158,153,33,147,35,36,66,181,39,40,54,42,119,44,108,8,47,48,136,50,51,107,34,16,55,188,101,199,59,151,61,187,58,64,98,68,41,135,84,155,114,127,73,74,159,21,184,78,79,121,167,26,81,150,30,133,67,88,0,148,91,92,171,116,82,77,97,180,99,122,125,179,168,198,183,87,62,196,189,22,111,112,113,70,115,174,178,57,162,120,80,45,105,191,71,126,72,128,137,130,117,110,197,134,53,13,129,138,1,176,131,31,143,194,145,100,15,173,149,10,56,152,43,193,106,118,157,154,75,160,76,89,9,38,165,166,83,93,102,164,17,172,12,141,20,60,177,28,156,65,170,182,140,96,69,186,7,132,109,190,185,192,139,144,63,46,19,29,195,];False
4484;9278;13762;[146,142,169,3,4,5,6,52,32,161,124,11,104,94,14,49,2,103,18,86,163,175,95,23,24,25,37,27,123,90,85,158,153,33,147,35,36,66,181,39,40,54,42,119,44,108,8,47,48,136,50,51,107,34,16,55,188,101,58,59,151,152,187,199,64,98,68,41,135,84,155,114,127,73,74,159,21,184,78,79,121,167,26,81,150,30,133,67,88,0,148,91,92,171,116,82,77,97,180,99,122,125,179,168,198,183,87,62,196,189,22,111,112,113,70,115,174,178,57,162,120,80,45,105,191,71,126,72,128,137,130,117,110,197,134,53,13,129,138,1,176,131,31,143,194,145,100,15,173,149,10,56,61,43,193,106,118,157,154,75,160,76,89,9,38,165,166,83,93,102,164,17,172,12,141,20,60,177,28,156,65,170,182,140,96,69,186,7,132,109,190,185,192,139,144,63,46,19,29,195,];False
4533;9229;13762;[146,142,169,3,4,5,6,52,32,161,124,11,104,94,14,49,2,103,18,86,163,175,95,23,24,25,37,27,123,90,85,158,153,33,147,35,36,66,80,39,40,54,42,119,44,108,8,83,48,136,50,51,107,87,16,55,188,101,58,59,151,61,187,199,64,98,68,41,135,84,155,114,127,73,74,159,21,184,78,79,121,167,26,81,150,30,133,67,88,0,148,91,92,171,116,82,77,97,180,99,122,125,179,168,198,183,34,93,196,189,22,111,112,113,70,115,174,178,57,162,120,181,45,105,191,71,126,72,128,137,130,117,110,197,134,53,13,129,138,1,176,131,31,143,194,145,100,15,173,149,10,56,152,43,193,106,118,157,154,75,160,76,89,9,38,165,166,47,62,102,164,17,172,12,141,20,60,177,28,156,65,170,182,140,96,69,186,7,132,109,190,185,192,139,144,63,46,19,29,195,];False
4513;9247;13760;[146,142,169,3,4,5,6,52,32,161,124,11,104,168,14,49,2,103,18,86,163,175,95,23,24,25,37,27,123,90,85,158,153,33,147,35,36,66,181,39,40,54,42,119,44,108,8,83,48,136,50,51,107,34,16,55,188,101,58,59,151,61,187,199,64,98,68,41,135,84,155,114,127,73,74,159,21,184,78,79,121,167,26,81,150,30,133,67,88,0,148,91,92,171,116,82,77,97,180,99,122,125,179,94,198,183,87,93,196,189,22,111,112,113,70,115,174,178,57,162,120,80,45,105,191,71,126,72,128,137,130,117,110,197,134,53,13,129,138,1,176,131,31,143,194,145,100,15,173,149,10,56,152,43,193,106,118,157,154,75,160,76,89,9,38,165,166,47,62,102,164,17,172,12,141,20,60,177,28,156,65,170,182,140,96,69,186,7,132,109,190,185,192,139,144,63,46,19,29,195,];False
4530;9229;13759;[146,142,169,3,4,5,6,52,32,161,124,11,104,94,14,49,2,103,18,86,163,175,95,23,24,25,37,27,123,90,85,158,153,33,173,35,36,66,181,39,40,54,42,119,44,108,8,83,48,136,50,51,107,34,16,55,188,101,58,59,151,61,187,199,64,98,68,41,135,84,155,114,127,73,74,159,21,184,78,79,121,167,26,81,150,30,133,67,88,0,148,91,92,171,116,82,77,97,180,99,122,125,179,168,198,183,87,93,196,189,22,111,112,113,70,115,174,178,57,162,120,80,45,105,191,71,126,72,128,137,130,117,110,197,134,53,13,129,138,1,176,131,31,143,194,145,100,15,147,149,10,56,152,43,193,106,118,157,154,75,160,76,89,9,38,165,166,47,62,102,164,17,172,12,141,20,60,177,28,156,65,170,182,140,96,69,186,7,132,109,190,185,192,139,144,63,46,19,29,195,];False
4462;9297;13759;[146,142,169,3,4,5,6,52,32,161,124,11,104,94,14,49,2,103,18,86,163,175,95,23,24,25,37,27,123,90,85,158,153,33,147,35,36,66,181,39,40,54,42,119,44,108,8,47,48,136,50,51,107,34,16,55,188,101,58,59,151,61,187,199,64,98,68,41,135,84,155,114,127,73,74,159,21,184,78,79,121,167,26,81,150,30,133,67,88,0,148,91,92,171,116,82,77,97,180,99,122,125,179,168,198,183,87,62,196,189,22,111,112,113,70,115,174,178,57,162,120,80,45,105,191,71,126,72,128,137,130,117,110,197,134,53,13,129,76,1,176,131,31,143,194,145,100,15,173,149,10,56,152,43,193,106,118,157,154,75,160,138,89,9,38,165,166,83,93,102,164,17,172,12,141,20,60,177,28,156,65,170,182,140,96,69,186,7,132,109,190,185,192,139,144,63,46,19,29,195,];False
4509;9245;13754;[146,142,169,3,4,5,6,52,32,161,124,78,104,94,14,49,2,103,18,86,163,175,95,23,24,25,37,27,123,90,85,158,153,33,147,35,36,66,181,39,166,54,42,119,44,108,8,83,48,136,50,51,107,87,16,55,188,101,58,59,151,61,187,199,64,98,68,41,135,84,155,114,127,73,74,159,21,184,11,79,121,167,26,81,162,30,133,67,88,0,148,91,92,171,116,82,77,97,180,99,122,125,179,168,198,183,34,93,196,189,22,111,112,113,70,115,138,178,57,150,120,80,45,105,191,71,126,72,128,137,130,117,110,197,134,53,13,129,174,1,176,131,31,143,194,145,100,15,173,149,10,56,152,43,193,106,118,157,154,75,160,76,89,9,38,165,40,47,62,102,164,17,172,12,141,20,60,177,28,156,65,170,182,140,96,69,186,7,132,109,190,185,192,139,144,63,46,19,29,195,];False
4522;9230;13752;[146,142,169,3,4,5,6,52,32,161,124,11,104,94,14,49,2,103,18,86,163,175,95,23,24,25,37,27,123,90,85,158,153,33,147,35,36,66,181,39,166,54,42,119,44,108,8,83,48,136,50,51,107,87,16,55,188,101,58,59,151,61,187,199,64,98,68,41,135,84,155,114,127,73,74,159,21,184,78,79,121,167,26,81,162,30,133,67,88,0,148,91,92,171,116,82,77,97,180,99,122,125,179,168,198,183,34,93,196,189,22,111,112,113,70,115,138,178,57,150,120,80,45,105,191,71,126,72,128,137,130,117,110,197,134,53,13,129,174,1,176,131,31,143,194,145,100,15,173,149,10,56,152,43,193,106,118,157,154,75,160,76,89,9,38,165,40,47,62,102,164,17,172,12,141,20,60,177,28,156,65,170,182,140,96,29,186,7,132,109,190,185,192,139,144,63,46,19,69,195,];False
4522;9229;13751;[146,142,169,3,4,5,6,52,32,161,124,11,104,94,14,49,2,103,18,86,163,175,95,23,24,25,37,27,123,90,85,158,153,33,147,35,36,66,181,39,40,54,42,119,44,108,8,83,48,136,50,51,107,34,16,55,188,101,58,59,151,61,187,199,64,98,68,41,46,84,155,114,127,73,74,159,21,184,78,79,121,167,26,81,150,30,133,67,88,0,148,91,92,171,116,82,77,97,180,99,122,125,179,168,198,183,87,93,196,189,22,111,112,113,70,115,174,178,57,162,120,80,45,105,191,71,126,72,128,137,130,117,110,197,134,53,13,129,138,1,176,131,31,143,194,145,100,15,173,149,10,56,152,43,193,106,118,157,154,75,160,76,89,9,38,165,166,47,62,102,164,17,172,12,141,20,60,177,28,156,65,170,182,140,96,69,186,7,132,109,190,185,192,139,144,63,135,19,29,195,];False
4525;9226;13751;[146,142,169,3,4,5,6,52,32,161,124,11,104,94,14,49,132,103,18,86,163,175,95,23,24,25,37,27,123,90,85,158,153,33,147,35,36,66,181,39,166,54,42,119,44,108,8,83,48,136,50,51,107,87,16,55,188,101,58,59,151,61,187,199,64,98,68,41,135,84,155,114,127,73,74,159,21,184,78,79,121,167,26,81,162,30,133,67,88,0,148,91,92,171,116,82,77,97,180,99,122,125,179,168,198,183,34,93,196,189,22,111,112,113,70,115,138,178,57,150,120,80,45,105,191,71,126,72,128,137,130,117,110,197,134,53,13,129,174,1,176,131,31,143,194,145,100,15,173,149,10,56,152,43,193,106,118,157,154,75,160,76,89,9,38,165,40,47,62,102,164,17,172,12,141,20,60,177,28,156,65,170,182,140,96,69,186,7,2,109,190,185,192,139,144,63,46,19,29,195,];False
4432;9317;13749;[146,142,169,3,4,5,6,52,32,161,124,11,104,94,14,49,2,103,18,86,163,175,95,23,24,25,37,27,123,90,85,158,153,33,147,35,36,66,181,39,40,54,42,119,44,108,8,83,48,136,50,51,107,34,16,55,188,101,58,59,151,61,187,199,64,98,68,41,135,84,155,114,127,73,74,159,21,184,78,79,121,167,26,81,150,30,133,67,88,0,148,91,92,171,116,82,77,97,180,99,122,125,179,168,198,183,87,93,196,189,22,143,112,113,70,115,174,178,57,162,120,80,45,105,191,71,126,72,128,137,130,117,110,197,134,53,13,129,138,1,176,131,31,111,194,145,100,15,173,149,10,56,152,43,193,106,118,157,154,75,160,76,89,9,38,165,166,47,62,102,164,17,172,12,141,20,60,177,28,156,65,170,182,140,96,69,186,7,132,109,190,185,192,139,144,63,46,19,29,195,];False
4485;9262;13747;[146,142,178,3,4,5,6,52,32,161,124,11,104,94,14,49,2,103,18,86,163,175,95,23,24,25,37,27,123,90,85,158,153,33,147,35,36,66,181,39,40,54,42,119,44,108,8,83,48,136,50,51,107,34,16,55,188,101,58,59,151,61,187,199,64,98,68,41,135,84,155,114,127,73,74,159,21,184,78,79,121,167,26,81,150,30,133,67,88,0,148,91,92,171,116,82,77,97,180,99,122,125,179,168,198,183,87,93,196,189,22,111,112,113,70,115,174,169,57,162,120,80,45,105,191,71,126,72,128,137,130,117,110,197,134,53,13,129,138,1,176,131,31,143,194,145,100,15,173,149,10,56,152,43,193,106,118,157,154,75,160,76,89,9,38,165,166,47,62,102,164,17,172,12,141,20,60,177,28,156,65,170,182,140,96,69,186,7,132,109,190,185,192,139,144,63,46,19,29,195,];False
4490;9257;13747;[146,142,169,3,4,5,6,52,32,161,124,11,104,94,14,49,2,103,18,86,163,175,95,23,24,25,37,27,123,90,85,158,153,33,147,35,36,66,181,39,166,54,42,119,44,108,8,83,48,136,50,51,107,87,16,55,188,101,58,59,151,61,187,199,64,98,68,41,135,84,155,114,127,73,74,159,21,184,75,79,121,167,26,81,162,30,133,67,88,0,148,91,92,171,116,82,77,97,180,99,122,125,179,168,198,183,34,93,196,189,22,111,112,113,70,115,138,178,57,150,120,80,45,105,191,71,126,72,128,137,130,117,110,197,134,53,13,129,174,1,176,131,31,143,194,145,100,15,173,149,10,56,152,43,193,106,118,157,154,78,160,76,89,9,38,165,40,47,62,102,164,17,172,12,141,20,60,177,28,156,65,170,182,140,96,69,186,7,132,109,190,185,192,139,144,63,46,19,29,195,];False
4479;9265;13744;[146,142,169,3,4,5,6,52,32,161,124,11,104,94,14,49,2,103,18,86,163,175,95,23,24,25,37,27,123,90,85,158,153,33,147,35,36,66,181,39,40,54,42,119,44,108,8,83,48,136,50,51,107,87,16,55,188,101,58,59,151,61,187,199,64,98,68,41,135,84,155,114,127,73,74,159,21,184,78,79,121,167,26,81,162,30,133,67,88,0,148,91,92,171,116,82,77,97,180,99,122,125,179,168,198,183,109,93,196,189,22,111,112,113,70,115,138,178,57,150,120,80,45,105,191,71,126,72,128,137,130,117,110,197,134,53,13,129,174,1,176,131,31,143,194,145,100,15,173,149,10,56,152,43,193,106,118,157,154,75,160,76,89,9,38,165,166,47,62,102,164,17,172,12,141,20,60,177,28,156,65,170,182,140,96,69,186,7,132,34,190,185,192,139,144,63,46,19,29,195,];False
4516;9226;13742;[146,142,169,3,4,5,6,52,32,161,124,11,104,94,14,49,2,103,18,86,163,175,95,23,24,25,37,27,123,90,85,158,153,33,147,35,36,66,181,39,166,54,42,119,44,108,8,83,48,136,50,51,107,87,16,55,188,101,58,59,151,61,187,199,64,98,68,41,135,84,155,114,127,73,74,159,21,184,78,79,121,167,26,81,162,30,133,67,88,0,148,91,92,171,116,82,77,97,180,99,122,125,179,168,198,183,34,93,196,189,22,111,112,113,70,115,138,178,57,150,120,80,45,105,191,71,126,72,128,137,130,117,110,197,134,53,13,129,174,1,176,131,31,143,194,145,100,15,173,149,10,56,152,43,193,106,118,157,154,75,160,76,89,9,38,165,40,47,62,7,164,17,172,12,141,20,60,177,28,156,65,170,182,140,96,69,186,102,132,109,190,185,192,139,144,63,46,19,29,195,];False
4517;9222;13739;[146,142,169,3,4,5,6,52,32,161,124,11,104,94,14,49,2,103,18,86,163,175,95,23,24,25,37,27,123,90,85,158,153,33,147,35,36,66,181,39,40,54,42,119,44,108,8,83,48,136,50,51,107,34,16,55,188,101,58,59,151,61,187,199,64,98,68,41,135,84,196,114,127,73,74,159,21,184,78,79,121,167,26,81,150,30,133,67,88,0,148,91,92,171,116,82,77,97,180,99,122,125,179,168,198,183,87,93,155,189,22,111,112,113,70,115,174,178,57,162,120,80,45,105,191,71,126,72,128,137,130,117,110,197,134,53,13,129,138,1,176,131,31,143,194,145,100,15,173,149,10,56,152,43,193,106,118,157,154,75,160,76,89,9,38,165,166,47,62,102,164,17,172,12,141,20,60,177,28,156,65,170,182,140,96,69,186,7,132,109,190,185,192,139,144,63,46,19,29,195,];False
4455;9283;13738;[146,142,169,3,4,5,6,52,32,161,124,11,104,94,14,49,2,103,18,86,163,175,95,23,24,25,37,27,123,90,85,158,153,33,147,35,36,66,181,39,40,54,42,119,44,108,8,47,48,136,50,51,107,34,16,55,188,101,58,59,151,61,187,199,64,98,68,41,135,84,155,114,127,73,74,159,21,184,78,79,121,167,26,81,150,30,133,67,88,0,148,91,92,171,116,82,77,97,180,99,122,125,179,168,198,183,87,62,196,189,22,111,112,113,70,115,174,178,102,162,120,80,45,105,191,71,126,72,128,137,130,117,110,197,134,53,13,129,138,1,176,131,31,143,194,145,100,15,173,149,10,56,152,43,193,106,118,157,154,75,160,76,89,9,38,165,166,83,93,57,164,17,172,12,141,20,60,177,28,156,65,170,182,140,96,69,186,7,132,109,190,185,192,139,144,63,46,19,29,195,];False
4521;9214;13735;[146,142,169,3,4,5,6,125,32,161,124,11,104,94,14,49,2,103,18,86,163,175,95,23,24,25,37,27,123,90,85,158,153,93,147,35,36,66,181,39,19,54,42,119,44,108,8,83,48,109,192,51,107,87,16,55,188,101,58,59,151,61,187,199,64,98,68,41,135,84,155,114,127,73,74,159,21,184,78,79,121,167,26,81,162,30,133,67,88,0,148,91,92,40,116,82,77,97,180,99,122,52,179,168,198,183,34,33,196,189,22,111,112,113,70,115,138,178,57,176,120,80,45,105,191,71,126,72,128,137,130,117,110,197,134,53,13,129,174,1,150,131,31,143,194,145,100,15,173,149,10,56,152,43,193,106,118,157,154,75,160,76,89,9,38,165,171,47,62,102,164,17,172,12,141,20,60,177,28,156,65,170,182,140,96,69,186,7,132,136,190,185,50,139,144,63,46,166,29,195,];False
4436;9292;13728;[146,142,169,3,4,5,6,52,32,161,124,11,104,94,14,49,2,103,18,86,163,175,95,23,24,25,37,27,123,90,85,158,153,33,147,35,36,66,181,39,40,54,42,119,44,108,8,47,48,136,50,51,107,34,16,55,188,101,58,59,151,61,187,199,64,98,68,41,135,84,155,114,127,73,74,159,21,184,78,79,121,167,26,81,150,30,133,67,88,0,148,91,92,171,116,82,77,97,180,99,122,125,179,168,198,183,87,62,196,189,22,111,112,113,70,115,174,178,57,162,120,80,45,105,191,71,126,72,128,137,130,117,110,197,134,53,13,129,138,1,176,131,31,143,194,145,100,15,173,149,10,56,152,43,193,106,118,157,154,75,160,76,89,9,38,165,166,83,93,102,164,17,172,12,141,20,60,177,28,156,65,170,182,140,96,69,186,7,132,109,190,185,192,139,144,63,46,19,29,195,];False
4467;9260;13727;[146,142,169,3,4,5,6,52,32,161,124,11,104,94,14,49,2,103,18,86,163,175,95,23,24,25,37,183,123,90,85,158,153,33,147,35,36,66,181,39,166,54,42,119,44,108,8,83,48,136,50,51,107,87,16,55,188,101,58,59,151,61,187,199,64,98,68,41,135,84,155,114,127,73,74,159,21,184,78,79,121,167,26,81,162,30,133,67,88,0,148,91,92,171,116,82,77,97,180,99,122,125,179,168,198,27,34,93,196,189,22,111,112,113,70,115,138,178,57,150,120,80,45,105,191,71,126,72,128,137,130,117,110,197,134,53,13,129,174,1,176,131,31,143,194,145,100,15,173,149,10,56,152,43,193,106,118,157,154,75,160,76,89,9,38,165,40,47,62,102,164,17,172,12,141,20,60,177,28,156,65,170,182,140,96,69,186,7,132,109,190,185,192,139,144,63,46,19,29,195,];False
4482;9239;13721;[146,142,169,3,4,5,6,52,32,161,124,11,104,94,14,49,2,103,18,86,163,175,95,23,24,25,37,27,123,90,85,158,153,33,147,35,36,66,181,39,40,54,42,119,44,108,8,83,48,136,50,51,107,87,16,55,188,101,58,59,151,61,187,199,64,98,68,41,135,84,155,114,127,73,74,159,21,184,78,79,121,167,26,194,162,30,133,67,88,0,148,91,92,171,116,82,77,97,180,99,122,125,179,168,198,183,34,93,196,189,22,111,112,113,70,115,138,178,57,150,120,80,45,105,191,71,126,72,128,137,130,117,110,197,134,53,13,129,174,1,176,131,31,143,81,145,100,15,173,149,10,56,152,43,193,106,118,157,154,75,160,76,89,9,38,165,166,47,62,102,164,17,172,12,141,20,60,177,28,156,65,170,182,140,96,69,186,7,132,109,190,185,192,139,144,63,46,19,29,195,];False
4506;9214;13720;[146,142,169,3,4,5,6,52,32,161,124,11,104,94,14,49,2,103,18,86,100,175,95,23,24,25,37,27,123,90,85,158,153,33,147,35,36,66,181,39,166,54,42,119,44,108,8,83,48,136,50,51,107,87,16,55,188,101,58,59,151,61,187,199,64,98,68,41,135,84,155,114,127,73,74,159,21,184,78,79,121,167,26,81,162,30,133,67,88,0,148,91,92,171,116,82,77,97,180,99,122,125,179,168,198,183,34,93,196,189,22,111,112,113,70,115,138,178,57,150,120,80,45,105,191,71,126,72,128,137,130,117,110,197,134,53,13,129,174,1,176,131,31,143,194,145,163,15,173,149,10,56,152,43,193,106,118,157,154,75,160,76,89,9,38,165,40,47,62,102,164,17,172,12,141,20,60,177,28,156,65,170,182,140,96,69,186,7,132,109,190,185,192,139,144,63,46,19,29,195,];False
4461;9256;13717;[146,142,169,3,4,5,6,52,32,161,124,11,104,94,14,49,2,103,18,86,163,175,95,23,24,25,37,27,123,90,85,158,153,33,147,35,36,66,181,39,40,54,42,119,44,108,8,83,48,136,50,51,107,34,16,55,188,101,58,59,151,61,187,199,64,98,68,41,135,84,155,114,127,73,74,159,21,184,78,79,121,167,26,81,150,30,133,67,88,0,148,91,92,171,116,82,77,97,180,99,122,125,179,168,170,183,87,93,196,189,22,111,112,113,70,115,174,178,57,162,120,80,45,105,191,71,126,72,128,137,130,117,110,197,134,53,13,129,138,1,176,131,31,143,194,145,100,15,173,149,10,56,152,43,193,106,118,157,154,75,160,76,89,9,38,165,166,47,62,102,164,17,172,12,141,20,60,177,28,156,65,198,182,140,96,69,186,7,132,109,190,185,192,139,144,63,46,19,29,195,];False
4423;9292;13715;[146,142,169,3,4,5,6,52,32,161,124,11,104,94,14,49,2,103,18,86,163,175,95,23,24,25,37,27,123,90,85,158,153,33,147,35,36,66,181,39,40,54,42,119,44,108,8,83,48,136,50,51,107,34,16,55,188,101,58,59,151,61,187,199,64,98,68,41,135,84,155,114,127,73,74,159,21,184,78,79,121,167,26,81,150,30,133,67,88,0,148,91,92,171,116,82,77,97,180,99,122,125,179,168,198,183,87,62,196,189,22,111,112,113,70,115,174,178,57,162,120,80,45,105,191,71,126,72,128,137,130,117,110,197,134,53,13,129,138,1,176,131,31,143,194,145,100,15,173,149,10,56,152,43,193,106,118,157,154,75,160,76,89,9,38,165,166,47,93,102,164,17,172,12,141,20,60,177,28,156,65,170,182,140,96,69,186,7,132,109,190,185,192,139,144,63,46,19,29,195,];False
4417;9296;13713;[146,142,69,3,4,5,6,52,32,161,124,11,104,94,14,49,2,103,18,86,163,175,95,23,24,25,37,27,123,90,85,158,153,33,147,35,36,66,181,39,40,54,42,119,44,108,8,83,48,136,50,51,107,34,16,55,188,101,58,59,151,61,187,199,64,98,68,41,135,84,155,114,127,73,74,159,21,184,78,79,121,167,26,81,150,30,133,67,88,0,148,91,92,171,116,82,77,97,180,99,122,125,179,168,198,183,87,62,196,189,22,111,112,113,70,115,174,178,57,162,120,80,45,105,191,71,126,72,128,137,130,117,110,197,134,53,13,129,138,1,176,131,31,143,194,145,100,15,173,149,10,56,152,43,193,106,118,157,154,75,160,76,89,9,38,165,166,47,93,102,164,17,172,12,141,20,60,177,28,156,65,170,182,140,96,169,186,7,132,109,190,185,192,139,144,63,46,19,29,195,];False
4474;9236;13710;[146,142,169,3,4,5,6,52,32,161,124,11,104,94,14,49,2,103,18,86,163,175,95,23,24,25,37,27,123,90,85,158,153,33,147,35,36,66,181,39,166,54,42,119,184,108,8,83,48,136,50,51,107,87,16,55,188,101,58,59,151,61,187,199,64,98,68,41,135,84,155,114,127,73,74,159,21,44,78,79,121,167,26,81,162,30,133,67,88,0,148,91,92,171,116,82,77,97,180,99,122,125,179,168,198,183,34,93,196,189,22,111,112,113,70,115,138,178,57,150,120,80,45,105,191,71,126,72,128,137,130,117,110,197,134,53,13,129,174,1,176,131,31,143,194,145,100,15,173,149,10,56,152,43,193,106,118,157,154,75,160,76,89,9,38,165,40,47,62,102,164,17,172,12,141,20,60,177,28,156,65,170,182,140,96,69,186,7,132,109,190,185,192,139,144,63,46,19,29,195,];False
4480;9230;13710;[146,142,169,3,4,5,6,52,32,161,124,11,104,94,14,49,2,103,18,86,163,175,95,23,24,25,37,27,123,90,85,158,153,149,147,35,36,66,181,39,19,54,42,119,44,108,8,83,48,136,50,51,107,87,16,55,188,101,58,59,151,61,187,199,64,98,68,41,135,84,155,114,127,73,74,159,21,184,78,79,121,167,26,81,162,30,133,67,88,0,148,91,92,171,116,82,77,97,180,99,122,125,179,168,198,183,34,33,196,189,22,111,112,113,70,115,138,178,57,150,120,80,45,105,191,71,126,72,128,137,130,117,110,197,134,53,13,129,174,1,176,131,31,143,194,145,100,15,173,93,10,56,152,43,193,106,118,157,154,75,160,76,89,9,38,165,40,47,62,102,164,17,172,12,141,20,60,177,28,156,65,170,182,140,96,69,186,7,132,109,190,185,192,139,144,63,46,166,29,195,];False
4481;9227;13708;[146,142,169,3,4,5,6,52,32,161,124,11,104,94,14,49,2,103,18,86,163,175,95,79,24,25,37,27,123,90,85,158,153,93,147,35,36,66,181,39,19,54,42,119,44,108,8,83,48,109,50,51,107,87,16,55,188,101,58,59,151,61,187,199,64,98,68,41,135,84,155,114,127,73,74,159,21,184,78,23,121,167,26,81,162,30,133,67,88,0,148,91,92,171,116,82,77,97,180,99,122,125,179,168,198,183,34,33,196,189,22,111,112,113,70,115,138,178,57,150,120,80,45,105,191,71,126,72,128,137,130,117,110,197,134,53,13,129,174,1,176,131,31,143,194,145,100,15,173,149,10,56,152,43,193,106,118,157,154,75,160,76,89,9,38,165,40,47,62,102,164,17,172,12,141,20,60,177,28,156,65,170,182,140,96,69,186,7,132,136,190,185,192,139,144,63,46,166,29,195,];False
4440;9264;13704;[162,142,169,3,4,5,6,52,32,161,124,11,104,94,14,49,2,103,18,86,163,175,95,23,24,25,37,27,123,90,85,158,153,33,147,35,36,66,181,39,40,54,42,119,44,108,8,83,48,136,50,51,107,87,16,55,188,101,58,59,151,61,187,199,64,98,68,41,135,84,155,114,127,73,74,159,21,184,78,79,121,167,26,81,150,30,133,67,88,0,148,91,92,171,116,82,77,97,180,99,122,125,179,168,198,183,34,93,196,189,22,111,112,113,70,115,174,178,57,146,120,80,45,105,191,71,126,72,128,137,130,117,110,197,134,53,13,129,138,1,176,131,31,143,194,145,100,15,173,149,10,56,152,43,193,106,118,157,154,75,160,76,89,9,38,165,166,47,62,102,164,17,172,12,141,20,60,177,28,156,65,170,182,140,96,69,186,7,132,109,190,185,192,139,144,63,46,19,29,195,];False
4486;9215;13701;[146,142,169,3,4,5,6,52,32,161,124,11,104,94,14,49,2,103,18,86,163,175,95,23,24,25,37,27,123,90,85,158,153,97,147,35,36,66,181,39,40,54,42,119,44,108,8,83,48,136,50,51,107,87,16,55,188,101,58,59,151,61,187,199,64,98,68,41,135,84,155,114,127,73,74,159,21,184,78,79,121,167,26,81,150,30,133,67,88,0,148,91,92,171,116,82,77,33,180,99,122,125,179,168,198,183,34,93,196,189,22,111,112,113,70,115,174,178,57,162,120,80,45,105,191,71,126,72,128,137,130,117,110,197,134,53,13,129,138,1,176,131,31,143,194,145,100,15,173,149,10,56,152,43,193,106,118,157,154,75,160,76,89,9,38,165,166,47,62,102,164,17,172,12,141,20,60,177,28,156,65,170,182,140,96,69,186,7,132,109,190,185,192,139,144,63,46,19,29,195,];False
4535;9165;13700;[146,142,169,3,4,5,6,125,32,161,124,11,104,94,14,49,2,103,63,86,163,175,95,23,24,25,37,27,123,90,85,158,153,93,147,35,36,66,181,39,19,54,42,119,44,108,8,83,48,109,50,51,107,87,16,55,188,101,58,59,151,61,187,199,64,98,68,41,135,84,155,114,127,73,74,159,21,184,78,79,121,167,26,81,162,30,133,67,88,0,148,91,92,40,116,82,77,97,180,99,122,52,179,168,198,183,34,33,196,189,22,111,112,113,70,115,138,178,57,176,120,80,45,105,191,71,126,72,128,137,130,117,110,197,134,53,13,129,174,1,150,131,31,143,194,145,100,15,173,149,10,56,152,43,193,106,118,157,154,75,160,76,89,9,38,165,171,47,62,102,164,17,172,12,141,20,60,177,28,156,65,170,182,140,96,69,186,7,132,136,190,185,192,139,144,18,46,166,29,195,];False
4458;9239;13697;[146,142,169,3,4,5,6,125,32,161,124,11,104,94,14,49,2,103,18,86,163,175,95,23,24,25,37,27,123,90,85,158,153,93,147,35,36,66,181,39,19,54,42,119,44,108,8,83,48,109,187,51,107,87,16,55,188,101,58,59,151,61,50,199,64,98,68,41,135,84,155,114,127,73,74,159,21,184,78,79,121,167,26,81,162,30,133,67,88,0,148,91,92,40,116,82,77,97,180,99,122,52,179,168,198,183,34,33,196,189,22,111,112,113,70,115,138,178,57,176,120,80,45,105,191,71,126,72,128,137,130,117,110,197,134,53,13,129,174,1,150,131,31,143,194,145,100,15,173,149,10,56,152,43,193,106,118,157,154,75,160,76,89,9,38,165,171,47,62,102,164,17,172,12,141,20,60,177,28,156,65,170,182,140,96,69,186,7,132,136,190,185,192,139,144,63,46,166,29,195,];False
4475;9222;13697;[146,142,169,3,4,5,6,52,32,161,124,11,104,94,14,49,2,103,18,86,163,175,95,23,24,25,37,27,123,90,85,158,153,33,147,35,36,66,181,39,40,54,42,119,44,108,8,83,48,136,50,51,107,87,16,55,188,101,58,59,151,61,187,199,64,98,68,41,135,84,155,114,127,73,74,159,21,184,78,79,121,167,26,81,150,30,133,67,88,0,148,91,92,171,116,82,77,97,180,99,122,125,179,168,198,183,34,93,196,189,22,111,112,113,70,115,174,178,57,162,10,80,45,105,191,71,126,72,128,137,130,117,110,197,134,53,13,129,138,1,176,131,31,143,194,145,100,15,173,149,120,56,152,43,193,106,118,157,154,75,160,76,89,9,38,165,166,47,62,102,164,17,172,12,141,20,60,177,28,156,65,170,182,140,96,69,186,7,132,109,190,185,192,139,144,63,46,19,29,195,];False
4516;9179;13695;[146,142,169,3,4,5,6,125,32,161,124,11,104,94,14,49,2,103,18,86,163,175,95,23,24,25,37,27,123,90,85,158,153,93,147,35,36,66,181,39,19,54,42,119,44,108,8,83,48,109,50,51,107,87,16,55,188,101,58,59,151,61,187,199,64,98,68,41,135,84,155,114,127,73,74,159,21,184,78,79,121,167,26,81,162,30,133,67,88,0,148,91,92,171,116,82,77,97,180,99,122,52,72,168,198,183,34,33,196,189,22,111,112,113,70,115,138,178,57,176,120,80,45,105,191,71,126,179,128,137,130,117,110,197,134,53,13,129,174,1,150,131,31,143,194,145,100,15,173,149,10,56,152,43,193,106,118,157,154,75,160,76,89,9,38,165,40,47,62,102,164,17,172,12,141,20,60,177,28,156,65,170,182,140,96,69,186,7,132,136,190,185,192,139,144,63,46,166,29,195,];False
4454;9241;13695;[146,142,169,3,4,5,6,52,32,161,124,11,104,94,14,49,2,103,18,86,163,175,95,23,24,25,37,27,123,90,85,158,153,33,147,35,36,66,181,39,166,54,42,119,44,108,8,83,48,136,50,51,107,87,16,55,188,101,58,59,151,61,187,199,64,98,68,41,135,84,155,114,127,73,74,159,21,184,78,79,121,167,26,81,162,30,133,67,88,0,148,91,92,171,116,82,77,97,180,99,122,125,179,168,198,183,34,93,196,189,22,111,112,113,70,115,138,178,57,150,120,80,45,105,191,71,126,72,128,137,132,117,110,197,134,53,13,129,174,1,176,131,31,143,194,145,100,15,173,149,10,56,152,43,193,106,118,157,154,75,160,76,89,9,38,165,40,47,62,102,164,17,172,12,141,20,60,177,28,156,65,170,182,140,96,69,186,7,130,109,190,185,192,139,144,63,46,19,29,195,];False
4444;9249;13693;[146,142,169,3,4,5,6,52,32,161,124,11,104,94,14,49,2,103,18,86,163,175,95,23,24,25,37,27,123,90,85,158,153,33,147,35,36,66,181,39,40,54,42,119,44,108,8,83,48,136,50,51,107,34,16,55,188,101,58,59,151,61,187,199,64,98,68,41,135,84,155,114,127,73,74,159,21,184,78,79,121,167,26,81,150,30,133,67,88,0,148,91,92,171,116,82,77,97,180,99,122,125,179,168,198,183,87,93,196,189,22,111,112,113,70,115,174,178,57,162,120,80,45,105,191,71,126,72,128,137,130,117,110,197,134,53,13,129,138,1,176,131,31,143,194,145,100,15,173,149,10,56,152,43,193,106,118,157,154,75,160,76,89,9,38,165,166,47,62,102,164,17,172,12,141,20,60,177,28,156,65,170,182,140,96,69,186,7,132,109,190,185,192,139,144,63,46,19,29,195,];False
4447;9243;13690;[146,142,169,3,4,5,6,52,32,161,124,11,104,94,14,49,2,103,18,86,163,175,95,23,24,25,37,27,123,90,85,158,153,33,147,35,36,66,181,39,40,54,42,119,44,108,8,83,48,136,50,51,107,87,16,55,188,101,58,59,151,61,187,199,64,98,68,41,135,84,155,114,127,73,74,159,21,184,78,79,121,167,26,81,150,30,133,67,88,0,148,91,92,171,116,82,77,97,180,99,122,125,179,168,198,183,34,93,196,189,22,111,112,113,70,115,174,178,57,162,120,80,45,105,191,71,126,72,128,137,130,117,110,197,134,53,13,129,138,1,176,131,31,143,194,145,100,15,173,149,10,9,152,43,193,106,118,157,154,75,160,76,89,56,38,165,166,47,62,102,164,17,172,12,141,20,60,177,28,156,65,170,182,140,96,69,186,7,132,109,190,185,192,139,144,63,46,19,29,195,];False
4461;9225;13686;[146,142,169,3,4,5,6,52,32,161,124,11,104,94,14,49,2,103,18,86,163,175,95,23,24,25,37,27,123,90,85,158,153,33,147,35,36,66,181,39,166,54,42,119,44,108,8,83,48,136,50,51,107,87,16,55,188,101,58,59,151,61,187,199,64,98,68,41,135,150,155,114,127,73,74,159,21,184,78,79,121,167,26,81,162,30,133,67,88,0,148,91,92,171,116,82,77,97,180,99,122,125,179,168,198,183,34,93,196,189,22,111,112,113,70,115,138,178,57,84,120,80,45,105,191,71,126,72,128,137,130,117,110,197,134,53,13,129,174,1,176,131,31,143,194,145,100,15,173,149,10,56,152,43,193,106,118,157,154,75,160,76,89,9,38,165,40,47,62,102,164,17,172,12,141,20,60,177,28,156,65,170,182,140,96,69,186,7,132,109,190,185,192,139,144,63,46,19,29,195,];False
4401;9281;13682;[146,142,169,3,4,5,6,52,32,161,124,11,104,94,14,49,2,103,18,86,163,175,95,23,24,25,37,27,151,90,85,158,153,33,147,35,36,66,181,39,166,54,42,119,44,108,8,83,48,136,50,51,107,87,16,55,188,101,58,59,123,61,187,199,64,98,68,41,135,84,155,114,127,73,74,159,21,184,78,79,121,167,26,81,162,30,133,67,88,0,148,91,92,171,116,82,77,97,180,99,122,125,179,168,198,183,34,93,196,189,22,111,112,113,70,115,138,178,57,150,120,80,45,105,191,71,126,72,128,137,130,117,110,197,134,53,13,129,174,1,176,131,31,143,194,145,100,15,173,149,10,56,152,43,193,106,118,157,154,75,160,76,89,9,38,165,40,47,62,102,164,17,172,12,141,20,60,177,28,156,65,170,182,140,96,69,186,7,132,109,190,185,192,139,144,63,46,19,29,195,];False
4515;9160;13675;[146,142,169,3,4,5,6,125,32,161,124,11,104,94,14,49,2,103,18,86,163,175,95,23,24,25,37,27,123,90,85,158,153,93,147,35,36,66,181,39,19,54,42,119,44,108,8,83,48,109,50,51,107,87,16,55,188,101,58,59,151,61,187,199,64,98,68,41,135,84,155,114,127,73,74,159,21,184,78,79,121,167,26,81,162,30,133,67,88,77,148,91,92,40,116,82,0,97,180,99,122,52,179,168,198,183,34,33,196,189,22,111,112,113,70,115,138,178,57,176,120,80,45,105,191,71,126,72,128,137,130,117,110,197,134,53,13,129,174,1,150,131,31,143,194,145,100,15,173,149,10,56,152,43,193,106,118,157,154,75,160,76,89,9,38,165,171,47,62,102,164,17,172,12,141,20,60,177,28,156,65,170,182,140,96,69,186,7,132,136,190,185,192,139,144,63,46,166,29,195,];False
4433;9234;13667;[146,142,169,3,4,5,6,125,32,161,124,11,104,94,14,49,2,103,18,86,163,175,95,23,24,25,37,27,123,90,85,158,153,93,147,35,36,66,181,39,19,54,42,119,44,108,8,83,48,109,50,51,107,87,16,55,188,101,138,59,151,61,187,199,64,98,68,41,135,84,155,114,127,73,74,159,21,184,78,79,121,167,26,81,162,30,133,67,88,0,148,91,92,171,116,82,77,97,180,99,122,52,179,168,198,183,34,33,196,189,22,111,112,113,70,115,58,178,57,150,120,80,45,105,191,71,126,72,128,137,130,117,110,197,134,53,13,129,174,1,176,131,31,143,194,145,100,15,173,149,10,56,152,43,193,106,118,157,154,75,160,76,89,9,38,165,40,47,62,102,164,17,172,12,141,20,60,177,28,156,65,170,182,140,96,69,186,7,132,136,190,185,192,139,144,63,46,166,29,195,];False
4463;9204;13667;[146,142,169,3,4,159,6,125,32,161,124,11,104,94,14,49,2,103,18,86,163,175,95,23,24,25,37,27,123,90,85,158,153,93,147,35,36,66,181,39,19,54,42,119,44,108,8,83,48,109,50,51,107,87,16,55,188,101,58,59,151,61,187,199,64,98,68,41,135,84,155,114,127,73,74,5,21,184,78,79,121,167,26,81,162,30,133,67,88,0,148,91,92,171,116,82,77,97,180,99,122,52,179,168,198,183,34,33,196,189,22,111,112,113,70,115,138,178,57,176,120,80,45,105,191,71,126,72,128,137,130,117,110,197,134,53,13,129,174,1,150,131,31,143,194,145,100,15,173,149,10,56,152,43,193,106,118,157,154,75,160,76,89,9,38,165,40,47,62,102,164,17,172,12,141,20,60,177,28,156,65,170,182,140,96,69,186,7,132,136,190,185,192,139,144,63,46,166,29,195,];False
4515;9152;13667;[146,142,169,3,4,5,6,125,32,161,124,11,104,94,14,49,2,103,18,86,163,175,95,23,24,25,37,27,123,90,85,158,91,93,147,35,36,66,181,39,19,54,42,119,44,108,8,83,48,109,50,51,107,87,16,55,188,101,58,59,151,61,187,199,64,98,68,41,135,84,155,114,127,73,74,159,21,184,78,79,121,167,26,81,162,30,133,67,88,0,148,153,92,40,116,82,77,97,180,99,122,52,179,168,198,183,34,33,196,189,22,111,112,113,70,115,138,178,57,176,120,80,45,105,191,71,126,72,128,137,130,117,110,197,134,53,13,129,174,1,150,131,31,143,194,145,100,15,173,149,10,56,152,43,193,106,118,157,154,75,160,76,89,9,38,165,171,47,62,102,164,17,172,12,141,20,60,177,28,156,65,170,182,140,96,69,186,7,132,136,190,185,192,139,144,63,46,166,29,195,];False
4535;9127;13662;[146,142,169,3,4,5,6,125,32,161,124,82,104,94,14,49,2,103,18,86,163,175,95,23,24,25,37,27,123,90,85,158,153,93,147,35,36,66,181,39,19,54,42,119,44,108,8,83,48,109,50,51,107,87,16,55,188,101,58,59,151,61,187,199,64,98,68,41,135,84,155,114,127,73,74,159,21,184,78,79,121,167,26,81,162,30,133,67,88,0,148,91,92,40,116,11,77,97,180,99,122,52,179,168,198,183,34,33,196,189,22,111,112,113,70,115,138,178,57,176,120,80,45,105,191,71,126,72,128,137,130,117,110,197,134,53,13,129,174,1,150,131,31,143,194,145,100,15,173,149,10,56,152,43,193,106,118,157,154,75,160,76,89,9,38,165,171,47,62,102,164,17,172,12,141,20,60,177,28,156,65,170,182,140,96,69,186,7,132,136,190,185,192,139,144,63,46,166,29,195,];False
4484;9176;13660;[146,142,169,3,4,5,6,125,32,161,124,11,104,94,14,49,2,103,18,86,163,175,95,23,24,25,37,27,123,90,85,158,153,93,147,35,36,66,181,39,19,54,42,119,44,108,8,83,48,109,50,51,107,87,16,55,188,101,58,59,151,61,187,199,64,98,68,41,135,84,155,114,127,73,74,159,21,184,78,79,121,167,26,81,162,148,133,67,88,0,30,91,92,171,116,82,77,97,180,99,122,52,179,168,198,183,34,33,196,189,22,111,112,113,70,115,138,178,57,176,120,80,45,105,191,71,126,72,128,137,130,117,110,197,134,53,13,129,174,1,150,131,31,143,194,145,100,15,173,149,10,56,152,43,193,106,118,157,154,75,160,76,89,9,38,165,40,47,62,102,164,17,172,12,141,20,60,177,28,156,65,170,182,140,96,69,186,7,132,136,190,185,192,139,144,63,46,166,29,195,];False
4419;9239;13658;[146,142,169,3,4,5,6,52,32,161,124,11,104,94,14,49,2,103,18,86,163,175,95,23,24,25,37,27,123,90,85,158,153,33,147,35,36,66,181,39,166,54,42,119,44,108,8,83,190,136,50,51,107,87,16,55,188,101,58,59,151,61,187,199,64,98,68,41,135,84,155,114,127,73,74,159,21,184,78,79,121,167,26,81,162,30,133,67,88,0,148,91,92,171,116,82,77,97,180,99,122,125,179,168,198,183,34,93,196,189,22,111,112,113,70,115,138,178,57,150,120,80,45,105,191,71,126,72,128,137,130,117,110,197,134,53,13,129,174,1,176,131,31,143,194,145,100,15,173,149,10,56,152,43,193,106,118,157,154,75,160,76,89,9,38,165,40,47,62,102,164,17,172,12,141,20,60,177,28,156,65,170,182,140,96,69,186,7,132,109,48,185,192,139,144,63,46,19,29,195,];False
4469;9189;13658;[146,142,169,3,4,5,6,125,32,161,124,11,104,94,14,49,2,103,18,86,163,175,95,23,24,25,37,27,123,90,85,158,153,93,147,35,36,66,181,39,19,54,42,119,44,108,8,83,48,109,50,51,107,87,16,55,130,101,58,59,151,61,187,199,64,98,68,41,135,84,155,114,127,73,74,159,21,184,78,79,121,167,26,81,162,30,133,67,88,0,148,91,92,171,116,82,77,97,180,99,122,52,179,168,198,183,34,33,196,189,22,111,112,113,70,115,138,178,57,176,120,80,45,105,191,71,126,72,128,137,188,117,110,197,134,53,13,129,174,1,150,131,31,143,194,145,100,15,173,149,10,56,152,43,193,106,118,157,154,75,160,76,89,9,38,165,40,47,62,102,164,17,172,12,141,20,60,177,28,156,65,170,182,140,96,69,186,7,132,136,190,185,192,139,144,63,46,166,29,195,];False
4489;9169;13658;[146,142,169,3,4,5,6,52,32,161,124,11,104,94,14,49,2,195,18,86,163,175,95,23,24,25,37,27,123,90,85,158,153,33,147,35,36,66,181,39,166,54,42,119,44,108,8,83,48,136,50,51,107,87,16,55,188,101,58,59,151,61,187,199,64,98,68,41,135,84,155,114,127,73,74,159,21,184,78,79,121,167,26,81,162,30,133,67,88,0,148,91,92,171,116,82,77,97,180,99,122,125,179,168,198,183,34,93,196,189,22,111,112,113,70,115,138,178,57,150,120,80,45,105,191,71,126,72,128,137,130,117,110,197,134,53,13,129,174,1,176,131,31,143,194,145,100,15,173,149,10,56,152,43,193,106,118,157,154,75,160,76,89,9,38,165,40,47,62,102,164,17,172,12,141,20,60,177,28,156,65,170,182,140,96,69,186,7,132,109,190,185,192,139,144,63,46,19,29,103,];False
4479;9177;13656;[146,142,169,3,4,5,6,52,155,161,124,11,104,94,14,49,2,103,18,86,163,175,95,23,24,25,37,27,123,90,85,158,153,33,147,35,36,66,181,39,166,54,42,119,44,108,8,83,48,136,50,51,107,87,16,55,188,101,58,59,151,61,187,199,64,98,68,41,135,84,32,114,127,73,74,159,21,184,78,79,121,167,26,81,162,30,133,67,88,0,148,91,92,171,116,82,77,97,180,99,122,125,179,168,198,183,34,93,196,189,22,111,112,113,70,115,138,178,57,150,120,80,45,105,191,71,126,72,128,137,130,117,110,197,134,53,13,129,174,1,176,131,31,143,194,145,100,15,173,149,10,56,152,43,193,106,118,157,154,75,160,76,89,9,38,165,40,47,62,102,164,17,172,12,141,20,60,177,28,156,65,170,182,140,96,69,186,7,132,109,190,185,192,139,144,63,46,19,29,195,];False
4492;9162;13654;[146,142,169,3,4,5,6,125,32,161,124,11,104,94,14,49,2,103,18,86,163,175,95,23,24,25,37,27,123,90,85,158,153,93,147,35,36,66,181,39,19,54,42,119,44,108,8,83,48,109,50,51,107,87,16,55,188,101,58,59,151,61,187,199,64,98,68,41,135,84,155,114,127,73,74,159,21,184,78,79,121,167,26,81,162,30,133,67,88,0,148,91,92,171,116,82,77,97,180,99,122,128,179,168,198,183,34,33,196,189,22,111,112,113,70,115,138,178,57,150,120,80,45,105,191,71,126,72,52,137,130,117,110,197,134,53,13,129,174,1,176,131,31,143,194,145,100,15,173,149,10,56,152,43,193,106,118,157,154,75,160,76,89,9,38,165,40,47,62,102,164,17,172,12,141,20,60,177,28,156,65,170,182,140,96,69,186,7,132,136,190,185,192,139,144,63,46,166,29,195,];False
4488;9165;13653;[146,142,169,3,4,5,6,125,32,161,124,11,104,94,14,49,2,103,18,86,163,175,95,23,24,25,37,27,123,90,85,158,153,93,147,35,36,66,181,39,19,54,42,119,44,108,8,83,48,109,50,51,107,87,171,55,188,101,58,59,151,61,187,199,64,98,68,41,135,84,155,114,127,73,74,159,21,184,78,79,121,167,26,81,162,30,133,67,88,0,148,91,92,16,116,82,77,97,180,99,122,52,179,168,198,183,34,33,196,189,22,111,112,113,70,115,138,178,57,176,120,80,45,105,191,71,126,72,128,137,130,117,110,197,134,53,13,129,174,1,150,131,31,143,194,145,100,15,173,149,10,56,152,43,193,106,118,157,154,75,160,76,89,9,38,165,40,47,62,102,164,17,172,12,141,20,60,177,28,156,65,170,182,140,96,69,186,7,132,136,190,185,192,139,144,63,46,166,29,195,];False
4437;9215;13652;[146,142,169,3,4,5,6,125,32,161,124,11,104,94,14,49,2,103,18,86,163,175,95,23,24,25,37,27,123,90,85,158,153,93,147,35,36,66,181,39,19,54,42,119,44,108,8,83,48,109,50,51,107,87,16,55,188,101,58,59,151,61,187,164,64,98,68,41,135,84,155,114,127,73,74,159,21,184,78,79,121,167,26,81,162,30,133,67,88,0,148,91,92,171,116,82,77,97,180,99,122,52,179,168,198,183,34,33,196,189,22,111,112,113,70,115,138,178,57,176,120,80,45,105,191,71,126,72,128,137,130,117,110,197,134,53,13,129,174,1,150,131,31,143,194,145,100,15,173,149,10,56,152,43,193,106,118,157,154,75,160,76,89,9,38,165,40,47,62,102,199,17,172,12,141,20,60,177,28,156,65,170,182,140,96,69,186,7,132,136,190,185,192,139,144,63,46,166,29,195,];False
4513;9136;13649;[146,142,169,3,4,5,6,125,32,161,124,11,104,94,14,49,2,103,18,86,163,175,95,23,24,25,37,27,123,90,85,158,153,93,147,35,36,66,181,39,19,54,42,119,44,108,8,83,48,109,50,51,107,87,16,55,188,101,58,59,151,61,187,199,64,98,68,41,135,84,155,114,127,73,74,159,21,184,78,79,121,167,26,81,162,30,133,67,115,0,148,91,92,40,116,82,77,97,180,99,122,52,179,168,198,183,34,33,196,189,22,111,112,113,70,88,138,178,57,176,120,80,45,105,191,71,126,72,128,137,130,117,110,197,134,53,13,129,174,1,150,131,31,143,194,145,100,15,173,149,10,56,152,43,193,106,118,157,154,75,160,76,89,9,38,165,171,47,62,102,164,17,172,12,141,20,60,177,28,156,65,170,182,140,96,69,186,7,132,136,190,185,192,139,144,63,46,166,29,195,];False
4402;9243;13645;[146,142,169,3,4,5,6,52,32,161,124,11,104,94,14,49,2,103,18,86,163,175,95,23,24,25,37,27,123,90,85,158,153,33,147,35,36,66,181,39,40,54,42,119,44,108,8,83,48,136,50,51,107,87,16,55,188,101,58,59,151,61,187,199,64,98,68,41,135,84,155,114,127,73,74,159,21,184,78,79,121,167,26,81,150,30,133,67,88,0,148,91,92,171,116,82,77,97,180,99,122,125,179,168,198,183,34,93,196,189,22,111,112,113,70,115,174,178,57,162,120,80,45,105,191,71,126,72,128,137,130,117,110,197,134,53,13,129,138,1,176,131,31,143,194,145,100,15,173,149,10,56,152,43,193,106,118,157,154,75,160,76,89,9,38,165,166,47,62,102,164,17,172,12,141,20,60,177,28,156,65,170,182,140,96,69,186,7,132,109,190,185,192,139,144,63,46,19,29,195,];False
4463;9179;13642;[146,142,169,3,4,5,6,125,32,161,124,11,104,94,14,49,2,103,18,86,163,175,95,23,24,25,37,27,123,90,85,158,153,93,147,35,36,66,181,39,19,54,42,119,44,108,8,83,48,109,50,51,107,87,16,55,188,101,58,59,151,61,187,199,64,98,68,41,135,84,155,114,127,73,74,159,21,184,78,79,121,167,26,81,162,30,133,67,88,0,148,91,92,40,116,82,77,97,180,99,122,52,179,168,198,183,34,33,196,189,22,111,112,113,70,115,138,178,57,176,120,80,45,105,191,71,126,72,128,137,130,117,110,197,134,53,13,129,174,1,150,131,31,143,194,145,100,15,173,149,10,56,152,43,193,106,118,157,154,75,160,76,89,9,38,165,171,47,62,102,164,17,63,12,141,20,60,177,28,156,65,170,182,140,96,69,186,7,132,136,190,185,192,139,144,172,46,166,29,195,];False
4390;9251;13641;[146,142,169,3,4,5,6,52,32,161,124,11,104,94,14,49,2,103,18,86,163,175,95,23,24,25,37,27,123,90,85,158,153,33,147,35,36,66,181,39,40,54,42,119,44,108,8,83,48,136,50,51,107,87,16,55,188,101,58,59,151,61,187,199,64,98,68,41,135,84,155,114,127,73,74,159,21,184,78,79,121,167,26,81,162,30,133,67,88,0,148,91,92,171,116,82,77,97,180,99,122,125,179,168,198,183,34,93,196,189,22,111,112,113,70,115,174,178,57,150,120,80,45,105,191,71,126,72,128,137,130,117,110,197,134,53,13,129,138,1,176,131,31,143,194,145,100,15,173,149,10,56,152,43,193,106,118,157,154,75,160,76,89,9,38,165,166,47,62,102,164,17,172,12,141,20,60,177,28,156,65,170,182,140,96,69,186,7,132,109,190,185,192,139,144,63,46,19,29,195,];False
4464;9174;13638;[146,142,169,3,4,5,6,125,32,161,124,11,104,94,14,49,2,103,18,86,163,175,95,23,24,25,37,27,123,90,85,158,153,93,147,35,36,66,181,39,19,54,42,119,44,108,8,83,48,109,50,51,107,87,16,55,188,101,58,59,151,61,187,199,64,98,68,41,135,84,155,114,127,73,74,159,21,184,78,79,121,167,26,81,162,30,133,67,88,0,148,91,92,70,116,82,77,97,180,99,122,52,179,168,198,183,34,33,196,189,22,111,112,113,40,115,138,178,57,176,120,80,45,105,191,71,126,72,128,137,130,117,110,197,134,53,13,129,174,1,150,131,31,143,194,145,100,15,173,149,10,56,152,43,193,106,118,157,154,75,160,76,89,9,38,165,171,47,62,102,164,17,172,12,141,20,60,177,28,156,65,170,182,140,96,69,186,7,132,136,190,185,192,139,144,63,46,166,29,195,];False
4374;9259;13633;[146,142,169,3,4,5,6,52,32,161,124,11,104,94,14,49,2,103,18,86,163,175,95,23,24,25,37,27,123,90,85,158,153,33,147,35,36,66,181,39,40,54,42,119,44,108,8,83,48,136,50,51,107,87,16,55,188,101,58,59,151,61,187,199,64,98,68,41,135,84,155,114,127,73,74,159,21,184,78,79,121,167,26,81,162,30,133,67,88,0,148,91,92,171,116,82,77,97,180,99,122,125,179,168,198,183,34,93,196,189,22,111,112,113,70,115,138,178,57,150,120,80,45,105,191,71,126,72,128,137,130,117,110,197,134,53,13,129,174,1,176,131,31,143,194,145,100,15,173,149,10,56,152,43,193,106,118,157,154,75,160,76,89,9,38,165,166,47,62,102,164,17,172,12,141,20,60,177,28,156,65,170,182,140,96,69,186,7,132,109,190,185,192,139,144,63,46,19,29,195,];False
4439;9193;13632;[146,142,169,3,4,5,6,125,32,161,124,11,104,94,14,49,2,103,18,86,163,175,95,23,24,25,37,27,123,90,85,158,153,93,147,35,36,66,181,39,19,54,42,119,44,108,8,83,48,128,50,51,107,87,16,55,188,101,58,59,151,61,187,199,64,98,68,41,135,84,155,114,127,73,74,159,21,184,78,79,121,167,26,81,162,30,133,67,88,0,148,91,92,171,116,82,77,97,180,99,122,52,179,168,198,183,34,33,196,189,22,111,112,113,70,115,138,178,57,176,120,80,45,105,191,71,126,72,109,137,130,117,110,197,134,53,13,129,174,1,150,131,31,143,194,145,100,15,173,149,10,56,152,43,193,106,118,157,154,75,160,76,89,9,38,165,40,47,62,102,164,17,172,12,141,20,60,177,28,156,65,170,182,140,96,69,186,7,132,136,190,185,192,139,144,63,46,166,29,195,];False
4424;9208;13632;[146,142,169,3,4,5,6,125,32,161,124,11,104,94,14,49,2,103,18,86,163,175,95,23,24,25,37,27,123,90,85,158,153,93,147,35,36,66,181,39,19,54,42,119,44,108,8,83,48,109,50,51,107,87,16,55,188,101,58,59,151,61,187,199,64,98,68,41,135,84,155,114,127,73,74,159,21,184,78,79,121,167,26,81,162,30,133,67,88,136,148,91,92,171,116,82,77,97,180,99,122,52,179,168,198,183,34,33,196,189,22,111,112,113,70,115,138,178,57,176,120,80,45,105,191,71,126,72,128,137,130,117,110,197,134,53,13,129,174,1,150,131,31,143,194,145,100,15,173,149,10,56,152,43,193,106,118,157,154,75,160,76,89,9,38,165,40,47,62,102,164,17,172,12,141,20,60,177,28,156,65,170,182,140,96,69,186,7,132,0,190,185,192,139,144,63,46,166,29,195,];False
4466;9165;13631;[146,142,169,3,4,5,6,125,32,161,124,11,104,94,14,49,2,103,18,86,163,175,95,23,24,25,37,27,123,90,85,158,153,93,147,35,36,66,181,39,19,54,42,119,44,108,8,83,48,109,50,51,107,87,16,55,188,101,58,59,151,61,187,199,64,98,68,41,135,84,155,114,127,73,74,159,21,184,78,79,121,167,26,81,162,30,133,67,88,0,148,91,92,40,116,82,77,97,180,99,122,52,179,168,198,183,34,33,196,189,22,111,112,113,70,115,138,178,57,176,120,80,45,105,191,71,126,72,128,137,130,117,110,197,134,53,13,129,174,1,150,131,31,143,194,145,100,15,173,149,10,56,152,43,193,106,185,157,154,75,160,76,89,9,38,165,171,47,62,102,164,17,172,12,141,20,60,177,28,156,65,170,182,140,96,69,186,7,132,136,190,118,192,139,144,63,46,166,29,195,];False
4399;9231;13630;[146,142,169,3,4,5,6,52,32,161,124,11,104,94,14,49,2,103,18,86,163,175,95,23,24,25,37,27,123,90,85,158,153,93,147,35,36,66,181,39,19,54,42,119,44,108,8,83,48,136,50,51,107,87,16,55,188,101,58,59,151,61,187,199,64,98,68,41,135,84,155,114,127,73,74,159,21,184,78,79,121,167,26,81,162,30,133,67,88,0,148,91,92,171,89,82,77,97,180,99,122,125,179,168,198,183,34,33,196,189,22,111,112,113,70,115,138,178,57,150,120,80,45,105,191,71,126,72,128,137,130,117,110,197,134,53,13,129,174,1,176,131,31,143,194,145,100,15,173,149,10,56,152,43,193,106,118,157,154,75,160,76,116,9,38,165,40,47,62,102,164,17,172,12,141,20,60,177,28,156,65,170,182,140,96,69,186,7,132,109,190,185,192,139,144,63,46,166,29,195,];False
4361;9269;13630;[146,142,169,3,4,5,6,125,32,161,124,11,104,94,14,49,2,103,18,86,163,175,95,23,24,25,37,27,123,90,85,158,153,93,147,35,36,66,181,39,19,54,74,119,44,108,8,83,48,109,50,51,107,87,16,55,188,101,58,59,151,61,187,199,64,98,68,41,135,84,155,114,127,73,42,159,21,184,78,79,121,167,26,81,162,30,133,67,88,0,148,91,92,40,116,82,77,97,180,99,122,52,179,168,198,183,34,33,196,189,22,111,112,113,70,115,138,178,57,176,120,80,45,105,191,71,126,72,128,137,130,117,110,197,134,53,13,129,174,1,150,131,31,143,194,145,100,15,173,149,10,56,152,43,193,106,118,157,154,75,160,76,89,9,38,165,171,47,62,102,164,17,172,12,141,20,60,177,28,156,65,170,182,140,96,69,186,7,132,136,190,185,192,139,144,63,46,166,29,195,];False
4502;9127;13629;[146,142,169,3,4,5,6,125,32,161,124,11,104,94,14,49,2,103,18,86,163,175,95,23,24,25,37,27,123,90,85,158,153,93,147,35,36,66,181,39,19,54,42,119,44,108,8,83,48,109,50,51,107,87,16,55,188,101,58,59,151,61,187,199,64,122,68,41,135,84,155,114,127,73,74,159,21,184,78,79,121,167,26,81,162,30,133,67,88,0,148,91,92,40,116,82,77,97,180,99,98,52,179,168,198,183,34,33,196,189,22,111,112,113,70,115,138,178,57,176,120,80,45,105,191,71,126,72,128,137,130,117,110,197,134,53,13,129,174,1,150,131,31,143,194,145,100,15,173,149,10,56,152,43,193,106,118,157,154,75,160,76,89,9,38,165,171,47,62,102,164,17,172,12,141,20,60,177,28,156,65,170,182,140,96,69,186,7,132,136,190,185,192,139,144,63,46,166,29,195,];False
4399;9230;13629;[146,142,169,3,4,5,6,125,32,161,124,11,104,94,14,49,2,103,18,86,163,175,95,23,24,25,37,27,123,90,85,158,153,93,147,35,36,66,181,39,19,34,42,119,44,108,8,83,48,109,50,51,107,87,16,55,188,101,58,59,151,61,187,199,64,98,68,41,135,84,155,114,127,73,74,159,21,184,78,79,121,167,26,81,162,30,133,67,88,0,148,91,92,40,116,82,77,97,180,99,122,52,179,168,198,183,54,33,196,189,22,111,112,113,70,115,138,178,57,176,120,80,45,105,191,71,126,72,128,137,130,117,110,197,134,53,13,129,174,1,150,131,31,143,194,145,100,15,173,149,10,56,152,43,193,106,118,157,154,75,160,76,89,9,38,165,171,47,62,102,164,17,172,12,141,20,60,177,28,156,65,170,182,140,96,69,186,7,132,136,190,185,192,139,144,63,46,166,29,195,];False
4488;9139;13627;[146,142,102,3,4,5,6,125,32,161,124,11,104,94,14,49,2,103,18,86,163,175,95,23,24,25,37,27,123,90,85,158,153,93,147,35,36,66,181,39,19,54,42,119,44,108,8,83,48,109,50,51,107,87,16,55,188,101,58,59,151,61,187,199,64,98,68,41,135,84,155,114,127,73,74,159,21,184,78,79,121,167,26,81,162,30,133,67,88,0,148,91,92,40,116,82,77,97,180,99,122,52,179,168,198,183,34,33,196,189,22,111,112,113,70,115,138,178,57,176,120,80,45,105,191,71,126,72,128,137,130,117,110,197,134,53,13,129,174,1,150,131,31,143,194,145,100,15,173,149,10,56,152,43,193,106,118,157,154,75,160,76,89,9,38,165,171,47,62,169,164,17,172,12,141,20,60,177,28,156,65,170,182,140,96,69,186,7,132,136,190,185,192,139,144,63,46,166,29,195,];False
4388;9236;13624;[146,142,169,3,4,5,6,52,32,161,124,11,104,94,14,49,2,103,18,86,163,175,95,23,24,25,37,27,123,90,85,158,153,33,147,35,36,66,181,39,166,54,42,119,44,108,8,83,48,136,50,51,107,87,16,55,188,101,58,59,151,61,187,199,64,98,68,41,135,84,155,114,127,73,74,159,21,184,78,79,121,167,26,81,162,30,133,67,88,0,148,91,92,171,116,82,77,97,180,99,122,125,179,168,198,183,34,93,196,189,22,111,112,113,70,115,138,178,57,150,120,80,45,105,191,71,126,72,128,137,130,117,110,197,134,53,13,129,174,1,176,131,31,143,194,145,100,15,173,149,10,56,152,43,193,106,118,157,154,75,160,76,89,9,38,165,40,47,62,102,164,17,172,12,141,20,60,177,28,156,65,170,182,140,96,69,186,7,132,109,190,185,192,139,144,63,46,19,29,195,];False
4469;9153;13622;[146,142,169,3,4,5,6,125,32,161,124,11,104,94,14,49,2,103,147,86,163,175,95,23,24,25,37,27,123,90,85,158,153,93,18,35,36,66,181,39,19,54,42,119,44,108,8,83,48,109,50,51,107,87,16,55,188,101,58,59,151,61,187,199,64,98,68,41,135,84,155,114,127,73,74,159,21,184,78,79,121,167,26,81,162,30,133,67,88,0,148,91,92,40,116,82,77,97,180,99,122,52,179,168,198,183,34,33,196,189,22,111,112,113,70,115,138,178,57,176,120,80,45,105,191,71,126,72,128,137,130,117,110,197,134,53,13,129,174,1,150,131,31,143,194,145,100,15,173,149,10,56,152,43,193,106,118,157,154,75,160,76,89,9,38,165,171,47,62,102,164,17,172,12,141,20,60,177,28,156,65,170,182,140,96,69,186,7,132,136,190,185,192,139,144,63,46,166,29,195,];False
4489;9131;13620;[146,142,169,3,4,5,6,125,32,161,124,11,104,94,14,49,2,103,18,86,163,175,95,23,24,25,37,27,123,90,85,158,153,93,147,35,36,66,181,39,19,54,42,119,44,108,8,83,48,109,50,51,107,87,16,55,188,101,58,59,151,61,187,199,64,98,68,41,135,84,155,114,127,73,74,159,21,184,78,79,121,167,26,81,162,30,88,67,133,0,148,91,92,40,116,82,77,97,180,99,122,52,179,168,198,183,34,33,196,189,22,111,112,113,70,115,138,178,57,176,120,80,45,105,191,71,126,72,128,137,130,117,110,197,134,53,13,129,174,1,150,131,31,143,194,145,100,15,173,149,10,56,152,43,193,106,118,157,154,75,160,76,89,9,38,165,171,47,62,102,164,17,172,12,141,20,60,177,28,156,65,170,182,140,96,69,186,7,132,136,190,185,192,139,144,63,46,166,29,195,];False
4394;9226;13620;[146,142,169,3,4,5,6,52,32,161,124,11,104,94,14,49,2,103,18,86,163,175,95,23,24,25,37,27,123,90,85,158,153,93,147,35,36,66,181,133,19,54,42,119,44,108,8,83,48,109,50,51,107,87,16,55,188,101,58,59,151,61,187,199,64,98,68,41,135,84,155,114,127,73,74,159,21,184,78,79,121,167,26,81,162,30,39,67,88,0,148,91,92,171,116,82,77,97,180,99,122,125,179,168,198,183,34,33,196,189,22,111,112,113,70,115,138,178,57,150,120,80,45,105,191,71,126,72,128,137,130,117,110,197,134,53,13,129,174,1,176,131,31,143,194,145,100,15,173,149,10,56,152,43,193,106,118,157,154,75,160,76,89,9,38,165,40,47,62,102,164,17,172,12,141,20,60,177,28,156,65,170,182,140,96,69,186,7,132,136,190,185,192,139,144,63,46,166,29,195,];False
4420;9199;13619;[146,142,169,3,4,5,6,125,32,161,124,11,104,94,14,49,2,103,18,86,163,175,95,23,24,25,37,27,123,90,85,158,153,93,147,35,36,66,181,39,19,54,42,119,44,108,8,83,48,109,50,51,107,87,16,55,188,101,58,59,151,61,187,199,64,98,68,41,135,84,155,114,127,73,74,159,21,184,78,79,121,167,26,81,162,30,133,67,88,0,148,91,92,171,116,82,77,97,180,99,122,52,179,168,198,183,34,33,196,189,22,111,112,113,70,115,138,178,57,176,120,80,45,105,191,71,126,72,128,137,130,117,110,197,134,53,13,129,192,1,150,131,31,143,194,145,100,15,173,149,10,56,152,43,193,106,118,157,154,75,160,76,89,9,38,165,40,47,62,102,164,17,172,12,141,20,60,177,28,156,65,170,182,140,96,69,186,7,132,136,190,185,174,139,144,63,46,166,29,195,];False
4423;9189;13612;[146,142,169,3,4,5,6,125,32,161,124,11,104,94,14,49,2,78,18,86,163,175,95,23,24,25,37,27,123,90,85,158,153,93,147,35,36,66,181,39,19,54,42,119,44,108,8,83,48,109,50,51,107,87,16,55,188,101,58,59,151,61,187,199,64,98,68,41,135,84,155,114,127,73,74,159,21,184,103,79,121,167,26,81,162,30,133,67,88,0,148,91,92,171,116,82,77,97,180,99,122,52,179,168,198,183,34,33,196,189,22,111,112,113,70,115,138,178,57,150,120,80,45,105,191,71,126,72,128,137,130,117,110,197,134,53,13,129,174,1,176,131,31,143,194,145,100,15,173,149,10,56,152,43,193,106,118,157,154,75,160,76,89,9,38,165,40,47,62,102,164,17,172,12,141,20,60,177,28,156,65,170,182,140,96,69,186,7,132,136,190,185,192,139,144,63,46,166,29,195,];False
4435;9176;13611;[146,142,169,3,4,5,6,125,32,161,124,11,104,94,14,49,2,103,18,86,163,175,95,23,24,25,37,27,123,90,85,158,153,93,147,35,36,66,181,39,19,54,42,119,44,108,8,83,48,109,50,51,107,87,16,55,188,101,58,150,151,61,187,199,64,98,68,41,135,84,155,114,127,73,74,159,21,184,78,79,121,167,26,81,162,30,133,67,88,0,148,91,92,40,116,82,77,97,180,99,122,52,179,168,198,183,34,33,196,189,22,111,112,113,70,115,138,178,57,176,120,80,45,105,191,71,126,72,128,137,130,117,110,197,134,53,13,129,174,1,59,131,31,143,194,145,100,15,173,149,10,56,152,43,193,106,118,157,154,75,160,76,89,9,38,165,171,47,62,102,164,17,172,12,141,20,60,177,28,156,65,170,182,140,96,69,186,7,132,136,190,185,192,139,144,63,46,166,29,195,];False
4415;9195;13610;[146,142,169,3,4,5,6,125,32,161,124,11,104,94,14,49,2,103,18,51,163,175,95,23,24,25,37,27,123,90,85,158,153,93,147,35,36,66,181,39,19,54,42,119,44,108,8,83,48,109,50,86,107,87,16,55,188,101,58,59,151,61,187,199,64,98,68,41,135,84,155,114,127,73,74,159,21,184,78,79,121,167,26,81,162,30,133,67,88,0,148,91,92,40,116,82,77,97,180,99,122,52,179,168,198,183,34,33,196,189,22,111,112,113,70,115,138,178,57,176,120,80,45,105,191,71,126,72,128,137,130,117,110,197,134,53,13,129,174,1,150,131,31,143,194,145,100,15,173,149,10,56,152,43,193,106,118,157,154,75,160,76,89,9,38,165,171,47,62,102,164,17,172,12,141,20,60,177,28,156,65,170,182,140,96,69,186,7,132,136,190,185,192,139,144,63,46,166,29,195,];False
4371;9238;13609;[146,142,169,3,4,5,6,52,32,161,124,11,104,94,14,49,2,103,18,86,163,175,95,23,24,25,37,27,123,90,85,158,153,33,147,35,36,66,181,39,19,54,42,119,44,108,8,83,48,136,50,51,107,87,16,55,188,101,58,59,151,61,187,199,64,98,68,41,135,84,155,114,127,73,74,159,21,184,78,79,121,167,26,81,162,30,133,67,88,0,148,91,92,171,116,82,77,97,180,99,122,125,179,168,198,183,34,93,196,189,22,111,112,113,70,115,138,178,57,150,120,80,45,105,191,71,126,72,128,137,130,117,110,197,134,53,13,129,174,1,176,131,31,143,194,145,100,15,173,149,10,56,152,43,193,106,118,157,154,75,160,76,89,9,38,165,40,47,62,102,164,17,172,12,141,20,60,177,28,156,65,170,182,140,96,69,186,7,132,109,190,185,192,139,144,63,46,166,29,195,];False
4460;9147;13607;[146,142,169,3,4,5,6,125,32,161,124,11,104,94,14,49,2,103,18,86,163,175,95,23,24,25,37,27,123,90,85,158,153,93,147,35,36,66,181,39,61,54,42,119,44,108,8,83,48,109,50,51,107,87,16,55,188,101,58,59,151,19,187,199,64,98,68,41,135,84,155,114,127,73,74,159,21,184,78,79,121,167,26,81,162,30,133,67,88,0,148,91,92,40,116,82,77,97,180,99,122,52,179,168,198,183,34,33,196,189,22,111,112,113,70,115,138,178,57,176,120,80,45,105,191,71,126,72,128,137,130,117,110,197,134,53,13,129,174,1,150,131,31,143,194,145,100,15,173,149,10,56,152,43,193,106,118,157,154,75,160,76,89,9,38,165,171,47,62,102,164,17,172,12,141,20,60,177,28,156,65,170,182,140,96,69,186,7,132,136,190,185,192,139,144,63,46,166,29,195,];False
4457;9149;13606;[146,142,169,3,4,5,6,125,32,161,124,11,104,94,14,130,2,103,18,86,163,175,95,23,24,25,37,27,123,90,85,158,153,93,147,35,36,66,181,39,19,54,42,119,44,108,8,83,48,109,50,51,107,87,16,55,188,101,58,59,151,61,187,199,64,98,68,41,135,84,155,114,127,73,74,159,21,184,78,79,121,167,26,81,162,30,133,67,88,0,148,91,92,40,116,82,77,97,180,99,122,52,179,168,198,183,34,33,196,189,22,111,112,113,70,115,138,178,57,176,120,80,45,105,191,71,126,72,128,137,49,117,110,197,134,53,13,129,174,1,150,131,31,143,194,145,100,15,173,149,10,56,152,43,193,106,118,157,154,75,160,76,89,9,38,165,171,47,62,102,164,17,172,12,141,20,60,177,28,156,65,170,182,140,96,69,186,7,132,136,190,185,192,139,144,63,46,166,29,195,];False
4438;9167;13605;[146,142,169,3,4,5,6,125,32,161,124,11,104,94,14,49,2,103,18,86,163,175,95,23,24,25,37,27,123,90,85,186,153,93,147,35,36,66,181,39,19,54,42,119,44,108,8,83,48,109,50,51,107,87,16,55,188,101,58,59,151,61,187,199,64,98,68,41,135,84,155,114,127,73,74,159,21,184,78,79,121,167,26,81,162,30,133,67,88,0,148,91,92,171,116,82,77,97,180,99,122,52,179,168,198,183,34,33,196,189,22,111,112,113,70,115,138,178,57,176,120,80,45,105,191,71,126,72,128,137,130,117,110,197,134,53,13,129,174,1,150,131,31,143,194,145,100,15,173,149,10,56,152,43,193,106,118,157,154,75,160,76,89,9,38,165,40,47,62,102,164,17,172,12,141,20,60,177,28,156,65,170,182,140,96,69,158,7,132,136,190,185,192,139,144,63,46,166,29,195,];False
4452;9152;13604;[146,142,169,3,4,5,6,125,32,161,124,11,104,94,14,49,2,103,18,86,163,175,95,23,24,25,37,27,123,90,85,158,153,93,147,35,36,66,181,39,19,54,42,119,44,108,8,83,48,109,50,51,107,87,16,55,188,101,58,59,151,61,187,199,64,98,68,41,135,84,155,114,127,73,74,159,21,184,78,79,121,167,26,81,162,30,133,67,88,0,148,91,92,40,116,82,77,97,180,99,122,52,179,168,198,183,34,33,196,189,22,111,112,113,70,115,138,178,57,176,120,80,45,105,191,71,126,72,128,137,130,117,110,197,134,62,13,129,174,1,150,131,31,143,194,145,100,15,173,149,10,56,152,43,193,106,118,157,154,75,160,76,89,9,38,165,171,47,53,102,164,17,172,12,141,20,60,177,28,156,65,170,182,140,96,69,186,7,132,136,190,185,192,139,144,63,46,166,29,195,];False
4407;9194;13601;[146,142,169,3,4,5,6,125,32,161,124,11,104,94,14,49,2,103,18,86,163,175,95,23,24,25,37,27,123,90,85,158,153,93,147,35,36,66,181,39,19,54,42,119,44,108,8,83,48,109,50,51,107,87,16,55,188,101,58,59,151,61,187,199,64,98,68,41,135,84,155,114,127,73,74,159,21,184,78,79,121,167,26,81,162,30,133,67,88,0,148,91,92,171,116,82,77,97,180,99,122,52,179,168,198,183,34,33,196,189,22,111,112,113,70,115,138,178,57,176,120,80,45,105,191,71,126,72,128,137,130,117,110,197,134,53,13,129,174,1,62,131,31,143,194,145,100,15,173,149,10,56,152,43,193,106,118,157,154,75,160,76,89,9,38,165,40,47,150,102,164,17,172,12,141,20,60,177,28,156,65,170,182,140,96,69,186,7,132,136,190,185,192,139,144,63,46,166,29,195,];False
4448;9151;13599;[146,142,169,3,4,5,6,125,32,161,124,11,104,94,14,49,2,103,18,86,163,175,95,23,24,25,37,27,123,90,85,158,153,93,147,35,36,66,181,39,19,54,42,119,101,108,8,83,48,109,50,51,107,87,16,55,188,44,58,59,151,61,187,199,64,98,68,41,135,84,155,114,127,73,74,159,21,184,78,79,121,167,26,81,162,30,133,67,88,0,148,91,92,40,116,82,77,97,180,99,122,52,179,168,198,183,34,33,196,189,22,111,112,113,70,115,138,178,57,176,120,80,45,105,191,71,126,72,128,137,130,117,110,197,134,53,13,129,174,1,150,131,31,143,194,145,100,15,173,149,10,56,152,43,193,106,118,157,154,75,160,76,89,9,38,165,171,47,62,102,164,17,172,12,141,20,60,177,28,156,65,170,182,140,96,69,186,7,132,136,190,185,192,139,144,63,46,166,29,195,];False
4372;9222;13594;[146,142,169,3,4,5,6,125,32,161,124,11,104,94,14,49,2,103,18,86,163,175,95,23,24,25,37,27,123,90,85,158,153,93,147,35,36,66,181,39,19,54,42,119,44,108,8,83,48,109,78,51,107,87,16,55,188,101,58,59,151,61,187,199,64,98,68,41,135,84,155,114,127,73,74,159,21,184,50,79,121,167,26,81,162,30,133,67,88,0,148,91,92,40,116,82,77,97,180,99,122,52,179,168,198,183,34,33,196,189,22,111,112,113,70,115,138,178,57,176,120,80,45,105,191,71,126,72,128,137,130,117,110,197,134,53,13,129,174,1,150,131,31,143,194,145,100,15,173,149,10,56,152,43,193,106,118,157,154,75,160,76,89,9,38,165,171,47,62,102,164,17,172,12,141,20,60,177,28,156,65,170,182,140,96,69,186,7,132,136,190,185,192,139,144,63,46,166,29,195,];False
4409;9185;13594;[146,142,169,3,4,5,6,125,32,161,124,11,117,94,14,49,2,103,18,86,163,175,95,23,24,25,37,27,123,90,85,158,153,93,147,35,36,66,181,39,19,54,42,119,44,108,8,83,48,109,50,51,107,87,16,55,188,101,58,59,151,61,187,199,64,98,68,41,135,84,155,114,127,73,74,159,21,184,78,79,121,167,26,81,162,30,133,67,88,0,148,91,92,40,116,82,77,97,180,99,122,52,179,168,198,183,34,33,196,189,22,111,112,113,70,115,138,178,57,176,120,80,45,105,191,71,126,72,128,137,130,104,110,197,134,53,13,129,174,1,150,131,31,143,194,145,100,15,173,149,10,56,152,43,193,106,118,157,154,75,160,76,89,9,38,165,171,47,62,102,164,17,172,12,141,20,60,177,28,156,65,170,182,140,96,69,186,7,132,136,190,185,192,139,144,63,46,166,29,195,];False
4448;9145;13593;[146,142,169,3,4,5,6,125,32,161,124,11,104,94,14,49,2,103,18,86,163,175,95,23,24,25,37,27,123,90,85,158,153,93,147,35,36,66,181,39,19,54,42,119,44,108,8,83,48,109,50,51,107,87,16,55,188,101,58,59,151,61,187,199,64,98,68,41,135,84,155,114,127,73,74,159,21,184,78,79,121,167,26,81,162,30,133,67,88,0,148,91,92,40,116,82,77,97,180,99,122,52,179,168,198,183,34,33,196,189,22,111,112,113,70,115,138,178,57,176,120,80,45,105,191,71,126,72,128,137,130,117,110,197,134,53,13,129,174,1,150,131,31,143,194,145,100,15,173,149,10,56,152,43,193,106,118,157,154,75,160,76,89,9,38,165,171,47,141,102,164,17,172,12,62,20,60,177,28,156,65,170,182,140,96,69,186,7,132,136,190,185,192,139,144,63,46,166,29,195,];False
4398;9191;13589;[146,142,169,3,4,5,6,125,32,161,124,11,104,94,14,49,2,103,18,86,163,175,95,23,24,25,37,27,123,90,85,158,153,93,147,35,36,66,181,39,19,54,42,119,44,108,8,83,48,109,50,51,107,87,16,55,188,101,58,59,151,61,187,199,64,98,68,41,135,84,155,114,127,73,74,159,21,184,78,79,121,167,9,81,162,30,133,67,88,0,148,91,92,171,116,82,77,97,180,99,122,52,179,168,198,183,34,33,196,189,22,111,112,113,70,115,138,178,57,176,120,80,45,105,191,71,126,72,128,137,130,117,110,197,134,53,13,129,174,1,150,131,31,143,194,145,100,15,173,149,10,56,152,43,193,106,118,157,154,75,160,76,89,26,38,165,40,47,62,102,164,17,172,12,141,20,60,177,28,156,65,170,182,140,96,69,186,7,132,136,190,185,192,139,144,63,46,166,29,195,];False
4390;9196;13586;[146,142,169,3,4,5,6,125,32,161,124,11,104,94,14,49,2,103,18,86,163,175,95,23,24,25,37,27,123,90,85,158,153,93,147,35,36,66,181,39,19,172,42,119,44,108,8,83,48,109,50,51,107,87,16,55,188,101,58,59,151,61,187,199,64,98,68,41,135,84,155,114,127,73,74,159,21,184,78,79,121,167,26,81,162,30,133,67,88,0,148,91,92,171,116,82,77,97,180,99,122,52,179,168,198,183,34,33,196,189,22,111,112,113,70,115,138,178,57,176,120,80,45,105,191,71,126,72,128,137,130,117,110,197,134,53,13,129,174,1,150,131,31,143,194,145,100,15,173,149,10,56,152,43,193,106,118,157,154,75,160,76,89,9,38,165,40,47,62,102,164,17,54,12,141,20,60,177,28,156,65,170,182,140,96,69,186,7,132,136,190,185,192,139,144,63,46,166,29,195,];False
4420;9165;13585;[146,142,169,3,4,5,6,125,32,161,124,11,104,94,14,49,2,103,18,86,163,175,95,168,24,25,37,27,123,90,85,158,153,93,147,35,36,66,181,39,19,54,42,119,44,108,8,83,48,109,50,51,107,87,16,55,188,101,58,59,151,61,187,199,64,98,68,41,135,84,155,114,127,73,74,159,21,184,78,79,121,167,26,81,162,30,133,67,88,0,148,91,92,40,116,82,77,97,180,99,122,52,179,23,198,183,34,33,196,189,22,111,112,113,70,115,138,178,57,176,120,80,45,105,191,71,126,72,128,137,130,117,110,197,134,53,13,129,174,1,150,131,31,143,194,145,100,15,173,149,10,56,152,43,193,106,118,157,154,75,160,76,89,9,38,165,171,47,62,102,164,17,172,12,141,20,60,177,28,156,65,170,182,140,96,69,186,7,132,136,190,185,192,139,144,63,46,166,29,195,];False
4403;9180;13583;[146,142,169,3,4,5,6,125,32,161,124,11,104,94,14,49,2,103,18,86,163,175,95,41,24,25,37,27,123,90,85,158,153,93,147,35,36,66,181,39,19,54,42,119,44,108,8,83,48,109,50,51,107,87,16,55,188,101,58,59,151,61,187,199,64,98,68,23,135,84,155,114,127,73,74,159,21,184,78,79,121,167,26,81,162,30,133,67,88,0,148,91,92,171,116,82,77,97,180,99,122,52,179,168,198,183,34,33,196,189,22,111,112,113,70,115,138,178,57,176,120,80,45,105,191,71,126,72,128,137,130,117,110,197,134,53,13,129,174,1,150,131,31,143,194,145,100,15,173,149,10,56,152,43,193,106,118,157,154,75,160,76,89,9,38,165,40,47,62,102,164,17,172,12,141,20,60,177,28,156,65,170,182,140,96,69,186,7,132,136,190,185,192,139,144,63,46,166,29,195,];False
4449;9133;13582;[146,142,169,3,4,5,6,125,32,161,124,11,104,94,14,49,2,103,18,86,163,175,95,23,24,25,37,27,123,90,85,158,153,93,147,35,36,66,181,39,19,54,42,119,44,108,8,83,48,109,50,51,107,87,16,55,188,101,58,170,151,61,187,199,64,98,68,41,135,84,155,114,127,73,74,159,21,184,78,79,121,167,26,81,162,30,133,67,88,0,148,91,92,40,116,82,77,97,180,99,122,52,179,168,198,183,34,33,196,189,22,111,112,113,70,115,138,178,57,176,120,80,45,105,191,71,126,72,128,137,130,117,110,197,134,53,13,129,174,1,150,131,31,143,194,145,100,15,173,149,10,56,152,43,193,106,118,157,154,75,160,76,89,9,38,165,171,47,62,102,164,17,172,12,141,20,60,177,28,156,65,59,182,140,96,69,186,7,132,136,190,185,192,139,144,63,46,166,29,195,];False
4392;9188;13580;[146,142,169,3,4,5,6,125,32,161,124,11,104,94,14,49,2,103,18,86,163,175,95,23,24,25,37,27,123,90,85,158,153,93,147,35,36,66,181,39,19,54,42,119,44,108,8,83,48,109,50,51,107,87,16,55,188,101,58,59,151,61,187,199,64,98,68,41,135,84,155,114,127,73,74,159,21,184,78,79,121,167,26,81,162,30,133,67,88,0,148,91,92,40,116,82,77,97,180,99,122,52,179,168,198,183,34,33,196,189,22,111,112,113,70,115,138,178,57,176,120,80,45,105,12,71,126,72,128,137,130,117,110,197,134,53,13,129,174,1,150,131,31,143,194,145,100,15,173,149,10,56,152,43,193,106,118,157,154,75,160,76,89,9,38,165,171,47,62,102,164,17,172,191,141,20,60,177,28,156,65,170,182,140,96,69,186,7,132,136,190,185,192,139,144,63,46,166,29,195,];False
4363;9217;13580;[146,196,169,3,4,5,6,52,32,161,124,11,104,94,14,49,2,103,18,86,163,175,95,23,24,25,37,27,123,90,85,158,153,93,147,35,36,66,181,39,19,54,42,119,44,108,8,83,48,136,50,51,107,87,16,55,188,101,58,59,151,61,187,199,64,98,68,41,135,84,155,114,127,73,74,159,21,184,78,79,121,167,26,81,162,30,133,67,88,0,148,91,92,171,116,82,77,97,180,99,122,125,179,168,198,183,34,33,142,189,22,111,112,113,70,115,138,178,57,150,120,80,45,105,191,71,126,72,128,137,130,117,110,197,134,53,13,129,174,1,176,131,31,143,194,145,100,15,173,149,10,56,152,43,193,106,118,157,154,75,160,76,89,9,38,165,40,47,62,102,164,17,172,12,141,20,60,177,28,156,65,170,182,140,96,69,186,7,132,109,190,185,192,139,144,63,46,166,29,195,];False
4427;9153;13580;[146,142,169,3,4,5,6,125,32,161,124,11,104,94,14,49,2,103,18,86,163,175,95,23,24,25,37,27,123,90,85,158,153,93,147,35,36,66,181,39,19,54,42,119,44,108,8,83,48,109,50,51,107,87,16,55,188,101,58,59,151,61,187,199,64,98,68,41,135,84,155,114,127,73,74,159,21,184,78,79,121,167,26,81,162,30,133,67,88,0,148,91,92,40,116,82,77,97,180,99,122,52,179,168,198,183,34,33,196,189,22,111,112,113,70,115,138,178,57,105,120,80,45,176,191,71,126,72,128,137,130,117,110,197,134,53,13,129,174,1,150,131,31,143,194,145,100,15,173,149,10,56,152,43,193,106,118,157,154,75,160,76,89,9,38,165,171,47,62,102,164,17,172,12,141,20,60,177,28,156,65,170,182,140,96,69,186,7,132,136,190,185,192,139,144,63,46,166,29,195,];False
4454;9125;13579;[146,142,169,3,4,5,6,125,32,161,124,11,104,94,14,49,2,103,18,86,163,175,95,23,24,25,37,27,123,90,85,158,153,93,147,35,36,66,181,39,19,54,42,119,44,108,8,83,48,109,50,51,107,87,16,55,188,101,58,59,151,61,187,199,64,98,68,41,135,84,155,114,127,73,74,168,21,184,78,79,121,167,26,81,162,30,133,67,88,0,148,91,92,40,116,82,77,97,180,99,122,52,179,159,198,183,34,33,196,189,22,111,112,113,70,115,138,178,57,176,120,80,45,105,191,71,126,72,128,137,130,117,110,197,134,53,13,129,174,1,150,131,31,143,194,145,100,15,173,149,10,56,152,43,193,106,118,157,154,75,160,76,89,9,38,165,171,47,62,102,164,17,172,12,141,20,60,177,28,156,65,170,182,140,96,69,186,7,132,136,190,185,192,139,144,63,46,166,29,195,];False
4420;9159;13579;[146,142,169,3,4,5,6,125,32,161,124,11,104,94,14,49,2,103,18,86,163,175,95,23,24,25,37,27,123,90,85,158,153,93,147,35,36,66,181,39,19,54,42,119,44,108,8,83,48,170,50,51,107,87,16,55,188,101,58,59,151,61,187,199,64,98,68,41,135,84,155,114,127,73,74,159,21,184,78,79,121,167,26,81,162,30,133,67,88,0,148,91,92,40,116,82,77,97,180,99,122,52,179,168,198,183,34,33,196,189,22,111,112,113,70,115,138,178,57,176,120,80,45,105,191,71,126,72,128,137,130,117,110,197,134,53,13,129,174,1,150,131,31,143,194,145,100,15,173,149,10,56,152,43,193,106,118,157,154,75,160,76,89,9,38,165,171,47,62,102,164,17,172,12,141,20,60,177,28,156,65,109,182,140,96,69,186,7,132,136,190,185,192,139,144,63,46,166,29,195,];False
4377;9201;13578;[146,142,169,3,4,5,6,125,32,161,124,11,104,94,14,49,2,103,18,86,163,175,95,23,24,25,37,27,123,90,85,158,153,93,147,35,36,66,181,39,19,54,42,119,44,108,8,83,48,109,50,51,107,87,16,55,188,101,58,59,151,61,187,199,64,98,68,41,135,84,155,114,127,73,74,159,21,184,78,79,121,167,26,81,162,30,133,67,88,0,148,91,92,171,116,82,77,97,180,99,122,52,179,168,198,183,34,33,196,189,22,111,112,113,70,115,138,178,57,140,120,80,45,105,191,71,126,72,128,137,130,117,110,197,134,53,13,129,174,1,176,131,31,143,194,145,100,15,173,149,10,56,152,43,193,106,118,157,154,75,160,76,89,9,38,165,40,47,62,102,164,17,172,12,141,20,60,177,28,156,65,170,182,150,96,69,186,7,132,136,190,185,192,139,144,63,46,166,29,195,];False
4370;9206;13576;[146,142,169,3,4,5,6,52,32,161,124,11,104,94,14,49,2,103,18,86,163,175,95,23,24,25,37,27,123,90,85,158,153,93,147,35,36,66,181,39,19,54,42,119,44,108,8,83,48,136,50,51,107,87,16,55,188,101,58,59,151,61,187,199,64,98,68,41,135,84,155,114,127,73,74,159,21,184,78,79,121,167,26,81,162,30,133,67,88,0,148,91,92,171,116,82,77,97,180,99,122,125,179,168,198,183,34,33,196,189,22,111,112,113,70,115,138,178,57,150,120,80,45,105,191,71,126,72,128,137,130,117,110,197,134,53,13,129,174,1,176,131,31,143,194,145,100,15,173,160,10,56,152,43,193,106,118,157,154,75,149,76,89,9,38,165,40,47,62,102,164,17,172,12,141,20,60,177,28,156,65,170,182,140,96,69,186,7,132,109,190,185,192,139,144,63,46,166,29,195,];False
4410;9166;13576;[146,142,169,3,4,5,6,125,32,161,124,11,104,94,14,49,2,103,18,86,163,175,70,23,24,25,37,27,123,90,85,158,153,93,147,35,36,66,181,39,19,54,42,119,44,108,8,83,48,109,50,51,107,87,16,55,188,101,58,59,151,61,187,199,64,98,68,41,135,84,155,114,127,73,74,159,21,184,78,79,121,167,26,81,162,30,133,67,88,0,148,91,92,40,116,82,77,97,180,99,122,52,179,168,198,183,34,33,196,189,22,111,112,113,95,115,138,178,57,176,120,80,45,105,191,71,126,72,128,137,130,117,110,197,134,53,13,129,174,1,150,131,31,143,194,145,100,15,173,149,10,56,152,43,193,106,118,157,154,75,160,76,89,9,38,165,171,47,62,102,164,17,172,12,141,20,60,177,28,156,65,170,182,140,96,69,186,7,132,136,190,185,192,139,144,63,46,166,29,195,];False
4447;9129;13576;[146,142,169,3,4,5,6,125,32,161,124,11,104,94,14,49,2,103,18,86,163,175,95,23,24,25,37,27,123,90,85,158,153,93,147,35,36,66,181,39,19,54,42,119,44,108,8,83,48,109,50,51,107,87,16,55,67,101,58,59,151,61,187,199,64,98,68,41,135,84,155,114,127,73,74,159,21,184,78,79,121,167,26,81,162,30,133,188,88,0,148,91,92,40,116,82,77,97,180,99,122,52,179,168,198,183,34,33,196,189,22,111,112,113,70,115,138,178,57,176,120,80,45,105,191,71,126,72,128,137,130,117,110,197,134,53,13,129,174,1,150,131,31,143,194,145,100,15,173,149,10,56,152,43,193,106,118,157,154,75,160,76,89,9,38,165,171,47,62,102,164,17,172,12,141,20,60,177,28,156,65,170,182,140,96,69,186,7,132,136,190,185,192,139,144,63,46,166,29,195,];False
4355;9221;13576;[146,142,169,3,4,5,6,125,32,161,124,11,104,94,14,49,2,103,18,86,163,175,95,23,24,25,37,27,123,90,85,158,153,93,147,35,36,66,181,39,19,54,42,119,44,108,8,83,48,109,50,51,107,87,16,55,188,101,58,59,151,61,187,199,64,98,68,41,135,84,155,114,127,73,74,159,21,184,78,79,121,167,26,81,162,30,133,67,88,0,148,91,92,171,116,82,77,97,180,99,122,52,179,168,198,183,34,33,196,189,22,111,112,113,70,115,138,178,57,176,120,80,45,105,191,71,126,72,128,137,130,154,110,197,134,53,13,129,174,1,150,131,31,143,194,145,100,15,173,149,10,56,152,43,193,106,118,157,117,75,160,76,89,9,38,165,40,47,62,102,164,17,172,12,141,20,60,177,28,156,65,170,182,140,96,69,186,7,132,136,190,185,192,139,144,63,46,166,29,195,];False
4412;9163;13575;[146,142,169,3,4,5,6,125,32,161,124,11,104,94,14,49,2,103,18,86,163,175,95,23,24,25,37,27,123,90,85,158,46,93,147,35,36,66,181,39,19,54,42,119,44,108,8,83,48,109,50,51,107,87,16,55,188,101,58,59,151,61,187,199,64,98,68,41,135,84,155,114,127,73,74,159,21,184,78,79,121,167,26,81,162,30,133,67,88,0,148,91,92,171,116,82,77,97,180,99,122,52,179,168,198,183,34,33,196,189,22,111,112,113,70,115,138,178,57,176,120,80,45,105,191,71,126,72,128,137,130,117,110,197,134,53,13,129,174,1,150,131,31,143,194,145,100,15,173,149,10,56,152,43,193,106,118,157,154,75,160,76,89,9,38,165,40,47,62,102,164,17,172,12,141,20,60,177,28,156,65,170,182,140,96,69,186,7,132,136,190,185,192,139,144,63,153,166,29,195,];False
4350;9225;13575;[146,142,169,3,4,5,6,52,32,161,124,11,104,94,14,49,2,103,18,86,163,175,95,23,24,25,37,27,123,90,85,158,153,93,147,35,36,66,181,39,19,54,42,119,44,108,8,83,48,136,50,51,107,87,16,55,188,101,58,59,151,61,187,199,64,98,68,41,135,84,155,114,127,73,74,159,21,184,78,79,121,167,26,81,162,30,133,67,88,0,148,91,92,171,116,82,77,97,180,99,122,125,179,168,198,183,34,33,196,189,22,111,112,113,70,115,138,178,57,150,120,80,45,105,191,71,126,72,128,137,130,117,110,197,134,53,13,129,174,1,176,131,31,143,194,145,100,15,173,149,10,56,152,43,193,106,118,157,154,75,160,76,89,9,38,165,40,47,62,102,164,17,172,12,141,20,60,177,28,156,65,170,182,140,96,69,186,7,132,109,190,185,192,139,144,63,46,166,29,195,];False
4388;9187;13575;[146,142,169,3,4,5,6,125,32,161,124,11,104,94,14,49,2,103,18,86,163,175,95,23,24,25,37,27,123,90,85,158,153,93,147,35,36,66,181,39,19,54,42,119,44,108,8,83,48,109,50,51,107,87,16,55,188,101,58,105,151,61,187,199,64,98,68,41,135,84,155,114,127,73,74,159,21,184,78,79,121,167,26,81,162,30,133,67,88,0,148,91,92,40,116,82,77,97,180,99,122,52,179,168,198,183,34,33,196,189,22,111,112,113,70,115,138,178,57,176,120,80,45,59,191,71,126,72,128,137,130,117,110,197,134,53,13,129,174,1,150,131,31,143,194,145,100,15,173,149,10,56,152,43,193,106,118,157,154,75,160,76,89,9,38,165,171,47,62,102,164,17,172,12,141,20,60,177,28,156,65,170,182,140,96,69,186,7,132,136,190,185,192,139,144,63,46,166,29,195,];False
4431;9144;13575;[146,142,169,3,4,5,6,125,32,161,124,11,104,94,14,49,2,103,18,86,163,175,95,23,24,25,37,27,123,90,85,158,153,93,147,35,36,66,181,39,19,54,42,119,44,121,8,83,48,109,50,51,107,87,16,55,188,101,58,59,151,61,187,199,64,98,68,41,135,84,155,114,127,73,74,159,21,184,78,79,108,167,26,81,162,30,133,67,88,0,148,91,92,40,116,82,77,97,180,99,122,52,179,168,198,183,34,33,196,189,22,111,112,113,70,115,138,178,57,176,120,80,45,105,191,71,126,72,128,137,130,117,110,197,134,53,13,129,174,1,150,131,31,143,194,145,100,15,173,149,10,56,152,43,193,106,118,157,154,75,160,76,89,9,38,165,171,47,62,102,164,17,172,12,141,20,60,177,28,156,65,170,182,140,96,69,186,7,132,136,190,185,192,139,144,63,46,166,29,195,];False
4386;9185;13571;[146,142,169,3,4,5,6,125,32,161,124,11,104,94,14,49,2,103,18,86,163,175,95,23,24,25,37,27,123,90,85,158,153,93,147,35,36,66,181,39,19,54,42,119,44,108,8,83,48,109,50,51,107,87,16,55,188,101,58,59,151,61,187,199,64,98,68,41,135,84,155,114,127,73,74,159,21,184,78,79,121,167,26,81,162,30,133,67,88,0,148,91,92,171,17,82,77,97,180,99,122,52,179,168,198,183,34,33,196,189,22,111,112,113,70,115,138,178,57,176,120,80,45,105,191,71,126,72,128,137,130,117,110,197,134,53,13,129,174,1,150,131,31,143,194,145,100,15,173,149,10,56,152,43,193,106,118,157,154,75,160,76,89,9,38,165,40,47,62,102,164,116,172,12,141,20,60,177,28,156,65,170,182,140,96,69,186,7,132,136,190,185,192,139,144,63,46,166,29,195,];False
4395;9173;13568;[146,142,169,3,4,5,6,125,32,161,124,11,104,94,14,49,2,103,18,86,163,175,95,23,24,25,37,27,123,90,85,158,153,93,147,35,36,66,181,39,19,54,42,119,44,108,8,83,48,109,50,51,107,87,16,55,188,101,58,59,151,61,187,199,64,98,68,41,135,84,155,114,127,73,74,159,21,184,78,79,121,167,26,81,162,30,133,67,88,0,148,91,92,40,116,82,77,97,180,99,122,52,179,168,198,183,34,33,196,189,22,111,112,113,70,115,138,178,57,176,120,80,45,105,191,71,126,72,128,137,117,130,110,197,134,53,13,129,174,1,150,131,31,143,194,145,100,15,173,149,10,56,152,43,193,106,118,157,154,75,160,76,89,9,38,165,171,47,62,102,164,17,172,12,141,20,60,177,28,156,65,170,182,140,96,69,186,7,132,136,190,185,192,139,144,63,46,166,29,195,];False
4395;9172;13567;[146,142,169,3,4,5,6,125,32,161,124,11,104,94,14,49,2,103,18,86,163,175,95,23,24,25,37,27,123,90,85,158,153,93,147,35,36,66,181,39,19,54,42,119,44,108,8,83,151,109,50,51,107,87,16,55,188,101,58,59,48,61,187,199,64,98,68,41,135,84,155,114,127,73,74,159,21,184,78,79,121,167,26,81,162,30,133,67,88,0,148,91,92,171,116,82,77,97,180,99,122,52,179,168,198,183,34,33,196,189,22,111,112,113,70,115,138,178,57,150,120,80,45,105,191,71,126,72,128,137,130,117,110,197,134,53,13,129,174,1,176,131,31,143,194,145,100,15,173,149,10,56,152,43,193,106,118,157,154,75,160,76,89,9,38,165,40,47,62,102,164,17,172,12,141,20,60,177,28,156,65,170,182,140,96,69,186,7,132,136,190,185,192,139,144,63,46,166,29,195,];False
4355;9210;13565;[146,142,169,3,4,5,6,52,32,161,124,11,104,94,14,49,2,103,18,86,163,175,95,23,24,25,37,27,123,90,85,158,153,93,147,35,36,66,181,39,19,54,42,119,44,108,8,83,48,109,50,51,107,87,16,55,188,101,58,59,151,61,187,199,64,98,68,41,135,84,155,114,127,73,74,159,21,184,78,79,121,167,26,81,162,30,133,67,88,0,148,91,92,171,116,82,77,97,180,99,122,125,179,168,198,183,34,33,196,189,22,111,112,113,70,115,138,178,57,150,120,80,45,105,191,71,126,72,128,137,130,117,110,197,134,53,13,129,174,1,176,131,31,143,194,145,100,15,173,149,10,56,152,43,193,106,118,157,154,75,160,76,89,9,38,165,40,47,62,102,164,17,172,12,141,20,60,177,28,156,65,170,182,140,96,69,186,7,132,136,190,185,192,139,144,63,46,166,29,195,];False
4427;9137;13564;[146,142,169,3,4,5,6,125,32,161,124,11,104,94,14,49,2,103,18,86,163,175,95,23,24,25,37,27,123,90,85,158,153,93,147,35,36,66,181,39,19,54,42,119,44,108,8,83,48,109,50,51,107,87,56,55,188,101,58,59,151,61,187,199,64,98,68,41,135,84,155,114,127,73,74,159,21,184,78,79,121,167,26,81,162,30,133,67,88,0,148,91,92,40,116,82,77,97,180,99,122,52,179,168,198,183,34,33,196,189,22,111,112,113,70,115,138,178,57,176,120,80,45,105,191,71,126,72,128,137,130,117,110,197,134,53,13,129,174,1,150,131,31,143,194,145,100,15,173,149,10,16,152,43,193,106,118,157,154,75,160,76,89,9,38,165,171,47,62,102,164,17,172,12,141,20,60,177,28,156,65,170,182,140,96,69,186,7,132,136,190,185,192,139,144,63,46,166,29,195,];False
4330;9234;13564;[146,142,169,3,4,5,6,125,32,161,124,11,104,94,14,49,2,103,18,86,163,175,95,23,24,25,37,27,123,90,85,158,153,93,147,35,36,66,181,39,19,54,42,119,44,108,8,83,48,109,50,51,107,87,16,55,188,101,58,59,151,61,187,199,64,98,68,41,135,60,155,114,127,73,74,159,21,184,78,79,121,167,26,81,162,30,133,67,88,0,148,91,92,171,116,82,77,97,180,99,122,52,179,168,198,183,34,33,196,189,22,111,112,113,70,115,138,178,57,176,120,80,45,105,191,71,126,72,128,137,130,117,110,197,134,53,13,129,174,1,150,131,31,143,194,145,100,15,173,149,10,56,152,43,193,106,118,157,154,75,160,76,89,9,38,165,40,47,62,102,164,17,172,12,141,20,84,177,28,156,65,170,182,140,96,69,186,7,132,136,190,185,192,139,144,63,46,166,29,195,];False
4436;9126;13562;[146,142,169,3,4,5,6,125,32,161,124,11,104,94,14,49,2,103,18,86,163,175,95,23,24,25,37,27,123,90,85,158,153,93,147,35,36,66,181,39,19,54,42,119,44,108,8,83,48,109,50,51,107,87,16,55,188,101,58,59,151,61,187,199,64,98,68,41,135,84,155,114,127,73,74,159,21,184,78,79,121,167,26,81,162,30,133,67,88,0,148,113,92,40,116,82,77,97,180,99,122,52,179,168,198,183,34,33,196,189,22,111,112,91,70,115,138,178,57,176,120,80,45,105,191,71,126,72,128,137,130,117,110,197,134,53,13,129,174,1,150,131,31,143,194,145,100,15,173,149,10,56,152,43,193,106,118,157,154,75,160,76,89,9,38,165,171,47,62,102,164,17,172,12,141,20,60,177,28,156,65,170,182,140,96,69,186,7,132,136,190,185,192,139,144,63,46,166,29,195,];False
4404;9157;13561;[146,142,169,3,4,5,6,125,32,161,124,11,104,94,14,49,2,103,18,86,163,175,95,23,24,25,37,27,123,90,85,158,153,93,147,35,36,66,181,39,19,54,42,119,44,108,8,83,48,109,50,51,107,87,16,55,188,101,58,59,151,61,187,199,64,98,68,41,135,84,155,114,127,73,74,159,21,184,78,79,121,167,26,81,162,30,133,67,88,0,148,91,92,171,116,195,77,97,180,99,122,52,179,168,198,183,34,33,196,189,22,111,112,113,70,115,138,178,57,176,120,80,45,105,191,71,126,72,128,137,130,117,110,197,134,53,13,129,174,1,150,131,31,143,194,145,100,15,173,149,10,56,152,43,193,106,118,157,154,75,160,76,89,9,38,165,40,47,62,102,164,17,172,12,141,20,60,177,28,156,65,170,182,140,96,69,186,7,132,136,190,185,192,139,144,63,46,166,29,82,];False
4391;9170;13561;[146,142,169,3,4,5,6,125,32,161,124,11,104,94,14,49,2,103,18,86,163,175,95,23,24,25,37,27,123,90,85,158,153,93,147,35,36,66,181,39,19,54,42,119,44,108,8,83,48,109,50,51,107,87,16,55,188,101,58,59,151,61,187,199,64,98,68,41,135,84,155,114,127,111,74,159,21,184,78,79,121,167,26,81,162,30,133,67,88,0,148,91,92,40,116,82,77,97,180,99,122,52,179,168,198,183,34,33,196,189,22,73,112,113,70,115,138,178,57,176,120,80,45,105,191,71,126,72,128,137,130,117,110,197,134,53,13,129,174,1,150,131,31,143,194,145,100,15,173,149,10,56,152,43,193,106,118,157,154,75,160,76,89,9,38,165,171,47,62,102,164,17,172,12,141,20,60,177,28,156,65,170,182,140,96,69,186,7,132,136,190,185,192,139,144,63,46,166,29,195,];False
4401;9155;13556;[146,142,169,3,4,5,6,125,32,161,124,11,26,94,14,49,2,103,18,86,163,175,95,23,24,25,37,27,123,90,85,158,153,93,147,35,36,66,181,39,19,54,42,119,44,108,8,83,48,109,50,51,107,87,16,55,188,101,58,59,151,61,187,199,64,98,68,41,135,84,155,114,127,73,74,159,21,184,78,79,121,167,104,81,162,30,133,67,88,0,148,91,92,40,116,82,77,97,180,99,122,52,179,168,198,183,34,33,196,189,22,111,112,113,70,115,138,178,57,176,120,80,45,105,191,71,126,72,128,137,130,117,110,197,134,53,13,129,174,1,150,131,31,143,194,145,100,15,173,149,10,56,152,43,193,106,118,157,154,75,160,76,89,9,38,165,171,47,62,102,164,17,172,12,141,20,60,177,28,156,65,170,182,140,96,69,186,7,132,136,190,185,192,139,144,63,46,166,29,195,];False
4389;9167;13556;[146,142,169,3,4,5,6,125,32,161,124,11,104,94,14,49,2,103,18,86,163,175,95,23,24,25,37,27,123,90,85,158,153,93,147,35,36,66,181,39,19,54,42,119,44,108,8,83,174,109,50,51,107,87,16,55,188,101,58,59,151,61,187,199,64,98,68,41,135,84,155,114,127,73,74,159,21,184,78,79,121,167,26,81,162,30,133,67,88,0,148,91,92,171,116,82,77,97,180,99,122,52,179,168,198,183,34,33,196,189,22,111,112,113,70,115,138,178,57,176,120,80,45,105,191,71,126,72,128,137,130,117,110,197,134,53,13,129,48,1,150,131,31,143,194,145,100,15,173,149,10,56,152,43,193,106,118,157,154,75,160,76,89,9,38,165,40,47,62,102,164,17,172,12,141,20,60,177,28,156,65,170,182,140,96,69,186,7,132,136,190,185,192,139,144,63,46,166,29,195,];False
4321;9234;13555;[146,142,169,3,4,5,6,125,32,161,124,11,104,94,14,49,2,103,18,86,163,175,95,23,24,25,37,27,123,90,85,158,153,93,147,35,36,66,181,39,19,54,42,119,44,108,8,83,48,109,50,51,107,87,16,55,188,101,58,59,151,61,187,199,64,98,68,41,135,84,155,114,127,73,74,159,21,184,78,79,121,167,26,81,162,30,133,67,88,0,148,91,92,171,116,82,77,97,180,99,122,52,179,168,198,183,34,33,196,189,22,111,112,113,70,115,138,178,57,176,120,80,45,105,191,110,126,72,128,137,130,117,71,197,134,53,13,129,174,1,150,131,31,143,194,145,100,15,173,149,10,56,152,43,193,106,118,157,154,75,160,76,89,9,38,165,40,47,62,102,164,17,172,12,141,20,60,177,28,156,65,170,182,140,96,69,186,7,132,136,190,185,192,139,144,63,46,166,29,195,];False
4430;9119;13549;[146,142,169,3,4,5,6,125,32,161,124,11,104,94,14,49,2,115,18,86,163,175,95,23,24,25,37,27,123,90,85,158,153,93,147,35,36,66,181,39,19,54,42,119,44,108,8,83,48,109,50,51,107,87,16,55,188,101,58,59,151,61,187,199,64,98,68,41,135,84,155,114,127,73,74,159,21,184,78,79,121,167,26,81,162,30,133,67,88,0,148,91,92,40,116,82,77,97,180,99,122,52,179,168,198,183,34,33,196,189,22,111,112,113,70,103,138,178,57,176,120,80,45,105,191,71,126,72,128,137,130,117,110,197,134,53,13,129,174,1,150,131,31,143,194,145,100,15,173,149,10,56,152,43,193,106,118,157,154,75,160,76,89,9,38,165,171,47,62,102,164,17,172,12,141,20,60,177,28,156,65,170,182,140,96,69,186,7,132,136,190,185,192,139,144,63,46,166,29,195,];False
4427;9121;13548;[146,142,169,3,4,5,6,125,32,161,124,11,104,94,14,49,2,103,18,86,163,175,95,23,24,25,37,27,123,90,85,158,153,93,147,35,36,67,181,39,19,54,42,119,44,108,8,83,48,109,50,51,107,87,16,55,188,101,58,59,151,61,187,199,64,98,68,41,135,84,155,114,127,73,74,159,21,184,78,79,121,167,26,81,162,30,133,66,88,0,148,91,92,40,116,82,77,97,180,99,122,52,179,168,198,183,34,33,196,189,22,111,112,113,70,115,138,178,57,176,120,80,45,105,191,71,126,72,128,137,130,117,110,197,134,53,13,129,174,1,150,131,31,143,194,145,100,15,173,149,10,56,152,43,193,106,118,157,154,75,160,76,89,9,38,165,171,47,62,102,164,17,172,12,141,20,60,177,28,156,65,170,182,140,96,69,186,7,132,136,190,185,192,139,144,63,46,166,29,195,];False
4430;9115;13545;[146,142,169,3,4,5,6,125,32,161,124,11,104,94,14,49,2,103,18,86,163,175,95,23,24,25,37,27,123,90,85,158,153,93,147,35,36,66,181,39,19,54,42,119,44,108,8,83,48,109,50,51,107,87,16,55,188,101,58,59,151,61,187,199,64,98,68,41,135,84,155,114,127,73,74,159,21,184,78,79,121,167,26,81,162,30,133,67,88,0,148,91,92,40,116,82,77,97,180,99,122,52,179,168,198,183,34,33,196,189,22,111,112,113,70,115,138,178,57,176,120,46,45,105,191,71,126,72,128,137,130,117,110,197,134,53,13,129,174,1,150,131,31,143,194,145,100,15,173,149,10,56,152,43,193,106,118,157,154,75,160,76,89,9,38,165,171,47,62,102,164,17,172,12,141,20,60,177,28,156,65,170,182,140,96,69,186,7,132,136,190,185,192,139,144,63,80,166,29,195,];False
4322;9222;13544;[146,142,169,3,4,5,6,125,32,161,124,11,104,94,14,49,2,103,18,86,163,175,95,23,24,25,37,27,123,90,85,158,153,93,147,35,36,66,181,39,19,54,42,119,44,108,8,83,48,109,50,51,107,87,16,55,188,101,58,59,151,61,187,199,64,98,68,41,135,84,155,114,127,73,74,159,21,184,78,79,121,167,26,81,162,30,133,67,88,0,148,91,92,171,116,82,77,97,180,99,122,52,179,168,198,183,34,33,196,189,22,111,112,113,70,115,138,178,57,176,120,80,45,105,191,71,126,72,128,137,156,117,110,197,134,53,13,129,174,1,150,131,31,143,194,145,100,15,173,149,10,56,152,43,193,106,118,157,154,75,160,76,89,9,38,165,40,47,62,102,164,17,172,12,141,20,60,177,28,130,65,170,182,140,96,69,186,7,132,136,190,185,192,139,144,63,46,166,29,195,];False
4407;9137;13544;[146,142,169,3,4,5,6,125,32,161,124,11,104,94,92,49,2,103,18,86,163,175,95,23,24,25,37,27,123,90,85,158,153,93,147,35,36,66,181,39,19,54,42,119,44,108,8,83,48,109,50,51,107,87,16,55,188,101,58,59,151,61,187,199,64,98,68,41,135,84,155,114,127,73,74,159,21,184,78,79,121,167,26,81,162,30,133,67,88,0,148,91,14,40,116,82,77,97,180,99,122,52,179,168,198,183,34,33,196,189,22,111,112,113,70,115,138,178,57,176,120,80,45,105,191,71,126,72,128,137,130,117,110,197,134,53,13,129,174,1,150,131,31,143,194,145,100,15,173,149,10,56,152,43,193,106,118,157,154,75,160,76,89,9,38,165,171,47,62,102,164,17,172,12,141,20,60,177,28,156,65,170,182,140,96,69,186,7,132,136,190,185,192,139,144,63,46,166,29,195,];False
4380;9163;13543;[146,142,169,3,4,5,6,125,32,161,124,11,104,94,14,49,2,103,18,86,163,175,95,23,24,25,37,27,123,90,85,158,153,93,147,35,36,66,181,39,19,54,42,119,44,108,8,83,48,109,50,51,107,87,16,55,188,101,58,59,135,61,187,199,64,98,68,41,151,84,155,114,127,73,74,159,21,184,78,79,121,167,26,81,162,30,133,67,88,0,148,91,92,40,116,82,77,97,180,99,122,52,179,168,198,183,34,33,196,189,22,111,112,113,70,115,138,178,57,176,120,80,45,105,191,71,126,72,128,137,130,117,110,197,134,53,13,129,174,1,150,131,31,143,194,145,100,15,173,149,10,56,152,43,193,106,118,157,154,75,160,76,89,9,38,165,171,47,62,102,164,17,172,12,141,20,60,177,28,156,65,170,182,140,96,69,186,7,132,136,190,185,192,139,144,63,46,166,29,195,];False
4350;9190;13540;[146,142,169,3,4,5,6,125,32,161,124,11,104,94,14,49,2,103,18,86,163,175,95,23,24,25,37,27,123,90,108,158,153,93,147,35,36,66,181,39,19,54,42,119,44,85,8,83,48,109,50,51,107,87,16,55,188,101,58,59,151,61,187,199,64,98,68,41,135,84,155,114,127,73,74,159,21,184,78,79,121,167,26,81,162,30,133,67,88,0,148,91,92,171,116,82,77,97,180,99,122,52,179,168,198,183,34,33,196,189,22,111,112,113,70,115,138,178,57,176,120,80,45,105,191,71,126,72,128,137,130,117,110,197,134,53,13,129,174,1,150,131,31,143,194,145,100,15,173,149,10,56,152,43,193,106,118,157,154,75,160,76,89,9,38,165,40,47,62,102,164,17,172,12,141,20,60,177,28,156,65,170,182,140,96,69,186,7,132,136,190,185,192,139,144,63,46,166,29,195,];False
4428;9111;13539;[146,142,169,3,4,5,6,125,32,161,124,11,104,94,14,49,2,103,18,86,163,175,95,23,24,25,37,27,123,90,85,158,153,93,147,35,36,66,181,39,19,54,42,119,44,108,8,83,48,109,50,51,107,87,16,55,188,101,58,59,151,61,187,199,64,98,68,105,135,84,155,114,127,73,74,159,21,184,78,79,121,167,26,81,162,30,133,67,88,0,148,91,92,40,116,82,77,97,180,99,122,52,179,168,198,183,34,33,196,189,22,111,112,113,70,115,138,178,57,176,120,80,45,41,191,71,126,72,128,137,130,117,110,197,134,53,13,129,174,1,150,131,31,143,194,145,100,15,173,149,10,56,152,43,193,106,118,157,154,75,160,76,89,9,38,165,171,47,62,102,164,17,172,12,141,20,60,177,28,156,65,170,182,140,96,69,186,7,132,136,190,185,192,139,144,63,46,166,29,195,];False
4418;9120;13538;[146,142,169,3,4,5,6,125,32,161,124,11,104,94,14,49,2,103,18,86,163,175,95,23,24,25,37,27,123,90,85,158,153,93,147,35,36,66,181,39,19,54,42,119,44,108,8,83,48,109,50,51,107,87,16,55,188,101,58,59,151,61,187,199,64,98,68,41,135,84,155,114,127,73,74,159,21,184,78,79,121,167,26,81,162,30,133,67,88,0,148,91,92,171,116,82,77,97,180,99,122,52,179,168,198,183,34,33,196,189,152,111,112,113,70,115,138,178,57,176,120,80,45,105,191,71,126,72,128,137,130,117,110,197,134,53,13,129,174,1,150,131,31,143,194,145,100,15,173,149,10,56,22,43,193,106,118,157,154,75,160,76,89,9,38,165,40,47,62,102,164,17,172,12,141,20,60,177,28,156,65,170,182,140,96,69,186,7,132,136,190,185,192,139,144,63,46,166,29,195,];False
4398;9139;13537;[146,142,169,3,4,5,6,125,32,161,124,11,104,94,14,49,2,103,18,86,163,175,95,23,24,25,37,27,123,90,85,158,153,93,147,35,36,66,181,39,19,54,42,119,44,108,8,83,48,109,50,51,107,87,16,55,188,101,58,59,151,61,187,199,64,98,68,41,135,84,155,114,127,73,74,159,21,184,78,79,121,167,26,81,162,30,133,67,88,0,148,91,92,40,116,82,77,97,180,99,122,52,179,168,198,183,34,33,196,189,22,111,112,113,70,115,140,178,57,176,120,80,45,105,191,71,126,72,128,137,130,117,110,197,134,53,13,129,174,1,150,131,31,143,194,145,100,15,173,149,10,56,152,43,193,106,118,157,154,75,160,76,89,9,38,165,171,47,62,102,164,17,172,12,141,20,60,177,28,156,65,170,182,138,96,69,186,7,132,136,190,185,192,139,144,63,46,166,29,195,];False
4369;9168;13537;[146,142,169,3,4,5,6,125,32,161,124,11,104,94,14,49,2,103,18,86,172,175,95,23,24,25,37,27,123,90,85,158,153,93,147,35,36,66,181,39,19,54,42,119,44,108,8,83,48,109,50,51,107,87,16,55,188,101,58,59,151,61,187,199,64,98,68,41,135,84,155,114,127,73,74,159,21,184,78,79,121,167,26,81,162,30,133,67,88,0,148,91,92,171,116,82,77,97,180,99,122,52,179,168,198,183,34,33,196,189,22,111,112,113,70,115,138,178,57,176,120,80,45,105,191,71,126,72,128,137,130,117,110,197,134,53,13,129,174,1,150,131,31,143,194,145,100,15,173,149,10,56,152,43,193,106,118,157,154,75,160,76,89,9,38,165,40,47,62,102,164,17,163,12,141,20,60,177,28,156,65,170,182,140,96,69,186,7,132,136,190,185,192,139,144,63,46,166,29,195,];False
4401;9134;13535;[146,142,169,3,4,5,6,125,32,161,124,11,104,94,14,49,2,103,18,86,163,175,95,23,191,25,37,27,123,90,85,158,153,93,147,35,36,66,181,39,19,54,42,119,44,108,8,83,48,109,50,51,107,87,16,55,188,101,58,59,151,61,187,199,64,98,68,41,135,84,155,114,127,73,74,159,21,184,78,79,121,167,26,81,162,30,133,67,88,0,148,91,92,40,116,82,77,97,180,99,122,52,179,168,198,183,34,33,196,189,22,111,112,113,70,115,138,178,57,176,120,80,45,105,24,71,126,72,128,137,130,117,110,197,134,53,13,129,174,1,150,131,31,143,194,145,100,15,173,149,10,56,152,43,193,106,118,157,154,75,160,76,89,9,38,165,171,47,62,102,164,17,172,12,141,20,60,177,28,156,65,170,182,140,96,69,186,7,132,136,190,185,192,139,144,63,46,166,29,195,];False
4404;9129;13533;[146,142,169,3,4,5,6,125,32,161,124,11,104,94,14,49,2,28,18,86,163,175,95,23,24,25,37,27,123,90,85,158,153,93,147,35,36,66,181,39,19,54,42,119,44,108,8,83,48,109,50,51,107,87,16,55,188,101,58,59,151,61,187,199,64,98,68,41,135,84,155,114,127,73,74,159,21,184,78,79,121,167,26,81,162,30,133,67,88,0,148,91,92,40,116,82,77,97,180,99,122,52,179,168,198,183,34,33,196,189,22,111,112,113,70,115,138,178,57,176,120,80,45,105,191,71,126,72,128,137,130,117,110,197,134,53,13,129,174,1,150,131,31,143,194,145,100,15,173,149,10,56,152,43,193,106,118,157,154,75,160,76,89,9,38,165,171,47,62,102,164,17,172,12,141,20,60,177,103,156,65,170,182,140,96,69,186,7,132,136,190,185,192,139,144,63,46,166,29,195,];False
4384;9147;13531;[146,142,169,3,4,5,6,125,32,161,124,11,104,94,14,49,2,103,18,86,163,175,95,23,24,25,37,27,123,90,85,158,153,93,147,35,36,66,181,39,19,54,42,119,121,108,8,83,48,109,50,51,107,87,16,55,188,101,58,59,151,61,187,199,64,98,68,41,135,84,155,114,127,73,74,159,21,184,78,79,44,167,26,81,162,30,133,67,88,0,148,91,92,40,116,82,77,97,180,99,122,52,179,168,198,183,34,33,196,189,22,111,112,113,70,115,138,178,57,176,120,80,45,105,191,71,126,72,128,137,130,117,110,197,134,53,13,129,174,1,150,131,31,143,194,145,100,15,173,149,10,56,152,43,193,106,118,157,154,75,160,76,89,9,38,165,171,47,62,102,164,17,172,12,141,20,60,177,28,156,65,170,182,140,96,69,186,7,132,136,190,185,192,139,144,63,46,166,29,195,];False
4405;9124;13529;[146,142,169,3,4,5,6,125,32,161,124,11,104,94,14,49,2,103,18,86,163,175,95,23,24,25,37,27,123,90,85,158,153,93,147,35,36,66,181,39,19,54,42,119,44,108,8,83,48,109,50,51,107,87,16,55,188,101,58,59,151,61,187,199,64,98,68,41,135,84,155,114,127,73,74,159,21,184,78,79,121,167,26,81,162,30,133,67,88,0,148,91,92,40,116,82,77,97,149,99,122,52,179,168,198,183,34,33,196,189,22,111,112,113,70,115,138,178,57,176,120,80,45,105,191,71,126,72,128,137,130,117,110,197,134,53,13,129,174,1,150,131,31,143,194,145,100,15,173,180,10,56,152,43,193,106,118,157,154,75,160,76,89,9,38,165,171,47,62,102,164,17,172,12,141,20,60,177,28,156,65,170,182,140,96,69,186,7,132,136,190,185,192,139,144,63,46,166,29,195,];False
4341;9188;13529;[146,142,169,3,4,5,6,125,32,161,124,11,104,94,14,49,2,103,18,86,163,175,95,23,24,25,37,27,123,90,85,158,153,93,147,35,36,66,181,39,19,54,42,119,44,108,8,83,48,109,50,51,107,87,16,55,188,101,58,59,151,61,187,199,64,98,68,41,135,84,155,114,127,73,74,159,21,184,78,79,121,167,26,81,162,30,133,67,88,0,148,91,92,40,116,82,77,97,180,99,122,52,179,168,198,183,34,33,196,189,22,111,112,113,70,115,138,178,57,176,120,80,45,105,191,71,43,72,128,137,130,117,110,197,134,53,13,129,174,1,150,131,31,143,194,145,100,15,173,149,10,56,152,126,193,106,118,157,154,75,160,76,89,9,38,165,171,47,62,102,164,17,172,12,141,20,60,177,28,156,65,170,182,140,96,69,186,7,132,136,190,185,192,139,144,63,46,166,29,195,];False
4367;9160;13527;[146,142,169,3,4,5,6,125,32,161,124,11,104,94,14,49,2,103,18,86,163,175,95,23,24,25,37,27,123,90,85,158,153,93,147,35,36,66,181,39,19,54,42,119,44,108,8,83,48,109,50,51,107,87,16,55,188,101,58,59,151,61,187,199,64,98,68,41,135,84,155,114,127,73,74,159,21,184,78,180,121,167,26,81,162,30,133,67,88,0,148,91,92,171,116,82,77,97,79,99,122,52,179,168,198,183,34,33,196,189,22,111,112,113,70,115,138,178,57,176,120,80,45,105,191,71,126,72,128,137,130,117,110,197,134,53,13,129,174,1,150,131,31,143,194,145,100,15,173,149,10,56,152,43,193,106,118,157,154,75,160,76,89,9,38,165,40,47,62,102,164,17,172,12,141,20,60,177,28,156,65,170,182,140,96,69,186,7,132,136,190,185,192,139,144,63,46,166,29,195,];False
4357;9169;13526;[146,142,169,18,4,5,6,125,32,161,124,11,104,94,14,49,2,103,3,86,163,175,95,23,24,25,37,27,123,90,85,158,153,93,147,35,36,66,181,39,19,54,42,119,44,108,8,83,48,109,50,51,107,87,16,55,188,101,58,59,151,61,187,199,64,98,68,41,135,84,155,114,127,73,74,159,21,184,78,79,121,167,26,81,162,30,133,67,88,0,148,91,92,171,116,82,77,97,180,99,122,52,179,168,198,183,34,33,196,189,22,111,112,113,70,115,138,178,57,176,120,80,45,105,191,71,126,72,128,137,130,117,110,197,134,53,13,129,174,1,150,131,31,143,194,145,100,15,173,149,10,56,152,43,193,106,118,157,154,75,160,76,89,9,38,165,40,47,62,102,164,17,172,12,141,20,60,177,28,156,65,170,182,140,96,69,186,7,132,136,190,185,192,139,144,63,46,166,29,195,];False
4339;9187;13526;[146,142,169,3,4,5,6,125,32,161,124,11,104,94,14,49,2,103,18,86,163,175,95,23,24,25,37,27,123,189,85,158,153,93,147,35,36,66,181,39,19,54,42,119,44,108,8,83,48,109,50,51,107,87,16,55,188,101,58,59,151,61,187,199,64,98,68,41,135,84,155,114,127,73,74,159,21,184,78,79,121,167,26,81,162,30,133,67,88,0,148,91,92,171,116,82,77,97,180,99,122,52,179,168,198,183,34,33,196,90,22,111,112,113,70,115,138,178,57,176,120,80,45,105,191,71,126,72,128,137,130,117,110,197,134,53,13,129,174,1,150,131,31,143,194,145,100,15,173,149,10,56,152,43,193,106,118,157,154,75,160,76,89,9,38,165,40,47,62,102,164,17,172,12,141,20,60,177,28,156,65,170,182,140,96,69,186,7,132,136,190,185,192,139,144,63,46,166,29,195,];False
4435;9089;13524;[146,142,169,3,4,5,6,125,32,161,124,11,104,94,14,49,2,103,18,86,163,175,95,23,24,25,37,27,123,90,85,158,153,93,147,35,36,66,181,39,19,54,42,119,44,108,8,83,48,109,50,51,107,87,16,55,188,101,58,59,151,61,187,199,64,98,68,41,135,84,155,114,127,73,74,159,21,184,78,79,121,167,26,81,162,30,133,67,88,0,148,91,92,40,116,82,77,97,180,99,122,52,179,168,198,183,34,33,196,189,22,111,112,113,70,115,138,178,57,176,120,80,45,105,191,71,126,72,192,137,130,117,110,197,134,53,13,129,174,1,150,131,31,143,194,145,100,15,173,149,10,56,152,43,193,106,118,157,154,75,160,76,89,9,38,165,171,47,62,102,164,17,172,12,141,20,60,177,28,156,65,170,182,140,96,69,186,7,132,136,190,185,128,139,144,63,46,166,29,195,];True
4337;9186;13523;[146,142,169,3,4,5,6,125,32,161,124,11,104,94,14,49,2,103,18,86,163,175,95,23,24,25,37,27,123,90,85,158,153,93,147,35,36,66,181,39,19,54,42,119,44,108,8,83,48,109,50,51,107,87,16,55,188,101,58,59,151,61,187,199,64,98,68,41,135,84,155,114,127,73,74,159,21,184,78,79,121,167,26,81,162,30,133,67,88,0,148,91,92,171,116,82,77,97,180,99,122,52,179,168,198,183,34,33,196,189,22,111,112,113,70,115,138,178,57,31,120,80,45,105,191,71,126,72,128,137,130,117,110,197,134,53,13,129,174,1,150,131,176,143,194,145,100,15,173,149,10,56,152,43,193,106,118,157,154,75,160,76,89,9,38,165,40,47,62,102,164,17,172,12,141,20,60,177,28,156,65,170,182,140,96,69,186,7,132,136,190,185,192,139,144,63,46,166,29,195,];False
4354;9164;13518;[146,142,169,3,4,5,6,125,32,161,124,11,104,94,14,49,2,103,18,86,163,175,95,23,24,25,37,27,123,90,85,158,153,93,147,35,36,66,181,39,19,54,42,119,44,108,8,83,48,109,50,51,107,87,16,55,188,101,58,59,151,61,187,199,64,98,68,41,135,84,155,114,127,73,74,159,21,184,78,79,121,167,26,81,162,30,133,67,88,0,148,91,92,40,116,82,77,97,180,99,122,52,179,168,198,183,34,33,196,189,22,111,112,113,70,115,138,178,57,176,120,80,45,105,191,71,126,72,128,137,130,117,110,197,134,53,13,129,174,1,150,131,31,143,194,145,100,15,173,149,10,56,152,43,193,106,118,157,154,172,160,76,89,9,38,165,171,47,62,102,164,17,75,12,141,20,60,177,28,156,65,170,182,140,96,69,186,7,132,136,190,185,192,139,144,63,46,166,29,195,];False
4395;9123;13518;[146,142,169,3,4,5,6,125,32,73,124,11,104,94,14,49,2,103,18,86,163,175,95,23,24,25,37,27,123,90,85,158,153,93,147,35,36,66,181,39,19,54,42,119,44,108,8,83,48,109,50,51,107,87,16,55,188,101,58,59,151,61,187,199,64,98,68,41,135,84,155,114,127,161,74,159,21,184,78,79,121,167,26,81,162,30,133,67,88,0,148,91,92,40,116,82,77,97,180,99,122,52,179,168,198,183,34,33,196,189,22,111,112,113,70,115,138,178,57,176,120,80,45,105,191,71,126,72,128,137,130,117,110,197,134,53,13,129,174,1,150,131,31,143,194,145,100,15,173,149,10,56,152,43,193,106,118,157,154,75,160,76,89,9,38,165,171,47,62,102,164,17,172,12,141,20,60,177,28,156,65,170,182,140,96,69,186,7,132,136,190,185,192,139,144,63,46,166,29,195,];False
4343;9172;13515;[146,142,169,3,4,5,6,125,32,161,124,11,104,94,14,49,2,103,18,86,163,175,95,23,24,171,37,27,123,90,85,158,153,93,147,35,36,66,181,39,19,54,42,119,44,108,8,83,48,109,50,51,107,87,16,55,188,101,58,59,151,61,187,199,64,98,68,41,135,84,155,114,127,73,74,159,21,184,78,79,121,167,26,81,162,30,133,67,88,0,148,91,92,25,116,82,77,97,180,99,122,52,179,168,198,183,34,33,196,189,22,111,112,113,70,115,138,178,57,176,120,80,45,105,191,71,126,72,128,137,130,117,110,197,134,53,13,129,174,1,150,131,31,143,194,145,100,15,173,149,10,56,152,43,193,106,118,157,154,75,160,76,89,9,38,165,40,47,62,102,164,17,172,12,141,20,60,177,28,156,65,170,182,140,96,69,186,7,132,136,190,185,192,139,144,63,46,166,29,195,];False
4346;9168;13514;[146,142,169,3,4,5,6,125,32,161,124,11,104,94,14,49,2,103,18,86,163,175,95,23,24,25,37,27,123,90,85,158,153,93,147,35,36,66,181,39,19,54,42,119,44,108,8,83,48,109,50,51,107,87,16,55,188,101,58,59,151,61,187,199,64,98,68,41,135,84,155,114,127,73,74,159,21,184,78,79,121,167,26,81,162,30,133,67,88,0,148,91,92,171,116,82,77,97,180,99,122,52,179,168,198,183,34,33,196,189,22,111,112,113,70,115,138,178,57,176,120,17,45,105,191,71,126,72,128,137,130,117,110,197,134,53,13,129,174,1,150,131,31,143,194,145,100,15,173,149,10,56,152,43,193,106,118,157,154,75,160,76,89,9,38,165,40,47,62,102,164,80,172,12,141,20,60,177,28,156,65,170,182,140,96,69,186,7,132,136,190,185,192,139,144,63,46,166,29,195,];False
4384;9129;13513;[146,142,169,3,4,5,6,125,32,161,124,11,104,94,14,49,2,103,18,86,163,175,95,23,24,25,37,27,123,90,85,158,153,93,147,35,36,66,181,39,19,54,42,119,34,108,8,83,48,109,50,51,107,87,16,55,188,101,58,59,151,61,187,199,64,98,68,41,135,84,155,114,127,73,74,159,21,184,78,79,121,167,26,81,162,30,133,67,88,0,148,91,92,40,116,82,77,97,180,99,122,52,179,168,198,183,44,33,196,189,22,111,112,113,70,115,138,178,57,176,120,80,45,105,191,71,126,72,128,137,130,117,110,197,134,53,13,129,174,1,150,131,31,143,194,145,100,15,173,149,10,56,152,43,193,106,118,157,154,75,160,76,89,9,38,165,171,47,62,102,164,17,172,12,141,20,60,177,28,156,65,170,182,140,96,69,186,7,132,136,190,185,192,139,144,63,46,166,29,195,];False
4417;9094;13511;[146,142,169,3,4,5,6,125,32,161,124,11,104,94,14,49,2,103,18,86,163,175,95,23,24,25,37,27,123,90,85,158,153,93,147,35,36,66,181,39,19,54,42,119,44,108,8,83,48,109,50,51,107,87,16,55,174,101,58,59,151,61,187,199,64,98,68,41,135,84,155,114,127,73,74,159,21,184,78,79,121,167,26,81,162,30,133,67,88,0,148,91,92,40,116,82,77,97,180,99,122,52,179,168,198,183,34,33,196,189,22,111,112,113,70,115,138,178,57,176,120,80,45,105,191,71,126,72,128,137,130,117,110,197,134,53,13,129,188,1,150,131,31,143,194,145,100,15,173,149,10,56,152,43,193,106,118,157,154,75,160,76,89,9,38,165,171,47,62,102,164,17,172,12,141,20,60,177,28,156,65,170,182,140,96,69,186,7,132,136,190,185,192,139,144,63,46,166,29,195,];True
4369;9137;13506;[146,142,169,3,4,5,6,125,32,161,124,11,104,94,14,49,2,103,18,86,163,175,95,23,24,25,37,27,123,90,85,158,153,93,147,35,36,66,181,39,19,54,42,119,44,108,8,83,48,109,50,51,107,87,16,55,188,101,58,59,151,61,187,199,64,98,68,41,135,84,155,114,127,73,74,159,21,184,78,79,121,167,26,81,162,30,133,67,88,96,148,91,92,40,116,82,77,97,180,99,122,52,179,168,198,183,34,33,196,189,22,111,112,113,70,115,138,178,57,176,120,80,45,105,191,71,126,72,128,137,130,117,110,197,134,53,13,129,174,1,150,131,31,143,194,145,100,15,173,149,10,56,152,43,193,106,118,157,154,75,160,76,89,9,38,165,171,47,62,102,164,17,172,12,141,20,60,177,28,156,65,170,182,140,0,69,186,7,132,136,190,185,192,139,144,63,46,166,29,195,];False
4335;9169;13504;[146,142,169,3,4,5,6,125,32,161,124,11,104,94,14,49,2,103,18,86,163,175,95,23,24,85,37,27,123,90,25,158,153,93,147,35,36,66,181,39,19,54,42,119,44,108,8,83,48,109,50,51,107,87,16,55,188,101,58,59,151,61,187,199,64,98,68,41,135,84,155,114,127,73,74,159,21,184,78,79,121,167,26,81,162,30,133,67,88,0,148,91,92,171,116,82,77,97,180,99,122,52,179,168,198,183,34,33,196,189,22,111,112,113,70,115,138,178,57,176,120,80,45,105,191,71,126,72,128,137,130,117,110,197,134,53,13,129,174,1,150,131,31,143,194,145,100,15,173,149,10,56,152,43,193,106,118,157,154,75,160,76,89,9,38,165,40,47,62,102,164,17,172,12,141,20,60,177,28,156,65,170,182,140,96,69,186,7,132,136,190,185,192,139,144,63,46,166,29,195,];False
4341;9163;13504;[146,142,169,3,4,5,6,125,32,161,124,11,104,176,14,49,2,103,18,86,163,175,95,23,24,25,37,27,123,90,85,158,153,93,147,35,36,66,181,39,19,54,42,119,44,108,8,83,48,109,50,51,107,87,16,55,188,101,58,59,151,61,187,199,64,98,68,41,135,84,155,114,127,73,74,159,21,184,78,79,121,167,26,81,162,30,133,67,88,0,148,91,92,40,116,82,77,97,180,99,122,52,179,168,198,183,34,33,196,189,22,111,112,113,70,115,138,178,57,94,120,80,45,105,191,71,126,72,128,137,130,117,110,197,134,53,13,129,174,1,150,131,31,143,194,145,100,15,173,149,10,56,152,43,193,106,118,157,154,75,160,76,89,9,38,165,171,47,62,102,164,17,172,12,141,20,60,177,28,156,65,170,182,140,96,69,186,7,132,136,190,185,192,139,144,63,46,166,29,195,];False
4366;9136;13502;[146,142,169,3,4,5,6,125,32,161,124,11,104,94,14,96,2,103,18,86,163,175,95,23,24,25,37,27,123,90,85,158,153,93,147,35,36,66,181,39,19,54,42,119,44,108,8,83,48,109,50,51,107,87,16,55,188,101,58,59,151,61,187,199,64,98,68,41,135,84,155,114,127,73,74,159,21,184,78,79,121,167,26,81,162,30,133,67,88,0,148,91,92,40,116,82,77,97,180,99,122,52,179,168,198,183,34,33,196,189,22,111,112,113,70,115,138,178,57,176,120,80,45,105,191,71,126,72,128,137,130,117,110,197,134,53,13,129,174,1,150,131,31,143,194,145,100,15,173,149,10,56,152,43,193,106,118,157,154,75,160,76,89,9,38,165,171,47,62,102,164,17,172,12,141,20,60,177,28,156,65,170,182,140,49,69,186,7,132,136,190,185,192,139,144,63,46,166,29,195,];False
4388;9111;13499;[146,142,169,3,4,5,6,125,32,161,124,11,104,94,14,49,2,103,18,86,163,175,95,23,24,25,37,27,123,90,85,158,153,93,147,35,36,66,181,39,19,54,42,119,44,108,8,83,48,109,50,51,107,87,16,55,188,101,58,59,151,61,187,199,64,98,68,41,135,84,155,114,127,73,74,159,21,184,78,79,121,167,26,81,162,30,133,67,88,0,148,91,92,40,116,82,77,97,180,99,31,52,179,168,198,183,34,33,196,189,22,111,112,113,70,115,138,178,57,176,120,80,45,105,191,71,126,72,128,137,130,117,110,197,134,53,13,129,174,1,150,131,122,143,194,145,100,15,173,149,10,56,152,43,193,106,118,157,154,75,160,76,89,9,38,165,171,47,62,102,164,17,172,12,141,20,60,177,28,156,65,170,182,140,96,69,186,7,132,136,190,185,192,139,144,63,46,166,29,195,];False
4302;9195;13497;[146,142,169,3,4,5,6,125,32,161,124,11,104,94,14,49,2,103,18,86,163,175,95,23,24,25,37,27,123,90,85,158,153,93,147,35,36,66,181,39,19,54,42,119,44,108,8,83,48,109,50,51,107,87,16,55,188,101,58,59,151,61,187,199,13,98,68,41,135,84,155,114,127,73,74,159,21,184,78,79,121,167,26,81,162,30,133,67,88,0,148,91,92,171,116,82,77,97,180,99,122,52,179,168,198,183,34,33,196,189,22,111,112,113,70,115,138,178,57,176,120,80,45,105,191,71,126,72,128,137,130,117,110,197,134,53,64,129,174,1,150,131,31,143,194,145,100,15,173,149,10,56,152,43,193,106,118,157,154,75,160,76,89,9,38,165,40,47,62,102,164,17,172,12,141,20,60,177,28,156,65,170,182,140,96,69,186,7,132,136,190,185,192,139,144,63,46,166,29,195,];False
4349;9145;13494;[146,142,169,3,4,5,6,125,32,161,124,11,104,94,14,49,2,103,18,86,163,175,95,23,24,25,37,27,123,90,85,158,153,93,147,35,36,66,181,39,19,54,42,119,44,108,8,83,48,109,50,51,107,87,16,55,188,101,58,59,52,61,187,199,64,98,68,41,135,84,155,114,127,73,74,159,21,184,78,79,121,167,26,81,162,30,133,67,88,0,148,91,92,171,116,82,77,97,180,99,122,151,179,168,198,183,34,33,196,189,22,111,112,113,70,115,138,178,57,176,120,80,45,105,191,71,126,72,128,137,130,117,110,197,134,53,13,129,174,1,150,131,31,143,194,145,100,15,173,149,10,56,152,43,193,106,118,157,154,75,160,76,89,9,38,165,40,47,62,102,164,17,172,12,141,20,60,177,28,156,65,170,182,140,96,69,186,7,132,136,190,185,192,139,144,63,46,166,29,195,];False
4356;9138;13494;[146,142,169,3,4,5,6,125,32,161,124,11,104,94,14,49,2,103,18,86,163,175,95,23,24,25,37,27,123,90,85,158,153,93,147,35,36,66,181,39,19,54,42,119,44,108,8,83,48,109,50,51,107,87,16,55,188,101,58,59,151,61,187,199,64,98,68,41,135,84,155,114,127,73,74,159,21,184,78,79,43,167,26,81,162,30,133,67,88,0,148,91,92,171,116,82,77,97,180,99,122,52,179,168,198,183,34,33,196,189,22,111,112,113,70,115,138,178,57,176,120,80,45,105,191,71,126,72,128,137,130,117,110,197,134,53,13,129,174,1,150,131,31,143,194,145,100,15,173,149,10,56,152,121,193,106,118,157,154,75,160,76,89,9,38,165,40,47,62,102,164,17,172,12,141,20,60,177,28,156,65,170,182,140,96,69,186,7,132,136,190,185,192,139,144,63,46,166,29,195,];False
4301;9192;13493;[146,142,117,3,4,5,6,125,32,161,124,11,104,94,14,49,2,103,18,86,163,175,95,23,24,25,37,27,123,90,85,158,153,93,147,35,36,66,181,39,19,54,42,119,44,108,8,83,48,109,50,51,107,87,16,55,188,101,58,59,151,61,187,199,64,98,68,41,135,84,155,114,127,73,74,159,21,184,78,79,121,167,26,81,162,30,133,67,88,0,148,91,92,40,116,82,77,97,180,99,122,52,179,168,198,183,34,33,196,189,22,111,112,113,70,115,138,178,57,176,120,80,45,105,191,71,126,72,128,137,130,169,110,197,134,53,13,129,174,1,150,131,31,143,194,145,100,15,173,149,10,56,152,43,193,106,118,157,154,75,160,76,89,9,38,165,171,47,62,102,164,17,172,12,141,20,60,177,28,156,65,170,182,140,96,69,186,7,132,136,190,185,192,139,144,63,46,166,29,195,];False
4334;9159;13493;[146,142,169,3,4,5,6,121,32,161,124,11,104,94,14,49,2,103,18,86,163,175,95,23,24,25,37,27,123,90,85,158,153,93,147,35,36,66,181,39,19,54,42,119,44,108,8,83,48,109,50,51,107,87,16,55,188,101,58,59,151,61,187,199,64,98,68,41,135,84,155,114,127,73,74,159,21,184,78,79,125,167,26,81,162,30,133,67,88,0,148,91,92,171,116,82,77,97,180,99,122,52,179,168,198,183,34,33,196,189,22,111,112,113,70,115,138,178,57,176,120,80,45,105,191,71,126,72,128,137,130,117,110,197,134,53,13,129,174,1,150,131,31,143,194,145,100,15,173,149,10,56,152,43,193,106,118,157,154,75,160,76,89,9,38,165,40,47,62,102,164,17,172,12,141,20,60,177,28,156,65,170,182,140,96,69,186,7,132,136,190,185,192,139,144,63,46,166,29,195,];False
4368;9124;13492;[146,142,169,3,4,5,6,125,32,161,124,11,104,94,14,49,2,103,18,86,163,175,95,23,24,25,37,27,123,90,85,158,197,93,147,35,36,66,181,39,19,54,42,119,44,108,8,83,48,109,50,51,107,87,16,55,188,101,58,59,151,61,187,199,64,98,68,41,135,84,155,114,127,73,74,159,21,184,78,79,121,167,26,81,162,30,133,67,88,0,148,91,92,40,116,82,77,97,180,99,122,52,179,168,198,183,34,33,196,189,22,111,112,113,70,115,138,178,57,176,120,80,45,105,191,71,126,72,128,137,130,117,110,153,134,53,13,129,174,1,150,131,31,143,194,145,100,15,173,149,10,56,152,43,193,106,118,157,154,75,160,76,89,9,38,165,171,47,62,102,164,17,172,12,141,20,60,177,28,156,65,170,182,140,96,69,186,7,132,136,190,185,192,139,144,63,46,166,29,195,];False
4346;9144;13490;[146,142,169,3,4,5,6,125,32,161,124,11,104,94,14,49,2,103,18,86,163,175,95,23,24,25,37,27,123,90,85,158,153,93,147,35,36,66,181,39,19,54,42,119,44,108,8,83,48,109,50,51,107,87,16,55,188,101,58,59,151,61,187,199,64,98,96,41,135,84,155,114,127,73,74,159,21,184,78,79,121,167,26,81,162,30,133,67,88,0,148,91,92,40,116,82,77,97,180,99,122,52,179,168,198,183,34,33,196,189,22,111,112,113,70,115,138,178,57,176,120,80,45,105,191,71,126,72,128,137,130,117,110,197,134,53,13,129,174,1,150,131,31,143,194,145,100,15,173,149,10,56,152,43,193,106,118,157,154,75,160,76,89,9,38,165,171,47,62,102,164,17,172,12,141,20,60,177,28,156,65,170,182,140,68,69,186,7,132,136,190,185,192,139,144,63,46,166,29,195,];False
4364;9123;13487;[146,142,169,3,4,5,6,125,161,32,124,11,104,94,14,49,2,103,18,86,163,175,95,23,24,25,37,27,123,90,85,158,153,93,147,35,36,66,181,39,19,54,42,119,44,108,8,83,48,109,50,51,107,87,16,55,188,101,58,59,151,61,187,199,64,98,68,41,135,84,155,114,127,73,74,159,21,184,78,79,121,167,26,81,162,30,133,67,88,0,148,91,92,40,116,82,77,97,180,99,122,52,179,168,198,183,34,33,196,189,22,111,112,113,70,115,138,178,57,176,120,80,45,105,191,71,126,72,128,137,130,117,110,197,134,53,13,129,174,1,150,131,31,143,194,145,100,15,173,149,10,56,152,43,193,106,118,157,154,75,160,76,89,9,38,165,171,47,62,102,164,17,172,12,141,20,60,177,28,156,65,170,182,140,96,69,186,7,132,136,190,185,192,139,144,63,46,166,29,195,];False
4338;9148;13486;[146,142,169,3,4,5,6,125,32,161,124,11,104,94,14,49,2,103,18,86,163,175,95,23,24,25,37,27,123,90,85,158,153,93,147,35,36,66,181,39,19,54,42,119,44,108,8,83,48,109,50,51,107,87,16,55,188,101,58,59,151,61,187,199,64,98,68,41,135,84,155,114,127,73,74,159,21,184,78,79,121,167,26,81,162,30,149,67,88,0,148,91,92,40,116,82,77,97,180,99,122,52,179,168,198,183,34,33,196,189,22,111,112,113,70,115,138,178,57,176,120,80,45,105,191,71,126,72,128,137,130,117,110,197,134,53,13,129,174,1,150,131,31,143,194,145,100,15,173,133,10,56,152,43,193,106,118,157,154,75,160,76,89,9,38,165,171,47,62,102,164,17,172,12,141,20,60,177,28,156,65,170,182,140,96,69,186,7,132,136,190,185,192,139,144,63,46,166,29,195,];False
4343;9142;13485;[146,142,169,3,4,5,6,125,32,161,124,11,104,94,14,49,2,103,18,86,163,175,95,23,24,25,37,27,123,90,85,158,153,93,147,35,36,66,181,39,19,54,42,119,44,108,8,83,48,109,50,51,107,87,16,55,188,101,58,59,192,61,187,199,64,98,68,41,135,84,155,114,127,73,74,159,21,184,78,79,121,167,26,81,162,30,133,67,88,0,148,91,92,40,116,82,77,97,180,99,122,52,179,168,198,183,34,33,196,189,22,111,112,113,70,115,138,178,57,176,120,80,45,105,191,71,126,72,128,137,130,117,110,197,134,53,13,129,174,1,150,131,31,143,194,145,100,15,173,149,10,56,152,43,193,106,118,157,154,75,160,76,89,9,38,165,171,47,62,102,164,17,172,12,141,20,60,177,28,156,65,170,182,140,96,69,186,7,132,136,190,185,151,139,144,63,46,166,29,195,];False
4303;9174;13477;[146,142,169,3,4,5,6,125,32,161,124,11,104,94,14,49,2,103,18,86,163,175,95,23,24,25,37,27,123,90,85,158,153,93,147,35,36,66,181,39,19,54,42,119,44,108,8,83,48,109,50,51,107,87,16,55,188,101,58,59,151,61,187,199,64,98,68,41,135,84,155,114,127,73,74,159,21,184,78,79,121,167,26,81,162,30,133,67,88,0,148,91,92,171,116,82,77,97,180,99,122,52,179,168,198,183,34,33,196,189,22,111,112,113,70,115,138,178,57,150,120,80,45,105,191,71,126,72,128,137,130,117,110,197,134,53,13,129,174,1,176,131,31,143,194,145,100,15,173,149,10,56,152,43,193,106,118,157,154,75,160,76,89,9,38,165,40,47,62,102,164,17,172,12,141,20,60,177,28,156,65,170,182,140,96,69,186,7,132,136,190,185,192,139,144,63,46,166,29,195,];False
4324;9150;13474;[146,142,169,3,4,5,6,125,32,161,124,11,104,94,14,49,2,103,18,86,163,175,95,23,24,25,37,27,123,90,85,40,153,93,147,35,36,66,181,39,19,54,42,119,44,108,8,83,48,109,50,51,107,87,16,55,188,101,58,59,151,61,187,199,64,98,68,41,135,84,155,114,127,73,74,159,21,184,78,79,121,167,26,81,162,30,133,67,88,0,148,91,92,171,116,82,77,97,180,99,122,52,179,168,198,183,34,33,196,189,22,111,112,113,70,115,138,178,57,176,120,80,45,105,191,71,126,72,128,137,130,117,110,197,134,53,13,129,174,1,150,131,31,143,194,145,100,15,173,149,10,56,152,43,193,106,118,157,154,75,160,76,89,9,38,165,158,47,62,102,164,17,172,12,141,20,60,177,28,156,65,170,182,140,96,69,186,7,132,136,190,185,192,139,144,63,46,166,29,195,];False
4319;9155;13474;[146,142,169,3,4,5,6,125,32,161,124,11,104,94,14,49,2,103,18,86,163,175,95,23,24,25,37,27,123,90,85,158,153,93,147,35,36,66,181,39,19,54,42,119,44,108,8,83,48,109,50,51,107,87,16,55,188,101,58,59,61,151,187,199,64,98,68,41,135,84,155,114,127,73,74,159,21,184,78,79,121,167,26,81,162,30,133,67,88,0,148,91,92,40,116,82,77,97,180,99,122,52,179,168,198,183,34,33,196,189,22,111,112,113,70,115,138,178,57,176,120,80,45,105,191,71,126,72,128,137,130,117,110,197,134,53,13,129,174,1,150,131,31,143,194,145,100,15,173,149,10,56,152,43,193,106,118,157,154,75,160,76,89,9,38,165,171,47,62,102,164,17,172,12,141,20,60,177,28,156,65,170,182,140,96,69,186,7,132,136,190,185,192,139,144,63,46,166,29,195,];False
4318;9153;13471;[146,142,169,3,4,5,6,125,32,161,124,11,104,94,14,49,2,103,18,86,163,175,95,23,24,25,37,27,123,90,85,158,153,93,147,35,36,66,181,39,19,54,42,119,44,108,8,83,48,109,50,51,107,87,16,55,188,101,58,59,151,61,187,199,64,98,68,41,135,84,155,114,127,73,74,159,21,184,78,79,121,167,26,81,162,30,133,67,88,0,148,91,92,40,116,82,77,97,180,99,122,52,179,168,198,183,34,69,196,189,22,111,112,113,70,115,138,178,57,176,120,80,45,105,191,71,126,72,128,137,130,117,110,197,134,53,13,129,174,1,150,131,31,143,194,145,100,15,173,149,10,56,152,43,193,106,118,157,154,75,160,76,89,9,38,165,171,47,62,102,164,17,172,12,141,20,60,177,28,156,65,170,182,140,96,33,186,7,132,136,190,185,192,139,144,63,46,166,29,195,];False
4320;9150;13470;[146,142,169,3,4,5,6,125,32,161,124,11,104,94,14,49,2,103,18,86,163,175,95,23,24,25,37,27,123,90,85,158,153,93,147,35,36,66,181,39,19,54,42,119,44,108,8,83,48,109,50,51,107,87,16,55,188,101,58,59,151,61,187,199,64,98,186,41,135,84,155,114,127,73,74,159,21,184,78,79,121,167,26,81,162,30,133,67,88,0,148,91,92,40,116,82,77,97,180,99,122,52,179,168,198,183,34,33,196,189,22,111,112,113,70,115,138,178,57,176,120,80,45,105,191,71,126,72,128,137,130,117,110,197,134,53,13,129,174,1,150,131,31,143,194,145,100,15,173,149,10,56,152,43,193,106,118,157,154,75,160,76,89,9,38,165,171,47,62,102,164,17,172,12,141,20,60,177,28,156,65,170,182,140,96,69,68,7,132,136,190,185,192,139,144,63,46,166,29,195,];False
4335;9135;13470;[146,142,169,3,4,5,6,125,32,161,124,11,104,94,14,49,2,103,18,86,163,175,95,23,24,25,37,27,123,90,85,158,153,93,147,35,36,66,181,39,19,54,42,119,44,108,8,83,48,109,50,51,107,87,16,55,188,101,58,59,151,61,187,199,64,98,68,41,135,84,155,114,127,73,74,159,21,184,78,79,121,167,26,81,162,30,133,67,88,0,148,91,92,40,116,82,77,97,180,99,122,52,179,168,198,183,34,33,196,189,22,111,112,113,70,115,138,178,57,176,120,80,45,105,191,128,126,72,71,137,130,117,110,197,134,53,13,129,174,1,150,131,31,143,194,145,100,15,173,149,10,56,152,43,193,106,118,157,154,75,160,76,89,9,38,165,171,47,62,102,164,17,172,12,141,20,60,177,28,156,65,170,182,140,96,69,186,7,132,136,190,185,192,139,144,63,46,166,29,195,];False
4329;9139;13468;[146,142,169,3,4,5,6,125,32,161,124,11,104,94,14,49,2,103,18,86,163,175,95,23,24,25,37,27,123,90,85,158,153,93,147,35,36,66,181,39,19,54,42,119,44,108,8,83,48,109,50,51,107,87,16,55,188,101,58,59,151,61,187,199,64,98,121,41,135,84,155,114,127,73,74,159,21,184,78,79,68,167,26,81,162,30,133,67,88,0,148,91,92,40,116,82,77,97,180,99,122,52,179,168,198,183,34,33,196,189,22,111,112,113,70,115,138,178,57,176,120,80,45,105,191,71,126,72,128,137,130,117,110,197,134,53,13,129,174,1,150,131,31,143,194,145,100,15,173,149,10,56,152,43,193,106,118,157,154,75,160,76,89,9,38,165,171,47,62,102,164,17,172,12,141,20,60,177,28,156,65,170,182,140,96,69,186,7,132,136,190,185,192,139,144,63,46,166,29,195,];False
4295;9160;13455;[146,142,169,3,4,5,6,125,32,161,124,11,104,94,14,49,2,103,18,86,163,175,95,23,24,25,37,27,123,90,85,158,153,93,147,35,36,66,181,39,19,54,42,119,44,108,8,83,48,109,50,51,107,87,16,55,188,101,58,59,151,61,187,199,64,98,68,41,135,84,155,114,127,73,74,159,21,184,78,79,121,167,26,81,162,30,133,67,88,0,148,91,92,40,116,82,77,97,180,99,122,52,179,168,198,183,34,33,196,189,22,111,112,113,70,115,138,178,57,176,120,80,45,105,191,71,126,72,128,9,130,117,110,197,134,53,13,129,174,1,150,131,31,143,194,145,100,15,173,149,10,56,152,43,193,106,118,157,154,75,160,76,89,137,38,165,171,47,62,102,164,17,172,12,141,20,60,177,28,156,65,170,182,140,96,69,186,7,132,136,190,185,192,139,144,63,46,166,29,195,];False
4312;9136;13448;[146,142,169,3,4,5,6,125,32,161,124,11,104,94,14,49,2,103,18,86,163,175,95,23,24,25,37,27,123,90,85,158,153,93,147,35,36,159,181,39,19,54,42,119,44,108,8,83,48,109,50,51,107,87,16,55,188,101,58,59,151,61,187,199,64,98,68,41,135,84,155,114,127,73,74,66,21,184,78,79,121,167,26,81,162,30,133,67,88,0,148,91,92,40,116,82,77,97,180,99,122,52,179,168,198,183,34,33,196,189,22,111,112,113,70,115,138,178,57,176,120,80,45,105,191,71,126,72,128,137,130,117,110,197,134,53,13,129,174,1,150,131,31,143,194,145,100,15,173,149,10,56,152,43,193,106,118,157,154,75,160,76,89,9,38,165,171,47,62,102,164,17,172,12,141,20,60,177,28,156,65,170,182,140,96,69,186,7,132,136,190,185,192,139,144,63,46,166,29,195,];False
4321;9127;13448;[146,142,169,3,4,5,6,125,32,161,124,11,104,94,14,49,2,103,18,86,163,175,95,23,24,25,37,27,123,90,85,158,153,93,147,35,36,66,181,39,19,54,42,119,44,108,8,83,48,109,50,51,107,87,16,55,188,101,58,59,151,61,187,199,64,98,68,41,135,84,155,114,127,73,74,159,21,184,78,79,121,167,26,81,162,30,133,67,88,0,148,91,92,40,116,82,77,97,180,99,122,52,179,168,198,183,34,33,196,189,22,111,112,113,70,115,138,178,57,176,120,80,45,105,191,71,126,72,128,137,130,117,110,197,134,53,13,129,174,1,150,131,31,143,194,102,100,15,173,149,10,56,152,43,193,106,118,157,154,75,160,76,89,9,38,165,171,47,62,145,164,17,172,12,141,20,60,177,28,156,65,170,182,140,96,69,186,7,132,136,190,185,192,139,144,63,46,166,29,195,];False
4319;9127;13446;[146,142,169,3,4,5,6,76,32,161,124,11,104,94,14,49,2,103,18,86,163,175,95,23,24,25,37,27,123,90,85,158,153,93,147,35,36,66,181,39,19,54,42,119,44,108,8,83,48,109,50,51,107,87,16,55,188,101,58,59,151,61,187,199,64,98,68,41,135,84,155,114,127,73,74,159,21,184,78,79,121,167,26,81,162,30,133,67,88,0,148,91,92,40,116,82,77,97,180,99,122,52,179,168,198,183,34,33,196,189,22,111,112,113,70,115,138,178,57,176,120,80,45,105,191,71,126,72,128,137,130,117,110,197,134,53,13,129,174,1,150,131,31,143,194,145,100,15,173,149,10,56,152,43,193,106,118,157,154,75,160,125,89,9,38,165,171,47,62,102,164,17,172,12,141,20,60,177,28,156,65,170,182,140,96,69,186,7,132,136,190,185,192,139,144,63,46,166,29,195,];False
4310;9126;13436;[146,142,169,3,4,5,6,125,32,161,124,11,104,94,14,49,2,103,18,86,163,175,95,23,24,25,37,27,123,90,85,158,153,93,147,35,36,66,181,39,19,54,42,119,44,108,8,83,48,109,50,51,107,87,16,55,188,101,58,59,151,61,187,199,64,98,68,41,135,84,155,114,127,73,74,159,21,184,78,79,121,167,26,81,162,30,133,67,88,0,148,91,92,40,116,82,77,97,180,99,122,52,179,168,198,183,34,33,196,189,22,111,112,113,70,115,138,178,57,120,176,80,45,105,191,71,126,72,128,137,130,117,110,197,134,53,13,129,174,1,150,131,31,143,194,145,100,15,173,149,10,56,152,43,193,106,118,157,154,75,160,76,89,9,38,165,171,47,62,102,164,17,172,12,141,20,60,177,28,156,65,170,182,140,96,69,186,7,132,136,190,185,192,139,144,63,46,166,29,195,];True
4332;9100;13432;[146,142,169,3,4,5,6,125,32,161,124,11,104,94,14,181,2,103,18,86,163,175,95,23,24,25,37,27,123,90,85,158,153,93,147,35,36,66,49,39,19,54,42,119,44,108,8,83,48,109,50,51,107,87,16,55,188,101,58,59,151,61,187,199,64,98,68,41,135,84,155,114,127,73,74,159,21,184,78,79,121,167,26,81,162,30,133,67,88,0,148,91,92,40,116,82,77,97,180,99,122,52,179,168,198,183,34,33,196,189,22,111,112,113,70,115,138,178,57,176,120,80,45,105,191,71,126,72,128,137,130,117,110,197,134,53,13,129,174,1,150,131,31,143,194,145,100,15,173,149,10,56,152,43,193,106,118,157,154,75,160,76,89,9,38,165,171,47,62,102,164,17,172,12,141,20,60,177,28,156,65,170,182,140,96,69,186,7,132,136,190,185,192,139,144,63,46,166,29,195,];True
4322;9108;13430;[146,142,169,3,4,5,6,125,32,161,124,11,104,94,14,49,2,103,18,86,163,175,95,23,24,25,37,27,123,90,85,158,153,93,147,35,36,66,181,39,19,54,42,119,44,108,174,83,48,109,50,51,107,87,16,55,188,101,58,59,151,61,187,199,64,98,68,41,135,84,155,114,127,73,74,159,21,184,78,79,121,167,26,81,162,30,133,67,88,0,148,91,92,40,116,82,77,97,180,99,122,52,179,168,198,183,34,33,196,189,22,111,112,113,70,115,138,178,57,176,120,80,45,105,191,71,126,72,128,137,130,117,110,197,134,53,13,129,8,1,150,131,31,143,194,145,100,15,173,149,10,56,152,43,193,106,118,157,154,75,160,76,89,9,38,165,171,47,62,102,164,17,172,12,141,20,60,177,28,156,65,170,182,140,96,69,186,7,132,136,190,185,192,139,144,63,46,166,29,195,];True
4235;9195;13430;[146,142,169,3,4,5,6,125,32,161,124,11,104,94,14,49,2,103,18,86,163,175,95,23,24,25,37,198,123,90,85,158,153,93,147,35,36,66,181,39,19,54,42,119,44,108,8,83,48,109,50,51,107,87,16,55,188,101,58,59,151,61,187,199,64,98,68,41,135,84,155,114,127,73,74,159,21,184,78,79,121,167,26,81,162,30,133,67,88,0,148,91,92,171,116,82,77,97,180,99,122,52,179,168,27,183,34,33,196,189,22,111,112,113,70,115,138,178,57,176,120,80,45,105,191,71,126,72,128,137,130,117,110,197,134,53,13,129,174,1,150,131,31,143,194,145,100,15,173,149,10,56,152,43,193,106,118,157,154,75,160,76,89,9,38,165,40,47,62,102,164,17,172,12,141,20,60,177,28,156,65,170,182,140,96,69,186,7,132,136,190,185,192,139,144,63,46,166,29,195,];True
4264;9165;13429;[146,142,169,3,4,5,6,125,32,161,124,11,104,94,14,49,2,103,18,86,163,175,95,23,24,25,37,27,123,90,85,158,153,93,147,35,36,66,181,39,19,54,42,119,44,108,8,83,48,109,50,51,107,87,16,55,188,101,58,59,151,61,187,199,64,98,68,41,135,84,155,114,127,73,74,159,21,184,78,79,121,167,26,81,162,30,133,67,88,0,148,91,92,171,116,82,77,97,180,99,122,52,179,168,198,183,34,33,196,189,22,111,112,113,70,115,138,178,57,176,120,80,45,105,191,71,126,72,128,137,130,117,110,197,134,53,13,129,174,1,150,131,31,143,194,145,100,15,173,149,10,56,152,43,193,106,118,157,154,75,160,76,89,9,38,165,40,47,62,102,164,17,172,12,141,20,60,177,28,156,65,170,182,140,96,69,186,7,132,136,190,185,192,139,144,63,46,166,29,195,];True
4291;9137;13428;[146,142,169,3,4,5,6,125,32,161,124,11,104,94,14,49,2,103,18,86,163,175,95,23,24,25,37,27,123,90,85,158,153,93,147,35,36,66,181,39,19,54,42,119,44,108,8,83,48,109,50,51,107,87,16,55,188,101,58,59,151,61,187,199,64,98,68,41,135,84,155,114,127,73,74,159,21,184,78,79,121,167,26,81,162,30,133,67,88,0,148,91,92,40,116,82,77,97,180,99,122,52,179,168,198,183,34,33,196,189,22,111,112,113,70,115,138,178,57,176,120,80,45,105,191,71,126,72,128,137,130,117,110,197,134,53,13,129,174,1,150,131,31,143,194,145,100,15,173,149,10,56,152,43,193,106,118,157,154,75,160,76,89,9,38,165,171,47,62,102,164,17,172,12,141,20,60,177,28,156,65,170,182,140,96,69,186,7,132,136,190,185,192,139,144,63,46,166,29,195,];True
