utilA;utilB;utilSum;contract;pareto
1989;8186;10175;[34,122,25,48,10,176,83,129,8,84,67,61,74,108,21,99,16,77,112,150,56,18,62,120,24,197,26,9,143,20,3,2,121,160,92,106,130,22,38,45,124,94,161,1,165,153,187,127,39,107,87,76,50,53,93,23,30,134,137,86,69,64,101,151,54,158,199,6,117,98,19,110,81,52,182,28,162,78,60,79,185,148,167,73,41,36,46,131,59,133,96,157,138,178,164,173,66,126,198,159,140,118,109,29,154,156,142,15,135,146,43,128,85,152,172,12,181,82,192,139,33,13,111,195,40,37,71,35,88,171,189,194,31,68,116,57,0,113,196,89,5,141,119,4,183,63,51,72,147,65,102,115,14,49,55,155,184,75,80,114,177,169,191,11,104,180,163,170,95,91,90,125,149,32,97,58,100,7,175,179,27,193,136,144,70,168,17,103,105,174,190,188,186,145,42,47,132,166,123,44];True
1966;8221;10187;[34,187,25,48,10,176,83,129,8,84,67,61,74,108,21,99,16,77,112,150,56,18,62,120,24,197,26,9,143,20,3,2,121,160,92,106,130,22,38,45,124,94,161,1,165,153,122,127,39,107,87,76,50,53,93,23,30,134,137,86,69,64,101,151,54,158,199,6,117,98,19,110,81,52,182,28,162,78,60,79,185,148,167,73,41,36,46,131,59,133,96,157,138,178,164,173,66,126,198,159,140,118,109,29,154,156,142,15,135,146,43,128,85,152,172,12,181,82,192,139,33,13,111,195,40,37,71,35,88,171,189,194,31,68,116,57,0,113,196,89,5,141,119,4,183,63,51,72,147,65,102,115,14,49,55,155,184,75,80,114,177,169,191,11,104,180,163,170,95,91,90,125,149,32,97,58,100,7,175,179,27,193,136,144,70,168,17,103,105,174,190,188,186,145,42,47,132,166,123,44];False
2039;8167;10206;[3,2,25,48,10,176,83,129,8,84,67,61,74,108,21,99,16,77,112,150,56,18,62,120,24,197,26,9,143,20,71,45,121,160,92,106,130,22,38,34,124,94,161,1,165,153,187,127,39,107,87,122,50,53,93,23,30,134,137,86,76,64,101,151,54,158,199,6,117,98,19,110,81,52,182,28,162,78,60,79,185,148,167,73,41,36,46,131,59,133,96,157,138,178,164,173,66,126,198,159,140,118,109,29,154,156,142,15,135,146,43,128,85,152,172,12,181,82,192,139,33,13,111,195,40,37,174,35,88,171,189,194,31,68,116,57,0,113,196,89,5,141,119,4,183,63,51,72,147,65,102,115,14,49,55,155,184,75,80,114,177,169,191,11,104,180,163,170,95,91,90,125,149,32,97,58,100,7,175,179,27,193,136,144,70,168,17,103,105,69,190,188,186,145,42,47,132,166,123,44];False
2033;8157;10190;[69,67,25,48,10,176,83,129,8,84,122,73,74,108,21,99,16,77,112,150,56,18,62,120,24,197,26,9,143,20,3,2,121,160,92,106,130,22,38,34,124,94,161,1,165,153,187,127,39,107,87,76,50,53,93,23,30,134,137,86,49,64,101,151,54,158,199,6,117,98,19,110,81,52,182,28,162,78,60,79,185,148,167,61,41,36,46,131,59,133,96,157,138,178,164,173,66,126,198,159,140,118,109,29,154,156,142,15,135,146,43,128,85,152,172,12,181,82,192,139,33,13,111,195,40,37,71,35,88,171,189,194,31,68,116,57,0,113,196,89,5,141,119,4,183,63,51,72,147,65,102,115,14,45,55,155,184,75,80,114,177,169,191,11,104,180,163,170,95,91,90,125,149,32,97,58,100,7,175,179,27,193,136,144,70,168,17,103,105,174,190,188,186,145,42,47,132,166,123,44];False
1957;8231;10188;[28,76,25,48,10,176,83,129,8,84,67,61,74,108,21,99,16,77,112,150,56,18,62,120,24,197,26,9,143,20,3,2,121,160,92,106,130,22,38,34,124,94,161,1,165,153,187,127,39,107,87,122,50,53,93,23,30,134,137,86,69,64,101,151,54,158,199,6,117,98,19,110,81,52,182,45,162,78,60,79,185,148,167,73,41,36,46,131,59,133,96,157,138,178,164,173,66,126,198,159,140,118,109,29,154,156,142,15,135,146,43,128,85,152,172,12,181,82,192,139,33,13,111,195,40,37,71,35,88,171,189,194,31,68,116,57,0,113,196,89,5,141,119,4,183,63,51,72,147,65,102,115,14,49,55,155,184,75,80,114,177,169,191,11,104,180,163,170,95,91,90,125,149,32,97,58,100,7,175,179,27,193,136,144,70,168,17,103,105,174,190,188,186,145,42,47,132,166,123,44];False
1938;8343;10281;[69,76,25,79,10,176,83,129,8,84,67,61,74,108,21,99,16,77,112,150,56,18,62,120,24,197,26,9,143,20,3,2,121,160,92,106,130,22,38,34,124,94,161,1,165,153,187,127,39,107,87,122,50,53,93,23,30,134,137,86,45,64,101,151,54,158,199,6,117,98,19,110,81,52,182,28,162,78,60,48,185,148,167,73,41,36,46,131,59,133,96,157,138,178,164,173,66,126,198,159,140,118,109,29,154,156,142,15,135,146,43,128,85,152,172,12,181,82,192,139,33,13,111,195,40,37,71,35,88,171,189,194,31,68,116,57,0,113,196,89,5,141,119,4,183,63,51,72,147,65,102,115,14,49,55,155,184,75,80,114,177,169,191,11,104,180,163,170,95,91,90,125,149,32,97,58,100,7,175,179,27,193,136,144,70,168,17,103,105,174,190,188,186,145,42,47,132,166,123,44];False
2091;8127;10218;[34,122,25,48,10,176,43,129,8,84,67,61,74,108,21,99,16,77,112,150,56,18,62,120,24,197,26,9,143,20,3,2,167,160,92,142,130,22,38,45,124,94,161,1,165,153,187,127,39,107,87,76,50,53,93,23,30,134,137,86,69,64,101,151,54,158,199,6,117,98,19,110,81,52,182,28,162,78,60,79,185,148,121,73,41,36,46,131,59,133,96,157,138,178,164,173,66,126,198,159,140,118,109,29,154,156,106,15,135,146,83,128,85,152,172,12,181,82,192,139,33,13,111,195,40,37,71,35,88,171,189,194,31,68,116,57,0,113,196,89,5,141,119,4,183,63,51,72,147,65,102,115,14,49,55,155,184,75,80,114,177,169,191,11,104,180,163,170,95,91,90,125,149,32,97,58,100,7,175,179,27,193,136,144,70,168,17,103,105,174,190,188,186,145,42,47,132,166,123,44];False
2117;8119;10236;[34,122,25,48,10,176,83,129,8,84,67,73,92,108,21,99,16,77,112,150,56,18,62,120,24,197,26,9,143,20,3,2,121,160,74,142,130,22,38,45,124,94,161,1,165,153,187,127,39,107,87,76,50,53,93,23,30,134,137,86,69,64,101,151,54,158,199,6,117,98,19,110,81,52,182,28,162,78,60,79,185,148,167,61,41,36,46,131,59,133,96,157,138,178,164,173,66,126,198,159,140,118,109,29,154,156,106,15,135,146,43,128,85,152,172,12,181,82,192,139,33,13,111,195,40,37,71,35,88,171,189,194,31,68,116,57,0,113,196,89,5,141,119,4,183,63,51,72,147,65,102,115,14,49,55,155,184,75,80,114,177,169,191,11,104,180,163,170,95,91,90,125,149,32,97,58,100,7,175,179,27,193,136,144,70,168,17,103,105,174,190,188,186,145,42,47,132,166,123,44];False
2072;8130;10202;[174,67,25,48,10,176,83,129,8,84,122,73,74,146,21,99,16,77,112,150,56,18,62,120,24,197,26,9,143,20,3,2,121,160,92,49,130,22,38,34,124,94,161,1,165,153,187,127,39,107,87,76,50,53,93,23,30,134,137,86,69,64,101,151,54,158,199,6,117,98,19,110,81,52,182,28,162,78,60,79,185,148,167,61,41,36,46,131,59,133,96,157,138,178,164,173,66,126,198,159,140,118,109,29,154,156,106,71,15,108,43,128,85,152,172,12,181,82,192,139,33,13,111,195,40,37,135,35,88,171,189,194,31,68,116,57,0,113,196,89,5,141,119,4,183,63,51,72,147,65,102,115,14,45,55,155,184,75,80,114,177,169,191,11,104,180,163,170,95,91,90,125,149,32,97,58,100,7,175,179,27,193,136,144,70,168,17,103,105,142,190,188,186,145,42,47,132,166,123,44];True
2181;8089;10270;[174,67,25,48,10,176,83,129,8,84,122,73,74,108,21,99,16,77,112,150,56,18,62,120,24,197,26,9,143,20,3,2,160,121,92,49,130,22,38,34,124,94,161,1,165,153,187,127,39,107,87,76,50,53,93,23,30,134,137,86,69,64,101,151,54,158,199,6,117,98,19,110,81,52,182,28,162,78,60,79,185,148,167,61,41,36,46,131,59,133,96,157,138,178,164,173,66,126,198,159,140,118,109,72,154,156,106,71,135,146,43,128,85,152,172,12,181,82,192,139,33,13,111,195,40,37,15,35,88,171,189,194,31,68,116,57,0,113,196,89,5,141,119,4,183,63,51,29,147,65,102,115,14,45,55,155,184,75,80,114,177,169,191,11,104,180,163,170,95,91,90,125,149,32,97,58,100,7,175,179,27,193,136,144,70,168,17,103,105,142,190,188,186,145,42,47,132,166,123,44];False
2218;8077;10295;[174,67,25,48,10,176,83,129,8,84,122,73,74,108,21,99,16,77,112,150,56,18,69,120,24,197,26,9,143,20,3,2,121,160,92,49,130,22,38,34,124,94,161,1,165,153,187,127,39,107,87,76,50,53,93,23,30,134,137,86,62,64,101,151,54,158,199,6,117,98,19,110,81,52,182,28,162,78,60,79,185,148,167,61,41,36,46,131,59,133,96,157,138,178,164,173,66,126,198,159,140,118,109,29,154,156,106,71,135,146,43,128,85,152,172,12,181,82,192,139,33,13,111,195,11,37,15,35,88,171,189,194,31,68,116,57,0,113,196,89,5,141,119,4,183,63,51,72,147,65,102,115,14,45,55,155,184,75,80,114,177,169,191,40,104,180,163,170,95,91,90,125,149,32,97,58,100,7,175,179,27,193,136,144,70,168,17,103,105,142,190,188,186,145,42,47,132,166,123,44];False
2198;8086;10284;[174,67,25,135,10,176,83,129,8,84,122,73,74,108,21,99,16,77,112,150,56,18,62,120,24,197,26,9,143,20,3,2,121,160,92,49,130,22,38,34,124,94,161,1,165,153,187,127,39,107,87,76,50,53,93,23,30,134,137,86,69,64,101,151,54,158,199,6,117,98,19,110,81,52,182,28,162,78,60,79,185,148,167,61,41,36,46,131,59,133,96,157,138,178,164,173,66,126,198,159,140,118,109,29,154,156,106,71,48,146,43,128,85,152,172,12,181,82,192,139,33,13,111,195,40,37,15,35,88,171,189,194,102,68,116,57,0,113,196,89,5,141,119,4,183,63,51,72,147,65,31,115,14,45,55,155,184,75,80,114,177,169,191,11,104,180,163,170,95,91,90,125,149,32,97,58,100,7,175,179,27,193,136,144,70,168,17,103,105,142,190,188,186,145,42,47,132,166,123,44];False
2228;8076;10304;[174,67,25,135,10,176,83,129,8,84,122,73,74,108,21,99,16,77,112,150,56,18,62,120,24,197,26,9,143,20,3,2,121,160,92,49,130,22,38,34,124,94,161,1,165,153,187,127,39,107,87,76,50,53,93,23,30,134,137,86,69,64,101,151,54,158,199,6,117,98,186,110,81,52,182,28,162,78,60,79,185,148,167,61,41,36,46,131,59,133,96,157,138,178,164,173,66,126,198,159,140,118,109,29,154,156,106,71,48,146,43,128,85,152,172,12,181,82,192,139,33,13,111,195,40,37,15,35,88,171,189,194,31,68,116,57,0,113,196,89,5,141,119,4,183,63,51,72,147,65,102,115,14,45,55,155,184,75,80,114,177,169,191,11,104,180,163,170,95,91,90,125,149,32,97,58,100,7,175,179,27,193,136,144,70,168,17,103,105,142,190,188,19,145,42,47,132,166,123,44];False
2234;8069;10303;[174,67,25,48,10,176,43,129,8,84,122,73,74,108,21,99,16,77,112,150,56,18,62,120,24,197,26,9,143,20,3,2,160,121,92,49,130,22,38,34,124,94,161,1,165,153,187,127,39,107,87,76,50,53,93,23,30,134,137,86,69,64,101,151,54,158,199,6,117,98,19,110,81,52,182,28,162,78,60,79,185,148,167,61,41,36,46,131,59,133,96,157,138,178,164,173,66,126,198,159,140,118,109,29,154,156,106,71,135,146,83,128,85,152,172,12,181,82,192,139,33,13,111,195,11,37,15,35,88,171,189,194,31,68,116,57,0,113,196,89,5,141,119,4,183,63,51,72,147,65,102,115,14,45,55,155,184,75,80,114,177,169,191,40,104,180,163,170,95,91,90,125,149,32,97,58,100,7,175,179,27,193,136,144,70,168,17,103,105,142,190,188,186,145,42,47,132,166,123,44];False
2346;8037;10383;[174,67,40,150,10,176,83,129,8,84,69,73,74,56,21,99,16,77,112,48,108,18,62,120,24,197,26,9,143,20,3,2,121,160,92,49,130,22,38,34,124,94,161,1,165,153,187,127,39,107,87,76,50,53,93,23,30,134,137,86,122,64,101,151,54,158,199,6,117,98,186,110,81,52,182,28,162,78,60,79,185,148,167,61,41,36,46,131,59,133,96,157,138,178,164,173,66,126,198,159,140,118,109,29,154,156,106,71,135,146,43,128,85,152,172,12,181,82,192,139,33,13,111,195,25,37,15,35,88,171,189,194,31,68,116,57,0,113,196,89,5,141,119,4,183,63,51,72,147,65,102,115,14,45,55,155,184,75,80,114,177,169,191,11,104,180,163,170,95,91,90,125,149,32,97,58,100,7,175,179,27,193,136,144,70,168,17,103,105,142,190,188,19,145,42,47,132,166,123,44];False
2202;8073;10275;[174,184,121,160,10,176,43,129,8,84,122,73,74,108,21,99,16,77,112,150,56,18,62,120,24,197,26,9,143,20,3,2,25,48,92,49,130,22,38,34,124,94,161,1,165,153,187,127,39,107,87,76,50,53,93,23,30,134,137,86,69,64,101,151,54,158,199,6,117,98,19,110,81,52,182,28,162,78,60,79,185,148,167,61,41,36,46,131,59,133,96,157,138,178,164,173,66,126,198,159,140,118,109,29,154,156,106,71,135,146,83,128,85,152,172,12,181,82,192,139,33,13,111,195,11,37,15,35,88,171,189,194,31,68,116,57,0,113,196,89,5,141,119,4,183,63,51,72,147,65,102,115,14,45,55,155,67,75,80,114,177,169,191,40,104,180,163,170,95,91,90,125,149,32,97,58,100,7,175,179,27,193,136,144,70,168,17,103,105,142,190,188,186,145,42,47,132,166,123,44];False
2296;8044;10340;[34,4,121,160,10,176,43,129,8,84,122,73,74,108,21,99,16,77,112,150,56,18,62,120,24,197,26,9,143,20,3,2,25,48,92,49,130,22,38,174,124,94,161,1,165,153,187,127,39,107,87,76,50,53,93,23,30,134,137,86,69,64,101,151,54,158,199,6,117,98,19,110,81,52,182,28,162,78,60,79,185,148,167,61,41,36,46,131,59,133,96,157,138,178,164,173,66,126,198,159,140,118,109,29,154,156,106,71,135,146,83,128,85,152,172,12,181,82,192,139,33,13,111,195,11,37,15,35,88,171,189,194,31,68,116,57,0,113,196,89,5,141,119,67,183,63,51,72,147,65,102,115,14,45,55,155,184,75,80,114,177,169,191,40,104,180,163,170,95,91,90,125,149,32,97,58,100,7,175,179,27,193,136,144,70,168,17,103,105,142,190,188,186,145,42,47,132,166,123,44];False
2407;8023;10430;[174,149,38,150,10,176,83,129,8,84,122,73,74,56,21,99,16,77,112,48,108,18,69,120,24,197,26,9,143,20,3,2,121,160,92,49,130,22,40,34,124,94,161,1,165,153,187,127,39,107,87,76,50,53,93,23,30,134,137,86,62,64,101,151,54,158,199,6,117,98,186,110,81,52,182,28,162,78,60,79,185,148,167,61,41,36,46,131,59,133,96,157,138,178,164,173,66,126,198,159,140,118,109,29,154,156,106,71,135,146,43,128,85,152,172,12,181,82,192,139,33,13,111,195,25,37,15,35,88,171,189,194,31,68,116,57,0,113,196,89,5,141,119,4,183,63,51,72,147,65,102,115,14,45,55,155,184,75,80,114,177,169,191,11,104,180,163,170,95,91,90,125,67,32,97,58,100,7,175,179,27,193,136,144,70,168,17,103,105,142,190,188,19,145,42,47,132,166,123,44];False
2325;8034;10359;[174,69,38,150,10,176,83,129,8,84,67,73,74,56,21,99,16,77,112,48,108,18,62,120,24,197,26,9,143,20,3,2,121,160,92,49,130,22,40,34,124,94,161,1,165,153,187,127,39,107,87,76,50,53,93,23,30,134,137,86,122,64,101,151,54,158,199,6,117,98,186,110,81,52,182,28,162,78,60,79,185,148,167,61,41,36,46,131,59,133,96,157,138,178,164,173,66,126,198,159,140,118,109,29,154,156,106,71,135,146,43,128,85,152,172,12,181,82,192,139,33,13,111,195,25,37,15,35,88,171,189,194,31,68,116,57,0,113,196,89,5,141,119,4,183,63,51,72,147,65,102,115,14,45,55,155,184,75,80,114,177,169,191,11,104,180,163,170,95,91,90,125,149,32,97,58,100,7,175,179,27,193,136,144,70,168,17,103,105,142,190,188,19,145,42,47,132,166,123,44];False
2619;8013;10632;[108,67,38,150,10,176,83,129,8,16,69,73,74,56,21,99,84,77,112,48,92,18,62,120,24,197,26,9,143,20,3,2,121,160,174,49,130,22,40,34,124,94,161,1,165,153,187,127,39,107,87,76,50,53,93,23,30,134,137,86,122,64,101,151,54,158,199,6,117,98,186,110,81,52,182,28,162,78,60,79,185,148,167,61,41,36,46,131,59,133,96,157,138,178,164,173,66,126,198,159,140,118,109,29,154,156,106,71,135,146,43,128,85,152,172,12,181,82,192,139,33,13,111,195,25,37,15,35,88,171,189,194,31,68,116,57,0,113,196,89,5,141,119,4,183,63,51,72,147,65,102,115,14,45,55,155,184,75,80,114,177,169,191,11,104,180,163,170,95,91,90,125,149,32,97,58,100,7,175,179,27,193,136,144,70,168,17,103,105,142,190,188,19,145,42,47,132,166,123,44];False
2473;8013;10486;[69,67,38,150,10,176,83,129,8,16,99,73,74,56,21,92,84,77,112,48,108,18,62,120,24,197,26,9,143,20,3,2,121,160,174,49,130,22,40,34,124,94,161,1,165,153,187,127,39,107,87,76,50,53,93,23,30,134,137,86,122,64,101,151,54,158,199,6,117,98,186,110,81,52,182,28,162,78,60,79,185,148,167,61,41,36,46,131,59,133,96,157,138,178,164,173,66,126,198,159,140,118,109,29,154,156,106,71,135,146,43,128,85,152,172,12,181,82,192,139,33,13,111,195,25,37,15,35,88,171,189,194,31,68,116,57,0,113,196,89,5,141,119,4,183,63,51,72,147,65,102,115,14,45,55,155,184,75,80,114,177,169,191,11,104,180,163,170,95,91,90,125,149,32,97,58,100,7,175,179,27,193,136,144,70,168,17,103,105,142,190,188,19,145,42,47,132,166,123,44];False
2739;7996;10735;[108,67,38,150,10,176,83,129,8,69,73,74,20,56,21,99,16,77,112,48,92,18,62,120,24,197,26,9,143,84,3,2,121,160,174,49,130,22,40,34,124,94,161,1,165,153,187,127,39,107,87,76,50,53,93,23,30,134,137,86,122,64,101,151,54,158,199,6,117,98,186,110,81,52,182,28,162,78,60,79,185,148,167,61,41,36,46,131,59,133,96,157,138,178,164,173,66,126,198,159,140,118,109,29,154,156,106,71,135,146,43,128,85,152,172,12,181,82,192,139,33,13,111,195,25,37,15,35,88,171,189,194,31,68,116,57,0,113,196,89,5,141,119,4,183,63,51,72,147,65,102,115,14,45,55,155,184,75,80,114,177,169,191,11,104,180,163,170,95,91,90,125,149,32,97,58,100,7,175,179,27,193,136,144,70,168,17,103,105,142,190,188,19,145,42,47,132,166,123,44];False
1535;9103;10638;[49,67,112,48,10,1,2,129,8,84,122,107,101,118,105,99,141,17,45,15,173,18,25,120,24,197,26,9,109,20,146,193,147,65,92,142,130,22,38,34,3,94,75,12,165,153,187,127,39,73,87,76,50,53,93,27,30,134,58,86,181,82,23,151,54,158,121,6,117,98,78,110,81,52,108,74,183,83,135,79,185,148,167,61,59,36,46,5,41,133,96,157,138,178,152,56,66,126,198,159,140,19,51,29,154,156,160,71,69,190,43,128,85,164,111,192,40,124,150,139,33,13,172,195,182,37,60,35,88,145,189,194,31,171,116,57,186,113,196,89,162,106,119,28,4,97,131,0,199,62,102,115,14,114,55,155,184,161,80,137,177,169,191,11,104,180,163,170,95,91,90,125,149,32,68,63,100,7,175,143,174,16,136,144,70,168,64,103,21,72,77,188,179,176,42,47,132,166,123,44];True
1653;9035;10688;[84,67,112,48,10,1,2,129,8,193,122,107,174,118,105,99,141,17,45,15,173,18,25,120,24,197,26,9,109,20,146,49,147,65,92,142,130,22,38,34,3,94,75,12,165,153,187,127,39,73,87,76,50,53,93,23,30,134,58,86,181,82,101,151,54,158,121,6,117,98,78,110,81,52,108,74,183,192,135,79,185,148,167,61,59,36,46,5,41,133,96,157,138,178,152,56,66,126,198,159,140,19,51,29,154,156,160,71,69,190,43,128,85,164,111,83,40,124,150,139,33,13,172,195,182,37,60,35,88,145,189,194,31,171,116,57,186,113,196,89,162,106,119,28,4,97,131,0,199,62,102,115,14,114,55,155,184,161,80,137,177,169,191,11,104,180,163,170,95,91,90,125,149,32,68,63,100,7,175,143,27,16,136,144,70,168,64,103,21,72,77,188,179,176,42,47,132,166,123,44];False
1622;9049;10671;[84,67,112,48,10,1,2,129,8,45,122,107,101,118,105,99,106,17,193,15,173,18,25,120,24,197,26,9,109,20,146,49,147,65,92,142,130,22,38,34,3,94,75,12,165,153,187,127,39,73,87,76,50,53,93,27,30,134,137,86,181,82,23,151,54,158,121,6,117,98,78,110,81,52,108,74,183,83,135,79,185,148,167,61,59,36,46,5,41,133,96,157,138,178,152,56,66,126,198,159,140,19,131,29,154,156,160,71,69,190,43,128,85,164,111,192,40,124,150,139,33,13,172,195,182,37,60,35,88,145,189,194,31,171,116,57,186,113,196,89,162,141,119,28,4,97,51,0,199,62,102,115,14,114,55,155,184,161,80,58,177,169,191,11,104,180,163,170,95,91,90,125,149,32,68,63,100,7,175,143,174,16,136,144,70,168,64,103,21,72,77,188,179,176,42,47,132,166,123,44];False
1624;9041;10665;[174,67,112,48,10,1,2,129,8,84,122,107,101,118,105,99,106,17,45,15,173,18,25,120,24,197,26,9,109,20,146,49,147,65,92,142,130,22,38,34,3,94,75,12,165,153,187,127,39,73,87,76,50,53,93,27,30,134,58,86,181,82,23,151,54,158,121,6,117,98,78,110,81,52,108,74,183,83,135,79,185,148,167,61,59,36,46,5,41,133,96,157,138,178,152,56,66,126,198,159,140,19,131,29,154,156,160,71,69,190,43,128,85,164,111,192,40,124,150,139,33,13,172,195,182,149,60,35,88,145,189,194,31,171,116,57,186,113,196,89,162,141,119,28,4,97,51,0,199,62,102,115,14,114,55,155,184,161,80,137,177,169,191,11,104,180,163,170,95,91,90,125,37,32,68,63,100,7,175,143,193,16,136,144,70,168,64,103,21,72,77,188,179,176,42,47,132,166,123,44];False
1587;9060;10647;[147,67,112,48,10,1,2,129,8,84,122,107,101,118,105,99,116,17,193,15,173,18,25,120,24,197,26,9,109,20,146,49,45,65,92,142,130,22,38,34,3,94,75,12,165,153,187,127,39,73,87,76,50,53,93,27,30,134,137,86,181,82,23,151,54,158,121,6,117,98,78,110,81,52,108,74,183,83,135,79,185,148,167,61,59,36,46,5,41,133,96,157,138,178,152,56,66,126,198,159,140,19,131,29,154,156,160,71,69,190,43,128,85,164,111,192,40,124,150,139,33,13,172,195,182,37,60,35,88,145,189,194,31,171,141,57,186,113,196,89,162,106,119,28,4,97,51,0,199,62,102,115,14,114,55,155,184,161,80,58,177,169,191,11,104,180,163,170,95,91,90,125,149,32,68,63,100,7,175,143,174,16,136,144,70,168,64,103,21,72,77,188,179,176,42,47,132,166,123,44];False
1659;9022;10681;[90,67,12,193,10,1,2,129,8,48,122,107,174,118,105,99,141,17,45,15,173,18,25,120,24,197,26,9,109,20,146,49,147,65,92,142,130,22,38,34,3,94,75,112,165,153,187,127,39,73,87,76,50,53,93,23,30,134,58,86,181,82,101,151,54,158,121,6,117,98,78,110,81,52,108,74,183,192,135,79,185,148,167,61,59,36,46,5,41,133,96,157,138,178,152,56,66,126,198,159,140,19,51,29,154,156,160,71,69,190,43,128,85,164,111,83,40,124,150,139,33,13,172,195,182,37,60,35,88,145,189,194,31,171,116,57,186,113,196,89,162,106,119,28,4,97,131,0,199,62,102,115,14,114,55,155,184,161,80,137,177,169,191,11,104,180,163,170,95,91,84,125,149,32,68,63,100,7,175,143,27,16,136,144,70,168,64,103,21,72,77,188,179,176,42,47,132,166,123,44];False
1918;8769;10687;[196,64,112,48,10,1,91,129,8,84,122,107,174,19,105,99,16,77,193,60,56,18,62,120,24,197,26,9,109,20,3,2,121,4,92,49,130,22,38,34,67,94,75,12,165,153,187,127,39,73,87,76,50,53,93,23,30,134,58,86,181,82,101,151,54,158,199,6,117,98,78,110,81,52,69,28,162,192,135,79,185,148,167,61,59,36,46,131,41,133,96,157,138,178,164,173,66,126,198,159,140,118,186,29,154,156,160,71,108,146,43,128,85,152,111,83,40,124,150,139,33,13,172,195,182,37,15,35,88,145,189,194,31,171,116,57,0,113,97,89,5,141,119,74,183,25,51,72,147,65,102,115,14,45,55,155,184,161,80,114,177,169,191,11,104,180,163,170,95,137,90,125,149,32,68,63,100,7,175,143,27,106,136,144,70,168,17,103,21,142,190,188,179,176,42,47,132,166,123,44];False
1522;9167;10689;[49,67,112,48,10,1,2,129,8,84,122,107,101,118,105,99,141,17,45,15,173,18,25,120,24,197,26,9,109,20,146,193,147,65,92,142,130,22,38,34,3,94,75,12,165,153,187,127,39,73,87,76,50,53,93,27,30,134,137,86,181,82,23,151,54,158,121,6,117,98,78,110,81,52,108,74,183,83,135,79,185,148,167,61,59,36,46,5,41,133,96,157,138,178,152,56,66,126,198,159,140,19,131,29,154,156,160,71,69,190,43,128,85,164,111,192,40,124,150,139,33,13,172,195,182,37,60,35,88,145,189,194,31,171,116,57,186,113,196,89,162,106,119,28,4,97,51,0,199,62,102,115,14,114,55,155,184,161,80,58,177,169,191,11,104,180,163,170,95,91,90,125,149,32,68,63,100,7,175,143,174,16,136,144,70,168,64,103,21,72,77,188,179,176,42,47,132,166,123,44];True
1931;8757;10688;[34,64,112,48,10,1,2,129,8,84,122,107,174,19,105,99,16,77,193,60,56,18,62,120,24,197,26,9,109,20,3,91,121,4,92,49,130,22,38,196,67,94,75,12,165,153,187,127,39,73,87,76,50,53,93,23,30,134,58,86,181,82,101,151,54,158,199,6,117,98,78,110,81,52,69,28,162,192,135,79,185,148,167,61,59,36,46,131,41,133,96,157,138,178,164,173,66,126,198,159,140,118,186,29,154,156,160,71,108,146,43,128,85,152,111,83,40,124,150,139,33,13,172,195,182,37,15,35,88,145,189,194,31,171,116,57,0,113,97,89,5,141,119,74,183,25,51,72,147,65,102,115,14,45,55,155,184,161,80,114,177,169,191,11,104,180,163,170,95,137,90,125,149,32,68,63,100,7,175,143,27,106,136,144,70,168,17,103,21,142,190,188,179,176,42,47,132,166,123,44];False
1659;8984;10643;[143,67,84,193,10,1,2,129,8,48,122,107,174,118,105,99,141,17,45,15,173,18,25,120,24,197,26,9,109,20,146,49,147,65,92,142,130,22,38,34,3,94,75,112,165,153,187,127,39,73,87,76,50,53,93,23,30,134,58,86,181,82,101,151,54,158,121,6,117,98,78,110,81,52,108,74,183,192,135,79,185,148,167,61,59,36,46,5,41,133,96,157,138,178,152,56,66,126,198,159,140,19,51,29,154,156,160,71,69,190,43,128,85,164,111,83,40,124,150,139,33,13,172,195,182,37,60,35,88,145,189,194,31,171,116,57,186,113,196,89,162,106,119,28,4,97,131,0,199,62,102,115,14,114,55,155,184,161,80,137,177,169,191,11,104,180,163,170,95,91,90,125,149,32,68,63,100,7,175,12,27,16,136,144,70,168,64,103,21,72,77,188,179,176,42,47,132,166,123,44];True
1515;9170;10685;[193,67,112,48,10,1,2,129,8,84,122,107,101,118,105,99,141,17,45,15,173,18,25,120,24,197,26,9,109,20,146,49,147,65,92,142,130,22,38,34,3,94,75,12,165,153,187,127,39,73,87,76,50,53,93,27,30,134,137,86,181,82,23,151,54,158,121,6,117,98,78,110,81,52,108,74,183,83,135,79,185,148,167,61,59,36,46,5,41,133,96,157,138,178,152,56,66,126,198,159,140,19,131,29,154,156,160,71,69,190,43,128,85,164,111,192,40,124,150,139,33,13,172,195,182,149,60,35,88,145,189,194,31,171,116,57,186,113,196,89,162,106,119,28,4,97,51,0,199,62,102,115,14,114,55,155,184,161,80,58,177,169,191,11,104,180,163,170,95,91,90,125,37,32,68,63,100,7,175,143,174,16,136,144,70,168,64,103,21,72,77,188,179,176,42,47,132,166,123,44];True
1905;8851;10756;[25,64,112,48,10,1,114,129,8,84,122,107,174,19,105,99,16,77,193,60,56,18,62,120,24,197,26,9,109,20,3,2,121,4,92,49,130,22,38,34,67,94,75,12,165,153,187,127,39,73,87,76,50,53,93,23,30,134,58,86,181,82,101,151,54,158,199,6,117,98,78,110,81,52,69,28,162,192,135,79,185,148,167,61,59,36,46,131,41,133,96,157,138,178,164,173,66,126,198,159,140,118,186,29,154,156,160,71,108,146,43,128,85,152,111,83,40,124,150,139,33,13,172,195,182,37,15,35,88,145,189,194,31,171,116,57,0,113,196,89,5,141,119,74,183,97,51,72,147,65,102,115,14,45,55,155,184,161,80,91,177,169,191,11,104,180,163,170,95,137,90,125,149,32,68,63,100,7,175,143,27,106,136,144,70,168,17,103,21,142,190,188,179,176,42,47,132,166,123,44];False
1902;8837;10739;[25,64,112,48,10,1,114,129,8,84,122,107,174,19,105,99,16,77,193,60,56,18,62,120,24,197,26,9,109,20,3,91,121,4,92,49,130,22,38,34,67,94,75,12,165,153,187,127,39,73,87,76,50,53,93,23,30,134,58,86,181,82,101,151,54,158,199,6,117,98,78,110,81,52,69,28,162,192,135,79,185,148,167,61,59,36,46,131,41,133,96,157,138,178,164,173,66,126,198,159,140,118,186,29,154,156,160,71,108,146,43,128,85,152,111,83,40,124,150,139,33,13,172,195,182,37,15,35,88,145,189,194,31,171,116,57,0,113,196,89,5,141,119,74,183,97,51,72,147,65,102,115,14,45,55,155,184,161,80,2,177,169,191,11,104,180,163,170,95,137,90,125,149,32,68,63,100,7,175,143,27,106,136,144,70,168,17,103,21,142,190,188,179,176,42,47,132,166,123,44];False
1895;8843;10738;[34,67,193,48,10,1,2,129,8,84,122,107,174,19,105,99,106,77,112,60,173,18,62,120,24,197,26,9,109,20,3,114,121,25,92,49,130,22,38,4,64,94,75,12,165,153,187,127,39,73,87,76,50,53,93,23,30,134,58,86,181,82,101,151,54,158,199,6,117,98,78,110,81,52,69,28,162,192,135,79,185,148,167,61,59,36,46,131,41,133,96,157,138,178,152,56,66,126,198,159,140,118,186,29,154,156,160,71,108,146,43,128,85,164,111,83,40,124,150,139,33,13,172,195,182,37,15,35,88,145,189,194,31,171,116,57,0,113,196,89,5,141,119,74,183,97,51,72,147,65,102,115,14,45,55,155,184,161,80,137,177,169,191,11,104,180,163,170,95,91,90,125,149,32,68,63,100,7,175,143,27,16,136,144,70,168,17,103,21,142,190,188,179,176,42,47,132,166,123,44];False
1906;8825;10731;[4,67,112,48,10,1,91,129,8,84,122,107,174,19,105,99,106,77,193,60,56,18,62,120,24,197,26,9,109,20,3,2,121,25,92,49,130,22,38,34,64,94,75,12,165,153,187,127,39,73,87,76,50,53,93,23,30,134,58,86,181,82,101,151,54,158,199,6,117,98,78,110,81,52,69,28,162,192,135,79,185,148,167,61,59,36,46,131,41,133,96,157,138,178,164,173,66,126,198,159,140,118,186,29,154,156,160,71,108,146,43,128,85,152,111,83,40,124,150,139,33,13,172,195,182,37,15,35,88,145,189,194,31,171,116,57,0,113,196,89,5,141,119,74,183,97,51,72,147,65,102,115,14,45,55,155,184,161,80,114,177,169,191,11,104,180,163,170,95,137,90,125,149,32,68,63,100,7,175,143,27,16,136,144,70,168,17,103,21,142,190,188,179,176,42,47,132,166,123,44];False
1817;8965;10782;[90,149,165,193,10,1,2,129,8,105,122,107,174,118,48,99,141,17,45,15,173,18,25,120,24,197,26,9,109,20,146,49,147,65,92,142,130,22,38,34,3,94,75,112,27,153,187,127,39,73,87,76,50,53,93,23,30,134,58,86,181,82,101,151,54,158,121,6,117,98,78,110,81,52,108,74,183,192,135,79,185,148,167,12,59,36,46,5,41,133,96,157,138,178,152,56,66,126,198,159,140,19,51,29,154,156,160,71,69,190,43,128,85,164,111,83,40,124,150,139,33,13,172,195,182,37,60,35,88,145,189,194,31,171,116,57,186,113,196,89,162,106,119,28,4,97,131,0,199,62,102,115,14,114,55,155,184,161,80,137,177,169,191,11,104,180,163,170,95,91,84,125,67,32,68,63,100,7,175,143,61,16,136,144,70,168,64,103,21,72,77,188,179,176,42,47,132,166,123,44];False
1882;8849;10731;[20,67,112,48,10,1,2,129,8,84,122,107,174,19,105,99,106,77,193,60,173,18,62,120,24,197,26,9,109,4,3,114,121,25,92,49,130,22,38,34,64,94,75,12,165,153,187,127,39,73,87,76,50,53,93,23,30,134,58,86,181,82,101,151,54,158,199,6,117,98,78,110,81,52,69,28,162,192,135,79,185,148,167,61,59,36,46,131,41,133,96,157,138,178,152,56,66,126,198,159,140,118,186,29,154,156,160,71,108,146,43,128,85,164,111,83,40,124,150,139,33,13,172,195,182,37,15,35,88,145,189,194,31,171,116,57,0,113,196,89,5,141,119,74,183,97,51,72,147,65,102,115,14,45,55,155,184,161,80,137,177,169,191,11,104,180,163,170,95,91,90,125,149,32,68,63,100,7,175,143,27,16,136,144,70,168,17,103,21,142,190,188,179,176,42,47,132,166,123,44];False
1810;8960;10770;[198,49,112,48,10,1,2,129,8,84,122,107,3,19,105,99,141,17,193,15,173,18,25,120,24,197,26,9,109,20,146,114,147,65,92,142,130,22,38,174,67,94,75,12,165,153,187,127,39,73,87,76,50,53,93,23,30,134,58,86,181,82,101,151,54,158,121,6,117,98,78,110,81,52,108,74,183,192,135,79,185,148,167,61,59,36,46,5,41,133,96,157,138,178,152,56,66,126,34,159,140,118,51,29,154,156,160,71,69,190,43,128,85,164,111,83,40,124,150,139,33,13,172,195,182,149,60,35,88,145,189,194,31,171,116,57,186,113,196,89,162,106,119,28,4,97,131,0,199,62,102,115,14,45,55,155,184,161,80,137,177,169,191,11,104,180,163,170,95,91,90,125,37,32,68,63,100,7,175,143,27,16,136,144,70,168,64,103,21,72,77,188,179,176,42,47,132,166,123,44];False
2730;7995;10725;[99,67,38,150,10,176,83,129,8,69,73,74,20,56,21,92,143,77,112,48,108,18,62,120,24,197,26,9,16,84,3,2,121,160,174,49,130,22,40,34,124,94,161,1,165,153,187,127,39,107,87,76,50,53,93,23,30,134,137,86,122,64,101,151,54,158,199,6,117,98,186,110,81,52,182,28,162,78,60,79,185,148,167,61,41,36,46,131,59,133,96,157,138,178,164,173,66,126,198,159,140,118,109,29,154,156,106,71,135,146,43,128,85,152,172,12,181,82,192,139,33,13,111,195,25,37,15,35,88,171,189,194,31,68,116,57,0,113,196,89,5,141,119,4,183,63,51,72,147,65,102,115,14,45,55,155,184,75,80,114,177,169,191,11,104,180,163,170,95,91,90,125,149,32,97,58,100,7,175,179,27,193,136,144,70,168,17,103,105,142,190,188,19,145,42,47,132,166,123,44];False
1832;8949;10781;[25,64,112,48,10,1,2,129,8,84,122,107,174,19,105,99,141,77,193,15,173,18,62,120,24,197,26,9,109,20,3,114,121,4,92,49,130,22,38,34,67,94,75,12,165,153,187,127,39,73,87,76,50,53,93,23,30,134,58,86,181,82,101,151,54,158,199,6,117,98,78,110,81,52,69,28,162,135,192,79,185,148,167,61,59,36,46,131,41,133,96,157,138,178,152,56,66,126,198,159,140,118,186,29,154,156,160,71,108,146,43,128,85,164,111,83,40,124,150,139,33,13,172,195,182,37,60,35,88,145,189,194,31,171,116,57,0,113,196,89,5,106,119,74,183,97,51,72,147,65,102,115,14,45,55,155,184,161,80,137,177,169,191,11,104,180,163,170,95,91,90,125,149,32,68,63,100,7,175,143,27,16,136,144,70,168,17,103,21,142,190,188,179,176,42,47,132,166,123,44];False
2714;7991;10705;[84,67,38,150,10,176,83,129,8,69,73,74,20,56,21,99,92,77,112,48,108,18,62,120,24,197,26,9,16,143,3,2,121,160,174,49,130,22,40,34,124,94,161,1,165,153,187,127,39,107,87,76,50,53,93,23,30,134,137,86,122,64,101,151,54,158,199,6,117,98,186,110,81,52,182,28,162,78,60,79,185,148,167,61,41,36,46,131,59,133,96,157,138,178,164,173,66,126,198,159,140,118,109,29,154,156,106,71,135,146,43,128,85,152,172,12,181,82,192,139,33,13,111,195,25,37,15,35,88,171,189,194,31,68,116,57,0,113,196,89,5,141,119,4,183,63,51,72,147,65,102,115,14,45,55,155,184,75,80,114,177,169,191,11,104,180,163,170,95,91,90,125,149,32,97,58,100,7,175,179,27,193,136,144,70,168,17,103,105,142,190,188,19,145,42,47,132,166,123,44];False
2917;7976;10893;[34,67,38,150,10,176,83,129,8,16,69,74,20,56,21,99,92,77,112,48,108,18,62,120,24,197,26,9,143,84,3,2,121,160,174,49,130,22,40,73,124,94,161,1,165,153,187,127,39,107,87,76,50,53,93,23,30,134,137,86,122,64,101,151,54,158,199,6,117,98,186,110,81,52,182,28,162,78,60,79,185,148,167,61,41,36,46,131,59,133,96,157,138,178,164,173,66,126,198,159,140,118,109,29,154,156,106,71,135,146,43,128,85,152,172,12,181,82,192,139,33,13,111,195,25,37,15,35,88,171,189,194,31,68,116,57,0,113,196,89,5,141,119,4,183,63,51,72,147,65,102,115,14,45,55,155,184,75,80,114,177,169,191,11,104,180,163,170,95,91,90,125,149,32,97,58,100,7,175,179,27,193,136,144,70,168,17,103,105,142,190,188,19,145,42,47,132,166,123,44];False
6685;7917;14602;[199,169,22,132,66,135,171,57,7,130,163,122,12,174,149,98,193,191,38,196,161,136,45,105,194,115,46,44,139,190,109,111,184,51,34,91,69,28,8,118,180,27,140,48,92,90,131,148,9,14,3,142,29,61,145,94,13,101,75,36,176,26,164,128,52,2,167,170,123,50,146,71,198,73,82,49,133,166,186,107,77,159,18,4,181,88,70,108,21,106,154,59,197,24,32,195,10,110,11,152,72,127,30,114,182,37,85,55,158,175,6,1,117,120,157,173,17,79,185,102,23,172,39,78,83,125,33,35,165,40,87,84,68,93,103,65,147,153,15,144,156,155,31,143,53,183,97,41,0,89,25,62,5,134,112,104,99,160,74,20,138,168,188,126,16,162,19,137,60,179,47,43,187,76,151,141,80,58,64,96,177,42,189,178,86,119,81,67,129,192,150,56,100,54,113,116,124,63,95,121];False
6646;7922;14568;[135,132,22,136,174,169,171,57,7,130,163,122,12,199,149,98,193,191,38,196,161,66,45,105,194,115,46,44,139,190,109,111,184,51,34,91,69,28,8,118,180,27,140,48,92,90,131,148,9,14,3,142,29,61,145,94,13,101,75,36,176,26,164,128,52,2,167,170,123,50,146,71,198,73,82,49,133,166,186,107,77,159,18,4,181,88,70,108,21,106,154,59,197,24,32,195,10,110,11,152,72,127,30,114,182,37,85,55,158,175,6,1,117,120,157,173,17,79,185,102,23,172,39,78,83,125,33,35,165,40,87,84,68,93,103,65,147,153,15,144,156,155,31,143,53,183,97,41,0,89,25,62,5,134,112,104,99,160,74,20,138,168,188,126,16,162,19,137,60,179,47,43,187,76,151,141,80,58,64,96,177,42,189,178,86,119,81,67,129,192,150,56,100,54,113,116,124,63,95,121];False
6883;7833;14716;[198,169,22,132,136,135,171,57,7,130,163,122,12,199,149,98,193,191,38,196,161,66,45,105,194,115,46,44,139,190,109,111,184,51,34,91,69,28,8,118,180,27,140,48,92,90,131,148,9,14,3,142,29,61,145,94,13,101,75,36,176,26,164,128,52,2,167,170,123,50,146,71,174,73,82,49,133,166,186,107,77,159,18,4,181,88,70,108,21,106,154,59,197,24,32,195,10,110,11,152,72,127,30,114,182,37,85,55,158,175,6,1,117,120,157,173,17,79,185,102,23,172,39,78,83,125,33,35,165,40,87,84,68,93,103,65,147,153,15,144,156,155,31,143,53,183,97,41,0,89,25,62,5,134,112,104,99,160,74,20,138,168,188,126,16,162,19,137,60,179,47,43,187,76,151,141,80,58,64,96,177,42,189,178,86,119,81,67,129,192,150,56,100,54,113,116,124,63,95,121];False
7205;7777;14982;[194,174,22,66,7,135,171,57,23,130,163,122,12,199,149,98,193,191,38,196,161,136,45,105,124,115,46,44,139,190,109,111,184,51,34,91,69,28,8,118,180,25,140,48,92,90,131,148,9,14,3,142,29,61,145,94,13,101,75,36,176,26,164,128,52,2,167,107,123,50,146,71,198,132,82,49,133,189,186,170,77,159,18,4,181,88,70,108,21,106,154,59,197,24,32,195,10,110,11,152,72,127,30,114,182,37,85,55,158,175,6,1,117,120,157,173,17,79,185,102,169,172,39,78,83,125,33,35,165,40,87,84,68,93,103,65,147,153,15,144,156,155,31,143,53,183,97,41,0,89,27,62,5,134,112,104,99,160,74,20,138,168,188,126,16,162,19,137,60,179,47,43,187,76,151,141,80,58,64,96,177,42,166,178,86,119,81,67,129,192,150,56,100,54,113,116,73,63,95,121];False
7184;7786;14970;[50,174,22,136,7,135,171,57,23,130,163,122,12,199,149,98,193,191,38,196,161,66,45,105,194,115,46,44,139,190,109,111,184,51,34,91,69,28,8,118,180,25,140,48,92,90,131,148,9,14,3,142,29,61,145,94,13,101,75,36,176,26,164,128,52,2,167,107,123,73,146,71,198,132,82,49,133,166,186,170,77,159,18,4,181,88,70,108,21,106,154,59,197,24,32,195,10,110,11,152,72,127,30,114,182,37,85,55,158,175,6,1,117,120,157,173,17,79,185,102,169,172,39,78,83,125,33,35,165,40,87,84,68,93,103,65,147,153,15,144,156,155,31,143,53,183,97,41,0,89,27,62,5,134,112,104,99,160,74,20,138,168,188,126,16,162,19,137,60,179,47,43,187,76,151,141,80,58,64,96,177,42,189,178,86,119,81,67,129,192,150,56,100,54,113,116,124,63,95,121];False
7255;7776;15031;[160,174,22,136,7,135,171,57,23,130,163,122,12,199,149,98,193,191,38,196,161,66,45,105,194,115,46,44,139,190,109,111,184,51,34,91,69,28,8,118,180,159,140,48,92,90,131,148,9,14,3,142,29,61,145,94,13,101,75,36,176,26,164,128,52,2,167,107,123,50,146,71,198,132,82,49,133,189,186,170,77,25,18,4,181,88,70,108,21,106,154,59,197,24,32,195,10,110,11,152,72,127,30,114,182,37,85,55,158,175,6,1,117,120,157,173,17,79,185,102,169,172,39,78,83,125,33,35,165,40,87,84,68,93,103,65,147,153,15,144,156,155,31,143,53,183,97,41,0,89,27,62,5,134,112,104,99,73,74,20,138,168,188,126,16,162,19,137,60,179,47,43,187,76,151,141,80,58,64,96,177,42,166,178,86,119,81,67,129,192,150,56,100,54,113,116,124,63,95,121];False
7214;7774;14988;[136,174,22,71,7,135,171,57,23,130,163,122,12,199,149,98,193,191,38,196,161,66,45,105,194,115,46,44,139,190,109,111,184,51,34,91,69,28,8,118,180,159,140,48,92,90,131,148,9,14,3,142,29,61,145,94,13,101,75,36,176,26,164,128,52,2,167,107,123,73,146,50,198,132,82,49,133,189,186,170,77,25,18,4,181,88,70,108,21,106,154,59,197,24,32,195,10,110,11,152,72,127,30,114,182,37,85,55,158,175,6,1,117,120,157,173,17,79,185,102,169,172,39,78,83,125,33,35,165,40,87,84,68,93,103,65,147,153,15,144,156,155,31,143,53,183,97,41,0,89,27,62,5,134,112,104,99,160,74,20,138,168,188,126,16,162,19,137,60,179,47,43,187,76,151,141,80,58,64,96,177,42,166,178,86,119,81,67,129,192,150,56,100,54,113,116,124,63,95,121];False
7329;7706;15035;[86,32,23,194,15,87,75,88,171,163,182,12,6,185,0,73,65,160,38,196,132,14,20,191,174,3,157,183,37,138,184,115,25,99,108,35,193,28,8,154,13,198,188,55,44,94,131,47,68,123,106,78,52,91,69,61,176,59,11,57,189,26,175,62,120,2,89,107,48,63,29,164,4,126,41,114,112,165,153,7,77,177,169,72,84,85,66,45,124,51,90,134,197,168,74,142,101,81,36,145,100,111,122,98,139,105,180,67,158,30,40,96,76,93,150,173,46,10,42,27,24,187,39,95,1,125,33,127,128,129,18,181,148,9,103,92,136,137,43,53,146,190,31,82,144,121,162,147,149,152,49,151,97,130,113,155,17,21,34,159,109,135,140,50,16,118,166,80,133,178,170,199,172,79,117,102,110,60,64,179,58,161,192,22,195,83,186,54,119,167,71,56,5,141,19,116,70,104,143,156];False
7358;7682;15040;[163,32,23,194,15,87,182,88,171,6,75,86,12,185,0,73,65,160,38,196,132,14,20,191,174,3,157,183,37,138,184,115,25,99,108,35,193,28,8,154,13,198,188,55,44,94,131,47,68,123,106,78,52,91,69,61,176,59,11,57,189,26,175,62,120,2,89,107,48,63,29,164,4,126,41,114,112,165,153,7,77,177,169,72,84,85,66,45,124,51,90,134,197,168,74,142,101,81,36,145,100,111,122,98,139,105,180,67,158,30,40,96,76,93,150,173,46,10,42,27,24,187,39,95,1,125,33,127,128,129,18,181,148,9,103,92,136,137,43,53,146,190,31,82,144,121,162,147,149,152,49,151,97,130,113,155,17,21,34,159,109,135,140,50,16,118,166,80,133,178,170,199,172,79,117,102,110,60,64,179,58,161,192,22,195,83,186,54,119,167,71,56,5,141,19,116,70,104,143,156];False
7465;7657;15122;[160,32,23,194,15,87,75,88,171,163,182,86,12,185,0,73,65,6,38,196,132,14,20,191,174,3,157,183,37,138,184,115,25,99,108,35,193,28,8,154,13,198,188,55,44,94,131,47,68,123,106,78,52,91,69,61,176,59,11,57,189,26,175,62,120,2,89,107,48,63,29,164,4,126,41,114,112,165,153,7,77,177,169,72,84,85,66,45,124,51,90,134,197,168,74,142,101,81,36,145,100,111,122,98,139,105,180,67,158,30,40,96,76,93,150,173,46,10,42,27,24,187,39,95,1,125,33,127,128,129,18,181,148,9,103,92,136,137,43,53,146,190,31,82,144,121,162,147,149,152,49,151,97,130,113,155,17,21,34,159,109,135,140,50,16,118,166,80,133,178,170,199,172,79,117,102,110,60,64,179,58,161,192,22,195,83,186,54,119,167,71,56,5,141,19,116,70,104,143,156];False
7507;7649;15156;[32,194,23,182,15,87,6,88,171,163,75,86,12,185,0,73,65,160,38,196,132,14,20,191,174,3,157,183,37,138,184,115,25,99,108,35,193,28,8,154,13,198,188,55,44,94,131,47,68,123,106,78,52,91,69,61,176,59,11,57,189,26,175,62,120,2,89,107,48,63,29,164,4,126,41,114,112,165,153,7,77,177,169,72,84,85,66,45,124,51,90,134,197,168,74,142,101,81,36,145,100,111,122,98,139,105,180,67,158,30,40,96,76,93,150,173,46,10,42,27,24,187,39,95,1,125,33,127,128,129,18,181,148,9,103,92,136,137,43,53,146,190,31,82,144,121,162,147,149,152,49,151,97,130,113,155,17,21,34,159,109,135,140,50,16,118,166,80,133,178,170,199,172,79,117,102,110,60,64,179,58,161,192,22,195,83,186,54,119,167,71,56,5,141,19,116,70,104,143,156];False
7499;7639;15138;[87,32,23,182,15,194,6,88,171,163,75,86,12,185,0,73,65,160,38,196,132,14,20,191,174,3,157,183,37,138,184,115,25,99,108,35,193,28,8,154,13,198,188,55,44,94,131,47,68,123,106,78,52,91,69,61,176,59,11,57,189,26,175,62,120,2,89,107,48,63,29,164,4,126,41,114,112,165,153,7,77,177,169,72,84,85,66,45,124,51,90,134,197,168,74,142,101,81,36,145,100,111,122,98,139,105,180,67,158,30,40,96,76,93,150,173,46,10,42,27,24,187,39,95,1,125,33,127,128,129,18,181,148,9,103,92,136,137,43,53,146,190,31,82,144,121,162,147,149,152,49,151,97,130,113,155,17,21,34,159,109,135,140,50,16,118,166,80,133,178,170,199,172,79,117,102,110,60,64,179,58,161,192,22,195,83,186,54,119,167,71,56,5,141,19,116,70,104,143,156];False
7469;7650;15119;[20,32,23,88,15,87,75,12,171,163,182,86,6,185,0,73,65,160,38,196,132,14,194,191,174,3,157,183,37,138,184,115,25,99,108,35,193,28,8,154,13,198,188,55,44,94,131,47,68,123,106,78,52,91,69,61,176,59,11,57,189,26,175,62,120,2,89,107,48,63,29,164,4,126,41,114,112,165,153,7,77,177,169,72,84,85,66,45,124,51,90,134,197,168,74,142,101,81,36,145,100,111,122,98,139,105,180,67,158,30,40,96,76,93,150,173,46,10,42,27,24,187,39,95,1,125,33,127,128,129,18,181,148,9,103,92,136,137,43,53,146,190,31,82,144,121,162,147,149,152,49,151,97,130,113,155,17,21,34,159,109,135,140,50,16,118,166,80,133,178,170,199,172,79,117,102,110,60,64,179,58,161,192,22,195,83,186,54,119,167,71,56,5,141,19,116,70,104,143,156];False
7726;7477;15203;[171,149,7,135,136,115,44,174,22,130,163,122,12,185,57,98,193,23,38,196,161,66,45,105,194,73,46,191,37,190,109,10,184,51,34,91,69,28,8,118,180,159,140,48,92,90,131,148,93,14,178,142,85,61,145,94,13,101,75,36,176,26,164,128,52,2,167,107,123,50,146,65,198,186,82,49,133,189,132,170,77,25,18,4,84,88,70,108,21,106,154,59,197,24,32,195,111,110,11,152,72,127,30,114,182,139,29,137,158,175,6,1,117,120,157,173,17,79,199,27,169,172,39,78,55,125,33,192,165,40,87,181,68,9,103,162,147,153,15,144,156,155,31,143,53,183,97,41,0,89,102,62,5,134,112,104,99,160,74,20,138,168,188,126,16,71,19,83,60,179,47,43,187,76,151,141,80,58,64,96,177,42,166,3,86,119,81,67,129,35,150,56,100,54,113,116,124,63,95,121];False
7806;7443;15249;[115,171,7,135,136,149,44,174,22,130,163,122,12,185,57,98,193,23,38,196,161,66,45,105,194,73,46,191,37,190,109,10,184,51,34,91,69,28,8,118,180,159,140,48,92,90,131,148,93,14,178,142,85,61,145,94,13,101,75,36,176,26,164,128,52,2,167,107,123,50,146,65,198,186,82,49,133,189,132,170,77,25,18,4,84,88,70,108,21,106,154,59,197,24,32,195,111,110,11,152,72,127,30,114,182,139,29,137,158,175,6,1,117,120,157,173,17,79,199,27,169,172,39,78,55,125,33,192,165,40,87,181,68,9,103,162,147,153,15,144,156,155,31,143,53,183,97,41,0,89,102,62,5,134,112,104,99,160,74,20,138,168,188,126,16,71,19,83,60,179,47,43,187,76,151,141,80,58,64,96,177,42,166,3,86,119,81,67,129,35,150,56,100,54,113,116,124,63,95,121];False
7679;7610;15289;[46,174,23,32,182,87,6,88,171,163,75,86,12,185,0,15,65,160,38,196,132,14,20,191,194,3,157,183,37,138,184,115,25,99,108,35,193,28,8,154,13,198,188,55,44,73,131,47,68,123,106,78,52,91,69,61,176,59,11,57,189,26,175,62,120,2,89,107,48,63,29,164,4,126,41,114,112,165,153,7,77,177,169,72,84,85,66,45,124,51,90,134,197,168,74,142,101,81,36,145,100,111,122,98,139,105,180,67,158,30,40,96,76,93,150,173,94,10,42,27,24,187,39,95,1,125,33,127,128,129,18,181,148,9,103,92,136,137,43,53,146,190,31,82,144,121,162,147,149,152,49,151,97,130,113,155,17,21,34,159,109,135,140,50,16,118,166,80,133,178,170,199,172,79,117,102,110,60,64,179,58,161,192,22,195,83,186,54,119,167,71,56,5,141,19,116,70,104,143,156];False
7689;7591;15280;[34,38,23,136,7,135,171,57,22,130,163,122,12,185,149,98,193,191,37,196,161,66,45,105,194,115,46,44,50,190,109,111,184,51,174,91,69,28,8,118,180,159,140,48,92,90,131,148,9,14,178,142,85,61,145,94,13,101,75,36,176,26,164,128,52,2,167,107,123,73,146,65,198,186,82,49,133,189,132,170,77,25,18,4,84,88,70,108,21,106,154,59,197,24,32,195,10,110,11,152,72,127,30,114,182,139,29,137,158,175,6,1,117,120,157,173,17,79,199,102,169,172,39,78,83,125,33,192,165,40,87,181,68,93,103,162,147,153,15,144,156,155,31,143,53,183,97,41,0,89,27,62,5,134,112,104,99,160,74,20,138,168,188,126,16,71,19,55,60,179,47,43,187,76,151,141,80,58,64,96,177,42,166,3,86,119,81,67,129,35,150,56,100,54,113,116,124,63,95,121];False
7509;7632;15141;[136,37,23,44,7,135,171,57,22,130,163,122,12,185,149,98,193,191,38,196,161,66,45,105,194,115,46,73,174,190,109,111,184,51,34,91,69,28,8,118,180,159,140,48,92,90,131,148,9,14,3,142,85,61,145,94,13,101,75,36,176,26,164,128,52,2,167,107,123,50,146,65,198,186,82,49,133,189,132,170,77,25,18,4,84,88,70,108,21,106,154,59,197,24,32,195,10,110,11,152,72,127,30,114,182,139,29,137,158,175,6,1,117,120,157,173,17,79,199,102,169,172,39,78,83,125,33,192,165,40,87,181,68,93,103,162,147,153,15,144,156,155,31,143,53,183,97,41,0,89,27,62,5,134,112,104,99,160,74,20,138,168,188,126,16,71,19,55,60,179,47,43,187,76,151,141,80,58,64,96,177,42,166,178,86,119,81,67,129,35,150,56,100,54,113,116,124,63,95,121];False
7664;7587;15251;[106,37,23,136,7,135,171,57,22,130,163,122,12,185,149,98,193,191,38,196,161,66,45,105,194,115,46,44,174,190,109,111,184,51,34,91,69,28,8,118,180,159,140,48,92,90,131,148,9,14,3,142,85,61,145,94,13,101,75,36,176,26,164,128,52,2,167,107,123,50,146,65,198,186,82,49,133,189,132,170,77,25,18,4,84,88,70,108,21,73,154,59,197,24,32,195,10,110,11,152,72,127,30,114,182,139,29,137,158,175,6,1,117,120,157,173,17,79,199,102,169,172,39,78,83,125,33,192,165,40,87,181,68,93,103,162,147,153,15,144,156,155,31,143,53,183,97,41,0,89,27,62,5,134,112,104,99,160,74,20,138,168,188,126,16,71,19,55,60,179,47,43,187,76,151,141,80,58,64,96,177,42,166,178,86,119,81,67,129,35,150,56,100,54,113,116,124,63,95,121];False
7917;7426;15343;[194,44,7,135,136,115,171,57,22,130,163,122,12,185,149,98,193,23,38,196,161,66,45,105,174,73,46,191,37,190,109,10,184,51,34,91,69,28,8,118,180,159,140,48,92,90,131,148,93,14,178,142,85,61,145,94,13,101,75,36,176,26,164,128,52,2,167,107,123,50,146,65,198,186,82,49,133,189,132,170,77,25,18,4,84,88,70,108,21,106,154,59,197,24,32,195,111,110,11,152,72,127,30,114,182,139,29,137,158,175,6,1,117,120,157,173,17,79,199,27,169,172,39,78,55,125,33,192,165,40,87,181,68,9,103,162,147,153,15,144,156,155,31,143,53,183,97,41,0,89,102,62,5,134,112,104,99,160,74,20,138,168,188,126,16,71,19,83,60,179,47,43,187,76,151,141,80,58,64,96,177,42,166,3,86,119,81,67,129,35,150,56,100,54,113,116,124,63,95,121];False
7969;7391;15360;[191,135,174,7,136,115,171,57,22,130,163,122,12,185,149,98,193,23,38,196,161,66,45,105,194,73,46,44,37,190,109,10,184,51,34,91,69,28,8,118,180,159,140,48,92,90,131,148,93,14,178,142,85,61,145,94,13,101,75,36,176,26,164,128,52,2,167,107,123,50,146,65,198,186,82,49,133,189,132,170,77,25,18,4,84,88,70,108,21,106,154,59,197,24,32,195,111,110,11,152,72,127,30,114,182,139,29,137,158,175,6,1,117,120,157,173,17,79,199,27,169,172,39,78,55,125,33,192,165,40,87,181,68,9,103,162,147,153,15,144,156,155,31,143,53,183,97,41,0,89,102,62,5,134,112,104,99,160,74,20,138,168,188,126,16,71,19,83,60,179,47,43,187,76,151,141,80,58,64,96,177,42,166,3,86,119,81,67,129,35,150,56,100,54,113,116,124,63,95,121];False
7940;7388;15328;[174,191,135,7,136,115,171,57,22,130,163,122,12,185,149,98,193,23,38,196,161,66,45,105,194,73,46,44,37,190,109,10,184,51,34,91,69,28,8,118,180,159,140,48,92,90,131,148,93,14,178,142,85,61,145,94,13,101,75,36,176,26,164,128,52,2,167,107,123,50,146,65,198,186,82,49,133,189,132,170,77,25,18,4,84,88,70,108,21,106,154,59,197,24,32,195,111,110,11,152,72,127,30,114,182,139,29,137,158,175,6,1,117,120,157,173,17,79,199,27,169,172,39,78,55,125,33,192,165,40,87,181,68,9,103,162,147,153,15,144,156,155,31,143,53,183,97,41,0,89,102,62,5,134,112,104,99,160,74,20,138,168,188,126,16,71,19,83,60,179,47,43,187,76,151,141,80,58,64,96,177,42,166,3,86,119,81,67,129,35,150,56,100,54,113,116,124,63,95,121];False
7905;7396;15301;[22,191,174,135,136,115,171,57,7,130,163,122,12,185,149,98,193,23,38,196,161,66,45,105,194,73,46,44,37,190,109,10,184,51,34,91,69,28,8,118,180,159,140,48,92,90,131,148,93,14,178,142,85,61,145,94,13,101,75,36,176,26,164,128,52,2,167,107,123,50,146,65,198,186,82,49,133,189,132,170,77,25,18,4,84,88,70,108,21,106,154,59,197,24,32,195,111,110,11,152,72,127,30,114,182,139,29,137,158,175,6,1,117,120,157,173,17,79,199,27,169,172,39,78,55,125,33,192,165,40,87,181,68,9,103,162,147,153,15,144,156,155,31,143,53,183,97,41,0,89,102,62,5,134,112,104,99,160,74,20,138,168,188,126,16,71,19,83,60,179,47,43,187,76,151,141,80,58,64,96,177,42,166,3,86,119,81,67,129,35,150,56,100,54,113,116,124,63,95,121];False
7992;7367;15359;[48,174,7,135,136,115,171,57,22,130,163,122,12,185,149,98,193,23,38,196,161,66,45,105,194,191,46,44,37,190,109,10,184,51,34,91,69,28,8,118,180,159,140,73,92,90,131,148,93,14,178,142,85,61,145,94,13,101,75,36,176,26,164,128,52,2,167,107,123,50,146,65,198,186,82,49,133,189,132,170,77,25,18,4,84,88,70,108,21,106,154,59,197,24,32,195,111,110,11,152,72,127,30,114,182,139,29,137,158,175,6,1,117,120,157,173,17,79,199,27,169,172,39,78,55,125,33,192,165,40,87,181,68,9,103,162,147,153,15,144,156,155,31,143,53,183,97,41,0,89,102,62,5,134,112,104,99,160,74,20,138,168,188,126,16,71,19,83,60,179,47,43,187,76,151,141,80,58,64,96,177,42,166,3,86,119,81,67,129,35,150,56,100,54,113,116,124,63,95,121];False
7986;7386;15372;[180,191,7,135,136,115,171,57,22,130,163,122,12,185,149,98,193,23,38,196,161,66,45,105,174,73,46,44,37,190,109,10,184,51,34,91,69,28,8,118,194,159,140,48,92,90,131,148,93,14,178,142,85,61,145,94,13,101,75,36,176,26,164,128,52,2,167,107,123,50,146,65,198,186,82,49,133,189,132,170,77,25,18,4,84,88,70,108,21,106,154,59,197,24,32,195,111,110,11,152,72,127,30,114,182,139,29,137,158,175,6,1,117,120,157,173,17,79,199,27,169,172,39,78,55,125,33,192,165,40,87,181,68,9,103,162,147,153,15,144,156,155,31,143,53,183,97,41,0,89,102,62,5,134,112,104,99,160,74,20,138,168,188,126,16,71,19,83,60,179,47,43,187,76,151,141,80,58,64,96,177,42,166,3,86,119,81,67,129,35,150,56,100,54,113,116,124,63,95,121];False
8717;6764;15481;[193,38,170,6,149,18,171,57,10,130,163,122,12,185,54,98,3,191,37,196,161,66,45,135,194,115,46,44,125,190,109,174,184,51,34,91,69,28,8,118,180,159,188,48,92,90,131,148,93,14,178,142,136,61,145,94,13,101,141,36,176,35,97,128,52,2,167,107,123,50,155,65,198,17,82,49,133,189,132,23,77,25,105,4,84,88,70,108,21,106,154,59,197,24,72,78,111,110,11,152,86,127,30,114,182,139,29,137,158,175,85,1,117,120,157,173,186,79,42,27,169,172,39,32,55,73,33,192,165,40,87,181,68,9,103,162,147,67,95,144,156,146,31,143,53,183,164,41,75,89,102,62,5,134,112,104,99,63,74,20,138,168,140,126,16,71,19,83,60,179,47,43,187,76,151,7,80,58,64,96,177,199,166,22,195,119,81,153,129,26,150,56,100,0,113,116,124,160,15,121];False
8676;6799;15475;[122,170,10,6,149,18,171,57,37,130,191,3,12,185,54,98,193,163,38,196,161,66,45,135,194,115,46,44,125,190,109,174,184,51,34,91,69,28,8,118,180,159,188,48,92,90,131,148,93,14,178,142,136,61,145,94,13,101,141,36,176,35,97,128,52,2,167,107,123,50,155,65,198,17,82,49,133,189,132,23,77,25,105,4,84,88,70,108,21,106,154,59,197,24,72,78,111,110,11,152,86,127,30,114,182,139,29,137,158,175,85,1,117,120,157,173,186,79,42,27,169,172,39,32,55,73,33,192,165,40,87,181,68,9,103,162,147,67,95,144,156,146,31,143,53,183,164,41,75,89,102,62,5,134,112,104,99,63,74,20,138,168,140,126,16,71,19,83,60,179,47,43,187,76,151,7,80,58,64,96,177,199,166,22,195,119,81,153,129,26,150,56,100,0,113,116,124,160,15,121];False
8225;7313;15538;[198,149,23,136,7,135,171,57,22,130,163,122,12,185,115,98,193,191,38,196,161,66,45,105,194,73,46,44,37,190,109,10,184,51,34,91,69,28,8,118,180,159,140,48,92,90,131,148,93,14,178,142,85,61,145,94,13,101,75,36,176,26,97,128,52,29,167,107,123,50,146,65,174,186,82,49,133,189,132,170,77,25,18,4,84,88,70,108,21,106,154,59,197,24,32,86,111,110,11,152,72,127,30,114,182,139,2,137,158,175,6,1,117,120,157,173,17,79,199,27,169,172,39,78,55,125,33,192,165,40,87,181,68,9,103,162,147,153,15,144,156,155,31,143,53,183,164,41,0,89,102,62,5,134,112,104,99,63,74,20,138,168,188,126,16,71,19,83,60,179,47,43,187,76,151,141,80,58,64,96,177,42,166,3,195,119,81,67,129,35,150,56,100,54,113,116,124,160,95,121];False
8656;6850;15506;[171,163,19,154,44,174,18,57,35,130,75,114,12,185,76,98,193,191,38,196,161,66,20,135,194,115,46,73,37,190,109,160,45,104,34,91,69,28,8,118,180,108,188,48,92,136,131,54,93,14,178,142,6,61,145,94,13,151,110,36,176,3,97,128,52,2,167,107,63,99,155,29,4,126,143,49,148,189,132,170,77,25,105,198,84,85,70,53,51,106,90,59,197,24,72,78,101,141,11,152,86,133,30,129,182,139,65,137,158,175,88,1,117,120,157,173,186,79,42,27,169,172,39,32,138,125,33,192,165,40,87,181,68,9,103,162,147,67,95,144,156,50,31,82,184,183,124,41,149,89,100,62,5,134,112,123,146,21,74,159,55,168,140,17,16,71,10,80,111,179,47,199,187,127,60,7,83,58,64,96,177,43,166,22,195,119,81,153,122,26,150,56,102,0,113,116,164,23,15,121];False
8805;6718;15523;[191,170,10,6,149,18,171,57,3,130,163,122,12,185,54,98,193,37,38,196,161,66,45,135,194,115,46,44,125,190,109,174,184,51,34,91,69,28,8,118,180,159,188,48,92,90,131,148,93,14,178,142,136,61,145,94,13,101,141,36,176,35,97,128,52,2,167,107,123,50,155,65,198,17,82,49,133,189,132,23,77,25,105,4,84,88,70,108,21,106,154,59,197,24,72,78,111,110,11,152,86,127,30,114,182,139,29,137,158,175,85,1,117,120,157,173,186,79,42,27,169,172,39,32,55,73,33,192,165,40,87,181,68,9,103,162,147,67,95,144,156,146,31,143,53,183,164,41,75,89,102,62,5,134,112,104,99,63,74,20,138,168,140,126,16,71,19,83,60,179,47,43,187,76,151,7,80,58,64,96,177,199,166,22,195,119,81,153,129,26,150,56,100,0,113,116,124,160,15,121];False
8234;7309;15543;[106,174,23,136,7,135,171,57,22,130,163,122,12,185,149,98,193,191,38,196,161,66,45,105,194,115,46,44,37,190,109,10,184,51,34,91,69,28,8,118,180,159,140,48,92,90,131,148,93,14,178,142,85,61,145,94,13,101,75,36,176,26,164,128,52,2,167,107,123,50,146,65,198,186,82,49,133,189,132,170,77,25,18,4,84,88,70,108,21,73,154,59,197,24,32,195,111,110,11,152,72,127,30,114,182,139,29,137,158,175,6,1,117,120,157,173,17,79,199,27,169,172,39,78,55,125,33,192,165,40,87,181,68,9,103,162,147,153,15,144,156,155,31,143,53,183,97,41,0,89,102,62,5,134,112,104,99,63,74,20,138,168,188,126,16,71,19,83,60,179,47,43,187,76,151,141,80,58,64,96,177,42,166,3,86,119,81,67,129,35,150,56,100,54,113,116,124,160,95,121];False
8884;6696;15580;[191,174,170,6,149,18,171,57,3,130,163,122,12,185,54,98,193,37,38,196,161,66,45,135,194,115,46,44,125,190,109,10,184,51,34,91,69,28,8,118,180,159,188,48,92,90,131,148,93,14,178,142,136,61,145,94,13,101,141,36,176,35,97,128,52,2,167,107,123,50,155,65,198,17,82,49,133,189,132,23,77,25,105,4,84,88,70,108,21,106,154,59,197,24,72,78,111,110,11,152,86,127,30,114,182,139,29,137,158,175,85,1,117,120,157,173,186,79,42,27,169,172,39,32,55,73,33,192,165,40,87,181,68,9,103,162,147,67,95,144,156,146,31,143,53,183,164,41,75,89,102,62,5,134,112,104,99,63,74,20,138,168,140,126,16,71,19,83,60,179,47,43,187,76,151,7,80,58,64,96,177,199,166,22,195,119,81,153,129,26,150,56,100,0,113,116,124,160,15,121];False
8278;7286;15564;[106,174,23,136,7,135,171,57,22,130,163,122,12,185,149,98,193,191,38,196,161,66,45,105,194,115,46,44,37,190,109,10,184,51,34,91,69,28,8,118,180,159,140,48,92,90,131,148,93,14,178,142,85,61,145,94,13,101,75,36,176,26,164,128,52,2,167,107,123,50,146,65,198,186,82,49,133,189,132,170,77,25,18,4,84,88,70,108,21,73,154,59,197,24,32,86,111,110,11,152,72,127,30,114,182,139,29,137,158,175,6,1,117,120,157,173,17,79,199,27,169,172,39,78,55,125,33,192,165,40,87,181,68,9,103,162,147,153,15,144,156,155,31,143,53,183,97,41,0,89,102,62,5,134,112,104,99,63,74,20,138,168,188,126,16,71,19,83,60,179,47,43,187,76,151,141,80,58,64,96,177,42,166,3,195,119,81,67,129,35,150,56,100,54,113,116,124,160,95,121];False
8319;7261;15580;[44,174,23,136,7,135,171,57,22,130,163,122,12,185,149,98,193,191,38,196,161,66,45,105,194,115,46,73,37,190,109,10,184,51,34,91,69,28,8,118,180,159,140,48,92,90,131,148,93,14,178,142,85,61,145,94,13,101,75,36,176,26,97,128,52,2,167,107,123,50,146,65,198,186,82,49,133,189,132,170,77,25,18,4,84,88,70,108,21,106,154,59,197,24,32,86,111,110,11,152,72,127,30,114,182,139,29,137,158,175,6,1,117,120,157,173,17,79,199,27,169,172,39,78,55,125,33,192,165,40,87,181,68,9,103,162,147,153,15,144,156,155,31,143,53,183,164,41,0,89,102,62,5,134,112,104,99,63,74,20,138,168,188,126,16,71,19,83,60,179,47,43,187,76,151,141,80,58,64,96,177,42,166,3,195,119,81,67,129,35,150,56,100,54,113,116,124,160,95,121];False
8303;7273;15576;[106,174,23,136,7,135,171,57,22,130,163,122,12,185,149,98,193,191,38,196,161,66,45,105,194,115,46,44,37,190,109,10,184,51,34,91,69,28,8,118,180,159,140,48,92,90,131,148,93,14,178,142,85,61,145,94,13,101,75,36,176,26,97,128,52,29,167,107,123,50,146,65,198,186,82,49,133,189,132,170,77,25,18,4,84,88,70,108,21,73,154,59,197,24,32,86,111,110,11,152,72,127,30,114,182,139,2,137,158,175,6,1,117,120,157,173,17,79,199,27,169,172,39,78,55,125,33,192,165,40,87,181,68,9,103,162,147,153,15,144,156,155,31,143,53,183,164,41,0,89,102,62,5,134,112,104,99,63,74,20,138,168,188,126,16,71,19,83,60,179,47,43,187,76,151,141,80,58,64,96,177,42,166,3,195,119,81,67,129,35,150,56,100,54,113,116,124,160,95,121];False
8292;7271;15563;[23,174,136,115,7,135,171,57,22,130,163,122,12,185,149,98,193,191,38,196,161,66,45,105,194,73,46,44,37,190,109,10,184,51,34,91,69,28,8,118,180,159,140,48,92,90,131,148,93,14,178,142,85,61,145,94,13,101,75,36,176,26,97,128,52,2,167,107,123,50,146,65,198,186,82,49,133,189,132,170,77,25,18,4,84,88,70,108,21,106,154,59,197,24,32,86,111,110,11,152,72,127,30,114,182,139,29,137,158,175,6,1,117,120,157,173,17,79,199,27,169,172,39,78,55,125,33,192,165,40,87,181,68,9,103,162,147,153,15,144,156,155,31,143,53,183,164,41,0,89,102,62,5,134,112,104,99,63,74,20,138,168,188,126,16,71,19,83,60,179,47,43,187,76,151,141,80,58,64,96,177,42,166,3,195,119,81,67,129,35,150,56,100,54,113,116,124,160,95,121];False
9012;6653;15665;[34,174,10,6,149,18,171,57,3,130,163,122,12,185,54,98,193,191,38,196,161,66,45,135,194,115,46,44,106,190,109,23,184,51,198,91,69,28,8,118,180,159,188,48,92,90,131,148,93,14,178,142,136,61,145,94,13,101,141,36,176,35,97,128,52,2,167,107,123,50,155,65,37,17,82,49,133,189,132,170,77,25,105,4,84,88,70,108,21,73,154,59,197,24,72,78,111,110,11,152,86,127,30,114,182,139,29,137,158,175,85,1,117,120,157,173,186,79,42,27,169,172,39,32,55,125,33,192,165,40,87,181,68,9,103,162,147,67,95,144,156,146,31,143,53,183,164,41,75,89,102,62,5,134,112,104,99,63,74,20,138,168,140,126,16,71,19,83,60,179,47,43,187,76,151,7,80,58,64,96,177,199,166,22,195,119,81,153,129,26,150,56,100,0,113,116,124,160,15,121];False
8484;7175;15659;[48,174,23,136,7,135,171,57,3,130,163,122,12,185,149,98,193,191,38,196,161,66,45,105,194,115,46,44,37,190,109,10,184,51,34,91,69,28,8,118,180,159,140,73,92,90,131,148,93,14,178,142,85,61,145,94,13,101,75,36,176,26,97,128,52,2,167,107,123,50,146,65,198,186,82,49,133,189,132,170,77,25,18,4,84,88,70,108,21,106,154,59,197,24,86,32,111,110,11,152,72,127,30,114,182,139,29,137,158,175,6,1,117,120,157,173,17,79,199,27,169,172,39,78,55,125,33,192,165,40,87,181,68,9,103,162,147,153,15,144,156,155,31,143,53,183,164,41,0,89,102,62,5,134,112,104,99,63,74,20,138,168,188,126,16,71,19,83,60,179,47,43,187,76,151,141,80,58,64,96,177,42,166,22,195,119,81,67,129,35,150,56,100,54,113,116,124,160,95,121];False
8483;7170;15653;[174,44,23,136,7,135,171,57,3,130,163,122,12,185,149,98,193,191,38,196,161,66,45,105,194,115,46,73,37,190,109,10,184,51,34,91,69,28,8,118,180,159,140,48,92,90,131,148,93,14,178,142,85,61,145,94,13,101,75,36,176,26,97,128,52,2,167,107,123,50,146,65,198,186,82,49,133,189,132,170,77,25,18,4,84,88,70,108,21,106,154,59,197,24,86,32,111,110,11,152,72,127,30,114,182,139,29,137,158,175,6,1,117,120,157,173,17,79,199,27,169,172,39,78,55,125,33,192,165,40,87,181,68,9,103,162,147,153,95,144,156,155,31,143,53,183,164,41,0,89,102,62,5,134,112,104,99,63,74,20,138,168,188,126,16,71,19,83,60,179,47,43,187,76,151,141,80,58,64,96,177,42,166,22,195,119,81,67,129,35,150,56,100,54,113,116,124,160,15,121];False
8329;7202;15531;[136,174,23,44,7,135,171,57,3,130,163,122,12,185,149,98,193,191,38,196,161,66,45,105,194,115,46,73,37,190,109,10,184,51,34,91,69,28,8,118,180,159,140,48,92,90,131,148,93,14,178,142,85,61,145,94,13,101,75,36,176,26,97,128,52,2,167,107,123,50,146,65,198,186,82,49,133,189,132,170,77,25,18,4,84,88,70,108,21,106,154,59,197,24,86,32,111,110,11,152,72,127,30,114,182,139,29,137,158,175,6,1,117,120,157,173,17,79,199,27,169,172,39,78,55,125,33,192,165,40,87,181,68,9,103,162,147,153,95,144,156,155,31,143,53,183,164,41,0,89,102,62,5,134,112,104,99,63,74,20,138,168,188,126,16,71,19,83,60,179,47,43,187,76,151,141,80,58,64,96,177,42,166,22,195,119,81,67,129,35,150,56,100,54,113,116,124,160,15,121];False
8634;7103;15737;[50,174,23,136,7,135,171,57,3,130,163,122,12,185,149,98,193,191,38,196,161,66,45,105,194,115,46,44,37,190,109,10,184,51,34,91,69,28,8,118,180,159,140,48,92,90,131,148,93,14,178,142,85,61,145,94,13,101,75,36,176,26,97,128,52,2,167,107,123,73,146,65,198,186,82,49,133,189,132,170,77,25,18,4,84,88,70,108,21,106,154,59,197,24,86,32,111,110,11,152,72,127,30,114,182,139,29,137,158,175,6,1,117,120,157,173,17,79,199,27,169,172,39,78,55,125,33,192,165,40,87,181,68,9,103,162,147,153,95,144,156,155,31,143,53,183,164,41,0,89,102,62,5,134,112,104,99,63,74,20,138,168,188,126,16,71,19,83,60,179,47,43,187,76,151,141,80,58,64,96,177,42,166,22,195,119,81,67,129,35,150,56,100,54,113,116,124,160,15,121];False
9018;6626;15644;[34,174,10,6,149,18,171,57,3,130,163,122,12,185,54,98,193,191,38,196,161,66,45,135,194,115,46,44,37,190,109,23,184,51,106,91,69,28,8,118,180,159,188,48,92,90,131,148,93,14,178,142,136,61,145,94,13,101,141,36,176,35,97,128,52,2,167,107,123,50,155,65,198,17,82,49,133,189,132,170,77,25,105,4,84,88,70,108,21,73,154,59,197,24,72,78,111,110,11,152,86,127,30,114,182,139,29,137,158,175,85,1,117,120,157,173,186,79,42,27,169,172,39,32,55,125,33,192,165,40,87,181,68,9,103,162,147,67,95,144,156,146,31,143,53,183,164,41,75,89,102,62,5,134,112,104,99,63,74,20,138,168,140,126,16,71,19,83,60,179,47,43,187,76,151,7,80,58,64,96,177,199,166,22,195,119,81,153,129,26,150,56,100,0,113,116,124,160,15,121];False
9124;6623;15747;[63,174,10,6,149,18,171,57,3,130,163,122,12,185,54,98,193,191,38,196,161,66,45,135,194,115,46,44,37,190,109,23,184,51,34,91,69,28,8,118,180,159,188,48,92,90,131,148,93,14,178,142,136,61,145,94,13,101,141,36,176,35,97,128,52,2,167,107,123,50,155,65,198,17,82,49,133,189,132,170,77,25,105,4,84,88,70,108,21,106,154,59,197,24,72,78,111,110,11,152,86,127,30,114,182,139,29,137,158,175,85,1,117,120,157,173,186,79,42,27,169,172,39,32,55,125,33,192,165,40,87,181,68,9,103,162,147,67,95,144,156,146,31,143,53,183,164,41,75,89,102,62,5,134,112,104,99,73,74,20,138,168,140,126,16,71,19,83,60,179,47,43,187,76,151,7,80,58,64,96,177,199,166,22,195,119,81,153,129,26,150,56,100,0,113,116,124,160,15,121];False
9180;6618;15798;[73,56,170,6,149,18,171,57,3,130,163,122,12,185,54,98,193,191,38,196,161,66,45,135,194,115,46,44,37,190,109,10,184,51,34,91,69,28,8,118,180,159,188,48,92,90,131,148,93,14,178,142,136,61,145,94,13,101,141,36,176,35,97,128,52,2,167,107,123,50,155,65,198,17,82,49,133,189,132,23,77,25,105,4,84,88,70,108,21,106,154,59,197,24,72,78,111,110,11,152,86,127,30,114,182,139,29,137,158,175,85,1,117,120,157,173,186,79,42,27,169,172,39,32,55,125,33,192,165,40,87,181,68,9,103,162,147,67,95,144,156,146,31,143,53,183,164,41,75,89,102,62,5,134,112,104,99,63,74,20,138,168,140,126,16,71,19,83,60,179,47,43,187,76,151,7,80,58,64,96,177,199,166,22,195,119,81,153,129,26,150,174,100,0,113,116,124,160,15,121];False
9153;6614;15767;[34,65,142,136,67,18,171,57,3,130,163,122,12,185,54,98,193,191,38,196,161,66,45,135,194,115,46,44,37,190,109,10,184,51,174,91,69,28,8,118,180,159,188,48,92,90,131,148,93,14,178,23,6,61,145,94,13,101,141,36,176,35,97,128,52,2,167,107,123,50,155,73,198,17,82,49,133,189,132,170,77,25,105,4,84,88,70,108,21,106,154,59,197,24,72,78,111,110,11,152,86,127,30,114,182,139,29,137,158,175,85,1,117,120,157,173,186,79,42,27,169,172,39,32,55,125,33,192,165,40,87,181,68,9,103,162,147,75,95,144,156,146,31,143,53,183,164,41,149,89,102,62,5,134,112,104,99,63,74,20,138,168,140,126,16,71,19,83,60,179,47,43,187,76,151,7,80,58,64,96,177,199,166,22,195,119,81,153,129,26,150,56,100,0,113,116,124,160,15,121];False
9144;6622;15766;[63,174,142,136,67,18,171,57,3,130,163,122,12,185,54,98,193,191,38,196,161,66,45,135,194,115,46,44,37,190,109,10,184,51,34,91,69,28,8,118,180,159,188,48,92,90,131,148,93,14,178,23,6,61,145,94,13,101,141,36,176,35,97,128,52,2,167,107,123,50,155,65,198,17,82,49,133,189,132,170,77,25,105,4,84,88,70,108,21,106,154,59,197,24,72,78,111,110,11,152,86,127,30,114,182,139,29,137,158,175,85,1,117,120,157,173,186,79,42,27,169,172,39,32,55,125,33,192,165,40,87,181,68,9,103,162,147,75,95,144,156,146,31,143,53,183,164,41,149,89,102,62,5,134,112,104,99,73,74,20,138,168,140,126,16,71,19,83,60,179,47,43,187,76,151,7,80,58,64,96,177,199,166,22,195,119,81,153,129,26,150,56,100,0,113,116,124,160,15,121];False
9236;6589;15825;[73,174,61,176,149,189,11,57,3,130,163,122,12,185,54,98,193,191,38,196,161,66,45,135,194,115,46,44,37,190,109,23,184,51,34,91,69,28,8,118,180,159,188,48,92,90,131,148,93,14,178,142,6,10,145,94,13,101,141,36,136,35,97,128,52,2,167,107,123,50,155,65,198,17,82,49,133,18,132,170,77,25,105,4,84,88,70,108,21,106,154,59,197,24,72,78,111,110,171,152,86,127,30,114,182,139,29,137,158,175,85,1,117,120,157,173,186,79,42,27,169,172,39,32,55,125,33,192,165,40,87,181,68,9,103,162,147,67,95,144,156,146,31,143,53,183,164,41,75,89,102,62,5,134,112,104,99,63,74,20,138,168,140,126,16,71,19,83,60,179,47,43,187,76,151,7,80,58,64,96,177,199,166,22,195,119,81,153,129,26,150,56,100,0,113,116,124,160,15,121];False
9152;6618;15770;[73,37,23,95,149,189,171,57,3,130,163,122,12,185,54,98,193,191,38,196,161,66,45,135,194,115,46,44,174,190,109,10,184,51,34,91,69,28,8,118,180,159,188,48,92,90,131,148,93,14,178,142,6,61,145,94,13,101,141,36,176,35,97,128,52,2,167,107,123,50,155,65,198,17,82,49,133,18,132,170,77,25,105,4,84,88,70,108,21,106,154,59,197,24,72,78,111,110,11,152,86,127,30,114,182,139,29,137,158,175,85,1,117,120,157,173,186,79,42,27,169,172,39,32,55,125,33,192,165,40,87,181,68,9,103,162,147,67,136,144,156,146,31,143,53,183,164,41,75,89,102,62,5,134,112,104,99,63,74,20,138,168,140,126,16,71,19,83,60,179,47,43,187,76,151,7,80,58,64,96,177,199,166,22,195,119,81,153,129,26,150,56,100,0,113,116,124,160,15,121];False
9353;6564;15917;[50,174,23,6,149,189,11,57,3,130,163,122,12,185,54,98,193,191,38,196,161,66,45,135,194,115,46,44,37,190,109,10,184,51,34,91,69,28,8,118,180,159,188,48,92,90,131,148,93,14,178,142,136,61,145,94,13,101,141,36,176,35,97,128,52,2,167,107,123,73,155,65,198,17,82,49,133,18,132,170,77,25,105,4,84,88,70,108,21,106,154,59,197,24,72,78,111,110,171,152,86,127,30,114,182,139,29,137,158,175,85,1,117,120,157,173,186,79,42,27,169,172,39,32,55,125,33,192,165,40,87,181,68,9,103,162,147,67,95,144,156,146,31,143,53,183,164,41,75,89,102,62,5,134,112,104,99,63,74,20,138,168,140,126,16,71,19,83,60,179,47,43,187,76,151,7,80,58,64,96,177,199,166,22,195,119,81,153,129,26,150,56,100,0,113,116,124,160,15,121];False
9229;6586;15815;[73,174,142,136,75,18,171,57,3,130,163,122,12,185,54,98,193,6,38,196,161,66,45,135,194,115,46,44,37,190,109,10,184,51,34,91,69,28,8,118,180,159,188,48,92,90,131,148,93,14,178,23,191,61,145,94,13,101,141,36,176,35,97,128,52,2,167,107,123,50,155,65,198,17,82,49,133,189,132,170,77,25,105,4,84,88,70,108,21,106,154,59,197,24,72,78,111,110,11,152,86,127,30,114,182,139,29,137,158,175,85,1,117,120,157,173,186,79,42,27,169,172,39,32,55,125,33,192,165,40,87,181,68,9,103,162,147,67,95,144,156,146,31,143,53,183,164,41,149,89,102,62,5,134,112,104,99,63,74,20,138,168,140,126,16,71,19,83,60,179,47,43,187,76,151,7,80,58,64,96,177,199,166,22,195,119,81,153,129,26,150,56,100,0,113,116,124,160,15,121];False
9243;6577;15820;[73,174,23,95,149,189,11,57,3,130,163,122,12,185,54,98,193,191,38,196,161,66,45,135,194,115,46,44,37,190,109,10,184,51,34,91,69,28,8,118,180,159,188,48,92,90,131,148,93,14,178,142,6,61,145,94,13,101,141,36,176,35,97,128,52,2,167,107,123,50,155,65,198,17,82,49,133,18,132,170,77,25,105,4,84,88,70,108,21,106,154,59,197,24,72,78,111,110,171,152,86,127,30,114,182,139,29,137,158,175,85,1,117,120,157,173,186,79,42,27,169,172,39,32,55,125,33,192,165,40,87,181,68,9,103,162,147,67,136,144,156,146,31,143,53,183,164,41,75,89,102,62,5,134,112,104,99,63,74,20,138,168,140,126,16,71,19,83,60,179,47,43,187,76,151,7,80,58,64,96,177,199,166,22,195,119,81,153,129,26,150,56,100,0,113,116,124,160,15,121];False
9460;6561;16021;[50,174,23,136,149,18,171,57,3,130,163,122,12,185,54,98,193,6,38,196,161,66,45,135,194,115,46,44,37,190,109,10,184,51,34,91,69,28,8,118,180,159,188,48,92,90,131,148,93,14,178,142,191,61,145,94,13,101,141,36,176,35,97,128,52,2,167,107,123,73,155,65,198,17,82,49,133,189,132,170,77,25,105,4,84,88,70,108,21,106,154,59,197,24,72,78,111,110,11,152,86,127,30,114,182,139,29,137,158,175,85,1,117,120,157,173,186,79,42,27,169,172,39,32,55,125,33,192,165,40,87,181,68,9,103,162,147,67,95,144,156,146,31,143,53,183,164,41,75,89,102,62,5,134,112,104,99,63,74,20,138,168,140,126,16,71,19,83,60,179,47,43,187,76,151,7,80,58,64,96,177,199,166,22,195,119,81,153,129,26,150,56,100,0,113,116,124,160,15,121];False
9294;6576;15870;[50,174,23,95,149,189,11,57,3,130,163,122,12,185,54,98,193,191,38,196,161,66,45,135,194,115,46,44,37,190,109,10,184,51,34,91,69,28,8,118,180,159,188,48,92,90,131,148,93,14,178,142,6,61,145,94,13,101,141,36,176,35,97,128,52,2,167,107,123,73,155,65,198,17,82,49,133,18,132,170,77,25,105,4,84,88,70,108,21,106,154,59,197,24,72,78,111,110,171,152,86,127,30,114,182,139,29,137,158,175,85,1,117,120,157,173,186,79,42,27,169,172,39,32,55,125,33,192,165,40,87,181,68,9,103,162,147,67,136,144,156,146,31,143,53,183,164,41,75,89,102,62,5,134,112,104,99,63,74,20,138,168,140,126,16,71,19,83,60,179,47,43,187,76,151,7,80,58,64,96,177,199,166,22,195,119,81,153,129,26,150,56,100,0,113,116,124,160,15,121];False
9876;6551;16427;[50,174,23,136,75,18,171,57,3,130,163,59,12,185,0,98,193,191,38,196,161,66,45,135,194,115,46,44,37,190,109,10,184,51,34,91,69,28,8,118,180,159,188,48,92,90,131,148,93,14,178,142,6,61,145,94,13,101,7,89,176,35,97,128,52,2,167,107,123,73,155,65,198,17,82,49,133,189,132,170,77,25,105,4,84,88,70,108,21,106,154,122,197,24,72,78,111,110,11,152,86,127,30,114,182,139,29,137,158,175,85,1,117,120,157,173,186,79,42,27,169,172,39,32,55,125,33,192,165,40,87,181,68,9,103,162,147,67,95,144,156,146,31,143,53,183,164,41,149,36,102,62,5,134,112,104,99,63,74,20,138,168,140,126,16,71,19,83,60,179,47,43,187,76,151,141,80,58,64,96,177,199,166,22,195,119,81,153,129,26,150,56,100,54,113,116,124,160,15,121];False
9873;6550;16423;[73,174,23,91,75,18,171,57,3,130,163,122,12,185,0,98,193,191,38,196,161,66,45,135,194,115,46,44,37,190,109,10,184,51,34,136,69,28,8,118,180,159,188,48,92,90,131,148,93,14,178,142,6,61,145,94,13,101,7,89,176,35,97,128,52,2,167,107,123,50,155,65,198,17,82,49,133,189,132,170,77,25,105,4,84,88,70,108,21,106,154,59,197,24,72,78,111,110,11,152,86,127,30,114,182,139,29,137,158,175,85,1,117,120,157,173,186,79,42,27,169,172,39,32,55,125,33,192,165,40,87,181,68,9,103,162,147,67,95,144,156,146,31,143,53,183,164,41,149,36,102,62,5,134,112,104,99,63,74,20,138,168,140,126,16,71,19,83,60,179,47,43,187,76,151,141,80,58,64,96,177,199,166,22,195,119,81,153,129,26,150,56,100,54,113,116,124,160,15,121];False
2093;8124;10217;[143,67,25,48,10,176,83,129,8,84,122,73,74,108,21,99,16,77,112,150,56,18,62,120,24,197,26,9,69,20,3,2,121,160,92,106,130,22,38,34,124,94,161,1,165,153,187,127,39,107,87,76,50,53,93,23,30,134,137,86,49,64,101,151,54,158,199,6,117,98,19,110,81,52,182,28,162,78,60,79,185,148,167,61,41,36,46,131,59,133,96,157,138,178,164,173,66,126,198,159,140,118,109,29,154,156,142,15,135,146,43,128,85,152,172,12,181,82,192,139,33,13,111,195,40,37,71,35,88,171,189,194,31,68,116,57,0,113,196,89,5,141,119,4,183,63,51,72,147,65,102,115,14,45,55,155,184,75,80,114,177,169,191,11,104,180,163,170,95,91,90,125,149,32,97,58,100,7,175,179,27,193,136,144,70,168,17,103,105,174,190,188,186,145,42,47,132,166,123,44];False
1970;8214;10184;[20,76,25,48,10,176,83,129,8,84,67,61,74,108,21,99,16,77,112,150,56,18,62,120,24,197,26,9,143,28,3,2,121,160,92,106,130,22,38,34,124,94,161,1,165,153,187,127,39,107,87,122,50,53,93,23,30,134,137,86,69,64,101,151,54,158,199,6,117,98,19,110,81,52,182,45,162,78,60,79,185,148,167,73,41,36,46,131,59,133,96,157,138,178,164,173,66,126,198,159,140,118,109,29,154,156,142,15,135,146,43,128,85,152,172,12,181,82,192,139,33,13,111,195,40,37,71,35,88,171,189,194,31,68,116,57,0,113,196,89,5,141,119,4,183,63,51,72,147,65,102,115,14,49,55,155,184,75,80,114,177,169,191,11,104,180,163,170,95,91,90,125,149,32,97,58,100,7,175,179,27,193,136,144,70,168,17,103,105,174,190,188,186,145,42,47,132,166,123,44];True
1929;8345;10274;[45,76,25,79,10,176,83,129,8,84,67,61,74,108,21,99,16,77,112,150,56,18,62,120,24,197,26,9,143,20,3,2,121,160,92,106,130,22,38,34,124,94,161,1,165,153,187,127,39,107,87,122,50,53,93,23,30,134,137,86,69,64,101,151,54,158,199,6,117,98,19,110,81,52,182,28,162,78,60,48,185,148,167,73,41,36,46,131,59,133,96,157,138,178,164,173,66,126,198,159,140,118,109,29,154,156,142,15,135,146,43,128,85,152,172,12,181,82,192,139,33,13,111,195,40,37,71,35,88,171,189,194,31,68,116,57,0,113,196,89,5,141,119,4,183,63,51,72,147,65,102,115,14,49,55,155,184,75,80,114,177,169,191,11,104,180,163,170,95,91,90,125,149,32,97,58,100,7,175,179,27,193,136,144,70,168,17,103,105,174,190,188,186,145,42,47,132,166,123,44];False
2095;8118;10213;[34,122,25,48,10,176,43,129,8,84,67,61,74,108,21,99,16,77,112,150,56,18,62,120,24,197,26,9,143,20,3,2,98,160,92,142,130,22,38,45,124,94,161,1,165,153,187,127,39,107,87,76,50,53,93,23,30,134,137,86,69,64,101,151,54,158,199,6,117,167,19,110,81,52,182,28,162,78,60,79,185,148,121,73,41,36,46,131,59,133,96,157,138,178,164,173,66,126,198,159,140,118,109,29,154,156,106,15,135,146,83,128,85,152,172,12,181,82,192,139,33,13,111,195,40,37,71,35,88,171,189,194,31,68,116,57,0,113,196,89,5,141,119,4,183,63,51,72,147,65,102,115,14,49,55,155,184,75,80,114,177,169,191,11,104,180,163,170,95,91,90,125,149,32,97,58,100,7,175,179,27,193,136,144,70,168,17,103,105,174,190,188,186,145,42,47,132,166,123,44];True
2139;8099;10238;[174,67,25,48,10,176,83,129,8,43,122,73,74,146,21,99,16,77,112,150,56,18,62,120,24,197,26,9,143,20,3,2,121,160,92,49,130,22,38,34,124,94,161,1,165,153,187,127,39,107,87,76,50,53,93,23,30,134,137,86,69,64,101,151,54,158,199,6,117,98,19,110,81,52,182,28,162,78,60,79,185,148,167,61,41,36,46,131,59,133,96,157,138,178,164,173,66,126,198,159,140,118,109,29,154,156,106,71,15,108,84,128,85,152,172,12,181,82,192,139,33,13,111,195,40,37,135,35,88,171,189,194,31,68,116,57,0,113,196,89,5,141,119,4,183,63,51,72,147,65,102,115,14,45,55,155,184,75,80,114,177,169,191,11,104,180,163,170,95,91,90,125,149,32,97,58,100,7,175,179,27,193,136,144,70,168,17,103,105,142,190,188,186,145,42,47,132,166,123,44];True
2239;8065;10304;[174,67,25,48,10,176,83,129,8,84,122,73,74,108,21,99,16,77,112,150,56,18,62,120,24,11,26,9,143,20,3,2,160,121,92,49,130,22,38,34,124,94,161,1,165,153,187,127,39,107,87,76,50,53,93,23,30,134,137,86,69,64,101,151,54,158,199,6,117,98,19,110,81,52,182,28,162,78,60,79,185,148,167,61,41,36,46,131,59,133,96,157,138,178,164,173,66,126,198,159,140,118,109,72,154,156,106,71,135,146,43,128,85,152,172,12,181,82,192,139,33,13,111,195,40,37,15,35,88,171,189,194,31,68,116,57,0,113,196,89,5,141,119,4,183,63,51,29,147,65,102,115,14,45,55,155,184,75,80,114,177,169,191,197,104,180,163,170,95,91,90,125,149,32,97,58,100,7,175,179,27,193,136,144,70,168,17,103,105,142,190,188,186,145,42,47,132,166,123,44];False
2163;8088;10251;[174,67,112,135,10,176,83,129,8,84,122,73,74,108,21,99,16,77,25,150,56,18,62,120,24,197,26,9,143,20,3,2,121,160,92,49,130,22,38,34,124,94,161,1,165,153,187,127,39,107,87,76,50,53,93,23,30,134,137,86,69,64,101,151,54,158,199,6,117,98,19,110,81,52,182,28,162,78,60,79,185,148,167,61,41,36,46,131,59,133,96,157,138,178,164,173,66,126,198,159,140,118,109,29,154,156,106,71,48,146,43,128,85,152,172,12,181,82,192,139,33,13,111,195,40,37,15,35,88,171,189,194,102,68,116,57,0,113,196,89,5,141,119,4,183,63,51,72,147,65,31,115,14,45,55,155,184,75,80,114,177,169,191,11,104,180,163,170,95,91,90,125,149,32,97,58,100,7,175,179,27,193,136,144,70,168,17,103,105,142,190,188,186,145,42,47,132,166,123,44];False
2294;8052;10346;[174,67,25,135,10,176,43,129,8,84,122,73,74,108,21,99,16,77,112,150,56,18,62,120,24,197,26,9,143,20,3,2,160,121,92,49,130,22,38,34,124,94,161,1,165,153,187,127,39,107,87,76,50,53,93,23,30,134,137,86,69,64,101,151,54,158,199,6,117,98,19,110,81,52,182,28,162,78,60,79,185,148,167,61,41,36,46,131,59,133,96,157,138,178,164,173,66,126,198,159,140,118,109,29,154,156,106,71,48,146,83,128,85,152,172,12,181,82,192,139,33,13,111,195,11,37,15,35,88,171,189,194,31,68,116,57,0,113,196,89,5,141,119,4,183,63,51,72,147,65,102,115,14,45,55,155,184,75,80,114,177,169,191,40,104,180,163,170,95,91,90,125,149,32,97,58,100,7,175,179,27,193,136,144,70,168,17,103,105,142,190,188,186,145,42,47,132,166,123,44];False
2225;8056;10281;[155,184,121,160,10,176,43,129,8,84,122,73,74,108,21,99,16,77,112,150,56,18,62,120,24,197,26,9,143,20,3,2,25,48,92,49,130,22,38,34,124,94,161,1,165,153,187,127,39,107,87,76,50,53,93,23,30,134,137,86,69,64,101,151,54,158,199,6,117,98,19,110,81,52,182,28,162,78,60,79,185,148,167,61,41,36,46,131,59,133,96,157,138,178,164,173,66,126,198,159,140,118,109,29,154,156,106,71,135,146,83,128,85,152,172,12,181,82,192,139,33,13,111,195,11,37,15,35,88,171,189,194,31,68,116,57,0,113,196,89,5,141,119,4,183,63,51,72,147,65,102,115,14,45,55,174,67,75,80,114,177,169,191,40,104,180,163,170,95,91,90,125,149,32,97,58,100,7,175,179,27,193,136,144,70,168,17,103,105,142,190,188,186,145,42,47,132,166,123,44];False
2353;8031;10384;[34,142,121,160,10,176,43,129,8,84,122,73,74,108,21,99,16,77,112,150,56,18,62,120,24,197,26,9,143,20,3,2,25,48,92,49,130,22,38,174,124,94,161,1,165,153,187,127,39,107,87,76,50,53,93,23,30,134,137,86,69,64,101,151,54,158,199,6,117,98,19,110,81,52,182,28,162,78,60,79,185,148,167,61,41,36,46,131,59,133,96,157,138,178,164,173,66,126,198,159,140,118,109,29,154,156,106,71,135,146,83,128,85,152,172,12,181,82,192,139,33,13,111,195,11,37,15,35,88,171,189,194,31,68,116,57,0,113,196,89,5,141,119,67,183,63,51,72,147,65,102,115,14,45,55,155,184,75,80,114,177,169,191,40,104,180,163,170,95,91,90,125,149,32,97,58,100,7,175,179,27,193,136,144,70,168,17,103,105,4,190,188,186,145,42,47,132,166,123,44];False
2397;8028;10425;[108,149,38,150,10,176,83,129,8,84,122,73,74,56,21,99,16,77,112,48,174,18,69,120,24,197,26,9,143,20,3,2,121,160,92,49,130,22,40,34,124,94,161,1,165,153,187,127,39,107,87,76,50,53,93,23,30,134,137,86,62,64,101,151,54,158,199,6,117,98,186,110,81,52,182,28,162,78,60,79,185,148,167,61,41,36,46,131,59,133,96,157,138,178,164,173,66,126,198,159,140,118,109,29,154,156,106,71,135,146,43,128,85,152,172,12,181,82,192,139,33,13,111,195,25,37,15,35,88,171,189,194,31,68,116,57,0,113,196,89,5,141,119,4,183,63,51,72,147,65,102,115,14,45,55,155,184,75,80,114,177,169,191,11,104,180,163,170,95,91,90,125,67,32,97,58,100,7,175,179,27,193,136,144,70,168,17,103,105,142,190,188,19,145,42,47,132,166,123,44];False
2334;8031;10365;[108,69,38,150,10,176,83,129,8,84,67,73,74,56,21,99,16,77,112,48,174,18,62,120,24,197,26,9,143,20,3,2,121,160,92,49,130,22,40,34,124,94,161,1,165,153,187,127,39,107,87,76,50,53,93,23,30,134,137,86,122,64,101,151,54,158,199,6,117,98,186,110,81,52,182,28,162,78,60,79,185,148,167,61,41,36,46,131,59,133,96,157,138,178,164,173,66,126,198,159,140,118,109,29,154,156,106,71,135,146,43,128,85,152,172,12,181,82,192,139,33,13,111,195,25,37,15,35,88,171,189,194,31,68,116,57,0,113,196,89,5,141,119,4,183,63,51,72,147,65,102,115,14,45,55,155,184,75,80,114,177,169,191,11,104,180,163,170,95,91,90,125,149,32,97,58,100,7,175,179,27,193,136,144,70,168,17,103,105,142,190,188,19,145,42,47,132,166,123,44];False
2538;7999;10537;[16,67,38,150,10,176,83,129,8,69,99,73,74,56,21,92,84,77,112,48,108,18,62,120,24,197,26,9,143,20,3,2,121,160,174,49,130,22,40,34,124,94,161,1,165,153,187,127,39,107,87,76,50,53,93,23,30,134,137,86,122,64,101,151,54,158,199,6,117,98,186,110,81,52,182,28,162,78,60,79,185,148,167,61,41,36,46,131,59,133,96,157,138,178,164,173,66,126,198,159,140,118,109,29,154,156,106,71,135,146,43,128,85,152,172,12,181,82,192,139,33,13,111,195,25,37,15,35,88,171,189,194,31,68,116,57,0,113,196,89,5,141,119,4,183,63,51,72,147,65,102,115,14,45,55,155,184,75,80,114,177,169,191,11,104,180,163,170,95,91,90,125,149,32,97,58,100,7,175,179,27,193,136,144,70,168,17,103,105,142,190,188,19,145,42,47,132,166,123,44];False
1551;9097;10648;[142,67,112,48,10,1,2,129,8,84,122,107,101,118,105,99,141,17,45,15,173,18,25,120,24,197,26,9,109,20,146,193,147,65,92,49,130,22,38,34,3,94,75,12,165,153,187,127,39,73,87,76,50,53,93,27,30,134,58,86,181,82,23,151,54,158,121,6,117,98,78,110,81,52,108,74,183,83,135,79,185,148,167,61,59,36,46,5,41,133,96,157,138,178,152,56,66,126,198,159,140,19,51,29,154,156,160,71,69,190,43,128,85,164,111,192,40,124,150,139,33,13,172,195,182,37,60,35,88,145,189,194,31,171,116,57,186,113,196,89,162,106,119,28,4,97,131,0,199,62,102,115,14,114,55,155,184,161,80,137,177,169,191,11,104,180,163,170,95,91,90,125,149,32,68,63,100,7,175,143,174,16,136,144,70,168,64,103,21,72,77,188,179,176,42,47,132,166,123,44];True
1611;9058;10669;[84,67,112,48,10,1,2,129,193,8,122,107,174,118,105,99,141,17,45,15,173,18,25,120,24,197,26,9,109,20,146,49,147,65,92,142,130,22,38,34,3,94,75,12,165,153,187,127,39,73,87,76,50,53,93,23,30,134,58,86,181,82,101,151,54,158,121,6,117,98,78,110,81,52,108,74,183,192,135,79,185,148,167,61,59,36,46,5,41,133,96,157,138,178,152,56,66,126,198,159,140,19,51,29,154,156,160,71,69,190,43,128,85,164,111,83,40,124,150,139,33,13,172,195,182,37,60,35,88,145,189,194,31,171,116,57,186,113,196,89,162,106,119,28,4,97,131,0,199,62,102,115,14,114,55,155,184,161,80,137,177,169,191,11,104,180,163,170,95,91,90,125,149,32,68,63,100,7,175,143,27,16,136,144,70,168,64,103,21,72,77,188,179,176,42,47,132,166,123,44];False
1647;9035;10682;[90,67,112,48,10,1,2,129,8,45,122,107,101,118,105,99,106,17,193,15,173,18,25,120,24,197,26,9,109,20,146,49,147,65,92,142,130,22,38,34,3,94,75,12,165,153,187,127,39,73,87,76,50,53,93,27,30,134,137,86,181,82,23,151,54,158,121,6,117,98,78,110,81,52,108,74,183,83,135,79,185,148,167,61,59,36,46,5,41,133,96,157,138,178,152,56,66,126,198,159,140,19,131,29,154,156,160,71,69,190,43,128,85,164,111,192,40,124,150,139,33,13,172,195,182,37,60,35,88,145,189,194,31,171,116,57,186,113,196,89,162,141,119,28,4,97,51,0,199,62,102,115,14,114,55,155,184,161,80,58,177,169,191,11,104,180,163,170,95,91,84,125,149,32,68,63,100,7,175,143,174,16,136,144,70,168,64,103,21,72,77,188,179,176,42,47,132,166,123,44];False
1651;9033;10684;[174,67,112,48,10,19,2,129,8,84,122,107,101,118,105,99,106,17,45,15,173,18,25,120,24,197,26,9,109,20,146,49,147,65,92,142,130,22,38,34,3,94,75,12,165,153,187,127,39,73,87,76,50,53,93,27,30,134,58,86,181,82,23,151,54,158,121,6,117,98,78,110,81,52,108,74,183,83,135,79,185,148,167,61,59,36,46,5,41,133,96,157,138,178,152,56,66,126,198,159,140,1,131,29,154,156,160,71,69,190,43,128,85,164,111,192,40,124,150,139,33,13,172,195,182,149,60,35,88,145,189,194,31,171,116,57,186,113,196,89,162,141,119,28,4,97,51,0,199,62,102,115,14,114,55,155,184,161,80,137,177,169,191,11,104,180,163,170,95,91,90,125,37,32,68,63,100,7,175,143,193,16,136,144,70,168,64,103,21,72,77,188,179,176,42,47,132,166,123,44];False
1630;9025;10655;[34,67,112,48,10,1,2,129,8,84,122,107,101,118,105,99,116,17,193,15,173,18,25,120,24,197,26,9,109,20,146,49,45,65,92,142,130,22,38,147,3,94,75,12,165,153,187,127,39,73,87,76,50,53,93,27,30,134,137,86,181,82,23,151,54,158,121,6,117,98,78,110,81,52,108,74,183,83,135,79,185,148,167,61,59,36,46,5,41,133,96,157,138,178,152,56,66,126,198,159,140,19,131,29,154,156,160,71,69,190,43,128,85,164,111,192,40,124,150,139,33,13,172,195,182,37,60,35,88,145,189,194,31,171,141,57,186,113,196,89,162,106,119,28,4,97,51,0,199,62,102,115,14,114,55,155,184,161,80,58,177,169,191,11,104,180,163,170,95,91,90,125,149,32,68,63,100,7,175,143,174,16,136,144,70,168,64,103,21,72,77,188,179,176,42,47,132,166,123,44];False
1921;8768;10689;[196,64,112,48,10,1,91,129,8,84,122,107,174,19,105,99,60,77,193,16,56,18,62,120,24,197,26,9,109,20,3,2,121,4,92,49,130,22,38,34,67,94,75,12,165,153,187,127,39,73,87,76,50,53,93,23,30,134,58,86,181,82,101,151,54,158,199,6,117,98,78,110,81,52,69,28,162,192,135,79,185,148,167,61,59,36,46,131,41,133,96,157,138,178,164,173,66,126,198,159,140,118,186,29,154,156,160,71,108,146,43,128,85,152,111,83,40,124,150,139,33,13,172,195,182,37,15,35,88,145,189,194,31,171,116,57,0,113,97,89,5,141,119,74,183,25,51,72,147,65,102,115,14,45,55,155,184,161,80,114,177,169,191,11,104,180,163,170,95,137,90,125,149,32,68,63,100,7,175,143,27,106,136,144,70,168,17,103,21,142,190,188,179,176,42,47,132,166,123,44];False
1563;9094;10657;[49,67,112,48,10,1,2,129,8,84,122,107,101,118,105,99,116,17,45,15,173,18,25,120,24,197,26,9,109,20,146,193,147,65,92,142,130,22,38,34,3,94,75,12,165,153,187,127,39,73,87,76,50,53,93,27,30,134,137,86,181,82,23,151,54,158,121,6,117,98,78,110,81,52,108,74,183,83,135,79,185,148,167,61,59,36,46,5,41,133,96,157,138,178,152,56,66,126,198,159,140,19,131,29,154,156,160,71,69,190,43,128,85,164,111,192,40,124,150,139,33,13,172,195,182,37,60,35,88,145,189,194,31,171,141,57,186,113,196,89,162,106,119,28,4,97,51,0,199,62,102,115,14,114,55,155,184,161,80,58,177,169,191,11,104,180,163,170,95,91,90,125,149,32,68,63,100,7,175,143,174,16,136,144,70,168,64,103,21,72,77,188,179,176,42,47,132,166,123,44];False
1762;8967;10729;[174,67,84,193,10,1,2,129,8,48,122,107,143,118,105,99,141,17,45,15,173,18,25,120,24,197,26,9,109,20,146,49,147,65,92,142,130,22,38,34,3,94,75,112,165,153,187,127,39,73,87,76,50,53,93,23,30,134,58,86,181,82,101,151,54,158,121,6,117,98,78,110,81,52,108,74,183,192,135,79,185,148,167,61,59,36,46,5,41,133,96,157,138,178,152,56,66,126,198,159,140,19,51,29,154,156,160,71,69,190,43,128,85,164,111,83,40,124,150,139,33,13,172,195,182,37,60,35,88,145,189,194,31,171,116,57,186,113,196,89,162,106,119,28,4,97,131,0,199,62,102,115,14,114,55,155,184,161,80,137,177,169,191,11,104,180,163,170,95,91,90,125,149,32,68,63,100,7,175,12,27,16,136,144,70,168,64,103,21,72,77,188,179,176,42,47,132,166,123,44];False
1524;9160;10684;[49,67,112,48,10,1,2,129,8,84,122,107,101,118,105,99,141,17,45,15,173,18,25,120,24,197,26,9,109,20,146,193,147,65,92,142,130,22,38,34,3,94,75,12,165,153,187,127,39,73,87,76,50,53,93,27,30,134,137,86,181,82,23,151,54,158,121,6,117,98,78,110,81,52,108,74,183,83,135,79,185,148,167,61,59,36,46,5,41,133,96,157,138,178,152,56,66,126,198,159,140,19,131,29,154,156,160,71,69,190,43,128,85,164,111,192,40,124,150,139,33,13,172,195,182,149,60,35,88,145,189,194,31,171,116,57,186,113,196,89,162,106,119,28,4,97,51,0,199,62,102,115,14,114,55,155,184,161,80,58,177,169,191,11,104,180,163,170,95,91,90,125,37,32,68,63,100,7,175,143,174,16,136,144,70,168,64,103,21,72,77,188,179,176,42,47,132,166,123,44];True
1909;8822;10731;[4,64,112,48,10,1,114,129,8,84,122,107,174,19,105,99,16,77,193,60,56,18,62,120,24,197,26,9,109,20,3,91,121,25,92,49,130,22,38,34,67,94,75,12,165,153,187,127,39,73,87,76,50,53,93,23,30,134,58,86,181,82,101,151,54,158,199,6,117,98,78,110,81,52,69,28,162,192,135,79,185,148,167,61,59,36,46,131,41,133,96,157,138,178,164,173,66,126,198,159,140,118,186,29,154,156,160,71,108,146,43,128,85,152,111,83,40,124,150,139,33,13,172,195,182,37,15,35,88,145,189,194,31,171,116,57,0,113,196,89,5,141,119,74,183,97,51,72,147,65,102,115,14,45,55,155,184,161,80,2,177,169,191,11,104,180,163,170,95,137,90,125,149,32,68,63,100,7,175,143,27,106,136,144,70,168,17,103,21,142,190,188,179,176,42,47,132,166,123,44];False
1896;8833;10729;[34,67,112,48,10,1,2,129,8,84,122,107,174,19,105,99,106,77,193,60,173,18,62,120,24,197,26,9,109,20,3,114,121,25,92,49,130,22,38,4,64,94,75,12,165,153,187,127,39,73,87,76,50,53,93,23,30,134,58,86,181,82,101,151,54,158,199,6,117,98,78,110,81,52,69,28,162,192,135,79,185,148,167,61,59,36,46,131,41,133,96,157,138,178,152,56,66,126,198,159,140,118,186,29,154,156,160,71,108,146,43,128,85,164,111,83,40,124,150,139,33,13,172,195,182,37,15,35,88,145,189,194,31,171,116,57,0,113,196,89,5,141,119,74,183,97,51,72,147,65,102,115,14,45,55,155,184,161,80,137,177,169,191,11,104,180,163,170,95,91,90,125,149,32,68,63,100,7,175,143,27,16,136,144,70,168,17,103,21,142,190,188,179,176,42,47,132,166,123,44];False
1904;8832;10736;[4,67,112,48,10,1,2,129,8,84,122,107,174,19,105,99,106,77,193,60,56,18,62,120,24,197,26,9,109,20,3,91,121,25,92,49,130,22,38,34,64,94,75,12,165,153,187,127,39,73,87,76,50,53,93,23,30,134,58,86,181,82,101,151,54,158,199,6,117,98,78,110,81,52,69,28,162,192,135,79,185,148,167,61,59,36,46,131,41,133,96,157,138,178,164,173,66,126,198,159,140,118,186,29,154,156,160,71,108,146,43,128,85,152,111,83,40,124,150,139,33,13,172,195,182,37,15,35,88,145,189,194,31,171,116,57,0,113,196,89,5,141,119,74,183,97,51,72,147,65,102,115,14,45,55,155,184,161,80,114,177,169,191,11,104,180,163,170,95,137,90,125,149,32,68,63,100,7,175,143,27,16,136,144,70,168,17,103,21,142,190,188,179,176,42,47,132,166,123,44];False
1856;8861;10717;[4,67,112,48,10,1,2,129,8,84,122,107,174,19,105,99,106,77,193,60,173,18,62,120,24,197,26,9,109,20,3,114,121,25,92,49,130,22,38,34,64,94,75,12,165,153,187,127,39,73,87,76,50,53,93,23,30,134,58,86,181,82,101,151,54,158,199,6,117,98,78,110,81,52,69,28,162,192,135,79,185,148,167,61,59,36,46,131,41,133,96,157,138,178,152,56,66,126,198,159,140,118,186,29,154,156,160,71,108,146,43,128,85,164,111,83,40,124,150,139,33,13,172,195,182,37,15,35,88,145,189,194,31,171,116,57,0,113,196,89,5,141,119,74,183,97,51,72,147,65,102,115,14,45,55,155,184,161,80,137,177,169,191,11,104,180,163,170,95,91,90,125,149,32,68,63,100,7,175,143,27,16,136,144,70,168,17,103,21,142,190,188,179,176,42,47,132,166,123,44];False
1816;8947;10763;[106,49,112,48,10,1,2,129,8,84,122,107,3,19,105,99,141,17,193,15,173,18,25,120,24,197,26,9,109,20,146,114,147,65,92,142,130,22,38,174,67,94,75,12,165,153,187,127,39,73,87,76,50,53,93,23,30,134,58,86,181,82,101,151,54,158,121,6,117,98,78,110,81,52,108,74,183,192,135,79,185,148,167,61,59,36,46,5,41,133,96,157,138,178,152,56,66,126,34,159,140,118,51,29,154,156,160,71,69,190,43,128,85,164,111,83,40,124,150,139,33,13,172,195,182,149,60,35,88,145,189,194,31,171,116,57,186,113,196,89,162,198,119,28,4,97,131,0,199,62,102,115,14,45,55,155,184,161,80,137,177,169,191,11,104,180,163,170,95,91,90,125,37,32,68,63,100,7,175,143,27,16,136,144,70,168,64,103,21,72,77,188,179,176,42,47,132,166,123,44];False
2856;7986;10842;[108,67,38,150,10,176,83,129,8,69,73,74,20,56,21,99,92,77,112,48,84,18,62,120,24,197,26,9,16,143,3,2,121,160,174,49,130,22,40,34,124,94,161,1,165,153,187,127,39,107,87,76,50,53,93,23,30,134,137,86,122,64,101,151,54,158,199,6,117,98,186,110,81,52,182,28,162,78,60,79,185,148,167,61,41,36,46,131,59,133,96,157,138,178,164,173,66,126,198,159,140,118,109,29,154,156,106,71,135,146,43,128,85,152,172,12,181,82,192,139,33,13,111,195,25,37,15,35,88,171,189,194,31,68,116,57,0,113,196,89,5,141,119,4,183,63,51,72,147,65,102,115,14,45,55,155,184,75,80,114,177,169,191,11,104,180,163,170,95,91,90,125,149,32,97,58,100,7,175,179,27,193,136,144,70,168,17,103,105,142,190,188,19,145,42,47,132,166,123,44];False
2821;7988;10809;[174,67,38,150,10,176,83,129,8,16,69,74,20,56,21,99,92,77,112,48,108,18,62,120,24,197,26,9,143,84,3,2,121,160,34,49,130,22,40,73,124,94,161,1,165,153,187,127,39,107,87,76,50,53,93,23,30,134,137,86,122,64,101,151,54,158,199,6,117,98,186,110,81,52,182,28,162,78,60,79,185,148,167,61,41,36,46,131,59,133,96,157,138,178,164,173,66,126,198,159,140,118,109,29,154,156,106,71,135,146,43,128,85,152,172,12,181,82,192,139,33,13,111,195,25,37,15,35,88,171,189,194,31,68,116,57,0,113,196,89,5,141,119,4,183,63,51,72,147,65,102,115,14,45,55,155,184,75,80,114,177,169,191,11,104,180,163,170,95,91,90,125,149,32,97,58,100,7,175,179,27,193,136,144,70,168,17,103,105,142,190,188,19,145,42,47,132,166,123,44];False
6558;7921;14479;[169,199,22,132,66,135,171,57,7,130,163,122,12,174,149,98,193,191,38,196,161,136,45,105,194,115,46,44,139,190,109,111,184,51,34,91,69,28,8,118,180,27,140,48,92,90,131,148,9,14,3,142,29,61,145,94,13,101,75,36,176,26,164,128,52,2,167,170,123,50,146,71,198,73,82,49,133,166,186,107,77,159,18,4,181,88,70,108,21,106,154,59,197,24,32,195,10,110,11,152,72,127,30,114,182,37,85,55,158,175,6,1,117,120,157,173,17,79,185,102,23,172,39,78,83,125,33,35,165,40,87,84,68,93,103,65,147,153,15,144,156,155,31,143,53,183,97,41,0,89,25,62,5,134,112,104,99,160,74,20,138,168,188,126,16,162,19,137,60,179,47,43,187,76,151,141,80,58,64,96,177,42,189,178,86,119,81,67,129,192,150,56,100,54,113,116,124,63,95,121];False
6585;7909;14494;[22,169,199,132,66,135,171,57,7,130,163,122,12,174,149,98,193,191,38,196,161,136,45,105,194,115,46,44,139,190,109,111,184,51,34,91,69,28,8,118,180,27,140,48,92,90,131,148,9,14,3,142,29,61,145,94,13,101,75,36,176,26,164,128,52,2,167,170,123,50,146,71,198,73,82,49,133,166,186,107,77,159,18,4,181,88,70,108,21,106,154,59,197,24,32,195,10,110,11,152,72,127,30,114,182,37,85,55,158,175,6,1,117,120,157,173,17,79,185,102,23,172,39,78,83,125,33,35,165,40,87,84,68,93,103,65,147,153,15,144,156,155,31,143,53,183,97,41,0,89,25,62,5,134,112,104,99,160,74,20,138,168,188,126,16,162,19,137,60,179,47,43,187,76,151,141,80,58,64,96,177,42,189,178,86,119,81,67,129,192,150,56,100,54,113,116,124,63,95,121];False
6836;7835;14671;[34,169,22,132,136,135,171,57,7,130,163,122,12,199,149,98,193,191,38,196,161,66,45,105,194,115,46,44,139,190,109,111,184,51,198,91,69,28,8,118,180,27,140,48,92,90,131,148,9,14,3,142,29,61,145,94,13,101,75,36,176,26,164,128,52,2,167,170,123,50,146,71,174,73,82,49,133,166,186,107,77,159,18,4,181,88,70,108,21,106,154,59,197,24,32,195,10,110,11,152,72,127,30,114,182,37,85,55,158,175,6,1,117,120,157,173,17,79,185,102,23,172,39,78,83,125,33,35,165,40,87,84,68,93,103,65,147,153,15,144,156,155,31,143,53,183,97,41,0,89,25,62,5,134,112,104,99,160,74,20,138,168,188,126,16,162,19,137,60,179,47,43,187,76,151,141,80,58,64,96,177,42,189,178,86,119,81,67,129,192,150,56,100,54,113,116,124,63,95,121];False
7122;7792;14914;[34,174,22,66,7,135,171,57,23,130,163,122,12,199,149,98,193,191,38,196,161,136,45,105,124,115,46,44,139,190,109,111,184,51,194,91,69,28,8,118,180,25,140,48,92,90,131,148,9,14,3,142,29,61,145,94,13,101,75,36,176,26,164,128,52,2,167,107,123,50,146,71,198,132,82,49,133,189,186,170,77,159,18,4,181,88,70,108,21,106,154,59,197,24,32,195,10,110,11,152,72,127,30,114,182,37,85,55,158,175,6,1,117,120,157,173,17,79,185,102,169,172,39,78,83,125,33,35,165,40,87,84,68,93,103,65,147,153,15,144,156,155,31,143,53,183,97,41,0,89,27,62,5,134,112,104,99,160,74,20,138,168,188,126,16,162,19,137,60,179,47,43,187,76,151,141,80,58,64,96,177,42,166,178,86,119,81,67,129,192,150,56,100,54,113,116,73,63,95,121];False
7151;7782;14933;[71,174,22,136,7,135,171,57,23,130,163,122,12,199,149,98,193,191,38,196,161,66,45,105,194,115,46,44,139,190,109,111,184,51,34,91,69,28,8,118,180,25,140,48,92,90,131,148,9,14,3,142,29,61,145,94,13,101,75,36,176,26,164,128,52,2,167,107,123,73,146,50,198,132,82,49,133,166,186,170,77,159,18,4,181,88,70,108,21,106,154,59,197,24,32,195,10,110,11,152,72,127,30,114,182,37,85,55,158,175,6,1,117,120,157,173,17,79,185,102,169,172,39,78,83,125,33,35,165,40,87,84,68,93,103,65,147,153,15,144,156,155,31,143,53,183,97,41,0,89,27,62,5,134,112,104,99,160,74,20,138,168,188,126,16,162,19,137,60,179,47,43,187,76,151,141,80,58,64,96,177,42,189,178,86,119,81,67,129,192,150,56,100,54,113,116,124,63,95,121];False
7232;7755;14987;[174,136,22,71,7,135,171,57,23,130,163,122,12,199,149,98,193,191,38,196,161,66,45,105,194,115,46,44,139,190,109,111,184,51,34,91,69,28,8,118,180,159,140,48,92,90,131,148,9,14,3,142,29,61,145,94,13,101,75,36,176,26,164,128,52,2,167,107,123,73,146,50,198,132,82,49,133,189,186,170,77,25,18,4,181,88,70,108,21,106,154,59,197,24,32,195,10,110,11,152,72,127,30,114,182,37,85,55,158,175,6,1,117,120,157,173,17,79,185,102,169,172,39,78,83,125,33,35,165,40,87,84,68,93,103,65,147,153,15,144,156,155,31,143,53,183,97,41,0,89,27,62,5,134,112,104,99,160,74,20,138,168,188,126,16,162,19,137,60,179,47,43,187,76,151,141,80,58,64,96,177,42,166,178,86,119,81,67,129,192,150,56,100,54,113,116,124,63,95,121];False
7303;7750;15053;[135,174,22,71,7,136,171,57,23,130,163,122,12,199,149,98,193,191,38,196,161,66,45,105,194,115,46,44,139,190,109,111,184,51,34,91,69,28,8,118,180,159,140,48,92,90,131,148,9,14,3,142,29,61,145,94,13,101,75,36,176,26,164,128,52,2,167,107,123,73,146,50,198,132,82,49,133,189,186,170,77,25,18,4,181,88,70,108,21,106,154,59,197,24,32,195,10,110,11,152,72,127,30,114,182,37,85,55,158,175,6,1,117,120,157,173,17,79,185,102,169,172,39,78,83,125,33,35,165,40,87,84,68,93,103,65,147,153,15,144,156,155,31,143,53,183,97,41,0,89,27,62,5,134,112,104,99,160,74,20,138,168,188,126,16,162,19,137,60,179,47,43,187,76,151,141,80,58,64,96,177,42,166,178,86,119,81,67,129,192,150,56,100,54,113,116,124,63,95,121];False
7349;7689;15038;[182,32,23,194,15,87,75,88,171,163,86,12,6,185,0,73,65,160,38,196,132,14,20,191,174,3,157,183,37,138,184,115,25,99,108,35,193,28,8,154,13,198,188,55,44,94,131,47,68,123,106,78,52,91,69,61,176,59,11,57,189,26,175,62,120,2,89,107,48,63,29,164,4,126,41,114,112,165,153,7,77,177,169,72,84,85,66,45,124,51,90,134,197,168,74,142,101,81,36,145,100,111,122,98,139,105,180,67,158,30,40,96,76,93,150,173,46,10,42,27,24,187,39,95,1,125,33,127,128,129,18,181,148,9,103,92,136,137,43,53,146,190,31,82,144,121,162,147,149,152,49,151,97,130,113,155,17,21,34,159,109,135,140,50,16,118,166,80,133,178,170,199,172,79,117,102,110,60,64,179,58,161,192,22,195,83,186,54,119,167,71,56,5,141,19,116,70,104,143,156];False
7431;7649;15080;[194,32,23,163,15,87,182,88,171,6,75,86,12,185,0,73,65,160,38,196,132,14,20,191,174,3,157,183,37,138,184,115,25,99,108,35,193,28,8,154,13,198,188,55,44,94,131,47,68,123,106,78,52,91,69,61,176,59,11,57,189,26,175,62,120,2,89,107,48,63,29,164,4,126,41,114,112,165,153,7,77,177,169,72,84,85,66,45,124,51,90,134,197,168,74,142,101,81,36,145,100,111,122,98,139,105,180,67,158,30,40,96,76,93,150,173,46,10,42,27,24,187,39,95,1,125,33,127,128,129,18,181,148,9,103,92,136,137,43,53,146,190,31,82,144,121,162,147,149,152,49,151,97,130,113,155,17,21,34,159,109,135,140,50,16,118,166,80,133,178,170,199,172,79,117,102,110,60,64,179,58,161,192,22,195,83,186,54,119,167,71,56,5,141,19,116,70,104,143,156];False
7367;7653;15020;[6,32,23,182,15,194,87,88,171,163,75,86,12,185,0,73,65,160,38,196,132,14,20,191,174,3,157,183,37,138,184,115,25,99,108,35,193,28,8,154,13,198,188,55,44,94,131,47,68,123,106,78,52,91,69,61,176,59,11,57,189,26,175,62,120,2,89,107,48,63,29,164,4,126,41,114,112,165,153,7,77,177,169,72,84,85,66,45,124,51,90,134,197,168,74,142,101,81,36,145,100,111,122,98,139,105,180,67,158,30,40,96,76,93,150,173,46,10,42,27,24,187,39,95,1,125,33,127,128,129,18,181,148,9,103,92,136,137,43,53,146,190,31,82,144,121,162,147,149,152,49,151,97,130,113,155,17,21,34,159,109,135,140,50,16,118,166,80,133,178,170,199,172,79,117,102,110,60,64,179,58,161,192,22,195,83,186,54,119,167,71,56,5,141,19,116,70,104,143,156];False
7803;7459;15262;[44,149,7,135,136,115,171,174,22,130,163,122,12,185,57,98,193,23,38,196,161,66,45,105,194,73,46,191,37,190,109,10,184,51,34,91,69,28,8,118,180,159,140,48,92,90,131,148,93,14,178,142,85,61,145,94,13,101,75,36,176,26,164,128,52,2,167,107,123,50,146,65,198,186,82,49,133,189,132,170,77,25,18,4,84,88,70,108,21,106,154,59,197,24,32,195,111,110,11,152,72,127,30,114,182,139,29,137,158,175,6,1,117,120,157,173,17,79,199,27,169,172,39,78,55,125,33,192,165,40,87,181,68,9,103,162,147,153,15,144,156,155,31,143,53,183,97,41,0,89,102,62,5,134,112,104,99,160,74,20,138,168,188,126,16,71,19,83,60,179,47,43,187,76,151,141,80,58,64,96,177,42,166,3,86,119,81,67,129,35,150,56,100,54,113,116,124,63,95,121];False
7873;7442;15315;[174,171,7,135,136,149,44,115,22,130,163,122,12,185,57,98,193,23,38,196,161,66,45,105,194,73,46,191,37,190,109,10,184,51,34,91,69,28,8,118,180,159,140,48,92,90,131,148,93,14,178,142,85,61,145,94,13,101,75,36,176,26,164,128,52,2,167,107,123,50,146,65,198,186,82,49,133,189,132,170,77,25,18,4,84,88,70,108,21,106,154,59,197,24,32,195,111,110,11,152,72,127,30,114,182,139,29,137,158,175,6,1,117,120,157,173,17,79,199,27,169,172,39,78,55,125,33,192,165,40,87,181,68,9,103,162,147,153,15,144,156,155,31,143,53,183,97,41,0,89,102,62,5,134,112,104,99,160,74,20,138,168,188,126,16,71,19,83,60,179,47,43,187,76,151,141,80,58,64,96,177,42,166,3,86,119,81,67,129,35,150,56,100,54,113,116,124,63,95,121];False
7521;7612;15133;[135,37,23,44,7,136,171,57,22,130,163,122,12,185,149,98,193,191,38,196,161,66,45,105,194,115,46,73,174,190,109,111,184,51,34,91,69,28,8,118,180,159,140,48,92,90,131,148,9,14,3,142,85,61,145,94,13,101,75,36,176,26,164,128,52,2,167,107,123,50,146,65,198,186,82,49,133,189,132,170,77,25,18,4,84,88,70,108,21,106,154,59,197,24,32,195,10,110,11,152,72,127,30,114,182,139,29,137,158,175,6,1,117,120,157,173,17,79,199,102,169,172,39,78,83,125,33,192,165,40,87,181,68,93,103,162,147,153,15,144,156,155,31,143,53,183,97,41,0,89,27,62,5,134,112,104,99,160,74,20,138,168,188,126,16,71,19,55,60,179,47,43,187,76,151,141,80,58,64,96,177,42,166,178,86,119,81,67,129,35,150,56,100,54,113,116,124,63,95,121];False
7583;7582;15165;[34,37,23,136,7,135,171,57,22,130,163,122,12,185,149,98,193,191,38,196,161,66,45,105,194,115,46,44,174,190,109,111,184,51,106,91,69,28,8,118,180,159,140,48,92,90,131,148,9,14,3,142,85,61,145,94,13,101,75,36,176,26,164,128,52,2,167,107,123,50,146,65,198,186,82,49,133,189,132,170,77,25,18,4,84,88,70,108,21,73,154,59,197,24,32,195,10,110,11,152,72,127,30,114,182,139,29,137,158,175,6,1,117,120,157,173,17,79,199,102,169,172,39,78,83,125,33,192,165,40,87,181,68,93,103,162,147,153,15,144,156,155,31,143,53,183,97,41,0,89,27,62,5,134,112,104,99,160,74,20,138,168,188,126,16,71,19,55,60,179,47,43,187,76,151,141,80,58,64,96,177,42,166,178,86,119,81,67,129,35,150,56,100,54,113,116,124,63,95,121];False
7894;7390;15284;[194,191,135,7,136,115,171,57,22,130,163,122,12,185,149,98,193,23,38,196,161,66,45,105,174,73,46,44,37,190,109,10,184,51,34,91,69,28,8,118,180,159,140,48,92,90,131,148,93,14,178,142,85,61,145,94,13,101,75,36,176,26,164,128,52,2,167,107,123,50,146,65,198,186,82,49,133,189,132,170,77,25,18,4,84,88,70,108,21,106,154,59,197,24,32,195,111,110,11,152,72,127,30,114,182,139,29,137,158,175,6,1,117,120,157,173,17,79,199,27,169,172,39,78,55,125,33,192,165,40,87,181,68,9,103,162,147,153,15,144,156,155,31,143,53,183,97,41,0,89,102,62,5,134,112,104,99,160,74,20,138,168,188,126,16,71,19,83,60,179,47,43,187,76,151,141,80,58,64,96,177,42,166,3,86,119,81,67,129,35,150,56,100,54,113,116,124,63,95,121];False
7963;7379;15342;[174,48,7,135,136,115,171,57,22,130,163,122,12,185,149,98,193,23,38,196,161,66,45,105,194,191,46,44,37,190,109,10,184,51,34,91,69,28,8,118,180,159,140,73,92,90,131,148,93,14,178,142,85,61,145,94,13,101,75,36,176,26,164,128,52,2,167,107,123,50,146,65,198,186,82,49,133,189,132,170,77,25,18,4,84,88,70,108,21,106,154,59,197,24,32,195,111,110,11,152,72,127,30,114,182,139,29,137,158,175,6,1,117,120,157,173,17,79,199,27,169,172,39,78,55,125,33,192,165,40,87,181,68,9,103,162,147,153,15,144,156,155,31,143,53,183,97,41,0,89,102,62,5,134,112,104,99,160,74,20,138,168,188,126,16,71,19,83,60,179,47,43,187,76,151,141,80,58,64,96,177,42,166,3,86,119,81,67,129,35,150,56,100,54,113,116,124,63,95,121];False
7951;7378;15329;[37,174,7,135,136,115,171,57,22,130,163,122,12,185,149,98,193,23,38,196,161,66,45,105,194,191,46,44,48,190,109,10,184,51,34,91,69,28,8,118,180,159,140,73,92,90,131,148,93,14,178,142,85,61,145,94,13,101,75,36,176,26,164,128,52,2,167,107,123,50,146,65,198,186,82,49,133,189,132,170,77,25,18,4,84,88,70,108,21,106,154,59,197,24,32,195,111,110,11,152,72,127,30,114,182,139,29,137,158,175,6,1,117,120,157,173,17,79,199,27,169,172,39,78,55,125,33,192,165,40,87,181,68,9,103,162,147,153,15,144,156,155,31,143,53,183,97,41,0,89,102,62,5,134,112,104,99,160,74,20,138,168,188,126,16,71,19,83,60,179,47,43,187,76,151,141,80,58,64,96,177,42,166,3,86,119,81,67,129,35,150,56,100,54,113,116,124,63,95,121];False
8717;6753;15470;[10,38,170,6,149,18,171,57,193,130,163,122,12,185,54,98,3,191,37,196,161,66,45,135,194,115,46,44,125,190,109,174,184,51,34,91,69,28,8,118,180,159,188,48,92,90,131,148,93,14,178,142,136,61,145,94,13,101,141,36,176,35,97,128,52,2,167,107,123,50,155,65,198,17,82,49,133,189,132,23,77,25,105,4,84,88,70,108,21,106,154,59,197,24,72,78,111,110,11,152,86,127,30,114,182,139,29,137,158,175,85,1,117,120,157,173,186,79,42,27,169,172,39,32,55,73,33,192,165,40,87,181,68,9,103,162,147,67,95,144,156,146,31,143,53,183,164,41,75,89,102,62,5,134,112,104,99,63,74,20,138,168,140,126,16,71,19,83,60,179,47,43,187,76,151,7,80,58,64,96,177,199,166,22,195,119,81,153,129,26,150,56,100,0,113,116,124,160,15,121];False
8652;6826;15478;[54,170,10,6,149,18,171,57,37,130,191,3,12,185,122,98,193,163,38,196,161,66,45,135,194,115,46,44,125,190,109,174,184,51,34,91,69,28,8,118,180,159,188,48,92,90,131,148,93,14,178,142,136,61,145,94,13,101,141,36,176,35,97,128,52,2,167,107,123,50,155,65,198,17,82,49,133,189,132,23,77,25,105,4,84,88,70,108,21,106,154,59,197,24,72,78,111,110,11,152,86,127,30,114,182,139,29,137,158,175,85,1,117,120,157,173,186,79,42,27,169,172,39,32,55,73,33,192,165,40,87,181,68,9,103,162,147,67,95,144,156,146,31,143,53,183,164,41,75,89,102,62,5,134,112,104,99,63,74,20,138,168,140,126,16,71,19,83,60,179,47,43,187,76,151,7,80,58,64,96,177,199,166,22,195,119,81,153,129,26,150,56,100,0,113,116,124,160,15,121];False
8194;7313;15507;[194,149,23,136,7,135,171,57,22,130,163,122,12,185,115,98,193,191,38,196,161,66,45,105,198,73,46,44,37,190,109,10,184,51,34,91,69,28,8,118,180,159,140,48,92,90,131,148,93,14,178,142,85,61,145,94,13,101,75,36,176,26,97,128,52,29,167,107,123,50,146,65,174,186,82,49,133,189,132,170,77,25,18,4,84,88,70,108,21,106,154,59,197,24,32,86,111,110,11,152,72,127,30,114,182,139,2,137,158,175,6,1,117,120,157,173,17,79,199,27,169,172,39,78,55,125,33,192,165,40,87,181,68,9,103,162,147,153,15,144,156,155,31,143,53,183,164,41,0,89,102,62,5,134,112,104,99,63,74,20,138,168,188,126,16,71,19,83,60,179,47,43,187,76,151,141,80,58,64,96,177,42,166,3,195,119,81,67,129,35,150,56,100,54,113,116,124,160,95,121];False
8697;6750;15447;[163,170,10,6,149,18,171,57,3,130,191,122,12,185,54,98,193,37,38,196,161,66,45,135,194,115,46,44,125,190,109,174,184,51,34,91,69,28,8,118,180,159,188,48,92,90,131,148,93,14,178,142,136,61,145,94,13,101,141,36,176,35,97,128,52,2,167,107,123,50,155,65,198,17,82,49,133,189,132,23,77,25,105,4,84,88,70,108,21,106,154,59,197,24,72,78,111,110,11,152,86,127,30,114,182,139,29,137,158,175,85,1,117,120,157,173,186,79,42,27,169,172,39,32,55,73,33,192,165,40,87,181,68,9,103,162,147,67,95,144,156,146,31,143,53,183,164,41,75,89,102,62,5,134,112,104,99,63,74,20,138,168,140,126,16,71,19,83,60,179,47,43,187,76,151,7,80,58,64,96,177,199,166,22,195,119,81,153,129,26,150,56,100,0,113,116,124,160,15,121];False
8177;7326;15503;[37,174,23,136,7,135,171,57,22,130,163,122,12,185,149,98,193,191,38,196,161,66,45,105,194,115,46,44,106,190,109,10,184,51,34,91,69,28,8,118,180,159,140,48,92,90,131,148,93,14,178,142,85,61,145,94,13,101,75,36,176,26,164,128,52,2,167,107,123,50,146,65,198,186,82,49,133,189,132,170,77,25,18,4,84,88,70,108,21,73,154,59,197,24,32,195,111,110,11,152,72,127,30,114,182,139,29,137,158,175,6,1,117,120,157,173,17,79,199,27,169,172,39,78,55,125,33,192,165,40,87,181,68,9,103,162,147,153,15,144,156,155,31,143,53,183,97,41,0,89,102,62,5,134,112,104,99,63,74,20,138,168,188,126,16,71,19,83,60,179,47,43,187,76,151,141,80,58,64,96,177,42,166,3,86,119,81,67,129,35,150,56,100,54,113,116,124,160,95,121];False
8953;6668;15621;[174,191,170,6,149,18,171,57,3,130,163,122,12,185,54,98,193,37,38,196,161,66,45,135,194,115,46,44,125,190,109,10,184,51,34,91,69,28,8,118,180,159,188,48,92,90,131,148,93,14,178,142,136,61,145,94,13,101,141,36,176,35,97,128,52,2,167,107,123,50,155,65,198,17,82,49,133,189,132,23,77,25,105,4,84,88,70,108,21,106,154,59,197,24,72,78,111,110,11,152,86,127,30,114,182,139,29,137,158,175,85,1,117,120,157,173,186,79,42,27,169,172,39,32,55,73,33,192,165,40,87,181,68,9,103,162,147,67,95,144,156,146,31,143,53,183,164,41,75,89,102,62,5,134,112,104,99,63,74,20,138,168,140,126,16,71,19,83,60,179,47,43,187,76,151,7,80,58,64,96,177,199,166,22,195,119,81,153,129,26,150,56,100,0,113,116,124,160,15,121];False
8806;6717;15523;[46,174,170,6,149,18,171,57,3,130,163,122,12,185,54,98,193,37,38,196,161,66,45,135,194,115,191,44,125,190,109,10,184,51,34,91,69,28,8,118,180,159,188,48,92,90,131,148,93,14,178,142,136,61,145,94,13,101,141,36,176,35,97,128,52,2,167,107,123,50,155,65,198,17,82,49,133,189,132,23,77,25,105,4,84,88,70,108,21,106,154,59,197,24,72,78,111,110,11,152,86,127,30,114,182,139,29,137,158,175,85,1,117,120,157,173,186,79,42,27,169,172,39,32,55,73,33,192,165,40,87,181,68,9,103,162,147,67,95,144,156,146,31,143,53,183,164,41,75,89,102,62,5,134,112,104,99,63,74,20,138,168,140,126,16,71,19,83,60,179,47,43,187,76,151,7,80,58,64,96,177,199,166,22,195,119,81,153,129,26,150,56,100,0,113,116,124,160,15,121];False
8221;7303;15524;[37,174,23,136,7,135,171,57,22,130,163,122,12,185,149,98,193,191,38,196,161,66,45,105,194,115,46,44,106,190,109,10,184,51,34,91,69,28,8,118,180,159,140,48,92,90,131,148,93,14,178,142,85,61,145,94,13,101,75,36,176,26,164,128,52,2,167,107,123,50,146,65,198,186,82,49,133,189,132,170,77,25,18,4,84,88,70,108,21,73,154,59,197,24,32,86,111,110,11,152,72,127,30,114,182,139,29,137,158,175,6,1,117,120,157,173,17,79,199,27,169,172,39,78,55,125,33,192,165,40,87,181,68,9,103,162,147,153,15,144,156,155,31,143,53,183,97,41,0,89,102,62,5,134,112,104,99,63,74,20,138,168,188,126,16,71,19,83,60,179,47,43,187,76,151,141,80,58,64,96,177,42,166,3,195,119,81,67,129,35,150,56,100,54,113,116,124,160,95,121];False
8320;7249;15569;[174,44,23,136,7,135,171,57,22,130,163,122,12,185,149,98,193,191,38,196,161,66,45,105,194,115,46,73,37,190,109,10,184,51,34,91,69,28,8,118,180,159,140,48,92,90,131,148,93,14,178,142,85,61,145,94,13,101,75,36,176,26,97,128,52,2,167,107,123,50,146,65,198,186,82,49,133,189,132,170,77,25,18,4,84,88,70,108,21,106,154,59,197,24,32,86,111,110,11,152,72,127,30,114,182,139,29,137,158,175,6,1,117,120,157,173,17,79,199,27,169,172,39,78,55,125,33,192,165,40,87,181,68,9,103,162,147,153,15,144,156,155,31,143,53,183,164,41,0,89,102,62,5,134,112,104,99,63,74,20,138,168,188,126,16,71,19,83,60,179,47,43,187,76,151,141,80,58,64,96,177,42,166,3,195,119,81,67,129,35,150,56,100,54,113,116,124,160,95,121];False
8166;7281;15447;[136,174,23,44,7,135,171,57,22,130,163,122,12,185,149,98,193,191,38,196,161,66,45,105,194,115,46,73,37,190,109,10,184,51,34,91,69,28,8,118,180,159,140,48,92,90,131,148,93,14,178,142,85,61,145,94,13,101,75,36,176,26,97,128,52,2,167,107,123,50,146,65,198,186,82,49,133,189,132,170,77,25,18,4,84,88,70,108,21,106,154,59,197,24,32,86,111,110,11,152,72,127,30,114,182,139,29,137,158,175,6,1,117,120,157,173,17,79,199,27,169,172,39,78,55,125,33,192,165,40,87,181,68,9,103,162,147,153,15,144,156,155,31,143,53,183,164,41,0,89,102,62,5,134,112,104,99,63,74,20,138,168,188,126,16,71,19,83,60,179,47,43,187,76,151,141,80,58,64,96,177,42,166,3,195,119,81,67,129,35,150,56,100,54,113,116,124,160,95,121];False
8230;7269;15499;[191,174,136,115,7,135,171,57,22,130,163,122,12,185,149,98,193,23,38,196,161,66,45,105,194,73,46,44,37,190,109,10,184,51,34,91,69,28,8,118,180,159,140,48,92,90,131,148,93,14,178,142,85,61,145,94,13,101,75,36,176,26,97,128,52,2,167,107,123,50,146,65,198,186,82,49,133,189,132,170,77,25,18,4,84,88,70,108,21,106,154,59,197,24,32,86,111,110,11,152,72,127,30,114,182,139,29,137,158,175,6,1,117,120,157,173,17,79,199,27,169,172,39,78,55,125,33,192,165,40,87,181,68,9,103,162,147,153,15,144,156,155,31,143,53,183,164,41,0,89,102,62,5,134,112,104,99,63,74,20,138,168,188,126,16,71,19,83,60,179,47,43,187,76,151,141,80,58,64,96,177,42,166,3,195,119,81,67,129,35,150,56,100,54,113,116,124,160,95,121];False
8971;6658;15629;[106,174,10,6,149,18,171,57,3,130,163,122,12,185,54,98,193,191,38,196,161,66,45,135,194,115,46,44,34,190,109,23,184,51,198,91,69,28,8,118,180,159,188,48,92,90,131,148,93,14,178,142,136,61,145,94,13,101,141,36,176,35,97,128,52,2,167,107,123,50,155,65,37,17,82,49,133,189,132,170,77,25,105,4,84,88,70,108,21,73,154,59,197,24,72,78,111,110,11,152,86,127,30,114,182,139,29,137,158,175,85,1,117,120,157,173,186,79,42,27,169,172,39,32,55,125,33,192,165,40,87,181,68,9,103,162,147,67,95,144,156,146,31,143,53,183,164,41,75,89,102,62,5,134,112,104,99,63,74,20,138,168,140,126,16,71,19,83,60,179,47,43,187,76,151,7,80,58,64,96,177,199,166,22,195,119,81,153,129,26,150,56,100,0,113,116,124,160,15,121];False
8517;7145;15662;[73,44,23,136,7,135,171,57,3,130,163,122,12,185,149,98,193,191,38,196,161,66,45,105,194,115,46,174,37,190,109,10,184,51,34,91,69,28,8,118,180,159,140,48,92,90,131,148,93,14,178,142,85,61,145,94,13,101,75,36,176,26,97,128,52,2,167,107,123,50,146,65,198,186,82,49,133,189,132,170,77,25,18,4,84,88,70,108,21,106,154,59,197,24,86,32,111,110,11,152,72,127,30,114,182,139,29,137,158,175,6,1,117,120,157,173,17,79,199,27,169,172,39,78,55,125,33,192,165,40,87,181,68,9,103,162,147,153,95,144,156,155,31,143,53,183,164,41,0,89,102,62,5,134,112,104,99,63,74,20,138,168,188,126,16,71,19,83,60,179,47,43,187,76,151,141,80,58,64,96,177,42,166,22,195,119,81,67,129,35,150,56,100,54,113,116,124,160,15,121];False
8398;7195;15593;[174,136,23,44,7,135,171,57,3,130,163,122,12,185,149,98,193,191,38,196,161,66,45,105,194,115,46,73,37,190,109,10,184,51,34,91,69,28,8,118,180,159,140,48,92,90,131,148,93,14,178,142,85,61,145,94,13,101,75,36,176,26,97,128,52,2,167,107,123,50,146,65,198,186,82,49,133,189,132,170,77,25,18,4,84,88,70,108,21,106,154,59,197,24,86,32,111,110,11,152,72,127,30,114,182,139,29,137,158,175,6,1,117,120,157,173,17,79,199,27,169,172,39,78,55,125,33,192,165,40,87,181,68,9,103,162,147,153,95,144,156,155,31,143,53,183,164,41,0,89,102,62,5,134,112,104,99,63,74,20,138,168,188,126,16,71,19,83,60,179,47,43,187,76,151,141,80,58,64,96,177,42,166,22,195,119,81,67,129,35,150,56,100,54,113,116,124,160,15,121];False
8418;7178;15596;[135,174,23,44,7,136,171,57,3,130,163,122,12,185,149,98,193,191,38,196,161,66,45,105,194,115,46,73,37,190,109,10,184,51,34,91,69,28,8,118,180,159,140,48,92,90,131,148,93,14,178,142,85,61,145,94,13,101,75,36,176,26,97,128,52,2,167,107,123,50,146,65,198,186,82,49,133,189,132,170,77,25,18,4,84,88,70,108,21,106,154,59,197,24,86,32,111,110,11,152,72,127,30,114,182,139,29,137,158,175,6,1,117,120,157,173,17,79,199,27,169,172,39,78,55,125,33,192,165,40,87,181,68,9,103,162,147,153,95,144,156,155,31,143,53,183,164,41,0,89,102,62,5,134,112,104,99,63,74,20,138,168,188,126,16,71,19,83,60,179,47,43,187,76,151,141,80,58,64,96,177,42,166,22,195,119,81,67,129,35,150,56,100,54,113,116,124,160,15,121];False
8488;7146;15634;[37,174,23,136,7,135,171,57,3,130,163,122,12,185,149,98,193,191,38,196,161,66,45,105,194,115,46,44,50,190,109,10,184,51,34,91,69,28,8,118,180,159,140,48,92,90,131,148,93,14,178,142,85,61,145,94,13,101,75,36,176,26,97,128,52,2,167,107,123,73,146,65,198,186,82,49,133,189,132,170,77,25,18,4,84,88,70,108,21,106,154,59,197,24,86,32,111,110,11,152,72,127,30,114,182,139,29,137,158,175,6,1,117,120,157,173,17,79,199,27,169,172,39,78,55,125,33,192,165,40,87,181,68,9,103,162,147,153,95,144,156,155,31,143,53,183,164,41,0,89,102,62,5,134,112,104,99,63,74,20,138,168,188,126,16,71,19,83,60,179,47,43,187,76,151,141,80,58,64,96,177,42,166,22,195,119,81,67,129,35,150,56,100,54,113,116,124,160,15,121];False
9006;6654;15660;[135,174,10,6,149,18,171,57,3,130,163,122,12,185,54,98,193,191,38,196,161,66,45,34,194,115,46,44,37,190,109,23,184,51,106,91,69,28,8,118,180,159,188,48,92,90,131,148,93,14,178,142,136,61,145,94,13,101,141,36,176,35,97,128,52,2,167,107,123,50,155,65,198,17,82,49,133,189,132,170,77,25,105,4,84,88,70,108,21,73,154,59,197,24,72,78,111,110,11,152,86,127,30,114,182,139,29,137,158,175,85,1,117,120,157,173,186,79,42,27,169,172,39,32,55,125,33,192,165,40,87,181,68,9,103,162,147,67,95,144,156,146,31,143,53,183,164,41,75,89,102,62,5,134,112,104,99,63,74,20,138,168,140,126,16,71,19,83,60,179,47,43,187,76,151,7,80,58,64,96,177,199,166,22,195,119,81,153,129,26,150,56,100,0,113,116,124,160,15,121];False
9135;6610;15745;[50,174,10,6,149,18,171,57,3,130,163,122,12,185,54,98,193,191,38,196,161,66,45,135,194,115,46,44,37,190,109,23,184,51,34,91,69,28,8,118,180,159,188,48,92,90,131,148,93,14,178,142,136,61,145,94,13,101,141,36,176,35,97,128,52,2,167,107,123,63,155,65,198,17,82,49,133,189,132,170,77,25,105,4,84,88,70,108,21,106,154,59,197,24,72,78,111,110,11,152,86,127,30,114,182,139,29,137,158,175,85,1,117,120,157,173,186,79,42,27,169,172,39,32,55,125,33,192,165,40,87,181,68,9,103,162,147,67,95,144,156,146,31,143,53,183,164,41,75,89,102,62,5,134,112,104,99,73,74,20,138,168,140,126,16,71,19,83,60,179,47,43,187,76,151,7,80,58,64,96,177,199,166,22,195,119,81,153,129,26,150,56,100,0,113,116,124,160,15,121];False
9281;6575;15856;[50,143,23,6,149,189,11,57,3,130,163,122,12,185,54,98,193,191,38,196,161,66,45,135,194,115,46,44,37,190,109,10,184,51,34,91,69,28,8,118,180,159,188,48,92,90,131,148,93,14,178,142,136,61,145,94,13,101,141,36,176,35,97,128,52,2,167,107,123,73,155,65,198,17,82,49,133,18,132,170,77,25,105,4,84,88,70,108,21,106,154,59,197,24,72,78,111,110,171,152,86,127,30,114,182,139,29,137,158,175,85,1,117,120,157,173,186,79,42,27,169,172,39,32,55,125,33,192,165,40,87,181,68,9,103,162,147,67,95,144,156,146,31,174,53,183,164,41,75,89,102,62,5,134,112,104,99,63,74,20,138,168,140,126,16,71,19,83,60,179,47,43,187,76,151,7,80,58,64,96,177,199,166,22,195,119,81,153,129,26,150,56,100,0,113,116,124,160,15,121];False
9240;6585;15825;[73,174,194,136,75,18,171,57,3,130,163,122,12,185,54,98,193,6,38,196,161,66,45,135,142,115,46,44,37,190,109,10,184,51,34,91,69,28,8,118,180,159,188,48,92,90,131,148,93,14,178,23,191,61,145,94,13,101,141,36,176,35,97,128,52,2,167,107,123,50,155,65,198,17,82,49,133,189,132,170,77,25,105,4,84,88,70,108,21,106,154,59,197,24,72,78,111,110,11,152,86,127,30,114,182,139,29,137,158,175,85,1,117,120,157,173,186,79,42,27,169,172,39,32,55,125,33,192,165,40,87,181,68,9,103,162,147,67,95,144,156,146,31,143,53,183,164,41,149,89,102,62,5,134,112,104,99,63,74,20,138,168,140,126,16,71,19,83,60,179,47,43,187,76,151,7,80,58,64,96,177,199,166,22,195,119,81,153,129,26,150,56,100,0,113,116,124,160,15,121];False
9181;6605;15786;[106,174,23,95,149,189,11,57,3,130,163,122,12,185,54,98,193,191,38,196,161,66,45,135,194,115,46,44,37,190,109,10,184,51,34,91,69,28,8,118,180,159,188,48,92,90,131,148,93,14,178,142,6,61,145,94,13,101,141,36,176,35,97,128,52,2,167,107,123,50,155,65,198,17,82,49,133,18,132,170,77,25,105,4,84,88,70,108,21,73,154,59,197,24,72,78,111,110,171,152,86,127,30,114,182,139,29,137,158,175,85,1,117,120,157,173,186,79,42,27,169,172,39,32,55,125,33,192,165,40,87,181,68,9,103,162,147,67,136,144,156,146,31,143,53,183,164,41,75,89,102,62,5,134,112,104,99,63,74,20,138,168,140,126,16,71,19,83,60,179,47,43,187,76,151,7,80,58,64,96,177,199,166,22,195,119,81,153,129,26,150,56,100,0,113,116,124,160,15,121];False
9409;6562;15971;[73,174,23,136,149,18,171,57,3,130,163,122,12,185,54,98,193,6,38,196,161,66,45,135,194,115,46,44,37,190,109,10,184,51,34,91,69,28,8,118,180,159,188,48,92,90,131,148,93,14,178,142,191,61,145,94,13,101,141,36,176,35,97,128,52,2,167,107,123,50,155,65,198,17,82,49,133,189,132,170,77,25,105,4,84,88,70,108,21,106,154,59,197,24,72,78,111,110,11,152,86,127,30,114,182,139,29,137,158,175,85,1,117,120,157,173,186,79,42,27,169,172,39,32,55,125,33,192,165,40,87,181,68,9,103,162,147,67,95,144,156,146,31,143,53,183,164,41,75,89,102,62,5,134,112,104,99,63,74,20,138,168,140,126,16,71,19,83,60,179,47,43,187,76,151,7,80,58,64,96,177,199,166,22,195,119,81,153,129,26,150,56,100,0,113,116,124,160,15,121];False
9833;6552;16385;[73,174,23,91,75,101,171,57,3,130,163,122,12,185,0,98,193,191,38,196,161,66,45,135,194,115,46,44,37,190,109,10,184,51,34,136,69,28,8,118,180,159,188,48,92,90,131,148,93,14,178,142,6,61,145,94,13,18,7,89,176,35,97,128,52,2,167,107,123,50,155,65,198,17,82,49,133,189,132,170,77,25,105,4,84,88,70,108,21,106,154,59,197,24,72,78,111,110,11,152,86,127,30,114,182,139,29,137,158,175,85,1,117,120,157,173,186,79,42,27,169,172,39,32,55,125,33,192,165,40,87,181,68,9,103,162,147,67,95,144,156,146,31,143,53,183,164,41,149,36,102,62,5,134,112,104,99,63,74,20,138,168,140,126,16,71,19,83,60,179,47,43,187,76,151,141,80,58,64,96,177,199,166,22,195,119,81,153,129,26,150,56,100,54,113,116,124,160,15,121];False
2025;8155;10180;[34,122,25,48,10,176,83,129,8,84,67,73,74,108,21,99,16,77,112,150,56,18,62,120,24,197,26,9,143,20,3,2,121,160,92,106,130,22,38,45,124,94,161,1,165,153,187,127,39,107,87,76,50,53,93,23,30,134,137,86,69,64,101,151,54,158,199,6,117,98,19,110,81,52,182,28,162,78,60,79,185,148,167,61,41,36,46,131,59,133,96,157,138,178,164,173,66,126,198,159,140,118,109,29,154,156,142,15,135,146,43,128,85,152,172,12,181,82,192,139,33,13,111,195,40,37,71,35,88,171,189,194,31,68,116,57,0,113,196,89,5,141,119,4,183,63,51,72,147,65,102,115,14,49,55,155,184,75,80,114,177,169,191,11,104,180,163,170,95,91,90,125,149,32,97,58,100,7,175,179,27,193,136,144,70,168,17,103,105,174,190,188,186,145,42,47,132,166,123,44];False
2128;8114;10242;[143,67,25,48,10,176,43,129,8,84,122,73,74,108,21,99,16,77,112,150,56,18,62,120,24,197,26,9,69,20,3,2,121,160,92,106,130,22,38,34,124,94,161,1,165,153,187,127,39,107,87,76,50,53,93,23,30,134,137,86,49,64,101,151,54,158,199,6,117,98,19,110,81,52,182,28,162,78,60,79,185,148,167,61,41,36,46,131,59,133,96,157,138,178,164,173,66,126,198,159,140,118,109,29,154,156,142,15,135,146,83,128,85,152,172,12,181,82,192,139,33,13,111,195,40,37,71,35,88,171,189,194,31,68,116,57,0,113,196,89,5,141,119,4,183,63,51,72,147,65,102,115,14,45,55,155,184,75,80,114,177,169,191,11,104,180,163,170,95,91,90,125,149,32,97,58,100,7,175,179,27,193,136,144,70,168,17,103,105,174,190,188,186,145,42,47,132,166,123,44];False
1944;8220;10164;[180,76,25,48,10,176,83,129,8,84,67,61,74,108,21,99,16,77,112,150,56,18,62,120,24,197,26,9,143,28,3,2,121,160,92,106,130,22,38,34,124,94,161,1,165,153,187,127,39,107,87,122,50,53,93,23,30,134,137,86,69,64,101,151,54,158,199,6,117,98,19,110,81,52,182,45,162,78,60,79,185,148,167,73,41,36,46,131,59,133,96,157,138,178,164,173,66,126,198,159,140,118,109,29,154,156,142,15,135,146,43,128,85,152,172,12,181,82,192,139,33,13,111,195,40,37,71,35,88,171,189,194,31,68,116,57,0,113,196,89,5,141,119,4,183,63,51,72,147,65,102,115,14,49,55,155,184,75,80,114,177,169,191,11,104,20,163,170,95,91,90,125,149,32,97,58,100,7,175,179,27,193,136,144,70,168,17,103,105,174,190,188,186,145,42,47,132,166,123,44];True
1926;8354;10280;[45,76,25,79,38,176,83,129,8,84,67,61,74,108,21,99,16,77,112,150,56,18,62,120,24,197,26,9,143,20,3,2,121,160,92,106,130,22,10,34,124,94,161,1,165,153,187,127,39,107,87,122,50,53,93,23,30,134,137,86,69,64,101,151,54,158,199,6,117,98,19,110,81,52,182,28,162,78,60,48,185,148,167,73,41,36,46,131,59,133,96,157,138,178,164,173,66,126,198,159,140,118,109,29,154,156,142,15,135,146,43,128,85,152,172,12,181,82,192,139,33,13,111,195,40,37,71,35,88,171,189,194,31,68,116,57,0,113,196,89,5,141,119,4,183,63,51,72,147,65,102,115,14,49,55,155,184,75,80,114,177,169,191,11,104,180,163,170,95,91,90,125,149,32,97,58,100,7,175,179,27,193,136,144,70,168,17,103,105,174,190,188,186,145,42,47,132,166,123,44];False
2117;8114;10231;[34,122,25,48,19,176,43,129,8,84,67,61,74,108,21,99,16,77,112,150,56,18,62,120,24,197,26,9,143,20,3,2,98,160,92,142,130,22,38,45,124,94,161,1,165,153,187,127,39,107,87,76,50,53,93,23,30,134,137,86,69,64,101,151,54,158,199,6,117,167,10,110,81,52,182,28,162,78,60,79,185,148,121,73,41,36,46,131,59,133,96,157,138,178,164,173,66,126,198,159,140,118,109,29,154,156,106,15,135,146,83,128,85,152,172,12,181,82,192,139,33,13,111,195,40,37,71,35,88,171,189,194,31,68,116,57,0,113,196,89,5,141,119,4,183,63,51,72,147,65,102,115,14,49,55,155,184,75,80,114,177,169,191,11,104,180,163,170,95,91,90,125,149,32,97,58,100,7,175,179,27,193,136,144,70,168,17,103,105,174,190,188,186,145,42,47,132,166,123,44];True
2198;8069;10267;[174,67,25,48,10,176,83,129,68,43,122,73,74,146,21,99,16,77,112,150,56,18,62,120,24,197,26,9,143,20,3,2,121,160,92,49,130,22,38,34,124,94,161,1,165,153,187,127,39,107,87,76,50,53,93,23,30,134,137,86,69,64,101,151,54,158,199,6,117,98,19,110,81,52,182,28,162,78,60,79,185,148,167,61,41,36,46,131,59,133,96,157,138,178,164,173,66,126,198,159,140,118,109,29,154,156,106,71,15,108,84,128,85,152,172,12,181,82,192,139,33,13,111,195,40,37,135,35,88,171,189,194,31,8,116,57,0,113,196,89,5,141,119,4,183,63,51,72,147,65,102,115,14,45,55,155,184,75,80,114,177,169,191,11,104,180,163,170,95,91,90,125,149,32,97,58,100,7,175,179,27,193,136,144,70,168,17,103,105,142,190,188,186,145,42,47,132,166,123,44];False
2201;8062;10263;[174,67,112,93,10,176,83,129,8,84,122,73,74,108,21,99,16,77,25,150,56,18,62,120,24,197,26,9,143,20,3,2,121,160,92,49,130,22,38,34,124,94,161,1,165,153,187,127,39,107,87,76,50,53,135,23,30,134,137,86,69,64,101,151,54,158,199,6,117,98,19,110,81,52,182,28,162,78,60,79,185,148,167,61,41,36,46,131,59,133,96,157,138,178,164,173,66,126,198,159,140,118,109,29,154,156,106,71,48,146,43,128,85,152,172,12,181,82,192,139,33,13,111,195,40,37,15,35,88,171,189,194,102,68,116,57,0,113,196,89,5,141,119,4,183,63,51,72,147,65,31,115,14,45,55,155,184,75,80,114,177,169,191,11,104,180,163,170,95,91,90,125,149,32,97,58,100,7,175,179,27,193,136,144,70,168,17,103,105,142,190,188,186,145,42,47,132,166,123,44];False
2255;8051;10306;[174,67,37,135,10,176,43,129,8,84,122,73,74,108,21,99,16,77,112,150,56,18,62,120,24,197,26,9,143,20,3,2,160,121,92,49,130,22,38,34,124,94,161,1,165,153,187,127,39,107,87,76,50,53,93,23,30,134,137,86,69,64,101,151,54,158,199,6,117,98,19,110,81,52,182,28,162,78,60,79,185,148,167,61,41,36,46,131,59,133,96,157,138,178,164,173,66,126,198,159,140,118,109,29,154,156,106,71,48,146,83,128,85,152,172,12,181,82,192,139,33,13,111,195,11,25,15,35,88,171,189,194,31,68,116,57,0,113,196,89,5,141,119,4,183,63,51,72,147,65,102,115,14,45,55,155,184,75,80,114,177,169,191,40,104,180,163,170,95,91,90,125,149,32,97,58,100,7,175,179,27,193,136,144,70,168,17,103,105,142,190,188,186,145,42,47,132,166,123,44];False
2228;8055;10283;[155,37,121,160,10,176,43,129,8,84,122,73,74,108,21,99,16,77,112,150,56,18,62,120,24,197,26,9,143,20,3,2,25,48,92,49,130,22,38,34,124,94,161,1,165,153,187,127,39,107,87,76,50,53,93,23,30,134,137,86,69,64,101,151,54,158,199,6,117,98,19,110,81,52,182,28,162,78,60,79,185,148,167,61,41,36,46,131,59,133,96,157,138,178,164,173,66,126,198,159,140,118,109,29,154,156,106,71,135,146,83,128,85,152,172,12,181,82,192,139,33,13,111,195,11,184,15,35,88,171,189,194,31,68,116,57,0,113,196,89,5,141,119,4,183,63,51,72,147,65,102,115,14,45,55,174,67,75,80,114,177,169,191,40,104,180,163,170,95,91,90,125,149,32,97,58,100,7,175,179,27,193,136,144,70,168,17,103,105,142,190,188,186,145,42,47,132,166,123,44];False
2465;8019;10484;[143,149,38,150,10,176,83,129,8,84,122,73,74,56,21,99,16,77,112,48,174,18,69,120,24,197,26,9,108,20,3,2,121,160,92,49,130,22,40,34,124,94,161,1,165,153,187,127,39,107,87,76,50,53,93,23,30,134,137,86,62,64,101,151,54,158,199,6,117,98,186,110,81,52,182,28,162,78,60,79,185,148,167,61,41,36,46,131,59,133,96,157,138,178,164,173,66,126,198,159,140,118,109,29,154,156,106,71,135,146,43,128,85,152,172,12,181,82,192,139,33,13,111,195,25,37,15,35,88,171,189,194,31,68,116,57,0,113,196,89,5,141,119,4,183,63,51,72,147,65,102,115,14,45,55,155,184,75,80,114,177,169,191,11,104,180,163,170,95,91,90,125,67,32,97,58,100,7,175,179,27,193,136,144,70,168,17,103,105,142,190,188,19,145,42,47,132,166,123,44];False
2277;8035;10312;[56,69,38,150,10,176,83,129,8,84,67,73,74,108,21,99,16,77,112,48,174,18,62,120,24,197,26,9,143,20,3,2,121,160,92,49,130,22,40,34,124,94,161,1,165,153,187,127,39,107,87,76,50,53,93,23,30,134,137,86,122,64,101,151,54,158,199,6,117,98,186,110,81,52,182,28,162,78,60,79,185,148,167,61,41,36,46,131,59,133,96,157,138,178,164,173,66,126,198,159,140,118,109,29,154,156,106,71,135,146,43,128,85,152,172,12,181,82,192,139,33,13,111,195,25,37,15,35,88,171,189,194,31,68,116,57,0,113,196,89,5,141,119,4,183,63,51,72,147,65,102,115,14,45,55,155,184,75,80,114,177,169,191,11,104,180,163,170,95,91,90,125,149,32,97,58,100,7,175,179,27,193,136,144,70,168,17,103,105,142,190,188,19,145,42,47,132,166,123,44];False
2534;8008;10542;[84,67,38,150,10,176,83,129,8,69,99,73,74,56,21,92,16,77,112,48,108,18,62,120,24,197,26,9,143,20,3,2,121,160,174,49,130,22,40,34,124,94,161,1,165,153,187,127,39,107,87,76,50,53,93,23,30,134,137,86,122,64,101,151,54,158,199,6,117,98,186,110,81,52,182,28,162,78,60,79,185,148,167,61,41,36,46,131,59,133,96,157,138,178,164,173,66,126,198,159,140,118,109,29,154,156,106,71,135,146,43,128,85,152,172,12,181,82,192,139,33,13,111,195,25,37,15,35,88,171,189,194,31,68,116,57,0,113,196,89,5,141,119,4,183,63,51,72,147,65,102,115,14,45,55,155,184,75,80,114,177,169,191,11,104,180,163,170,95,91,90,125,149,32,97,58,100,7,175,179,27,193,136,144,70,168,17,103,105,142,190,188,19,145,42,47,132,166,123,44];False
1560;9066;10626;[4,67,112,48,10,1,2,129,8,84,122,107,101,118,105,99,141,17,45,15,173,18,25,120,24,197,26,9,109,20,146,193,147,65,92,49,130,22,38,34,3,94,75,12,165,153,187,127,39,73,87,76,50,53,93,27,30,134,58,86,181,82,23,151,54,158,121,6,117,98,78,110,81,52,108,74,183,83,135,79,185,148,167,61,59,36,46,5,41,133,96,157,138,178,152,56,66,126,198,159,140,19,51,29,154,156,160,71,69,190,43,128,85,164,111,192,40,124,150,139,33,13,172,195,182,37,60,35,88,145,189,194,31,171,116,57,186,113,196,89,162,106,119,28,142,97,131,0,199,62,102,115,14,114,55,155,184,161,80,137,177,169,191,11,104,180,163,170,95,91,90,125,149,32,68,63,100,7,175,143,174,16,136,144,70,168,64,103,21,72,77,188,179,176,42,47,132,166,123,44];False
1610;9048;10658;[84,67,112,48,10,1,2,129,193,8,122,107,140,118,105,99,141,17,45,15,173,18,25,120,24,197,26,9,109,20,146,49,147,65,92,142,130,22,38,34,3,94,75,12,165,153,187,127,39,73,87,76,50,53,93,23,30,134,58,86,181,82,101,151,54,158,121,6,117,98,78,110,81,52,108,74,183,192,135,79,185,148,167,61,59,36,46,5,41,133,96,157,138,178,152,56,66,126,198,159,174,19,51,29,154,156,160,71,69,190,43,128,85,164,111,83,40,124,150,139,33,13,172,195,182,37,60,35,88,145,189,194,31,171,116,57,186,113,196,89,162,106,119,28,4,97,131,0,199,62,102,115,14,114,55,155,184,161,80,137,177,169,191,11,104,180,163,170,95,91,90,125,149,32,68,63,100,7,175,143,27,16,136,144,70,168,64,103,21,72,77,188,179,176,42,47,132,166,123,44];False
1638;9008;10646;[34,67,112,48,99,1,2,129,8,84,122,107,101,118,105,10,116,17,193,15,173,18,25,120,24,197,26,9,109,20,146,49,45,65,92,142,130,22,38,147,3,94,75,12,165,153,187,127,39,73,87,76,50,53,93,27,30,134,137,86,181,82,23,151,54,158,121,6,117,98,78,110,81,52,108,74,183,83,135,79,185,148,167,61,59,36,46,5,41,133,96,157,138,178,152,56,66,126,198,159,140,19,131,29,154,156,160,71,69,190,43,128,85,164,111,192,40,124,150,139,33,13,172,195,182,37,60,35,88,145,189,194,31,171,141,57,186,113,196,89,162,106,119,28,4,97,51,0,199,62,102,115,14,114,55,155,184,161,80,58,177,169,191,11,104,180,163,170,95,91,90,125,149,32,68,63,100,7,175,143,174,16,136,144,70,168,64,103,21,72,77,188,179,176,42,47,132,166,123,44];False
1912;8738;10650;[196,64,112,48,10,1,91,129,8,84,122,107,174,19,105,99,87,77,193,16,56,18,62,120,24,197,26,9,109,20,3,2,121,4,92,49,130,22,38,34,67,94,75,12,165,153,187,127,39,73,60,76,50,53,93,23,30,134,58,86,181,82,101,151,54,158,199,6,117,98,78,110,81,52,69,28,162,192,135,79,185,148,167,61,59,36,46,131,41,133,96,157,138,178,164,173,66,126,198,159,140,118,186,29,154,156,160,71,108,146,43,128,85,152,111,83,40,124,150,139,33,13,172,195,182,37,15,35,88,145,189,194,31,171,116,57,0,113,97,89,5,141,119,74,183,25,51,72,147,65,102,115,14,45,55,155,184,161,80,114,177,169,191,11,104,180,163,170,95,137,90,125,149,32,68,63,100,7,175,143,27,106,136,144,70,168,17,103,21,142,190,188,179,176,42,47,132,166,123,44];False
1798;8954;10752;[34,67,84,193,10,1,2,129,8,48,122,107,143,118,105,99,141,17,45,15,173,18,25,120,24,197,26,9,109,20,146,49,147,65,92,142,130,22,38,174,3,94,75,112,165,153,187,127,39,73,87,76,50,53,93,23,30,134,58,86,181,82,101,151,54,158,121,6,117,98,78,110,81,52,108,74,183,192,135,79,185,148,167,61,59,36,46,5,41,133,96,157,138,178,152,56,66,126,198,159,140,19,51,29,154,156,160,71,69,190,43,128,85,164,111,83,40,124,150,139,33,13,172,195,182,37,60,35,88,145,189,194,31,171,116,57,186,113,196,89,162,106,119,28,4,97,131,0,199,62,102,115,14,114,55,155,184,161,80,137,177,169,191,11,104,180,163,170,95,91,90,125,149,32,68,63,100,7,175,12,27,16,136,144,70,168,64,103,21,72,77,188,179,176,42,47,132,166,123,44];False
1579;9055;10634;[49,67,112,48,10,1,2,129,8,84,122,107,101,118,105,99,106,17,45,15,173,18,25,120,24,197,26,9,109,20,146,193,147,65,92,142,130,22,38,34,3,94,75,12,165,153,187,127,39,73,87,76,50,53,93,27,30,134,137,86,181,82,23,151,54,158,121,6,117,98,78,110,81,52,108,74,183,83,135,79,185,148,167,61,59,36,46,5,41,133,96,157,138,178,152,56,66,126,198,159,140,19,131,29,154,156,160,71,69,190,43,128,85,164,111,192,40,124,150,139,33,13,172,195,182,149,60,35,88,145,189,194,31,171,116,57,186,113,196,89,162,141,119,28,4,97,51,0,199,62,102,115,14,114,55,155,184,161,80,58,177,169,191,11,104,180,163,170,95,91,90,125,37,32,68,63,100,7,175,143,174,16,136,144,70,168,64,103,21,72,77,188,179,176,42,47,132,166,123,44];False
1905;8828;10733;[4,64,112,48,10,1,114,129,8,84,122,107,174,19,105,99,106,77,193,60,56,18,62,120,24,197,26,9,109,20,3,91,121,25,92,49,130,22,38,34,67,94,75,12,165,153,187,127,39,73,87,76,50,53,93,23,30,134,58,86,181,82,101,151,54,158,199,6,117,98,78,110,81,52,69,28,162,192,135,79,185,148,167,61,59,36,46,131,41,133,96,157,138,178,164,173,66,126,198,159,140,118,186,29,154,156,160,71,108,146,43,128,85,152,111,83,40,124,150,139,33,13,172,195,182,37,15,35,88,145,189,194,31,171,116,57,0,113,196,89,5,141,119,74,183,97,51,72,147,65,102,115,14,45,55,155,184,161,80,2,177,169,191,11,104,180,163,170,95,137,90,125,149,32,68,63,100,7,175,143,27,16,136,144,70,168,17,103,21,142,190,188,179,176,42,47,132,166,123,44];False
1904;8821;10725;[34,64,112,48,10,1,2,129,8,84,122,107,174,19,105,99,106,77,193,60,173,18,62,120,24,197,26,9,109,20,3,114,121,25,92,49,130,22,38,4,67,94,75,12,165,153,187,127,39,73,87,76,50,53,93,23,30,134,58,86,181,82,101,151,54,158,199,6,117,98,78,110,81,52,69,28,162,192,135,79,185,148,167,61,59,36,46,131,41,133,96,157,138,178,152,56,66,126,198,159,140,118,186,29,154,156,160,71,108,146,43,128,85,164,111,83,40,124,150,139,33,13,172,195,182,37,15,35,88,145,189,194,31,171,116,57,0,113,196,89,5,141,119,74,183,97,51,72,147,65,102,115,14,45,55,155,184,161,80,137,177,169,191,11,104,180,163,170,95,91,90,125,149,32,68,63,100,7,175,143,27,16,136,144,70,168,17,103,21,142,190,188,179,176,42,47,132,166,123,44];False
1866;8827;10693;[4,64,112,48,10,1,2,129,8,84,122,107,174,19,105,99,106,77,193,60,173,18,62,120,24,197,26,9,109,20,3,114,121,25,92,49,130,22,38,34,67,94,75,12,165,153,187,127,39,73,87,76,50,53,93,23,30,134,58,86,181,82,101,151,54,158,199,6,117,98,78,110,81,52,69,28,162,192,135,79,185,148,167,61,59,36,46,131,41,133,96,157,138,178,152,56,66,126,198,159,140,118,186,29,154,156,160,71,108,146,43,128,85,164,111,83,40,124,150,139,33,13,172,195,182,37,15,35,88,145,189,194,31,171,116,57,0,113,196,89,5,141,119,74,183,97,51,72,147,65,102,115,14,45,55,155,184,161,80,137,177,169,191,11,104,180,163,170,95,91,90,125,149,32,68,63,100,7,175,143,27,16,136,144,70,168,17,103,21,142,190,188,179,176,42,47,132,166,123,44];False
1775;8956;10731;[3,49,112,48,10,1,2,129,8,84,122,107,106,19,105,99,141,17,193,15,173,18,25,120,24,197,26,9,109,20,146,114,147,65,92,142,130,22,38,174,67,94,75,12,165,153,187,127,39,73,87,76,50,53,93,23,30,134,58,86,181,82,101,151,54,158,121,6,117,98,78,110,81,52,108,74,183,192,135,79,185,148,167,61,59,36,46,5,41,133,96,157,138,178,152,56,66,126,34,159,140,118,51,29,154,156,160,71,69,190,43,128,85,164,111,83,40,124,150,139,33,13,172,195,182,149,60,35,88,145,189,194,31,171,116,57,186,113,196,89,162,198,119,28,4,97,131,0,199,62,102,115,14,45,55,155,184,161,80,137,177,169,191,11,104,180,163,170,95,91,90,125,37,32,68,63,100,7,175,143,27,16,136,144,70,168,64,103,21,72,77,188,179,176,42,47,132,166,123,44];False
2943;7969;10912;[16,67,38,150,10,176,83,129,8,69,73,74,20,56,21,99,92,77,112,48,84,18,62,120,24,197,26,9,108,143,3,2,121,160,174,49,130,22,40,34,124,94,161,1,165,153,187,127,39,107,87,76,50,53,93,23,30,134,137,86,122,64,101,151,54,158,199,6,117,98,186,110,81,52,182,28,162,78,60,79,185,148,167,61,41,36,46,131,59,133,96,157,138,178,164,173,66,126,198,159,140,118,109,29,154,156,106,71,135,146,43,128,85,152,172,12,181,82,192,139,33,13,111,195,25,37,15,35,88,171,189,194,31,68,116,57,0,113,196,89,5,141,119,4,183,63,51,72,147,65,102,115,14,45,55,155,184,75,80,114,177,169,191,11,104,180,163,170,95,91,90,125,149,32,97,58,100,7,175,179,27,193,136,144,70,168,17,103,105,142,190,188,19,145,42,47,132,166,123,44];False
2914;7984;10898;[31,67,38,150,10,176,83,129,8,16,69,74,20,56,21,99,92,77,112,48,108,18,62,120,24,197,26,9,143,84,3,2,121,160,34,49,130,22,40,73,124,94,161,1,165,153,187,127,39,107,87,76,50,53,93,23,30,134,137,86,122,64,101,151,54,158,199,6,117,98,186,110,81,52,182,28,162,78,60,79,185,148,167,61,41,36,46,131,59,133,96,157,138,178,164,173,66,126,198,159,140,118,109,29,154,156,106,71,135,146,43,128,85,152,172,12,181,82,192,139,33,13,111,195,25,37,15,35,88,171,189,194,174,68,116,57,0,113,196,89,5,141,119,4,183,63,51,72,147,65,102,115,14,45,55,155,184,75,80,114,177,169,191,11,104,180,163,170,95,91,90,125,149,32,97,58,100,7,175,179,27,193,136,144,70,168,17,103,105,142,190,188,19,145,42,47,132,166,123,44];False
6638;7904;14542;[22,199,169,132,66,135,171,57,7,130,163,122,12,174,149,98,193,191,38,196,161,136,45,105,194,115,46,44,139,190,109,111,184,51,34,91,69,28,8,118,180,27,140,48,92,90,131,148,9,14,3,142,29,61,145,94,13,101,75,36,176,26,164,128,52,2,167,170,123,50,146,71,198,73,82,49,133,166,186,107,77,159,18,4,181,88,70,108,21,106,154,59,197,24,32,195,10,110,11,152,72,127,30,114,182,37,85,55,158,175,6,1,117,120,157,173,17,79,185,102,23,172,39,78,83,125,33,35,165,40,87,84,68,93,103,65,147,153,15,144,156,155,31,143,53,183,97,41,0,89,25,62,5,134,112,104,99,160,74,20,138,168,188,126,16,162,19,137,60,179,47,43,187,76,151,141,80,58,64,96,177,42,189,178,86,119,81,67,129,192,150,56,100,54,113,116,124,63,95,121];False
6602;7901;14503;[169,22,199,132,66,135,171,57,7,130,163,122,12,174,149,98,193,191,38,196,161,136,45,105,194,115,46,44,139,190,109,111,184,51,34,91,69,28,8,118,180,27,140,48,92,90,131,148,9,14,3,142,29,61,145,94,13,101,75,36,176,26,164,128,52,2,167,170,123,50,146,71,198,73,82,49,133,166,186,107,77,159,18,4,181,88,70,108,21,106,154,59,197,24,32,195,10,110,11,152,72,127,30,114,182,37,85,55,158,175,6,1,117,120,157,173,17,79,185,102,23,172,39,78,83,125,33,35,165,40,87,84,68,93,103,65,147,153,15,144,156,155,31,143,53,183,97,41,0,89,25,62,5,134,112,104,99,160,74,20,138,168,188,126,16,162,19,137,60,179,47,43,187,76,151,141,80,58,64,96,177,42,189,178,86,119,81,67,129,192,150,56,100,54,113,116,124,63,95,121];False
6524;7931;14455;[132,169,199,22,66,135,171,57,7,130,163,122,12,174,149,98,193,191,38,196,161,136,45,105,194,115,46,44,139,190,109,111,184,51,34,91,69,28,8,118,180,27,140,48,92,90,131,148,9,14,3,142,29,61,145,94,13,101,75,36,176,26,164,128,52,2,167,170,123,50,146,71,198,73,82,49,133,166,186,107,77,159,18,4,181,88,70,108,21,106,154,59,197,24,32,195,10,110,11,152,72,127,30,114,182,37,85,55,158,175,6,1,117,120,157,173,17,79,185,102,23,172,39,78,83,125,33,35,165,40,87,84,68,93,103,65,147,153,15,144,156,155,31,143,53,183,97,41,0,89,25,62,5,134,112,104,99,160,74,20,138,168,188,126,16,162,19,137,60,179,47,43,187,76,151,141,80,58,64,96,177,42,189,178,86,119,81,67,129,192,150,56,100,54,113,116,124,63,95,121];False
6791;7843;14634;[146,169,22,132,136,135,171,57,7,130,163,122,12,199,149,98,193,191,38,196,161,66,45,105,194,115,46,44,139,190,109,111,184,51,198,91,69,28,8,118,180,27,140,48,92,90,131,148,9,14,3,142,29,61,145,94,13,101,75,36,176,26,164,128,52,2,167,170,123,50,34,71,174,73,82,49,133,166,186,107,77,159,18,4,181,88,70,108,21,106,154,59,197,24,32,195,10,110,11,152,72,127,30,114,182,37,85,55,158,175,6,1,117,120,157,173,17,79,185,102,23,172,39,78,83,125,33,35,165,40,87,84,68,93,103,65,147,153,15,144,156,155,31,143,53,183,97,41,0,89,25,62,5,134,112,104,99,160,74,20,138,168,188,126,16,162,19,137,60,179,47,43,187,76,151,141,80,58,64,96,177,42,189,178,86,119,81,67,129,192,150,56,100,54,113,116,124,63,95,121];False
7116;7792;14908;[146,174,22,66,7,135,171,57,23,130,163,122,12,199,149,98,193,191,38,196,161,136,45,105,124,115,46,44,139,190,109,111,184,51,194,91,69,28,8,118,180,25,140,48,92,90,131,148,9,14,3,142,29,61,145,94,13,101,75,36,176,26,164,128,52,2,167,107,123,50,34,71,198,132,82,49,133,189,186,170,77,159,18,4,181,88,70,108,21,106,154,59,197,24,32,195,10,110,11,152,72,127,30,114,182,37,85,55,158,175,6,1,117,120,157,173,17,79,185,102,169,172,39,78,83,125,33,35,165,40,87,84,68,93,103,65,147,153,15,144,156,155,31,143,53,183,97,41,0,89,27,62,5,134,112,104,99,160,74,20,138,168,188,126,16,162,19,137,60,179,47,43,187,76,151,141,80,58,64,96,177,42,166,178,86,119,81,67,129,192,150,56,100,54,113,116,73,63,95,121];False
7179;7774;14953;[73,174,22,136,7,135,171,57,23,130,163,122,12,199,149,98,193,191,38,196,161,66,45,105,194,115,46,44,139,190,109,111,184,51,34,91,69,28,8,118,180,25,140,48,92,90,131,148,9,14,3,142,29,61,145,94,13,101,75,36,176,26,164,128,52,2,167,107,123,71,146,50,198,132,82,49,133,166,186,170,77,159,18,4,181,88,70,108,21,106,154,59,197,24,32,195,10,110,11,152,72,127,30,114,182,37,85,55,158,175,6,1,117,120,157,173,17,79,185,102,169,172,39,78,83,125,33,35,165,40,87,84,68,93,103,65,147,153,15,144,156,155,31,143,53,183,97,41,0,89,27,62,5,134,112,104,99,160,74,20,138,168,188,126,16,162,19,137,60,179,47,43,187,76,151,141,80,58,64,96,177,42,189,178,86,119,81,67,129,192,150,56,100,54,113,116,124,63,95,121];False
7209;7768;14977;[7,136,22,71,174,135,171,57,23,130,163,122,12,199,149,98,193,191,38,196,161,66,45,105,194,115,46,44,139,190,109,111,184,51,34,91,69,28,8,118,180,159,140,48,92,90,131,148,9,14,3,142,29,61,145,94,13,101,75,36,176,26,164,128,52,2,167,107,123,73,146,50,198,132,82,49,133,189,186,170,77,25,18,4,181,88,70,108,21,106,154,59,197,24,32,195,10,110,11,152,72,127,30,114,182,37,85,55,158,175,6,1,117,120,157,173,17,79,185,102,169,172,39,78,83,125,33,35,165,40,87,84,68,93,103,65,147,153,15,144,156,155,31,143,53,183,97,41,0,89,27,62,5,134,112,104,99,160,74,20,138,168,188,126,16,162,19,137,60,179,47,43,187,76,151,141,80,58,64,96,177,42,166,178,86,119,81,67,129,192,150,56,100,54,113,116,124,63,95,121];False
7275;7750;15025;[174,135,22,71,7,136,171,57,23,130,163,122,12,199,149,98,193,191,38,196,161,66,45,105,194,115,46,44,139,190,109,111,184,51,34,91,69,28,8,118,180,159,140,48,92,90,131,148,9,14,3,142,29,61,145,94,13,101,75,36,176,26,164,128,52,2,167,107,123,73,146,50,198,132,82,49,133,189,186,170,77,25,18,4,181,88,70,108,21,106,154,59,197,24,32,195,10,110,11,152,72,127,30,114,182,37,85,55,158,175,6,1,117,120,157,173,17,79,185,102,169,172,39,78,83,125,33,35,165,40,87,84,68,93,103,65,147,153,15,144,156,155,31,143,53,183,97,41,0,89,27,62,5,134,112,104,99,160,74,20,138,168,188,126,16,162,19,137,60,179,47,43,187,76,151,141,80,58,64,96,177,42,166,178,86,119,81,67,129,192,150,56,100,54,113,116,124,63,95,121];False
7379;7643;15022;[194,32,23,182,15,87,75,88,171,163,86,12,6,185,0,73,65,160,38,196,132,14,20,191,174,3,157,183,37,138,184,115,25,99,108,35,193,28,8,154,13,198,188,55,44,94,131,47,68,123,106,78,52,91,69,61,176,59,11,57,189,26,175,62,120,2,89,107,48,63,29,164,4,126,41,114,112,165,153,7,77,177,169,72,84,85,66,45,124,51,90,134,197,168,74,142,101,81,36,145,100,111,122,98,139,105,180,67,158,30,40,96,76,93,150,173,46,10,42,27,24,187,39,95,1,125,33,127,128,129,18,181,148,9,103,92,136,137,43,53,146,190,31,82,144,121,162,147,149,152,49,151,97,130,113,155,17,21,34,159,109,135,140,50,16,118,166,80,133,178,170,199,172,79,117,102,110,60,64,179,58,161,192,22,195,83,186,54,119,167,71,56,5,141,19,116,70,104,143,156];False
7324;7671;14995;[163,32,23,182,15,194,87,88,171,6,75,86,12,185,0,73,65,160,38,196,132,14,20,191,174,3,157,183,37,138,184,115,25,99,108,35,193,28,8,154,13,198,188,55,44,94,131,47,68,123,106,78,52,91,69,61,176,59,11,57,189,26,175,62,120,2,89,107,48,63,29,164,4,126,41,114,112,165,153,7,77,177,169,72,84,85,66,45,124,51,90,134,197,168,74,142,101,81,36,145,100,111,122,98,139,105,180,67,158,30,40,96,76,93,150,173,46,10,42,27,24,187,39,95,1,125,33,127,128,129,18,181,148,9,103,92,136,137,43,53,146,190,31,82,144,121,162,147,149,152,49,151,97,130,113,155,17,21,34,159,109,135,140,50,16,118,166,80,133,178,170,199,172,79,117,102,110,60,64,179,58,161,192,22,195,83,186,54,119,167,71,56,5,141,19,116,70,104,143,156];False
7820;7436;15256;[174,149,7,135,136,115,171,44,22,130,163,122,12,185,57,98,193,23,38,196,161,66,45,105,194,73,46,191,37,190,109,10,184,51,34,91,69,28,8,118,180,159,140,48,92,90,131,148,93,14,178,142,85,61,145,94,13,101,75,36,176,26,164,128,52,2,167,107,123,50,146,65,198,186,82,49,133,189,132,170,77,25,18,4,84,88,70,108,21,106,154,59,197,24,32,195,111,110,11,152,72,127,30,114,182,139,29,137,158,175,6,1,117,120,157,173,17,79,199,27,169,172,39,78,55,125,33,192,165,40,87,181,68,9,103,162,147,153,15,144,156,155,31,143,53,183,97,41,0,89,102,62,5,134,112,104,99,160,74,20,138,168,188,126,16,71,19,83,60,179,47,43,187,76,151,141,80,58,64,96,177,42,166,3,86,119,81,67,129,35,150,56,100,54,113,116,124,63,95,121];False
7506;7602;15108;[37,135,23,44,7,136,171,57,22,130,163,122,12,185,149,98,193,191,38,196,161,66,45,105,194,115,46,73,174,190,109,111,184,51,34,91,69,28,8,118,180,159,140,48,92,90,131,148,9,14,3,142,85,61,145,94,13,101,75,36,176,26,164,128,52,2,167,107,123,50,146,65,198,186,82,49,133,189,132,170,77,25,18,4,84,88,70,108,21,106,154,59,197,24,32,195,10,110,11,152,72,127,30,114,182,139,29,137,158,175,6,1,117,120,157,173,17,79,199,102,169,172,39,78,83,125,33,192,165,40,87,181,68,93,103,162,147,153,15,144,156,155,31,143,53,183,97,41,0,89,27,62,5,134,112,104,99,160,74,20,138,168,188,126,16,71,19,55,60,179,47,43,187,76,151,141,80,58,64,96,177,42,166,178,86,119,81,67,129,35,150,56,100,54,113,116,124,63,95,121];False
7579;7589;15168;[174,37,23,136,7,135,171,57,22,130,163,122,12,185,149,98,193,191,38,196,161,66,45,105,194,115,46,44,34,190,109,111,184,51,106,91,69,28,8,118,180,159,140,48,92,90,131,148,9,14,3,142,85,61,145,94,13,101,75,36,176,26,164,128,52,2,167,107,123,50,146,65,198,186,82,49,133,189,132,170,77,25,18,4,84,88,70,108,21,73,154,59,197,24,32,195,10,110,11,152,72,127,30,114,182,139,29,137,158,175,6,1,117,120,157,173,17,79,199,102,169,172,39,78,83,125,33,192,165,40,87,181,68,93,103,162,147,153,15,144,156,155,31,143,53,183,97,41,0,89,27,62,5,134,112,104,99,160,74,20,138,168,188,126,16,71,19,55,60,179,47,43,187,76,151,141,80,58,64,96,177,42,166,178,86,119,81,67,129,35,150,56,100,54,113,116,124,63,95,121];False
7884;7430;15314;[184,191,135,7,136,115,171,57,22,130,163,122,12,185,149,98,193,23,38,196,161,66,45,105,174,73,46,44,37,190,109,10,194,51,34,91,69,28,8,118,180,159,140,48,92,90,131,148,93,14,178,142,85,61,145,94,13,101,75,36,176,26,164,128,52,2,167,107,123,50,146,65,198,186,82,49,133,189,132,170,77,25,18,4,84,88,70,108,21,106,154,59,197,24,32,195,111,110,11,152,72,127,30,114,182,139,29,137,158,175,6,1,117,120,157,173,17,79,199,27,169,172,39,78,55,125,33,192,165,40,87,181,68,9,103,162,147,153,15,144,156,155,31,143,53,183,97,41,0,89,102,62,5,134,112,104,99,160,74,20,138,168,188,126,16,71,19,83,60,179,47,43,187,76,151,141,80,58,64,96,177,42,166,3,86,119,81,67,129,35,150,56,100,54,113,116,124,63,95,121];False
7991;7366;15357;[174,37,7,135,136,115,171,57,22,130,163,122,12,185,149,98,193,23,38,196,161,66,45,105,194,191,46,44,48,190,109,10,184,51,34,91,69,28,8,118,180,159,140,73,92,90,131,148,93,14,178,142,85,61,145,94,13,101,75,36,176,26,164,128,52,2,167,107,123,50,146,65,198,186,82,49,133,189,132,170,77,25,18,4,84,88,70,108,21,106,154,59,197,24,32,195,111,110,11,152,72,127,30,114,182,139,29,137,158,175,6,1,117,120,157,173,17,79,199,27,169,172,39,78,55,125,33,192,165,40,87,181,68,9,103,162,147,153,15,144,156,155,31,143,53,183,97,41,0,89,102,62,5,134,112,104,99,160,74,20,138,168,188,126,16,71,19,83,60,179,47,43,187,76,151,141,80,58,64,96,177,42,166,3,86,119,81,67,129,35,150,56,100,54,113,116,124,63,95,121];False
7876;7351;15227;[198,174,7,135,136,115,171,57,22,130,163,122,12,185,149,98,193,23,38,196,161,66,45,105,194,191,46,44,48,190,109,10,184,51,34,91,69,28,8,118,180,159,140,73,92,90,131,148,93,14,178,142,85,61,145,94,13,101,75,36,176,26,164,128,52,2,167,107,123,50,146,65,37,186,82,49,133,189,132,170,77,25,18,4,84,88,70,108,21,106,154,59,197,24,32,195,111,110,11,152,72,127,30,114,182,139,29,137,158,175,6,1,117,120,157,173,17,79,199,27,169,172,39,78,55,125,33,192,165,40,87,181,68,9,103,162,147,153,15,144,156,155,31,143,53,183,97,41,0,89,102,62,5,134,112,104,99,160,74,20,138,168,188,126,16,71,19,83,60,179,47,43,187,76,151,141,80,58,64,96,177,42,166,3,86,119,81,67,129,35,150,56,100,54,113,116,124,63,95,121];False
8640;6867;15507;[57,170,10,6,149,18,171,54,37,130,191,3,12,185,122,98,193,163,38,196,161,66,45,135,194,115,46,44,125,190,109,174,184,51,34,91,69,28,8,118,180,159,188,48,92,90,131,148,93,14,178,142,136,61,145,94,13,101,141,36,176,35,97,128,52,2,167,107,123,50,155,65,198,17,82,49,133,189,132,23,77,25,105,4,84,88,70,108,21,106,154,59,197,24,72,78,111,110,11,152,86,127,30,114,182,139,29,137,158,175,85,1,117,120,157,173,186,79,42,27,169,172,39,32,55,73,33,192,165,40,87,181,68,9,103,162,147,67,95,144,156,146,31,143,53,183,164,41,75,89,102,62,5,134,112,104,99,63,74,20,138,168,140,126,16,71,19,83,60,179,47,43,187,76,151,7,80,58,64,96,177,199,166,22,195,119,81,153,129,26,150,56,100,0,113,116,124,160,15,121];False
8646;6787;15433;[44,170,10,6,149,18,171,57,3,130,191,122,12,185,54,98,193,37,38,196,161,66,45,135,194,115,46,163,125,190,109,174,184,51,34,91,69,28,8,118,180,159,188,48,92,90,131,148,93,14,178,142,136,61,145,94,13,101,141,36,176,35,97,128,52,2,167,107,123,50,155,65,198,17,82,49,133,189,132,23,77,25,105,4,84,88,70,108,21,106,154,59,197,24,72,78,111,110,11,152,86,127,30,114,182,139,29,137,158,175,85,1,117,120,157,173,186,79,42,27,169,172,39,32,55,73,33,192,165,40,87,181,68,9,103,162,147,67,95,144,156,146,31,143,53,183,164,41,75,89,102,62,5,134,112,104,99,63,74,20,138,168,140,126,16,71,19,83,60,179,47,43,187,76,151,7,80,58,64,96,177,199,166,22,195,119,81,153,129,26,150,56,100,0,113,116,124,160,15,121];False
8904;6688;15592;[115,191,170,6,149,18,171,57,3,130,163,122,12,185,54,98,193,37,38,196,161,66,45,135,194,174,46,44,125,190,109,10,184,51,34,91,69,28,8,118,180,159,188,48,92,90,131,148,93,14,178,142,136,61,145,94,13,101,141,36,176,35,97,128,52,2,167,107,123,50,155,65,198,17,82,49,133,189,132,23,77,25,105,4,84,88,70,108,21,106,154,59,197,24,72,78,111,110,11,152,86,127,30,114,182,139,29,137,158,175,85,1,117,120,157,173,186,79,42,27,169,172,39,32,55,73,33,192,165,40,87,181,68,9,103,162,147,67,95,144,156,146,31,143,53,183,164,41,75,89,102,62,5,134,112,104,99,63,74,20,138,168,140,126,16,71,19,83,60,179,47,43,187,76,151,7,80,58,64,96,177,199,166,22,195,119,81,153,129,26,150,56,100,0,113,116,124,160,15,121];False
8781;6688;15469;[174,46,170,6,149,18,171,57,3,130,163,122,12,185,54,98,193,37,38,196,161,66,45,135,194,115,191,44,125,190,109,10,184,51,34,91,69,28,8,118,180,159,188,48,92,90,131,148,93,14,178,142,136,61,145,94,13,101,141,36,176,35,97,128,52,2,167,107,123,50,155,65,198,17,82,49,133,189,132,23,77,25,105,4,84,88,70,108,21,106,154,59,197,24,72,78,111,110,11,152,86,127,30,114,182,139,29,137,158,175,85,1,117,120,157,173,186,79,42,27,169,172,39,32,55,73,33,192,165,40,87,181,68,9,103,162,147,67,95,144,156,146,31,143,53,183,164,41,75,89,102,62,5,134,112,104,99,63,74,20,138,168,140,126,16,71,19,83,60,179,47,43,187,76,151,7,80,58,64,96,177,199,166,22,195,119,81,153,129,26,150,56,100,0,113,116,124,160,15,121];False
8291;7239;15530;[37,44,23,136,7,135,171,57,22,130,163,122,12,185,149,98,193,191,38,196,161,66,45,105,194,115,46,73,174,190,109,10,184,51,34,91,69,28,8,118,180,159,140,48,92,90,131,148,93,14,178,142,85,61,145,94,13,101,75,36,176,26,97,128,52,2,167,107,123,50,146,65,198,186,82,49,133,189,132,170,77,25,18,4,84,88,70,108,21,106,154,59,197,24,32,86,111,110,11,152,72,127,30,114,182,139,29,137,158,175,6,1,117,120,157,173,17,79,199,27,169,172,39,78,55,125,33,192,165,40,87,181,68,9,103,162,147,153,15,144,156,155,31,143,53,183,164,41,0,89,102,62,5,134,112,104,99,63,74,20,138,168,188,126,16,71,19,83,60,179,47,43,187,76,151,141,80,58,64,96,177,42,166,3,195,119,81,67,129,35,150,56,100,54,113,116,124,160,95,121];False
8255;7257;15512;[135,174,23,44,7,136,171,57,22,130,163,122,12,185,149,98,193,191,38,196,161,66,45,105,194,115,46,73,37,190,109,10,184,51,34,91,69,28,8,118,180,159,140,48,92,90,131,148,93,14,178,142,85,61,145,94,13,101,75,36,176,26,97,128,52,2,167,107,123,50,146,65,198,186,82,49,133,189,132,170,77,25,18,4,84,88,70,108,21,106,154,59,197,24,32,86,111,110,11,152,72,127,30,114,182,139,29,137,158,175,6,1,117,120,157,173,17,79,199,27,169,172,39,78,55,125,33,192,165,40,87,181,68,9,103,162,147,153,15,144,156,155,31,143,53,183,164,41,0,89,102,62,5,134,112,104,99,63,74,20,138,168,188,126,16,71,19,83,60,179,47,43,187,76,151,141,80,58,64,96,177,42,166,3,195,119,81,67,129,35,150,56,100,54,113,116,124,160,95,121];False
8230;7245;15475;[174,191,136,115,7,135,171,57,22,130,163,122,12,185,149,98,193,23,38,196,161,66,45,105,194,73,46,44,37,190,109,10,184,51,34,91,69,28,8,118,180,159,140,48,92,90,131,148,93,14,178,142,85,61,145,94,13,101,75,36,176,26,97,128,52,2,167,107,123,50,146,65,198,186,82,49,133,189,132,170,77,25,18,4,84,88,70,108,21,106,154,59,197,24,32,86,111,110,11,152,72,127,30,114,182,139,29,137,158,175,6,1,117,120,157,173,17,79,199,27,169,172,39,78,55,125,33,192,165,40,87,181,68,9,103,162,147,153,15,144,156,155,31,143,53,183,164,41,0,89,102,62,5,134,112,104,99,63,74,20,138,168,188,126,16,71,19,83,60,179,47,43,187,76,151,141,80,58,64,96,177,42,166,3,195,119,81,67,129,35,150,56,100,54,113,116,124,160,95,121];False
8878;6638;15516;[198,174,10,6,149,18,171,57,3,130,163,122,12,185,54,98,193,191,38,196,161,66,45,135,194,115,46,44,34,190,109,23,184,51,106,91,69,28,8,118,180,159,188,48,92,90,131,148,93,14,178,142,136,61,145,94,13,101,141,36,176,35,97,128,52,2,167,107,123,50,155,65,37,17,82,49,133,189,132,170,77,25,105,4,84,88,70,108,21,73,154,59,197,24,72,78,111,110,11,152,86,127,30,114,182,139,29,137,158,175,85,1,117,120,157,173,186,79,42,27,169,172,39,32,55,125,33,192,165,40,87,181,68,9,103,162,147,67,95,144,156,146,31,143,53,183,164,41,75,89,102,62,5,134,112,104,99,63,74,20,138,168,140,126,16,71,19,83,60,179,47,43,187,76,151,7,80,58,64,96,177,199,166,22,195,119,81,153,129,26,150,56,100,0,113,116,124,160,15,121];True
8487;7166;15653;[186,44,23,136,7,135,171,57,3,130,163,122,12,185,149,98,193,191,38,196,161,66,45,105,194,115,46,174,37,190,109,10,184,51,34,91,69,28,8,118,180,159,140,48,92,90,131,148,93,14,178,142,85,61,145,94,13,101,75,36,176,26,97,128,52,2,167,107,123,50,146,65,198,73,82,49,133,189,132,170,77,25,18,4,84,88,70,108,21,106,154,59,197,24,86,32,111,110,11,152,72,127,30,114,182,139,29,137,158,175,6,1,117,120,157,173,17,79,199,27,169,172,39,78,55,125,33,192,165,40,87,181,68,9,103,162,147,153,95,144,156,155,31,143,53,183,164,41,0,89,102,62,5,134,112,104,99,63,74,20,138,168,188,126,16,71,19,83,60,179,47,43,187,76,151,141,80,58,64,96,177,42,166,22,195,119,81,67,129,35,150,56,100,54,113,116,124,160,15,121];False
8388;7192;15580;[135,136,23,44,7,174,171,57,3,130,163,122,12,185,149,98,193,191,38,196,161,66,45,105,194,115,46,73,37,190,109,10,184,51,34,91,69,28,8,118,180,159,140,48,92,90,131,148,93,14,178,142,85,61,145,94,13,101,75,36,176,26,97,128,52,2,167,107,123,50,146,65,198,186,82,49,133,189,132,170,77,25,18,4,84,88,70,108,21,106,154,59,197,24,86,32,111,110,11,152,72,127,30,114,182,139,29,137,158,175,6,1,117,120,157,173,17,79,199,27,169,172,39,78,55,125,33,192,165,40,87,181,68,9,103,162,147,153,95,144,156,155,31,143,53,183,164,41,0,89,102,62,5,134,112,104,99,63,74,20,138,168,188,126,16,71,19,83,60,179,47,43,187,76,151,141,80,58,64,96,177,42,166,22,195,119,81,67,129,35,150,56,100,54,113,116,124,160,15,121];False
8304;7176;15480;[174,135,23,44,7,136,171,57,3,130,163,122,12,185,149,98,193,191,38,196,161,66,45,105,194,115,46,73,37,190,109,10,184,51,34,91,69,28,8,118,180,159,140,48,92,90,131,148,93,14,178,142,85,61,145,94,13,101,75,36,176,26,97,128,52,2,167,107,123,50,146,65,198,186,82,49,133,189,132,170,77,25,18,4,84,88,70,108,21,106,154,59,197,24,86,32,111,110,11,152,72,127,30,114,182,139,29,137,158,175,6,1,117,120,157,173,17,79,199,27,169,172,39,78,55,125,33,192,165,40,87,181,68,9,103,162,147,153,95,144,156,155,31,143,53,183,164,41,0,89,102,62,5,134,112,104,99,63,74,20,138,168,188,126,16,71,19,83,60,179,47,43,187,76,151,141,80,58,64,96,177,42,166,22,195,119,81,67,129,35,150,56,100,54,113,116,124,160,15,121];False
8459;7170;15629;[7,174,23,136,37,135,171,57,3,130,163,122,12,185,149,98,193,191,38,196,161,66,45,105,194,115,46,44,50,190,109,10,184,51,34,91,69,28,8,118,180,159,140,48,92,90,131,148,93,14,178,142,85,61,145,94,13,101,75,36,176,26,97,128,52,2,167,107,123,73,146,65,198,186,82,49,133,189,132,170,77,25,18,4,84,88,70,108,21,106,154,59,197,24,86,32,111,110,11,152,72,127,30,114,182,139,29,137,158,175,6,1,117,120,157,173,17,79,199,27,169,172,39,78,55,125,33,192,165,40,87,181,68,9,103,162,147,153,95,144,156,155,31,143,53,183,164,41,0,89,102,62,5,134,112,104,99,63,74,20,138,168,188,126,16,71,19,83,60,179,47,43,187,76,151,141,80,58,64,96,177,42,166,22,195,119,81,67,129,35,150,56,100,54,113,116,124,160,15,121];False
9111;6612;15723;[50,56,10,6,149,18,171,57,3,130,163,122,12,185,54,98,193,191,38,196,161,66,45,135,194,115,46,44,37,190,109,23,184,51,34,91,69,28,8,118,180,159,188,48,92,90,131,148,93,14,178,142,136,61,145,94,13,101,141,36,176,35,97,128,52,2,167,107,123,63,155,65,198,17,82,49,133,189,132,170,77,25,105,4,84,88,70,108,21,106,154,59,197,24,72,78,111,110,11,152,86,127,30,114,182,139,29,137,158,175,85,1,117,120,157,173,186,79,42,27,169,172,39,32,55,125,33,192,165,40,87,181,68,9,103,162,147,67,95,144,156,146,31,143,53,183,164,41,75,89,102,62,5,134,112,104,99,73,74,20,138,168,140,126,16,71,19,83,60,179,47,43,187,76,151,7,80,58,64,96,177,199,166,22,195,119,81,153,129,26,150,174,100,0,113,116,124,160,15,121];False
9223;6592;15815;[74,143,23,6,149,189,11,57,3,130,163,122,12,185,54,98,193,191,38,196,161,66,45,135,194,115,46,44,37,190,109,10,184,51,34,91,69,28,8,118,180,159,188,48,92,90,131,148,93,14,178,142,136,61,145,94,13,101,141,36,176,35,97,128,52,2,167,107,123,73,155,65,198,17,82,49,133,18,132,170,77,25,105,4,84,88,70,108,21,106,154,59,197,24,72,78,111,110,171,152,86,127,30,114,182,139,29,137,158,175,85,1,117,120,157,173,186,79,42,27,169,172,39,32,55,125,33,192,165,40,87,181,68,9,103,162,147,67,95,144,156,146,31,174,53,183,164,41,75,89,102,62,5,134,112,104,99,63,50,20,138,168,140,126,16,71,19,83,60,179,47,43,187,76,151,7,80,58,64,96,177,199,166,22,195,119,81,153,129,26,150,56,100,0,113,116,124,160,15,121];False
9203;6585;15788;[73,34,194,136,75,18,171,57,3,130,163,122,12,185,54,98,193,6,38,196,161,66,45,135,142,115,46,44,37,190,109,10,184,51,174,91,69,28,8,118,180,159,188,48,92,90,131,148,93,14,178,23,191,61,145,94,13,101,141,36,176,35,97,128,52,2,167,107,123,50,155,65,198,17,82,49,133,189,132,170,77,25,105,4,84,88,70,108,21,106,154,59,197,24,72,78,111,110,11,152,86,127,30,114,182,139,29,137,158,175,85,1,117,120,157,173,186,79,42,27,169,172,39,32,55,125,33,192,165,40,87,181,68,9,103,162,147,67,95,144,156,146,31,143,53,183,164,41,149,89,102,62,5,134,112,104,99,63,74,20,138,168,140,126,16,71,19,83,60,179,47,43,187,76,151,7,80,58,64,96,177,199,166,22,195,119,81,153,129,26,150,56,100,0,113,116,124,160,15,121];False
9079;6606;15685;[34,174,23,95,149,189,11,57,3,130,163,122,12,185,54,98,193,191,38,196,161,66,45,135,194,115,46,44,37,190,109,10,184,51,106,91,69,28,8,118,180,159,188,48,92,90,131,148,93,14,178,142,6,61,145,94,13,101,141,36,176,35,97,128,52,2,167,107,123,50,155,65,198,17,82,49,133,18,132,170,77,25,105,4,84,88,70,108,21,73,154,59,197,24,72,78,111,110,171,152,86,127,30,114,182,139,29,137,158,175,85,1,117,120,157,173,186,79,42,27,169,172,39,32,55,125,33,192,165,40,87,181,68,9,103,162,147,67,136,144,156,146,31,143,53,183,164,41,75,89,102,62,5,134,112,104,99,63,74,20,138,168,140,126,16,71,19,83,60,179,47,43,187,76,151,7,80,58,64,96,177,199,166,22,195,119,81,153,129,26,150,56,100,0,113,116,124,160,15,121];False
9280;6575;15855;[73,174,67,136,149,18,171,57,3,130,163,122,12,185,54,98,193,6,38,196,161,66,45,135,194,115,46,44,37,190,109,10,184,51,34,91,69,28,8,118,180,159,188,48,92,90,131,148,93,14,178,142,191,61,145,94,13,101,141,36,176,35,97,128,52,2,167,107,123,50,155,65,198,17,82,49,133,189,132,170,77,25,105,4,84,88,70,108,21,106,154,59,197,24,72,78,111,110,11,152,86,127,30,114,182,139,29,137,158,175,85,1,117,120,157,173,186,79,42,27,169,172,39,32,55,125,33,192,165,40,87,181,68,9,103,162,147,23,95,144,156,146,31,143,53,183,164,41,75,89,102,62,5,134,112,104,99,63,74,20,138,168,140,126,16,71,19,83,60,179,47,43,187,76,151,7,80,58,64,96,177,199,166,22,195,119,81,153,129,26,150,56,100,0,113,116,124,160,15,121];False
9868;6551;16419;[73,174,23,91,75,101,171,57,3,130,163,59,12,185,0,98,193,191,38,196,161,66,45,135,194,115,46,44,37,190,109,10,184,51,34,136,69,28,8,118,180,159,188,48,92,90,131,148,93,14,178,142,6,61,145,94,13,18,7,89,176,35,97,128,52,2,167,107,123,50,155,65,198,17,82,49,133,189,132,170,77,25,105,4,84,88,70,108,21,106,154,122,197,24,72,78,111,110,11,152,86,127,30,114,182,139,29,137,158,175,85,1,117,120,157,173,186,79,42,27,169,172,39,32,55,125,33,192,165,40,87,181,68,9,103,162,147,67,95,144,156,146,31,143,53,183,164,41,149,36,102,62,5,134,112,104,99,63,74,20,138,168,140,126,16,71,19,83,60,179,47,43,187,76,151,141,80,58,64,96,177,199,166,22,195,119,81,153,129,26,150,56,100,54,113,116,124,160,15,121];False
1995;8184;10179;[34,122,25,48,10,176,83,129,8,84,124,73,74,108,21,99,16,77,112,150,56,18,62,120,24,197,26,9,143,20,3,2,121,160,92,106,130,22,38,45,67,94,161,1,165,153,187,127,39,107,87,76,50,53,93,23,30,134,137,86,69,64,101,151,54,158,199,6,117,98,19,110,81,52,182,28,162,78,60,79,185,148,167,61,41,36,46,131,59,133,96,157,138,178,164,173,66,126,198,159,140,118,109,29,154,156,142,15,135,146,43,128,85,152,172,12,181,82,192,139,33,13,111,195,40,37,71,35,88,171,189,194,31,68,116,57,0,113,196,89,5,141,119,4,183,63,51,72,147,65,102,115,14,49,55,155,184,75,80,114,177,169,191,11,104,180,163,170,95,91,90,125,149,32,97,58,100,7,175,179,27,193,136,144,70,168,17,103,105,174,190,188,186,145,42,47,132,166,123,44];True
1909;8306;10215;[60,76,25,48,10,176,83,129,8,84,67,61,74,108,21,99,16,77,112,150,56,18,62,120,24,197,26,9,143,28,3,2,121,160,92,106,130,22,38,34,124,94,161,1,165,153,187,127,39,107,87,122,50,53,93,23,30,134,137,86,69,64,101,151,54,158,199,6,117,98,19,110,81,52,182,45,162,78,180,79,185,148,167,73,41,36,46,131,59,133,96,157,138,178,164,173,66,126,198,159,140,118,109,29,154,156,142,15,135,146,43,128,85,152,172,12,181,82,192,139,33,13,111,195,40,37,71,35,88,171,189,194,31,68,116,57,0,113,196,89,5,141,119,4,183,63,51,72,147,65,102,115,14,49,55,155,184,75,80,114,177,169,191,11,104,20,163,170,95,91,90,125,149,32,97,58,100,7,175,179,27,193,136,144,70,168,17,103,105,174,190,188,186,145,42,47,132,166,123,44];False
2076;8119;10195;[34,122,25,48,19,110,43,129,8,84,67,61,74,108,21,99,16,77,112,150,56,18,62,120,24,197,26,9,143,20,3,2,98,160,92,142,130,22,38,45,124,94,161,1,165,153,187,127,39,107,87,76,50,53,93,23,30,134,137,86,69,64,101,151,54,158,199,6,117,167,10,176,81,52,182,28,162,78,60,79,185,148,121,73,41,36,46,131,59,133,96,157,138,178,164,173,66,126,198,159,140,118,109,29,154,156,106,15,135,146,83,128,85,152,172,12,181,82,192,139,33,13,111,195,40,37,71,35,88,171,189,194,31,68,116,57,0,113,196,89,5,141,119,4,183,63,51,72,147,65,102,115,14,49,55,155,184,75,80,114,177,169,191,11,104,180,163,170,95,91,90,125,149,32,97,58,100,7,175,179,27,193,136,144,70,168,17,103,105,174,190,188,186,145,42,47,132,166,123,44];True
2392;8027;10419;[174,67,25,160,10,176,83,129,68,43,122,73,74,146,21,99,16,77,112,150,56,18,62,120,24,197,26,9,143,20,3,2,121,48,92,49,130,22,38,34,124,94,161,1,165,153,187,127,39,107,87,76,50,53,93,23,30,134,137,86,69,64,101,151,54,158,199,6,117,98,19,110,81,52,182,28,162,78,60,79,185,148,167,61,41,36,46,131,59,133,96,157,138,178,164,173,66,126,198,159,140,118,109,29,154,156,106,71,15,108,84,128,85,152,172,12,181,82,192,139,33,13,111,195,40,37,135,35,88,171,189,194,31,8,116,57,0,113,196,89,5,141,119,4,183,63,51,72,147,65,102,115,14,45,55,155,184,75,80,114,177,169,191,11,104,180,163,170,95,91,90,125,149,32,97,58,100,7,175,179,27,193,136,144,70,168,17,103,105,142,190,188,186,145,42,47,132,166,123,44];False
2195;8086;10281;[142,67,112,93,10,176,83,129,8,84,122,73,74,108,21,99,16,77,25,150,56,18,62,120,24,197,26,9,143,20,3,2,121,160,92,49,130,22,38,34,124,94,161,1,165,153,187,127,39,107,87,76,50,53,135,23,30,134,137,86,69,64,101,151,54,158,199,6,117,98,19,110,81,52,182,28,162,78,60,79,185,148,167,61,41,36,46,131,59,133,96,157,138,178,164,173,66,126,198,159,140,118,109,29,154,156,106,71,48,146,43,128,85,152,172,12,181,82,192,139,33,13,111,195,40,37,15,35,88,171,189,194,102,68,116,57,0,113,196,89,5,141,119,4,183,63,51,72,147,65,31,115,14,45,55,155,184,75,80,114,177,169,191,11,104,180,163,170,95,91,90,125,149,32,97,58,100,7,175,179,27,193,136,144,70,168,17,103,105,174,190,188,186,145,42,47,132,166,123,44];False
2375;8021;10396;[174,65,37,135,10,176,43,129,8,84,122,73,74,108,21,99,16,77,112,150,56,18,62,120,24,197,26,9,143,20,3,2,160,121,92,49,130,22,38,34,124,94,161,1,165,153,187,127,39,107,87,76,50,53,93,23,30,134,137,86,69,64,101,151,54,158,199,6,117,98,19,110,81,52,182,28,162,78,60,79,185,148,167,61,41,36,46,131,59,133,96,157,138,178,164,173,66,126,198,159,140,118,109,29,154,156,106,71,48,146,83,128,85,152,172,12,181,82,192,139,33,13,111,195,11,25,15,35,88,171,189,194,31,68,116,57,0,113,196,89,5,141,119,4,183,63,51,72,147,67,102,115,14,45,55,155,184,75,80,114,177,169,191,40,104,180,163,170,95,91,90,125,149,32,97,58,100,7,175,179,27,193,136,144,70,168,17,103,105,142,190,188,186,145,42,47,132,166,123,44];False
2309;8033;10342;[73,37,121,160,10,176,43,129,8,84,122,155,74,108,21,99,16,77,112,150,56,18,62,120,24,197,26,9,143,20,3,2,25,48,92,49,130,22,38,34,124,94,161,1,165,153,187,127,39,107,87,76,50,53,93,23,30,134,137,86,69,64,101,151,54,158,199,6,117,98,19,110,81,52,182,28,162,78,60,79,185,148,167,61,41,36,46,131,59,133,96,157,138,178,164,173,66,126,198,159,140,118,109,29,154,156,106,71,135,146,83,128,85,152,172,12,181,82,192,139,33,13,111,195,11,184,15,35,88,171,189,194,31,68,116,57,0,113,196,89,5,141,119,4,183,63,51,72,147,65,102,115,14,45,55,174,67,75,80,114,177,169,191,40,104,180,163,170,95,91,90,125,149,32,97,58,100,7,175,179,27,193,136,144,70,168,17,103,105,142,190,188,186,145,42,47,132,166,123,44];False
2569;7998;10567;[92,149,38,150,10,176,83,129,8,84,122,73,74,56,21,99,16,77,112,48,174,18,69,120,24,197,26,9,108,20,3,2,121,160,143,49,130,22,40,34,124,94,161,1,165,153,187,127,39,107,87,76,50,53,93,23,30,134,137,86,62,64,101,151,54,158,199,6,117,98,186,110,81,52,182,28,162,78,60,79,185,148,167,61,41,36,46,131,59,133,96,157,138,178,164,173,66,126,198,159,140,118,109,29,154,156,106,71,135,146,43,128,85,152,172,12,181,82,192,139,33,13,111,195,25,37,15,35,88,171,189,194,31,68,116,57,0,113,196,89,5,141,119,4,183,63,51,72,147,65,102,115,14,45,55,155,184,75,80,114,177,169,191,11,104,180,163,170,95,91,90,125,67,32,97,58,100,7,175,179,27,193,136,144,70,168,17,103,105,142,190,188,19,145,42,47,132,166,123,44];False
2328;8030;10358;[73,69,38,150,10,176,83,129,8,84,67,56,74,108,21,99,16,77,112,48,174,18,62,120,24,197,26,9,143,20,3,2,121,160,92,49,130,22,40,34,124,94,161,1,165,153,187,127,39,107,87,76,50,53,93,23,30,134,137,86,122,64,101,151,54,158,199,6,117,98,186,110,81,52,182,28,162,78,60,79,185,148,167,61,41,36,46,131,59,133,96,157,138,178,164,173,66,126,198,159,140,118,109,29,154,156,106,71,135,146,43,128,85,152,172,12,181,82,192,139,33,13,111,195,25,37,15,35,88,171,189,194,31,68,116,57,0,113,196,89,5,141,119,4,183,63,51,72,147,65,102,115,14,45,55,155,184,75,80,114,177,169,191,11,104,180,163,170,95,91,90,125,149,32,97,58,100,7,175,179,27,193,136,144,70,168,17,103,105,142,190,188,19,145,42,47,132,166,123,44];False
2535;7988;10523;[174,67,38,150,10,176,83,129,8,69,99,73,74,56,21,92,16,77,112,48,108,18,62,120,24,197,26,9,143,20,3,2,121,160,84,49,130,22,40,34,124,94,161,1,165,153,187,127,39,107,87,76,50,53,93,23,30,134,137,86,122,64,101,151,54,158,199,6,117,98,186,110,81,52,182,28,162,78,60,79,185,148,167,61,41,36,46,131,59,133,96,157,138,178,164,173,66,126,198,159,140,118,109,29,154,156,106,71,135,146,43,128,85,152,172,12,181,82,192,139,33,13,111,195,25,37,15,35,88,171,189,194,31,68,116,57,0,113,196,89,5,141,119,4,183,63,51,72,147,65,102,115,14,45,55,155,184,75,80,114,177,169,191,11,104,180,163,170,95,91,90,125,149,32,97,58,100,7,175,179,27,193,136,144,70,168,17,103,105,142,190,188,19,145,42,47,132,166,123,44];False
1629;9038;10667;[34,67,112,48,10,1,2,129,8,84,122,107,101,118,105,99,141,17,45,15,173,18,25,120,24,197,26,9,109,20,146,193,147,65,92,49,130,22,38,4,3,94,75,12,165,153,187,127,39,73,87,76,50,53,93,27,30,134,58,86,181,82,23,151,54,158,121,6,117,98,78,110,81,52,108,74,183,83,135,79,185,148,167,61,59,36,46,5,41,133,96,157,138,178,152,56,66,126,198,159,140,19,51,29,154,156,160,71,69,190,43,128,85,164,111,192,40,124,150,139,33,13,172,195,182,37,60,35,88,145,189,194,31,171,116,57,186,113,196,89,162,106,119,28,142,97,131,0,199,62,102,115,14,114,55,155,184,161,80,137,177,169,191,11,104,180,163,170,95,91,90,125,149,32,68,63,100,7,175,143,174,16,136,144,70,168,64,103,21,72,77,188,179,176,42,47,132,166,123,44];False
1624;9013;10637;[84,67,112,48,10,1,2,129,193,8,122,73,140,118,105,99,141,17,45,15,173,18,25,120,24,197,26,9,109,20,146,49,147,65,92,142,130,22,38,34,3,94,75,12,165,153,187,127,39,107,87,76,50,53,93,23,30,134,58,86,181,82,101,151,54,158,121,6,117,98,78,110,81,52,108,74,183,192,135,79,185,148,167,61,59,36,46,5,41,133,96,157,138,178,152,56,66,126,198,159,174,19,51,29,154,156,160,71,69,190,43,128,85,164,111,83,40,124,150,139,33,13,172,195,182,37,60,35,88,145,189,194,31,171,116,57,186,113,196,89,162,106,119,28,4,97,131,0,199,62,102,115,14,114,55,155,184,161,80,137,177,169,191,11,104,180,163,170,95,91,90,125,149,32,68,63,100,7,175,143,27,16,136,144,70,168,64,103,21,72,77,188,179,176,42,47,132,166,123,44];False
1595;9043;10638;[147,67,112,48,99,1,2,129,8,84,122,107,101,118,105,10,116,17,193,15,173,18,25,120,24,197,26,9,109,20,146,49,45,65,92,142,130,22,38,34,3,94,75,12,165,153,187,127,39,73,87,76,50,53,93,27,30,134,137,86,181,82,23,151,54,158,121,6,117,98,78,110,81,52,108,74,183,83,135,79,185,148,167,61,59,36,46,5,41,133,96,157,138,178,152,56,66,126,198,159,140,19,131,29,154,156,160,71,69,190,43,128,85,164,111,192,40,124,150,139,33,13,172,195,182,37,60,35,88,145,189,194,31,171,141,57,186,113,196,89,162,106,119,28,4,97,51,0,199,62,102,115,14,114,55,155,184,161,80,58,177,169,191,11,104,180,163,170,95,91,90,125,149,32,68,63,100,7,175,143,174,16,136,144,70,168,64,103,21,72,77,188,179,176,42,47,132,166,123,44];False
1712;8965;10677;[143,67,84,193,10,1,2,129,8,48,122,107,34,118,105,99,141,17,45,15,173,18,25,120,24,197,26,9,109,20,146,49,147,65,92,142,130,22,38,174,3,94,75,112,165,153,187,127,39,73,87,76,50,53,93,23,30,134,58,86,181,82,101,151,54,158,121,6,117,98,78,110,81,52,108,74,183,192,135,79,185,148,167,61,59,36,46,5,41,133,96,157,138,178,152,56,66,126,198,159,140,19,51,29,154,156,160,71,69,190,43,128,85,164,111,83,40,124,150,139,33,13,172,195,182,37,60,35,88,145,189,194,31,171,116,57,186,113,196,89,162,106,119,28,4,97,131,0,199,62,102,115,14,114,55,155,184,161,80,137,177,169,191,11,104,180,163,170,95,91,90,125,149,32,68,63,100,7,175,12,27,16,136,144,70,168,64,103,21,72,77,188,179,176,42,47,132,166,123,44];True
1570;9065;10635;[193,67,112,48,10,1,2,129,8,84,122,107,101,118,105,99,106,17,45,15,173,18,25,120,24,197,26,9,109,20,146,49,147,65,92,142,130,22,38,34,3,94,75,12,165,153,187,127,39,73,87,76,50,53,93,27,30,134,137,86,181,82,23,151,54,158,121,6,117,98,78,110,81,52,108,74,183,83,135,79,185,148,167,61,59,36,46,5,41,133,96,157,138,178,152,56,66,126,198,159,140,19,131,29,154,156,160,71,69,190,43,128,85,164,111,192,40,124,150,139,33,13,172,195,182,149,60,35,88,145,189,194,31,171,116,57,186,113,196,89,162,141,119,28,4,97,51,0,199,62,102,115,14,114,55,155,184,161,80,58,177,169,191,11,104,180,163,170,95,91,90,125,37,32,68,63,100,7,175,143,174,16,136,144,70,168,64,103,21,72,77,188,179,176,42,47,132,166,123,44];False
1907;8810;10717;[160,64,112,48,10,1,2,129,8,84,122,107,174,19,105,99,106,77,193,60,173,18,62,120,24,197,26,9,109,20,3,114,121,25,92,49,130,22,38,4,67,94,75,12,165,153,187,127,39,73,87,76,50,53,93,23,30,134,58,86,181,82,101,151,54,158,199,6,117,98,78,110,81,52,69,28,162,192,135,79,185,148,167,61,59,36,46,131,41,133,96,157,138,178,152,56,66,126,198,159,140,118,186,29,154,156,34,71,108,146,43,128,85,164,111,83,40,124,150,139,33,13,172,195,182,37,15,35,88,145,189,194,31,171,116,57,0,113,196,89,5,141,119,74,183,97,51,72,147,65,102,115,14,45,55,155,184,161,80,137,177,169,191,11,104,180,163,170,95,91,90,125,149,32,68,63,100,7,175,143,27,16,136,144,70,168,17,103,21,142,190,188,179,176,42,47,132,166,123,44];False
1899;8803;10702;[19,64,112,48,10,1,2,129,8,84,122,107,174,4,105,99,106,77,193,60,173,18,62,120,24,197,26,9,109,20,3,114,121,25,92,49,130,22,38,34,67,94,75,12,165,153,187,127,39,73,87,76,50,53,93,23,30,134,58,86,181,82,101,151,54,158,199,6,117,98,78,110,81,52,69,28,162,192,135,79,185,148,167,61,59,36,46,131,41,133,96,157,138,178,152,56,66,126,198,159,140,118,186,29,154,156,160,71,108,146,43,128,85,164,111,83,40,124,150,139,33,13,172,195,182,37,15,35,88,145,189,194,31,171,116,57,0,113,196,89,5,141,119,74,183,97,51,72,147,65,102,115,14,45,55,155,184,161,80,137,177,169,191,11,104,180,163,170,95,91,90,125,149,32,68,63,100,7,175,143,27,16,136,144,70,168,17,103,21,142,190,188,179,176,42,47,132,166,123,44];False
1786;8942;10728;[146,49,112,48,10,1,2,129,8,84,122,107,106,19,105,99,141,17,193,15,173,18,25,120,24,197,26,9,109,20,3,114,147,65,92,142,130,22,38,174,67,94,75,12,165,153,187,127,39,73,87,76,50,53,93,23,30,134,58,86,181,82,101,151,54,158,121,6,117,98,78,110,81,52,108,74,183,192,135,79,185,148,167,61,59,36,46,5,41,133,96,157,138,178,152,56,66,126,34,159,140,118,51,29,154,156,160,71,69,190,43,128,85,164,111,83,40,124,150,139,33,13,172,195,182,149,60,35,88,145,189,194,31,171,116,57,186,113,196,89,162,198,119,28,4,97,131,0,199,62,102,115,14,45,55,155,184,161,80,137,177,169,191,11,104,180,163,170,95,91,90,125,37,32,68,63,100,7,175,143,27,16,136,144,70,168,64,103,21,72,77,188,179,176,42,47,132,166,123,44];False
2884;7983;10867;[69,67,38,150,10,176,83,129,8,16,73,74,20,56,21,99,92,77,112,48,84,18,62,120,24,197,26,9,108,143,3,2,121,160,174,49,130,22,40,34,124,94,161,1,165,153,187,127,39,107,87,76,50,53,93,23,30,134,137,86,122,64,101,151,54,158,199,6,117,98,186,110,81,52,182,28,162,78,60,79,185,148,167,61,41,36,46,131,59,133,96,157,138,178,164,173,66,126,198,159,140,118,109,29,154,156,106,71,135,146,43,128,85,152,172,12,181,82,192,139,33,13,111,195,25,37,15,35,88,171,189,194,31,68,116,57,0,113,196,89,5,141,119,4,183,63,51,72,147,65,102,115,14,45,55,155,184,75,80,114,177,169,191,11,104,180,163,170,95,91,90,125,149,32,97,58,100,7,175,179,27,193,136,144,70,168,17,103,105,142,190,188,19,145,42,47,132,166,123,44];False
6630;7883;14513;[135,22,199,132,66,169,171,57,7,130,163,122,12,174,149,98,193,191,38,196,161,136,45,105,194,115,46,44,139,190,109,111,184,51,34,91,69,28,8,118,180,27,140,48,92,90,131,148,9,14,3,142,29,61,145,94,13,101,75,36,176,26,164,128,52,2,167,170,123,50,146,71,198,73,82,49,133,166,186,107,77,159,18,4,181,88,70,108,21,106,154,59,197,24,32,195,10,110,11,152,72,127,30,114,182,37,85,55,158,175,6,1,117,120,157,173,17,79,185,102,23,172,39,78,83,125,33,35,165,40,87,84,68,93,103,65,147,153,15,144,156,155,31,143,53,183,97,41,0,89,25,62,5,134,112,104,99,160,74,20,138,168,188,126,16,162,19,137,60,179,47,43,187,76,151,141,80,58,64,96,177,42,189,178,86,119,81,67,129,192,150,56,100,54,113,116,124,63,95,121];False
6534;7927;14461;[169,132,199,22,66,135,171,57,7,130,163,122,12,174,149,98,193,191,38,196,161,136,45,105,194,115,46,44,139,190,109,111,184,51,34,91,69,28,8,118,180,27,140,48,92,90,131,148,9,14,3,142,29,61,145,94,13,101,75,36,176,26,164,128,52,2,167,170,123,50,146,71,198,73,82,49,133,166,186,107,77,159,18,4,181,88,70,108,21,106,154,59,197,24,32,195,10,110,11,152,72,127,30,114,182,37,85,55,158,175,6,1,117,120,157,173,17,79,185,102,23,172,39,78,83,125,33,35,165,40,87,84,68,93,103,65,147,153,15,144,156,155,31,143,53,183,97,41,0,89,25,62,5,134,112,104,99,160,74,20,138,168,188,126,16,162,19,137,60,179,47,43,187,76,151,141,80,58,64,96,177,42,189,178,86,119,81,67,129,192,150,56,100,54,113,116,124,63,95,121];False
6487;7948;14435;[171,169,199,22,66,135,132,57,7,130,163,122,12,174,149,98,193,191,38,196,161,136,45,105,194,115,46,44,139,190,109,111,184,51,34,91,69,28,8,118,180,27,140,48,92,90,131,148,9,14,3,142,29,61,145,94,13,101,75,36,176,26,164,128,52,2,167,170,123,50,146,71,198,73,82,49,133,166,186,107,77,159,18,4,181,88,70,108,21,106,154,59,197,24,32,195,10,110,11,152,72,127,30,114,182,37,85,55,158,175,6,1,117,120,157,173,17,79,185,102,23,172,39,78,83,125,33,35,165,40,87,84,68,93,103,65,147,153,15,144,156,155,31,143,53,183,97,41,0,89,25,62,5,134,112,104,99,160,74,20,138,168,188,126,16,162,19,137,60,179,47,43,187,76,151,141,80,58,64,96,177,42,189,178,86,119,81,67,129,192,150,56,100,54,113,116,124,63,95,121];False
6861;7831;14692;[198,169,22,132,136,135,171,57,7,130,163,122,12,199,149,98,193,191,38,196,161,66,45,105,194,115,46,44,139,190,109,111,184,51,146,91,69,28,8,118,180,27,140,48,92,90,131,148,9,14,3,142,29,61,145,94,13,101,75,36,176,26,164,128,52,2,167,170,123,50,34,71,174,73,82,49,133,166,186,107,77,159,18,4,181,88,70,108,21,106,154,59,197,24,32,195,10,110,11,152,72,127,30,114,182,37,85,55,158,175,6,1,117,120,157,173,17,79,185,102,23,172,39,78,83,125,33,35,165,40,87,84,68,93,103,65,147,153,15,144,156,155,31,143,53,183,97,41,0,89,25,62,5,134,112,104,99,160,74,20,138,168,188,126,16,162,19,137,60,179,47,43,187,76,151,141,80,58,64,96,177,42,189,178,86,119,81,67,129,192,150,56,100,54,113,116,124,63,95,121];False
7012;7829;14841;[184,174,22,66,7,135,171,57,23,130,163,122,12,199,149,98,193,191,38,196,161,136,45,105,124,115,46,44,139,190,109,111,146,51,194,91,69,28,8,118,180,25,140,48,92,90,131,148,9,14,3,142,29,61,145,94,13,101,75,36,176,26,164,128,52,2,167,107,123,50,34,71,198,132,82,49,133,189,186,170,77,159,18,4,181,88,70,108,21,106,154,59,197,24,32,195,10,110,11,152,72,127,30,114,182,37,85,55,158,175,6,1,117,120,157,173,17,79,185,102,169,172,39,78,83,125,33,35,165,40,87,84,68,93,103,65,147,153,15,144,156,155,31,143,53,183,97,41,0,89,27,62,5,134,112,104,99,160,74,20,138,168,188,126,16,162,19,137,60,179,47,43,187,76,151,141,80,58,64,96,177,42,166,178,86,119,81,67,129,192,150,56,100,54,113,116,73,63,95,121];False
7216;7754;14970;[73,174,136,22,7,135,171,57,23,130,163,122,12,199,149,98,193,191,38,196,161,66,45,105,194,115,46,44,139,190,109,111,184,51,34,91,69,28,8,118,180,25,140,48,92,90,131,148,9,14,3,142,29,61,145,94,13,101,75,36,176,26,164,128,52,2,167,107,123,71,146,50,198,132,82,49,133,166,186,170,77,159,18,4,181,88,70,108,21,106,154,59,197,24,32,195,10,110,11,152,72,127,30,114,182,37,85,55,158,175,6,1,117,120,157,173,17,79,185,102,169,172,39,78,83,125,33,35,165,40,87,84,68,93,103,65,147,153,15,144,156,155,31,143,53,183,97,41,0,89,27,62,5,134,112,104,99,160,74,20,138,168,188,126,16,162,19,137,60,179,47,43,187,76,151,141,80,58,64,96,177,42,189,178,86,119,81,67,129,192,150,56,100,54,113,116,124,63,95,121];False
7181;7750;14931;[23,136,22,71,174,135,171,57,7,130,163,122,12,199,149,98,193,191,38,196,161,66,45,105,194,115,46,44,139,190,109,111,184,51,34,91,69,28,8,118,180,159,140,48,92,90,131,148,9,14,3,142,29,61,145,94,13,101,75,36,176,26,164,128,52,2,167,107,123,73,146,50,198,132,82,49,133,189,186,170,77,25,18,4,181,88,70,108,21,106,154,59,197,24,32,195,10,110,11,152,72,127,30,114,182,37,85,55,158,175,6,1,117,120,157,173,17,79,185,102,169,172,39,78,83,125,33,35,165,40,87,84,68,93,103,65,147,153,15,144,156,155,31,143,53,183,97,41,0,89,27,62,5,134,112,104,99,160,74,20,138,168,188,126,16,162,19,137,60,179,47,43,187,76,151,141,80,58,64,96,177,42,166,178,86,119,81,67,129,192,150,56,100,54,113,116,124,63,95,121];False
7308;7695;15003;[15,32,23,182,194,87,75,88,171,163,86,12,6,185,0,73,65,160,38,196,132,14,20,191,174,3,157,183,37,138,184,115,25,99,108,35,193,28,8,154,13,198,188,55,44,94,131,47,68,123,106,78,52,91,69,61,176,59,11,57,189,26,175,62,120,2,89,107,48,63,29,164,4,126,41,114,112,165,153,7,77,177,169,72,84,85,66,45,124,51,90,134,197,168,74,142,101,81,36,145,100,111,122,98,139,105,180,67,158,30,40,96,76,93,150,173,46,10,42,27,24,187,39,95,1,125,33,127,128,129,18,181,148,9,103,92,136,137,43,53,146,190,31,82,144,121,162,147,149,152,49,151,97,130,113,155,17,21,34,159,109,135,140,50,16,118,166,80,133,178,170,199,172,79,117,102,110,60,64,179,58,161,192,22,195,83,186,54,119,167,71,56,5,141,19,116,70,104,143,156];False
7360;7669;15029;[87,32,23,182,15,194,163,88,171,6,75,86,12,185,0,73,65,160,38,196,132,14,20,191,174,3,157,183,37,138,184,115,25,99,108,35,193,28,8,154,13,198,188,55,44,94,131,47,68,123,106,78,52,91,69,61,176,59,11,57,189,26,175,62,120,2,89,107,48,63,29,164,4,126,41,114,112,165,153,7,77,177,169,72,84,85,66,45,124,51,90,134,197,168,74,142,101,81,36,145,100,111,122,98,139,105,180,67,158,30,40,96,76,93,150,173,46,10,42,27,24,187,39,95,1,125,33,127,128,129,18,181,148,9,103,92,136,137,43,53,146,190,31,82,144,121,162,147,149,152,49,151,97,130,113,155,17,21,34,159,109,135,140,50,16,118,166,80,133,178,170,199,172,79,117,102,110,60,64,179,58,161,192,22,195,83,186,54,119,167,71,56,5,141,19,116,70,104,143,156];False
7760;7455;15215;[164,149,7,135,136,115,171,44,22,130,163,122,12,185,57,98,193,23,38,196,161,66,45,105,194,73,46,191,37,190,109,10,184,51,34,91,69,28,8,118,180,159,140,48,92,90,131,148,93,14,178,142,85,61,145,94,13,101,75,36,176,26,174,128,52,2,167,107,123,50,146,65,198,186,82,49,133,189,132,170,77,25,18,4,84,88,70,108,21,106,154,59,197,24,32,195,111,110,11,152,72,127,30,114,182,139,29,137,158,175,6,1,117,120,157,173,17,79,199,27,169,172,39,78,55,125,33,192,165,40,87,181,68,9,103,162,147,153,15,144,156,155,31,143,53,183,97,41,0,89,102,62,5,134,112,104,99,160,74,20,138,168,188,126,16,71,19,83,60,179,47,43,187,76,151,141,80,58,64,96,177,42,166,3,86,119,81,67,129,35,150,56,100,54,113,116,124,63,95,121];False
7495;7617;15112;[22,135,23,44,7,136,171,57,37,130,163,122,12,185,149,98,193,191,38,196,161,66,45,105,194,115,46,73,174,190,109,111,184,51,34,91,69,28,8,118,180,159,140,48,92,90,131,148,9,14,3,142,85,61,145,94,13,101,75,36,176,26,164,128,52,2,167,107,123,50,146,65,198,186,82,49,133,189,132,170,77,25,18,4,84,88,70,108,21,106,154,59,197,24,32,195,10,110,11,152,72,127,30,114,182,139,29,137,158,175,6,1,117,120,157,173,17,79,199,102,169,172,39,78,83,125,33,192,165,40,87,181,68,93,103,162,147,153,15,144,156,155,31,143,53,183,97,41,0,89,27,62,5,134,112,104,99,160,74,20,138,168,188,126,16,71,19,55,60,179,47,43,187,76,151,141,80,58,64,96,177,42,166,178,86,119,81,67,129,35,150,56,100,54,113,116,124,63,95,121];False
7573;7588;15161;[37,174,23,136,7,135,171,57,22,130,163,122,12,185,149,98,193,191,38,196,161,66,45,105,194,115,46,44,34,190,109,111,184,51,106,91,69,28,8,118,180,159,140,48,92,90,131,148,9,14,3,142,85,61,145,94,13,101,75,36,176,26,164,128,52,2,167,107,123,50,146,65,198,186,82,49,133,189,132,170,77,25,18,4,84,88,70,108,21,73,154,59,197,24,32,195,10,110,11,152,72,127,30,114,182,139,29,137,158,175,6,1,117,120,157,173,17,79,199,102,169,172,39,78,83,125,33,192,165,40,87,181,68,93,103,162,147,153,15,144,156,155,31,143,53,183,97,41,0,89,27,62,5,134,112,104,99,160,74,20,138,168,188,126,16,71,19,55,60,179,47,43,187,76,151,141,80,58,64,96,177,42,166,178,86,119,81,67,129,35,150,56,100,54,113,116,124,63,95,121];False
7825;7435;15260;[161,174,7,135,136,115,171,57,22,130,163,122,12,185,149,98,193,23,38,196,198,66,45,105,194,191,46,44,48,190,109,10,184,51,34,91,69,28,8,118,180,159,140,73,92,90,131,148,93,14,178,142,85,61,145,94,13,101,75,36,176,26,164,128,52,2,167,107,123,50,146,65,37,186,82,49,133,189,132,170,77,25,18,4,84,88,70,108,21,106,154,59,197,24,32,195,111,110,11,152,72,127,30,114,182,139,29,137,158,175,6,1,117,120,157,173,17,79,199,27,169,172,39,78,55,125,33,192,165,40,87,181,68,9,103,162,147,153,15,144,156,155,31,143,53,183,97,41,0,89,102,62,5,134,112,104,99,160,74,20,138,168,188,126,16,71,19,83,60,179,47,43,187,76,151,141,80,58,64,96,177,42,166,3,86,119,81,67,129,35,150,56,100,54,113,116,124,63,95,121];False
8632;6843;15475;[170,57,10,6,149,18,171,54,37,130,191,3,12,185,122,98,193,163,38,196,161,66,45,135,194,115,46,44,125,190,109,174,184,51,34,91,69,28,8,118,180,159,188,48,92,90,131,148,93,14,178,142,136,61,145,94,13,101,141,36,176,35,97,128,52,2,167,107,123,50,155,65,198,17,82,49,133,189,132,23,77,25,105,4,84,88,70,108,21,106,154,59,197,24,72,78,111,110,11,152,86,127,30,114,182,139,29,137,158,175,85,1,117,120,157,173,186,79,42,27,169,172,39,32,55,73,33,192,165,40,87,181,68,9,103,162,147,67,95,144,156,146,31,143,53,183,164,41,75,89,102,62,5,134,112,104,99,63,74,20,138,168,140,126,16,71,19,83,60,179,47,43,187,76,151,7,80,58,64,96,177,199,166,22,195,119,81,153,129,26,150,56,100,0,113,116,124,160,15,121];False
8635;6787;15422;[170,44,10,6,149,18,171,57,3,130,191,122,12,185,54,98,193,37,38,196,161,66,45,135,194,115,46,163,125,190,109,174,184,51,34,91,69,28,8,118,180,159,188,48,92,90,131,148,93,14,178,142,136,61,145,94,13,101,141,36,176,35,97,128,52,2,167,107,123,50,155,65,198,17,82,49,133,189,132,23,77,25,105,4,84,88,70,108,21,106,154,59,197,24,72,78,111,110,11,152,86,127,30,114,182,139,29,137,158,175,85,1,117,120,157,173,186,79,42,27,169,172,39,32,55,73,33,192,165,40,87,181,68,9,103,162,147,67,95,144,156,146,31,143,53,183,164,41,75,89,102,62,5,134,112,104,99,63,74,20,138,168,140,126,16,71,19,83,60,179,47,43,187,76,151,7,80,58,64,96,177,199,166,22,195,119,81,153,129,26,150,56,100,0,113,116,124,160,15,121];False
8689;6737;15426;[188,46,170,6,149,18,171,57,3,130,163,122,12,185,54,98,193,37,38,196,161,66,45,135,194,115,191,44,125,190,109,10,184,51,34,91,69,28,8,118,180,159,174,48,92,90,131,148,93,14,178,142,136,61,145,94,13,101,141,36,176,35,97,128,52,2,167,107,123,50,155,65,198,17,82,49,133,189,132,23,77,25,105,4,84,88,70,108,21,106,154,59,197,24,72,78,111,110,11,152,86,127,30,114,182,139,29,137,158,175,85,1,117,120,157,173,186,79,42,27,169,172,39,32,55,73,33,192,165,40,87,181,68,9,103,162,147,67,95,144,156,146,31,143,53,183,164,41,75,89,102,62,5,134,112,104,99,63,74,20,138,168,140,126,16,71,19,83,60,179,47,43,187,76,151,7,80,58,64,96,177,199,166,22,195,119,81,153,129,26,150,56,100,0,113,116,124,160,15,121];False
8193;7269;15462;[136,44,23,37,7,135,171,57,22,130,163,122,12,185,149,98,193,191,38,196,161,66,45,105,194,115,46,73,174,190,109,10,184,51,34,91,69,28,8,118,180,159,140,48,92,90,131,148,93,14,178,142,85,61,145,94,13,101,75,36,176,26,97,128,52,2,167,107,123,50,146,65,198,186,82,49,133,189,132,170,77,25,18,4,84,88,70,108,21,106,154,59,197,24,32,86,111,110,11,152,72,127,30,114,182,139,29,137,158,175,6,1,117,120,157,173,17,79,199,27,169,172,39,78,55,125,33,192,165,40,87,181,68,9,103,162,147,153,15,144,156,155,31,143,53,183,164,41,0,89,102,62,5,134,112,104,99,63,74,20,138,168,188,126,16,71,19,83,60,179,47,43,187,76,151,141,80,58,64,96,177,42,166,3,195,119,81,67,129,35,150,56,100,54,113,116,124,160,95,121];False
8138;7296;15434;[115,191,136,174,7,135,171,57,22,130,163,122,12,185,149,98,193,23,38,196,161,66,45,105,194,73,46,44,37,190,109,10,184,51,34,91,69,28,8,118,180,159,140,48,92,90,131,148,93,14,178,142,85,61,145,94,13,101,75,36,176,26,97,128,52,2,167,107,123,50,146,65,198,186,82,49,133,189,132,170,77,25,18,4,84,88,70,108,21,106,154,59,197,24,32,86,111,110,11,152,72,127,30,114,182,139,29,137,158,175,6,1,117,120,157,173,17,79,199,27,169,172,39,78,55,125,33,192,165,40,87,181,68,9,103,162,147,153,15,144,156,155,31,143,53,183,164,41,0,89,102,62,5,134,112,104,99,63,74,20,138,168,188,126,16,71,19,83,60,179,47,43,187,76,151,141,80,58,64,96,177,42,166,3,195,119,81,67,129,35,150,56,100,54,113,116,124,160,95,121];False
8874;6676;15550;[190,174,10,6,149,18,171,57,3,130,163,122,12,185,54,98,193,191,38,196,161,66,45,135,194,115,46,44,34,198,109,23,184,51,106,91,69,28,8,118,180,159,188,48,92,90,131,148,93,14,178,142,136,61,145,94,13,101,141,36,176,35,97,128,52,2,167,107,123,50,155,65,37,17,82,49,133,189,132,170,77,25,105,4,84,88,70,108,21,73,154,59,197,24,72,78,111,110,11,152,86,127,30,114,182,139,29,137,158,175,85,1,117,120,157,173,186,79,42,27,169,172,39,32,55,125,33,192,165,40,87,181,68,9,103,162,147,67,95,144,156,146,31,143,53,183,164,41,75,89,102,62,5,134,112,104,99,63,74,20,138,168,140,126,16,71,19,83,60,179,47,43,187,76,151,7,80,58,64,96,177,199,166,22,195,119,81,153,129,26,150,56,100,0,113,116,124,160,15,121];False
8437;7166;15603;[23,44,186,136,7,135,171,57,3,130,163,122,12,185,149,98,193,191,38,196,161,66,45,105,194,115,46,174,37,190,109,10,184,51,34,91,69,28,8,118,180,159,140,48,92,90,131,148,93,14,178,142,85,61,145,94,13,101,75,36,176,26,97,128,52,2,167,107,123,50,146,65,198,73,82,49,133,189,132,170,77,25,18,4,84,88,70,108,21,106,154,59,197,24,86,32,111,110,11,152,72,127,30,114,182,139,29,137,158,175,6,1,117,120,157,173,17,79,199,27,169,172,39,78,55,125,33,192,165,40,87,181,68,9,103,162,147,153,95,144,156,155,31,143,53,183,164,41,0,89,102,62,5,134,112,104,99,63,74,20,138,168,188,126,16,71,19,83,60,179,47,43,187,76,151,141,80,58,64,96,177,42,166,22,195,119,81,67,129,35,150,56,100,54,113,116,124,160,15,121];False
8227;7249;15476;[171,135,23,44,7,136,174,57,3,130,163,122,12,185,149,98,193,191,38,196,161,66,45,105,194,115,46,73,37,190,109,10,184,51,34,91,69,28,8,118,180,159,140,48,92,90,131,148,93,14,178,142,85,61,145,94,13,101,75,36,176,26,97,128,52,2,167,107,123,50,146,65,198,186,82,49,133,189,132,170,77,25,18,4,84,88,70,108,21,106,154,59,197,24,86,32,111,110,11,152,72,127,30,114,182,139,29,137,158,175,6,1,117,120,157,173,17,79,199,27,169,172,39,78,55,125,33,192,165,40,87,181,68,9,103,162,147,153,95,144,156,155,31,143,53,183,164,41,0,89,102,62,5,134,112,104,99,63,74,20,138,168,188,126,16,71,19,83,60,179,47,43,187,76,151,141,80,58,64,96,177,42,166,22,195,119,81,67,129,35,150,56,100,54,113,116,124,160,15,121];False
9198;6584;15782;[50,34,194,136,75,18,171,57,3,130,163,122,12,185,54,98,193,6,38,196,161,66,45,135,142,115,46,44,37,190,109,10,184,51,174,91,69,28,8,118,180,159,188,48,92,90,131,148,93,14,178,23,191,61,145,94,13,101,141,36,176,35,97,128,52,2,167,107,123,73,155,65,198,17,82,49,133,189,132,170,77,25,105,4,84,88,70,108,21,106,154,59,197,24,72,78,111,110,11,152,86,127,30,114,182,139,29,137,158,175,85,1,117,120,157,173,186,79,42,27,169,172,39,32,55,125,33,192,165,40,87,181,68,9,103,162,147,67,95,144,156,146,31,143,53,183,164,41,149,89,102,62,5,134,112,104,99,63,74,20,138,168,140,126,16,71,19,83,60,179,47,43,187,76,151,7,80,58,64,96,177,199,166,22,195,119,81,153,129,26,150,56,100,0,113,116,124,160,15,121];True
9118;6604;15722;[194,174,23,95,149,189,11,57,3,130,163,122,12,185,54,98,193,191,38,196,161,66,45,135,34,115,46,44,37,190,109,10,184,51,106,91,69,28,8,118,180,159,188,48,92,90,131,148,93,14,178,142,6,61,145,94,13,101,141,36,176,35,97,128,52,2,167,107,123,50,155,65,198,17,82,49,133,18,132,170,77,25,105,4,84,88,70,108,21,73,154,59,197,24,72,78,111,110,171,152,86,127,30,114,182,139,29,137,158,175,85,1,117,120,157,173,186,79,42,27,169,172,39,32,55,125,33,192,165,40,87,181,68,9,103,162,147,67,136,144,156,146,31,143,53,183,164,41,75,89,102,62,5,134,112,104,99,63,74,20,138,168,140,126,16,71,19,83,60,179,47,43,187,76,151,7,80,58,64,96,177,199,166,22,195,119,81,153,129,26,150,56,100,0,113,116,124,160,15,121];False
9236;6581;15817;[73,174,67,115,149,18,171,57,3,130,163,122,12,185,54,98,193,6,38,196,161,66,45,135,194,136,46,44,37,190,109,10,184,51,34,91,69,28,8,118,180,159,188,48,92,90,131,148,93,14,178,142,191,61,145,94,13,101,141,36,176,35,97,128,52,2,167,107,123,50,155,65,198,17,82,49,133,189,132,170,77,25,105,4,84,88,70,108,21,106,154,59,197,24,72,78,111,110,11,152,86,127,30,114,182,139,29,137,158,175,85,1,117,120,157,173,186,79,42,27,169,172,39,32,55,125,33,192,165,40,87,181,68,9,103,162,147,23,95,144,156,146,31,143,53,183,164,41,75,89,102,62,5,134,112,104,99,63,74,20,138,168,140,126,16,71,19,83,60,179,47,43,187,76,151,7,80,58,64,96,177,199,166,22,195,119,81,153,129,26,150,56,100,0,113,116,124,160,15,121];False
9908;6549;16457;[73,174,23,91,75,18,171,57,3,130,163,59,12,185,0,98,193,191,38,196,161,66,45,135,194,115,46,44,37,190,109,10,184,51,34,136,69,28,8,118,180,159,188,48,92,90,131,148,93,14,178,142,6,61,145,94,13,101,7,89,176,35,97,128,52,2,167,107,123,50,155,65,198,17,82,49,133,189,132,170,77,25,105,4,84,88,70,108,21,106,154,122,197,24,72,78,111,110,11,152,86,127,30,114,182,139,29,137,158,175,85,1,117,120,157,173,186,79,42,27,169,172,39,32,55,125,33,192,165,40,87,181,68,9,103,162,147,67,95,144,156,146,31,143,53,183,164,41,149,36,102,62,5,134,112,104,99,63,74,20,138,168,140,126,16,71,19,83,60,179,47,43,187,76,151,141,80,58,64,96,177,199,166,22,195,119,81,153,129,26,150,56,100,54,113,116,124,160,15,121];False
2020;8167;10187;[34,122,25,48,10,176,83,129,8,84,124,73,92,108,21,99,16,77,112,150,56,18,62,120,24,197,26,9,143,20,3,2,121,160,74,106,130,22,38,45,67,94,161,1,165,153,187,127,39,107,87,76,50,53,93,23,30,134,137,86,69,64,101,151,54,158,199,6,117,98,19,110,81,52,182,28,162,78,60,79,185,148,167,61,41,36,46,131,59,133,96,157,138,178,164,173,66,126,198,159,140,118,109,29,154,156,142,15,135,146,43,128,85,152,172,12,181,82,192,139,33,13,111,195,40,37,71,35,88,171,189,194,31,68,116,57,0,113,196,89,5,141,119,4,183,63,51,72,147,65,102,115,14,49,55,155,184,75,80,114,177,169,191,11,104,180,163,170,95,91,90,125,149,32,97,58,100,7,175,179,27,193,136,144,70,168,17,103,105,174,190,188,186,145,42,47,132,166,123,44];True
1923;8295;10218;[146,76,25,48,10,176,83,129,8,84,67,61,74,108,21,99,16,77,112,150,56,18,62,120,24,197,26,9,143,28,3,2,121,160,92,106,130,22,38,34,124,94,161,1,165,153,187,127,39,107,87,122,50,53,93,23,30,134,137,86,69,64,101,151,54,158,199,6,117,98,19,110,81,52,182,45,162,78,180,79,185,148,167,73,41,36,46,131,59,133,96,157,138,178,164,173,66,126,198,159,140,118,109,29,154,156,142,15,135,60,43,128,85,152,172,12,181,82,192,139,33,13,111,195,40,37,71,35,88,171,189,194,31,68,116,57,0,113,196,89,5,141,119,4,183,63,51,72,147,65,102,115,14,49,55,155,184,75,80,114,177,169,191,11,104,20,163,170,95,91,90,125,149,32,97,58,100,7,175,179,27,193,136,144,70,168,17,103,105,174,190,188,186,145,42,47,132,166,123,44];False
2053;8154;10207;[34,187,25,48,19,110,43,129,8,84,67,61,74,108,21,99,16,77,112,150,56,18,62,120,24,197,26,9,143,20,3,2,98,160,92,142,130,22,38,45,124,94,161,1,165,153,122,127,39,107,87,76,50,53,93,23,30,134,137,86,69,64,101,151,54,158,199,6,117,167,10,176,81,52,182,28,162,78,60,79,185,148,121,73,41,36,46,131,59,133,96,157,138,178,164,173,66,126,198,159,140,118,109,29,154,156,106,15,135,146,83,128,85,152,172,12,181,82,192,139,33,13,111,195,40,37,71,35,88,171,189,194,31,68,116,57,0,113,196,89,5,141,119,4,183,63,51,72,147,65,102,115,14,49,55,155,184,75,80,114,177,169,191,11,104,180,163,170,95,91,90,125,149,32,97,58,100,7,175,179,27,193,136,144,70,168,17,103,105,174,190,188,186,145,42,47,132,166,123,44];False
2274;8038;10312;[92,67,112,93,10,176,83,129,8,84,122,73,74,108,21,99,16,77,25,150,56,18,62,120,24,197,26,9,143,20,3,2,121,160,142,49,130,22,38,34,124,94,161,1,165,153,187,127,39,107,87,76,50,53,135,23,30,134,137,86,69,64,101,151,54,158,199,6,117,98,19,110,81,52,182,28,162,78,60,79,185,148,167,61,41,36,46,131,59,133,96,157,138,178,164,173,66,126,198,159,140,118,109,29,154,156,106,71,48,146,43,128,85,152,172,12,181,82,192,139,33,13,111,195,40,37,15,35,88,171,189,194,102,68,116,57,0,113,196,89,5,141,119,4,183,63,51,72,147,65,31,115,14,45,55,155,184,75,80,114,177,169,191,11,104,180,163,170,95,91,90,125,149,32,97,58,100,7,175,179,27,193,136,144,70,168,17,103,105,174,190,188,186,145,42,47,132,166,123,44];False
2443;8017;10460;[74,65,37,135,10,176,43,129,8,84,122,73,174,108,21,99,16,77,112,150,56,18,62,120,24,197,26,9,143,20,3,2,160,121,92,49,130,22,38,34,124,94,161,1,165,153,187,127,39,107,87,76,50,53,93,23,30,134,137,86,69,64,101,151,54,158,199,6,117,98,19,110,81,52,182,28,162,78,60,79,185,148,167,61,41,36,46,131,59,133,96,157,138,178,164,173,66,126,198,159,140,118,109,29,154,156,106,71,48,146,83,128,85,152,172,12,181,82,192,139,33,13,111,195,11,25,15,35,88,171,189,194,31,68,116,57,0,113,196,89,5,141,119,4,183,63,51,72,147,67,102,115,14,45,55,155,184,75,80,114,177,169,191,40,104,180,163,170,95,91,90,125,149,32,97,58,100,7,175,179,27,193,136,144,70,168,17,103,105,142,190,188,186,145,42,47,132,166,123,44];False
2466;8011;10477;[73,154,121,160,10,176,43,129,8,84,122,155,74,108,21,99,16,77,112,150,56,18,62,120,24,197,26,9,143,20,3,2,25,48,92,49,130,22,38,34,124,94,161,1,165,153,187,127,39,107,87,76,50,53,93,23,30,134,137,86,69,64,101,151,54,158,199,6,117,98,19,110,81,52,182,28,162,78,60,79,185,148,167,61,41,36,46,131,59,133,96,157,138,178,164,173,66,126,198,159,140,118,109,29,37,156,106,71,135,146,83,128,85,152,172,12,181,82,192,139,33,13,111,195,11,184,15,35,88,171,189,194,31,68,116,57,0,113,196,89,5,141,119,4,183,63,51,72,147,65,102,115,14,45,55,174,67,75,80,114,177,169,191,40,104,180,163,170,95,91,90,125,149,32,97,58,100,7,175,179,27,193,136,144,70,168,17,103,105,142,190,188,186,145,42,47,132,166,123,44];False
2515;8002;10517;[73,20,38,150,10,176,83,129,8,84,67,56,74,108,21,99,16,77,112,48,174,18,62,120,24,197,26,9,143,69,3,2,121,160,92,49,130,22,40,34,124,94,161,1,165,153,187,127,39,107,87,76,50,53,93,23,30,134,137,86,122,64,101,151,54,158,199,6,117,98,186,110,81,52,182,28,162,78,60,79,185,148,167,61,41,36,46,131,59,133,96,157,138,178,164,173,66,126,198,159,140,118,109,29,154,156,106,71,135,146,43,128,85,152,172,12,181,82,192,139,33,13,111,195,25,37,15,35,88,171,189,194,31,68,116,57,0,113,196,89,5,141,119,4,183,63,51,72,147,65,102,115,14,45,55,155,184,75,80,114,177,169,191,11,104,180,163,170,95,91,90,125,149,32,97,58,100,7,175,179,27,193,136,144,70,168,17,103,105,142,190,188,19,145,42,47,132,166,123,44];False
2719;7983;10702;[146,67,38,150,10,176,83,129,8,69,99,73,74,56,21,92,16,77,112,48,108,18,62,120,24,197,26,9,143,20,3,2,121,160,84,49,130,22,40,34,124,94,161,1,165,153,187,127,39,107,87,76,50,53,93,23,30,134,137,86,122,64,101,151,54,158,199,6,117,98,186,110,81,52,182,28,162,78,60,79,185,148,167,61,41,36,46,131,59,133,96,157,138,178,164,173,66,126,198,159,140,118,109,29,154,156,106,71,135,174,43,128,85,152,172,12,181,82,192,139,33,13,111,195,25,37,15,35,88,171,189,194,31,68,116,57,0,113,196,89,5,141,119,4,183,63,51,72,147,65,102,115,14,45,55,155,184,75,80,114,177,169,191,11,104,180,163,170,95,91,90,125,149,32,97,58,100,7,175,179,27,193,136,144,70,168,17,103,105,142,190,188,19,145,42,47,132,166,123,44];False
1649;8999;10648;[90,67,112,48,10,1,2,129,193,8,122,73,140,118,105,99,141,17,45,15,173,18,25,120,24,197,26,9,109,20,146,49,147,65,92,142,130,22,38,34,3,94,75,12,165,153,187,127,39,107,87,76,50,53,93,23,30,134,58,86,181,82,101,151,54,158,121,6,117,98,78,110,81,52,108,74,183,192,135,79,185,148,167,61,59,36,46,5,41,133,96,157,138,178,152,56,66,126,198,159,174,19,51,29,154,156,160,71,69,190,43,128,85,164,111,83,40,124,150,139,33,13,172,195,182,37,60,35,88,145,189,194,31,171,116,57,186,113,196,89,162,106,119,28,4,97,131,0,199,62,102,115,14,114,55,155,184,161,80,137,177,169,191,11,104,180,163,170,95,91,84,125,149,32,68,63,100,7,175,143,27,16,136,144,70,168,64,103,21,72,77,188,179,176,42,47,132,166,123,44];False
1592;9026;10618;[147,67,112,48,174,1,2,129,8,84,122,107,101,118,105,10,116,17,193,15,173,18,25,120,24,197,26,9,109,20,146,49,45,65,92,142,130,22,38,34,3,94,75,12,165,153,187,127,39,73,87,76,50,53,93,27,30,134,137,86,181,82,23,151,54,158,121,6,117,98,78,110,81,52,108,74,183,83,135,79,185,148,167,61,59,36,46,5,41,133,96,157,138,178,152,56,66,126,198,159,140,19,131,29,154,156,160,71,69,190,43,128,85,164,111,192,40,124,150,139,33,13,172,195,182,37,60,35,88,145,189,194,31,171,141,57,186,113,196,89,162,106,119,28,4,97,51,0,199,62,102,115,14,114,55,155,184,161,80,58,177,169,191,11,104,180,163,170,95,91,90,125,149,32,68,63,100,7,175,143,99,16,136,144,70,168,64,103,21,72,77,188,179,176,42,47,132,166,123,44];False
1753;8958;10711;[53,67,84,193,10,1,2,129,8,48,122,107,34,118,105,99,141,17,45,15,173,18,25,120,24,197,26,9,109,20,146,49,147,65,92,142,130,22,38,174,3,94,75,112,165,153,187,127,39,73,87,76,50,143,93,23,30,134,58,86,181,82,101,151,54,158,121,6,117,98,78,110,81,52,108,74,183,192,135,79,185,148,167,61,59,36,46,5,41,133,96,157,138,178,152,56,66,126,198,159,140,19,51,29,154,156,160,71,69,190,43,128,85,164,111,83,40,124,150,139,33,13,172,195,182,37,60,35,88,145,189,194,31,171,116,57,186,113,196,89,162,106,119,28,4,97,131,0,199,62,102,115,14,114,55,155,184,161,80,137,177,169,191,11,104,180,163,170,95,91,90,125,149,32,68,63,100,7,175,12,27,16,136,144,70,168,64,103,21,72,77,188,179,176,42,47,132,166,123,44];False
1578;9044;10622;[180,67,112,48,10,1,2,129,8,84,122,107,101,118,105,99,106,17,45,15,173,18,25,120,24,197,26,9,109,20,146,49,147,65,92,142,130,22,38,34,3,94,75,12,165,153,187,127,39,73,87,76,50,53,93,27,30,134,137,86,181,82,23,151,54,158,121,6,117,98,78,110,81,52,108,74,183,83,135,79,185,148,167,61,59,36,46,5,41,133,96,157,138,178,152,56,66,126,198,159,140,19,131,29,154,156,160,71,69,190,43,128,85,164,111,192,40,124,150,139,33,13,172,195,182,149,60,35,88,145,189,194,31,171,116,57,186,113,196,89,162,141,119,28,4,97,51,0,199,62,102,115,14,114,55,155,184,161,80,58,177,169,191,11,104,193,163,170,95,91,90,125,37,32,68,63,100,7,175,143,174,16,136,144,70,168,64,103,21,72,77,188,179,176,42,47,132,166,123,44];False
1889;8779;10668;[19,64,112,48,174,1,2,129,8,84,122,107,10,4,105,99,106,77,193,60,173,18,62,120,24,197,26,9,109,20,3,114,121,25,92,49,130,22,38,34,67,94,75,12,165,153,187,127,39,73,87,76,50,53,93,23,30,134,58,86,181,82,101,151,54,158,199,6,117,98,78,110,81,52,69,28,162,192,135,79,185,148,167,61,59,36,46,131,41,133,96,157,138,178,152,56,66,126,198,159,140,118,186,29,154,156,160,71,108,146,43,128,85,164,111,83,40,124,150,139,33,13,172,195,182,37,15,35,88,145,189,194,31,171,116,57,0,113,196,89,5,141,119,74,183,97,51,72,147,65,102,115,14,45,55,155,184,161,80,137,177,169,191,11,104,180,163,170,95,91,90,125,149,32,68,63,100,7,175,143,27,16,136,144,70,168,17,103,21,142,190,188,179,176,42,47,132,166,123,44];False
1801;8936;10737;[118,49,112,48,10,1,2,129,8,84,122,107,106,19,105,99,141,17,193,15,173,18,25,120,24,197,26,9,109,20,3,114,147,65,92,142,130,22,38,174,67,94,75,12,165,153,187,127,39,73,87,76,50,53,93,23,30,134,58,86,181,82,101,151,54,158,121,6,117,98,78,110,81,52,108,74,183,192,135,79,185,148,167,61,59,36,46,5,41,133,96,157,138,178,152,56,66,126,34,159,140,146,51,29,154,156,160,71,69,190,43,128,85,164,111,83,40,124,150,139,33,13,172,195,182,149,60,35,88,145,189,194,31,171,116,57,186,113,196,89,162,198,119,28,4,97,131,0,199,62,102,115,14,45,55,155,184,161,80,137,177,169,191,11,104,180,163,170,95,91,90,125,37,32,68,63,100,7,175,143,27,16,136,144,70,168,64,103,21,72,77,188,179,176,42,47,132,166,123,44];False
6573;7917;14490;[22,135,199,132,66,169,171,57,7,130,163,122,12,174,149,98,193,191,38,196,161,136,45,105,194,115,46,44,139,190,109,111,184,51,34,91,69,28,8,118,180,27,140,48,92,90,131,148,9,14,3,142,29,61,145,94,13,101,75,36,176,26,164,128,52,2,167,170,123,50,146,71,198,73,82,49,133,166,186,107,77,159,18,4,181,88,70,108,21,106,154,59,197,24,32,195,10,110,11,152,72,127,30,114,182,37,85,55,158,175,6,1,117,120,157,173,17,79,185,102,23,172,39,78,83,125,33,35,165,40,87,84,68,93,103,65,147,153,15,144,156,155,31,143,53,183,97,41,0,89,25,62,5,134,112,104,99,160,74,20,138,168,188,126,16,162,19,137,60,179,47,43,187,76,151,141,80,58,64,96,177,42,189,178,86,119,81,67,129,192,150,56,100,54,113,116,124,63,95,121];False
6569;7916;14485;[171,22,199,132,66,169,135,57,7,130,163,122,12,174,149,98,193,191,38,196,161,136,45,105,194,115,46,44,139,190,109,111,184,51,34,91,69,28,8,118,180,27,140,48,92,90,131,148,9,14,3,142,29,61,145,94,13,101,75,36,176,26,164,128,52,2,167,170,123,50,146,71,198,73,82,49,133,166,186,107,77,159,18,4,181,88,70,108,21,106,154,59,197,24,32,195,10,110,11,152,72,127,30,114,182,37,85,55,158,175,6,1,117,120,157,173,17,79,185,102,23,172,39,78,83,125,33,35,165,40,87,84,68,93,103,65,147,153,15,144,156,155,31,143,53,183,97,41,0,89,25,62,5,134,112,104,99,160,74,20,138,168,188,126,16,162,19,137,60,179,47,43,187,76,151,141,80,58,64,96,177,42,189,178,86,119,81,67,129,192,150,56,100,54,113,116,124,63,95,121];False
6531;7915;14446;[135,132,199,22,66,169,171,57,7,130,163,122,12,174,149,98,193,191,38,196,161,136,45,105,194,115,46,44,139,190,109,111,184,51,34,91,69,28,8,118,180,27,140,48,92,90,131,148,9,14,3,142,29,61,145,94,13,101,75,36,176,26,164,128,52,2,167,170,123,50,146,71,198,73,82,49,133,166,186,107,77,159,18,4,181,88,70,108,21,106,154,59,197,24,32,195,10,110,11,152,72,127,30,114,182,37,85,55,158,175,6,1,117,120,157,173,17,79,185,102,23,172,39,78,83,125,33,35,165,40,87,84,68,93,103,65,147,153,15,144,156,155,31,143,53,183,97,41,0,89,25,62,5,134,112,104,99,160,74,20,138,168,188,126,16,162,19,137,60,179,47,43,187,76,151,141,80,58,64,96,177,42,189,178,86,119,81,67,129,192,150,56,100,54,113,116,124,63,95,121];False
6475;7928;14403;[169,171,199,22,66,135,132,57,7,130,163,122,12,174,149,98,193,191,38,196,161,136,45,105,194,115,46,44,139,190,109,111,184,51,34,91,69,28,8,118,180,27,140,48,92,90,131,148,9,14,3,142,29,61,145,94,13,101,75,36,176,26,164,128,52,2,167,170,123,50,146,71,198,73,82,49,133,166,186,107,77,159,18,4,181,88,70,108,21,106,154,59,197,24,32,195,10,110,11,152,72,127,30,114,182,37,85,55,158,175,6,1,117,120,157,173,17,79,185,102,23,172,39,78,83,125,33,35,165,40,87,84,68,93,103,65,147,153,15,144,156,155,31,143,53,183,97,41,0,89,25,62,5,134,112,104,99,160,74,20,138,168,188,126,16,162,19,137,60,179,47,43,187,76,151,141,80,58,64,96,177,42,189,178,86,119,81,67,129,192,150,56,100,54,113,116,124,63,95,121];False
6764;7848;14612;[3,169,22,132,136,135,171,57,7,130,163,122,12,199,149,98,193,191,38,196,161,66,45,105,194,115,46,44,139,190,109,111,184,51,146,91,69,28,8,118,180,27,140,48,92,90,131,148,9,14,198,142,29,61,145,94,13,101,75,36,176,26,164,128,52,2,167,170,123,50,34,71,174,73,82,49,133,166,186,107,77,159,18,4,181,88,70,108,21,106,154,59,197,24,32,195,10,110,11,152,72,127,30,114,182,37,85,55,158,175,6,1,117,120,157,173,17,79,185,102,23,172,39,78,83,125,33,35,165,40,87,84,68,93,103,65,147,153,15,144,156,155,31,143,53,183,97,41,0,89,25,62,5,134,112,104,99,160,74,20,138,168,188,126,16,162,19,137,60,179,47,43,187,76,151,141,80,58,64,96,177,42,189,178,86,119,81,67,129,192,150,56,100,54,113,116,124,63,95,121];False
6958;7829;14787;[124,174,22,66,7,135,171,57,23,130,163,122,12,199,149,98,193,191,38,196,161,136,45,105,184,115,46,44,139,190,109,111,146,51,194,91,69,28,8,118,180,25,140,48,92,90,131,148,9,14,3,142,29,61,145,94,13,101,75,36,176,26,164,128,52,2,167,107,123,50,34,71,198,132,82,49,133,189,186,170,77,159,18,4,181,88,70,108,21,106,154,59,197,24,32,195,10,110,11,152,72,127,30,114,182,37,85,55,158,175,6,1,117,120,157,173,17,79,185,102,169,172,39,78,83,125,33,35,165,40,87,84,68,93,103,65,147,153,15,144,156,155,31,143,53,183,97,41,0,89,27,62,5,134,112,104,99,160,74,20,138,168,188,126,16,162,19,137,60,179,47,43,187,76,151,141,80,58,64,96,177,42,166,178,86,119,81,67,129,192,150,56,100,54,113,116,73,63,95,121];False
7177;7750;14927;[71,136,22,23,174,135,171,57,7,130,163,122,12,199,149,98,193,191,38,196,161,66,45,105,194,115,46,44,139,190,109,111,184,51,34,91,69,28,8,118,180,159,140,48,92,90,131,148,9,14,3,142,29,61,145,94,13,101,75,36,176,26,164,128,52,2,167,107,123,73,146,50,198,132,82,49,133,189,186,170,77,25,18,4,181,88,70,108,21,106,154,59,197,24,32,195,10,110,11,152,72,127,30,114,182,37,85,55,158,175,6,1,117,120,157,173,17,79,185,102,169,172,39,78,83,125,33,35,165,40,87,84,68,93,103,65,147,153,15,144,156,155,31,143,53,183,97,41,0,89,27,62,5,134,112,104,99,160,74,20,138,168,188,126,16,162,19,137,60,179,47,43,187,76,151,141,80,58,64,96,177,42,166,178,86,119,81,67,129,192,150,56,100,54,113,116,124,63,95,121];False
7285;7706;14991;[32,15,23,182,194,87,75,88,171,163,86,12,6,185,0,73,65,160,38,196,132,14,20,191,174,3,157,183,37,138,184,115,25,99,108,35,193,28,8,154,13,198,188,55,44,94,131,47,68,123,106,78,52,91,69,61,176,59,11,57,189,26,175,62,120,2,89,107,48,63,29,164,4,126,41,114,112,165,153,7,77,177,169,72,84,85,66,45,124,51,90,134,197,168,74,142,101,81,36,145,100,111,122,98,139,105,180,67,158,30,40,96,76,93,150,173,46,10,42,27,24,187,39,95,1,125,33,127,128,129,18,181,148,9,103,92,136,137,43,53,146,190,31,82,144,121,162,147,149,152,49,151,97,130,113,155,17,21,34,159,109,135,140,50,16,118,166,80,133,178,170,199,172,79,117,102,110,60,64,179,58,161,192,22,195,83,186,54,119,167,71,56,5,141,19,116,70,104,143,156];False
7316;7686;15002;[182,32,23,15,194,87,75,88,171,163,86,12,6,185,0,73,65,160,38,196,132,14,20,191,174,3,157,183,37,138,184,115,25,99,108,35,193,28,8,154,13,198,188,55,44,94,131,47,68,123,106,78,52,91,69,61,176,59,11,57,189,26,175,62,120,2,89,107,48,63,29,164,4,126,41,114,112,165,153,7,77,177,169,72,84,85,66,45,124,51,90,134,197,168,74,142,101,81,36,145,100,111,122,98,139,105,180,67,158,30,40,96,76,93,150,173,46,10,42,27,24,187,39,95,1,125,33,127,128,129,18,181,148,9,103,92,136,137,43,53,146,190,31,82,144,121,162,147,149,152,49,151,97,130,113,155,17,21,34,159,109,135,140,50,16,118,166,80,133,178,170,199,172,79,117,102,110,60,64,179,58,161,192,22,195,83,186,54,119,167,71,56,5,141,19,116,70,104,143,156];False
7464;7632;15096;[194,32,23,182,15,87,163,88,171,6,75,86,12,185,0,73,65,160,38,196,132,14,20,191,174,3,157,183,37,138,184,115,25,99,108,35,193,28,8,154,13,198,188,55,44,94,131,47,68,123,106,78,52,91,69,61,176,59,11,57,189,26,175,62,120,2,89,107,48,63,29,164,4,126,41,114,112,165,153,7,77,177,169,72,84,85,66,45,124,51,90,134,197,168,74,142,101,81,36,145,100,111,122,98,139,105,180,67,158,30,40,96,76,93,150,173,46,10,42,27,24,187,39,95,1,125,33,127,128,129,18,181,148,9,103,92,136,137,43,53,146,190,31,82,144,121,162,147,149,152,49,151,97,130,113,155,17,21,34,159,109,135,140,50,16,118,166,80,133,178,170,199,172,79,117,102,110,60,64,179,58,161,192,22,195,83,186,54,119,167,71,56,5,141,19,116,70,104,143,156];False
7862;7433;15295;[194,149,7,135,136,115,171,44,22,130,163,122,12,185,57,98,193,23,38,196,161,66,45,105,164,73,46,191,37,190,109,10,184,51,34,91,69,28,8,118,180,159,140,48,92,90,131,148,93,14,178,142,85,61,145,94,13,101,75,36,176,26,174,128,52,2,167,107,123,50,146,65,198,186,82,49,133,189,132,170,77,25,18,4,84,88,70,108,21,106,154,59,197,24,32,195,111,110,11,152,72,127,30,114,182,139,29,137,158,175,6,1,117,120,157,173,17,79,199,27,169,172,39,78,55,125,33,192,165,40,87,181,68,9,103,162,147,153,15,144,156,155,31,143,53,183,97,41,0,89,102,62,5,134,112,104,99,160,74,20,138,168,188,126,16,71,19,83,60,179,47,43,187,76,151,141,80,58,64,96,177,42,166,3,86,119,81,67,129,35,150,56,100,54,113,116,124,63,95,121];False
7455;7632;15087;[171,135,23,44,7,136,22,57,37,130,163,122,12,185,149,98,193,191,38,196,161,66,45,105,194,115,46,73,174,190,109,111,184,51,34,91,69,28,8,118,180,159,140,48,92,90,131,148,9,14,3,142,85,61,145,94,13,101,75,36,176,26,164,128,52,2,167,107,123,50,146,65,198,186,82,49,133,189,132,170,77,25,18,4,84,88,70,108,21,106,154,59,197,24,32,195,10,110,11,152,72,127,30,114,182,139,29,137,158,175,6,1,117,120,157,173,17,79,199,102,169,172,39,78,83,125,33,192,165,40,87,181,68,93,103,162,147,153,15,144,156,155,31,143,53,183,97,41,0,89,27,62,5,134,112,104,99,160,74,20,138,168,188,126,16,71,19,55,60,179,47,43,187,76,151,141,80,58,64,96,177,42,166,178,86,119,81,67,129,35,150,56,100,54,113,116,124,63,95,121];False
7671;7566;15237;[34,174,23,136,7,135,171,57,22,130,163,122,12,185,149,98,193,191,38,196,161,66,45,105,194,115,46,44,37,190,109,111,184,51,106,91,69,28,8,118,180,159,140,48,92,90,131,148,9,14,3,142,85,61,145,94,13,101,75,36,176,26,164,128,52,2,167,107,123,50,146,65,198,186,82,49,133,189,132,170,77,25,18,4,84,88,70,108,21,73,154,59,197,24,32,195,10,110,11,152,72,127,30,114,182,139,29,137,158,175,6,1,117,120,157,173,17,79,199,102,169,172,39,78,83,125,33,192,165,40,87,181,68,93,103,162,147,153,15,144,156,155,31,143,53,183,97,41,0,89,27,62,5,134,112,104,99,160,74,20,138,168,188,126,16,71,19,55,60,179,47,43,187,76,151,141,80,58,64,96,177,42,166,178,86,119,81,67,129,35,150,56,100,54,113,116,124,63,95,121];False
7832;7397;15229;[174,161,7,135,136,115,171,57,22,130,163,122,12,185,149,98,193,23,38,196,198,66,45,105,194,191,46,44,48,190,109,10,184,51,34,91,69,28,8,118,180,159,140,73,92,90,131,148,93,14,178,142,85,61,145,94,13,101,75,36,176,26,164,128,52,2,167,107,123,50,146,65,37,186,82,49,133,189,132,170,77,25,18,4,84,88,70,108,21,106,154,59,197,24,32,195,111,110,11,152,72,127,30,114,182,139,29,137,158,175,6,1,117,120,157,173,17,79,199,27,169,172,39,78,55,125,33,192,165,40,87,181,68,9,103,162,147,153,15,144,156,155,31,143,53,183,97,41,0,89,102,62,5,134,112,104,99,160,74,20,138,168,188,126,16,71,19,83,60,179,47,43,187,76,151,141,80,58,64,96,177,42,166,3,86,119,81,67,129,35,150,56,100,54,113,116,124,63,95,121];False
7803;7408;15211;[135,174,7,161,136,115,171,57,22,130,163,122,12,185,149,98,193,23,38,196,198,66,45,105,194,191,46,44,48,190,109,10,184,51,34,91,69,28,8,118,180,159,140,73,92,90,131,148,93,14,178,142,85,61,145,94,13,101,75,36,176,26,164,128,52,2,167,107,123,50,146,65,37,186,82,49,133,189,132,170,77,25,18,4,84,88,70,108,21,106,154,59,197,24,32,195,111,110,11,152,72,127,30,114,182,139,29,137,158,175,6,1,117,120,157,173,17,79,199,27,169,172,39,78,55,125,33,192,165,40,87,181,68,9,103,162,147,153,15,144,156,155,31,143,53,183,97,41,0,89,102,62,5,134,112,104,99,160,74,20,138,168,188,126,16,71,19,83,60,179,47,43,187,76,151,141,80,58,64,96,177,42,166,3,86,119,81,67,129,35,150,56,100,54,113,116,124,63,95,121];False
8609;6849;15458;[18,57,10,6,149,170,171,54,37,130,191,3,12,185,122,98,193,163,38,196,161,66,45,135,194,115,46,44,125,190,109,174,184,51,34,91,69,28,8,118,180,159,188,48,92,90,131,148,93,14,178,142,136,61,145,94,13,101,141,36,176,35,97,128,52,2,167,107,123,50,155,65,198,17,82,49,133,189,132,23,77,25,105,4,84,88,70,108,21,106,154,59,197,24,72,78,111,110,11,152,86,127,30,114,182,139,29,137,158,175,85,1,117,120,157,173,186,79,42,27,169,172,39,32,55,73,33,192,165,40,87,181,68,9,103,162,147,67,95,144,156,146,31,143,53,183,164,41,75,89,102,62,5,134,112,104,99,63,74,20,138,168,140,126,16,71,19,83,60,179,47,43,187,76,151,7,80,58,64,96,177,199,166,22,195,119,81,153,129,26,150,56,100,0,113,116,124,160,15,121];False
8602;6810;15412;[18,44,10,6,149,170,171,57,3,130,191,122,12,185,54,98,193,37,38,196,161,66,45,135,194,115,46,163,125,190,109,174,184,51,34,91,69,28,8,118,180,159,188,48,92,90,131,148,93,14,178,142,136,61,145,94,13,101,141,36,176,35,97,128,52,2,167,107,123,50,155,65,198,17,82,49,133,189,132,23,77,25,105,4,84,88,70,108,21,106,154,59,197,24,72,78,111,110,11,152,86,127,30,114,182,139,29,137,158,175,85,1,117,120,157,173,186,79,42,27,169,172,39,32,55,73,33,192,165,40,87,181,68,9,103,162,147,67,95,144,156,146,31,143,53,183,164,41,75,89,102,62,5,134,112,104,99,63,74,20,138,168,140,126,16,71,19,83,60,179,47,43,187,76,151,7,80,58,64,96,177,199,166,22,195,119,81,153,129,26,150,56,100,0,113,116,124,160,15,121];False
8680;6729;15409;[37,46,170,6,149,18,171,57,3,130,163,122,12,185,54,98,193,188,38,196,161,66,45,135,194,115,191,44,125,190,109,10,184,51,34,91,69,28,8,118,180,159,174,48,92,90,131,148,93,14,178,142,136,61,145,94,13,101,141,36,176,35,97,128,52,2,167,107,123,50,155,65,198,17,82,49,133,189,132,23,77,25,105,4,84,88,70,108,21,106,154,59,197,24,72,78,111,110,11,152,86,127,30,114,182,139,29,137,158,175,85,1,117,120,157,173,186,79,42,27,169,172,39,32,55,73,33,192,165,40,87,181,68,9,103,162,147,67,95,144,156,146,31,143,53,183,164,41,75,89,102,62,5,134,112,104,99,63,74,20,138,168,140,126,16,71,19,83,60,179,47,43,187,76,151,7,80,58,64,96,177,199,166,22,195,119,81,153,129,26,150,56,100,0,113,116,124,160,15,121];False
8153;7287;15440;[23,44,136,37,7,135,171,57,22,130,163,122,12,185,149,98,193,191,38,196,161,66,45,105,194,115,46,73,174,190,109,10,184,51,34,91,69,28,8,118,180,159,140,48,92,90,131,148,93,14,178,142,85,61,145,94,13,101,75,36,176,26,97,128,52,2,167,107,123,50,146,65,198,186,82,49,133,189,132,170,77,25,18,4,84,88,70,108,21,106,154,59,197,24,32,86,111,110,11,152,72,127,30,114,182,139,29,137,158,175,6,1,117,120,157,173,17,79,199,27,169,172,39,78,55,125,33,192,165,40,87,181,68,9,103,162,147,153,15,144,156,155,31,143,53,183,164,41,0,89,102,62,5,134,112,104,99,63,74,20,138,168,188,126,16,71,19,83,60,179,47,43,187,76,151,141,80,58,64,96,177,42,166,3,195,119,81,67,129,35,150,56,100,54,113,116,124,160,95,121];False
8139;7267;15406;[135,191,136,174,7,115,171,57,22,130,163,122,12,185,149,98,193,23,38,196,161,66,45,105,194,73,46,44,37,190,109,10,184,51,34,91,69,28,8,118,180,159,140,48,92,90,131,148,93,14,178,142,85,61,145,94,13,101,75,36,176,26,97,128,52,2,167,107,123,50,146,65,198,186,82,49,133,189,132,170,77,25,18,4,84,88,70,108,21,106,154,59,197,24,32,86,111,110,11,152,72,127,30,114,182,139,29,137,158,175,6,1,117,120,157,173,17,79,199,27,169,172,39,78,55,125,33,192,165,40,87,181,68,9,103,162,147,153,15,144,156,155,31,143,53,183,164,41,0,89,102,62,5,134,112,104,99,63,74,20,138,168,188,126,16,71,19,83,60,179,47,43,187,76,151,141,80,58,64,96,177,42,166,3,195,119,81,67,129,35,150,56,100,54,113,116,124,160,95,121];False
8836;6684;15520;[184,174,10,6,149,18,171,57,3,130,163,122,12,185,54,98,193,191,38,196,161,66,45,135,194,115,46,44,34,198,109,23,190,51,106,91,69,28,8,118,180,159,188,48,92,90,131,148,93,14,178,142,136,61,145,94,13,101,141,36,176,35,97,128,52,2,167,107,123,50,155,65,37,17,82,49,133,189,132,170,77,25,105,4,84,88,70,108,21,73,154,59,197,24,72,78,111,110,11,152,86,127,30,114,182,139,29,137,158,175,85,1,117,120,157,173,186,79,42,27,169,172,39,32,55,125,33,192,165,40,87,181,68,9,103,162,147,67,95,144,156,146,31,143,53,183,164,41,75,89,102,62,5,134,112,104,99,63,74,20,138,168,140,126,16,71,19,83,60,179,47,43,187,76,151,7,80,58,64,96,177,199,166,22,195,119,81,153,129,26,150,56,100,0,113,116,124,160,15,121];False
8492;7144;15636;[44,23,186,136,7,135,171,57,3,130,163,122,12,185,149,98,193,191,38,196,161,66,45,105,194,115,46,174,37,190,109,10,184,51,34,91,69,28,8,118,180,159,140,48,92,90,131,148,93,14,178,142,85,61,145,94,13,101,75,36,176,26,97,128,52,2,167,107,123,50,146,65,198,73,82,49,133,189,132,170,77,25,18,4,84,88,70,108,21,106,154,59,197,24,86,32,111,110,11,152,72,127,30,114,182,139,29,137,158,175,6,1,117,120,157,173,17,79,199,27,169,172,39,78,55,125,33,192,165,40,87,181,68,9,103,162,147,153,95,144,156,155,31,143,53,183,164,41,0,89,102,62,5,134,112,104,99,63,74,20,138,168,188,126,16,71,19,83,60,179,47,43,187,76,151,141,80,58,64,96,177,42,166,22,195,119,81,67,129,35,150,56,100,54,113,116,124,160,15,121];False
8410;7164;15574;[191,44,186,136,7,135,171,57,3,130,163,122,12,185,149,98,193,23,38,196,161,66,45,105,194,115,46,174,37,190,109,10,184,51,34,91,69,28,8,118,180,159,140,48,92,90,131,148,93,14,178,142,85,61,145,94,13,101,75,36,176,26,97,128,52,2,167,107,123,50,146,65,198,73,82,49,133,189,132,170,77,25,18,4,84,88,70,108,21,106,154,59,197,24,86,32,111,110,11,152,72,127,30,114,182,139,29,137,158,175,6,1,117,120,157,173,17,79,199,27,169,172,39,78,55,125,33,192,165,40,87,181,68,9,103,162,147,153,95,144,156,155,31,143,53,183,164,41,0,89,102,62,5,134,112,104,99,63,74,20,138,168,188,126,16,71,19,83,60,179,47,43,187,76,151,141,80,58,64,96,177,42,166,22,195,119,81,67,129,35,150,56,100,54,113,116,124,160,15,121];False
8207;7236;15443;[122,135,23,44,7,136,174,57,3,130,163,171,12,185,149,98,193,191,38,196,161,66,45,105,194,115,46,73,37,190,109,10,184,51,34,91,69,28,8,118,180,159,140,48,92,90,131,148,93,14,178,142,85,61,145,94,13,101,75,36,176,26,97,128,52,2,167,107,123,50,146,65,198,186,82,49,133,189,132,170,77,25,18,4,84,88,70,108,21,106,154,59,197,24,86,32,111,110,11,152,72,127,30,114,182,139,29,137,158,175,6,1,117,120,157,173,17,79,199,27,169,172,39,78,55,125,33,192,165,40,87,181,68,9,103,162,147,153,95,144,156,155,31,143,53,183,164,41,0,89,102,62,5,134,112,104,99,63,74,20,138,168,188,126,16,71,19,83,60,179,47,43,187,76,151,141,80,58,64,96,177,42,166,22,195,119,81,67,129,35,150,56,100,54,113,116,124,160,15,121];False
9042;6619;15661;[140,34,194,136,75,18,171,57,3,130,163,122,12,185,54,98,193,6,38,196,161,66,45,135,142,115,46,44,37,190,109,10,184,51,174,91,69,28,8,118,180,159,188,48,92,90,131,148,93,14,178,23,191,61,145,94,13,101,141,36,176,35,97,128,52,2,167,107,123,73,155,65,198,17,82,49,133,189,132,170,77,25,105,4,84,88,70,108,21,106,154,59,197,24,72,78,111,110,11,152,86,127,30,114,182,139,29,137,158,175,85,1,117,120,157,173,186,79,42,27,169,172,39,32,55,125,33,192,165,40,87,181,68,9,103,162,147,67,95,144,156,146,31,143,53,183,164,41,149,89,102,62,5,134,112,104,99,63,74,20,138,168,50,126,16,71,19,83,60,179,47,43,187,76,151,7,80,58,64,96,177,199,166,22,195,119,81,153,129,26,150,56,100,0,113,116,124,160,15,121];False
9047;6605;15652;[50,174,23,95,149,189,11,57,3,130,163,122,12,185,54,98,193,191,38,196,161,66,45,135,34,115,46,44,37,190,109,10,184,51,106,91,69,28,8,118,180,159,188,48,92,90,131,148,93,14,178,142,6,61,145,94,13,101,141,36,176,35,97,128,52,2,167,107,123,194,155,65,198,17,82,49,133,18,132,170,77,25,105,4,84,88,70,108,21,73,154,59,197,24,72,78,111,110,171,152,86,127,30,114,182,139,29,137,158,175,85,1,117,120,157,173,186,79,42,27,169,172,39,32,55,125,33,192,165,40,87,181,68,9,103,162,147,67,136,144,156,146,31,143,53,183,164,41,75,89,102,62,5,134,112,104,99,63,74,20,138,168,140,126,16,71,19,83,60,179,47,43,187,76,151,7,80,58,64,96,177,199,166,22,195,119,81,153,129,26,150,56,100,0,113,116,124,160,15,121];True
9182;6592;15774;[73,174,67,161,149,18,171,57,3,130,163,122,12,185,54,98,193,6,38,196,115,66,45,135,194,136,46,44,37,190,109,10,184,51,34,91,69,28,8,118,180,159,188,48,92,90,131,148,93,14,178,142,191,61,145,94,13,101,141,36,176,35,97,128,52,2,167,107,123,50,155,65,198,17,82,49,133,189,132,170,77,25,105,4,84,88,70,108,21,106,154,59,197,24,72,78,111,110,11,152,86,127,30,114,182,139,29,137,158,175,85,1,117,120,157,173,186,79,42,27,169,172,39,32,55,125,33,192,165,40,87,181,68,9,103,162,147,23,95,144,156,146,31,143,53,183,164,41,75,89,102,62,5,134,112,104,99,63,74,20,138,168,140,126,16,71,19,83,60,179,47,43,187,76,151,7,80,58,64,96,177,199,166,22,195,119,81,153,129,26,150,56,100,0,113,116,124,160,15,121];False
9959;6548;16507;[50,174,23,91,75,18,171,57,3,130,163,59,12,185,0,98,193,191,38,196,161,66,45,135,194,115,46,44,37,190,109,10,184,51,34,136,69,28,8,118,180,159,188,48,92,90,131,148,93,14,178,142,6,61,145,94,13,101,7,89,176,35,97,128,52,2,167,107,123,73,155,65,198,17,82,49,133,189,132,170,77,25,105,4,84,88,70,108,21,106,154,122,197,24,72,78,111,110,11,152,86,127,30,114,182,139,29,137,158,175,85,1,117,120,157,173,186,79,42,27,169,172,39,32,55,125,33,192,165,40,87,181,68,9,103,162,147,67,95,144,156,146,31,143,53,183,164,41,149,36,102,62,5,134,112,104,99,63,74,20,138,168,140,126,16,71,19,83,60,179,47,43,187,76,151,141,80,58,64,96,177,199,166,22,195,119,81,153,129,26,150,56,100,54,113,116,124,160,15,121];False
2050;8138;10188;[34,122,25,48,10,176,83,129,8,84,67,73,92,108,21,99,16,77,112,150,56,18,62,120,24,197,26,9,143,20,3,2,121,160,74,106,130,22,38,45,124,94,161,1,165,153,187,127,39,107,87,76,50,53,93,23,30,134,137,86,69,64,101,151,54,158,199,6,117,98,19,110,81,52,182,28,162,78,60,79,185,148,167,61,41,36,46,131,59,133,96,157,138,178,164,173,66,126,198,159,140,118,109,29,154,156,142,15,135,146,43,128,85,152,172,12,181,82,192,139,33,13,111,195,40,37,71,35,88,171,189,194,31,68,116,57,0,113,196,89,5,141,119,4,183,63,51,72,147,65,102,115,14,49,55,155,184,75,80,114,177,169,191,11,104,180,163,170,95,91,90,125,149,32,97,58,100,7,175,179,27,193,136,144,70,168,17,103,105,174,190,188,186,145,42,47,132,166,123,44];True
1909;8289;10198;[174,76,25,48,10,176,83,129,8,84,67,61,74,108,21,99,16,77,112,150,56,18,62,120,24,197,26,9,143,28,3,2,121,160,92,106,130,22,38,34,124,94,161,1,165,153,187,127,39,107,87,122,50,53,93,23,30,134,137,86,69,64,101,151,54,158,199,6,117,98,19,110,81,52,182,45,162,78,180,79,185,148,167,73,41,36,46,131,59,133,96,157,138,178,164,173,66,126,198,159,140,118,109,29,154,156,142,15,135,60,43,128,85,152,172,12,181,82,192,139,33,13,111,195,40,37,71,35,88,171,189,194,31,68,116,57,0,113,196,89,5,141,119,4,183,63,51,72,147,65,102,115,14,49,55,155,184,75,80,114,177,169,191,11,104,20,163,170,95,91,90,125,149,32,97,58,100,7,175,179,27,193,136,144,70,168,17,103,105,146,190,188,186,145,42,47,132,166,123,44];True
2308;8032;10340;[146,67,112,93,10,176,83,129,8,84,122,73,74,108,21,99,16,77,25,150,56,18,62,120,24,197,26,9,143,20,3,2,121,160,142,49,130,22,38,34,124,94,161,1,165,153,187,127,39,107,87,76,50,53,135,23,30,134,137,86,69,64,101,151,54,158,199,6,117,98,19,110,81,52,182,28,162,78,60,79,185,148,167,61,41,36,46,131,59,133,96,157,138,178,164,173,66,126,198,159,140,118,109,29,154,156,106,71,48,92,43,128,85,152,172,12,181,82,192,139,33,13,111,195,40,37,15,35,88,171,189,194,102,68,116,57,0,113,196,89,5,141,119,4,183,63,51,72,147,65,31,115,14,45,55,155,184,75,80,114,177,169,191,11,104,180,163,170,95,91,90,125,149,32,97,58,100,7,175,179,27,193,136,144,70,168,17,103,105,174,190,188,186,145,42,47,132,166,123,44];False
2439;8020;10459;[65,74,37,135,10,176,43,129,8,84,122,73,174,108,21,99,16,77,112,150,56,18,62,120,24,197,26,9,143,20,3,2,160,121,92,49,130,22,38,34,124,94,161,1,165,153,187,127,39,107,87,76,50,53,93,23,30,134,137,86,69,64,101,151,54,158,199,6,117,98,19,110,81,52,182,28,162,78,60,79,185,148,167,61,41,36,46,131,59,133,96,157,138,178,164,173,66,126,198,159,140,118,109,29,154,156,106,71,48,146,83,128,85,152,172,12,181,82,192,139,33,13,111,195,11,25,15,35,88,171,189,194,31,68,116,57,0,113,196,89,5,141,119,4,183,63,51,72,147,67,102,115,14,45,55,155,184,75,80,114,177,169,191,40,104,180,163,170,95,91,90,125,149,32,97,58,100,7,175,179,27,193,136,144,70,168,17,103,105,142,190,188,186,145,42,47,132,166,123,44];False
2439;8018;10457;[72,65,37,135,10,176,43,129,8,84,122,73,174,108,21,99,16,77,112,150,56,18,62,120,24,197,26,9,143,20,3,2,160,121,92,49,130,22,38,34,124,94,161,1,165,153,187,127,39,107,87,76,50,53,93,23,30,134,137,86,69,64,101,151,54,158,199,6,117,98,19,110,81,52,182,28,162,78,60,79,185,148,167,61,41,36,46,131,59,133,96,157,138,178,164,173,66,126,198,159,140,118,109,29,154,156,106,71,48,146,83,128,85,152,172,12,181,82,192,139,33,13,111,195,11,25,15,35,88,171,189,194,31,68,116,57,0,113,196,89,5,141,119,4,183,63,51,74,147,67,102,115,14,45,55,155,184,75,80,114,177,169,191,40,104,180,163,170,95,91,90,125,149,32,97,58,100,7,175,179,27,193,136,144,70,168,17,103,105,142,190,188,186,145,42,47,132,166,123,44];False
2501;8005;10506;[73,16,121,160,10,176,43,129,8,84,122,155,74,108,21,99,154,77,112,150,56,18,62,120,24,197,26,9,143,20,3,2,25,48,92,49,130,22,38,34,124,94,161,1,165,153,187,127,39,107,87,76,50,53,93,23,30,134,137,86,69,64,101,151,54,158,199,6,117,98,19,110,81,52,182,28,162,78,60,79,185,148,167,61,41,36,46,131,59,133,96,157,138,178,164,173,66,126,198,159,140,118,109,29,37,156,106,71,135,146,83,128,85,152,172,12,181,82,192,139,33,13,111,195,11,184,15,35,88,171,189,194,31,68,116,57,0,113,196,89,5,141,119,4,183,63,51,72,147,65,102,115,14,45,55,174,67,75,80,114,177,169,191,40,104,180,163,170,95,91,90,125,149,32,97,58,100,7,175,179,27,193,136,144,70,168,17,103,105,142,190,188,186,145,42,47,132,166,123,44];False
2495;8003;10498;[73,174,38,150,10,176,83,129,8,84,67,56,74,108,21,99,16,77,112,48,20,18,62,120,24,197,26,9,143,69,3,2,121,160,92,49,130,22,40,34,124,94,161,1,165,153,187,127,39,107,87,76,50,53,93,23,30,134,137,86,122,64,101,151,54,158,199,6,117,98,186,110,81,52,182,28,162,78,60,79,185,148,167,61,41,36,46,131,59,133,96,157,138,178,164,173,66,126,198,159,140,118,109,29,154,156,106,71,135,146,43,128,85,152,172,12,181,82,192,139,33,13,111,195,25,37,15,35,88,171,189,194,31,68,116,57,0,113,196,89,5,141,119,4,183,63,51,72,147,65,102,115,14,45,55,155,184,75,80,114,177,169,191,11,104,180,163,170,95,91,90,125,149,32,97,58,100,7,175,179,27,193,136,144,70,168,17,103,105,142,190,188,19,145,42,47,132,166,123,44];False
2712;7985;10697;[69,67,38,150,10,176,83,129,8,146,99,73,74,56,21,92,16,77,112,48,108,18,62,120,24,197,26,9,143,20,3,2,121,160,84,49,130,22,40,34,124,94,161,1,165,153,187,127,39,107,87,76,50,53,93,23,30,134,137,86,122,64,101,151,54,158,199,6,117,98,186,110,81,52,182,28,162,78,60,79,185,148,167,61,41,36,46,131,59,133,96,157,138,178,164,173,66,126,198,159,140,118,109,29,154,156,106,71,135,174,43,128,85,152,172,12,181,82,192,139,33,13,111,195,25,37,15,35,88,171,189,194,31,68,116,57,0,113,196,89,5,141,119,4,183,63,51,72,147,65,102,115,14,45,55,155,184,75,80,114,177,169,191,11,104,180,163,170,95,91,90,125,149,32,97,58,100,7,175,179,27,193,136,144,70,168,17,103,105,142,190,188,19,145,42,47,132,166,123,44];False
1699;8980;10679;[90,67,112,105,10,1,2,129,193,8,122,73,140,118,48,99,141,17,45,15,173,18,25,120,24,197,26,9,109,20,146,49,147,65,92,142,130,22,38,34,3,94,75,12,165,153,187,127,39,107,87,76,50,53,93,23,30,134,58,86,181,82,101,151,54,158,121,6,117,98,78,110,81,52,108,74,183,192,135,79,185,148,167,61,59,36,46,5,41,133,96,157,138,178,152,56,66,126,198,159,174,19,51,29,154,156,160,71,69,190,43,128,85,164,111,83,40,124,150,139,33,13,172,195,182,37,60,35,88,145,189,194,31,171,116,57,186,113,196,89,162,106,119,28,4,97,131,0,199,62,102,115,14,114,55,155,184,161,80,137,177,169,191,11,104,180,163,170,95,91,84,125,149,32,68,63,100,7,175,143,27,16,136,144,70,168,64,103,21,72,77,188,179,176,42,47,132,166,123,44];False
1635;8991;10626;[34,67,112,48,174,1,2,129,8,84,122,107,101,118,105,10,116,17,193,15,173,18,25,120,24,197,26,9,109,20,146,49,45,65,92,142,130,22,38,147,3,94,75,12,165,153,187,127,39,73,87,76,50,53,93,27,30,134,137,86,181,82,23,151,54,158,121,6,117,98,78,110,81,52,108,74,183,83,135,79,185,148,167,61,59,36,46,5,41,133,96,157,138,178,152,56,66,126,198,159,140,19,131,29,154,156,160,71,69,190,43,128,85,164,111,192,40,124,150,139,33,13,172,195,182,37,60,35,88,145,189,194,31,171,141,57,186,113,196,89,162,106,119,28,4,97,51,0,199,62,102,115,14,114,55,155,184,161,80,58,177,169,191,11,104,180,163,170,95,91,90,125,149,32,68,63,100,7,175,143,99,16,136,144,70,168,64,103,21,72,77,188,179,176,42,47,132,166,123,44];True
1825;8917;10742;[53,106,84,193,10,1,2,129,8,48,122,107,34,118,105,99,141,17,45,15,173,18,25,120,24,197,26,9,109,20,146,49,147,65,92,142,130,22,38,174,3,94,75,112,165,153,187,127,39,73,87,76,50,143,93,23,30,134,58,86,181,82,101,151,54,158,121,6,117,98,78,110,81,52,108,74,183,192,135,79,185,148,167,61,59,36,46,5,41,133,96,157,138,178,152,56,66,126,198,159,140,19,51,29,154,156,160,71,69,190,43,128,85,164,111,83,40,124,150,139,33,13,172,195,182,37,60,35,88,145,189,194,31,171,116,57,186,113,196,89,162,67,119,28,4,97,131,0,199,62,102,115,14,114,55,155,184,161,80,137,177,169,191,11,104,180,163,170,95,91,90,125,149,32,68,63,100,7,175,12,27,16,136,144,70,168,64,103,21,72,77,188,179,176,42,47,132,166,123,44];False
1558;9045;10603;[49,67,112,48,10,1,2,129,8,84,122,107,101,118,105,99,106,17,45,15,173,18,25,120,24,197,26,9,109,20,146,180,147,65,92,142,130,22,38,34,3,94,75,12,165,153,187,127,39,73,87,76,50,53,93,27,30,134,137,86,181,82,23,151,54,158,121,6,117,98,78,110,81,52,108,74,183,83,135,79,185,148,167,61,59,36,46,5,41,133,96,157,138,178,152,56,66,126,198,159,140,19,131,29,154,156,160,71,69,190,43,128,85,164,111,192,40,124,150,139,33,13,172,195,182,149,60,35,88,145,189,194,31,171,116,57,186,113,196,89,162,141,119,28,4,97,51,0,199,62,102,115,14,114,55,155,184,161,80,58,177,169,191,11,104,193,163,170,95,91,90,125,37,32,68,63,100,7,175,143,174,16,136,144,70,168,64,103,21,72,77,188,179,176,42,47,132,166,123,44];True
1908;8759;10667;[114,64,112,48,174,1,2,129,8,84,122,107,10,4,105,99,106,77,193,60,173,18,62,120,24,197,26,9,109,20,3,19,121,25,92,49,130,22,38,34,67,94,75,12,165,153,187,127,39,73,87,76,50,53,93,23,30,134,58,86,181,82,101,151,54,158,199,6,117,98,78,110,81,52,69,28,162,192,135,79,185,148,167,61,59,36,46,131,41,133,96,157,138,178,152,56,66,126,198,159,140,118,186,29,154,156,160,71,108,146,43,128,85,164,111,83,40,124,150,139,33,13,172,195,182,37,15,35,88,145,189,194,31,171,116,57,0,113,196,89,5,141,119,74,183,97,51,72,147,65,102,115,14,45,55,155,184,161,80,137,177,169,191,11,104,180,163,170,95,91,90,125,149,32,68,63,100,7,175,143,27,16,136,144,70,168,17,103,21,142,190,188,179,176,42,47,132,166,123,44];False
1762;8937;10699;[106,49,112,48,10,1,2,129,8,84,122,107,118,19,105,99,141,17,193,15,173,18,25,120,24,197,26,9,109,20,3,114,147,65,92,142,130,22,38,174,67,94,75,12,165,153,187,127,39,73,87,76,50,53,93,23,30,134,58,86,181,82,101,151,54,158,121,6,117,98,78,110,81,52,108,74,183,192,135,79,185,148,167,61,59,36,46,5,41,133,96,157,138,178,152,56,66,126,34,159,140,146,51,29,154,156,160,71,69,190,43,128,85,164,111,83,40,124,150,139,33,13,172,195,182,149,60,35,88,145,189,194,31,171,116,57,186,113,196,89,162,198,119,28,4,97,131,0,199,62,102,115,14,45,55,155,184,161,80,137,177,169,191,11,104,180,163,170,95,91,90,125,37,32,68,63,100,7,175,143,27,16,136,144,70,168,64,103,21,72,77,188,179,176,42,47,132,166,123,44];False
6590;7907;14497;[22,132,199,135,66,169,171,57,7,130,163,122,12,174,149,98,193,191,38,196,161,136,45,105,194,115,46,44,139,190,109,111,184,51,34,91,69,28,8,118,180,27,140,48,92,90,131,148,9,14,3,142,29,61,145,94,13,101,75,36,176,26,164,128,52,2,167,170,123,50,146,71,198,73,82,49,133,166,186,107,77,159,18,4,181,88,70,108,21,106,154,59,197,24,32,195,10,110,11,152,72,127,30,114,182,37,85,55,158,175,6,1,117,120,157,173,17,79,185,102,23,172,39,78,83,125,33,35,165,40,87,84,68,93,103,65,147,153,15,144,156,155,31,143,53,183,97,41,0,89,25,62,5,134,112,104,99,160,74,20,138,168,188,126,16,162,19,137,60,179,47,43,187,76,151,141,80,58,64,96,177,42,189,178,86,119,81,67,129,192,150,56,100,54,113,116,124,63,95,121];False
6584;7909;14493;[22,171,199,169,66,135,132,57,7,130,163,122,12,174,149,98,193,191,38,196,161,136,45,105,194,115,46,44,139,190,109,111,184,51,34,91,69,28,8,118,180,27,140,48,92,90,131,148,9,14,3,142,29,61,145,94,13,101,75,36,176,26,164,128,52,2,167,170,123,50,146,71,198,73,82,49,133,166,186,107,77,159,18,4,181,88,70,108,21,106,154,59,197,24,32,195,10,110,11,152,72,127,30,114,182,37,85,55,158,175,6,1,117,120,157,173,17,79,185,102,23,172,39,78,83,125,33,35,165,40,87,84,68,93,103,65,147,153,15,144,156,155,31,143,53,183,97,41,0,89,25,62,5,134,112,104,99,160,74,20,138,168,188,126,16,162,19,137,60,179,47,43,187,76,151,141,80,58,64,96,177,42,189,178,86,119,81,67,129,192,150,56,100,54,113,116,124,63,95,121];False
6742;7848;14590;[136,169,22,132,3,135,171,57,7,130,163,122,12,199,149,98,193,191,38,196,161,66,45,105,194,115,46,44,139,190,109,111,184,51,146,91,69,28,8,118,180,27,140,48,92,90,131,148,9,14,198,142,29,61,145,94,13,101,75,36,176,26,164,128,52,2,167,170,123,50,34,71,174,73,82,49,133,166,186,107,77,159,18,4,181,88,70,108,21,106,154,59,197,24,32,195,10,110,11,152,72,127,30,114,182,37,85,55,158,175,6,1,117,120,157,173,17,79,185,102,23,172,39,78,83,125,33,35,165,40,87,84,68,93,103,65,147,153,15,144,156,155,31,143,53,183,97,41,0,89,25,62,5,134,112,104,99,160,74,20,138,168,188,126,16,162,19,137,60,179,47,43,187,76,151,141,80,58,64,96,177,42,189,178,86,119,81,67,129,192,150,56,100,54,113,116,124,63,95,121];False
7011;7812;14823;[194,174,22,66,7,135,171,57,23,130,163,122,12,199,149,98,193,191,38,196,161,136,45,105,184,115,46,44,139,190,109,111,146,51,124,91,69,28,8,118,180,25,140,48,92,90,131,148,9,14,3,142,29,61,145,94,13,101,75,36,176,26,164,128,52,2,167,107,123,50,34,71,198,132,82,49,133,189,186,170,77,159,18,4,181,88,70,108,21,106,154,59,197,24,32,195,10,110,11,152,72,127,30,114,182,37,85,55,158,175,6,1,117,120,157,173,17,79,185,102,169,172,39,78,83,125,33,35,165,40,87,84,68,93,103,65,147,153,15,144,156,155,31,143,53,183,97,41,0,89,27,62,5,134,112,104,99,160,74,20,138,168,188,126,16,162,19,137,60,179,47,43,187,76,151,141,80,58,64,96,177,42,166,178,86,119,81,67,129,192,150,56,100,54,113,116,73,63,95,121];False
7163;7770;14933;[136,71,22,23,174,135,171,57,7,130,163,122,12,199,149,98,193,191,38,196,161,66,45,105,194,115,46,44,139,190,109,111,184,51,34,91,69,28,8,118,180,159,140,48,92,90,131,148,9,14,3,142,29,61,145,94,13,101,75,36,176,26,164,128,52,2,167,107,123,73,146,50,198,132,82,49,133,189,186,170,77,25,18,4,181,88,70,108,21,106,154,59,197,24,32,195,10,110,11,152,72,127,30,114,182,37,85,55,158,175,6,1,117,120,157,173,17,79,185,102,169,172,39,78,83,125,33,35,165,40,87,84,68,93,103,65,147,153,15,144,156,155,31,143,53,183,97,41,0,89,27,62,5,134,112,104,99,160,74,20,138,168,188,126,16,162,19,137,60,179,47,43,187,76,151,141,80,58,64,96,177,42,166,178,86,119,81,67,129,192,150,56,100,54,113,116,124,63,95,121];False
7227;7740;14967;[174,136,22,23,71,135,171,57,7,130,163,122,12,199,149,98,193,191,38,196,161,66,45,105,194,115,46,44,139,190,109,111,184,51,34,91,69,28,8,118,180,159,140,48,92,90,131,148,9,14,3,142,29,61,145,94,13,101,75,36,176,26,164,128,52,2,167,107,123,73,146,50,198,132,82,49,133,189,186,170,77,25,18,4,181,88,70,108,21,106,154,59,197,24,32,195,10,110,11,152,72,127,30,114,182,37,85,55,158,175,6,1,117,120,157,173,17,79,185,102,169,172,39,78,83,125,33,35,165,40,87,84,68,93,103,65,147,153,15,144,156,155,31,143,53,183,97,41,0,89,27,62,5,134,112,104,99,160,74,20,138,168,188,126,16,162,19,137,60,179,47,43,187,76,151,141,80,58,64,96,177,42,166,178,86,119,81,67,129,192,150,56,100,54,113,116,124,63,95,121];False
7334;7667;15001;[194,15,23,182,32,87,75,88,171,163,86,12,6,185,0,73,65,160,38,196,132,14,20,191,174,3,157,183,37,138,184,115,25,99,108,35,193,28,8,154,13,198,188,55,44,94,131,47,68,123,106,78,52,91,69,61,176,59,11,57,189,26,175,62,120,2,89,107,48,63,29,164,4,126,41,114,112,165,153,7,77,177,169,72,84,85,66,45,124,51,90,134,197,168,74,142,101,81,36,145,100,111,122,98,139,105,180,67,158,30,40,96,76,93,150,173,46,10,42,27,24,187,39,95,1,125,33,127,128,129,18,181,148,9,103,92,136,137,43,53,146,190,31,82,144,121,162,147,149,152,49,151,97,130,113,155,17,21,34,159,109,135,140,50,16,118,166,80,133,178,170,199,172,79,117,102,110,60,64,179,58,161,192,22,195,83,186,54,119,167,71,56,5,141,19,116,70,104,143,156];False
7289;7692;14981;[75,32,23,15,194,87,182,88,171,163,86,12,6,185,0,73,65,160,38,196,132,14,20,191,174,3,157,183,37,138,184,115,25,99,108,35,193,28,8,154,13,198,188,55,44,94,131,47,68,123,106,78,52,91,69,61,176,59,11,57,189,26,175,62,120,2,89,107,48,63,29,164,4,126,41,114,112,165,153,7,77,177,169,72,84,85,66,45,124,51,90,134,197,168,74,142,101,81,36,145,100,111,122,98,139,105,180,67,158,30,40,96,76,93,150,173,46,10,42,27,24,187,39,95,1,125,33,127,128,129,18,181,148,9,103,92,136,137,43,53,146,190,31,82,144,121,162,147,149,152,49,151,97,130,113,155,17,21,34,159,109,135,140,50,16,118,166,80,133,178,170,199,172,79,117,102,110,60,64,179,58,161,192,22,195,83,186,54,119,167,71,56,5,141,19,116,70,104,143,156];False
7544;7572;15116;[44,135,23,171,7,136,22,57,37,130,163,122,12,185,149,98,193,191,38,196,161,66,45,105,194,115,46,73,174,190,109,111,184,51,34,91,69,28,8,118,180,159,140,48,92,90,131,148,9,14,3,142,85,61,145,94,13,101,75,36,176,26,164,128,52,2,167,107,123,50,146,65,198,186,82,49,133,189,132,170,77,25,18,4,84,88,70,108,21,106,154,59,197,24,32,195,10,110,11,152,72,127,30,114,182,139,29,137,158,175,6,1,117,120,157,173,17,79,199,102,169,172,39,78,83,125,33,192,165,40,87,181,68,93,103,162,147,153,15,144,156,155,31,143,53,183,97,41,0,89,27,62,5,134,112,104,99,160,74,20,138,168,188,126,16,71,19,55,60,179,47,43,187,76,151,141,80,58,64,96,177,42,166,178,86,119,81,67,129,35,150,56,100,54,113,116,124,63,95,121];False
7661;7555;15216;[198,174,23,136,7,135,171,57,22,130,163,122,12,185,149,98,193,191,38,196,161,66,45,105,194,115,46,44,37,190,109,111,184,51,106,91,69,28,8,118,180,159,140,48,92,90,131,148,9,14,3,142,85,61,145,94,13,101,75,36,176,26,164,128,52,2,167,107,123,50,146,65,34,186,82,49,133,189,132,170,77,25,18,4,84,88,70,108,21,73,154,59,197,24,32,195,10,110,11,152,72,127,30,114,182,139,29,137,158,175,6,1,117,120,157,173,17,79,199,102,169,172,39,78,83,125,33,192,165,40,87,181,68,93,103,162,147,153,15,144,156,155,31,143,53,183,97,41,0,89,27,62,5,134,112,104,99,160,74,20,138,168,188,126,16,71,19,55,60,179,47,43,187,76,151,141,80,58,64,96,177,42,166,178,86,119,81,67,129,35,150,56,100,54,113,116,124,63,95,121];False
7781;7430;15211;[7,161,174,135,136,115,171,57,22,130,163,122,12,185,149,98,193,23,38,196,198,66,45,105,194,191,46,44,48,190,109,10,184,51,34,91,69,28,8,118,180,159,140,73,92,90,131,148,93,14,178,142,85,61,145,94,13,101,75,36,176,26,164,128,52,2,167,107,123,50,146,65,37,186,82,49,133,189,132,170,77,25,18,4,84,88,70,108,21,106,154,59,197,24,32,195,111,110,11,152,72,127,30,114,182,139,29,137,158,175,6,1,117,120,157,173,17,79,199,27,169,172,39,78,55,125,33,192,165,40,87,181,68,9,103,162,147,153,15,144,156,155,31,143,53,183,97,41,0,89,102,62,5,134,112,104,99,160,74,20,138,168,188,126,16,71,19,83,60,179,47,43,187,76,151,141,80,58,64,96,177,42,166,3,86,119,81,67,129,35,150,56,100,54,113,116,124,63,95,121];False
7733;7406;15139;[174,135,7,161,136,115,171,57,22,130,163,122,12,185,149,98,193,23,38,196,198,66,45,105,194,191,46,44,48,190,109,10,184,51,34,91,69,28,8,118,180,159,140,73,92,90,131,148,93,14,178,142,85,61,145,94,13,101,75,36,176,26,164,128,52,2,167,107,123,50,146,65,37,186,82,49,133,189,132,170,77,25,18,4,84,88,70,108,21,106,154,59,197,24,32,195,111,110,11,152,72,127,30,114,182,139,29,137,158,175,6,1,117,120,157,173,17,79,199,27,169,172,39,78,55,125,33,192,165,40,87,181,68,9,103,162,147,153,15,144,156,155,31,143,53,183,97,41,0,89,102,62,5,134,112,104,99,160,74,20,138,168,188,126,16,71,19,83,60,179,47,43,187,76,151,141,80,58,64,96,177,42,166,3,86,119,81,67,129,35,150,56,100,54,113,116,124,63,95,121];False
8606;6803;15409;[44,18,10,6,149,170,171,57,3,130,191,122,12,185,54,98,193,37,38,196,161,66,45,135,194,115,46,163,125,190,109,174,184,51,34,91,69,28,8,118,180,159,188,48,92,90,131,148,93,14,178,142,136,61,145,94,13,101,141,36,176,35,97,128,52,2,167,107,123,50,155,65,198,17,82,49,133,189,132,23,77,25,105,4,84,88,70,108,21,106,154,59,197,24,72,78,111,110,11,152,86,127,30,114,182,139,29,137,158,175,85,1,117,120,157,173,186,79,42,27,169,172,39,32,55,73,33,192,165,40,87,181,68,9,103,162,147,67,95,144,156,146,31,143,53,183,164,41,75,89,102,62,5,134,112,104,99,63,74,20,138,168,140,126,16,71,19,83,60,179,47,43,187,76,151,7,80,58,64,96,177,199,166,22,195,119,81,153,129,26,150,56,100,0,113,116,124,160,15,121];False
8576;6815;15391;[98,44,10,6,149,170,171,57,3,130,191,122,12,185,54,18,193,37,38,196,161,66,45,135,194,115,46,163,125,190,109,174,184,51,34,91,69,28,8,118,180,159,188,48,92,90,131,148,93,14,178,142,136,61,145,94,13,101,141,36,176,35,97,128,52,2,167,107,123,50,155,65,198,17,82,49,133,189,132,23,77,25,105,4,84,88,70,108,21,106,154,59,197,24,72,78,111,110,11,152,86,127,30,114,182,139,29,137,158,175,85,1,117,120,157,173,186,79,42,27,169,172,39,32,55,73,33,192,165,40,87,181,68,9,103,162,147,67,95,144,156,146,31,143,53,183,164,41,75,89,102,62,5,134,112,104,99,63,74,20,138,168,140,126,16,71,19,83,60,179,47,43,187,76,151,7,80,58,64,96,177,199,166,22,195,119,81,153,129,26,150,56,100,0,113,116,124,160,15,121];False
8643;6756;15399;[66,46,170,6,149,18,171,57,3,130,163,122,12,185,54,98,193,188,38,196,161,37,45,135,194,115,191,44,125,190,109,10,184,51,34,91,69,28,8,118,180,159,174,48,92,90,131,148,93,14,178,142,136,61,145,94,13,101,141,36,176,35,97,128,52,2,167,107,123,50,155,65,198,17,82,49,133,189,132,23,77,25,105,4,84,88,70,108,21,106,154,59,197,24,72,78,111,110,11,152,86,127,30,114,182,139,29,137,158,175,85,1,117,120,157,173,186,79,42,27,169,172,39,32,55,73,33,192,165,40,87,181,68,9,103,162,147,67,95,144,156,146,31,143,53,183,164,41,75,89,102,62,5,134,112,104,99,63,74,20,138,168,140,126,16,71,19,83,60,179,47,43,187,76,151,7,80,58,64,96,177,199,166,22,195,119,81,153,129,26,150,56,100,0,113,116,124,160,15,121];False
8157;7249;15406;[191,135,136,174,7,115,171,57,22,130,163,122,12,185,149,98,193,23,38,196,161,66,45,105,194,73,46,44,37,190,109,10,184,51,34,91,69,28,8,118,180,159,140,48,92,90,131,148,93,14,178,142,85,61,145,94,13,101,75,36,176,26,97,128,52,2,167,107,123,50,146,65,198,186,82,49,133,189,132,170,77,25,18,4,84,88,70,108,21,106,154,59,197,24,32,86,111,110,11,152,72,127,30,114,182,139,29,137,158,175,6,1,117,120,157,173,17,79,199,27,169,172,39,78,55,125,33,192,165,40,87,181,68,9,103,162,147,153,15,144,156,155,31,143,53,183,164,41,0,89,102,62,5,134,112,104,99,63,74,20,138,168,188,126,16,71,19,83,60,179,47,43,187,76,151,141,80,58,64,96,177,42,166,3,195,119,81,67,129,35,150,56,100,54,113,116,124,160,95,121];False
8186;7230;15416;[136,191,135,174,7,115,171,57,22,130,163,122,12,185,149,98,193,23,38,196,161,66,45,105,194,73,46,44,37,190,109,10,184,51,34,91,69,28,8,118,180,159,140,48,92,90,131,148,93,14,178,142,85,61,145,94,13,101,75,36,176,26,97,128,52,2,167,107,123,50,146,65,198,186,82,49,133,189,132,170,77,25,18,4,84,88,70,108,21,106,154,59,197,24,32,86,111,110,11,152,72,127,30,114,182,139,29,137,158,175,6,1,117,120,157,173,17,79,199,27,169,172,39,78,55,125,33,192,165,40,87,181,68,9,103,162,147,153,15,144,156,155,31,143,53,183,164,41,0,89,102,62,5,134,112,104,99,63,74,20,138,168,188,126,16,71,19,83,60,179,47,43,187,76,151,141,80,58,64,96,177,42,166,3,195,119,81,67,129,35,150,56,100,54,113,116,124,160,95,121];False
8757;6695;15452;[191,174,10,6,149,18,171,57,3,130,163,122,12,185,54,98,193,184,38,196,161,66,45,135,194,115,46,44,34,198,109,23,190,51,106,91,69,28,8,118,180,159,188,48,92,90,131,148,93,14,178,142,136,61,145,94,13,101,141,36,176,35,97,128,52,2,167,107,123,50,155,65,37,17,82,49,133,189,132,170,77,25,105,4,84,88,70,108,21,73,154,59,197,24,72,78,111,110,11,152,86,127,30,114,182,139,29,137,158,175,85,1,117,120,157,173,186,79,42,27,169,172,39,32,55,125,33,192,165,40,87,181,68,9,103,162,147,67,95,144,156,146,31,143,53,183,164,41,75,89,102,62,5,134,112,104,99,63,74,20,138,168,140,126,16,71,19,83,60,179,47,43,187,76,151,7,80,58,64,96,177,199,166,22,195,119,81,153,129,26,150,56,100,0,113,116,124,160,15,121];False
8487;7160;15647;[136,23,186,44,7,135,171,57,3,130,163,122,12,185,149,98,193,191,38,196,161,66,45,105,194,115,46,174,37,190,109,10,184,51,34,91,69,28,8,118,180,159,140,48,92,90,131,148,93,14,178,142,85,61,145,94,13,101,75,36,176,26,97,128,52,2,167,107,123,50,146,65,198,73,82,49,133,189,132,170,77,25,18,4,84,88,70,108,21,106,154,59,197,24,86,32,111,110,11,152,72,127,30,114,182,139,29,137,158,175,6,1,117,120,157,173,17,79,199,27,169,172,39,78,55,125,33,192,165,40,87,181,68,9,103,162,147,153,95,144,156,155,31,143,53,183,164,41,0,89,102,62,5,134,112,104,99,63,74,20,138,168,188,126,16,71,19,83,60,179,47,43,187,76,151,141,80,58,64,96,177,42,166,22,195,119,81,67,129,35,150,56,100,54,113,116,124,160,15,121];False
8370;7154;15524;[44,191,186,136,7,135,171,57,3,130,163,122,12,185,149,98,193,23,38,196,161,66,45,105,194,115,46,174,37,190,109,10,184,51,34,91,69,28,8,118,180,159,140,48,92,90,131,148,93,14,178,142,85,61,145,94,13,101,75,36,176,26,97,128,52,2,167,107,123,50,146,65,198,73,82,49,133,189,132,170,77,25,18,4,84,88,70,108,21,106,154,59,197,24,86,32,111,110,11,152,72,127,30,114,182,139,29,137,158,175,6,1,117,120,157,173,17,79,199,27,169,172,39,78,55,125,33,192,165,40,87,181,68,9,103,162,147,153,95,144,156,155,31,143,53,183,164,41,0,89,102,62,5,134,112,104,99,63,74,20,138,168,188,126,16,71,19,83,60,179,47,43,187,76,151,141,80,58,64,96,177,42,166,22,195,119,81,67,129,35,150,56,100,54,113,116,124,160,15,121];False
9007;6636;15643;[37,34,194,136,75,18,171,57,3,130,163,122,12,185,54,98,193,6,38,196,161,66,45,135,142,115,46,44,140,190,109,10,184,51,174,91,69,28,8,118,180,159,188,48,92,90,131,148,93,14,178,23,191,61,145,94,13,101,141,36,176,35,97,128,52,2,167,107,123,73,155,65,198,17,82,49,133,189,132,170,77,25,105,4,84,88,70,108,21,106,154,59,197,24,72,78,111,110,11,152,86,127,30,114,182,139,29,137,158,175,85,1,117,120,157,173,186,79,42,27,169,172,39,32,55,125,33,192,165,40,87,181,68,9,103,162,147,67,95,144,156,146,31,143,53,183,164,41,149,89,102,62,5,134,112,104,99,63,74,20,138,168,50,126,16,71,19,83,60,179,47,43,187,76,151,7,80,58,64,96,177,199,166,22,195,119,81,153,129,26,150,56,100,0,113,116,124,160,15,121];False
8876;6645;15521;[65,174,23,95,149,189,11,57,3,130,163,122,12,185,54,98,193,191,38,196,161,66,45,135,34,115,46,44,37,190,109,10,184,51,106,91,69,28,8,118,180,159,188,48,92,90,131,148,93,14,178,142,6,61,145,94,13,101,141,36,176,35,97,128,52,2,167,107,123,194,155,50,198,17,82,49,133,18,132,170,77,25,105,4,84,88,70,108,21,73,154,59,197,24,72,78,111,110,171,152,86,127,30,114,182,139,29,137,158,175,85,1,117,120,157,173,186,79,42,27,169,172,39,32,55,125,33,192,165,40,87,181,68,9,103,162,147,67,136,144,156,146,31,143,53,183,164,41,75,89,102,62,5,134,112,104,99,63,74,20,138,168,140,126,16,71,19,83,60,179,47,43,187,76,151,7,80,58,64,96,177,199,166,22,195,119,81,153,129,26,150,56,100,0,113,116,124,160,15,121];True
9033;6611;15644;[73,174,67,142,149,18,171,57,3,130,163,122,12,185,54,98,193,6,38,196,115,66,45,135,194,136,46,44,37,190,109,10,184,51,34,91,69,28,8,118,180,159,188,48,92,90,131,148,93,14,178,161,191,61,145,94,13,101,141,36,176,35,97,128,52,2,167,107,123,50,155,65,198,17,82,49,133,189,132,170,77,25,105,4,84,88,70,108,21,106,154,59,197,24,72,78,111,110,11,152,86,127,30,114,182,139,29,137,158,175,85,1,117,120,157,173,186,79,42,27,169,172,39,32,55,125,33,192,165,40,87,181,68,9,103,162,147,23,95,144,156,146,31,143,53,183,164,41,75,89,102,62,5,134,112,104,99,63,74,20,138,168,140,126,16,71,19,83,60,179,47,43,187,76,151,7,80,58,64,96,177,199,166,22,195,119,81,153,129,26,150,56,100,0,113,116,124,160,15,121];True
9856;6551;16407;[50,174,23,91,75,18,171,57,3,130,163,59,12,185,0,98,193,6,38,196,161,66,45,135,194,115,46,44,37,190,109,10,184,51,34,136,69,28,8,118,180,159,188,48,92,90,131,148,93,14,178,142,191,61,145,94,13,101,7,89,176,35,97,128,52,2,167,107,123,73,155,65,198,17,82,49,133,189,132,170,77,25,105,4,84,88,70,108,21,106,154,122,197,24,72,78,111,110,11,152,86,127,30,114,182,139,29,137,158,175,85,1,117,120,157,173,186,79,42,27,169,172,39,32,55,125,33,192,165,40,87,181,68,9,103,162,147,67,95,144,156,146,31,143,53,183,164,41,149,36,102,62,5,134,112,104,99,63,74,20,138,168,140,126,16,71,19,83,60,179,47,43,187,76,151,141,80,58,64,96,177,199,166,22,195,119,81,153,129,26,150,56,100,54,113,116,124,160,15,121];False
2060;8134;10194;[34,122,25,48,10,176,83,129,8,84,67,184,92,108,21,99,16,77,112,150,56,18,62,120,24,197,26,9,143,20,3,2,121,160,74,106,130,22,38,45,124,94,161,1,165,153,187,127,39,107,87,76,50,53,93,23,30,134,137,86,69,64,101,151,54,158,199,6,117,98,19,110,81,52,182,28,162,78,60,79,185,148,167,61,41,36,46,131,59,133,96,157,138,178,164,173,66,126,198,159,140,118,109,29,154,156,142,15,135,146,43,128,85,152,172,12,181,82,192,139,33,13,111,195,40,37,71,35,88,171,189,194,31,68,116,57,0,113,196,89,5,141,119,4,183,63,51,72,147,65,102,115,14,49,55,155,73,75,80,114,177,169,191,11,104,180,163,170,95,91,90,125,149,32,97,58,100,7,175,179,27,193,136,144,70,168,17,103,105,174,190,188,186,145,42,47,132,166,123,44];True
1899;8329;10228;[99,76,25,48,10,176,83,129,8,84,67,61,74,108,21,174,16,77,112,150,56,18,62,120,24,197,26,9,143,28,3,2,121,160,92,106,130,22,38,34,124,94,161,1,165,153,187,127,39,107,87,122,50,53,93,23,30,134,137,86,69,64,101,151,54,158,199,6,117,98,19,110,81,52,182,45,162,78,180,79,185,148,167,73,41,36,46,131,59,133,96,157,138,178,164,173,66,126,198,159,140,118,109,29,154,156,142,15,135,60,43,128,85,152,172,12,181,82,192,139,33,13,111,195,40,37,71,35,88,171,189,194,31,68,116,57,0,113,196,89,5,141,119,4,183,63,51,72,147,65,102,115,14,49,55,155,184,75,80,114,177,169,191,11,104,20,163,170,95,91,90,125,149,32,97,58,100,7,175,179,27,193,136,144,70,168,17,103,105,146,190,188,186,145,42,47,132,166,123,44];True
2363;8016;10379;[34,67,112,93,10,176,83,129,8,84,122,73,74,108,21,99,16,77,25,150,56,18,62,120,24,197,26,9,143,20,3,2,121,160,142,49,130,22,38,146,124,94,161,1,165,153,187,127,39,107,87,76,50,53,135,23,30,134,137,86,69,64,101,151,54,158,199,6,117,98,19,110,81,52,182,28,162,78,60,79,185,148,167,61,41,36,46,131,59,133,96,157,138,178,164,173,66,126,198,159,140,118,109,29,154,156,106,71,48,92,43,128,85,152,172,12,181,82,192,139,33,13,111,195,40,37,15,35,88,171,189,194,102,68,116,57,0,113,196,89,5,141,119,4,183,63,51,72,147,65,31,115,14,45,55,155,184,75,80,114,177,169,191,11,104,180,163,170,95,91,90,125,149,32,97,58,100,7,175,179,27,193,136,144,70,168,17,103,105,174,190,188,186,145,42,47,132,166,123,44];True
2475;8005;10480;[73,174,1,150,10,176,83,129,8,84,67,56,74,108,21,99,16,77,112,48,20,18,62,120,24,197,26,9,143,69,3,2,121,160,92,49,130,22,40,34,124,94,161,38,165,153,187,127,39,107,87,76,50,53,93,23,30,134,137,86,122,64,101,151,54,158,199,6,117,98,186,110,81,52,182,28,162,78,60,79,185,148,167,61,41,36,46,131,59,133,96,157,138,178,164,173,66,126,198,159,140,118,109,29,154,156,106,71,135,146,43,128,85,152,172,12,181,82,192,139,33,13,111,195,25,37,15,35,88,171,189,194,31,68,116,57,0,113,196,89,5,141,119,4,183,63,51,72,147,65,102,115,14,45,55,155,184,75,80,114,177,169,191,11,104,180,163,170,95,91,90,125,149,32,97,58,100,7,175,179,27,193,136,144,70,168,17,103,105,142,190,188,19,145,42,47,132,166,123,44];False
2728;7955;10683;[16,67,38,150,10,176,83,129,8,146,99,73,74,56,21,92,69,77,112,48,108,18,62,120,24,197,26,9,143,20,3,2,121,160,84,49,130,22,40,34,124,94,161,1,165,153,187,127,39,107,87,76,50,53,93,23,30,134,137,86,122,64,101,151,54,158,199,6,117,98,186,110,81,52,182,28,162,78,60,79,185,148,167,61,41,36,46,131,59,133,96,157,138,178,164,173,66,126,198,159,140,118,109,29,154,156,106,71,135,174,43,128,85,152,172,12,181,82,192,139,33,13,111,195,25,37,15,35,88,171,189,194,31,68,116,57,0,113,196,89,5,141,119,4,183,63,51,72,147,65,102,115,14,45,55,155,184,75,80,114,177,169,191,11,104,180,163,170,95,91,90,125,149,32,97,58,100,7,175,179,27,193,136,144,70,168,17,103,105,142,190,188,19,145,42,47,132,166,123,44];False
1746;8946;10692;[90,67,103,105,10,1,2,129,193,8,122,73,140,118,48,99,141,17,45,15,173,18,25,120,24,197,26,9,109,20,146,49,147,65,92,142,130,22,38,34,3,94,75,12,165,153,187,127,39,107,87,76,50,53,93,23,30,134,58,86,181,82,101,151,54,158,121,6,117,98,78,110,81,52,108,74,183,192,135,79,185,148,167,61,59,36,46,5,41,133,96,157,138,178,152,56,66,126,198,159,174,19,51,29,154,156,160,71,69,190,43,128,85,164,111,83,40,124,150,139,33,13,172,195,182,37,60,35,88,145,189,194,31,171,116,57,186,113,196,89,162,106,119,28,4,97,131,0,199,62,102,115,14,114,55,155,184,161,80,137,177,169,191,11,104,180,163,170,95,91,84,125,149,32,68,63,100,7,175,143,27,16,136,144,70,168,64,112,21,72,77,188,179,176,42,47,132,166,123,44];False
1703;8972;10675;[34,51,112,48,174,1,2,129,8,84,122,107,101,118,105,10,116,17,193,15,173,18,25,120,24,197,26,9,109,20,146,49,45,65,92,142,130,22,38,147,3,94,75,12,165,153,187,127,39,73,87,76,50,53,93,27,30,134,137,86,181,82,23,151,54,158,121,6,117,98,78,110,81,52,108,74,183,83,135,79,185,148,167,61,59,36,46,5,41,133,96,157,138,178,152,56,66,126,198,159,140,19,131,29,154,156,160,71,69,190,43,128,85,164,111,192,40,124,150,139,33,13,172,195,182,37,60,35,88,145,189,194,31,171,141,57,186,113,196,89,162,106,119,28,4,97,67,0,199,62,102,115,14,114,55,155,184,161,80,58,177,169,191,11,104,180,163,170,95,91,90,125,149,32,68,63,100,7,175,143,99,16,136,144,70,168,64,103,21,72,77,188,179,176,42,47,132,166,123,44];False
1843;8910;10753;[108,106,84,193,10,1,2,129,8,48,122,107,34,118,105,99,141,17,45,15,173,18,25,120,24,197,26,9,109,20,146,49,147,65,92,142,130,22,38,174,3,94,75,112,165,153,187,127,39,73,87,76,50,143,93,23,30,134,58,86,181,82,101,151,54,158,121,6,117,98,78,110,81,52,53,74,183,192,135,79,185,148,167,61,59,36,46,5,41,133,96,157,138,178,152,56,66,126,198,159,140,19,51,29,154,156,160,71,69,190,43,128,85,164,111,83,40,124,150,139,33,13,172,195,182,37,60,35,88,145,189,194,31,171,116,57,186,113,196,89,162,67,119,28,4,97,131,0,199,62,102,115,14,114,55,155,184,161,80,137,177,169,191,11,104,180,163,170,95,91,90,125,149,32,68,63,100,7,175,12,27,16,136,144,70,168,64,103,21,72,77,188,179,176,42,47,132,166,123,44];False
1574;9039;10613;[142,67,112,48,10,1,2,129,8,84,122,107,101,118,105,99,106,17,45,15,173,18,25,120,24,197,26,9,109,20,146,180,147,65,92,49,130,22,38,34,3,94,75,12,165,153,187,127,39,73,87,76,50,53,93,27,30,134,137,86,181,82,23,151,54,158,121,6,117,98,78,110,81,52,108,74,183,83,135,79,185,148,167,61,59,36,46,5,41,133,96,157,138,178,152,56,66,126,198,159,140,19,131,29,154,156,160,71,69,190,43,128,85,164,111,192,40,124,150,139,33,13,172,195,182,149,60,35,88,145,189,194,31,171,116,57,186,113,196,89,162,141,119,28,4,97,51,0,199,62,102,115,14,114,55,155,184,161,80,58,177,169,191,11,104,193,163,170,95,91,90,125,37,32,68,63,100,7,175,143,174,16,136,144,70,168,64,103,21,72,77,188,179,176,42,47,132,166,123,44];True
1760;8940;10700;[34,49,112,48,10,1,2,129,8,84,122,107,118,19,105,99,141,17,193,15,173,18,25,120,24,197,26,9,109,20,3,114,147,65,92,142,130,22,38,174,67,94,75,12,165,153,187,127,39,73,87,76,50,53,93,23,30,134,58,86,181,82,101,151,54,158,121,6,117,98,78,110,81,52,108,74,183,192,135,79,185,148,167,61,59,36,46,5,41,133,96,157,138,178,152,56,66,126,106,159,140,146,51,29,154,156,160,71,69,190,43,128,85,164,111,83,40,124,150,139,33,13,172,195,182,149,60,35,88,145,189,194,31,171,116,57,186,113,196,89,162,198,119,28,4,97,131,0,199,62,102,115,14,45,55,155,184,161,80,137,177,169,191,11,104,180,163,170,95,91,90,125,37,32,68,63,100,7,175,143,27,16,136,144,70,168,64,103,21,72,77,188,179,176,42,47,132,166,123,44];False
6585;7890;14475;[174,132,199,135,66,169,171,57,7,130,163,122,12,22,149,98,193,191,38,196,161,136,45,105,194,115,46,44,139,190,109,111,184,51,34,91,69,28,8,118,180,27,140,48,92,90,131,148,9,14,3,142,29,61,145,94,13,101,75,36,176,26,164,128,52,2,167,170,123,50,146,71,198,73,82,49,133,166,186,107,77,159,18,4,181,88,70,108,21,106,154,59,197,24,32,195,10,110,11,152,72,127,30,114,182,37,85,55,158,175,6,1,117,120,157,173,17,79,185,102,23,172,39,78,83,125,33,35,165,40,87,84,68,93,103,65,147,153,15,144,156,155,31,143,53,183,97,41,0,89,25,62,5,134,112,104,99,160,74,20,138,168,188,126,16,162,19,137,60,179,47,43,187,76,151,141,80,58,64,96,177,42,189,178,86,119,81,67,129,192,150,56,100,54,113,116,124,63,95,121];False
6547;7880;14427;[174,171,199,169,66,135,132,57,7,130,163,122,12,22,149,98,193,191,38,196,161,136,45,105,194,115,46,44,139,190,109,111,184,51,34,91,69,28,8,118,180,27,140,48,92,90,131,148,9,14,3,142,29,61,145,94,13,101,75,36,176,26,164,128,52,2,167,170,123,50,146,71,198,73,82,49,133,166,186,107,77,159,18,4,181,88,70,108,21,106,154,59,197,24,32,195,10,110,11,152,72,127,30,114,182,37,85,55,158,175,6,1,117,120,157,173,17,79,185,102,23,172,39,78,83,125,33,35,165,40,87,84,68,93,103,65,147,153,15,144,156,155,31,143,53,183,97,41,0,89,25,62,5,134,112,104,99,160,74,20,138,168,188,126,16,162,19,137,60,179,47,43,187,76,151,141,80,58,64,96,177,42,189,178,86,119,81,67,129,192,150,56,100,54,113,116,124,63,95,121];False
6739;7848;14587;[115,169,22,132,3,135,171,57,7,130,163,122,12,199,149,98,193,191,38,196,161,66,45,105,194,136,46,44,139,190,109,111,184,51,146,91,69,28,8,118,180,27,140,48,92,90,131,148,9,14,198,142,29,61,145,94,13,101,75,36,176,26,164,128,52,2,167,170,123,50,34,71,174,73,82,49,133,166,186,107,77,159,18,4,181,88,70,108,21,106,154,59,197,24,32,195,10,110,11,152,72,127,30,114,182,37,85,55,158,175,6,1,117,120,157,173,17,79,185,102,23,172,39,78,83,125,33,35,165,40,87,84,68,93,103,65,147,153,15,144,156,155,31,143,53,183,97,41,0,89,25,62,5,134,112,104,99,160,74,20,138,168,188,126,16,162,19,137,60,179,47,43,187,76,151,141,80,58,64,96,177,42,189,178,86,119,81,67,129,192,150,56,100,54,113,116,124,63,95,121];False
6953;7811;14764;[146,174,22,66,7,135,171,57,23,130,163,122,12,199,149,98,193,191,38,196,161,136,45,105,184,115,46,44,139,190,109,111,194,51,124,91,69,28,8,118,180,25,140,48,92,90,131,148,9,14,3,142,29,61,145,94,13,101,75,36,176,26,164,128,52,2,167,107,123,50,34,71,198,132,82,49,133,189,186,170,77,159,18,4,181,88,70,108,21,106,154,59,197,24,32,195,10,110,11,152,72,127,30,114,182,37,85,55,158,175,6,1,117,120,157,173,17,79,185,102,169,172,39,78,83,125,33,35,165,40,87,84,68,93,103,65,147,153,15,144,156,155,31,143,53,183,97,41,0,89,27,62,5,134,112,104,99,160,74,20,138,168,188,126,16,162,19,137,60,179,47,43,187,76,151,141,80,58,64,96,177,42,166,178,86,119,81,67,129,192,150,56,100,54,113,116,73,63,95,121];False
7115;7784;14899;[191,71,22,23,174,135,171,57,7,130,163,122,12,199,149,98,193,136,38,196,161,66,45,105,194,115,46,44,139,190,109,111,184,51,34,91,69,28,8,118,180,159,140,48,92,90,131,148,9,14,3,142,29,61,145,94,13,101,75,36,176,26,164,128,52,2,167,107,123,73,146,50,198,132,82,49,133,189,186,170,77,25,18,4,181,88,70,108,21,106,154,59,197,24,32,195,10,110,11,152,72,127,30,114,182,37,85,55,158,175,6,1,117,120,157,173,17,79,185,102,169,172,39,78,83,125,33,35,165,40,87,84,68,93,103,65,147,153,15,144,156,155,31,143,53,183,97,41,0,89,27,62,5,134,112,104,99,160,74,20,138,168,188,126,16,162,19,137,60,179,47,43,187,76,151,141,80,58,64,96,177,42,166,178,86,119,81,67,129,192,150,56,100,54,113,116,124,63,95,121];False
7179;7734;14913;[135,136,22,23,71,174,171,57,7,130,163,122,12,199,149,98,193,191,38,196,161,66,45,105,194,115,46,44,139,190,109,111,184,51,34,91,69,28,8,118,180,159,140,48,92,90,131,148,9,14,3,142,29,61,145,94,13,101,75,36,176,26,164,128,52,2,167,107,123,73,146,50,198,132,82,49,133,189,186,170,77,25,18,4,181,88,70,108,21,106,154,59,197,24,32,195,10,110,11,152,72,127,30,114,182,37,85,55,158,175,6,1,117,120,157,173,17,79,185,102,169,172,39,78,83,125,33,35,165,40,87,84,68,93,103,65,147,153,15,144,156,155,31,143,53,183,97,41,0,89,27,62,5,134,112,104,99,160,74,20,138,168,188,126,16,162,19,137,60,179,47,43,187,76,151,141,80,58,64,96,177,42,166,178,86,119,81,67,129,192,150,56,100,54,113,116,124,63,95,121];False
7355;7666;15021;[20,15,23,182,32,87,75,88,171,163,86,12,6,185,0,73,65,160,38,196,132,14,194,191,174,3,157,183,37,138,184,115,25,99,108,35,193,28,8,154,13,198,188,55,44,94,131,47,68,123,106,78,52,91,69,61,176,59,11,57,189,26,175,62,120,2,89,107,48,63,29,164,4,126,41,114,112,165,153,7,77,177,169,72,84,85,66,45,124,51,90,134,197,168,74,142,101,81,36,145,100,111,122,98,139,105,180,67,158,30,40,96,76,93,150,173,46,10,42,27,24,187,39,95,1,125,33,127,128,129,18,181,148,9,103,92,136,137,43,53,146,190,31,82,144,121,162,147,149,152,49,151,97,130,113,155,17,21,34,159,109,135,140,50,16,118,166,80,133,178,170,199,172,79,117,102,110,60,64,179,58,161,192,22,195,83,186,54,119,167,71,56,5,141,19,116,70,104,143,156];False
7244;7716;14960;[12,32,23,15,194,87,182,88,171,163,86,75,6,185,0,73,65,160,38,196,132,14,20,191,174,3,157,183,37,138,184,115,25,99,108,35,193,28,8,154,13,198,188,55,44,94,131,47,68,123,106,78,52,91,69,61,176,59,11,57,189,26,175,62,120,2,89,107,48,63,29,164,4,126,41,114,112,165,153,7,77,177,169,72,84,85,66,45,124,51,90,134,197,168,74,142,101,81,36,145,100,111,122,98,139,105,180,67,158,30,40,96,76,93,150,173,46,10,42,27,24,187,39,95,1,125,33,127,128,129,18,181,148,9,103,92,136,137,43,53,146,190,31,82,144,121,162,147,149,152,49,151,97,130,113,155,17,21,34,159,109,135,140,50,16,118,166,80,133,178,170,199,172,79,117,102,110,60,64,179,58,161,192,22,195,83,186,54,119,167,71,56,5,141,19,116,70,104,143,156];False
7470;7618;15088;[22,135,23,171,7,136,44,57,37,130,163,122,12,185,149,98,193,191,38,196,161,66,45,105,194,115,46,73,174,190,109,111,184,51,34,91,69,28,8,118,180,159,140,48,92,90,131,148,9,14,3,142,85,61,145,94,13,101,75,36,176,26,164,128,52,2,167,107,123,50,146,65,198,186,82,49,133,189,132,170,77,25,18,4,84,88,70,108,21,106,154,59,197,24,32,195,10,110,11,152,72,127,30,114,182,139,29,137,158,175,6,1,117,120,157,173,17,79,199,102,169,172,39,78,83,125,33,192,165,40,87,181,68,93,103,162,147,153,15,144,156,155,31,143,53,183,97,41,0,89,27,62,5,134,112,104,99,160,74,20,138,168,188,126,16,71,19,55,60,179,47,43,187,76,151,141,80,58,64,96,177,42,166,178,86,119,81,67,129,35,150,56,100,54,113,116,124,63,95,121];False
7659;7566;15225;[198,135,23,136,7,174,171,57,22,130,163,122,12,185,149,98,193,191,38,196,161,66,45,105,194,115,46,44,37,190,109,111,184,51,106,91,69,28,8,118,180,159,140,48,92,90,131,148,9,14,3,142,85,61,145,94,13,101,75,36,176,26,164,128,52,2,167,107,123,50,146,65,34,186,82,49,133,189,132,170,77,25,18,4,84,88,70,108,21,73,154,59,197,24,32,195,10,110,11,152,72,127,30,114,182,139,29,137,158,175,6,1,117,120,157,173,17,79,199,102,169,172,39,78,83,125,33,192,165,40,87,181,68,93,103,162,147,153,15,144,156,155,31,143,53,183,97,41,0,89,27,62,5,134,112,104,99,160,74,20,138,168,188,126,16,71,19,55,60,179,47,43,187,76,151,141,80,58,64,96,177,42,166,178,86,119,81,67,129,35,150,56,100,54,113,116,124,63,95,121];False
7715;7493;15208;[171,135,7,161,136,115,174,57,22,130,163,122,12,185,149,98,193,23,38,196,198,66,45,105,194,191,46,44,48,190,109,10,184,51,34,91,69,28,8,118,180,159,140,73,92,90,131,148,93,14,178,142,85,61,145,94,13,101,75,36,176,26,164,128,52,2,167,107,123,50,146,65,37,186,82,49,133,189,132,170,77,25,18,4,84,88,70,108,21,106,154,59,197,24,32,195,111,110,11,152,72,127,30,114,182,139,29,137,158,175,6,1,117,120,157,173,17,79,199,27,169,172,39,78,55,125,33,192,165,40,87,181,68,9,103,162,147,153,15,144,156,155,31,143,53,183,97,41,0,89,102,62,5,134,112,104,99,160,74,20,138,168,188,126,16,71,19,83,60,179,47,43,187,76,151,141,80,58,64,96,177,42,166,3,86,119,81,67,129,35,150,56,100,54,113,116,124,63,95,121];False
8547;6847;15394;[171,18,10,6,149,170,44,57,3,130,191,122,12,185,54,98,193,37,38,196,161,66,45,135,194,115,46,163,125,190,109,174,184,51,34,91,69,28,8,118,180,159,188,48,92,90,131,148,93,14,178,142,136,61,145,94,13,101,141,36,176,35,97,128,52,2,167,107,123,50,155,65,198,17,82,49,133,189,132,23,77,25,105,4,84,88,70,108,21,106,154,59,197,24,72,78,111,110,11,152,86,127,30,114,182,139,29,137,158,175,85,1,117,120,157,173,186,79,42,27,169,172,39,32,55,73,33,192,165,40,87,181,68,9,103,162,147,67,95,144,156,146,31,143,53,183,164,41,75,89,102,62,5,134,112,104,99,63,74,20,138,168,140,126,16,71,19,83,60,179,47,43,187,76,151,7,80,58,64,96,177,199,166,22,195,119,81,153,129,26,150,56,100,0,113,116,124,160,15,121];False
8564;6808;15372;[44,98,10,6,149,170,171,57,3,130,191,122,12,185,54,18,193,37,38,196,161,66,45,135,194,115,46,163,125,190,109,174,184,51,34,91,69,28,8,118,180,159,188,48,92,90,131,148,93,14,178,142,136,61,145,94,13,101,141,36,176,35,97,128,52,2,167,107,123,50,155,65,198,17,82,49,133,189,132,23,77,25,105,4,84,88,70,108,21,106,154,59,197,24,72,78,111,110,11,152,86,127,30,114,182,139,29,137,158,175,85,1,117,120,157,173,186,79,42,27,169,172,39,32,55,73,33,192,165,40,87,181,68,9,103,162,147,67,95,144,156,146,31,143,53,183,164,41,75,89,102,62,5,134,112,104,99,63,74,20,138,168,140,126,16,71,19,83,60,179,47,43,187,76,151,7,80,58,64,96,177,199,166,22,195,119,81,153,129,26,150,56,100,0,113,116,124,160,15,121];False
8626;6779;15405;[170,46,66,6,149,18,171,57,3,130,163,122,12,185,54,98,193,188,38,196,161,37,45,135,194,115,191,44,125,190,109,10,184,51,34,91,69,28,8,118,180,159,174,48,92,90,131,148,93,14,178,142,136,61,145,94,13,101,141,36,176,35,97,128,52,2,167,107,123,50,155,65,198,17,82,49,133,189,132,23,77,25,105,4,84,88,70,108,21,106,154,59,197,24,72,78,111,110,11,152,86,127,30,114,182,139,29,137,158,175,85,1,117,120,157,173,186,79,42,27,169,172,39,32,55,73,33,192,165,40,87,181,68,9,103,162,147,67,95,144,156,146,31,143,53,183,164,41,75,89,102,62,5,134,112,104,99,63,74,20,138,168,140,126,16,71,19,83,60,179,47,43,187,76,151,7,80,58,64,96,177,199,166,22,195,119,81,153,129,26,150,56,100,0,113,116,124,160,15,121];False
8200;7219;15419;[174,135,136,191,7,115,171,57,22,130,163,122,12,185,149,98,193,23,38,196,161,66,45,105,194,73,46,44,37,190,109,10,184,51,34,91,69,28,8,118,180,159,140,48,92,90,131,148,93,14,178,142,85,61,145,94,13,101,75,36,176,26,97,128,52,2,167,107,123,50,146,65,198,186,82,49,133,189,132,170,77,25,18,4,84,88,70,108,21,106,154,59,197,24,32,86,111,110,11,152,72,127,30,114,182,139,29,137,158,175,6,1,117,120,157,173,17,79,199,27,169,172,39,78,55,125,33,192,165,40,87,181,68,9,103,162,147,153,15,144,156,155,31,143,53,183,164,41,0,89,102,62,5,134,112,104,99,63,74,20,138,168,188,126,16,71,19,83,60,179,47,43,187,76,151,141,80,58,64,96,177,42,166,3,195,119,81,67,129,35,150,56,100,54,113,116,124,160,95,121];False
8236;7214;15450;[174,191,135,136,7,115,171,57,22,130,163,122,12,185,149,98,193,23,38,196,161,66,45,105,194,73,46,44,37,190,109,10,184,51,34,91,69,28,8,118,180,159,140,48,92,90,131,148,93,14,178,142,85,61,145,94,13,101,75,36,176,26,97,128,52,2,167,107,123,50,146,65,198,186,82,49,133,189,132,170,77,25,18,4,84,88,70,108,21,106,154,59,197,24,32,86,111,110,11,152,72,127,30,114,182,139,29,137,158,175,6,1,117,120,157,173,17,79,199,27,169,172,39,78,55,125,33,192,165,40,87,181,68,9,103,162,147,153,15,144,156,155,31,143,53,183,164,41,0,89,102,62,5,134,112,104,99,63,74,20,138,168,188,126,16,71,19,83,60,179,47,43,187,76,151,141,80,58,64,96,177,42,166,3,195,119,81,67,129,35,150,56,100,54,113,116,124,160,95,121];False
8857;6666;15523;[174,191,10,6,149,18,171,57,3,130,163,122,12,185,54,98,193,184,38,196,161,66,45,135,194,115,46,44,34,198,109,23,190,51,106,91,69,28,8,118,180,159,188,48,92,90,131,148,93,14,178,142,136,61,145,94,13,101,141,36,176,35,97,128,52,2,167,107,123,50,155,65,37,17,82,49,133,189,132,170,77,25,105,4,84,88,70,108,21,73,154,59,197,24,72,78,111,110,11,152,86,127,30,114,182,139,29,137,158,175,85,1,117,120,157,173,186,79,42,27,169,172,39,32,55,125,33,192,165,40,87,181,68,9,103,162,147,67,95,144,156,146,31,143,53,183,164,41,75,89,102,62,5,134,112,104,99,63,74,20,138,168,140,126,16,71,19,83,60,179,47,43,187,76,151,7,80,58,64,96,177,199,166,22,195,119,81,153,129,26,150,56,100,0,113,116,124,160,15,121];True
8730;6728;15458;[161,174,10,6,149,18,171,57,3,130,163,122,12,185,54,98,193,184,38,196,191,66,45,135,194,115,46,44,34,198,109,23,190,51,106,91,69,28,8,118,180,159,188,48,92,90,131,148,93,14,178,142,136,61,145,94,13,101,141,36,176,35,97,128,52,2,167,107,123,50,155,65,37,17,82,49,133,189,132,170,77,25,105,4,84,88,70,108,21,73,154,59,197,24,72,78,111,110,11,152,86,127,30,114,182,139,29,137,158,175,85,1,117,120,157,173,186,79,42,27,169,172,39,32,55,125,33,192,165,40,87,181,68,9,103,162,147,67,95,144,156,146,31,143,53,183,164,41,75,89,102,62,5,134,112,104,99,63,74,20,138,168,140,126,16,71,19,83,60,179,47,43,187,76,151,7,80,58,64,96,177,199,166,22,195,119,81,153,129,26,150,56,100,0,113,116,124,160,15,121];False
8274;7168;15442;[136,191,186,44,7,135,171,57,3,130,163,122,12,185,149,98,193,23,38,196,161,66,45,105,194,115,46,174,37,190,109,10,184,51,34,91,69,28,8,118,180,159,140,48,92,90,131,148,93,14,178,142,85,61,145,94,13,101,75,36,176,26,97,128,52,2,167,107,123,50,146,65,198,73,82,49,133,189,132,170,77,25,18,4,84,88,70,108,21,106,154,59,197,24,86,32,111,110,11,152,72,127,30,114,182,139,29,137,158,175,6,1,117,120,157,173,17,79,199,27,169,172,39,78,55,125,33,192,165,40,87,181,68,9,103,162,147,153,95,144,156,155,31,143,53,183,164,41,0,89,102,62,5,134,112,104,99,63,74,20,138,168,188,126,16,71,19,83,60,179,47,43,187,76,151,141,80,58,64,96,177,42,166,22,195,119,81,67,129,35,150,56,100,54,113,116,124,160,15,121];False
8993;6616;15609;[34,37,194,136,75,18,171,57,3,130,163,122,12,185,54,98,193,6,38,196,161,66,45,135,142,115,46,44,140,190,109,10,184,51,174,91,69,28,8,118,180,159,188,48,92,90,131,148,93,14,178,23,191,61,145,94,13,101,141,36,176,35,97,128,52,2,167,107,123,73,155,65,198,17,82,49,133,189,132,170,77,25,105,4,84,88,70,108,21,106,154,59,197,24,72,78,111,110,11,152,86,127,30,114,182,139,29,137,158,175,85,1,117,120,157,173,186,79,42,27,169,172,39,32,55,125,33,192,165,40,87,181,68,9,103,162,147,67,95,144,156,146,31,143,53,183,164,41,149,89,102,62,5,134,112,104,99,63,74,20,138,168,50,126,16,71,19,83,60,179,47,43,187,76,151,7,80,58,64,96,177,199,166,22,195,119,81,153,129,26,150,56,100,0,113,116,124,160,15,121];True
8804;6687;15491;[46,174,23,95,149,189,11,57,3,130,163,122,12,185,54,98,193,191,38,196,161,66,45,135,34,115,65,44,37,190,109,10,184,51,106,91,69,28,8,118,180,159,188,48,92,90,131,148,93,14,178,142,6,61,145,94,13,101,141,36,176,35,97,128,52,2,167,107,123,194,155,50,198,17,82,49,133,18,132,170,77,25,105,4,84,88,70,108,21,73,154,59,197,24,72,78,111,110,171,152,86,127,30,114,182,139,29,137,158,175,85,1,117,120,157,173,186,79,42,27,169,172,39,32,55,125,33,192,165,40,87,181,68,9,103,162,147,67,136,144,156,146,31,143,53,183,164,41,75,89,102,62,5,134,112,104,99,63,74,20,138,168,140,126,16,71,19,83,60,179,47,43,187,76,151,7,80,58,64,96,177,199,166,22,195,119,81,153,129,26,150,56,100,0,113,116,124,160,15,121];False
8975;6637;15612;[63,174,67,142,149,18,171,57,3,130,163,122,12,185,54,98,193,6,38,196,115,66,45,135,194,136,46,44,37,190,109,10,184,51,34,91,69,28,8,118,180,159,188,48,92,90,131,148,93,14,178,161,191,61,145,94,13,101,141,36,176,35,97,128,52,2,167,107,123,50,155,65,198,17,82,49,133,189,132,170,77,25,105,4,84,88,70,108,21,106,154,59,197,24,72,78,111,110,11,152,86,127,30,114,182,139,29,137,158,175,85,1,117,120,157,173,186,79,42,27,169,172,39,32,55,125,33,192,165,40,87,181,68,9,103,162,147,23,95,144,156,146,31,143,53,183,164,41,75,89,102,62,5,134,112,104,99,73,74,20,138,168,140,126,16,71,19,83,60,179,47,43,187,76,151,7,80,58,64,96,177,199,166,22,195,119,81,153,129,26,150,56,100,0,113,116,124,160,15,121];False
9805;6552;16357;[73,174,23,91,75,18,171,57,3,130,163,59,12,185,0,98,193,6,38,196,161,66,45,135,194,115,46,44,37,190,109,10,184,51,34,136,69,28,8,118,180,159,188,48,92,90,131,148,93,14,178,142,191,61,145,94,13,101,7,89,176,35,97,128,52,2,167,107,123,50,155,65,198,17,82,49,133,189,132,170,77,25,105,4,84,88,70,108,21,106,154,122,197,24,72,78,111,110,11,152,86,127,30,114,182,139,29,137,158,175,85,1,117,120,157,173,186,79,42,27,169,172,39,32,55,125,33,192,165,40,87,181,68,9,103,162,147,67,95,144,156,146,31,143,53,183,164,41,149,36,102,62,5,134,112,104,99,63,74,20,138,168,140,126,16,71,19,83,60,179,47,43,187,76,151,141,80,58,64,96,177,199,166,22,195,119,81,153,129,26,150,56,100,54,113,116,124,160,15,121];False
2049;8146;10195;[34,122,25,48,10,176,83,129,8,84,67,118,92,108,21,99,16,77,112,150,56,18,62,120,24,197,26,9,143,20,3,2,121,160,74,106,130,22,38,45,124,94,161,1,165,153,187,127,39,107,87,76,50,53,93,23,30,134,137,86,69,64,101,151,54,158,199,6,117,98,19,110,81,52,182,28,162,78,60,79,185,148,167,61,41,36,46,131,59,133,96,157,138,178,164,173,66,126,198,159,140,184,109,29,154,156,142,15,135,146,43,128,85,152,172,12,181,82,192,139,33,13,111,195,40,37,71,35,88,171,189,194,31,68,116,57,0,113,196,89,5,141,119,4,183,63,51,72,147,65,102,115,14,49,55,155,73,75,80,114,177,169,191,11,104,180,163,170,95,91,90,125,149,32,97,58,100,7,175,179,27,193,136,144,70,168,17,103,105,174,190,188,186,145,42,47,132,166,123,44];False
1896;8379;10275;[2,76,25,48,10,176,83,129,8,84,67,61,74,108,21,174,16,77,112,150,56,18,62,120,24,197,26,9,143,28,3,99,121,160,92,106,130,22,38,34,124,94,161,1,165,153,187,127,39,107,87,122,50,53,93,23,30,134,137,86,69,64,101,151,54,158,199,6,117,98,19,110,81,52,182,45,162,78,180,79,185,148,167,73,41,36,46,131,59,133,96,157,138,178,164,173,66,126,198,159,140,118,109,29,154,156,142,15,135,60,43,128,85,152,172,12,181,82,192,139,33,13,111,195,40,37,71,35,88,171,189,194,31,68,116,57,0,113,196,89,5,141,119,4,183,63,51,72,147,65,102,115,14,49,55,155,184,75,80,114,177,169,191,11,104,20,163,170,95,91,90,125,149,32,97,58,100,7,175,179,27,193,136,144,70,168,17,103,105,146,190,188,186,145,42,47,132,166,123,44];False
2455;8013;10468;[198,67,112,93,10,176,83,129,8,84,122,73,74,108,21,99,16,77,25,150,56,18,62,120,24,197,26,9,143,20,3,2,121,160,142,49,130,22,38,146,124,94,161,1,165,153,187,127,39,107,87,76,50,53,135,23,30,134,137,86,69,64,101,151,54,158,199,6,117,98,19,110,81,52,182,28,162,78,60,79,185,148,167,61,41,36,46,131,59,133,96,157,138,178,164,173,66,126,34,159,140,118,109,29,154,156,106,71,48,92,43,128,85,152,172,12,181,82,192,139,33,13,111,195,40,37,15,35,88,171,189,194,102,68,116,57,0,113,196,89,5,141,119,4,183,63,51,72,147,65,31,115,14,45,55,155,184,75,80,114,177,169,191,11,104,180,163,170,95,91,90,125,149,32,97,58,100,7,175,179,27,193,136,144,70,168,17,103,105,174,190,188,186,145,42,47,132,166,123,44];False
2579;7985;10564;[73,174,15,150,10,176,83,129,8,84,67,56,74,108,21,99,16,77,112,48,20,18,62,120,24,197,26,9,143,69,3,2,121,160,92,49,130,22,40,34,124,94,161,38,165,153,187,127,39,107,87,76,50,53,93,23,30,134,137,86,122,64,101,151,54,158,199,6,117,98,186,110,81,52,182,28,162,78,60,79,185,148,167,61,41,36,46,131,59,133,96,157,138,178,164,173,66,126,198,159,140,118,109,29,154,156,106,71,135,146,43,128,85,152,172,12,181,82,192,139,33,13,111,195,25,37,1,35,88,171,189,194,31,68,116,57,0,113,196,89,5,141,119,4,183,63,51,72,147,65,102,115,14,45,55,155,184,75,80,114,177,169,191,11,104,180,163,170,95,91,90,125,149,32,97,58,100,7,175,179,27,193,136,144,70,168,17,103,105,142,190,188,19,145,42,47,132,166,123,44];False
2670;7967;10637;[146,67,38,150,10,176,83,129,8,16,99,73,74,56,21,92,69,77,112,48,108,18,62,120,24,197,26,9,143,20,3,2,121,160,84,49,130,22,40,34,124,94,161,1,165,153,187,127,39,107,87,76,50,53,93,23,30,134,137,86,122,64,101,151,54,158,199,6,117,98,186,110,81,52,182,28,162,78,60,79,185,148,167,61,41,36,46,131,59,133,96,157,138,178,164,173,66,126,198,159,140,118,109,29,154,156,106,71,135,174,43,128,85,152,172,12,181,82,192,139,33,13,111,195,25,37,15,35,88,171,189,194,31,68,116,57,0,113,196,89,5,141,119,4,183,63,51,72,147,65,102,115,14,45,55,155,184,75,80,114,177,169,191,11,104,180,163,170,95,91,90,125,149,32,97,58,100,7,175,179,27,193,136,144,70,168,17,103,105,142,190,188,19,145,42,47,132,166,123,44];False
1721;8960;10681;[84,67,103,105,10,1,2,129,193,8,122,73,140,118,48,99,141,17,45,15,173,18,25,120,24,197,26,9,109,20,146,49,147,65,92,142,130,22,38,34,3,94,75,12,165,153,187,127,39,107,87,76,50,53,93,23,30,134,58,86,181,82,101,151,54,158,121,6,117,98,78,110,81,52,108,74,183,192,135,79,185,148,167,61,59,36,46,5,41,133,96,157,138,178,152,56,66,126,198,159,174,19,51,29,154,156,160,71,69,190,43,128,85,164,111,83,40,124,150,139,33,13,172,195,182,37,60,35,88,145,189,194,31,171,116,57,186,113,196,89,162,106,119,28,4,97,131,0,199,62,102,115,14,114,55,155,184,161,80,137,177,169,191,11,104,180,163,170,95,91,90,125,149,32,68,63,100,7,175,143,27,16,136,144,70,168,64,112,21,72,77,188,179,176,42,47,132,166,123,44];True
1833;8901;10734;[34,101,112,48,174,1,2,129,8,84,122,107,51,118,105,10,116,17,193,15,173,18,25,120,24,197,26,9,109,20,146,49,45,65,92,142,130,22,38,147,3,94,75,12,165,153,187,127,39,73,87,76,50,53,93,27,30,134,137,86,181,82,23,151,54,158,121,6,117,98,78,110,81,52,108,74,183,83,135,79,185,148,167,61,59,36,46,5,41,133,96,157,138,178,152,56,66,126,198,159,140,19,131,29,154,156,160,71,69,190,43,128,85,164,111,192,40,124,150,139,33,13,172,195,182,37,60,35,88,145,189,194,31,171,141,57,186,113,196,89,162,106,119,28,4,97,67,0,199,62,102,115,14,114,55,155,184,161,80,58,177,169,191,11,104,180,163,170,95,91,90,125,149,32,68,63,100,7,175,143,99,16,136,144,70,168,64,103,21,72,77,188,179,176,42,47,132,166,123,44];False
1583;9008;10591;[4,67,112,48,10,1,2,129,8,84,122,107,101,118,105,99,106,17,45,15,173,18,25,120,24,197,26,9,109,20,146,180,147,65,92,49,130,22,38,34,3,94,75,12,165,153,187,127,39,73,87,76,50,53,93,27,30,134,137,86,181,82,23,151,54,158,121,6,117,98,78,110,81,52,108,74,183,83,135,79,185,148,167,61,59,36,46,5,41,133,96,157,138,178,152,56,66,126,198,159,140,19,131,29,154,156,160,71,69,190,43,128,85,164,111,192,40,124,150,139,33,13,172,195,182,149,60,35,88,145,189,194,31,171,116,57,186,113,196,89,162,141,119,28,142,97,51,0,199,62,102,115,14,114,55,155,184,161,80,58,177,169,191,11,104,193,163,170,95,91,90,125,37,32,68,63,100,7,175,143,174,16,136,144,70,168,64,103,21,72,77,188,179,176,42,47,132,166,123,44];True
1672;8971;10643;[146,49,112,48,10,1,2,129,8,84,122,107,118,19,105,99,141,17,193,15,173,18,25,120,24,197,26,9,109,20,3,114,147,65,92,142,130,22,38,174,67,94,75,12,165,153,187,127,39,73,87,76,50,53,93,23,30,134,58,86,181,82,101,151,54,158,121,6,117,98,78,110,81,52,108,74,183,192,135,79,185,148,167,61,59,36,46,5,41,133,96,157,138,178,152,56,66,126,106,159,140,34,51,29,154,156,160,71,69,190,43,128,85,164,111,83,40,124,150,139,33,13,172,195,182,149,60,35,88,145,189,194,31,171,116,57,186,113,196,89,162,198,119,28,4,97,131,0,199,62,102,115,14,45,55,155,184,161,80,137,177,169,191,11,104,180,163,170,95,91,90,125,37,32,68,63,100,7,175,143,27,16,136,144,70,168,64,103,21,72,77,188,179,176,42,47,132,166,123,44];True
6525;7883;14408;[111,171,199,169,66,135,132,57,7,130,163,122,12,22,149,98,193,191,38,196,161,136,45,105,194,115,46,44,139,190,109,174,184,51,34,91,69,28,8,118,180,27,140,48,92,90,131,148,9,14,3,142,29,61,145,94,13,101,75,36,176,26,164,128,52,2,167,170,123,50,146,71,198,73,82,49,133,166,186,107,77,159,18,4,181,88,70,108,21,106,154,59,197,24,32,195,10,110,11,152,72,127,30,114,182,37,85,55,158,175,6,1,117,120,157,173,17,79,185,102,23,172,39,78,83,125,33,35,165,40,87,84,68,93,103,65,147,153,15,144,156,155,31,143,53,183,97,41,0,89,25,62,5,134,112,104,99,160,74,20,138,168,188,126,16,162,19,137,60,179,47,43,187,76,151,141,80,58,64,96,177,42,189,178,86,119,81,67,129,192,150,56,100,54,113,116,124,63,95,121];False
6676;7858;14534;[22,169,115,132,3,135,171,57,7,130,163,122,12,199,149,98,193,191,38,196,161,66,45,105,194,136,46,44,139,190,109,111,184,51,146,91,69,28,8,118,180,27,140,48,92,90,131,148,9,14,198,142,29,61,145,94,13,101,75,36,176,26,164,128,52,2,167,170,123,50,34,71,174,73,82,49,133,166,186,107,77,159,18,4,181,88,70,108,21,106,154,59,197,24,32,195,10,110,11,152,72,127,30,114,182,37,85,55,158,175,6,1,117,120,157,173,17,79,185,102,23,172,39,78,83,125,33,35,165,40,87,84,68,93,103,65,147,153,15,144,156,155,31,143,53,183,97,41,0,89,25,62,5,134,112,104,99,160,74,20,138,168,188,126,16,162,19,137,60,179,47,43,187,76,151,141,80,58,64,96,177,42,189,178,86,119,81,67,129,192,150,56,100,54,113,116,124,63,95,121];False
6928;7830;14758;[184,174,22,66,7,135,171,57,23,130,163,122,12,199,149,98,193,191,38,196,161,136,45,105,146,115,46,44,139,190,109,111,194,51,124,91,69,28,8,118,180,25,140,48,92,90,131,148,9,14,3,142,29,61,145,94,13,101,75,36,176,26,164,128,52,2,167,107,123,50,34,71,198,132,82,49,133,189,186,170,77,159,18,4,181,88,70,108,21,106,154,59,197,24,32,195,10,110,11,152,72,127,30,114,182,37,85,55,158,175,6,1,117,120,157,173,17,79,185,102,169,172,39,78,83,125,33,35,165,40,87,84,68,93,103,65,147,153,15,144,156,155,31,143,53,183,97,41,0,89,27,62,5,134,112,104,99,160,74,20,138,168,188,126,16,162,19,137,60,179,47,43,187,76,151,141,80,58,64,96,177,42,166,178,86,119,81,67,129,192,150,56,100,54,113,116,73,63,95,121];False
7123;7770;14893;[71,191,22,23,174,135,171,57,7,130,163,122,12,199,149,98,193,136,38,196,161,66,45,105,194,115,46,44,139,190,109,111,184,51,34,91,69,28,8,118,180,159,140,48,92,90,131,148,9,14,3,142,29,61,145,94,13,101,75,36,176,26,164,128,52,2,167,107,123,73,146,50,198,132,82,49,133,189,186,170,77,25,18,4,181,88,70,108,21,106,154,59,197,24,32,195,10,110,11,152,72,127,30,114,182,37,85,55,158,175,6,1,117,120,157,173,17,79,185,102,169,172,39,78,83,125,33,35,165,40,87,84,68,93,103,65,147,153,15,144,156,155,31,143,53,183,97,41,0,89,27,62,5,134,112,104,99,160,74,20,138,168,188,126,16,162,19,137,60,179,47,43,187,76,151,141,80,58,64,96,177,42,166,178,86,119,81,67,129,192,150,56,100,54,113,116,124,63,95,121];False
7104;7789;14893;[22,71,191,23,174,135,171,57,7,130,163,122,12,199,149,98,193,136,38,196,161,66,45,105,194,115,46,44,139,190,109,111,184,51,34,91,69,28,8,118,180,159,140,48,92,90,131,148,9,14,3,142,29,61,145,94,13,101,75,36,176,26,164,128,52,2,167,107,123,73,146,50,198,132,82,49,133,189,186,170,77,25,18,4,181,88,70,108,21,106,154,59,197,24,32,195,10,110,11,152,72,127,30,114,182,37,85,55,158,175,6,1,117,120,157,173,17,79,185,102,169,172,39,78,83,125,33,35,165,40,87,84,68,93,103,65,147,153,15,144,156,155,31,143,53,183,97,41,0,89,27,62,5,134,112,104,99,160,74,20,138,168,188,126,16,162,19,137,60,179,47,43,187,76,151,141,80,58,64,96,177,42,166,178,86,119,81,67,129,192,150,56,100,54,113,116,124,63,95,121];False
7215;7719;14934;[23,136,22,135,71,174,171,57,7,130,163,122,12,199,149,98,193,191,38,196,161,66,45,105,194,115,46,44,139,190,109,111,184,51,34,91,69,28,8,118,180,159,140,48,92,90,131,148,9,14,3,142,29,61,145,94,13,101,75,36,176,26,164,128,52,2,167,107,123,73,146,50,198,132,82,49,133,189,186,170,77,25,18,4,181,88,70,108,21,106,154,59,197,24,32,195,10,110,11,152,72,127,30,114,182,37,85,55,158,175,6,1,117,120,157,173,17,79,185,102,169,172,39,78,83,125,33,35,165,40,87,84,68,93,103,65,147,153,15,144,156,155,31,143,53,183,97,41,0,89,27,62,5,134,112,104,99,160,74,20,138,168,188,126,16,162,19,137,60,179,47,43,187,76,151,141,80,58,64,96,177,42,166,178,86,119,81,67,129,192,150,56,100,54,113,116,124,63,95,121];False
7330;7668;14998;[154,15,23,182,32,87,75,88,171,163,86,12,6,185,0,73,65,160,38,196,132,14,194,191,174,3,157,183,37,138,184,115,25,99,108,35,193,28,8,20,13,198,188,55,44,94,131,47,68,123,106,78,52,91,69,61,176,59,11,57,189,26,175,62,120,2,89,107,48,63,29,164,4,126,41,114,112,165,153,7,77,177,169,72,84,85,66,45,124,51,90,134,197,168,74,142,101,81,36,145,100,111,122,98,139,105,180,67,158,30,40,96,76,93,150,173,46,10,42,27,24,187,39,95,1,125,33,127,128,129,18,181,148,9,103,92,136,137,43,53,146,190,31,82,144,121,162,147,149,152,49,151,97,130,113,155,17,21,34,159,109,135,140,50,16,118,166,80,133,178,170,199,172,79,117,102,110,60,64,179,58,161,192,22,195,83,186,54,119,167,71,56,5,141,19,116,70,104,143,156];False
7288;7673;14961;[6,32,23,15,194,87,182,88,171,163,86,75,12,185,0,73,65,160,38,196,132,14,20,191,174,3,157,183,37,138,184,115,25,99,108,35,193,28,8,154,13,198,188,55,44,94,131,47,68,123,106,78,52,91,69,61,176,59,11,57,189,26,175,62,120,2,89,107,48,63,29,164,4,126,41,114,112,165,153,7,77,177,169,72,84,85,66,45,124,51,90,134,197,168,74,142,101,81,36,145,100,111,122,98,139,105,180,67,158,30,40,96,76,93,150,173,46,10,42,27,24,187,39,95,1,125,33,127,128,129,18,181,148,9,103,92,136,137,43,53,146,190,31,82,144,121,162,147,149,152,49,151,97,130,113,155,17,21,34,159,109,135,140,50,16,118,166,80,133,178,170,199,172,79,117,102,110,60,64,179,58,161,192,22,195,83,186,54,119,167,71,56,5,141,19,116,70,104,143,156];False
7481;7603;15084;[37,135,23,171,7,136,44,57,22,130,163,122,12,185,149,98,193,191,38,196,161,66,45,105,194,115,46,73,174,190,109,111,184,51,34,91,69,28,8,118,180,159,140,48,92,90,131,148,9,14,3,142,85,61,145,94,13,101,75,36,176,26,164,128,52,2,167,107,123,50,146,65,198,186,82,49,133,189,132,170,77,25,18,4,84,88,70,108,21,106,154,59,197,24,32,195,10,110,11,152,72,127,30,114,182,139,29,137,158,175,6,1,117,120,157,173,17,79,199,102,169,172,39,78,83,125,33,192,165,40,87,181,68,93,103,162,147,153,15,144,156,155,31,143,53,183,97,41,0,89,27,62,5,134,112,104,99,160,74,20,138,168,188,126,16,71,19,55,60,179,47,43,187,76,151,141,80,58,64,96,177,42,166,178,86,119,81,67,129,35,150,56,100,54,113,116,124,63,95,121];False
7625;7558;15183;[34,135,23,136,7,174,171,57,22,130,163,122,12,185,149,98,193,191,38,196,161,66,45,105,194,115,46,44,37,190,109,111,184,51,106,91,69,28,8,118,180,159,140,48,92,90,131,148,9,14,3,142,85,61,145,94,13,101,75,36,176,26,164,128,52,2,167,107,123,50,146,65,198,186,82,49,133,189,132,170,77,25,18,4,84,88,70,108,21,73,154,59,197,24,32,195,10,110,11,152,72,127,30,114,182,139,29,137,158,175,6,1,117,120,157,173,17,79,199,102,169,172,39,78,83,125,33,192,165,40,87,181,68,93,103,162,147,153,15,144,156,155,31,143,53,183,97,41,0,89,27,62,5,134,112,104,99,160,74,20,138,168,188,126,16,71,19,55,60,179,47,43,187,76,151,141,80,58,64,96,177,42,166,178,86,119,81,67,129,35,150,56,100,54,113,116,124,63,95,121];False
7713;7461;15174;[135,171,7,161,136,115,174,57,22,130,163,122,12,185,149,98,193,23,38,196,198,66,45,105,194,191,46,44,48,190,109,10,184,51,34,91,69,28,8,118,180,159,140,73,92,90,131,148,93,14,178,142,85,61,145,94,13,101,75,36,176,26,164,128,52,2,167,107,123,50,146,65,37,186,82,49,133,189,132,170,77,25,18,4,84,88,70,108,21,106,154,59,197,24,32,195,111,110,11,152,72,127,30,114,182,139,29,137,158,175,6,1,117,120,157,173,17,79,199,27,169,172,39,78,55,125,33,192,165,40,87,181,68,9,103,162,147,153,15,144,156,155,31,143,53,183,97,41,0,89,102,62,5,134,112,104,99,160,74,20,138,168,188,126,16,71,19,83,60,179,47,43,187,76,151,141,80,58,64,96,177,42,166,3,86,119,81,67,129,35,150,56,100,54,113,116,124,63,95,121];False
8562;6823;15385;[18,171,10,6,149,170,44,57,3,130,191,122,12,185,54,98,193,37,38,196,161,66,45,135,194,115,46,163,125,190,109,174,184,51,34,91,69,28,8,118,180,159,188,48,92,90,131,148,93,14,178,142,136,61,145,94,13,101,141,36,176,35,97,128,52,2,167,107,123,50,155,65,198,17,82,49,133,189,132,23,77,25,105,4,84,88,70,108,21,106,154,59,197,24,72,78,111,110,11,152,86,127,30,114,182,139,29,137,158,175,85,1,117,120,157,173,186,79,42,27,169,172,39,32,55,73,33,192,165,40,87,181,68,9,103,162,147,67,95,144,156,146,31,143,53,183,164,41,75,89,102,62,5,134,112,104,99,63,74,20,138,168,140,126,16,71,19,83,60,179,47,43,187,76,151,7,80,58,64,96,177,199,166,22,195,119,81,153,129,26,150,56,100,0,113,116,124,160,15,121];False
8552;6815;15367;[10,18,171,6,149,170,44,57,3,130,191,122,12,185,54,98,193,37,38,196,161,66,45,135,194,115,46,163,125,190,109,174,184,51,34,91,69,28,8,118,180,159,188,48,92,90,131,148,93,14,178,142,136,61,145,94,13,101,141,36,176,35,97,128,52,2,167,107,123,50,155,65,198,17,82,49,133,189,132,23,77,25,105,4,84,88,70,108,21,106,154,59,197,24,72,78,111,110,11,152,86,127,30,114,182,139,29,137,158,175,85,1,117,120,157,173,186,79,42,27,169,172,39,32,55,73,33,192,165,40,87,181,68,9,103,162,147,67,95,144,156,146,31,143,53,183,164,41,75,89,102,62,5,134,112,104,99,63,74,20,138,168,140,126,16,71,19,83,60,179,47,43,187,76,151,7,80,58,64,96,177,199,166,22,195,119,81,153,129,26,150,56,100,0,113,116,124,160,15,121];False
8623;6802;15425;[6,98,10,44,149,170,171,57,3,130,191,122,12,185,54,18,193,37,38,196,161,66,45,135,194,115,46,163,125,190,109,174,184,51,34,91,69,28,8,118,180,159,188,48,92,90,131,148,93,14,178,142,136,61,145,94,13,101,141,36,176,35,97,128,52,2,167,107,123,50,155,65,198,17,82,49,133,189,132,23,77,25,105,4,84,88,70,108,21,106,154,59,197,24,72,78,111,110,11,152,86,127,30,114,182,139,29,137,158,175,85,1,117,120,157,173,186,79,42,27,169,172,39,32,55,73,33,192,165,40,87,181,68,9,103,162,147,67,95,144,156,146,31,143,53,183,164,41,75,89,102,62,5,134,112,104,99,63,74,20,138,168,140,126,16,71,19,83,60,179,47,43,187,76,151,7,80,58,64,96,177,199,166,22,195,119,81,153,129,26,150,56,100,0,113,116,124,160,15,121];False
8631;6769;15400;[46,170,66,6,149,18,171,57,3,130,163,122,12,185,54,98,193,188,38,196,161,37,45,135,194,115,191,44,125,190,109,10,184,51,34,91,69,28,8,118,180,159,174,48,92,90,131,148,93,14,178,142,136,61,145,94,13,101,141,36,176,35,97,128,52,2,167,107,123,50,155,65,198,17,82,49,133,189,132,23,77,25,105,4,84,88,70,108,21,106,154,59,197,24,72,78,111,110,11,152,86,127,30,114,182,139,29,137,158,175,85,1,117,120,157,173,186,79,42,27,169,172,39,32,55,73,33,192,165,40,87,181,68,9,103,162,147,67,95,144,156,146,31,143,53,183,164,41,75,89,102,62,5,134,112,104,99,63,74,20,138,168,140,126,16,71,19,83,60,179,47,43,187,76,151,7,80,58,64,96,177,199,166,22,195,119,81,153,129,26,150,56,100,0,113,116,124,160,15,121];False
8617;6779;15396;[122,46,66,6,149,18,171,57,3,130,163,170,12,185,54,98,193,188,38,196,161,37,45,135,194,115,191,44,125,190,109,10,184,51,34,91,69,28,8,118,180,159,174,48,92,90,131,148,93,14,178,142,136,61,145,94,13,101,141,36,176,35,97,128,52,2,167,107,123,50,155,65,198,17,82,49,133,189,132,23,77,25,105,4,84,88,70,108,21,106,154,59,197,24,72,78,111,110,11,152,86,127,30,114,182,139,29,137,158,175,85,1,117,120,157,173,186,79,42,27,169,172,39,32,55,73,33,192,165,40,87,181,68,9,103,162,147,67,95,144,156,146,31,143,53,183,164,41,75,89,102,62,5,134,112,104,99,63,74,20,138,168,140,126,16,71,19,83,60,179,47,43,187,76,151,7,80,58,64,96,177,199,166,22,195,119,81,153,129,26,150,56,100,0,113,116,124,160,15,121];False
8184;7235;15419;[46,135,136,191,7,115,171,57,22,130,163,122,12,185,149,98,193,23,38,196,161,66,45,105,194,73,174,44,37,190,109,10,184,51,34,91,69,28,8,118,180,159,140,48,92,90,131,148,93,14,178,142,85,61,145,94,13,101,75,36,176,26,97,128,52,2,167,107,123,50,146,65,198,186,82,49,133,189,132,170,77,25,18,4,84,88,70,108,21,106,154,59,197,24,32,86,111,110,11,152,72,127,30,114,182,139,29,137,158,175,6,1,117,120,157,173,17,79,199,27,169,172,39,78,55,125,33,192,165,40,87,181,68,9,103,162,147,153,15,144,156,155,31,143,53,183,164,41,0,89,102,62,5,134,112,104,99,63,74,20,138,168,188,126,16,71,19,83,60,179,47,43,187,76,151,141,80,58,64,96,177,42,166,3,195,119,81,67,129,35,150,56,100,54,113,116,124,160,95,121];False
8190;7216;15406;[194,191,135,136,7,115,171,57,22,130,163,122,12,185,149,98,193,23,38,196,161,66,45,105,174,73,46,44,37,190,109,10,184,51,34,91,69,28,8,118,180,159,140,48,92,90,131,148,93,14,178,142,85,61,145,94,13,101,75,36,176,26,97,128,52,2,167,107,123,50,146,65,198,186,82,49,133,189,132,170,77,25,18,4,84,88,70,108,21,106,154,59,197,24,32,86,111,110,11,152,72,127,30,114,182,139,29,137,158,175,6,1,117,120,157,173,17,79,199,27,169,172,39,78,55,125,33,192,165,40,87,181,68,9,103,162,147,153,15,144,156,155,31,143,53,183,164,41,0,89,102,62,5,134,112,104,99,63,74,20,138,168,188,126,16,71,19,83,60,179,47,43,187,76,151,141,80,58,64,96,177,42,166,3,195,119,81,67,129,35,150,56,100,54,113,116,124,160,95,121];False
8808;6686;15494;[115,191,10,6,149,18,171,57,3,130,163,122,12,185,54,98,193,184,38,196,161,66,45,135,194,174,46,44,34,198,109,23,190,51,106,91,69,28,8,118,180,159,188,48,92,90,131,148,93,14,178,142,136,61,145,94,13,101,141,36,176,35,97,128,52,2,167,107,123,50,155,65,37,17,82,49,133,189,132,170,77,25,105,4,84,88,70,108,21,73,154,59,197,24,72,78,111,110,11,152,86,127,30,114,182,139,29,137,158,175,85,1,117,120,157,173,186,79,42,27,169,172,39,32,55,125,33,192,165,40,87,181,68,9,103,162,147,67,95,144,156,146,31,143,53,183,164,41,75,89,102,62,5,134,112,104,99,63,74,20,138,168,140,126,16,71,19,83,60,179,47,43,187,76,151,7,80,58,64,96,177,199,166,22,195,119,81,153,129,26,150,56,100,0,113,116,124,160,15,121];False
8706;6704;15410;[180,174,10,6,149,18,171,57,3,130,163,122,12,185,54,98,193,184,38,196,191,66,45,135,194,115,46,44,34,198,109,23,190,51,106,91,69,28,8,118,161,159,188,48,92,90,131,148,93,14,178,142,136,61,145,94,13,101,141,36,176,35,97,128,52,2,167,107,123,50,155,65,37,17,82,49,133,189,132,170,77,25,105,4,84,88,70,108,21,73,154,59,197,24,72,78,111,110,11,152,86,127,30,114,182,139,29,137,158,175,85,1,117,120,157,173,186,79,42,27,169,172,39,32,55,125,33,192,165,40,87,181,68,9,103,162,147,67,95,144,156,146,31,143,53,183,164,41,75,89,102,62,5,134,112,104,99,63,74,20,138,168,140,126,16,71,19,83,60,179,47,43,187,76,151,7,80,58,64,96,177,199,166,22,195,119,81,153,129,26,150,56,100,0,113,116,124,160,15,121];False
8303;7162;15465;[135,191,186,44,7,136,171,57,3,130,163,122,12,185,149,98,193,23,38,196,161,66,45,105,194,115,46,174,37,190,109,10,184,51,34,91,69,28,8,118,180,159,140,48,92,90,131,148,93,14,178,142,85,61,145,94,13,101,75,36,176,26,97,128,52,2,167,107,123,50,146,65,198,73,82,49,133,189,132,170,77,25,18,4,84,88,70,108,21,106,154,59,197,24,86,32,111,110,11,152,72,127,30,114,182,139,29,137,158,175,6,1,117,120,157,173,17,79,199,27,169,172,39,78,55,125,33,192,165,40,87,181,68,9,103,162,147,153,95,144,156,155,31,143,53,183,164,41,0,89,102,62,5,134,112,104,99,63,74,20,138,168,188,126,16,71,19,83,60,179,47,43,187,76,151,141,80,58,64,96,177,42,166,22,195,119,81,67,129,35,150,56,100,54,113,116,124,160,15,121];False
8922;6628;15550;[180,37,194,136,75,18,171,57,3,130,163,122,12,185,54,98,193,6,38,196,161,66,45,135,142,115,46,44,140,190,109,10,184,51,174,91,69,28,8,118,34,159,188,48,92,90,131,148,93,14,178,23,191,61,145,94,13,101,141,36,176,35,97,128,52,2,167,107,123,73,155,65,198,17,82,49,133,189,132,170,77,25,105,4,84,88,70,108,21,106,154,59,197,24,72,78,111,110,11,152,86,127,30,114,182,139,29,137,158,175,85,1,117,120,157,173,186,79,42,27,169,172,39,32,55,125,33,192,165,40,87,181,68,9,103,162,147,67,95,144,156,146,31,143,53,183,164,41,149,89,102,62,5,134,112,104,99,63,74,20,138,168,50,126,16,71,19,83,60,179,47,43,187,76,151,7,80,58,64,96,177,199,166,22,195,119,81,153,129,26,150,56,100,0,113,116,124,160,15,121];True
8743;6677;15420;[174,46,23,95,149,189,11,57,3,130,163,122,12,185,54,98,193,191,38,196,161,66,45,135,34,115,65,44,37,190,109,10,184,51,106,91,69,28,8,118,180,159,188,48,92,90,131,148,93,14,178,142,6,61,145,94,13,101,141,36,176,35,97,128,52,2,167,107,123,194,155,50,198,17,82,49,133,18,132,170,77,25,105,4,84,88,70,108,21,73,154,59,197,24,72,78,111,110,171,152,86,127,30,114,182,139,29,137,158,175,85,1,117,120,157,173,186,79,42,27,169,172,39,32,55,125,33,192,165,40,87,181,68,9,103,162,147,67,136,144,156,146,31,143,53,183,164,41,75,89,102,62,5,134,112,104,99,63,74,20,138,168,140,126,16,71,19,83,60,179,47,43,187,76,151,7,80,58,64,96,177,199,166,22,195,119,81,153,129,26,150,56,100,0,113,116,124,160,15,121];True
9761;6552;16313;[73,174,23,91,75,18,171,57,3,130,163,59,12,185,0,98,169,6,38,196,161,66,45,135,194,115,46,44,37,190,109,10,184,51,34,136,69,28,8,118,180,159,188,48,92,90,131,148,93,14,178,142,191,61,145,94,13,101,7,89,176,35,97,128,52,2,167,107,123,50,155,65,198,17,82,49,133,189,132,170,77,25,105,4,84,88,70,108,21,106,154,122,197,24,72,78,111,110,11,152,86,127,30,114,182,139,29,137,158,175,85,1,117,120,157,173,186,79,42,27,193,172,39,32,55,125,33,192,165,40,87,181,68,9,103,162,147,67,95,144,156,146,31,143,53,183,164,41,149,36,102,62,5,134,112,104,99,63,74,20,138,168,140,126,16,71,19,83,60,179,47,43,187,76,151,141,80,58,64,96,177,199,166,22,195,119,81,153,129,26,150,56,100,54,113,116,124,160,15,121];False
2022;8158;10180;[34,122,25,48,10,176,83,129,8,84,67,118,92,108,21,99,16,77,112,150,56,18,62,120,24,197,26,9,143,20,3,2,121,160,74,106,130,22,38,45,124,94,75,1,165,153,187,127,39,107,87,76,50,53,93,23,30,134,137,86,69,64,101,151,54,158,199,6,117,98,19,110,81,52,182,28,162,78,60,79,185,148,167,61,41,36,46,131,59,133,96,157,138,178,164,173,66,126,198,159,140,184,109,29,154,156,142,15,135,146,43,128,85,152,172,12,181,82,192,139,33,13,111,195,40,37,71,35,88,171,189,194,31,68,116,57,0,113,196,89,5,141,119,4,183,63,51,72,147,65,102,115,14,49,55,155,73,161,80,114,177,169,191,11,104,180,163,170,95,91,90,125,149,32,97,58,100,7,175,179,27,193,136,144,70,168,17,103,105,174,190,188,186,145,42,47,132,166,123,44];True
1886;8368;10254;[83,76,25,48,10,176,2,129,8,84,67,61,74,108,21,174,16,77,112,150,56,18,62,120,24,197,26,9,143,28,3,99,121,160,92,106,130,22,38,34,124,94,161,1,165,153,187,127,39,107,87,122,50,53,93,23,30,134,137,86,69,64,101,151,54,158,199,6,117,98,19,110,81,52,182,45,162,78,180,79,185,148,167,73,41,36,46,131,59,133,96,157,138,178,164,173,66,126,198,159,140,118,109,29,154,156,142,15,135,60,43,128,85,152,172,12,181,82,192,139,33,13,111,195,40,37,71,35,88,171,189,194,31,68,116,57,0,113,196,89,5,141,119,4,183,63,51,72,147,65,102,115,14,49,55,155,184,75,80,114,177,169,191,11,104,20,163,170,95,91,90,125,149,32,97,58,100,7,175,179,27,193,136,144,70,168,17,103,105,146,190,188,186,145,42,47,132,166,123,44];False
2385;8012;10397;[146,67,112,93,10,176,83,129,8,84,122,73,74,108,21,99,16,77,25,150,56,18,62,120,24,197,26,9,143,20,3,2,121,160,142,49,130,22,38,198,124,94,161,1,165,153,187,127,39,107,87,76,50,53,135,23,30,134,137,86,69,64,101,151,54,158,199,6,117,98,19,110,81,52,182,28,162,78,60,79,185,148,167,61,41,36,46,131,59,133,96,157,138,178,164,173,66,126,34,159,140,118,109,29,154,156,106,71,48,92,43,128,85,152,172,12,181,82,192,139,33,13,111,195,40,37,15,35,88,171,189,194,102,68,116,57,0,113,196,89,5,141,119,4,183,63,51,72,147,65,31,115,14,45,55,155,184,75,80,114,177,169,191,11,104,180,163,170,95,91,90,125,149,32,97,58,100,7,175,179,27,193,136,144,70,168,17,103,105,174,190,188,186,145,42,47,132,166,123,44];False
2611;7984;10595;[73,20,15,150,10,176,83,129,8,84,67,56,74,108,21,99,16,77,112,48,174,18,62,120,24,197,26,9,143,69,3,2,121,160,92,49,130,22,40,34,124,94,161,38,165,153,187,127,39,107,87,76,50,53,93,23,30,134,137,86,122,64,101,151,54,158,199,6,117,98,186,110,81,52,182,28,162,78,60,79,185,148,167,61,41,36,46,131,59,133,96,157,138,178,164,173,66,126,198,159,140,118,109,29,154,156,106,71,135,146,43,128,85,152,172,12,181,82,192,139,33,13,111,195,25,37,1,35,88,171,189,194,31,68,116,57,0,113,196,89,5,141,119,4,183,63,51,72,147,65,102,115,14,45,55,155,184,75,80,114,177,169,191,11,104,180,163,170,95,91,90,125,149,32,97,58,100,7,175,179,27,193,136,144,70,168,17,103,105,142,190,188,19,145,42,47,132,166,123,44];False
2708;7948;10656;[34,67,38,150,10,176,83,129,8,16,99,73,74,56,21,92,69,77,112,48,108,18,62,120,24,197,26,9,143,20,3,2,121,160,84,49,130,22,40,146,124,94,161,1,165,153,187,127,39,107,87,76,50,53,93,23,30,134,137,86,122,64,101,151,54,158,199,6,117,98,186,110,81,52,182,28,162,78,60,79,185,148,167,61,41,36,46,131,59,133,96,157,138,178,164,173,66,126,198,159,140,118,109,29,154,156,106,71,135,174,43,128,85,152,172,12,181,82,192,139,33,13,111,195,25,37,15,35,88,171,189,194,31,68,116,57,0,113,196,89,5,141,119,4,183,63,51,72,147,65,102,115,14,45,55,155,184,75,80,114,177,169,191,11,104,180,163,170,95,91,90,125,149,32,97,58,100,7,175,179,27,193,136,144,70,168,17,103,105,142,190,188,19,145,42,47,132,166,123,44];True
1821;8933;10754;[84,67,103,105,10,1,117,129,193,8,122,73,140,118,48,99,141,17,45,15,173,18,25,120,24,197,26,9,109,20,146,49,147,65,92,142,130,22,38,34,3,94,75,12,165,153,187,127,39,107,87,76,50,53,93,23,30,134,58,86,181,82,101,151,54,158,121,6,2,98,78,110,81,52,108,74,183,192,135,79,185,148,167,61,59,36,46,5,41,133,96,157,138,178,152,56,66,126,198,159,174,19,51,29,154,156,160,71,69,190,43,128,85,164,111,83,40,124,150,139,33,13,172,195,182,37,60,35,88,145,189,194,31,171,116,57,186,113,196,89,162,106,119,28,4,97,131,0,199,62,102,115,14,114,55,155,184,161,80,137,177,169,191,11,104,180,163,170,95,91,90,125,149,32,68,63,100,7,175,143,27,16,136,144,70,168,64,112,21,72,77,188,179,176,42,47,132,166,123,44];False
1790;8926;10716;[34,94,112,48,174,1,2,129,8,84,122,107,51,118,105,10,116,17,193,15,173,18,25,120,24,197,26,9,109,20,146,49,45,65,92,142,130,22,38,147,3,101,75,12,165,153,187,127,39,73,87,76,50,53,93,27,30,134,137,86,181,82,23,151,54,158,121,6,117,98,78,110,81,52,108,74,183,83,135,79,185,148,167,61,59,36,46,5,41,133,96,157,138,178,152,56,66,126,198,159,140,19,131,29,154,156,160,71,69,190,43,128,85,164,111,192,40,124,150,139,33,13,172,195,182,37,60,35,88,145,189,194,31,171,141,57,186,113,196,89,162,106,119,28,4,97,67,0,199,62,102,115,14,114,55,155,184,161,80,58,177,169,191,11,104,180,163,170,95,91,90,125,149,32,68,63,100,7,175,143,99,16,136,144,70,168,64,103,21,72,77,188,179,176,42,47,132,166,123,44];False
1624;9002;10626;[20,67,112,48,10,1,2,129,8,84,122,107,101,118,105,99,106,17,45,15,173,18,25,120,24,197,26,9,109,4,146,180,147,65,92,49,130,22,38,34,3,94,75,12,165,153,187,127,39,73,87,76,50,53,93,27,30,134,137,86,181,82,23,151,54,158,121,6,117,98,78,110,81,52,108,74,183,83,135,79,185,148,167,61,59,36,46,5,41,133,96,157,138,178,152,56,66,126,198,159,140,19,131,29,154,156,160,71,69,190,43,128,85,164,111,192,40,124,150,139,33,13,172,195,182,149,60,35,88,145,189,194,31,171,116,57,186,113,196,89,162,141,119,28,142,97,51,0,199,62,102,115,14,114,55,155,184,161,80,58,177,169,191,11,104,193,163,170,95,91,90,125,37,32,68,63,100,7,175,143,174,16,136,144,70,168,64,103,21,72,77,188,179,176,42,47,132,166,123,44];True
1692;8966;10658;[19,49,112,48,10,1,2,129,8,84,122,107,118,146,105,99,141,17,193,15,173,18,25,120,24,197,26,9,109,20,3,114,147,65,92,142,130,22,38,174,67,94,75,12,165,153,187,127,39,73,87,76,50,53,93,23,30,134,58,86,181,82,101,151,54,158,121,6,117,98,78,110,81,52,108,74,183,192,135,79,185,148,167,61,59,36,46,5,41,133,96,157,138,178,152,56,66,126,106,159,140,34,51,29,154,156,160,71,69,190,43,128,85,164,111,83,40,124,150,139,33,13,172,195,182,149,60,35,88,145,189,194,31,171,116,57,186,113,196,89,162,198,119,28,4,97,131,0,199,62,102,115,14,45,55,155,184,161,80,137,177,169,191,11,104,180,163,170,95,91,90,125,37,32,68,63,100,7,175,143,27,16,136,144,70,168,64,103,21,72,77,188,179,176,42,47,132,166,123,44];True
6457;7921;14378;[169,171,199,111,66,135,132,57,7,130,163,122,12,22,149,98,193,191,38,196,161,136,45,105,194,115,46,44,139,190,109,174,184,51,34,91,69,28,8,118,180,27,140,48,92,90,131,148,9,14,3,142,29,61,145,94,13,101,75,36,176,26,164,128,52,2,167,170,123,50,146,71,198,73,82,49,133,166,186,107,77,159,18,4,181,88,70,108,21,106,154,59,197,24,32,195,10,110,11,152,72,127,30,114,182,37,85,55,158,175,6,1,117,120,157,173,17,79,185,102,23,172,39,78,83,125,33,35,165,40,87,84,68,93,103,65,147,153,15,144,156,155,31,143,53,183,97,41,0,89,25,62,5,134,112,104,99,160,74,20,138,168,188,126,16,162,19,137,60,179,47,43,187,76,151,141,80,58,64,96,177,42,189,178,86,119,81,67,129,192,150,56,100,54,113,116,124,63,95,121];False
6529;7859;14388;[3,169,115,132,22,135,171,57,7,130,163,122,12,199,149,98,193,191,38,196,161,66,45,105,194,136,46,44,139,190,109,111,184,51,146,91,69,28,8,118,180,27,140,48,92,90,131,148,9,14,198,142,29,61,145,94,13,101,75,36,176,26,164,128,52,2,167,170,123,50,34,71,174,73,82,49,133,166,186,107,77,159,18,4,181,88,70,108,21,106,154,59,197,24,32,195,10,110,11,152,72,127,30,114,182,37,85,55,158,175,6,1,117,120,157,173,17,79,185,102,23,172,39,78,83,125,33,35,165,40,87,84,68,93,103,65,147,153,15,144,156,155,31,143,53,183,97,41,0,89,25,62,5,134,112,104,99,160,74,20,138,168,188,126,16,162,19,137,60,179,47,43,187,76,151,141,80,58,64,96,177,42,189,178,86,119,81,67,129,192,150,56,100,54,113,116,124,63,95,121];False
6947;7819;14766;[174,184,22,66,7,135,171,57,23,130,163,122,12,199,149,98,193,191,38,196,161,136,45,105,146,115,46,44,139,190,109,111,194,51,124,91,69,28,8,118,180,25,140,48,92,90,131,148,9,14,3,142,29,61,145,94,13,101,75,36,176,26,164,128,52,2,167,107,123,50,34,71,198,132,82,49,133,189,186,170,77,159,18,4,181,88,70,108,21,106,154,59,197,24,32,195,10,110,11,152,72,127,30,114,182,37,85,55,158,175,6,1,117,120,157,173,17,79,185,102,169,172,39,78,83,125,33,35,165,40,87,84,68,93,103,65,147,153,15,144,156,155,31,143,53,183,97,41,0,89,27,62,5,134,112,104,99,160,74,20,138,168,188,126,16,162,19,137,60,179,47,43,187,76,151,141,80,58,64,96,177,42,166,178,86,119,81,67,129,192,150,56,100,54,113,116,73,63,95,121];False
7090;7794;14884;[194,174,22,66,7,135,171,57,23,130,163,122,12,199,149,98,193,191,38,196,161,136,45,105,146,115,46,44,139,190,109,111,184,51,124,91,69,28,8,118,180,25,140,48,92,90,131,148,9,14,3,142,29,61,145,94,13,101,75,36,176,26,164,128,52,2,167,107,123,50,34,71,198,132,82,49,133,189,186,170,77,159,18,4,181,88,70,108,21,106,154,59,197,24,32,195,10,110,11,152,72,127,30,114,182,37,85,55,158,175,6,1,117,120,157,173,17,79,185,102,169,172,39,78,83,125,33,35,165,40,87,84,68,93,103,65,147,153,15,144,156,155,31,143,53,183,97,41,0,89,27,62,5,134,112,104,99,160,74,20,138,168,188,126,16,162,19,137,60,179,47,43,187,76,151,141,80,58,64,96,177,42,166,178,86,119,81,67,129,192,150,56,100,54,113,116,73,63,95,121];False
7091;7783;14874;[136,191,22,23,174,135,171,57,7,130,163,122,12,199,149,98,193,71,38,196,161,66,45,105,194,115,46,44,139,190,109,111,184,51,34,91,69,28,8,118,180,159,140,48,92,90,131,148,9,14,3,142,29,61,145,94,13,101,75,36,176,26,164,128,52,2,167,107,123,73,146,50,198,132,82,49,133,189,186,170,77,25,18,4,181,88,70,108,21,106,154,59,197,24,32,195,10,110,11,152,72,127,30,114,182,37,85,55,158,175,6,1,117,120,157,173,17,79,185,102,169,172,39,78,83,125,33,35,165,40,87,84,68,93,103,65,147,153,15,144,156,155,31,143,53,183,97,41,0,89,27,62,5,134,112,104,99,160,74,20,138,168,188,126,16,162,19,137,60,179,47,43,187,76,151,141,80,58,64,96,177,42,166,178,86,119,81,67,129,192,150,56,100,54,113,116,124,63,95,121];False
7140;7738;14878;[71,136,22,135,23,174,171,57,7,130,163,122,12,199,149,98,193,191,38,196,161,66,45,105,194,115,46,44,139,190,109,111,184,51,34,91,69,28,8,118,180,159,140,48,92,90,131,148,9,14,3,142,29,61,145,94,13,101,75,36,176,26,164,128,52,2,167,107,123,73,146,50,198,132,82,49,133,189,186,170,77,25,18,4,181,88,70,108,21,106,154,59,197,24,32,195,10,110,11,152,72,127,30,114,182,37,85,55,158,175,6,1,117,120,157,173,17,79,185,102,169,172,39,78,83,125,33,35,165,40,87,84,68,93,103,65,147,153,15,144,156,155,31,143,53,183,97,41,0,89,27,62,5,134,112,104,99,160,74,20,138,168,188,126,16,162,19,137,60,179,47,43,187,76,151,141,80,58,64,96,177,42,166,178,86,119,81,67,129,192,150,56,100,54,113,116,124,63,95,121];False
7299;7663;14962;[174,15,23,182,32,87,75,88,171,163,86,12,6,185,0,73,65,160,38,196,132,14,194,191,154,3,157,183,37,138,184,115,25,99,108,35,193,28,8,20,13,198,188,55,44,94,131,47,68,123,106,78,52,91,69,61,176,59,11,57,189,26,175,62,120,2,89,107,48,63,29,164,4,126,41,114,112,165,153,7,77,177,169,72,84,85,66,45,124,51,90,134,197,168,74,142,101,81,36,145,100,111,122,98,139,105,180,67,158,30,40,96,76,93,150,173,46,10,42,27,24,187,39,95,1,125,33,127,128,129,18,181,148,9,103,92,136,137,43,53,146,190,31,82,144,121,162,147,149,152,49,151,97,130,113,155,17,21,34,159,109,135,140,50,16,118,166,80,133,178,170,199,172,79,117,102,110,60,64,179,58,161,192,22,195,83,186,54,119,167,71,56,5,141,19,116,70,104,143,156];False
7281;7695;14976;[157,32,23,15,194,87,182,88,171,163,86,75,12,185,0,73,65,160,38,196,132,14,20,191,174,3,6,183,37,138,184,115,25,99,108,35,193,28,8,154,13,198,188,55,44,94,131,47,68,123,106,78,52,91,69,61,176,59,11,57,189,26,175,62,120,2,89,107,48,63,29,164,4,126,41,114,112,165,153,7,77,177,169,72,84,85,66,45,124,51,90,134,197,168,74,142,101,81,36,145,100,111,122,98,139,105,180,67,158,30,40,96,76,93,150,173,46,10,42,27,24,187,39,95,1,125,33,127,128,129,18,181,148,9,103,92,136,137,43,53,146,190,31,82,144,121,162,147,149,152,49,151,97,130,113,155,17,21,34,159,109,135,140,50,16,118,166,80,133,178,170,199,172,79,117,102,110,60,64,179,58,161,192,22,195,83,186,54,119,167,71,56,5,141,19,116,70,104,143,156];False
7432;7627;15059;[191,135,23,171,7,136,44,57,22,130,163,122,12,185,149,98,193,37,38,196,161,66,45,105,194,115,46,73,174,190,109,111,184,51,34,91,69,28,8,118,180,159,140,48,92,90,131,148,9,14,3,142,85,61,145,94,13,101,75,36,176,26,164,128,52,2,167,107,123,50,146,65,198,186,82,49,133,189,132,170,77,25,18,4,84,88,70,108,21,106,154,59,197,24,32,195,10,110,11,152,72,127,30,114,182,139,29,137,158,175,6,1,117,120,157,173,17,79,199,102,169,172,39,78,83,125,33,192,165,40,87,181,68,93,103,162,147,153,15,144,156,155,31,143,53,183,97,41,0,89,27,62,5,134,112,104,99,160,74,20,138,168,188,126,16,71,19,55,60,179,47,43,187,76,151,141,80,58,64,96,177,42,166,178,86,119,81,67,129,35,150,56,100,54,113,116,124,63,95,121];False
7515;7584;15099;[37,135,23,136,7,174,171,57,22,130,163,122,12,185,149,98,193,191,38,196,161,66,45,105,194,115,46,44,34,190,109,111,184,51,106,91,69,28,8,118,180,159,140,48,92,90,131,148,9,14,3,142,85,61,145,94,13,101,75,36,176,26,164,128,52,2,167,107,123,50,146,65,198,186,82,49,133,189,132,170,77,25,18,4,84,88,70,108,21,73,154,59,197,24,32,195,10,110,11,152,72,127,30,114,182,139,29,137,158,175,6,1,117,120,157,173,17,79,199,102,169,172,39,78,83,125,33,192,165,40,87,181,68,93,103,162,147,153,15,144,156,155,31,143,53,183,97,41,0,89,27,62,5,134,112,104,99,160,74,20,138,168,188,126,16,71,19,55,60,179,47,43,187,76,151,141,80,58,64,96,177,42,166,178,86,119,81,67,129,35,150,56,100,54,113,116,124,63,95,121];False
7700;7433;15133;[174,171,7,161,136,115,135,57,22,130,163,122,12,185,149,98,193,23,38,196,198,66,45,105,194,191,46,44,48,190,109,10,184,51,34,91,69,28,8,118,180,159,140,73,92,90,131,148,93,14,178,142,85,61,145,94,13,101,75,36,176,26,164,128,52,2,167,107,123,50,146,65,37,186,82,49,133,189,132,170,77,25,18,4,84,88,70,108,21,106,154,59,197,24,32,195,111,110,11,152,72,127,30,114,182,139,29,137,158,175,6,1,117,120,157,173,17,79,199,27,169,172,39,78,55,125,33,192,165,40,87,181,68,9,103,162,147,153,15,144,156,155,31,143,53,183,97,41,0,89,102,62,5,134,112,104,99,160,74,20,138,168,188,126,16,71,19,83,60,179,47,43,187,76,151,141,80,58,64,96,177,42,166,3,86,119,81,67,129,35,150,56,100,54,113,116,124,63,95,121];False
8570;6801;15371;[44,18,171,6,149,170,10,57,3,130,191,122,12,185,54,98,193,37,38,196,161,66,45,135,194,115,46,163,125,190,109,174,184,51,34,91,69,28,8,118,180,159,188,48,92,90,131,148,93,14,178,142,136,61,145,94,13,101,141,36,176,35,97,128,52,2,167,107,123,50,155,65,198,17,82,49,133,189,132,23,77,25,105,4,84,88,70,108,21,106,154,59,197,24,72,78,111,110,11,152,86,127,30,114,182,139,29,137,158,175,85,1,117,120,157,173,186,79,42,27,169,172,39,32,55,73,33,192,165,40,87,181,68,9,103,162,147,67,95,144,156,146,31,143,53,183,164,41,75,89,102,62,5,134,112,104,99,63,74,20,138,168,140,126,16,71,19,83,60,179,47,43,187,76,151,7,80,58,64,96,177,199,166,22,195,119,81,153,129,26,150,56,100,0,113,116,124,160,15,121];False
8553;6811;15364;[98,170,66,6,149,18,171,57,3,130,163,122,12,185,54,46,193,188,38,196,161,37,45,135,194,115,191,44,125,190,109,10,184,51,34,91,69,28,8,118,180,159,174,48,92,90,131,148,93,14,178,142,136,61,145,94,13,101,141,36,176,35,97,128,52,2,167,107,123,50,155,65,198,17,82,49,133,189,132,23,77,25,105,4,84,88,70,108,21,106,154,59,197,24,72,78,111,110,11,152,86,127,30,114,182,139,29,137,158,175,85,1,117,120,157,173,186,79,42,27,169,172,39,32,55,73,33,192,165,40,87,181,68,9,103,162,147,67,95,144,156,146,31,143,53,183,164,41,75,89,102,62,5,134,112,104,99,63,74,20,138,168,140,126,16,71,19,83,60,179,47,43,187,76,151,7,80,58,64,96,177,199,166,22,195,119,81,153,129,26,150,56,100,0,113,116,124,160,15,121];False
8560;6798;15358;[178,46,66,6,149,18,171,57,3,130,163,170,12,185,54,98,193,188,38,196,161,37,45,135,194,115,191,44,125,190,109,10,184,51,34,91,69,28,8,118,180,159,174,48,92,90,131,148,93,14,122,142,136,61,145,94,13,101,141,36,176,35,97,128,52,2,167,107,123,50,155,65,198,17,82,49,133,189,132,23,77,25,105,4,84,88,70,108,21,106,154,59,197,24,72,78,111,110,11,152,86,127,30,114,182,139,29,137,158,175,85,1,117,120,157,173,186,79,42,27,169,172,39,32,55,73,33,192,165,40,87,181,68,9,103,162,147,67,95,144,156,146,31,143,53,183,164,41,75,89,102,62,5,134,112,104,99,63,74,20,138,168,140,126,16,71,19,83,60,179,47,43,187,76,151,7,80,58,64,96,177,199,166,22,195,119,81,153,129,26,150,56,100,0,113,116,124,160,15,121];False
8182;7221;15403;[191,135,136,46,7,115,171,57,22,130,163,122,12,185,149,98,193,23,38,196,161,66,45,105,194,73,174,44,37,190,109,10,184,51,34,91,69,28,8,118,180,159,140,48,92,90,131,148,93,14,178,142,85,61,145,94,13,101,75,36,176,26,97,128,52,2,167,107,123,50,146,65,198,186,82,49,133,189,132,170,77,25,18,4,84,88,70,108,21,106,154,59,197,24,32,86,111,110,11,152,72,127,30,114,182,139,29,137,158,175,6,1,117,120,157,173,17,79,199,27,169,172,39,78,55,125,33,192,165,40,87,181,68,9,103,162,147,153,15,144,156,155,31,143,53,183,164,41,0,89,102,62,5,134,112,104,99,63,74,20,138,168,188,126,16,71,19,83,60,179,47,43,187,76,151,141,80,58,64,96,177,42,166,3,195,119,81,67,129,35,150,56,100,54,113,116,124,160,95,121];False
8101;7261;15362;[7,191,135,136,194,115,171,57,22,130,163,122,12,185,149,98,193,23,38,196,161,66,45,105,174,73,46,44,37,190,109,10,184,51,34,91,69,28,8,118,180,159,140,48,92,90,131,148,93,14,178,142,85,61,145,94,13,101,75,36,176,26,97,128,52,2,167,107,123,50,146,65,198,186,82,49,133,189,132,170,77,25,18,4,84,88,70,108,21,106,154,59,197,24,32,86,111,110,11,152,72,127,30,114,182,139,29,137,158,175,6,1,117,120,157,173,17,79,199,27,169,172,39,78,55,125,33,192,165,40,87,181,68,9,103,162,147,153,15,144,156,155,31,143,53,183,164,41,0,89,102,62,5,134,112,104,99,63,74,20,138,168,188,126,16,71,19,83,60,179,47,43,187,76,151,141,80,58,64,96,177,42,166,3,195,119,81,67,129,35,150,56,100,54,113,116,124,160,95,121];False
8699;6709;15408;[174,180,10,6,149,18,171,57,3,130,163,122,12,185,54,98,193,184,38,196,191,66,45,135,194,115,46,44,34,198,109,23,190,51,106,91,69,28,8,118,161,159,188,48,92,90,131,148,93,14,178,142,136,61,145,94,13,101,141,36,176,35,97,128,52,2,167,107,123,50,155,65,37,17,82,49,133,189,132,170,77,25,105,4,84,88,70,108,21,73,154,59,197,24,72,78,111,110,11,152,86,127,30,114,182,139,29,137,158,175,85,1,117,120,157,173,186,79,42,27,169,172,39,32,55,125,33,192,165,40,87,181,68,9,103,162,147,67,95,144,156,146,31,143,53,183,164,41,75,89,102,62,5,134,112,104,99,63,74,20,138,168,140,126,16,71,19,83,60,179,47,43,187,76,151,7,80,58,64,96,177,199,166,22,195,119,81,153,129,26,150,56,100,0,113,116,124,160,15,121];False
8619;6770;15389;[3,174,10,6,149,18,171,57,180,130,163,122,12,185,54,98,193,184,38,196,191,66,45,135,194,115,46,44,34,198,109,23,190,51,106,91,69,28,8,118,161,159,188,48,92,90,131,148,93,14,178,142,136,61,145,94,13,101,141,36,176,35,97,128,52,2,167,107,123,50,155,65,37,17,82,49,133,189,132,170,77,25,105,4,84,88,70,108,21,73,154,59,197,24,72,78,111,110,11,152,86,127,30,114,182,139,29,137,158,175,85,1,117,120,157,173,186,79,42,27,169,172,39,32,55,125,33,192,165,40,87,181,68,9,103,162,147,67,95,144,156,146,31,143,53,183,164,41,75,89,102,62,5,134,112,104,99,63,74,20,138,168,140,126,16,71,19,83,60,179,47,43,187,76,151,7,80,58,64,96,177,199,166,22,195,119,81,153,129,26,150,56,100,0,113,116,124,160,15,121];False
8363;7160;15523;[44,191,186,135,7,136,171,57,3,130,163,122,12,185,149,98,193,23,38,196,161,66,45,105,194,115,46,174,37,190,109,10,184,51,34,91,69,28,8,118,180,159,140,48,92,90,131,148,93,14,178,142,85,61,145,94,13,101,75,36,176,26,97,128,52,2,167,107,123,50,146,65,198,73,82,49,133,189,132,170,77,25,18,4,84,88,70,108,21,106,154,59,197,24,86,32,111,110,11,152,72,127,30,114,182,139,29,137,158,175,6,1,117,120,157,173,17,79,199,27,169,172,39,78,55,125,33,192,165,40,87,181,68,9,103,162,147,153,95,144,156,155,31,143,53,183,164,41,0,89,102,62,5,134,112,104,99,63,74,20,138,168,188,126,16,71,19,83,60,179,47,43,187,76,151,141,80,58,64,96,177,42,166,22,195,119,81,67,129,35,150,56,100,54,113,116,124,160,15,121];False
8816;6669;15485;[65,37,194,136,75,18,171,57,3,130,163,122,12,185,54,98,193,6,38,196,161,66,45,135,142,115,46,44,140,190,109,10,184,51,174,91,69,28,8,118,34,159,188,48,92,90,131,148,93,14,178,23,191,61,145,94,13,101,141,36,176,35,97,128,52,2,167,107,123,73,155,180,198,17,82,49,133,189,132,170,77,25,105,4,84,88,70,108,21,106,154,59,197,24,72,78,111,110,11,152,86,127,30,114,182,139,29,137,158,175,85,1,117,120,157,173,186,79,42,27,169,172,39,32,55,125,33,192,165,40,87,181,68,9,103,162,147,67,95,144,156,146,31,143,53,183,164,41,149,89,102,62,5,134,112,104,99,63,74,20,138,168,50,126,16,71,19,83,60,179,47,43,187,76,151,7,80,58,64,96,177,199,166,22,195,119,81,153,129,26,150,56,100,0,113,116,124,160,15,121];True
8677;6706;15383;[37,46,23,95,149,189,11,57,3,130,163,122,12,185,54,98,193,191,38,196,161,66,45,135,34,115,65,44,174,190,109,10,184,51,106,91,69,28,8,118,180,159,188,48,92,90,131,148,93,14,178,142,6,61,145,94,13,101,141,36,176,35,97,128,52,2,167,107,123,194,155,50,198,17,82,49,133,18,132,170,77,25,105,4,84,88,70,108,21,73,154,59,197,24,72,78,111,110,171,152,86,127,30,114,182,139,29,137,158,175,85,1,117,120,157,173,186,79,42,27,169,172,39,32,55,125,33,192,165,40,87,181,68,9,103,162,147,67,136,144,156,146,31,143,53,183,164,41,75,89,102,62,5,134,112,104,99,63,74,20,138,168,140,126,16,71,19,83,60,179,47,43,187,76,151,7,80,58,64,96,177,199,166,22,195,119,81,153,129,26,150,56,100,0,113,116,124,160,15,121];False
9812;6551;16363;[50,174,23,91,75,18,171,57,3,130,163,59,12,185,0,98,169,6,38,196,161,66,45,135,194,115,46,44,37,190,109,10,184,51,34,136,69,28,8,118,180,159,188,48,92,90,131,148,93,14,178,142,191,61,145,94,13,101,7,89,176,35,97,128,52,2,167,107,123,73,155,65,198,17,82,49,133,189,132,170,77,25,105,4,84,88,70,108,21,106,154,122,197,24,72,78,111,110,11,152,86,127,30,114,182,139,29,137,158,175,85,1,117,120,157,173,186,79,42,27,193,172,39,32,55,125,33,192,165,40,87,181,68,9,103,162,147,67,95,144,156,146,31,143,53,183,164,41,149,36,102,62,5,134,112,104,99,63,74,20,138,168,140,126,16,71,19,83,60,179,47,43,187,76,151,141,80,58,64,96,177,199,166,22,195,119,81,153,129,26,150,56,100,54,113,116,124,160,15,121];False
2047;8142;10189;[34,122,25,118,10,176,83,129,8,84,67,48,92,108,21,99,16,77,112,150,56,18,62,120,24,197,26,9,143,20,3,2,121,160,74,106,130,22,38,45,124,94,75,1,165,153,187,127,39,107,87,76,50,53,93,23,30,134,137,86,69,64,101,151,54,158,199,6,117,98,19,110,81,52,182,28,162,78,60,79,185,148,167,61,41,36,46,131,59,133,96,157,138,178,164,173,66,126,198,159,140,184,109,29,154,156,142,15,135,146,43,128,85,152,172,12,181,82,192,139,33,13,111,195,40,37,71,35,88,171,189,194,31,68,116,57,0,113,196,89,5,141,119,4,183,63,51,72,147,65,102,115,14,49,55,155,73,161,80,114,177,169,191,11,104,180,163,170,95,91,90,125,149,32,97,58,100,7,175,179,27,193,136,144,70,168,17,103,105,174,190,188,186,145,42,47,132,166,123,44];True
1882;8402;10284;[83,76,25,48,10,123,2,129,8,84,67,61,74,108,21,174,16,77,112,150,56,18,62,120,24,197,26,9,143,28,3,99,121,160,92,106,130,22,38,34,124,94,161,1,165,153,187,127,39,107,87,122,50,53,93,23,30,134,137,86,69,64,101,151,54,158,199,6,117,98,19,110,81,52,182,45,162,78,180,79,185,148,167,73,41,36,46,131,59,133,96,157,138,178,164,173,66,126,198,159,140,118,109,29,154,156,142,15,135,60,43,128,85,152,172,12,181,82,192,139,33,13,111,195,40,37,71,35,88,171,189,194,31,68,116,57,0,113,196,89,5,141,119,4,183,63,51,72,147,65,102,115,14,49,55,155,184,75,80,114,177,169,191,11,104,20,163,170,95,91,90,125,149,32,97,58,100,7,175,179,27,193,136,144,70,168,17,103,105,146,190,188,186,145,42,47,132,166,176,44];False
2351;8018;10369;[92,67,112,93,10,176,83,129,8,84,122,73,74,108,21,99,16,77,25,150,56,18,62,120,24,197,26,9,143,20,3,2,121,160,142,49,130,22,38,198,124,94,161,1,165,153,187,127,39,107,87,76,50,53,135,23,30,134,137,86,69,64,101,151,54,158,199,6,117,98,19,110,81,52,182,28,162,78,60,79,185,148,167,61,41,36,46,131,59,133,96,157,138,178,164,173,66,126,34,159,140,118,109,29,154,156,106,71,48,146,43,128,85,152,172,12,181,82,192,139,33,13,111,195,40,37,15,35,88,171,189,194,102,68,116,57,0,113,196,89,5,141,119,4,183,63,51,72,147,65,31,115,14,45,55,155,184,75,80,114,177,169,191,11,104,180,163,170,95,91,90,125,149,32,97,58,100,7,175,179,27,193,136,144,70,168,17,103,105,174,190,188,186,145,42,47,132,166,123,44];True
2622;7983;10605;[73,108,15,150,10,176,83,129,8,84,67,56,74,20,21,99,16,77,112,48,174,18,62,120,24,197,26,9,143,69,3,2,121,160,92,49,130,22,40,34,124,94,161,38,165,153,187,127,39,107,87,76,50,53,93,23,30,134,137,86,122,64,101,151,54,158,199,6,117,98,186,110,81,52,182,28,162,78,60,79,185,148,167,61,41,36,46,131,59,133,96,157,138,178,164,173,66,126,198,159,140,118,109,29,154,156,106,71,135,146,43,128,85,152,172,12,181,82,192,139,33,13,111,195,25,37,1,35,88,171,189,194,31,68,116,57,0,113,196,89,5,141,119,4,183,63,51,72,147,65,102,115,14,45,55,155,184,75,80,114,177,169,191,11,104,180,163,170,95,91,90,125,149,32,97,58,100,7,175,179,27,193,136,144,70,168,17,103,105,142,190,188,19,145,42,47,132,166,123,44];False
2611;7980;10591;[84,67,38,150,10,176,83,129,8,16,99,73,74,56,21,92,69,77,112,48,108,18,62,120,24,197,26,9,143,20,3,2,121,160,34,49,130,22,40,146,124,94,161,1,165,153,187,127,39,107,87,76,50,53,93,23,30,134,137,86,122,64,101,151,54,158,199,6,117,98,186,110,81,52,182,28,162,78,60,79,185,148,167,61,41,36,46,131,59,133,96,157,138,178,164,173,66,126,198,159,140,118,109,29,154,156,106,71,135,174,43,128,85,152,172,12,181,82,192,139,33,13,111,195,25,37,15,35,88,171,189,194,31,68,116,57,0,113,196,89,5,141,119,4,183,63,51,72,147,65,102,115,14,45,55,155,184,75,80,114,177,169,191,11,104,180,163,170,95,91,90,125,149,32,97,58,100,7,175,179,27,193,136,144,70,168,17,103,105,142,190,188,19,145,42,47,132,166,123,44];False
1743;8953;10696;[34,51,112,48,174,1,2,129,8,84,122,107,94,118,105,10,116,17,193,15,173,18,25,120,24,197,26,9,109,20,146,49,45,65,92,142,130,22,38,147,3,101,75,12,165,153,187,127,39,73,87,76,50,53,93,27,30,134,137,86,181,82,23,151,54,158,121,6,117,98,78,110,81,52,108,74,183,83,135,79,185,148,167,61,59,36,46,5,41,133,96,157,138,178,152,56,66,126,198,159,140,19,131,29,154,156,160,71,69,190,43,128,85,164,111,192,40,124,150,139,33,13,172,195,182,37,60,35,88,145,189,194,31,171,141,57,186,113,196,89,162,106,119,28,4,97,67,0,199,62,102,115,14,114,55,155,184,161,80,58,177,169,191,11,104,180,163,170,95,91,90,125,149,32,68,63,100,7,175,143,99,16,136,144,70,168,64,103,21,72,77,188,179,176,42,47,132,166,123,44];False
1713;8963;10676;[20,51,112,48,10,1,2,129,8,84,122,107,101,118,105,99,106,17,45,15,173,18,25,120,24,197,26,9,109,4,146,180,147,65,92,49,130,22,38,34,3,94,75,12,165,153,187,127,39,73,87,76,50,53,93,27,30,134,137,86,181,82,23,151,54,158,121,6,117,98,78,110,81,52,108,74,183,83,135,79,185,148,167,61,59,36,46,5,41,133,96,157,138,178,152,56,66,126,198,159,140,19,131,29,154,156,160,71,69,190,43,128,85,164,111,192,40,124,150,139,33,13,172,195,182,149,60,35,88,145,189,194,31,171,116,57,186,113,196,89,162,141,119,28,142,97,67,0,199,62,102,115,14,114,55,155,184,161,80,58,177,169,191,11,104,193,163,170,95,91,90,125,37,32,68,63,100,7,175,143,174,16,136,144,70,168,64,103,21,72,77,188,179,176,42,47,132,166,123,44];True
1734;8957;10691;[94,49,112,48,10,1,2,129,8,84,122,107,118,146,105,99,141,17,193,15,173,18,25,120,24,197,26,9,109,20,3,114,147,65,92,142,130,22,38,174,67,19,75,12,165,153,187,127,39,73,87,76,50,53,93,23,30,134,58,86,181,82,101,151,54,158,121,6,117,98,78,110,81,52,108,74,183,192,135,79,185,148,167,61,59,36,46,5,41,133,96,157,138,178,152,56,66,126,106,159,140,34,51,29,154,156,160,71,69,190,43,128,85,164,111,83,40,124,150,139,33,13,172,195,182,149,60,35,88,145,189,194,31,171,116,57,186,113,196,89,162,198,119,28,4,97,131,0,199,62,102,115,14,45,55,155,184,161,80,137,177,169,191,11,104,180,163,170,95,91,90,125,37,32,68,63,100,7,175,143,27,16,136,144,70,168,64,103,21,72,77,188,179,176,42,47,132,166,123,44];True
6498;7907;14405;[66,171,199,111,169,135,132,57,7,130,163,122,12,22,149,98,193,191,38,196,161,136,45,105,194,115,46,44,139,190,109,174,184,51,34,91,69,28,8,118,180,27,140,48,92,90,131,148,9,14,3,142,29,61,145,94,13,101,75,36,176,26,164,128,52,2,167,170,123,50,146,71,198,73,82,49,133,166,186,107,77,159,18,4,181,88,70,108,21,106,154,59,197,24,32,195,10,110,11,152,72,127,30,114,182,37,85,55,158,175,6,1,117,120,157,173,17,79,185,102,23,172,39,78,83,125,33,35,165,40,87,84,68,93,103,65,147,153,15,144,156,155,31,143,53,183,97,41,0,89,25,62,5,134,112,104,99,160,74,20,138,168,188,126,16,162,19,137,60,179,47,43,187,76,151,141,80,58,64,96,177,42,189,178,86,119,81,67,129,192,150,56,100,54,113,116,124,63,95,121];False
6498;7881;14379;[169,3,115,132,22,135,171,57,7,130,163,122,12,199,149,98,193,191,38,196,161,66,45,105,194,136,46,44,139,190,109,111,184,51,146,91,69,28,8,118,180,27,140,48,92,90,131,148,9,14,198,142,29,61,145,94,13,101,75,36,176,26,164,128,52,2,167,170,123,50,34,71,174,73,82,49,133,166,186,107,77,159,18,4,181,88,70,108,21,106,154,59,197,24,32,195,10,110,11,152,72,127,30,114,182,37,85,55,158,175,6,1,117,120,157,173,17,79,185,102,23,172,39,78,83,125,33,35,165,40,87,84,68,93,103,65,147,153,15,144,156,155,31,143,53,183,97,41,0,89,25,62,5,134,112,104,99,160,74,20,138,168,188,126,16,162,19,137,60,179,47,43,187,76,151,141,80,58,64,96,177,42,189,178,86,119,81,67,129,192,150,56,100,54,113,116,124,63,95,121];False
6628;7851;14479;[115,169,3,132,22,135,171,57,7,130,163,122,12,199,149,98,193,191,38,196,161,66,45,105,194,136,46,44,139,190,109,111,184,51,146,91,69,28,8,118,180,27,140,48,92,90,131,148,9,14,198,142,29,61,145,94,13,101,75,36,176,26,164,128,52,2,167,170,123,50,34,71,174,73,82,49,133,166,186,107,77,159,18,4,181,88,70,108,21,106,154,59,197,24,32,195,10,110,11,152,72,127,30,114,182,37,85,55,158,175,6,1,117,120,157,173,17,79,185,102,23,172,39,78,83,125,33,35,165,40,87,84,68,93,103,65,147,153,15,144,156,155,31,143,53,183,97,41,0,89,25,62,5,134,112,104,99,160,74,20,138,168,188,126,16,162,19,137,60,179,47,43,187,76,151,141,80,58,64,96,177,42,189,178,86,119,81,67,129,192,150,56,100,54,113,116,124,63,95,121];False
7069;7790;14859;[198,184,22,66,7,135,171,57,23,130,163,122,12,199,149,98,193,191,38,196,161,136,45,105,146,115,46,44,139,190,109,111,194,51,124,91,69,28,8,118,180,25,140,48,92,90,131,148,9,14,3,142,29,61,145,94,13,101,75,36,176,26,164,128,52,2,167,107,123,50,34,71,174,132,82,49,133,189,186,170,77,159,18,4,181,88,70,108,21,106,154,59,197,24,32,195,10,110,11,152,72,127,30,114,182,37,85,55,158,175,6,1,117,120,157,173,17,79,185,102,169,172,39,78,83,125,33,35,165,40,87,84,68,93,103,65,147,153,15,144,156,155,31,143,53,183,97,41,0,89,27,62,5,134,112,104,99,160,74,20,138,168,188,126,16,162,19,137,60,179,47,43,187,76,151,141,80,58,64,96,177,42,166,178,86,119,81,67,129,192,150,56,100,54,113,116,73,63,95,121];False
7076;7781;14857;[191,136,22,23,174,135,171,57,7,130,163,122,12,199,149,98,193,71,38,196,161,66,45,105,194,115,46,44,139,190,109,111,184,51,34,91,69,28,8,118,180,159,140,48,92,90,131,148,9,14,3,142,29,61,145,94,13,101,75,36,176,26,164,128,52,2,167,107,123,73,146,50,198,132,82,49,133,189,186,170,77,25,18,4,181,88,70,108,21,106,154,59,197,24,32,195,10,110,11,152,72,127,30,114,182,37,85,55,158,175,6,1,117,120,157,173,17,79,185,102,169,172,39,78,83,125,33,35,165,40,87,84,68,93,103,65,147,153,15,144,156,155,31,143,53,183,97,41,0,89,27,62,5,134,112,104,99,160,74,20,138,168,188,126,16,162,19,137,60,179,47,43,187,76,151,141,80,58,64,96,177,42,166,178,86,119,81,67,129,192,150,56,100,54,113,116,124,63,95,121];False
7126;7758;14884;[136,71,22,135,23,174,171,57,7,130,163,122,12,199,149,98,193,191,38,196,161,66,45,105,194,115,46,44,139,190,109,111,184,51,34,91,69,28,8,118,180,159,140,48,92,90,131,148,9,14,3,142,29,61,145,94,13,101,75,36,176,26,164,128,52,2,167,107,123,73,146,50,198,132,82,49,133,189,186,170,77,25,18,4,181,88,70,108,21,106,154,59,197,24,32,195,10,110,11,152,72,127,30,114,182,37,85,55,158,175,6,1,117,120,157,173,17,79,185,102,169,172,39,78,83,125,33,35,165,40,87,84,68,93,103,65,147,153,15,144,156,155,31,143,53,183,97,41,0,89,27,62,5,134,112,104,99,160,74,20,138,168,188,126,16,162,19,137,60,179,47,43,187,76,151,141,80,58,64,96,177,42,166,178,86,119,81,67,129,192,150,56,100,54,113,116,124,63,95,121];False
7127;7757;14884;[135,136,22,71,23,174,171,57,7,130,163,122,12,199,149,98,193,191,38,196,161,66,45,105,194,115,46,44,139,190,109,111,184,51,34,91,69,28,8,118,180,159,140,48,92,90,131,148,9,14,3,142,29,61,145,94,13,101,75,36,176,26,164,128,52,2,167,107,123,73,146,50,198,132,82,49,133,189,186,170,77,25,18,4,181,88,70,108,21,106,154,59,197,24,32,195,10,110,11,152,72,127,30,114,182,37,85,55,158,175,6,1,117,120,157,173,17,79,185,102,169,172,39,78,83,125,33,35,165,40,87,84,68,93,103,65,147,153,15,144,156,155,31,143,53,183,97,41,0,89,27,62,5,134,112,104,99,160,74,20,138,168,188,126,16,162,19,137,60,179,47,43,187,76,151,141,80,58,64,96,177,42,166,178,86,119,81,67,129,192,150,56,100,54,113,116,124,63,95,121];False
7281;7690;14971;[198,15,23,182,32,87,75,88,171,163,86,12,6,185,0,73,65,160,38,196,132,14,194,191,154,3,157,183,37,138,184,115,25,99,108,35,193,28,8,20,13,174,188,55,44,94,131,47,68,123,106,78,52,91,69,61,176,59,11,57,189,26,175,62,120,2,89,107,48,63,29,164,4,126,41,114,112,165,153,7,77,177,169,72,84,85,66,45,124,51,90,134,197,168,74,142,101,81,36,145,100,111,122,98,139,105,180,67,158,30,40,96,76,93,150,173,46,10,42,27,24,187,39,95,1,125,33,127,128,129,18,181,148,9,103,92,136,137,43,53,146,190,31,82,144,121,162,147,149,152,49,151,97,130,113,155,17,21,34,159,109,135,140,50,16,118,166,80,133,178,170,199,172,79,117,102,110,60,64,179,58,161,192,22,195,83,186,54,119,167,71,56,5,141,19,116,70,104,143,156];False
7414;7641;15055;[66,135,23,171,7,136,44,57,22,130,163,122,12,185,149,98,193,37,38,196,161,191,45,105,194,115,46,73,174,190,109,111,184,51,34,91,69,28,8,118,180,159,140,48,92,90,131,148,9,14,3,142,85,61,145,94,13,101,75,36,176,26,164,128,52,2,167,107,123,50,146,65,198,186,82,49,133,189,132,170,77,25,18,4,84,88,70,108,21,106,154,59,197,24,32,195,10,110,11,152,72,127,30,114,182,139,29,137,158,175,6,1,117,120,157,173,17,79,199,102,169,172,39,78,83,125,33,192,165,40,87,181,68,93,103,162,147,153,15,144,156,155,31,143,53,183,97,41,0,89,27,62,5,134,112,104,99,160,74,20,138,168,188,126,16,71,19,55,60,179,47,43,187,76,151,141,80,58,64,96,177,42,166,178,86,119,81,67,129,35,150,56,100,54,113,116,124,63,95,121];False
7460;7616;15076;[7,135,23,136,37,174,171,57,22,130,163,122,12,185,149,98,193,191,38,196,161,66,45,105,194,115,46,44,34,190,109,111,184,51,106,91,69,28,8,118,180,159,140,48,92,90,131,148,9,14,3,142,85,61,145,94,13,101,75,36,176,26,164,128,52,2,167,107,123,50,146,65,198,186,82,49,133,189,132,170,77,25,18,4,84,88,70,108,21,73,154,59,197,24,32,195,10,110,11,152,72,127,30,114,182,139,29,137,158,175,6,1,117,120,157,173,17,79,199,102,169,172,39,78,83,125,33,192,165,40,87,181,68,93,103,162,147,153,15,144,156,155,31,143,53,183,97,41,0,89,27,62,5,134,112,104,99,160,74,20,138,168,188,126,16,71,19,55,60,179,47,43,187,76,151,141,80,58,64,96,177,42,166,178,86,119,81,67,129,35,150,56,100,54,113,116,124,63,95,121];False
7694;7431;15125;[57,171,7,161,136,115,135,174,22,130,163,122,12,185,149,98,193,23,38,196,198,66,45,105,194,191,46,44,48,190,109,10,184,51,34,91,69,28,8,118,180,159,140,73,92,90,131,148,93,14,178,142,85,61,145,94,13,101,75,36,176,26,164,128,52,2,167,107,123,50,146,65,37,186,82,49,133,189,132,170,77,25,18,4,84,88,70,108,21,106,154,59,197,24,32,195,111,110,11,152,72,127,30,114,182,139,29,137,158,175,6,1,117,120,157,173,17,79,199,27,169,172,39,78,55,125,33,192,165,40,87,181,68,9,103,162,147,153,15,144,156,155,31,143,53,183,97,41,0,89,102,62,5,134,112,104,99,160,74,20,138,168,188,126,16,71,19,83,60,179,47,43,187,76,151,141,80,58,64,96,177,42,166,3,86,119,81,67,129,35,150,56,100,54,113,116,124,63,95,121];False
8550;6790;15340;[170,98,66,6,149,18,171,57,3,130,163,122,12,185,54,46,193,188,38,196,161,37,45,135,194,115,191,44,125,190,109,10,184,51,34,91,69,28,8,118,180,159,174,48,92,90,131,148,93,14,178,142,136,61,145,94,13,101,141,36,176,35,97,128,52,2,167,107,123,50,155,65,198,17,82,49,133,189,132,23,77,25,105,4,84,88,70,108,21,106,154,59,197,24,72,78,111,110,11,152,86,127,30,114,182,139,29,137,158,175,85,1,117,120,157,173,186,79,42,27,169,172,39,32,55,73,33,192,165,40,87,181,68,9,103,162,147,67,95,144,156,146,31,143,53,183,164,41,75,89,102,62,5,134,112,104,99,63,74,20,138,168,140,126,16,71,19,83,60,179,47,43,187,76,151,7,80,58,64,96,177,199,166,22,195,119,81,153,129,26,150,56,100,0,113,116,124,160,15,121];False
8164;7239;15403;[135,191,136,46,7,115,171,57,22,130,163,122,12,185,149,98,193,23,38,196,161,66,45,105,194,73,174,44,37,190,109,10,184,51,34,91,69,28,8,118,180,159,140,48,92,90,131,148,93,14,178,142,85,61,145,94,13,101,75,36,176,26,97,128,52,2,167,107,123,50,146,65,198,186,82,49,133,189,132,170,77,25,18,4,84,88,70,108,21,106,154,59,197,24,32,86,111,110,11,152,72,127,30,114,182,139,29,137,158,175,6,1,117,120,157,173,17,79,199,27,169,172,39,78,55,125,33,192,165,40,87,181,68,9,103,162,147,153,15,144,156,155,31,143,53,183,164,41,0,89,102,62,5,134,112,104,99,63,74,20,138,168,188,126,16,71,19,83,60,179,47,43,187,76,151,141,80,58,64,96,177,42,166,3,195,119,81,67,129,35,150,56,100,54,113,116,124,160,95,121];False
8151;7245;15396;[115,135,136,46,7,191,171,57,22,130,163,122,12,185,149,98,193,23,38,196,161,66,45,105,194,73,174,44,37,190,109,10,184,51,34,91,69,28,8,118,180,159,140,48,92,90,131,148,93,14,178,142,85,61,145,94,13,101,75,36,176,26,97,128,52,2,167,107,123,50,146,65,198,186,82,49,133,189,132,170,77,25,18,4,84,88,70,108,21,106,154,59,197,24,32,86,111,110,11,152,72,127,30,114,182,139,29,137,158,175,6,1,117,120,157,173,17,79,199,27,169,172,39,78,55,125,33,192,165,40,87,181,68,9,103,162,147,153,15,144,156,155,31,143,53,183,164,41,0,89,102,62,5,134,112,104,99,63,74,20,138,168,188,126,16,71,19,83,60,179,47,43,187,76,151,141,80,58,64,96,177,42,166,3,195,119,81,67,129,35,150,56,100,54,113,116,124,160,95,121];False
8088;7243;15331;[22,191,135,136,194,115,171,57,7,130,163,122,12,185,149,98,193,23,38,196,161,66,45,105,174,73,46,44,37,190,109,10,184,51,34,91,69,28,8,118,180,159,140,48,92,90,131,148,93,14,178,142,85,61,145,94,13,101,75,36,176,26,97,128,52,2,167,107,123,50,146,65,198,186,82,49,133,189,132,170,77,25,18,4,84,88,70,108,21,106,154,59,197,24,32,86,111,110,11,152,72,127,30,114,182,139,29,137,158,175,6,1,117,120,157,173,17,79,199,27,169,172,39,78,55,125,33,192,165,40,87,181,68,9,103,162,147,153,15,144,156,155,31,143,53,183,164,41,0,89,102,62,5,134,112,104,99,63,74,20,138,168,188,126,16,71,19,83,60,179,47,43,187,76,151,141,80,58,64,96,177,42,166,3,195,119,81,67,129,35,150,56,100,54,113,116,124,160,95,121];False
8633;6765;15398;[38,174,10,6,149,18,171,57,180,130,163,122,12,185,54,98,193,184,3,196,191,66,45,135,194,115,46,44,34,198,109,23,190,51,106,91,69,28,8,118,161,159,188,48,92,90,131,148,93,14,178,142,136,61,145,94,13,101,141,36,176,35,97,128,52,2,167,107,123,50,155,65,37,17,82,49,133,189,132,170,77,25,105,4,84,88,70,108,21,73,154,59,197,24,72,78,111,110,11,152,86,127,30,114,182,139,29,137,158,175,85,1,117,120,157,173,186,79,42,27,169,172,39,32,55,125,33,192,165,40,87,181,68,9,103,162,147,67,95,144,156,146,31,143,53,183,164,41,75,89,102,62,5,134,112,104,99,63,74,20,138,168,140,126,16,71,19,83,60,179,47,43,187,76,151,7,80,58,64,96,177,199,166,22,195,119,81,153,129,26,150,56,100,0,113,116,124,160,15,121];False
8361;7136;15497;[194,191,186,135,7,136,171,57,3,130,163,122,12,185,149,98,193,23,38,196,161,66,45,105,44,115,46,174,37,190,109,10,184,51,34,91,69,28,8,118,180,159,140,48,92,90,131,148,93,14,178,142,85,61,145,94,13,101,75,36,176,26,97,128,52,2,167,107,123,50,146,65,198,73,82,49,133,189,132,170,77,25,18,4,84,88,70,108,21,106,154,59,197,24,86,32,111,110,11,152,72,127,30,114,182,139,29,137,158,175,6,1,117,120,157,173,17,79,199,27,169,172,39,78,55,125,33,192,165,40,87,181,68,9,103,162,147,153,95,144,156,155,31,143,53,183,164,41,0,89,102,62,5,134,112,104,99,63,74,20,138,168,188,126,16,71,19,83,60,179,47,43,187,76,151,141,80,58,64,96,177,42,166,22,195,119,81,67,129,35,150,56,100,54,113,116,124,160,15,121];False
8801;6674;15475;[155,37,194,136,75,18,171,57,3,130,163,122,12,185,54,98,193,6,38,196,161,66,45,135,142,115,46,44,140,190,109,10,184,51,174,91,69,28,8,118,34,159,188,48,92,90,131,148,93,14,178,23,191,61,145,94,13,101,141,36,176,35,97,128,52,2,167,107,123,73,65,180,198,17,82,49,133,189,132,170,77,25,105,4,84,88,70,108,21,106,154,59,197,24,72,78,111,110,11,152,86,127,30,114,182,139,29,137,158,175,85,1,117,120,157,173,186,79,42,27,169,172,39,32,55,125,33,192,165,40,87,181,68,9,103,162,147,67,95,144,156,146,31,143,53,183,164,41,149,89,102,62,5,134,112,104,99,63,74,20,138,168,50,126,16,71,19,83,60,179,47,43,187,76,151,7,80,58,64,96,177,199,166,22,195,119,81,153,129,26,150,56,100,0,113,116,124,160,15,121];True
8665;6741;15406;[38,46,23,95,149,189,11,57,3,130,163,122,12,185,54,98,193,191,37,196,161,66,45,135,34,115,65,44,174,190,109,10,184,51,106,91,69,28,8,118,180,159,188,48,92,90,131,148,93,14,178,142,6,61,145,94,13,101,141,36,176,35,97,128,52,2,167,107,123,194,155,50,198,17,82,49,133,18,132,170,77,25,105,4,84,88,70,108,21,73,154,59,197,24,72,78,111,110,171,152,86,127,30,114,182,139,29,137,158,175,85,1,117,120,157,173,186,79,42,27,169,172,39,32,55,125,33,192,165,40,87,181,68,9,103,162,147,67,136,144,156,146,31,143,53,183,164,41,75,89,102,62,5,134,112,104,99,63,74,20,138,168,140,126,16,71,19,83,60,179,47,43,187,76,151,7,80,58,64,96,177,199,166,22,195,119,81,153,129,26,150,56,100,0,113,116,124,160,15,121];False
9921;6544;16465;[50,174,23,91,75,18,171,57,3,130,163,59,12,185,0,98,169,6,89,196,161,66,45,135,194,115,46,44,37,190,109,10,184,51,34,136,69,28,8,118,180,159,188,48,92,90,131,148,93,14,178,142,191,61,145,94,13,101,7,38,176,35,97,128,52,2,167,107,123,73,155,65,198,17,82,49,133,189,132,170,77,25,105,4,84,88,70,108,21,106,154,122,197,24,72,78,111,110,11,152,86,127,30,114,182,139,29,137,158,175,85,1,117,120,157,173,186,79,42,27,193,172,39,32,55,125,33,192,165,40,87,181,68,9,103,162,147,67,95,144,156,146,31,143,53,183,164,41,149,36,102,62,5,134,112,104,99,63,74,20,138,168,140,126,16,71,19,83,60,179,47,43,187,76,151,141,80,58,64,96,177,199,166,22,195,119,81,153,129,26,150,56,100,54,113,116,124,160,15,121];True
2023;8144;10167;[34,122,1,118,10,176,83,129,8,84,67,48,92,108,21,99,16,77,112,150,56,18,62,120,24,197,26,9,143,20,3,2,121,160,74,106,130,22,38,45,124,94,75,25,165,153,187,127,39,107,87,76,50,53,93,23,30,134,137,86,69,64,101,151,54,158,199,6,117,98,19,110,81,52,182,28,162,78,60,79,185,148,167,61,41,36,46,131,59,133,96,157,138,178,164,173,66,126,198,159,140,184,109,29,154,156,142,15,135,146,43,128,85,152,172,12,181,82,192,139,33,13,111,195,40,37,71,35,88,171,189,194,31,68,116,57,0,113,196,89,5,141,119,4,183,63,51,72,147,65,102,115,14,49,55,155,73,161,80,114,177,169,191,11,104,180,163,170,95,91,90,125,149,32,97,58,100,7,175,179,27,193,136,144,70,168,17,103,105,174,190,188,186,145,42,47,132,166,123,44];True
1881;8404;10285;[83,76,25,48,10,73,2,129,8,84,67,61,74,108,21,174,16,77,112,150,56,18,62,120,24,197,26,9,143,28,3,99,121,160,92,106,130,22,38,34,124,94,161,1,165,153,187,127,39,107,87,122,50,53,93,23,30,134,137,86,69,64,101,151,54,158,199,6,117,98,19,110,81,52,182,45,162,78,180,79,185,148,167,123,41,36,46,131,59,133,96,157,138,178,164,173,66,126,198,159,140,118,109,29,154,156,142,15,135,60,43,128,85,152,172,12,181,82,192,139,33,13,111,195,40,37,71,35,88,171,189,194,31,68,116,57,0,113,196,89,5,141,119,4,183,63,51,72,147,65,102,115,14,49,55,155,184,75,80,114,177,169,191,11,104,20,163,170,95,91,90,125,149,32,97,58,100,7,175,179,27,193,136,144,70,168,17,103,105,146,190,188,186,145,42,47,132,166,176,44];False
2497;7997;10494;[72,67,112,93,10,176,83,129,8,84,122,73,74,108,21,99,16,77,25,150,56,18,62,120,24,197,26,9,143,20,3,2,121,160,142,49,130,22,38,198,124,94,161,1,165,153,187,127,39,107,87,76,50,53,135,23,30,134,137,86,69,64,101,151,54,158,199,6,117,98,19,110,81,52,182,28,162,78,60,79,185,148,167,61,41,36,46,131,59,133,96,157,138,178,164,173,66,126,34,159,140,118,109,29,154,156,106,71,48,146,43,128,85,152,172,12,181,82,192,139,33,13,111,195,40,37,15,35,88,171,189,194,102,68,116,57,0,113,196,89,5,141,119,4,183,63,51,92,147,65,31,115,14,45,55,155,184,75,80,114,177,169,191,11,104,180,163,170,95,91,90,125,149,32,97,58,100,7,175,179,27,193,136,144,70,168,17,103,105,174,190,188,186,145,42,47,132,166,123,44];False
2564;7961;10525;[174,67,38,150,10,176,83,129,8,16,99,73,74,56,21,92,69,77,112,48,108,18,62,120,24,197,26,9,143,20,3,2,121,160,34,49,130,22,40,146,124,94,161,1,165,153,187,127,39,107,87,76,50,53,93,23,30,134,137,86,122,64,101,151,54,158,199,6,117,98,186,110,81,52,182,28,162,78,60,79,185,148,167,61,41,36,46,131,59,133,96,157,138,178,164,173,66,126,198,159,140,118,109,29,154,156,106,71,135,84,43,128,85,152,172,12,181,82,192,139,33,13,111,195,25,37,15,35,88,171,189,194,31,68,116,57,0,113,196,89,5,141,119,4,183,63,51,72,147,65,102,115,14,45,55,155,184,75,80,114,177,169,191,11,104,180,163,170,95,91,90,125,149,32,97,58,100,7,175,179,27,193,136,144,70,168,17,103,105,142,190,188,19,145,42,47,132,166,123,44];True
1789;8894;10683;[34,49,112,48,174,1,2,129,8,84,122,107,94,118,105,10,116,17,193,15,173,18,25,120,24,197,26,9,109,20,146,51,45,65,92,142,130,22,38,147,3,101,75,12,165,153,187,127,39,73,87,76,50,53,93,27,30,134,137,86,181,82,23,151,54,158,121,6,117,98,78,110,81,52,108,74,183,83,135,79,185,148,167,61,59,36,46,5,41,133,96,157,138,178,152,56,66,126,198,159,140,19,131,29,154,156,160,71,69,190,43,128,85,164,111,192,40,124,150,139,33,13,172,195,182,37,60,35,88,145,189,194,31,171,141,57,186,113,196,89,162,106,119,28,4,97,67,0,199,62,102,115,14,114,55,155,184,161,80,58,177,169,191,11,104,180,163,170,95,91,90,125,149,32,68,63,100,7,175,143,99,16,136,144,70,168,64,103,21,72,77,188,179,176,42,47,132,166,123,44];True
1756;8944;10700;[20,109,112,48,10,1,2,129,8,84,122,107,101,118,105,99,106,17,45,15,173,18,25,120,24,197,26,9,51,4,146,180,147,65,92,49,130,22,38,34,3,94,75,12,165,153,187,127,39,73,87,76,50,53,93,27,30,134,137,86,181,82,23,151,54,158,121,6,117,98,78,110,81,52,108,74,183,83,135,79,185,148,167,61,59,36,46,5,41,133,96,157,138,178,152,56,66,126,198,159,140,19,131,29,154,156,160,71,69,190,43,128,85,164,111,192,40,124,150,139,33,13,172,195,182,149,60,35,88,145,189,194,31,171,116,57,186,113,196,89,162,141,119,28,142,97,67,0,199,62,102,115,14,114,55,155,184,161,80,58,177,169,191,11,104,193,163,170,95,91,90,125,37,32,68,63,100,7,175,143,174,16,136,144,70,168,64,103,21,72,77,188,179,176,42,47,132,166,123,44];False
1744;8951;10695;[146,49,112,48,10,1,2,129,8,84,122,107,118,94,105,99,141,17,193,15,173,18,25,120,24,197,26,9,109,20,3,114,147,65,92,142,130,22,38,174,67,19,75,12,165,153,187,127,39,73,87,76,50,53,93,23,30,134,58,86,181,82,101,151,54,158,121,6,117,98,78,110,81,52,108,74,183,192,135,79,185,148,167,61,59,36,46,5,41,133,96,157,138,178,152,56,66,126,106,159,140,34,51,29,154,156,160,71,69,190,43,128,85,164,111,83,40,124,150,139,33,13,172,195,182,149,60,35,88,145,189,194,31,171,116,57,186,113,196,89,162,198,119,28,4,97,131,0,199,62,102,115,14,45,55,155,184,161,80,137,177,169,191,11,104,180,163,170,95,91,90,125,37,32,68,63,100,7,175,143,27,16,136,144,70,168,64,103,21,72,77,188,179,176,42,47,132,166,123,44];False
6471;7883;14354;[191,3,115,132,22,135,171,57,7,130,163,122,12,199,149,98,193,169,38,196,161,66,45,105,194,136,46,44,139,190,109,111,184,51,146,91,69,28,8,118,180,27,140,48,92,90,131,148,9,14,198,142,29,61,145,94,13,101,75,36,176,26,164,128,52,2,167,170,123,50,34,71,174,73,82,49,133,166,186,107,77,159,18,4,181,88,70,108,21,106,154,59,197,24,32,195,10,110,11,152,72,127,30,114,182,37,85,55,158,175,6,1,117,120,157,173,17,79,185,102,23,172,39,78,83,125,33,35,165,40,87,84,68,93,103,65,147,153,15,144,156,155,31,143,53,183,97,41,0,89,25,62,5,134,112,104,99,160,74,20,138,168,188,126,16,162,19,137,60,179,47,43,187,76,151,141,80,58,64,96,177,42,189,178,86,119,81,67,129,192,150,56,100,54,113,116,124,63,95,121];False
6506;7867;14373;[66,169,3,132,22,135,171,57,7,130,163,122,12,199,149,98,193,191,38,196,161,115,45,105,194,136,46,44,139,190,109,111,184,51,146,91,69,28,8,118,180,27,140,48,92,90,131,148,9,14,198,142,29,61,145,94,13,101,75,36,176,26,164,128,52,2,167,170,123,50,34,71,174,73,82,49,133,166,186,107,77,159,18,4,181,88,70,108,21,106,154,59,197,24,32,195,10,110,11,152,72,127,30,114,182,37,85,55,158,175,6,1,117,120,157,173,17,79,185,102,23,172,39,78,83,125,33,35,165,40,87,84,68,93,103,65,147,153,15,144,156,155,31,143,53,183,97,41,0,89,25,62,5,134,112,104,99,160,74,20,138,168,188,126,16,162,19,137,60,179,47,43,187,76,151,141,80,58,64,96,177,42,189,178,86,119,81,67,129,192,150,56,100,54,113,116,124,63,95,121];False
7051;7787;14838;[146,184,22,66,7,135,171,57,23,130,163,122,12,199,149,98,193,191,38,196,161,136,45,105,198,115,46,44,139,190,109,111,194,51,124,91,69,28,8,118,180,25,140,48,92,90,131,148,9,14,3,142,29,61,145,94,13,101,75,36,176,26,164,128,52,2,167,107,123,50,34,71,174,132,82,49,133,189,186,170,77,159,18,4,181,88,70,108,21,106,154,59,197,24,32,195,10,110,11,152,72,127,30,114,182,37,85,55,158,175,6,1,117,120,157,173,17,79,185,102,169,172,39,78,83,125,33,35,165,40,87,84,68,93,103,65,147,153,15,144,156,155,31,143,53,183,97,41,0,89,27,62,5,134,112,104,99,160,74,20,138,168,188,126,16,162,19,137,60,179,47,43,187,76,151,141,80,58,64,96,177,42,166,178,86,119,81,67,129,192,150,56,100,54,113,116,73,63,95,121];False
7095;7748;14843;[174,136,22,23,191,135,171,57,7,130,163,122,12,199,149,98,193,71,38,196,161,66,45,105,194,115,46,44,139,190,109,111,184,51,34,91,69,28,8,118,180,159,140,48,92,90,131,148,9,14,3,142,29,61,145,94,13,101,75,36,176,26,164,128,52,2,167,107,123,73,146,50,198,132,82,49,133,189,186,170,77,25,18,4,181,88,70,108,21,106,154,59,197,24,32,195,10,110,11,152,72,127,30,114,182,37,85,55,158,175,6,1,117,120,157,173,17,79,185,102,169,172,39,78,83,125,33,35,165,40,87,84,68,93,103,65,147,153,15,144,156,155,31,143,53,183,97,41,0,89,27,62,5,134,112,104,99,160,74,20,138,168,188,126,16,162,19,137,60,179,47,43,187,76,151,141,80,58,64,96,177,42,166,178,86,119,81,67,129,192,150,56,100,54,113,116,124,63,95,121];False
7242;7710;14952;[94,15,23,182,32,87,75,88,171,163,86,12,6,185,0,73,65,160,38,196,132,14,194,191,154,3,157,183,37,138,184,115,25,99,108,35,193,28,8,20,13,174,188,55,44,198,131,47,68,123,106,78,52,91,69,61,176,59,11,57,189,26,175,62,120,2,89,107,48,63,29,164,4,126,41,114,112,165,153,7,77,177,169,72,84,85,66,45,124,51,90,134,197,168,74,142,101,81,36,145,100,111,122,98,139,105,180,67,158,30,40,96,76,93,150,173,46,10,42,27,24,187,39,95,1,125,33,127,128,129,18,181,148,9,103,92,136,137,43,53,146,190,31,82,144,121,162,147,149,152,49,151,97,130,113,155,17,21,34,159,109,135,140,50,16,118,166,80,133,178,170,199,172,79,117,102,110,60,64,179,58,161,192,22,195,83,186,54,119,167,71,56,5,141,19,116,70,104,143,156];False
7430;7632;15062;[22,135,23,171,7,136,44,57,66,130,163,122,12,185,149,98,193,37,38,196,161,191,45,105,194,115,46,73,174,190,109,111,184,51,34,91,69,28,8,118,180,159,140,48,92,90,131,148,9,14,3,142,85,61,145,94,13,101,75,36,176,26,164,128,52,2,167,107,123,50,146,65,198,186,82,49,133,189,132,170,77,25,18,4,84,88,70,108,21,106,154,59,197,24,32,195,10,110,11,152,72,127,30,114,182,139,29,137,158,175,6,1,117,120,157,173,17,79,199,102,169,172,39,78,83,125,33,192,165,40,87,181,68,93,103,162,147,153,15,144,156,155,31,143,53,183,97,41,0,89,27,62,5,134,112,104,99,160,74,20,138,168,188,126,16,71,19,55,60,179,47,43,187,76,151,141,80,58,64,96,177,42,166,178,86,119,81,67,129,35,150,56,100,54,113,116,124,63,95,121];False
7414;7590;15004;[22,135,23,136,37,174,171,57,7,130,163,122,12,185,149,98,193,191,38,196,161,66,45,105,194,115,46,44,34,190,109,111,184,51,106,91,69,28,8,118,180,159,140,48,92,90,131,148,9,14,3,142,85,61,145,94,13,101,75,36,176,26,164,128,52,2,167,107,123,50,146,65,198,186,82,49,133,189,132,170,77,25,18,4,84,88,70,108,21,73,154,59,197,24,32,195,10,110,11,152,72,127,30,114,182,139,29,137,158,175,6,1,117,120,157,173,17,79,199,102,169,172,39,78,83,125,33,192,165,40,87,181,68,93,103,162,147,153,15,144,156,155,31,143,53,183,97,41,0,89,27,62,5,134,112,104,99,160,74,20,138,168,188,126,16,71,19,55,60,179,47,43,187,76,151,141,80,58,64,96,177,42,166,178,86,119,81,67,129,35,150,56,100,54,113,116,124,63,95,121];False
7663;7423;15086;[149,171,7,161,136,115,135,174,22,130,163,122,12,185,57,98,193,23,38,196,198,66,45,105,194,191,46,44,48,190,109,10,184,51,34,91,69,28,8,118,180,159,140,73,92,90,131,148,93,14,178,142,85,61,145,94,13,101,75,36,176,26,164,128,52,2,167,107,123,50,146,65,37,186,82,49,133,189,132,170,77,25,18,4,84,88,70,108,21,106,154,59,197,24,32,195,111,110,11,152,72,127,30,114,182,139,29,137,158,175,6,1,117,120,157,173,17,79,199,27,169,172,39,78,55,125,33,192,165,40,87,181,68,9,103,162,147,153,15,144,156,155,31,143,53,183,97,41,0,89,102,62,5,134,112,104,99,160,74,20,138,168,188,126,16,71,19,83,60,179,47,43,187,76,151,141,80,58,64,96,177,42,166,3,86,119,81,67,129,35,150,56,100,54,113,116,124,63,95,121];False
8547;6790;15337;[66,98,170,6,149,18,171,57,3,130,163,122,12,185,54,46,193,188,38,196,161,37,45,135,194,115,191,44,125,190,109,10,184,51,34,91,69,28,8,118,180,159,174,48,92,90,131,148,93,14,178,142,136,61,145,94,13,101,141,36,176,35,97,128,52,2,167,107,123,50,155,65,198,17,82,49,133,189,132,23,77,25,105,4,84,88,70,108,21,106,154,59,197,24,72,78,111,110,11,152,86,127,30,114,182,139,29,137,158,175,85,1,117,120,157,173,186,79,42,27,169,172,39,32,55,73,33,192,165,40,87,181,68,9,103,162,147,67,95,144,156,146,31,143,53,183,164,41,75,89,102,62,5,134,112,104,99,63,74,20,138,168,140,126,16,71,19,83,60,179,47,43,187,76,151,7,80,58,64,96,177,199,166,22,195,119,81,153,129,26,150,56,100,0,113,116,124,160,15,121];False
8070;7261;15331;[7,191,136,46,135,115,171,57,22,130,163,122,12,185,149,98,193,23,38,196,161,66,45,105,194,73,174,44,37,190,109,10,184,51,34,91,69,28,8,118,180,159,140,48,92,90,131,148,93,14,178,142,85,61,145,94,13,101,75,36,176,26,97,128,52,2,167,107,123,50,146,65,198,186,82,49,133,189,132,170,77,25,18,4,84,88,70,108,21,106,154,59,197,24,32,86,111,110,11,152,72,127,30,114,182,139,29,137,158,175,6,1,117,120,157,173,17,79,199,27,169,172,39,78,55,125,33,192,165,40,87,181,68,9,103,162,147,153,15,144,156,155,31,143,53,183,164,41,0,89,102,62,5,134,112,104,99,63,74,20,138,168,188,126,16,71,19,83,60,179,47,43,187,76,151,141,80,58,64,96,177,42,166,3,195,119,81,67,129,35,150,56,100,54,113,116,124,160,95,121];False
8113;7237;15350;[191,22,135,136,194,115,171,57,7,130,163,122,12,185,149,98,193,23,38,196,161,66,45,105,174,73,46,44,37,190,109,10,184,51,34,91,69,28,8,118,180,159,140,48,92,90,131,148,93,14,178,142,85,61,145,94,13,101,75,36,176,26,97,128,52,2,167,107,123,50,146,65,198,186,82,49,133,189,132,170,77,25,18,4,84,88,70,108,21,106,154,59,197,24,32,86,111,110,11,152,72,127,30,114,182,139,29,137,158,175,6,1,117,120,157,173,17,79,199,27,169,172,39,78,55,125,33,192,165,40,87,181,68,9,103,162,147,153,15,144,156,155,31,143,53,183,164,41,0,89,102,62,5,134,112,104,99,63,74,20,138,168,188,126,16,71,19,83,60,179,47,43,187,76,151,141,80,58,64,96,177,42,166,3,195,119,81,67,129,35,150,56,100,54,113,116,124,160,95,121];False
8099;7208;15307;[194,191,135,136,22,115,171,57,7,130,163,122,12,185,149,98,193,23,38,196,161,66,45,105,174,73,46,44,37,190,109,10,184,51,34,91,69,28,8,118,180,159,140,48,92,90,131,148,93,14,178,142,85,61,145,94,13,101,75,36,176,26,97,128,52,2,167,107,123,50,146,65,198,186,82,49,133,189,132,170,77,25,18,4,84,88,70,108,21,106,154,59,197,24,32,86,111,110,11,152,72,127,30,114,182,139,29,137,158,175,6,1,117,120,157,173,17,79,199,27,169,172,39,78,55,125,33,192,165,40,87,181,68,9,103,162,147,153,15,144,156,155,31,143,53,183,164,41,0,89,102,62,5,134,112,104,99,63,74,20,138,168,188,126,16,71,19,83,60,179,47,43,187,76,151,141,80,58,64,96,177,42,166,3,195,119,81,67,129,35,150,56,100,54,113,116,124,160,95,121];False
8672;6739;15411;[118,174,10,6,149,18,171,57,180,130,163,122,12,185,54,98,193,184,3,196,191,66,45,135,194,115,46,44,34,198,109,23,190,51,106,91,69,28,8,38,161,159,188,48,92,90,131,148,93,14,178,142,136,61,145,94,13,101,141,36,176,35,97,128,52,2,167,107,123,50,155,65,37,17,82,49,133,189,132,170,77,25,105,4,84,88,70,108,21,73,154,59,197,24,72,78,111,110,11,152,86,127,30,114,182,139,29,137,158,175,85,1,117,120,157,173,186,79,42,27,169,172,39,32,55,125,33,192,165,40,87,181,68,9,103,162,147,67,95,144,156,146,31,143,53,183,164,41,75,89,102,62,5,134,112,104,99,63,74,20,138,168,140,126,16,71,19,83,60,179,47,43,187,76,151,7,80,58,64,96,177,199,166,22,195,119,81,153,129,26,150,56,100,0,113,116,124,160,15,121];False
8360;7149;15509;[180,191,186,135,7,136,171,57,3,130,163,122,12,185,149,98,193,23,38,196,161,66,45,105,44,115,46,174,37,190,109,10,184,51,34,91,69,28,8,118,194,159,140,48,92,90,131,148,93,14,178,142,85,61,145,94,13,101,75,36,176,26,97,128,52,2,167,107,123,50,146,65,198,73,82,49,133,189,132,170,77,25,18,4,84,88,70,108,21,106,154,59,197,24,86,32,111,110,11,152,72,127,30,114,182,139,29,137,158,175,6,1,117,120,157,173,17,79,199,27,169,172,39,78,55,125,33,192,165,40,87,181,68,9,103,162,147,153,95,144,156,155,31,143,53,183,164,41,0,89,102,62,5,134,112,104,99,63,74,20,138,168,188,126,16,71,19,83,60,179,47,43,187,76,151,141,80,58,64,96,177,42,166,22,195,119,81,67,129,35,150,56,100,54,113,116,124,160,15,121];False
8687;6697;15384;[10,37,194,136,75,18,171,57,3,130,163,122,12,185,54,98,193,6,38,196,161,66,45,135,142,115,46,44,140,190,109,155,184,51,174,91,69,28,8,118,34,159,188,48,92,90,131,148,93,14,178,23,191,61,145,94,13,101,141,36,176,35,97,128,52,2,167,107,123,73,65,180,198,17,82,49,133,189,132,170,77,25,105,4,84,88,70,108,21,106,154,59,197,24,72,78,111,110,11,152,86,127,30,114,182,139,29,137,158,175,85,1,117,120,157,173,186,79,42,27,169,172,39,32,55,125,33,192,165,40,87,181,68,9,103,162,147,67,95,144,156,146,31,143,53,183,164,41,149,89,102,62,5,134,112,104,99,63,74,20,138,168,50,126,16,71,19,83,60,179,47,43,187,76,151,7,80,58,64,96,177,199,166,22,195,119,81,153,129,26,150,56,100,0,113,116,124,160,15,121];False
8608;6738;15346;[46,38,23,95,149,189,11,57,3,130,163,122,12,185,54,98,193,191,37,196,161,66,45,135,34,115,65,44,174,190,109,10,184,51,106,91,69,28,8,118,180,159,188,48,92,90,131,148,93,14,178,142,6,61,145,94,13,101,141,36,176,35,97,128,52,2,167,107,123,194,155,50,198,17,82,49,133,18,132,170,77,25,105,4,84,88,70,108,21,73,154,59,197,24,72,78,111,110,171,152,86,127,30,114,182,139,29,137,158,175,85,1,117,120,157,173,186,79,42,27,169,172,39,32,55,125,33,192,165,40,87,181,68,9,103,162,147,67,136,144,156,146,31,143,53,183,164,41,75,89,102,62,5,134,112,104,99,63,74,20,138,168,140,126,16,71,19,83,60,179,47,43,187,76,151,7,80,58,64,96,177,199,166,22,195,119,81,153,129,26,150,56,100,0,113,116,124,160,15,121];False
9870;6545;16415;[73,174,23,91,75,18,171,57,3,130,163,59,12,185,0,98,169,6,89,196,161,66,45,135,194,115,46,44,37,190,109,10,184,51,34,136,69,28,8,118,180,159,188,48,92,90,131,148,93,14,178,142,191,61,145,94,13,101,7,38,176,35,97,128,52,2,167,107,123,50,155,65,198,17,82,49,133,189,132,170,77,25,105,4,84,88,70,108,21,106,154,122,197,24,72,78,111,110,11,152,86,127,30,114,182,139,29,137,158,175,85,1,117,120,157,173,186,79,42,27,193,172,39,32,55,125,33,192,165,40,87,181,68,9,103,162,147,67,95,144,156,146,31,143,53,183,164,41,149,36,102,62,5,134,112,104,99,63,74,20,138,168,140,126,16,71,19,83,60,179,47,43,187,76,151,141,80,58,64,96,177,199,166,22,195,119,81,153,129,26,150,56,100,54,113,116,124,160,15,121];False
2151;8088;10239;[34,69,1,118,10,176,83,129,8,84,67,48,92,108,21,99,16,77,112,150,56,18,62,120,24,197,26,9,143,20,3,2,121,160,74,106,130,22,38,45,124,94,75,25,165,153,187,127,39,107,87,76,50,53,93,23,30,134,137,86,122,64,101,151,54,158,199,6,117,98,19,110,81,52,182,28,162,78,60,79,185,148,167,61,41,36,46,131,59,133,96,157,138,178,164,173,66,126,198,159,140,184,109,29,154,156,142,15,135,146,43,128,85,152,172,12,181,82,192,139,33,13,111,195,40,37,71,35,88,171,189,194,31,68,116,57,0,113,196,89,5,141,119,4,183,63,51,72,147,65,102,115,14,49,55,155,73,161,80,114,177,169,191,11,104,180,163,170,95,91,90,125,149,32,97,58,100,7,175,179,27,193,136,144,70,168,17,103,105,174,190,188,186,145,42,47,132,166,123,44];True
1874;8443;10317;[83,76,25,48,10,73,2,129,8,84,113,61,74,108,21,174,16,77,112,150,56,18,62,120,24,197,26,9,143,28,3,99,121,160,92,106,130,22,38,34,124,94,161,1,165,153,187,127,39,107,87,122,50,53,93,23,30,134,137,86,69,64,101,151,54,158,199,6,117,98,19,110,81,52,182,45,162,78,180,79,185,148,167,123,41,36,46,131,59,133,96,157,138,178,164,173,66,126,198,159,140,118,109,29,154,156,142,15,135,60,43,128,85,152,172,12,181,82,192,139,33,13,111,195,40,37,71,35,88,171,189,194,31,68,116,57,0,67,196,89,5,141,119,4,183,63,51,72,147,65,102,115,14,49,55,155,184,75,80,114,177,169,191,11,104,20,163,170,95,91,90,125,149,32,97,58,100,7,175,179,27,193,136,144,70,168,17,103,105,146,190,188,186,145,42,47,132,166,176,44];False
2541;7982;10523;[84,67,112,93,10,176,83,129,8,72,122,73,74,108,21,99,16,77,25,150,56,18,62,120,24,197,26,9,143,20,3,2,121,160,142,49,130,22,38,198,124,94,161,1,165,153,187,127,39,107,87,76,50,53,135,23,30,134,137,86,69,64,101,151,54,158,199,6,117,98,19,110,81,52,182,28,162,78,60,79,185,148,167,61,41,36,46,131,59,133,96,157,138,178,164,173,66,126,34,159,140,118,109,29,154,156,106,71,48,146,43,128,85,152,172,12,181,82,192,139,33,13,111,195,40,37,15,35,88,171,189,194,102,68,116,57,0,113,196,89,5,141,119,4,183,63,51,92,147,65,31,115,14,45,55,155,184,75,80,114,177,169,191,11,104,180,163,170,95,91,90,125,149,32,97,58,100,7,175,179,27,193,136,144,70,168,17,103,105,174,190,188,186,145,42,47,132,166,123,44];False
2660;7949;10609;[34,67,38,150,10,176,83,129,8,16,99,73,74,56,21,92,69,77,112,48,108,18,62,120,24,197,26,9,143,20,3,2,121,160,174,49,130,22,40,146,124,94,161,1,165,153,187,127,39,107,87,76,50,53,93,23,30,134,137,86,122,64,101,151,54,158,199,6,117,98,186,110,81,52,182,28,162,78,60,79,185,148,167,61,41,36,46,131,59,133,96,157,138,178,164,173,66,126,198,159,140,118,109,29,154,156,106,71,135,84,43,128,85,152,172,12,181,82,192,139,33,13,111,195,25,37,15,35,88,171,189,194,31,68,116,57,0,113,196,89,5,141,119,4,183,63,51,72,147,65,102,115,14,45,55,155,184,75,80,114,177,169,191,11,104,180,163,170,95,91,90,125,149,32,97,58,100,7,175,179,27,193,136,144,70,168,17,103,105,142,190,188,19,145,42,47,132,166,123,44];True
1778;8925;10703;[152,49,112,48,174,1,2,129,8,84,122,107,94,118,105,10,116,17,193,15,173,18,25,120,24,197,26,9,109,20,146,51,45,65,92,142,130,22,38,147,3,101,75,12,165,153,187,127,39,73,87,76,50,53,93,27,30,134,137,86,181,82,23,151,54,158,121,6,117,98,78,110,81,52,108,74,183,83,135,79,185,148,167,61,59,36,46,5,41,133,96,157,138,178,34,56,66,126,198,159,140,19,131,29,154,156,160,71,69,190,43,128,85,164,111,192,40,124,150,139,33,13,172,195,182,37,60,35,88,145,189,194,31,171,141,57,186,113,196,89,162,106,119,28,4,97,67,0,199,62,102,115,14,114,55,155,184,161,80,58,177,169,191,11,104,180,163,170,95,91,90,125,149,32,68,63,100,7,175,143,99,16,136,144,70,168,64,103,21,72,77,188,179,176,42,47,132,166,123,44];False
1770;8905;10675;[20,76,112,48,10,1,2,129,8,84,122,107,101,118,105,99,106,17,45,15,173,18,25,120,24,197,26,9,51,4,146,180,147,65,92,49,130,22,38,34,3,94,75,12,165,153,187,127,39,73,87,109,50,53,93,27,30,134,137,86,181,82,23,151,54,158,121,6,117,98,78,110,81,52,108,74,183,83,135,79,185,148,167,61,59,36,46,5,41,133,96,157,138,178,152,56,66,126,198,159,140,19,131,29,154,156,160,71,69,190,43,128,85,164,111,192,40,124,150,139,33,13,172,195,182,149,60,35,88,145,189,194,31,171,116,57,186,113,196,89,162,141,119,28,142,97,67,0,199,62,102,115,14,114,55,155,184,161,80,58,177,169,191,11,104,193,163,170,95,91,90,125,37,32,68,63,100,7,175,143,174,16,136,144,70,168,64,103,21,72,77,188,179,176,42,47,132,166,123,44];True
1741;8936;10677;[146,114,112,48,10,1,2,129,8,84,122,107,118,94,105,99,141,17,193,15,173,18,25,120,24,197,26,9,109,20,3,49,147,65,92,142,130,22,38,174,67,19,75,12,165,153,187,127,39,73,87,76,50,53,93,23,30,134,58,86,181,82,101,151,54,158,121,6,117,98,78,110,81,52,108,74,183,192,135,79,185,148,167,61,59,36,46,5,41,133,96,157,138,178,152,56,66,126,106,159,140,34,51,29,154,156,160,71,69,190,43,128,85,164,111,83,40,124,150,139,33,13,172,195,182,149,60,35,88,145,189,194,31,171,116,57,186,113,196,89,162,198,119,28,4,97,131,0,199,62,102,115,14,45,55,155,184,161,80,137,177,169,191,11,104,180,163,170,95,91,90,125,37,32,68,63,100,7,175,143,27,16,136,144,70,168,64,103,21,72,77,188,179,176,42,47,132,166,123,44];True
6461;7912;14373;[130,3,115,132,22,135,171,57,7,191,163,122,12,199,149,98,193,169,38,196,161,66,45,105,194,136,46,44,139,190,109,111,184,51,146,91,69,28,8,118,180,27,140,48,92,90,131,148,9,14,198,142,29,61,145,94,13,101,75,36,176,26,164,128,52,2,167,170,123,50,34,71,174,73,82,49,133,166,186,107,77,159,18,4,181,88,70,108,21,106,154,59,197,24,32,195,10,110,11,152,72,127,30,114,182,37,85,55,158,175,6,1,117,120,157,173,17,79,185,102,23,172,39,78,83,125,33,35,165,40,87,84,68,93,103,65,147,153,15,144,156,155,31,143,53,183,97,41,0,89,25,62,5,134,112,104,99,160,74,20,138,168,188,126,16,162,19,137,60,179,47,43,187,76,151,141,80,58,64,96,177,42,189,178,86,119,81,67,129,192,150,56,100,54,113,116,124,63,95,121];False
6499;7873;14372;[3,169,66,132,22,135,171,57,7,130,163,122,12,199,149,98,193,191,38,196,161,115,45,105,194,136,46,44,139,190,109,111,184,51,146,91,69,28,8,118,180,27,140,48,92,90,131,148,9,14,198,142,29,61,145,94,13,101,75,36,176,26,164,128,52,2,167,170,123,50,34,71,174,73,82,49,133,166,186,107,77,159,18,4,181,88,70,108,21,106,154,59,197,24,32,195,10,110,11,152,72,127,30,114,182,37,85,55,158,175,6,1,117,120,157,173,17,79,185,102,23,172,39,78,83,125,33,35,165,40,87,84,68,93,103,65,147,153,15,144,156,155,31,143,53,183,97,41,0,89,25,62,5,134,112,104,99,160,74,20,138,168,188,126,16,162,19,137,60,179,47,43,187,76,151,141,80,58,64,96,177,42,189,178,86,119,81,67,129,192,150,56,100,54,113,116,124,63,95,121];False
7042;7790;14832;[140,184,22,66,7,135,171,57,23,130,163,122,12,199,149,98,193,191,38,196,161,136,45,105,198,115,46,44,139,190,109,111,194,51,124,91,69,28,8,118,180,25,146,48,92,90,131,148,9,14,3,142,29,61,145,94,13,101,75,36,176,26,164,128,52,2,167,107,123,50,34,71,174,132,82,49,133,189,186,170,77,159,18,4,181,88,70,108,21,106,154,59,197,24,32,195,10,110,11,152,72,127,30,114,182,37,85,55,158,175,6,1,117,120,157,173,17,79,185,102,169,172,39,78,83,125,33,35,165,40,87,84,68,93,103,65,147,153,15,144,156,155,31,143,53,183,97,41,0,89,27,62,5,134,112,104,99,160,74,20,138,168,188,126,16,162,19,137,60,179,47,43,187,76,151,141,80,58,64,96,177,42,166,178,86,119,81,67,129,192,150,56,100,54,113,116,73,63,95,121];False
7077;7767;14844;[136,174,22,23,191,135,171,57,7,130,163,122,12,199,149,98,193,71,38,196,161,66,45,105,194,115,46,44,139,190,109,111,184,51,34,91,69,28,8,118,180,159,140,48,92,90,131,148,9,14,3,142,29,61,145,94,13,101,75,36,176,26,164,128,52,2,167,107,123,73,146,50,198,132,82,49,133,189,186,170,77,25,18,4,181,88,70,108,21,106,154,59,197,24,32,195,10,110,11,152,72,127,30,114,182,37,85,55,158,175,6,1,117,120,157,173,17,79,185,102,169,172,39,78,83,125,33,35,165,40,87,84,68,93,103,65,147,153,15,144,156,155,31,143,53,183,97,41,0,89,27,62,5,134,112,104,99,160,74,20,138,168,188,126,16,162,19,137,60,179,47,43,187,76,151,141,80,58,64,96,177,42,166,178,86,119,81,67,129,192,150,56,100,54,113,116,124,63,95,121];False
7072;7777;14849;[109,136,22,23,191,135,171,57,7,130,163,122,12,199,149,98,193,71,38,196,161,66,45,105,194,115,46,44,139,190,174,111,184,51,34,91,69,28,8,118,180,159,140,48,92,90,131,148,9,14,3,142,29,61,145,94,13,101,75,36,176,26,164,128,52,2,167,107,123,73,146,50,198,132,82,49,133,189,186,170,77,25,18,4,181,88,70,108,21,106,154,59,197,24,32,195,10,110,11,152,72,127,30,114,182,37,85,55,158,175,6,1,117,120,157,173,17,79,185,102,169,172,39,78,83,125,33,35,165,40,87,84,68,93,103,65,147,153,15,144,156,155,31,143,53,183,97,41,0,89,27,62,5,134,112,104,99,160,74,20,138,168,188,126,16,162,19,137,60,179,47,43,187,76,151,141,80,58,64,96,177,42,166,178,86,119,81,67,129,192,150,56,100,54,113,116,124,63,95,121];False
7245;7707;14952;[160,15,23,182,32,87,75,88,171,163,86,12,6,185,0,73,65,94,38,196,132,14,194,191,154,3,157,183,37,138,184,115,25,99,108,35,193,28,8,20,13,174,188,55,44,198,131,47,68,123,106,78,52,91,69,61,176,59,11,57,189,26,175,62,120,2,89,107,48,63,29,164,4,126,41,114,112,165,153,7,77,177,169,72,84,85,66,45,124,51,90,134,197,168,74,142,101,81,36,145,100,111,122,98,139,105,180,67,158,30,40,96,76,93,150,173,46,10,42,27,24,187,39,95,1,125,33,127,128,129,18,181,148,9,103,92,136,137,43,53,146,190,31,82,144,121,162,147,149,152,49,151,97,130,113,155,17,21,34,159,109,135,140,50,16,118,166,80,133,178,170,199,172,79,117,102,110,60,64,179,58,161,192,22,195,83,186,54,119,167,71,56,5,141,19,116,70,104,143,156];False
7432;7588;15020;[136,135,23,22,37,174,171,57,7,130,163,122,12,185,149,98,193,191,38,196,161,66,45,105,194,115,46,44,34,190,109,111,184,51,106,91,69,28,8,118,180,159,140,48,92,90,131,148,9,14,3,142,85,61,145,94,13,101,75,36,176,26,164,128,52,2,167,107,123,50,146,65,198,186,82,49,133,189,132,170,77,25,18,4,84,88,70,108,21,73,154,59,197,24,32,195,10,110,11,152,72,127,30,114,182,139,29,137,158,175,6,1,117,120,157,173,17,79,199,102,169,172,39,78,83,125,33,192,165,40,87,181,68,93,103,162,147,153,15,144,156,155,31,143,53,183,97,41,0,89,27,62,5,134,112,104,99,160,74,20,138,168,188,126,16,71,19,55,60,179,47,43,187,76,151,141,80,58,64,96,177,42,166,178,86,119,81,67,129,35,150,56,100,54,113,116,124,63,95,121];False
7642;7436;15078;[171,149,7,161,136,115,135,174,22,130,163,122,12,185,57,98,193,23,38,196,198,66,45,105,194,191,46,44,48,190,109,10,184,51,34,91,69,28,8,118,180,159,140,73,92,90,131,148,93,14,178,142,85,61,145,94,13,101,75,36,176,26,164,128,52,2,167,107,123,50,146,65,37,186,82,49,133,189,132,170,77,25,18,4,84,88,70,108,21,106,154,59,197,24,32,195,111,110,11,152,72,127,30,114,182,139,29,137,158,175,6,1,117,120,157,173,17,79,199,27,169,172,39,78,55,125,33,192,165,40,87,181,68,9,103,162,147,153,15,144,156,155,31,143,53,183,97,41,0,89,102,62,5,134,112,104,99,160,74,20,138,168,188,126,16,71,19,83,60,179,47,43,187,76,151,141,80,58,64,96,177,42,166,3,86,119,81,67,129,35,150,56,100,54,113,116,124,63,95,121];False
7706;7404;15110;[115,171,7,161,136,149,135,174,22,130,163,122,12,185,57,98,193,23,38,196,198,66,45,105,194,191,46,44,48,190,109,10,184,51,34,91,69,28,8,118,180,159,140,73,92,90,131,148,93,14,178,142,85,61,145,94,13,101,75,36,176,26,164,128,52,2,167,107,123,50,146,65,37,186,82,49,133,189,132,170,77,25,18,4,84,88,70,108,21,106,154,59,197,24,32,195,111,110,11,152,72,127,30,114,182,139,29,137,158,175,6,1,117,120,157,173,17,79,199,27,169,172,39,78,55,125,33,192,165,40,87,181,68,9,103,162,147,153,15,144,156,155,31,143,53,183,97,41,0,89,102,62,5,134,112,104,99,160,74,20,138,168,188,126,16,71,19,83,60,179,47,43,187,76,151,141,80,58,64,96,177,42,166,3,86,119,81,67,129,35,150,56,100,54,113,116,124,63,95,121];False
8539;6801;15340;[3,98,170,6,149,18,171,57,66,130,163,122,12,185,54,46,193,188,38,196,161,37,45,135,194,115,191,44,125,190,109,10,184,51,34,91,69,28,8,118,180,159,174,48,92,90,131,148,93,14,178,142,136,61,145,94,13,101,141,36,176,35,97,128,52,2,167,107,123,50,155,65,198,17,82,49,133,189,132,23,77,25,105,4,84,88,70,108,21,106,154,59,197,24,72,78,111,110,11,152,86,127,30,114,182,139,29,137,158,175,85,1,117,120,157,173,186,79,42,27,169,172,39,32,55,73,33,192,165,40,87,181,68,9,103,162,147,67,95,144,156,146,31,143,53,183,164,41,75,89,102,62,5,134,112,104,99,63,74,20,138,168,140,126,16,71,19,83,60,179,47,43,187,76,151,7,80,58,64,96,177,199,166,22,195,119,81,153,129,26,150,56,100,0,113,116,124,160,15,121];False
8057;7243;15300;[22,191,136,46,135,115,171,57,7,130,163,122,12,185,149,98,193,23,38,196,161,66,45,105,194,73,174,44,37,190,109,10,184,51,34,91,69,28,8,118,180,159,140,48,92,90,131,148,93,14,178,142,85,61,145,94,13,101,75,36,176,26,97,128,52,2,167,107,123,50,146,65,198,186,82,49,133,189,132,170,77,25,18,4,84,88,70,108,21,106,154,59,197,24,32,86,111,110,11,152,72,127,30,114,182,139,29,137,158,175,6,1,117,120,157,173,17,79,199,27,169,172,39,78,55,125,33,192,165,40,87,181,68,9,103,162,147,153,15,144,156,155,31,143,53,183,164,41,0,89,102,62,5,134,112,104,99,63,74,20,138,168,188,126,16,71,19,83,60,179,47,43,187,76,151,141,80,58,64,96,177,42,166,3,195,119,81,67,129,35,150,56,100,54,113,116,124,160,95,121];False
8145;7206;15351;[174,191,135,136,22,115,171,57,7,130,163,122,12,185,149,98,193,23,38,196,161,66,45,105,194,73,46,44,37,190,109,10,184,51,34,91,69,28,8,118,180,159,140,48,92,90,131,148,93,14,178,142,85,61,145,94,13,101,75,36,176,26,97,128,52,2,167,107,123,50,146,65,198,186,82,49,133,189,132,170,77,25,18,4,84,88,70,108,21,106,154,59,197,24,32,86,111,110,11,152,72,127,30,114,182,139,29,137,158,175,6,1,117,120,157,173,17,79,199,27,169,172,39,78,55,125,33,192,165,40,87,181,68,9,103,162,147,153,15,144,156,155,31,143,53,183,164,41,0,89,102,62,5,134,112,104,99,63,74,20,138,168,188,126,16,71,19,83,60,179,47,43,187,76,151,141,80,58,64,96,177,42,166,3,195,119,81,67,129,35,150,56,100,54,113,116,124,160,95,121];False
8326;7149;15475;[174,191,186,135,7,136,171,57,3,130,163,122,12,185,149,98,193,23,38,196,161,66,45,105,44,115,46,180,37,190,109,10,184,51,34,91,69,28,8,118,194,159,140,48,92,90,131,148,93,14,178,142,85,61,145,94,13,101,75,36,176,26,97,128,52,2,167,107,123,50,146,65,198,73,82,49,133,189,132,170,77,25,18,4,84,88,70,108,21,106,154,59,197,24,86,32,111,110,11,152,72,127,30,114,182,139,29,137,158,175,6,1,117,120,157,173,17,79,199,27,169,172,39,78,55,125,33,192,165,40,87,181,68,9,103,162,147,153,95,144,156,155,31,143,53,183,164,41,0,89,102,62,5,134,112,104,99,63,74,20,138,168,188,126,16,71,19,83,60,179,47,43,187,76,151,141,80,58,64,96,177,42,166,22,195,119,81,67,129,35,150,56,100,54,113,116,124,160,15,121];False
8660;6699;15359;[136,37,194,10,75,18,171,57,3,130,163,122,12,185,54,98,193,6,38,196,161,66,45,135,142,115,46,44,140,190,109,155,184,51,174,91,69,28,8,118,34,159,188,48,92,90,131,148,93,14,178,23,191,61,145,94,13,101,141,36,176,35,97,128,52,2,167,107,123,73,65,180,198,17,82,49,133,189,132,170,77,25,105,4,84,88,70,108,21,106,154,59,197,24,72,78,111,110,11,152,86,127,30,114,182,139,29,137,158,175,85,1,117,120,157,173,186,79,42,27,169,172,39,32,55,125,33,192,165,40,87,181,68,9,103,162,147,67,95,144,156,146,31,143,53,183,164,41,149,89,102,62,5,134,112,104,99,63,74,20,138,168,50,126,16,71,19,83,60,179,47,43,187,76,151,7,80,58,64,96,177,199,166,22,195,119,81,153,129,26,150,56,100,0,113,116,124,160,15,121];False
8526;6785;15311;[189,38,23,95,149,46,11,57,3,130,163,122,12,185,54,98,193,191,37,196,161,66,45,135,34,115,65,44,174,190,109,10,184,51,106,91,69,28,8,118,180,159,188,48,92,90,131,148,93,14,178,142,6,61,145,94,13,101,141,36,176,35,97,128,52,2,167,107,123,194,155,50,198,17,82,49,133,18,132,170,77,25,105,4,84,88,70,108,21,73,154,59,197,24,72,78,111,110,171,152,86,127,30,114,182,139,29,137,158,175,85,1,117,120,157,173,186,79,42,27,169,172,39,32,55,125,33,192,165,40,87,181,68,9,103,162,147,67,136,144,156,146,31,143,53,183,164,41,75,89,102,62,5,134,112,104,99,63,74,20,138,168,140,126,16,71,19,83,60,179,47,43,187,76,151,7,80,58,64,96,177,199,166,22,195,119,81,153,129,26,150,56,100,0,113,116,124,160,15,121];False
9868;6548;16416;[73,174,91,23,75,18,171,57,3,130,163,59,12,185,0,98,169,6,89,196,161,66,45,135,194,115,46,44,37,190,109,10,184,51,34,136,69,28,8,118,180,159,188,48,92,90,131,148,93,14,178,142,191,61,145,94,13,101,7,38,176,35,97,128,52,2,167,107,123,50,155,65,198,17,82,49,133,189,132,170,77,25,105,4,84,88,70,108,21,106,154,122,197,24,72,78,111,110,11,152,86,127,30,114,182,139,29,137,158,175,85,1,117,120,157,173,186,79,42,27,193,172,39,32,55,125,33,192,165,40,87,181,68,9,103,162,147,67,95,144,156,146,31,143,53,183,164,41,149,36,102,62,5,134,112,104,99,63,74,20,138,168,140,126,16,71,19,83,60,179,47,43,187,76,151,141,80,58,64,96,177,199,166,22,195,119,81,153,129,26,150,56,100,54,113,116,124,160,15,121];False
2121;8113;10234;[34,197,1,118,10,176,83,129,8,84,67,48,92,108,21,99,16,77,112,150,56,18,62,120,24,69,26,9,143,20,3,2,121,160,74,106,130,22,38,45,124,94,75,25,165,153,187,127,39,107,87,76,50,53,93,23,30,134,137,86,122,64,101,151,54,158,199,6,117,98,19,110,81,52,182,28,162,78,60,79,185,148,167,61,41,36,46,131,59,133,96,157,138,178,164,173,66,126,198,159,140,184,109,29,154,156,142,15,135,146,43,128,85,152,172,12,181,82,192,139,33,13,111,195,40,37,71,35,88,171,189,194,31,68,116,57,0,113,196,89,5,141,119,4,183,63,51,72,147,65,102,115,14,49,55,155,73,161,80,114,177,169,191,11,104,180,163,170,95,91,90,125,149,32,97,58,100,7,175,179,27,193,136,144,70,168,17,103,105,174,190,188,186,145,42,47,132,166,123,44];True
1875;8441;10316;[83,76,25,48,10,123,2,129,8,84,113,61,74,108,21,174,16,77,112,150,56,18,62,120,24,197,26,9,143,28,3,99,121,160,92,106,130,22,38,34,124,94,161,1,165,153,187,127,39,107,87,122,50,53,93,23,30,134,137,86,69,64,101,151,54,158,199,6,117,98,19,110,81,52,182,45,162,78,180,79,185,148,167,73,41,36,46,131,59,133,96,157,138,178,164,173,66,126,198,159,140,118,109,29,154,156,142,15,135,60,43,128,85,152,172,12,181,82,192,139,33,13,111,195,40,37,71,35,88,171,189,194,31,68,116,57,0,67,196,89,5,141,119,4,183,63,51,72,147,65,102,115,14,49,55,155,184,75,80,114,177,169,191,11,104,20,163,170,95,91,90,125,149,32,97,58,100,7,175,179,27,193,136,144,70,168,17,103,105,146,190,188,186,145,42,47,132,166,176,44];False
2643;7959;10602;[84,122,112,93,10,176,83,129,8,72,67,73,74,108,21,99,16,77,25,150,56,18,62,120,24,197,26,9,143,20,3,2,121,160,142,49,130,22,38,198,124,94,161,1,165,153,187,127,39,107,87,76,50,53,135,23,30,134,137,86,69,64,101,151,54,158,199,6,117,98,19,110,81,52,182,28,162,78,60,79,185,148,167,61,41,36,46,131,59,133,96,157,138,178,164,173,66,126,34,159,140,118,109,29,154,156,106,71,48,146,43,128,85,152,172,12,181,82,192,139,33,13,111,195,40,37,15,35,88,171,189,194,102,68,116,57,0,113,196,89,5,141,119,4,183,63,51,92,147,65,31,115,14,45,55,155,184,75,80,114,177,169,191,11,104,180,163,170,95,91,90,125,149,32,97,58,100,7,175,179,27,193,136,144,70,168,17,103,105,174,190,188,186,145,42,47,132,166,123,44];True
2752;7946;10698;[198,67,38,150,10,176,83,129,8,16,99,73,74,56,21,92,69,77,112,48,108,18,62,120,24,197,26,9,143,20,3,2,121,160,174,49,130,22,40,146,124,94,161,1,165,153,187,127,39,107,87,76,50,53,93,23,30,134,137,86,122,64,101,151,54,158,199,6,117,98,186,110,81,52,182,28,162,78,60,79,185,148,167,61,41,36,46,131,59,133,96,157,138,178,164,173,66,126,34,159,140,118,109,29,154,156,106,71,135,84,43,128,85,152,172,12,181,82,192,139,33,13,111,195,25,37,15,35,88,171,189,194,31,68,116,57,0,113,196,89,5,141,119,4,183,63,51,72,147,65,102,115,14,45,55,155,184,75,80,114,177,169,191,11,104,180,163,170,95,91,90,125,149,32,97,58,100,7,175,179,27,193,136,144,70,168,17,103,105,142,190,188,19,145,42,47,132,166,123,44];False
1839;8893;10732;[34,76,112,48,10,1,2,129,8,84,122,107,101,118,105,99,106,17,45,15,173,18,25,120,24,197,26,9,51,4,146,180,147,65,92,49,130,22,38,20,3,94,75,12,165,153,187,127,39,73,87,109,50,53,93,27,30,134,137,86,181,82,23,151,54,158,121,6,117,98,78,110,81,52,108,74,183,83,135,79,185,148,167,61,59,36,46,5,41,133,96,157,138,178,152,56,66,126,198,159,140,19,131,29,154,156,160,71,69,190,43,128,85,164,111,192,40,124,150,139,33,13,172,195,182,149,60,35,88,145,189,194,31,171,116,57,186,113,196,89,162,141,119,28,142,97,67,0,199,62,102,115,14,114,55,155,184,161,80,58,177,169,191,11,104,193,163,170,95,91,90,125,37,32,68,63,100,7,175,143,174,16,136,144,70,168,64,103,21,72,77,188,179,176,42,47,132,166,123,44];False
1810;8892;10702;[146,143,112,48,10,1,2,129,8,84,122,107,118,94,105,99,141,17,193,15,173,18,25,120,24,197,26,9,109,20,3,49,147,65,92,142,130,22,38,174,67,19,75,12,165,153,187,127,39,73,87,76,50,53,93,23,30,134,58,86,181,82,101,151,54,158,121,6,117,98,78,110,81,52,108,74,183,192,135,79,185,148,167,61,59,36,46,5,41,133,96,157,138,178,152,56,66,126,106,159,140,34,51,29,154,156,160,71,69,190,43,128,85,164,111,83,40,124,150,139,33,13,172,195,182,149,60,35,88,145,189,194,31,171,116,57,186,113,196,89,162,198,119,28,4,97,131,0,199,62,102,115,14,45,55,155,184,161,80,137,177,169,191,11,104,180,163,170,95,91,90,125,37,32,68,63,100,7,175,114,27,16,136,144,70,168,64,103,21,72,77,188,179,176,42,47,132,166,123,44];False
6417;7929;14346;[199,3,115,132,22,135,171,57,7,191,163,122,12,130,149,98,193,169,38,196,161,66,45,105,194,136,46,44,139,190,109,111,184,51,146,91,69,28,8,118,180,27,140,48,92,90,131,148,9,14,198,142,29,61,145,94,13,101,75,36,176,26,164,128,52,2,167,170,123,50,34,71,174,73,82,49,133,166,186,107,77,159,18,4,181,88,70,108,21,106,154,59,197,24,32,195,10,110,11,152,72,127,30,114,182,37,85,55,158,175,6,1,117,120,157,173,17,79,185,102,23,172,39,78,83,125,33,35,165,40,87,84,68,93,103,65,147,153,15,144,156,155,31,143,53,183,97,41,0,89,25,62,5,134,112,104,99,160,74,20,138,168,188,126,16,162,19,137,60,179,47,43,187,76,151,141,80,58,64,96,177,42,189,178,86,119,81,67,129,192,150,56,100,54,113,116,124,63,95,121];False
6475;7882;14357;[149,169,66,132,22,135,171,57,7,130,163,122,12,199,3,98,193,191,38,196,161,115,45,105,194,136,46,44,139,190,109,111,184,51,146,91,69,28,8,118,180,27,140,48,92,90,131,148,9,14,198,142,29,61,145,94,13,101,75,36,176,26,164,128,52,2,167,170,123,50,34,71,174,73,82,49,133,166,186,107,77,159,18,4,181,88,70,108,21,106,154,59,197,24,32,195,10,110,11,152,72,127,30,114,182,37,85,55,158,175,6,1,117,120,157,173,17,79,185,102,23,172,39,78,83,125,33,35,165,40,87,84,68,93,103,65,147,153,15,144,156,155,31,143,53,183,97,41,0,89,25,62,5,134,112,104,99,160,74,20,138,168,188,126,16,162,19,137,60,179,47,43,187,76,151,141,80,58,64,96,177,42,189,178,86,119,81,67,129,192,150,56,100,54,113,116,124,63,95,121];False
6977;7788;14765;[174,184,22,66,7,135,171,57,23,130,163,122,12,199,149,98,193,191,38,196,161,136,45,105,198,115,46,44,139,190,109,111,194,51,124,91,69,28,8,118,180,25,146,48,92,90,131,148,9,14,3,142,29,61,145,94,13,101,75,36,176,26,164,128,52,2,167,107,123,50,34,71,140,132,82,49,133,189,186,170,77,159,18,4,181,88,70,108,21,106,154,59,197,24,32,195,10,110,11,152,72,127,30,114,182,37,85,55,158,175,6,1,117,120,157,173,17,79,185,102,169,172,39,78,83,125,33,35,165,40,87,84,68,93,103,65,147,153,15,144,156,155,31,143,53,183,97,41,0,89,27,62,5,134,112,104,99,160,74,20,138,168,188,126,16,162,19,137,60,179,47,43,187,76,151,141,80,58,64,96,177,42,166,178,86,119,81,67,129,192,150,56,100,54,113,116,73,63,95,121];False
7123;7738;14861;[71,174,22,23,191,135,171,57,7,130,163,122,12,199,149,98,193,136,38,196,161,66,45,105,194,115,46,44,139,190,109,111,184,51,34,91,69,28,8,118,180,159,140,48,92,90,131,148,9,14,3,142,29,61,145,94,13,101,75,36,176,26,164,128,52,2,167,107,123,73,146,50,198,132,82,49,133,189,186,170,77,25,18,4,181,88,70,108,21,106,154,59,197,24,32,195,10,110,11,152,72,127,30,114,182,37,85,55,158,175,6,1,117,120,157,173,17,79,185,102,169,172,39,78,83,125,33,35,165,40,87,84,68,93,103,65,147,153,15,144,156,155,31,143,53,183,97,41,0,89,27,62,5,134,112,104,99,160,74,20,138,168,188,126,16,162,19,137,60,179,47,43,187,76,151,141,80,58,64,96,177,42,166,178,86,119,81,67,129,192,150,56,100,54,113,116,124,63,95,121];False
7098;7742;14840;[71,136,22,23,191,135,171,57,7,130,163,122,12,199,149,98,193,109,38,196,161,66,45,105,194,115,46,44,139,190,174,111,184,51,34,91,69,28,8,118,180,159,140,48,92,90,131,148,9,14,3,142,29,61,145,94,13,101,75,36,176,26,164,128,52,2,167,107,123,73,146,50,198,132,82,49,133,189,186,170,77,25,18,4,181,88,70,108,21,106,154,59,197,24,32,195,10,110,11,152,72,127,30,114,182,37,85,55,158,175,6,1,117,120,157,173,17,79,185,102,169,172,39,78,83,125,33,35,165,40,87,84,68,93,103,65,147,153,15,144,156,155,31,143,53,183,97,41,0,89,27,62,5,134,112,104,99,160,74,20,138,168,188,126,16,162,19,137,60,179,47,43,187,76,151,141,80,58,64,96,177,42,166,178,86,119,81,67,129,192,150,56,100,54,113,116,124,63,95,121];False
7241;7714;14955;[38,15,23,182,32,87,75,88,171,163,86,12,6,185,0,73,65,94,160,196,132,14,194,191,154,3,157,183,37,138,184,115,25,99,108,35,193,28,8,20,13,174,188,55,44,198,131,47,68,123,106,78,52,91,69,61,176,59,11,57,189,26,175,62,120,2,89,107,48,63,29,164,4,126,41,114,112,165,153,7,77,177,169,72,84,85,66,45,124,51,90,134,197,168,74,142,101,81,36,145,100,111,122,98,139,105,180,67,158,30,40,96,76,93,150,173,46,10,42,27,24,187,39,95,1,125,33,127,128,129,18,181,148,9,103,92,136,137,43,53,146,190,31,82,144,121,162,147,149,152,49,151,97,130,113,155,17,21,34,159,109,135,140,50,16,118,166,80,133,178,170,199,172,79,117,102,110,60,64,179,58,161,192,22,195,83,186,54,119,167,71,56,5,141,19,116,70,104,143,156];False
7473;7586;15059;[135,136,23,22,37,174,171,57,7,130,163,122,12,185,149,98,193,191,38,196,161,66,45,105,194,115,46,44,34,190,109,111,184,51,106,91,69,28,8,118,180,159,140,48,92,90,131,148,9,14,3,142,85,61,145,94,13,101,75,36,176,26,164,128,52,2,167,107,123,50,146,65,198,186,82,49,133,189,132,170,77,25,18,4,84,88,70,108,21,73,154,59,197,24,32,195,10,110,11,152,72,127,30,114,182,139,29,137,158,175,6,1,117,120,157,173,17,79,199,102,169,172,39,78,83,125,33,192,165,40,87,181,68,93,103,162,147,153,15,144,156,155,31,143,53,183,97,41,0,89,27,62,5,134,112,104,99,160,74,20,138,168,188,126,16,71,19,55,60,179,47,43,187,76,151,141,80,58,64,96,177,42,166,178,86,119,81,67,129,35,150,56,100,54,113,116,124,63,95,121];False
7418;7574;14992;[23,135,136,22,37,174,171,57,7,130,163,122,12,185,149,98,193,191,38,196,161,66,45,105,194,115,46,44,34,190,109,111,184,51,106,91,69,28,8,118,180,159,140,48,92,90,131,148,9,14,3,142,85,61,145,94,13,101,75,36,176,26,164,128,52,2,167,107,123,50,146,65,198,186,82,49,133,189,132,170,77,25,18,4,84,88,70,108,21,73,154,59,197,24,32,195,10,110,11,152,72,127,30,114,182,139,29,137,158,175,6,1,117,120,157,173,17,79,199,102,169,172,39,78,83,125,33,192,165,40,87,181,68,93,103,162,147,153,15,144,156,155,31,143,53,183,97,41,0,89,27,62,5,134,112,104,99,160,74,20,138,168,188,126,16,71,19,55,60,179,47,43,187,76,151,141,80,58,64,96,177,42,166,178,86,119,81,67,129,35,150,56,100,54,113,116,124,63,95,121];False
7618;7420;15038;[174,149,7,161,136,115,135,171,22,130,163,122,12,185,57,98,193,23,38,196,198,66,45,105,194,191,46,44,48,190,109,10,184,51,34,91,69,28,8,118,180,159,140,73,92,90,131,148,93,14,178,142,85,61,145,94,13,101,75,36,176,26,164,128,52,2,167,107,123,50,146,65,37,186,82,49,133,189,132,170,77,25,18,4,84,88,70,108,21,106,154,59,197,24,32,195,111,110,11,152,72,127,30,114,182,139,29,137,158,175,6,1,117,120,157,173,17,79,199,27,169,172,39,78,55,125,33,192,165,40,87,181,68,9,103,162,147,153,15,144,156,155,31,143,53,183,97,41,0,89,102,62,5,134,112,104,99,160,74,20,138,168,188,126,16,71,19,83,60,179,47,43,187,76,151,141,80,58,64,96,177,42,166,3,86,119,81,67,129,35,150,56,100,54,113,116,124,63,95,121];False
7820;7395;15215;[198,171,7,161,136,149,135,174,22,130,163,122,12,185,57,98,193,23,38,196,115,66,45,105,194,191,46,44,48,190,109,10,184,51,34,91,69,28,8,118,180,159,140,73,92,90,131,148,93,14,178,142,85,61,145,94,13,101,75,36,176,26,164,128,52,2,167,107,123,50,146,65,37,186,82,49,133,189,132,170,77,25,18,4,84,88,70,108,21,106,154,59,197,24,32,195,111,110,11,152,72,127,30,114,182,139,29,137,158,175,6,1,117,120,157,173,17,79,199,27,169,172,39,78,55,125,33,192,165,40,87,181,68,9,103,162,147,153,15,144,156,155,31,143,53,183,97,41,0,89,102,62,5,134,112,104,99,160,74,20,138,168,188,126,16,71,19,83,60,179,47,43,187,76,151,141,80,58,64,96,177,42,166,3,86,119,81,67,129,35,150,56,100,54,113,116,124,63,95,121];False
8073;7219;15292;[136,191,22,46,135,115,171,57,7,130,163,122,12,185,149,98,193,23,38,196,161,66,45,105,194,73,174,44,37,190,109,10,184,51,34,91,69,28,8,118,180,159,140,48,92,90,131,148,93,14,178,142,85,61,145,94,13,101,75,36,176,26,97,128,52,2,167,107,123,50,146,65,198,186,82,49,133,189,132,170,77,25,18,4,84,88,70,108,21,106,154,59,197,24,32,86,111,110,11,152,72,127,30,114,182,139,29,137,158,175,6,1,117,120,157,173,17,79,199,27,169,172,39,78,55,125,33,192,165,40,87,181,68,9,103,162,147,153,15,144,156,155,31,143,53,183,164,41,0,89,102,62,5,134,112,104,99,63,74,20,138,168,188,126,16,71,19,83,60,179,47,43,187,76,151,141,80,58,64,96,177,42,166,3,195,119,81,67,129,35,150,56,100,54,113,116,124,160,95,121];False
8244;7174;15418;[73,191,135,136,22,115,171,57,7,130,163,122,12,185,149,98,193,23,38,196,161,66,45,105,194,174,46,44,37,190,109,10,184,51,34,91,69,28,8,118,180,159,140,48,92,90,131,148,93,14,178,142,85,61,145,94,13,101,75,36,176,26,97,128,52,2,167,107,123,50,146,65,198,186,82,49,133,189,132,170,77,25,18,4,84,88,70,108,21,106,154,59,197,24,32,86,111,110,11,152,72,127,30,114,182,139,29,137,158,175,6,1,117,120,157,173,17,79,199,27,169,172,39,78,55,125,33,192,165,40,87,181,68,9,103,162,147,153,15,144,156,155,31,143,53,183,164,41,0,89,102,62,5,134,112,104,99,63,74,20,138,168,188,126,16,71,19,83,60,179,47,43,187,76,151,141,80,58,64,96,177,42,166,3,195,119,81,67,129,35,150,56,100,54,113,116,124,160,95,121];False
8244;7167;15411;[136,191,186,135,7,174,171,57,3,130,163,122,12,185,149,98,193,23,38,196,161,66,45,105,44,115,46,180,37,190,109,10,184,51,34,91,69,28,8,118,194,159,140,48,92,90,131,148,93,14,178,142,85,61,145,94,13,101,75,36,176,26,97,128,52,2,167,107,123,50,146,65,198,73,82,49,133,189,132,170,77,25,18,4,84,88,70,108,21,106,154,59,197,24,86,32,111,110,11,152,72,127,30,114,182,139,29,137,158,175,6,1,117,120,157,173,17,79,199,27,169,172,39,78,55,125,33,192,165,40,87,181,68,9,103,162,147,153,95,144,156,155,31,143,53,183,164,41,0,89,102,62,5,134,112,104,99,63,74,20,138,168,188,126,16,71,19,83,60,179,47,43,187,76,151,141,80,58,64,96,177,42,166,22,195,119,81,67,129,35,150,56,100,54,113,116,124,160,15,121];False
8681;6690;15371;[37,136,194,10,75,18,171,57,3,130,163,122,12,185,54,98,193,6,38,196,161,66,45,135,142,115,46,44,140,190,109,155,184,51,174,91,69,28,8,118,34,159,188,48,92,90,131,148,93,14,178,23,191,61,145,94,13,101,141,36,176,35,97,128,52,2,167,107,123,73,65,180,198,17,82,49,133,189,132,170,77,25,105,4,84,88,70,108,21,106,154,59,197,24,72,78,111,110,11,152,86,127,30,114,182,139,29,137,158,175,85,1,117,120,157,173,186,79,42,27,169,172,39,32,55,125,33,192,165,40,87,181,68,9,103,162,147,67,95,144,156,146,31,143,53,183,164,41,149,89,102,62,5,134,112,104,99,63,74,20,138,168,50,126,16,71,19,83,60,179,47,43,187,76,151,7,80,58,64,96,177,199,166,22,195,119,81,153,129,26,150,56,100,0,113,116,124,160,15,121];True
8717;6684;15401;[194,37,136,10,75,18,171,57,3,130,163,122,12,185,54,98,193,6,38,196,161,66,45,135,142,115,46,44,140,190,109,155,184,51,174,91,69,28,8,118,34,159,188,48,92,90,131,148,93,14,178,23,191,61,145,94,13,101,141,36,176,35,97,128,52,2,167,107,123,73,65,180,198,17,82,49,133,189,132,170,77,25,105,4,84,88,70,108,21,106,154,59,197,24,72,78,111,110,11,152,86,127,30,114,182,139,29,137,158,175,85,1,117,120,157,173,186,79,42,27,169,172,39,32,55,125,33,192,165,40,87,181,68,9,103,162,147,67,95,144,156,146,31,143,53,183,164,41,149,89,102,62,5,134,112,104,99,63,74,20,138,168,50,126,16,71,19,83,60,179,47,43,187,76,151,7,80,58,64,96,177,199,166,22,195,119,81,153,129,26,150,56,100,0,113,116,124,160,15,121];True
8526;6769;15295;[38,189,23,95,149,46,11,57,3,130,163,122,12,185,54,98,193,191,37,196,161,66,45,135,34,115,65,44,174,190,109,10,184,51,106,91,69,28,8,118,180,159,188,48,92,90,131,148,93,14,178,142,6,61,145,94,13,101,141,36,176,35,97,128,52,2,167,107,123,194,155,50,198,17,82,49,133,18,132,170,77,25,105,4,84,88,70,108,21,73,154,59,197,24,72,78,111,110,171,152,86,127,30,114,182,139,29,137,158,175,85,1,117,120,157,173,186,79,42,27,169,172,39,32,55,125,33,192,165,40,87,181,68,9,103,162,147,67,136,144,156,146,31,143,53,183,164,41,75,89,102,62,5,134,112,104,99,63,74,20,138,168,140,126,16,71,19,83,60,179,47,43,187,76,151,7,80,58,64,96,177,199,166,22,195,119,81,153,129,26,150,56,100,0,113,116,124,160,15,121];False
9858;6550;16408;[73,174,196,23,75,18,171,57,3,130,163,59,12,185,0,98,169,6,89,91,161,66,45,135,194,115,46,44,37,190,109,10,184,51,34,136,69,28,8,118,180,159,188,48,92,90,131,148,93,14,178,142,191,61,145,94,13,101,7,38,176,35,97,128,52,2,167,107,123,50,155,65,198,17,82,49,133,189,132,170,77,25,105,4,84,88,70,108,21,106,154,122,197,24,72,78,111,110,11,152,86,127,30,114,182,139,29,137,158,175,85,1,117,120,157,173,186,79,42,27,193,172,39,32,55,125,33,192,165,40,87,181,68,9,103,162,147,67,95,144,156,146,31,143,53,183,164,41,149,36,102,62,5,134,112,104,99,63,74,20,138,168,140,126,16,71,19,83,60,179,47,43,187,76,151,141,80,58,64,96,177,199,166,22,195,119,81,153,129,26,150,56,100,54,113,116,124,160,15,121];False
2174;8087;10261;[34,194,1,118,10,176,83,129,8,84,67,48,92,108,21,99,16,77,112,150,56,18,62,120,24,69,26,9,143,20,3,2,121,160,74,106,130,22,38,45,124,94,75,25,165,153,187,127,39,107,87,76,50,53,93,23,30,134,137,86,122,64,101,151,54,158,199,6,117,98,19,110,81,52,182,28,162,78,60,79,185,148,167,61,41,36,46,131,59,133,96,157,138,178,164,173,66,126,198,159,140,184,109,29,154,156,142,15,135,146,43,128,85,152,172,12,181,82,192,139,33,13,111,195,40,37,71,35,88,171,189,197,31,68,116,57,0,113,196,89,5,141,119,4,183,63,51,72,147,65,102,115,14,49,55,155,73,161,80,114,177,169,191,11,104,180,163,170,95,91,90,125,149,32,97,58,100,7,175,179,27,193,136,144,70,168,17,103,105,174,190,188,186,145,42,47,132,166,123,44];True
1879;8407;10286;[83,76,25,48,10,176,2,129,8,84,113,61,74,108,21,174,16,77,112,150,56,18,62,120,24,197,26,9,143,28,3,99,121,160,92,106,130,22,38,34,124,94,161,1,165,153,187,127,39,107,87,122,50,53,93,23,30,134,137,86,69,64,101,151,54,158,199,6,117,98,19,110,81,52,182,45,162,78,180,79,185,148,167,73,41,36,46,131,59,133,96,157,138,178,164,173,66,126,198,159,140,118,109,29,154,156,142,15,135,60,43,128,85,152,172,12,181,82,192,139,33,13,111,195,40,37,71,35,88,171,189,194,31,68,116,57,0,67,196,89,5,141,119,4,183,63,51,72,147,65,102,115,14,49,55,155,184,75,80,114,177,169,191,11,104,20,163,170,95,91,90,125,149,32,97,58,100,7,175,179,27,193,136,144,70,168,17,103,105,146,190,188,186,145,42,47,132,166,123,44];False
2717;7946;10663;[90,122,112,93,10,176,83,129,8,72,67,73,74,108,21,99,16,77,25,150,56,18,62,120,24,197,26,9,143,20,3,2,121,160,142,49,130,22,38,198,124,94,161,1,165,153,187,127,39,107,87,76,50,53,135,23,30,134,137,86,69,64,101,151,54,158,199,6,117,98,19,110,81,52,182,28,162,78,60,79,185,148,167,61,41,36,46,131,59,133,96,157,138,178,164,173,66,126,34,159,140,118,109,29,154,156,106,71,48,146,43,128,85,152,172,12,181,82,192,139,33,13,111,195,40,37,15,35,88,171,189,194,102,68,116,57,0,113,196,89,5,141,119,4,183,63,51,92,147,65,31,115,14,45,55,155,184,75,80,114,177,169,191,11,104,180,163,170,95,91,84,125,149,32,97,58,100,7,175,179,27,193,136,144,70,168,17,103,105,174,190,188,186,145,42,47,132,166,123,44];True
1745;8917;10662;[94,143,112,48,10,1,2,129,8,84,122,107,118,146,105,99,141,17,193,15,173,18,25,120,24,197,26,9,109,20,3,49,147,65,92,142,130,22,38,174,67,19,75,12,165,153,187,127,39,73,87,76,50,53,93,23,30,134,58,86,181,82,101,151,54,158,121,6,117,98,78,110,81,52,108,74,183,192,135,79,185,148,167,61,59,36,46,5,41,133,96,157,138,178,152,56,66,126,106,159,140,34,51,29,154,156,160,71,69,190,43,128,85,164,111,83,40,124,150,139,33,13,172,195,182,149,60,35,88,145,189,194,31,171,116,57,186,113,196,89,162,198,119,28,4,97,131,0,199,62,102,115,14,45,55,155,184,161,80,137,177,169,191,11,104,180,163,170,95,91,90,125,37,32,68,63,100,7,175,114,27,16,136,144,70,168,64,103,21,72,77,188,179,176,42,47,132,166,123,44];True
6423;7907;14330;[57,3,115,132,22,135,171,199,7,191,163,122,12,130,149,98,193,169,38,196,161,66,45,105,194,136,46,44,139,190,109,111,184,51,146,91,69,28,8,118,180,27,140,48,92,90,131,148,9,14,198,142,29,61,145,94,13,101,75,36,176,26,164,128,52,2,167,170,123,50,34,71,174,73,82,49,133,166,186,107,77,159,18,4,181,88,70,108,21,106,154,59,197,24,32,195,10,110,11,152,72,127,30,114,182,37,85,55,158,175,6,1,117,120,157,173,17,79,185,102,23,172,39,78,83,125,33,35,165,40,87,84,68,93,103,65,147,153,15,144,156,155,31,143,53,183,97,41,0,89,25,62,5,134,112,104,99,160,74,20,138,168,188,126,16,162,19,137,60,179,47,43,187,76,151,141,80,58,64,96,177,42,189,178,86,119,81,67,129,192,150,56,100,54,113,116,124,63,95,121];False
6454;7898;14352;[169,149,66,132,22,135,171,57,7,130,163,122,12,199,3,98,193,191,38,196,161,115,45,105,194,136,46,44,139,190,109,111,184,51,146,91,69,28,8,118,180,27,140,48,92,90,131,148,9,14,198,142,29,61,145,94,13,101,75,36,176,26,164,128,52,2,167,170,123,50,34,71,174,73,82,49,133,166,186,107,77,159,18,4,181,88,70,108,21,106,154,59,197,24,32,195,10,110,11,152,72,127,30,114,182,37,85,55,158,175,6,1,117,120,157,173,17,79,185,102,23,172,39,78,83,125,33,35,165,40,87,84,68,93,103,65,147,153,15,144,156,155,31,143,53,183,97,41,0,89,25,62,5,134,112,104,99,160,74,20,138,168,188,126,16,162,19,137,60,179,47,43,187,76,151,141,80,58,64,96,177,42,189,178,86,119,81,67,129,192,150,56,100,54,113,116,124,63,95,121];False
6419;7878;14297;[66,169,149,132,22,135,171,57,7,130,163,122,12,199,3,98,193,191,38,196,161,115,45,105,194,136,46,44,139,190,109,111,184,51,146,91,69,28,8,118,180,27,140,48,92,90,131,148,9,14,198,142,29,61,145,94,13,101,75,36,176,26,164,128,52,2,167,170,123,50,34,71,174,73,82,49,133,166,186,107,77,159,18,4,181,88,70,108,21,106,154,59,197,24,32,195,10,110,11,152,72,127,30,114,182,37,85,55,158,175,6,1,117,120,157,173,17,79,185,102,23,172,39,78,83,125,33,35,165,40,87,84,68,93,103,65,147,153,15,144,156,155,31,143,53,183,97,41,0,89,25,62,5,134,112,104,99,160,74,20,138,168,188,126,16,162,19,137,60,179,47,43,187,76,151,141,80,58,64,96,177,42,189,178,86,119,81,67,129,192,150,56,100,54,113,116,124,63,95,121];False
6958;7799;14757;[184,174,22,66,7,135,171,57,23,130,163,122,12,199,149,98,193,191,38,196,161,136,45,105,198,115,46,44,139,190,109,111,194,51,124,91,69,28,8,118,180,25,146,48,92,90,131,148,9,14,3,142,29,61,145,94,13,101,75,36,176,26,164,128,52,2,167,107,123,50,34,71,140,132,82,49,133,189,186,170,77,159,18,4,181,88,70,108,21,106,154,59,197,24,32,195,10,110,11,152,72,127,30,114,182,37,85,55,158,175,6,1,117,120,157,173,17,79,185,102,169,172,39,78,83,125,33,35,165,40,87,84,68,93,103,65,147,153,15,144,156,155,31,143,53,183,97,41,0,89,27,62,5,134,112,104,99,160,74,20,138,168,188,126,16,162,19,137,60,179,47,43,187,76,151,141,80,58,64,96,177,42,166,178,86,119,81,67,129,192,150,56,100,54,113,116,73,63,95,121];False
6964;7795;14759;[115,184,22,66,7,135,171,57,23,130,163,122,12,199,149,98,193,191,38,196,161,136,45,105,198,174,46,44,139,190,109,111,194,51,124,91,69,28,8,118,180,25,146,48,92,90,131,148,9,14,3,142,29,61,145,94,13,101,75,36,176,26,164,128,52,2,167,107,123,50,34,71,140,132,82,49,133,189,186,170,77,159,18,4,181,88,70,108,21,106,154,59,197,24,32,195,10,110,11,152,72,127,30,114,182,37,85,55,158,175,6,1,117,120,157,173,17,79,185,102,169,172,39,78,83,125,33,35,165,40,87,84,68,93,103,65,147,153,15,144,156,155,31,143,53,183,97,41,0,89,27,62,5,134,112,104,99,160,74,20,138,168,188,126,16,162,19,137,60,179,47,43,187,76,151,141,80,58,64,96,177,42,166,178,86,119,81,67,129,192,150,56,100,54,113,116,73,63,95,121];False
7024;7770;14794;[46,174,22,23,191,135,171,57,7,130,163,122,12,199,149,98,193,136,38,196,161,66,45,105,194,115,71,44,139,190,109,111,184,51,34,91,69,28,8,118,180,159,140,48,92,90,131,148,9,14,3,142,29,61,145,94,13,101,75,36,176,26,164,128,52,2,167,107,123,73,146,50,198,132,82,49,133,189,186,170,77,25,18,4,181,88,70,108,21,106,154,59,197,24,32,195,10,110,11,152,72,127,30,114,182,37,85,55,158,175,6,1,117,120,157,173,17,79,185,102,169,172,39,78,83,125,33,35,165,40,87,84,68,93,103,65,147,153,15,144,156,155,31,143,53,183,97,41,0,89,27,62,5,134,112,104,99,160,74,20,138,168,188,126,16,162,19,137,60,179,47,43,187,76,151,141,80,58,64,96,177,42,166,178,86,119,81,67,129,192,150,56,100,54,113,116,124,63,95,121];False
7084;7762;14846;[136,71,22,23,191,135,171,57,7,130,163,122,12,199,149,98,193,109,38,196,161,66,45,105,194,115,46,44,139,190,174,111,184,51,34,91,69,28,8,118,180,159,140,48,92,90,131,148,9,14,3,142,29,61,145,94,13,101,75,36,176,26,164,128,52,2,167,107,123,73,146,50,198,132,82,49,133,189,186,170,77,25,18,4,181,88,70,108,21,106,154,59,197,24,32,195,10,110,11,152,72,127,30,114,182,37,85,55,158,175,6,1,117,120,157,173,17,79,185,102,169,172,39,78,83,125,33,35,165,40,87,84,68,93,103,65,147,153,15,144,156,155,31,143,53,183,97,41,0,89,27,62,5,134,112,104,99,160,74,20,138,168,188,126,16,162,19,137,60,179,47,43,187,76,151,141,80,58,64,96,177,42,166,178,86,119,81,67,129,192,150,56,100,54,113,116,124,63,95,121];False
7075;7758;14833;[23,136,22,71,191,135,171,57,7,130,163,122,12,199,149,98,193,109,38,196,161,66,45,105,194,115,46,44,139,190,174,111,184,51,34,91,69,28,8,118,180,159,140,48,92,90,131,148,9,14,3,142,29,61,145,94,13,101,75,36,176,26,164,128,52,2,167,107,123,73,146,50,198,132,82,49,133,189,186,170,77,25,18,4,181,88,70,108,21,106,154,59,197,24,32,195,10,110,11,152,72,127,30,114,182,37,85,55,158,175,6,1,117,120,157,173,17,79,185,102,169,172,39,78,83,125,33,35,165,40,87,84,68,93,103,65,147,153,15,144,156,155,31,143,53,183,97,41,0,89,27,62,5,134,112,104,99,160,74,20,138,168,188,126,16,162,19,137,60,179,47,43,187,76,151,141,80,58,64,96,177,42,166,178,86,119,81,67,129,192,150,56,100,54,113,116,124,63,95,121];False
7204;7732;14936;[132,15,23,182,32,87,75,88,171,163,86,12,6,185,0,73,65,94,160,196,38,14,194,191,154,3,157,183,37,138,184,115,25,99,108,35,193,28,8,20,13,174,188,55,44,198,131,47,68,123,106,78,52,91,69,61,176,59,11,57,189,26,175,62,120,2,89,107,48,63,29,164,4,126,41,114,112,165,153,7,77,177,169,72,84,85,66,45,124,51,90,134,197,168,74,142,101,81,36,145,100,111,122,98,139,105,180,67,158,30,40,96,76,93,150,173,46,10,42,27,24,187,39,95,1,125,33,127,128,129,18,181,148,9,103,92,136,137,43,53,146,190,31,82,144,121,162,147,149,152,49,151,97,130,113,155,17,21,34,159,109,135,140,50,16,118,166,80,133,178,170,199,172,79,117,102,110,60,64,179,58,161,192,22,195,83,186,54,119,167,71,56,5,141,19,116,70,104,143,156];False
7390;7574;14964;[135,23,136,22,37,174,171,57,7,130,163,122,12,185,149,98,193,191,38,196,161,66,45,105,194,115,46,44,34,190,109,111,184,51,106,91,69,28,8,118,180,159,140,48,92,90,131,148,9,14,3,142,85,61,145,94,13,101,75,36,176,26,164,128,52,2,167,107,123,50,146,65,198,186,82,49,133,189,132,170,77,25,18,4,84,88,70,108,21,73,154,59,197,24,32,195,10,110,11,152,72,127,30,114,182,139,29,137,158,175,6,1,117,120,157,173,17,79,199,102,169,172,39,78,83,125,33,192,165,40,87,181,68,93,103,162,147,153,15,144,156,155,31,143,53,183,97,41,0,89,27,62,5,134,112,104,99,160,74,20,138,168,188,126,16,71,19,55,60,179,47,43,187,76,151,141,80,58,64,96,177,42,166,178,86,119,81,67,129,35,150,56,100,54,113,116,124,63,95,121];False
7612;7475;15087;[149,174,7,161,136,115,135,171,22,130,163,122,12,185,57,98,193,23,38,196,198,66,45,105,194,191,46,44,48,190,109,10,184,51,34,91,69,28,8,118,180,159,140,73,92,90,131,148,93,14,178,142,85,61,145,94,13,101,75,36,176,26,164,128,52,2,167,107,123,50,146,65,37,186,82,49,133,189,132,170,77,25,18,4,84,88,70,108,21,106,154,59,197,24,32,195,111,110,11,152,72,127,30,114,182,139,29,137,158,175,6,1,117,120,157,173,17,79,199,27,169,172,39,78,55,125,33,192,165,40,87,181,68,9,103,162,147,153,15,144,156,155,31,143,53,183,97,41,0,89,102,62,5,134,112,104,99,160,74,20,138,168,188,126,16,71,19,83,60,179,47,43,187,76,151,141,80,58,64,96,177,42,166,3,86,119,81,67,129,35,150,56,100,54,113,116,124,63,95,121];False
7584;7521;15105;[185,149,7,161,136,115,135,171,22,130,163,122,12,174,57,98,193,23,38,196,198,66,45,105,194,191,46,44,48,190,109,10,184,51,34,91,69,28,8,118,180,159,140,73,92,90,131,148,93,14,178,142,85,61,145,94,13,101,75,36,176,26,164,128,52,2,167,107,123,50,146,65,37,186,82,49,133,189,132,170,77,25,18,4,84,88,70,108,21,106,154,59,197,24,32,195,111,110,11,152,72,127,30,114,182,139,29,137,158,175,6,1,117,120,157,173,17,79,199,27,169,172,39,78,55,125,33,192,165,40,87,181,68,9,103,162,147,153,15,144,156,155,31,143,53,183,97,41,0,89,102,62,5,134,112,104,99,160,74,20,138,168,188,126,16,71,19,83,60,179,47,43,187,76,151,141,80,58,64,96,177,42,166,3,86,119,81,67,129,35,150,56,100,54,113,116,124,63,95,121];False
7669;7407;15076;[174,171,7,161,136,149,135,198,22,130,163,122,12,185,57,98,193,23,38,196,115,66,45,105,194,191,46,44,48,190,109,10,184,51,34,91,69,28,8,118,180,159,140,73,92,90,131,148,93,14,178,142,85,61,145,94,13,101,75,36,176,26,164,128,52,2,167,107,123,50,146,65,37,186,82,49,133,189,132,170,77,25,18,4,84,88,70,108,21,106,154,59,197,24,32,195,111,110,11,152,72,127,30,114,182,139,29,137,158,175,6,1,117,120,157,173,17,79,199,27,169,172,39,78,55,125,33,192,165,40,87,181,68,9,103,162,147,153,15,144,156,155,31,143,53,183,97,41,0,89,102,62,5,134,112,104,99,160,74,20,138,168,188,126,16,71,19,83,60,179,47,43,187,76,151,141,80,58,64,96,177,42,166,3,86,119,81,67,129,35,150,56,100,54,113,116,124,63,95,121];False
8058;7217;15275;[191,136,22,46,135,115,171,57,7,130,163,122,12,185,149,98,193,23,38,196,161,66,45,105,194,73,174,44,37,190,109,10,184,51,34,91,69,28,8,118,180,159,140,48,92,90,131,148,93,14,178,142,85,61,145,94,13,101,75,36,176,26,97,128,52,2,167,107,123,50,146,65,198,186,82,49,133,189,132,170,77,25,18,4,84,88,70,108,21,106,154,59,197,24,32,86,111,110,11,152,72,127,30,114,182,139,29,137,158,175,6,1,117,120,157,173,17,79,199,27,169,172,39,78,55,125,33,192,165,40,87,181,68,9,103,162,147,153,15,144,156,155,31,143,53,183,164,41,0,89,102,62,5,134,112,104,99,63,74,20,138,168,188,126,16,71,19,83,60,179,47,43,187,76,151,141,80,58,64,96,177,42,166,3,195,119,81,67,129,35,150,56,100,54,113,116,124,160,95,121];False
8280;7155;15435;[135,191,186,136,7,174,171,57,3,130,163,122,12,185,149,98,193,23,38,196,161,66,45,105,44,115,46,180,37,190,109,10,184,51,34,91,69,28,8,118,194,159,140,48,92,90,131,148,93,14,178,142,85,61,145,94,13,101,75,36,176,26,97,128,52,2,167,107,123,50,146,65,198,73,82,49,133,189,132,170,77,25,18,4,84,88,70,108,21,106,154,59,197,24,86,32,111,110,11,152,72,127,30,114,182,139,29,137,158,175,6,1,117,120,157,173,17,79,199,27,169,172,39,78,55,125,33,192,165,40,87,181,68,9,103,162,147,153,95,144,156,155,31,143,53,183,164,41,0,89,102,62,5,134,112,104,99,63,74,20,138,168,188,126,16,71,19,83,60,179,47,43,187,76,151,141,80,58,64,96,177,42,166,22,195,119,81,67,129,35,150,56,100,54,113,116,124,160,15,121];False
8740;6679;15419;[194,136,37,10,75,18,171,57,3,130,163,122,12,185,54,98,193,6,38,196,161,66,45,135,142,115,46,44,140,190,109,155,184,51,174,91,69,28,8,118,34,159,188,48,92,90,131,148,93,14,178,23,191,61,145,94,13,101,141,36,176,35,97,128,52,2,167,107,123,73,65,180,198,17,82,49,133,189,132,170,77,25,105,4,84,88,70,108,21,106,154,59,197,24,72,78,111,110,11,152,86,127,30,114,182,139,29,137,158,175,85,1,117,120,157,173,186,79,42,27,169,172,39,32,55,125,33,192,165,40,87,181,68,9,103,162,147,67,95,144,156,146,31,143,53,183,164,41,149,89,102,62,5,134,112,104,99,63,74,20,138,168,50,126,16,71,19,83,60,179,47,43,187,76,151,7,80,58,64,96,177,199,166,22,195,119,81,153,129,26,150,56,100,0,113,116,124,160,15,121];False
8637;6694;15331;[37,194,136,10,75,18,171,57,3,130,163,122,12,185,54,98,193,6,38,196,161,66,45,135,142,115,46,44,140,190,109,155,184,51,174,91,69,28,8,118,34,159,188,48,92,90,131,148,93,14,178,23,191,61,145,94,13,101,141,36,176,35,97,128,52,2,167,107,123,73,65,180,198,17,82,49,133,189,132,170,77,25,105,4,84,88,70,108,21,106,154,59,197,24,72,78,111,110,11,152,86,127,30,114,182,139,29,137,158,175,85,1,117,120,157,173,186,79,42,27,169,172,39,32,55,125,33,192,165,40,87,181,68,9,103,162,147,67,95,144,156,146,31,143,53,183,164,41,149,89,102,62,5,134,112,104,99,63,74,20,138,168,50,126,16,71,19,83,60,179,47,43,187,76,151,7,80,58,64,96,177,199,166,22,195,119,81,153,129,26,150,56,100,0,113,116,124,160,15,121];True
8732;6679;15411;[174,37,136,10,75,18,171,57,3,130,163,122,12,185,54,98,193,6,38,196,161,66,45,135,142,115,46,44,140,190,109,155,184,51,194,91,69,28,8,118,34,159,188,48,92,90,131,148,93,14,178,23,191,61,145,94,13,101,141,36,176,35,97,128,52,2,167,107,123,73,65,180,198,17,82,49,133,189,132,170,77,25,105,4,84,88,70,108,21,106,154,59,197,24,72,78,111,110,11,152,86,127,30,114,182,139,29,137,158,175,85,1,117,120,157,173,186,79,42,27,169,172,39,32,55,125,33,192,165,40,87,181,68,9,103,162,147,67,95,144,156,146,31,143,53,183,164,41,149,89,102,62,5,134,112,104,99,63,74,20,138,168,50,126,16,71,19,83,60,179,47,43,187,76,151,7,80,58,64,96,177,199,166,22,195,119,81,153,129,26,150,56,100,0,113,116,124,160,15,121];True
8505;6768;15273;[23,189,38,95,149,46,11,57,3,130,163,122,12,185,54,98,193,191,37,196,161,66,45,135,34,115,65,44,174,190,109,10,184,51,106,91,69,28,8,118,180,159,188,48,92,90,131,148,93,14,178,142,6,61,145,94,13,101,141,36,176,35,97,128,52,2,167,107,123,194,155,50,198,17,82,49,133,18,132,170,77,25,105,4,84,88,70,108,21,73,154,59,197,24,72,78,111,110,171,152,86,127,30,114,182,139,29,137,158,175,85,1,117,120,157,173,186,79,42,27,169,172,39,32,55,125,33,192,165,40,87,181,68,9,103,162,147,67,136,144,156,146,31,143,53,183,164,41,75,89,102,62,5,134,112,104,99,63,74,20,138,168,140,126,16,71,19,83,60,179,47,43,187,76,151,7,80,58,64,96,177,199,166,22,195,119,81,153,129,26,150,56,100,0,113,116,124,160,15,121];False
9784;6551;16335;[73,174,196,23,75,18,171,57,3,130,163,59,12,185,0,98,169,6,89,91,161,66,15,135,194,115,46,44,37,190,109,10,184,51,34,136,69,28,8,118,180,159,188,48,92,90,131,148,93,14,178,142,191,61,145,94,13,101,7,38,176,35,97,128,52,2,167,107,123,50,155,65,198,17,82,49,133,189,132,170,77,25,105,4,84,88,70,108,21,106,154,122,197,24,72,78,111,110,11,152,86,127,30,114,182,139,29,137,158,175,85,1,117,120,157,173,186,79,42,27,193,172,39,32,55,125,33,192,165,40,87,181,68,9,103,162,147,67,95,144,156,146,31,143,53,183,164,41,149,36,102,62,5,134,112,104,99,63,74,20,138,168,140,126,16,71,19,83,60,179,47,43,187,76,151,141,80,58,64,96,177,199,166,22,195,119,81,153,129,26,150,56,100,54,113,116,124,160,45,121];False
2185;8081;10266;[34,71,1,118,10,176,83,129,8,84,67,48,92,108,21,99,16,77,112,150,56,18,62,120,24,69,26,9,143,20,3,2,121,160,74,106,130,22,38,45,124,94,75,25,165,153,187,127,39,107,87,76,50,53,93,23,30,134,137,86,122,64,101,151,54,158,199,6,117,98,19,110,81,52,182,28,162,78,60,79,185,148,167,61,41,36,46,131,59,133,96,157,138,178,164,173,66,126,198,159,140,184,109,29,154,156,142,15,135,146,43,128,85,152,172,12,181,82,192,139,33,13,111,195,40,37,194,35,88,171,189,197,31,68,116,57,0,113,196,89,5,141,119,4,183,63,51,72,147,65,102,115,14,49,55,155,73,161,80,114,177,169,191,11,104,180,163,170,95,91,90,125,149,32,97,58,100,7,175,179,27,193,136,144,70,168,17,103,105,174,190,188,186,145,42,47,132,166,123,44];True
1895;8359;10254;[83,76,25,48,10,176,67,129,8,84,113,61,74,108,21,174,16,77,112,150,56,18,62,120,24,197,26,9,143,28,3,99,121,160,92,106,130,22,38,34,124,94,161,1,165,153,187,127,39,107,87,122,50,53,93,23,30,134,137,86,69,64,101,151,54,158,199,6,117,98,19,110,81,52,182,45,162,78,180,79,185,148,167,73,41,36,46,131,59,133,96,157,138,178,164,173,66,126,198,159,140,118,109,29,154,156,142,15,135,60,43,128,85,152,172,12,181,82,192,139,33,13,111,195,40,37,71,35,88,171,189,194,31,68,116,57,0,2,196,89,5,141,119,4,183,63,51,72,147,65,102,115,14,49,55,155,184,75,80,114,177,169,191,11,104,20,163,170,95,91,90,125,149,32,97,58,100,7,175,179,27,193,136,144,70,168,17,103,105,146,190,188,186,145,42,47,132,166,123,44];False
2728;7944;10672;[154,122,112,93,10,176,83,129,8,72,67,73,74,108,21,99,16,77,25,150,56,18,62,120,24,197,26,9,143,20,3,2,121,160,142,49,130,22,38,198,124,94,161,1,165,153,187,127,39,107,87,76,50,53,135,23,30,134,137,86,69,64,101,151,54,158,199,6,117,98,19,110,81,52,182,28,162,78,60,79,185,148,167,61,41,36,46,131,59,133,96,157,138,178,164,173,66,126,34,159,140,118,109,29,90,156,106,71,48,146,43,128,85,152,172,12,181,82,192,139,33,13,111,195,40,37,15,35,88,171,189,194,102,68,116,57,0,113,196,89,5,141,119,4,183,63,51,92,147,65,31,115,14,45,55,155,184,75,80,114,177,169,191,11,104,180,163,170,95,91,84,125,149,32,97,58,100,7,175,179,27,193,136,144,70,168,17,103,105,174,190,188,186,145,42,47,132,166,123,44];False
1852;8884;10736;[50,143,112,48,10,1,2,129,8,84,122,107,118,146,105,99,141,17,193,15,173,18,25,120,24,197,26,9,109,20,3,49,147,65,92,142,130,22,38,174,67,19,75,12,165,153,187,127,39,73,87,76,94,53,93,23,30,134,58,86,181,82,101,151,54,158,121,6,117,98,78,110,81,52,108,74,183,192,135,79,185,148,167,61,59,36,46,5,41,133,96,157,138,178,152,56,66,126,106,159,140,34,51,29,154,156,160,71,69,190,43,128,85,164,111,83,40,124,150,139,33,13,172,195,182,149,60,35,88,145,189,194,31,171,116,57,186,113,196,89,162,198,119,28,4,97,131,0,199,62,102,115,14,45,55,155,184,161,80,137,177,169,191,11,104,180,163,170,95,91,90,125,37,32,68,63,100,7,175,114,27,16,136,144,70,168,64,103,21,72,77,188,179,176,42,47,132,166,123,44];False
6478;7864;14342;[22,169,149,132,66,135,171,57,7,130,163,122,12,199,3,98,193,191,38,196,161,115,45,105,194,136,46,44,139,190,109,111,184,51,146,91,69,28,8,118,180,27,140,48,92,90,131,148,9,14,198,142,29,61,145,94,13,101,75,36,176,26,164,128,52,2,167,170,123,50,34,71,174,73,82,49,133,166,186,107,77,159,18,4,181,88,70,108,21,106,154,59,197,24,32,195,10,110,11,152,72,127,30,114,182,37,85,55,158,175,6,1,117,120,157,173,17,79,185,102,23,172,39,78,83,125,33,35,165,40,87,84,68,93,103,65,147,153,15,144,156,155,31,143,53,183,97,41,0,89,25,62,5,134,112,104,99,160,74,20,138,168,188,126,16,162,19,137,60,179,47,43,187,76,151,141,80,58,64,96,177,42,189,178,86,119,81,67,129,192,150,56,100,54,113,116,124,63,95,121];False
6923;7819;14742;[23,174,22,66,7,135,171,57,184,130,163,122,12,199,149,98,193,191,38,196,161,136,45,105,198,115,46,44,139,190,109,111,194,51,124,91,69,28,8,118,180,25,146,48,92,90,131,148,9,14,3,142,29,61,145,94,13,101,75,36,176,26,164,128,52,2,167,107,123,50,34,71,140,132,82,49,133,189,186,170,77,159,18,4,181,88,70,108,21,106,154,59,197,24,32,195,10,110,11,152,72,127,30,114,182,37,85,55,158,175,6,1,117,120,157,173,17,79,185,102,169,172,39,78,83,125,33,35,165,40,87,84,68,93,103,65,147,153,15,144,156,155,31,143,53,183,97,41,0,89,27,62,5,134,112,104,99,160,74,20,138,168,188,126,16,162,19,137,60,179,47,43,187,76,151,141,80,58,64,96,177,42,166,178,86,119,81,67,129,192,150,56,100,54,113,116,73,63,95,121];False
6899;7804;14703;[184,115,22,66,7,135,171,57,23,130,163,122,12,199,149,98,193,191,38,196,161,136,45,105,198,174,46,44,139,190,109,111,194,51,124,91,69,28,8,118,180,25,146,48,92,90,131,148,9,14,3,142,29,61,145,94,13,101,75,36,176,26,164,128,52,2,167,107,123,50,34,71,140,132,82,49,133,189,186,170,77,159,18,4,181,88,70,108,21,106,154,59,197,24,32,195,10,110,11,152,72,127,30,114,182,37,85,55,158,175,6,1,117,120,157,173,17,79,185,102,169,172,39,78,83,125,33,35,165,40,87,84,68,93,103,65,147,153,15,144,156,155,31,143,53,183,97,41,0,89,27,62,5,134,112,104,99,160,74,20,138,168,188,126,16,162,19,137,60,179,47,43,187,76,151,141,80,58,64,96,177,42,166,178,86,119,81,67,129,192,150,56,100,54,113,116,73,63,95,121];False
6890;7810;14700;[22,184,115,66,7,135,171,57,23,130,163,122,12,199,149,98,193,191,38,196,161,136,45,105,198,174,46,44,139,190,109,111,194,51,124,91,69,28,8,118,180,25,146,48,92,90,131,148,9,14,3,142,29,61,145,94,13,101,75,36,176,26,164,128,52,2,167,107,123,50,34,71,140,132,82,49,133,189,186,170,77,159,18,4,181,88,70,108,21,106,154,59,197,24,32,195,10,110,11,152,72,127,30,114,182,37,85,55,158,175,6,1,117,120,157,173,17,79,185,102,169,172,39,78,83,125,33,35,165,40,87,84,68,93,103,65,147,153,15,144,156,155,31,143,53,183,97,41,0,89,27,62,5,134,112,104,99,160,74,20,138,168,188,126,16,162,19,137,60,179,47,43,187,76,151,141,80,58,64,96,177,42,166,178,86,119,81,67,129,192,150,56,100,54,113,116,73,63,95,121];False
7038;7766;14804;[174,46,22,23,191,135,171,57,7,130,163,122,12,199,149,98,193,136,38,196,161,66,45,105,194,115,71,44,139,190,109,111,184,51,34,91,69,28,8,118,180,159,140,48,92,90,131,148,9,14,3,142,29,61,145,94,13,101,75,36,176,26,164,128,52,2,167,107,123,73,146,50,198,132,82,49,133,189,186,170,77,25,18,4,181,88,70,108,21,106,154,59,197,24,32,195,10,110,11,152,72,127,30,114,182,37,85,55,158,175,6,1,117,120,157,173,17,79,185,102,169,172,39,78,83,125,33,35,165,40,87,84,68,93,103,65,147,153,15,144,156,155,31,143,53,183,97,41,0,89,27,62,5,134,112,104,99,160,74,20,138,168,188,126,16,162,19,137,60,179,47,43,187,76,151,141,80,58,64,96,177,42,166,178,86,119,81,67,129,192,150,56,100,54,113,116,124,63,95,121];False
7030;7769;14799;[191,174,22,23,46,135,171,57,7,130,163,122,12,199,149,98,193,136,38,196,161,66,45,105,194,115,71,44,139,190,109,111,184,51,34,91,69,28,8,118,180,159,140,48,92,90,131,148,9,14,3,142,29,61,145,94,13,101,75,36,176,26,164,128,52,2,167,107,123,73,146,50,198,132,82,49,133,189,186,170,77,25,18,4,181,88,70,108,21,106,154,59,197,24,32,195,10,110,11,152,72,127,30,114,182,37,85,55,158,175,6,1,117,120,157,173,17,79,185,102,169,172,39,78,83,125,33,35,165,40,87,84,68,93,103,65,147,153,15,144,156,155,31,143,53,183,97,41,0,89,27,62,5,134,112,104,99,160,74,20,138,168,188,126,16,162,19,137,60,179,47,43,187,76,151,141,80,58,64,96,177,42,166,178,86,119,81,67,129,192,150,56,100,54,113,116,124,63,95,121];False
7037;7742;14779;[135,136,22,71,191,23,171,57,7,130,163,122,12,199,149,98,193,109,38,196,161,66,45,105,194,115,46,44,139,190,174,111,184,51,34,91,69,28,8,118,180,159,140,48,92,90,131,148,9,14,3,142,29,61,145,94,13,101,75,36,176,26,164,128,52,2,167,107,123,73,146,50,198,132,82,49,133,189,186,170,77,25,18,4,181,88,70,108,21,106,154,59,197,24,32,195,10,110,11,152,72,127,30,114,182,37,85,55,158,175,6,1,117,120,157,173,17,79,185,102,169,172,39,78,83,125,33,35,165,40,87,84,68,93,103,65,147,153,15,144,156,155,31,143,53,183,97,41,0,89,27,62,5,134,112,104,99,160,74,20,138,168,188,126,16,162,19,137,60,179,47,43,187,76,151,141,80,58,64,96,177,42,166,178,86,119,81,67,129,192,150,56,100,54,113,116,124,63,95,121];False
7260;7701;14961;[182,15,23,132,32,87,75,88,171,163,86,12,6,185,0,73,65,94,160,196,38,14,194,191,154,3,157,183,37,138,184,115,25,99,108,35,193,28,8,20,13,174,188,55,44,198,131,47,68,123,106,78,52,91,69,61,176,59,11,57,189,26,175,62,120,2,89,107,48,63,29,164,4,126,41,114,112,165,153,7,77,177,169,72,84,85,66,45,124,51,90,134,197,168,74,142,101,81,36,145,100,111,122,98,139,105,180,67,158,30,40,96,76,93,150,173,46,10,42,27,24,187,39,95,1,125,33,127,128,129,18,181,148,9,103,92,136,137,43,53,146,190,31,82,144,121,162,147,149,152,49,151,97,130,113,155,17,21,34,159,109,135,140,50,16,118,166,80,133,178,170,199,172,79,117,102,110,60,64,179,58,161,192,22,195,83,186,54,119,167,71,56,5,141,19,116,70,104,143,156];False
7465;7560;15025;[37,23,136,22,135,174,171,57,7,130,163,122,12,185,149,98,193,191,38,196,161,66,45,105,194,115,46,44,34,190,109,111,184,51,106,91,69,28,8,118,180,159,140,48,92,90,131,148,9,14,3,142,85,61,145,94,13,101,75,36,176,26,164,128,52,2,167,107,123,50,146,65,198,186,82,49,133,189,132,170,77,25,18,4,84,88,70,108,21,73,154,59,197,24,32,195,10,110,11,152,72,127,30,114,182,139,29,137,158,175,6,1,117,120,157,173,17,79,199,102,169,172,39,78,83,125,33,192,165,40,87,181,68,93,103,162,147,153,15,144,156,155,31,143,53,183,97,41,0,89,27,62,5,134,112,104,99,160,74,20,138,168,188,126,16,71,19,55,60,179,47,43,187,76,151,141,80,58,64,96,177,42,166,178,86,119,81,67,129,35,150,56,100,54,113,116,124,63,95,121];False
7576;7476;15052;[191,174,7,161,136,115,135,171,22,130,163,122,12,185,57,98,193,23,38,196,198,66,45,105,194,149,46,44,48,190,109,10,184,51,34,91,69,28,8,118,180,159,140,73,92,90,131,148,93,14,178,142,85,61,145,94,13,101,75,36,176,26,164,128,52,2,167,107,123,50,146,65,37,186,82,49,133,189,132,170,77,25,18,4,84,88,70,108,21,106,154,59,197,24,32,195,111,110,11,152,72,127,30,114,182,139,29,137,158,175,6,1,117,120,157,173,17,79,199,27,169,172,39,78,55,125,33,192,165,40,87,181,68,9,103,162,147,153,15,144,156,155,31,143,53,183,97,41,0,89,102,62,5,134,112,104,99,160,74,20,138,168,188,126,16,71,19,83,60,179,47,43,187,76,151,141,80,58,64,96,177,42,166,3,86,119,81,67,129,35,150,56,100,54,113,116,124,63,95,121];False
7783;7397;15180;[22,171,7,161,136,149,135,198,174,130,163,122,12,185,57,98,193,23,38,196,115,66,45,105,194,191,46,44,48,190,109,10,184,51,34,91,69,28,8,118,180,159,140,73,92,90,131,148,93,14,178,142,85,61,145,94,13,101,75,36,176,26,164,128,52,2,167,107,123,50,146,65,37,186,82,49,133,189,132,170,77,25,18,4,84,88,70,108,21,106,154,59,197,24,32,195,111,110,11,152,72,127,30,114,182,139,29,137,158,175,6,1,117,120,157,173,17,79,199,27,169,172,39,78,55,125,33,192,165,40,87,181,68,9,103,162,147,153,15,144,156,155,31,143,53,183,97,41,0,89,102,62,5,134,112,104,99,160,74,20,138,168,188,126,16,71,19,83,60,179,47,43,187,76,151,141,80,58,64,96,177,42,166,3,86,119,81,67,129,35,150,56,100,54,113,116,124,63,95,121];False
8056;7268;15324;[171,136,22,46,135,115,191,57,7,130,163,122,12,185,149,98,193,23,38,196,161,66,45,105,194,73,174,44,37,190,109,10,184,51,34,91,69,28,8,118,180,159,140,48,92,90,131,148,93,14,178,142,85,61,145,94,13,101,75,36,176,26,97,128,52,2,167,107,123,50,146,65,198,186,82,49,133,189,132,170,77,25,18,4,84,88,70,108,21,106,154,59,197,24,32,86,111,110,11,152,72,127,30,114,182,139,29,137,158,175,6,1,117,120,157,173,17,79,199,27,169,172,39,78,55,125,33,192,165,40,87,181,68,9,103,162,147,153,15,144,156,155,31,143,53,183,164,41,0,89,102,62,5,134,112,104,99,63,74,20,138,168,188,126,16,71,19,83,60,179,47,43,187,76,151,141,80,58,64,96,177,42,166,3,195,119,81,67,129,35,150,56,100,54,113,116,124,160,95,121];False
8333;7143;15476;[174,191,186,136,7,135,171,57,3,130,163,122,12,185,149,98,193,23,38,196,161,66,45,105,44,115,46,180,37,190,109,10,184,51,34,91,69,28,8,118,194,159,140,48,92,90,131,148,93,14,178,142,85,61,145,94,13,101,75,36,176,26,97,128,52,2,167,107,123,50,146,65,198,73,82,49,133,189,132,170,77,25,18,4,84,88,70,108,21,106,154,59,197,24,86,32,111,110,11,152,72,127,30,114,182,139,29,137,158,175,6,1,117,120,157,173,17,79,199,27,169,172,39,78,55,125,33,192,165,40,87,181,68,9,103,162,147,153,95,144,156,155,31,143,53,183,164,41,0,89,102,62,5,134,112,104,99,63,74,20,138,168,188,126,16,71,19,83,60,179,47,43,187,76,151,141,80,58,64,96,177,42,166,22,195,119,81,67,129,35,150,56,100,54,113,116,124,160,15,121];False
8625;6732;15357;[3,194,136,10,75,18,171,57,37,130,163,122,12,185,54,98,193,6,38,196,161,66,45,135,142,115,46,44,140,190,109,155,184,51,174,91,69,28,8,118,34,159,188,48,92,90,131,148,93,14,178,23,191,61,145,94,13,101,141,36,176,35,97,128,52,2,167,107,123,73,65,180,198,17,82,49,133,189,132,170,77,25,105,4,84,88,70,108,21,106,154,59,197,24,72,78,111,110,11,152,86,127,30,114,182,139,29,137,158,175,85,1,117,120,157,173,186,79,42,27,169,172,39,32,55,125,33,192,165,40,87,181,68,9,103,162,147,67,95,144,156,146,31,143,53,183,164,41,149,89,102,62,5,134,112,104,99,63,74,20,138,168,50,126,16,71,19,83,60,179,47,43,187,76,151,7,80,58,64,96,177,199,166,22,195,119,81,153,129,26,150,56,100,0,113,116,124,160,15,121];False
8630;6695;15325;[65,37,136,10,75,18,171,57,3,130,163,122,12,185,54,98,193,6,38,196,161,66,45,135,142,115,46,44,140,190,109,155,184,51,194,91,69,28,8,118,34,159,188,48,92,90,131,148,93,14,178,23,191,61,145,94,13,101,141,36,176,35,97,128,52,2,167,107,123,73,174,180,198,17,82,49,133,189,132,170,77,25,105,4,84,88,70,108,21,106,154,59,197,24,72,78,111,110,11,152,86,127,30,114,182,139,29,137,158,175,85,1,117,120,157,173,186,79,42,27,169,172,39,32,55,125,33,192,165,40,87,181,68,9,103,162,147,67,95,144,156,146,31,143,53,183,164,41,149,89,102,62,5,134,112,104,99,63,74,20,138,168,50,126,16,71,19,83,60,179,47,43,187,76,151,7,80,58,64,96,177,199,166,22,195,119,81,153,129,26,150,56,100,0,113,116,124,160,15,121];True
8490;6780;15270;[189,23,38,95,149,46,11,57,3,130,163,122,12,185,54,98,193,191,37,196,161,66,45,135,34,115,65,44,174,190,109,10,184,51,106,91,69,28,8,118,180,159,188,48,92,90,131,148,93,14,178,142,6,61,145,94,13,101,141,36,176,35,97,128,52,2,167,107,123,194,155,50,198,17,82,49,133,18,132,170,77,25,105,4,84,88,70,108,21,73,154,59,197,24,72,78,111,110,171,152,86,127,30,114,182,139,29,137,158,175,85,1,117,120,157,173,186,79,42,27,169,172,39,32,55,125,33,192,165,40,87,181,68,9,103,162,147,67,136,144,156,146,31,143,53,183,164,41,75,89,102,62,5,134,112,104,99,63,74,20,138,168,140,126,16,71,19,83,60,179,47,43,187,76,151,7,80,58,64,96,177,199,166,22,195,119,81,153,129,26,150,56,100,0,113,116,124,160,15,121];False
8563;6757;15320;[149,189,38,95,23,46,11,57,3,130,163,122,12,185,54,98,193,191,37,196,161,66,45,135,34,115,65,44,174,190,109,10,184,51,106,91,69,28,8,118,180,159,188,48,92,90,131,148,93,14,178,142,6,61,145,94,13,101,141,36,176,35,97,128,52,2,167,107,123,194,155,50,198,17,82,49,133,18,132,170,77,25,105,4,84,88,70,108,21,73,154,59,197,24,72,78,111,110,171,152,86,127,30,114,182,139,29,137,158,175,85,1,117,120,157,173,186,79,42,27,169,172,39,32,55,125,33,192,165,40,87,181,68,9,103,162,147,67,136,144,156,146,31,143,53,183,164,41,75,89,102,62,5,134,112,104,99,63,74,20,138,168,140,126,16,71,19,83,60,179,47,43,187,76,151,7,80,58,64,96,177,199,166,22,195,119,81,153,129,26,150,56,100,0,113,116,124,160,15,121];False
9835;6550;16385;[50,174,196,23,75,18,171,57,3,130,163,59,12,185,0,98,169,6,89,91,161,66,15,135,194,115,46,44,37,190,109,10,184,51,34,136,69,28,8,118,180,159,188,48,92,90,131,148,93,14,178,142,191,61,145,94,13,101,7,38,176,35,97,128,52,2,167,107,123,73,155,65,198,17,82,49,133,189,132,170,77,25,105,4,84,88,70,108,21,106,154,122,197,24,72,78,111,110,11,152,86,127,30,114,182,139,29,137,158,175,85,1,117,120,157,173,186,79,42,27,193,172,39,32,55,125,33,192,165,40,87,181,68,9,103,162,147,67,95,144,156,146,31,143,53,183,164,41,149,36,102,62,5,134,112,104,99,63,74,20,138,168,140,126,16,71,19,83,60,179,47,43,187,76,151,141,80,58,64,96,177,199,166,22,195,119,81,153,129,26,150,56,100,54,113,116,124,160,45,121];False
2190;8053;10243;[34,71,31,118,10,176,83,129,8,84,67,48,92,108,21,99,16,77,112,150,56,18,62,120,24,69,26,9,143,20,3,2,121,160,74,106,130,22,38,45,124,94,75,25,165,153,187,127,39,107,87,76,50,53,93,23,30,134,137,86,122,64,101,151,54,158,199,6,117,98,19,110,81,52,182,28,162,78,60,79,185,148,167,61,41,36,46,131,59,133,96,157,138,178,164,173,66,126,198,159,140,184,109,29,154,156,142,15,135,146,43,128,85,152,172,12,181,82,192,139,33,13,111,195,40,37,194,35,88,171,189,197,1,68,116,57,0,113,196,89,5,141,119,4,183,63,51,72,147,65,102,115,14,49,55,155,73,161,80,114,177,169,191,11,104,180,163,170,95,91,90,125,149,32,97,58,100,7,175,179,27,193,136,144,70,168,17,103,105,174,190,188,186,145,42,47,132,166,123,44];True
1889;8363;10252;[83,76,25,48,10,176,67,129,8,196,113,61,74,108,21,174,16,77,112,150,56,18,62,120,24,197,26,9,143,28,3,99,121,160,92,106,130,22,38,34,124,94,161,1,165,153,187,127,39,107,87,122,50,53,93,23,30,134,137,86,69,64,101,151,54,158,199,6,117,98,19,110,81,52,182,45,162,78,180,79,185,148,167,73,41,36,46,131,59,133,96,157,138,178,164,173,66,126,198,159,140,118,109,29,154,156,142,15,135,60,43,128,85,152,172,12,181,82,192,139,33,13,111,195,40,37,71,35,88,171,189,194,31,68,116,57,0,2,84,89,5,141,119,4,183,63,51,72,147,65,102,115,14,49,55,155,184,75,80,114,177,169,191,11,104,20,163,170,95,91,90,125,149,32,97,58,100,7,175,179,27,193,136,144,70,168,17,103,105,146,190,188,186,145,42,47,132,166,123,44];False
2890;7943;10833;[143,122,112,93,10,176,83,129,8,72,67,73,74,108,21,99,16,77,25,150,56,18,62,120,24,197,26,9,154,20,3,2,121,160,142,49,130,22,38,198,124,94,161,1,165,153,187,127,39,107,87,76,50,53,135,23,30,134,137,86,69,64,101,151,54,158,199,6,117,98,19,110,81,52,182,28,162,78,60,79,185,148,167,61,41,36,46,131,59,133,96,157,138,178,164,173,66,126,34,159,140,118,109,29,90,156,106,71,48,146,43,128,85,152,172,12,181,82,192,139,33,13,111,195,40,37,15,35,88,171,189,194,102,68,116,57,0,113,196,89,5,141,119,4,183,63,51,92,147,65,31,115,14,45,55,155,184,75,80,114,177,169,191,11,104,180,163,170,95,91,84,125,149,32,97,58,100,7,175,179,27,193,136,144,70,168,17,103,105,174,190,188,186,145,42,47,132,166,123,44];False
1792;8882;10674;[50,53,112,48,10,1,2,129,8,84,122,107,118,146,105,99,141,17,193,15,173,18,25,120,24,197,26,9,109,20,3,49,147,65,92,142,130,22,38,174,67,19,75,12,165,153,187,127,39,73,87,76,94,143,93,23,30,134,58,86,181,82,101,151,54,158,121,6,117,98,78,110,81,52,108,74,183,192,135,79,185,148,167,61,59,36,46,5,41,133,96,157,138,178,152,56,66,126,106,159,140,34,51,29,154,156,160,71,69,190,43,128,85,164,111,83,40,124,150,139,33,13,172,195,182,149,60,35,88,145,189,194,31,171,116,57,186,113,196,89,162,198,119,28,4,97,131,0,199,62,102,115,14,45,55,155,184,161,80,137,177,169,191,11,104,180,163,170,95,91,90,125,37,32,68,63,100,7,175,114,27,16,136,144,70,168,64,103,21,72,77,188,179,176,42,47,132,166,123,44];True
6505;7860;14365;[149,169,22,132,66,135,171,57,7,130,163,122,12,199,3,98,193,191,38,196,161,115,45,105,194,136,46,44,139,190,109,111,184,51,146,91,69,28,8,118,180,27,140,48,92,90,131,148,9,14,198,142,29,61,145,94,13,101,75,36,176,26,164,128,52,2,167,170,123,50,34,71,174,73,82,49,133,166,186,107,77,159,18,4,181,88,70,108,21,106,154,59,197,24,32,195,10,110,11,152,72,127,30,114,182,37,85,55,158,175,6,1,117,120,157,173,17,79,185,102,23,172,39,78,83,125,33,35,165,40,87,84,68,93,103,65,147,153,15,144,156,155,31,143,53,183,97,41,0,89,25,62,5,134,112,104,99,160,74,20,138,168,188,126,16,162,19,137,60,179,47,43,187,76,151,141,80,58,64,96,177,42,189,178,86,119,81,67,129,192,150,56,100,54,113,116,124,63,95,121];False
6935;7794;14729;[7,115,22,66,184,135,171,57,23,130,163,122,12,199,149,98,193,191,38,196,161,136,45,105,198,174,46,44,139,190,109,111,194,51,124,91,69,28,8,118,180,25,146,48,92,90,131,148,9,14,3,142,29,61,145,94,13,101,75,36,176,26,164,128,52,2,167,107,123,50,34,71,140,132,82,49,133,189,186,170,77,159,18,4,181,88,70,108,21,106,154,59,197,24,32,195,10,110,11,152,72,127,30,114,182,37,85,55,158,175,6,1,117,120,157,173,17,79,185,102,169,172,39,78,83,125,33,35,165,40,87,84,68,93,103,65,147,153,15,144,156,155,31,143,53,183,97,41,0,89,27,62,5,134,112,104,99,160,74,20,138,168,188,126,16,162,19,137,60,179,47,43,187,76,151,141,80,58,64,96,177,42,166,178,86,119,81,67,129,192,150,56,100,54,113,116,73,63,95,121];False
6871;7787;14658;[135,184,115,66,7,22,171,57,23,130,163,122,12,199,149,98,193,191,38,196,161,136,45,105,198,174,46,44,139,190,109,111,194,51,124,91,69,28,8,118,180,25,146,48,92,90,131,148,9,14,3,142,29,61,145,94,13,101,75,36,176,26,164,128,52,2,167,107,123,50,34,71,140,132,82,49,133,189,186,170,77,159,18,4,181,88,70,108,21,106,154,59,197,24,32,195,10,110,11,152,72,127,30,114,182,37,85,55,158,175,6,1,117,120,157,173,17,79,185,102,169,172,39,78,83,125,33,35,165,40,87,84,68,93,103,65,147,153,15,144,156,155,31,143,53,183,97,41,0,89,27,62,5,134,112,104,99,160,74,20,138,168,188,126,16,162,19,137,60,179,47,43,187,76,151,141,80,58,64,96,177,42,166,178,86,119,81,67,129,192,150,56,100,54,113,116,73,63,95,121];False
7023;7766;14789;[136,174,22,23,46,135,171,57,7,130,163,122,12,199,149,98,193,191,38,196,161,66,45,105,194,115,71,44,139,190,109,111,184,51,34,91,69,28,8,118,180,159,140,48,92,90,131,148,9,14,3,142,29,61,145,94,13,101,75,36,176,26,164,128,52,2,167,107,123,73,146,50,198,132,82,49,133,189,186,170,77,25,18,4,181,88,70,108,21,106,154,59,197,24,32,195,10,110,11,152,72,127,30,114,182,37,85,55,158,175,6,1,117,120,157,173,17,79,185,102,169,172,39,78,83,125,33,35,165,40,87,84,68,93,103,65,147,153,15,144,156,155,31,143,53,183,97,41,0,89,27,62,5,134,112,104,99,160,74,20,138,168,188,126,16,162,19,137,60,179,47,43,187,76,151,141,80,58,64,96,177,42,166,178,86,119,81,67,129,192,150,56,100,54,113,116,124,63,95,121];False
7070;7726;14796;[71,136,22,135,191,23,171,57,7,130,163,122,12,199,149,98,193,109,38,196,161,66,45,105,194,115,46,44,139,190,174,111,184,51,34,91,69,28,8,118,180,159,140,48,92,90,131,148,9,14,3,142,29,61,145,94,13,101,75,36,176,26,164,128,52,2,167,107,123,73,146,50,198,132,82,49,133,189,186,170,77,25,18,4,181,88,70,108,21,106,154,59,197,24,32,195,10,110,11,152,72,127,30,114,182,37,85,55,158,175,6,1,117,120,157,173,17,79,185,102,169,172,39,78,83,125,33,35,165,40,87,84,68,93,103,65,147,153,15,144,156,155,31,143,53,183,97,41,0,89,27,62,5,134,112,104,99,160,74,20,138,168,188,126,16,162,19,137,60,179,47,43,187,76,151,141,80,58,64,96,177,42,166,178,86,119,81,67,129,192,150,56,100,54,113,116,124,63,95,121];False
7272;7697;14969;[23,15,182,132,32,87,75,88,171,163,86,12,6,185,0,73,65,94,160,196,38,14,194,191,154,3,157,183,37,138,184,115,25,99,108,35,193,28,8,20,13,174,188,55,44,198,131,47,68,123,106,78,52,91,69,61,176,59,11,57,189,26,175,62,120,2,89,107,48,63,29,164,4,126,41,114,112,165,153,7,77,177,169,72,84,85,66,45,124,51,90,134,197,168,74,142,101,81,36,145,100,111,122,98,139,105,180,67,158,30,40,96,76,93,150,173,46,10,42,27,24,187,39,95,1,125,33,127,128,129,18,181,148,9,103,92,136,137,43,53,146,190,31,82,144,121,162,147,149,152,49,151,97,130,113,155,17,21,34,159,109,135,140,50,16,118,166,80,133,178,170,199,172,79,117,102,110,60,64,179,58,161,192,22,195,83,186,54,119,167,71,56,5,141,19,116,70,104,143,156];False
7501;7535;15036;[174,23,136,22,135,37,171,57,7,130,163,122,12,185,149,98,193,191,38,196,161,66,45,105,194,115,46,44,34,190,109,111,184,51,106,91,69,28,8,118,180,159,140,48,92,90,131,148,9,14,3,142,85,61,145,94,13,101,75,36,176,26,164,128,52,2,167,107,123,50,146,65,198,186,82,49,133,189,132,170,77,25,18,4,84,88,70,108,21,73,154,59,197,24,32,195,10,110,11,152,72,127,30,114,182,139,29,137,158,175,6,1,117,120,157,173,17,79,199,102,169,172,39,78,83,125,33,192,165,40,87,181,68,93,103,162,147,153,15,144,156,155,31,143,53,183,97,41,0,89,27,62,5,134,112,104,99,160,74,20,138,168,188,126,16,71,19,55,60,179,47,43,187,76,151,141,80,58,64,96,177,42,166,178,86,119,81,67,129,35,150,56,100,54,113,116,124,63,95,121];False
7563;7479;15042;[115,174,7,161,136,191,135,171,22,130,163,122,12,185,57,98,193,23,38,196,198,66,45,105,194,149,46,44,48,190,109,10,184,51,34,91,69,28,8,118,180,159,140,73,92,90,131,148,93,14,178,142,85,61,145,94,13,101,75,36,176,26,164,128,52,2,167,107,123,50,146,65,37,186,82,49,133,189,132,170,77,25,18,4,84,88,70,108,21,106,154,59,197,24,32,195,111,110,11,152,72,127,30,114,182,139,29,137,158,175,6,1,117,120,157,173,17,79,199,27,169,172,39,78,55,125,33,192,165,40,87,181,68,9,103,162,147,153,15,144,156,155,31,143,53,183,97,41,0,89,102,62,5,134,112,104,99,160,74,20,138,168,188,126,16,71,19,83,60,179,47,43,187,76,151,141,80,58,64,96,177,42,166,3,86,119,81,67,129,35,150,56,100,54,113,116,124,63,95,121];False
7728;7392;15120;[149,171,7,161,136,22,135,198,174,130,163,122,12,185,57,98,193,23,38,196,115,66,45,105,194,191,46,44,48,190,109,10,184,51,34,91,69,28,8,118,180,159,140,73,92,90,131,148,93,14,178,142,85,61,145,94,13,101,75,36,176,26,164,128,52,2,167,107,123,50,146,65,37,186,82,49,133,189,132,170,77,25,18,4,84,88,70,108,21,106,154,59,197,24,32,195,111,110,11,152,72,127,30,114,182,139,29,137,158,175,6,1,117,120,157,173,17,79,199,27,169,172,39,78,55,125,33,192,165,40,87,181,68,9,103,162,147,153,15,144,156,155,31,143,53,183,97,41,0,89,102,62,5,134,112,104,99,160,74,20,138,168,188,126,16,71,19,83,60,179,47,43,187,76,151,141,80,58,64,96,177,42,166,3,86,119,81,67,129,35,150,56,100,54,113,116,124,63,95,121];False
8007;7268;15275;[57,136,22,46,135,115,191,171,7,130,163,122,12,185,149,98,193,23,38,196,161,66,45,105,194,73,174,44,37,190,109,10,184,51,34,91,69,28,8,118,180,159,140,48,92,90,131,148,93,14,178,142,85,61,145,94,13,101,75,36,176,26,97,128,52,2,167,107,123,50,146,65,198,186,82,49,133,189,132,170,77,25,18,4,84,88,70,108,21,106,154,59,197,24,32,86,111,110,11,152,72,127,30,114,182,139,29,137,158,175,6,1,117,120,157,173,17,79,199,27,169,172,39,78,55,125,33,192,165,40,87,181,68,9,103,162,147,153,15,144,156,155,31,143,53,183,164,41,0,89,102,62,5,134,112,104,99,63,74,20,138,168,188,126,16,71,19,83,60,179,47,43,187,76,151,141,80,58,64,96,177,42,166,3,195,119,81,67,129,35,150,56,100,54,113,116,124,160,95,121];False
8208;7192;15400;[7,191,186,136,174,135,171,57,3,130,163,122,12,185,149,98,193,23,38,196,161,66,45,105,44,115,46,180,37,190,109,10,184,51,34,91,69,28,8,118,194,159,140,48,92,90,131,148,93,14,178,142,85,61,145,94,13,101,75,36,176,26,97,128,52,2,167,107,123,50,146,65,198,73,82,49,133,189,132,170,77,25,18,4,84,88,70,108,21,106,154,59,197,24,86,32,111,110,11,152,72,127,30,114,182,139,29,137,158,175,6,1,117,120,157,173,17,79,199,27,169,172,39,78,55,125,33,192,165,40,87,181,68,9,103,162,147,153,95,144,156,155,31,143,53,183,164,41,0,89,102,62,5,134,112,104,99,63,74,20,138,168,188,126,16,71,19,83,60,179,47,43,187,76,151,141,80,58,64,96,177,42,166,22,195,119,81,67,129,35,150,56,100,54,113,116,124,160,15,121];False
8621;6705;15326;[194,3,136,10,75,18,171,57,37,130,163,122,12,185,54,98,193,6,38,196,161,66,45,135,142,115,46,44,140,190,109,155,184,51,174,91,69,28,8,118,34,159,188,48,92,90,131,148,93,14,178,23,191,61,145,94,13,101,141,36,176,35,97,128,52,2,167,107,123,73,65,180,198,17,82,49,133,189,132,170,77,25,105,4,84,88,70,108,21,106,154,59,197,24,72,78,111,110,11,152,86,127,30,114,182,139,29,137,158,175,85,1,117,120,157,173,186,79,42,27,169,172,39,32,55,125,33,192,165,40,87,181,68,9,103,162,147,67,95,144,156,146,31,143,53,183,164,41,149,89,102,62,5,134,112,104,99,63,74,20,138,168,50,126,16,71,19,83,60,179,47,43,187,76,151,7,80,58,64,96,177,199,166,22,195,119,81,153,129,26,150,56,100,0,113,116,124,160,15,121];True
8620;6736;15356;[93,37,136,10,75,18,171,57,3,130,163,122,12,185,54,98,193,6,38,196,161,66,45,135,142,115,46,44,140,190,109,155,184,51,194,91,69,28,8,118,34,159,188,48,92,90,131,148,65,14,178,23,191,61,145,94,13,101,141,36,176,35,97,128,52,2,167,107,123,73,174,180,198,17,82,49,133,189,132,170,77,25,105,4,84,88,70,108,21,106,154,59,197,24,72,78,111,110,11,152,86,127,30,114,182,139,29,137,158,175,85,1,117,120,157,173,186,79,42,27,169,172,39,32,55,125,33,192,165,40,87,181,68,9,103,162,147,67,95,144,156,146,31,143,53,183,164,41,149,89,102,62,5,134,112,104,99,63,74,20,138,168,50,126,16,71,19,83,60,179,47,43,187,76,151,7,80,58,64,96,177,199,166,22,195,119,81,153,129,26,150,56,100,0,113,116,124,160,15,121];False
8525;6766;15291;[38,23,189,95,149,46,11,57,3,130,163,122,12,185,54,98,193,191,37,196,161,66,45,135,34,115,65,44,174,190,109,10,184,51,106,91,69,28,8,118,180,159,188,48,92,90,131,148,93,14,178,142,6,61,145,94,13,101,141,36,176,35,97,128,52,2,167,107,123,194,155,50,198,17,82,49,133,18,132,170,77,25,105,4,84,88,70,108,21,73,154,59,197,24,72,78,111,110,171,152,86,127,30,114,182,139,29,137,158,175,85,1,117,120,157,173,186,79,42,27,169,172,39,32,55,125,33,192,165,40,87,181,68,9,103,162,147,67,136,144,156,146,31,143,53,183,164,41,75,89,102,62,5,134,112,104,99,63,74,20,138,168,140,126,16,71,19,83,60,179,47,43,187,76,151,7,80,58,64,96,177,199,166,22,195,119,81,153,129,26,150,56,100,0,113,116,124,160,15,121];False
8485;6779;15264;[188,189,38,95,23,46,11,57,3,130,163,122,12,185,54,98,193,191,37,196,161,66,45,135,34,115,65,44,174,190,109,10,184,51,106,91,69,28,8,118,180,159,149,48,92,90,131,148,93,14,178,142,6,61,145,94,13,101,141,36,176,35,97,128,52,2,167,107,123,194,155,50,198,17,82,49,133,18,132,170,77,25,105,4,84,88,70,108,21,73,154,59,197,24,72,78,111,110,171,152,86,127,30,114,182,139,29,137,158,175,85,1,117,120,157,173,186,79,42,27,169,172,39,32,55,125,33,192,165,40,87,181,68,9,103,162,147,67,136,144,156,146,31,143,53,183,164,41,75,89,102,62,5,134,112,104,99,63,74,20,138,168,140,126,16,71,19,83,60,179,47,43,187,76,151,7,80,58,64,96,177,199,166,22,195,119,81,153,129,26,150,56,100,0,113,116,124,160,15,121];False
9845;6548;16393;[50,174,91,23,75,18,171,57,3,130,163,59,12,185,0,98,169,6,89,196,161,66,15,135,194,115,46,44,37,190,109,10,184,51,34,136,69,28,8,118,180,159,188,48,92,90,131,148,93,14,178,142,191,61,145,94,13,101,7,38,176,35,97,128,52,2,167,107,123,73,155,65,198,17,82,49,133,189,132,170,77,25,105,4,84,88,70,108,21,106,154,122,197,24,72,78,111,110,11,152,86,127,30,114,182,139,29,137,158,175,85,1,117,120,157,173,186,79,42,27,193,172,39,32,55,125,33,192,165,40,87,181,68,9,103,162,147,67,95,144,156,146,31,143,53,183,164,41,149,36,102,62,5,134,112,104,99,63,74,20,138,168,140,126,16,71,19,83,60,179,47,43,187,76,151,141,80,58,64,96,177,199,166,22,195,119,81,153,129,26,150,56,100,54,113,116,124,160,45,121];False
2253;8050;10303;[106,71,31,118,10,176,83,129,8,84,67,48,92,108,21,99,16,77,112,150,56,18,62,120,24,69,26,9,143,20,3,2,121,160,74,34,130,22,38,45,124,94,75,25,165,153,187,127,39,107,87,76,50,53,93,23,30,134,137,86,122,64,101,151,54,158,199,6,117,98,19,110,81,52,182,28,162,78,60,79,185,148,167,61,41,36,46,131,59,133,96,157,138,178,164,173,66,126,198,159,140,184,109,29,154,156,142,15,135,146,43,128,85,152,172,12,181,82,192,139,33,13,111,195,40,37,194,35,88,171,189,197,1,68,116,57,0,113,196,89,5,141,119,4,183,63,51,72,147,65,102,115,14,49,55,155,73,161,80,114,177,169,191,11,104,180,163,170,95,91,90,125,149,32,97,58,100,7,175,179,27,193,136,144,70,168,17,103,105,174,190,188,186,145,42,47,132,166,123,44];False
1854;8390;10244;[83,76,25,48,10,176,2,129,8,196,113,61,74,108,21,174,16,77,112,150,56,18,62,120,24,197,26,9,143,28,3,99,121,160,92,106,130,22,38,34,124,94,161,1,165,153,187,127,39,107,87,122,50,53,93,23,30,134,137,86,69,64,101,151,54,158,199,6,117,98,19,110,81,52,182,45,162,78,180,79,185,148,167,73,41,36,46,131,59,133,96,157,138,178,164,173,66,126,198,159,140,118,109,29,154,156,142,15,135,60,43,128,85,152,172,12,181,82,192,139,33,13,111,195,40,37,71,35,88,171,189,194,31,68,116,57,0,67,84,89,5,141,119,4,183,63,51,72,147,65,102,115,14,49,55,155,184,75,80,114,177,169,191,11,104,20,163,170,95,91,90,125,149,32,97,58,100,7,175,179,27,193,136,144,70,168,17,103,105,146,190,188,186,145,42,47,132,166,123,44];False
3009;7937;10946;[16,122,112,93,10,176,83,129,8,72,67,73,74,108,21,99,143,77,25,150,56,18,62,120,24,197,26,9,154,20,3,2,121,160,142,49,130,22,38,198,124,94,161,1,165,153,187,127,39,107,87,76,50,53,135,23,30,134,137,86,69,64,101,151,54,158,199,6,117,98,19,110,81,52,182,28,162,78,60,79,185,148,167,61,41,36,46,131,59,133,96,157,138,178,164,173,66,126,34,159,140,118,109,29,90,156,106,71,48,146,43,128,85,152,172,12,181,82,192,139,33,13,111,195,40,37,15,35,88,171,189,194,102,68,116,57,0,113,196,89,5,141,119,4,183,63,51,92,147,65,31,115,14,45,55,155,184,75,80,114,177,169,191,11,104,180,163,170,95,91,84,125,149,32,97,58,100,7,175,179,27,193,136,144,70,168,17,103,105,174,190,188,186,145,42,47,132,166,123,44];False
1839;8878;10717;[34,53,112,48,10,1,2,129,8,84,122,107,118,146,105,99,141,17,193,15,173,18,25,120,24,197,26,9,109,20,3,49,147,65,92,142,130,22,38,174,67,19,75,12,165,153,187,127,39,73,87,76,94,143,93,23,30,134,58,86,181,82,101,151,54,158,121,6,117,98,78,110,81,52,108,74,183,192,135,79,185,148,167,61,59,36,46,5,41,133,96,157,138,178,152,56,66,126,106,159,140,50,51,29,154,156,160,71,69,190,43,128,85,164,111,83,40,124,150,139,33,13,172,195,182,149,60,35,88,145,189,194,31,171,116,57,186,113,196,89,162,198,119,28,4,97,131,0,199,62,102,115,14,45,55,155,184,161,80,137,177,169,191,11,104,180,163,170,95,91,90,125,37,32,68,63,100,7,175,114,27,16,136,144,70,168,64,103,21,72,77,188,179,176,42,47,132,166,123,44];False
6463;7876;14339;[169,149,22,132,66,135,171,57,7,130,163,122,12,199,3,98,193,191,38,196,161,115,45,105,194,136,46,44,139,190,109,111,184,51,146,91,69,28,8,118,180,27,140,48,92,90,131,148,9,14,198,142,29,61,145,94,13,101,75,36,176,26,164,128,52,2,167,170,123,50,34,71,174,73,82,49,133,166,186,107,77,159,18,4,181,88,70,108,21,106,154,59,197,24,32,195,10,110,11,152,72,127,30,114,182,37,85,55,158,175,6,1,117,120,157,173,17,79,185,102,23,172,39,78,83,125,33,35,165,40,87,84,68,93,103,65,147,153,15,144,156,155,31,143,53,183,97,41,0,89,25,62,5,134,112,104,99,160,74,20,138,168,188,126,16,162,19,137,60,179,47,43,187,76,151,141,80,58,64,96,177,42,189,178,86,119,81,67,129,192,150,56,100,54,113,116,124,63,95,121];False
6416;7868;14284;[57,169,22,132,66,135,171,149,7,130,163,122,12,199,3,98,193,191,38,196,161,115,45,105,194,136,46,44,139,190,109,111,184,51,146,91,69,28,8,118,180,27,140,48,92,90,131,148,9,14,198,142,29,61,145,94,13,101,75,36,176,26,164,128,52,2,167,170,123,50,34,71,174,73,82,49,133,166,186,107,77,159,18,4,181,88,70,108,21,106,154,59,197,24,32,195,10,110,11,152,72,127,30,114,182,37,85,55,158,175,6,1,117,120,157,173,17,79,185,102,23,172,39,78,83,125,33,35,165,40,87,84,68,93,103,65,147,153,15,144,156,155,31,143,53,183,97,41,0,89,25,62,5,134,112,104,99,160,74,20,138,168,188,126,16,162,19,137,60,179,47,43,187,76,151,141,80,58,64,96,177,42,189,178,86,119,81,67,129,192,150,56,100,54,113,116,124,63,95,121];False
6905;7784;14689;[184,135,115,66,7,22,171,57,23,130,163,122,12,199,149,98,193,191,38,196,161,136,45,105,198,174,46,44,139,190,109,111,194,51,124,91,69,28,8,118,180,25,146,48,92,90,131,148,9,14,3,142,29,61,145,94,13,101,75,36,176,26,164,128,52,2,167,107,123,50,34,71,140,132,82,49,133,189,186,170,77,159,18,4,181,88,70,108,21,106,154,59,197,24,32,195,10,110,11,152,72,127,30,114,182,37,85,55,158,175,6,1,117,120,157,173,17,79,185,102,169,172,39,78,83,125,33,35,165,40,87,84,68,93,103,65,147,153,15,144,156,155,31,143,53,183,97,41,0,89,27,62,5,134,112,104,99,160,74,20,138,168,188,126,16,162,19,137,60,179,47,43,187,76,151,141,80,58,64,96,177,42,166,178,86,119,81,67,129,192,150,56,100,54,113,116,73,63,95,121];False
6978;7767;14745;[115,184,135,66,7,22,171,57,23,130,163,122,12,199,149,98,193,191,38,196,161,136,45,105,198,174,46,44,139,190,109,111,194,51,124,91,69,28,8,118,180,25,146,48,92,90,131,148,9,14,3,142,29,61,145,94,13,101,75,36,176,26,164,128,52,2,167,107,123,50,34,71,140,132,82,49,133,189,186,170,77,159,18,4,181,88,70,108,21,106,154,59,197,24,32,195,10,110,11,152,72,127,30,114,182,37,85,55,158,175,6,1,117,120,157,173,17,79,185,102,169,172,39,78,83,125,33,35,165,40,87,84,68,93,103,65,147,153,15,144,156,155,31,143,53,183,97,41,0,89,27,62,5,134,112,104,99,160,74,20,138,168,188,126,16,162,19,137,60,179,47,43,187,76,151,141,80,58,64,96,177,42,166,178,86,119,81,67,129,192,150,56,100,54,113,116,73,63,95,121];False
6930;7783;14713;[184,174,22,23,46,135,171,57,7,130,163,122,12,199,149,98,193,191,38,196,161,66,45,105,194,115,71,44,139,190,109,111,136,51,34,91,69,28,8,118,180,159,140,48,92,90,131,148,9,14,3,142,29,61,145,94,13,101,75,36,176,26,164,128,52,2,167,107,123,73,146,50,198,132,82,49,133,189,186,170,77,25,18,4,181,88,70,108,21,106,154,59,197,24,32,195,10,110,11,152,72,127,30,114,182,37,85,55,158,175,6,1,117,120,157,173,17,79,185,102,169,172,39,78,83,125,33,35,165,40,87,84,68,93,103,65,147,153,15,144,156,155,31,143,53,183,97,41,0,89,27,62,5,134,112,104,99,160,74,20,138,168,188,126,16,162,19,137,60,179,47,43,187,76,151,141,80,58,64,96,177,42,166,178,86,119,81,67,129,192,150,56,100,54,113,116,124,63,95,121];False
6948;7768;14716;[149,136,22,135,191,23,171,57,7,130,163,122,12,199,71,98,193,109,38,196,161,66,45,105,194,115,46,44,139,190,174,111,184,51,34,91,69,28,8,118,180,159,140,48,92,90,131,148,9,14,3,142,29,61,145,94,13,101,75,36,176,26,164,128,52,2,167,107,123,73,146,50,198,132,82,49,133,189,186,170,77,25,18,4,181,88,70,108,21,106,154,59,197,24,32,195,10,110,11,152,72,127,30,114,182,37,85,55,158,175,6,1,117,120,157,173,17,79,185,102,169,172,39,78,83,125,33,35,165,40,87,84,68,93,103,65,147,153,15,144,156,155,31,143,53,183,97,41,0,89,27,62,5,134,112,104,99,160,74,20,138,168,188,126,16,162,19,137,60,179,47,43,187,76,151,141,80,58,64,96,177,42,166,178,86,119,81,67,129,192,150,56,100,54,113,116,124,63,95,121];False
7188;7706;14894;[15,23,182,132,32,87,75,88,171,163,86,12,6,185,0,73,65,94,160,196,38,14,194,191,154,3,157,183,37,138,184,115,25,99,108,35,193,28,8,20,13,174,188,55,44,198,131,47,68,123,106,78,52,91,69,61,176,59,11,57,189,26,175,62,120,2,89,107,48,63,29,164,4,126,41,114,112,165,153,7,77,177,169,72,84,85,66,45,124,51,90,134,197,168,74,142,101,81,36,145,100,111,122,98,139,105,180,67,158,30,40,96,76,93,150,173,46,10,42,27,24,187,39,95,1,125,33,127,128,129,18,181,148,9,103,92,136,137,43,53,146,190,31,82,144,121,162,147,149,152,49,151,97,130,113,155,17,21,34,159,109,135,140,50,16,118,166,80,133,178,170,199,172,79,117,102,110,60,64,179,58,161,192,22,195,83,186,54,119,167,71,56,5,141,19,116,70,104,143,156];False
7252;7697;14949;[196,15,182,132,32,87,75,88,171,163,86,12,6,185,0,73,65,94,160,23,38,14,194,191,154,3,157,183,37,138,184,115,25,99,108,35,193,28,8,20,13,174,188,55,44,198,131,47,68,123,106,78,52,91,69,61,176,59,11,57,189,26,175,62,120,2,89,107,48,63,29,164,4,126,41,114,112,165,153,7,77,177,169,72,84,85,66,45,124,51,90,134,197,168,74,142,101,81,36,145,100,111,122,98,139,105,180,67,158,30,40,96,76,93,150,173,46,10,42,27,24,187,39,95,1,125,33,127,128,129,18,181,148,9,103,92,136,137,43,53,146,190,31,82,144,121,162,147,149,152,49,151,97,130,113,155,17,21,34,159,109,135,140,50,16,118,166,80,133,178,170,199,172,79,117,102,110,60,64,179,58,161,192,22,195,83,186,54,119,167,71,56,5,141,19,116,70,104,143,156];False
7493;7538;15031;[34,23,136,22,135,37,171,57,7,130,163,122,12,185,149,98,193,191,38,196,161,66,45,105,194,115,46,44,174,190,109,111,184,51,106,91,69,28,8,118,180,159,140,48,92,90,131,148,9,14,3,142,85,61,145,94,13,101,75,36,176,26,164,128,52,2,167,107,123,50,146,65,198,186,82,49,133,189,132,170,77,25,18,4,84,88,70,108,21,73,154,59,197,24,32,195,10,110,11,152,72,127,30,114,182,139,29,137,158,175,6,1,117,120,157,173,17,79,199,102,169,172,39,78,83,125,33,192,165,40,87,181,68,93,103,162,147,153,15,144,156,155,31,143,53,183,97,41,0,89,27,62,5,134,112,104,99,160,74,20,138,168,188,126,16,71,19,55,60,179,47,43,187,76,151,141,80,58,64,96,177,42,166,178,86,119,81,67,129,35,150,56,100,54,113,116,124,63,95,121];False
7559;7470;15029;[136,174,7,161,115,191,135,171,22,130,163,122,12,185,57,98,193,23,38,196,198,66,45,105,194,149,46,44,48,190,109,10,184,51,34,91,69,28,8,118,180,159,140,73,92,90,131,148,93,14,178,142,85,61,145,94,13,101,75,36,176,26,164,128,52,2,167,107,123,50,146,65,37,186,82,49,133,189,132,170,77,25,18,4,84,88,70,108,21,106,154,59,197,24,32,195,111,110,11,152,72,127,30,114,182,139,29,137,158,175,6,1,117,120,157,173,17,79,199,27,169,172,39,78,55,125,33,192,165,40,87,181,68,9,103,162,147,153,15,144,156,155,31,143,53,183,97,41,0,89,102,62,5,134,112,104,99,160,74,20,138,168,188,126,16,71,19,83,60,179,47,43,187,76,151,141,80,58,64,96,177,42,166,3,86,119,81,67,129,35,150,56,100,54,113,116,124,63,95,121];False
7753;7391;15144;[174,171,7,161,136,22,135,198,149,130,163,122,12,185,57,98,193,23,38,196,115,66,45,105,194,191,46,44,48,190,109,10,184,51,34,91,69,28,8,118,180,159,140,73,92,90,131,148,93,14,178,142,85,61,145,94,13,101,75,36,176,26,164,128,52,2,167,107,123,50,146,65,37,186,82,49,133,189,132,170,77,25,18,4,84,88,70,108,21,106,154,59,197,24,32,195,111,110,11,152,72,127,30,114,182,139,29,137,158,175,6,1,117,120,157,173,17,79,199,27,169,172,39,78,55,125,33,192,165,40,87,181,68,9,103,162,147,153,15,144,156,155,31,143,53,183,97,41,0,89,102,62,5,134,112,104,99,160,74,20,138,168,188,126,16,71,19,83,60,179,47,43,187,76,151,141,80,58,64,96,177,42,166,3,86,119,81,67,129,35,150,56,100,54,113,116,124,63,95,121];False
8021;7255;15276;[7,136,22,46,135,115,191,171,57,130,163,122,12,185,149,98,193,23,38,196,161,66,45,105,194,73,174,44,37,190,109,10,184,51,34,91,69,28,8,118,180,159,140,48,92,90,131,148,93,14,178,142,85,61,145,94,13,101,75,36,176,26,97,128,52,2,167,107,123,50,146,65,198,186,82,49,133,189,132,170,77,25,18,4,84,88,70,108,21,106,154,59,197,24,32,86,111,110,11,152,72,127,30,114,182,139,29,137,158,175,6,1,117,120,157,173,17,79,199,27,169,172,39,78,55,125,33,192,165,40,87,181,68,9,103,162,147,153,15,144,156,155,31,143,53,183,164,41,0,89,102,62,5,134,112,104,99,63,74,20,138,168,188,126,16,71,19,83,60,179,47,43,187,76,151,141,80,58,64,96,177,42,166,3,195,119,81,67,129,35,150,56,100,54,113,116,124,160,95,121];False
8247;7130;15377;[136,191,186,7,174,135,171,57,3,130,163,122,12,185,149,98,193,23,38,196,161,66,45,105,44,115,46,180,37,190,109,10,184,51,34,91,69,28,8,118,194,159,140,48,92,90,131,148,93,14,178,142,85,61,145,94,13,101,75,36,176,26,97,128,52,2,167,107,123,50,146,65,198,73,82,49,133,189,132,170,77,25,18,4,84,88,70,108,21,106,154,59,197,24,86,32,111,110,11,152,72,127,30,114,182,139,29,137,158,175,6,1,117,120,157,173,17,79,199,27,169,172,39,78,55,125,33,192,165,40,87,181,68,9,103,162,147,153,95,144,156,155,31,143,53,183,164,41,0,89,102,62,5,134,112,104,99,63,74,20,138,168,188,126,16,71,19,83,60,179,47,43,187,76,151,141,80,58,64,96,177,42,166,22,195,119,81,67,129,35,150,56,100,54,113,116,124,160,15,121];False
8583;6741;15324;[115,3,136,10,75,18,171,57,37,130,163,122,12,185,54,98,193,6,38,196,161,66,45,135,142,194,46,44,140,190,109,155,184,51,174,91,69,28,8,118,34,159,188,48,92,90,131,148,93,14,178,23,191,61,145,94,13,101,141,36,176,35,97,128,52,2,167,107,123,73,65,180,198,17,82,49,133,189,132,170,77,25,105,4,84,88,70,108,21,106,154,59,197,24,72,78,111,110,11,152,86,127,30,114,182,139,29,137,158,175,85,1,117,120,157,173,186,79,42,27,169,172,39,32,55,125,33,192,165,40,87,181,68,9,103,162,147,67,95,144,156,146,31,143,53,183,164,41,149,89,102,62,5,134,112,104,99,63,74,20,138,168,50,126,16,71,19,83,60,179,47,43,187,76,151,7,80,58,64,96,177,199,166,22,195,119,81,153,129,26,150,56,100,0,113,116,124,160,15,121];False
8531;6755;15286;[3,37,136,10,75,18,171,57,93,130,163,122,12,185,54,98,193,6,38,196,161,66,45,135,142,115,46,44,140,190,109,155,184,51,194,91,69,28,8,118,34,159,188,48,92,90,131,148,65,14,178,23,191,61,145,94,13,101,141,36,176,35,97,128,52,2,167,107,123,73,174,180,198,17,82,49,133,189,132,170,77,25,105,4,84,88,70,108,21,106,154,59,197,24,72,78,111,110,11,152,86,127,30,114,182,139,29,137,158,175,85,1,117,120,157,173,186,79,42,27,169,172,39,32,55,125,33,192,165,40,87,181,68,9,103,162,147,67,95,144,156,146,31,143,53,183,164,41,149,89,102,62,5,134,112,104,99,63,74,20,138,168,50,126,16,71,19,83,60,179,47,43,187,76,151,7,80,58,64,96,177,199,166,22,195,119,81,153,129,26,150,56,100,0,113,116,124,160,15,121];False
8574;6731;15305;[37,23,189,95,149,46,11,57,3,130,163,122,12,185,54,98,193,191,38,196,161,66,45,135,34,115,65,44,174,190,109,10,184,51,106,91,69,28,8,118,180,159,188,48,92,90,131,148,93,14,178,142,6,61,145,94,13,101,141,36,176,35,97,128,52,2,167,107,123,194,155,50,198,17,82,49,133,18,132,170,77,25,105,4,84,88,70,108,21,73,154,59,197,24,72,78,111,110,171,152,86,127,30,114,182,139,29,137,158,175,85,1,117,120,157,173,186,79,42,27,169,172,39,32,55,125,33,192,165,40,87,181,68,9,103,162,147,67,136,144,156,146,31,143,53,183,164,41,75,89,102,62,5,134,112,104,99,63,74,20,138,168,140,126,16,71,19,83,60,179,47,43,187,76,151,7,80,58,64,96,177,199,166,22,195,119,81,153,129,26,150,56,100,0,113,116,124,160,15,121];False
8465;6792;15257;[23,189,38,95,188,46,11,57,3,130,163,122,12,185,54,98,193,191,37,196,161,66,45,135,34,115,65,44,174,190,109,10,184,51,106,91,69,28,8,118,180,159,149,48,92,90,131,148,93,14,178,142,6,61,145,94,13,101,141,36,176,35,97,128,52,2,167,107,123,194,155,50,198,17,82,49,133,18,132,170,77,25,105,4,84,88,70,108,21,73,154,59,197,24,72,78,111,110,171,152,86,127,30,114,182,139,29,137,158,175,85,1,117,120,157,173,186,79,42,27,169,172,39,32,55,125,33,192,165,40,87,181,68,9,103,162,147,67,136,144,156,146,31,143,53,183,164,41,75,89,102,62,5,134,112,104,99,63,74,20,138,168,140,126,16,71,19,83,60,179,47,43,187,76,151,7,80,58,64,96,177,199,166,22,195,119,81,153,129,26,150,56,100,0,113,116,124,160,15,121];False
9794;6549;16343;[73,174,91,23,75,18,171,57,3,130,163,59,12,185,0,98,169,6,89,196,161,66,15,135,194,115,46,44,37,190,109,10,184,51,34,136,69,28,8,118,180,159,188,48,92,90,131,148,93,14,178,142,191,61,145,94,13,101,7,38,176,35,97,128,52,2,167,107,123,50,155,65,198,17,82,49,133,189,132,170,77,25,105,4,84,88,70,108,21,106,154,122,197,24,72,78,111,110,11,152,86,127,30,114,182,139,29,137,158,175,85,1,117,120,157,173,186,79,42,27,193,172,39,32,55,125,33,192,165,40,87,181,68,9,103,162,147,67,95,144,156,146,31,143,53,183,164,41,149,36,102,62,5,134,112,104,99,63,74,20,138,168,140,126,16,71,19,83,60,179,47,43,187,76,151,141,80,58,64,96,177,199,166,22,195,119,81,153,129,26,150,56,100,54,113,116,124,160,45,121];False
2231;8044;10275;[106,194,31,118,10,176,83,129,8,84,67,48,92,108,21,99,16,77,112,150,56,18,62,120,24,69,26,9,143,20,3,2,121,160,74,34,130,22,38,45,124,94,75,25,165,153,187,127,39,107,87,76,50,53,93,23,30,134,137,86,122,64,101,151,54,158,199,6,117,98,19,110,81,52,182,28,162,78,60,79,185,148,167,61,41,36,46,131,59,133,96,157,138,178,164,173,66,126,198,159,140,184,109,29,154,156,142,15,135,146,43,128,85,152,172,12,181,82,192,139,33,13,111,195,40,37,71,35,88,171,189,197,1,68,116,57,0,113,196,89,5,141,119,4,183,63,51,72,147,65,102,115,14,49,55,155,73,161,80,114,177,169,191,11,104,180,163,170,95,91,90,125,149,32,97,58,100,7,175,179,27,193,136,144,70,168,17,103,105,174,190,188,186,145,42,47,132,166,123,44];False
1874;8367;10241;[6,76,25,48,10,176,2,129,8,196,113,61,74,108,21,174,16,77,112,150,56,18,62,120,24,197,26,9,143,28,3,99,121,160,92,106,130,22,38,34,124,94,161,1,165,153,187,127,39,107,87,122,50,53,93,23,30,134,137,86,69,64,101,151,54,158,199,83,117,98,19,110,81,52,182,45,162,78,180,79,185,148,167,73,41,36,46,131,59,133,96,157,138,178,164,173,66,126,198,159,140,118,109,29,154,156,142,15,135,60,43,128,85,152,172,12,181,82,192,139,33,13,111,195,40,37,71,35,88,171,189,194,31,68,116,57,0,67,84,89,5,141,119,4,183,63,51,72,147,65,102,115,14,49,55,155,184,75,80,114,177,169,191,11,104,20,163,170,95,91,90,125,149,32,97,58,100,7,175,179,27,193,136,144,70,168,17,103,105,146,190,188,186,145,42,47,132,166,123,44];False
2909;7931;10840;[154,122,112,93,10,176,83,129,8,72,67,73,74,108,21,99,143,77,25,150,56,18,62,120,24,197,26,9,16,20,3,2,121,160,142,49,130,22,38,198,124,94,161,1,165,153,187,127,39,107,87,76,50,53,135,23,30,134,137,86,69,64,101,151,54,158,199,6,117,98,19,110,81,52,182,28,162,78,60,79,185,148,167,61,41,36,46,131,59,133,96,157,138,178,164,173,66,126,34,159,140,118,109,29,90,156,106,71,48,146,43,128,85,152,172,12,181,82,192,139,33,13,111,195,40,37,15,35,88,171,189,194,102,68,116,57,0,113,196,89,5,141,119,4,183,63,51,92,147,65,31,115,14,45,55,155,184,75,80,114,177,169,191,11,104,180,163,170,95,91,84,125,149,32,97,58,100,7,175,179,27,193,136,144,70,168,17,103,105,174,190,188,186,145,42,47,132,166,123,44];False
1848;8857;10705;[34,4,112,48,10,1,2,129,8,84,122,107,118,146,105,99,141,17,193,15,173,18,25,120,24,197,26,9,109,20,3,49,147,65,92,142,130,22,38,174,67,19,75,12,165,153,187,127,39,73,87,76,94,143,93,23,30,134,58,86,181,82,101,151,54,158,121,6,117,98,78,110,81,52,108,74,183,192,135,79,185,148,167,61,59,36,46,5,41,133,96,157,138,178,152,56,66,126,106,159,140,50,51,29,154,156,160,71,69,190,43,128,85,164,111,83,40,124,150,139,33,13,172,195,182,149,60,35,88,145,189,194,31,171,116,57,186,113,196,89,162,198,119,28,53,97,131,0,199,62,102,115,14,45,55,155,184,161,80,137,177,169,191,11,104,180,163,170,95,91,90,125,37,32,68,63,100,7,175,114,27,16,136,144,70,168,64,103,21,72,77,188,179,176,42,47,132,166,123,44];False
6425;7861;14286;[22,169,57,132,66,135,171,149,7,130,163,122,12,199,3,98,193,191,38,196,161,115,45,105,194,136,46,44,139,190,109,111,184,51,146,91,69,28,8,118,180,27,140,48,92,90,131,148,9,14,198,142,29,61,145,94,13,101,75,36,176,26,164,128,52,2,167,170,123,50,34,71,174,73,82,49,133,166,186,107,77,159,18,4,181,88,70,108,21,106,154,59,197,24,32,195,10,110,11,152,72,127,30,114,182,37,85,55,158,175,6,1,117,120,157,173,17,79,185,102,23,172,39,78,83,125,33,35,165,40,87,84,68,93,103,65,147,153,15,144,156,155,31,143,53,183,97,41,0,89,25,62,5,134,112,104,99,160,74,20,138,168,188,126,16,162,19,137,60,179,47,43,187,76,151,141,80,58,64,96,177,42,189,178,86,119,81,67,129,192,150,56,100,54,113,116,124,63,95,121];False
6894;7782;14676;[115,135,184,66,7,22,171,57,23,130,163,122,12,199,149,98,193,191,38,196,161,136,45,105,198,174,46,44,139,190,109,111,194,51,124,91,69,28,8,118,180,25,146,48,92,90,131,148,9,14,3,142,29,61,145,94,13,101,75,36,176,26,164,128,52,2,167,107,123,50,34,71,140,132,82,49,133,189,186,170,77,159,18,4,181,88,70,108,21,106,154,59,197,24,32,195,10,110,11,152,72,127,30,114,182,37,85,55,158,175,6,1,117,120,157,173,17,79,185,102,169,172,39,78,83,125,33,35,165,40,87,84,68,93,103,65,147,153,15,144,156,155,31,143,53,183,97,41,0,89,27,62,5,134,112,104,99,160,74,20,138,168,188,126,16,162,19,137,60,179,47,43,187,76,151,141,80,58,64,96,177,42,166,178,86,119,81,67,129,192,150,56,100,54,113,116,73,63,95,121];False
6860;7794;14654;[184,115,135,66,7,22,171,57,23,130,163,122,12,199,149,98,193,191,38,196,161,136,45,105,198,174,46,44,139,190,109,111,194,51,124,91,69,28,8,118,180,25,146,48,92,90,131,148,9,14,3,142,29,61,145,94,13,101,75,36,176,26,164,128,52,2,167,107,123,50,34,71,140,132,82,49,133,189,186,170,77,159,18,4,181,88,70,108,21,106,154,59,197,24,32,195,10,110,11,152,72,127,30,114,182,37,85,55,158,175,6,1,117,120,157,173,17,79,185,102,169,172,39,78,83,125,33,35,165,40,87,84,68,93,103,65,147,153,15,144,156,155,31,143,53,183,97,41,0,89,27,62,5,134,112,104,99,160,74,20,138,168,188,126,16,162,19,137,60,179,47,43,187,76,151,141,80,58,64,96,177,42,166,178,86,119,81,67,129,192,150,56,100,54,113,116,73,63,95,121];False
6976;7761;14737;[66,184,135,115,7,22,171,57,23,130,163,122,12,199,149,98,193,191,38,196,161,136,45,105,198,174,46,44,139,190,109,111,194,51,124,91,69,28,8,118,180,25,146,48,92,90,131,148,9,14,3,142,29,61,145,94,13,101,75,36,176,26,164,128,52,2,167,107,123,50,34,71,140,132,82,49,133,189,186,170,77,159,18,4,181,88,70,108,21,106,154,59,197,24,32,195,10,110,11,152,72,127,30,114,182,37,85,55,158,175,6,1,117,120,157,173,17,79,185,102,169,172,39,78,83,125,33,35,165,40,87,84,68,93,103,65,147,153,15,144,156,155,31,143,53,183,97,41,0,89,27,62,5,134,112,104,99,160,74,20,138,168,188,126,16,162,19,137,60,179,47,43,187,76,151,141,80,58,64,96,177,42,166,178,86,119,81,67,129,192,150,56,100,54,113,116,73,63,95,121];False
7002;7759;14761;[136,149,22,135,191,23,171,57,7,130,163,122,12,199,71,98,193,109,38,196,161,66,45,105,194,115,46,44,139,190,174,111,184,51,34,91,69,28,8,118,180,159,140,48,92,90,131,148,9,14,3,142,29,61,145,94,13,101,75,36,176,26,164,128,52,2,167,107,123,73,146,50,198,132,82,49,133,189,186,170,77,25,18,4,181,88,70,108,21,106,154,59,197,24,32,195,10,110,11,152,72,127,30,114,182,37,85,55,158,175,6,1,117,120,157,173,17,79,185,102,169,172,39,78,83,125,33,35,165,40,87,84,68,93,103,65,147,153,15,144,156,155,31,143,53,183,97,41,0,89,27,62,5,134,112,104,99,160,74,20,138,168,188,126,16,162,19,137,60,179,47,43,187,76,151,141,80,58,64,96,177,42,166,178,86,119,81,67,129,192,150,56,100,54,113,116,124,63,95,121];False
6992;7760;14752;[174,136,22,135,191,23,171,57,7,130,163,122,12,199,71,98,193,109,38,196,161,66,45,105,194,115,46,44,139,190,149,111,184,51,34,91,69,28,8,118,180,159,140,48,92,90,131,148,9,14,3,142,29,61,145,94,13,101,75,36,176,26,164,128,52,2,167,107,123,73,146,50,198,132,82,49,133,189,186,170,77,25,18,4,181,88,70,108,21,106,154,59,197,24,32,195,10,110,11,152,72,127,30,114,182,37,85,55,158,175,6,1,117,120,157,173,17,79,185,102,169,172,39,78,83,125,33,35,165,40,87,84,68,93,103,65,147,153,15,144,156,155,31,143,53,183,97,41,0,89,27,62,5,134,112,104,99,160,74,20,138,168,188,126,16,162,19,137,60,179,47,43,187,76,151,141,80,58,64,96,177,42,166,178,86,119,81,67,129,192,150,56,100,54,113,116,124,63,95,121];False
7202;7701;14903;[32,23,182,132,15,87,75,88,171,163,86,12,6,185,0,73,65,94,160,196,38,14,194,191,154,3,157,183,37,138,184,115,25,99,108,35,193,28,8,20,13,174,188,55,44,198,131,47,68,123,106,78,52,91,69,61,176,59,11,57,189,26,175,62,120,2,89,107,48,63,29,164,4,126,41,114,112,165,153,7,77,177,169,72,84,85,66,45,124,51,90,134,197,168,74,142,101,81,36,145,100,111,122,98,139,105,180,67,158,30,40,96,76,93,150,173,46,10,42,27,24,187,39,95,1,125,33,127,128,129,18,181,148,9,103,92,136,137,43,53,146,190,31,82,144,121,162,147,149,152,49,151,97,130,113,155,17,21,34,159,109,135,140,50,16,118,166,80,133,178,170,199,172,79,117,102,110,60,64,179,58,161,192,22,195,83,186,54,119,167,71,56,5,141,19,116,70,104,143,156];False
7272;7685;14957;[182,15,196,132,32,87,75,88,171,163,86,12,6,185,0,73,65,94,160,23,38,14,194,191,154,3,157,183,37,138,184,115,25,99,108,35,193,28,8,20,13,174,188,55,44,198,131,47,68,123,106,78,52,91,69,61,176,59,11,57,189,26,175,62,120,2,89,107,48,63,29,164,4,126,41,114,112,165,153,7,77,177,169,72,84,85,66,45,124,51,90,134,197,168,74,142,101,81,36,145,100,111,122,98,139,105,180,67,158,30,40,96,76,93,150,173,46,10,42,27,24,187,39,95,1,125,33,127,128,129,18,181,148,9,103,92,136,137,43,53,146,190,31,82,144,121,162,147,149,152,49,151,97,130,113,155,17,21,34,159,109,135,140,50,16,118,166,80,133,178,170,199,172,79,117,102,110,60,64,179,58,161,192,22,195,83,186,54,119,167,71,56,5,141,19,116,70,104,143,156];False
7467;7541;15008;[180,23,136,22,135,37,171,57,7,130,163,122,12,185,149,98,193,191,38,196,161,66,45,105,194,115,46,44,174,190,109,111,184,51,106,91,69,28,8,118,34,159,140,48,92,90,131,148,9,14,3,142,85,61,145,94,13,101,75,36,176,26,164,128,52,2,167,107,123,50,146,65,198,186,82,49,133,189,132,170,77,25,18,4,84,88,70,108,21,73,154,59,197,24,32,195,10,110,11,152,72,127,30,114,182,139,29,137,158,175,6,1,117,120,157,173,17,79,199,102,169,172,39,78,83,125,33,192,165,40,87,181,68,93,103,162,147,153,15,144,156,155,31,143,53,183,97,41,0,89,27,62,5,134,112,104,99,160,74,20,138,168,188,126,16,71,19,55,60,179,47,43,187,76,151,141,80,58,64,96,177,42,166,178,86,119,81,67,129,35,150,56,100,54,113,116,124,63,95,121];False
7615;7417;15032;[198,174,7,161,115,191,135,171,22,130,163,122,12,185,57,98,193,23,38,196,136,66,45,105,194,149,46,44,48,190,109,10,184,51,34,91,69,28,8,118,180,159,140,73,92,90,131,148,93,14,178,142,85,61,145,94,13,101,75,36,176,26,164,128,52,2,167,107,123,50,146,65,37,186,82,49,133,189,132,170,77,25,18,4,84,88,70,108,21,106,154,59,197,24,32,195,111,110,11,152,72,127,30,114,182,139,29,137,158,175,6,1,117,120,157,173,17,79,199,27,169,172,39,78,55,125,33,192,165,40,87,181,68,9,103,162,147,153,15,144,156,155,31,143,53,183,97,41,0,89,102,62,5,134,112,104,99,160,74,20,138,168,188,126,16,71,19,83,60,179,47,43,187,76,151,141,80,58,64,96,177,42,166,3,86,119,81,67,129,35,150,56,100,54,113,116,124,63,95,121];False
7832;7381;15213;[198,171,7,161,136,22,135,174,149,130,163,122,12,185,57,98,193,23,38,196,115,66,45,105,194,191,46,44,48,190,109,10,184,51,34,91,69,28,8,118,180,159,140,73,92,90,131,148,93,14,178,142,85,61,145,94,13,101,75,36,176,26,164,128,52,2,167,107,123,50,146,65,37,186,82,49,133,189,132,170,77,25,18,4,84,88,70,108,21,106,154,59,197,24,32,195,111,110,11,152,72,127,30,114,182,139,29,137,158,175,6,1,117,120,157,173,17,79,199,27,169,172,39,78,55,125,33,192,165,40,87,181,68,9,103,162,147,153,15,144,156,155,31,143,53,183,97,41,0,89,102,62,5,134,112,104,99,160,74,20,138,168,188,126,16,71,19,83,60,179,47,43,187,76,151,141,80,58,64,96,177,42,166,3,86,119,81,67,129,35,150,56,100,54,113,116,124,63,95,121];False
8013;7255;15268;[163,136,22,46,135,115,191,171,57,130,7,122,12,185,149,98,193,23,38,196,161,66,45,105,194,73,174,44,37,190,109,10,184,51,34,91,69,28,8,118,180,159,140,48,92,90,131,148,93,14,178,142,85,61,145,94,13,101,75,36,176,26,97,128,52,2,167,107,123,50,146,65,198,186,82,49,133,189,132,170,77,25,18,4,84,88,70,108,21,106,154,59,197,24,32,86,111,110,11,152,72,127,30,114,182,139,29,137,158,175,6,1,117,120,157,173,17,79,199,27,169,172,39,78,55,125,33,192,165,40,87,181,68,9,103,162,147,153,15,144,156,155,31,143,53,183,164,41,0,89,102,62,5,134,112,104,99,63,74,20,138,168,188,126,16,71,19,83,60,179,47,43,187,76,151,141,80,58,64,96,177,42,166,3,195,119,81,67,129,35,150,56,100,54,113,116,124,160,95,121];False
8348;7118;15466;[174,191,186,7,136,135,171,57,3,130,163,122,12,185,149,98,193,23,38,196,161,66,45,105,44,115,46,180,37,190,109,10,184,51,34,91,69,28,8,118,194,159,140,48,92,90,131,148,93,14,178,142,85,61,145,94,13,101,75,36,176,26,97,128,52,2,167,107,123,50,146,65,198,73,82,49,133,189,132,170,77,25,18,4,84,88,70,108,21,106,154,59,197,24,86,32,111,110,11,152,72,127,30,114,182,139,29,137,158,175,6,1,117,120,157,173,17,79,199,27,169,172,39,78,55,125,33,192,165,40,87,181,68,9,103,162,147,153,95,144,156,155,31,143,53,183,164,41,0,89,102,62,5,134,112,104,99,63,74,20,138,168,188,126,16,71,19,83,60,179,47,43,187,76,151,141,80,58,64,96,177,42,166,22,195,119,81,67,129,35,150,56,100,54,113,116,124,160,15,121];False
8537;6739;15276;[37,3,136,10,75,18,171,57,93,130,163,122,12,185,54,98,193,6,38,196,161,66,45,135,142,115,46,44,140,190,109,155,184,51,194,91,69,28,8,118,34,159,188,48,92,90,131,148,65,14,178,23,191,61,145,94,13,101,141,36,176,35,97,128,52,2,167,107,123,73,174,180,198,17,82,49,133,189,132,170,77,25,105,4,84,88,70,108,21,106,154,59,197,24,72,78,111,110,11,152,86,127,30,114,182,139,29,137,158,175,85,1,117,120,157,173,186,79,42,27,169,172,39,32,55,125,33,192,165,40,87,181,68,9,103,162,147,67,95,144,156,146,31,143,53,183,164,41,149,89,102,62,5,134,112,104,99,63,74,20,138,168,50,126,16,71,19,83,60,179,47,43,187,76,151,7,80,58,64,96,177,199,166,22,195,119,81,153,129,26,150,56,100,0,113,116,124,160,15,121];False
8431;6820;15251;[54,37,136,10,75,18,171,57,93,130,163,122,12,185,3,98,193,6,38,196,161,66,45,135,142,115,46,44,140,190,109,155,184,51,194,91,69,28,8,118,34,159,188,48,92,90,131,148,65,14,178,23,191,61,145,94,13,101,141,36,176,35,97,128,52,2,167,107,123,73,174,180,198,17,82,49,133,189,132,170,77,25,105,4,84,88,70,108,21,106,154,59,197,24,72,78,111,110,11,152,86,127,30,114,182,139,29,137,158,175,85,1,117,120,157,173,186,79,42,27,169,172,39,32,55,125,33,192,165,40,87,181,68,9,103,162,147,67,95,144,156,146,31,143,53,183,164,41,149,89,102,62,5,134,112,104,99,63,74,20,138,168,50,126,16,71,19,83,60,179,47,43,187,76,151,7,80,58,64,96,177,199,166,22,195,119,81,153,129,26,150,56,100,0,113,116,124,160,15,121];False
8534;6751;15285;[191,23,189,95,149,46,11,57,3,130,163,122,12,185,54,98,193,37,38,196,161,66,45,135,34,115,65,44,174,190,109,10,184,51,106,91,69,28,8,118,180,159,188,48,92,90,131,148,93,14,178,142,6,61,145,94,13,101,141,36,176,35,97,128,52,2,167,107,123,194,155,50,198,17,82,49,133,18,132,170,77,25,105,4,84,88,70,108,21,73,154,59,197,24,72,78,111,110,171,152,86,127,30,114,182,139,29,137,158,175,85,1,117,120,157,173,186,79,42,27,169,172,39,32,55,125,33,192,165,40,87,181,68,9,103,162,147,67,136,144,156,146,31,143,53,183,164,41,75,89,102,62,5,134,112,104,99,63,74,20,138,168,140,126,16,71,19,83,60,179,47,43,187,76,151,7,80,58,64,96,177,199,166,22,195,119,81,153,129,26,150,56,100,0,113,116,124,160,15,121];False
8450;6804;15254;[189,23,38,95,188,46,11,57,3,130,163,122,12,185,54,98,193,191,37,196,161,66,45,135,34,115,65,44,174,190,109,10,184,51,106,91,69,28,8,118,180,159,149,48,92,90,131,148,93,14,178,142,6,61,145,94,13,101,141,36,176,35,97,128,52,2,167,107,123,194,155,50,198,17,82,49,133,18,132,170,77,25,105,4,84,88,70,108,21,73,154,59,197,24,72,78,111,110,171,152,86,127,30,114,182,139,29,137,158,175,85,1,117,120,157,173,186,79,42,27,169,172,39,32,55,125,33,192,165,40,87,181,68,9,103,162,147,67,136,144,156,146,31,143,53,183,164,41,75,89,102,62,5,134,112,104,99,63,74,20,138,168,140,126,16,71,19,83,60,179,47,43,187,76,151,7,80,58,64,96,177,199,166,22,195,119,81,153,129,26,150,56,100,0,113,116,124,160,15,121];False
8443;6801;15244;[10,189,38,95,188,46,11,57,3,130,163,122,12,185,54,98,193,191,37,196,161,66,45,135,34,115,65,44,174,190,109,23,184,51,106,91,69,28,8,118,180,159,149,48,92,90,131,148,93,14,178,142,6,61,145,94,13,101,141,36,176,35,97,128,52,2,167,107,123,194,155,50,198,17,82,49,133,18,132,170,77,25,105,4,84,88,70,108,21,73,154,59,197,24,72,78,111,110,171,152,86,127,30,114,182,139,29,137,158,175,85,1,117,120,157,173,186,79,42,27,169,172,39,32,55,125,33,192,165,40,87,181,68,9,103,162,147,67,136,144,156,146,31,143,53,183,164,41,75,89,102,62,5,134,112,104,99,63,74,20,138,168,140,126,16,71,19,83,60,179,47,43,187,76,151,7,80,58,64,96,177,199,166,22,195,119,81,153,129,26,150,56,100,0,113,116,124,160,15,121];False
9796;6546;16342;[73,174,23,91,75,18,171,57,3,130,163,59,12,185,0,98,169,6,89,196,161,66,15,135,194,115,46,44,37,190,109,10,184,51,34,136,69,28,8,118,180,159,188,48,92,90,131,148,93,14,178,142,191,61,145,94,13,101,7,38,176,35,97,128,52,2,167,107,123,50,155,65,198,17,82,49,133,189,132,170,77,25,105,4,84,88,70,108,21,106,154,122,197,24,72,78,111,110,11,152,86,127,30,114,182,139,29,137,158,175,85,1,117,120,157,173,186,79,42,27,193,172,39,32,55,125,33,192,165,40,87,181,68,9,103,162,147,67,95,144,156,146,31,143,53,183,164,41,149,36,102,62,5,134,112,104,99,63,74,20,138,168,140,126,16,71,19,83,60,179,47,43,187,76,151,141,80,58,64,96,177,199,166,22,195,119,81,153,129,26,150,56,100,54,113,116,124,160,45,121];False
2227;8051;10278;[16,194,31,118,10,176,83,129,8,84,67,48,92,108,21,99,106,77,112,150,56,18,62,120,24,69,26,9,143,20,3,2,121,160,74,34,130,22,38,45,124,94,75,25,165,153,187,127,39,107,87,76,50,53,93,23,30,134,137,86,122,64,101,151,54,158,199,6,117,98,19,110,81,52,182,28,162,78,60,79,185,148,167,61,41,36,46,131,59,133,96,157,138,178,164,173,66,126,198,159,140,184,109,29,154,156,142,15,135,146,43,128,85,152,172,12,181,82,192,139,33,13,111,195,40,37,71,35,88,171,189,197,1,68,116,57,0,113,196,89,5,141,119,4,183,63,51,72,147,65,102,115,14,49,55,155,73,161,80,114,177,169,191,11,104,180,163,170,95,91,90,125,149,32,97,58,100,7,175,179,27,193,136,144,70,168,17,103,105,174,190,188,186,145,42,47,132,166,123,44];False
1873;8366;10239;[69,76,25,48,10,176,2,129,8,196,113,61,74,108,21,174,16,77,112,150,56,18,62,120,24,197,26,9,143,28,3,99,121,160,92,106,130,22,38,34,124,94,161,1,165,153,187,127,39,107,87,122,50,53,93,23,30,134,137,86,6,64,101,151,54,158,199,83,117,98,19,110,81,52,182,45,162,78,180,79,185,148,167,73,41,36,46,131,59,133,96,157,138,178,164,173,66,126,198,159,140,118,109,29,154,156,142,15,135,60,43,128,85,152,172,12,181,82,192,139,33,13,111,195,40,37,71,35,88,171,189,194,31,68,116,57,0,67,84,89,5,141,119,4,183,63,51,72,147,65,102,115,14,49,55,155,184,75,80,114,177,169,191,11,104,20,163,170,95,91,90,125,149,32,97,58,100,7,175,179,27,193,136,144,70,168,17,103,105,146,190,188,186,145,42,47,132,166,123,44];False
2890;7938;10828;[143,122,112,93,10,176,83,129,8,72,67,73,74,108,21,99,154,77,25,150,56,18,62,120,24,197,26,9,16,20,3,2,121,160,142,49,130,22,38,198,124,94,161,1,165,153,187,127,39,107,87,76,50,53,135,23,30,134,137,86,69,64,101,151,54,158,199,6,117,98,19,110,81,52,182,28,162,78,60,79,185,148,167,61,41,36,46,131,59,133,96,157,138,178,164,173,66,126,34,159,140,118,109,29,90,156,106,71,48,146,43,128,85,152,172,12,181,82,192,139,33,13,111,195,40,37,15,35,88,171,189,194,102,68,116,57,0,113,196,89,5,141,119,4,183,63,51,92,147,65,31,115,14,45,55,155,184,75,80,114,177,169,191,11,104,180,163,170,95,91,84,125,149,32,97,58,100,7,175,179,27,193,136,144,70,168,17,103,105,174,190,188,186,145,42,47,132,166,123,44];False
1830;8876;10706;[50,4,112,48,10,1,2,129,8,84,122,107,118,146,105,99,141,17,193,15,173,18,25,120,24,197,26,9,109,20,3,49,147,65,92,142,130,22,38,174,67,19,75,12,165,153,187,127,39,73,87,76,94,143,93,23,30,134,58,86,181,82,101,151,54,158,121,6,117,98,78,110,81,52,108,74,183,192,135,79,185,148,167,61,59,36,46,5,41,133,96,157,138,178,152,56,66,126,106,159,140,34,51,29,154,156,160,71,69,190,43,128,85,164,111,83,40,124,150,139,33,13,172,195,182,149,60,35,88,145,189,194,31,171,116,57,186,113,196,89,162,198,119,28,53,97,131,0,199,62,102,115,14,45,55,155,184,161,80,137,177,169,191,11,104,180,163,170,95,91,90,125,37,32,68,63,100,7,175,114,27,16,136,144,70,168,64,103,21,72,77,188,179,176,42,47,132,166,123,44];False
6416;7865;14281;[169,22,57,132,66,135,171,149,7,130,163,122,12,199,3,98,193,191,38,196,161,115,45,105,194,136,46,44,139,190,109,111,184,51,146,91,69,28,8,118,180,27,140,48,92,90,131,148,9,14,198,142,29,61,145,94,13,101,75,36,176,26,164,128,52,2,167,170,123,50,34,71,174,73,82,49,133,166,186,107,77,159,18,4,181,88,70,108,21,106,154,59,197,24,32,195,10,110,11,152,72,127,30,114,182,37,85,55,158,175,6,1,117,120,157,173,17,79,185,102,23,172,39,78,83,125,33,35,165,40,87,84,68,93,103,65,147,153,15,144,156,155,31,143,53,183,97,41,0,89,25,62,5,134,112,104,99,160,74,20,138,168,188,126,16,162,19,137,60,179,47,43,187,76,151,141,80,58,64,96,177,42,189,178,86,119,81,67,129,192,150,56,100,54,113,116,124,63,95,121];False
6394;7885;14279;[132,169,57,22,66,135,171,149,7,130,163,122,12,199,3,98,193,191,38,196,161,115,45,105,194,136,46,44,139,190,109,111,184,51,146,91,69,28,8,118,180,27,140,48,92,90,131,148,9,14,198,142,29,61,145,94,13,101,75,36,176,26,164,128,52,2,167,170,123,50,34,71,174,73,82,49,133,166,186,107,77,159,18,4,181,88,70,108,21,106,154,59,197,24,32,195,10,110,11,152,72,127,30,114,182,37,85,55,158,175,6,1,117,120,157,173,17,79,185,102,23,172,39,78,83,125,33,35,165,40,87,84,68,93,103,65,147,153,15,144,156,155,31,143,53,183,97,41,0,89,25,62,5,134,112,104,99,160,74,20,138,168,188,126,16,162,19,137,60,179,47,43,187,76,151,141,80,58,64,96,177,42,189,178,86,119,81,67,129,192,150,56,100,54,113,116,124,63,95,121];False
6947;7776;14723;[66,135,184,115,7,22,171,57,23,130,163,122,12,199,149,98,193,191,38,196,161,136,45,105,198,174,46,44,139,190,109,111,194,51,124,91,69,28,8,118,180,25,146,48,92,90,131,148,9,14,3,142,29,61,145,94,13,101,75,36,176,26,164,128,52,2,167,107,123,50,34,71,140,132,82,49,133,189,186,170,77,159,18,4,181,88,70,108,21,106,154,59,197,24,32,195,10,110,11,152,72,127,30,114,182,37,85,55,158,175,6,1,117,120,157,173,17,79,185,102,169,172,39,78,83,125,33,35,165,40,87,84,68,93,103,65,147,153,15,144,156,155,31,143,53,183,97,41,0,89,27,62,5,134,112,104,99,160,74,20,138,168,188,126,16,162,19,137,60,179,47,43,187,76,151,141,80,58,64,96,177,42,166,178,86,119,81,67,129,192,150,56,100,54,113,116,73,63,95,121];False
6882;7772;14654;[136,115,135,66,7,22,171,57,23,130,163,122,12,199,149,98,193,191,38,196,161,184,45,105,198,174,46,44,139,190,109,111,194,51,124,91,69,28,8,118,180,25,146,48,92,90,131,148,9,14,3,142,29,61,145,94,13,101,75,36,176,26,164,128,52,2,167,107,123,50,34,71,140,132,82,49,133,189,186,170,77,159,18,4,181,88,70,108,21,106,154,59,197,24,32,195,10,110,11,152,72,127,30,114,182,37,85,55,158,175,6,1,117,120,157,173,17,79,185,102,169,172,39,78,83,125,33,35,165,40,87,84,68,93,103,65,147,153,15,144,156,155,31,143,53,183,97,41,0,89,27,62,5,134,112,104,99,160,74,20,138,168,188,126,16,162,19,137,60,179,47,43,187,76,151,141,80,58,64,96,177,42,166,178,86,119,81,67,129,192,150,56,100,54,113,116,73,63,95,121];False
6987;7760;14747;[174,184,135,115,7,22,171,57,23,130,163,122,12,199,149,98,193,191,38,196,161,136,45,105,198,66,46,44,139,190,109,111,194,51,124,91,69,28,8,118,180,25,146,48,92,90,131,148,9,14,3,142,29,61,145,94,13,101,75,36,176,26,164,128,52,2,167,107,123,50,34,71,140,132,82,49,133,189,186,170,77,159,18,4,181,88,70,108,21,106,154,59,197,24,32,195,10,110,11,152,72,127,30,114,182,37,85,55,158,175,6,1,117,120,157,173,17,79,185,102,169,172,39,78,83,125,33,35,165,40,87,84,68,93,103,65,147,153,15,144,156,155,31,143,53,183,97,41,0,89,27,62,5,134,112,104,99,160,74,20,138,168,188,126,16,162,19,137,60,179,47,43,187,76,151,141,80,58,64,96,177,42,166,178,86,119,81,67,129,192,150,56,100,54,113,116,73,63,95,121];False
6991;7758;14749;[194,149,22,135,191,23,171,57,7,130,163,122,12,199,71,98,193,109,38,196,161,66,45,105,136,115,46,44,139,190,174,111,184,51,34,91,69,28,8,118,180,159,140,48,92,90,131,148,9,14,3,142,29,61,145,94,13,101,75,36,176,26,164,128,52,2,167,107,123,73,146,50,198,132,82,49,133,189,186,170,77,25,18,4,181,88,70,108,21,106,154,59,197,24,32,195,10,110,11,152,72,127,30,114,182,37,85,55,158,175,6,1,117,120,157,173,17,79,185,102,169,172,39,78,83,125,33,35,165,40,87,84,68,93,103,65,147,153,15,144,156,155,31,143,53,183,97,41,0,89,27,62,5,134,112,104,99,160,74,20,138,168,188,126,16,162,19,137,60,179,47,43,187,76,151,141,80,58,64,96,177,42,166,178,86,119,81,67,129,192,150,56,100,54,113,116,124,63,95,121];False
7334;7636;14970;[73,23,182,132,15,87,75,88,171,163,86,12,6,185,0,32,65,94,160,196,38,14,194,191,154,3,157,183,37,138,184,115,25,99,108,35,193,28,8,20,13,174,188,55,44,198,131,47,68,123,106,78,52,91,69,61,176,59,11,57,189,26,175,62,120,2,89,107,48,63,29,164,4,126,41,114,112,165,153,7,77,177,169,72,84,85,66,45,124,51,90,134,197,168,74,142,101,81,36,145,100,111,122,98,139,105,180,67,158,30,40,96,76,93,150,173,46,10,42,27,24,187,39,95,1,125,33,127,128,129,18,181,148,9,103,92,136,137,43,53,146,190,31,82,144,121,162,147,149,152,49,151,97,130,113,155,17,21,34,159,109,135,140,50,16,118,166,80,133,178,170,199,172,79,117,102,110,60,64,179,58,161,192,22,195,83,186,54,119,167,71,56,5,141,19,116,70,104,143,156];False
7285;7681;14966;[194,15,196,132,32,87,75,88,171,163,86,12,6,185,0,73,65,94,160,23,38,14,182,191,154,3,157,183,37,138,184,115,25,99,108,35,193,28,8,20,13,174,188,55,44,198,131,47,68,123,106,78,52,91,69,61,176,59,11,57,189,26,175,62,120,2,89,107,48,63,29,164,4,126,41,114,112,165,153,7,77,177,169,72,84,85,66,45,124,51,90,134,197,168,74,142,101,81,36,145,100,111,122,98,139,105,180,67,158,30,40,96,76,93,150,173,46,10,42,27,24,187,39,95,1,125,33,127,128,129,18,181,148,9,103,92,136,137,43,53,146,190,31,82,144,121,162,147,149,152,49,151,97,130,113,155,17,21,34,159,109,135,140,50,16,118,166,80,133,178,170,199,172,79,117,102,110,60,64,179,58,161,192,22,195,83,186,54,119,167,71,56,5,141,19,116,70,104,143,156];False
7376;7578;14954;[44,23,136,22,135,37,171,57,7,130,163,122,12,185,149,98,193,191,38,196,161,66,45,105,194,115,46,180,174,190,109,111,184,51,106,91,69,28,8,118,34,159,140,48,92,90,131,148,9,14,3,142,85,61,145,94,13,101,75,36,176,26,164,128,52,2,167,107,123,50,146,65,198,186,82,49,133,189,132,170,77,25,18,4,84,88,70,108,21,73,154,59,197,24,32,195,10,110,11,152,72,127,30,114,182,139,29,137,158,175,6,1,117,120,157,173,17,79,199,102,169,172,39,78,83,125,33,192,165,40,87,181,68,93,103,162,147,153,15,144,156,155,31,143,53,183,97,41,0,89,27,62,5,134,112,104,99,160,74,20,138,168,188,126,16,71,19,55,60,179,47,43,187,76,151,141,80,58,64,96,177,42,166,178,86,119,81,67,129,35,150,56,100,54,113,116,124,63,95,121];False
7566;7442;15008;[190,174,7,161,115,191,135,171,22,130,163,122,12,185,57,98,193,23,38,196,136,66,45,105,194,149,46,44,48,198,109,10,184,51,34,91,69,28,8,118,180,159,140,73,92,90,131,148,93,14,178,142,85,61,145,94,13,101,75,36,176,26,164,128,52,2,167,107,123,50,146,65,37,186,82,49,133,189,132,170,77,25,18,4,84,88,70,108,21,106,154,59,197,24,32,195,111,110,11,152,72,127,30,114,182,139,29,137,158,175,6,1,117,120,157,173,17,79,199,27,169,172,39,78,55,125,33,192,165,40,87,181,68,9,103,162,147,153,15,144,156,155,31,143,53,183,97,41,0,89,102,62,5,134,112,104,99,160,74,20,138,168,188,126,16,71,19,83,60,179,47,43,187,76,151,141,80,58,64,96,177,42,166,3,86,119,81,67,129,35,150,56,100,54,113,116,124,63,95,121];False
7718;7390;15108;[115,171,7,161,136,22,135,174,149,130,163,122,12,185,57,98,193,23,38,196,198,66,45,105,194,191,46,44,48,190,109,10,184,51,34,91,69,28,8,118,180,159,140,73,92,90,131,148,93,14,178,142,85,61,145,94,13,101,75,36,176,26,164,128,52,2,167,107,123,50,146,65,37,186,82,49,133,189,132,170,77,25,18,4,84,88,70,108,21,106,154,59,197,24,32,195,111,110,11,152,72,127,30,114,182,139,29,137,158,175,6,1,117,120,157,173,17,79,199,27,169,172,39,78,55,125,33,192,165,40,87,181,68,9,103,162,147,153,15,144,156,155,31,143,53,183,97,41,0,89,102,62,5,134,112,104,99,160,74,20,138,168,188,126,16,71,19,83,60,179,47,43,187,76,151,141,80,58,64,96,177,42,166,3,86,119,81,67,129,35,150,56,100,54,113,116,124,63,95,121];False
8053;7231;15284;[191,136,22,46,135,115,163,171,57,130,7,122,12,185,149,98,193,23,38,196,161,66,45,105,194,73,174,44,37,190,109,10,184,51,34,91,69,28,8,118,180,159,140,48,92,90,131,148,93,14,178,142,85,61,145,94,13,101,75,36,176,26,97,128,52,2,167,107,123,50,146,65,198,186,82,49,133,189,132,170,77,25,18,4,84,88,70,108,21,106,154,59,197,24,32,86,111,110,11,152,72,127,30,114,182,139,29,137,158,175,6,1,117,120,157,173,17,79,199,27,169,172,39,78,55,125,33,192,165,40,87,181,68,9,103,162,147,153,15,144,156,155,31,143,53,183,164,41,0,89,102,62,5,134,112,104,99,63,74,20,138,168,188,126,16,71,19,83,60,179,47,43,187,76,151,141,80,58,64,96,177,42,166,3,195,119,81,67,129,35,150,56,100,54,113,116,124,160,95,121];False
8206;7138;15344;[135,191,186,7,136,174,171,57,3,130,163,122,12,185,149,98,193,23,38,196,161,66,45,105,44,115,46,180,37,190,109,10,184,51,34,91,69,28,8,118,194,159,140,48,92,90,131,148,93,14,178,142,85,61,145,94,13,101,75,36,176,26,97,128,52,2,167,107,123,50,146,65,198,73,82,49,133,189,132,170,77,25,18,4,84,88,70,108,21,106,154,59,197,24,86,32,111,110,11,152,72,127,30,114,182,139,29,137,158,175,6,1,117,120,157,173,17,79,199,27,169,172,39,78,55,125,33,192,165,40,87,181,68,9,103,162,147,153,95,144,156,155,31,143,53,183,164,41,0,89,102,62,5,134,112,104,99,63,74,20,138,168,188,126,16,71,19,83,60,179,47,43,187,76,151,141,80,58,64,96,177,42,166,22,195,119,81,67,129,35,150,56,100,54,113,116,124,160,15,121];False
8428;6831;15259;[54,3,136,10,75,18,171,57,93,130,163,122,12,185,37,98,193,6,38,196,161,66,45,135,142,115,46,44,140,190,109,155,184,51,194,91,69,28,8,118,34,159,188,48,92,90,131,148,65,14,178,23,191,61,145,94,13,101,141,36,176,35,97,128,52,2,167,107,123,73,174,180,198,17,82,49,133,189,132,170,77,25,105,4,84,88,70,108,21,106,154,59,197,24,72,78,111,110,11,152,86,127,30,114,182,139,29,137,158,175,85,1,117,120,157,173,186,79,42,27,169,172,39,32,55,125,33,192,165,40,87,181,68,9,103,162,147,67,95,144,156,146,31,143,53,183,164,41,149,89,102,62,5,134,112,104,99,63,74,20,138,168,50,126,16,71,19,83,60,179,47,43,187,76,151,7,80,58,64,96,177,199,166,22,195,119,81,153,129,26,150,56,100,0,113,116,124,160,15,121];False
8437;6797;15234;[75,37,136,10,54,18,171,57,93,130,163,122,12,185,3,98,193,6,38,196,161,66,45,135,142,115,46,44,140,190,109,155,184,51,194,91,69,28,8,118,34,159,188,48,92,90,131,148,65,14,178,23,191,61,145,94,13,101,141,36,176,35,97,128,52,2,167,107,123,73,174,180,198,17,82,49,133,189,132,170,77,25,105,4,84,88,70,108,21,106,154,59,197,24,72,78,111,110,11,152,86,127,30,114,182,139,29,137,158,175,85,1,117,120,157,173,186,79,42,27,169,172,39,32,55,125,33,192,165,40,87,181,68,9,103,162,147,67,95,144,156,146,31,143,53,183,164,41,149,89,102,62,5,134,112,104,99,63,74,20,138,168,50,126,16,71,19,83,60,179,47,43,187,76,151,7,80,58,64,96,177,199,166,22,195,119,81,153,129,26,150,56,100,0,113,116,124,160,15,121];False
8553;6718;15271;[174,23,189,95,149,46,11,57,3,130,163,122,12,185,54,98,193,37,38,196,161,66,45,135,34,115,65,44,191,190,109,10,184,51,106,91,69,28,8,118,180,159,188,48,92,90,131,148,93,14,178,142,6,61,145,94,13,101,141,36,176,35,97,128,52,2,167,107,123,194,155,50,198,17,82,49,133,18,132,170,77,25,105,4,84,88,70,108,21,73,154,59,197,24,72,78,111,110,171,152,86,127,30,114,182,139,29,137,158,175,85,1,117,120,157,173,186,79,42,27,169,172,39,32,55,125,33,192,165,40,87,181,68,9,103,162,147,67,136,144,156,146,31,143,53,183,164,41,75,89,102,62,5,134,112,104,99,63,74,20,138,168,140,126,16,71,19,83,60,179,47,43,187,76,151,7,80,58,64,96,177,199,166,22,195,119,81,153,129,26,150,56,100,0,113,116,124,160,15,121];True
9847;6545;16392;[50,174,23,91,75,18,171,57,3,130,163,59,12,185,0,98,169,6,89,196,161,66,15,135,194,115,46,44,37,190,109,10,184,51,34,136,69,28,8,118,180,159,188,48,92,90,131,148,93,14,178,142,191,61,145,94,13,101,7,38,176,35,97,128,52,2,167,107,123,73,155,65,198,17,82,49,133,189,132,170,77,25,105,4,84,88,70,108,21,106,154,122,197,24,72,78,111,110,11,152,86,127,30,114,182,139,29,137,158,175,85,1,117,120,157,173,186,79,42,27,193,172,39,32,55,125,33,192,165,40,87,181,68,9,103,162,147,67,95,144,156,146,31,143,53,183,164,41,149,36,102,62,5,134,112,104,99,63,74,20,138,168,140,126,16,71,19,83,60,179,47,43,187,76,151,141,80,58,64,96,177,199,166,22,195,119,81,153,129,26,150,56,100,54,113,116,124,160,45,121];True
2229;8030;10259;[34,194,31,118,10,176,83,129,8,84,67,48,92,108,21,99,106,77,112,150,56,18,62,120,24,69,26,9,143,20,3,2,121,160,74,16,130,22,38,45,124,94,75,25,165,153,187,127,39,107,87,76,50,53,93,23,30,134,137,86,122,64,101,151,54,158,199,6,117,98,19,110,81,52,182,28,162,78,60,79,185,148,167,61,41,36,46,131,59,133,96,157,138,178,164,173,66,126,198,159,140,184,109,29,154,156,142,15,135,146,43,128,85,152,172,12,181,82,192,139,33,13,111,195,40,37,71,35,88,171,189,197,1,68,116,57,0,113,196,89,5,141,119,4,183,63,51,72,147,65,102,115,14,49,55,155,73,161,80,114,177,169,191,11,104,180,163,170,95,91,90,125,149,32,97,58,100,7,175,179,27,193,136,144,70,168,17,103,105,174,190,188,186,145,42,47,132,166,123,44];True
1884;8353;10237;[69,76,25,48,10,176,2,129,3,196,113,61,74,108,21,174,16,77,112,150,56,18,62,120,24,197,26,9,143,28,8,99,121,160,92,106,130,22,38,34,124,94,161,1,165,153,187,127,39,107,87,122,50,53,93,23,30,134,137,86,6,64,101,151,54,158,199,83,117,98,19,110,81,52,182,45,162,78,180,79,185,148,167,73,41,36,46,131,59,133,96,157,138,178,164,173,66,126,198,159,140,118,109,29,154,156,142,15,135,60,43,128,85,152,172,12,181,82,192,139,33,13,111,195,40,37,71,35,88,171,189,194,31,68,116,57,0,67,84,89,5,141,119,4,183,63,51,72,147,65,102,115,14,49,55,155,184,75,80,114,177,169,191,11,104,20,163,170,95,91,90,125,149,32,97,58,100,7,175,179,27,193,136,144,70,168,17,103,105,146,190,188,186,145,42,47,132,166,123,44];True
2838;7935;10773;[20,122,112,93,10,176,83,129,8,72,67,73,74,108,21,99,154,77,25,150,56,18,62,120,24,197,26,9,16,143,3,2,121,160,142,49,130,22,38,198,124,94,161,1,165,153,187,127,39,107,87,76,50,53,135,23,30,134,137,86,69,64,101,151,54,158,199,6,117,98,19,110,81,52,182,28,162,78,60,79,185,148,167,61,41,36,46,131,59,133,96,157,138,178,164,173,66,126,34,159,140,118,109,29,90,156,106,71,48,146,43,128,85,152,172,12,181,82,192,139,33,13,111,195,40,37,15,35,88,171,189,194,102,68,116,57,0,113,196,89,5,141,119,4,183,63,51,92,147,65,31,115,14,45,55,155,184,75,80,114,177,169,191,11,104,180,163,170,95,91,84,125,149,32,97,58,100,7,175,179,27,193,136,144,70,168,17,103,105,174,190,188,186,145,42,47,132,166,123,44];False
1816;8874;10690;[50,51,112,48,10,1,2,129,8,84,122,107,118,146,105,99,141,17,193,15,173,18,25,120,24,197,26,9,109,20,3,49,147,65,92,142,130,22,38,174,67,19,75,12,165,153,187,127,39,73,87,76,94,143,93,23,30,134,58,86,181,82,101,151,54,158,121,6,117,98,78,110,81,52,108,74,183,192,135,79,185,148,167,61,59,36,46,5,41,133,96,157,138,178,152,56,66,126,106,159,140,34,4,29,154,156,160,71,69,190,43,128,85,164,111,83,40,124,150,139,33,13,172,195,182,149,60,35,88,145,189,194,31,171,116,57,186,113,196,89,162,198,119,28,53,97,131,0,199,62,102,115,14,45,55,155,184,161,80,137,177,169,191,11,104,180,163,170,95,91,90,125,37,32,68,63,100,7,175,114,27,16,136,144,70,168,64,103,21,72,77,188,179,176,42,47,132,166,123,44];False
6394;7878;14272;[132,22,57,169,66,135,171,149,7,130,163,122,12,199,3,98,193,191,38,196,161,115,45,105,194,136,46,44,139,190,109,111,184,51,146,91,69,28,8,118,180,27,140,48,92,90,131,148,9,14,198,142,29,61,145,94,13,101,75,36,176,26,164,128,52,2,167,170,123,50,34,71,174,73,82,49,133,166,186,107,77,159,18,4,181,88,70,108,21,106,154,59,197,24,32,195,10,110,11,152,72,127,30,114,182,37,85,55,158,175,6,1,117,120,157,173,17,79,185,102,23,172,39,78,83,125,33,35,165,40,87,84,68,93,103,65,147,153,15,144,156,155,31,143,53,183,97,41,0,89,25,62,5,134,112,104,99,160,74,20,138,168,188,126,16,162,19,137,60,179,47,43,187,76,151,141,80,58,64,96,177,42,189,178,86,119,81,67,129,192,150,56,100,54,113,116,124,63,95,121];False
6857;7810;14667;[23,115,135,66,7,22,171,57,136,130,163,122,12,199,149,98,193,191,38,196,161,184,45,105,198,174,46,44,139,190,109,111,194,51,124,91,69,28,8,118,180,25,146,48,92,90,131,148,9,14,3,142,29,61,145,94,13,101,75,36,176,26,164,128,52,2,167,107,123,50,34,71,140,132,82,49,133,189,186,170,77,159,18,4,181,88,70,108,21,106,154,59,197,24,32,195,10,110,11,152,72,127,30,114,182,37,85,55,158,175,6,1,117,120,157,173,17,79,185,102,169,172,39,78,83,125,33,35,165,40,87,84,68,93,103,65,147,153,15,144,156,155,31,143,53,183,97,41,0,89,27,62,5,134,112,104,99,160,74,20,138,168,188,126,16,162,19,137,60,179,47,43,187,76,151,141,80,58,64,96,177,42,166,178,86,119,81,67,129,192,150,56,100,54,113,116,73,63,95,121];False
6970;7767;14737;[82,184,135,115,7,22,171,57,23,130,163,122,12,199,149,98,193,191,38,196,161,136,45,105,198,66,46,44,139,190,109,111,194,51,124,91,69,28,8,118,180,25,146,48,92,90,131,148,9,14,3,142,29,61,145,94,13,101,75,36,176,26,164,128,52,2,167,107,123,50,34,71,140,132,174,49,133,189,186,170,77,159,18,4,181,88,70,108,21,106,154,59,197,24,32,195,10,110,11,152,72,127,30,114,182,37,85,55,158,175,6,1,117,120,157,173,17,79,185,102,169,172,39,78,83,125,33,35,165,40,87,84,68,93,103,65,147,153,15,144,156,155,31,143,53,183,97,41,0,89,27,62,5,134,112,104,99,160,74,20,138,168,188,126,16,162,19,137,60,179,47,43,187,76,151,141,80,58,64,96,177,42,166,178,86,119,81,67,129,192,150,56,100,54,113,116,73,63,95,121];False
6951;7761;14712;[142,149,22,135,191,23,171,57,7,130,163,122,12,199,71,98,193,109,38,196,161,66,45,105,136,115,46,44,139,190,174,111,184,51,34,91,69,28,8,118,180,159,140,48,92,90,131,148,9,14,3,194,29,61,145,94,13,101,75,36,176,26,164,128,52,2,167,107,123,73,146,50,198,132,82,49,133,189,186,170,77,25,18,4,181,88,70,108,21,106,154,59,197,24,32,195,10,110,11,152,72,127,30,114,182,37,85,55,158,175,6,1,117,120,157,173,17,79,185,102,169,172,39,78,83,125,33,35,165,40,87,84,68,93,103,65,147,153,15,144,156,155,31,143,53,183,97,41,0,89,27,62,5,134,112,104,99,160,74,20,138,168,188,126,16,162,19,137,60,179,47,43,187,76,151,141,80,58,64,96,177,42,166,178,86,119,81,67,129,192,150,56,100,54,113,116,124,63,95,121];False
7256;7660;14916;[191,23,182,132,15,87,75,88,171,163,86,12,6,185,0,32,65,94,160,196,38,14,194,73,154,3,157,183,37,138,184,115,25,99,108,35,193,28,8,20,13,174,188,55,44,198,131,47,68,123,106,78,52,91,69,61,176,59,11,57,189,26,175,62,120,2,89,107,48,63,29,164,4,126,41,114,112,165,153,7,77,177,169,72,84,85,66,45,124,51,90,134,197,168,74,142,101,81,36,145,100,111,122,98,139,105,180,67,158,30,40,96,76,93,150,173,46,10,42,27,24,187,39,95,1,125,33,127,128,129,18,181,148,9,103,92,136,137,43,53,146,190,31,82,144,121,162,147,149,152,49,151,97,130,113,155,17,21,34,159,109,135,140,50,16,118,166,80,133,178,170,199,172,79,117,102,110,60,64,179,58,161,192,22,195,83,186,54,119,167,71,56,5,141,19,116,70,104,143,156];False
7334;7603;14937;[23,44,136,22,135,37,171,57,7,130,163,122,12,185,149,98,193,191,38,196,161,66,45,105,194,115,46,180,174,190,109,111,184,51,106,91,69,28,8,118,34,159,140,48,92,90,131,148,9,14,3,142,85,61,145,94,13,101,75,36,176,26,164,128,52,2,167,107,123,50,146,65,198,186,82,49,133,189,132,170,77,25,18,4,84,88,70,108,21,73,154,59,197,24,32,195,10,110,11,152,72,127,30,114,182,139,29,137,158,175,6,1,117,120,157,173,17,79,199,102,169,172,39,78,83,125,33,192,165,40,87,181,68,93,103,162,147,153,15,144,156,155,31,143,53,183,97,41,0,89,27,62,5,134,112,104,99,160,74,20,138,168,188,126,16,71,19,55,60,179,47,43,187,76,151,141,80,58,64,96,177,42,166,178,86,119,81,67,129,35,150,56,100,54,113,116,124,63,95,121];False
7340;7600;14940;[38,23,136,22,135,37,171,57,7,130,163,122,12,185,149,98,193,191,44,196,161,66,45,105,194,115,46,180,174,190,109,111,184,51,106,91,69,28,8,118,34,159,140,48,92,90,131,148,9,14,3,142,85,61,145,94,13,101,75,36,176,26,164,128,52,2,167,107,123,50,146,65,198,186,82,49,133,189,132,170,77,25,18,4,84,88,70,108,21,73,154,59,197,24,32,195,10,110,11,152,72,127,30,114,182,139,29,137,158,175,6,1,117,120,157,173,17,79,199,102,169,172,39,78,83,125,33,192,165,40,87,181,68,93,103,162,147,153,15,144,156,155,31,143,53,183,97,41,0,89,27,62,5,134,112,104,99,160,74,20,138,168,188,126,16,71,19,55,60,179,47,43,187,76,151,141,80,58,64,96,177,42,166,178,86,119,81,67,129,35,150,56,100,54,113,116,124,63,95,121];False
7612;7424;15036;[174,190,7,161,115,191,135,171,22,130,163,122,12,185,57,98,193,23,38,196,136,66,45,105,194,149,46,44,48,198,109,10,184,51,34,91,69,28,8,118,180,159,140,73,92,90,131,148,93,14,178,142,85,61,145,94,13,101,75,36,176,26,164,128,52,2,167,107,123,50,146,65,37,186,82,49,133,189,132,170,77,25,18,4,84,88,70,108,21,106,154,59,197,24,32,195,111,110,11,152,72,127,30,114,182,139,29,137,158,175,6,1,117,120,157,173,17,79,199,27,169,172,39,78,55,125,33,192,165,40,87,181,68,9,103,162,147,153,15,144,156,155,31,143,53,183,97,41,0,89,102,62,5,134,112,104,99,160,74,20,138,168,188,126,16,71,19,83,60,179,47,43,187,76,151,141,80,58,64,96,177,42,166,3,86,119,81,67,129,35,150,56,100,54,113,116,124,63,95,121];False
7532;7534;15066;[12,174,7,161,115,191,135,171,22,130,163,122,190,185,57,98,193,23,38,196,136,66,45,105,194,149,46,44,48,198,109,10,184,51,34,91,69,28,8,118,180,159,140,73,92,90,131,148,93,14,178,142,85,61,145,94,13,101,75,36,176,26,164,128,52,2,167,107,123,50,146,65,37,186,82,49,133,189,132,170,77,25,18,4,84,88,70,108,21,106,154,59,197,24,32,195,111,110,11,152,72,127,30,114,182,139,29,137,158,175,6,1,117,120,157,173,17,79,199,27,169,172,39,78,55,125,33,192,165,40,87,181,68,9,103,162,147,153,15,144,156,155,31,143,53,183,97,41,0,89,102,62,5,134,112,104,99,160,74,20,138,168,188,126,16,71,19,83,60,179,47,43,187,76,151,141,80,58,64,96,177,42,166,3,86,119,81,67,129,35,150,56,100,54,113,116,124,63,95,121];False
7691;7402;15093;[174,171,7,161,136,22,135,115,149,130,163,122,12,185,57,98,193,23,38,196,198,66,45,105,194,191,46,44,48,190,109,10,184,51,34,91,69,28,8,118,180,159,140,73,92,90,131,148,93,14,178,142,85,61,145,94,13,101,75,36,176,26,164,128,52,2,167,107,123,50,146,65,37,186,82,49,133,189,132,170,77,25,18,4,84,88,70,108,21,106,154,59,197,24,32,195,111,110,11,152,72,127,30,114,182,139,29,137,158,175,6,1,117,120,157,173,17,79,199,27,169,172,39,78,55,125,33,192,165,40,87,181,68,9,103,162,147,153,15,144,156,155,31,143,53,183,97,41,0,89,102,62,5,134,112,104,99,160,74,20,138,168,188,126,16,71,19,83,60,179,47,43,187,76,151,141,80,58,64,96,177,42,166,3,86,119,81,67,129,35,150,56,100,54,113,116,124,63,95,121];False
8009;7263;15272;[7,136,22,46,135,115,163,171,57,130,191,122,12,185,149,98,193,23,38,196,161,66,45,105,194,73,174,44,37,190,109,10,184,51,34,91,69,28,8,118,180,159,140,48,92,90,131,148,93,14,178,142,85,61,145,94,13,101,75,36,176,26,97,128,52,2,167,107,123,50,146,65,198,186,82,49,133,189,132,170,77,25,18,4,84,88,70,108,21,106,154,59,197,24,32,86,111,110,11,152,72,127,30,114,182,139,29,137,158,175,6,1,117,120,157,173,17,79,199,27,169,172,39,78,55,125,33,192,165,40,87,181,68,9,103,162,147,153,15,144,156,155,31,143,53,183,164,41,0,89,102,62,5,134,112,104,99,63,74,20,138,168,188,126,16,71,19,83,60,179,47,43,187,76,151,141,80,58,64,96,177,42,166,3,195,119,81,67,129,35,150,56,100,54,113,116,124,160,95,121];False
8275;7112;15387;[136,191,186,7,135,174,171,57,3,130,163,122,12,185,149,98,193,23,38,196,161,66,45,105,44,115,46,180,37,190,109,10,184,51,34,91,69,28,8,118,194,159,140,48,92,90,131,148,93,14,178,142,85,61,145,94,13,101,75,36,176,26,97,128,52,2,167,107,123,50,146,65,198,73,82,49,133,189,132,170,77,25,18,4,84,88,70,108,21,106,154,59,197,24,86,32,111,110,11,152,72,127,30,114,182,139,29,137,158,175,6,1,117,120,157,173,17,79,199,27,169,172,39,78,55,125,33,192,165,40,87,181,68,9,103,162,147,153,95,144,156,155,31,143,53,183,164,41,0,89,102,62,5,134,112,104,99,63,74,20,138,168,188,126,16,71,19,83,60,179,47,43,187,76,151,141,80,58,64,96,177,42,166,22,195,119,81,67,129,35,150,56,100,54,113,116,124,160,15,121];False
8427;6808;15235;[75,3,136,10,54,18,171,57,93,130,163,122,12,185,37,98,193,6,38,196,161,66,45,135,142,115,46,44,140,190,109,155,184,51,194,91,69,28,8,118,34,159,188,48,92,90,131,148,65,14,178,23,191,61,145,94,13,101,141,36,176,35,97,128,52,2,167,107,123,73,174,180,198,17,82,49,133,189,132,170,77,25,105,4,84,88,70,108,21,106,154,59,197,24,72,78,111,110,11,152,86,127,30,114,182,139,29,137,158,175,85,1,117,120,157,173,186,79,42,27,169,172,39,32,55,125,33,192,165,40,87,181,68,9,103,162,147,67,95,144,156,146,31,143,53,183,164,41,149,89,102,62,5,134,112,104,99,63,74,20,138,168,50,126,16,71,19,83,60,179,47,43,187,76,151,7,80,58,64,96,177,199,166,22,195,119,81,153,129,26,150,56,100,0,113,116,124,160,15,121];False
8416;6825;15241;[18,37,136,10,54,75,171,57,93,130,163,122,12,185,3,98,193,6,38,196,161,66,45,135,142,115,46,44,140,190,109,155,184,51,194,91,69,28,8,118,34,159,188,48,92,90,131,148,65,14,178,23,191,61,145,94,13,101,141,36,176,35,97,128,52,2,167,107,123,73,174,180,198,17,82,49,133,189,132,170,77,25,105,4,84,88,70,108,21,106,154,59,197,24,72,78,111,110,11,152,86,127,30,114,182,139,29,137,158,175,85,1,117,120,157,173,186,79,42,27,169,172,39,32,55,125,33,192,165,40,87,181,68,9,103,162,147,67,95,144,156,146,31,143,53,183,164,41,149,89,102,62,5,134,112,104,99,63,74,20,138,168,50,126,16,71,19,83,60,179,47,43,187,76,151,7,80,58,64,96,177,199,166,22,195,119,81,153,129,26,150,56,100,0,113,116,124,160,15,121];False
8514;6762;15276;[149,23,189,95,174,46,11,57,3,130,163,122,12,185,54,98,193,37,38,196,161,66,45,135,34,115,65,44,191,190,109,10,184,51,106,91,69,28,8,118,180,159,188,48,92,90,131,148,93,14,178,142,6,61,145,94,13,101,141,36,176,35,97,128,52,2,167,107,123,194,155,50,198,17,82,49,133,18,132,170,77,25,105,4,84,88,70,108,21,73,154,59,197,24,72,78,111,110,171,152,86,127,30,114,182,139,29,137,158,175,85,1,117,120,157,173,186,79,42,27,169,172,39,32,55,125,33,192,165,40,87,181,68,9,103,162,147,67,136,144,156,146,31,143,53,183,164,41,75,89,102,62,5,134,112,104,99,63,74,20,138,168,140,126,16,71,19,83,60,179,47,43,187,76,151,7,80,58,64,96,177,199,166,22,195,119,81,153,129,26,150,56,100,0,113,116,124,160,15,121];False
9764;6548;16312;[50,174,23,136,75,18,171,57,3,130,163,59,12,185,0,98,169,6,89,196,161,66,15,135,194,115,46,44,37,190,109,10,184,51,34,91,69,28,8,118,180,159,188,48,92,90,131,148,93,14,178,142,191,61,145,94,13,101,7,38,176,35,97,128,52,2,167,107,123,73,155,65,198,17,82,49,133,189,132,170,77,25,105,4,84,88,70,108,21,106,154,122,197,24,72,78,111,110,11,152,86,127,30,114,182,139,29,137,158,175,85,1,117,120,157,173,186,79,42,27,193,172,39,32,55,125,33,192,165,40,87,181,68,9,103,162,147,67,95,144,156,146,31,143,53,183,164,41,149,36,102,62,5,134,112,104,99,63,74,20,138,168,140,126,16,71,19,83,60,179,47,43,187,76,151,141,80,58,64,96,177,199,166,22,195,119,81,153,129,26,150,56,100,54,113,116,124,160,45,121];False
2226;8045;10271;[74,194,31,118,10,176,83,129,8,84,67,48,92,108,21,99,106,77,112,150,56,18,62,120,24,69,26,9,143,20,3,2,121,160,34,16,130,22,38,45,124,94,75,25,165,153,187,127,39,107,87,76,50,53,93,23,30,134,137,86,122,64,101,151,54,158,199,6,117,98,19,110,81,52,182,28,162,78,60,79,185,148,167,61,41,36,46,131,59,133,96,157,138,178,164,173,66,126,198,159,140,184,109,29,154,156,142,15,135,146,43,128,85,152,172,12,181,82,192,139,33,13,111,195,40,37,71,35,88,171,189,197,1,68,116,57,0,113,196,89,5,141,119,4,183,63,51,72,147,65,102,115,14,49,55,155,73,161,80,114,177,169,191,11,104,180,163,170,95,91,90,125,149,32,97,58,100,7,175,179,27,193,136,144,70,168,17,103,105,174,190,188,186,145,42,47,132,166,123,44];True
1872;8358;10230;[69,76,25,48,10,176,2,199,3,196,113,61,74,108,21,174,16,77,112,150,56,18,62,120,24,197,26,9,143,28,8,99,121,160,92,106,130,22,38,34,124,94,161,1,165,153,187,127,39,107,87,122,50,53,93,23,30,134,137,86,6,64,101,151,54,158,129,83,117,98,19,110,81,52,182,45,162,78,180,79,185,148,167,73,41,36,46,131,59,133,96,157,138,178,164,173,66,126,198,159,140,118,109,29,154,156,142,15,135,60,43,128,85,152,172,12,181,82,192,139,33,13,111,195,40,37,71,35,88,171,189,194,31,68,116,57,0,67,84,89,5,141,119,4,183,63,51,72,147,65,102,115,14,49,55,155,184,75,80,114,177,169,191,11,104,20,163,170,95,91,90,125,149,32,97,58,100,7,175,179,27,193,136,144,70,168,17,103,105,146,190,188,186,145,42,47,132,166,123,44];True
2914;7929;10843;[198,122,112,93,10,176,83,129,8,72,67,73,74,108,21,99,154,77,25,150,56,18,62,120,24,197,26,9,16,143,3,2,121,160,142,49,130,22,38,20,124,94,161,1,165,153,187,127,39,107,87,76,50,53,135,23,30,134,137,86,69,64,101,151,54,158,199,6,117,98,19,110,81,52,182,28,162,78,60,79,185,148,167,61,41,36,46,131,59,133,96,157,138,178,164,173,66,126,34,159,140,118,109,29,90,156,106,71,48,146,43,128,85,152,172,12,181,82,192,139,33,13,111,195,40,37,15,35,88,171,189,194,102,68,116,57,0,113,196,89,5,141,119,4,183,63,51,92,147,65,31,115,14,45,55,155,184,75,80,114,177,169,191,11,104,180,163,170,95,91,84,125,149,32,97,58,100,7,175,179,27,193,136,144,70,168,17,103,105,174,190,188,186,145,42,47,132,166,123,44];False
1843;8869;10712;[50,115,112,48,10,1,2,129,8,84,122,107,118,146,105,99,141,17,193,15,173,18,25,120,24,197,26,9,109,20,3,49,147,65,92,142,130,22,38,174,67,19,75,12,165,153,187,127,39,73,87,76,94,143,93,23,30,134,58,86,181,82,101,151,54,158,121,6,117,98,78,110,81,52,108,74,183,192,135,79,185,148,167,61,59,36,46,5,41,133,96,157,138,178,152,56,66,126,106,159,140,34,4,29,154,156,160,71,69,190,43,128,85,164,111,83,40,124,150,139,33,13,172,195,182,149,60,35,88,145,189,194,31,171,116,57,186,113,196,89,162,198,119,28,53,97,131,0,199,62,102,51,14,45,55,155,184,161,80,137,177,169,191,11,104,180,163,170,95,91,90,125,37,32,68,63,100,7,175,114,27,16,136,144,70,168,64,103,21,72,77,188,179,176,42,47,132,166,123,44];False
6418;7847;14265;[22,132,57,169,66,135,171,149,7,130,163,122,12,199,3,98,193,191,38,196,161,115,45,105,194,136,46,44,139,190,109,111,184,51,146,91,69,28,8,118,180,27,140,48,92,90,131,148,9,14,198,142,29,61,145,94,13,101,75,36,176,26,164,128,52,2,167,170,123,50,34,71,174,73,82,49,133,166,186,107,77,159,18,4,181,88,70,108,21,106,154,59,197,24,32,195,10,110,11,152,72,127,30,114,182,37,85,55,158,175,6,1,117,120,157,173,17,79,185,102,23,172,39,78,83,125,33,35,165,40,87,84,68,93,103,65,147,153,15,144,156,155,31,143,53,183,97,41,0,89,25,62,5,134,112,104,99,160,74,20,138,168,188,126,16,162,19,137,60,179,47,43,187,76,151,141,80,58,64,96,177,42,189,178,86,119,81,67,129,192,150,56,100,54,113,116,124,63,95,121];False
6508;7846;14354;[135,22,57,169,66,132,171,149,7,130,163,122,12,199,3,98,193,191,38,196,161,115,45,105,194,136,46,44,139,190,109,111,184,51,146,91,69,28,8,118,180,27,140,48,92,90,131,148,9,14,198,142,29,61,145,94,13,101,75,36,176,26,164,128,52,2,167,170,123,50,34,71,174,73,82,49,133,166,186,107,77,159,18,4,181,88,70,108,21,106,154,59,197,24,32,195,10,110,11,152,72,127,30,114,182,37,85,55,158,175,6,1,117,120,157,173,17,79,185,102,23,172,39,78,83,125,33,35,165,40,87,84,68,93,103,65,147,153,15,144,156,155,31,143,53,183,97,41,0,89,25,62,5,134,112,104,99,160,74,20,138,168,188,126,16,162,19,137,60,179,47,43,187,76,151,141,80,58,64,96,177,42,189,178,86,119,81,67,129,192,150,56,100,54,113,116,124,63,95,121];False
6846;7799;14645;[135,115,23,66,7,22,171,57,136,130,163,122,12,199,149,98,193,191,38,196,161,184,45,105,198,174,46,44,139,190,109,111,194,51,124,91,69,28,8,118,180,25,146,48,92,90,131,148,9,14,3,142,29,61,145,94,13,101,75,36,176,26,164,128,52,2,167,107,123,50,34,71,140,132,82,49,133,189,186,170,77,159,18,4,181,88,70,108,21,106,154,59,197,24,32,195,10,110,11,152,72,127,30,114,182,37,85,55,158,175,6,1,117,120,157,173,17,79,185,102,169,172,39,78,83,125,33,35,165,40,87,84,68,93,103,65,147,153,15,144,156,155,31,143,53,183,97,41,0,89,27,62,5,134,112,104,99,160,74,20,138,168,188,126,16,162,19,137,60,179,47,43,187,76,151,141,80,58,64,96,177,42,166,178,86,119,81,67,129,192,150,56,100,54,113,116,73,63,95,121];False
6952;7750;14702;[136,149,22,135,191,23,171,57,7,130,163,122,12,199,71,98,193,109,38,196,161,66,45,105,142,115,46,44,139,190,174,111,184,51,34,91,69,28,8,118,180,159,140,48,92,90,131,148,9,14,3,194,29,61,145,94,13,101,75,36,176,26,164,128,52,2,167,107,123,73,146,50,198,132,82,49,133,189,186,170,77,25,18,4,181,88,70,108,21,106,154,59,197,24,32,195,10,110,11,152,72,127,30,114,182,37,85,55,158,175,6,1,117,120,157,173,17,79,185,102,169,172,39,78,83,125,33,35,165,40,87,84,68,93,103,65,147,153,15,144,156,155,31,143,53,183,97,41,0,89,27,62,5,134,112,104,99,160,74,20,138,168,188,126,16,162,19,137,60,179,47,43,187,76,151,141,80,58,64,96,177,42,166,178,86,119,81,67,129,192,150,56,100,54,113,116,124,63,95,121];False
7309;7659;14968;[23,191,182,132,15,87,75,88,171,163,86,12,6,185,0,32,65,94,160,196,38,14,194,73,154,3,157,183,37,138,184,115,25,99,108,35,193,28,8,20,13,174,188,55,44,198,131,47,68,123,106,78,52,91,69,61,176,59,11,57,189,26,175,62,120,2,89,107,48,63,29,164,4,126,41,114,112,165,153,7,77,177,169,72,84,85,66,45,124,51,90,134,197,168,74,142,101,81,36,145,100,111,122,98,139,105,180,67,158,30,40,96,76,93,150,173,46,10,42,27,24,187,39,95,1,125,33,127,128,129,18,181,148,9,103,92,136,137,43,53,146,190,31,82,144,121,162,147,149,152,49,151,97,130,113,155,17,21,34,159,109,135,140,50,16,118,166,80,133,178,170,199,172,79,117,102,110,60,64,179,58,161,192,22,195,83,186,54,119,167,71,56,5,141,19,116,70,104,143,156];False
7247;7686;14933;[15,23,182,132,191,87,75,88,171,163,86,12,6,185,0,32,65,94,160,196,38,14,194,73,154,3,157,183,37,138,184,115,25,99,108,35,193,28,8,20,13,174,188,55,44,198,131,47,68,123,106,78,52,91,69,61,176,59,11,57,189,26,175,62,120,2,89,107,48,63,29,164,4,126,41,114,112,165,153,7,77,177,169,72,84,85,66,45,124,51,90,134,197,168,74,142,101,81,36,145,100,111,122,98,139,105,180,67,158,30,40,96,76,93,150,173,46,10,42,27,24,187,39,95,1,125,33,127,128,129,18,181,148,9,103,92,136,137,43,53,146,190,31,82,144,121,162,147,149,152,49,151,97,130,113,155,17,21,34,159,109,135,140,50,16,118,166,80,133,178,170,199,172,79,117,102,110,60,64,179,58,161,192,22,195,83,186,54,119,167,71,56,5,141,19,116,70,104,143,156];False
7373;7598;14971;[136,44,23,22,135,37,171,57,7,130,163,122,12,185,149,98,193,191,38,196,161,66,45,105,194,115,46,180,174,190,109,111,184,51,106,91,69,28,8,118,34,159,140,48,92,90,131,148,9,14,3,142,85,61,145,94,13,101,75,36,176,26,164,128,52,2,167,107,123,50,146,65,198,186,82,49,133,189,132,170,77,25,18,4,84,88,70,108,21,73,154,59,197,24,32,195,10,110,11,152,72,127,30,114,182,139,29,137,158,175,6,1,117,120,157,173,17,79,199,102,169,172,39,78,83,125,33,192,165,40,87,181,68,93,103,162,147,153,15,144,156,155,31,143,53,183,97,41,0,89,27,62,5,134,112,104,99,160,74,20,138,168,188,126,16,71,19,55,60,179,47,43,187,76,151,141,80,58,64,96,177,42,166,178,86,119,81,67,129,35,150,56,100,54,113,116,124,63,95,121];False
7302;7602;14904;[23,38,136,22,135,37,171,57,7,130,163,122,12,185,149,98,193,191,44,196,161,66,45,105,194,115,46,180,174,190,109,111,184,51,106,91,69,28,8,118,34,159,140,48,92,90,131,148,9,14,3,142,85,61,145,94,13,101,75,36,176,26,164,128,52,2,167,107,123,50,146,65,198,186,82,49,133,189,132,170,77,25,18,4,84,88,70,108,21,73,154,59,197,24,32,195,10,110,11,152,72,127,30,114,182,139,29,137,158,175,6,1,117,120,157,173,17,79,199,102,169,172,39,78,83,125,33,192,165,40,87,181,68,93,103,162,147,153,15,144,156,155,31,143,53,183,97,41,0,89,27,62,5,134,112,104,99,160,74,20,138,168,188,126,16,71,19,55,60,179,47,43,187,76,151,141,80,58,64,96,177,42,166,178,86,119,81,67,129,35,150,56,100,54,113,116,124,63,95,121];False
7352;7597;14949;[37,23,136,22,135,38,171,57,7,130,163,122,12,185,149,98,193,191,44,196,161,66,45,105,194,115,46,180,174,190,109,111,184,51,106,91,69,28,8,118,34,159,140,48,92,90,131,148,9,14,3,142,85,61,145,94,13,101,75,36,176,26,164,128,52,2,167,107,123,50,146,65,198,186,82,49,133,189,132,170,77,25,18,4,84,88,70,108,21,73,154,59,197,24,32,195,10,110,11,152,72,127,30,114,182,139,29,137,158,175,6,1,117,120,157,173,17,79,199,102,169,172,39,78,83,125,33,192,165,40,87,181,68,93,103,162,147,153,15,144,156,155,31,143,53,183,97,41,0,89,27,62,5,134,112,104,99,160,74,20,138,168,188,126,16,71,19,55,60,179,47,43,187,76,151,141,80,58,64,96,177,42,166,178,86,119,81,67,129,35,150,56,100,54,113,116,124,63,95,121];False
7518;7441;14959;[109,190,7,161,115,191,135,171,22,130,163,122,12,185,57,98,193,23,38,196,136,66,45,105,194,149,46,44,48,198,174,10,184,51,34,91,69,28,8,118,180,159,140,73,92,90,131,148,93,14,178,142,85,61,145,94,13,101,75,36,176,26,164,128,52,2,167,107,123,50,146,65,37,186,82,49,133,189,132,170,77,25,18,4,84,88,70,108,21,106,154,59,197,24,32,195,111,110,11,152,72,127,30,114,182,139,29,137,158,175,6,1,117,120,157,173,17,79,199,27,169,172,39,78,55,125,33,192,165,40,87,181,68,9,103,162,147,153,15,144,156,155,31,143,53,183,97,41,0,89,102,62,5,134,112,104,99,160,74,20,138,168,188,126,16,71,19,83,60,179,47,43,187,76,151,141,80,58,64,96,177,42,166,3,86,119,81,67,129,35,150,56,100,54,113,116,124,63,95,121];False
7661;7406;15067;[34,171,7,161,136,22,135,115,149,130,163,122,12,185,57,98,193,23,38,196,198,66,45,105,194,191,46,44,48,190,109,10,184,51,174,91,69,28,8,118,180,159,140,73,92,90,131,148,93,14,178,142,85,61,145,94,13,101,75,36,176,26,164,128,52,2,167,107,123,50,146,65,37,186,82,49,133,189,132,170,77,25,18,4,84,88,70,108,21,106,154,59,197,24,32,195,111,110,11,152,72,127,30,114,182,139,29,137,158,175,6,1,117,120,157,173,17,79,199,27,169,172,39,78,55,125,33,192,165,40,87,181,68,9,103,162,147,153,15,144,156,155,31,143,53,183,97,41,0,89,102,62,5,134,112,104,99,160,74,20,138,168,188,126,16,71,19,83,60,179,47,43,187,76,151,141,80,58,64,96,177,42,166,3,86,119,81,67,129,35,150,56,100,54,113,116,124,63,95,121];False
7995;7276;15271;[57,136,22,46,135,115,163,171,7,130,191,122,12,185,149,98,193,23,38,196,161,66,45,105,194,73,174,44,37,190,109,10,184,51,34,91,69,28,8,118,180,159,140,48,92,90,131,148,93,14,178,142,85,61,145,94,13,101,75,36,176,26,97,128,52,2,167,107,123,50,146,65,198,186,82,49,133,189,132,170,77,25,18,4,84,88,70,108,21,106,154,59,197,24,32,86,111,110,11,152,72,127,30,114,182,139,29,137,158,175,6,1,117,120,157,173,17,79,199,27,169,172,39,78,55,125,33,192,165,40,87,181,68,9,103,162,147,153,15,144,156,155,31,143,53,183,164,41,0,89,102,62,5,134,112,104,99,63,74,20,138,168,188,126,16,71,19,83,60,179,47,43,187,76,151,141,80,58,64,96,177,42,166,3,195,119,81,67,129,35,150,56,100,54,113,116,124,160,95,121];False
8342;7096;15438;[174,191,186,7,135,136,171,57,3,130,163,122,12,185,149,98,193,23,38,196,161,66,45,105,44,115,46,180,37,190,109,10,184,51,34,91,69,28,8,118,194,159,140,48,92,90,131,148,93,14,178,142,85,61,145,94,13,101,75,36,176,26,97,128,52,2,167,107,123,50,146,65,198,73,82,49,133,189,132,170,77,25,18,4,84,88,70,108,21,106,154,59,197,24,86,32,111,110,11,152,72,127,30,114,182,139,29,137,158,175,6,1,117,120,157,173,17,79,199,27,169,172,39,78,55,125,33,192,165,40,87,181,68,9,103,162,147,153,95,144,156,155,31,143,53,183,164,41,0,89,102,62,5,134,112,104,99,63,74,20,138,168,188,126,16,71,19,83,60,179,47,43,187,76,151,141,80,58,64,96,177,42,166,22,195,119,81,67,129,35,150,56,100,54,113,116,124,160,15,121];False
8405;6799;15204;[115,3,136,10,54,18,171,57,93,130,163,122,12,185,37,98,193,6,38,196,161,66,45,135,142,75,46,44,140,190,109,155,184,51,194,91,69,28,8,118,34,159,188,48,92,90,131,148,65,14,178,23,191,61,145,94,13,101,141,36,176,35,97,128,52,2,167,107,123,73,174,180,198,17,82,49,133,189,132,170,77,25,105,4,84,88,70,108,21,106,154,59,197,24,72,78,111,110,11,152,86,127,30,114,182,139,29,137,158,175,85,1,117,120,157,173,186,79,42,27,169,172,39,32,55,125,33,192,165,40,87,181,68,9,103,162,147,67,95,144,156,146,31,143,53,183,164,41,149,89,102,62,5,134,112,104,99,63,74,20,138,168,50,126,16,71,19,83,60,179,47,43,187,76,151,7,80,58,64,96,177,199,166,22,195,119,81,153,129,26,150,56,100,0,113,116,124,160,15,121];False
8532;6750;15282;[23,149,189,95,174,46,11,57,3,130,163,122,12,185,54,98,193,37,38,196,161,66,45,135,34,115,65,44,191,190,109,10,184,51,106,91,69,28,8,118,180,159,188,48,92,90,131,148,93,14,178,142,6,61,145,94,13,101,141,36,176,35,97,128,52,2,167,107,123,194,155,50,198,17,82,49,133,18,132,170,77,25,105,4,84,88,70,108,21,73,154,59,197,24,72,78,111,110,171,152,86,127,30,114,182,139,29,137,158,175,85,1,117,120,157,173,186,79,42,27,169,172,39,32,55,125,33,192,165,40,87,181,68,9,103,162,147,67,136,144,156,146,31,143,53,183,164,41,75,89,102,62,5,134,112,104,99,63,74,20,138,168,140,126,16,71,19,83,60,179,47,43,187,76,151,7,80,58,64,96,177,199,166,22,195,119,81,153,129,26,150,56,100,0,113,116,124,160,15,121];False
8467;6743;15210;[37,23,189,95,174,46,11,57,3,130,163,122,12,185,54,98,193,149,38,196,161,66,45,135,34,115,65,44,191,190,109,10,184,51,106,91,69,28,8,118,180,159,188,48,92,90,131,148,93,14,178,142,6,61,145,94,13,101,141,36,176,35,97,128,52,2,167,107,123,194,155,50,198,17,82,49,133,18,132,170,77,25,105,4,84,88,70,108,21,73,154,59,197,24,72,78,111,110,171,152,86,127,30,114,182,139,29,137,158,175,85,1,117,120,157,173,186,79,42,27,169,172,39,32,55,125,33,192,165,40,87,181,68,9,103,162,147,67,136,144,156,146,31,143,53,183,164,41,75,89,102,62,5,134,112,104,99,63,74,20,138,168,140,126,16,71,19,83,60,179,47,43,187,76,151,7,80,58,64,96,177,199,166,22,195,119,81,153,129,26,150,56,100,0,113,116,124,160,15,121];True
9713;6549;16262;[73,174,23,136,75,18,171,57,3,130,163,59,12,185,0,98,169,6,89,196,161,66,15,135,194,115,46,44,37,190,109,10,184,51,34,91,69,28,8,118,180,159,188,48,92,90,131,148,93,14,178,142,191,61,145,94,13,101,7,38,176,35,97,128,52,2,167,107,123,50,155,65,198,17,82,49,133,189,132,170,77,25,105,4,84,88,70,108,21,106,154,122,197,24,72,78,111,110,11,152,86,127,30,114,182,139,29,137,158,175,85,1,117,120,157,173,186,79,42,27,193,172,39,32,55,125,33,192,165,40,87,181,68,9,103,162,147,67,95,144,156,146,31,143,53,183,164,41,149,36,102,62,5,134,112,104,99,63,74,20,138,168,140,126,16,71,19,83,60,179,47,43,187,76,151,141,80,58,64,96,177,199,166,22,195,119,81,153,129,26,150,56,100,54,113,116,124,160,45,121];False
2325;8026;10351;[50,194,31,118,10,176,83,129,8,84,67,48,92,108,21,99,106,77,112,150,56,18,62,120,24,69,26,9,143,20,3,2,121,160,34,16,130,22,38,45,124,94,75,25,165,153,187,127,39,107,87,76,74,53,93,23,30,134,137,86,122,64,101,151,54,158,199,6,117,98,19,110,81,52,182,28,162,78,60,79,185,148,167,61,41,36,46,131,59,133,96,157,138,178,164,173,66,126,198,159,140,184,109,29,154,156,142,15,135,146,43,128,85,152,172,12,181,82,192,139,33,13,111,195,40,37,71,35,88,171,189,197,1,68,116,57,0,113,196,89,5,141,119,4,183,63,51,72,147,65,102,115,14,49,55,155,73,161,80,114,177,169,191,11,104,180,163,170,95,91,90,125,149,32,97,58,100,7,175,179,27,193,136,144,70,168,17,103,105,174,190,188,186,145,42,47,132,166,123,44];True
1840;8385;10225;[69,76,25,48,10,176,2,199,3,196,35,61,74,108,21,174,16,77,112,150,56,18,62,120,24,197,26,9,143,28,8,99,121,160,92,106,130,22,38,34,124,94,161,1,165,153,187,127,39,107,87,122,50,53,93,23,30,134,137,86,6,64,101,151,54,158,129,83,117,98,19,110,81,52,182,45,162,78,180,79,185,148,167,73,41,36,46,131,59,133,96,157,138,178,164,173,66,126,198,159,140,118,109,29,154,156,142,15,135,60,43,128,85,152,172,12,181,82,192,139,33,13,111,195,40,37,71,113,88,171,189,194,31,68,116,57,0,67,84,89,5,141,119,4,183,63,51,72,147,65,102,115,14,49,55,155,184,75,80,114,177,169,191,11,104,20,163,170,95,91,90,125,149,32,97,58,100,7,175,179,27,193,136,144,70,168,17,103,105,146,190,188,186,145,42,47,132,166,123,44];True
2954;7927;10881;[16,122,112,93,10,176,83,129,8,72,67,73,74,108,21,99,154,77,25,150,56,18,62,120,24,197,26,9,198,143,3,2,121,160,142,49,130,22,38,20,124,94,161,1,165,153,187,127,39,107,87,76,50,53,135,23,30,134,137,86,69,64,101,151,54,158,199,6,117,98,19,110,81,52,182,28,162,78,60,79,185,148,167,61,41,36,46,131,59,133,96,157,138,178,164,173,66,126,34,159,140,118,109,29,90,156,106,71,48,146,43,128,85,152,172,12,181,82,192,139,33,13,111,195,40,37,15,35,88,171,189,194,102,68,116,57,0,113,196,89,5,141,119,4,183,63,51,92,147,65,31,115,14,45,55,155,184,75,80,114,177,169,191,11,104,180,163,170,95,91,84,125,149,32,97,58,100,7,175,179,27,193,136,144,70,168,17,103,105,174,190,188,186,145,42,47,132,166,123,44];False
6373;7881;14254;[169,132,57,22,66,135,171,149,7,130,163,122,12,199,3,98,193,191,38,196,161,115,45,105,194,136,46,44,139,190,109,111,184,51,146,91,69,28,8,118,180,27,140,48,92,90,131,148,9,14,198,142,29,61,145,94,13,101,75,36,176,26,164,128,52,2,167,170,123,50,34,71,174,73,82,49,133,166,186,107,77,159,18,4,181,88,70,108,21,106,154,59,197,24,32,195,10,110,11,152,72,127,30,114,182,37,85,55,158,175,6,1,117,120,157,173,17,79,185,102,23,172,39,78,83,125,33,35,165,40,87,84,68,93,103,65,147,153,15,144,156,155,31,143,53,183,97,41,0,89,25,62,5,134,112,104,99,160,74,20,138,168,188,126,16,162,19,137,60,179,47,43,187,76,151,141,80,58,64,96,177,42,189,178,86,119,81,67,129,192,150,56,100,54,113,116,124,63,95,121];False
6607;7844;14451;[115,22,57,169,66,132,171,149,7,130,163,122,12,199,3,98,193,191,38,196,161,135,45,105,194,136,46,44,139,190,109,111,184,51,146,91,69,28,8,118,180,27,140,48,92,90,131,148,9,14,198,142,29,61,145,94,13,101,75,36,176,26,164,128,52,2,167,170,123,50,34,71,174,73,82,49,133,166,186,107,77,159,18,4,181,88,70,108,21,106,154,59,197,24,32,195,10,110,11,152,72,127,30,114,182,37,85,55,158,175,6,1,117,120,157,173,17,79,185,102,23,172,39,78,83,125,33,35,165,40,87,84,68,93,103,65,147,153,15,144,156,155,31,143,53,183,97,41,0,89,25,62,5,134,112,104,99,160,74,20,138,168,188,126,16,162,19,137,60,179,47,43,187,76,151,141,80,58,64,96,177,42,189,178,86,119,81,67,129,192,150,56,100,54,113,116,124,63,95,121];False
6763;7799;14562;[115,135,23,66,7,22,171,57,136,130,163,122,12,199,149,98,193,191,38,196,161,184,45,105,198,174,46,44,139,190,109,111,194,51,124,91,69,28,8,118,180,25,146,48,92,90,131,148,9,14,3,142,29,61,145,94,13,101,75,36,176,26,164,128,52,2,167,107,123,50,34,71,140,132,82,49,133,189,186,170,77,159,18,4,181,88,70,108,21,106,154,59,197,24,32,195,10,110,11,152,72,127,30,114,182,37,85,55,158,175,6,1,117,120,157,173,17,79,185,102,169,172,39,78,83,125,33,35,165,40,87,84,68,93,103,65,147,153,15,144,156,155,31,143,53,183,97,41,0,89,27,62,5,134,112,104,99,160,74,20,138,168,188,126,16,162,19,137,60,179,47,43,187,76,151,141,80,58,64,96,177,42,166,178,86,119,81,67,129,192,150,56,100,54,113,116,73,63,95,121];False
6898;7759;14657;[149,136,22,135,191,23,171,57,7,130,163,122,12,199,71,98,193,109,38,196,161,66,45,105,142,115,46,44,139,190,174,111,184,51,34,91,69,28,8,118,180,159,140,48,92,90,131,148,9,14,3,194,29,61,145,94,13,101,75,36,176,26,164,128,52,2,167,107,123,73,146,50,198,132,82,49,133,189,186,170,77,25,18,4,181,88,70,108,21,106,154,59,197,24,32,195,10,110,11,152,72,127,30,114,182,37,85,55,158,175,6,1,117,120,157,173,17,79,185,102,169,172,39,78,83,125,33,35,165,40,87,84,68,93,103,65,147,153,15,144,156,155,31,143,53,183,97,41,0,89,27,62,5,134,112,104,99,160,74,20,138,168,188,126,16,162,19,137,60,179,47,43,187,76,151,141,80,58,64,96,177,42,166,178,86,119,81,67,129,192,150,56,100,54,113,116,124,63,95,121];False
6863;7766;14629;[115,149,22,135,191,23,171,57,7,130,163,122,12,199,71,98,193,109,38,196,161,66,45,105,142,136,46,44,139,190,174,111,184,51,34,91,69,28,8,118,180,159,140,48,92,90,131,148,9,14,3,194,29,61,145,94,13,101,75,36,176,26,164,128,52,2,167,107,123,73,146,50,198,132,82,49,133,189,186,170,77,25,18,4,181,88,70,108,21,106,154,59,197,24,32,195,10,110,11,152,72,127,30,114,182,37,85,55,158,175,6,1,117,120,157,173,17,79,185,102,169,172,39,78,83,125,33,35,165,40,87,84,68,93,103,65,147,153,15,144,156,155,31,143,53,183,97,41,0,89,27,62,5,134,112,104,99,160,74,20,138,168,188,126,16,162,19,137,60,179,47,43,187,76,151,141,80,58,64,96,177,42,166,178,86,119,81,67,129,192,150,56,100,54,113,116,124,63,95,121];False
7211;7673;14884;[138,23,182,132,191,87,75,88,171,163,86,12,6,185,0,32,65,94,160,196,38,14,194,73,154,3,157,183,37,15,184,115,25,99,108,35,193,28,8,20,13,174,188,55,44,198,131,47,68,123,106,78,52,91,69,61,176,59,11,57,189,26,175,62,120,2,89,107,48,63,29,164,4,126,41,114,112,165,153,7,77,177,169,72,84,85,66,45,124,51,90,134,197,168,74,142,101,81,36,145,100,111,122,98,139,105,180,67,158,30,40,96,76,93,150,173,46,10,42,27,24,187,39,95,1,125,33,127,128,129,18,181,148,9,103,92,136,137,43,53,146,190,31,82,144,121,162,147,149,152,49,151,97,130,113,155,17,21,34,159,109,135,140,50,16,118,166,80,133,178,170,199,172,79,117,102,110,60,64,179,58,161,192,22,195,83,186,54,119,167,71,56,5,141,19,116,70,104,143,156];False
7252;7592;14844;[37,38,136,22,135,23,171,57,7,130,163,122,12,185,149,98,193,191,44,196,161,66,45,105,194,115,46,180,174,190,109,111,184,51,106,91,69,28,8,118,34,159,140,48,92,90,131,148,9,14,3,142,85,61,145,94,13,101,75,36,176,26,164,128,52,2,167,107,123,50,146,65,198,186,82,49,133,189,132,170,77,25,18,4,84,88,70,108,21,73,154,59,197,24,32,195,10,110,11,152,72,127,30,114,182,139,29,137,158,175,6,1,117,120,157,173,17,79,199,102,169,172,39,78,83,125,33,192,165,40,87,181,68,93,103,162,147,153,15,144,156,155,31,143,53,183,97,41,0,89,27,62,5,134,112,104,99,160,74,20,138,168,188,126,16,71,19,55,60,179,47,43,187,76,151,141,80,58,64,96,177,42,166,178,86,119,81,67,129,35,150,56,100,54,113,116,124,63,95,121];True
7459;7435;14894;[190,109,7,161,115,191,135,171,22,130,163,122,12,185,57,98,193,23,38,196,136,66,45,105,194,149,46,44,48,198,174,10,184,51,34,91,69,28,8,118,180,159,140,73,92,90,131,148,93,14,178,142,85,61,145,94,13,101,75,36,176,26,164,128,52,2,167,107,123,50,146,65,37,186,82,49,133,189,132,170,77,25,18,4,84,88,70,108,21,106,154,59,197,24,32,195,111,110,11,152,72,127,30,114,182,139,29,137,158,175,6,1,117,120,157,173,17,79,199,27,169,172,39,78,55,125,33,192,165,40,87,181,68,9,103,162,147,153,15,144,156,155,31,143,53,183,97,41,0,89,102,62,5,134,112,104,99,160,74,20,138,168,188,126,16,71,19,83,60,179,47,43,187,76,151,141,80,58,64,96,177,42,166,3,86,119,81,67,129,35,150,56,100,54,113,116,124,63,95,121];False
7651;7405;15056;[115,171,7,161,136,22,135,34,149,130,163,122,12,185,57,98,193,23,38,196,198,66,45,105,194,191,46,44,48,190,109,10,184,51,174,91,69,28,8,118,180,159,140,73,92,90,131,148,93,14,178,142,85,61,145,94,13,101,75,36,176,26,164,128,52,2,167,107,123,50,146,65,37,186,82,49,133,189,132,170,77,25,18,4,84,88,70,108,21,106,154,59,197,24,32,195,111,110,11,152,72,127,30,114,182,139,29,137,158,175,6,1,117,120,157,173,17,79,199,27,169,172,39,78,55,125,33,192,165,40,87,181,68,9,103,162,147,153,15,144,156,155,31,143,53,183,97,41,0,89,102,62,5,134,112,104,99,160,74,20,138,168,188,126,16,71,19,83,60,179,47,43,187,76,151,141,80,58,64,96,177,42,166,3,86,119,81,67,129,35,150,56,100,54,113,116,124,63,95,121];False
8025;7254;15279;[163,136,22,46,135,115,57,171,7,130,191,122,12,185,149,98,193,23,38,196,161,66,45,105,194,73,174,44,37,190,109,10,184,51,34,91,69,28,8,118,180,159,140,48,92,90,131,148,93,14,178,142,85,61,145,94,13,101,75,36,176,26,97,128,52,2,167,107,123,50,146,65,198,186,82,49,133,189,132,170,77,25,18,4,84,88,70,108,21,106,154,59,197,24,32,86,111,110,11,152,72,127,30,114,182,139,29,137,158,175,6,1,117,120,157,173,17,79,199,27,169,172,39,78,55,125,33,192,165,40,87,181,68,9,103,162,147,153,15,144,156,155,31,143,53,183,164,41,0,89,102,62,5,134,112,104,99,63,74,20,138,168,188,126,16,71,19,83,60,179,47,43,187,76,151,141,80,58,64,96,177,42,166,3,195,119,81,67,129,35,150,56,100,54,113,116,124,160,95,121];False
8231;7120;15351;[115,191,186,7,135,136,171,57,3,130,163,122,12,185,149,98,193,23,38,196,161,66,45,105,44,174,46,180,37,190,109,10,184,51,34,91,69,28,8,118,194,159,140,48,92,90,131,148,93,14,178,142,85,61,145,94,13,101,75,36,176,26,97,128,52,2,167,107,123,50,146,65,198,73,82,49,133,189,132,170,77,25,18,4,84,88,70,108,21,106,154,59,197,24,86,32,111,110,11,152,72,127,30,114,182,139,29,137,158,175,6,1,117,120,157,173,17,79,199,27,169,172,39,78,55,125,33,192,165,40,87,181,68,9,103,162,147,153,95,144,156,155,31,143,53,183,164,41,0,89,102,62,5,134,112,104,99,63,74,20,138,168,188,126,16,71,19,83,60,179,47,43,187,76,151,141,80,58,64,96,177,42,166,22,195,119,81,67,129,35,150,56,100,54,113,116,124,160,15,121];False
8456;6784;15240;[37,3,136,10,54,18,171,57,93,130,163,122,12,185,115,98,193,6,38,196,161,66,45,135,142,75,46,44,140,190,109,155,184,51,194,91,69,28,8,118,34,159,188,48,92,90,131,148,65,14,178,23,191,61,145,94,13,101,141,36,176,35,97,128,52,2,167,107,123,73,174,180,198,17,82,49,133,189,132,170,77,25,105,4,84,88,70,108,21,106,154,59,197,24,72,78,111,110,11,152,86,127,30,114,182,139,29,137,158,175,85,1,117,120,157,173,186,79,42,27,169,172,39,32,55,125,33,192,165,40,87,181,68,9,103,162,147,67,95,144,156,146,31,143,53,183,164,41,149,89,102,62,5,134,112,104,99,63,74,20,138,168,50,126,16,71,19,83,60,179,47,43,187,76,151,7,80,58,64,96,177,199,166,22,195,119,81,153,129,26,150,56,100,0,113,116,124,160,15,121];False
8524;6720;15244;[174,23,189,95,37,46,11,57,3,130,163,122,12,185,54,98,193,149,38,196,161,66,45,135,34,115,65,44,191,190,109,10,184,51,106,91,69,28,8,118,180,159,188,48,92,90,131,148,93,14,178,142,6,61,145,94,13,101,141,36,176,35,97,128,52,2,167,107,123,194,155,50,198,17,82,49,133,18,132,170,77,25,105,4,84,88,70,108,21,73,154,59,197,24,72,78,111,110,171,152,86,127,30,114,182,139,29,137,158,175,85,1,117,120,157,173,186,79,42,27,169,172,39,32,55,125,33,192,165,40,87,181,68,9,103,162,147,67,136,144,156,146,31,143,53,183,164,41,75,89,102,62,5,134,112,104,99,63,74,20,138,168,140,126,16,71,19,83,60,179,47,43,187,76,151,7,80,58,64,96,177,199,166,22,195,119,81,153,129,26,150,56,100,0,113,116,124,160,15,121];True
9631;6550;16181;[73,174,23,136,149,18,171,57,3,130,163,59,12,185,0,98,169,6,89,196,161,66,15,135,194,115,46,44,37,190,109,10,184,51,34,91,69,28,8,118,180,159,188,48,92,90,131,148,93,14,178,142,191,61,145,94,13,101,7,38,176,35,97,128,52,2,167,107,123,50,155,65,198,17,82,49,133,189,132,170,77,25,105,4,84,88,70,108,21,106,154,122,197,24,72,78,111,110,11,152,86,127,30,114,182,139,29,137,158,175,85,1,117,120,157,173,186,79,42,27,193,172,39,32,55,125,33,192,165,40,87,181,68,9,103,162,147,67,95,144,156,146,31,143,53,183,164,41,75,36,102,62,5,134,112,104,99,63,74,20,138,168,140,126,16,71,19,83,60,179,47,43,187,76,151,141,80,58,64,96,177,199,166,22,195,119,81,153,129,26,150,56,100,54,113,116,124,160,45,121];False
2349;8019;10368;[50,53,31,118,10,176,83,129,8,84,67,48,92,108,21,99,106,77,112,150,56,18,62,120,24,69,26,9,143,20,3,2,121,160,34,16,130,22,38,45,124,94,75,25,165,153,187,127,39,107,87,76,74,194,93,23,30,134,137,86,122,64,101,151,54,158,199,6,117,98,19,110,81,52,182,28,162,78,60,79,185,148,167,61,41,36,46,131,59,133,96,157,138,178,164,173,66,126,198,159,140,184,109,29,154,156,142,15,135,146,43,128,85,152,172,12,181,82,192,139,33,13,111,195,40,37,71,35,88,171,189,197,1,68,116,57,0,113,196,89,5,141,119,4,183,63,51,72,147,65,102,115,14,49,55,155,73,161,80,114,177,169,191,11,104,180,163,170,95,91,90,125,149,32,97,58,100,7,175,179,27,193,136,144,70,168,17,103,105,174,190,188,186,145,42,47,132,166,123,44];True
1836;8419;10255;[69,76,25,48,10,123,2,199,3,196,35,61,74,108,21,174,16,77,112,150,56,18,62,120,24,197,26,9,143,28,8,99,121,160,92,106,130,22,38,34,124,94,161,1,165,153,187,127,39,107,87,122,50,53,93,23,30,134,137,86,6,64,101,151,54,158,129,83,117,98,19,110,81,52,182,45,162,78,180,79,185,148,167,73,41,36,46,131,59,133,96,157,138,178,164,173,66,126,198,159,140,118,109,29,154,156,142,15,135,60,43,128,85,152,172,12,181,82,192,139,33,13,111,195,40,37,71,113,88,171,189,194,31,68,116,57,0,67,84,89,5,141,119,4,183,63,51,72,147,65,102,115,14,49,55,155,184,75,80,114,177,169,191,11,104,20,163,170,95,91,90,125,149,32,97,58,100,7,175,179,27,193,136,144,70,168,17,103,105,146,190,188,186,145,42,47,132,166,176,44];True
2854;7926;10780;[154,122,112,93,10,176,83,129,8,72,67,73,74,108,21,99,16,77,25,150,56,18,62,120,24,197,26,9,198,143,3,2,121,160,142,49,130,22,38,20,124,94,161,1,165,153,187,127,39,107,87,76,50,53,135,23,30,134,137,86,69,64,101,151,54,158,199,6,117,98,19,110,81,52,182,28,162,78,60,79,185,148,167,61,41,36,46,131,59,133,96,157,138,178,164,173,66,126,34,159,140,118,109,29,90,156,106,71,48,146,43,128,85,152,172,12,181,82,192,139,33,13,111,195,40,37,15,35,88,171,189,194,102,68,116,57,0,113,196,89,5,141,119,4,183,63,51,92,147,65,31,115,14,45,55,155,184,75,80,114,177,169,191,11,104,180,163,170,95,91,84,125,149,32,97,58,100,7,175,179,27,193,136,144,70,168,17,103,105,174,190,188,186,145,42,47,132,166,123,44];False
6403;7868;14271;[57,132,169,22,66,135,171,149,7,130,163,122,12,199,3,98,193,191,38,196,161,115,45,105,194,136,46,44,139,190,109,111,184,51,146,91,69,28,8,118,180,27,140,48,92,90,131,148,9,14,198,142,29,61,145,94,13,101,75,36,176,26,164,128,52,2,167,170,123,50,34,71,174,73,82,49,133,166,186,107,77,159,18,4,181,88,70,108,21,106,154,59,197,24,32,195,10,110,11,152,72,127,30,114,182,37,85,55,158,175,6,1,117,120,157,173,17,79,185,102,23,172,39,78,83,125,33,35,165,40,87,84,68,93,103,65,147,153,15,144,156,155,31,143,53,183,97,41,0,89,25,62,5,134,112,104,99,160,74,20,138,168,188,126,16,162,19,137,60,179,47,43,187,76,151,141,80,58,64,96,177,42,189,178,86,119,81,67,129,192,150,56,100,54,113,116,124,63,95,121];False
6575;7832;14407;[136,22,57,169,66,132,171,149,7,130,163,122,12,199,3,98,193,191,38,196,161,135,45,105,194,115,46,44,139,190,109,111,184,51,146,91,69,28,8,118,180,27,140,48,92,90,131,148,9,14,198,142,29,61,145,94,13,101,75,36,176,26,164,128,52,2,167,170,123,50,34,71,174,73,82,49,133,166,186,107,77,159,18,4,181,88,70,108,21,106,154,59,197,24,32,195,10,110,11,152,72,127,30,114,182,37,85,55,158,175,6,1,117,120,157,173,17,79,185,102,23,172,39,78,83,125,33,35,165,40,87,84,68,93,103,65,147,153,15,144,156,155,31,143,53,183,97,41,0,89,25,62,5,134,112,104,99,160,74,20,138,168,188,126,16,162,19,137,60,179,47,43,187,76,151,141,80,58,64,96,177,42,189,178,86,119,81,67,129,192,150,56,100,54,113,116,124,63,95,121];False
6706;7798;14504;[22,135,23,66,7,115,171,57,136,130,163,122,12,199,149,98,193,191,38,196,161,184,45,105,198,174,46,44,139,190,109,111,194,51,124,91,69,28,8,118,180,25,146,48,92,90,131,148,9,14,3,142,29,61,145,94,13,101,75,36,176,26,164,128,52,2,167,107,123,50,34,71,140,132,82,49,133,189,186,170,77,159,18,4,181,88,70,108,21,106,154,59,197,24,32,195,10,110,11,152,72,127,30,114,182,37,85,55,158,175,6,1,117,120,157,173,17,79,185,102,169,172,39,78,83,125,33,35,165,40,87,84,68,93,103,65,147,153,15,144,156,155,31,143,53,183,97,41,0,89,27,62,5,134,112,104,99,160,74,20,138,168,188,126,16,162,19,137,60,179,47,43,187,76,151,141,80,58,64,96,177,42,166,178,86,119,81,67,129,192,150,56,100,54,113,116,73,63,95,121];False
6852;7791;14643;[57,136,22,135,191,23,171,149,7,130,163,122,12,199,71,98,193,109,38,196,161,66,45,105,142,115,46,44,139,190,174,111,184,51,34,91,69,28,8,118,180,159,140,48,92,90,131,148,9,14,3,194,29,61,145,94,13,101,75,36,176,26,164,128,52,2,167,107,123,73,146,50,198,132,82,49,133,189,186,170,77,25,18,4,181,88,70,108,21,106,154,59,197,24,32,195,10,110,11,152,72,127,30,114,182,37,85,55,158,175,6,1,117,120,157,173,17,79,185,102,169,172,39,78,83,125,33,35,165,40,87,84,68,93,103,65,147,153,15,144,156,155,31,143,53,183,97,41,0,89,27,62,5,134,112,104,99,160,74,20,138,168,188,126,16,162,19,137,60,179,47,43,187,76,151,141,80,58,64,96,177,42,166,178,86,119,81,67,129,192,150,56,100,54,113,116,124,63,95,121];False
6906;7751;14657;[71,149,22,135,191,23,171,57,7,130,163,122,12,199,115,98,193,109,38,196,161,66,45,105,142,136,46,44,139,190,174,111,184,51,34,91,69,28,8,118,180,159,140,48,92,90,131,148,9,14,3,194,29,61,145,94,13,101,75,36,176,26,164,128,52,2,167,107,123,73,146,50,198,132,82,49,133,189,186,170,77,25,18,4,181,88,70,108,21,106,154,59,197,24,32,195,10,110,11,152,72,127,30,114,182,37,85,55,158,175,6,1,117,120,157,173,17,79,185,102,169,172,39,78,83,125,33,35,165,40,87,84,68,93,103,65,147,153,15,144,156,155,31,143,53,183,97,41,0,89,27,62,5,134,112,104,99,160,74,20,138,168,188,126,16,162,19,137,60,179,47,43,187,76,151,141,80,58,64,96,177,42,166,178,86,119,81,67,129,192,150,56,100,54,113,116,124,63,95,121];False
7153;7670;14823;[191,23,182,132,138,87,75,88,171,163,86,12,6,185,0,32,65,94,160,196,38,14,194,73,154,3,157,183,37,15,184,115,25,99,108,35,193,28,8,20,13,174,188,55,44,198,131,47,68,123,106,78,52,91,69,61,176,59,11,57,189,26,175,62,120,2,89,107,48,63,29,164,4,126,41,114,112,165,153,7,77,177,169,72,84,85,66,45,124,51,90,134,197,168,74,142,101,81,36,145,100,111,122,98,139,105,180,67,158,30,40,96,76,93,150,173,46,10,42,27,24,187,39,95,1,125,33,127,128,129,18,181,148,9,103,92,136,137,43,53,146,190,31,82,144,121,162,147,149,152,49,151,97,130,113,155,17,21,34,159,109,135,140,50,16,118,166,80,133,178,170,199,172,79,117,102,110,60,64,179,58,161,192,22,195,83,186,54,119,167,71,56,5,141,19,116,70,104,143,156];False
7200;7626;14826;[149,38,136,22,135,23,171,57,7,130,163,122,12,185,37,98,193,191,44,196,161,66,45,105,194,115,46,180,174,190,109,111,184,51,106,91,69,28,8,118,34,159,140,48,92,90,131,148,9,14,3,142,85,61,145,94,13,101,75,36,176,26,164,128,52,2,167,107,123,50,146,65,198,186,82,49,133,189,132,170,77,25,18,4,84,88,70,108,21,73,154,59,197,24,32,195,10,110,11,152,72,127,30,114,182,139,29,137,158,175,6,1,117,120,157,173,17,79,199,102,169,172,39,78,83,125,33,192,165,40,87,181,68,93,103,162,147,153,15,144,156,155,31,143,53,183,97,41,0,89,27,62,5,134,112,104,99,160,74,20,138,168,188,126,16,71,19,55,60,179,47,43,187,76,151,141,80,58,64,96,177,42,166,178,86,119,81,67,129,35,150,56,100,54,113,116,124,63,95,121];False
7561;7427;14988;[194,109,7,161,115,191,135,171,22,130,163,122,12,185,57,98,193,23,38,196,136,66,45,105,190,149,46,44,48,198,174,10,184,51,34,91,69,28,8,118,180,159,140,73,92,90,131,148,93,14,178,142,85,61,145,94,13,101,75,36,176,26,164,128,52,2,167,107,123,50,146,65,37,186,82,49,133,189,132,170,77,25,18,4,84,88,70,108,21,106,154,59,197,24,32,195,111,110,11,152,72,127,30,114,182,139,29,137,158,175,6,1,117,120,157,173,17,79,199,27,169,172,39,78,55,125,33,192,165,40,87,181,68,9,103,162,147,153,15,144,156,155,31,143,53,183,97,41,0,89,102,62,5,134,112,104,99,160,74,20,138,168,188,126,16,71,19,83,60,179,47,43,187,76,151,141,80,58,64,96,177,42,166,3,86,119,81,67,129,35,150,56,100,54,113,116,124,63,95,121];False
7593;7409;15002;[149,171,7,161,136,22,135,34,115,130,163,122,12,185,57,98,193,23,38,196,198,66,45,105,194,191,46,44,48,190,109,10,184,51,174,91,69,28,8,118,180,159,140,73,92,90,131,148,93,14,178,142,85,61,145,94,13,101,75,36,176,26,164,128,52,2,167,107,123,50,146,65,37,186,82,49,133,189,132,170,77,25,18,4,84,88,70,108,21,106,154,59,197,24,32,195,111,110,11,152,72,127,30,114,182,139,29,137,158,175,6,1,117,120,157,173,17,79,199,27,169,172,39,78,55,125,33,192,165,40,87,181,68,9,103,162,147,153,15,144,156,155,31,143,53,183,97,41,0,89,102,62,5,134,112,104,99,160,74,20,138,168,188,126,16,71,19,83,60,179,47,43,187,76,151,141,80,58,64,96,177,42,166,3,86,119,81,67,129,35,150,56,100,54,113,116,124,63,95,121];False
8026;7250;15276;[149,136,22,46,135,115,57,171,7,130,191,122,12,185,163,98,193,23,38,196,161,66,45,105,194,73,174,44,37,190,109,10,184,51,34,91,69,28,8,118,180,159,140,48,92,90,131,148,93,14,178,142,85,61,145,94,13,101,75,36,176,26,97,128,52,2,167,107,123,50,146,65,198,186,82,49,133,189,132,170,77,25,18,4,84,88,70,108,21,106,154,59,197,24,32,86,111,110,11,152,72,127,30,114,182,139,29,137,158,175,6,1,117,120,157,173,17,79,199,27,169,172,39,78,55,125,33,192,165,40,87,181,68,9,103,162,147,153,15,144,156,155,31,143,53,183,164,41,0,89,102,62,5,134,112,104,99,63,74,20,138,168,188,126,16,71,19,83,60,179,47,43,187,76,151,141,80,58,64,96,177,42,166,3,195,119,81,67,129,35,150,56,100,54,113,116,124,160,95,121];False
8162;7110;15272;[136,191,186,7,135,115,171,57,3,130,163,122,12,185,149,98,193,23,38,196,161,66,45,105,44,174,46,180,37,190,109,10,184,51,34,91,69,28,8,118,194,159,140,48,92,90,131,148,93,14,178,142,85,61,145,94,13,101,75,36,176,26,97,128,52,2,167,107,123,50,146,65,198,73,82,49,133,189,132,170,77,25,18,4,84,88,70,108,21,106,154,59,197,24,86,32,111,110,11,152,72,127,30,114,182,139,29,137,158,175,6,1,117,120,157,173,17,79,199,27,169,172,39,78,55,125,33,192,165,40,87,181,68,9,103,162,147,153,95,144,156,155,31,143,53,183,164,41,0,89,102,62,5,134,112,104,99,63,74,20,138,168,188,126,16,71,19,83,60,179,47,43,187,76,151,141,80,58,64,96,177,42,166,22,195,119,81,67,129,35,150,56,100,54,113,116,124,160,15,121];False
8379;6864;15243;[171,3,136,10,54,18,37,57,93,130,163,122,12,185,115,98,193,6,38,196,161,66,45,135,142,75,46,44,140,190,109,155,184,51,194,91,69,28,8,118,34,159,188,48,92,90,131,148,65,14,178,23,191,61,145,94,13,101,141,36,176,35,97,128,52,2,167,107,123,73,174,180,198,17,82,49,133,189,132,170,77,25,105,4,84,88,70,108,21,106,154,59,197,24,72,78,111,110,11,152,86,127,30,114,182,139,29,137,158,175,85,1,117,120,157,173,186,79,42,27,169,172,39,32,55,125,33,192,165,40,87,181,68,9,103,162,147,67,95,144,156,146,31,143,53,183,164,41,149,89,102,62,5,134,112,104,99,63,74,20,138,168,50,126,16,71,19,83,60,179,47,43,187,76,151,7,80,58,64,96,177,199,166,22,195,119,81,153,129,26,150,56,100,0,113,116,124,160,15,121];False
8421;6757;15178;[109,23,189,95,37,46,11,57,3,130,163,122,12,185,54,98,193,149,38,196,161,66,45,135,34,115,65,44,191,190,174,10,184,51,106,91,69,28,8,118,180,159,188,48,92,90,131,148,93,14,178,142,6,61,145,94,13,101,141,36,176,35,97,128,52,2,167,107,123,194,155,50,198,17,82,49,133,18,132,170,77,25,105,4,84,88,70,108,21,73,154,59,197,24,72,78,111,110,171,152,86,127,30,114,182,139,29,137,158,175,85,1,117,120,157,173,186,79,42,27,169,172,39,32,55,125,33,192,165,40,87,181,68,9,103,162,147,67,136,144,156,146,31,143,53,183,164,41,75,89,102,62,5,134,112,104,99,63,74,20,138,168,140,126,16,71,19,83,60,179,47,43,187,76,151,7,80,58,64,96,177,199,166,22,195,119,81,153,129,26,150,56,100,0,113,116,124,160,15,121];True
9682;6549;16231;[50,174,23,136,149,18,171,57,3,130,163,59,12,185,0,98,169,6,89,196,161,66,15,135,194,115,46,44,37,190,109,10,184,51,34,91,69,28,8,118,180,159,188,48,92,90,131,148,93,14,178,142,191,61,145,94,13,101,7,38,176,35,97,128,52,2,167,107,123,73,155,65,198,17,82,49,133,189,132,170,77,25,105,4,84,88,70,108,21,106,154,122,197,24,72,78,111,110,11,152,86,127,30,114,182,139,29,137,158,175,85,1,117,120,157,173,186,79,42,27,193,172,39,32,55,125,33,192,165,40,87,181,68,9,103,162,147,67,95,144,156,146,31,143,53,183,164,41,75,36,102,62,5,134,112,104,99,63,74,20,138,168,140,126,16,71,19,83,60,179,47,43,187,76,151,141,80,58,64,96,177,199,166,22,195,119,81,153,129,26,150,56,100,54,113,116,124,160,45,121];False
2463;8009;10472;[50,146,31,118,10,176,83,129,8,84,67,48,92,108,21,99,106,77,112,150,56,18,62,120,24,69,26,9,143,20,3,2,121,160,34,16,130,22,38,45,124,94,75,25,165,153,187,127,39,107,87,76,74,194,93,23,30,134,137,86,122,64,101,151,54,158,199,6,117,98,19,110,81,52,182,28,162,78,60,79,185,148,167,61,41,36,46,131,59,133,96,157,138,178,164,173,66,126,198,159,140,184,109,29,154,156,142,15,135,53,43,128,85,152,172,12,181,82,192,139,33,13,111,195,40,37,71,35,88,171,189,197,1,68,116,57,0,113,196,89,5,141,119,4,183,63,51,72,147,65,102,115,14,49,55,155,73,161,80,114,177,169,191,11,104,180,163,170,95,91,90,125,149,32,97,58,100,7,175,179,27,193,136,144,70,168,17,103,105,174,190,188,186,145,42,47,132,166,123,44];False
1835;8421;10256;[69,76,25,48,10,73,2,199,3,196,35,61,74,108,21,174,16,77,112,150,56,18,62,120,24,197,26,9,143,28,8,99,121,160,92,106,130,22,38,34,124,94,161,1,165,153,187,127,39,107,87,122,50,53,93,23,30,134,137,86,6,64,101,151,54,158,129,83,117,98,19,110,81,52,182,45,162,78,180,79,185,148,167,123,41,36,46,131,59,133,96,157,138,178,164,173,66,126,198,159,140,118,109,29,154,156,142,15,135,60,43,128,85,152,172,12,181,82,192,139,33,13,111,195,40,37,71,113,88,171,189,194,31,68,116,57,0,67,84,89,5,141,119,4,183,63,51,72,147,65,102,115,14,49,55,155,184,75,80,114,177,169,191,11,104,20,163,170,95,91,90,125,149,32,97,58,100,7,175,179,27,193,136,144,70,168,17,103,105,146,190,188,186,145,42,47,132,166,176,44];True
2830;7926;10756;[34,122,112,93,10,176,83,129,8,72,67,73,74,108,21,99,16,77,25,150,56,18,62,120,24,197,26,9,198,143,3,2,121,160,142,49,130,22,38,20,124,94,161,1,165,153,187,127,39,107,87,76,50,53,135,23,30,134,137,86,69,64,101,151,54,158,199,6,117,98,19,110,81,52,182,28,162,78,60,79,185,148,167,61,41,36,46,131,59,133,96,157,138,178,164,173,66,126,154,159,140,118,109,29,90,156,106,71,48,146,43,128,85,152,172,12,181,82,192,139,33,13,111,195,40,37,15,35,88,171,189,194,102,68,116,57,0,113,196,89,5,141,119,4,183,63,51,92,147,65,31,115,14,45,55,155,184,75,80,114,177,169,191,11,104,180,163,170,95,91,84,125,149,32,97,58,100,7,175,179,27,193,136,144,70,168,17,103,105,174,190,188,186,145,42,47,132,166,123,44];False
6362;7874;14236;[132,57,169,22,66,135,171,149,7,130,163,122,12,199,3,98,193,191,38,196,161,115,45,105,194,136,46,44,139,190,109,111,184,51,146,91,69,28,8,118,180,27,140,48,92,90,131,148,9,14,198,142,29,61,145,94,13,101,75,36,176,26,164,128,52,2,167,170,123,50,34,71,174,73,82,49,133,166,186,107,77,159,18,4,181,88,70,108,21,106,154,59,197,24,32,195,10,110,11,152,72,127,30,114,182,37,85,55,158,175,6,1,117,120,157,173,17,79,185,102,23,172,39,78,83,125,33,35,165,40,87,84,68,93,103,65,147,153,15,144,156,155,31,143,53,183,97,41,0,89,25,62,5,134,112,104,99,160,74,20,138,168,188,126,16,162,19,137,60,179,47,43,187,76,151,141,80,58,64,96,177,42,189,178,86,119,81,67,129,192,150,56,100,54,113,116,124,63,95,121];False
6356;7867;14223;[135,132,169,22,66,57,171,149,7,130,163,122,12,199,3,98,193,191,38,196,161,115,45,105,194,136,46,44,139,190,109,111,184,51,146,91,69,28,8,118,180,27,140,48,92,90,131,148,9,14,198,142,29,61,145,94,13,101,75,36,176,26,164,128,52,2,167,170,123,50,34,71,174,73,82,49,133,166,186,107,77,159,18,4,181,88,70,108,21,106,154,59,197,24,32,195,10,110,11,152,72,127,30,114,182,37,85,55,158,175,6,1,117,120,157,173,17,79,185,102,23,172,39,78,83,125,33,35,165,40,87,84,68,93,103,65,147,153,15,144,156,155,31,143,53,183,97,41,0,89,25,62,5,134,112,104,99,160,74,20,138,168,188,126,16,162,19,137,60,179,47,43,187,76,151,141,80,58,64,96,177,42,189,178,86,119,81,67,129,192,150,56,100,54,113,116,124,63,95,121];False
6601;7821;14422;[198,22,57,169,66,132,171,149,7,130,163,122,12,199,3,98,193,191,38,196,161,135,45,105,194,115,46,44,139,190,109,111,184,51,146,91,69,28,8,118,180,27,140,48,92,90,131,148,9,14,136,142,29,61,145,94,13,101,75,36,176,26,164,128,52,2,167,170,123,50,34,71,174,73,82,49,133,166,186,107,77,159,18,4,181,88,70,108,21,106,154,59,197,24,32,195,10,110,11,152,72,127,30,114,182,37,85,55,158,175,6,1,117,120,157,173,17,79,185,102,23,172,39,78,83,125,33,35,165,40,87,84,68,93,103,65,147,153,15,144,156,155,31,143,53,183,97,41,0,89,25,62,5,134,112,104,99,160,74,20,138,168,188,126,16,162,19,137,60,179,47,43,187,76,151,141,80,58,64,96,177,42,189,178,86,119,81,67,129,192,150,56,100,54,113,116,124,63,95,121];True
6839;7781;14620;[136,135,23,66,7,115,171,57,22,130,163,122,12,199,149,98,193,191,38,196,161,184,45,105,198,174,46,44,139,190,109,111,194,51,124,91,69,28,8,118,180,25,146,48,92,90,131,148,9,14,3,142,29,61,145,94,13,101,75,36,176,26,164,128,52,2,167,107,123,50,34,71,140,132,82,49,133,189,186,170,77,159,18,4,181,88,70,108,21,106,154,59,197,24,32,195,10,110,11,152,72,127,30,114,182,37,85,55,158,175,6,1,117,120,157,173,17,79,185,102,169,172,39,78,83,125,33,35,165,40,87,84,68,93,103,65,147,153,15,144,156,155,31,143,53,183,97,41,0,89,27,62,5,134,112,104,99,160,74,20,138,168,188,126,16,162,19,137,60,179,47,43,187,76,151,141,80,58,64,96,177,42,166,178,86,119,81,67,129,192,150,56,100,54,113,116,73,63,95,121];False
6900;7752;14652;[191,149,22,135,71,23,171,57,7,130,163,122,12,199,115,98,193,109,38,196,161,66,45,105,142,136,46,44,139,190,174,111,184,51,34,91,69,28,8,118,180,159,140,48,92,90,131,148,9,14,3,194,29,61,145,94,13,101,75,36,176,26,164,128,52,2,167,107,123,73,146,50,198,132,82,49,133,189,186,170,77,25,18,4,181,88,70,108,21,106,154,59,197,24,32,195,10,110,11,152,72,127,30,114,182,37,85,55,158,175,6,1,117,120,157,173,17,79,185,102,169,172,39,78,83,125,33,35,165,40,87,84,68,93,103,65,147,153,15,144,156,155,31,143,53,183,97,41,0,89,27,62,5,134,112,104,99,160,74,20,138,168,188,126,16,162,19,137,60,179,47,43,187,76,151,141,80,58,64,96,177,42,166,178,86,119,81,67,129,192,150,56,100,54,113,116,124,63,95,121];False
7188;7666;14854;[37,23,182,132,138,87,75,88,171,163,86,12,6,185,0,32,65,94,160,196,38,14,194,73,154,3,157,183,191,15,184,115,25,99,108,35,193,28,8,20,13,174,188,55,44,198,131,47,68,123,106,78,52,91,69,61,176,59,11,57,189,26,175,62,120,2,89,107,48,63,29,164,4,126,41,114,112,165,153,7,77,177,169,72,84,85,66,45,124,51,90,134,197,168,74,142,101,81,36,145,100,111,122,98,139,105,180,67,158,30,40,96,76,93,150,173,46,10,42,27,24,187,39,95,1,125,33,127,128,129,18,181,148,9,103,92,136,137,43,53,146,190,31,82,144,121,162,147,149,152,49,151,97,130,113,155,17,21,34,159,109,135,140,50,16,118,166,80,133,178,170,199,172,79,117,102,110,60,64,179,58,161,192,22,195,83,186,54,119,167,71,56,5,141,19,116,70,104,143,156];False
7189;7644;14833;[38,149,136,22,135,23,171,57,7,130,163,122,12,185,37,98,193,191,44,196,161,66,45,105,194,115,46,180,174,190,109,111,184,51,106,91,69,28,8,118,34,159,140,48,92,90,131,148,9,14,3,142,85,61,145,94,13,101,75,36,176,26,164,128,52,2,167,107,123,50,146,65,198,186,82,49,133,189,132,170,77,25,18,4,84,88,70,108,21,73,154,59,197,24,32,195,10,110,11,152,72,127,30,114,182,139,29,137,158,175,6,1,117,120,157,173,17,79,199,102,169,172,39,78,83,125,33,192,165,40,87,181,68,93,103,162,147,153,15,144,156,155,31,143,53,183,97,41,0,89,27,62,5,134,112,104,99,160,74,20,138,168,188,126,16,71,19,55,60,179,47,43,187,76,151,141,80,58,64,96,177,42,166,178,86,119,81,67,129,35,150,56,100,54,113,116,124,63,95,121];False
7185;7654;14839;[46,38,136,22,135,23,171,57,7,130,163,122,12,185,37,98,193,191,44,196,161,66,45,105,194,115,149,180,174,190,109,111,184,51,106,91,69,28,8,118,34,159,140,48,92,90,131,148,9,14,3,142,85,61,145,94,13,101,75,36,176,26,164,128,52,2,167,107,123,50,146,65,198,186,82,49,133,189,132,170,77,25,18,4,84,88,70,108,21,73,154,59,197,24,32,195,10,110,11,152,72,127,30,114,182,139,29,137,158,175,6,1,117,120,157,173,17,79,199,102,169,172,39,78,83,125,33,192,165,40,87,181,68,93,103,162,147,153,15,144,156,155,31,143,53,183,97,41,0,89,27,62,5,134,112,104,99,160,74,20,138,168,188,126,16,71,19,55,60,179,47,43,187,76,151,141,80,58,64,96,177,42,166,178,86,119,81,67,129,35,150,56,100,54,113,116,124,63,95,121];False
7419;7504;14923;[61,109,7,161,115,191,135,171,22,130,163,122,12,185,57,98,193,23,38,196,136,66,45,105,190,149,46,44,48,198,174,10,184,51,34,91,69,28,8,118,180,159,140,73,92,90,131,148,93,14,178,142,85,194,145,94,13,101,75,36,176,26,164,128,52,2,167,107,123,50,146,65,37,186,82,49,133,189,132,170,77,25,18,4,84,88,70,108,21,106,154,59,197,24,32,195,111,110,11,152,72,127,30,114,182,139,29,137,158,175,6,1,117,120,157,173,17,79,199,27,169,172,39,78,55,125,33,192,165,40,87,181,68,9,103,162,147,153,15,144,156,155,31,143,53,183,97,41,0,89,102,62,5,134,112,104,99,160,74,20,138,168,188,126,16,71,19,83,60,179,47,43,187,76,151,141,80,58,64,96,177,42,166,3,86,119,81,67,129,35,150,56,100,54,113,116,124,63,95,121];False
7572;7422;14994;[171,149,7,161,136,22,135,34,115,130,163,122,12,185,57,98,193,23,38,196,198,66,45,105,194,191,46,44,48,190,109,10,184,51,174,91,69,28,8,118,180,159,140,73,92,90,131,148,93,14,178,142,85,61,145,94,13,101,75,36,176,26,164,128,52,2,167,107,123,50,146,65,37,186,82,49,133,189,132,170,77,25,18,4,84,88,70,108,21,106,154,59,197,24,32,195,111,110,11,152,72,127,30,114,182,139,29,137,158,175,6,1,117,120,157,173,17,79,199,27,169,172,39,78,55,125,33,192,165,40,87,181,68,9,103,162,147,153,15,144,156,155,31,143,53,183,97,41,0,89,102,62,5,134,112,104,99,160,74,20,138,168,188,126,16,71,19,83,60,179,47,43,187,76,151,141,80,58,64,96,177,42,166,3,86,119,81,67,129,35,150,56,100,54,113,116,124,63,95,121];False
7540;7429;14969;[185,171,7,161,136,22,135,34,115,130,163,122,12,149,57,98,193,23,38,196,198,66,45,105,194,191,46,44,48,190,109,10,184,51,174,91,69,28,8,118,180,159,140,73,92,90,131,148,93,14,178,142,85,61,145,94,13,101,75,36,176,26,164,128,52,2,167,107,123,50,146,65,37,186,82,49,133,189,132,170,77,25,18,4,84,88,70,108,21,106,154,59,197,24,32,195,111,110,11,152,72,127,30,114,182,139,29,137,158,175,6,1,117,120,157,173,17,79,199,27,169,172,39,78,55,125,33,192,165,40,87,181,68,9,103,162,147,153,15,144,156,155,31,143,53,183,97,41,0,89,102,62,5,134,112,104,99,160,74,20,138,168,188,126,16,71,19,83,60,179,47,43,187,76,151,141,80,58,64,96,177,42,166,3,86,119,81,67,129,35,150,56,100,54,113,116,124,63,95,121];False
8004;7257;15261;[37,136,22,46,135,115,57,171,7,130,191,122,12,185,163,98,193,23,38,196,161,66,45,105,194,73,174,44,149,190,109,10,184,51,34,91,69,28,8,118,180,159,140,48,92,90,131,148,93,14,178,142,85,61,145,94,13,101,75,36,176,26,97,128,52,2,167,107,123,50,146,65,198,186,82,49,133,189,132,170,77,25,18,4,84,88,70,108,21,106,154,59,197,24,32,86,111,110,11,152,72,127,30,114,182,139,29,137,158,175,6,1,117,120,157,173,17,79,199,27,169,172,39,78,55,125,33,192,165,40,87,181,68,9,103,162,147,153,15,144,156,155,31,143,53,183,164,41,0,89,102,62,5,134,112,104,99,63,74,20,138,168,188,126,16,71,19,83,60,179,47,43,187,76,151,141,80,58,64,96,177,42,166,3,195,119,81,67,129,35,150,56,100,54,113,116,124,160,95,121];False
8135;7111;15246;[135,191,186,7,136,115,171,57,3,130,163,122,12,185,149,98,193,23,38,196,161,66,45,105,44,174,46,180,37,190,109,10,184,51,34,91,69,28,8,118,194,159,140,48,92,90,131,148,93,14,178,142,85,61,145,94,13,101,75,36,176,26,97,128,52,2,167,107,123,50,146,65,198,73,82,49,133,189,132,170,77,25,18,4,84,88,70,108,21,106,154,59,197,24,86,32,111,110,11,152,72,127,30,114,182,139,29,137,158,175,6,1,117,120,157,173,17,79,199,27,169,172,39,78,55,125,33,192,165,40,87,181,68,9,103,162,147,153,95,144,156,155,31,143,53,183,164,41,0,89,102,62,5,134,112,104,99,63,74,20,138,168,188,126,16,71,19,83,60,179,47,43,187,76,151,141,80,58,64,96,177,42,166,22,195,119,81,67,129,35,150,56,100,54,113,116,124,160,15,121];True
8390;6862;15252;[3,171,136,10,54,18,37,57,93,130,163,122,12,185,115,98,193,6,38,196,161,66,45,135,142,75,46,44,140,190,109,155,184,51,194,91,69,28,8,118,34,159,188,48,92,90,131,148,65,14,178,23,191,61,145,94,13,101,141,36,176,35,97,128,52,2,167,107,123,73,174,180,198,17,82,49,133,189,132,170,77,25,105,4,84,88,70,108,21,106,154,59,197,24,72,78,111,110,11,152,86,127,30,114,182,139,29,137,158,175,85,1,117,120,157,173,186,79,42,27,169,172,39,32,55,125,33,192,165,40,87,181,68,9,103,162,147,67,95,144,156,146,31,143,53,183,164,41,149,89,102,62,5,134,112,104,99,63,74,20,138,168,50,126,16,71,19,83,60,179,47,43,187,76,151,7,80,58,64,96,177,199,166,22,195,119,81,153,129,26,150,56,100,0,113,116,124,160,15,121];False
8361;6876;15237;[54,3,136,10,171,18,37,57,93,130,163,122,12,185,115,98,193,6,38,196,161,66,45,135,142,75,46,44,140,190,109,155,184,51,194,91,69,28,8,118,34,159,188,48,92,90,131,148,65,14,178,23,191,61,145,94,13,101,141,36,176,35,97,128,52,2,167,107,123,73,174,180,198,17,82,49,133,189,132,170,77,25,105,4,84,88,70,108,21,106,154,59,197,24,72,78,111,110,11,152,86,127,30,114,182,139,29,137,158,175,85,1,117,120,157,173,186,79,42,27,169,172,39,32,55,125,33,192,165,40,87,181,68,9,103,162,147,67,95,144,156,146,31,143,53,183,164,41,149,89,102,62,5,134,112,104,99,63,74,20,138,168,50,126,16,71,19,83,60,179,47,43,187,76,151,7,80,58,64,96,177,199,166,22,195,119,81,153,129,26,150,56,100,0,113,116,124,160,15,121];False
8401;6799;15200;[189,23,109,95,37,46,11,57,3,130,163,122,12,185,54,98,193,149,38,196,161,66,45,135,34,115,65,44,191,190,174,10,184,51,106,91,69,28,8,118,180,159,188,48,92,90,131,148,93,14,178,142,6,61,145,94,13,101,141,36,176,35,97,128,52,2,167,107,123,194,155,50,198,17,82,49,133,18,132,170,77,25,105,4,84,88,70,108,21,73,154,59,197,24,72,78,111,110,171,152,86,127,30,114,182,139,29,137,158,175,85,1,117,120,157,173,186,79,42,27,169,172,39,32,55,125,33,192,165,40,87,181,68,9,103,162,147,67,136,144,156,146,31,143,53,183,164,41,75,89,102,62,5,134,112,104,99,63,74,20,138,168,140,126,16,71,19,83,60,179,47,43,187,76,151,7,80,58,64,96,177,199,166,22,195,119,81,153,129,26,150,56,100,0,113,116,124,160,15,121];False
9675;6546;16221;[50,174,23,136,149,189,171,57,3,130,163,59,12,185,0,98,169,6,89,196,161,66,15,135,194,115,46,44,37,190,109,10,184,51,34,91,69,28,8,118,180,159,188,48,92,90,131,148,93,14,178,142,191,61,145,94,13,101,7,38,176,35,97,128,52,2,167,107,123,73,155,65,198,17,82,49,133,18,132,170,77,25,105,4,84,88,70,108,21,106,154,122,197,24,72,78,111,110,11,152,86,127,30,114,182,139,29,137,158,175,85,1,117,120,157,173,186,79,42,27,193,172,39,32,55,125,33,192,165,40,87,181,68,9,103,162,147,67,95,144,156,146,31,143,53,183,164,41,75,36,102,62,5,134,112,104,99,63,74,20,138,168,140,126,16,71,19,83,60,179,47,43,187,76,151,141,80,58,64,96,177,199,166,22,195,119,81,153,129,26,150,56,100,54,113,116,124,160,45,121];True
2467;7997;10464;[50,146,34,118,10,176,83,129,8,84,67,48,92,108,21,99,106,77,112,150,56,18,62,120,24,69,26,9,143,20,3,2,121,160,31,16,130,22,38,45,124,94,75,25,165,153,187,127,39,107,87,76,74,194,93,23,30,134,137,86,122,64,101,151,54,158,199,6,117,98,19,110,81,52,182,28,162,78,60,79,185,148,167,61,41,36,46,131,59,133,96,157,138,178,164,173,66,126,198,159,140,184,109,29,154,156,142,15,135,53,43,128,85,152,172,12,181,82,192,139,33,13,111,195,40,37,71,35,88,171,189,197,1,68,116,57,0,113,196,89,5,141,119,4,183,63,51,72,147,65,102,115,14,49,55,155,73,161,80,114,177,169,191,11,104,180,163,170,95,91,90,125,149,32,97,58,100,7,175,179,27,193,136,144,70,168,17,103,105,174,190,188,186,145,42,47,132,166,123,44];False
1833;8463;10296;[69,76,25,48,10,73,2,199,3,196,35,61,74,108,21,28,16,77,112,150,56,18,62,120,24,197,26,9,143,174,8,99,121,160,92,106,130,22,38,34,124,94,161,1,165,153,187,127,39,107,87,122,50,53,93,23,30,134,137,86,6,64,101,151,54,158,129,83,117,98,19,110,81,52,182,45,162,78,180,79,185,148,167,123,41,36,46,131,59,133,96,157,138,178,164,173,66,126,198,159,140,118,109,29,154,156,142,15,135,60,43,128,85,152,172,12,181,82,192,139,33,13,111,195,40,37,71,113,88,171,189,194,31,68,116,57,0,67,84,89,5,141,119,4,183,63,51,72,147,65,102,115,14,49,55,155,184,75,80,114,177,169,191,11,104,20,163,170,95,91,90,125,149,32,97,58,100,7,175,179,27,193,136,144,70,168,17,103,105,146,190,188,186,145,42,47,132,166,176,44];False
2762;7942;10704;[34,67,112,93,10,176,83,129,8,72,122,73,74,108,21,99,16,77,25,150,56,18,62,120,24,197,26,9,198,143,3,2,121,160,142,49,130,22,38,20,124,94,161,1,165,153,187,127,39,107,87,76,50,53,135,23,30,134,137,86,69,64,101,151,54,158,199,6,117,98,19,110,81,52,182,28,162,78,60,79,185,148,167,61,41,36,46,131,59,133,96,157,138,178,164,173,66,126,154,159,140,118,109,29,90,156,106,71,48,146,43,128,85,152,172,12,181,82,192,139,33,13,111,195,40,37,15,35,88,171,189,194,102,68,116,57,0,113,196,89,5,141,119,4,183,63,51,92,147,65,31,115,14,45,55,155,184,75,80,114,177,169,191,11,104,180,163,170,95,91,84,125,149,32,97,58,100,7,175,179,27,193,136,144,70,168,17,103,105,174,190,188,186,145,42,47,132,166,123,44];False
6392;7847;14239;[22,132,169,135,66,57,171,149,7,130,163,122,12,199,3,98,193,191,38,196,161,115,45,105,194,136,46,44,139,190,109,111,184,51,146,91,69,28,8,118,180,27,140,48,92,90,131,148,9,14,198,142,29,61,145,94,13,101,75,36,176,26,164,128,52,2,167,170,123,50,34,71,174,73,82,49,133,166,186,107,77,159,18,4,181,88,70,108,21,106,154,59,197,24,32,195,10,110,11,152,72,127,30,114,182,37,85,55,158,175,6,1,117,120,157,173,17,79,185,102,23,172,39,78,83,125,33,35,165,40,87,84,68,93,103,65,147,153,15,144,156,155,31,143,53,183,97,41,0,89,25,62,5,134,112,104,99,160,74,20,138,168,188,126,16,162,19,137,60,179,47,43,187,76,151,141,80,58,64,96,177,42,189,178,86,119,81,67,129,192,150,56,100,54,113,116,124,63,95,121];False
6596;7822;14418;[142,22,57,169,66,132,171,149,7,130,163,122,12,199,3,98,193,191,38,196,161,135,45,105,194,115,46,44,139,190,109,111,184,51,146,91,69,28,8,118,180,27,140,48,92,90,131,148,9,14,136,198,29,61,145,94,13,101,75,36,176,26,164,128,52,2,167,170,123,50,34,71,174,73,82,49,133,166,186,107,77,159,18,4,181,88,70,108,21,106,154,59,197,24,32,195,10,110,11,152,72,127,30,114,182,37,85,55,158,175,6,1,117,120,157,173,17,79,185,102,23,172,39,78,83,125,33,35,165,40,87,84,68,93,103,65,147,153,15,144,156,155,31,143,53,183,97,41,0,89,25,62,5,134,112,104,99,160,74,20,138,168,188,126,16,162,19,137,60,179,47,43,187,76,151,141,80,58,64,96,177,42,189,178,86,119,81,67,129,192,150,56,100,54,113,116,124,63,95,121];True
6747;7785;14532;[191,135,23,66,7,115,171,57,22,130,163,122,12,199,149,98,193,136,38,196,161,184,45,105,198,174,46,44,139,190,109,111,194,51,124,91,69,28,8,118,180,25,146,48,92,90,131,148,9,14,3,142,29,61,145,94,13,101,75,36,176,26,164,128,52,2,167,107,123,50,34,71,140,132,82,49,133,189,186,170,77,159,18,4,181,88,70,108,21,106,154,59,197,24,32,195,10,110,11,152,72,127,30,114,182,37,85,55,158,175,6,1,117,120,157,173,17,79,185,102,169,172,39,78,83,125,33,35,165,40,87,84,68,93,103,65,147,153,15,144,156,155,31,143,53,183,97,41,0,89,27,62,5,134,112,104,99,160,74,20,138,168,188,126,16,162,19,137,60,179,47,43,187,76,151,141,80,58,64,96,177,42,166,178,86,119,81,67,129,192,150,56,100,54,113,116,73,63,95,121];False
6970;7748;14718;[22,149,191,135,71,23,171,57,7,130,163,122,12,199,115,98,193,109,38,196,161,66,45,105,142,136,46,44,139,190,174,111,184,51,34,91,69,28,8,118,180,159,140,48,92,90,131,148,9,14,3,194,29,61,145,94,13,101,75,36,176,26,164,128,52,2,167,107,123,73,146,50,198,132,82,49,133,189,186,170,77,25,18,4,181,88,70,108,21,106,154,59,197,24,32,195,10,110,11,152,72,127,30,114,182,37,85,55,158,175,6,1,117,120,157,173,17,79,185,102,169,172,39,78,83,125,33,35,165,40,87,84,68,93,103,65,147,153,15,144,156,155,31,143,53,183,97,41,0,89,27,62,5,134,112,104,99,160,74,20,138,168,188,126,16,162,19,137,60,179,47,43,187,76,151,141,80,58,64,96,177,42,166,178,86,119,81,67,129,192,150,56,100,54,113,116,124,63,95,121];False
7235;7618;14853;[136,149,38,22,135,23,171,57,7,130,163,122,12,185,37,98,193,191,44,196,161,66,45,105,194,115,46,180,174,190,109,111,184,51,106,91,69,28,8,118,34,159,140,48,92,90,131,148,9,14,3,142,85,61,145,94,13,101,75,36,176,26,164,128,52,2,167,107,123,50,146,65,198,186,82,49,133,189,132,170,77,25,18,4,84,88,70,108,21,73,154,59,197,24,32,195,10,110,11,152,72,127,30,114,182,139,29,137,158,175,6,1,117,120,157,173,17,79,199,102,169,172,39,78,83,125,33,192,165,40,87,181,68,93,103,162,147,153,15,144,156,155,31,143,53,183,97,41,0,89,27,62,5,134,112,104,99,160,74,20,138,168,188,126,16,71,19,55,60,179,47,43,187,76,151,141,80,58,64,96,177,42,166,178,86,119,81,67,129,35,150,56,100,54,113,116,124,63,95,121];False
7148;7649;14797;[22,38,136,46,135,23,171,57,7,130,163,122,12,185,37,98,193,191,44,196,161,66,45,105,194,115,149,180,174,190,109,111,184,51,106,91,69,28,8,118,34,159,140,48,92,90,131,148,9,14,3,142,85,61,145,94,13,101,75,36,176,26,164,128,52,2,167,107,123,50,146,65,198,186,82,49,133,189,132,170,77,25,18,4,84,88,70,108,21,73,154,59,197,24,32,195,10,110,11,152,72,127,30,114,182,139,29,137,158,175,6,1,117,120,157,173,17,79,199,102,169,172,39,78,83,125,33,192,165,40,87,181,68,93,103,162,147,153,15,144,156,155,31,143,53,183,97,41,0,89,27,62,5,134,112,104,99,160,74,20,138,168,188,126,16,71,19,55,60,179,47,43,187,76,151,141,80,58,64,96,177,42,166,178,86,119,81,67,129,35,150,56,100,54,113,116,124,63,95,121];False
7425;7502;14927;[115,109,7,161,61,191,135,171,22,130,163,122,12,185,57,98,193,23,38,196,136,66,45,105,190,149,46,44,48,198,174,10,184,51,34,91,69,28,8,118,180,159,140,73,92,90,131,148,93,14,178,142,85,194,145,94,13,101,75,36,176,26,164,128,52,2,167,107,123,50,146,65,37,186,82,49,133,189,132,170,77,25,18,4,84,88,70,108,21,106,154,59,197,24,32,195,111,110,11,152,72,127,30,114,182,139,29,137,158,175,6,1,117,120,157,173,17,79,199,27,169,172,39,78,55,125,33,192,165,40,87,181,68,9,103,162,147,153,15,144,156,155,31,143,53,183,97,41,0,89,102,62,5,134,112,104,99,160,74,20,138,168,188,126,16,71,19,83,60,179,47,43,187,76,151,141,80,58,64,96,177,42,166,3,86,119,81,67,129,35,150,56,100,54,113,116,124,63,95,121];False
7666;7401;15067;[136,149,7,161,171,22,135,34,115,130,163,122,12,185,57,98,193,23,38,196,198,66,45,105,194,191,46,44,48,190,109,10,184,51,174,91,69,28,8,118,180,159,140,73,92,90,131,148,93,14,178,142,85,61,145,94,13,101,75,36,176,26,164,128,52,2,167,107,123,50,146,65,37,186,82,49,133,189,132,170,77,25,18,4,84,88,70,108,21,106,154,59,197,24,32,195,111,110,11,152,72,127,30,114,182,139,29,137,158,175,6,1,117,120,157,173,17,79,199,27,169,172,39,78,55,125,33,192,165,40,87,181,68,9,103,162,147,153,15,144,156,155,31,143,53,183,97,41,0,89,102,62,5,134,112,104,99,160,74,20,138,168,188,126,16,71,19,83,60,179,47,43,187,76,151,141,80,58,64,96,177,42,166,3,86,119,81,67,129,35,150,56,100,54,113,116,124,63,95,121];False
7538;7423;14961;[115,171,7,161,136,22,135,34,185,130,163,122,12,149,57,98,193,23,38,196,198,66,45,105,194,191,46,44,48,190,109,10,184,51,174,91,69,28,8,118,180,159,140,73,92,90,131,148,93,14,178,142,85,61,145,94,13,101,75,36,176,26,164,128,52,2,167,107,123,50,146,65,37,186,82,49,133,189,132,170,77,25,18,4,84,88,70,108,21,106,154,59,197,24,32,195,111,110,11,152,72,127,30,114,182,139,29,137,158,175,6,1,117,120,157,173,17,79,199,27,169,172,39,78,55,125,33,192,165,40,87,181,68,9,103,162,147,153,15,144,156,155,31,143,53,183,97,41,0,89,102,62,5,134,112,104,99,160,74,20,138,168,188,126,16,71,19,83,60,179,47,43,187,76,151,141,80,58,64,96,177,42,166,3,86,119,81,67,129,35,150,56,100,54,113,116,124,63,95,121];True
7994;7312;15306;[22,136,37,46,135,115,57,171,7,130,191,122,12,185,163,98,193,23,38,196,161,66,45,105,194,73,174,44,149,190,109,10,184,51,34,91,69,28,8,118,180,159,140,48,92,90,131,148,93,14,178,142,85,61,145,94,13,101,75,36,176,26,97,128,52,2,167,107,123,50,146,65,198,186,82,49,133,189,132,170,77,25,18,4,84,88,70,108,21,106,154,59,197,24,32,86,111,110,11,152,72,127,30,114,182,139,29,137,158,175,6,1,117,120,157,173,17,79,199,27,169,172,39,78,55,125,33,192,165,40,87,181,68,9,103,162,147,153,15,144,156,155,31,143,53,183,164,41,0,89,102,62,5,134,112,104,99,63,74,20,138,168,188,126,16,71,19,83,60,179,47,43,187,76,151,141,80,58,64,96,177,42,166,3,195,119,81,67,129,35,150,56,100,54,113,116,124,160,95,121];False
8132;7198;15330;[12,191,186,7,136,115,171,57,3,130,163,122,135,185,149,98,193,23,38,196,161,66,45,105,44,174,46,180,37,190,109,10,184,51,34,91,69,28,8,118,194,159,140,48,92,90,131,148,93,14,178,142,85,61,145,94,13,101,75,36,176,26,97,128,52,2,167,107,123,50,146,65,198,73,82,49,133,189,132,170,77,25,18,4,84,88,70,108,21,106,154,59,197,24,86,32,111,110,11,152,72,127,30,114,182,139,29,137,158,175,6,1,117,120,157,173,17,79,199,27,169,172,39,78,55,125,33,192,165,40,87,181,68,9,103,162,147,153,95,144,156,155,31,143,53,183,164,41,0,89,102,62,5,134,112,104,99,63,74,20,138,168,188,126,16,71,19,83,60,179,47,43,187,76,151,141,80,58,64,96,177,42,166,22,195,119,81,67,129,35,150,56,100,54,113,116,124,160,15,121];False
8386;6863;15249;[18,171,136,10,54,3,37,57,93,130,163,122,12,185,115,98,193,6,38,196,161,66,45,135,142,75,46,44,140,190,109,155,184,51,194,91,69,28,8,118,34,159,188,48,92,90,131,148,65,14,178,23,191,61,145,94,13,101,141,36,176,35,97,128,52,2,167,107,123,73,174,180,198,17,82,49,133,189,132,170,77,25,105,4,84,88,70,108,21,106,154,59,197,24,72,78,111,110,11,152,86,127,30,114,182,139,29,137,158,175,85,1,117,120,157,173,186,79,42,27,169,172,39,32,55,125,33,192,165,40,87,181,68,9,103,162,147,67,95,144,156,146,31,143,53,183,164,41,149,89,102,62,5,134,112,104,99,63,74,20,138,168,50,126,16,71,19,83,60,179,47,43,187,76,151,7,80,58,64,96,177,199,166,22,195,119,81,153,129,26,150,56,100,0,113,116,124,160,15,121];False
8360;6857;15217;[163,3,136,10,171,18,37,57,93,130,54,122,12,185,115,98,193,6,38,196,161,66,45,135,142,75,46,44,140,190,109,155,184,51,194,91,69,28,8,118,34,159,188,48,92,90,131,148,65,14,178,23,191,61,145,94,13,101,141,36,176,35,97,128,52,2,167,107,123,73,174,180,198,17,82,49,133,189,132,170,77,25,105,4,84,88,70,108,21,106,154,59,197,24,72,78,111,110,11,152,86,127,30,114,182,139,29,137,158,175,85,1,117,120,157,173,186,79,42,27,169,172,39,32,55,125,33,192,165,40,87,181,68,9,103,162,147,67,95,144,156,146,31,143,53,183,164,41,149,89,102,62,5,134,112,104,99,63,74,20,138,168,50,126,16,71,19,83,60,179,47,43,187,76,151,7,80,58,64,96,177,199,166,22,195,119,81,153,129,26,150,56,100,0,113,116,124,160,15,121];False
8355;6845;15200;[54,23,109,95,37,46,11,57,3,130,163,122,12,185,189,98,193,149,38,196,161,66,45,135,34,115,65,44,191,190,174,10,184,51,106,91,69,28,8,118,180,159,188,48,92,90,131,148,93,14,178,142,6,61,145,94,13,101,141,36,176,35,97,128,52,2,167,107,123,194,155,50,198,17,82,49,133,18,132,170,77,25,105,4,84,88,70,108,21,73,154,59,197,24,72,78,111,110,171,152,86,127,30,114,182,139,29,137,158,175,85,1,117,120,157,173,186,79,42,27,169,172,39,32,55,125,33,192,165,40,87,181,68,9,103,162,147,67,136,144,156,146,31,143,53,183,164,41,75,89,102,62,5,134,112,104,99,63,74,20,138,168,140,126,16,71,19,83,60,179,47,43,187,76,151,7,80,58,64,96,177,199,166,22,195,119,81,153,129,26,150,56,100,0,113,116,124,160,15,121];False
9624;6547;16171;[73,174,23,136,149,189,171,57,3,130,163,59,12,185,0,98,169,6,89,196,161,66,15,135,194,115,46,44,37,190,109,10,184,51,34,91,69,28,8,118,180,159,188,48,92,90,131,148,93,14,178,142,191,61,145,94,13,101,7,38,176,35,97,128,52,2,167,107,123,50,155,65,198,17,82,49,133,18,132,170,77,25,105,4,84,88,70,108,21,106,154,122,197,24,72,78,111,110,11,152,86,127,30,114,182,139,29,137,158,175,85,1,117,120,157,173,186,79,42,27,193,172,39,32,55,125,33,192,165,40,87,181,68,9,103,162,147,67,95,144,156,146,31,143,53,183,164,41,75,36,102,62,5,134,112,104,99,63,74,20,138,168,140,126,16,71,19,83,60,179,47,43,187,76,151,141,80,58,64,96,177,199,166,22,195,119,81,153,129,26,150,56,100,54,113,116,124,160,45,121];True
2515;7995;10510;[50,21,34,118,10,176,83,129,8,84,67,48,92,108,146,99,106,77,112,150,56,18,62,120,24,69,26,9,143,20,3,2,121,160,31,16,130,22,38,45,124,94,75,25,165,153,187,127,39,107,87,76,74,194,93,23,30,134,137,86,122,64,101,151,54,158,199,6,117,98,19,110,81,52,182,28,162,78,60,79,185,148,167,61,41,36,46,131,59,133,96,157,138,178,164,173,66,126,198,159,140,184,109,29,154,156,142,15,135,53,43,128,85,152,172,12,181,82,192,139,33,13,111,195,40,37,71,35,88,171,189,197,1,68,116,57,0,113,196,89,5,141,119,4,183,63,51,72,147,65,102,115,14,49,55,155,73,161,80,114,177,169,191,11,104,180,163,170,95,91,90,125,149,32,97,58,100,7,175,179,27,193,136,144,70,168,17,103,105,174,190,188,186,145,42,47,132,166,123,44];False
1834;8461;10295;[69,76,25,48,10,123,2,199,3,196,35,61,74,108,21,28,16,77,112,150,56,18,62,120,24,197,26,9,143,174,8,99,121,160,92,106,130,22,38,34,124,94,161,1,165,153,187,127,39,107,87,122,50,53,93,23,30,134,137,86,6,64,101,151,54,158,129,83,117,98,19,110,81,52,182,45,162,78,180,79,185,148,167,73,41,36,46,131,59,133,96,157,138,178,164,173,66,126,198,159,140,118,109,29,154,156,142,15,135,60,43,128,85,152,172,12,181,82,192,139,33,13,111,195,40,37,71,113,88,171,189,194,31,68,116,57,0,67,84,89,5,141,119,4,183,63,51,72,147,65,102,115,14,49,55,155,184,75,80,114,177,169,191,11,104,20,163,170,95,91,90,125,149,32,97,58,100,7,175,179,27,193,136,144,70,168,17,103,105,146,190,188,186,145,42,47,132,166,176,44];False
2801;7941;10742;[34,165,112,93,10,176,83,129,8,72,122,73,74,108,21,99,16,77,25,150,56,18,62,120,24,197,26,9,198,143,3,2,121,160,142,49,130,22,38,20,124,94,161,1,67,153,187,127,39,107,87,76,50,53,135,23,30,134,137,86,69,64,101,151,54,158,199,6,117,98,19,110,81,52,182,28,162,78,60,79,185,148,167,61,41,36,46,131,59,133,96,157,138,178,164,173,66,126,154,159,140,118,109,29,90,156,106,71,48,146,43,128,85,152,172,12,181,82,192,139,33,13,111,195,40,37,15,35,88,171,189,194,102,68,116,57,0,113,196,89,5,141,119,4,183,63,51,92,147,65,31,115,14,45,55,155,184,75,80,114,177,169,191,11,104,180,163,170,95,91,84,125,149,32,97,58,100,7,175,179,27,193,136,144,70,168,17,103,105,174,190,188,186,145,42,47,132,166,123,44];False
6308;7886;14194;[169,132,22,135,66,57,171,149,7,130,163,122,12,199,3,98,193,191,38,196,161,115,45,105,194,136,46,44,139,190,109,111,184,51,146,91,69,28,8,118,180,27,140,48,92,90,131,148,9,14,198,142,29,61,145,94,13,101,75,36,176,26,164,128,52,2,167,170,123,50,34,71,174,73,82,49,133,166,186,107,77,159,18,4,181,88,70,108,21,106,154,59,197,24,32,195,10,110,11,152,72,127,30,114,182,37,85,55,158,175,6,1,117,120,157,173,17,79,185,102,23,172,39,78,83,125,33,35,165,40,87,84,68,93,103,65,147,153,15,144,156,155,31,143,53,183,97,41,0,89,25,62,5,134,112,104,99,160,74,20,138,168,188,126,16,162,19,137,60,179,47,43,187,76,151,141,80,58,64,96,177,42,189,178,86,119,81,67,129,192,150,56,100,54,113,116,124,63,95,121];False
6572;7845;14417;[66,22,57,169,142,132,171,149,7,130,163,122,12,199,3,98,193,191,38,196,161,135,45,105,194,115,46,44,139,190,109,111,184,51,146,91,69,28,8,118,180,27,140,48,92,90,131,148,9,14,136,198,29,61,145,94,13,101,75,36,176,26,164,128,52,2,167,170,123,50,34,71,174,73,82,49,133,166,186,107,77,159,18,4,181,88,70,108,21,106,154,59,197,24,32,195,10,110,11,152,72,127,30,114,182,37,85,55,158,175,6,1,117,120,157,173,17,79,185,102,23,172,39,78,83,125,33,35,165,40,87,84,68,93,103,65,147,153,15,144,156,155,31,143,53,183,97,41,0,89,25,62,5,134,112,104,99,160,74,20,138,168,188,126,16,162,19,137,60,179,47,43,187,76,151,141,80,58,64,96,177,42,189,178,86,119,81,67,129,192,150,56,100,54,113,116,124,63,95,121];False
6689;7811;14500;[149,135,23,66,7,115,171,57,22,130,163,122,12,199,191,98,193,136,38,196,161,184,45,105,198,174,46,44,139,190,109,111,194,51,124,91,69,28,8,118,180,25,146,48,92,90,131,148,9,14,3,142,29,61,145,94,13,101,75,36,176,26,164,128,52,2,167,107,123,50,34,71,140,132,82,49,133,189,186,170,77,159,18,4,181,88,70,108,21,106,154,59,197,24,32,195,10,110,11,152,72,127,30,114,182,37,85,55,158,175,6,1,117,120,157,173,17,79,185,102,169,172,39,78,83,125,33,35,165,40,87,84,68,93,103,65,147,153,15,144,156,155,31,143,53,183,97,41,0,89,27,62,5,134,112,104,99,160,74,20,138,168,188,126,16,162,19,137,60,179,47,43,187,76,151,141,80,58,64,96,177,42,166,178,86,119,81,67,129,192,150,56,100,54,113,116,73,63,95,121];False
6940;7742;14682;[115,149,191,135,71,23,171,57,7,130,163,122,12,199,22,98,193,109,38,196,161,66,45,105,142,136,46,44,139,190,174,111,184,51,34,91,69,28,8,118,180,159,140,48,92,90,131,148,9,14,3,194,29,61,145,94,13,101,75,36,176,26,164,128,52,2,167,107,123,73,146,50,198,132,82,49,133,189,186,170,77,25,18,4,181,88,70,108,21,106,154,59,197,24,32,195,10,110,11,152,72,127,30,114,182,37,85,55,158,175,6,1,117,120,157,173,17,79,185,102,169,172,39,78,83,125,33,35,165,40,87,84,68,93,103,65,147,153,15,144,156,155,31,143,53,183,97,41,0,89,27,62,5,134,112,104,99,160,74,20,138,168,188,126,16,162,19,137,60,179,47,43,187,76,151,141,80,58,64,96,177,42,166,178,86,119,81,67,129,192,150,56,100,54,113,116,124,63,95,121];True
7167;7647;14814;[191,149,38,22,135,23,171,57,7,130,163,122,12,185,37,98,193,136,44,196,161,66,45,105,194,115,46,180,174,190,109,111,184,51,106,91,69,28,8,118,34,159,140,48,92,90,131,148,9,14,3,142,85,61,145,94,13,101,75,36,176,26,164,128,52,2,167,107,123,50,146,65,198,186,82,49,133,189,132,170,77,25,18,4,84,88,70,108,21,73,154,59,197,24,32,195,10,110,11,152,72,127,30,114,182,139,29,137,158,175,6,1,117,120,157,173,17,79,199,102,169,172,39,78,83,125,33,192,165,40,87,181,68,93,103,162,147,153,15,144,156,155,31,143,53,183,97,41,0,89,27,62,5,134,112,104,99,160,74,20,138,168,188,126,16,71,19,55,60,179,47,43,187,76,151,141,80,58,64,96,177,42,166,178,86,119,81,67,129,35,150,56,100,54,113,116,124,63,95,121];False
7145;7679;14824;[38,22,136,46,135,23,171,57,7,130,163,122,12,185,37,98,193,191,44,196,161,66,45,105,194,115,149,180,174,190,109,111,184,51,106,91,69,28,8,118,34,159,140,48,92,90,131,148,9,14,3,142,85,61,145,94,13,101,75,36,176,26,164,128,52,2,167,107,123,50,146,65,198,186,82,49,133,189,132,170,77,25,18,4,84,88,70,108,21,73,154,59,197,24,32,195,10,110,11,152,72,127,30,114,182,139,29,137,158,175,6,1,117,120,157,173,17,79,199,102,169,172,39,78,83,125,33,192,165,40,87,181,68,93,103,162,147,153,15,144,156,155,31,143,53,183,97,41,0,89,27,62,5,134,112,104,99,160,74,20,138,168,188,126,16,71,19,55,60,179,47,43,187,76,151,141,80,58,64,96,177,42,166,178,86,119,81,67,129,35,150,56,100,54,113,116,124,63,95,121];False
7149;7626;14775;[37,38,136,46,135,23,171,57,7,130,163,122,12,185,22,98,193,191,44,196,161,66,45,105,194,115,149,180,174,190,109,111,184,51,106,91,69,28,8,118,34,159,140,48,92,90,131,148,9,14,3,142,85,61,145,94,13,101,75,36,176,26,164,128,52,2,167,107,123,50,146,65,198,186,82,49,133,189,132,170,77,25,18,4,84,88,70,108,21,73,154,59,197,24,32,195,10,110,11,152,72,127,30,114,182,139,29,137,158,175,6,1,117,120,157,173,17,79,199,102,169,172,39,78,83,125,33,192,165,40,87,181,68,93,103,162,147,153,15,144,156,155,31,143,53,183,97,41,0,89,27,62,5,134,112,104,99,160,74,20,138,168,188,126,16,71,19,55,60,179,47,43,187,76,151,141,80,58,64,96,177,42,166,178,86,119,81,67,129,35,150,56,100,54,113,116,124,63,95,121];False
7414;7497;14911;[136,109,7,161,61,191,135,171,22,130,163,122,12,185,57,98,193,23,38,196,115,66,45,105,190,149,46,44,48,198,174,10,184,51,34,91,69,28,8,118,180,159,140,73,92,90,131,148,93,14,178,142,85,194,145,94,13,101,75,36,176,26,164,128,52,2,167,107,123,50,146,65,37,186,82,49,133,189,132,170,77,25,18,4,84,88,70,108,21,106,154,59,197,24,32,195,111,110,11,152,72,127,30,114,182,139,29,137,158,175,6,1,117,120,157,173,17,79,199,27,169,172,39,78,55,125,33,192,165,40,87,181,68,9,103,162,147,153,15,144,156,155,31,143,53,183,97,41,0,89,102,62,5,134,112,104,99,160,74,20,138,168,188,126,16,71,19,83,60,179,47,43,187,76,151,141,80,58,64,96,177,42,166,3,86,119,81,67,129,35,150,56,100,54,113,116,124,63,95,121];False
7685;7389;15074;[34,149,7,161,171,22,135,136,115,130,163,122,12,185,57,98,193,23,38,196,198,66,45,105,194,191,46,44,48,190,109,10,184,51,174,91,69,28,8,118,180,159,140,73,92,90,131,148,93,14,178,142,85,61,145,94,13,101,75,36,176,26,164,128,52,2,167,107,123,50,146,65,37,186,82,49,133,189,132,170,77,25,18,4,84,88,70,108,21,106,154,59,197,24,32,195,111,110,11,152,72,127,30,114,182,139,29,137,158,175,6,1,117,120,157,173,17,79,199,27,169,172,39,78,55,125,33,192,165,40,87,181,68,9,103,162,147,153,15,144,156,155,31,143,53,183,97,41,0,89,102,62,5,134,112,104,99,160,74,20,138,168,188,126,16,71,19,83,60,179,47,43,187,76,151,141,80,58,64,96,177,42,166,3,86,119,81,67,129,35,150,56,100,54,113,116,124,63,95,121];False
7571;7404;14975;[34,171,7,161,136,22,135,115,185,130,163,122,12,149,57,98,193,23,38,196,198,66,45,105,194,191,46,44,48,190,109,10,184,51,174,91,69,28,8,118,180,159,140,73,92,90,131,148,93,14,178,142,85,61,145,94,13,101,75,36,176,26,164,128,52,2,167,107,123,50,146,65,37,186,82,49,133,189,132,170,77,25,18,4,84,88,70,108,21,106,154,59,197,24,32,195,111,110,11,152,72,127,30,114,182,139,29,137,158,175,6,1,117,120,157,173,17,79,199,27,169,172,39,78,55,125,33,192,165,40,87,181,68,9,103,162,147,153,15,144,156,155,31,143,53,183,97,41,0,89,102,62,5,134,112,104,99,160,74,20,138,168,188,126,16,71,19,83,60,179,47,43,187,76,151,141,80,58,64,96,177,42,166,3,86,119,81,67,129,35,150,56,100,54,113,116,124,63,95,121];True
7967;7268;15235;[136,22,37,46,135,115,57,171,7,130,191,122,12,185,163,98,193,23,38,196,161,66,45,105,194,73,174,44,149,190,109,10,184,51,34,91,69,28,8,118,180,159,140,48,92,90,131,148,93,14,178,142,85,61,145,94,13,101,75,36,176,26,97,128,52,2,167,107,123,50,146,65,198,186,82,49,133,189,132,170,77,25,18,4,84,88,70,108,21,106,154,59,197,24,32,86,111,110,11,152,72,127,30,114,182,139,29,137,158,175,6,1,117,120,157,173,17,79,199,27,169,172,39,78,55,125,33,192,165,40,87,181,68,9,103,162,147,153,15,144,156,155,31,143,53,183,164,41,0,89,102,62,5,134,112,104,99,63,74,20,138,168,188,126,16,71,19,83,60,179,47,43,187,76,151,141,80,58,64,96,177,42,166,3,195,119,81,67,129,35,150,56,100,54,113,116,124,160,95,121];False
8121;7163;15284;[191,12,186,7,136,115,171,57,3,130,163,122,135,185,149,98,193,23,38,196,161,66,45,105,44,174,46,180,37,190,109,10,184,51,34,91,69,28,8,118,194,159,140,48,92,90,131,148,93,14,178,142,85,61,145,94,13,101,75,36,176,26,97,128,52,2,167,107,123,50,146,65,198,73,82,49,133,189,132,170,77,25,18,4,84,88,70,108,21,106,154,59,197,24,86,32,111,110,11,152,72,127,30,114,182,139,29,137,158,175,6,1,117,120,157,173,17,79,199,27,169,172,39,78,55,125,33,192,165,40,87,181,68,9,103,162,147,153,95,144,156,155,31,143,53,183,164,41,0,89,102,62,5,134,112,104,99,63,74,20,138,168,188,126,16,71,19,83,60,179,47,43,187,76,151,141,80,58,64,96,177,42,166,22,195,119,81,67,129,35,150,56,100,54,113,116,124,160,15,121];False
8329;6845;15174;[95,23,109,54,37,46,11,57,3,130,163,122,12,185,189,98,193,149,38,196,161,66,45,135,34,115,65,44,191,190,174,10,184,51,106,91,69,28,8,118,180,159,188,48,92,90,131,148,93,14,178,142,6,61,145,94,13,101,141,36,176,35,97,128,52,2,167,107,123,194,155,50,198,17,82,49,133,18,132,170,77,25,105,4,84,88,70,108,21,73,154,59,197,24,72,78,111,110,171,152,86,127,30,114,182,139,29,137,158,175,85,1,117,120,157,173,186,79,42,27,169,172,39,32,55,125,33,192,165,40,87,181,68,9,103,162,147,67,136,144,156,146,31,143,53,183,164,41,75,89,102,62,5,134,112,104,99,63,74,20,138,168,140,126,16,71,19,83,60,179,47,43,187,76,151,7,80,58,64,96,177,199,166,22,195,119,81,153,129,26,150,56,100,0,113,116,124,160,15,121];False
9531;6550;16081;[73,174,23,136,149,189,59,57,3,130,163,171,12,185,0,98,169,6,89,196,161,66,15,135,194,115,46,44,37,190,109,10,184,51,34,91,69,28,8,118,180,159,188,48,92,90,131,148,93,14,178,142,191,61,145,94,13,101,7,38,176,35,97,128,52,2,167,107,123,50,155,65,198,17,82,49,133,18,132,170,77,25,105,4,84,88,70,108,21,106,154,122,197,24,72,78,111,110,11,152,86,127,30,114,182,139,29,137,158,175,85,1,117,120,157,173,186,79,42,27,193,172,39,32,55,125,33,192,165,40,87,181,68,9,103,162,147,67,95,144,156,146,31,143,53,183,164,41,75,36,102,62,5,134,112,104,99,63,74,20,138,168,140,126,16,71,19,83,60,179,47,43,187,76,151,141,80,58,64,96,177,199,166,22,195,119,81,153,129,26,150,56,100,54,113,116,124,160,45,121];True
2417;8003;10420;[50,53,34,118,10,176,83,129,8,84,67,48,92,108,146,99,106,77,112,150,56,18,62,120,24,69,26,9,143,20,3,2,121,160,31,16,130,22,38,45,124,94,75,25,165,153,187,127,39,107,87,76,74,194,93,23,30,134,137,86,122,64,101,151,54,158,199,6,117,98,19,110,81,52,182,28,162,78,60,79,185,148,167,61,41,36,46,131,59,133,96,157,138,178,164,173,66,126,198,159,140,184,109,29,154,156,142,15,135,21,43,128,85,152,172,12,181,82,192,139,33,13,111,195,40,37,71,35,88,171,189,197,1,68,116,57,0,113,196,89,5,141,119,4,183,63,51,72,147,65,102,115,14,49,55,155,73,161,80,114,177,169,191,11,104,180,163,170,95,91,90,125,149,32,97,58,100,7,175,179,27,193,136,144,70,168,17,103,105,174,190,188,186,145,42,47,132,166,123,44];False
1825;8526;10351;[69,76,25,48,10,123,2,199,3,196,35,61,74,108,21,28,16,77,112,150,56,18,62,120,24,197,26,9,151,174,8,99,121,160,92,106,130,22,38,34,124,94,161,1,165,153,187,127,39,107,87,122,50,53,93,23,30,134,137,86,6,64,101,143,54,158,129,83,117,98,19,110,81,52,182,45,162,78,180,79,185,148,167,73,41,36,46,131,59,133,96,157,138,178,164,173,66,126,198,159,140,118,109,29,154,156,142,15,135,60,43,128,85,152,172,12,181,82,192,139,33,13,111,195,40,37,71,113,88,171,189,194,31,68,116,57,0,67,84,89,5,141,119,4,183,63,51,72,147,65,102,115,14,49,55,155,184,75,80,114,177,169,191,11,104,20,163,170,95,91,90,125,149,32,97,58,100,7,175,179,27,193,136,144,70,168,17,103,105,146,190,188,186,145,42,47,132,166,176,44];False
2788;7925;10713;[34,122,112,93,10,176,83,129,8,72,165,73,74,108,21,99,16,77,25,150,56,18,62,120,24,197,26,9,198,143,3,2,121,160,142,49,130,22,38,20,124,94,161,1,67,153,187,127,39,107,87,76,50,53,135,23,30,134,137,86,69,64,101,151,54,158,199,6,117,98,19,110,81,52,182,28,162,78,60,79,185,148,167,61,41,36,46,131,59,133,96,157,138,178,164,173,66,126,154,159,140,118,109,29,90,156,106,71,48,146,43,128,85,152,172,12,181,82,192,139,33,13,111,195,40,37,15,35,88,171,189,194,102,68,116,57,0,113,196,89,5,141,119,4,183,63,51,92,147,65,31,115,14,45,55,155,184,75,80,114,177,169,191,11,104,180,163,170,95,91,84,125,149,32,97,58,100,7,175,179,27,193,136,144,70,168,17,103,105,174,190,188,186,145,42,47,132,166,123,44];True
6354;7874;14228;[132,169,22,135,66,57,171,149,7,130,163,122,12,199,3,98,193,191,38,196,161,115,45,105,194,136,46,44,139,190,109,111,184,51,146,91,69,28,8,118,180,27,140,48,92,90,131,148,9,14,198,142,29,61,145,94,13,101,75,36,176,26,164,128,52,2,167,170,123,50,34,71,174,73,82,49,133,166,186,107,77,159,18,4,181,88,70,108,21,106,154,59,197,24,32,195,10,110,11,152,72,127,30,114,182,37,85,55,158,175,6,1,117,120,157,173,17,79,185,102,23,172,39,78,83,125,33,35,165,40,87,84,68,93,103,65,147,153,15,144,156,155,31,143,53,183,97,41,0,89,25,62,5,134,112,104,99,160,74,20,138,168,188,126,16,162,19,137,60,179,47,43,187,76,151,141,80,58,64,96,177,42,189,178,86,119,81,67,129,192,150,56,100,54,113,116,124,63,95,121];False
6352;7875;14227;[57,132,22,135,66,169,171,149,7,130,163,122,12,199,3,98,193,191,38,196,161,115,45,105,194,136,46,44,139,190,109,111,184,51,146,91,69,28,8,118,180,27,140,48,92,90,131,148,9,14,198,142,29,61,145,94,13,101,75,36,176,26,164,128,52,2,167,170,123,50,34,71,174,73,82,49,133,166,186,107,77,159,18,4,181,88,70,108,21,106,154,59,197,24,32,195,10,110,11,152,72,127,30,114,182,37,85,55,158,175,6,1,117,120,157,173,17,79,185,102,23,172,39,78,83,125,33,35,165,40,87,84,68,93,103,65,147,153,15,144,156,155,31,143,53,183,97,41,0,89,25,62,5,134,112,104,99,160,74,20,138,168,188,126,16,162,19,137,60,179,47,43,187,76,151,141,80,58,64,96,177,42,189,178,86,119,81,67,129,192,150,56,100,54,113,116,124,63,95,121];False
6541;7838;14379;[22,66,57,169,142,132,171,149,7,130,163,122,12,199,3,98,193,191,38,196,161,135,45,105,194,115,46,44,139,190,109,111,184,51,146,91,69,28,8,118,180,27,140,48,92,90,131,148,9,14,136,198,29,61,145,94,13,101,75,36,176,26,164,128,52,2,167,170,123,50,34,71,174,73,82,49,133,166,186,107,77,159,18,4,181,88,70,108,21,106,154,59,197,24,32,195,10,110,11,152,72,127,30,114,182,37,85,55,158,175,6,1,117,120,157,173,17,79,185,102,23,172,39,78,83,125,33,35,165,40,87,84,68,93,103,65,147,153,15,144,156,155,31,143,53,183,97,41,0,89,25,62,5,134,112,104,99,160,74,20,138,168,188,126,16,162,19,137,60,179,47,43,187,76,151,141,80,58,64,96,177,42,189,178,86,119,81,67,129,192,150,56,100,54,113,116,124,63,95,121];False
6694;7808;14502;[136,135,23,66,7,115,171,57,22,130,163,122,12,199,191,98,193,149,38,196,161,184,45,105,198,174,46,44,139,190,109,111,194,51,124,91,69,28,8,118,180,25,146,48,92,90,131,148,9,14,3,142,29,61,145,94,13,101,75,36,176,26,164,128,52,2,167,107,123,50,34,71,140,132,82,49,133,189,186,170,77,159,18,4,181,88,70,108,21,106,154,59,197,24,32,195,10,110,11,152,72,127,30,114,182,37,85,55,158,175,6,1,117,120,157,173,17,79,185,102,169,172,39,78,83,125,33,35,165,40,87,84,68,93,103,65,147,153,15,144,156,155,31,143,53,183,97,41,0,89,27,62,5,134,112,104,99,160,74,20,138,168,188,126,16,162,19,137,60,179,47,43,187,76,151,141,80,58,64,96,177,42,166,178,86,119,81,67,129,192,150,56,100,54,113,116,73,63,95,121];False
6890;7751;14641;[149,115,191,135,71,23,171,57,7,130,163,122,12,199,22,98,193,109,38,196,161,66,45,105,142,136,46,44,139,190,174,111,184,51,34,91,69,28,8,118,180,159,140,48,92,90,131,148,9,14,3,194,29,61,145,94,13,101,75,36,176,26,164,128,52,2,167,107,123,73,146,50,198,132,82,49,133,189,186,170,77,25,18,4,181,88,70,108,21,106,154,59,197,24,32,195,10,110,11,152,72,127,30,114,182,37,85,55,158,175,6,1,117,120,157,173,17,79,185,102,169,172,39,78,83,125,33,35,165,40,87,84,68,93,103,65,147,153,15,144,156,155,31,143,53,183,97,41,0,89,27,62,5,134,112,104,99,160,74,20,138,168,188,126,16,162,19,137,60,179,47,43,187,76,151,141,80,58,64,96,177,42,166,178,86,119,81,67,129,192,150,56,100,54,113,116,124,63,95,121];False
6861;7770;14631;[66,149,191,135,71,23,171,57,7,130,163,122,12,199,22,98,193,109,38,196,161,115,45,105,142,136,46,44,139,190,174,111,184,51,34,91,69,28,8,118,180,159,140,48,92,90,131,148,9,14,3,194,29,61,145,94,13,101,75,36,176,26,164,128,52,2,167,107,123,73,146,50,198,132,82,49,133,189,186,170,77,25,18,4,181,88,70,108,21,106,154,59,197,24,32,195,10,110,11,152,72,127,30,114,182,37,85,55,158,175,6,1,117,120,157,173,17,79,185,102,169,172,39,78,83,125,33,35,165,40,87,84,68,93,103,65,147,153,15,144,156,155,31,143,53,183,97,41,0,89,27,62,5,134,112,104,99,160,74,20,138,168,188,126,16,162,19,137,60,179,47,43,187,76,151,141,80,58,64,96,177,42,166,178,86,119,81,67,129,192,150,56,100,54,113,116,124,63,95,121];False
7164;7621;14785;[136,22,38,46,135,23,171,57,7,130,163,122,12,185,37,98,193,191,44,196,161,66,45,105,194,115,149,180,174,190,109,111,184,51,106,91,69,28,8,118,34,159,140,48,92,90,131,148,9,14,3,142,85,61,145,94,13,101,75,36,176,26,164,128,52,2,167,107,123,50,146,65,198,186,82,49,133,189,132,170,77,25,18,4,84,88,70,108,21,73,154,59,197,24,32,195,10,110,11,152,72,127,30,114,182,139,29,137,158,175,6,1,117,120,157,173,17,79,199,102,169,172,39,78,83,125,33,192,165,40,87,181,68,93,103,162,147,153,15,144,156,155,31,143,53,183,97,41,0,89,27,62,5,134,112,104,99,160,74,20,138,168,188,126,16,71,19,55,60,179,47,43,187,76,151,141,80,58,64,96,177,42,166,178,86,119,81,67,129,35,150,56,100,54,113,116,124,63,95,121];False
7137;7653;14790;[66,38,136,46,135,23,171,57,7,130,163,122,12,185,22,98,193,191,44,196,161,37,45,105,194,115,149,180,174,190,109,111,184,51,106,91,69,28,8,118,34,159,140,48,92,90,131,148,9,14,3,142,85,61,145,94,13,101,75,36,176,26,164,128,52,2,167,107,123,50,146,65,198,186,82,49,133,189,132,170,77,25,18,4,84,88,70,108,21,73,154,59,197,24,32,195,10,110,11,152,72,127,30,114,182,139,29,137,158,175,6,1,117,120,157,173,17,79,199,102,169,172,39,78,83,125,33,192,165,40,87,181,68,93,103,162,147,153,15,144,156,155,31,143,53,183,97,41,0,89,27,62,5,134,112,104,99,160,74,20,138,168,188,126,16,71,19,55,60,179,47,43,187,76,151,141,80,58,64,96,177,42,166,178,86,119,81,67,129,35,150,56,100,54,113,116,124,63,95,121];False
7385;7508;14893;[61,109,7,161,136,191,135,171,22,130,163,122,12,185,57,98,193,23,38,196,115,66,45,105,190,149,46,44,48,198,174,10,184,51,34,91,69,28,8,118,180,159,140,73,92,90,131,148,93,14,178,142,85,194,145,94,13,101,75,36,176,26,164,128,52,2,167,107,123,50,146,65,37,186,82,49,133,189,132,170,77,25,18,4,84,88,70,108,21,106,154,59,197,24,32,195,111,110,11,152,72,127,30,114,182,139,29,137,158,175,6,1,117,120,157,173,17,79,199,27,169,172,39,78,55,125,33,192,165,40,87,181,68,9,103,162,147,153,15,144,156,155,31,143,53,183,97,41,0,89,102,62,5,134,112,104,99,160,74,20,138,168,188,126,16,71,19,83,60,179,47,43,187,76,151,141,80,58,64,96,177,42,166,3,86,119,81,67,129,35,150,56,100,54,113,116,124,63,95,121];False
7670;7387;15057;[174,149,7,161,171,22,135,136,115,130,163,122,12,185,57,98,193,23,38,196,198,66,45,105,194,191,46,44,48,190,109,10,184,51,34,91,69,28,8,118,180,159,140,73,92,90,131,148,93,14,178,142,85,61,145,94,13,101,75,36,176,26,164,128,52,2,167,107,123,50,146,65,37,186,82,49,133,189,132,170,77,25,18,4,84,88,70,108,21,106,154,59,197,24,32,195,111,110,11,152,72,127,30,114,182,139,29,137,158,175,6,1,117,120,157,173,17,79,199,27,169,172,39,78,55,125,33,192,165,40,87,181,68,9,103,162,147,153,15,144,156,155,31,143,53,183,97,41,0,89,102,62,5,134,112,104,99,160,74,20,138,168,188,126,16,71,19,83,60,179,47,43,187,76,151,141,80,58,64,96,177,42,166,3,86,119,81,67,129,35,150,56,100,54,113,116,124,63,95,121];False
7601;7400;15001;[174,171,7,161,136,22,135,115,185,130,163,122,12,149,57,98,193,23,38,196,198,66,45,105,194,191,46,44,48,190,109,10,184,51,34,91,69,28,8,118,180,159,140,73,92,90,131,148,93,14,178,142,85,61,145,94,13,101,75,36,176,26,164,128,52,2,167,107,123,50,146,65,37,186,82,49,133,189,132,170,77,25,18,4,84,88,70,108,21,106,154,59,197,24,32,195,111,110,11,152,72,127,30,114,182,139,29,137,158,175,6,1,117,120,157,173,17,79,199,27,169,172,39,78,55,125,33,192,165,40,87,181,68,9,103,162,147,153,15,144,156,155,31,143,53,183,97,41,0,89,102,62,5,134,112,104,99,160,74,20,138,168,188,126,16,71,19,83,60,179,47,43,187,76,151,141,80,58,64,96,177,42,166,3,86,119,81,67,129,35,150,56,100,54,113,116,124,63,95,121];True
7899;7313;15212;[98,22,37,46,135,115,57,171,7,130,191,122,12,185,163,136,193,23,38,196,161,66,45,105,194,73,174,44,149,190,109,10,184,51,34,91,69,28,8,118,180,159,140,48,92,90,131,148,93,14,178,142,85,61,145,94,13,101,75,36,176,26,97,128,52,2,167,107,123,50,146,65,198,186,82,49,133,189,132,170,77,25,18,4,84,88,70,108,21,106,154,59,197,24,32,86,111,110,11,152,72,127,30,114,182,139,29,137,158,175,6,1,117,120,157,173,17,79,199,27,169,172,39,78,55,125,33,192,165,40,87,181,68,9,103,162,147,153,15,144,156,155,31,143,53,183,164,41,0,89,102,62,5,134,112,104,99,63,74,20,138,168,188,126,16,71,19,83,60,179,47,43,187,76,151,141,80,58,64,96,177,42,166,3,195,119,81,67,129,35,150,56,100,54,113,116,124,160,95,121];False
8100;7193;15293;[130,12,186,7,136,115,171,57,3,191,163,122,135,185,149,98,193,23,38,196,161,66,45,105,44,174,46,180,37,190,109,10,184,51,34,91,69,28,8,118,194,159,140,48,92,90,131,148,93,14,178,142,85,61,145,94,13,101,75,36,176,26,97,128,52,2,167,107,123,50,146,65,198,73,82,49,133,189,132,170,77,25,18,4,84,88,70,108,21,106,154,59,197,24,86,32,111,110,11,152,72,127,30,114,182,139,29,137,158,175,6,1,117,120,157,173,17,79,199,27,169,172,39,78,55,125,33,192,165,40,87,181,68,9,103,162,147,153,95,144,156,155,31,143,53,183,164,41,0,89,102,62,5,134,112,104,99,63,74,20,138,168,188,126,16,71,19,83,60,179,47,43,187,76,151,141,80,58,64,96,177,42,166,22,195,119,81,67,129,35,150,56,100,54,113,116,124,160,15,121];False
8372;6823;15195;[23,95,109,54,37,46,11,57,3,130,163,122,12,185,189,98,193,149,38,196,161,66,45,135,34,115,65,44,191,190,174,10,184,51,106,91,69,28,8,118,180,159,188,48,92,90,131,148,93,14,178,142,6,61,145,94,13,101,141,36,176,35,97,128,52,2,167,107,123,194,155,50,198,17,82,49,133,18,132,170,77,25,105,4,84,88,70,108,21,73,154,59,197,24,72,78,111,110,171,152,86,127,30,114,182,139,29,137,158,175,85,1,117,120,157,173,186,79,42,27,169,172,39,32,55,125,33,192,165,40,87,181,68,9,103,162,147,67,136,144,156,146,31,143,53,183,164,41,75,89,102,62,5,134,112,104,99,63,74,20,138,168,140,126,16,71,19,83,60,179,47,43,187,76,151,7,80,58,64,96,177,199,166,22,195,119,81,153,129,26,150,56,100,0,113,116,124,160,15,121];False
8372;6805;15177;[109,23,95,54,37,46,11,57,3,130,163,122,12,185,189,98,193,149,38,196,161,66,45,135,34,115,65,44,191,190,174,10,184,51,106,91,69,28,8,118,180,159,188,48,92,90,131,148,93,14,178,142,6,61,145,94,13,101,141,36,176,35,97,128,52,2,167,107,123,194,155,50,198,17,82,49,133,18,132,170,77,25,105,4,84,88,70,108,21,73,154,59,197,24,72,78,111,110,171,152,86,127,30,114,182,139,29,137,158,175,85,1,117,120,157,173,186,79,42,27,169,172,39,32,55,125,33,192,165,40,87,181,68,9,103,162,147,67,136,144,156,146,31,143,53,183,164,41,75,89,102,62,5,134,112,104,99,63,74,20,138,168,140,126,16,71,19,83,60,179,47,43,187,76,151,7,80,58,64,96,177,199,166,22,195,119,81,153,129,26,150,56,100,0,113,116,124,160,15,121];False
9582;6549;16131;[50,174,23,136,149,189,59,57,3,130,163,171,12,185,0,98,169,6,89,196,161,66,15,135,194,115,46,44,37,190,109,10,184,51,34,91,69,28,8,118,180,159,188,48,92,90,131,148,93,14,178,142,191,61,145,94,13,101,7,38,176,35,97,128,52,2,167,107,123,73,155,65,198,17,82,49,133,18,132,170,77,25,105,4,84,88,70,108,21,106,154,122,197,24,72,78,111,110,11,152,86,127,30,114,182,139,29,137,158,175,85,1,117,120,157,173,186,79,42,27,193,172,39,32,55,125,33,192,165,40,87,181,68,9,103,162,147,67,95,144,156,146,31,143,53,183,164,41,75,36,102,62,5,134,112,104,99,63,74,20,138,168,140,126,16,71,19,83,60,179,47,43,187,76,151,141,80,58,64,96,177,199,166,22,195,119,81,153,129,26,150,56,100,54,113,116,124,160,45,121];True
2499;7988;10487;[50,53,72,118,10,176,83,129,8,84,67,48,92,108,146,99,106,77,112,150,56,18,62,120,24,69,26,9,143,20,3,2,121,160,31,16,130,22,38,45,124,94,75,25,165,153,187,127,39,107,87,76,74,194,93,23,30,134,137,86,122,64,101,151,54,158,199,6,117,98,19,110,81,52,182,28,162,78,60,79,185,148,167,61,41,36,46,131,59,133,96,157,138,178,164,173,66,126,198,159,140,184,109,29,154,156,142,15,135,21,43,128,85,152,172,12,181,82,192,139,33,13,111,195,40,37,71,35,88,171,189,197,1,68,116,57,0,113,196,89,5,141,119,4,183,63,51,34,147,65,102,115,14,49,55,155,73,161,80,114,177,169,191,11,104,180,163,170,95,91,90,125,149,32,97,58,100,7,175,179,27,193,136,144,70,168,17,103,105,174,190,188,186,145,42,47,132,166,123,44];False
1824;8528;10352;[69,76,25,48,10,73,2,199,3,196,35,61,74,108,21,28,16,77,112,150,56,18,62,120,24,197,26,9,151,174,8,99,121,160,92,106,130,22,38,34,124,94,161,1,165,153,187,127,39,107,87,122,50,53,93,23,30,134,137,86,6,64,101,143,54,158,129,83,117,98,19,110,81,52,182,45,162,78,180,79,185,148,167,123,41,36,46,131,59,133,96,157,138,178,164,173,66,126,198,159,140,118,109,29,154,156,142,15,135,60,43,128,85,152,172,12,181,82,192,139,33,13,111,195,40,37,71,113,88,171,189,194,31,68,116,57,0,67,84,89,5,141,119,4,183,63,51,72,147,65,102,115,14,49,55,155,184,75,80,114,177,169,191,11,104,20,163,170,95,91,90,125,149,32,97,58,100,7,175,179,27,193,136,144,70,168,17,103,105,146,190,188,186,145,42,47,132,166,176,44];False
2719;7944;10663;[20,122,112,93,10,176,83,129,8,72,165,73,74,108,21,99,16,77,25,150,56,18,62,120,24,197,26,9,198,143,3,2,121,160,142,49,130,22,38,34,124,94,161,1,67,153,187,127,39,107,87,76,50,53,135,23,30,134,137,86,69,64,101,151,54,158,199,6,117,98,19,110,81,52,182,28,162,78,60,79,185,148,167,61,41,36,46,131,59,133,96,157,138,178,164,173,66,126,154,159,140,118,109,29,90,156,106,71,48,146,43,128,85,152,172,12,181,82,192,139,33,13,111,195,40,37,15,35,88,171,189,194,102,68,116,57,0,113,196,89,5,141,119,4,183,63,51,92,147,65,31,115,14,45,55,155,184,75,80,114,177,169,191,11,104,180,163,170,95,91,84,125,149,32,97,58,100,7,175,179,27,193,136,144,70,168,17,103,105,174,190,188,186,145,42,47,132,166,123,44];True
6305;7870;14175;[66,169,22,135,132,57,171,149,7,130,163,122,12,199,3,98,193,191,38,196,161,115,45,105,194,136,46,44,139,190,109,111,184,51,146,91,69,28,8,118,180,27,140,48,92,90,131,148,9,14,198,142,29,61,145,94,13,101,75,36,176,26,164,128,52,2,167,170,123,50,34,71,174,73,82,49,133,166,186,107,77,159,18,4,181,88,70,108,21,106,154,59,197,24,32,195,10,110,11,152,72,127,30,114,182,37,85,55,158,175,6,1,117,120,157,173,17,79,185,102,23,172,39,78,83,125,33,35,165,40,87,84,68,93,103,65,147,153,15,144,156,155,31,143,53,183,97,41,0,89,25,62,5,134,112,104,99,160,74,20,138,168,188,126,16,162,19,137,60,179,47,43,187,76,151,141,80,58,64,96,177,42,189,178,86,119,81,67,129,192,150,56,100,54,113,116,124,63,95,121];False
6495;7842;14337;[132,66,57,169,142,22,171,149,7,130,163,122,12,199,3,98,193,191,38,196,161,135,45,105,194,115,46,44,139,190,109,111,184,51,146,91,69,28,8,118,180,27,140,48,92,90,131,148,9,14,136,198,29,61,145,94,13,101,75,36,176,26,164,128,52,2,167,170,123,50,34,71,174,73,82,49,133,166,186,107,77,159,18,4,181,88,70,108,21,106,154,59,197,24,32,195,10,110,11,152,72,127,30,114,182,37,85,55,158,175,6,1,117,120,157,173,17,79,185,102,23,172,39,78,83,125,33,35,165,40,87,84,68,93,103,65,147,153,15,144,156,155,31,143,53,183,97,41,0,89,25,62,5,134,112,104,99,160,74,20,138,168,188,126,16,162,19,137,60,179,47,43,187,76,151,141,80,58,64,96,177,42,189,178,86,119,81,67,129,192,150,56,100,54,113,116,124,63,95,121];False
6561;7825;14386;[22,135,23,66,7,115,171,57,136,130,163,122,12,199,191,98,193,149,38,196,161,184,45,105,198,174,46,44,139,190,109,111,194,51,124,91,69,28,8,118,180,25,146,48,92,90,131,148,9,14,3,142,29,61,145,94,13,101,75,36,176,26,164,128,52,2,167,107,123,50,34,71,140,132,82,49,133,189,186,170,77,159,18,4,181,88,70,108,21,106,154,59,197,24,32,195,10,110,11,152,72,127,30,114,182,37,85,55,158,175,6,1,117,120,157,173,17,79,185,102,169,172,39,78,83,125,33,35,165,40,87,84,68,93,103,65,147,153,15,144,156,155,31,143,53,183,97,41,0,89,27,62,5,134,112,104,99,160,74,20,138,168,188,126,16,162,19,137,60,179,47,43,187,76,151,141,80,58,64,96,177,42,166,178,86,119,81,67,129,192,150,56,100,54,113,116,73,63,95,121];False
6831;7779;14610;[57,115,191,135,71,23,171,149,7,130,163,122,12,199,22,98,193,109,38,196,161,66,45,105,142,136,46,44,139,190,174,111,184,51,34,91,69,28,8,118,180,159,140,48,92,90,131,148,9,14,3,194,29,61,145,94,13,101,75,36,176,26,164,128,52,2,167,107,123,73,146,50,198,132,82,49,133,189,186,170,77,25,18,4,181,88,70,108,21,106,154,59,197,24,32,195,10,110,11,152,72,127,30,114,182,37,85,55,158,175,6,1,117,120,157,173,17,79,185,102,169,172,39,78,83,125,33,35,165,40,87,84,68,93,103,65,147,153,15,144,156,155,31,143,53,183,97,41,0,89,27,62,5,134,112,104,99,160,74,20,138,168,188,126,16,162,19,137,60,179,47,43,187,76,151,141,80,58,64,96,177,42,166,178,86,119,81,67,129,192,150,56,100,54,113,116,124,63,95,121];False
6847;7759;14606;[149,66,191,135,71,23,171,57,7,130,163,122,12,199,22,98,193,109,38,196,161,115,45,105,142,136,46,44,139,190,174,111,184,51,34,91,69,28,8,118,180,159,140,48,92,90,131,148,9,14,3,194,29,61,145,94,13,101,75,36,176,26,164,128,52,2,167,107,123,73,146,50,198,132,82,49,133,189,186,170,77,25,18,4,181,88,70,108,21,106,154,59,197,24,32,195,10,110,11,152,72,127,30,114,182,37,85,55,158,175,6,1,117,120,157,173,17,79,185,102,169,172,39,78,83,125,33,35,165,40,87,84,68,93,103,65,147,153,15,144,156,155,31,143,53,183,97,41,0,89,27,62,5,134,112,104,99,160,74,20,138,168,188,126,16,162,19,137,60,179,47,43,187,76,151,141,80,58,64,96,177,42,166,178,86,119,81,67,129,192,150,56,100,54,113,116,124,63,95,121];False
7188;7614;14802;[180,22,38,46,135,23,171,57,7,130,163,122,12,185,37,98,193,191,44,196,161,66,45,105,194,115,149,136,174,190,109,111,184,51,106,91,69,28,8,118,34,159,140,48,92,90,131,148,9,14,3,142,85,61,145,94,13,101,75,36,176,26,164,128,52,2,167,107,123,50,146,65,198,186,82,49,133,189,132,170,77,25,18,4,84,88,70,108,21,73,154,59,197,24,32,195,10,110,11,152,72,127,30,114,182,139,29,137,158,175,6,1,117,120,157,173,17,79,199,102,169,172,39,78,83,125,33,192,165,40,87,181,68,93,103,162,147,153,15,144,156,155,31,143,53,183,97,41,0,89,27,62,5,134,112,104,99,160,74,20,138,168,188,126,16,71,19,55,60,179,47,43,187,76,151,141,80,58,64,96,177,42,166,178,86,119,81,67,129,35,150,56,100,54,113,116,124,63,95,121];False
7119;7660;14779;[23,38,136,46,135,66,171,57,7,130,163,122,12,185,22,98,193,191,44,196,161,37,45,105,194,115,149,180,174,190,109,111,184,51,106,91,69,28,8,118,34,159,140,48,92,90,131,148,9,14,3,142,85,61,145,94,13,101,75,36,176,26,164,128,52,2,167,107,123,50,146,65,198,186,82,49,133,189,132,170,77,25,18,4,84,88,70,108,21,73,154,59,197,24,32,195,10,110,11,152,72,127,30,114,182,139,29,137,158,175,6,1,117,120,157,173,17,79,199,102,169,172,39,78,83,125,33,192,165,40,87,181,68,93,103,162,147,153,15,144,156,155,31,143,53,183,97,41,0,89,27,62,5,134,112,104,99,160,74,20,138,168,188,126,16,71,19,55,60,179,47,43,187,76,151,141,80,58,64,96,177,42,166,178,86,119,81,67,129,35,150,56,100,54,113,116,124,63,95,121];False
7457;7484;14941;[109,61,7,161,136,191,135,171,22,130,163,122,12,185,57,98,193,23,38,196,115,66,45,105,190,149,46,44,48,198,174,10,184,51,34,91,69,28,8,118,180,159,140,73,92,90,131,148,93,14,178,142,85,194,145,94,13,101,75,36,176,26,164,128,52,2,167,107,123,50,146,65,37,186,82,49,133,189,132,170,77,25,18,4,84,88,70,108,21,106,154,59,197,24,32,195,111,110,11,152,72,127,30,114,182,139,29,137,158,175,6,1,117,120,157,173,17,79,199,27,169,172,39,78,55,125,33,192,165,40,87,181,68,9,103,162,147,153,15,144,156,155,31,143,53,183,97,41,0,89,102,62,5,134,112,104,99,160,74,20,138,168,188,126,16,71,19,83,60,179,47,43,187,76,151,141,80,58,64,96,177,42,166,3,86,119,81,67,129,35,150,56,100,54,113,116,124,63,95,121];False
7357;7562;14919;[185,109,7,161,136,191,135,171,22,130,163,122,12,61,57,98,193,23,38,196,115,66,45,105,190,149,46,44,48,198,174,10,184,51,34,91,69,28,8,118,180,159,140,73,92,90,131,148,93,14,178,142,85,194,145,94,13,101,75,36,176,26,164,128,52,2,167,107,123,50,146,65,37,186,82,49,133,189,132,170,77,25,18,4,84,88,70,108,21,106,154,59,197,24,32,195,111,110,11,152,72,127,30,114,182,139,29,137,158,175,6,1,117,120,157,173,17,79,199,27,169,172,39,78,55,125,33,192,165,40,87,181,68,9,103,162,147,153,15,144,156,155,31,143,53,183,97,41,0,89,102,62,5,134,112,104,99,160,74,20,138,168,188,126,16,71,19,83,60,179,47,43,187,76,151,141,80,58,64,96,177,42,166,3,86,119,81,67,129,35,150,56,100,54,113,116,124,63,95,121];False
7779;7375;15154;[78,149,7,161,171,22,135,136,115,130,163,122,12,185,57,98,193,23,38,196,198,66,45,105,194,191,46,44,48,190,109,10,184,51,34,91,69,28,8,118,180,159,140,73,92,90,131,148,93,14,178,142,85,61,145,94,13,101,75,36,176,26,164,128,52,2,167,107,123,50,146,65,37,186,82,49,133,189,132,170,77,25,18,4,84,88,70,108,21,106,154,59,197,24,32,195,111,110,11,152,72,127,30,114,182,139,29,137,158,175,6,1,117,120,157,173,17,79,199,27,169,172,39,174,55,125,33,192,165,40,87,181,68,9,103,162,147,153,15,144,156,155,31,143,53,183,97,41,0,89,102,62,5,134,112,104,99,160,74,20,138,168,188,126,16,71,19,83,60,179,47,43,187,76,151,141,80,58,64,96,177,42,166,3,86,119,81,67,129,35,150,56,100,54,113,116,124,63,95,121];False
7653;7362;15015;[78,171,7,161,136,22,135,115,185,130,163,122,12,149,57,98,193,23,38,196,198,66,45,105,194,191,46,44,48,190,109,10,184,51,34,91,69,28,8,118,180,159,140,73,92,90,131,148,93,14,178,142,85,61,145,94,13,101,75,36,176,26,164,128,52,2,167,107,123,50,146,65,37,186,82,49,133,189,132,170,77,25,18,4,84,88,70,108,21,106,154,59,197,24,32,195,111,110,11,152,72,127,30,114,182,139,29,137,158,175,6,1,117,120,157,173,17,79,199,27,169,172,39,174,55,125,33,192,165,40,87,181,68,9,103,162,147,153,15,144,156,155,31,143,53,183,97,41,0,89,102,62,5,134,112,104,99,160,74,20,138,168,188,126,16,71,19,83,60,179,47,43,187,76,151,141,80,58,64,96,177,42,166,3,86,119,81,67,129,35,150,56,100,54,113,116,124,63,95,121];True
7898;7322;15220;[57,22,37,46,135,115,98,171,7,130,191,122,12,185,163,136,193,23,38,196,161,66,45,105,194,73,174,44,149,190,109,10,184,51,34,91,69,28,8,118,180,159,140,48,92,90,131,148,93,14,178,142,85,61,145,94,13,101,75,36,176,26,97,128,52,2,167,107,123,50,146,65,198,186,82,49,133,189,132,170,77,25,18,4,84,88,70,108,21,106,154,59,197,24,32,86,111,110,11,152,72,127,30,114,182,139,29,137,158,175,6,1,117,120,157,173,17,79,199,27,169,172,39,78,55,125,33,192,165,40,87,181,68,9,103,162,147,153,15,144,156,155,31,143,53,183,164,41,0,89,102,62,5,134,112,104,99,63,74,20,138,168,188,126,16,71,19,83,60,179,47,43,187,76,151,141,80,58,64,96,177,42,166,3,195,119,81,67,129,35,150,56,100,54,113,116,124,160,95,121];False
8054;7207;15261;[3,12,186,7,136,115,171,57,130,191,163,122,135,185,149,98,193,23,38,196,161,66,45,105,44,174,46,180,37,190,109,10,184,51,34,91,69,28,8,118,194,159,140,48,92,90,131,148,93,14,178,142,85,61,145,94,13,101,75,36,176,26,97,128,52,2,167,107,123,50,146,65,198,73,82,49,133,189,132,170,77,25,18,4,84,88,70,108,21,106,154,59,197,24,86,32,111,110,11,152,72,127,30,114,182,139,29,137,158,175,6,1,117,120,157,173,17,79,199,27,169,172,39,78,55,125,33,192,165,40,87,181,68,9,103,162,147,153,95,144,156,155,31,143,53,183,164,41,0,89,102,62,5,134,112,104,99,63,74,20,138,168,188,126,16,71,19,83,60,179,47,43,187,76,151,141,80,58,64,96,177,42,166,22,195,119,81,67,129,35,150,56,100,54,113,116,124,160,15,121];False
8371;6826;15197;[23,109,95,54,37,46,11,57,3,130,163,122,12,185,189,98,193,149,38,196,161,66,45,135,34,115,65,44,191,190,174,10,184,51,106,91,69,28,8,118,180,159,188,48,92,90,131,148,93,14,178,142,6,61,145,94,13,101,141,36,176,35,97,128,52,2,167,107,123,194,155,50,198,17,82,49,133,18,132,170,77,25,105,4,84,88,70,108,21,73,154,59,197,24,72,78,111,110,171,152,86,127,30,114,182,139,29,137,158,175,85,1,117,120,157,173,186,79,42,27,169,172,39,32,55,125,33,192,165,40,87,181,68,9,103,162,147,67,136,144,156,146,31,143,53,183,164,41,75,89,102,62,5,134,112,104,99,63,74,20,138,168,140,126,16,71,19,83,60,179,47,43,187,76,151,7,80,58,64,96,177,199,166,22,195,119,81,153,129,26,150,56,100,0,113,116,124,160,15,121];False
8359;6842;15201;[161,23,95,54,37,46,11,57,3,130,163,122,12,185,189,98,193,149,38,196,109,66,45,135,34,115,65,44,191,190,174,10,184,51,106,91,69,28,8,118,180,159,188,48,92,90,131,148,93,14,178,142,6,61,145,94,13,101,141,36,176,35,97,128,52,2,167,107,123,194,155,50,198,17,82,49,133,18,132,170,77,25,105,4,84,88,70,108,21,73,154,59,197,24,72,78,111,110,171,152,86,127,30,114,182,139,29,137,158,175,85,1,117,120,157,173,186,79,42,27,169,172,39,32,55,125,33,192,165,40,87,181,68,9,103,162,147,67,136,144,156,146,31,143,53,183,164,41,75,89,102,62,5,134,112,104,99,63,74,20,138,168,140,126,16,71,19,83,60,179,47,43,187,76,151,7,80,58,64,96,177,199,166,22,195,119,81,153,129,26,150,56,100,0,113,116,124,160,15,121];False
9456;6561;16017;[50,174,23,142,149,189,59,57,3,130,163,171,12,185,0,98,169,6,89,196,161,66,15,135,194,115,46,44,37,190,109,10,184,51,34,91,69,28,8,118,180,159,188,48,92,90,131,148,93,14,178,136,191,61,145,94,13,101,7,38,176,35,97,128,52,2,167,107,123,73,155,65,198,17,82,49,133,18,132,170,77,25,105,4,84,88,70,108,21,106,154,122,197,24,72,78,111,110,11,152,86,127,30,114,182,139,29,137,158,175,85,1,117,120,157,173,186,79,42,27,193,172,39,32,55,125,33,192,165,40,87,181,68,9,103,162,147,67,95,144,156,146,31,143,53,183,164,41,75,36,102,62,5,134,112,104,99,63,74,20,138,168,140,126,16,71,19,83,60,179,47,43,187,76,151,141,80,58,64,96,177,199,166,22,195,119,81,153,129,26,150,56,100,54,113,116,124,160,45,121];True
2531;7985;10516;[50,21,72,118,10,176,83,129,8,84,67,48,92,108,146,99,106,77,112,150,56,18,62,120,24,69,26,9,143,20,3,2,121,160,31,16,130,22,38,45,124,94,75,25,165,153,187,127,39,107,87,76,74,194,93,23,30,134,137,86,122,64,101,151,54,158,199,6,117,98,19,110,81,52,182,28,162,78,60,79,185,148,167,61,41,36,46,131,59,133,96,157,138,178,164,173,66,126,198,159,140,184,109,29,154,156,142,15,135,53,43,128,85,152,172,12,181,82,192,139,33,13,111,195,40,37,71,35,88,171,189,197,1,68,116,57,0,113,196,89,5,141,119,4,183,63,51,34,147,65,102,115,14,49,55,155,73,161,80,114,177,169,191,11,104,180,163,170,95,91,90,125,149,32,97,58,100,7,175,179,27,193,136,144,70,168,17,103,105,174,190,188,186,145,42,47,132,166,123,44];False
1825;8482;10307;[69,76,25,48,10,73,2,199,3,196,35,61,74,108,21,174,16,77,112,150,56,18,62,120,24,197,26,9,151,28,8,99,121,160,92,106,130,22,38,34,124,94,161,1,165,153,187,127,39,107,87,122,50,53,93,23,30,134,137,86,6,64,101,143,54,158,129,83,117,98,19,110,81,52,182,45,162,78,180,79,185,148,167,123,41,36,46,131,59,133,96,157,138,178,164,173,66,126,198,159,140,118,109,29,154,156,142,15,135,60,43,128,85,152,172,12,181,82,192,139,33,13,111,195,40,37,71,113,88,171,189,194,31,68,116,57,0,67,84,89,5,141,119,4,183,63,51,72,147,65,102,115,14,49,55,155,184,75,80,114,177,169,191,11,104,20,163,170,95,91,90,125,149,32,97,58,100,7,175,179,27,193,136,144,70,168,17,103,105,146,190,188,186,145,42,47,132,166,176,44];True
2805;7923;10728;[90,122,112,93,10,176,83,129,8,72,165,73,74,108,21,99,16,77,25,150,56,18,62,120,24,197,26,9,198,143,3,2,121,160,142,49,130,22,38,34,124,94,161,1,67,153,187,127,39,107,87,76,50,53,135,23,30,134,137,86,69,64,101,151,54,158,199,6,117,98,19,110,81,52,182,28,162,78,60,79,185,148,167,61,41,36,46,131,59,133,96,157,138,178,164,173,66,126,154,159,140,118,109,29,20,156,106,71,48,146,43,128,85,152,172,12,181,82,192,139,33,13,111,195,40,37,15,35,88,171,189,194,102,68,116,57,0,113,196,89,5,141,119,4,183,63,51,92,147,65,31,115,14,45,55,155,184,75,80,114,177,169,191,11,104,180,163,170,95,91,84,125,149,32,97,58,100,7,175,179,27,193,136,144,70,168,17,103,105,174,190,188,186,145,42,47,132,166,123,44];True
6363;7859;14222;[22,169,66,135,132,57,171,149,7,130,163,122,12,199,3,98,193,191,38,196,161,115,45,105,194,136,46,44,139,190,109,111,184,51,146,91,69,28,8,118,180,27,140,48,92,90,131,148,9,14,198,142,29,61,145,94,13,101,75,36,176,26,164,128,52,2,167,170,123,50,34,71,174,73,82,49,133,166,186,107,77,159,18,4,181,88,70,108,21,106,154,59,197,24,32,195,10,110,11,152,72,127,30,114,182,37,85,55,158,175,6,1,117,120,157,173,17,79,185,102,23,172,39,78,83,125,33,35,165,40,87,84,68,93,103,65,147,153,15,144,156,155,31,143,53,183,97,41,0,89,25,62,5,134,112,104,99,160,74,20,138,168,188,126,16,162,19,137,60,179,47,43,187,76,151,141,80,58,64,96,177,42,189,178,86,119,81,67,129,192,150,56,100,54,113,116,124,63,95,121];False
6477;7824;14301;[66,132,57,169,142,22,171,149,7,130,163,122,12,199,3,98,193,191,38,196,161,135,45,105,194,115,46,44,139,190,109,111,184,51,146,91,69,28,8,118,180,27,140,48,92,90,131,148,9,14,136,198,29,61,145,94,13,101,75,36,176,26,164,128,52,2,167,170,123,50,34,71,174,73,82,49,133,166,186,107,77,159,18,4,181,88,70,108,21,106,154,59,197,24,32,195,10,110,11,152,72,127,30,114,182,37,85,55,158,175,6,1,117,120,157,173,17,79,185,102,23,172,39,78,83,125,33,35,165,40,87,84,68,93,103,65,147,153,15,144,156,155,31,143,53,183,97,41,0,89,25,62,5,134,112,104,99,160,74,20,138,168,188,126,16,162,19,137,60,179,47,43,187,76,151,141,80,58,64,96,177,42,189,178,86,119,81,67,129,192,150,56,100,54,113,116,124,63,95,121];True
6880;7745;14625;[115,57,191,135,71,23,171,149,7,130,163,122,12,199,22,98,193,109,38,196,161,66,45,105,142,136,46,44,139,190,174,111,184,51,34,91,69,28,8,118,180,159,140,48,92,90,131,148,9,14,3,194,29,61,145,94,13,101,75,36,176,26,164,128,52,2,167,107,123,73,146,50,198,132,82,49,133,189,186,170,77,25,18,4,181,88,70,108,21,106,154,59,197,24,32,195,10,110,11,152,72,127,30,114,182,37,85,55,158,175,6,1,117,120,157,173,17,79,185,102,169,172,39,78,83,125,33,35,165,40,87,84,68,93,103,65,147,153,15,144,156,155,31,143,53,183,97,41,0,89,27,62,5,134,112,104,99,160,74,20,138,168,188,126,16,162,19,137,60,179,47,43,187,76,151,141,80,58,64,96,177,42,166,178,86,119,81,67,129,192,150,56,100,54,113,116,124,63,95,121];True
6840;7778;14618;[135,115,191,57,71,23,171,149,7,130,163,122,12,199,22,98,193,109,38,196,161,66,45,105,142,136,46,44,139,190,174,111,184,51,34,91,69,28,8,118,180,159,140,48,92,90,131,148,9,14,3,194,29,61,145,94,13,101,75,36,176,26,164,128,52,2,167,107,123,73,146,50,198,132,82,49,133,189,186,170,77,25,18,4,181,88,70,108,21,106,154,59,197,24,32,195,10,110,11,152,72,127,30,114,182,37,85,55,158,175,6,1,117,120,157,173,17,79,185,102,169,172,39,78,83,125,33,35,165,40,87,84,68,93,103,65,147,153,15,144,156,155,31,143,53,183,97,41,0,89,27,62,5,134,112,104,99,160,74,20,138,168,188,126,16,162,19,137,60,179,47,43,187,76,151,141,80,58,64,96,177,42,166,178,86,119,81,67,129,192,150,56,100,54,113,116,124,63,95,121];False
6808;7764;14572;[71,66,191,135,149,23,171,57,7,130,163,122,12,199,22,98,193,109,38,196,161,115,45,105,142,136,46,44,139,190,174,111,184,51,34,91,69,28,8,118,180,159,140,48,92,90,131,148,9,14,3,194,29,61,145,94,13,101,75,36,176,26,164,128,52,2,167,107,123,73,146,50,198,132,82,49,133,189,186,170,77,25,18,4,181,88,70,108,21,106,154,59,197,24,32,195,10,110,11,152,72,127,30,114,182,37,85,55,158,175,6,1,117,120,157,173,17,79,185,102,169,172,39,78,83,125,33,35,165,40,87,84,68,93,103,65,147,153,15,144,156,155,31,143,53,183,97,41,0,89,27,62,5,134,112,104,99,160,74,20,138,168,188,126,16,162,19,137,60,179,47,43,187,76,151,141,80,58,64,96,177,42,166,178,86,119,81,67,129,192,150,56,100,54,113,116,124,63,95,121];False
7131;7643;14774;[142,22,38,46,135,23,171,57,7,130,163,122,12,185,37,98,193,191,44,196,161,66,45,105,194,115,149,136,174,190,109,111,184,51,106,91,69,28,8,118,34,159,140,48,92,90,131,148,9,14,3,180,85,61,145,94,13,101,75,36,176,26,164,128,52,2,167,107,123,50,146,65,198,186,82,49,133,189,132,170,77,25,18,4,84,88,70,108,21,73,154,59,197,24,32,195,10,110,11,152,72,127,30,114,182,139,29,137,158,175,6,1,117,120,157,173,17,79,199,102,169,172,39,78,83,125,33,192,165,40,87,181,68,93,103,162,147,153,15,144,156,155,31,143,53,183,97,41,0,89,27,62,5,134,112,104,99,160,74,20,138,168,188,126,16,71,19,55,60,179,47,43,187,76,151,141,80,58,64,96,177,42,166,178,86,119,81,67,129,35,150,56,100,54,113,116,124,63,95,121];False
7153;7625;14778;[174,38,136,46,135,66,171,57,7,130,163,122,12,185,22,98,193,191,44,196,161,37,45,105,194,115,149,180,23,190,109,111,184,51,106,91,69,28,8,118,34,159,140,48,92,90,131,148,9,14,3,142,85,61,145,94,13,101,75,36,176,26,164,128,52,2,167,107,123,50,146,65,198,186,82,49,133,189,132,170,77,25,18,4,84,88,70,108,21,73,154,59,197,24,32,195,10,110,11,152,72,127,30,114,182,139,29,137,158,175,6,1,117,120,157,173,17,79,199,102,169,172,39,78,83,125,33,192,165,40,87,181,68,93,103,162,147,153,15,144,156,155,31,143,53,183,97,41,0,89,27,62,5,134,112,104,99,160,74,20,138,168,188,126,16,71,19,55,60,179,47,43,187,76,151,141,80,58,64,96,177,42,166,178,86,119,81,67,129,35,150,56,100,54,113,116,124,63,95,121];False
7376;7474;14850;[23,61,7,161,136,191,135,171,22,130,163,122,12,185,57,98,193,109,38,196,115,66,45,105,190,149,46,44,48,198,174,10,184,51,34,91,69,28,8,118,180,159,140,73,92,90,131,148,93,14,178,142,85,194,145,94,13,101,75,36,176,26,164,128,52,2,167,107,123,50,146,65,37,186,82,49,133,189,132,170,77,25,18,4,84,88,70,108,21,106,154,59,197,24,32,195,111,110,11,152,72,127,30,114,182,139,29,137,158,175,6,1,117,120,157,173,17,79,199,27,169,172,39,78,55,125,33,192,165,40,87,181,68,9,103,162,147,153,15,144,156,155,31,143,53,183,97,41,0,89,102,62,5,134,112,104,99,160,74,20,138,168,188,126,16,71,19,83,60,179,47,43,187,76,151,141,80,58,64,96,177,42,166,3,86,119,81,67,129,35,150,56,100,54,113,116,124,63,95,121];False
7309;7549;14858;[163,109,7,161,136,191,135,171,22,130,185,122,12,61,57,98,193,23,38,196,115,66,45,105,190,149,46,44,48,198,174,10,184,51,34,91,69,28,8,118,180,159,140,73,92,90,131,148,93,14,178,142,85,194,145,94,13,101,75,36,176,26,164,128,52,2,167,107,123,50,146,65,37,186,82,49,133,189,132,170,77,25,18,4,84,88,70,108,21,106,154,59,197,24,32,195,111,110,11,152,72,127,30,114,182,139,29,137,158,175,6,1,117,120,157,173,17,79,199,27,169,172,39,78,55,125,33,192,165,40,87,181,68,9,103,162,147,153,15,144,156,155,31,143,53,183,97,41,0,89,102,62,5,134,112,104,99,160,74,20,138,168,188,126,16,71,19,83,60,179,47,43,187,76,151,141,80,58,64,96,177,42,166,3,86,119,81,67,129,35,150,56,100,54,113,116,124,63,95,121];False
7714;7361;15075;[115,171,7,161,136,22,135,78,185,130,163,122,12,149,57,98,193,23,38,196,198,66,45,105,194,191,46,44,48,190,109,10,184,51,34,91,69,28,8,118,180,159,140,73,92,90,131,148,93,14,178,142,85,61,145,94,13,101,75,36,176,26,164,128,52,2,167,107,123,50,146,65,37,186,82,49,133,189,132,170,77,25,18,4,84,88,70,108,21,106,154,59,197,24,32,195,111,110,11,152,72,127,30,114,182,139,29,137,158,175,6,1,117,120,157,173,17,79,199,27,169,172,39,174,55,125,33,192,165,40,87,181,68,9,103,162,147,153,15,144,156,155,31,143,53,183,97,41,0,89,102,62,5,134,112,104,99,160,74,20,138,168,188,126,16,71,19,83,60,179,47,43,187,76,151,141,80,58,64,96,177,42,166,3,86,119,81,67,129,35,150,56,100,54,113,116,124,63,95,121];False
7859;7304;15163;[22,57,37,46,135,115,98,171,7,130,191,122,12,185,163,136,193,23,38,196,161,66,45,105,194,73,174,44,149,190,109,10,184,51,34,91,69,28,8,118,180,159,140,48,92,90,131,148,93,14,178,142,85,61,145,94,13,101,75,36,176,26,97,128,52,2,167,107,123,50,146,65,198,186,82,49,133,189,132,170,77,25,18,4,84,88,70,108,21,106,154,59,197,24,32,86,111,110,11,152,72,127,30,114,182,139,29,137,158,175,6,1,117,120,157,173,17,79,199,27,169,172,39,78,55,125,33,192,165,40,87,181,68,9,103,162,147,153,15,144,156,155,31,143,53,183,164,41,0,89,102,62,5,134,112,104,99,63,74,20,138,168,188,126,16,71,19,83,60,179,47,43,187,76,151,141,80,58,64,96,177,42,166,3,195,119,81,67,129,35,150,56,100,54,113,116,124,160,95,121];False
7996;7204;15200;[149,12,186,7,136,115,171,57,130,191,163,122,135,185,3,98,193,23,38,196,161,66,45,105,44,174,46,180,37,190,109,10,184,51,34,91,69,28,8,118,194,159,140,48,92,90,131,148,93,14,178,142,85,61,145,94,13,101,75,36,176,26,97,128,52,2,167,107,123,50,146,65,198,73,82,49,133,189,132,170,77,25,18,4,84,88,70,108,21,106,154,59,197,24,86,32,111,110,11,152,72,127,30,114,182,139,29,137,158,175,6,1,117,120,157,173,17,79,199,27,169,172,39,78,55,125,33,192,165,40,87,181,68,9,103,162,147,153,95,144,156,155,31,143,53,183,164,41,0,89,102,62,5,134,112,104,99,63,74,20,138,168,188,126,16,71,19,83,60,179,47,43,187,76,151,141,80,58,64,96,177,42,166,22,195,119,81,67,129,35,150,56,100,54,113,116,124,160,15,121];False
8260;6825;15085;[142,109,95,54,37,46,11,57,3,130,163,122,12,185,189,98,193,149,38,196,161,66,45,135,34,115,65,44,191,190,174,10,184,51,106,91,69,28,8,118,180,159,188,48,92,90,131,148,93,14,178,23,6,61,145,94,13,101,141,36,176,35,97,128,52,2,167,107,123,194,155,50,198,17,82,49,133,18,132,170,77,25,105,4,84,88,70,108,21,73,154,59,197,24,72,78,111,110,171,152,86,127,30,114,182,139,29,137,158,175,85,1,117,120,157,173,186,79,42,27,169,172,39,32,55,125,33,192,165,40,87,181,68,9,103,162,147,67,136,144,156,146,31,143,53,183,164,41,75,89,102,62,5,134,112,104,99,63,74,20,138,168,140,126,16,71,19,83,60,179,47,43,187,76,151,7,80,58,64,96,177,199,166,22,195,119,81,153,129,26,150,56,100,0,113,116,124,160,15,121];True
9405;6562;15967;[73,174,23,142,149,189,59,57,3,130,163,171,12,185,0,98,169,6,89,196,161,66,15,135,194,115,46,44,37,190,109,10,184,51,34,91,69,28,8,118,180,159,188,48,92,90,131,148,93,14,178,136,191,61,145,94,13,101,7,38,176,35,97,128,52,2,167,107,123,50,155,65,198,17,82,49,133,18,132,170,77,25,105,4,84,88,70,108,21,106,154,122,197,24,72,78,111,110,11,152,86,127,30,114,182,139,29,137,158,175,85,1,117,120,157,173,186,79,42,27,193,172,39,32,55,125,33,192,165,40,87,181,68,9,103,162,147,67,95,144,156,146,31,143,53,183,164,41,75,36,102,62,5,134,112,104,99,63,74,20,138,168,140,126,16,71,19,83,60,179,47,43,187,76,151,141,80,58,64,96,177,199,166,22,195,119,81,153,129,26,150,56,100,54,113,116,124,160,45,121];True
2510;7983;10493;[50,146,72,118,10,176,83,129,8,84,67,48,92,108,21,99,106,77,112,150,56,18,62,120,24,69,26,9,143,20,3,2,121,160,31,16,130,22,38,45,124,94,75,25,165,153,187,127,39,107,87,76,74,194,93,23,30,134,137,86,122,64,101,151,54,158,199,6,117,98,19,110,81,52,182,28,162,78,60,79,185,148,167,61,41,36,46,131,59,133,96,157,138,178,164,173,66,126,198,159,140,184,109,29,154,156,142,15,135,53,43,128,85,152,172,12,181,82,192,139,33,13,111,195,40,37,71,35,88,171,189,197,1,68,116,57,0,113,196,89,5,141,119,4,183,63,51,34,147,65,102,115,14,49,55,155,73,161,80,114,177,169,191,11,104,180,163,170,95,91,90,125,149,32,97,58,100,7,175,179,27,193,136,144,70,168,17,103,105,174,190,188,186,145,42,47,132,166,123,44];True
1826;8480;10306;[69,76,25,48,10,123,2,199,3,196,35,61,74,108,21,174,16,77,112,150,56,18,62,120,24,197,26,9,151,28,8,99,121,160,92,106,130,22,38,34,124,94,161,1,165,153,187,127,39,107,87,122,50,53,93,23,30,134,137,86,6,64,101,143,54,158,129,83,117,98,19,110,81,52,182,45,162,78,180,79,185,148,167,73,41,36,46,131,59,133,96,157,138,178,164,173,66,126,198,159,140,118,109,29,154,156,142,15,135,60,43,128,85,152,172,12,181,82,192,139,33,13,111,195,40,37,71,113,88,171,189,194,31,68,116,57,0,67,84,89,5,141,119,4,183,63,51,72,147,65,102,115,14,49,55,155,184,75,80,114,177,169,191,11,104,20,163,170,95,91,90,125,149,32,97,58,100,7,175,179,27,193,136,144,70,168,17,103,105,146,190,188,186,145,42,47,132,166,176,44];True
2760;7934;10694;[34,122,112,93,10,176,83,129,8,72,165,73,74,108,21,99,16,77,25,150,56,18,62,120,24,197,26,9,198,143,3,2,121,160,142,49,130,22,38,90,124,94,161,1,67,153,187,127,39,107,87,76,50,53,135,23,30,134,137,86,69,64,101,151,54,158,199,6,117,98,19,110,81,52,182,28,162,78,60,79,185,148,167,61,41,36,46,131,59,133,96,157,138,178,164,173,66,126,154,159,140,118,109,29,20,156,106,71,48,146,43,128,85,152,172,12,181,82,192,139,33,13,111,195,40,37,15,35,88,171,189,194,102,68,116,57,0,113,196,89,5,141,119,4,183,63,51,92,147,65,31,115,14,45,55,155,184,75,80,114,177,169,191,11,104,180,163,170,95,91,84,125,149,32,97,58,100,7,175,179,27,193,136,144,70,168,17,103,105,174,190,188,186,145,42,47,132,166,123,44];True
6297;7875;14172;[169,22,66,135,132,57,171,149,7,130,163,122,12,199,3,98,193,191,38,196,161,115,45,105,194,136,46,44,139,190,109,111,184,51,146,91,69,28,8,118,180,27,140,48,92,90,131,148,9,14,198,142,29,61,145,94,13,101,75,36,176,26,164,128,52,2,167,170,123,50,34,71,174,73,82,49,133,166,186,107,77,159,18,4,181,88,70,108,21,106,154,59,197,24,32,195,10,110,11,152,72,127,30,114,182,37,85,55,158,175,6,1,117,120,157,173,17,79,185,102,23,172,39,78,83,125,33,35,165,40,87,84,68,93,103,65,147,153,15,144,156,155,31,143,53,183,97,41,0,89,25,62,5,134,112,104,99,160,74,20,138,168,188,126,16,162,19,137,60,179,47,43,187,76,151,141,80,58,64,96,177,42,189,178,86,119,81,67,129,192,150,56,100,54,113,116,124,63,95,121];False
6269;7911;14180;[7,169,66,135,132,57,171,149,22,130,163,122,12,199,3,98,193,191,38,196,161,115,45,105,194,136,46,44,139,190,109,111,184,51,146,91,69,28,8,118,180,27,140,48,92,90,131,148,9,14,198,142,29,61,145,94,13,101,75,36,176,26,164,128,52,2,167,170,123,50,34,71,174,73,82,49,133,166,186,107,77,159,18,4,181,88,70,108,21,106,154,59,197,24,32,195,10,110,11,152,72,127,30,114,182,37,85,55,158,175,6,1,117,120,157,173,17,79,185,102,23,172,39,78,83,125,33,35,165,40,87,84,68,93,103,65,147,153,15,144,156,155,31,143,53,183,97,41,0,89,25,62,5,134,112,104,99,160,74,20,138,168,188,126,16,162,19,137,60,179,47,43,187,76,151,141,80,58,64,96,177,42,189,178,86,119,81,67,129,192,150,56,100,54,113,116,124,63,95,121];False
6534;7823;14357;[22,132,57,169,142,66,171,149,7,130,163,122,12,199,3,98,193,191,38,196,161,135,45,105,194,115,46,44,139,190,109,111,184,51,146,91,69,28,8,118,180,27,140,48,92,90,131,148,9,14,136,198,29,61,145,94,13,101,75,36,176,26,164,128,52,2,167,170,123,50,34,71,174,73,82,49,133,166,186,107,77,159,18,4,181,88,70,108,21,106,154,59,197,24,32,195,10,110,11,152,72,127,30,114,182,37,85,55,158,175,6,1,117,120,157,173,17,79,185,102,23,172,39,78,83,125,33,35,165,40,87,84,68,93,103,65,147,153,15,144,156,155,31,143,53,183,97,41,0,89,25,62,5,134,112,104,99,160,74,20,138,168,188,126,16,162,19,137,60,179,47,43,187,76,151,141,80,58,64,96,177,42,189,178,86,119,81,67,129,192,150,56,100,54,113,116,124,63,95,121];True
6757;7766;14523;[66,57,191,135,71,23,171,149,7,130,163,122,12,199,22,98,193,109,38,196,161,115,45,105,142,136,46,44,139,190,174,111,184,51,34,91,69,28,8,118,180,159,140,48,92,90,131,148,9,14,3,194,29,61,145,94,13,101,75,36,176,26,164,128,52,2,167,107,123,73,146,50,198,132,82,49,133,189,186,170,77,25,18,4,181,88,70,108,21,106,154,59,197,24,32,195,10,110,11,152,72,127,30,114,182,37,85,55,158,175,6,1,117,120,157,173,17,79,185,102,169,172,39,78,83,125,33,35,165,40,87,84,68,93,103,65,147,153,15,144,156,155,31,143,53,183,97,41,0,89,27,62,5,134,112,104,99,160,74,20,138,168,188,126,16,162,19,137,60,179,47,43,187,76,151,141,80,58,64,96,177,42,166,178,86,119,81,67,129,192,150,56,100,54,113,116,124,63,95,121];False
6745;7772;14517;[66,71,191,135,149,23,171,57,7,130,163,122,12,199,22,98,193,109,38,196,161,115,45,105,142,136,46,44,139,190,174,111,184,51,34,91,69,28,8,118,180,159,140,48,92,90,131,148,9,14,3,194,29,61,145,94,13,101,75,36,176,26,164,128,52,2,167,107,123,73,146,50,198,132,82,49,133,189,186,170,77,25,18,4,181,88,70,108,21,106,154,59,197,24,32,195,10,110,11,152,72,127,30,114,182,37,85,55,158,175,6,1,117,120,157,173,17,79,185,102,169,172,39,78,83,125,33,35,165,40,87,84,68,93,103,65,147,153,15,144,156,155,31,143,53,183,97,41,0,89,27,62,5,134,112,104,99,160,74,20,138,168,188,126,16,162,19,137,60,179,47,43,187,76,151,141,80,58,64,96,177,42,166,178,86,119,81,67,129,192,150,56,100,54,113,116,124,63,95,121];False
6809;7760;14569;[164,66,191,135,149,23,171,57,7,130,163,122,12,199,22,98,193,109,38,196,161,115,45,105,142,136,46,44,139,190,174,111,184,51,34,91,69,28,8,118,180,159,140,48,92,90,131,148,9,14,3,194,29,61,145,94,13,101,75,36,176,26,71,128,52,2,167,107,123,73,146,50,198,132,82,49,133,189,186,170,77,25,18,4,181,88,70,108,21,106,154,59,197,24,32,195,10,110,11,152,72,127,30,114,182,37,85,55,158,175,6,1,117,120,157,173,17,79,185,102,169,172,39,78,83,125,33,35,165,40,87,84,68,93,103,65,147,153,15,144,156,155,31,143,53,183,97,41,0,89,27,62,5,134,112,104,99,160,74,20,138,168,188,126,16,162,19,137,60,179,47,43,187,76,151,141,80,58,64,96,177,42,166,178,86,119,81,67,129,192,150,56,100,54,113,116,124,63,95,121];False
7103;7698;14801;[185,22,38,46,135,23,171,57,7,130,163,122,12,142,37,98,193,191,44,196,161,66,45,105,194,115,149,136,174,190,109,111,184,51,106,91,69,28,8,118,34,159,140,48,92,90,131,148,9,14,3,180,85,61,145,94,13,101,75,36,176,26,164,128,52,2,167,107,123,50,146,65,198,186,82,49,133,189,132,170,77,25,18,4,84,88,70,108,21,73,154,59,197,24,32,195,10,110,11,152,72,127,30,114,182,139,29,137,158,175,6,1,117,120,157,173,17,79,199,102,169,172,39,78,83,125,33,192,165,40,87,181,68,93,103,162,147,153,15,144,156,155,31,143,53,183,97,41,0,89,27,62,5,134,112,104,99,160,74,20,138,168,188,126,16,71,19,55,60,179,47,43,187,76,151,141,80,58,64,96,177,42,166,178,86,119,81,67,129,35,150,56,100,54,113,116,124,63,95,121];False
7104;7658;14762;[38,174,136,46,135,66,171,57,7,130,163,122,12,185,22,98,193,191,44,196,161,37,45,105,194,115,149,180,23,190,109,111,184,51,106,91,69,28,8,118,34,159,140,48,92,90,131,148,9,14,3,142,85,61,145,94,13,101,75,36,176,26,164,128,52,2,167,107,123,50,146,65,198,186,82,49,133,189,132,170,77,25,18,4,84,88,70,108,21,73,154,59,197,24,32,195,10,110,11,152,72,127,30,114,182,139,29,137,158,175,6,1,117,120,157,173,17,79,199,102,169,172,39,78,83,125,33,192,165,40,87,181,68,93,103,162,147,153,15,144,156,155,31,143,53,183,97,41,0,89,27,62,5,134,112,104,99,160,74,20,138,168,188,126,16,71,19,55,60,179,47,43,187,76,151,141,80,58,64,96,177,42,166,178,86,119,81,67,129,35,150,56,100,54,113,116,124,63,95,121];False
7144;7635;14779;[136,38,174,46,135,66,171,57,7,130,163,122,12,185,22,98,193,191,44,196,161,37,45,105,194,115,149,180,23,190,109,111,184,51,106,91,69,28,8,118,34,159,140,48,92,90,131,148,9,14,3,142,85,61,145,94,13,101,75,36,176,26,164,128,52,2,167,107,123,50,146,65,198,186,82,49,133,189,132,170,77,25,18,4,84,88,70,108,21,73,154,59,197,24,32,195,10,110,11,152,72,127,30,114,182,139,29,137,158,175,6,1,117,120,157,173,17,79,199,102,169,172,39,78,83,125,33,192,165,40,87,181,68,93,103,162,147,153,15,144,156,155,31,143,53,183,97,41,0,89,27,62,5,134,112,104,99,160,74,20,138,168,188,126,16,71,19,55,60,179,47,43,187,76,151,141,80,58,64,96,177,42,166,178,86,119,81,67,129,35,150,56,100,54,113,116,124,63,95,121];False
7450;7467;14917;[115,61,7,161,136,191,135,171,22,130,163,122,12,185,57,98,193,109,38,196,23,66,45,105,190,149,46,44,48,198,174,10,184,51,34,91,69,28,8,118,180,159,140,73,92,90,131,148,93,14,178,142,85,194,145,94,13,101,75,36,176,26,164,128,52,2,167,107,123,50,146,65,37,186,82,49,133,189,132,170,77,25,18,4,84,88,70,108,21,106,154,59,197,24,32,195,111,110,11,152,72,127,30,114,182,139,29,137,158,175,6,1,117,120,157,173,17,79,199,27,169,172,39,78,55,125,33,192,165,40,87,181,68,9,103,162,147,153,15,144,156,155,31,143,53,183,97,41,0,89,102,62,5,134,112,104,99,160,74,20,138,168,188,126,16,71,19,83,60,179,47,43,187,76,151,141,80,58,64,96,177,42,166,3,86,119,81,67,129,35,150,56,100,54,113,116,124,63,95,121];False
7334;7513;14847;[109,163,7,161,136,191,135,171,22,130,185,122,12,61,57,98,193,23,38,196,115,66,45,105,190,149,46,44,48,198,174,10,184,51,34,91,69,28,8,118,180,159,140,73,92,90,131,148,93,14,178,142,85,194,145,94,13,101,75,36,176,26,164,128,52,2,167,107,123,50,146,65,37,186,82,49,133,189,132,170,77,25,18,4,84,88,70,108,21,106,154,59,197,24,32,195,111,110,11,152,72,127,30,114,182,139,29,137,158,175,6,1,117,120,157,173,17,79,199,27,169,172,39,78,55,125,33,192,165,40,87,181,68,9,103,162,147,153,15,144,156,155,31,143,53,183,97,41,0,89,102,62,5,134,112,104,99,160,74,20,138,168,188,126,16,71,19,83,60,179,47,43,187,76,151,141,80,58,64,96,177,42,166,3,86,119,81,67,129,35,150,56,100,54,113,116,124,63,95,121];False
7343;7503;14846;[135,109,7,161,136,191,163,171,22,130,185,122,12,61,57,98,193,23,38,196,115,66,45,105,190,149,46,44,48,198,174,10,184,51,34,91,69,28,8,118,180,159,140,73,92,90,131,148,93,14,178,142,85,194,145,94,13,101,75,36,176,26,164,128,52,2,167,107,123,50,146,65,37,186,82,49,133,189,132,170,77,25,18,4,84,88,70,108,21,106,154,59,197,24,32,195,111,110,11,152,72,127,30,114,182,139,29,137,158,175,6,1,117,120,157,173,17,79,199,27,169,172,39,78,55,125,33,192,165,40,87,181,68,9,103,162,147,153,15,144,156,155,31,143,53,183,97,41,0,89,102,62,5,134,112,104,99,160,74,20,138,168,188,126,16,71,19,83,60,179,47,43,187,76,151,141,80,58,64,96,177,42,166,3,86,119,81,67,129,35,150,56,100,54,113,116,124,63,95,121];False
7828;7352;15180;[198,171,7,161,136,22,135,78,185,130,163,122,12,149,57,98,193,23,38,196,115,66,45,105,194,191,46,44,48,190,109,10,184,51,34,91,69,28,8,118,180,159,140,73,92,90,131,148,93,14,178,142,85,61,145,94,13,101,75,36,176,26,164,128,52,2,167,107,123,50,146,65,37,186,82,49,133,189,132,170,77,25,18,4,84,88,70,108,21,106,154,59,197,24,32,195,111,110,11,152,72,127,30,114,182,139,29,137,158,175,6,1,117,120,157,173,17,79,199,27,169,172,39,174,55,125,33,192,165,40,87,181,68,9,103,162,147,153,15,144,156,155,31,143,53,183,97,41,0,89,102,62,5,134,112,104,99,160,74,20,138,168,188,126,16,71,19,83,60,179,47,43,187,76,151,141,80,58,64,96,177,42,166,3,86,119,81,67,129,35,150,56,100,54,113,116,124,63,95,121];False
7933;7295;15228;[37,57,22,46,135,115,98,171,7,130,191,122,12,185,163,136,193,23,38,196,161,66,45,105,194,73,174,44,149,190,109,10,184,51,34,91,69,28,8,118,180,159,140,48,92,90,131,148,93,14,178,142,85,61,145,94,13,101,75,36,176,26,97,128,52,2,167,107,123,50,146,65,198,186,82,49,133,189,132,170,77,25,18,4,84,88,70,108,21,106,154,59,197,24,32,86,111,110,11,152,72,127,30,114,182,139,29,137,158,175,6,1,117,120,157,173,17,79,199,27,169,172,39,78,55,125,33,192,165,40,87,181,68,9,103,162,147,153,15,144,156,155,31,143,53,183,164,41,0,89,102,62,5,134,112,104,99,63,74,20,138,168,188,126,16,71,19,83,60,179,47,43,187,76,151,141,80,58,64,96,177,42,166,3,195,119,81,67,129,35,150,56,100,54,113,116,124,160,95,121];False
7936;7231;15167;[12,149,186,7,136,115,171,57,130,191,163,122,135,185,3,98,193,23,38,196,161,66,45,105,44,174,46,180,37,190,109,10,184,51,34,91,69,28,8,118,194,159,140,48,92,90,131,148,93,14,178,142,85,61,145,94,13,101,75,36,176,26,97,128,52,2,167,107,123,50,146,65,198,73,82,49,133,189,132,170,77,25,18,4,84,88,70,108,21,106,154,59,197,24,86,32,111,110,11,152,72,127,30,114,182,139,29,137,158,175,6,1,117,120,157,173,17,79,199,27,169,172,39,78,55,125,33,192,165,40,87,181,68,9,103,162,147,153,95,144,156,155,31,143,53,183,164,41,0,89,102,62,5,134,112,104,99,63,74,20,138,168,188,126,16,71,19,83,60,179,47,43,187,76,151,141,80,58,64,96,177,42,166,22,195,119,81,67,129,35,150,56,100,54,113,116,124,160,15,121];True
8069;7195;15264;[115,12,186,7,136,149,171,57,130,191,163,122,135,185,3,98,193,23,38,196,161,66,45,105,44,174,46,180,37,190,109,10,184,51,34,91,69,28,8,118,194,159,140,48,92,90,131,148,93,14,178,142,85,61,145,94,13,101,75,36,176,26,97,128,52,2,167,107,123,50,146,65,198,73,82,49,133,189,132,170,77,25,18,4,84,88,70,108,21,106,154,59,197,24,86,32,111,110,11,152,72,127,30,114,182,139,29,137,158,175,6,1,117,120,157,173,17,79,199,27,169,172,39,78,55,125,33,192,165,40,87,181,68,9,103,162,147,153,95,144,156,155,31,143,53,183,164,41,0,89,102,62,5,134,112,104,99,63,74,20,138,168,188,126,16,71,19,83,60,179,47,43,187,76,151,141,80,58,64,96,177,42,166,22,195,119,81,67,129,35,150,56,100,54,113,116,124,160,15,121];False
8248;6852;15100;[54,109,95,142,37,46,11,57,3,130,163,122,12,185,189,98,193,149,38,196,161,66,45,135,34,115,65,44,191,190,174,10,184,51,106,91,69,28,8,118,180,159,188,48,92,90,131,148,93,14,178,23,6,61,145,94,13,101,141,36,176,35,97,128,52,2,167,107,123,194,155,50,198,17,82,49,133,18,132,170,77,25,105,4,84,88,70,108,21,73,154,59,197,24,72,78,111,110,171,152,86,127,30,114,182,139,29,137,158,175,85,1,117,120,157,173,186,79,42,27,169,172,39,32,55,125,33,192,165,40,87,181,68,9,103,162,147,67,136,144,156,146,31,143,53,183,164,41,75,89,102,62,5,134,112,104,99,63,74,20,138,168,140,126,16,71,19,83,60,179,47,43,187,76,151,7,80,58,64,96,177,199,166,22,195,119,81,153,129,26,150,56,100,0,113,116,124,160,15,121];False
9230;6564;15794;[73,174,23,6,149,189,59,57,3,130,163,171,12,185,0,98,169,142,89,196,161,66,15,135,194,115,46,44,37,190,109,10,184,51,34,91,69,28,8,118,180,159,188,48,92,90,131,148,93,14,178,136,191,61,145,94,13,101,7,38,176,35,97,128,52,2,167,107,123,50,155,65,198,17,82,49,133,18,132,170,77,25,105,4,84,88,70,108,21,106,154,122,197,24,72,78,111,110,11,152,86,127,30,114,182,139,29,137,158,175,85,1,117,120,157,173,186,79,42,27,193,172,39,32,55,125,33,192,165,40,87,181,68,9,103,162,147,67,95,144,156,146,31,143,53,183,164,41,75,36,102,62,5,134,112,104,99,63,74,20,138,168,140,126,16,71,19,83,60,179,47,43,187,76,151,141,80,58,64,96,177,199,166,22,195,119,81,153,129,26,150,56,100,54,113,116,124,160,45,121];True
2507;7987;10494;[50,109,72,118,10,176,83,129,8,84,67,48,92,108,21,99,106,77,112,150,56,18,62,120,24,69,26,9,143,20,3,2,121,160,31,16,130,22,38,45,124,94,75,25,165,153,187,127,39,107,87,76,74,194,93,23,30,134,137,86,122,64,101,151,54,158,199,6,117,98,19,110,81,52,182,28,162,78,60,79,185,148,167,61,41,36,46,131,59,133,96,157,138,178,164,173,66,126,198,159,140,184,146,29,154,156,142,15,135,53,43,128,85,152,172,12,181,82,192,139,33,13,111,195,40,37,71,35,88,171,189,197,1,68,116,57,0,113,196,89,5,141,119,4,183,63,51,34,147,65,102,115,14,49,55,155,73,161,80,114,177,169,191,11,104,180,163,170,95,91,90,125,149,32,97,58,100,7,175,179,27,193,136,144,70,168,17,103,105,174,190,188,186,145,42,47,132,166,123,44];False
1830;8446;10276;[69,76,25,48,10,176,2,199,3,196,35,61,74,108,21,174,16,77,112,150,56,18,62,120,24,197,26,9,151,28,8,99,121,160,92,106,130,22,38,34,124,94,161,1,165,153,187,127,39,107,87,122,50,53,93,23,30,134,137,86,6,64,101,143,54,158,129,83,117,98,19,110,81,52,182,45,162,78,180,79,185,148,167,73,41,36,46,131,59,133,96,157,138,178,164,173,66,126,198,159,140,118,109,29,154,156,142,15,135,60,43,128,85,152,172,12,181,82,192,139,33,13,111,195,40,37,71,113,88,171,189,194,31,68,116,57,0,67,84,89,5,141,119,4,183,63,51,72,147,65,102,115,14,49,55,155,184,75,80,114,177,169,191,11,104,20,163,170,95,91,90,125,149,32,97,58,100,7,175,179,27,193,136,144,70,168,17,103,105,146,190,188,186,145,42,47,132,166,123,44];True
2865;7905;10770;[34,69,112,93,10,176,83,129,8,72,165,73,74,108,21,99,16,77,25,150,56,18,62,120,24,197,26,9,198,143,3,2,121,160,142,49,130,22,38,90,124,94,161,1,67,153,187,127,39,107,87,76,50,53,135,23,30,134,137,86,122,64,101,151,54,158,199,6,117,98,19,110,81,52,182,28,162,78,60,79,185,148,167,61,41,36,46,131,59,133,96,157,138,178,164,173,66,126,154,159,140,118,109,29,20,156,106,71,48,146,43,128,85,152,172,12,181,82,192,139,33,13,111,195,40,37,15,35,88,171,189,194,102,68,116,57,0,113,196,89,5,141,119,4,183,63,51,92,147,65,31,115,14,45,55,155,184,75,80,114,177,169,191,11,104,180,163,170,95,91,84,125,149,32,97,58,100,7,175,179,27,193,136,144,70,168,17,103,105,174,190,188,186,145,42,47,132,166,123,44];True
6342;7857;14199;[135,22,66,169,132,57,171,149,7,130,163,122,12,199,3,98,193,191,38,196,161,115,45,105,194,136,46,44,139,190,109,111,184,51,146,91,69,28,8,118,180,27,140,48,92,90,131,148,9,14,198,142,29,61,145,94,13,101,75,36,176,26,164,128,52,2,167,170,123,50,34,71,174,73,82,49,133,166,186,107,77,159,18,4,181,88,70,108,21,106,154,59,197,24,32,195,10,110,11,152,72,127,30,114,182,37,85,55,158,175,6,1,117,120,157,173,17,79,185,102,23,172,39,78,83,125,33,35,165,40,87,84,68,93,103,65,147,153,15,144,156,155,31,143,53,183,97,41,0,89,25,62,5,134,112,104,99,160,74,20,138,168,188,126,16,162,19,137,60,179,47,43,187,76,151,141,80,58,64,96,177,42,189,178,86,119,81,67,129,192,150,56,100,54,113,116,124,63,95,121];False
6454;7843;14297;[191,132,57,169,142,66,171,149,7,130,163,122,12,199,3,98,193,22,38,196,161,135,45,105,194,115,46,44,139,190,109,111,184,51,146,91,69,28,8,118,180,27,140,48,92,90,131,148,9,14,136,198,29,61,145,94,13,101,75,36,176,26,164,128,52,2,167,170,123,50,34,71,174,73,82,49,133,166,186,107,77,159,18,4,181,88,70,108,21,106,154,59,197,24,32,195,10,110,11,152,72,127,30,114,182,37,85,55,158,175,6,1,117,120,157,173,17,79,185,102,23,172,39,78,83,125,33,35,165,40,87,84,68,93,103,65,147,153,15,144,156,155,31,143,53,183,97,41,0,89,25,62,5,134,112,104,99,160,74,20,138,168,188,126,16,162,19,137,60,179,47,43,187,76,151,141,80,58,64,96,177,42,189,178,86,119,81,67,129,192,150,56,100,54,113,116,124,63,95,121];False
6851;7753;14604;[191,57,66,135,71,23,171,149,7,130,163,122,12,199,22,98,193,109,38,196,161,115,45,105,142,136,46,44,139,190,174,111,184,51,34,91,69,28,8,118,180,159,140,48,92,90,131,148,9,14,3,194,29,61,145,94,13,101,75,36,176,26,164,128,52,2,167,107,123,73,146,50,198,132,82,49,133,189,186,170,77,25,18,4,181,88,70,108,21,106,154,59,197,24,32,195,10,110,11,152,72,127,30,114,182,37,85,55,158,175,6,1,117,120,157,173,17,79,185,102,169,172,39,78,83,125,33,35,165,40,87,84,68,93,103,65,147,153,15,144,156,155,31,143,53,183,97,41,0,89,27,62,5,134,112,104,99,160,74,20,138,168,188,126,16,162,19,137,60,179,47,43,187,76,151,141,80,58,64,96,177,42,166,178,86,119,81,67,129,192,150,56,100,54,113,116,124,63,95,121];False
6737;7786;14523;[22,71,191,135,149,23,171,57,7,130,163,122,12,199,66,98,193,109,38,196,161,115,45,105,142,136,46,44,139,190,174,111,184,51,34,91,69,28,8,118,180,159,140,48,92,90,131,148,9,14,3,194,29,61,145,94,13,101,75,36,176,26,164,128,52,2,167,107,123,73,146,50,198,132,82,49,133,189,186,170,77,25,18,4,181,88,70,108,21,106,154,59,197,24,32,195,10,110,11,152,72,127,30,114,182,37,85,55,158,175,6,1,117,120,157,173,17,79,185,102,169,172,39,78,83,125,33,35,165,40,87,84,68,93,103,65,147,153,15,144,156,155,31,143,53,183,97,41,0,89,27,62,5,134,112,104,99,160,74,20,138,168,188,126,16,162,19,137,60,179,47,43,187,76,151,141,80,58,64,96,177,42,166,178,86,119,81,67,129,192,150,56,100,54,113,116,124,63,95,121];False
6754;7746;14500;[149,66,191,135,164,23,171,57,7,130,163,122,12,199,22,98,193,109,38,196,161,115,45,105,142,136,46,44,139,190,174,111,184,51,34,91,69,28,8,118,180,159,140,48,92,90,131,148,9,14,3,194,29,61,145,94,13,101,75,36,176,26,71,128,52,2,167,107,123,73,146,50,198,132,82,49,133,189,186,170,77,25,18,4,181,88,70,108,21,106,154,59,197,24,32,195,10,110,11,152,72,127,30,114,182,37,85,55,158,175,6,1,117,120,157,173,17,79,185,102,169,172,39,78,83,125,33,35,165,40,87,84,68,93,103,65,147,153,15,144,156,155,31,143,53,183,97,41,0,89,27,62,5,134,112,104,99,160,74,20,138,168,188,126,16,162,19,137,60,179,47,43,187,76,151,141,80,58,64,96,177,42,166,178,86,119,81,67,129,192,150,56,100,54,113,116,124,63,95,121];True
7099;7685;14784;[163,22,38,46,135,23,171,57,7,130,185,122,12,142,37,98,193,191,44,196,161,66,45,105,194,115,149,136,174,190,109,111,184,51,106,91,69,28,8,118,34,159,140,48,92,90,131,148,9,14,3,180,85,61,145,94,13,101,75,36,176,26,164,128,52,2,167,107,123,50,146,65,198,186,82,49,133,189,132,170,77,25,18,4,84,88,70,108,21,73,154,59,197,24,32,195,10,110,11,152,72,127,30,114,182,139,29,137,158,175,6,1,117,120,157,173,17,79,199,102,169,172,39,78,83,125,33,192,165,40,87,181,68,93,103,162,147,153,15,144,156,155,31,143,53,183,97,41,0,89,27,62,5,134,112,104,99,160,74,20,138,168,188,126,16,71,19,55,60,179,47,43,187,76,151,141,80,58,64,96,177,42,166,178,86,119,81,67,129,35,150,56,100,54,113,116,124,63,95,121];False
7081;7627;14708;[37,174,136,46,135,66,171,57,7,130,163,122,12,185,22,98,193,191,44,196,161,38,45,105,194,115,149,180,23,190,109,111,184,51,106,91,69,28,8,118,34,159,140,48,92,90,131,148,9,14,3,142,85,61,145,94,13,101,75,36,176,26,164,128,52,2,167,107,123,50,146,65,198,186,82,49,133,189,132,170,77,25,18,4,84,88,70,108,21,73,154,59,197,24,32,195,10,110,11,152,72,127,30,114,182,139,29,137,158,175,6,1,117,120,157,173,17,79,199,102,169,172,39,78,83,125,33,192,165,40,87,181,68,93,103,162,147,153,15,144,156,155,31,143,53,183,97,41,0,89,27,62,5,134,112,104,99,160,74,20,138,168,188,126,16,71,19,55,60,179,47,43,187,76,151,141,80,58,64,96,177,42,166,178,86,119,81,67,129,35,150,56,100,54,113,116,124,63,95,121];True
7453;7459;14912;[136,61,7,161,115,191,135,171,22,130,163,122,12,185,57,98,193,109,38,196,23,66,45,105,190,149,46,44,48,198,174,10,184,51,34,91,69,28,8,118,180,159,140,73,92,90,131,148,93,14,178,142,85,194,145,94,13,101,75,36,176,26,164,128,52,2,167,107,123,50,146,65,37,186,82,49,133,189,132,170,77,25,18,4,84,88,70,108,21,106,154,59,197,24,32,195,111,110,11,152,72,127,30,114,182,139,29,137,158,175,6,1,117,120,157,173,17,79,199,27,169,172,39,78,55,125,33,192,165,40,87,181,68,9,103,162,147,153,15,144,156,155,31,143,53,183,97,41,0,89,102,62,5,134,112,104,99,160,74,20,138,168,188,126,16,71,19,83,60,179,47,43,187,76,151,141,80,58,64,96,177,42,166,3,86,119,81,67,129,35,150,56,100,54,113,116,124,63,95,121];False
7330;7538;14868;[193,163,7,161,136,191,135,171,22,130,185,122,12,61,57,98,109,23,38,196,115,66,45,105,190,149,46,44,48,198,174,10,184,51,34,91,69,28,8,118,180,159,140,73,92,90,131,148,93,14,178,142,85,194,145,94,13,101,75,36,176,26,164,128,52,2,167,107,123,50,146,65,37,186,82,49,133,189,132,170,77,25,18,4,84,88,70,108,21,106,154,59,197,24,32,195,111,110,11,152,72,127,30,114,182,139,29,137,158,175,6,1,117,120,157,173,17,79,199,27,169,172,39,78,55,125,33,192,165,40,87,181,68,9,103,162,147,153,15,144,156,155,31,143,53,183,97,41,0,89,102,62,5,134,112,104,99,160,74,20,138,168,188,126,16,71,19,83,60,179,47,43,187,76,151,141,80,58,64,96,177,42,166,3,86,119,81,67,129,35,150,56,100,54,113,116,124,63,95,121];False
7370;7501;14871;[136,109,7,161,135,191,163,171,22,130,185,122,12,61,57,98,193,23,38,196,115,66,45,105,190,149,46,44,48,198,174,10,184,51,34,91,69,28,8,118,180,159,140,73,92,90,131,148,93,14,178,142,85,194,145,94,13,101,75,36,176,26,164,128,52,2,167,107,123,50,146,65,37,186,82,49,133,189,132,170,77,25,18,4,84,88,70,108,21,106,154,59,197,24,32,195,111,110,11,152,72,127,30,114,182,139,29,137,158,175,6,1,117,120,157,173,17,79,199,27,169,172,39,78,55,125,33,192,165,40,87,181,68,9,103,162,147,153,15,144,156,155,31,143,53,183,97,41,0,89,102,62,5,134,112,104,99,160,74,20,138,168,188,126,16,71,19,83,60,179,47,43,187,76,151,141,80,58,64,96,177,42,166,3,86,119,81,67,129,35,150,56,100,54,113,116,124,63,95,121];False
7713;7361;15074;[190,171,7,161,136,22,135,78,185,130,163,122,12,149,57,98,193,23,38,196,115,66,45,105,194,191,46,44,48,198,109,10,184,51,34,91,69,28,8,118,180,159,140,73,92,90,131,148,93,14,178,142,85,61,145,94,13,101,75,36,176,26,164,128,52,2,167,107,123,50,146,65,37,186,82,49,133,189,132,170,77,25,18,4,84,88,70,108,21,106,154,59,197,24,32,195,111,110,11,152,72,127,30,114,182,139,29,137,158,175,6,1,117,120,157,173,17,79,199,27,169,172,39,174,55,125,33,192,165,40,87,181,68,9,103,162,147,153,15,144,156,155,31,143,53,183,97,41,0,89,102,62,5,134,112,104,99,160,74,20,138,168,188,126,16,71,19,83,60,179,47,43,187,76,151,141,80,58,64,96,177,42,166,3,86,119,81,67,129,35,150,56,100,54,113,116,124,63,95,121];False
7931;7284;15215;[174,57,22,46,135,115,98,171,7,130,191,122,12,185,163,136,193,23,38,196,161,66,45,105,194,73,37,44,149,190,109,10,184,51,34,91,69,28,8,118,180,159,140,48,92,90,131,148,93,14,178,142,85,61,145,94,13,101,75,36,176,26,97,128,52,2,167,107,123,50,146,65,198,186,82,49,133,189,132,170,77,25,18,4,84,88,70,108,21,106,154,59,197,24,32,86,111,110,11,152,72,127,30,114,182,139,29,137,158,175,6,1,117,120,157,173,17,79,199,27,169,172,39,78,55,125,33,192,165,40,87,181,68,9,103,162,147,153,15,144,156,155,31,143,53,183,164,41,0,89,102,62,5,134,112,104,99,63,74,20,138,168,188,126,16,71,19,83,60,179,47,43,187,76,151,141,80,58,64,96,177,42,166,3,195,119,81,67,129,35,150,56,100,54,113,116,124,160,95,121];True
7995;7218;15213;[57,149,186,7,136,115,171,12,130,191,163,122,135,185,3,98,193,23,38,196,161,66,45,105,44,174,46,180,37,190,109,10,184,51,34,91,69,28,8,118,194,159,140,48,92,90,131,148,93,14,178,142,85,61,145,94,13,101,75,36,176,26,97,128,52,2,167,107,123,50,146,65,198,73,82,49,133,189,132,170,77,25,18,4,84,88,70,108,21,106,154,59,197,24,86,32,111,110,11,152,72,127,30,114,182,139,29,137,158,175,6,1,117,120,157,173,17,79,199,27,169,172,39,78,55,125,33,192,165,40,87,181,68,9,103,162,147,153,95,144,156,155,31,143,53,183,164,41,0,89,102,62,5,134,112,104,99,63,74,20,138,168,188,126,16,71,19,83,60,179,47,43,187,76,151,141,80,58,64,96,177,42,166,22,195,119,81,67,129,35,150,56,100,54,113,116,124,160,15,121];False
8030;7188;15218;[185,12,186,7,136,149,171,57,130,191,163,122,135,115,3,98,193,23,38,196,161,66,45,105,44,174,46,180,37,190,109,10,184,51,34,91,69,28,8,118,194,159,140,48,92,90,131,148,93,14,178,142,85,61,145,94,13,101,75,36,176,26,97,128,52,2,167,107,123,50,146,65,198,73,82,49,133,189,132,170,77,25,18,4,84,88,70,108,21,106,154,59,197,24,86,32,111,110,11,152,72,127,30,114,182,139,29,137,158,175,6,1,117,120,157,173,17,79,199,27,169,172,39,78,55,125,33,192,165,40,87,181,68,9,103,162,147,153,95,144,156,155,31,143,53,183,164,41,0,89,102,62,5,134,112,104,99,63,74,20,138,168,188,126,16,71,19,83,60,179,47,43,187,76,151,141,80,58,64,96,177,42,166,22,195,119,81,67,129,35,150,56,100,54,113,116,124,160,15,121];False
8251;6850;15101;[95,109,54,142,37,46,11,57,3,130,163,122,12,185,189,98,193,149,38,196,161,66,45,135,34,115,65,44,191,190,174,10,184,51,106,91,69,28,8,118,180,159,188,48,92,90,131,148,93,14,178,23,6,61,145,94,13,101,141,36,176,35,97,128,52,2,167,107,123,194,155,50,198,17,82,49,133,18,132,170,77,25,105,4,84,88,70,108,21,73,154,59,197,24,72,78,111,110,171,152,86,127,30,114,182,139,29,137,158,175,85,1,117,120,157,173,186,79,42,27,169,172,39,32,55,125,33,192,165,40,87,181,68,9,103,162,147,67,136,144,156,146,31,143,53,183,164,41,75,89,102,62,5,134,112,104,99,63,74,20,138,168,140,126,16,71,19,83,60,179,47,43,187,76,151,7,80,58,64,96,177,199,166,22,195,119,81,153,129,26,150,56,100,0,113,116,124,160,15,121];False
9281;6563;15844;[50,174,23,6,149,189,59,57,3,130,163,171,12,185,0,98,169,142,89,196,161,66,15,135,194,115,46,44,37,190,109,10,184,51,34,91,69,28,8,118,180,159,188,48,92,90,131,148,93,14,178,136,191,61,145,94,13,101,7,38,176,35,97,128,52,2,167,107,123,73,155,65,198,17,82,49,133,18,132,170,77,25,105,4,84,88,70,108,21,106,154,122,197,24,72,78,111,110,11,152,86,127,30,114,182,139,29,137,158,175,85,1,117,120,157,173,186,79,42,27,193,172,39,32,55,125,33,192,165,40,87,181,68,9,103,162,147,67,95,144,156,146,31,143,53,183,164,41,75,36,102,62,5,134,112,104,99,63,74,20,138,168,140,126,16,71,19,83,60,179,47,43,187,76,151,141,80,58,64,96,177,199,166,22,195,119,81,153,129,26,150,56,100,54,113,116,124,160,45,121];True
2530;7977;10507;[50,53,72,118,10,176,83,129,8,84,67,48,92,108,21,99,106,77,112,150,56,18,62,120,24,69,26,9,143,20,3,2,121,160,31,16,130,22,38,45,124,94,75,25,165,153,187,127,39,107,87,76,74,194,93,23,30,134,137,86,122,64,101,151,54,158,199,6,117,98,19,110,81,52,182,28,162,78,60,79,185,148,167,61,41,36,46,131,59,133,96,157,138,178,164,173,66,126,198,159,140,184,146,29,154,156,142,15,135,109,43,128,85,152,172,12,181,82,192,139,33,13,111,195,40,37,71,35,88,171,189,197,1,68,116,57,0,113,196,89,5,141,119,4,183,63,51,34,147,65,102,115,14,49,55,155,73,161,80,114,177,169,191,11,104,180,163,170,95,91,90,125,149,32,97,58,100,7,175,179,27,193,136,144,70,168,17,103,105,174,190,188,186,145,42,47,132,166,123,44];True
1820;8533;10353;[69,76,25,48,10,176,2,199,3,196,35,61,74,108,21,174,16,77,112,150,56,18,62,120,24,197,26,9,151,28,179,99,121,160,92,106,130,22,38,34,124,94,161,1,165,153,187,127,39,107,87,122,50,53,93,23,30,134,137,86,6,64,101,143,54,158,129,83,117,98,19,110,81,52,182,45,162,78,180,79,185,148,167,73,41,36,46,131,59,133,96,157,138,178,164,173,66,126,198,159,140,118,109,29,154,156,142,15,135,60,43,128,85,152,172,12,181,82,192,139,33,13,111,195,40,37,71,113,88,171,189,194,31,68,116,57,0,67,84,89,5,141,119,4,183,63,51,72,147,65,102,115,14,49,55,155,184,75,80,114,177,169,191,11,104,20,163,170,95,91,90,125,149,32,97,58,100,7,175,8,27,193,136,144,70,168,17,103,105,146,190,188,186,145,42,47,132,166,123,44];True
2843;7920;10763;[143,69,112,93,10,176,83,129,8,72,165,73,74,108,21,99,16,77,25,150,56,18,62,120,24,197,26,9,198,34,3,2,121,160,142,49,130,22,38,90,124,94,161,1,67,153,187,127,39,107,87,76,50,53,135,23,30,134,137,86,122,64,101,151,54,158,199,6,117,98,19,110,81,52,182,28,162,78,60,79,185,148,167,61,41,36,46,131,59,133,96,157,138,178,164,173,66,126,154,159,140,118,109,29,20,156,106,71,48,146,43,128,85,152,172,12,181,82,192,139,33,13,111,195,40,37,15,35,88,171,189,194,102,68,116,57,0,113,196,89,5,141,119,4,183,63,51,92,147,65,31,115,14,45,55,155,184,75,80,114,177,169,191,11,104,180,163,170,95,91,84,125,149,32,97,58,100,7,175,179,27,193,136,144,70,168,17,103,105,174,190,188,186,145,42,47,132,166,123,44];True
6286;7862;14148;[22,135,66,169,132,57,171,149,7,130,163,122,12,199,3,98,193,191,38,196,161,115,45,105,194,136,46,44,139,190,109,111,184,51,146,91,69,28,8,118,180,27,140,48,92,90,131,148,9,14,198,142,29,61,145,94,13,101,75,36,176,26,164,128,52,2,167,170,123,50,34,71,174,73,82,49,133,166,186,107,77,159,18,4,181,88,70,108,21,106,154,59,197,24,32,195,10,110,11,152,72,127,30,114,182,37,85,55,158,175,6,1,117,120,157,173,17,79,185,102,23,172,39,78,83,125,33,35,165,40,87,84,68,93,103,65,147,153,15,144,156,155,31,143,53,183,97,41,0,89,25,62,5,134,112,104,99,160,74,20,138,168,188,126,16,162,19,137,60,179,47,43,187,76,151,141,80,58,64,96,177,42,189,178,86,119,81,67,129,192,150,56,100,54,113,116,124,63,95,121];False
6276;7866;14142;[45,22,66,169,132,57,171,149,7,130,163,122,12,199,3,98,193,191,38,196,161,115,135,105,194,136,46,44,139,190,109,111,184,51,146,91,69,28,8,118,180,27,140,48,92,90,131,148,9,14,198,142,29,61,145,94,13,101,75,36,176,26,164,128,52,2,167,170,123,50,34,71,174,73,82,49,133,166,186,107,77,159,18,4,181,88,70,108,21,106,154,59,197,24,32,195,10,110,11,152,72,127,30,114,182,37,85,55,158,175,6,1,117,120,157,173,17,79,185,102,23,172,39,78,83,125,33,35,165,40,87,84,68,93,103,65,147,153,15,144,156,155,31,143,53,183,97,41,0,89,25,62,5,134,112,104,99,160,74,20,138,168,188,126,16,162,19,137,60,179,47,43,187,76,151,141,80,58,64,96,177,42,189,178,86,119,81,67,129,192,150,56,100,54,113,116,124,63,95,121];False
6388;7849;14237;[142,132,57,169,191,66,171,149,7,130,163,122,12,199,3,98,193,22,38,196,161,135,45,105,194,115,46,44,139,190,109,111,184,51,146,91,69,28,8,118,180,27,140,48,92,90,131,148,9,14,136,198,29,61,145,94,13,101,75,36,176,26,164,128,52,2,167,170,123,50,34,71,174,73,82,49,133,166,186,107,77,159,18,4,181,88,70,108,21,106,154,59,197,24,32,195,10,110,11,152,72,127,30,114,182,37,85,55,158,175,6,1,117,120,157,173,17,79,185,102,23,172,39,78,83,125,33,35,165,40,87,84,68,93,103,65,147,153,15,144,156,155,31,143,53,183,97,41,0,89,25,62,5,134,112,104,99,160,74,20,138,168,188,126,16,162,19,137,60,179,47,43,187,76,151,141,80,58,64,96,177,42,189,178,86,119,81,67,129,192,150,56,100,54,113,116,124,63,95,121];False
6705;7805;14510;[199,71,191,135,149,23,171,57,7,130,163,122,12,22,66,98,193,109,38,196,161,115,45,105,142,136,46,44,139,190,174,111,184,51,34,91,69,28,8,118,180,159,140,48,92,90,131,148,9,14,3,194,29,61,145,94,13,101,75,36,176,26,164,128,52,2,167,107,123,73,146,50,198,132,82,49,133,189,186,170,77,25,18,4,181,88,70,108,21,106,154,59,197,24,32,195,10,110,11,152,72,127,30,114,182,37,85,55,158,175,6,1,117,120,157,173,17,79,185,102,169,172,39,78,83,125,33,35,165,40,87,84,68,93,103,65,147,153,15,144,156,155,31,143,53,183,97,41,0,89,27,62,5,134,112,104,99,160,74,20,138,168,188,126,16,162,19,137,60,179,47,43,187,76,151,141,80,58,64,96,177,42,166,178,86,119,81,67,129,192,150,56,100,54,113,116,124,63,95,121];False
6712;7771;14483;[135,66,191,149,164,23,171,57,7,130,163,122,12,199,22,98,193,109,38,196,161,115,45,105,142,136,46,44,139,190,174,111,184,51,34,91,69,28,8,118,180,159,140,48,92,90,131,148,9,14,3,194,29,61,145,94,13,101,75,36,176,26,71,128,52,2,167,107,123,73,146,50,198,132,82,49,133,189,186,170,77,25,18,4,181,88,70,108,21,106,154,59,197,24,32,195,10,110,11,152,72,127,30,114,182,37,85,55,158,175,6,1,117,120,157,173,17,79,185,102,169,172,39,78,83,125,33,35,165,40,87,84,68,93,103,65,147,153,15,144,156,155,31,143,53,183,97,41,0,89,27,62,5,134,112,104,99,160,74,20,138,168,188,126,16,162,19,137,60,179,47,43,187,76,151,141,80,58,64,96,177,42,166,178,86,119,81,67,129,192,150,56,100,54,113,116,124,63,95,121];False
7131;7606;14737;[174,37,136,46,135,66,171,57,7,130,163,122,12,185,22,98,193,191,44,196,161,38,45,105,194,115,149,180,23,190,109,111,184,51,106,91,69,28,8,118,34,159,140,48,92,90,131,148,9,14,3,142,85,61,145,94,13,101,75,36,176,26,164,128,52,2,167,107,123,50,146,65,198,186,82,49,133,189,132,170,77,25,18,4,84,88,70,108,21,73,154,59,197,24,32,195,10,110,11,152,72,127,30,114,182,139,29,137,158,175,6,1,117,120,157,173,17,79,199,102,169,172,39,78,83,125,33,192,165,40,87,181,68,93,103,162,147,153,15,144,156,155,31,143,53,183,97,41,0,89,27,62,5,134,112,104,99,160,74,20,138,168,188,126,16,71,19,55,60,179,47,43,187,76,151,141,80,58,64,96,177,42,166,178,86,119,81,67,129,35,150,56,100,54,113,116,124,63,95,121];True
7070;7654;14724;[44,174,136,46,135,66,171,57,7,130,163,122,12,185,22,98,193,191,37,196,161,38,45,105,194,115,149,180,23,190,109,111,184,51,106,91,69,28,8,118,34,159,140,48,92,90,131,148,9,14,3,142,85,61,145,94,13,101,75,36,176,26,164,128,52,2,167,107,123,50,146,65,198,186,82,49,133,189,132,170,77,25,18,4,84,88,70,108,21,73,154,59,197,24,32,195,10,110,11,152,72,127,30,114,182,139,29,137,158,175,6,1,117,120,157,173,17,79,199,102,169,172,39,78,83,125,33,192,165,40,87,181,68,93,103,162,147,153,15,144,156,155,31,143,53,183,97,41,0,89,27,62,5,134,112,104,99,160,74,20,138,168,188,126,16,71,19,55,60,179,47,43,187,76,151,141,80,58,64,96,177,42,166,178,86,119,81,67,129,35,150,56,100,54,113,116,124,63,95,121];False
7445;7460;14905;[171,61,7,161,115,191,135,136,22,130,163,122,12,185,57,98,193,109,38,196,23,66,45,105,190,149,46,44,48,198,174,10,184,51,34,91,69,28,8,118,180,159,140,73,92,90,131,148,93,14,178,142,85,194,145,94,13,101,75,36,176,26,164,128,52,2,167,107,123,50,146,65,37,186,82,49,133,189,132,170,77,25,18,4,84,88,70,108,21,106,154,59,197,24,32,195,111,110,11,152,72,127,30,114,182,139,29,137,158,175,6,1,117,120,157,173,17,79,199,27,169,172,39,78,55,125,33,192,165,40,87,181,68,9,103,162,147,153,15,144,156,155,31,143,53,183,97,41,0,89,102,62,5,134,112,104,99,160,74,20,138,168,188,126,16,71,19,83,60,179,47,43,187,76,151,141,80,58,64,96,177,42,166,3,86,119,81,67,129,35,150,56,100,54,113,116,124,63,95,121];False
7316;7545;14861;[163,193,7,161,136,191,135,171,22,130,185,122,12,61,57,98,109,23,38,196,115,66,45,105,190,149,46,44,48,198,174,10,184,51,34,91,69,28,8,118,180,159,140,73,92,90,131,148,93,14,178,142,85,194,145,94,13,101,75,36,176,26,164,128,52,2,167,107,123,50,146,65,37,186,82,49,133,189,132,170,77,25,18,4,84,88,70,108,21,106,154,59,197,24,32,195,111,110,11,152,72,127,30,114,182,139,29,137,158,175,6,1,117,120,157,173,17,79,199,27,169,172,39,78,55,125,33,192,165,40,87,181,68,9,103,162,147,153,15,144,156,155,31,143,53,183,97,41,0,89,102,62,5,134,112,104,99,160,74,20,138,168,188,126,16,71,19,83,60,179,47,43,187,76,151,141,80,58,64,96,177,42,166,3,86,119,81,67,129,35,150,56,100,54,113,116,124,63,95,121];False
7325;7541;14866;[46,163,7,161,136,191,135,171,22,130,185,122,12,61,57,98,109,23,38,196,115,66,45,105,190,149,193,44,48,198,174,10,184,51,34,91,69,28,8,118,180,159,140,73,92,90,131,148,93,14,178,142,85,194,145,94,13,101,75,36,176,26,164,128,52,2,167,107,123,50,146,65,37,186,82,49,133,189,132,170,77,25,18,4,84,88,70,108,21,106,154,59,197,24,32,195,111,110,11,152,72,127,30,114,182,139,29,137,158,175,6,1,117,120,157,173,17,79,199,27,169,172,39,78,55,125,33,192,165,40,87,181,68,9,103,162,147,153,15,144,156,155,31,143,53,183,97,41,0,89,102,62,5,134,112,104,99,160,74,20,138,168,188,126,16,71,19,83,60,179,47,43,187,76,151,141,80,58,64,96,177,42,166,3,86,119,81,67,129,35,150,56,100,54,113,116,124,63,95,121];False
7366;7482;14848;[190,109,7,161,135,191,163,171,22,130,185,122,12,61,57,98,193,23,38,196,115,66,45,105,136,149,46,44,48,198,174,10,184,51,34,91,69,28,8,118,180,159,140,73,92,90,131,148,93,14,178,142,85,194,145,94,13,101,75,36,176,26,164,128,52,2,167,107,123,50,146,65,37,186,82,49,133,189,132,170,77,25,18,4,84,88,70,108,21,106,154,59,197,24,32,195,111,110,11,152,72,127,30,114,182,139,29,137,158,175,6,1,117,120,157,173,17,79,199,27,169,172,39,78,55,125,33,192,165,40,87,181,68,9,103,162,147,153,15,144,156,155,31,143,53,183,97,41,0,89,102,62,5,134,112,104,99,160,74,20,138,168,188,126,16,71,19,83,60,179,47,43,187,76,151,141,80,58,64,96,177,42,166,3,86,119,81,67,129,35,150,56,100,54,113,116,124,63,95,121];False
7742;7355;15097;[22,171,7,161,136,190,135,78,185,130,163,122,12,149,57,98,193,23,38,196,115,66,45,105,194,191,46,44,48,198,109,10,184,51,34,91,69,28,8,118,180,159,140,73,92,90,131,148,93,14,178,142,85,61,145,94,13,101,75,36,176,26,164,128,52,2,167,107,123,50,146,65,37,186,82,49,133,189,132,170,77,25,18,4,84,88,70,108,21,106,154,59,197,24,32,195,111,110,11,152,72,127,30,114,182,139,29,137,158,175,6,1,117,120,157,173,17,79,199,27,169,172,39,174,55,125,33,192,165,40,87,181,68,9,103,162,147,153,15,144,156,155,31,143,53,183,97,41,0,89,102,62,5,134,112,104,99,160,74,20,138,168,188,126,16,71,19,83,60,179,47,43,187,76,151,141,80,58,64,96,177,42,166,3,86,119,81,67,129,35,150,56,100,54,113,116,124,63,95,121];False
7845;7300;15145;[44,57,22,46,135,115,98,171,7,130,191,122,12,185,163,136,193,23,38,196,161,66,45,105,194,73,37,174,149,190,109,10,184,51,34,91,69,28,8,118,180,159,140,48,92,90,131,148,93,14,178,142,85,61,145,94,13,101,75,36,176,26,97,128,52,2,167,107,123,50,146,65,198,186,82,49,133,189,132,170,77,25,18,4,84,88,70,108,21,106,154,59,197,24,32,86,111,110,11,152,72,127,30,114,182,139,29,137,158,175,6,1,117,120,157,173,17,79,199,27,169,172,39,78,55,125,33,192,165,40,87,181,68,9,103,162,147,153,15,144,156,155,31,143,53,183,164,41,0,89,102,62,5,134,112,104,99,63,74,20,138,168,188,126,16,71,19,83,60,179,47,43,187,76,151,141,80,58,64,96,177,42,166,3,195,119,81,67,129,35,150,56,100,54,113,116,124,160,95,121];True
7952;7181;15133;[149,57,186,7,136,115,171,12,130,191,163,122,135,185,3,98,193,23,38,196,161,66,45,105,44,174,46,180,37,190,109,10,184,51,34,91,69,28,8,118,194,159,140,48,92,90,131,148,93,14,178,142,85,61,145,94,13,101,75,36,176,26,97,128,52,2,167,107,123,50,146,65,198,73,82,49,133,189,132,170,77,25,18,4,84,88,70,108,21,106,154,59,197,24,86,32,111,110,11,152,72,127,30,114,182,139,29,137,158,175,6,1,117,120,157,173,17,79,199,27,169,172,39,78,55,125,33,192,165,40,87,181,68,9,103,162,147,153,95,144,156,155,31,143,53,183,164,41,0,89,102,62,5,134,112,104,99,63,74,20,138,168,188,126,16,71,19,83,60,179,47,43,187,76,151,141,80,58,64,96,177,42,166,22,195,119,81,67,129,35,150,56,100,54,113,116,124,160,15,121];True
8252;6829;15081;[109,95,54,142,37,46,11,57,3,130,163,122,12,185,189,98,193,149,38,196,161,66,45,135,34,115,65,44,191,190,174,10,184,51,106,91,69,28,8,118,180,159,188,48,92,90,131,148,93,14,178,23,6,61,145,94,13,101,141,36,176,35,97,128,52,2,167,107,123,194,155,50,198,17,82,49,133,18,132,170,77,25,105,4,84,88,70,108,21,73,154,59,197,24,72,78,111,110,171,152,86,127,30,114,182,139,29,137,158,175,85,1,117,120,157,173,186,79,42,27,169,172,39,32,55,125,33,192,165,40,87,181,68,9,103,162,147,67,136,144,156,146,31,143,53,183,164,41,75,89,102,62,5,134,112,104,99,63,74,20,138,168,140,126,16,71,19,83,60,179,47,43,187,76,151,7,80,58,64,96,177,199,166,22,195,119,81,153,129,26,150,56,100,0,113,116,124,160,15,121];True
8296;6807;15103;[142,109,54,95,37,46,11,57,3,130,163,122,12,185,189,98,193,149,38,196,161,66,45,135,34,115,65,44,191,190,174,10,184,51,106,91,69,28,8,118,180,159,188,48,92,90,131,148,93,14,178,23,6,61,145,94,13,101,141,36,176,35,97,128,52,2,167,107,123,194,155,50,198,17,82,49,133,18,132,170,77,25,105,4,84,88,70,108,21,73,154,59,197,24,72,78,111,110,171,152,86,127,30,114,182,139,29,137,158,175,85,1,117,120,157,173,186,79,42,27,169,172,39,32,55,125,33,192,165,40,87,181,68,9,103,162,147,67,136,144,156,146,31,143,53,183,164,41,75,89,102,62,5,134,112,104,99,63,74,20,138,168,140,126,16,71,19,83,60,179,47,43,187,76,151,7,80,58,64,96,177,199,166,22,195,119,81,153,129,26,150,56,100,0,113,116,124,160,15,121];False
9110;6603;15713;[65,174,23,6,149,189,59,57,3,130,163,171,12,185,0,98,169,142,89,196,161,66,15,135,194,115,46,44,37,190,109,10,184,51,34,91,69,28,8,118,180,159,188,48,92,90,131,148,93,14,178,136,191,61,145,94,13,101,7,38,176,35,97,128,52,2,167,107,123,73,155,50,198,17,82,49,133,18,132,170,77,25,105,4,84,88,70,108,21,106,154,122,197,24,72,78,111,110,11,152,86,127,30,114,182,139,29,137,158,175,85,1,117,120,157,173,186,79,42,27,193,172,39,32,55,125,33,192,165,40,87,181,68,9,103,162,147,67,95,144,156,146,31,143,53,183,164,41,75,36,102,62,5,134,112,104,99,63,74,20,138,168,140,126,16,71,19,83,60,179,47,43,187,76,151,141,80,58,64,96,177,199,166,22,195,119,81,153,129,26,150,56,100,54,113,116,124,160,45,121];True
2450;7985;10435;[50,53,106,118,10,176,83,129,8,84,67,48,92,108,21,99,72,77,112,150,56,18,62,120,24,69,26,9,143,20,3,2,121,160,31,16,130,22,38,45,124,94,75,25,165,153,187,127,39,107,87,76,74,194,93,23,30,134,137,86,122,64,101,151,54,158,199,6,117,98,19,110,81,52,182,28,162,78,60,79,185,148,167,61,41,36,46,131,59,133,96,157,138,178,164,173,66,126,198,159,140,184,146,29,154,156,142,15,135,109,43,128,85,152,172,12,181,82,192,139,33,13,111,195,40,37,71,35,88,171,189,197,1,68,116,57,0,113,196,89,5,141,119,4,183,63,51,34,147,65,102,115,14,49,55,155,73,161,80,114,177,169,191,11,104,180,163,170,95,91,90,125,149,32,97,58,100,7,175,179,27,193,136,144,70,168,17,103,105,174,190,188,186,145,42,47,132,166,123,44];True
1816;8567;10383;[69,76,25,48,10,123,2,199,3,196,35,61,74,108,21,174,16,77,112,150,56,18,62,120,24,197,26,9,151,28,179,99,121,160,92,106,130,22,38,34,124,94,161,1,165,153,187,127,39,107,87,122,50,53,93,23,30,134,137,86,6,64,101,143,54,158,129,83,117,98,19,110,81,52,182,45,162,78,180,79,185,148,167,73,41,36,46,131,59,133,96,157,138,178,164,173,66,126,198,159,140,118,109,29,154,156,142,15,135,60,43,128,85,152,172,12,181,82,192,139,33,13,111,195,40,37,71,113,88,171,189,194,31,68,116,57,0,67,84,89,5,141,119,4,183,63,51,72,147,65,102,115,14,49,55,155,184,75,80,114,177,169,191,11,104,20,163,170,95,91,90,125,149,32,97,58,100,7,175,8,27,193,136,144,70,168,17,103,105,146,190,188,186,145,42,47,132,166,176,44];False
2752;7938;10690;[20,69,112,93,10,176,83,129,8,72,165,73,74,108,21,99,16,77,25,150,56,18,62,120,24,197,26,9,198,34,3,2,121,160,142,49,130,22,38,90,124,94,161,1,67,153,187,127,39,107,87,76,50,53,135,23,30,134,137,86,122,64,101,151,54,158,199,6,117,98,19,110,81,52,182,28,162,78,60,79,185,148,167,61,41,36,46,131,59,133,96,157,138,178,164,173,66,126,154,159,140,118,109,29,143,156,106,71,48,146,43,128,85,152,172,12,181,82,192,139,33,13,111,195,40,37,15,35,88,171,189,194,102,68,116,57,0,113,196,89,5,141,119,4,183,63,51,92,147,65,31,115,14,45,55,155,184,75,80,114,177,169,191,11,104,180,163,170,95,91,84,125,149,32,97,58,100,7,175,179,27,193,136,144,70,168,17,103,105,174,190,188,186,145,42,47,132,166,123,44];True
6387;7856;14243;[66,135,22,169,132,57,171,149,7,130,163,122,12,199,3,98,193,191,38,196,161,115,45,105,194,136,46,44,139,190,109,111,184,51,146,91,69,28,8,118,180,27,140,48,92,90,131,148,9,14,198,142,29,61,145,94,13,101,75,36,176,26,164,128,52,2,167,170,123,50,34,71,174,73,82,49,133,166,186,107,77,159,18,4,181,88,70,108,21,106,154,59,197,24,32,195,10,110,11,152,72,127,30,114,182,37,85,55,158,175,6,1,117,120,157,173,17,79,185,102,23,172,39,78,83,125,33,35,165,40,87,84,68,93,103,65,147,153,15,144,156,155,31,143,53,183,97,41,0,89,25,62,5,134,112,104,99,160,74,20,138,168,188,126,16,162,19,137,60,179,47,43,187,76,151,141,80,58,64,96,177,42,189,178,86,119,81,67,129,192,150,56,100,54,113,116,124,63,95,121];False
6275;7892;14167;[193,22,66,169,132,57,171,149,7,130,163,122,12,199,3,98,45,191,38,196,161,115,135,105,194,136,46,44,139,190,109,111,184,51,146,91,69,28,8,118,180,27,140,48,92,90,131,148,9,14,198,142,29,61,145,94,13,101,75,36,176,26,164,128,52,2,167,170,123,50,34,71,174,73,82,49,133,166,186,107,77,159,18,4,181,88,70,108,21,106,154,59,197,24,32,195,10,110,11,152,72,127,30,114,182,37,85,55,158,175,6,1,117,120,157,173,17,79,185,102,23,172,39,78,83,125,33,35,165,40,87,84,68,93,103,65,147,153,15,144,156,155,31,143,53,183,97,41,0,89,25,62,5,134,112,104,99,160,74,20,138,168,188,126,16,162,19,137,60,179,47,43,187,76,151,141,80,58,64,96,177,42,189,178,86,119,81,67,129,192,150,56,100,54,113,116,124,63,95,121];False
6439;7831;14270;[22,132,57,169,191,66,171,149,7,130,163,122,12,199,3,98,193,142,38,196,161,135,45,105,194,115,46,44,139,190,109,111,184,51,146,91,69,28,8,118,180,27,140,48,92,90,131,148,9,14,136,198,29,61,145,94,13,101,75,36,176,26,164,128,52,2,167,170,123,50,34,71,174,73,82,49,133,166,186,107,77,159,18,4,181,88,70,108,21,106,154,59,197,24,32,195,10,110,11,152,72,127,30,114,182,37,85,55,158,175,6,1,117,120,157,173,17,79,185,102,23,172,39,78,83,125,33,35,165,40,87,84,68,93,103,65,147,153,15,144,156,155,31,143,53,183,97,41,0,89,25,62,5,134,112,104,99,160,74,20,138,168,188,126,16,162,19,137,60,179,47,43,187,76,151,141,80,58,64,96,177,42,189,178,86,119,81,67,129,192,150,56,100,54,113,116,124,63,95,121];True
6708;7792;14500;[57,71,191,135,149,23,171,199,7,130,163,122,12,22,66,98,193,109,38,196,161,115,45,105,142,136,46,44,139,190,174,111,184,51,34,91,69,28,8,118,180,159,140,48,92,90,131,148,9,14,3,194,29,61,145,94,13,101,75,36,176,26,164,128,52,2,167,107,123,73,146,50,198,132,82,49,133,189,186,170,77,25,18,4,181,88,70,108,21,106,154,59,197,24,32,195,10,110,11,152,72,127,30,114,182,37,85,55,158,175,6,1,117,120,157,173,17,79,185,102,169,172,39,78,83,125,33,35,165,40,87,84,68,93,103,65,147,153,15,144,156,155,31,143,53,183,97,41,0,89,27,62,5,134,112,104,99,160,74,20,138,168,188,126,16,162,19,137,60,179,47,43,187,76,151,141,80,58,64,96,177,42,166,178,86,119,81,67,129,192,150,56,100,54,113,116,124,63,95,121];False
6667;7761;14428;[66,135,191,149,164,23,171,57,7,130,163,122,12,199,22,98,193,109,38,196,161,115,45,105,142,136,46,44,139,190,174,111,184,51,34,91,69,28,8,118,180,159,140,48,92,90,131,148,9,14,3,194,29,61,145,94,13,101,75,36,176,26,71,128,52,2,167,107,123,73,146,50,198,132,82,49,133,189,186,170,77,25,18,4,181,88,70,108,21,106,154,59,197,24,32,195,10,110,11,152,72,127,30,114,182,37,85,55,158,175,6,1,117,120,157,173,17,79,185,102,169,172,39,78,83,125,33,35,165,40,87,84,68,93,103,65,147,153,15,144,156,155,31,143,53,183,97,41,0,89,27,62,5,134,112,104,99,160,74,20,138,168,188,126,16,162,19,137,60,179,47,43,187,76,151,141,80,58,64,96,177,42,166,178,86,119,81,67,129,192,150,56,100,54,113,116,124,63,95,121];True
7065;7628;14693;[136,37,174,46,135,66,171,57,7,130,163,122,12,185,22,98,193,191,44,196,161,38,45,105,194,115,149,180,23,190,109,111,184,51,106,91,69,28,8,118,34,159,140,48,92,90,131,148,9,14,3,142,85,61,145,94,13,101,75,36,176,26,164,128,52,2,167,107,123,50,146,65,198,186,82,49,133,189,132,170,77,25,18,4,84,88,70,108,21,73,154,59,197,24,32,195,10,110,11,152,72,127,30,114,182,139,29,137,158,175,6,1,117,120,157,173,17,79,199,102,169,172,39,78,83,125,33,192,165,40,87,181,68,93,103,162,147,153,15,144,156,155,31,143,53,183,97,41,0,89,27,62,5,134,112,104,99,160,74,20,138,168,188,126,16,71,19,55,60,179,47,43,187,76,151,141,80,58,64,96,177,42,166,178,86,119,81,67,129,35,150,56,100,54,113,116,124,63,95,121];True
7451;7451;14902;[61,171,7,161,115,191,135,136,22,130,163,122,12,185,57,98,193,109,38,196,23,66,45,105,190,149,46,44,48,198,174,10,184,51,34,91,69,28,8,118,180,159,140,73,92,90,131,148,93,14,178,142,85,194,145,94,13,101,75,36,176,26,164,128,52,2,167,107,123,50,146,65,37,186,82,49,133,189,132,170,77,25,18,4,84,88,70,108,21,106,154,59,197,24,32,195,111,110,11,152,72,127,30,114,182,139,29,137,158,175,6,1,117,120,157,173,17,79,199,27,169,172,39,78,55,125,33,192,165,40,87,181,68,9,103,162,147,153,15,144,156,155,31,143,53,183,97,41,0,89,102,62,5,134,112,104,99,160,74,20,138,168,188,126,16,71,19,83,60,179,47,43,187,76,151,141,80,58,64,96,177,42,166,3,86,119,81,67,129,35,150,56,100,54,113,116,124,63,95,121];False
7413;7437;14850;[191,61,7,161,115,171,135,136,22,130,163,122,12,185,57,98,193,109,38,196,23,66,45,105,190,149,46,44,48,198,174,10,184,51,34,91,69,28,8,118,180,159,140,73,92,90,131,148,93,14,178,142,85,194,145,94,13,101,75,36,176,26,164,128,52,2,167,107,123,50,146,65,37,186,82,49,133,189,132,170,77,25,18,4,84,88,70,108,21,106,154,59,197,24,32,195,111,110,11,152,72,127,30,114,182,139,29,137,158,175,6,1,117,120,157,173,17,79,199,27,169,172,39,78,55,125,33,192,165,40,87,181,68,9,103,162,147,153,15,144,156,155,31,143,53,183,97,41,0,89,102,62,5,134,112,104,99,160,74,20,138,168,188,126,16,71,19,83,60,179,47,43,187,76,151,141,80,58,64,96,177,42,166,3,86,119,81,67,129,35,150,56,100,54,113,116,124,63,95,121];False
7330;7531;14861;[135,193,7,161,136,191,163,171,22,130,185,122,12,61,57,98,109,23,38,196,115,66,45,105,190,149,46,44,48,198,174,10,184,51,34,91,69,28,8,118,180,159,140,73,92,90,131,148,93,14,178,142,85,194,145,94,13,101,75,36,176,26,164,128,52,2,167,107,123,50,146,65,37,186,82,49,133,189,132,170,77,25,18,4,84,88,70,108,21,106,154,59,197,24,32,195,111,110,11,152,72,127,30,114,182,139,29,137,158,175,6,1,117,120,157,173,17,79,199,27,169,172,39,78,55,125,33,192,165,40,87,181,68,9,103,162,147,153,15,144,156,155,31,143,53,183,97,41,0,89,102,62,5,134,112,104,99,160,74,20,138,168,188,126,16,71,19,83,60,179,47,43,187,76,151,141,80,58,64,96,177,42,166,3,86,119,81,67,129,35,150,56,100,54,113,116,124,63,95,121];False
7329;7521;14850;[191,163,7,161,136,46,135,171,22,130,185,122,12,61,57,98,109,23,38,196,115,66,45,105,190,149,193,44,48,198,174,10,184,51,34,91,69,28,8,118,180,159,140,73,92,90,131,148,93,14,178,142,85,194,145,94,13,101,75,36,176,26,164,128,52,2,167,107,123,50,146,65,37,186,82,49,133,189,132,170,77,25,18,4,84,88,70,108,21,106,154,59,197,24,32,195,111,110,11,152,72,127,30,114,182,139,29,137,158,175,6,1,117,120,157,173,17,79,199,27,169,172,39,78,55,125,33,192,165,40,87,181,68,9,103,162,147,153,15,144,156,155,31,143,53,183,97,41,0,89,102,62,5,134,112,104,99,160,74,20,138,168,188,126,16,71,19,83,60,179,47,43,187,76,151,141,80,58,64,96,177,42,166,3,86,119,81,67,129,35,150,56,100,54,113,116,124,63,95,121];False
7322;7497;14819;[149,109,7,161,135,191,163,171,22,130,185,122,12,61,57,98,193,23,38,196,115,66,45,105,136,190,46,44,48,198,174,10,184,51,34,91,69,28,8,118,180,159,140,73,92,90,131,148,93,14,178,142,85,194,145,94,13,101,75,36,176,26,164,128,52,2,167,107,123,50,146,65,37,186,82,49,133,189,132,170,77,25,18,4,84,88,70,108,21,106,154,59,197,24,32,195,111,110,11,152,72,127,30,114,182,139,29,137,158,175,6,1,117,120,157,173,17,79,199,27,169,172,39,78,55,125,33,192,165,40,87,181,68,9,103,162,147,153,15,144,156,155,31,143,53,183,97,41,0,89,102,62,5,134,112,104,99,160,74,20,138,168,188,126,16,71,19,83,60,179,47,43,187,76,151,141,80,58,64,96,177,42,166,3,86,119,81,67,129,35,150,56,100,54,113,116,124,63,95,121];True
7712;7343;15055;[78,171,7,161,136,190,135,22,185,130,163,122,12,149,57,98,193,23,38,196,115,66,45,105,194,191,46,44,48,198,109,10,184,51,34,91,69,28,8,118,180,159,140,73,92,90,131,148,93,14,178,142,85,61,145,94,13,101,75,36,176,26,164,128,52,2,167,107,123,50,146,65,37,186,82,49,133,189,132,170,77,25,18,4,84,88,70,108,21,106,154,59,197,24,32,195,111,110,11,152,72,127,30,114,182,139,29,137,158,175,6,1,117,120,157,173,17,79,199,27,169,172,39,174,55,125,33,192,165,40,87,181,68,9,103,162,147,153,15,144,156,155,31,143,53,183,97,41,0,89,102,62,5,134,112,104,99,160,74,20,138,168,188,126,16,71,19,83,60,179,47,43,187,76,151,141,80,58,64,96,177,42,166,3,86,119,81,67,129,35,150,56,100,54,113,116,124,63,95,121];True
7833;7341;15174;[185,57,22,46,135,115,98,171,7,130,191,122,12,44,163,136,193,23,38,196,161,66,45,105,194,73,37,174,149,190,109,10,184,51,34,91,69,28,8,118,180,159,140,48,92,90,131,148,93,14,178,142,85,61,145,94,13,101,75,36,176,26,97,128,52,2,167,107,123,50,146,65,198,186,82,49,133,189,132,170,77,25,18,4,84,88,70,108,21,106,154,59,197,24,32,86,111,110,11,152,72,127,30,114,182,139,29,137,158,175,6,1,117,120,157,173,17,79,199,27,169,172,39,78,55,125,33,192,165,40,87,181,68,9,103,162,147,153,15,144,156,155,31,143,53,183,164,41,0,89,102,62,5,134,112,104,99,63,74,20,138,168,188,126,16,71,19,83,60,179,47,43,187,76,151,141,80,58,64,96,177,42,166,3,195,119,81,67,129,35,150,56,100,54,113,116,124,160,95,121];False
8086;7178;15264;[115,57,186,7,136,149,171,12,130,191,163,122,135,185,3,98,193,23,38,196,161,66,45,105,44,174,46,180,37,190,109,10,184,51,34,91,69,28,8,118,194,159,140,48,92,90,131,148,93,14,178,142,85,61,145,94,13,101,75,36,176,26,97,128,52,2,167,107,123,50,146,65,198,73,82,49,133,189,132,170,77,25,18,4,84,88,70,108,21,106,154,59,197,24,86,32,111,110,11,152,72,127,30,114,182,139,29,137,158,175,6,1,117,120,157,173,17,79,199,27,169,172,39,78,55,125,33,192,165,40,87,181,68,9,103,162,147,153,95,144,156,155,31,143,53,183,164,41,0,89,102,62,5,134,112,104,99,63,74,20,138,168,188,126,16,71,19,83,60,179,47,43,187,76,151,141,80,58,64,96,177,42,166,22,195,119,81,67,129,35,150,56,100,54,113,116,124,160,15,121];False
8343;6799;15142;[142,95,54,109,37,46,11,57,3,130,163,122,12,185,189,98,193,149,38,196,161,66,45,135,34,115,65,44,191,190,174,10,184,51,106,91,69,28,8,118,180,159,188,48,92,90,131,148,93,14,178,23,6,61,145,94,13,101,141,36,176,35,97,128,52,2,167,107,123,194,155,50,198,17,82,49,133,18,132,170,77,25,105,4,84,88,70,108,21,73,154,59,197,24,72,78,111,110,171,152,86,127,30,114,182,139,29,137,158,175,85,1,117,120,157,173,186,79,42,27,169,172,39,32,55,125,33,192,165,40,87,181,68,9,103,162,147,67,136,144,156,146,31,143,53,183,164,41,75,89,102,62,5,134,112,104,99,63,74,20,138,168,140,126,16,71,19,83,60,179,47,43,187,76,151,7,80,58,64,96,177,199,166,22,195,119,81,153,129,26,150,56,100,0,113,116,124,160,15,121];False
8326;6804;15130;[149,109,54,95,37,46,11,57,3,130,163,122,12,185,189,98,193,142,38,196,161,66,45,135,34,115,65,44,191,190,174,10,184,51,106,91,69,28,8,118,180,159,188,48,92,90,131,148,93,14,178,23,6,61,145,94,13,101,141,36,176,35,97,128,52,2,167,107,123,194,155,50,198,17,82,49,133,18,132,170,77,25,105,4,84,88,70,108,21,73,154,59,197,24,72,78,111,110,171,152,86,127,30,114,182,139,29,137,158,175,85,1,117,120,157,173,186,79,42,27,169,172,39,32,55,125,33,192,165,40,87,181,68,9,103,162,147,67,136,144,156,146,31,143,53,183,164,41,75,89,102,62,5,134,112,104,99,63,74,20,138,168,140,126,16,71,19,83,60,179,47,43,187,76,151,7,80,58,64,96,177,199,166,22,195,119,81,153,129,26,150,56,100,0,113,116,124,160,15,121];False
9135;6586;15721;[73,174,23,6,149,189,59,57,3,130,163,171,12,185,0,98,169,142,89,196,161,66,15,135,194,115,46,44,37,190,109,10,184,51,34,91,69,28,8,118,180,159,188,48,92,90,131,148,93,14,178,136,191,61,145,94,13,101,7,38,176,35,97,128,52,2,167,107,123,65,155,50,198,17,82,49,133,18,132,170,77,25,105,4,84,88,70,108,21,106,154,122,197,24,72,78,111,110,11,152,86,127,30,114,182,139,29,137,158,175,85,1,117,120,157,173,186,79,42,27,193,172,39,32,55,125,33,192,165,40,87,181,68,9,103,162,147,67,95,144,156,146,31,143,53,183,164,41,75,36,102,62,5,134,112,104,99,63,74,20,138,168,140,126,16,71,19,83,60,179,47,43,187,76,151,141,80,58,64,96,177,199,166,22,195,119,81,153,129,26,150,56,100,54,113,116,124,160,45,121];True
2421;8002;10423;[50,51,106,118,10,176,83,129,8,84,67,48,92,108,21,99,72,77,112,150,56,18,62,120,24,69,26,9,143,20,3,2,121,160,31,16,130,22,38,45,124,94,75,25,165,153,187,127,39,107,87,76,74,194,93,23,30,134,137,86,122,64,101,151,54,158,199,6,117,98,19,110,81,52,182,28,162,78,60,79,185,148,167,61,41,36,46,131,59,133,96,157,138,178,164,173,66,126,198,159,140,184,146,29,154,156,142,15,135,109,43,128,85,152,172,12,181,82,192,139,33,13,111,195,40,37,71,35,88,171,189,197,1,68,116,57,0,113,196,89,5,141,119,4,183,63,53,34,147,65,102,115,14,49,55,155,73,161,80,114,177,169,191,11,104,180,163,170,95,91,90,125,149,32,97,58,100,7,175,179,27,193,136,144,70,168,17,103,105,174,190,188,186,145,42,47,132,166,123,44];False
1815;8569;10384;[69,76,25,48,10,73,2,199,3,196,35,61,74,108,21,174,16,77,112,150,56,18,62,120,24,197,26,9,151,28,179,99,121,160,92,106,130,22,38,34,124,94,161,1,165,153,187,127,39,107,87,122,50,53,93,23,30,134,137,86,6,64,101,143,54,158,129,83,117,98,19,110,81,52,182,45,162,78,180,79,185,148,167,123,41,36,46,131,59,133,96,157,138,178,164,173,66,126,198,159,140,118,109,29,154,156,142,15,135,60,43,128,85,152,172,12,181,82,192,139,33,13,111,195,40,37,71,113,88,171,189,194,31,68,116,57,0,67,84,89,5,141,119,4,183,63,51,72,147,65,102,115,14,49,55,155,184,75,80,114,177,169,191,11,104,20,163,170,95,91,90,125,149,32,97,58,100,7,175,8,27,193,136,144,70,168,17,103,105,146,190,188,186,145,42,47,132,166,176,44];True
2858;7917;10775;[90,69,112,93,10,176,83,129,8,72,165,73,74,108,21,99,16,77,25,150,56,18,62,120,24,197,26,9,198,34,3,2,121,160,142,49,130,22,38,20,124,94,161,1,67,153,187,127,39,107,87,76,50,53,135,23,30,134,137,86,122,64,101,151,54,158,199,6,117,98,19,110,81,52,182,28,162,78,60,79,185,148,167,61,41,36,46,131,59,133,96,157,138,178,164,173,66,126,154,159,140,118,109,29,143,156,106,71,48,146,43,128,85,152,172,12,181,82,192,139,33,13,111,195,40,37,15,35,88,171,189,194,102,68,116,57,0,113,196,89,5,141,119,4,183,63,51,92,147,65,31,115,14,45,55,155,184,75,80,114,177,169,191,11,104,180,163,170,95,91,84,125,149,32,97,58,100,7,175,179,27,193,136,144,70,168,17,103,105,174,190,188,186,145,42,47,132,166,123,44];True
6317;7860;14177;[111,135,22,169,132,57,171,149,7,130,163,122,12,199,3,98,193,191,38,196,161,115,45,105,194,136,46,44,139,190,109,66,184,51,146,91,69,28,8,118,180,27,140,48,92,90,131,148,9,14,198,142,29,61,145,94,13,101,75,36,176,26,164,128,52,2,167,170,123,50,34,71,174,73,82,49,133,166,186,107,77,159,18,4,181,88,70,108,21,106,154,59,197,24,32,195,10,110,11,152,72,127,30,114,182,37,85,55,158,175,6,1,117,120,157,173,17,79,185,102,23,172,39,78,83,125,33,35,165,40,87,84,68,93,103,65,147,153,15,144,156,155,31,143,53,183,97,41,0,89,25,62,5,134,112,104,99,160,74,20,138,168,188,126,16,162,19,137,60,179,47,43,187,76,151,141,80,58,64,96,177,42,189,178,86,119,81,67,129,192,150,56,100,54,113,116,124,63,95,121];False
6274;7896;14170;[191,22,66,169,132,57,171,149,7,130,163,122,12,199,3,98,45,193,38,196,161,115,135,105,194,136,46,44,139,190,109,111,184,51,146,91,69,28,8,118,180,27,140,48,92,90,131,148,9,14,198,142,29,61,145,94,13,101,75,36,176,26,164,128,52,2,167,170,123,50,34,71,174,73,82,49,133,166,186,107,77,159,18,4,181,88,70,108,21,106,154,59,197,24,32,195,10,110,11,152,72,127,30,114,182,37,85,55,158,175,6,1,117,120,157,173,17,79,185,102,23,172,39,78,83,125,33,35,165,40,87,84,68,93,103,65,147,153,15,144,156,155,31,143,53,183,97,41,0,89,25,62,5,134,112,104,99,160,74,20,138,168,188,126,16,162,19,137,60,179,47,43,187,76,151,141,80,58,64,96,177,42,189,178,86,119,81,67,129,192,150,56,100,54,113,116,124,63,95,121];False
6323;7835;14158;[115,132,57,169,191,66,171,149,7,130,163,122,12,199,3,98,193,142,38,196,161,135,45,105,194,22,46,44,139,190,109,111,184,51,146,91,69,28,8,118,180,27,140,48,92,90,131,148,9,14,136,198,29,61,145,94,13,101,75,36,176,26,164,128,52,2,167,170,123,50,34,71,174,73,82,49,133,166,186,107,77,159,18,4,181,88,70,108,21,106,154,59,197,24,32,195,10,110,11,152,72,127,30,114,182,37,85,55,158,175,6,1,117,120,157,173,17,79,185,102,23,172,39,78,83,125,33,35,165,40,87,84,68,93,103,65,147,153,15,144,156,155,31,143,53,183,97,41,0,89,25,62,5,134,112,104,99,160,74,20,138,168,188,126,16,162,19,137,60,179,47,43,187,76,151,141,80,58,64,96,177,42,189,178,86,119,81,67,129,192,150,56,100,54,113,116,124,63,95,121];True
6665;7803;14468;[171,135,191,149,164,23,66,57,7,130,163,122,12,199,22,98,193,109,38,196,161,115,45,105,142,136,46,44,139,190,174,111,184,51,34,91,69,28,8,118,180,159,140,48,92,90,131,148,9,14,3,194,29,61,145,94,13,101,75,36,176,26,71,128,52,2,167,107,123,73,146,50,198,132,82,49,133,189,186,170,77,25,18,4,181,88,70,108,21,106,154,59,197,24,32,195,10,110,11,152,72,127,30,114,182,37,85,55,158,175,6,1,117,120,157,173,17,79,185,102,169,172,39,78,83,125,33,35,165,40,87,84,68,93,103,65,147,153,15,144,156,155,31,143,53,183,97,41,0,89,27,62,5,134,112,104,99,160,74,20,138,168,188,126,16,162,19,137,60,179,47,43,187,76,151,141,80,58,64,96,177,42,166,178,86,119,81,67,129,192,150,56,100,54,113,116,124,63,95,121];False
7111;7620;14731;[135,37,174,46,136,66,171,57,7,130,163,122,12,185,22,98,193,191,44,196,161,38,45,105,194,115,149,180,23,190,109,111,184,51,106,91,69,28,8,118,34,159,140,48,92,90,131,148,9,14,3,142,85,61,145,94,13,101,75,36,176,26,164,128,52,2,167,107,123,50,146,65,198,186,82,49,133,189,132,170,77,25,18,4,84,88,70,108,21,73,154,59,197,24,32,195,10,110,11,152,72,127,30,114,182,139,29,137,158,175,6,1,117,120,157,173,17,79,199,102,169,172,39,78,83,125,33,192,165,40,87,181,68,93,103,162,147,153,15,144,156,155,31,143,53,183,97,41,0,89,27,62,5,134,112,104,99,160,74,20,138,168,188,126,16,71,19,55,60,179,47,43,187,76,151,141,80,58,64,96,177,42,166,178,86,119,81,67,129,35,150,56,100,54,113,116,124,63,95,121];True
7405;7470;14875;[98,61,7,161,115,171,135,136,22,130,163,122,12,185,57,191,193,109,38,196,23,66,45,105,190,149,46,44,48,198,174,10,184,51,34,91,69,28,8,118,180,159,140,73,92,90,131,148,93,14,178,142,85,194,145,94,13,101,75,36,176,26,164,128,52,2,167,107,123,50,146,65,37,186,82,49,133,189,132,170,77,25,18,4,84,88,70,108,21,106,154,59,197,24,32,195,111,110,11,152,72,127,30,114,182,139,29,137,158,175,6,1,117,120,157,173,17,79,199,27,169,172,39,78,55,125,33,192,165,40,87,181,68,9,103,162,147,153,15,144,156,155,31,143,53,183,97,41,0,89,102,62,5,134,112,104,99,160,74,20,138,168,188,126,16,71,19,83,60,179,47,43,187,76,151,141,80,58,64,96,177,42,166,3,86,119,81,67,129,35,150,56,100,54,113,116,124,63,95,121];False
7345;7492;14837;[61,109,7,161,135,191,163,171,22,130,185,122,12,149,57,98,193,23,38,196,115,66,45,105,136,190,46,44,48,198,174,10,184,51,34,91,69,28,8,118,180,159,140,73,92,90,131,148,93,14,178,142,85,194,145,94,13,101,75,36,176,26,164,128,52,2,167,107,123,50,146,65,37,186,82,49,133,189,132,170,77,25,18,4,84,88,70,108,21,106,154,59,197,24,32,195,111,110,11,152,72,127,30,114,182,139,29,137,158,175,6,1,117,120,157,173,17,79,199,27,169,172,39,78,55,125,33,192,165,40,87,181,68,9,103,162,147,153,15,144,156,155,31,143,53,183,97,41,0,89,102,62,5,134,112,104,99,160,74,20,138,168,188,126,16,71,19,83,60,179,47,43,187,76,151,141,80,58,64,96,177,42,166,3,86,119,81,67,129,35,150,56,100,54,113,116,124,63,95,121];True
7647;7386;15033;[135,171,7,161,136,190,78,22,185,130,163,122,12,149,57,98,193,23,38,196,115,66,45,105,194,191,46,44,48,198,109,10,184,51,34,91,69,28,8,118,180,159,140,73,92,90,131,148,93,14,178,142,85,61,145,94,13,101,75,36,176,26,164,128,52,2,167,107,123,50,146,65,37,186,82,49,133,189,132,170,77,25,18,4,84,88,70,108,21,106,154,59,197,24,32,195,111,110,11,152,72,127,30,114,182,139,29,137,158,175,6,1,117,120,157,173,17,79,199,27,169,172,39,174,55,125,33,192,165,40,87,181,68,9,103,162,147,153,15,144,156,155,31,143,53,183,97,41,0,89,102,62,5,134,112,104,99,160,74,20,138,168,188,126,16,71,19,83,60,179,47,43,187,76,151,141,80,58,64,96,177,42,166,3,86,119,81,67,129,35,150,56,100,54,113,116,124,63,95,121];True
7838;7336;15174;[57,185,22,46,135,115,98,171,7,130,191,122,12,44,163,136,193,23,38,196,161,66,45,105,194,73,37,174,149,190,109,10,184,51,34,91,69,28,8,118,180,159,140,48,92,90,131,148,93,14,178,142,85,61,145,94,13,101,75,36,176,26,97,128,52,2,167,107,123,50,146,65,198,186,82,49,133,189,132,170,77,25,18,4,84,88,70,108,21,106,154,59,197,24,32,86,111,110,11,152,72,127,30,114,182,139,29,137,158,175,6,1,117,120,157,173,17,79,199,27,169,172,39,78,55,125,33,192,165,40,87,181,68,9,103,162,147,153,15,144,156,155,31,143,53,183,164,41,0,89,102,62,5,134,112,104,99,63,74,20,138,168,188,126,16,71,19,83,60,179,47,43,187,76,151,141,80,58,64,96,177,42,166,3,195,119,81,67,129,35,150,56,100,54,113,116,124,160,95,121];False
7738;7341;15079;[97,57,22,46,135,115,98,171,7,130,191,122,12,44,163,136,193,23,38,196,161,66,45,105,194,73,37,174,149,190,109,10,184,51,34,91,69,28,8,118,180,159,140,48,92,90,131,148,93,14,178,142,85,61,145,94,13,101,75,36,176,26,185,128,52,2,167,107,123,50,146,65,198,186,82,49,133,189,132,170,77,25,18,4,84,88,70,108,21,106,154,59,197,24,32,86,111,110,11,152,72,127,30,114,182,139,29,137,158,175,6,1,117,120,157,173,17,79,199,27,169,172,39,78,55,125,33,192,165,40,87,181,68,9,103,162,147,153,15,144,156,155,31,143,53,183,164,41,0,89,102,62,5,134,112,104,99,63,74,20,138,168,188,126,16,71,19,83,60,179,47,43,187,76,151,141,80,58,64,96,177,42,166,3,195,119,81,67,129,35,150,56,100,54,113,116,124,160,95,121];True
8000;7177;15177;[185,57,186,7,136,149,171,12,130,191,163,122,135,115,3,98,193,23,38,196,161,66,45,105,44,174,46,180,37,190,109,10,184,51,34,91,69,28,8,118,194,159,140,48,92,90,131,148,93,14,178,142,85,61,145,94,13,101,75,36,176,26,97,128,52,2,167,107,123,50,146,65,198,73,82,49,133,189,132,170,77,25,18,4,84,88,70,108,21,106,154,59,197,24,86,32,111,110,11,152,72,127,30,114,182,139,29,137,158,175,6,1,117,120,157,173,17,79,199,27,169,172,39,78,55,125,33,192,165,40,87,181,68,9,103,162,147,153,95,144,156,155,31,143,53,183,164,41,0,89,102,62,5,134,112,104,99,63,74,20,138,168,188,126,16,71,19,83,60,179,47,43,187,76,151,141,80,58,64,96,177,42,166,22,195,119,81,67,129,35,150,56,100,54,113,116,124,160,15,121];True
8238;6836;15074;[3,95,54,109,37,46,11,57,142,130,163,122,12,185,189,98,193,149,38,196,161,66,45,135,34,115,65,44,191,190,174,10,184,51,106,91,69,28,8,118,180,159,188,48,92,90,131,148,93,14,178,23,6,61,145,94,13,101,141,36,176,35,97,128,52,2,167,107,123,194,155,50,198,17,82,49,133,18,132,170,77,25,105,4,84,88,70,108,21,73,154,59,197,24,72,78,111,110,171,152,86,127,30,114,182,139,29,137,158,175,85,1,117,120,157,173,186,79,42,27,169,172,39,32,55,125,33,192,165,40,87,181,68,9,103,162,147,67,136,144,156,146,31,143,53,183,164,41,75,89,102,62,5,134,112,104,99,63,74,20,138,168,140,126,16,71,19,83,60,179,47,43,187,76,151,7,80,58,64,96,177,199,166,22,195,119,81,153,129,26,150,56,100,0,113,116,124,160,15,121];True
8386;6792;15178;[109,149,54,95,37,46,11,57,3,130,163,122,12,185,189,98,193,142,38,196,161,66,45,135,34,115,65,44,191,190,174,10,184,51,106,91,69,28,8,118,180,159,188,48,92,90,131,148,93,14,178,23,6,61,145,94,13,101,141,36,176,35,97,128,52,2,167,107,123,194,155,50,198,17,82,49,133,18,132,170,77,25,105,4,84,88,70,108,21,73,154,59,197,24,72,78,111,110,171,152,86,127,30,114,182,139,29,137,158,175,85,1,117,120,157,173,186,79,42,27,169,172,39,32,55,125,33,192,165,40,87,181,68,9,103,162,147,67,136,144,156,146,31,143,53,183,164,41,75,89,102,62,5,134,112,104,99,63,74,20,138,168,140,126,16,71,19,83,60,179,47,43,187,76,151,7,80,58,64,96,177,199,166,22,195,119,81,153,129,26,150,56,100,0,113,116,124,160,15,121];False
8324;6782;15106;[37,109,54,95,149,46,11,57,3,130,163,122,12,185,189,98,193,142,38,196,161,66,45,135,34,115,65,44,191,190,174,10,184,51,106,91,69,28,8,118,180,159,188,48,92,90,131,148,93,14,178,23,6,61,145,94,13,101,141,36,176,35,97,128,52,2,167,107,123,194,155,50,198,17,82,49,133,18,132,170,77,25,105,4,84,88,70,108,21,73,154,59,197,24,72,78,111,110,171,152,86,127,30,114,182,139,29,137,158,175,85,1,117,120,157,173,186,79,42,27,169,172,39,32,55,125,33,192,165,40,87,181,68,9,103,162,147,67,136,144,156,146,31,143,53,183,164,41,75,89,102,62,5,134,112,104,99,63,74,20,138,168,140,126,16,71,19,83,60,179,47,43,187,76,151,7,80,58,64,96,177,199,166,22,195,119,81,153,129,26,150,56,100,0,113,116,124,160,15,121];True
9121;6601;15722;[73,34,23,6,149,189,59,57,3,130,163,171,12,185,0,98,169,142,89,196,161,66,15,135,194,115,46,44,37,190,109,10,184,51,174,91,69,28,8,118,180,159,188,48,92,90,131,148,93,14,178,136,191,61,145,94,13,101,7,38,176,35,97,128,52,2,167,107,123,65,155,50,198,17,82,49,133,18,132,170,77,25,105,4,84,88,70,108,21,106,154,122,197,24,72,78,111,110,11,152,86,127,30,114,182,139,29,137,158,175,85,1,117,120,157,173,186,79,42,27,193,172,39,32,55,125,33,192,165,40,87,181,68,9,103,162,147,67,95,144,156,146,31,143,53,183,164,41,75,36,102,62,5,134,112,104,99,63,74,20,138,168,140,126,16,71,19,83,60,179,47,43,187,76,151,141,80,58,64,96,177,199,166,22,195,119,81,153,129,26,150,56,100,54,113,116,124,160,45,121];True
2371;7999;10370;[50,51,106,118,109,176,83,129,8,84,67,48,92,108,21,99,72,77,112,150,56,18,62,120,24,69,26,9,143,20,3,2,121,160,31,16,130,22,38,45,124,94,75,25,165,153,187,127,39,107,87,76,74,194,93,23,30,134,137,86,122,64,101,151,54,158,199,6,117,98,19,110,81,52,182,28,162,78,60,79,185,148,167,61,41,36,46,131,59,133,96,157,138,178,164,173,66,126,198,159,140,184,146,29,154,156,142,15,135,10,43,128,85,152,172,12,181,82,192,139,33,13,111,195,40,37,71,35,88,171,189,197,1,68,116,57,0,113,196,89,5,141,119,4,183,63,53,34,147,65,102,115,14,49,55,155,73,161,80,114,177,169,191,11,104,180,163,170,95,91,90,125,149,32,97,58,100,7,175,179,27,193,136,144,70,168,17,103,105,174,190,188,186,145,42,47,132,166,123,44];True
1816;8560;10376;[69,76,25,48,10,73,2,199,3,196,35,61,74,108,21,174,16,77,112,150,56,18,62,120,24,197,26,9,151,28,114,99,121,160,92,106,130,22,38,34,124,94,161,1,165,153,187,127,39,107,87,122,50,53,93,23,30,134,137,86,6,64,101,143,54,158,129,83,117,98,19,110,81,52,182,45,162,78,180,79,185,148,167,123,41,36,46,131,59,133,96,157,138,178,164,173,66,126,198,159,140,118,109,29,154,156,142,15,135,60,43,128,85,152,172,12,181,82,192,139,33,13,111,195,40,37,71,113,88,171,189,194,31,68,116,57,0,67,84,89,5,141,119,4,183,63,51,72,147,65,102,115,14,49,55,155,184,75,80,179,177,169,191,11,104,20,163,170,95,91,90,125,149,32,97,58,100,7,175,8,27,193,136,144,70,168,17,103,105,146,190,188,186,145,42,47,132,166,176,44];True
2763;7933;10696;[90,112,69,93,10,176,83,129,8,72,165,73,74,108,21,99,16,77,25,150,56,18,62,120,24,197,26,9,198,34,3,2,121,160,142,49,130,22,38,20,124,94,161,1,67,153,187,127,39,107,87,76,50,53,135,23,30,134,137,86,122,64,101,151,54,158,199,6,117,98,19,110,81,52,182,28,162,78,60,79,185,148,167,61,41,36,46,131,59,133,96,157,138,178,164,173,66,126,154,159,140,118,109,29,143,156,106,71,48,146,43,128,85,152,172,12,181,82,192,139,33,13,111,195,40,37,15,35,88,171,189,194,102,68,116,57,0,113,196,89,5,141,119,4,183,63,51,92,147,65,31,115,14,45,55,155,184,75,80,114,177,169,191,11,104,180,163,170,95,91,84,125,149,32,97,58,100,7,175,179,27,193,136,144,70,168,17,103,105,174,190,188,186,145,42,47,132,166,123,44];True
6297;7836;14133;[135,111,22,169,132,57,171,149,7,130,163,122,12,199,3,98,193,191,38,196,161,115,45,105,194,136,46,44,139,190,109,66,184,51,146,91,69,28,8,118,180,27,140,48,92,90,131,148,9,14,198,142,29,61,145,94,13,101,75,36,176,26,164,128,52,2,167,170,123,50,34,71,174,73,82,49,133,166,186,107,77,159,18,4,181,88,70,108,21,106,154,59,197,24,32,195,10,110,11,152,72,127,30,114,182,37,85,55,158,175,6,1,117,120,157,173,17,79,185,102,23,172,39,78,83,125,33,35,165,40,87,84,68,93,103,65,147,153,15,144,156,155,31,143,53,183,97,41,0,89,25,62,5,134,112,104,99,160,74,20,138,168,188,126,16,162,19,137,60,179,47,43,187,76,151,141,80,58,64,96,177,42,189,178,86,119,81,67,129,192,150,56,100,54,113,116,124,63,95,121];True
6238;7897;14135;[130,22,66,169,132,57,171,149,7,191,163,122,12,199,3,98,45,193,38,196,161,115,135,105,194,136,46,44,139,190,109,111,184,51,146,91,69,28,8,118,180,27,140,48,92,90,131,148,9,14,198,142,29,61,145,94,13,101,75,36,176,26,164,128,52,2,167,170,123,50,34,71,174,73,82,49,133,166,186,107,77,159,18,4,181,88,70,108,21,106,154,59,197,24,32,195,10,110,11,152,72,127,30,114,182,37,85,55,158,175,6,1,117,120,157,173,17,79,185,102,23,172,39,78,83,125,33,35,165,40,87,84,68,93,103,65,147,153,15,144,156,155,31,143,53,183,97,41,0,89,25,62,5,134,112,104,99,160,74,20,138,168,188,126,16,162,19,137,60,179,47,43,187,76,151,141,80,58,64,96,177,42,189,178,86,119,81,67,129,192,150,56,100,54,113,116,124,63,95,121];False
6257;7852;14109;[135,132,57,169,191,66,171,149,7,130,163,122,12,199,3,98,193,142,38,196,161,115,45,105,194,22,46,44,139,190,109,111,184,51,146,91,69,28,8,118,180,27,140,48,92,90,131,148,9,14,136,198,29,61,145,94,13,101,75,36,176,26,164,128,52,2,167,170,123,50,34,71,174,73,82,49,133,166,186,107,77,159,18,4,181,88,70,108,21,106,154,59,197,24,32,195,10,110,11,152,72,127,30,114,182,37,85,55,158,175,6,1,117,120,157,173,17,79,185,102,23,172,39,78,83,125,33,35,165,40,87,84,68,93,103,65,147,153,15,144,156,155,31,143,53,183,97,41,0,89,25,62,5,134,112,104,99,160,74,20,138,168,188,126,16,162,19,137,60,179,47,43,187,76,151,141,80,58,64,96,177,42,189,178,86,119,81,67,129,192,150,56,100,54,113,116,124,63,95,121];True
6653;7783;14436;[191,135,171,149,164,23,66,57,7,130,163,122,12,199,22,98,193,109,38,196,161,115,45,105,142,136,46,44,139,190,174,111,184,51,34,91,69,28,8,118,180,159,140,48,92,90,131,148,9,14,3,194,29,61,145,94,13,101,75,36,176,26,71,128,52,2,167,107,123,73,146,50,198,132,82,49,133,189,186,170,77,25,18,4,181,88,70,108,21,106,154,59,197,24,32,195,10,110,11,152,72,127,30,114,182,37,85,55,158,175,6,1,117,120,157,173,17,79,185,102,169,172,39,78,83,125,33,35,165,40,87,84,68,93,103,65,147,153,15,144,156,155,31,143,53,183,97,41,0,89,27,62,5,134,112,104,99,160,74,20,138,168,188,126,16,162,19,137,60,179,47,43,187,76,151,141,80,58,64,96,177,42,166,178,86,119,81,67,129,192,150,56,100,54,113,116,124,63,95,121];False
7059;7689;14748;[57,37,174,46,136,66,171,135,7,130,163,122,12,185,22,98,193,191,44,196,161,38,45,105,194,115,149,180,23,190,109,111,184,51,106,91,69,28,8,118,34,159,140,48,92,90,131,148,9,14,3,142,85,61,145,94,13,101,75,36,176,26,164,128,52,2,167,107,123,50,146,65,198,186,82,49,133,189,132,170,77,25,18,4,84,88,70,108,21,73,154,59,197,24,32,195,10,110,11,152,72,127,30,114,182,139,29,137,158,175,6,1,117,120,157,173,17,79,199,102,169,172,39,78,83,125,33,192,165,40,87,181,68,93,103,162,147,153,15,144,156,155,31,143,53,183,97,41,0,89,27,62,5,134,112,104,99,160,74,20,138,168,188,126,16,71,19,55,60,179,47,43,187,76,151,141,80,58,64,96,177,42,166,178,86,119,81,67,129,35,150,56,100,54,113,116,124,63,95,121];True
7346;7467;14813;[57,61,7,161,115,171,135,136,22,130,163,122,12,185,98,191,193,109,38,196,23,66,45,105,190,149,46,44,48,198,174,10,184,51,34,91,69,28,8,118,180,159,140,73,92,90,131,148,93,14,178,142,85,194,145,94,13,101,75,36,176,26,164,128,52,2,167,107,123,50,146,65,37,186,82,49,133,189,132,170,77,25,18,4,84,88,70,108,21,106,154,59,197,24,32,195,111,110,11,152,72,127,30,114,182,139,29,137,158,175,6,1,117,120,157,173,17,79,199,27,169,172,39,78,55,125,33,192,165,40,87,181,68,9,103,162,147,153,15,144,156,155,31,143,53,183,97,41,0,89,102,62,5,134,112,104,99,160,74,20,138,168,188,126,16,71,19,83,60,179,47,43,187,76,151,141,80,58,64,96,177,42,166,3,86,119,81,67,129,35,150,56,100,54,113,116,124,63,95,121];True
7288;7498;14786;[193,109,7,161,135,191,163,171,22,130,185,122,12,149,57,98,61,23,38,196,115,66,45,105,136,190,46,44,48,198,174,10,184,51,34,91,69,28,8,118,180,159,140,73,92,90,131,148,93,14,178,142,85,194,145,94,13,101,75,36,176,26,164,128,52,2,167,107,123,50,146,65,37,186,82,49,133,189,132,170,77,25,18,4,84,88,70,108,21,106,154,59,197,24,32,195,111,110,11,152,72,127,30,114,182,139,29,137,158,175,6,1,117,120,157,173,17,79,199,27,169,172,39,78,55,125,33,192,165,40,87,181,68,9,103,162,147,153,15,144,156,155,31,143,53,183,97,41,0,89,102,62,5,134,112,104,99,160,74,20,138,168,188,126,16,71,19,83,60,179,47,43,187,76,151,141,80,58,64,96,177,42,166,3,86,119,81,67,129,35,150,56,100,54,113,116,124,63,95,121];True
7606;7392;14998;[66,171,7,161,136,190,78,22,185,130,163,122,12,149,57,98,193,23,38,196,115,135,45,105,194,191,46,44,48,198,109,10,184,51,34,91,69,28,8,118,180,159,140,73,92,90,131,148,93,14,178,142,85,61,145,94,13,101,75,36,176,26,164,128,52,2,167,107,123,50,146,65,37,186,82,49,133,189,132,170,77,25,18,4,84,88,70,108,21,106,154,59,197,24,32,195,111,110,11,152,72,127,30,114,182,139,29,137,158,175,6,1,117,120,157,173,17,79,199,27,169,172,39,174,55,125,33,192,165,40,87,181,68,9,103,162,147,153,15,144,156,155,31,143,53,183,97,41,0,89,102,62,5,134,112,104,99,160,74,20,138,168,188,126,16,71,19,83,60,179,47,43,187,76,151,141,80,58,64,96,177,42,166,3,86,119,81,67,129,35,150,56,100,54,113,116,124,63,95,121];True
7833;7307;15140;[136,185,22,46,135,115,98,171,7,130,191,122,12,44,163,57,193,23,38,196,161,66,45,105,194,73,37,174,149,190,109,10,184,51,34,91,69,28,8,118,180,159,140,48,92,90,131,148,93,14,178,142,85,61,145,94,13,101,75,36,176,26,97,128,52,2,167,107,123,50,146,65,198,186,82,49,133,189,132,170,77,25,18,4,84,88,70,108,21,106,154,59,197,24,32,86,111,110,11,152,72,127,30,114,182,139,29,137,158,175,6,1,117,120,157,173,17,79,199,27,169,172,39,78,55,125,33,192,165,40,87,181,68,9,103,162,147,153,15,144,156,155,31,143,53,183,164,41,0,89,102,62,5,134,112,104,99,63,74,20,138,168,188,126,16,71,19,83,60,179,47,43,187,76,151,141,80,58,64,96,177,42,166,3,195,119,81,67,129,35,150,56,100,54,113,116,124,160,95,121];True
7804;7332;15136;[98,57,22,46,135,115,97,171,7,130,191,122,12,44,163,136,193,23,38,196,161,66,45,105,194,73,37,174,149,190,109,10,184,51,34,91,69,28,8,118,180,159,140,48,92,90,131,148,93,14,178,142,85,61,145,94,13,101,75,36,176,26,185,128,52,2,167,107,123,50,146,65,198,186,82,49,133,189,132,170,77,25,18,4,84,88,70,108,21,106,154,59,197,24,32,86,111,110,11,152,72,127,30,114,182,139,29,137,158,175,6,1,117,120,157,173,17,79,199,27,169,172,39,78,55,125,33,192,165,40,87,181,68,9,103,162,147,153,15,144,156,155,31,143,53,183,164,41,0,89,102,62,5,134,112,104,99,63,74,20,138,168,188,126,16,71,19,83,60,179,47,43,187,76,151,141,80,58,64,96,177,42,166,3,195,119,81,67,129,35,150,56,100,54,113,116,124,160,95,121];True
8117;7170;15287;[57,185,186,7,136,149,171,12,130,191,163,122,135,115,3,98,193,23,38,196,161,66,45,105,44,174,46,180,37,190,109,10,184,51,34,91,69,28,8,118,194,159,140,48,92,90,131,148,93,14,178,142,85,61,145,94,13,101,75,36,176,26,97,128,52,2,167,107,123,50,146,65,198,73,82,49,133,189,132,170,77,25,18,4,84,88,70,108,21,106,154,59,197,24,86,32,111,110,11,152,72,127,30,114,182,139,29,137,158,175,6,1,117,120,157,173,17,79,199,27,169,172,39,78,55,125,33,192,165,40,87,181,68,9,103,162,147,153,95,144,156,155,31,143,53,183,164,41,0,89,102,62,5,134,112,104,99,63,74,20,138,168,188,126,16,71,19,83,60,179,47,43,187,76,151,141,80,58,64,96,177,42,166,22,195,119,81,67,129,35,150,56,100,54,113,116,124,160,15,121];False
8092;7169;15261;[136,57,186,7,185,149,171,12,130,191,163,122,135,115,3,98,193,23,38,196,161,66,45,105,44,174,46,180,37,190,109,10,184,51,34,91,69,28,8,118,194,159,140,48,92,90,131,148,93,14,178,142,85,61,145,94,13,101,75,36,176,26,97,128,52,2,167,107,123,50,146,65,198,73,82,49,133,189,132,170,77,25,18,4,84,88,70,108,21,106,154,59,197,24,86,32,111,110,11,152,72,127,30,114,182,139,29,137,158,175,6,1,117,120,157,173,17,79,199,27,169,172,39,78,55,125,33,192,165,40,87,181,68,9,103,162,147,153,95,144,156,155,31,143,53,183,164,41,0,89,102,62,5,134,112,104,99,63,74,20,138,168,188,126,16,71,19,83,60,179,47,43,187,76,151,141,80,58,64,96,177,42,166,22,195,119,81,67,129,35,150,56,100,54,113,116,124,160,15,121];True
8225;6855;15080;[38,95,54,109,37,46,11,57,142,130,163,122,12,185,189,98,193,149,3,196,161,66,45,135,34,115,65,44,191,190,174,10,184,51,106,91,69,28,8,118,180,159,188,48,92,90,131,148,93,14,178,23,6,61,145,94,13,101,141,36,176,35,97,128,52,2,167,107,123,194,155,50,198,17,82,49,133,18,132,170,77,25,105,4,84,88,70,108,21,73,154,59,197,24,72,78,111,110,171,152,86,127,30,114,182,139,29,137,158,175,85,1,117,120,157,173,186,79,42,27,169,172,39,32,55,125,33,192,165,40,87,181,68,9,103,162,147,67,136,144,156,146,31,143,53,183,164,41,75,89,102,62,5,134,112,104,99,63,74,20,138,168,140,126,16,71,19,83,60,179,47,43,187,76,151,7,80,58,64,96,177,199,166,22,195,119,81,153,129,26,150,56,100,0,113,116,124,160,15,121];True
8319;6797;15116;[190,109,54,95,149,46,11,57,3,130,163,122,12,185,189,98,193,142,38,196,161,66,45,135,34,115,65,44,191,37,174,10,184,51,106,91,69,28,8,118,180,159,188,48,92,90,131,148,93,14,178,23,6,61,145,94,13,101,141,36,176,35,97,128,52,2,167,107,123,194,155,50,198,17,82,49,133,18,132,170,77,25,105,4,84,88,70,108,21,73,154,59,197,24,72,78,111,110,171,152,86,127,30,114,182,139,29,137,158,175,85,1,117,120,157,173,186,79,42,27,169,172,39,32,55,125,33,192,165,40,87,181,68,9,103,162,147,67,136,144,156,146,31,143,53,183,164,41,75,89,102,62,5,134,112,104,99,63,74,20,138,168,140,126,16,71,19,83,60,179,47,43,187,76,151,7,80,58,64,96,177,199,166,22,195,119,81,153,129,26,150,56,100,0,113,116,124,160,15,121];True
8975;6626;15601;[73,37,23,6,149,189,59,57,3,130,163,171,12,185,0,98,169,142,89,196,161,66,15,135,194,115,46,44,34,190,109,10,184,51,174,91,69,28,8,118,180,159,188,48,92,90,131,148,93,14,178,136,191,61,145,94,13,101,7,38,176,35,97,128,52,2,167,107,123,65,155,50,198,17,82,49,133,18,132,170,77,25,105,4,84,88,70,108,21,106,154,122,197,24,72,78,111,110,11,152,86,127,30,114,182,139,29,137,158,175,85,1,117,120,157,173,186,79,42,27,193,172,39,32,55,125,33,192,165,40,87,181,68,9,103,162,147,67,95,144,156,146,31,143,53,183,164,41,75,36,102,62,5,134,112,104,99,63,74,20,138,168,140,126,16,71,19,83,60,179,47,43,187,76,151,141,80,58,64,96,177,199,166,22,195,119,81,153,129,26,150,56,100,54,113,116,124,160,45,121];True
2428;7987;10415;[53,51,106,118,109,176,83,129,8,84,67,48,92,108,21,99,72,77,112,150,56,18,62,120,24,69,26,9,143,20,3,2,121,160,31,16,130,22,38,45,124,94,75,25,165,153,187,127,39,107,87,76,74,194,93,23,30,134,137,86,122,64,101,151,54,158,199,6,117,98,19,110,81,52,182,28,162,78,60,79,185,148,167,61,41,36,46,131,59,133,96,157,138,178,164,173,66,126,198,159,140,184,146,29,154,156,142,15,135,10,43,128,85,152,172,12,181,82,192,139,33,13,111,195,40,37,71,35,88,171,189,197,1,68,116,57,0,113,196,89,5,141,119,4,183,63,50,34,147,65,102,115,14,49,55,155,73,161,80,114,177,169,191,11,104,180,163,170,95,91,90,125,149,32,97,58,100,7,175,179,27,193,136,144,70,168,17,103,105,174,190,188,186,145,42,47,132,166,123,44];True
1817;8558;10375;[69,76,25,48,10,123,2,199,3,196,35,61,74,108,21,174,16,77,112,150,56,18,62,120,24,197,26,9,151,28,114,99,121,160,92,106,130,22,38,34,124,94,161,1,165,153,187,127,39,107,87,122,50,53,93,23,30,134,137,86,6,64,101,143,54,158,129,83,117,98,19,110,81,52,182,45,162,78,180,79,185,148,167,73,41,36,46,131,59,133,96,157,138,178,164,173,66,126,198,159,140,118,109,29,154,156,142,15,135,60,43,128,85,152,172,12,181,82,192,139,33,13,111,195,40,37,71,113,88,171,189,194,31,68,116,57,0,67,84,89,5,141,119,4,183,63,51,72,147,65,102,115,14,49,55,155,184,75,80,179,177,169,191,11,104,20,163,170,95,91,90,125,149,32,97,58,100,7,175,8,27,193,136,144,70,168,17,103,105,146,190,188,186,145,42,47,132,166,176,44];True
2749;7939;10688;[173,112,69,93,10,176,83,129,8,72,165,73,74,108,21,99,16,77,25,150,56,18,62,120,24,197,26,9,198,34,3,2,121,160,142,49,130,22,38,20,124,94,161,1,67,153,187,127,39,107,87,76,50,53,135,23,30,134,137,86,122,64,101,151,54,158,199,6,117,98,19,110,81,52,182,28,162,78,60,79,185,148,167,61,41,36,46,131,59,133,96,157,138,178,164,90,66,126,154,159,140,118,109,29,143,156,106,71,48,146,43,128,85,152,172,12,181,82,192,139,33,13,111,195,40,37,15,35,88,171,189,194,102,68,116,57,0,113,196,89,5,141,119,4,183,63,51,92,147,65,31,115,14,45,55,155,184,75,80,114,177,169,191,11,104,180,163,170,95,91,84,125,149,32,97,58,100,7,175,179,27,193,136,144,70,168,17,103,105,174,190,188,186,145,42,47,132,166,123,44];True
6223;7874;14097;[22,111,135,169,132,57,171,149,7,130,163,122,12,199,3,98,193,191,38,196,161,115,45,105,194,136,46,44,139,190,109,66,184,51,146,91,69,28,8,118,180,27,140,48,92,90,131,148,9,14,198,142,29,61,145,94,13,101,75,36,176,26,164,128,52,2,167,170,123,50,34,71,174,73,82,49,133,166,186,107,77,159,18,4,181,88,70,108,21,106,154,59,197,24,32,195,10,110,11,152,72,127,30,114,182,37,85,55,158,175,6,1,117,120,157,173,17,79,185,102,23,172,39,78,83,125,33,35,165,40,87,84,68,93,103,65,147,153,15,144,156,155,31,143,53,183,97,41,0,89,25,62,5,134,112,104,99,160,74,20,138,168,188,126,16,162,19,137,60,179,47,43,187,76,151,141,80,58,64,96,177,42,189,178,86,119,81,67,129,192,150,56,100,54,113,116,124,63,95,121];True
6248;7862;14110;[45,132,57,169,191,66,171,149,7,130,163,122,12,199,3,98,193,142,38,196,161,115,135,105,194,22,46,44,139,190,109,111,184,51,146,91,69,28,8,118,180,27,140,48,92,90,131,148,9,14,136,198,29,61,145,94,13,101,75,36,176,26,164,128,52,2,167,170,123,50,34,71,174,73,82,49,133,166,186,107,77,159,18,4,181,88,70,108,21,106,154,59,197,24,32,195,10,110,11,152,72,127,30,114,182,37,85,55,158,175,6,1,117,120,157,173,17,79,185,102,23,172,39,78,83,125,33,35,165,40,87,84,68,93,103,65,147,153,15,144,156,155,31,143,53,183,97,41,0,89,25,62,5,134,112,104,99,160,74,20,138,168,188,126,16,162,19,137,60,179,47,43,187,76,151,141,80,58,64,96,177,42,189,178,86,119,81,67,129,192,150,56,100,54,113,116,124,63,95,121];True
6643;7773;14416;[135,191,171,149,164,23,66,57,7,130,163,122,12,199,22,98,193,109,38,196,161,115,45,105,142,136,46,44,139,190,174,111,184,51,34,91,69,28,8,118,180,159,140,48,92,90,131,148,9,14,3,194,29,61,145,94,13,101,75,36,176,26,71,128,52,2,167,107,123,73,146,50,198,132,82,49,133,189,186,170,77,25,18,4,181,88,70,108,21,106,154,59,197,24,32,195,10,110,11,152,72,127,30,114,182,37,85,55,158,175,6,1,117,120,157,173,17,79,185,102,169,172,39,78,83,125,33,35,165,40,87,84,68,93,103,65,147,153,15,144,156,155,31,143,53,183,97,41,0,89,27,62,5,134,112,104,99,160,74,20,138,168,188,126,16,162,19,137,60,179,47,43,187,76,151,141,80,58,64,96,177,42,166,178,86,119,81,67,129,192,150,56,100,54,113,116,124,63,95,121];True
7058;7712;14770;[7,37,174,46,136,66,171,135,57,130,163,122,12,185,22,98,193,191,44,196,161,38,45,105,194,115,149,180,23,190,109,111,184,51,106,91,69,28,8,118,34,159,140,48,92,90,131,148,9,14,3,142,85,61,145,94,13,101,75,36,176,26,164,128,52,2,167,107,123,50,146,65,198,186,82,49,133,189,132,170,77,25,18,4,84,88,70,108,21,73,154,59,197,24,32,195,10,110,11,152,72,127,30,114,182,139,29,137,158,175,6,1,117,120,157,173,17,79,199,102,169,172,39,78,83,125,33,192,165,40,87,181,68,93,103,162,147,153,15,144,156,155,31,143,53,183,97,41,0,89,27,62,5,134,112,104,99,160,74,20,138,168,188,126,16,71,19,55,60,179,47,43,187,76,151,141,80,58,64,96,177,42,166,178,86,119,81,67,129,35,150,56,100,54,113,116,124,63,95,121];True
7387;7462;14849;[61,57,7,161,115,171,135,136,22,130,163,122,12,185,98,191,193,109,38,196,23,66,45,105,190,149,46,44,48,198,174,10,184,51,34,91,69,28,8,118,180,159,140,73,92,90,131,148,93,14,178,142,85,194,145,94,13,101,75,36,176,26,164,128,52,2,167,107,123,50,146,65,37,186,82,49,133,189,132,170,77,25,18,4,84,88,70,108,21,106,154,59,197,24,32,195,111,110,11,152,72,127,30,114,182,139,29,137,158,175,6,1,117,120,157,173,17,79,199,27,169,172,39,78,55,125,33,192,165,40,87,181,68,9,103,162,147,153,15,144,156,155,31,143,53,183,97,41,0,89,102,62,5,134,112,104,99,160,74,20,138,168,188,126,16,71,19,83,60,179,47,43,187,76,151,141,80,58,64,96,177,42,166,3,86,119,81,67,129,35,150,56,100,54,113,116,124,63,95,121];True
7412;7432;14844;[191,61,7,161,115,171,135,136,22,130,163,122,12,185,98,57,193,109,38,196,23,66,45,105,190,149,46,44,48,198,174,10,184,51,34,91,69,28,8,118,180,159,140,73,92,90,131,148,93,14,178,142,85,194,145,94,13,101,75,36,176,26,164,128,52,2,167,107,123,50,146,65,37,186,82,49,133,189,132,170,77,25,18,4,84,88,70,108,21,106,154,59,197,24,32,195,111,110,11,152,72,127,30,114,182,139,29,137,158,175,6,1,117,120,157,173,17,79,199,27,169,172,39,78,55,125,33,192,165,40,87,181,68,9,103,162,147,153,15,144,156,155,31,143,53,183,97,41,0,89,102,62,5,134,112,104,99,160,74,20,138,168,188,126,16,71,19,83,60,179,47,43,187,76,151,141,80,58,64,96,177,42,166,3,86,119,81,67,129,35,150,56,100,54,113,116,124,63,95,121];True
7339;7494;14833;[45,109,7,161,135,191,163,171,22,130,185,122,12,149,57,98,61,23,38,196,115,66,193,105,136,190,46,44,48,198,174,10,184,51,34,91,69,28,8,118,180,159,140,73,92,90,131,148,93,14,178,142,85,194,145,94,13,101,75,36,176,26,164,128,52,2,167,107,123,50,146,65,37,186,82,49,133,189,132,170,77,25,18,4,84,88,70,108,21,106,154,59,197,24,32,195,111,110,11,152,72,127,30,114,182,139,29,137,158,175,6,1,117,120,157,173,17,79,199,27,169,172,39,78,55,125,33,192,165,40,87,181,68,9,103,162,147,153,15,144,156,155,31,143,53,183,97,41,0,89,102,62,5,134,112,104,99,160,74,20,138,168,188,126,16,71,19,83,60,179,47,43,187,76,151,141,80,58,64,96,177,42,166,3,86,119,81,67,129,35,150,56,100,54,113,116,124,63,95,121];True
7560;7414;14974;[22,171,7,161,136,190,78,66,185,130,163,122,12,149,57,98,193,23,38,196,115,135,45,105,194,191,46,44,48,198,109,10,184,51,34,91,69,28,8,118,180,159,140,73,92,90,131,148,93,14,178,142,85,61,145,94,13,101,75,36,176,26,164,128,52,2,167,107,123,50,146,65,37,186,82,49,133,189,132,170,77,25,18,4,84,88,70,108,21,106,154,59,197,24,32,195,111,110,11,152,72,127,30,114,182,139,29,137,158,175,6,1,117,120,157,173,17,79,199,27,169,172,39,174,55,125,33,192,165,40,87,181,68,9,103,162,147,153,15,144,156,155,31,143,53,183,97,41,0,89,102,62,5,134,112,104,99,160,74,20,138,168,188,126,16,71,19,83,60,179,47,43,187,76,151,141,80,58,64,96,177,42,166,3,86,119,81,67,129,35,150,56,100,54,113,116,124,63,95,121];True
7930;7299;15229;[115,185,22,46,135,136,98,171,7,130,191,122,12,44,163,57,193,23,38,196,161,66,45,105,194,73,37,174,149,190,109,10,184,51,34,91,69,28,8,118,180,159,140,48,92,90,131,148,93,14,178,142,85,61,145,94,13,101,75,36,176,26,97,128,52,2,167,107,123,50,146,65,198,186,82,49,133,189,132,170,77,25,18,4,84,88,70,108,21,106,154,59,197,24,32,86,111,110,11,152,72,127,30,114,182,139,29,137,158,175,6,1,117,120,157,173,17,79,199,27,169,172,39,78,55,125,33,192,165,40,87,181,68,9,103,162,147,153,15,144,156,155,31,143,53,183,164,41,0,89,102,62,5,134,112,104,99,63,74,20,138,168,188,126,16,71,19,83,60,179,47,43,187,76,151,141,80,58,64,96,177,42,166,3,195,119,81,67,129,35,150,56,100,54,113,116,124,160,95,121];True
7752;7338;15090;[57,98,22,46,135,115,97,171,7,130,191,122,12,44,163,136,193,23,38,196,161,66,45,105,194,73,37,174,149,190,109,10,184,51,34,91,69,28,8,118,180,159,140,48,92,90,131,148,93,14,178,142,85,61,145,94,13,101,75,36,176,26,185,128,52,2,167,107,123,50,146,65,198,186,82,49,133,189,132,170,77,25,18,4,84,88,70,108,21,106,154,59,197,24,32,86,111,110,11,152,72,127,30,114,182,139,29,137,158,175,6,1,117,120,157,173,17,79,199,27,169,172,39,78,55,125,33,192,165,40,87,181,68,9,103,162,147,153,15,144,156,155,31,143,53,183,164,41,0,89,102,62,5,134,112,104,99,63,74,20,138,168,188,126,16,71,19,83,60,179,47,43,187,76,151,141,80,58,64,96,177,42,166,3,195,119,81,67,129,35,150,56,100,54,113,116,124,160,95,121];True
7827;7330;15157;[22,57,98,46,135,115,97,171,7,130,191,122,12,44,163,136,193,23,38,196,161,66,45,105,194,73,37,174,149,190,109,10,184,51,34,91,69,28,8,118,180,159,140,48,92,90,131,148,93,14,178,142,85,61,145,94,13,101,75,36,176,26,185,128,52,2,167,107,123,50,146,65,198,186,82,49,133,189,132,170,77,25,18,4,84,88,70,108,21,106,154,59,197,24,32,86,111,110,11,152,72,127,30,114,182,139,29,137,158,175,6,1,117,120,157,173,17,79,199,27,169,172,39,78,55,125,33,192,165,40,87,181,68,9,103,162,147,153,15,144,156,155,31,143,53,183,164,41,0,89,102,62,5,134,112,104,99,63,74,20,138,168,188,126,16,71,19,83,60,179,47,43,187,76,151,141,80,58,64,96,177,42,166,3,195,119,81,67,129,35,150,56,100,54,113,116,124,160,95,121];True
8116;7153;15269;[115,57,186,7,185,149,171,12,130,191,163,122,135,136,3,98,193,23,38,196,161,66,45,105,44,174,46,180,37,190,109,10,184,51,34,91,69,28,8,118,194,159,140,48,92,90,131,148,93,14,178,142,85,61,145,94,13,101,75,36,176,26,97,128,52,2,167,107,123,50,146,65,198,73,82,49,133,189,132,170,77,25,18,4,84,88,70,108,21,106,154,59,197,24,86,32,111,110,11,152,72,127,30,114,182,139,29,137,158,175,6,1,117,120,157,173,17,79,199,27,169,172,39,78,55,125,33,192,165,40,87,181,68,9,103,162,147,153,95,144,156,155,31,143,53,183,164,41,0,89,102,62,5,134,112,104,99,63,74,20,138,168,188,126,16,71,19,83,60,179,47,43,187,76,151,141,80,58,64,96,177,42,166,22,195,119,81,67,129,35,150,56,100,54,113,116,124,160,15,121];True
8149;6860;15009;[66,95,54,109,37,46,11,57,142,130,163,122,12,185,189,98,193,149,3,196,161,38,45,135,34,115,65,44,191,190,174,10,184,51,106,91,69,28,8,118,180,159,188,48,92,90,131,148,93,14,178,23,6,61,145,94,13,101,141,36,176,35,97,128,52,2,167,107,123,194,155,50,198,17,82,49,133,18,132,170,77,25,105,4,84,88,70,108,21,73,154,59,197,24,72,78,111,110,171,152,86,127,30,114,182,139,29,137,158,175,85,1,117,120,157,173,186,79,42,27,169,172,39,32,55,125,33,192,165,40,87,181,68,9,103,162,147,67,136,144,156,146,31,143,53,183,164,41,75,89,102,62,5,134,112,104,99,63,74,20,138,168,140,126,16,71,19,83,60,179,47,43,187,76,151,7,80,58,64,96,177,199,166,22,195,119,81,153,129,26,150,56,100,0,113,116,124,160,15,121];True
8285;6800;15085;[198,109,54,95,149,46,11,57,3,130,163,122,12,185,189,98,193,142,38,196,161,66,45,135,34,115,65,44,191,37,174,10,184,51,106,91,69,28,8,118,180,159,188,48,92,90,131,148,93,14,178,23,6,61,145,94,13,101,141,36,176,35,97,128,52,2,167,107,123,194,155,50,190,17,82,49,133,18,132,170,77,25,105,4,84,88,70,108,21,73,154,59,197,24,72,78,111,110,171,152,86,127,30,114,182,139,29,137,158,175,85,1,117,120,157,173,186,79,42,27,169,172,39,32,55,125,33,192,165,40,87,181,68,9,103,162,147,67,136,144,156,146,31,143,53,183,164,41,75,89,102,62,5,134,112,104,99,63,74,20,138,168,140,126,16,71,19,83,60,179,47,43,187,76,151,7,80,58,64,96,177,199,166,22,195,119,81,153,129,26,150,56,100,0,113,116,124,160,15,121];True
8910;6636;15546;[65,37,23,6,149,189,59,57,3,130,163,171,12,185,0,98,169,142,89,196,161,66,15,135,194,115,46,44,34,190,109,10,184,51,174,91,69,28,8,118,180,159,188,48,92,90,131,148,93,14,178,136,191,61,145,94,13,101,7,38,176,35,97,128,52,2,167,107,123,73,155,50,198,17,82,49,133,18,132,170,77,25,105,4,84,88,70,108,21,106,154,122,197,24,72,78,111,110,11,152,86,127,30,114,182,139,29,137,158,175,85,1,117,120,157,173,186,79,42,27,193,172,39,32,55,125,33,192,165,40,87,181,68,9,103,162,147,67,95,144,156,146,31,143,53,183,164,41,75,36,102,62,5,134,112,104,99,63,74,20,138,168,140,126,16,71,19,83,60,179,47,43,187,76,151,141,80,58,64,96,177,199,166,22,195,119,81,153,129,26,150,56,100,54,113,116,124,160,45,121];True
2391;7989;10380;[194,51,106,118,109,176,83,129,8,84,67,48,92,108,21,99,72,77,112,150,56,18,62,120,24,69,26,9,143,20,3,2,121,160,31,16,130,22,38,45,124,94,75,25,165,153,187,127,39,107,87,76,74,53,93,23,30,134,137,86,122,64,101,151,54,158,199,6,117,98,19,110,81,52,182,28,162,78,60,79,185,148,167,61,41,36,46,131,59,133,96,157,138,178,164,173,66,126,198,159,140,184,146,29,154,156,142,15,135,10,43,128,85,152,172,12,181,82,192,139,33,13,111,195,40,37,71,35,88,171,189,197,1,68,116,57,0,113,196,89,5,141,119,4,183,63,50,34,147,65,102,115,14,49,55,155,73,161,80,114,177,169,191,11,104,180,163,170,95,91,90,125,149,32,97,58,100,7,175,179,27,193,136,144,70,168,17,103,105,174,190,188,186,145,42,47,132,166,123,44];True
1821;8524;10345;[69,76,25,48,10,176,2,199,3,196,35,61,74,108,21,174,16,77,112,150,56,18,62,120,24,197,26,9,151,28,114,99,121,160,92,106,130,22,38,34,124,94,161,1,165,153,187,127,39,107,87,122,50,53,93,23,30,134,137,86,6,64,101,143,54,158,129,83,117,98,19,110,81,52,182,45,162,78,180,79,185,148,167,73,41,36,46,131,59,133,96,157,138,178,164,173,66,126,198,159,140,118,109,29,154,156,142,15,135,60,43,128,85,152,172,12,181,82,192,139,33,13,111,195,40,37,71,113,88,171,189,194,31,68,116,57,0,67,84,89,5,141,119,4,183,63,51,72,147,65,102,115,14,49,55,155,184,75,80,179,177,169,191,11,104,20,163,170,95,91,90,125,149,32,97,58,100,7,175,8,27,193,136,144,70,168,17,103,105,146,190,188,186,145,42,47,132,166,123,44];True
2008;8168;10176;[71,2,25,48,10,176,83,129,8,84,67,61,74,108,21,99,16,77,112,150,56,18,62,120,24,197,26,9,143,20,3,45,121,160,92,106,130,22,38,34,124,94,161,1,165,153,187,127,39,107,87,122,50,53,93,23,30,134,137,86,76,64,101,151,54,158,199,6,117,98,19,110,81,52,182,28,162,78,60,79,185,148,167,73,41,36,46,131,59,133,96,157,138,178,164,173,66,126,198,159,140,118,109,29,154,156,142,15,135,146,43,128,85,152,172,12,181,82,192,139,33,13,111,195,40,37,174,35,88,171,189,194,31,68,116,57,0,113,196,89,5,141,119,4,183,63,51,72,147,65,102,115,14,49,55,155,184,75,80,114,177,169,191,11,104,180,163,170,95,91,90,125,149,32,97,58,100,7,175,179,27,193,136,144,70,168,17,103,105,69,190,188,186,145,42,47,132,166,123,44];True
1987;8192;10179;[49,67,25,48,10,176,83,129,8,84,122,73,74,108,21,99,16,77,112,150,56,18,62,120,24,197,26,9,143,20,3,2,121,160,92,106,130,22,38,34,124,94,161,1,165,153,187,127,39,107,87,76,50,53,93,23,30,134,137,86,69,64,101,151,54,158,199,6,117,98,19,110,81,52,182,28,162,78,60,79,185,148,167,61,41,36,46,131,59,133,96,157,138,178,164,173,66,126,198,159,140,118,109,29,154,156,142,15,135,146,43,128,85,152,172,12,181,82,192,139,33,13,111,195,40,37,71,35,88,171,189,194,31,68,116,57,0,113,196,89,5,141,119,4,183,63,51,72,147,65,102,115,14,45,55,155,184,75,80,114,177,169,191,11,104,180,163,170,95,91,90,125,149,32,97,58,100,7,175,179,27,193,136,144,70,168,17,103,105,174,190,188,186,145,42,47,132,166,123,44];True
1939;8241;10180;[45,76,25,48,10,176,83,129,8,84,67,61,74,108,21,99,16,77,112,150,56,18,62,120,24,197,26,9,143,20,3,2,121,160,92,106,130,22,38,34,124,94,161,1,165,153,187,127,39,107,87,122,50,53,93,23,30,134,137,86,69,64,101,151,54,158,199,6,117,98,19,110,81,52,182,28,162,78,60,79,185,148,167,73,41,36,46,131,59,133,96,157,138,178,164,173,66,126,198,159,140,118,109,29,154,156,142,15,135,146,43,128,85,152,172,12,181,82,192,139,33,13,111,195,40,37,71,35,88,171,189,194,31,68,116,57,0,113,196,89,5,141,119,4,183,63,51,72,147,65,102,115,14,49,55,155,184,75,80,114,177,169,191,11,104,180,163,170,95,91,90,125,149,32,97,58,100,7,175,179,27,193,136,144,70,168,17,103,105,174,190,188,186,145,42,47,132,166,123,44];True
2056;8137;10193;[34,122,25,48,10,176,83,129,8,84,67,61,74,108,21,99,16,77,112,150,56,18,62,120,24,197,26,9,143,20,3,2,167,160,92,142,130,22,38,45,124,94,161,1,165,153,187,127,39,107,87,76,50,53,93,23,30,134,137,86,69,64,101,151,54,158,199,6,117,98,19,110,81,52,182,28,162,78,60,79,185,148,121,73,41,36,46,131,59,133,96,157,138,178,164,173,66,126,198,159,140,118,109,29,154,156,106,15,135,146,43,128,85,152,172,12,181,82,192,139,33,13,111,195,40,37,71,35,88,171,189,194,31,68,116,57,0,113,196,89,5,141,119,4,183,63,51,72,147,65,102,115,14,49,55,155,184,75,80,114,177,169,191,11,104,180,163,170,95,91,90,125,149,32,97,58,100,7,175,179,27,193,136,144,70,168,17,103,105,174,190,188,186,145,42,47,132,166,123,44];True
2130;8110;10240;[174,67,25,48,10,176,83,129,8,84,122,73,74,108,21,99,16,77,112,150,56,18,62,120,24,197,26,9,143,20,3,2,121,160,92,49,130,22,38,34,124,94,161,1,165,153,187,127,39,107,87,76,50,53,93,23,30,134,137,86,69,64,101,151,54,158,199,6,117,98,19,110,81,52,182,28,162,78,60,79,185,148,167,61,41,36,46,131,59,133,96,157,138,178,164,173,66,126,198,159,140,118,109,29,154,156,106,71,135,146,43,128,85,152,172,12,181,82,192,139,33,13,111,195,11,37,15,35,88,171,189,194,31,68,116,57,0,113,196,89,5,141,119,4,183,63,51,72,147,65,102,115,14,45,55,155,184,75,80,114,177,169,191,40,104,180,163,170,95,91,90,125,149,32,97,58,100,7,175,179,27,193,136,144,70,168,17,103,105,142,190,188,186,145,42,47,132,166,123,44];True
2138;8103;10241;[174,67,25,48,10,176,83,129,8,84,122,73,74,108,21,99,16,77,112,150,56,18,62,120,24,197,26,9,143,20,3,2,121,160,92,49,130,22,38,34,124,94,161,1,165,153,187,127,39,107,87,76,50,53,93,23,30,134,137,86,69,64,101,151,54,158,199,6,117,98,19,110,81,52,182,28,162,78,60,79,185,148,167,61,41,36,46,131,59,133,96,157,138,178,164,173,66,126,198,159,140,118,109,29,154,156,106,71,135,146,43,128,85,152,172,12,181,82,192,139,33,13,111,195,40,37,15,35,88,171,189,194,102,68,116,57,0,113,196,89,5,141,119,4,183,63,51,72,147,65,31,115,14,45,55,155,184,75,80,114,177,169,191,11,104,180,163,170,95,91,90,125,149,32,97,58,100,7,175,179,27,193,136,144,70,168,17,103,105,142,190,188,186,145,42,47,132,166,123,44];True
1526;9113;10639;[193,67,112,48,10,1,2,129,8,84,122,107,101,118,105,99,141,17,45,15,173,18,25,120,24,197,26,9,109,20,146,49,147,65,92,142,130,22,38,34,3,94,75,12,165,153,187,127,39,73,87,76,50,53,93,27,30,134,58,86,181,82,23,151,54,158,121,6,117,98,78,110,81,52,108,74,183,83,135,79,185,148,167,61,59,36,46,5,41,133,96,157,138,178,152,56,66,126,198,159,140,19,51,29,154,156,160,71,69,190,43,128,85,164,111,192,40,124,150,139,33,13,172,195,182,37,60,35,88,145,189,194,31,171,116,57,186,113,196,89,162,106,119,28,4,97,131,0,199,62,102,115,14,114,55,155,184,161,80,137,177,169,191,11,104,180,163,170,95,91,90,125,149,32,68,63,100,7,175,143,174,16,136,144,70,168,64,103,21,72,77,188,179,176,42,47,132,166,123,44];True
1513;9177;10690;[193,67,112,48,10,1,2,129,8,84,122,107,101,118,105,99,141,17,45,15,173,18,25,120,24,197,26,9,109,20,146,49,147,65,92,142,130,22,38,34,3,94,75,12,165,153,187,127,39,73,87,76,50,53,93,27,30,134,137,86,181,82,23,151,54,158,121,6,117,98,78,110,81,52,108,74,183,83,135,79,185,148,167,61,59,36,46,5,41,133,96,157,138,178,152,56,66,126,198,159,140,19,131,29,154,156,160,71,69,190,43,128,85,164,111,192,40,124,150,139,33,13,172,195,182,37,60,35,88,145,189,194,31,171,116,57,186,113,196,89,162,106,119,28,4,97,51,0,199,62,102,115,14,114,55,155,184,161,80,58,177,169,191,11,104,180,163,170,95,91,90,125,149,32,68,63,100,7,175,143,174,16,136,144,70,168,64,103,21,72,77,188,179,176,42,47,132,166,123,44];True
1510;9201;10711;[193,67,112,48,10,1,2,129,8,84,122,107,101,118,105,99,141,17,45,15,173,18,25,120,24,197,26,9,109,20,146,49,147,65,92,142,130,22,38,34,3,94,75,12,165,153,187,127,39,73,87,76,50,53,93,27,30,134,58,86,181,82,23,151,54,158,121,6,117,98,78,110,81,52,108,74,183,83,135,79,185,148,167,61,59,36,46,5,41,133,96,157,138,178,152,56,66,126,198,159,140,19,131,29,154,156,160,71,69,190,43,128,85,164,111,192,40,124,150,139,33,13,172,195,182,149,60,35,88,145,189,194,31,171,116,57,186,113,196,89,162,106,119,28,4,97,51,0,199,62,102,115,14,114,55,155,184,161,80,137,177,169,191,11,104,180,163,170,95,91,90,125,37,32,68,63,100,7,175,143,174,16,136,144,70,168,64,103,21,72,77,188,179,176,42,47,132,166,123,44];True
1508;9208;10716;[193,67,112,48,10,1,2,129,8,84,122,107,101,118,105,99,141,17,45,15,173,18,25,120,24,197,26,9,109,20,146,49,147,65,92,142,130,22,38,34,3,94,75,12,165,153,187,127,39,73,87,76,50,53,93,27,30,134,58,86,181,82,23,151,54,158,121,6,117,98,78,110,81,52,108,74,183,83,135,79,185,148,167,61,59,36,46,5,41,133,96,157,138,178,152,56,66,126,198,159,140,19,131,29,154,156,160,71,69,190,43,128,85,164,111,192,40,124,150,139,33,13,172,195,182,37,60,35,88,145,189,194,31,171,116,57,186,113,196,89,162,106,119,28,4,97,51,0,199,62,102,115,14,114,55,155,184,161,80,137,177,169,191,11,104,180,163,170,95,91,90,125,149,32,68,63,100,7,175,143,174,16,136,144,70,168,64,103,21,72,77,188,179,176,42,47,132,166,123,44];True
9486;6554;16040;[73,174,23,136,149,189,11,57,3,130,163,122,12,185,54,98,193,191,38,196,161,66,45,135,194,115,46,44,37,190,109,10,184,51,34,91,69,28,8,118,180,159,188,48,92,90,131,148,93,14,178,142,6,61,145,94,13,101,141,36,176,35,97,128,52,2,167,107,123,50,155,65,198,17,82,49,133,18,132,170,77,25,105,4,84,88,70,108,21,106,154,59,197,24,72,78,111,110,171,152,86,127,30,114,182,139,29,137,158,175,85,1,117,120,157,173,186,79,42,27,169,172,39,32,55,125,33,192,165,40,87,181,68,9,103,162,147,67,95,144,156,146,31,143,53,183,164,41,75,89,102,62,5,134,112,104,99,63,74,20,138,168,140,126,16,71,19,83,60,179,47,43,187,76,151,7,80,58,64,96,177,199,166,22,195,119,81,153,129,26,150,56,100,0,113,116,124,160,15,121];True
