utilA;utilB;utilSum;contract;pareto
10439;9707;20146;[0,1,2,3,4,5,6,7,8,9,10,11,12,13,14,15,16,17,18,19,20,21,22,23,24,25,26,27,28,29,30,31,32,33,34,39,36,37,38,35,40,41,42,43,44,45,46,47,48,49,50,51,52,53,54,55,56,57,58,59,60,61,62,63,64,65,66,67,68,69,70,71,72,73,74,75,76,77,78,79,80,81,82,83,84,85,86,87,88,89,90,91,92,93,94,95,96,97,98,99,100,101,102,103,104,105,106,107,108,109,110,111,112,113,114,115,116,117,118,119,120,121,122,123,124,125,126,127,128,129,130,131,132,133,134,135,136,137,138,139,140,141,142,143,144,145,146,147,148,149,150,151,152,153,154,155,156,157,158,159,160,161,162,163,164,165,166,167,168,169,170,171,172,173,174,175,176,177,178,179,180,181,182,183,184,185,186,187,188,189,190,191,192,193,194,195,196,197,198,199,];False
10362;9675;20037;[0,1,2,3,4,5,6,7,8,9,10,11,12,13,14,15,16,17,18,19,20,21,22,23,24,25,26,27,28,29,30,31,32,33,34,35,36,37,38,39,40,41,42,43,44,45,46,47,48,49,50,51,52,53,54,55,56,57,58,59,60,61,62,63,64,65,66,67,68,69,70,71,72,73,74,75,76,77,78,79,80,81,82,83,84,85,86,87,88,89,90,91,92,93,94,95,96,97,98,99,100,101,102,103,104,105,106,107,108,109,110,111,112,113,114,115,116,117,118,119,120,121,122,123,124,125,126,127,128,129,130,131,132,133,134,135,136,137,138,139,140,141,142,143,144,145,146,147,148,149,150,151,152,153,154,155,156,157,158,159,160,161,162,163,164,165,166,167,168,169,170,171,172,173,174,175,176,177,178,179,180,181,182,183,184,185,186,187,188,189,190,191,192,193,194,195,196,197,198,199,];False
10304;9659;19963;[0,1,2,3,4,5,6,7,8,9,10,11,12,13,14,15,16,17,18,19,20,21,22,23,24,25,26,27,28,29,30,31,32,33,34,35,36,37,38,39,40,41,42,43,44,45,46,47,48,49,50,51,52,53,54,55,56,57,58,59,60,61,62,63,64,65,66,67,68,69,70,71,72,73,74,75,76,77,78,79,80,81,82,83,84,85,86,87,88,89,90,91,92,93,94,95,96,97,98,99,100,101,102,103,104,105,106,107,108,109,110,111,112,113,114,115,173,117,118,119,120,121,122,123,124,125,126,127,128,129,130,131,132,133,134,135,136,137,138,139,140,141,142,143,144,145,146,147,148,149,150,151,152,153,154,155,156,157,158,159,160,161,162,163,164,165,166,167,168,169,170,171,172,116,174,175,176,177,178,179,180,181,182,183,184,185,186,187,188,189,190,191,192,193,194,195,196,197,198,199,];False
10312;9631;19943;[0,1,2,3,4,5,6,7,8,9,10,11,12,13,14,15,16,17,18,19,20,21,22,23,24,25,26,27,28,29,30,98,32,33,34,35,36,37,38,39,40,41,42,43,44,45,46,47,48,49,50,51,52,53,54,55,56,57,58,59,60,61,62,63,64,65,66,67,68,69,70,71,72,73,74,75,76,77,78,153,80,160,82,83,84,85,86,87,88,89,90,91,92,93,94,95,96,97,31,99,100,101,102,103,104,105,106,107,108,109,110,111,112,113,114,115,173,117,118,119,120,121,122,123,124,125,126,127,128,129,130,131,132,133,134,135,136,137,138,139,140,141,142,143,144,145,146,147,148,149,150,151,152,79,154,155,156,157,158,159,81,161,162,163,164,165,166,167,168,169,170,171,172,116,174,175,176,177,178,179,180,181,182,183,184,185,186,187,188,189,190,191,192,193,194,195,196,197,198,199,];False
10254;9656;19910;[0,1,2,3,4,5,6,7,8,9,10,11,12,13,14,15,16,17,18,19,20,21,22,23,24,25,26,27,28,29,30,31,32,33,34,35,36,37,38,39,40,41,42,43,44,45,46,47,48,49,50,51,52,53,54,55,56,57,58,59,60,61,62,63,64,65,66,67,68,69,70,71,72,73,74,75,76,77,78,79,80,160,82,83,84,85,86,87,88,89,90,91,92,93,94,95,96,97,98,99,100,101,102,103,104,105,106,107,108,109,110,111,112,113,114,115,173,117,118,119,120,121,122,123,124,125,126,127,128,129,130,131,132,133,134,135,136,137,138,139,140,141,142,143,144,145,146,147,148,149,150,151,152,153,154,155,156,157,158,159,81,161,162,163,164,165,166,167,168,169,170,171,172,116,174,175,176,177,178,179,180,181,182,183,184,185,186,187,188,189,190,191,192,193,194,195,196,197,198,199,];False
10239;9634;19873;[0,1,2,3,4,5,6,7,8,9,10,11,12,13,14,15,16,17,18,19,20,21,22,23,24,25,26,27,28,29,30,98,32,33,34,35,36,37,38,39,40,41,42,43,44,45,46,47,48,49,50,51,52,53,54,55,56,73,58,59,60,61,62,63,64,65,66,67,68,69,70,71,72,57,74,75,76,77,78,79,80,160,82,83,84,85,86,87,88,89,90,91,92,93,94,95,96,97,31,99,100,101,102,103,104,105,106,107,108,109,110,111,112,113,114,115,173,117,118,119,120,121,122,123,124,125,126,127,128,129,130,131,132,133,134,135,136,137,138,139,140,141,142,143,144,145,146,147,148,149,150,151,152,153,154,155,156,157,158,159,81,161,162,163,164,165,166,167,168,169,170,171,172,116,174,175,176,177,178,179,180,181,182,183,184,185,186,187,188,189,190,191,192,193,194,195,196,197,198,199,];False
10275;9596;19871;[0,1,2,3,4,5,6,7,8,9,10,11,12,13,14,15,16,17,18,19,20,21,22,23,24,25,26,27,28,29,30,98,32,33,34,35,36,37,38,39,40,41,42,43,44,45,46,47,48,49,50,51,52,53,54,55,56,57,58,59,60,61,62,63,64,65,66,67,68,69,70,71,72,73,74,75,76,77,78,79,80,160,82,113,84,85,86,87,88,89,90,91,92,93,94,95,96,97,31,99,100,101,102,103,104,105,106,107,108,109,110,111,112,83,114,115,173,117,118,119,120,121,122,123,124,125,126,127,128,129,130,131,132,133,134,135,136,137,138,139,140,141,142,143,144,145,146,147,148,149,150,151,152,153,154,155,156,157,158,159,81,161,162,163,164,165,166,167,168,169,170,171,172,116,174,175,176,177,178,179,180,181,182,183,184,185,186,187,188,189,190,191,192,193,194,195,196,197,198,199,];False
10183;9629;19812;[0,1,2,3,4,5,6,7,8,9,10,11,12,13,14,15,16,17,18,19,20,21,22,23,24,25,26,27,28,29,30,98,32,33,34,35,36,37,38,39,40,41,42,43,44,45,46,47,48,49,50,51,52,53,54,55,56,57,58,59,60,61,62,63,64,65,66,67,68,69,70,71,72,73,74,75,76,77,78,79,80,160,82,83,84,85,86,87,88,89,90,91,92,93,94,95,96,97,31,99,100,101,102,103,104,105,106,107,108,109,110,111,112,113,114,115,173,117,118,119,120,121,122,123,124,125,126,127,128,129,130,131,132,133,134,135,136,137,138,139,140,141,142,143,144,145,146,147,148,149,150,151,152,153,154,155,156,157,158,159,81,161,162,163,164,165,166,167,168,169,170,171,172,116,174,175,176,177,178,179,180,181,182,183,184,185,186,187,188,189,190,191,192,193,194,195,196,197,198,199,];False
10091;9679;19770;[0,1,2,3,41,5,6,7,8,9,10,11,12,13,14,15,16,17,34,19,20,21,22,23,24,25,26,27,28,29,30,98,32,33,18,35,36,37,38,39,40,4,42,43,44,45,46,47,48,49,50,51,52,53,54,55,56,57,58,59,60,61,62,63,64,65,66,67,68,69,70,71,72,73,74,75,76,77,78,79,80,160,82,83,84,85,86,87,88,89,90,91,92,93,94,95,96,97,31,99,100,101,102,103,104,105,106,107,108,109,110,111,112,113,114,115,173,117,118,119,120,121,122,123,124,125,126,127,128,129,130,156,132,133,134,135,136,137,138,139,140,141,142,143,144,145,146,147,148,149,150,151,152,153,154,155,131,157,158,159,81,161,162,163,164,165,166,167,168,169,170,171,172,116,174,175,176,177,178,179,180,181,182,183,184,185,186,187,188,189,190,191,192,193,194,195,196,197,198,199,];False
9949;9767;19716;[0,1,2,3,41,5,6,7,8,9,10,11,12,13,14,15,16,17,18,19,20,21,22,23,24,25,26,27,28,29,30,98,32,33,34,35,36,37,38,39,40,4,42,43,44,45,46,47,48,49,50,51,52,53,54,55,56,57,58,59,93,61,62,63,64,65,66,67,68,69,70,71,72,73,74,75,76,77,78,79,80,160,82,83,84,85,86,87,88,89,90,91,92,60,94,95,96,97,31,99,100,101,102,103,104,105,106,107,108,109,139,111,112,113,114,115,173,117,118,119,120,121,122,123,143,125,126,127,128,129,130,156,132,133,134,135,136,137,138,110,140,141,142,124,144,145,146,147,148,149,150,151,152,153,154,155,131,157,158,159,81,161,162,163,164,165,166,167,168,169,170,171,172,116,174,175,176,177,178,179,180,181,182,183,184,185,186,187,188,189,190,191,192,193,194,195,196,197,198,199,];False
10035;9681;19716;[0,1,2,3,41,5,6,7,8,9,10,11,12,13,14,15,16,17,18,19,20,21,22,175,24,25,26,27,28,29,30,98,32,33,34,35,36,37,38,39,40,4,42,43,44,45,46,47,48,49,50,51,52,53,54,55,56,57,58,59,93,61,62,63,64,65,66,67,68,69,70,71,72,73,74,75,76,77,78,79,80,160,82,83,84,85,86,87,88,89,90,91,92,60,94,95,96,97,31,99,100,101,102,103,104,105,106,107,108,109,110,111,112,113,114,115,173,117,118,119,120,121,122,123,143,125,126,127,128,129,130,156,132,133,134,135,136,137,138,139,140,141,142,124,144,145,146,147,148,149,150,151,152,153,154,155,131,157,158,159,81,161,162,163,164,165,166,167,168,169,170,171,172,116,174,23,176,177,178,179,180,181,182,183,184,185,186,187,188,189,190,191,192,193,194,195,196,197,198,199,];False
10009;9696;19705;[0,1,2,3,4,5,6,7,8,9,10,11,12,13,14,15,16,17,18,19,20,21,22,23,24,25,26,27,28,29,30,98,32,33,34,35,36,37,38,39,40,41,42,43,44,45,46,47,48,49,50,51,52,53,54,55,56,57,58,59,60,61,62,63,64,65,66,67,68,69,70,71,72,73,74,75,76,77,78,79,80,160,82,83,84,85,86,87,88,89,90,91,92,93,94,95,96,97,31,99,100,101,102,103,104,105,106,107,108,109,110,111,112,113,114,115,173,117,118,119,120,121,122,123,124,125,126,127,128,129,130,156,132,133,134,135,136,137,138,139,140,141,142,143,144,145,146,147,148,149,150,151,152,153,154,155,131,157,158,159,81,161,162,163,164,165,166,167,168,169,170,171,172,116,174,175,176,177,178,179,180,181,182,183,184,185,186,187,188,189,190,191,192,193,194,195,196,197,198,199,];False
9960;9735;19695;[0,1,2,3,41,5,6,7,8,9,70,11,12,13,14,15,16,17,18,19,20,21,22,23,24,25,26,27,28,29,30,98,32,33,34,35,36,37,38,39,40,4,42,43,44,45,46,47,48,49,50,51,52,53,54,55,56,57,58,59,93,61,62,63,64,65,66,67,68,69,10,71,72,73,74,75,76,77,78,79,80,160,82,83,84,85,86,87,88,89,90,91,92,60,94,95,96,97,31,99,100,101,102,103,104,105,106,107,108,109,110,111,112,113,114,115,173,117,118,119,120,121,122,123,143,125,126,127,128,129,130,156,132,133,134,135,136,137,138,139,140,141,142,124,144,145,146,147,148,149,150,151,152,153,154,155,131,157,158,159,81,161,162,163,164,165,166,167,168,169,170,171,172,116,174,175,176,177,178,179,180,181,182,183,184,185,186,187,188,189,190,191,192,193,194,195,196,197,198,199,];False
9979;9695;19674;[0,1,2,3,41,5,6,7,8,9,10,11,12,13,14,15,16,17,18,19,20,21,22,23,24,25,26,27,28,29,30,98,32,33,34,35,36,37,38,39,40,4,42,43,44,45,46,47,48,49,50,51,52,53,54,55,56,57,58,59,60,61,62,63,64,65,66,67,68,69,70,71,72,73,74,75,76,77,78,79,80,160,82,83,84,85,86,87,88,89,90,91,92,93,94,95,96,97,31,99,100,101,102,103,104,105,106,107,108,109,110,111,112,113,114,115,173,117,118,119,120,121,122,123,124,125,126,127,128,129,130,156,132,133,134,135,136,137,138,139,140,141,142,143,144,145,146,147,148,149,150,151,152,153,154,155,131,157,158,159,81,161,162,163,164,165,166,167,168,169,170,171,172,116,174,175,176,177,178,179,180,181,182,183,184,185,186,187,188,189,190,191,192,193,194,195,196,197,198,199,];False
9956;9706;19662;[0,1,2,3,41,5,6,7,8,9,10,11,12,13,14,15,16,17,18,19,20,21,22,23,24,25,26,27,28,29,30,98,32,33,34,35,199,37,38,39,40,4,42,43,44,45,46,47,48,49,50,51,52,53,54,55,56,57,58,59,93,61,62,63,64,65,66,67,68,69,70,71,72,73,74,75,76,77,78,79,80,160,82,83,84,85,86,87,88,89,90,91,92,60,94,95,96,97,31,99,100,101,102,103,104,105,106,107,108,109,110,111,112,113,114,115,173,117,118,119,120,121,122,123,143,125,126,127,128,129,130,156,132,133,134,135,136,137,138,139,140,141,142,124,144,145,146,147,148,149,150,151,152,153,154,155,131,157,158,159,81,161,162,163,164,165,166,167,168,169,170,171,172,116,174,175,176,177,178,179,180,181,182,183,184,185,186,187,188,189,190,191,192,193,194,195,196,197,198,36,];False
9971;9678;19649;[0,1,2,3,41,5,6,7,8,9,10,11,12,13,14,15,16,17,18,19,20,21,22,23,24,25,26,27,28,29,30,98,32,33,34,35,36,37,38,39,40,4,42,43,44,45,46,47,48,49,50,51,52,53,54,55,56,57,58,59,93,61,62,63,64,65,66,67,68,69,70,71,72,73,74,75,76,77,78,79,80,160,82,83,84,85,86,87,88,89,90,91,92,60,94,95,96,97,31,131,100,101,102,103,104,105,106,107,108,109,110,111,112,113,114,115,173,117,118,119,120,121,122,123,143,125,126,127,128,129,130,156,132,133,134,135,136,137,138,139,140,141,142,124,144,145,146,147,148,149,150,151,152,153,154,155,99,157,158,159,81,161,162,163,164,165,166,167,168,169,170,171,172,116,174,175,176,177,178,179,180,181,182,183,184,185,186,187,188,189,190,191,192,193,194,195,196,197,198,199,];False
9922;9707;19629;[0,1,2,3,41,5,6,7,8,9,10,11,12,13,14,15,16,17,18,19,20,21,22,23,24,25,26,27,28,29,30,98,32,33,34,35,36,37,38,39,40,4,42,43,44,45,46,47,48,49,50,51,52,53,54,55,56,57,58,59,60,61,62,63,64,65,66,67,68,69,70,71,72,73,74,75,76,77,78,79,80,160,82,83,84,85,86,87,88,89,90,91,92,93,94,95,96,97,31,99,100,101,102,103,104,105,106,107,108,109,110,111,112,113,114,115,173,117,118,119,120,121,122,123,143,125,126,127,128,129,130,156,132,133,134,135,136,137,138,139,140,141,142,124,144,145,146,147,148,149,150,151,152,153,154,155,131,157,158,159,81,161,162,163,164,165,166,167,168,169,170,171,172,116,174,175,176,177,178,179,180,181,182,183,184,185,186,187,188,189,190,191,192,193,194,195,196,197,198,199,];False
9922;9707;19629;[0,1,2,3,41,5,6,7,8,9,10,11,12,13,14,15,16,17,18,19,20,21,22,23,24,25,26,27,28,29,30,98,32,33,34,35,36,37,38,39,40,4,42,43,44,45,46,47,48,49,50,51,52,53,54,55,56,57,58,59,93,61,62,63,64,65,66,67,68,69,70,71,72,73,74,75,76,77,78,79,80,160,82,83,84,85,86,87,88,89,90,91,92,60,94,95,96,97,31,99,100,101,102,103,104,105,106,107,108,109,110,111,112,113,114,158,173,117,118,119,120,121,122,123,143,125,126,127,128,129,130,156,132,133,134,135,136,137,138,139,140,141,142,124,144,145,146,147,148,149,150,151,152,153,154,155,131,157,115,159,81,161,162,163,164,165,166,167,168,169,170,171,172,116,174,175,176,177,178,179,180,181,182,183,184,185,186,187,188,189,190,191,192,193,194,195,196,197,198,199,];False
9905;9710;19615;[0,1,2,3,41,5,6,7,8,9,10,11,12,13,14,15,16,17,18,19,20,21,22,23,24,25,26,27,28,29,30,98,32,33,34,35,36,37,38,39,40,4,42,43,44,45,46,47,48,49,50,51,52,53,54,55,56,57,58,59,93,61,62,63,64,65,66,67,68,69,70,71,72,73,74,75,76,77,78,79,80,160,82,83,84,85,86,87,88,89,90,91,92,60,94,95,96,97,31,99,100,101,102,103,104,105,106,107,108,109,110,111,112,113,114,115,173,117,118,119,120,121,122,123,143,125,126,127,128,129,130,156,132,133,134,135,136,137,138,139,140,141,142,124,144,145,146,147,148,149,150,151,152,153,154,155,131,157,158,159,81,161,162,163,164,165,166,167,168,169,170,171,172,116,174,175,176,177,178,179,180,181,182,183,184,185,186,187,188,189,190,191,192,193,194,195,196,197,198,199,];False
9930;9682;19612;[0,1,2,3,41,5,6,7,8,9,10,11,12,13,14,15,16,17,18,19,20,21,22,23,24,25,26,27,28,29,30,98,32,33,34,35,36,37,38,39,40,4,42,43,44,45,46,47,48,49,50,51,52,53,54,55,56,57,58,59,93,61,62,63,64,65,66,67,68,69,70,71,72,73,74,75,76,77,78,79,80,160,82,83,84,85,86,87,88,89,90,91,92,60,94,95,96,97,31,154,100,101,102,103,104,105,106,107,108,109,110,111,112,113,114,115,173,117,118,119,120,121,122,123,143,125,126,127,128,129,130,156,132,133,134,135,136,137,138,139,140,141,142,124,144,145,146,147,148,149,150,151,152,153,99,155,131,157,158,159,81,161,162,163,164,165,166,167,168,169,170,171,172,116,174,175,176,177,178,179,180,181,182,183,184,185,186,187,188,189,190,191,192,193,194,195,196,197,198,199,];False
9831;9690;19521;[0,1,2,3,41,5,6,7,8,9,10,11,12,13,14,15,16,17,18,19,20,21,22,23,24,25,26,27,28,29,30,98,32,33,34,35,36,37,38,39,40,4,42,43,44,45,46,47,48,49,50,51,52,53,54,55,56,57,58,59,93,61,62,63,64,65,66,67,161,69,70,71,72,73,74,75,76,77,78,79,80,160,82,83,84,85,86,87,88,89,90,91,92,60,94,95,96,97,31,99,100,101,102,103,104,105,106,107,108,109,110,111,112,113,114,115,173,117,118,119,120,121,122,123,143,125,126,127,128,129,130,156,132,133,134,135,136,137,138,139,140,141,142,124,144,145,146,147,148,149,150,151,152,153,154,155,131,157,158,159,81,68,162,163,164,165,166,167,168,169,170,171,172,116,174,175,176,177,178,179,180,181,182,183,184,185,186,187,188,189,190,191,192,193,194,195,196,197,198,199,];False
9697;9667;19364;[0,1,2,3,41,5,6,7,8,9,10,11,12,13,14,15,16,17,18,19,20,21,22,23,24,25,26,27,43,29,30,98,32,33,34,35,36,37,38,39,40,4,42,28,44,45,46,47,48,49,50,51,52,53,54,55,56,57,58,59,93,61,62,63,64,65,66,67,161,69,70,71,72,73,74,75,76,77,78,79,80,160,82,83,84,85,86,87,88,89,90,91,92,60,94,95,96,97,31,99,100,101,102,103,104,105,106,107,108,109,110,111,112,113,114,115,173,117,118,119,120,121,122,123,143,125,126,127,128,129,130,156,132,133,134,135,136,137,138,139,140,141,142,124,144,145,146,147,148,149,150,151,152,153,154,155,131,157,158,159,81,68,162,163,164,165,166,167,168,169,170,171,172,116,174,175,176,177,178,179,180,181,182,183,184,185,186,187,188,189,190,191,192,193,194,195,196,197,198,199,];False
9572;9655;19227;[0,151,2,3,41,5,6,7,8,9,10,11,12,13,14,15,16,17,18,19,20,21,22,23,24,25,26,27,43,29,30,98,32,33,34,35,36,37,38,39,40,4,42,28,44,45,46,47,48,49,50,51,52,53,54,55,56,57,58,59,93,61,62,63,64,65,66,67,161,69,70,71,72,73,74,75,76,77,78,79,80,160,82,83,84,85,86,87,88,89,90,91,92,60,94,95,96,97,31,99,100,101,102,103,104,105,106,107,108,109,110,111,112,113,114,115,173,117,118,119,120,121,122,123,143,125,126,127,128,129,130,156,132,133,134,135,136,137,138,139,140,141,142,124,144,145,146,147,148,149,150,1,152,153,154,155,131,157,158,159,81,68,162,163,164,165,166,167,168,169,170,171,172,116,174,175,176,177,178,179,180,181,182,183,184,185,186,187,188,189,190,191,192,193,194,195,196,197,198,199,];False
9540;9632;19172;[0,151,2,3,41,5,6,7,199,9,10,11,12,13,14,15,16,17,18,19,20,21,22,23,24,25,26,27,43,29,30,98,32,33,34,35,36,37,38,39,40,4,42,28,44,45,46,47,48,49,50,51,52,53,54,55,56,57,58,59,93,61,62,63,64,65,66,67,161,69,70,71,72,73,74,75,76,77,78,79,80,160,82,83,84,85,86,87,88,89,90,91,92,60,94,95,96,97,31,99,100,101,102,103,104,105,106,107,108,109,110,111,112,113,114,115,173,117,118,119,120,121,122,123,143,125,126,127,128,129,130,156,132,133,134,135,136,137,138,139,140,141,142,124,144,145,146,147,148,149,150,1,152,153,154,155,131,157,158,159,81,68,162,163,164,165,166,167,168,169,170,171,172,116,174,175,176,177,178,179,180,181,182,183,184,185,186,187,188,189,190,191,192,193,194,195,196,197,198,8,];False
9497;9641;19138;[0,151,2,3,41,5,6,7,199,14,10,11,12,13,9,15,16,17,18,19,20,21,22,23,24,25,26,27,43,29,30,98,133,33,34,35,36,37,38,39,40,4,42,28,44,45,46,47,48,49,50,51,52,53,54,55,56,57,58,59,93,61,62,63,64,65,66,67,149,69,70,71,72,73,74,75,76,77,78,79,80,160,82,83,84,85,86,87,88,89,90,91,92,60,94,95,96,97,31,99,100,101,102,103,104,105,106,107,108,109,110,128,112,113,114,115,173,117,118,119,120,121,122,123,143,125,126,127,111,129,130,156,132,32,134,135,136,137,138,139,140,141,142,124,144,145,146,147,148,161,150,1,152,153,154,155,131,157,158,159,81,68,162,163,164,165,166,167,168,169,170,171,172,116,174,175,176,177,178,179,180,181,182,183,184,185,186,187,188,189,190,191,192,193,194,195,196,197,198,8,];False
9487;9644;19131;[0,151,2,3,41,5,6,7,199,9,10,11,12,13,14,15,16,17,18,19,20,21,22,23,24,25,26,27,43,29,30,98,133,33,34,35,36,37,38,39,40,4,42,28,44,45,46,47,48,49,50,51,52,53,54,55,56,57,58,59,93,61,62,63,64,65,66,67,161,69,70,71,72,73,74,75,76,77,78,79,80,160,82,83,84,85,86,87,88,89,90,91,92,60,94,95,96,97,31,99,100,101,102,103,104,105,106,107,108,109,110,111,112,113,114,115,173,117,118,119,120,121,122,123,143,125,126,127,128,129,130,156,132,32,134,135,136,137,138,139,140,141,142,124,144,145,146,147,148,149,150,1,152,153,154,155,131,157,158,159,81,68,162,163,164,165,166,167,168,169,170,171,172,116,174,175,176,177,178,179,180,181,182,183,184,185,186,187,188,189,190,191,192,193,194,195,196,197,198,8,];False
9492;9588;19080;[0,151,2,3,41,5,6,7,199,9,10,11,12,13,14,15,16,17,18,19,20,21,22,23,24,25,26,27,43,29,30,98,133,33,34,35,36,37,38,39,40,4,42,28,44,45,46,47,48,49,50,51,52,53,54,55,56,57,58,59,93,61,62,63,64,65,66,67,161,69,70,71,72,73,74,75,76,77,78,79,80,160,82,83,84,85,86,87,88,89,90,91,92,60,94,95,96,97,31,99,100,101,102,103,104,105,106,107,108,109,110,111,112,113,114,115,173,156,118,119,120,121,122,123,143,125,126,127,128,129,130,117,132,32,134,135,136,137,138,139,140,141,142,124,144,145,146,147,148,149,150,1,152,153,154,155,131,157,158,159,81,68,162,163,164,165,166,167,168,169,170,171,172,116,174,175,176,177,178,179,180,181,182,183,184,185,186,187,188,189,190,191,192,193,194,195,196,197,198,8,];False
9440;9639;19079;[0,151,2,3,41,5,6,7,199,14,10,11,12,13,9,15,16,17,18,19,20,21,22,23,24,25,26,27,43,29,30,98,133,33,34,35,36,37,38,39,40,4,42,28,44,45,46,47,48,49,50,51,52,53,54,55,56,57,58,59,93,61,62,63,64,65,66,67,161,69,70,71,72,73,74,75,76,77,78,79,80,160,82,83,84,85,86,87,88,89,90,91,92,60,94,95,96,97,31,99,100,101,102,103,104,105,106,107,108,109,110,111,112,113,114,115,173,117,118,119,120,121,122,123,143,125,126,127,128,129,130,156,132,32,134,135,136,137,138,139,140,141,142,124,144,145,146,147,148,149,150,1,152,153,154,155,131,157,158,159,81,68,162,163,164,165,166,167,168,169,170,171,172,116,174,175,176,177,178,179,180,181,182,183,184,185,186,187,188,189,190,191,192,193,194,195,196,197,198,8,];False
9417;9644;19061;[0,151,2,3,41,5,6,7,199,14,10,11,12,13,9,15,16,17,18,19,20,21,22,23,24,25,26,27,43,29,30,98,133,33,34,35,36,37,38,39,40,4,42,28,44,45,46,47,48,49,50,51,52,53,54,55,56,57,58,59,93,61,62,63,64,65,66,67,161,69,70,71,72,73,74,75,76,77,78,79,80,160,82,83,84,85,86,87,88,89,90,91,92,60,94,95,96,97,31,99,100,101,102,103,104,105,106,107,108,109,110,128,112,113,114,115,173,117,118,119,120,121,122,123,143,125,126,127,111,129,130,156,132,32,134,135,136,137,138,139,140,141,142,124,144,145,146,147,148,149,150,1,152,153,154,155,131,157,158,159,81,68,162,163,164,165,166,167,168,169,170,171,172,116,174,175,176,177,178,179,180,181,182,183,184,185,186,187,188,189,190,191,192,193,194,195,196,197,198,8,];False
9399;9655;19054;[0,151,2,3,41,5,6,7,199,14,10,11,12,13,9,15,16,17,18,19,20,21,22,23,24,25,26,27,43,29,30,98,133,33,34,35,36,37,38,39,40,4,42,28,44,45,46,47,48,49,50,51,52,53,54,55,56,57,58,59,93,61,62,63,64,65,66,67,161,69,70,71,72,73,74,75,76,77,78,79,80,160,82,83,84,85,86,87,88,89,90,91,92,60,94,95,96,97,31,99,100,101,102,103,104,105,106,107,108,109,110,128,112,113,114,115,173,117,118,119,120,121,122,123,143,125,126,127,111,129,130,156,132,32,134,135,136,137,138,139,140,141,142,124,144,145,146,147,148,149,150,1,152,153,154,155,131,157,158,159,81,68,162,163,164,165,166,167,168,169,170,171,172,116,174,175,176,177,178,179,180,198,182,183,184,185,186,187,188,189,190,191,192,193,194,195,196,197,181,8,];False
9335;9637;18972;[0,151,199,3,41,5,6,7,2,14,10,11,12,13,9,15,16,17,18,19,20,21,22,23,24,25,26,27,43,29,30,98,133,33,34,35,36,37,38,39,40,4,42,28,44,45,46,47,48,49,50,51,52,53,54,55,56,57,58,59,93,61,62,63,64,65,66,67,182,69,70,71,72,73,74,75,76,77,78,79,80,160,82,83,84,85,162,87,88,89,90,91,92,60,94,95,96,97,31,99,100,101,102,103,104,105,106,107,108,109,110,128,112,113,114,115,173,117,118,119,120,121,122,123,143,125,126,127,111,129,130,156,132,32,134,135,136,137,138,139,140,141,142,124,144,145,146,147,148,149,150,1,152,153,154,155,131,157,158,159,81,68,86,163,164,165,166,167,168,169,170,171,172,116,174,175,176,177,178,179,180,198,161,183,184,185,186,187,188,189,190,191,192,193,194,195,196,197,181,8,];False
9314;9633;18947;[0,151,199,3,41,5,6,7,2,14,10,11,12,13,9,15,16,17,18,19,20,21,22,23,24,25,26,27,43,29,30,98,133,33,34,35,36,37,38,39,40,4,42,28,44,45,46,47,48,49,50,51,52,53,54,55,56,57,58,59,93,61,62,63,64,65,66,67,161,69,70,71,72,73,74,75,76,77,78,79,80,160,82,83,84,85,86,87,88,89,90,91,92,60,94,95,96,97,31,99,100,101,102,103,104,105,106,107,108,109,110,128,112,113,114,115,173,117,118,119,120,121,122,123,143,125,126,127,111,129,130,156,132,32,134,135,136,137,138,139,140,141,142,124,144,145,146,147,148,149,150,1,152,153,154,155,131,157,158,159,81,68,162,163,164,165,166,167,168,169,170,171,172,116,174,175,176,177,178,179,180,198,182,183,184,185,186,187,188,189,190,191,192,193,194,195,196,197,181,8,];False
9305;9641;18946;[0,151,199,3,41,5,6,7,2,14,10,11,12,13,9,15,16,17,18,19,20,21,22,23,24,25,26,27,43,29,30,98,133,33,34,35,36,37,38,39,40,4,42,28,44,45,46,47,48,49,50,51,52,53,54,55,56,57,58,59,93,61,62,63,64,65,66,67,182,69,70,71,72,73,74,75,76,77,78,79,80,160,82,83,84,85,86,87,88,89,90,91,92,60,94,95,96,97,31,99,100,101,102,103,104,105,106,107,108,109,110,128,112,113,114,115,173,117,118,119,120,121,122,123,143,125,126,127,111,129,130,156,132,32,134,135,136,137,138,139,140,141,142,124,144,145,146,147,148,149,150,1,152,153,154,155,131,157,158,159,81,68,162,163,164,165,166,167,168,169,170,171,172,116,174,175,176,177,178,179,180,198,161,183,184,185,186,187,188,189,190,191,192,193,194,195,196,197,181,8,];False
9321;9611;18932;[0,151,199,3,41,5,6,7,2,14,10,11,12,13,9,15,16,17,72,126,20,21,22,23,24,25,26,27,43,29,30,98,133,33,34,35,36,37,38,39,40,4,42,28,44,45,46,47,48,49,50,51,52,53,54,55,56,57,58,59,93,61,62,63,64,65,66,67,182,69,70,71,18,73,74,75,76,77,78,79,80,160,82,83,84,85,86,87,88,89,90,91,92,60,94,95,96,97,31,99,100,101,102,103,104,105,106,107,108,109,110,128,112,113,114,115,173,117,118,119,120,121,122,123,143,125,19,127,111,129,130,156,132,32,134,135,136,137,138,139,140,141,142,124,144,145,146,147,148,149,150,1,152,153,154,155,131,157,158,159,81,68,162,163,164,165,166,167,168,169,170,171,172,116,174,175,176,177,178,179,180,198,161,183,184,185,186,187,188,189,190,191,192,193,194,195,196,197,181,8,];False
9241;9624;18865;[0,151,199,3,41,5,6,7,2,14,10,11,134,13,9,15,16,17,72,19,20,21,22,23,24,25,26,27,43,29,30,98,133,33,34,35,36,37,38,39,40,4,42,52,44,45,46,47,48,49,50,51,28,53,54,55,56,57,58,59,93,61,62,63,64,65,66,67,182,69,70,71,18,73,74,75,76,77,78,79,80,160,82,83,84,85,86,87,88,89,90,91,92,60,94,95,96,97,31,99,100,101,102,103,104,105,106,107,108,109,110,128,112,113,114,115,173,117,118,119,120,121,122,123,143,125,126,127,111,129,130,156,132,32,12,135,136,137,138,139,140,141,142,124,144,145,146,147,148,149,150,1,152,153,154,155,131,157,158,159,81,193,162,163,164,165,166,167,168,169,170,190,172,116,174,175,176,177,178,179,180,198,161,183,184,185,186,187,188,189,171,191,192,68,194,195,196,197,181,8,];False
9252;9604;18856;[0,151,199,3,41,5,6,7,2,14,10,11,12,13,9,15,16,17,72,19,20,21,22,23,24,25,26,27,43,29,30,98,133,33,34,35,36,37,38,39,40,4,42,52,44,45,46,47,48,49,50,51,28,53,54,55,56,57,58,59,93,61,62,63,64,65,66,67,182,69,70,71,18,73,74,75,76,77,78,79,80,160,82,83,84,85,86,87,88,89,90,91,92,60,94,95,96,97,31,99,100,101,102,103,104,105,106,107,108,109,110,128,112,113,114,115,173,117,118,119,120,121,122,123,143,125,126,127,111,129,130,156,1,32,134,135,136,137,138,139,140,141,142,124,144,145,146,147,148,149,150,132,152,153,154,155,131,157,158,159,81,68,162,163,164,165,166,167,168,169,170,190,172,116,174,175,176,177,178,179,180,198,161,183,184,185,186,187,188,189,171,191,192,193,194,195,196,197,181,8,];False
9220;9627;18847;[0,151,199,3,41,5,6,7,2,14,10,11,12,13,9,15,16,17,72,19,20,21,22,23,24,25,26,27,43,29,30,98,133,33,34,35,36,37,38,39,40,4,162,28,44,45,46,47,48,49,50,51,52,53,54,55,56,57,58,59,93,61,62,63,64,65,66,67,182,69,70,71,18,73,74,75,76,77,78,79,80,160,82,83,84,85,86,87,88,89,90,91,92,60,94,95,96,97,31,99,100,101,102,103,104,105,106,107,108,109,110,128,112,113,114,115,173,117,118,119,120,121,122,123,143,125,126,127,111,129,130,156,132,32,134,135,136,137,138,139,140,141,142,124,144,145,146,147,148,149,150,1,152,153,154,155,131,157,158,159,81,68,42,163,164,165,166,167,168,169,170,190,172,116,174,175,176,177,178,179,180,198,161,183,184,185,186,187,188,189,171,191,192,193,194,195,196,197,181,8,];False
9201;9632;18833;[0,151,199,3,41,5,6,7,2,14,10,11,12,13,9,15,16,17,72,19,20,21,22,23,24,25,26,27,43,29,30,98,133,33,34,35,36,37,38,39,40,4,42,28,44,45,46,47,48,49,50,51,52,53,54,55,56,57,58,59,93,61,62,63,64,65,66,67,182,69,70,71,18,73,74,75,76,77,78,79,80,160,82,83,84,85,86,87,88,89,90,91,92,60,94,95,96,97,31,99,100,101,102,103,104,105,106,107,108,109,110,128,112,113,114,115,173,117,118,119,120,121,122,123,143,125,126,127,111,129,130,156,132,32,134,135,136,137,138,139,140,141,142,124,144,145,146,147,148,149,150,1,152,153,154,155,131,157,158,159,81,68,162,163,164,165,166,167,168,169,170,171,172,116,174,175,176,177,178,179,180,198,161,183,184,185,186,187,188,189,190,191,192,193,194,195,196,197,181,8,];False
9158;9655;18813;[0,151,199,3,41,5,6,7,2,14,10,11,134,13,9,15,16,17,72,19,20,21,22,23,24,25,26,27,43,29,30,98,133,33,34,35,36,37,38,39,40,4,42,52,44,45,46,47,48,49,50,51,28,53,54,55,56,57,58,59,93,61,62,63,64,65,66,67,182,69,70,71,18,73,74,75,76,77,78,79,80,160,82,83,84,85,86,87,88,89,90,91,92,60,94,95,96,97,31,99,100,101,102,103,104,105,106,107,108,109,110,128,140,113,114,115,173,117,118,119,120,121,122,123,143,125,126,127,111,129,130,156,132,32,12,135,136,137,138,139,112,141,142,124,144,145,146,147,148,149,150,1,152,153,154,155,131,157,158,159,81,68,162,163,164,165,166,167,168,169,170,190,172,116,174,175,176,177,178,179,180,198,161,183,184,185,186,187,188,189,171,191,192,193,194,195,196,197,181,8,];False
9179;9631;18810;[0,151,199,3,41,5,6,7,2,14,10,11,12,13,9,15,16,17,72,19,20,21,22,23,24,25,26,27,43,29,30,98,133,33,34,35,36,37,38,39,40,4,42,28,44,45,46,47,48,49,50,51,52,53,54,55,56,57,58,59,93,61,62,63,64,65,66,67,182,69,70,71,18,73,74,75,76,77,78,79,80,160,82,83,84,85,86,87,88,89,90,91,92,60,94,95,96,97,31,99,100,101,102,103,104,105,106,107,108,109,110,128,112,113,114,115,173,117,118,119,120,121,122,123,143,125,126,127,111,129,130,156,132,32,134,135,136,137,138,139,140,141,142,124,144,145,146,147,148,149,150,1,152,153,154,155,131,157,158,159,81,68,162,163,164,165,166,167,168,169,170,190,172,116,174,175,176,177,178,179,180,198,161,183,184,185,186,187,188,189,171,191,192,193,194,195,196,197,181,8,];False
9179;9605;18784;[0,151,199,3,41,5,6,7,2,14,10,11,12,13,9,15,16,17,72,19,20,21,22,23,24,25,26,27,43,29,30,98,133,33,34,35,36,37,38,39,40,4,42,52,44,45,46,47,48,49,50,51,28,53,54,55,56,57,58,59,93,61,62,63,64,65,66,67,182,69,70,71,18,73,74,75,76,77,78,79,80,160,82,83,84,85,86,87,88,89,90,91,92,60,94,95,96,97,31,99,100,101,102,103,104,105,106,107,108,109,110,128,112,113,114,115,173,117,118,119,120,121,122,123,143,125,126,127,111,129,130,156,132,32,134,135,136,137,138,139,140,141,142,124,144,145,146,147,148,149,150,1,152,153,154,155,131,157,158,159,81,68,162,163,164,165,166,167,168,169,170,190,172,116,174,175,176,177,178,179,180,198,161,183,184,185,186,187,188,189,171,191,192,193,194,195,196,197,181,8,];False
9083;9612;18695;[0,151,199,3,41,5,6,7,2,14,10,11,134,13,9,15,16,17,72,19,20,21,22,23,24,25,26,27,43,29,30,98,133,33,34,35,36,37,38,39,40,4,42,52,44,45,46,47,48,49,50,51,28,53,54,55,56,57,58,59,93,61,62,63,64,65,66,67,182,69,70,71,18,73,74,75,76,77,78,79,80,160,82,83,84,85,86,87,88,89,90,91,92,60,94,95,96,97,31,99,100,101,102,103,104,105,106,107,108,109,110,128,112,113,114,115,173,117,118,119,120,121,122,123,143,125,126,127,111,129,130,156,132,32,12,135,136,137,138,139,140,141,142,124,144,145,146,147,148,149,150,1,152,153,154,155,131,157,158,159,81,68,162,163,164,165,166,167,168,169,170,190,172,116,174,175,176,177,178,179,180,198,161,183,184,185,186,187,188,189,171,191,192,193,194,195,196,197,181,8,];False
9097;9569;18666;[0,151,199,3,41,29,6,7,2,14,10,11,134,13,9,15,16,17,72,19,20,21,22,23,24,25,26,27,43,5,30,98,133,33,34,35,36,37,38,39,40,4,42,52,44,45,46,47,48,49,149,51,28,53,54,55,56,57,58,59,93,61,62,63,64,65,66,67,182,69,70,71,18,73,74,75,76,77,78,79,80,160,82,83,84,85,86,87,88,89,90,91,92,60,94,95,96,97,31,99,100,101,102,103,104,105,106,107,108,109,110,128,112,113,114,115,173,117,118,119,120,121,122,123,143,125,126,127,111,129,130,156,132,32,12,135,136,137,138,139,140,141,142,124,144,145,146,147,148,50,150,1,152,153,154,155,131,157,158,159,81,68,162,163,164,165,166,167,168,169,170,190,172,116,174,175,176,177,178,179,180,198,161,183,184,185,186,187,188,189,171,191,192,193,194,195,196,197,181,8,];False
9011;9647;18658;[0,151,199,3,41,5,6,7,2,14,10,11,139,13,9,15,16,17,72,19,20,21,22,23,24,25,26,27,43,29,30,98,133,33,34,35,36,37,38,39,40,165,42,52,44,45,46,47,48,49,149,51,28,53,54,55,56,57,58,59,93,61,62,63,64,65,66,67,182,69,70,71,18,73,74,75,76,77,78,79,80,160,82,83,84,85,86,87,88,89,90,91,92,60,94,95,96,97,31,99,100,101,102,103,104,105,106,107,108,109,110,128,112,113,114,115,173,117,118,119,120,121,122,123,143,125,126,127,111,129,130,156,132,32,12,135,136,137,138,134,140,141,142,116,144,145,146,147,148,50,150,1,152,153,154,155,131,157,158,159,81,68,162,163,164,4,166,167,168,169,170,190,172,124,174,175,176,177,178,179,180,198,161,183,184,185,186,187,188,189,171,191,192,193,194,195,196,197,181,8,];False
9036;9610;18646;[0,151,199,3,41,5,6,7,2,14,10,11,134,13,9,15,16,17,72,19,20,21,22,23,24,25,26,27,43,29,30,98,133,33,34,35,36,37,38,39,40,4,42,52,44,45,46,47,48,49,149,51,28,53,54,55,56,57,58,59,93,61,62,63,64,65,66,67,182,69,70,71,18,73,74,75,76,77,78,79,80,160,82,83,84,85,86,87,88,89,90,91,92,60,94,95,96,97,31,99,100,101,102,103,104,105,106,107,108,109,110,128,112,113,114,115,173,117,118,119,120,121,122,123,143,125,126,127,111,129,130,156,132,32,12,135,136,137,138,139,140,141,142,124,144,145,146,147,148,50,150,1,152,153,154,155,131,157,158,159,81,68,162,163,164,165,166,167,168,169,170,190,172,116,174,175,176,177,178,179,180,198,161,183,184,185,186,187,188,189,171,191,192,193,194,195,196,197,181,8,];False
9091;9550;18641;[0,151,199,3,41,5,6,7,2,14,10,11,134,13,9,15,16,17,72,19,20,21,22,23,24,25,26,27,43,29,30,98,133,33,34,35,36,37,38,39,40,165,42,52,44,45,46,47,48,49,149,51,28,53,54,55,56,57,58,59,93,61,62,63,64,65,66,67,182,69,70,71,18,73,74,75,76,77,78,79,80,160,82,83,84,85,86,87,88,89,90,91,92,60,94,95,96,97,31,99,100,101,102,103,104,105,106,107,108,109,110,128,112,113,114,115,173,117,118,119,120,121,122,123,143,125,126,127,111,129,130,156,132,32,12,135,136,137,138,139,140,141,142,116,144,145,146,147,148,50,150,1,152,153,154,155,131,157,158,159,81,68,162,163,164,4,166,167,168,169,170,190,172,124,174,175,176,177,178,179,180,198,161,183,184,185,186,187,192,189,171,191,188,193,194,195,196,197,181,8,];False
9041;9583;18624;[0,151,199,3,41,5,6,7,2,14,10,11,134,13,9,15,16,17,72,19,20,21,22,23,24,25,26,27,43,29,30,98,133,33,34,35,36,37,38,39,40,4,42,52,44,45,46,47,48,49,149,51,28,53,54,55,56,57,58,59,93,61,62,63,64,65,66,67,182,69,70,71,18,73,74,75,76,77,78,79,80,160,82,83,113,85,86,87,88,89,90,91,92,60,94,95,96,97,31,99,100,101,102,103,104,105,106,107,108,109,110,128,112,84,114,115,173,117,118,119,120,121,122,123,143,125,126,127,111,129,130,156,132,32,12,135,136,137,138,139,140,141,142,124,144,145,146,147,148,50,150,1,152,153,154,155,131,157,158,159,81,68,162,163,164,165,166,167,168,169,170,190,172,116,174,175,176,177,178,179,180,198,161,183,184,185,186,187,188,189,171,191,192,193,194,195,196,197,181,8,];False
9026;9589;18615;[0,151,199,3,41,5,6,7,2,14,10,11,134,13,9,15,16,17,72,19,20,21,22,23,24,25,26,27,43,29,30,98,133,33,34,35,36,37,38,39,40,165,42,52,44,45,46,47,48,49,149,51,28,53,54,55,56,57,58,154,93,61,62,63,64,65,66,67,182,69,70,71,18,73,74,75,76,77,78,79,80,160,82,83,84,85,86,87,88,89,90,91,92,60,94,95,96,97,31,99,100,101,102,103,104,105,106,107,108,109,110,128,112,113,114,115,173,117,118,119,120,121,122,123,143,125,126,127,111,129,130,156,132,32,12,135,136,137,138,139,140,141,142,124,144,145,146,147,148,50,150,1,152,153,59,155,131,157,158,159,81,68,162,163,164,4,166,167,168,169,170,190,172,116,174,175,176,177,178,179,180,198,161,183,184,185,186,187,188,189,171,191,192,193,194,195,196,197,181,8,];False
8999;9603;18602;[0,151,199,3,41,5,6,7,2,14,10,11,134,13,9,15,16,17,72,19,20,21,22,23,24,25,26,27,43,29,30,98,133,33,34,35,36,37,38,39,40,165,42,52,44,45,46,47,48,49,149,51,28,53,54,55,56,57,58,59,93,61,62,63,64,65,66,67,182,69,70,71,18,73,74,75,76,77,78,79,80,160,82,83,84,85,86,87,88,89,90,91,92,60,94,95,96,97,31,99,100,101,102,103,104,105,106,107,108,109,110,128,112,113,114,115,173,117,118,119,120,121,122,123,143,125,126,127,111,129,147,156,132,32,12,135,136,137,138,139,140,141,142,124,144,145,146,130,148,50,150,1,152,153,154,155,131,157,158,159,81,68,162,163,164,4,166,167,168,169,170,190,172,116,174,175,176,177,178,179,180,198,161,183,184,185,186,187,188,189,171,191,192,193,194,195,196,197,181,8,];False
8988;9570;18558;[0,151,199,3,41,5,6,7,2,14,10,11,134,13,9,15,16,17,72,19,20,21,22,23,24,25,26,27,43,29,30,98,133,33,34,35,36,37,38,39,40,165,42,52,44,45,46,47,48,49,149,51,28,53,54,55,56,57,58,59,93,61,62,63,64,65,66,67,182,69,70,71,18,73,74,198,76,77,78,79,80,160,82,83,84,85,86,87,88,89,90,91,92,60,94,95,96,97,31,99,100,101,102,103,104,105,106,107,108,109,110,128,112,113,114,115,173,117,118,119,120,121,122,123,143,125,126,127,111,129,130,156,132,32,12,135,136,137,138,139,140,141,142,124,144,145,146,147,148,50,150,1,152,153,154,155,131,157,158,159,81,68,162,163,164,4,166,167,168,169,170,190,172,116,174,175,176,177,178,179,180,75,161,183,184,185,186,187,188,189,171,191,192,193,194,195,196,197,181,8,];False
8970;9576;18546;[0,151,199,3,41,5,6,7,2,14,10,11,134,13,9,15,16,17,72,19,20,21,22,23,24,25,26,27,43,29,30,98,133,33,34,35,36,37,38,39,40,165,42,52,44,45,46,47,48,49,149,51,28,53,54,55,56,57,58,59,93,61,62,63,64,65,66,67,182,69,70,71,18,73,74,75,76,77,78,79,80,160,82,83,84,85,86,87,88,89,90,91,92,60,94,95,96,97,31,99,100,101,102,103,104,105,106,107,108,109,110,128,112,113,114,115,173,117,118,119,120,121,122,123,143,125,126,127,111,129,130,156,132,32,12,135,136,137,138,139,140,141,142,124,144,145,146,147,148,50,150,1,152,153,154,155,131,157,158,159,81,68,162,163,164,4,166,167,168,169,170,190,172,116,174,175,176,177,178,179,180,198,161,183,184,185,186,187,188,189,171,191,192,193,194,195,196,197,181,8,];False
8927;9582;18509;[0,151,199,3,41,5,6,7,2,14,10,11,134,13,9,15,16,17,72,19,20,21,22,23,24,25,26,27,43,29,30,98,133,33,34,35,36,37,38,39,40,165,42,52,44,45,46,47,48,49,149,51,28,53,54,55,56,57,58,59,93,61,62,63,64,65,66,67,182,69,70,71,18,73,74,75,76,77,78,79,80,160,82,83,84,85,86,87,88,89,90,91,92,60,94,95,96,97,31,99,100,101,102,103,104,105,106,107,108,109,110,128,112,113,114,115,173,117,118,119,120,121,122,123,143,125,126,127,111,129,130,156,132,32,12,135,136,137,138,139,140,141,142,116,144,145,146,147,148,50,150,1,152,153,154,155,131,157,158,159,81,68,162,163,164,4,166,167,168,169,170,190,172,124,174,175,176,177,178,179,180,198,161,183,184,185,186,187,188,189,171,191,192,193,194,195,196,197,181,8,];False
8942;9558;18500;[0,151,199,3,41,5,6,7,2,14,10,11,134,13,9,15,16,17,72,19,20,21,22,23,24,25,26,27,43,29,30,98,133,33,34,35,36,37,38,39,40,165,42,52,44,45,46,47,48,49,149,51,28,53,54,55,56,57,58,59,93,61,62,63,64,65,66,67,182,69,70,71,18,73,74,75,76,77,78,79,80,160,82,83,84,85,86,87,88,89,90,91,92,60,94,155,96,97,31,99,100,101,102,103,104,105,106,107,108,109,110,128,112,113,114,115,173,117,118,119,120,121,122,123,143,125,126,127,111,129,130,156,132,32,12,135,136,137,138,139,140,141,142,116,144,145,146,147,148,50,150,1,152,153,154,95,131,157,158,159,81,68,162,163,164,4,166,167,168,169,170,190,172,124,174,175,176,177,178,179,180,198,161,183,184,185,186,187,188,189,171,191,192,193,194,195,196,197,181,8,];False
8893;9550;18443;[0,151,199,3,41,5,6,7,2,14,10,11,134,13,9,15,65,17,72,19,20,21,22,23,24,25,26,27,43,29,30,98,133,33,34,35,36,37,38,39,40,165,42,52,44,45,46,47,48,49,149,51,28,53,54,55,56,57,58,59,93,61,62,63,64,16,66,67,182,69,70,71,18,73,74,75,76,77,78,79,80,160,82,83,84,85,86,87,88,89,90,91,92,60,94,95,96,97,31,99,100,101,102,103,104,105,106,107,108,109,110,128,112,113,114,115,173,117,118,119,120,121,122,123,143,125,126,127,111,129,130,156,132,32,12,135,136,137,138,139,140,141,142,116,144,145,146,147,148,50,150,1,152,153,154,155,131,157,158,159,81,68,162,163,164,4,166,167,168,169,170,190,172,124,174,175,176,177,178,179,180,198,161,183,184,185,186,187,188,189,171,191,192,193,194,195,196,197,181,8,];False
8842;9562;18404;[0,151,199,3,41,5,6,7,2,14,10,11,134,13,9,15,65,17,72,19,20,21,22,23,24,25,26,27,43,29,30,98,133,33,34,35,36,37,38,39,40,165,42,52,44,45,46,47,48,49,149,51,28,53,54,55,56,107,58,59,93,61,62,63,64,16,66,67,182,69,70,71,18,73,74,75,76,77,78,79,80,160,82,83,84,85,86,87,88,89,90,91,92,60,94,95,96,97,31,99,100,101,102,103,104,105,106,57,108,109,110,128,112,113,114,115,173,117,118,119,120,121,122,123,143,125,126,127,111,129,130,156,132,32,12,135,136,137,138,139,140,141,142,116,144,145,146,147,148,50,150,1,152,153,154,155,131,157,158,159,81,68,162,163,164,4,166,167,168,169,170,190,172,124,174,175,176,177,178,179,180,198,161,183,184,185,186,187,188,189,171,191,192,193,194,195,196,197,181,8,];False
8759;9626;18385;[0,151,199,3,110,5,6,7,2,14,10,11,134,13,99,15,65,17,72,19,20,21,22,23,24,25,140,27,43,29,30,98,133,33,34,35,36,37,38,39,40,165,42,52,44,45,46,47,48,49,149,51,28,53,54,55,56,107,58,59,93,61,62,63,64,16,66,67,182,69,70,71,18,73,74,75,76,77,78,79,80,160,82,83,84,85,86,87,88,89,90,91,92,60,94,95,96,97,31,9,100,101,102,103,104,105,106,57,108,109,41,128,112,113,114,115,173,117,118,119,120,121,122,123,143,125,126,127,111,129,130,156,132,32,12,135,136,137,138,139,26,141,142,116,144,145,146,147,148,50,150,1,152,153,154,155,131,157,158,159,81,68,162,163,164,4,166,167,168,169,170,190,172,124,174,175,176,177,178,179,180,198,161,183,184,185,186,187,188,189,171,191,192,193,194,195,196,197,181,8,];False
8776;9562;18338;[0,151,199,3,110,5,6,7,2,14,10,11,134,13,9,15,65,17,72,19,20,21,22,23,24,25,140,27,43,29,30,98,133,33,34,35,36,37,38,39,40,165,42,52,44,45,46,47,48,49,149,51,28,53,54,55,56,107,58,59,93,61,62,63,64,16,66,67,182,69,70,71,18,73,74,75,76,77,78,79,80,160,82,83,84,85,86,87,88,89,90,91,92,60,94,95,96,97,31,99,100,101,102,103,104,105,106,57,108,109,41,128,112,113,114,115,173,117,118,119,120,121,122,123,143,125,126,127,111,129,130,156,132,32,12,135,136,137,138,139,26,141,142,116,144,145,146,147,148,50,150,1,131,153,154,155,152,157,158,159,81,68,162,163,164,4,166,167,168,169,170,190,172,124,174,175,176,177,178,179,180,198,161,183,184,185,186,187,188,189,171,191,192,193,194,195,196,197,181,8,];False
8661;9590;18251;[0,151,199,3,41,5,6,7,2,14,10,11,134,13,9,15,65,17,72,19,20,21,22,23,24,25,140,27,43,29,30,98,133,33,34,35,36,37,38,39,40,165,42,52,44,45,46,47,48,49,149,51,28,53,54,55,56,107,58,59,93,61,62,63,64,16,66,67,182,69,70,71,18,73,74,75,76,77,78,79,80,160,82,83,84,85,86,87,88,89,90,91,92,60,94,95,96,97,31,99,100,101,102,103,104,105,106,57,108,109,110,128,112,113,114,115,173,117,118,119,120,121,122,123,143,125,126,127,111,129,130,156,132,32,12,135,136,137,138,139,26,141,142,116,144,145,146,147,148,50,150,1,152,153,154,155,131,157,158,159,81,68,162,163,164,4,166,167,168,169,170,190,172,124,174,175,176,177,178,179,180,198,161,183,184,185,186,187,188,189,171,191,192,193,194,195,196,197,181,8,];False
8651;9594;18245;[0,151,199,3,110,5,6,7,2,14,10,11,134,13,9,15,65,17,72,19,20,21,22,23,24,25,140,27,43,29,30,98,133,33,34,35,36,37,38,39,40,165,42,52,44,45,46,47,48,49,149,51,28,53,54,55,56,107,58,59,93,61,62,63,64,16,66,67,182,69,70,71,18,73,74,75,76,77,78,79,80,160,82,83,84,85,86,87,88,89,90,91,92,60,94,95,96,97,31,99,100,101,102,103,104,121,106,57,108,109,41,128,112,113,114,115,173,117,118,119,120,105,122,123,143,125,126,127,111,129,130,156,132,32,12,135,136,137,138,139,26,141,142,116,144,145,146,147,148,50,150,1,152,153,154,155,131,157,158,159,81,68,162,163,164,4,166,167,168,169,170,190,172,124,174,175,176,177,178,179,180,198,161,183,184,185,186,187,188,189,171,191,192,193,194,195,196,197,181,8,];False
8645;9590;18235;[0,151,199,3,110,5,6,7,2,14,10,11,134,13,9,15,65,17,72,19,20,21,22,23,24,25,140,27,43,29,30,98,133,33,34,35,36,37,38,39,40,165,42,52,44,45,46,47,48,49,149,51,28,53,54,55,56,107,58,59,93,61,62,63,64,16,66,67,182,69,70,71,18,73,74,75,76,77,78,79,80,160,82,83,84,85,86,87,88,89,90,91,92,60,94,95,96,97,31,99,100,101,102,103,104,105,106,57,108,109,41,128,112,113,114,115,173,117,118,119,120,121,122,123,143,125,126,127,111,129,130,156,132,32,12,135,136,137,138,139,26,141,142,116,144,145,146,147,148,50,150,1,152,153,154,155,131,157,158,159,81,68,162,163,164,4,166,167,168,169,170,190,172,124,174,175,176,177,178,179,180,198,161,183,184,185,186,187,188,189,171,191,192,193,194,195,196,197,181,8,];False
8652;9562;18214;[0,151,199,3,110,5,6,7,2,14,10,11,134,13,9,15,65,17,72,19,20,21,22,23,24,25,140,27,43,29,30,98,133,33,34,35,36,37,38,39,40,165,42,52,44,45,46,47,48,49,149,51,28,53,54,55,56,107,58,59,93,61,62,63,64,16,66,67,182,69,70,71,18,73,74,75,76,77,78,79,80,160,82,83,84,85,86,87,88,89,90,91,92,60,94,95,96,97,31,99,100,101,102,103,104,105,135,57,108,109,41,128,112,113,114,115,173,117,118,119,120,121,122,123,143,125,126,127,111,129,130,156,132,32,12,106,136,137,138,139,26,141,142,116,144,145,146,147,148,50,150,1,152,153,154,81,131,157,158,159,155,68,162,163,164,4,166,167,168,169,170,190,172,124,174,175,176,177,178,179,180,198,161,183,184,185,186,187,188,189,171,191,192,193,194,195,196,197,181,8,];False
8592;9596;18188;[0,151,199,3,110,5,6,7,2,14,10,11,134,13,9,15,65,17,72,19,20,21,22,23,24,25,140,27,43,29,30,98,133,33,34,35,36,37,38,39,40,165,42,52,44,45,46,47,48,49,149,51,28,53,54,55,56,107,58,59,93,61,62,63,64,16,66,67,182,69,70,71,18,73,74,75,76,77,78,79,80,160,82,83,84,85,86,87,88,89,90,91,92,60,94,95,96,97,31,99,100,101,102,103,104,105,135,57,108,109,41,128,112,113,114,115,173,117,118,119,120,121,122,123,143,125,126,127,111,129,130,156,132,32,12,106,136,137,138,139,26,141,142,116,144,145,146,147,148,50,150,1,152,153,154,155,131,157,158,159,81,68,162,163,164,4,166,167,168,169,170,190,172,124,174,175,176,177,178,179,180,198,161,183,184,185,186,187,188,189,171,191,192,193,194,195,196,197,181,8,];False
8562;9576;18138;[0,151,199,3,110,5,6,7,2,14,10,11,134,13,9,15,65,17,72,19,20,21,22,23,24,25,140,27,43,29,30,98,133,33,34,35,36,37,38,39,40,165,42,52,44,45,46,47,48,49,149,51,28,53,54,55,56,107,58,59,93,61,62,63,64,16,66,67,182,69,70,71,18,73,74,75,159,77,78,79,80,160,82,83,84,85,86,87,88,89,90,91,92,60,94,95,96,97,31,99,100,101,102,103,104,105,135,57,108,109,41,128,112,113,114,115,173,117,118,119,120,121,122,123,143,125,126,127,111,129,130,156,132,32,12,106,136,137,138,139,26,141,142,116,144,145,146,147,148,50,150,1,152,153,154,155,131,157,158,76,81,68,162,163,164,4,166,167,168,169,170,190,172,124,174,175,176,177,178,179,180,198,161,183,184,185,186,187,188,189,171,191,192,193,194,195,196,197,181,8,];False
8531;9531;18062;[0,151,199,3,110,5,6,7,2,14,10,11,134,13,9,15,65,17,72,19,20,21,22,23,24,25,140,27,43,29,30,98,133,33,34,35,36,37,38,39,40,165,42,52,44,45,46,47,48,49,149,51,28,53,54,69,56,107,58,59,93,61,62,63,64,16,66,67,182,55,70,71,18,73,74,75,159,77,78,79,80,160,82,83,84,85,86,87,88,89,90,91,92,102,94,95,96,97,31,99,100,101,60,192,104,105,135,57,108,109,41,128,112,113,114,115,173,117,118,119,120,121,122,123,143,125,126,127,111,129,130,156,132,32,12,106,136,137,138,139,26,141,142,116,144,145,146,147,148,50,150,1,152,153,154,155,131,157,158,76,81,68,162,163,164,4,166,167,168,169,170,190,172,124,174,175,176,177,178,179,180,198,161,183,184,185,186,187,188,189,171,191,103,193,194,195,196,197,181,8,];False
8488;9550;18038;[0,151,199,3,110,5,6,7,2,14,10,11,134,13,9,15,65,17,72,19,20,21,22,23,24,25,140,27,43,29,30,98,133,33,34,35,36,37,38,39,40,165,42,52,44,45,46,47,48,49,149,51,28,53,54,55,56,107,58,59,93,61,62,63,64,16,66,67,182,69,70,71,18,73,74,75,159,77,78,79,80,160,82,83,84,85,86,87,88,89,90,91,92,102,94,95,96,97,31,99,100,101,60,103,104,105,135,57,108,109,41,128,112,113,114,115,173,117,118,119,120,121,122,123,143,125,126,127,111,129,130,156,132,32,12,106,136,137,138,139,26,141,142,116,144,145,146,147,148,50,150,1,152,153,154,155,131,157,158,76,81,68,162,163,164,4,166,167,168,169,170,190,172,124,174,175,176,177,178,179,180,198,161,183,184,185,186,187,188,189,171,191,192,193,194,195,196,197,181,8,];False
8448;9544;17992;[0,151,199,3,110,5,6,7,2,14,10,11,134,13,9,15,65,17,72,19,20,21,22,23,24,25,140,27,43,29,30,98,133,33,34,35,36,37,38,39,40,165,42,52,44,45,46,47,48,49,149,51,28,53,54,55,56,107,58,59,93,61,62,63,64,16,66,67,182,69,70,71,18,73,74,75,159,77,78,79,80,160,82,83,84,85,86,87,88,89,90,91,92,102,94,95,96,97,31,99,100,101,60,192,104,105,135,57,108,109,41,128,112,113,114,115,173,117,118,119,120,121,122,123,143,125,126,124,111,129,130,156,132,32,12,106,136,137,138,139,26,141,142,116,144,145,146,147,148,50,150,1,152,153,154,155,131,157,158,76,81,68,162,163,164,4,166,167,168,169,170,190,172,127,174,175,176,177,178,179,180,198,161,183,184,185,186,187,188,189,171,191,103,193,194,195,196,197,181,8,];False
8429;9558;17987;[0,151,86,3,110,5,6,7,2,14,143,11,134,13,9,15,65,17,72,19,20,21,22,23,24,25,140,27,43,29,30,98,133,33,34,35,36,37,38,39,40,165,42,52,44,45,46,47,48,49,149,51,28,53,54,55,56,107,58,59,93,61,62,63,64,16,66,67,182,69,70,71,18,73,74,75,159,77,78,79,80,160,82,83,84,85,199,87,88,89,90,91,92,102,94,95,96,97,31,99,100,101,60,192,104,105,135,57,108,109,41,128,112,113,114,115,173,117,118,119,120,121,122,123,10,125,126,127,111,129,130,156,132,32,12,106,136,137,138,139,26,141,142,116,144,145,146,147,148,50,150,1,152,153,154,155,131,157,158,76,81,68,162,163,164,4,166,167,168,169,170,190,172,124,174,175,176,177,178,179,180,198,161,183,184,185,186,187,188,189,171,191,103,193,194,195,196,197,181,8,];False
8416;9530;17946;[0,151,199,3,110,5,6,7,2,14,10,11,134,13,9,15,65,17,72,19,20,21,22,23,24,25,140,27,43,29,30,98,133,33,34,35,36,37,38,39,40,165,42,52,44,45,46,47,48,49,149,51,28,53,54,55,56,107,58,59,93,61,62,63,64,16,66,67,182,69,70,71,18,73,74,75,159,77,78,79,80,160,82,83,84,85,86,87,88,89,90,91,92,102,94,95,96,97,31,99,100,101,60,192,104,105,135,57,108,109,41,128,112,113,114,115,173,117,118,119,120,121,122,123,143,125,126,127,111,129,130,156,132,32,12,106,136,137,138,139,26,141,142,116,144,145,146,147,148,50,150,1,152,153,154,155,131,157,158,76,81,68,162,163,164,4,166,167,168,169,170,190,172,124,174,175,176,177,178,179,180,198,161,183,184,185,186,187,188,189,171,191,103,193,194,195,196,197,181,8,];False
8355;9560;17915;[0,151,199,3,110,5,6,7,2,171,143,11,134,13,9,15,65,17,72,19,20,21,22,23,24,25,140,27,43,29,30,98,133,33,34,35,36,37,38,39,40,165,42,52,44,45,46,47,48,49,149,51,28,53,54,55,56,107,58,59,93,61,62,63,64,16,66,67,182,69,70,71,18,73,74,75,159,77,78,79,80,160,82,83,84,85,86,87,88,89,90,91,92,102,94,95,96,97,31,99,100,101,60,192,104,105,135,57,108,109,41,128,112,113,114,115,173,117,118,119,120,121,122,123,10,125,126,127,111,129,130,156,132,32,12,106,136,137,138,139,26,141,142,116,144,145,146,147,148,50,150,1,152,153,154,155,131,157,158,76,81,68,162,163,164,4,166,167,168,169,170,190,172,124,174,175,176,177,178,179,180,198,161,183,184,185,186,187,188,189,14,191,103,193,194,195,196,197,181,8,];False
8361;9545;17906;[0,151,199,3,110,5,6,7,2,14,143,11,134,13,109,15,65,17,72,19,20,21,22,23,24,25,140,27,43,29,30,98,133,33,34,35,36,37,38,39,40,165,42,52,44,45,46,47,48,49,149,51,28,53,54,55,56,107,58,59,93,61,62,63,64,16,66,67,182,69,70,71,18,73,74,75,159,77,78,79,80,160,82,83,84,85,86,87,88,89,90,91,92,102,94,95,96,97,31,99,100,101,60,192,104,105,135,57,108,9,41,128,112,113,114,115,173,117,118,119,120,121,122,123,10,125,126,127,111,129,130,156,132,32,12,106,136,137,138,139,26,141,142,116,144,145,146,147,148,50,150,1,152,153,154,155,131,157,158,76,81,68,162,163,164,4,166,167,168,169,170,190,172,124,174,175,176,177,178,179,180,198,161,183,184,185,186,187,188,189,171,191,103,193,194,195,196,197,181,8,];False
8355;9547;17902;[0,151,199,3,110,5,6,7,2,14,143,11,134,13,9,15,65,17,72,19,20,21,22,23,24,25,140,27,43,29,30,98,133,33,34,35,36,37,79,39,40,165,42,52,44,45,46,47,48,49,149,51,28,53,54,55,56,107,58,59,93,61,62,63,64,16,66,67,182,69,70,71,18,73,74,75,159,77,78,38,80,160,82,83,84,85,86,87,88,89,90,91,92,102,94,95,96,97,31,99,100,101,60,192,104,105,135,57,108,109,41,128,112,113,114,115,173,117,118,119,120,121,122,123,10,125,126,127,111,129,130,156,132,32,12,106,136,137,138,172,26,141,142,116,144,145,146,147,148,50,150,1,152,153,154,155,131,157,158,76,81,68,162,163,164,4,166,167,168,169,170,190,139,124,174,175,176,177,178,179,180,198,161,183,184,185,186,187,188,189,171,191,103,193,194,195,196,197,181,8,];False
8335;9548;17883;[0,151,199,3,110,5,6,7,2,14,143,11,134,13,9,15,65,17,72,19,20,21,22,23,24,25,140,27,43,29,30,98,133,33,34,35,36,37,38,39,40,165,42,52,44,45,46,47,48,49,149,51,28,53,54,55,56,107,58,59,93,61,62,63,64,16,66,67,182,69,70,71,18,73,74,75,159,77,78,79,80,160,82,83,84,85,86,87,88,89,90,91,92,102,94,95,96,97,31,99,100,101,60,192,104,105,135,57,108,109,41,128,112,113,114,115,173,117,118,119,120,121,122,123,10,125,126,127,111,129,130,156,132,32,12,106,136,137,138,139,26,141,142,116,144,145,146,147,148,50,150,1,152,153,154,155,131,157,158,76,81,68,162,163,164,4,166,167,168,169,170,190,172,124,174,175,176,177,178,179,180,198,161,183,184,185,186,187,188,189,171,191,103,193,194,195,196,197,181,8,];False
8264;9565;17829;[0,151,199,3,110,5,6,7,2,14,143,11,134,13,9,15,65,17,72,19,20,21,22,23,24,25,140,27,43,29,30,98,133,33,34,35,36,37,38,39,40,165,42,52,44,45,46,47,48,49,149,51,28,53,54,55,56,107,58,59,93,61,62,63,64,16,66,67,182,69,70,71,18,73,74,75,159,77,78,79,80,160,82,83,84,85,68,87,88,89,90,91,92,102,94,95,96,97,31,99,100,101,60,192,104,105,1,57,108,109,41,128,112,113,114,115,173,117,118,119,4,121,122,123,10,125,126,127,111,129,130,156,132,32,12,106,136,137,138,172,26,141,142,116,144,145,146,147,148,50,150,135,152,153,154,155,131,157,158,76,81,86,162,163,164,120,166,167,168,169,170,190,139,124,174,175,176,177,178,179,180,198,161,183,184,185,186,187,188,189,171,191,103,193,194,195,196,197,181,8,];False
8242;9570;17812;[0,151,199,3,110,5,6,7,2,14,74,11,134,13,9,15,65,17,72,19,20,21,22,23,24,25,140,27,43,29,30,98,133,33,34,35,36,37,38,39,40,165,42,52,44,45,46,47,48,49,149,51,28,53,54,55,56,107,58,59,93,61,62,63,64,16,66,67,182,69,70,71,18,73,143,75,159,77,78,79,80,160,82,83,84,85,68,87,88,89,90,91,92,102,94,95,96,97,31,99,100,101,60,192,104,105,135,57,108,109,41,128,112,113,114,115,173,117,118,119,4,121,122,123,10,125,126,127,111,129,130,156,132,32,12,106,136,137,138,172,26,141,142,116,144,145,146,147,148,50,150,1,152,153,154,155,131,157,158,76,81,86,162,163,164,120,166,167,168,169,170,190,139,124,174,175,176,177,178,179,180,198,161,183,184,185,186,187,188,189,171,191,103,193,194,195,196,197,181,8,];False
8252;9546;17798;[0,151,199,3,110,5,6,7,2,14,143,11,134,13,9,15,65,17,72,19,20,21,22,23,24,25,140,27,43,29,30,98,133,33,34,35,36,37,38,39,40,165,42,52,44,45,46,47,48,49,149,51,28,53,54,55,56,107,58,59,93,61,62,63,64,16,66,67,182,69,70,71,18,73,105,75,159,77,78,79,80,160,82,83,84,85,86,87,88,89,90,91,92,102,94,95,96,97,31,99,100,101,60,192,104,74,135,57,108,109,41,128,112,113,114,115,173,117,118,119,120,121,122,123,10,125,126,127,111,129,130,156,132,32,12,106,136,137,138,172,26,141,142,116,144,145,146,147,148,50,150,1,152,153,154,155,131,157,158,76,81,68,162,163,164,4,166,167,168,169,170,190,139,124,174,175,176,177,178,179,180,198,161,183,184,185,186,187,188,189,171,191,103,193,194,195,196,197,181,8,];False
8259;9538;17797;[0,151,199,3,110,5,6,7,2,14,143,11,134,13,9,15,65,17,72,19,20,21,22,23,24,25,140,27,43,29,30,98,133,33,34,35,36,37,38,39,40,165,42,52,44,45,46,47,48,49,149,51,28,53,54,55,56,107,58,59,93,61,62,63,64,16,66,67,182,69,70,71,18,73,74,75,159,77,78,79,80,160,82,83,84,85,86,87,88,89,90,91,92,102,94,95,96,97,31,99,100,101,60,192,104,105,135,57,108,109,41,128,112,113,114,115,173,117,118,119,4,121,122,141,10,125,126,127,111,129,130,156,132,32,12,106,136,137,138,172,26,123,142,116,144,145,146,147,148,50,150,1,152,153,154,155,131,157,158,76,81,68,162,163,164,120,166,167,168,169,170,190,139,124,174,175,176,177,178,179,180,198,161,183,184,185,186,187,188,189,171,191,103,193,194,195,196,197,181,8,];False
8146;9648;17794;[0,151,199,3,110,5,6,2,7,14,143,11,134,13,9,15,65,17,72,19,172,21,22,23,24,25,140,27,43,29,30,98,133,33,34,185,36,37,38,39,40,167,42,52,44,45,46,47,48,49,149,51,28,53,54,55,56,107,58,59,93,61,62,63,64,16,66,67,182,69,70,71,18,73,74,75,159,77,78,79,80,160,82,83,84,85,68,87,88,89,90,91,92,102,94,95,96,97,31,99,195,101,60,192,104,105,135,57,108,109,41,128,112,113,114,115,173,117,118,119,4,121,122,123,10,125,126,127,111,129,130,156,132,32,12,106,136,137,138,20,26,141,142,116,144,145,146,147,148,50,150,1,152,153,154,155,131,157,158,76,81,86,162,163,164,120,166,165,168,169,170,190,139,124,174,175,176,177,178,179,180,198,161,183,184,35,186,187,188,189,171,191,103,193,194,100,196,197,181,8,];False
8095;9694;17789;[0,151,199,3,110,5,6,2,7,14,143,11,134,13,9,15,65,17,72,19,172,21,22,23,24,25,140,27,43,29,30,98,133,33,34,185,36,37,38,39,40,165,42,170,171,45,46,47,48,49,149,51,28,53,54,55,56,107,58,59,93,61,62,63,64,16,66,67,127,69,70,71,18,73,74,75,159,77,181,79,80,160,82,83,84,85,68,87,88,89,90,91,92,102,94,95,96,97,31,99,195,101,60,192,104,105,135,57,108,109,41,128,112,113,190,115,173,117,118,119,4,121,122,123,10,125,126,182,111,129,130,156,132,32,12,106,136,137,138,20,26,141,142,116,144,145,146,147,148,50,150,1,152,153,154,155,131,157,158,76,81,86,162,163,164,120,166,167,168,169,52,114,139,124,174,175,176,177,178,179,180,198,161,183,184,35,186,187,188,189,44,191,103,193,194,100,196,197,78,8,];False
8112;9675;17787;[0,151,199,3,110,5,6,7,2,14,143,11,134,13,9,15,65,17,72,19,111,21,22,23,24,25,140,27,43,29,30,98,133,33,34,185,36,37,38,39,40,165,42,52,44,45,46,47,48,49,149,51,28,53,54,55,56,107,58,59,93,61,62,63,64,16,66,67,182,69,70,71,18,73,74,75,159,77,78,79,80,160,82,83,84,85,68,87,88,89,90,91,92,102,94,95,96,97,31,99,195,101,60,192,104,105,135,57,108,109,41,128,112,113,114,115,173,117,118,119,4,121,122,123,10,125,126,127,172,129,130,156,132,32,12,106,136,137,138,20,26,141,142,116,144,145,146,147,148,50,150,1,152,153,154,155,131,157,158,76,81,86,162,163,164,120,166,167,168,169,170,190,139,124,174,175,176,177,178,179,180,198,161,183,184,35,186,187,188,189,171,191,103,193,194,100,196,197,181,8,];False
8042;9742;17784;[0,151,199,3,110,5,6,2,7,14,143,11,134,13,9,15,65,17,72,19,172,21,22,23,24,25,140,27,43,29,30,74,133,33,34,185,36,37,38,39,40,113,42,52,171,45,46,47,48,49,149,51,28,53,54,55,56,107,58,59,93,61,62,63,64,16,66,67,127,69,70,71,18,73,98,75,159,77,181,79,80,160,82,83,84,85,68,87,88,89,90,91,92,102,94,95,96,97,31,99,195,101,60,192,104,105,135,57,108,109,41,128,112,165,190,115,173,117,118,119,4,121,122,123,10,125,126,182,111,129,130,156,132,32,12,106,136,137,138,20,26,141,189,116,144,145,146,147,148,50,150,1,152,153,86,155,131,157,158,76,81,154,162,163,164,120,166,167,168,169,170,114,139,124,174,175,176,177,178,179,180,198,161,183,184,35,186,187,188,142,44,191,103,193,194,100,196,197,78,8,];False
8253;9531;17784;[0,151,199,3,110,5,6,7,154,14,143,11,134,13,9,15,65,17,72,19,20,21,22,23,24,25,140,27,43,29,30,98,133,33,34,35,36,37,38,39,40,165,42,52,44,45,46,47,48,49,149,51,28,53,54,55,56,107,58,59,93,61,62,63,64,16,66,67,182,69,70,71,18,73,74,75,159,77,78,79,80,160,82,83,84,85,86,87,88,89,90,91,92,102,94,95,96,97,31,99,100,101,60,192,104,105,135,57,108,109,41,128,112,113,114,115,173,117,118,119,120,121,122,123,10,125,126,127,111,129,130,156,132,32,12,106,136,137,138,172,26,141,142,116,144,145,146,147,148,50,150,1,152,153,2,155,131,157,158,76,81,68,162,163,164,4,166,167,168,169,170,190,139,124,174,175,176,177,178,179,180,198,161,183,184,185,186,187,188,189,171,191,103,193,194,195,196,197,181,8,];False
8092;9688;17780;[0,151,199,3,110,5,6,2,7,14,143,11,134,13,9,15,65,17,72,19,172,21,22,23,24,25,140,27,43,29,30,98,133,33,34,185,36,37,38,39,40,165,42,52,171,45,46,47,48,49,149,51,28,53,54,55,56,107,58,59,93,61,62,63,64,16,66,67,127,69,70,71,18,73,74,75,159,77,181,79,80,160,82,83,84,85,68,87,88,89,90,91,92,102,94,95,96,97,31,99,195,101,60,192,104,105,135,57,108,109,41,128,112,113,190,115,173,117,118,119,4,121,122,123,10,125,126,182,111,129,130,156,132,32,12,106,136,137,138,20,26,141,142,116,144,145,146,147,148,50,150,1,152,153,154,155,131,157,158,76,81,86,162,163,164,120,166,167,168,169,170,114,139,124,174,175,176,177,178,179,180,198,161,183,184,35,186,187,188,189,44,191,103,193,197,100,196,194,78,8,];False
8089;9669;17758;[0,151,199,3,110,5,6,2,7,14,143,11,134,13,9,15,65,17,72,19,172,21,22,23,24,25,140,27,43,29,30,98,133,33,34,185,36,37,38,39,40,165,42,52,44,45,46,47,48,49,149,51,28,53,54,55,56,107,58,59,93,61,62,63,64,16,66,67,182,69,70,71,18,73,74,75,159,77,78,79,183,160,82,83,84,85,68,87,88,89,90,91,92,102,94,95,96,97,31,99,195,101,60,192,104,105,135,57,108,109,41,128,112,113,114,115,173,117,118,119,4,121,122,123,10,125,126,127,111,129,130,156,132,32,12,106,136,137,138,20,26,141,142,116,144,145,146,147,148,50,150,1,152,153,154,155,131,157,158,76,81,86,162,163,164,120,166,167,168,169,170,190,139,124,174,175,176,177,178,179,180,198,161,80,184,35,186,187,188,189,171,191,103,193,194,100,196,197,181,8,];False
8257;9500;17757;[0,151,199,3,110,5,6,7,2,14,143,11,134,13,9,15,65,17,72,19,20,21,22,23,24,25,140,27,43,29,30,98,133,33,34,35,36,37,38,39,40,165,42,52,44,45,46,47,48,49,149,51,28,53,54,55,56,177,58,59,93,61,62,63,64,16,66,67,182,69,70,71,18,73,74,75,159,77,78,79,80,160,82,83,84,85,86,87,88,89,90,91,92,102,94,95,96,97,31,99,100,101,60,192,104,105,135,57,108,109,41,128,112,113,114,115,173,117,118,119,120,121,122,123,10,125,126,127,111,129,130,156,132,32,12,106,136,137,138,172,26,141,142,116,144,145,146,147,148,50,150,1,152,153,154,155,131,157,158,76,81,68,162,163,164,4,166,167,168,169,170,190,139,124,174,175,176,107,178,179,180,198,161,183,184,185,186,187,188,189,171,191,103,193,194,195,196,197,181,8,];True
8070;9686;17756;[0,151,199,3,110,5,6,2,7,14,143,11,134,13,9,15,65,17,72,19,172,21,22,23,24,25,140,27,43,29,30,98,133,33,34,185,36,37,38,39,40,165,42,52,171,45,46,47,48,49,149,51,28,53,54,55,56,107,58,59,93,61,62,63,64,16,66,67,127,69,70,71,18,73,74,75,159,77,181,79,80,160,82,83,84,85,68,87,88,89,90,91,92,102,94,95,96,97,31,99,195,101,60,192,104,105,135,57,108,109,41,128,112,113,190,115,173,117,118,119,4,121,122,123,10,125,126,182,111,129,130,156,132,32,12,106,136,137,138,20,26,141,142,116,144,145,146,147,148,50,150,1,152,153,86,155,131,157,158,76,81,154,162,163,164,120,166,167,168,169,170,114,139,124,174,175,176,177,178,179,180,198,161,183,184,35,186,187,194,189,44,191,103,193,188,100,196,197,78,8,];False
8180;9568;17748;[0,151,199,3,110,5,6,7,2,14,143,11,134,13,9,15,65,17,72,19,20,21,22,23,24,25,140,27,89,29,30,98,133,33,34,35,36,37,38,39,40,165,42,52,44,45,46,47,48,49,149,51,28,53,54,55,56,107,58,59,93,61,62,63,64,16,66,67,182,69,70,71,18,73,74,75,159,77,78,79,80,160,82,83,84,85,68,87,88,43,90,91,92,102,94,95,96,97,31,99,100,101,60,192,104,105,135,57,108,109,41,128,112,113,114,115,173,117,118,119,4,121,122,123,10,125,126,127,111,129,130,156,132,32,12,106,136,137,138,172,26,141,142,116,144,145,146,147,148,50,150,1,152,153,154,155,131,157,158,76,81,86,162,163,164,120,166,167,168,169,170,190,139,124,174,175,176,177,178,179,180,198,161,183,184,185,186,187,188,189,171,191,103,193,194,195,196,197,181,8,];False
8215;9530;17745;[0,151,199,3,110,5,6,7,2,14,143,11,134,13,9,15,65,17,72,19,20,21,22,23,24,25,140,27,43,29,30,98,133,33,34,35,36,37,38,39,40,165,42,52,44,45,46,47,48,49,149,51,28,53,54,55,56,107,58,59,93,61,62,63,64,16,66,67,182,69,70,71,18,73,74,75,159,77,78,79,80,160,82,83,84,85,86,87,88,89,90,91,92,102,94,95,96,97,31,99,100,101,60,192,104,105,135,57,108,109,41,128,112,113,114,115,173,117,118,119,120,121,122,123,10,125,126,127,111,129,130,156,132,32,12,106,136,137,138,172,26,141,142,116,144,145,146,147,148,50,150,1,152,153,154,155,131,157,158,76,81,68,162,163,164,4,166,167,168,169,170,190,139,124,174,175,176,177,178,179,180,198,161,183,184,185,186,187,188,189,171,191,103,193,194,195,196,197,181,8,];False
8121;9622;17743;[0,151,199,3,110,5,6,7,2,14,143,11,134,13,9,15,65,17,72,19,172,21,22,23,24,25,140,27,43,29,30,98,133,33,34,35,36,37,38,39,40,165,42,52,44,45,46,47,48,49,149,51,28,53,54,55,56,107,58,59,93,61,12,63,64,16,66,67,182,69,70,71,18,73,74,75,159,77,78,79,80,160,82,83,84,85,68,87,88,89,90,91,92,102,94,95,96,97,31,99,195,101,60,192,104,105,135,57,108,109,41,128,112,113,114,115,173,117,118,119,4,121,122,123,10,125,126,127,111,129,130,156,132,32,62,106,136,137,138,20,26,141,142,116,144,145,146,147,148,50,150,1,152,153,154,155,131,157,158,76,81,86,162,163,164,120,166,167,168,169,170,190,139,124,174,175,176,177,178,179,180,198,161,183,184,185,186,187,188,189,171,191,103,193,194,100,196,197,181,8,];False
8082;9647;17729;[0,151,199,3,110,5,6,2,7,14,143,11,134,13,9,15,65,48,72,19,172,21,22,23,24,25,140,27,43,29,30,98,133,33,34,185,36,37,38,39,40,165,42,52,171,45,46,47,17,49,149,51,28,53,54,55,56,107,58,59,93,61,62,63,64,16,66,67,127,69,70,71,18,73,74,75,159,77,78,79,80,160,82,83,84,85,68,87,88,89,90,91,92,102,94,95,96,97,31,99,195,101,60,192,104,105,135,57,108,109,41,128,112,113,190,115,173,117,118,119,4,121,122,123,10,125,126,182,111,129,130,156,132,32,12,106,136,137,138,20,26,141,142,116,144,145,146,147,148,50,150,1,152,153,154,155,131,157,158,76,81,86,162,163,164,120,166,167,168,169,170,114,139,124,174,175,176,177,178,179,180,198,161,183,184,35,186,187,188,189,44,191,103,193,194,100,196,197,181,8,];False
8005;9721;17726;[0,151,199,3,110,5,6,2,7,14,187,11,134,13,9,15,65,17,72,19,172,21,22,23,24,25,140,27,43,29,30,74,133,33,34,185,36,37,38,39,40,165,42,52,171,45,46,47,48,49,149,51,28,53,54,55,56,107,58,59,93,61,62,63,64,16,66,67,127,69,70,71,18,73,98,75,159,77,161,79,80,160,82,83,84,85,68,87,88,89,90,91,92,102,94,95,96,97,31,99,195,101,60,192,104,105,135,57,108,109,41,128,112,113,190,115,173,175,118,119,4,121,122,123,10,125,126,182,111,129,130,156,132,32,12,106,136,137,138,20,26,141,189,116,144,145,146,147,148,50,150,1,152,153,86,155,131,157,158,76,81,154,162,163,164,120,166,167,168,169,170,114,139,124,174,117,176,177,178,179,180,198,181,183,184,35,186,143,188,142,44,191,103,193,194,100,196,197,78,8,];False
8077;9649;17726;[0,151,199,3,110,5,6,7,2,14,143,11,134,13,9,15,65,17,72,19,172,21,22,23,24,25,149,27,43,29,30,98,133,33,34,185,36,37,38,39,40,165,42,52,44,45,46,47,48,49,140,51,28,53,54,55,56,107,58,59,93,61,62,63,64,16,66,67,182,69,70,71,18,73,74,75,159,77,78,79,80,160,82,83,84,85,68,87,88,89,90,91,92,102,94,95,96,97,31,99,195,101,60,192,104,105,135,57,108,109,41,128,112,113,114,115,173,117,118,119,4,121,122,123,10,125,126,127,111,129,130,156,132,32,12,106,136,137,138,20,26,141,142,116,144,145,146,147,148,50,150,1,152,153,154,155,131,157,158,76,81,86,162,163,164,120,166,167,168,169,170,190,139,124,174,175,176,177,178,179,180,198,161,183,184,35,186,187,188,189,171,191,103,193,194,100,196,197,181,8,];False
8054;9671;17725;[0,151,199,3,110,5,6,2,7,14,143,11,134,13,9,15,65,17,72,19,172,21,22,23,24,25,140,27,43,29,30,98,133,33,34,185,36,37,38,39,40,165,42,52,171,45,46,47,48,49,149,51,28,53,54,55,56,107,58,59,93,61,62,63,64,16,66,67,127,69,70,71,18,73,74,75,159,77,181,79,80,160,82,83,84,85,68,87,88,89,90,91,92,102,94,95,96,97,31,99,195,101,60,192,104,105,135,57,108,109,41,128,112,113,190,115,173,117,118,119,4,121,122,123,10,125,126,182,111,129,130,156,132,32,12,106,136,137,138,20,26,141,142,116,144,145,146,147,148,50,150,1,152,153,86,155,131,44,158,76,81,154,162,163,164,120,166,167,168,169,170,114,139,124,174,175,176,177,178,179,180,198,161,183,184,35,186,187,188,189,157,191,103,193,194,100,196,197,78,8,];False
8092;9633;17725;[0,151,199,3,110,5,6,7,2,14,143,11,134,121,9,15,65,17,72,19,172,21,22,23,24,25,140,27,43,29,30,98,133,33,34,185,36,37,38,39,40,165,42,52,44,45,46,47,48,49,149,51,28,53,54,55,56,107,58,59,93,61,62,63,64,16,66,67,182,69,70,71,18,73,74,75,159,77,78,79,80,160,82,83,84,85,68,87,88,89,90,91,92,102,94,95,96,97,31,99,195,101,60,192,104,105,135,57,108,109,41,128,112,113,114,115,173,117,118,119,4,13,122,123,10,125,126,127,111,129,130,156,132,32,12,106,136,137,138,20,26,141,142,116,144,145,146,147,148,50,150,1,152,153,154,155,131,157,158,76,81,86,162,163,164,120,166,167,168,169,170,190,139,124,174,175,176,177,178,179,180,198,161,183,184,35,186,187,188,189,171,191,103,193,194,100,196,197,181,8,];False
8051;9665;17716;[0,151,199,3,110,5,6,2,7,14,143,11,134,13,9,15,65,17,72,19,172,21,22,23,24,25,140,27,43,29,30,98,133,33,34,185,36,37,38,39,40,165,42,52,171,45,46,47,48,49,149,51,28,53,54,55,56,107,58,59,93,61,62,63,64,16,66,67,127,69,70,71,18,73,74,100,159,77,181,79,80,160,82,83,84,85,68,87,88,89,90,91,92,102,94,95,96,97,31,99,195,101,60,192,104,105,135,57,108,109,41,128,112,113,190,115,173,117,118,119,4,121,122,123,10,125,126,182,111,129,130,156,132,32,12,106,136,137,138,20,26,141,142,116,144,145,146,147,148,50,150,1,152,153,154,155,131,157,158,76,81,86,162,163,164,120,166,167,168,169,170,114,139,124,174,175,176,177,178,179,180,198,161,183,184,35,186,187,188,189,44,191,103,193,194,75,196,197,78,8,];False
7990;9726;17716;[0,151,199,3,110,5,6,2,7,14,187,11,122,13,9,15,65,17,72,19,172,21,22,23,24,25,140,27,43,29,30,74,133,33,34,185,36,37,38,39,40,165,42,52,171,45,46,47,48,49,149,51,28,53,54,55,56,107,58,59,93,61,62,63,64,16,66,67,127,69,70,71,18,73,98,75,159,77,181,79,80,160,82,83,84,85,68,87,88,89,90,91,92,102,94,95,96,97,31,99,195,101,60,192,104,105,135,57,108,109,41,128,112,113,190,115,173,175,118,119,4,121,134,123,10,125,126,182,111,129,130,156,132,32,12,106,136,137,138,20,26,141,189,116,144,145,146,147,148,50,150,1,152,153,86,155,131,157,158,76,81,154,162,163,164,120,166,167,168,169,170,114,139,124,174,117,176,177,178,179,180,198,161,183,184,35,186,143,188,142,44,191,103,193,194,100,196,197,78,8,];False
8061;9652;17713;[0,151,199,3,110,5,6,7,2,14,143,11,134,13,9,15,65,17,72,19,172,21,22,23,24,25,140,27,43,29,30,98,133,33,34,185,36,37,38,39,40,165,42,52,44,45,46,47,48,49,149,51,28,53,54,55,56,107,58,59,93,61,62,63,64,16,66,67,182,69,70,71,18,73,74,75,159,77,78,79,80,160,82,83,84,85,68,87,88,89,90,91,92,102,94,95,96,97,126,99,195,101,60,192,104,105,135,57,108,109,41,128,112,113,114,115,173,117,118,119,4,121,122,123,10,125,31,127,111,129,130,156,132,32,12,106,136,137,138,20,26,141,142,116,144,145,146,147,148,50,150,1,152,153,154,155,131,157,158,76,81,86,162,163,164,120,166,167,168,169,170,190,139,124,174,175,176,177,178,179,180,198,161,183,184,35,186,187,188,189,171,191,103,193,194,100,196,197,181,8,];False
7996;9714;17710;[0,151,199,3,110,5,6,2,7,14,143,11,134,13,9,15,65,17,72,19,172,21,22,23,24,25,140,27,43,29,30,74,133,33,34,185,36,37,38,39,165,40,42,52,171,45,46,47,48,49,149,51,28,53,54,55,56,107,58,59,93,61,62,63,64,16,66,67,127,69,70,71,18,73,98,75,159,77,181,79,80,160,82,83,84,85,68,87,88,89,90,91,92,102,94,95,96,97,31,99,195,101,60,192,104,105,135,57,108,109,41,128,112,113,190,115,173,175,118,119,4,121,122,123,10,125,126,182,111,129,130,156,132,32,12,106,136,137,138,20,26,141,189,116,144,145,146,147,148,50,150,1,152,153,86,155,131,157,158,76,81,154,162,163,164,120,166,167,168,169,170,114,139,124,174,117,176,177,178,179,180,198,161,183,184,35,186,187,188,142,44,191,103,193,194,100,196,197,78,8,];False
8145;9563;17708;[0,151,199,3,110,5,6,7,2,14,143,11,134,13,9,15,65,17,72,19,20,21,22,23,24,25,140,27,43,29,30,98,133,33,34,35,36,37,38,39,40,165,42,52,44,45,46,47,48,49,149,51,28,53,54,55,56,107,58,59,93,61,62,63,64,16,66,67,182,69,70,71,18,73,74,75,159,77,78,79,80,160,82,83,84,85,86,87,88,89,90,91,92,102,94,95,96,97,31,99,100,101,60,192,104,105,135,57,108,109,41,128,112,113,114,115,173,117,118,119,4,121,122,123,10,125,126,127,111,129,130,156,132,32,12,106,136,137,138,172,26,141,142,116,144,145,146,147,148,50,150,1,152,153,154,155,131,157,158,76,81,68,162,163,164,120,166,167,168,169,170,190,139,124,174,175,176,177,178,179,180,198,161,183,184,185,186,187,188,189,171,191,103,193,194,195,196,197,181,8,];False
7973;9731;17704;[0,151,199,3,110,5,6,2,7,14,143,11,134,13,9,15,65,17,72,19,172,21,22,116,24,25,140,27,43,29,30,74,133,33,34,185,36,37,38,39,40,165,42,52,171,45,46,47,48,49,149,51,28,53,54,55,56,107,58,59,93,61,62,63,64,16,66,67,127,69,70,71,18,73,98,75,159,77,181,79,80,160,82,83,84,85,68,87,88,89,90,91,92,102,94,95,96,97,31,99,195,101,60,192,104,105,135,57,108,109,41,128,112,113,190,115,173,117,118,119,4,121,122,123,10,125,126,182,111,129,130,156,132,32,12,106,136,137,138,20,26,141,189,23,144,145,146,147,148,50,150,1,152,153,86,155,131,157,158,76,81,154,162,163,164,120,166,167,168,169,170,114,139,124,174,175,176,177,178,179,180,198,161,183,184,35,186,187,188,142,44,191,103,193,194,100,196,197,78,8,];False
7985;9718;17703;[0,151,199,3,110,5,6,2,7,14,143,11,134,13,9,15,65,17,72,19,172,21,22,23,24,25,140,27,43,29,30,74,133,33,34,185,36,37,38,39,40,165,42,52,171,45,46,47,48,49,149,51,28,53,54,55,56,107,58,59,93,61,62,63,64,16,66,67,127,69,70,71,18,73,98,75,159,77,181,79,80,160,82,83,84,85,68,87,88,89,90,91,92,102,94,95,96,97,31,99,195,101,60,192,104,105,135,57,108,109,41,128,112,113,190,115,173,175,118,119,4,121,122,123,10,125,126,182,111,129,130,156,132,32,12,106,136,137,138,20,26,141,189,116,144,145,146,147,148,50,150,1,152,176,86,155,131,157,158,76,81,154,162,163,164,120,166,167,168,169,170,114,139,124,174,117,153,177,178,179,180,198,161,183,184,35,186,187,188,142,44,191,103,193,194,100,196,197,78,8,];False
8137;9565;17702;[0,151,199,3,110,5,6,7,2,14,143,11,134,13,9,15,65,17,72,19,20,21,22,23,24,25,140,27,43,29,30,98,133,33,34,35,36,37,38,39,40,165,42,52,44,45,46,47,48,49,149,51,28,53,54,55,56,107,58,59,93,61,62,63,64,16,66,67,182,69,70,71,18,73,74,75,159,77,78,79,80,160,82,83,84,85,68,87,88,89,90,91,92,102,94,95,96,97,31,99,100,101,60,192,104,105,135,57,108,109,41,128,112,113,114,115,173,117,118,119,4,121,122,123,10,125,126,127,111,129,130,156,132,32,12,106,136,137,138,172,26,141,142,116,144,145,146,147,148,50,150,1,152,153,154,155,131,157,158,76,81,86,162,163,164,120,166,167,168,169,170,190,139,124,174,175,176,177,178,179,180,198,161,183,184,185,186,187,188,189,171,191,103,193,194,195,196,197,181,8,];False
8007;9692;17699;[0,151,199,3,110,5,6,2,7,14,143,11,134,13,9,15,65,17,72,19,172,21,22,23,24,25,140,27,43,29,30,98,133,33,34,185,36,37,38,39,40,165,42,52,171,45,46,47,48,49,149,51,28,53,54,55,56,107,58,59,93,61,62,63,64,16,116,67,127,69,70,71,18,73,74,75,159,77,78,79,80,160,82,83,84,85,68,87,88,89,90,91,92,102,94,95,96,97,31,99,195,101,60,192,104,105,135,57,108,109,41,128,112,113,114,115,173,117,118,119,4,121,122,123,10,125,126,182,111,129,130,156,132,32,12,106,136,137,138,20,26,141,142,66,144,145,146,147,148,50,150,1,152,153,154,155,131,157,158,76,81,86,162,163,164,120,166,167,168,169,170,190,139,124,174,175,176,177,178,179,180,198,161,183,184,35,186,187,188,189,44,191,103,193,194,100,196,197,181,8,];False
8063;9624;17687;[0,151,199,3,110,5,6,7,2,14,143,11,134,13,9,15,65,17,72,19,172,21,22,23,24,25,140,27,43,29,30,98,133,33,34,35,36,37,38,39,40,165,42,52,44,45,46,47,48,49,149,51,28,53,54,55,56,107,58,59,93,61,62,63,64,16,66,67,182,69,70,71,18,73,74,75,159,77,78,79,80,160,82,83,84,85,68,87,88,89,90,91,92,102,94,95,96,97,31,99,195,101,60,192,104,105,135,57,108,109,41,128,112,113,114,115,173,117,118,119,4,121,122,123,10,125,126,127,111,129,130,156,132,32,12,106,136,137,138,20,26,141,142,116,144,145,146,147,148,50,150,1,152,153,154,155,131,157,158,76,81,86,162,163,164,120,166,167,168,169,170,190,139,124,174,175,176,177,178,179,180,198,161,183,184,185,186,187,188,189,171,191,103,193,194,100,196,197,181,8,];False
7946;9732;17678;[0,151,199,3,110,5,6,2,7,14,143,11,134,13,9,15,65,17,72,19,172,21,22,23,24,25,140,27,43,29,30,74,133,33,34,185,36,37,38,39,40,165,42,52,171,45,46,47,48,49,149,51,28,53,54,55,56,107,58,59,93,61,62,63,64,16,66,67,127,69,70,71,18,73,98,75,159,77,181,79,80,160,82,83,84,85,68,87,31,89,90,91,92,102,94,95,96,97,88,99,195,101,60,192,104,105,135,57,108,109,41,128,112,113,190,115,173,175,118,119,4,121,122,123,10,125,126,182,111,129,130,156,132,32,12,106,136,137,138,20,26,141,189,116,144,145,146,147,148,50,150,1,152,153,86,155,131,157,158,76,81,154,162,163,164,120,166,167,168,169,170,114,139,124,174,117,176,177,178,179,180,198,161,183,184,35,186,187,188,142,44,191,103,193,194,100,196,197,78,8,];False
8084;9586;17670;[0,151,199,3,110,5,6,7,2,14,143,11,134,13,9,15,65,17,72,19,20,21,22,23,24,25,140,27,43,29,30,98,133,33,34,35,36,37,38,39,40,165,42,52,44,45,46,47,48,49,149,51,28,53,54,55,56,107,58,59,93,61,62,63,64,16,66,67,182,69,70,71,18,73,74,75,159,77,78,79,80,160,82,83,84,85,68,87,88,89,90,91,92,102,94,95,96,97,31,99,195,101,60,192,104,105,135,57,108,109,41,128,112,113,114,115,173,117,118,119,4,121,122,123,10,125,126,127,111,129,130,156,132,32,12,106,136,137,138,172,26,141,142,116,144,145,146,147,148,50,150,1,152,153,154,155,131,157,158,76,81,86,162,163,164,120,166,167,168,169,170,190,139,124,174,175,176,177,178,179,180,198,161,183,184,185,186,187,188,189,171,191,103,193,194,100,196,197,181,8,];False
7954;9714;17668;[0,151,199,3,110,5,6,2,7,14,143,11,134,13,9,15,65,17,72,19,172,21,22,23,24,25,140,27,43,29,30,74,133,33,34,185,36,37,38,39,40,165,42,52,171,45,46,47,48,49,149,51,28,53,54,55,56,107,58,59,93,61,62,63,64,16,66,67,127,69,70,71,18,73,98,75,159,77,181,79,80,160,82,83,84,85,68,87,88,89,90,91,92,102,94,95,96,97,31,99,195,101,60,192,104,105,135,57,108,109,41,128,112,113,190,115,173,175,118,119,4,121,122,123,10,125,126,182,111,129,130,156,132,32,12,106,136,137,138,20,26,141,189,116,183,145,146,147,148,50,150,1,152,153,86,155,131,157,158,76,81,154,162,163,164,120,166,167,168,169,170,114,139,124,174,117,176,177,178,179,180,198,161,144,184,35,186,187,188,142,44,191,103,193,194,100,196,197,78,8,];False
8011;9657;17668;[0,151,199,3,110,5,6,7,2,14,143,11,134,13,9,15,65,17,72,19,172,21,22,23,24,25,140,27,43,29,30,98,133,33,34,185,36,37,38,39,40,165,42,52,44,45,46,47,48,49,149,51,28,53,54,55,56,107,58,59,93,61,62,63,64,16,66,67,182,69,70,71,18,73,74,75,159,77,78,79,80,160,82,83,84,85,68,87,88,89,90,91,92,102,94,95,96,97,31,99,195,101,60,192,104,105,135,57,108,109,41,128,112,113,114,115,173,117,118,119,4,121,122,123,10,125,126,127,111,129,130,156,132,32,12,106,136,137,138,20,26,141,144,116,142,145,146,147,148,50,150,1,152,153,154,155,131,157,158,76,81,86,162,163,164,120,166,167,168,169,170,190,139,124,174,175,176,177,178,179,180,198,161,183,184,35,186,187,188,189,171,191,103,193,194,100,196,197,181,8,];False
7924;9743;17667;[0,151,199,3,110,5,6,2,7,14,143,11,134,13,9,15,65,17,72,19,172,21,22,23,24,25,140,27,43,29,30,74,133,33,34,185,36,37,38,39,40,165,42,52,171,45,46,47,48,49,149,51,28,53,54,55,56,107,58,59,93,61,62,63,64,16,66,67,127,69,70,71,18,73,98,75,159,77,181,198,80,160,82,83,84,85,68,87,88,89,90,91,92,102,94,95,96,97,31,99,195,101,60,192,104,105,135,57,108,109,41,128,112,113,190,115,173,175,118,119,4,121,122,123,10,125,126,182,111,129,130,156,132,32,12,106,136,137,138,20,26,141,189,116,144,145,146,147,148,50,150,1,152,153,86,155,131,157,158,76,81,154,162,163,164,120,166,167,168,169,170,114,139,124,174,117,176,177,178,179,180,79,161,183,184,35,186,187,188,142,44,191,103,193,194,100,196,197,78,8,];False
7987;9673;17660;[0,151,199,3,110,5,6,2,7,14,143,11,134,13,9,15,65,17,72,19,172,21,22,23,24,25,140,27,43,29,30,98,133,33,34,185,36,37,38,39,40,165,42,52,171,194,46,47,48,49,149,51,28,53,54,55,56,107,58,59,93,61,62,63,64,16,66,67,127,69,70,71,18,73,74,75,159,77,181,79,80,160,82,83,84,85,68,87,88,89,90,91,92,102,94,95,96,97,31,99,195,101,60,192,104,105,135,57,108,109,41,128,112,113,190,115,173,117,118,119,4,121,122,123,10,125,126,182,111,129,130,156,132,32,12,106,136,137,138,20,26,141,142,116,144,145,146,147,148,50,150,1,152,153,86,155,131,157,158,76,81,154,162,163,164,120,166,167,168,169,170,114,139,124,174,175,176,177,178,179,180,198,161,183,184,35,186,187,188,189,44,191,103,193,45,100,196,197,78,8,];False
7927;9722;17649;[0,151,199,3,110,5,6,2,7,14,143,11,134,13,9,15,65,17,72,19,172,21,22,23,24,25,140,27,43,29,30,74,133,33,34,185,36,37,38,39,40,165,42,52,171,45,46,47,48,49,149,51,28,53,54,55,56,107,58,59,93,61,62,63,64,16,66,67,127,69,70,71,18,73,98,75,159,77,181,79,80,160,82,83,84,85,68,87,88,89,90,91,92,102,94,95,96,97,31,99,195,101,60,192,104,105,135,57,108,109,41,128,112,113,190,115,173,175,118,119,4,121,122,123,10,125,126,182,111,129,130,156,132,32,12,106,136,137,138,20,26,141,189,116,144,145,146,147,148,50,150,1,176,153,86,155,131,157,158,76,81,154,162,163,164,120,166,167,168,169,170,114,139,124,174,117,152,177,178,179,180,198,161,183,184,35,186,187,188,142,44,191,103,193,194,100,196,197,78,8,];False
7923;9723;17646;[0,151,199,3,110,5,6,2,7,14,143,11,134,13,9,15,65,17,72,19,172,21,22,23,24,25,140,27,43,29,30,74,133,33,34,185,36,37,38,39,40,165,42,52,171,45,46,47,48,49,149,51,28,53,54,55,56,107,58,59,93,61,62,63,64,16,66,67,127,69,70,71,18,73,98,75,159,77,181,79,80,160,82,83,84,85,68,87,88,89,90,91,92,102,94,95,96,97,31,99,195,101,60,192,104,105,135,57,108,109,41,128,112,113,190,115,173,175,118,119,4,121,122,123,10,125,126,182,111,129,130,156,132,32,12,106,136,137,138,20,26,141,189,116,144,145,146,147,148,50,150,1,152,153,86,155,131,157,158,76,81,154,162,163,164,120,166,167,168,169,170,114,139,180,174,117,176,177,178,179,124,198,161,183,184,35,186,187,188,142,44,191,103,193,194,100,196,197,78,8,];False
7974;9667;17641;[0,151,199,3,110,5,32,2,7,14,143,11,134,13,9,15,65,17,72,19,172,21,22,23,24,25,140,27,43,29,30,98,133,33,34,185,36,37,38,39,40,165,42,52,171,45,46,47,48,49,149,51,28,53,54,55,56,107,58,59,93,61,62,63,64,16,66,67,127,69,70,71,18,73,74,75,159,77,181,79,80,160,82,83,84,85,68,87,88,89,90,91,92,102,94,95,96,97,31,99,195,101,60,192,104,105,135,57,108,109,41,128,112,113,190,115,173,117,118,119,4,121,122,123,10,125,126,182,111,129,130,156,132,6,12,106,136,137,138,20,26,141,189,116,144,145,146,147,148,50,150,1,152,153,86,155,131,157,158,76,81,154,162,163,164,120,166,167,168,169,170,114,139,124,174,175,176,177,178,179,180,198,161,183,184,35,186,187,188,142,44,191,103,193,194,100,196,197,78,8,];False
7915;9726;17641;[0,151,199,3,110,5,6,2,7,14,143,11,134,13,9,15,65,17,72,19,172,21,22,23,24,25,140,27,43,29,30,74,133,33,34,185,36,37,55,39,40,165,42,52,171,45,46,47,48,49,149,51,28,53,54,38,56,107,58,59,93,61,62,63,64,16,66,67,127,69,70,71,18,73,98,75,159,77,181,79,80,160,82,83,84,85,68,87,88,89,90,91,92,102,94,95,96,97,31,99,195,101,60,192,104,105,135,57,108,109,41,128,112,113,190,115,173,175,118,119,4,121,122,123,10,125,126,182,111,129,130,156,132,32,12,106,136,137,138,20,26,141,189,116,144,145,146,147,148,50,150,1,152,153,86,155,131,157,158,76,81,154,162,163,164,120,166,167,168,169,170,114,139,124,174,117,176,177,178,179,180,198,161,183,184,35,186,187,188,142,44,191,103,193,194,100,196,197,78,8,];False
7987;9654;17641;[0,151,199,3,110,5,6,7,2,14,143,11,134,13,9,15,65,17,72,19,172,21,22,23,24,25,140,27,43,29,30,98,133,33,34,185,36,37,38,39,40,165,42,52,44,45,46,47,48,49,149,51,28,53,54,55,56,107,58,59,93,61,62,63,64,16,66,67,182,69,70,71,18,73,74,75,159,77,78,79,80,160,82,83,84,85,68,87,88,89,90,91,92,102,94,95,96,97,31,99,195,101,60,192,104,105,135,57,108,109,41,128,112,113,114,115,173,117,118,119,4,121,122,123,10,125,126,127,111,129,130,156,132,32,12,106,136,137,138,20,26,141,142,116,144,145,146,147,148,50,150,1,152,153,154,155,131,157,158,76,81,86,162,163,164,120,166,167,168,169,170,190,139,124,174,175,176,177,178,179,180,198,161,183,184,35,186,187,188,189,171,191,103,193,194,100,196,197,181,8,];False
8008;9632;17640;[0,151,199,3,110,5,6,7,2,14,143,11,134,13,9,15,65,17,72,19,172,21,22,23,24,25,140,27,43,29,30,98,133,33,34,185,36,37,38,39,40,165,42,52,44,45,46,47,48,49,149,51,28,53,54,55,56,107,58,59,93,61,62,63,64,16,66,67,182,69,70,71,18,73,74,75,159,77,78,79,80,160,82,83,84,85,68,87,88,89,90,91,92,102,94,95,96,97,31,99,195,101,60,192,104,105,135,57,108,109,41,128,112,113,114,115,173,117,118,119,4,121,122,123,10,125,126,127,111,129,130,103,132,32,12,106,136,137,138,20,26,141,142,116,144,145,146,147,148,50,150,1,152,153,154,155,131,157,158,76,81,86,162,163,164,120,166,167,168,169,170,190,139,124,174,175,176,177,178,179,180,198,161,183,184,35,186,187,188,189,171,191,156,193,194,100,196,197,181,8,];False
7854;9785;17639;[0,151,199,3,110,5,6,2,7,14,143,11,134,13,9,158,65,17,72,19,172,21,22,23,24,25,140,27,43,29,30,74,133,33,34,185,36,37,38,39,40,165,42,52,171,45,46,47,48,49,149,51,28,53,54,55,56,107,58,59,93,61,62,63,64,16,66,67,127,69,70,71,18,73,98,75,159,77,181,79,80,160,82,83,84,85,68,87,88,89,90,91,92,102,94,95,96,97,31,99,195,101,60,192,104,105,135,57,108,109,41,128,112,113,190,115,173,175,118,119,4,121,122,123,10,125,126,182,111,129,130,156,132,32,12,106,136,137,138,20,26,141,189,116,144,145,146,147,148,50,150,1,152,153,86,155,131,157,15,76,81,154,162,163,164,120,166,167,168,169,170,114,139,124,174,117,176,177,178,179,180,198,161,183,184,35,186,187,188,142,44,191,103,193,194,100,196,197,78,8,];False
7955;9683;17638;[0,151,199,3,110,5,6,2,7,14,143,11,134,13,9,15,65,17,72,19,172,21,22,23,24,25,140,27,43,29,30,98,133,33,34,185,36,37,38,39,40,165,42,52,171,45,46,47,48,49,149,51,28,53,54,55,56,107,58,59,93,61,62,63,64,16,66,67,127,69,70,71,18,73,74,75,159,77,78,79,80,160,82,83,84,85,68,87,88,89,90,91,92,102,94,95,96,97,31,99,195,101,60,192,104,105,135,57,108,109,41,128,112,113,114,115,173,117,118,119,4,121,122,123,10,125,126,182,111,129,130,156,132,32,12,106,136,137,138,20,26,141,142,116,144,145,146,147,148,50,150,1,152,153,154,155,131,157,158,76,81,86,162,163,164,120,166,167,168,169,170,190,139,124,174,175,176,177,178,179,180,198,161,183,184,35,186,187,188,189,44,191,103,193,194,100,196,197,181,8,];False
8001;9631;17632;[0,151,199,3,110,5,6,7,2,14,143,11,134,13,9,15,65,17,72,19,172,21,22,23,24,25,140,27,43,29,30,98,133,33,34,185,36,37,38,39,40,165,42,52,44,45,46,47,48,49,149,51,28,53,54,55,56,107,58,59,93,61,62,63,64,16,66,67,182,69,70,71,18,73,74,75,159,77,78,79,80,160,82,83,84,85,68,87,88,89,90,91,92,102,94,95,96,97,31,99,195,101,60,192,104,105,135,57,108,109,41,128,112,113,114,126,173,117,118,119,4,121,122,123,10,125,115,127,111,129,130,156,132,32,12,106,136,137,138,20,26,141,142,116,144,145,146,147,148,50,150,1,152,153,154,155,131,157,158,76,81,86,162,163,164,120,166,167,168,169,170,190,139,124,174,175,176,177,178,179,180,198,161,183,184,35,186,187,188,189,171,191,103,193,194,100,196,197,181,8,];False
7985;9644;17629;[0,151,199,3,110,5,6,2,7,14,143,11,134,13,9,15,65,17,72,19,172,21,22,23,24,25,140,27,43,29,30,98,133,33,34,185,36,37,38,39,40,165,42,52,44,45,46,47,48,49,149,51,28,53,54,55,56,107,58,59,93,61,62,63,64,16,66,67,182,69,70,71,18,73,74,75,159,77,78,79,80,160,82,83,84,85,68,87,88,89,90,91,92,102,94,95,96,97,31,99,195,101,60,192,104,105,135,57,108,109,41,128,112,113,114,115,173,117,118,119,4,121,122,123,10,125,126,127,111,129,130,156,132,32,12,106,136,137,138,20,26,141,142,116,144,145,146,147,148,50,150,1,152,153,154,155,131,157,158,76,81,86,162,163,164,120,166,167,168,169,170,190,139,124,174,175,176,177,178,179,180,198,161,183,184,35,186,187,188,189,171,191,103,193,194,100,196,197,181,8,];False
7894;9732;17626;[0,151,199,3,110,5,6,2,7,14,143,11,134,13,9,15,65,17,72,19,172,21,22,23,24,25,140,27,43,29,30,74,133,33,34,185,36,37,38,39,40,165,42,52,171,45,46,47,48,79,149,51,28,53,54,55,56,107,58,59,93,61,62,63,64,16,66,67,127,69,70,71,18,73,98,75,159,77,181,49,80,160,82,83,84,85,68,87,88,89,90,91,92,102,94,95,96,97,31,99,195,101,60,192,104,105,135,57,108,109,41,128,112,113,190,115,173,175,118,119,4,121,122,123,10,125,126,182,111,129,130,156,132,32,12,106,136,137,138,20,26,141,189,116,144,145,146,147,148,50,150,1,152,153,86,155,131,157,158,76,81,154,162,163,164,120,166,167,168,169,170,114,139,124,174,117,176,177,178,179,180,198,161,183,184,35,186,187,188,142,44,191,103,193,194,100,196,197,78,8,];False
7965;9659;17624;[0,151,199,3,110,5,6,2,7,14,143,11,134,13,9,15,65,17,72,19,172,21,22,23,24,25,140,27,43,29,30,98,133,33,34,185,36,37,38,39,40,165,42,52,171,45,46,47,48,49,149,51,28,53,54,55,56,107,58,59,93,61,62,63,64,16,66,67,182,69,70,71,18,73,74,75,159,77,78,79,80,160,82,83,84,85,68,87,88,89,90,91,92,102,94,95,96,97,31,99,195,101,60,192,104,105,135,57,108,109,41,128,112,113,114,115,173,117,118,119,4,121,122,123,10,125,126,127,111,129,130,156,132,32,12,106,136,137,138,20,26,141,142,116,144,145,146,147,148,50,150,1,152,153,154,155,131,157,158,76,81,86,162,163,164,120,166,167,168,169,170,190,139,124,174,175,176,177,178,179,180,198,161,183,184,35,186,187,188,189,44,191,103,193,194,100,196,197,181,8,];False
7987;9636;17623;[0,151,199,3,110,5,6,2,7,14,143,11,134,13,9,15,65,17,72,19,172,21,22,23,24,25,140,27,139,29,30,98,133,33,34,185,36,37,38,39,40,165,42,52,171,45,46,47,48,49,149,51,28,53,54,55,56,107,58,59,93,61,62,63,64,16,66,67,127,69,70,71,18,73,74,75,159,77,181,79,80,160,82,83,84,85,68,87,88,89,90,91,92,102,94,95,96,97,31,99,195,101,60,192,104,105,135,57,108,109,41,128,112,113,190,115,173,117,118,119,4,121,122,123,10,125,126,182,111,129,130,156,132,32,12,106,136,137,138,20,26,141,142,116,144,145,146,147,148,50,150,1,152,153,86,155,131,157,158,76,81,154,162,163,164,120,166,167,168,169,170,114,43,124,174,175,176,177,178,179,180,198,161,183,184,35,186,187,188,189,44,191,103,193,194,100,196,197,78,8,];False
7881;9740;17621;[0,151,199,3,110,5,6,2,7,14,143,11,134,13,9,15,65,17,72,19,172,21,22,23,24,25,140,27,43,29,30,74,133,33,34,185,36,37,38,39,40,165,42,52,171,45,46,47,48,49,149,51,28,53,54,55,56,107,58,59,93,61,62,63,64,16,66,67,127,69,70,71,18,73,98,75,159,77,181,79,80,160,82,83,84,85,68,87,88,89,90,91,92,102,94,95,96,97,31,99,195,101,60,192,104,105,135,57,108,109,41,128,112,113,190,115,173,117,118,119,4,121,122,123,10,125,126,182,111,129,130,156,132,32,12,106,136,137,138,20,26,141,189,116,144,145,146,147,148,50,150,1,152,153,86,155,131,157,158,76,81,154,162,163,164,120,166,167,168,169,170,114,139,124,174,175,176,177,178,179,180,198,161,183,184,35,186,187,188,142,44,191,103,193,194,100,196,197,78,8,];False
7983;9631;17614;[0,151,199,3,110,5,6,2,7,14,143,11,134,13,9,15,65,17,72,19,172,21,22,23,24,25,140,27,43,29,30,98,133,33,34,185,36,37,38,39,40,165,42,52,171,45,46,47,48,49,149,51,118,53,54,55,56,107,58,59,93,61,62,63,64,16,66,67,127,69,70,71,18,73,74,75,159,77,181,79,80,160,82,83,84,85,68,87,88,89,90,91,92,102,94,95,96,97,31,99,195,101,60,192,104,105,135,57,108,109,41,128,112,113,190,115,173,117,28,119,4,121,122,123,10,125,126,182,111,129,130,156,132,32,12,106,136,137,138,20,26,141,142,116,144,145,146,147,148,50,150,1,152,153,86,155,131,157,158,76,81,154,162,163,164,120,166,167,168,169,170,114,139,124,174,175,176,177,178,179,180,198,161,183,184,35,186,187,188,189,44,191,103,193,194,100,196,197,78,8,];False
7888;9725;17613;[0,151,199,3,110,5,6,2,7,14,143,11,134,13,9,15,65,17,72,19,172,21,22,23,24,25,140,27,43,29,30,74,133,33,34,185,36,37,38,39,40,165,42,52,171,45,46,47,48,49,149,51,10,53,54,55,56,107,58,59,93,61,62,63,64,16,66,67,127,69,70,71,18,73,98,75,159,77,181,79,80,160,82,83,84,85,68,87,88,89,90,91,92,102,94,95,96,97,31,99,195,101,60,192,104,105,135,57,108,109,41,128,112,113,190,115,173,175,118,119,4,121,122,123,28,125,126,182,111,129,130,156,132,32,12,106,136,137,138,20,26,141,189,116,144,145,146,147,148,50,150,1,152,153,86,155,131,157,158,76,81,154,162,163,164,120,166,167,168,169,170,114,139,124,174,117,176,177,178,179,180,198,161,183,184,35,186,187,188,142,44,191,103,193,194,100,196,197,78,8,];False
7931;9676;17607;[0,151,199,3,110,5,6,2,7,14,143,11,134,13,9,15,65,17,72,19,172,21,22,23,24,25,140,27,43,29,30,74,133,33,34,185,36,37,38,39,40,165,42,52,171,47,46,45,48,49,149,51,28,53,54,55,56,107,58,59,93,61,62,63,64,16,66,67,127,69,70,71,18,73,98,75,159,77,181,79,80,160,82,83,84,85,68,87,88,89,90,91,92,102,94,95,96,97,31,99,195,101,60,192,104,105,135,57,108,109,41,128,112,113,190,115,173,175,118,119,4,121,122,123,10,125,126,182,111,129,130,156,132,32,12,106,136,137,138,20,26,141,189,116,144,145,146,147,148,50,150,1,152,153,86,155,131,157,158,76,81,154,162,163,164,120,166,167,168,169,170,114,139,124,174,117,176,177,178,179,180,198,161,183,184,35,186,187,188,142,44,191,103,193,194,100,196,197,78,8,];False
7937;9668;17605;[0,151,199,3,110,5,6,2,7,14,143,11,134,13,9,15,65,17,72,19,172,21,22,23,24,25,140,27,43,29,30,98,133,33,34,185,36,37,38,39,40,165,42,52,171,45,46,47,48,49,149,51,28,53,54,55,56,107,58,59,93,61,62,63,64,16,66,67,127,69,70,71,18,73,74,75,159,77,181,79,80,160,82,83,84,85,68,87,88,89,90,91,92,102,94,95,96,97,31,99,195,101,60,192,104,105,135,57,108,109,41,128,112,113,190,115,173,117,118,119,4,121,122,123,10,125,126,182,111,129,130,156,132,32,12,106,136,137,138,20,26,141,142,116,144,145,146,147,148,50,150,1,152,153,154,155,131,157,158,76,81,86,162,163,164,120,166,167,168,169,170,114,139,124,174,175,176,177,178,179,180,198,161,183,184,35,186,187,188,189,44,191,103,193,194,100,196,197,78,8,];False
7850;9744;17594;[0,151,199,3,110,5,6,2,85,14,187,11,134,13,9,15,65,17,72,19,172,21,22,23,24,25,140,27,43,29,30,74,133,33,34,185,36,37,38,39,40,165,42,52,76,45,46,47,48,49,149,51,28,53,54,55,56,107,58,59,93,61,62,63,64,16,66,67,127,69,70,71,18,73,98,75,159,77,181,79,80,160,82,83,84,7,68,87,88,89,90,91,92,102,94,95,96,97,192,99,195,101,60,31,104,105,135,57,108,146,41,128,112,113,190,10,173,175,118,119,4,121,122,123,115,125,126,182,111,129,130,156,132,32,12,106,136,137,138,20,26,141,189,116,144,145,109,147,148,50,150,1,152,153,86,155,131,157,158,171,81,154,162,163,164,120,166,167,168,169,170,114,139,124,174,117,176,177,178,179,180,198,161,183,184,35,186,143,188,142,44,191,103,193,194,100,196,197,78,8,];False
7950;9643;17593;[0,151,199,3,110,5,6,2,7,14,143,11,134,13,9,15,65,17,72,19,172,21,22,23,24,25,140,27,43,29,30,74,133,33,34,185,36,37,38,39,40,165,42,52,171,45,46,47,48,49,149,51,28,53,54,55,56,107,58,59,93,61,62,63,64,16,66,67,127,69,70,71,18,73,98,75,159,77,181,79,80,160,82,83,84,85,68,87,88,89,90,91,92,102,94,95,96,97,31,99,195,101,60,192,104,105,135,57,108,109,41,128,112,113,190,115,173,175,118,119,4,121,122,123,10,125,126,182,111,129,130,156,132,32,12,106,136,137,138,20,26,141,189,116,144,145,146,147,148,50,150,1,152,153,86,155,188,157,158,76,81,154,162,163,164,120,166,167,168,169,170,114,139,124,174,117,176,177,178,179,180,198,161,183,184,35,186,187,131,142,44,191,103,193,194,100,196,197,78,8,];False
7999;9594;17593;[0,151,199,3,110,5,6,2,7,14,143,11,134,13,9,15,65,17,72,19,172,21,22,23,24,25,140,27,43,29,30,98,133,33,34,185,36,37,38,39,40,165,42,52,171,45,46,47,48,49,149,18,28,53,54,55,56,107,58,59,93,61,62,63,64,16,66,67,127,69,70,71,51,73,74,75,159,77,181,79,80,160,82,83,84,85,68,87,88,89,90,91,92,102,94,95,96,97,31,99,195,101,60,192,104,105,135,57,108,109,41,128,112,113,190,115,173,117,118,119,4,121,122,123,10,125,126,182,111,129,130,156,132,32,12,106,136,137,138,20,26,141,142,116,144,145,146,147,148,50,150,1,152,153,86,155,131,157,158,76,81,154,162,163,164,120,166,167,168,169,170,114,139,124,174,175,176,177,178,179,180,198,161,183,184,35,186,187,188,189,44,191,103,193,194,100,196,197,78,8,];False
7891;9699;17590;[0,151,199,3,110,5,6,2,7,14,143,11,134,13,9,15,65,17,72,19,172,21,22,23,24,25,140,27,43,29,30,74,133,33,34,185,36,37,38,39,40,165,42,52,171,45,46,47,48,49,149,51,28,53,54,55,56,107,58,59,93,61,62,63,64,16,66,67,127,69,70,71,18,73,98,75,159,77,181,79,80,160,82,83,84,85,68,87,88,89,90,91,92,102,94,95,96,97,31,99,195,101,60,192,104,105,135,57,108,109,41,128,112,113,190,115,173,175,118,119,4,121,122,123,10,125,126,182,111,129,130,156,132,148,12,106,136,137,138,20,26,141,189,116,144,145,146,147,32,50,150,1,152,153,86,155,131,157,158,76,81,154,162,163,164,120,166,167,168,169,170,114,139,124,174,117,176,177,178,179,180,198,161,183,184,35,186,187,188,142,44,191,103,193,194,100,196,197,78,8,];False
7922;9667;17589;[0,151,199,3,110,5,6,2,7,14,143,11,134,13,9,15,65,17,72,19,172,21,22,23,24,25,140,27,43,29,30,98,133,33,34,185,36,37,38,39,40,165,42,52,171,45,46,47,48,49,149,51,28,53,54,55,56,107,58,59,93,61,62,63,64,16,66,67,127,69,70,71,18,73,74,75,159,77,181,79,80,160,82,83,84,85,68,87,88,89,90,91,92,102,94,95,96,97,31,99,195,101,60,192,104,105,135,57,108,109,41,128,112,113,190,115,173,117,118,119,4,121,122,123,10,125,126,182,111,129,130,156,132,32,12,106,136,137,138,20,26,141,142,116,144,145,146,147,148,50,150,1,152,153,86,155,131,157,158,76,81,154,162,163,164,120,166,167,168,169,170,114,139,124,174,175,176,177,178,179,180,198,161,183,184,35,186,187,188,189,44,191,103,193,194,100,196,197,78,8,];False
7871;9714;17585;[0,151,199,3,110,5,6,2,7,14,187,11,134,13,9,15,65,17,72,19,172,21,22,23,24,25,140,27,43,29,30,74,133,33,34,185,36,37,38,39,40,165,42,52,171,45,46,47,48,49,149,51,28,53,54,55,56,107,58,59,93,61,62,63,64,16,66,67,127,69,70,71,18,73,98,75,159,77,181,79,80,160,82,83,84,85,68,87,88,89,90,91,92,102,94,95,96,97,31,99,195,101,60,192,184,105,135,57,108,109,41,128,112,113,190,115,173,175,118,119,4,121,122,123,10,125,126,182,111,129,130,156,132,32,12,106,136,137,138,20,26,141,189,116,144,145,146,147,148,50,150,1,152,153,86,155,131,157,158,76,81,154,162,163,164,120,166,167,168,169,170,114,139,124,174,117,176,177,178,179,180,198,161,183,104,35,186,143,188,142,44,191,103,193,194,100,196,197,78,8,];False
7936;9646;17582;[126,151,199,3,110,5,6,2,7,14,143,11,134,13,9,15,65,17,72,19,172,21,22,23,24,25,140,27,43,29,30,98,133,33,34,185,36,37,38,39,40,165,42,52,171,45,46,47,48,49,149,51,28,53,54,55,56,107,58,59,93,61,62,63,64,16,66,67,127,69,70,71,18,73,74,75,159,77,181,79,80,160,82,83,84,85,68,87,88,89,90,91,92,102,94,95,96,97,31,99,195,101,60,192,104,105,135,57,108,109,41,128,112,113,190,115,173,117,118,119,4,121,122,123,10,125,0,182,111,129,130,156,132,32,12,106,136,137,138,20,26,141,189,116,144,145,146,147,148,50,150,1,152,153,86,155,131,157,158,76,81,154,162,163,164,120,166,167,168,169,170,114,139,124,174,175,176,177,178,179,180,198,161,183,184,35,186,187,188,142,44,191,103,193,194,100,196,197,78,8,];False
7854;9728;17582;[0,151,199,3,110,5,85,2,6,14,187,11,134,13,9,15,65,17,72,19,172,21,22,23,24,25,140,27,43,29,30,74,133,33,34,185,36,37,38,39,40,165,42,52,76,45,46,47,48,49,149,51,28,53,54,55,56,107,58,59,93,61,62,63,64,16,66,67,127,69,70,71,18,73,98,75,159,77,181,79,80,160,82,83,84,7,68,87,88,89,90,91,92,102,94,95,96,97,31,99,195,101,60,192,104,105,135,57,108,146,41,128,112,113,190,10,173,175,118,119,4,121,122,123,115,125,126,182,111,129,130,156,132,32,12,106,136,137,138,20,26,141,189,116,144,145,109,147,148,50,150,1,152,153,86,155,131,157,158,171,81,154,162,163,164,120,166,167,168,169,170,114,139,124,174,117,176,177,178,179,180,198,161,183,184,35,186,143,188,142,44,191,103,193,194,100,196,197,78,8,];False
7943;9638;17581;[0,151,199,3,110,5,6,2,7,14,143,11,134,13,9,15,65,17,72,19,172,21,22,23,24,25,140,27,43,29,30,98,133,33,34,185,36,37,38,39,40,165,42,52,171,45,46,47,48,49,149,51,28,53,54,55,56,107,58,59,93,61,62,63,64,16,66,67,127,69,70,71,18,73,74,75,159,77,78,79,80,160,82,83,84,85,68,87,88,89,90,91,92,102,94,95,96,97,31,99,195,101,60,192,104,105,135,57,108,109,41,128,112,113,190,115,173,117,118,119,4,121,122,123,10,125,126,182,111,129,130,156,132,32,12,106,136,137,138,20,26,141,142,116,144,145,146,147,148,50,150,1,152,153,154,155,131,157,158,76,81,86,162,163,164,120,166,167,168,169,170,114,139,124,174,175,176,177,178,179,180,198,161,183,184,35,186,187,188,189,44,191,103,193,194,100,196,197,181,8,];False
7912;9652;17564;[0,151,199,3,110,5,6,2,7,14,143,11,134,13,9,15,65,17,72,19,172,21,22,23,24,25,140,27,43,29,30,98,133,33,34,185,36,37,38,39,40,165,42,52,171,45,46,47,48,49,149,51,28,53,54,55,56,107,58,59,93,61,62,63,64,16,66,67,127,69,70,71,18,73,74,75,159,77,181,79,112,160,82,83,84,85,68,87,88,89,90,91,92,102,94,95,96,97,31,99,195,101,60,192,104,105,135,57,108,109,41,128,80,113,190,115,173,117,118,119,4,121,122,123,10,125,126,182,111,129,130,156,132,32,12,106,136,137,138,20,26,141,189,116,144,145,146,147,148,50,150,1,152,153,86,155,131,157,158,76,81,154,162,163,164,120,166,167,168,169,170,114,139,124,174,175,176,177,178,179,180,198,161,183,184,35,186,187,188,142,44,191,103,193,194,100,196,197,78,8,];False
7845;9715;17560;[0,151,199,3,110,5,6,2,7,14,143,11,134,13,9,15,65,17,72,19,172,21,22,23,24,25,140,27,43,29,30,74,133,33,34,185,36,37,38,39,40,165,42,52,171,45,46,47,48,49,149,51,28,53,54,55,56,107,58,59,93,61,62,63,64,16,66,67,127,69,70,71,18,73,98,75,159,77,181,79,80,160,82,83,84,85,68,87,88,89,90,91,92,102,94,95,96,97,31,99,195,101,60,192,104,105,135,57,108,109,41,128,112,113,190,115,173,175,118,119,4,121,122,123,10,125,126,182,111,129,130,156,132,32,12,106,136,137,138,20,26,141,189,116,144,145,146,147,148,50,150,1,152,153,86,155,131,157,158,76,81,154,162,163,164,120,166,167,168,169,170,114,139,124,174,117,176,177,178,179,180,198,161,183,184,35,186,187,188,142,44,191,103,193,194,100,196,197,78,8,];False
7897;9661;17558;[0,151,199,3,110,5,6,2,7,14,143,11,134,13,9,15,65,17,72,19,172,21,22,23,24,25,140,27,43,29,30,98,133,33,34,185,36,37,38,39,40,165,42,52,171,45,46,47,48,49,149,51,28,53,54,55,56,107,58,59,93,61,62,63,64,16,66,67,127,69,70,71,18,73,74,75,159,77,181,79,80,160,82,83,84,85,68,87,88,89,90,91,92,102,94,95,96,97,31,99,195,101,60,192,104,105,135,57,108,109,41,128,112,113,190,115,173,117,118,119,4,121,122,123,10,125,126,182,111,129,130,156,132,32,12,106,136,137,138,20,26,141,189,116,144,145,146,147,148,50,150,1,152,153,86,155,131,157,158,76,81,154,162,163,164,120,166,167,168,169,170,114,139,124,174,175,176,177,178,179,180,198,161,183,184,35,186,187,188,142,44,191,103,193,194,100,196,197,78,8,];False
7825;9721;17546;[0,151,199,3,110,171,6,2,7,14,187,11,134,13,9,15,65,17,72,19,172,21,22,23,24,25,140,27,43,29,30,74,133,33,34,185,36,37,38,39,40,165,42,52,5,45,46,47,48,49,149,51,28,53,54,55,56,107,58,59,93,61,62,63,64,16,66,67,127,69,70,71,18,73,98,75,159,77,181,79,80,160,82,83,84,85,68,87,88,89,90,91,92,102,94,95,96,97,31,99,195,101,60,192,104,105,135,57,108,109,41,128,112,113,190,115,173,175,118,119,4,121,122,123,10,125,126,182,111,129,130,156,132,32,12,106,136,137,138,20,26,141,189,116,144,145,146,147,148,50,150,1,152,153,86,155,131,157,158,76,81,154,162,163,164,120,166,167,168,169,170,114,139,124,174,117,176,177,178,179,180,198,161,183,184,35,186,143,188,142,44,191,103,193,194,100,196,197,78,8,];False
7935;9600;17535;[0,151,199,3,110,5,6,2,7,14,143,11,134,13,9,15,65,17,72,19,172,21,22,23,24,25,140,27,43,29,30,98,133,33,34,185,36,37,38,39,40,165,42,52,171,45,46,47,48,49,149,51,28,53,54,55,56,107,58,59,93,61,62,158,64,16,66,67,127,69,70,71,18,73,74,75,159,77,181,79,80,160,82,83,84,85,68,87,88,89,90,91,92,102,94,95,96,97,31,99,195,101,60,192,104,105,135,57,108,109,41,128,112,113,190,115,173,117,118,119,4,121,122,123,10,125,126,182,111,129,130,156,132,32,12,106,136,137,138,20,26,141,142,116,144,145,146,147,148,50,150,1,152,153,86,155,131,157,63,76,81,154,162,163,164,120,166,167,168,169,170,114,139,124,174,175,176,177,178,179,180,198,161,183,184,35,186,187,188,189,44,191,103,193,194,100,196,197,78,8,];False
7858;9674;17532;[0,151,199,3,110,5,27,2,7,14,143,11,134,13,9,15,65,17,72,19,172,21,22,23,24,25,140,6,43,29,30,74,133,33,34,185,36,37,38,39,40,165,42,52,171,45,46,47,48,49,149,51,28,53,54,55,56,107,58,59,93,61,62,63,64,16,66,67,127,69,70,71,18,73,98,75,159,77,181,79,80,160,82,83,84,85,68,87,88,89,90,91,92,102,94,95,96,97,31,99,195,101,60,192,104,105,135,57,108,109,41,128,112,113,190,115,173,175,118,119,4,121,122,123,10,125,126,182,111,129,130,156,132,32,12,106,136,137,138,20,26,141,189,116,144,145,146,147,148,50,150,1,152,153,86,155,131,157,158,76,81,154,162,163,164,120,166,167,168,169,170,114,139,124,174,117,176,177,178,179,180,198,161,183,184,35,186,187,188,142,44,191,103,193,194,100,196,197,78,8,];False
7818;9708;17526;[0,151,199,3,110,5,6,2,7,14,187,11,134,13,9,15,65,17,72,19,172,21,22,23,24,25,140,27,43,29,30,74,133,33,34,185,36,37,38,39,40,165,42,52,171,45,46,47,48,49,149,51,28,53,54,55,56,107,58,59,93,61,62,63,64,16,66,67,127,69,70,71,18,73,98,75,159,77,181,79,80,160,82,83,84,85,68,87,88,89,90,91,92,102,94,95,96,97,31,99,195,101,60,192,104,105,135,57,108,109,41,128,112,113,190,115,173,175,118,119,4,121,122,123,10,125,126,182,111,129,130,156,132,32,12,106,136,137,138,20,26,141,189,116,144,145,146,147,148,50,150,1,152,153,86,155,131,157,158,76,81,154,162,163,164,120,166,167,168,169,170,114,139,124,174,117,176,177,178,179,180,198,161,183,184,35,186,143,188,142,44,191,103,193,194,100,196,197,78,8,];False
7803;9711;17514;[0,151,199,3,110,5,6,2,85,14,187,11,134,13,9,15,65,17,72,19,172,21,22,23,24,25,140,27,43,29,30,74,133,33,34,185,36,37,38,39,40,165,42,52,171,45,46,47,48,49,149,51,28,53,54,55,56,107,58,59,93,61,62,63,64,16,66,67,127,69,70,71,18,73,98,75,159,77,181,79,80,160,82,83,84,7,68,87,88,89,90,91,92,102,94,95,96,97,31,99,195,101,60,192,104,105,135,57,108,109,41,128,112,113,190,115,173,175,118,119,4,121,122,123,10,125,126,182,111,129,130,156,132,32,12,106,136,137,138,20,26,141,189,116,144,145,146,147,148,50,150,1,152,153,86,155,131,157,158,76,81,154,162,163,164,120,166,167,168,169,170,114,139,124,174,117,176,177,178,179,180,198,161,183,184,35,186,143,188,142,44,191,103,193,194,100,196,197,78,8,];False
7789;9685;17474;[0,151,199,3,110,5,6,2,85,14,187,11,134,13,9,15,65,17,72,19,172,21,22,23,24,25,140,27,43,29,30,74,133,33,34,185,36,37,38,39,40,165,42,52,171,45,166,47,48,49,149,51,28,53,54,55,56,107,58,59,93,61,62,63,64,16,66,67,127,69,70,71,18,73,98,75,159,77,181,79,80,160,82,83,84,7,68,87,88,89,90,91,92,102,94,95,96,97,31,99,195,101,60,192,104,105,135,57,108,146,41,128,112,113,190,115,173,175,118,119,4,121,122,123,10,125,126,182,111,129,130,156,132,32,12,106,136,137,138,20,26,141,189,116,144,145,109,147,148,50,150,1,152,153,86,155,131,157,158,76,81,154,162,163,164,120,46,167,168,169,170,114,139,124,174,117,176,177,178,179,180,198,161,183,184,35,186,143,188,142,44,191,103,193,194,100,196,197,78,8,];False
7729;9739;17468;[0,151,15,3,110,5,6,2,85,14,187,11,134,13,9,199,65,17,72,19,172,21,22,23,24,25,140,27,43,29,30,74,133,33,34,185,36,37,38,39,40,165,42,52,76,45,46,47,48,49,149,51,28,53,54,55,56,107,58,59,93,61,62,63,64,16,66,67,127,69,70,71,18,73,98,75,159,77,89,79,80,160,82,83,84,7,68,87,88,146,90,91,92,102,94,95,96,97,31,99,195,101,60,192,104,105,135,57,108,181,41,128,112,113,190,10,173,164,118,119,4,121,122,123,115,125,126,182,111,129,130,156,132,32,12,106,136,137,138,20,26,141,189,116,144,145,109,150,148,50,147,117,152,153,86,155,131,157,158,171,81,154,162,163,175,120,166,167,139,169,170,114,168,124,174,1,176,177,178,179,180,198,161,183,184,35,186,143,188,142,44,191,103,193,194,100,196,197,78,8,];False
7696;9769;17465;[0,151,15,3,110,5,6,2,85,14,187,11,134,13,9,199,65,17,72,19,172,21,22,23,24,25,140,27,43,29,30,74,133,33,34,185,36,37,38,39,40,16,42,52,76,45,46,47,48,49,149,51,28,53,54,55,56,107,58,59,93,61,62,63,64,165,66,67,127,69,70,71,18,73,98,75,159,77,89,79,80,160,82,83,84,7,68,87,88,181,90,91,92,102,94,95,96,97,31,99,195,101,60,192,104,105,135,57,108,146,41,128,112,113,190,10,173,164,118,119,4,121,122,123,115,125,126,182,111,129,130,156,132,32,12,106,136,137,138,20,26,141,189,116,144,145,109,147,148,50,150,1,152,153,86,155,131,157,158,171,81,154,162,163,175,120,166,167,139,169,170,114,168,124,174,117,176,177,178,179,180,198,161,183,184,35,186,143,188,142,44,191,103,193,194,100,196,197,78,8,];False
7748;9698;17446;[0,151,199,3,110,5,8,2,85,14,187,11,134,13,9,15,65,17,72,19,172,21,22,23,24,25,140,27,43,29,30,74,133,33,34,185,36,37,38,39,40,165,42,52,171,45,46,47,48,49,149,51,28,53,54,55,56,107,58,59,93,61,62,63,64,16,66,67,127,69,70,71,18,73,98,75,159,77,181,79,80,160,82,83,84,7,68,87,88,89,90,91,92,102,94,95,96,97,31,99,195,101,60,192,104,105,135,57,108,146,41,128,112,113,190,115,173,175,118,119,4,121,122,123,10,125,126,182,111,129,130,156,132,32,12,106,136,137,138,20,26,141,189,116,144,145,109,147,148,50,150,1,152,153,86,155,131,157,158,76,81,154,162,163,164,120,166,167,168,169,170,114,139,124,174,117,176,177,178,179,180,198,161,183,184,35,186,143,188,142,44,191,103,193,194,100,196,197,78,6,];False
7716;9717;17433;[0,151,199,3,110,5,6,2,85,14,187,11,134,13,9,15,65,17,72,19,172,21,22,23,24,25,140,27,43,29,30,74,133,33,34,185,36,37,38,39,40,165,42,52,76,45,46,47,48,49,149,51,146,53,54,55,56,107,58,59,93,61,62,63,64,16,66,67,127,69,70,71,18,73,98,75,159,77,181,79,80,160,82,83,84,7,68,87,88,89,90,91,92,102,94,95,96,97,31,99,195,101,60,192,104,105,135,57,108,28,41,128,112,113,190,10,173,175,118,119,4,121,122,123,115,125,126,182,111,129,130,156,132,32,12,106,136,137,138,20,26,141,189,116,144,145,109,147,148,50,150,1,152,153,86,155,131,157,158,171,81,154,162,163,164,120,166,167,168,169,170,114,139,124,174,117,176,177,178,179,180,198,161,183,184,35,186,143,188,142,44,191,103,193,194,100,196,197,78,8,];False
7722;9696;17418;[0,151,199,3,110,5,6,2,85,14,187,11,134,13,9,15,65,17,72,19,172,21,22,23,24,25,140,27,43,29,30,74,133,33,34,185,36,37,38,39,40,165,42,52,171,45,46,47,48,49,149,51,28,53,54,55,56,107,58,59,93,61,62,63,64,16,66,67,127,69,70,71,18,73,98,75,159,77,181,79,80,160,82,83,84,7,68,87,88,89,90,91,92,102,94,95,96,97,31,99,195,101,60,192,104,105,135,57,108,146,41,128,112,113,190,115,173,175,118,119,4,121,122,123,10,125,126,182,111,129,130,156,132,32,12,106,136,137,138,20,26,141,189,116,144,145,109,147,148,50,150,1,152,153,86,155,131,157,158,76,81,154,162,163,164,120,166,167,168,169,170,114,139,124,174,117,176,177,178,179,180,198,161,183,184,35,186,143,188,142,44,191,103,193,194,100,196,197,78,8,];False
7646;9759;17405;[0,151,15,3,110,5,6,2,85,14,187,11,134,13,9,199,65,17,72,19,172,21,22,23,24,25,140,27,43,29,30,74,133,33,34,185,36,37,38,39,40,165,42,52,76,45,46,47,48,49,149,51,28,53,54,55,56,107,58,59,93,61,62,63,64,16,66,67,127,69,70,71,18,73,98,75,159,77,89,79,80,160,82,83,84,7,68,87,88,108,90,91,92,102,94,95,96,97,31,99,195,101,60,192,104,105,135,57,181,146,41,128,112,113,190,10,173,164,118,119,4,121,122,123,115,125,126,182,111,129,130,156,132,32,12,106,136,137,138,20,26,141,189,116,144,145,109,147,148,50,150,1,152,153,86,155,131,157,158,171,81,154,162,163,175,120,166,167,139,169,170,114,168,124,174,117,176,177,178,179,180,198,161,183,184,35,186,143,188,142,44,191,103,193,194,100,196,197,78,8,];False
7682;9721;17403;[0,151,199,3,110,5,6,2,85,14,187,11,134,13,9,15,65,17,72,19,172,21,22,23,24,25,140,27,43,29,30,74,133,33,34,185,36,37,38,39,40,165,42,52,76,45,46,47,48,49,149,51,28,53,54,55,56,107,58,59,93,61,62,63,64,16,66,67,127,69,70,71,18,73,98,75,159,77,181,79,80,160,82,83,84,7,68,87,88,89,90,91,92,102,94,95,96,97,31,99,195,101,60,192,104,105,135,57,108,146,41,128,112,113,190,10,173,175,118,119,4,121,122,123,115,125,126,182,111,129,130,156,132,157,12,106,136,137,138,20,26,141,189,116,144,145,109,147,148,50,150,1,152,153,86,155,131,32,158,171,81,154,162,163,164,120,166,167,168,169,170,114,139,124,174,117,176,177,178,179,180,198,161,183,184,35,186,143,188,142,44,191,103,193,194,100,196,197,78,8,];False
7691;9709;17400;[20,151,15,3,110,5,6,2,85,14,187,11,134,13,9,199,65,17,72,19,172,21,22,23,24,25,140,27,43,29,30,74,133,33,34,185,36,37,38,39,40,165,42,52,76,45,46,47,48,49,149,51,28,53,54,55,56,107,58,59,93,61,62,63,64,16,66,67,127,69,70,71,18,73,98,75,159,77,89,79,80,160,82,83,84,7,68,87,88,146,90,91,92,102,94,95,96,97,31,99,195,101,60,192,104,105,135,57,108,181,41,128,112,113,190,10,173,164,118,119,4,121,122,123,115,125,126,182,111,129,130,156,132,32,12,106,136,137,138,0,26,141,189,116,144,145,109,147,148,50,150,117,152,153,86,155,131,157,158,171,81,154,162,163,175,120,166,167,139,169,170,114,168,124,174,1,176,177,178,179,180,198,161,183,184,35,186,143,188,142,44,191,103,193,194,100,196,197,78,8,];False
7654;9745;17399;[0,151,15,3,110,5,6,2,85,14,187,11,134,13,9,199,73,17,72,19,172,21,22,23,24,25,140,27,43,29,30,74,133,33,34,185,36,37,38,39,40,165,42,52,76,45,46,47,48,49,149,51,28,53,54,55,56,107,58,59,93,61,62,63,64,16,66,67,127,69,70,71,18,65,98,75,159,77,89,79,80,160,82,83,84,7,68,87,88,181,90,91,92,102,94,95,96,97,31,99,195,101,60,192,104,105,135,57,108,146,41,128,112,113,190,10,173,164,118,119,4,121,122,123,115,125,126,182,111,129,130,156,132,32,12,106,136,137,138,20,26,141,189,116,144,145,109,147,148,50,150,1,152,153,86,155,131,157,158,171,81,154,162,163,175,120,166,167,139,169,170,114,168,124,174,117,176,177,178,179,180,198,161,183,184,35,186,143,188,142,44,191,103,193,194,100,196,197,78,8,];False
7634;9750;17384;[0,151,15,3,110,5,6,2,85,14,187,11,134,13,9,199,65,17,72,19,172,21,22,23,24,25,140,27,43,29,30,74,133,33,34,185,36,37,38,39,40,165,42,52,76,45,46,47,48,49,149,51,28,53,54,55,56,107,58,59,93,61,62,63,64,16,66,67,127,69,70,71,18,73,98,75,159,77,89,79,80,160,82,83,84,190,68,87,88,146,90,91,92,102,94,95,96,97,31,99,195,101,60,192,104,105,135,57,108,181,41,128,112,113,7,10,173,164,118,119,4,121,122,123,115,125,126,182,111,129,130,156,132,32,12,106,136,137,138,20,196,141,189,116,144,145,109,147,148,50,150,117,152,153,86,155,131,157,158,171,81,154,162,163,175,120,166,167,139,169,170,114,168,124,174,1,176,177,178,179,180,198,161,183,184,35,186,143,188,142,44,191,103,193,194,100,26,197,78,8,];False
7636;9746;17382;[0,151,15,3,110,5,6,2,85,14,187,11,134,13,9,199,65,17,72,19,172,21,22,23,24,25,140,27,43,29,30,74,133,33,34,185,36,37,38,39,40,165,42,52,76,45,46,47,48,49,149,51,28,53,54,55,56,107,58,59,93,61,62,63,64,16,66,67,127,69,70,71,18,73,98,75,159,77,89,79,80,160,82,83,84,7,68,87,88,146,90,91,92,102,94,95,96,97,31,99,195,101,60,192,104,105,135,57,108,181,41,128,112,113,190,10,173,164,118,119,4,121,122,123,115,125,126,182,111,129,130,156,132,32,12,106,136,137,147,20,26,141,189,116,144,145,109,138,148,50,150,117,152,153,86,155,131,157,158,171,81,154,162,163,175,120,166,167,139,169,170,114,168,124,174,1,176,177,178,179,180,198,161,183,184,35,186,143,188,142,44,191,103,193,194,100,196,197,78,8,];False
7662;9703;17365;[0,151,199,3,110,5,6,2,85,14,187,11,134,13,9,15,65,17,72,19,172,21,22,23,24,25,140,27,43,29,30,74,133,33,34,185,36,37,38,39,40,165,42,52,171,45,46,47,48,49,149,51,28,53,54,55,56,107,58,59,93,61,62,63,64,16,66,67,127,69,70,71,18,73,98,75,159,77,181,79,80,160,82,83,84,7,68,87,88,89,90,91,92,102,94,95,96,97,31,99,195,101,60,192,104,105,135,57,108,146,41,128,112,113,190,10,173,175,118,119,4,121,122,123,115,125,126,182,111,129,130,156,132,32,12,106,136,137,138,20,26,141,189,116,144,145,109,147,148,50,150,1,152,153,86,155,131,157,158,76,81,154,162,163,164,120,166,167,168,169,170,114,139,124,174,117,176,177,178,179,180,198,161,183,184,35,186,143,188,142,44,191,103,193,194,100,196,197,78,8,];False
7640;9701;17341;[0,151,199,3,110,5,6,2,85,14,187,11,134,13,9,15,65,17,72,19,172,21,22,23,24,25,140,27,43,29,30,74,133,33,34,185,36,37,38,39,40,165,42,52,76,45,46,47,48,49,149,51,28,53,54,55,56,107,58,59,93,61,62,159,64,16,66,67,127,69,70,71,18,73,98,75,63,77,181,79,80,160,82,83,84,7,68,87,88,89,90,91,92,102,94,95,96,97,31,99,195,101,60,192,104,105,135,57,108,146,41,128,112,113,190,10,173,175,118,119,4,121,122,123,115,125,126,182,111,129,130,156,132,32,12,106,136,137,138,20,26,141,189,116,144,145,109,147,148,50,150,1,152,153,86,155,131,157,158,171,81,154,162,163,164,120,166,167,168,169,170,114,139,124,174,117,176,177,178,179,180,198,161,183,184,35,186,143,188,142,44,191,103,193,194,100,196,197,78,8,];False
7556;9773;17329;[0,151,15,3,110,5,6,2,85,14,187,11,134,13,9,199,65,17,72,19,172,21,22,23,24,25,140,27,43,29,30,74,133,33,34,185,36,37,38,139,40,165,42,52,76,45,46,47,48,49,149,51,28,53,54,55,56,107,58,59,93,61,62,63,64,16,66,67,127,69,70,71,18,73,98,75,159,77,89,79,80,160,82,83,84,7,68,87,88,146,90,91,92,102,94,95,96,97,31,99,195,101,60,192,104,105,135,57,108,181,41,128,112,113,190,10,173,164,118,119,4,121,122,123,115,125,126,182,111,129,130,156,132,32,12,106,136,137,138,20,26,141,189,116,144,145,109,147,148,50,150,117,152,153,86,155,131,157,158,171,81,154,162,163,175,120,166,167,39,169,170,114,168,124,174,1,176,177,178,179,180,198,161,183,184,35,186,143,188,142,44,191,103,193,194,100,196,197,78,8,];False
7604;9721;17325;[0,151,199,3,110,5,6,2,85,14,187,11,134,13,9,15,65,17,72,19,172,21,22,23,24,25,140,27,43,29,30,74,133,33,34,185,36,37,38,39,40,165,42,52,76,45,46,47,48,49,149,51,28,53,54,55,56,107,58,59,93,61,62,63,64,16,66,67,127,69,70,71,18,73,98,75,159,77,181,79,80,160,82,83,84,7,68,87,88,89,90,91,92,102,94,95,96,97,31,99,195,101,60,192,104,105,135,57,108,146,41,128,112,113,190,10,173,175,118,119,4,121,122,123,115,125,126,182,111,129,130,156,132,32,12,106,136,137,138,20,26,141,189,116,144,145,109,147,148,50,150,1,152,153,86,155,131,157,158,171,81,154,162,163,164,120,166,167,168,169,170,114,139,124,174,117,176,177,178,179,180,198,161,183,184,35,186,143,188,142,44,191,103,193,194,100,196,197,78,8,];False
7568;9750;17318;[0,151,15,3,110,5,6,2,85,14,187,11,134,13,9,199,65,17,72,19,172,21,22,23,24,25,140,27,43,29,30,74,133,33,34,185,36,37,38,39,40,165,42,52,76,45,46,47,48,49,149,51,28,53,54,55,56,107,58,59,93,61,62,63,64,16,66,67,127,69,70,71,18,73,98,75,159,77,89,79,80,160,82,83,84,7,68,87,88,181,90,91,92,102,94,95,96,97,31,99,195,101,60,192,104,105,135,57,108,146,41,128,112,113,190,10,173,164,118,119,4,121,122,123,115,125,126,182,111,129,130,156,132,32,12,106,136,137,138,20,26,141,189,116,144,145,109,147,148,50,150,1,152,153,86,155,131,157,158,171,81,154,162,163,175,120,166,167,139,169,170,114,168,124,174,117,176,177,178,179,180,198,161,183,184,35,186,143,188,142,44,191,103,193,194,100,196,197,78,8,];False
7554;9756;17310;[0,151,15,3,110,5,6,2,85,14,187,11,134,13,9,199,65,17,72,19,172,21,22,23,24,25,140,27,43,29,30,74,133,33,34,185,36,37,38,39,40,165,42,52,76,45,46,47,48,49,149,51,28,53,54,55,56,107,58,59,93,61,62,63,64,16,66,67,127,69,70,71,18,73,98,75,159,77,89,79,80,160,82,83,84,7,68,87,88,146,90,91,92,102,94,95,96,97,31,99,195,101,60,192,104,105,135,57,108,181,41,128,112,113,190,10,173,164,118,119,4,121,122,123,115,125,126,182,111,129,130,156,132,32,12,106,136,137,138,20,26,141,189,116,144,145,109,147,148,50,150,1,152,153,86,155,131,157,158,171,81,154,162,163,175,120,166,167,139,169,170,114,168,124,174,117,176,177,178,179,180,198,161,183,184,35,186,143,188,142,44,191,103,193,194,100,196,197,78,8,];False
7503;9782;17285;[0,151,15,3,110,5,6,2,85,14,187,11,134,13,9,199,65,17,72,19,172,21,22,23,24,25,140,27,43,29,30,74,133,33,34,185,36,37,38,39,40,165,42,52,76,45,46,47,48,49,149,51,28,53,54,55,56,107,58,59,93,61,62,63,64,16,66,67,127,69,70,71,18,73,98,75,159,77,89,79,80,160,82,83,84,7,68,87,88,146,90,91,92,102,94,95,96,97,31,99,195,101,60,192,104,105,135,57,108,181,41,128,112,113,190,10,173,164,118,119,4,121,122,123,115,125,126,182,111,129,130,156,132,32,12,106,136,137,138,20,196,141,189,116,144,145,109,147,148,50,150,117,152,153,86,155,131,157,158,171,81,154,162,163,175,120,166,167,139,169,170,168,114,124,174,1,176,177,178,179,180,198,161,183,184,35,186,143,188,142,44,191,103,193,194,100,26,197,78,8,];False
7532;9752;17284;[0,151,15,3,110,5,6,2,85,14,187,11,134,13,9,199,65,17,72,19,172,21,113,23,24,25,140,27,43,29,30,74,133,33,34,185,36,37,38,39,40,165,42,52,76,45,46,47,48,49,149,51,28,53,54,55,56,107,58,59,93,61,62,63,64,16,66,67,127,69,70,71,18,73,98,75,159,77,89,79,80,160,82,83,84,7,68,87,88,146,90,91,92,102,94,95,96,97,31,99,195,101,60,192,104,105,135,57,108,181,41,128,112,22,190,10,173,164,118,119,4,121,122,123,115,125,126,182,111,129,130,156,132,32,12,106,136,137,138,20,196,141,189,116,144,145,109,147,148,50,150,117,152,153,86,155,131,157,158,171,81,154,162,163,175,120,166,167,139,169,170,114,168,124,174,1,176,177,178,179,180,198,161,183,184,35,186,143,188,142,44,191,103,193,194,100,26,197,78,8,];False
7528;9755;17283;[0,151,15,3,110,5,6,2,85,14,187,11,134,13,9,199,65,17,72,19,172,21,22,23,24,25,140,27,43,29,30,74,133,33,34,185,36,37,38,39,40,165,42,52,76,45,46,47,48,49,149,51,28,53,54,55,56,107,58,59,93,61,62,63,64,16,66,67,127,69,70,71,18,73,98,75,159,77,89,79,80,160,82,83,84,7,68,87,88,146,90,91,92,102,94,95,96,97,31,99,195,101,60,192,104,105,135,57,108,181,41,128,112,113,190,10,173,164,118,119,4,121,122,123,115,125,126,182,111,129,130,156,132,32,12,106,136,137,138,20,26,141,189,116,144,145,109,147,148,50,150,117,152,153,86,155,131,157,158,171,81,154,162,163,175,120,166,167,139,169,170,114,168,124,174,1,176,177,178,179,180,198,161,183,184,35,186,143,188,142,44,191,103,193,194,100,196,197,78,8,];False
7604;9664;17268;[0,151,199,3,110,5,6,2,85,14,187,11,134,13,9,15,65,17,72,19,172,21,22,23,24,25,140,27,43,29,30,74,133,33,34,185,36,37,38,39,40,165,42,52,76,45,46,47,48,49,149,51,28,53,54,55,56,107,58,59,93,61,62,63,64,16,66,67,127,69,70,71,18,73,98,75,159,77,181,79,80,160,82,83,84,7,68,87,88,89,90,91,92,102,94,95,96,97,31,99,195,101,60,192,104,105,135,57,108,146,41,128,112,113,190,10,173,86,118,119,4,121,122,123,115,125,126,182,111,129,130,156,132,32,12,106,136,137,138,20,26,141,189,116,144,145,109,147,148,50,150,1,152,153,164,155,131,157,158,171,81,154,162,163,175,120,166,167,139,169,170,114,168,124,174,117,176,177,178,179,180,198,161,183,184,35,186,143,188,142,44,191,103,193,194,100,196,197,78,8,];False
7522;9742;17264;[0,151,15,3,110,5,6,2,85,14,187,11,134,13,9,199,65,17,72,19,172,21,22,23,24,25,140,27,43,29,30,74,133,33,34,185,36,37,38,39,40,165,42,52,76,45,46,47,48,49,149,51,28,53,54,55,56,107,58,59,93,61,62,63,64,16,66,67,127,69,70,71,18,73,98,75,159,77,89,79,80,160,82,83,84,7,68,87,88,146,90,91,92,102,94,95,96,97,31,99,195,101,60,192,104,105,135,57,108,181,41,128,112,113,190,10,173,164,118,119,4,121,122,123,115,125,126,182,111,129,130,156,132,32,12,106,136,137,138,20,196,141,189,116,144,145,109,147,148,50,150,117,171,153,86,155,131,157,158,152,81,154,162,163,175,120,166,167,139,169,170,114,168,124,174,1,176,177,178,179,180,198,161,183,184,35,186,143,188,142,44,191,103,193,194,100,26,197,78,8,];False
7602;9661;17263;[0,151,199,3,110,5,6,2,85,14,187,11,134,13,9,15,65,17,72,19,172,21,22,23,24,25,140,27,43,29,30,74,133,33,34,185,36,37,38,39,40,165,42,52,76,45,46,47,48,49,149,51,28,53,54,55,56,107,58,59,93,61,62,63,64,16,66,67,127,69,70,71,18,73,98,75,159,77,181,79,80,160,82,83,84,7,68,87,88,89,90,91,92,102,94,95,96,97,31,99,195,101,60,192,104,105,135,57,108,146,41,128,112,113,190,10,173,164,118,119,4,121,122,123,115,125,126,182,111,129,130,156,132,32,12,106,136,137,138,20,26,141,189,116,144,145,109,147,148,50,150,1,152,153,86,155,131,157,158,171,81,154,162,163,175,120,166,167,168,169,170,114,139,124,174,117,176,177,178,179,180,198,161,183,184,35,186,143,188,142,44,191,103,193,194,100,196,197,78,8,];False
7489;9766;17255;[0,151,15,3,110,5,6,2,85,14,187,11,134,13,9,199,65,17,72,19,172,21,22,23,24,25,140,27,43,29,30,74,133,33,34,185,36,55,38,39,40,165,42,52,76,45,46,47,48,49,149,51,28,53,54,37,56,107,58,59,93,61,62,63,64,16,66,67,127,69,70,71,18,73,98,75,159,77,89,79,80,160,82,83,84,7,68,87,88,146,90,91,92,102,94,95,96,97,31,99,195,101,60,192,104,105,135,57,108,181,41,128,112,113,190,10,173,164,118,119,4,121,122,123,115,125,126,182,111,129,130,156,132,32,12,106,136,137,138,20,196,141,189,116,144,145,109,147,148,50,150,117,152,153,86,155,131,157,158,171,81,154,162,163,175,120,166,167,139,169,170,114,168,124,174,1,176,177,178,179,180,198,161,183,184,35,186,143,188,142,44,191,103,193,194,100,26,197,78,8,];False
7513;9739;17252;[0,151,15,3,110,5,6,2,85,14,187,11,134,13,9,199,65,17,72,19,172,21,185,23,24,25,140,27,43,29,30,74,133,33,34,22,36,37,38,39,40,165,42,52,76,45,46,47,48,49,149,51,28,53,54,55,56,107,58,59,93,61,62,63,64,16,66,67,127,69,70,71,18,73,98,75,159,77,89,79,80,160,82,83,84,7,68,87,88,146,90,91,92,102,94,95,96,97,31,99,195,101,60,192,104,105,135,57,108,181,41,128,112,113,190,10,173,164,118,119,4,121,122,123,115,125,126,182,111,129,130,156,132,32,12,106,136,137,138,20,196,141,189,116,144,145,109,147,148,50,150,117,152,153,86,155,131,157,158,171,81,154,162,163,175,120,166,167,139,169,170,114,168,124,174,1,176,177,178,179,180,198,161,183,184,35,186,143,188,142,44,191,103,193,194,100,26,197,78,8,];False
7626;9624;17250;[0,151,199,3,110,5,6,2,85,14,187,11,134,13,9,15,65,17,72,19,172,21,22,23,24,25,140,27,43,29,30,74,133,33,34,185,36,37,38,39,40,165,42,52,76,45,46,47,48,49,149,51,28,53,54,55,56,107,58,59,93,61,62,63,64,16,66,67,127,69,70,71,18,73,98,75,159,77,181,79,80,160,82,83,84,7,68,87,88,89,90,91,92,102,94,95,96,97,31,99,195,101,60,192,104,105,135,57,108,146,41,128,112,113,190,10,173,78,118,119,4,121,122,123,115,125,126,182,111,129,130,156,132,32,12,106,136,137,138,20,26,141,189,116,144,145,109,147,148,50,150,1,152,153,86,155,131,157,158,171,81,154,162,163,175,120,166,167,139,169,170,114,168,124,174,117,176,177,178,179,180,198,161,183,184,35,186,143,188,142,44,191,103,193,194,100,196,197,164,8,];False
7572;9673;17245;[0,151,199,3,110,5,6,2,85,14,187,11,134,13,9,15,65,17,72,19,172,21,22,23,24,25,140,27,43,29,30,74,133,33,34,185,36,37,38,39,40,165,42,52,76,45,46,47,48,49,149,51,28,53,54,55,56,107,58,59,93,61,62,63,64,16,66,67,127,69,70,71,18,73,98,75,159,77,89,79,80,160,82,83,84,7,68,87,88,181,90,91,92,102,94,95,96,97,31,99,195,101,60,192,104,105,135,57,108,146,41,128,112,113,190,10,173,164,118,119,4,121,122,123,115,125,126,182,111,129,130,156,132,32,12,106,136,137,138,20,26,141,189,116,144,145,109,147,148,50,150,1,152,153,86,155,131,157,158,171,81,154,162,163,175,120,166,167,139,169,170,114,168,124,174,117,176,177,178,179,180,198,161,183,184,35,186,143,188,142,44,191,103,193,194,100,196,197,78,8,];False
7581;9646;17227;[0,151,199,3,110,5,6,2,85,14,187,11,134,13,9,15,65,17,72,19,172,21,22,23,24,25,140,27,43,29,30,74,133,33,34,185,36,37,38,39,40,165,42,52,76,45,46,47,48,49,149,51,28,53,54,55,56,107,58,59,93,61,62,63,64,16,66,67,127,69,70,71,18,73,98,75,159,77,181,79,80,160,82,83,84,7,68,87,88,89,161,91,92,102,94,95,96,97,31,99,195,101,60,192,104,105,135,57,108,146,41,128,112,113,190,10,173,164,118,119,4,121,122,123,115,125,126,182,111,129,130,156,132,32,12,106,136,137,138,20,26,141,189,116,144,145,109,147,148,50,150,1,152,153,86,155,131,157,158,171,81,154,162,163,175,120,166,167,139,169,170,114,168,124,174,117,176,177,178,179,180,198,90,183,184,35,186,143,188,142,44,191,103,193,194,100,196,197,78,8,];False
7575;9647;17222;[0,151,199,3,110,5,6,2,85,14,187,11,134,13,9,15,65,17,72,19,172,21,22,23,24,25,140,27,43,29,30,74,133,33,34,185,36,37,38,39,40,165,42,52,76,45,46,47,48,49,149,51,28,53,54,55,56,107,58,59,93,61,62,63,64,16,66,67,127,69,70,71,18,73,98,75,159,77,181,79,80,160,82,83,84,7,68,87,88,89,90,91,92,102,94,95,96,97,31,99,195,101,60,192,104,105,135,57,108,146,41,128,112,113,190,10,173,164,118,119,4,121,122,123,115,125,126,182,111,129,130,156,132,32,12,106,136,137,138,20,26,141,189,116,144,145,109,147,148,50,150,1,152,153,86,155,131,157,158,171,81,154,162,163,175,120,166,167,139,169,170,114,168,124,174,117,176,177,178,179,180,198,161,183,184,35,186,143,188,142,44,191,103,193,194,100,196,197,78,8,];False
7481;9737;17218;[0,151,15,3,110,5,6,2,85,14,187,11,134,13,9,199,65,17,72,19,172,21,22,23,24,25,140,27,43,29,30,74,133,33,34,185,36,37,38,39,40,165,42,52,76,45,46,47,48,49,149,51,28,53,54,55,56,107,58,59,93,61,62,63,64,16,66,67,194,69,70,71,18,73,98,75,159,77,89,79,80,160,82,83,84,7,68,87,88,146,90,91,92,102,94,95,96,97,31,99,195,101,60,192,104,105,135,57,108,181,41,128,112,113,190,10,173,164,118,119,4,121,122,123,115,125,126,182,111,129,130,156,132,32,12,106,136,137,138,20,196,141,189,116,144,145,109,147,148,50,150,117,152,153,86,155,131,157,158,171,81,154,162,163,175,120,166,167,139,169,170,114,168,124,174,1,176,177,178,179,180,198,161,183,184,35,186,143,188,142,44,191,103,193,127,100,26,197,78,8,];False
7477;9733;17210;[0,151,15,3,110,5,6,2,85,14,187,11,134,13,9,199,65,17,72,19,172,21,22,23,24,25,140,27,43,29,30,74,133,33,34,185,36,37,38,39,40,165,42,52,76,45,46,47,48,49,149,51,28,53,54,55,56,107,58,59,93,61,62,63,64,16,66,67,127,69,70,71,18,73,98,75,159,32,89,79,80,160,82,83,84,7,68,87,88,146,90,91,92,102,94,95,96,97,31,99,195,101,60,192,104,105,135,57,108,181,41,128,112,113,190,10,173,164,118,119,4,121,122,123,115,125,126,182,111,129,130,156,132,77,12,106,136,137,138,20,196,141,189,116,144,145,109,147,148,50,150,117,152,153,86,155,131,157,158,171,81,154,162,163,175,120,166,167,139,169,170,114,168,124,174,1,176,177,178,179,180,198,161,183,184,35,186,143,188,142,44,191,103,193,194,100,26,197,78,8,];False
7491;9716;17207;[0,151,15,3,110,5,6,2,85,14,187,11,134,19,9,199,65,17,72,13,172,21,22,23,24,25,140,27,43,29,30,74,133,33,34,185,36,37,38,39,40,165,42,52,76,45,46,47,48,49,149,51,28,53,54,55,56,107,58,59,93,61,62,63,64,16,66,67,127,69,70,71,18,73,98,75,159,77,89,79,80,160,82,83,84,7,68,87,88,146,90,91,92,102,94,95,96,97,31,99,195,101,60,192,104,105,135,57,108,181,41,128,112,113,190,10,173,164,118,119,4,121,122,123,115,125,126,182,111,129,130,156,132,32,12,106,136,137,138,20,196,141,189,116,144,145,109,147,148,50,150,117,152,153,86,155,131,157,158,171,81,154,162,163,175,120,166,167,139,169,170,114,168,124,174,1,176,177,178,179,180,198,161,183,184,35,186,143,188,142,44,191,103,193,194,100,26,197,78,8,];False
7514;9689;17203;[0,151,15,3,110,5,6,2,85,14,187,11,134,13,9,199,65,17,72,19,172,21,22,23,24,25,140,27,43,29,30,142,133,33,34,185,36,37,38,39,40,165,42,52,76,45,46,47,48,49,149,51,28,53,54,55,56,107,58,59,93,61,62,63,64,16,66,67,127,69,70,71,18,73,98,75,159,77,89,79,80,160,82,83,84,7,68,87,88,146,90,91,92,102,94,95,96,97,31,99,195,101,60,192,104,105,135,57,108,181,41,128,112,113,190,10,173,164,118,119,4,121,122,123,115,125,126,182,111,129,130,156,132,32,12,106,136,137,138,20,196,141,189,116,144,145,109,147,148,50,150,117,152,153,86,155,131,157,158,171,81,154,162,163,175,120,166,167,139,169,170,114,168,124,174,1,176,177,178,179,180,198,161,183,184,35,186,143,188,74,44,191,103,193,194,100,26,197,78,8,];False
7494;9698;17192;[0,151,15,3,110,5,6,2,85,14,187,11,134,13,9,199,65,17,72,19,172,21,22,23,24,25,140,27,43,29,30,74,133,33,34,185,36,37,38,39,40,165,42,52,76,45,46,47,48,49,149,51,28,53,54,55,56,107,58,59,93,61,62,63,64,16,66,67,127,69,70,71,18,73,98,75,159,77,89,79,80,160,82,50,84,7,68,87,88,146,90,91,92,102,94,95,96,97,31,99,195,101,60,192,104,105,135,57,108,181,41,128,112,113,190,10,173,164,118,119,4,121,122,123,115,125,126,182,111,129,130,156,132,32,12,106,136,137,138,20,196,141,189,116,144,145,109,147,148,83,150,117,152,153,86,155,131,157,158,171,81,154,162,163,175,120,166,167,139,169,170,114,168,124,174,1,176,177,178,179,180,198,161,183,184,35,186,143,188,142,44,191,103,193,194,100,26,197,78,8,];False
7481;9710;17191;[0,151,15,3,110,5,6,2,85,14,187,11,134,13,9,199,65,17,72,19,172,21,22,23,24,25,140,27,43,29,30,74,133,33,34,185,36,37,38,39,40,165,42,52,76,45,46,47,48,49,149,51,28,53,54,55,56,107,58,59,93,61,62,63,64,16,66,67,127,69,70,71,18,73,98,75,159,77,89,79,80,160,82,83,84,7,68,87,88,146,90,91,92,102,94,95,96,97,31,99,195,101,60,192,104,105,135,57,108,181,126,128,112,113,190,10,173,164,118,119,4,121,122,123,115,125,41,182,111,129,130,156,132,32,12,106,136,137,138,20,196,141,189,116,144,145,109,147,148,50,150,117,152,153,86,155,131,157,158,171,81,154,162,163,175,120,166,167,139,169,170,114,168,124,174,1,176,177,178,179,180,198,161,183,184,35,186,143,188,142,44,191,103,193,194,100,26,197,78,8,];False
7479;9707;17186;[0,151,15,3,110,5,6,2,85,14,187,11,134,13,9,199,65,17,72,19,172,21,22,23,24,25,140,27,43,29,30,74,133,33,34,185,36,37,38,39,40,165,42,52,76,45,46,47,48,49,149,51,180,53,54,55,56,107,58,59,93,61,62,63,64,16,66,67,127,69,70,71,18,73,98,75,159,77,89,79,80,160,82,83,84,7,68,87,88,146,90,91,92,102,94,95,96,97,31,99,195,101,60,192,104,105,135,57,108,181,41,128,112,113,190,10,173,164,118,119,4,121,122,123,115,125,126,182,111,129,130,156,132,32,12,106,136,137,138,20,196,141,189,116,144,145,109,147,148,50,150,117,152,153,86,155,131,157,158,171,81,154,162,163,175,120,166,167,139,169,170,114,168,124,174,1,176,177,178,179,28,198,161,183,184,35,186,143,188,142,44,191,103,193,194,100,26,197,78,8,];False
7466;9716;17182;[0,151,15,3,110,5,6,2,85,14,187,11,134,13,9,199,65,17,72,19,172,21,22,23,24,25,140,27,43,29,30,74,133,33,34,185,36,37,38,39,40,165,42,52,76,45,46,47,48,49,149,51,28,53,54,55,56,107,58,59,93,61,62,63,144,16,66,67,127,69,70,71,18,73,98,75,159,77,89,79,80,160,82,83,84,7,68,87,88,146,90,91,92,102,94,95,96,97,31,99,195,101,60,192,104,105,135,57,108,181,41,128,112,113,190,10,173,164,118,119,4,121,122,123,115,125,126,182,111,129,130,156,132,32,12,106,136,137,138,20,196,141,189,116,64,145,109,147,148,50,150,117,152,153,86,155,131,157,158,171,81,154,162,163,175,120,166,167,139,169,170,114,168,124,174,1,176,177,178,179,180,198,161,183,184,35,186,143,188,142,44,191,103,193,194,100,26,197,78,8,];False
7492;9688;17180;[0,151,15,3,110,5,6,2,85,14,187,11,134,13,9,199,65,17,72,19,172,21,22,23,24,25,140,27,43,29,30,74,133,33,34,185,36,37,38,39,40,165,42,52,76,45,46,47,48,49,149,51,28,53,54,55,56,107,58,59,93,61,62,63,64,16,66,67,127,69,70,71,18,73,98,75,159,77,89,79,80,160,82,83,84,7,68,87,88,146,90,91,92,102,94,95,96,97,31,99,195,101,60,192,104,105,135,57,108,181,41,128,112,113,190,10,173,164,118,119,4,121,122,123,115,125,126,182,111,129,130,156,132,32,12,106,136,137,138,20,196,141,189,116,144,145,109,147,148,50,150,117,152,153,86,166,131,157,158,171,81,154,162,163,175,120,155,167,139,169,170,114,168,124,174,1,176,177,178,179,180,198,161,183,184,35,186,143,188,142,44,191,103,193,194,100,26,197,78,8,];False
7426;9723;17149;[0,151,15,7,110,5,6,2,85,14,187,11,134,13,9,199,65,17,72,19,172,21,22,23,24,25,140,27,43,29,30,74,133,33,34,185,36,37,38,39,40,165,42,52,76,45,46,47,48,49,149,51,28,53,54,55,56,107,58,59,93,61,62,63,64,16,66,67,127,69,70,71,18,73,98,75,159,77,89,79,80,160,82,83,84,3,68,87,88,146,90,91,92,102,94,95,96,97,31,99,195,101,60,192,104,105,135,57,108,181,41,128,112,113,190,10,173,164,118,119,4,121,122,123,115,125,126,182,111,129,130,156,132,32,12,106,136,137,138,20,196,141,189,116,144,145,109,147,148,50,150,117,152,153,86,155,131,157,158,171,81,154,162,163,175,120,166,167,139,169,170,114,168,124,174,1,176,177,178,179,180,198,161,183,184,35,186,143,188,142,44,191,103,193,194,100,26,197,78,8,];False
7406;9733;17139;[0,151,15,3,110,5,6,2,85,14,187,11,134,13,9,199,65,17,72,19,172,21,22,23,24,25,140,27,43,29,30,74,133,33,34,185,36,37,38,39,40,165,42,52,76,45,46,47,189,49,149,51,28,53,54,55,56,107,58,59,93,61,62,63,64,16,66,67,127,69,70,71,18,73,98,75,159,77,89,79,80,160,82,83,84,7,68,87,88,146,90,91,92,102,94,95,96,97,31,99,195,101,60,192,104,105,135,57,108,181,41,128,112,113,190,10,173,164,118,119,4,121,122,123,115,125,126,182,111,129,130,156,132,32,12,106,136,137,138,20,196,141,48,116,144,145,109,147,148,50,150,117,152,153,86,155,131,157,158,171,81,154,162,163,175,120,166,167,139,169,170,114,168,124,174,1,176,177,178,179,180,198,161,183,184,35,186,143,188,142,44,191,103,193,194,100,26,197,78,8,];False
7404;9733;17137;[0,151,15,3,110,5,6,2,85,14,187,11,134,13,9,199,65,17,72,19,172,21,22,23,24,25,140,27,43,29,30,74,133,33,34,185,36,37,38,39,40,165,42,52,76,45,46,47,48,49,149,51,28,53,54,55,56,107,58,59,93,61,62,63,64,16,66,67,127,69,70,71,18,73,98,75,159,77,89,79,80,160,82,83,84,7,68,87,88,146,90,91,92,102,94,95,96,97,31,99,195,101,60,192,104,105,135,57,108,181,41,128,112,113,190,10,173,164,118,119,4,121,122,123,115,125,126,182,111,129,130,156,132,32,12,106,136,137,138,20,196,141,189,116,144,145,109,147,148,50,150,117,152,153,86,155,131,157,158,171,81,154,162,163,175,120,166,167,139,169,170,114,168,124,174,1,176,177,178,179,180,198,161,183,184,35,186,143,188,142,44,191,103,193,194,100,26,197,78,8,];False
7337;9766;17103;[0,151,15,3,110,5,6,2,85,14,187,11,134,13,9,199,65,17,72,19,172,21,22,23,24,25,140,27,43,29,30,74,133,33,34,185,36,37,38,39,40,165,42,52,76,45,46,47,48,49,149,51,28,53,54,55,56,107,58,59,93,61,62,63,64,16,66,67,127,69,70,71,18,73,98,75,159,77,89,79,80,160,82,83,84,7,68,87,88,146,90,91,92,102,94,95,96,97,31,99,105,101,60,192,104,195,135,57,108,181,41,128,112,113,190,10,173,164,118,119,4,121,122,123,115,125,126,182,111,129,130,156,132,32,12,106,136,137,138,20,196,141,189,116,144,145,109,147,148,50,150,117,152,153,86,155,131,157,158,171,81,154,162,163,175,120,166,167,139,169,170,114,168,124,174,1,176,177,178,179,180,198,161,183,184,35,186,143,188,142,44,191,103,193,194,100,26,197,78,8,];False
7290;9724;17014;[0,151,15,3,110,5,6,2,85,14,187,11,134,13,9,199,65,17,72,19,172,21,22,23,24,25,140,27,43,29,30,74,12,33,34,185,36,37,38,39,40,165,42,52,76,45,46,47,48,49,149,51,28,53,54,55,56,107,58,59,93,61,62,63,64,16,66,67,127,69,70,71,18,73,98,75,159,77,89,79,80,160,82,83,84,7,68,87,88,146,90,91,92,102,94,95,96,97,31,99,105,101,60,192,104,195,135,57,108,181,41,128,112,113,190,10,173,164,118,119,4,50,122,123,115,125,126,182,111,129,130,156,132,32,133,106,136,137,138,20,196,141,189,116,144,145,109,147,148,121,150,117,152,153,86,155,131,157,158,171,81,154,162,163,175,120,166,167,139,169,170,114,168,124,174,1,176,177,178,179,180,198,161,183,184,35,186,143,188,142,44,191,103,193,194,100,26,197,78,8,];False
7221;9758;16979;[0,42,15,3,110,5,6,2,85,14,187,11,134,13,9,199,65,17,72,19,172,21,22,23,24,25,140,27,43,29,30,74,12,33,34,185,36,37,38,39,40,165,151,52,76,45,46,47,48,49,149,51,28,53,54,55,56,107,58,59,93,61,62,63,64,16,66,67,127,69,70,169,18,73,98,75,159,77,89,79,80,160,82,83,84,7,68,87,88,146,90,91,92,102,94,162,96,97,31,99,105,101,60,192,104,195,135,57,108,181,41,128,112,113,190,10,173,164,118,119,4,121,122,123,115,125,126,182,111,129,130,156,132,32,133,106,136,137,138,20,196,141,189,116,144,145,109,147,148,50,150,117,152,153,86,155,131,157,158,171,81,154,95,163,175,120,166,167,139,71,170,114,168,124,174,1,176,177,178,179,180,198,161,183,184,35,186,143,188,142,44,191,103,193,194,100,26,197,78,8,];False
7224;9743;16967;[0,151,15,3,110,5,6,2,85,14,187,11,134,13,9,199,65,17,72,19,172,21,22,23,24,25,140,27,43,29,30,74,12,33,34,185,36,37,38,39,40,165,42,52,76,45,46,47,48,49,149,51,28,53,54,55,56,107,58,59,93,61,62,63,64,16,66,67,127,69,70,71,18,73,98,75,159,77,89,79,80,160,82,83,84,7,68,87,88,146,90,91,92,102,94,95,96,97,31,99,105,101,60,192,104,195,135,57,108,181,41,128,112,113,190,10,173,164,118,119,4,121,122,123,115,125,126,182,111,129,130,156,132,32,133,106,136,137,138,20,196,141,189,116,144,145,109,147,148,50,150,117,152,153,86,155,131,157,158,171,81,154,162,163,175,120,166,167,139,169,170,114,168,124,174,1,176,177,178,179,180,198,161,183,184,35,186,143,188,142,44,191,103,193,194,100,26,197,78,8,];False
7109;9741;16850;[0,151,15,3,110,5,6,2,85,14,187,11,134,13,9,199,65,17,72,19,172,21,22,23,24,25,140,27,43,29,30,74,12,33,34,185,36,37,38,39,40,165,42,52,76,45,46,47,48,49,149,51,28,53,54,55,56,107,58,59,93,61,62,63,64,16,66,67,127,69,70,71,18,73,98,75,159,77,89,79,80,160,82,83,84,7,68,87,88,146,90,91,92,102,94,162,96,97,31,99,105,101,60,192,104,195,135,57,108,181,41,128,112,113,190,10,173,164,118,119,4,121,122,123,115,125,126,182,111,129,130,156,132,32,133,106,136,137,138,20,196,141,189,116,144,145,109,147,148,50,150,117,152,153,86,155,131,157,158,171,81,154,95,163,175,120,166,167,139,169,170,114,168,124,174,1,176,177,178,179,180,198,161,183,184,35,186,143,188,142,44,191,103,193,194,100,26,197,78,8,];False
7104;9733;16837;[0,42,15,3,110,5,6,2,85,14,187,11,134,13,9,199,65,17,72,19,172,21,22,23,24,25,140,27,43,29,30,74,12,33,34,185,36,37,38,39,40,165,151,52,76,45,46,47,48,49,149,51,28,53,54,55,56,107,58,59,93,61,62,63,64,16,66,67,127,69,70,71,18,73,98,75,159,77,89,79,80,160,82,83,84,7,68,87,88,146,90,91,92,102,94,162,96,97,31,99,105,101,60,192,104,195,135,57,108,181,41,128,112,113,190,10,173,164,118,119,4,121,122,123,115,125,126,182,111,129,130,156,132,32,133,106,136,137,138,20,196,141,189,116,144,145,109,147,148,50,150,117,152,153,86,155,131,157,158,171,81,154,95,163,175,120,166,167,139,169,170,114,168,124,174,1,176,177,178,179,180,198,161,183,184,35,186,143,188,142,44,191,103,193,194,100,26,197,78,8,];False
7049;9744;16793;[0,42,15,3,110,5,6,2,85,14,187,11,134,13,9,199,65,17,72,19,172,21,22,23,24,25,140,27,43,29,30,74,12,33,34,185,36,37,38,39,40,165,151,52,76,45,46,18,48,49,149,51,28,53,54,55,56,107,58,59,93,61,62,63,64,16,66,67,127,69,70,71,47,73,98,75,159,77,89,79,80,160,82,83,84,7,68,87,88,146,90,91,92,102,94,162,96,97,31,99,105,101,60,192,104,195,135,57,108,181,41,128,112,113,190,10,173,164,118,119,4,121,122,123,115,125,126,182,111,129,130,156,132,32,133,106,136,137,138,20,196,141,189,116,144,145,109,147,148,50,150,117,152,153,175,155,131,157,158,171,81,154,95,26,86,120,166,167,139,169,170,114,168,124,174,1,176,177,178,179,180,198,161,183,184,35,186,143,188,142,44,191,103,193,194,100,163,197,78,8,];False
7060;9725;16785;[0,42,15,3,110,5,6,2,85,14,187,11,134,13,9,199,65,17,72,19,172,21,22,23,24,25,128,7,43,29,30,74,12,33,34,185,36,37,38,39,40,165,151,52,76,45,46,47,48,49,149,51,28,53,54,55,56,107,58,59,93,61,62,63,64,16,66,67,127,69,70,71,18,73,98,75,159,77,89,84,80,160,82,83,79,27,68,87,88,146,90,91,92,102,94,162,96,97,31,99,105,101,60,192,104,195,135,26,108,181,41,140,112,113,190,10,173,164,118,119,4,121,122,123,115,125,126,182,111,129,130,156,132,32,133,106,136,137,138,20,196,141,189,116,144,145,109,147,148,50,150,117,152,153,175,155,131,157,158,171,81,154,95,57,86,120,166,167,139,169,170,114,168,124,174,1,176,177,178,179,180,198,161,183,184,35,186,143,188,142,44,191,103,193,194,100,163,197,78,8,];False
7023;9745;16768;[0,42,15,28,110,5,6,2,85,14,187,11,134,13,9,199,65,17,72,19,172,21,22,23,24,25,140,27,43,29,30,74,12,33,34,185,36,37,38,39,40,165,151,52,76,45,46,47,48,49,149,51,3,53,54,55,56,107,58,59,93,61,62,63,64,16,66,67,127,69,70,71,18,73,98,75,159,77,89,79,80,160,82,83,84,7,68,87,88,146,90,91,92,102,94,162,96,97,31,99,105,101,60,192,104,195,135,57,108,181,41,128,112,113,190,10,173,164,118,119,4,121,122,123,115,125,126,182,111,129,130,156,132,32,133,106,136,137,138,20,196,141,189,116,144,145,109,147,148,50,150,117,152,153,175,155,131,157,158,171,81,154,95,26,86,120,166,167,139,169,170,114,168,124,174,1,176,177,178,179,180,198,161,183,184,35,186,143,188,142,44,191,103,193,194,100,163,197,78,8,];False
7087;9677;16764;[0,42,15,3,110,5,6,2,85,14,187,11,134,13,9,199,65,17,72,19,172,21,22,23,24,25,140,7,43,29,30,74,12,33,34,185,36,37,38,39,40,165,151,52,76,45,46,47,48,49,149,51,28,53,54,55,56,107,58,59,93,61,62,63,64,16,66,67,127,69,70,71,18,73,98,75,159,77,89,84,80,160,82,83,79,27,68,87,88,146,90,91,92,113,94,162,96,97,31,99,105,101,60,192,104,195,135,26,108,181,41,128,112,102,190,10,173,164,118,119,4,121,122,123,115,125,126,182,111,129,130,156,132,32,133,106,136,137,138,20,196,141,189,116,144,145,109,147,148,50,150,117,152,153,175,155,131,157,158,171,81,154,95,57,86,120,166,167,139,169,170,114,168,124,174,1,176,177,178,179,180,198,161,183,184,35,186,143,188,142,44,191,103,193,194,100,163,197,78,8,];False
7060;9703;16763;[0,42,15,3,110,5,6,2,85,14,187,11,134,13,9,199,65,17,72,19,172,21,22,20,24,25,140,7,43,29,30,74,12,33,34,185,36,37,38,39,40,165,151,52,76,45,46,47,48,49,149,51,28,53,54,55,56,107,58,59,93,61,62,63,64,16,66,67,127,69,70,71,18,73,98,75,159,77,89,84,80,160,82,83,79,27,68,87,88,146,90,91,92,102,94,162,96,97,31,99,105,101,60,192,104,195,135,26,108,181,41,128,112,113,190,10,173,164,118,119,4,121,122,123,115,125,126,182,111,129,130,156,132,32,133,106,136,137,138,23,196,141,189,116,144,145,109,147,148,50,150,117,152,153,175,155,131,157,158,171,81,154,95,57,86,120,166,167,139,169,170,114,168,124,174,1,176,177,178,179,180,198,161,183,184,35,186,143,188,142,44,191,103,193,194,100,163,197,78,8,];False
7069;9678;16747;[0,42,15,3,110,5,6,2,85,14,187,11,134,13,9,199,65,17,72,19,172,21,22,102,24,25,140,7,43,29,30,74,12,33,34,185,36,37,38,39,40,165,151,52,76,45,46,47,48,49,149,51,28,53,54,55,56,107,58,59,93,61,62,63,64,16,66,67,127,69,70,71,18,73,98,75,159,77,89,84,80,160,82,83,79,27,68,87,88,146,90,91,92,23,94,162,96,97,31,99,105,101,60,192,104,195,135,26,108,181,41,128,112,113,190,10,173,164,118,119,4,121,122,123,115,125,126,182,111,129,130,156,132,32,133,106,136,137,138,20,196,141,189,116,144,145,109,147,148,50,150,117,152,153,175,155,131,157,158,171,81,154,95,57,86,120,166,167,139,169,170,114,168,124,174,1,176,177,178,179,180,198,161,183,184,35,186,143,188,142,44,191,103,193,194,100,163,197,78,8,];False
7051;9678;16729;[0,42,15,3,110,5,6,2,85,14,187,11,134,13,9,199,65,17,72,19,172,21,22,23,24,25,140,7,43,29,30,74,12,33,34,185,36,37,38,39,40,165,151,84,163,45,46,47,48,49,149,51,28,53,54,55,56,107,58,59,93,61,62,63,64,16,66,67,127,69,70,71,18,73,98,75,159,77,89,52,80,160,82,83,79,27,68,87,88,146,90,91,92,102,94,162,96,97,31,99,105,101,60,192,104,195,135,26,108,181,41,128,112,113,190,10,173,164,118,119,4,121,122,123,115,125,126,182,111,129,130,156,132,32,133,106,136,137,138,20,196,141,189,116,144,145,109,147,148,50,150,117,152,153,175,155,131,157,158,171,81,154,95,57,86,120,166,167,139,169,170,114,168,124,174,1,176,177,178,179,180,198,161,183,184,35,186,143,188,142,44,191,103,193,194,100,76,197,78,8,];False
7002;9719;16721;[0,42,15,3,110,5,6,2,85,14,187,11,134,13,9,199,65,17,72,19,172,21,22,23,24,25,140,27,43,29,30,74,12,33,34,185,36,37,38,39,40,165,151,52,76,45,46,47,48,49,149,51,28,53,54,55,56,107,58,59,93,61,62,63,64,16,66,67,127,69,70,71,18,73,98,75,159,77,89,79,80,160,82,83,84,7,68,87,88,146,90,91,92,102,94,162,96,97,31,99,105,101,60,192,104,195,135,57,108,181,41,128,112,113,190,10,173,164,118,119,4,121,122,123,115,125,126,182,111,129,130,156,132,32,133,106,136,137,138,20,196,141,189,116,144,145,109,147,148,50,150,117,152,153,175,155,131,157,158,171,81,154,95,163,86,120,166,167,139,169,170,114,168,124,174,1,176,177,178,179,180,198,161,183,184,35,186,143,188,142,44,191,103,193,194,100,26,197,78,8,];False
6936;9739;16675;[0,42,15,3,110,5,6,2,85,14,187,11,134,13,9,199,65,17,72,19,172,21,22,23,24,25,140,7,43,29,30,74,12,33,34,185,36,37,38,39,40,165,151,52,76,45,46,47,48,49,149,51,28,53,54,55,56,107,58,59,93,61,62,63,64,16,66,67,127,69,70,71,18,73,98,75,159,77,89,79,80,160,82,83,84,27,68,87,88,146,90,91,92,102,94,162,96,97,31,99,105,101,60,192,104,195,135,57,108,181,41,128,112,113,190,10,173,164,118,119,4,121,122,123,115,125,126,182,111,129,130,156,132,32,133,106,136,137,138,20,196,141,189,116,144,145,109,147,148,50,150,117,152,153,175,155,131,157,158,171,81,154,95,26,86,120,166,167,139,169,170,114,168,124,174,1,176,177,178,179,180,198,161,183,184,35,186,143,188,142,44,191,103,193,194,100,163,197,78,8,];False
7033;9641;16674;[0,42,15,3,110,5,6,2,85,14,187,11,134,13,9,199,65,17,72,19,172,21,22,23,24,25,140,7,43,29,30,74,12,33,34,185,36,37,38,39,40,165,151,52,163,45,46,47,48,49,149,51,28,53,54,55,56,107,58,59,93,61,62,63,64,16,66,67,127,69,70,71,18,73,98,75,159,77,89,84,80,160,82,83,79,27,68,87,88,146,90,91,92,102,94,162,96,97,31,99,105,101,60,192,104,195,135,26,108,181,41,128,112,113,190,10,173,164,118,119,4,121,122,109,115,125,126,182,111,129,130,156,132,32,133,106,136,137,138,20,196,141,189,116,144,145,123,147,148,50,150,117,152,153,175,155,131,157,158,171,81,154,95,57,86,120,166,167,139,169,170,114,168,124,174,1,176,177,178,179,180,198,161,183,184,35,186,143,188,142,44,191,103,193,194,100,76,197,78,8,];False
6939;9734;16673;[0,42,15,3,110,5,6,2,85,14,187,11,134,13,9,199,65,17,72,19,172,21,22,23,24,25,140,27,43,29,30,74,12,33,34,185,36,37,38,39,40,165,151,52,76,45,46,47,48,49,149,51,28,53,54,55,56,107,58,59,93,61,62,63,64,16,66,67,127,69,70,71,18,73,98,75,159,77,89,79,80,160,82,83,84,7,68,87,88,146,90,91,92,102,94,162,96,97,31,99,105,101,60,192,104,195,135,57,108,181,41,128,112,113,190,10,173,164,118,119,4,121,122,123,115,125,126,182,111,129,130,156,132,32,133,106,136,137,138,20,196,141,189,116,144,145,109,147,148,50,150,117,152,153,175,155,131,157,158,171,81,154,95,26,86,120,166,167,139,169,170,114,168,124,174,1,176,177,178,179,180,198,161,183,184,35,186,143,188,142,44,191,103,193,194,100,163,197,78,8,];False
6927;9729;16656;[0,42,15,3,110,5,6,2,85,14,187,11,134,13,9,199,65,17,72,19,172,21,22,23,24,25,140,7,43,29,30,74,12,33,34,185,36,37,38,39,40,165,151,52,76,45,46,47,48,49,149,51,28,53,54,55,56,107,58,59,93,61,62,63,64,16,66,67,127,69,70,71,18,73,98,75,159,77,89,79,80,160,82,83,84,27,68,87,88,146,90,91,92,102,94,162,96,97,31,99,105,101,60,192,104,195,135,26,108,181,41,128,112,113,190,10,173,164,118,119,4,121,122,123,115,125,126,182,111,129,130,156,132,32,133,106,136,137,138,20,196,141,189,116,144,145,109,147,148,50,150,117,152,153,175,155,131,157,158,171,81,154,95,57,86,120,166,167,139,169,170,114,168,124,174,1,176,177,178,179,180,198,161,183,184,35,186,143,188,142,44,191,103,193,194,100,163,197,78,8,];False
6946;9657;16603;[81,42,15,3,110,5,6,2,85,14,187,11,134,13,9,199,65,17,72,19,172,21,22,23,24,25,140,7,43,29,30,74,12,33,34,185,36,37,38,39,40,165,151,52,163,45,46,47,48,49,149,51,28,53,54,55,56,107,58,59,93,61,62,63,64,16,66,67,50,69,70,71,18,73,98,75,159,77,89,84,80,160,82,83,79,27,68,87,88,146,90,91,92,102,94,162,96,97,31,99,105,101,60,192,104,195,135,26,108,181,41,128,112,113,190,10,173,164,118,119,4,121,122,123,115,125,126,182,111,129,130,156,132,32,133,106,136,137,138,20,196,141,189,116,144,145,109,147,148,127,150,117,152,153,175,155,131,157,158,171,0,154,95,57,86,120,166,167,139,169,170,114,168,124,174,1,176,177,178,179,180,198,161,183,184,35,186,143,188,142,44,191,103,193,194,100,76,197,78,8,];False
6959;9644;16603;[81,42,15,3,110,5,6,2,85,14,187,11,134,13,9,199,65,17,72,19,172,194,22,23,24,25,140,7,43,29,30,74,12,33,34,185,36,37,38,39,40,165,151,52,163,45,46,47,48,49,149,51,28,53,54,55,56,107,58,59,93,61,62,63,64,16,66,67,127,69,70,71,18,73,98,75,159,77,89,84,80,160,82,83,79,27,68,87,88,146,90,91,174,102,94,162,96,97,31,99,105,101,60,192,104,195,135,26,108,181,41,128,112,113,190,10,173,164,118,119,4,121,122,123,115,125,126,182,111,129,130,156,132,32,133,106,136,137,138,20,196,141,189,116,144,145,109,147,148,50,150,117,152,153,175,155,131,157,158,171,0,154,95,57,86,120,166,167,139,169,170,114,168,124,92,1,176,177,178,179,180,198,161,183,184,35,186,143,188,142,44,191,103,193,21,100,76,197,78,8,];False
6893;9673;16566;[0,42,15,3,110,5,6,2,85,14,187,11,134,13,9,199,65,17,72,19,172,21,22,23,24,25,140,7,43,29,30,74,12,33,34,185,36,37,38,39,40,165,151,52,76,45,46,47,48,49,149,51,28,53,54,55,56,107,58,59,93,61,62,63,64,16,66,67,127,69,70,71,18,73,98,75,159,77,89,84,80,160,82,83,79,27,68,87,88,146,90,91,92,102,94,162,96,97,31,99,105,101,60,192,104,195,135,26,108,181,41,128,112,113,190,10,173,164,118,119,4,121,122,123,115,125,126,182,111,129,130,156,132,32,133,106,136,137,138,20,196,141,189,116,144,145,109,147,148,50,150,117,152,153,175,155,131,157,158,171,81,154,95,57,86,120,166,167,139,169,170,114,168,124,174,1,176,177,178,179,180,198,161,183,184,35,186,143,188,142,44,191,103,193,194,100,163,197,78,8,];False
6881;9658;16539;[81,42,15,3,110,5,6,2,85,14,187,11,134,13,9,199,65,17,72,19,172,194,22,23,24,25,140,7,43,29,30,74,12,33,34,185,36,37,38,39,40,165,151,52,163,45,46,47,48,49,149,51,28,53,54,55,56,107,58,59,93,61,62,63,64,16,66,67,127,69,70,71,18,73,98,75,159,77,89,84,80,160,82,83,79,27,68,87,88,146,90,91,92,102,94,162,96,97,31,99,105,101,60,192,104,195,135,26,108,181,41,128,112,113,190,10,173,164,118,119,4,121,122,123,115,125,126,182,111,129,130,156,132,32,133,106,136,137,138,20,196,141,189,116,144,145,109,147,148,50,150,117,152,153,175,155,131,157,158,171,0,154,95,57,86,120,166,167,197,169,170,114,168,124,174,1,176,177,178,179,180,198,161,183,184,35,186,143,188,142,44,191,103,193,21,100,76,139,78,8,];False
6873;9656;16529;[0,42,15,3,110,5,6,2,85,14,187,11,134,13,9,199,65,17,72,19,172,21,22,23,24,25,140,7,43,29,30,74,12,33,34,185,36,37,38,39,40,165,151,52,163,45,46,47,48,49,149,51,28,53,54,55,56,107,58,59,93,61,62,63,64,16,66,67,127,69,70,71,18,73,98,75,159,77,89,84,80,160,82,83,79,27,68,87,88,146,90,91,92,102,94,162,96,97,31,99,105,101,60,192,104,195,135,26,108,181,41,128,112,113,190,10,173,164,118,119,4,121,122,123,115,125,126,182,111,129,130,156,132,32,133,106,136,137,138,20,196,141,189,116,144,145,109,147,148,50,150,117,152,153,175,155,131,157,158,171,81,154,95,57,86,120,166,167,139,169,170,114,168,124,174,1,176,177,178,179,180,198,161,183,184,35,186,143,188,142,44,191,103,193,194,100,76,197,78,8,];False
6806;9718;16524;[81,42,15,3,110,5,6,2,85,14,187,11,134,13,9,199,65,17,72,19,172,194,22,23,24,25,140,7,43,29,30,74,12,33,34,185,36,37,38,39,40,165,151,52,163,45,46,47,48,49,149,51,28,53,54,55,56,107,58,59,93,61,62,63,64,16,66,67,127,69,70,71,18,73,98,75,159,77,89,84,80,160,82,83,79,27,68,87,88,146,90,91,92,102,94,162,96,97,31,99,105,101,60,192,104,195,135,26,108,181,41,128,112,113,190,10,173,164,118,119,4,121,122,123,115,125,126,182,111,129,130,156,132,32,133,106,136,137,138,20,196,141,189,116,144,171,109,147,148,50,150,117,152,153,175,155,131,157,158,145,0,154,95,57,86,120,166,167,139,169,170,114,168,124,174,1,176,177,178,179,180,198,161,183,184,35,186,143,188,142,44,191,103,193,21,100,76,197,78,8,];False
6867;9655;16522;[81,42,15,3,110,5,6,2,85,14,187,11,181,13,9,199,65,17,72,19,172,194,22,23,24,25,140,7,43,29,30,74,12,33,34,185,36,37,38,39,40,165,151,52,163,45,46,47,48,49,149,51,28,53,54,55,56,107,58,59,93,61,62,63,64,16,66,67,127,69,70,71,18,73,98,75,159,77,89,84,80,160,82,83,79,27,68,87,88,146,90,91,92,102,94,162,96,97,31,99,105,101,60,192,104,195,135,26,108,134,41,128,112,113,190,10,173,164,118,119,4,121,122,123,115,125,126,182,111,129,130,156,132,32,133,106,136,137,138,20,196,141,189,116,144,145,109,147,148,50,150,117,152,153,175,155,131,157,158,171,0,154,95,57,86,120,166,167,139,169,170,114,168,124,174,1,176,177,178,179,180,198,161,183,184,35,186,143,188,142,44,191,103,193,21,100,76,197,78,8,];False
6873;9641;16514;[81,42,15,3,110,5,6,2,85,14,187,11,134,13,9,199,65,17,72,19,172,194,22,23,24,25,140,7,43,29,30,74,12,33,34,185,36,37,38,39,40,165,151,52,163,45,46,47,48,49,149,51,28,53,54,55,56,143,58,59,93,61,62,63,64,16,66,67,127,69,70,71,18,73,98,75,159,77,89,84,80,160,82,83,79,27,68,87,88,146,90,91,92,102,94,162,96,97,31,99,105,101,60,192,104,195,135,26,108,181,41,128,112,113,95,10,173,164,118,119,4,121,122,123,115,125,126,182,111,129,130,156,132,32,133,106,136,137,138,20,196,141,189,116,144,145,109,147,148,50,150,117,152,153,175,155,131,157,158,171,0,154,190,57,86,120,166,167,139,169,170,114,168,124,174,1,176,177,178,179,180,198,161,183,184,35,186,107,188,142,44,191,103,193,21,100,76,197,78,8,];False
6831;9681;16512;[81,140,15,3,110,5,6,2,85,14,187,11,134,13,9,199,65,17,72,19,172,194,22,23,24,25,42,7,43,29,30,74,12,33,34,185,36,37,38,39,40,165,151,52,163,45,46,47,48,49,149,51,28,53,54,55,56,107,58,59,93,61,62,63,64,16,66,67,127,69,70,71,18,73,98,75,159,77,89,84,80,160,82,83,79,27,68,87,88,146,90,91,92,102,94,162,96,97,31,99,105,101,60,192,104,195,135,26,108,181,41,128,112,113,190,10,173,164,118,119,4,121,122,123,115,125,126,182,111,129,130,156,132,32,133,106,136,137,138,20,196,141,189,116,144,145,109,147,148,50,150,117,152,153,175,155,131,157,158,171,0,154,95,57,86,120,166,167,139,169,170,114,168,124,174,1,176,177,178,179,180,198,161,183,184,35,186,143,188,142,44,191,103,193,21,100,76,197,78,8,];False
6832;9667;16499;[81,42,15,3,110,5,6,2,85,14,187,11,134,13,9,199,65,17,72,19,172,194,22,23,24,25,140,7,43,29,30,74,12,33,34,185,36,37,38,39,40,165,151,52,163,45,46,47,48,49,149,51,28,53,54,55,56,107,58,59,93,61,62,63,64,16,66,152,127,69,70,71,18,73,98,75,159,77,89,84,80,160,82,83,79,27,68,87,88,146,90,91,92,102,94,162,96,97,31,99,105,101,60,192,104,195,135,26,108,181,41,128,112,113,190,10,173,164,118,119,4,121,122,123,115,125,126,182,111,129,130,156,132,32,133,106,136,137,138,20,196,141,189,116,144,145,109,147,148,50,150,117,67,153,175,155,131,157,158,171,0,154,95,57,86,120,166,167,139,169,170,114,168,124,174,1,176,177,178,179,180,198,161,183,184,35,186,143,188,142,44,191,103,193,21,100,76,197,78,8,];False
6842;9653;16495;[81,42,15,3,110,5,6,2,85,14,187,11,134,13,9,199,65,17,72,19,172,21,22,23,24,25,140,7,43,29,30,74,12,33,34,185,36,37,38,39,40,165,151,52,163,45,46,47,48,49,149,51,28,53,54,55,56,107,58,59,93,61,62,63,64,16,66,67,197,69,70,71,18,73,98,75,159,77,89,84,80,160,82,83,79,27,68,87,88,146,90,91,92,102,94,162,96,97,31,99,105,101,60,192,104,195,135,26,108,181,41,128,112,113,190,10,173,164,118,119,4,121,122,123,115,125,126,182,111,129,130,156,132,32,133,106,136,137,138,20,196,141,189,116,144,145,109,147,148,50,150,117,152,153,175,155,131,157,158,171,0,154,95,57,86,120,166,167,139,169,170,114,168,124,174,1,176,177,178,179,180,198,161,183,184,35,186,143,188,142,44,191,103,193,194,100,76,127,78,8,];False
6790;9681;16471;[81,42,15,3,110,5,6,2,85,14,187,11,134,13,9,199,65,17,72,47,172,194,22,23,24,25,140,7,43,29,30,74,12,33,34,185,36,37,38,39,40,165,151,52,163,45,46,19,48,49,149,51,28,53,54,55,56,107,58,59,93,61,62,63,64,16,66,67,127,69,70,71,18,73,98,75,159,77,89,84,80,160,82,83,79,27,68,87,88,146,90,91,92,102,94,162,96,97,31,99,105,101,60,192,104,195,135,26,108,181,41,128,112,113,190,10,173,164,118,119,4,121,122,123,115,125,126,182,111,129,130,156,132,32,133,106,136,137,138,20,196,141,189,116,144,145,109,147,148,50,150,117,152,153,175,155,131,157,158,171,0,154,95,57,86,120,166,167,139,169,170,114,168,124,174,1,176,177,178,179,180,198,161,183,184,35,186,143,188,142,44,191,103,193,21,100,76,197,78,8,];False
6725;9718;16443;[81,42,15,3,110,5,6,2,85,76,187,11,134,13,9,199,65,17,72,19,172,194,22,23,24,25,140,7,43,29,30,74,12,33,34,185,36,37,38,39,40,165,151,52,163,45,46,47,48,49,149,51,28,53,54,55,56,167,58,59,93,61,62,63,64,16,66,67,127,69,70,71,18,73,98,75,159,77,89,84,80,160,82,83,79,27,68,87,88,146,90,91,92,102,94,162,96,97,31,99,105,101,60,192,104,195,135,26,108,181,41,128,112,113,190,10,173,164,118,119,4,121,122,123,115,125,126,182,111,129,130,156,132,32,133,106,136,137,138,20,196,141,189,116,144,145,109,147,148,50,150,117,152,153,175,155,131,157,158,171,0,154,95,57,86,120,166,143,139,169,170,114,168,124,174,1,176,177,178,179,180,198,161,183,184,35,186,107,188,142,44,191,103,193,21,100,14,197,78,8,];False
6774;9665;16439;[81,42,15,3,110,5,6,2,85,14,187,11,134,13,9,199,65,17,72,19,172,21,22,23,24,25,140,7,43,29,30,74,12,33,34,185,36,37,38,39,40,165,151,52,163,45,46,47,48,49,149,104,28,53,54,55,56,107,58,59,93,61,62,63,64,16,66,67,127,69,70,71,18,73,98,75,159,77,89,84,80,160,82,83,79,27,68,87,88,146,90,91,92,102,94,162,96,97,31,99,105,101,60,192,51,195,135,26,108,181,41,128,112,113,190,10,173,164,118,119,4,121,122,123,115,125,126,182,111,129,130,156,132,32,133,106,136,137,138,20,196,141,189,116,144,145,109,147,148,50,150,117,152,153,175,155,131,157,158,171,0,154,95,57,86,120,166,167,139,169,170,114,168,124,174,1,176,177,178,179,180,198,161,183,184,35,186,143,188,142,44,191,103,193,194,100,76,197,78,8,];False
6769;9662;16431;[81,42,15,3,110,5,6,2,85,14,187,11,134,13,9,199,65,17,72,19,172,21,22,23,24,25,140,7,43,29,30,74,12,33,34,185,36,37,38,39,40,165,151,52,163,45,46,47,48,49,149,51,28,53,54,55,56,107,58,59,93,61,62,63,64,16,66,67,127,69,70,71,18,73,98,75,159,77,89,84,80,160,82,83,79,27,68,87,88,146,90,91,92,102,94,162,96,97,31,99,105,101,60,192,104,195,135,26,108,181,41,128,112,113,190,10,173,164,118,119,4,121,122,123,115,125,126,182,111,129,130,156,132,32,133,106,136,137,138,20,196,141,189,116,144,145,109,147,148,50,150,117,152,153,175,155,131,157,158,171,0,154,95,57,86,120,166,167,139,169,170,114,168,124,174,1,176,177,178,179,180,198,161,183,184,35,186,143,188,142,44,191,103,193,194,100,76,197,78,8,];False
6749;9681;16430;[81,42,15,3,110,5,6,2,85,14,187,11,134,13,9,199,65,17,72,19,172,194,22,23,24,186,140,7,43,29,30,74,12,33,34,185,36,37,38,39,40,165,151,52,163,45,46,47,48,49,149,51,28,53,54,55,56,167,58,59,93,61,62,63,64,16,66,67,127,69,70,71,18,73,98,75,159,77,89,84,80,160,82,83,79,27,68,87,88,146,90,91,92,102,94,162,96,97,31,99,105,101,60,192,104,195,135,26,108,181,41,128,112,113,190,10,173,164,118,119,4,121,122,123,115,125,126,182,111,129,130,156,132,32,133,106,136,137,138,20,196,141,189,116,144,145,109,147,148,50,150,117,152,153,175,155,131,157,158,171,0,154,95,57,86,120,166,143,139,169,170,114,168,124,174,1,176,177,178,179,180,198,161,183,184,35,25,107,188,142,44,191,103,193,21,100,76,197,78,8,];False
6781;9644;16425;[81,42,15,3,110,5,6,2,85,14,187,11,134,13,9,199,65,17,72,19,172,194,22,23,24,25,140,7,43,29,30,74,12,33,34,185,36,37,38,39,40,165,151,52,163,45,46,47,48,95,149,51,28,53,54,55,56,107,58,59,93,61,62,63,64,16,66,67,127,69,70,71,18,73,98,75,159,77,89,84,80,160,82,83,79,27,68,87,88,146,90,91,92,102,94,162,96,97,31,99,105,101,60,192,104,195,135,26,108,181,41,128,112,113,190,10,173,164,118,119,4,121,122,123,115,125,126,182,111,129,130,156,132,32,133,106,136,137,138,20,196,141,189,116,144,145,109,147,148,50,150,117,152,153,175,155,131,157,158,171,0,154,49,57,86,120,166,167,139,169,170,114,168,124,174,1,176,177,178,179,180,198,161,183,184,35,186,143,188,142,44,191,103,193,21,100,76,197,78,8,];False
6787;9635;16422;[81,42,15,3,110,5,6,2,85,14,187,11,134,13,9,199,65,17,72,19,172,194,22,23,24,25,140,7,43,29,30,74,12,33,34,185,36,37,38,39,40,165,151,52,163,45,46,47,48,49,149,51,28,53,54,55,56,107,58,59,93,61,62,63,144,16,66,67,127,69,70,71,18,73,98,75,159,77,89,84,80,160,82,83,79,27,68,87,88,146,90,91,92,102,94,162,96,97,31,99,105,101,60,192,104,195,135,26,108,181,41,128,112,113,190,10,173,164,118,119,4,121,122,123,115,125,126,182,111,129,130,156,132,32,133,106,136,137,138,20,196,141,189,116,64,145,109,147,148,50,150,117,152,153,175,155,131,157,158,171,0,154,95,57,86,120,166,167,139,169,170,114,168,124,174,1,176,177,178,179,180,198,161,183,184,35,186,143,188,142,44,191,103,193,21,100,76,197,78,8,];False
6773;9645;16418;[81,42,15,3,110,5,6,2,85,14,187,11,134,13,9,199,65,17,72,19,172,194,22,23,24,25,140,7,43,29,30,74,12,33,34,185,36,37,38,39,40,165,151,52,163,45,46,47,48,49,149,197,28,53,54,55,56,107,58,59,93,61,62,63,64,16,66,67,127,69,70,71,18,73,98,75,159,77,89,84,80,160,82,83,79,27,68,87,88,146,90,91,92,102,94,162,96,97,31,99,105,101,60,192,104,195,135,26,108,181,41,128,112,113,190,10,173,164,118,119,4,121,122,123,115,125,126,182,111,129,130,156,132,32,133,106,136,137,138,20,196,141,189,116,144,145,109,147,148,50,150,117,152,153,175,155,131,157,158,171,0,154,95,57,86,120,166,167,139,169,170,114,168,124,174,1,176,177,178,179,180,198,161,183,184,35,186,143,188,142,44,191,103,193,21,100,76,51,78,8,];False
6766;9650;16416;[81,42,15,3,110,5,6,2,85,14,187,11,134,13,9,199,65,17,72,19,172,194,22,23,24,25,140,7,43,29,30,74,12,33,34,185,36,37,38,39,40,165,151,52,163,45,46,47,48,49,149,51,28,53,54,55,56,107,58,59,93,61,62,63,64,16,66,67,127,69,70,71,18,73,98,75,159,77,89,84,80,160,82,83,79,27,68,87,88,146,90,91,92,102,94,162,96,97,31,99,105,101,60,192,104,195,135,26,108,181,41,128,112,113,190,10,173,164,118,119,4,121,122,123,115,125,198,182,111,129,130,156,132,32,133,106,136,137,138,20,196,141,189,116,144,145,109,147,148,50,150,117,152,153,175,155,131,157,158,171,0,154,95,57,86,120,166,167,139,169,170,114,168,124,174,1,176,177,178,179,180,126,161,183,184,35,186,143,188,142,44,191,103,193,21,100,76,197,78,8,];False
6774;9635;16409;[81,42,15,3,110,5,6,2,85,14,187,11,134,13,9,199,65,17,72,19,172,194,22,23,24,25,140,7,43,29,30,74,12,33,34,185,36,37,38,39,40,178,151,52,163,45,46,47,48,49,149,51,28,53,54,55,56,107,58,59,93,61,62,63,64,16,66,67,127,69,70,71,18,73,98,75,159,77,89,84,80,160,82,83,79,27,68,87,88,146,90,91,92,102,94,162,96,97,31,99,105,101,60,192,104,195,135,26,108,181,41,128,112,113,190,10,173,164,118,119,4,121,122,123,115,125,126,182,111,129,130,156,132,32,133,106,136,137,138,20,196,141,189,116,144,145,109,147,148,50,150,117,152,153,175,155,131,157,158,171,0,154,95,57,86,120,166,167,139,169,170,114,168,124,174,1,176,177,165,179,180,198,161,183,184,35,186,143,188,142,44,191,103,193,21,100,76,197,78,8,];False
6794;9613;16407;[81,42,30,3,110,5,6,2,85,14,187,11,134,13,9,199,65,17,72,19,172,194,22,23,24,25,140,7,43,29,15,74,12,33,34,185,36,37,38,39,40,165,151,52,163,45,46,47,48,49,149,51,28,53,54,55,56,167,58,59,93,61,62,63,64,16,66,67,127,69,70,71,18,73,98,75,159,77,89,84,80,160,82,83,79,27,68,87,88,146,90,91,92,102,94,162,96,97,31,99,105,101,60,192,104,195,135,26,108,181,41,128,112,113,190,10,173,164,118,119,4,121,122,123,115,125,126,182,111,129,130,156,132,32,133,106,136,137,138,20,196,141,189,116,144,145,109,147,148,50,150,117,152,153,175,155,131,157,158,171,0,154,95,57,86,120,166,143,139,169,170,114,168,124,174,1,176,177,178,179,180,198,161,183,184,35,186,107,188,142,44,191,103,193,21,100,76,197,78,8,];False
6730;9668;16398;[81,42,15,3,110,66,6,2,85,14,187,11,134,13,9,199,65,17,72,19,172,194,22,23,24,25,140,7,43,29,30,74,12,33,34,185,36,37,38,39,40,165,151,52,163,45,46,47,48,49,149,51,28,53,54,55,56,167,58,59,93,61,62,63,64,16,5,67,127,69,70,71,18,73,98,75,159,77,89,84,80,160,82,83,79,27,68,87,88,146,90,91,92,102,94,162,96,97,31,99,105,101,60,192,104,195,135,26,108,181,41,128,112,113,190,10,173,164,118,119,4,121,122,123,115,125,126,182,111,129,130,156,132,32,133,106,136,137,138,20,196,141,189,116,144,145,109,147,148,50,150,117,152,153,175,155,131,157,158,171,0,154,95,57,86,120,166,143,139,169,170,114,168,124,174,1,176,177,178,179,180,198,161,183,184,35,186,107,188,142,44,191,103,193,21,100,76,197,78,8,];False
6734;9662;16396;[81,42,15,3,110,5,6,2,85,14,187,11,134,13,9,199,65,17,72,19,172,194,22,23,24,25,140,7,43,29,30,74,12,33,34,185,36,37,38,39,40,165,151,52,163,45,46,47,48,49,149,51,28,53,54,55,56,167,58,59,93,61,62,63,64,16,66,67,127,69,70,71,18,73,98,75,159,77,89,84,80,160,82,83,79,27,68,87,88,146,90,91,92,102,94,162,96,97,31,99,105,101,60,192,104,195,135,26,108,181,41,128,112,113,190,10,173,164,118,119,4,121,122,123,115,125,126,182,111,129,130,156,132,32,133,106,136,137,138,20,196,141,189,116,144,145,109,147,148,50,150,117,0,153,175,155,131,157,158,171,152,154,95,57,86,120,166,143,139,169,170,114,168,124,174,1,176,177,178,179,180,198,161,183,184,35,186,107,188,142,44,191,103,193,21,100,76,197,78,8,];False
6742;9652;16394;[81,42,15,3,110,5,6,2,85,14,187,11,134,13,9,199,65,17,72,19,172,194,22,23,24,25,140,7,43,29,30,74,12,33,34,185,36,37,38,39,40,165,151,52,163,45,46,47,48,49,149,51,28,53,54,55,56,107,58,59,93,61,62,63,64,16,66,121,127,69,70,71,18,73,98,75,159,77,89,84,80,160,82,83,79,27,68,87,88,146,90,91,92,102,94,162,96,97,31,99,105,101,60,192,104,195,135,26,108,181,41,128,112,113,190,10,173,164,118,119,4,67,122,123,115,125,126,182,111,129,130,156,132,32,133,106,136,137,138,20,196,141,189,116,144,145,109,147,148,50,150,117,152,153,175,155,131,157,158,171,0,154,95,57,86,120,166,167,139,169,170,114,168,124,174,1,176,177,178,179,180,198,161,183,184,35,186,143,188,142,44,191,103,193,21,100,76,197,78,8,];False
6758;9632;16390;[81,42,15,3,110,5,6,2,85,14,187,11,134,13,9,199,65,17,72,19,172,194,22,23,24,25,140,7,43,29,30,74,12,33,34,185,36,37,21,39,40,165,151,52,163,45,46,47,48,49,149,51,28,53,54,55,56,143,58,59,93,61,62,63,64,16,66,67,127,69,70,71,18,73,98,75,159,77,89,84,80,160,82,83,79,27,68,87,88,146,90,91,92,102,94,162,96,97,31,99,105,101,60,192,104,195,135,26,108,181,41,128,112,113,190,10,173,164,118,119,4,121,122,123,115,125,126,182,111,129,130,156,132,32,133,106,136,137,138,20,196,141,189,116,144,145,109,147,148,50,150,117,152,153,175,155,131,157,158,171,0,154,95,57,86,120,166,167,139,169,170,114,168,124,174,1,176,177,178,179,180,198,161,183,184,35,186,107,188,142,44,191,103,193,38,100,76,197,78,8,];False
6731;9658;16389;[81,42,15,3,110,5,6,2,85,14,187,11,134,13,9,199,65,17,72,19,172,194,22,23,24,25,140,7,43,29,30,74,12,33,34,185,36,37,38,39,40,165,151,52,163,45,46,47,48,49,149,51,28,53,54,55,56,143,58,59,93,61,62,63,64,16,66,67,127,69,70,71,18,73,98,75,159,77,89,84,80,160,82,83,79,27,68,87,88,146,90,91,92,102,94,162,96,97,31,99,105,101,60,192,104,195,135,26,108,181,41,128,174,113,190,10,173,164,118,119,4,121,122,123,115,125,126,182,111,129,130,156,132,32,133,106,136,137,138,20,196,141,189,116,144,145,109,147,148,50,150,117,152,153,175,155,131,157,158,171,0,154,95,57,86,120,166,167,139,169,170,114,168,124,112,1,176,177,178,179,180,198,161,183,184,35,186,107,188,142,44,191,103,193,21,100,76,197,78,8,];False
6747;9637;16384;[81,42,15,3,110,5,6,163,85,14,187,11,134,13,9,199,65,17,72,19,172,194,22,23,24,25,140,7,43,29,30,74,12,33,34,185,36,37,38,39,40,165,151,52,2,45,46,47,48,49,149,51,28,53,54,55,56,167,58,59,93,61,62,63,64,16,66,67,127,69,70,71,18,73,98,75,159,77,89,84,80,160,82,83,79,27,68,87,88,146,90,91,92,102,94,162,96,97,31,99,105,101,60,192,104,195,135,26,108,181,41,128,112,113,190,10,173,164,118,119,4,121,122,123,115,125,126,182,111,129,130,156,132,32,133,106,136,137,138,20,196,141,189,116,144,145,109,147,148,50,150,117,152,153,175,155,131,157,158,171,0,154,95,57,86,120,166,143,139,169,170,114,168,124,174,1,176,177,178,179,180,198,161,183,184,35,186,107,188,142,44,191,103,193,21,100,76,197,78,8,];False
6746;9636;16382;[81,42,15,3,110,5,6,2,85,14,187,11,134,13,9,95,65,17,72,19,172,194,22,23,24,25,140,7,43,29,30,74,12,33,34,185,36,37,38,39,40,165,151,52,163,45,46,47,48,49,149,51,28,53,54,55,56,167,58,59,93,61,62,63,64,16,66,67,127,69,70,71,18,73,98,75,159,77,89,84,80,160,82,83,79,76,68,87,88,146,90,91,92,102,94,162,96,97,31,99,105,101,60,192,104,195,135,26,108,181,41,128,112,113,190,10,173,164,118,119,4,121,122,123,115,125,126,182,111,129,130,156,132,32,133,106,136,137,138,20,196,141,189,116,144,145,109,147,148,50,150,117,152,153,175,155,131,157,158,171,0,154,199,57,86,120,166,143,139,169,170,114,168,124,174,1,176,177,178,179,180,198,161,183,184,35,186,107,188,142,44,191,103,193,21,100,27,197,78,8,];False
6727;9653;16380;[81,42,15,3,110,5,6,2,85,14,187,11,134,13,9,199,65,17,72,19,172,194,22,23,24,25,140,7,43,29,30,74,12,33,34,185,36,37,38,39,40,165,151,52,163,45,46,47,48,49,149,51,28,53,54,55,56,167,58,59,93,61,62,63,64,16,66,67,127,69,70,71,18,73,98,75,159,77,89,84,80,160,82,83,79,76,68,87,88,146,90,91,92,102,94,162,96,97,31,99,105,101,60,192,104,195,135,26,108,181,41,128,112,113,190,10,173,164,118,119,4,121,122,123,115,125,126,182,111,129,130,156,132,32,133,106,136,137,138,20,196,141,189,116,144,145,109,147,148,50,150,117,152,153,175,155,131,157,158,171,0,154,95,57,86,120,166,143,139,169,170,114,168,124,174,142,176,177,178,179,180,198,161,183,184,35,186,107,188,1,44,191,103,193,21,100,27,197,78,8,];False
6766;9613;16379;[81,42,15,3,110,5,6,2,85,14,187,11,134,13,9,199,65,17,72,19,172,194,22,23,24,25,140,7,43,29,30,74,12,33,34,185,36,37,38,39,40,165,151,52,163,45,46,47,48,49,149,51,28,53,54,55,56,107,58,59,93,61,62,63,64,16,66,67,127,69,70,71,18,73,98,75,159,77,89,84,80,160,82,83,79,27,68,87,88,146,90,126,92,102,94,162,96,97,31,99,105,101,60,192,104,195,135,26,108,181,41,128,112,113,190,10,173,164,118,119,4,121,122,123,115,125,91,182,111,129,130,156,132,32,133,106,136,137,138,20,196,141,189,116,144,145,109,147,148,50,150,117,152,153,175,155,131,157,158,171,0,154,95,57,86,120,166,167,139,169,170,114,168,124,174,1,176,177,178,179,180,198,161,183,184,35,186,143,188,142,44,191,103,193,21,100,76,197,78,8,];False
6725;9652;16377;[81,42,15,3,110,5,6,2,85,14,187,11,134,13,9,199,65,17,72,19,172,194,22,23,24,25,140,7,43,29,30,74,12,33,34,185,36,37,38,39,40,165,151,52,163,45,46,47,48,49,149,51,28,53,54,55,56,107,58,59,93,61,62,63,64,16,66,67,127,69,70,71,18,73,98,75,159,77,89,84,80,160,82,83,79,27,68,87,88,146,90,91,92,102,94,162,96,97,31,99,105,101,60,192,104,195,135,26,108,181,41,128,112,113,190,10,173,164,118,119,4,121,122,123,115,125,126,182,111,129,130,156,132,32,133,106,136,137,138,20,196,141,189,116,144,145,109,147,148,50,150,117,152,153,175,155,131,157,158,171,0,154,95,57,86,120,166,167,139,169,170,114,168,124,174,1,176,177,178,179,180,198,161,183,184,35,186,143,188,142,44,191,103,193,21,100,76,197,78,8,];False
6695;9663;16358;[81,42,15,3,110,5,6,2,85,14,179,11,134,13,9,199,65,17,72,19,172,194,22,23,24,25,140,7,43,29,30,74,12,33,34,185,36,37,38,39,40,165,151,52,163,45,46,47,48,49,149,51,28,53,54,55,56,167,58,59,93,61,62,63,64,16,66,67,127,69,70,71,18,73,98,75,159,77,89,84,80,160,82,83,79,27,68,87,88,146,90,91,92,102,94,162,96,97,31,99,105,101,60,192,104,195,135,26,108,181,41,128,112,113,190,10,173,164,118,119,4,121,122,123,115,125,126,182,111,129,130,156,132,32,133,106,136,137,138,20,196,141,189,116,144,145,109,147,148,50,150,117,152,153,175,155,131,157,158,171,0,154,95,57,86,120,166,143,139,169,170,114,168,124,174,1,176,177,178,187,180,198,161,183,184,35,186,107,188,142,44,191,103,193,21,100,76,197,78,8,];False
6642;9705;16347;[81,42,15,3,110,5,6,2,85,14,187,11,134,13,9,199,65,17,72,19,172,194,22,23,24,25,140,7,43,29,30,74,12,33,34,185,36,37,38,39,40,165,151,52,163,45,46,47,48,49,149,51,28,53,54,55,56,167,58,59,93,61,62,63,64,16,66,67,127,69,70,71,18,73,98,75,159,77,89,84,80,160,82,83,79,27,68,87,88,146,90,91,92,102,94,162,96,97,31,99,105,101,60,192,104,195,135,26,108,181,41,128,112,113,190,10,173,164,118,119,4,121,122,123,115,125,126,182,111,129,130,156,132,32,133,106,136,137,138,20,196,141,189,116,144,145,109,147,148,50,150,117,152,153,175,155,131,157,158,171,0,154,95,57,86,120,166,143,139,169,170,114,100,124,174,1,176,177,178,179,180,198,161,183,184,35,186,107,188,142,44,191,103,193,21,168,76,197,78,8,];False
6682;9660;16342;[81,42,15,3,110,5,6,2,85,14,187,11,112,13,9,199,65,17,72,19,172,194,22,23,24,25,140,7,43,29,30,74,12,33,34,185,36,37,38,39,40,165,151,52,163,45,46,47,48,49,149,51,28,53,54,55,56,167,58,59,93,61,62,63,64,16,66,67,127,69,70,71,18,73,98,75,159,77,89,84,80,160,82,83,79,27,68,87,88,146,90,91,92,102,94,162,96,97,31,99,105,101,60,192,104,195,135,26,108,181,41,128,134,113,190,10,173,164,118,119,4,121,122,123,115,125,126,182,111,129,130,156,132,32,133,106,136,137,138,20,196,141,189,116,144,145,109,147,148,50,150,117,152,153,175,155,131,157,158,171,0,154,95,57,86,120,166,143,139,169,170,114,168,124,174,1,176,177,178,179,180,198,161,183,184,35,186,107,188,142,44,191,103,193,21,100,76,197,78,8,];False
6707;9630;16337;[81,42,15,3,110,5,6,2,85,14,187,11,134,13,9,199,65,17,72,19,172,194,22,23,24,25,140,7,43,29,30,74,12,33,34,185,36,37,38,39,40,165,151,52,163,45,46,47,48,49,149,51,28,53,54,55,56,167,58,59,93,61,62,63,64,16,66,67,127,69,70,71,18,73,98,75,159,77,89,84,80,160,82,83,79,27,68,87,88,146,90,91,92,102,94,162,96,97,182,99,105,101,60,192,104,195,135,26,108,181,41,128,112,113,190,10,173,164,118,119,4,121,122,123,115,125,126,31,111,129,130,156,132,32,133,106,136,137,138,20,196,141,189,116,144,145,109,147,148,50,150,117,152,153,175,155,131,157,158,171,0,154,95,57,86,120,166,143,139,169,170,114,168,124,174,1,176,177,178,179,180,198,161,183,184,35,186,107,188,142,44,191,103,193,21,100,76,197,78,8,];False
6734;9602;16336;[81,42,15,3,110,5,6,2,85,14,187,11,134,13,9,199,65,17,72,19,172,194,22,23,24,25,140,7,43,89,30,74,12,33,34,185,36,37,38,39,40,165,151,52,163,45,46,47,48,49,149,51,28,53,54,55,56,143,58,59,93,61,62,63,64,16,66,67,127,69,70,71,18,73,98,75,159,77,29,84,80,160,82,83,79,27,68,87,88,146,90,91,92,102,94,162,96,97,31,99,105,101,60,192,104,195,135,26,108,181,41,128,112,113,190,10,173,164,118,119,4,121,122,123,115,125,126,182,111,129,130,156,132,32,133,106,136,137,138,20,196,141,189,116,144,145,109,147,148,50,150,117,152,153,175,155,131,157,158,171,0,154,95,57,86,120,166,167,139,169,170,114,168,124,174,1,176,177,178,179,180,198,161,183,184,35,186,107,188,142,44,191,103,193,21,100,76,197,78,8,];False
6661;9672;16333;[81,42,15,3,110,5,6,2,85,14,187,11,134,13,9,199,65,17,72,19,172,194,22,23,24,25,140,7,43,29,30,74,12,33,34,185,36,37,38,39,40,165,151,52,163,45,46,47,48,49,149,51,28,53,54,55,56,167,58,59,93,61,62,63,64,16,66,67,127,69,70,71,18,73,98,75,159,77,89,84,80,160,82,83,79,27,68,87,88,146,90,91,92,102,94,162,96,97,31,99,105,101,60,192,104,195,135,26,168,181,41,128,112,113,190,10,173,164,118,119,4,121,122,123,115,125,126,182,111,129,130,156,132,32,133,106,136,137,138,20,196,141,189,116,144,145,109,147,148,50,150,117,152,153,175,155,131,157,158,171,0,154,95,57,86,120,166,143,139,169,170,114,108,124,174,1,176,177,178,179,180,198,161,183,184,35,186,107,188,142,44,191,103,193,21,100,76,197,78,8,];False
6671;9662;16333;[81,42,15,3,110,5,6,2,85,14,187,11,134,13,9,199,65,17,72,19,172,194,22,23,24,25,140,7,43,29,30,74,12,33,34,185,36,37,38,39,40,165,151,52,163,45,46,47,48,49,149,51,28,53,54,55,56,167,58,59,93,61,62,63,64,16,66,67,127,69,70,71,18,73,98,75,159,77,89,84,80,160,82,83,79,76,68,87,88,146,90,91,92,102,94,162,96,97,31,99,105,101,60,192,104,195,135,26,108,181,41,128,112,113,190,10,173,164,118,119,4,121,122,123,115,125,126,182,111,35,130,156,132,32,133,106,136,137,138,20,196,141,189,116,144,145,109,147,148,50,150,117,152,153,175,155,131,157,158,171,0,154,95,57,86,120,166,143,139,169,170,114,168,124,174,1,176,177,178,179,180,198,161,183,184,129,186,107,188,142,44,191,103,193,21,100,27,197,78,8,];False
6685;9647;16332;[81,42,15,3,110,5,6,2,85,14,187,11,134,13,189,199,65,17,72,19,172,194,22,23,24,25,140,7,43,29,30,74,12,33,34,185,36,37,38,39,40,165,151,52,163,45,46,47,48,49,149,51,28,53,54,55,56,167,58,59,93,61,62,63,64,16,66,67,127,69,70,71,18,73,98,75,159,77,89,84,80,160,82,83,79,27,68,87,88,146,90,91,92,102,94,162,96,97,31,99,105,101,60,192,104,195,135,26,108,181,41,128,112,113,190,10,173,164,118,119,4,121,122,123,115,125,126,182,111,129,130,156,132,32,133,106,136,137,138,20,196,141,9,116,144,145,109,147,148,50,150,117,152,153,175,155,131,157,158,171,0,154,95,57,86,120,166,143,139,169,170,114,168,124,174,1,176,177,178,179,180,198,161,183,184,35,186,107,188,142,44,191,103,193,21,100,76,197,78,8,];False
6640;9688;16328;[81,42,15,3,110,5,6,2,85,14,187,11,134,13,9,199,65,17,72,19,172,194,22,23,24,25,140,7,43,29,30,74,12,33,34,185,36,37,38,39,40,165,151,52,163,45,41,47,48,49,149,51,28,53,54,55,56,167,58,59,93,61,62,63,64,16,66,67,60,69,70,71,18,73,98,75,159,77,89,84,80,160,82,83,79,76,68,87,88,146,90,91,92,102,94,162,96,97,31,99,105,101,127,192,104,195,135,26,108,181,46,128,112,113,190,10,173,164,118,119,4,121,122,123,115,125,126,182,111,129,130,156,132,32,133,106,136,137,138,20,196,141,189,116,144,145,109,147,148,50,150,117,152,153,175,155,131,157,158,171,0,154,95,57,86,120,166,143,139,169,170,114,168,124,174,1,176,177,178,179,180,198,161,183,184,35,186,107,188,142,44,191,103,193,21,100,27,197,78,8,];False
6657;9669;16326;[81,42,15,3,110,5,6,2,85,14,187,11,134,13,9,199,65,17,72,19,172,194,22,23,24,25,140,7,43,29,30,74,12,33,34,185,36,37,38,39,40,165,151,52,163,45,46,47,48,49,149,51,28,53,54,55,56,167,58,59,93,61,62,63,64,16,66,67,127,69,70,71,18,73,98,75,159,77,89,84,80,160,82,83,79,27,68,87,88,146,90,91,92,102,94,162,96,97,31,99,105,101,60,192,104,195,135,26,108,181,41,128,112,113,190,10,122,164,118,119,4,121,173,123,115,125,126,182,111,129,130,156,132,32,133,106,136,137,138,20,196,141,189,116,144,145,109,147,148,50,150,117,152,153,175,155,131,157,158,171,0,154,95,57,86,120,166,143,139,169,170,114,168,124,174,1,176,177,178,179,180,198,161,183,184,35,186,107,188,142,44,191,103,193,21,100,76,197,78,8,];False
6648;9671;16319;[81,42,15,3,110,5,6,2,85,14,187,11,134,13,9,199,65,17,72,19,172,194,22,23,24,25,140,7,43,29,30,74,12,33,34,185,36,37,38,39,40,165,151,52,163,45,46,47,48,49,149,51,28,53,54,55,56,167,58,59,93,61,62,63,64,16,66,67,127,69,70,71,18,73,98,75,159,77,89,84,80,160,82,83,79,27,68,87,88,146,90,91,92,102,94,162,96,97,31,99,105,101,60,192,104,195,135,26,108,181,41,128,112,113,190,10,158,164,118,119,4,121,122,123,115,125,126,182,111,129,130,156,132,32,133,106,136,137,138,20,196,141,189,116,144,145,109,147,148,50,150,117,152,153,175,155,131,157,173,171,0,154,95,57,86,120,166,143,139,169,170,114,168,124,174,1,176,177,178,179,180,198,161,183,184,35,186,107,188,142,44,191,103,193,21,100,76,197,78,8,];False
6654;9657;16311;[81,42,15,3,110,5,6,2,24,14,187,11,134,13,9,199,65,17,72,19,172,194,22,23,85,25,140,7,43,29,30,74,12,33,34,185,36,37,38,39,40,165,151,52,163,45,46,47,48,49,149,51,28,53,54,55,56,167,58,59,93,61,62,63,64,16,66,67,127,69,70,71,18,73,98,75,159,77,89,84,80,160,82,83,79,27,68,87,88,146,90,91,92,102,94,162,96,97,31,99,105,101,60,192,104,195,135,26,108,181,41,128,112,113,190,10,173,164,118,119,4,121,122,123,115,125,126,182,111,129,130,156,132,32,133,106,136,137,138,20,196,141,189,116,144,145,109,147,148,50,150,117,152,153,175,155,131,157,158,171,0,154,95,57,86,120,166,143,139,169,170,114,168,124,174,1,176,177,178,179,180,198,161,183,184,35,186,107,188,142,44,191,103,193,21,100,76,197,78,8,];False
6692;9618;16310;[81,42,15,3,110,5,6,2,85,14,187,11,134,13,9,199,65,17,72,19,172,194,22,23,24,25,140,7,43,29,30,74,12,33,34,185,36,37,38,39,40,165,151,52,163,45,46,47,48,49,149,51,28,53,54,55,56,143,58,59,93,61,62,63,64,16,66,67,127,69,70,71,18,73,98,75,159,77,89,84,80,160,82,83,79,27,68,87,88,146,90,91,92,102,94,162,96,97,31,99,105,101,60,192,104,195,135,26,108,181,41,128,112,113,190,10,173,164,118,119,4,121,122,123,115,125,126,182,111,129,130,156,132,32,133,106,136,137,138,20,196,141,189,116,144,145,109,147,148,50,150,117,152,153,175,155,131,157,158,171,0,154,95,57,86,120,166,167,139,169,170,114,168,124,174,1,176,177,178,179,180,198,161,183,184,35,186,107,188,142,44,191,103,193,21,100,76,197,78,8,];False
6691;9610;16301;[81,42,15,3,110,5,6,2,85,14,187,11,134,13,9,199,65,17,72,19,172,194,22,23,24,25,140,7,43,29,30,74,12,33,34,185,36,37,38,39,40,165,151,52,163,45,46,47,48,49,149,51,28,53,54,55,56,167,58,59,93,61,62,63,64,16,66,67,127,69,70,71,18,73,98,75,159,77,89,84,80,160,82,83,79,76,68,87,88,146,90,91,92,102,94,162,96,97,31,99,180,101,60,192,104,195,135,26,108,181,41,128,112,113,190,10,173,164,118,119,4,121,122,123,115,125,126,182,111,129,130,156,132,32,133,106,136,137,138,20,196,141,189,116,144,145,109,147,148,50,150,117,152,153,175,155,131,157,158,171,0,154,95,57,86,120,166,143,139,169,170,114,168,124,174,1,176,177,178,179,105,198,161,183,184,35,186,107,188,142,44,191,103,193,21,100,27,197,78,8,];False
6634;9662;16296;[81,42,15,3,110,5,6,2,85,14,187,11,134,13,9,199,65,17,72,19,172,194,22,23,24,25,140,7,43,29,30,74,12,33,34,185,36,37,38,39,40,165,151,52,163,45,46,47,48,49,149,51,28,53,54,55,56,167,58,59,93,61,62,63,64,16,66,67,127,69,70,71,18,73,98,75,159,77,89,84,80,160,82,83,79,27,68,87,88,146,90,91,92,102,94,162,96,97,31,99,105,101,60,192,104,195,135,26,108,181,41,128,112,113,190,10,173,164,118,119,4,121,122,123,115,125,126,182,111,129,130,156,132,32,133,106,136,137,138,20,196,141,189,116,144,145,109,147,148,50,150,117,152,153,175,155,131,157,158,171,0,154,95,57,86,120,166,143,139,169,170,114,168,124,174,1,176,177,178,179,180,198,161,183,184,35,186,107,188,142,44,191,103,193,21,100,76,197,78,8,];False
6617;9677;16294;[81,42,15,3,110,5,6,2,85,14,187,11,134,13,9,199,65,17,72,19,172,194,22,23,24,25,140,7,43,29,30,74,12,33,34,185,36,37,38,94,40,165,151,52,163,45,46,47,48,49,149,51,28,53,54,55,56,167,58,59,93,61,62,63,64,16,66,67,60,69,70,71,18,73,98,190,159,77,89,84,80,108,82,83,79,76,68,87,88,146,90,91,92,102,39,162,96,97,31,99,105,101,127,192,104,195,135,26,160,181,41,128,112,113,75,10,173,164,118,119,4,121,122,123,115,125,126,182,111,129,130,156,132,32,133,106,136,137,138,20,196,141,189,116,144,145,109,147,148,50,150,117,152,153,175,155,131,157,158,171,0,154,95,57,86,120,166,143,139,169,170,114,168,124,174,1,176,177,178,179,180,198,161,183,184,35,186,107,188,142,44,191,103,193,21,100,27,197,78,8,];False
6609;9679;16288;[81,42,15,3,110,5,6,2,85,14,187,11,134,13,9,199,65,17,72,19,172,194,22,23,24,25,140,7,43,29,30,74,12,33,34,185,36,37,38,39,40,165,151,52,163,45,139,47,48,49,149,51,28,53,54,55,56,167,58,59,93,61,62,63,64,16,66,67,60,69,70,71,18,73,98,75,159,77,89,84,80,160,82,83,79,76,68,87,88,146,90,91,92,102,94,162,96,97,31,99,105,101,127,192,104,195,135,26,108,181,41,128,112,113,190,10,173,164,118,119,4,121,122,123,115,125,126,182,111,129,130,156,132,32,133,106,136,137,138,20,196,141,189,116,144,145,109,147,148,50,150,117,152,153,175,155,131,157,158,171,0,154,95,57,86,120,166,143,46,169,170,114,168,124,174,1,176,177,178,179,180,198,161,183,184,35,186,107,188,142,44,191,103,193,21,100,27,197,78,8,];False
6635;9653;16288;[81,42,15,3,110,5,6,2,85,14,187,11,134,13,9,199,65,17,72,19,172,132,22,23,24,25,140,7,43,29,30,74,12,33,34,185,36,37,38,39,40,165,151,52,163,45,46,47,48,49,149,51,28,53,54,55,56,167,58,59,93,61,62,63,64,16,66,67,60,69,70,71,18,73,98,75,159,77,89,84,80,160,82,83,79,76,68,87,88,146,90,91,92,102,94,162,96,97,31,99,105,101,127,192,104,195,135,26,108,181,41,128,112,113,190,10,173,164,118,119,4,121,122,123,115,125,126,182,111,129,130,156,194,32,133,106,136,137,138,20,196,141,189,116,144,145,109,147,148,50,150,117,152,153,175,155,131,157,158,171,0,154,95,57,86,120,166,143,139,169,170,114,168,124,174,1,176,177,178,179,180,198,161,183,184,35,186,107,188,142,44,191,103,193,21,100,27,197,78,8,];False
6643;9635;16278;[81,42,15,3,110,5,6,2,85,14,187,11,134,13,9,199,65,17,72,19,172,194,22,23,24,25,140,7,43,29,30,74,12,33,34,185,36,37,38,39,40,165,151,52,163,45,46,47,48,49,149,51,28,53,54,55,56,167,58,59,93,61,62,63,64,16,66,67,127,69,70,71,18,73,98,75,159,182,89,84,80,160,82,83,79,76,68,87,88,146,90,91,92,102,94,162,96,97,31,99,105,101,60,192,104,195,135,26,108,181,41,128,112,113,190,10,173,164,118,119,4,121,122,123,115,125,126,77,111,129,130,156,132,32,133,106,136,137,138,20,196,141,189,116,144,145,109,147,148,50,150,117,152,153,175,155,131,157,158,171,0,154,95,57,86,120,166,143,139,169,170,114,168,124,174,1,176,177,178,179,180,198,161,183,184,35,186,107,188,142,44,191,103,193,21,100,27,197,78,8,];False
6617;9659;16276;[81,42,15,3,110,5,6,2,85,14,187,11,134,13,9,199,65,17,72,19,172,194,22,23,24,25,140,7,43,29,30,74,12,33,34,185,36,37,38,39,40,165,151,52,163,45,46,47,48,49,149,51,28,53,54,55,56,167,58,59,93,61,62,63,64,16,66,67,127,69,70,71,18,73,98,75,159,77,89,84,80,160,82,83,79,76,68,87,88,146,90,91,92,102,94,162,96,97,31,99,105,101,60,192,104,195,135,26,108,181,41,128,112,113,190,10,173,164,118,119,4,121,122,123,115,125,126,182,111,129,130,156,132,32,133,106,136,137,138,20,196,141,189,116,144,145,109,147,148,50,150,117,152,153,175,155,131,157,158,171,0,154,95,57,86,120,166,143,139,169,170,114,168,124,174,1,176,177,178,179,180,198,161,183,184,35,186,107,188,142,44,191,103,193,21,100,27,197,78,8,];False
6605;9660;16265;[81,42,15,3,110,5,6,2,85,14,187,11,134,13,9,199,65,17,72,19,172,194,22,23,24,25,140,7,43,29,30,74,12,33,34,185,36,37,38,39,40,165,151,52,163,45,46,47,48,49,149,51,28,53,164,55,56,167,58,59,93,61,62,63,64,16,66,67,60,69,70,71,18,73,98,75,159,77,89,84,80,108,82,83,79,76,68,87,88,146,90,91,92,102,94,162,96,97,31,99,105,101,127,192,104,195,135,26,160,181,41,128,112,113,190,10,173,54,118,119,4,121,122,123,115,125,126,182,111,129,130,156,132,32,133,106,136,137,138,20,196,141,189,116,144,145,109,147,148,50,150,117,152,153,175,155,131,157,158,171,0,154,95,57,86,120,166,143,139,169,170,114,168,124,174,1,176,177,178,179,180,198,161,183,184,35,186,107,188,142,44,191,103,193,21,100,27,197,78,8,];False
6694;9563;16257;[81,42,15,3,110,5,6,2,85,14,187,11,134,13,9,199,65,17,72,19,172,194,22,23,24,25,140,7,43,29,30,74,12,33,34,185,36,37,38,39,40,165,151,52,163,45,46,47,48,49,149,51,28,53,54,55,56,143,58,59,93,61,62,63,64,16,66,67,162,69,70,71,18,73,98,75,159,77,89,84,80,160,82,83,79,27,68,87,88,146,90,91,92,102,94,127,96,97,31,99,105,101,60,192,104,195,135,26,108,181,41,128,112,113,190,10,173,164,118,119,4,121,122,123,115,125,126,182,111,129,130,156,132,32,133,106,136,137,138,20,196,141,189,116,144,145,109,147,148,50,150,117,152,153,175,155,131,157,158,171,0,154,95,57,86,120,166,167,139,169,170,114,168,124,174,1,176,177,178,179,180,198,161,183,184,35,186,107,188,142,44,191,103,193,21,100,76,197,78,8,];False
6623;9623;16246;[81,42,15,3,110,5,6,2,85,14,187,11,134,13,9,199,65,17,72,19,172,194,22,23,24,25,140,7,43,29,30,74,12,33,34,185,36,37,38,94,40,165,151,52,163,45,116,47,48,49,149,167,28,53,54,55,56,51,58,59,93,61,62,63,64,16,66,67,60,69,70,71,18,73,98,75,159,77,89,84,80,108,82,83,79,76,68,87,88,146,90,91,92,102,39,162,96,97,31,99,105,101,127,192,104,195,135,26,160,181,41,128,112,113,190,10,173,164,118,119,4,121,122,123,115,125,126,182,111,129,130,156,132,32,133,106,136,137,155,20,196,141,189,46,144,145,109,147,148,50,150,117,152,153,175,138,131,157,158,171,0,154,95,57,86,120,166,143,139,169,170,114,168,124,174,1,176,177,178,179,180,198,161,183,184,35,186,107,188,142,44,191,103,193,21,100,27,197,78,8,];False
6531;9689;16220;[81,42,15,3,110,5,6,2,85,14,187,11,134,13,9,199,65,17,72,19,172,194,22,23,24,25,140,7,43,29,30,74,12,33,34,185,36,37,38,94,40,165,151,52,163,45,116,47,48,49,149,51,28,53,54,55,56,167,58,59,93,61,62,63,64,16,66,67,60,69,70,71,18,73,98,75,159,77,89,84,80,108,82,83,79,76,68,46,88,146,90,91,92,102,39,162,96,97,31,99,105,101,127,192,104,195,135,26,160,181,41,128,112,113,190,10,173,164,118,119,4,121,122,123,115,125,126,182,111,129,130,156,132,32,133,106,136,137,138,20,196,141,189,87,144,145,109,147,148,50,150,117,152,153,175,155,131,157,158,171,0,154,95,57,86,120,166,143,139,169,170,114,168,124,174,1,176,177,178,179,180,198,161,183,184,35,186,107,188,142,44,191,103,193,21,100,27,197,78,8,];False
6539;9679;16218;[81,42,15,3,110,5,6,2,85,14,187,11,134,13,9,199,65,17,72,19,172,194,22,23,24,25,140,7,43,29,30,74,12,33,34,185,36,37,38,39,40,165,151,52,163,45,46,47,48,49,149,51,28,53,54,55,56,167,58,59,93,61,62,63,64,16,66,67,60,69,70,71,18,73,98,75,159,77,89,84,80,160,82,83,79,76,68,87,88,146,90,91,92,102,94,162,96,97,31,99,105,101,127,192,104,195,135,26,108,181,41,128,112,113,190,10,173,164,118,119,4,121,122,123,115,125,126,182,111,129,130,156,132,32,133,106,136,137,138,20,196,141,189,116,144,145,109,147,148,50,150,117,152,153,175,155,131,157,158,171,0,154,95,57,86,120,166,143,139,169,170,114,168,124,174,1,176,177,178,179,180,198,161,183,184,35,186,107,188,142,44,191,103,193,21,100,27,197,78,8,];False
6558;9651;16209;[81,42,15,3,110,5,6,2,85,14,187,11,134,13,9,199,65,17,72,19,172,194,22,23,24,25,140,7,43,29,30,74,12,33,34,185,36,37,38,39,40,165,151,52,163,45,46,47,48,49,149,51,28,53,54,55,56,167,58,59,93,61,62,63,64,16,66,67,60,69,70,71,18,73,164,75,159,77,89,84,80,108,82,83,79,76,68,87,88,146,90,91,92,102,94,162,96,97,31,99,105,101,127,192,104,195,135,26,160,181,41,128,112,113,190,10,173,98,118,119,4,121,122,123,115,125,126,182,111,129,130,156,132,32,133,106,136,137,138,20,196,141,189,116,144,145,109,147,148,50,150,117,152,153,175,155,131,157,158,171,0,154,95,57,86,120,166,143,139,169,170,114,168,124,174,1,176,177,178,179,180,198,161,183,184,35,186,107,188,142,44,191,103,193,21,100,27,197,78,8,];False
6588;9610;16198;[81,42,71,3,110,5,6,2,85,14,187,11,134,13,9,199,65,17,72,19,172,194,22,23,24,25,140,7,43,29,30,74,12,33,34,185,36,37,38,94,40,165,151,52,163,45,116,47,48,49,149,167,28,53,54,55,56,51,58,59,93,61,62,63,64,16,66,67,60,69,70,15,18,73,98,75,159,77,89,84,80,108,82,83,79,76,68,87,88,146,90,91,100,102,39,162,96,97,31,99,115,101,127,192,104,195,135,26,160,181,41,128,112,113,190,10,173,164,118,119,4,121,122,123,105,125,126,182,111,129,130,156,132,32,133,106,136,137,138,20,196,141,189,46,144,145,109,147,148,50,150,117,152,153,175,155,131,157,158,171,0,154,95,57,86,120,166,143,139,169,170,114,168,124,174,1,176,177,178,179,180,198,161,183,184,35,186,107,188,142,44,191,103,193,21,92,27,197,78,8,];False
6503;9687;16190;[81,42,15,3,110,5,6,2,85,14,187,11,134,13,9,199,65,17,72,19,172,194,22,23,24,25,140,7,43,29,30,74,12,33,34,185,36,37,38,39,40,165,151,52,163,45,46,47,48,49,149,51,28,53,54,55,56,167,58,59,93,61,62,153,64,16,66,67,60,69,70,71,18,73,98,75,159,77,89,84,80,108,82,83,79,76,68,87,88,146,90,91,92,102,94,162,96,97,31,99,105,101,127,192,104,195,135,26,160,181,41,128,112,113,190,10,173,164,118,119,4,121,122,123,115,125,126,182,111,129,130,156,132,32,133,106,136,137,138,20,196,141,189,116,144,145,109,147,148,50,150,117,152,63,175,155,131,157,158,171,0,154,95,57,86,120,166,143,139,169,170,114,168,124,174,1,176,177,178,179,180,198,161,183,184,35,186,107,188,142,44,191,103,193,21,100,27,197,78,8,];False
6505;9682;16187;[81,42,15,3,110,5,6,2,85,14,187,11,134,13,9,199,65,17,72,19,172,194,22,23,24,25,140,7,43,29,30,74,12,33,34,185,36,37,38,39,40,165,151,52,163,45,46,47,48,49,149,51,28,53,54,55,56,167,58,59,93,61,62,63,64,16,66,67,60,69,70,71,18,73,98,75,159,77,89,84,80,108,82,83,79,76,68,87,88,146,90,91,92,102,94,162,96,97,31,99,105,101,127,192,104,195,135,26,160,181,41,128,112,113,190,10,173,164,118,119,4,121,122,123,115,125,126,182,111,129,130,147,132,32,133,106,136,137,138,20,196,141,189,116,144,145,109,156,148,50,150,117,152,153,175,155,131,157,158,171,0,154,95,57,86,120,166,143,139,169,170,114,168,124,174,1,176,177,178,179,180,198,161,183,184,35,186,107,188,142,44,191,103,193,21,100,27,197,78,8,];False
6598;9583;16181;[81,42,15,3,110,5,6,2,85,14,187,11,134,174,9,199,65,17,72,19,172,194,22,23,24,25,140,7,43,29,30,74,12,33,34,185,36,37,38,94,40,165,151,52,163,45,116,47,48,49,149,167,28,53,54,55,56,51,58,59,93,61,62,63,64,16,66,67,60,69,70,71,18,73,98,75,159,77,89,84,80,108,82,83,79,76,68,87,88,146,90,91,92,102,39,162,96,97,31,99,115,101,127,192,104,195,135,26,160,181,41,128,112,113,190,10,173,164,118,119,4,121,122,123,105,125,126,182,111,129,130,156,132,32,133,106,136,137,138,20,196,141,189,46,144,145,109,147,148,50,150,117,152,153,175,155,131,157,158,171,0,154,95,57,86,120,166,143,139,169,170,114,168,124,13,1,176,177,178,179,180,198,161,183,184,35,186,107,188,142,44,191,103,193,21,100,27,197,78,8,];False
6503;9674;16177;[81,42,15,3,110,5,6,2,85,14,187,11,134,13,9,199,65,17,72,19,172,194,22,23,24,25,140,7,43,29,30,74,12,33,34,185,36,37,38,39,40,165,151,52,163,45,46,47,48,49,149,51,28,53,54,55,56,167,58,59,93,61,62,63,64,16,66,67,60,69,70,71,18,73,98,75,159,77,89,84,80,108,82,83,79,76,68,87,88,146,90,91,92,102,94,162,96,97,31,99,105,101,127,192,104,195,135,26,160,181,41,128,112,113,190,10,173,164,118,119,4,121,122,123,115,125,126,182,111,129,130,156,132,32,133,106,136,137,138,20,196,141,189,116,144,145,109,147,148,50,150,117,152,153,175,155,131,157,158,171,0,154,95,57,86,120,166,143,139,169,170,114,168,124,174,1,176,177,178,179,180,198,161,183,184,35,186,107,188,142,44,191,103,193,21,100,27,197,78,8,];False
6563;9580;16143;[81,42,15,3,110,5,6,2,85,14,187,11,134,13,9,199,65,17,72,19,172,194,22,23,24,25,140,7,43,29,135,74,12,33,34,185,36,37,38,39,40,165,151,52,163,45,46,47,48,49,149,51,28,53,54,55,56,167,58,59,93,61,62,63,64,16,66,67,60,69,70,71,18,73,98,75,159,77,89,84,80,108,82,83,79,76,68,87,88,146,90,91,92,102,94,162,96,97,31,99,105,101,127,192,104,195,30,26,160,181,41,128,112,113,190,10,173,164,118,119,4,121,122,123,115,125,126,182,111,129,130,156,132,32,133,106,136,137,138,20,196,141,189,116,144,145,109,147,148,50,150,117,152,153,175,155,131,157,158,171,0,154,95,57,86,120,166,143,139,169,170,114,168,124,174,1,176,177,178,179,180,198,161,183,184,35,186,107,188,142,44,191,103,193,21,100,27,197,78,8,];False
6534;9609;16143;[81,42,15,3,110,5,6,2,85,14,187,11,134,13,9,199,65,17,72,19,172,194,22,23,24,25,140,7,43,29,30,74,12,33,34,185,36,37,38,94,40,165,151,52,163,45,116,47,48,49,149,167,28,53,54,55,56,51,58,59,93,61,62,63,64,16,66,67,60,69,70,71,18,73,98,75,159,77,89,84,80,108,82,83,79,76,68,87,88,146,90,91,92,102,39,162,96,97,31,99,115,101,127,192,104,195,135,26,160,181,41,128,112,113,190,10,173,164,118,119,4,121,122,123,105,125,126,182,111,129,130,156,132,32,133,106,136,137,138,20,196,141,189,46,144,145,109,147,148,50,150,117,152,153,175,155,131,157,158,171,0,154,95,57,86,120,166,143,139,169,170,114,168,124,1,174,176,177,178,179,180,198,161,183,184,35,186,107,188,142,44,191,103,193,21,100,27,197,78,8,];False
6532;9594;16126;[81,24,15,3,110,5,6,2,85,14,187,11,134,13,9,199,65,17,72,19,172,194,22,23,42,25,140,7,43,29,30,74,12,33,34,185,36,37,38,94,40,165,151,52,163,45,116,47,48,49,149,167,28,53,54,55,56,51,58,59,93,61,62,63,64,16,66,67,60,69,70,71,18,73,98,75,159,77,89,84,80,108,82,83,79,76,68,87,88,146,90,91,92,102,39,162,96,97,31,99,115,101,127,192,104,195,135,26,160,181,41,128,112,113,190,10,173,164,118,119,4,121,122,123,105,125,126,182,111,129,130,156,132,32,133,106,136,137,138,20,196,141,189,46,144,145,109,147,148,50,150,117,152,153,175,155,131,157,158,171,0,154,95,57,86,120,166,143,139,169,170,114,168,124,174,1,176,177,178,179,180,198,161,183,184,35,186,107,188,142,44,191,103,193,21,100,27,197,78,8,];False
6477;9649;16126;[81,42,15,3,110,47,6,2,85,14,187,11,134,13,9,199,65,17,72,19,172,194,22,23,24,25,140,7,43,29,30,74,12,33,34,185,36,37,38,94,40,165,151,52,163,45,116,5,48,49,149,167,28,53,54,55,56,51,58,59,93,61,62,63,64,16,66,67,60,69,70,71,18,73,98,75,159,77,89,84,80,108,82,83,79,76,68,87,88,146,90,91,92,102,39,162,96,97,31,99,105,101,127,192,104,195,135,26,160,181,41,128,112,113,190,10,173,164,118,119,4,121,122,123,115,125,126,182,111,129,130,156,132,32,133,106,136,137,138,20,196,141,189,46,144,145,109,147,148,50,150,117,152,153,175,155,131,157,158,171,0,154,95,57,86,120,166,143,139,169,170,114,168,124,174,1,176,177,178,179,180,198,161,183,184,35,186,107,188,142,44,191,103,193,21,100,27,197,78,8,];False
6503;9620;16123;[81,42,15,3,110,5,6,2,85,14,187,11,134,13,9,199,65,17,72,19,172,194,22,23,24,25,140,7,43,29,30,74,12,33,34,185,36,37,101,94,40,165,151,52,163,45,116,47,48,49,149,167,28,53,54,55,56,51,58,59,93,61,62,63,64,16,66,67,60,69,70,71,18,73,98,75,159,77,89,84,80,108,82,83,79,76,68,87,88,146,90,91,100,102,39,162,96,97,31,99,115,38,127,192,104,195,135,26,160,181,41,128,112,113,190,10,173,164,118,119,4,121,122,123,105,125,126,182,111,129,130,156,132,32,133,106,136,137,138,20,196,141,189,46,144,145,109,147,148,50,150,117,152,153,175,155,131,157,158,171,0,154,95,57,86,120,166,143,139,169,170,114,168,124,174,1,176,177,178,179,180,198,161,183,184,35,186,107,188,142,44,191,103,193,21,92,27,197,78,8,];False
6513;9607;16120;[81,42,15,3,110,5,6,2,85,14,187,11,134,13,9,199,65,17,72,19,172,194,22,23,24,67,140,7,43,29,30,74,12,33,34,185,36,37,38,94,40,165,151,52,163,45,116,47,48,49,149,167,28,53,54,55,56,51,58,59,93,61,62,63,64,16,66,25,60,69,70,71,18,73,98,75,159,77,89,84,80,108,82,83,79,76,68,87,88,146,90,91,100,102,39,162,96,97,31,99,115,101,127,192,104,195,135,26,160,181,41,128,112,113,190,10,173,164,118,119,4,121,122,123,105,125,126,182,111,129,130,156,132,32,133,106,136,137,138,20,196,141,189,46,144,145,109,147,148,50,150,117,152,153,175,155,131,157,158,171,0,154,95,57,86,120,166,143,139,169,170,114,168,124,174,1,176,177,178,179,180,198,161,183,184,35,186,107,188,142,44,191,103,193,21,92,27,197,78,8,];False
6544;9571;16115;[81,42,15,3,110,5,6,2,85,14,187,11,134,13,9,199,65,17,72,19,172,194,22,23,24,25,140,7,43,29,30,74,12,33,34,185,36,37,38,94,40,165,151,52,163,45,116,47,48,49,149,167,28,53,54,55,56,51,58,59,93,61,62,63,64,16,138,67,60,69,70,71,18,73,98,75,159,77,89,84,80,108,82,83,79,76,68,87,88,146,90,91,92,102,39,162,96,97,31,99,115,101,127,192,104,195,135,26,160,181,41,128,112,113,190,10,173,164,118,119,4,121,122,123,105,125,126,182,111,129,130,156,132,32,133,106,136,137,66,20,196,141,189,46,144,145,109,147,148,50,150,117,152,153,175,155,131,157,158,171,0,154,95,57,86,120,166,143,139,169,170,114,168,124,174,1,176,177,178,179,180,198,161,183,184,35,186,107,188,142,44,191,103,193,21,100,27,197,78,8,];False
6537;9577;16114;[81,42,15,3,110,5,6,2,85,14,187,11,134,13,9,199,65,17,72,19,172,194,22,23,24,25,140,7,43,29,30,74,12,33,34,185,36,37,38,94,40,165,151,52,163,45,116,47,48,49,149,167,28,53,54,55,56,51,58,59,93,61,62,63,64,16,66,67,60,69,70,71,18,73,98,75,159,77,89,84,80,108,82,83,79,76,68,87,88,146,90,91,92,102,39,162,96,97,123,99,115,101,127,192,104,195,135,26,160,181,41,128,112,113,190,10,173,164,118,119,4,121,122,31,105,125,126,182,111,129,130,156,132,32,133,106,136,137,138,20,196,141,189,46,144,145,109,147,148,50,150,117,152,153,175,155,131,157,158,171,0,154,95,57,86,120,166,143,139,169,170,114,168,124,174,1,176,177,178,179,180,198,161,183,184,35,186,107,188,142,44,191,103,193,21,100,27,197,78,8,];False
6463;9651;16114;[81,42,15,3,110,5,6,2,85,14,187,11,134,13,9,199,65,17,72,19,172,194,22,23,24,25,140,7,43,29,30,74,12,33,34,185,36,37,38,94,40,165,151,52,163,45,46,47,48,49,149,51,28,53,54,55,56,167,58,59,93,61,62,63,64,16,66,67,60,69,70,71,18,73,98,75,159,77,89,84,80,108,82,83,79,76,68,87,88,146,90,91,92,102,39,162,96,97,31,99,105,101,127,192,104,195,135,26,160,181,41,128,112,113,190,10,173,164,118,119,4,121,122,123,115,125,126,182,111,129,130,156,132,32,133,106,136,137,138,20,196,141,189,116,144,145,109,147,148,50,150,117,152,153,175,155,131,157,158,171,0,154,95,57,86,120,166,143,139,169,170,114,168,124,174,1,176,177,178,179,180,198,161,183,184,35,186,107,188,142,44,191,103,193,21,100,27,197,78,8,];False
6569;9537;16106;[81,42,15,3,110,5,6,2,85,14,187,11,134,13,9,199,65,17,72,19,172,194,22,23,24,25,140,7,43,29,30,74,12,33,34,185,36,37,38,94,40,165,151,52,163,45,116,47,48,49,149,167,28,53,142,55,56,51,58,59,93,61,62,63,64,16,66,67,60,69,70,71,18,73,98,75,159,77,89,84,80,108,82,83,79,76,68,87,88,146,90,91,100,102,39,162,96,97,31,99,115,101,127,192,104,195,135,26,160,181,41,128,112,113,190,10,173,164,118,119,4,121,122,123,105,125,126,182,111,129,130,156,132,32,133,106,136,137,138,20,196,141,189,46,144,145,109,147,148,50,150,117,152,153,175,155,131,157,158,171,0,154,95,57,86,120,166,143,139,169,170,114,168,124,174,1,176,177,178,179,180,198,161,183,184,35,186,107,188,54,44,191,103,193,21,92,27,197,78,8,];False
6440;9665;16105;[81,42,15,3,110,5,6,2,85,14,54,11,134,13,9,199,65,17,72,19,172,194,22,23,24,25,140,7,43,29,30,74,12,33,34,185,36,37,38,94,40,165,151,52,163,45,116,47,48,49,149,51,28,53,187,55,56,167,58,59,93,61,62,63,64,16,66,67,60,69,70,71,18,73,98,75,159,77,89,84,80,108,82,83,79,76,68,87,88,146,90,91,92,102,39,162,96,97,31,99,105,101,127,192,104,195,135,26,160,181,41,128,112,113,190,10,173,164,118,119,4,121,122,123,115,125,126,182,111,129,130,156,132,32,133,106,136,137,138,20,196,141,189,46,144,145,109,147,148,50,150,117,152,153,175,155,131,157,158,171,0,154,95,57,86,120,166,143,139,169,170,114,168,124,174,1,176,177,178,179,180,198,161,183,184,35,186,107,188,142,44,191,103,193,21,100,27,197,78,8,];False
6441;9658;16099;[81,42,15,3,110,5,6,2,85,14,187,11,134,13,9,199,65,17,72,19,172,194,22,23,24,25,140,7,43,29,30,74,12,33,34,185,36,37,38,94,40,165,151,52,163,45,116,47,48,49,149,51,28,53,54,55,56,167,58,59,93,61,62,63,64,16,66,67,60,69,70,71,18,73,98,75,159,77,89,84,80,108,82,83,79,76,68,87,88,146,90,91,92,102,39,162,96,97,31,99,105,101,127,192,104,195,135,26,160,181,41,128,112,113,190,10,173,164,118,119,4,121,122,123,115,125,126,182,111,129,130,156,132,32,133,106,136,137,138,20,196,141,189,46,144,145,109,147,148,50,150,117,152,153,175,155,131,157,158,171,0,154,95,57,86,120,166,143,139,169,170,114,168,124,174,1,176,177,178,179,180,198,161,183,184,35,186,107,188,142,44,191,103,193,21,100,27,197,78,8,];False
6557;9541;16098;[81,42,15,3,110,5,6,2,85,14,187,11,134,13,9,199,65,17,72,19,172,194,22,23,24,25,140,7,43,29,30,52,12,33,34,185,36,37,38,94,40,165,151,74,163,45,116,47,48,49,149,167,28,53,54,55,56,51,58,59,93,61,62,63,64,16,66,67,60,69,70,71,18,73,98,75,159,77,89,84,80,108,82,83,79,76,68,87,88,146,90,91,100,102,39,162,96,97,31,99,115,101,127,192,104,195,135,26,160,181,41,128,112,113,190,10,173,164,118,119,4,121,122,123,105,125,126,182,111,129,130,156,132,32,133,106,136,137,138,20,196,141,189,46,144,145,109,147,148,50,150,117,152,153,175,155,131,157,158,171,0,154,95,57,86,120,166,143,139,169,170,114,168,124,174,1,176,177,178,179,180,198,161,183,184,35,186,107,188,142,44,191,103,193,21,92,27,197,78,8,];False
6459;9633;16092;[81,42,15,3,110,5,6,2,85,14,187,11,134,13,9,199,65,17,72,19,172,194,22,23,24,25,140,7,43,29,30,74,12,33,34,185,36,37,38,94,40,165,151,52,163,45,116,47,48,49,149,167,28,53,54,55,56,51,58,59,93,61,62,63,64,16,66,67,60,69,70,71,18,73,98,75,159,77,89,84,80,108,82,83,79,76,68,87,88,146,90,91,92,102,39,162,96,97,31,99,105,101,127,192,104,195,135,26,160,181,41,128,112,113,190,10,173,164,118,119,4,121,122,123,115,125,126,182,111,129,130,156,132,32,133,106,136,137,138,188,196,141,189,46,144,145,109,147,148,50,150,117,152,153,175,155,131,157,158,171,0,154,95,57,86,120,166,143,139,169,170,114,168,124,174,1,176,177,178,179,180,198,161,183,184,35,186,107,20,142,44,191,103,193,21,100,27,197,78,8,];False
6492;9594;16086;[81,42,15,3,110,5,6,2,85,14,187,11,134,13,9,199,65,17,72,19,172,194,22,23,24,25,140,7,43,29,30,74,12,33,34,185,36,37,159,94,40,165,151,52,163,45,116,47,48,49,149,167,28,53,54,55,56,51,58,59,93,61,62,63,64,16,66,67,60,69,70,71,18,73,98,75,38,77,89,84,80,108,82,83,79,76,68,87,88,146,90,91,92,102,39,162,96,97,31,99,115,101,127,192,104,195,135,26,160,181,41,128,112,113,190,10,173,164,118,119,4,121,122,123,105,125,126,182,111,129,130,156,132,32,133,106,136,137,138,20,196,141,189,46,144,145,109,147,148,50,150,117,152,153,175,155,131,157,158,171,0,154,95,57,86,120,166,143,139,169,170,114,168,124,174,1,176,177,178,179,180,198,161,183,184,35,186,107,188,142,44,191,103,193,21,100,27,197,78,8,];False
6471;9612;16083;[81,42,15,3,110,5,6,2,85,14,187,11,134,13,9,199,65,17,72,19,172,194,22,23,24,25,129,7,43,29,30,74,12,33,34,185,36,37,38,94,40,165,151,52,163,45,116,47,48,49,149,167,28,53,54,55,56,51,58,59,93,61,62,63,64,16,66,67,60,69,70,71,18,73,98,75,159,77,89,84,80,108,82,83,79,76,68,87,88,146,90,91,92,102,39,162,96,97,31,99,115,101,127,192,104,195,135,26,160,181,41,128,112,113,190,10,173,164,118,119,4,121,122,123,105,125,126,182,111,140,130,156,132,32,133,106,136,137,138,20,196,141,189,46,144,145,109,147,148,50,150,117,152,153,175,155,131,157,158,171,0,154,95,57,86,120,166,143,139,169,170,114,168,124,174,1,176,177,178,179,180,198,161,183,184,35,186,107,188,142,44,191,103,193,21,100,27,197,78,8,];False
6485;9594;16079;[81,42,15,3,110,5,6,2,85,14,187,11,134,13,9,199,65,17,72,19,172,194,22,156,24,25,140,7,43,29,30,74,12,33,34,185,36,37,38,94,40,165,151,52,163,45,116,47,48,49,149,167,28,53,54,55,56,51,58,59,93,61,62,63,64,16,66,67,60,69,70,71,18,73,98,75,159,77,89,90,80,96,82,83,79,76,68,87,88,146,84,91,100,102,39,162,108,97,31,99,115,101,127,192,104,195,135,26,160,181,41,128,112,113,190,10,173,164,118,119,4,121,122,123,105,125,126,182,111,129,130,23,132,32,133,106,136,137,138,20,196,141,189,46,144,145,109,147,148,50,150,117,152,153,175,155,131,157,158,171,0,154,95,57,86,120,166,143,139,169,170,114,168,124,174,1,176,177,178,179,180,198,161,183,184,35,186,107,188,142,44,191,103,193,21,92,27,197,78,8,];False
6484;9592;16076;[81,42,15,3,110,5,6,32,85,14,187,11,134,13,9,199,65,17,72,19,172,194,22,23,24,25,140,7,43,29,30,74,12,135,34,185,36,37,38,94,40,165,151,52,163,45,116,47,48,49,149,167,28,53,54,55,56,51,58,59,93,61,62,63,64,16,66,67,60,69,70,71,18,73,98,75,159,77,89,90,80,96,82,83,79,76,68,87,88,146,84,91,100,102,126,162,108,97,31,99,115,101,127,192,104,195,33,26,160,181,41,128,112,113,190,10,173,164,118,119,4,121,122,123,105,125,39,182,111,129,130,156,132,2,133,106,136,137,138,20,196,141,189,46,144,145,109,147,1,50,150,117,152,153,175,155,131,157,158,171,0,154,95,57,86,120,166,143,139,169,170,114,168,124,174,148,176,177,178,179,180,198,161,183,184,35,186,107,188,142,44,191,103,193,21,92,27,197,78,8,];False
6541;9527;16068;[81,42,15,3,110,5,6,2,85,14,187,11,134,13,9,199,65,17,72,19,172,194,22,23,24,25,140,7,43,29,30,74,12,33,34,185,36,37,38,94,40,165,151,52,163,45,116,47,48,49,149,167,28,53,54,55,56,51,58,59,93,61,62,63,64,16,66,67,60,69,70,71,18,73,98,75,159,77,89,84,80,108,82,83,79,76,68,87,88,146,90,91,100,102,39,162,96,97,31,99,115,101,127,192,104,195,135,26,160,181,41,128,112,113,190,10,173,164,118,119,4,121,122,123,105,125,126,182,111,129,130,156,132,32,133,106,136,137,138,20,196,141,189,46,144,145,109,147,107,50,150,117,152,153,175,155,131,157,158,171,0,154,95,57,86,120,166,143,139,169,170,114,168,124,174,1,176,177,178,179,180,198,161,183,184,35,186,148,188,142,44,191,103,193,21,92,27,197,78,8,];False
6462;9603;16065;[81,42,15,3,110,5,6,32,85,14,187,11,134,13,9,199,65,17,72,19,172,194,22,23,24,25,140,7,43,29,30,74,12,135,34,185,36,37,38,94,40,165,151,52,163,45,116,47,48,49,149,167,28,53,54,55,56,51,58,59,93,61,62,63,64,16,66,67,60,69,70,71,18,73,98,75,159,77,89,90,80,96,82,83,79,76,68,87,88,146,84,91,100,102,39,162,108,97,31,99,115,101,127,192,104,195,33,26,160,181,41,128,112,113,190,10,173,164,118,119,4,121,122,123,105,125,126,182,111,129,130,156,132,2,133,106,136,137,138,20,174,141,189,46,144,145,109,147,148,50,150,117,152,153,175,155,131,157,158,171,0,154,95,57,86,120,166,143,139,169,170,114,168,124,196,1,176,177,178,179,180,198,161,183,184,35,186,107,188,142,44,191,103,193,21,92,27,197,78,8,];False
6396;9664;16060;[81,42,15,3,110,5,6,2,85,14,187,11,134,13,9,199,65,17,72,19,172,194,22,23,24,25,140,7,43,29,30,74,12,33,34,185,36,37,38,94,40,165,151,52,163,45,116,47,48,49,149,167,28,53,54,55,56,51,58,108,93,61,62,63,64,16,66,67,60,69,70,71,18,73,98,75,159,77,89,90,80,96,82,83,79,76,68,87,88,146,84,91,100,102,39,162,59,97,31,99,115,101,127,192,104,195,135,26,160,181,41,128,112,113,190,10,173,164,118,119,4,121,122,123,105,125,126,182,111,129,130,156,132,32,133,106,136,137,138,20,196,141,189,46,144,145,109,147,148,50,150,117,152,153,175,155,131,157,158,171,0,154,95,57,86,120,166,143,139,169,170,114,168,124,174,1,176,177,178,179,180,198,161,183,184,35,186,107,188,142,44,191,103,193,21,92,27,197,78,8,];False
6462;9595;16057;[81,42,15,3,110,5,6,2,85,14,187,11,134,13,9,199,65,17,72,19,172,194,22,23,24,25,140,7,43,29,30,74,12,33,34,185,36,37,38,94,40,165,151,52,163,45,116,47,48,49,149,167,28,53,54,55,56,51,58,59,93,61,62,63,64,16,66,67,60,69,70,71,18,73,98,75,159,77,89,84,80,108,82,83,79,76,68,87,88,146,90,91,100,102,39,162,96,97,31,99,115,101,127,192,104,195,135,26,160,181,41,128,112,113,190,10,173,164,118,119,4,121,122,123,105,125,126,182,111,129,130,156,132,32,133,106,136,137,138,20,196,141,189,46,144,145,109,147,148,50,150,169,152,153,175,155,131,157,158,171,0,154,95,57,86,120,166,143,139,117,170,114,168,124,174,1,176,177,178,179,180,198,161,183,184,35,186,107,188,142,44,191,103,193,21,92,27,197,78,8,];False
6475;9579;16054;[81,42,15,3,110,5,6,2,85,14,187,11,134,13,9,199,65,17,72,19,172,194,22,23,24,25,140,7,43,29,30,74,12,33,34,185,36,37,38,94,40,165,151,52,163,45,116,47,48,49,149,167,28,53,54,55,56,51,58,59,93,61,62,63,64,16,66,67,60,69,70,71,18,73,98,75,159,77,89,84,80,108,82,83,79,76,68,87,88,146,90,91,92,102,39,162,96,97,31,99,115,101,127,192,104,195,135,26,160,181,41,128,112,113,190,10,173,164,118,119,4,121,122,123,105,125,126,182,111,129,130,156,132,32,133,106,136,137,138,20,196,141,189,46,144,145,109,147,148,50,150,117,152,153,175,155,131,157,158,171,0,154,95,57,86,120,166,143,139,169,170,114,168,124,174,1,176,177,107,179,180,198,161,183,184,35,186,178,188,142,44,191,103,193,21,100,27,197,78,8,];False
6440;9613;16053;[81,42,15,3,110,5,6,2,85,14,187,11,134,13,9,199,65,17,72,19,172,194,22,23,24,25,140,7,43,29,30,74,12,33,34,185,36,37,38,94,40,165,151,52,163,45,116,47,48,49,149,167,28,53,54,55,56,51,58,59,93,61,62,63,64,16,66,67,60,69,70,71,18,73,98,75,159,77,89,84,80,108,82,184,79,76,68,87,88,146,90,91,92,102,39,162,96,97,31,99,115,101,127,192,104,195,135,26,160,181,41,128,112,113,190,10,173,164,118,119,4,121,122,123,105,125,126,182,111,129,130,156,132,32,133,106,136,137,138,20,196,141,189,46,144,145,109,147,148,50,150,117,152,153,175,155,131,157,158,171,0,154,95,57,86,120,166,143,139,169,170,114,168,124,174,1,176,177,178,179,180,198,161,183,83,35,186,107,188,142,44,191,103,193,21,100,27,197,78,8,];False
6416;9631;16047;[81,42,15,3,110,5,6,2,85,14,187,11,134,13,9,199,65,17,72,19,172,194,22,23,24,25,140,7,43,29,30,74,12,33,34,185,36,37,38,94,40,165,151,52,163,45,116,47,48,49,149,167,28,53,54,55,56,51,58,59,93,61,62,63,64,16,66,67,60,69,70,71,18,73,98,75,159,77,89,84,80,108,82,83,79,76,68,87,88,146,90,91,92,102,39,162,96,97,31,99,105,101,127,192,104,195,135,26,160,181,41,128,112,113,190,10,173,164,118,119,4,121,122,123,115,125,126,182,111,129,130,156,132,32,133,106,136,137,138,20,196,141,189,46,144,145,109,147,148,50,150,117,152,153,175,155,131,157,158,171,0,154,95,57,86,120,166,143,139,169,170,114,168,124,174,1,176,177,178,179,180,198,161,183,184,35,186,107,188,142,44,191,103,193,21,100,27,197,78,8,];False
6463;9583;16046;[81,42,15,3,110,5,6,2,85,14,187,11,134,13,9,199,65,17,72,19,172,194,22,23,24,25,140,7,43,29,30,74,12,33,34,185,36,37,38,94,40,165,151,52,163,45,116,47,48,49,149,167,28,53,54,55,56,51,58,59,93,61,62,63,64,16,66,67,60,69,70,71,18,73,98,75,159,77,89,90,80,96,82,83,79,76,68,87,88,146,84,91,100,102,39,162,108,97,31,99,115,101,127,192,104,195,135,26,160,181,41,128,112,113,190,10,173,164,118,119,4,121,122,123,105,125,126,182,111,129,130,156,132,32,133,106,136,137,138,20,196,141,189,46,144,145,109,147,148,50,150,117,152,178,175,155,131,157,158,171,0,154,95,57,86,120,166,143,139,169,170,114,168,124,174,1,176,177,153,179,180,198,161,183,184,35,186,107,188,142,44,191,103,193,21,92,27,197,78,8,];False
6469;9565;16034;[81,42,15,3,110,5,6,2,85,14,187,11,134,13,9,199,65,17,72,19,172,80,22,23,24,25,140,7,43,29,30,74,12,33,34,185,36,37,38,94,40,165,151,52,163,45,116,47,48,49,149,167,28,53,54,55,56,51,58,59,93,61,62,63,64,16,66,67,60,69,70,71,18,73,98,75,159,77,89,84,194,108,82,83,79,76,68,87,88,146,90,91,100,102,39,162,96,97,31,99,115,101,127,192,104,195,135,26,160,181,41,128,112,113,190,10,173,164,118,119,4,121,122,123,105,125,126,182,111,129,130,156,132,32,133,106,136,137,138,20,196,141,189,46,144,145,109,147,148,50,150,117,152,153,175,155,131,157,158,171,0,154,95,57,86,120,166,143,139,169,170,114,168,124,174,1,176,177,178,179,180,198,161,183,184,35,186,107,188,142,44,191,103,193,21,92,27,197,78,8,];False
6416;9615;16031;[81,42,15,3,110,5,6,127,85,14,187,11,134,13,9,199,65,17,72,19,172,194,22,23,24,25,140,7,43,29,30,74,12,33,34,185,36,37,38,94,40,165,151,52,163,45,116,47,48,49,149,167,28,53,54,55,56,51,58,59,93,61,62,63,64,16,66,67,60,69,70,71,18,73,98,75,159,77,89,90,80,108,82,83,79,76,68,87,88,146,84,91,100,102,39,162,96,97,31,99,115,101,2,192,104,195,135,26,160,181,41,128,112,113,190,10,173,164,118,119,4,121,122,123,105,125,126,182,111,129,130,156,132,32,133,106,136,137,138,20,196,141,189,46,144,145,109,147,148,50,150,117,152,153,175,155,131,157,158,171,0,154,95,57,86,120,166,143,139,169,170,114,168,124,174,1,176,177,178,179,180,198,161,183,184,35,186,107,188,142,44,191,103,193,21,92,27,197,78,8,];False
6463;9555;16018;[81,42,15,3,110,5,6,2,85,14,187,11,134,13,9,199,65,17,72,19,172,194,22,23,24,25,140,7,43,29,30,74,12,33,34,185,36,37,183,94,40,165,151,52,163,45,116,47,48,49,149,167,28,53,54,55,56,51,58,59,93,61,62,63,64,16,66,67,60,69,70,71,18,73,98,75,159,77,89,84,80,108,82,83,79,76,68,87,88,146,90,91,100,102,39,162,96,97,31,99,115,101,127,192,104,195,135,26,160,181,41,128,112,113,190,10,173,164,118,119,4,121,122,123,105,125,126,182,111,129,130,156,132,32,133,106,136,137,138,20,196,141,189,46,144,145,109,147,148,50,150,117,152,153,175,155,131,157,158,171,0,154,95,57,86,120,166,143,139,169,170,114,168,124,174,1,176,177,178,179,180,198,161,38,184,35,186,107,188,142,44,191,103,193,21,92,27,197,78,8,];False
6421;9594;16015;[81,42,15,3,110,5,6,32,85,14,187,11,134,13,9,199,65,17,72,19,172,194,22,23,24,25,140,7,43,29,30,74,12,135,34,185,36,37,38,94,40,165,151,52,163,45,116,47,48,49,149,167,28,53,54,55,56,51,58,59,93,61,62,63,64,16,66,67,60,69,70,71,18,73,98,75,159,77,89,90,80,96,82,83,79,76,68,87,88,146,84,91,100,102,126,162,108,97,31,99,115,101,127,192,104,195,33,26,160,181,41,128,112,113,190,10,173,164,118,119,4,121,122,123,105,125,39,182,111,129,130,156,132,2,133,106,136,137,138,20,196,141,189,46,144,145,109,147,148,50,150,117,152,153,175,155,131,157,158,171,0,154,95,57,86,107,166,143,139,169,170,114,168,124,174,1,176,177,178,179,180,198,161,183,184,35,186,120,188,142,44,191,103,193,21,92,27,197,78,8,];False
6421;9594;16015;[81,42,15,3,110,5,6,32,85,14,187,11,134,13,9,199,65,17,72,19,172,194,22,23,24,25,140,7,43,29,30,59,12,33,34,185,36,37,38,94,40,165,151,52,163,45,116,47,48,49,149,167,28,53,54,55,56,51,58,74,93,61,62,63,64,16,66,67,60,69,70,71,18,73,98,75,159,77,89,90,80,96,82,83,79,76,68,87,88,146,84,91,100,102,39,162,108,97,31,99,115,101,127,192,104,195,135,26,160,181,41,128,112,113,190,10,173,164,118,119,4,121,122,123,105,125,126,182,111,129,130,156,132,2,133,106,136,137,138,20,196,141,189,46,144,145,109,147,148,50,150,117,152,153,175,155,131,157,158,171,0,154,95,57,86,120,166,143,139,169,170,114,168,124,174,1,176,177,178,179,180,198,161,183,184,35,186,107,188,142,44,191,103,193,21,92,27,197,78,8,];False
6370;9642;16012;[81,42,15,3,110,5,6,32,85,14,187,11,134,13,9,199,65,17,72,19,172,194,22,23,24,25,140,7,43,29,30,74,12,135,34,185,36,76,38,94,40,165,151,52,163,45,116,47,48,49,149,167,28,53,54,55,56,51,58,59,93,61,62,63,64,16,66,67,60,69,70,71,18,73,98,75,159,77,89,90,80,96,82,83,79,37,68,87,88,146,84,91,100,102,39,162,108,97,31,99,115,101,127,192,104,195,33,26,160,181,41,128,112,113,190,10,173,164,118,119,4,121,122,123,105,125,126,182,111,129,130,156,132,2,133,106,136,137,138,20,196,141,189,46,144,145,109,147,148,50,150,117,152,153,175,155,131,157,158,171,0,154,95,57,86,120,166,143,139,169,170,114,168,124,174,1,176,177,178,179,180,198,161,183,184,35,186,107,188,142,44,191,103,193,21,92,27,197,78,8,];False
6431;9579;16010;[81,42,15,3,110,5,6,2,85,14,187,11,134,13,9,199,65,17,72,19,172,194,22,23,24,25,140,7,43,29,30,74,12,33,34,185,36,37,38,94,40,165,151,52,163,45,116,47,48,49,149,167,28,53,54,55,56,51,58,59,93,61,62,63,64,16,66,67,60,69,70,71,18,73,98,180,159,77,89,84,80,108,82,83,79,76,68,87,88,146,90,91,100,102,39,162,96,97,31,99,115,101,127,192,104,195,135,26,160,181,41,128,112,113,190,10,173,164,118,119,4,121,122,123,105,125,126,182,111,129,130,156,132,32,133,106,136,137,138,20,196,141,189,46,144,145,109,147,148,50,150,117,152,153,175,155,131,157,158,171,0,154,95,57,86,120,166,143,139,169,170,114,168,124,174,1,176,177,178,179,75,198,161,183,184,35,186,107,188,142,44,191,103,193,21,92,27,197,78,8,];False
6408;9601;16009;[81,42,15,3,110,5,6,2,85,14,187,11,134,13,9,199,65,17,72,19,172,194,22,91,24,25,140,7,43,29,30,74,12,33,34,185,36,37,38,94,40,165,151,52,163,45,116,47,48,49,149,167,28,53,54,55,56,51,58,59,93,61,62,63,64,16,66,67,60,69,70,71,18,73,98,75,159,77,89,90,80,108,82,83,79,76,68,87,88,146,84,23,100,102,39,162,96,97,31,99,115,101,127,192,104,195,135,26,160,181,41,128,112,113,190,10,173,164,118,119,4,121,122,123,105,125,126,182,111,129,130,156,132,32,133,106,136,137,138,20,196,141,189,46,144,145,109,147,148,50,150,117,152,153,175,155,131,157,158,171,0,154,95,57,86,120,166,143,139,169,170,114,168,124,174,1,176,177,178,179,180,198,161,183,184,35,186,107,188,142,44,191,103,193,21,92,27,197,78,8,];False
6427;9581;16008;[81,42,15,3,110,5,6,2,85,14,187,11,134,13,9,199,65,17,72,19,172,194,22,23,24,25,140,7,43,29,30,74,12,33,34,185,36,37,38,94,40,165,151,52,163,45,116,47,48,49,149,167,28,53,54,55,56,51,58,59,93,61,62,63,64,16,66,67,60,69,70,71,18,73,98,75,159,77,89,84,80,108,91,83,79,76,68,87,88,146,90,82,92,102,39,162,96,97,31,99,115,101,127,192,104,195,135,26,160,181,41,128,112,113,190,10,173,164,118,119,4,121,122,123,105,125,126,182,111,129,130,156,132,32,133,106,136,137,138,20,196,141,189,46,144,145,109,147,148,50,150,117,152,153,175,155,131,157,158,171,0,154,95,57,86,120,166,143,139,169,170,114,168,124,174,1,176,177,178,179,180,198,161,183,184,35,186,107,188,142,44,191,103,193,21,100,27,197,78,8,];False
6411;9596;16007;[81,42,15,3,110,5,6,2,85,14,187,11,134,13,9,199,65,17,72,19,172,194,22,23,24,25,140,7,43,29,30,74,12,33,34,185,36,37,38,94,40,165,151,52,163,45,116,47,48,49,149,167,28,53,54,55,56,51,58,59,93,61,62,63,64,16,66,67,60,69,70,71,18,73,98,75,159,77,89,84,80,108,82,83,79,76,68,87,88,146,90,91,92,102,39,162,96,97,31,99,115,101,127,192,104,195,135,26,160,181,41,128,112,113,190,10,173,164,118,119,4,121,122,123,133,125,126,182,111,129,130,156,132,32,105,106,136,137,138,20,196,141,189,46,144,145,109,147,148,50,150,117,152,153,175,155,131,157,158,171,0,154,95,57,86,120,166,143,139,169,170,114,168,124,174,1,176,177,178,179,180,198,161,183,184,35,186,107,188,142,44,191,103,193,21,100,27,197,78,8,];False
6262;9737;15999;[81,42,15,3,110,5,6,32,85,14,187,11,134,13,9,199,65,17,72,19,172,194,22,23,24,192,140,7,43,29,30,74,12,135,34,185,36,37,38,94,40,165,151,52,163,45,116,47,48,49,149,167,28,53,54,55,79,51,58,59,93,61,62,63,64,16,66,67,60,69,70,71,18,73,98,75,159,77,89,90,80,96,82,83,56,76,68,87,88,146,84,91,100,102,126,162,108,97,31,99,115,101,127,25,104,195,33,26,160,181,41,128,112,113,190,10,173,164,118,119,4,121,122,123,105,125,39,182,111,2,130,156,132,129,133,106,136,137,138,20,196,141,189,46,144,145,109,147,148,50,150,117,152,153,175,155,131,157,158,171,0,154,95,57,86,120,166,143,139,169,170,114,168,124,174,1,176,177,178,179,180,198,161,183,184,35,186,107,188,142,44,191,103,193,21,92,27,197,78,8,];False
6405;9578;15983;[81,42,15,3,110,5,6,2,85,14,187,11,134,13,9,199,65,17,72,19,172,194,22,23,24,25,140,7,43,29,30,74,12,33,34,185,36,37,38,94,40,165,151,52,163,45,116,47,48,49,149,167,28,53,54,55,56,51,58,59,93,61,62,63,64,16,66,67,60,69,70,71,86,73,98,75,159,77,89,84,80,108,82,83,79,76,68,87,88,146,90,91,92,102,39,162,96,97,31,99,115,101,127,192,104,195,135,26,160,181,41,128,112,113,190,10,173,164,118,119,4,121,122,123,105,125,126,182,111,129,130,156,132,32,133,106,136,137,138,20,196,141,189,46,144,145,109,147,148,50,150,117,152,153,175,155,131,157,158,171,0,154,95,57,18,120,166,143,139,169,170,114,168,124,174,1,176,177,178,179,180,198,161,183,184,35,186,107,188,142,44,191,103,193,21,100,27,197,78,8,];False
6355;9628;15983;[25,42,15,3,110,5,6,32,85,14,187,11,134,13,9,199,65,17,72,19,172,194,22,23,24,81,140,7,43,29,30,74,12,135,34,185,36,37,38,94,40,165,151,52,163,45,116,47,48,49,149,167,28,53,54,55,56,51,58,59,93,61,62,63,64,16,66,67,60,69,70,71,18,73,98,75,159,77,89,90,80,96,82,83,79,76,68,87,88,146,84,91,100,102,39,162,108,97,31,99,115,101,127,192,104,195,33,26,160,181,41,128,112,113,190,10,173,164,118,119,4,121,122,123,105,125,126,182,111,129,130,156,132,2,133,106,136,137,138,20,196,141,189,46,144,145,109,147,148,50,150,117,152,153,175,155,131,157,158,171,0,154,95,57,86,120,166,143,139,169,170,114,168,124,174,1,176,177,178,179,180,198,161,183,184,35,186,107,188,142,44,191,103,193,21,92,27,197,78,8,];False
6443;9537;15980;[81,42,15,3,110,5,6,2,85,14,187,11,134,13,9,48,65,17,72,19,172,194,22,23,24,25,140,7,43,29,30,74,12,33,34,185,36,37,38,94,40,165,151,52,163,45,116,47,199,49,149,167,28,53,54,55,56,51,58,59,93,61,62,63,64,16,66,67,60,69,70,71,18,73,98,75,159,77,89,90,80,108,82,83,79,76,68,87,88,146,84,91,100,102,39,162,96,97,31,99,115,101,127,192,104,195,135,26,160,181,41,128,112,113,190,10,173,164,118,119,4,121,122,123,105,125,126,182,111,129,130,156,132,32,133,106,136,137,138,20,196,141,189,46,144,145,109,147,148,50,150,117,152,153,175,155,131,157,158,171,0,154,95,57,86,120,166,143,139,169,170,114,168,124,174,1,176,177,178,179,180,198,161,183,184,35,186,107,188,142,44,191,103,193,21,92,27,197,78,8,];False
6389;9583;15972;[81,42,15,3,110,5,6,2,85,14,187,11,134,13,9,199,65,17,72,19,172,194,22,23,24,25,140,7,43,29,30,74,12,33,34,185,36,37,38,94,40,165,151,52,163,45,116,47,48,49,149,167,28,53,54,55,56,51,58,59,93,61,62,63,64,16,66,67,60,69,70,71,18,73,98,75,159,77,89,84,80,108,82,83,79,76,68,87,88,146,90,91,92,102,39,162,96,97,31,99,115,101,127,192,104,195,135,26,160,181,41,128,112,113,190,10,173,164,118,119,4,121,122,123,105,125,126,182,111,129,130,156,132,32,133,106,136,137,138,20,196,141,189,46,144,145,109,147,148,50,150,117,152,153,175,155,131,157,158,171,0,154,95,57,86,120,166,143,139,169,170,114,168,124,174,1,176,177,178,179,180,198,161,183,184,35,186,107,188,142,44,191,103,193,21,100,27,197,78,8,];False
6387;9582;15969;[81,42,15,3,110,5,6,32,85,14,187,11,134,13,9,199,65,17,72,19,172,194,22,23,24,25,140,7,43,29,30,74,12,33,166,185,36,37,38,94,40,165,151,52,163,45,116,47,48,49,149,167,28,53,54,55,56,51,58,59,93,61,62,63,64,16,66,67,60,69,70,71,18,73,98,75,159,77,89,90,80,96,82,83,79,76,68,87,88,146,84,91,100,102,39,162,108,97,31,99,115,101,127,192,104,195,135,26,160,181,41,128,112,113,190,10,173,164,118,119,4,121,122,123,105,125,126,182,111,129,130,156,132,2,133,106,136,137,138,20,196,141,189,46,144,145,109,147,148,50,150,117,152,153,175,155,131,157,158,171,0,154,95,57,86,120,34,143,139,169,170,114,168,124,174,1,176,177,178,179,180,198,161,183,184,35,186,107,188,142,44,191,103,193,21,92,27,197,78,8,];False
6424;9545;15969;[81,42,15,3,110,5,6,2,85,14,187,11,134,13,9,199,65,17,72,19,172,194,22,23,24,25,140,7,43,29,30,74,12,33,34,185,36,37,38,94,40,165,151,52,163,45,116,47,48,198,149,167,28,53,54,55,56,51,58,59,93,61,62,63,64,16,66,67,60,69,70,71,18,73,98,75,159,77,89,84,80,108,82,83,79,76,68,87,88,146,90,91,92,102,39,162,96,97,31,99,115,101,127,192,104,195,135,26,160,181,41,128,112,113,190,10,173,164,118,119,4,121,122,123,105,125,126,182,111,129,130,156,132,32,133,106,136,137,138,20,196,141,189,46,144,145,109,147,148,50,150,117,152,153,175,155,131,157,158,171,0,154,95,57,86,120,166,143,139,169,170,114,168,124,174,1,176,177,178,179,180,49,161,183,184,35,186,107,188,142,44,191,103,193,21,100,27,197,78,8,];False
6346;9618;15964;[81,42,15,3,110,5,6,2,85,14,187,11,134,13,9,199,65,17,72,19,172,194,22,23,24,25,140,7,43,29,30,74,12,33,34,185,36,37,38,94,40,165,151,52,163,45,116,47,48,49,149,92,28,53,54,55,56,51,58,59,93,61,62,63,64,16,66,67,60,69,70,71,18,73,98,75,159,77,89,90,80,96,82,83,79,76,68,87,88,146,84,91,100,102,39,162,108,97,31,99,115,101,127,192,104,195,135,26,160,181,41,128,112,113,190,10,173,164,118,119,4,121,122,123,105,125,126,182,111,129,130,156,132,32,133,106,136,137,138,20,196,141,189,46,144,145,109,147,148,50,150,117,152,153,175,155,131,157,158,171,0,154,95,57,86,120,166,143,139,169,170,114,168,124,174,1,176,177,178,179,180,198,161,183,184,35,186,107,188,142,44,191,103,193,21,167,27,197,78,8,];False
6273;9689;15962;[81,42,62,3,110,5,6,32,85,14,187,11,134,13,9,199,65,17,72,19,172,194,22,23,24,25,140,7,43,29,30,74,12,135,34,185,36,37,38,94,40,165,151,52,163,45,116,47,48,49,149,167,28,53,54,55,79,51,58,59,93,61,15,63,64,16,66,67,60,69,70,71,18,73,98,75,159,77,89,90,80,96,82,83,56,76,68,87,88,146,84,91,100,102,126,162,108,97,31,99,115,101,127,192,104,195,33,26,160,181,41,128,112,113,190,10,173,164,118,119,4,121,122,123,105,125,39,182,111,2,130,156,132,129,133,106,136,137,138,20,196,141,189,46,144,145,109,147,148,50,150,117,152,153,175,155,131,157,158,171,0,154,95,57,86,120,166,143,139,169,170,114,168,124,174,1,176,177,178,179,180,198,161,183,184,35,186,107,188,142,44,191,103,193,21,92,27,197,78,8,];False
6360;9599;15959;[81,42,15,3,110,5,6,2,85,14,187,11,134,13,9,199,65,17,72,19,172,194,22,23,24,25,140,7,43,29,30,74,12,33,34,185,66,37,38,94,40,165,151,52,163,45,116,47,48,49,149,167,28,53,54,55,56,51,58,59,93,61,62,63,64,16,36,67,60,69,70,71,18,73,98,75,159,77,89,90,80,96,82,83,79,76,68,87,88,146,84,91,100,102,39,162,108,97,31,99,115,101,127,192,104,195,135,26,160,181,41,128,112,113,190,10,173,164,118,119,4,121,122,123,105,125,126,182,111,129,130,156,132,32,133,106,136,137,138,20,196,141,189,46,144,145,109,147,148,50,150,117,152,153,175,155,131,157,158,171,0,154,95,57,86,120,166,143,139,169,170,114,168,124,174,1,176,177,178,179,180,198,161,183,184,35,186,107,188,142,44,191,103,193,21,92,27,197,78,8,];False
6453;9504;15957;[81,42,15,3,110,5,6,2,85,14,187,11,134,13,9,199,65,17,72,19,172,194,22,23,24,25,140,7,43,29,30,74,12,33,34,185,36,37,38,94,40,165,151,52,163,45,116,47,48,49,149,167,28,53,54,55,56,51,58,59,93,61,62,63,64,16,66,67,60,69,70,71,18,73,98,75,159,77,89,84,80,108,82,83,79,76,68,87,88,146,90,91,100,102,39,162,96,97,31,99,115,101,127,192,104,195,135,26,160,181,41,128,112,113,190,10,173,164,118,180,4,121,122,123,105,125,126,182,111,129,130,156,132,32,133,106,136,137,138,20,196,141,189,46,144,145,109,147,148,50,150,117,152,153,175,155,131,157,158,171,0,154,95,57,86,120,166,143,139,169,170,114,168,124,174,1,176,177,178,179,119,198,161,183,184,35,186,107,188,142,44,191,103,193,21,92,27,197,78,8,];True
6363;9593;15956;[81,42,15,3,110,5,6,2,85,14,187,11,134,13,9,199,65,17,72,19,172,194,22,23,24,25,140,7,43,29,30,74,12,33,34,185,36,37,38,94,40,165,151,52,163,45,116,47,48,49,149,167,28,53,54,55,56,51,58,59,93,61,62,63,64,16,66,67,60,69,70,71,18,73,98,75,159,77,89,90,80,108,82,83,79,76,68,87,88,146,84,91,100,102,39,162,96,97,31,99,115,101,127,192,104,195,135,26,160,181,41,128,112,113,190,10,173,164,118,119,4,121,122,123,105,125,126,182,111,129,130,156,132,32,133,106,136,137,138,20,196,141,189,46,144,145,109,147,148,50,150,117,152,153,175,155,131,157,158,171,0,154,95,57,86,120,166,143,139,169,170,114,168,124,174,1,176,177,178,179,180,198,161,183,184,35,186,107,188,142,44,191,103,193,21,92,27,197,78,8,];False
6372;9582;15954;[81,42,15,3,110,5,6,32,85,14,187,11,134,13,9,199,65,17,72,19,172,194,22,23,24,25,140,7,43,29,30,74,12,135,34,185,36,37,38,94,40,165,151,52,163,45,116,47,48,49,149,167,28,53,54,55,56,51,58,59,93,61,62,63,64,16,66,67,60,69,70,71,18,73,98,75,159,77,89,90,80,96,82,83,79,76,68,87,88,146,84,91,100,102,126,162,108,97,31,99,115,101,127,192,104,195,33,26,160,181,41,128,112,113,190,10,173,164,118,119,4,121,122,123,143,125,39,182,111,129,130,156,132,2,133,106,136,137,138,20,196,141,189,46,144,145,109,147,148,50,150,117,152,153,175,155,131,157,158,171,0,154,95,57,86,120,166,105,139,169,170,114,168,124,174,1,176,177,178,179,180,198,161,183,184,35,186,107,188,142,44,191,103,193,21,92,27,197,78,8,];False
6378;9575;15953;[81,42,15,3,110,5,6,2,85,14,187,11,134,13,9,199,65,17,72,19,172,194,22,23,24,25,140,7,43,29,30,74,12,33,34,185,36,37,38,94,40,165,151,52,163,45,116,47,48,49,149,167,28,53,54,55,56,51,58,59,93,61,62,63,64,16,66,67,60,69,70,71,18,73,98,75,159,77,89,84,80,108,82,83,79,76,68,87,88,146,90,91,100,102,39,162,96,97,31,99,115,101,127,192,104,195,135,26,160,181,41,128,112,113,190,10,173,164,118,119,4,121,122,123,105,125,126,182,111,129,130,156,132,32,133,106,136,137,138,20,196,141,189,46,144,145,109,147,148,50,150,117,152,153,175,155,131,157,158,171,0,154,95,57,86,120,166,143,139,169,170,114,168,124,174,1,176,177,178,179,180,198,161,183,184,35,186,107,188,142,44,191,103,193,21,92,27,197,78,8,];False
6386;9566;15952;[81,42,15,3,110,5,6,32,85,14,187,11,134,13,9,199,65,17,72,19,172,194,22,23,24,25,140,7,43,29,30,74,12,135,34,185,36,37,38,94,40,165,151,52,163,45,116,47,48,49,149,167,28,53,54,55,56,51,58,59,93,61,62,63,64,16,66,67,60,69,70,71,18,73,182,75,159,77,89,90,80,96,82,83,79,76,68,87,88,146,84,91,100,102,126,162,108,97,31,99,115,101,127,192,104,195,33,26,160,181,41,128,112,113,190,10,173,164,118,119,4,121,122,123,105,125,39,98,111,129,130,156,132,2,133,106,136,137,138,20,196,141,189,46,144,145,109,147,148,50,150,117,152,153,175,155,131,157,158,171,0,154,95,57,86,120,166,143,139,169,170,114,168,124,174,1,176,177,178,179,180,198,161,183,184,35,186,107,188,142,44,191,103,193,21,92,27,197,78,8,];False
6311;9637;15948;[81,42,15,3,110,5,6,32,85,14,187,11,134,13,9,199,65,17,72,19,172,194,22,23,24,25,140,7,43,29,30,74,12,135,34,185,36,37,38,94,40,165,151,52,163,45,116,47,48,49,149,167,28,53,54,55,56,51,58,59,93,61,62,63,64,16,66,67,60,69,70,71,18,73,98,75,159,77,89,90,80,96,82,83,79,76,68,87,115,146,84,91,100,102,39,162,108,97,31,99,88,101,127,192,104,195,33,26,160,181,41,128,112,113,190,10,173,164,118,119,4,121,122,123,105,125,126,182,111,129,130,156,132,2,133,106,136,137,138,20,196,141,189,46,144,145,109,147,148,50,150,117,152,153,175,155,131,157,158,171,0,154,95,57,86,120,166,143,139,169,170,114,168,124,174,1,176,177,178,179,180,198,161,183,184,35,186,107,188,142,44,191,103,193,21,92,27,197,78,8,];False
6347;9595;15942;[81,42,15,3,110,5,61,32,85,14,187,11,134,13,9,199,65,17,72,19,172,194,22,23,24,25,140,7,43,29,30,74,12,135,34,185,36,37,38,94,40,165,151,52,163,45,116,47,48,49,149,167,28,53,54,55,56,51,58,59,93,6,62,63,64,16,66,67,60,69,70,71,18,73,98,75,159,77,89,90,80,96,82,83,79,76,68,87,88,146,84,91,100,102,126,162,108,97,31,99,115,101,127,192,104,195,33,26,160,181,41,128,112,113,190,10,173,164,118,119,4,121,122,123,105,125,39,182,111,129,130,156,132,2,133,106,136,137,138,20,196,141,189,46,144,145,109,147,148,50,150,117,152,153,175,155,131,157,158,171,0,154,95,57,86,120,166,143,139,169,170,114,168,124,174,1,176,177,178,179,180,198,161,183,184,35,186,107,188,142,44,191,103,193,21,92,27,197,78,8,];False
6369;9573;15942;[81,42,15,3,110,5,6,2,85,14,53,11,134,13,9,199,65,17,72,19,172,194,22,23,24,25,140,7,43,29,30,74,12,33,34,185,36,37,38,94,40,165,151,52,163,45,116,47,48,49,149,167,28,187,54,55,56,51,58,59,93,61,62,63,64,16,66,67,60,69,70,71,18,73,98,75,159,77,89,90,80,96,82,83,79,76,68,87,88,146,84,91,100,102,39,162,108,97,31,99,115,101,127,192,104,195,135,26,160,181,41,128,112,113,190,10,173,164,118,119,4,121,122,123,105,125,126,182,111,129,130,156,132,32,133,106,136,137,138,20,196,141,189,46,144,145,109,147,148,50,150,117,152,153,175,155,131,157,158,171,0,154,95,57,86,120,166,143,139,169,170,114,168,124,174,1,176,177,178,179,180,198,161,183,184,35,186,107,188,142,44,191,103,193,21,92,27,197,78,8,];False
6337;9602;15939;[81,42,15,3,110,5,6,32,85,14,187,11,134,13,9,199,65,17,72,19,172,194,22,23,24,25,140,7,43,29,30,74,12,33,34,185,36,37,38,94,40,165,151,52,77,45,116,47,48,49,149,167,28,53,54,55,56,51,58,59,93,61,62,63,64,16,66,67,60,69,70,71,18,73,98,75,159,163,89,90,80,96,82,83,79,76,68,87,88,146,84,91,100,102,39,162,108,97,31,99,115,101,127,192,104,195,135,26,160,181,41,128,112,113,190,10,173,164,118,119,4,121,122,123,105,125,126,182,111,129,130,156,132,2,133,106,136,137,138,20,196,141,189,46,144,145,109,147,148,50,150,117,152,153,175,155,131,157,158,171,0,154,95,57,86,120,166,143,139,169,170,114,168,124,174,1,176,177,178,179,180,198,161,183,184,35,186,107,188,142,44,191,103,193,21,92,27,197,78,8,];False
6344;9584;15928;[81,42,15,3,110,5,6,32,85,14,187,11,134,13,9,199,65,17,72,19,172,194,22,23,24,25,140,7,43,29,30,74,12,135,34,185,36,37,38,94,40,165,151,52,163,45,116,47,48,49,149,167,28,53,54,55,56,51,58,59,93,61,62,63,64,16,66,67,60,69,70,71,18,73,98,148,159,77,89,90,80,96,82,83,79,76,68,87,88,146,84,91,100,102,126,162,108,97,31,99,115,101,127,192,104,195,33,26,160,181,41,128,112,113,190,10,173,164,118,119,4,121,122,123,105,125,39,182,111,129,130,156,132,2,133,106,136,137,138,20,196,141,189,46,144,145,109,147,75,50,150,117,152,153,175,155,131,157,158,171,0,154,95,57,86,120,166,143,139,169,170,114,168,124,174,1,176,177,178,179,180,198,161,183,184,35,186,107,188,142,44,191,103,193,21,92,27,197,78,8,];False
6332;9592;15924;[81,42,15,3,110,5,6,32,85,14,102,11,134,13,9,199,65,17,72,19,172,194,22,23,24,25,140,7,43,29,30,74,12,135,34,185,36,37,38,94,40,165,151,52,163,45,116,47,48,49,149,167,28,53,54,55,56,51,58,59,93,61,62,63,64,16,66,67,60,69,70,71,18,73,98,75,159,77,89,90,80,96,82,83,79,76,68,87,88,146,84,91,100,187,126,162,108,97,31,99,115,101,127,192,104,195,33,26,160,181,41,128,112,113,190,10,173,164,118,119,4,121,122,123,105,125,39,182,111,129,130,156,132,2,133,106,136,137,138,20,196,141,189,46,144,145,109,147,148,50,150,117,152,153,175,155,131,157,158,171,0,154,95,57,86,120,166,143,139,169,170,114,168,124,174,1,176,177,178,179,180,198,161,183,184,35,186,107,188,142,44,191,103,193,21,92,27,197,78,8,];False
6339;9578;15917;[81,42,15,3,110,5,6,32,85,14,187,11,134,13,9,199,65,17,72,19,172,194,22,23,24,25,140,7,43,29,30,74,12,135,34,173,36,37,38,94,40,165,151,52,163,45,116,47,48,49,149,167,28,53,54,55,56,51,58,59,93,61,62,63,64,16,66,67,60,69,70,71,18,73,98,75,159,77,89,90,80,96,82,83,79,76,68,87,88,146,84,91,100,102,39,162,108,97,31,99,115,101,127,192,104,195,33,26,160,181,41,128,112,113,190,10,185,164,118,119,4,121,122,123,105,125,126,182,111,129,130,156,132,2,133,106,136,137,138,20,196,141,189,46,144,145,109,147,148,50,150,117,152,153,175,155,131,157,158,171,0,154,95,57,86,120,166,143,139,169,170,114,168,124,174,1,176,177,178,179,180,198,161,183,184,35,186,107,188,142,44,191,103,193,21,92,27,197,78,8,];False
6399;9518;15917;[81,42,15,3,110,5,6,2,85,14,187,11,134,13,9,199,65,17,72,19,172,194,22,23,24,25,140,7,43,29,30,74,12,33,34,185,36,37,38,94,40,165,151,52,163,45,116,47,48,49,149,167,28,53,54,55,56,51,58,59,93,61,62,63,64,16,66,67,60,69,70,71,18,73,98,75,159,77,89,84,80,108,82,83,79,76,68,87,88,146,90,91,100,102,39,162,96,181,31,99,115,101,127,192,104,195,135,26,160,97,41,128,112,113,190,10,173,164,118,119,4,121,122,123,105,125,126,182,111,129,130,156,132,32,133,106,136,137,138,20,196,141,189,46,144,145,109,147,148,50,150,117,152,153,175,155,131,157,158,171,0,154,95,57,86,120,166,143,139,169,170,114,168,124,174,1,176,177,178,179,180,198,161,183,184,35,186,107,188,142,44,191,103,193,21,92,27,197,78,8,];True
6346;9569;15915;[81,42,15,3,110,5,6,32,85,14,187,11,134,13,9,199,65,17,155,19,172,194,22,23,24,25,140,7,43,29,30,74,12,135,34,185,36,37,38,94,40,165,151,52,163,45,116,47,48,49,149,167,28,53,54,55,56,51,58,59,93,61,62,63,64,16,66,67,60,69,70,71,18,73,98,75,159,77,89,90,80,96,82,83,79,76,68,87,88,146,84,91,100,102,126,162,108,97,31,99,115,101,127,192,104,195,33,26,160,181,41,128,112,113,190,10,173,164,118,119,4,121,122,123,105,125,39,182,111,129,130,156,132,2,133,106,136,137,138,20,196,141,189,46,144,145,109,147,148,50,150,117,152,153,175,72,131,157,158,171,0,154,95,57,86,120,166,143,139,169,170,114,168,124,174,1,176,177,178,179,180,198,161,183,184,35,186,107,188,142,44,191,103,193,21,92,27,197,78,8,];False
6309;9604;15913;[81,42,15,3,110,5,6,32,85,14,187,11,134,13,9,199,65,17,72,19,172,194,22,23,24,25,140,7,43,29,30,74,12,135,34,185,36,37,38,94,40,165,151,52,163,45,116,47,48,49,149,167,28,53,54,55,56,51,58,59,93,61,62,63,64,16,66,67,60,69,70,71,18,73,98,75,159,77,89,90,80,96,82,83,79,76,68,87,88,146,84,91,100,102,39,162,108,97,31,99,115,101,127,192,104,195,33,26,160,181,41,128,112,113,105,10,173,164,118,119,4,121,122,123,190,125,126,182,111,129,130,156,132,2,133,106,136,137,138,20,196,141,189,46,144,145,109,147,148,50,150,117,152,153,175,155,131,157,158,171,0,154,95,57,86,120,166,143,139,169,170,114,168,124,174,1,176,177,178,179,180,198,161,183,184,35,186,107,188,142,44,191,103,193,21,92,27,197,78,8,];False
6309;9602;15911;[81,42,15,3,110,5,6,32,85,14,187,11,134,13,9,199,65,17,72,19,172,194,22,23,24,25,140,7,43,29,30,74,12,33,34,185,36,37,38,94,40,165,151,52,163,45,116,47,48,49,149,167,28,53,54,55,56,51,58,59,93,61,62,63,64,16,66,67,60,69,70,71,18,73,98,75,159,77,89,90,80,96,82,83,79,76,68,87,88,146,84,91,100,102,39,162,108,97,31,99,115,101,127,192,104,195,135,26,160,181,41,128,112,113,190,10,173,164,118,119,4,121,122,123,105,125,126,182,111,129,130,156,132,2,133,106,136,137,138,20,196,141,189,46,144,145,109,147,148,50,150,117,152,153,175,155,131,157,158,171,0,154,95,57,86,120,166,143,139,169,170,114,168,124,174,1,176,177,178,179,180,198,161,183,184,35,186,107,188,142,44,191,103,193,21,92,27,197,78,8,];False
6322;9586;15908;[81,42,15,3,110,5,6,2,85,14,187,11,134,13,9,199,65,17,72,19,172,194,22,23,24,25,140,7,43,29,30,74,12,33,34,185,36,37,38,94,40,165,151,52,163,45,116,47,48,49,149,167,28,53,54,55,56,51,58,59,93,61,62,63,64,16,66,67,60,69,70,71,18,73,98,75,159,77,89,90,80,96,82,83,79,76,68,87,88,146,84,91,100,102,39,162,108,97,31,99,115,101,127,192,104,195,135,26,160,181,41,128,112,113,190,10,173,164,118,119,4,121,122,123,105,125,126,182,111,129,130,156,132,32,133,106,136,137,138,20,196,141,189,46,144,145,109,147,148,50,150,117,152,153,175,155,131,157,158,171,0,154,95,57,86,120,166,143,139,169,170,114,168,124,174,1,176,177,178,179,180,198,161,183,184,35,186,107,188,142,44,191,103,193,21,92,27,197,78,8,];False
6313;9590;15903;[81,42,15,3,110,5,6,32,85,14,187,11,134,13,9,199,65,17,72,19,172,194,22,23,24,25,140,7,43,29,30,74,12,33,34,185,36,37,38,94,40,165,151,52,163,45,116,47,48,49,149,167,28,53,54,55,56,51,58,59,93,61,62,63,64,16,66,67,60,69,70,71,18,73,98,75,159,77,89,135,80,96,82,83,79,76,68,87,88,146,84,91,100,102,39,162,108,97,31,99,115,101,127,192,104,195,90,26,160,181,41,128,112,113,190,10,173,164,118,119,4,121,122,123,105,125,126,182,111,129,130,156,132,2,133,106,136,137,138,20,196,141,189,46,144,145,109,147,148,50,150,117,152,153,175,155,131,157,158,171,0,154,95,57,86,120,166,143,139,169,170,114,168,124,174,1,176,177,178,179,180,198,161,183,184,35,186,107,188,142,44,191,103,193,21,92,27,197,78,8,];False
6276;9609;15885;[81,42,15,3,110,5,6,32,85,14,187,11,134,13,9,199,65,17,72,19,172,194,22,164,24,25,140,7,43,29,30,74,12,135,34,185,36,37,38,94,40,165,151,52,163,45,116,47,48,49,149,167,28,53,54,55,56,51,58,59,93,61,62,63,64,16,66,67,60,69,70,71,18,73,98,75,159,77,89,90,80,96,82,83,79,76,68,87,88,146,84,91,100,102,39,162,108,97,31,99,115,101,127,192,104,195,33,26,160,181,41,128,112,113,190,10,173,23,118,119,4,121,122,123,105,125,126,182,111,129,130,156,132,2,133,106,136,137,138,20,196,141,189,46,144,145,109,147,148,50,150,117,152,153,175,155,131,157,158,171,0,154,95,57,86,120,166,143,139,169,170,114,168,124,174,1,176,177,178,179,180,198,161,183,184,35,186,107,188,142,44,191,103,193,21,92,27,197,78,8,];False
6200;9677;15877;[81,5,15,3,110,42,6,32,85,14,187,11,134,13,9,199,65,17,72,19,172,194,22,23,24,25,140,7,43,29,30,102,12,135,34,185,36,37,38,94,40,165,151,52,163,45,116,47,48,49,149,167,28,53,54,55,79,51,58,59,93,61,62,63,64,16,66,67,60,69,70,71,18,73,98,75,159,77,89,90,80,96,82,83,56,76,68,87,88,146,84,91,100,74,126,162,108,97,31,99,115,101,26,192,104,195,33,127,160,181,41,128,112,113,190,10,173,164,118,119,4,121,122,123,105,125,39,182,111,2,130,156,132,129,133,106,136,137,138,20,196,141,189,46,144,145,109,147,148,50,150,117,152,153,175,155,131,157,158,171,0,154,95,57,86,120,166,143,139,169,170,114,168,124,174,1,176,177,178,179,180,198,161,183,184,35,186,107,188,142,44,191,103,193,21,92,27,197,78,8,];False
6267;9592;15859;[81,42,15,3,110,5,6,32,85,14,187,11,134,13,9,199,65,17,72,19,172,194,22,23,24,25,140,7,43,29,30,74,12,135,34,185,36,37,38,94,40,165,151,52,163,45,116,47,48,49,149,167,28,53,54,55,56,51,58,59,93,61,62,63,64,16,66,67,60,69,70,71,18,73,98,75,159,77,89,90,80,96,82,83,79,76,68,87,88,146,84,91,100,102,39,162,108,97,31,99,115,101,127,192,104,195,33,26,160,181,41,128,112,113,190,10,173,164,118,119,4,121,122,123,105,125,126,182,111,129,130,156,132,2,133,106,136,137,138,20,196,141,189,46,144,145,109,147,148,50,150,117,152,153,175,155,131,157,158,171,0,154,95,57,86,120,166,143,139,169,170,114,168,124,174,1,176,177,178,179,180,198,161,183,184,35,186,107,188,142,44,191,103,193,21,92,27,197,78,8,];False
6257;9594;15851;[81,42,15,3,110,5,6,32,85,14,187,11,134,13,9,199,65,17,72,19,172,194,22,23,24,25,140,7,43,29,30,74,12,135,34,185,36,37,38,94,40,165,151,52,163,45,116,47,48,49,149,167,28,53,54,55,56,51,58,59,93,61,62,63,64,16,66,67,60,69,70,71,18,73,98,75,159,77,89,90,80,96,82,83,79,76,68,87,88,146,84,91,100,102,126,162,108,97,31,99,115,101,127,192,104,195,33,26,160,181,41,128,112,113,190,10,173,164,118,119,4,121,122,123,105,125,39,182,111,129,130,156,132,2,133,106,136,137,138,20,196,141,189,46,144,145,109,147,148,50,150,117,152,153,175,155,131,157,158,171,0,154,95,57,86,120,166,143,139,169,170,114,168,124,174,1,176,177,178,179,180,198,161,183,184,35,186,107,188,142,44,191,103,193,21,92,27,197,78,8,];False
6140;9688;15828;[81,42,15,3,110,5,6,32,85,14,187,11,134,13,9,199,65,17,72,19,172,194,22,23,24,25,140,7,43,29,30,102,12,135,34,185,36,37,38,94,40,165,151,52,163,45,116,47,48,49,149,167,28,53,54,55,79,51,58,59,93,61,62,63,64,16,66,67,60,69,70,71,18,73,98,75,159,77,89,90,80,96,82,83,56,76,68,87,88,146,84,91,100,74,126,162,108,97,31,138,115,101,127,192,104,195,33,26,160,181,41,128,112,113,190,10,173,164,118,119,4,121,122,123,105,125,39,182,111,2,130,156,132,129,133,106,136,137,99,20,196,141,189,46,144,145,109,147,148,50,150,117,152,153,175,155,131,157,158,171,0,154,95,57,86,120,166,143,139,169,170,114,168,124,174,1,176,177,178,179,180,198,161,183,184,35,186,107,188,142,44,191,103,193,21,92,27,197,78,8,];False
6148;9675;15823;[81,42,15,3,110,5,6,32,85,14,58,11,134,13,9,199,65,17,72,19,172,194,22,23,24,25,140,7,43,29,30,102,12,135,34,185,36,37,38,94,40,165,151,52,163,45,116,47,48,49,149,167,28,53,54,55,79,51,187,59,93,61,62,63,64,16,66,67,60,69,70,71,18,73,98,75,159,77,89,90,80,96,82,83,56,76,68,87,88,146,84,91,100,74,126,162,108,97,31,99,115,101,26,192,104,195,33,127,160,181,41,128,112,113,190,10,173,164,118,119,4,121,122,123,105,125,39,182,111,2,130,156,132,129,133,106,136,137,138,20,196,141,189,46,197,145,109,147,148,50,150,117,152,153,175,155,131,157,158,171,0,154,95,57,86,120,166,143,139,169,170,114,168,124,174,1,176,177,178,179,180,198,161,183,184,35,186,107,188,142,44,191,103,193,21,92,27,144,78,8,];False
6107;9710;15817;[81,42,15,3,110,5,6,32,85,14,187,11,134,13,9,199,65,17,72,19,172,194,22,23,24,25,140,7,43,29,30,102,12,135,34,185,36,37,38,94,40,165,151,52,163,45,116,47,48,49,149,167,28,53,54,55,79,51,58,59,93,61,62,63,64,16,66,67,60,69,70,71,18,73,98,75,159,77,89,90,80,96,82,83,56,76,68,87,88,146,84,91,100,74,126,162,183,97,31,99,115,101,26,192,104,195,33,127,160,181,41,128,112,113,190,10,173,164,118,119,4,121,122,123,105,125,39,182,111,2,130,156,132,129,133,106,136,137,138,20,196,141,189,46,197,145,109,147,148,50,150,117,152,153,175,155,131,157,158,171,0,154,95,57,86,120,166,143,139,169,170,114,168,124,174,1,176,177,178,179,180,198,161,108,184,35,186,107,188,142,44,191,103,193,21,92,27,144,78,8,];False
6134;9674;15808;[81,42,15,3,110,5,6,32,85,14,187,11,134,13,9,199,65,17,72,19,172,194,22,23,24,25,140,7,43,29,30,102,12,135,34,185,36,37,38,94,40,165,151,52,163,45,116,47,48,49,149,167,28,53,54,55,79,51,58,59,93,61,62,63,64,16,66,67,60,69,70,71,18,73,98,75,159,77,89,90,80,96,82,83,56,76,68,87,88,146,84,91,100,74,126,162,108,97,31,99,115,101,26,192,104,195,33,127,160,181,41,128,112,113,132,10,173,164,118,119,4,121,122,123,105,125,39,182,111,2,130,156,190,129,133,106,136,137,138,20,196,141,189,46,197,145,109,147,148,50,150,117,152,153,175,155,131,157,158,171,0,154,95,57,86,120,166,143,139,169,170,114,168,124,174,1,176,177,178,179,180,198,161,183,184,35,186,107,188,142,44,191,103,193,21,92,27,144,78,8,];False
6152;9644;15796;[81,42,15,3,110,5,6,32,85,14,187,11,134,13,9,199,65,17,72,19,172,194,22,23,24,25,140,7,43,29,30,102,12,135,34,185,36,37,38,94,40,165,151,52,163,45,116,47,48,49,149,167,28,53,54,55,79,51,80,59,93,61,62,63,64,16,66,67,60,69,70,71,18,73,98,75,159,77,89,90,58,96,82,83,56,76,68,87,88,146,84,91,100,74,126,162,108,97,31,99,115,101,26,192,104,195,33,127,160,181,41,128,112,113,190,10,173,164,118,119,4,121,122,123,105,125,39,182,111,2,130,156,132,129,133,106,136,137,138,20,196,141,189,46,197,145,109,147,148,50,150,117,152,153,175,155,131,157,158,171,0,154,95,57,86,120,166,143,139,169,170,114,168,124,174,1,176,177,178,179,180,198,161,183,184,35,186,107,188,142,44,191,103,193,21,92,27,144,78,8,];False
6067;9728;15795;[81,42,15,3,110,5,6,32,85,14,187,11,134,13,9,199,65,17,72,19,172,194,22,23,24,25,140,7,43,29,30,74,12,135,34,185,36,37,38,94,40,165,151,52,163,45,116,47,48,49,149,167,28,53,54,55,79,51,58,59,93,61,62,63,64,16,66,67,60,69,70,71,18,73,98,75,159,77,89,90,80,96,82,83,56,76,68,87,88,146,84,91,100,102,126,162,108,97,31,99,115,101,127,192,104,195,33,26,160,181,41,128,112,113,190,10,173,164,118,119,4,121,122,123,105,125,39,182,111,2,130,156,132,129,133,106,136,137,138,20,196,141,189,46,144,145,109,147,148,50,150,117,152,153,175,155,131,157,158,171,0,154,95,57,86,120,166,143,139,169,170,114,168,124,174,1,176,177,178,179,180,198,161,183,184,35,186,107,188,142,44,191,103,193,21,92,27,197,78,8,];False
6179;9603;15782;[81,42,15,3,110,5,6,32,85,14,187,11,134,13,9,199,65,17,72,19,172,194,22,23,24,25,140,7,43,29,30,74,12,135,34,185,36,37,38,94,40,165,151,52,163,45,116,47,48,49,149,167,28,53,54,55,56,51,58,59,93,61,62,63,64,16,66,67,60,69,70,71,18,73,98,75,159,77,89,90,80,96,82,83,79,76,68,87,88,146,84,91,100,102,126,162,108,97,31,99,115,101,127,192,104,195,33,26,160,181,41,128,112,113,190,10,173,164,118,119,4,121,122,123,105,125,39,182,111,2,130,156,132,129,133,106,136,137,138,20,196,141,189,46,144,145,109,147,148,50,150,117,152,153,175,155,131,157,158,171,0,154,95,57,86,120,166,143,139,169,170,114,168,124,174,1,176,177,178,179,180,198,161,183,184,35,186,107,188,142,44,191,103,193,21,92,27,197,78,8,];False
6102;9680;15782;[81,42,15,3,110,5,6,32,85,14,187,11,134,44,9,199,65,17,72,19,172,194,22,23,24,25,140,7,43,29,30,102,12,135,34,185,36,37,38,94,40,165,151,52,163,45,116,47,48,49,149,167,28,53,54,55,79,51,58,59,93,61,62,63,64,16,66,67,60,69,70,71,18,73,98,75,159,77,89,90,80,96,82,83,56,76,68,87,88,146,84,91,100,74,126,162,108,97,31,99,115,101,26,192,104,195,33,127,160,181,41,128,112,113,190,10,173,164,118,119,4,121,122,123,105,125,39,182,111,2,130,156,132,129,133,106,136,137,138,20,196,141,189,46,144,145,109,147,148,50,150,117,152,153,175,155,131,157,158,171,0,154,95,57,86,120,166,143,139,169,170,114,168,124,174,1,176,177,178,179,180,198,161,183,184,35,186,107,188,142,13,191,103,193,21,92,27,197,78,8,];False
6138;9643;15781;[81,42,15,3,110,5,6,32,85,14,187,11,134,13,9,199,65,17,72,19,172,194,22,23,24,25,140,7,43,29,30,102,12,135,34,185,36,37,38,94,40,165,151,52,163,45,116,47,48,49,149,167,28,53,54,55,79,51,58,59,93,61,62,63,186,16,66,67,60,69,70,71,18,73,98,75,159,77,89,90,80,96,82,83,56,76,68,87,88,146,84,91,100,74,126,162,108,97,31,99,115,101,26,192,104,195,33,127,160,181,41,128,112,113,190,10,173,164,118,119,4,121,122,123,105,125,39,182,111,2,130,156,132,129,133,106,136,137,138,20,196,141,189,46,144,145,109,147,148,50,150,117,152,153,175,155,131,157,158,171,0,154,95,57,86,120,166,143,139,169,170,114,168,124,174,1,176,177,178,179,180,198,161,183,184,35,64,107,188,142,44,191,103,193,21,92,27,197,78,8,];False
6074;9701;15775;[81,42,15,3,110,5,6,32,85,14,187,11,134,13,9,199,65,17,72,19,172,194,22,23,24,25,140,7,43,29,30,102,12,135,34,185,36,37,38,94,40,165,151,52,163,45,116,47,48,49,149,167,28,53,54,55,79,51,58,59,93,61,62,63,64,16,66,67,60,69,70,71,18,73,98,75,159,77,89,90,80,96,82,83,56,76,68,87,88,146,84,91,100,74,126,162,108,97,31,99,115,101,26,192,104,195,33,127,44,181,41,128,112,113,190,10,173,164,118,119,4,121,122,123,105,125,39,182,111,2,130,156,132,129,133,106,136,137,138,20,196,141,189,46,197,145,109,147,148,50,150,117,152,153,175,155,131,157,158,171,0,154,95,57,86,120,166,143,139,169,170,114,168,124,174,1,176,177,178,179,180,198,161,183,184,35,186,107,188,142,160,191,103,193,21,92,27,144,78,8,];False
6094;9672;15766;[81,42,15,3,110,5,6,32,85,14,187,11,134,13,9,199,65,17,72,19,172,194,22,23,24,25,140,7,43,29,30,102,12,135,34,185,36,37,38,94,40,165,151,52,163,45,116,47,48,49,149,167,28,53,54,55,79,51,58,59,93,61,62,63,64,16,66,67,60,69,70,148,18,73,98,75,159,77,89,90,80,96,82,83,56,76,68,87,88,146,84,91,100,74,126,162,108,97,31,99,115,101,26,192,104,195,33,127,160,181,41,128,112,113,190,10,173,164,118,119,4,121,122,123,105,125,39,182,111,2,130,156,132,129,133,106,136,137,138,20,196,141,189,46,144,145,109,147,71,50,150,117,152,153,175,155,131,157,158,171,0,154,95,57,86,120,166,143,139,169,170,114,168,124,174,1,176,177,178,179,180,198,161,183,184,35,186,107,188,142,44,191,103,193,21,92,27,197,78,8,];False
6102;9663;15765;[81,42,15,3,110,5,6,32,85,14,187,11,134,13,9,199,65,17,72,19,172,194,22,23,24,25,140,7,43,29,30,102,12,135,34,185,36,37,38,94,40,165,151,171,163,45,116,47,48,49,149,167,28,53,54,55,79,51,58,59,93,61,62,63,64,16,66,67,60,69,70,71,18,73,98,75,159,77,89,90,80,96,82,83,56,76,68,87,88,146,84,91,100,74,126,162,108,97,31,99,115,101,26,192,104,195,33,127,160,181,41,128,112,113,190,10,173,164,118,119,4,121,122,123,105,125,39,182,111,2,130,156,132,129,133,106,136,137,138,20,196,141,189,46,144,145,109,147,148,50,150,117,152,153,175,155,131,157,158,52,0,154,95,57,86,120,166,143,139,169,170,114,168,124,174,1,176,177,178,179,180,198,161,183,184,35,186,107,188,142,44,191,103,193,21,92,27,197,78,8,];False
6130;9633;15763;[81,42,15,3,110,5,6,32,85,14,187,11,134,13,9,199,65,17,72,19,172,194,22,23,24,25,140,7,43,29,30,102,12,135,34,185,131,37,38,94,40,165,151,52,163,45,116,47,48,49,149,167,28,53,54,55,79,51,58,59,93,61,62,63,64,16,66,67,60,69,70,71,18,73,98,75,159,77,89,90,80,96,82,83,56,76,68,87,88,146,84,91,100,74,126,162,108,97,31,99,115,101,26,192,104,195,33,127,160,181,41,128,112,113,190,10,173,164,118,119,4,121,122,123,105,125,39,182,111,2,130,156,132,129,133,106,136,137,138,20,196,141,189,46,144,145,109,147,148,50,150,117,152,153,175,155,36,157,158,171,0,154,95,57,86,120,166,143,139,169,170,114,168,124,174,1,176,177,178,179,180,198,161,183,184,35,186,107,188,142,44,191,103,193,21,92,27,197,78,8,];False
6075;9686;15761;[81,42,15,3,110,5,6,32,85,14,187,11,134,13,9,199,65,17,72,19,172,194,22,23,24,25,140,7,43,29,30,102,12,135,34,185,36,37,38,94,40,165,112,52,163,45,116,47,48,49,149,167,28,53,54,55,79,51,58,59,93,61,62,63,64,16,66,67,60,69,70,71,18,73,98,75,159,77,89,90,80,96,82,83,56,76,68,87,88,146,84,91,100,74,126,162,108,97,31,99,115,101,26,192,104,195,33,127,160,181,41,128,151,113,190,10,173,164,118,119,4,121,122,123,105,125,39,182,111,2,130,156,132,129,133,106,136,137,138,20,196,141,189,46,144,145,109,147,148,50,150,117,152,153,175,155,131,157,158,171,0,154,95,57,86,120,166,143,139,169,170,114,168,124,174,1,176,177,178,179,180,198,161,183,184,35,186,107,188,142,44,191,103,193,21,92,27,197,78,8,];False
6031;9720;15751;[81,42,15,3,110,5,6,32,85,14,113,11,134,13,9,199,65,17,72,19,172,194,22,23,24,25,140,7,43,29,30,102,12,135,34,185,36,37,38,94,40,165,151,52,163,45,116,47,48,49,149,167,28,53,54,55,79,51,58,59,93,61,62,63,64,16,66,67,60,69,70,71,18,73,98,75,159,77,89,90,80,96,82,83,56,76,68,87,88,146,84,91,100,74,126,162,108,97,31,99,115,101,26,192,104,195,33,127,160,181,41,128,112,187,190,10,173,164,118,119,4,121,122,123,105,125,39,182,111,2,130,156,132,129,133,106,136,137,138,20,196,141,189,46,197,145,109,147,148,50,150,117,152,153,175,155,131,157,158,171,0,154,95,57,86,120,166,143,139,169,170,114,168,124,174,1,176,177,178,179,180,198,161,183,184,35,186,107,188,142,44,191,103,193,21,92,27,144,78,8,];False
6010;9740;15750;[81,42,15,3,110,5,6,32,85,14,187,11,134,13,9,199,65,17,72,19,172,194,22,23,24,25,140,7,43,29,30,102,12,135,34,185,36,37,38,94,40,165,151,52,163,45,116,47,48,49,149,167,28,53,54,55,79,51,58,59,93,61,62,63,64,16,66,67,60,69,70,71,18,73,98,75,159,77,89,90,80,96,82,83,56,76,68,87,88,146,84,91,100,74,126,57,108,97,31,99,115,101,26,192,104,195,33,127,160,181,41,128,112,113,190,10,173,164,118,119,4,121,122,123,105,125,39,182,111,2,130,156,132,129,133,106,136,137,138,20,196,141,189,46,197,145,109,147,148,50,150,117,152,153,175,155,131,157,158,171,0,154,95,162,86,120,166,143,139,169,170,114,168,124,174,1,176,177,178,179,180,198,161,183,184,35,186,107,188,142,44,191,103,193,21,92,27,144,78,8,];False
6076;9673;15749;[81,42,15,3,110,5,6,32,85,14,187,11,134,13,9,199,65,17,72,19,172,194,22,23,24,25,140,7,43,29,30,102,12,135,34,185,36,37,38,94,40,165,151,52,163,45,116,47,48,49,149,167,28,53,54,55,79,112,58,59,93,61,62,63,64,16,66,67,60,69,70,71,18,73,98,75,159,77,89,90,80,96,82,83,56,76,68,87,88,146,84,91,100,74,126,162,108,97,31,99,115,101,26,192,104,195,33,127,160,181,41,128,51,113,190,10,173,164,118,119,4,121,122,123,105,125,39,182,111,2,130,156,132,129,133,106,136,137,138,20,196,141,189,46,144,145,109,147,148,50,150,117,152,153,175,155,131,157,158,171,0,154,95,57,86,120,166,143,139,169,170,114,168,124,174,1,176,177,178,179,180,198,161,183,184,35,186,107,188,142,44,191,103,193,21,92,27,197,78,8,];False
6083;9664;15747;[81,42,15,3,110,5,6,32,85,14,187,11,134,13,9,199,65,17,72,19,172,194,22,23,24,25,140,7,43,29,30,102,12,135,34,185,36,37,38,94,40,165,151,52,163,45,116,47,48,49,149,167,28,53,54,55,79,51,58,59,93,119,62,63,64,16,66,67,60,69,70,71,18,73,98,75,159,77,89,90,80,96,82,83,56,76,68,87,88,146,84,91,100,74,126,162,108,97,31,99,115,101,26,192,104,195,33,127,160,181,41,128,112,113,190,10,173,164,118,61,4,121,122,123,105,125,39,182,111,2,130,156,132,129,133,106,136,137,138,20,196,141,189,46,197,145,109,147,148,50,150,117,152,153,175,155,131,157,158,171,0,154,95,57,86,120,166,143,139,169,170,114,168,124,174,1,176,177,178,179,180,198,161,183,184,35,186,107,188,142,44,191,103,193,21,92,27,144,78,8,];False
6048;9697;15745;[81,42,15,3,110,5,6,32,85,14,187,11,134,13,9,199,65,17,72,19,172,194,22,23,24,25,140,7,43,29,30,102,12,135,34,185,36,37,38,94,40,165,151,52,163,45,116,47,48,49,149,167,28,53,54,55,79,51,58,59,93,61,62,63,64,16,66,67,60,69,70,71,18,73,98,75,159,77,89,90,80,96,82,83,56,76,68,87,88,190,84,91,100,74,126,162,108,97,31,99,115,101,26,192,104,195,33,127,160,181,41,128,112,113,146,10,173,164,118,119,4,121,122,123,105,125,39,182,111,2,130,156,132,129,133,106,136,137,138,20,196,141,189,46,197,145,109,147,148,50,150,117,152,153,175,155,131,157,158,171,0,154,95,57,86,120,166,143,139,169,170,114,168,124,174,1,176,177,178,179,180,198,161,183,184,35,186,107,188,142,44,191,103,193,21,92,27,144,78,8,];False
6071;9671;15742;[81,42,15,3,110,5,6,135,85,14,187,11,134,13,9,199,65,17,72,19,172,194,22,23,24,25,140,7,43,29,30,102,12,32,34,185,36,37,38,94,40,165,151,52,163,45,116,47,48,49,149,167,28,53,54,55,79,51,58,59,93,61,62,63,64,16,66,67,60,69,70,71,18,73,98,75,159,77,89,90,80,96,82,83,56,76,68,87,88,146,84,91,100,74,126,162,108,97,31,99,115,101,26,192,104,195,33,127,160,181,41,128,112,113,190,10,173,164,118,119,4,121,122,123,105,125,39,182,111,2,130,156,132,129,133,106,136,137,138,20,196,141,189,46,144,145,109,147,148,50,150,117,152,153,175,155,131,157,158,171,0,154,95,57,86,120,166,143,139,169,170,114,168,124,174,1,176,177,178,179,180,198,161,183,184,35,186,107,188,142,44,191,103,193,21,92,27,197,78,8,];False
6089;9649;15738;[81,42,15,3,110,5,6,32,85,14,187,11,134,13,9,199,65,17,72,19,82,194,22,23,24,25,140,7,43,29,30,102,12,135,34,185,36,37,38,94,40,165,151,52,163,45,116,47,48,49,149,167,28,53,54,55,79,51,58,59,93,61,62,63,64,16,66,67,60,69,70,71,18,73,98,75,159,77,89,90,80,96,172,83,56,76,68,87,88,146,84,91,100,74,126,162,108,97,31,99,115,101,26,192,104,195,33,127,160,181,41,128,112,113,190,10,173,164,118,119,4,121,122,123,105,125,39,182,111,2,130,156,132,129,133,106,136,137,138,20,196,141,189,46,144,145,109,147,148,50,150,117,152,153,175,155,131,157,158,171,0,154,95,57,86,120,166,143,139,169,170,114,168,124,174,1,176,177,178,179,180,198,161,183,184,35,186,107,188,142,44,191,103,193,21,92,27,197,78,8,];False
6102;9632;15734;[81,42,15,3,110,5,6,32,85,14,187,11,134,13,9,199,65,17,72,19,172,194,22,23,24,25,140,7,43,29,30,102,12,135,34,185,36,37,38,94,40,165,151,52,163,45,116,47,48,49,149,167,31,53,54,55,79,51,58,59,93,61,62,63,64,16,66,67,60,69,70,71,18,73,98,75,159,77,89,90,80,96,82,83,56,76,68,87,88,146,84,91,100,74,126,162,108,97,28,99,115,101,26,192,104,195,33,127,160,181,41,128,112,113,190,10,173,164,118,119,4,121,122,123,105,125,39,182,111,2,130,156,132,129,133,106,136,137,138,20,196,141,189,46,144,145,109,147,148,50,150,117,152,153,175,155,131,157,158,171,0,154,95,57,86,120,166,143,139,169,170,114,168,124,174,1,176,177,178,179,180,198,161,183,184,35,186,107,188,142,44,191,103,193,21,92,27,197,78,8,];False
6075;9653;15728;[81,42,15,3,110,5,6,32,85,14,187,11,134,13,9,199,65,17,72,19,172,194,22,23,24,25,140,7,43,29,30,102,12,135,34,185,36,37,38,94,40,165,151,52,163,45,116,47,48,49,149,167,28,53,54,55,79,51,58,59,93,61,62,63,64,16,66,67,60,69,70,71,176,73,98,75,159,77,89,90,80,96,82,83,56,76,68,87,88,146,84,91,100,74,126,162,108,97,31,99,115,101,26,192,104,195,33,127,160,181,41,128,112,113,190,10,173,164,118,119,4,121,122,123,105,125,39,182,111,2,130,156,132,129,133,106,136,137,138,20,196,141,189,46,197,145,109,147,148,50,150,117,152,153,175,155,131,157,158,171,0,154,95,57,86,120,166,143,139,169,170,114,168,124,174,1,18,177,178,179,180,198,161,183,184,35,186,107,188,142,44,191,103,193,21,92,27,144,78,8,];False
5993;9729;15722;[81,42,15,3,110,5,6,32,85,14,187,11,134,13,9,199,65,159,72,19,172,194,22,23,24,25,140,7,43,29,30,102,12,135,34,185,36,37,38,94,40,165,151,52,163,45,116,47,48,49,149,167,28,53,54,55,79,51,58,59,93,61,62,63,64,16,66,67,60,69,70,71,18,73,98,75,17,77,89,90,80,96,82,83,56,76,68,87,88,146,84,91,100,74,126,162,108,97,31,99,115,101,26,192,104,195,33,127,160,181,41,128,112,113,190,10,173,164,118,119,4,121,122,123,105,125,39,182,111,2,130,156,132,129,133,106,136,137,138,20,196,141,189,46,197,145,109,147,148,50,150,117,152,153,175,155,131,157,158,171,0,154,95,57,86,120,166,143,139,169,170,114,168,124,174,1,176,177,178,179,180,198,161,183,184,35,186,107,188,142,44,191,103,193,21,92,27,144,78,8,];False
6011;9710;15721;[81,42,15,3,110,5,6,32,85,14,187,11,134,13,9,199,65,17,72,19,172,194,22,23,24,25,140,7,43,29,30,102,12,135,34,185,36,37,38,94,40,165,191,52,163,45,116,47,48,49,149,167,28,53,54,55,79,51,58,59,93,61,62,63,64,16,66,67,60,69,70,71,18,73,98,75,159,77,89,90,80,96,82,83,56,76,68,87,88,146,84,91,100,74,126,162,108,97,31,99,115,101,26,192,104,195,33,127,160,181,41,128,112,113,190,10,173,164,118,119,4,121,122,123,105,125,39,182,111,2,130,156,132,129,133,106,136,137,138,20,196,141,189,46,144,145,109,147,148,50,150,117,152,153,175,155,131,157,158,171,0,154,95,57,86,120,166,143,139,169,170,114,168,124,174,1,176,177,178,179,180,198,161,183,184,35,186,107,188,142,44,151,103,193,21,92,27,197,78,8,];False
6049;9668;15717;[81,42,15,3,110,5,178,32,85,14,187,11,134,13,9,199,65,17,72,19,172,194,22,23,24,25,140,7,43,29,30,102,12,135,34,185,36,37,38,94,40,165,151,52,163,45,116,47,48,49,149,167,28,53,54,55,79,51,58,59,93,61,62,63,64,16,66,67,60,69,70,71,18,73,98,75,159,77,89,90,80,96,82,83,56,76,68,87,88,146,84,91,100,74,126,162,108,97,31,99,115,101,127,192,104,195,33,26,160,181,41,128,112,113,190,10,173,164,118,119,4,121,122,123,105,125,39,182,111,2,130,156,132,129,133,106,136,137,138,20,196,141,189,46,144,145,109,147,148,50,150,117,152,153,175,155,131,157,158,171,0,154,95,57,86,120,166,143,139,169,170,114,168,124,174,1,176,177,6,179,180,198,161,183,184,35,186,107,188,142,44,191,103,193,21,92,27,197,78,8,];False
6015;9700;15715;[81,42,15,3,110,5,6,32,85,14,187,11,134,13,9,199,65,17,72,19,172,194,22,23,24,25,140,7,43,29,30,102,12,135,34,185,36,37,38,94,40,165,151,52,163,45,116,47,48,49,149,167,28,53,54,55,79,51,58,59,93,61,62,63,64,16,66,67,60,69,70,71,18,73,98,75,159,77,89,90,80,96,82,83,56,76,68,87,88,146,84,91,100,74,126,162,108,97,31,99,115,101,26,192,104,195,33,127,160,181,41,128,112,113,106,10,173,164,118,119,4,121,122,123,105,125,39,182,111,2,130,156,132,129,133,190,136,137,138,20,196,141,189,46,197,145,109,147,148,50,150,117,152,153,175,155,131,157,158,171,0,154,95,57,86,120,166,143,139,169,170,114,168,124,174,1,176,177,178,179,180,198,161,183,184,35,186,107,188,142,44,191,103,193,21,92,27,144,78,8,];False
6029;9685;15714;[81,42,15,3,110,5,6,32,85,14,187,11,134,13,9,199,65,17,72,149,172,194,22,23,24,25,140,7,43,29,30,102,12,135,34,185,36,37,38,94,40,165,151,52,163,45,116,47,48,49,19,167,28,53,54,55,79,51,58,59,93,61,62,63,64,16,66,67,60,69,70,71,18,73,98,75,159,77,89,90,80,96,82,83,56,76,68,87,88,146,84,91,100,74,126,162,108,97,31,99,115,101,26,192,104,195,33,127,160,181,41,128,112,113,190,10,173,164,118,119,4,121,122,123,105,125,39,182,111,2,130,156,132,129,133,106,136,137,138,20,196,141,189,46,144,145,109,147,148,50,150,117,152,153,175,155,131,157,158,171,0,154,95,57,86,120,166,143,139,169,170,114,168,124,174,1,176,177,178,179,180,198,161,183,184,35,186,107,188,142,44,191,103,193,21,92,27,197,78,8,];False
6057;9655;15712;[91,42,15,3,110,5,6,32,85,14,187,11,134,13,9,199,65,17,72,19,172,194,22,23,24,25,140,7,43,29,30,102,12,135,34,185,36,37,38,94,40,165,151,52,163,45,116,47,48,49,149,167,28,53,54,55,79,51,58,59,93,61,62,63,64,16,66,67,60,69,70,71,18,73,98,75,159,77,89,90,80,96,82,83,56,76,68,87,88,146,84,81,100,74,126,162,108,97,31,99,115,101,127,192,104,195,33,26,160,181,41,128,112,113,190,10,173,164,118,119,4,121,122,123,105,125,39,182,111,2,130,156,132,129,133,106,136,137,138,20,196,141,189,46,144,145,109,147,148,50,150,117,152,153,175,155,131,157,158,171,0,154,95,57,86,120,166,143,139,169,170,114,168,124,174,1,176,177,178,179,180,198,161,183,184,35,186,107,188,142,44,191,103,193,21,92,27,197,78,8,];False
6036;9669;15705;[81,42,15,3,110,5,6,32,85,14,187,11,134,13,9,199,65,17,72,19,172,194,22,23,24,25,140,7,43,29,30,102,12,135,34,185,36,37,38,94,40,165,151,52,163,45,116,47,48,49,149,167,28,53,54,55,79,51,58,59,93,61,62,63,64,16,66,67,60,69,70,71,18,73,98,75,159,77,89,90,80,96,82,83,56,76,68,87,88,146,84,91,100,74,126,162,108,97,31,99,115,101,127,192,104,195,33,26,160,181,41,128,112,113,190,10,173,164,118,119,4,121,122,123,105,125,39,182,111,2,130,156,132,129,133,106,136,137,138,20,196,141,189,46,144,145,109,147,148,50,150,117,152,153,175,155,131,157,158,171,0,154,95,57,86,120,166,143,139,169,170,114,168,124,174,1,176,177,178,179,180,198,161,183,184,35,186,107,188,142,44,191,103,193,21,92,27,197,78,8,];False
6069;9624;15693;[81,42,15,3,110,5,6,32,85,14,187,11,134,13,9,199,65,17,72,19,172,194,22,23,24,25,140,7,43,29,30,102,12,135,34,185,36,37,38,94,40,165,151,52,163,45,116,47,48,49,149,167,28,53,54,55,79,181,58,59,93,61,62,63,64,16,66,67,60,69,70,71,18,73,98,75,159,77,89,90,80,96,82,83,56,76,68,87,88,146,84,91,100,74,126,162,108,97,31,99,115,101,26,192,104,195,33,127,160,51,41,128,112,113,190,10,173,164,118,119,4,121,122,123,105,125,39,182,111,2,130,156,132,129,133,106,136,137,138,20,196,141,189,46,197,145,109,147,148,50,150,117,152,153,175,155,131,157,158,171,0,154,95,57,86,120,166,143,139,169,170,114,168,124,174,1,176,177,178,179,180,198,161,183,184,35,186,107,188,142,44,191,103,193,21,92,27,144,78,8,];False
5991;9682;15673;[81,42,15,3,110,5,6,32,85,14,187,11,134,13,9,199,65,17,72,19,172,194,22,23,24,25,140,7,43,29,30,102,12,135,34,185,36,37,38,94,40,165,151,52,163,45,116,47,48,49,149,167,28,53,54,55,79,51,58,59,93,61,62,63,64,16,66,67,60,69,70,71,18,73,98,89,159,77,75,90,80,96,82,83,56,76,68,87,88,146,84,91,100,74,126,162,108,97,31,99,115,101,26,192,104,195,33,127,160,181,41,128,112,113,190,10,173,164,118,119,4,121,122,123,105,125,39,182,111,2,130,156,132,129,133,106,136,137,138,20,196,141,189,46,197,145,109,147,148,50,150,117,152,153,175,155,131,157,158,171,0,154,95,57,86,120,166,143,139,169,170,114,168,124,174,1,176,177,178,179,180,198,161,183,184,35,186,107,188,142,44,191,103,193,21,92,27,144,78,8,];False
5969;9702;15671;[81,42,15,3,110,106,6,32,85,14,187,11,134,13,9,199,65,17,72,19,172,194,22,23,24,25,140,7,43,29,30,102,12,135,34,185,36,37,38,94,40,165,151,52,163,45,116,47,48,49,149,167,28,53,54,55,79,51,58,59,93,61,62,63,64,16,66,67,60,69,70,71,18,73,98,75,159,77,89,90,80,96,82,83,56,76,68,87,88,146,84,91,100,74,126,162,108,97,31,99,115,101,26,192,104,195,33,127,160,181,41,128,112,113,190,10,173,164,118,119,4,121,122,123,105,125,39,182,111,2,130,156,132,129,133,5,136,137,138,20,196,141,189,46,197,145,109,147,148,50,150,117,152,153,175,155,131,157,158,171,0,154,95,57,86,120,166,143,139,169,170,114,168,124,174,1,176,92,178,179,180,198,161,183,184,35,186,107,188,142,44,191,103,193,21,177,27,144,78,8,];False
5971;9693;15664;[81,42,15,3,110,5,6,32,85,14,187,11,134,13,9,199,65,17,72,19,172,194,22,23,104,25,140,7,43,29,30,102,12,135,34,185,36,37,38,94,40,165,151,52,163,45,116,47,48,49,149,167,28,53,54,55,79,51,58,59,93,61,62,63,64,16,66,67,60,69,70,71,18,73,98,75,159,77,89,90,80,96,82,83,56,76,68,87,88,146,84,91,100,74,126,162,108,97,31,99,115,101,26,192,24,195,33,127,160,181,41,128,112,113,190,10,173,164,118,119,4,121,122,123,105,125,39,182,111,2,130,156,132,129,133,106,136,137,138,20,196,141,189,46,197,145,109,147,148,50,150,117,152,153,175,155,131,157,158,171,0,154,95,57,86,120,166,143,139,169,170,114,168,124,174,1,176,92,178,179,180,198,161,183,184,35,186,107,188,142,44,191,103,193,21,177,27,144,78,8,];False
5976;9687;15663;[81,42,15,3,110,5,6,178,85,14,187,11,134,13,9,199,65,17,72,19,172,194,22,23,24,25,140,7,43,29,30,102,12,135,34,185,36,37,38,94,40,165,151,52,163,45,116,47,48,49,149,167,28,53,54,55,79,51,58,59,93,61,62,63,64,16,66,67,60,69,70,71,18,73,98,75,159,77,89,90,80,96,82,83,56,76,68,87,88,146,84,91,100,74,126,162,108,97,31,99,115,101,26,192,104,195,33,127,160,181,41,128,112,113,190,10,173,164,118,119,4,121,122,123,105,125,39,182,111,2,130,156,132,129,133,106,136,137,138,20,196,141,189,46,197,145,109,147,148,50,150,117,152,153,175,155,131,157,158,171,0,154,95,57,86,120,166,143,139,169,170,114,168,124,174,1,176,177,32,179,180,198,161,183,184,35,186,107,188,142,44,191,103,193,21,92,27,144,78,8,];False
5996;9665;15661;[81,42,15,3,110,5,6,32,85,14,187,11,134,13,9,199,65,17,72,19,172,194,22,23,24,25,140,7,43,29,30,102,12,135,34,185,36,37,38,94,40,165,151,52,163,45,116,47,48,49,149,167,28,53,54,55,79,176,58,59,93,61,62,63,64,16,66,67,60,69,70,71,18,73,98,75,159,77,89,90,80,96,82,83,56,76,68,87,88,146,84,91,100,74,126,162,108,97,31,99,115,101,26,192,104,195,33,127,160,181,41,128,112,113,190,10,173,164,118,119,4,121,122,123,105,125,39,182,111,2,130,156,132,129,133,106,136,137,138,20,196,141,189,46,144,145,109,147,148,50,150,117,152,153,175,155,131,157,158,171,0,154,95,57,86,120,166,143,139,169,170,114,168,124,174,1,51,177,178,179,180,198,161,183,184,35,186,107,188,142,44,191,103,193,21,92,27,197,78,8,];False
5909;9751;15660;[81,42,15,3,110,5,6,32,85,14,187,11,134,13,9,199,65,17,72,19,172,194,22,23,24,25,139,7,43,29,30,102,12,135,34,185,36,37,38,94,40,165,151,52,163,45,116,47,48,49,149,167,28,53,54,55,79,51,58,59,93,61,62,63,64,16,66,67,60,69,70,71,18,73,98,75,159,77,89,90,80,96,82,83,56,76,68,87,88,128,84,91,100,74,126,162,108,97,31,99,115,101,26,192,104,195,33,127,160,181,41,146,112,113,190,10,173,164,118,119,4,121,122,123,105,125,39,182,111,2,130,156,132,129,133,106,136,137,138,20,196,141,189,46,197,145,109,147,148,50,150,117,152,153,175,155,131,157,158,171,0,154,95,57,86,120,166,143,140,169,170,114,168,124,174,1,176,92,178,179,180,198,161,183,184,35,186,107,188,142,44,191,103,193,21,177,27,144,78,8,];False
5858;9785;15643;[81,42,15,3,110,5,6,32,85,14,187,92,134,13,9,199,65,17,72,19,172,194,22,23,24,25,140,7,43,29,30,102,12,135,34,185,36,37,38,94,40,165,151,52,163,45,116,47,48,49,149,167,28,53,54,120,79,51,58,59,93,61,62,63,64,16,66,67,60,69,70,71,18,73,98,75,159,77,89,90,80,96,82,83,56,76,68,87,88,128,84,91,100,74,126,162,108,97,31,99,115,101,26,192,104,195,33,127,160,181,41,146,112,113,190,10,173,164,118,119,4,121,122,123,105,125,39,182,111,2,130,156,132,129,133,106,136,137,138,20,196,141,189,46,197,145,109,147,148,50,150,117,152,153,175,155,131,157,158,171,0,154,95,57,86,55,166,143,139,169,170,114,168,124,174,1,176,11,178,179,180,198,161,183,184,35,186,107,188,142,44,191,103,193,21,177,27,144,78,8,];False
5952;9684;15636;[81,42,15,3,110,5,6,32,85,14,187,11,134,13,9,199,65,17,72,19,172,194,22,23,24,25,140,7,43,29,30,102,12,135,34,185,36,37,38,94,40,165,151,52,163,45,116,47,48,49,149,167,28,53,54,55,79,51,58,59,93,61,62,63,64,16,66,67,60,69,70,71,18,73,98,75,159,77,89,90,80,96,82,83,56,76,68,87,88,146,84,91,100,74,126,162,108,97,31,99,115,101,26,192,104,195,33,127,160,181,41,128,112,113,190,10,173,164,118,119,4,121,122,123,105,125,39,182,111,2,130,156,132,129,133,106,136,137,138,20,196,141,189,46,197,145,109,147,148,50,150,117,152,153,175,155,131,157,158,171,0,154,95,57,86,120,166,143,139,169,170,114,168,124,174,1,176,177,178,179,180,198,161,183,184,35,186,107,188,142,44,191,103,193,21,92,27,144,78,8,];False
6033;9601;15634;[81,42,15,3,110,5,6,32,85,14,187,11,134,13,9,199,65,17,72,19,172,194,22,23,24,25,140,7,43,29,30,102,12,135,34,185,36,37,38,94,40,165,151,52,163,45,116,47,48,49,149,167,28,53,54,131,79,51,58,59,93,61,62,63,64,16,66,67,60,69,70,71,18,73,98,75,159,77,89,90,80,96,82,83,56,76,68,87,88,146,84,91,100,74,126,162,108,97,31,99,115,101,26,192,104,195,33,127,160,181,41,128,112,113,190,10,173,164,118,119,4,121,122,123,105,125,39,182,111,2,130,156,132,129,133,106,136,137,138,20,196,141,189,46,144,145,109,147,148,50,150,117,152,153,175,155,55,157,158,171,0,154,95,57,86,120,166,143,139,169,170,114,168,124,174,1,176,177,178,179,180,198,161,183,184,35,186,107,188,142,44,191,103,193,21,92,27,197,78,8,];False
5967;9665;15632;[81,42,15,3,110,5,6,32,85,14,187,11,134,13,9,199,65,17,72,19,172,194,22,23,24,25,140,7,43,29,30,102,12,135,34,185,36,37,38,94,40,165,151,52,163,45,116,47,48,49,149,167,28,53,54,55,79,51,58,59,93,61,62,63,64,16,66,67,60,69,70,71,18,73,98,75,159,77,89,90,80,96,82,83,56,76,68,87,88,146,84,91,100,74,126,162,108,97,31,99,115,101,26,192,104,195,33,127,160,181,41,128,112,113,190,10,173,164,118,119,4,121,122,123,105,125,39,182,111,2,130,156,132,129,133,106,136,137,138,20,196,141,189,46,144,145,109,147,148,50,150,117,152,153,175,155,131,157,158,171,0,154,95,57,86,120,166,143,139,169,170,114,168,124,174,1,176,177,178,179,180,198,161,183,184,35,186,107,188,142,44,191,103,193,21,92,27,197,78,8,];False
5946;9685;15631;[81,42,15,3,110,5,6,32,85,14,187,11,134,13,9,199,65,17,72,19,172,194,22,23,24,25,140,7,43,29,30,102,12,135,34,185,36,37,38,94,40,165,151,52,163,45,116,47,48,49,149,167,28,53,54,55,79,51,58,59,93,61,62,63,64,16,66,67,60,69,70,71,18,73,98,75,159,77,89,90,80,96,82,83,56,76,68,87,88,146,84,91,100,74,126,162,108,97,31,99,115,101,26,192,104,195,33,127,160,181,41,128,112,113,190,10,173,164,118,119,4,121,122,123,105,125,39,182,111,2,130,156,132,129,133,106,136,137,138,20,196,141,189,46,197,145,109,147,148,50,150,117,152,153,175,155,131,157,158,171,0,154,95,57,86,27,166,143,139,169,170,114,168,124,174,1,176,92,178,179,180,198,161,183,184,35,186,107,188,142,44,191,103,193,21,177,120,144,78,8,];False
5986;9638;15624;[81,42,15,3,110,5,6,32,85,14,160,11,134,13,9,199,65,17,72,19,172,194,22,23,24,25,140,7,43,29,30,102,12,135,34,185,36,37,38,94,40,165,151,52,163,45,116,47,48,49,149,167,28,53,54,55,79,51,58,59,93,61,62,63,64,16,66,67,60,69,70,71,18,73,98,75,159,77,89,90,80,96,82,83,56,76,68,87,88,146,84,91,100,74,126,162,108,97,31,99,115,101,26,192,104,195,33,127,187,181,41,128,112,113,190,10,173,164,118,119,4,121,122,123,105,125,39,182,111,2,130,156,132,129,133,106,136,137,138,20,196,141,189,46,144,145,109,147,148,50,150,117,152,153,175,155,131,157,158,171,0,154,95,57,86,120,166,143,139,169,170,114,168,124,174,1,176,177,178,179,180,198,161,183,184,35,186,107,188,142,44,191,103,193,21,92,27,197,78,8,];False
5917;9703;15620;[81,42,15,3,110,5,6,32,85,14,187,11,134,13,9,199,65,17,72,19,172,194,22,23,24,25,140,7,43,29,30,102,12,135,34,185,36,37,38,94,40,165,151,52,163,45,116,182,48,49,149,167,28,53,54,120,79,51,58,59,93,61,62,63,64,16,66,67,60,69,70,71,18,73,98,75,159,77,89,90,80,96,82,83,56,76,68,87,88,128,84,91,100,74,126,162,108,97,31,99,115,101,26,192,104,195,33,127,160,181,41,146,112,113,190,10,173,164,118,119,4,121,122,123,105,125,39,47,111,2,130,156,132,129,133,106,136,137,138,20,196,141,189,46,197,145,109,147,148,50,150,117,152,153,175,155,131,157,158,171,0,154,95,57,86,55,166,143,139,169,170,114,168,124,174,1,176,92,178,179,180,198,161,183,184,35,186,107,188,142,44,191,103,193,21,177,27,144,78,8,];False
5940;9667;15607;[81,42,15,3,110,5,6,32,85,14,187,11,134,13,9,199,65,17,72,19,172,194,22,23,24,25,140,7,43,29,30,102,12,135,34,185,36,37,38,94,40,165,151,52,163,45,116,47,48,49,149,167,28,53,54,55,79,51,58,59,93,61,62,63,64,16,66,67,60,69,70,71,18,73,98,75,159,77,89,90,80,96,101,83,56,76,68,87,88,146,84,91,100,74,126,162,108,97,31,99,115,82,26,192,104,195,33,127,160,181,41,128,112,113,190,10,173,164,118,119,4,121,122,123,105,125,39,182,111,2,130,156,132,129,133,106,136,137,138,20,196,141,189,46,197,145,109,147,148,50,150,117,152,153,175,155,131,157,158,171,0,154,95,57,86,120,166,143,139,169,170,114,168,124,174,1,176,92,178,179,180,198,161,183,184,35,186,107,188,142,44,191,103,193,21,177,27,144,78,8,];False
5880;9720;15600;[81,42,15,3,110,5,6,32,85,14,187,11,134,13,9,199,65,17,72,19,172,194,22,23,24,25,140,7,43,29,30,102,21,135,34,185,36,37,38,94,40,165,151,52,163,45,116,47,48,49,149,167,28,53,54,120,79,51,58,59,93,61,62,63,64,16,66,67,60,69,70,71,18,73,98,75,159,77,89,90,80,96,82,83,56,76,68,87,88,128,84,91,100,74,126,162,108,97,31,99,115,101,26,192,104,195,33,127,160,181,41,146,112,113,190,10,173,164,118,119,4,121,122,123,105,125,39,182,111,2,130,156,132,129,133,106,136,137,138,20,196,141,189,46,197,145,109,147,148,50,150,117,152,153,175,155,131,157,158,171,0,154,95,57,86,55,166,143,139,169,170,114,168,124,174,1,176,92,178,179,180,198,161,183,184,35,186,107,188,142,44,191,103,193,12,177,27,144,78,8,];False
5806;9768;15574;[81,42,15,3,110,5,6,32,85,14,187,11,134,13,9,199,65,17,72,19,172,2,22,23,24,25,140,7,43,29,30,102,12,135,34,185,36,37,38,94,40,165,151,52,163,45,116,47,48,49,149,167,28,53,54,55,79,51,58,59,93,61,62,63,64,16,66,67,60,69,70,71,18,73,98,75,159,77,89,90,80,96,82,83,56,76,68,87,88,128,84,91,100,74,126,162,108,97,31,99,115,101,26,192,104,195,33,127,160,181,41,146,112,113,190,10,173,164,118,119,4,121,122,123,105,125,39,182,111,194,130,156,132,129,133,106,136,137,138,20,196,141,189,46,197,145,109,147,148,50,150,117,152,153,175,155,131,157,158,171,0,154,95,57,86,120,166,143,139,169,170,114,168,124,174,1,176,92,178,179,180,198,161,183,184,35,186,107,188,142,44,191,103,193,21,177,27,144,78,8,];False
5882;9680;15562;[81,42,15,3,110,5,6,32,85,14,187,11,134,13,9,199,65,17,72,19,172,194,22,23,24,25,140,7,43,29,30,102,12,135,34,185,36,37,38,94,40,165,151,52,163,45,116,47,48,49,149,167,28,53,54,55,79,51,58,59,93,61,62,63,64,16,66,67,60,69,70,71,18,73,98,75,159,77,89,90,80,96,82,83,56,76,68,87,88,146,84,91,100,74,126,162,108,97,31,99,115,101,26,192,104,195,33,127,160,181,41,128,112,113,190,10,173,164,118,119,4,121,122,123,105,125,39,182,111,2,130,156,132,129,133,106,136,137,138,20,196,141,189,46,197,145,109,147,148,50,150,117,152,153,175,155,131,157,158,171,0,154,95,57,86,120,166,178,139,169,170,114,168,124,174,1,176,92,143,179,180,198,161,183,184,35,186,107,188,142,44,191,103,193,21,177,27,144,78,8,];False
5854;9703;15557;[81,42,15,3,110,5,6,32,85,14,187,11,134,13,9,199,65,17,72,19,172,194,22,23,24,25,140,7,43,29,30,102,12,135,34,185,36,37,38,94,40,165,151,52,163,45,116,47,48,49,149,167,28,53,54,55,79,51,58,59,93,61,62,63,64,16,66,106,60,69,70,71,18,73,98,75,159,77,89,90,80,96,82,83,56,76,68,87,88,146,84,91,100,74,126,162,108,97,31,99,115,101,26,192,104,195,33,127,160,181,41,128,112,113,190,10,173,164,118,119,4,121,122,123,105,125,39,182,111,2,130,156,132,129,133,67,136,137,138,20,196,141,189,46,197,145,109,147,148,50,150,117,152,153,175,155,131,157,158,171,0,154,95,57,86,120,166,143,139,169,170,114,168,124,174,1,176,92,178,179,180,198,161,183,184,35,186,107,188,142,44,191,103,193,21,177,27,144,78,8,];False
5875;9681;15556;[81,42,15,3,110,5,6,32,85,14,187,11,134,13,9,199,65,17,72,19,172,194,22,23,24,25,140,7,43,29,30,102,12,135,34,185,36,37,38,94,40,165,151,52,163,45,116,47,48,49,149,167,28,53,54,55,79,51,58,59,93,61,62,63,64,16,66,67,60,69,70,71,18,73,98,75,159,77,89,90,80,96,82,83,56,76,68,87,88,146,84,91,100,74,126,162,108,97,31,99,115,101,26,192,104,195,33,137,160,181,41,128,112,113,190,10,173,164,118,119,4,121,122,123,105,125,39,182,111,2,130,156,132,129,133,106,136,127,138,20,196,141,189,46,197,145,109,147,148,50,150,117,152,153,175,155,131,157,158,171,0,154,95,57,86,120,166,143,139,169,170,114,168,124,174,1,176,92,178,179,180,198,161,183,184,35,186,107,188,142,44,191,103,193,21,177,27,144,78,8,];False
5856;9687;15543;[81,42,15,3,110,5,6,32,85,14,187,11,134,13,9,199,65,17,72,19,172,194,22,23,24,25,140,7,43,29,30,102,12,135,34,185,36,37,38,94,40,165,151,52,163,45,116,47,48,49,149,167,28,53,54,55,79,51,58,59,93,61,62,63,64,16,66,67,60,69,70,71,18,73,98,75,159,77,89,90,80,96,82,83,56,76,68,87,88,146,84,91,100,74,126,162,108,97,31,99,115,101,26,192,104,112,33,127,160,181,41,128,195,113,190,10,173,164,118,119,4,121,122,123,105,125,39,182,111,2,130,156,132,129,133,106,136,137,138,20,196,141,189,46,197,145,109,147,148,50,150,117,152,153,175,155,131,157,158,171,0,154,95,57,86,120,166,143,139,169,170,114,168,124,174,1,176,92,178,179,180,198,161,183,184,35,186,107,188,142,44,191,103,193,21,177,27,144,78,8,];False
5890;9644;15534;[81,42,15,3,110,5,6,32,85,14,187,11,134,13,9,199,65,17,72,19,172,194,22,23,24,25,140,7,43,29,30,102,12,135,34,185,36,37,38,94,40,165,151,52,163,45,116,47,48,49,149,167,28,53,54,55,79,51,58,59,93,61,62,63,64,16,66,67,60,69,70,71,18,73,106,75,159,77,89,90,80,96,82,83,56,76,68,87,88,146,84,91,100,74,126,162,108,97,31,99,115,101,26,192,104,195,33,127,160,181,41,128,112,113,190,10,173,164,118,119,4,121,122,123,105,125,39,182,111,2,130,156,132,129,133,98,136,137,138,20,196,141,189,46,197,145,109,147,148,50,150,117,152,153,175,155,131,157,158,171,0,154,95,57,86,120,166,143,139,169,170,114,168,124,174,1,176,92,178,179,180,198,161,183,184,35,186,107,188,142,44,191,103,193,21,177,27,144,78,8,];False
5872;9652;15524;[81,42,15,3,110,5,6,32,85,14,187,11,134,13,9,199,65,17,72,19,172,194,22,23,24,25,140,7,43,29,30,102,12,135,34,185,36,37,38,94,40,165,151,52,163,45,116,47,48,49,149,167,28,53,54,120,79,51,58,59,93,61,62,63,64,16,66,67,60,69,70,71,18,73,98,75,159,77,89,90,80,96,82,83,161,76,68,87,88,128,84,91,100,74,126,162,108,97,31,99,115,101,26,192,104,195,33,127,160,181,41,146,112,113,190,10,173,164,118,119,4,121,122,123,105,125,39,182,111,2,130,156,132,129,133,106,136,137,138,20,196,141,189,46,197,145,109,147,148,50,150,117,152,153,175,155,131,157,158,171,0,154,95,57,86,55,166,143,139,169,170,114,168,124,174,1,176,92,178,179,180,198,56,183,184,35,186,107,188,142,44,191,103,193,21,177,27,144,78,8,];False
5842;9678;15520;[81,42,15,3,110,5,6,32,85,14,187,11,134,13,9,199,65,17,72,19,172,194,22,23,24,25,140,7,43,29,30,102,12,135,34,185,36,37,38,94,40,165,151,52,163,45,116,47,48,49,149,167,28,53,54,55,79,51,58,59,93,61,62,63,64,16,66,67,60,69,70,71,18,198,98,75,159,77,89,90,80,96,82,83,56,76,68,87,88,146,84,91,100,74,126,162,108,97,31,99,115,101,26,192,104,195,33,127,160,181,41,128,112,113,190,10,173,164,118,119,4,121,122,123,105,125,39,182,111,2,130,156,132,129,133,106,136,137,138,20,196,141,189,46,197,145,109,147,148,50,150,117,152,153,175,155,131,157,158,171,0,154,95,57,86,120,166,143,139,169,170,114,168,124,174,1,176,92,178,179,180,73,161,183,184,35,186,107,188,142,44,191,103,193,21,177,27,144,78,8,];False
5808;9706;15514;[81,42,15,3,110,5,6,32,85,14,187,11,134,13,9,199,65,17,72,19,172,194,22,23,24,25,140,7,43,29,30,102,12,135,34,185,36,37,38,94,40,165,57,52,163,45,116,47,48,49,62,167,28,53,54,120,79,51,58,59,93,61,149,63,64,16,66,67,60,69,70,71,18,73,98,75,159,77,89,90,80,96,82,83,56,76,68,87,88,128,84,91,100,74,126,162,108,97,31,99,115,101,26,192,104,195,33,127,160,181,41,146,112,113,190,10,173,164,118,119,4,121,122,123,105,125,39,182,111,2,130,156,132,129,133,106,136,137,138,20,196,141,189,46,197,145,109,147,148,50,150,117,152,153,175,155,131,157,158,171,0,154,95,151,86,55,166,143,139,169,170,114,168,124,174,1,176,92,178,179,180,198,161,183,184,35,186,107,188,142,44,191,103,193,21,177,27,144,78,8,];False
5827;9676;15503;[81,42,15,3,110,5,6,32,85,14,187,11,134,13,9,199,65,17,72,19,172,194,22,23,24,25,140,7,43,29,30,102,12,135,34,185,36,37,38,94,40,165,151,52,163,45,116,47,48,49,149,167,28,53,54,55,79,51,58,59,93,61,62,63,64,16,66,67,60,69,70,71,18,73,98,75,159,77,89,90,80,96,82,83,56,76,68,87,88,146,78,91,100,74,126,162,108,97,31,99,115,101,26,192,104,195,33,127,160,181,41,128,112,113,190,10,173,164,118,119,4,121,122,123,105,125,39,182,111,2,130,156,132,129,133,106,136,137,138,20,196,141,189,46,197,145,109,147,148,50,150,117,152,153,175,155,131,157,158,171,0,154,95,57,86,120,166,143,139,169,170,114,168,124,174,1,176,92,178,179,180,198,161,183,184,35,186,107,188,142,44,191,103,193,21,177,27,144,84,8,];False
5746;9747;15493;[81,42,15,3,110,5,6,32,85,14,187,11,134,13,9,199,65,17,72,19,172,194,22,23,24,25,140,7,43,29,30,102,12,135,34,185,36,37,38,94,40,165,151,52,163,45,116,47,48,49,149,167,28,53,54,55,79,51,58,59,93,61,62,63,64,16,66,67,60,69,70,71,18,73,98,75,159,77,89,90,80,96,82,83,56,76,68,87,88,128,84,91,100,74,126,162,108,97,31,99,115,101,26,192,104,195,33,127,160,181,41,146,112,113,190,10,173,164,118,119,4,121,122,123,105,125,39,182,111,2,130,156,132,129,133,106,136,137,138,20,196,141,189,46,197,145,109,147,148,50,150,117,152,153,175,155,131,157,158,171,0,154,95,57,86,120,166,143,139,169,170,114,168,124,174,1,176,92,178,179,180,198,161,183,184,35,186,107,188,142,44,191,103,193,21,177,27,144,78,8,];False
5747;9727;15474;[81,42,15,3,110,5,6,32,85,14,187,11,134,13,9,199,65,17,72,19,172,194,22,23,24,25,140,7,43,29,30,102,12,135,34,185,36,37,38,94,40,165,151,52,163,45,116,47,48,49,149,167,28,53,54,120,79,51,58,59,93,61,62,63,64,16,66,67,60,69,70,71,18,73,98,75,159,77,89,90,80,96,82,83,56,76,68,87,88,128,84,91,100,74,126,162,108,97,31,99,115,101,26,192,104,195,33,127,160,181,41,146,112,113,190,10,173,164,118,119,4,121,122,123,105,125,39,182,111,2,130,156,132,129,133,106,136,137,138,20,196,141,189,46,197,145,109,147,148,50,150,117,152,153,175,155,131,157,158,171,0,154,95,57,86,55,166,143,139,169,170,114,168,124,174,1,176,92,178,179,180,198,161,183,184,35,186,107,188,142,44,191,103,193,21,177,27,144,78,8,];False
5775;9680;15455;[81,42,15,3,110,5,6,32,85,14,187,11,134,13,9,199,65,17,72,19,172,194,22,23,24,25,140,7,43,29,30,102,12,135,34,185,36,37,38,94,40,165,151,52,163,45,116,47,48,49,149,167,28,53,54,55,79,51,58,59,93,61,62,63,64,16,66,67,60,69,70,71,18,73,98,75,159,77,89,90,80,96,82,83,56,76,68,87,88,146,84,91,100,74,126,162,108,97,31,99,115,101,26,192,104,195,33,127,160,181,41,128,112,113,190,10,173,164,118,119,4,121,122,123,105,125,39,182,111,2,130,156,132,129,133,106,136,137,138,20,196,141,189,46,197,145,109,147,148,50,150,117,152,153,175,155,131,157,158,171,0,154,95,57,86,120,166,143,139,169,170,114,168,124,174,1,176,92,178,179,180,198,161,183,184,35,186,107,188,142,44,191,103,193,21,177,27,144,78,8,];False
5695;9726;15421;[81,42,15,3,110,5,6,32,85,14,187,11,134,13,9,199,65,17,72,19,172,194,22,89,24,25,140,7,43,29,30,102,12,135,34,185,36,37,38,94,40,165,151,52,163,45,116,47,48,49,62,167,28,53,54,120,79,51,58,59,93,61,149,63,64,16,66,67,60,69,70,71,18,73,98,75,159,77,23,90,80,96,82,83,56,76,68,87,88,128,84,91,100,74,126,162,108,97,31,99,115,101,26,192,104,195,33,127,160,181,41,146,112,113,190,10,173,164,118,119,4,121,122,123,105,125,39,182,111,2,130,156,132,129,133,106,136,137,138,20,196,141,189,46,197,145,109,147,148,50,150,117,152,153,175,155,131,157,158,171,0,154,95,57,86,55,166,143,139,169,170,114,168,124,174,1,176,92,178,179,180,198,161,183,184,35,186,107,188,142,44,191,103,193,21,177,27,144,78,8,];False
5833;9587;15420;[81,42,15,3,110,5,132,32,85,14,187,11,134,13,9,199,65,17,72,19,172,194,22,174,24,25,140,7,43,29,30,102,12,135,34,185,36,37,38,94,40,165,151,52,163,45,116,47,48,49,62,119,28,53,54,120,79,51,58,59,93,61,149,63,64,16,66,67,60,69,70,71,18,73,98,75,159,77,89,90,80,96,82,83,56,76,68,146,88,128,84,91,100,74,126,162,108,97,31,99,115,101,26,192,104,195,33,127,160,181,41,87,112,113,190,10,173,164,118,167,4,121,122,123,105,125,39,182,111,2,130,156,6,129,133,106,136,137,138,20,196,141,189,46,197,145,109,147,148,50,150,117,152,153,175,193,131,157,158,171,0,154,95,57,86,55,166,143,139,169,170,114,168,124,23,1,176,92,178,179,180,198,161,183,184,35,186,107,188,142,44,191,103,155,21,177,27,144,78,8,];False
5755;9657;15412;[81,42,15,3,110,5,132,32,85,14,187,11,134,13,9,199,65,17,72,19,172,194,22,23,24,25,140,7,43,29,30,102,12,135,34,185,36,37,38,94,40,165,151,52,163,45,116,47,48,49,62,167,28,53,54,120,79,51,58,59,93,61,149,63,64,16,66,67,60,69,70,71,18,73,77,75,159,98,89,90,80,96,82,83,56,76,68,87,88,128,84,91,100,74,126,162,108,97,31,99,115,101,26,192,104,195,33,127,160,181,41,146,112,113,190,10,173,164,118,119,4,121,122,123,105,125,39,182,111,2,130,156,6,129,133,106,136,137,138,20,196,141,189,46,197,145,109,147,148,50,150,117,152,153,175,155,131,157,158,171,0,154,95,57,86,55,166,143,139,169,170,114,168,124,174,1,176,92,178,179,180,198,161,183,184,35,186,107,188,142,44,191,103,193,21,177,27,144,78,8,];False
5801;9601;15402;[81,42,15,3,110,5,132,32,85,14,187,11,134,13,9,199,65,17,72,19,172,194,22,23,24,25,140,7,43,29,30,102,12,135,34,185,36,37,38,94,40,165,151,52,163,45,116,47,48,49,62,119,28,53,54,120,79,63,58,59,93,61,149,51,64,16,66,67,60,69,70,71,18,73,98,75,159,77,89,90,80,96,82,83,56,76,68,87,88,128,84,91,100,74,126,162,108,97,31,99,115,101,26,192,104,195,33,127,160,181,41,146,112,113,190,10,173,164,118,167,4,121,122,123,105,125,39,182,111,2,130,156,6,129,133,106,136,137,138,20,196,141,189,46,197,145,109,147,148,50,150,117,152,153,175,193,131,157,158,171,0,154,95,57,86,55,166,143,139,169,170,114,168,124,174,1,176,92,178,179,180,198,161,183,184,35,186,107,188,142,44,191,103,155,21,177,27,144,78,8,];False
5753;9636;15389;[81,42,15,3,110,5,132,32,85,14,187,11,134,13,9,199,65,17,72,19,172,194,22,23,24,25,140,7,43,29,30,102,12,135,34,185,36,37,38,94,40,165,151,52,163,45,116,47,48,49,62,119,28,53,54,120,79,51,58,59,93,61,149,63,64,16,66,67,60,69,70,71,18,73,98,75,159,77,89,90,80,96,82,83,56,76,68,146,88,128,84,91,100,74,126,162,108,97,31,99,115,101,26,192,104,195,33,127,160,181,41,87,112,113,190,10,173,164,118,167,4,121,122,123,105,125,39,182,111,155,130,156,6,129,133,106,136,137,138,20,196,141,189,46,197,145,109,147,148,50,150,117,152,153,175,193,131,157,158,171,0,154,95,57,86,55,166,143,139,169,170,114,168,124,174,1,176,92,178,179,180,198,161,183,184,35,186,107,188,142,44,191,103,2,21,177,27,144,78,8,];False
5739;9643;15382;[81,42,15,3,110,150,132,32,85,14,187,11,134,13,9,199,65,17,72,19,172,194,22,23,24,25,140,7,43,29,30,102,12,135,34,185,36,37,38,94,40,165,151,52,163,45,116,47,48,49,62,167,28,53,54,120,79,51,58,59,93,61,149,63,64,16,66,67,60,69,70,71,18,73,98,75,159,77,89,90,80,96,82,83,56,76,68,87,88,128,84,91,100,74,126,162,108,97,31,99,115,101,26,192,104,195,33,127,160,181,41,146,112,113,190,10,173,164,118,119,4,121,122,123,105,125,39,182,111,2,130,156,6,129,133,106,136,137,138,20,196,141,189,46,197,145,109,147,148,50,5,117,152,153,175,193,131,157,158,171,0,154,95,57,86,55,166,143,139,169,170,114,168,124,174,1,176,92,178,179,180,198,161,183,184,35,186,107,188,142,44,191,103,155,21,177,27,144,78,8,];False
5665;9689;15354;[81,42,15,3,110,5,6,32,85,14,187,11,134,13,9,199,65,17,72,19,172,194,22,23,24,25,140,7,43,29,30,102,12,135,34,185,36,37,38,94,40,165,151,52,163,45,116,47,48,49,62,167,28,53,54,120,79,51,58,59,93,61,149,63,64,16,66,67,60,69,70,71,18,73,98,75,159,77,89,90,80,96,82,83,56,76,68,87,88,128,84,91,100,74,126,162,108,97,31,99,115,101,26,192,104,195,33,127,160,181,41,146,112,113,190,10,173,164,118,119,4,121,122,123,105,125,39,182,111,2,130,156,132,129,133,106,136,137,138,20,196,141,189,46,197,145,109,147,148,50,150,117,152,153,175,155,131,157,158,171,0,154,86,57,95,55,166,143,139,169,170,114,168,124,174,1,176,92,178,179,180,198,161,183,184,35,186,107,188,142,44,191,103,193,21,177,27,144,78,8,];False
5639;9713;15352;[81,42,15,3,110,5,6,32,85,14,187,11,134,13,9,199,65,17,72,19,172,194,22,23,24,25,140,7,43,29,30,102,12,135,34,185,36,37,38,94,40,165,151,52,163,45,116,47,48,49,62,167,28,53,54,120,79,51,58,59,93,61,149,63,64,16,66,67,60,69,70,71,18,73,98,75,159,77,89,90,80,96,82,83,56,76,68,87,88,128,84,91,100,74,126,162,108,97,31,99,115,101,26,192,104,195,33,127,160,181,41,146,112,113,190,10,173,164,118,119,4,121,122,123,105,125,39,182,111,2,130,156,132,129,133,106,136,137,138,20,196,141,189,46,197,145,109,147,148,50,150,117,152,153,175,155,131,157,158,171,0,154,95,57,86,55,166,143,139,169,170,114,168,124,174,1,176,92,178,179,180,198,161,183,184,35,186,107,188,142,44,191,103,193,21,177,27,144,78,8,];False
5677;9669;15346;[81,42,15,3,110,5,132,32,85,14,187,11,134,13,9,199,65,17,72,19,172,194,22,23,24,25,140,7,43,29,30,102,12,135,34,185,36,37,38,94,40,165,151,52,163,45,116,47,48,49,62,167,28,53,54,120,79,51,58,59,93,61,149,63,64,16,66,67,60,69,70,71,18,73,98,75,159,77,89,90,80,96,82,83,56,76,68,87,88,128,84,91,100,74,126,162,108,97,31,99,115,101,26,192,104,195,33,127,160,181,41,146,112,113,190,10,173,164,118,119,4,121,122,123,105,125,39,182,111,2,130,156,6,129,133,106,136,137,138,20,196,141,189,198,197,145,109,147,148,50,150,117,152,153,175,155,131,157,158,171,0,154,95,57,86,55,166,143,139,169,170,114,168,124,174,1,176,92,178,179,180,46,161,183,184,35,186,107,188,142,44,191,103,193,21,177,27,144,78,8,];False
5763;9582;15345;[81,42,15,3,110,5,132,32,85,14,187,11,134,13,9,199,65,17,72,19,172,194,22,23,24,25,140,7,43,29,30,102,12,135,34,185,36,37,38,94,40,165,151,52,163,45,116,47,48,49,62,167,28,53,54,120,79,51,58,59,93,61,149,63,64,16,66,67,60,69,70,71,18,73,98,75,159,77,89,90,80,96,82,83,56,76,68,87,88,128,84,91,100,74,126,162,108,97,31,99,115,129,26,192,104,195,33,127,160,181,41,146,112,113,190,10,173,164,118,119,4,121,122,123,105,125,39,182,111,2,130,156,6,101,133,106,136,137,138,20,196,141,189,46,197,145,109,147,148,50,150,117,152,153,175,193,131,157,158,171,0,154,95,57,86,55,166,143,139,169,170,114,168,124,174,1,176,92,178,179,180,198,161,183,184,35,186,107,188,142,44,191,103,155,21,177,27,144,78,8,];False
5726;9616;15342;[81,42,15,3,110,5,132,32,85,14,187,11,134,13,9,199,65,17,72,19,172,198,22,23,24,25,140,7,43,29,30,102,12,135,34,185,36,37,38,94,40,165,151,52,163,45,116,47,48,49,62,167,28,53,54,120,79,51,58,59,93,61,149,63,64,16,66,67,60,69,70,71,18,73,98,75,159,77,89,90,80,96,82,83,56,76,68,87,88,128,84,91,100,74,126,162,108,97,31,99,115,101,26,192,104,195,33,127,160,181,41,146,112,113,190,10,173,164,118,119,4,121,122,123,105,125,39,182,111,2,130,156,6,129,133,106,136,137,138,20,196,141,189,46,197,145,109,147,148,50,150,117,152,153,175,193,131,157,158,171,0,154,95,57,86,55,166,143,139,169,170,114,168,124,174,1,176,92,178,179,180,194,161,183,184,35,186,107,188,142,44,191,103,155,21,177,27,144,78,8,];False
5764;9574;15338;[81,42,15,3,110,5,132,32,85,14,187,11,134,13,9,199,65,17,72,19,172,194,22,23,24,25,140,7,43,29,30,102,12,135,34,185,36,37,38,94,40,165,151,52,163,45,116,47,48,49,62,119,28,53,54,120,79,51,58,59,131,61,149,63,64,16,66,67,60,69,70,71,18,73,98,75,159,77,89,90,80,96,82,83,56,76,68,146,88,128,84,91,100,74,126,162,108,97,31,99,115,101,26,192,104,195,33,127,160,181,41,87,112,113,190,10,173,164,118,167,4,121,122,123,105,125,39,182,111,2,130,156,6,129,133,106,136,137,138,20,196,141,189,46,197,145,109,147,148,50,150,117,152,153,175,193,93,157,158,171,0,154,95,57,86,55,166,143,139,169,170,114,168,124,174,1,78,92,178,179,180,198,161,183,184,35,186,107,188,142,44,191,103,155,21,177,27,144,176,8,];False
5745;9576;15321;[81,42,15,3,110,5,132,32,85,14,187,11,134,13,9,199,65,17,72,19,172,141,22,23,24,25,140,7,43,29,30,102,12,135,34,185,36,37,38,94,40,165,151,52,163,45,116,47,48,49,62,119,28,53,54,120,79,51,58,59,131,61,149,63,64,16,66,67,60,69,70,71,18,73,98,75,159,77,89,90,80,96,82,83,56,76,68,146,88,128,84,91,100,74,126,162,108,97,31,99,115,101,26,192,104,195,33,127,160,181,41,87,112,113,190,10,173,164,118,167,4,121,122,123,105,125,39,182,111,2,130,156,6,129,133,106,136,137,138,20,196,194,189,46,197,145,109,147,148,50,150,117,152,153,175,193,93,157,158,171,0,154,95,57,86,55,166,143,139,169,170,114,168,124,174,1,176,92,178,179,180,198,161,183,184,35,186,107,188,142,44,191,103,155,21,177,27,144,78,8,];False
5735;9583;15318;[81,42,15,3,110,5,132,32,85,14,187,11,134,13,9,199,65,17,72,19,172,194,22,23,24,25,140,7,43,29,30,102,12,135,34,185,36,37,38,94,40,165,151,52,163,45,116,47,48,49,62,119,28,53,54,120,79,51,58,59,93,61,149,63,64,16,66,67,60,69,70,71,18,73,176,75,159,77,89,90,80,96,82,83,56,76,68,146,88,128,84,91,100,74,126,162,108,97,31,99,115,101,26,192,104,195,33,127,160,181,41,87,112,113,190,10,173,164,118,167,4,121,122,123,105,125,39,182,111,2,130,156,6,129,133,106,136,137,138,20,196,141,189,46,197,145,109,147,148,50,150,117,152,153,175,193,131,157,158,171,0,154,95,57,86,55,166,143,139,169,170,114,168,124,174,1,98,92,178,179,180,198,161,183,184,35,186,107,188,142,44,191,103,155,21,177,27,144,78,8,];False
5736;9581;15317;[81,42,15,3,110,5,132,32,85,14,187,11,134,13,9,199,65,17,72,19,172,194,22,23,24,25,140,7,43,29,30,102,12,135,34,185,36,37,38,94,40,165,151,52,163,45,116,47,48,49,62,119,28,53,54,120,79,51,58,59,131,26,149,63,64,16,66,67,60,69,70,71,18,73,98,75,159,77,89,90,80,96,82,83,56,76,68,146,88,128,84,91,100,74,126,162,108,97,31,99,115,101,61,192,104,195,33,127,160,181,41,87,112,113,190,10,173,164,118,167,4,121,122,123,105,125,39,182,111,2,130,156,6,129,133,106,136,137,138,20,196,141,189,46,197,145,109,147,148,50,150,117,152,153,175,193,93,157,158,171,0,154,95,57,86,55,166,143,139,169,170,114,168,124,174,1,176,92,178,179,180,198,161,183,184,35,186,107,188,142,44,191,103,155,21,177,27,144,78,8,];False
5741;9570;15311;[81,42,15,3,110,5,132,32,85,14,187,11,134,13,9,199,65,17,72,19,172,194,22,23,24,25,140,7,43,29,30,102,12,135,34,185,36,37,38,94,40,165,151,52,163,45,116,47,48,49,62,119,28,53,54,120,79,51,58,59,131,61,149,63,64,16,66,67,60,69,70,71,18,73,98,33,159,77,89,90,80,96,82,83,56,76,68,146,88,128,84,91,100,74,126,162,108,97,31,99,115,101,26,192,104,195,75,127,160,181,41,87,112,113,190,10,173,164,118,167,4,121,122,123,105,125,39,182,111,2,130,156,6,129,133,106,136,137,138,20,196,141,189,46,197,145,109,147,148,50,150,117,152,153,175,193,93,157,158,171,0,154,95,57,86,55,166,143,139,169,170,114,168,124,174,1,176,92,178,179,180,198,161,183,184,35,186,107,188,142,44,191,103,155,21,177,27,144,78,8,];False
5665;9643;15308;[81,42,15,3,110,5,132,32,85,14,187,11,134,13,9,199,65,17,72,19,172,194,22,23,24,25,140,7,43,29,30,102,12,135,34,185,36,37,38,94,40,165,151,52,163,45,116,47,48,49,62,167,28,53,54,120,79,51,58,59,93,61,149,63,64,16,66,67,60,69,70,71,18,73,98,75,159,77,89,90,80,96,82,83,56,76,68,87,88,128,84,91,100,74,126,162,108,97,31,99,115,101,26,192,104,195,33,127,160,181,41,146,112,113,190,10,173,164,118,119,4,121,122,123,105,106,39,182,111,2,130,156,6,129,133,125,136,137,138,20,196,141,189,46,197,145,109,147,148,50,150,117,152,153,175,193,131,157,158,171,0,154,95,57,86,55,166,143,139,169,170,114,168,124,174,1,176,92,178,179,180,198,161,183,184,35,186,107,188,142,44,191,103,155,21,177,27,144,78,8,];False
5639;9666;15305;[81,42,15,3,110,5,132,32,85,14,187,11,134,13,9,199,65,17,72,19,172,194,22,23,24,25,140,7,43,29,30,102,12,135,34,185,36,37,38,94,40,165,151,52,163,45,116,47,48,49,62,167,28,53,54,120,79,51,58,59,93,61,149,63,64,16,66,67,60,69,70,71,18,73,98,75,159,77,89,90,80,96,82,83,56,76,68,87,88,128,84,91,100,74,126,162,108,97,31,99,115,101,26,192,104,195,33,127,160,181,41,146,112,113,190,10,173,164,118,119,4,121,122,123,105,125,39,182,111,2,130,156,6,129,133,106,136,137,138,20,196,141,189,46,197,145,109,147,148,50,150,117,152,153,175,155,131,157,158,171,0,154,95,57,86,55,166,143,139,169,170,114,168,124,174,1,176,92,178,179,180,198,161,183,184,35,186,107,188,142,44,191,103,193,21,177,27,144,78,8,];False
5746;9558;15304;[81,42,15,3,110,5,132,32,85,14,187,11,134,13,9,199,65,17,72,19,172,0,22,23,24,25,140,7,43,29,30,102,12,135,34,185,36,37,38,94,40,165,151,52,163,45,116,47,48,49,62,119,28,53,54,120,79,51,58,59,131,61,149,63,64,16,66,67,60,69,70,71,18,73,98,75,159,77,89,90,80,96,82,83,56,76,68,146,88,128,84,91,100,74,126,162,108,97,31,99,115,101,26,192,104,195,33,127,160,181,41,87,112,113,190,10,173,164,118,167,4,121,122,123,105,125,39,182,111,2,130,156,6,129,133,106,136,137,138,20,196,141,189,46,197,145,109,147,148,50,150,117,152,153,175,193,93,157,158,171,194,154,95,57,86,55,166,143,139,169,170,114,168,124,174,1,176,92,178,179,180,198,161,183,184,35,186,107,188,142,44,191,103,155,21,177,27,144,78,8,];False
5708;9582;15290;[81,42,15,3,110,5,132,32,85,14,187,11,134,13,9,199,65,17,72,19,172,194,95,23,24,25,140,7,43,29,30,102,12,135,34,185,36,37,38,94,40,165,151,52,163,45,116,47,48,49,62,119,28,53,54,120,79,51,58,59,131,61,149,63,64,16,66,67,60,69,70,71,18,73,98,75,159,77,89,90,80,96,82,83,56,76,68,146,88,128,84,91,100,74,126,162,108,97,31,99,115,101,26,192,104,195,33,127,160,181,41,87,112,113,190,10,173,164,118,167,4,121,122,123,105,125,39,182,111,2,130,156,6,129,133,106,136,137,138,20,196,141,189,46,197,145,109,147,148,50,150,117,152,153,175,193,93,157,158,171,0,154,22,57,86,55,166,143,139,169,170,114,168,124,174,1,176,92,178,179,180,198,161,183,184,35,186,107,188,142,44,191,103,155,21,177,27,144,78,8,];False
5690;9597;15287;[81,42,15,3,110,5,132,32,85,14,187,11,134,13,9,199,65,17,72,19,172,194,22,23,24,25,140,7,43,29,30,102,12,135,34,185,36,37,38,94,40,165,151,52,163,45,116,47,48,49,62,119,28,53,54,120,79,51,58,59,131,61,149,63,64,16,66,67,60,69,70,71,18,73,98,75,159,77,89,90,80,96,82,83,56,76,68,146,88,128,84,91,100,74,126,162,108,97,31,99,115,101,26,192,104,195,33,127,160,181,41,87,112,113,190,10,173,164,184,167,4,121,122,123,105,125,39,182,111,2,130,156,6,129,133,106,136,137,138,20,196,141,189,46,197,145,109,147,148,50,150,117,152,153,175,193,93,157,158,171,0,154,95,57,86,55,166,143,139,169,170,114,168,124,174,1,176,92,178,179,180,198,161,183,118,35,186,107,188,142,44,191,103,155,21,177,27,144,78,8,];False
5664;9617;15281;[81,42,15,3,110,5,132,32,85,14,187,11,134,13,9,199,65,17,72,19,172,194,22,23,24,25,140,7,43,29,30,102,12,135,34,185,36,37,38,94,40,165,153,52,163,45,116,47,48,49,62,167,28,53,54,120,79,51,58,59,93,61,149,63,64,16,66,67,60,69,70,71,18,73,98,75,159,77,89,90,80,96,82,83,56,76,68,87,88,128,84,91,100,74,126,162,108,97,31,99,115,101,26,192,104,195,33,127,160,181,41,146,112,113,190,10,173,164,118,119,4,121,122,123,105,125,39,182,111,2,130,156,6,129,133,106,136,137,138,20,196,141,189,46,197,145,109,147,148,50,150,117,152,151,175,193,131,157,158,171,0,154,95,57,86,55,166,143,139,169,170,114,168,124,174,1,176,92,178,179,180,198,161,183,184,35,186,107,188,142,44,191,103,155,21,177,27,144,78,8,];False
5653;9622;15275;[81,42,15,3,110,5,132,32,85,14,187,11,134,13,9,199,65,17,72,19,172,194,22,23,24,25,140,7,43,29,30,102,12,135,34,185,36,37,38,94,40,165,151,52,163,45,116,47,48,49,56,167,28,53,54,120,79,51,58,59,93,61,149,63,64,16,66,67,60,69,70,71,18,73,98,75,159,77,89,90,80,96,82,83,62,76,68,87,88,128,84,91,100,74,126,162,108,97,31,99,115,101,26,192,104,195,33,127,160,181,41,146,112,113,190,10,173,164,118,119,4,121,122,123,105,125,39,182,111,2,130,156,6,129,133,106,136,137,138,20,196,141,189,46,197,145,109,147,148,50,150,117,152,153,175,193,131,157,158,171,0,154,95,57,86,55,166,143,139,169,170,114,168,124,174,1,176,92,178,179,180,198,161,183,184,35,186,107,188,142,44,191,103,155,21,177,27,144,78,8,];False
5721;9554;15275;[81,42,15,3,110,5,132,32,85,14,187,11,134,13,9,199,65,17,72,19,172,194,22,23,24,25,140,7,43,29,30,102,12,135,34,185,36,37,157,94,40,165,151,52,163,45,116,47,48,49,62,119,28,53,54,120,79,51,58,59,93,61,149,63,64,16,66,67,60,69,70,71,18,73,98,75,159,77,89,90,80,96,82,83,56,76,68,146,88,128,84,91,100,74,126,162,108,97,31,99,115,101,26,192,104,195,33,127,160,181,41,87,112,113,190,10,173,164,118,167,4,121,122,123,105,125,39,182,111,2,130,156,6,129,133,106,136,137,138,20,196,141,189,46,197,145,109,147,148,50,150,117,152,153,175,193,131,38,158,171,0,154,95,57,86,55,166,143,139,169,170,114,168,124,174,1,176,92,178,179,180,198,161,183,184,35,186,107,188,142,44,191,103,155,21,177,27,144,78,8,];False
5662;9610;15272;[81,42,15,3,110,5,132,32,85,14,187,11,134,13,9,199,65,17,72,19,172,194,22,23,24,25,140,7,43,29,30,102,12,135,34,185,36,37,38,94,40,165,151,52,163,45,116,47,48,49,62,119,28,53,54,120,79,51,58,59,93,61,149,63,64,16,66,67,60,69,70,71,18,73,98,75,159,77,89,90,80,96,82,83,56,76,68,146,88,128,84,91,100,74,126,162,108,97,31,99,115,101,26,192,104,195,33,127,160,181,41,87,112,113,190,175,173,164,118,167,4,121,122,123,105,125,39,182,111,2,130,156,6,129,133,106,136,137,138,20,196,141,189,46,197,145,109,147,148,50,150,117,152,153,10,193,131,157,158,171,0,154,95,57,86,55,166,143,139,169,170,114,168,124,174,1,176,92,178,179,180,198,161,183,184,35,186,107,188,142,44,191,103,155,21,177,27,144,78,8,];False
5700;9561;15261;[81,42,15,3,110,5,132,32,85,14,187,29,134,13,9,199,65,17,72,19,172,194,22,23,24,25,140,7,43,11,30,102,12,135,34,185,36,37,38,94,183,165,151,52,163,45,191,47,48,49,62,119,28,53,128,120,79,51,58,59,131,61,149,63,64,16,66,67,60,69,70,71,18,73,98,75,159,77,89,90,80,87,82,83,56,76,68,146,88,54,84,91,100,74,126,162,108,97,31,99,115,101,26,192,104,195,33,127,160,181,41,96,112,113,190,10,173,164,118,167,4,121,122,123,105,125,39,182,111,2,130,156,6,129,133,106,136,137,138,20,196,141,189,46,197,145,109,147,148,50,150,117,152,153,175,193,93,157,158,171,0,154,95,57,86,55,166,143,139,169,170,114,168,124,174,1,176,92,178,179,180,198,161,40,184,35,186,107,188,142,44,116,103,155,21,177,27,144,78,8,];False
5622;9635;15257;[81,42,15,3,110,5,132,32,85,14,187,11,134,13,9,199,65,39,72,19,172,194,22,23,24,25,140,7,43,29,30,102,12,135,34,185,36,37,38,94,40,165,151,52,163,45,116,47,48,49,62,119,28,53,54,120,79,51,58,59,93,61,149,63,64,16,66,67,60,69,70,71,18,73,98,75,159,77,89,90,80,96,82,83,56,76,68,146,88,128,84,91,100,74,126,162,108,97,31,99,115,101,26,192,104,195,33,127,160,181,41,87,112,113,190,10,173,164,118,167,4,121,122,123,105,125,17,182,111,2,130,156,6,129,133,106,136,137,138,20,196,141,189,46,197,145,109,147,148,50,150,117,152,153,175,193,131,157,158,171,0,154,95,57,86,55,166,143,139,169,170,114,168,124,174,1,176,92,178,179,180,198,161,183,184,35,186,107,188,142,44,191,103,155,21,177,27,144,78,8,];False
5633;9617;15250;[81,42,15,3,110,5,132,32,85,14,187,11,134,13,9,199,65,17,72,19,172,194,22,23,24,25,198,7,43,29,30,102,12,135,34,185,36,37,38,94,40,165,151,52,163,45,116,47,48,49,62,119,28,53,54,120,79,51,58,59,131,61,149,63,64,16,66,67,60,69,70,71,18,73,98,75,159,77,89,90,80,96,82,83,56,76,68,146,88,128,84,91,100,74,126,162,108,97,31,99,115,101,26,192,104,195,33,127,160,181,41,87,112,113,190,10,173,164,118,167,4,121,122,123,105,125,39,182,111,2,130,156,6,129,133,106,136,137,138,20,196,141,189,46,197,145,109,147,148,50,150,117,152,153,175,193,93,157,158,171,0,154,95,57,86,55,166,143,139,169,170,114,168,124,174,1,176,92,178,179,180,140,161,183,184,35,186,107,188,142,44,191,103,155,21,177,27,144,78,8,];False
5662;9588;15250;[81,42,15,3,110,5,132,32,85,14,187,11,134,13,9,199,65,17,72,19,172,194,22,23,24,25,67,7,43,29,30,102,12,135,34,185,36,37,38,94,40,165,151,52,163,45,116,47,48,49,62,119,28,53,54,120,79,51,58,59,131,61,149,63,64,16,66,140,60,69,70,71,18,73,98,75,159,77,89,90,80,96,82,83,56,76,68,146,88,128,84,91,100,74,126,162,108,97,31,99,115,101,26,192,104,195,33,127,160,181,41,87,112,113,190,10,173,164,118,167,4,121,122,123,105,125,39,182,111,2,130,156,6,129,133,106,136,137,138,20,196,141,189,46,197,145,109,147,148,50,150,117,152,153,175,193,93,157,158,171,0,154,95,57,86,55,166,143,139,169,170,114,168,124,174,1,176,92,178,179,180,198,161,183,184,35,186,107,188,142,44,191,103,155,21,177,27,144,78,8,];False
5640;9606;15246;[81,42,15,3,110,5,132,32,85,14,187,11,134,13,9,199,65,17,72,19,172,194,22,23,24,25,140,7,43,29,30,102,12,135,34,185,36,37,38,94,40,165,151,52,163,45,116,47,48,49,62,167,28,53,54,120,79,51,58,59,93,61,149,63,64,16,66,67,60,69,70,71,18,73,98,75,159,77,89,90,80,96,82,83,56,76,68,87,88,128,84,91,100,74,126,162,108,97,31,99,115,101,26,192,104,195,33,127,160,181,41,146,112,113,190,10,173,164,118,119,4,121,122,123,105,125,39,182,111,2,130,156,6,129,0,106,136,137,138,20,196,141,189,46,197,145,109,147,148,50,150,117,152,153,175,193,131,157,158,171,133,154,95,57,86,55,166,143,139,169,170,114,168,124,174,1,176,92,178,179,180,198,161,183,184,35,186,107,188,142,44,191,103,155,21,177,27,144,78,8,];False
5692;9543;15235;[81,42,15,3,110,5,132,32,85,14,187,11,134,13,9,199,65,17,72,19,172,194,22,23,24,25,140,7,43,29,30,102,12,135,34,185,36,37,38,121,40,165,151,52,163,45,116,47,48,49,62,119,28,53,128,120,79,51,58,59,131,61,149,63,64,16,66,67,60,69,70,71,18,73,98,75,159,77,89,90,80,87,82,83,56,76,68,146,88,54,84,91,100,74,126,162,108,97,31,99,115,101,26,192,104,195,33,127,160,181,41,96,112,113,190,10,173,164,118,167,4,94,122,123,105,125,39,182,111,2,130,156,6,129,133,106,136,137,138,20,196,141,189,46,197,145,109,147,148,50,150,117,152,153,175,193,93,157,158,171,0,154,95,57,86,55,166,143,139,169,170,114,168,124,174,1,176,92,178,179,180,198,161,183,184,35,186,107,188,142,44,191,103,155,21,177,27,144,78,8,];False
5599;9635;15234;[81,42,15,3,110,5,132,32,85,14,187,11,134,13,9,199,65,17,72,19,172,194,22,23,24,25,140,7,43,29,30,102,12,135,34,185,36,37,38,94,40,165,151,52,163,45,116,47,48,49,62,119,28,53,54,120,79,51,58,59,131,61,149,63,64,16,66,67,60,69,70,71,18,73,98,75,159,77,89,90,80,96,82,83,56,76,68,146,88,128,84,91,100,74,126,162,108,97,31,99,115,101,26,192,104,195,33,127,160,181,41,87,112,113,190,10,173,164,118,167,4,121,122,123,105,125,39,182,111,2,130,156,6,129,133,106,136,137,138,20,196,141,189,46,197,145,109,147,148,50,150,117,152,153,175,193,93,157,158,171,0,154,95,57,86,55,166,143,139,169,92,114,168,124,174,1,176,170,178,179,180,198,161,183,184,35,186,107,188,142,44,191,103,155,21,177,27,144,78,8,];False
5657;9576;15233;[81,42,15,3,110,5,132,32,85,14,187,11,134,13,9,199,65,17,72,19,172,194,22,23,24,25,140,7,43,29,30,102,12,135,34,185,36,37,38,94,114,165,151,52,163,45,116,47,48,49,62,119,28,53,54,120,79,51,58,59,131,61,149,63,64,16,66,67,60,69,70,71,18,73,98,75,159,77,89,90,80,96,82,83,56,76,68,146,88,128,84,91,100,74,126,162,108,97,31,99,115,101,26,192,104,195,33,127,160,181,41,87,112,113,190,10,173,164,118,167,4,121,122,123,105,125,39,182,111,2,130,156,6,129,133,106,136,137,138,20,196,141,189,46,197,145,109,147,148,50,150,117,152,153,175,193,93,157,158,171,0,154,95,57,86,55,166,143,139,169,170,40,168,124,174,1,176,92,178,179,180,198,161,183,184,35,186,107,188,142,44,191,103,155,21,177,27,144,78,8,];False
5617;9613;15230;[81,42,15,3,110,5,132,32,85,14,187,11,134,13,9,199,65,17,72,19,172,194,22,23,24,25,140,7,43,29,30,102,12,135,34,185,36,37,38,94,40,165,151,52,163,45,116,47,48,49,62,167,28,53,54,120,79,51,58,59,93,61,149,63,64,16,66,67,60,69,70,71,18,73,98,75,159,77,89,90,80,96,82,83,56,76,68,87,88,128,84,91,100,74,126,162,108,97,31,99,115,101,26,192,104,195,33,127,160,181,41,146,112,113,190,10,173,164,118,119,4,121,122,123,105,125,39,182,111,2,130,156,6,129,133,106,136,137,138,20,196,141,189,46,197,145,109,147,148,50,150,117,152,153,175,193,131,157,158,171,0,154,95,57,86,55,166,143,139,169,170,114,168,124,174,1,176,92,178,179,180,198,161,183,184,35,186,107,188,142,44,191,103,155,21,177,27,144,78,8,];False
5604;9624;15228;[81,42,15,3,110,5,132,32,85,14,187,11,134,13,9,199,65,17,72,19,172,194,22,23,24,25,140,7,43,29,30,102,12,135,34,185,36,37,38,94,40,165,151,52,163,45,116,47,48,49,62,119,28,53,54,120,79,51,58,59,131,61,149,63,64,16,66,67,60,69,70,71,18,73,98,75,159,77,89,90,80,96,103,83,56,76,68,146,88,128,84,91,100,74,126,162,108,97,31,99,115,101,26,192,104,195,33,127,160,181,41,87,112,113,190,10,173,164,118,167,4,121,122,123,105,125,39,182,111,2,130,156,6,129,133,106,136,137,138,20,196,141,189,46,197,145,109,147,148,50,150,117,152,153,175,193,93,157,158,171,0,154,95,57,86,55,166,143,139,169,170,114,168,124,174,1,176,92,178,179,180,198,161,183,184,35,186,107,188,142,44,191,82,155,21,177,27,144,78,8,];False
5639;9587;15226;[81,42,15,3,110,5,132,32,85,14,187,11,134,13,9,199,65,17,72,19,172,194,22,23,24,25,140,7,43,29,30,102,12,135,34,185,36,37,38,94,40,165,151,52,163,45,116,47,48,49,62,119,28,53,54,120,79,51,58,59,93,61,149,63,64,16,66,67,60,69,70,71,18,73,98,75,159,77,89,90,80,96,82,83,56,76,68,146,88,128,84,91,100,74,126,162,108,97,31,99,188,101,26,192,104,195,33,127,160,181,41,87,112,113,190,10,173,164,118,167,4,121,122,123,105,125,39,182,111,2,130,156,6,129,133,106,136,137,138,20,196,141,189,46,197,145,109,147,148,50,150,117,152,153,175,193,131,157,158,171,0,154,95,57,86,55,166,143,139,169,170,114,168,124,174,1,176,92,178,179,180,198,161,183,184,35,186,107,115,142,44,191,103,155,21,177,27,144,78,8,];False
5661;9562;15223;[81,42,15,3,110,5,132,32,85,14,187,11,96,13,9,199,65,17,72,19,172,194,22,23,24,25,140,7,43,29,30,102,12,135,34,185,36,37,38,94,40,165,151,52,163,45,191,47,48,49,62,119,28,53,128,120,79,51,58,59,131,61,149,63,64,16,66,67,60,69,70,71,18,73,98,75,159,77,89,90,80,87,82,83,56,76,68,146,88,54,84,91,100,74,126,162,108,97,31,99,115,101,26,192,104,195,33,127,160,181,41,134,112,113,190,10,173,164,118,167,4,121,122,123,105,125,39,182,111,2,130,156,6,129,133,106,136,137,138,20,196,141,189,46,197,145,109,147,148,50,150,117,152,153,175,193,93,157,158,171,0,154,95,57,86,55,166,143,139,169,170,114,168,124,174,1,176,92,178,179,180,198,161,183,184,35,186,107,188,142,44,116,103,155,21,177,27,144,78,8,];False
5678;9544;15222;[81,42,15,3,110,5,132,32,85,14,187,11,134,13,9,199,65,17,72,19,172,194,22,23,24,25,140,7,43,29,30,102,12,135,34,185,36,37,38,94,40,165,151,52,163,45,116,47,48,49,62,119,28,53,54,120,79,51,58,59,131,78,149,63,64,16,66,67,60,69,70,71,18,73,98,75,159,77,89,90,80,96,82,83,56,76,68,146,88,128,84,91,100,74,126,162,108,97,31,99,115,101,26,192,104,195,33,127,160,181,41,87,112,113,190,10,173,164,118,167,4,121,122,123,105,125,39,182,111,2,130,156,6,129,133,106,136,137,138,20,196,141,189,46,197,145,109,147,148,50,150,117,152,153,175,193,93,157,158,171,0,154,95,57,86,55,166,143,139,169,170,114,168,124,174,1,176,92,178,179,180,198,161,183,184,35,186,107,188,142,44,191,103,155,21,177,27,144,61,8,];False
5620;9599;15219;[81,42,15,3,110,5,132,32,85,14,187,11,134,13,9,199,65,17,72,19,172,194,22,23,24,25,140,7,43,29,30,102,12,135,34,185,36,37,38,94,40,165,170,52,163,45,116,47,48,49,62,119,28,53,54,120,79,51,58,59,131,61,149,63,64,16,66,67,60,69,70,71,18,73,98,75,159,77,89,90,80,96,82,83,56,76,68,146,88,128,84,91,100,74,126,162,108,97,31,99,115,101,26,192,104,195,33,127,160,181,41,87,112,113,190,10,173,164,118,167,4,121,122,123,105,125,39,182,111,2,130,156,6,129,133,106,136,137,138,20,196,141,189,46,197,145,109,147,148,50,150,117,152,153,175,193,93,157,158,171,0,154,95,57,86,55,166,143,139,169,151,114,168,124,174,1,176,92,178,179,180,198,161,183,184,35,186,107,188,142,44,191,103,155,21,177,27,144,78,8,];False
5666;9551;15217;[81,42,15,3,110,5,132,32,85,14,187,11,134,13,9,199,65,17,72,73,172,194,22,23,24,25,140,7,43,29,30,102,12,135,34,185,36,37,38,94,40,165,151,52,163,45,116,47,48,49,62,119,28,53,54,120,79,51,58,59,93,61,149,63,64,16,66,67,60,69,70,71,18,19,98,75,159,77,89,90,80,96,82,83,56,76,68,146,88,128,84,91,100,74,126,162,108,97,31,99,115,101,26,192,104,195,33,127,160,181,41,87,112,113,190,10,173,164,118,167,4,121,122,123,105,125,39,182,111,2,130,156,6,129,133,106,136,137,138,20,196,141,189,46,197,145,109,147,148,50,150,117,152,153,175,193,131,157,158,171,0,154,95,57,86,55,166,143,139,169,170,114,168,124,174,1,176,92,178,179,180,198,161,183,184,35,186,107,188,142,44,191,103,155,21,177,27,144,78,8,];False
5639;9575;15214;[81,42,15,3,110,5,132,98,85,14,187,11,134,13,9,199,65,17,72,19,172,194,22,23,24,25,140,7,43,29,30,102,12,135,34,185,36,37,38,94,40,165,151,52,163,45,116,47,48,49,62,119,28,53,54,120,79,51,58,59,131,61,149,63,64,16,66,67,60,69,70,71,18,73,32,75,159,77,89,90,80,96,82,83,56,76,68,146,88,128,84,91,100,74,126,162,108,97,31,99,115,101,26,192,104,195,33,127,160,181,41,87,112,113,190,10,173,164,118,167,4,121,122,123,105,125,39,182,111,2,130,156,6,129,133,106,136,137,138,20,196,141,189,46,197,145,109,147,148,50,150,117,152,153,175,193,93,157,158,171,0,154,95,57,86,55,166,143,139,169,170,114,168,124,174,1,176,92,178,179,180,198,161,183,184,35,186,107,188,142,44,191,103,155,21,177,27,144,78,8,];False
5568;9642;15210;[81,42,15,3,110,5,132,32,85,14,126,11,134,13,9,199,65,17,72,19,172,194,22,23,24,25,140,7,43,29,30,102,12,135,34,185,36,37,38,94,40,165,151,52,163,45,116,47,48,49,62,119,28,53,54,120,79,51,58,59,131,61,149,63,64,16,66,67,60,69,70,71,18,73,98,75,159,77,89,90,80,96,82,83,56,76,68,146,88,128,84,91,100,74,187,162,108,97,31,99,115,101,26,192,104,195,33,127,160,181,41,87,112,113,190,10,173,164,118,167,4,121,122,123,105,125,39,182,111,2,130,156,6,129,133,106,136,137,138,20,196,141,189,46,197,145,109,147,148,50,150,117,152,153,175,193,93,157,158,171,0,154,95,57,86,55,166,143,139,169,170,114,168,124,174,1,176,92,178,179,180,198,161,183,184,35,186,107,188,142,44,191,103,155,21,177,27,144,78,8,];False
5594;9605;15199;[81,42,15,3,110,5,132,32,85,14,187,11,134,13,9,199,65,17,72,19,172,194,22,23,24,25,140,7,43,29,30,102,12,135,34,185,36,37,38,94,40,165,151,52,163,45,116,47,48,49,62,119,28,53,54,120,79,51,58,59,131,61,149,63,64,16,66,67,60,69,70,71,18,73,98,75,159,77,89,90,80,96,82,83,56,76,68,146,88,128,84,91,100,74,126,162,108,97,31,99,115,101,26,192,104,195,33,127,160,181,41,87,112,113,196,10,173,164,118,167,4,121,122,123,105,125,39,182,111,2,130,156,6,129,133,106,136,137,138,20,190,141,189,46,197,145,109,147,148,50,150,117,152,153,175,193,93,157,158,171,0,154,95,57,86,55,166,143,139,169,170,114,168,124,174,1,176,92,178,179,180,198,161,183,184,35,186,107,188,142,44,191,103,155,21,177,27,144,78,8,];False
5638;9554;15192;[81,42,15,3,110,5,132,32,85,14,187,11,134,13,9,199,65,17,72,19,172,194,22,23,24,25,140,7,43,29,30,102,12,135,34,185,36,37,38,94,40,165,151,52,163,45,116,47,48,49,62,119,28,53,54,120,79,51,31,59,131,61,149,63,64,16,66,67,60,69,70,71,18,73,98,75,159,77,89,90,80,96,82,83,56,76,68,146,88,128,84,91,100,74,126,162,108,97,58,99,115,101,26,192,104,195,33,127,160,181,41,87,112,113,190,10,173,164,118,167,4,121,122,123,105,125,39,182,111,2,130,156,6,129,133,106,136,137,138,20,196,141,189,46,197,145,109,147,148,50,150,117,152,153,175,193,93,157,158,171,0,154,95,57,86,55,166,143,139,169,170,114,168,124,174,1,176,92,178,179,180,198,161,183,184,35,186,107,188,142,44,191,103,155,21,177,27,144,78,8,];False
5595;9591;15186;[81,42,15,3,110,5,132,32,85,14,187,11,134,13,9,199,65,17,72,19,172,194,22,23,24,25,140,7,43,29,30,102,12,135,34,185,36,37,38,94,40,165,151,52,163,45,116,47,48,49,62,119,28,53,54,120,79,51,58,59,93,61,149,63,64,16,66,67,60,69,70,71,18,73,98,75,159,77,89,90,80,96,82,83,56,76,68,87,88,128,84,91,100,74,126,162,108,97,31,99,115,101,26,192,104,195,33,127,160,181,41,146,112,113,190,10,173,164,118,167,4,121,122,123,105,125,39,182,111,2,130,156,6,129,133,106,136,137,138,20,196,141,189,46,197,145,109,147,148,50,150,117,152,153,175,193,131,157,158,171,0,154,95,57,86,55,166,143,139,169,170,114,168,124,174,1,176,92,178,179,180,198,161,183,184,35,186,107,188,142,44,191,103,155,21,177,27,144,78,8,];False
5625;9560;15185;[81,42,15,3,110,5,132,32,85,14,187,11,134,13,9,199,65,17,72,19,172,194,22,23,24,25,140,7,43,29,30,102,12,135,34,185,36,37,38,94,191,165,151,52,163,45,116,47,48,49,62,119,28,53,54,120,79,51,58,59,131,61,149,63,64,16,66,67,60,69,70,71,18,73,98,75,159,77,89,90,80,87,82,83,56,76,68,146,88,128,84,91,100,74,126,162,108,97,31,99,115,101,26,192,104,195,33,127,160,181,41,96,112,113,190,10,173,164,118,167,4,121,122,123,105,125,39,182,111,2,130,156,6,129,133,106,136,137,138,20,196,141,189,46,197,145,109,147,148,50,150,117,152,153,175,193,93,157,158,171,0,154,95,57,86,55,166,143,139,169,170,114,168,124,174,1,176,92,178,179,180,198,161,183,184,35,186,107,188,142,44,40,103,155,21,177,27,144,78,8,];False
5587;9572;15159;[81,42,15,3,110,5,132,32,85,14,187,11,134,13,9,199,65,17,72,19,172,194,22,23,24,25,140,7,43,29,30,102,12,135,34,185,36,37,38,94,40,165,151,52,163,45,116,47,48,49,62,119,28,53,54,120,79,51,58,59,93,61,149,63,64,16,66,67,60,69,70,71,18,73,98,75,159,77,89,90,80,96,82,83,56,76,68,146,88,128,84,91,100,74,126,162,108,97,31,99,115,101,26,192,104,195,33,127,160,181,41,87,112,113,190,10,173,164,118,167,4,121,122,123,105,125,39,182,111,2,130,156,6,129,133,106,136,137,138,20,196,141,189,46,197,145,109,147,148,50,150,117,152,153,175,193,131,157,158,171,0,154,95,57,86,55,166,143,139,169,170,114,168,124,174,1,176,92,178,179,180,198,161,183,184,35,186,107,188,142,44,191,103,155,21,177,27,144,78,8,];False
5581;9576;15157;[81,42,15,3,110,5,132,32,85,14,187,11,134,13,9,199,65,17,72,19,172,194,22,23,24,25,140,7,43,29,30,102,12,135,34,185,36,37,38,94,40,165,151,52,163,45,191,47,48,49,62,119,28,53,128,120,79,51,58,59,131,61,149,63,64,16,66,67,60,69,70,71,18,73,98,136,159,77,89,90,80,87,82,83,56,76,68,146,88,54,84,91,100,74,126,162,108,97,31,99,115,101,26,192,104,195,33,127,160,181,41,96,112,113,190,10,173,164,118,167,4,121,122,123,105,125,39,182,111,2,130,156,6,129,133,106,75,137,138,20,196,141,189,46,197,145,109,147,148,50,150,117,152,153,175,193,93,157,158,171,0,154,95,57,86,55,166,143,139,169,170,114,168,124,174,1,176,92,178,179,180,198,161,183,184,35,186,107,188,142,44,116,103,155,21,177,27,144,78,8,];False
5589;9560;15149;[81,42,15,3,110,5,132,32,85,14,187,11,134,13,9,199,65,17,72,19,172,194,22,23,24,25,140,7,43,29,30,102,12,135,34,185,36,37,38,94,40,165,151,52,163,45,116,47,48,49,62,119,28,53,54,120,177,51,58,59,131,61,149,63,64,16,66,67,60,69,70,71,18,73,98,75,159,77,89,90,80,96,82,83,56,76,68,146,88,128,84,91,100,74,126,162,108,97,31,99,115,101,26,192,104,195,33,127,160,181,41,87,112,113,190,10,173,164,118,167,4,121,122,123,105,125,39,182,111,2,130,156,6,129,133,106,136,137,138,20,196,141,189,46,197,145,109,147,148,50,150,117,152,153,175,193,93,157,158,171,0,154,95,57,86,55,166,143,139,169,170,114,168,124,174,1,176,92,178,179,180,198,161,183,184,35,186,107,188,142,44,191,103,155,21,79,27,144,78,8,];False
5584;9563;15147;[81,42,15,3,110,5,132,32,85,14,187,29,134,13,9,199,65,17,72,19,172,194,22,23,24,25,50,7,43,11,30,102,12,135,34,185,36,37,38,94,40,165,151,52,163,45,191,47,48,49,62,119,28,53,128,120,79,51,58,59,131,61,149,63,64,16,66,67,60,69,70,71,18,73,98,75,159,77,89,90,80,87,82,83,56,76,68,146,88,54,84,91,100,74,126,162,108,97,31,99,115,101,26,192,104,195,33,127,160,181,41,96,112,113,190,10,173,164,118,167,4,121,122,123,105,125,39,182,111,2,130,156,6,129,133,106,136,137,138,20,196,141,189,46,197,145,109,147,148,140,150,117,152,153,175,193,93,157,158,171,0,154,95,57,86,55,166,143,139,169,170,114,168,124,174,1,176,92,178,179,180,198,161,183,184,35,186,107,188,142,44,116,103,155,21,177,27,144,78,8,];False
5559;9586;15145;[81,42,15,3,110,5,132,32,85,14,187,11,134,13,9,199,65,17,72,19,172,194,22,23,24,25,140,7,43,29,30,102,12,135,34,185,36,37,38,94,40,165,151,52,163,45,116,47,48,49,62,119,28,53,128,120,79,51,58,59,131,61,149,63,64,16,66,67,60,69,70,71,18,73,98,75,159,77,89,90,80,87,82,83,56,76,68,146,88,54,84,91,100,74,126,162,108,97,31,99,115,101,26,192,104,195,33,127,160,181,41,96,112,113,190,10,173,164,118,167,4,121,122,123,105,125,39,182,111,2,130,156,124,129,133,106,136,137,138,20,196,141,189,46,197,145,109,147,148,50,150,117,152,153,175,193,93,157,158,171,0,154,95,57,86,55,166,143,139,169,170,114,168,6,174,1,176,92,178,179,180,198,161,183,184,35,186,107,188,142,44,191,103,155,21,177,27,144,78,8,];False
5578;9566;15144;[81,42,15,3,110,5,132,32,85,14,187,11,134,13,9,199,65,17,72,19,172,194,22,23,24,25,140,7,43,29,30,102,12,135,34,185,36,37,38,94,40,165,151,52,163,45,116,47,48,49,62,119,28,53,54,120,79,51,58,59,131,61,149,63,64,16,66,67,60,0,70,71,18,73,98,75,159,77,89,90,80,96,82,83,56,76,68,146,88,128,84,91,100,74,126,162,108,97,31,99,115,101,26,192,104,195,33,127,160,181,41,87,112,113,190,10,173,164,118,167,4,121,122,123,105,125,39,182,111,2,130,156,6,129,133,106,136,137,138,20,196,141,189,46,197,145,109,147,148,50,150,117,152,153,175,193,93,157,158,171,69,154,95,57,86,55,166,143,139,169,170,114,168,124,174,1,176,92,178,179,180,198,161,183,184,35,186,107,188,142,44,191,103,155,21,177,27,144,78,8,];False
5592;9552;15144;[81,42,15,3,110,5,132,32,85,14,187,29,134,104,9,199,65,17,72,19,172,194,22,23,24,25,140,7,43,11,30,102,12,135,34,185,36,37,38,94,40,165,151,52,163,45,191,47,48,49,62,119,28,53,128,120,79,51,58,59,131,61,149,63,64,16,66,67,60,69,70,71,18,73,98,75,159,77,89,90,80,87,82,83,56,76,68,146,88,54,84,91,100,74,126,162,108,97,31,99,115,101,26,192,13,195,33,127,160,181,41,96,112,113,190,10,173,164,118,167,4,121,122,123,105,125,39,182,111,2,130,156,6,129,133,106,136,137,138,20,196,141,189,46,197,145,109,147,148,50,150,117,152,153,175,193,93,157,158,171,0,154,95,57,86,55,166,143,139,169,170,114,168,124,174,1,176,92,178,179,180,198,161,183,184,35,186,107,188,142,44,116,103,155,21,177,27,144,78,8,];False
5489;9654;15143;[81,42,15,3,110,5,132,32,85,14,187,29,134,13,9,199,65,17,72,19,172,194,22,23,24,25,140,7,43,11,30,102,12,135,34,185,36,37,38,94,40,165,151,52,163,45,191,47,48,49,62,119,28,53,128,120,79,51,58,59,131,61,149,63,64,16,66,67,60,69,70,71,18,73,98,75,159,77,89,90,80,87,82,83,56,76,147,146,88,156,84,91,100,74,126,162,108,97,31,99,115,101,26,192,104,195,33,127,160,181,41,96,112,113,190,10,173,164,118,167,4,121,122,123,105,125,39,182,111,2,130,54,6,129,133,106,136,137,138,20,196,141,189,46,197,145,109,68,148,50,150,117,152,153,175,193,93,27,158,171,0,154,95,57,86,55,166,143,139,169,170,114,168,124,174,1,176,92,178,179,180,198,161,183,184,35,186,107,188,142,44,116,103,155,21,177,157,144,78,8,];False
5593;9550;15143;[81,42,15,3,110,5,132,32,85,14,187,11,134,13,9,199,65,17,72,19,172,194,22,23,24,25,140,7,43,29,30,102,12,135,34,185,36,37,38,94,40,165,151,52,163,45,116,47,48,49,62,119,28,53,54,120,79,51,58,59,131,61,149,63,64,16,66,67,60,69,70,71,18,73,98,75,159,77,89,90,80,87,82,83,56,76,68,146,88,128,84,91,100,74,126,162,108,153,31,99,115,101,26,192,104,195,33,127,160,181,41,96,112,113,190,10,173,164,118,167,4,121,122,123,105,125,39,182,111,2,130,156,6,129,133,106,136,137,138,20,196,141,189,46,197,145,109,147,148,50,150,117,152,97,175,193,93,157,158,171,0,154,95,57,86,55,166,143,139,169,170,114,168,124,174,1,176,92,178,179,180,198,161,183,184,35,186,107,188,142,44,191,103,155,21,177,27,144,78,8,];False
5548;9585;15133;[81,42,15,3,110,5,132,32,85,14,187,29,134,13,9,199,65,17,72,19,172,194,22,23,24,25,140,7,43,11,30,102,12,135,34,185,36,37,38,94,40,165,151,52,163,45,191,47,48,49,62,119,28,53,128,120,79,51,58,59,131,61,149,63,64,16,66,67,60,69,70,71,18,73,98,75,159,77,89,90,80,87,82,83,56,76,68,146,88,156,84,91,100,74,126,162,108,97,31,99,115,101,26,192,104,195,33,127,160,181,41,96,112,113,190,10,173,164,118,167,4,121,122,123,105,125,39,182,95,2,130,54,6,129,133,106,136,137,138,20,196,141,189,46,197,145,109,147,148,50,150,117,152,153,175,193,93,27,158,171,0,154,111,57,86,55,166,143,139,169,170,114,168,124,174,1,176,92,178,179,180,198,161,183,184,35,186,107,188,142,44,116,103,155,21,177,157,144,78,8,];False
5544;9583;15127;[81,42,15,3,110,5,132,32,85,14,187,11,134,13,9,199,65,17,72,19,172,194,22,23,24,25,140,7,43,29,30,102,12,135,34,185,36,37,38,94,40,165,151,52,163,45,116,47,48,49,62,119,28,53,54,120,79,51,58,59,131,61,149,63,64,16,66,67,60,69,70,71,18,73,98,75,159,77,89,90,80,96,82,83,56,76,68,146,88,128,84,91,100,74,126,162,108,97,31,99,115,101,26,192,104,195,33,127,160,181,41,87,112,113,190,10,173,164,118,167,4,121,122,123,105,125,39,182,111,2,130,156,6,129,133,106,136,137,138,20,196,141,189,46,197,145,109,147,148,50,150,117,152,153,175,193,93,157,158,171,0,154,95,57,86,55,166,143,139,169,170,114,168,124,174,1,176,92,178,179,180,198,161,183,184,35,186,107,188,142,44,191,103,155,21,177,27,144,78,8,];False
5568;9557;15125;[81,42,15,3,110,5,132,32,85,14,187,11,134,13,9,199,65,17,72,19,172,194,22,23,24,25,140,7,43,29,30,102,12,135,34,185,36,37,38,94,40,165,151,52,163,45,116,47,48,49,62,119,28,53,54,120,79,51,58,59,131,61,149,63,64,16,66,67,60,69,70,71,18,73,98,75,159,77,89,90,80,96,82,83,56,76,68,146,88,128,84,91,100,74,126,162,108,97,31,99,115,101,26,192,104,195,33,127,160,181,41,87,112,113,190,10,173,164,118,167,4,121,122,123,105,125,39,182,111,2,130,156,6,129,133,106,136,137,138,20,196,141,189,46,197,145,109,147,148,50,150,117,152,153,175,193,93,157,158,171,0,154,95,57,179,55,166,143,139,169,170,114,168,124,174,1,176,92,178,86,180,198,161,183,184,35,186,107,188,142,44,191,103,155,21,177,27,144,78,8,];False
5435;9689;15124;[81,42,15,3,110,5,132,32,85,14,187,29,134,13,9,199,65,17,72,19,172,194,22,23,24,25,140,7,43,11,28,102,12,135,34,185,36,37,38,94,40,165,151,52,163,45,191,47,48,49,62,119,30,53,128,120,79,51,58,59,131,61,149,63,64,16,66,67,60,69,160,71,18,73,98,75,159,77,89,90,80,87,82,83,56,76,68,146,88,156,153,91,100,74,126,162,108,97,31,99,115,101,26,192,104,195,33,127,70,181,41,96,112,113,190,10,173,164,118,167,4,121,122,123,105,125,39,182,111,2,130,54,6,129,133,106,136,137,138,20,196,141,189,46,197,145,109,147,148,50,150,117,152,84,175,193,93,27,158,171,0,154,95,57,86,55,166,143,139,169,170,114,168,124,174,1,176,92,178,179,180,198,161,183,184,35,186,107,188,142,44,116,103,155,21,177,157,144,78,8,];False
5516;9601;15117;[81,42,15,3,110,5,132,126,85,14,187,11,134,13,9,199,65,17,72,19,172,194,22,23,24,25,140,7,43,29,30,102,12,135,34,185,36,37,38,94,40,165,151,52,163,45,116,47,48,49,62,119,28,53,54,120,79,51,58,59,131,61,149,63,64,16,66,67,60,69,70,71,18,73,98,75,159,77,89,90,80,87,82,83,56,76,68,146,88,128,84,91,100,74,32,162,108,97,31,99,115,101,26,192,104,195,33,127,160,181,41,96,112,113,190,10,173,164,118,167,4,121,122,123,105,125,39,182,111,2,130,156,6,129,133,106,136,137,138,20,196,141,189,46,197,145,109,147,148,50,150,117,152,153,175,193,93,157,158,171,0,154,95,57,86,55,166,143,139,169,170,114,168,124,174,1,176,92,178,179,180,198,161,183,184,35,186,107,188,142,44,191,103,155,21,177,27,144,78,8,];False
5560;9555;15115;[81,42,15,3,110,5,132,32,85,14,187,11,134,13,9,199,65,17,72,19,172,194,22,23,24,25,140,7,43,29,30,102,12,135,34,185,36,37,38,94,40,165,151,52,163,45,116,47,48,49,62,119,28,53,128,120,79,51,58,59,131,61,149,63,166,16,66,67,60,69,70,71,18,73,98,75,159,77,89,90,80,87,82,83,56,76,68,146,88,54,84,91,100,74,126,162,108,97,31,99,115,101,26,192,104,195,33,127,160,181,41,96,112,113,190,10,173,164,118,167,4,121,122,123,105,125,39,182,111,2,130,156,6,129,133,106,136,137,138,20,196,141,189,46,197,145,109,147,148,50,150,117,152,153,175,193,93,157,158,171,0,154,95,57,86,55,64,143,139,169,170,114,168,124,174,1,176,92,178,179,180,198,161,183,184,35,186,107,188,142,44,191,103,155,21,177,27,144,78,8,];False
5551;9558;15109;[81,42,15,3,110,5,132,32,85,14,187,11,134,13,9,96,65,17,72,19,172,194,22,23,24,25,140,7,43,29,30,102,12,135,34,185,36,37,38,94,40,165,151,52,163,45,116,47,48,49,62,119,28,53,54,120,79,51,58,59,131,61,149,63,64,16,66,67,60,69,70,71,18,73,98,75,159,77,89,90,80,87,82,83,56,76,68,146,88,128,84,91,100,74,126,162,108,97,31,99,115,101,26,192,104,195,33,127,160,181,41,199,112,113,190,10,173,164,118,167,4,121,122,123,105,125,39,182,111,2,130,156,6,129,133,106,136,137,138,20,196,141,189,46,197,145,109,147,148,50,150,117,152,153,175,193,93,157,158,171,0,154,95,57,86,55,166,143,139,169,170,114,168,124,174,1,176,92,178,179,180,198,161,183,184,35,186,107,188,142,44,191,103,155,21,177,27,144,78,8,];False
5441;9666;15107;[81,42,15,3,110,5,132,32,11,14,187,29,134,13,9,199,65,17,72,19,172,194,22,23,24,25,140,7,43,85,30,102,12,135,34,185,36,37,38,94,40,165,151,52,163,45,191,47,48,49,62,119,28,53,128,120,79,51,58,59,131,61,149,63,64,86,66,67,60,69,160,71,18,73,98,75,159,77,89,90,80,87,82,83,56,76,68,146,88,156,153,91,100,74,126,162,108,97,31,99,115,101,26,192,104,195,33,127,70,181,41,96,112,113,190,10,173,164,118,167,4,121,122,123,105,125,39,182,111,2,130,54,6,129,133,106,136,137,138,20,196,141,189,46,197,145,109,147,148,50,150,117,152,84,175,193,93,27,158,171,0,154,95,57,16,55,166,143,139,169,170,114,168,124,174,1,176,92,178,179,180,198,161,183,184,35,186,107,188,142,44,116,103,155,21,177,157,144,78,8,];False
5345;9754;15099;[81,42,15,3,110,5,132,32,85,14,187,29,134,13,9,199,65,17,72,19,172,194,22,23,24,25,140,7,43,11,30,102,12,135,34,185,36,37,38,94,40,165,151,52,163,45,191,47,48,49,62,119,28,128,53,120,79,51,58,59,131,61,149,63,64,86,66,67,60,69,160,71,18,73,98,75,159,77,89,90,80,87,82,83,56,76,108,146,88,156,153,91,100,74,126,162,68,97,175,99,115,101,26,192,104,195,33,127,70,181,41,96,112,113,190,10,173,164,118,167,4,121,122,123,105,125,39,182,111,2,92,54,6,129,133,106,136,137,138,20,196,141,189,46,197,145,109,147,148,50,150,117,152,84,31,193,93,27,158,171,0,154,95,57,16,55,166,143,139,169,170,114,168,124,174,1,176,130,178,179,180,198,161,183,184,35,186,107,188,142,44,116,103,155,21,177,157,144,78,8,];False
5405;9692;15097;[81,42,15,3,110,5,132,32,85,14,187,29,134,13,9,199,65,17,72,19,172,194,22,23,24,25,140,7,43,84,30,102,12,135,34,185,36,37,38,94,40,165,151,52,163,45,191,47,48,49,62,119,28,53,128,120,79,51,58,59,131,61,149,63,64,16,66,67,60,69,160,71,18,73,98,75,159,77,89,90,80,87,82,83,56,76,68,146,88,156,153,91,100,74,126,162,108,97,31,99,115,101,26,192,104,195,33,127,70,181,41,96,112,113,190,10,173,164,118,167,4,121,122,123,105,125,39,182,111,2,130,54,6,129,133,106,136,137,138,20,196,141,189,46,197,145,109,147,148,50,150,117,152,11,175,193,93,27,158,171,0,154,95,57,86,55,166,143,139,169,170,114,168,124,174,1,176,92,178,179,180,198,161,183,184,35,186,107,188,142,44,116,103,155,21,177,157,144,78,8,];False
5501;9596;15097;[81,42,15,3,110,5,132,32,85,14,187,29,134,13,9,199,65,17,72,19,172,194,22,23,24,25,140,7,43,11,30,102,12,135,34,185,36,37,38,94,40,165,151,52,163,45,191,47,48,49,62,119,28,53,128,120,79,51,58,59,131,61,149,63,64,16,66,67,60,69,70,71,18,73,98,75,159,77,89,90,80,87,82,83,56,76,68,146,88,156,84,130,100,74,126,162,108,97,31,99,115,101,26,192,104,195,33,127,160,181,41,96,112,113,190,10,173,164,118,167,4,121,122,123,105,125,39,182,111,2,91,54,6,129,133,106,136,137,138,20,196,141,189,46,197,145,109,147,148,50,150,117,152,153,175,193,93,27,158,171,0,154,95,57,86,55,166,143,139,169,170,114,168,124,174,1,176,92,178,179,180,198,161,183,184,35,186,107,188,142,44,116,103,155,21,177,157,144,78,8,];False
5519;9576;15095;[81,42,15,3,110,5,132,32,85,14,187,29,134,13,9,199,65,17,72,19,172,194,22,23,24,25,140,7,43,11,30,102,12,135,89,185,36,37,38,94,40,165,151,52,163,45,191,47,48,49,62,119,28,53,128,120,79,51,58,59,131,61,149,63,64,16,66,67,60,69,70,71,18,73,98,75,159,77,34,90,80,87,82,83,56,76,68,146,88,54,84,91,100,74,126,162,108,97,31,99,115,101,26,192,104,195,33,127,160,181,41,96,112,113,190,10,173,164,118,167,4,121,122,123,105,125,39,182,111,2,130,156,6,129,133,106,136,137,138,20,196,141,189,46,197,145,109,147,148,50,150,117,152,153,175,193,93,157,158,171,0,154,95,57,86,55,166,143,139,169,170,114,168,124,174,1,176,92,178,179,180,198,161,183,184,35,186,107,188,142,44,116,103,155,21,177,27,144,78,8,];False
5445;9648;15093;[81,42,15,3,110,5,132,32,85,14,187,29,134,13,9,199,65,17,72,19,172,194,22,23,24,25,140,7,43,11,30,102,12,135,34,185,36,37,38,94,40,165,151,52,163,45,191,47,48,49,62,119,28,53,128,120,79,51,58,59,131,61,149,63,64,86,66,67,60,69,92,71,18,73,98,75,159,77,89,90,80,87,82,83,56,76,68,146,88,156,153,91,100,74,126,162,108,97,175,99,115,101,26,192,104,195,33,127,70,181,41,96,112,113,190,10,173,164,118,167,4,121,122,123,105,125,39,182,111,2,130,54,6,129,133,106,136,137,138,20,196,141,189,46,197,145,109,147,148,50,150,117,152,84,31,193,93,27,158,171,0,154,95,57,16,55,166,143,139,169,170,114,168,124,174,1,176,160,178,179,180,198,161,183,184,35,186,107,188,142,44,116,103,155,21,177,157,144,78,8,];False
5407;9684;15091;[81,42,15,3,110,5,132,32,85,14,187,29,134,13,9,199,65,17,72,19,172,194,22,23,24,25,140,7,43,11,30,4,12,135,34,185,36,37,38,94,40,165,151,52,163,45,191,47,48,49,62,119,28,53,128,120,79,51,58,59,131,61,149,63,64,16,66,67,60,69,160,71,18,73,98,75,159,77,89,90,80,87,82,83,56,76,68,146,88,156,84,91,100,74,126,162,108,97,31,99,115,101,26,192,104,195,33,127,70,181,41,96,112,113,190,10,173,164,118,167,102,121,122,123,105,125,39,182,111,2,130,54,6,129,133,106,136,137,138,20,196,141,189,46,197,145,109,147,148,50,150,117,152,153,175,193,93,27,158,171,0,154,95,57,86,55,166,143,139,169,170,114,168,124,174,1,176,92,178,179,180,198,161,183,184,35,186,107,188,142,44,116,103,155,21,177,157,144,78,8,];False
5407;9684;15091;[81,42,15,3,110,174,132,32,85,14,187,29,134,13,9,199,65,17,72,19,172,194,22,23,24,25,140,7,43,11,30,102,12,135,34,185,36,37,38,94,40,165,151,52,163,45,191,47,48,49,62,119,28,53,128,120,79,51,58,59,131,61,149,63,64,16,66,67,60,69,160,71,18,73,98,75,159,77,89,90,80,87,82,83,56,76,68,146,88,156,84,91,100,74,126,162,108,97,31,99,115,101,26,192,104,195,33,127,70,181,41,96,112,113,190,10,173,164,118,167,4,121,122,123,105,125,39,182,111,2,130,54,6,129,133,106,136,137,138,20,196,141,189,46,197,145,109,147,148,50,150,117,152,153,175,193,93,27,158,171,0,154,95,57,86,55,166,143,139,169,170,114,168,124,5,1,176,92,178,179,180,198,161,183,184,35,186,107,188,142,44,116,103,155,21,177,157,144,78,8,];False
5555;9536;15091;[81,42,15,3,110,5,132,32,85,14,187,11,134,13,9,199,65,17,72,19,172,194,22,23,24,25,140,7,43,29,30,102,12,135,34,185,36,37,38,94,40,165,151,52,163,45,116,47,48,49,62,119,28,53,54,120,79,51,58,59,131,128,149,63,64,16,66,67,60,69,70,71,18,73,98,75,159,77,89,90,80,96,82,83,56,76,68,146,88,61,84,91,100,74,126,162,108,97,31,99,115,101,26,192,104,195,33,127,160,181,41,87,112,113,190,10,173,164,118,167,4,121,122,123,105,125,39,182,111,2,130,156,6,129,133,106,136,137,138,20,196,141,189,46,197,145,109,147,148,50,150,117,152,153,175,193,93,157,158,171,0,154,95,57,86,55,166,143,139,169,170,114,168,124,174,1,176,92,178,179,180,198,161,183,184,35,186,107,188,142,44,191,103,155,21,177,27,144,78,8,];False
5394;9697;15091;[81,42,15,3,110,5,103,32,85,14,187,29,134,13,9,199,65,17,72,19,172,194,22,23,24,25,140,7,43,11,30,102,12,135,34,185,36,37,38,94,40,165,151,52,163,45,191,47,48,49,62,119,28,53,128,120,79,51,58,59,131,61,149,63,64,16,66,67,60,69,160,71,18,73,98,75,159,77,89,90,80,87,82,83,56,76,68,146,88,156,84,91,100,74,126,162,108,97,31,99,115,101,26,192,104,195,33,127,70,181,41,96,112,113,190,10,173,164,118,167,4,121,122,123,105,125,39,182,111,2,130,54,6,129,133,106,136,137,138,20,196,141,189,46,197,145,109,147,148,50,150,117,152,153,175,193,93,27,158,171,0,154,95,57,86,55,166,143,139,169,170,114,168,124,174,1,176,92,178,179,180,198,161,183,184,35,186,107,188,142,44,116,132,155,21,177,157,144,78,8,];False
5530;9556;15086;[81,42,15,3,110,5,132,32,85,14,187,29,134,13,9,199,65,17,72,19,172,194,22,23,24,25,140,7,43,11,30,102,12,135,34,185,36,37,38,94,40,165,151,52,163,45,191,47,48,49,62,119,28,53,128,120,79,51,58,59,131,61,149,63,64,16,66,67,60,69,70,71,18,73,98,75,159,77,89,90,80,87,82,83,56,76,68,146,88,54,84,91,100,74,126,162,108,97,31,99,115,101,26,192,104,195,33,127,160,181,41,96,112,113,190,10,173,164,118,167,4,121,122,123,105,125,39,152,111,2,130,156,6,129,133,106,136,137,138,20,196,141,189,46,197,145,109,147,148,50,150,117,182,153,175,193,93,157,158,171,0,154,95,57,86,55,166,143,139,169,170,114,168,124,174,1,176,92,178,179,180,198,161,183,184,35,186,107,188,142,44,116,103,155,21,177,27,144,78,8,];False
5518;9562;15080;[81,42,15,130,110,5,132,32,85,14,187,11,134,13,9,199,65,17,72,19,172,194,22,23,24,25,140,7,43,29,30,102,12,135,34,185,36,37,38,94,40,165,151,52,163,45,191,47,48,49,62,119,28,53,128,120,79,51,58,59,131,61,149,63,64,16,66,67,60,69,70,71,18,73,98,75,159,77,89,90,80,87,82,83,56,76,68,146,88,54,84,91,100,74,126,162,108,97,31,99,115,101,26,192,104,195,33,127,160,181,41,96,112,113,190,10,173,164,118,167,4,121,122,123,105,125,39,182,111,2,3,156,6,129,133,106,136,137,138,20,196,141,189,46,197,145,109,147,148,50,150,117,152,153,175,193,93,157,158,171,0,154,95,57,86,55,166,143,139,169,170,114,168,124,174,1,176,92,178,179,180,198,161,183,184,35,186,107,188,142,44,116,103,155,21,177,27,144,78,8,];False
5414;9665;15079;[81,42,15,3,110,5,132,32,85,14,187,29,134,13,9,199,65,17,72,19,172,194,22,23,24,25,140,7,43,11,30,102,12,135,34,185,36,37,38,94,40,165,151,52,163,45,191,47,48,49,62,119,28,53,128,120,79,51,58,59,131,61,112,63,64,16,66,67,60,69,160,71,18,73,98,75,159,77,89,90,80,87,82,83,56,76,68,146,88,156,153,91,100,74,126,162,108,97,31,99,115,101,26,192,104,195,33,127,70,181,41,96,149,113,190,10,173,164,118,167,4,121,122,123,105,125,39,182,111,2,130,54,6,129,133,106,136,137,138,20,196,141,189,46,197,145,109,147,148,50,150,117,152,84,175,193,93,27,158,171,0,154,95,57,86,55,166,143,139,169,170,114,168,124,174,1,176,92,178,179,180,198,161,183,184,35,186,107,188,142,44,116,103,155,21,177,157,144,78,8,];False
5495;9583;15078;[81,42,15,3,110,5,132,32,85,14,187,29,134,13,9,199,65,17,72,19,172,194,22,23,24,25,140,7,43,11,30,102,12,135,34,185,36,37,38,94,40,165,151,52,163,45,191,47,48,49,62,119,28,53,128,120,79,51,58,59,131,61,149,63,64,16,66,67,60,69,70,71,18,73,98,75,159,77,89,90,80,87,82,83,56,76,68,146,88,156,84,91,100,74,126,162,108,97,31,99,115,101,26,192,104,195,33,127,160,181,41,96,112,113,190,10,173,164,118,142,4,121,122,123,105,125,39,182,111,2,130,54,6,129,133,106,136,137,138,20,196,141,189,46,197,145,109,147,148,50,150,117,152,153,175,193,93,27,158,171,0,154,95,57,86,55,166,143,139,169,170,114,168,124,174,1,176,92,178,179,180,198,161,183,184,35,186,107,188,167,44,116,103,155,21,177,157,144,78,8,];False
5375;9701;15076;[81,42,15,3,110,5,132,32,85,14,187,29,134,13,9,199,65,17,72,19,172,194,22,23,24,25,140,7,43,11,30,102,12,135,34,185,36,37,38,94,40,165,151,52,163,45,191,47,48,49,62,119,28,53,128,120,79,51,58,59,131,61,149,63,64,86,66,67,60,69,160,71,18,73,98,75,159,77,89,90,80,87,82,83,56,76,68,146,88,156,153,91,100,74,126,162,108,97,175,99,115,101,26,192,104,195,33,127,70,181,41,96,112,113,190,10,173,164,118,167,4,121,122,123,105,125,39,182,111,2,130,155,6,129,133,106,136,137,138,20,196,141,189,46,197,145,109,147,148,50,150,117,152,84,31,193,93,27,158,171,0,154,95,57,16,55,166,143,139,169,170,114,168,124,174,1,176,92,178,179,180,198,161,183,184,35,186,107,188,142,44,116,103,54,21,177,157,144,78,8,];False
5386;9688;15074;[81,42,15,3,110,5,132,32,85,14,187,29,134,13,9,199,65,17,72,19,172,194,22,23,24,25,140,7,43,11,30,102,12,135,34,185,36,37,38,94,40,165,151,52,163,45,191,47,48,49,62,119,28,53,128,120,79,51,58,59,131,31,149,63,64,16,66,67,60,69,160,71,18,73,98,75,159,77,89,90,80,87,82,83,56,76,68,146,88,156,153,91,100,74,126,162,108,97,61,99,115,101,26,192,104,195,33,127,70,181,41,96,112,113,190,10,173,164,118,167,4,121,122,123,105,125,39,182,111,2,130,54,6,129,133,106,136,137,138,20,196,141,189,46,197,145,109,147,148,50,150,117,152,84,175,193,93,27,158,171,0,154,95,57,86,55,166,143,139,169,170,114,168,124,174,1,176,92,178,179,180,198,161,183,184,35,186,107,188,142,44,116,103,155,21,177,157,144,78,8,];False
5488;9586;15074;[81,42,15,3,110,5,132,32,85,14,187,29,134,13,9,199,65,17,72,19,172,194,22,23,24,25,140,7,43,11,30,102,12,135,34,185,36,37,38,94,40,165,151,52,163,45,191,47,48,49,62,119,28,53,128,120,79,51,58,59,131,61,149,63,64,16,66,67,60,69,70,71,18,73,98,75,159,77,89,90,80,87,82,83,56,76,68,146,88,156,84,91,100,74,126,162,108,97,31,99,115,101,26,192,104,195,33,127,160,181,41,96,112,113,190,10,173,164,118,167,4,121,122,123,105,193,39,182,111,2,130,54,6,129,133,106,136,137,138,20,196,141,189,46,197,145,109,147,148,50,150,117,152,153,175,125,93,157,158,171,0,154,95,57,86,55,166,143,139,169,170,114,168,124,174,1,176,92,178,179,180,198,161,183,184,35,186,107,188,142,44,116,103,155,21,177,27,144,78,8,];False
5385;9685;15070;[81,42,15,3,110,5,132,32,85,14,187,29,134,13,9,199,65,17,72,19,172,194,22,23,24,25,140,7,43,11,30,102,12,135,34,185,36,37,38,94,40,165,151,52,163,45,191,47,48,49,62,119,28,128,53,120,79,51,58,59,131,61,149,63,64,86,66,67,60,69,160,71,18,73,98,75,159,77,89,90,80,87,82,83,56,76,108,146,88,156,153,91,100,74,126,162,68,97,175,99,115,101,26,192,104,195,33,127,130,181,41,96,112,113,190,10,173,164,118,167,4,121,122,123,105,125,39,182,111,2,70,54,6,129,133,106,136,137,138,20,196,141,189,46,197,145,109,147,148,50,150,117,152,84,31,193,93,27,158,171,0,154,95,57,16,55,166,143,139,169,170,114,168,124,174,1,176,92,178,179,180,198,161,183,184,35,186,107,188,142,44,116,103,155,21,177,157,144,78,8,];False
5404;9657;15061;[81,42,15,3,110,5,132,32,85,14,187,29,134,13,9,199,65,17,72,19,172,194,22,23,24,25,140,7,43,11,30,102,12,135,34,185,36,37,38,94,40,165,151,52,163,45,191,47,48,49,62,119,28,128,53,120,79,51,58,59,131,61,149,63,64,86,66,67,60,69,160,71,18,73,98,75,159,77,89,90,80,87,82,83,56,76,68,146,88,156,153,91,100,74,126,162,108,97,175,99,115,101,26,192,104,195,33,127,70,181,41,96,112,113,190,10,173,164,118,167,4,121,122,123,105,125,39,182,130,2,111,54,6,129,133,106,136,137,138,20,196,141,189,46,197,145,109,147,148,50,150,117,152,84,31,193,93,27,158,171,0,154,95,57,16,55,166,143,139,169,170,114,168,124,174,1,176,92,178,179,180,198,161,183,184,35,186,107,188,142,44,116,103,155,21,177,157,144,78,8,];False
5374;9687;15061;[81,42,15,3,110,5,132,32,85,14,187,29,134,13,9,199,65,17,72,19,172,194,22,23,24,25,140,7,43,11,30,102,12,135,34,185,36,37,38,94,40,165,151,52,163,45,191,47,48,49,62,119,28,53,128,120,79,51,58,59,131,61,149,63,64,16,66,67,60,69,160,71,18,73,98,75,159,77,89,90,80,87,82,83,56,76,68,101,88,156,84,91,100,74,126,162,108,97,31,99,115,146,26,192,104,195,33,127,70,181,41,96,112,113,190,10,173,164,118,167,4,121,122,123,105,125,39,182,111,2,130,54,6,129,133,106,136,137,138,20,196,141,189,46,197,145,109,147,148,50,150,117,152,153,175,193,93,27,158,171,0,154,95,57,86,55,166,143,139,169,170,114,168,124,174,1,176,92,178,179,180,198,161,183,184,35,186,107,188,142,44,116,103,155,21,177,157,144,78,8,];False
5483;9577;15060;[81,42,15,3,110,5,181,32,85,14,187,11,134,13,9,199,65,17,72,19,172,194,22,23,24,25,140,7,43,29,30,102,12,135,34,185,36,37,38,94,40,165,151,52,163,45,191,47,48,49,62,119,28,53,128,120,79,51,58,59,131,61,149,63,64,16,66,67,60,69,70,71,18,73,98,75,159,77,89,90,80,87,82,83,56,76,68,146,88,54,84,91,100,74,126,162,108,97,31,99,115,101,26,192,104,195,33,127,160,132,41,96,112,113,190,10,173,164,118,167,4,121,122,123,105,125,39,182,111,2,130,156,6,129,133,106,136,137,138,20,196,141,189,46,197,145,109,147,148,50,150,117,152,153,175,193,93,157,158,171,0,154,95,57,86,55,166,143,139,169,170,114,168,124,174,1,176,92,178,179,180,198,161,183,184,35,186,107,188,142,44,116,103,155,21,177,27,144,78,8,];False
5487;9572;15059;[81,42,15,3,110,5,132,32,85,14,187,29,134,13,9,199,65,17,72,19,172,48,22,23,24,25,140,7,43,11,30,102,12,135,34,185,36,37,38,94,40,165,151,52,163,45,191,47,194,49,62,119,28,53,128,120,79,51,58,59,131,61,149,63,64,16,66,67,60,69,70,71,18,73,98,75,159,77,89,90,80,87,82,83,56,76,68,146,88,156,84,91,100,74,126,162,108,97,31,99,115,101,26,192,104,195,33,127,160,181,41,96,112,113,190,10,173,164,118,167,4,121,122,123,105,125,39,182,111,2,130,54,6,129,133,106,136,137,138,20,196,141,189,46,197,145,109,147,148,50,150,117,152,153,175,193,93,157,158,171,0,154,95,57,86,55,166,143,139,169,170,114,168,124,174,1,176,92,178,179,180,198,161,183,184,35,186,107,188,142,44,116,103,155,21,177,27,144,78,8,];False
5244;9815;15059;[81,42,15,3,110,5,132,32,85,14,187,29,134,13,9,199,75,17,72,19,172,194,22,23,24,25,140,7,43,11,30,102,12,135,34,185,36,37,38,94,40,165,151,52,163,45,191,47,48,49,155,119,28,128,53,120,79,51,58,59,131,61,149,63,64,86,66,67,60,69,160,159,18,73,98,65,71,77,89,90,80,87,82,83,56,76,108,146,88,156,153,91,100,74,126,162,68,97,175,99,115,101,26,192,104,195,33,127,70,181,41,96,112,113,190,10,173,164,118,167,4,121,122,123,105,125,39,182,111,2,130,54,6,129,133,106,136,137,138,20,196,141,189,46,197,145,109,147,148,50,150,117,152,84,31,193,93,27,158,171,0,154,95,57,16,55,166,143,139,169,170,114,168,124,174,1,176,92,178,179,180,198,161,183,184,35,186,107,188,142,44,116,103,62,21,177,157,144,78,8,];False
5465;9593;15058;[81,42,15,3,110,5,132,32,85,14,187,29,134,13,9,199,65,17,72,19,172,194,22,23,24,25,140,7,43,11,30,102,12,135,34,185,36,37,38,94,40,165,151,52,163,45,191,47,48,49,62,119,28,53,128,120,79,51,58,59,131,61,149,63,64,16,66,67,60,69,160,176,18,73,98,75,159,77,89,90,80,87,82,83,56,76,68,146,88,156,84,91,100,74,126,162,108,97,31,99,115,101,26,192,104,195,33,127,70,181,41,96,112,113,190,10,173,164,118,167,4,121,122,123,105,125,39,182,111,2,130,54,6,129,133,106,136,137,138,20,196,141,189,46,197,145,109,147,148,50,150,117,152,153,175,193,93,27,158,171,0,154,95,57,86,55,166,143,139,169,170,114,168,124,174,1,71,92,178,179,180,198,161,183,184,35,186,107,188,142,44,116,103,155,21,177,157,144,78,8,];False
5422;9633;15055;[81,53,15,3,110,5,132,32,85,14,187,29,134,13,9,199,65,17,72,19,172,194,22,23,24,25,140,7,43,11,30,102,12,135,34,185,36,37,38,94,40,165,151,52,163,45,191,47,48,49,62,119,28,42,128,120,79,51,58,59,131,61,149,63,64,16,66,67,60,69,160,71,18,73,98,75,159,77,89,90,80,87,82,83,56,76,68,146,88,156,84,91,100,74,126,162,108,97,31,99,115,101,26,192,104,195,33,127,70,181,41,96,112,113,190,10,173,164,118,167,4,121,122,123,105,125,39,182,111,2,130,54,6,129,133,106,136,137,138,20,196,141,189,46,197,145,109,147,148,50,150,117,152,153,175,193,93,27,158,171,0,154,95,57,86,55,166,143,139,169,170,114,168,124,174,1,176,92,178,179,180,198,161,183,184,35,186,107,188,142,44,116,103,155,21,177,157,144,78,8,];False
5521;9532;15053;[81,42,15,3,110,5,132,32,85,14,187,11,134,13,9,199,65,17,72,19,172,194,22,23,24,25,140,7,43,29,30,102,12,79,34,185,36,37,38,94,40,165,151,52,163,45,191,47,48,49,62,119,28,53,128,120,135,51,58,59,131,61,149,63,64,16,66,67,60,69,70,71,18,73,98,75,159,77,89,90,80,87,82,83,56,76,68,146,88,54,84,91,100,74,126,162,108,97,31,99,115,101,26,192,104,195,33,127,160,181,41,96,112,113,190,10,173,164,118,167,4,121,122,123,105,125,39,182,111,2,130,156,6,129,133,106,136,137,138,20,196,141,189,46,197,145,109,147,148,50,150,117,152,153,175,193,93,157,158,171,0,154,95,57,86,55,166,143,139,169,170,114,168,124,174,1,176,92,178,179,180,198,161,183,184,35,186,107,188,142,44,116,103,155,21,177,27,144,78,8,];False
5390;9662;15052;[81,42,15,3,110,5,132,32,85,14,187,29,134,13,9,199,65,17,72,19,172,194,22,23,24,25,140,7,43,11,30,102,12,135,34,185,36,37,38,94,40,165,151,52,163,45,191,47,48,49,62,119,28,53,128,120,79,51,58,59,131,61,149,63,64,86,66,67,60,69,160,71,18,73,98,75,159,77,89,90,80,87,82,83,56,76,68,146,88,156,153,91,100,74,126,162,108,97,175,99,115,101,26,192,104,195,33,114,70,181,41,96,112,113,190,10,173,164,118,167,4,121,122,123,105,125,39,182,111,2,130,54,6,129,133,106,136,137,138,20,196,141,189,46,197,145,109,147,148,50,150,117,152,84,31,193,93,27,158,171,0,154,95,57,16,55,166,143,139,169,170,127,168,124,174,1,176,92,178,179,180,198,161,183,184,35,186,107,188,142,44,116,103,155,21,177,157,144,78,8,];False
5416;9634;15050;[81,42,15,3,110,5,132,32,85,14,187,29,134,13,9,199,65,17,72,19,172,194,22,23,24,25,140,7,43,11,30,102,12,135,34,185,36,37,38,94,40,165,151,52,163,45,191,47,48,49,62,119,28,53,128,120,79,51,58,59,131,61,149,63,64,16,66,67,60,69,160,71,18,73,98,75,159,77,89,90,80,87,82,83,56,76,68,146,88,156,84,91,100,74,126,162,108,97,31,99,115,101,26,192,104,195,33,127,70,150,41,96,112,113,190,10,173,164,118,167,4,121,122,123,105,125,39,182,111,2,130,54,6,129,133,106,136,137,138,20,196,141,189,46,197,145,109,147,148,50,181,117,152,153,175,193,93,27,158,171,0,154,95,57,86,55,166,143,139,169,170,114,168,124,174,1,176,92,178,179,180,198,161,183,184,35,186,107,188,142,44,116,103,155,21,177,157,144,78,8,];False
5384;9661;15045;[81,42,15,3,110,5,132,32,85,14,187,29,134,13,9,199,65,17,72,19,172,194,22,23,24,25,140,7,43,11,30,102,12,135,34,185,36,37,38,94,40,165,151,52,163,45,191,47,48,49,62,119,28,53,128,120,79,51,58,59,131,61,149,63,64,16,66,67,60,69,160,71,18,73,98,75,159,77,89,90,80,100,82,83,56,76,68,146,88,156,153,91,87,74,126,162,108,97,31,99,115,101,26,192,104,195,33,127,70,181,41,96,112,113,190,10,173,164,118,167,4,121,122,123,105,125,39,182,111,2,130,54,6,129,133,106,136,137,138,20,196,141,189,46,197,145,109,147,148,50,150,117,152,84,175,193,93,27,158,171,0,154,95,57,86,55,166,143,139,169,170,114,168,124,174,1,176,92,178,179,180,198,161,183,184,35,186,107,188,142,44,116,103,155,21,177,157,144,78,8,];False
5445;9599;15044;[81,42,15,3,110,5,132,32,85,14,187,29,134,13,9,199,65,17,72,19,172,194,22,23,24,25,140,7,43,11,30,102,12,135,34,185,36,37,38,94,40,165,151,52,163,45,191,47,50,49,62,119,28,53,128,120,79,51,58,59,131,61,149,63,64,16,66,67,60,69,70,71,18,73,98,75,159,77,89,90,80,87,82,83,56,76,68,146,88,156,84,91,100,74,126,162,108,97,31,99,115,101,26,192,104,195,33,127,160,181,41,96,112,113,190,10,173,164,118,167,4,121,122,123,105,125,39,182,111,2,130,54,6,129,133,106,136,137,138,20,196,141,189,46,197,145,109,147,148,48,150,117,152,153,175,193,93,27,158,171,0,154,95,57,86,55,166,143,139,169,170,114,168,124,174,1,176,92,178,179,180,198,161,183,184,35,186,107,188,142,44,116,103,155,21,177,157,144,78,8,];False
5353;9690;15043;[81,42,15,3,110,5,132,32,85,14,187,29,134,13,9,199,65,17,72,19,172,194,22,23,24,25,140,7,43,11,30,102,12,135,34,185,36,37,38,94,40,165,151,52,163,45,191,47,48,49,62,119,28,53,128,120,79,51,58,59,131,61,149,63,88,86,66,67,60,69,160,71,18,73,98,75,159,77,89,90,80,87,82,83,56,76,68,146,64,156,153,91,100,74,126,162,108,97,175,99,115,101,26,192,104,195,33,127,70,181,41,96,112,113,190,10,173,164,118,167,4,121,122,123,105,125,39,182,111,2,130,54,6,129,133,106,136,137,138,20,196,141,189,46,197,145,109,147,148,50,150,117,152,84,31,193,93,27,158,171,0,154,95,57,16,55,166,143,139,169,170,114,168,124,174,1,176,92,178,179,180,198,161,183,184,35,186,107,188,142,44,116,103,155,21,177,157,144,78,8,];False
5315;9727;15042;[81,42,15,3,110,5,132,32,85,14,187,29,134,13,9,199,65,17,72,19,172,194,22,23,24,25,140,7,43,11,30,102,12,135,34,185,36,37,38,94,40,165,151,52,163,45,191,47,48,49,62,119,28,128,53,120,79,51,58,59,131,61,149,63,64,86,66,67,60,69,160,71,18,73,98,75,159,77,89,90,80,87,82,83,56,76,108,146,88,156,153,91,100,74,126,162,68,97,175,99,115,101,26,192,104,195,33,127,70,181,41,96,112,113,190,10,173,164,118,167,4,121,122,123,105,125,39,182,111,2,103,54,6,129,133,106,136,137,138,20,196,141,189,46,197,145,109,147,148,50,150,117,152,84,31,193,93,27,158,171,0,154,95,57,16,55,166,143,139,169,170,114,168,124,174,1,176,92,178,179,180,198,161,183,184,35,186,107,188,142,44,116,130,155,21,177,157,144,78,8,];False
5419;9622;15041;[81,42,15,3,110,5,132,32,85,14,187,29,134,13,9,199,65,17,72,19,172,194,22,23,24,25,140,7,43,11,30,102,12,135,34,185,36,37,38,94,40,165,151,52,163,45,191,47,48,49,62,119,28,53,128,120,79,51,58,59,131,61,149,63,64,16,66,67,60,69,70,71,18,73,98,75,159,77,89,90,80,87,82,83,56,76,68,146,88,156,84,91,190,74,126,162,108,97,31,99,115,101,26,192,104,195,33,127,160,181,41,96,112,113,100,10,173,164,118,167,4,121,122,123,105,125,39,182,111,2,130,54,6,129,133,106,136,137,138,20,196,141,189,46,197,145,109,147,148,50,150,117,152,153,175,193,93,27,158,171,0,154,95,57,86,55,166,143,139,169,170,114,168,124,174,1,176,92,178,179,180,198,161,183,184,35,186,107,188,142,44,116,103,155,21,177,157,144,78,8,];False
5340;9701;15041;[81,42,15,3,110,5,132,32,85,14,187,29,134,13,9,199,65,17,72,19,172,194,22,23,24,25,140,7,43,11,30,102,12,135,34,185,36,37,38,94,40,165,151,155,163,45,191,47,48,49,62,119,28,53,128,120,79,51,58,59,131,61,149,63,64,16,66,67,60,69,160,71,18,73,98,75,159,77,89,90,80,87,82,83,56,76,68,146,88,156,84,91,100,74,126,162,108,97,31,99,115,101,26,192,104,195,33,127,70,181,41,96,112,113,190,10,173,164,118,167,4,121,122,123,105,125,39,182,111,2,130,54,6,129,133,106,136,137,138,20,196,141,189,46,197,145,109,147,148,50,150,117,152,153,175,193,93,27,158,171,0,154,95,57,86,55,166,143,139,169,170,114,168,124,174,1,176,92,178,179,180,198,161,183,184,35,186,107,188,142,44,116,103,52,21,177,157,144,78,8,];False
5406;9635;15041;[81,42,41,3,110,5,132,32,85,14,187,29,134,13,9,199,65,17,72,19,172,194,22,23,24,25,140,7,43,11,30,102,12,135,34,185,36,37,38,94,40,165,151,52,163,45,191,47,48,49,62,119,28,53,128,120,79,51,58,59,131,61,149,63,64,86,66,67,60,69,160,71,18,73,98,75,159,77,89,90,80,87,82,83,56,76,68,146,88,156,153,91,100,74,126,162,108,97,175,99,115,101,26,192,104,195,33,127,70,181,15,96,112,113,190,10,173,164,118,167,4,121,122,123,105,125,39,182,111,2,130,54,6,129,133,106,136,137,138,20,196,141,189,46,197,145,109,147,148,50,150,117,152,84,31,193,93,27,158,171,0,154,95,57,16,55,166,143,139,169,170,114,168,124,174,1,176,92,178,179,180,198,161,183,184,35,186,107,188,142,44,116,103,155,21,177,157,144,78,8,];False
5378;9663;15041;[81,42,15,3,110,5,132,32,85,14,187,29,134,13,9,199,65,17,72,19,172,194,22,23,24,25,140,7,43,11,30,102,12,135,34,185,36,37,38,94,40,165,151,52,163,45,191,47,48,49,62,119,28,53,128,120,79,51,58,59,131,61,149,63,64,16,66,67,60,69,160,71,18,73,98,75,159,77,89,90,80,87,82,83,56,76,68,146,88,156,153,91,100,74,126,162,108,97,31,99,115,101,26,192,104,195,33,127,70,181,41,96,112,113,190,10,173,164,118,167,4,121,122,123,105,125,1,182,111,2,130,54,6,129,133,106,136,137,138,20,196,141,189,46,197,145,109,147,148,50,150,117,152,84,175,193,93,27,158,171,0,154,95,57,86,55,166,143,139,169,170,114,168,124,174,39,176,92,178,179,180,198,161,183,184,35,186,107,188,142,44,116,103,155,21,177,157,144,78,8,];False
5293;9745;15038;[81,42,15,3,110,5,132,32,85,14,187,29,134,13,9,199,65,17,72,19,172,194,22,23,24,25,140,7,43,44,30,102,12,135,34,185,36,37,38,94,40,165,151,52,163,45,191,47,48,49,62,119,28,128,53,120,79,51,58,59,131,61,149,63,64,86,66,67,60,69,160,71,18,73,98,75,159,77,89,90,80,87,82,83,56,76,108,146,88,156,153,91,100,74,126,162,68,97,175,99,115,101,26,192,104,195,33,127,70,181,41,96,112,113,190,10,173,164,118,167,4,121,122,123,105,125,39,182,111,2,130,54,6,129,133,106,136,137,138,20,196,141,189,46,197,145,109,147,148,50,150,117,152,84,31,193,93,27,158,171,0,154,95,57,16,55,166,143,139,169,170,114,168,124,174,1,176,92,178,179,180,198,161,183,184,35,186,107,188,142,11,116,103,155,21,177,157,144,78,8,];False
5465;9572;15037;[81,42,15,3,110,5,132,32,85,14,187,29,134,13,9,199,65,17,72,19,172,194,22,23,24,25,140,7,43,11,30,102,12,135,34,185,36,37,38,94,40,165,151,52,163,45,191,47,48,49,62,119,28,53,128,120,79,51,58,27,131,61,149,63,64,16,66,67,60,69,70,71,18,73,98,75,159,77,89,90,80,87,82,83,56,76,68,146,88,156,84,91,100,74,126,162,108,97,31,99,115,101,26,192,104,195,33,127,160,181,41,96,112,113,190,10,173,164,118,167,4,121,122,123,105,125,39,182,111,2,130,54,6,129,133,106,136,137,138,20,196,141,189,46,197,145,109,147,148,50,150,117,152,153,175,193,93,59,158,171,0,154,95,57,86,55,166,143,139,169,170,114,168,124,174,1,176,92,178,179,180,198,161,183,184,35,186,107,188,142,44,116,103,155,21,177,157,144,78,8,];False
5353;9683;15036;[81,42,15,3,110,5,132,32,85,14,187,29,134,13,9,199,65,17,72,19,172,194,22,23,24,25,140,7,43,11,30,102,12,135,34,185,36,37,38,94,40,165,151,138,163,45,191,47,48,49,62,119,28,53,128,120,79,51,58,59,131,61,149,63,64,16,66,67,60,69,160,71,18,73,98,75,159,77,89,90,80,87,82,83,56,76,68,146,88,156,153,91,100,74,126,162,108,97,31,99,115,101,26,192,104,195,33,127,70,181,41,96,112,113,190,10,173,164,118,167,4,121,122,123,105,125,39,182,111,2,130,54,6,129,133,106,136,137,52,20,196,141,189,46,197,145,109,147,148,50,150,117,152,84,175,193,93,27,158,171,0,154,95,57,86,55,166,143,139,169,170,114,168,124,174,1,176,92,178,179,180,198,161,183,184,35,186,107,188,142,44,116,103,155,21,177,157,144,78,8,];False
5475;9559;15034;[81,42,15,3,110,5,132,32,85,14,187,11,134,13,9,199,65,17,72,19,172,194,22,23,95,25,140,7,43,29,30,102,12,135,34,185,36,37,38,94,40,165,151,52,163,45,191,47,48,49,62,119,28,53,128,120,79,51,58,59,131,61,149,63,64,16,66,67,60,69,70,71,18,73,98,75,159,77,89,90,80,87,82,83,56,76,68,146,88,54,84,91,100,74,126,162,108,97,31,99,115,101,26,192,104,195,33,127,160,181,41,96,112,113,190,10,173,164,118,167,4,121,122,123,105,125,39,182,111,2,130,156,6,129,133,106,136,137,138,20,196,141,189,46,197,145,109,147,148,50,150,117,152,153,175,193,93,157,158,171,0,154,24,57,86,55,166,143,139,169,170,114,168,124,174,1,176,92,178,179,180,198,161,183,184,35,186,107,188,142,44,116,103,155,21,177,27,144,78,8,];False
5492;9542;15034;[81,42,15,3,110,5,132,32,85,14,187,11,134,13,9,199,65,17,72,19,172,194,22,23,24,25,140,7,43,29,30,102,12,135,34,185,36,37,38,94,40,165,151,52,163,45,116,47,48,49,62,119,28,53,128,120,79,51,58,59,131,61,149,63,64,16,66,67,60,69,70,71,18,73,98,75,159,77,89,90,80,137,82,83,56,76,68,146,88,54,84,91,100,74,126,162,108,97,31,99,115,101,26,192,104,195,33,127,160,181,41,96,112,113,190,10,173,164,118,167,4,121,122,123,105,125,39,182,111,2,130,156,6,129,133,106,136,87,138,20,196,141,189,46,197,145,109,147,148,50,150,117,152,153,175,193,93,157,158,171,0,154,95,57,86,55,166,143,139,169,170,114,168,124,174,1,176,92,178,179,180,198,161,183,184,35,186,107,188,142,44,191,103,155,21,177,27,144,78,8,];False
5336;9697;15033;[81,42,15,3,110,5,132,32,85,14,187,29,134,13,9,199,65,17,72,19,172,194,22,23,24,25,140,7,43,11,30,102,12,135,34,185,36,37,38,94,40,165,151,113,163,45,191,47,48,49,62,119,28,128,53,120,79,51,58,59,131,61,149,63,64,86,66,67,60,69,160,71,18,73,98,75,159,77,89,90,80,87,82,83,56,76,68,146,88,156,153,91,100,74,126,162,108,97,175,99,115,101,26,192,104,195,33,127,70,181,41,96,112,52,190,10,173,164,118,167,4,121,122,123,105,125,39,182,111,2,130,54,6,129,133,106,136,137,138,20,196,141,189,46,197,145,109,147,148,50,150,117,152,84,31,193,93,27,158,171,0,154,95,57,16,55,166,143,139,169,170,114,168,124,174,1,176,92,178,179,180,198,161,183,184,35,186,107,188,142,44,116,103,155,21,177,157,144,78,8,];False
5387;9644;15031;[81,42,15,3,110,5,132,32,85,14,187,29,134,13,9,199,65,17,114,19,172,194,22,23,24,25,140,7,43,11,30,102,12,135,34,185,36,37,38,94,40,165,151,52,163,45,191,47,48,49,62,119,28,53,128,120,79,51,58,59,131,61,149,63,64,16,66,67,60,69,70,71,18,73,98,75,159,77,89,90,80,87,82,83,56,76,68,146,88,156,84,91,100,74,126,162,108,97,31,99,115,101,26,192,104,195,33,127,160,181,41,96,112,113,190,10,173,164,118,167,4,121,122,123,105,125,39,182,111,2,130,54,6,129,133,106,136,137,138,20,196,141,189,46,197,145,109,147,148,50,150,117,152,153,175,193,93,27,158,171,0,154,95,57,86,55,166,143,139,169,170,72,168,124,174,1,176,92,178,179,180,198,161,183,184,35,186,107,188,142,44,116,103,155,21,177,157,144,78,8,];False
5359;9671;15030;[81,42,15,3,110,5,132,32,85,14,187,29,134,13,9,199,65,17,72,19,172,194,22,23,24,25,140,7,43,11,30,102,12,135,34,185,36,37,38,94,40,165,151,52,163,45,191,47,48,49,62,119,28,53,128,120,79,51,58,59,131,61,149,63,64,86,66,67,60,69,160,71,18,73,98,75,159,77,89,90,80,87,82,83,56,76,68,146,88,156,153,91,100,74,126,162,108,97,175,99,115,101,26,192,104,195,33,127,70,181,41,96,112,113,190,10,173,164,118,167,4,121,122,123,105,125,39,182,111,2,130,54,6,129,133,106,136,137,138,20,196,141,189,46,197,103,109,147,148,50,150,117,152,84,31,193,93,27,158,171,0,154,95,57,16,55,166,143,139,169,170,114,168,124,174,1,176,92,178,179,180,198,161,183,184,35,186,107,188,142,44,116,145,155,21,177,157,144,78,8,];False
5400;9628;15028;[81,42,15,3,110,5,132,32,85,14,187,29,134,13,9,199,65,17,72,19,172,194,22,23,24,25,140,7,43,11,30,102,12,135,34,185,188,37,38,94,40,165,151,52,163,45,191,47,48,49,62,119,28,53,128,120,79,51,58,59,131,61,149,63,64,16,66,67,60,69,160,71,18,73,98,75,159,77,89,90,80,87,82,83,56,76,68,146,88,156,84,91,100,74,126,162,108,97,31,99,115,101,26,192,104,195,33,127,70,181,41,96,112,113,190,10,173,164,118,167,4,121,122,123,105,125,39,182,111,2,130,54,6,129,133,106,136,137,138,20,196,141,189,46,197,145,109,147,148,50,150,117,152,153,175,193,93,27,158,171,0,154,95,57,86,55,166,143,139,169,170,114,168,124,174,1,176,92,178,179,180,198,161,183,184,35,186,107,36,142,44,116,103,155,21,177,157,144,78,8,];False
5348;9673;15021;[81,42,15,3,110,5,132,32,85,14,187,29,134,13,9,199,65,17,72,19,172,194,22,23,24,25,140,7,43,11,30,102,12,135,34,185,36,37,38,94,40,165,151,52,163,45,191,47,48,49,62,119,28,53,128,120,79,51,58,59,131,61,149,63,64,16,66,67,60,69,160,71,18,73,99,75,159,77,89,90,80,87,82,83,56,76,68,146,88,156,153,91,100,74,126,162,108,97,31,98,115,101,26,192,104,195,33,127,70,181,41,96,112,113,190,10,173,164,118,167,4,121,122,123,105,125,39,182,111,2,130,54,6,129,133,106,136,137,138,20,196,141,189,46,197,145,109,147,148,50,150,117,152,84,175,193,93,27,158,171,0,154,95,57,86,55,166,143,139,169,170,114,168,124,174,1,176,92,178,179,180,198,161,183,184,35,186,107,188,142,44,116,103,155,21,177,157,144,78,8,];False
5489;9531;15020;[81,42,15,3,110,5,132,32,85,14,187,29,134,13,9,199,65,17,72,19,172,194,22,23,24,25,140,7,43,11,30,102,12,135,34,185,36,37,38,94,40,165,151,52,163,45,191,47,48,49,62,119,28,53,128,120,79,51,58,59,131,61,63,149,64,16,66,67,60,69,70,71,18,73,98,75,159,77,89,90,80,87,82,83,56,76,68,146,88,156,84,91,100,74,126,162,108,97,31,99,115,101,26,192,104,195,33,127,160,181,41,96,112,113,190,10,173,164,118,167,4,121,122,123,105,125,39,182,111,2,130,54,6,129,133,106,136,137,138,20,196,141,189,46,197,145,109,147,148,50,150,117,152,153,175,193,93,157,158,171,0,154,95,57,86,55,166,143,139,169,170,114,168,124,174,1,176,92,178,179,180,198,161,183,184,35,186,107,188,142,44,116,103,155,21,177,27,144,78,8,];True
5431;9589;15020;[81,42,15,3,110,5,132,32,85,14,187,29,134,13,9,199,65,17,72,19,172,194,22,23,24,25,140,7,43,11,30,102,12,135,34,185,36,37,38,94,40,165,151,52,163,45,191,47,48,49,62,119,28,53,128,120,79,51,58,59,131,61,149,63,64,16,66,67,60,69,160,71,18,73,98,75,159,77,89,90,80,87,82,83,56,76,68,146,88,156,84,91,100,74,126,162,108,97,31,99,115,101,26,192,104,195,33,127,70,181,41,96,112,113,190,10,173,164,118,167,4,121,122,123,105,125,39,182,111,2,130,54,6,129,133,106,136,137,138,20,196,141,189,46,197,145,109,147,142,50,150,117,152,153,175,193,93,27,158,171,0,154,95,57,86,55,166,143,139,169,170,114,168,124,174,1,176,92,178,179,180,198,161,183,184,35,186,107,188,148,44,116,103,155,21,177,157,144,78,8,];False
5432;9588;15020;[81,42,15,3,110,5,132,32,85,14,187,29,134,13,9,199,65,17,72,19,172,194,22,23,24,25,140,7,43,11,30,102,12,135,34,185,36,37,38,94,40,165,151,52,163,45,191,47,48,49,62,119,28,53,128,120,79,51,58,59,131,61,149,63,64,16,66,67,60,69,70,71,18,73,98,75,159,77,89,90,80,87,82,83,56,76,68,146,88,156,84,91,100,74,126,162,108,97,31,99,115,101,26,192,104,195,33,127,160,181,41,96,112,113,190,10,173,164,118,167,4,121,122,123,105,125,39,182,111,2,130,54,6,129,133,106,136,137,138,20,196,141,189,46,197,145,109,147,148,50,150,117,152,153,175,186,93,27,158,171,0,154,95,57,86,55,166,143,139,169,170,114,168,124,174,1,176,92,178,179,180,198,161,183,184,35,193,107,188,142,44,116,103,155,21,177,157,144,78,8,];False
5323;9695;15018;[81,42,15,3,110,5,132,32,85,14,187,29,134,13,9,199,65,17,72,19,172,194,22,23,24,25,140,7,43,11,30,102,12,135,34,185,36,37,38,94,83,165,151,52,163,45,191,47,48,49,62,119,28,128,53,120,79,51,58,59,131,61,149,63,64,86,66,67,60,69,160,71,18,73,98,75,159,77,89,90,80,87,82,40,56,76,108,146,88,156,153,91,100,74,126,162,68,97,175,99,115,101,26,192,104,195,33,127,70,181,41,96,112,113,190,10,173,164,118,167,4,121,122,123,105,125,39,182,111,2,130,54,6,129,133,106,136,137,138,20,196,141,189,46,197,145,109,147,148,50,150,117,152,84,31,193,93,27,158,171,0,154,95,57,16,55,166,143,139,169,170,114,168,124,174,1,176,92,178,179,180,198,161,183,184,35,186,107,188,142,44,116,103,155,21,177,157,144,78,8,];False
5331;9685;15016;[81,42,15,3,110,5,132,32,85,14,187,29,134,13,9,199,65,17,72,19,172,194,22,23,24,25,140,7,43,11,30,102,12,135,34,185,36,37,38,94,40,165,151,52,163,45,191,47,48,49,62,119,28,53,128,120,79,51,58,59,131,61,149,63,64,86,66,67,126,69,160,71,18,73,98,75,159,77,89,90,80,87,82,83,56,76,68,146,88,156,153,91,100,74,60,162,108,97,31,99,115,101,26,192,104,195,33,127,70,181,41,96,112,113,190,10,173,164,118,167,4,121,122,123,105,125,39,182,111,2,130,54,6,129,133,106,136,137,138,20,196,141,189,46,197,145,109,147,148,50,150,117,152,84,175,193,93,27,158,171,0,154,95,57,16,55,166,143,139,169,170,114,168,124,174,1,176,92,178,179,180,198,161,183,184,35,186,107,188,142,44,116,103,155,21,177,157,144,78,8,];False
5357;9657;15014;[81,42,15,3,110,5,132,32,85,14,187,29,134,13,9,199,65,17,72,19,172,194,22,23,24,25,140,7,43,11,30,102,12,135,34,185,36,37,38,94,40,165,151,52,163,45,191,47,48,49,62,119,28,53,128,120,79,51,58,59,131,61,149,63,64,86,66,67,60,69,160,71,18,73,98,75,159,77,89,90,80,87,82,83,56,76,68,146,88,156,153,91,100,74,126,162,108,97,175,99,115,101,26,192,104,195,33,127,70,181,41,96,112,113,190,10,173,164,118,167,4,121,122,123,105,125,39,182,111,2,130,54,6,129,133,106,136,137,138,20,196,141,189,46,197,145,109,147,148,50,150,117,152,84,31,193,93,27,188,171,0,154,95,57,16,55,166,143,139,169,170,114,168,124,174,1,176,92,178,179,180,198,161,183,184,35,186,107,158,142,44,116,103,155,21,177,157,144,78,8,];False
5388;9625;15013;[81,42,15,3,110,5,132,32,85,14,187,29,134,13,9,199,65,17,72,19,172,194,22,23,24,21,140,7,43,11,30,102,12,135,34,185,36,37,38,94,40,165,151,52,163,45,191,47,48,49,62,119,28,53,128,120,79,51,58,59,131,61,149,63,64,86,66,67,60,69,160,71,18,73,98,75,159,77,89,90,80,87,82,83,56,76,68,146,88,156,153,91,100,74,126,162,108,97,175,99,115,101,26,192,104,195,33,127,70,181,41,96,112,113,190,10,173,164,118,167,4,121,122,123,105,125,39,182,111,2,130,54,6,129,133,106,136,137,138,20,196,141,189,46,197,145,109,147,148,50,150,117,152,84,31,193,93,27,158,171,0,154,95,57,16,55,166,143,139,169,170,114,168,124,174,1,176,92,178,179,180,198,161,183,184,35,186,107,188,142,44,116,103,155,25,177,157,144,78,8,];False
5351;9661;15012;[81,42,15,3,110,5,132,32,85,14,187,29,134,13,9,199,65,17,72,19,172,194,22,23,24,25,140,7,43,11,30,102,12,135,34,145,36,37,38,94,40,165,151,52,163,45,191,47,48,49,62,119,28,53,128,120,79,51,58,59,131,61,149,63,64,86,66,67,60,69,160,71,18,73,98,75,159,77,89,90,80,87,82,83,56,76,68,146,88,156,153,91,100,74,126,162,108,97,175,99,115,101,26,192,104,195,33,127,70,181,41,96,112,113,190,10,173,164,118,167,4,121,122,123,105,125,39,182,111,2,130,54,6,129,133,106,136,137,138,20,196,141,189,46,197,185,109,147,148,50,150,117,152,84,31,193,93,27,158,171,0,154,95,57,16,55,166,143,139,169,170,114,168,124,174,1,176,92,178,179,180,198,161,183,184,35,186,107,188,142,44,116,103,155,21,177,157,144,78,8,];False
5322;9689;15011;[81,42,15,3,110,5,132,32,85,14,187,29,134,13,9,199,65,17,72,19,172,194,22,23,24,25,140,7,43,11,30,102,12,135,34,185,36,37,38,94,40,165,151,52,163,45,191,47,48,49,62,119,28,53,128,120,79,51,58,59,131,61,149,63,64,16,89,67,60,69,160,71,18,73,98,75,159,77,66,90,80,87,82,83,56,76,68,146,88,156,153,91,100,74,126,162,108,97,31,99,115,101,26,192,104,195,33,127,70,181,41,96,112,113,190,10,173,164,118,167,4,121,122,123,105,125,39,182,111,2,130,54,6,129,133,106,136,137,138,20,196,141,189,46,197,145,109,147,148,50,150,117,152,84,175,193,93,27,158,171,0,154,95,57,86,55,166,143,139,169,170,114,168,124,174,1,176,92,178,179,180,198,161,183,184,35,186,107,188,142,44,116,103,155,21,177,157,144,78,8,];False
5458;9553;15011;[81,42,15,3,110,5,132,32,85,14,187,11,134,13,9,199,65,17,72,19,172,194,22,23,24,25,140,7,43,29,30,102,12,135,34,185,36,37,38,94,40,165,151,52,163,45,116,47,48,49,62,119,28,53,54,120,79,51,58,59,131,61,149,63,64,16,66,67,60,69,70,71,18,73,98,75,159,77,89,90,80,87,82,83,56,76,68,146,88,128,84,91,100,74,126,162,108,97,31,99,115,101,26,192,104,195,33,127,160,181,41,96,112,113,190,10,173,164,118,167,4,121,122,123,105,125,39,182,111,2,130,156,6,129,133,106,136,137,138,20,196,141,189,46,197,145,109,147,148,50,150,117,152,153,175,193,93,157,158,171,0,154,95,57,86,55,166,143,139,169,170,114,168,124,174,1,176,92,178,179,180,198,161,183,184,35,186,107,188,142,44,191,103,155,21,177,27,144,78,8,];True
5365;9646;15011;[81,42,15,3,110,5,132,32,85,14,187,29,134,13,9,199,65,17,72,19,172,194,22,23,24,25,140,7,43,11,30,102,12,135,34,185,36,37,38,94,40,165,151,52,163,45,191,47,48,49,62,119,28,53,128,120,79,51,58,59,131,61,149,63,64,86,66,67,60,69,160,71,18,73,98,75,159,77,89,90,80,87,82,83,56,76,68,146,88,156,153,91,100,74,126,162,108,97,175,99,115,101,26,192,104,195,33,127,70,181,41,96,112,113,190,10,173,164,118,167,4,121,122,123,105,193,39,182,111,2,130,54,6,129,133,106,136,137,138,20,196,141,189,46,197,145,109,147,148,50,150,117,152,84,31,125,93,27,158,171,0,154,95,57,16,55,166,143,139,169,170,114,168,124,174,1,176,92,178,179,180,198,161,183,184,35,186,107,188,142,44,116,103,155,21,177,157,144,78,8,];False
5300;9710;15010;[81,106,15,3,110,5,132,32,85,14,187,29,134,13,9,199,65,17,72,19,172,194,22,23,24,25,140,7,43,11,30,102,12,135,34,185,36,37,38,94,40,165,151,52,163,45,191,47,48,49,62,119,28,53,128,120,79,51,58,59,131,61,149,63,64,16,66,67,60,69,160,71,18,73,98,75,159,77,89,90,80,87,82,83,56,76,68,146,88,156,153,91,100,74,126,162,108,97,31,99,115,101,26,192,104,195,33,127,70,181,41,96,112,113,190,10,173,164,118,167,4,121,122,123,105,125,39,182,111,2,130,54,6,129,133,42,136,137,138,20,196,141,189,46,197,145,109,147,148,50,150,117,152,84,175,193,93,27,158,171,0,154,95,57,86,55,166,143,139,169,170,114,168,124,174,1,176,92,178,179,180,198,161,183,184,35,186,107,188,142,44,116,103,155,21,177,157,144,78,8,];False
5366;9643;15009;[81,42,15,3,110,5,132,32,85,14,187,29,134,13,9,199,65,17,72,19,172,194,22,23,24,25,140,7,43,11,30,102,12,135,34,185,36,37,38,94,40,165,151,52,163,45,191,47,48,49,62,119,28,53,128,120,79,95,58,59,131,61,149,63,64,86,66,67,60,69,160,71,18,73,98,75,159,77,89,90,80,87,82,83,56,76,68,146,88,156,153,91,100,74,126,162,108,97,175,99,115,101,26,192,104,195,33,127,70,181,41,96,112,113,190,10,173,164,118,167,4,121,122,123,105,125,39,182,111,2,130,54,6,129,133,106,136,137,138,20,196,141,189,46,197,145,109,147,148,50,150,117,152,84,31,193,93,27,158,171,0,154,51,57,16,55,166,143,139,169,170,114,168,124,174,1,176,92,178,179,180,198,161,183,184,35,186,107,188,142,44,116,103,155,21,177,157,144,78,8,];False
5352;9656;15008;[81,42,15,3,110,5,132,32,85,14,187,29,134,13,9,199,65,17,72,19,172,194,22,23,24,25,140,7,43,11,30,102,12,135,34,185,36,37,38,94,40,165,151,52,163,45,191,47,48,49,62,119,28,53,128,120,79,51,58,59,131,61,149,63,64,86,66,67,60,69,160,71,18,73,98,75,159,77,89,90,80,87,82,83,56,76,68,146,88,156,153,91,100,74,126,162,108,97,31,99,115,101,26,192,104,195,33,127,70,181,41,96,112,113,190,10,173,164,118,167,4,121,122,123,105,125,39,182,111,2,130,54,6,129,133,106,136,137,138,20,196,141,189,46,197,145,109,147,148,50,150,117,152,84,175,193,93,27,158,171,0,154,95,57,114,55,166,143,139,169,170,16,168,124,174,1,176,92,178,179,180,198,161,183,184,35,186,107,188,142,44,116,103,155,21,177,157,144,78,8,];False
5243;9763;15006;[81,88,15,3,110,5,132,32,85,14,187,29,134,13,9,199,75,17,72,19,172,194,22,23,24,25,140,7,43,11,30,196,12,135,34,185,36,37,38,108,40,165,151,52,163,45,191,47,48,49,62,119,28,128,53,120,79,51,58,59,131,61,149,63,64,86,66,67,60,69,160,159,18,73,98,65,71,77,89,90,80,87,82,83,56,76,94,146,42,156,153,91,100,74,126,162,68,97,175,99,115,101,26,192,104,195,33,127,70,181,41,96,112,113,190,10,173,164,118,167,4,121,122,123,105,125,39,182,111,2,130,54,6,129,133,106,136,137,138,20,102,141,189,46,197,145,109,147,148,50,150,117,152,84,31,193,93,27,158,171,0,154,95,57,16,55,166,143,139,169,170,114,168,124,174,1,176,92,178,179,180,198,161,183,184,35,186,107,188,142,44,116,103,155,21,177,157,144,78,8,];False
5367;9639;15006;[81,13,15,3,110,5,132,32,85,14,187,29,134,42,9,199,65,17,72,19,172,194,22,23,24,25,140,7,43,11,30,102,12,135,34,185,36,37,38,94,40,165,151,52,163,45,191,47,48,49,62,119,28,53,128,120,79,51,58,59,131,61,149,63,64,86,66,67,60,69,160,71,18,73,98,75,159,77,89,90,80,87,82,83,56,76,68,146,88,156,153,91,100,74,126,162,108,97,31,99,115,101,26,192,104,195,33,127,70,181,41,96,112,113,190,10,173,164,118,167,4,121,122,123,105,125,39,182,111,2,130,54,6,129,133,106,136,137,138,20,196,141,189,46,197,145,109,147,148,50,150,117,152,84,175,193,93,27,158,171,0,154,95,57,16,55,166,143,139,169,170,114,168,124,174,1,176,92,178,179,180,198,161,183,184,35,186,107,188,142,44,116,103,155,21,177,157,144,78,8,];False
5464;9541;15005;[81,42,15,3,110,5,132,32,85,14,187,11,134,13,9,199,65,17,72,19,172,194,22,23,24,25,140,7,43,29,30,102,12,135,34,185,36,37,38,94,40,165,151,52,163,161,191,47,48,49,62,119,28,53,128,120,79,51,58,59,131,61,149,63,64,16,66,67,60,69,70,71,18,73,98,75,159,77,89,90,80,87,82,83,56,76,68,146,88,54,84,91,100,74,126,162,108,97,31,99,115,101,26,192,104,195,33,127,160,181,41,96,112,113,190,10,173,164,118,167,4,121,122,123,105,125,39,182,111,2,130,156,6,129,133,106,136,137,138,20,196,141,189,46,197,145,109,147,148,50,150,117,152,153,175,193,93,157,158,171,0,154,95,57,86,55,166,143,139,169,170,114,168,124,174,1,176,92,178,179,180,198,45,183,184,35,186,107,188,142,44,116,103,155,21,177,27,144,78,8,];True
5359;9646;15005;[81,42,15,3,110,5,132,32,85,14,187,29,134,13,9,199,65,17,72,19,172,194,22,23,24,25,140,7,43,11,30,102,12,135,34,185,36,37,38,94,40,165,151,52,163,45,191,47,48,49,62,119,28,53,128,120,79,51,58,59,131,61,149,63,64,86,66,67,60,69,160,71,18,73,98,75,159,77,89,90,80,87,82,83,56,76,68,146,88,156,153,91,100,74,126,162,108,97,31,99,115,101,26,192,104,195,33,127,70,181,41,96,112,113,190,10,173,164,118,167,4,121,122,123,105,125,39,182,111,2,130,54,6,129,133,106,136,137,138,20,196,141,189,46,197,145,109,147,148,50,150,117,152,84,175,193,93,27,158,171,0,154,95,57,16,55,166,143,139,169,170,114,168,180,174,1,176,92,178,179,124,198,161,183,184,35,186,107,188,142,44,116,103,155,21,177,157,144,78,8,];False
5349;9656;15005;[81,42,15,3,110,5,132,32,85,14,187,29,134,13,9,199,65,17,72,19,172,194,22,23,24,25,140,7,43,11,30,106,12,135,34,185,36,37,38,94,40,165,151,52,163,45,191,47,48,49,62,119,28,53,128,120,79,51,58,59,131,61,149,63,64,16,66,67,60,69,70,71,18,73,98,75,159,77,89,90,80,87,82,83,56,76,68,146,88,156,84,91,100,74,126,162,108,97,31,99,115,101,26,192,104,195,33,127,160,181,41,96,112,113,190,10,173,164,118,167,4,121,122,123,105,125,39,182,111,2,130,54,6,129,133,102,136,137,138,20,196,141,189,46,197,145,109,147,148,50,150,117,152,153,175,193,93,27,158,171,0,154,95,57,86,55,166,143,139,169,170,114,168,124,174,1,176,92,178,179,180,198,161,183,184,35,186,107,188,142,44,116,103,155,21,177,157,144,78,8,];False
5443;9561;15004;[81,42,15,3,110,5,132,32,85,14,187,11,134,13,9,199,65,17,72,19,172,194,22,23,24,25,140,7,43,29,30,102,12,135,34,185,36,37,38,94,40,165,151,52,163,45,191,47,48,49,62,119,28,53,128,120,79,51,58,59,131,61,149,63,64,16,66,67,60,69,70,71,18,73,98,75,159,77,89,90,80,87,82,83,56,76,68,146,88,54,84,91,100,74,126,162,108,97,31,99,115,101,26,192,104,195,33,127,160,181,41,96,112,113,190,10,173,164,118,167,4,121,122,123,105,125,39,182,111,2,130,156,6,129,133,106,136,137,138,20,196,141,189,46,197,145,109,147,148,50,150,117,152,153,175,193,93,157,158,171,0,154,95,57,86,55,166,143,139,169,170,114,168,124,174,1,176,92,178,179,180,198,161,183,184,35,186,107,188,142,44,116,103,155,21,177,27,144,78,8,];False
5331;9670;15001;[81,42,15,3,110,5,132,32,85,14,187,29,134,13,9,199,65,17,72,19,172,194,22,23,24,25,140,7,43,11,30,102,12,135,34,185,36,37,38,94,40,165,151,52,163,45,191,47,48,49,62,119,28,53,128,120,79,51,58,59,131,61,149,63,64,86,66,67,60,69,160,71,18,73,98,75,159,77,89,90,80,87,82,83,56,76,68,146,88,156,153,91,100,74,126,162,108,97,175,99,115,101,26,192,104,195,33,127,70,181,106,96,112,113,190,10,173,164,118,167,4,121,122,123,105,125,39,182,111,2,130,54,6,129,133,41,136,137,138,20,196,141,189,46,197,145,109,147,148,50,150,117,152,84,31,193,93,27,158,171,0,154,95,57,16,55,166,143,139,169,170,114,168,124,174,1,176,92,178,179,180,198,161,183,184,35,186,107,188,142,44,116,103,155,21,177,157,144,78,8,];False
5235;9765;15000;[81,88,15,3,110,5,132,32,85,14,187,29,134,13,9,199,75,17,72,19,172,194,22,23,146,25,140,7,43,11,30,102,12,135,34,185,36,37,38,108,40,165,151,52,163,45,191,47,48,49,62,119,28,128,53,120,79,51,58,59,131,61,149,63,64,86,66,67,60,69,160,159,18,73,98,65,71,77,89,90,80,87,82,83,56,76,94,24,42,156,153,91,100,74,126,162,68,97,175,99,115,101,26,192,104,195,33,127,70,181,41,96,112,113,190,10,173,164,118,167,4,121,122,123,105,125,39,182,111,2,130,54,6,129,133,106,136,137,138,20,196,141,189,46,197,145,109,147,148,50,150,117,152,84,31,193,93,27,158,171,0,154,95,57,16,55,166,143,139,169,170,114,168,124,174,1,176,92,178,179,180,198,161,183,184,35,186,107,188,142,44,116,103,155,21,177,157,144,78,8,];False
5350;9650;15000;[81,42,15,3,110,5,132,32,85,14,187,29,134,13,9,199,65,17,72,19,172,194,22,23,24,25,140,7,43,11,30,102,12,135,34,185,36,37,38,94,40,165,151,52,163,45,191,47,48,49,62,119,28,53,128,120,79,51,58,59,131,61,149,63,64,86,66,67,60,69,160,71,18,73,98,75,159,77,89,90,80,87,82,83,56,76,68,146,88,156,153,91,100,74,126,162,108,97,175,99,115,104,26,192,101,195,33,127,70,181,41,96,112,113,190,10,173,164,118,167,4,121,122,123,105,125,39,182,111,2,130,54,6,129,133,106,136,137,138,20,196,141,189,46,197,145,109,147,148,50,150,117,152,84,31,193,93,27,158,171,0,154,95,57,16,55,166,143,139,169,170,114,168,124,174,1,176,92,178,179,180,198,161,183,184,35,186,107,188,142,44,116,103,155,21,177,157,144,78,8,];False
5446;9554;15000;[81,42,15,3,110,5,132,32,85,14,187,11,134,13,9,199,65,17,72,19,172,194,22,23,24,25,140,7,43,29,30,102,12,135,34,185,36,37,38,94,40,165,151,52,163,45,116,47,48,49,62,119,28,53,128,120,79,51,58,59,131,61,149,63,64,16,66,67,60,69,70,71,18,73,98,75,159,77,89,90,80,87,82,83,56,76,68,146,88,54,84,91,100,74,126,162,108,97,31,99,115,101,26,192,104,195,33,127,160,181,41,96,112,113,190,10,173,164,118,167,4,121,122,123,105,125,39,182,111,2,130,156,6,129,133,106,136,137,138,20,196,141,189,46,197,145,109,147,148,50,150,117,152,153,175,193,93,157,158,171,0,154,95,57,86,55,166,143,139,169,170,114,168,124,174,1,176,92,178,179,180,198,161,183,184,35,186,107,188,142,44,191,103,155,21,177,27,144,78,8,];True
5331;9669;15000;[81,42,15,3,110,5,132,32,85,14,187,29,134,13,9,199,65,17,72,19,172,194,22,23,24,25,140,7,43,11,30,102,12,135,34,185,36,37,38,94,40,165,151,52,163,45,191,47,48,49,62,119,28,53,128,120,79,51,58,59,131,61,149,63,64,86,66,67,60,69,160,101,18,73,98,75,159,77,89,90,80,87,82,83,56,76,68,146,88,156,153,91,100,74,126,162,108,97,175,99,115,71,26,192,104,195,33,127,70,181,41,96,112,113,190,10,173,164,118,167,4,121,122,123,105,125,39,182,111,2,130,54,6,129,133,106,136,137,138,20,196,141,189,46,197,145,109,147,148,50,150,117,152,84,31,193,93,27,158,171,0,154,95,57,16,55,166,143,139,169,170,114,168,124,174,1,176,92,178,179,180,198,161,183,184,35,186,107,188,142,44,116,103,155,21,177,157,144,78,8,];False
5329;9671;15000;[81,42,15,3,110,5,132,32,85,14,187,29,134,13,9,199,65,17,72,19,172,194,108,23,24,25,140,7,43,11,30,102,12,135,34,185,36,37,38,94,40,165,151,52,163,45,191,47,48,49,62,119,28,53,128,120,79,51,58,59,131,61,149,63,64,86,66,67,60,69,160,71,18,73,98,75,159,77,89,90,80,87,82,83,56,76,68,146,88,156,153,91,100,74,126,162,22,97,31,99,115,101,26,192,104,195,33,127,70,181,41,96,112,113,190,10,173,164,118,167,4,121,122,123,105,125,39,182,111,2,130,54,6,129,133,106,136,137,138,20,196,141,189,46,197,145,109,147,148,50,150,117,152,84,175,193,93,27,158,171,0,154,95,57,16,55,166,143,139,169,170,114,168,124,174,1,176,92,178,179,180,198,161,183,184,35,186,107,188,142,44,116,103,155,21,177,157,144,78,8,];False
5357;9642;14999;[81,42,15,3,110,5,132,32,85,14,187,29,134,13,9,199,65,17,72,19,172,194,22,23,24,25,140,7,43,11,30,102,12,135,34,185,36,37,38,94,40,165,151,52,163,45,191,47,48,49,62,119,28,53,128,120,79,51,173,59,131,61,149,63,64,16,66,67,60,69,160,71,18,73,98,75,159,77,89,90,80,87,82,83,56,76,68,146,88,156,84,91,100,74,126,162,108,97,31,99,115,101,26,192,104,195,33,127,70,181,41,96,112,113,190,10,58,164,118,167,4,121,122,123,105,125,39,182,111,2,130,54,6,129,133,106,136,137,138,20,196,141,189,46,197,145,109,147,148,50,150,117,152,153,175,193,93,27,158,171,0,154,95,57,86,55,166,143,139,169,170,114,168,124,174,1,176,92,178,179,180,198,161,183,184,35,186,107,188,142,44,116,103,155,21,177,157,144,78,8,];False
5348;9650;14998;[81,42,15,3,110,5,132,32,85,14,187,29,134,13,9,199,65,17,72,19,172,194,22,23,24,25,140,7,43,11,30,102,12,135,34,185,36,37,38,94,40,165,151,52,163,45,191,47,48,49,62,119,28,53,128,120,79,51,58,59,131,61,149,63,64,86,66,67,60,69,160,71,18,73,98,75,159,77,89,90,80,87,82,83,56,76,68,146,88,156,153,91,100,74,126,162,108,97,154,99,115,101,26,192,104,195,33,127,70,181,41,96,112,113,190,10,173,164,118,167,4,121,122,123,105,125,39,182,111,2,130,54,6,129,133,106,136,137,138,20,196,141,189,46,197,145,109,147,148,50,150,117,152,84,31,193,93,27,158,171,0,175,95,57,16,55,166,143,139,169,170,114,168,124,174,1,176,92,178,179,180,198,161,183,184,35,186,107,188,142,44,116,103,155,21,177,157,144,78,8,];False
5337;9660;14997;[81,42,15,3,110,5,132,32,85,14,187,29,134,13,9,199,65,17,72,19,172,194,22,23,24,25,140,7,43,11,48,102,12,135,34,185,36,37,38,94,40,165,151,52,163,45,191,47,30,49,62,119,28,53,128,120,79,51,58,59,131,61,149,63,64,86,66,67,60,69,160,71,18,73,98,75,159,77,89,90,80,87,82,83,56,76,68,146,88,156,153,91,100,74,126,162,108,97,175,99,115,101,26,192,104,195,33,127,70,181,41,96,112,113,190,10,173,164,118,167,4,121,122,123,105,125,39,182,111,2,130,54,6,129,133,106,136,137,138,20,196,141,189,46,197,145,109,147,148,50,150,117,152,84,31,193,93,27,158,171,0,154,95,57,16,55,166,143,139,169,170,114,168,124,174,1,176,92,178,179,180,198,161,183,184,35,186,107,188,142,44,116,103,155,21,177,157,144,78,8,];False
5381;9616;14997;[81,42,15,3,110,5,132,32,85,14,187,29,134,13,78,199,65,17,72,19,172,194,22,23,24,25,140,7,43,11,30,102,12,135,34,185,36,37,38,94,40,165,151,52,163,45,191,47,48,49,62,119,28,53,128,120,79,51,58,59,131,61,149,63,64,16,66,67,60,69,160,71,18,73,98,75,159,77,89,90,80,87,82,83,56,76,68,146,88,156,153,91,100,74,126,162,108,97,31,99,115,101,26,192,104,195,33,127,70,181,41,96,112,113,190,10,173,164,118,167,4,121,122,123,105,125,39,182,111,2,130,54,6,129,133,106,136,137,138,20,196,141,189,46,197,145,109,147,148,50,150,117,152,84,175,193,93,27,158,171,0,154,95,57,86,55,166,143,139,169,170,114,168,124,174,1,176,92,178,179,180,198,161,183,184,35,186,107,188,142,44,116,103,155,21,177,157,144,9,8,];False
5262;9734;14996;[81,42,15,3,110,5,132,32,85,14,187,29,134,13,9,199,65,17,72,19,172,194,22,23,24,25,140,7,43,11,37,102,12,135,34,185,36,30,38,94,40,165,151,52,163,45,191,47,48,49,62,119,28,128,53,120,79,51,58,59,131,61,149,63,64,86,66,67,60,69,160,71,18,73,98,75,159,77,89,90,80,87,82,83,56,76,108,146,88,156,153,91,100,74,126,162,68,97,175,99,115,101,26,192,104,195,33,127,70,181,41,96,112,113,190,10,173,164,118,167,4,121,122,123,105,125,39,182,111,2,130,54,6,129,133,106,136,137,138,20,196,141,189,46,197,145,109,147,148,50,150,117,152,84,31,193,93,27,158,171,0,154,95,57,16,55,166,143,139,169,170,114,168,124,174,1,176,92,178,179,180,198,161,183,184,35,186,107,188,142,44,116,103,155,21,177,157,144,78,8,];False
5435;9561;14996;[81,42,15,3,110,5,132,32,85,14,187,29,134,13,9,199,65,17,72,19,172,194,22,23,24,25,140,7,43,11,30,102,12,135,34,185,36,37,38,94,40,165,151,52,163,45,191,47,48,49,62,119,28,53,128,120,79,51,58,59,131,61,149,63,64,16,66,67,60,69,70,71,18,73,98,75,159,77,89,90,80,87,82,83,56,76,68,146,88,54,84,91,100,74,126,162,108,97,31,99,115,101,26,192,104,195,33,127,160,181,41,96,112,113,190,10,173,164,118,167,4,121,122,123,105,125,39,182,111,2,130,156,6,129,133,106,136,137,138,20,196,141,189,46,197,145,109,147,148,50,150,117,152,153,175,193,93,157,158,171,0,154,95,57,86,55,166,143,139,169,170,114,168,124,174,1,176,92,178,179,180,198,161,183,184,35,186,107,188,142,44,116,103,155,21,177,27,144,78,8,];False
5359;9634;14993;[81,42,15,3,110,5,132,32,85,14,187,29,134,13,9,199,65,17,72,19,172,194,22,23,24,25,140,7,43,11,30,102,12,135,34,185,36,37,38,94,40,165,151,52,163,45,191,47,48,49,62,119,28,53,128,120,79,51,58,59,131,61,149,63,64,16,66,67,60,69,70,182,18,73,98,75,159,77,89,90,80,87,82,83,56,76,68,146,88,156,84,91,100,74,126,162,108,97,31,99,115,101,26,192,104,195,33,127,160,181,41,96,112,113,190,10,173,164,118,167,4,121,122,123,105,125,39,71,111,2,130,54,6,129,133,106,136,137,138,20,196,141,189,46,197,145,109,147,148,50,150,117,152,153,175,193,93,27,158,171,0,154,95,57,86,55,166,143,139,169,170,114,168,124,174,1,176,92,178,179,180,198,161,183,184,35,186,107,188,142,44,116,103,155,21,177,157,144,78,8,];False
5334;9659;14993;[81,42,15,3,110,5,132,32,85,14,187,29,134,13,9,199,65,17,72,19,172,194,22,23,24,25,140,7,43,11,30,102,12,135,34,185,36,37,38,94,40,165,151,52,163,45,191,47,48,49,62,119,28,53,128,120,79,51,58,59,131,61,149,63,64,86,105,67,60,69,160,71,18,73,98,75,159,77,89,90,80,87,82,83,56,76,68,146,88,156,153,91,100,74,126,162,108,97,31,99,115,101,26,192,104,195,33,127,70,181,41,96,112,113,190,10,173,164,118,167,4,121,122,123,66,125,39,182,111,2,130,54,6,129,133,106,136,137,138,20,196,141,189,46,197,145,109,147,148,50,150,117,152,84,175,193,93,27,158,171,0,154,95,57,16,55,166,143,139,169,170,114,168,124,174,1,176,92,178,179,180,198,161,183,184,35,186,107,188,142,44,116,103,155,21,177,157,144,78,8,];False
5365;9628;14993;[81,42,15,3,110,5,132,32,85,14,187,29,134,13,9,199,65,17,72,19,71,194,22,23,24,25,140,7,43,11,30,102,12,135,34,185,36,37,38,94,40,165,151,52,163,45,191,47,48,49,62,119,28,53,128,120,79,51,58,59,131,61,149,63,64,86,66,67,60,69,160,172,18,73,98,75,159,77,89,90,80,87,82,83,56,76,68,146,88,156,153,91,100,74,126,162,108,97,31,99,115,101,26,192,104,195,33,127,70,181,41,96,112,113,190,10,173,164,118,167,4,121,122,123,105,125,39,182,111,2,130,54,6,129,133,106,136,137,138,20,196,141,189,46,197,145,109,147,148,50,150,117,152,84,175,193,93,27,158,171,0,154,95,57,16,55,166,143,139,169,170,114,168,124,174,1,176,92,178,179,180,198,161,183,184,35,186,107,188,142,44,116,103,155,21,177,157,144,78,8,];False
5374;9618;14992;[81,42,15,3,110,5,132,32,85,14,187,29,134,13,9,199,65,17,72,19,172,194,22,23,24,25,140,7,43,11,30,102,12,135,34,185,36,37,38,94,63,165,151,52,163,45,191,47,48,49,62,119,28,53,128,120,79,51,58,59,131,61,149,40,64,86,66,67,60,69,160,71,18,73,98,75,159,77,89,90,80,87,82,83,56,76,68,146,88,156,153,91,100,74,126,162,108,97,175,99,115,101,26,192,104,195,33,127,70,181,41,96,112,113,190,10,173,164,118,167,4,121,122,123,105,125,39,182,111,2,130,54,6,129,133,106,136,137,138,20,196,141,189,46,197,145,109,147,148,50,150,117,152,84,31,193,93,27,158,171,0,154,95,57,16,55,166,143,139,169,170,114,168,124,174,1,176,92,178,179,180,198,161,183,184,35,186,107,188,142,44,116,103,155,21,177,157,144,78,8,];False
5392;9600;14992;[81,42,15,3,110,5,132,32,85,14,187,29,134,13,9,199,65,17,72,19,172,194,22,23,24,25,140,7,43,11,152,102,12,135,34,185,36,37,38,94,40,165,151,52,163,45,191,47,48,49,62,119,28,53,128,120,79,51,58,59,131,61,149,63,64,16,66,67,60,69,70,71,18,73,98,75,159,77,89,90,80,87,82,83,56,76,68,146,88,156,84,91,100,74,126,162,108,97,31,99,115,101,26,192,104,195,33,127,160,181,41,96,112,113,190,10,173,164,118,167,4,121,122,123,105,125,39,182,111,2,130,54,6,129,133,106,136,137,138,20,196,141,189,46,197,145,109,147,148,50,150,117,30,153,175,193,93,27,158,171,0,154,95,57,86,55,166,143,139,169,170,114,168,124,174,1,176,92,178,179,180,198,161,183,184,35,186,107,188,142,44,116,103,155,21,177,157,144,78,8,];False
5336;9654;14990;[81,42,15,3,110,5,132,32,85,14,187,29,134,13,9,199,65,17,72,19,172,194,22,23,24,25,140,7,43,11,30,102,12,135,34,185,36,37,38,94,40,165,151,52,163,128,191,47,48,49,62,119,28,53,45,120,79,51,58,59,131,61,149,63,64,86,66,67,60,69,160,71,18,73,98,75,159,77,89,90,80,87,82,83,56,76,68,146,88,156,153,91,100,74,126,162,108,97,31,99,115,101,26,192,104,195,33,127,70,181,41,96,112,113,190,10,173,164,118,167,4,121,122,123,105,125,39,182,111,2,130,54,6,129,133,106,136,137,138,20,196,141,189,46,197,145,109,147,148,50,150,117,152,84,175,193,93,27,158,171,0,154,95,57,16,55,166,143,139,169,170,114,168,124,174,1,176,92,178,179,180,198,161,183,184,35,186,107,188,142,44,116,103,155,21,177,157,144,78,8,];False
5280;9708;14988;[81,42,15,3,110,5,132,32,85,14,187,29,134,13,9,199,65,17,72,19,172,194,22,23,24,25,140,7,43,11,30,102,12,135,34,185,36,37,38,94,40,165,151,52,163,45,191,47,48,49,62,119,28,53,128,120,79,51,58,59,131,61,149,63,64,16,66,67,60,69,160,71,18,73,98,75,159,77,89,90,80,87,82,83,56,76,68,146,88,156,153,91,100,74,126,162,108,97,31,99,115,101,26,192,104,195,33,127,70,181,41,96,112,113,190,114,173,164,118,167,4,121,122,123,105,125,39,182,111,2,130,54,6,129,133,106,136,137,138,20,196,141,189,46,197,145,109,147,148,50,150,117,152,84,175,193,93,27,158,171,0,154,95,57,86,55,166,143,139,169,170,10,168,124,174,1,176,92,178,179,180,198,161,183,184,35,186,107,188,142,44,116,103,155,21,177,157,144,78,8,];False
5305;9682;14987;[81,42,15,3,110,5,132,32,85,14,187,29,134,13,9,199,65,17,72,19,172,194,22,23,24,25,140,7,43,11,30,102,12,135,34,185,36,37,38,94,40,165,151,52,163,45,191,47,48,49,62,119,28,53,128,120,79,51,58,59,131,61,149,63,64,16,66,67,60,69,160,71,18,73,150,75,159,77,89,90,80,87,82,83,56,76,68,146,88,156,153,91,100,74,126,162,108,97,31,99,115,101,26,192,104,195,33,127,70,181,41,96,112,113,190,10,173,164,118,167,4,121,122,123,105,125,39,182,111,2,130,54,6,129,133,106,136,137,138,20,196,141,189,46,197,145,109,147,148,50,98,117,152,84,175,193,93,27,158,171,0,154,95,57,86,55,166,143,139,169,170,114,168,124,174,1,176,92,178,179,180,198,161,183,184,35,186,107,188,142,44,116,103,155,21,177,157,144,78,8,];False
5332;9655;14987;[81,42,15,3,110,5,132,32,85,14,187,29,134,13,9,199,65,17,72,19,172,194,22,23,24,25,140,7,20,11,30,102,12,135,34,185,36,37,38,94,40,165,151,52,163,45,191,47,48,49,62,119,28,53,128,120,79,51,58,59,131,61,149,63,64,16,66,67,60,69,160,71,18,73,98,75,159,77,89,90,80,87,82,83,56,76,68,146,88,156,84,91,100,74,126,162,108,97,31,99,115,101,26,192,104,195,33,127,70,181,41,96,112,113,190,10,173,164,118,167,4,121,122,123,105,125,39,182,111,2,130,54,6,129,133,106,136,137,138,43,196,141,189,46,197,145,109,147,148,50,150,117,152,153,175,193,93,27,158,171,0,154,95,57,86,55,166,143,139,169,170,114,168,124,174,1,176,92,178,179,180,198,161,183,184,35,186,107,188,142,44,116,103,155,21,177,157,144,78,8,];False
5345;9639;14984;[81,42,15,3,110,5,132,32,85,14,187,29,134,13,9,199,65,17,72,19,172,194,22,23,24,25,140,7,43,11,30,102,12,135,34,185,36,37,38,94,40,165,151,52,163,45,191,47,48,49,62,119,28,53,128,120,79,51,58,59,131,61,149,63,112,16,66,67,60,69,160,71,18,73,98,75,159,77,89,90,80,87,82,83,56,76,68,146,88,156,153,91,100,74,126,162,108,97,31,99,115,101,26,192,104,195,33,127,70,181,41,96,64,113,190,10,173,164,118,167,4,121,122,123,105,125,39,182,111,2,130,54,6,129,133,106,136,137,138,20,196,141,189,46,197,145,109,147,148,50,150,117,152,84,175,193,93,27,158,171,0,154,95,57,86,55,166,143,139,169,170,114,168,124,174,1,176,92,178,179,180,198,161,183,184,35,186,107,188,142,44,116,103,155,21,177,157,144,78,8,];False
5360;9623;14983;[81,42,15,3,110,5,132,32,85,14,187,29,134,13,9,199,65,17,72,19,172,194,22,23,24,25,140,7,43,11,30,102,12,135,34,185,36,79,38,94,40,165,151,52,163,45,191,47,48,49,62,119,28,53,128,120,37,51,58,59,131,61,149,63,64,86,66,67,60,69,160,71,18,73,98,75,159,77,89,90,80,87,82,83,56,76,68,146,88,156,153,91,100,74,126,162,108,97,31,99,115,101,26,192,104,195,33,127,70,181,41,96,112,113,190,10,173,164,118,167,4,121,122,123,105,125,39,182,111,2,130,54,6,129,133,106,136,137,138,20,196,141,189,46,197,145,109,147,148,50,150,117,152,84,175,193,93,27,158,171,0,154,95,57,16,55,166,143,139,169,170,114,168,124,174,1,176,92,178,179,180,198,161,183,184,35,186,107,188,142,44,116,103,155,21,177,157,144,78,8,];False
5238;9744;14982;[81,42,15,3,110,5,132,32,85,14,187,29,134,13,155,199,65,17,72,19,172,194,22,23,24,25,140,7,43,11,30,102,12,135,34,185,36,37,38,94,40,165,151,52,163,45,191,47,48,49,62,119,28,128,53,120,79,51,58,59,131,61,149,63,64,86,66,67,60,69,160,71,18,73,98,75,159,77,89,90,80,87,82,83,56,76,108,146,88,156,153,91,100,74,126,162,68,97,175,99,115,101,26,192,104,195,33,127,70,181,41,96,112,113,190,10,173,164,118,167,4,121,122,123,105,125,39,182,111,2,130,54,6,129,133,106,136,137,138,20,196,141,189,46,197,145,109,147,148,50,150,117,152,84,31,193,93,27,158,171,0,154,95,57,16,55,166,143,139,169,170,114,168,124,174,1,176,92,178,179,180,198,161,183,184,35,186,107,188,142,44,116,103,9,21,177,157,144,78,8,];False
5398;9583;14981;[81,42,15,3,110,5,132,32,85,14,187,29,134,13,9,199,65,17,72,19,172,194,22,23,24,25,140,7,43,11,30,102,12,135,34,185,36,37,38,94,40,165,151,52,163,45,191,47,48,49,62,119,28,53,128,120,79,51,58,59,131,61,149,63,64,16,66,67,60,69,70,71,18,73,98,75,159,77,89,90,80,87,82,83,56,76,68,146,88,156,84,91,100,74,126,162,108,97,31,99,115,101,26,192,104,195,33,127,160,181,41,96,112,113,190,10,161,164,118,167,4,121,122,123,105,125,39,182,111,2,130,54,6,129,133,106,136,137,138,20,196,141,189,46,197,145,109,147,148,50,150,117,152,153,175,193,93,27,158,171,0,154,95,57,86,55,166,143,139,169,170,114,168,124,174,1,176,92,178,179,180,198,173,183,184,35,186,107,188,142,44,116,103,155,21,177,157,144,78,8,];False
5311;9670;14981;[81,42,15,3,110,5,132,32,85,14,187,29,134,13,9,199,65,17,72,19,172,194,22,23,24,25,140,7,43,11,30,102,12,135,34,185,36,37,38,94,40,165,151,52,163,45,191,47,48,49,62,119,28,53,128,120,79,51,58,59,131,61,149,63,64,16,66,67,60,69,160,71,18,73,98,75,159,77,89,90,80,87,82,83,56,76,68,146,88,156,153,91,100,74,126,162,108,97,31,99,115,101,26,192,104,195,33,127,70,181,41,96,112,113,190,10,173,164,118,167,4,121,122,123,105,125,39,182,111,2,130,54,6,129,133,106,136,137,138,20,196,141,189,46,197,145,109,147,148,50,150,117,152,139,175,193,93,27,158,171,0,154,95,57,86,55,166,143,84,169,170,114,168,124,174,1,176,92,178,179,180,198,161,183,184,35,186,107,188,142,44,116,103,155,21,177,157,144,78,8,];False
5347;9631;14978;[81,42,15,3,110,5,132,32,85,14,187,29,134,13,9,199,65,17,72,19,172,194,22,23,24,25,140,7,43,11,30,102,12,135,34,185,36,37,38,94,40,165,151,52,163,45,191,47,48,49,62,119,28,53,128,120,79,51,58,59,131,61,149,63,64,16,66,67,60,69,160,71,18,73,98,75,159,77,89,90,80,87,82,83,56,76,68,146,88,156,84,91,100,74,126,162,108,97,31,99,115,101,26,192,104,195,33,127,70,181,41,96,112,113,190,10,173,164,118,167,4,121,122,123,105,125,39,182,111,2,130,54,6,129,133,106,136,137,138,20,196,141,189,46,197,145,109,147,148,50,150,117,152,153,175,193,93,27,158,171,0,154,95,92,86,55,166,143,139,169,170,114,168,124,174,1,176,57,178,179,180,198,161,183,184,35,186,107,188,142,44,116,103,155,21,177,157,144,78,8,];False
5303;9675;14978;[81,42,15,3,110,5,132,32,85,14,187,29,134,13,9,199,65,17,72,19,172,194,22,23,24,25,140,7,43,11,30,102,12,135,34,185,36,37,38,94,40,165,151,52,163,45,191,47,48,49,62,119,28,128,53,120,79,51,58,59,131,61,149,63,64,86,66,67,60,69,160,71,18,73,98,75,159,77,89,90,80,87,82,83,56,76,108,146,88,156,153,91,100,74,126,162,68,97,175,99,115,101,26,192,104,195,33,127,70,181,41,96,112,113,190,10,173,164,118,167,4,121,122,123,105,125,39,182,111,2,130,54,6,129,133,106,136,137,138,20,196,141,189,46,197,145,109,147,148,50,150,117,152,183,31,193,93,27,158,171,0,154,95,57,16,55,166,143,139,169,170,114,168,124,174,1,176,92,178,179,180,198,161,84,184,35,186,107,188,142,44,116,103,155,21,177,157,144,78,8,];False
5362;9613;14975;[81,42,15,3,110,5,132,32,85,14,187,29,134,13,9,72,65,17,199,19,172,194,22,23,24,25,140,7,43,11,30,102,12,135,34,185,36,37,38,94,40,165,151,52,163,45,191,47,48,49,62,119,28,53,128,120,79,51,58,59,131,61,149,63,64,16,66,67,60,69,70,71,18,73,98,75,159,77,89,90,80,87,82,83,56,76,68,146,88,156,84,91,100,74,126,162,108,97,31,99,115,101,26,192,104,195,33,127,160,181,41,96,112,113,190,10,173,164,118,167,4,121,122,123,105,125,39,182,111,2,130,54,6,129,133,106,136,137,138,20,196,141,189,46,197,145,109,147,148,50,150,117,152,153,175,193,93,27,158,171,0,154,95,57,86,55,166,143,139,169,170,114,168,124,174,1,176,92,178,179,180,198,161,183,184,35,186,107,188,142,44,116,103,155,21,177,157,144,78,8,];False
5341;9633;14974;[81,42,15,3,110,5,132,32,85,14,187,29,134,13,9,199,65,17,72,19,172,194,22,23,24,25,140,7,43,11,30,102,12,135,34,77,36,37,38,94,40,165,151,52,163,45,191,47,48,49,62,119,28,53,128,120,79,51,58,59,131,61,149,63,64,86,66,67,60,69,160,71,18,73,98,75,159,185,89,90,80,87,82,83,56,76,68,146,88,156,153,91,100,74,126,162,108,97,175,99,115,101,26,192,104,195,33,127,70,181,41,96,112,113,190,10,173,164,118,167,4,121,122,123,105,125,39,182,111,2,130,54,6,129,133,106,136,137,138,20,196,141,189,46,197,145,109,147,148,50,150,117,152,84,31,193,93,27,158,171,0,154,95,57,16,55,166,143,139,169,170,114,168,124,174,1,176,92,178,179,180,198,161,183,184,35,186,107,188,142,44,116,103,155,21,177,157,144,78,8,];False
5391;9583;14974;[81,42,15,3,110,5,132,32,85,14,187,29,134,13,9,199,65,17,72,19,172,194,22,23,24,25,140,7,43,11,30,102,12,135,34,185,36,37,38,94,40,165,151,52,163,45,191,47,48,49,62,119,28,53,128,120,79,51,58,59,131,61,149,63,64,16,66,67,60,69,70,71,18,73,98,75,159,77,89,90,80,87,82,83,56,76,68,146,88,156,84,91,26,74,126,162,108,97,31,99,115,101,100,192,104,195,33,127,160,181,41,96,112,113,190,10,173,164,118,167,4,121,122,123,105,125,39,182,111,2,130,54,6,129,133,106,136,137,138,20,196,141,189,46,197,145,109,147,148,50,150,117,152,153,175,193,93,27,158,171,0,154,95,57,86,55,166,143,139,169,170,114,168,124,174,1,176,92,178,179,180,198,161,183,184,35,186,107,188,142,44,116,103,155,21,177,157,144,78,8,];False
5185;9788;14973;[81,88,15,3,110,5,132,32,85,14,187,29,134,13,9,199,75,17,72,19,172,194,22,23,24,25,140,7,43,11,30,102,12,135,34,185,36,37,38,94,40,165,151,52,163,45,191,47,48,49,62,119,28,128,53,120,79,51,58,59,131,61,149,63,64,86,66,67,60,69,160,159,18,73,98,65,71,77,89,90,80,87,82,83,56,76,108,146,42,156,153,91,100,74,126,162,68,97,175,99,115,101,26,192,104,195,33,127,70,181,41,96,112,113,190,10,173,164,118,167,4,121,122,123,105,155,39,182,111,2,130,54,6,129,133,106,136,137,138,20,196,141,189,46,197,145,109,147,148,50,150,117,152,84,31,193,93,27,158,171,0,154,95,57,16,55,166,143,139,169,170,114,168,124,174,1,176,92,178,179,180,198,161,183,184,35,186,107,188,142,44,116,103,125,21,177,157,144,78,8,];False
5280;9691;14971;[81,42,15,3,110,5,132,32,85,14,187,29,134,13,9,199,65,17,72,19,172,194,22,23,24,25,140,7,43,11,30,102,12,135,34,185,36,37,38,94,40,165,151,52,163,45,191,47,48,49,62,119,28,128,53,120,79,51,58,59,131,61,149,63,64,86,66,67,60,69,160,159,18,73,98,75,71,77,89,90,80,87,82,83,56,76,108,146,88,156,153,91,100,74,126,162,68,97,175,99,115,101,26,192,104,195,33,127,70,181,41,96,112,183,190,10,173,164,118,167,4,121,122,123,105,125,39,182,111,2,130,54,6,129,133,106,136,137,138,20,196,141,189,46,197,145,109,147,148,50,150,117,152,84,31,193,93,27,158,171,0,154,95,57,16,55,166,143,139,169,170,114,168,124,174,1,176,92,178,179,180,198,161,113,184,35,186,107,188,142,44,116,103,155,21,177,157,144,78,8,];False
5326;9643;14969;[81,42,15,3,110,5,132,32,85,14,187,29,134,13,9,199,65,17,72,19,172,194,22,23,24,25,140,7,43,11,30,102,12,135,34,185,36,37,38,94,40,165,151,52,163,45,191,47,48,49,62,119,28,53,128,120,79,51,58,59,131,61,149,63,64,86,66,67,60,69,160,71,18,73,98,75,159,77,89,90,80,87,82,83,56,76,68,146,88,156,153,91,100,74,126,162,108,97,175,99,115,101,26,192,104,195,33,127,70,181,41,96,148,113,190,10,173,164,118,167,4,121,122,123,105,125,39,182,111,2,130,54,6,129,133,106,136,137,138,20,196,141,189,46,197,145,109,147,112,50,150,117,152,84,31,193,93,27,158,171,0,154,95,57,16,55,166,143,139,169,170,114,168,124,174,1,176,92,178,179,180,198,161,183,184,35,186,107,188,142,44,116,103,155,21,177,157,144,78,8,];False
5337;9631;14968;[81,42,15,3,110,5,132,32,85,14,187,29,134,13,9,199,65,17,72,19,172,194,22,23,24,25,140,7,43,11,30,102,12,135,34,185,36,37,38,94,40,165,151,52,163,45,191,47,48,49,62,119,28,53,128,120,79,51,58,59,131,61,149,63,64,16,66,67,60,69,160,71,18,73,98,75,159,77,89,90,80,87,82,83,56,76,68,146,88,156,153,91,100,74,126,162,108,97,31,99,115,101,26,192,104,195,33,127,70,181,41,96,112,113,190,10,173,164,118,167,4,121,122,123,105,125,39,182,111,2,130,54,6,129,133,106,136,137,138,20,196,141,189,46,197,145,109,147,148,50,150,117,152,84,175,193,93,27,158,171,0,154,95,57,86,55,166,143,139,169,170,114,168,124,174,1,176,177,178,179,180,198,161,183,184,35,186,107,188,142,44,116,103,155,21,92,157,144,78,8,];False
5292;9676;14968;[81,42,15,3,110,5,132,32,170,14,187,29,134,13,9,199,65,17,72,19,172,194,22,23,24,25,140,7,43,11,30,102,12,135,34,185,36,37,38,94,40,165,151,52,163,45,191,47,48,49,62,119,28,53,128,120,79,51,58,59,131,61,149,63,64,86,66,67,60,69,160,71,18,73,98,75,159,77,89,90,80,87,82,83,56,76,68,146,88,156,153,91,100,74,126,162,108,97,31,99,115,101,26,192,104,195,33,127,70,181,41,96,112,113,190,10,173,164,118,167,4,121,122,123,105,125,39,182,111,2,130,54,6,129,133,106,136,137,138,20,196,141,189,46,197,145,109,147,148,50,150,117,152,84,175,193,93,27,158,171,0,154,95,57,16,55,166,143,139,169,85,114,168,124,174,1,176,92,178,179,180,198,161,183,184,35,186,107,188,142,44,116,103,155,21,177,157,144,78,8,];False
5307;9659;14966;[81,42,15,3,110,5,132,32,85,14,112,29,134,13,9,199,65,17,72,19,172,194,22,23,24,25,140,7,43,11,30,102,12,135,34,185,36,37,38,94,40,165,151,52,163,45,191,47,48,49,62,119,28,53,128,120,79,51,58,59,131,61,149,63,64,86,66,67,60,69,160,71,18,73,98,75,159,77,89,90,80,87,82,83,56,76,68,146,88,156,153,91,100,74,126,162,108,97,175,99,115,101,26,192,104,195,33,127,70,181,41,96,187,113,190,10,173,164,118,167,4,121,122,123,105,125,39,182,111,2,130,54,6,129,133,106,136,137,138,20,196,141,189,46,197,145,109,147,148,50,150,117,152,84,31,193,93,27,158,171,0,154,95,57,16,55,166,143,139,169,170,114,168,124,174,1,176,92,178,179,180,198,161,183,184,35,186,107,188,142,44,116,103,155,21,177,157,144,78,8,];False
5338;9627;14965;[81,42,15,3,110,5,132,32,85,14,187,29,134,13,9,199,65,17,72,19,172,194,22,23,24,25,140,7,43,11,30,102,12,135,34,185,36,37,38,94,40,165,151,52,163,45,191,47,48,49,62,119,28,53,128,120,26,51,58,59,131,61,149,63,64,16,66,67,60,69,160,71,18,73,98,75,159,77,89,90,80,87,82,83,56,76,68,146,88,156,153,91,100,74,126,162,108,97,31,99,115,101,79,192,104,195,33,127,70,181,41,96,112,113,190,10,173,164,118,167,4,121,122,123,105,125,39,182,111,2,130,54,6,129,133,106,136,137,138,20,196,141,189,46,197,145,109,147,148,50,150,117,152,84,175,193,93,27,158,171,0,154,95,57,86,55,166,143,139,169,170,114,168,124,174,1,176,92,178,179,180,198,161,183,184,35,186,107,188,142,44,116,103,155,21,177,157,144,78,8,];False
5228;9734;14962;[81,88,15,3,110,5,132,32,85,14,187,29,134,13,9,199,75,17,72,19,172,194,22,23,24,25,140,7,43,11,30,102,12,135,34,185,36,37,182,94,40,165,151,52,163,45,191,47,48,49,62,119,28,128,53,120,79,51,58,59,131,61,149,63,64,86,66,67,60,69,160,159,18,73,98,65,71,77,89,90,80,87,82,83,56,76,108,146,42,156,153,91,100,74,126,162,68,97,175,99,115,101,26,192,104,195,33,127,70,181,41,96,112,113,190,10,173,164,118,167,4,121,122,123,105,125,39,38,111,2,130,54,6,129,133,106,136,137,138,20,196,141,189,46,197,145,109,147,148,50,150,117,152,84,31,193,93,27,158,171,0,154,95,57,16,55,166,143,139,169,170,114,168,124,174,1,176,92,178,179,180,198,161,183,184,35,186,107,188,142,44,116,103,155,21,177,157,144,78,8,];False
5315;9647;14962;[81,42,15,3,110,5,132,32,85,14,187,29,134,13,9,199,65,17,72,19,172,194,22,23,24,25,140,7,43,11,30,102,12,135,34,185,36,37,38,94,40,165,151,52,163,45,191,47,48,49,62,119,28,53,128,120,79,51,58,59,131,61,149,63,64,86,66,67,60,69,160,71,18,73,98,75,159,77,89,90,80,87,82,83,56,76,68,146,192,156,153,91,100,74,126,162,108,97,31,99,115,101,26,88,104,195,33,127,70,181,41,96,112,113,190,10,173,164,118,167,4,121,122,123,105,125,39,182,111,2,130,54,6,129,133,106,136,137,138,20,196,141,189,46,197,145,109,147,148,50,150,117,152,84,175,193,93,27,158,171,0,154,95,57,16,55,166,143,139,169,170,114,168,124,174,1,176,92,178,179,180,198,161,183,184,35,186,107,188,142,44,116,103,155,21,177,157,144,78,8,];False
5299;9662;14961;[81,42,15,3,110,5,132,32,85,14,187,29,134,13,9,199,65,17,72,19,172,194,22,23,24,25,140,7,43,11,30,102,12,135,34,185,36,37,38,94,40,165,151,52,163,45,191,47,48,49,62,119,28,128,53,120,79,51,58,59,131,61,157,63,64,86,66,67,60,69,160,71,18,73,98,75,159,77,89,90,80,87,82,83,56,76,108,146,88,156,153,91,100,74,126,162,68,97,175,99,115,101,26,192,104,195,33,127,70,181,41,96,112,113,190,10,173,164,118,167,4,121,122,123,105,125,39,182,111,2,130,54,6,129,133,106,136,137,138,20,196,141,189,46,197,145,109,147,148,50,150,117,152,84,31,193,93,27,158,171,0,154,95,57,16,55,166,143,139,169,170,114,168,124,174,1,176,92,178,179,180,198,161,183,184,35,186,107,188,142,44,116,103,155,21,177,149,144,78,8,];False
5282;9678;14960;[81,42,15,3,110,5,132,32,85,14,187,29,134,13,9,199,65,17,72,19,172,194,22,23,112,25,140,7,43,11,30,102,12,135,34,185,36,37,38,94,40,165,151,52,163,45,191,47,48,49,62,119,28,53,128,120,79,51,58,59,131,61,149,63,64,86,66,67,60,69,160,71,18,73,98,75,159,77,89,90,80,87,82,83,56,76,68,146,88,156,153,91,100,74,126,162,108,97,175,99,115,101,26,192,104,195,33,127,70,181,41,96,24,113,190,10,173,164,118,167,4,121,122,123,105,125,39,182,111,2,130,54,6,129,133,106,136,137,138,20,196,141,189,46,197,145,109,147,148,50,150,117,152,84,31,193,93,27,158,171,0,154,95,57,16,55,166,143,139,169,170,114,168,124,174,1,176,92,178,179,180,198,161,183,184,35,186,107,188,142,44,116,103,155,21,177,157,144,78,8,];False
5383;9576;14959;[81,42,15,3,110,5,132,32,85,14,187,29,134,13,9,199,65,17,72,19,172,194,22,23,24,25,140,7,43,11,30,102,12,135,34,185,36,37,38,94,40,165,151,52,163,45,191,47,148,49,62,119,28,53,128,120,79,51,58,59,131,61,149,63,64,86,66,67,60,69,160,71,18,73,98,75,159,77,89,90,80,87,82,83,56,76,68,146,88,156,153,91,100,74,126,162,108,97,31,99,115,101,26,192,104,195,33,127,70,181,41,96,112,113,190,10,173,164,118,167,4,121,122,123,105,125,39,182,111,2,130,54,6,129,133,106,136,137,138,20,196,141,189,46,197,145,109,147,48,50,150,117,152,84,175,193,93,27,158,171,0,154,95,57,16,55,166,143,139,169,170,114,168,124,174,1,176,92,178,179,180,198,161,183,184,35,186,107,188,142,44,116,103,155,21,177,157,144,78,8,];False
5270;9688;14958;[81,42,15,3,110,5,132,32,85,14,187,29,134,13,9,199,65,17,72,19,172,194,22,23,24,25,140,7,43,11,30,102,12,135,34,185,36,37,38,94,40,165,151,52,163,45,191,47,48,49,62,119,28,128,53,120,79,51,58,59,131,61,149,63,64,86,66,67,60,69,160,71,18,73,98,75,159,77,89,90,80,57,82,83,56,76,108,146,88,156,153,91,100,74,126,162,68,97,175,99,115,101,26,192,104,195,33,127,70,181,41,96,112,113,190,10,173,164,118,167,4,121,122,123,105,125,39,182,111,2,130,54,6,129,133,106,136,137,138,20,196,141,189,46,197,145,109,147,148,50,150,117,152,84,31,193,93,27,158,171,0,154,95,87,16,55,166,143,139,169,170,114,168,124,174,1,176,92,178,179,180,198,161,183,184,35,186,107,188,142,44,116,103,155,21,177,157,144,78,8,];False
5333;9624;14957;[81,42,15,3,110,5,132,32,85,14,187,29,134,13,9,199,65,17,72,19,172,194,22,23,24,25,140,7,43,11,30,102,12,135,34,185,36,37,38,94,40,165,151,52,163,45,191,47,48,49,62,119,28,53,128,120,79,51,58,59,131,61,149,63,64,86,66,67,60,69,160,71,18,73,98,75,159,77,89,90,80,87,82,83,56,76,68,146,88,156,153,91,100,74,126,162,108,97,175,99,115,101,26,192,104,195,33,127,70,181,41,96,112,113,190,10,173,164,118,167,4,121,106,123,105,125,39,182,111,2,130,54,6,129,133,122,136,137,138,20,196,141,189,46,197,145,109,147,148,50,150,117,152,84,31,193,93,27,158,171,0,154,95,57,16,55,166,143,139,169,170,114,168,124,174,1,176,92,178,179,180,198,161,183,184,35,186,107,188,142,44,116,103,155,21,177,157,144,78,8,];False
5307;9649;14956;[81,42,15,3,110,5,132,32,85,14,187,29,134,13,9,199,65,17,72,19,172,194,22,23,24,25,140,7,43,11,30,102,12,135,34,185,36,37,38,94,40,165,151,52,163,45,191,47,48,49,62,119,28,53,128,120,79,51,58,59,131,61,149,63,64,86,66,67,60,69,160,71,18,73,98,75,159,77,89,90,80,87,82,83,56,171,68,146,88,156,153,91,100,74,126,162,108,97,175,99,115,101,26,192,104,195,33,127,70,181,41,96,112,113,190,10,173,164,118,167,4,121,122,123,105,125,39,182,111,2,130,54,6,129,133,106,136,137,138,20,196,141,189,46,197,145,109,147,148,50,150,117,152,84,31,193,93,27,158,76,0,154,95,57,16,55,166,143,139,169,170,114,168,124,174,1,176,92,178,179,180,198,161,183,184,35,186,107,188,142,44,116,103,155,21,177,157,144,78,8,];False
5388;9567;14955;[81,42,15,3,110,5,132,32,85,14,187,29,134,13,9,199,65,17,72,19,172,194,22,23,24,25,140,7,43,11,30,102,12,135,34,185,36,37,38,94,40,165,151,52,163,45,191,47,48,49,62,119,28,53,128,120,79,51,58,59,131,61,149,63,64,16,66,67,60,69,70,71,18,73,98,75,159,77,89,90,80,87,82,83,56,76,68,146,88,156,84,91,100,74,126,162,108,97,31,99,115,101,26,192,104,195,33,127,160,181,41,96,112,113,190,10,173,164,118,167,4,121,122,123,105,125,39,182,111,2,130,54,6,129,133,106,136,137,138,20,196,141,189,46,197,145,109,147,148,50,150,117,152,153,175,193,93,27,158,171,0,154,95,57,86,55,166,143,139,169,78,114,168,124,174,1,176,92,178,179,180,198,161,183,184,35,186,107,188,142,44,116,103,155,21,177,157,144,170,8,];False
5328;9624;14952;[81,42,15,3,110,5,132,32,85,14,187,29,134,13,9,199,65,17,72,19,172,194,22,23,24,25,140,7,43,11,30,102,12,135,34,185,36,37,38,94,40,165,151,52,163,45,191,47,48,49,62,119,28,53,128,120,79,51,58,59,131,61,149,63,64,86,66,67,60,69,160,71,18,73,98,75,159,77,89,90,80,87,82,83,56,76,68,146,88,156,153,91,100,74,126,162,108,97,175,99,115,101,26,192,104,195,127,33,70,181,41,96,112,113,190,10,173,164,118,167,4,121,122,123,105,125,39,182,111,2,130,54,6,129,133,106,136,137,138,20,196,141,189,46,197,145,109,147,148,50,150,117,152,84,31,193,93,27,158,171,0,154,95,57,16,55,166,143,139,169,170,114,168,124,174,1,176,92,178,179,180,198,161,183,184,35,186,107,188,142,44,116,103,155,21,177,157,144,78,8,];False
5310;9642;14952;[81,42,15,3,110,5,132,32,85,14,187,29,134,13,9,199,65,17,72,19,172,194,22,23,24,25,140,7,43,11,30,102,12,135,34,185,36,37,38,94,40,165,151,52,163,45,191,47,48,49,62,119,28,53,128,120,79,51,58,59,131,61,149,63,64,16,66,67,60,69,160,71,18,73,98,75,159,77,89,90,80,87,82,83,56,76,101,146,88,156,84,91,100,74,126,162,108,97,31,99,115,68,26,192,104,195,33,127,70,181,41,96,112,113,190,10,173,164,118,167,4,121,122,123,105,125,39,182,111,2,130,54,6,129,133,106,136,137,138,20,196,141,189,46,197,145,109,147,148,50,150,117,152,153,175,193,93,27,158,171,0,154,95,57,86,55,166,143,139,169,170,114,168,124,174,1,176,92,178,179,180,198,161,183,184,35,186,107,188,142,44,116,103,155,21,177,157,144,78,8,];False
5287;9664;14951;[81,42,15,3,110,5,132,32,85,14,187,29,134,13,9,199,65,17,72,19,179,194,22,23,24,25,140,7,43,11,30,102,12,135,34,185,36,37,38,94,40,165,151,52,163,45,191,47,48,49,62,119,28,128,53,120,79,51,58,59,131,61,149,63,64,86,66,67,60,69,160,71,18,73,98,75,159,77,89,90,80,87,82,83,56,76,68,146,88,156,153,91,100,74,126,162,108,97,175,99,115,101,26,192,104,195,33,127,70,181,41,96,112,113,190,10,173,164,118,167,4,121,122,123,105,125,39,182,111,2,130,54,6,129,133,106,136,137,138,20,196,141,189,46,197,145,109,147,148,50,150,117,152,84,31,193,93,27,158,171,0,154,95,57,16,55,166,143,139,169,170,114,168,124,174,1,176,92,178,172,180,198,161,183,184,35,186,107,188,142,44,116,103,155,21,177,157,144,78,8,];False
5299;9651;14950;[81,42,15,3,110,5,132,32,85,14,187,29,134,13,9,199,65,17,72,19,172,194,22,23,24,25,140,7,43,11,30,102,12,135,34,185,36,37,38,94,40,165,151,52,163,45,191,47,48,49,62,119,28,53,128,120,79,51,58,59,131,61,149,63,64,86,66,67,60,69,160,71,18,73,98,75,159,77,89,121,80,87,82,83,56,76,68,146,88,156,153,91,100,74,126,162,108,97,175,99,115,101,26,192,104,195,33,127,70,181,41,96,112,113,190,10,173,164,118,167,4,90,122,123,105,125,39,182,111,2,130,54,6,129,133,106,136,137,138,20,196,141,189,46,197,145,109,147,148,50,150,117,152,84,31,193,93,27,158,171,0,154,95,57,16,55,166,143,139,169,170,114,168,124,174,1,176,92,178,179,180,198,161,183,184,35,186,107,188,142,44,116,103,155,21,177,157,144,78,8,];False
5343;9606;14949;[81,42,15,3,110,5,132,32,85,14,187,29,134,13,9,199,65,17,72,19,172,194,22,23,24,25,140,7,43,11,30,102,12,135,34,185,36,37,38,94,40,165,151,52,163,44,191,47,48,49,62,119,28,53,128,120,79,51,58,59,131,61,149,63,64,16,66,67,60,69,70,71,18,73,98,75,159,77,89,90,80,87,82,83,56,76,68,146,88,156,84,91,100,74,126,162,108,97,31,99,115,101,26,192,104,195,33,127,160,181,41,96,112,113,190,10,173,164,118,167,4,121,122,123,105,125,39,182,111,2,130,54,6,129,133,106,136,137,138,20,196,141,189,46,197,145,109,147,148,50,150,117,152,153,175,193,93,27,158,171,0,154,95,57,86,55,166,143,139,169,170,114,168,124,174,1,176,92,178,179,180,198,161,183,184,35,186,107,188,142,45,116,103,155,21,177,157,144,78,8,];False
5308;9641;14949;[81,42,15,3,110,5,132,32,85,14,187,29,134,13,9,199,65,17,72,19,172,194,22,23,24,25,140,7,43,11,30,102,12,135,34,185,36,108,38,94,40,165,151,52,163,45,191,47,48,49,62,119,28,53,128,120,79,51,58,59,131,61,149,63,64,16,66,67,60,69,160,71,18,73,98,75,159,77,89,90,80,87,82,83,56,76,68,146,88,156,84,91,100,74,126,162,37,97,31,99,115,101,26,192,104,195,33,127,70,181,41,96,112,113,190,10,173,164,118,167,4,121,122,123,105,125,39,182,111,2,130,54,6,129,133,106,136,137,138,20,196,141,189,46,197,145,109,147,148,50,150,117,152,153,175,193,93,27,158,171,0,154,95,57,86,55,166,143,139,169,170,114,168,124,174,1,176,92,178,179,180,198,161,183,184,35,186,107,188,142,44,116,103,155,21,177,157,144,78,8,];False
5288;9660;14948;[81,42,15,3,110,5,132,32,85,14,187,29,134,13,9,199,65,17,72,19,172,194,22,23,24,25,140,7,43,11,30,102,12,135,34,185,36,37,38,94,40,165,151,52,163,101,191,47,48,49,62,119,28,53,128,120,79,51,58,59,131,61,149,63,64,86,66,67,60,69,160,71,18,73,98,75,159,77,89,90,80,87,82,83,56,76,68,146,88,156,153,91,100,74,126,162,108,97,31,99,115,45,26,192,104,195,33,127,70,181,41,96,112,113,190,10,173,164,118,167,4,121,122,123,105,125,39,182,111,2,130,54,6,129,133,106,136,137,138,20,196,141,189,46,197,145,109,147,148,50,150,117,152,84,175,193,93,27,158,171,0,154,95,57,16,55,166,143,139,169,170,114,168,124,174,1,176,92,178,179,180,198,161,183,184,35,186,107,188,142,44,116,103,155,21,177,157,144,78,8,];False
5238;9710;14948;[81,42,15,3,110,5,132,32,85,14,187,29,134,13,9,199,65,17,72,19,172,194,22,23,24,25,140,7,43,11,30,102,12,135,34,185,36,37,38,94,40,165,151,52,163,45,191,47,48,49,62,119,28,53,128,120,79,51,58,59,131,61,149,63,64,86,66,67,60,69,160,71,18,73,98,75,159,77,89,90,80,87,82,83,56,76,68,146,88,156,153,91,100,74,126,148,108,97,175,99,115,101,26,192,104,195,33,127,70,181,41,96,112,113,190,10,173,164,118,167,4,121,122,123,105,125,39,182,111,2,130,54,6,129,133,106,136,137,138,20,196,141,189,46,197,145,109,147,162,50,150,117,152,84,31,193,93,27,158,171,0,154,95,57,16,55,166,143,139,169,170,114,168,124,174,1,176,92,178,179,180,198,161,183,184,35,186,107,188,142,44,116,103,155,21,177,157,144,78,8,];False
5341;9607;14948;[81,42,15,3,110,5,132,32,85,14,187,29,134,13,9,199,65,17,72,19,172,194,22,23,24,25,140,7,43,11,30,102,157,135,34,185,36,37,38,94,40,165,151,52,163,45,191,47,48,49,62,119,28,53,128,120,79,51,58,59,131,61,149,63,64,16,66,67,60,69,160,71,18,73,98,75,159,77,89,90,80,87,82,83,56,76,68,146,88,156,84,91,100,74,126,162,108,97,31,99,115,101,26,192,104,195,33,127,70,181,41,96,112,113,190,10,173,164,118,167,4,121,122,123,105,125,39,182,111,2,130,54,6,129,133,106,136,137,138,20,196,141,189,46,197,145,109,147,148,50,150,117,152,153,175,193,93,27,158,171,0,154,95,57,86,55,166,143,139,169,170,114,168,124,174,1,176,92,178,179,180,198,161,183,184,35,186,107,188,142,44,116,103,155,21,177,12,144,78,8,];False
5230;9714;14944;[81,42,15,3,110,5,132,32,85,14,187,29,134,13,9,199,65,17,72,19,172,194,22,23,24,25,140,170,43,11,30,102,12,135,34,185,36,37,38,94,40,165,151,52,163,45,191,47,48,49,62,119,28,128,53,120,79,51,58,59,131,61,149,63,64,86,66,67,60,69,160,71,18,73,98,75,159,77,89,90,80,87,82,83,56,76,108,146,88,156,153,91,100,74,126,162,68,97,175,99,115,101,26,192,104,195,33,127,70,181,41,96,112,113,190,10,173,164,118,167,4,121,122,123,105,125,39,182,111,2,130,54,6,129,133,106,136,137,138,20,196,141,189,46,197,145,109,147,148,50,150,117,152,84,31,193,93,27,158,171,0,154,95,57,16,55,166,143,139,169,7,114,168,124,174,1,176,92,178,179,180,198,161,183,184,35,186,107,188,142,44,116,103,155,21,177,157,144,78,8,];False
5281;9662;14943;[81,42,15,3,110,5,132,32,85,14,187,29,134,13,9,199,65,17,72,19,172,194,22,23,24,25,140,7,43,11,30,102,12,135,34,185,36,37,38,94,40,165,151,52,163,45,191,47,48,49,62,119,28,53,128,120,79,51,58,59,131,61,149,63,64,16,66,67,60,69,160,71,18,73,98,75,159,77,89,90,80,87,82,83,56,76,68,146,88,156,153,91,100,74,126,162,108,97,31,99,115,101,26,192,104,195,33,127,70,181,41,96,112,116,190,10,173,164,118,167,4,121,122,123,105,125,39,182,111,2,130,54,6,129,133,106,136,137,138,20,196,141,189,46,197,145,109,147,148,50,150,117,152,84,175,193,93,27,158,171,0,154,95,57,86,55,166,143,139,169,170,114,168,124,174,1,176,92,178,179,180,198,161,183,184,35,186,107,188,142,44,113,103,155,21,177,157,144,78,8,];False
5365;9576;14941;[81,42,15,3,110,5,132,32,85,14,187,29,134,66,9,199,65,17,72,19,172,194,22,23,24,25,140,7,43,11,30,102,12,135,34,185,36,37,38,94,40,165,151,52,163,45,191,47,48,49,62,119,28,53,128,120,79,51,58,59,131,61,149,63,64,16,13,67,60,69,70,71,18,73,98,75,159,77,89,90,80,87,82,83,56,76,68,146,88,156,84,91,100,74,126,162,108,97,31,99,115,101,26,192,104,195,33,127,160,181,41,96,112,113,190,10,173,164,118,167,4,121,122,123,105,125,39,182,111,2,130,54,6,129,133,106,136,137,138,20,196,141,189,46,197,145,109,147,148,50,150,117,152,153,175,193,93,27,158,171,0,154,95,57,86,55,166,143,139,169,170,114,168,124,174,1,176,92,178,179,180,198,161,183,184,35,186,107,188,142,44,116,103,155,21,177,157,144,78,8,];False
5319;9621;14940;[81,42,15,3,110,5,132,32,85,14,187,29,134,13,9,199,65,17,72,19,172,194,22,23,24,25,140,7,51,11,30,102,12,135,34,185,36,37,38,94,40,165,151,52,163,45,191,47,48,49,62,119,28,53,128,120,79,43,58,59,131,61,149,63,64,86,66,67,60,69,160,71,18,73,98,75,159,77,89,90,80,87,82,83,56,76,68,146,88,156,153,91,100,74,126,162,108,97,175,99,115,101,26,192,104,195,33,127,70,181,41,96,112,113,190,10,173,164,118,167,4,121,122,123,105,125,39,182,111,2,130,54,6,129,133,106,136,137,138,20,196,141,189,46,197,145,109,147,148,50,150,117,152,84,31,193,93,27,158,171,0,154,95,57,16,55,166,143,139,169,170,114,168,124,174,1,176,92,178,179,180,198,161,183,184,35,186,107,188,142,44,116,103,155,21,177,157,144,78,8,];False
5327;9612;14939;[81,42,15,3,110,5,132,32,85,14,187,29,134,13,9,199,65,17,72,19,172,194,22,23,24,25,140,7,43,11,30,102,12,135,34,185,36,37,38,94,40,152,151,52,163,45,191,47,48,49,62,119,28,53,128,120,79,51,58,59,131,61,149,63,64,16,66,67,60,69,160,71,18,73,98,75,159,77,89,90,80,87,82,83,56,76,68,146,88,156,84,91,100,74,126,162,108,97,31,99,115,101,26,192,104,195,33,127,70,181,41,96,112,113,190,10,173,164,118,167,4,121,122,123,105,125,39,182,111,2,130,54,6,129,133,106,136,137,138,20,196,141,189,46,197,145,109,147,148,50,150,117,165,153,175,193,93,27,158,171,0,154,95,57,86,55,166,143,139,169,170,114,168,124,174,1,176,92,178,179,180,198,161,183,184,35,186,107,188,142,44,116,103,155,21,177,157,144,78,8,];False
5220;9719;14939;[81,42,15,3,110,5,132,32,85,14,187,29,134,13,9,199,65,17,72,19,172,194,22,23,24,25,140,7,43,11,30,102,12,135,34,185,36,37,38,94,40,165,151,52,163,45,191,47,48,49,62,119,28,128,53,120,79,51,58,59,131,61,149,63,64,86,66,67,60,69,160,159,18,73,98,75,71,77,89,90,80,87,82,83,56,76,108,146,88,156,153,91,100,74,126,162,68,97,175,99,115,101,26,192,104,195,33,127,70,181,41,96,112,113,190,10,173,164,118,167,4,121,122,123,105,125,39,182,161,2,130,54,6,129,133,106,136,137,138,20,196,141,189,46,197,145,109,147,148,50,150,117,152,84,31,193,93,27,158,171,0,154,95,57,16,55,166,143,139,169,170,114,168,124,174,1,176,92,178,179,180,198,111,183,184,35,186,107,188,142,44,116,103,155,21,177,157,144,78,8,];False
5223;9716;14939;[81,42,15,3,110,5,132,32,85,14,187,29,134,13,9,199,75,17,72,19,172,194,22,23,24,25,140,7,43,11,30,102,12,135,34,185,36,37,38,94,40,165,151,52,163,45,191,47,48,49,62,119,28,128,53,120,79,51,58,59,65,61,149,63,64,86,66,67,60,69,160,159,18,73,98,131,71,77,89,90,80,87,82,83,56,76,108,146,88,156,153,91,100,74,126,162,68,97,175,99,115,101,26,192,104,195,33,127,70,181,41,96,112,113,190,10,173,164,118,167,4,121,122,123,105,125,39,182,111,2,130,54,6,129,133,106,136,137,138,20,196,141,189,46,197,145,109,147,148,50,150,117,152,84,31,193,93,27,158,171,0,154,95,57,16,55,166,143,139,169,170,114,168,124,174,1,176,92,178,179,180,198,161,183,184,35,186,107,188,142,44,116,103,155,21,177,157,144,78,8,];False
5278;9660;14938;[81,42,15,3,110,5,132,32,85,14,187,29,134,13,9,199,65,17,72,19,172,194,22,23,24,25,140,7,43,11,30,102,12,135,34,185,36,37,38,94,40,165,151,52,163,45,191,47,48,49,62,119,28,53,128,120,79,51,58,59,131,61,149,63,64,16,66,67,60,69,160,71,18,73,98,126,159,77,89,90,80,87,82,83,56,76,68,146,88,156,84,91,100,74,75,162,108,97,31,99,115,101,26,192,104,195,33,127,70,181,41,96,112,113,190,10,173,164,118,167,4,121,122,123,105,125,39,182,111,2,130,54,6,129,133,106,136,137,138,20,196,141,189,46,197,145,109,147,148,50,150,117,152,153,175,193,93,27,158,171,0,154,95,57,86,55,166,143,139,169,170,114,168,124,174,1,176,92,178,179,180,198,161,183,184,35,186,107,188,142,44,116,103,155,21,177,157,144,78,8,];False
5301;9636;14937;[81,42,15,3,110,5,132,32,85,14,187,29,134,13,9,199,65,17,72,19,172,194,22,23,24,25,140,7,43,11,30,133,12,135,34,185,36,37,38,94,40,165,151,52,163,45,191,47,48,49,62,119,28,53,128,120,79,51,58,59,131,61,149,63,64,16,66,67,60,69,160,71,18,73,98,75,159,77,89,90,80,87,82,83,56,76,68,146,88,156,84,91,100,74,126,162,108,97,31,99,115,101,26,192,104,195,33,127,70,181,41,96,112,113,190,10,173,164,118,167,4,121,122,123,105,125,39,182,111,2,130,54,6,129,102,106,136,137,138,20,196,141,189,46,197,145,109,147,148,50,150,117,152,153,175,193,93,27,158,171,0,154,95,57,86,55,166,143,139,169,170,114,168,124,174,1,176,92,178,179,180,198,161,183,184,35,186,107,188,142,44,116,103,155,21,177,157,144,78,8,];False
5273;9663;14936;[81,42,15,3,110,5,132,32,85,14,187,29,134,13,9,199,65,17,72,19,172,194,22,69,24,25,140,7,43,11,30,102,12,135,34,185,36,37,38,94,40,165,151,52,163,45,191,47,48,49,62,119,28,53,128,120,79,51,58,59,131,61,149,63,64,86,66,67,60,23,160,71,18,73,98,75,159,77,89,90,80,87,82,83,56,76,68,146,88,156,153,91,100,74,126,162,108,97,31,99,115,101,26,192,104,195,33,127,70,181,41,96,112,113,190,10,173,164,118,167,4,121,122,123,105,125,39,182,111,2,130,54,6,129,133,106,136,137,138,20,196,141,189,46,197,145,109,147,148,50,150,117,152,84,175,193,93,27,158,171,0,154,95,57,16,55,166,143,139,169,170,114,168,124,174,1,176,92,178,179,180,198,161,183,184,35,186,107,188,142,44,116,103,155,21,177,157,144,78,8,];False
5314;9621;14935;[81,42,15,3,110,5,132,32,85,14,187,29,134,13,9,199,65,17,72,19,172,194,22,23,24,25,140,7,43,11,30,102,12,135,34,185,36,37,38,94,40,165,151,52,163,45,191,47,48,49,62,119,28,53,128,120,79,188,58,59,131,61,149,63,64,86,66,67,60,69,160,71,18,73,98,75,159,77,89,90,80,87,82,83,56,76,68,146,88,156,153,91,100,74,126,162,108,97,175,99,115,101,26,192,104,195,33,127,70,181,41,96,112,113,190,10,173,164,118,167,4,121,122,123,105,125,39,182,111,2,130,54,6,129,133,106,136,137,138,20,196,141,189,46,197,145,109,147,148,50,150,117,152,84,31,193,93,27,158,171,0,154,95,57,16,55,166,143,139,169,170,114,168,124,174,1,176,92,178,179,180,198,161,183,184,35,186,107,51,142,44,116,103,155,21,177,157,144,78,8,];False
5275;9658;14933;[81,42,15,3,110,5,132,57,85,14,187,29,134,13,9,199,65,17,72,19,172,194,22,23,24,25,140,7,43,11,30,102,12,135,34,185,36,37,38,94,40,165,151,52,163,45,191,47,48,49,62,119,28,53,128,120,79,51,58,59,131,61,149,63,64,86,66,67,60,69,160,71,18,73,98,75,159,77,89,90,80,87,82,83,56,76,68,146,88,156,153,91,100,74,126,162,108,97,175,99,115,101,26,192,104,195,33,127,70,181,41,96,112,113,190,10,173,164,118,167,4,121,122,123,105,125,39,182,111,2,130,54,6,129,133,106,136,137,138,20,196,141,189,46,197,145,109,147,148,50,150,117,152,84,31,193,93,27,158,171,0,154,95,32,16,55,166,143,139,169,170,114,168,124,174,1,176,92,178,179,180,198,161,183,184,35,186,107,188,142,44,116,103,155,21,177,157,144,78,8,];False
5286;9643;14929;[81,42,15,3,110,5,132,32,85,14,187,29,134,13,9,199,65,17,72,19,172,194,22,23,24,25,140,7,43,11,30,102,12,135,34,185,36,37,38,94,40,165,151,52,163,45,191,47,48,49,62,119,28,53,128,120,79,51,58,59,131,61,149,63,64,16,66,67,60,69,160,71,18,73,98,75,159,77,89,90,80,87,82,83,56,76,68,146,88,156,84,91,100,74,126,162,108,97,31,99,115,101,26,192,104,195,33,127,70,181,41,96,112,113,190,10,173,164,118,167,4,121,122,123,105,125,39,182,111,2,130,54,6,129,133,106,137,136,138,20,196,141,189,46,197,145,109,147,148,50,150,117,152,153,175,193,93,27,158,171,0,154,95,57,86,55,166,143,139,169,170,114,168,124,174,1,176,92,178,179,180,198,161,183,184,35,186,107,188,142,44,116,103,155,21,177,157,144,78,8,];False
5224;9701;14925;[81,42,15,3,110,5,132,32,85,14,187,61,134,13,9,199,75,17,72,19,172,194,22,23,24,25,140,7,43,11,30,102,12,135,34,185,36,37,38,94,40,165,151,52,163,45,191,47,48,49,62,119,28,128,53,120,79,51,58,59,131,29,149,63,64,86,66,67,60,69,160,159,18,73,98,65,71,77,89,90,80,87,82,83,56,76,108,146,88,156,153,91,100,74,126,162,68,97,175,99,115,101,26,192,104,195,33,127,70,181,41,96,112,113,190,10,173,164,118,167,4,121,122,123,105,125,39,182,111,2,130,54,6,129,133,106,136,137,138,20,196,141,189,46,197,145,109,147,148,50,150,117,152,84,31,193,93,27,158,171,0,154,95,57,16,55,166,143,139,169,170,114,168,124,174,1,176,92,178,179,180,198,161,183,184,35,186,107,188,142,44,116,103,155,21,177,157,144,78,8,];False
5208;9716;14924;[81,42,15,3,110,5,132,32,85,14,187,29,134,13,9,199,65,17,72,19,172,194,22,23,24,25,140,7,43,11,30,102,12,135,89,185,36,37,38,94,40,165,151,52,163,45,191,47,48,49,62,119,28,128,53,120,79,51,58,59,131,61,149,63,64,86,66,67,60,69,160,159,18,73,98,75,71,77,34,90,80,87,82,83,56,76,108,146,88,156,153,91,100,74,126,162,68,97,175,99,115,101,26,192,104,195,33,127,70,181,41,96,112,113,190,10,173,164,118,167,4,121,122,123,105,125,39,182,111,2,130,54,6,129,133,106,136,137,138,20,196,141,189,46,197,145,109,147,148,50,150,117,152,84,31,193,93,27,158,171,0,154,95,57,16,55,166,143,139,169,170,114,168,124,174,1,176,92,178,179,180,198,161,183,184,35,186,107,188,142,44,116,103,155,21,177,157,144,78,8,];False
5234;9689;14923;[81,42,15,3,110,5,132,32,85,14,187,29,134,13,9,199,65,17,72,19,172,194,22,23,24,25,140,7,43,11,30,102,12,135,34,185,36,37,38,94,40,165,151,52,163,45,191,47,48,49,62,119,28,53,128,55,79,51,58,59,131,61,149,63,64,16,66,67,60,69,160,71,18,73,98,75,159,77,89,90,80,87,82,83,56,76,68,146,88,156,153,91,100,74,126,162,108,97,31,99,115,101,26,192,104,195,33,127,70,181,41,96,112,113,190,10,173,164,118,167,4,121,122,123,105,125,39,182,111,2,130,54,6,129,133,106,136,137,138,20,196,141,189,46,197,145,109,147,148,50,150,117,152,84,175,193,93,27,158,171,0,154,95,57,86,120,166,143,139,169,170,114,168,124,174,1,176,92,178,179,180,198,161,183,184,35,186,107,188,142,44,116,103,155,21,177,157,144,78,8,];False
5277;9645;14922;[81,42,15,3,110,5,132,32,85,14,187,29,134,13,9,199,65,17,72,19,172,194,22,23,24,25,140,7,43,11,75,102,12,135,34,185,36,37,38,94,40,165,151,52,163,45,191,47,48,49,62,119,28,53,128,120,79,51,58,59,131,61,149,63,64,86,66,67,60,69,160,71,18,73,98,30,159,77,89,90,80,87,82,83,56,76,68,146,88,156,153,91,100,74,126,162,108,97,175,99,115,101,26,192,104,195,33,127,70,181,41,96,112,113,190,10,173,164,118,167,4,121,122,123,105,125,39,182,111,2,130,54,6,129,133,106,136,137,138,20,196,141,189,46,197,145,109,147,148,50,150,117,152,84,31,193,93,27,158,171,0,154,95,57,16,55,166,143,139,169,170,114,168,124,174,1,176,92,178,179,180,198,161,183,184,35,186,107,188,142,44,116,103,155,21,177,157,144,78,8,];False
5278;9644;14922;[81,42,15,3,110,5,132,32,85,14,187,29,134,13,9,199,65,17,72,19,172,194,22,23,24,25,140,7,43,11,30,102,12,135,34,185,36,37,38,94,40,165,151,52,163,45,191,47,48,49,62,119,28,53,128,120,79,51,58,59,131,61,149,63,64,86,66,67,60,69,160,71,18,73,98,75,159,77,26,90,80,87,82,83,56,76,68,146,88,156,153,91,100,74,126,162,108,97,175,99,115,101,89,192,104,195,33,127,70,181,41,96,112,113,190,10,173,164,118,167,4,121,122,123,105,125,39,182,111,2,130,54,6,129,133,106,136,137,138,20,196,141,189,46,197,145,109,147,148,50,150,117,152,84,31,193,93,27,158,171,0,154,95,57,16,55,166,143,139,169,170,114,168,124,174,1,176,92,178,179,180,198,161,183,184,35,186,107,188,142,44,116,103,155,21,177,157,144,78,8,];False
5263;9659;14922;[81,42,15,3,110,5,132,32,85,14,187,29,134,13,9,199,65,17,72,19,172,194,22,23,24,25,140,7,43,11,30,102,12,135,34,185,36,37,38,94,40,165,151,52,163,45,191,47,48,104,62,119,28,53,128,120,79,51,58,59,131,61,149,63,64,86,66,67,60,69,160,71,18,73,98,75,159,77,89,90,80,87,82,83,56,76,68,146,88,156,153,91,100,74,126,162,108,97,175,99,115,101,26,192,49,195,33,127,70,181,41,96,112,113,190,10,173,164,118,167,4,121,122,123,105,125,39,182,111,2,130,54,6,129,133,106,136,137,138,20,196,141,189,46,197,145,109,147,148,50,150,117,152,84,31,193,93,27,158,171,0,154,95,57,16,55,166,143,139,169,170,114,168,124,174,1,176,92,178,179,180,198,161,183,184,35,186,107,188,142,44,116,103,155,21,177,157,144,78,8,];False
5316;9605;14921;[81,42,15,3,110,5,132,32,85,14,187,29,134,13,9,199,65,17,72,19,172,194,22,23,24,25,140,7,43,11,30,102,12,135,34,185,36,37,38,94,40,165,151,52,163,45,191,47,48,49,62,119,28,53,128,120,79,51,58,59,131,61,149,63,64,16,66,67,60,69,70,71,18,73,98,75,159,77,89,90,80,87,82,83,56,76,68,146,88,156,84,91,100,74,126,162,108,97,31,99,115,101,26,192,104,195,33,127,160,181,41,96,112,113,190,10,173,164,118,167,4,121,122,123,105,125,39,182,111,2,130,54,6,129,133,106,136,137,138,20,196,141,189,46,197,145,109,147,148,50,150,117,152,153,175,193,93,27,158,171,0,154,95,57,86,55,166,143,139,169,170,114,168,124,174,1,176,92,178,179,180,198,161,183,184,35,186,107,188,142,44,116,103,155,21,177,157,144,78,8,];False
5204;9717;14921;[81,42,15,3,110,5,132,32,85,14,187,29,134,13,9,199,65,17,72,19,172,194,22,23,24,25,140,7,43,11,30,102,12,135,34,185,36,37,38,94,40,74,151,52,163,45,191,47,48,49,62,119,28,128,53,120,79,51,58,59,131,61,149,63,64,86,66,67,60,69,160,71,18,73,98,75,159,77,89,90,80,87,82,83,56,76,108,146,88,156,153,91,100,165,126,162,68,97,175,99,115,101,26,192,104,195,33,127,70,181,41,96,112,113,190,10,173,164,118,167,4,121,122,123,105,125,39,182,111,2,130,54,6,129,133,106,136,137,138,20,196,141,189,46,197,145,109,147,148,50,150,117,152,84,31,193,93,27,158,171,0,154,95,57,16,55,166,143,139,169,170,114,168,124,174,1,176,92,178,179,180,198,161,183,184,35,186,107,188,142,44,116,103,155,21,177,157,144,78,8,];False
5240;9681;14921;[81,42,15,3,110,5,132,32,85,14,187,29,134,13,9,199,65,17,72,19,172,194,170,23,24,25,140,7,43,11,30,102,12,135,34,185,36,37,38,94,40,165,151,52,163,45,191,47,48,49,62,119,28,53,128,120,79,51,58,59,131,61,149,63,64,86,66,67,60,69,160,71,18,73,98,75,159,77,89,90,80,87,82,83,56,76,68,146,88,156,153,91,100,74,126,162,108,97,175,99,115,101,26,192,104,195,33,127,70,181,41,96,112,113,190,10,173,164,118,167,4,121,122,123,105,125,39,182,111,2,130,54,6,129,133,106,136,137,138,20,196,141,189,46,197,145,109,147,148,50,150,117,152,84,31,193,93,27,158,171,0,154,95,57,16,55,166,143,139,169,22,114,168,124,174,1,176,92,178,179,180,198,161,183,184,35,186,107,188,142,44,116,103,155,21,177,157,144,78,8,];False
5294;9626;14920;[81,42,15,3,110,5,132,32,85,14,187,29,134,13,9,199,65,17,72,19,172,194,22,23,24,25,140,7,43,11,30,102,12,135,34,185,36,37,38,94,40,165,151,52,163,45,191,47,48,49,62,119,28,53,128,120,79,51,58,59,131,61,149,63,64,86,66,67,60,69,160,71,18,73,98,75,159,77,89,90,80,87,82,83,56,76,68,146,88,156,153,91,100,74,126,162,108,97,175,99,115,101,26,192,104,195,33,127,70,181,41,96,112,113,190,10,173,164,118,167,4,121,122,123,105,125,39,182,111,2,130,54,6,129,133,106,136,137,197,20,196,141,189,46,138,145,109,147,148,50,150,117,152,84,31,193,93,27,158,171,0,154,95,57,16,55,166,143,139,169,170,114,168,124,174,1,176,92,178,179,180,198,161,183,184,35,186,107,188,142,44,116,103,155,21,177,157,144,78,8,];False
5296;9624;14920;[81,42,15,3,110,5,132,32,85,14,187,29,134,13,9,199,65,17,72,19,172,194,22,23,24,25,140,7,43,11,30,102,12,135,34,185,36,37,38,94,40,165,151,52,163,45,191,47,48,49,62,119,28,53,128,120,79,51,58,59,131,61,149,63,64,16,66,67,60,69,160,71,18,73,98,75,159,77,89,90,80,87,82,83,56,76,68,146,88,156,84,91,100,74,126,162,108,97,31,99,115,101,26,192,104,195,33,127,70,181,41,114,112,113,190,10,173,164,118,167,4,121,122,123,105,125,39,182,111,2,130,54,6,129,133,106,136,137,138,20,196,141,189,46,197,145,109,147,148,50,150,117,152,153,175,193,93,27,158,171,0,154,95,57,86,55,166,143,139,169,170,96,168,124,174,1,176,92,178,179,180,198,161,183,184,35,186,107,188,142,44,116,103,155,21,177,157,144,78,8,];False
5294;9624;14918;[81,42,15,3,110,5,132,32,85,14,187,29,134,13,9,199,65,17,72,19,172,194,22,23,24,25,140,7,43,11,30,102,12,135,34,185,36,37,38,94,40,165,151,52,163,45,191,47,48,49,62,119,28,53,128,120,79,51,58,59,131,61,149,63,64,16,66,67,60,69,160,71,18,73,95,75,159,77,89,90,80,87,82,83,56,76,68,146,88,156,84,91,100,74,126,162,108,97,31,99,115,101,26,192,104,195,33,127,70,181,41,96,112,113,190,10,173,164,118,167,4,121,122,123,105,125,39,182,111,2,130,54,6,129,133,106,136,137,138,20,196,141,189,46,197,145,109,147,148,50,150,117,152,153,175,193,93,27,158,171,0,154,98,57,86,55,166,143,139,169,170,114,168,124,174,1,176,92,178,179,180,198,161,183,184,35,186,107,188,142,44,116,103,155,21,177,157,144,78,8,];False
5209;9708;14917;[81,42,15,3,110,5,132,32,85,14,187,29,134,13,9,199,65,17,72,19,172,194,22,23,24,25,140,7,43,11,30,102,12,135,34,185,36,37,6,94,40,165,151,52,163,45,191,47,48,49,62,119,28,128,53,120,79,51,58,59,131,61,149,63,64,86,66,67,60,69,160,159,18,73,98,75,71,77,89,90,80,87,82,83,56,76,108,146,88,156,153,91,100,74,126,162,68,97,175,99,115,101,26,192,104,195,33,127,70,181,41,96,112,113,190,10,173,164,118,167,4,121,122,123,105,125,39,182,111,2,130,54,38,129,133,106,136,137,138,20,196,141,189,46,197,145,109,147,148,50,150,117,152,84,31,193,93,27,158,171,0,154,95,57,16,55,166,143,139,169,170,114,168,124,174,1,176,92,178,179,180,198,161,183,184,35,186,107,188,142,44,116,103,155,21,177,157,144,78,8,];False
5123;9791;14914;[81,88,15,3,110,5,132,32,85,14,187,29,134,13,9,199,75,17,72,103,172,194,22,23,24,25,140,7,43,11,30,102,12,135,34,185,36,37,38,108,40,165,151,52,163,45,191,47,48,49,62,119,28,128,53,120,79,51,58,59,131,61,149,63,64,86,66,67,60,69,160,159,18,73,98,65,71,77,89,90,80,87,82,83,56,76,94,146,42,156,153,91,100,74,126,162,68,97,175,99,115,101,26,192,104,195,33,127,70,181,41,96,112,113,190,10,173,164,118,167,4,121,122,123,105,125,39,182,111,2,130,54,6,129,133,106,136,137,138,20,196,141,189,46,197,145,109,147,148,50,150,117,152,84,31,193,93,27,158,171,0,154,95,57,16,55,166,143,139,169,170,114,168,124,174,1,176,92,178,179,180,198,161,183,184,35,186,107,188,142,44,116,19,155,21,177,157,144,78,8,];False
5274;9640;14914;[81,42,15,3,110,5,132,32,85,14,187,41,134,13,9,199,65,17,72,19,172,194,22,23,24,25,140,7,43,11,30,102,12,135,34,185,36,37,38,94,40,165,151,52,163,45,191,47,48,49,62,119,28,53,128,120,79,51,58,59,131,61,149,63,64,16,66,67,60,69,160,71,18,73,98,75,159,77,89,90,80,87,82,83,56,76,68,146,88,156,153,91,100,74,126,162,108,97,31,99,115,101,26,192,104,195,33,127,70,181,29,96,112,113,190,10,173,164,118,167,4,121,122,123,105,125,39,182,111,2,130,54,6,129,133,106,136,137,138,20,196,141,189,46,197,145,109,147,148,50,150,117,152,84,175,193,93,27,158,171,0,154,95,57,86,55,166,143,139,169,170,114,168,124,174,1,176,92,178,179,180,198,161,183,184,35,186,107,188,142,44,116,103,155,21,177,157,144,78,8,];False
5217;9696;14913;[81,42,15,3,110,5,132,32,85,14,187,29,134,13,9,199,65,17,72,19,172,194,22,23,24,25,140,7,43,11,30,102,12,135,34,185,36,37,38,94,40,165,151,52,163,45,191,47,48,49,62,119,28,128,53,120,79,51,58,59,131,61,149,63,64,86,66,67,60,69,160,71,18,73,98,75,159,77,89,90,80,87,82,83,56,76,108,146,88,156,153,91,100,74,126,162,68,97,175,99,115,101,26,192,104,195,33,127,70,181,41,96,112,113,190,10,173,164,118,167,4,121,122,50,105,125,39,182,111,2,130,54,6,129,133,106,136,137,138,20,196,141,189,46,197,145,109,147,148,123,150,117,152,84,31,193,93,27,158,171,0,154,95,57,16,55,166,143,139,169,170,114,168,124,174,1,176,92,178,179,180,198,161,183,184,35,186,107,188,142,44,116,103,155,21,177,157,144,78,8,];False
5324;9589;14913;[81,42,15,3,110,5,132,32,85,14,187,29,134,13,9,199,65,17,72,19,172,194,22,23,24,25,140,7,43,11,30,102,12,135,34,185,36,37,38,94,40,165,151,52,163,45,191,47,48,49,62,119,28,53,128,120,79,51,58,59,131,61,149,63,64,16,66,67,60,69,70,71,18,73,98,75,159,77,89,90,80,87,82,83,56,76,68,146,116,156,84,91,100,74,126,162,108,97,31,99,115,101,26,192,104,195,33,127,160,181,41,96,112,113,190,10,173,164,118,167,4,121,122,123,105,125,39,182,111,2,130,54,6,129,133,106,136,137,138,20,196,141,189,46,197,145,109,147,148,50,150,117,152,153,175,193,93,27,158,171,0,154,95,57,86,55,166,143,139,169,170,114,168,124,174,1,176,92,178,179,180,198,161,183,184,35,186,107,188,142,44,88,103,155,21,177,157,144,78,8,];False
5356;9556;14912;[81,42,15,3,110,5,132,32,85,14,187,29,134,13,9,199,65,17,72,19,172,194,22,23,24,25,140,7,43,11,30,102,12,135,34,185,36,37,38,94,40,165,151,52,163,45,191,47,48,49,62,119,28,53,128,120,79,51,58,59,131,61,149,63,64,16,66,67,60,69,70,71,18,73,98,75,159,77,89,90,80,87,82,83,56,76,68,146,88,156,84,91,100,74,126,162,108,97,31,99,115,101,26,192,104,195,33,127,160,181,41,96,112,113,190,10,173,164,118,167,4,121,122,123,105,125,39,182,111,2,130,54,6,129,133,106,136,137,138,20,196,141,189,46,197,145,109,147,148,50,150,117,152,153,175,193,93,157,158,171,0,154,95,57,86,55,166,143,139,169,170,114,168,124,174,1,176,92,178,179,180,198,161,183,184,35,186,107,188,142,44,116,103,155,21,177,27,144,78,8,];True
5221;9691;14912;[81,42,15,3,110,5,132,32,85,14,187,29,134,13,9,199,65,17,72,19,172,194,22,23,24,25,140,7,43,11,30,102,12,135,34,185,36,37,38,94,40,165,151,52,163,45,191,47,48,49,62,119,28,188,53,120,79,51,58,59,131,61,149,63,64,86,66,67,60,69,160,71,18,73,98,75,159,77,89,90,80,87,82,83,56,76,108,146,88,156,153,91,100,74,126,162,68,97,175,99,115,101,26,192,104,195,33,127,70,181,41,96,112,113,190,10,173,164,118,167,4,121,122,123,105,125,39,182,111,2,130,54,6,129,133,106,136,137,138,20,196,141,189,46,197,145,109,147,148,50,150,117,152,84,31,193,93,27,158,171,0,154,95,57,16,55,166,143,139,169,170,114,168,124,174,1,176,92,178,179,180,198,161,183,184,35,186,107,128,142,44,116,103,155,21,177,157,144,78,8,];False
5235;9677;14912;[81,42,15,3,110,5,132,32,85,14,187,29,134,13,9,199,65,17,72,19,172,194,22,23,24,25,140,7,43,11,30,102,12,135,34,185,36,37,38,94,40,165,151,52,163,45,191,47,48,49,62,119,28,128,53,120,79,51,58,59,131,61,149,63,64,86,66,67,60,69,160,71,18,73,98,75,159,77,89,90,80,87,82,83,56,76,108,146,88,156,153,91,100,74,126,162,68,97,175,99,115,101,26,192,104,195,33,127,70,181,41,96,112,113,190,10,173,164,118,167,166,121,122,123,105,125,39,182,111,2,130,54,6,129,133,106,136,137,138,20,196,141,189,46,197,145,109,147,148,50,150,117,152,84,31,193,93,27,158,171,0,154,95,57,16,55,4,143,139,169,170,114,168,124,174,1,176,92,178,179,180,198,161,183,184,35,186,107,188,142,44,116,103,155,21,177,157,144,78,8,];False
5275;9635;14910;[81,42,15,3,110,5,132,32,85,14,187,29,134,13,9,199,65,17,72,19,172,194,22,23,24,25,140,7,43,11,30,102,12,135,34,185,36,37,38,94,40,165,151,52,163,45,191,47,48,49,62,119,28,53,128,120,79,51,58,59,131,61,149,63,64,86,66,67,60,69,160,71,18,73,98,75,159,77,89,90,80,87,82,83,56,76,68,146,88,156,139,91,100,74,126,162,108,97,31,99,115,101,26,192,104,195,33,127,70,181,41,96,112,113,190,10,173,164,118,167,4,121,122,123,105,125,39,182,111,2,130,54,6,129,133,106,136,137,138,20,196,141,189,46,197,145,109,147,148,50,150,117,152,84,175,193,93,27,158,171,0,154,95,57,16,55,166,143,153,169,170,114,168,124,174,1,176,92,178,179,180,198,161,183,184,35,186,107,188,142,44,116,103,155,21,177,157,144,78,8,];False
5183;9725;14908;[81,42,15,3,110,5,132,32,85,14,187,29,134,13,9,199,65,17,72,19,172,194,22,23,24,25,140,7,43,11,30,102,12,135,34,185,36,37,38,94,40,165,151,52,163,45,191,47,48,49,62,119,28,128,53,120,79,51,58,59,131,61,149,63,64,86,66,67,60,69,160,71,18,73,98,75,159,77,89,90,80,87,82,83,56,76,108,146,88,156,153,91,100,74,126,162,68,97,175,125,115,101,26,192,104,195,33,127,70,181,41,96,112,113,190,10,173,164,118,167,4,121,122,123,105,99,39,182,111,2,130,54,6,129,133,106,136,137,138,20,196,141,189,46,197,145,109,147,148,50,150,117,152,84,31,193,93,27,158,171,0,154,95,57,16,55,166,143,139,169,170,114,168,124,174,1,176,92,178,179,180,198,161,183,184,35,186,107,188,142,44,116,103,155,21,177,157,144,78,8,];False
5210;9697;14907;[81,88,15,3,110,5,132,32,85,14,187,29,134,13,9,199,75,17,72,19,172,194,22,23,24,25,140,7,43,11,30,102,12,135,34,185,36,37,38,94,40,165,151,52,163,45,191,47,48,49,62,119,28,128,53,120,79,51,58,59,131,61,41,63,64,86,66,67,60,69,160,159,18,73,98,65,71,77,89,90,80,87,82,83,56,76,108,146,42,156,153,91,100,74,126,162,68,97,175,99,115,101,26,192,104,195,33,127,70,181,149,96,112,113,190,10,173,164,118,167,4,121,122,123,105,125,39,182,111,2,130,54,6,129,133,106,136,137,138,20,196,141,189,46,197,145,109,147,148,50,150,117,152,84,31,193,93,27,158,171,0,154,95,57,16,55,166,143,139,169,170,114,168,124,174,1,176,92,178,179,180,198,161,183,184,35,186,107,188,142,44,116,103,155,21,177,157,144,78,8,];False
5276;9626;14902;[81,42,15,3,110,5,132,32,85,14,187,29,134,13,9,56,65,17,72,19,172,194,22,23,24,25,140,7,43,11,30,102,12,135,34,185,36,37,38,94,40,165,151,52,163,45,191,47,48,49,62,119,28,128,53,120,79,51,58,59,131,61,149,63,64,86,66,67,60,69,160,159,18,73,98,75,71,77,89,90,80,87,82,83,199,76,108,146,88,156,153,91,100,74,126,162,68,97,175,99,115,101,26,192,104,195,33,127,70,181,41,96,112,113,190,10,173,164,118,167,4,121,122,123,105,125,39,182,111,2,130,54,6,129,133,106,136,137,138,20,196,141,189,46,197,145,109,147,148,50,150,117,152,84,31,193,93,27,158,171,0,154,95,57,16,55,166,143,139,169,170,114,168,124,174,1,176,92,178,179,180,198,161,183,184,35,186,107,188,142,44,116,103,155,21,177,157,144,78,8,];False
5290;9611;14901;[81,42,15,3,110,5,132,32,85,14,187,29,134,13,9,199,65,17,72,19,172,194,22,23,24,25,140,7,43,11,30,102,12,135,34,185,36,37,38,94,40,165,151,52,163,45,191,47,48,49,62,119,28,53,128,120,79,51,58,59,131,61,149,63,64,16,66,67,60,69,160,71,18,73,98,75,159,77,89,90,80,87,82,83,56,76,68,146,88,156,84,91,100,74,126,162,108,97,31,99,115,101,26,192,104,125,33,127,70,181,41,96,112,113,190,10,173,164,118,167,4,121,122,123,105,195,39,182,111,2,130,54,6,129,133,106,136,137,138,20,196,141,189,46,197,145,109,147,148,50,150,117,152,153,175,193,93,27,158,171,0,154,95,57,86,55,166,143,139,169,170,114,168,124,174,1,176,92,178,179,180,198,161,183,184,35,186,107,188,142,44,116,103,155,21,177,157,144,78,8,];False
5240;9661;14901;[81,42,15,3,110,5,132,32,85,14,187,29,134,13,88,199,65,17,72,19,172,194,22,23,24,25,140,7,43,11,30,102,12,135,34,185,36,37,38,94,40,165,151,52,163,45,191,47,48,49,62,119,28,53,128,120,79,51,58,59,131,61,149,63,64,16,66,67,60,69,160,71,18,73,98,75,159,77,89,90,80,87,82,83,56,76,68,146,9,156,153,91,100,74,126,162,108,97,31,99,115,101,26,192,104,195,33,127,70,181,41,96,112,113,190,10,173,164,118,167,4,121,122,123,105,125,39,182,111,2,130,54,6,129,133,106,136,137,138,20,196,141,189,46,197,145,109,147,148,50,150,117,152,84,175,193,93,27,158,171,0,154,95,57,86,55,166,143,139,169,170,114,168,124,174,1,176,92,178,179,180,198,161,183,184,35,186,107,188,142,44,116,103,155,21,177,157,144,78,8,];False
5274;9627;14901;[81,42,15,3,110,5,132,32,85,14,187,29,134,13,9,199,65,17,72,19,172,194,22,23,24,25,140,7,43,11,30,102,12,135,34,185,36,37,38,94,56,165,151,52,163,45,191,47,48,49,62,119,28,53,128,120,79,51,58,59,131,61,149,63,64,86,66,67,60,69,160,71,18,73,98,75,159,77,89,90,80,87,82,83,40,76,68,146,88,156,153,91,100,74,126,162,108,97,175,99,115,101,26,192,104,195,33,127,70,181,41,96,112,113,190,10,173,164,118,167,4,121,122,123,105,125,39,182,111,2,130,54,6,129,133,106,136,137,138,20,196,141,189,46,197,145,109,147,148,50,150,117,152,84,31,193,93,27,158,171,0,154,95,57,16,55,166,143,139,169,170,114,168,124,174,1,176,92,178,179,180,198,161,183,184,35,186,107,188,142,44,116,103,155,21,177,157,144,78,8,];False
5254;9647;14901;[81,42,15,3,110,5,132,32,85,14,187,29,134,13,9,199,65,17,72,19,172,194,22,23,24,25,140,7,43,11,30,102,12,135,34,185,36,37,38,94,40,165,151,52,163,45,191,47,48,49,62,119,28,53,128,120,79,51,58,59,131,61,149,63,64,86,66,67,60,69,160,71,18,73,98,75,159,77,89,90,80,87,82,83,56,76,68,146,88,156,153,91,100,74,126,162,108,97,175,99,115,101,26,192,104,195,33,127,70,181,41,96,112,113,190,10,173,164,118,167,4,21,122,123,105,125,39,182,111,2,130,54,6,129,133,106,136,137,138,20,196,141,189,46,197,145,109,147,148,50,150,117,152,84,31,193,93,27,158,171,0,154,95,57,16,55,166,143,139,169,170,114,168,124,174,1,176,92,178,179,180,198,161,183,184,35,186,107,188,142,44,116,103,155,121,177,157,144,78,8,];False
5222;9677;14899;[81,42,15,3,110,5,132,32,85,14,187,29,134,13,9,199,65,17,72,19,172,194,22,23,24,25,140,7,43,11,30,102,12,135,34,185,36,37,38,94,40,165,151,52,163,45,191,47,48,49,62,119,28,53,128,120,79,51,58,59,131,61,149,63,64,16,66,67,60,69,160,71,18,73,98,75,159,77,89,90,80,87,82,83,56,76,68,146,88,156,153,91,100,74,126,162,108,97,31,99,115,101,26,192,104,195,33,127,70,181,41,96,112,113,190,10,173,164,118,167,4,121,122,123,105,125,39,182,111,2,130,54,6,129,133,106,136,137,138,20,196,141,189,46,197,145,109,147,148,50,150,117,152,84,175,193,93,27,158,171,0,154,95,57,86,55,166,143,139,169,170,114,168,124,174,1,176,92,178,179,180,198,161,183,184,35,186,107,188,142,44,116,103,155,21,177,157,144,78,8,];False
5304;9594;14898;[81,42,15,3,110,5,132,32,85,14,187,29,134,46,9,199,65,17,72,19,172,194,22,23,24,25,140,7,43,11,30,102,12,135,34,185,36,37,38,94,40,165,151,52,163,45,191,47,48,49,62,119,28,53,128,120,79,51,58,59,131,61,149,63,64,16,66,67,60,69,160,71,18,73,98,75,159,77,89,90,80,87,82,83,56,76,68,146,88,156,84,91,100,74,126,162,108,97,31,99,115,101,26,192,104,195,33,127,70,181,41,96,112,113,190,10,173,164,118,167,4,121,122,123,105,125,39,182,111,2,130,54,6,129,133,106,136,137,138,20,196,141,189,13,197,145,109,147,148,50,150,117,152,153,175,193,93,27,158,171,0,154,95,57,86,55,166,143,139,169,170,114,168,124,174,1,176,92,178,179,180,198,161,183,184,35,186,107,188,142,44,116,103,155,21,177,157,144,78,8,];False
5160;9737;14897;[81,88,15,3,110,5,132,32,85,14,187,29,134,13,9,199,75,17,72,19,172,194,22,23,24,25,140,7,43,11,30,102,12,135,34,185,36,37,38,94,40,165,151,52,163,45,191,47,48,49,62,119,28,128,53,120,79,51,58,59,131,61,149,63,64,86,66,67,60,69,160,159,18,73,98,65,71,77,89,90,80,87,82,83,56,76,108,146,42,156,153,91,100,74,126,162,68,97,175,99,115,101,26,192,104,195,33,127,70,181,41,96,112,113,190,10,173,164,118,167,4,121,122,123,105,125,39,182,111,2,130,54,6,129,133,106,136,145,138,20,196,141,189,46,197,137,109,147,148,50,150,117,152,84,31,193,93,27,158,171,0,154,95,57,16,55,166,143,139,169,170,114,168,124,174,1,176,92,178,179,180,198,161,183,184,35,186,107,188,142,44,116,103,155,21,177,157,144,78,8,];False
5155;9742;14897;[81,88,15,3,110,5,132,32,85,14,187,29,134,13,9,199,75,17,72,19,172,194,22,23,24,25,140,7,43,11,146,102,12,135,34,185,36,37,38,94,40,165,151,52,163,45,191,47,48,49,62,119,28,128,53,120,79,51,58,59,131,61,149,63,64,86,66,67,60,69,160,159,18,73,98,65,71,77,89,90,80,87,82,83,56,76,108,30,42,156,153,91,100,74,126,162,68,97,175,99,115,101,26,192,104,195,33,127,70,181,41,96,112,113,190,10,173,164,118,167,4,121,122,123,105,125,39,182,111,2,130,54,6,129,133,106,136,137,138,20,196,141,189,46,197,145,109,147,148,50,150,117,152,84,31,193,93,27,158,171,0,154,95,57,16,55,166,143,139,169,170,114,168,124,174,1,176,92,178,179,180,198,161,183,184,35,186,107,188,142,44,116,103,155,21,177,157,144,78,8,];False
5247;9650;14897;[81,42,15,3,110,112,132,32,85,14,187,29,134,13,9,199,65,17,72,19,172,194,22,23,24,25,140,7,43,11,30,102,12,135,34,185,36,37,38,94,40,165,151,52,163,45,191,47,48,49,62,119,28,53,128,120,79,51,58,59,131,61,149,63,64,86,66,67,60,69,160,71,18,73,98,75,159,77,89,90,80,87,82,83,56,76,68,146,88,156,153,91,100,74,126,162,108,97,175,99,115,101,26,192,104,195,33,127,70,181,41,96,5,113,190,10,173,164,118,167,4,121,122,123,105,125,39,182,111,2,130,54,6,129,133,106,136,137,138,20,196,141,189,46,197,145,109,147,148,50,150,117,152,84,31,193,93,27,158,171,0,154,95,57,16,55,166,143,139,169,170,114,168,124,174,1,176,92,178,179,180,198,161,183,184,35,186,107,188,142,44,116,103,155,21,177,157,144,78,8,];False
5172;9723;14895;[81,88,15,3,110,5,132,32,85,14,187,29,134,13,9,199,75,17,72,19,172,194,22,23,24,25,140,7,43,11,30,102,12,135,34,185,36,37,38,94,40,165,54,52,163,45,191,47,48,49,62,119,28,128,53,120,79,51,58,59,131,61,149,63,64,86,66,67,60,69,160,159,18,73,98,65,71,77,89,90,80,87,82,83,56,76,108,146,42,156,153,91,100,74,126,162,68,97,175,99,115,101,26,192,104,195,33,127,70,181,41,96,112,113,190,10,173,164,118,167,4,121,122,123,105,125,39,182,111,2,130,151,6,129,133,106,136,137,138,20,196,141,189,46,197,145,109,147,148,50,150,117,152,84,31,193,93,27,158,171,0,154,95,57,16,55,166,143,139,169,170,114,168,124,174,1,176,92,178,179,180,198,161,183,184,35,186,107,188,142,44,116,103,155,21,177,157,144,78,8,];False
5269;9626;14895;[81,42,15,3,110,5,132,32,85,14,187,29,134,13,9,199,65,17,72,19,172,194,22,23,24,25,140,7,43,11,30,102,12,135,34,185,36,37,38,94,40,165,151,52,163,45,191,47,48,49,62,119,28,53,128,120,79,51,58,59,131,61,149,63,64,16,66,67,60,69,160,71,18,73,98,75,159,77,89,90,80,87,82,83,56,76,68,146,88,156,84,91,100,74,126,162,108,97,31,99,115,101,26,192,104,195,33,127,70,181,41,96,112,113,190,10,173,164,118,167,4,121,122,123,105,125,39,182,111,2,130,54,6,129,133,106,136,137,138,20,196,141,189,46,197,145,109,147,148,50,150,117,8,153,175,193,93,27,158,171,0,154,95,57,86,55,166,143,139,169,170,114,168,124,174,1,176,92,178,179,180,198,161,183,184,35,186,107,188,142,44,116,103,155,21,177,157,144,78,152,];False
5290;9603;14893;[81,52,15,3,110,5,132,32,85,14,187,29,134,13,9,199,65,17,72,19,172,194,22,23,24,25,140,7,43,11,30,102,12,135,34,185,36,37,38,94,40,165,151,42,163,45,191,47,48,49,62,119,28,53,128,120,79,51,58,59,131,61,149,63,64,16,66,67,60,69,160,71,18,73,98,75,159,77,89,90,80,87,82,83,56,76,68,146,88,156,84,91,100,74,126,162,108,97,31,99,115,101,26,192,104,195,33,127,70,181,41,96,112,113,190,10,173,164,118,167,4,121,122,123,105,125,39,182,111,2,130,54,6,129,133,106,136,137,138,20,196,141,189,46,197,145,109,147,148,50,150,117,152,153,175,193,93,27,158,171,0,154,95,57,86,55,166,143,139,169,170,114,168,124,174,1,176,92,178,179,180,198,161,183,184,35,186,107,188,142,44,116,103,155,21,177,157,144,78,8,];False
5243;9649;14892;[81,42,15,3,110,5,132,32,85,14,187,29,134,13,9,199,65,17,72,19,172,194,22,23,24,25,140,7,43,11,30,102,12,135,34,185,36,37,38,94,40,165,151,120,163,45,191,47,48,49,62,119,28,53,128,52,79,51,58,59,131,61,149,63,64,86,66,67,60,69,160,71,18,73,98,75,159,77,89,90,80,87,82,83,56,76,68,146,88,156,153,91,100,74,126,162,108,97,31,99,115,101,26,192,104,195,33,127,70,181,41,96,112,113,190,10,173,164,118,167,4,121,122,123,105,125,39,182,111,2,130,54,6,129,133,106,136,137,138,20,196,141,189,46,197,145,109,147,148,50,150,117,152,84,175,193,93,27,158,171,0,154,95,57,16,55,166,143,139,169,170,114,168,124,174,1,176,92,178,179,180,198,161,183,184,35,186,107,188,142,44,116,103,155,21,177,157,144,78,8,];False
5156;9735;14891;[81,88,15,3,110,5,132,32,85,14,187,29,134,13,9,199,75,17,72,19,172,194,22,23,24,25,140,7,43,11,30,102,12,135,34,185,36,37,38,94,40,165,151,52,163,45,191,47,48,49,62,119,28,128,53,120,79,51,58,59,131,61,149,63,64,86,66,67,60,69,160,159,18,73,98,65,71,77,89,90,80,87,82,83,56,76,108,146,42,156,153,91,100,74,126,162,68,97,175,99,115,101,26,192,104,195,33,127,70,181,41,96,112,113,190,10,173,164,118,167,4,121,122,123,105,125,39,182,111,2,130,54,6,129,133,106,136,137,138,20,196,141,189,46,197,145,109,147,148,50,150,117,152,84,31,193,93,27,158,171,0,154,95,57,16,55,166,143,139,169,170,183,168,124,174,1,176,92,178,179,180,198,161,114,184,35,186,107,188,142,44,116,103,155,21,177,157,144,78,8,];False
5151;9739;14890;[81,88,15,3,110,5,132,32,85,14,187,29,134,13,9,199,75,17,72,19,172,194,22,23,24,25,140,7,43,11,30,102,12,135,34,185,36,37,38,94,40,165,151,52,163,45,191,47,48,49,62,119,28,128,53,120,79,51,58,59,131,61,149,63,64,86,99,67,60,69,160,159,18,73,98,65,71,77,89,90,80,87,82,83,56,76,108,146,42,156,153,91,100,74,126,162,68,97,175,66,115,101,26,192,104,195,33,127,70,181,41,96,112,113,190,10,173,164,118,167,4,121,122,123,105,125,39,182,111,2,130,54,6,129,133,106,136,137,138,20,196,141,189,46,197,145,109,147,148,50,150,117,152,84,31,193,93,27,158,171,0,154,95,57,16,55,166,143,139,169,170,114,168,124,174,1,176,92,178,179,180,198,161,183,184,35,186,107,188,142,44,116,103,155,21,177,157,144,78,8,];False
5126;9760;14886;[81,88,15,3,110,5,132,32,85,14,187,29,134,13,9,199,75,17,72,19,172,194,22,23,24,25,140,7,43,11,30,102,12,135,34,185,36,37,38,108,40,165,151,52,163,45,191,47,48,49,62,119,28,128,53,120,79,51,58,59,131,61,149,63,64,86,66,67,60,69,160,159,18,73,98,65,71,77,89,90,80,87,82,83,56,76,94,146,42,156,153,91,100,74,126,162,68,97,175,99,54,101,26,192,104,195,33,127,70,181,41,96,112,113,190,10,173,164,118,167,4,121,122,123,105,125,39,182,111,2,130,115,6,129,133,106,136,137,138,20,196,141,189,46,197,145,109,147,148,50,150,117,152,84,31,193,93,27,158,171,0,154,95,57,16,55,166,143,139,169,170,114,168,124,174,1,176,92,178,179,180,198,161,183,184,35,186,107,188,142,44,116,103,155,21,177,157,144,78,8,];False
5200;9684;14884;[81,42,15,3,110,5,132,32,85,14,187,29,134,13,9,199,65,17,72,19,172,194,22,23,24,25,140,7,43,11,30,102,12,135,34,142,36,37,38,94,40,165,151,52,163,45,191,47,48,49,62,119,28,128,53,120,79,51,58,59,131,61,149,63,64,86,66,67,60,69,160,71,18,73,98,75,159,77,89,90,80,87,82,83,56,76,108,146,88,156,153,91,100,74,126,162,68,97,175,99,115,101,26,192,104,195,33,127,70,181,41,96,112,113,190,10,173,164,118,167,4,121,122,123,105,125,39,182,111,2,130,54,6,129,133,106,136,137,138,20,196,141,189,46,197,145,109,147,148,50,150,117,152,84,31,193,93,27,158,171,0,154,95,57,16,55,166,143,139,169,170,114,168,124,174,1,176,92,178,179,180,198,161,183,184,35,186,107,188,185,44,116,103,155,21,177,157,144,78,8,];False
5135;9748;14883;[81,88,15,3,110,5,132,32,85,14,187,29,134,13,9,199,75,17,72,19,172,194,22,23,24,25,140,7,43,11,30,102,12,135,34,185,36,37,38,94,40,165,151,52,163,45,191,47,48,49,62,119,28,128,53,120,79,51,58,59,131,61,149,63,64,86,66,67,60,69,160,159,18,73,98,65,71,77,89,90,80,87,82,83,56,76,108,146,42,156,153,91,100,74,126,162,68,97,175,99,115,101,26,192,104,195,33,158,70,181,41,96,112,113,190,10,173,164,118,167,4,121,122,123,105,125,39,182,111,2,130,54,6,129,133,106,136,137,138,20,196,141,189,46,197,145,109,147,148,50,150,117,152,84,31,193,93,27,127,171,0,154,95,57,16,55,166,143,139,169,170,114,168,124,174,1,176,92,178,179,180,198,161,183,184,35,186,107,188,142,44,116,103,155,21,177,157,144,78,8,];False
5269;9613;14882;[81,42,15,3,110,5,132,32,85,14,187,29,134,13,9,199,65,17,72,19,172,194,22,23,24,25,140,7,43,11,30,102,12,135,34,185,36,37,38,94,40,165,151,52,163,45,191,47,48,49,62,119,28,53,128,120,79,51,58,59,131,61,149,63,64,16,66,67,60,69,160,71,18,73,98,75,159,77,89,90,80,87,82,83,56,76,68,146,88,156,84,91,100,74,126,162,108,97,21,99,115,101,26,192,104,195,33,127,70,181,41,96,112,113,190,10,173,164,118,167,4,121,122,123,105,125,39,182,111,2,130,54,6,129,133,106,136,137,138,20,196,141,189,46,197,145,109,147,148,50,150,117,152,153,175,193,93,27,158,171,0,154,95,57,86,55,166,143,139,169,170,114,168,124,174,1,176,92,178,179,180,198,161,183,184,35,186,107,188,142,44,116,103,155,31,177,157,144,78,8,];False
5133;9748;14881;[81,88,15,3,110,5,132,32,85,14,187,29,134,13,9,199,75,17,72,19,172,194,22,23,24,25,140,7,43,11,30,102,12,135,34,185,36,37,38,94,40,165,151,52,163,45,191,47,48,49,62,119,28,128,53,120,79,51,58,59,131,61,149,63,64,86,66,67,60,69,160,159,18,73,98,65,71,77,89,90,80,87,82,83,56,76,108,146,42,156,153,91,100,74,126,162,68,97,175,99,115,101,26,192,104,195,33,127,70,181,41,96,112,113,190,10,173,164,118,167,4,121,122,123,105,125,39,182,111,2,130,54,6,129,133,106,136,137,138,20,196,141,189,46,197,145,109,147,148,50,150,117,152,84,31,193,93,27,158,171,0,154,95,57,16,55,166,143,139,169,170,114,168,124,174,1,92,176,178,179,180,198,161,183,184,35,186,107,188,142,44,116,103,155,21,177,157,144,78,8,];False
5269;9612;14881;[81,42,15,3,110,5,132,32,85,14,187,29,134,13,9,199,65,17,72,19,172,194,22,23,24,25,140,7,43,11,30,102,12,135,34,185,36,37,38,94,40,165,151,52,163,45,191,47,48,49,62,119,28,53,128,120,79,51,58,59,131,61,149,63,64,16,66,67,60,69,160,71,18,73,98,75,159,77,89,90,80,87,82,83,56,76,68,146,88,156,84,91,100,74,126,162,108,97,31,99,115,101,26,192,104,195,33,127,70,181,41,96,112,113,190,10,173,164,118,167,4,121,122,20,105,125,39,182,111,2,130,54,6,129,133,106,136,137,138,123,196,141,189,46,197,145,109,147,148,50,150,117,152,153,175,193,93,27,158,171,0,154,95,57,86,55,166,143,139,169,170,114,168,124,174,1,176,92,178,179,180,198,161,183,184,35,186,107,188,142,44,116,103,155,21,177,157,144,78,8,];True
5200;9680;14880;[81,42,15,3,110,5,132,32,85,14,187,29,134,13,9,199,65,17,72,19,172,194,22,23,24,25,140,7,43,11,30,102,12,135,34,185,36,37,38,94,40,165,151,52,163,45,191,47,48,49,62,119,28,128,186,120,79,51,58,59,131,61,149,63,64,86,66,67,60,69,160,71,18,73,98,75,159,77,89,90,80,87,82,83,56,76,108,146,88,156,153,91,100,74,126,162,68,97,175,99,115,101,26,192,104,195,33,127,70,181,41,96,112,113,190,10,173,164,118,167,4,121,122,123,105,125,39,182,111,2,130,54,6,129,133,106,136,137,138,20,196,141,189,46,197,145,109,147,148,50,150,117,152,84,31,193,93,27,158,171,0,154,95,57,16,55,166,143,139,169,170,114,168,124,174,1,176,92,178,179,180,198,161,183,184,35,53,107,188,142,44,116,103,155,21,177,157,144,78,8,];False
5252;9627;14879;[81,42,15,3,110,5,132,32,85,14,187,29,134,13,9,199,65,17,72,19,172,194,22,23,24,25,140,7,43,11,30,102,12,135,34,185,36,37,38,94,40,165,151,52,163,45,191,47,48,49,62,119,28,53,128,120,79,51,58,59,131,61,149,189,64,86,66,67,60,69,160,71,18,73,98,75,159,77,89,90,80,87,82,83,56,76,68,146,88,156,153,91,100,74,126,162,108,97,175,99,115,101,26,192,104,195,33,127,70,181,41,96,112,113,190,10,173,164,118,167,4,121,122,123,105,125,39,182,111,2,130,54,6,129,133,106,136,137,138,20,196,141,63,46,197,145,109,147,148,50,150,117,152,84,31,193,93,27,158,171,0,154,95,57,16,55,166,143,139,169,170,114,168,124,174,1,176,92,178,179,180,198,161,183,184,35,186,107,188,142,44,116,103,155,21,177,157,144,78,8,];False
5172;9707;14879;[81,88,15,3,110,5,132,32,85,14,187,29,134,13,9,199,75,17,72,19,172,194,22,23,24,25,140,7,43,11,30,102,12,135,34,185,36,37,38,108,40,188,151,52,163,45,191,47,48,49,62,119,28,128,53,120,79,51,58,59,131,61,149,63,2,86,66,67,60,69,160,159,106,73,98,65,71,77,89,198,80,87,82,83,56,76,94,146,42,156,153,91,100,74,126,162,68,97,175,99,115,101,26,192,104,195,33,127,70,181,41,96,112,113,190,10,173,164,118,167,4,121,122,123,105,125,39,182,111,64,130,54,6,129,133,18,136,137,138,20,196,141,189,46,197,145,109,147,148,50,150,117,152,84,31,193,93,27,158,171,0,154,95,57,16,55,166,143,139,169,170,114,168,124,174,1,176,92,178,179,180,90,161,183,184,35,186,107,165,142,44,116,103,155,21,177,157,144,78,8,];False
5218;9661;14879;[81,42,15,3,110,5,132,32,85,14,187,29,134,13,9,199,65,17,72,19,172,194,22,23,129,25,140,7,43,11,30,102,12,135,34,185,36,37,38,94,40,165,151,52,163,45,191,47,48,49,62,119,28,128,53,120,79,51,58,59,131,61,149,63,64,86,66,67,60,69,160,71,18,73,98,75,159,77,89,90,80,87,82,83,56,76,68,146,88,156,153,91,100,74,126,162,108,97,175,99,115,101,26,192,104,195,33,127,70,181,41,96,112,113,190,10,173,164,118,167,4,121,122,123,105,125,39,182,111,2,130,54,6,24,133,106,136,137,138,20,196,141,189,46,197,145,109,147,148,50,150,117,152,84,31,193,93,27,158,171,0,154,95,57,16,55,166,143,139,169,170,114,168,124,174,1,176,92,178,179,180,198,161,183,184,35,186,107,188,142,44,116,103,155,21,177,157,144,78,8,];False
5143;9735;14878;[81,88,15,3,110,5,132,32,85,14,187,29,134,13,9,199,75,17,72,19,171,194,22,23,24,25,140,7,43,11,30,102,12,135,34,185,36,37,38,94,40,165,151,52,163,45,191,47,48,49,62,119,28,128,53,120,79,51,58,59,131,61,149,63,64,86,66,67,60,69,160,159,18,73,98,65,71,77,89,90,80,87,82,83,56,76,108,146,42,156,153,91,100,74,126,162,68,97,175,99,115,101,26,192,104,195,33,127,70,181,41,96,112,113,190,10,173,164,118,167,4,121,122,123,105,125,39,182,111,2,130,54,6,129,133,106,136,137,138,20,196,141,189,46,197,145,109,147,148,50,150,117,152,84,31,193,93,27,158,172,0,154,95,57,16,55,166,143,139,169,170,114,168,124,174,1,176,92,178,179,180,198,161,183,184,35,186,107,188,142,44,116,103,155,21,177,157,144,78,8,];False
5238;9639;14877;[81,42,15,3,110,5,132,32,85,14,187,29,100,13,9,199,65,17,72,19,172,194,22,23,24,25,140,7,43,11,30,102,12,135,34,185,36,37,38,94,40,165,151,52,163,45,191,47,48,49,62,119,28,53,128,120,79,51,58,59,131,61,149,63,64,86,66,67,60,69,160,71,18,73,98,75,159,77,89,90,80,87,82,83,56,76,68,146,88,156,153,91,134,74,126,162,108,97,175,99,115,101,26,192,104,195,33,127,70,181,41,96,112,113,190,10,173,164,118,167,4,121,122,123,105,125,39,182,111,2,130,54,6,129,133,106,136,137,138,20,196,141,189,46,197,145,109,147,148,50,150,117,152,84,31,193,93,27,158,171,0,154,95,57,16,55,166,143,139,169,170,114,168,124,174,1,176,92,178,179,180,198,161,183,184,35,186,107,188,142,44,116,103,155,21,177,157,144,78,8,];False
5113;9761;14874;[81,88,15,3,110,5,132,32,85,14,187,29,134,13,9,199,75,17,72,19,172,194,22,23,24,25,140,7,43,11,30,102,12,135,34,185,36,37,38,108,40,165,151,52,163,45,191,47,48,49,62,119,28,128,53,120,79,51,58,59,131,61,149,63,64,86,66,67,60,69,160,159,18,73,195,65,71,77,89,90,80,87,82,83,56,76,94,146,42,156,153,91,100,74,126,162,68,97,175,99,115,101,26,192,104,98,33,127,70,181,41,96,112,113,190,10,173,164,118,167,4,121,122,123,105,125,39,182,111,2,130,54,6,129,133,106,136,137,138,20,196,141,189,46,197,145,109,147,148,50,150,117,152,84,31,193,93,27,158,171,0,154,95,57,16,55,166,143,139,169,170,114,168,124,174,1,176,92,178,179,180,198,161,183,184,35,186,107,188,142,44,116,103,155,21,177,157,144,78,8,];False
5138;9735;14873;[81,88,15,3,110,5,132,32,85,14,187,29,134,13,9,199,75,17,72,19,172,194,22,23,24,25,140,7,43,11,30,102,12,135,34,185,36,37,38,94,40,165,151,52,163,45,191,47,48,49,62,119,28,128,53,120,79,51,58,59,131,61,149,63,64,86,66,67,60,69,160,159,18,73,98,65,71,77,89,90,80,87,82,83,56,76,108,146,42,156,153,91,100,74,126,162,68,97,175,99,115,101,26,192,104,195,33,127,70,181,41,96,112,113,190,10,173,164,118,167,4,121,122,123,105,125,39,182,111,2,130,54,6,129,133,106,136,137,138,20,92,141,189,46,197,145,109,147,148,50,150,117,152,84,31,193,93,27,158,171,0,154,95,57,16,55,166,143,139,169,170,114,168,124,174,1,176,196,178,179,180,198,161,183,184,35,186,107,188,142,44,116,103,155,21,177,157,144,78,8,];False
5204;9669;14873;[81,42,15,3,110,5,132,32,85,14,187,29,134,13,9,199,65,17,72,19,172,194,22,23,24,25,140,7,43,11,30,102,12,135,34,185,36,37,38,94,40,165,151,52,163,45,191,47,48,49,62,119,28,128,53,120,79,51,58,59,131,61,149,63,64,86,66,67,60,69,160,71,18,73,92,75,159,77,89,90,80,87,82,83,56,76,108,146,88,156,153,91,100,74,126,162,68,97,175,99,115,101,26,192,104,195,33,127,70,181,41,96,112,113,190,10,173,164,118,167,4,121,122,123,105,125,39,182,111,2,130,54,6,129,133,106,136,137,138,20,196,141,189,46,197,145,109,147,148,50,150,117,152,84,31,193,93,27,158,171,0,154,95,57,16,55,166,143,139,169,170,114,168,124,174,1,176,98,178,179,180,198,161,183,184,35,186,107,188,142,44,116,103,155,21,177,157,144,78,8,];False
5157;9714;14871;[81,88,15,3,110,5,132,32,85,14,187,29,134,13,9,199,75,17,72,19,172,194,22,23,24,25,140,7,43,11,30,102,12,135,34,185,36,37,38,108,40,165,151,52,163,45,191,47,48,49,62,119,28,106,53,120,79,51,58,59,131,61,149,63,64,86,66,67,60,69,160,159,18,73,98,65,71,77,89,90,80,87,82,83,56,76,94,146,42,156,153,91,100,74,126,162,68,97,175,99,115,101,26,192,104,195,33,127,70,181,41,96,112,113,190,10,173,164,118,167,4,121,122,123,105,125,39,182,111,2,130,54,6,129,133,128,136,137,138,20,196,141,189,46,197,145,109,147,148,50,150,117,152,84,31,193,93,27,158,171,0,154,95,57,16,55,166,143,139,169,170,114,168,124,174,1,176,92,178,179,180,198,161,183,184,35,186,107,188,142,44,116,103,155,21,177,157,144,78,8,];False
5275;9596;14871;[81,42,15,3,110,5,132,32,85,14,187,29,134,13,9,199,65,17,72,19,172,194,22,23,24,25,140,7,43,11,30,102,12,135,34,185,36,37,38,94,40,165,151,52,163,45,191,59,48,49,62,119,28,53,128,120,79,51,58,47,131,61,149,63,64,16,66,67,60,69,160,71,18,73,98,75,159,77,89,90,80,87,82,83,56,76,68,146,88,156,84,91,100,74,126,162,108,97,31,99,115,101,26,192,104,195,33,127,70,181,41,96,112,113,190,10,173,164,118,167,4,121,122,123,105,125,39,182,111,2,130,54,6,129,133,106,136,137,138,20,196,141,189,46,197,145,109,147,148,50,150,117,152,153,175,193,93,27,158,171,0,154,95,57,86,55,166,143,139,169,170,114,168,124,174,1,176,92,178,179,180,198,161,183,184,35,186,107,188,142,44,116,103,155,21,177,157,144,78,8,];True
5111;9760;14871;[81,88,15,3,110,5,132,32,85,14,187,29,134,13,9,199,75,17,72,19,172,194,103,23,24,25,140,7,43,11,30,102,12,135,34,185,36,37,38,94,40,165,151,52,163,45,191,47,48,49,62,119,28,128,53,120,79,51,58,59,131,61,149,63,64,86,66,67,60,69,160,159,18,73,98,65,71,77,89,90,80,87,82,83,56,76,108,146,42,156,153,91,100,74,126,162,68,97,175,99,115,101,26,192,104,195,33,127,70,181,41,96,112,113,190,10,173,164,118,167,4,121,122,123,105,125,39,182,111,2,130,54,6,129,133,106,136,137,138,20,196,141,189,46,197,145,109,147,148,50,150,117,152,84,31,193,93,27,158,171,0,154,95,57,16,55,166,143,139,169,170,114,168,124,174,1,176,92,178,179,180,198,161,183,184,35,186,107,188,142,44,116,22,155,21,177,157,144,78,8,];False
5220;9648;14868;[81,42,15,3,110,5,132,32,85,14,187,29,134,13,9,199,65,17,72,19,172,194,22,23,24,25,140,7,43,11,30,102,12,135,34,185,36,37,38,94,40,165,151,52,163,45,191,47,48,49,62,119,28,53,128,120,79,51,58,59,131,61,149,146,64,86,66,67,60,69,160,71,18,73,98,75,159,77,89,90,80,87,82,83,56,76,68,63,88,156,153,91,100,74,126,162,108,97,175,99,115,101,26,192,104,195,33,127,70,181,41,96,112,113,190,10,173,164,118,167,4,121,122,123,105,125,39,182,111,2,130,54,6,129,133,106,136,137,138,20,196,141,189,46,197,145,109,147,148,50,150,117,152,84,31,193,93,27,158,171,0,154,95,57,16,55,166,143,139,169,170,114,168,124,174,1,176,92,178,179,180,198,161,183,184,35,186,107,188,142,44,116,103,155,21,177,157,144,78,8,];False
5150;9717;14867;[81,42,15,3,110,5,132,32,85,14,187,29,134,13,9,199,75,17,72,19,172,194,22,23,24,25,140,7,43,11,30,102,12,135,34,185,36,37,38,94,40,165,151,52,163,45,191,47,48,49,62,119,28,128,53,120,79,51,58,59,131,61,149,63,64,86,66,67,60,69,160,159,18,73,98,65,71,77,89,90,80,87,82,83,56,76,108,146,88,156,153,91,100,74,126,162,68,97,175,99,115,101,26,192,104,195,33,127,70,181,41,96,112,113,190,10,173,164,118,167,4,121,122,123,166,125,39,182,111,2,130,54,6,129,133,106,136,137,138,20,196,141,189,46,197,145,109,147,148,50,150,117,152,84,31,193,93,27,158,171,0,154,95,57,16,55,105,143,139,169,170,114,168,124,174,1,176,92,178,179,180,198,161,183,184,35,186,107,188,142,44,116,103,155,21,177,157,144,78,8,];False
5170;9696;14866;[81,42,15,3,110,5,132,32,85,14,187,29,134,13,9,199,65,17,72,19,172,194,22,23,24,25,140,7,43,11,30,102,12,135,34,185,36,37,38,94,40,165,151,52,163,45,148,47,48,49,62,119,28,128,53,120,79,51,58,59,131,61,149,63,64,86,66,67,60,69,160,71,18,73,98,75,159,77,89,90,80,87,82,83,56,76,108,146,88,156,153,91,100,74,126,162,68,97,175,99,115,101,26,192,104,195,33,127,70,181,41,96,112,113,190,10,173,164,118,167,4,121,122,123,105,125,39,182,111,2,130,54,6,129,133,106,136,137,138,20,196,141,189,46,197,145,109,147,191,50,150,117,152,84,31,193,93,27,158,171,0,154,95,57,16,55,166,143,139,169,170,114,168,124,174,1,176,92,178,179,180,198,161,183,184,35,186,107,188,142,44,116,103,155,21,177,157,144,78,8,];False
5146;9720;14866;[81,88,15,3,110,5,132,32,85,14,187,29,134,13,9,199,75,17,72,19,172,194,22,23,24,25,140,7,43,11,30,102,12,135,34,185,36,37,38,94,40,165,151,52,163,45,191,47,48,49,62,119,28,128,53,120,79,51,58,59,131,61,149,63,64,86,66,67,60,69,160,159,18,73,98,65,71,77,89,90,80,87,82,83,56,76,108,146,42,156,153,91,100,74,126,162,68,97,175,99,115,101,26,192,104,195,33,127,70,181,41,96,112,113,190,10,173,164,118,167,4,121,122,123,105,125,39,182,111,2,130,54,6,129,133,106,136,137,138,20,196,141,189,46,197,145,109,147,148,50,150,116,152,84,31,193,93,27,158,171,0,154,95,57,16,55,166,143,139,169,170,114,168,124,174,1,176,92,178,179,180,198,161,183,184,35,186,107,188,142,44,117,103,155,21,177,157,144,78,8,];False
5167;9697;14864;[81,42,15,3,110,5,132,32,85,14,187,29,134,13,9,199,65,17,72,19,172,194,22,23,24,25,140,7,43,11,30,102,12,135,34,185,36,47,38,94,40,165,151,52,163,45,191,37,48,49,62,119,28,128,53,120,79,51,58,59,131,61,149,63,64,86,66,67,60,69,160,71,18,73,98,75,159,77,89,90,80,87,82,83,56,76,108,146,88,156,153,91,100,74,126,162,68,97,175,99,115,101,26,192,104,195,33,127,70,181,41,96,112,113,190,10,173,164,118,167,4,121,122,123,105,125,39,182,111,2,130,54,6,129,133,106,136,137,138,20,196,141,189,46,197,145,109,147,148,50,150,117,152,84,31,193,93,27,158,171,0,154,95,57,16,55,166,143,139,169,170,114,168,124,174,1,176,92,178,179,180,198,161,183,184,35,186,107,188,142,44,116,103,155,21,177,157,144,78,8,];False
5164;9700;14864;[81,88,15,3,110,5,132,32,85,14,48,29,134,13,9,199,75,17,72,19,172,194,22,23,24,25,140,7,43,11,30,102,12,135,34,185,36,37,38,94,40,165,151,52,163,45,191,47,187,49,62,119,28,128,53,120,79,51,58,59,131,61,149,63,64,86,66,67,60,69,160,159,18,73,98,65,71,77,89,90,80,87,82,83,56,76,108,146,42,156,153,91,100,74,126,162,68,97,175,99,115,101,26,192,104,195,33,127,70,181,41,96,112,113,190,10,173,164,118,167,4,121,122,123,105,125,39,182,111,2,130,54,6,129,133,106,136,137,138,20,196,141,189,46,197,145,109,147,148,50,150,117,152,84,31,193,93,27,158,171,0,154,95,57,16,55,166,143,139,169,170,114,168,124,174,1,176,92,178,179,180,198,161,183,184,35,186,107,188,142,44,116,103,155,21,177,157,144,78,8,];False
5150;9713;14863;[81,88,15,3,110,5,132,32,85,14,187,29,134,13,9,199,75,17,72,19,172,194,22,23,24,183,140,7,43,11,30,102,12,135,34,185,36,37,38,108,40,165,151,52,163,45,191,47,48,49,62,119,28,128,53,120,79,51,58,59,131,61,149,63,64,86,66,67,60,69,160,159,106,73,98,65,71,77,89,90,80,87,82,83,56,76,94,146,42,156,153,91,100,74,126,162,68,97,175,99,115,101,26,192,104,195,33,127,70,181,41,96,112,113,190,10,173,164,118,167,4,121,122,123,105,125,39,182,111,2,130,54,6,129,133,18,136,137,138,20,196,141,189,46,197,145,109,147,148,50,150,117,152,84,31,193,93,27,158,171,0,154,95,57,16,55,166,143,139,169,170,114,168,124,174,1,176,92,178,179,180,198,161,25,184,35,186,107,188,142,44,116,103,155,21,177,157,144,78,8,];False
5089;9773;14862;[81,88,15,3,110,5,132,32,85,14,187,29,134,13,9,199,75,17,72,19,172,194,22,23,24,25,140,7,43,11,30,102,12,135,34,185,36,37,38,108,40,165,151,52,163,45,191,47,48,49,62,57,28,128,53,120,79,51,58,59,131,61,149,63,64,86,66,67,60,69,160,159,18,73,98,65,71,77,89,90,80,87,82,83,56,76,94,146,42,156,153,91,100,74,126,162,68,97,175,99,115,101,26,192,104,195,33,127,70,181,41,96,112,113,190,10,173,164,118,167,4,121,122,123,105,125,39,182,111,2,130,54,6,129,133,106,136,137,138,20,196,141,189,46,197,145,109,147,148,50,150,117,152,84,31,193,93,27,158,171,0,154,95,119,16,55,166,143,139,169,170,114,168,124,174,1,176,92,178,179,180,198,161,183,184,35,186,107,188,142,44,116,103,155,21,177,157,144,78,8,];False
5164;9698;14862;[81,88,15,3,110,5,132,32,85,14,187,29,134,13,9,199,75,17,72,19,172,194,22,23,24,25,140,7,43,11,30,102,12,135,34,185,36,37,38,94,40,165,151,52,163,45,191,182,48,49,62,119,28,128,53,120,79,51,58,59,131,61,149,63,64,86,66,67,60,69,160,159,18,73,98,65,71,77,89,90,80,87,82,83,56,76,108,146,42,156,153,91,100,74,126,162,68,97,175,99,115,101,26,192,104,195,33,127,70,181,41,96,112,113,190,10,173,164,118,167,4,121,122,123,105,125,39,47,111,2,130,54,6,129,133,106,136,137,138,20,196,141,189,46,197,145,109,147,148,50,150,117,152,84,31,193,93,27,158,171,0,154,95,57,16,55,166,143,139,169,170,114,168,124,174,1,176,92,178,179,180,198,161,183,184,35,186,107,188,142,44,116,103,155,21,177,157,144,78,8,];False
5219;9641;14860;[81,42,15,3,110,5,132,32,85,14,187,29,134,13,9,199,65,17,72,19,172,194,22,23,24,25,140,7,43,11,30,102,12,135,34,185,36,37,38,94,40,165,151,52,163,45,191,47,48,49,62,119,28,53,128,120,79,51,58,59,131,61,149,63,64,86,66,67,60,69,160,71,18,73,98,75,159,77,89,90,80,87,82,83,56,76,68,146,88,156,153,91,100,74,126,162,108,97,31,99,115,101,26,192,104,195,33,127,70,181,41,96,112,113,190,10,173,164,118,167,4,121,122,123,105,125,39,182,111,2,130,54,6,129,133,106,136,137,138,20,196,141,189,46,197,145,109,147,148,50,150,117,152,84,175,193,93,27,158,171,0,154,95,57,16,55,166,143,139,169,170,114,168,124,174,1,176,92,178,179,180,198,161,183,184,35,186,107,188,142,44,116,103,155,21,177,157,144,78,8,];False
5124;9735;14859;[81,88,15,3,110,5,132,32,85,14,187,29,134,13,9,199,75,17,72,19,172,194,22,23,24,25,140,7,43,11,30,102,12,135,34,185,36,37,38,94,40,165,151,52,163,45,191,47,48,49,62,119,28,128,53,120,79,51,58,59,131,61,149,63,64,86,66,67,60,69,160,159,18,73,98,65,71,77,89,90,80,87,82,83,56,0,108,146,42,156,153,91,100,74,126,162,68,97,175,99,115,101,26,192,104,195,33,127,70,181,41,96,112,113,190,10,173,164,118,167,4,121,122,123,105,125,39,182,111,2,130,54,6,129,133,106,136,137,138,20,196,141,189,46,197,145,109,147,148,50,150,117,152,84,31,193,93,27,158,171,76,154,95,57,16,55,166,143,139,169,170,114,168,124,174,1,176,92,178,179,180,198,161,183,184,35,186,107,188,142,44,116,103,155,21,177,157,144,78,8,];False
5048;9809;14857;[81,88,15,3,110,5,132,32,85,14,187,29,134,13,9,199,75,17,72,19,172,194,22,23,24,25,140,7,43,11,30,102,12,135,34,185,36,37,38,108,40,165,151,52,163,45,191,47,48,49,20,119,28,128,53,120,79,51,58,59,131,61,149,63,64,86,66,67,60,69,160,159,106,73,98,65,71,77,89,90,80,87,82,83,56,76,94,146,42,156,153,91,100,74,126,162,68,97,175,99,115,101,26,192,104,195,33,127,70,181,41,96,112,113,190,10,173,164,118,167,4,121,122,123,105,125,39,182,111,2,130,54,6,129,133,18,136,137,138,62,196,141,189,46,197,145,109,147,148,50,150,117,152,84,31,193,93,27,158,171,0,154,95,57,16,55,166,143,139,169,170,114,168,124,174,1,176,92,178,179,180,198,161,183,184,35,186,107,188,142,44,116,103,155,21,177,157,144,78,8,];False
5241;9616;14857;[67,42,15,3,110,5,132,32,85,14,187,29,134,13,9,199,65,17,72,19,172,194,22,23,24,25,140,7,43,11,30,102,12,135,34,185,36,37,38,94,40,165,151,52,163,45,191,47,48,49,62,119,28,53,128,120,79,51,58,59,131,61,149,63,64,86,66,81,60,69,160,71,18,73,98,75,159,77,89,90,80,87,82,83,56,76,68,146,88,156,153,91,100,74,126,162,108,97,175,99,115,101,26,192,104,195,33,127,70,181,41,96,112,113,190,10,173,164,118,167,4,121,122,123,105,125,39,182,111,2,130,54,6,129,133,106,136,137,138,20,196,141,189,46,197,145,109,147,148,50,150,117,152,84,31,193,93,27,158,171,0,154,95,57,16,55,166,143,139,169,170,114,168,124,174,1,176,92,178,179,180,198,161,183,184,35,186,107,188,142,44,116,103,155,21,177,157,144,78,8,];False
5231;9625;14856;[81,42,15,3,110,5,132,32,85,14,187,29,134,13,9,199,65,17,72,19,172,194,22,23,24,25,140,7,43,11,30,102,12,135,34,185,36,37,38,94,40,165,151,52,163,45,191,47,48,49,62,119,28,53,128,120,79,51,58,59,131,61,149,63,64,16,66,67,60,69,160,71,18,73,98,75,159,77,89,90,80,87,82,83,56,76,68,146,88,156,84,91,100,74,126,162,108,97,31,99,115,101,26,192,104,195,33,127,70,181,41,96,112,113,190,10,173,164,118,167,4,121,122,123,105,125,39,182,111,2,130,54,6,129,133,106,136,137,138,20,196,141,189,46,197,145,109,147,148,50,150,117,152,153,175,193,93,27,158,171,0,154,95,57,86,55,166,143,139,169,170,114,168,124,174,1,176,92,178,179,180,198,161,183,184,35,186,107,188,142,44,116,103,155,21,177,157,144,78,8,];False
5290;9566;14856;[81,42,15,3,110,5,132,32,85,14,187,29,134,13,9,199,65,17,72,19,172,194,22,23,24,25,140,7,43,11,30,102,12,135,34,185,36,37,38,94,40,165,151,52,163,45,191,47,48,49,62,119,28,128,53,120,79,51,58,59,131,61,149,63,64,86,66,67,60,69,160,71,18,73,98,75,159,77,89,90,80,87,82,83,56,76,68,146,88,156,153,91,100,74,126,162,108,97,175,99,115,101,26,192,104,195,33,127,179,181,41,96,112,113,190,10,173,164,118,167,4,121,122,123,105,125,39,182,111,2,130,54,6,129,133,106,136,137,138,20,196,141,189,46,197,145,109,147,148,50,150,117,152,84,31,193,93,27,158,171,0,154,95,57,16,55,166,143,139,169,170,114,168,124,174,1,176,92,178,70,180,198,161,183,184,35,186,107,188,142,44,116,103,155,21,177,157,144,78,8,];True
5206;9649;14855;[81,42,15,3,110,5,132,32,85,14,187,29,134,13,9,199,65,17,72,19,172,194,22,23,24,25,140,7,43,11,30,102,12,135,34,185,36,37,38,94,40,165,151,52,163,45,191,47,48,49,62,119,28,53,128,120,79,51,58,59,131,61,149,63,64,86,66,67,60,69,160,71,18,73,98,75,159,77,89,90,80,87,82,83,56,76,68,146,88,156,153,91,100,74,126,162,108,97,175,99,115,101,26,192,104,195,33,127,70,181,41,96,112,113,190,10,173,164,118,167,4,121,122,123,105,125,39,182,111,2,130,54,6,129,133,106,136,137,138,20,196,141,189,46,197,145,109,147,148,50,150,117,152,84,31,193,93,27,158,171,0,154,95,57,16,55,166,143,139,169,170,114,168,124,174,1,176,92,178,179,180,198,161,183,184,35,186,107,188,142,44,116,103,155,21,177,157,144,78,8,];False
5152;9700;14852;[81,42,15,3,138,5,132,32,85,14,187,29,134,13,9,199,65,17,72,19,172,194,22,23,24,25,140,7,43,11,30,102,12,135,34,185,36,37,38,94,40,165,151,52,163,45,191,47,48,49,62,119,28,128,53,120,79,51,58,59,131,61,149,63,64,86,66,67,60,69,160,159,18,73,98,75,71,77,89,90,80,87,82,83,56,76,108,146,88,156,153,91,100,74,126,162,68,97,175,99,115,101,26,192,104,195,33,127,70,181,41,96,112,113,190,10,173,164,118,167,4,121,122,123,105,125,39,182,111,2,130,54,6,129,133,106,136,137,110,20,196,141,189,46,197,145,109,147,148,50,150,117,152,84,31,193,93,27,158,171,0,154,95,57,16,55,166,143,139,169,170,114,168,124,174,1,176,92,178,179,180,198,161,183,184,35,186,107,188,142,44,116,103,155,21,177,157,144,78,8,];False
5147;9703;14850;[81,88,15,3,110,5,132,32,85,14,187,29,134,13,9,199,75,17,72,19,172,194,22,23,24,25,140,7,43,11,30,102,12,135,34,185,36,37,38,108,40,165,151,52,163,45,191,47,48,49,62,119,28,128,53,120,79,51,58,59,131,61,149,63,64,86,66,67,60,69,160,159,18,73,98,65,71,77,89,90,80,87,82,83,56,182,94,146,42,156,153,91,100,74,126,162,68,97,175,99,115,101,26,192,104,195,33,127,70,181,41,96,112,113,190,10,173,164,118,167,4,121,122,123,105,125,39,76,111,2,130,54,6,129,133,106,136,137,138,20,196,141,189,46,197,145,109,147,148,50,150,117,152,84,31,193,93,27,158,171,0,154,95,57,16,55,166,143,139,169,170,114,168,124,174,1,176,92,178,179,180,198,161,183,184,35,186,107,188,142,44,116,103,155,21,177,157,144,78,8,];False
5127;9721;14848;[81,88,15,3,110,5,132,32,85,14,187,29,134,13,9,199,75,17,72,19,172,194,22,23,24,25,140,7,43,11,30,102,12,135,34,185,36,37,38,94,40,165,151,52,163,45,191,47,48,49,62,119,28,128,53,120,79,51,58,59,131,61,149,63,64,86,66,67,60,69,160,159,18,73,98,65,71,77,89,90,80,87,82,83,56,76,108,146,42,156,153,91,100,74,126,162,68,97,175,99,115,101,26,192,104,195,33,127,70,181,41,96,112,113,190,10,173,164,118,167,4,121,122,123,105,125,39,182,111,2,130,54,6,129,133,106,136,137,138,20,196,141,189,46,197,145,109,147,148,50,150,117,152,84,31,193,93,27,158,171,0,154,95,57,161,55,166,143,139,169,170,114,168,124,174,1,176,92,178,179,180,198,16,183,184,35,186,107,188,142,44,116,103,155,21,177,157,144,78,8,];False
5116;9732;14848;[81,88,15,3,110,5,132,32,85,14,187,29,134,13,9,199,75,17,72,19,172,194,22,23,24,25,140,7,43,11,30,102,12,135,34,65,36,37,38,94,40,165,151,52,163,45,191,47,48,49,62,119,28,128,53,120,79,51,58,59,131,61,149,63,64,86,66,67,60,69,160,159,18,73,98,185,71,77,89,90,80,87,82,83,56,76,108,146,42,156,153,91,100,74,126,162,68,97,175,99,115,101,26,192,104,195,33,127,70,181,41,96,112,113,190,10,173,164,118,167,4,121,122,123,105,125,39,182,111,2,130,54,6,129,133,106,136,137,138,20,196,141,189,46,197,145,109,147,148,50,150,117,152,84,31,193,93,27,158,171,0,154,95,57,16,55,166,143,139,169,170,114,168,124,174,1,176,92,178,179,180,198,161,183,184,35,186,107,188,142,44,116,103,155,21,177,157,144,78,8,];False
5116;9731;14847;[81,88,15,3,110,5,132,32,85,14,187,29,134,13,9,199,75,17,72,19,172,194,22,23,24,25,140,7,43,11,30,102,12,135,34,185,36,37,39,108,40,165,151,52,163,45,191,47,48,49,62,119,28,128,53,120,79,51,58,59,131,61,149,63,2,86,66,67,60,69,160,159,106,73,98,65,71,77,89,198,80,87,82,83,56,76,94,146,42,156,153,91,100,74,126,162,68,97,175,99,115,101,26,192,104,195,33,127,70,181,41,96,112,113,190,10,173,164,118,167,4,121,122,123,105,125,38,182,111,64,130,54,6,129,133,18,136,137,138,20,196,141,189,46,197,145,109,147,148,50,150,117,152,84,31,193,93,27,158,171,0,154,95,57,16,55,166,143,139,169,170,114,168,124,174,1,176,92,178,179,180,90,161,183,184,35,186,107,188,142,44,116,103,155,21,177,157,144,78,8,];False
5101;9742;14843;[81,88,15,3,110,5,132,32,85,14,187,29,134,13,9,199,75,17,72,19,172,194,22,23,24,25,140,7,43,11,30,102,12,135,34,185,36,37,38,94,40,165,151,52,163,45,191,47,48,49,62,119,28,128,53,120,79,51,58,59,131,61,149,63,64,44,66,67,60,69,160,159,18,73,98,65,71,77,89,90,80,87,82,83,56,76,108,146,42,156,153,91,100,74,126,162,68,97,175,99,115,101,26,192,104,195,33,127,70,181,41,96,112,113,190,10,173,164,118,167,4,121,122,123,105,125,39,182,111,2,130,54,6,129,133,106,136,137,138,20,196,141,189,46,197,145,109,147,148,50,150,117,152,84,31,193,93,27,158,171,0,154,95,57,16,55,166,143,139,169,170,114,168,124,174,1,176,92,178,179,180,198,161,183,184,35,186,107,188,142,86,116,103,155,21,177,157,144,78,8,];False
5111;9729;14840;[81,88,15,3,110,5,132,32,85,14,187,29,134,13,9,199,75,17,72,19,172,194,22,23,24,25,140,7,43,11,30,102,12,135,34,185,36,37,38,94,40,165,151,52,163,45,191,47,48,49,62,119,28,128,53,120,79,51,58,59,131,61,149,63,64,86,66,67,60,69,160,159,18,73,98,65,71,77,89,90,80,87,82,83,56,76,108,146,42,156,153,91,100,74,126,162,68,97,175,99,115,101,26,192,104,195,33,127,70,181,41,96,112,113,190,10,173,164,118,167,4,121,122,123,105,179,39,182,111,2,130,54,6,129,133,106,136,137,138,20,196,141,189,46,197,145,109,147,148,50,150,117,152,84,31,193,93,27,158,171,0,154,95,57,16,55,166,143,139,169,170,114,168,124,174,1,176,92,178,125,180,198,161,183,184,35,186,107,188,142,44,116,103,155,21,177,157,144,78,8,];False
5186;9648;14834;[81,42,15,3,110,5,132,32,85,14,187,29,134,13,9,199,75,17,72,19,172,194,22,23,24,25,140,7,43,11,30,102,12,135,34,185,36,37,38,94,40,165,151,52,163,45,191,47,48,49,62,119,28,128,18,120,79,51,58,59,131,61,149,63,64,86,66,67,60,69,160,159,53,73,98,65,71,77,89,90,80,87,82,83,56,76,108,146,88,156,153,91,100,74,126,162,68,97,175,99,115,101,26,192,104,195,33,127,70,181,41,96,112,113,190,10,173,164,118,167,4,121,122,123,105,125,39,182,111,2,130,54,6,129,133,106,136,137,138,20,196,141,189,46,197,145,109,147,148,50,150,117,152,84,31,193,93,27,158,171,0,154,95,57,16,55,166,143,139,169,170,114,168,124,174,1,176,92,178,179,180,198,161,183,184,35,186,107,188,142,44,116,103,155,21,177,157,144,78,8,];False
5035;9798;14833;[81,88,15,3,110,5,132,32,85,14,187,29,134,13,9,199,75,17,72,19,172,194,22,23,24,25,140,7,43,11,30,102,12,135,34,185,36,37,38,108,40,165,151,52,163,45,191,47,48,105,62,119,28,128,53,120,79,51,58,59,131,61,149,63,64,86,66,67,60,69,160,159,18,73,98,65,71,77,89,90,80,87,82,83,56,76,94,146,42,156,153,91,100,74,126,162,68,97,175,99,115,101,26,192,104,195,33,127,70,181,41,96,112,113,190,10,173,164,118,167,4,121,122,123,49,125,39,182,111,2,130,54,6,129,133,106,136,137,138,20,196,141,189,46,197,145,109,147,148,50,150,117,152,84,31,193,93,27,158,171,0,154,95,57,16,55,166,143,139,169,170,114,168,124,174,1,176,92,178,179,180,198,161,183,184,35,186,107,188,142,44,116,103,155,21,177,157,144,78,8,];False
5093;9740;14833;[81,88,15,3,110,5,132,32,85,14,187,29,134,13,9,199,75,17,72,19,172,194,22,23,24,25,140,7,43,11,30,102,12,135,34,185,36,37,38,108,40,165,151,52,163,45,191,47,48,49,62,119,28,128,53,120,79,51,58,59,131,61,149,63,64,86,66,67,60,69,160,159,18,73,98,65,71,77,89,90,80,87,82,83,56,76,94,146,42,156,153,91,100,74,126,162,68,97,175,99,115,101,26,192,104,195,33,127,70,181,41,96,112,113,190,10,35,164,118,167,4,121,122,123,105,125,39,182,111,2,130,54,6,129,133,106,136,137,138,20,196,141,189,46,197,145,109,147,148,50,150,117,152,84,31,193,93,27,158,171,0,154,95,57,16,55,166,143,139,169,170,114,168,124,174,1,176,92,178,179,180,198,161,183,184,173,186,107,188,142,44,116,103,155,21,177,157,144,78,8,];False
5159;9673;14832;[81,42,15,3,110,5,132,32,85,14,187,29,134,13,9,199,65,17,72,19,172,194,22,23,24,25,140,7,43,11,30,102,12,135,34,185,36,37,38,94,40,165,151,52,163,45,191,47,48,49,62,119,28,128,53,120,79,51,58,59,131,61,149,63,64,86,66,67,60,69,160,71,18,73,98,75,159,77,89,90,80,87,82,83,56,76,68,146,88,156,153,91,100,74,126,162,108,97,175,99,115,101,26,192,104,195,33,127,70,181,41,96,112,113,190,10,173,164,118,167,4,121,122,123,105,125,39,182,111,2,130,54,6,129,133,106,136,137,138,20,196,141,189,46,197,145,109,147,148,50,150,117,152,84,31,193,93,27,158,171,0,154,95,57,16,55,166,143,139,169,170,114,168,124,174,1,176,92,178,179,180,198,161,183,184,35,186,107,188,142,44,116,103,155,21,177,157,144,78,8,];False
5092;9738;14830;[81,88,15,3,110,5,132,32,85,14,187,29,134,13,9,199,75,17,72,19,172,194,22,23,24,170,140,7,43,11,30,102,12,135,34,185,36,37,38,108,40,165,151,52,163,45,191,47,48,49,62,119,28,128,53,120,79,51,58,59,131,61,149,63,2,86,66,67,60,69,160,159,106,73,98,65,71,77,89,198,80,87,82,83,56,76,94,146,42,156,153,91,100,74,126,162,68,97,175,99,115,101,26,192,104,195,33,127,70,181,41,96,112,113,190,10,173,164,118,167,4,121,122,123,105,125,39,182,111,64,130,54,6,129,133,18,136,137,138,20,196,141,189,46,197,145,109,147,148,50,150,117,152,84,31,193,93,27,158,171,0,154,95,57,16,55,166,143,139,169,25,114,168,124,174,1,176,92,178,179,180,90,161,183,184,35,186,107,188,142,44,116,103,155,21,177,157,144,78,8,];False
5125;9704;14829;[81,42,15,3,110,5,132,32,85,14,187,29,134,13,9,199,65,17,72,19,172,194,22,23,24,25,140,7,43,11,30,102,12,135,34,185,36,37,38,94,40,165,151,52,163,45,191,47,48,49,62,119,28,128,53,120,79,51,58,59,131,61,149,63,64,86,66,67,60,69,160,71,18,73,98,75,159,77,89,90,80,87,82,83,56,76,108,146,88,156,153,91,100,74,126,162,68,97,175,99,115,101,26,192,104,195,33,127,70,181,41,96,112,113,190,10,173,164,118,167,4,121,122,123,105,125,39,182,111,2,130,54,6,129,133,106,136,137,138,20,196,141,189,46,197,145,109,147,148,50,150,117,152,84,31,193,93,27,158,171,0,154,95,57,16,55,166,143,139,169,170,114,168,124,174,1,176,92,178,179,180,198,161,183,184,35,186,107,188,142,44,116,103,155,21,177,157,144,78,8,];False
5102;9725;14827;[81,88,15,3,110,5,132,32,85,14,187,29,134,13,9,199,75,17,72,19,172,194,22,23,24,25,140,7,43,137,30,102,12,135,34,185,36,37,38,94,40,165,151,52,163,45,191,47,48,49,62,119,28,128,53,120,79,51,58,59,131,61,149,63,64,86,66,67,60,69,160,159,18,73,98,65,71,77,89,90,80,87,82,83,56,76,108,146,42,156,153,91,100,74,126,162,68,97,175,99,115,101,26,192,104,195,33,127,70,181,41,96,112,113,190,10,173,164,118,167,4,121,122,123,105,125,39,182,111,2,130,54,6,129,133,106,136,11,138,20,196,141,189,46,197,145,109,147,148,50,150,117,152,84,31,193,93,27,158,171,0,154,95,57,16,55,166,143,139,169,170,114,168,124,174,1,176,92,178,179,180,198,161,183,184,35,186,107,188,142,44,116,103,155,21,177,157,144,78,8,];False
5199;9626;14825;[81,88,15,3,110,5,132,32,85,14,187,29,134,13,9,199,75,17,72,19,172,194,22,23,24,25,140,7,43,11,30,102,12,135,34,185,36,37,38,94,40,165,151,52,163,45,191,47,48,49,62,119,28,128,53,120,79,51,58,59,131,61,149,63,64,86,66,67,60,69,160,159,18,179,98,65,71,77,89,90,80,87,82,83,56,76,108,146,42,156,153,91,100,74,126,162,68,97,175,99,115,101,26,192,104,195,33,127,70,181,41,96,112,113,190,10,173,164,118,167,4,121,122,123,105,125,39,182,111,2,130,54,6,129,133,106,136,137,138,20,196,141,189,46,197,145,109,147,148,50,150,117,152,84,31,193,93,27,158,171,0,154,95,57,16,55,166,143,139,169,170,114,168,124,174,1,176,92,178,73,180,198,161,183,184,35,186,107,188,142,44,116,103,155,21,177,157,144,78,8,];False
5117;9708;14825;[81,88,15,3,110,5,132,32,85,14,187,29,134,13,9,199,75,17,72,19,172,194,22,23,24,25,140,7,43,11,30,102,12,135,34,185,36,37,38,108,40,165,151,52,163,45,191,47,48,49,62,119,28,128,53,120,79,51,58,59,131,61,149,63,64,86,66,67,60,69,160,159,18,73,98,65,71,77,89,90,80,87,82,83,56,76,94,146,42,156,153,91,100,74,126,162,68,97,175,99,115,101,26,192,104,195,33,127,70,181,41,96,112,113,190,10,173,164,118,167,4,121,122,123,105,125,39,182,111,2,130,54,6,129,133,106,136,137,166,20,196,141,189,46,197,145,109,147,148,50,150,117,152,84,31,193,93,27,158,171,0,154,95,57,16,55,138,143,139,169,170,114,168,124,174,1,176,92,178,179,180,198,161,183,184,35,186,107,188,142,44,116,103,155,21,177,157,144,78,8,];False
5124;9701;14825;[81,42,15,3,110,5,132,32,85,14,187,29,134,13,9,199,65,17,72,19,172,194,22,23,24,25,140,7,43,11,30,102,12,135,34,185,36,37,38,94,40,165,151,52,163,45,191,47,48,49,62,119,28,128,53,120,79,51,58,59,131,61,149,63,64,86,66,67,60,69,160,159,18,73,98,75,71,77,89,90,80,87,82,83,56,76,108,146,88,156,153,91,100,74,126,162,68,97,175,99,115,101,26,192,104,195,33,127,70,181,41,96,112,113,190,10,173,164,118,167,4,121,122,123,105,125,39,182,111,2,130,54,6,129,133,106,136,137,138,20,196,141,189,46,197,145,109,147,148,50,150,117,152,84,31,193,93,27,158,171,0,154,95,57,16,55,166,143,139,169,170,114,168,124,174,1,176,92,178,179,180,198,161,183,184,35,186,107,188,142,44,116,103,155,21,177,157,144,78,8,];False
5158;9666;14824;[81,88,15,3,110,5,132,32,85,14,187,100,134,13,9,199,75,17,72,19,172,194,22,23,24,25,140,7,43,11,30,102,12,135,34,185,36,37,38,94,40,165,151,52,163,45,191,47,48,49,62,119,28,128,53,120,79,51,58,59,131,61,149,63,64,86,66,67,60,69,160,159,18,73,98,65,71,77,89,90,80,87,82,83,56,76,108,146,42,156,153,91,29,74,126,162,68,97,175,99,115,101,26,192,104,195,33,127,70,181,41,96,112,113,190,10,173,164,118,167,4,121,122,123,105,125,39,182,111,2,130,54,6,129,133,106,136,137,138,20,196,141,189,46,197,145,109,147,148,50,150,117,152,84,31,193,93,27,158,171,0,154,95,57,16,55,166,143,139,169,170,114,168,124,174,1,176,92,178,179,180,198,161,183,184,35,186,107,188,142,44,116,103,155,21,177,157,144,78,8,];False
5121;9702;14823;[81,88,15,3,110,5,132,32,85,14,187,29,134,13,9,199,75,17,72,19,172,194,22,23,24,25,140,7,43,11,30,102,12,135,34,185,36,37,38,94,40,165,151,52,163,45,191,47,48,49,62,119,28,128,53,120,79,51,58,59,131,61,149,63,64,86,66,67,60,69,160,143,18,73,98,65,71,77,89,90,80,87,82,83,56,76,108,146,42,156,153,91,100,74,126,162,68,97,175,99,115,101,26,192,104,195,33,127,70,181,41,96,112,113,190,10,173,164,118,167,4,121,122,123,105,125,39,182,111,2,130,54,6,129,133,106,136,137,138,20,196,141,189,46,197,145,109,147,148,50,150,117,152,84,31,193,93,27,158,171,0,154,95,57,16,55,166,159,139,169,170,114,168,124,174,1,176,92,178,179,180,198,161,183,184,35,186,107,188,142,44,116,103,155,21,177,157,144,78,8,];False
5165;9658;14823;[81,42,15,3,110,5,132,32,85,14,187,29,134,13,9,199,65,17,72,19,172,194,22,23,24,25,140,7,43,11,30,102,12,135,34,185,36,37,38,94,40,165,151,52,163,45,191,47,48,49,62,119,28,128,53,120,79,51,58,59,131,61,149,63,64,86,66,67,60,69,160,159,18,73,98,75,71,77,89,90,80,87,82,83,56,76,108,146,88,156,153,91,100,167,126,162,68,97,175,99,115,101,26,192,104,195,33,127,70,181,41,96,112,113,190,10,173,164,118,74,4,121,122,123,105,125,39,182,111,2,130,54,6,129,133,106,136,137,138,20,196,141,189,46,197,145,109,147,148,50,150,117,152,84,31,193,93,27,158,171,0,154,95,57,16,55,166,143,139,169,170,114,168,124,174,1,176,92,178,179,180,198,161,183,184,35,186,107,188,142,44,116,103,155,21,177,157,144,78,8,];False
5069;9751;14820;[81,88,15,3,110,5,132,32,85,14,187,29,134,13,9,199,75,17,72,19,172,194,22,23,24,25,140,7,43,11,30,102,12,135,34,185,36,37,38,108,40,165,151,52,173,45,191,47,48,49,62,119,28,128,53,120,79,51,58,59,131,61,149,63,64,86,66,67,60,69,160,159,18,73,98,65,71,77,89,90,80,87,82,83,56,76,94,146,42,156,153,91,100,74,126,162,68,97,175,99,115,101,26,192,104,195,33,127,70,181,41,96,112,113,190,10,163,164,118,167,4,121,122,123,105,125,39,182,111,2,130,54,6,129,133,106,136,137,138,20,196,141,189,46,197,145,109,147,148,50,150,117,152,84,31,193,93,27,158,171,0,154,95,57,16,55,166,143,139,169,170,114,168,124,174,1,176,92,178,179,180,198,161,183,184,35,186,107,188,142,44,116,103,155,21,177,157,144,78,8,];False
5119;9697;14816;[81,88,15,3,110,5,132,32,85,14,187,29,134,13,9,199,75,17,72,19,172,194,22,23,24,25,140,7,43,11,30,102,12,135,34,185,36,37,38,108,40,165,151,52,163,45,191,47,48,49,62,119,28,128,53,120,79,189,58,59,131,61,149,63,2,86,66,67,60,69,160,159,106,73,98,65,71,77,89,198,80,87,82,83,56,76,94,146,42,156,153,91,100,74,126,162,68,97,175,99,115,101,26,192,104,195,33,127,70,181,41,96,112,113,190,10,173,164,118,167,4,121,122,123,105,125,39,182,111,64,130,54,6,129,133,18,136,137,138,20,196,141,51,46,197,145,109,147,148,50,150,117,152,84,31,193,93,27,158,171,0,154,95,57,16,55,166,143,139,169,170,114,168,124,174,1,176,92,178,179,180,90,161,183,184,35,186,107,188,142,44,116,103,155,21,177,157,144,78,8,];False
5110;9705;14815;[81,88,15,3,110,5,132,32,85,14,187,29,134,13,9,199,75,17,72,19,172,194,22,23,24,25,140,7,43,11,30,102,12,135,34,185,36,37,38,108,40,165,151,52,163,45,191,47,48,49,62,119,28,128,53,120,79,51,58,59,131,61,149,63,2,86,66,67,60,4,160,159,106,73,98,65,71,77,89,90,80,87,82,83,56,76,94,146,42,156,153,91,100,74,126,162,68,97,175,99,115,101,26,192,104,195,33,127,70,181,41,96,112,113,190,10,173,164,118,167,69,121,122,123,105,125,39,182,111,64,130,54,6,129,133,18,136,137,138,20,196,141,189,46,197,145,109,147,148,50,150,117,152,84,31,193,93,27,158,171,0,154,95,57,16,55,166,143,139,169,170,114,168,124,174,1,176,92,178,179,180,198,161,183,184,35,186,107,188,142,44,116,103,155,21,177,157,144,78,8,];False
5107;9700;14807;[81,88,15,3,110,5,132,32,85,14,187,29,134,13,9,199,75,17,72,19,172,194,22,23,24,25,140,7,43,11,30,102,12,135,34,185,36,37,38,108,40,165,151,52,163,45,191,47,48,49,62,119,28,128,53,120,79,51,58,59,131,61,149,63,2,86,66,67,60,69,160,159,106,73,98,65,71,77,89,198,80,87,82,83,56,76,94,146,42,156,153,91,100,74,126,162,68,97,175,99,115,101,26,192,104,195,33,127,70,181,41,96,112,113,190,10,173,164,118,167,4,121,122,123,105,125,39,182,111,64,130,54,6,129,133,18,136,137,138,20,196,141,189,46,197,145,109,147,114,50,150,117,152,84,31,193,93,27,158,171,0,154,95,57,16,55,166,143,139,169,170,148,168,124,174,1,176,92,178,179,180,90,161,183,184,35,186,107,188,142,44,116,103,155,21,177,157,144,78,8,];False
5148;9654;14802;[81,88,15,3,110,5,132,32,85,14,187,29,134,13,9,199,75,17,72,19,172,194,22,23,24,25,140,7,43,11,30,102,12,135,34,146,36,37,38,108,40,165,151,52,163,45,191,47,48,49,62,119,28,128,53,120,79,51,58,59,131,61,149,63,2,86,66,67,60,69,160,159,106,73,98,65,71,77,89,198,80,87,82,83,56,76,94,185,42,156,153,91,100,74,126,162,68,97,175,99,115,101,26,192,104,195,33,127,70,181,41,96,112,113,190,10,173,164,118,167,4,121,122,123,105,125,39,182,111,64,130,54,6,129,133,18,136,137,138,20,196,141,189,46,197,145,109,147,148,50,150,117,152,84,31,193,93,27,158,171,0,154,95,57,16,55,166,143,139,169,170,114,168,124,174,1,176,92,178,179,180,90,161,183,184,35,186,107,188,142,44,116,103,155,21,177,157,144,78,8,];False
5075;9726;14801;[81,88,15,3,110,5,132,32,85,14,187,29,35,13,153,199,75,17,72,19,172,194,22,23,24,191,140,7,43,11,30,102,12,135,34,185,36,37,38,108,40,174,151,52,163,45,25,47,48,49,62,119,28,128,53,120,79,51,58,59,131,61,149,63,2,167,66,67,60,113,160,105,106,73,98,65,71,77,89,198,80,87,82,83,56,76,94,146,42,156,9,91,100,74,126,162,68,97,175,99,115,101,26,192,104,195,33,127,70,181,41,96,112,69,190,10,173,164,118,86,4,121,122,123,159,125,39,182,111,64,130,54,6,129,133,18,136,137,138,20,196,141,189,46,197,145,109,147,148,50,150,117,152,84,31,193,93,27,155,171,0,154,95,57,16,55,166,143,139,169,170,114,168,124,165,1,176,92,178,179,180,90,161,183,184,134,186,107,188,142,44,116,103,158,21,177,157,144,78,8,];False
5065;9733;14798;[81,88,15,3,110,5,132,32,85,14,187,29,134,13,9,199,75,17,72,19,172,194,22,23,24,25,140,7,43,11,30,102,12,135,34,185,36,37,38,108,40,165,151,52,163,45,191,47,48,49,62,119,28,128,53,120,79,51,58,59,131,61,149,63,64,86,66,67,60,69,160,159,18,73,98,65,71,77,89,90,80,87,82,83,56,76,94,146,42,156,153,91,100,74,126,162,68,97,175,99,115,101,26,192,104,195,33,127,70,181,41,96,112,138,190,10,173,164,118,167,4,121,122,123,105,125,39,182,111,2,130,54,6,129,133,106,136,137,113,20,196,141,189,46,197,145,109,147,148,50,150,117,152,84,31,193,93,27,158,171,0,154,95,57,16,55,166,143,139,169,170,114,168,124,174,1,176,92,178,179,180,198,161,183,184,35,186,107,188,142,44,116,103,155,21,177,157,144,78,8,];False
5084;9711;14795;[81,88,15,3,110,5,132,32,85,14,187,29,134,13,9,199,75,17,72,19,172,194,22,23,24,25,140,7,43,11,30,102,12,135,34,185,36,37,38,94,40,165,151,52,163,45,191,47,48,49,62,119,28,128,53,120,79,51,58,59,131,61,149,63,64,86,66,67,60,69,160,159,18,73,98,65,71,77,89,90,80,87,82,83,56,76,108,146,42,156,153,91,100,74,126,162,68,97,175,99,115,101,26,192,104,195,33,127,70,181,41,96,112,113,190,10,188,164,118,167,4,121,122,123,105,125,39,182,111,2,130,54,6,129,133,106,136,137,138,20,196,141,189,46,197,145,109,147,148,50,150,117,152,84,31,193,93,27,158,171,0,154,95,57,16,55,166,143,139,169,170,114,168,124,174,1,176,92,178,179,180,198,161,183,184,35,186,107,173,142,44,116,103,155,21,177,157,144,78,8,];False
5070;9722;14792;[81,88,15,3,110,5,132,32,85,14,187,29,134,13,153,199,75,17,72,19,172,194,22,23,24,191,140,7,43,11,30,102,12,135,34,185,36,37,38,108,40,165,151,52,163,45,25,47,48,49,62,119,28,128,53,120,79,51,58,59,131,61,149,63,2,167,66,67,60,113,160,105,106,73,98,65,71,77,89,198,80,87,82,83,56,76,94,146,42,156,9,91,100,74,126,162,68,97,175,99,115,101,26,192,104,195,33,127,70,181,41,96,112,69,190,10,173,164,118,86,4,121,122,123,159,125,39,182,111,64,130,54,6,129,133,18,136,137,138,20,196,141,189,46,197,145,109,147,148,50,150,117,152,84,31,193,107,27,155,171,0,154,95,57,16,55,166,143,139,169,170,114,168,124,174,1,176,92,178,179,180,90,161,183,184,35,186,93,188,142,44,116,103,158,21,177,157,144,78,8,];False
5140;9651;14791;[81,42,15,3,110,5,132,32,85,14,187,29,134,13,9,199,65,17,72,19,172,194,22,23,24,25,140,7,43,11,30,102,12,135,34,67,36,37,38,94,40,165,151,52,163,45,191,47,48,49,62,119,28,128,53,120,79,51,58,59,131,61,149,63,64,86,66,185,60,69,160,71,18,73,98,75,159,77,89,90,80,87,82,83,56,76,108,146,88,156,153,91,100,74,126,162,68,97,175,99,115,101,26,192,104,195,33,127,70,181,41,96,112,113,190,10,173,164,118,167,4,121,122,123,105,125,39,182,111,2,130,54,6,129,133,106,136,137,138,20,196,141,189,46,197,145,109,147,148,50,150,117,152,84,31,193,93,27,158,171,0,154,95,57,16,55,166,143,139,169,170,114,168,124,174,1,176,92,178,179,180,198,161,183,184,35,186,107,188,142,44,116,103,155,21,177,157,144,78,8,];False
5067;9721;14788;[81,88,15,3,110,5,132,32,85,14,187,29,134,13,9,199,75,17,72,19,172,194,22,23,24,25,140,7,43,11,30,102,12,135,34,185,36,37,38,94,40,165,151,52,163,45,191,47,48,49,62,119,28,128,20,120,79,51,58,59,131,61,149,63,64,86,66,67,60,69,160,159,18,73,98,65,71,77,89,90,80,87,82,83,56,76,108,146,42,156,153,91,100,74,126,162,68,97,175,99,115,101,26,192,104,195,33,127,70,181,41,96,112,113,190,10,173,164,118,167,4,121,122,123,105,125,39,182,111,2,130,54,6,129,133,106,136,137,138,53,196,141,189,46,197,145,109,147,148,50,150,117,152,84,31,193,93,27,158,171,0,154,95,57,16,55,166,143,139,169,170,114,168,124,174,1,176,92,178,179,180,198,161,183,184,35,186,107,188,142,44,116,103,155,21,177,157,144,78,8,];False
5063;9717;14780;[81,88,15,3,110,5,132,32,85,14,187,29,134,13,9,199,75,17,72,19,172,194,22,23,24,25,140,7,43,11,30,102,12,135,34,185,36,37,38,94,40,165,151,52,163,45,191,47,48,49,62,119,28,128,53,120,79,51,58,59,131,61,149,63,64,86,66,67,60,69,160,159,18,73,98,65,71,77,89,90,80,87,82,83,56,76,108,146,42,156,153,91,100,74,126,162,68,97,175,99,115,101,26,192,104,195,33,127,70,181,41,96,112,113,190,10,173,164,118,167,4,121,122,123,105,125,39,182,111,2,130,54,6,129,133,106,136,137,138,20,196,141,189,46,197,145,109,147,148,50,150,117,152,84,31,193,93,44,158,171,0,154,95,57,16,55,166,143,139,169,170,114,168,124,174,1,176,92,178,179,180,198,161,183,184,35,186,107,188,142,27,116,103,155,21,177,157,144,78,8,];False
5107;9667;14774;[81,42,15,3,110,5,132,32,85,14,187,29,134,13,9,199,75,17,72,19,172,194,22,23,24,25,140,7,43,11,30,102,12,135,34,185,36,37,38,94,40,165,151,52,163,45,191,47,48,49,62,119,28,128,53,120,79,51,58,59,131,61,149,63,64,86,66,67,60,69,160,159,18,27,98,65,71,77,89,90,80,87,82,83,56,76,108,146,88,156,153,91,100,74,126,162,68,97,175,99,115,101,26,192,104,195,33,127,70,181,41,96,112,113,190,10,173,164,118,167,4,121,122,123,105,125,39,182,111,2,130,54,6,129,133,106,136,137,138,20,196,141,189,46,197,145,109,147,148,50,150,117,152,84,31,193,93,73,158,171,0,154,95,57,16,55,166,143,139,169,170,114,168,124,174,1,176,92,178,179,180,198,161,183,184,35,186,107,188,142,44,116,103,155,21,177,157,144,78,8,];False
5049;9721;14770;[81,88,113,3,110,5,132,32,85,14,187,29,134,13,9,199,75,17,72,19,172,194,22,23,24,25,140,7,43,11,30,102,12,135,34,185,36,37,38,94,40,165,151,52,163,45,191,47,48,49,62,119,28,128,53,120,79,51,58,59,131,61,149,63,64,86,66,67,60,69,160,159,18,73,98,65,71,77,89,90,80,87,82,83,56,76,108,146,42,156,153,91,100,74,126,162,68,97,175,99,115,101,26,192,104,195,33,127,70,181,41,96,112,15,190,10,173,164,118,167,4,121,122,123,105,125,39,182,111,2,130,54,6,129,133,106,136,137,138,20,196,141,189,46,197,145,109,147,148,50,150,117,152,84,31,193,93,27,158,171,0,154,95,57,16,55,166,143,139,169,170,114,168,124,174,1,176,92,178,179,180,198,161,183,184,35,186,107,188,142,44,116,103,155,21,177,157,144,78,8,];False
5018;9749;14767;[81,88,15,3,110,5,132,32,85,14,187,29,134,13,9,199,75,17,72,19,172,194,22,23,24,25,140,7,43,11,30,102,12,135,34,185,36,37,38,108,40,165,151,52,163,45,191,47,48,49,62,119,28,128,53,120,79,51,58,59,131,61,149,63,64,86,66,67,60,69,160,159,18,73,98,65,71,77,89,90,80,87,82,83,56,76,94,146,42,156,153,91,100,74,126,162,68,97,175,99,115,101,26,192,104,195,33,127,70,181,41,96,112,113,190,10,173,164,118,167,4,121,122,123,105,125,39,182,111,2,130,54,6,129,133,106,136,137,138,20,196,141,189,46,197,145,109,147,148,50,150,117,152,84,31,193,93,27,158,171,0,154,95,57,16,55,166,143,139,169,170,114,168,124,174,1,176,92,178,179,180,198,161,183,184,35,186,107,188,142,44,116,103,155,21,177,157,144,78,8,];False
5059;9704;14763;[81,42,15,3,110,5,132,32,85,14,187,29,134,13,9,199,75,17,72,19,172,194,22,23,24,25,140,7,43,11,30,102,12,135,34,185,36,37,38,94,40,165,151,52,163,45,191,47,48,49,62,119,28,128,53,120,79,51,58,59,131,61,149,63,64,86,66,67,60,69,160,159,18,73,98,65,71,77,89,90,80,87,82,83,56,76,108,146,88,156,153,91,100,74,126,162,68,97,175,99,115,101,26,192,104,195,33,127,70,181,41,96,112,113,190,10,173,164,118,167,4,121,122,123,105,125,39,182,111,2,130,54,6,129,133,106,136,137,138,20,196,141,189,46,197,145,109,147,148,50,150,117,152,84,31,193,93,27,158,171,0,154,95,57,16,55,166,143,139,169,170,114,168,124,174,1,176,92,178,179,180,198,161,183,184,35,186,107,188,142,44,116,103,155,21,177,157,144,78,8,];False
5035;9728;14763;[81,88,15,3,110,5,132,32,85,14,187,29,134,13,9,199,75,17,72,69,172,194,22,23,24,25,140,7,43,11,30,102,12,135,34,185,36,37,38,94,40,165,151,52,163,45,191,47,48,49,62,119,28,128,53,120,79,51,58,59,131,61,149,63,64,86,66,67,60,19,160,159,18,73,98,65,71,77,89,90,80,87,82,83,56,76,108,146,42,156,153,91,100,74,126,162,68,97,175,99,115,101,26,192,104,195,33,127,70,181,41,96,112,113,190,10,173,164,118,167,4,121,122,123,105,125,39,182,111,2,130,54,6,129,133,106,136,137,138,20,196,141,189,46,197,145,109,147,148,50,150,117,152,84,31,193,93,27,158,171,0,154,95,57,16,55,166,143,139,169,170,114,168,124,174,1,176,92,178,179,180,198,161,183,184,35,186,107,188,142,44,116,103,155,21,177,157,144,78,8,];False
5030;9729;14759;[81,88,15,3,110,5,132,32,85,14,187,29,134,13,9,199,75,17,72,19,172,194,22,23,24,25,140,7,43,11,30,102,12,135,34,185,36,37,38,94,40,165,151,52,163,45,191,47,48,49,62,119,28,128,53,120,79,51,58,59,131,61,149,63,64,86,66,67,60,69,160,159,18,73,98,65,71,77,89,90,80,87,82,83,56,76,108,146,42,156,153,91,100,74,126,162,68,97,175,99,115,101,26,192,104,195,33,127,70,181,41,96,112,113,190,10,173,164,118,167,4,121,122,123,105,125,39,182,111,2,130,54,6,129,133,106,136,137,138,20,196,141,189,46,197,145,109,147,148,50,150,117,152,84,31,193,93,27,158,171,0,154,95,57,16,55,166,143,139,169,170,114,168,124,174,1,176,92,178,179,180,198,161,183,184,35,186,107,188,142,44,116,103,155,21,177,157,144,78,8,];False
5045;9703;14748;[81,88,15,3,110,5,132,32,85,14,187,29,134,13,9,199,75,17,72,19,172,194,22,23,24,25,140,7,43,11,30,102,12,135,34,185,36,37,38,94,40,165,151,52,163,45,191,47,48,49,62,119,28,128,53,120,79,51,58,59,131,61,149,63,64,86,66,67,60,69,160,159,18,73,98,65,71,31,89,90,80,87,82,83,56,76,108,146,42,156,153,91,100,74,126,162,68,97,175,99,115,101,26,192,104,195,33,127,70,181,41,96,112,113,190,10,173,164,118,167,4,121,122,123,105,125,39,182,111,2,130,54,6,129,133,106,136,137,138,20,196,141,189,46,197,145,109,147,148,50,150,117,152,84,77,193,93,27,158,171,0,154,95,57,16,55,166,143,139,169,170,114,168,124,174,1,176,92,178,179,180,198,161,183,184,35,186,107,188,142,44,116,103,155,21,177,157,144,78,8,];False
5031;9710;14741;[81,88,15,3,110,5,132,32,85,14,187,29,134,13,9,199,75,17,72,19,172,194,22,23,24,25,140,7,43,11,30,102,12,135,34,185,36,37,38,108,40,165,151,52,163,45,191,47,48,49,62,119,28,128,53,120,79,51,58,59,131,61,149,63,2,86,66,67,60,69,160,159,106,73,98,65,71,77,89,198,80,87,82,83,56,76,94,146,42,156,153,91,100,74,126,162,68,97,175,99,115,101,26,192,104,195,33,127,70,181,41,96,112,113,190,10,173,164,118,133,4,121,122,123,105,125,39,182,111,64,130,54,6,129,167,18,136,137,138,20,196,141,189,46,197,145,109,147,148,50,150,117,152,84,31,193,93,27,158,171,0,154,95,57,16,55,166,143,139,169,170,114,168,124,174,1,176,92,178,179,180,90,161,183,184,35,186,107,188,142,44,116,103,155,21,177,157,144,78,8,];False
5078;9660;14738;[81,88,15,3,110,5,132,32,85,14,187,29,134,13,153,199,75,17,72,19,172,194,22,23,24,25,140,7,43,11,30,102,12,135,34,185,36,37,144,108,40,165,151,52,163,45,191,47,48,49,62,119,28,128,53,120,79,51,58,59,131,61,149,63,2,86,66,67,60,69,160,105,106,73,98,65,71,77,89,198,80,87,82,83,56,76,94,146,42,156,9,91,100,74,126,162,68,97,175,99,115,101,26,192,104,195,33,127,70,181,41,96,112,113,190,10,173,164,118,167,4,121,122,123,159,125,39,182,111,64,130,54,6,129,133,18,136,137,138,20,196,141,189,46,197,145,109,147,148,50,150,117,152,84,31,193,93,27,158,171,0,154,95,57,16,55,166,143,139,169,170,114,168,124,174,1,176,92,178,179,180,90,161,183,184,35,186,107,188,142,44,116,103,155,21,177,157,38,78,8,];False
5003;9734;14737;[81,88,15,3,110,5,132,32,85,14,187,29,134,13,153,199,75,17,72,19,172,194,22,23,24,191,140,7,43,11,30,102,12,135,34,185,36,37,38,108,40,165,151,52,163,45,25,47,48,49,62,119,28,128,53,120,79,51,58,59,131,61,149,63,2,167,66,6,60,113,160,105,106,73,98,65,71,77,89,198,80,87,82,83,56,76,94,146,42,156,9,91,100,74,126,162,68,97,175,99,115,101,26,192,104,195,33,127,70,181,41,96,112,69,190,10,173,164,118,86,4,121,122,123,159,125,39,182,111,64,130,54,67,129,133,18,136,137,138,20,196,141,189,46,197,145,109,147,148,50,150,117,152,84,31,193,93,27,155,171,0,154,95,57,16,55,166,143,139,169,170,114,168,124,174,1,176,92,178,179,180,90,161,183,184,35,186,107,188,142,44,116,103,158,21,177,157,144,78,8,];False
4954;9775;14729;[81,88,15,3,110,5,132,32,85,14,64,29,134,13,153,199,75,17,72,19,172,194,22,23,24,191,140,7,43,11,30,102,12,135,34,185,36,37,38,108,40,165,151,52,163,45,25,47,48,49,62,119,28,128,53,120,79,51,58,59,131,61,149,63,2,167,66,67,60,113,160,105,106,73,98,65,71,77,89,198,80,87,82,83,56,76,94,146,42,156,9,91,100,74,126,162,68,97,175,99,115,101,26,192,104,195,33,127,70,181,41,96,112,69,190,10,173,164,118,86,4,121,122,123,159,125,39,182,111,187,130,54,6,129,133,18,136,137,138,20,196,141,189,46,197,145,109,147,148,50,150,117,152,84,31,193,93,27,155,171,0,154,95,57,16,55,166,143,139,169,170,114,168,124,174,1,176,92,178,179,180,90,161,183,184,35,186,107,188,142,44,116,103,158,21,177,157,144,78,8,];False
5011;9717;14728;[81,88,15,3,110,5,132,32,85,14,187,29,134,13,9,199,75,17,72,19,172,194,22,23,24,25,140,7,43,11,30,102,12,135,34,185,36,37,38,108,40,165,151,52,163,45,191,47,48,49,62,119,28,128,53,120,79,51,58,59,131,61,149,63,64,86,66,67,60,69,160,159,106,73,98,65,71,77,89,90,80,87,82,83,56,76,94,146,42,156,153,91,100,74,126,162,68,97,175,99,115,101,26,192,104,195,33,127,70,181,41,96,112,113,190,10,173,164,118,167,4,121,122,123,105,125,39,182,111,2,130,54,6,129,133,18,136,137,138,20,196,141,189,46,197,145,109,147,148,50,150,117,152,84,31,193,93,27,158,171,0,154,95,57,16,55,166,143,139,169,170,114,168,124,174,1,176,92,178,179,180,198,161,183,184,35,186,107,188,142,44,116,103,155,21,177,157,144,78,8,];False
5003;9721;14724;[81,88,15,3,110,5,132,32,85,14,187,29,134,13,153,199,75,17,72,19,172,194,22,23,24,191,140,7,43,11,30,102,12,135,34,185,36,37,38,108,40,165,151,52,163,45,25,47,48,49,62,119,28,128,53,120,79,51,58,59,131,61,149,63,2,167,66,67,60,113,160,105,106,73,98,65,71,77,89,198,80,87,82,83,56,76,94,146,42,156,9,91,100,74,126,162,68,97,175,99,115,101,26,192,104,195,33,127,70,181,41,96,112,69,190,10,173,164,118,86,4,121,122,123,159,125,39,171,111,64,130,54,6,129,133,18,136,137,138,20,196,141,189,46,197,145,109,147,148,50,150,117,152,84,31,193,93,27,155,182,0,154,95,57,16,55,166,143,139,169,170,114,168,124,174,1,176,92,178,179,180,90,161,183,184,35,186,107,188,142,44,116,103,158,21,177,157,144,78,8,];False
4992;9730;14722;[81,88,15,3,110,5,132,32,85,14,187,29,134,13,153,199,75,17,72,19,172,194,22,23,24,191,140,7,43,11,30,102,12,135,34,185,36,37,38,108,40,165,151,52,163,45,25,47,48,49,62,119,28,128,53,120,79,51,58,59,131,61,149,63,2,167,66,67,60,113,160,105,106,73,98,65,71,77,89,198,80,87,158,83,56,76,94,146,42,156,9,91,100,74,126,162,68,97,175,99,115,101,26,192,104,195,33,127,70,181,41,96,112,69,190,10,173,164,118,86,4,121,122,123,159,125,39,182,111,64,130,54,6,129,133,18,136,137,138,20,196,141,189,46,197,145,109,147,148,50,150,117,152,84,31,193,93,27,155,171,0,154,95,57,16,55,166,143,139,169,170,114,168,124,174,1,176,92,178,179,180,90,161,183,184,35,186,107,188,142,44,116,103,82,21,177,157,144,78,8,];False
5059;9661;14720;[81,88,15,3,110,5,132,32,85,14,187,29,134,13,153,199,75,17,72,19,172,194,22,23,24,25,140,7,43,11,30,102,12,135,34,185,36,37,38,108,40,165,151,52,163,45,191,47,48,49,62,119,28,128,53,120,83,51,58,59,131,61,149,63,2,86,66,67,60,69,160,105,106,73,98,65,71,77,89,198,80,87,82,79,56,76,94,146,42,156,9,91,100,74,126,162,68,97,175,99,115,101,26,192,104,195,33,127,70,181,41,96,112,113,190,10,173,164,118,167,4,121,122,123,159,125,39,182,111,64,130,54,6,129,133,18,136,137,138,20,196,141,189,46,197,145,109,147,148,50,150,117,152,84,31,193,93,27,158,171,0,154,95,57,16,55,166,143,139,169,170,114,168,124,174,1,176,92,178,179,180,90,161,183,184,35,186,107,188,142,44,116,103,155,21,177,157,144,78,8,];False
4956;9763;14719;[81,88,15,3,110,5,132,32,85,14,187,29,134,13,153,199,75,17,72,19,172,194,22,23,24,191,140,7,43,11,30,102,12,135,34,185,36,37,38,108,40,165,151,52,163,45,25,47,48,69,62,119,28,128,53,120,79,51,58,59,131,61,149,63,2,167,66,67,60,113,160,105,106,73,98,65,71,77,89,198,80,87,82,83,56,76,94,146,42,156,9,91,100,74,126,162,68,97,175,99,115,101,26,192,104,195,33,127,70,181,41,96,112,49,190,10,173,164,118,86,4,121,122,123,159,125,39,182,111,64,130,54,6,129,133,18,136,137,138,20,196,141,189,46,197,145,109,147,148,50,150,117,152,84,31,193,93,27,155,171,0,154,95,57,16,55,166,143,139,169,170,114,168,124,174,1,176,92,178,179,180,90,161,183,184,35,186,107,188,142,44,116,103,158,21,177,157,144,78,8,];False
4978;9730;14708;[81,88,15,3,110,5,132,32,85,14,187,29,134,13,153,199,75,17,72,19,172,194,22,23,24,191,140,7,43,11,30,102,12,135,34,185,36,37,38,108,40,165,151,52,163,45,25,47,48,49,62,119,28,128,53,120,79,51,58,59,131,61,149,63,2,167,66,67,60,113,160,105,106,73,98,65,71,77,89,198,80,87,82,83,56,76,94,146,42,156,9,91,100,74,126,162,68,97,175,99,115,57,26,192,104,195,33,127,70,181,41,96,112,69,190,10,173,164,118,86,4,121,122,123,159,125,39,182,111,64,130,54,6,129,133,18,136,137,138,20,196,141,189,46,197,145,109,147,148,50,150,117,152,84,31,193,93,27,155,171,0,154,95,101,16,55,166,143,139,169,170,114,168,124,174,1,176,92,178,179,180,90,161,183,184,35,186,107,188,142,44,116,103,158,21,177,157,144,78,8,];False
5007;9700;14707;[81,88,15,3,110,5,132,32,85,14,187,29,35,13,153,199,75,17,72,19,172,129,22,23,24,191,140,7,43,11,30,102,12,135,34,185,36,37,38,108,40,165,151,52,163,45,25,47,48,49,62,119,28,128,53,120,79,51,58,59,131,61,149,63,2,167,66,67,60,113,160,105,106,73,98,65,71,77,89,198,80,87,82,83,56,76,94,146,42,156,9,91,100,74,126,162,68,97,175,99,115,101,26,192,104,195,33,127,70,181,41,96,112,69,190,10,173,164,118,86,4,121,122,123,159,125,39,182,111,64,130,54,6,194,133,18,136,137,138,20,196,141,189,46,197,145,109,147,148,50,150,117,152,84,31,193,93,27,155,171,0,154,95,57,16,55,166,143,139,169,170,114,168,124,174,1,176,92,178,179,180,90,161,183,184,134,186,107,188,142,44,116,103,158,21,177,157,144,78,8,];False
5017;9685;14702;[81,88,15,3,110,5,132,28,85,14,187,29,134,13,153,199,75,17,72,19,172,194,22,23,24,191,140,7,43,11,30,102,12,135,34,185,36,37,38,108,40,165,151,52,163,45,25,47,48,49,62,119,32,128,53,120,79,51,58,59,131,61,149,63,2,86,66,67,60,113,160,105,106,73,98,65,71,77,89,198,80,87,82,83,56,76,94,146,42,156,9,91,100,74,126,162,68,97,175,99,115,101,26,192,104,195,33,127,70,181,41,96,112,69,190,10,173,164,118,167,4,121,122,123,159,125,39,182,111,64,130,54,6,129,133,18,136,137,138,20,196,141,189,46,197,145,109,147,148,50,150,117,152,84,31,193,93,27,158,171,0,154,95,57,16,55,166,143,139,169,170,114,168,124,174,1,176,92,178,179,180,90,161,183,184,35,186,107,188,142,44,116,103,155,21,177,157,144,78,8,];False
5029;9672;14701;[81,88,15,3,110,5,132,32,91,14,187,29,134,13,153,199,75,17,72,19,172,194,22,23,24,25,140,7,43,11,30,102,12,135,34,185,36,37,38,108,40,165,151,52,163,45,191,47,48,49,62,119,28,128,53,120,79,51,58,59,131,61,149,63,2,86,66,67,60,69,160,105,106,73,98,65,71,77,89,198,80,87,82,83,56,76,94,146,42,156,9,85,100,74,126,162,68,97,175,99,115,101,26,192,104,195,33,127,70,181,41,96,112,113,190,10,173,164,118,167,4,121,122,123,159,125,39,182,111,64,130,54,6,129,133,18,136,137,138,20,196,141,189,46,197,145,109,147,148,50,150,117,152,84,31,193,93,27,158,171,0,154,95,57,16,55,166,143,139,169,170,114,168,124,174,1,176,92,178,179,180,90,161,183,184,35,186,107,188,142,44,116,103,155,21,177,157,144,78,8,];False
4945;9754;14699;[81,88,15,3,110,5,132,32,85,14,187,29,134,13,153,199,75,17,72,19,172,194,22,23,24,191,140,7,43,11,30,102,12,135,34,185,36,37,38,108,40,165,151,52,163,45,25,47,48,49,62,119,28,128,53,120,79,51,58,59,131,61,149,63,2,167,66,67,60,113,160,105,106,73,98,65,71,77,89,198,80,87,82,83,56,76,94,146,42,156,9,91,100,74,126,162,68,97,175,190,115,101,26,192,104,195,33,127,70,181,41,96,112,69,99,10,173,164,118,86,4,121,122,123,159,125,39,182,111,64,130,54,6,129,133,18,136,137,138,20,196,141,189,46,197,145,109,147,148,50,150,117,152,84,31,193,93,27,155,171,0,154,95,57,16,55,166,143,139,169,170,114,168,124,174,1,176,92,178,179,180,90,161,183,184,35,186,107,188,142,44,116,103,158,21,177,157,144,78,8,];False
4955;9743;14698;[81,88,15,3,110,5,132,32,85,14,187,29,134,13,153,199,75,17,72,19,172,194,22,23,24,191,140,7,43,11,30,102,12,135,34,185,36,37,38,108,40,165,151,52,163,45,25,47,48,49,62,119,28,128,53,120,79,51,58,59,131,61,149,63,2,167,66,67,60,113,160,105,106,73,98,65,71,77,89,198,80,87,82,83,56,76,94,146,42,156,9,91,100,74,126,162,68,97,175,99,115,101,26,192,104,195,33,127,70,181,41,96,112,69,190,10,173,164,118,86,4,121,122,123,159,125,39,182,111,64,130,54,6,129,133,18,136,137,138,20,196,141,189,46,197,145,109,147,148,50,150,117,152,84,31,193,93,27,155,171,0,154,95,57,16,157,166,143,139,169,170,114,168,124,174,1,176,92,178,179,180,90,161,183,184,35,186,107,188,142,44,116,103,158,21,177,55,144,78,8,];False
5005;9691;14696;[81,88,15,3,110,5,132,32,85,14,187,29,134,13,9,199,75,17,72,19,172,194,22,23,24,25,140,7,43,11,30,102,12,135,34,185,36,37,38,108,40,165,151,52,163,45,191,47,48,49,62,119,28,128,53,120,79,51,58,59,131,61,149,63,2,86,66,67,0,69,160,159,106,73,98,65,71,77,89,198,80,87,82,83,56,76,94,146,42,156,153,91,100,74,126,162,68,97,175,99,115,101,26,192,104,195,33,127,70,181,41,96,112,113,190,10,173,164,118,167,4,121,122,123,105,125,39,182,111,64,130,54,6,129,133,18,136,137,138,20,196,141,189,46,197,145,109,147,148,50,150,117,152,84,31,193,93,27,158,171,60,154,95,57,16,55,166,143,139,169,170,114,168,124,174,1,176,92,178,179,180,90,161,183,184,35,186,107,188,142,44,116,103,155,21,177,157,144,78,8,];False
5008;9687;14695;[81,88,15,3,110,5,132,32,85,14,187,29,134,13,9,189,75,17,72,19,172,194,22,23,24,25,140,7,43,11,30,102,12,135,34,185,36,37,38,108,40,165,151,52,163,45,191,47,48,49,62,119,28,128,53,120,79,51,58,59,131,61,149,63,2,86,66,67,60,69,160,159,106,73,98,65,71,77,89,198,80,87,82,83,56,76,94,146,42,156,153,91,100,74,126,162,68,97,175,99,115,101,26,192,104,195,33,127,70,181,41,96,112,113,190,10,173,164,118,167,4,121,122,123,105,125,39,182,111,64,130,54,6,129,133,18,136,137,138,20,196,141,199,46,197,145,109,147,148,50,150,117,152,84,31,193,93,27,158,171,0,154,95,57,16,55,166,143,139,169,170,114,168,124,174,1,176,92,178,179,180,90,161,183,184,35,186,107,188,142,44,116,103,155,21,177,157,144,78,8,];False
5022;9666;14688;[81,88,15,3,110,5,132,32,85,14,1,29,134,13,153,199,75,17,72,19,172,194,22,23,24,25,140,7,43,11,30,102,12,135,34,185,36,37,38,108,40,165,151,52,163,45,191,47,48,49,62,119,28,128,53,120,79,51,58,59,131,61,149,63,2,86,66,67,60,69,160,105,106,73,98,65,71,77,89,198,80,87,82,83,56,76,94,146,42,156,9,91,100,74,126,162,68,97,175,99,115,101,26,192,104,195,33,127,70,181,41,96,112,113,190,10,173,164,118,167,4,121,122,123,159,125,39,182,111,64,130,54,6,129,133,18,136,137,138,20,196,141,189,46,197,145,109,147,148,50,150,117,152,84,31,193,93,27,158,171,0,154,95,57,16,55,166,143,139,169,170,114,168,124,174,187,176,92,178,179,180,90,161,183,184,35,186,107,188,142,44,116,103,155,21,177,157,144,78,8,];False
4945;9742;14687;[81,88,15,3,110,5,132,32,85,14,187,29,134,13,153,199,75,17,72,19,172,194,22,23,24,191,140,7,43,11,30,102,12,135,34,185,25,37,38,108,40,165,151,52,163,45,36,47,48,49,62,119,28,128,53,120,79,51,58,59,131,61,149,63,2,167,66,67,60,113,160,105,106,73,98,65,71,77,89,198,80,87,82,83,56,76,94,146,42,156,9,91,100,74,126,162,68,97,175,99,115,101,26,192,104,195,33,127,70,181,41,96,112,69,190,10,173,164,118,86,4,121,122,123,159,125,39,182,111,64,130,54,6,129,133,18,136,137,138,20,196,141,189,46,197,145,109,147,148,50,150,117,152,84,31,193,93,27,155,171,0,154,95,57,16,55,166,143,139,169,170,114,168,124,174,1,176,92,178,179,180,90,161,183,184,35,186,107,188,142,44,116,103,158,21,177,157,144,78,8,];False
4995;9691;14686;[81,88,15,3,110,5,132,32,85,14,187,29,134,13,153,199,75,17,72,19,172,194,22,23,24,25,140,7,43,11,30,102,12,135,34,185,36,37,38,108,40,165,151,52,163,45,191,47,48,49,62,119,28,128,53,120,79,51,58,59,131,61,149,63,2,86,66,67,60,69,160,105,106,73,98,65,71,77,89,198,80,87,82,83,56,76,94,146,42,156,9,91,100,74,126,162,68,97,175,99,115,101,26,192,104,195,33,127,70,181,41,96,112,113,190,10,173,164,118,167,4,121,122,123,159,125,39,182,111,64,130,54,6,129,133,18,136,137,138,20,196,141,189,21,197,145,109,147,148,50,150,117,152,84,31,193,93,27,158,171,0,154,95,57,16,55,166,143,139,169,170,114,168,124,174,1,176,92,178,179,180,90,161,183,184,35,186,107,188,142,44,116,103,155,46,177,157,144,78,8,];False
4989;9697;14686;[81,88,15,3,110,5,132,32,85,14,187,29,134,13,9,199,75,17,72,19,172,194,22,23,24,25,140,7,43,11,30,102,12,135,34,185,36,37,38,108,40,165,151,52,163,45,191,47,48,49,62,119,28,128,53,120,79,51,58,59,131,61,149,63,2,86,66,67,60,69,160,159,106,73,98,65,71,77,89,90,80,87,82,83,56,76,94,146,42,156,153,91,100,74,126,162,68,97,175,99,115,101,26,192,104,195,33,127,70,181,41,96,112,113,190,10,173,164,118,167,4,121,122,123,105,125,39,182,111,64,130,54,6,129,133,18,136,137,138,20,196,141,189,46,197,145,109,147,148,50,150,117,152,84,31,193,93,27,158,171,0,154,95,57,16,55,166,143,139,169,170,114,168,124,174,1,176,92,178,179,180,198,161,183,184,35,186,107,188,142,44,116,103,155,21,177,157,144,78,8,];False
4951;9734;14685;[81,88,15,3,110,5,132,103,85,14,187,29,134,13,153,199,75,17,72,19,172,194,22,23,24,191,140,7,43,11,30,102,12,135,34,185,36,37,38,108,40,165,151,52,163,45,25,47,48,49,62,119,28,128,53,120,79,51,58,59,131,61,149,63,2,167,66,67,60,113,160,105,106,73,98,65,71,77,89,198,80,87,82,83,56,76,94,146,42,156,9,91,100,74,126,162,68,97,175,99,115,101,26,192,104,195,33,127,70,181,41,96,112,69,190,10,173,164,118,86,4,121,122,123,159,125,39,182,111,64,130,54,6,129,133,18,136,137,138,20,196,141,189,46,197,145,109,147,148,50,150,117,152,84,31,193,93,27,155,171,0,154,95,57,16,55,166,143,139,169,170,114,168,124,174,1,176,92,178,179,180,90,161,183,184,35,186,107,188,142,44,116,32,158,21,177,157,144,78,8,];False
4953;9723;14676;[81,88,15,3,110,5,132,32,85,14,187,29,134,13,153,199,75,66,72,19,172,194,22,23,24,191,140,7,43,11,30,102,12,135,34,185,36,37,38,108,40,165,151,52,163,45,25,47,48,49,62,119,28,128,53,120,79,51,58,59,131,61,149,63,2,167,17,67,60,113,160,105,106,73,98,65,71,77,89,198,80,87,82,83,56,76,94,146,42,156,9,91,100,74,126,162,68,97,175,99,115,101,26,192,104,195,33,127,70,181,41,96,112,69,190,10,173,164,118,86,4,121,122,123,159,125,39,182,111,64,130,54,6,129,133,18,136,137,138,20,196,141,189,46,197,145,109,147,148,50,150,117,152,84,31,193,93,27,155,171,0,154,95,57,16,55,166,143,139,169,170,114,168,124,174,1,176,92,178,179,180,90,161,183,184,35,186,107,188,142,44,116,103,158,21,177,157,144,78,8,];False
4960;9715;14675;[81,88,15,3,110,5,132,32,85,14,187,29,35,13,153,199,75,17,72,19,172,194,22,23,24,191,140,7,43,11,30,102,12,135,34,185,36,37,38,108,40,111,151,52,163,45,25,47,48,49,62,119,28,128,53,120,79,51,58,59,131,61,149,63,2,167,66,67,60,113,160,105,106,73,98,65,71,77,89,198,80,87,82,83,56,76,94,146,42,156,9,91,100,74,126,162,68,97,175,99,115,101,26,192,104,195,33,127,70,181,41,96,112,69,190,10,173,164,118,86,4,121,122,123,159,125,39,182,165,64,130,54,6,129,133,18,136,137,138,20,196,141,189,46,197,145,109,147,148,50,150,117,152,84,31,193,93,27,155,171,0,154,95,57,16,55,166,143,139,169,170,114,168,124,174,1,176,92,178,179,180,90,161,183,184,134,186,107,188,142,44,116,103,158,21,177,157,144,78,8,];False
4980;9694;14674;[81,88,15,3,110,5,132,32,85,14,187,29,134,13,9,199,75,17,72,19,172,194,22,23,24,25,140,7,43,11,30,102,12,135,34,185,36,37,38,108,40,165,151,52,163,45,191,47,48,49,62,119,28,128,53,120,79,51,58,59,131,61,149,63,2,86,66,67,60,69,160,159,106,73,98,65,71,77,89,198,80,87,82,83,56,76,94,146,42,156,153,91,100,74,126,162,68,97,175,99,115,101,26,192,104,195,33,127,70,181,41,96,112,113,190,10,173,164,118,167,4,121,122,123,105,125,39,182,111,64,130,54,6,129,133,18,136,137,138,20,196,141,189,46,197,145,109,147,148,50,150,117,152,84,31,193,93,27,158,171,0,154,95,57,16,55,166,143,139,169,170,114,168,124,174,1,176,92,178,179,180,90,161,183,184,35,186,107,188,142,44,116,103,155,21,177,157,144,78,8,];False
4972;9698;14670;[81,88,15,3,110,5,132,32,85,14,187,29,35,13,153,199,108,17,72,19,172,194,22,23,24,89,140,7,43,11,30,102,12,135,34,185,36,37,38,75,40,165,151,52,163,45,25,47,48,49,62,119,28,128,53,120,79,51,58,59,131,61,149,63,2,167,66,67,60,113,160,105,106,73,98,65,71,77,191,198,80,87,82,83,56,76,94,146,42,156,9,91,100,74,126,162,68,97,175,99,115,101,26,192,104,195,33,127,70,181,41,96,112,69,190,10,173,164,118,86,4,121,122,123,159,125,39,182,111,64,130,54,6,129,133,18,136,137,138,20,196,141,189,46,197,145,109,147,148,50,150,117,152,84,31,193,93,27,155,171,0,154,95,57,16,55,166,143,139,169,170,114,168,124,174,1,176,92,178,179,180,90,161,183,184,134,186,107,188,142,44,116,103,158,21,177,157,144,78,8,];False
5049;9617;14666;[81,88,15,3,110,5,132,32,85,14,187,29,134,13,153,199,75,17,72,19,172,194,22,23,24,25,140,7,43,11,30,102,12,135,34,185,36,37,38,108,40,165,151,52,163,45,191,47,48,49,62,119,28,128,53,120,79,51,58,59,131,61,149,63,2,86,66,67,60,69,160,105,106,73,82,65,71,77,89,198,80,87,98,83,56,76,94,146,42,156,9,91,100,74,126,162,68,97,175,99,115,101,26,192,104,195,33,127,70,181,41,96,112,113,190,10,173,164,118,167,4,121,122,123,159,125,39,182,111,64,130,54,6,129,133,18,136,137,138,20,196,141,189,46,197,145,109,147,148,50,150,117,152,84,31,193,93,27,158,171,0,154,95,57,16,55,166,143,139,169,170,114,168,124,174,1,176,92,178,179,180,90,161,183,184,35,186,107,188,142,44,116,103,155,21,177,157,144,78,8,];False
4938;9727;14665;[81,88,15,3,110,5,132,32,85,14,187,29,134,13,153,199,75,17,72,19,172,194,22,23,24,191,140,7,43,11,30,102,12,135,34,185,36,37,38,108,40,41,151,52,163,45,25,47,48,49,62,119,28,128,53,120,79,51,58,59,131,61,149,63,2,167,66,67,60,113,160,105,106,73,98,65,71,77,89,198,80,87,82,83,56,76,94,146,42,156,9,91,100,74,126,162,68,97,175,99,115,101,26,192,104,195,33,127,70,181,165,96,112,69,190,10,173,164,118,86,4,121,122,123,159,125,39,182,111,64,130,54,6,129,133,18,136,137,138,20,196,141,189,46,197,145,109,147,148,50,150,117,152,84,31,193,93,27,155,171,0,154,95,57,16,55,166,143,139,169,170,114,168,124,174,1,176,92,178,179,180,90,161,183,184,35,186,107,188,142,44,116,103,158,21,177,157,144,78,8,];False
5009;9654;14663;[81,88,15,3,110,5,132,32,85,14,187,17,134,13,153,199,75,29,72,19,172,194,22,23,24,25,140,7,43,11,30,102,12,135,34,185,36,37,38,108,40,165,151,52,163,45,191,47,48,49,62,119,28,128,53,120,79,51,58,59,131,61,149,63,2,86,66,67,60,69,160,105,106,73,98,65,71,77,89,198,80,87,82,83,56,76,94,146,42,156,9,91,100,74,126,162,68,97,175,99,115,101,26,192,104,195,33,127,70,181,41,96,112,113,190,10,173,164,118,167,4,121,122,123,159,125,39,182,111,64,130,54,6,129,133,18,136,137,138,20,196,141,189,46,197,145,109,147,148,50,150,117,152,84,31,193,93,27,158,171,0,154,95,57,16,55,166,143,139,169,170,114,168,124,174,1,176,92,178,179,180,90,161,183,184,35,186,107,188,142,44,116,103,155,21,177,157,144,78,8,];False
4941;9718;14659;[81,88,15,3,110,5,132,32,85,14,187,29,35,13,153,199,75,17,72,19,172,194,22,23,24,191,140,7,43,11,30,102,12,135,34,185,36,37,38,108,40,165,151,52,163,45,25,47,48,49,62,119,28,128,53,120,79,51,58,59,131,61,149,63,2,167,66,67,60,113,160,105,106,73,98,65,71,77,89,198,80,87,82,83,56,76,94,146,42,156,137,91,100,74,126,162,68,97,175,99,115,101,26,192,104,195,33,127,70,181,41,96,112,69,190,10,173,164,118,86,4,121,122,123,159,125,39,182,111,64,130,54,6,129,133,18,136,9,138,20,196,141,189,46,197,145,109,147,148,50,150,117,152,84,31,193,93,27,155,171,0,154,95,57,16,55,166,143,139,169,170,114,168,124,174,1,176,92,178,179,180,90,161,183,184,134,186,107,188,142,44,116,103,158,21,177,157,144,78,8,];False
5019;9638;14657;[81,88,15,3,110,5,132,32,85,14,187,29,134,13,153,199,75,17,72,19,172,194,22,23,24,25,140,7,43,11,30,102,12,135,34,185,36,37,38,108,40,165,151,52,163,45,191,47,48,49,62,119,28,128,53,120,79,51,58,59,131,61,149,63,2,86,66,67,60,69,160,159,106,73,98,65,71,77,89,198,80,87,82,83,56,76,94,146,42,156,9,91,100,74,126,162,68,97,175,99,115,101,26,192,104,190,33,127,70,181,41,96,112,113,195,10,173,164,118,167,4,121,122,123,105,125,39,182,111,64,130,54,6,129,133,18,136,137,138,20,196,141,189,46,197,145,109,147,148,50,150,117,152,84,31,193,93,27,158,171,0,154,95,57,16,55,166,143,139,169,170,114,168,124,174,1,176,92,178,179,180,90,161,183,184,35,186,107,188,142,44,116,103,155,21,177,157,144,78,8,];False
4936;9719;14655;[81,88,15,3,110,5,132,32,85,14,187,29,134,13,153,199,75,17,72,19,172,194,22,23,24,191,182,7,43,11,30,102,12,135,34,185,36,37,38,108,40,165,151,52,163,45,25,47,48,49,62,119,28,128,53,120,79,51,58,59,131,61,149,63,2,167,66,67,60,113,160,105,106,73,98,65,71,77,89,198,80,87,82,83,56,76,94,146,42,156,9,91,100,74,126,162,68,97,175,99,115,101,26,192,104,195,33,127,70,181,41,96,112,69,190,10,173,164,118,86,4,121,122,123,159,125,39,140,111,64,130,54,6,129,133,18,136,137,138,20,196,141,189,46,197,145,109,147,148,50,150,117,152,84,31,193,93,27,155,171,0,154,95,57,16,55,166,143,139,169,170,114,168,124,174,1,176,92,178,179,180,90,161,183,184,35,186,107,188,142,44,116,103,158,21,177,157,144,78,8,];False
4910;9745;14655;[81,88,15,3,110,5,132,32,85,14,187,29,35,13,27,199,75,17,72,19,172,194,22,23,24,191,140,7,43,11,30,102,12,135,34,185,36,37,38,108,40,165,151,52,163,45,25,47,48,49,62,119,28,128,53,120,79,51,58,59,131,61,149,63,2,167,66,67,60,113,160,105,106,73,98,65,71,77,89,198,80,87,82,83,56,76,94,146,42,156,9,91,100,74,126,162,68,97,175,99,115,101,26,192,104,195,33,127,70,181,41,96,112,69,190,10,173,164,118,86,4,121,122,123,159,125,39,182,111,64,130,54,6,129,133,18,136,137,138,20,196,141,189,46,197,145,109,147,148,50,150,117,152,84,31,193,93,153,155,171,0,154,95,57,16,55,166,143,139,169,170,114,168,124,174,1,176,92,178,179,180,90,161,183,184,134,186,107,188,142,44,116,103,158,21,177,157,144,78,8,];False
4970;9682;14652;[81,88,15,3,110,5,132,32,85,14,187,29,134,13,194,199,75,17,72,19,172,153,22,23,24,25,140,7,43,11,30,102,12,135,34,185,36,37,38,108,40,165,151,52,163,45,191,47,48,49,62,119,28,128,53,120,79,51,58,59,131,61,149,63,2,86,66,67,60,69,160,105,106,73,98,65,71,77,89,198,80,87,82,83,56,76,94,146,42,156,9,91,100,74,126,162,68,97,175,99,115,101,26,192,104,195,33,127,70,181,41,96,112,113,190,10,173,164,118,167,4,121,122,123,159,125,39,182,111,64,130,54,6,129,133,18,136,137,138,20,196,141,189,46,197,145,109,147,148,50,150,117,152,84,31,193,93,27,158,171,0,154,95,57,16,55,166,143,139,169,170,114,168,124,174,1,176,92,178,179,180,90,161,183,184,35,186,107,188,142,44,116,103,155,21,177,157,144,78,8,];False
4889;9762;14651;[81,88,15,3,110,5,132,32,85,14,187,29,134,13,153,199,75,17,72,19,172,194,22,23,24,191,140,7,43,11,30,178,12,135,34,185,36,37,38,108,40,165,151,52,163,45,25,47,48,49,62,119,28,128,53,120,79,51,58,59,131,61,149,63,2,167,66,67,60,113,160,105,106,73,98,65,71,77,89,198,80,87,82,83,56,76,94,146,42,156,9,91,100,74,126,162,68,97,175,99,115,101,26,192,104,195,33,127,70,181,41,96,112,69,190,10,173,164,118,86,4,121,122,123,159,125,39,182,111,64,130,54,6,129,133,18,136,137,138,20,196,141,189,46,197,145,109,147,148,50,150,117,152,84,31,193,93,27,155,171,0,154,95,57,16,55,166,143,139,169,170,114,168,124,174,1,176,92,102,179,180,90,161,183,184,35,186,107,188,142,44,116,103,158,21,177,157,144,78,8,];False
4937;9712;14649;[81,88,15,3,110,5,132,32,85,14,187,29,134,13,153,199,75,17,72,19,172,194,22,23,24,191,140,7,43,11,30,102,12,135,34,185,36,37,38,108,40,165,151,52,163,45,25,47,48,49,62,119,28,180,53,120,79,51,58,59,131,61,149,63,2,167,66,67,60,113,160,105,106,73,98,65,71,77,89,198,80,87,82,83,56,76,94,146,42,156,9,91,100,74,126,162,68,97,175,99,115,101,26,192,104,195,33,127,70,181,41,96,112,69,190,10,173,164,118,86,4,121,122,123,159,125,39,182,111,64,130,54,6,129,133,18,136,137,138,20,196,141,189,46,197,145,109,147,148,50,150,117,152,84,31,193,93,27,155,171,0,154,95,57,16,55,166,143,139,169,170,114,168,124,174,1,176,92,178,179,128,90,161,183,184,35,186,107,188,142,44,116,103,158,21,177,157,144,78,8,];False
5003;9645;14648;[81,88,15,3,110,5,132,32,85,14,187,29,134,13,153,199,75,17,72,19,172,194,22,23,24,25,140,7,43,11,30,102,12,135,34,185,36,37,38,108,40,165,151,52,163,45,191,47,48,49,62,119,28,128,53,120,79,51,58,59,131,61,149,63,2,86,66,67,60,69,160,105,106,73,98,65,71,77,89,1,80,87,82,83,56,76,94,146,42,156,9,91,100,74,126,162,68,97,175,99,115,101,26,192,104,195,33,127,70,181,41,96,112,113,190,10,173,164,118,167,4,121,122,123,159,125,39,182,111,64,130,54,6,129,133,18,136,137,138,20,196,141,189,46,197,145,109,147,148,50,150,117,152,84,31,193,93,27,158,171,0,154,95,57,16,55,166,143,139,169,170,114,168,124,174,198,176,92,178,179,180,90,161,183,184,35,186,107,188,142,44,116,103,155,21,177,157,144,78,8,];False
4990;9657;14647;[81,88,15,3,110,5,132,32,85,14,187,29,134,13,153,199,75,17,72,19,172,194,22,23,24,25,140,7,43,11,30,102,12,135,34,185,36,37,38,108,40,165,151,52,163,45,191,47,48,49,62,119,28,128,53,120,79,51,58,59,131,61,149,63,2,86,66,67,60,69,160,105,106,73,98,65,71,77,89,198,80,87,82,83,56,76,94,146,42,156,9,91,100,74,126,162,68,97,175,99,115,101,26,192,104,195,33,127,70,181,41,96,112,113,190,10,173,164,118,167,4,121,122,123,159,125,39,182,111,64,130,54,6,129,133,18,136,137,138,20,196,141,189,46,197,145,109,147,148,50,150,117,144,84,31,193,93,27,158,171,0,154,95,57,16,55,166,143,139,169,170,114,168,124,174,1,176,92,178,179,180,90,161,183,184,35,186,107,188,142,44,116,103,155,21,177,157,152,78,8,];False
4872;9775;14647;[81,88,15,3,110,5,132,32,85,14,187,29,134,13,153,199,75,17,72,19,172,194,22,23,24,191,140,7,43,11,30,102,12,135,34,185,36,37,38,108,40,165,151,52,163,45,25,47,48,49,8,119,28,128,53,120,79,51,58,59,131,61,149,63,2,167,66,67,60,113,160,105,106,73,98,65,71,77,89,198,80,87,82,83,56,76,94,146,42,156,9,91,100,74,126,162,68,97,175,99,115,101,26,192,104,195,33,127,70,181,41,96,112,69,190,10,173,164,118,86,4,121,122,123,159,125,39,182,111,64,130,54,6,129,133,18,136,137,138,20,196,141,189,46,197,145,109,147,148,50,150,117,152,84,31,193,93,27,155,171,0,154,95,57,16,55,166,143,139,169,170,114,168,124,174,1,176,92,178,179,180,90,161,183,184,35,186,107,188,142,44,116,103,158,21,177,157,144,78,62,];False
4914;9731;14645;[81,88,15,3,110,5,132,32,85,14,187,29,134,13,153,199,75,17,72,19,99,194,22,23,24,191,140,7,43,11,30,102,12,135,34,185,36,37,38,108,40,165,151,52,163,45,25,47,48,49,62,119,28,128,53,120,79,51,58,59,131,61,149,63,2,167,66,67,60,113,160,105,106,73,98,65,71,77,89,198,80,87,82,83,56,76,94,146,42,156,9,91,100,74,126,162,68,97,175,172,115,101,26,192,104,195,33,127,70,181,41,96,112,69,190,10,173,164,118,86,4,121,122,123,159,125,39,182,111,64,130,54,6,129,133,18,136,137,138,20,196,141,189,46,197,145,109,147,148,50,150,117,152,84,31,193,93,27,155,171,0,154,95,57,16,55,166,143,139,169,170,114,168,124,174,1,176,92,178,179,180,90,161,183,184,35,186,107,188,142,44,116,103,158,21,177,157,144,78,8,];False
4955;9686;14641;[81,88,15,3,110,5,132,32,85,14,187,29,35,13,153,199,108,17,72,19,172,194,22,23,24,191,140,7,43,11,30,102,12,135,34,185,36,37,38,75,40,165,151,52,163,45,25,47,48,49,62,119,28,128,53,120,79,51,58,59,131,61,149,63,2,167,66,67,60,113,160,105,106,73,101,65,71,77,89,198,80,87,82,83,56,76,94,146,42,156,9,91,100,74,126,162,68,97,175,99,115,98,26,192,104,195,33,127,70,181,41,96,112,69,190,10,173,164,118,86,4,121,122,123,159,125,39,182,111,64,130,54,6,129,133,18,136,137,138,20,196,141,189,46,197,145,109,147,148,50,150,117,152,84,31,193,93,27,155,171,0,154,95,57,16,55,166,143,139,169,170,114,168,124,174,1,176,92,178,179,180,90,161,183,184,134,186,107,188,142,44,116,103,158,21,177,157,144,78,8,];False
4968;9671;14639;[81,88,15,3,110,5,132,32,85,14,187,29,35,13,153,199,108,17,72,19,172,194,22,23,24,191,124,7,43,11,30,102,12,135,34,185,36,37,38,75,40,165,151,52,163,45,25,47,48,49,62,119,28,128,53,120,79,51,58,59,131,61,149,63,2,167,66,67,60,113,160,105,106,73,98,65,71,77,89,198,80,87,82,83,56,76,94,146,42,156,9,91,100,74,126,162,68,97,175,99,115,101,26,192,104,195,33,127,70,181,41,96,112,69,190,10,173,164,118,86,4,121,122,123,159,125,39,182,111,64,130,54,6,129,133,18,136,137,138,20,196,141,189,46,197,145,109,147,148,50,150,117,152,84,31,193,93,27,155,171,0,154,95,57,16,55,166,143,139,169,170,114,168,140,174,1,176,92,178,179,180,90,161,183,184,134,186,107,188,142,44,116,103,158,21,177,157,144,78,8,];False
4910;9728;14638;[81,88,15,3,110,5,132,32,85,14,187,29,35,13,153,199,75,17,72,19,172,194,22,23,24,191,140,7,43,11,30,102,12,135,34,185,36,37,38,108,40,165,151,52,163,45,25,47,48,49,62,119,28,128,53,120,79,51,58,59,131,61,149,63,2,167,66,67,60,113,160,105,106,73,98,107,71,77,89,198,80,87,82,83,56,76,94,146,42,156,9,91,100,74,126,162,68,97,175,99,115,101,26,192,104,195,33,127,70,181,41,96,112,69,190,10,173,164,118,86,4,121,122,123,159,125,39,182,111,64,130,54,6,129,133,18,136,137,138,20,196,141,189,46,197,145,109,147,148,50,150,117,152,84,31,193,93,27,155,171,0,154,95,57,16,55,166,143,139,169,170,114,168,124,174,1,176,92,178,179,180,90,161,183,184,134,186,65,188,142,44,116,103,158,21,177,157,144,78,8,];False
4943;9692;14635;[81,88,15,3,110,5,132,32,85,14,187,29,134,13,153,199,75,17,72,19,172,194,22,23,24,191,140,7,43,11,30,102,12,135,34,185,36,37,38,108,40,165,151,52,163,45,25,47,48,49,62,119,78,128,53,120,79,51,58,59,131,61,149,63,2,167,66,67,60,113,160,105,106,73,98,65,71,77,89,198,80,87,82,83,56,76,94,146,42,156,9,91,100,74,126,162,68,97,175,99,115,101,26,192,104,195,33,127,70,181,41,96,112,69,190,10,173,164,118,86,4,121,122,123,159,125,39,182,111,64,130,54,6,129,133,18,136,137,138,20,196,141,189,46,197,145,109,147,148,50,150,117,152,84,31,193,93,27,155,171,0,154,95,57,16,55,166,143,139,169,170,114,168,124,174,1,176,92,178,179,180,90,161,183,184,35,186,107,188,142,44,116,103,158,21,177,157,144,28,8,];False
4852;9779;14631;[81,88,15,3,110,5,132,32,85,14,187,29,134,13,153,199,75,17,72,167,172,194,22,23,24,191,140,7,43,11,30,102,12,135,34,185,36,37,38,108,40,165,151,52,163,45,25,47,48,49,62,119,28,128,53,120,79,51,58,59,131,61,149,63,2,19,66,67,60,113,160,105,106,73,98,65,71,77,89,198,80,87,82,83,56,76,94,146,42,156,9,91,100,74,126,162,68,97,175,99,115,101,26,192,104,195,33,127,70,181,41,96,112,69,190,10,173,164,118,86,4,121,122,123,159,125,39,182,111,64,130,54,6,129,133,18,136,137,138,20,196,141,189,46,197,145,109,147,148,50,150,117,152,84,31,193,93,27,155,171,0,154,95,57,16,55,166,143,139,169,170,114,168,124,174,1,176,92,178,179,180,90,161,183,184,35,186,107,188,142,44,116,103,158,21,177,157,144,78,8,];False
4924;9705;14629;[81,88,15,3,110,5,132,32,85,14,187,29,134,13,153,199,75,17,72,19,172,194,22,23,24,191,140,7,43,11,30,102,12,135,34,185,36,37,38,108,40,165,151,52,163,45,25,47,48,49,62,119,28,128,53,120,79,51,58,59,131,61,149,63,155,167,66,67,60,113,160,105,106,73,98,65,71,77,89,198,80,87,82,83,56,76,94,146,42,156,9,91,100,74,126,162,68,97,175,99,115,101,26,192,104,195,33,127,70,181,41,96,112,69,190,10,173,164,118,86,4,121,122,123,159,125,39,182,111,64,130,54,6,129,133,18,136,137,138,20,196,141,189,46,197,145,109,147,148,50,150,117,152,84,31,193,93,27,2,171,0,154,95,57,16,55,166,143,139,169,170,114,168,124,174,1,176,92,178,179,180,90,161,183,184,35,186,107,188,142,44,116,103,158,21,177,157,144,78,8,];False
4944;9685;14629;[81,88,15,3,110,5,132,32,85,14,187,29,134,13,153,199,75,17,72,19,172,194,22,23,24,191,140,7,43,11,30,102,12,135,34,185,36,37,38,108,40,165,151,52,163,45,25,47,48,49,62,119,28,128,53,120,79,51,58,59,131,61,149,142,2,167,66,67,60,113,160,105,106,73,98,65,71,77,89,198,80,87,82,83,56,76,94,146,42,156,9,91,100,74,126,162,68,97,175,99,115,101,26,192,104,195,33,127,70,181,41,96,112,69,190,10,173,164,118,86,4,121,122,123,159,125,39,182,111,64,130,54,6,129,133,18,136,137,138,20,196,141,189,46,197,145,109,147,148,50,150,117,152,84,31,193,93,27,155,171,0,154,95,57,16,55,166,143,139,169,170,114,168,124,174,1,176,92,178,179,180,90,161,183,184,35,186,107,188,63,44,116,103,158,21,177,157,144,78,8,];False
4933;9696;14629;[81,88,15,3,110,5,132,32,85,14,187,29,157,13,153,199,75,17,72,19,172,194,22,23,24,191,140,7,43,11,30,102,12,135,34,185,36,37,38,108,40,165,151,52,163,45,25,47,48,49,62,119,28,128,53,120,79,51,58,59,131,61,149,63,2,167,66,67,60,113,160,105,106,73,98,65,71,77,89,198,80,87,82,83,56,76,94,146,42,156,9,91,100,74,126,162,68,97,175,99,115,101,26,192,104,195,33,127,70,181,41,96,112,69,190,10,173,164,118,86,4,121,122,123,159,125,39,182,111,64,130,54,6,129,133,18,136,137,138,20,196,141,189,46,197,145,109,147,148,50,150,117,152,84,31,193,93,27,155,171,0,154,95,57,16,55,166,143,139,169,170,114,168,124,174,1,176,92,178,179,180,90,161,183,184,35,186,107,188,142,44,116,103,158,21,177,134,144,78,8,];False
4885;9741;14626;[81,88,15,3,110,5,132,32,85,14,187,29,134,13,153,199,75,17,72,19,172,194,22,23,24,191,140,7,43,11,30,102,12,135,34,185,36,37,38,108,40,165,151,52,163,45,25,47,48,49,62,119,28,128,53,120,79,51,58,59,131,61,149,63,2,167,66,67,60,113,160,105,106,73,98,65,154,77,89,198,80,87,82,83,56,76,94,146,42,156,9,91,100,74,126,162,68,97,175,99,115,101,26,192,104,195,33,127,70,181,41,96,112,69,190,10,173,164,118,86,4,121,122,123,159,125,39,182,111,64,130,54,6,129,133,18,136,137,138,20,196,141,189,46,197,145,109,147,148,50,150,117,152,84,31,193,93,27,155,171,0,71,95,57,16,55,166,143,139,169,170,114,168,124,174,1,176,92,178,179,180,90,161,183,184,35,186,107,188,142,44,116,103,158,21,177,157,144,78,8,];False
4916;9708;14624;[81,88,15,3,110,5,132,32,85,14,108,29,134,13,153,199,75,17,72,19,172,194,22,23,24,191,140,7,43,11,30,102,12,135,34,185,36,37,38,187,40,165,151,52,163,45,25,47,48,49,62,119,28,128,53,120,79,51,58,59,131,61,149,63,2,167,66,67,60,113,160,105,106,73,98,65,71,77,89,198,80,87,82,83,56,76,94,146,42,156,9,91,100,74,126,162,68,97,175,99,115,101,26,192,104,195,33,127,70,181,41,96,112,69,190,10,173,164,118,86,4,121,122,123,159,125,39,182,111,64,130,54,6,129,133,18,136,137,138,20,196,141,189,46,197,145,109,147,148,50,150,117,152,84,31,193,93,27,155,171,0,154,95,57,16,55,166,143,139,169,170,114,168,124,174,1,176,92,178,179,180,90,161,183,184,35,186,107,188,142,44,116,103,158,21,177,157,144,78,8,];False
4950;9673;14623;[81,88,15,3,110,5,132,32,85,14,187,29,134,13,153,199,75,17,72,19,172,194,22,23,24,191,140,7,43,11,30,102,12,135,34,185,36,37,38,108,40,165,151,52,163,45,25,47,48,49,62,119,28,128,53,120,79,51,58,59,131,61,149,63,2,86,66,67,60,113,160,105,106,73,98,65,71,77,89,198,80,87,82,83,56,76,94,146,42,156,9,91,100,74,126,162,68,97,175,99,115,101,26,192,104,195,33,127,70,181,41,96,112,69,190,10,173,164,118,167,197,121,122,123,159,125,39,182,111,64,130,54,6,129,133,18,136,137,138,20,196,141,189,46,4,145,109,147,148,50,150,117,152,84,31,193,93,27,158,171,0,154,95,57,16,55,166,143,139,169,170,114,168,124,174,1,176,92,178,179,180,90,161,183,184,35,186,107,188,142,44,116,103,155,21,177,157,144,78,8,];False
4940;9683;14623;[81,88,15,3,110,5,132,32,85,14,187,29,35,13,153,199,75,17,72,19,172,194,22,23,24,191,140,7,43,11,30,102,12,135,34,185,36,37,38,108,40,165,151,52,163,45,25,47,48,49,62,119,28,128,53,120,79,51,58,59,131,61,149,63,2,167,66,67,60,113,160,105,106,73,98,65,71,77,89,198,80,87,82,83,56,76,94,146,42,156,9,91,100,74,126,162,68,97,175,99,115,101,26,192,104,195,33,127,70,181,64,96,112,69,190,10,173,164,118,86,4,121,122,123,159,125,39,182,111,41,130,54,6,129,133,18,136,137,138,20,196,141,189,46,197,145,109,147,148,50,150,117,152,84,31,193,93,27,155,171,0,154,95,57,16,55,166,143,139,169,170,114,168,124,174,1,176,92,178,179,180,90,161,183,184,134,186,107,188,142,44,116,103,158,21,177,157,144,78,8,];False
4905;9714;14619;[81,88,15,3,110,5,132,32,85,14,187,29,35,13,153,199,108,17,72,19,172,194,22,23,24,191,140,7,43,11,30,102,12,135,34,185,36,37,38,75,40,165,151,52,163,45,25,47,48,49,62,119,28,128,53,120,79,51,58,59,131,61,149,63,2,167,66,67,60,113,160,105,106,73,98,65,196,77,89,198,80,87,82,83,56,76,94,146,42,156,9,91,100,74,126,162,68,97,175,99,115,101,26,192,104,195,33,127,70,181,41,96,112,69,190,10,173,164,118,86,4,121,122,123,159,125,39,182,111,64,130,54,6,129,133,103,136,137,138,20,71,141,189,46,197,145,109,147,148,50,150,117,152,84,31,193,93,27,155,171,0,154,95,57,16,55,166,143,139,169,170,114,168,124,174,1,176,92,178,179,180,90,161,183,184,134,186,107,188,142,44,116,18,158,21,177,157,144,78,8,];False
4994;9624;14618;[81,88,15,3,110,5,132,32,85,14,187,29,134,13,153,199,75,17,72,19,172,194,22,23,24,25,140,7,43,11,30,102,12,135,34,185,36,37,38,108,40,165,151,52,163,45,191,47,48,49,62,119,28,128,53,120,79,51,58,59,131,16,149,63,2,86,66,67,60,69,160,159,106,73,98,65,71,77,89,198,80,87,82,83,56,76,94,146,42,156,9,91,100,74,126,162,68,97,175,99,115,101,26,192,104,195,33,127,70,181,41,96,112,113,190,10,173,164,118,167,4,121,122,123,105,125,39,182,111,64,130,54,6,129,133,18,136,137,138,20,196,141,189,46,197,145,109,147,148,50,150,117,152,84,31,193,93,27,158,171,0,154,95,57,61,55,166,143,139,169,170,114,168,124,174,1,176,92,178,179,180,90,161,183,184,35,186,107,188,142,44,116,103,155,21,177,157,144,78,8,];False
4865;9751;14616;[81,88,15,3,110,5,132,32,85,14,187,29,134,13,153,199,75,17,72,189,172,194,22,23,24,191,140,7,43,11,30,102,12,135,34,185,36,37,38,108,40,165,151,52,163,45,25,47,48,49,62,119,28,128,53,120,79,51,58,59,131,61,149,63,2,167,66,67,60,113,160,105,106,73,98,65,71,77,89,198,80,87,82,83,56,76,94,146,42,156,9,91,100,74,126,162,68,97,175,99,115,101,26,192,104,195,33,127,70,181,41,96,112,69,190,10,173,164,118,86,4,121,122,123,159,125,39,182,111,64,130,54,6,129,133,18,136,137,138,20,196,141,19,46,197,145,109,147,148,50,150,117,152,84,31,193,93,27,155,171,0,154,95,57,16,55,166,143,139,169,170,114,168,124,174,1,176,92,178,179,180,90,161,183,184,35,186,107,188,142,44,116,103,158,21,177,157,144,78,8,];False
4899;9715;14614;[81,88,15,3,110,5,132,32,85,14,187,29,35,13,153,42,108,17,72,19,172,194,22,23,24,191,140,7,43,11,30,102,12,135,34,185,36,37,38,75,40,165,151,52,163,45,25,47,48,49,62,119,28,128,53,120,79,51,58,59,131,61,149,63,2,167,66,67,60,113,160,105,106,73,98,65,71,77,89,198,80,87,82,83,56,76,94,146,199,156,9,91,100,74,126,162,68,97,175,99,115,101,26,192,104,195,33,127,70,181,41,96,112,69,190,10,173,164,118,86,4,121,122,123,159,125,39,182,111,64,130,54,6,129,133,18,136,137,138,20,196,141,189,46,197,145,109,147,148,50,150,117,152,84,31,193,93,27,155,171,0,154,95,57,16,55,166,143,139,169,170,114,168,124,174,1,176,92,178,179,180,90,161,183,184,134,186,107,188,142,44,116,103,158,21,177,157,144,78,8,];False
4871;9742;14613;[81,88,15,3,110,5,132,32,85,14,187,29,134,13,153,199,75,17,72,19,172,194,22,23,24,191,140,7,43,11,30,102,12,135,34,185,36,37,38,108,113,165,151,52,163,45,25,47,48,49,62,119,28,128,53,120,79,51,58,59,131,61,149,63,2,167,66,67,60,40,160,105,106,73,98,65,71,77,89,198,80,87,82,83,56,76,94,146,42,156,9,91,100,74,126,162,68,97,175,99,115,101,26,192,104,195,33,127,70,181,41,96,112,69,190,10,173,164,118,86,4,121,122,123,159,125,39,182,111,64,130,54,6,129,133,18,136,137,138,20,196,141,189,46,197,145,109,147,148,50,150,117,152,84,31,193,93,27,155,171,0,154,95,57,16,55,166,143,139,169,170,114,168,124,174,1,176,92,178,179,180,90,161,183,184,35,186,107,188,142,44,116,103,158,21,177,157,144,78,8,];False
4915;9696;14611;[81,88,15,3,110,5,132,32,85,14,187,29,35,13,153,199,108,17,72,19,172,194,22,23,24,191,140,7,43,11,30,102,12,135,34,185,36,37,38,75,40,165,151,52,163,45,25,47,48,49,62,119,28,128,53,120,79,51,58,59,131,61,149,63,2,167,66,67,60,113,160,105,106,73,98,65,71,77,89,198,80,87,82,83,56,76,94,146,42,156,9,91,100,74,126,162,68,97,175,99,115,184,26,192,104,195,33,127,70,181,41,96,112,69,190,10,173,164,118,86,4,121,122,123,159,125,39,182,111,64,130,54,6,129,133,18,136,137,138,20,196,141,189,46,197,145,109,147,148,50,150,117,152,84,31,193,93,27,155,171,0,154,95,57,16,55,166,143,139,169,170,114,168,124,174,1,176,92,178,179,180,90,161,183,101,134,186,107,188,142,44,116,103,158,21,177,157,144,78,8,];False
4918;9691;14609;[81,88,15,3,110,5,132,32,85,14,187,29,35,13,153,199,108,17,72,19,172,194,22,23,24,191,140,7,43,11,30,102,12,135,34,185,36,37,38,75,40,165,151,52,163,45,25,47,48,49,62,119,28,128,53,120,79,51,58,59,131,61,149,63,2,167,66,67,60,113,160,105,106,73,98,65,71,77,89,198,80,87,82,83,56,76,94,146,42,156,9,91,100,74,126,162,68,97,175,99,115,101,26,192,104,195,33,127,70,181,41,96,0,69,190,10,173,164,118,86,4,121,122,123,159,125,39,182,111,64,130,54,6,129,133,18,136,137,138,20,196,141,189,46,197,145,109,147,148,50,150,117,152,84,31,193,93,27,155,171,112,154,95,57,16,55,166,143,139,169,170,114,168,124,174,1,176,92,178,179,180,90,161,183,184,134,186,107,188,142,44,116,103,158,21,177,157,144,78,8,];False
4913;9685;14598;[81,88,15,3,110,5,132,32,120,14,187,29,35,13,153,199,108,17,72,19,172,194,22,23,24,191,140,7,43,11,30,102,12,135,34,185,36,37,38,75,40,165,151,52,163,45,25,47,48,49,62,119,28,128,53,85,79,51,58,59,131,61,149,63,2,167,66,67,60,113,160,105,106,73,98,65,71,77,89,198,80,87,82,83,56,76,94,146,42,156,9,91,100,74,126,162,68,97,175,99,115,101,26,192,104,195,33,127,70,181,41,96,112,69,190,10,173,164,118,86,4,121,122,123,159,125,39,182,111,64,130,54,6,129,133,18,136,137,138,20,196,141,189,46,197,145,109,147,148,50,150,117,152,84,31,193,93,27,155,171,0,154,95,57,16,55,166,143,139,169,170,114,168,124,174,1,176,92,178,179,180,90,161,183,184,134,186,107,188,142,44,116,103,158,21,177,157,144,78,8,];False
4893;9704;14597;[81,88,15,3,110,5,132,32,85,14,187,29,35,13,153,199,75,17,72,19,172,194,22,23,24,191,140,7,43,11,30,102,12,135,34,185,36,37,38,108,40,165,151,52,163,45,25,47,48,49,62,119,28,125,53,120,79,51,58,59,131,61,149,63,2,167,66,67,60,113,160,105,106,73,98,65,71,77,89,198,80,87,82,83,56,76,94,146,42,156,9,91,100,74,126,162,68,97,175,99,115,101,26,192,104,195,33,127,70,181,41,96,112,69,190,10,173,164,118,86,4,121,122,123,159,128,39,182,111,64,130,54,6,129,133,18,136,137,138,20,196,141,189,46,197,145,109,147,148,50,150,117,152,84,31,193,93,27,155,171,0,154,95,57,16,55,166,143,139,169,170,114,168,124,174,1,176,92,178,179,180,90,161,183,184,134,186,107,188,142,44,116,103,158,21,177,157,144,78,8,];False
4897;9696;14593;[81,88,15,3,110,5,132,32,85,14,187,29,35,13,153,199,108,17,72,19,172,194,22,23,24,191,140,7,43,11,30,102,12,135,34,185,36,37,38,75,40,165,151,52,163,45,25,47,48,49,62,119,28,128,53,120,79,51,58,59,131,61,149,63,2,167,66,67,60,113,160,105,106,73,98,65,71,77,89,189,80,87,82,83,56,76,94,146,42,156,9,91,100,74,126,162,68,97,175,99,115,101,26,192,104,195,33,127,70,181,41,96,112,69,190,10,173,164,118,86,4,121,122,123,159,125,39,182,111,64,130,54,6,129,133,18,136,137,138,20,196,141,198,46,197,145,109,147,148,50,150,117,152,84,31,193,93,27,155,171,0,154,95,57,16,55,166,143,139,169,170,114,168,124,174,1,176,92,178,179,180,90,161,183,184,134,186,107,188,142,44,116,103,158,21,177,157,144,78,8,];False
4913;9677;14590;[81,88,15,3,110,5,132,32,85,14,187,29,35,13,153,199,176,17,72,19,172,194,22,23,24,191,140,7,43,11,30,102,12,135,34,185,36,37,38,75,40,165,151,52,163,45,25,47,48,49,62,119,28,128,53,120,79,51,58,59,131,61,149,63,2,167,66,67,60,113,160,105,106,73,98,65,71,77,89,198,80,87,82,83,56,76,94,146,42,156,9,91,100,74,126,162,68,97,175,99,115,101,26,192,104,195,33,127,70,181,41,96,112,69,190,10,173,164,118,86,4,121,122,123,159,125,39,182,111,64,130,54,6,129,133,18,136,137,138,20,196,141,189,46,197,145,109,147,148,50,150,117,152,84,31,193,93,27,155,171,0,154,95,57,16,55,166,143,139,169,170,114,168,124,174,1,108,92,178,179,180,90,161,183,184,134,186,107,188,142,44,116,103,158,21,177,157,144,78,8,];False
4933;9656;14589;[81,88,15,3,110,5,132,32,85,14,187,29,35,13,153,199,108,17,72,19,150,194,22,23,24,191,140,7,43,11,30,102,12,135,34,185,36,37,38,75,40,165,151,52,163,45,25,47,48,49,62,119,28,128,53,120,79,51,58,59,131,61,149,63,2,167,66,67,60,113,160,105,106,73,98,65,71,77,89,198,80,87,82,83,56,76,94,146,42,156,9,91,100,74,126,162,68,97,175,99,115,101,26,192,104,195,33,127,70,181,41,96,112,69,190,10,173,164,118,86,4,121,122,123,159,125,39,182,111,64,130,54,6,129,133,18,136,137,138,20,196,141,189,46,197,145,109,147,148,50,172,117,152,84,31,193,93,27,155,171,0,154,95,57,16,55,166,143,139,169,170,114,168,124,174,1,176,92,178,179,180,90,161,183,184,134,186,107,188,142,44,116,103,158,21,177,157,144,78,8,];False
4845;9744;14589;[81,88,15,3,110,5,132,32,85,14,187,29,134,13,153,199,75,17,72,19,172,194,22,23,24,191,140,7,43,11,30,102,12,135,34,185,36,37,38,108,40,165,151,52,163,45,25,47,48,49,62,119,28,128,53,120,79,51,58,59,131,61,149,63,2,167,66,67,60,113,160,105,106,73,98,65,71,77,89,198,80,87,82,83,56,76,94,146,42,156,9,91,100,74,126,162,68,97,175,99,115,101,26,192,104,195,33,127,70,181,41,96,112,69,190,10,173,164,118,86,4,121,122,123,159,125,39,182,111,64,130,54,6,129,133,18,136,137,138,20,196,141,189,46,197,145,109,147,148,50,150,117,152,84,31,193,93,27,155,171,0,154,95,57,1,55,166,143,139,169,170,114,168,124,174,16,176,92,178,179,180,90,161,183,184,35,186,107,188,142,44,116,103,158,21,177,157,144,78,8,];False
4887;9700;14587;[81,88,15,3,110,5,132,32,85,14,187,29,35,13,153,199,108,17,72,19,172,194,22,23,24,191,140,7,43,11,30,102,12,135,34,185,36,37,38,75,40,165,151,52,163,45,25,47,48,49,62,119,28,128,53,120,79,51,58,59,131,61,149,63,2,167,66,67,60,113,160,105,106,73,98,65,71,77,89,198,80,87,82,83,56,76,94,146,42,156,93,91,100,74,126,162,68,97,175,99,115,101,26,192,104,195,33,127,70,181,41,96,112,69,190,10,173,164,118,86,4,121,122,123,159,125,39,182,111,64,130,54,6,129,133,103,136,137,138,20,196,141,189,46,197,145,109,147,148,50,150,117,152,84,31,193,9,27,155,171,0,154,95,57,16,55,166,143,139,169,170,114,168,124,174,1,176,92,178,179,180,90,161,183,184,134,186,107,188,142,44,116,18,158,21,177,157,144,78,8,];False
4863;9720;14583;[81,88,15,3,110,5,132,32,85,14,187,29,35,13,153,199,108,17,72,19,172,194,22,23,24,191,140,7,43,11,30,125,12,135,34,185,36,37,38,75,40,165,151,52,163,45,25,47,48,49,62,119,28,128,53,120,79,51,58,59,131,61,149,63,2,167,66,67,60,113,160,105,106,73,98,65,71,77,89,198,80,87,82,83,56,76,94,146,42,156,9,91,100,74,126,162,68,97,175,99,115,101,26,192,104,195,33,127,70,181,41,96,112,69,190,10,173,164,118,86,4,121,122,123,159,102,39,182,111,64,130,54,6,129,133,103,136,137,138,20,196,141,189,46,197,145,109,147,148,50,150,117,152,84,31,193,93,27,155,171,0,154,95,57,16,55,166,143,139,169,170,114,168,124,174,1,176,92,178,179,180,90,161,183,184,134,186,107,188,142,44,116,18,158,21,177,157,144,78,8,];False
4889;9692;14581;[81,88,15,3,110,5,132,32,85,14,187,29,35,13,153,199,75,17,72,19,172,194,22,23,24,191,140,7,43,11,30,102,12,135,34,185,36,37,38,108,40,165,151,52,163,45,25,47,48,49,62,119,28,128,53,120,79,51,58,59,131,61,149,63,2,167,66,67,60,113,160,105,106,73,98,65,71,77,89,198,80,87,82,83,56,76,94,146,42,156,9,91,100,74,126,162,68,97,175,99,115,101,26,192,104,195,33,127,70,181,41,96,112,69,190,10,173,164,118,86,4,121,122,123,159,125,39,182,111,64,130,54,6,129,133,18,136,137,138,20,196,141,189,46,197,145,109,147,148,50,150,117,152,84,31,193,93,27,155,171,0,154,95,57,16,55,166,139,143,169,170,114,168,124,174,1,176,92,178,179,180,90,161,183,184,134,186,107,188,142,44,116,103,158,21,177,157,144,78,8,];False
4898;9683;14581;[81,88,15,3,110,5,132,32,85,14,187,29,134,13,153,199,75,17,72,19,172,194,22,23,24,191,140,7,43,11,30,102,12,135,34,185,36,37,38,108,40,165,151,52,163,45,25,47,79,49,62,119,28,128,53,120,48,51,58,59,131,61,149,63,2,167,66,67,60,113,160,105,106,73,98,65,71,77,89,198,80,87,82,83,56,76,94,146,42,156,9,91,100,74,126,162,68,97,175,99,115,101,26,192,104,195,33,127,70,181,41,96,112,69,190,10,173,164,118,86,4,121,122,123,159,125,39,182,111,64,130,54,6,129,133,18,136,137,138,20,196,141,189,46,197,145,109,147,148,50,150,117,152,84,31,193,93,27,155,171,0,154,95,57,16,55,166,143,139,169,170,114,168,124,174,1,176,92,178,179,180,90,161,183,184,35,186,107,188,142,44,116,103,158,21,177,157,144,78,8,];False
4892;9689;14581;[81,88,15,3,110,5,132,32,85,14,187,29,35,13,153,199,108,17,72,19,172,194,22,23,24,191,140,7,43,11,30,102,12,135,34,185,36,37,38,75,40,165,151,52,163,45,25,47,48,49,62,119,28,128,53,120,79,51,58,59,131,61,149,63,2,167,66,67,60,113,160,105,106,73,98,65,71,77,89,198,80,87,82,83,56,76,94,146,42,156,9,91,100,74,126,162,68,97,175,99,115,101,26,192,104,195,33,127,70,181,41,78,112,69,190,10,173,164,118,86,4,121,122,123,159,125,39,182,111,64,130,54,6,129,133,103,136,137,138,20,196,141,189,46,197,145,109,147,169,50,150,117,152,84,31,193,93,27,155,171,0,154,95,57,16,55,166,143,139,148,170,114,168,124,174,1,176,92,178,179,180,90,161,183,184,134,186,107,188,142,44,116,18,158,21,177,157,144,96,8,];False
4854;9726;14580;[81,88,15,3,110,5,132,32,85,14,187,29,35,13,153,199,75,17,72,19,172,194,22,23,24,191,140,7,43,11,30,102,12,70,34,185,36,37,38,108,40,165,151,52,163,45,25,47,48,49,62,119,28,128,53,120,79,51,58,59,131,61,149,63,2,167,66,67,60,113,160,105,106,73,98,65,71,77,89,198,80,87,82,83,56,76,94,146,42,156,9,91,100,74,126,162,68,97,175,99,115,101,26,192,104,195,33,127,135,181,41,96,112,69,190,10,173,164,118,86,4,121,122,123,159,125,39,182,111,64,130,54,6,129,133,18,136,137,138,20,196,141,189,46,197,145,109,147,148,50,150,117,152,84,31,193,93,27,155,171,0,154,95,57,16,55,166,143,139,169,170,114,168,124,174,1,176,92,178,179,180,90,161,183,184,134,186,107,188,142,44,116,103,158,21,177,157,144,78,8,];False
4804;9774;14578;[81,88,15,3,110,5,132,32,85,14,187,29,35,13,153,199,75,17,72,19,172,194,22,23,24,191,140,7,43,11,30,102,12,135,34,185,36,37,38,108,40,165,151,52,163,45,25,47,48,49,147,119,28,128,53,120,79,51,58,59,131,61,149,63,2,167,66,67,60,113,160,105,106,73,98,65,71,77,89,198,80,87,82,83,56,76,94,146,42,156,9,91,100,74,126,162,68,97,175,99,115,101,26,192,104,195,33,127,70,181,41,96,112,69,190,10,173,164,118,86,4,121,122,123,159,125,39,182,111,64,130,54,6,129,133,18,136,137,138,20,196,141,189,46,197,145,109,62,148,50,150,117,152,84,31,193,93,27,155,171,0,154,95,57,16,55,166,143,139,169,170,114,168,124,174,1,176,92,178,179,180,90,161,183,184,134,186,107,188,142,44,116,103,158,21,177,157,144,78,8,];False
4870;9707;14577;[81,88,15,3,61,5,132,32,85,14,187,29,134,13,153,199,75,17,72,19,172,194,22,23,24,191,140,7,43,11,30,102,12,135,34,185,36,37,38,108,40,165,151,52,163,45,25,47,48,49,62,119,28,128,53,120,79,51,58,59,131,110,149,63,2,167,66,67,60,113,160,105,106,73,98,65,71,77,89,198,80,87,82,83,56,76,94,146,42,156,9,91,100,74,126,162,68,97,175,99,115,101,26,192,104,195,33,127,70,181,41,96,112,69,190,10,173,164,118,86,4,121,122,123,159,125,39,182,111,64,130,54,6,129,133,18,136,137,138,20,196,141,189,46,197,145,109,147,148,50,150,117,152,84,31,193,93,27,155,171,0,154,95,57,16,55,166,143,139,169,170,114,168,124,174,1,176,92,178,179,180,90,161,183,184,35,186,107,188,142,44,116,103,158,21,177,157,144,78,8,];False
4890;9685;14575;[195,88,15,3,110,5,132,32,85,14,187,29,35,13,153,199,108,17,72,19,172,194,22,23,24,191,140,7,43,11,30,102,12,135,34,185,36,37,38,75,40,165,151,52,163,45,25,47,48,49,62,119,28,128,53,120,79,51,58,59,131,61,149,63,2,167,66,67,60,113,160,105,106,73,98,65,71,77,89,198,80,87,82,83,56,76,94,146,42,156,9,91,100,74,126,162,68,97,175,99,115,101,26,192,104,81,33,127,70,181,41,96,112,69,190,10,173,164,118,86,4,121,122,123,159,125,39,182,111,64,130,54,6,129,133,103,136,137,138,20,196,141,189,46,197,145,109,147,169,50,150,117,152,84,31,193,93,27,155,171,0,154,95,57,16,55,166,143,139,148,170,114,168,124,174,1,176,92,178,179,180,90,161,183,184,134,186,107,188,142,44,116,18,158,21,177,157,144,78,8,];False
4901;9668;14569;[81,88,15,3,110,5,132,32,85,14,129,29,35,13,153,199,108,17,72,19,172,194,22,23,24,191,140,7,43,11,30,102,12,135,34,185,36,37,38,75,40,165,151,52,163,45,25,47,48,49,62,119,28,128,53,120,79,51,58,59,131,61,149,63,2,167,66,67,60,113,160,105,106,73,98,65,71,77,89,198,80,87,82,83,56,76,94,146,42,156,9,91,100,74,126,162,68,97,175,99,115,101,26,192,104,195,33,127,70,181,41,96,112,69,190,10,173,164,118,86,4,121,122,123,159,125,39,182,111,64,130,54,6,187,133,103,136,137,138,20,196,141,189,46,197,145,109,147,148,50,150,117,152,84,31,193,93,27,155,171,0,154,95,57,16,55,166,143,139,169,170,114,168,124,174,1,176,92,178,179,180,90,161,183,184,134,186,107,188,142,44,116,18,158,21,177,157,144,78,8,];False
4860;9709;14569;[81,88,15,3,110,5,132,32,85,37,187,29,35,13,153,199,108,17,72,19,172,194,22,23,24,191,140,7,43,11,30,102,12,135,34,185,36,14,38,75,40,165,151,52,163,45,25,47,48,49,62,119,28,128,53,120,79,51,58,59,131,61,149,63,2,167,66,67,60,113,160,105,106,73,98,65,71,77,89,198,80,87,82,83,56,76,94,146,42,156,9,91,100,74,126,162,68,97,175,99,115,101,26,192,104,195,33,127,70,181,41,96,112,69,190,10,173,164,118,86,4,121,122,123,159,125,39,182,111,64,130,54,6,129,133,18,136,137,138,20,196,141,189,46,197,145,109,147,148,50,150,117,152,84,31,193,93,27,155,171,0,154,95,57,16,55,166,143,139,169,170,114,168,124,174,1,176,92,178,179,180,90,161,183,184,134,186,107,188,142,44,116,103,158,21,177,157,144,78,8,];False
4886;9683;14569;[81,88,15,3,110,5,132,32,85,14,187,29,134,13,153,199,75,17,72,19,172,194,22,23,24,191,140,7,43,11,30,102,12,135,34,185,36,37,38,108,40,165,151,52,163,45,25,47,48,49,62,119,28,128,53,120,79,51,58,59,131,61,149,63,2,86,66,67,60,113,160,105,106,73,98,65,71,77,89,198,80,87,82,83,56,76,94,146,42,156,9,91,100,74,126,162,68,97,175,99,115,101,26,192,104,195,33,127,70,181,41,96,112,69,190,10,173,164,118,167,4,121,122,161,159,125,39,182,111,64,130,54,6,129,133,18,136,137,138,20,196,141,189,46,197,145,109,147,148,50,150,117,152,84,31,193,93,27,158,171,0,154,95,57,16,55,166,143,139,169,170,114,168,124,174,1,176,92,178,179,180,90,123,183,184,35,186,107,188,142,44,116,103,155,21,177,157,144,78,8,];False
4861;9702;14563;[81,88,15,3,110,5,132,32,85,14,187,29,35,13,153,199,75,17,72,19,172,194,22,23,24,191,140,7,43,11,30,102,12,135,34,185,36,37,38,108,40,165,151,52,163,45,25,47,48,49,62,119,28,128,53,120,79,51,58,59,131,61,149,63,2,167,66,67,60,113,160,105,106,73,98,65,71,77,89,198,80,87,82,8,56,76,94,146,42,156,9,91,100,74,126,162,68,97,175,99,115,101,26,192,104,195,33,127,70,181,41,96,112,69,190,10,173,164,118,86,4,121,122,123,159,125,39,182,111,64,130,54,6,129,133,18,136,137,138,20,196,141,189,46,197,145,109,147,148,50,150,117,152,84,31,193,93,27,155,171,0,154,95,57,16,55,166,143,139,169,170,114,168,124,174,1,176,92,178,179,180,90,161,183,184,134,186,107,188,142,44,116,103,158,21,177,157,144,78,83,];False
4929;9634;14563;[81,88,15,3,110,5,132,32,85,14,187,29,134,13,153,199,75,17,72,19,172,194,22,23,24,25,140,7,43,11,30,102,12,135,34,185,36,37,38,108,40,165,151,52,163,45,191,47,48,49,62,119,28,128,53,120,79,51,58,59,131,61,149,63,2,86,66,67,60,69,160,159,106,73,98,65,71,77,89,198,80,87,82,83,56,76,94,146,42,156,9,91,100,74,126,162,68,97,175,99,115,101,26,192,104,195,33,127,70,181,41,96,112,113,190,10,173,164,118,167,4,121,122,123,105,125,39,182,111,64,130,54,6,129,133,18,136,137,138,20,196,141,189,46,197,145,109,147,148,50,150,117,152,84,31,193,93,27,158,171,0,154,95,57,16,55,166,143,139,169,170,114,168,124,174,1,176,92,178,179,180,90,161,183,184,35,186,107,188,142,44,116,103,155,21,177,157,144,78,8,];False
4869;9692;14561;[81,88,15,3,110,5,132,32,85,14,187,29,35,13,153,199,108,17,72,19,172,194,22,23,24,191,140,7,43,11,193,102,12,135,34,185,36,37,38,75,40,165,151,52,163,45,25,47,48,49,62,119,28,128,53,120,79,51,58,59,131,61,149,63,2,167,66,67,60,113,160,105,106,73,98,65,71,77,89,198,80,87,82,83,56,76,94,146,42,156,9,91,100,74,126,162,68,97,175,99,115,101,26,192,104,195,33,127,70,181,41,96,112,69,190,10,173,164,118,86,4,121,122,123,159,125,39,182,111,64,130,54,6,129,133,18,136,137,138,20,196,141,189,46,197,145,109,147,148,50,150,117,152,84,31,30,93,27,155,171,0,154,95,57,16,55,166,143,139,169,170,114,168,124,174,1,176,92,178,179,180,90,161,183,184,134,186,107,188,142,44,116,103,158,21,177,157,144,78,8,];False
4849;9711;14560;[81,88,15,3,110,5,132,32,85,14,187,29,134,13,153,199,75,17,72,19,172,194,22,23,24,191,140,7,43,11,30,102,12,135,34,185,36,37,38,108,40,165,151,52,163,45,25,47,48,49,62,119,28,128,53,120,79,51,58,59,131,61,149,63,2,167,66,67,60,113,160,105,106,73,98,65,8,77,89,198,80,87,82,83,56,76,94,146,42,156,9,91,100,74,126,162,68,97,175,99,115,101,26,192,104,195,33,127,70,181,41,96,112,69,190,10,173,164,118,86,4,121,122,123,159,125,39,182,111,64,130,54,6,129,133,18,136,137,138,20,196,141,189,46,197,145,109,147,148,50,150,117,152,84,31,193,93,27,155,171,0,154,95,57,16,55,166,143,139,169,170,114,168,124,174,1,176,92,178,179,180,90,161,183,184,35,186,107,188,142,44,116,103,158,21,177,157,144,78,71,];False
4906;9654;14560;[81,88,15,3,110,5,132,32,85,14,187,29,134,13,153,199,75,17,72,19,172,194,22,23,24,25,140,7,43,11,30,102,12,135,34,185,36,37,38,108,40,165,151,52,163,45,191,47,48,49,62,119,28,128,53,120,79,51,58,59,131,61,149,63,2,86,66,67,60,69,160,105,106,73,98,65,71,77,89,198,80,87,82,83,56,76,94,146,42,156,9,91,100,74,126,162,68,97,175,99,115,101,26,192,104,195,33,127,70,181,41,96,112,113,190,10,173,164,118,167,4,121,122,123,159,125,39,182,111,64,130,54,6,129,133,18,136,137,138,20,196,141,189,46,197,145,109,147,148,50,150,117,152,84,31,193,93,27,158,171,0,154,95,57,16,55,166,143,139,169,170,114,168,124,174,1,176,92,178,179,180,90,161,183,184,35,186,107,188,142,44,116,103,155,21,177,157,144,78,8,];False
4830;9729;14559;[81,88,15,3,110,5,132,32,85,14,187,29,134,13,153,199,75,17,72,19,172,194,22,23,24,191,140,7,43,11,30,102,12,135,34,185,36,37,38,108,40,165,151,52,163,45,25,47,48,49,62,119,28,128,53,120,79,51,58,59,131,61,149,63,2,167,66,67,60,113,160,105,177,73,98,65,71,77,89,198,80,87,82,83,56,76,94,146,42,156,9,91,100,74,126,162,68,97,175,99,115,101,26,192,104,195,33,127,70,181,41,96,112,69,190,10,173,164,118,86,4,121,122,123,159,125,39,182,111,64,130,54,6,129,133,18,136,137,138,20,196,141,189,46,197,145,109,147,148,50,150,117,152,84,31,193,93,27,155,171,0,154,95,57,16,55,166,143,139,169,170,114,168,124,174,1,176,92,178,179,180,90,161,183,184,35,186,107,188,142,44,116,103,158,21,106,157,144,78,8,];False
4868;9689;14557;[81,88,15,3,110,5,132,32,85,14,187,29,35,13,153,199,108,17,72,19,172,194,22,23,24,191,140,7,43,11,30,102,12,135,34,185,36,37,38,75,40,165,151,52,163,45,25,47,48,49,62,119,28,128,53,120,79,51,58,59,131,61,173,63,2,167,66,67,60,113,160,105,106,73,98,65,71,77,89,198,80,87,82,83,56,76,94,146,42,156,9,91,100,74,126,162,68,97,175,99,115,101,26,192,104,195,33,127,70,181,41,96,112,69,190,10,149,164,118,86,4,121,122,123,159,125,39,182,111,64,130,54,6,129,133,18,136,137,138,20,196,141,189,46,197,145,109,147,148,50,150,117,152,84,31,193,93,27,155,171,0,154,95,57,16,55,166,143,139,169,170,114,168,124,174,1,176,92,178,179,180,90,161,183,184,134,186,107,188,142,44,116,103,158,21,177,157,144,78,8,];False
4857;9698;14555;[81,88,15,3,110,5,132,32,85,14,187,29,35,13,153,199,108,17,72,19,172,194,22,23,24,191,140,7,43,11,30,102,12,135,34,185,36,37,38,75,40,165,151,52,163,45,25,47,48,49,62,119,28,128,53,120,79,51,58,59,131,61,149,63,2,167,66,67,60,113,160,105,106,73,98,65,71,77,89,198,80,87,82,83,56,76,94,146,42,156,9,91,100,74,126,162,68,97,175,99,115,101,26,192,104,195,33,127,70,181,41,96,112,69,190,10,173,164,118,86,4,0,122,123,159,125,39,182,111,64,130,54,6,129,133,18,136,137,138,20,196,141,189,46,197,145,109,147,148,50,150,117,152,84,31,193,93,27,155,171,121,154,95,57,16,55,166,143,139,169,170,114,168,124,174,1,176,92,178,179,180,90,161,183,184,134,186,107,188,142,44,116,103,158,21,177,157,144,78,8,];False
4884;9669;14553;[81,88,15,3,110,5,132,32,85,14,187,29,35,13,153,199,108,17,72,19,172,194,22,23,24,191,140,7,43,11,30,102,12,135,34,185,36,37,38,75,40,165,151,52,163,45,25,47,48,49,62,119,28,128,53,120,79,51,58,59,136,61,149,63,2,167,66,67,60,113,160,105,106,73,98,65,71,77,89,198,80,87,82,83,56,76,94,146,42,156,9,91,100,74,126,162,68,97,175,99,115,101,26,192,104,195,33,127,70,181,41,96,112,69,190,10,173,164,118,86,4,121,122,123,159,125,39,182,111,64,130,54,6,129,133,18,131,137,138,20,196,141,189,46,197,145,109,147,148,50,150,117,152,84,31,193,93,27,155,171,0,154,95,57,16,55,166,143,139,169,170,114,168,124,174,1,176,92,178,179,180,90,161,183,184,134,186,107,188,142,44,116,103,158,21,177,157,144,78,8,];False
4826;9727;14553;[81,88,15,3,110,5,132,32,85,14,187,29,35,13,153,199,108,17,72,19,172,194,22,23,24,191,140,7,43,11,30,102,12,135,34,185,36,37,38,75,40,165,151,52,163,45,25,47,48,49,62,119,28,128,53,120,79,51,58,59,131,61,149,63,2,167,66,67,60,113,160,105,106,73,98,65,71,77,89,198,80,87,82,83,56,76,94,146,42,156,9,91,100,74,126,162,68,97,175,99,145,101,26,192,104,195,33,127,70,181,41,96,112,69,190,10,173,164,118,86,4,121,122,123,159,125,39,182,111,64,130,54,6,129,133,103,136,137,138,20,196,141,189,46,197,115,109,147,148,50,150,117,152,84,31,193,93,27,155,171,0,154,95,57,16,55,166,143,139,169,170,114,168,124,174,1,176,92,178,179,180,90,161,183,184,134,186,107,188,142,44,116,18,158,21,177,157,144,78,8,];False
4855;9698;14553;[81,88,15,3,110,5,132,32,85,14,187,29,35,13,153,199,108,17,72,19,172,194,22,23,24,191,140,7,43,11,30,102,12,135,34,185,36,37,60,75,40,165,151,52,163,45,25,47,48,49,62,119,28,128,53,120,79,51,58,59,131,61,149,63,2,167,66,67,38,113,160,105,106,73,98,65,71,77,89,198,80,87,82,83,56,76,94,146,42,156,9,91,100,74,126,162,68,97,175,99,115,101,26,192,104,195,33,127,70,181,41,96,112,69,190,10,173,164,118,86,4,121,122,123,159,125,39,182,111,64,130,54,6,129,133,18,136,137,138,20,196,141,189,46,197,145,109,147,148,50,150,117,152,84,31,193,93,27,155,171,0,154,95,57,16,55,166,143,139,169,170,114,168,124,174,1,176,92,178,179,180,90,161,183,184,134,186,107,188,142,44,116,103,158,21,177,157,144,78,8,];False
4850;9702;14552;[81,88,15,3,30,5,132,32,85,14,187,29,35,13,153,199,108,17,72,19,172,194,22,23,24,191,140,7,43,11,110,102,12,135,34,185,36,37,38,75,40,165,151,52,163,45,25,47,48,49,62,119,28,128,53,120,79,51,58,59,131,61,149,63,2,167,66,67,60,113,160,105,106,73,98,65,71,77,89,198,80,87,82,83,56,76,94,146,42,156,9,91,100,74,126,162,68,97,175,99,115,101,26,192,104,195,33,127,70,181,41,96,112,69,190,10,173,164,118,86,4,121,122,123,159,125,39,182,111,64,130,54,6,129,133,103,136,137,138,20,196,141,189,46,197,145,109,147,148,50,150,117,152,84,31,193,93,27,155,171,0,154,95,57,16,55,166,143,139,169,170,114,168,124,174,1,176,92,178,179,180,90,161,183,184,134,186,107,188,142,44,116,18,158,21,177,157,144,78,8,];False
4861;9688;14549;[81,88,15,3,110,5,132,32,85,14,187,29,35,13,153,199,108,17,72,19,172,194,22,23,24,191,140,7,43,11,30,102,12,135,34,185,36,37,38,75,40,165,151,52,163,45,25,47,48,49,62,119,28,128,53,120,79,51,58,59,131,61,149,63,2,167,66,67,60,113,160,105,106,73,98,65,71,77,89,198,80,87,82,83,56,76,94,146,42,156,9,91,100,74,126,162,68,97,175,99,115,101,26,192,104,195,33,127,70,181,41,96,112,95,190,10,173,164,118,86,4,121,122,123,159,125,39,182,111,64,130,54,6,129,133,18,136,137,138,20,196,141,189,46,197,145,109,147,148,50,150,117,152,84,31,193,93,27,155,171,0,154,69,57,16,55,166,143,139,169,170,114,168,124,174,1,176,92,178,179,180,90,161,183,184,134,186,107,188,142,44,116,103,158,21,177,157,144,78,8,];False
4848;9699;14547;[81,88,15,3,110,5,132,32,85,14,187,29,35,13,153,199,75,17,72,19,172,194,22,23,24,191,140,7,43,129,30,102,12,135,34,185,36,37,38,108,40,165,151,52,163,45,25,47,48,49,62,119,28,128,53,120,79,51,58,59,131,61,149,63,2,167,66,67,60,113,160,105,106,73,98,65,71,77,89,198,80,87,82,83,56,76,94,146,42,156,9,91,100,74,126,162,68,97,175,99,115,101,26,192,104,195,33,127,70,181,41,96,112,69,190,10,173,164,118,86,4,121,122,123,159,125,39,182,111,64,130,54,6,11,133,18,136,137,138,20,196,141,189,46,197,145,109,147,148,50,150,117,152,84,31,193,93,27,155,171,0,154,95,57,16,55,166,143,139,169,170,114,168,124,174,1,176,92,178,179,180,90,161,183,184,134,186,107,188,142,44,116,103,158,21,177,157,144,78,8,];False
4811;9734;14545;[81,88,15,3,110,5,132,32,85,14,187,29,134,13,153,199,75,17,72,19,172,194,22,23,24,191,140,7,43,11,30,102,12,135,34,185,36,37,38,108,40,165,151,52,163,45,25,47,48,49,62,119,28,128,53,120,79,51,58,59,131,61,149,63,2,167,66,67,60,113,160,105,106,73,98,65,71,77,89,198,80,87,82,83,56,76,94,146,42,156,9,91,100,74,126,162,68,97,175,99,115,101,26,192,104,195,33,127,70,181,41,96,112,69,190,10,173,164,118,86,4,121,122,123,159,125,39,182,111,64,130,54,6,129,133,18,136,137,138,20,196,141,189,46,197,145,109,147,148,50,150,117,152,84,31,193,93,27,155,171,0,154,95,57,16,55,166,143,139,169,170,114,168,124,174,1,176,92,178,179,180,90,161,183,184,35,186,107,188,142,44,116,103,158,21,177,157,144,78,8,];False
4793;9749;14542;[81,88,15,3,110,5,132,32,85,14,187,29,35,13,153,199,108,17,72,19,172,194,22,23,24,191,140,7,43,11,30,102,12,135,34,185,36,37,38,75,40,165,151,124,163,45,25,47,48,49,62,119,28,128,53,120,79,51,58,59,131,61,149,63,2,167,66,67,60,113,160,105,106,73,98,65,71,77,89,198,80,87,82,83,56,76,94,146,42,156,9,91,100,74,126,162,68,97,175,99,115,101,26,192,104,195,33,127,70,181,41,96,112,69,190,10,173,164,118,86,4,121,122,123,159,125,39,182,111,64,130,54,6,129,133,18,136,137,138,20,196,141,189,46,197,145,109,147,148,50,150,117,152,84,31,193,93,27,155,171,0,154,95,57,16,55,166,143,139,169,170,114,168,52,174,1,176,92,178,179,180,90,161,183,184,134,186,107,188,142,44,116,103,158,21,177,157,144,78,8,];False
4867;9675;14542;[81,88,15,3,110,5,132,32,85,14,187,29,35,13,153,199,108,17,72,19,172,194,22,23,24,191,140,7,43,11,30,102,12,135,34,185,36,37,38,75,40,165,151,52,163,45,25,47,48,49,62,119,28,128,53,120,79,51,58,59,131,61,149,63,2,167,66,67,60,113,160,105,106,73,98,65,71,77,89,198,80,87,82,83,56,76,94,146,42,156,9,91,100,74,126,162,68,97,175,99,115,101,26,192,104,195,33,127,70,122,41,96,112,69,190,10,173,164,118,86,4,121,181,123,159,125,39,182,111,64,130,54,6,129,133,18,136,137,138,20,196,141,189,46,197,145,109,147,148,50,150,117,152,84,31,193,93,27,155,171,0,154,95,57,16,55,166,143,139,169,170,114,168,124,174,1,176,92,178,179,180,90,161,183,184,134,186,107,188,142,44,116,103,158,21,177,157,144,78,8,];False
4815;9726;14541;[81,88,15,3,110,5,132,32,85,14,187,29,35,13,153,199,108,17,72,19,172,194,22,23,24,191,140,7,43,11,30,102,12,135,34,185,36,37,38,75,40,165,151,52,163,45,25,47,48,49,62,1,28,128,53,120,79,51,58,59,131,61,149,63,2,167,66,67,60,113,160,105,106,73,98,65,71,77,89,198,80,87,82,83,56,76,94,146,42,156,9,91,100,74,126,162,68,97,175,99,115,101,26,192,104,195,33,127,70,181,41,96,112,69,190,10,173,164,118,86,4,121,122,123,159,125,39,182,111,64,130,54,6,129,133,103,136,137,138,20,196,141,189,46,197,145,109,147,148,50,150,117,152,84,31,193,93,27,155,171,0,154,95,57,16,55,166,143,139,169,170,114,168,124,174,119,176,92,178,179,180,90,161,183,184,134,186,107,188,142,44,116,18,158,21,177,157,144,78,8,];False
4856;9682;14538;[81,88,15,3,110,5,132,32,85,14,187,29,35,13,153,199,108,17,72,19,172,194,22,23,24,191,140,7,43,11,30,102,12,135,34,185,36,37,38,75,40,165,151,52,163,45,25,47,48,49,62,119,28,128,53,120,79,51,58,59,131,61,149,63,2,167,66,67,60,113,160,105,106,73,98,65,71,77,89,198,80,87,82,83,56,76,94,146,42,156,9,91,100,74,126,162,68,97,175,99,115,101,26,192,104,195,33,127,70,181,41,96,112,69,190,10,173,164,118,86,4,121,122,123,159,141,39,182,111,64,130,54,6,129,133,18,136,137,138,20,196,125,189,46,197,145,109,147,148,50,150,117,152,84,31,193,93,27,155,171,0,154,95,57,16,55,166,143,139,169,170,114,168,124,174,1,176,92,178,179,180,90,161,183,184,134,186,107,188,142,44,116,103,158,21,177,157,144,78,8,];False
4847;9690;14537;[81,88,15,3,110,5,132,32,85,14,187,6,35,13,153,199,108,17,72,19,172,194,22,23,24,191,140,7,43,11,30,102,12,135,34,185,36,37,38,75,40,165,151,52,163,45,25,47,48,49,62,119,28,128,53,120,79,51,58,59,131,61,149,63,2,167,66,67,60,113,160,105,106,73,98,65,71,77,89,198,80,87,82,83,56,76,94,146,42,156,9,91,100,74,126,162,68,97,175,99,115,101,26,192,104,195,33,127,70,181,41,96,112,69,190,10,173,164,118,86,4,121,122,123,159,125,39,182,111,64,130,54,29,129,133,103,136,137,138,20,196,141,189,46,197,145,109,147,148,50,150,117,152,84,31,193,93,27,155,171,0,154,95,57,16,55,166,143,139,169,170,114,168,124,174,1,176,92,178,179,180,90,161,183,184,134,186,107,188,142,44,116,18,158,21,177,157,144,78,8,];False
4849;9687;14536;[81,88,15,3,110,5,132,32,85,14,84,29,35,13,153,199,108,17,72,19,172,194,22,23,24,191,140,7,43,11,30,102,12,135,34,185,36,37,38,75,40,165,151,52,163,45,25,47,48,49,62,119,28,128,53,120,79,51,58,59,131,61,149,63,2,167,66,67,60,113,160,105,106,73,98,65,71,77,89,198,80,87,82,83,56,76,94,146,42,156,9,91,100,74,126,162,68,97,175,99,115,101,26,192,104,195,33,127,70,181,41,96,112,69,190,10,173,164,118,86,4,121,122,123,159,125,39,182,111,64,130,54,6,129,133,18,136,137,138,20,196,141,189,46,197,145,109,147,148,50,150,117,152,187,31,193,93,27,155,171,0,154,95,57,16,55,166,143,139,169,170,114,168,124,174,1,176,92,178,179,180,90,161,183,184,134,186,107,188,142,44,116,103,158,21,177,157,144,78,8,];False
4849;9681;14530;[81,88,15,3,110,5,132,32,85,14,187,29,134,13,153,199,75,17,72,19,172,194,22,23,24,191,140,7,43,11,30,102,12,135,34,185,36,37,38,108,40,165,151,52,163,45,25,47,48,49,62,119,28,128,53,120,79,51,58,59,131,61,149,63,2,86,66,67,60,113,160,105,106,73,98,65,71,77,89,198,80,87,82,83,56,76,94,146,42,156,9,91,100,74,126,162,68,97,175,99,115,101,26,192,104,195,33,127,70,181,41,96,112,69,190,10,173,164,118,167,4,121,122,123,159,125,39,182,111,64,130,54,6,129,133,18,136,137,138,20,196,141,189,46,197,145,109,147,148,50,150,117,152,84,31,193,93,27,158,171,0,154,95,57,16,55,166,143,139,169,170,114,168,124,174,1,176,92,178,179,180,90,161,183,184,35,186,107,188,142,44,116,103,155,21,177,157,144,78,8,];False
4857;9673;14530;[81,88,15,3,110,5,132,32,85,14,187,29,35,13,153,199,108,17,72,19,172,194,22,23,24,191,140,7,43,11,30,102,12,135,34,185,36,37,38,75,40,165,151,52,163,45,25,47,48,49,62,119,28,128,53,120,79,51,58,59,131,61,149,63,2,167,66,67,60,113,160,105,106,73,98,65,31,77,89,198,80,87,82,83,56,76,94,146,42,156,9,91,100,74,126,162,68,97,175,99,115,101,26,192,104,195,33,127,70,181,41,96,112,69,190,10,173,164,118,86,4,121,122,123,159,125,39,182,111,64,130,54,6,129,133,18,136,137,138,20,196,141,189,46,197,145,109,147,148,50,150,117,152,84,71,193,93,27,155,171,0,154,95,57,16,55,166,143,139,169,170,114,168,124,174,1,176,92,178,179,180,90,161,183,184,134,186,107,188,142,44,116,103,158,21,177,157,144,78,8,];False
4866;9655;14521;[81,88,15,3,110,5,132,32,85,14,187,29,134,13,153,199,75,17,72,19,172,194,22,23,24,25,140,7,43,11,30,102,12,135,34,185,36,37,38,108,40,165,151,52,163,45,191,47,48,49,62,119,28,128,53,120,79,51,58,59,131,61,149,63,2,86,66,67,60,113,160,105,106,73,98,65,71,77,89,198,80,87,82,83,56,76,94,146,42,156,9,91,100,74,126,162,68,97,175,99,115,101,26,192,104,195,33,127,70,181,41,96,112,69,190,10,173,164,118,167,4,121,122,123,159,125,39,182,111,64,130,54,6,129,133,18,136,137,138,20,196,141,189,46,197,145,109,147,148,50,150,117,152,84,31,193,93,27,158,171,0,154,95,57,16,55,166,143,139,169,170,114,168,124,174,1,176,92,178,179,180,90,161,183,184,35,186,107,188,142,44,116,103,155,21,177,157,144,78,8,];False
4831;9690;14521;[81,88,15,3,110,5,132,32,85,14,187,29,35,13,153,199,108,17,72,19,172,194,22,23,24,191,140,7,43,11,30,102,12,135,34,185,36,37,38,75,40,165,151,52,163,45,25,47,48,49,62,119,28,128,53,120,79,51,18,59,131,61,149,63,2,167,66,67,60,113,160,105,106,73,98,65,71,77,89,198,80,87,82,83,56,76,94,146,42,156,9,91,100,74,126,162,68,97,175,99,115,101,26,192,104,195,33,127,70,181,41,96,112,69,190,10,173,164,118,86,4,121,122,123,159,125,39,182,111,64,130,54,6,129,133,58,136,137,138,20,196,141,189,46,197,145,109,147,148,50,150,117,152,84,31,193,93,27,155,171,0,154,95,57,16,55,166,143,139,169,170,114,168,124,174,1,176,92,178,179,180,90,161,183,184,134,186,107,188,142,44,116,103,158,21,177,157,144,78,8,];False
4901;9617;14518;[81,88,15,3,110,5,132,32,85,14,187,29,35,13,153,199,108,17,72,19,172,194,22,23,24,191,140,7,43,11,30,102,12,135,34,185,36,37,38,75,40,165,151,52,163,45,25,47,48,49,62,119,28,128,53,120,182,51,58,59,131,61,149,63,2,167,66,67,60,113,160,105,106,73,98,65,71,77,89,198,80,87,82,83,56,76,94,146,42,156,9,91,100,74,126,162,68,97,175,99,115,101,26,192,104,195,33,127,70,181,41,96,112,69,190,10,173,164,118,86,4,121,122,123,159,125,39,79,111,64,130,54,6,129,133,18,136,137,138,20,196,141,189,46,197,145,109,147,148,50,150,117,152,84,31,193,93,27,155,171,0,154,95,57,16,55,166,143,139,169,170,114,168,124,174,1,176,92,178,179,180,90,161,183,184,134,186,107,188,142,44,116,103,158,21,177,157,144,78,8,];False
4841;9677;14518;[81,88,15,3,110,5,132,32,85,14,187,29,35,13,153,199,108,17,72,19,172,194,22,23,24,191,140,7,43,11,30,102,12,135,34,185,36,37,38,75,40,165,151,52,89,45,25,47,48,49,62,119,28,128,53,120,79,51,58,59,131,61,149,63,2,167,66,67,60,113,160,105,106,73,98,65,71,77,163,198,80,87,82,83,56,76,94,146,42,156,9,91,100,74,126,162,68,97,175,99,115,101,26,192,104,195,33,127,70,181,41,96,112,69,190,10,173,164,118,86,4,121,122,123,159,125,39,182,111,64,130,54,6,129,133,18,136,137,138,20,196,141,189,46,197,145,109,147,148,50,150,117,152,84,31,193,93,27,155,171,0,154,95,57,16,55,166,143,139,169,170,114,168,124,174,1,176,92,178,179,180,90,161,183,184,134,186,107,188,142,44,116,103,158,21,177,157,144,78,8,];False
4868;9648;14516;[81,88,15,3,110,5,132,32,85,14,187,29,35,13,153,199,108,17,72,19,172,194,22,23,24,191,140,7,43,11,30,102,12,135,34,185,36,37,38,75,40,165,151,52,163,45,25,47,48,49,62,119,28,128,53,120,79,51,58,59,131,61,149,63,2,167,66,67,60,113,160,105,106,73,98,65,71,77,89,198,80,87,82,83,56,76,94,146,42,156,9,91,100,74,126,162,68,97,175,99,115,101,26,192,104,195,33,127,70,181,41,96,112,69,190,10,173,164,118,86,4,121,122,123,159,125,39,182,111,64,130,54,6,129,133,18,136,137,138,20,196,141,189,46,197,145,109,147,148,50,150,117,152,84,31,193,93,27,155,171,0,154,95,57,16,55,44,143,139,169,170,114,168,124,174,1,176,92,178,179,180,90,161,183,184,134,186,107,188,142,166,116,103,158,21,177,157,144,78,8,];False
4803;9711;14514;[81,88,15,3,110,5,132,32,85,14,187,29,35,13,153,199,108,17,72,19,172,194,22,23,24,191,140,7,43,11,30,102,12,135,34,185,36,37,38,75,40,165,151,52,163,45,25,97,48,49,62,119,28,128,53,120,79,51,58,59,131,61,149,63,2,167,66,67,60,113,160,105,106,73,98,65,71,77,89,198,80,87,82,83,56,76,94,146,42,156,9,91,100,74,126,162,68,47,175,99,115,101,26,192,104,195,33,127,70,181,41,96,112,69,190,10,173,164,118,86,4,121,122,123,159,125,39,182,111,64,130,54,6,129,133,103,136,137,138,20,196,141,189,46,197,145,109,147,148,50,150,117,152,84,31,193,93,27,155,171,0,154,95,57,16,55,166,143,139,169,170,114,168,124,174,1,176,92,178,179,180,90,161,183,184,134,186,107,188,142,44,116,18,158,21,177,157,144,78,8,];False
4847;9666;14513;[81,88,15,3,110,5,132,32,85,14,187,29,35,13,153,199,108,17,72,19,172,194,22,23,24,191,140,7,43,11,30,102,12,135,34,185,36,37,38,75,40,128,151,52,163,45,25,47,48,49,62,119,28,165,53,120,79,51,58,59,131,61,149,63,2,167,66,67,60,113,160,105,106,73,98,65,71,77,89,198,80,87,82,83,56,76,94,146,42,156,9,91,100,74,126,162,68,97,175,99,115,101,26,192,104,195,33,127,70,181,41,96,112,69,190,10,173,164,118,86,4,121,122,123,159,125,39,182,111,64,130,54,6,129,133,103,136,137,138,20,196,141,189,46,197,145,109,147,169,50,150,117,152,84,31,193,93,27,155,171,0,154,95,57,16,55,166,143,139,148,170,114,168,124,174,1,176,92,178,179,180,90,161,183,184,134,186,107,188,142,44,116,18,158,21,177,157,144,78,8,];False
4819;9691;14510;[81,88,15,3,110,5,132,32,85,14,187,29,134,13,153,199,75,17,72,19,172,194,22,23,24,191,140,7,43,11,30,102,12,135,34,185,36,37,38,108,40,165,151,52,163,45,25,47,48,49,62,119,28,128,53,120,79,51,58,59,131,61,149,63,2,167,66,67,60,113,160,105,106,8,98,65,71,77,89,198,80,87,82,83,56,76,94,146,42,156,9,91,100,74,126,162,68,97,175,99,115,101,26,192,104,195,33,127,70,181,41,96,112,69,190,10,173,164,118,86,4,121,122,123,159,125,39,182,111,64,130,54,6,129,133,18,136,137,138,20,196,141,189,46,197,145,109,147,148,50,150,117,152,84,31,193,93,27,155,171,0,154,95,57,16,55,166,143,139,169,170,114,168,124,174,1,176,92,178,179,180,90,161,183,184,35,186,107,188,142,44,116,103,158,21,177,157,144,78,73,];False
4855;9653;14508;[81,88,15,3,110,5,132,32,85,14,187,29,35,13,153,199,108,17,72,19,172,194,22,23,24,191,140,7,43,11,30,102,12,135,34,185,36,37,38,75,40,165,151,52,163,45,25,47,48,49,62,119,28,128,53,120,79,51,58,59,131,61,149,63,2,167,66,67,60,113,160,105,106,73,98,65,71,77,89,198,80,87,82,83,56,76,94,146,42,156,9,91,100,74,126,162,68,97,175,99,115,101,26,192,104,195,33,154,70,181,41,96,112,69,190,10,173,164,118,86,4,121,122,123,159,125,39,182,111,64,130,54,6,129,133,103,136,137,138,20,196,141,189,46,197,145,109,147,148,50,150,117,152,84,31,193,93,27,155,171,0,127,95,57,16,55,166,143,139,169,170,114,168,124,174,1,176,92,178,179,180,90,161,183,184,134,186,107,188,142,44,116,18,158,21,177,157,144,78,8,];False
4846;9661;14507;[81,88,15,3,110,5,132,32,85,14,187,29,134,13,153,199,75,17,72,19,172,194,22,23,24,191,140,7,43,11,30,102,12,135,34,185,36,37,38,108,40,165,151,52,163,45,25,47,48,49,62,119,28,128,53,120,79,51,58,59,131,61,149,63,2,167,66,67,60,113,160,105,106,73,98,65,71,77,89,198,80,87,82,83,56,76,94,146,42,156,9,91,100,74,126,162,68,97,175,99,115,101,26,192,104,195,33,127,70,181,41,96,112,69,190,10,173,164,118,86,4,121,122,123,159,125,39,182,111,64,130,54,6,129,133,18,136,137,138,20,196,141,189,46,197,145,109,147,148,50,150,117,152,84,31,193,93,27,158,171,0,154,95,57,16,55,166,143,139,169,170,114,168,124,174,1,176,92,178,179,180,90,161,183,184,35,186,107,188,142,44,116,103,155,21,177,157,144,78,8,];False
4848;9657;14505;[81,88,15,3,110,5,132,32,85,14,187,29,35,13,153,199,108,17,72,19,172,194,22,23,24,191,140,7,43,11,30,102,12,135,34,185,36,37,38,75,40,165,151,52,163,45,25,47,48,49,62,119,28,128,53,120,79,51,58,59,131,61,149,63,2,167,66,67,60,113,160,105,106,73,98,65,71,77,89,198,80,31,82,83,56,76,94,146,42,156,9,91,100,74,126,162,68,97,175,99,115,101,26,192,104,195,33,127,70,181,41,96,112,69,190,10,173,164,118,86,4,121,122,123,159,125,39,182,111,64,130,54,6,129,133,18,136,137,138,20,196,141,189,46,197,145,109,147,148,50,150,117,152,84,87,193,93,27,155,171,0,154,95,57,16,55,166,143,139,169,170,114,168,124,174,1,176,92,178,179,180,90,161,183,184,134,186,107,188,142,44,116,103,158,21,177,157,144,78,8,];False
4829;9673;14502;[81,88,15,3,110,5,132,32,85,14,187,29,35,13,153,199,108,17,72,19,172,194,22,23,24,191,140,7,43,11,30,102,12,135,34,185,36,37,38,75,40,165,151,52,163,45,25,47,48,49,62,119,28,128,53,120,79,51,58,59,131,61,149,63,2,167,66,67,60,113,160,105,106,73,98,65,71,77,89,198,169,87,82,83,56,76,94,146,42,156,9,91,100,74,126,162,68,97,175,99,115,101,26,192,104,195,33,127,70,181,41,96,112,69,190,10,173,164,118,86,4,121,122,123,159,125,39,182,111,64,130,54,6,129,133,103,136,137,138,20,196,141,189,46,197,145,109,147,148,50,150,117,152,84,31,193,93,27,155,171,0,154,95,57,16,55,166,143,139,80,170,114,168,124,174,1,176,92,178,179,180,90,161,183,184,134,186,107,188,142,44,116,18,158,21,177,157,144,78,8,];False
4785;9712;14497;[81,88,15,3,110,5,132,32,85,14,187,29,35,13,153,199,75,17,72,19,172,194,22,23,24,191,140,7,43,11,30,102,12,135,34,185,36,37,38,108,40,165,151,52,163,45,25,47,48,49,62,119,28,128,53,120,79,51,58,59,131,61,149,63,2,167,66,67,60,113,160,105,106,73,98,65,71,77,89,198,80,87,82,83,56,76,94,146,42,156,9,91,100,74,126,162,68,97,175,99,115,101,26,192,104,195,33,127,70,181,41,96,112,69,190,10,173,164,118,86,4,121,122,123,159,125,39,182,111,64,130,54,6,129,133,18,136,137,138,20,196,141,189,46,197,145,109,147,148,50,150,117,152,84,31,193,93,27,155,171,0,154,95,57,16,55,166,143,139,169,170,114,168,124,174,1,176,92,178,179,180,90,161,183,184,134,186,107,188,142,44,116,103,158,21,177,157,144,78,8,];False
4798;9698;14496;[81,88,15,3,110,5,132,32,85,14,187,29,35,13,153,199,108,17,72,19,172,194,22,23,24,191,140,7,43,11,30,102,12,135,34,185,36,37,38,75,40,165,151,52,163,45,25,47,48,49,62,119,28,128,53,120,79,51,58,59,131,61,149,63,2,167,66,67,60,113,160,105,106,73,98,65,71,77,89,198,80,87,82,16,56,76,94,146,42,156,9,91,100,74,126,162,68,97,175,99,115,101,26,192,104,195,33,127,70,181,41,96,112,69,190,10,173,164,118,86,4,121,122,123,159,125,39,182,111,64,130,54,6,129,133,103,136,137,138,20,196,141,189,46,197,145,109,147,148,50,150,117,152,84,31,193,93,27,155,171,0,154,95,57,83,55,166,143,139,169,170,114,168,124,174,1,176,92,178,179,180,90,161,183,184,134,186,107,188,142,44,116,18,158,21,177,157,144,78,8,];False
4811;9681;14492;[81,88,15,3,110,5,132,32,85,14,187,29,35,13,153,199,108,17,72,19,172,194,22,23,24,191,140,7,43,11,30,102,12,135,34,185,36,37,193,75,40,165,151,52,163,45,25,47,48,49,62,119,28,128,53,120,79,51,58,59,131,61,149,63,2,167,66,67,60,113,160,105,106,73,98,65,71,77,89,198,80,87,82,83,56,76,94,146,42,156,9,91,100,74,126,162,68,97,175,99,115,101,26,192,104,195,33,127,70,181,41,96,112,69,190,10,173,164,118,86,4,121,122,123,159,125,39,182,111,64,130,54,6,129,133,103,136,137,138,20,196,141,189,46,197,145,109,147,148,50,150,117,152,84,31,38,93,27,155,171,0,154,95,57,16,55,166,143,139,169,170,114,168,124,174,1,176,92,178,179,180,90,161,183,184,134,186,107,188,142,44,116,18,158,21,177,157,144,78,8,];False
4778;9708;14486;[81,88,15,3,110,5,132,32,133,14,187,29,35,13,153,199,108,17,72,19,172,194,22,23,24,191,140,7,43,11,30,102,12,135,34,185,36,37,38,75,40,165,151,52,163,45,25,47,48,49,62,119,28,128,53,120,79,51,58,59,131,61,149,63,2,167,66,67,60,113,160,105,106,73,98,65,71,77,89,198,80,87,82,83,56,76,94,146,42,156,9,91,100,74,126,162,68,97,175,99,115,101,26,192,104,195,33,127,70,181,41,96,112,69,190,10,173,164,118,86,4,121,122,123,159,125,39,182,111,64,130,54,6,129,85,103,136,137,138,20,196,141,189,46,197,145,109,147,148,50,150,117,152,84,31,193,93,27,155,171,0,154,95,57,16,55,166,143,139,169,170,114,168,124,174,1,176,92,178,179,180,90,161,183,184,134,186,107,188,142,44,116,18,158,21,177,157,144,78,8,];False
4761;9725;14486;[81,88,15,3,110,5,132,32,85,14,187,29,35,13,153,199,108,17,72,19,172,194,22,23,24,191,140,7,43,11,30,102,12,135,34,185,36,37,38,75,40,165,151,52,163,45,25,47,48,49,62,119,28,128,53,120,79,51,58,59,131,61,149,63,2,167,66,67,60,113,160,105,106,73,98,65,71,77,89,198,80,87,82,83,56,76,94,146,42,156,9,91,100,74,126,162,68,97,175,99,115,101,26,192,104,195,33,127,70,181,41,96,112,69,190,10,173,164,118,86,4,121,122,123,159,125,39,182,150,64,130,54,6,129,133,103,136,137,138,20,196,141,189,46,197,145,109,147,148,50,111,117,152,84,31,193,93,27,155,171,0,154,95,57,16,55,166,143,139,169,170,114,168,124,174,1,176,92,178,179,180,90,161,183,184,134,186,107,188,142,44,116,18,158,21,177,157,144,78,8,];False
4809;9677;14486;[81,88,15,3,110,5,132,32,85,14,187,29,35,13,153,199,108,17,72,19,172,194,22,23,24,140,191,7,43,11,30,102,12,135,34,185,36,37,38,75,40,165,151,52,163,45,25,47,48,49,62,119,28,128,53,120,79,51,58,59,131,61,149,63,2,167,66,67,60,113,160,105,106,73,98,65,71,77,89,198,80,87,82,83,56,76,94,146,42,156,9,91,100,74,126,162,68,97,175,99,115,101,26,192,104,195,33,127,70,181,41,96,112,69,190,10,173,164,118,86,4,121,122,123,159,125,39,182,111,64,130,54,6,129,133,103,136,137,138,20,196,141,189,46,197,145,109,147,148,50,150,117,152,84,31,193,93,27,155,171,0,154,95,57,16,55,166,143,139,169,170,114,168,124,174,1,176,92,178,179,180,90,161,183,184,134,186,107,188,142,44,116,18,158,21,177,157,144,78,8,];False
4821;9664;14485;[81,88,15,3,110,5,132,32,85,14,187,29,35,13,153,199,108,17,72,19,172,194,22,23,24,191,140,7,43,11,30,102,12,135,34,185,36,37,38,75,40,165,151,52,163,45,25,47,48,49,62,119,28,128,53,120,79,51,58,59,131,61,149,63,2,167,66,67,60,113,160,105,106,73,98,65,71,77,89,198,80,87,82,83,56,76,94,146,42,156,9,91,100,74,126,162,68,97,175,99,115,101,26,192,104,195,33,127,70,181,41,96,112,69,190,10,173,164,118,86,4,121,122,123,159,125,39,182,111,64,130,54,6,129,133,18,136,137,138,20,196,141,189,46,197,145,109,147,148,50,150,117,152,84,31,193,154,27,155,171,0,93,95,57,16,55,166,143,139,169,170,114,168,124,174,1,176,92,178,179,180,90,161,183,184,134,186,107,188,142,44,116,103,158,21,177,157,144,78,8,];False
4773;9712;14485;[81,88,15,3,110,5,132,32,85,14,187,29,35,13,153,199,108,172,72,19,17,194,22,23,24,191,140,7,43,11,30,102,12,135,34,185,36,37,38,75,40,165,151,52,163,45,25,47,48,49,62,119,28,128,53,120,79,51,58,59,131,61,149,63,2,167,66,67,60,113,160,105,106,73,98,65,71,77,89,198,80,87,82,83,56,76,94,146,42,156,9,91,100,74,126,162,68,97,175,99,115,101,26,192,104,195,33,127,70,181,41,96,112,69,190,10,173,164,118,86,4,121,122,123,159,125,39,182,111,64,130,54,6,129,133,103,136,137,138,20,196,141,189,46,197,145,109,147,148,50,150,117,152,84,31,193,93,27,155,171,0,154,95,57,16,55,166,143,139,169,170,114,168,124,174,1,176,92,178,179,180,90,161,183,184,134,186,107,188,142,44,116,18,158,21,177,157,144,78,8,];False
4775;9702;14477;[81,88,15,3,110,5,132,32,85,14,187,29,35,13,153,199,108,17,72,19,172,194,22,23,24,191,140,7,43,11,30,102,12,135,34,185,36,37,38,75,40,165,151,52,163,45,25,47,48,49,62,119,28,128,53,120,79,51,58,59,131,61,149,63,2,167,66,67,60,113,160,105,106,73,98,65,71,77,89,198,80,87,82,83,56,76,94,146,42,156,9,91,100,74,126,137,68,97,175,99,115,101,26,192,104,195,33,127,70,181,41,96,112,69,190,10,173,164,118,86,4,121,122,123,159,125,39,182,111,64,130,54,6,129,133,18,136,162,138,20,196,141,189,46,197,145,109,147,148,50,150,117,152,84,31,193,93,27,155,171,0,154,95,57,16,55,166,143,139,169,170,114,168,124,174,1,176,92,178,179,180,90,161,183,184,134,186,107,188,142,44,116,103,158,21,177,157,144,78,8,];False
4808;9667;14475;[81,88,15,3,110,5,132,32,85,14,187,29,35,13,153,199,108,17,72,19,172,194,22,23,24,191,140,7,43,11,30,102,12,135,34,185,36,37,38,75,40,165,151,52,163,45,25,47,48,49,62,119,28,128,53,120,79,51,58,59,131,61,16,63,2,167,66,67,60,113,160,105,106,73,98,65,71,77,89,198,80,87,82,83,56,76,94,146,42,156,9,91,100,74,126,162,68,97,175,99,115,101,26,192,104,195,33,127,70,181,41,96,112,69,190,10,173,164,118,86,4,121,122,123,159,125,39,182,111,64,130,54,6,129,133,103,136,137,138,20,196,141,189,46,197,145,109,147,169,50,150,117,152,84,31,193,93,27,155,171,0,154,95,57,149,55,166,143,139,148,170,114,168,124,174,1,176,92,178,179,180,90,161,183,184,134,186,107,188,142,44,116,18,158,21,177,157,144,78,8,];False
4768;9705;14473;[81,88,15,3,110,5,132,32,85,14,187,29,35,13,153,199,108,17,72,19,172,194,22,23,24,191,140,7,43,11,30,102,12,135,34,185,36,37,38,75,40,165,151,52,163,45,25,47,48,49,62,119,28,128,53,120,79,51,58,59,131,61,149,63,2,167,66,67,60,113,160,105,106,161,98,65,71,77,89,198,80,87,82,83,56,76,94,146,42,156,9,91,100,74,126,162,68,97,175,99,115,101,26,192,104,195,33,127,70,181,41,96,112,69,190,10,173,164,118,86,4,121,122,123,159,125,39,182,111,64,130,54,6,129,133,103,136,137,138,20,196,141,189,46,197,145,109,147,148,50,150,117,152,84,31,193,93,27,155,171,0,154,95,57,16,55,166,143,139,169,170,114,168,124,174,1,176,92,178,179,180,90,73,183,184,134,186,107,188,142,44,116,18,158,21,177,157,144,78,8,];False
4757;9715;14472;[81,88,15,162,110,5,132,32,85,14,187,29,35,13,153,199,108,17,72,19,172,194,22,23,117,191,140,7,43,11,30,102,12,135,34,185,36,37,38,75,40,165,4,52,163,45,25,47,48,139,62,119,28,128,53,120,79,51,58,59,131,61,149,63,2,167,66,67,60,113,160,105,106,73,98,65,71,77,89,198,80,87,82,83,56,76,94,146,42,156,9,91,100,74,126,3,68,97,175,99,115,190,26,192,104,195,33,127,70,181,41,96,112,69,101,10,173,164,118,86,151,121,122,123,159,125,39,182,111,64,130,54,6,129,133,103,136,137,138,20,196,141,189,46,197,145,109,147,169,50,150,24,152,84,31,193,93,27,155,171,0,154,166,57,16,55,95,143,49,148,170,114,168,124,174,1,176,92,178,179,180,90,161,183,184,134,186,107,188,142,44,116,18,158,21,177,157,144,78,8,];False
4769;9700;14469;[81,88,15,3,110,5,132,32,85,14,187,29,35,13,153,199,108,17,72,19,172,194,22,23,24,191,140,7,43,11,30,102,12,135,34,185,36,37,38,75,40,165,151,52,163,45,25,47,48,49,62,119,28,128,53,120,79,51,39,59,131,61,149,63,2,167,66,67,60,113,160,105,106,73,98,65,71,77,89,198,80,87,82,83,56,76,94,146,42,156,9,91,100,74,126,162,68,97,175,99,115,101,26,192,104,195,33,127,70,181,41,96,112,69,190,10,173,164,118,86,4,121,122,123,159,125,58,182,111,64,130,54,6,129,133,18,136,137,138,20,196,141,189,46,197,145,109,147,148,50,150,117,152,84,31,193,93,27,155,171,0,154,95,57,16,55,166,143,139,169,170,114,168,124,174,1,176,92,178,179,180,90,161,183,184,134,186,107,188,142,44,116,103,158,21,177,157,144,78,8,];False
4771;9697;14468;[81,88,10,3,110,5,132,32,85,14,187,29,35,13,153,199,108,17,72,19,172,194,22,23,24,191,140,7,43,11,30,102,12,135,34,185,36,37,38,75,40,165,151,52,163,45,25,47,48,49,62,119,28,128,53,120,79,51,58,59,131,61,149,63,2,167,66,67,60,113,160,105,106,73,98,65,71,77,89,198,80,87,82,83,56,76,94,146,42,156,9,91,100,74,126,162,68,97,175,99,115,101,26,192,104,195,33,127,70,181,41,96,112,69,190,15,173,164,118,86,4,121,122,123,159,125,39,182,111,64,130,54,6,129,133,103,136,137,138,20,196,141,189,46,197,145,109,147,169,50,150,117,152,84,31,193,93,27,155,171,0,154,95,57,16,55,166,143,139,148,170,114,168,124,174,1,176,92,178,179,180,90,161,183,184,134,186,107,188,142,44,116,18,158,21,177,157,144,78,8,];False
4830;9637;14467;[81,88,15,3,110,5,132,32,85,14,187,29,35,13,153,199,108,17,72,19,172,194,22,23,24,191,140,7,43,11,30,102,12,135,34,185,36,37,38,75,40,165,151,52,163,45,25,47,48,49,62,119,28,128,53,120,79,51,58,59,131,61,149,63,2,167,66,67,60,113,160,105,106,73,98,65,71,77,89,198,80,87,82,83,150,76,94,146,42,156,9,91,100,74,126,162,68,97,175,99,115,101,26,192,104,195,33,127,70,181,41,96,112,69,190,10,173,164,118,86,4,121,122,123,159,125,39,182,111,64,130,54,6,129,133,18,136,137,138,20,196,141,189,46,197,145,109,147,148,50,56,117,152,84,31,193,93,27,155,171,0,154,95,57,16,55,166,143,139,169,170,114,168,124,174,1,176,92,178,179,180,90,161,183,184,134,186,107,188,142,44,116,103,158,21,177,157,144,78,8,];False
4807;9659;14466;[81,88,15,3,110,5,132,32,85,14,187,29,35,13,153,199,108,17,72,19,172,194,22,23,24,191,140,7,43,11,30,102,12,135,34,185,36,37,38,75,40,165,151,52,163,176,25,47,48,49,62,119,28,128,53,120,79,51,58,59,131,61,149,63,2,167,66,67,60,113,160,105,106,73,98,65,71,77,89,198,80,87,82,83,56,76,94,146,42,156,9,91,100,74,126,162,68,97,175,99,115,101,26,192,104,195,33,127,70,181,41,96,112,69,190,10,173,164,118,86,4,121,122,123,159,125,39,182,111,64,130,54,6,129,133,103,136,137,138,20,196,141,189,46,197,145,109,147,169,50,150,117,152,84,31,193,93,27,155,171,0,154,95,57,16,55,166,143,139,148,170,114,168,124,174,1,45,92,178,179,180,90,161,183,184,134,186,107,188,142,44,116,18,158,21,177,157,144,78,8,];False
4783;9679;14462;[81,88,15,3,110,5,132,32,85,14,187,29,35,13,153,199,108,17,72,19,172,194,22,23,24,191,140,7,43,11,30,102,12,135,34,173,36,37,38,75,40,165,151,52,163,45,25,47,48,49,62,119,28,128,53,120,79,51,58,59,131,61,149,63,2,167,66,67,60,113,160,105,106,73,98,65,71,77,89,198,80,87,82,83,56,76,94,146,42,156,9,91,100,74,126,162,68,97,175,99,115,101,26,192,104,195,33,127,70,181,41,96,112,69,190,10,185,164,118,86,4,121,122,123,159,125,39,182,111,64,130,54,6,129,133,103,136,137,138,20,196,141,189,46,197,145,109,147,148,50,150,117,152,84,31,193,93,27,155,171,0,154,95,57,16,55,166,143,139,169,170,114,168,124,174,1,176,92,178,179,180,90,161,183,184,134,186,107,188,142,44,116,18,158,21,177,157,144,78,8,];False
4758;9699;14457;[81,88,15,3,110,5,132,32,85,14,187,29,35,13,153,199,108,17,72,19,172,194,22,23,24,191,140,7,43,11,30,102,12,135,34,185,36,37,38,75,40,165,151,52,163,45,25,47,48,49,62,119,28,128,53,120,79,51,58,59,131,61,149,63,2,167,66,67,60,113,160,105,106,73,98,65,71,77,89,198,80,87,82,83,56,76,94,146,42,156,9,91,100,74,126,162,68,97,175,99,115,101,26,192,104,195,33,127,70,181,41,96,112,69,190,10,173,164,118,86,4,121,122,123,159,125,39,182,111,64,130,54,6,129,133,103,136,137,138,169,196,141,189,46,197,145,109,147,148,50,150,117,152,84,31,193,93,27,155,171,0,154,95,57,16,55,166,143,139,20,170,114,168,124,174,1,176,92,178,179,180,90,161,183,184,134,186,107,188,142,44,116,18,158,21,177,157,144,78,8,];False
4770;9687;14457;[81,88,15,3,110,5,132,32,85,14,187,29,104,13,153,199,108,17,72,19,172,194,22,23,24,191,140,7,43,11,30,102,12,135,34,185,36,37,38,75,40,165,151,52,163,45,25,47,48,49,62,119,28,128,53,120,79,51,58,59,131,61,149,63,2,167,66,67,60,113,160,105,106,73,98,65,71,77,89,198,80,87,82,83,56,76,94,146,42,156,9,91,100,74,126,162,68,97,175,99,115,101,26,192,35,195,33,127,70,181,41,96,112,69,190,10,173,164,118,86,4,121,122,123,159,125,39,182,111,64,130,54,6,129,133,103,136,137,138,20,196,141,189,46,197,145,109,147,148,50,150,117,152,84,31,193,93,27,155,171,0,154,95,57,16,55,166,143,139,169,170,114,168,124,174,1,176,92,178,179,180,90,161,183,184,134,186,107,188,142,44,116,18,158,21,177,157,144,78,8,];False
4781;9671;14452;[81,88,15,3,110,5,132,32,85,14,187,29,35,13,153,199,108,17,72,19,172,194,22,23,24,191,140,7,43,11,30,102,12,135,34,185,36,37,38,75,40,165,151,52,163,45,25,47,48,49,62,119,28,128,53,120,79,51,58,59,131,61,149,63,2,167,66,67,60,113,160,105,106,73,98,65,71,77,89,198,80,87,82,83,56,76,94,146,42,156,9,91,100,74,126,162,68,97,175,99,115,101,26,192,104,195,33,127,70,181,41,96,112,69,190,10,173,164,118,86,4,143,122,123,159,125,39,182,111,64,130,54,6,129,133,18,136,137,138,20,196,141,189,46,197,145,109,147,148,50,150,117,152,84,31,193,93,27,155,171,0,154,95,57,16,55,166,121,139,169,170,114,168,124,174,1,176,92,178,179,180,90,161,183,184,134,186,107,188,142,44,116,103,158,21,177,157,144,78,8,];False
4767;9679;14446;[81,88,15,3,110,5,132,32,85,14,187,29,35,13,153,199,108,17,72,19,172,194,22,23,24,191,140,7,43,11,30,102,12,135,34,185,36,37,38,75,40,165,151,52,163,45,25,47,182,49,62,119,28,128,53,120,79,51,58,59,131,61,149,63,2,167,66,67,60,113,160,105,106,73,98,65,71,77,89,198,80,87,82,83,56,76,94,146,42,156,9,91,100,74,126,162,68,97,175,99,115,101,26,192,104,195,33,127,70,181,41,96,112,69,190,10,173,164,118,86,4,121,122,123,159,125,39,48,111,64,130,54,6,129,133,103,136,137,138,20,196,141,189,46,197,145,109,147,169,50,150,117,152,84,31,193,93,27,155,171,0,154,95,57,16,55,166,143,139,148,170,114,168,124,174,1,176,92,178,179,180,90,161,183,184,134,186,107,188,142,44,116,18,158,21,177,157,144,78,8,];False
4771;9675;14446;[81,88,15,3,110,5,132,32,85,14,187,29,35,13,153,199,108,17,72,19,172,194,22,23,42,191,140,7,43,11,30,102,12,135,34,185,36,37,38,75,40,165,151,52,163,45,25,47,48,49,62,119,28,128,53,120,79,51,58,59,131,61,149,63,2,167,66,67,60,113,160,105,106,73,98,65,71,77,89,198,80,87,82,83,56,76,94,146,24,156,9,91,100,74,126,162,68,97,175,99,115,101,26,192,104,195,33,127,70,181,41,96,112,69,190,10,173,164,118,86,4,121,122,123,159,125,39,182,111,64,130,54,6,129,133,18,136,137,138,20,196,141,189,46,197,145,109,147,148,50,150,117,152,84,31,193,93,27,155,171,0,154,95,57,16,55,166,143,139,169,170,114,168,124,174,1,176,92,178,179,180,90,161,183,184,134,186,107,188,142,44,116,103,158,21,177,157,144,78,8,];False
4753;9689;14442;[81,88,15,3,110,5,132,32,85,14,187,29,35,13,153,199,108,17,72,19,172,194,22,23,24,191,140,7,43,11,30,102,12,135,34,185,36,37,38,75,40,165,151,52,163,45,25,47,48,49,62,119,28,128,53,120,79,51,58,59,131,61,149,63,2,167,66,67,60,113,160,105,106,73,98,65,71,77,89,198,80,87,82,83,56,76,94,146,42,156,9,91,100,74,126,162,68,97,175,99,115,101,26,192,104,195,33,127,70,181,41,96,112,69,190,10,173,164,118,86,4,121,122,123,159,125,39,182,111,64,130,54,6,129,133,18,136,137,138,20,196,141,189,46,197,145,109,147,148,50,150,117,152,84,31,193,93,27,155,171,0,154,95,57,16,55,166,143,139,169,170,114,168,124,174,1,176,92,178,179,180,90,161,183,184,134,186,107,188,142,44,116,103,158,21,177,157,144,78,8,];False
4750;9685;14435;[81,88,15,3,110,5,132,32,85,14,187,29,35,13,153,199,108,17,72,19,172,194,22,23,24,191,140,7,43,11,30,102,12,135,34,185,36,37,38,75,40,165,151,52,163,45,25,47,48,49,62,119,28,128,53,120,79,51,58,59,131,61,149,63,2,167,66,171,60,113,160,105,106,73,98,65,71,77,89,198,80,87,82,83,56,76,94,146,42,156,9,91,100,74,126,162,68,97,175,99,115,101,26,192,104,195,33,127,70,181,41,96,112,69,190,10,173,164,118,86,4,121,122,123,159,125,39,182,111,64,130,54,6,129,133,103,136,137,138,20,196,141,189,46,197,145,109,147,148,50,150,117,152,84,31,193,93,27,155,67,0,154,95,57,16,55,166,143,139,169,170,114,168,124,174,1,176,92,178,179,180,90,161,183,184,134,186,107,188,142,44,116,18,158,21,177,157,144,78,8,];False
4755;9680;14435;[81,88,15,162,110,5,132,32,85,14,187,29,35,13,153,199,108,17,72,19,172,194,22,23,117,191,140,7,43,11,30,102,12,135,34,185,36,37,38,75,40,165,151,52,163,45,25,47,48,139,62,119,28,128,53,120,79,51,58,59,131,61,149,63,2,167,66,67,60,113,160,105,106,73,98,65,71,77,89,198,80,87,82,83,56,76,94,146,42,156,9,91,100,74,126,3,152,97,175,99,115,101,26,192,104,195,33,127,70,181,41,96,112,69,190,10,173,164,118,86,4,121,122,123,159,125,39,182,111,64,130,54,6,129,133,103,136,137,138,20,196,141,189,46,197,145,109,147,169,50,150,24,68,84,31,193,93,27,155,171,0,154,166,57,16,55,95,143,49,148,170,114,168,124,174,1,176,92,178,179,180,90,161,183,184,134,186,107,188,142,44,116,18,158,21,177,157,144,78,8,];False
4728;9703;14431;[81,88,73,162,110,5,132,32,85,14,187,29,35,13,153,199,108,17,72,19,172,194,22,23,117,191,178,7,43,11,30,102,12,135,34,185,36,37,38,75,40,165,4,52,163,45,25,47,48,139,62,119,28,128,53,120,79,51,58,59,131,61,149,63,2,167,66,67,60,113,160,105,106,15,98,65,71,77,89,198,80,87,82,83,56,76,94,146,42,156,9,91,100,74,126,3,68,97,175,99,115,101,26,192,104,195,33,127,70,181,41,96,112,69,190,10,173,164,118,86,151,121,122,123,159,125,39,182,111,64,130,54,6,129,133,103,136,137,138,20,196,141,189,46,197,145,109,147,169,50,150,24,152,84,31,193,93,27,155,171,0,154,166,57,16,55,95,143,49,148,170,114,168,124,174,1,176,92,140,179,180,90,161,183,184,134,186,107,188,142,44,116,18,158,21,177,157,144,78,8,];False
4740;9690;14430;[81,88,15,3,110,5,132,32,85,14,187,29,35,13,153,199,108,17,72,19,172,194,22,23,24,191,140,7,43,11,30,102,12,135,34,185,36,37,38,75,40,165,151,52,163,45,25,47,48,49,62,119,28,128,53,120,79,51,58,59,131,164,149,63,2,167,66,67,60,113,160,105,106,73,98,65,71,77,89,198,80,87,82,83,56,76,94,146,42,156,9,91,100,74,126,162,68,97,175,99,115,101,26,192,104,195,33,127,70,181,41,96,112,69,190,10,173,61,118,86,4,121,122,123,159,125,39,182,111,64,130,54,6,129,133,103,136,137,138,20,196,141,189,46,197,145,109,147,148,50,150,117,152,84,31,193,93,27,155,171,0,154,95,57,16,55,166,143,139,169,170,114,168,124,174,1,176,92,178,179,180,90,161,183,184,134,186,107,188,142,44,116,18,158,21,177,157,144,78,8,];False
4664;9766;14430;[81,88,73,162,110,5,132,32,85,14,187,29,47,13,153,199,108,17,72,19,172,194,22,23,117,191,140,7,43,11,30,102,12,135,34,185,36,37,38,75,40,165,4,52,163,45,25,35,48,139,62,119,28,128,53,120,79,51,58,59,131,61,149,63,2,167,66,67,60,113,160,105,106,15,98,65,71,77,89,198,80,87,82,83,56,76,94,146,42,156,9,91,100,74,126,3,68,97,175,99,115,101,26,192,104,195,33,127,70,181,41,96,112,69,190,10,173,164,118,86,151,121,122,123,159,125,39,182,111,64,130,54,6,129,133,103,136,137,138,20,196,141,189,46,197,145,109,147,169,50,150,24,152,84,31,193,93,27,155,171,0,154,166,143,16,55,95,57,49,148,170,114,168,124,174,1,176,92,178,179,180,90,161,183,184,134,186,107,188,142,44,116,18,158,21,177,157,144,78,8,];False
4661;9766;14427;[81,88,73,162,110,5,132,32,85,14,187,29,97,13,153,199,108,17,72,19,172,194,22,23,117,191,140,7,43,11,30,102,12,135,34,185,36,37,38,75,40,165,4,52,163,45,25,47,48,139,62,119,28,128,53,120,79,51,58,59,131,61,149,63,2,167,66,67,60,113,160,105,106,15,98,65,71,77,89,198,80,87,82,83,56,76,94,146,42,156,9,91,100,74,126,3,68,35,175,99,115,101,26,192,104,195,33,127,70,181,41,96,112,69,190,10,173,164,118,86,151,121,122,123,159,125,39,182,111,64,130,54,6,129,133,103,136,137,138,20,196,141,189,46,197,145,109,147,169,50,150,24,152,84,31,193,93,27,155,171,0,154,166,143,16,55,95,57,49,148,170,114,168,124,174,1,176,92,178,179,180,90,161,183,184,134,186,107,188,142,44,116,18,158,21,177,157,144,78,8,];False
4658;9767;14425;[81,88,73,162,110,5,132,32,85,14,187,29,35,13,153,199,108,17,72,19,172,194,22,23,117,191,140,7,43,11,165,102,12,135,34,185,36,37,38,75,40,30,4,52,163,45,25,47,48,139,62,119,28,128,53,120,79,51,58,59,131,61,149,63,2,167,66,67,60,113,160,105,106,15,98,65,71,77,89,198,80,87,82,83,56,76,94,146,42,156,9,91,100,74,126,3,68,97,175,99,115,101,26,192,104,195,33,127,70,181,41,96,112,69,190,10,173,164,118,86,151,121,122,123,159,125,39,182,111,64,130,54,6,129,133,103,136,137,138,20,196,141,189,46,197,145,109,147,169,50,150,24,152,84,31,193,93,27,155,171,0,154,166,143,16,55,95,57,49,148,170,114,168,124,174,1,176,92,178,179,180,90,161,183,184,134,186,107,188,142,44,116,18,158,21,177,157,144,78,8,];False
4737;9686;14423;[81,88,15,3,110,5,132,32,85,14,187,29,35,13,153,199,108,17,72,19,172,194,22,23,24,191,140,7,43,11,30,102,12,135,34,185,36,37,38,75,40,165,151,52,163,45,25,47,48,49,62,119,28,128,53,120,79,51,58,59,131,61,149,63,2,167,66,67,60,113,160,105,106,73,98,65,71,77,89,198,80,87,82,83,56,76,94,146,42,156,9,91,100,74,126,162,68,97,175,99,115,101,26,192,104,195,33,127,70,181,41,96,112,69,190,10,173,164,118,86,4,121,122,123,159,125,39,182,111,64,130,54,6,129,133,103,136,137,138,20,196,141,189,46,197,145,109,147,148,50,150,117,152,84,31,193,93,27,155,171,0,154,95,57,16,55,166,143,21,169,170,114,168,124,174,1,176,92,178,179,180,90,161,183,184,134,186,107,188,142,44,116,18,158,139,177,157,144,78,8,];False
4717;9698;14415;[81,88,15,3,110,5,132,32,85,14,187,29,35,13,153,199,108,17,72,19,172,194,22,23,24,191,140,7,43,11,30,102,12,135,34,185,36,37,38,75,40,165,151,52,163,45,25,47,48,49,62,119,28,128,53,120,79,51,58,59,131,61,149,63,2,167,66,67,60,113,160,105,106,73,98,65,71,77,89,198,80,87,82,83,56,76,94,146,42,156,9,91,100,74,126,162,68,97,175,99,115,101,26,192,104,195,33,127,70,181,41,96,112,69,190,10,173,164,118,86,4,150,122,123,159,125,39,182,111,64,130,54,6,129,133,103,136,137,138,20,196,141,189,46,197,145,109,147,169,50,121,117,152,84,31,193,93,27,155,171,0,154,95,57,16,55,166,143,139,148,170,114,168,124,174,1,176,92,178,179,180,90,161,183,184,134,186,107,188,142,44,116,18,158,21,177,157,144,78,8,];False
4729;9685;14414;[81,88,15,3,110,5,132,32,85,14,187,29,35,13,153,199,108,17,72,19,172,194,22,23,24,191,140,7,43,11,30,102,12,135,34,185,36,37,38,75,40,165,151,52,163,45,25,47,48,49,62,119,28,128,53,120,79,51,58,59,131,61,149,63,2,167,66,67,60,113,160,105,106,73,98,65,71,77,89,198,80,87,82,83,56,76,94,146,42,156,9,91,100,74,126,162,68,97,175,99,115,101,26,192,104,195,33,127,70,181,41,96,112,69,190,10,173,164,118,86,4,121,122,123,159,125,39,182,111,64,130,54,6,129,133,103,136,137,138,20,196,141,189,46,197,145,109,147,169,50,150,117,152,84,31,193,93,27,21,171,0,154,95,57,16,55,166,143,139,148,170,114,168,124,174,1,176,92,178,179,180,90,161,183,184,134,186,107,188,142,44,116,18,158,155,177,157,144,78,8,];False
4716;9697;14413;[81,88,15,162,110,5,132,32,85,14,187,29,35,13,153,199,108,17,152,19,172,194,22,23,117,191,140,7,43,11,30,102,12,135,34,185,36,37,38,75,40,165,151,52,163,45,25,47,48,49,62,119,28,128,53,120,79,51,58,59,131,61,149,63,2,167,66,67,60,113,160,105,106,73,98,65,71,77,89,198,80,87,82,83,56,76,94,146,42,156,9,91,100,74,126,3,68,97,175,99,115,101,26,192,104,195,33,127,70,181,41,96,112,69,190,10,173,164,118,86,4,121,122,123,159,125,39,182,111,64,130,54,6,129,133,103,136,137,138,20,196,141,189,46,197,145,109,147,169,50,150,24,72,84,31,193,93,27,155,171,0,154,95,57,16,55,166,143,139,148,170,114,168,124,174,1,176,92,178,179,180,90,161,183,184,134,186,107,188,142,44,116,18,158,21,177,157,144,78,8,];False
4717;9696;14413;[81,152,15,3,110,5,132,32,85,14,187,29,35,13,153,199,108,17,72,19,172,194,22,23,24,191,140,7,43,11,30,102,12,135,34,185,36,37,38,75,40,165,151,52,163,45,25,47,48,49,62,119,28,128,53,120,79,51,58,59,131,61,149,63,2,167,66,67,60,113,160,105,106,73,98,65,71,77,89,198,80,87,82,83,56,76,94,146,42,156,9,91,100,74,126,162,68,97,175,99,115,101,26,192,104,195,33,127,70,181,41,96,112,69,190,10,173,164,118,86,4,121,122,123,159,125,39,182,111,64,130,54,6,129,133,103,136,137,138,20,196,141,189,46,197,145,109,147,169,50,150,117,88,84,31,193,93,27,155,171,0,154,95,57,16,55,166,143,139,148,170,114,168,124,174,1,176,92,178,179,180,90,161,183,184,134,186,107,188,142,44,116,18,158,21,177,157,144,78,8,];False
4711;9693;14404;[81,88,15,3,110,5,132,32,85,14,187,29,35,13,153,199,108,17,72,19,172,194,22,23,24,191,140,7,43,11,30,102,12,135,34,185,36,37,38,75,40,165,151,52,163,45,25,47,48,49,62,119,28,128,53,120,79,51,58,59,131,61,149,63,2,167,66,67,60,113,160,105,106,73,98,65,71,77,89,198,80,87,82,83,56,76,94,146,42,156,9,91,100,74,126,162,68,97,175,99,115,101,26,192,104,195,33,127,70,181,41,96,112,69,190,10,173,164,118,86,4,121,122,123,159,125,39,182,111,64,130,54,6,129,133,103,136,137,138,20,196,141,189,46,197,145,109,147,148,50,150,117,152,84,31,193,93,27,155,171,0,154,95,57,16,55,166,143,139,169,170,114,168,124,174,1,176,92,178,179,180,90,161,183,184,134,186,107,188,142,44,116,18,158,21,177,157,144,78,8,];False
4703;9696;14399;[81,88,15,162,110,5,132,32,85,14,187,29,35,13,153,199,108,38,72,19,172,194,22,23,117,191,140,7,43,11,30,102,12,135,34,185,36,37,17,75,40,165,151,52,163,45,25,47,48,139,62,119,28,128,53,120,79,51,58,59,131,61,149,63,2,167,66,67,60,113,160,105,106,73,98,65,71,77,89,198,80,87,82,83,56,76,94,146,42,156,9,91,100,74,126,3,68,97,175,99,115,101,26,192,104,195,33,127,70,181,41,96,112,69,190,10,173,164,118,86,4,121,122,123,159,125,39,182,111,64,130,54,6,129,133,103,136,137,138,20,196,141,189,46,197,145,109,147,169,50,150,24,152,84,31,193,93,27,155,171,0,154,166,57,16,55,95,143,49,148,170,114,168,124,174,1,176,92,178,179,180,90,161,183,184,134,186,107,188,142,44,116,18,158,21,177,157,144,78,8,];False
4733;9665;14398;[81,88,15,162,110,5,132,32,85,14,187,29,35,13,153,199,108,17,72,19,172,194,22,23,117,191,140,7,43,11,30,102,12,135,34,185,36,37,38,75,40,165,151,52,163,45,25,47,48,139,62,119,28,128,53,120,79,51,58,59,131,61,149,63,2,167,66,67,60,113,160,105,106,73,98,65,71,77,89,198,80,87,82,83,56,76,94,146,42,156,9,91,100,74,126,3,68,97,175,99,115,101,26,192,104,195,33,127,70,181,41,96,112,69,190,10,173,164,118,86,4,121,122,123,159,125,39,182,111,64,130,54,6,129,133,103,136,137,138,20,196,141,189,46,197,145,109,147,169,50,150,24,152,84,31,193,93,27,155,186,0,154,166,57,16,55,95,143,49,148,170,114,168,124,174,1,176,92,178,179,180,90,161,183,184,134,171,107,188,142,44,116,18,158,21,177,157,144,78,8,];False
4711;9685;14396;[81,88,15,3,110,5,132,32,85,14,187,29,35,13,153,199,108,17,72,19,172,194,22,23,24,191,140,7,43,11,30,102,12,135,34,185,36,37,38,75,40,165,151,52,163,45,25,47,48,49,62,119,28,128,53,120,79,51,58,59,131,61,149,63,2,167,66,67,60,113,160,105,106,73,98,65,71,77,89,198,80,87,82,83,56,76,94,146,42,156,9,91,100,74,126,162,68,97,175,99,115,101,26,192,104,195,33,127,70,181,41,96,112,69,190,10,173,164,118,86,4,121,122,123,159,125,39,182,111,64,130,54,6,129,133,103,136,137,138,20,196,141,189,46,197,145,109,147,169,50,150,117,152,84,31,193,93,27,155,171,0,154,95,57,16,55,166,143,139,148,170,114,168,124,174,1,176,92,178,179,180,90,161,183,184,134,186,107,188,142,44,116,18,158,21,177,157,144,78,8,];False
4641;9755;14396;[81,88,73,162,110,5,132,32,85,14,187,29,35,13,153,199,108,17,72,19,172,194,22,23,117,191,140,7,43,11,30,102,12,135,34,185,36,37,38,75,40,165,4,52,163,45,25,47,48,139,62,119,28,128,53,120,79,51,58,59,131,61,149,63,2,173,66,67,60,113,160,105,106,15,98,65,71,77,89,198,80,87,82,83,56,76,94,146,42,156,9,91,100,74,126,3,68,97,175,99,115,101,26,192,104,195,33,127,70,181,41,96,112,69,190,10,167,164,118,86,151,121,122,123,159,125,39,182,111,64,130,54,6,129,133,103,136,27,138,20,196,141,189,46,197,145,109,147,169,50,150,24,152,84,31,193,93,137,155,171,0,154,166,143,16,55,95,57,49,148,170,114,168,124,174,1,176,92,178,179,180,90,161,183,184,134,186,107,188,142,44,116,18,158,21,177,157,144,78,8,];False
4660;9730;14390;[81,88,73,162,110,5,132,32,85,14,187,29,35,13,153,199,108,17,72,19,172,194,22,23,117,191,140,7,43,11,30,102,12,135,34,185,36,37,38,75,40,165,4,52,163,45,25,47,48,139,62,119,28,128,53,120,79,51,58,59,131,61,149,63,2,167,66,67,60,113,160,105,106,15,98,65,71,77,89,198,80,87,82,83,56,76,94,146,42,156,9,91,100,74,126,3,68,97,175,99,115,101,26,192,104,195,33,127,70,181,41,96,112,69,190,10,173,164,118,86,151,121,122,123,159,125,39,55,111,64,130,54,6,129,133,103,136,137,138,20,196,141,189,46,197,145,109,147,169,50,150,24,152,84,31,193,93,27,155,171,0,154,166,143,16,182,95,57,49,148,170,114,168,124,174,1,176,92,178,179,180,90,161,183,184,134,186,107,188,142,44,116,18,158,21,177,157,144,78,8,];False
4692;9693;14385;[81,88,73,162,110,5,132,32,85,14,187,29,35,13,153,199,108,17,72,19,172,194,22,23,117,191,140,7,43,11,30,102,12,135,34,185,36,37,38,75,40,165,4,52,163,45,25,47,48,139,62,119,28,128,53,120,79,51,58,59,131,61,107,63,2,173,66,67,60,113,160,105,106,15,98,65,71,77,89,198,80,87,82,83,56,76,94,146,42,156,9,91,100,74,126,3,68,97,175,99,115,101,26,192,104,195,33,127,70,181,41,96,112,69,190,10,167,164,118,86,151,121,122,123,159,125,39,182,111,64,130,54,6,129,133,103,136,137,138,20,196,141,189,46,197,145,109,147,169,50,150,24,152,84,31,193,93,27,155,171,0,154,166,143,16,55,95,57,49,148,170,114,168,124,174,1,176,92,178,179,180,90,161,183,184,134,186,149,188,142,44,116,18,158,21,177,157,144,78,8,];False
4690;9693;14383;[81,88,15,162,110,5,132,32,85,14,187,29,35,13,153,199,108,17,72,19,172,194,22,23,117,191,140,7,43,11,30,102,12,135,34,185,36,37,38,75,40,165,4,52,163,45,25,47,48,139,62,119,28,128,53,120,79,51,58,59,131,61,149,63,2,167,66,67,60,113,160,105,106,73,98,65,71,77,89,198,80,87,82,83,56,76,94,146,42,156,9,91,100,74,126,3,68,97,96,99,115,101,26,192,104,195,33,127,70,181,41,175,112,69,190,10,173,164,118,86,151,121,122,123,159,125,39,182,111,64,130,54,6,129,133,103,136,137,138,20,196,141,189,46,197,145,109,147,169,50,150,24,152,84,31,193,93,27,155,171,0,154,166,57,16,55,95,143,49,148,170,114,168,124,174,1,176,92,178,179,180,90,161,183,184,134,186,107,188,142,44,116,18,158,21,177,157,144,78,8,];False
4666;9716;14382;[81,88,73,162,110,5,132,32,85,14,187,29,35,13,153,199,108,17,72,19,172,194,22,23,117,191,140,7,43,11,30,102,12,135,34,185,36,37,38,75,40,165,4,52,163,45,25,47,48,139,62,119,28,128,53,120,79,51,58,59,131,121,149,63,2,167,66,67,60,113,160,105,106,15,98,65,71,77,89,198,80,87,82,83,56,76,94,146,42,156,9,91,100,74,126,3,68,97,175,99,115,101,26,192,104,195,33,127,70,181,41,96,112,69,190,10,173,164,118,86,151,61,122,123,159,125,39,182,111,64,130,54,6,129,133,103,136,137,138,20,196,141,189,46,197,145,109,147,169,50,150,24,152,84,31,193,93,27,155,171,0,154,166,143,16,55,95,57,49,148,170,114,168,124,174,1,176,92,178,179,180,90,161,183,184,134,186,107,188,142,44,116,18,158,21,177,157,144,78,8,];False
4629;9752;14381;[81,88,73,162,110,5,132,32,85,14,187,29,35,13,153,199,108,17,72,19,172,194,22,23,117,191,140,7,43,11,30,102,12,135,34,185,36,37,38,75,40,165,4,52,163,45,25,47,48,139,62,119,28,128,53,120,79,51,58,59,131,61,149,63,2,167,66,67,60,113,160,105,106,15,98,65,71,77,89,198,80,87,82,83,56,76,94,146,42,156,9,91,100,74,126,3,68,97,175,99,115,101,26,192,104,195,33,127,70,181,168,96,112,69,190,10,173,164,118,86,151,121,122,123,159,125,39,182,111,64,130,54,6,129,133,103,136,137,138,20,196,141,189,46,197,145,109,147,169,50,150,24,152,84,31,193,93,27,155,171,0,154,166,143,16,55,95,57,49,148,170,114,41,124,174,1,176,92,178,179,180,90,161,183,184,134,186,107,188,142,44,116,18,158,21,177,157,144,78,8,];False
4654;9725;14379;[81,88,73,162,110,5,132,32,85,14,187,29,35,13,153,199,108,17,72,19,172,194,22,23,117,191,140,7,43,11,30,102,12,135,34,185,36,37,38,75,40,144,4,52,163,45,25,47,48,139,62,119,28,128,53,120,79,51,58,59,131,61,149,63,2,173,66,67,60,113,160,105,106,15,98,65,71,77,89,198,80,87,82,83,56,76,94,146,42,156,9,91,100,74,126,3,68,97,175,99,115,101,26,192,104,195,33,127,70,181,41,96,112,69,190,10,167,164,118,86,151,121,122,123,159,125,39,182,111,64,130,54,6,129,133,103,136,137,138,20,196,141,189,46,197,145,109,147,169,50,150,24,152,84,31,193,93,27,155,171,0,154,166,143,16,55,95,57,49,148,170,114,168,124,174,1,176,92,178,179,180,90,161,183,184,134,186,107,188,142,44,116,18,158,21,177,157,165,78,8,];False
4713;9664;14377;[81,88,15,162,110,5,132,32,85,14,187,29,35,13,153,199,108,17,72,19,172,194,22,23,117,191,140,7,43,11,30,102,12,135,34,185,36,37,38,75,40,165,151,52,163,45,25,47,48,49,62,119,28,128,53,120,79,51,58,59,131,61,149,63,2,167,66,67,60,113,160,105,106,73,98,65,71,77,89,198,80,87,82,83,56,76,94,146,42,156,9,91,100,74,126,3,68,97,175,99,115,101,26,192,104,195,33,127,70,181,41,96,112,69,190,10,173,164,118,86,4,121,122,123,159,139,39,182,111,64,130,54,6,129,133,103,136,137,138,20,196,141,189,46,197,145,109,147,169,50,150,24,152,84,31,193,93,27,155,171,0,154,95,57,16,55,166,143,125,148,170,114,168,124,174,1,176,92,178,179,180,90,161,183,184,134,186,107,188,142,44,116,18,158,21,177,157,144,78,8,];False
4726;9647;14373;[81,88,15,162,110,5,132,32,85,14,187,29,35,13,153,199,108,17,72,19,172,194,22,23,117,191,140,7,43,11,30,102,12,135,34,185,36,37,38,75,40,165,4,52,163,45,25,47,48,139,62,119,28,128,53,120,79,51,58,59,131,61,149,63,2,167,66,67,60,113,160,105,106,73,98,65,71,77,89,198,80,87,82,83,56,76,94,146,188,156,9,91,100,74,126,3,68,97,175,99,115,101,26,192,104,195,33,127,70,181,41,96,112,69,190,10,173,164,118,86,151,121,122,123,159,125,39,182,111,64,130,54,6,129,133,103,136,137,138,20,196,141,189,46,197,145,109,147,169,50,150,24,152,84,31,193,93,27,155,171,0,154,166,57,16,55,95,143,49,148,170,114,168,124,174,1,176,92,178,179,180,90,161,183,184,134,186,107,42,142,44,116,18,158,21,177,157,144,78,8,];False
4641;9730;14371;[81,88,73,162,110,5,132,32,85,14,187,29,35,13,153,199,108,17,72,19,172,194,22,23,117,191,140,7,43,11,30,102,12,135,34,185,36,37,38,75,40,165,4,52,163,45,25,47,48,139,62,119,28,128,53,120,79,51,58,59,131,61,149,63,2,167,66,67,60,113,160,105,106,15,98,65,71,77,89,198,80,87,82,83,56,76,94,146,42,156,9,91,100,74,126,3,68,97,175,99,115,101,26,192,104,195,33,127,70,181,41,96,112,69,190,10,173,164,118,86,151,121,122,123,159,125,39,182,111,64,130,54,6,129,133,155,136,137,138,20,196,141,189,46,197,145,109,147,169,50,150,24,152,84,31,193,93,27,103,171,0,154,166,143,16,55,95,57,49,148,170,114,168,124,174,1,176,92,178,179,180,90,161,183,184,134,186,107,188,142,44,116,18,158,21,177,157,144,78,8,];False
4647;9724;14371;[81,88,73,162,110,5,132,32,85,14,187,29,35,13,153,199,108,17,72,19,172,194,22,23,117,191,140,7,43,56,30,102,12,135,34,185,36,37,38,75,40,165,4,52,163,45,25,47,48,139,62,119,28,128,53,120,79,51,58,59,131,61,149,63,2,167,66,67,60,113,160,105,106,15,98,65,71,77,89,198,80,87,82,83,11,76,94,146,42,156,9,91,100,74,126,3,68,97,175,99,115,101,26,192,104,195,33,127,70,181,41,96,112,69,190,10,173,164,118,86,151,121,122,123,159,125,39,182,111,64,130,54,6,129,133,103,136,137,138,20,196,141,189,46,197,145,109,147,169,50,150,24,152,84,31,193,93,27,155,171,0,154,166,143,16,55,95,57,49,148,170,114,168,124,174,1,176,92,178,179,180,90,161,183,184,134,186,107,188,142,44,116,18,158,21,177,157,144,78,8,];False
4679;9692;14371;[81,88,15,3,110,5,132,32,85,14,187,29,35,13,153,199,108,17,72,19,172,194,22,23,117,191,140,7,43,11,30,102,12,135,34,185,36,37,38,75,40,165,151,52,163,45,25,47,48,49,62,119,28,128,53,120,79,51,58,59,1,61,149,63,2,167,66,67,60,113,160,105,106,73,98,65,71,77,89,198,80,87,82,83,56,76,94,146,42,156,9,91,100,74,126,162,68,97,175,99,115,101,26,192,104,195,33,127,70,181,41,96,112,69,190,10,173,164,118,86,4,121,122,123,159,125,39,182,111,64,130,54,6,129,133,103,136,137,138,20,196,141,189,46,197,145,109,147,169,50,150,24,152,84,31,193,93,27,155,171,0,154,95,57,16,55,166,143,139,148,170,114,168,124,174,131,176,92,178,179,180,90,161,183,184,134,186,107,188,142,44,116,18,158,21,177,157,144,78,8,];False
4656;9712;14368;[81,88,15,162,110,5,132,32,85,14,187,29,35,13,153,199,108,17,72,19,172,194,22,23,117,191,140,7,43,11,30,102,12,135,34,185,36,37,38,75,40,165,151,52,163,45,25,47,48,49,62,119,28,128,53,120,79,51,58,59,131,61,149,63,2,3,66,67,60,113,160,105,106,73,98,65,71,77,89,198,80,87,82,83,56,76,94,146,42,156,9,91,100,74,126,167,68,97,175,99,115,101,26,192,104,195,33,127,70,181,41,96,112,69,190,10,173,164,118,86,4,121,122,123,159,125,39,182,111,64,130,54,6,129,133,103,136,137,138,20,196,141,189,46,197,145,109,147,169,50,150,24,152,84,31,193,93,27,155,171,0,154,95,57,16,55,166,143,139,148,170,114,168,124,174,1,176,92,178,179,180,90,161,183,184,134,186,107,188,142,44,116,18,158,21,177,157,144,78,8,];False
4641;9726;14367;[81,88,73,162,110,5,132,32,85,14,187,29,35,13,153,199,108,17,72,19,172,194,22,23,117,191,140,7,43,11,30,102,12,135,34,185,36,37,38,75,40,165,4,52,163,45,25,47,48,139,62,119,28,128,53,120,79,51,58,59,131,61,149,63,2,167,66,67,60,113,160,105,106,15,98,65,71,77,89,198,80,87,82,83,56,76,94,146,42,156,9,91,100,74,126,3,68,97,175,99,115,101,26,192,104,195,33,127,70,181,41,96,112,69,190,10,173,164,118,86,151,121,122,123,159,125,39,182,111,64,130,54,6,129,133,103,136,137,138,20,196,141,189,46,197,145,109,147,169,50,171,24,152,84,31,193,93,27,155,150,0,154,166,143,16,55,95,57,49,148,170,114,168,124,174,1,176,92,178,179,180,90,161,183,184,134,186,107,188,142,44,116,18,158,21,177,157,144,78,8,];False
4668;9699;14367;[81,88,73,162,110,5,132,32,85,14,187,29,35,13,153,199,108,17,72,19,172,194,22,23,117,191,140,7,43,11,30,102,12,135,34,185,36,37,38,75,40,165,4,52,163,45,25,47,48,139,62,119,28,128,53,120,79,51,58,59,131,61,65,63,2,167,66,67,60,113,160,105,106,15,98,149,71,77,89,198,80,87,82,83,56,76,94,146,42,156,9,91,100,74,126,3,68,97,175,99,115,101,26,192,104,195,33,127,70,181,41,96,112,69,190,10,173,164,118,86,151,121,122,123,159,125,39,182,111,64,130,54,6,129,133,103,136,137,138,20,196,141,189,46,197,145,109,147,169,50,150,24,152,84,31,193,93,27,155,171,0,154,166,143,16,55,95,57,49,148,170,114,168,124,174,1,176,92,178,179,180,90,161,183,184,134,186,107,188,142,44,116,18,158,21,177,157,144,78,8,];False
4614;9752;14366;[81,88,73,162,110,5,132,32,85,14,187,29,35,13,153,199,108,17,72,19,172,194,22,23,117,191,140,7,43,11,30,102,12,135,34,185,36,37,38,75,40,165,4,52,163,45,25,47,48,139,62,119,28,128,53,120,79,51,58,59,131,61,149,63,2,173,105,67,60,113,160,66,106,15,98,65,71,77,89,198,80,87,82,83,56,76,94,146,42,156,9,91,100,74,126,3,68,97,175,99,115,101,26,192,104,195,33,127,70,181,41,96,112,69,190,10,167,164,118,86,151,121,122,123,159,125,39,182,111,64,130,54,6,129,133,103,136,137,138,20,196,141,189,46,197,145,109,147,169,50,150,24,152,84,31,193,93,27,155,171,0,154,166,143,16,55,95,57,49,148,170,114,168,124,174,1,176,92,178,179,180,90,161,183,184,134,186,107,188,142,44,116,18,158,21,177,157,144,78,8,];False
4655;9710;14365;[81,88,73,162,110,5,132,32,85,14,187,29,35,13,153,199,108,17,72,19,172,194,22,23,117,191,140,7,43,11,30,102,12,135,34,185,36,37,38,75,40,165,4,52,163,45,25,47,48,139,62,119,28,128,53,120,79,51,58,59,131,61,149,63,2,167,66,67,60,113,160,105,106,15,98,65,71,77,89,198,80,155,82,83,56,76,94,146,42,156,9,91,100,74,126,3,68,97,175,99,115,101,26,192,104,195,33,127,70,181,41,96,112,69,190,10,173,164,118,86,151,121,122,123,159,125,39,182,111,64,130,54,6,129,133,103,136,137,138,20,196,141,189,46,197,145,109,147,169,50,150,24,152,84,31,193,93,27,87,171,0,154,166,57,16,55,95,143,49,148,170,114,168,124,174,1,176,92,178,179,180,90,161,183,184,134,186,107,188,142,44,116,18,158,21,177,157,144,78,8,];False
4662;9701;14363;[81,88,73,162,110,5,132,32,85,14,187,29,35,13,153,199,108,17,72,19,172,194,22,23,117,191,140,7,43,11,30,102,12,135,34,185,36,37,38,75,40,165,4,52,163,45,25,47,48,139,62,119,28,128,53,120,79,51,58,59,131,61,149,63,2,167,66,67,60,113,160,105,106,15,98,65,71,77,89,198,80,87,82,83,56,76,94,146,42,156,9,91,100,74,126,3,68,97,175,99,115,101,26,192,104,195,33,127,70,181,41,96,112,69,190,10,173,164,118,86,151,121,122,123,159,125,39,182,111,64,130,54,6,129,133,103,136,137,24,20,196,141,189,46,197,145,109,147,169,50,150,138,152,84,31,193,93,27,155,171,0,154,166,143,16,55,95,57,49,148,170,114,168,124,174,1,176,92,178,179,180,90,161,183,184,134,186,107,188,142,44,116,18,158,21,177,157,144,78,8,];False
4613;9749;14362;[81,88,73,162,110,5,132,32,85,14,187,29,35,13,153,199,108,17,72,19,172,194,22,23,117,191,140,7,43,11,30,102,12,135,34,185,36,37,38,75,40,165,4,52,163,45,25,47,48,139,62,119,28,128,53,120,79,51,58,59,131,61,149,63,2,173,66,67,60,113,160,105,106,15,98,65,71,77,89,198,80,87,82,83,56,76,94,146,42,156,9,91,100,74,126,3,68,97,175,99,115,101,26,192,104,145,33,127,70,181,41,96,112,69,190,10,167,164,118,86,151,121,122,123,159,125,39,182,111,64,130,54,6,129,133,103,136,137,138,20,196,141,189,46,197,195,109,147,169,50,150,24,152,84,31,193,93,27,155,171,0,154,166,143,16,55,95,57,49,148,170,114,168,124,174,1,176,92,178,179,180,90,161,183,184,134,186,107,188,142,44,116,18,158,21,177,157,144,78,8,];False
4645;9717;14362;[81,88,15,162,110,5,132,32,85,14,187,29,35,13,153,199,108,17,72,19,172,194,22,23,117,191,140,7,43,11,30,75,12,135,34,185,36,37,38,102,40,165,151,52,163,45,25,47,48,49,62,119,28,128,53,120,79,51,58,59,131,61,149,63,2,167,66,67,60,113,160,105,106,73,98,65,71,77,89,198,80,87,82,83,56,76,94,146,42,156,9,91,100,74,126,3,68,97,175,99,115,101,26,192,104,195,33,127,70,181,41,96,112,69,190,10,173,164,118,86,4,121,122,123,159,125,39,182,111,64,130,54,6,129,133,103,136,137,138,20,196,141,189,46,197,145,109,147,169,50,150,24,152,84,31,193,93,27,155,171,0,154,95,57,16,55,166,143,139,148,170,114,168,124,174,1,176,92,178,179,180,90,161,183,184,134,186,107,188,142,44,116,18,158,21,177,157,144,78,8,];False
4638;9724;14362;[81,88,73,162,110,5,132,32,85,14,187,29,35,13,153,199,108,17,72,19,172,194,22,23,117,191,140,7,43,11,30,102,12,135,34,185,36,37,38,75,40,165,4,52,163,45,25,47,48,139,62,119,28,128,53,120,79,51,58,59,131,61,149,63,2,173,66,67,60,113,160,105,106,15,98,65,71,77,89,198,80,87,82,83,56,76,94,146,42,156,9,91,100,74,126,3,68,97,175,99,115,101,26,192,104,195,33,127,70,181,41,96,112,57,190,10,167,164,118,86,151,121,122,123,159,125,39,182,111,64,130,54,6,129,133,103,136,137,138,20,196,141,189,46,197,145,109,147,169,50,150,24,152,84,31,193,93,27,155,171,0,154,166,143,16,55,95,69,49,148,170,114,168,124,174,1,176,92,178,179,180,90,161,183,184,134,186,107,188,142,44,116,18,158,21,177,157,144,78,8,];False
4637;9722;14359;[81,88,73,162,110,5,132,32,85,14,187,29,35,13,153,199,108,17,72,19,172,194,22,23,117,191,140,7,43,11,30,102,12,135,34,185,36,37,38,75,40,165,4,52,163,45,25,47,48,139,62,119,28,128,53,120,79,51,58,59,131,61,149,63,2,167,66,67,60,113,160,78,106,15,98,65,71,77,89,198,80,87,82,83,56,76,94,146,42,156,9,91,100,74,126,3,68,97,175,99,115,101,26,192,104,195,33,127,70,181,41,96,112,69,190,10,173,164,118,86,151,121,122,123,159,125,39,182,111,64,130,54,6,129,133,103,136,137,138,20,196,141,189,46,197,145,109,147,169,50,150,24,152,84,31,193,93,27,155,171,0,154,166,143,16,55,95,57,49,148,170,114,168,124,174,1,176,92,178,179,180,90,161,183,184,134,186,107,188,142,44,116,18,158,21,177,157,144,105,8,];False
4655;9704;14359;[81,88,73,162,110,5,132,32,85,14,187,29,35,13,153,199,108,17,72,19,172,194,22,23,117,191,140,7,43,11,30,102,12,135,34,185,36,37,38,75,40,165,4,52,163,45,25,47,48,139,62,119,54,128,53,120,79,51,58,59,131,61,149,63,2,167,66,67,60,113,160,105,106,15,98,65,71,77,89,198,80,87,82,83,56,76,94,146,42,156,9,91,100,74,126,3,68,97,175,99,115,101,26,192,104,195,33,127,70,181,41,96,112,69,190,10,173,164,118,86,151,121,122,123,159,125,39,182,111,64,130,28,6,129,133,103,136,137,138,20,196,141,189,46,197,145,109,147,169,50,150,24,152,84,31,193,93,27,155,171,0,154,166,143,16,55,95,57,49,148,170,114,168,124,174,1,176,92,178,179,180,90,161,183,184,134,186,107,188,142,44,116,18,158,21,177,157,144,78,8,];False
4672;9686;14358;[81,88,15,162,110,5,132,32,85,14,187,29,35,13,153,199,108,17,72,19,172,194,22,23,117,191,140,7,43,11,30,102,12,135,34,185,36,37,38,75,40,165,151,52,91,45,25,47,48,49,62,119,28,128,53,120,79,51,58,59,131,61,149,63,2,167,66,67,60,113,160,105,106,73,98,65,71,77,89,198,80,87,82,83,56,76,94,146,42,156,9,163,100,74,126,3,68,97,175,99,115,101,26,192,104,195,33,127,70,181,41,96,112,69,190,10,173,164,118,86,4,121,122,123,159,125,39,182,111,64,130,54,6,129,133,103,136,137,138,20,196,141,189,46,197,145,109,147,169,50,150,24,152,84,31,193,93,27,155,171,0,154,95,57,16,55,166,143,139,148,170,114,168,124,174,1,176,92,178,179,180,90,161,183,184,134,186,107,188,142,44,116,18,158,21,177,157,144,78,8,];False
4671;9687;14358;[81,88,15,162,110,5,132,32,85,14,187,29,35,13,153,199,108,17,72,19,172,194,22,23,117,191,140,7,43,11,30,102,12,135,34,185,36,37,38,75,40,165,4,52,163,45,25,47,48,139,62,119,28,128,53,120,79,51,58,59,131,61,149,63,2,167,66,67,60,113,160,105,106,73,98,65,71,77,89,198,80,87,82,83,56,76,94,146,42,156,9,91,186,74,126,3,68,97,175,99,115,101,26,192,104,195,33,127,70,181,41,96,112,69,190,10,173,164,118,86,151,121,122,123,159,125,39,182,111,64,130,54,6,129,133,103,136,137,138,20,196,141,189,46,197,145,109,147,169,50,150,24,152,84,31,193,93,27,155,171,0,154,166,57,16,55,95,143,49,148,170,114,168,124,174,1,176,92,178,179,180,90,161,183,184,134,100,107,188,142,44,116,18,158,21,177,157,144,78,8,];False
4617;9740;14357;[81,88,73,162,110,5,132,32,85,14,187,29,35,13,153,199,108,17,72,19,172,194,22,23,117,191,140,7,43,11,30,102,12,135,34,185,36,37,38,75,40,165,4,52,163,45,25,47,48,139,62,119,28,128,53,120,79,51,58,59,131,61,149,63,2,167,66,67,60,113,160,105,106,15,98,65,71,77,89,198,80,87,82,83,56,76,94,146,42,156,9,91,100,74,126,3,96,97,175,99,115,101,26,192,104,195,33,127,70,181,41,68,112,69,190,10,173,164,118,86,151,121,122,123,159,125,39,182,111,64,130,54,6,129,133,103,136,137,138,20,196,141,189,46,197,145,109,147,169,50,150,24,152,84,31,193,93,27,155,171,0,154,166,143,16,55,95,57,49,148,170,114,168,124,174,1,176,92,178,179,180,90,161,183,184,134,186,107,188,142,44,116,18,158,21,177,157,144,78,8,];False
4712;9645;14357;[81,88,15,162,110,5,132,32,85,14,187,29,35,13,153,199,108,17,72,19,172,194,22,23,117,191,140,7,43,11,30,102,12,135,34,185,36,37,38,75,40,165,4,52,163,45,25,47,48,76,62,119,28,128,53,120,79,51,58,59,131,61,149,63,2,167,66,67,60,113,160,105,106,73,98,65,71,77,89,198,80,87,82,83,56,139,94,146,42,156,9,91,100,74,126,3,68,97,175,99,115,101,26,192,104,195,33,127,70,181,41,96,112,69,190,10,173,164,118,86,151,121,122,123,159,125,39,182,111,64,130,54,6,129,133,103,136,137,138,20,196,141,189,46,197,145,109,147,169,50,150,24,152,84,31,193,93,27,155,171,0,154,166,57,16,55,95,143,49,148,170,114,168,124,174,1,176,92,178,179,180,90,161,183,184,134,186,107,188,142,44,116,18,158,21,177,157,144,78,8,];False
4618;9736;14354;[81,88,73,162,110,5,132,32,85,14,187,29,35,13,153,199,108,17,72,19,172,194,22,23,117,191,140,7,43,11,30,102,12,135,34,185,36,37,38,75,40,165,4,52,163,45,25,47,48,139,62,119,28,128,53,120,79,51,58,59,131,61,149,63,2,167,66,67,60,113,160,105,106,15,98,65,71,77,89,198,80,87,82,83,56,76,94,146,42,156,9,91,100,74,126,3,68,97,175,99,138,101,26,192,104,195,33,127,70,181,41,96,112,69,190,10,173,164,118,86,151,121,122,123,159,125,39,182,111,64,130,54,6,129,133,103,136,137,115,20,196,141,189,46,197,145,109,147,169,50,150,24,152,84,31,193,93,27,155,171,0,154,166,143,16,55,95,57,49,148,170,114,168,124,174,1,176,92,178,179,180,90,161,183,184,134,186,107,188,142,44,116,18,158,21,177,157,144,78,8,];False
4705;9649;14354;[81,88,15,162,110,5,132,32,85,14,187,29,35,13,153,199,108,17,72,19,172,194,22,23,117,191,140,7,43,11,30,102,12,135,34,185,36,37,38,75,40,165,151,52,163,45,25,47,48,49,62,119,28,128,53,120,79,51,58,59,131,61,149,63,2,167,66,67,60,113,160,105,106,73,98,65,71,77,89,198,80,87,82,83,56,76,94,146,42,156,9,91,100,74,126,3,68,97,175,99,115,101,26,192,173,195,33,127,70,181,41,96,112,69,190,10,104,164,118,86,4,121,122,123,159,125,39,182,111,64,130,54,6,129,133,103,136,137,138,20,196,141,189,46,197,145,109,147,169,50,150,24,152,84,31,193,93,27,155,171,0,154,95,57,16,55,166,143,139,148,170,114,168,124,174,1,176,92,178,179,180,90,161,183,184,134,186,107,188,142,44,116,18,158,21,177,157,144,78,8,];False
4620;9732;14352;[81,88,73,162,110,5,132,32,85,14,187,29,35,13,153,199,108,17,72,19,172,194,22,23,117,191,140,7,43,11,30,102,12,135,34,185,36,37,38,75,40,165,4,52,163,45,25,47,48,139,62,119,28,128,53,120,79,51,58,59,131,61,149,63,2,167,66,67,60,113,160,105,106,15,98,65,190,77,89,198,80,87,82,83,56,76,94,146,42,156,9,91,100,74,126,3,68,97,175,99,115,101,26,192,104,195,33,127,70,181,41,96,112,69,71,10,173,164,118,86,151,121,122,123,159,125,39,182,111,64,130,54,6,129,133,103,136,137,138,20,196,141,189,46,197,145,109,147,169,50,150,24,152,84,31,193,93,27,155,171,0,154,166,143,16,55,95,57,49,148,170,114,168,124,174,1,176,92,178,179,180,90,161,183,184,134,186,107,188,142,44,116,18,158,21,177,157,144,78,8,];False
4666;9684;14350;[81,88,15,162,110,5,132,32,85,14,187,29,35,13,153,199,108,17,72,19,172,194,22,23,117,191,140,7,43,11,30,102,12,135,34,185,36,37,38,3,40,165,4,52,163,45,25,47,48,139,62,119,28,128,53,120,79,51,58,59,131,61,149,63,2,167,66,67,60,113,160,105,106,73,98,65,71,77,89,198,80,87,82,83,56,76,94,146,42,156,9,91,100,74,126,75,68,97,175,99,115,101,26,192,104,195,33,127,70,181,41,96,112,69,190,10,173,164,118,86,151,121,122,123,159,125,39,182,111,64,130,54,6,129,133,103,136,137,138,20,196,141,189,46,197,145,109,147,169,50,150,24,152,84,31,193,93,27,155,171,0,154,166,57,16,55,95,143,49,148,170,114,168,124,174,1,176,92,178,179,180,90,161,183,184,134,186,107,188,142,44,116,18,158,21,177,157,144,78,8,];False
4568;9782;14350;[81,88,73,162,110,5,132,32,85,14,187,29,35,13,92,199,108,17,72,19,172,194,22,23,117,191,140,7,43,11,30,102,12,135,34,185,36,37,38,75,40,165,4,52,163,45,25,47,48,139,62,119,28,128,53,120,79,51,58,59,131,61,149,63,2,173,66,67,60,125,160,105,106,15,98,65,71,77,89,198,80,87,82,83,56,76,94,146,42,156,9,91,100,74,126,3,68,97,175,99,115,101,26,192,104,195,33,127,70,181,41,96,112,69,190,10,167,164,118,86,151,121,122,123,159,113,39,182,111,64,130,54,6,129,133,103,136,137,138,20,196,141,189,46,197,145,109,147,169,50,150,24,152,84,31,193,93,27,155,171,0,154,166,143,16,55,95,57,49,148,170,114,168,124,174,1,176,153,178,179,180,90,161,183,184,134,186,107,188,142,44,116,18,158,21,177,157,144,78,8,];False
4641;9708;14349;[81,88,73,162,110,5,132,32,85,14,187,29,35,13,153,199,108,17,72,19,172,194,22,23,117,2,140,7,43,11,30,102,12,135,34,185,36,37,38,75,40,165,4,52,163,45,25,47,48,139,62,119,28,128,53,120,79,51,58,59,131,61,149,63,191,167,66,67,60,113,160,105,106,15,98,65,71,77,89,198,80,87,82,83,56,76,94,146,42,156,9,91,100,74,126,3,68,97,175,99,115,101,26,192,104,195,33,127,70,181,41,96,112,69,190,10,173,164,118,86,151,121,122,123,159,125,39,182,111,64,130,54,6,129,133,103,136,137,138,20,196,141,189,46,197,145,109,147,169,50,150,24,152,84,31,193,93,27,155,171,0,154,166,143,16,55,95,57,49,148,170,114,168,124,174,1,176,92,178,179,180,90,161,183,184,134,186,107,188,142,44,116,18,158,21,177,157,144,78,8,];False
4594;9754;14348;[81,88,73,162,110,5,132,32,43,14,187,29,35,13,153,199,108,17,72,19,172,194,22,23,117,191,140,7,85,11,30,102,12,135,34,185,36,37,38,75,40,165,4,52,163,45,25,47,48,139,62,119,28,128,53,120,79,51,58,59,131,61,149,63,2,173,66,67,60,113,160,105,106,15,98,65,71,77,89,198,80,87,82,83,56,76,94,146,42,156,9,91,100,74,126,3,68,97,175,99,115,101,26,192,104,195,33,127,70,181,41,96,112,69,190,10,167,164,118,86,151,121,122,123,159,125,39,182,111,64,130,54,6,129,133,103,136,137,138,20,196,141,189,46,197,145,109,147,169,50,150,24,152,84,31,193,93,27,155,171,0,154,166,143,16,55,95,57,49,148,170,114,168,124,174,1,176,92,178,179,180,90,161,183,184,134,186,107,188,142,44,116,18,158,21,177,157,144,78,8,];False
4595;9751;14346;[81,88,73,162,110,5,132,32,85,14,187,29,35,13,153,199,108,17,72,19,172,194,22,59,117,191,140,7,43,11,30,102,12,135,34,185,36,37,38,75,40,165,4,52,163,45,25,47,48,139,62,119,28,128,53,120,79,51,58,23,131,61,149,63,2,167,66,67,60,113,160,105,106,15,98,65,71,77,89,198,80,87,82,83,56,76,94,146,42,156,9,91,100,74,126,3,68,97,175,99,115,101,26,192,104,195,33,127,70,181,41,96,112,69,190,10,173,164,118,86,151,121,122,123,159,125,39,182,111,64,130,54,6,129,133,103,136,137,138,20,196,141,189,46,197,145,109,147,169,50,150,24,152,84,31,193,93,27,155,171,0,154,166,143,16,55,95,57,49,148,170,114,168,124,174,1,176,92,178,179,180,90,161,183,184,134,186,107,188,142,44,116,18,158,21,177,157,144,78,8,];False
4638;9707;14345;[81,88,73,162,110,5,132,32,85,14,187,29,35,13,153,199,108,17,72,19,172,194,22,23,117,191,140,188,43,11,30,102,12,135,34,185,36,37,38,75,40,165,4,52,163,45,25,47,48,139,62,119,28,128,53,120,79,51,58,59,131,61,149,63,2,167,66,67,60,113,160,105,106,15,98,65,71,77,89,198,80,87,82,83,56,76,94,146,42,156,9,91,100,74,126,3,68,97,175,99,115,101,26,192,104,195,33,127,70,181,41,96,112,69,190,10,173,164,118,86,151,121,122,123,159,125,39,182,111,64,130,54,6,129,133,103,136,137,138,20,196,141,189,46,197,145,109,147,169,50,150,24,152,84,31,193,93,27,155,171,0,154,166,143,16,55,95,57,49,148,170,114,168,124,174,1,176,92,178,179,180,90,161,183,184,134,186,107,7,142,44,116,18,158,21,177,157,144,78,8,];False
4632;9712;14344;[81,88,73,162,110,5,132,32,85,14,187,29,35,13,153,199,108,17,72,19,172,194,22,23,117,191,140,7,43,11,30,102,12,135,34,185,36,37,38,75,40,165,4,52,163,45,25,47,48,139,62,119,28,128,53,120,79,51,58,59,131,61,149,63,67,167,66,2,60,113,160,105,106,15,98,65,71,77,89,198,80,87,82,83,56,76,94,146,42,156,9,91,100,74,126,3,68,97,175,99,115,101,26,192,104,195,33,127,70,181,41,96,112,69,190,10,173,164,118,86,151,121,122,123,159,125,39,182,111,64,130,54,6,129,133,103,136,137,138,20,196,141,189,46,197,145,109,147,169,50,150,24,152,84,31,193,93,27,155,171,0,154,166,143,16,55,95,57,49,148,170,114,168,124,174,1,176,92,178,179,180,90,161,183,184,134,186,107,188,142,44,116,18,158,21,177,157,144,78,8,];False
4582;9761;14343;[81,88,73,162,110,5,132,92,85,14,187,29,35,13,153,199,108,17,72,19,172,194,22,23,117,191,140,7,43,11,30,102,12,135,34,185,36,37,38,75,40,165,4,52,163,45,25,47,48,139,62,119,28,128,53,120,79,51,58,59,131,61,149,63,2,167,66,67,60,113,160,105,106,15,98,65,71,77,89,198,80,87,82,83,56,76,94,146,42,156,9,91,100,74,126,3,68,97,175,99,115,101,26,192,104,195,33,127,70,181,41,96,112,69,190,10,173,164,118,86,151,121,122,123,159,125,39,182,111,64,130,54,6,129,133,103,136,137,138,20,196,141,189,46,197,145,109,147,169,50,150,24,152,84,31,193,93,27,155,171,0,154,166,143,16,55,95,57,49,148,170,114,168,124,174,1,176,32,178,179,180,90,161,183,184,134,186,107,188,142,44,116,18,158,21,177,157,144,78,8,];False
4620;9723;14343;[81,88,73,162,110,5,132,32,85,14,187,29,35,13,153,199,108,17,72,19,172,194,22,23,117,191,140,7,43,11,30,102,12,135,34,185,36,37,38,75,40,165,4,52,163,45,25,47,48,139,62,119,28,128,53,120,79,51,58,59,131,61,149,63,2,167,66,67,60,113,160,105,106,15,98,65,71,77,89,198,80,87,82,83,56,76,94,146,54,156,9,91,100,74,126,3,68,97,175,99,115,101,26,192,104,195,33,127,70,181,41,96,112,69,190,10,173,164,118,86,151,121,122,123,159,125,39,182,111,64,130,42,6,129,133,103,136,137,138,20,196,141,189,46,197,145,109,147,169,50,150,24,152,84,31,193,93,27,155,171,0,154,166,143,16,55,95,57,49,148,170,114,168,124,174,1,176,92,178,179,180,90,161,183,184,134,186,107,188,142,44,116,18,158,21,177,157,144,78,8,];False
4599;9743;14342;[81,88,73,162,110,5,132,32,85,14,187,29,35,13,153,199,108,17,72,19,172,194,22,23,117,191,140,7,43,11,30,102,12,135,34,185,36,37,38,75,40,165,4,52,163,45,25,47,48,139,62,119,28,128,53,120,79,51,58,59,131,61,149,63,2,167,66,67,60,113,160,105,106,15,98,65,71,77,89,198,80,87,82,83,56,76,94,146,42,156,9,91,100,74,126,3,68,97,175,99,115,101,26,192,104,195,124,127,70,181,41,96,112,69,190,10,173,164,118,86,151,121,122,123,159,125,39,182,111,64,130,54,6,129,133,103,136,137,138,20,196,141,189,46,197,145,109,147,169,50,150,24,152,84,31,193,93,27,155,171,0,154,166,143,16,55,95,57,49,148,170,114,168,33,174,1,176,92,178,179,180,90,161,183,184,134,186,107,188,142,44,116,18,158,21,177,157,144,78,8,];False
4629;9712;14341;[81,88,73,162,110,5,132,32,85,14,187,29,35,13,153,199,108,17,72,19,172,194,22,23,117,191,140,7,43,11,30,102,12,135,34,185,36,37,38,75,40,165,4,52,163,45,25,47,48,139,62,119,28,128,53,120,79,51,58,59,131,61,149,63,2,167,66,67,60,113,160,105,106,15,98,65,71,77,89,198,80,87,82,83,56,76,94,146,42,156,9,91,100,74,126,3,68,97,175,99,115,101,26,192,104,195,33,127,70,181,41,96,112,69,190,10,173,164,118,86,151,121,122,123,159,125,39,182,111,64,130,54,6,154,133,103,136,137,138,20,196,141,189,46,197,145,109,147,169,50,150,24,152,84,31,193,93,27,155,171,0,129,166,143,16,55,95,57,49,148,170,114,168,124,174,1,176,92,178,179,180,90,161,183,184,134,186,107,188,142,44,116,18,158,21,177,157,144,78,8,];False
4592;9748;14340;[81,88,73,162,110,5,132,32,85,14,187,29,35,13,153,199,108,17,72,19,172,194,22,23,117,191,140,7,43,11,30,102,12,135,34,185,36,130,38,75,40,165,4,52,163,45,25,47,48,139,62,119,28,128,53,120,79,51,58,59,131,61,149,63,2,167,66,67,60,113,160,105,106,15,98,65,71,77,89,198,80,87,82,83,56,76,94,146,42,156,9,91,100,74,126,3,68,97,175,99,115,101,26,192,104,195,33,127,70,181,41,96,112,69,190,10,173,164,118,86,151,121,122,123,159,125,39,182,111,64,37,54,6,129,133,103,136,137,138,20,196,141,189,46,197,145,109,147,169,50,150,24,152,84,31,193,93,27,155,171,0,154,166,143,16,55,95,57,49,148,170,114,168,124,174,1,176,92,178,179,180,90,161,183,184,134,186,107,188,142,44,116,18,158,21,177,157,144,78,8,];False
4608;9729;14337;[81,88,166,162,110,5,132,32,85,14,187,29,35,13,153,199,108,17,72,19,172,194,22,23,117,191,140,7,43,11,30,102,12,135,34,185,36,37,38,75,40,165,4,52,163,45,25,47,48,139,62,119,28,128,53,120,79,51,58,59,131,61,149,63,2,173,66,67,60,113,160,105,106,15,98,65,71,77,89,198,80,87,82,83,56,76,94,146,42,156,9,91,100,74,126,3,68,97,175,99,115,101,26,192,104,195,33,127,70,181,41,96,112,69,190,10,167,164,118,86,151,121,122,123,159,125,39,182,111,64,130,54,6,129,133,103,136,137,138,20,196,141,189,46,197,145,109,147,169,50,150,24,152,84,31,193,93,27,155,171,0,154,73,143,16,55,95,57,49,148,170,114,168,124,174,1,176,92,178,179,180,90,161,183,184,134,186,107,188,142,44,116,18,158,21,177,157,144,78,8,];False
4677;9659;14336;[81,88,15,162,110,5,132,32,85,14,187,29,35,13,153,199,108,17,72,19,172,194,22,23,117,191,140,7,43,11,30,102,12,135,34,185,36,37,38,75,40,165,4,52,163,45,25,47,48,183,62,119,28,128,53,120,79,51,58,59,131,61,149,63,2,167,66,67,60,113,160,105,106,73,98,65,71,77,89,198,80,87,82,83,56,76,94,146,42,156,9,91,100,74,126,3,68,97,175,99,115,101,26,192,104,195,33,127,70,181,41,96,112,69,190,10,173,164,118,86,151,121,122,123,159,125,39,182,111,64,130,54,6,129,133,103,136,137,138,20,196,141,189,46,197,145,109,147,169,50,150,24,152,84,31,193,93,27,155,171,0,154,166,57,16,55,95,143,49,148,170,114,168,124,174,1,176,92,178,179,180,90,161,139,184,134,186,107,188,142,44,116,18,158,21,177,157,144,78,8,];False
4638;9698;14336;[81,88,15,3,110,5,132,32,85,14,187,29,35,13,153,199,108,17,72,19,172,194,22,23,117,191,140,7,43,11,30,102,12,135,34,185,36,37,38,75,40,165,151,52,163,45,25,47,48,49,62,119,28,128,53,120,79,51,58,59,131,61,149,63,2,167,66,67,60,113,160,105,106,73,98,65,71,77,89,198,80,87,82,83,56,76,94,146,42,156,9,91,100,74,126,162,68,97,175,99,115,101,26,192,104,195,33,127,70,181,41,96,112,69,190,10,173,164,118,86,4,121,122,123,159,125,39,182,111,64,130,54,6,129,133,103,136,137,138,20,196,141,189,46,197,145,109,147,169,50,150,24,152,84,31,193,93,27,155,171,0,154,95,57,16,55,166,143,139,148,170,114,168,124,174,1,176,92,178,179,180,90,161,183,184,134,186,107,188,142,44,116,18,158,21,177,157,144,78,8,];False
4580;9756;14336;[81,88,73,162,110,5,132,32,85,14,187,29,35,13,153,199,108,17,72,19,172,194,22,23,117,191,140,7,43,11,30,102,12,135,34,185,36,37,38,75,40,165,4,52,163,45,25,47,48,139,62,119,28,128,53,120,79,51,58,3,131,61,149,63,2,173,66,67,60,113,160,105,106,15,98,65,71,77,89,198,80,87,82,83,56,76,94,146,42,156,9,91,100,74,126,59,68,97,175,99,115,101,26,192,104,195,33,127,70,181,41,96,112,69,190,10,167,164,118,86,151,121,122,123,159,125,39,182,111,64,130,54,6,129,133,103,136,137,138,20,196,141,189,46,197,145,109,147,169,50,150,24,152,84,31,193,93,27,155,171,0,154,166,143,16,55,95,57,49,148,170,114,168,124,174,1,176,92,178,179,180,90,161,183,184,134,186,107,188,142,44,116,18,158,21,177,157,144,78,8,];False
4600;9735;14335;[81,88,73,162,110,5,132,32,85,14,187,29,35,13,153,199,108,17,72,19,172,194,22,23,117,191,140,7,43,11,30,102,12,135,34,185,36,37,38,75,40,165,4,52,163,45,25,47,48,139,62,119,28,128,53,120,79,51,58,59,131,61,149,63,2,167,66,67,60,113,160,105,106,15,98,65,71,77,18,198,80,87,82,83,56,76,94,146,42,156,9,91,100,74,126,3,68,97,175,99,115,101,26,192,104,195,33,127,70,181,41,96,112,69,190,10,173,164,118,86,151,121,122,123,159,125,39,182,111,64,130,54,6,129,133,103,136,137,138,20,196,141,189,46,197,145,109,147,169,50,150,24,152,84,31,193,93,27,155,171,0,154,166,143,16,55,95,57,49,148,170,114,168,124,174,1,176,92,178,179,180,90,161,183,184,134,186,107,188,142,44,116,89,158,21,177,157,144,78,8,];False
4592;9742;14334;[81,88,73,162,110,5,132,32,85,14,187,29,35,13,153,199,108,17,72,19,172,194,22,23,117,191,140,7,43,11,30,102,12,135,34,185,36,37,38,75,40,165,4,52,163,45,25,47,48,139,62,119,28,128,53,120,79,51,58,59,131,61,149,63,2,167,66,109,60,113,160,105,106,15,98,65,71,77,89,198,80,87,82,83,56,76,94,146,42,156,9,91,100,74,126,3,68,97,175,99,115,101,26,192,104,195,33,127,70,181,41,96,112,69,190,10,173,164,118,86,151,121,122,123,159,125,39,182,111,64,130,54,6,129,133,103,136,137,138,20,196,141,189,46,197,145,67,147,169,50,150,24,152,84,31,193,93,27,155,171,0,154,166,143,16,55,95,57,49,148,170,114,168,124,174,1,176,92,178,179,180,90,161,183,184,134,186,107,188,142,44,116,18,158,21,177,157,144,78,8,];False
4617;9717;14334;[81,88,73,162,110,5,132,32,85,14,187,29,35,13,153,199,108,17,72,19,172,194,22,23,117,191,140,7,43,11,30,102,12,135,34,185,36,37,38,75,40,165,4,52,163,45,25,47,48,139,62,119,28,128,53,120,79,51,58,59,131,61,149,63,2,167,66,67,60,113,160,105,106,15,98,65,71,77,89,198,80,87,82,83,56,76,94,146,42,99,9,91,100,74,126,3,68,97,175,156,115,101,26,192,104,195,33,127,70,181,41,96,112,69,190,10,173,164,118,86,151,121,122,123,159,125,39,182,111,64,130,54,6,129,133,103,136,137,138,20,196,141,189,46,197,145,109,147,169,50,150,24,152,84,31,193,93,27,155,171,0,154,166,143,16,55,95,57,49,148,170,114,168,124,174,1,176,92,178,179,180,90,161,183,184,134,186,107,188,142,44,116,18,158,21,177,157,144,78,8,];False
4592;9741;14333;[81,88,73,162,110,5,132,32,85,14,187,29,35,13,153,199,108,17,72,19,172,194,82,23,117,191,140,7,43,11,30,102,12,135,34,185,36,37,38,75,40,165,4,52,163,45,25,47,48,139,62,119,28,128,53,120,79,51,58,59,131,61,149,63,2,173,66,67,60,113,160,105,106,15,98,65,71,77,89,198,80,87,22,83,56,76,94,146,42,156,9,91,100,74,126,3,68,97,175,99,115,101,26,192,104,195,33,127,70,181,41,96,112,69,190,10,167,164,118,86,151,121,122,123,159,125,39,182,111,64,130,54,6,129,133,103,136,137,138,20,196,141,189,46,197,145,109,147,169,50,150,24,152,84,31,193,93,27,155,171,0,154,166,143,16,55,95,57,49,148,170,114,168,124,174,1,176,92,178,179,180,90,161,183,184,134,186,107,188,142,44,116,18,158,21,177,157,144,78,8,];False
4575;9757;14332;[81,88,73,162,110,5,132,32,85,14,187,29,35,13,153,199,108,17,72,19,172,194,22,23,117,191,140,7,43,11,30,102,12,135,34,185,36,37,38,75,40,165,4,52,163,45,25,47,48,139,62,119,28,128,53,120,79,51,58,59,131,61,149,63,2,167,66,67,60,113,160,105,106,15,98,65,71,77,89,198,80,87,82,83,56,76,94,146,64,156,9,91,100,74,126,3,68,97,175,99,115,101,26,192,104,195,33,127,70,181,41,96,112,69,190,10,173,164,118,86,151,121,122,123,159,125,39,182,111,42,130,54,6,129,133,103,136,137,138,20,196,141,189,46,197,145,109,147,169,50,150,24,152,84,31,193,93,27,155,171,0,154,166,143,16,55,95,57,49,148,170,114,168,124,174,1,176,92,178,179,180,90,161,183,184,134,186,107,188,142,44,116,18,158,21,177,157,144,78,8,];False
4598;9733;14331;[81,88,73,162,110,5,132,74,85,14,187,29,35,13,153,199,108,17,72,19,172,194,22,23,117,191,140,7,43,11,30,102,12,135,34,185,36,37,38,75,40,165,4,52,163,45,25,47,48,139,62,119,28,128,53,120,79,51,58,59,131,61,149,63,2,167,66,67,60,113,160,105,106,15,98,65,71,77,89,198,80,87,82,83,56,76,94,146,42,156,9,91,100,32,126,3,68,97,175,99,115,101,26,192,104,195,33,127,70,181,41,96,112,69,190,10,173,164,118,86,151,121,122,123,159,125,39,182,111,64,130,54,6,129,133,103,136,137,138,20,196,141,189,46,197,145,109,147,169,50,150,24,152,84,31,193,93,27,155,171,0,154,166,143,16,55,95,57,49,148,170,114,168,124,174,1,176,92,178,179,180,90,161,183,184,134,186,107,188,142,44,116,18,158,21,177,157,144,78,8,];False
4598;9730;14328;[81,88,73,162,110,5,132,32,85,14,165,29,35,13,153,199,108,17,72,19,172,194,22,23,117,191,140,7,43,11,30,102,12,135,34,185,36,37,38,75,40,187,4,52,163,45,25,47,48,139,62,119,28,128,53,120,79,51,58,59,131,61,149,63,2,167,66,67,60,113,160,105,106,15,98,65,71,77,89,198,80,87,82,83,56,76,94,146,42,156,9,91,100,74,126,3,68,97,175,99,115,101,26,192,104,195,33,127,70,181,41,96,112,69,190,10,173,164,118,86,151,121,122,123,159,125,39,182,111,64,130,54,6,129,133,103,136,137,138,20,196,141,189,46,197,145,109,147,169,50,150,24,152,84,31,193,93,27,155,171,0,154,166,143,16,55,95,57,49,148,170,114,168,124,174,1,176,92,178,179,180,90,161,183,184,134,186,107,188,142,44,116,18,158,21,177,157,144,78,8,];False
4592;9736;14328;[81,88,73,162,110,5,132,32,85,14,187,29,35,13,153,199,108,17,72,19,172,194,22,23,117,191,140,7,43,11,30,102,12,135,34,185,36,37,38,75,40,165,4,52,163,45,25,47,48,139,62,119,28,128,53,120,79,51,58,59,131,61,149,63,91,173,66,67,60,113,160,105,106,15,98,65,71,77,89,198,80,87,82,83,56,76,94,146,42,156,9,2,100,74,126,3,68,97,175,99,115,101,26,192,104,195,33,127,70,181,41,96,112,69,190,10,167,164,118,86,151,121,122,123,159,125,39,182,111,64,130,54,6,129,133,103,136,137,138,20,196,141,189,46,197,145,109,147,169,50,150,24,152,84,31,193,93,27,155,171,0,154,166,143,16,55,95,57,49,148,170,114,168,124,174,1,176,92,178,179,180,90,161,183,184,134,186,107,188,142,44,116,18,158,21,177,157,144,78,8,];False
4600;9726;14326;[81,88,73,162,110,5,132,32,85,14,187,29,35,13,153,199,108,17,72,19,172,194,22,23,159,191,140,7,43,11,30,102,12,135,34,185,36,37,38,75,40,165,4,52,163,45,25,47,48,139,62,119,28,128,53,120,79,51,58,59,131,61,149,63,2,167,66,67,60,113,160,105,106,15,98,65,71,77,89,198,80,87,82,83,56,76,94,146,42,156,9,91,100,74,126,3,68,97,175,99,115,101,26,192,104,195,33,127,70,181,41,96,112,69,190,10,173,164,118,86,151,121,122,123,117,125,39,182,111,64,130,54,6,129,133,103,136,137,138,20,196,141,189,46,197,145,109,147,169,50,150,24,152,84,31,193,93,27,155,171,0,154,166,143,16,55,95,57,49,148,170,114,168,124,174,1,176,92,178,179,180,90,161,183,184,134,186,107,188,142,44,116,18,158,21,177,157,144,78,8,];False
4647;9678;14325;[81,88,15,162,110,5,132,32,85,14,187,29,35,13,153,199,108,17,72,19,172,194,22,23,117,191,140,7,43,11,30,102,12,135,34,185,36,37,38,75,40,165,151,52,163,45,25,47,1,139,62,119,28,128,53,120,79,51,58,59,131,61,149,63,2,167,66,67,60,113,160,105,106,73,98,65,71,77,89,198,80,87,82,83,56,76,94,146,42,156,9,91,100,74,126,3,68,97,175,99,115,101,26,192,104,195,33,127,70,181,41,96,112,69,190,10,173,164,118,86,4,121,122,123,159,125,39,182,111,64,130,54,6,129,133,103,136,137,138,20,196,141,189,46,197,145,109,147,169,50,150,24,152,84,31,193,93,27,155,171,0,154,166,57,16,55,95,143,49,148,170,114,168,124,174,48,176,92,178,179,180,90,161,183,184,134,186,107,188,142,44,116,18,158,21,177,157,144,78,8,];False
4669;9656;14325;[81,88,15,162,48,5,132,32,85,14,187,29,35,13,153,199,108,17,72,19,172,194,22,23,117,191,140,7,43,11,30,102,12,135,34,185,36,37,38,75,40,165,151,52,163,45,25,47,110,139,62,119,28,128,53,120,79,51,58,59,131,61,149,63,2,167,66,67,60,113,160,105,106,73,98,65,71,77,89,198,80,87,82,83,56,76,94,146,42,156,9,91,100,74,126,3,68,97,175,99,115,101,26,192,104,195,33,127,70,181,41,96,112,69,190,10,173,164,118,86,4,121,122,123,159,125,39,182,111,64,130,54,6,129,133,103,136,137,138,20,196,141,189,46,197,145,109,147,169,50,150,24,152,84,31,193,93,27,155,171,0,154,166,57,16,55,95,143,49,148,170,114,168,124,174,1,176,92,178,179,180,90,161,183,184,134,186,107,188,142,44,116,18,158,21,177,157,144,78,8,];False
4574;9751;14325;[81,88,73,162,110,5,132,32,85,14,187,29,35,13,153,199,108,17,72,19,172,194,22,23,117,191,140,7,43,11,30,102,12,135,34,185,36,37,38,75,40,165,4,52,163,45,25,47,48,139,62,119,28,128,53,120,79,51,58,59,131,61,149,63,2,167,66,67,60,113,160,105,106,15,98,65,71,77,89,198,80,87,82,83,56,76,94,146,42,156,9,91,100,74,126,3,68,97,175,99,115,101,26,192,104,195,33,127,70,181,41,96,112,69,190,10,173,164,118,86,151,121,122,123,159,125,39,182,111,64,130,54,92,129,133,103,136,137,138,20,196,141,189,46,197,145,109,147,169,50,150,24,152,84,31,193,93,27,155,171,0,154,166,143,16,55,95,57,49,148,170,114,168,124,174,1,176,6,178,179,180,90,161,183,184,134,186,107,188,142,44,116,18,158,21,177,157,144,78,8,];False
4589;9734;14323;[81,88,73,162,110,5,132,32,85,14,187,29,35,13,153,199,108,17,72,19,172,194,22,122,117,191,140,7,43,11,30,102,12,135,34,185,36,37,38,75,40,165,4,52,163,45,25,47,48,139,62,119,28,128,53,120,79,51,58,59,131,61,149,63,2,167,66,67,60,113,160,105,106,15,98,65,71,77,89,198,80,87,82,83,56,76,94,146,42,156,9,91,100,74,126,3,68,97,175,99,115,101,26,192,104,195,33,127,70,181,41,96,112,69,190,10,173,164,118,86,151,121,23,123,159,125,39,182,111,64,130,54,6,129,133,103,136,137,138,20,196,141,189,46,197,145,109,147,169,50,150,24,152,84,31,193,93,27,155,171,0,154,166,143,16,55,95,57,49,148,170,114,168,124,174,1,176,92,178,179,180,90,161,183,184,134,186,107,188,142,44,116,18,158,21,177,157,144,78,8,];False
4584;9739;14323;[81,88,73,162,110,5,132,32,85,14,187,29,35,13,153,199,108,17,72,19,172,194,22,23,117,191,140,7,43,11,30,102,12,135,34,185,36,37,38,75,40,165,4,52,163,45,25,47,48,139,62,119,28,128,53,120,79,51,58,59,131,61,149,63,2,173,66,67,60,113,160,105,106,15,98,65,71,77,89,198,80,87,82,83,56,76,94,146,42,156,9,91,100,74,126,0,68,97,175,99,115,101,26,192,104,195,33,127,70,181,41,96,112,69,190,10,167,164,118,86,151,121,122,123,159,125,39,182,111,64,130,54,6,129,133,103,136,137,138,20,196,141,189,46,197,145,109,147,169,50,150,24,152,84,31,193,93,27,155,171,3,154,166,143,16,55,95,57,49,148,170,114,168,124,174,1,176,92,178,179,180,90,161,183,184,134,186,107,188,142,44,116,18,158,21,177,157,144,78,8,];False
4574;9749;14323;[81,88,73,162,110,5,132,32,85,14,187,29,35,13,153,199,108,17,72,19,172,194,22,23,117,191,140,7,43,11,30,102,12,135,34,185,36,37,38,75,40,165,4,52,163,45,25,47,48,139,62,119,28,128,53,120,79,51,58,59,131,61,149,63,2,167,66,67,60,113,160,105,106,15,98,65,71,77,89,198,80,87,82,83,56,76,94,146,42,156,9,91,100,74,126,3,68,6,175,99,115,101,26,192,104,195,33,127,70,181,41,96,112,69,190,10,173,164,118,86,151,121,122,123,159,125,39,182,111,64,130,54,97,129,133,103,136,137,138,20,196,141,189,46,197,145,109,147,169,50,150,24,152,84,31,193,93,27,155,171,0,154,166,143,16,55,95,57,49,148,170,114,168,124,174,1,176,92,178,179,180,90,161,183,184,134,186,107,188,142,44,116,18,158,21,177,157,144,78,8,];False
4568;9753;14321;[81,88,73,162,110,5,132,32,85,14,187,29,35,13,153,199,108,17,72,19,172,119,22,23,117,191,140,7,43,11,30,102,12,135,34,185,36,37,38,75,40,165,4,52,163,45,25,47,48,139,62,194,28,128,53,120,79,51,58,59,131,61,149,63,2,173,66,67,60,113,160,105,106,15,98,65,71,77,89,198,80,87,82,83,56,76,94,146,42,156,9,91,100,74,126,3,68,97,175,99,115,101,26,192,104,195,33,127,70,181,41,96,112,69,190,10,167,164,118,86,151,121,122,123,159,125,39,182,111,64,130,54,6,129,133,103,136,137,138,20,196,141,189,46,197,145,109,147,169,50,150,24,152,84,31,193,93,27,155,171,0,154,166,143,16,55,95,57,49,148,170,114,168,124,174,1,176,92,178,179,180,90,161,183,184,134,186,107,188,142,44,116,18,158,21,177,157,144,78,8,];False
4611;9709;14320;[81,88,73,162,110,5,132,32,85,14,187,29,35,13,153,199,108,17,72,19,172,194,22,23,117,191,140,7,43,11,30,102,12,135,34,185,36,37,82,75,40,165,4,52,163,45,25,47,48,139,62,119,28,128,53,120,79,51,58,59,131,61,149,63,2,167,66,67,60,113,160,105,106,15,98,65,71,77,89,198,80,87,38,83,56,76,94,146,42,156,9,91,100,74,126,3,68,97,175,99,115,101,26,192,104,195,33,127,70,181,41,96,112,69,190,10,173,164,118,86,151,121,122,123,159,125,39,182,111,64,130,54,6,129,133,103,136,137,138,20,196,141,189,46,197,145,109,147,169,50,150,24,152,84,31,193,93,27,155,171,0,154,166,143,16,55,95,57,49,148,170,114,168,124,174,1,176,92,178,179,180,90,161,183,184,134,186,107,188,142,44,116,18,158,21,177,157,144,78,8,];False
4505;9814;14319;[81,88,73,162,110,5,132,32,85,14,187,29,35,13,72,199,108,17,153,19,172,194,22,23,117,191,140,7,43,11,30,102,12,135,34,185,36,37,38,75,40,165,4,52,163,45,25,47,48,139,62,119,28,128,53,120,79,168,58,59,131,61,149,63,2,173,66,67,60,125,160,105,106,15,98,65,71,77,89,198,80,87,82,83,56,76,94,146,42,156,9,91,100,74,126,3,68,97,175,99,115,101,26,192,104,195,33,127,70,181,41,96,112,69,190,10,167,164,118,86,151,121,122,123,159,113,39,182,111,64,130,54,6,129,133,103,136,137,138,20,196,193,189,46,197,145,109,147,169,50,150,24,152,84,31,141,93,27,155,171,0,154,166,143,16,55,95,57,49,148,170,114,51,124,174,1,176,92,178,179,180,90,161,183,184,134,186,107,188,142,44,116,18,158,21,177,157,144,78,8,];False
4630;9689;14319;[81,88,73,162,110,5,132,32,85,14,187,29,35,13,153,199,108,17,72,19,172,194,22,23,117,191,140,7,43,11,30,102,12,135,34,185,36,37,38,75,40,165,4,52,163,45,25,47,48,177,62,119,28,128,53,120,79,51,58,59,131,61,149,63,2,167,66,67,60,113,160,105,106,15,98,65,71,77,89,198,80,87,82,83,56,76,94,146,42,156,9,91,100,74,126,3,68,97,175,99,115,101,26,192,104,195,33,127,70,181,41,96,112,69,190,10,173,164,118,86,151,121,122,123,159,125,39,182,111,64,130,54,6,129,133,103,136,137,138,20,196,141,189,46,197,145,109,147,169,50,150,24,152,84,31,193,93,27,155,171,0,154,166,143,16,55,95,57,49,148,170,114,168,124,174,1,176,92,178,179,180,90,161,183,184,134,186,107,188,142,44,116,18,158,21,139,157,144,78,8,];False
4567;9751;14318;[81,88,73,162,110,5,132,32,85,14,187,29,35,13,153,199,108,17,72,19,172,194,22,23,117,191,140,7,43,11,30,102,12,135,34,185,36,37,38,75,40,165,4,52,163,45,25,47,48,139,62,119,28,128,53,120,79,51,58,59,131,61,149,63,2,173,66,67,60,113,160,105,106,15,98,65,71,77,89,198,80,87,82,83,56,76,94,146,42,156,9,91,100,74,126,3,68,97,175,99,115,101,26,192,104,195,33,127,70,181,41,96,112,69,190,10,174,164,118,86,151,121,122,123,159,125,39,182,111,64,130,54,6,129,133,103,136,137,138,20,196,141,189,46,197,145,109,147,169,50,150,24,152,84,31,193,93,27,155,171,0,154,166,143,16,55,95,57,49,148,170,114,168,124,167,1,176,92,178,179,180,90,161,183,184,134,186,107,188,142,44,116,18,158,21,177,157,144,78,8,];False
4577;9741;14318;[81,88,73,162,110,5,132,32,85,14,187,29,35,13,153,199,108,17,54,19,172,194,22,23,117,191,140,7,43,11,30,102,12,135,34,185,36,37,38,75,40,165,4,52,163,45,25,47,48,139,62,119,28,128,53,120,79,51,58,59,131,61,149,63,2,167,66,67,60,113,160,105,106,15,98,65,71,77,89,198,80,87,82,83,56,76,94,146,42,156,9,91,100,74,126,3,68,97,175,99,115,101,26,192,104,195,33,127,70,181,41,96,112,69,190,10,173,164,118,86,151,121,122,123,159,125,39,182,111,64,130,72,6,129,133,103,136,137,138,20,196,141,189,46,197,145,109,147,169,50,150,24,152,84,31,193,93,27,155,171,0,154,166,143,16,55,95,57,49,148,170,114,168,124,174,1,176,92,178,179,180,90,161,183,184,134,186,107,188,142,44,116,18,158,21,177,157,144,78,8,];False
4676;9640;14316;[81,88,15,162,110,5,132,32,85,14,187,29,35,13,153,199,108,17,72,19,172,194,22,23,117,191,140,7,43,11,130,102,12,135,34,185,36,37,38,75,40,165,151,52,163,45,25,47,48,49,62,119,28,128,53,120,79,51,58,59,131,61,149,63,2,167,66,67,60,113,160,105,106,73,98,65,71,77,89,198,80,87,82,83,56,76,94,146,42,156,9,91,100,74,126,3,68,97,175,99,115,101,26,192,104,195,33,127,70,181,41,96,112,69,190,10,173,164,118,86,4,121,122,123,159,125,39,182,111,64,30,54,6,129,133,103,136,137,138,20,196,141,189,46,197,145,109,147,169,50,150,24,152,84,31,193,93,27,155,171,0,154,166,57,16,55,95,143,139,148,170,114,168,124,174,1,176,92,178,179,180,90,161,183,184,134,186,107,188,142,44,116,18,158,21,177,157,144,78,8,];False
4593;9721;14314;[81,88,73,162,110,5,132,32,85,14,187,29,35,13,153,199,108,17,72,19,172,194,22,23,117,191,140,7,43,11,30,102,12,135,34,185,36,37,38,75,40,165,4,52,163,45,25,47,48,139,62,119,28,128,53,120,79,51,58,59,131,61,149,63,2,167,66,67,60,113,160,105,106,15,98,65,71,77,89,198,80,87,82,83,56,76,94,146,42,156,91,9,100,74,126,3,68,97,175,99,115,101,26,192,104,195,33,127,70,181,41,96,112,69,190,10,173,164,118,86,151,121,122,123,159,125,39,182,111,64,130,54,6,129,133,103,136,137,138,20,196,141,189,46,197,145,109,147,169,50,150,24,152,84,31,193,93,27,155,171,0,154,166,143,16,55,95,57,49,148,170,114,168,124,174,1,176,92,178,179,180,90,161,183,184,134,186,107,188,142,44,116,18,158,21,177,157,144,78,8,];False
4575;9738;14313;[81,88,73,162,110,5,132,32,85,14,187,29,35,13,153,199,108,17,72,19,172,194,22,23,117,191,140,7,43,11,30,102,12,135,34,185,36,37,38,75,40,165,4,52,163,45,25,47,48,139,62,119,28,128,53,120,79,51,58,59,131,61,149,63,2,167,66,67,60,113,160,105,106,15,98,65,71,77,89,198,80,87,82,83,56,76,94,146,42,156,9,91,100,74,126,26,68,97,175,99,115,101,3,192,104,195,33,127,70,181,41,96,112,69,190,10,173,164,118,86,151,121,122,123,159,125,39,182,111,64,130,54,6,129,133,103,136,137,138,20,196,141,189,46,197,145,109,147,169,50,150,24,152,84,31,193,93,27,155,171,0,154,166,143,16,55,95,57,49,148,170,114,168,124,174,1,176,92,178,179,180,90,161,183,184,134,186,107,188,142,44,116,18,158,21,177,157,144,78,8,];False
4576;9737;14313;[81,88,73,162,110,5,132,32,85,14,187,29,35,13,153,199,108,17,72,19,172,194,22,23,117,191,140,7,43,11,30,102,12,135,34,185,36,37,38,75,40,165,4,52,163,45,25,47,48,139,62,119,28,128,53,120,79,51,58,59,131,61,149,63,2,167,66,67,60,113,160,105,106,15,98,65,71,77,89,198,80,87,82,83,56,76,94,146,42,156,9,91,100,74,126,3,68,97,175,99,115,101,26,192,104,195,33,127,70,181,41,96,112,69,190,10,173,164,118,86,151,121,122,123,159,125,39,182,111,64,130,54,6,129,133,103,136,137,138,90,196,141,189,46,197,145,109,147,169,50,150,24,152,84,31,193,93,27,155,171,0,154,166,143,16,55,95,57,49,148,170,114,168,124,174,1,176,92,178,179,180,20,161,183,184,134,186,107,188,142,44,116,18,158,21,177,157,144,78,8,];False
4589;9723;14312;[81,88,73,162,110,5,132,32,85,14,187,29,35,13,153,199,108,17,72,19,172,194,22,23,117,191,140,7,43,11,30,102,12,135,34,185,36,146,38,75,40,165,4,52,163,45,25,47,48,139,62,119,28,128,53,120,79,51,58,59,131,61,149,63,2,167,66,67,60,113,160,105,106,15,98,65,71,77,89,198,80,87,82,83,56,76,94,37,42,156,9,91,100,74,126,3,68,97,175,99,115,101,26,192,104,195,33,127,70,181,41,96,112,69,190,10,173,164,118,86,151,121,122,123,159,125,39,182,111,64,130,54,6,129,133,103,136,137,138,20,196,141,189,46,197,145,109,147,169,50,150,24,152,84,31,193,93,27,155,171,0,154,166,143,16,55,95,57,49,148,170,114,168,124,174,1,176,92,178,179,180,90,161,183,184,134,186,107,188,142,44,116,18,158,21,177,157,144,78,8,];False
4591;9721;14312;[81,88,73,162,110,5,132,32,85,14,187,29,35,13,153,199,108,17,72,19,172,194,22,23,117,191,140,7,43,11,30,102,12,135,34,185,36,37,65,75,40,165,4,52,163,45,25,47,48,139,62,119,28,128,53,120,79,51,58,59,131,61,149,63,2,167,66,67,60,113,160,105,106,15,98,38,71,77,89,198,80,87,82,83,56,76,94,146,42,156,9,91,100,74,126,3,68,97,175,99,115,101,26,192,104,195,33,127,70,181,41,96,112,69,190,10,173,164,118,86,151,121,122,123,159,125,39,182,111,64,130,54,6,129,133,103,136,137,138,20,196,141,189,46,197,145,109,147,169,50,150,24,152,84,31,193,93,27,155,171,0,154,166,143,16,55,95,57,49,148,170,114,168,124,174,1,176,92,178,179,180,90,161,183,184,134,186,107,188,142,44,116,18,158,21,177,157,144,78,8,];False
4616;9695;14311;[81,88,73,162,110,5,132,32,85,14,187,29,35,13,153,199,108,17,72,19,172,194,22,23,117,191,140,7,43,11,30,102,12,135,34,185,36,37,38,75,40,165,4,52,163,45,25,47,48,139,62,119,28,128,53,120,79,51,58,59,131,61,149,63,2,167,66,67,60,113,160,105,106,15,98,65,71,77,89,198,80,87,82,83,56,76,94,146,42,156,9,91,100,74,126,3,68,97,175,99,115,101,26,192,104,195,137,127,70,181,41,96,112,69,190,10,173,164,118,86,151,121,122,123,159,125,39,182,111,64,130,54,6,129,133,103,136,33,138,20,196,141,189,46,197,145,109,147,169,50,150,24,152,84,31,193,93,27,155,171,0,154,166,143,16,55,95,57,49,148,170,114,168,124,174,1,176,92,178,179,180,90,161,183,184,134,186,107,188,142,44,116,18,158,21,177,157,144,78,8,];False
4612;9698;14310;[81,88,15,162,110,5,132,32,85,14,187,29,35,13,153,199,108,17,72,19,172,194,22,23,117,191,140,7,43,11,30,40,12,135,34,185,36,37,38,75,102,165,151,52,163,45,25,47,48,139,62,119,28,128,53,120,79,51,58,59,131,61,149,63,2,167,66,67,60,113,160,105,106,73,98,65,71,77,89,198,80,87,82,83,56,76,94,146,42,156,9,91,100,74,126,3,68,97,175,99,115,101,26,192,104,195,33,127,70,181,41,96,112,69,190,10,173,164,118,86,4,121,122,123,159,125,39,182,111,64,130,54,6,129,133,103,136,137,138,20,196,141,189,46,197,145,109,147,169,50,150,24,152,84,31,193,93,27,155,171,0,154,166,57,16,55,95,143,49,148,170,114,168,124,174,1,176,92,178,179,180,90,161,183,184,134,186,107,188,142,44,116,18,158,21,177,157,144,78,8,];False
4617;9692;14309;[81,88,15,162,110,5,132,32,85,14,187,29,35,13,153,199,108,17,23,19,172,194,22,72,117,191,140,7,43,11,30,102,12,135,34,185,36,37,38,75,40,165,151,52,163,45,25,47,48,49,62,119,28,128,53,120,79,51,58,59,131,61,149,63,2,167,66,67,60,113,160,105,106,73,98,65,71,77,89,198,80,87,82,83,56,76,94,146,42,156,9,91,100,74,126,3,68,97,175,99,115,101,26,192,104,195,33,127,70,181,41,96,112,69,190,10,173,164,118,86,4,121,122,123,159,125,39,182,111,64,130,54,6,129,133,103,136,137,138,20,196,141,189,46,197,145,109,147,169,50,150,24,152,84,31,193,93,27,155,171,0,154,95,57,16,55,166,143,139,148,170,114,168,124,174,1,176,92,178,179,180,90,161,183,184,134,186,107,188,142,44,116,18,158,21,177,157,144,78,8,];False
4602;9707;14309;[81,88,73,162,110,5,132,32,85,14,187,29,35,13,153,199,108,17,72,19,172,194,22,23,117,191,140,7,43,11,30,102,12,135,34,185,36,37,38,75,40,165,4,52,163,45,25,47,48,139,62,119,28,128,53,120,79,51,58,59,131,61,149,63,2,167,66,67,60,113,160,105,106,15,98,65,71,77,89,198,80,87,142,83,56,76,94,146,42,156,9,91,100,74,126,3,68,97,175,99,115,101,26,192,104,195,33,127,70,181,41,96,112,69,190,10,173,164,118,86,151,121,122,123,159,125,39,182,111,64,130,54,6,129,133,103,136,137,138,20,196,141,189,46,197,145,109,147,169,50,150,24,152,84,31,193,93,27,155,171,0,154,166,143,16,55,95,57,49,148,170,114,168,124,174,1,176,92,178,179,180,90,161,183,184,134,186,107,188,82,44,116,18,158,21,177,157,144,78,8,];False
4577;9731;14308;[81,88,73,162,110,5,132,32,85,14,187,29,35,13,153,199,108,17,72,19,172,194,22,160,117,191,140,7,43,11,30,102,12,135,34,185,36,37,38,75,40,165,4,52,163,45,25,47,48,139,62,119,28,128,53,120,79,51,58,59,131,61,149,63,2,167,66,67,60,113,23,105,106,15,98,65,71,77,89,198,80,87,82,83,56,76,94,146,42,156,9,91,100,74,126,3,68,97,175,99,115,101,26,192,104,195,33,127,70,181,41,96,112,69,190,10,173,164,118,86,151,121,122,123,159,125,39,182,111,64,130,54,6,129,133,103,136,137,138,20,196,141,189,46,197,145,109,147,169,50,150,24,152,84,31,193,93,27,155,171,0,154,166,143,16,55,95,57,49,148,170,114,168,124,174,1,176,92,178,179,180,90,161,183,184,134,186,107,188,142,44,116,18,158,21,177,157,144,78,8,];False
4592;9716;14308;[81,88,73,162,110,5,132,32,85,14,187,29,35,13,153,199,108,17,72,19,172,194,22,23,117,191,140,7,43,11,30,102,12,135,34,185,36,37,38,75,40,165,4,52,163,45,25,47,48,139,62,119,28,128,53,120,79,51,58,59,131,61,149,63,2,167,66,67,60,113,160,105,106,15,98,65,71,77,89,198,80,87,82,83,56,76,94,146,42,156,9,91,100,74,126,3,68,97,175,99,115,101,26,192,104,195,33,127,70,181,41,96,112,69,190,10,173,164,118,86,151,121,122,138,159,125,39,182,111,64,130,54,6,129,133,103,136,137,123,20,196,141,189,46,197,145,109,147,169,50,150,24,152,84,31,193,93,27,155,171,0,154,166,143,16,55,95,57,49,148,170,114,168,124,174,1,176,92,178,179,180,90,161,183,184,134,186,107,188,142,44,116,18,158,21,177,157,144,78,8,];False
4562;9746;14308;[81,88,73,162,110,5,132,32,85,14,187,29,35,13,153,199,108,17,72,19,172,194,22,23,117,191,140,7,43,11,30,102,12,135,34,185,36,37,38,75,40,165,4,52,163,45,25,47,48,139,62,119,28,128,53,120,79,51,58,59,131,61,149,63,2,167,66,67,60,113,160,105,106,15,98,65,71,77,89,198,80,87,82,83,56,76,94,146,42,156,9,91,100,74,126,3,68,97,175,99,115,101,26,192,104,195,33,127,70,181,41,96,112,69,190,10,173,164,118,86,151,121,122,123,159,125,39,182,111,64,93,54,6,129,133,103,136,137,138,20,196,141,189,46,197,145,109,147,169,50,150,24,152,84,31,193,130,27,155,171,0,154,166,143,16,55,95,57,49,148,170,114,168,124,174,1,176,92,178,179,180,90,161,183,184,134,186,107,188,142,44,116,18,158,21,177,157,144,78,8,];False
4456;9852;14308;[81,88,73,162,110,5,132,32,85,14,187,29,35,13,72,199,108,17,153,19,172,194,22,23,117,191,140,7,126,11,30,102,12,135,34,185,36,37,38,75,40,165,4,52,163,45,25,47,48,139,62,119,28,128,53,120,79,168,58,59,131,61,149,63,2,173,66,67,60,125,160,105,106,15,98,65,71,77,89,198,80,87,82,83,56,76,94,146,42,156,9,91,100,74,43,3,68,97,175,99,115,101,26,192,104,195,33,127,70,181,41,96,112,69,190,10,167,164,118,86,151,121,122,123,159,113,39,182,111,64,130,54,6,129,133,103,136,137,138,20,196,141,189,46,197,145,109,147,169,50,150,24,152,84,31,193,93,27,155,171,0,154,166,143,16,55,95,57,49,148,170,114,51,124,174,1,176,92,178,179,180,90,161,183,184,134,186,107,188,142,44,116,18,158,21,177,157,144,78,8,];False
4587;9719;14306;[81,88,73,162,110,5,132,32,85,14,187,29,35,13,153,199,108,17,72,19,172,194,22,23,117,191,140,7,43,11,30,102,12,135,34,185,36,37,38,75,40,165,4,52,163,45,25,47,48,139,62,119,28,128,53,120,147,51,58,59,131,61,149,63,2,167,66,67,60,113,160,105,106,15,98,65,71,77,89,198,80,87,82,83,56,76,94,146,42,156,9,91,100,74,126,3,68,97,175,99,115,101,26,192,104,195,33,127,70,181,41,96,112,69,190,10,173,164,118,86,151,121,122,123,159,125,39,182,111,64,130,54,6,129,133,103,136,137,138,20,196,141,189,46,197,145,109,79,169,50,150,24,152,84,31,193,93,27,155,171,0,154,166,143,16,55,95,57,49,148,170,114,168,124,174,1,176,92,178,179,180,90,161,183,184,134,186,107,188,142,44,116,18,158,21,177,157,144,78,8,];False
4567;9738;14305;[81,88,73,162,110,5,132,32,85,14,187,29,35,13,153,199,108,17,72,19,172,194,22,23,117,191,140,7,43,11,30,102,12,135,34,185,36,37,38,75,40,165,4,52,163,45,25,47,48,139,62,119,28,128,53,120,79,51,58,59,131,61,149,63,2,167,66,67,60,113,160,105,106,15,98,65,71,77,89,198,80,87,82,83,56,76,94,146,42,156,9,91,100,74,126,3,68,97,175,99,115,101,26,192,104,195,33,127,70,181,41,96,112,69,190,10,173,164,118,86,151,168,122,123,159,125,39,182,111,64,130,54,6,129,133,103,136,137,138,20,196,141,189,46,197,145,109,147,169,50,150,24,152,84,31,193,93,27,155,171,0,154,166,143,16,55,95,57,49,148,170,114,121,124,174,1,176,92,178,179,180,90,161,183,184,134,186,107,188,142,44,116,18,158,21,177,157,144,78,8,];False
4582;9722;14304;[81,88,73,162,110,5,132,32,85,14,187,40,35,13,153,199,108,17,72,19,172,194,22,23,117,191,140,7,43,11,30,102,12,135,34,185,36,37,38,75,29,165,4,52,163,45,25,47,48,139,62,119,28,128,53,120,79,51,58,59,131,61,149,63,2,167,66,67,60,113,160,105,106,15,98,65,71,77,89,198,80,87,82,83,56,76,94,146,42,156,9,91,100,74,126,3,68,97,175,99,115,101,26,192,104,195,33,127,70,181,41,96,112,69,190,10,173,164,118,86,151,121,122,123,159,125,39,182,111,64,130,54,6,129,133,103,136,137,138,20,196,141,189,46,197,145,109,147,169,50,150,24,152,84,31,193,93,27,155,171,0,154,166,143,16,55,95,57,49,148,170,114,168,124,174,1,176,92,178,179,180,90,161,183,184,134,186,107,188,142,44,116,18,158,21,177,157,144,78,8,];False
4543;9758;14301;[81,88,73,162,110,5,132,32,85,14,187,29,35,13,153,199,108,17,72,19,172,194,22,23,117,191,140,7,43,11,30,102,12,135,34,185,36,37,38,75,40,165,4,52,163,45,25,47,48,139,62,119,28,128,53,120,79,51,58,59,131,61,149,63,2,173,66,67,60,113,160,105,106,15,98,65,71,77,89,198,80,87,82,83,56,76,94,146,42,156,9,91,100,74,126,3,68,97,175,99,115,101,26,192,104,195,33,127,70,181,41,96,112,69,190,10,167,164,118,86,151,121,122,123,159,125,39,182,111,64,189,54,6,129,133,103,136,137,138,20,196,141,130,46,197,145,109,147,169,50,150,24,152,84,31,193,93,27,155,171,0,154,166,143,16,55,95,57,49,148,170,114,168,124,174,1,176,92,178,179,180,90,161,183,184,134,186,107,188,142,44,116,18,158,21,177,157,144,78,8,];False
4554;9747;14301;[81,88,73,162,110,5,132,32,85,14,187,29,35,13,153,199,108,17,72,19,172,194,22,23,117,191,140,7,43,11,30,102,12,135,34,185,36,37,38,75,40,165,4,52,163,45,25,47,48,139,62,119,28,128,53,120,79,51,58,59,131,61,149,63,2,167,66,67,60,113,160,105,106,15,98,65,71,77,89,198,80,87,82,83,56,76,94,146,42,156,9,91,100,74,126,3,68,97,175,99,115,101,26,192,104,195,33,127,70,181,41,96,112,69,190,10,173,164,118,86,27,121,122,123,159,125,39,182,111,64,130,54,6,129,133,103,136,137,138,20,196,141,189,46,197,145,109,147,169,50,150,24,152,84,31,193,93,151,155,171,0,154,166,143,16,55,95,57,49,148,170,114,168,124,174,1,176,92,178,179,180,90,161,183,184,134,186,107,188,142,44,116,18,158,21,177,157,144,78,8,];False
4565;9736;14301;[81,88,73,162,110,5,132,32,85,14,187,29,35,13,153,199,108,17,72,19,172,194,22,23,117,191,140,7,43,11,30,102,12,135,34,185,36,37,38,75,40,165,4,52,163,45,25,47,48,139,62,119,28,128,53,120,79,51,58,59,131,61,149,63,2,173,66,67,60,113,160,105,106,15,98,65,71,77,89,198,80,87,82,83,56,76,94,146,42,156,9,91,100,74,126,3,68,97,175,99,103,101,26,192,104,195,33,127,70,181,41,96,112,69,190,10,167,164,118,86,151,121,122,123,159,125,39,182,111,64,130,54,6,129,133,115,136,137,138,20,196,141,189,46,197,145,109,147,169,50,150,24,152,84,31,193,93,27,155,171,0,154,166,143,16,55,95,57,49,148,170,114,168,124,174,1,176,92,178,179,180,90,161,183,184,134,186,107,188,142,44,116,18,158,21,177,157,144,78,8,];False
4580;9721;14301;[81,88,73,162,110,5,132,32,85,14,187,29,35,13,153,199,108,17,72,19,172,194,22,23,117,191,140,7,43,11,30,102,12,135,34,185,36,37,38,75,40,165,4,52,163,45,25,47,48,139,62,119,28,128,53,120,79,51,58,59,137,61,149,63,2,167,66,67,60,113,160,105,106,15,98,65,71,77,89,198,80,87,82,83,56,76,94,146,42,156,9,91,100,74,126,3,68,97,175,99,115,101,26,192,104,195,33,127,70,181,41,96,112,69,190,10,173,164,118,86,151,121,122,123,159,125,39,182,111,64,130,54,6,129,133,103,136,131,138,20,196,141,189,46,197,145,109,147,169,50,150,24,152,84,31,193,93,27,155,171,0,154,166,143,16,55,95,57,49,148,170,114,168,124,174,1,176,92,178,179,180,90,161,183,184,134,186,107,188,142,44,116,18,158,21,177,157,144,78,8,];False
4554;9746;14300;[81,88,73,162,110,5,132,32,85,14,187,130,35,13,153,199,108,17,72,19,172,194,22,23,117,191,140,7,43,11,30,102,12,135,34,185,36,37,38,75,40,165,4,52,163,45,25,47,48,139,62,119,28,128,53,120,79,51,58,59,131,61,149,63,2,167,66,67,60,113,160,105,106,15,98,65,71,77,89,198,80,87,82,83,56,76,94,146,42,156,9,91,100,74,126,3,68,97,175,99,115,101,26,192,104,195,33,127,70,181,41,96,112,69,190,10,173,164,118,86,151,121,122,123,159,125,39,182,111,64,29,54,6,129,133,103,136,137,138,20,196,141,189,46,197,145,109,147,169,50,150,24,152,84,31,193,93,27,155,171,0,154,166,143,16,55,95,57,49,148,170,114,168,124,174,1,176,92,178,179,180,90,161,183,184,134,186,107,188,142,44,116,18,158,21,177,157,144,78,8,];False
4568;9731;14299;[81,88,73,162,110,5,132,32,85,14,187,29,35,13,153,199,108,17,72,19,172,194,22,23,117,191,140,7,43,11,30,102,12,135,34,185,36,37,38,75,40,165,4,52,163,45,25,47,48,139,62,119,28,128,53,120,79,51,58,59,131,61,149,63,2,167,66,67,60,113,160,105,106,15,98,65,71,77,89,198,80,87,82,83,56,76,94,146,42,156,9,91,100,74,126,3,68,97,175,99,115,101,26,192,104,195,33,127,70,181,41,96,112,69,190,10,173,164,118,86,151,121,122,123,159,125,39,182,111,64,130,54,6,188,133,103,136,137,138,20,196,141,189,46,197,145,109,147,169,50,150,24,152,84,31,193,93,27,155,171,0,154,166,143,16,55,95,57,49,148,170,114,168,124,174,1,176,92,178,179,180,90,161,183,184,134,186,107,129,142,44,116,18,158,21,177,157,144,78,8,];False
4623;9676;14299;[81,88,15,162,110,5,132,32,85,14,187,29,35,13,153,199,108,17,72,19,172,194,22,23,117,191,140,7,43,11,30,102,12,135,34,185,36,37,38,75,40,165,4,52,163,45,25,47,48,139,62,119,28,128,53,54,79,51,58,59,131,61,149,63,2,167,66,67,60,113,160,105,106,73,98,65,71,77,89,198,80,87,82,83,56,76,94,146,42,156,9,91,100,74,126,3,68,97,175,99,115,101,26,192,104,195,33,127,70,181,41,96,112,69,190,10,173,164,118,86,151,121,122,123,159,125,39,182,111,64,130,120,6,129,133,103,136,137,138,20,196,141,189,46,197,145,109,147,169,50,150,24,152,84,31,193,93,27,155,171,0,154,166,57,16,55,95,143,49,148,170,114,168,124,174,1,176,92,178,179,180,90,161,183,184,134,186,107,188,142,44,116,18,158,21,177,157,144,78,8,];False
4574;9725;14299;[81,88,73,162,110,5,132,32,85,14,187,29,35,13,153,199,108,17,72,19,172,194,22,23,117,191,140,7,43,11,30,102,12,135,34,185,36,37,38,75,40,165,4,52,163,45,25,47,48,139,62,119,28,128,53,120,79,51,58,59,131,61,149,63,2,167,66,67,60,113,160,105,106,15,98,65,71,77,89,198,80,87,82,83,56,76,94,146,42,156,9,91,100,74,126,3,68,97,175,99,115,101,26,192,104,195,33,127,70,181,41,96,0,69,190,10,173,164,118,86,151,121,122,123,159,125,39,182,111,64,130,54,6,129,133,103,136,137,138,20,196,141,189,46,197,145,109,147,169,50,150,24,152,84,31,193,93,27,155,171,112,154,166,143,16,55,95,57,49,148,170,114,168,124,174,1,176,92,178,179,180,90,161,183,184,134,186,107,188,142,44,116,18,158,21,177,157,144,78,8,];False
4575;9723;14298;[81,88,15,162,110,5,132,32,85,14,187,29,35,13,153,199,108,17,72,19,172,194,22,23,117,191,140,7,43,11,30,102,12,135,34,185,36,37,38,75,40,165,20,52,163,45,25,47,48,139,62,119,28,128,53,120,79,51,58,59,131,61,149,63,2,167,66,67,60,113,160,105,106,73,98,65,71,77,89,198,80,87,82,83,56,76,94,146,42,156,9,91,100,74,126,3,68,97,175,99,115,101,26,192,104,195,33,127,70,181,41,96,112,69,190,10,173,164,118,86,4,121,122,123,159,125,39,182,111,64,130,54,6,129,133,103,136,137,138,151,196,141,189,46,197,145,109,147,169,50,150,24,152,84,31,193,93,27,155,171,0,154,166,57,16,55,95,143,49,148,170,114,168,124,174,1,176,92,178,179,180,90,161,183,184,134,186,107,188,142,44,116,18,158,21,177,157,144,78,8,];False
4574;9724;14298;[81,88,73,162,110,5,132,32,85,14,187,29,35,13,153,199,108,17,72,19,172,194,22,23,117,191,140,7,43,11,30,102,12,135,34,185,36,37,38,75,40,165,4,52,126,45,25,47,48,139,62,119,28,128,53,120,79,51,58,59,131,61,149,63,2,167,66,67,60,113,160,105,106,15,98,65,71,77,89,198,80,87,82,83,56,76,94,146,42,156,9,91,100,74,163,3,68,97,175,99,115,101,26,192,104,195,33,127,70,181,41,96,112,69,190,10,173,164,118,86,151,121,122,123,159,125,39,182,111,64,130,54,6,129,133,103,136,137,138,20,196,141,189,46,197,145,109,147,169,50,150,24,152,84,31,193,93,27,155,171,0,154,166,143,16,55,95,57,49,148,170,114,168,124,174,1,176,92,178,179,180,90,161,183,184,134,186,107,188,142,44,116,18,158,21,177,157,144,78,8,];False
4623;9675;14298;[81,88,15,162,110,5,132,32,85,14,187,29,35,13,153,199,108,17,72,19,172,194,22,23,117,191,140,7,43,11,39,102,12,135,34,185,36,37,38,75,40,165,151,52,163,45,25,47,48,139,62,119,28,128,53,120,79,51,58,59,131,61,149,63,2,167,66,67,60,113,160,105,106,73,98,65,71,77,89,198,80,87,82,83,56,76,94,146,42,156,9,91,100,74,126,3,68,97,175,99,115,101,26,192,104,195,33,127,70,181,41,96,112,69,190,10,173,164,118,86,4,121,122,123,159,125,30,182,111,64,130,54,6,129,133,103,136,137,138,20,196,141,189,46,197,145,109,147,169,50,150,24,152,84,31,193,93,27,155,171,0,154,166,57,16,55,95,143,49,148,170,114,168,124,174,1,176,92,178,179,180,90,161,183,184,134,186,107,188,142,44,116,18,158,21,177,157,144,78,8,];False
4567;9730;14297;[81,88,73,162,110,5,132,32,85,14,187,29,35,13,153,199,108,17,72,19,172,194,22,23,117,191,140,7,43,11,30,102,12,135,34,185,36,37,38,75,40,165,4,52,163,45,25,47,48,139,62,119,28,57,53,120,79,51,58,59,131,61,149,63,2,173,66,67,60,113,160,105,106,15,98,65,71,77,89,198,80,87,82,83,56,76,94,146,42,156,9,91,100,74,126,3,68,97,175,99,115,101,26,192,104,195,33,127,70,181,41,96,112,69,190,10,167,164,118,86,151,121,122,123,159,125,39,182,111,64,130,54,6,129,133,103,136,137,138,20,196,141,189,46,197,145,109,147,169,50,150,24,152,84,31,193,93,27,155,171,0,154,166,143,16,55,95,128,49,148,170,114,168,124,174,1,176,92,178,179,180,90,161,183,184,134,186,107,188,142,44,116,18,158,21,177,157,144,78,8,];False
4571;9726;14297;[81,88,73,162,110,5,132,32,85,14,187,29,35,13,153,199,108,17,72,19,172,194,22,23,117,191,140,7,43,11,30,102,12,135,34,185,36,37,38,75,40,165,4,52,163,45,25,47,48,139,62,119,28,128,53,120,79,51,58,59,131,61,149,63,2,167,66,67,60,113,160,105,106,15,98,65,71,77,89,198,80,87,82,83,56,76,94,146,42,156,9,91,100,74,126,3,68,97,175,99,115,101,26,192,104,195,33,127,70,181,41,96,112,69,190,10,173,164,118,86,151,121,122,123,159,125,39,182,111,64,130,54,6,129,133,103,136,137,138,20,196,141,189,46,197,145,109,147,169,50,150,24,152,84,31,193,93,27,155,171,0,154,166,143,16,55,95,57,49,148,170,114,168,124,174,1,176,92,178,179,180,90,161,183,184,134,158,107,188,142,44,116,18,186,21,177,157,144,78,8,];False
4514;9782;14296;[81,88,73,64,110,5,132,32,85,14,187,29,35,13,153,199,108,17,72,19,172,194,22,23,117,191,140,7,43,11,30,102,12,135,34,185,36,37,38,75,40,165,4,52,163,45,25,47,48,139,62,119,28,128,53,120,79,51,58,59,131,61,149,63,2,173,66,67,60,113,160,105,106,15,98,65,71,77,89,198,80,87,82,83,56,76,94,146,42,156,9,91,100,74,126,3,68,97,175,99,115,101,26,192,104,195,33,127,70,181,41,96,112,69,190,10,167,164,118,86,151,121,122,123,159,125,39,182,111,162,130,54,6,129,133,103,136,137,138,20,196,141,189,46,197,145,109,147,169,50,150,24,152,84,31,193,93,27,155,171,0,154,166,143,16,55,95,57,49,148,170,114,168,124,174,1,176,92,178,179,180,90,161,183,184,134,186,107,188,142,44,116,18,158,21,177,157,144,78,8,];False
4585;9709;14294;[81,88,73,162,110,5,132,32,85,14,187,29,35,13,153,199,108,17,72,19,172,194,22,23,117,191,137,7,43,11,30,102,12,135,34,185,36,37,38,75,40,165,4,52,163,45,25,47,48,139,62,119,28,128,53,120,79,51,58,59,131,61,149,63,2,173,66,67,60,113,160,105,106,15,98,65,71,77,89,198,80,87,82,83,56,76,94,146,42,156,9,91,100,74,126,3,68,97,175,99,115,101,26,192,104,195,33,127,70,181,41,96,112,69,190,10,167,164,118,86,151,121,122,123,159,125,39,182,111,64,130,54,6,129,133,103,136,140,138,20,196,141,189,46,197,145,109,147,169,50,150,24,152,84,31,193,93,27,155,171,0,154,166,143,16,55,95,57,49,148,170,114,168,124,174,1,176,92,178,179,180,90,161,183,184,134,186,107,188,142,44,116,18,158,21,177,157,144,78,8,];False
4533;9760;14293;[81,88,73,162,110,5,132,32,85,14,187,29,35,13,153,199,108,17,72,19,172,194,22,23,117,191,140,7,43,99,30,102,12,135,34,185,36,37,38,75,40,165,4,52,163,45,25,47,48,139,62,119,28,128,53,120,79,51,58,59,131,61,149,63,2,173,66,67,60,125,160,105,106,15,98,65,71,77,89,198,80,87,82,83,56,76,94,146,42,156,9,91,100,74,126,3,68,97,175,11,115,101,26,192,104,195,33,127,70,181,41,96,112,69,190,10,167,164,118,86,151,121,122,123,159,113,39,182,111,64,130,54,6,129,133,103,136,137,138,20,196,141,189,46,197,145,109,147,169,50,150,24,152,84,31,193,93,27,155,171,0,154,166,143,16,55,95,57,49,148,170,114,168,124,174,1,176,92,178,179,180,90,161,183,184,134,186,107,188,142,44,116,18,158,21,177,157,144,78,8,];False
4568;9725;14293;[81,88,73,162,110,5,132,32,85,14,187,29,35,13,153,199,108,17,72,19,172,194,22,23,117,191,140,7,43,11,30,102,12,135,34,185,36,37,38,75,40,165,4,52,163,45,25,47,48,139,62,119,28,128,53,120,79,51,58,59,131,61,149,63,2,167,66,67,60,113,160,105,106,15,98,65,71,77,89,198,80,87,82,83,56,76,94,146,42,156,9,91,100,74,126,3,68,97,175,99,115,101,26,192,104,195,33,127,70,181,41,96,112,39,190,10,173,164,118,86,151,121,122,123,159,125,69,182,111,64,130,54,6,129,133,103,136,137,138,20,196,141,189,46,197,145,109,147,169,50,150,24,152,84,31,193,93,27,155,171,0,154,166,143,16,55,95,57,49,148,170,114,168,124,174,1,176,92,178,179,180,90,161,183,184,134,186,107,188,142,44,116,18,158,21,177,157,144,78,8,];False
4621;9670;14291;[81,88,15,162,110,5,132,32,85,14,187,29,35,13,153,199,108,17,72,19,172,194,22,23,117,191,140,7,43,11,30,102,12,135,34,185,36,37,38,75,40,165,151,52,163,45,87,47,48,139,62,119,28,128,53,120,79,51,58,59,131,61,149,63,2,167,66,67,60,113,160,105,106,73,98,65,71,77,89,198,80,25,82,83,56,76,94,146,42,156,9,91,100,74,126,3,68,97,175,99,115,101,26,192,104,195,33,127,70,181,41,96,112,69,190,10,173,164,118,86,4,121,122,123,159,125,39,182,111,64,130,54,6,129,133,103,136,137,138,20,196,141,189,46,197,145,109,147,169,50,150,24,152,84,31,193,93,27,155,171,0,154,166,57,16,55,95,143,49,148,170,114,168,124,174,1,176,92,178,179,180,90,161,183,184,134,186,107,188,142,44,116,18,158,21,177,157,144,78,8,];False
4647;9644;14291;[81,88,15,3,110,5,132,32,85,14,187,29,35,13,153,199,108,17,72,19,172,194,22,23,117,191,140,7,43,11,30,102,12,135,34,185,36,37,38,75,40,165,151,52,163,45,25,47,48,49,62,119,28,128,53,120,79,51,58,59,131,61,149,63,2,167,66,67,60,113,160,105,106,73,98,65,71,77,89,198,80,87,82,83,56,76,94,146,42,156,9,91,100,74,126,162,68,97,175,99,115,101,26,192,104,195,33,127,171,181,41,96,112,69,190,10,173,164,118,86,4,121,122,123,159,125,39,182,111,64,130,54,6,129,133,103,136,137,138,20,196,141,189,46,197,145,109,147,169,50,150,24,152,84,31,193,93,27,155,70,0,154,95,57,16,55,166,143,139,148,170,114,168,124,174,1,176,92,178,179,180,90,161,183,184,134,186,107,188,142,44,116,18,158,21,177,157,144,78,8,];False
4568;9722;14290;[81,88,73,162,110,5,132,32,85,14,187,29,35,13,153,199,108,17,72,19,172,194,22,23,117,191,140,7,43,11,30,102,24,135,34,185,36,37,38,75,40,165,4,52,163,45,25,47,48,139,62,119,28,128,53,120,79,51,58,59,131,61,149,63,2,167,66,67,60,113,160,105,106,15,98,65,71,77,89,198,80,87,82,83,56,76,94,146,42,156,9,91,100,74,126,3,68,97,175,99,115,101,26,192,104,195,33,127,70,181,41,96,112,69,190,10,173,164,118,86,151,121,122,123,159,125,39,182,111,64,130,54,6,129,133,103,136,137,138,20,196,141,189,46,197,145,109,147,169,50,150,12,152,84,31,193,93,27,155,171,0,154,166,143,16,55,95,57,49,148,170,114,168,124,174,1,176,92,178,179,180,90,161,183,184,134,186,107,188,142,44,116,18,158,21,177,157,144,78,8,];False
4543;9747;14290;[81,88,73,162,110,5,132,32,85,14,187,29,35,13,153,199,108,17,72,19,172,194,22,23,117,191,140,7,43,11,30,102,12,135,34,185,36,37,38,75,40,165,4,52,163,45,25,47,48,139,62,119,28,128,53,120,79,51,58,59,131,61,149,63,2,167,66,67,60,113,160,105,106,15,98,65,71,77,89,198,80,87,82,83,56,76,94,146,42,156,9,91,100,74,126,3,68,97,175,99,115,101,26,192,104,195,33,127,70,181,6,96,112,69,190,10,173,164,118,86,151,121,122,123,159,125,39,182,111,64,130,54,41,129,133,103,136,137,138,20,196,141,189,46,197,145,109,147,169,50,150,24,152,84,31,193,93,27,155,171,0,154,166,143,16,55,95,57,49,148,170,114,168,124,174,1,176,92,178,179,180,90,161,183,184,134,186,107,188,142,44,116,18,158,21,177,157,144,78,8,];False
4581;9709;14290;[81,88,15,162,110,5,132,32,85,14,187,29,35,13,153,199,108,17,72,19,172,194,22,23,117,191,140,7,43,11,30,102,12,135,34,185,36,37,38,75,40,165,4,52,163,45,25,47,48,139,62,119,28,128,53,120,79,51,58,59,131,61,149,63,2,167,66,67,60,113,160,105,106,73,98,65,71,77,89,198,80,87,82,83,56,76,94,146,42,156,9,91,100,74,126,111,68,97,175,99,115,101,26,192,104,195,33,127,70,181,41,96,112,69,190,10,173,164,118,86,151,121,122,123,159,125,39,182,3,64,130,54,6,129,133,103,136,137,138,20,196,141,189,46,197,145,109,147,169,50,150,24,152,84,31,193,93,27,155,171,0,154,166,57,16,55,95,143,49,148,170,114,168,124,174,1,176,92,178,179,180,90,161,183,184,134,186,107,188,142,44,116,18,158,21,177,157,144,78,8,];False
4580;9709;14289;[81,88,73,162,110,5,132,32,85,14,187,29,35,13,153,199,108,17,72,19,172,194,22,23,117,191,140,7,43,11,30,102,12,135,34,185,36,37,70,75,40,165,4,52,163,45,25,47,48,139,62,119,28,128,53,120,79,51,58,59,131,61,149,63,2,167,66,67,60,113,160,105,106,15,98,65,71,77,89,198,80,87,82,83,56,76,94,146,42,156,9,91,100,74,126,3,68,97,175,99,115,101,26,192,104,195,33,127,38,181,41,96,112,69,190,10,173,164,118,86,151,121,122,123,159,125,39,182,111,64,130,54,6,129,133,103,136,137,138,20,196,141,189,46,197,145,109,147,169,50,150,24,152,84,31,193,93,27,155,171,0,154,166,143,16,55,95,57,49,148,170,114,168,124,174,1,176,92,178,179,180,90,161,183,184,134,186,107,188,142,44,116,18,158,21,177,157,144,78,8,];False
4548;9741;14289;[81,88,73,162,110,5,132,32,85,14,187,29,35,13,153,199,108,17,72,19,172,194,22,23,117,191,140,7,43,11,30,102,12,135,34,185,36,37,38,75,40,165,4,52,163,45,25,47,48,139,62,119,28,128,53,120,79,51,58,59,156,61,149,63,2,173,66,67,60,113,160,105,106,15,98,65,71,77,89,198,80,87,82,83,56,76,94,146,42,131,9,91,100,74,126,3,68,97,175,99,115,101,26,192,104,195,33,127,70,181,41,96,112,69,190,10,167,164,118,86,151,121,122,123,159,125,39,182,111,64,130,54,6,129,133,103,136,137,138,20,196,141,189,46,197,145,109,147,169,50,150,24,152,84,31,193,93,27,155,171,0,154,166,143,16,55,95,57,49,148,170,114,168,124,174,1,176,92,178,179,180,90,161,183,184,134,186,107,188,142,44,116,18,158,21,177,157,144,78,8,];False
4590;9698;14288;[81,88,73,162,110,5,132,32,85,14,187,29,35,13,153,199,108,17,72,19,172,194,22,23,117,191,140,7,43,11,30,102,12,135,34,185,36,37,38,75,40,165,4,52,163,45,25,47,48,139,62,119,28,128,53,120,79,51,58,59,131,61,149,63,2,167,66,67,60,113,160,105,106,15,98,65,71,77,89,198,80,87,82,83,56,76,94,146,42,156,9,91,100,74,126,3,68,97,175,99,115,101,26,169,104,195,33,127,70,181,41,96,112,69,190,10,173,164,118,86,151,121,122,123,159,125,39,182,111,64,130,54,6,129,133,103,136,137,138,20,196,141,189,46,197,145,109,147,192,50,150,24,152,84,31,193,93,27,155,171,0,154,166,143,16,55,95,57,49,148,170,114,168,124,174,1,176,92,178,179,180,90,161,183,184,134,186,107,188,142,44,116,18,158,21,177,157,144,78,8,];False
4572;9715;14287;[81,88,73,162,110,5,132,32,85,14,187,29,35,13,153,199,108,17,72,19,172,194,22,23,117,191,140,7,43,11,30,102,12,135,34,185,36,37,38,75,40,165,4,52,163,45,25,47,48,139,62,119,28,128,53,120,79,51,58,59,131,61,149,63,2,167,66,67,60,113,160,105,106,15,98,65,71,77,89,198,80,87,82,83,56,76,94,146,42,156,9,91,100,74,126,3,68,97,175,99,115,101,26,192,104,107,33,127,70,181,41,96,112,69,190,10,173,164,118,86,151,121,122,123,159,125,39,182,111,64,130,54,6,129,133,103,136,137,138,20,196,141,189,46,197,145,109,147,169,50,150,24,152,84,31,193,93,27,155,171,0,154,166,143,16,55,95,57,49,148,170,114,168,124,174,1,176,92,178,179,180,90,161,183,184,134,186,195,188,142,44,116,18,158,21,177,157,144,78,8,];False
4498;9788;14286;[81,88,73,162,110,5,132,32,85,14,187,29,35,13,168,199,108,17,72,19,172,194,22,23,117,191,140,7,43,11,30,102,12,135,34,185,36,37,38,75,40,165,4,52,163,45,25,47,48,139,62,119,28,128,53,120,79,51,58,59,131,61,149,63,2,167,66,67,60,113,160,105,106,15,98,65,71,77,89,198,80,87,82,83,56,76,94,146,42,156,9,91,100,74,126,3,68,97,175,99,115,101,26,192,104,195,33,127,70,181,41,96,112,69,190,10,173,164,118,86,151,121,122,123,159,125,39,182,111,64,130,54,6,129,133,103,136,137,138,20,196,141,189,46,197,145,109,147,169,50,150,24,152,84,31,193,93,27,155,171,0,154,166,143,16,55,95,57,49,148,170,114,153,124,174,1,176,92,178,179,180,90,161,183,184,134,186,107,188,142,44,116,18,158,21,177,157,144,78,8,];False
4569;9717;14286;[81,88,15,162,110,5,132,32,85,14,187,29,35,13,153,199,108,17,72,57,172,194,22,23,117,191,140,7,43,11,30,102,12,135,34,185,36,37,38,75,40,165,4,52,163,45,25,47,48,139,62,119,28,128,53,120,79,51,58,59,131,61,149,63,2,167,66,67,60,113,160,105,106,73,98,65,71,77,89,198,80,87,82,83,56,76,94,146,42,156,9,91,100,74,126,3,68,97,175,99,115,101,26,192,104,195,33,127,70,181,41,96,112,69,190,10,173,164,118,86,151,121,122,123,159,125,39,182,111,64,130,54,6,129,133,103,136,137,138,20,196,141,189,46,197,145,109,147,169,50,150,24,152,84,31,193,93,27,155,171,0,154,166,19,16,55,95,143,49,148,170,114,168,124,174,1,176,92,178,179,180,90,161,183,184,134,186,107,188,142,44,116,18,158,21,177,157,144,78,8,];False
4530;9756;14286;[81,88,73,162,110,5,132,32,85,14,187,29,35,13,153,199,108,17,72,19,172,194,22,23,117,191,140,7,43,11,30,102,12,135,34,185,36,37,38,75,40,165,4,52,163,45,25,47,48,139,62,119,28,128,53,120,79,51,58,10,131,61,149,63,2,167,66,67,60,113,160,105,106,15,98,65,71,77,89,198,80,87,82,83,56,76,94,146,42,156,9,91,100,74,126,3,68,97,175,99,115,101,26,192,104,195,33,127,70,181,41,96,112,69,190,59,173,164,118,86,151,121,122,123,159,125,39,182,111,64,130,54,6,129,133,103,136,137,138,20,196,141,189,46,197,145,109,147,169,50,150,24,152,84,31,193,93,27,155,171,0,154,166,143,16,55,95,57,49,148,170,114,168,124,174,1,176,92,178,179,180,90,161,183,184,134,186,107,188,142,44,116,18,158,21,177,157,144,78,8,];False
4504;9782;14286;[81,88,73,162,110,5,132,32,85,14,187,29,35,13,72,199,108,17,153,19,172,194,22,23,117,191,140,7,43,171,30,102,12,135,34,185,36,37,38,75,40,165,4,52,163,45,25,47,48,139,62,119,28,128,53,120,79,168,58,59,131,61,149,63,2,173,66,67,60,125,160,105,106,15,98,65,71,77,89,198,80,87,82,83,56,76,94,146,42,156,9,91,100,74,126,3,68,97,175,99,115,101,26,192,104,195,33,127,70,181,41,96,112,69,190,10,167,164,118,86,151,121,122,123,159,113,39,182,111,64,130,54,6,129,133,103,136,137,138,20,196,141,189,46,197,145,109,147,169,50,150,24,152,84,31,193,93,27,155,11,0,154,166,143,16,55,95,57,49,148,170,114,51,124,174,1,176,92,178,179,180,90,161,183,184,134,186,107,188,142,44,116,18,158,21,177,157,144,78,8,];False
4560;9726;14286;[81,88,73,162,110,5,132,32,85,14,187,29,35,13,153,199,108,17,72,19,172,194,22,23,117,191,140,7,43,11,30,102,12,135,34,185,36,37,38,75,40,165,4,52,163,45,25,47,48,139,62,119,28,128,53,120,79,51,58,59,131,61,149,63,2,167,66,67,60,113,160,105,106,15,98,65,71,77,89,198,80,87,82,83,56,76,94,146,42,156,9,91,100,121,126,3,68,97,175,99,115,101,26,192,104,195,33,127,70,181,41,96,112,69,190,10,173,164,118,86,151,74,122,123,159,125,39,182,111,64,130,54,6,129,133,103,136,137,138,20,196,141,189,46,197,145,109,147,169,50,150,24,152,84,31,193,93,27,155,171,0,154,166,143,16,55,95,57,49,148,170,114,168,124,174,1,176,92,178,179,180,90,161,183,184,134,186,107,188,142,44,116,18,158,21,177,157,144,78,8,];False
4570;9716;14286;[81,88,73,162,110,5,132,32,85,14,187,29,35,13,153,199,108,17,72,19,172,194,22,23,117,191,140,7,43,11,30,102,12,135,34,185,36,37,38,75,40,165,4,52,163,45,25,47,48,139,62,119,28,128,53,120,79,51,58,59,131,61,149,63,2,167,66,67,60,113,156,105,106,15,98,65,71,77,89,198,80,87,82,83,56,76,94,146,42,160,9,91,100,74,126,3,68,97,175,99,115,101,26,192,104,195,33,127,70,181,41,96,112,69,190,10,173,164,118,86,151,121,122,123,159,125,39,182,111,64,130,54,6,129,133,103,136,137,138,20,196,141,189,46,197,145,109,147,169,50,150,24,152,84,31,193,93,27,155,171,0,154,166,143,16,55,95,57,49,148,170,114,168,124,174,1,176,92,178,179,180,90,161,183,184,134,186,107,188,142,44,116,18,158,21,177,157,144,78,8,];False
4597;9688;14285;[81,88,15,162,110,5,132,32,85,14,187,29,35,13,153,199,100,17,72,19,172,194,22,23,117,191,140,7,43,11,30,102,12,135,34,185,36,37,38,75,40,165,151,52,163,45,25,47,48,139,62,119,28,128,53,120,79,51,58,59,131,61,149,63,2,167,66,67,60,113,160,105,106,73,98,65,71,77,89,198,80,87,82,83,56,76,94,146,42,156,9,91,108,74,126,3,68,97,175,99,115,101,26,192,104,195,33,127,70,181,41,96,112,69,190,10,173,164,118,86,4,121,122,123,159,125,39,182,111,64,130,54,6,129,133,103,136,137,138,20,196,141,189,46,197,145,109,147,169,50,150,24,152,84,31,193,93,27,155,171,0,154,166,57,16,55,95,143,49,148,170,114,168,124,174,1,176,92,178,179,180,90,161,183,184,134,186,107,188,142,44,116,18,158,21,177,157,144,78,8,];False
4563;9722;14285;[81,88,73,162,110,5,132,32,85,14,187,29,35,13,153,199,108,17,72,19,172,194,22,23,117,191,140,7,43,11,30,102,12,135,34,185,36,37,38,75,40,165,4,52,163,45,25,47,48,139,62,119,28,128,53,120,79,51,58,59,131,61,149,63,2,173,66,67,60,125,160,105,106,15,98,65,71,77,89,198,80,87,82,83,56,76,94,183,42,156,9,91,100,74,126,3,68,97,175,99,115,101,26,192,104,195,33,127,70,181,41,96,112,69,190,10,167,164,118,86,151,121,122,123,159,113,39,182,111,64,130,54,6,129,133,103,136,137,138,20,196,141,189,46,197,145,109,147,169,50,150,24,152,84,31,193,93,27,155,171,0,154,166,143,16,55,95,57,49,148,170,114,168,124,174,1,176,92,178,179,180,90,161,146,184,134,186,107,188,142,44,116,18,158,21,177,157,144,78,8,];False
4571;9713;14284;[81,88,73,162,110,5,132,32,85,14,187,29,35,13,153,199,108,17,72,19,172,194,22,23,117,191,140,7,43,11,30,102,12,135,34,185,36,37,80,75,40,165,4,52,163,45,25,47,48,139,62,119,28,128,53,120,79,51,58,59,131,61,149,63,2,173,66,67,60,113,160,105,106,15,98,65,71,77,89,198,38,87,82,83,56,76,94,146,42,156,9,91,100,74,126,3,68,97,175,99,115,101,26,192,104,195,33,127,70,181,41,96,112,69,190,10,167,164,118,86,151,121,122,123,159,125,39,182,111,64,130,54,6,129,133,103,136,137,138,20,196,141,189,46,197,145,109,147,169,50,150,24,152,84,31,193,93,27,155,171,0,154,166,143,16,55,95,57,49,148,170,114,168,124,174,1,176,92,178,179,180,90,161,183,184,134,186,107,188,142,44,116,18,158,21,177,157,144,78,8,];False
4586;9698;14284;[81,88,73,162,110,5,132,32,85,14,187,29,35,13,153,199,108,17,72,19,172,194,22,23,117,191,140,7,43,11,30,102,12,135,34,185,36,37,38,75,40,165,4,52,163,45,25,47,48,139,62,119,28,128,53,120,79,51,58,59,131,61,149,63,2,167,66,67,60,113,160,105,106,15,98,65,71,77,89,198,80,87,82,83,56,76,94,146,42,156,9,91,100,74,126,3,68,97,175,99,115,101,26,192,104,195,33,127,70,136,41,96,112,69,190,10,173,164,118,86,151,121,122,123,159,125,39,182,111,64,130,54,6,129,133,103,181,137,138,20,196,141,189,46,197,145,109,147,169,50,150,24,152,84,31,193,93,27,155,171,0,154,166,143,16,55,95,57,49,148,170,114,168,124,174,1,176,92,178,179,180,90,161,183,184,134,186,107,188,142,44,116,18,158,21,177,157,144,78,8,];False
4604;9680;14284;[81,88,73,162,110,5,132,32,85,14,187,29,35,13,153,199,108,17,72,19,172,194,22,23,117,191,140,7,43,11,30,102,12,135,34,185,36,37,38,75,40,165,4,52,163,45,25,47,48,139,62,119,28,128,53,120,79,51,58,59,131,136,149,63,2,167,66,67,60,113,160,105,106,15,98,65,71,77,89,198,80,87,82,83,56,76,94,146,42,156,9,91,100,74,126,3,68,97,175,99,115,101,26,192,104,195,33,127,70,181,41,96,112,69,190,10,173,164,118,86,151,121,122,123,159,125,39,182,111,64,130,54,6,129,133,103,61,137,138,20,196,141,189,46,197,145,109,147,169,50,150,24,152,84,31,193,93,27,155,171,0,154,166,143,16,55,95,57,49,148,170,114,168,124,174,1,176,92,178,179,180,90,161,183,184,134,186,107,188,142,44,116,18,158,21,177,157,144,78,8,];False
4540;9743;14283;[81,88,73,162,110,5,132,32,85,14,187,29,35,13,153,199,108,17,72,19,172,194,22,23,117,191,140,7,43,11,30,102,12,135,34,185,36,37,38,75,40,165,4,52,163,45,25,47,48,139,62,119,28,128,53,120,79,51,58,59,131,61,149,63,2,173,66,67,60,113,160,105,106,15,98,65,71,77,89,198,80,87,82,83,56,76,94,146,42,156,9,91,100,74,126,3,68,97,175,99,115,101,26,192,104,195,33,127,70,181,41,96,112,129,190,10,167,164,118,86,151,121,122,123,159,125,39,182,111,64,130,54,6,69,133,103,136,137,138,20,196,141,189,46,197,145,109,147,169,50,150,24,152,84,31,193,93,27,155,171,0,154,166,143,16,55,95,57,49,148,170,114,168,124,174,1,176,92,178,179,180,90,161,183,184,134,186,107,188,142,44,116,18,158,21,177,157,144,78,8,];False
4637;9646;14283;[81,88,15,162,110,5,132,32,85,14,187,29,35,13,153,199,108,17,72,19,172,52,22,23,117,191,140,7,43,11,30,102,12,135,34,185,36,37,38,75,40,165,4,194,163,45,25,47,48,139,62,119,28,128,53,120,79,51,58,59,131,61,149,63,2,167,66,67,60,113,160,105,106,73,98,65,71,77,89,198,80,87,82,83,56,76,94,146,42,156,9,91,100,74,126,3,68,97,175,99,115,101,26,192,104,195,33,127,70,181,41,96,112,69,190,10,173,164,118,86,151,121,122,123,159,125,39,182,111,64,130,54,6,129,133,103,136,137,138,20,196,141,189,46,197,145,109,147,169,50,150,24,152,84,31,193,93,27,155,171,0,154,166,57,16,55,95,143,49,148,170,114,168,124,174,1,176,92,178,179,180,90,161,183,184,134,186,107,188,142,44,116,18,158,21,177,157,144,78,8,];False
4543;9740;14283;[81,88,73,162,110,5,132,141,85,14,187,29,35,13,153,199,108,17,72,19,172,194,22,23,117,191,140,7,43,11,30,102,12,135,34,185,36,37,38,75,40,165,4,52,163,45,25,47,48,139,62,119,28,128,53,120,79,51,58,59,131,61,149,63,2,173,66,67,60,113,160,105,106,15,98,65,71,77,89,198,80,87,82,83,56,76,94,146,42,156,9,91,100,74,126,3,68,97,175,99,115,101,26,192,104,195,33,127,70,181,41,96,112,69,190,10,167,164,118,86,151,121,122,123,159,125,39,182,111,64,130,54,6,129,133,103,136,137,138,20,196,32,189,46,197,145,109,147,169,50,150,24,152,84,31,193,93,27,155,171,0,154,166,143,16,55,95,57,49,148,170,114,168,124,174,1,176,92,178,179,180,90,161,183,184,134,186,107,188,142,44,116,18,158,21,177,157,144,78,8,];False
4606;9676;14282;[81,88,15,162,110,5,132,32,85,14,187,29,35,13,153,199,108,17,72,19,172,194,22,23,117,191,140,7,43,11,30,102,12,135,34,185,36,37,38,75,40,165,151,52,163,45,25,47,48,139,62,119,125,128,53,120,79,51,58,59,131,61,149,63,2,167,66,67,60,113,160,105,106,73,98,65,71,77,89,198,80,87,82,83,56,76,94,146,42,156,9,91,100,74,126,3,68,97,175,99,115,101,26,192,104,195,33,127,70,181,41,96,112,69,190,10,173,164,118,86,4,121,122,123,159,28,39,182,111,64,130,54,6,129,133,103,136,137,138,20,196,141,189,46,197,145,109,147,169,50,150,24,152,84,31,193,93,27,155,171,0,154,166,57,16,55,95,143,49,148,170,114,168,124,174,1,176,92,178,179,180,90,161,183,184,134,186,107,188,142,44,116,18,158,21,177,157,144,78,8,];False
4569;9713;14282;[81,88,73,162,110,5,132,32,85,14,187,29,35,13,153,199,108,17,72,19,172,194,22,23,117,191,140,7,43,11,30,102,12,135,34,185,36,37,38,75,40,165,4,52,163,45,25,47,48,139,62,119,28,128,53,120,79,51,58,59,131,61,149,63,2,173,66,67,60,113,160,105,106,15,98,65,71,77,89,198,80,87,82,83,56,76,94,146,42,156,9,91,100,74,126,3,68,97,175,99,115,101,26,192,104,195,33,127,70,181,41,96,112,69,190,10,167,164,118,86,151,121,122,123,159,125,39,182,111,64,137,54,6,129,133,103,136,130,138,20,196,141,189,46,197,145,109,147,169,50,150,24,152,84,31,193,93,27,155,171,0,154,166,143,16,55,95,57,49,148,170,114,168,124,174,1,176,92,178,179,180,90,161,183,184,134,186,107,188,142,44,116,18,158,21,177,157,144,78,8,];False
4587;9695;14282;[81,88,73,162,110,5,132,32,85,14,187,29,35,13,153,199,108,17,72,19,172,194,22,23,117,191,140,7,43,11,30,102,12,135,34,185,36,37,38,75,40,165,4,52,163,45,25,47,48,139,62,119,28,128,53,120,79,51,58,59,131,61,149,63,2,173,66,67,60,113,160,105,106,15,98,65,71,77,89,198,80,87,82,154,56,76,94,146,42,156,9,91,100,74,126,3,68,97,175,99,115,101,26,192,104,195,33,127,70,181,41,96,112,69,190,10,167,164,118,86,151,121,122,123,159,125,39,182,111,64,130,54,6,129,133,103,136,137,138,20,196,141,189,46,197,145,109,147,169,50,150,24,152,84,31,193,93,27,155,171,0,83,166,143,16,55,95,57,49,148,170,114,168,124,174,1,176,92,178,179,180,90,161,183,184,134,186,107,188,142,44,116,18,158,21,177,157,144,78,8,];False
4571;9710;14281;[81,88,73,162,110,5,132,32,85,14,187,29,35,13,153,199,108,17,72,19,172,194,22,23,117,191,140,7,43,11,30,102,4,135,34,185,36,37,38,75,40,165,12,52,163,45,25,47,48,139,62,119,28,128,53,120,79,51,58,59,131,61,149,63,2,173,66,67,60,113,160,105,106,15,98,65,71,77,89,198,80,87,82,83,56,76,94,146,42,156,9,91,100,74,126,3,68,97,175,99,115,101,26,192,104,195,33,127,70,181,41,96,112,69,190,10,167,164,118,86,151,121,122,123,159,125,39,182,111,64,130,54,6,129,133,103,136,137,138,20,196,141,189,46,197,145,109,147,169,50,150,24,152,84,31,193,93,27,155,171,0,154,166,143,16,55,95,57,49,148,170,114,168,124,174,1,176,92,178,179,180,90,161,183,184,134,186,107,188,142,44,116,18,158,21,177,157,144,78,8,];False
4476;9805;14281;[81,88,73,162,110,5,132,32,85,14,187,29,35,13,72,199,108,17,153,19,172,194,22,23,117,191,140,7,43,11,30,102,12,135,34,185,36,37,38,75,40,165,4,52,163,45,25,47,48,139,62,119,28,128,53,120,79,168,58,59,131,130,149,63,2,173,66,67,60,125,160,105,106,15,98,65,71,77,89,198,80,87,82,83,56,76,94,146,42,156,9,91,100,74,126,3,68,97,175,99,115,101,26,192,104,195,33,127,70,181,41,96,112,69,190,10,167,164,118,86,151,121,122,123,159,113,39,182,111,64,61,54,6,129,133,103,136,137,138,20,196,141,189,46,197,145,109,147,169,50,150,24,152,84,31,193,93,27,155,171,0,154,166,143,16,55,95,57,49,148,170,114,51,124,174,1,176,92,178,179,180,90,161,183,184,134,186,107,188,142,44,116,18,158,21,177,157,144,78,8,];False
4554;9726;14280;[81,88,73,162,110,5,132,32,85,14,187,29,35,13,153,199,108,17,72,19,172,194,22,23,117,191,140,7,43,11,30,102,12,135,74,185,36,37,38,75,40,165,4,52,163,45,25,47,48,139,62,119,28,128,53,120,79,51,58,59,131,61,149,63,2,167,66,67,60,113,160,105,106,15,98,65,71,77,89,198,80,87,82,83,56,76,94,146,42,156,9,91,100,34,126,3,68,97,175,99,115,101,26,192,104,195,33,127,70,181,41,96,112,69,190,10,173,164,118,86,151,121,122,123,159,125,39,182,111,64,130,54,6,129,133,103,136,137,138,20,196,141,189,46,197,145,109,147,169,50,150,24,152,84,31,193,93,27,155,171,0,154,166,143,16,55,95,57,49,148,170,114,168,124,174,1,176,92,178,179,180,90,161,183,184,134,186,107,188,142,44,116,18,158,21,177,157,144,78,8,];False
4557;9723;14280;[81,88,73,162,110,5,132,32,85,14,187,29,35,13,153,199,108,17,72,19,172,194,22,23,117,191,140,7,43,11,30,102,12,135,34,185,36,37,38,75,40,165,4,52,163,45,25,47,48,139,62,119,28,128,53,120,79,51,58,59,131,61,149,63,2,167,66,67,60,113,160,105,106,15,98,65,71,77,89,198,80,87,82,83,56,76,94,146,42,156,9,91,100,74,126,179,68,97,175,99,115,101,26,192,104,195,33,127,70,181,41,96,112,69,190,10,173,164,118,86,151,121,122,123,159,125,39,182,111,64,130,54,6,129,133,103,136,137,138,20,196,141,189,46,197,145,109,147,169,50,150,24,152,84,31,193,93,27,155,171,0,154,166,143,16,55,95,57,49,148,170,114,168,124,174,1,176,92,178,3,180,90,161,183,184,134,186,107,188,142,44,116,18,158,21,177,157,144,78,8,];False
4603;9677;14280;[81,88,15,162,110,5,132,32,85,14,187,29,35,13,153,199,108,17,72,19,172,194,22,23,117,191,140,7,43,11,30,102,12,135,34,185,36,37,38,75,40,165,4,52,163,45,25,47,48,139,62,119,28,128,53,120,79,51,58,59,131,61,149,63,2,167,66,67,60,113,160,105,106,73,98,65,71,77,89,198,80,87,82,83,112,76,94,146,42,156,9,91,100,74,126,3,68,97,175,99,115,101,26,192,104,195,33,127,70,181,41,96,56,69,190,10,173,164,118,86,151,121,122,123,159,125,39,182,111,64,130,54,6,129,133,103,136,137,138,20,196,141,189,46,197,145,109,147,169,50,150,24,152,84,31,193,93,27,155,171,0,154,166,57,16,55,95,143,49,148,170,114,168,124,174,1,176,92,178,179,180,90,161,183,184,134,186,107,188,142,44,116,18,158,21,177,157,144,78,8,];False
4487;9793;14280;[81,88,73,162,110,5,132,32,85,14,187,29,35,13,153,199,108,43,72,19,172,194,22,23,117,191,140,7,17,11,30,102,12,135,34,185,36,37,38,75,40,165,4,52,163,45,25,47,48,139,62,119,28,128,53,120,79,51,58,59,131,61,149,63,2,173,66,67,60,125,160,105,106,15,98,65,71,77,89,198,80,87,82,83,56,76,94,146,42,156,9,91,100,74,126,3,68,97,175,99,115,101,26,192,104,195,33,127,70,181,41,96,112,69,190,10,167,164,118,86,151,121,122,123,159,113,39,182,111,64,130,54,6,129,133,103,136,137,138,20,196,141,189,46,197,145,109,147,169,50,150,24,152,84,31,193,93,27,155,171,0,154,166,143,16,55,95,57,49,148,170,114,168,124,174,1,176,92,178,179,180,90,161,183,184,134,186,107,188,142,44,116,18,158,21,177,157,144,78,8,];False
4537;9742;14279;[81,88,73,162,110,5,132,32,85,14,187,29,35,13,153,199,108,17,72,19,172,97,22,23,117,191,140,7,43,11,30,102,12,135,34,185,36,37,38,75,40,165,4,52,163,45,25,47,48,139,62,119,28,128,53,120,79,51,58,59,131,61,149,63,2,173,66,67,60,125,160,105,106,15,98,65,71,77,89,198,80,87,82,83,56,76,94,146,42,156,9,91,100,74,126,3,68,194,175,99,115,101,26,192,104,195,33,127,70,181,41,96,112,69,190,10,167,164,118,86,151,121,122,123,159,113,39,182,111,64,130,54,6,129,133,103,136,137,138,20,196,141,189,46,197,145,109,147,169,50,150,24,152,84,31,193,93,27,155,171,0,154,166,143,16,55,95,57,49,148,170,114,168,124,174,1,176,92,178,179,180,90,161,183,184,134,186,107,188,142,44,116,18,158,21,177,157,144,78,8,];False
4568;9711;14279;[81,88,73,162,110,5,132,32,85,14,187,29,35,13,153,199,108,17,72,19,172,194,22,23,117,191,140,7,43,11,30,102,12,135,34,185,36,37,38,75,40,165,4,159,163,45,25,47,48,139,62,119,28,128,53,120,79,51,58,59,131,61,149,63,2,167,66,67,60,113,160,105,106,15,98,65,71,77,89,198,80,87,82,83,56,76,94,146,42,156,9,91,100,74,126,3,68,97,175,99,115,101,26,192,104,195,33,127,70,181,41,96,112,69,190,10,173,164,118,86,151,121,122,123,52,125,39,182,111,64,130,54,6,129,133,103,136,137,138,20,196,141,189,46,197,145,109,147,169,50,150,24,152,84,31,193,93,27,155,171,0,154,166,143,16,55,95,57,49,148,170,114,168,124,174,1,176,92,178,179,180,90,161,183,184,134,186,107,188,142,44,116,18,158,21,177,157,144,78,8,];False
4517;9761;14278;[81,88,73,162,110,5,132,32,85,14,187,29,35,13,153,199,108,17,72,19,172,194,22,23,117,191,140,7,43,11,30,102,12,135,34,185,36,37,38,75,40,165,4,52,163,45,25,47,48,139,62,119,28,128,53,120,79,168,58,59,131,61,149,63,2,173,66,67,60,125,160,105,106,15,98,65,71,77,89,198,80,87,82,83,56,76,94,146,42,156,9,91,100,74,126,3,68,1,175,99,115,101,26,192,104,195,33,127,70,181,41,96,112,69,190,10,167,164,118,86,151,121,122,123,159,113,39,182,111,64,130,54,6,129,133,103,136,137,138,20,196,141,189,46,197,145,109,147,169,50,150,24,152,84,31,193,93,27,155,171,0,154,166,143,16,55,95,57,49,148,170,114,51,124,174,97,176,92,178,179,180,90,161,183,184,134,186,107,188,142,44,116,18,158,21,177,157,144,78,8,];False
4594;9682;14276;[81,88,15,162,110,5,132,32,85,14,187,29,35,13,153,199,108,17,72,19,172,194,22,23,117,191,140,7,134,11,30,102,12,135,34,185,36,37,38,75,40,165,151,52,163,45,25,47,48,139,62,119,28,128,53,120,79,51,58,59,131,61,149,63,2,167,66,67,60,113,160,105,106,73,98,65,71,77,89,198,80,87,82,83,56,76,94,146,42,156,9,91,100,74,126,3,68,97,175,99,115,101,26,192,104,195,33,127,70,181,41,96,112,69,190,10,173,164,118,86,4,121,122,123,159,125,39,182,111,64,130,54,6,129,133,103,136,137,138,20,196,141,189,46,197,145,109,147,169,50,150,24,152,84,31,193,93,27,155,171,0,154,166,57,16,55,95,143,49,148,170,114,168,124,174,1,176,92,178,179,180,90,161,183,184,43,186,107,188,142,44,116,18,158,21,177,157,144,78,8,];False
4533;9743;14276;[81,88,73,162,110,5,132,32,85,14,187,29,35,13,153,199,108,17,72,19,172,194,22,23,117,191,140,7,43,11,30,102,12,135,34,185,36,37,38,75,40,165,4,52,163,45,25,47,48,139,62,119,28,128,53,120,79,51,58,59,131,61,149,63,2,173,66,67,60,113,160,105,106,15,98,65,71,77,89,198,80,87,82,83,56,76,94,146,42,156,9,91,100,74,126,3,68,97,175,99,115,101,26,192,104,195,33,127,70,181,41,96,112,69,190,10,167,164,118,86,151,121,122,123,159,125,39,182,111,64,130,54,6,129,133,103,136,137,138,20,196,141,189,46,197,145,144,147,169,50,150,24,152,84,31,193,93,27,155,171,0,154,166,143,16,55,95,57,49,148,170,114,168,124,174,1,176,92,178,179,180,90,161,183,184,134,186,107,188,142,44,116,18,158,21,177,157,109,78,8,];False
4580;9696;14276;[81,88,73,162,110,5,132,32,85,14,187,29,35,13,153,199,108,17,72,19,172,194,22,23,117,191,165,7,43,11,30,102,12,135,34,185,36,37,38,75,40,140,4,52,163,45,25,47,48,139,62,119,28,128,53,120,79,51,58,59,131,61,149,63,2,173,66,67,60,113,160,105,106,15,98,65,71,77,89,198,80,87,82,83,56,76,94,146,42,156,9,91,100,74,126,3,68,97,175,99,115,101,26,192,104,195,33,127,70,181,41,96,112,69,190,10,167,164,118,86,151,121,122,123,159,125,39,182,111,64,130,54,6,129,133,103,136,137,138,20,196,141,189,46,197,145,109,147,169,50,150,24,152,84,31,193,93,27,155,171,0,154,166,143,16,55,95,57,49,148,170,114,168,124,174,1,176,92,178,179,180,90,161,183,184,134,186,107,188,142,44,116,18,158,21,177,157,144,78,8,];False
4621;9653;14274;[81,88,15,162,110,5,132,32,85,14,187,29,35,13,153,199,108,17,72,19,172,194,22,23,117,191,140,7,43,11,30,102,12,135,34,185,36,37,38,75,40,165,151,52,163,45,25,47,48,139,62,119,28,128,53,120,79,51,58,59,131,61,149,63,2,167,66,67,60,113,160,105,106,73,98,65,71,77,89,198,80,87,82,83,56,76,94,146,42,156,9,91,100,74,126,3,68,97,175,99,115,101,26,192,104,195,33,127,70,181,41,96,112,69,190,10,173,164,118,86,4,121,122,123,159,125,39,182,111,64,130,54,6,129,133,103,136,137,138,20,196,141,189,46,154,145,109,147,169,50,150,24,152,84,31,193,93,27,155,171,0,197,166,57,16,55,95,143,49,148,170,114,168,124,174,1,176,92,178,179,180,90,161,183,184,134,186,107,188,142,44,116,18,158,21,177,157,144,78,8,];False
4562;9710;14272;[81,88,73,162,110,5,132,32,85,14,187,29,35,13,153,199,108,17,72,19,172,194,22,23,117,191,140,7,43,11,30,102,12,135,34,185,36,37,38,75,40,165,4,52,163,45,25,47,48,139,62,119,28,128,53,120,79,51,58,59,131,61,149,63,2,167,66,67,60,113,160,105,106,15,98,65,71,77,89,198,80,87,82,83,56,76,94,146,42,156,9,91,100,74,126,3,68,97,175,99,115,101,26,192,104,195,33,127,70,181,41,96,112,69,190,93,173,164,118,86,151,121,122,123,159,125,39,182,111,64,130,54,6,129,133,103,136,137,138,20,196,141,189,46,197,145,109,147,169,50,150,24,152,84,31,193,10,27,155,171,0,154,166,143,16,55,95,57,49,148,170,114,168,124,174,1,176,92,178,179,180,90,161,183,184,134,186,107,188,142,44,116,18,158,21,177,157,144,78,8,];False
4513;9759;14272;[81,88,73,162,110,5,132,32,85,14,187,29,35,13,153,199,108,17,72,19,172,194,22,23,117,191,140,7,43,11,30,102,12,135,34,185,36,37,38,75,40,165,4,52,163,45,25,47,48,139,62,119,28,128,53,120,79,51,58,59,131,61,149,63,124,167,66,67,60,113,160,105,106,15,98,65,71,77,89,198,80,87,82,83,56,76,94,146,42,156,9,91,100,74,126,3,68,97,175,99,115,101,26,192,104,195,33,127,70,181,41,96,112,69,190,10,173,164,118,86,151,121,122,123,159,125,39,182,111,64,130,54,6,129,133,103,136,137,138,20,196,141,189,46,197,145,109,147,169,50,150,24,152,84,31,193,93,27,155,171,0,154,166,143,16,55,95,57,49,148,170,114,168,2,174,1,176,92,178,179,180,90,161,183,184,134,186,107,188,142,44,116,18,158,21,177,157,144,78,8,];False
4563;9709;14272;[81,88,73,162,110,5,132,32,85,14,187,29,35,13,153,199,108,17,72,19,172,194,22,23,117,191,140,7,43,11,30,102,12,135,34,185,36,37,44,75,40,165,4,52,163,45,25,47,48,139,62,119,28,128,53,120,79,51,58,59,131,61,149,63,2,173,66,67,60,113,160,105,106,15,98,65,71,77,89,198,80,87,82,83,56,76,94,146,42,156,9,91,100,74,126,3,68,97,175,99,115,101,26,192,104,195,33,127,70,181,41,96,112,69,190,10,167,164,118,86,151,121,122,123,159,125,39,182,111,64,130,54,6,129,133,103,136,137,138,20,196,141,189,46,197,145,109,147,169,50,150,24,152,84,31,193,93,27,155,171,0,154,166,143,16,55,95,57,49,148,170,114,168,124,174,1,176,92,178,179,180,90,161,183,184,134,186,107,188,142,38,116,18,158,21,177,157,144,78,8,];False
4580;9691;14271;[81,88,15,162,110,5,132,32,85,14,187,29,35,13,153,199,108,17,72,19,172,194,22,23,117,191,140,7,43,11,30,53,12,135,34,185,36,37,38,75,40,165,4,52,163,45,25,47,48,139,62,119,28,128,102,120,79,51,58,59,131,61,149,63,2,167,66,67,60,113,160,105,106,73,98,65,71,77,89,198,80,87,82,83,56,76,94,146,42,156,9,91,100,74,126,3,68,97,175,99,115,101,26,192,104,195,33,127,70,181,41,96,112,69,190,10,173,164,118,86,151,121,122,123,159,125,39,182,111,64,130,54,6,129,133,103,136,137,138,20,196,141,189,46,197,145,109,147,169,50,150,24,152,84,31,193,93,27,155,171,0,154,166,57,16,55,95,143,49,148,170,114,168,124,174,1,176,92,178,179,180,90,161,183,184,134,186,107,188,142,44,116,18,158,21,177,157,144,78,8,];False
4567;9704;14271;[81,88,73,162,110,5,132,32,85,14,187,29,35,13,153,199,108,17,72,19,172,194,22,23,117,191,140,7,43,11,30,102,12,135,34,185,36,37,38,75,40,165,4,52,163,45,25,47,48,139,62,119,28,128,53,120,79,51,58,59,131,61,149,63,2,173,66,67,60,125,160,105,106,15,154,65,71,77,89,198,80,87,82,83,56,76,94,146,42,156,9,91,100,74,126,3,68,97,175,99,115,101,26,192,104,195,33,127,70,181,41,96,112,69,190,10,167,164,118,86,151,121,122,123,159,113,39,182,111,64,130,54,6,129,133,103,136,137,138,20,196,141,189,46,197,145,109,147,169,50,150,24,152,84,31,193,93,27,155,171,0,98,166,143,16,55,95,57,49,148,170,114,168,124,174,1,176,92,178,179,180,90,161,183,184,134,186,107,188,142,44,116,18,158,21,177,157,144,78,8,];False
4553;9717;14270;[81,88,73,162,110,5,132,32,85,14,187,29,35,13,153,199,108,17,72,19,172,194,22,23,117,191,140,7,43,11,30,102,12,135,34,185,36,37,38,75,40,165,4,52,163,45,25,47,48,139,62,119,28,128,53,120,79,51,58,59,131,61,149,63,2,167,66,67,60,113,160,105,106,15,98,65,71,77,89,198,80,87,93,83,56,76,94,146,42,156,9,91,100,74,126,3,68,97,175,99,115,101,26,192,104,195,33,127,70,181,41,96,112,69,190,10,173,164,118,86,151,121,122,123,159,125,39,182,111,64,130,54,6,129,133,103,136,137,138,20,196,141,189,46,197,145,109,147,169,50,150,24,152,84,31,193,82,27,155,171,0,154,166,143,16,55,95,57,49,148,170,114,168,124,174,1,176,92,178,179,180,90,161,183,184,134,186,107,188,142,44,116,18,158,21,177,157,144,78,8,];False
4535;9735;14270;[81,88,73,162,110,5,132,32,85,14,187,29,35,13,153,199,108,17,72,19,172,194,22,23,117,191,140,170,43,11,30,102,12,135,34,185,36,37,38,75,40,165,4,52,163,45,25,47,48,139,62,119,28,128,53,120,79,51,58,59,131,61,149,63,2,173,66,67,60,113,160,105,106,15,98,65,71,77,89,198,80,87,82,83,56,76,94,146,42,156,9,91,100,74,126,3,68,97,175,99,115,101,26,192,104,195,33,127,70,181,41,96,112,69,190,10,167,164,118,86,151,121,122,123,159,125,39,182,111,64,130,54,6,129,133,103,136,137,138,20,196,141,189,46,197,145,109,147,169,50,150,24,152,84,31,193,93,27,155,171,0,154,166,143,16,55,95,57,49,148,7,114,168,124,174,1,176,92,178,179,180,90,161,183,184,134,186,107,188,142,44,116,18,158,21,177,157,144,78,8,];False
4606;9663;14269;[81,88,15,162,110,5,132,32,85,14,187,29,35,13,153,199,108,17,72,19,172,194,22,23,117,191,140,7,43,11,30,102,12,135,34,185,36,37,38,75,40,165,4,52,163,45,25,47,48,139,62,119,28,128,53,120,79,51,58,59,131,61,149,63,2,167,66,67,60,113,160,105,106,73,98,65,71,77,89,198,80,87,82,83,56,76,94,146,42,156,9,91,100,74,126,3,68,97,175,99,115,101,26,192,104,195,33,127,70,181,41,96,112,69,190,10,173,164,118,86,151,121,122,123,159,125,39,182,111,64,130,54,6,129,133,103,136,137,138,20,196,141,189,46,197,145,109,147,169,50,150,24,152,84,31,193,93,27,155,171,0,154,166,57,16,55,95,143,49,148,170,116,168,124,174,1,176,92,178,179,180,90,161,183,184,134,186,107,188,142,44,114,18,158,21,177,157,144,78,8,];False
4543;9726;14269;[81,88,15,162,110,5,132,32,85,14,187,29,35,13,153,199,108,17,72,19,172,194,22,23,117,191,140,7,43,11,30,102,12,135,34,185,36,37,38,75,40,165,4,52,163,45,25,47,48,139,62,119,28,128,53,120,79,51,58,59,131,61,149,63,2,167,66,67,60,113,160,105,106,73,98,65,71,77,89,198,80,87,82,83,56,76,94,146,42,156,9,91,100,74,126,3,68,97,175,99,115,101,26,192,104,195,33,127,70,181,41,96,112,69,190,10,173,164,118,86,151,121,122,123,159,125,64,182,111,39,130,54,6,129,133,103,136,137,138,20,196,141,189,46,197,145,109,147,169,50,150,24,152,84,31,193,93,27,155,171,0,154,166,57,16,55,95,143,49,148,170,114,168,124,174,1,176,92,178,179,180,90,161,183,184,134,186,107,188,142,44,116,18,158,21,177,157,144,78,8,];False
4557;9711;14268;[81,88,73,162,110,5,132,32,85,14,187,29,35,13,153,199,108,17,72,19,172,194,22,23,117,191,145,7,43,11,30,102,12,135,34,185,36,37,38,75,40,165,4,52,163,45,25,47,48,139,62,119,28,128,53,120,79,51,58,59,131,61,149,63,2,173,66,67,60,113,160,105,106,15,98,65,71,77,89,198,80,87,82,83,56,76,94,146,42,156,9,91,100,74,126,3,68,97,175,99,115,101,26,192,104,195,33,127,70,181,41,96,112,69,190,10,167,164,118,86,151,121,122,123,159,125,39,182,111,64,130,54,6,129,133,103,136,137,138,20,196,141,189,46,197,140,109,147,169,50,150,24,152,84,31,193,93,27,155,171,0,154,166,143,16,55,95,57,49,148,170,114,168,124,174,1,176,92,178,179,180,90,161,183,184,134,186,107,188,142,44,116,18,158,21,177,157,144,78,8,];False
4602;9666;14268;[81,88,15,162,110,5,132,32,85,14,187,29,35,13,153,199,108,17,72,19,172,126,22,23,117,191,140,7,43,11,30,102,12,135,34,185,36,37,38,75,40,165,151,52,163,45,25,47,48,139,62,119,28,128,53,120,79,51,58,59,131,61,149,63,2,167,66,67,60,113,160,105,106,73,98,65,71,77,89,198,80,87,82,83,56,76,94,146,42,156,9,91,100,74,194,3,68,97,175,99,115,101,26,192,104,195,33,127,70,181,41,96,112,69,190,10,173,164,118,86,4,121,122,123,159,125,39,182,111,64,130,54,6,129,133,103,136,137,138,20,196,141,189,46,197,145,109,147,169,50,150,24,152,84,31,193,93,27,155,171,0,154,166,57,16,55,95,143,49,148,170,114,168,124,174,1,176,92,178,179,180,90,161,183,184,134,186,107,188,142,44,116,18,158,21,177,157,144,78,8,];False
4521;9747;14268;[81,88,73,162,110,5,132,32,85,14,187,29,35,13,153,199,108,17,72,19,172,194,22,23,117,191,140,7,43,11,30,102,12,135,34,185,36,37,38,75,40,165,4,52,163,45,25,47,48,139,62,119,28,128,53,120,79,51,58,59,131,61,149,63,2,167,66,67,60,113,160,105,134,15,98,65,71,77,89,198,80,87,82,83,56,76,94,146,42,156,9,91,100,74,126,3,68,97,175,99,115,101,26,192,104,195,33,127,70,181,41,96,112,69,190,10,173,164,118,86,151,121,122,123,159,125,39,182,111,64,130,54,6,129,133,103,136,137,138,20,196,141,189,46,197,145,109,147,169,50,150,24,152,84,31,193,93,27,155,171,0,154,166,143,16,55,95,57,49,148,170,114,168,124,174,1,176,92,178,179,180,90,161,183,184,106,186,107,188,142,44,116,18,158,21,177,157,144,78,8,];False
4541;9727;14268;[81,88,73,162,110,5,132,32,85,14,187,29,35,13,153,199,108,17,72,120,172,194,22,23,117,191,140,7,43,11,30,102,12,135,34,185,36,37,38,75,40,165,4,52,163,45,25,47,48,139,62,119,28,128,53,19,79,51,58,59,131,61,149,63,2,173,66,67,60,113,160,105,106,15,98,65,71,77,89,198,80,87,82,83,56,76,94,146,42,156,9,91,100,74,126,3,68,97,175,99,115,101,26,192,104,195,33,127,70,181,41,96,112,69,190,10,167,164,118,86,151,121,122,123,159,125,39,182,111,64,130,54,6,129,133,103,136,137,138,20,196,141,189,46,197,145,109,147,169,50,150,24,152,84,31,193,93,27,155,171,0,154,166,143,16,55,95,57,49,148,170,114,168,124,174,1,176,92,178,179,180,90,161,183,184,134,186,107,188,142,44,116,18,158,21,177,157,144,78,8,];False
4589;9677;14266;[81,88,15,162,110,5,132,32,85,14,187,29,35,13,153,199,108,17,72,19,172,194,22,23,117,191,140,7,43,11,30,102,12,135,34,185,36,37,38,75,40,165,4,52,163,45,25,47,48,139,62,119,28,128,53,120,160,51,58,59,131,61,149,63,2,167,66,67,60,113,79,105,106,73,98,65,71,77,89,198,80,87,82,83,56,76,94,146,42,156,9,91,100,74,126,3,68,97,175,99,115,101,26,192,104,195,33,127,70,181,41,96,112,69,190,10,173,164,118,86,151,121,122,123,159,125,39,182,111,64,130,54,6,129,133,103,136,137,138,20,196,141,189,46,197,145,109,147,169,50,150,24,152,84,31,193,93,27,155,171,0,154,166,57,16,55,95,143,49,148,170,114,168,124,174,1,176,92,178,179,180,90,161,183,184,134,186,107,188,142,44,116,18,158,21,177,157,144,78,8,];False
4594;9672;14266;[81,88,15,162,110,5,132,32,85,14,187,29,35,13,153,199,108,17,72,19,172,194,22,23,117,191,140,7,43,11,30,102,12,135,34,185,36,37,38,75,40,165,4,52,163,45,25,47,48,139,62,119,28,128,53,120,79,51,58,59,131,61,149,63,2,167,66,67,60,113,160,105,106,73,98,65,71,77,89,198,80,87,82,83,56,76,94,146,42,156,9,91,100,74,126,3,68,97,175,99,115,101,26,192,104,195,33,127,70,181,41,96,112,69,190,10,173,164,118,86,151,121,122,123,159,125,39,182,111,64,130,54,6,129,133,103,136,137,138,20,196,141,189,46,197,145,109,147,169,50,150,24,152,84,31,193,93,27,155,171,0,8,166,57,16,55,95,143,49,148,170,114,168,124,174,1,176,92,178,179,180,90,161,183,184,134,186,107,188,142,44,116,18,158,21,177,157,144,78,154,];False
4524;9742;14266;[81,88,73,162,110,5,132,32,85,14,187,29,35,13,153,199,108,17,72,19,172,194,22,23,117,191,140,7,43,11,30,102,12,135,34,185,36,37,38,75,40,165,4,52,163,45,25,47,48,139,62,119,28,128,53,120,79,51,58,59,131,61,149,63,2,167,66,67,60,113,160,105,106,15,98,65,71,77,89,198,80,87,82,83,56,76,94,146,42,156,9,91,100,74,126,3,68,97,175,99,115,101,26,192,104,195,33,127,70,181,41,96,112,69,190,10,173,164,118,86,151,121,122,123,159,125,39,182,111,64,130,54,6,129,133,103,136,137,138,20,196,141,189,46,197,145,109,147,169,50,150,24,152,84,31,193,93,27,155,171,0,154,166,57,16,55,95,143,49,148,170,114,168,134,174,1,176,92,178,179,180,90,161,183,184,124,186,107,188,142,44,116,18,158,21,177,157,144,78,8,];False
4475;9791;14266;[81,88,73,162,110,5,132,32,85,14,187,29,35,13,153,199,108,17,11,19,172,194,22,23,117,191,140,7,43,72,30,102,12,135,34,185,36,37,38,75,40,165,4,52,163,45,25,47,48,139,62,119,28,128,53,120,79,51,58,59,131,61,149,63,2,167,66,67,60,113,160,105,106,15,98,65,71,77,89,198,80,87,82,83,56,76,94,146,42,156,9,91,100,74,126,3,68,97,175,99,115,101,26,192,104,195,33,127,70,181,41,96,112,69,190,10,173,164,118,86,151,121,122,123,159,125,39,182,111,64,130,54,6,129,133,103,136,137,138,20,196,141,189,46,197,145,109,147,169,50,150,24,152,84,31,193,93,27,155,171,0,154,166,143,16,55,95,57,49,148,170,114,168,124,174,1,176,92,178,179,180,90,161,183,184,134,186,107,188,142,44,116,18,158,21,177,157,144,78,8,];False
4529;9736;14265;[81,88,73,162,110,5,132,32,85,14,187,29,35,13,153,199,108,17,72,19,172,194,22,23,117,191,140,7,43,11,30,102,12,135,34,185,36,37,38,75,40,165,4,52,163,45,25,47,48,139,62,119,28,124,53,120,79,51,58,59,131,61,149,63,2,167,66,67,60,113,160,105,106,15,98,65,71,77,89,198,80,87,82,83,56,76,94,146,42,156,9,91,100,74,126,3,68,97,175,99,115,101,26,192,104,195,33,127,70,181,41,96,112,69,190,10,173,164,118,86,151,121,122,123,159,125,39,182,111,64,130,54,6,129,133,103,136,137,138,20,196,141,189,46,197,145,109,147,169,50,150,24,152,84,31,193,93,27,155,171,0,154,166,143,16,55,95,57,49,148,170,114,168,128,174,1,176,92,178,179,180,90,161,183,184,134,186,107,188,142,44,116,18,158,21,177,157,144,78,8,];False
4549;9716;14265;[81,88,73,162,110,5,132,32,85,14,187,29,35,13,153,199,108,17,72,19,172,194,22,23,117,191,140,7,43,11,30,102,12,135,34,185,36,37,38,75,40,165,4,52,163,45,25,47,48,139,62,119,28,128,53,120,79,51,58,59,131,61,149,63,2,167,66,67,60,113,160,105,106,15,98,65,71,77,89,198,80,87,82,83,56,76,94,146,42,112,9,91,100,74,126,3,68,97,175,99,115,101,26,192,104,195,33,127,70,181,41,96,156,69,190,10,173,164,118,86,151,121,122,123,159,125,39,182,111,64,130,54,6,129,133,103,136,137,138,20,196,141,189,46,197,145,109,147,169,50,150,24,152,84,31,193,93,27,155,171,0,154,166,143,16,55,95,57,49,148,170,114,168,124,174,1,176,92,178,179,180,90,161,183,184,134,186,107,188,142,44,116,18,158,21,177,157,144,78,8,];False
4501;9764;14265;[81,88,73,162,110,5,132,32,85,14,187,29,35,13,153,199,108,17,72,19,172,194,22,23,117,191,140,7,43,11,30,102,12,135,34,185,36,112,38,75,40,165,4,52,163,45,25,47,48,139,62,119,28,128,53,120,79,51,58,59,131,61,149,63,2,173,66,67,60,113,160,105,106,15,98,65,71,77,89,198,80,87,82,83,56,76,94,146,42,156,9,91,100,74,126,3,68,97,175,99,115,101,26,192,104,195,33,127,70,181,41,96,37,69,190,10,167,164,118,86,151,121,122,123,159,125,39,182,111,64,130,54,6,129,133,103,136,137,138,20,196,141,189,46,197,145,109,147,169,50,150,24,152,84,31,193,93,27,155,171,0,154,166,143,16,55,95,57,49,148,170,114,168,124,174,1,176,92,178,179,180,90,161,183,184,134,186,107,188,142,44,116,18,158,21,177,157,144,78,8,];False
4526;9738;14264;[81,88,73,162,110,5,132,32,85,14,187,29,35,13,153,199,108,17,72,19,172,194,22,23,117,191,140,7,43,11,30,102,12,135,34,185,36,37,38,75,40,165,4,52,163,45,25,47,48,139,62,119,28,128,53,120,79,51,58,59,131,61,149,63,2,167,66,67,60,113,160,105,106,15,98,65,71,77,89,198,80,87,82,83,56,76,94,146,42,156,9,91,100,74,126,3,68,97,175,99,141,101,26,192,104,195,33,127,70,181,41,96,112,69,190,10,173,164,118,86,151,121,122,123,159,125,39,182,111,64,130,54,6,129,133,103,136,137,138,20,196,115,189,46,197,145,109,147,169,50,150,24,152,84,31,193,93,27,155,171,0,154,166,143,16,55,95,57,49,148,170,114,168,124,174,1,176,92,178,179,180,90,161,183,184,134,186,107,188,142,44,116,18,158,21,177,157,144,78,8,];False
4561;9703;14264;[81,88,73,162,110,5,132,32,85,14,187,29,35,13,153,199,108,17,72,19,172,194,22,23,117,191,140,7,43,11,30,102,12,135,34,185,36,37,38,75,40,165,4,52,163,45,25,47,48,139,62,119,28,128,53,120,79,51,58,59,131,61,149,63,2,167,66,67,60,113,160,105,106,15,98,65,71,77,89,198,80,87,82,83,56,76,94,146,42,156,9,91,100,74,126,3,68,97,175,99,115,101,26,192,104,195,33,127,70,181,41,96,112,69,190,10,173,164,118,86,151,121,122,123,159,125,39,182,111,64,130,54,6,129,133,103,136,137,138,20,196,141,189,46,197,145,109,147,107,50,150,24,152,84,31,193,93,27,155,171,0,154,166,143,16,55,95,57,49,148,170,114,168,124,174,1,176,92,178,179,180,90,161,183,184,134,186,169,188,142,44,116,18,158,21,177,157,144,78,8,];False
4549;9715;14264;[81,88,73,162,110,5,132,32,85,14,187,29,35,13,153,199,108,17,72,19,172,194,22,23,117,191,140,7,43,11,30,102,12,135,34,185,36,37,38,75,40,165,4,52,163,45,25,47,48,139,62,119,28,128,53,120,79,51,58,59,131,61,149,63,2,173,66,67,60,113,160,105,106,15,98,65,71,77,89,198,80,87,82,83,56,76,94,146,42,156,9,91,100,74,123,3,68,97,175,99,115,101,26,192,104,195,33,127,70,181,41,96,112,69,190,10,167,164,118,86,151,121,122,126,159,125,39,182,111,64,130,54,6,129,133,103,136,137,138,20,196,141,189,46,197,145,109,147,169,50,150,24,152,84,31,193,93,27,155,171,0,154,166,143,16,55,95,57,49,148,170,114,168,124,174,1,176,92,178,179,180,90,161,183,184,134,186,107,188,142,44,116,18,158,21,177,157,144,78,8,];False
4540;9723;14263;[81,88,73,162,110,5,132,32,85,14,187,29,35,13,153,199,108,17,72,19,172,194,22,23,117,191,140,7,43,11,30,102,12,135,34,96,36,37,38,75,40,165,4,52,163,45,25,47,48,139,62,119,28,128,53,120,79,51,58,59,131,61,149,63,2,167,66,67,60,113,160,105,106,15,98,65,71,77,89,198,80,87,82,83,56,76,94,146,42,156,9,91,100,74,126,3,68,97,175,99,115,101,26,192,104,195,33,127,70,181,41,185,112,69,190,10,173,164,118,86,151,121,122,123,159,125,39,182,111,64,130,54,6,129,133,103,136,137,138,20,196,141,189,46,197,145,109,147,169,50,150,24,152,84,31,193,93,27,155,171,0,154,166,143,16,55,95,57,49,148,170,114,168,124,174,1,176,92,178,179,180,90,161,183,184,134,186,107,188,142,44,116,18,158,21,177,157,144,78,8,];False
4576;9687;14263;[81,88,73,162,110,5,132,32,85,14,187,29,35,13,153,199,108,17,72,19,172,194,22,23,117,191,140,7,43,11,30,102,12,135,34,185,36,37,38,75,40,165,4,52,163,45,25,47,48,139,62,119,28,128,53,120,79,51,58,59,131,61,149,63,2,167,66,67,60,113,160,105,106,15,98,65,71,77,89,198,80,87,82,83,56,76,94,146,42,156,9,91,100,74,126,3,68,97,175,99,115,101,179,192,104,195,33,127,70,181,41,96,112,69,190,10,173,164,118,86,151,121,122,123,159,125,39,182,111,64,130,54,6,129,133,103,136,137,138,20,196,141,189,46,197,145,109,147,169,50,150,24,152,84,31,193,93,27,155,171,0,154,166,143,16,55,95,57,49,148,170,114,168,124,174,1,176,92,178,26,180,90,161,183,184,134,186,107,188,142,44,116,18,158,21,177,157,144,78,8,];False
4557;9706;14263;[81,88,73,162,110,5,132,32,85,14,187,29,35,13,153,199,108,17,72,19,172,194,22,23,117,191,140,7,43,11,30,102,12,135,34,185,36,37,38,75,40,165,4,52,163,45,25,47,48,139,62,119,28,128,53,120,79,51,58,59,131,61,149,63,2,167,66,67,60,113,160,105,106,15,98,65,71,77,89,198,80,87,82,83,56,76,168,146,42,156,9,91,100,74,126,3,68,97,175,99,115,101,26,192,104,195,33,127,70,181,41,96,112,69,190,10,173,164,118,86,151,121,122,123,159,125,39,182,111,64,130,54,6,129,133,103,136,137,138,20,196,141,189,46,197,145,109,147,169,50,150,24,152,84,31,193,93,27,155,171,0,154,166,143,16,55,95,57,49,148,170,114,94,124,174,1,176,92,178,179,180,90,161,183,184,134,186,107,188,142,44,116,18,158,21,177,157,144,78,8,];False
4519;9744;14263;[81,88,73,162,110,5,132,32,85,14,187,29,35,13,153,199,108,17,72,19,172,194,22,23,117,191,140,7,43,11,30,102,12,135,34,185,36,37,38,75,40,165,4,52,163,45,25,47,48,139,62,119,28,128,53,120,79,51,58,59,131,61,149,63,2,167,66,67,60,113,160,105,106,15,98,65,71,77,89,198,80,87,82,83,56,76,94,146,42,156,9,91,100,74,126,3,68,97,175,99,115,101,26,192,104,195,33,127,70,181,41,96,112,69,190,10,173,164,118,86,151,121,122,123,159,125,39,182,111,64,130,54,6,129,133,103,136,137,138,20,196,141,189,46,197,145,109,147,169,50,150,24,152,84,31,193,93,27,155,171,0,114,166,143,16,55,95,57,49,148,170,154,168,124,174,1,176,92,178,179,180,90,161,183,184,134,186,107,188,142,44,116,18,158,21,177,157,144,78,8,];False
4556;9705;14261;[81,88,73,162,110,5,132,32,85,14,187,29,35,13,153,199,108,17,72,19,172,194,22,23,117,191,140,76,43,11,30,102,12,135,34,185,36,37,38,75,40,165,4,52,163,45,25,47,48,139,62,119,28,128,53,120,79,51,58,59,131,61,149,63,2,173,66,67,60,125,160,105,106,15,98,65,71,77,89,198,80,87,82,83,56,7,94,146,42,156,9,91,100,74,126,3,68,97,175,99,115,101,26,192,104,195,33,127,70,181,41,96,112,69,190,10,167,164,118,86,151,121,122,123,159,113,39,182,111,64,130,54,6,129,133,103,136,137,138,20,196,141,189,46,197,145,109,147,169,50,150,24,152,84,31,193,93,27,155,171,0,154,166,143,16,55,95,57,49,148,170,114,168,124,174,1,176,92,178,179,180,90,161,183,184,134,186,107,188,142,44,116,18,158,21,177,157,144,78,8,];False
4520;9741;14261;[81,88,73,162,110,5,132,32,85,14,97,29,35,13,153,199,108,17,72,19,172,194,22,23,117,191,140,7,43,11,30,102,12,135,34,185,36,37,38,75,40,165,4,52,163,45,25,47,48,139,62,119,28,128,53,120,79,51,58,59,131,61,149,63,2,167,66,67,60,113,160,105,106,15,98,65,71,77,89,198,80,87,82,83,56,76,94,146,42,156,9,91,100,74,126,3,68,187,175,99,115,101,26,192,104,195,33,127,70,181,41,96,112,69,190,10,173,164,118,86,151,121,122,123,159,125,39,182,111,64,130,54,6,129,133,103,136,137,138,20,196,141,189,46,197,145,109,147,169,50,150,24,152,84,31,193,93,27,155,171,0,154,166,143,16,55,95,57,49,148,170,114,168,124,174,1,176,92,178,179,180,90,161,183,184,134,186,107,188,142,44,116,18,158,21,177,157,144,78,8,];False
4482;9779;14261;[81,88,73,162,110,5,132,32,85,14,187,29,35,13,153,199,108,17,72,11,172,194,22,23,117,191,140,7,43,19,30,102,12,135,34,185,36,37,38,75,40,165,4,52,163,45,25,47,48,139,62,119,28,128,53,120,79,168,58,59,131,61,149,63,2,173,66,67,60,125,160,105,106,15,98,65,71,77,89,198,80,87,82,83,56,76,94,146,42,156,9,91,100,74,126,3,68,97,175,99,115,101,26,192,104,195,33,127,70,181,41,96,112,69,190,10,167,164,118,86,151,121,122,123,159,113,39,182,111,64,130,54,6,129,133,103,136,137,138,20,196,141,189,46,197,145,109,147,169,50,150,24,152,84,31,193,93,27,155,171,0,154,166,143,16,55,95,57,49,148,170,114,51,124,174,1,176,92,178,179,180,90,161,183,184,134,186,107,188,142,44,116,18,158,21,177,157,144,78,8,];False
4527;9733;14260;[81,88,73,162,110,5,132,32,85,14,187,29,35,13,153,199,108,17,72,19,172,194,22,23,117,191,140,7,43,11,30,102,12,135,34,185,36,37,38,75,40,165,4,52,163,45,25,47,48,139,62,119,28,128,53,120,79,168,58,59,131,3,149,63,2,173,66,67,60,125,160,105,106,15,98,65,71,77,89,198,80,87,82,83,56,76,94,146,42,156,9,91,100,74,126,61,68,97,175,99,115,101,26,192,104,195,33,127,70,181,41,96,112,69,190,10,167,164,118,86,151,121,122,123,159,113,39,182,111,64,130,54,6,129,133,103,136,137,138,20,196,141,189,46,197,145,109,147,169,50,150,24,152,84,31,193,93,27,155,171,0,154,166,143,16,55,95,57,49,148,170,114,51,124,174,1,176,92,178,179,180,90,161,183,184,134,186,107,188,142,44,116,18,158,21,177,157,144,78,8,];False
4534;9726;14260;[81,187,73,162,110,5,132,32,85,14,88,29,35,13,153,199,108,17,72,19,172,194,22,23,117,191,140,7,43,11,30,102,12,135,34,185,36,37,38,75,40,165,4,52,163,45,25,47,48,139,62,119,28,128,53,120,79,51,58,59,131,61,149,63,2,167,66,67,60,113,160,105,106,15,98,65,71,77,89,198,80,87,82,83,56,76,94,146,42,156,9,91,100,74,126,3,68,97,175,99,115,101,26,192,104,195,33,127,70,181,41,96,112,69,190,10,173,164,118,86,151,121,122,123,159,125,39,182,111,64,130,54,6,129,133,103,136,137,138,20,196,141,189,46,197,145,109,147,169,50,150,24,152,84,31,193,93,27,155,171,0,154,166,143,16,55,95,57,49,148,170,114,168,124,174,1,176,92,178,179,180,90,161,183,184,134,186,107,188,142,44,116,18,158,21,177,157,144,78,8,];False
4551;9708;14259;[81,88,73,162,110,5,132,32,85,14,187,29,35,13,153,199,108,17,72,19,28,194,22,23,117,191,140,7,43,11,30,102,12,135,34,185,36,37,38,75,40,165,4,52,163,45,25,47,48,139,62,119,172,128,53,120,79,51,58,59,131,61,149,63,2,167,66,67,60,113,160,105,106,15,98,65,71,77,89,198,80,87,82,83,56,76,94,146,42,156,9,91,100,74,126,3,68,97,175,99,115,101,26,192,104,195,33,127,70,181,41,96,112,69,190,10,173,164,118,86,151,121,122,123,159,125,39,182,111,64,130,54,6,129,133,103,136,137,138,20,196,141,189,46,197,145,109,147,169,50,150,24,152,84,31,193,93,27,155,171,0,154,166,143,16,55,95,57,49,148,170,114,168,124,174,1,176,92,178,179,180,90,161,183,184,134,186,107,188,142,44,116,18,158,21,177,157,144,78,8,];False
4445;9814;14259;[81,88,73,162,110,5,132,32,85,14,187,29,35,13,72,199,108,17,153,19,172,194,22,23,117,191,140,7,43,11,30,102,12,135,34,185,36,37,38,75,40,165,4,52,163,45,25,47,48,139,62,119,28,128,53,120,79,168,58,59,131,61,149,63,2,173,66,67,60,125,160,105,106,15,98,65,71,77,89,198,80,87,82,83,56,76,94,146,42,156,9,91,100,74,126,3,68,97,175,99,115,101,26,192,124,195,33,127,70,181,41,96,112,69,190,10,167,164,118,86,151,121,122,123,159,113,39,182,111,64,130,54,6,129,133,103,136,137,138,20,196,141,189,46,197,145,109,147,169,50,150,24,152,84,31,193,93,27,155,171,0,154,166,143,16,55,95,57,49,148,170,114,51,104,174,1,176,92,178,179,180,90,161,183,184,134,186,107,188,142,44,116,18,158,21,177,157,144,78,8,];False
4581;9677;14258;[81,88,15,162,110,5,132,32,85,14,187,29,35,13,153,199,108,17,72,19,172,194,22,23,117,191,140,7,43,11,30,102,12,135,34,185,36,37,38,75,40,165,4,52,163,45,25,47,48,139,62,119,28,128,53,120,79,51,58,59,131,61,149,63,2,167,66,67,60,113,160,105,106,73,98,65,71,77,89,198,80,87,82,83,56,76,94,146,42,156,9,91,100,74,126,3,68,97,175,99,115,101,26,192,104,195,33,127,70,181,41,96,112,69,190,10,173,164,118,86,151,121,122,123,159,125,39,182,111,64,130,54,6,129,133,103,136,137,138,20,196,141,189,46,197,145,109,147,169,50,150,24,152,84,31,193,93,27,155,171,0,154,166,57,16,55,95,143,49,148,170,114,168,124,174,1,176,92,178,179,180,90,142,183,184,134,186,107,188,161,44,116,18,158,21,177,157,144,78,8,];False
4562;9696;14258;[81,88,73,162,110,5,132,32,85,14,187,29,35,13,153,199,108,17,72,19,172,194,22,23,117,191,140,7,43,11,30,102,12,135,34,185,36,37,38,75,40,165,4,123,163,45,25,47,48,139,62,119,28,128,53,120,79,51,58,59,131,61,149,63,2,167,66,67,60,113,160,105,106,15,98,65,71,77,89,198,80,87,82,83,56,76,94,146,42,156,9,91,100,74,126,3,68,97,175,99,115,101,26,192,104,195,33,127,70,181,41,96,112,69,190,10,173,164,118,86,151,121,122,52,159,125,39,182,111,64,130,54,6,129,133,103,136,137,138,20,196,141,189,46,197,145,109,147,169,50,150,24,152,84,31,193,93,27,155,171,0,154,166,143,16,55,95,57,49,148,170,114,168,124,174,1,176,92,178,179,180,90,161,183,184,134,186,107,188,142,44,116,18,158,21,177,157,144,78,8,];False
4539;9718;14257;[81,88,15,162,110,5,132,32,85,14,187,29,35,13,153,199,108,17,72,19,172,194,22,23,117,191,140,7,43,11,30,102,12,135,34,185,36,37,38,75,40,165,4,52,163,45,25,47,48,139,62,119,28,128,53,120,79,51,58,59,131,61,149,63,2,167,66,67,60,113,160,105,106,73,98,65,71,77,89,198,80,87,82,83,56,76,94,146,42,156,9,91,100,74,126,3,68,97,175,99,115,164,26,192,104,195,33,127,70,181,41,96,112,69,190,10,173,101,118,86,151,121,122,123,159,125,39,182,111,64,130,54,6,129,133,103,136,137,138,20,196,141,189,46,197,145,109,147,169,50,150,24,152,84,31,193,93,27,155,171,0,154,166,57,16,55,95,143,49,148,170,114,168,124,174,1,176,92,178,179,180,90,161,183,184,134,186,107,188,142,44,116,18,158,21,177,157,144,78,8,];False
4511;9746;14257;[81,88,73,162,110,5,132,32,85,14,187,29,35,13,153,199,108,17,72,19,172,194,22,23,117,191,140,7,43,11,30,102,12,135,34,185,36,37,38,75,138,165,4,52,163,45,25,47,48,139,62,119,28,128,53,120,79,51,58,59,131,61,149,63,2,173,66,67,60,113,160,105,106,15,98,65,71,77,89,198,80,87,82,83,56,76,94,146,42,156,9,91,100,74,126,3,68,97,175,99,115,101,26,192,104,195,33,127,70,181,41,96,112,69,190,10,167,164,118,86,151,121,122,123,159,125,39,182,111,64,130,54,6,129,133,103,136,137,40,20,196,141,189,46,197,145,109,147,169,50,150,24,152,84,31,193,93,27,155,171,0,154,166,143,16,55,95,57,49,148,170,114,168,124,174,1,176,92,178,179,180,90,161,183,184,134,186,107,188,142,44,116,18,158,21,177,157,144,78,8,];False
4546;9711;14257;[81,88,73,162,110,5,132,32,85,14,187,29,35,13,153,199,108,17,72,19,172,194,22,23,117,191,140,7,43,11,30,102,12,135,34,185,36,37,38,75,40,165,56,52,163,45,25,47,48,139,62,119,28,128,53,120,79,51,58,59,131,61,149,63,2,167,66,67,60,113,160,105,106,15,98,65,71,77,89,198,80,87,82,83,4,76,94,146,42,156,9,91,100,74,126,3,68,97,175,99,115,101,26,192,104,195,33,127,70,181,41,96,112,69,190,10,173,164,118,86,151,121,122,123,159,125,39,182,111,64,130,54,6,129,133,103,136,137,138,20,196,141,189,46,197,145,109,147,169,50,150,24,152,84,31,193,93,27,155,171,0,154,166,143,16,55,95,57,49,148,170,114,168,124,174,1,176,92,178,179,180,90,161,183,184,134,186,107,188,142,44,116,18,158,21,177,157,144,78,8,];False
4539;9718;14257;[81,88,73,162,110,5,132,32,85,14,187,29,35,13,153,199,108,17,72,19,172,194,22,23,117,191,140,7,43,11,30,102,12,135,34,185,36,37,38,75,40,165,4,52,163,45,25,47,48,139,62,119,28,128,53,120,79,51,58,59,131,61,149,63,2,173,66,67,60,113,160,105,106,15,98,65,71,77,89,198,80,87,82,83,56,76,94,146,42,156,9,91,100,74,126,3,68,97,175,99,115,101,26,192,104,195,33,127,70,181,123,96,112,69,190,10,167,164,118,86,151,121,122,41,159,125,39,182,111,64,130,54,6,129,133,103,136,137,138,20,196,141,189,46,197,145,109,147,169,50,150,24,152,84,31,193,93,27,155,171,0,154,166,143,16,55,95,57,49,148,170,114,168,124,174,1,176,92,178,179,180,90,161,183,184,134,186,107,188,142,44,116,18,158,21,177,157,144,78,8,];False
4545;9712;14257;[81,88,73,162,110,5,132,32,85,14,187,29,35,13,153,199,108,17,72,19,172,194,22,23,117,191,140,7,43,11,30,102,12,135,34,185,36,37,38,75,40,165,4,52,163,45,25,47,48,139,62,119,28,128,53,120,79,51,58,59,131,61,149,63,2,167,66,101,60,113,160,105,106,15,98,65,71,77,89,198,80,87,82,83,56,76,94,146,42,156,9,91,100,74,126,3,68,97,175,99,115,67,26,192,104,195,33,127,70,181,41,96,112,69,190,10,173,164,118,86,151,121,122,123,159,125,39,182,111,64,130,54,6,129,133,103,136,137,138,20,196,141,189,46,197,145,109,147,169,50,150,24,152,84,31,193,93,27,155,171,0,154,166,143,16,55,95,57,49,148,170,114,168,124,174,1,176,92,178,179,180,90,161,183,184,134,186,107,188,142,44,116,18,158,21,177,157,144,78,8,];False
4533;9722;14255;[81,88,73,162,110,5,132,32,85,14,187,29,35,13,153,199,108,17,72,19,172,194,22,23,117,191,140,7,43,11,30,102,12,135,34,185,36,37,38,75,40,165,4,52,163,45,25,47,48,139,62,119,28,128,106,120,79,51,58,59,131,61,149,63,2,167,66,67,60,113,160,105,53,15,98,65,71,77,89,198,80,87,82,83,56,76,94,146,42,156,9,91,100,74,126,3,68,97,175,99,115,101,26,192,104,195,33,127,70,181,41,96,112,69,190,10,173,164,118,86,151,121,122,123,159,125,39,182,111,64,130,54,6,129,133,103,136,137,138,20,196,141,189,46,197,145,109,147,169,50,150,24,152,84,31,193,93,27,155,171,0,154,166,143,16,55,95,57,49,148,170,114,168,124,174,1,176,92,178,179,180,90,161,183,184,134,186,107,188,142,44,116,18,158,21,177,157,144,78,8,];False
4565;9690;14255;[81,88,73,162,110,5,132,32,85,14,187,29,35,13,153,199,108,17,72,19,172,194,22,23,117,191,140,7,43,11,30,102,12,135,34,185,36,37,38,75,40,165,4,52,163,45,25,47,48,139,62,119,28,128,53,120,79,51,58,59,131,61,149,63,2,167,66,67,60,113,160,105,106,15,98,65,71,77,89,198,80,87,82,83,56,76,94,146,42,156,9,91,100,74,126,3,68,97,175,99,115,101,26,192,104,195,33,127,70,181,41,96,112,69,190,10,173,164,118,86,151,121,107,123,159,125,39,182,111,64,130,54,6,129,133,103,136,137,138,20,196,141,189,46,197,145,109,147,169,50,150,24,152,84,31,193,93,27,155,171,0,154,166,143,16,55,95,57,49,148,170,114,168,124,174,1,176,92,178,179,180,90,161,183,184,134,186,122,188,142,44,116,18,158,21,177,157,144,78,8,];False
4538;9716;14254;[81,88,73,162,110,5,132,32,85,14,187,29,35,13,153,199,108,17,72,19,82,194,22,23,117,191,140,7,43,11,30,102,12,135,34,185,36,37,38,75,40,165,4,52,163,45,25,47,48,139,62,119,28,128,53,120,79,51,58,59,131,61,149,63,2,167,66,67,60,113,160,105,106,15,98,65,71,77,89,198,80,87,172,83,56,76,94,146,42,156,9,91,100,74,126,3,68,97,175,99,115,101,26,192,104,195,33,127,70,181,41,96,112,69,190,10,173,164,118,86,151,121,122,123,159,125,39,182,111,64,130,54,6,129,133,103,136,137,138,20,196,141,189,46,197,145,109,147,169,50,150,24,152,84,31,193,93,27,155,171,0,154,166,143,16,55,95,57,49,148,170,114,168,124,174,1,176,92,178,179,180,90,161,183,184,134,186,107,188,142,44,116,18,158,21,177,157,144,78,8,];False
4569;9685;14254;[81,88,15,162,110,5,132,32,85,14,187,29,35,13,153,199,108,17,72,19,172,194,22,23,117,191,140,7,43,11,30,102,12,135,34,185,36,37,38,75,40,165,4,52,163,45,25,47,48,139,62,119,28,128,53,120,79,51,58,59,131,61,149,63,2,167,66,67,60,113,160,105,106,73,98,65,71,77,89,198,80,87,82,83,56,76,94,146,42,156,9,91,100,74,126,3,68,97,175,99,115,101,26,192,104,195,33,127,70,181,41,96,112,69,190,10,173,164,118,86,151,121,122,123,159,125,39,182,111,64,130,54,6,129,133,103,136,137,138,20,196,141,189,46,197,180,109,147,169,50,150,24,152,84,31,193,93,27,155,171,0,154,166,57,16,55,95,143,49,148,170,114,168,124,174,1,176,92,178,179,145,90,161,183,184,134,186,107,188,142,44,116,18,158,21,177,157,144,78,8,];False
4604;9649;14253;[81,88,15,162,110,5,132,32,85,14,187,29,35,13,153,199,108,17,72,19,172,194,22,23,117,191,140,7,43,11,30,102,12,135,34,185,36,37,38,75,40,165,151,52,163,45,25,47,48,49,62,119,28,128,53,120,79,51,58,59,131,61,149,63,2,167,66,67,60,113,160,105,106,73,150,65,71,77,89,198,80,87,82,83,56,76,94,146,42,156,9,91,100,74,126,3,68,97,175,99,115,101,26,192,104,195,33,127,70,181,41,96,112,69,190,10,173,164,118,86,4,121,122,123,159,125,39,182,111,64,130,54,6,129,133,103,136,137,138,20,196,141,189,46,197,145,109,147,169,50,98,24,152,84,31,193,93,27,155,171,0,154,166,57,16,55,95,143,139,148,170,114,168,124,174,1,176,92,178,179,180,90,161,183,184,134,186,107,188,142,44,116,18,158,21,177,157,144,78,8,];False
4530;9723;14253;[81,88,73,162,110,5,132,32,85,14,187,29,35,13,153,199,108,17,72,19,172,194,22,23,117,191,140,7,43,11,30,102,12,135,34,185,36,37,38,75,40,165,4,52,163,45,25,47,48,139,62,119,28,67,53,120,79,51,58,59,131,61,149,63,2,173,66,128,60,113,160,105,106,15,98,65,71,77,89,198,80,87,82,83,56,76,94,146,42,156,9,91,100,74,126,3,68,97,175,99,115,101,26,192,104,195,33,127,70,181,41,96,112,69,190,10,167,164,118,86,151,121,122,123,159,125,39,182,111,64,130,54,6,129,133,103,136,137,138,20,196,141,189,46,197,145,109,147,169,50,150,24,152,84,31,193,93,27,155,171,0,154,166,143,16,55,95,57,49,148,170,114,168,124,174,1,176,92,178,179,180,90,161,183,184,134,186,107,188,142,44,116,18,158,21,177,157,144,78,8,];False
4524;9727;14251;[81,88,73,162,110,5,132,32,85,14,187,29,35,13,153,199,108,17,72,19,172,194,22,23,117,191,140,7,134,11,30,102,12,135,34,185,36,37,38,75,40,165,4,52,163,45,25,47,48,139,62,119,28,128,53,120,79,51,58,59,131,61,149,63,2,167,66,67,60,113,160,105,106,15,98,65,71,77,89,198,80,87,82,83,56,76,94,146,42,156,9,91,100,74,126,3,68,97,175,99,115,101,26,192,104,195,33,127,70,181,41,96,112,69,190,10,173,164,118,86,151,121,122,123,159,125,39,182,111,64,130,54,6,129,133,103,136,137,138,20,196,141,189,46,197,145,109,147,169,50,150,24,152,84,31,193,93,27,155,171,0,154,166,143,16,55,95,57,49,148,170,114,168,124,174,1,176,92,178,179,180,90,161,183,184,43,186,107,188,142,44,116,18,158,21,177,157,144,78,8,];False
4521;9730;14251;[81,88,73,162,110,5,132,32,85,14,187,29,35,13,153,199,108,17,72,19,117,194,22,23,172,191,140,7,43,11,30,102,12,135,34,185,36,37,38,75,40,165,4,52,163,45,25,47,48,139,62,119,28,128,53,120,79,51,58,59,131,61,149,63,2,167,66,67,60,113,160,105,106,15,98,65,71,77,89,198,80,87,82,83,56,76,94,146,42,156,9,91,100,74,126,3,68,97,175,99,115,101,26,192,104,195,33,127,70,181,41,96,112,69,190,10,173,164,118,86,151,121,122,123,159,125,39,182,111,64,130,54,6,129,133,103,136,137,138,20,196,141,189,46,197,145,109,147,169,50,150,24,152,84,31,193,93,27,155,171,0,154,166,143,16,55,95,57,49,148,170,114,168,124,174,1,176,92,178,179,180,90,161,183,184,134,186,107,188,142,44,116,18,158,21,177,157,144,78,8,];False
4550;9701;14251;[81,88,15,162,110,5,132,32,85,14,187,29,35,13,153,199,108,17,72,19,172,194,22,23,117,191,140,7,43,11,30,102,12,135,34,185,36,37,38,75,40,165,119,52,163,45,25,47,48,139,62,151,28,128,53,120,79,51,58,59,131,61,149,63,2,167,66,67,60,113,160,105,106,73,98,65,71,77,89,198,80,87,82,83,56,76,94,146,42,156,9,91,100,74,126,3,68,97,175,99,115,101,26,192,104,195,33,127,70,181,41,96,112,69,190,10,173,164,118,86,4,121,122,123,159,125,39,182,111,64,130,54,6,129,133,103,136,137,138,20,196,141,189,46,197,145,109,147,169,50,150,24,152,84,31,193,93,27,155,171,0,154,166,57,16,55,95,143,49,148,170,114,168,124,174,1,176,92,178,179,180,90,161,183,184,134,186,107,188,142,44,116,18,158,21,177,157,144,78,8,];False
4512;9739;14251;[81,88,73,162,110,5,132,32,85,14,187,29,35,13,153,199,108,17,72,19,172,194,22,23,117,191,140,7,43,11,30,102,12,135,34,185,36,37,38,75,40,165,4,52,163,45,25,47,48,139,62,119,28,128,53,120,79,51,58,59,131,61,149,63,2,167,66,67,60,113,160,105,106,15,98,65,71,77,89,198,80,87,82,83,56,76,94,146,42,156,9,91,100,74,126,3,68,97,175,99,133,101,26,192,104,195,33,127,70,181,41,96,112,69,190,10,173,164,118,86,151,121,122,123,159,125,39,182,111,64,130,54,6,129,115,103,136,137,138,20,196,141,189,46,197,145,109,147,169,50,150,24,152,84,31,193,93,27,155,171,0,154,166,143,16,55,95,57,49,148,170,114,168,124,174,1,176,92,178,179,180,90,161,183,184,134,186,107,188,142,44,116,18,158,21,177,157,144,78,8,];False
4600;9651;14251;[81,88,15,162,110,5,132,32,85,14,187,29,35,13,153,199,108,17,72,19,172,194,22,23,117,191,140,7,43,11,30,102,12,135,34,185,36,37,38,75,40,165,4,52,163,45,25,47,48,139,62,119,28,128,53,120,79,51,58,59,131,61,149,63,2,167,66,67,60,113,160,105,106,73,98,65,71,77,89,198,80,87,82,83,56,76,94,146,42,156,9,91,100,74,126,3,68,97,175,99,115,101,26,192,104,195,33,127,70,181,41,96,112,69,190,10,173,164,118,86,151,121,122,123,159,125,39,182,111,64,130,54,6,129,133,103,136,178,138,20,196,141,189,46,197,145,109,147,169,50,150,24,152,84,31,193,93,27,155,171,0,154,166,57,16,55,95,143,49,148,170,114,168,124,174,1,176,92,137,179,180,90,161,183,184,134,186,107,188,142,44,116,18,158,21,177,157,144,78,8,];False
4518;9732;14250;[81,88,73,162,110,5,132,32,85,14,187,29,35,13,153,199,108,17,72,19,172,194,22,23,117,191,140,7,43,11,30,102,12,135,34,185,36,37,38,75,40,165,4,52,163,45,25,47,48,139,62,119,28,128,53,120,176,51,58,59,131,61,149,63,2,167,66,67,60,113,160,105,106,15,98,65,71,77,89,198,80,87,82,83,56,76,94,146,42,156,9,91,100,74,126,3,68,97,175,99,115,101,26,192,104,195,33,127,70,181,41,96,112,69,190,10,173,164,118,86,151,121,122,123,159,125,39,182,111,64,130,54,6,129,133,103,136,137,138,20,196,141,189,46,197,145,109,147,169,50,150,24,152,84,31,193,93,27,155,171,0,154,166,143,16,55,95,57,49,148,170,114,168,124,174,1,79,92,178,179,180,90,161,183,184,134,186,107,188,142,44,116,18,158,21,177,157,144,78,8,];False
4492;9758;14250;[81,88,73,162,110,94,132,32,85,14,187,29,35,13,153,199,108,17,72,19,172,194,22,23,117,191,140,7,43,11,30,102,12,135,34,185,36,37,38,75,40,165,4,52,163,45,25,47,48,139,62,119,28,128,53,120,79,51,58,59,131,61,149,63,2,167,66,67,60,113,160,105,106,15,98,65,71,77,89,198,80,87,82,83,56,76,5,146,42,156,9,91,100,74,126,3,68,97,175,99,115,101,26,192,104,195,33,127,70,181,41,96,112,69,190,10,173,164,118,86,151,121,122,123,159,125,39,182,111,64,130,54,6,129,133,103,136,137,138,20,196,141,189,46,197,145,109,147,169,50,150,24,152,84,31,193,93,27,155,171,0,154,166,143,16,55,95,57,49,148,170,114,168,124,174,1,176,92,178,179,180,90,161,183,184,134,186,107,188,142,44,116,18,158,21,177,157,144,78,8,];False
4525;9724;14249;[81,88,73,162,110,5,132,32,85,14,187,29,35,13,153,199,108,17,72,19,172,194,22,23,117,191,140,7,43,11,30,102,12,135,34,185,36,37,38,75,40,165,4,54,163,45,25,47,48,139,62,119,28,128,53,120,79,51,58,59,131,61,149,63,2,173,66,67,60,125,160,105,106,15,98,65,71,77,89,198,80,87,82,83,56,76,94,146,42,156,9,91,100,74,126,3,68,97,175,99,115,101,26,192,104,195,33,127,70,181,41,96,112,69,190,10,167,164,118,86,151,121,122,123,159,113,39,182,111,64,130,52,6,129,133,103,136,137,138,20,196,141,189,46,197,145,109,147,169,50,150,24,152,84,31,193,93,27,155,171,0,154,166,143,16,55,95,57,49,148,170,114,168,124,174,1,176,92,178,179,180,90,161,183,184,134,186,107,188,142,44,116,18,158,21,177,157,144,78,8,];False
4479;9769;14248;[81,88,73,162,110,5,132,32,85,14,187,29,35,13,153,199,108,17,72,19,172,194,86,23,117,191,140,7,43,11,30,102,12,135,34,185,36,37,38,75,40,165,4,52,163,45,25,47,48,139,62,119,28,128,53,120,79,51,58,59,131,61,149,63,2,173,66,67,60,113,160,105,106,15,98,65,71,77,89,198,80,87,82,83,56,76,94,146,42,156,9,91,100,74,126,3,68,97,175,99,115,101,26,192,104,195,33,127,70,181,41,96,112,69,190,10,167,164,118,22,151,121,122,123,159,125,39,182,111,64,130,54,6,129,133,103,136,137,138,20,196,141,189,46,197,145,109,147,169,50,150,24,152,84,31,193,93,27,155,171,0,154,166,143,16,55,95,57,49,148,170,114,168,124,174,1,176,92,178,179,180,90,161,183,184,134,186,107,188,142,44,116,18,158,21,177,157,144,78,8,];False
4501;9747;14248;[81,88,73,162,110,5,132,32,85,14,187,29,35,13,153,199,108,17,72,121,172,194,22,23,117,191,140,7,43,11,30,102,12,135,34,185,36,37,38,75,40,165,4,52,163,45,25,47,48,139,62,119,28,128,53,120,79,51,58,59,131,61,149,63,2,167,66,67,60,113,160,105,106,15,98,65,71,77,89,198,80,87,82,83,56,76,94,146,42,156,9,91,100,74,126,3,68,97,175,99,115,101,26,192,104,195,33,127,70,181,41,96,112,69,190,10,173,164,118,86,151,19,122,123,159,125,39,182,111,64,130,54,6,129,133,103,136,137,138,20,196,141,189,46,197,145,109,147,169,50,150,24,152,84,31,193,93,27,155,171,0,154,166,143,16,55,95,57,49,148,170,114,168,124,174,1,176,92,178,179,180,90,161,183,184,134,186,107,188,142,44,116,18,158,21,177,157,144,78,8,];False
4525;9723;14248;[81,88,73,162,110,5,132,32,85,14,187,29,35,13,153,199,108,17,72,19,172,194,22,23,117,191,140,7,43,11,30,102,12,135,124,185,36,37,38,75,40,165,4,52,163,45,25,47,48,139,62,119,28,128,53,120,79,51,58,59,131,61,149,63,2,167,66,67,60,113,160,105,106,15,98,65,71,77,89,198,80,87,82,83,56,76,94,146,42,156,9,91,100,74,126,3,68,97,175,99,115,101,26,192,104,195,33,127,70,181,41,96,112,69,190,10,173,164,118,86,151,121,122,123,159,125,39,182,111,64,130,54,6,129,133,103,136,137,138,20,196,141,189,46,197,145,109,147,169,50,150,24,152,84,31,193,93,27,155,171,0,154,166,143,16,55,95,57,49,148,170,114,168,34,174,1,176,92,178,179,180,90,161,183,184,134,186,107,188,142,44,116,18,158,21,177,157,144,78,8,];False
4507;9739;14246;[81,88,73,162,110,5,132,32,85,14,187,29,35,13,153,199,108,17,72,19,172,194,22,23,117,191,140,7,43,11,30,102,12,135,34,185,169,37,38,75,40,165,4,52,163,45,25,47,48,139,62,119,28,128,53,120,79,51,58,59,131,61,149,63,2,173,66,67,60,113,160,105,106,15,98,65,71,77,89,198,80,87,82,83,56,76,94,146,42,156,9,91,100,74,126,3,68,97,175,99,115,101,26,192,104,195,33,127,70,181,41,96,112,69,190,10,167,164,118,86,151,121,122,123,159,125,39,182,111,64,130,54,6,129,133,103,136,137,138,20,196,141,189,46,197,145,109,147,36,50,150,24,152,84,31,193,93,27,155,171,0,154,166,143,16,55,95,57,49,148,170,114,168,124,174,1,176,92,178,179,180,90,161,183,184,134,186,107,188,142,44,116,18,158,21,177,157,144,78,8,];False
4561;9685;14246;[81,88,73,162,110,5,132,32,85,14,187,29,35,13,153,199,108,17,72,19,172,194,22,23,117,191,140,7,43,11,30,102,12,135,34,185,36,37,38,75,40,165,4,52,163,45,25,47,48,139,62,119,28,128,53,120,79,51,58,59,131,61,149,63,2,167,66,67,60,113,160,105,106,15,98,65,71,77,89,198,80,87,82,83,56,76,94,146,42,156,9,91,100,74,126,3,68,97,175,99,115,101,26,192,104,195,33,127,70,181,41,96,112,69,190,10,173,164,118,86,151,121,122,123,159,125,39,182,111,64,130,54,6,129,133,103,136,137,138,124,196,141,189,46,197,145,109,147,169,50,150,24,152,84,31,193,93,27,155,171,0,154,166,57,16,55,95,143,49,148,170,114,168,20,174,1,176,92,178,179,180,90,161,183,184,134,186,107,188,142,44,116,18,158,21,177,157,144,78,8,];False
4545;9701;14246;[81,88,15,162,110,5,132,32,85,14,187,29,35,13,153,199,108,17,72,19,172,194,22,23,117,191,140,7,43,11,30,102,12,135,34,185,36,37,38,75,40,165,4,97,163,45,25,47,48,139,62,119,28,128,53,120,79,51,58,59,131,61,149,63,2,167,66,67,60,113,160,105,106,73,98,65,71,77,89,198,80,87,82,83,56,76,94,146,42,156,9,91,100,74,126,3,68,52,175,99,115,101,26,192,104,195,33,127,70,181,41,96,112,69,190,10,173,164,118,86,151,121,122,123,159,125,39,182,111,64,130,54,6,129,133,103,136,137,138,20,196,141,189,46,197,145,109,147,169,50,150,24,152,84,31,193,93,27,155,171,0,154,166,57,16,55,95,143,49,148,170,114,168,124,174,1,176,92,178,179,180,90,161,183,184,134,186,107,188,142,44,116,18,158,21,177,157,144,78,8,];False
4579;9666;14245;[36,88,15,162,110,5,132,32,85,14,187,29,35,13,153,199,108,17,72,19,172,194,22,23,117,191,140,7,43,11,30,102,12,135,34,185,81,37,38,75,40,165,151,52,163,45,25,47,48,49,62,119,28,128,53,120,79,51,58,59,131,61,149,63,2,167,66,67,60,113,160,105,106,73,98,65,71,77,89,198,80,87,82,83,56,76,94,146,42,156,9,91,100,74,126,3,68,97,175,99,115,101,26,192,104,195,33,127,70,181,41,96,112,69,190,10,173,164,118,86,4,121,122,123,159,125,39,182,111,64,130,54,6,129,133,103,136,137,138,20,196,141,189,46,197,145,109,147,169,50,150,24,152,84,31,193,93,27,155,171,0,154,166,57,16,55,95,143,139,148,170,114,168,124,174,1,176,92,178,179,180,90,161,183,184,134,186,107,188,142,44,116,18,158,21,177,157,144,78,8,];False
4550;9695;14245;[81,88,15,162,110,5,132,32,85,14,187,29,35,13,153,199,108,17,72,19,172,194,22,23,117,191,140,7,43,11,30,102,12,135,34,185,36,37,38,75,40,165,4,52,163,45,25,47,48,139,62,119,28,128,53,120,79,51,58,59,131,61,149,63,2,167,66,67,60,113,160,105,106,73,98,65,71,77,89,198,80,87,82,83,56,76,94,146,42,156,9,91,100,74,126,3,68,97,175,99,115,101,129,192,104,195,33,127,70,181,41,96,112,69,190,10,173,164,118,86,151,121,122,123,159,125,39,182,111,64,130,54,6,26,133,103,136,137,138,20,196,141,189,46,197,145,109,147,169,50,150,24,152,84,31,193,93,27,155,171,0,154,166,57,16,55,95,143,49,148,170,114,168,124,174,1,176,92,178,179,180,90,161,183,184,134,186,107,188,142,44,116,18,158,21,177,157,144,78,8,];False
4565;9680;14245;[81,88,15,162,110,5,132,32,85,14,187,29,35,13,153,199,108,17,72,19,172,194,22,23,117,191,140,7,43,11,30,102,12,135,34,185,36,37,38,75,40,165,4,52,163,45,25,47,48,139,62,119,28,128,53,120,79,51,58,59,131,61,149,63,2,167,66,67,60,113,160,105,106,73,95,65,71,77,89,198,80,87,82,83,56,76,94,146,42,156,9,91,100,74,126,3,68,97,175,99,115,101,26,192,104,195,33,127,70,181,41,96,112,69,190,10,173,164,118,86,151,121,122,123,159,125,39,182,111,64,130,54,6,129,133,103,136,137,138,20,196,141,189,46,197,145,109,147,169,50,150,24,152,84,31,193,93,27,155,171,0,154,166,57,16,55,98,143,49,148,170,114,168,124,174,1,176,92,178,179,180,90,161,183,184,134,186,107,188,142,44,116,18,158,21,177,157,144,78,8,];False
4541;9704;14245;[81,88,73,162,110,5,132,32,85,14,187,29,35,13,153,199,108,17,72,19,172,194,22,23,117,191,140,7,43,11,30,102,12,135,34,185,36,37,38,75,40,165,4,52,163,45,25,47,48,139,62,119,28,128,53,120,79,51,58,59,131,61,149,63,2,167,66,67,60,113,160,105,106,15,98,65,71,77,89,198,80,87,82,83,56,76,94,146,42,156,9,91,100,74,126,3,68,97,175,99,115,101,26,192,104,195,33,127,70,181,41,96,112,69,190,10,173,164,118,86,151,121,122,123,159,125,95,182,111,64,130,54,6,129,133,103,136,137,138,20,196,141,189,46,197,145,109,147,169,50,150,24,152,84,31,193,93,27,155,171,0,154,166,143,16,55,39,57,49,148,170,114,168,124,174,1,176,92,178,179,180,90,161,183,184,134,186,107,188,142,44,116,18,158,21,177,157,144,78,8,];False
4534;9710;14244;[81,88,73,162,110,5,132,32,85,14,187,29,35,13,153,199,108,17,72,19,172,194,22,23,117,191,140,7,43,11,30,102,12,135,34,185,36,37,38,75,40,165,4,52,163,45,25,47,48,139,62,119,28,128,51,120,79,53,58,59,131,61,149,63,2,167,66,67,60,113,160,105,106,15,98,65,71,77,89,198,80,87,82,83,56,76,94,146,42,156,9,91,100,74,126,3,68,97,175,99,115,101,26,192,104,195,33,127,70,181,41,96,112,69,190,10,173,164,118,86,151,121,122,123,159,125,39,182,111,64,130,54,6,129,133,103,136,137,138,20,196,141,189,46,197,145,109,147,169,50,150,24,152,84,31,193,93,27,155,171,0,154,166,143,16,55,95,57,49,148,170,114,168,124,174,1,176,92,178,179,180,90,161,183,184,134,186,107,188,142,44,116,18,158,21,177,157,144,78,8,];False
4566;9678;14244;[81,88,15,162,110,5,132,32,85,14,187,29,35,13,153,199,108,17,72,19,172,194,22,23,117,191,140,7,43,11,30,102,12,135,34,185,36,37,38,75,40,165,151,52,163,45,25,47,48,49,62,119,28,128,53,120,79,51,58,59,131,61,149,63,2,167,66,67,60,113,160,105,106,73,98,65,71,77,89,198,80,87,82,83,56,76,94,146,42,156,9,91,100,74,126,3,68,97,175,99,115,101,26,192,104,195,33,127,70,181,41,96,112,69,190,10,173,164,118,86,4,121,122,123,159,125,39,182,111,64,130,54,6,129,133,103,136,137,138,20,196,141,95,46,197,145,109,147,169,50,150,24,152,84,31,193,93,27,155,171,0,154,189,57,16,55,166,143,139,148,170,114,168,124,174,1,176,92,178,179,180,90,161,183,184,134,186,107,188,142,44,116,18,158,21,177,157,144,78,8,];False
4543;9701;14244;[81,88,73,162,110,5,132,32,85,14,187,29,35,13,153,199,108,17,123,19,172,194,22,23,117,191,140,7,43,11,30,102,12,135,34,185,36,37,38,75,40,165,4,52,163,45,25,47,48,139,62,119,28,128,53,120,79,51,58,59,131,61,149,63,2,167,66,67,60,113,160,105,106,15,98,65,71,77,89,198,80,87,82,83,56,76,94,146,42,156,9,91,100,74,126,3,68,97,175,99,115,101,26,192,104,195,33,127,70,181,41,96,112,69,190,10,173,164,118,86,151,121,122,72,159,125,39,182,111,64,130,54,6,129,133,103,136,137,138,20,196,141,189,46,197,145,109,147,169,50,150,24,152,84,31,193,93,27,155,171,0,154,166,143,16,55,95,57,49,148,170,114,168,124,174,1,176,92,178,179,180,90,161,183,184,134,186,107,188,142,44,116,18,158,21,177,157,144,78,8,];False
4532;9711;14243;[81,88,73,162,110,5,132,32,85,14,187,29,35,13,153,199,108,17,72,19,172,126,22,23,117,191,140,7,43,11,30,102,12,135,34,185,36,37,38,75,40,165,4,52,163,45,25,47,48,139,62,119,28,128,53,120,79,51,58,59,131,61,149,63,2,167,66,67,60,113,160,105,106,15,98,65,71,77,89,198,80,87,82,83,56,76,94,146,42,156,9,91,100,74,194,3,68,97,175,99,115,101,26,192,104,195,33,127,70,181,41,96,112,69,190,10,173,164,118,86,151,121,122,123,159,125,39,182,111,64,130,54,6,129,133,103,136,137,138,20,196,141,189,46,197,145,109,147,169,50,150,24,152,84,31,193,93,27,155,171,0,154,166,143,16,55,95,57,49,148,170,114,168,124,174,1,176,92,178,179,180,90,161,183,184,134,186,107,188,142,44,116,18,158,21,177,157,144,78,8,];False
4534;9709;14243;[81,88,73,162,110,5,132,32,121,14,187,29,35,13,153,199,108,17,72,19,172,194,22,23,117,191,140,7,43,11,30,102,12,135,34,185,36,37,38,75,40,165,4,52,163,45,25,47,48,139,62,119,28,128,53,120,79,51,58,59,131,61,149,63,2,167,66,67,60,113,160,105,106,15,98,65,71,77,89,198,80,87,82,83,56,76,94,146,42,156,9,91,100,74,126,3,68,97,175,99,115,101,26,192,104,195,33,127,70,181,41,96,112,69,190,10,173,164,118,86,151,85,122,123,159,125,39,182,111,64,130,54,6,129,133,103,136,137,138,20,196,141,189,46,197,145,109,147,169,50,150,24,152,84,31,193,93,27,155,171,0,154,166,143,16,55,95,57,49,148,170,114,168,124,174,1,176,92,178,179,180,90,161,183,184,134,186,107,188,142,44,116,18,158,21,177,157,144,78,8,];False
4563;9680;14243;[81,88,73,162,110,5,132,32,85,14,187,29,35,13,153,199,108,17,72,19,172,194,22,23,117,191,140,7,43,11,30,102,12,135,34,185,36,37,38,75,40,165,4,52,163,45,25,47,48,139,62,119,28,128,53,120,79,51,58,59,131,61,44,63,2,173,66,67,60,113,160,105,106,15,98,65,71,77,89,198,80,87,82,83,56,76,94,146,42,156,9,91,100,74,126,3,68,97,175,99,115,101,26,192,104,195,33,127,70,181,41,96,112,69,190,10,167,164,118,86,151,121,122,123,159,125,39,182,111,64,130,54,6,129,133,103,136,137,138,20,196,141,189,46,197,145,109,147,169,50,150,24,152,84,31,193,93,27,155,171,0,154,166,143,16,55,95,57,49,148,170,114,168,124,174,1,176,92,178,179,180,90,161,183,184,134,186,107,188,142,149,116,18,158,21,177,157,144,78,8,];False
4490;9751;14241;[81,88,73,162,110,5,132,32,85,14,187,29,35,13,153,199,108,17,72,19,172,194,22,23,117,191,140,7,43,11,30,102,173,135,34,185,36,37,38,75,40,165,4,52,163,45,25,47,48,139,62,119,28,128,53,120,79,51,58,59,131,61,149,63,2,12,66,67,60,113,160,105,106,15,98,65,71,77,89,198,80,87,82,83,56,76,94,146,42,156,9,91,100,74,126,3,68,97,175,99,115,101,26,192,104,195,33,127,70,181,41,96,112,69,190,10,167,164,118,86,151,121,122,123,159,125,39,182,111,64,130,54,6,129,133,103,136,137,138,20,196,141,189,46,197,145,109,147,169,50,150,24,152,84,31,193,93,27,155,171,0,154,166,143,16,55,95,57,49,148,170,114,168,124,174,1,176,92,178,179,180,90,161,183,184,134,186,107,188,142,44,116,18,158,21,177,157,144,78,8,];False
4542;9699;14241;[81,88,15,162,110,5,132,32,85,14,187,29,35,13,153,199,108,17,72,19,172,194,22,23,117,191,140,7,43,11,30,102,12,135,34,185,36,37,38,75,40,165,151,52,163,45,25,47,48,139,62,119,28,128,53,112,79,51,58,59,131,61,149,63,2,167,66,67,60,113,160,105,106,73,98,65,71,77,89,198,80,87,82,83,56,76,94,146,42,156,9,91,100,74,126,3,68,97,175,99,115,101,26,192,104,195,33,127,70,181,41,96,120,69,190,10,173,164,118,86,4,121,122,123,159,125,39,182,111,64,130,54,6,129,133,103,136,137,138,20,196,141,189,46,197,145,109,147,169,50,150,24,152,84,31,193,93,27,155,171,0,154,166,57,16,55,95,143,49,148,170,114,168,124,174,1,176,92,178,179,180,90,161,183,184,134,186,107,188,142,44,116,18,158,21,177,157,144,78,8,];False
4549;9692;14241;[81,88,73,162,110,5,132,32,85,14,187,29,35,13,153,199,108,17,72,19,172,194,22,23,117,55,140,7,43,11,30,102,12,135,34,185,36,37,38,75,40,165,4,52,163,45,25,47,48,139,62,119,28,128,53,120,79,51,58,59,131,61,149,63,2,173,66,67,60,125,160,105,106,15,98,65,71,77,89,198,80,87,82,83,56,76,94,146,42,156,9,91,100,74,126,3,68,97,175,99,115,101,26,192,104,195,33,127,70,181,41,96,112,69,190,10,167,164,118,86,151,121,122,123,159,113,39,182,111,64,130,54,6,129,133,103,136,137,138,20,196,141,189,46,197,145,109,147,169,50,150,24,152,84,31,193,93,27,155,171,0,154,166,143,16,191,95,57,49,148,170,114,168,124,174,1,176,92,178,179,180,90,161,183,184,134,186,107,188,142,44,116,18,158,21,177,157,144,78,8,];False
4494;9746;14240;[81,88,73,162,110,5,132,32,85,14,187,29,35,13,153,199,108,17,72,19,172,194,22,23,117,191,140,7,43,11,30,102,12,135,27,185,36,37,38,75,40,165,4,52,163,45,25,47,48,139,62,119,28,128,53,120,79,51,58,59,131,61,149,63,2,173,66,67,60,113,160,105,106,15,98,65,71,77,89,198,80,87,82,83,56,76,94,146,42,156,9,91,100,74,126,3,68,97,175,99,115,101,26,192,104,195,33,127,70,181,41,96,112,69,190,10,167,164,118,86,151,121,122,123,159,125,39,182,111,64,130,54,6,129,133,103,136,137,138,20,196,141,189,46,197,145,109,147,169,50,150,24,152,84,31,193,93,34,155,171,0,154,166,143,16,55,95,57,49,148,170,114,168,124,174,1,176,92,178,179,180,90,161,183,184,134,186,107,188,142,44,116,18,158,21,177,157,144,78,8,];False
4578;9662;14240;[81,88,15,162,110,5,132,32,85,14,187,29,35,13,153,199,108,17,72,19,172,194,22,23,117,191,140,7,43,11,30,60,12,135,34,185,36,37,38,75,40,165,151,52,163,45,25,47,48,139,62,119,28,128,53,120,79,51,58,59,131,61,149,63,2,167,66,67,102,113,160,105,106,73,98,65,71,77,89,198,80,87,82,83,56,76,94,146,42,156,9,91,100,74,126,3,68,97,175,99,115,101,26,192,104,195,33,127,70,181,41,96,112,69,190,10,173,164,118,86,4,121,122,123,159,125,39,182,111,64,130,54,6,129,133,103,136,137,138,20,196,141,189,46,197,145,109,147,169,50,150,24,152,84,31,193,93,27,155,171,0,154,166,57,16,55,95,143,49,148,170,114,168,124,174,1,176,92,178,179,180,90,161,183,184,134,186,107,188,142,44,116,18,158,21,177,157,144,78,8,];False
4546;9694;14240;[81,88,73,162,110,5,132,32,85,14,187,29,35,13,153,199,108,17,72,19,172,194,22,23,117,191,140,7,43,11,30,102,12,135,34,185,36,37,38,75,40,165,4,52,163,45,25,47,48,139,62,119,28,128,53,120,79,51,58,59,131,61,149,63,2,167,66,67,60,113,160,105,106,15,98,65,71,77,89,198,80,87,82,83,56,76,94,146,42,156,9,91,100,74,126,3,68,97,175,99,115,101,26,192,104,195,33,127,70,181,41,96,112,69,190,10,173,164,118,86,151,121,122,123,159,125,39,1,111,64,130,54,6,129,133,103,136,137,138,20,196,141,189,46,197,145,109,147,169,50,150,24,152,84,31,193,93,27,155,171,0,154,166,57,16,55,95,143,49,148,170,114,168,124,174,182,176,92,178,179,180,90,161,183,184,134,186,107,188,142,44,116,18,158,21,177,157,144,78,8,];False
4572;9668;14240;[81,88,15,162,110,5,132,32,85,14,187,29,35,13,153,199,108,17,72,19,172,194,22,23,117,191,140,7,43,11,30,102,12,135,34,185,36,37,38,75,40,165,4,52,163,45,25,47,48,139,62,119,28,128,53,120,79,51,58,59,131,61,149,63,2,167,66,67,60,113,160,105,56,73,98,65,71,77,89,198,80,87,82,83,106,76,94,146,42,156,9,91,100,74,126,3,68,97,175,99,115,101,26,192,104,195,33,127,70,181,41,96,112,69,190,10,173,164,118,86,151,121,122,123,159,125,39,182,111,64,130,54,6,129,133,103,136,137,138,20,196,141,189,46,197,145,109,147,169,50,150,24,152,84,31,193,93,27,155,171,0,154,166,57,16,55,95,143,49,148,170,114,168,124,174,1,176,92,178,179,180,90,161,183,184,134,186,107,188,142,44,116,18,158,21,177,157,144,78,8,];False
4515;9725;14240;[81,88,73,162,110,5,132,32,85,14,187,29,35,13,153,199,108,17,72,19,172,194,22,23,117,191,140,7,43,11,30,102,12,135,34,185,36,37,38,75,40,165,4,52,163,45,25,47,48,139,62,119,28,128,53,120,79,51,58,59,131,61,149,63,2,167,66,67,60,113,160,105,106,15,98,65,71,77,89,198,80,87,82,83,56,76,94,146,42,156,9,91,100,74,126,3,68,97,175,99,115,101,26,192,104,195,33,127,70,181,41,96,112,69,190,10,173,164,118,86,151,121,122,123,159,125,39,182,111,64,130,54,6,129,133,103,136,137,138,20,196,141,189,46,197,145,109,147,169,50,150,24,152,84,31,193,93,27,155,171,0,154,166,143,16,55,95,57,49,148,170,114,168,124,174,1,176,92,178,177,180,90,161,183,184,134,186,107,188,142,44,116,18,158,21,179,157,144,78,8,];False
4423;9817;14240;[81,88,73,162,110,5,132,32,85,14,187,29,35,13,72,199,108,17,153,19,172,194,22,23,117,191,140,7,43,11,30,102,12,135,34,185,36,37,38,75,40,165,4,52,163,45,25,47,48,139,62,119,28,128,53,120,79,168,58,59,131,61,149,63,2,173,66,67,60,125,160,105,106,15,98,65,71,77,89,198,80,87,82,83,56,76,94,146,42,156,9,91,100,74,126,3,68,97,175,99,115,101,26,192,104,195,33,127,70,181,41,96,112,69,190,10,167,164,118,86,151,121,122,123,159,54,39,182,111,64,130,113,6,129,133,103,136,137,138,20,196,141,189,46,197,145,109,147,169,50,150,24,152,84,31,193,93,27,155,171,0,154,166,143,16,55,95,57,49,148,170,114,51,124,174,1,176,92,178,179,180,90,161,183,184,134,186,107,188,142,44,116,18,158,21,177,157,144,78,8,];False
4495;9745;14240;[81,88,73,162,110,5,132,32,85,14,187,29,35,13,153,199,108,17,72,19,172,194,22,23,117,191,140,7,43,11,30,102,12,135,34,185,36,37,38,75,40,165,4,52,163,45,25,47,48,139,62,119,28,128,53,120,79,51,58,59,131,61,149,63,2,167,66,67,60,113,160,105,106,15,98,65,71,77,89,198,80,87,82,83,56,76,94,146,42,156,9,91,100,74,126,3,68,97,175,99,115,101,26,192,104,195,33,127,70,181,41,96,112,69,190,10,173,164,118,183,151,121,122,123,159,125,39,182,111,64,130,54,6,129,133,103,136,137,138,20,196,141,189,46,197,145,109,147,169,50,150,24,152,84,31,193,93,27,155,171,0,154,166,143,16,55,95,57,49,148,170,114,168,124,174,1,176,92,178,179,180,90,161,86,184,134,186,107,188,142,44,116,18,158,21,177,157,144,78,8,];False
4527;9713;14240;[81,88,73,162,110,5,132,32,85,14,187,29,35,13,153,199,108,17,72,19,172,194,22,23,117,191,140,7,43,11,30,102,12,135,34,185,36,37,84,75,40,165,4,52,163,45,25,47,48,139,62,119,28,128,53,120,79,51,58,59,131,61,149,63,2,173,66,67,60,113,160,105,106,15,98,65,71,77,89,198,80,87,82,83,56,76,94,146,42,156,9,91,100,74,126,3,68,97,175,99,115,101,26,192,104,195,33,127,70,181,41,96,112,69,190,10,167,164,118,86,151,121,122,123,159,125,39,182,111,64,130,54,6,129,133,103,136,137,138,20,196,141,189,46,197,145,109,147,169,50,150,24,152,38,31,193,93,27,155,171,0,154,166,143,16,55,95,57,49,148,170,114,168,124,174,1,176,92,178,179,180,90,161,183,184,134,186,107,188,142,44,116,18,158,21,177,157,144,78,8,];False
4473;9766;14239;[81,88,73,162,110,5,132,32,85,14,187,29,35,13,115,199,108,17,72,19,172,194,22,23,117,191,140,7,43,11,30,102,12,135,34,185,36,37,38,75,40,165,4,52,163,45,25,47,48,139,62,119,28,128,53,120,79,51,58,59,131,61,149,63,2,167,66,67,60,113,160,105,106,15,98,65,71,77,89,198,80,87,82,83,56,76,94,146,42,156,9,91,100,74,126,3,68,97,175,99,153,101,26,192,104,195,33,127,70,181,41,96,112,69,190,10,173,164,118,86,151,121,122,123,159,125,39,182,111,64,130,54,6,129,133,103,136,137,138,20,196,141,189,46,197,145,109,147,169,50,150,24,152,84,31,193,93,27,155,171,0,154,166,143,16,55,95,57,49,148,170,114,168,124,174,1,176,92,178,179,180,90,161,183,184,134,186,107,188,142,44,116,18,158,21,177,157,144,78,8,];False
4528;9711;14239;[81,88,73,162,110,5,132,32,85,14,187,29,35,13,153,199,108,17,72,19,172,194,22,23,117,191,140,7,43,11,67,102,12,135,34,185,36,37,38,75,40,165,4,52,163,45,25,47,48,139,62,119,28,128,53,120,79,51,58,59,131,61,149,63,2,173,66,30,60,125,160,105,106,15,98,65,71,77,89,198,80,87,82,83,56,76,94,146,42,156,9,91,100,74,126,3,68,97,175,99,115,101,26,192,104,195,33,127,70,181,41,96,112,69,190,10,167,164,118,86,151,121,122,123,159,113,39,182,111,64,130,54,6,129,133,103,136,137,138,20,196,141,189,46,197,145,109,147,169,50,150,24,152,84,31,193,93,27,155,171,0,154,166,143,16,55,95,57,49,148,170,114,168,124,174,1,176,92,178,179,180,90,161,183,184,134,186,107,188,142,44,116,18,158,21,177,157,144,78,8,];False
4592;9647;14239;[81,88,15,162,110,5,132,32,85,14,187,29,35,13,153,199,108,17,72,19,172,194,22,23,117,191,140,7,43,11,30,102,12,135,34,185,36,37,38,75,40,165,4,52,163,45,25,47,48,139,62,119,28,128,53,120,79,51,58,59,131,61,149,175,2,167,66,67,60,113,160,105,106,73,98,65,71,77,89,198,80,87,82,83,56,76,94,146,42,156,9,91,100,74,126,3,68,97,63,99,115,101,26,192,104,195,33,127,70,181,41,96,112,69,190,10,173,164,118,86,151,121,122,123,159,125,39,182,111,64,130,54,6,129,133,103,136,137,138,20,196,141,189,46,197,145,109,147,169,50,150,24,152,84,31,193,93,27,155,171,0,154,166,57,16,55,95,143,49,148,170,114,168,124,174,1,176,92,178,179,180,90,161,183,184,134,186,107,188,142,44,116,18,158,21,177,157,144,78,8,];False
4515;9724;14239;[81,88,73,162,110,5,132,32,85,14,187,29,35,13,153,199,108,17,72,19,172,194,22,23,117,191,140,7,43,11,30,102,12,109,34,185,36,37,38,75,40,165,4,52,163,45,25,47,48,139,62,119,28,128,53,120,79,51,58,59,131,61,149,63,2,167,66,67,60,113,160,105,106,15,98,65,71,77,89,198,80,87,82,83,56,76,94,146,42,156,9,91,100,74,126,3,68,97,175,99,115,101,26,192,104,195,33,127,70,181,41,96,112,69,190,10,173,164,118,86,151,121,122,123,159,125,39,182,111,64,130,54,6,129,133,103,136,137,138,20,196,141,189,46,197,145,135,147,169,50,150,24,152,84,31,193,93,27,155,171,0,154,166,143,16,55,95,57,49,148,170,114,168,124,174,1,176,92,178,179,180,90,161,183,184,134,186,107,188,142,44,116,18,158,21,177,157,144,78,8,];False
4503;9735;14238;[81,88,73,162,110,5,132,32,85,14,187,37,35,13,153,199,108,17,72,19,172,194,22,23,117,191,140,7,43,11,30,102,12,135,34,185,36,29,38,75,40,165,4,52,163,45,25,47,48,139,62,119,28,128,53,120,79,51,58,59,131,61,149,63,2,167,66,67,60,113,160,105,106,15,98,65,71,77,89,198,80,87,82,83,56,76,94,146,42,156,9,91,100,74,126,3,68,97,175,99,115,101,26,192,104,195,33,127,70,181,41,96,112,69,190,10,173,164,118,86,151,121,122,123,159,125,39,182,111,64,130,54,6,129,133,103,136,137,138,20,196,141,189,46,197,145,109,147,169,50,150,24,152,84,31,193,93,27,155,171,0,154,166,143,16,55,95,57,49,148,170,114,168,124,174,1,176,92,178,179,180,90,161,183,184,134,186,107,188,142,44,116,18,158,21,177,157,144,78,8,];False
4416;9821;14237;[81,88,73,162,110,5,132,32,85,14,187,29,35,13,72,199,137,17,153,19,172,194,22,23,117,191,140,7,43,11,30,102,12,135,34,185,36,37,38,75,40,165,4,52,163,45,25,47,48,139,62,119,28,128,53,120,79,168,58,59,131,61,149,63,2,173,66,67,60,125,160,105,106,15,98,65,71,77,89,198,80,87,82,83,56,76,94,146,42,156,9,91,100,74,126,3,68,97,175,99,115,101,26,192,104,195,33,127,70,181,41,96,112,69,190,10,167,164,118,86,151,121,122,123,159,113,39,182,111,64,130,54,6,129,133,103,136,108,138,20,196,141,189,46,197,145,109,147,169,50,150,24,152,84,31,193,93,27,155,171,0,154,166,143,16,55,95,57,49,148,170,114,51,124,174,1,176,92,178,179,180,90,161,183,184,134,186,107,188,142,44,116,18,158,21,177,157,144,78,8,];False
4500;9736;14236;[81,88,73,162,110,5,132,32,85,14,187,29,35,13,153,199,108,17,72,19,172,194,22,23,117,191,140,7,43,11,30,102,12,135,34,185,36,37,38,75,40,165,4,52,163,45,25,47,48,139,62,119,28,128,53,120,79,51,58,59,131,61,149,63,2,167,66,67,60,113,160,105,106,15,98,65,71,77,89,198,80,87,82,83,56,76,94,146,42,156,9,91,100,74,104,3,68,97,175,99,115,101,26,192,126,195,33,127,70,181,41,96,112,69,190,10,173,164,118,86,151,121,122,123,159,125,39,182,111,64,130,54,6,129,133,103,136,137,138,20,196,141,189,46,197,145,109,147,169,50,150,24,152,84,31,193,93,27,155,171,0,154,166,143,16,55,95,57,49,148,170,114,168,124,174,1,176,92,178,179,180,90,161,183,184,134,186,107,188,142,44,116,18,158,21,177,157,144,78,8,];False
4469;9767;14236;[81,88,73,162,110,5,132,32,85,14,187,29,35,13,153,199,108,17,72,19,172,194,22,23,117,191,140,7,43,11,30,198,12,135,34,185,36,37,38,75,40,165,4,52,163,45,25,47,48,139,62,119,28,128,53,120,79,51,58,59,131,61,149,63,2,173,66,67,60,113,160,105,106,15,98,65,71,77,89,102,80,87,82,83,56,76,94,146,42,156,9,91,100,74,126,3,68,97,175,99,115,101,26,192,104,195,33,127,70,181,41,96,112,69,190,10,167,164,118,86,151,121,122,123,159,125,39,182,111,64,130,54,6,129,133,103,136,137,138,20,196,141,189,46,197,145,109,147,169,50,150,24,152,84,31,193,93,27,155,171,0,154,166,143,16,55,95,57,49,148,170,114,168,124,174,1,176,92,178,179,180,90,161,183,184,134,186,107,188,142,44,116,18,158,21,177,157,144,78,8,];False
4509;9726;14235;[81,88,73,162,20,5,132,32,85,14,187,29,35,13,153,199,108,17,72,19,172,194,22,23,117,191,140,7,43,11,30,102,12,135,34,185,36,37,38,75,40,165,4,52,163,45,25,47,48,139,62,119,28,128,53,120,79,51,58,59,131,61,149,63,2,167,66,67,60,113,160,105,106,15,98,65,71,77,89,198,80,87,82,83,56,76,94,146,42,156,9,91,100,74,126,3,68,97,175,99,115,101,26,192,104,195,33,127,70,181,41,96,112,69,190,10,173,164,118,86,151,121,122,123,159,125,39,182,111,64,130,54,6,129,133,103,136,137,138,110,196,141,189,46,197,145,109,147,169,50,150,24,152,84,31,193,93,27,155,171,0,154,166,143,16,55,95,57,49,148,170,114,168,124,174,1,176,92,178,179,180,90,161,183,184,134,186,107,188,142,44,116,18,158,21,177,157,144,78,8,];False
4508;9727;14235;[81,88,73,162,110,5,132,32,85,14,187,29,35,13,153,199,108,17,72,19,172,194,22,23,117,191,140,7,43,11,30,102,148,135,34,185,36,37,38,75,40,165,4,52,163,45,25,47,48,139,62,119,28,128,53,120,79,51,58,59,131,61,149,63,2,173,66,67,60,113,160,105,106,15,98,65,71,77,89,198,80,87,82,83,56,76,94,146,42,156,9,91,100,74,126,3,68,97,175,99,115,101,26,192,104,195,33,127,70,181,41,96,112,69,190,10,167,164,118,86,151,121,122,123,159,125,39,182,111,64,130,54,6,129,133,103,136,137,138,20,196,141,189,46,197,145,109,147,169,50,150,24,152,84,31,193,93,27,155,171,0,154,166,143,16,55,95,57,49,12,170,114,168,124,174,1,176,92,178,179,180,90,161,183,184,134,186,107,188,142,44,116,18,158,21,177,157,144,78,8,];False
4508;9727;14235;[81,88,73,162,110,5,132,32,85,14,187,29,35,13,153,199,108,17,72,19,172,194,22,23,117,191,140,7,43,11,30,102,12,135,34,185,36,37,38,75,40,165,4,52,163,45,25,47,48,139,62,119,28,128,53,120,79,51,58,59,131,61,149,63,2,173,66,67,60,125,160,105,106,15,98,65,71,77,89,198,80,87,82,83,56,76,94,146,42,156,9,91,100,74,126,3,68,97,175,99,115,101,26,192,104,195,33,127,70,181,41,96,112,0,190,10,167,164,118,86,151,121,122,123,159,113,39,182,111,64,130,54,6,129,133,103,136,137,138,20,196,141,189,46,197,145,109,147,169,50,150,24,152,84,31,193,93,27,155,171,69,154,166,143,16,55,95,57,49,148,170,114,168,124,174,1,176,92,178,179,180,90,161,183,184,134,186,107,188,142,44,116,18,158,21,177,157,144,78,8,];False
4483;9752;14235;[81,88,73,162,110,5,132,32,85,14,187,29,35,13,153,199,108,17,72,19,172,194,22,23,117,191,140,7,43,11,30,102,12,135,34,185,36,37,38,75,40,165,4,52,163,45,25,47,48,139,62,119,28,128,53,120,79,51,58,59,131,61,149,63,2,167,66,67,60,113,160,105,106,15,98,65,71,77,89,198,80,87,82,83,56,76,94,146,42,156,9,91,100,74,126,3,68,97,175,99,115,101,26,192,104,195,33,127,70,181,41,96,112,69,190,10,173,164,118,86,151,121,122,123,159,125,39,124,111,64,130,54,6,129,133,103,136,137,138,20,196,141,189,46,197,145,109,147,169,50,150,24,152,84,31,193,93,27,155,171,0,154,166,143,16,55,95,57,49,148,170,114,168,182,174,1,176,92,178,179,180,90,161,183,184,134,186,107,188,142,44,116,18,158,21,177,157,144,78,8,];False
4507;9727;14234;[81,88,73,162,110,5,132,32,85,14,187,29,35,13,153,199,108,17,72,19,172,194,22,23,117,191,140,7,43,11,30,102,12,135,34,185,36,37,38,75,40,165,4,52,163,45,25,47,48,139,62,119,28,128,53,120,79,51,58,59,131,61,149,63,2,167,66,67,60,113,160,105,106,15,98,65,71,77,89,198,80,87,82,83,56,76,94,146,42,156,9,91,168,74,126,3,68,97,175,99,115,101,26,192,104,195,33,127,70,181,41,96,112,69,190,10,173,164,118,86,151,121,122,123,159,125,39,182,111,64,130,54,6,129,133,103,136,137,138,20,196,141,189,46,197,145,109,147,169,50,150,24,152,84,31,193,93,27,155,171,0,154,166,143,16,55,95,57,49,148,170,114,100,124,174,1,176,92,178,179,180,90,161,183,184,134,186,107,188,142,44,116,18,158,21,177,157,144,78,8,];False
4427;9807;14234;[81,88,73,182,110,5,132,32,85,14,187,29,35,13,72,199,108,17,153,19,172,194,22,23,117,191,140,7,43,11,30,102,12,135,34,185,36,37,38,75,40,165,4,52,163,45,25,47,48,139,62,119,28,128,53,120,79,168,58,59,131,61,149,63,2,173,66,67,60,125,160,105,106,15,98,65,71,77,89,198,80,87,82,83,56,76,94,146,42,156,9,91,100,74,126,3,68,97,175,99,115,101,26,192,104,195,33,127,70,181,41,96,112,69,190,10,167,164,118,86,151,121,122,123,159,113,39,162,111,64,130,54,6,129,133,103,136,137,138,20,196,141,189,46,197,145,109,147,169,50,150,24,152,84,31,193,93,27,155,171,0,154,166,143,16,55,95,57,49,148,170,114,51,124,174,1,176,92,178,179,180,90,161,183,184,134,186,107,188,142,44,116,18,158,21,177,157,144,78,8,];False
4600;9634;14234;[81,88,15,162,110,5,132,32,85,14,187,29,35,13,153,199,108,17,72,19,172,194,22,23,193,191,140,7,43,11,30,102,12,135,34,185,36,37,38,75,40,165,151,52,163,45,25,47,48,139,62,119,28,128,53,120,79,51,58,59,131,61,149,63,2,167,66,67,60,113,160,105,106,73,98,65,71,77,89,198,80,87,82,83,56,76,94,146,42,156,9,91,100,74,126,3,68,97,175,99,115,101,26,192,104,195,33,127,70,181,41,96,112,69,190,10,173,164,118,86,4,121,122,123,159,125,39,182,111,64,130,54,6,129,133,103,136,137,138,20,196,141,189,46,197,145,109,147,169,50,150,24,152,84,31,117,93,27,155,171,0,154,166,57,16,55,95,143,49,148,170,114,168,124,174,1,176,92,178,179,180,90,161,183,184,134,186,107,188,142,44,116,18,158,21,177,157,144,78,8,];False
4519;9714;14233;[81,88,73,162,110,5,132,32,85,14,187,29,35,13,153,199,108,17,72,19,172,194,22,23,117,191,140,7,43,11,30,102,12,135,34,185,36,37,38,75,40,165,4,52,163,45,154,47,48,139,62,119,28,128,53,120,79,51,58,59,131,61,149,63,2,173,66,67,60,113,160,105,106,15,98,65,71,77,89,198,80,87,82,83,56,76,94,146,42,156,9,91,100,74,126,3,68,97,175,99,115,101,26,192,104,195,33,127,70,181,41,96,112,69,190,10,167,164,118,86,151,121,122,123,159,125,39,182,111,64,130,54,6,129,133,103,136,137,138,20,196,141,189,46,197,145,109,147,169,50,150,24,152,84,31,193,93,27,155,171,0,25,166,143,16,55,95,57,49,148,170,114,168,124,174,1,176,92,178,179,180,90,161,183,184,134,186,107,188,142,44,116,18,158,21,177,157,144,78,8,];False
4496;9737;14233;[81,88,73,162,110,5,132,32,85,14,187,29,35,13,153,199,108,17,72,19,172,194,22,23,117,191,140,7,43,11,30,102,12,135,34,185,36,37,38,75,145,165,4,52,163,45,25,47,48,139,62,119,28,128,53,120,79,51,58,59,131,61,149,63,2,173,66,67,60,113,160,105,106,15,98,65,71,77,89,198,80,87,82,83,56,76,94,146,42,156,9,91,100,74,126,3,68,97,175,99,115,101,26,192,104,195,33,127,70,181,41,96,112,69,190,10,167,164,118,86,151,121,122,123,159,125,39,182,111,64,130,54,6,129,133,103,136,137,138,20,196,141,189,46,197,40,109,147,169,50,150,24,152,84,31,193,93,27,155,171,0,154,166,143,16,55,95,57,49,148,170,114,168,124,174,1,176,92,178,179,180,90,161,183,184,134,186,107,188,142,44,116,18,158,21,177,157,144,78,8,];False
4486;9747;14233;[81,88,73,162,110,5,132,32,85,14,187,29,35,13,153,199,108,17,72,19,172,194,22,23,117,191,140,7,43,11,30,102,12,135,34,185,36,37,38,75,40,165,4,52,163,45,25,47,48,139,62,119,28,128,53,120,79,51,58,59,131,61,149,63,2,173,66,67,60,125,160,105,106,15,98,65,71,77,89,198,80,87,82,83,56,76,94,146,42,156,9,91,100,74,126,3,68,97,175,99,115,101,26,192,104,195,33,127,70,181,41,96,112,69,190,10,167,164,118,86,151,121,122,123,159,113,39,182,111,64,130,54,6,129,133,103,136,137,138,20,27,141,189,46,197,145,109,147,169,50,150,24,152,84,31,193,93,196,155,171,0,154,166,143,16,55,95,57,49,148,170,114,168,124,174,1,176,92,178,179,180,90,161,183,184,134,186,107,188,142,44,116,18,158,21,177,157,144,78,8,];False
4512;9720;14232;[81,88,73,162,110,5,132,32,85,14,187,29,35,13,153,199,108,17,72,19,172,194,22,23,117,191,140,7,43,11,30,102,12,135,34,185,36,37,38,75,40,165,4,52,163,45,25,47,48,139,62,119,28,128,53,120,79,51,58,59,131,61,149,63,2,167,66,67,60,113,160,105,106,15,98,171,71,77,89,198,80,87,82,83,56,76,94,146,42,156,9,91,100,74,126,3,68,97,175,99,115,101,26,192,104,195,33,127,70,181,41,96,112,69,190,10,173,164,118,86,151,121,122,123,159,125,39,182,111,64,130,54,6,129,133,103,136,137,138,20,196,141,189,46,197,145,109,147,169,50,150,24,152,84,31,193,93,27,155,65,0,154,166,143,16,55,95,57,49,148,170,114,168,124,174,1,176,92,178,179,180,90,161,183,184,134,186,107,188,142,44,116,18,158,21,177,157,144,78,8,];False
4490;9742;14232;[81,88,19,162,110,5,132,32,85,14,187,29,35,13,153,199,108,17,72,73,172,194,22,23,117,191,140,7,43,11,30,102,12,135,34,185,36,37,38,75,40,165,4,52,163,45,25,47,48,139,62,119,28,128,53,120,79,51,58,59,131,61,149,63,2,167,66,67,60,113,160,105,106,15,98,65,71,77,89,198,80,87,82,83,56,76,94,146,42,156,9,91,100,74,126,3,68,97,175,99,115,101,26,192,104,195,33,127,70,181,41,96,112,69,190,10,173,164,118,86,151,121,122,123,159,125,39,182,111,64,130,54,6,129,133,103,136,137,138,20,196,141,189,46,197,145,109,147,169,50,150,24,152,84,31,193,93,27,155,171,0,154,166,143,16,55,95,57,49,148,170,114,168,124,174,1,176,92,178,179,180,90,161,183,184,134,186,107,188,142,44,116,18,158,21,177,157,144,78,8,];False
4538;9693;14231;[81,88,15,162,110,5,132,32,85,14,187,29,35,13,153,199,108,17,72,19,172,194,22,23,117,191,140,7,43,11,30,102,12,135,34,185,36,37,38,75,40,165,151,52,163,45,25,47,48,49,62,119,28,128,53,120,79,51,58,59,131,61,149,63,2,167,66,67,60,113,160,105,106,73,98,65,71,77,89,198,80,87,82,83,56,76,94,146,42,156,9,91,100,74,126,3,68,97,175,99,115,101,26,192,104,195,33,127,70,181,41,96,112,69,190,10,173,164,118,86,4,121,122,123,159,125,39,182,111,64,130,54,6,129,133,103,136,137,138,20,196,141,189,46,197,145,109,147,169,50,150,24,152,84,31,193,93,27,155,171,0,154,95,57,16,55,166,143,139,148,170,114,168,124,174,1,176,92,178,179,180,90,161,183,184,134,186,107,188,142,44,116,18,158,21,177,157,144,78,8,];False
4520;9711;14231;[81,127,73,162,110,5,132,32,85,14,187,29,35,13,153,199,108,17,72,19,172,194,22,23,117,191,140,7,43,11,30,102,12,135,34,185,36,37,38,75,40,165,4,52,163,45,25,47,48,139,62,119,28,128,53,120,79,51,58,59,131,61,149,63,2,167,66,67,60,113,160,105,106,15,98,65,71,77,89,198,80,87,82,83,56,76,94,146,42,156,9,91,100,74,126,3,68,97,175,99,115,101,26,192,104,195,33,88,70,181,41,96,112,69,190,10,173,164,118,86,151,121,122,123,159,125,39,182,111,64,130,54,6,129,133,103,136,137,138,20,196,141,189,46,197,145,109,147,169,50,150,24,152,84,31,193,93,27,155,171,0,154,166,143,16,55,95,57,49,148,170,114,168,124,174,1,176,92,178,179,180,90,161,183,184,134,186,107,188,142,44,116,18,158,21,177,157,144,78,8,];False
4522;9707;14229;[81,88,73,162,110,5,132,32,85,14,187,29,35,13,153,199,108,17,72,19,172,194,22,23,117,191,140,7,43,11,30,102,12,135,34,185,36,37,38,75,40,165,4,52,163,45,25,47,48,139,62,119,28,128,53,120,79,51,58,59,131,61,149,63,2,167,66,67,60,113,160,105,106,15,98,65,71,77,89,198,151,87,82,83,56,76,94,146,42,156,9,91,100,74,126,3,68,97,175,99,115,101,26,192,104,195,33,127,70,181,41,96,112,69,190,10,173,164,118,86,80,121,122,123,159,125,39,182,111,64,130,54,6,129,133,103,136,137,138,20,196,141,189,46,197,145,109,147,169,50,150,24,152,84,31,193,93,27,155,171,0,154,166,57,16,55,95,143,49,148,170,114,168,124,174,1,176,92,178,179,180,90,161,183,184,134,186,107,188,142,44,116,18,158,21,177,157,144,78,8,];False
4492;9737;14229;[81,88,73,162,110,5,132,32,85,14,187,29,35,13,153,199,108,17,72,19,172,194,22,23,117,191,140,7,43,11,30,102,12,135,34,185,36,37,38,75,40,165,4,52,163,45,25,47,48,139,62,119,28,128,53,120,79,51,58,59,131,61,149,63,2,173,66,67,60,113,160,105,106,15,98,65,71,89,77,198,80,87,82,83,56,76,94,146,42,156,9,91,100,74,126,3,68,97,175,99,115,101,26,192,104,195,33,127,70,181,41,96,112,69,190,10,167,164,118,86,151,121,122,123,159,125,39,182,111,64,130,54,6,129,133,103,136,137,138,20,196,141,189,46,197,145,109,147,169,50,150,24,152,84,31,193,93,27,155,171,0,154,166,143,16,55,95,57,49,148,170,114,168,124,174,1,176,92,178,179,180,90,161,183,184,134,186,107,188,142,44,116,18,158,21,177,157,144,78,8,];False
4484;9745;14229;[81,88,73,162,110,5,132,32,85,14,187,29,35,13,153,199,108,17,72,19,172,194,22,23,117,191,140,7,43,11,30,102,12,135,34,185,36,37,38,75,40,165,4,52,163,45,25,47,48,139,62,119,28,128,53,120,79,51,58,59,131,61,149,63,2,167,66,67,60,113,160,105,106,15,98,65,71,77,89,198,80,87,82,83,56,76,94,146,42,156,9,92,100,74,126,3,68,97,175,99,115,101,26,192,104,195,33,127,70,181,41,96,112,69,190,10,173,164,118,86,151,121,122,123,159,125,39,182,111,64,130,54,6,129,133,103,136,137,138,20,196,141,189,46,197,145,109,147,169,50,150,24,152,84,31,193,93,27,155,171,0,154,166,143,16,55,95,57,49,148,170,114,168,124,174,1,176,91,178,179,180,90,161,183,184,134,186,107,188,142,44,116,18,158,21,177,157,144,78,8,];False
4542;9687;14229;[81,88,73,162,110,5,132,32,85,14,187,29,35,13,153,199,108,17,72,19,172,194,22,23,117,191,140,7,43,11,30,102,12,135,34,185,36,37,38,75,40,165,4,52,163,45,25,47,48,139,62,119,28,128,2,120,79,51,58,59,131,61,149,63,53,167,66,67,60,113,160,105,106,15,98,65,71,77,89,198,80,87,82,83,56,76,94,146,42,156,9,91,100,74,126,3,68,97,175,99,115,101,26,192,104,195,33,127,70,181,41,96,112,69,190,10,173,164,118,86,151,121,122,123,159,125,39,182,111,64,130,54,6,129,133,103,136,137,138,20,196,141,189,46,197,145,109,147,169,50,150,24,152,84,31,193,93,27,155,171,0,154,166,143,16,55,95,57,49,148,170,114,168,124,174,1,176,92,178,179,180,90,161,183,184,134,186,107,188,142,44,116,18,158,21,177,157,144,78,8,];False
4518;9710;14228;[81,88,73,162,110,5,132,32,85,14,187,29,35,13,153,199,108,17,72,19,172,194,22,23,117,191,140,7,43,11,30,102,12,135,34,185,36,37,38,75,40,165,4,52,163,45,25,47,48,139,62,119,28,128,53,120,79,51,58,59,131,61,149,63,2,167,66,67,60,113,160,105,106,15,98,65,71,77,89,198,80,87,82,83,56,76,94,146,42,156,9,91,100,74,126,3,68,97,175,99,115,101,26,192,104,195,33,127,70,181,41,96,112,69,190,10,173,164,118,86,151,121,122,123,159,125,39,182,111,64,130,54,6,129,133,103,136,137,138,20,196,141,189,46,197,145,109,147,169,50,150,24,152,84,31,193,93,27,155,171,0,154,166,143,16,55,95,142,49,148,170,114,168,124,174,1,176,92,178,179,180,90,161,183,184,134,186,107,188,57,44,116,18,158,21,177,157,144,78,8,];False
4511;9717;14228;[81,88,73,162,110,5,132,32,85,14,187,29,35,13,153,199,108,17,72,19,172,194,22,23,117,191,140,7,43,11,30,102,12,135,34,185,36,37,38,75,40,165,4,52,163,45,25,47,48,139,62,119,28,128,53,120,79,51,58,59,131,61,149,63,2,167,66,67,60,113,160,105,106,15,98,65,71,77,89,198,80,87,82,83,56,76,94,146,42,156,9,91,100,74,126,3,68,97,175,99,115,101,26,192,104,195,33,127,70,181,41,96,112,69,190,10,173,164,118,86,151,121,122,123,159,125,39,182,111,64,130,54,6,129,133,103,136,137,138,20,196,141,189,46,197,145,109,147,169,50,150,24,152,84,31,193,93,27,155,171,0,154,166,143,16,55,95,57,49,148,170,114,168,124,174,1,176,92,178,179,180,144,161,183,184,134,186,107,188,142,44,116,18,158,21,177,157,90,78,8,];False
4504;9723;14227;[81,88,73,162,110,5,132,32,85,14,187,29,35,13,153,199,108,17,72,19,172,194,22,23,117,191,140,7,43,11,30,102,12,135,34,185,36,37,38,75,40,165,4,52,163,45,25,47,48,139,62,119,28,128,53,120,79,51,58,59,131,61,149,63,2,167,66,67,60,113,160,105,106,15,98,65,71,77,89,198,80,87,82,83,56,76,94,146,42,156,9,91,100,74,126,3,68,97,175,99,115,101,26,192,104,195,33,127,70,181,41,96,112,69,190,10,173,164,118,86,151,121,122,123,159,125,39,182,111,64,130,54,6,129,133,103,136,137,138,20,196,141,189,46,197,145,109,147,177,50,150,24,152,84,31,193,93,27,155,171,0,154,166,143,16,55,95,57,49,148,170,114,168,124,174,1,176,92,178,179,180,90,161,183,184,134,186,107,188,142,44,116,18,158,21,169,157,144,78,8,];False
4538;9689;14227;[81,88,73,162,110,5,132,32,85,14,123,29,35,13,153,199,108,17,72,19,172,194,22,23,117,191,140,7,43,11,30,102,12,135,34,185,36,37,38,75,40,165,4,52,163,45,25,47,48,139,62,119,28,128,53,120,79,51,58,59,131,61,149,63,2,167,66,67,60,113,160,105,106,15,98,65,71,77,89,198,80,87,82,83,56,76,94,146,42,156,9,91,100,74,126,3,68,97,175,99,115,101,26,192,104,195,33,127,70,181,41,96,112,69,190,10,173,164,118,86,151,121,122,187,159,125,39,182,111,64,130,54,6,129,133,103,136,137,138,20,196,141,189,46,197,145,109,147,169,50,150,24,152,84,31,193,93,27,155,171,0,154,166,143,16,55,95,57,49,148,170,114,168,124,174,1,176,92,178,179,180,90,161,183,184,134,186,107,188,142,44,116,18,158,21,177,157,144,78,8,];False
4550;9677;14227;[81,88,15,162,110,5,132,32,85,14,187,29,35,13,153,199,108,17,72,19,172,194,22,23,117,191,140,7,43,11,30,102,12,135,34,185,36,37,38,75,40,165,151,52,163,45,25,47,48,139,62,119,28,128,53,120,79,51,58,59,131,61,149,63,2,167,66,67,60,113,160,105,106,73,98,137,71,77,89,198,80,87,82,83,56,76,94,146,42,156,9,91,100,74,126,3,68,97,175,99,115,101,26,192,104,195,33,127,70,181,41,96,112,69,190,10,173,164,118,86,4,121,122,123,159,125,39,182,111,64,130,54,6,129,133,103,136,65,138,20,196,141,189,46,197,145,109,147,169,50,150,24,152,84,31,193,93,27,155,171,0,154,166,57,16,55,95,143,49,148,170,114,168,124,174,1,176,92,178,179,180,90,161,183,184,134,186,107,188,142,44,116,18,158,21,177,157,144,78,8,];False
4471;9754;14225;[81,88,73,162,110,5,132,32,85,14,187,29,35,13,153,199,108,17,72,19,172,194,22,23,117,191,140,7,43,11,30,102,12,135,34,185,36,37,38,75,40,165,4,52,163,45,25,47,48,139,62,119,28,128,53,120,79,51,58,59,131,61,149,63,2,173,66,67,60,113,160,105,106,15,98,65,71,77,89,198,80,87,82,83,56,76,94,146,42,156,9,91,100,74,126,3,68,97,175,99,115,101,26,192,104,195,33,127,70,181,41,96,112,69,190,10,167,164,118,86,151,121,122,148,159,125,39,182,111,64,130,54,6,129,133,103,136,137,138,20,196,141,189,46,197,145,109,147,169,50,150,24,152,84,31,193,93,27,155,171,0,154,166,143,16,55,95,57,49,123,170,114,168,124,174,1,176,92,178,179,180,90,161,183,184,134,186,107,188,142,44,116,18,158,21,177,157,144,78,8,];False
4561;9664;14225;[81,88,15,162,110,5,132,32,85,14,187,29,35,13,153,199,108,17,72,19,172,194,22,23,117,191,140,7,43,11,30,102,12,135,34,185,36,37,38,75,40,165,4,52,163,45,25,47,48,139,62,119,28,128,53,120,79,51,58,59,131,61,155,63,2,167,66,67,60,113,160,105,106,73,98,65,71,77,89,198,80,87,82,83,56,76,94,146,42,156,9,91,100,74,126,3,68,97,175,99,115,101,26,192,104,195,33,127,70,181,41,96,112,69,190,10,173,164,118,86,151,121,122,123,159,125,39,182,111,64,130,54,6,129,133,103,136,137,138,20,196,141,189,46,197,145,109,147,169,50,150,24,152,84,31,193,93,27,149,171,0,154,166,57,16,55,95,143,49,148,170,114,168,124,174,1,176,92,178,179,180,90,161,183,184,134,186,107,188,142,44,116,18,158,21,177,157,144,78,8,];False
4553;9670;14223;[81,88,15,162,110,5,132,32,85,14,187,29,35,13,153,199,108,17,72,19,172,194,22,23,157,191,140,7,43,11,30,102,12,135,34,185,36,37,38,75,40,165,151,52,163,45,25,47,48,139,62,119,28,128,53,120,79,51,58,59,131,61,149,63,2,167,66,67,60,113,160,105,106,73,98,65,71,77,89,198,80,87,82,83,56,76,94,146,42,156,9,91,100,74,126,3,68,97,175,99,115,101,26,192,104,195,33,127,70,181,41,96,112,69,190,10,173,164,118,86,4,121,122,123,159,125,39,182,111,64,130,54,6,129,133,103,136,137,138,20,196,141,189,46,197,145,109,147,169,50,150,24,152,84,31,193,93,27,155,171,0,154,166,57,16,55,95,143,49,148,170,114,168,124,174,1,176,92,178,179,180,90,161,183,184,134,186,107,188,142,44,116,18,158,21,177,117,144,78,8,];False
4522;9701;14223;[81,88,73,162,110,5,132,32,85,14,187,29,35,13,153,199,108,17,72,19,172,194,22,23,117,191,140,7,43,11,30,102,12,135,34,185,36,37,38,75,40,165,4,52,163,45,25,47,48,139,62,119,28,128,53,120,79,51,58,59,131,61,149,63,2,167,66,67,60,113,160,105,106,15,98,65,71,77,89,198,80,87,82,83,56,76,94,146,42,156,9,91,100,74,126,3,68,97,175,99,115,101,26,192,104,195,33,127,70,181,41,96,112,69,190,10,173,188,118,86,151,121,122,123,159,125,39,182,111,64,130,54,6,129,133,103,136,137,138,20,196,141,189,46,197,145,109,147,169,50,150,24,152,84,31,193,93,27,155,171,0,154,166,143,16,55,95,57,49,148,170,114,168,124,174,1,176,92,178,179,180,90,161,183,184,134,186,107,164,142,44,116,18,158,21,177,157,144,78,8,];False
4483;9739;14222;[81,88,73,162,110,5,132,32,85,14,187,29,35,13,153,199,108,17,120,19,172,194,22,23,117,191,140,7,43,11,30,102,12,135,34,185,36,37,38,75,40,165,4,52,163,45,25,47,48,139,62,119,28,128,53,72,79,51,58,59,131,61,149,63,2,173,66,67,60,113,160,105,106,15,98,65,71,77,89,198,80,87,82,83,56,76,94,146,42,156,9,91,100,74,126,3,68,97,175,99,115,101,26,192,104,195,33,127,70,181,41,96,112,69,190,10,167,164,118,86,151,121,122,123,159,125,39,182,111,64,130,54,6,129,133,103,136,137,138,20,196,141,189,46,197,145,109,147,169,50,150,24,152,84,31,193,93,27,155,171,0,154,166,143,16,55,95,57,49,148,170,114,168,124,174,1,176,92,178,179,180,90,161,183,184,134,186,107,188,142,44,116,18,158,21,177,157,144,78,8,];False
4560;9662;14222;[81,88,15,162,110,5,132,32,85,14,187,29,35,13,153,199,108,17,72,19,172,194,22,23,117,191,140,7,43,11,30,102,12,135,34,185,36,37,38,75,40,165,4,52,163,45,25,47,48,139,62,119,28,128,53,120,79,51,58,59,131,61,149,63,2,167,66,67,60,113,160,105,106,73,98,65,71,77,89,198,80,87,82,83,56,76,94,146,42,156,9,91,100,74,126,3,68,97,175,99,115,101,26,192,104,195,33,127,70,181,41,96,112,69,190,10,173,164,118,86,151,121,122,123,159,125,39,182,111,64,130,54,6,46,133,103,136,137,138,20,196,141,189,129,197,145,109,147,169,50,150,24,152,84,31,193,93,27,155,171,0,154,166,57,16,55,95,143,49,148,170,114,168,124,174,1,176,92,178,179,180,90,161,183,184,134,186,107,188,142,44,116,18,158,21,177,157,144,78,8,];False
4503;9719;14222;[81,88,73,162,110,5,132,32,85,14,187,29,35,13,153,199,108,17,72,19,172,194,22,23,117,191,140,7,43,11,30,102,12,135,34,185,36,37,38,75,40,165,4,52,163,45,25,47,48,139,62,119,28,128,53,120,79,168,58,59,131,157,149,63,2,173,66,67,60,125,160,105,106,15,98,65,71,77,89,198,80,87,82,83,56,76,94,146,42,156,9,91,100,74,126,3,68,97,175,99,115,101,26,192,104,195,33,127,70,181,41,96,112,69,190,10,167,164,118,86,151,121,122,123,159,113,39,182,111,64,130,54,6,129,133,103,136,137,138,20,196,141,189,46,197,145,109,147,169,50,150,24,152,84,31,193,93,27,155,171,0,154,166,143,16,55,95,57,49,148,170,114,51,124,174,1,176,92,178,179,180,90,161,183,184,134,186,107,188,142,44,116,18,158,21,177,61,144,78,8,];False
4418;9804;14222;[81,88,73,162,110,5,132,32,85,14,187,29,35,13,72,199,108,17,153,19,172,194,22,23,117,191,140,7,43,11,30,102,12,135,34,185,36,37,38,75,40,165,4,52,163,45,25,47,48,139,62,119,28,128,53,120,79,168,58,59,131,61,149,63,2,173,66,67,60,125,160,105,106,15,98,65,71,77,89,198,80,87,82,83,56,76,94,146,42,156,9,91,100,74,126,3,68,97,175,99,115,101,26,192,104,195,33,127,70,181,41,96,112,51,190,10,167,164,118,86,151,121,122,123,159,113,39,182,111,64,130,54,6,129,133,103,136,137,138,20,196,141,189,46,197,145,109,147,169,50,150,24,152,84,31,193,93,27,155,171,0,154,166,143,16,55,95,57,49,148,170,114,69,124,174,1,176,92,178,179,180,90,161,183,184,134,186,107,188,142,44,116,18,158,21,177,157,144,78,8,];False
4529;9693;14222;[81,88,15,162,110,5,132,32,85,14,187,29,35,13,153,199,108,17,72,19,172,194,22,23,117,191,140,7,43,11,30,102,12,135,34,185,36,37,38,75,40,165,151,52,163,45,25,47,48,49,62,119,28,128,53,120,79,51,58,59,131,61,149,63,2,167,66,67,161,113,160,105,106,73,98,65,71,77,89,198,80,87,82,83,56,76,94,146,42,156,9,91,100,74,126,3,68,97,175,99,115,101,26,192,104,195,33,127,70,181,41,96,112,69,190,10,173,164,118,86,4,121,122,123,159,125,39,182,111,64,130,54,6,129,133,103,136,137,138,20,196,141,189,46,197,145,109,147,169,50,150,24,152,84,31,193,93,27,155,171,0,154,166,57,16,55,95,143,139,148,170,114,168,124,174,1,176,92,178,179,180,90,60,183,184,134,186,107,188,142,44,116,18,158,21,177,157,144,78,8,];False
4443;9778;14221;[81,88,73,162,110,5,132,32,85,14,187,29,35,13,153,199,108,17,72,19,172,194,22,23,117,191,140,7,43,11,30,102,12,135,34,185,36,37,38,75,40,165,4,52,163,45,25,47,48,139,62,119,28,128,53,120,79,51,58,59,131,61,149,63,2,173,66,67,60,113,160,105,106,15,98,65,71,77,89,198,80,87,82,83,56,76,94,146,42,156,9,91,100,74,126,3,68,97,175,99,115,164,26,192,104,195,33,127,70,181,41,96,112,69,190,10,167,101,118,86,151,121,122,123,159,125,39,182,111,64,130,54,6,129,133,103,136,137,138,20,196,141,189,46,197,145,109,147,169,50,150,24,152,84,31,193,93,27,155,171,0,154,166,143,16,55,95,57,49,148,170,114,168,124,174,1,176,92,178,179,180,90,161,183,184,134,186,107,188,142,44,116,18,158,21,177,157,144,78,8,];False
4474;9747;14221;[81,88,73,162,110,5,132,32,85,14,187,29,35,13,153,199,108,17,72,19,172,194,22,23,117,191,140,7,43,11,30,102,12,135,34,185,36,37,38,75,40,165,4,52,163,45,25,47,48,139,62,119,28,128,53,120,79,51,58,59,131,61,149,63,2,173,66,67,60,113,160,182,106,15,98,65,71,77,89,198,80,87,82,83,56,76,94,146,42,156,9,91,100,74,126,3,68,97,175,99,115,101,26,192,104,195,33,127,70,181,41,96,112,69,190,10,167,164,118,86,151,121,122,123,159,125,39,105,111,64,130,54,6,129,133,103,136,137,138,20,196,141,189,46,197,145,109,147,169,50,150,24,152,84,31,193,93,27,155,171,0,154,166,143,16,55,95,57,49,148,170,114,168,124,174,1,176,92,178,179,180,90,161,183,184,134,186,107,188,142,44,116,18,158,21,177,157,144,78,8,];False
4548;9673;14221;[81,88,15,162,110,5,132,32,85,14,187,29,35,13,153,199,108,17,72,19,172,194,22,23,117,191,140,7,43,11,30,102,12,135,34,185,36,37,38,75,40,165,151,52,163,45,25,47,48,139,62,119,28,128,53,120,79,51,58,182,131,61,149,63,2,167,66,67,60,113,160,105,106,73,98,65,71,77,89,198,80,87,82,83,56,76,94,146,42,156,9,91,100,74,126,3,68,97,175,99,115,101,26,192,104,195,33,127,70,181,41,96,112,69,190,10,173,164,118,86,4,121,122,123,159,125,39,59,111,64,130,54,6,129,133,103,136,137,138,20,196,141,189,46,197,145,109,147,169,50,150,24,152,84,31,193,93,27,155,171,0,154,166,57,16,55,95,143,49,148,170,114,168,124,174,1,176,92,178,179,180,90,161,183,184,134,186,107,188,142,44,116,18,158,21,177,157,144,78,8,];False
4516;9704;14220;[81,88,73,162,110,5,132,32,85,14,187,29,35,13,153,199,108,17,72,19,172,194,22,23,117,191,140,7,43,11,30,102,12,135,34,185,36,37,38,75,40,165,4,52,163,45,25,47,48,139,62,119,28,128,53,120,79,51,58,59,131,61,149,63,2,167,66,67,60,113,160,105,106,15,98,65,71,77,89,198,80,87,82,83,56,76,94,146,42,156,9,91,100,74,126,3,68,97,175,99,115,101,26,192,104,195,33,39,70,181,41,96,112,69,190,10,173,164,118,86,151,121,122,123,159,125,127,182,111,64,130,54,6,129,133,103,136,137,138,20,196,141,189,46,197,145,109,147,169,50,150,24,152,84,31,193,93,27,155,171,0,154,166,143,16,55,95,57,49,148,170,114,168,124,174,1,176,92,178,179,180,90,161,183,184,134,186,107,188,142,44,116,18,158,21,177,157,144,78,8,];False
4488;9732;14220;[81,88,73,162,110,5,132,32,85,14,187,29,35,13,153,199,108,17,72,19,172,194,22,23,117,191,140,7,43,11,30,102,12,135,34,185,36,37,38,75,40,165,4,52,163,45,25,47,48,139,62,42,28,128,53,120,79,51,58,59,131,61,149,63,2,167,66,67,60,113,160,105,106,15,98,65,71,77,89,198,80,87,82,83,56,76,94,146,119,156,9,91,100,74,126,3,68,97,175,99,115,101,26,192,104,195,33,127,70,181,41,96,112,69,190,10,173,164,118,86,151,121,122,123,159,125,39,182,111,64,130,54,6,129,133,103,136,137,138,20,196,141,189,46,197,145,109,147,169,50,150,24,152,84,31,193,93,27,155,171,0,154,166,143,16,55,95,57,49,148,170,114,168,124,174,1,176,92,178,179,180,90,161,183,184,134,186,107,188,142,44,116,18,158,21,177,157,144,78,8,];False
4500;9720;14220;[81,88,73,162,110,5,132,32,85,14,187,29,35,13,153,199,108,17,72,19,172,194,22,23,117,191,140,7,43,11,30,102,12,135,34,185,36,37,38,75,40,165,4,52,163,45,25,47,48,139,62,119,28,128,53,120,79,51,58,59,131,61,149,63,2,167,66,67,60,113,160,105,106,15,98,65,71,77,89,198,80,87,82,83,56,76,94,146,42,156,9,91,100,74,126,3,68,97,175,99,115,101,26,39,104,195,33,127,70,181,41,96,112,69,190,10,173,164,118,86,151,121,122,123,159,125,192,182,111,64,130,54,6,129,133,103,136,137,138,20,196,141,189,46,197,145,109,147,169,50,150,24,152,84,31,193,93,27,155,171,0,154,166,143,16,55,95,57,49,148,170,114,168,124,174,1,176,92,178,179,180,90,161,183,184,134,186,107,188,142,44,116,18,158,21,177,157,144,78,8,];False
4540;9680;14220;[81,88,15,162,110,5,132,32,85,14,187,29,35,13,153,199,108,17,72,19,172,194,22,23,117,191,140,7,43,11,30,102,12,135,34,185,36,37,38,75,40,165,4,52,163,45,25,47,48,139,62,119,28,128,53,120,79,51,58,59,131,61,149,63,2,167,66,67,60,113,160,105,106,73,98,65,71,77,89,198,80,87,82,83,56,76,94,146,42,156,9,91,100,74,126,3,68,97,175,99,115,101,26,192,104,195,31,127,70,181,41,96,112,69,190,10,173,164,118,86,151,121,122,123,159,125,39,182,111,64,130,54,6,129,133,103,136,137,138,20,196,141,189,46,197,145,109,147,169,50,150,24,152,84,33,193,93,27,155,171,0,154,166,57,16,55,95,143,49,148,170,114,168,124,174,1,176,92,178,179,180,90,161,183,184,134,186,107,188,142,44,116,18,158,21,177,157,144,78,8,];False
4499;9720;14219;[81,88,15,162,110,5,132,32,85,14,187,29,35,13,153,199,108,17,72,19,172,194,22,23,117,191,140,7,43,11,30,102,12,135,34,185,36,37,38,75,40,165,4,52,163,45,25,47,48,139,62,119,28,128,53,120,79,51,58,118,131,61,149,63,2,167,66,67,60,113,160,105,106,73,98,65,71,77,89,198,80,87,82,83,56,76,94,146,42,156,9,91,100,74,126,3,68,97,175,99,115,101,26,192,104,195,33,127,70,181,41,96,112,69,190,10,173,164,59,86,151,121,122,123,159,125,39,182,111,64,130,54,6,129,133,103,136,137,138,20,196,141,189,46,197,145,109,147,169,50,150,24,152,84,31,193,93,27,155,171,0,154,166,57,16,55,95,143,49,148,170,114,168,124,174,1,176,92,178,179,180,90,161,183,184,134,186,107,188,142,44,116,18,158,21,177,157,144,78,8,];False
4499;9720;14219;[81,88,73,162,110,5,132,32,85,14,187,29,35,13,153,199,108,17,72,19,172,194,22,23,117,191,140,7,43,11,30,102,12,135,34,185,36,37,38,75,40,165,4,52,163,45,175,47,48,139,62,119,28,128,53,120,79,51,58,59,131,61,149,63,2,173,66,67,60,113,160,105,106,15,98,65,71,77,89,198,80,87,82,83,56,76,94,146,42,156,9,91,100,74,126,3,68,97,25,99,115,101,26,192,104,195,33,127,70,181,41,96,112,69,190,10,167,164,118,86,151,121,122,123,159,125,39,182,111,64,130,54,6,129,133,103,136,137,138,20,196,141,189,46,197,145,109,147,169,50,150,24,152,84,31,193,93,27,155,171,0,154,166,143,16,55,95,57,49,148,170,114,168,124,174,1,176,92,178,179,180,90,161,183,184,134,186,107,188,142,44,116,18,158,21,177,157,144,78,8,];False
4510;9708;14218;[81,88,73,162,110,5,132,32,85,14,187,29,35,13,153,199,108,17,72,19,172,194,22,23,117,191,140,7,43,11,30,102,12,135,34,185,36,37,38,75,40,165,4,52,163,45,25,47,48,139,62,119,28,128,53,120,79,51,58,137,131,61,149,63,2,167,66,67,60,113,160,105,106,15,98,65,71,77,89,198,80,87,82,83,56,76,94,146,42,156,9,91,100,74,126,3,68,97,175,99,115,101,26,192,104,195,33,127,70,181,41,96,112,69,190,10,173,164,118,86,151,121,122,123,159,125,39,182,111,64,130,54,6,129,133,103,136,59,138,20,196,141,189,46,197,145,109,147,169,50,150,24,152,84,31,193,93,27,155,171,0,154,166,143,16,55,95,57,49,148,170,114,168,124,174,1,176,92,178,179,180,90,161,183,184,134,186,107,188,142,44,116,18,158,21,177,157,144,78,8,];False
4488;9730;14218;[81,88,73,162,110,5,132,32,85,14,187,29,35,13,153,199,108,17,72,19,172,194,22,23,117,191,140,7,43,11,30,102,12,135,34,185,36,37,38,75,40,165,4,52,163,45,25,47,48,139,62,119,28,128,53,120,79,51,58,59,131,61,149,63,2,167,66,67,60,113,160,105,106,15,98,65,71,77,89,198,80,87,82,83,56,76,94,146,42,156,9,91,100,74,126,3,68,97,175,99,115,101,26,192,104,195,33,127,70,181,41,96,112,69,190,10,173,164,118,86,151,121,122,123,159,125,39,182,111,64,130,54,6,129,133,103,136,137,138,20,196,141,189,46,197,145,109,147,169,50,150,24,152,84,31,193,93,27,155,171,0,154,166,143,16,55,95,57,49,148,170,114,168,124,184,1,176,92,178,179,180,90,161,183,174,134,186,107,188,142,44,116,18,158,21,177,157,144,78,8,];False
4474;9743;14217;[81,88,73,162,110,5,132,32,85,14,187,29,35,13,153,199,108,17,72,19,172,194,22,23,117,191,140,7,43,11,30,102,12,135,34,185,36,37,38,75,40,165,4,52,163,45,25,47,48,139,62,119,28,128,53,120,79,51,58,59,131,61,149,63,2,173,66,67,60,113,160,105,106,15,98,65,71,77,89,198,80,87,82,83,56,76,94,146,42,156,9,91,100,74,126,3,68,97,175,99,115,101,26,192,104,195,33,127,70,27,41,96,112,69,190,10,167,164,118,86,151,121,122,123,159,125,39,182,111,64,130,54,6,129,133,103,136,137,138,20,196,141,189,46,197,145,109,147,169,50,150,24,152,84,31,193,93,181,155,171,0,154,166,143,16,55,95,57,49,148,170,114,168,124,174,1,176,92,178,179,180,90,161,183,184,134,186,107,188,142,44,116,18,158,21,177,157,144,78,8,];False
4477;9739;14216;[81,88,73,29,110,5,132,32,85,14,187,162,35,13,153,199,108,17,72,19,172,194,22,23,117,191,140,7,43,11,30,102,12,135,34,185,36,37,38,75,40,165,4,52,163,45,25,47,48,139,62,119,28,128,53,120,79,168,58,59,131,61,149,63,2,173,66,67,60,125,160,105,106,15,98,65,71,77,89,198,80,87,82,83,56,76,94,146,42,156,9,91,100,74,126,3,68,97,175,99,115,101,26,192,104,195,33,127,70,181,41,96,112,69,190,10,167,164,118,86,151,121,122,123,159,113,39,182,111,64,130,54,6,129,133,103,136,137,138,20,196,141,189,46,197,145,109,147,169,50,150,24,152,84,31,193,93,27,155,171,0,154,166,143,16,55,95,57,49,148,170,114,51,124,174,1,176,92,178,179,180,90,161,183,184,134,186,107,188,142,44,116,18,158,21,177,157,144,78,8,];False
4476;9739;14215;[81,88,73,162,110,5,132,32,85,14,187,29,35,13,153,199,108,17,72,19,172,194,22,23,117,191,140,7,43,11,30,102,12,135,34,185,36,37,38,75,40,165,4,52,163,45,25,47,48,139,62,119,28,128,53,120,79,51,58,59,131,61,149,63,2,167,66,67,60,113,160,105,106,15,98,65,71,77,89,198,80,87,82,83,56,76,94,146,42,156,9,91,100,74,126,3,68,97,175,99,115,101,26,192,104,195,33,127,70,181,41,169,112,69,190,10,173,164,118,86,151,121,122,123,159,125,39,182,111,64,130,54,6,129,133,103,136,137,138,20,196,141,189,46,197,145,109,147,96,50,150,24,152,84,31,193,93,27,155,171,0,154,166,57,16,55,95,143,49,148,170,114,168,124,174,1,176,92,178,179,180,90,161,183,184,134,186,107,188,142,44,116,18,158,21,177,157,144,78,8,];False
4535;9680;14215;[81,88,73,162,110,5,132,32,156,14,187,29,35,13,153,199,108,17,72,19,172,194,22,23,117,191,140,7,43,11,30,102,12,135,34,185,36,37,38,75,40,165,4,52,163,45,25,47,48,139,62,119,28,128,53,120,79,51,58,59,131,61,149,63,2,167,66,67,60,113,160,105,106,15,98,65,71,77,89,198,80,87,82,83,56,76,94,146,42,85,9,91,100,74,126,3,68,97,175,99,115,101,26,192,104,195,33,127,70,181,41,96,112,69,190,10,173,164,118,86,151,121,122,123,159,125,39,182,111,64,130,54,6,129,133,103,136,137,138,20,196,141,189,46,197,145,109,147,169,50,150,24,152,84,31,193,93,27,155,171,0,154,166,143,16,55,95,57,49,148,170,114,168,124,174,1,176,92,178,179,180,90,161,183,184,134,186,107,188,142,44,116,18,158,21,177,157,144,78,8,];False
4506;9708;14214;[81,88,73,162,110,5,132,32,85,14,187,29,35,13,153,199,108,17,72,19,172,194,22,23,117,191,140,7,43,11,30,102,12,135,34,185,36,37,38,75,40,165,4,52,163,45,25,47,48,139,62,119,28,128,53,87,79,51,58,59,131,61,149,63,2,167,66,67,60,113,160,105,106,15,98,65,71,77,89,198,80,120,82,83,56,76,94,146,42,156,9,91,100,74,126,3,68,97,175,99,115,101,26,192,104,195,33,127,70,181,41,96,112,69,190,10,173,164,118,86,151,121,122,123,159,125,39,182,111,64,130,54,6,129,133,103,136,137,138,20,196,141,189,46,197,145,109,147,169,50,150,24,152,84,31,193,93,27,155,171,0,154,166,143,16,55,95,57,49,148,170,114,168,124,174,1,176,92,178,179,180,90,161,183,184,134,186,107,188,142,44,116,18,158,21,177,157,144,78,8,];False
4491;9723;14214;[81,88,73,162,110,5,132,32,85,14,187,29,35,13,153,199,108,17,72,19,172,194,22,23,117,191,140,7,43,11,30,102,12,135,34,185,36,37,38,75,40,165,4,52,163,45,25,47,48,139,62,119,28,128,53,120,79,51,58,59,131,61,149,63,2,167,66,67,60,113,160,105,106,15,98,65,71,77,89,198,80,87,82,83,56,76,94,146,42,156,9,91,100,74,126,3,68,97,175,99,115,101,26,192,104,195,33,127,70,181,41,96,112,69,190,10,173,164,118,86,151,121,122,123,159,125,39,182,111,64,130,54,6,129,133,103,136,137,138,20,196,141,189,46,197,145,109,147,169,50,150,24,152,84,168,193,93,27,155,171,0,154,166,143,16,55,95,57,49,148,170,114,31,124,174,1,176,92,178,179,180,90,161,183,184,134,186,107,188,142,44,116,18,158,21,177,157,144,78,8,];False
4467;9746;14213;[81,88,73,162,110,5,132,32,85,14,187,29,35,13,153,199,108,17,72,19,172,194,22,23,117,191,140,7,43,11,30,102,12,135,34,185,36,37,38,75,40,165,4,52,163,45,25,47,48,139,62,119,28,128,53,120,79,51,58,59,131,61,149,63,2,167,66,67,164,113,160,105,106,15,98,65,71,77,89,198,80,87,82,83,56,76,94,146,42,156,9,91,100,74,126,3,68,97,175,99,115,101,26,192,104,195,33,127,70,181,41,96,112,69,190,10,173,60,118,86,151,121,122,123,159,125,39,182,111,64,130,54,6,129,133,103,136,137,138,20,196,141,189,46,197,145,109,147,169,50,150,24,152,84,31,193,93,27,155,171,0,154,166,143,16,55,95,57,49,148,170,114,168,124,174,1,176,92,178,179,180,90,161,183,184,134,186,107,188,142,44,116,18,158,21,177,157,144,78,8,];False
4484;9728;14212;[81,88,73,162,110,5,132,32,85,14,191,29,35,13,153,199,108,17,72,19,172,194,22,23,117,187,140,7,43,11,30,102,12,135,34,185,36,37,38,75,40,165,4,52,163,45,25,47,48,139,62,119,28,128,53,120,79,168,58,59,131,61,149,63,2,173,66,67,60,125,160,105,106,15,98,65,71,77,89,198,80,87,82,83,56,76,94,146,42,156,9,91,100,74,126,3,68,97,175,99,115,101,26,192,104,195,33,127,70,181,41,96,112,69,190,10,167,164,118,86,151,121,122,123,159,113,39,182,111,64,130,54,6,129,133,103,136,137,138,20,196,141,189,46,197,145,109,147,169,50,150,24,152,84,31,193,93,27,155,171,0,154,166,143,16,55,95,57,49,148,170,114,51,124,174,1,176,92,178,179,180,90,161,183,184,134,186,107,188,142,44,116,18,158,21,177,157,144,78,8,];False
4500;9711;14211;[81,88,73,162,110,5,132,32,85,14,37,29,35,13,153,199,108,17,72,19,172,194,22,23,117,191,140,7,43,11,30,102,12,135,34,185,36,187,38,75,40,165,4,52,163,45,25,47,48,139,62,119,28,128,53,120,79,51,58,59,131,61,149,63,2,167,66,67,60,113,160,105,106,15,98,65,71,77,89,198,80,87,82,83,56,76,94,146,42,156,9,91,100,74,126,3,68,97,175,99,115,101,26,192,104,195,33,127,70,181,41,96,112,69,190,10,173,164,118,86,151,121,122,123,159,125,39,182,111,64,130,54,6,129,133,103,136,137,138,20,196,141,189,46,197,145,109,147,169,50,150,24,152,84,31,193,93,27,155,171,0,154,166,143,16,55,95,57,49,148,170,114,168,124,174,1,176,92,178,179,180,90,161,183,184,134,186,107,188,142,44,116,18,158,21,177,157,144,78,8,];False
4417;9794;14211;[81,88,73,162,110,5,132,32,85,14,187,29,35,13,153,199,108,17,72,19,172,194,22,23,117,191,140,7,43,11,30,102,12,135,34,185,36,37,38,75,40,165,4,52,163,45,25,47,48,139,62,119,28,128,53,120,79,51,58,59,131,61,149,63,2,173,66,67,60,113,160,105,106,15,98,65,71,77,89,198,80,87,82,83,56,76,94,146,42,156,9,91,100,74,126,3,68,97,175,99,115,101,26,192,104,195,33,127,70,181,41,96,112,69,190,10,167,164,118,86,151,121,122,123,159,125,39,182,111,145,130,54,6,129,133,103,136,137,138,20,196,141,189,46,197,64,109,147,169,50,150,24,152,84,31,193,93,27,155,171,0,154,166,143,16,55,95,57,49,148,170,114,168,124,174,1,176,92,178,179,180,90,161,183,184,134,186,107,188,142,44,116,18,158,21,177,157,144,78,8,];False
4473;9738;14211;[81,88,73,162,110,5,132,32,85,14,187,29,35,13,153,199,108,17,72,19,172,194,22,23,117,191,140,7,43,11,30,102,12,135,34,185,36,37,38,75,40,165,4,52,163,45,25,47,48,139,62,119,28,128,53,120,79,168,58,59,131,61,149,63,2,173,66,67,60,125,160,105,106,15,98,65,71,77,89,198,80,87,82,83,56,76,94,146,42,156,9,91,100,74,126,3,49,97,175,99,115,101,26,192,104,195,33,127,70,181,41,96,112,69,190,10,167,164,118,86,151,121,122,123,159,113,39,182,111,64,130,54,6,129,133,103,136,137,138,20,196,141,189,46,197,145,109,147,169,50,150,24,152,84,31,193,93,27,155,171,0,154,166,143,16,55,95,57,68,148,170,114,51,124,174,1,176,92,178,179,180,90,161,183,184,134,186,107,188,142,44,116,18,158,21,177,157,144,78,8,];False
4460;9751;14211;[81,88,73,162,110,5,132,32,85,14,187,29,35,13,153,199,108,17,72,19,172,194,22,23,117,191,140,7,43,11,30,102,12,135,34,185,36,37,38,75,40,165,4,52,163,45,25,47,48,139,62,119,28,128,53,120,79,51,58,59,131,61,149,63,2,167,66,67,60,113,160,105,106,15,98,65,71,77,89,198,80,87,82,83,56,76,94,146,42,156,9,91,100,74,126,3,68,97,175,99,115,101,26,192,104,195,33,127,70,181,41,96,112,69,190,10,173,90,118,86,151,121,122,123,159,125,39,182,111,64,130,54,6,129,133,103,136,137,138,20,196,141,189,46,197,145,109,147,169,50,150,24,152,84,31,193,93,27,155,171,0,154,166,143,16,55,95,57,49,148,170,114,168,124,174,1,176,92,178,179,180,164,161,183,184,134,186,107,188,142,44,116,18,158,21,177,157,144,78,8,];False
4486;9724;14210;[81,88,73,162,110,5,132,32,85,14,187,29,35,13,153,199,108,17,72,19,172,194,22,23,117,191,140,7,43,11,30,102,12,135,34,185,36,37,38,75,40,165,4,52,163,45,25,47,48,139,62,119,28,128,53,120,79,51,58,59,131,61,149,63,2,167,66,67,60,113,160,105,106,15,98,134,71,77,89,198,80,87,82,83,56,76,94,146,42,156,9,91,100,74,126,3,68,97,175,99,115,101,26,192,104,195,33,127,70,181,41,96,112,69,190,10,173,164,118,86,151,121,122,123,159,125,39,182,111,64,130,54,6,129,133,103,136,137,138,20,196,141,189,46,197,145,109,147,169,50,150,24,152,84,31,193,93,27,155,171,0,154,166,143,16,55,95,57,49,148,170,114,168,124,174,1,176,92,178,179,180,90,161,183,184,65,186,107,188,142,44,116,18,158,21,177,157,144,78,8,];False
4552;9658;14210;[81,88,15,162,110,5,132,32,85,14,187,29,35,13,153,199,108,17,72,19,172,194,22,23,117,191,140,7,43,11,30,102,12,135,34,185,36,37,38,75,40,165,4,52,163,45,25,47,48,139,62,119,28,128,53,120,79,51,58,59,131,61,149,63,2,167,66,67,60,113,160,105,106,73,98,65,71,77,89,198,80,87,82,83,56,76,94,146,42,156,9,91,26,74,126,3,68,97,175,99,115,101,100,192,104,195,33,127,70,181,41,96,112,69,190,10,173,164,118,86,151,121,122,123,159,125,39,182,111,64,130,54,6,129,133,103,136,137,138,20,196,141,189,46,197,145,109,147,169,50,150,24,152,84,31,193,93,27,155,171,0,154,166,57,16,55,95,143,49,148,170,114,168,124,174,1,176,92,178,179,180,90,161,183,184,134,186,107,188,142,44,116,18,158,21,177,157,144,78,8,];False
4434;9775;14209;[81,88,73,162,110,5,132,32,85,14,187,29,35,13,153,199,108,17,72,19,172,194,22,23,117,191,140,7,43,11,30,102,12,135,34,185,36,37,38,75,40,165,4,52,163,45,25,47,48,139,62,119,28,128,53,120,79,51,58,59,131,61,149,63,2,173,66,67,60,113,160,105,106,15,98,111,71,77,89,198,80,87,82,83,56,76,94,146,42,156,9,91,100,74,126,3,68,97,175,99,115,101,26,192,104,195,33,127,70,181,41,96,112,69,190,10,167,164,118,86,151,121,122,123,159,125,39,182,65,64,130,54,6,129,133,103,136,137,138,20,196,141,189,46,197,145,109,147,169,50,150,24,152,84,31,193,93,27,155,171,0,154,166,143,16,55,95,57,49,148,170,114,168,124,174,1,176,92,178,179,180,90,161,183,184,134,186,107,188,142,44,116,18,158,21,177,157,144,78,8,];False
4499;9710;14209;[81,88,15,162,110,5,132,32,85,14,187,29,35,13,153,199,108,17,72,19,172,194,22,23,117,191,140,7,43,11,30,102,12,135,34,185,36,37,38,75,40,165,152,52,163,45,25,47,48,139,62,119,28,128,53,120,79,51,58,59,131,61,149,63,2,167,66,67,60,113,160,105,106,73,98,65,71,77,89,198,80,87,82,83,56,76,94,146,42,156,9,91,100,74,126,3,68,97,175,99,115,101,26,192,104,195,33,127,70,181,41,96,112,69,190,10,173,164,118,86,4,121,122,123,159,125,39,182,111,64,130,54,6,129,133,103,136,137,138,20,196,141,189,46,197,145,109,147,169,50,150,24,151,84,31,193,93,27,155,171,0,154,166,57,16,55,95,143,49,148,170,114,168,124,174,1,176,92,178,179,180,90,161,183,184,134,186,107,188,142,44,116,18,158,21,177,157,144,78,8,];False
4478;9731;14209;[81,88,73,162,110,5,132,32,85,14,187,29,35,13,153,199,108,17,72,19,172,194,22,23,117,191,140,7,43,11,30,102,12,135,34,185,36,37,38,75,40,165,4,52,163,45,25,47,48,139,62,119,28,128,53,120,79,51,58,59,131,61,149,63,2,173,66,67,60,113,160,105,106,15,98,65,71,77,89,198,80,87,82,83,56,76,94,146,42,21,9,91,100,74,126,3,68,97,175,99,115,101,26,192,104,195,33,127,70,181,41,96,112,69,190,10,167,164,118,86,151,121,122,123,159,125,39,182,111,64,130,54,6,129,133,103,136,137,138,20,196,141,189,46,197,145,109,147,169,50,150,24,152,84,31,193,93,27,155,171,0,154,166,143,16,55,95,57,49,148,170,114,168,124,174,1,176,92,178,179,180,90,161,183,184,134,186,107,188,142,44,116,18,158,156,177,157,144,78,8,];False
4505;9703;14208;[81,88,73,162,110,5,132,32,85,14,187,29,35,13,153,199,108,17,72,19,172,194,22,23,117,191,140,7,43,11,30,102,12,135,34,185,36,37,38,75,40,165,4,52,163,45,25,47,48,139,62,119,28,128,53,120,79,51,58,59,131,61,149,63,2,167,66,67,60,113,160,105,106,15,98,65,71,77,89,198,80,87,82,83,56,76,94,146,42,156,9,91,100,74,126,3,68,97,175,99,115,101,26,192,104,195,33,127,70,181,41,96,112,69,190,10,173,164,118,86,151,121,122,123,159,125,39,27,111,64,130,54,6,129,133,103,136,137,138,20,196,141,189,46,197,145,109,147,169,50,150,24,152,84,31,193,93,182,155,171,0,154,166,143,16,55,95,57,49,148,170,114,168,124,174,1,176,92,178,179,180,90,161,183,184,134,186,107,188,142,44,116,18,158,21,177,157,144,78,8,];False
4481;9726;14207;[81,88,73,162,110,5,132,32,85,14,187,29,35,13,153,199,108,17,72,19,172,194,22,23,117,191,140,7,43,11,30,102,12,135,34,185,36,37,38,75,40,165,4,52,163,45,25,47,48,139,62,119,28,128,53,120,79,51,58,59,131,61,149,63,2,167,66,67,60,113,160,105,106,15,98,65,71,77,89,198,80,87,82,83,56,76,94,146,42,156,9,91,100,74,126,3,68,97,175,99,115,101,26,192,104,195,33,127,70,181,41,96,114,69,190,10,173,164,118,86,151,121,122,123,159,125,39,182,111,64,130,54,6,129,133,103,136,137,138,20,196,141,189,46,197,145,109,147,169,50,150,24,152,84,31,193,93,27,155,171,0,154,166,143,16,55,95,57,49,148,170,112,168,124,174,1,176,92,178,179,180,90,161,183,184,134,186,107,188,142,44,116,18,158,21,177,157,144,78,8,];False
4385;9822;14207;[81,88,73,162,110,5,132,32,85,14,187,29,35,13,72,199,108,17,153,19,172,194,22,176,117,191,140,7,43,11,30,102,12,135,34,185,36,37,38,75,40,165,4,52,163,45,25,47,48,139,62,119,28,128,53,120,79,168,58,59,131,61,149,63,2,173,66,67,60,125,160,105,106,15,98,65,71,77,89,198,80,87,82,83,56,76,94,146,42,156,9,91,100,74,126,3,68,97,175,99,115,101,26,192,104,195,33,127,70,181,41,96,112,69,190,10,167,164,118,86,151,121,122,123,159,113,39,182,111,64,130,54,6,129,133,103,136,137,138,20,196,141,189,46,197,145,109,147,169,50,150,24,152,84,31,193,93,27,155,171,0,154,166,143,16,55,95,57,49,148,170,114,51,124,174,1,23,92,178,179,180,90,161,183,184,134,186,107,188,142,44,116,18,158,21,177,157,144,78,8,];False
4471;9734;14205;[81,88,73,162,110,5,132,32,85,14,187,29,35,13,153,199,108,17,72,19,172,194,22,23,117,191,140,7,43,11,30,102,12,135,34,185,189,37,38,75,40,165,4,52,163,45,25,47,48,139,62,119,28,128,53,120,79,51,58,59,131,61,149,63,2,173,66,67,60,113,160,105,106,15,98,65,71,77,89,198,80,87,82,83,56,76,94,146,42,156,9,91,100,74,126,3,68,97,175,99,115,101,26,192,104,195,33,127,70,181,41,96,112,69,190,10,167,164,118,86,151,121,122,123,159,125,39,182,111,64,130,54,6,129,133,103,136,137,138,20,196,141,36,46,197,145,109,147,169,50,150,24,152,84,31,193,93,27,155,171,0,154,166,143,16,55,95,57,49,148,170,114,168,124,174,1,176,92,178,179,180,90,161,183,184,134,186,107,188,142,44,116,18,158,21,177,157,144,78,8,];False
4489;9716;14205;[81,88,73,162,110,5,132,32,85,14,187,29,35,13,153,199,108,17,72,19,172,194,22,23,117,191,140,7,43,11,30,102,12,135,34,185,36,37,38,75,40,165,4,52,163,45,25,47,48,139,62,119,28,128,53,120,79,51,58,59,131,61,149,63,2,167,66,67,60,113,160,105,106,15,98,65,71,77,89,198,80,87,82,83,56,76,94,146,42,156,9,91,100,74,126,3,68,97,175,99,115,101,26,192,104,195,33,127,70,55,41,96,112,69,190,10,173,164,118,86,151,121,122,123,159,125,39,182,111,64,130,54,6,129,133,103,136,137,138,20,196,141,189,46,197,145,109,147,169,50,150,24,152,84,31,193,93,27,155,171,0,154,166,143,16,181,95,57,49,148,170,114,168,124,174,1,176,92,178,179,180,90,161,183,184,134,186,107,188,142,44,116,18,158,21,177,157,144,78,8,];False
4493;9711;14204;[81,88,73,162,110,5,132,32,85,14,187,29,35,13,153,199,108,17,72,19,172,194,137,23,117,191,140,7,43,11,30,102,12,135,34,185,36,37,38,75,40,165,4,52,163,45,25,47,48,139,62,119,28,128,53,120,79,51,58,59,131,61,149,63,2,167,66,67,60,113,160,105,106,15,98,65,71,77,89,198,80,87,82,83,56,76,94,146,42,156,9,91,100,74,126,3,68,97,175,99,115,101,26,192,104,195,33,127,70,181,41,96,112,69,190,10,173,164,118,86,151,121,122,123,159,125,39,182,111,64,130,54,6,129,133,103,136,22,138,20,196,141,189,46,197,145,109,147,169,50,150,24,152,84,31,193,93,27,155,171,0,154,166,143,16,55,95,57,49,148,170,114,168,124,174,1,176,92,178,179,180,90,161,183,184,134,186,107,188,142,44,116,18,158,21,177,157,144,78,8,];False
4468;9735;14203;[81,88,73,162,110,5,132,32,85,14,187,29,35,13,153,199,108,17,72,19,172,194,22,23,117,191,140,7,43,11,30,102,12,135,34,185,36,37,38,75,40,165,4,52,163,45,25,47,48,139,62,119,28,128,53,120,79,51,58,59,131,61,149,63,2,173,66,67,60,113,160,105,106,15,98,65,71,77,89,198,80,164,82,83,56,76,94,146,42,156,9,91,100,74,126,3,68,97,175,99,115,101,26,192,104,195,33,127,70,181,41,96,112,69,190,10,167,87,118,86,151,121,122,123,159,125,39,182,111,64,130,54,6,129,133,103,136,137,138,20,196,141,189,46,197,145,109,147,169,50,150,24,152,84,31,193,93,27,155,171,0,154,166,143,16,55,95,57,49,148,170,114,168,124,174,1,176,92,178,179,180,90,161,183,184,134,186,107,188,142,44,116,18,158,21,177,157,144,78,8,];False
4375;9828;14203;[81,88,73,162,110,5,132,32,85,14,187,29,35,13,72,199,108,17,153,19,172,194,22,23,117,191,140,7,43,11,30,102,12,135,34,185,36,37,38,75,40,165,4,52,163,45,25,47,48,139,62,119,28,128,53,120,79,168,58,59,131,61,149,63,2,173,66,67,60,125,160,105,106,15,98,65,71,77,89,198,80,87,82,83,56,76,94,146,42,156,9,91,100,74,126,3,68,152,175,99,115,101,26,192,104,195,33,127,70,181,41,96,112,69,190,10,167,164,118,86,151,121,122,123,159,113,39,182,111,64,130,54,6,129,133,103,136,137,138,20,196,141,189,46,197,145,109,147,169,50,150,24,97,84,31,193,93,27,155,171,0,154,166,143,16,55,95,57,49,148,170,114,51,124,174,1,176,92,178,179,180,90,161,183,184,134,186,107,188,142,44,116,18,158,21,177,157,144,78,8,];False
4444;9758;14202;[81,88,73,162,110,5,132,32,119,14,187,29,35,13,153,199,108,17,72,19,172,194,22,23,117,191,140,7,43,11,30,102,12,135,34,185,36,37,38,75,40,165,4,52,163,45,25,47,48,139,62,85,28,128,53,120,79,51,58,59,131,61,149,63,2,167,66,67,60,113,160,105,106,15,98,65,71,77,89,198,80,87,82,83,56,76,94,146,42,156,9,91,100,74,126,3,68,97,175,99,115,101,26,192,104,195,33,127,70,181,41,96,112,69,190,10,173,164,118,86,151,121,122,123,159,125,39,182,111,64,130,54,6,129,133,103,136,137,138,20,196,141,189,46,197,145,109,147,169,50,150,24,152,84,31,193,93,27,155,171,0,154,166,143,16,55,95,57,49,148,170,114,168,124,174,1,176,92,178,179,180,90,161,183,184,134,186,107,188,142,44,116,18,158,21,177,157,144,78,8,];False
4375;9826;14201;[81,88,73,162,110,5,132,32,85,14,187,29,35,13,72,199,108,17,153,19,172,194,22,23,117,191,140,7,43,11,30,102,12,135,34,185,36,37,38,105,40,165,4,52,163,45,25,47,48,139,62,119,28,128,53,120,79,168,58,59,131,61,149,63,2,173,66,67,60,125,160,75,106,15,98,65,71,77,89,198,80,87,82,83,56,76,94,146,42,156,9,91,100,74,126,3,68,97,175,99,115,101,26,192,104,195,33,127,70,181,41,96,112,69,190,10,167,164,118,86,151,121,122,123,159,113,39,182,111,64,130,54,6,129,133,103,136,137,138,20,196,141,189,46,197,145,109,147,169,50,150,24,152,84,31,193,93,27,155,171,0,154,166,143,16,55,95,57,49,148,170,114,51,124,174,1,176,92,178,179,180,90,161,183,184,134,186,107,188,142,44,116,18,158,21,177,157,144,78,8,];False
4456;9745;14201;[81,88,73,162,110,5,132,32,85,14,187,29,35,13,153,199,108,17,72,19,172,194,22,23,117,191,140,7,43,11,30,102,12,135,34,185,36,37,38,75,40,165,4,52,163,45,25,47,48,139,62,119,28,128,53,120,79,51,58,59,131,61,149,63,2,167,66,67,60,113,160,105,106,15,97,65,71,77,89,198,80,87,82,83,56,76,94,146,42,156,9,91,100,74,126,3,68,98,175,99,115,101,26,192,104,195,33,127,70,181,41,96,112,69,190,10,173,164,118,86,151,121,122,123,159,125,39,182,111,64,130,54,6,129,133,103,136,137,138,20,196,141,189,46,197,145,109,147,169,50,150,24,152,84,31,193,93,27,155,171,0,154,166,143,16,55,95,57,49,148,170,114,168,124,174,1,176,92,178,179,180,90,161,183,184,134,186,107,188,142,44,116,18,158,21,177,157,144,78,8,];False
4477;9724;14201;[81,88,73,162,110,5,132,32,85,14,187,29,35,13,153,199,108,17,72,19,172,194,22,23,117,191,140,7,43,11,30,102,12,135,34,185,36,37,38,75,40,165,4,52,163,45,25,47,48,139,62,119,28,128,53,120,79,168,58,59,131,61,149,63,2,173,66,67,60,125,160,105,106,15,98,65,71,77,89,198,80,87,82,83,56,76,94,146,42,156,9,91,100,74,126,3,68,97,175,99,115,101,26,192,104,195,33,127,70,181,41,96,112,69,190,10,167,164,118,86,151,121,122,123,159,113,39,182,111,64,130,54,6,129,133,103,136,137,138,20,196,141,189,46,197,145,109,147,169,174,150,24,152,84,31,193,93,27,155,171,0,154,166,143,16,55,95,57,49,148,170,114,51,124,50,1,176,92,178,179,180,90,161,183,184,134,186,107,188,142,44,116,18,158,21,177,157,144,78,8,];False
4485;9715;14200;[81,88,73,162,110,5,132,32,85,14,187,29,35,13,153,199,108,17,72,19,172,194,22,23,117,191,140,7,43,11,30,102,12,135,34,185,36,37,38,75,40,165,4,52,163,45,25,47,48,139,62,119,28,128,53,120,79,51,58,59,131,61,149,63,2,173,66,67,60,125,160,105,106,15,98,65,71,77,89,198,80,87,82,83,56,76,94,146,42,156,9,91,100,74,126,3,68,97,175,99,115,101,26,192,104,195,33,127,70,181,41,96,112,69,190,78,167,164,118,86,151,121,122,123,159,113,39,182,111,64,130,54,6,129,133,103,136,137,138,20,196,141,189,46,197,145,109,147,169,50,150,24,152,84,31,193,93,27,155,171,0,154,166,143,16,55,95,57,49,148,170,114,168,124,174,1,176,92,178,179,180,90,161,183,184,134,186,107,188,142,44,116,18,158,21,177,157,144,10,8,];False
4444;9755;14199;[81,88,73,162,110,5,132,32,85,14,187,29,35,13,153,199,108,17,72,19,172,194,22,23,117,191,140,7,43,11,30,102,12,135,34,185,36,37,38,75,40,165,4,52,163,45,25,47,48,139,62,119,28,128,53,120,79,51,58,59,131,61,149,63,2,167,66,67,60,113,160,105,106,15,98,65,71,77,89,198,80,87,82,83,56,76,94,146,42,156,9,91,100,74,126,3,68,97,175,99,115,101,26,192,104,195,33,127,70,181,41,96,112,69,190,10,173,164,118,86,151,121,122,123,159,125,39,182,111,64,130,54,6,129,133,103,136,137,138,20,196,141,189,46,197,145,109,147,169,50,150,24,152,84,31,193,93,27,155,171,0,154,166,143,16,55,95,57,49,148,170,114,168,161,174,1,176,92,178,179,180,90,124,183,184,134,186,107,188,142,44,116,18,158,21,177,157,144,78,8,];False
4500;9699;14199;[81,190,73,162,110,5,132,32,85,14,187,29,35,13,153,199,108,17,72,19,172,194,22,23,117,191,140,7,43,11,30,102,12,135,34,185,36,37,38,75,40,165,4,52,163,45,25,47,48,139,62,119,28,128,53,120,79,51,58,59,131,61,149,63,2,167,66,67,60,113,160,105,106,15,98,65,71,77,89,198,80,87,82,83,56,76,94,146,42,156,9,91,100,74,126,3,68,97,175,99,115,101,26,192,104,195,33,127,70,181,41,96,112,69,88,10,173,164,118,86,151,121,122,123,159,125,39,182,111,64,130,54,6,129,133,103,136,137,138,20,196,141,189,46,197,145,109,147,169,50,150,24,152,84,31,193,93,27,155,171,0,154,166,57,16,55,95,143,49,148,170,114,168,124,174,1,176,92,178,179,180,90,161,183,184,134,186,107,188,142,44,116,18,158,21,177,157,144,78,8,];False
4506;9692;14198;[81,88,15,162,110,5,132,32,85,14,187,29,35,13,153,199,108,17,72,19,172,194,22,23,117,191,140,7,43,11,30,102,12,135,34,185,36,37,38,75,40,165,4,52,163,45,25,47,48,139,62,119,28,128,53,120,79,51,58,59,131,61,149,63,2,167,66,67,60,113,160,105,106,73,98,65,71,77,89,198,80,87,82,83,56,76,94,146,42,156,9,91,100,74,126,3,68,97,175,99,115,101,26,192,104,195,33,127,70,181,41,96,112,69,190,10,173,164,118,86,151,121,122,123,159,125,114,182,111,64,130,54,6,129,133,103,136,137,138,20,196,141,189,46,197,145,109,147,169,50,150,24,152,84,31,193,93,27,155,171,0,154,166,57,16,55,95,143,49,148,170,39,168,124,174,1,176,92,178,179,180,90,161,183,184,134,186,107,188,142,44,116,18,158,21,177,157,144,78,8,];False
4404;9794;14198;[81,88,73,162,110,5,132,32,85,14,187,29,35,13,72,199,108,17,153,19,172,194,22,23,117,191,140,7,43,11,30,139,12,135,34,185,36,37,38,75,40,165,4,52,163,45,25,47,48,102,62,119,28,128,53,120,79,168,58,59,131,61,149,63,2,173,66,67,60,125,160,105,106,15,98,65,71,77,89,198,80,87,82,83,56,76,94,146,42,156,9,91,100,74,126,3,68,97,175,99,115,101,26,192,104,195,33,127,70,181,41,96,112,69,190,10,167,164,118,86,151,121,122,123,159,113,39,182,111,64,130,54,6,129,133,103,136,137,138,20,196,141,189,46,197,145,109,147,169,50,150,24,152,84,31,193,93,27,155,171,0,154,166,143,16,55,95,57,49,148,170,114,51,124,174,1,176,92,178,179,180,90,161,183,184,134,186,107,188,142,44,116,18,158,21,177,157,144,78,8,];False
4479;9719;14198;[81,88,73,162,110,5,132,32,85,14,187,29,35,13,153,199,108,17,72,19,172,194,22,23,117,171,140,7,43,11,30,102,12,135,34,185,36,37,38,75,40,165,4,52,163,45,25,47,48,139,62,119,28,128,53,120,79,51,58,59,131,61,149,63,2,167,66,67,60,113,160,105,106,15,98,65,71,77,89,198,80,87,82,83,56,76,94,146,42,156,9,91,100,74,126,3,68,97,175,99,115,101,26,192,104,195,33,127,70,181,41,96,112,69,190,10,173,164,118,86,151,121,122,123,159,125,39,182,111,64,130,54,6,129,133,103,136,137,138,20,196,141,189,46,197,145,109,147,169,50,150,24,152,84,31,193,93,27,155,191,0,154,166,143,16,55,95,57,49,148,170,114,168,124,174,1,176,92,178,179,180,90,161,183,184,134,186,107,188,142,44,116,18,158,21,177,157,144,78,8,];False
4583;9614;14197;[81,88,15,162,110,5,132,32,85,14,187,29,35,13,153,199,108,17,72,19,172,194,22,23,117,191,140,7,43,11,30,102,12,135,34,185,36,37,38,75,40,165,151,52,163,45,25,47,48,139,62,119,28,128,27,120,79,51,58,59,131,61,149,63,2,167,66,67,60,113,160,105,106,73,98,65,71,77,89,198,80,87,82,83,56,76,94,146,42,156,9,91,100,74,126,3,68,97,175,99,115,101,26,192,104,195,33,127,70,181,41,96,112,69,190,10,173,164,118,86,4,121,122,123,159,125,39,182,111,64,130,54,6,129,133,103,136,137,138,20,196,141,189,46,197,145,109,147,169,50,150,24,152,84,31,193,93,53,155,171,0,154,166,57,16,55,95,143,49,148,170,114,168,124,174,1,176,92,178,179,180,90,161,183,184,134,186,107,188,142,44,116,18,158,21,177,157,144,78,8,];True
4434;9763;14197;[81,88,73,162,110,5,132,32,85,14,187,29,35,13,153,115,108,17,72,19,172,194,22,23,117,191,140,7,43,11,30,102,12,135,34,185,36,37,38,75,40,165,4,52,163,45,25,47,48,139,62,119,28,128,53,120,79,51,58,59,131,61,149,63,2,167,66,67,60,113,160,105,106,15,98,65,71,77,89,198,80,87,82,83,56,76,94,146,42,156,9,91,100,74,126,3,68,97,175,99,199,101,26,192,104,195,33,127,70,181,41,96,112,69,190,10,173,164,118,86,151,121,122,123,159,125,39,182,111,64,130,54,6,129,133,103,136,137,138,20,196,141,189,46,197,145,109,147,169,50,150,24,152,84,31,193,93,27,155,171,0,154,166,143,16,55,95,57,49,148,170,114,168,124,174,1,176,92,178,179,180,90,161,183,184,134,186,107,188,142,44,116,18,158,21,177,157,144,78,8,];False
4506;9691;14197;[81,88,73,162,110,5,132,32,85,14,187,29,35,13,153,199,108,17,72,19,172,194,22,23,117,191,140,7,43,11,30,102,12,135,34,185,36,37,38,75,40,165,4,52,163,45,94,47,48,139,62,119,28,128,53,120,79,51,58,59,131,61,149,63,2,173,66,67,60,113,160,105,106,15,98,65,71,77,89,198,80,87,82,83,56,76,25,146,42,156,9,91,100,74,126,3,68,97,175,99,115,101,26,192,104,195,33,127,70,181,41,96,112,69,190,10,167,164,118,86,151,121,122,123,159,125,39,182,111,64,130,54,6,129,133,103,136,137,138,20,196,141,189,46,197,145,109,147,169,50,150,24,152,84,31,193,93,27,155,171,0,154,166,143,16,55,95,57,49,148,170,114,168,124,174,1,176,92,178,179,180,90,161,183,184,134,186,107,188,142,44,116,18,158,21,177,157,144,78,8,];False
4468;9729;14197;[81,88,73,162,110,5,132,32,85,14,187,29,35,13,153,199,108,17,72,19,172,194,22,23,117,191,140,7,43,11,30,102,12,135,34,185,36,37,38,75,40,165,4,52,163,45,25,47,48,139,62,119,28,128,53,120,79,168,58,59,131,61,149,63,2,173,66,67,60,125,160,105,106,15,98,65,71,77,89,198,80,87,82,83,56,76,94,146,42,156,9,91,100,74,126,3,68,97,175,99,115,101,26,192,104,195,33,127,70,181,41,96,112,69,190,10,167,164,118,86,151,121,122,123,159,113,39,182,111,64,130,54,6,129,133,103,136,137,138,20,196,141,189,46,197,145,109,147,169,50,150,24,152,84,31,193,93,27,155,171,0,154,166,143,16,55,170,57,49,148,95,114,51,124,174,1,176,92,178,179,180,90,161,183,184,134,186,107,188,142,44,116,18,158,21,177,157,144,78,8,];False
4505;9689;14194;[81,88,73,162,110,5,132,32,85,14,187,29,35,13,153,199,108,17,72,19,172,194,22,23,117,191,140,7,43,11,30,102,12,135,34,185,36,37,38,75,40,165,4,52,163,45,25,47,48,139,62,119,28,128,53,120,79,51,58,59,131,61,149,63,2,167,66,67,60,113,160,105,106,15,98,65,71,77,89,198,80,87,82,83,56,76,94,146,42,156,9,91,100,74,126,3,68,97,175,99,115,101,26,192,104,195,33,127,70,181,41,96,112,69,190,10,173,164,118,86,151,121,122,123,159,188,39,182,111,64,130,54,6,129,133,103,136,137,138,20,196,141,189,46,197,145,109,147,169,50,150,24,152,84,31,193,93,27,155,171,0,154,166,143,16,55,95,57,49,148,170,114,168,124,174,1,176,92,178,179,180,90,161,183,184,134,186,107,125,142,44,116,18,158,21,177,157,144,78,8,];False
4474;9720;14194;[81,88,73,162,110,5,132,32,85,14,187,29,35,13,153,199,108,17,72,19,172,194,22,23,117,191,140,7,43,11,30,102,12,135,34,185,36,37,38,75,40,165,4,52,163,45,25,47,48,139,62,119,28,128,53,120,79,51,58,59,131,61,149,63,2,167,66,67,60,113,160,105,106,15,98,65,71,77,89,198,80,87,82,83,56,76,94,146,42,156,9,91,100,74,126,3,68,97,175,99,115,101,26,192,104,195,33,127,70,181,41,96,112,69,190,10,173,164,118,86,151,125,122,123,159,121,39,182,111,64,130,54,6,129,133,103,136,137,138,20,196,141,189,46,197,145,109,147,169,50,150,24,152,84,31,193,93,27,155,171,0,154,166,143,16,55,95,57,49,148,170,114,168,124,174,1,176,92,178,179,180,90,161,183,184,134,186,107,188,142,44,116,18,158,21,177,157,144,78,8,];False
4423;9771;14194;[81,88,73,162,110,5,132,32,85,14,187,29,35,13,72,199,108,17,153,19,172,194,22,23,117,191,140,83,43,11,30,102,12,135,34,185,36,37,38,75,40,165,4,52,163,45,25,47,48,139,62,119,28,128,53,120,79,168,58,59,131,61,149,63,2,173,66,67,60,125,160,105,106,15,98,65,71,77,89,198,80,87,82,7,56,76,94,146,42,156,9,91,100,74,126,3,68,97,175,99,115,101,26,192,104,195,33,127,70,181,41,96,112,69,190,10,167,164,118,86,151,121,122,123,159,113,39,182,111,64,130,54,6,129,133,103,136,137,138,20,196,141,189,46,197,145,109,147,169,50,150,24,152,84,31,193,93,27,155,171,0,154,166,143,16,55,95,57,49,148,170,114,51,124,174,1,176,92,178,179,180,90,161,183,184,134,186,107,188,142,44,116,18,158,21,177,157,144,78,8,];False
4486;9707;14193;[81,88,73,162,110,5,132,32,85,14,187,29,35,13,153,199,108,17,72,19,172,194,22,23,117,191,140,7,43,11,30,102,12,135,34,185,36,37,38,75,40,165,4,52,163,45,25,47,48,139,62,119,28,128,53,120,79,51,58,59,131,61,149,63,2,173,66,67,60,125,160,105,106,15,98,65,71,77,89,198,95,87,82,83,56,76,94,146,42,156,9,91,100,74,126,3,68,97,175,99,115,101,26,192,104,195,33,127,70,181,41,96,112,69,190,10,167,164,118,86,151,121,122,123,159,113,39,182,111,64,130,54,6,129,133,103,136,137,138,20,196,141,189,46,197,145,109,147,169,50,150,24,152,84,31,193,93,27,155,171,0,154,166,143,16,55,80,57,49,148,170,114,168,124,174,1,176,92,178,179,180,90,161,183,184,134,186,107,188,142,44,116,18,158,21,177,157,144,78,8,];False
4500;9691;14191;[81,88,73,162,110,5,132,32,85,14,187,29,35,13,153,199,108,17,72,19,172,194,22,23,117,191,140,7,43,11,30,102,12,135,34,185,36,37,38,75,40,165,4,52,163,45,25,47,48,139,62,119,28,128,53,120,79,51,58,59,131,61,149,63,2,173,66,67,60,125,160,105,106,15,98,65,71,77,89,198,80,87,82,83,56,76,94,146,42,156,9,91,100,74,126,3,68,97,175,99,115,101,26,192,104,195,33,127,70,181,41,96,112,69,190,10,167,164,118,86,151,169,122,123,159,113,39,182,111,64,130,54,6,129,133,103,136,137,138,20,196,141,189,46,197,145,109,147,121,50,150,24,152,84,31,193,93,27,155,171,0,154,166,143,16,55,95,57,49,148,170,114,168,124,174,1,176,92,178,179,180,90,161,183,184,134,186,107,188,142,44,116,18,158,21,177,157,144,78,8,];False
4491;9699;14190;[69,88,73,162,110,5,132,32,85,14,187,29,35,13,153,199,108,17,72,19,172,194,22,23,117,191,140,7,43,11,30,102,12,135,34,185,36,37,38,75,40,165,4,52,163,45,25,47,48,139,62,119,28,128,53,120,79,51,58,59,131,61,149,63,2,167,66,67,60,113,160,105,106,15,98,65,71,77,89,198,80,87,82,83,56,76,94,146,42,156,9,91,100,74,126,3,68,97,175,99,115,101,26,192,104,195,33,127,70,181,41,96,112,81,190,10,173,164,118,86,151,121,122,123,159,125,39,182,111,64,130,54,6,129,133,103,136,137,138,20,196,141,189,46,197,145,109,147,169,50,150,24,152,84,31,193,93,27,155,171,0,154,166,143,16,55,95,57,49,148,170,114,168,124,174,1,176,92,178,179,180,90,161,183,184,134,186,107,188,142,44,116,18,158,21,177,157,144,78,8,];False
4489;9701;14190;[81,42,73,162,110,5,132,32,85,14,187,29,35,13,153,199,108,17,72,19,172,194,22,23,117,191,140,7,43,11,30,102,12,135,34,185,36,37,38,75,40,165,4,52,163,45,25,47,48,139,62,119,28,128,53,120,79,51,58,59,131,61,149,63,2,167,66,67,60,113,160,105,106,15,98,65,71,77,89,198,80,87,82,83,56,76,94,146,88,156,9,91,100,74,126,3,68,97,175,99,115,101,26,192,104,195,33,127,70,181,41,96,112,69,190,10,173,164,118,86,151,121,122,123,159,125,39,182,111,64,130,54,6,129,133,103,136,137,138,20,196,141,189,46,197,145,109,147,169,50,150,24,152,84,31,193,93,27,155,171,0,154,166,143,16,55,95,57,49,148,170,114,168,124,174,1,176,92,178,179,180,90,161,183,184,134,186,107,188,142,44,116,18,158,21,177,157,144,78,8,];False
4451;9739;14190;[81,88,73,162,110,5,132,32,85,14,187,29,35,130,153,199,108,17,72,19,172,194,22,23,117,191,140,7,43,11,30,102,12,135,34,185,36,37,38,75,40,165,4,52,163,45,25,47,48,139,62,119,28,128,53,120,79,51,58,59,131,61,149,63,2,167,66,67,60,113,160,105,106,15,98,65,71,77,89,198,80,87,82,83,56,76,94,146,42,156,9,91,100,74,126,3,68,97,175,99,115,101,26,192,104,195,33,127,70,181,41,96,112,69,190,10,173,164,118,86,151,121,122,123,159,125,39,182,111,64,13,54,6,129,133,103,136,137,138,20,196,141,189,46,197,145,109,147,169,50,150,24,152,84,31,193,93,27,155,171,0,154,166,143,16,55,95,57,49,148,170,114,168,124,174,1,176,92,178,179,180,90,161,183,184,134,186,107,188,142,44,116,18,158,21,177,157,144,78,8,];False
4461;9729;14190;[81,88,73,162,110,5,132,32,85,14,187,29,35,13,153,199,108,17,72,19,172,194,22,23,117,191,140,86,43,11,30,102,12,135,34,185,36,37,38,75,40,165,4,52,163,45,25,47,48,139,62,119,28,128,53,120,79,51,58,59,131,61,149,63,2,173,66,67,60,125,160,105,106,15,98,65,71,77,89,198,80,87,82,83,56,76,94,146,42,156,9,91,100,74,126,3,68,97,175,99,115,101,26,192,104,195,33,127,70,181,41,96,112,69,190,10,167,164,118,7,151,121,122,123,159,113,39,182,111,64,130,54,6,129,133,103,136,137,138,20,196,141,189,46,197,145,109,147,169,50,150,24,152,84,31,193,93,27,155,171,0,154,166,143,16,55,95,57,49,148,170,114,168,124,174,1,176,92,178,179,180,90,161,183,184,134,186,107,188,142,44,116,18,158,21,177,157,144,78,8,];False
4411;9778;14189;[81,88,73,162,110,5,132,32,85,14,187,29,35,13,72,199,108,17,153,19,172,194,22,23,117,191,140,7,43,11,30,102,12,135,34,185,36,37,38,75,40,165,4,52,163,45,25,47,48,139,62,119,28,128,53,120,79,168,58,59,131,61,149,63,2,173,66,67,60,125,160,105,106,15,98,65,71,77,89,198,80,87,82,83,56,76,94,146,42,156,9,91,100,74,126,3,68,97,175,99,115,101,26,192,104,195,33,127,70,181,41,96,112,69,190,10,167,164,118,86,151,121,122,123,159,113,39,182,111,64,130,54,6,129,133,103,136,137,138,20,196,141,189,46,197,145,109,147,169,50,150,24,152,154,31,193,93,27,155,171,0,84,166,143,16,55,95,57,49,148,170,114,51,124,174,1,176,92,178,179,180,90,161,183,184,134,186,107,188,142,44,116,18,158,21,177,157,144,78,8,];False
4442;9746;14188;[81,88,73,162,110,5,132,32,85,14,187,29,35,13,153,199,108,17,72,19,172,194,22,23,117,191,140,7,43,11,30,102,12,135,34,185,36,37,38,75,40,165,4,52,163,45,25,47,48,139,62,119,28,128,53,120,79,51,58,59,131,61,149,63,2,173,66,67,60,113,160,105,106,15,76,65,71,77,89,198,80,87,82,83,56,98,94,146,42,156,9,91,100,74,126,3,68,97,175,99,115,101,26,192,104,195,33,127,70,181,41,96,112,69,190,10,167,164,118,86,151,121,122,123,159,125,39,182,111,64,130,54,6,129,133,103,136,137,138,20,196,141,189,46,197,145,109,147,169,50,150,24,152,84,31,193,93,27,155,171,0,154,166,143,16,55,95,57,49,148,170,114,168,124,174,1,176,92,178,179,180,90,161,183,184,134,186,107,188,142,44,116,18,158,21,177,157,144,78,8,];False
4568;9619;14187;[81,88,73,162,110,5,132,32,85,14,187,29,35,13,153,199,108,17,72,19,172,194,22,23,117,191,140,7,43,11,30,102,12,135,34,185,36,37,38,75,40,165,4,52,163,45,25,47,48,139,62,119,28,128,53,120,79,51,58,59,131,61,149,177,2,167,66,67,60,113,160,105,106,15,98,65,71,77,89,198,80,87,82,83,56,76,94,146,42,156,9,91,100,74,126,3,68,97,175,99,115,101,26,192,104,195,33,127,70,181,41,96,112,69,190,10,173,164,118,86,151,121,122,123,159,125,39,182,111,64,130,54,6,129,133,103,136,137,138,20,196,141,189,46,197,145,109,147,169,50,150,24,152,84,31,193,93,27,155,171,0,154,166,57,16,55,95,143,49,148,170,114,168,124,174,1,176,92,178,179,180,90,161,183,184,134,186,107,188,142,44,116,18,158,21,63,157,144,78,8,];False
4507;9680;14187;[81,88,15,162,110,5,132,32,85,14,187,29,35,13,153,199,108,17,72,19,172,194,22,23,117,191,140,7,43,11,30,102,12,135,34,185,36,37,38,75,40,165,4,52,163,45,25,47,48,139,62,119,28,128,53,120,79,51,58,59,131,61,149,63,2,167,66,67,60,113,160,105,106,73,98,65,71,77,89,198,80,87,82,83,56,76,94,146,42,156,9,91,100,74,126,3,68,97,175,99,115,101,26,192,104,195,33,127,70,181,41,96,112,69,190,10,173,164,118,86,151,121,122,123,159,125,39,182,111,64,130,54,6,129,133,103,136,137,138,20,196,141,189,46,197,145,150,147,169,50,109,24,152,84,31,193,93,27,155,171,0,154,166,57,16,55,95,143,49,148,170,114,168,124,174,1,176,92,178,179,180,90,161,183,184,134,186,107,188,142,44,116,18,158,21,177,157,144,78,8,];False
4467;9715;14182;[81,88,73,162,110,5,132,32,85,14,187,29,35,13,153,199,108,17,72,19,172,94,22,23,117,191,140,7,43,11,30,102,12,135,34,185,36,37,38,75,40,165,4,52,163,45,25,47,48,139,62,119,28,128,53,120,79,51,58,59,131,61,149,63,2,167,66,67,60,113,160,105,106,15,98,65,71,77,89,198,80,87,82,83,56,76,194,146,42,156,9,91,100,74,126,3,68,97,175,99,115,101,26,192,104,195,33,127,70,181,41,96,112,69,190,10,173,164,118,86,151,121,122,123,159,125,39,182,111,64,130,54,6,129,133,103,136,137,138,20,196,141,189,46,197,145,109,147,169,50,150,24,152,84,31,193,93,27,155,171,0,154,166,143,16,55,95,57,49,148,170,114,168,124,174,1,176,92,178,179,180,90,161,183,184,134,186,107,188,142,44,116,18,158,21,177,157,144,78,8,];False
4468;9714;14182;[81,88,73,162,110,5,132,32,85,14,187,29,35,13,153,199,108,17,72,19,172,194,22,23,117,191,140,7,43,11,30,102,12,135,34,185,36,37,38,75,40,165,4,52,9,45,25,47,48,139,62,119,28,128,53,120,79,51,58,59,131,61,149,63,2,167,66,67,60,113,160,105,106,15,98,65,71,77,89,198,80,87,82,83,56,76,94,146,42,156,163,91,100,74,126,3,68,97,175,99,115,101,26,192,104,195,33,127,70,181,41,96,112,69,190,10,173,164,118,86,151,121,122,123,159,125,39,182,111,64,130,54,6,129,133,103,136,137,138,20,196,141,189,46,197,145,109,147,169,50,150,24,152,84,31,193,93,27,155,171,0,154,166,143,16,55,95,57,49,148,170,114,168,124,174,1,176,92,178,179,180,90,161,183,184,134,186,107,188,142,44,116,18,158,21,177,157,144,78,8,];False
4483;9698;14181;[81,88,73,162,110,5,132,32,85,14,193,29,35,13,153,199,108,17,72,19,172,194,22,23,117,191,140,7,43,11,30,102,12,135,34,185,36,37,38,75,40,165,4,52,163,45,25,47,48,139,62,119,28,128,53,120,79,51,58,59,131,61,149,63,2,167,66,67,60,113,160,105,106,15,98,65,71,77,89,198,80,87,82,83,56,76,94,146,42,156,9,91,100,74,126,3,68,97,175,99,115,101,26,192,104,195,33,127,70,181,41,96,112,69,190,10,173,164,118,86,151,121,122,123,159,125,39,182,111,64,130,54,6,129,133,103,136,137,138,20,196,141,189,46,197,145,109,147,169,50,150,24,152,84,31,187,93,27,155,171,0,154,166,143,16,55,95,57,49,148,170,114,168,124,174,1,176,92,178,179,180,90,161,183,184,134,186,107,188,142,44,116,18,158,21,177,157,144,78,8,];False
4466;9715;14181;[81,88,73,162,110,5,132,32,85,14,187,29,35,13,153,199,108,17,72,19,172,194,22,23,117,191,140,7,43,11,30,102,12,135,34,185,36,37,38,75,40,165,4,52,163,45,25,47,48,139,62,119,28,128,53,120,79,51,58,59,131,61,149,63,2,167,66,67,60,113,160,105,106,15,98,65,71,77,89,198,80,87,82,83,56,76,94,146,42,156,9,91,100,74,126,3,68,97,175,99,115,101,26,192,104,195,33,127,70,181,41,96,112,69,190,10,173,164,118,86,151,121,122,123,159,125,39,182,111,64,130,54,6,129,133,103,136,137,138,20,196,141,189,46,197,145,109,147,169,50,150,24,152,84,31,193,93,27,155,171,0,154,166,143,16,55,95,57,49,148,170,114,168,124,174,1,176,92,178,179,180,90,161,183,184,134,186,116,188,142,44,107,18,158,21,177,157,144,78,8,];False
4461;9720;14181;[81,88,73,162,110,5,132,32,85,14,187,29,35,13,153,199,108,17,72,19,172,194,22,23,38,191,140,7,43,11,30,102,12,135,34,185,36,37,117,75,40,165,4,52,163,45,25,47,48,139,62,119,28,128,53,120,79,51,58,59,131,61,149,63,2,167,66,67,60,113,160,105,106,15,98,65,71,77,89,198,80,87,82,83,56,76,94,146,42,156,9,91,100,74,126,3,68,97,175,99,115,101,26,192,104,195,33,127,70,181,41,96,112,69,190,10,173,164,118,86,151,121,122,123,159,125,39,182,111,64,130,54,6,129,133,103,136,137,138,20,196,141,189,46,197,145,109,147,169,50,150,24,152,84,31,193,93,27,155,171,0,154,166,143,16,55,95,57,49,148,170,114,168,124,174,1,176,92,178,179,180,90,161,183,184,134,186,107,188,142,44,116,18,158,21,177,157,144,78,8,];False
4379;9801;14180;[81,88,73,162,110,5,132,32,85,14,187,29,35,13,72,199,108,17,153,19,172,194,22,23,117,191,140,7,43,11,30,102,12,135,34,185,36,37,38,75,40,165,4,52,163,45,25,47,48,139,62,119,28,128,53,120,79,168,58,59,131,61,149,63,2,173,66,67,60,125,160,105,106,15,98,65,71,77,89,198,80,87,82,83,56,76,94,146,42,156,9,91,100,74,126,3,68,97,175,99,115,101,26,192,104,18,33,127,70,181,41,96,112,69,190,10,167,164,118,86,151,121,122,123,159,113,39,182,111,64,130,54,6,129,133,103,136,137,138,20,196,141,189,46,197,145,109,147,169,50,150,24,152,84,31,193,93,27,155,171,0,154,166,143,16,55,95,57,49,148,170,114,51,124,174,1,176,92,178,179,180,90,161,183,184,134,186,107,188,142,44,116,195,158,21,177,157,144,78,8,];False
4459;9721;14180;[81,88,73,162,110,5,132,32,85,14,187,29,35,13,153,199,108,17,72,19,172,194,22,23,117,191,140,7,43,11,30,102,12,135,34,185,36,37,38,75,40,165,4,52,163,45,25,47,48,139,62,119,28,128,53,120,79,51,58,59,131,61,149,63,2,167,66,67,24,113,160,105,106,15,98,65,71,77,89,198,80,87,82,83,56,76,94,146,42,156,9,91,100,74,126,3,68,97,175,99,115,101,26,192,104,195,33,127,70,181,41,96,112,69,190,10,173,164,118,86,151,121,122,123,159,125,39,182,111,64,130,54,6,129,133,103,136,137,138,20,196,141,189,46,197,145,109,147,169,50,150,60,152,84,31,193,93,27,155,171,0,154,166,143,16,55,95,57,49,148,170,114,168,124,174,1,176,92,178,179,180,90,161,183,184,134,186,107,188,142,44,116,18,158,21,177,157,144,78,8,];False
4457;9723;14180;[81,88,73,162,110,5,132,32,85,14,187,29,35,13,153,199,108,17,72,19,172,194,22,23,117,191,140,7,43,11,30,102,12,135,34,185,36,37,38,75,40,165,4,52,163,45,25,47,48,139,62,119,28,128,53,120,79,51,58,59,131,61,149,63,2,167,66,67,60,113,160,105,106,15,98,65,71,77,89,198,80,87,82,83,56,76,94,146,42,156,9,91,100,74,126,3,68,97,175,99,115,101,26,192,104,195,33,127,70,181,41,96,112,69,190,10,173,164,118,86,151,121,122,123,159,125,39,182,111,64,130,54,6,129,133,103,136,137,138,20,196,141,189,46,95,145,109,147,169,50,150,24,152,84,31,193,93,27,155,171,0,154,166,143,16,55,197,57,49,148,170,114,168,124,174,1,176,92,178,179,180,90,161,183,184,134,186,107,188,142,44,116,18,158,21,177,157,144,78,8,];False
4475;9705;14180;[81,88,73,162,110,5,132,32,85,14,187,29,35,13,153,199,108,17,72,19,172,194,22,23,117,191,140,7,43,11,30,102,12,135,34,185,36,37,38,75,40,80,4,52,163,45,25,47,48,139,62,119,28,128,53,120,79,51,58,59,131,61,149,63,2,167,66,67,60,113,160,105,106,15,98,65,71,77,89,198,165,87,82,83,56,76,94,146,42,156,9,91,100,74,126,3,68,97,175,99,115,101,26,192,104,195,33,127,70,181,41,96,112,69,190,10,173,164,118,86,151,121,122,123,159,125,39,182,111,64,130,54,6,129,133,103,136,137,138,20,196,141,189,46,197,145,109,147,169,50,150,24,152,84,31,193,93,27,155,171,0,154,166,143,16,55,95,57,49,148,170,114,168,124,174,1,176,92,178,179,180,90,161,183,184,134,186,107,188,142,44,116,18,158,21,177,157,144,78,8,];False
4446;9733;14179;[81,88,73,162,110,5,132,32,85,14,187,29,35,13,153,199,108,17,72,19,172,194,22,23,117,191,140,7,43,11,30,102,12,135,34,185,36,37,38,75,40,165,4,52,163,45,25,47,48,139,62,119,28,128,53,120,79,51,58,59,131,61,149,63,2,173,66,67,86,113,160,105,106,15,98,65,71,77,89,198,80,87,82,83,56,76,94,146,42,156,9,91,100,74,126,3,68,97,175,99,115,101,26,192,104,195,33,127,70,181,41,96,112,69,190,10,167,164,118,60,151,121,122,123,159,125,39,182,111,64,130,54,6,129,133,103,136,137,138,20,196,141,189,46,197,145,109,147,169,50,150,24,152,84,31,193,93,27,155,171,0,154,166,143,16,55,95,57,49,148,170,114,168,124,174,1,176,92,178,179,180,90,161,183,184,134,186,107,188,142,44,116,18,158,21,177,157,144,78,8,];False
4432;9747;14179;[81,88,73,162,110,5,132,32,85,14,187,29,35,13,153,199,108,17,72,19,172,194,22,23,117,191,140,7,43,11,30,102,12,135,34,185,36,37,38,75,40,165,4,52,163,45,25,47,48,139,62,119,28,128,53,120,79,51,58,59,131,61,149,63,2,173,66,67,60,125,160,105,106,15,98,65,71,77,89,198,80,87,82,83,56,76,94,146,42,156,18,91,100,74,126,3,68,97,175,99,115,101,26,192,104,195,33,127,70,181,41,96,112,69,190,10,167,164,118,86,151,121,122,123,159,113,39,182,111,64,130,54,6,129,133,103,136,137,138,20,196,141,189,46,197,145,109,147,169,50,150,24,152,84,31,193,93,27,155,171,0,154,166,143,16,55,95,57,49,148,170,114,168,124,174,1,176,92,178,179,180,90,161,183,184,134,186,107,188,142,44,116,9,158,21,177,157,144,78,8,];False
4457;9721;14178;[81,88,73,162,110,5,132,32,85,14,187,29,35,13,153,199,108,17,72,19,172,194,22,23,117,191,140,7,43,11,30,102,12,135,34,185,36,37,38,75,40,165,4,52,163,45,25,47,48,139,62,119,28,128,53,120,79,51,58,59,131,61,149,63,2,173,66,67,60,113,160,105,106,15,98,65,71,77,89,198,80,87,82,83,56,76,94,146,42,156,9,91,171,74,126,3,68,97,175,99,115,101,26,192,104,195,33,127,70,181,41,96,112,69,190,10,167,164,118,86,151,121,122,123,159,125,39,182,111,64,130,54,6,129,133,103,136,137,138,20,196,141,189,46,197,145,109,147,169,50,150,24,152,84,31,193,93,27,155,100,0,154,166,143,16,55,95,57,49,148,170,114,168,124,174,1,176,92,178,179,180,90,161,183,184,134,186,107,188,142,44,116,18,158,21,177,157,144,78,8,];False
4440;9738;14178;[81,88,73,162,110,5,132,32,85,14,187,29,35,13,153,199,108,17,72,19,172,194,22,23,117,191,140,7,43,11,30,102,12,135,34,185,36,37,38,75,40,165,4,52,163,45,25,47,48,139,62,119,28,128,53,120,79,51,58,59,131,61,149,63,2,173,66,67,60,113,160,105,106,15,98,65,71,77,89,198,80,87,82,83,56,76,94,146,42,156,9,91,10,74,126,3,68,97,175,99,115,101,26,192,104,195,33,127,70,181,41,96,112,69,190,100,167,164,118,86,151,121,122,123,159,125,39,182,111,64,130,54,6,129,133,103,136,137,138,20,196,141,189,46,197,145,109,147,169,50,150,24,152,84,31,193,93,27,155,171,0,154,166,143,16,55,95,57,49,148,170,114,168,124,174,1,176,92,178,179,180,90,161,183,184,134,186,107,188,142,44,116,18,158,21,177,157,144,78,8,];False
4451;9725;14176;[81,88,73,162,110,5,132,32,85,14,173,29,35,13,153,199,108,17,72,19,172,194,22,23,117,191,140,7,43,11,30,102,12,135,34,185,36,37,38,75,40,165,4,52,163,45,25,47,48,139,62,119,28,128,53,120,79,51,58,59,131,61,149,63,2,167,66,67,60,113,160,105,106,15,98,65,71,77,89,198,80,87,82,83,56,76,94,146,42,156,9,91,100,74,126,3,68,97,175,99,115,101,26,192,104,195,33,127,70,181,41,96,112,69,190,10,187,164,118,86,151,121,122,123,159,125,39,182,111,64,130,54,6,129,133,103,136,137,138,20,196,141,189,46,197,145,109,147,169,50,150,24,152,84,31,193,93,27,155,171,0,154,166,143,16,55,95,57,49,148,170,114,168,124,174,1,176,92,178,179,180,90,161,183,184,134,186,107,188,142,44,116,18,158,21,177,157,144,78,8,];False
4450;9725;14175;[81,88,73,162,110,5,132,32,85,14,187,29,35,13,153,199,108,17,72,19,172,194,22,23,117,191,140,7,43,11,30,102,12,135,34,185,36,37,38,75,145,165,4,52,163,45,25,47,48,139,62,119,28,128,53,120,79,51,58,59,131,61,149,63,2,173,66,67,60,125,160,105,106,15,98,65,71,77,89,198,80,87,82,83,56,76,94,146,42,156,9,91,100,74,126,3,68,97,175,99,115,101,26,192,104,195,33,127,70,181,41,96,112,69,190,10,167,164,118,86,151,121,122,123,159,113,39,182,111,64,130,54,6,129,133,103,136,137,138,20,196,141,189,46,197,40,109,147,169,50,150,24,152,84,31,193,93,27,155,171,0,154,166,143,16,55,95,57,49,148,170,114,168,124,174,1,176,92,178,179,180,90,161,183,184,134,186,107,188,142,44,116,18,158,21,177,157,144,78,8,];False
4350;9825;14175;[81,88,73,162,110,5,132,32,85,14,187,29,35,13,72,199,108,17,153,19,172,194,22,23,112,191,140,7,43,11,30,102,12,135,34,185,36,37,38,75,40,165,4,52,163,45,25,47,48,139,62,119,28,128,53,120,79,168,58,59,131,61,149,63,2,173,66,67,60,125,160,105,106,15,98,65,71,77,89,198,80,87,82,83,56,76,94,146,42,156,9,91,100,74,126,3,68,97,175,99,115,101,26,192,104,195,33,127,70,181,41,96,117,69,190,10,167,164,118,86,151,121,122,123,159,113,39,182,111,64,130,54,6,129,133,103,136,137,138,20,196,141,189,46,197,145,109,147,169,50,150,24,152,84,31,193,93,27,155,171,0,154,166,143,16,55,95,57,49,148,170,114,51,124,174,1,176,92,178,179,180,90,161,183,184,134,186,107,188,142,44,116,18,158,21,177,157,144,78,8,];False
4482;9693;14175;[81,88,73,162,110,5,132,32,85,14,187,29,35,13,153,199,108,17,72,19,172,194,22,23,117,191,140,7,43,11,30,102,12,135,34,63,36,37,38,75,40,165,4,52,163,45,25,47,48,139,62,119,28,128,53,120,79,51,58,59,131,61,149,185,2,167,66,67,60,113,160,105,106,15,98,65,71,77,89,198,80,87,82,83,56,76,94,146,42,156,9,91,100,74,126,3,68,97,175,99,115,101,26,192,104,195,33,127,70,181,41,96,112,69,190,10,173,164,118,86,151,121,122,123,159,125,39,182,111,64,130,54,6,129,133,103,136,137,138,20,196,141,189,46,197,145,109,147,169,50,150,24,152,84,31,193,93,27,155,171,0,154,166,143,16,55,95,57,49,148,170,114,168,124,174,1,176,92,178,179,180,90,161,183,184,134,186,107,188,142,44,116,18,158,21,177,157,144,78,8,];False
4516;9659;14175;[81,88,73,162,110,5,132,32,85,14,187,29,35,13,153,199,108,17,72,19,172,194,22,23,51,191,140,7,43,11,30,102,12,135,34,185,36,37,38,75,40,165,4,52,163,45,25,47,48,139,62,119,28,128,53,120,79,117,58,59,131,61,149,63,2,167,66,67,60,113,160,105,106,15,98,65,71,77,89,198,80,87,82,83,56,76,94,146,42,156,9,91,100,74,126,3,68,97,175,99,115,101,26,192,104,195,33,127,70,181,41,96,112,69,190,10,173,164,118,86,151,121,122,123,159,125,39,182,111,64,130,54,6,129,133,103,136,137,138,20,196,141,189,46,197,145,109,147,169,50,150,24,152,84,31,193,93,27,155,171,0,154,166,143,16,55,95,57,49,148,170,114,168,124,174,1,176,92,178,179,180,90,161,183,184,134,186,107,188,142,44,116,18,158,21,177,157,144,78,8,];False
4495;9680;14175;[81,88,15,147,110,5,132,32,85,14,187,29,35,13,153,199,108,17,72,19,172,194,22,23,117,191,140,7,43,11,30,102,12,135,34,185,36,37,38,75,40,165,151,52,163,45,25,47,48,49,62,119,28,128,53,120,79,51,58,59,131,61,149,63,2,167,66,67,60,113,160,105,106,73,98,65,71,77,89,198,80,87,82,83,56,76,94,146,42,156,9,91,100,74,126,3,68,97,175,99,115,101,26,192,104,195,33,127,70,181,41,96,112,69,190,10,173,164,118,86,4,121,122,123,159,125,39,182,111,64,130,54,6,129,133,103,136,137,138,20,196,141,189,46,197,145,109,162,169,50,150,24,152,84,31,193,93,27,155,171,0,154,166,57,16,55,95,143,139,148,170,114,168,124,174,1,176,92,178,179,180,90,161,183,184,134,186,107,188,142,44,116,18,158,21,177,157,144,78,8,];False
4440;9734;14174;[81,88,73,162,110,5,132,32,85,14,187,29,35,13,153,199,108,17,72,19,172,194,22,23,117,191,140,7,43,11,30,102,12,135,34,185,36,37,38,75,40,165,4,52,163,45,25,47,48,139,62,119,28,128,53,120,79,51,58,59,131,61,149,63,2,173,66,67,60,125,160,105,106,15,98,65,71,77,89,198,80,87,82,83,56,76,94,146,42,156,9,91,100,74,126,3,1,97,175,99,115,101,26,192,104,195,33,127,70,181,41,96,112,69,190,10,167,164,118,86,151,121,122,123,159,113,39,182,111,64,130,54,6,129,133,103,136,137,138,20,196,141,189,46,197,145,109,147,169,50,150,24,152,84,31,193,93,27,155,171,0,154,166,143,16,55,95,57,49,148,170,114,168,124,174,68,176,92,178,179,180,90,161,183,184,134,186,107,188,142,44,116,18,158,21,177,157,144,78,8,];False
4455;9718;14173;[81,88,73,162,110,5,132,32,85,14,187,29,35,13,153,199,108,17,72,19,172,194,22,23,117,191,140,7,43,11,30,102,12,135,34,185,36,37,38,75,40,165,4,52,163,45,25,47,48,139,62,177,28,128,53,120,79,51,58,59,131,61,149,63,2,173,66,67,60,125,160,105,106,15,98,65,71,77,89,198,80,87,82,83,56,76,94,146,42,156,9,91,100,74,126,3,68,97,175,99,115,101,26,192,104,195,33,127,70,181,41,96,112,69,190,10,167,164,118,86,151,121,122,123,159,113,39,182,111,64,130,54,6,129,133,103,136,137,138,20,196,141,189,46,197,145,109,147,169,50,150,24,152,84,31,193,93,27,155,171,0,154,166,143,16,55,95,57,49,148,170,114,168,124,174,1,176,92,178,179,180,90,161,183,184,134,186,107,188,142,44,116,18,158,21,119,157,144,78,8,];False
4441;9732;14173;[81,88,73,162,110,5,132,32,85,14,187,29,35,13,153,199,108,17,72,19,172,194,22,23,117,191,140,7,43,11,30,102,12,135,34,185,36,37,38,75,40,165,4,52,163,45,25,47,48,139,62,119,28,128,53,120,79,51,58,59,131,61,149,63,2,173,66,67,60,113,160,105,106,15,98,65,71,77,89,198,80,87,82,83,56,76,94,146,42,156,9,91,100,74,126,3,68,97,175,99,115,101,26,192,104,195,33,127,70,181,41,157,112,69,190,10,167,164,118,86,151,121,122,123,159,125,39,182,111,64,130,54,6,129,133,103,136,137,138,20,196,141,189,46,197,145,109,147,169,50,150,24,152,84,31,193,93,27,155,171,0,154,166,143,16,55,95,57,49,148,170,114,168,124,174,1,176,92,178,179,180,90,161,183,184,134,186,107,188,142,44,116,18,158,21,177,96,144,78,8,];False
4480;9692;14172;[81,88,73,162,110,5,132,32,85,14,187,29,35,13,153,199,108,17,72,19,172,194,22,23,117,191,140,7,43,11,30,102,12,135,34,185,36,37,38,75,40,165,4,52,163,45,25,47,48,139,62,119,28,128,53,120,79,51,58,59,131,61,149,63,2,173,66,67,60,125,160,105,106,15,98,65,71,77,89,91,80,87,82,83,56,76,94,146,42,156,9,198,100,74,126,3,68,97,175,99,115,101,26,192,104,195,33,127,70,181,41,96,112,69,190,10,167,164,118,86,151,121,122,123,159,113,39,182,111,64,130,54,6,129,133,103,136,137,138,20,196,141,189,46,197,145,109,147,169,50,150,24,152,84,31,193,93,27,155,171,0,154,166,143,16,55,95,57,49,148,170,114,168,124,174,1,176,92,178,179,180,90,161,183,184,134,186,107,188,142,44,116,18,158,21,177,157,144,78,8,];False
4468;9704;14172;[184,88,73,162,110,5,132,32,85,14,187,29,35,13,153,199,108,17,72,19,172,194,22,23,117,191,140,7,43,11,30,102,12,135,34,185,36,37,38,75,40,165,4,52,163,45,25,47,48,139,62,119,28,128,53,120,79,51,58,59,131,61,149,63,2,167,66,67,60,113,160,105,106,15,98,65,71,77,89,198,80,87,82,83,56,76,94,146,42,156,9,91,100,74,126,3,68,97,175,99,115,101,26,192,104,195,33,127,70,181,41,96,112,69,190,10,173,164,118,86,151,121,122,123,159,125,39,182,111,64,130,54,6,129,133,103,136,137,138,20,196,141,189,46,197,145,109,147,169,50,150,24,152,84,31,193,93,27,155,171,0,154,166,143,16,55,95,57,49,148,170,114,168,124,174,1,176,92,178,179,180,90,161,183,81,134,186,107,188,142,44,116,18,158,21,177,157,144,78,8,];False
4437;9735;14172;[81,88,73,162,110,5,132,32,85,14,187,29,35,13,153,199,108,17,72,19,172,194,22,23,117,191,140,7,43,11,30,102,12,135,34,185,36,37,38,75,40,165,4,52,163,45,25,47,48,139,62,119,28,128,53,120,79,51,58,59,131,61,149,63,2,152,66,67,60,113,160,105,106,15,98,65,71,77,89,198,80,87,82,83,56,76,94,146,42,156,9,91,100,74,126,3,68,97,175,99,115,101,26,192,104,195,33,127,70,181,41,96,112,69,190,10,167,164,118,86,151,121,122,123,159,125,39,182,111,64,130,54,6,129,133,103,136,137,138,20,196,141,189,46,197,145,109,147,169,50,150,24,173,84,31,193,93,27,155,171,0,154,166,143,16,55,95,57,49,148,170,114,168,124,174,1,176,92,178,179,180,90,161,183,184,134,186,107,188,142,44,116,18,158,21,177,157,144,78,8,];False
4434;9736;14170;[81,88,73,162,110,5,132,32,85,14,187,29,35,13,153,199,108,17,72,19,172,194,22,23,117,191,140,7,43,11,30,102,12,135,34,185,36,37,38,75,40,165,4,52,163,45,25,47,48,139,49,119,28,128,53,120,79,168,58,59,131,61,149,63,2,173,66,67,60,125,160,105,106,15,98,65,71,77,89,198,80,87,82,83,56,76,94,146,42,156,9,91,100,74,126,3,68,97,175,99,115,101,26,192,104,195,33,127,70,181,41,96,112,69,190,10,167,164,118,86,151,121,122,123,159,113,39,182,111,64,130,54,6,129,133,103,136,137,138,20,196,141,189,46,197,145,109,147,169,50,150,24,152,84,31,193,93,27,155,171,0,154,166,143,16,55,95,57,62,148,170,114,51,124,174,1,176,92,178,179,180,90,161,183,184,134,186,107,188,142,44,116,18,158,21,177,157,144,78,8,];False
4472;9698;14170;[81,88,73,162,110,5,132,32,85,14,187,29,35,13,153,199,108,17,72,19,172,194,22,23,117,191,140,7,43,11,30,102,12,135,34,185,36,37,38,75,40,165,4,52,163,45,25,47,48,139,62,119,28,128,53,120,79,51,58,59,131,61,149,63,2,167,66,67,60,113,160,105,106,15,98,65,71,77,89,198,80,87,82,83,56,76,94,146,42,156,9,91,100,74,126,3,68,97,175,99,115,101,26,192,104,195,33,127,70,181,41,96,112,69,190,10,173,164,118,86,151,121,122,123,159,125,39,182,111,64,130,54,6,129,133,103,136,137,138,20,196,141,189,46,197,145,109,147,169,50,150,24,152,84,31,193,93,27,155,171,0,154,166,143,16,55,95,57,49,148,170,114,168,124,174,1,176,92,178,179,180,90,161,183,184,134,186,107,188,44,142,116,18,158,21,177,157,144,78,8,];False
4437;9732;14169;[81,88,73,162,110,5,132,32,85,14,187,29,35,13,153,199,108,17,72,19,172,194,22,23,117,191,140,7,43,11,30,102,12,135,34,185,36,37,38,75,40,165,4,52,163,45,25,47,48,139,62,119,28,128,53,120,79,51,58,59,131,61,149,63,2,173,66,67,60,125,160,105,106,15,98,65,71,77,89,198,80,87,82,83,56,76,94,146,42,156,9,91,100,74,126,3,68,97,175,99,115,101,26,192,104,195,33,127,70,181,41,96,112,69,190,10,167,164,118,86,151,121,122,123,159,113,39,182,46,64,130,54,6,129,133,103,136,137,138,20,196,141,189,111,197,145,109,147,169,50,150,24,152,84,31,193,93,27,155,171,0,154,166,143,16,55,95,57,49,148,170,114,168,124,174,1,176,92,178,179,180,90,161,183,184,134,186,107,188,142,44,116,18,158,21,177,157,144,78,8,];False
4510;9658;14168;[194,88,73,162,110,5,132,32,85,14,187,29,35,13,153,199,108,17,72,19,172,81,22,23,117,191,140,7,43,11,30,102,12,135,34,185,36,37,38,75,40,165,4,52,163,45,25,47,48,139,62,119,28,128,53,120,79,51,58,59,131,61,149,63,2,167,66,67,60,113,160,105,106,15,98,65,71,77,89,198,80,87,82,83,56,76,94,146,42,156,9,91,100,74,126,3,68,97,175,99,115,101,26,192,104,195,33,127,70,181,41,96,112,69,190,10,173,164,118,86,151,121,122,123,159,125,39,182,111,64,130,54,6,129,133,103,136,137,138,20,196,141,189,46,197,145,109,147,169,50,150,24,152,84,31,193,93,27,155,171,0,154,166,143,16,55,95,57,49,148,170,114,168,124,174,1,176,92,178,179,180,90,161,183,184,134,186,107,188,142,44,116,18,158,21,177,157,144,78,8,];False
4434;9734;14168;[81,88,73,162,110,5,132,32,85,14,187,29,35,13,153,199,108,17,72,19,172,194,22,23,117,191,140,7,43,11,30,102,12,135,34,185,36,37,38,75,40,165,4,52,163,45,25,47,48,139,62,119,28,128,53,120,79,51,58,59,131,61,149,63,2,167,66,67,60,113,160,105,106,15,98,65,71,77,89,198,80,87,82,83,56,76,94,146,42,156,9,91,100,74,126,3,68,97,175,99,115,101,26,192,121,195,33,127,70,181,41,96,112,69,190,10,173,164,118,86,151,104,122,123,159,125,39,182,111,64,130,54,6,129,133,103,136,137,138,20,196,141,189,46,197,145,109,147,169,50,150,24,152,84,31,193,93,27,155,171,0,154,166,143,16,55,95,57,49,148,170,114,168,124,174,1,176,92,178,179,180,90,161,183,184,134,186,107,188,142,44,116,18,158,21,177,157,144,78,8,];False
4437;9731;14168;[81,88,73,162,110,5,132,32,85,14,187,29,35,13,153,199,108,17,72,19,172,194,22,23,117,191,140,7,43,11,30,102,12,135,34,185,36,37,38,75,40,165,4,52,163,45,25,47,48,139,62,119,28,128,53,120,79,51,58,59,131,61,149,63,2,167,66,67,60,113,160,105,106,15,98,65,71,77,89,198,80,87,82,83,56,76,94,146,42,156,9,91,100,74,126,3,68,97,175,99,115,101,26,192,104,195,33,127,70,181,41,96,112,69,190,10,173,164,118,86,151,121,122,123,159,125,39,182,111,64,130,54,6,129,133,103,136,137,138,20,196,141,189,46,197,145,109,147,169,50,150,161,152,84,31,193,93,27,155,171,0,154,166,143,16,55,95,57,49,148,170,114,168,124,174,1,176,92,178,179,180,90,24,183,184,134,186,107,188,142,44,116,18,158,21,177,157,144,78,8,];False
4508;9660;14168;[81,88,15,162,110,5,132,32,85,14,187,29,35,80,153,199,108,17,72,19,172,194,22,23,117,191,140,7,43,11,30,102,12,135,34,185,36,37,38,75,40,165,4,52,163,45,25,47,48,139,62,119,28,128,53,120,79,51,58,59,131,61,149,63,2,167,66,67,60,113,160,105,106,73,98,65,71,77,89,198,13,87,82,83,56,76,94,146,42,156,9,91,100,74,126,3,68,97,175,99,115,101,26,192,104,195,33,127,70,181,41,96,112,69,190,10,173,164,118,86,151,121,122,123,159,125,39,182,111,64,130,54,6,129,133,103,136,137,138,20,196,141,189,46,197,145,109,147,169,50,150,24,152,84,31,193,93,27,155,171,0,154,166,57,16,55,95,143,49,148,170,114,168,124,174,1,176,92,178,179,180,90,161,183,184,134,186,107,188,142,44,116,18,158,21,177,157,144,78,8,];False
4416;9752;14168;[81,88,73,162,110,5,132,32,85,14,187,29,35,13,153,199,108,17,72,19,172,194,22,23,117,191,140,7,43,11,30,102,12,135,34,185,36,37,38,75,40,165,4,52,163,45,25,47,48,139,62,119,28,128,53,120,79,51,58,59,131,61,149,63,2,167,66,67,60,113,160,105,106,15,98,65,71,77,89,198,80,87,82,83,56,76,94,146,42,156,9,91,100,74,126,151,68,97,175,99,115,101,26,192,104,195,33,127,70,181,41,96,112,69,190,10,173,164,118,86,3,121,122,123,159,125,39,182,111,64,130,54,6,129,133,103,136,137,138,20,196,141,189,46,197,145,109,147,169,50,150,24,152,84,31,193,93,27,155,171,0,154,166,143,16,55,95,57,49,148,170,114,168,124,174,1,176,92,178,179,180,90,161,183,184,134,186,107,188,142,44,116,18,158,21,177,157,144,78,8,];False
4408;9759;14167;[81,88,73,162,110,5,132,32,85,14,187,29,35,13,153,199,108,17,72,19,172,194,22,23,117,191,140,7,43,11,30,102,12,135,34,185,36,37,38,75,40,165,4,52,163,45,25,47,48,139,62,119,28,128,53,120,79,51,58,59,131,61,149,63,2,173,66,67,60,113,160,105,106,15,98,65,71,77,89,198,80,87,82,83,56,76,94,146,42,156,9,91,100,74,126,3,68,97,175,99,115,101,26,192,104,195,33,127,70,181,41,96,112,69,190,10,167,164,118,86,151,121,122,123,133,125,39,182,111,64,130,54,6,129,159,103,136,137,138,20,196,141,189,46,197,145,109,147,169,50,150,24,152,84,31,193,93,27,155,171,0,154,166,143,16,55,95,57,49,148,170,114,168,124,174,1,176,92,178,179,180,90,161,183,184,134,186,107,188,142,44,116,18,158,21,177,157,144,78,8,];False
4366;9801;14167;[81,88,73,162,110,5,132,32,80,14,187,29,35,13,72,199,108,17,153,19,172,194,22,23,117,191,140,7,43,11,30,102,12,135,34,185,36,37,38,75,40,165,4,52,163,45,25,47,48,139,62,119,28,128,53,120,79,168,58,59,131,61,149,63,2,173,66,67,60,125,160,105,106,15,98,65,71,77,89,198,85,87,82,83,56,76,94,146,42,156,9,91,100,74,126,3,68,97,175,99,115,101,26,192,104,195,33,127,70,181,41,96,112,69,190,10,167,164,118,86,151,121,122,123,159,113,39,182,111,64,130,54,6,129,133,103,136,137,138,20,196,141,189,46,197,145,109,147,169,50,150,24,152,84,31,193,93,27,155,171,0,154,166,143,16,55,95,57,49,148,170,114,51,124,174,1,176,92,178,179,180,90,161,183,184,134,186,107,188,142,44,116,18,158,21,177,157,144,78,8,];False
4454;9713;14167;[81,88,73,162,110,5,132,32,85,14,187,29,35,13,153,199,108,17,72,19,172,194,22,23,117,191,140,7,43,11,30,102,12,135,34,185,36,37,38,75,40,165,4,52,163,45,25,47,48,139,62,119,28,128,53,120,79,51,58,59,131,61,149,63,2,173,66,67,60,113,160,105,106,15,98,65,71,77,89,198,80,87,82,83,56,76,94,146,42,156,9,91,100,74,126,3,68,97,175,99,115,101,158,192,104,195,33,127,70,181,41,96,112,69,190,10,167,164,118,86,151,121,122,123,159,125,39,182,111,64,130,54,6,129,133,103,136,137,138,20,196,141,189,46,197,145,109,147,169,50,150,24,152,84,31,193,93,27,155,171,0,154,166,143,16,55,95,57,49,148,170,114,168,124,174,1,176,92,178,179,180,90,161,183,184,134,186,107,188,142,44,116,18,26,21,177,157,144,78,8,];False
4471;9695;14166;[81,88,73,162,110,5,132,32,85,14,187,29,35,13,153,199,108,17,72,19,172,194,22,23,117,191,140,7,43,11,30,102,12,135,34,185,36,37,38,75,40,165,159,52,163,45,25,47,48,139,62,119,28,128,53,120,79,51,58,59,131,61,149,63,2,167,66,67,60,113,160,105,106,15,98,65,71,77,89,198,80,87,82,83,56,76,94,146,42,156,9,91,100,74,126,3,68,97,175,99,115,101,26,192,104,195,33,127,70,181,41,96,112,69,190,10,173,164,118,86,151,121,122,123,4,125,39,182,111,64,130,54,6,129,133,103,136,137,138,20,196,141,189,46,197,145,109,147,169,50,150,24,152,84,31,193,93,27,155,171,0,154,166,143,16,55,95,57,49,148,170,114,168,124,174,1,176,92,178,179,180,90,161,183,184,134,186,107,188,142,44,116,18,158,21,177,157,144,78,8,];False
4488;9678;14166;[81,88,15,162,110,5,132,32,85,14,187,29,35,13,153,199,108,17,72,19,172,194,22,23,117,191,140,7,43,11,30,102,12,135,34,185,36,37,38,75,40,165,151,52,163,45,25,47,48,49,62,119,28,128,53,120,79,51,58,59,131,61,149,63,2,167,66,67,60,113,160,105,106,73,98,65,71,77,89,198,80,87,82,83,56,76,94,146,42,156,9,91,100,74,126,3,68,97,175,99,115,101,26,192,104,195,33,127,70,181,41,96,112,69,190,10,173,164,118,86,4,121,122,123,159,125,39,182,111,64,130,54,6,129,133,103,136,137,138,20,196,141,189,46,197,145,109,147,169,50,150,24,152,84,31,193,93,27,155,171,0,154,166,57,16,55,95,143,139,148,170,114,168,124,174,1,176,92,178,179,180,90,161,183,184,134,186,107,188,142,44,116,18,158,21,177,157,144,78,8,];False
4488;9676;14164;[81,88,15,162,110,5,132,32,85,14,187,29,35,13,153,199,108,17,72,19,172,194,22,23,117,191,140,7,43,11,30,102,12,135,34,185,36,37,38,75,40,165,151,52,163,45,25,47,48,139,62,119,28,128,53,120,79,51,58,59,131,61,149,63,2,167,66,67,60,113,160,105,106,73,98,65,71,77,89,198,80,87,82,83,56,76,94,146,42,156,9,91,100,74,57,3,68,97,175,99,115,101,26,192,104,195,33,127,70,181,41,96,112,69,190,10,173,164,118,86,4,121,122,123,159,125,39,182,111,64,130,54,6,129,133,103,136,137,138,20,196,141,189,46,197,145,109,147,169,50,150,24,152,84,31,193,93,27,155,171,0,154,166,126,16,55,95,143,49,148,170,114,168,124,174,1,176,92,178,179,180,90,161,183,184,134,186,107,188,142,44,116,18,158,21,177,157,144,78,8,];False
4464;9700;14164;[81,88,73,162,110,5,132,32,85,14,187,29,35,13,153,199,108,17,72,19,172,194,22,23,117,191,140,7,43,11,30,102,12,135,34,185,36,37,38,75,40,165,4,52,163,45,25,47,48,139,62,119,28,128,53,120,79,51,58,59,131,61,149,63,2,167,66,67,60,113,160,105,106,15,98,65,71,77,89,198,80,87,82,83,56,76,94,146,42,156,9,91,100,74,126,3,68,97,175,99,115,101,26,192,104,195,33,127,70,181,41,96,112,69,190,10,173,164,118,86,151,121,122,123,159,125,39,182,111,64,130,54,6,129,133,103,136,137,138,20,196,141,189,46,197,145,109,147,169,50,150,24,152,84,31,193,93,27,155,171,0,154,166,57,16,55,95,143,49,148,170,114,168,124,174,1,176,92,178,179,180,90,161,183,184,134,186,107,188,142,44,116,18,158,21,177,157,144,78,8,];False
4504;9660;14164;[81,88,15,162,110,5,132,32,85,14,187,29,35,13,153,199,108,17,72,19,172,194,22,23,117,191,140,7,43,11,30,102,12,135,34,185,36,37,38,75,40,165,151,52,163,45,25,47,48,139,62,119,28,128,53,120,79,51,58,59,131,61,149,63,2,167,66,67,60,113,160,105,106,73,98,65,71,77,89,198,80,87,82,83,56,76,94,146,42,156,9,91,100,74,126,3,68,97,175,99,115,101,26,192,104,195,33,127,70,116,41,96,112,69,190,10,173,164,118,86,4,121,122,123,159,125,39,182,111,64,130,54,6,129,133,103,136,137,138,20,196,141,189,46,197,145,109,147,169,50,150,24,152,84,31,193,93,27,155,171,0,154,166,57,16,55,95,143,49,148,170,114,168,124,174,1,176,92,178,179,180,90,161,183,184,134,186,107,188,142,44,181,18,158,21,177,157,144,78,8,];True
4493;9671;14164;[81,88,15,162,110,5,132,32,85,14,187,29,35,13,153,199,108,17,72,19,172,194,22,23,117,191,140,7,43,11,30,102,12,135,34,185,36,37,38,75,40,165,151,52,163,45,25,47,48,139,62,119,28,128,53,120,79,51,58,59,131,61,149,63,2,167,66,67,94,113,160,105,106,73,98,65,71,77,89,198,80,87,82,83,56,76,60,146,42,156,9,91,100,74,126,3,68,97,175,99,115,101,26,192,104,195,33,127,70,181,41,96,112,69,190,10,173,164,118,86,4,121,122,123,159,125,39,182,111,64,130,54,6,129,133,103,136,137,138,20,196,141,189,46,197,145,109,147,169,50,150,24,152,84,31,193,93,27,155,171,0,154,166,57,16,55,95,143,49,148,170,114,168,124,174,1,176,92,178,179,180,90,161,183,184,134,186,107,188,142,44,116,18,158,21,177,157,144,78,8,];True
4438;9726;14164;[81,88,73,162,110,5,132,32,85,14,187,29,35,13,153,199,108,17,72,19,172,194,22,23,117,191,140,7,43,11,30,102,12,135,34,185,36,37,38,75,40,165,4,52,163,45,25,47,48,139,6,119,28,128,53,120,79,51,58,59,131,61,149,63,2,167,66,67,60,113,160,105,106,15,98,65,71,77,89,198,80,87,82,83,56,76,94,146,42,156,9,91,100,74,126,3,68,97,175,99,115,101,26,192,104,195,33,127,70,181,41,96,112,69,190,10,173,164,118,86,151,121,122,123,159,125,39,182,111,64,130,54,62,129,133,103,136,137,138,20,196,141,189,46,197,145,109,147,169,50,150,24,152,84,31,193,93,27,155,171,0,154,166,143,16,55,95,57,49,148,170,114,168,124,174,1,176,92,178,179,180,90,161,183,184,134,186,107,188,142,44,116,18,158,21,177,157,144,78,8,];False
4457;9706;14163;[81,88,73,162,110,5,132,32,85,14,187,29,35,13,153,199,108,17,72,19,172,194,22,23,117,191,140,7,43,11,30,102,12,135,34,185,36,37,38,75,40,165,4,52,163,45,25,47,48,139,62,119,28,128,53,120,79,51,58,59,131,61,149,63,2,173,66,95,60,125,160,105,106,15,98,65,71,77,89,198,80,87,82,83,56,76,94,146,42,156,9,91,100,74,126,3,68,97,175,99,115,101,26,192,104,195,33,127,70,181,41,96,112,69,190,10,167,164,118,86,151,121,122,123,159,113,39,182,111,64,130,54,6,129,133,103,136,137,138,20,196,141,189,46,197,145,109,147,169,50,150,24,152,84,31,193,93,27,155,171,0,154,166,143,16,55,67,57,49,148,170,114,168,124,174,1,176,92,178,179,180,90,161,183,184,134,186,107,188,142,44,116,18,158,21,177,157,144,78,8,];False
4438;9724;14162;[81,88,73,162,110,5,132,32,85,14,187,29,35,13,153,199,108,17,72,19,172,194,22,23,117,191,140,7,43,11,30,102,12,135,34,185,36,37,38,75,40,165,4,52,163,45,25,47,48,139,62,119,28,128,53,120,79,168,58,59,131,61,149,63,2,173,66,67,60,125,160,105,106,15,98,65,71,77,89,198,80,87,20,83,56,76,94,146,42,156,9,91,100,74,126,3,68,97,175,99,115,101,26,192,104,195,33,127,70,181,41,96,112,69,190,10,167,164,118,86,151,121,122,123,159,113,39,182,111,64,130,54,6,129,133,103,136,137,138,82,196,141,189,46,197,145,109,147,169,50,150,24,152,84,31,193,93,27,155,171,0,154,166,143,16,55,95,57,49,148,170,114,51,124,174,1,176,92,178,179,180,90,161,183,184,134,186,107,188,142,44,116,18,158,21,177,157,144,78,8,];False
4445;9717;14162;[81,88,73,162,110,5,132,32,85,14,187,29,35,13,153,199,108,17,72,19,172,194,22,23,117,191,140,7,43,11,30,102,12,135,34,185,36,37,38,75,40,165,4,52,163,45,25,47,48,139,62,119,28,128,53,120,79,51,58,59,131,61,149,63,2,167,66,67,60,113,160,105,106,15,98,65,71,77,89,198,80,87,82,83,56,76,94,146,42,156,9,91,100,74,126,3,68,97,175,99,115,101,26,192,104,195,33,127,70,181,41,96,112,69,190,10,173,20,118,86,151,121,122,123,159,125,39,182,111,64,130,54,6,129,133,103,136,137,138,164,196,141,189,46,197,145,109,147,169,50,150,24,152,84,31,193,93,27,155,171,0,154,166,143,16,55,95,57,49,148,170,114,168,124,174,1,176,92,178,179,180,90,161,183,184,134,186,107,188,142,44,116,18,158,21,177,157,144,78,8,];False
4477;9685;14162;[81,88,73,162,110,5,132,32,85,14,187,29,35,13,153,199,108,17,72,19,172,194,22,23,117,191,140,7,43,11,30,102,12,135,34,185,36,37,38,75,40,165,4,52,163,45,25,47,48,8,62,119,28,128,53,120,79,51,58,59,131,61,149,63,2,173,66,67,60,113,160,105,106,15,98,65,71,77,89,198,80,87,82,83,56,76,94,146,42,156,9,91,100,74,126,3,68,97,175,99,115,101,26,192,104,195,33,127,70,181,41,96,112,69,190,10,167,164,118,86,151,121,122,123,159,125,39,182,111,64,130,54,6,129,133,103,136,137,138,20,196,141,189,46,197,145,109,147,169,50,150,24,152,84,31,193,93,27,155,171,0,154,166,143,16,55,95,57,49,148,170,114,168,124,174,1,176,92,178,179,180,90,161,183,184,134,186,107,188,142,44,116,18,158,21,177,157,144,78,139,];False
4449;9713;14162;[81,88,73,162,110,5,132,32,85,14,187,29,35,13,153,199,108,17,72,19,172,194,22,23,117,191,140,7,43,11,30,102,12,135,34,185,36,37,38,75,40,165,4,52,163,45,25,47,48,139,62,119,28,128,53,120,79,51,58,59,131,61,149,63,2,173,66,67,60,113,160,105,106,15,98,65,71,77,89,198,80,87,82,83,56,76,94,146,42,156,9,91,100,74,126,3,68,97,175,99,115,101,26,192,104,195,33,127,70,181,41,96,112,69,190,10,167,164,118,86,151,121,122,20,159,125,39,182,111,64,130,54,6,129,133,103,136,137,138,123,196,141,189,46,197,145,109,147,169,50,150,24,152,84,31,193,93,27,155,171,0,154,166,143,16,55,95,57,49,148,170,114,168,124,174,1,176,92,178,179,180,90,161,183,184,134,186,107,188,142,44,116,18,158,21,177,157,144,78,8,];False
4407;9754;14161;[81,88,73,162,110,5,132,32,85,14,187,29,35,13,153,199,108,17,72,19,172,194,22,23,117,191,140,7,43,11,30,102,12,135,34,185,36,37,38,75,40,165,4,52,163,45,25,47,48,139,62,119,28,128,53,120,79,168,58,59,131,61,149,63,2,173,66,67,60,125,160,105,106,15,98,65,71,77,89,198,80,87,82,83,56,76,94,146,42,156,9,91,100,74,126,3,68,97,175,99,115,101,26,192,104,195,33,127,70,181,41,96,112,69,190,10,167,164,118,86,151,121,122,123,159,113,39,182,111,64,130,54,6,129,133,103,136,137,138,20,196,141,189,46,197,145,109,147,169,50,150,24,152,84,31,193,93,27,155,171,0,154,166,143,16,55,95,57,90,148,170,114,51,124,174,1,176,92,178,179,180,49,161,183,184,134,186,107,188,142,44,116,18,158,21,177,157,144,78,8,];False
4413;9748;14161;[81,88,73,162,110,5,132,32,85,14,187,153,35,13,29,199,108,17,72,19,172,194,22,23,117,191,140,7,43,11,30,102,12,135,34,185,36,37,38,75,40,165,4,52,163,45,25,47,48,139,62,119,28,128,53,120,79,51,58,59,131,61,149,63,2,167,66,67,60,113,160,105,106,15,98,65,71,77,89,198,80,87,82,83,56,76,94,146,42,156,9,91,100,74,126,3,68,97,175,99,115,101,26,192,104,195,33,127,70,181,41,96,112,69,190,10,173,164,118,86,151,121,122,123,159,125,39,182,111,64,130,54,6,129,133,103,136,137,138,20,196,141,189,46,197,145,109,147,169,50,150,24,152,84,31,193,93,27,155,171,0,154,166,143,16,55,95,57,49,148,170,114,168,124,174,1,176,92,178,179,180,90,161,183,184,134,186,107,188,142,44,116,18,158,21,177,157,144,78,8,];False
4435;9724;14159;[81,88,73,162,110,5,132,32,85,14,187,29,35,13,153,199,108,17,72,19,172,194,102,23,117,191,140,7,43,11,30,22,12,135,34,185,36,37,38,75,40,165,4,52,163,45,25,47,48,139,62,119,28,128,53,120,79,51,58,59,131,61,149,63,2,173,66,67,60,113,160,105,106,15,98,65,71,77,89,198,80,87,82,83,56,76,94,146,42,156,9,91,100,74,126,3,68,97,175,99,115,101,26,192,104,195,33,127,70,181,41,96,112,69,190,10,167,164,118,86,151,121,122,123,159,125,39,182,111,64,130,54,6,129,133,103,136,137,138,20,196,141,189,46,197,145,109,147,169,50,150,24,152,84,31,193,93,27,155,171,0,154,166,143,16,55,95,57,49,148,170,114,168,124,174,1,176,92,178,179,180,90,161,183,184,134,186,107,188,142,44,116,18,158,21,177,157,144,78,8,];False
4420;9739;14159;[81,88,73,162,110,5,132,32,85,14,187,29,35,13,153,199,108,17,72,19,172,194,22,23,117,191,140,7,43,11,30,102,12,34,135,185,36,37,38,75,40,165,4,52,163,45,25,47,48,139,62,119,28,128,53,120,79,51,58,59,131,61,149,63,2,167,66,67,60,113,160,105,106,15,98,65,71,77,89,198,80,87,82,83,56,76,94,146,42,156,9,91,100,74,126,3,68,97,175,99,115,101,26,192,104,195,33,127,70,181,41,96,112,69,190,10,173,164,118,86,151,121,122,123,159,125,39,182,111,64,130,54,6,129,133,103,136,137,138,20,196,141,189,46,197,145,109,147,169,50,150,24,152,84,31,193,93,27,155,171,0,154,166,143,16,55,95,57,49,148,170,114,168,124,174,1,176,92,178,179,180,90,161,183,184,134,186,107,188,142,44,116,18,158,21,177,157,144,78,8,];False
4418;9741;14159;[81,88,73,162,110,5,132,32,85,14,187,29,35,13,153,199,108,172,72,19,17,194,22,23,117,191,140,7,43,11,30,102,12,135,34,185,36,37,38,75,40,165,4,52,163,45,25,47,48,139,62,119,28,128,53,120,79,51,58,59,131,61,149,63,2,173,66,67,60,125,160,105,106,15,98,65,71,77,89,198,80,87,82,83,56,76,94,146,42,156,9,91,100,74,126,3,68,97,175,99,115,101,26,192,104,195,33,127,70,181,41,96,112,69,190,10,167,164,118,86,151,121,122,123,159,113,39,182,111,64,130,54,6,129,133,103,136,137,138,20,196,141,189,46,197,145,109,147,169,50,150,24,152,84,31,193,93,27,155,171,0,154,166,143,16,55,95,57,49,148,170,114,168,124,174,1,176,92,178,179,180,90,161,183,184,134,186,107,188,142,44,116,18,158,21,177,157,144,78,8,];False
4362;9796;14158;[81,88,73,162,110,5,132,32,85,14,187,29,35,13,72,199,108,17,153,19,172,194,22,23,117,191,140,7,43,11,30,102,12,135,34,185,36,37,38,75,40,165,4,52,163,45,25,47,48,139,62,119,28,128,53,120,79,168,58,59,131,61,149,63,2,173,66,67,60,125,160,105,106,15,98,65,71,77,89,123,80,87,82,83,56,76,94,146,42,156,9,91,100,74,126,3,68,97,175,99,115,101,26,192,104,195,33,127,70,181,41,96,112,69,190,10,167,164,118,86,151,121,122,198,159,113,39,182,111,64,130,54,6,129,133,103,136,137,138,20,196,141,189,46,197,145,109,147,169,50,150,24,152,84,31,193,93,27,155,171,0,154,166,143,16,55,95,57,49,148,170,114,51,124,174,1,176,92,178,179,180,90,161,183,184,134,186,107,188,142,44,116,18,158,21,177,157,144,78,8,];False
4479;9678;14157;[81,88,15,162,110,5,132,32,85,14,187,29,35,13,153,199,108,17,72,19,172,194,22,23,117,191,140,7,43,11,30,102,12,135,34,185,36,37,38,75,40,165,151,52,163,45,25,47,48,139,62,119,28,128,53,120,79,51,58,59,131,61,149,63,2,167,66,67,60,113,160,105,106,73,98,65,71,77,89,198,80,87,82,83,56,76,94,146,42,156,9,91,100,74,126,3,68,97,175,99,115,101,26,192,104,195,33,127,70,181,41,96,112,69,190,10,173,164,118,86,4,121,122,123,159,125,39,182,111,64,130,54,6,129,133,103,136,137,138,20,196,141,189,46,197,145,109,147,169,50,150,24,152,84,31,193,93,27,155,171,0,154,166,57,16,55,95,143,49,148,170,114,168,124,174,1,176,92,178,179,180,90,161,183,184,134,186,107,188,142,44,116,18,158,21,177,157,144,78,8,];False
4426;9731;14157;[81,88,73,162,110,5,132,32,85,14,187,29,35,13,153,199,108,17,72,19,172,194,22,23,117,191,140,7,43,11,30,102,12,135,34,185,36,37,38,75,40,165,4,52,163,26,25,47,48,139,62,119,28,128,53,120,79,51,58,59,131,61,149,63,2,173,66,67,60,113,160,105,106,15,98,65,71,77,89,198,80,87,82,83,56,76,94,146,42,156,9,91,100,74,126,3,68,97,175,99,115,101,45,192,104,195,33,127,70,181,41,96,112,69,190,10,167,164,118,86,151,121,122,123,159,125,39,182,111,64,130,54,6,129,133,103,136,137,138,20,196,141,189,46,197,145,109,147,169,50,150,24,152,84,31,193,93,27,155,171,0,154,166,143,16,55,95,57,49,148,170,114,168,124,174,1,176,92,178,179,180,90,161,183,184,134,186,107,188,142,44,116,18,158,21,177,157,144,78,8,];False
4477;9680;14157;[81,88,15,162,110,5,132,32,85,14,187,29,35,13,153,199,108,17,72,19,172,194,22,23,117,191,140,7,43,11,30,102,12,135,34,185,36,37,38,75,40,165,4,52,163,45,25,47,48,139,62,119,28,128,53,120,79,51,58,59,131,61,149,63,2,167,66,67,60,113,160,105,106,73,98,65,71,77,89,198,80,87,82,83,56,76,94,146,42,156,9,91,100,74,126,3,68,97,175,99,115,101,26,192,104,195,33,127,70,181,41,96,112,69,190,10,173,164,118,86,151,121,122,123,159,125,39,182,111,64,130,54,6,129,133,103,136,137,138,20,196,141,189,46,197,145,109,147,169,50,150,24,152,84,31,193,93,27,155,171,0,154,166,57,16,55,95,143,49,148,170,114,168,124,174,1,176,92,178,179,180,90,161,183,184,134,186,107,188,142,44,116,18,158,21,177,157,144,78,8,];False
4540;9616;14156;[81,88,73,162,110,5,132,32,85,14,187,29,35,13,153,199,108,17,72,19,172,194,22,23,117,191,140,7,43,11,30,102,12,135,34,185,36,37,38,75,40,165,4,52,163,45,25,47,48,139,62,119,28,128,53,120,79,51,58,59,131,61,149,63,2,167,66,67,60,113,160,105,106,15,98,65,71,77,89,198,80,87,82,83,56,76,94,146,42,156,9,91,100,74,126,3,68,97,175,99,115,101,26,192,104,195,33,127,179,181,41,96,112,69,190,10,173,164,118,86,151,121,122,123,159,125,39,182,111,64,130,54,6,129,133,103,136,137,138,20,196,141,189,46,197,145,109,147,169,50,150,24,152,84,31,193,93,27,155,171,0,154,166,143,16,55,95,57,49,148,170,114,168,124,174,1,176,92,178,70,180,90,161,183,184,134,186,107,188,142,44,116,18,158,21,177,157,144,78,8,];True
4479;9676;14155;[81,88,15,162,110,5,132,32,85,14,187,29,35,13,153,199,108,17,72,19,172,194,22,23,117,191,140,7,43,11,30,102,12,135,34,185,36,37,38,75,40,165,4,52,163,45,25,47,48,139,62,119,28,128,53,120,79,51,58,59,131,61,149,63,2,167,66,67,60,113,160,105,106,73,98,65,71,77,89,198,80,87,82,83,56,76,155,146,42,156,9,91,100,74,126,3,68,97,175,99,115,101,26,192,104,195,33,127,70,181,41,96,112,69,190,10,173,164,118,86,151,121,122,123,159,125,39,182,111,64,130,54,6,129,133,103,136,137,138,20,196,141,189,46,197,145,109,147,169,50,150,24,152,84,31,193,93,27,94,171,0,154,166,57,16,55,95,143,49,148,170,114,168,124,174,1,176,92,178,179,180,90,161,183,184,134,186,107,188,142,44,116,18,158,21,177,157,144,78,8,];True
4413;9742;14155;[81,88,73,162,110,5,132,32,85,14,187,29,35,13,153,199,108,17,72,19,172,194,22,23,117,191,140,7,43,11,30,102,12,135,34,185,36,37,38,75,40,165,4,52,163,178,25,47,48,139,62,119,28,128,53,120,79,51,58,59,131,61,149,63,2,173,66,67,60,113,160,105,106,15,98,65,71,77,89,198,80,87,82,83,56,76,94,146,42,156,9,91,100,74,126,3,68,97,175,99,115,101,26,192,104,195,33,127,70,181,41,96,112,69,190,10,167,164,118,86,151,121,122,123,159,125,39,182,111,64,130,54,6,129,133,103,136,137,138,20,196,141,189,46,197,145,109,147,169,50,150,24,152,84,31,193,93,27,155,171,0,154,166,143,16,55,95,57,49,148,170,114,168,124,174,1,176,92,45,179,180,90,161,183,184,134,186,107,188,142,44,116,18,158,21,177,157,144,78,8,];False
4433;9719;14152;[81,88,73,162,110,5,132,32,85,14,187,29,35,13,153,199,108,17,72,19,172,194,22,23,117,191,140,7,43,11,30,102,12,135,34,185,36,37,38,75,40,165,4,52,163,45,25,47,48,139,62,119,28,128,53,120,79,51,58,59,131,61,149,63,2,173,66,67,60,125,160,105,106,15,98,65,71,77,89,16,80,87,82,83,56,76,94,146,42,156,9,91,100,74,126,3,68,97,175,99,115,101,26,192,104,195,33,127,70,181,41,96,112,69,190,10,167,164,118,86,151,121,122,123,159,113,39,182,111,64,130,54,6,129,133,103,136,137,138,20,196,141,189,46,197,145,109,147,169,50,150,24,152,84,31,193,93,27,155,171,0,154,166,143,198,55,95,57,49,148,170,114,168,124,174,1,176,92,178,179,180,90,161,183,184,134,186,107,188,142,44,116,18,158,21,177,157,144,78,8,];False
4341;9810;14151;[81,88,73,162,110,5,132,32,85,14,187,29,35,13,72,199,108,17,153,19,172,194,22,23,117,191,140,7,43,11,30,102,12,135,34,185,36,37,89,75,40,165,4,52,163,45,25,47,48,139,62,119,28,128,53,120,79,168,58,59,131,61,149,63,2,173,66,67,60,125,160,105,106,15,98,65,71,77,38,198,80,87,82,83,56,76,94,146,42,156,9,91,100,74,126,3,68,97,175,99,115,101,26,192,104,195,33,127,70,181,41,96,112,69,190,10,167,164,118,86,151,121,122,123,159,113,39,182,111,64,130,54,6,129,133,103,136,137,138,20,196,141,189,46,197,145,109,147,169,50,150,24,152,84,31,193,93,27,155,171,0,154,166,143,16,55,95,57,49,148,170,114,51,124,174,1,176,92,178,179,180,90,161,183,184,134,186,107,188,142,44,116,18,158,21,177,157,144,78,8,];False
4436;9715;14151;[81,88,73,162,110,5,132,32,85,14,187,29,35,13,153,199,108,17,72,19,172,194,22,23,117,191,140,7,43,11,30,102,12,135,34,147,36,37,38,75,40,165,4,52,163,45,25,47,48,139,62,119,28,128,53,120,79,51,58,59,131,61,149,63,2,173,66,67,60,125,160,105,106,15,98,65,71,77,89,198,80,87,82,83,56,76,94,146,42,156,9,91,100,74,126,3,68,97,175,99,115,101,26,192,104,195,33,127,70,181,41,96,112,69,190,10,167,164,118,86,151,121,122,123,159,113,39,182,111,64,130,54,6,129,133,103,136,137,138,20,196,141,189,46,197,145,109,185,169,50,150,24,152,84,31,193,93,27,155,171,0,154,166,143,16,55,95,57,49,148,170,114,168,124,174,1,176,92,178,179,180,90,161,183,184,134,186,107,188,142,44,116,18,158,21,177,157,144,78,8,];False
4411;9740;14151;[81,88,73,162,110,5,132,32,85,14,187,29,35,13,153,199,108,17,72,19,172,194,22,23,117,191,140,7,43,11,30,102,12,135,34,185,36,37,38,75,40,165,4,52,163,45,25,47,48,15,62,119,28,128,53,120,79,168,58,59,131,61,149,63,2,173,66,67,60,125,160,105,106,139,98,65,71,77,89,198,80,87,82,83,56,76,94,146,42,156,9,91,100,74,126,3,68,97,175,99,115,101,26,192,104,195,33,127,70,181,41,96,112,69,190,10,167,164,118,86,151,121,122,123,159,113,39,182,111,64,130,54,6,129,133,103,136,137,138,20,196,141,189,46,197,145,109,147,169,50,150,24,152,84,31,193,93,27,155,171,0,154,166,143,16,55,95,57,49,148,170,114,51,124,174,1,176,92,178,179,180,90,161,183,184,134,186,107,188,142,44,116,18,158,21,177,157,144,78,8,];False
4353;9797;14150;[81,88,73,162,110,5,132,32,85,14,187,29,35,13,72,199,108,17,153,19,172,194,22,23,117,191,140,7,43,11,30,102,12,135,34,185,36,37,38,75,40,165,4,52,163,45,25,47,48,139,62,119,28,128,53,120,79,168,58,59,131,61,149,63,2,173,66,67,60,125,160,105,106,15,98,65,71,77,89,198,80,87,82,83,56,76,94,146,42,156,9,91,100,74,126,3,68,97,175,99,115,101,26,192,104,195,33,127,70,181,41,96,112,69,190,10,167,164,118,86,151,121,122,123,159,113,39,182,111,64,130,54,6,129,133,103,136,137,138,20,196,141,189,46,197,145,109,147,169,50,150,24,152,84,31,193,93,27,155,143,0,154,166,171,16,55,95,57,49,148,170,114,51,124,174,1,176,92,178,179,180,90,161,183,184,134,186,107,188,142,44,116,18,158,21,177,157,144,78,8,];False
4438;9712;14150;[81,88,73,162,110,5,132,32,85,14,187,29,35,13,153,199,108,17,72,19,172,194,22,23,117,191,140,7,43,11,30,102,12,135,34,185,36,37,38,75,40,165,4,52,163,45,25,47,48,139,62,119,28,128,53,120,79,51,58,59,131,61,149,63,2,173,66,67,60,125,160,105,106,15,98,65,71,77,89,198,80,87,82,83,56,76,113,146,42,156,9,91,100,74,126,3,68,97,175,99,115,101,26,192,104,195,33,127,70,181,41,96,112,69,190,10,167,164,118,86,151,121,122,123,159,94,39,182,111,64,130,54,6,129,133,103,136,137,138,20,196,141,189,46,197,145,109,147,169,50,150,24,152,84,31,193,93,27,155,171,0,154,166,143,16,55,95,57,49,148,170,114,168,124,174,1,176,92,178,179,180,90,161,183,184,134,186,107,188,142,44,116,18,158,21,177,157,144,78,8,];False
4451;9698;14149;[81,88,73,162,110,5,132,32,85,14,187,169,35,13,153,199,108,17,72,19,172,194,22,23,117,191,140,7,43,11,30,102,12,135,34,185,36,37,38,75,40,165,4,52,163,45,25,47,48,139,62,119,28,128,53,120,79,51,58,59,131,61,149,63,2,167,66,67,60,113,160,105,106,15,98,65,71,77,89,198,80,87,82,83,56,76,94,146,42,156,9,91,100,74,126,3,68,97,175,99,115,101,26,192,104,195,33,127,70,181,41,96,112,69,190,10,173,164,118,86,151,121,122,123,159,125,39,182,111,64,130,54,6,129,133,103,136,137,138,20,196,141,189,46,197,145,109,147,29,50,150,24,152,84,31,193,93,27,155,171,0,154,166,143,16,55,95,57,49,148,170,114,168,124,174,1,176,92,178,179,180,90,161,183,184,134,186,107,188,142,44,116,18,158,21,177,157,144,78,8,];False
4423;9725;14148;[81,88,73,162,110,5,132,32,85,14,187,29,35,13,153,199,108,17,72,19,172,194,22,23,117,191,140,7,43,11,30,102,12,135,34,185,36,37,38,75,40,165,4,52,163,45,25,47,48,139,62,119,28,128,53,120,79,51,58,59,131,61,149,63,2,173,66,67,60,125,160,105,106,15,98,65,71,77,89,198,80,87,82,83,56,76,94,146,42,156,9,91,100,74,126,3,68,97,175,99,115,101,26,192,104,195,33,127,70,181,41,96,112,69,190,10,167,164,118,86,151,121,122,123,159,129,39,182,111,64,130,54,6,113,133,103,136,137,138,20,196,141,189,46,197,145,109,147,169,50,150,24,152,84,31,193,93,27,155,171,0,154,166,143,16,55,95,57,49,148,170,114,168,124,174,1,176,92,178,179,180,90,161,183,184,134,186,107,188,142,44,116,18,158,21,177,157,144,78,8,];False
4447;9700;14147;[81,88,73,162,110,5,132,32,85,14,187,29,35,13,153,199,108,17,72,19,172,194,22,23,117,191,140,7,43,11,30,102,12,135,34,185,36,37,38,75,40,165,4,52,163,45,25,47,48,139,62,119,28,128,53,120,79,51,58,59,131,61,149,63,2,173,66,67,60,113,160,105,106,15,98,65,71,77,89,198,80,87,82,83,56,76,94,146,42,156,9,91,100,74,126,3,68,97,175,99,115,101,26,192,104,195,33,127,70,181,41,96,112,69,190,10,167,164,118,86,151,121,122,123,159,125,39,182,111,64,130,54,6,129,133,103,136,137,138,20,196,141,189,46,197,145,109,147,169,50,150,24,152,84,31,193,93,27,8,171,0,154,166,143,16,55,95,57,49,148,170,114,168,124,174,1,176,92,178,179,180,90,161,183,184,134,186,107,188,142,44,116,18,158,21,177,157,144,78,155,];False
4450;9696;14146;[81,88,73,162,110,5,132,32,85,14,187,29,35,13,153,199,108,17,72,19,172,194,22,23,117,191,140,7,43,11,30,102,12,135,34,185,36,37,38,75,40,165,4,52,163,45,25,47,48,139,62,119,28,128,53,120,79,51,58,59,131,61,149,63,2,173,66,67,60,113,160,105,106,15,98,65,71,77,89,198,80,87,82,83,56,76,94,146,42,156,9,91,100,74,126,3,68,97,175,99,115,101,26,192,104,195,33,127,70,181,41,96,112,69,190,10,167,164,118,86,151,121,122,123,159,125,39,182,111,64,130,54,6,129,133,103,136,137,138,20,196,141,189,46,197,145,109,147,169,50,150,24,157,84,31,193,93,27,155,171,0,154,166,143,16,55,95,57,49,148,170,114,168,124,174,1,176,92,178,179,180,90,161,183,184,134,186,107,188,142,44,116,18,158,21,177,152,144,78,8,];False
4422;9723;14145;[81,88,73,162,110,5,132,32,85,14,187,29,35,13,153,199,108,17,72,19,172,194,22,23,117,191,140,7,43,11,30,102,12,135,34,185,36,37,38,75,40,165,4,52,163,45,25,47,48,139,62,119,28,128,53,120,79,51,58,59,131,61,149,63,2,167,66,67,60,113,160,105,106,15,98,65,71,77,89,198,80,87,82,83,56,181,94,146,42,156,9,91,100,74,126,3,68,97,175,99,115,101,26,192,104,195,33,127,70,76,41,96,112,69,190,10,173,164,118,86,151,121,122,123,159,125,39,182,111,64,130,54,6,129,133,103,136,137,138,20,196,141,189,46,197,145,109,147,169,50,150,24,152,84,31,193,93,27,155,171,0,154,166,143,16,55,95,57,49,148,170,114,168,124,174,1,176,92,178,179,180,90,161,183,184,134,186,107,188,142,44,116,18,158,21,177,157,144,78,8,];False
4425;9716;14141;[81,88,73,162,110,5,132,32,85,14,187,29,35,13,153,199,108,17,72,19,172,194,22,23,117,191,140,7,43,11,30,102,12,135,34,185,36,37,38,75,40,165,4,52,163,45,25,47,48,139,62,119,28,128,53,120,79,51,58,59,131,61,149,63,2,167,125,67,60,113,160,105,106,15,98,65,71,77,89,198,80,87,82,83,56,76,94,146,42,156,9,91,100,74,126,3,68,97,175,99,115,101,26,192,104,195,33,127,70,181,41,96,112,69,190,10,173,164,118,86,151,121,122,123,159,66,39,182,111,64,130,54,6,129,133,103,136,137,138,20,196,141,189,46,197,145,109,147,169,50,150,24,152,84,31,193,93,27,155,171,0,154,166,143,16,55,95,57,49,148,170,114,168,124,174,1,176,92,178,179,180,90,161,183,184,134,186,107,188,142,44,116,18,158,21,177,157,144,78,8,];False
4424;9716;14140;[81,88,73,162,110,5,132,32,85,14,187,29,35,13,153,199,108,17,72,19,172,194,22,23,117,191,140,7,43,11,30,102,12,135,34,185,36,37,38,75,40,165,4,52,163,45,25,47,48,139,62,119,28,128,53,120,79,51,90,59,131,61,149,63,2,167,66,67,60,113,160,105,106,15,98,65,71,77,89,198,80,87,82,83,56,76,94,146,42,156,9,91,100,74,126,3,68,97,175,99,115,101,26,192,104,195,33,127,70,181,41,96,112,69,190,10,173,164,118,86,151,121,122,123,159,125,39,182,111,64,130,54,6,129,133,103,136,137,138,20,196,141,189,46,197,145,109,147,169,50,150,24,152,84,31,193,93,27,155,171,0,154,166,143,16,55,95,57,49,148,170,114,168,124,174,1,176,92,178,179,180,58,161,183,184,134,186,107,188,142,44,116,18,158,21,177,157,144,78,8,];False
4454;9685;14139;[81,88,73,162,110,5,132,32,85,14,187,29,35,13,153,199,108,17,72,19,172,194,22,23,117,191,140,7,43,11,30,102,12,135,34,185,36,37,38,75,40,165,4,52,163,45,25,47,48,139,62,119,28,128,53,120,79,51,58,59,131,61,149,63,2,167,66,67,60,113,160,105,106,15,98,65,71,77,89,198,80,87,82,83,56,76,94,146,42,156,9,91,100,74,126,3,68,97,175,99,115,101,26,192,104,195,33,125,70,181,41,96,112,69,190,10,173,164,118,86,151,121,122,123,159,127,39,182,111,64,130,54,6,129,133,103,136,137,138,20,196,141,189,46,197,145,109,147,169,50,150,24,152,84,31,193,93,27,155,171,0,154,166,143,16,55,95,57,49,148,170,114,168,124,174,1,176,92,178,179,180,90,161,183,184,134,186,107,188,142,44,116,18,158,21,177,157,144,78,8,];False
4451;9686;14137;[81,88,73,162,110,5,132,32,85,14,187,29,35,13,153,199,108,17,72,19,172,194,22,23,117,191,140,7,43,11,30,102,12,135,34,185,36,37,38,75,40,165,4,52,163,45,25,47,48,139,62,119,28,128,53,120,79,51,58,59,131,61,149,63,2,167,66,67,60,113,160,105,106,15,98,65,71,77,89,198,80,87,82,83,56,76,94,146,42,156,9,91,100,74,126,3,68,97,175,99,115,101,26,192,104,195,33,127,70,181,41,111,112,69,190,10,173,164,118,86,151,121,122,123,159,125,39,182,96,64,130,54,6,129,133,103,136,137,138,20,196,141,189,46,197,145,109,147,169,50,150,24,152,84,31,193,93,27,155,171,0,154,166,143,16,55,95,57,49,148,170,114,168,124,174,1,176,92,178,179,180,90,161,183,184,134,186,107,188,142,44,116,18,158,21,177,157,144,78,8,];False
4457;9680;14137;[81,88,73,162,110,5,132,32,85,14,187,29,35,13,153,199,108,17,72,19,172,194,22,23,117,191,140,7,43,11,30,102,12,135,34,185,36,37,38,75,40,165,4,52,163,45,25,47,48,139,62,119,28,128,53,120,79,51,58,59,131,61,149,63,2,167,66,67,60,113,160,105,106,15,98,65,71,77,89,198,80,87,82,83,56,76,94,146,42,156,9,91,100,74,126,3,68,97,175,99,115,101,26,192,104,195,33,127,70,181,41,96,112,69,190,10,173,164,118,86,151,121,122,197,159,125,39,182,111,64,130,54,6,129,133,103,136,137,138,20,196,141,189,46,123,145,109,147,169,50,150,24,152,84,31,193,93,27,155,171,0,154,166,143,16,55,95,57,49,148,170,114,168,124,174,1,176,92,178,179,180,90,161,183,184,134,186,107,188,142,44,116,18,158,21,177,157,144,78,8,];True
4402;9734;14136;[81,88,73,162,110,5,132,32,85,14,187,29,35,13,153,199,108,17,72,19,172,194,22,23,117,191,140,7,43,11,30,102,12,135,34,185,36,37,38,75,40,165,4,52,163,45,25,47,48,139,62,119,28,128,53,120,79,51,58,59,131,61,149,63,2,173,66,67,60,113,160,105,106,15,98,65,71,77,89,198,80,87,82,83,56,76,94,146,42,156,9,91,100,74,126,3,68,97,175,99,115,101,26,192,104,195,33,127,70,181,41,96,112,69,190,10,167,164,118,86,151,121,122,123,159,125,39,182,111,64,130,54,6,129,133,103,136,137,138,20,196,141,189,46,197,145,109,147,169,50,150,24,152,84,31,193,93,27,155,171,0,154,166,143,16,55,95,57,49,148,170,114,168,124,174,1,176,92,178,179,180,90,161,183,184,134,186,107,188,142,44,116,18,158,21,177,157,144,78,8,];False
4396;9737;14133;[81,88,73,162,110,5,132,32,85,14,187,29,35,13,153,199,108,17,72,19,172,194,22,23,117,191,140,7,43,11,30,102,12,135,34,185,36,37,38,75,40,165,4,52,163,45,25,47,48,139,62,119,28,128,53,120,79,168,58,59,131,61,149,63,2,173,113,67,60,125,160,105,106,15,98,65,71,77,89,198,80,87,82,83,56,76,94,146,42,156,9,91,100,74,126,3,68,97,175,99,115,101,26,192,104,195,33,127,70,181,41,96,112,69,190,10,167,164,118,86,151,121,122,123,159,66,39,182,111,64,130,54,6,129,133,103,136,137,138,20,196,141,189,46,197,145,109,147,169,50,150,24,152,84,31,193,93,27,155,171,0,154,166,143,16,55,95,57,49,148,170,114,51,124,174,1,176,92,178,179,180,90,161,183,184,134,186,107,188,142,44,116,18,158,21,177,157,144,78,8,];False
4409;9723;14132;[81,88,73,162,110,5,132,32,85,14,187,29,35,13,153,199,108,17,72,19,172,194,22,23,117,191,140,7,43,11,30,102,12,135,34,185,36,37,38,75,40,165,4,52,163,45,25,47,48,139,62,119,28,128,53,120,79,51,58,59,131,61,149,63,2,167,66,67,60,113,160,105,106,15,98,65,71,77,89,198,80,87,82,83,56,76,94,146,42,156,9,91,100,74,126,3,68,97,175,99,115,101,26,192,104,195,33,127,70,181,41,96,112,69,190,10,173,164,118,86,151,121,122,123,159,125,39,182,111,64,130,54,6,129,133,103,136,137,138,20,196,141,189,46,197,145,109,147,169,50,150,24,152,84,31,193,93,27,155,171,0,154,166,143,16,55,95,57,49,148,170,114,168,124,174,1,176,92,178,179,180,90,161,183,184,134,186,107,188,142,44,116,18,158,21,177,157,144,78,8,];False
4510;9621;14131;[81,88,15,162,110,5,132,32,85,14,187,29,35,13,153,199,108,17,72,19,172,194,22,23,117,191,140,7,43,11,30,102,12,135,34,185,36,37,38,75,40,165,4,52,163,45,25,47,48,139,62,119,28,128,53,120,79,51,58,59,131,61,149,63,2,167,66,67,60,113,160,105,106,73,98,65,71,77,89,198,80,87,82,83,56,138,94,146,42,156,9,91,100,74,126,3,68,97,175,99,115,101,26,192,104,195,33,127,70,181,41,96,112,69,190,10,173,164,118,86,151,121,122,123,159,125,39,182,111,64,130,54,6,129,133,103,136,137,76,20,196,141,189,46,197,145,109,147,169,50,150,24,152,84,31,193,93,27,155,171,0,154,166,57,16,55,95,143,49,148,170,114,168,124,174,1,176,92,178,179,180,90,161,183,184,134,186,107,188,142,44,116,18,158,21,177,157,144,78,8,];True
4321;9809;14130;[81,88,73,162,110,5,132,32,85,14,187,29,35,13,72,199,108,17,153,19,172,194,22,23,117,191,140,7,43,11,30,102,12,135,34,185,36,37,38,75,40,165,4,52,163,45,25,47,48,139,62,119,28,128,53,120,79,168,58,59,131,61,149,63,2,173,66,67,60,125,160,105,106,15,98,65,71,77,89,198,80,87,82,83,56,76,94,146,42,156,9,91,100,74,126,3,68,97,175,99,115,101,26,192,49,195,33,127,70,181,41,96,112,69,190,10,167,164,118,86,151,121,122,123,159,113,39,182,111,64,130,54,6,129,133,103,136,137,138,20,196,141,189,46,197,145,109,147,169,50,150,24,152,84,31,193,93,27,155,171,0,154,166,143,16,55,95,57,104,148,170,114,51,124,174,1,176,92,178,179,180,90,161,183,184,134,186,107,188,142,44,116,18,158,21,177,157,144,78,8,];False
4432;9697;14129;[81,88,73,162,110,5,132,32,85,14,187,29,35,13,153,199,108,17,72,19,172,194,22,23,117,191,140,7,43,11,30,102,12,135,34,185,36,37,38,75,40,165,4,52,163,45,25,47,48,139,62,119,28,128,53,120,79,51,58,59,131,61,149,63,2,173,80,67,60,113,160,105,106,15,98,65,71,77,89,198,66,87,82,83,56,76,94,146,42,156,9,91,100,74,126,3,68,97,175,99,115,101,26,192,104,195,33,127,70,181,41,96,112,69,190,10,167,164,118,86,151,121,122,123,159,125,39,182,111,64,130,54,6,129,133,103,136,137,138,20,196,141,189,46,197,145,109,147,169,50,150,24,152,84,31,193,93,27,155,171,0,154,166,143,16,55,95,57,49,148,170,114,168,124,174,1,176,92,178,179,180,90,161,183,184,134,186,107,188,142,44,116,18,158,21,177,157,144,78,8,];False
4284;9837;14121;[81,88,73,162,110,5,132,32,85,14,187,29,35,13,72,199,108,17,153,19,172,194,22,23,117,191,140,7,43,11,30,102,12,135,34,185,36,37,38,75,40,165,4,52,163,45,25,47,48,139,62,119,28,128,53,120,79,168,58,59,131,61,149,63,2,173,66,67,60,125,160,105,106,15,98,65,71,77,89,198,80,87,82,83,56,76,94,146,42,156,9,91,100,74,126,3,68,97,175,99,115,101,26,192,104,195,33,127,70,181,41,96,112,69,190,10,167,164,118,86,151,121,122,123,159,113,39,182,111,64,130,54,6,129,133,103,136,137,138,20,196,141,189,46,197,114,109,147,169,50,150,24,152,84,31,193,93,27,155,171,0,154,166,143,16,55,95,57,49,148,170,145,51,124,174,1,176,92,178,179,180,90,161,183,184,134,186,107,188,142,44,116,18,158,21,177,157,144,78,8,];False
4373;9747;14120;[81,88,73,162,110,5,132,32,85,14,187,29,35,13,153,199,108,17,72,19,172,194,22,23,117,191,140,7,43,11,30,102,12,135,34,185,36,37,38,75,40,165,4,52,163,45,25,47,48,139,62,119,28,128,53,120,79,51,58,59,131,61,149,63,2,173,66,67,60,125,160,105,106,15,98,65,71,77,89,198,80,87,82,83,56,76,94,146,42,156,9,91,100,74,126,3,68,97,175,99,115,101,26,192,104,195,33,127,70,181,41,96,112,69,190,10,167,164,118,86,151,121,122,123,188,113,39,182,111,64,130,54,6,129,133,103,136,137,138,20,196,141,189,46,197,145,109,147,169,50,150,24,152,84,31,193,93,27,155,171,0,154,166,143,16,55,95,57,49,148,170,114,168,124,174,1,176,92,178,179,180,90,161,183,184,134,186,107,159,142,44,116,18,158,21,177,157,144,78,8,];False
4393;9724;14117;[81,88,73,162,110,5,132,32,85,14,187,29,35,13,153,199,108,17,72,19,172,194,22,23,117,191,140,7,43,11,30,102,12,135,34,185,36,37,38,75,40,165,4,52,115,45,25,47,48,139,62,119,28,128,53,120,79,51,58,59,131,61,149,63,2,173,66,67,60,125,160,105,106,15,98,65,71,77,89,198,80,87,82,83,56,76,94,146,42,156,9,91,100,74,126,3,68,97,175,99,163,101,26,192,104,195,33,127,70,181,41,96,112,69,190,10,167,164,118,86,151,121,122,123,159,113,39,182,111,64,130,54,6,129,133,103,136,137,138,20,196,141,189,46,197,145,109,147,169,50,150,24,152,84,31,193,93,27,155,171,0,154,166,143,16,55,95,57,49,148,170,114,168,124,174,1,176,92,178,179,180,90,161,183,184,134,186,107,188,142,44,116,18,158,21,177,157,144,78,8,];False
4287;9824;14111;[81,88,73,162,110,5,132,32,85,14,187,29,35,13,72,199,108,17,153,19,172,194,22,23,117,191,140,7,43,11,30,102,12,135,34,185,36,37,38,75,40,165,4,52,163,45,25,47,48,139,62,119,28,128,53,120,79,168,58,59,131,61,149,63,2,173,66,67,60,125,160,105,106,15,98,65,71,77,89,198,80,87,82,83,56,76,94,146,42,156,9,91,100,74,126,3,68,97,175,99,115,101,26,192,104,195,33,127,70,181,41,96,112,69,190,10,167,164,118,86,151,121,122,123,159,113,39,182,111,64,130,54,6,129,133,103,136,137,138,20,148,141,189,46,197,145,109,147,169,50,150,24,152,84,31,193,93,27,155,171,0,154,166,143,16,55,95,57,49,196,170,114,51,124,174,1,176,92,178,179,180,90,161,183,184,134,186,107,188,142,44,116,18,158,21,177,157,144,78,8,];False
4398;9713;14111;[81,88,73,162,110,5,132,32,85,14,187,29,35,13,153,199,108,17,72,19,172,194,22,23,117,191,140,7,43,11,30,102,12,135,34,185,36,37,38,75,40,165,4,52,163,45,25,47,48,139,186,119,28,128,53,120,79,51,58,59,131,61,149,63,2,173,66,67,60,125,160,105,106,15,98,65,71,77,89,198,80,87,82,83,56,76,94,146,42,156,9,91,100,74,126,3,68,97,175,99,115,101,26,192,104,195,33,127,70,181,41,96,112,69,190,10,167,164,118,86,151,121,122,123,159,113,39,182,111,64,130,54,6,129,133,103,136,137,138,20,196,141,189,46,197,145,109,147,169,50,150,24,152,84,31,193,93,27,155,171,0,154,166,143,16,55,95,57,49,148,170,114,168,124,174,1,176,92,178,179,180,90,161,183,184,134,62,107,188,142,44,116,18,158,21,177,157,144,78,8,];False
4417;9683;14100;[81,88,73,162,110,5,132,32,85,14,187,29,35,13,153,199,108,17,72,19,172,194,22,23,117,191,140,7,43,11,30,102,12,135,34,121,36,37,38,75,40,165,4,52,163,45,25,47,48,139,62,119,28,128,53,120,79,51,58,59,131,61,149,63,2,173,66,67,60,113,160,105,106,15,98,65,71,77,89,198,80,87,82,83,56,76,94,146,42,156,9,91,100,74,126,3,68,97,175,99,115,101,26,192,104,195,33,127,70,181,41,96,112,69,190,10,167,164,118,86,151,185,122,123,159,125,39,182,111,64,130,54,6,129,133,103,136,137,138,20,196,141,189,46,197,145,109,147,169,50,150,24,152,84,31,193,93,27,155,171,0,154,166,143,16,55,95,57,49,148,170,114,168,124,174,1,176,92,178,179,180,90,161,183,184,134,186,107,188,142,44,116,18,158,21,177,157,144,78,8,];True
4371;9721;14092;[81,88,73,162,110,5,132,32,85,14,187,29,35,13,153,199,108,17,72,19,172,194,22,23,117,191,140,7,43,11,30,102,12,135,34,185,36,37,38,75,40,165,4,52,163,45,25,47,48,139,62,119,28,128,53,120,79,51,58,59,131,61,149,63,2,173,66,67,60,125,160,105,106,15,98,65,71,77,89,198,80,87,82,83,56,76,94,146,42,156,9,91,100,74,126,3,68,97,175,99,115,101,26,192,104,195,33,127,70,181,41,96,112,69,190,10,167,164,118,86,151,121,122,123,159,113,39,182,111,64,130,54,6,129,133,103,136,137,138,20,196,141,189,46,197,145,109,147,169,50,150,24,152,84,31,193,93,27,155,171,49,154,166,143,16,55,95,57,0,148,170,114,168,124,174,1,176,92,178,179,180,90,161,183,184,134,186,107,188,142,44,116,18,158,21,177,157,144,78,8,];False
4357;9733;14090;[81,88,73,162,110,5,132,32,85,14,187,29,35,13,153,199,108,146,72,19,172,194,22,23,117,191,140,7,43,11,30,102,12,135,34,185,36,37,38,75,40,165,4,52,163,45,25,47,48,139,62,119,28,128,53,120,79,168,58,59,131,61,149,63,2,173,66,67,60,125,160,105,106,15,98,65,71,77,89,198,80,87,82,83,56,76,94,17,42,156,9,91,100,74,126,3,68,97,175,99,115,101,26,192,104,195,33,127,70,181,41,96,112,69,190,10,167,164,118,86,151,121,122,123,159,113,39,182,111,64,130,54,6,129,133,103,136,137,138,20,196,141,189,46,197,145,109,147,169,50,150,24,152,84,31,193,93,27,155,171,0,154,166,143,16,55,95,57,49,148,170,114,51,124,174,1,176,92,178,179,180,90,161,183,184,134,186,107,188,142,44,116,18,158,21,177,157,144,78,8,];False
4373;9717;14090;[81,88,73,162,110,5,132,32,85,14,187,29,35,13,153,199,108,17,72,19,172,194,22,23,117,191,140,7,43,11,30,102,12,135,34,185,36,37,38,75,40,165,4,52,163,45,25,47,48,139,62,119,28,128,53,120,79,51,58,59,131,61,149,63,2,173,66,67,60,125,160,105,106,15,98,176,71,77,89,198,80,87,82,83,56,76,94,146,42,156,9,91,100,74,126,3,68,97,175,99,115,101,26,192,104,195,33,127,70,181,41,96,112,69,190,10,167,164,118,86,151,121,122,123,159,113,39,182,111,64,130,54,6,129,133,103,136,137,138,20,196,141,189,46,197,145,109,147,169,50,150,24,152,84,31,193,93,27,155,171,0,154,166,143,16,55,95,57,49,148,170,114,168,124,174,1,65,92,178,179,180,90,161,183,184,134,186,107,188,142,44,116,18,158,21,177,157,144,78,8,];False
4380;9709;14089;[81,88,73,162,110,5,132,32,85,14,187,29,35,13,153,199,108,17,72,19,144,194,22,23,117,191,140,7,43,11,30,102,12,135,34,185,36,37,38,75,40,165,4,52,163,45,25,47,48,139,62,119,28,128,53,120,79,168,58,59,131,61,149,63,2,173,66,67,60,125,160,105,106,15,98,65,71,77,89,198,80,87,82,83,56,76,94,146,42,156,9,91,100,74,126,3,68,97,175,99,115,101,26,192,104,195,33,127,70,181,41,96,112,69,190,10,167,164,118,86,151,121,122,123,159,113,39,182,111,64,130,54,6,129,133,103,136,137,138,20,196,141,189,46,197,145,109,147,169,50,150,24,152,84,31,193,93,27,155,171,0,154,166,143,16,55,95,57,49,148,170,114,51,124,174,1,176,92,178,179,180,90,161,183,184,134,186,107,188,142,44,116,18,158,21,177,157,172,78,8,];False
4358;9722;14080;[81,88,73,162,110,5,132,32,85,14,187,29,35,13,153,199,108,17,72,19,172,194,22,23,117,191,140,7,43,11,30,102,12,135,34,185,36,37,38,75,40,165,4,52,163,45,25,47,48,139,62,119,28,128,53,120,79,51,58,59,131,61,149,63,2,173,66,67,60,125,160,105,106,15,98,65,71,77,89,198,80,87,82,83,56,76,94,146,42,156,9,91,100,74,126,3,68,97,175,99,115,101,26,192,104,195,33,127,70,181,41,96,112,69,190,10,167,164,118,86,151,121,122,123,159,113,39,182,111,64,130,54,6,129,133,103,136,137,138,20,196,141,189,46,197,145,109,147,169,50,193,24,152,84,31,150,93,27,155,171,0,154,166,143,16,55,95,57,49,148,170,114,168,124,174,1,176,92,178,179,180,90,161,183,184,134,186,107,188,142,44,116,18,158,21,177,157,144,78,8,];False
4346;9733;14079;[81,88,73,162,110,5,132,32,85,14,187,29,35,13,153,199,108,17,72,19,172,194,22,23,117,191,140,7,43,11,30,102,12,135,34,185,36,37,38,75,40,165,4,52,163,45,25,47,48,139,62,119,28,128,53,120,79,168,58,59,131,61,149,63,2,173,66,67,60,125,160,105,106,15,98,65,71,77,89,198,80,87,82,83,56,76,94,146,42,156,9,91,100,74,126,3,68,97,175,99,115,101,26,192,104,195,33,127,70,181,41,96,112,69,190,10,167,164,118,86,151,121,122,123,159,113,39,182,111,64,130,54,6,129,133,103,136,137,138,20,196,141,189,46,197,145,109,147,169,50,150,24,152,84,31,193,93,27,155,171,0,154,166,143,16,55,95,57,49,148,170,114,51,124,174,1,176,92,178,179,180,90,161,183,184,134,186,107,188,142,44,116,18,158,21,177,157,144,78,8,];True
4356;9722;14078;[81,88,73,162,110,5,132,32,85,14,187,29,35,13,153,199,108,17,72,19,172,194,22,23,117,191,140,7,43,11,30,102,12,135,34,185,36,37,38,75,40,165,4,52,163,45,25,47,48,139,62,119,28,128,53,120,79,51,58,59,131,61,149,63,2,173,66,67,60,125,160,105,106,15,98,65,71,77,89,198,80,87,82,83,56,76,94,146,42,156,9,91,100,74,126,3,68,97,175,99,115,101,26,192,104,195,33,127,70,181,41,96,112,69,190,10,167,164,118,86,151,121,122,123,159,113,39,182,111,64,130,54,6,129,133,103,136,137,138,20,196,141,189,46,197,145,109,147,169,50,150,24,152,84,31,193,93,27,155,171,0,154,166,143,16,55,95,57,49,148,170,114,168,124,174,1,176,92,178,179,180,90,161,183,184,134,186,107,188,142,44,116,18,158,21,177,157,144,78,8,];True
4354;9724;14078;[81,88,73,162,110,5,132,32,85,14,187,29,35,13,153,199,108,17,72,19,172,194,22,23,117,191,140,7,43,11,30,102,12,135,34,185,36,37,38,75,40,165,4,52,163,45,25,47,48,139,62,119,28,128,53,120,79,168,155,59,131,61,149,63,2,173,66,67,60,125,160,105,106,15,98,65,71,77,89,198,80,87,82,83,56,76,94,146,42,156,9,91,100,74,126,3,68,97,175,99,115,101,26,192,104,195,33,127,70,181,41,96,112,69,190,10,167,164,118,86,151,121,122,123,159,113,39,182,111,64,130,54,6,129,133,103,136,137,138,20,196,141,189,46,197,145,109,147,169,50,150,24,152,84,31,193,93,27,58,171,0,154,166,143,16,55,95,57,49,148,170,114,51,124,174,1,176,92,178,179,180,90,161,183,184,134,186,107,188,142,44,116,18,158,21,177,157,144,78,8,];True
4371;9700;14071;[81,88,73,162,110,5,132,32,85,14,187,29,35,13,153,199,108,17,72,19,172,194,22,23,117,191,140,7,43,11,30,102,12,135,34,185,36,37,38,75,40,165,4,52,163,45,25,47,48,139,62,119,28,128,53,120,79,51,58,59,2,61,149,63,131,173,66,67,60,125,160,105,106,15,98,65,71,77,89,198,80,87,82,83,56,76,94,146,42,156,9,91,100,74,126,3,68,97,175,99,115,101,26,192,104,195,33,127,70,181,41,96,112,69,190,10,167,164,118,86,151,121,122,123,159,113,39,182,111,64,130,54,6,129,133,103,136,137,138,20,196,141,189,46,197,145,109,147,169,50,150,24,152,84,31,193,93,27,155,171,0,154,166,143,16,55,95,57,49,148,170,114,168,124,174,1,176,92,178,179,180,90,161,183,184,134,186,107,188,142,44,116,18,158,21,177,157,144,78,8,];False
4253;9803;14056;[81,88,73,162,110,5,132,32,85,14,187,29,35,13,72,199,108,17,153,19,172,194,22,23,117,191,140,7,43,11,30,102,12,135,34,185,36,37,38,75,40,165,4,52,163,45,25,47,48,139,62,119,28,128,53,120,79,168,58,59,131,61,149,63,2,173,66,67,60,125,160,105,106,15,98,65,71,77,89,198,80,87,82,83,56,76,94,146,42,156,9,91,100,74,126,3,68,97,175,99,115,101,26,192,104,195,33,127,70,181,41,96,112,69,190,10,167,164,118,86,151,121,122,123,159,113,39,182,111,64,130,54,6,129,133,103,136,137,138,20,196,141,189,46,197,145,109,147,169,50,150,24,152,84,31,193,93,27,155,171,0,154,166,143,16,55,95,57,49,148,170,114,51,124,174,1,176,92,178,179,180,90,161,183,184,134,186,107,188,142,44,116,18,158,21,177,157,144,78,8,];True
4366;9687;14053;[81,88,73,162,110,5,132,32,85,14,187,29,35,13,153,199,108,17,72,19,172,194,22,23,117,191,140,7,43,11,30,102,12,135,34,185,36,37,38,75,40,165,4,52,163,47,25,45,48,139,62,119,28,128,53,120,79,168,58,59,131,61,149,63,2,173,66,67,60,125,160,105,106,15,98,65,71,77,89,198,80,87,82,83,56,76,94,146,42,156,9,91,100,74,126,3,68,97,175,99,115,101,26,192,104,195,33,127,70,181,41,96,112,69,190,10,167,164,118,86,151,121,122,123,159,113,39,182,111,64,130,54,6,129,133,103,136,137,138,20,196,141,189,46,197,145,109,147,169,50,150,24,152,84,31,193,93,27,155,171,0,154,166,143,16,55,95,57,49,148,170,114,51,124,174,1,176,92,178,179,180,90,161,183,184,134,186,107,188,142,44,116,18,158,21,177,157,144,78,8,];True
