utilA;utilB;utilSum;contract;pareto
1997;7089;9086;[34,4,144,70,19,87,121,178,102,132,130,84,77,112,93,147,66,157,103,105,74,188,168,31,142,117,167,61,45,138,41,49,78,128,42,122,197,125,145,126,143,160,91,1,150,124,180,196,36,46,140,92,82,23,189,195,175,12,22,26,176,193,109,20,67,166,38,139,63,118,48,194,29,198,174,184,35,161,32,72,163,25,51,50,190,10,0,113,156,71,44,65,37,94,173,18,131,110,81,153,80,100,30,134,148,11,97,58,158,43,7,101,181,68,123,6,137,86,76,151,119,5,39,107,55,14,13,111,52,89,75,182,116,162,53,183,69,159,164,90,28,155,73,99,106,136,115,152,2,170,172,60,54,133,85,104,17,8,16,56,21,108,192,40,15,9,33,154,187,179,27,185,127,96,171,141,98,114,64,79,177,47,88,57,186,199,83,59,129,24,95,149,165,62,120,3,169,191,135,146];False
1991;7081;9072;[34,4,144,70,19,87,121,178,102,132,130,84,77,112,93,147,66,157,103,105,74,188,168,31,142,117,167,61,45,138,41,49,78,128,42,122,197,125,145,126,143,160,91,1,150,124,180,196,36,46,140,92,82,23,189,195,175,12,22,26,176,193,109,20,67,166,38,139,63,118,48,194,29,198,174,184,35,161,32,72,163,25,51,50,190,10,0,113,156,71,44,65,37,94,173,18,131,110,81,153,80,100,30,134,148,11,97,58,158,43,7,101,181,68,123,6,137,86,76,151,119,187,39,107,55,14,13,111,52,89,75,182,116,162,53,183,69,159,164,90,28,155,73,99,106,136,115,152,2,170,172,60,54,133,85,104,17,8,16,56,21,108,192,40,15,9,33,154,5,177,27,185,127,96,171,141,98,114,64,79,179,47,88,57,186,199,83,59,129,24,95,149,165,62,120,3,169,191,135,146];True
2101;7062;9163;[34,4,109,70,19,87,121,178,102,132,130,84,77,112,93,147,66,157,103,105,74,188,168,31,142,117,167,61,45,138,41,49,78,128,42,57,197,125,145,126,143,160,91,1,150,124,180,196,36,46,140,92,82,23,189,195,175,12,22,26,176,193,135,20,67,166,38,139,63,118,48,194,29,198,174,184,35,161,32,72,163,25,51,50,190,10,0,113,156,71,44,65,37,94,173,18,131,110,81,153,80,100,30,134,119,11,97,58,158,43,7,101,181,68,123,6,137,86,76,151,148,187,39,107,55,14,13,111,52,89,75,182,116,162,53,183,69,159,164,90,28,155,73,99,106,136,115,152,2,170,172,60,54,133,85,104,17,8,16,56,21,108,192,40,15,9,33,154,122,179,27,185,127,96,171,141,98,114,64,79,177,47,88,5,186,199,83,59,129,24,95,149,165,62,120,3,169,191,144,146];False
2024;7080;9104;[34,4,144,70,19,87,121,178,102,119,130,84,77,112,93,147,66,157,103,105,74,188,168,31,142,117,167,61,45,138,41,49,78,128,42,122,197,125,145,126,143,160,91,1,150,124,180,196,36,46,140,92,82,23,189,195,175,12,22,26,176,193,109,20,67,166,38,139,63,118,48,194,29,198,174,184,35,161,32,72,163,25,51,50,190,10,0,113,156,71,44,65,37,94,173,18,131,110,81,153,80,100,30,134,148,11,97,58,158,43,7,101,181,68,123,6,137,86,76,151,132,187,39,107,55,14,13,111,52,89,75,182,116,162,53,183,69,159,164,90,28,155,73,99,106,136,115,152,2,170,172,60,54,133,85,104,17,8,16,56,21,108,192,40,15,9,33,154,5,177,27,185,127,96,171,141,98,114,64,79,179,47,88,57,186,199,83,59,129,24,95,149,165,62,120,3,169,191,135,146];False
2020;7075;9095;[34,4,144,70,19,87,121,178,102,132,130,84,77,112,93,147,66,157,103,105,74,188,168,31,142,117,113,61,45,138,41,49,78,128,42,122,197,125,145,126,143,160,91,1,150,124,180,196,36,46,140,92,82,23,189,195,175,12,22,26,176,193,109,20,67,166,38,139,63,118,48,194,29,198,174,184,35,161,32,72,163,25,51,50,190,10,0,167,156,71,44,65,37,94,173,18,131,110,81,153,80,100,30,134,148,11,97,58,158,43,7,101,181,68,123,6,137,86,76,151,119,187,39,107,55,14,13,111,52,89,75,182,116,162,53,183,69,159,164,90,28,155,73,99,106,136,115,152,2,170,172,60,54,133,85,104,17,8,16,56,21,108,192,40,15,9,33,154,5,177,27,185,127,96,171,141,98,114,64,79,179,47,88,57,186,199,83,59,129,24,95,149,165,62,120,3,169,191,135,146];True
1986;7086;9072;[34,4,144,70,19,87,121,178,102,132,130,84,77,112,93,147,66,157,103,105,74,188,168,31,142,117,167,61,45,65,41,49,78,128,42,122,197,125,145,126,143,160,91,1,150,124,180,196,36,46,140,92,82,23,189,195,175,12,22,26,176,193,109,20,67,166,38,139,63,118,48,194,29,198,174,184,35,161,32,72,163,25,51,50,190,10,0,113,156,71,44,138,37,94,173,18,131,110,81,153,80,100,30,134,148,11,97,58,158,43,7,101,181,68,123,6,137,86,76,151,119,187,39,107,55,14,13,111,52,89,75,182,116,162,53,183,69,159,164,90,28,155,73,99,106,136,115,152,2,170,172,60,54,133,85,104,17,8,16,56,21,108,192,40,15,9,33,154,5,177,27,185,127,96,171,141,98,114,64,79,179,47,88,57,186,199,83,59,129,24,95,149,165,62,120,3,169,191,135,146];True
1924;7103;9027;[34,4,144,70,19,87,121,178,102,132,130,84,77,112,93,147,66,157,103,105,74,188,168,31,142,117,167,61,45,138,41,49,78,128,42,101,197,125,145,126,143,160,91,1,150,124,180,196,36,46,140,92,82,23,189,195,175,12,22,26,176,193,109,20,67,166,38,139,63,118,48,194,29,198,174,184,35,161,32,72,163,25,51,50,190,10,0,113,156,71,44,65,37,94,173,18,131,110,81,153,80,100,30,134,148,11,97,58,158,43,7,122,181,68,123,6,137,86,76,151,119,187,39,107,55,14,13,111,52,89,75,182,116,162,53,183,69,159,164,90,28,155,73,99,106,136,115,152,2,170,172,60,54,133,85,104,17,8,16,56,21,108,192,40,15,9,33,154,5,177,27,185,127,96,171,141,98,114,64,79,179,47,88,57,186,199,83,59,129,24,95,149,165,62,120,3,169,191,135,146];True
2035;7070;9105;[34,4,144,70,19,87,121,178,102,132,130,84,77,112,93,147,66,157,103,105,74,188,168,31,142,117,167,61,45,138,41,49,78,128,42,122,197,125,145,126,143,160,91,1,150,124,180,196,36,46,140,92,82,23,189,195,175,12,22,26,176,193,109,20,67,166,38,139,63,118,48,194,29,198,174,184,35,161,32,72,163,25,51,50,190,10,0,113,156,71,44,65,37,94,173,18,131,110,81,153,80,100,30,134,119,11,97,58,158,43,7,101,181,68,123,6,137,86,76,151,148,187,39,107,55,14,13,111,52,89,75,182,116,162,53,183,69,159,164,90,28,155,73,99,106,136,115,152,2,170,172,60,54,133,85,104,17,8,16,56,21,108,192,40,15,9,33,154,5,177,27,185,127,96,171,141,98,114,64,79,179,47,88,57,186,199,83,59,129,24,95,149,165,62,120,3,169,191,135,146];True
2021;7074;9095;[34,4,144,70,19,87,121,178,102,132,130,84,77,112,93,147,66,157,103,105,74,188,168,31,142,117,167,61,45,138,41,49,78,128,42,122,197,125,145,126,143,160,91,1,150,124,180,196,36,46,140,92,82,23,189,195,175,12,22,26,176,193,109,20,67,166,38,139,63,118,48,194,29,198,174,184,35,161,32,72,163,25,51,50,190,10,0,113,156,71,44,65,37,94,173,18,131,110,81,153,80,100,30,134,148,11,97,58,158,43,7,101,181,68,123,6,137,86,76,151,119,187,39,107,55,14,13,111,52,89,75,182,116,162,53,183,69,159,164,90,28,155,73,99,106,136,115,2,152,170,172,60,54,133,85,104,17,8,16,56,21,108,192,40,15,9,33,154,5,177,27,185,127,96,171,141,98,114,64,79,179,47,88,57,186,199,83,59,129,24,95,149,165,62,120,3,169,191,135,146];True
2015;7080;9095;[34,4,144,70,19,87,121,178,102,132,130,84,77,112,93,147,66,157,103,105,74,188,168,31,142,117,113,61,45,65,41,49,78,128,42,122,197,125,145,126,143,160,91,1,150,124,180,196,36,46,140,92,82,23,189,195,175,12,22,26,176,193,109,20,67,166,38,139,63,118,48,194,29,198,174,184,35,161,32,72,163,25,51,50,190,10,0,167,156,71,44,138,37,94,173,18,131,110,81,153,80,100,30,134,148,11,97,58,158,43,7,101,181,68,123,6,137,86,76,151,119,187,39,107,55,14,13,111,52,89,75,182,116,162,53,183,69,159,164,90,28,155,73,99,106,136,115,152,2,170,172,60,54,133,85,104,17,8,16,56,21,108,192,40,15,9,33,154,5,177,27,185,127,96,171,141,98,114,64,79,179,47,88,57,186,199,83,59,129,24,95,149,165,62,120,3,169,191,135,146];True
1953;7097;9050;[34,4,144,70,19,87,121,178,102,132,130,84,77,112,93,147,66,157,103,105,74,188,168,31,142,117,113,61,45,138,41,49,78,128,42,101,197,125,145,126,143,160,91,1,150,124,180,196,36,46,140,92,82,23,189,195,175,12,22,26,176,193,109,20,67,166,38,139,63,118,48,194,29,198,174,184,35,161,32,72,163,25,51,50,190,10,0,167,156,71,44,65,37,94,173,18,131,110,81,153,80,100,30,134,148,11,97,58,158,43,7,122,181,68,123,6,137,86,76,151,119,187,39,107,55,14,13,111,52,89,75,182,116,162,53,183,69,159,164,90,28,155,73,99,106,136,115,152,2,170,172,60,54,133,85,104,17,8,16,56,21,108,192,40,15,9,33,154,5,177,27,185,127,96,171,141,98,114,64,79,179,47,88,57,186,199,83,59,129,24,95,149,165,62,120,3,169,191,135,146];True
2061;7069;9130;[34,4,144,70,19,87,121,178,102,132,130,84,77,112,93,147,66,157,103,105,74,188,168,31,142,117,113,61,45,138,41,49,78,128,42,122,197,125,145,126,20,160,91,1,150,124,180,196,36,46,140,92,82,23,189,195,175,12,22,26,176,193,109,143,67,166,38,139,63,118,48,194,29,198,174,184,35,161,32,72,163,25,51,50,190,10,0,167,156,71,44,65,37,94,173,18,131,110,81,153,80,100,30,134,148,11,97,58,158,43,7,101,181,68,123,6,137,86,76,151,119,187,39,107,55,14,13,111,52,89,75,182,116,162,53,183,69,159,164,90,28,155,73,99,106,136,115,152,2,170,172,60,54,133,85,104,17,8,16,56,21,108,192,40,15,9,33,154,5,177,27,185,127,96,171,141,98,114,64,79,179,47,88,57,186,199,83,59,129,24,95,149,165,62,120,3,169,191,135,146];False
2088;7065;9153;[34,4,144,70,19,87,121,178,102,132,130,84,77,112,93,147,66,157,103,105,74,188,168,31,142,117,113,61,45,138,41,49,78,128,42,122,197,125,145,126,143,160,91,1,150,156,180,196,36,46,140,92,82,23,189,195,175,12,22,26,176,193,109,20,67,166,38,139,63,118,48,194,29,198,174,184,35,161,32,72,163,25,51,50,190,10,0,167,124,71,44,65,37,94,173,18,131,110,81,153,80,100,30,134,148,11,97,58,158,43,7,101,181,68,123,6,137,86,76,151,119,187,39,107,55,14,13,111,52,89,75,182,116,162,53,183,69,159,164,90,28,155,73,99,106,136,115,152,2,170,172,60,54,133,85,104,17,8,16,56,21,108,192,40,15,9,33,154,5,177,27,185,127,96,171,141,98,114,64,79,179,47,88,57,186,199,83,59,129,24,95,149,165,62,120,3,169,191,135,146];False
2064;7064;9128;[34,4,144,70,19,87,121,178,102,132,130,84,77,112,93,147,66,157,103,105,74,188,168,31,142,117,113,61,45,138,41,49,78,128,42,122,197,125,145,126,143,160,91,1,150,124,180,196,36,46,140,92,82,23,189,195,175,12,22,26,176,193,109,20,67,166,38,139,63,118,48,194,29,198,174,184,35,161,32,72,163,25,51,50,190,10,0,167,156,71,44,65,37,94,173,18,131,110,81,153,80,100,30,134,119,11,97,58,158,43,7,101,181,68,123,6,137,86,76,151,148,187,39,107,55,14,13,111,52,89,75,182,116,162,53,183,69,159,164,90,28,155,73,99,106,136,115,152,2,170,172,60,54,133,85,104,17,8,16,56,21,108,192,40,15,9,33,154,5,177,27,185,127,96,171,141,98,114,64,79,179,47,88,57,186,199,83,59,129,24,95,149,165,62,120,3,169,191,135,146];True
2050;7068;9118;[34,4,144,70,19,87,121,178,102,132,130,84,77,112,93,147,66,157,103,105,74,188,168,31,142,117,113,61,45,138,41,49,78,128,42,122,197,125,145,126,143,160,91,1,150,124,180,196,36,46,140,92,82,23,189,195,175,12,22,26,176,193,109,20,67,166,38,139,63,118,48,194,29,198,174,184,35,161,32,72,163,25,51,50,190,10,0,167,156,71,44,65,37,94,173,18,131,110,81,153,80,100,30,134,148,11,97,58,158,43,7,101,181,68,123,6,137,86,76,151,119,187,39,107,55,14,13,111,52,89,75,182,116,162,53,183,69,159,164,90,28,155,73,99,106,136,115,2,152,170,172,60,54,133,85,104,17,8,16,56,21,108,192,40,15,9,33,154,5,177,27,185,127,96,171,141,98,114,64,79,179,47,88,57,186,199,83,59,129,24,95,149,165,62,120,3,169,191,135,146];False
1919;7108;9027;[34,4,144,70,19,87,121,178,102,132,130,84,77,112,93,147,66,157,103,105,74,188,168,31,142,117,167,61,45,65,41,49,78,128,42,101,197,125,145,126,143,160,91,1,150,124,180,196,36,46,140,92,82,23,189,195,175,12,22,26,176,193,109,20,67,166,38,139,63,118,48,194,29,198,174,184,35,161,32,72,163,25,51,50,190,10,0,113,156,71,44,138,37,94,173,18,131,110,81,153,80,100,30,134,148,11,97,58,158,43,7,122,181,68,123,6,137,86,76,151,119,187,39,107,55,14,13,111,52,89,75,182,116,162,53,183,69,159,164,90,28,155,73,99,106,136,115,152,2,170,172,60,54,133,85,104,17,8,16,56,21,108,192,40,15,9,33,154,5,177,27,185,127,96,171,141,98,114,64,79,179,47,88,57,186,199,83,59,129,24,95,149,165,62,120,3,169,191,135,146];True
2016;7079;9095;[34,4,144,70,19,87,121,178,102,132,130,84,77,112,93,147,66,157,103,105,74,188,168,31,142,117,167,61,45,65,41,49,78,128,42,122,197,125,145,126,143,160,91,1,150,124,180,196,36,46,140,92,82,23,189,195,175,12,22,26,176,193,109,20,67,166,38,139,63,118,48,194,29,198,174,184,35,161,32,72,163,25,51,50,190,10,0,113,156,71,44,138,37,94,173,18,131,110,81,153,80,100,30,134,148,11,97,58,158,43,7,101,181,68,123,6,137,86,76,151,119,187,39,107,55,14,13,111,52,89,75,182,116,162,53,183,69,159,164,90,28,155,73,99,106,136,115,2,152,170,172,60,54,133,85,104,17,8,16,56,21,108,192,40,15,9,33,154,5,177,27,185,127,96,171,141,98,114,64,79,179,47,88,57,186,199,83,59,129,24,95,149,165,62,120,3,169,191,135,146];False
1968;7092;9060;[34,4,144,70,19,87,121,178,102,132,130,84,77,112,93,147,66,157,103,105,74,188,168,31,142,117,167,61,45,138,41,49,78,128,42,101,197,125,145,126,143,160,91,1,150,124,180,196,36,46,140,92,82,23,189,195,175,12,22,26,176,193,109,20,67,166,38,139,63,118,48,194,29,198,174,184,35,161,32,72,163,25,51,50,190,10,0,113,156,71,44,65,37,94,173,18,131,110,81,153,80,100,30,134,119,11,97,58,158,43,7,122,181,68,123,6,137,86,76,151,148,187,39,107,55,14,13,111,52,89,75,182,116,162,53,183,69,159,164,90,28,155,73,99,106,136,115,152,2,170,172,60,54,133,85,104,17,8,16,56,21,108,192,40,15,9,33,154,5,177,27,185,127,96,171,141,98,114,64,79,179,47,88,57,186,199,83,59,129,24,95,149,165,62,120,3,169,191,135,146];True
1954;7096;9050;[34,4,144,70,19,87,121,178,102,132,130,84,77,112,93,147,66,157,103,105,74,188,168,31,142,117,167,61,45,138,41,49,78,128,42,101,197,125,145,126,143,160,91,1,150,124,180,196,36,46,140,92,82,23,189,195,175,12,22,26,176,193,109,20,67,166,38,139,63,118,48,194,29,198,174,184,35,161,32,72,163,25,51,50,190,10,0,113,156,71,44,65,37,94,173,18,131,110,81,153,80,100,30,134,148,11,97,58,158,43,7,122,181,68,123,6,137,86,76,151,119,187,39,107,55,14,13,111,52,89,75,182,116,162,53,183,69,159,164,90,28,155,73,99,106,136,115,2,152,170,172,60,54,133,85,104,17,8,16,56,21,108,192,40,15,9,33,154,5,177,27,185,127,96,171,141,98,114,64,79,179,47,88,57,186,199,83,59,129,24,95,149,165,62,120,3,169,191,135,146];True
2089;7063;9152;[34,4,144,70,19,87,121,178,102,132,130,84,77,112,93,147,66,157,103,105,74,188,168,31,142,117,167,61,45,138,41,49,78,128,42,122,197,125,145,126,143,160,91,1,150,124,180,196,36,46,140,92,82,23,189,195,175,12,22,26,176,193,109,20,67,166,38,139,63,118,48,194,29,198,174,184,35,161,32,72,163,25,51,50,190,10,0,113,156,71,44,65,37,94,173,18,131,110,81,153,80,100,30,134,119,11,97,58,158,43,187,101,181,68,123,6,137,86,76,151,148,7,39,107,55,14,13,111,52,89,75,182,116,162,53,183,69,159,164,90,28,155,73,99,106,136,115,152,2,170,172,60,54,133,85,104,17,8,16,56,21,108,192,40,15,9,33,154,5,177,27,185,127,96,171,141,98,114,64,79,179,47,88,57,186,199,83,59,129,24,95,149,165,62,120,3,169,191,135,146];False
2065;7063;9128;[34,4,144,70,19,87,121,178,102,132,130,84,77,112,93,147,66,157,103,105,74,188,168,31,142,117,167,61,45,138,41,49,78,128,42,122,197,125,145,126,143,160,91,1,150,124,180,196,36,46,140,92,82,23,189,195,175,12,22,26,176,193,109,20,67,166,38,139,63,118,48,194,29,198,174,184,35,161,32,72,163,25,51,50,190,10,0,113,156,71,44,65,37,94,173,18,131,110,81,153,80,100,30,134,119,11,97,58,158,43,7,101,181,68,123,6,137,86,76,151,148,187,39,107,55,14,13,111,52,89,75,182,116,162,53,183,69,159,164,90,28,155,73,99,106,136,115,2,152,170,172,60,54,133,85,104,17,8,16,56,21,108,192,40,15,9,33,154,5,177,27,185,127,96,171,141,98,114,64,79,179,47,88,57,186,199,83,59,129,24,95,149,165,62,120,3,169,191,135,146];True
1948;7102;9050;[34,4,144,70,19,87,121,178,102,132,130,84,77,112,93,147,66,157,103,105,74,188,168,31,142,117,113,61,45,65,41,49,78,128,42,101,197,125,145,126,143,160,91,1,150,124,180,196,36,46,140,92,82,23,189,195,175,12,22,26,176,193,109,20,67,166,38,139,63,118,48,194,29,198,174,184,35,161,32,72,163,25,51,50,190,10,0,167,156,71,44,138,37,94,173,18,131,110,81,153,80,100,30,134,148,11,97,58,158,43,7,122,181,68,123,6,137,86,76,151,119,187,39,107,55,14,13,111,52,89,75,182,116,162,53,183,69,159,164,90,28,155,73,99,106,136,115,152,2,170,172,60,54,133,85,104,17,8,16,56,21,108,192,40,15,9,33,154,5,177,27,185,127,96,171,141,98,114,64,79,179,47,88,57,186,199,83,59,129,24,95,149,165,62,120,3,169,191,135,146];True
1983;7090;9073;[34,4,144,70,19,87,121,178,102,132,130,84,77,112,93,147,66,157,103,105,74,188,168,31,142,117,113,61,45,138,41,49,78,128,42,101,197,125,145,126,143,160,91,1,150,124,180,196,36,46,140,92,82,23,189,195,175,12,22,26,176,193,109,20,67,166,38,139,63,118,48,194,29,198,174,184,35,161,32,72,163,25,51,50,190,10,0,167,156,71,44,65,37,94,173,18,131,110,81,153,80,100,30,134,148,11,97,58,158,43,7,122,181,68,123,6,137,86,76,151,119,187,39,107,55,14,13,111,52,89,75,182,116,162,53,183,69,159,164,90,28,155,73,99,106,136,115,2,152,170,172,60,54,133,85,104,17,8,16,56,21,108,192,40,15,9,33,154,5,177,27,185,127,96,171,141,98,114,64,79,179,47,88,57,186,199,83,59,129,24,95,149,165,62,120,3,169,191,135,146];True
2105;7058;9163;[34,4,144,70,19,87,121,178,102,132,130,84,77,112,93,147,66,157,103,105,74,188,168,31,142,117,113,61,45,138,41,49,78,128,42,122,197,125,145,126,20,160,91,1,150,124,180,196,36,46,140,92,82,23,189,195,175,12,22,26,176,193,109,143,67,166,38,139,63,118,48,194,29,198,174,184,35,161,32,72,163,25,51,50,190,10,0,167,156,71,44,65,37,94,173,18,131,110,81,153,80,100,30,134,119,11,97,58,158,43,7,101,181,68,123,6,137,86,76,151,148,187,39,107,55,14,13,111,52,89,75,182,116,162,53,183,69,159,164,90,28,155,73,99,106,136,115,152,2,170,172,60,54,133,85,104,17,8,16,56,21,108,192,40,15,9,33,154,5,177,27,185,127,96,171,141,98,114,64,79,179,47,88,57,186,199,83,59,129,24,95,149,165,62,120,3,169,191,135,146];False
2118;7057;9175;[34,4,144,70,19,87,121,178,102,132,130,84,77,112,93,147,66,157,103,105,74,188,168,31,142,117,113,61,45,138,41,49,78,128,42,122,197,125,145,126,143,160,91,1,150,124,180,196,36,46,140,92,82,23,189,195,175,12,22,26,176,193,109,20,67,166,38,139,63,118,48,194,29,198,174,184,35,161,32,72,163,25,51,50,190,10,0,167,156,71,44,65,37,94,173,18,131,110,81,153,80,100,30,134,119,11,97,58,158,43,187,101,181,68,123,6,137,86,76,151,148,7,39,107,55,14,13,111,52,89,75,182,116,162,53,183,69,159,164,90,28,155,73,99,106,136,115,152,2,170,172,60,54,133,85,104,17,8,16,56,21,108,192,40,15,9,33,154,5,177,27,185,127,96,171,141,98,114,64,79,179,47,88,57,186,199,83,59,129,24,95,149,165,62,120,3,169,191,135,146];False
2094;7057;9151;[34,4,144,70,19,87,121,178,102,132,130,84,77,112,93,147,66,157,103,105,74,188,168,31,142,117,113,61,45,138,41,49,78,128,42,122,197,125,145,126,143,160,91,1,150,124,180,196,36,46,140,92,82,23,189,195,175,12,22,26,176,193,109,20,67,166,38,139,63,118,48,194,29,198,174,184,35,161,32,72,163,25,51,50,190,10,0,167,156,71,44,65,37,94,173,18,131,110,81,153,80,100,30,134,119,11,97,58,158,43,7,101,181,68,123,6,137,86,76,151,148,187,39,107,55,14,13,111,52,89,75,182,116,162,53,183,69,159,164,90,28,155,73,99,106,136,115,2,152,170,172,60,54,133,85,104,17,8,16,56,21,108,192,40,15,9,33,154,5,177,27,185,127,96,171,141,98,114,64,79,179,47,88,57,186,199,83,59,129,24,95,149,165,62,120,3,169,191,135,146];False
2091;7062;9153;[34,4,144,70,19,87,121,178,102,132,130,84,77,112,93,147,66,157,103,105,74,188,168,31,142,117,113,61,45,138,41,49,78,128,42,122,197,125,145,126,20,160,91,1,150,124,180,196,36,46,140,92,82,23,189,195,175,12,22,26,176,193,109,143,67,166,38,139,63,118,48,194,29,198,174,184,35,161,32,72,163,25,51,50,190,10,0,167,156,71,44,65,37,94,173,18,131,110,81,153,80,100,30,134,148,11,97,58,158,43,7,101,181,68,123,6,137,86,76,151,119,187,39,107,55,14,13,111,52,89,75,182,116,162,53,183,69,159,164,90,28,155,73,99,106,136,115,2,152,170,172,60,54,133,85,104,17,8,16,56,21,108,192,40,15,9,33,154,5,177,27,185,127,96,171,141,98,114,64,79,179,47,88,57,186,199,83,59,129,24,95,149,165,62,120,3,169,191,135,146];False
1949;7101;9050;[34,4,144,70,19,87,121,178,102,132,130,84,77,112,93,147,66,157,103,105,74,188,168,31,142,117,167,61,45,65,41,49,78,128,42,101,197,125,145,126,143,160,91,1,150,124,180,196,36,46,140,92,82,23,189,195,175,12,22,26,176,193,109,20,67,166,38,139,63,118,48,194,29,198,174,184,35,161,32,72,163,25,51,50,190,10,0,113,156,71,44,138,37,94,173,18,131,110,81,153,80,100,30,134,148,11,97,58,158,43,7,122,181,68,123,6,137,86,76,151,119,187,39,107,55,14,13,111,52,89,75,182,116,162,53,183,69,159,164,90,28,155,73,99,106,136,115,2,152,170,172,60,54,133,85,104,17,8,16,56,21,108,192,40,15,9,33,154,5,177,27,185,127,96,171,141,98,114,64,79,179,47,88,57,186,199,83,59,129,24,95,149,165,62,120,3,169,191,135,146];True
2119;7056;9175;[34,4,144,70,19,87,121,178,102,132,130,84,77,112,93,147,66,157,103,105,74,188,168,31,142,117,167,61,45,138,41,49,78,128,42,122,197,125,145,126,143,160,91,1,150,124,180,196,36,46,140,92,82,23,189,195,175,12,22,26,176,193,109,20,67,166,38,139,63,118,48,194,29,198,174,184,35,161,32,72,163,25,51,50,190,10,0,113,156,71,44,65,37,94,173,18,131,110,81,153,80,100,30,134,119,11,97,58,158,43,187,101,181,68,123,6,137,86,76,151,148,7,39,107,55,14,13,111,52,89,75,182,116,162,53,183,69,159,164,90,28,155,73,99,106,136,115,2,152,170,172,60,54,133,85,104,17,8,16,56,21,108,192,40,15,9,33,154,5,177,27,185,127,96,171,141,98,114,64,79,179,47,88,57,186,199,83,59,129,24,95,149,165,62,120,3,169,191,135,146];False
2089;7062;9151;[34,4,144,70,19,87,121,178,102,132,130,84,77,112,93,147,66,157,103,105,74,188,168,31,142,117,113,61,45,65,41,49,78,128,42,122,197,125,145,126,143,160,91,1,150,124,180,196,36,46,140,92,82,23,189,195,175,12,22,26,176,193,109,20,67,166,38,139,63,118,48,194,29,198,174,184,35,161,32,72,163,25,51,50,190,10,0,167,156,71,44,138,37,94,173,18,131,110,81,153,80,100,30,134,119,11,97,58,158,43,7,101,181,68,123,6,137,86,76,151,148,187,39,107,55,14,13,111,52,89,75,182,116,162,53,183,69,159,164,90,28,155,73,99,106,136,115,2,152,170,172,60,54,133,85,104,17,8,16,56,21,108,192,40,15,9,33,154,5,177,27,185,127,96,171,141,98,114,64,79,179,47,88,57,186,199,83,59,129,24,95,149,165,62,120,3,169,191,135,146];False
2048;7069;9117;[34,4,144,70,19,87,121,178,102,132,130,84,77,112,93,147,66,157,103,105,74,188,168,31,142,117,167,61,45,138,41,49,78,128,42,122,197,125,145,126,143,160,91,1,150,124,180,196,36,46,140,92,82,23,189,195,175,12,22,26,176,193,109,20,67,166,38,139,63,118,48,194,29,198,174,184,35,161,32,72,163,25,51,50,190,10,39,113,156,71,44,65,37,94,173,18,131,110,81,153,80,100,30,134,119,11,97,58,158,43,187,101,181,68,123,6,137,86,76,151,148,7,0,107,55,14,13,111,52,89,75,182,116,162,53,183,69,159,164,90,28,155,73,99,106,136,115,2,152,170,172,60,54,133,85,104,17,8,16,56,21,108,192,40,15,9,33,154,5,177,27,185,127,96,171,141,98,114,64,79,179,47,88,57,186,199,83,59,129,24,95,149,165,62,120,3,169,191,135,146];False
2117;7056;9173;[34,4,144,70,19,87,121,178,102,132,130,84,77,112,93,147,66,157,103,105,74,188,168,31,142,117,167,61,45,138,41,49,78,128,42,122,197,125,145,126,143,160,91,1,150,124,180,196,36,46,140,92,82,23,189,195,175,12,22,26,176,193,109,20,67,166,38,139,63,118,48,194,29,198,174,184,35,161,32,72,163,25,51,50,190,10,0,113,156,71,44,65,37,94,173,18,131,110,81,153,80,100,30,134,119,11,97,58,158,43,187,111,181,68,123,6,137,86,76,151,148,7,39,107,55,14,13,101,52,89,75,182,116,162,53,183,69,159,164,90,28,155,73,99,106,136,115,2,152,170,172,60,54,133,85,104,17,8,16,56,21,108,192,40,15,9,33,154,5,177,27,185,127,96,171,141,98,114,64,79,179,47,88,57,186,199,83,59,129,24,95,149,165,62,120,3,169,191,135,146];False
2046;7069;9115;[34,4,144,70,19,87,121,178,102,132,130,84,77,112,93,147,66,157,103,105,74,188,168,31,142,117,167,61,45,138,41,49,78,128,42,122,197,125,145,126,143,160,91,1,150,124,180,196,36,46,140,92,82,23,189,195,175,12,22,26,176,193,109,20,67,166,38,139,63,118,48,194,29,198,174,184,35,161,32,72,163,25,51,50,190,10,39,113,156,71,44,65,37,94,173,18,131,110,81,153,80,100,30,134,119,11,97,58,158,43,187,111,181,68,123,6,137,86,76,151,148,7,0,107,55,14,13,101,52,89,75,182,116,162,53,183,69,159,164,90,28,155,73,99,106,136,115,2,152,170,172,60,54,133,85,104,17,8,16,56,21,108,192,40,15,9,33,154,5,177,27,185,127,96,171,141,98,114,64,79,179,47,88,57,186,199,83,59,129,24,95,149,165,62,120,3,169,191,135,146];False
2087;7056;9143;[34,4,144,70,19,87,121,178,102,132,130,84,77,112,93,147,66,157,103,105,74,188,168,31,142,117,167,61,45,138,41,49,78,128,42,122,197,125,145,126,143,160,91,1,150,124,180,196,36,46,140,92,82,23,189,195,175,12,22,26,176,193,109,20,67,166,38,139,63,118,48,194,29,198,174,184,35,161,32,72,163,25,51,50,190,10,0,113,156,71,44,65,37,94,173,18,131,110,81,153,80,100,30,134,119,11,97,58,158,43,187,111,181,68,123,6,137,86,76,151,148,7,170,107,55,14,13,101,52,89,75,182,116,162,53,183,69,159,164,90,28,155,73,99,106,136,115,2,152,39,172,60,54,133,85,104,17,8,16,56,21,108,192,40,15,9,33,154,5,177,27,185,127,96,171,141,98,114,64,79,179,47,88,57,186,199,83,59,129,24,95,149,165,62,120,3,169,191,135,146];True
2016;7076;9092;[34,4,144,70,19,87,121,178,102,132,130,84,77,112,93,147,66,157,103,105,74,188,168,31,142,117,167,61,45,138,41,49,78,128,42,122,197,125,145,126,143,160,91,1,150,124,180,196,36,46,140,92,82,23,189,195,175,12,22,26,176,193,109,20,67,166,38,139,63,118,48,194,29,198,174,184,35,161,32,72,163,25,51,50,190,10,39,113,156,71,44,65,37,94,173,18,131,110,81,153,80,100,30,134,119,11,97,58,158,43,187,111,181,68,123,6,137,86,76,151,148,7,0,107,55,14,13,101,52,89,75,182,116,162,53,183,69,159,164,90,28,155,73,99,106,136,115,152,2,170,172,60,54,133,85,104,17,8,16,56,21,108,192,40,15,9,33,154,5,177,27,185,127,96,171,141,98,114,64,79,179,47,88,57,186,199,83,59,129,24,95,149,165,62,120,3,169,191,135,146];True
2106;7053;9159;[34,4,144,70,19,39,121,178,102,132,130,84,77,112,93,147,66,157,103,105,74,188,168,31,142,117,167,61,45,138,41,49,78,128,42,122,197,125,145,126,143,160,91,1,150,124,180,196,36,46,140,92,82,23,189,195,175,12,22,26,176,193,109,20,67,166,38,139,63,118,48,194,29,198,174,184,35,161,32,72,163,25,51,50,190,10,0,113,156,71,44,65,37,94,173,18,131,110,81,153,80,100,30,134,119,11,97,58,158,43,187,111,181,68,123,6,137,86,76,151,148,7,170,107,55,14,13,101,52,89,75,182,116,162,53,183,69,159,164,90,28,155,73,99,106,136,115,2,152,87,172,60,54,133,85,104,17,8,16,56,21,108,192,40,15,9,33,154,5,177,27,185,127,96,171,141,98,114,64,79,179,47,88,57,186,199,83,59,129,24,95,149,165,62,120,3,169,191,135,146];False
2116;7050;9166;[34,4,144,70,19,87,121,178,102,132,130,84,77,112,93,147,66,157,103,105,74,188,168,31,142,117,113,61,45,138,41,49,78,128,42,122,197,125,145,126,143,160,91,1,150,124,180,196,36,46,140,92,82,23,189,195,175,12,22,26,176,193,109,20,67,166,38,139,63,118,48,194,29,198,174,184,35,161,32,72,163,25,51,50,190,10,0,167,156,71,44,65,37,94,173,18,131,110,81,153,80,100,30,134,119,11,97,58,158,43,187,111,181,68,123,6,137,86,76,151,148,7,170,107,55,14,13,101,52,89,75,182,116,162,53,183,69,159,164,90,28,155,73,99,106,136,115,2,152,39,172,60,54,133,85,104,17,8,16,56,21,108,192,40,15,9,33,154,5,177,27,185,127,96,171,141,98,114,64,79,179,47,88,57,186,199,83,59,129,24,95,149,165,62,120,3,169,191,135,146];True
2082;7061;9143;[34,4,144,70,19,87,121,178,102,132,130,84,77,112,93,147,66,157,103,105,74,188,168,31,142,117,167,61,45,65,41,49,78,128,42,122,197,125,145,126,143,160,91,1,150,124,180,196,36,46,140,92,82,23,189,195,175,12,22,26,176,193,109,20,67,166,38,139,63,118,48,194,29,198,174,184,35,161,32,72,163,25,51,50,190,10,0,113,156,71,44,138,37,94,173,18,131,110,81,153,80,100,30,134,119,11,97,58,158,43,187,111,181,68,123,6,137,86,76,151,148,7,170,107,55,14,13,101,52,89,75,182,116,162,53,183,69,159,164,90,28,155,73,99,106,136,115,2,152,39,172,60,54,133,85,104,17,8,16,56,21,108,192,40,15,9,33,154,5,177,27,185,127,96,171,141,98,114,64,79,179,47,88,57,186,199,83,59,129,24,95,149,165,62,120,3,169,191,135,146];False
2080;7059;9139;[34,4,144,70,19,87,121,178,102,132,130,84,77,112,93,147,66,157,103,105,74,188,168,31,142,117,167,61,45,138,41,49,78,128,42,122,197,125,145,126,143,160,91,1,150,124,180,196,36,46,140,92,82,23,189,195,175,12,22,26,176,193,109,20,67,166,38,139,63,118,48,194,29,198,174,184,35,161,32,72,163,25,51,50,190,10,0,113,156,71,44,65,37,94,173,18,131,110,81,153,80,100,30,134,119,11,97,58,158,43,172,111,181,68,123,6,137,86,76,151,148,7,170,107,55,14,13,101,52,89,75,182,116,162,53,183,69,159,164,90,28,155,73,99,106,136,115,2,152,39,187,60,54,133,85,104,17,8,16,56,21,108,192,40,15,9,33,154,5,177,27,185,127,96,171,141,98,114,64,79,179,47,88,57,186,199,83,59,129,24,95,149,165,62,120,3,169,191,135,146];False
2075;7061;9136;[34,4,144,70,19,87,121,178,102,132,130,84,77,112,93,147,66,157,103,105,74,188,168,31,142,117,167,61,45,138,41,49,78,128,42,122,197,125,145,126,143,160,91,1,150,124,180,196,36,46,140,92,82,23,189,195,175,12,22,26,176,193,109,20,67,166,38,139,63,118,48,194,29,198,174,184,35,161,32,72,163,25,51,50,190,10,0,113,156,71,44,65,37,94,173,18,131,110,81,153,80,100,30,134,119,11,97,58,158,43,187,111,181,68,123,6,137,86,76,151,148,170,7,107,55,14,13,101,52,89,75,182,116,162,53,183,69,159,164,90,28,155,73,99,106,136,115,2,152,39,172,60,54,133,85,104,17,8,16,56,21,108,192,40,15,9,33,154,5,177,27,185,127,96,171,141,98,114,64,79,179,47,88,57,186,199,83,59,129,24,95,149,165,62,120,3,169,191,135,146];False
2104;7055;9159;[34,4,144,70,19,87,121,178,102,132,130,84,77,112,93,147,66,157,103,105,74,188,168,31,142,117,113,61,45,138,41,49,78,128,42,122,197,125,145,126,143,160,91,1,150,124,180,196,36,46,140,92,82,23,189,195,175,12,22,26,176,193,109,20,67,166,38,139,63,118,48,194,29,198,174,184,35,161,32,72,163,25,51,50,190,10,0,167,156,71,44,65,37,94,173,18,131,110,81,153,80,100,30,134,119,11,97,58,158,43,187,111,181,68,123,6,137,86,76,151,148,170,7,107,55,14,13,101,52,89,75,182,116,162,53,183,69,159,164,90,28,155,73,99,106,136,115,2,152,39,172,60,54,133,85,104,17,8,16,56,21,108,192,40,15,9,33,154,5,177,27,185,127,96,171,141,98,114,64,79,179,47,88,57,186,199,83,59,129,24,95,149,165,62,120,3,169,191,135,146];False
2040;7066;9106;[34,4,144,70,19,87,121,178,102,132,130,84,77,112,93,147,66,157,103,105,74,188,168,31,142,117,167,61,45,138,41,49,78,60,42,122,197,125,145,126,143,160,91,1,150,124,180,196,36,46,140,92,82,23,189,195,175,12,22,26,176,193,109,20,67,166,38,139,63,118,48,194,29,198,174,184,35,161,32,72,163,25,51,50,190,10,0,113,156,71,44,65,37,94,173,18,131,110,81,153,80,100,30,134,119,11,97,58,158,43,172,111,181,68,123,6,137,86,76,151,148,7,170,107,55,14,13,101,52,89,75,182,116,162,53,183,69,159,164,90,28,155,73,99,106,136,115,2,152,39,187,128,54,133,85,104,17,8,16,56,21,108,192,40,15,9,33,154,5,177,27,185,127,96,171,141,98,114,64,79,179,47,88,57,186,199,83,59,129,24,95,149,165,62,120,3,169,191,135,146];True
2119;7049;9168;[34,4,144,70,19,87,121,178,102,132,130,84,77,112,93,147,66,157,103,105,74,188,168,31,142,117,167,61,45,138,41,49,78,128,42,122,197,125,145,126,143,160,91,1,150,124,180,196,36,46,140,92,82,23,189,195,175,12,22,26,176,193,109,20,67,166,38,139,63,118,48,194,29,198,174,184,35,161,32,72,163,25,51,50,190,10,0,113,156,71,44,65,37,94,173,18,131,110,81,153,80,100,30,134,119,11,97,58,158,43,187,111,181,68,123,6,137,86,76,151,199,170,7,107,55,14,13,101,52,89,75,182,116,162,53,183,69,159,164,90,28,155,73,99,106,136,115,2,152,39,172,60,54,133,85,104,17,8,16,56,21,108,192,40,15,9,33,154,5,177,27,185,127,96,171,141,98,114,64,79,179,47,88,57,186,148,83,59,129,24,95,149,165,62,120,3,169,191,135,146];True
2069;7060;9129;[34,4,144,70,19,87,121,178,102,132,130,84,77,112,93,147,66,157,103,105,74,188,168,31,142,117,113,61,45,138,41,49,78,60,42,122,197,125,145,126,143,160,91,1,150,124,180,196,36,46,140,92,82,23,189,195,175,12,22,26,176,193,109,20,67,166,38,139,63,118,48,194,29,198,174,184,35,161,32,72,163,25,51,50,190,10,0,167,156,71,44,65,37,94,173,18,131,110,81,153,80,100,30,134,119,11,97,58,158,43,172,111,181,68,123,6,137,86,76,151,148,7,170,107,55,14,13,101,52,89,75,182,116,162,53,183,69,159,164,90,28,155,73,99,106,136,115,2,152,39,187,128,54,133,85,104,17,8,16,56,21,108,192,40,15,9,33,154,5,177,27,185,127,96,171,141,98,114,64,79,179,47,88,57,186,199,83,59,129,24,95,149,165,62,120,3,169,191,135,146];True
2028;7071;9099;[34,4,144,70,19,87,121,178,102,132,130,84,77,112,93,147,66,157,103,105,74,188,168,31,142,117,167,61,45,138,41,49,78,60,42,122,197,125,145,126,143,160,91,1,150,124,180,196,36,46,140,92,82,23,189,195,175,12,22,26,176,193,109,20,67,166,38,139,63,118,48,194,29,198,174,184,35,161,32,72,163,25,51,50,190,10,0,113,156,71,44,65,37,94,173,18,131,110,81,153,80,100,30,134,119,11,97,58,158,43,172,111,181,68,123,6,137,86,76,151,148,170,7,107,55,14,13,101,52,89,75,182,116,162,53,183,69,159,164,90,28,155,73,99,106,136,115,2,152,39,187,128,54,133,85,104,17,8,16,56,21,108,192,40,15,9,33,154,5,177,27,185,127,96,171,141,98,114,64,79,179,47,88,57,186,199,83,59,129,24,95,149,165,62,120,3,169,191,135,146];True
2112;7052;9164;[34,4,144,70,19,87,121,178,102,132,130,84,77,112,93,147,66,157,103,105,74,188,168,31,142,117,167,61,45,138,41,49,78,128,42,122,197,125,145,126,143,160,91,1,150,124,180,196,36,46,140,92,82,23,189,195,175,12,22,26,176,193,109,20,67,166,38,139,63,118,48,194,29,198,174,184,35,161,32,72,163,25,51,50,190,10,0,113,156,71,44,65,37,94,173,18,131,110,81,153,80,100,30,134,119,11,97,58,158,43,172,111,181,68,123,6,137,86,76,151,199,170,7,107,55,14,13,101,52,89,75,182,116,162,53,183,69,159,164,90,28,155,73,99,106,136,115,2,152,39,187,60,54,133,85,104,17,8,16,56,21,108,192,40,15,9,33,154,5,177,27,185,127,96,171,141,98,114,64,79,179,47,88,57,186,148,83,59,129,24,95,149,165,62,120,3,169,191,135,146];True
2057;7065;9122;[34,4,144,70,19,87,121,178,102,132,130,84,77,112,93,147,66,157,103,105,74,188,168,31,142,117,113,61,45,138,41,49,78,60,42,122,197,125,145,126,143,160,91,1,150,124,180,196,36,46,140,92,82,23,189,195,175,12,22,26,176,193,109,20,67,166,38,139,63,118,48,194,29,198,174,184,35,161,32,72,163,25,51,50,190,10,0,167,156,71,44,65,37,94,173,18,131,110,81,153,80,100,30,134,119,11,97,58,158,43,172,111,181,68,123,6,137,86,76,151,148,170,7,107,55,14,13,101,52,89,75,182,116,162,53,183,69,159,164,90,28,155,73,99,106,136,115,2,152,39,187,128,54,133,85,104,17,8,16,56,21,108,192,40,15,9,33,154,5,177,27,185,127,96,171,141,98,114,64,79,179,47,88,57,186,199,83,59,129,24,95,149,165,62,120,3,169,191,135,146];True
2072;7059;9131;[34,4,144,70,19,87,121,178,102,132,130,84,77,112,93,147,66,157,103,105,74,188,168,31,142,117,167,61,45,138,41,49,78,60,42,122,197,125,145,126,143,160,91,1,150,124,180,196,36,46,140,92,82,23,189,195,175,12,22,26,176,193,109,20,67,166,38,139,63,118,48,194,29,198,174,184,35,161,32,72,163,25,51,50,190,10,0,113,156,71,44,65,37,94,173,18,131,110,81,153,80,100,30,134,119,11,97,58,158,43,172,111,181,68,123,6,137,86,76,151,199,170,7,107,55,14,13,101,52,89,75,182,116,162,53,183,69,159,164,90,28,155,73,99,106,136,115,2,152,39,187,128,54,133,85,104,17,8,16,56,21,108,192,40,15,9,33,154,5,177,27,185,127,96,171,141,98,114,64,79,179,47,88,57,186,148,83,59,129,24,95,149,165,62,120,3,169,191,135,146];True
2101;7053;9154;[34,4,144,70,19,87,121,178,102,132,130,84,77,112,93,147,66,157,103,105,74,188,168,31,142,117,113,61,45,138,41,49,78,60,42,122,197,125,145,126,143,160,91,1,150,124,180,196,36,46,140,92,82,23,189,195,175,12,22,26,176,193,109,20,67,166,38,139,63,118,48,194,29,198,174,184,35,161,32,72,163,25,51,50,190,10,0,167,156,71,44,65,37,94,173,18,131,110,81,153,80,100,30,134,119,11,97,58,158,43,172,111,181,68,123,6,137,86,76,151,199,170,7,107,55,14,13,101,52,89,75,182,116,162,53,183,69,159,164,90,28,155,73,99,106,136,115,2,152,39,187,128,54,133,85,104,17,8,16,56,21,108,192,40,15,9,33,154,5,177,27,185,127,96,171,141,98,114,64,79,179,47,88,57,186,148,83,59,129,24,95,149,165,62,120,3,169,191,135,146];True
1515;7301;8816;[34,4,144,70,19,87,121,178,102,75,182,84,77,112,93,147,66,157,103,116,65,124,168,31,142,117,167,61,45,188,196,35,78,128,42,57,197,125,145,126,143,160,91,1,150,105,180,41,36,46,140,92,82,23,189,47,175,12,22,26,176,193,109,20,67,166,38,139,63,118,48,194,29,198,174,184,115,2,32,72,163,25,51,50,190,10,130,113,156,74,44,138,37,94,173,18,131,110,81,153,101,100,30,134,148,11,97,58,158,43,7,0,62,68,123,6,137,60,54,151,119,187,39,107,55,14,13,111,52,89,161,80,71,162,53,183,69,159,164,90,28,155,73,99,106,136,132,152,49,170,172,86,76,133,85,104,17,8,16,56,21,108,192,40,15,9,33,154,122,179,195,185,127,96,171,141,98,114,64,79,177,27,88,5,186,199,83,59,129,24,95,149,165,181,120,3,169,191,135,146];True
1539;7289;8828;[34,4,144,70,19,41,121,178,102,75,182,84,77,112,93,147,66,157,103,116,65,124,168,31,142,117,167,61,45,188,87,35,78,128,42,57,197,92,145,126,143,160,91,1,150,105,180,196,36,46,140,123,82,23,189,47,175,12,22,26,176,193,109,20,67,166,38,139,63,118,48,194,29,198,174,184,115,2,32,72,163,25,51,50,190,10,130,113,156,74,44,138,37,94,173,18,131,110,81,153,101,100,30,134,148,11,97,58,158,43,7,0,62,68,125,6,137,60,54,151,119,187,39,107,55,14,13,111,52,89,161,80,71,162,53,183,69,159,164,90,28,155,73,99,106,136,132,152,49,170,172,86,76,133,85,104,17,8,16,56,21,108,192,40,15,9,33,154,122,179,195,185,127,96,171,141,98,114,64,79,177,27,88,5,186,199,83,59,129,24,95,149,165,181,120,3,169,191,135,146];False
1536;7286;8822;[34,4,144,70,19,41,121,178,102,75,182,84,77,112,93,147,66,157,103,116,65,124,168,31,142,117,167,61,45,188,87,35,78,128,42,57,197,125,145,126,143,160,91,1,150,105,180,196,36,46,140,92,82,23,189,187,175,12,22,26,176,193,109,20,67,166,38,139,63,118,48,194,29,198,174,184,115,2,32,72,163,25,51,50,190,10,130,113,156,74,44,138,37,94,173,18,131,110,81,153,101,100,30,134,148,11,97,58,158,43,7,0,62,68,123,6,137,60,54,151,119,96,39,107,55,14,13,111,52,89,161,80,71,162,53,183,69,159,164,90,28,155,73,99,106,136,132,152,49,170,172,86,76,133,85,104,17,8,16,56,21,108,192,40,15,9,33,154,122,179,195,185,127,47,171,141,98,114,64,79,177,27,88,5,186,199,83,59,129,24,95,149,165,181,120,3,169,191,135,146];True
1514;7317;8831;[34,4,144,70,19,41,121,178,102,75,182,84,77,112,93,147,66,157,103,116,65,124,168,31,142,117,167,61,45,188,87,35,78,128,42,57,197,125,145,126,143,160,91,1,150,105,180,196,36,46,140,92,82,23,189,47,175,12,22,26,176,193,109,20,67,166,38,139,63,118,48,194,29,198,174,184,115,2,32,72,163,25,51,50,190,10,130,113,156,74,44,138,37,94,173,18,131,110,81,153,101,100,30,134,148,11,97,58,158,43,7,0,62,68,123,6,137,60,54,151,119,187,39,107,85,14,13,111,52,89,161,80,71,162,53,183,69,159,164,90,28,155,73,99,106,136,132,152,49,170,172,86,76,133,40,104,17,8,16,56,21,108,192,55,15,9,33,154,122,179,195,185,127,96,171,141,98,114,64,79,177,27,88,5,186,199,83,59,129,24,95,149,165,181,120,3,169,191,135,146];False
1509;7330;8839;[34,4,144,70,19,87,121,178,102,75,182,84,77,112,93,147,66,157,103,116,65,124,168,31,142,117,167,61,45,188,196,35,78,128,42,57,197,125,145,126,143,160,91,1,150,105,180,41,36,46,140,92,82,23,189,47,175,12,22,26,176,193,109,20,67,166,38,139,63,118,48,194,29,198,174,184,115,2,32,72,163,25,51,50,190,10,130,113,156,74,44,138,37,94,173,18,131,110,81,153,101,100,30,134,148,11,97,58,158,43,7,0,62,68,123,6,137,60,54,151,119,187,39,107,55,14,13,111,52,89,161,80,71,162,53,183,69,159,164,90,28,155,73,99,106,136,132,152,49,170,172,86,76,133,85,104,17,8,16,56,21,108,192,40,15,9,33,154,122,179,165,185,127,96,171,141,98,114,64,79,177,27,88,5,186,199,83,59,129,24,95,149,195,181,120,3,169,191,135,146];False
1511;7304;8815;[34,4,144,70,19,41,121,178,102,75,182,84,77,112,93,147,66,157,103,116,65,124,168,31,142,117,167,61,45,188,87,35,78,128,42,57,197,125,145,126,143,160,91,1,150,105,180,196,36,46,140,92,82,23,97,187,175,12,22,26,176,193,109,20,67,166,38,139,63,118,48,194,29,198,174,184,115,2,32,72,163,25,51,50,190,10,130,113,156,74,44,138,37,94,173,18,131,110,81,153,101,100,30,134,148,11,189,58,158,43,7,0,62,68,123,6,137,60,54,151,119,96,39,107,55,14,13,111,52,89,161,80,71,162,53,183,69,159,164,90,28,155,73,99,106,136,132,152,49,170,172,86,76,133,85,104,17,8,16,56,21,108,192,40,15,9,33,154,122,179,195,185,127,47,171,141,98,114,64,79,177,27,88,5,186,199,83,59,129,24,95,149,165,181,120,3,169,191,135,146];True
1565;7270;8835;[34,4,144,70,19,41,121,178,102,75,182,84,77,112,93,147,66,157,103,116,65,124,168,31,142,117,167,61,45,188,87,35,78,128,42,57,197,125,145,126,143,160,91,1,150,105,180,196,36,46,140,92,82,23,189,187,175,12,22,26,176,193,109,20,67,166,38,139,63,118,48,194,29,198,174,184,115,2,32,72,163,25,51,50,190,10,130,113,156,74,44,138,37,94,173,18,131,110,81,153,101,100,30,134,148,11,97,58,158,43,7,0,181,68,123,6,137,60,54,151,119,96,39,107,55,14,13,111,52,89,161,80,71,162,53,183,69,159,164,90,28,155,73,99,106,136,132,152,49,170,172,86,76,133,85,104,17,8,16,56,21,108,192,40,15,9,33,154,122,179,195,185,127,47,171,141,98,114,64,79,177,27,88,5,186,199,83,59,129,24,95,149,165,62,120,3,169,191,135,146];True
1501;7315;8816;[34,4,144,70,19,41,121,178,102,75,182,84,77,112,93,147,66,157,103,116,65,124,168,31,142,117,167,61,45,188,87,35,78,128,42,57,197,189,145,126,143,160,91,1,150,105,180,196,36,46,140,92,82,23,97,187,175,12,22,26,176,193,109,20,67,166,38,139,63,118,48,194,29,198,174,184,115,2,32,72,163,25,51,50,190,10,130,113,156,74,44,138,37,94,173,18,131,110,81,153,101,100,30,134,148,11,125,58,158,43,7,0,62,68,123,6,137,60,54,151,119,96,39,107,55,14,13,111,52,89,161,80,71,162,53,183,69,159,164,90,28,155,73,99,106,136,132,152,49,170,172,86,76,133,85,104,17,8,16,56,21,108,192,40,15,9,33,154,122,179,195,185,127,47,171,141,98,114,64,79,177,27,88,5,186,199,83,59,129,24,95,149,165,181,120,3,169,191,135,146];True
1487;7359;8846;[34,4,144,70,19,41,121,178,102,75,182,84,77,112,93,147,66,157,103,116,65,124,168,31,142,117,167,61,45,188,87,35,78,128,42,57,197,125,58,126,143,160,91,1,150,105,180,196,36,46,140,92,82,23,97,187,175,12,22,26,176,193,109,20,67,166,38,139,63,118,48,194,29,198,174,184,115,2,32,72,163,25,51,50,190,10,130,113,156,74,44,138,37,94,173,18,131,110,81,153,101,100,30,134,148,11,189,145,158,43,7,0,62,68,123,6,137,60,54,151,119,96,39,107,55,14,13,111,52,89,161,80,71,162,53,183,69,159,164,90,28,155,73,99,106,136,132,152,49,170,172,86,76,133,85,104,17,8,16,56,21,108,192,40,15,9,33,154,122,179,195,185,127,47,171,141,98,114,64,79,177,27,88,5,186,199,83,59,129,24,95,149,165,181,120,3,169,191,135,146];False
1533;7300;8833;[34,4,144,70,19,41,121,178,102,75,182,84,77,112,93,147,66,157,103,116,65,124,168,31,142,117,167,61,45,188,87,35,78,128,42,57,197,125,145,126,143,160,91,1,150,105,180,196,36,46,140,92,82,23,97,187,175,12,22,26,176,193,109,20,67,166,38,139,63,118,48,194,29,198,174,184,80,2,32,72,163,25,51,50,190,10,130,113,156,74,44,138,37,94,173,18,131,110,81,153,101,100,30,134,148,11,189,58,158,43,7,0,62,68,123,6,137,60,54,151,119,96,39,107,55,14,13,111,52,89,161,115,71,162,53,183,69,159,164,90,28,155,73,99,106,136,132,152,49,170,172,86,76,133,85,104,17,8,16,56,21,108,192,40,15,9,33,154,122,179,195,185,127,47,171,141,98,114,64,79,177,27,88,5,186,199,83,59,129,24,95,149,165,181,120,3,169,191,135,146];False
1527;7300;8827;[34,4,144,70,19,41,121,178,102,75,182,84,77,112,93,147,66,157,103,116,65,124,168,31,142,117,167,61,45,188,87,35,78,128,42,57,197,125,145,126,143,160,91,1,150,105,180,196,36,46,140,92,82,23,97,187,175,12,22,26,176,193,109,20,67,166,38,139,63,118,48,194,29,198,174,184,115,2,32,72,163,25,51,50,190,10,130,113,156,74,44,138,37,94,173,18,131,110,81,153,101,100,30,134,96,11,189,58,158,43,7,0,62,68,123,6,137,60,54,151,119,148,39,107,55,14,13,111,52,89,161,80,71,162,53,183,69,159,164,90,28,155,73,99,106,136,132,152,49,170,172,86,76,133,85,104,17,8,16,56,21,108,192,40,15,9,33,154,122,179,195,185,127,47,171,141,98,114,64,79,177,27,88,5,186,199,83,59,129,24,95,149,165,181,120,3,169,191,135,146];True
1530;7299;8829;[34,4,144,70,19,41,121,178,102,75,182,84,77,112,93,147,66,157,103,116,65,124,168,31,142,117,167,61,45,188,87,35,78,128,42,57,197,189,145,126,143,160,91,1,150,105,180,196,36,46,140,92,82,23,97,187,175,12,22,26,176,193,109,20,67,166,38,139,63,118,48,194,29,198,174,184,115,2,32,72,163,25,51,50,190,10,130,113,156,74,44,138,37,94,173,18,131,110,81,153,101,100,30,134,148,11,125,58,158,43,7,0,181,68,123,6,137,60,54,151,119,96,39,107,55,14,13,111,52,89,161,80,71,162,53,183,69,159,164,90,28,155,73,99,106,136,132,152,49,170,172,86,76,133,85,104,17,8,16,56,21,108,192,40,15,9,33,154,122,179,195,185,127,47,171,141,98,114,64,79,177,27,88,5,186,199,83,59,129,24,95,149,165,62,120,3,169,191,135,146];True
1481;7388;8869;[34,4,144,70,19,41,121,178,102,75,182,84,77,112,93,147,66,157,103,116,65,124,168,31,142,117,167,61,45,188,87,35,78,128,42,57,197,125,58,126,143,160,91,1,150,105,180,196,36,46,140,92,82,23,97,187,175,12,22,26,176,193,109,20,67,166,38,139,63,118,48,194,29,198,174,184,115,2,32,72,163,25,51,50,190,10,130,113,156,74,44,138,37,94,173,18,131,110,81,153,101,100,30,134,148,11,189,145,158,43,7,0,62,68,123,6,137,60,54,151,119,96,39,107,55,14,13,111,52,89,161,80,71,162,53,183,69,159,164,90,28,155,73,99,106,136,132,152,49,170,172,86,76,133,85,104,17,8,16,56,21,108,192,40,15,9,33,154,122,179,165,185,127,47,171,141,98,114,64,79,177,27,88,5,186,199,83,59,129,24,95,149,195,181,120,3,169,191,135,146];False
1482;7362;8844;[34,4,144,70,19,87,121,178,161,102,145,84,77,112,93,147,66,157,103,116,65,124,168,31,142,117,167,61,45,188,196,35,78,128,42,57,197,126,29,2,143,160,91,1,150,105,180,41,36,46,140,92,82,23,189,47,175,12,22,26,176,193,109,20,67,166,38,139,63,118,48,194,182,198,174,184,115,125,32,72,163,25,51,50,190,10,130,113,156,74,44,138,37,94,173,18,131,110,81,153,101,100,30,134,148,11,97,58,158,43,7,0,62,68,123,6,137,60,54,151,119,187,39,107,55,14,13,111,52,89,75,80,71,162,53,183,69,159,164,90,28,155,73,99,106,136,132,152,49,170,172,86,76,133,85,104,17,8,16,56,21,108,192,40,15,9,33,154,122,179,195,185,127,96,171,141,98,114,64,79,177,27,88,5,186,199,83,59,129,24,95,149,165,181,120,3,169,191,135,146];False
1483;7346;8829;[34,4,144,70,19,87,121,178,161,102,145,84,77,112,93,147,66,157,103,116,65,124,168,31,142,117,167,61,45,188,196,35,78,128,42,57,197,125,29,126,143,160,91,1,150,105,180,41,36,46,140,92,82,23,189,187,175,12,22,26,176,193,109,20,67,166,38,139,63,118,48,194,182,198,174,184,115,2,32,72,163,25,51,50,190,10,130,113,156,74,44,138,37,94,173,18,131,110,81,153,101,100,30,134,148,11,97,58,158,43,7,0,62,68,123,6,137,60,54,151,119,96,39,107,55,14,13,111,52,89,75,80,71,162,53,183,69,159,164,90,28,155,73,99,106,136,132,152,49,170,172,86,76,133,85,104,17,8,16,56,21,108,192,40,15,9,33,154,122,179,195,185,127,47,171,141,98,114,64,79,177,27,88,5,186,199,83,59,129,24,95,149,165,181,120,3,169,191,135,146];True
1468;7404;8872;[34,4,144,70,19,87,121,178,161,102,145,84,77,112,93,147,66,157,103,116,65,124,168,31,142,117,167,61,45,188,196,35,78,128,42,57,197,125,29,126,143,160,91,1,150,105,180,41,36,46,140,92,82,23,189,47,12,123,22,26,176,193,109,20,67,166,38,139,63,118,48,194,182,198,174,184,115,2,32,72,163,25,51,50,190,10,130,113,156,74,44,138,37,94,173,18,131,110,81,153,101,100,30,134,148,11,97,58,158,43,7,0,62,68,175,6,137,60,54,151,119,187,39,107,55,14,13,111,52,89,75,80,71,162,53,183,69,159,164,90,28,155,73,99,106,136,132,152,49,170,172,86,76,133,85,104,17,8,16,56,21,108,192,40,15,9,33,154,122,179,195,185,127,96,171,141,98,114,64,79,177,27,88,5,186,199,83,59,129,24,95,149,165,181,120,3,169,191,135,146];False
1461;7377;8838;[34,4,144,70,19,87,121,178,161,102,145,84,77,112,93,147,66,157,103,116,65,124,168,31,142,117,167,61,45,188,196,35,78,128,42,57,197,125,29,126,143,160,91,1,150,105,180,41,36,46,140,92,82,23,189,47,175,12,22,26,176,193,109,20,67,166,38,139,63,118,48,194,182,198,174,184,115,2,32,72,163,25,51,50,190,10,130,113,156,74,44,138,37,94,173,18,131,110,81,153,101,100,30,134,148,11,97,58,158,43,7,0,62,68,123,6,137,60,54,151,119,187,39,107,85,14,13,111,52,89,75,80,71,162,53,183,69,159,164,90,28,155,73,99,106,136,132,152,49,170,172,86,76,133,40,104,17,8,16,56,21,108,192,55,15,9,33,154,122,179,195,185,127,96,171,141,98,114,64,79,177,27,88,5,186,199,83,59,129,24,95,149,165,181,120,3,169,191,135,146];False
1453;7404;8857;[34,4,144,70,19,87,121,178,161,102,145,84,77,112,93,147,66,157,103,116,65,124,168,31,142,117,167,61,45,188,196,35,78,128,42,57,197,125,29,126,143,160,91,1,150,105,180,41,36,46,140,92,82,23,189,47,175,12,22,26,176,193,109,20,67,166,38,139,63,118,48,194,182,198,174,184,115,2,32,72,163,25,51,50,190,10,130,113,156,74,44,138,37,94,173,18,131,110,81,153,101,100,30,134,148,11,97,58,158,43,7,0,62,68,123,6,137,60,54,151,119,187,39,107,55,14,13,111,52,89,75,80,71,108,53,183,69,159,164,90,28,155,73,99,106,136,132,152,49,170,172,86,76,133,85,104,17,8,16,56,21,135,192,40,15,9,33,154,122,179,195,185,127,96,171,141,98,114,64,79,177,27,88,5,186,199,83,59,129,24,95,149,165,181,120,3,169,191,162,146];False
1458;7364;8822;[34,4,144,70,19,87,121,178,161,102,145,84,77,112,93,147,66,157,103,116,65,124,168,31,142,117,167,61,45,188,196,35,78,128,42,57,197,125,29,126,143,160,91,1,150,105,180,41,36,46,140,92,82,23,97,187,175,12,22,26,176,193,109,20,67,166,38,139,63,118,48,194,182,198,174,184,115,2,32,72,163,25,51,50,190,10,130,113,156,74,44,138,37,94,173,18,131,110,81,153,101,100,30,134,148,11,189,58,158,43,7,0,62,68,123,6,137,60,54,151,119,96,39,107,55,14,13,111,52,89,75,80,71,162,53,183,69,159,164,90,28,155,73,99,106,136,132,152,49,170,172,86,76,133,85,104,17,8,16,56,21,108,192,40,15,9,33,154,122,179,195,185,127,47,171,141,98,114,64,79,177,27,88,5,186,199,83,59,129,24,95,149,165,181,120,3,169,191,135,146];True
1452;7412;8864;[34,4,144,70,19,87,121,178,161,102,145,84,77,112,93,147,66,157,103,116,65,124,168,31,142,117,167,61,45,188,196,35,78,128,42,57,197,125,29,126,143,160,91,1,150,105,180,41,36,46,140,92,82,23,189,47,175,12,22,26,176,193,109,20,67,166,38,139,63,118,48,194,182,198,174,184,115,2,32,72,163,25,51,50,190,10,130,113,156,53,44,138,37,94,173,18,131,110,81,153,101,100,30,134,148,11,97,58,158,43,7,0,62,68,123,6,137,60,54,151,119,187,39,107,55,14,13,111,52,89,75,80,71,108,74,183,69,159,164,90,28,155,73,99,106,136,132,152,49,170,172,86,76,133,85,104,17,8,16,56,21,135,192,40,15,9,33,154,122,179,195,185,127,96,171,141,98,114,64,79,177,27,88,5,186,199,83,59,129,24,95,149,165,181,120,3,169,191,162,146];False
1439;7416;8855;[146,4,144,70,19,87,121,178,161,102,145,84,77,112,93,147,66,157,103,116,65,124,168,31,142,117,167,61,45,188,196,35,78,128,42,57,197,125,29,126,143,160,91,1,150,105,180,41,36,46,140,92,82,23,97,187,175,12,22,26,176,193,109,20,67,166,38,139,63,118,48,194,182,198,174,184,115,2,32,72,163,25,51,50,190,10,130,113,156,74,44,138,37,94,173,18,131,110,81,153,101,100,30,134,148,11,189,58,158,43,7,0,62,68,123,6,137,60,54,151,119,96,39,107,55,14,13,111,52,89,75,80,71,162,53,183,69,159,164,90,28,155,73,99,106,136,132,152,49,170,172,86,76,133,85,104,17,8,16,56,21,108,192,40,15,9,33,154,122,179,195,185,127,47,171,141,98,114,64,79,177,27,88,5,186,199,83,59,129,24,95,149,165,181,120,3,169,191,135,34];True
1474;7360;8834;[34,4,144,70,19,87,121,178,161,102,145,84,77,112,93,147,66,157,103,116,65,124,168,31,142,117,167,61,45,188,196,35,78,128,42,57,197,125,29,126,143,160,91,1,150,105,180,41,36,46,140,92,82,23,97,187,175,12,22,26,176,193,109,20,67,166,38,139,63,118,48,194,182,198,174,184,115,2,32,72,163,25,51,50,190,10,130,113,156,74,44,138,37,94,173,18,131,110,81,153,101,100,30,134,96,11,189,58,158,43,7,0,62,68,123,6,137,60,54,151,119,148,39,107,55,14,13,111,52,89,75,80,71,162,53,183,69,159,164,90,28,155,73,99,106,136,132,152,49,170,172,86,76,133,85,104,17,8,16,56,21,108,192,40,15,9,33,154,122,179,195,185,127,47,171,141,98,114,64,79,177,27,88,5,186,199,83,59,129,24,95,149,165,181,120,3,169,191,135,146];True
1452;7393;8845;[34,4,144,70,19,87,121,178,161,102,145,84,77,112,93,147,66,157,103,116,65,124,168,31,142,117,167,61,45,188,196,35,78,128,42,57,197,125,29,126,143,160,91,1,150,105,180,41,36,46,140,92,82,23,97,187,175,12,22,26,176,193,109,20,67,166,38,139,63,118,48,194,182,198,174,184,115,2,32,72,163,25,51,50,190,10,130,113,156,74,44,138,37,94,173,18,131,110,81,153,101,100,30,134,148,11,189,58,158,43,7,0,62,68,123,6,137,60,54,151,119,96,39,107,55,14,13,111,52,89,75,80,71,162,53,183,69,159,164,90,28,155,73,99,106,136,132,152,49,170,172,86,76,133,85,104,17,8,16,56,21,108,192,40,15,9,33,154,122,179,165,185,127,47,171,141,98,114,64,79,177,27,88,5,186,199,83,59,129,24,95,149,195,181,120,3,169,191,135,146];True
1430;7452;8882;[146,4,144,70,19,87,121,178,161,102,145,84,77,112,93,147,66,157,103,116,65,124,168,31,142,117,167,61,45,188,196,35,78,128,42,57,197,125,29,126,143,160,91,1,150,105,180,41,36,46,140,92,82,23,97,187,175,12,22,26,176,193,109,20,67,166,38,139,63,118,48,194,182,198,174,184,115,2,32,72,163,25,51,50,190,10,130,113,156,74,44,138,37,94,173,18,131,110,81,153,101,100,30,134,148,11,189,58,158,43,7,0,62,68,123,6,137,60,54,151,119,96,39,107,55,14,13,111,52,89,75,80,71,162,53,183,69,159,164,90,28,155,73,99,106,136,132,152,49,170,172,86,76,133,85,104,17,8,16,56,21,108,192,135,15,9,33,154,122,179,195,185,127,47,171,141,98,114,64,79,177,27,88,5,186,199,83,59,129,24,95,149,165,181,120,3,169,191,40,34];False
1469;7361;8830;[34,4,144,70,19,87,121,178,161,102,145,84,77,112,93,147,66,157,103,116,65,124,168,31,142,117,167,61,45,188,196,35,78,128,42,57,197,125,29,126,143,160,91,1,150,105,180,41,36,46,140,92,82,23,97,187,175,12,22,26,176,193,109,20,67,166,38,139,63,118,48,194,182,198,174,184,115,2,32,72,163,25,51,50,190,10,130,113,156,74,44,138,37,94,173,18,131,110,81,153,101,100,30,134,96,11,189,58,158,43,7,0,62,68,123,6,137,60,54,151,148,119,39,107,55,14,13,111,52,89,75,80,71,162,53,183,69,159,164,90,28,155,73,99,106,136,132,152,49,170,172,86,76,133,85,104,17,8,16,56,21,108,192,40,15,9,33,154,122,179,195,185,127,47,171,141,98,114,64,79,177,27,88,5,186,199,83,59,129,24,95,149,165,181,120,3,169,191,135,146];True
1417;7450;8867;[146,4,144,70,19,87,121,178,161,102,145,84,77,112,93,147,66,157,103,116,65,124,168,31,142,117,167,61,45,188,196,35,78,128,42,57,197,125,29,126,143,160,91,1,150,105,180,41,36,46,140,92,82,23,97,187,175,12,22,26,176,193,109,20,67,166,38,139,63,118,48,194,182,198,174,184,115,2,32,72,163,25,51,50,190,10,130,113,156,74,44,138,37,94,173,18,131,110,81,153,101,100,30,134,148,11,189,58,158,43,7,0,62,68,123,6,137,60,54,151,119,96,39,107,135,14,13,111,52,89,75,80,71,162,53,183,69,159,164,90,28,155,73,99,106,136,132,152,49,170,172,86,76,133,85,104,17,8,16,56,21,108,192,55,15,9,33,154,122,179,195,185,127,47,171,141,98,114,64,79,177,27,88,5,186,199,83,59,129,24,95,149,165,181,120,3,169,191,40,34];True
1450;7413;8863;[146,4,144,70,19,87,121,178,161,102,145,84,77,112,93,147,66,157,103,116,65,124,168,31,142,117,167,61,45,188,196,35,78,128,42,57,197,125,29,126,143,160,91,1,150,105,180,41,36,46,140,92,82,23,97,187,175,12,22,26,176,193,109,20,67,166,38,139,63,118,48,194,182,198,174,184,115,2,32,72,163,25,51,50,190,10,130,113,156,74,44,138,37,94,173,18,131,110,81,153,101,100,30,134,96,11,189,58,158,43,7,0,62,68,123,6,137,60,54,151,148,119,39,107,55,14,13,111,52,89,75,80,71,162,53,183,69,159,164,90,28,155,73,99,106,136,132,152,49,170,172,86,76,133,85,104,17,8,16,56,21,108,192,40,15,9,33,154,122,179,195,185,127,47,171,141,98,114,64,79,177,27,88,5,186,199,83,59,129,24,95,149,165,181,120,3,169,191,135,34];True
1426;7446;8872;[146,4,144,70,19,87,121,178,161,102,145,84,77,112,34,147,66,157,103,116,65,124,168,31,142,117,167,61,45,188,196,35,78,128,42,57,197,125,29,126,143,160,91,1,150,105,180,41,36,46,140,92,82,23,97,187,175,12,22,26,176,193,109,20,67,166,38,139,63,118,48,194,182,198,174,184,115,2,32,72,163,25,51,50,190,10,130,113,156,74,44,138,37,94,173,18,131,110,81,153,101,100,30,134,148,11,189,58,158,43,7,0,62,68,123,6,137,60,54,151,119,96,39,107,135,14,13,111,52,89,75,80,71,162,53,183,69,159,164,90,28,155,73,99,106,136,132,152,49,170,172,86,76,133,85,104,17,8,16,56,21,108,192,55,15,9,33,154,122,179,195,185,127,47,171,141,98,114,64,79,177,27,88,5,186,199,83,59,129,24,95,149,165,181,120,3,169,191,40,93];False
1401;7524;8925;[146,4,144,70,19,87,121,178,161,102,145,84,77,112,93,147,66,157,103,116,65,124,168,31,142,117,167,61,45,188,196,35,78,128,42,57,197,131,29,126,143,160,91,1,150,105,180,41,36,46,140,92,82,23,97,187,175,12,22,26,176,193,109,20,67,166,38,139,63,118,48,194,182,198,174,184,115,2,32,72,163,25,51,50,190,10,130,113,156,74,44,138,37,94,173,18,125,110,81,153,101,100,30,134,148,11,189,58,158,43,7,0,62,68,123,6,137,60,54,151,119,96,39,107,135,14,13,111,52,89,75,80,71,162,53,183,69,159,164,90,28,155,73,99,106,136,132,152,49,170,172,86,76,133,85,104,17,8,16,56,21,108,192,55,15,9,33,154,122,179,195,185,127,47,171,141,98,114,64,79,177,27,88,5,186,199,83,59,129,24,95,149,165,181,120,3,169,191,40,34];False
1391;7540;8931;[146,4,144,70,19,87,121,178,161,102,145,84,77,112,93,147,66,157,103,116,65,124,168,31,142,117,167,61,45,188,196,35,78,128,42,57,197,125,29,126,143,160,91,1,150,105,180,41,36,46,140,92,82,23,97,187,123,12,22,26,176,193,109,20,67,166,38,139,63,118,48,194,182,198,174,184,115,2,32,72,163,25,51,50,190,10,130,113,156,74,44,138,37,94,173,18,131,110,81,153,101,100,30,134,148,11,189,58,158,43,7,0,62,68,175,6,137,60,54,151,119,96,39,107,135,14,13,111,52,89,75,80,71,162,53,183,69,159,164,90,28,155,73,99,106,136,132,152,49,170,172,86,76,133,85,104,17,8,16,56,21,108,192,55,15,9,33,154,122,179,195,185,127,47,171,141,98,114,64,79,177,27,88,5,186,199,83,59,129,24,95,149,165,181,120,3,169,191,40,34];False
1403;7512;8915;[146,4,144,70,19,87,121,178,161,102,145,84,77,112,93,147,66,157,103,116,65,124,168,31,142,117,167,61,45,188,196,35,78,128,42,57,197,125,29,126,143,160,91,1,150,105,180,41,36,46,140,92,82,23,97,187,175,12,22,131,176,193,109,20,67,166,38,139,63,118,48,194,182,198,174,184,115,2,32,72,163,25,51,50,190,10,130,113,156,74,44,138,37,94,173,18,26,110,81,153,101,100,30,134,148,11,189,58,158,43,7,0,62,68,123,6,137,60,54,151,119,96,39,107,135,14,13,111,52,89,75,80,71,162,53,183,69,159,164,90,28,155,73,99,106,136,132,152,49,170,172,86,76,133,85,104,17,8,16,56,21,108,192,55,15,9,33,154,122,179,195,185,127,47,171,141,98,114,64,79,177,27,88,5,186,199,83,59,129,24,95,149,165,181,120,3,169,191,40,34];False
1425;7438;8863;[146,4,144,70,19,87,121,178,161,102,145,84,77,112,93,147,66,157,103,116,65,124,168,31,142,117,167,61,45,188,196,35,78,128,42,57,197,125,29,126,143,160,91,1,150,105,180,41,36,46,140,92,82,23,97,187,175,12,22,26,176,193,109,20,67,166,38,34,63,118,48,194,182,198,174,184,115,2,32,72,163,25,51,50,190,10,130,113,156,74,44,138,37,94,173,18,131,110,81,153,101,100,30,134,148,11,189,58,158,43,7,0,62,68,123,6,137,60,54,151,119,96,39,107,135,14,13,111,52,89,75,80,71,162,53,183,69,159,164,90,28,155,73,99,106,136,132,152,49,170,172,86,76,133,85,104,17,8,16,56,21,108,192,55,15,9,33,154,122,179,195,185,127,47,171,141,98,114,64,79,177,27,88,5,186,199,83,59,129,24,95,149,165,181,120,3,169,191,40,139];True
1411;7479;8890;[146,4,144,70,19,87,121,178,161,102,145,84,77,112,93,147,66,157,103,116,65,124,168,31,142,117,167,61,45,188,196,35,78,128,42,57,197,125,29,126,143,160,91,1,150,105,180,41,36,46,140,92,82,23,97,187,175,12,22,26,176,193,109,20,67,166,38,139,63,118,48,194,182,198,174,184,115,2,32,72,163,25,51,50,190,10,130,113,156,74,44,138,37,94,173,18,131,110,81,153,101,100,30,134,148,11,189,58,158,43,7,0,62,68,123,6,137,60,54,151,119,96,39,107,135,14,13,111,52,89,75,80,71,162,53,183,69,159,164,90,28,155,73,99,106,136,132,152,49,170,172,86,76,133,85,104,17,8,16,56,21,108,192,55,15,9,33,154,122,179,165,185,127,47,171,141,98,114,64,79,177,27,88,5,186,199,83,59,129,24,95,149,195,181,120,3,169,191,40,34];False
1401;7510;8911;[146,4,144,70,19,87,121,178,161,102,145,84,77,112,93,147,66,157,103,116,65,124,168,31,142,117,167,61,45,188,196,35,78,128,42,57,197,131,29,126,143,160,91,1,150,105,180,41,36,46,140,92,82,23,97,187,175,12,22,26,176,193,109,20,67,166,38,139,63,118,48,194,182,198,174,184,115,125,32,72,163,25,51,50,190,10,130,113,156,74,44,138,37,94,173,18,2,110,81,153,101,100,30,134,148,11,189,58,158,43,7,0,62,68,123,6,137,60,54,151,119,96,39,107,135,14,13,111,52,89,75,80,71,162,53,183,69,159,164,90,28,155,73,99,106,136,132,152,49,170,172,86,76,133,85,104,17,8,16,56,21,108,192,55,15,9,33,154,122,179,195,185,127,47,171,141,98,114,64,79,177,27,88,5,186,199,83,59,129,24,95,149,165,181,120,3,169,191,40,34];False
1400;7512;8912;[146,4,144,70,19,87,121,178,161,102,145,84,77,112,93,147,66,157,103,116,65,124,168,31,142,117,167,61,45,188,196,35,78,128,42,57,197,125,29,126,143,160,91,1,150,105,180,41,36,46,140,92,82,23,97,187,172,12,22,26,176,193,109,20,67,166,38,139,63,118,48,194,182,198,174,184,115,2,32,72,163,25,51,50,190,10,130,113,156,74,44,138,37,94,173,18,131,110,81,153,101,100,30,134,148,11,189,58,158,43,7,0,62,68,175,6,137,60,54,151,119,96,39,107,135,14,13,111,52,89,75,80,71,162,53,183,69,159,164,90,28,155,73,99,106,136,132,152,49,170,123,86,76,133,85,104,17,8,16,56,21,108,192,55,15,9,33,154,122,179,195,185,127,47,171,141,98,114,64,79,177,27,88,5,186,199,83,59,129,24,95,149,165,181,120,3,169,191,40,34];False
1399;7528;8927;[146,4,144,70,19,87,121,178,161,102,145,84,77,112,93,147,66,157,103,116,65,124,168,31,142,117,167,61,45,188,196,35,78,128,42,57,197,125,29,126,143,160,91,1,150,105,180,41,36,46,140,92,82,23,97,187,123,12,22,26,176,193,109,20,67,166,38,34,63,118,48,194,182,198,174,184,115,2,32,72,163,25,51,50,190,10,130,113,156,74,44,138,37,94,173,18,131,110,81,153,101,100,30,134,148,11,189,58,158,43,7,0,62,68,175,6,137,60,54,151,119,96,39,107,135,14,13,111,52,89,75,80,71,162,53,183,69,159,164,90,28,155,73,99,106,136,132,152,49,170,172,86,76,133,85,104,17,8,16,56,21,108,192,55,15,9,33,154,122,179,195,185,127,47,171,141,98,114,64,79,177,27,88,5,186,199,83,59,129,24,95,149,165,181,120,3,169,191,40,139];False
1385;7569;8954;[146,4,144,70,19,87,121,178,161,102,145,84,77,112,93,147,66,157,103,116,65,124,168,31,142,117,167,61,45,188,196,35,78,128,42,57,197,125,29,126,143,160,91,1,150,105,180,41,36,46,140,92,82,23,97,187,123,12,22,26,176,193,109,20,67,166,38,139,63,118,48,194,182,198,174,184,115,2,32,72,163,25,51,50,190,10,130,113,156,74,44,138,37,94,173,18,131,110,81,153,101,100,30,134,148,11,189,58,158,43,7,0,62,68,175,6,137,60,54,151,119,96,39,107,135,14,13,111,52,89,75,80,71,162,53,183,69,159,164,90,28,155,73,99,106,136,132,152,49,170,172,86,76,133,85,104,17,8,16,56,21,108,192,55,15,9,33,154,122,179,165,185,127,47,171,141,98,114,64,79,177,27,88,5,186,199,83,59,129,24,95,149,195,181,120,3,169,191,40,34];False
1392;7518;8910;[146,4,144,70,19,87,121,178,161,102,145,84,77,112,93,147,66,157,103,116,65,124,168,31,142,117,167,61,45,188,196,35,78,128,42,57,197,125,29,126,143,160,91,1,150,105,180,41,36,46,140,92,82,23,97,187,175,12,22,26,176,193,109,20,67,166,38,139,63,118,48,194,182,198,174,184,115,2,32,72,163,25,51,50,190,195,130,113,156,74,44,138,37,94,173,18,131,110,81,153,101,100,30,134,148,11,189,58,158,43,7,0,62,68,123,6,137,60,54,151,119,96,39,107,135,14,13,111,52,89,75,80,71,162,53,183,69,159,164,90,28,155,73,99,106,136,132,152,49,170,172,86,76,133,85,104,17,8,16,56,21,108,192,55,15,9,33,154,122,179,165,185,127,47,171,141,98,114,64,79,177,27,88,5,186,199,83,59,129,24,95,149,10,181,120,3,169,191,40,34];False
1409;7498;8907;[146,4,144,70,19,87,121,178,161,102,145,84,77,112,93,147,66,157,103,116,65,124,168,31,142,117,167,61,45,188,196,35,78,128,42,57,197,131,29,126,143,160,91,1,150,105,180,41,36,46,140,92,82,23,97,187,175,12,22,26,176,193,109,20,67,166,38,34,63,118,48,194,182,198,174,184,115,125,32,72,163,25,51,50,190,10,130,113,156,74,44,138,37,94,173,18,2,110,81,153,101,100,30,134,148,11,189,58,158,43,7,0,62,68,123,6,137,60,54,151,119,96,39,107,135,14,13,111,52,89,75,80,71,162,53,183,69,159,164,90,28,155,73,99,106,136,132,152,49,170,172,86,76,133,85,104,17,8,16,56,21,108,192,55,15,9,33,154,122,179,195,185,127,47,171,141,98,114,64,79,177,27,88,5,186,199,83,59,129,24,95,149,165,181,120,3,169,191,40,139];False
1398;7515;8913;[146,4,144,70,19,87,121,178,161,102,145,84,77,112,93,147,66,157,103,116,65,124,168,31,142,117,167,61,45,188,196,35,78,128,42,57,197,125,29,126,143,160,91,1,150,105,180,41,36,46,140,92,82,23,97,187,172,12,22,26,176,193,109,20,67,166,38,139,63,118,48,194,182,198,174,184,115,2,32,72,163,25,51,50,190,10,130,113,156,74,44,138,37,94,173,18,131,110,81,153,101,100,30,134,148,11,189,58,158,43,7,0,62,68,175,6,137,60,54,151,119,96,39,107,135,14,13,111,52,89,75,80,71,162,53,183,69,159,164,90,28,155,73,99,106,136,132,152,49,170,123,127,76,133,85,104,17,8,16,56,21,108,192,55,15,9,33,154,122,179,195,185,86,47,171,141,98,114,64,79,177,27,88,5,186,199,83,59,129,24,95,149,165,181,120,3,169,191,40,34];False
1369;7643;9012;[146,4,144,70,19,87,121,178,161,102,145,84,77,112,93,147,66,157,103,116,65,124,168,31,142,117,167,61,45,188,196,35,78,128,42,57,197,131,29,126,143,160,91,1,150,105,180,41,36,46,140,92,82,23,97,187,123,12,22,26,176,193,109,20,67,166,38,139,63,118,48,194,182,198,174,184,115,2,32,72,163,25,51,50,190,10,130,113,156,74,44,138,37,94,173,18,125,110,81,153,101,100,30,134,148,11,189,58,158,43,7,0,62,68,175,6,137,60,54,151,119,96,39,107,135,14,13,111,52,89,75,80,71,162,53,183,69,159,164,90,28,155,73,99,106,136,132,152,49,170,172,86,76,133,85,104,17,8,16,56,21,108,192,55,15,9,33,154,122,179,165,185,127,47,171,141,98,114,64,79,177,27,88,5,186,199,83,59,129,24,95,149,195,181,120,3,169,191,40,34];False
1371;7631;9002;[146,4,144,70,19,87,121,178,161,102,145,84,77,112,93,147,66,157,103,116,65,124,168,31,142,117,167,61,45,188,196,35,78,128,42,57,197,125,29,126,143,160,91,1,150,105,180,41,36,46,140,92,82,23,97,187,123,12,22,131,176,193,109,20,67,166,38,139,63,118,48,194,182,198,174,184,115,2,32,72,163,25,51,50,190,10,130,113,156,74,44,138,37,94,173,18,26,110,81,153,101,100,30,134,148,11,189,58,158,43,7,0,62,68,175,6,137,60,54,151,119,96,39,107,135,14,13,111,52,89,75,80,71,162,53,183,69,159,164,90,28,155,73,99,106,136,132,152,49,170,172,86,76,133,85,104,17,8,16,56,21,108,192,55,15,9,33,154,122,179,165,185,127,47,171,141,98,114,64,79,177,27,88,5,186,199,83,59,129,24,95,149,195,181,120,3,169,191,40,34];False
1366;7608;8974;[146,4,144,70,19,87,121,178,161,102,145,84,77,112,93,147,66,157,103,116,65,124,168,31,142,117,167,61,45,188,196,35,78,128,42,57,197,125,29,126,143,160,91,1,150,105,180,41,36,46,140,92,82,23,97,187,123,12,22,26,176,193,109,20,67,166,38,139,63,118,48,194,182,198,174,184,115,2,32,72,163,25,51,50,190,195,130,113,156,74,44,138,37,94,173,18,131,110,81,153,101,100,30,134,148,11,189,58,158,43,7,0,62,68,175,6,137,60,54,151,119,96,39,107,135,14,13,111,52,89,75,80,71,162,53,183,69,159,164,90,28,155,73,99,106,136,132,152,49,170,172,86,76,133,85,104,17,8,16,56,21,108,192,55,15,9,33,154,122,179,165,185,127,47,171,141,98,114,64,79,177,27,88,5,186,199,83,59,129,24,95,149,10,181,120,3,169,191,40,34];False
1382;7570;8952;[146,4,144,70,19,87,121,178,161,102,145,84,77,112,93,147,66,157,103,116,65,124,168,31,142,117,167,61,45,188,196,35,78,128,42,57,197,125,29,126,143,160,91,1,150,105,180,41,36,46,140,92,82,23,97,187,123,12,22,26,176,193,109,20,67,166,38,139,63,118,48,194,182,198,174,184,115,2,32,72,163,25,51,50,190,10,130,113,156,74,44,138,37,94,173,18,131,110,81,153,101,100,30,134,148,11,189,58,158,43,7,0,62,68,175,165,137,60,54,151,119,96,39,107,135,14,13,111,52,89,75,80,71,162,53,183,69,159,164,90,28,155,73,99,106,136,132,152,49,170,172,86,76,133,85,104,17,8,16,56,21,108,192,55,15,9,33,154,122,179,6,185,127,47,171,141,98,114,64,79,177,27,88,5,186,199,83,59,129,24,95,149,195,181,120,3,169,191,40,34];False
1376;7592;8968;[146,4,144,70,19,87,121,178,161,102,145,84,77,112,93,147,66,157,103,116,65,124,168,31,142,117,167,61,45,188,196,35,78,128,42,57,197,131,29,126,143,160,91,1,150,105,180,41,36,46,140,92,82,23,97,187,175,12,22,26,176,193,109,20,67,166,38,139,63,118,48,194,182,198,174,184,115,2,32,72,163,25,51,50,190,195,130,113,156,74,44,138,37,94,173,18,125,110,81,153,101,100,30,134,148,11,189,58,158,43,7,0,62,68,123,6,137,60,54,151,119,96,39,107,135,14,13,111,52,89,75,80,71,162,53,183,69,159,164,90,28,155,73,99,106,136,132,152,49,170,172,86,76,133,85,104,17,8,16,56,21,108,192,55,15,9,33,154,122,179,165,185,127,47,171,141,98,114,64,79,177,27,88,5,186,199,83,59,129,24,95,149,10,181,120,3,169,191,40,34];False
1378;7580;8958;[146,4,144,70,19,87,121,178,161,102,145,84,77,112,93,147,66,157,103,116,65,124,168,31,142,117,167,61,45,188,196,35,78,128,42,57,197,125,29,126,143,160,91,1,150,105,180,41,36,46,140,92,82,23,97,187,175,12,22,131,176,193,109,20,67,166,38,139,63,118,48,194,182,198,174,184,115,2,32,72,163,25,51,50,190,195,130,113,156,74,44,138,37,94,173,18,26,110,81,153,101,100,30,134,148,11,189,58,158,43,7,0,62,68,123,6,137,60,54,151,119,96,39,107,135,14,13,111,52,89,75,80,71,162,53,183,69,159,164,90,28,155,73,99,106,136,132,152,49,170,172,86,76,133,85,104,17,8,16,56,21,108,192,55,15,9,33,154,122,179,165,185,127,47,171,141,98,114,64,79,177,27,88,5,186,199,83,59,129,24,95,149,10,181,120,3,169,191,40,34];False
1400;7506;8906;[146,4,144,70,19,87,121,178,161,102,145,84,77,112,93,147,66,157,103,116,65,124,168,31,142,117,167,61,45,188,196,35,78,128,42,57,197,125,29,126,143,160,91,1,150,105,180,41,36,46,140,92,82,23,97,187,175,12,22,26,176,193,109,20,67,166,38,34,63,118,48,194,182,198,174,184,115,2,32,72,163,25,51,50,190,195,130,113,156,74,44,138,37,94,173,18,131,110,81,153,101,100,30,134,148,11,189,58,158,43,7,0,62,68,123,6,137,60,54,151,119,96,39,107,135,14,13,111,52,89,75,80,71,162,53,183,69,159,164,90,28,155,73,99,106,136,132,152,49,170,172,86,76,133,85,104,17,8,16,56,21,108,192,55,15,9,33,154,122,179,165,185,127,47,171,141,98,114,64,79,177,27,88,5,186,199,83,59,129,24,95,149,10,181,120,3,169,191,40,139];False
1406;7503;8909;[146,4,144,70,19,87,121,178,161,102,145,84,77,112,93,147,66,157,103,116,65,124,168,31,142,117,167,61,45,188,196,35,78,128,42,57,197,125,29,126,143,160,91,1,150,105,180,41,36,46,140,92,82,23,97,187,172,12,22,26,176,193,109,20,67,166,38,34,63,118,48,194,182,198,174,184,115,2,32,72,163,25,51,50,190,10,130,113,156,74,44,138,37,94,173,18,131,110,81,153,101,100,30,134,148,11,189,58,158,43,7,0,62,68,175,6,137,60,54,151,119,96,39,107,135,14,13,111,52,89,75,80,71,162,53,183,69,159,164,90,28,155,73,99,106,136,132,152,49,170,123,127,76,133,85,104,17,8,16,56,21,108,192,55,15,9,33,154,122,179,195,185,86,47,171,141,98,114,64,79,177,27,88,5,186,199,83,59,129,24,95,149,165,181,120,3,169,191,40,139];False
1350;7682;9032;[146,4,144,70,19,87,121,178,161,102,145,84,77,112,93,147,66,157,103,116,65,124,168,31,142,117,167,61,45,188,196,35,78,128,42,57,197,131,29,126,143,160,91,1,150,105,180,41,36,46,140,92,82,23,97,187,123,12,22,26,176,193,109,20,67,166,38,139,63,118,48,194,182,198,174,184,115,2,32,72,163,25,51,50,190,195,130,113,156,74,44,138,37,94,173,18,125,110,81,153,101,100,30,134,148,11,189,58,158,43,7,0,62,68,175,6,137,60,54,151,119,96,39,107,135,14,13,111,52,89,75,80,71,162,53,183,69,159,164,90,28,155,73,99,106,136,132,152,49,170,172,86,76,133,85,104,17,8,16,56,21,108,192,55,15,9,33,154,122,179,165,185,127,47,171,141,98,114,64,79,177,27,88,5,186,199,83,59,129,24,95,149,10,181,120,3,169,191,40,34];False
1375;7580;8955;[146,4,144,70,19,87,121,178,161,102,145,84,77,112,93,147,66,157,103,116,65,124,168,31,142,117,167,61,45,188,196,35,78,128,42,57,197,125,29,126,143,160,91,1,150,105,180,41,36,46,140,92,82,23,97,187,172,12,22,26,176,193,109,20,67,166,38,139,63,118,48,194,182,198,174,184,115,2,32,72,163,25,51,50,190,195,130,113,156,74,44,138,37,94,173,18,131,110,81,153,101,100,30,134,148,11,189,58,158,43,7,0,62,68,175,6,137,60,54,151,119,96,39,107,135,14,13,111,52,89,75,80,71,162,53,183,69,159,164,90,28,155,73,99,106,136,132,152,49,170,123,86,76,133,85,104,17,8,16,56,21,108,192,55,15,9,33,154,122,179,165,185,127,47,171,141,98,114,64,79,177,27,88,5,186,199,83,59,129,24,95,149,10,181,120,3,169,191,40,34];False
1352;7670;9022;[146,4,144,70,19,87,121,178,161,102,145,84,77,112,93,147,66,157,103,116,65,124,168,31,142,117,167,61,45,188,196,35,78,128,42,57,197,125,29,126,143,160,91,1,150,105,180,41,36,46,140,92,82,23,97,187,123,12,22,131,176,193,109,20,67,166,38,139,63,118,48,194,182,198,174,184,115,2,32,72,163,25,51,50,190,195,130,113,156,74,44,138,37,94,173,18,26,110,81,153,101,100,30,134,148,11,189,58,158,43,7,0,62,68,175,6,137,60,54,151,119,96,39,107,135,14,13,111,52,89,75,80,71,162,53,183,69,159,164,90,28,155,73,99,106,136,132,152,49,170,172,86,76,133,85,104,17,8,16,56,21,108,192,55,15,9,33,154,122,179,165,185,127,47,171,141,98,114,64,79,177,27,88,5,186,199,83,59,129,24,95,149,10,181,120,3,169,191,40,34];False
1374;7596;8970;[146,4,144,70,19,87,121,178,161,102,145,84,77,112,93,147,66,157,103,116,65,124,168,31,142,117,167,61,45,188,196,35,78,128,42,57,197,125,29,126,143,160,91,1,150,105,180,41,36,46,140,92,82,23,97,187,123,12,22,26,176,193,109,20,67,166,38,34,63,118,48,194,182,198,174,184,115,2,32,72,163,25,51,50,190,195,130,113,156,74,44,138,37,94,173,18,131,110,81,153,101,100,30,134,148,11,189,58,158,43,7,0,62,68,175,6,137,60,54,151,119,96,39,107,135,14,13,111,52,89,75,80,71,162,53,183,69,159,164,90,28,155,73,99,106,136,132,152,49,170,172,86,76,133,85,104,17,8,16,56,21,108,192,55,15,9,33,154,122,179,165,185,127,47,171,141,98,114,64,79,177,27,88,5,186,199,83,59,129,24,95,149,10,181,120,3,169,191,40,139];False
1363;7649;9012;[146,4,144,70,19,87,121,178,161,102,145,84,77,112,93,147,66,157,103,116,65,124,168,31,142,117,167,61,45,188,196,35,78,128,42,57,197,125,29,126,143,160,91,1,150,105,180,41,36,46,140,92,82,23,97,187,123,12,22,26,176,193,109,20,67,166,38,139,63,118,48,194,182,198,174,184,115,2,32,72,163,25,51,50,190,195,130,113,156,74,44,138,37,94,173,18,131,110,81,153,101,100,30,134,148,11,189,55,158,43,7,0,62,68,175,6,137,60,54,151,119,96,39,107,135,14,13,111,52,89,75,80,71,162,53,183,69,159,164,90,28,155,73,99,106,136,132,152,49,170,172,86,76,133,85,104,17,8,16,56,21,108,192,58,15,9,33,154,122,179,165,185,127,47,171,141,98,114,64,79,177,27,88,5,186,199,83,59,129,24,95,149,10,181,120,3,169,191,40,34];False
1363;7609;8972;[146,4,144,70,19,87,121,178,161,102,145,84,77,112,93,147,66,157,103,116,65,124,168,31,142,117,167,61,45,188,196,35,78,128,42,57,197,125,29,126,143,160,91,1,150,105,180,41,36,46,140,92,82,23,97,187,123,12,22,26,176,193,109,20,67,166,38,139,63,118,48,194,182,198,174,184,115,2,32,72,163,25,51,50,190,195,130,113,156,74,44,138,37,94,173,18,131,110,81,153,101,100,30,134,148,11,189,58,158,43,7,0,62,68,175,165,137,60,54,151,119,96,39,107,135,14,13,111,52,89,75,80,71,162,53,183,69,159,164,90,28,155,73,99,106,136,132,152,49,170,172,86,76,133,85,104,17,8,16,56,21,108,192,55,15,9,33,154,122,179,6,185,127,47,171,141,98,114,64,79,177,27,88,5,186,199,83,59,129,24,95,149,10,181,120,3,169,191,40,34];False
1360;7661;9021;[146,4,144,70,19,87,121,178,161,102,145,84,77,112,93,147,66,157,103,116,65,124,168,31,142,117,167,61,45,188,196,35,78,128,42,57,197,125,29,126,143,160,91,1,150,105,180,41,36,46,140,92,82,23,97,187,123,12,22,26,176,193,109,20,67,166,38,139,63,118,48,194,182,198,174,184,115,2,32,72,163,25,51,50,190,195,130,113,156,74,44,138,37,94,173,18,131,110,81,153,101,100,30,134,148,11,189,58,158,43,7,0,62,68,175,6,137,60,54,151,119,96,39,107,135,14,13,111,52,89,75,80,71,162,53,183,69,159,90,164,28,155,73,99,106,136,132,152,49,170,172,86,76,133,85,104,17,8,16,56,21,108,192,55,15,9,33,154,122,179,165,185,127,47,171,141,98,114,64,79,177,27,88,5,186,199,83,59,129,24,95,149,10,181,120,3,169,191,40,34];False
1386;7568;8954;[146,4,144,70,19,87,121,178,161,102,145,84,77,112,93,147,66,157,103,116,65,124,168,31,142,117,167,61,45,188,196,35,78,128,42,57,197,125,29,126,143,160,91,1,150,105,180,41,36,46,140,92,82,23,97,187,175,12,22,131,176,193,109,20,67,166,38,34,63,118,48,194,182,198,174,184,115,2,32,72,163,25,51,50,190,195,130,113,156,74,44,138,37,94,173,18,26,110,81,153,101,100,30,134,148,11,189,58,158,43,7,0,62,68,123,6,137,60,54,151,119,96,39,107,135,14,13,111,52,89,75,80,71,162,53,183,69,159,164,90,28,155,73,99,106,136,132,152,49,170,172,86,76,133,85,104,17,8,16,56,21,108,192,55,15,9,33,154,122,179,165,185,127,47,171,141,98,114,64,79,177,27,88,5,186,199,83,59,129,24,95,149,10,181,120,3,169,191,40,139];False
1359;7654;9013;[146,4,144,70,19,87,121,178,161,102,145,84,77,112,93,147,66,157,103,116,65,124,168,31,142,117,167,61,45,188,196,35,78,128,42,57,197,131,29,126,143,160,91,1,150,105,180,41,36,46,140,92,82,23,97,187,172,12,22,26,176,193,109,20,67,166,38,139,63,118,48,194,182,198,174,184,115,2,32,72,163,25,51,50,190,195,130,113,156,74,44,138,37,94,173,18,125,110,81,153,101,100,30,134,148,11,189,58,158,43,7,0,62,68,175,6,137,60,54,151,119,96,39,107,135,14,13,111,52,89,75,80,71,162,53,183,69,159,164,90,28,155,73,99,106,136,132,152,49,170,123,86,76,133,85,104,17,8,16,56,21,108,192,55,15,9,33,154,122,179,165,185,127,47,171,141,98,114,64,79,177,27,88,5,186,199,83,59,129,24,95,149,10,181,120,3,169,191,40,34];False
1350;7668;9018;[146,4,144,70,19,87,121,178,161,102,145,84,77,112,93,147,66,157,103,116,65,124,168,31,142,117,167,61,45,188,196,35,78,128,42,57,197,131,29,126,143,160,91,1,150,105,180,41,36,46,140,92,82,23,97,187,123,12,22,26,176,193,109,20,67,166,38,139,63,118,48,194,182,198,174,184,115,125,32,72,163,25,51,50,190,195,130,113,156,74,44,138,37,94,173,18,2,110,81,153,101,100,30,134,148,11,189,58,158,43,7,0,62,68,175,6,137,60,54,151,119,96,39,107,135,14,13,111,52,89,75,80,71,162,53,183,69,159,164,90,28,155,73,99,106,136,132,152,49,170,172,86,76,133,85,104,17,8,16,56,21,108,192,55,15,9,33,154,122,179,165,185,127,47,171,141,98,114,64,79,177,27,88,5,186,199,83,59,129,24,95,149,10,181,120,3,169,191,40,34];False
1361;7642;9003;[146,4,144,70,19,87,121,178,161,102,145,84,77,112,93,147,66,157,103,116,65,124,168,31,142,117,167,61,45,188,196,35,78,128,42,57,197,125,29,126,143,160,91,1,150,105,180,41,36,46,140,92,82,23,97,187,172,12,22,131,176,193,109,20,67,166,38,139,63,118,48,194,182,198,174,184,115,2,32,72,163,25,51,50,190,195,130,113,156,74,44,138,37,94,173,18,26,110,81,153,101,100,30,134,148,11,189,58,158,43,7,0,62,68,175,6,137,60,54,151,119,96,39,107,135,14,13,111,52,89,75,80,71,162,53,183,69,159,164,90,28,155,73,99,106,136,132,152,49,170,123,86,76,133,85,104,17,8,16,56,21,108,192,55,15,9,33,154,122,179,165,185,127,47,171,141,98,114,64,79,177,27,88,5,186,199,83,59,129,24,95,149,10,181,120,3,169,191,40,34];False
1383;7568;8951;[146,4,144,70,19,87,121,178,161,102,145,84,77,112,93,147,66,157,103,116,65,124,168,31,142,117,167,61,45,188,196,35,78,128,42,57,197,125,29,126,143,160,91,1,150,105,180,41,36,46,140,92,82,23,97,187,172,12,22,26,176,193,109,20,67,166,38,34,63,118,48,194,182,198,174,184,115,2,32,72,163,25,51,50,190,195,130,113,156,74,44,138,37,94,173,18,131,110,81,153,101,100,30,134,148,11,189,58,158,43,7,0,62,68,175,6,137,60,54,151,119,96,39,107,135,14,13,111,52,89,75,80,71,162,53,183,69,159,164,90,28,155,73,99,106,136,132,152,49,170,123,86,76,133,85,104,17,8,16,56,21,108,192,55,15,9,33,154,122,179,165,185,127,47,171,141,98,114,64,79,177,27,88,5,186,199,83,59,129,24,95,149,10,181,120,3,169,191,40,139];False
1372;7581;8953;[146,4,144,70,19,87,121,178,161,102,145,84,77,112,93,147,66,157,103,116,65,124,168,31,142,117,167,61,45,188,196,35,78,128,42,57,197,125,29,126,143,160,91,1,150,105,180,41,36,46,140,92,82,23,97,187,172,12,22,26,176,193,109,20,67,166,38,139,63,118,48,194,182,198,174,184,115,2,32,72,163,25,51,50,190,195,130,113,156,74,44,138,37,94,173,18,131,110,81,153,101,100,30,134,148,11,189,58,158,43,7,0,62,68,175,165,137,60,54,151,119,96,39,107,135,14,13,111,52,89,75,80,71,162,53,183,69,159,164,90,28,155,73,99,106,136,132,152,49,170,123,86,76,133,85,104,17,8,16,56,21,108,192,55,15,9,33,154,122,179,6,185,127,47,171,141,98,114,64,79,177,27,88,5,186,199,83,59,129,24,95,149,10,181,120,3,169,191,40,34];False
1347;7683;9030;[146,4,144,70,19,87,121,178,161,102,145,84,77,112,93,147,66,157,103,116,65,124,168,31,142,117,167,61,45,188,196,35,78,128,42,57,197,131,29,126,143,160,91,1,150,105,180,41,36,46,140,92,82,23,97,187,123,12,22,26,176,193,109,20,67,166,38,139,63,118,48,194,182,198,174,184,115,2,32,72,163,25,51,50,190,195,130,113,156,74,44,138,37,94,173,18,125,110,81,153,101,100,30,134,148,11,189,58,158,43,7,0,62,68,175,165,137,60,54,151,119,96,39,107,135,14,13,111,52,89,75,80,71,162,53,183,69,159,164,90,28,155,73,99,106,136,132,152,49,170,172,86,76,133,85,104,17,8,16,56,21,108,192,55,15,9,33,154,122,179,6,185,127,47,171,141,98,114,64,79,177,27,88,5,186,199,83,59,129,24,95,149,10,181,120,3,169,191,40,34];False
1349;7671;9020;[146,4,144,70,19,87,121,178,161,102,145,84,77,112,93,147,66,157,103,116,65,124,168,31,142,117,167,61,45,188,196,35,78,128,42,57,197,125,29,126,143,160,91,1,150,105,180,41,36,46,140,92,82,23,97,187,123,12,22,131,176,193,109,20,67,166,38,139,63,118,48,194,182,198,174,184,115,2,32,72,163,25,51,50,190,195,130,113,156,74,44,138,37,94,173,18,26,110,81,153,101,100,30,134,148,11,189,58,158,43,7,0,62,68,175,165,137,60,54,151,119,96,39,107,135,14,13,111,52,89,75,80,71,162,53,183,69,159,164,90,28,155,73,99,106,136,132,152,49,170,172,86,76,133,85,104,17,8,16,56,21,108,192,55,15,9,33,154,122,179,6,185,127,47,171,141,98,114,64,79,177,27,88,5,186,199,83,59,129,24,95,149,10,181,120,3,169,191,40,34];False
1371;7597;8968;[146,4,144,70,19,87,121,178,161,102,145,84,77,112,93,147,66,157,103,116,65,124,168,31,142,117,167,61,45,188,196,35,78,128,42,57,197,125,29,126,143,160,91,1,150,105,180,41,36,46,140,92,82,23,97,187,123,12,22,26,176,193,109,20,67,166,38,34,63,118,48,194,182,198,174,184,115,2,32,72,163,25,51,50,190,195,130,113,156,74,44,138,37,94,173,18,131,110,81,153,101,100,30,134,148,11,189,58,158,43,7,0,62,68,175,165,137,60,54,151,119,96,39,107,135,14,13,111,52,89,75,80,71,162,53,183,69,159,164,90,28,155,73,99,106,136,132,152,49,170,172,86,76,133,85,104,17,8,16,56,21,108,192,55,15,9,33,154,122,179,6,185,127,47,171,141,98,114,64,79,177,27,88,5,186,199,83,59,129,24,95,149,10,181,120,3,169,191,40,139];False
1360;7650;9010;[146,4,144,70,19,87,121,178,161,102,145,84,77,112,93,147,66,157,103,116,65,124,168,31,142,117,167,61,45,188,196,35,78,128,42,57,197,125,29,126,143,160,91,1,150,105,180,41,36,46,140,92,82,23,97,187,123,12,22,26,176,193,109,20,67,166,38,139,63,118,48,194,182,198,174,184,115,2,32,72,163,25,51,50,190,195,130,113,156,74,44,138,37,94,173,18,131,110,81,153,101,100,30,134,148,11,189,55,158,43,7,0,62,68,175,165,137,60,54,151,119,96,39,107,135,14,13,111,52,89,75,80,71,162,53,183,69,159,164,90,28,155,73,99,106,136,132,152,49,170,172,86,76,133,85,104,17,8,16,56,21,108,192,58,15,9,33,154,122,179,6,185,127,47,171,141,98,114,64,79,177,27,88,5,186,199,83,59,129,24,95,149,10,181,120,3,169,191,40,34];False
1357;7662;9019;[146,4,144,70,19,87,121,178,161,102,145,84,77,112,93,147,66,157,103,116,65,124,168,31,142,117,167,61,45,188,196,35,78,128,42,57,197,125,29,126,143,160,91,1,150,105,180,41,36,46,140,92,82,23,97,187,123,12,22,26,176,193,109,20,67,166,38,139,63,118,48,194,182,198,174,184,115,2,32,72,163,25,51,50,190,195,130,113,156,74,44,138,37,94,173,18,131,110,81,153,101,100,30,134,148,11,189,58,158,43,7,0,62,68,175,165,137,60,54,151,119,96,39,107,135,14,13,111,52,89,75,80,71,162,53,183,69,159,90,164,28,155,73,99,106,136,132,152,49,170,172,86,76,133,85,104,17,8,16,56,21,108,192,55,15,9,33,154,122,179,6,185,127,47,171,141,98,114,64,79,177,27,88,5,186,199,83,59,129,24,95,149,10,181,120,3,169,191,40,34];False
1359;7640;8999;[146,4,144,70,19,87,121,178,161,102,145,84,77,112,93,147,66,157,103,116,65,124,168,31,142,117,167,61,45,188,196,35,78,128,42,57,197,131,29,126,143,160,91,1,150,105,180,41,36,46,140,92,82,23,97,187,172,12,22,26,176,193,109,20,67,166,38,139,63,118,48,194,182,198,174,184,115,125,32,72,163,25,51,50,190,195,130,113,156,74,44,138,37,94,173,18,2,110,81,153,101,100,30,134,148,11,189,58,158,43,7,0,62,68,175,6,137,60,54,151,119,96,39,107,135,14,13,111,52,89,75,80,71,162,53,183,69,159,164,90,28,155,73,99,106,136,132,152,49,170,123,86,76,133,85,104,17,8,16,56,21,108,192,55,15,9,33,154,122,179,165,185,127,47,171,141,98,114,64,79,177,27,88,5,186,199,83,59,129,24,95,149,10,181,120,3,169,191,40,34];False
1345;7693;9038;[146,4,144,70,19,87,121,178,161,102,145,84,77,112,93,147,66,157,103,116,65,124,168,31,142,117,167,61,45,32,196,35,78,128,42,57,197,131,29,126,143,160,91,1,150,105,180,41,36,46,140,92,82,23,97,187,123,12,22,26,176,193,109,20,67,166,38,139,63,118,48,194,182,198,174,184,115,125,188,72,163,25,51,50,190,195,130,113,156,74,44,138,37,94,173,18,2,110,81,153,101,100,30,134,148,11,189,58,158,43,7,0,62,68,175,6,137,60,54,151,119,96,39,107,135,14,13,111,52,89,75,80,71,162,53,183,69,159,164,90,28,155,73,99,106,136,132,152,49,170,172,86,76,133,85,104,17,8,16,56,21,108,192,55,15,9,33,154,122,179,165,185,127,47,171,141,98,114,64,79,177,27,88,5,186,199,83,59,129,24,95,149,10,181,120,3,169,191,40,34];False
1376;7578;8954;[146,4,144,70,19,87,121,178,161,102,145,84,77,112,93,147,66,157,103,116,65,124,168,31,142,117,167,61,45,188,196,35,78,128,42,57,197,131,29,126,143,160,91,1,150,105,180,41,36,46,140,92,82,23,97,187,175,12,22,26,176,193,109,20,67,166,38,139,63,118,48,194,182,198,174,184,115,125,32,72,163,25,51,50,190,195,130,113,156,74,44,138,37,94,173,18,2,110,81,153,101,100,30,134,148,11,189,58,158,43,7,0,62,68,123,6,137,60,54,151,119,96,39,107,135,14,13,111,52,89,75,80,71,162,53,183,69,159,164,90,28,155,73,99,106,136,132,152,49,170,172,86,76,133,85,104,17,8,16,56,21,108,192,55,15,9,33,154,122,179,165,185,127,47,171,141,98,114,64,79,177,27,88,5,186,199,83,59,129,24,95,149,10,181,120,3,169,191,40,34];False
1358;7656;9014;[146,4,144,70,19,87,121,178,161,102,145,84,77,112,93,147,66,157,103,116,65,124,168,31,142,117,167,61,45,188,196,35,78,128,42,57,197,131,29,126,143,160,91,1,150,105,180,41,36,46,140,92,82,23,97,187,123,12,22,26,176,193,109,20,67,166,38,34,63,118,48,194,182,198,174,184,115,125,32,72,163,25,51,50,190,195,130,113,156,74,44,138,37,94,173,18,2,110,81,153,101,100,30,134,148,11,189,58,158,43,7,0,62,68,175,6,137,60,54,151,119,96,39,107,135,14,13,111,52,89,75,80,71,162,53,183,69,159,164,90,28,155,73,99,106,136,132,152,49,170,172,86,76,133,85,104,17,8,16,56,21,108,192,55,15,9,33,154,122,179,165,185,127,47,171,141,98,114,64,79,177,27,88,5,186,199,83,59,129,24,95,149,10,181,120,3,169,191,40,139];False
1338;7715;9053;[146,4,144,70,19,87,121,178,161,102,145,84,77,112,93,147,66,157,103,116,65,124,168,31,142,117,167,61,45,188,196,35,78,128,42,57,197,131,29,126,143,160,91,1,150,105,180,41,36,46,140,92,82,23,97,187,123,12,22,26,176,193,109,20,67,166,38,139,63,118,48,194,182,198,174,184,115,125,32,72,163,25,51,50,190,195,130,113,156,74,44,138,37,94,173,135,2,110,81,153,101,100,30,134,148,11,189,58,158,43,7,0,62,68,175,6,137,60,54,151,119,96,39,107,18,14,13,111,52,89,75,80,71,162,53,183,69,159,164,90,28,155,73,99,106,136,132,152,49,170,172,86,76,133,85,104,17,8,16,56,21,108,192,55,15,9,33,154,122,179,165,185,127,47,171,141,98,114,64,79,177,27,88,5,186,199,83,59,129,24,95,149,10,181,120,3,169,191,40,34];False
1347;7669;9016;[146,4,144,70,19,87,121,178,161,102,145,84,77,112,93,147,66,157,103,116,65,124,168,31,142,117,167,61,45,188,196,35,78,128,42,57,197,131,29,126,143,160,91,1,150,105,180,41,36,46,140,92,82,23,97,187,123,12,22,26,176,193,109,20,67,166,38,139,63,118,48,194,182,198,174,184,115,125,32,72,163,25,51,50,190,195,130,113,156,74,44,138,37,94,173,18,2,110,81,153,101,100,30,134,148,11,189,58,158,43,7,0,62,68,175,165,137,60,54,151,119,96,39,107,135,14,13,111,52,89,75,80,71,162,53,183,69,159,164,90,28,155,73,99,106,136,132,152,49,170,172,86,76,133,85,104,17,8,16,56,21,108,192,55,15,9,33,154,122,179,6,185,127,47,171,141,98,114,64,79,177,27,88,5,186,199,83,59,129,24,95,149,10,181,120,3,169,191,40,34];False
1380;7569;8949;[146,4,144,70,19,87,121,178,161,102,145,84,77,112,93,147,66,157,103,116,65,124,168,31,142,117,167,61,45,188,196,35,78,128,42,57,197,125,29,126,143,160,91,1,150,105,180,41,36,46,140,92,82,23,97,187,172,12,22,26,176,193,109,20,67,166,38,34,63,118,48,194,182,198,174,184,115,2,32,72,163,25,51,50,190,195,130,113,156,74,44,138,37,94,173,18,131,110,81,153,101,100,30,134,148,11,189,58,158,43,7,0,62,68,175,165,137,60,54,151,119,96,39,107,135,14,13,111,52,89,75,80,71,162,53,183,69,159,164,90,28,155,73,99,106,136,132,152,49,170,123,86,76,133,85,104,17,8,16,56,21,108,192,55,15,9,33,154,122,179,6,185,127,47,171,141,98,114,64,79,177,27,88,5,186,199,83,59,129,24,95,149,10,181,120,3,169,191,40,139];False
1356;7655;9011;[146,4,144,70,19,87,121,178,161,102,145,84,77,112,93,147,66,157,103,116,65,124,168,31,142,117,167,61,45,188,196,35,78,128,42,57,197,131,29,126,143,160,91,1,150,105,180,41,36,46,140,92,82,23,97,187,172,12,22,26,176,193,109,20,67,166,38,139,63,118,48,194,182,198,174,184,115,2,32,72,163,25,51,50,190,195,130,113,156,74,44,138,37,94,173,18,125,110,81,153,101,100,30,134,148,11,189,58,158,43,7,0,62,68,175,165,137,60,54,151,119,96,39,107,135,14,13,111,52,89,75,80,71,162,53,183,69,159,164,90,28,155,73,99,106,136,132,152,49,170,123,86,76,133,85,104,17,8,16,56,21,108,192,55,15,9,33,154,122,179,6,185,127,47,171,141,98,114,64,79,177,27,88,5,186,199,83,59,129,24,95,149,10,181,120,3,169,191,40,34];False
1358;7643;9001;[146,4,144,70,19,87,121,178,161,102,145,84,77,112,93,147,66,157,103,116,65,124,168,31,142,117,167,61,45,188,196,35,78,128,42,57,197,125,29,126,143,160,91,1,150,105,180,41,36,46,140,92,82,23,97,187,172,12,22,131,176,193,109,20,67,166,38,139,63,118,48,194,182,198,174,184,115,2,32,72,163,25,51,50,190,195,130,113,156,74,44,138,37,94,173,18,26,110,81,153,101,100,30,134,148,11,189,58,158,43,7,0,62,68,175,165,137,60,54,151,119,96,39,107,135,14,13,111,52,89,75,80,71,162,53,183,69,159,164,90,28,155,73,99,106,136,132,152,49,170,123,86,76,133,85,104,17,8,16,56,21,108,192,55,15,9,33,154,122,179,6,185,127,47,171,141,98,114,64,79,177,27,88,5,186,199,83,59,129,24,95,149,10,181,120,3,169,191,40,34];False
1370;7584;8954;[146,4,144,70,19,87,121,178,161,102,145,84,77,112,93,147,66,157,103,116,65,124,168,31,142,117,167,61,45,188,196,35,78,128,42,57,197,125,29,126,143,160,91,1,150,105,180,41,36,46,140,92,82,23,97,187,172,12,22,26,176,193,109,20,67,166,38,139,63,118,48,194,182,198,174,184,115,2,32,72,163,25,51,50,190,195,130,113,156,74,44,138,37,94,173,18,131,110,81,153,101,100,30,134,148,11,189,58,158,43,7,0,62,68,175,165,137,60,54,151,119,96,39,107,135,14,13,111,52,89,75,80,71,162,53,183,69,159,164,90,28,155,73,99,106,136,132,152,49,170,123,127,76,133,85,104,17,8,16,56,21,108,192,55,15,9,33,154,122,179,6,185,86,47,171,141,98,114,64,79,177,27,88,5,186,199,83,59,129,24,95,149,10,181,120,3,169,191,40,34];False
1354;7665;9019;[146,4,144,70,19,87,121,178,161,102,145,84,77,112,93,147,66,157,103,116,65,124,168,31,142,117,167,61,45,32,196,35,78,128,42,57,197,131,29,126,143,160,91,1,150,105,180,41,36,46,140,92,82,23,97,187,172,12,22,26,176,193,109,20,67,166,38,139,63,118,48,194,182,198,174,184,115,125,188,72,163,25,51,50,190,195,130,113,156,74,44,138,37,94,173,18,2,110,81,153,101,100,30,134,148,11,189,58,158,43,7,0,62,68,175,6,137,60,54,151,119,96,39,107,135,14,13,111,52,89,75,80,71,162,53,183,69,159,164,90,28,155,73,99,106,136,132,152,49,170,123,86,76,133,85,104,17,8,16,56,21,108,192,55,15,9,33,154,122,179,165,185,127,47,171,141,98,114,64,79,177,27,88,5,186,199,83,59,129,24,95,149,10,181,120,3,169,191,40,34];False
1356;7641;8997;[146,4,144,70,19,87,121,178,161,102,145,84,77,112,93,147,66,157,103,116,65,124,168,31,142,117,167,61,45,188,196,35,78,128,42,57,197,131,29,126,143,160,91,1,150,105,180,41,36,46,140,92,82,23,97,187,172,12,22,26,176,193,109,20,67,166,38,139,63,118,48,194,182,198,174,184,115,125,32,72,163,25,51,50,190,195,130,113,156,74,44,138,37,94,173,18,2,110,81,153,101,100,30,134,148,11,189,58,158,43,7,0,62,68,175,165,137,60,54,151,119,96,39,107,135,14,13,111,52,89,75,80,71,162,53,183,69,159,164,90,28,155,73,99,106,136,132,152,49,170,123,86,76,133,85,104,17,8,16,56,21,108,192,55,15,9,33,154,122,179,6,185,127,47,171,141,98,114,64,79,177,27,88,5,186,199,83,59,129,24,95,149,10,181,120,3,169,191,40,34];False
1336;7710;9046;[146,4,144,70,19,87,121,178,161,102,145,84,77,112,93,147,66,157,103,116,65,124,168,31,142,117,167,61,45,32,196,35,78,128,42,57,197,131,29,126,143,160,91,1,150,105,180,41,36,46,140,92,82,23,97,187,123,12,22,26,176,193,109,20,67,166,38,139,63,118,48,194,182,198,174,184,115,55,188,72,163,25,51,50,190,195,130,113,156,74,44,138,37,94,173,18,2,110,81,153,101,100,30,134,148,11,189,58,158,43,7,0,62,68,175,6,137,60,54,151,119,96,39,107,135,14,13,111,52,89,75,80,71,162,53,183,69,159,164,90,28,155,73,99,106,136,132,152,49,170,172,86,76,133,85,104,17,8,16,56,21,108,192,125,15,9,33,154,122,179,165,185,127,47,171,141,98,114,64,79,177,27,88,5,186,199,83,59,129,24,95,149,10,181,120,3,169,191,40,34];False
1333;7740;9073;[146,4,144,70,19,87,121,178,161,102,145,84,77,112,93,147,66,157,103,116,65,124,168,31,142,117,167,61,45,32,196,35,78,128,42,57,197,131,29,126,143,160,91,1,150,105,180,41,36,46,140,92,82,23,97,187,123,12,22,26,176,193,109,20,67,166,38,139,63,118,48,194,182,198,174,184,115,125,188,72,163,25,51,50,190,195,130,113,156,74,44,138,37,94,173,135,2,110,81,153,101,100,30,134,148,11,189,58,158,43,7,0,62,68,175,6,137,60,54,151,119,96,39,107,18,14,13,111,52,89,75,80,71,162,53,183,69,159,164,90,28,155,73,99,106,136,132,152,49,170,172,86,76,133,85,104,17,8,16,56,21,108,192,55,15,9,33,154,122,179,165,185,127,47,171,141,98,114,64,79,177,27,88,5,186,199,83,59,129,24,95,149,10,181,120,3,169,191,40,34];False
1342;7694;9036;[146,4,144,70,19,87,121,178,161,102,145,84,77,112,93,147,66,157,103,116,65,124,168,31,142,117,167,61,45,32,196,35,78,128,42,57,197,131,29,126,143,160,91,1,150,105,180,41,36,46,140,92,82,23,97,187,123,12,22,26,176,193,109,20,67,166,38,139,63,118,48,194,182,198,174,184,115,125,188,72,163,25,51,50,190,195,130,113,156,74,44,138,37,94,173,18,2,110,81,153,101,100,30,134,148,11,189,58,158,43,7,0,62,68,175,165,137,60,54,151,119,96,39,107,135,14,13,111,52,89,75,80,71,162,53,183,69,159,164,90,28,155,73,99,106,136,132,152,49,170,172,86,76,133,85,104,17,8,16,56,21,108,192,55,15,9,33,154,122,179,6,185,127,47,171,141,98,114,64,79,177,27,88,5,186,199,83,59,129,24,95,149,10,181,120,3,169,191,40,34];False
1384;7566;8950;[146,4,144,70,19,87,121,178,161,102,145,84,77,112,93,147,66,157,103,116,65,124,168,31,142,117,167,61,45,188,196,35,78,128,42,57,197,131,29,126,143,160,91,1,150,105,180,41,36,46,140,92,82,23,97,187,175,12,22,26,176,193,109,20,67,166,38,34,63,118,48,194,182,198,174,184,115,125,32,72,163,25,51,50,190,195,130,113,156,74,44,138,37,94,173,18,2,110,81,153,101,100,30,134,148,11,189,58,158,43,7,0,62,68,123,6,137,60,54,151,119,96,39,107,135,14,13,111,52,89,75,80,71,162,53,183,69,159,164,90,28,155,73,99,106,136,132,152,49,170,172,86,76,133,85,104,17,8,16,56,21,108,192,55,15,9,33,154,122,179,165,185,127,47,171,141,98,114,64,79,177,27,88,5,186,199,83,59,129,24,95,149,10,181,120,3,169,191,40,139];False
1355;7657;9012;[146,4,144,70,19,87,121,178,161,102,145,84,77,112,93,147,66,157,103,116,65,124,168,31,142,117,167,61,45,188,196,35,78,128,42,57,197,131,29,126,143,160,91,1,150,105,180,41,36,46,140,92,82,23,97,187,123,12,22,26,176,193,109,20,67,166,38,34,63,118,48,194,182,198,174,184,115,125,32,72,163,25,51,50,190,195,130,113,156,74,44,138,37,94,173,18,2,110,81,153,101,100,30,134,148,11,189,58,158,43,7,0,62,68,175,165,137,60,54,151,119,96,39,107,135,14,13,111,52,89,75,80,71,162,53,183,69,159,164,90,28,155,73,99,106,136,132,152,49,170,172,86,76,133,85,104,17,8,16,56,21,108,192,55,15,9,33,154,122,179,6,185,127,47,171,141,98,114,64,79,177,27,88,5,186,199,83,59,129,24,95,149,10,181,120,3,169,191,40,139];False
1335;7716;9051;[146,4,144,70,19,87,121,178,161,102,145,84,77,112,93,147,66,157,103,116,65,124,168,31,142,117,167,61,45,188,196,35,78,128,42,57,197,131,29,126,143,160,91,1,150,105,180,41,36,46,140,92,82,23,97,187,123,12,22,26,176,193,109,20,67,166,38,139,63,118,48,194,182,198,174,184,115,125,32,72,163,25,51,50,190,195,130,113,156,74,44,138,37,94,173,135,2,110,81,153,101,100,30,134,148,11,189,58,158,43,7,0,62,68,175,165,137,60,54,151,119,96,39,107,18,14,13,111,52,89,75,80,71,162,53,183,69,159,164,90,28,155,73,99,106,136,132,152,49,170,172,86,76,133,85,104,17,8,16,56,21,108,192,55,15,9,33,154,122,179,6,185,127,47,171,141,98,114,64,79,177,27,88,5,186,199,83,59,129,24,95,149,10,181,120,3,169,191,40,34];False
1378;7572;8950;[146,4,144,70,19,87,121,178,161,102,145,84,77,112,93,147,66,157,103,116,65,124,168,31,142,117,167,61,45,188,196,35,78,128,42,57,197,125,29,126,143,160,91,1,150,105,180,41,36,46,140,92,82,23,97,187,172,12,22,26,176,193,109,20,67,166,38,34,63,118,48,194,182,198,174,184,115,2,32,72,163,25,51,50,190,195,130,113,156,74,44,138,37,94,173,18,131,110,81,153,101,100,30,134,148,11,189,58,158,43,7,0,62,68,175,165,137,60,54,151,119,96,39,107,135,14,13,111,52,89,75,80,71,162,53,183,69,159,164,90,28,155,73,99,106,136,132,152,49,170,123,127,76,133,85,104,17,8,16,56,21,108,192,55,15,9,33,154,122,179,6,185,86,47,171,141,98,114,64,79,177,27,88,5,186,199,83,59,129,24,95,149,10,181,120,3,169,191,40,139];False
1354;7658;9012;[146,4,144,70,19,87,121,178,161,102,145,84,77,112,93,147,66,157,103,116,65,124,168,31,142,117,167,61,45,188,196,35,78,128,42,57,197,131,29,126,143,160,91,1,150,105,180,41,36,46,140,92,82,23,97,187,172,12,22,26,176,193,109,20,67,166,38,139,63,118,48,194,182,198,174,184,115,2,32,72,163,25,51,50,190,195,130,113,156,74,44,138,37,94,173,18,125,110,81,153,101,100,30,134,148,11,189,58,158,43,7,0,62,68,175,165,137,60,54,151,119,96,39,107,135,14,13,111,52,89,75,80,71,162,53,183,69,159,164,90,28,155,73,99,106,136,132,152,49,170,123,127,76,133,85,104,17,8,16,56,21,108,192,55,15,9,33,154,122,179,6,185,86,47,171,141,98,114,64,79,177,27,88,5,186,199,83,59,129,24,95,149,10,181,120,3,169,191,40,34];False
1389;7545;8934;[146,4,144,70,19,87,121,178,161,102,145,84,77,112,93,147,66,157,103,116,65,124,168,31,142,117,167,61,45,188,196,35,78,128,42,57,197,125,29,126,143,160,91,1,150,105,180,41,36,46,140,92,82,23,97,187,172,12,22,26,176,193,109,20,67,166,38,139,63,118,48,194,182,198,174,184,115,2,32,72,163,25,51,50,190,10,130,113,156,74,44,138,37,94,173,18,131,110,81,153,101,100,30,134,148,11,189,58,158,43,7,0,62,68,175,165,137,60,54,151,119,96,39,107,135,14,13,111,52,89,75,80,71,162,53,183,69,159,164,90,28,155,73,99,106,136,132,152,49,170,123,127,76,133,85,104,17,8,16,56,21,108,192,55,15,9,33,154,122,179,6,185,86,47,171,141,98,114,64,79,177,27,88,5,186,199,83,59,129,24,95,149,195,181,120,3,169,191,40,34];False
1351;7666;9017;[146,4,144,70,19,87,121,178,161,102,145,84,77,112,93,147,66,157,103,116,65,124,168,31,142,117,167,61,45,32,196,35,78,128,42,57,197,131,29,126,143,160,91,1,150,105,180,41,36,46,140,92,82,23,97,187,172,12,22,26,176,193,109,20,67,166,38,139,63,118,48,194,182,198,174,184,115,125,188,72,163,25,51,50,190,195,130,113,156,74,44,138,37,94,173,18,2,110,81,153,101,100,30,134,148,11,189,58,158,43,7,0,62,68,175,165,137,60,54,151,119,96,39,107,135,14,13,111,52,89,75,80,71,162,53,183,69,159,164,90,28,155,73,99,106,136,132,152,49,170,123,86,76,133,85,104,17,8,16,56,21,108,192,55,15,9,33,154,122,179,6,185,127,47,171,141,98,114,64,79,177,27,88,5,186,199,83,59,129,24,95,149,10,181,120,3,169,191,40,34];False
1344;7688;9032;[146,4,144,70,19,87,121,178,161,102,145,84,77,112,93,147,66,157,103,116,65,124,168,31,142,117,167,61,45,188,196,35,78,128,42,57,197,131,29,126,143,160,91,1,150,105,180,41,36,46,140,92,82,23,97,187,172,12,22,26,176,193,109,20,67,166,38,139,63,118,48,194,182,198,174,184,115,125,32,72,163,25,51,50,190,195,130,113,156,74,44,138,37,94,173,135,2,110,81,153,101,100,30,134,148,11,189,58,158,43,7,0,62,68,175,165,137,60,54,151,119,96,39,107,18,14,13,111,52,89,75,80,71,162,53,183,69,159,164,90,28,155,73,99,106,136,132,152,49,170,123,86,76,133,85,104,17,8,16,56,21,108,192,55,15,9,33,154,122,179,6,185,127,47,171,141,98,114,64,79,177,27,88,5,186,199,83,59,129,24,95,149,10,181,120,3,169,191,40,34];False
1354;7644;8998;[146,4,144,70,19,87,121,178,161,102,145,84,77,112,93,147,66,157,103,116,65,124,168,31,142,117,167,61,45,188,196,35,78,128,42,57,197,131,29,126,143,160,91,1,150,105,180,41,36,46,140,92,82,23,97,187,172,12,22,26,176,193,109,20,67,166,38,139,63,118,48,194,182,198,174,184,115,125,32,72,163,25,51,50,190,195,130,113,156,74,44,138,37,94,173,18,2,110,81,153,101,100,30,134,148,11,189,58,158,43,7,0,62,68,175,165,137,60,54,151,119,96,39,107,135,14,13,111,52,89,75,80,71,162,53,183,69,159,164,90,28,155,73,99,106,136,132,152,49,170,123,127,76,133,85,104,17,8,16,56,21,108,192,55,15,9,33,154,122,179,6,185,86,47,171,141,98,114,64,79,177,27,88,5,186,199,83,59,129,24,95,149,10,181,120,3,169,191,40,34];False
1362;7620;8982;[146,4,144,70,19,87,121,178,161,102,145,84,77,112,93,147,66,157,103,116,65,124,168,31,142,117,167,61,45,32,196,35,78,128,42,57,197,131,29,126,143,160,91,1,150,105,180,41,36,46,140,92,82,23,97,187,175,12,22,26,176,193,109,20,67,166,38,139,63,118,48,194,182,198,174,184,115,55,188,72,163,25,51,50,190,195,130,113,156,74,44,138,37,94,173,18,2,110,81,153,101,100,30,134,148,11,189,58,158,43,7,0,62,68,123,6,137,60,54,151,119,96,39,107,135,14,13,111,52,89,75,80,71,162,53,183,69,159,164,90,28,155,73,99,106,136,132,152,49,170,172,86,76,133,85,104,17,8,16,56,21,108,192,125,15,9,33,154,122,179,165,185,127,47,171,141,98,114,64,79,177,27,88,5,186,199,83,59,129,24,95,149,10,181,120,3,169,191,40,34];False
1345;7682;9027;[146,4,144,70,19,87,121,178,161,102,145,84,77,112,93,147,66,157,103,116,65,124,168,31,142,117,167,61,45,32,196,35,78,128,42,57,197,131,29,126,143,160,91,1,150,105,180,41,36,46,140,92,82,23,97,187,172,12,22,26,176,193,109,20,67,166,38,139,63,118,48,194,182,198,174,184,115,55,188,72,163,25,51,50,190,195,130,113,156,74,44,138,37,94,173,18,2,110,81,153,101,100,30,134,148,11,189,58,158,43,7,0,62,68,175,6,137,60,54,151,119,96,39,107,135,14,13,111,52,89,75,80,71,162,53,183,69,159,164,90,28,155,73,99,106,136,132,152,49,170,123,86,76,133,85,104,17,8,16,56,21,108,192,125,15,9,33,154,122,179,165,185,127,47,171,141,98,114,64,79,177,27,88,5,186,199,83,59,129,24,95,149,10,181,120,3,169,191,40,34];False
1324;7757;9081;[146,4,144,70,19,87,121,178,161,102,145,84,77,112,93,147,66,157,103,116,65,124,168,31,142,117,167,61,45,32,196,35,78,128,42,57,197,131,29,126,143,160,91,1,150,105,180,41,36,46,140,92,82,23,97,187,123,12,22,26,176,193,109,20,67,166,38,139,63,118,48,194,182,198,174,184,115,55,188,72,163,25,51,50,190,195,130,113,156,74,44,138,37,94,173,135,2,110,81,153,101,100,30,134,148,11,189,58,158,43,7,0,62,68,175,6,137,60,54,151,119,96,39,107,18,14,13,111,52,89,75,80,71,162,53,183,69,159,164,90,28,155,73,99,106,136,132,152,49,170,172,86,76,133,85,104,17,8,16,56,21,108,192,125,15,9,33,154,122,179,165,185,127,47,171,141,98,114,64,79,177,27,88,5,186,199,83,59,129,24,95,149,10,181,120,3,169,191,40,34];False
1333;7711;9044;[146,4,144,70,19,87,121,178,161,102,145,84,77,112,93,147,66,157,103,116,65,124,168,31,142,117,167,61,45,32,196,35,78,128,42,57,197,131,29,126,143,160,91,1,150,105,180,41,36,46,140,92,82,23,97,187,123,12,22,26,176,193,109,20,67,166,38,139,63,118,48,194,182,198,174,184,115,55,188,72,163,25,51,50,190,195,130,113,156,74,44,138,37,94,173,18,2,110,81,153,101,100,30,134,148,11,189,58,158,43,7,0,62,68,175,165,137,60,54,151,119,96,39,107,135,14,13,111,52,89,75,80,71,162,53,183,69,159,164,90,28,155,73,99,106,136,132,152,49,170,172,86,76,133,85,104,17,8,16,56,21,108,192,125,15,9,33,154,122,179,6,185,127,47,171,141,98,114,64,79,177,27,88,5,186,199,83,59,129,24,95,149,10,181,120,3,169,191,40,34];False
1330;7741;9071;[146,4,144,70,19,87,121,178,161,102,145,84,77,112,93,147,66,157,103,116,65,124,168,31,142,117,167,61,45,32,196,35,78,128,42,57,197,131,29,126,143,160,91,1,150,105,180,41,36,46,140,92,82,23,97,187,123,12,22,26,176,193,109,20,67,166,38,139,63,118,48,194,182,198,174,184,115,125,188,72,163,25,51,50,190,195,130,113,156,74,44,138,37,94,173,135,2,110,81,153,101,100,30,134,148,11,189,58,158,43,7,0,62,68,175,165,137,60,54,151,119,96,39,107,18,14,13,111,52,89,75,80,71,162,53,183,69,159,164,90,28,155,73,99,106,136,132,152,49,170,172,86,76,133,85,104,17,8,16,56,21,108,192,55,15,9,33,154,122,179,6,185,127,47,171,141,98,114,64,79,177,27,88,5,186,199,83,59,129,24,95,149,10,181,120,3,169,191,40,34];False
1342;7683;9025;[146,4,144,70,19,87,121,178,161,102,145,84,77,112,93,147,66,157,103,116,65,124,168,31,142,117,167,61,45,32,196,35,78,128,42,57,197,131,29,126,143,160,91,1,150,105,180,41,36,46,140,92,82,23,97,187,172,12,22,26,176,193,109,20,67,166,38,139,63,118,48,194,182,198,174,184,115,55,188,72,163,25,51,50,190,195,130,113,156,74,44,138,37,94,173,18,2,110,81,153,101,100,30,134,148,11,189,58,158,43,7,0,62,68,175,165,137,60,54,151,119,96,39,107,135,14,13,111,52,89,75,80,71,162,53,183,69,159,164,90,28,155,73,99,106,136,132,152,49,170,123,86,76,133,85,104,17,8,16,56,21,108,192,125,15,9,33,154,122,179,6,185,127,47,171,141,98,114,64,79,177,27,88,5,186,199,83,59,129,24,95,149,10,181,120,3,169,191,40,34];False
1350;7667;9017;[146,4,144,70,19,87,121,178,161,102,145,84,77,112,93,147,66,157,103,116,65,124,168,31,142,117,167,61,45,32,196,35,78,128,42,57,197,131,29,126,143,160,91,1,150,105,180,41,36,46,140,92,82,23,97,187,175,12,22,26,176,193,109,20,67,166,38,139,63,118,48,194,182,198,174,184,115,55,188,72,163,25,51,50,190,195,130,113,156,74,44,138,37,94,173,135,2,110,81,153,101,100,30,134,148,11,189,58,158,43,7,0,62,68,123,6,137,60,54,151,119,96,39,107,18,14,13,111,52,89,75,80,71,162,53,183,69,159,164,90,28,155,73,99,106,136,132,152,49,170,172,86,76,133,85,104,17,8,16,56,21,108,192,125,15,9,33,154,122,179,165,185,127,47,171,141,98,114,64,79,177,27,88,5,186,199,83,59,129,24,95,149,10,181,120,3,169,191,40,34];False
1322;7800;9122;[146,4,144,70,19,87,121,178,161,102,145,84,77,112,93,147,66,157,103,116,65,124,168,31,142,117,167,61,45,32,196,35,78,128,42,57,197,131,29,126,143,160,91,1,150,105,180,41,36,46,140,92,82,23,97,187,123,12,22,26,176,193,109,20,67,166,38,139,63,118,48,194,182,198,15,184,115,55,188,72,163,25,51,50,190,195,130,113,156,74,44,138,37,94,173,135,2,110,81,153,101,100,30,134,148,11,189,58,158,43,7,0,62,68,175,6,137,60,54,151,119,96,39,107,18,14,13,111,52,89,75,80,71,162,53,183,69,159,164,90,28,155,73,99,106,136,132,152,49,170,172,86,76,133,85,104,17,8,16,56,21,108,192,125,174,9,33,154,122,179,165,185,127,47,171,141,98,114,64,79,177,27,88,5,186,199,83,59,129,24,95,149,10,181,120,3,169,191,40,34];False
1323;7706;9029;[146,4,144,70,19,87,121,178,161,102,145,84,77,112,93,147,66,157,103,116,65,124,168,31,142,117,167,61,45,32,196,35,78,128,42,57,197,131,29,126,143,160,91,1,150,105,180,41,36,46,140,92,82,23,97,187,123,12,22,26,176,193,109,20,67,166,38,139,63,118,48,194,182,198,174,184,115,55,188,72,163,25,51,50,190,195,130,113,156,74,44,138,37,94,173,40,2,110,81,153,101,100,30,134,148,11,189,58,158,43,7,0,62,68,175,6,137,60,54,151,119,96,39,107,18,14,13,111,52,89,75,80,71,162,53,183,69,159,164,90,28,155,73,99,106,136,132,152,49,170,172,86,76,133,85,104,17,8,16,56,21,108,192,125,15,9,33,154,122,179,165,185,127,47,171,141,98,114,64,79,177,27,88,5,186,199,83,59,129,24,95,149,10,181,120,3,169,191,135,34];False
1340;7686;9026;[146,4,144,70,19,87,121,178,161,102,145,84,77,112,93,147,66,157,103,116,65,124,168,31,142,117,167,61,45,32,196,35,78,128,42,57,197,131,29,126,143,160,91,1,150,105,180,41,36,46,140,92,82,23,97,187,172,12,22,26,176,193,109,20,67,166,38,139,63,118,48,194,182,198,174,184,115,55,188,72,163,25,51,50,190,195,130,113,156,74,44,138,37,94,173,18,2,110,81,153,101,100,30,134,148,11,189,58,158,43,7,0,62,68,175,165,137,60,54,151,119,96,39,107,135,14,13,111,52,89,75,80,71,162,53,183,69,159,164,90,28,155,73,99,106,136,132,152,49,170,123,127,76,133,85,104,17,8,16,56,21,108,192,125,15,9,33,154,122,179,6,185,86,47,171,141,98,114,64,79,177,27,88,5,186,199,83,59,129,24,95,149,10,181,120,3,169,191,40,34];False
1349;7616;8965;[146,4,144,70,19,87,121,178,161,102,145,84,77,112,93,147,66,157,103,116,65,124,168,31,142,117,167,61,45,32,196,35,78,128,42,57,197,131,29,126,143,160,91,1,150,105,180,41,36,46,140,92,82,23,97,187,175,12,22,26,176,193,109,20,67,166,38,139,63,118,48,194,182,198,174,184,115,55,188,72,163,25,51,50,190,195,130,113,156,74,44,138,37,94,173,40,2,110,81,153,101,100,30,134,148,11,189,58,158,43,7,0,62,68,123,6,137,60,54,151,119,96,39,107,18,14,13,111,52,89,75,80,71,162,53,183,69,159,164,90,28,155,73,99,106,136,132,152,49,170,172,86,76,133,85,104,17,8,16,56,21,108,192,125,15,9,33,154,122,179,165,185,127,47,171,141,98,114,64,79,177,27,88,5,186,199,83,59,129,24,95,149,10,181,120,3,169,191,135,34];True
1321;7749;9070;[146,4,144,70,19,87,121,178,161,102,145,84,77,112,93,147,66,157,103,116,65,124,168,31,142,117,167,61,45,32,196,35,78,128,42,57,197,131,29,126,143,160,91,1,150,105,180,41,36,46,140,92,82,23,97,187,123,12,22,26,176,193,109,20,67,166,38,139,63,118,48,194,182,198,15,184,115,55,188,72,163,25,51,50,190,195,130,113,156,74,44,138,37,94,173,40,2,110,81,153,101,100,30,134,148,11,189,58,158,43,7,0,62,68,175,6,137,60,54,151,119,96,39,107,18,14,13,111,52,89,75,80,71,162,53,183,69,159,164,90,28,155,73,99,106,136,132,152,49,170,172,86,76,133,85,104,17,8,16,56,21,108,192,125,174,9,33,154,122,179,165,185,127,47,171,141,98,114,64,79,177,27,88,5,186,199,83,59,129,24,95,149,10,181,120,3,169,191,135,34];False
1342;7654;8996;[34,4,144,70,19,87,121,178,161,102,145,84,77,112,93,147,66,157,103,116,65,124,168,31,142,117,167,61,45,32,196,35,78,128,42,57,197,131,29,126,143,160,91,1,150,105,180,41,36,46,140,92,82,23,97,187,123,12,22,26,176,193,109,20,67,166,38,139,63,118,48,194,182,198,174,184,115,55,188,72,163,25,51,50,190,195,130,113,156,74,44,138,37,94,173,40,2,110,81,153,101,100,30,134,148,11,189,58,158,43,7,0,62,68,175,6,137,60,54,151,119,96,39,107,18,14,13,111,52,89,75,80,71,162,53,183,69,159,164,90,28,155,73,99,106,136,132,152,49,170,172,86,76,133,85,104,17,8,16,56,21,108,192,125,15,9,33,154,122,179,165,185,127,47,171,141,98,114,64,79,177,27,88,5,186,199,83,59,129,24,95,149,10,181,120,3,169,191,135,146];False
1336;7694;9030;[146,4,144,70,19,87,121,178,161,102,145,84,77,112,93,147,66,157,103,116,65,124,168,31,142,117,167,61,12,32,196,35,78,128,42,57,197,131,29,126,143,160,91,1,150,105,180,41,36,46,140,92,82,23,97,187,123,45,22,26,176,193,109,20,67,166,38,139,63,118,48,194,182,198,174,184,115,55,188,72,163,25,51,50,190,195,130,113,156,74,44,138,37,94,173,40,2,110,81,153,101,100,30,134,148,11,189,58,158,43,7,0,62,68,175,6,137,60,54,151,119,96,39,107,18,14,13,111,52,89,75,80,71,162,53,183,69,159,164,90,28,155,73,99,106,136,132,152,49,170,172,86,76,133,85,104,17,8,16,56,21,108,192,125,15,9,33,154,122,179,165,185,127,47,171,141,98,114,64,79,177,27,88,5,186,199,83,59,129,24,95,149,10,181,120,3,169,191,135,34];False
1319;7710;9029;[146,4,144,70,19,87,121,178,161,102,145,84,77,112,93,147,66,157,103,116,65,124,168,31,142,117,167,61,45,32,196,35,78,128,42,57,197,131,191,126,143,160,91,1,150,105,180,41,36,46,140,92,82,23,97,187,123,12,22,26,176,193,109,20,67,166,38,139,63,118,48,194,182,198,174,184,115,55,188,72,163,25,51,50,190,195,130,113,156,74,44,138,37,94,173,40,2,110,81,153,101,100,30,134,148,11,189,58,158,43,7,0,62,68,175,6,137,60,54,151,119,96,39,107,18,14,13,111,52,89,75,80,71,162,53,183,69,159,164,90,28,155,73,99,106,136,132,152,49,170,172,86,76,133,85,104,17,8,16,56,21,108,192,125,15,9,33,154,122,179,165,185,127,47,171,141,98,114,64,79,177,27,88,5,186,199,83,59,129,24,95,149,10,181,120,3,169,29,135,34];True
1339;7693;9032;[146,4,144,70,19,87,121,178,161,102,145,84,77,112,93,147,66,157,103,116,65,124,168,31,142,117,167,61,45,32,196,35,78,128,42,57,197,131,29,126,143,160,91,1,150,105,180,41,36,46,140,92,82,23,97,187,12,123,22,26,176,193,109,20,67,166,38,139,63,118,48,194,182,198,174,184,115,55,188,72,163,25,51,50,190,195,130,113,156,74,44,138,37,94,173,40,2,110,81,153,101,100,30,134,148,11,189,58,158,43,7,0,62,68,175,6,137,60,54,151,119,96,39,107,18,14,13,111,52,89,75,80,71,162,53,183,69,159,164,90,28,155,73,99,106,136,132,152,49,170,172,86,76,133,85,104,17,8,16,56,21,108,192,125,15,9,33,154,122,179,165,185,127,47,171,141,98,114,64,79,177,27,88,5,186,199,83,59,129,24,95,149,10,181,120,3,169,191,135,34];False
1332;7678;9010;[146,4,144,70,19,87,121,178,161,102,145,84,77,112,93,147,66,157,103,116,65,124,168,31,142,117,167,61,45,32,196,35,78,128,42,57,197,131,29,126,143,160,91,1,150,105,180,41,36,46,140,92,82,23,97,187,172,12,22,26,176,193,109,20,67,166,38,139,63,118,48,194,182,198,174,184,115,55,188,72,163,25,51,50,190,195,130,113,156,74,44,138,37,94,173,40,2,110,81,153,101,100,30,134,148,11,189,58,158,43,7,0,62,68,175,6,137,60,54,151,119,96,39,107,18,14,13,111,52,89,75,80,71,162,53,183,69,159,164,90,28,155,73,99,106,136,132,152,49,170,123,86,76,133,85,104,17,8,16,56,21,108,192,125,15,9,33,154,122,179,165,185,127,47,171,141,98,114,64,79,177,27,88,5,186,199,83,59,129,24,95,149,10,181,120,3,169,191,135,34];False
1320;7707;9027;[146,4,144,70,19,87,121,178,161,102,145,84,77,112,93,147,66,157,103,116,65,124,168,31,142,117,167,61,45,32,196,35,78,128,42,57,197,131,29,126,143,160,91,1,150,105,180,41,36,46,140,92,82,23,97,187,123,12,22,26,176,193,109,20,67,166,38,139,63,118,48,194,182,198,174,184,115,55,188,72,163,25,51,50,190,195,130,113,156,74,44,138,37,94,173,40,2,110,81,153,101,100,30,134,148,11,189,58,158,43,7,0,62,68,175,165,137,60,54,151,119,96,39,107,18,14,13,111,52,89,75,80,71,162,53,183,69,159,164,90,28,155,73,99,106,136,132,152,49,170,172,86,76,133,85,104,17,8,16,56,21,108,192,125,15,9,33,154,122,179,6,185,127,47,171,141,98,114,64,79,177,27,88,5,186,199,83,59,129,24,95,149,10,181,120,3,169,191,135,34];True
1317;7759;9076;[146,4,144,70,19,87,121,178,161,102,145,84,77,112,93,147,66,157,103,116,65,124,168,31,142,117,167,61,45,32,196,35,78,128,42,57,197,131,29,126,143,160,91,1,150,105,180,41,36,46,140,92,82,23,97,187,123,12,22,26,176,193,109,20,67,166,38,139,63,118,48,194,182,198,174,184,115,55,188,72,163,25,51,50,190,195,130,113,156,74,44,138,37,94,173,40,2,110,81,153,101,100,30,134,148,11,189,58,158,43,7,0,62,68,175,6,137,60,54,151,119,96,39,107,18,14,13,111,52,89,75,80,71,162,53,183,69,159,90,164,28,155,73,99,106,136,132,152,49,170,172,86,76,133,85,104,17,8,16,56,21,108,192,125,15,9,33,154,122,179,165,185,127,47,171,141,98,114,64,79,177,27,88,5,186,199,83,59,129,24,95,149,10,181,120,3,169,191,135,34];False
1368;7564;8932;[34,4,144,70,19,87,121,178,161,102,145,84,77,112,93,147,66,157,103,116,65,124,168,31,142,117,167,61,45,32,196,35,78,128,42,57,197,131,29,126,143,160,91,1,150,105,180,41,36,46,140,92,82,23,97,187,175,12,22,26,176,193,109,20,67,166,38,139,63,118,48,194,182,198,174,184,115,55,188,72,163,25,51,50,190,195,130,113,156,74,44,138,37,94,173,40,2,110,81,153,101,100,30,134,148,11,189,58,158,43,7,0,62,68,123,6,137,60,54,151,119,96,39,107,18,14,13,111,52,89,75,80,71,162,53,183,69,159,164,90,28,155,73,99,106,136,132,152,49,170,172,86,76,133,85,104,17,8,16,56,21,108,192,125,15,9,33,154,122,179,165,185,127,47,171,141,98,114,64,79,177,27,88,5,186,199,83,59,129,24,95,149,10,181,120,3,169,191,135,146];True
1345;7620;8965;[146,4,144,70,19,87,121,178,161,102,145,84,77,112,93,147,66,157,103,116,65,124,168,31,142,117,167,61,45,32,196,35,78,128,42,57,197,131,191,126,143,160,91,1,150,105,180,41,36,46,140,92,82,23,97,187,175,12,22,26,176,193,109,20,67,166,38,139,63,118,48,194,182,198,174,184,115,55,188,72,163,25,51,50,190,195,130,113,156,74,44,138,37,94,173,40,2,110,81,153,101,100,30,134,148,11,189,58,158,43,7,0,62,68,123,6,137,60,54,151,119,96,39,107,18,14,13,111,52,89,75,80,71,162,53,183,69,159,164,90,28,155,73,99,106,136,132,152,49,170,172,86,76,133,85,104,17,8,16,56,21,108,192,125,15,9,33,154,122,179,165,185,127,47,171,141,98,114,64,79,177,27,88,5,186,199,83,59,129,24,95,149,10,181,120,3,169,29,135,34];True
1358;7599;8957;[146,4,144,70,19,87,121,178,161,102,145,84,77,112,93,147,66,157,103,116,65,124,168,31,142,117,167,61,45,32,196,35,78,128,42,57,197,131,29,126,143,160,91,1,150,105,180,41,36,46,140,92,82,23,97,187,175,12,22,26,176,193,109,20,67,166,38,139,63,118,48,194,182,198,174,184,115,125,188,72,163,25,51,50,190,195,130,113,156,74,44,138,37,94,173,40,2,110,81,153,101,100,30,134,148,11,189,58,158,43,7,0,62,68,123,6,137,60,54,151,119,96,39,107,18,14,13,111,52,89,75,80,71,162,53,183,69,159,164,90,28,155,73,99,106,136,132,152,49,170,172,86,76,133,85,104,17,8,16,56,21,108,192,55,15,9,33,154,122,179,165,185,127,47,171,141,98,114,64,79,177,27,88,5,186,199,83,59,129,24,95,149,10,181,120,3,169,191,135,34];False
1338;7658;8996;[34,4,144,70,19,87,121,178,161,102,145,84,77,112,93,147,66,157,103,116,65,124,168,31,142,117,167,61,45,32,196,35,78,128,42,57,197,131,191,126,143,160,91,1,150,105,180,41,36,46,140,92,82,23,97,187,123,12,22,26,176,193,109,20,67,166,38,139,63,118,48,194,182,198,174,184,115,55,188,72,163,25,51,50,190,195,130,113,156,74,44,138,37,94,173,40,2,110,81,153,101,100,30,134,148,11,189,58,158,43,7,0,62,68,175,6,137,60,54,151,119,96,39,107,18,14,13,111,52,89,75,80,71,162,53,183,69,159,164,90,28,155,73,99,106,136,132,152,49,170,172,86,76,133,85,104,17,8,16,56,21,108,192,125,15,9,33,154,122,179,165,185,127,47,171,141,98,114,64,79,177,27,88,5,186,199,83,59,129,24,95,149,10,181,120,3,169,29,135,146];False
1339;7655;8994;[34,4,144,70,19,87,121,178,161,102,145,84,77,112,93,147,66,157,103,116,65,124,168,31,142,117,167,61,45,32,196,35,78,128,42,57,197,131,29,126,143,160,91,1,150,105,180,41,36,46,140,92,82,23,97,187,123,12,22,26,176,193,109,20,67,166,38,139,63,118,48,194,182,198,174,184,115,55,188,72,163,25,51,50,190,195,130,113,156,74,44,138,37,94,173,40,2,110,81,153,101,100,30,134,148,11,189,58,158,43,7,0,62,68,175,165,137,60,54,151,119,96,39,107,18,14,13,111,52,89,75,80,71,162,53,183,69,159,164,90,28,155,73,99,106,136,132,152,49,170,172,86,76,133,85,104,17,8,16,56,21,108,192,125,15,9,33,154,122,179,6,185,127,47,171,141,98,114,64,79,177,27,88,5,186,199,83,59,129,24,95,149,10,181,120,3,169,191,135,146];False
1328;7682;9010;[146,4,144,70,19,87,121,178,161,102,145,84,77,112,93,147,66,157,103,116,65,124,168,31,142,117,167,61,45,32,196,35,78,128,42,57,197,131,191,126,143,160,91,1,150,105,180,41,36,46,140,92,82,23,97,187,172,12,22,26,176,193,109,20,67,166,38,139,63,118,48,194,182,198,174,184,115,55,188,72,163,25,51,50,190,195,130,113,156,74,44,138,37,94,173,40,2,110,81,153,101,100,30,134,148,11,189,58,158,43,7,0,62,68,175,6,137,60,54,151,119,96,39,107,18,14,13,111,52,89,75,80,71,162,53,183,69,159,164,90,28,155,73,99,106,136,132,152,49,170,123,86,76,133,85,104,17,8,16,56,21,108,192,125,15,9,33,154,122,179,165,185,127,47,171,141,98,114,64,79,177,27,88,5,186,199,83,59,129,24,95,149,10,181,120,3,169,29,135,34];False
1317;7753;9070;[146,4,144,70,19,87,121,178,161,102,145,84,77,112,93,147,66,157,103,116,65,124,168,31,142,117,167,61,45,32,196,35,78,128,42,57,197,131,191,126,143,160,91,1,150,105,180,41,36,46,140,92,82,23,97,187,123,12,22,26,176,193,109,20,67,166,38,139,63,118,48,194,182,198,15,184,115,55,188,72,163,25,51,50,190,195,130,113,156,74,44,138,37,94,173,40,2,110,81,153,101,100,30,134,148,11,189,58,158,43,7,0,62,68,175,6,137,60,54,151,119,96,39,107,18,14,13,111,52,89,75,80,71,162,53,183,69,159,164,90,28,155,73,99,106,136,132,152,49,170,172,86,76,133,85,104,17,8,16,56,21,108,192,125,174,9,33,154,122,179,165,185,127,47,171,141,98,114,64,79,177,27,88,5,186,199,83,59,129,24,95,149,10,181,120,3,169,29,135,34];False
1316;7762;9078;[146,4,144,70,19,87,121,178,161,102,145,84,77,112,93,147,66,157,103,116,65,124,168,31,142,117,167,61,45,32,196,35,78,128,42,57,197,131,191,126,143,160,91,1,150,105,180,41,36,46,140,92,82,23,97,187,123,12,22,26,176,193,109,20,67,166,38,139,63,118,48,194,182,198,174,184,115,55,188,72,163,34,51,50,190,195,130,113,156,74,44,138,37,94,173,40,2,110,81,153,101,100,30,134,148,11,189,58,158,43,7,0,62,68,175,6,137,60,54,151,119,96,39,107,18,14,13,111,52,89,75,80,71,162,53,183,69,159,164,90,28,155,73,99,106,136,132,152,49,170,172,86,76,133,85,104,17,8,16,56,21,108,192,125,15,9,33,154,122,179,165,185,127,47,171,141,98,114,64,79,177,27,88,5,186,199,83,59,129,24,95,149,10,181,120,3,169,29,135,25];False
1316;7711;9027;[146,4,144,70,19,87,121,178,161,102,145,84,77,112,93,147,66,157,103,116,65,124,168,31,142,117,167,61,45,32,196,35,78,128,42,57,197,131,191,126,143,160,91,1,150,105,180,41,36,46,140,92,82,23,97,187,123,12,22,26,176,193,109,20,67,166,38,139,63,118,48,194,182,198,174,184,115,55,188,72,163,25,51,50,190,195,130,113,156,74,44,138,37,94,173,40,2,110,81,153,101,100,30,134,148,11,189,58,158,43,7,0,62,68,175,165,137,60,54,151,119,96,39,107,18,14,13,111,52,89,75,80,71,162,53,183,69,159,164,90,28,155,73,99,106,136,132,152,49,170,172,86,76,133,85,104,17,8,16,56,21,108,192,125,15,9,33,154,122,179,6,185,127,47,171,141,98,114,64,79,177,27,88,5,186,199,83,59,129,24,95,149,10,181,120,3,169,29,135,34];True
1313;7763;9076;[146,4,144,70,19,87,121,178,161,102,145,84,77,112,93,147,66,157,103,116,65,124,168,31,142,117,167,61,45,32,196,35,78,128,42,57,197,131,191,126,143,160,91,1,150,105,180,41,36,46,140,92,82,23,97,187,123,12,22,26,176,193,109,20,67,166,38,139,63,118,48,194,182,198,174,184,115,55,188,72,163,25,51,50,190,195,130,113,156,74,44,138,37,94,173,40,2,110,81,153,101,100,30,134,148,11,189,58,158,43,7,0,62,68,175,6,137,60,54,151,119,96,39,107,18,14,13,111,52,89,75,80,71,162,53,183,69,159,90,164,28,155,73,99,106,136,132,152,49,170,172,86,76,133,85,104,17,8,16,56,21,108,192,125,15,9,33,154,122,179,165,185,127,47,171,141,98,114,64,79,177,27,88,5,186,199,83,59,129,24,95,149,10,181,120,3,169,29,135,34];True
1329;7679;9008;[146,4,144,70,19,87,121,178,161,102,145,84,77,112,93,147,66,157,103,116,65,124,168,31,142,117,167,61,45,32,196,35,78,128,42,57,197,131,29,126,143,160,91,1,150,105,180,41,36,46,140,92,82,23,97,187,172,12,22,26,176,193,109,20,67,166,38,139,63,118,48,194,182,198,174,184,115,55,188,72,163,25,51,50,190,195,130,113,156,74,44,138,37,94,173,40,2,110,81,153,101,100,30,134,148,11,189,58,158,43,7,0,62,68,175,165,137,60,54,151,119,96,39,107,18,14,13,111,52,89,75,80,71,162,53,183,69,159,164,90,28,155,73,99,106,136,132,152,49,170,123,86,76,133,85,104,17,8,16,56,21,108,192,125,15,9,33,154,122,179,6,185,127,47,171,141,98,114,64,79,177,27,88,5,186,199,83,59,129,24,95,149,10,181,120,3,169,191,135,34];True
1314;7760;9074;[146,4,144,70,19,87,121,178,161,102,145,84,77,112,93,147,66,157,103,116,65,124,168,31,142,117,167,61,45,32,196,35,78,128,42,57,197,131,29,126,143,160,91,1,150,105,180,41,36,46,140,92,82,23,97,187,123,12,22,26,176,193,109,20,67,166,38,139,63,118,48,194,182,198,174,184,115,55,188,72,163,25,51,50,190,195,130,113,156,74,44,138,37,94,173,40,2,110,81,153,101,100,30,134,148,11,189,58,158,43,7,0,62,68,175,165,137,60,54,151,119,96,39,107,18,14,13,111,52,89,75,80,71,162,53,183,69,159,90,164,28,155,73,99,106,136,132,152,49,170,172,86,76,133,85,104,17,8,16,56,21,108,192,125,15,9,33,154,122,179,6,185,127,47,171,141,98,114,64,79,177,27,88,5,186,199,83,59,129,24,95,149,10,181,120,3,169,191,135,34];False
1364;7568;8932;[34,4,144,70,19,87,121,178,161,102,145,84,77,112,93,147,66,157,103,116,65,124,168,31,142,117,167,61,45,32,196,35,78,128,42,57,197,131,191,126,143,160,91,1,150,105,180,41,36,46,140,92,82,23,97,187,175,12,22,26,176,193,109,20,67,166,38,139,63,118,48,194,182,198,174,184,115,55,188,72,163,25,51,50,190,195,130,113,156,74,44,138,37,94,173,40,2,110,81,153,101,100,30,134,148,11,189,58,158,43,7,0,62,68,123,6,137,60,54,151,119,96,39,107,18,14,13,111,52,89,75,80,71,162,53,183,69,159,164,90,28,155,73,99,106,136,132,152,49,170,172,86,76,133,85,104,17,8,16,56,21,108,192,125,15,9,33,154,122,179,165,185,127,47,171,141,98,114,64,79,177,27,88,5,186,199,83,59,129,24,95,149,10,181,120,3,169,29,135,146];True
1386;7561;8947;[34,4,144,70,19,87,121,178,161,102,145,84,77,112,93,147,66,157,103,116,65,124,168,31,142,117,167,61,45,32,196,35,78,128,42,57,197,131,29,126,143,160,91,1,150,105,180,41,36,46,140,92,82,23,97,187,179,12,22,26,176,193,109,20,67,166,38,139,63,118,48,194,182,198,174,184,115,55,188,72,163,25,51,50,190,195,130,113,156,74,44,138,37,94,173,40,2,110,81,153,101,100,30,134,148,11,189,58,158,43,7,0,62,68,123,6,137,60,54,151,119,96,39,107,18,14,13,111,52,89,75,80,71,162,53,183,69,159,164,90,28,155,73,99,106,136,132,152,49,170,172,86,76,133,85,104,17,8,16,56,21,108,192,125,15,9,33,154,122,175,165,185,127,47,171,141,98,114,64,79,177,27,88,5,186,199,83,59,129,24,95,149,10,181,120,3,169,191,135,146];False
1377;7547;8924;[34,4,144,70,19,87,121,178,161,102,145,84,77,112,93,147,66,157,103,116,65,124,168,31,142,117,167,61,45,32,196,35,78,128,42,57,197,131,29,126,143,160,91,1,150,105,180,41,36,46,140,92,82,23,97,187,175,12,22,26,176,193,109,20,67,166,38,139,63,118,48,194,182,198,174,184,115,125,188,72,163,25,51,50,190,195,130,113,156,74,44,138,37,94,173,40,2,110,81,153,101,100,30,134,148,11,189,58,158,43,7,0,62,68,123,6,137,60,54,151,119,96,39,107,18,14,13,111,52,89,75,80,71,162,53,183,69,159,164,90,28,155,73,99,106,136,132,152,49,170,172,86,76,133,85,104,17,8,16,56,21,108,192,55,15,9,33,154,122,179,165,185,127,47,171,141,98,114,64,79,177,27,88,5,186,199,83,59,129,24,95,149,10,181,120,3,169,191,135,146];True
1387;7525;8912;[34,4,144,70,19,87,121,178,161,102,145,84,77,112,93,147,66,157,103,116,65,124,168,31,142,117,167,61,45,32,196,35,78,128,42,57,197,131,29,126,143,160,91,1,150,105,180,41,36,46,140,92,82,23,97,187,175,12,22,26,176,193,109,20,67,166,38,139,63,118,48,194,182,198,174,184,115,55,188,72,163,25,51,50,190,10,130,113,156,74,44,138,37,94,173,40,2,110,81,153,101,100,30,134,148,11,189,58,158,43,7,0,62,68,123,6,137,60,54,151,119,96,39,107,18,14,13,111,52,89,75,80,71,162,53,183,69,159,164,90,28,155,73,99,106,136,132,152,49,170,172,86,76,133,85,104,17,8,16,56,21,108,192,125,15,9,33,154,122,179,165,185,127,47,171,141,98,114,64,79,177,27,88,5,186,199,83,59,129,24,95,149,195,181,120,3,169,191,135,146];False
1354;7603;8957;[146,4,144,70,19,87,121,178,161,102,145,84,77,112,93,147,66,157,103,116,65,124,168,31,142,117,167,61,45,32,196,35,78,128,42,57,197,131,191,126,143,160,91,1,150,105,180,41,36,46,140,92,82,23,97,187,175,12,22,26,176,193,109,20,67,166,38,139,63,118,48,194,182,198,174,184,115,125,188,72,163,25,51,50,190,195,130,113,156,74,44,138,37,94,173,40,2,110,81,153,101,100,30,134,148,11,189,58,158,43,7,0,62,68,123,6,137,60,54,151,119,96,39,107,18,14,13,111,52,89,75,80,71,162,53,183,69,159,164,90,28,155,73,99,106,136,132,152,49,170,172,86,76,133,85,104,17,8,16,56,21,108,192,55,15,9,33,154,122,179,165,185,127,47,171,141,98,114,64,79,177,27,88,5,186,199,83,59,129,24,95,149,10,181,120,3,169,29,135,34];True
1363;7574;8937;[146,4,144,70,19,87,121,178,161,102,145,84,77,112,93,147,66,157,103,116,65,124,168,31,142,117,167,61,45,188,196,35,78,128,42,57,197,131,29,126,143,160,91,1,150,105,180,41,36,46,140,92,82,23,97,187,175,12,22,26,176,193,109,20,67,166,38,139,63,118,48,194,182,198,174,184,115,125,32,72,163,25,51,50,190,195,130,113,156,74,44,138,37,94,173,40,2,110,81,153,101,100,30,134,148,11,189,58,158,43,7,0,62,68,123,6,137,60,54,151,119,96,39,107,18,14,13,111,52,89,75,80,71,162,53,183,69,159,164,90,28,155,73,99,106,136,132,152,49,170,172,86,76,133,85,104,17,8,16,56,21,108,192,55,15,9,33,154,122,179,165,185,127,47,171,141,98,114,64,79,177,27,88,5,186,199,83,59,129,24,95,149,10,181,120,3,169,191,135,34];True
1335;7659;8994;[34,4,144,70,19,87,121,178,161,102,145,84,77,112,93,147,66,157,103,116,65,124,168,31,142,117,167,61,45,32,196,35,78,128,42,57,197,131,191,126,143,160,91,1,150,105,180,41,36,46,140,92,82,23,97,187,123,12,22,26,176,193,109,20,67,166,38,139,63,118,48,194,182,198,174,184,115,55,188,72,163,25,51,50,190,195,130,113,156,74,44,138,37,94,173,40,2,110,81,153,101,100,30,134,148,11,189,58,158,43,7,0,62,68,175,165,137,60,54,151,119,96,39,107,18,14,13,111,52,89,75,80,71,162,53,183,69,159,164,90,28,155,73,99,106,136,132,152,49,170,172,86,76,133,85,104,17,8,16,56,21,108,192,125,15,9,33,154,122,179,6,185,127,47,171,141,98,114,64,79,177,27,88,5,186,199,83,59,129,24,95,149,10,181,120,3,169,29,135,146];True
1325;7683;9008;[146,4,144,70,19,87,121,178,161,102,145,84,77,112,93,147,66,157,103,116,65,124,168,31,142,117,167,61,45,32,196,35,78,128,42,57,197,131,191,126,143,160,91,1,150,105,180,41,36,46,140,92,82,23,97,187,172,12,22,26,176,193,109,20,67,166,38,139,63,118,48,194,182,198,174,184,115,55,188,72,163,25,51,50,190,195,130,113,156,74,44,138,37,94,173,40,2,110,81,153,101,100,30,134,148,11,189,58,158,43,7,0,62,68,175,165,137,60,54,151,119,96,39,107,18,14,13,111,52,89,75,80,71,162,53,183,69,159,164,90,28,155,73,99,106,136,132,152,49,170,123,86,76,133,85,104,17,8,16,56,21,108,192,125,15,9,33,154,122,179,6,185,127,47,171,141,98,114,64,79,177,27,88,5,186,199,83,59,129,24,95,149,10,181,120,3,169,29,135,34];True
1314;7754;9068;[146,4,144,70,19,87,121,178,161,102,145,84,77,112,93,147,66,157,103,116,65,124,168,31,142,117,167,61,45,32,196,35,78,128,42,57,197,131,191,126,143,160,91,1,150,105,180,41,36,46,140,92,82,23,97,187,123,12,22,26,176,193,109,20,67,166,38,139,63,118,48,194,182,198,15,184,115,55,188,72,163,25,51,50,190,195,130,113,156,74,44,138,37,94,173,40,2,110,81,153,101,100,30,134,148,11,189,58,158,43,7,0,62,68,175,165,137,60,54,151,119,96,39,107,18,14,13,111,52,89,75,80,71,162,53,183,69,159,164,90,28,155,73,99,106,136,132,152,49,170,172,86,76,133,85,104,17,8,16,56,21,108,192,125,174,9,33,154,122,179,6,185,127,47,171,141,98,114,64,79,177,27,88,5,186,199,83,59,129,24,95,149,10,181,120,3,169,29,135,34];True
1310;7764;9074;[146,4,144,70,19,87,121,178,161,102,145,84,77,112,93,147,66,157,103,116,65,124,168,31,142,117,167,61,45,32,196,35,78,128,42,57,197,131,191,126,143,160,91,1,150,105,180,41,36,46,140,92,82,23,97,187,123,12,22,26,176,193,109,20,67,166,38,139,63,118,48,194,182,198,174,184,115,55,188,72,163,25,51,50,190,195,130,113,156,74,44,138,37,94,173,40,2,110,81,153,101,100,30,134,148,11,189,58,158,43,7,0,62,68,175,165,137,60,54,151,119,96,39,107,18,14,13,111,52,89,75,80,71,162,53,183,69,159,90,164,28,155,73,99,106,136,132,152,49,170,172,86,76,133,85,104,17,8,16,56,21,108,192,125,15,9,33,154,122,179,6,185,127,47,171,141,98,114,64,79,177,27,88,5,186,199,83,59,129,24,95,149,10,181,120,3,169,29,135,34];True
1327;7682;9009;[146,4,144,70,19,87,121,178,161,102,145,84,77,112,93,147,66,157,103,116,65,124,168,31,142,117,167,61,45,32,196,35,78,128,42,57,197,131,29,126,143,160,91,1,150,105,180,41,36,46,140,92,82,23,97,187,172,12,22,26,176,193,109,20,67,166,38,139,63,118,48,194,182,198,174,184,115,55,188,72,163,25,51,50,190,195,130,113,156,74,44,138,37,94,173,40,2,110,81,153,101,100,30,134,148,11,189,58,158,43,7,0,62,68,175,165,137,60,54,151,119,96,39,107,18,14,13,111,52,89,75,80,71,162,53,183,69,159,164,90,28,155,73,99,106,136,132,152,49,170,123,127,76,133,85,104,17,8,16,56,21,108,192,125,15,9,33,154,122,179,6,185,86,47,171,141,98,114,64,79,177,27,88,5,186,199,83,59,129,24,95,149,10,181,120,3,169,191,135,34];True
1373;7551;8924;[34,4,144,70,19,87,121,178,161,102,145,84,77,112,93,147,66,157,103,116,65,124,168,31,142,117,167,61,45,32,196,35,78,128,42,57,197,131,191,126,143,160,91,1,150,105,180,41,36,46,140,92,82,23,97,187,175,12,22,26,176,193,109,20,67,166,38,139,63,118,48,194,182,198,174,184,115,125,188,72,163,25,51,50,190,195,130,113,156,74,44,138,37,94,173,40,2,110,81,153,101,100,30,134,148,11,189,58,158,43,7,0,62,68,123,6,137,60,54,151,119,96,39,107,18,14,13,111,52,89,75,80,71,162,53,183,69,159,164,90,28,155,73,99,106,136,132,152,49,170,172,86,76,133,85,104,17,8,16,56,21,108,192,55,15,9,33,154,122,179,165,185,127,47,171,141,98,114,64,79,177,27,88,5,186,199,83,59,129,24,95,149,10,181,120,3,169,29,135,146];True
1383;7529;8912;[34,4,144,70,19,87,121,178,161,102,145,84,77,112,93,147,66,157,103,116,65,124,168,31,142,117,167,61,45,32,196,35,78,128,42,57,197,131,191,126,143,160,91,1,150,105,180,41,36,46,140,92,82,23,97,187,175,12,22,26,176,193,109,20,67,166,38,139,63,118,48,194,182,198,174,184,115,55,188,72,163,25,51,50,190,10,130,113,156,74,44,138,37,94,173,40,2,110,81,153,101,100,30,134,148,11,189,58,158,43,7,0,62,68,123,6,137,60,54,151,119,96,39,107,18,14,13,111,52,89,75,80,71,162,53,183,69,159,164,90,28,155,73,99,106,136,132,152,49,170,172,86,76,133,85,104,17,8,16,56,21,108,192,125,15,9,33,154,122,179,165,185,127,47,171,141,98,114,64,79,177,27,88,5,186,199,83,59,129,24,95,149,195,181,120,3,169,29,135,146];False
1382;7522;8904;[34,4,144,70,19,87,121,178,161,102,145,84,77,112,93,147,66,157,103,116,65,124,168,31,142,117,167,61,45,188,196,35,78,128,42,57,197,131,29,126,143,160,91,1,150,105,180,41,36,46,140,92,82,23,97,187,175,12,22,26,176,193,109,20,67,166,38,139,63,118,48,194,182,198,174,184,115,125,32,72,163,25,51,50,190,195,130,113,156,74,44,138,37,94,173,40,2,110,81,153,101,100,30,134,148,11,189,58,158,43,7,0,62,68,123,6,137,60,54,151,119,96,39,107,18,14,13,111,52,89,75,80,71,162,53,183,69,159,164,90,28,155,73,99,106,136,132,152,49,170,172,86,76,133,85,104,17,8,16,56,21,108,192,55,15,9,33,154,122,179,165,185,127,47,171,141,98,114,64,79,177,27,88,5,186,199,83,59,129,24,95,149,10,181,120,3,169,191,135,146];True
1396;7508;8904;[34,4,144,70,19,87,121,178,161,102,145,84,77,112,93,147,66,157,103,116,65,124,168,31,142,117,167,61,45,32,196,35,78,128,42,57,197,131,29,126,143,160,91,1,150,105,180,41,36,46,140,92,82,23,97,187,175,12,22,26,176,193,109,20,67,166,38,139,63,118,48,194,182,198,174,184,115,125,188,72,163,25,51,50,190,10,130,113,156,74,44,138,37,94,173,40,2,110,81,153,101,100,30,134,148,11,189,58,158,43,7,0,62,68,123,6,137,60,54,151,119,96,39,107,18,14,13,111,52,89,75,80,71,162,53,183,69,159,164,90,28,155,73,99,106,136,132,152,49,170,172,86,76,133,85,104,17,8,16,56,21,108,192,55,15,9,33,154,122,179,165,185,127,47,171,141,98,114,64,79,177,27,88,5,186,199,83,59,129,24,95,149,195,181,120,3,169,191,135,146];False
1359;7578;8937;[146,4,144,70,19,87,121,178,161,102,145,84,77,112,93,147,66,157,103,116,65,124,168,31,142,117,167,61,45,188,196,35,78,128,42,57,197,131,191,126,143,160,91,1,150,105,180,41,36,46,140,92,82,23,97,187,175,12,22,26,176,193,109,20,67,166,38,139,63,118,48,194,182,198,174,184,115,125,32,72,163,25,51,50,190,195,130,113,156,74,44,138,37,94,173,40,2,110,81,153,101,100,30,134,148,11,189,58,158,43,7,0,62,68,123,6,137,60,54,151,119,96,39,107,18,14,13,111,52,89,75,80,71,162,53,183,69,159,164,90,28,155,73,99,106,136,132,152,49,170,172,86,76,133,85,104,17,8,16,56,21,108,192,55,15,9,33,154,122,179,165,185,127,47,171,141,98,114,64,79,177,27,88,5,186,199,83,59,129,24,95,149,10,181,120,3,169,29,135,34];True
1344;7631;8975;[34,4,144,70,19,87,121,178,161,102,145,84,77,112,93,147,66,157,103,116,65,124,168,31,142,117,167,61,45,32,196,35,78,128,42,57,197,131,191,126,143,160,91,1,150,105,180,41,36,46,140,92,82,23,97,187,172,12,22,26,176,193,109,20,67,166,38,139,63,118,48,194,182,198,174,184,115,55,188,72,163,25,51,50,190,195,130,113,156,74,44,138,37,94,173,40,2,110,81,153,101,100,30,134,148,11,189,58,158,43,7,0,62,68,175,165,137,60,54,151,119,96,39,107,18,14,13,111,52,89,75,80,71,162,53,183,69,159,164,90,28,155,73,99,106,136,132,152,49,170,123,86,76,133,85,104,17,8,16,56,21,108,192,125,15,9,33,154,122,179,6,185,127,47,171,141,98,114,64,79,177,27,88,5,186,199,83,59,129,24,95,149,10,181,120,3,169,29,135,146];True
1334;7666;9000;[146,4,144,70,19,87,121,178,161,102,145,84,77,112,93,147,66,157,103,116,65,124,168,31,142,117,167,61,45,32,196,35,78,128,42,57,197,131,191,126,143,160,91,1,150,105,180,41,36,46,140,92,82,23,97,187,172,12,22,26,176,193,109,20,67,166,38,139,63,118,48,194,182,198,174,184,115,125,188,72,163,25,51,50,190,195,130,113,156,74,44,138,37,94,173,40,2,110,81,153,101,100,30,134,148,11,189,58,158,43,7,0,62,68,175,165,137,60,54,151,119,96,39,107,18,14,13,111,52,89,75,80,71,162,53,183,69,159,164,90,28,155,73,99,106,136,132,152,49,170,123,86,76,133,85,104,17,8,16,56,21,108,192,55,15,9,33,154,122,179,6,185,127,47,171,141,98,114,64,79,177,27,88,5,186,199,83,59,129,24,95,149,10,181,120,3,169,29,135,34];False
1323;7686;9009;[146,4,144,70,19,87,121,178,161,102,145,84,77,112,93,147,66,157,103,116,65,124,168,31,142,117,167,61,45,32,196,35,78,128,42,57,197,131,191,126,143,160,91,1,150,105,180,41,36,46,140,92,82,23,97,187,172,12,22,26,176,193,109,20,67,166,38,139,63,118,48,194,182,198,174,184,115,55,188,72,163,25,51,50,190,195,130,113,156,74,44,138,37,94,173,40,2,110,81,153,101,100,30,134,148,11,189,58,158,43,7,0,62,68,175,165,137,60,54,151,119,96,39,107,18,14,13,111,52,89,75,80,71,162,53,183,69,159,164,90,28,155,73,99,106,136,132,152,49,170,123,127,76,133,85,104,17,8,16,56,21,108,192,125,15,9,33,154,122,179,6,185,86,47,171,141,98,114,64,79,177,27,88,5,186,199,83,59,129,24,95,149,10,181,120,3,169,29,135,34];True
1308;7807;9115;[146,4,144,70,19,87,121,178,161,102,145,84,77,112,93,147,66,157,103,116,65,124,168,31,142,117,167,61,45,32,196,35,78,128,42,57,197,131,191,126,143,160,91,1,150,105,180,41,36,46,140,92,82,23,97,187,123,12,22,26,176,193,109,20,67,166,38,139,63,118,48,194,182,198,15,184,115,55,188,72,163,25,51,50,190,195,130,113,156,74,44,138,37,94,173,40,2,110,81,153,101,100,30,134,148,11,189,58,158,43,7,0,62,68,175,165,137,60,54,151,119,96,39,107,18,14,13,111,52,89,75,80,71,162,53,183,69,159,90,164,28,155,73,99,106,136,132,152,49,170,172,86,76,133,85,104,17,8,16,56,21,108,192,125,174,9,33,154,122,179,6,185,127,47,171,141,98,114,64,79,177,27,88,5,186,199,83,59,129,24,95,149,10,181,120,3,169,29,135,34];True
1307;7816;9123;[146,4,144,70,19,87,121,178,161,102,145,84,77,112,93,147,66,157,103,116,65,124,168,31,142,117,167,61,45,32,196,35,78,128,42,57,197,131,191,126,143,160,91,1,150,105,180,41,36,46,140,92,82,23,97,187,123,12,22,26,176,193,109,20,67,166,38,139,63,118,48,194,182,198,174,184,115,55,188,72,163,34,51,50,190,195,130,113,156,74,44,138,37,94,173,40,2,110,81,153,101,100,30,134,148,11,189,58,158,43,7,0,62,68,175,165,137,60,54,151,119,96,39,107,18,14,13,111,52,89,75,80,71,162,53,183,69,159,90,164,28,155,73,99,106,136,132,152,49,170,172,86,76,133,85,104,17,8,16,56,21,108,192,125,15,9,33,154,122,179,6,185,127,47,171,141,98,114,64,79,177,27,88,5,186,199,83,59,129,24,95,149,10,181,120,3,169,29,135,25];True
1378;7526;8904;[34,4,144,70,19,87,121,178,161,102,145,84,77,112,93,147,66,157,103,116,65,124,168,31,142,117,167,61,45,188,196,35,78,128,42,57,197,131,191,126,143,160,91,1,150,105,180,41,36,46,140,92,82,23,97,187,175,12,22,26,176,193,109,20,67,166,38,139,63,118,48,194,182,198,174,184,115,125,32,72,163,25,51,50,190,195,130,113,156,74,44,138,37,94,173,40,2,110,81,153,101,100,30,134,148,11,189,58,158,43,7,0,62,68,123,6,137,60,54,151,119,96,39,107,18,14,13,111,52,89,75,80,71,162,53,183,69,159,164,90,28,155,73,99,106,136,132,152,49,170,172,86,76,133,85,104,17,8,16,56,21,108,192,55,15,9,33,154,122,179,165,185,127,47,171,141,98,114,64,79,177,27,88,5,186,199,83,59,129,24,95,149,10,181,120,3,169,29,135,146];True
1392;7512;8904;[34,4,144,70,19,87,121,178,161,102,145,84,77,112,93,147,66,157,103,116,65,124,168,31,142,117,167,61,45,32,196,35,78,128,42,57,197,131,191,126,143,160,91,1,150,105,180,41,36,46,140,92,82,23,97,187,175,12,22,26,176,193,109,20,67,166,38,139,63,118,48,194,182,198,174,184,115,125,188,72,163,25,51,50,190,10,130,113,156,74,44,138,37,94,173,40,2,110,81,153,101,100,30,134,148,11,189,58,158,43,7,0,62,68,123,6,137,60,54,151,119,96,39,107,18,14,13,111,52,89,75,80,71,162,53,183,69,159,164,90,28,155,73,99,106,136,132,152,49,170,172,86,76,133,85,104,17,8,16,56,21,108,192,55,15,9,33,154,122,179,165,185,127,47,171,141,98,114,64,79,177,27,88,5,186,199,83,59,129,24,95,149,195,181,120,3,169,29,135,146];False
1401;7483;8884;[34,4,144,70,19,87,121,178,161,102,145,84,77,112,93,147,66,157,103,116,65,124,168,31,142,117,167,61,45,188,196,35,78,128,42,57,197,131,29,126,143,160,91,1,150,105,180,41,36,46,140,92,82,23,97,187,175,12,22,26,176,193,109,20,67,166,38,139,63,118,48,194,182,198,174,184,115,125,32,72,163,25,51,50,190,10,130,113,156,74,44,138,37,94,173,40,2,110,81,153,101,100,30,134,148,11,189,58,158,43,7,0,62,68,123,6,137,60,54,151,119,96,39,107,18,14,13,111,52,89,75,80,71,162,53,183,69,159,164,90,28,155,73,99,106,136,132,152,49,170,172,86,76,133,85,104,17,8,16,56,21,108,192,55,15,9,33,154,122,179,165,185,127,47,171,141,98,114,64,79,177,27,88,5,186,199,83,59,129,24,95,149,195,181,120,3,169,191,135,146];False
1402;7479;8881;[34,4,144,70,19,87,121,178,161,102,145,84,77,112,93,147,66,157,103,116,65,124,168,31,142,117,167,61,45,32,196,35,78,128,42,57,197,131,29,126,143,160,91,1,150,105,180,41,36,46,140,92,82,23,97,187,175,12,22,26,176,193,109,20,67,166,38,139,63,118,48,194,182,198,174,184,115,125,188,72,163,25,51,50,190,10,130,113,156,74,44,138,37,94,173,40,2,110,81,153,101,100,30,134,148,11,189,58,158,43,7,0,62,68,123,6,137,60,54,151,119,96,39,107,18,14,13,111,52,89,75,80,71,162,53,183,69,159,164,90,28,155,73,99,106,136,132,152,49,170,172,86,76,133,85,104,17,8,16,56,21,108,192,55,15,9,33,154,122,179,195,185,127,47,171,141,98,114,64,79,177,27,88,5,186,199,83,59,129,24,95,149,165,181,120,3,169,191,135,146];True
1333;7668;9001;[146,4,144,70,19,87,121,178,161,102,145,84,77,112,93,147,66,157,103,116,65,124,168,31,142,117,167,61,45,188,196,35,78,128,42,57,197,131,191,126,143,160,91,1,150,105,180,41,36,46,140,92,82,23,97,187,123,12,22,26,176,193,109,20,67,166,38,139,63,118,48,194,182,198,174,184,115,125,32,72,163,25,51,50,190,195,130,113,156,74,44,138,37,94,173,40,2,110,81,153,101,100,30,134,148,11,189,58,158,43,7,0,62,68,175,6,137,60,54,151,119,96,39,107,18,14,13,111,52,89,75,80,71,162,53,183,69,159,164,90,28,155,73,99,106,136,132,152,49,170,172,86,76,133,85,104,17,8,16,56,21,108,192,55,15,9,33,154,122,179,165,185,127,47,171,141,98,114,64,79,177,27,88,5,186,199,83,59,129,24,95,149,10,181,120,3,169,29,135,34];True
1353;7614;8967;[34,4,144,70,19,87,121,178,161,102,145,84,77,112,93,147,66,157,103,116,65,124,168,31,142,117,167,61,45,32,196,35,78,128,42,57,197,131,191,126,143,160,91,1,150,105,180,41,36,46,140,92,82,23,97,187,172,12,22,26,176,193,109,20,67,166,38,139,63,118,48,194,182,198,174,184,115,125,188,72,163,25,51,50,190,195,130,113,156,74,44,138,37,94,173,40,2,110,81,153,101,100,30,134,148,11,189,58,158,43,7,0,62,68,175,165,137,60,54,151,119,96,39,107,18,14,13,111,52,89,75,80,71,162,53,183,69,159,164,90,28,155,73,99,106,136,132,152,49,170,123,86,76,133,85,104,17,8,16,56,21,108,192,55,15,9,33,154,122,179,6,185,127,47,171,141,98,114,64,79,177,27,88,5,186,199,83,59,129,24,95,149,10,181,120,3,169,29,135,146];False
1342;7634;8976;[34,4,144,70,19,87,121,178,161,102,145,84,77,112,93,147,66,157,103,116,65,124,168,31,142,117,167,61,45,32,196,35,78,128,42,57,197,131,191,126,143,160,91,1,150,105,180,41,36,46,140,92,82,23,97,187,172,12,22,26,176,193,109,20,67,166,38,139,63,118,48,194,182,198,174,184,115,55,188,72,163,25,51,50,190,195,130,113,156,74,44,138,37,94,173,40,2,110,81,153,101,100,30,134,148,11,189,58,158,43,7,0,62,68,175,165,137,60,54,151,119,96,39,107,18,14,13,111,52,89,75,80,71,162,53,183,69,159,164,90,28,155,73,99,106,136,132,152,49,170,123,127,76,133,85,104,17,8,16,56,21,108,192,125,15,9,33,154,122,179,6,185,86,47,171,141,98,114,64,79,177,27,88,5,186,199,83,59,129,24,95,149,10,181,120,3,169,29,135,146];True
1339;7641;8980;[146,4,144,70,19,87,121,178,161,102,145,84,77,112,93,147,66,157,103,116,65,124,168,31,142,117,167,61,45,188,196,35,78,128,42,57,197,131,191,126,143,160,91,1,150,105,180,41,36,46,140,92,82,23,97,187,172,12,22,26,176,193,109,20,67,166,38,139,63,118,48,194,182,198,174,184,115,125,32,72,163,25,51,50,190,195,130,113,156,74,44,138,37,94,173,40,2,110,81,153,101,100,30,134,148,11,189,58,158,43,7,0,62,68,175,165,137,60,54,151,119,96,39,107,18,14,13,111,52,89,75,80,71,162,53,183,69,159,164,90,28,155,73,99,106,136,132,152,49,170,123,86,76,133,85,104,17,8,16,56,21,108,192,55,15,9,33,154,122,179,6,185,127,47,171,141,98,114,64,79,177,27,88,5,186,199,83,59,129,24,95,149,10,181,120,3,169,29,135,34];True
1332;7669;9001;[146,4,144,70,19,87,121,178,161,102,145,84,77,112,93,147,66,157,103,116,65,124,168,31,142,117,167,61,45,32,196,35,78,128,42,57,197,131,191,126,143,160,91,1,150,105,180,41,36,46,140,92,82,23,97,187,172,12,22,26,176,193,109,20,67,166,38,139,63,118,48,194,182,198,174,184,115,125,188,72,163,25,51,50,190,195,130,113,156,74,44,138,37,94,173,40,2,110,81,153,101,100,30,134,148,11,189,58,158,43,7,0,62,68,175,165,137,60,54,151,119,96,39,107,18,14,13,111,52,89,75,80,71,162,53,183,69,159,164,90,28,155,73,99,106,136,132,152,49,170,123,127,76,133,85,104,17,8,16,56,21,108,192,55,15,9,33,154,122,179,6,185,86,47,171,141,98,114,64,79,177,27,88,5,186,199,83,59,129,24,95,149,10,181,120,3,169,29,135,34];False
1305;7859;9164;[146,4,144,70,19,87,121,178,161,102,145,84,77,112,93,147,66,157,103,116,65,124,168,31,142,117,167,61,45,32,196,35,78,128,42,57,197,131,191,126,143,160,91,1,150,105,180,41,36,46,140,92,82,23,97,187,123,12,22,26,176,193,109,20,67,166,38,139,63,118,48,194,182,198,15,184,115,55,188,72,163,34,51,50,190,195,130,113,156,74,44,138,37,94,173,40,2,110,81,153,101,100,30,134,148,11,189,58,158,43,7,0,62,68,175,165,137,60,54,151,119,96,39,107,18,14,13,111,52,89,75,80,71,162,53,183,69,159,90,164,28,155,73,99,106,136,132,152,49,170,172,86,76,133,85,104,17,8,16,56,21,108,192,125,174,9,33,154,122,179,6,185,127,47,171,141,98,114,64,79,177,27,88,5,186,199,83,59,129,24,95,149,10,181,120,3,169,29,135,25];True
1397;7487;8884;[34,4,144,70,19,87,121,178,161,102,145,84,77,112,93,147,66,157,103,116,65,124,168,31,142,117,167,61,45,188,196,35,78,128,42,57,197,131,191,126,143,160,91,1,150,105,180,41,36,46,140,92,82,23,97,187,175,12,22,26,176,193,109,20,67,166,38,139,63,118,48,194,182,198,174,184,115,125,32,72,163,25,51,50,190,10,130,113,156,74,44,138,37,94,173,40,2,110,81,153,101,100,30,134,148,11,189,58,158,43,7,0,62,68,123,6,137,60,54,151,119,96,39,107,18,14,13,111,52,89,75,80,71,162,53,183,69,159,164,90,28,155,73,99,106,136,132,152,49,170,172,86,76,133,85,104,17,8,16,56,21,108,192,55,15,9,33,154,122,179,165,185,127,47,171,141,98,114,64,79,177,27,88,5,186,199,83,59,129,24,95,149,195,181,120,3,169,29,135,146];True
1398;7483;8881;[34,4,144,70,19,87,121,178,161,102,145,84,77,112,93,147,66,157,103,116,65,124,168,31,142,117,167,61,45,32,196,35,78,128,42,57,197,131,191,126,143,160,91,1,150,105,180,41,36,46,140,92,82,23,97,187,175,12,22,26,176,193,109,20,67,166,38,139,63,118,48,194,182,198,174,184,115,125,188,72,163,25,51,50,190,10,130,113,156,74,44,138,37,94,173,40,2,110,81,153,101,100,30,134,148,11,189,58,158,43,7,0,62,68,123,6,137,60,54,151,119,96,39,107,18,14,13,111,52,89,75,80,71,162,53,183,69,159,164,90,28,155,73,99,106,136,132,152,49,170,172,86,76,133,85,104,17,8,16,56,21,108,192,55,15,9,33,154,122,179,195,185,127,47,171,141,98,114,64,79,177,27,88,5,186,199,83,59,129,24,95,149,165,181,120,3,169,29,135,146];True
1407;7454;8861;[34,4,144,70,19,87,121,178,161,102,145,84,77,112,93,147,66,157,103,116,65,124,168,31,142,117,167,61,45,188,196,35,78,128,42,57,197,131,29,126,143,160,91,1,150,105,180,41,36,46,140,92,82,23,97,187,175,12,22,26,176,193,109,20,67,166,38,139,63,118,48,194,182,198,174,184,115,125,32,72,163,25,51,50,190,10,130,113,156,74,44,138,37,94,173,40,2,110,81,153,101,100,30,134,148,11,189,58,158,43,7,0,62,68,123,6,137,60,54,151,119,96,39,107,18,14,13,111,52,89,75,80,71,162,53,183,69,159,164,90,28,155,73,99,106,136,132,152,49,170,172,86,76,133,85,104,17,8,16,56,21,108,192,55,15,9,33,154,122,179,195,185,127,47,171,141,98,114,64,79,177,27,88,5,186,199,83,59,129,24,95,149,165,181,120,3,169,191,135,146];True
1393;7496;8889;[34,4,144,70,19,87,121,178,161,102,145,84,77,112,93,147,66,157,103,116,65,124,168,31,142,117,167,61,45,32,196,35,78,128,42,57,197,131,29,126,143,160,91,1,150,105,180,41,36,46,140,92,82,23,97,187,175,12,22,26,176,193,109,20,67,166,38,139,63,118,48,194,182,198,174,184,115,55,188,72,163,25,51,50,190,10,130,113,156,74,44,138,37,94,173,40,2,110,81,153,101,100,30,134,148,11,189,58,158,43,7,0,62,68,123,6,137,60,54,151,119,96,39,107,18,14,13,111,52,89,75,80,71,162,53,183,69,159,164,90,28,155,73,99,106,136,132,152,49,170,172,86,76,133,85,104,17,8,16,56,21,108,192,125,15,9,33,154,122,179,195,185,127,47,171,141,98,114,64,79,177,27,88,5,186,199,83,59,129,24,95,149,165,181,120,3,169,191,135,146];True
1330;7669;8999;[146,4,144,70,19,87,121,178,161,102,145,84,77,112,93,147,66,157,103,116,65,124,168,31,142,117,167,61,45,188,196,35,78,128,42,57,197,131,191,126,143,160,91,1,150,105,180,41,36,46,140,92,82,23,97,187,123,12,22,26,176,193,109,20,67,166,38,139,63,118,48,194,182,198,174,184,115,125,32,72,163,25,51,50,190,195,130,113,156,74,44,138,37,94,173,40,2,110,81,153,101,100,30,134,148,11,189,58,158,43,7,0,62,68,175,165,137,60,54,151,119,96,39,107,18,14,13,111,52,89,75,80,71,162,53,183,69,159,164,90,28,155,73,99,106,136,132,152,49,170,172,86,76,133,85,104,17,8,16,56,21,108,192,55,15,9,33,154,122,179,6,185,127,47,171,141,98,114,64,79,177,27,88,5,186,199,83,59,129,24,95,149,10,181,120,3,169,29,135,34];True
1358;7589;8947;[34,4,144,70,19,87,121,178,161,102,145,84,77,112,93,147,66,157,103,116,65,124,168,31,142,117,167,61,45,188,196,35,78,128,42,57,197,131,191,126,143,160,91,1,150,105,180,41,36,46,140,92,82,23,97,187,172,12,22,26,176,193,109,20,67,166,38,139,63,118,48,194,182,198,174,184,115,125,32,72,163,25,51,50,190,195,130,113,156,74,44,138,37,94,173,40,2,110,81,153,101,100,30,134,148,11,189,58,158,43,7,0,62,68,175,165,137,60,54,151,119,96,39,107,18,14,13,111,52,89,75,80,71,162,53,183,69,159,164,90,28,155,73,99,106,136,132,152,49,170,123,86,76,133,85,104,17,8,16,56,21,108,192,55,15,9,33,154,122,179,6,185,127,47,171,141,98,114,64,79,177,27,88,5,186,199,83,59,129,24,95,149,10,181,120,3,169,29,135,146];True
1337;7644;8981;[146,4,144,70,19,87,121,178,161,102,145,84,77,112,93,147,66,157,103,116,65,124,168,31,142,117,167,61,45,188,196,35,78,128,42,57,197,131,191,126,143,160,91,1,150,105,180,41,36,46,140,92,82,23,97,187,172,12,22,26,176,193,109,20,67,166,38,139,63,118,48,194,182,198,174,184,115,125,32,72,163,25,51,50,190,195,130,113,156,74,44,138,37,94,173,40,2,110,81,153,101,100,30,134,148,11,189,58,158,43,7,0,62,68,175,165,137,60,54,151,119,96,39,107,18,14,13,111,52,89,75,80,71,162,53,183,69,159,164,90,28,155,73,99,106,136,132,152,49,170,123,127,76,133,85,104,17,8,16,56,21,108,192,55,15,9,33,154,122,179,6,185,86,47,171,141,98,114,64,79,177,27,88,5,186,199,83,59,129,24,95,149,10,181,120,3,169,29,135,34];True
1403;7458;8861;[34,4,144,70,19,87,121,178,161,102,145,84,77,112,93,147,66,157,103,116,65,124,168,31,142,117,167,61,45,188,196,35,78,128,42,57,197,131,191,126,143,160,91,1,150,105,180,41,36,46,140,92,82,23,97,187,175,12,22,26,176,193,109,20,67,166,38,139,63,118,48,194,182,198,174,184,115,125,32,72,163,25,51,50,190,10,130,113,156,74,44,138,37,94,173,40,2,110,81,153,101,100,30,134,148,11,189,58,158,43,7,0,62,68,123,6,137,60,54,151,119,96,39,107,18,14,13,111,52,89,75,80,71,162,53,183,69,159,164,90,28,155,73,99,106,136,132,152,49,170,172,86,76,133,85,104,17,8,16,56,21,108,192,55,15,9,33,154,122,179,195,185,127,47,171,141,98,114,64,79,177,27,88,5,186,199,83,59,129,24,95,149,165,181,120,3,169,29,135,146];True
1389;7500;8889;[34,4,144,70,19,87,121,178,161,102,145,84,77,112,93,147,66,157,103,116,65,124,168,31,142,117,167,61,45,32,196,35,78,128,42,57,197,131,191,126,143,160,91,1,150,105,180,41,36,46,140,92,82,23,97,187,175,12,22,26,176,193,109,20,67,166,38,139,63,118,48,194,182,198,174,184,115,55,188,72,163,25,51,50,190,10,130,113,156,74,44,138,37,94,173,40,2,110,81,153,101,100,30,134,148,11,189,58,158,43,7,0,62,68,123,6,137,60,54,151,119,96,39,107,18,14,13,111,52,89,75,80,71,162,53,183,69,159,164,90,28,155,73,99,106,136,132,152,49,170,172,86,76,133,85,104,17,8,16,56,21,108,192,125,15,9,33,154,122,179,195,185,127,47,171,141,98,114,64,79,177,27,88,5,186,199,83,59,129,24,95,149,165,181,120,3,169,29,135,146];True
1388;7506;8894;[146,4,144,70,19,87,121,178,161,102,145,84,77,112,93,147,66,157,103,116,65,124,168,31,142,117,167,61,45,188,196,35,78,128,42,57,197,131,29,126,143,160,91,1,150,105,180,41,36,46,140,92,82,23,97,187,175,12,22,26,176,193,109,20,67,166,38,139,63,118,48,194,182,198,174,184,115,125,32,72,163,25,51,50,190,10,130,113,156,74,44,138,37,94,173,40,2,110,81,153,101,100,30,134,148,11,189,58,158,43,7,0,62,68,123,6,137,60,54,151,119,96,39,107,18,14,13,111,52,89,75,80,71,162,53,183,69,159,164,90,28,155,73,99,106,136,132,152,49,170,172,86,76,133,85,104,17,8,16,56,21,108,192,55,15,9,33,154,122,179,195,185,127,47,171,141,98,114,64,79,177,27,88,5,186,199,83,59,129,24,95,149,165,181,120,3,169,191,135,34];True
1432;7436;8868;[34,4,144,70,19,87,121,178,161,102,145,84,77,112,93,147,66,157,103,116,65,124,168,31,142,117,167,61,45,188,196,35,78,128,42,57,197,131,29,126,143,160,91,1,150,105,180,41,36,46,140,92,82,23,189,187,175,12,22,26,176,193,109,20,67,166,38,139,63,118,48,194,182,198,174,184,115,125,32,72,163,25,51,50,190,10,130,113,156,74,44,138,37,94,173,40,2,110,81,153,101,100,30,134,148,11,97,58,158,43,7,0,62,68,123,6,137,60,54,151,119,96,39,107,18,14,13,111,52,89,75,80,71,162,53,183,69,159,164,90,28,155,73,99,106,136,132,152,49,170,172,86,76,133,85,104,17,8,16,56,21,108,192,55,15,9,33,154,122,179,195,185,127,47,171,141,98,114,64,79,177,27,88,5,186,199,83,59,129,24,95,149,165,181,120,3,169,191,135,146];True
1374;7548;8922;[146,4,144,70,19,87,121,178,161,102,145,84,77,112,93,147,66,157,103,116,65,124,168,31,142,117,167,61,45,32,196,35,78,128,42,57,197,131,29,126,143,160,91,1,150,105,180,41,36,46,140,92,82,23,97,187,175,12,22,26,176,193,109,20,67,166,38,139,63,118,48,194,182,198,174,184,115,55,188,72,163,25,51,50,190,10,130,113,156,74,44,138,37,94,173,40,2,110,81,153,101,100,30,134,148,11,189,58,158,43,7,0,62,68,123,6,137,60,54,151,119,96,39,107,18,14,13,111,52,89,75,80,71,162,53,183,69,159,164,90,28,155,73,99,106,136,132,152,49,170,172,86,76,133,85,104,17,8,16,56,21,108,192,125,15,9,33,154,122,179,195,185,127,47,171,141,98,114,64,79,177,27,88,5,186,199,83,59,129,24,95,149,165,181,120,3,169,191,135,34];True
1334;7665;8999;[146,4,144,70,19,87,121,178,161,102,145,84,77,112,93,147,66,157,103,116,65,124,168,31,142,117,167,61,45,188,196,35,78,128,42,57,197,131,29,126,143,160,91,1,150,105,180,41,36,46,140,92,82,23,97,187,123,12,22,26,176,193,109,20,67,166,38,139,63,118,48,194,182,198,174,184,115,125,32,72,163,25,51,50,190,195,130,113,156,74,44,138,37,94,173,40,2,110,81,153,101,100,30,134,148,11,189,58,158,43,7,0,62,68,175,165,137,60,54,151,119,96,39,107,18,14,13,111,52,89,75,80,71,162,53,183,69,159,164,90,28,155,73,99,106,136,132,152,49,170,172,86,76,133,85,104,17,8,16,56,21,108,192,55,15,9,33,154,122,179,6,185,127,47,171,141,98,114,64,79,177,27,88,5,186,199,83,59,129,24,95,149,10,181,120,3,169,191,135,34];True
1356;7592;8948;[34,4,144,70,19,87,121,178,161,102,145,84,77,112,93,147,66,157,103,116,65,124,168,31,142,117,167,61,45,188,196,35,78,128,42,57,197,131,191,126,143,160,91,1,150,105,180,41,36,46,140,92,82,23,97,187,172,12,22,26,176,193,109,20,67,166,38,139,63,118,48,194,182,198,174,184,115,125,32,72,163,25,51,50,190,195,130,113,156,74,44,138,37,94,173,40,2,110,81,153,101,100,30,134,148,11,189,58,158,43,7,0,62,68,175,165,137,60,54,151,119,96,39,107,18,14,13,111,52,89,75,80,71,162,53,183,69,159,164,90,28,155,73,99,106,136,132,152,49,170,123,127,76,133,85,104,17,8,16,56,21,108,192,55,15,9,33,154,122,179,6,185,86,47,171,141,98,114,64,79,177,27,88,5,186,199,83,59,129,24,95,149,10,181,120,3,169,29,135,146];True
1341;7640;8981;[146,4,144,70,19,87,121,178,161,102,145,84,77,112,93,147,66,157,103,116,65,124,168,31,142,117,167,61,45,188,196,35,78,128,42,57,197,131,29,126,143,160,91,1,150,105,180,41,36,46,140,92,82,23,97,187,172,12,22,26,176,193,109,20,67,166,38,139,63,118,48,194,182,198,174,184,115,125,32,72,163,25,51,50,190,195,130,113,156,74,44,138,37,94,173,40,2,110,81,153,101,100,30,134,148,11,189,58,158,43,7,0,62,68,175,165,137,60,54,151,119,96,39,107,18,14,13,111,52,89,75,80,71,162,53,183,69,159,164,90,28,155,73,99,106,136,132,152,49,170,123,127,76,133,85,104,17,8,16,56,21,108,192,55,15,9,33,154,122,179,6,185,86,47,171,141,98,114,64,79,177,27,88,5,186,199,83,59,129,24,95,149,10,181,120,3,169,191,135,34];True
1384;7510;8894;[146,4,144,70,19,87,121,178,161,102,145,84,77,112,93,147,66,157,103,116,65,124,168,31,142,117,167,61,45,188,196,35,78,128,42,57,197,131,191,126,143,160,91,1,150,105,180,41,36,46,140,92,82,23,97,187,175,12,22,26,176,193,109,20,67,166,38,139,63,118,48,194,182,198,174,184,115,125,32,72,163,25,51,50,190,10,130,113,156,74,44,138,37,94,173,40,2,110,81,153,101,100,30,134,148,11,189,58,158,43,7,0,62,68,123,6,137,60,54,151,119,96,39,107,18,14,13,111,52,89,75,80,71,162,53,183,69,159,164,90,28,155,73,99,106,136,132,152,49,170,172,86,76,133,85,104,17,8,16,56,21,108,192,55,15,9,33,154,122,179,195,185,127,47,171,141,98,114,64,79,177,27,88,5,186,199,83,59,129,24,95,149,165,181,120,3,169,29,135,34];True
1370;7552;8922;[146,4,144,70,19,87,121,178,161,102,145,84,77,112,93,147,66,157,103,116,65,124,168,31,142,117,167,61,45,32,196,35,78,128,42,57,197,131,191,126,143,160,91,1,150,105,180,41,36,46,140,92,82,23,97,187,175,12,22,26,176,193,109,20,67,166,38,139,63,118,48,194,182,198,174,184,115,55,188,72,163,25,51,50,190,10,130,113,156,74,44,138,37,94,173,40,2,110,81,153,101,100,30,134,148,11,189,58,158,43,7,0,62,68,123,6,137,60,54,151,119,96,39,107,18,14,13,111,52,89,75,80,71,162,53,183,69,159,164,90,28,155,73,99,106,136,132,152,49,170,172,86,76,133,85,104,17,8,16,56,21,108,192,125,15,9,33,154,122,179,195,185,127,47,171,141,98,114,64,79,177,27,88,5,186,199,83,59,129,24,95,149,165,181,120,3,169,29,135,34];True
1353;7613;8966;[34,4,144,70,19,87,121,178,161,102,145,84,77,112,93,147,66,157,103,116,65,124,168,31,142,117,167,61,45,188,196,35,78,128,42,57,197,131,29,126,143,160,91,1,150,105,180,41,36,46,140,92,82,23,97,187,123,12,22,26,176,193,109,20,67,166,38,139,63,118,48,194,182,198,174,184,115,125,32,72,163,25,51,50,190,195,130,113,156,74,44,138,37,94,173,40,2,110,81,153,101,100,30,134,148,11,189,58,158,43,7,0,62,68,175,165,137,60,54,151,119,96,39,107,18,14,13,111,52,89,75,80,71,162,53,183,69,159,164,90,28,155,73,99,106,136,132,152,49,170,172,86,76,133,85,104,17,8,16,56,21,108,192,55,15,9,33,154,122,179,6,185,127,47,171,141,98,114,64,79,177,27,88,5,186,199,83,59,129,24,95,149,10,181,120,3,169,191,135,146];True
1531;7298;8829;[34,4,144,70,19,87,121,178,101,161,182,84,77,112,93,147,66,157,103,116,65,124,168,31,142,117,167,61,45,188,196,35,78,128,42,57,197,125,145,126,143,160,91,1,150,105,180,41,36,46,140,92,82,23,189,47,175,12,22,26,176,193,109,20,67,166,38,139,63,118,48,194,29,198,174,184,115,2,32,72,163,25,51,50,190,10,130,113,156,74,44,138,37,94,173,18,131,110,81,153,102,100,30,134,148,11,97,58,158,43,7,0,62,68,123,6,137,60,54,151,119,187,39,107,55,14,13,111,52,89,75,80,71,162,53,183,69,159,164,90,28,155,73,99,106,136,132,152,49,170,172,86,76,133,85,104,17,8,16,56,21,108,192,40,15,9,33,154,122,179,195,185,127,96,171,141,98,114,64,79,177,27,88,5,186,199,83,59,129,24,95,149,165,181,120,3,169,191,135,146];True
