utilA;utilB;utilSum;contract;pareto
1544;7481;9025;[34,195,129,70,19,87,121,178,127,132,130,84,77,112,93,147,66,157,103,105,74,188,144,184,142,117,57,61,45,138,41,49,78,128,42,101,197,168,145,126,35,160,91,1,33,124,180,196,36,46,140,92,82,23,189,81,0,85,22,26,176,193,109,20,170,166,38,139,63,118,48,194,182,198,174,9,143,67,32,72,163,25,51,50,190,10,165,113,156,71,44,65,37,94,173,18,131,119,11,59,80,100,30,134,148,4,97,58,158,43,7,136,181,68,123,6,149,60,54,151,110,187,39,107,55,14,13,172,12,89,75,125,15,135,53,183,69,159,164,90,28,155,73,99,106,95,115,152,2,161,102,86,133,76,122,116,17,8,16,56,21,108,192,40,104,31,29,154,52,179,27,185,111,96,171,141,98,114,64,79,177,47,88,5,186,199,83,153,150,24,167,137,175,62,120,3,169,191,162,146];False
1554;7466;9020;[34,4,129,70,19,87,121,178,127,132,130,84,77,112,93,147,66,157,103,105,74,188,144,184,142,117,57,61,45,138,41,49,78,128,42,101,197,168,145,126,35,160,91,1,33,124,180,196,36,46,140,92,82,23,189,81,0,85,22,26,176,193,109,20,170,166,38,139,63,118,48,194,182,198,15,9,143,67,32,72,163,25,51,50,190,10,165,113,156,71,44,65,37,94,173,18,131,119,11,59,80,100,30,134,148,195,97,58,158,43,7,136,181,68,123,6,149,60,54,151,110,187,39,107,55,14,13,172,12,89,75,125,174,135,53,183,69,159,164,90,28,155,73,99,106,95,115,152,2,161,102,86,133,76,122,116,17,8,16,56,21,108,192,40,104,31,29,154,52,179,27,185,111,96,171,141,98,114,64,79,177,47,88,5,186,199,83,153,150,24,167,137,175,62,120,3,169,191,162,146];False
1549;7471;9020;[34,4,129,70,19,87,121,178,127,132,130,84,77,112,93,147,66,157,103,105,74,188,144,184,142,117,57,61,45,138,41,49,78,128,42,101,197,168,145,126,35,160,91,1,33,124,180,196,36,46,140,92,82,23,189,81,0,85,22,26,176,193,109,20,170,166,38,139,63,118,48,194,182,198,174,9,143,67,32,72,163,25,51,50,190,10,165,113,156,71,44,65,37,94,173,18,131,119,11,59,80,100,30,134,148,195,97,58,158,43,7,136,181,68,123,6,149,60,54,151,110,187,39,107,55,14,13,172,12,89,75,125,15,108,53,183,69,159,164,90,28,155,73,99,106,95,115,152,2,161,102,86,133,76,122,116,17,8,16,56,21,135,192,40,104,31,29,154,52,179,27,185,111,96,171,141,98,114,64,79,177,47,88,5,186,199,83,153,150,24,167,137,175,62,120,3,169,191,162,146];False
1539;7486;9025;[34,195,129,70,19,87,121,178,127,132,130,84,77,112,93,147,66,157,103,105,74,188,144,184,142,117,57,61,45,65,41,49,78,128,42,101,197,168,145,126,35,160,91,1,33,124,180,196,36,46,140,92,82,23,189,81,0,85,22,26,176,193,109,20,170,166,38,139,63,118,48,194,182,198,174,9,143,67,32,72,163,25,51,50,190,10,165,113,156,71,44,138,37,94,173,18,131,119,11,59,80,100,30,134,148,4,97,58,158,43,7,136,181,68,123,6,149,60,54,151,110,187,39,107,55,14,13,172,12,89,75,125,15,135,53,183,69,159,164,90,28,155,73,99,106,95,115,152,2,161,102,86,133,76,122,116,17,8,16,56,21,108,192,40,104,31,29,154,52,179,27,185,111,96,171,141,98,114,64,79,177,47,88,5,186,199,83,153,150,24,167,137,175,62,120,3,169,191,162,146];False
1544;7476;9020;[34,4,129,70,19,87,121,178,127,132,130,84,77,112,93,147,66,157,103,105,74,188,144,184,142,117,57,61,45,65,41,49,78,128,42,101,197,168,145,126,35,160,91,1,33,124,180,196,36,46,140,92,82,23,189,81,0,85,22,26,176,193,109,20,170,166,38,139,63,118,48,194,182,198,174,9,143,67,32,72,163,25,51,50,190,10,165,113,156,71,44,138,37,94,173,18,131,119,11,59,80,100,30,134,148,195,97,58,158,43,7,136,181,68,123,6,149,60,54,151,110,187,39,107,55,14,13,172,12,89,75,125,15,108,53,183,69,159,164,90,28,155,73,99,106,95,115,152,2,161,102,86,133,76,122,116,17,8,16,56,21,135,192,40,104,31,29,154,52,179,27,185,111,96,171,141,98,114,64,79,177,47,88,5,186,199,83,153,150,24,167,137,175,62,120,3,169,191,162,146];False
1560;7463;9023;[34,4,129,70,19,87,121,178,127,132,130,84,77,112,93,147,66,157,103,105,74,188,144,184,142,117,57,61,45,138,41,49,78,128,42,101,197,168,145,126,35,160,91,1,33,124,180,196,36,46,140,92,82,23,189,81,0,85,22,26,176,193,109,20,170,166,38,139,63,118,48,194,182,198,15,9,143,67,32,72,163,25,51,50,190,10,165,113,156,71,44,65,37,94,173,18,131,119,11,59,80,100,30,134,148,195,97,58,158,43,7,136,181,68,123,6,149,60,54,151,110,187,39,107,55,14,13,172,12,89,75,125,174,135,53,183,69,159,164,90,28,155,73,99,106,167,115,152,2,161,102,86,133,76,122,116,17,8,16,56,21,108,192,40,104,31,29,154,52,179,27,185,111,96,171,141,98,114,64,79,177,47,88,5,186,199,83,153,150,24,95,137,175,62,120,3,169,191,162,146];False
1628;7380;9008;[34,4,129,70,19,87,121,178,127,132,130,84,77,112,93,147,66,157,103,105,74,188,144,184,142,117,57,61,45,138,41,49,78,128,42,101,197,168,145,126,35,160,91,1,33,124,180,196,36,46,140,92,82,23,189,81,0,85,22,26,176,193,109,20,170,166,38,139,63,118,48,194,182,198,174,9,143,67,32,72,163,25,51,50,190,10,165,113,156,71,44,65,37,94,173,18,131,119,11,59,80,100,30,134,148,195,97,58,158,43,7,167,181,68,123,6,149,60,54,151,110,187,39,107,55,14,13,172,12,89,75,125,15,135,53,183,69,159,164,90,28,155,73,99,106,136,115,152,2,161,102,86,133,76,122,116,17,8,16,56,21,108,192,40,104,31,29,154,52,179,27,185,111,96,171,141,98,114,64,79,177,47,88,5,186,199,83,153,150,24,95,137,175,62,120,3,169,191,162,146];False
1867;7244;9111;[34,4,109,70,19,87,121,178,111,132,130,84,77,112,93,147,66,157,103,105,74,188,144,9,142,117,167,61,45,138,41,49,78,128,42,57,197,125,145,126,143,160,91,1,33,124,180,196,36,46,140,92,82,24,189,81,0,85,22,26,176,193,168,20,170,166,38,139,63,118,48,194,29,198,174,184,35,67,32,72,163,25,51,50,190,10,165,113,156,71,44,65,37,94,173,18,131,119,11,59,80,100,30,134,148,195,97,58,158,43,7,101,181,68,123,6,149,60,54,151,110,187,39,107,55,14,13,172,12,89,75,129,15,135,53,183,69,159,164,90,28,155,73,99,106,136,115,152,2,161,102,86,133,76,52,116,17,8,16,56,21,108,192,40,104,31,182,154,122,179,27,185,127,96,171,141,98,114,64,79,177,47,88,5,186,199,83,153,150,23,95,137,175,62,120,3,169,191,162,146];False
1897;7231;9128;[34,4,109,70,19,87,121,178,127,132,130,84,77,112,93,147,66,157,103,105,74,188,144,9,142,117,167,61,45,138,41,49,78,128,42,57,197,125,145,126,143,160,91,1,33,124,180,196,36,46,140,92,82,24,189,81,0,85,22,26,176,193,168,20,67,166,38,139,63,118,48,194,29,198,174,184,35,170,32,72,163,25,51,50,190,10,165,113,156,71,44,65,37,94,173,18,131,119,11,59,80,100,30,134,148,195,97,58,158,43,7,101,181,68,123,6,137,60,54,151,110,187,39,107,55,14,13,172,12,89,75,129,15,135,53,183,69,159,164,90,28,155,73,99,106,136,115,152,2,161,102,86,133,76,122,116,17,8,16,56,21,108,192,40,104,31,182,154,52,179,27,185,111,96,171,141,98,114,64,79,177,47,88,5,186,199,83,153,150,23,95,149,175,62,120,3,169,191,162,146];False
1872;7240;9112;[34,4,109,70,19,87,121,178,111,132,130,84,77,112,93,147,66,157,103,105,74,188,144,9,142,117,167,61,45,138,41,49,78,128,42,57,197,125,145,126,143,160,91,1,182,124,180,196,36,46,140,92,82,24,189,81,0,85,22,26,176,193,168,20,170,166,38,139,63,118,48,194,29,198,174,184,35,67,32,72,163,25,51,50,190,10,165,113,156,71,44,65,37,94,173,18,131,119,11,59,80,100,30,134,148,195,97,58,158,43,7,101,181,68,123,6,149,60,54,151,110,187,39,107,55,14,13,172,12,89,75,129,15,135,53,183,69,159,164,90,28,155,73,99,106,136,115,152,2,161,102,86,133,76,122,116,17,8,16,56,21,108,192,40,104,31,33,154,52,179,27,185,127,96,171,141,98,114,64,79,177,47,88,5,186,199,83,153,150,23,95,137,175,62,120,3,169,191,162,146];False
1889;7235;9124;[34,4,109,70,19,87,121,178,111,132,130,84,77,112,93,147,66,157,103,105,74,188,144,9,142,117,167,61,45,138,41,49,78,128,42,57,197,125,145,126,143,160,91,1,33,124,180,196,36,46,140,92,82,24,189,81,0,85,22,26,176,193,168,20,67,166,38,139,63,118,48,194,29,198,174,184,35,170,32,72,163,25,51,50,190,10,165,113,156,71,44,65,37,94,173,18,131,119,11,59,80,100,30,134,148,195,97,58,158,43,7,101,181,68,123,6,149,60,54,151,110,187,39,107,55,14,13,172,12,89,75,129,15,135,53,183,69,159,164,90,28,155,73,99,106,136,115,152,2,161,102,86,133,76,122,116,17,8,16,56,21,108,192,40,104,31,182,154,52,179,27,185,127,96,171,141,98,114,64,79,177,47,88,5,186,199,83,153,150,23,95,137,175,62,120,3,169,191,162,146];False
1939;7223;9162;[34,4,109,70,19,87,121,178,111,132,130,84,77,112,93,147,66,157,103,105,74,188,144,9,142,117,167,61,45,138,41,49,78,128,42,57,197,125,145,126,143,160,91,1,33,124,180,196,36,46,140,92,82,24,189,81,0,85,22,26,176,193,168,20,170,166,38,139,63,118,48,194,29,198,174,184,35,67,32,72,163,25,51,50,190,10,165,113,156,71,44,65,37,94,173,18,131,119,11,59,80,100,30,134,148,195,97,58,158,43,7,101,181,68,123,6,149,60,54,151,110,187,39,107,55,14,13,172,12,89,75,129,15,135,53,183,69,159,164,90,28,155,73,99,106,136,115,152,2,161,102,86,133,76,122,116,17,8,16,56,21,108,192,40,104,31,191,154,52,179,27,185,127,96,171,141,98,114,64,79,177,47,88,5,186,199,83,153,150,23,95,137,175,62,120,3,169,182,162,146];False
1867;7243;9110;[34,4,109,70,19,87,121,178,111,132,130,84,77,112,93,147,66,157,103,105,74,188,144,9,142,117,167,61,45,138,41,49,78,128,42,57,197,125,145,126,143,160,91,1,182,124,180,196,36,46,140,92,82,23,189,81,0,85,22,26,176,193,168,20,170,166,38,139,63,118,48,194,29,198,174,184,35,67,32,72,163,25,51,50,190,10,165,113,156,71,44,65,37,94,173,18,131,119,11,59,80,100,30,134,148,195,97,58,158,43,7,101,181,68,123,6,137,60,54,151,110,187,39,107,55,14,13,172,12,89,75,129,15,135,53,183,69,159,164,90,28,155,73,99,106,136,115,152,2,161,102,86,133,76,122,116,17,8,16,56,21,108,192,40,104,31,33,154,52,179,27,185,127,96,171,141,98,114,64,79,177,47,88,5,186,199,83,153,150,24,95,149,175,62,120,3,169,191,162,146];False
1955;7212;9167;[34,4,109,70,19,87,121,178,127,132,130,84,77,112,93,147,66,157,103,105,74,188,144,9,142,117,167,61,45,138,41,49,78,128,42,57,197,125,145,126,143,160,91,1,150,124,180,196,36,46,140,92,82,23,189,81,0,85,22,26,176,193,168,20,170,166,38,139,63,118,48,194,29,198,174,184,35,67,32,72,163,25,51,50,190,10,165,113,156,71,44,65,37,94,173,18,131,119,11,59,80,100,30,134,148,195,97,58,158,43,7,101,181,68,123,6,137,60,54,151,110,187,39,107,55,14,13,172,12,89,75,129,15,135,53,183,69,159,164,90,28,155,73,99,106,136,115,152,2,161,102,86,133,76,122,116,17,8,16,56,21,108,192,40,104,31,33,154,52,179,27,185,111,96,171,141,98,114,64,79,177,47,88,5,186,199,83,153,182,24,95,149,175,62,120,3,169,191,162,146];False
1880;7236;9116;[34,4,109,70,19,87,121,178,127,132,130,84,77,112,93,147,66,157,103,105,74,188,144,9,142,117,167,61,45,138,41,49,78,128,42,57,197,125,145,126,143,160,91,1,182,124,180,196,36,46,140,92,82,24,189,81,0,85,22,26,176,193,168,20,170,166,38,139,63,118,48,194,29,198,174,184,35,67,32,72,163,25,51,50,190,10,165,113,156,71,44,65,37,94,173,18,131,119,11,59,80,100,30,134,148,195,97,58,158,43,7,101,181,68,123,6,137,60,54,151,110,187,39,107,55,14,13,172,12,89,75,129,15,135,53,183,69,159,164,90,28,155,73,99,106,136,115,152,2,161,102,86,133,76,122,116,17,8,16,56,21,108,192,40,104,31,33,154,52,179,27,185,111,96,171,141,98,114,64,79,177,47,88,5,186,199,83,153,150,23,95,149,175,62,120,3,169,191,162,146];False
1890;7234;9124;[34,4,109,70,19,87,121,178,127,132,130,84,77,112,93,147,66,157,103,105,74,188,144,9,142,117,167,61,45,138,41,49,78,128,42,57,197,125,145,126,143,160,91,1,182,124,180,196,36,46,140,92,82,23,189,81,0,85,22,26,176,193,168,20,67,166,38,139,63,118,48,194,29,198,174,184,35,170,32,72,163,25,51,50,190,10,165,113,156,71,44,65,37,94,173,18,131,119,11,59,80,100,30,134,148,195,97,58,158,43,7,101,181,68,123,6,137,60,54,151,110,187,39,107,55,14,13,172,12,89,75,129,15,135,53,183,69,159,164,90,28,155,73,99,106,136,115,152,2,161,102,86,133,76,122,116,17,8,16,56,21,108,192,40,104,31,33,154,52,179,27,185,111,96,171,141,98,114,64,79,177,47,88,5,186,199,83,153,150,24,95,149,175,62,120,3,169,191,162,146];False
1829;7257;9086;[34,4,109,70,19,87,121,178,127,132,130,84,77,112,93,147,66,157,103,105,74,188,144,9,142,117,167,61,45,138,41,49,78,128,42,57,197,125,145,126,143,160,91,1,182,124,180,196,36,46,140,92,82,23,189,81,0,85,22,26,176,193,168,20,170,166,38,139,63,118,48,194,29,198,174,184,35,67,32,72,163,25,51,50,190,10,165,113,156,71,44,65,37,94,173,18,131,119,11,59,80,100,30,134,148,195,97,58,158,43,7,101,181,68,123,6,149,60,54,151,110,187,39,107,55,14,13,172,12,89,75,129,15,135,53,183,69,159,164,90,28,155,73,99,106,136,115,152,2,161,102,86,133,76,122,116,17,8,16,56,21,108,192,40,104,31,33,154,52,179,27,185,111,96,171,141,98,114,64,79,177,47,88,5,186,199,83,153,150,24,95,137,175,62,120,3,169,191,162,146];False
1895;7231;9126;[34,4,109,70,19,87,121,178,127,132,130,84,77,112,93,147,66,157,103,105,74,188,144,9,142,117,167,61,45,138,41,49,78,128,42,57,197,125,145,126,143,160,91,1,182,124,180,196,36,46,140,92,82,24,189,81,0,85,22,26,176,193,168,20,67,166,38,139,63,118,48,194,29,198,174,184,35,170,32,72,163,25,51,50,190,10,165,113,156,71,44,65,37,94,173,18,131,119,11,59,80,100,30,134,148,195,97,58,158,43,7,101,181,68,123,6,149,60,54,151,110,187,39,107,55,14,13,172,12,89,75,129,15,135,53,183,69,159,164,90,28,155,73,99,106,136,115,152,2,161,102,86,133,76,122,116,17,8,16,56,21,108,192,40,104,31,33,154,52,179,27,185,111,96,171,141,98,114,64,79,177,47,88,5,186,199,83,153,150,23,95,137,175,62,120,3,169,191,162,146];False
1953;7217;9170;[34,4,109,70,19,87,121,178,127,132,130,84,77,112,93,147,66,157,103,105,74,188,144,9,142,117,167,61,45,138,41,49,78,128,42,57,197,125,145,126,143,160,91,1,33,124,180,196,36,46,140,92,82,24,189,81,0,85,22,26,176,193,168,20,170,166,38,139,63,118,48,194,29,198,174,184,35,67,32,72,154,25,51,50,190,10,165,113,156,71,44,65,37,94,173,18,131,119,11,59,80,100,30,134,148,195,97,58,158,43,7,101,181,68,123,6,149,60,54,151,110,187,39,107,55,14,13,172,12,89,75,129,15,135,53,183,69,159,164,90,28,155,73,99,106,136,115,152,2,161,102,86,133,76,122,116,17,8,16,56,21,108,192,40,104,31,191,163,52,179,27,185,111,96,171,141,98,114,64,79,177,47,88,5,186,199,83,153,150,23,95,137,175,62,120,3,169,182,162,146];False
1947;7219;9166;[34,4,109,70,19,87,121,178,127,132,130,84,77,112,93,147,66,157,103,105,74,188,144,9,142,117,167,61,45,138,41,49,78,128,42,57,197,125,145,126,143,160,91,1,33,124,180,196,36,46,140,92,82,24,189,81,0,85,22,26,176,193,168,20,170,166,38,139,63,118,48,194,29,198,174,184,35,67,32,72,163,25,51,50,190,10,165,113,156,71,44,65,37,94,173,18,131,119,11,59,80,100,30,134,148,195,97,58,158,43,7,101,181,68,123,6,137,60,54,151,110,187,39,107,55,14,13,172,12,89,75,129,15,135,53,183,69,159,164,90,28,155,73,99,106,136,115,152,2,161,102,86,133,76,122,116,17,8,16,56,21,108,192,40,104,31,191,154,52,179,27,185,111,96,171,141,98,114,64,79,177,47,88,5,186,199,83,153,150,23,95,149,175,62,120,3,169,182,162,146];False
1872;7238;9110;[34,4,109,70,19,87,121,178,127,132,130,84,77,112,93,147,66,157,103,105,74,188,144,9,142,117,167,61,45,138,41,49,78,128,42,57,197,125,145,126,143,160,91,1,33,124,180,196,36,46,140,92,82,24,189,81,0,85,22,26,176,193,168,20,170,166,38,139,63,118,48,194,29,198,174,184,35,67,32,72,163,25,51,50,190,10,165,113,156,71,44,65,37,94,173,18,131,119,11,59,80,100,30,134,148,195,97,58,158,43,7,101,181,68,123,6,149,60,54,151,110,187,39,107,55,14,13,172,12,89,75,182,15,135,53,183,69,159,164,90,28,155,73,99,106,136,115,152,2,161,102,86,133,76,122,116,17,8,16,56,21,108,192,40,104,31,191,154,52,179,27,185,111,96,171,141,98,114,64,79,177,47,88,5,186,199,83,153,150,23,95,137,175,62,120,3,169,129,162,146];False
1530;7521;9051;[34,195,129,70,19,87,121,178,127,132,130,84,77,112,93,147,66,157,103,105,74,188,144,184,142,117,57,61,45,138,41,49,78,128,42,101,197,168,145,126,35,160,91,1,33,124,180,196,36,46,140,92,82,23,189,81,0,85,22,26,176,193,109,20,170,166,38,139,63,118,48,194,182,198,15,9,143,67,32,72,163,25,51,50,190,10,165,113,156,71,44,65,37,94,173,18,131,119,11,59,80,100,30,134,148,4,97,58,158,43,7,136,181,68,123,6,149,60,54,151,110,187,39,107,55,14,13,172,12,89,75,125,174,135,53,183,69,159,164,90,28,155,73,99,106,95,115,152,2,161,102,86,133,76,122,116,17,8,16,56,21,108,192,40,104,31,29,154,52,179,27,185,111,96,171,141,98,114,64,79,177,47,88,5,186,199,83,153,150,24,167,137,175,62,120,3,169,191,162,146];False
1525;7526;9051;[34,195,129,70,19,87,121,178,127,132,130,84,77,112,93,147,66,157,103,105,74,188,144,184,142,117,57,61,45,138,41,49,78,128,42,101,197,168,145,126,35,160,91,1,33,124,180,196,36,46,140,92,82,23,189,81,0,85,22,26,176,193,109,20,170,166,38,139,63,118,48,194,182,198,174,9,143,67,32,72,163,25,51,50,190,10,165,113,156,71,44,65,37,94,173,18,131,119,11,59,80,100,30,134,148,4,97,58,158,43,7,136,181,68,123,6,149,60,54,151,110,187,39,107,55,14,13,172,12,89,75,125,15,108,53,183,69,159,164,90,28,155,73,99,106,95,115,152,2,161,102,86,133,76,122,116,17,8,16,56,21,135,192,40,104,31,29,154,52,179,27,185,111,96,171,141,98,114,64,79,177,47,88,5,186,199,83,153,150,24,167,137,175,62,120,3,169,191,162,146];False
1519;7553;9072;[34,195,129,70,19,87,121,178,127,132,130,84,77,112,93,147,66,157,103,105,74,188,144,184,142,117,57,61,45,65,41,49,78,128,42,101,197,168,145,126,35,160,91,1,33,124,180,196,36,46,140,92,82,23,189,81,0,85,22,26,176,193,109,20,170,166,38,139,63,118,48,194,182,198,174,9,143,67,32,72,163,25,51,50,190,10,165,113,156,71,44,138,37,94,173,18,131,119,11,59,80,100,30,134,148,4,97,58,158,43,7,136,181,68,123,27,149,60,54,151,110,187,39,107,55,14,13,172,12,89,75,125,15,135,53,183,69,159,164,90,28,155,73,99,106,95,115,152,2,161,102,86,133,76,122,116,17,8,16,56,21,108,192,40,104,31,29,154,52,179,6,185,111,96,171,141,98,114,64,79,177,47,88,5,186,199,83,153,150,24,167,137,175,62,120,3,169,191,162,146];False
1520;7531;9051;[34,195,129,70,19,87,121,178,127,132,130,84,77,112,93,147,66,157,103,105,74,188,144,184,142,117,57,61,45,65,41,49,78,128,42,101,197,168,145,126,35,160,91,1,33,124,180,196,36,46,140,92,82,23,189,81,0,85,22,26,176,193,109,20,170,166,38,139,63,118,48,194,182,198,174,9,143,67,32,72,163,25,51,50,190,10,165,113,156,71,44,138,37,94,173,18,131,119,11,59,80,100,30,134,148,4,97,58,158,43,7,136,181,68,123,6,149,60,54,151,110,187,39,107,55,14,13,172,12,89,75,125,15,108,53,183,69,159,164,90,28,155,73,99,106,95,115,152,2,161,102,86,133,76,122,116,17,8,16,56,21,135,192,40,104,31,29,154,52,179,27,185,111,96,171,141,98,114,64,79,177,47,88,5,186,199,83,153,150,24,167,137,175,62,120,3,169,191,162,146];False
1536;7518;9054;[34,195,129,70,19,87,121,178,127,132,130,84,77,112,93,147,66,157,103,105,74,188,144,184,142,117,57,61,45,138,41,49,78,128,42,101,197,168,145,126,35,160,91,1,33,124,180,196,36,46,140,92,82,23,189,81,0,85,22,26,176,193,109,20,170,166,38,139,63,118,48,194,182,198,15,9,143,67,32,72,163,25,51,50,190,10,165,113,156,71,44,65,37,94,173,18,131,119,11,59,80,100,30,134,148,4,97,58,158,43,7,136,181,68,123,6,149,60,54,151,110,187,39,107,55,14,13,172,12,89,75,125,174,135,53,183,69,159,164,90,28,155,73,99,106,167,115,152,2,161,102,86,133,76,122,116,17,8,16,56,21,108,192,40,104,31,29,154,52,179,27,185,111,96,171,141,98,114,64,79,177,47,88,5,186,199,83,153,150,24,95,137,175,62,120,3,169,191,162,146];False
1910;7226;9136;[34,4,109,70,19,87,121,178,111,132,130,84,77,112,93,147,66,157,103,105,74,188,144,9,142,117,167,61,45,138,41,49,78,128,42,57,197,125,145,126,143,160,91,1,182,124,180,196,36,46,140,92,82,24,189,81,0,85,22,26,176,193,168,20,67,166,38,139,63,118,48,194,29,198,174,184,35,170,32,72,163,25,51,50,190,10,165,113,156,71,44,65,37,94,173,18,131,119,11,59,80,100,30,134,148,195,97,58,158,43,7,101,181,68,123,6,149,60,54,151,110,187,39,107,55,14,13,172,12,89,75,129,15,135,53,183,69,159,164,90,28,155,73,99,106,136,115,152,2,161,102,86,133,76,122,116,17,8,16,56,21,108,192,40,104,31,33,154,52,179,27,185,127,96,171,141,98,114,64,79,177,47,88,5,186,199,83,153,150,23,95,137,175,62,120,3,169,191,162,146];False
1929;7225;9154;[34,4,109,70,19,87,121,178,111,132,130,84,77,112,93,147,66,157,103,105,74,188,144,9,142,117,167,61,45,138,41,49,78,128,42,57,197,125,145,126,143,160,91,1,33,124,180,196,36,46,140,92,82,24,189,81,0,85,22,26,176,193,168,20,67,166,38,139,63,118,48,194,29,198,174,184,35,170,32,72,163,25,51,50,190,10,165,113,156,71,44,65,37,94,173,18,131,119,11,59,80,100,30,134,148,195,97,58,158,43,7,101,181,68,123,6,129,60,54,151,110,187,39,107,55,14,13,172,12,89,75,149,15,135,53,183,69,159,164,90,28,155,73,99,106,136,115,152,2,161,102,86,133,76,122,116,17,8,16,56,21,108,192,40,104,31,182,154,52,179,27,185,127,96,171,141,98,114,64,79,177,47,88,5,186,199,83,153,150,23,95,137,175,62,120,3,169,191,162,146];False
1905;7230;9135;[34,4,109,70,19,87,121,178,111,132,130,84,77,112,93,147,66,157,103,105,74,188,144,9,142,117,167,61,45,138,41,49,78,128,42,57,197,125,145,126,143,160,91,1,33,124,180,196,36,46,140,92,82,24,189,81,0,85,22,26,176,193,168,20,67,166,38,139,63,118,48,194,29,198,174,184,35,170,32,72,163,25,51,50,190,10,165,113,156,71,44,65,37,94,173,18,131,119,11,59,80,100,30,134,148,195,97,58,158,43,7,101,181,68,123,6,149,60,54,151,110,187,39,107,55,14,13,172,12,89,75,129,15,135,53,183,69,159,164,90,28,155,73,99,106,136,115,152,2,161,102,86,133,76,52,116,17,8,16,56,21,108,192,40,104,31,182,154,122,179,27,185,127,96,171,141,98,114,64,79,177,47,88,5,186,199,83,153,150,23,95,137,175,62,120,3,169,191,162,146];False
1887;7233;9120;[34,4,109,70,19,87,121,178,111,132,130,84,77,112,93,147,66,157,103,105,74,188,144,9,142,117,167,61,45,138,41,49,78,128,42,57,197,125,145,126,143,160,91,1,33,124,180,196,36,46,140,92,82,24,189,81,0,85,22,26,176,193,168,20,170,166,38,139,63,118,48,194,29,198,174,184,35,67,32,72,163,25,51,50,190,10,165,113,156,71,44,65,37,94,173,18,131,119,11,59,80,100,30,134,148,195,97,58,158,43,7,101,181,68,123,6,149,60,54,151,110,187,39,107,55,14,13,172,12,89,75,182,15,135,53,183,69,159,164,90,28,155,73,99,106,136,115,152,2,161,102,86,133,76,122,116,17,8,16,56,21,108,192,40,104,31,191,154,52,179,27,185,127,96,171,141,98,114,64,79,177,47,88,5,186,199,83,153,150,23,95,137,175,62,120,3,169,129,162,146];False
1905;7229;9134;[34,4,109,70,19,87,121,178,111,132,130,84,77,112,93,147,66,157,103,105,74,188,144,9,142,117,167,61,45,138,41,49,78,128,42,57,197,125,145,126,143,160,91,1,182,124,180,196,36,46,140,92,82,23,189,81,0,85,22,26,176,193,168,20,67,166,38,139,63,118,48,194,29,198,174,184,35,170,32,72,163,25,51,50,190,10,165,113,156,71,44,65,37,94,173,18,131,119,11,59,80,100,30,134,148,195,97,58,158,43,7,101,181,68,123,6,137,60,54,151,110,187,39,107,55,14,13,172,12,89,75,129,15,135,53,183,69,159,164,90,28,155,73,99,106,136,115,152,2,161,102,86,133,76,122,116,17,8,16,56,21,108,192,40,104,31,33,154,52,179,27,185,127,96,171,141,98,114,64,79,177,47,88,5,186,199,83,153,150,24,95,149,175,62,120,3,169,191,162,146];False
1844;7252;9096;[34,4,109,70,19,87,121,178,111,132,130,84,77,112,93,147,66,157,103,105,74,188,144,9,142,117,167,61,45,138,41,49,78,128,42,57,197,125,145,126,143,160,91,1,182,124,180,196,36,46,140,92,82,23,189,81,0,85,22,26,176,193,168,20,170,166,38,139,63,118,48,194,29,198,174,184,35,67,32,72,163,25,51,50,190,10,165,113,156,71,44,65,37,94,173,18,131,119,11,59,80,100,30,134,148,195,97,58,158,43,7,101,181,68,123,6,149,60,54,151,110,187,39,107,55,14,13,172,12,89,75,129,15,135,53,183,69,159,164,90,28,155,73,99,106,136,115,152,2,161,102,86,133,76,122,116,17,8,16,56,21,108,192,40,104,31,33,154,52,179,27,185,127,96,171,141,98,114,64,79,177,47,88,5,186,199,83,153,150,24,95,137,175,62,120,3,169,191,162,146];False
1938;7221;9159;[34,4,109,70,19,87,121,178,127,132,130,84,77,112,93,147,66,157,103,105,74,188,144,31,142,117,167,61,45,138,41,49,78,128,42,57,197,125,145,126,143,160,91,1,150,124,180,196,36,46,140,92,82,23,189,81,0,85,22,26,176,193,168,20,170,166,38,139,63,118,48,194,29,198,174,184,35,67,32,72,163,25,51,50,190,10,165,113,156,71,44,65,37,94,173,18,131,119,11,59,80,100,30,134,148,195,97,58,158,43,7,101,181,68,123,6,137,60,54,151,110,187,39,107,55,14,13,172,12,89,75,129,15,135,53,183,69,159,164,90,28,155,73,99,106,136,115,152,2,161,102,86,133,76,122,116,17,8,16,56,21,108,192,40,104,9,33,154,52,179,27,185,111,96,171,141,98,114,64,79,177,47,88,5,186,199,83,153,182,24,95,149,175,62,120,3,169,191,162,146];False
1950;7217;9167;[34,4,109,70,19,87,121,178,127,132,130,84,77,112,93,147,66,157,103,105,74,188,144,9,142,117,167,61,45,65,41,49,78,128,42,57,197,125,145,126,143,160,91,1,150,124,180,196,36,46,140,92,82,23,189,81,0,85,22,26,176,193,168,20,170,166,38,139,63,118,48,194,29,198,174,184,35,67,32,72,163,25,51,50,190,10,165,113,156,71,44,138,37,94,173,18,131,119,11,59,80,100,30,134,148,195,97,58,158,43,7,101,181,68,123,6,137,60,54,151,110,187,39,107,55,14,13,172,12,89,75,129,15,135,53,183,69,159,164,90,28,155,73,99,106,136,115,152,2,161,102,86,133,76,122,116,17,8,16,56,21,108,192,40,104,31,33,154,52,179,27,185,111,96,171,141,98,114,64,79,177,47,88,5,186,199,83,153,182,24,95,149,175,62,120,3,169,191,162,146];False
1863;7232;9095;[34,4,109,70,19,87,121,178,127,132,130,84,77,112,93,147,66,157,103,105,74,188,144,9,142,117,167,61,45,138,41,49,78,128,42,57,197,125,145,126,143,160,91,1,150,124,180,196,36,46,140,92,82,23,189,81,0,85,22,26,176,182,168,20,170,166,38,139,63,118,48,194,29,198,174,184,35,67,32,72,163,25,51,50,190,10,165,113,156,71,44,65,37,94,173,18,131,119,11,59,80,100,30,134,148,195,97,58,158,43,7,101,181,68,123,6,137,60,54,151,110,187,39,107,55,14,13,172,12,89,75,129,15,135,53,183,69,159,164,90,28,155,73,99,106,136,115,152,2,161,102,86,133,76,122,116,17,8,16,56,21,108,192,40,104,31,33,154,52,179,27,185,111,96,171,141,98,114,64,79,177,47,88,5,186,199,83,153,193,24,95,149,175,62,120,3,169,191,162,146];False
1993;7198;9191;[34,4,109,70,19,87,121,178,127,132,130,84,77,112,93,147,66,157,103,105,74,188,144,9,142,117,167,61,45,138,41,49,78,128,42,57,197,125,145,126,143,160,91,1,150,124,180,196,36,46,140,92,82,23,189,81,0,85,22,26,176,193,168,20,67,166,38,139,63,118,48,194,29,198,174,184,35,170,32,72,163,25,51,50,190,10,165,113,156,71,44,65,37,94,173,18,131,119,11,59,80,100,30,134,148,195,97,58,158,43,7,101,181,68,123,6,137,60,54,151,110,187,39,107,55,14,13,172,12,89,75,129,15,135,53,183,69,159,164,90,28,155,73,99,106,136,115,152,2,161,102,86,133,76,122,116,17,8,16,56,21,108,192,40,104,31,33,154,52,179,27,185,111,96,171,141,98,114,64,79,177,47,88,5,186,199,83,153,182,24,95,149,175,62,120,3,169,191,162,146];False
1906;7224;9130;[34,4,109,70,19,87,121,178,127,132,130,84,77,112,93,147,66,157,103,105,74,188,144,9,142,117,167,61,45,138,41,49,78,128,42,57,197,125,145,126,143,160,91,1,150,124,180,196,36,46,140,92,82,23,189,81,0,85,22,26,176,193,168,20,170,166,38,139,63,118,48,194,29,198,174,184,35,67,32,72,163,25,51,50,190,10,165,113,156,71,44,65,37,94,173,18,131,119,11,59,80,100,30,134,148,195,97,58,158,43,153,101,181,68,123,6,137,60,54,151,110,187,39,107,55,14,13,172,12,89,75,129,15,135,53,183,69,159,164,90,28,155,73,99,106,136,115,152,2,161,102,86,133,76,122,116,17,8,16,56,21,108,192,40,104,31,33,154,52,179,27,185,111,96,171,141,98,114,64,79,177,47,88,5,186,199,83,7,182,24,95,149,175,62,120,3,169,191,162,146];False
1932;7221;9153;[34,4,109,70,19,87,121,178,127,132,130,84,77,112,93,147,66,157,103,105,74,188,144,9,142,117,167,61,45,138,41,49,78,128,42,57,197,125,145,126,143,160,91,1,150,124,180,196,36,46,140,92,82,23,189,81,0,85,22,26,176,193,168,20,170,166,38,139,63,118,48,194,29,198,174,184,35,67,32,72,163,25,51,50,190,10,165,113,156,71,44,65,37,94,173,18,131,119,11,59,80,100,30,134,148,195,97,58,158,43,7,101,181,68,123,6,149,60,54,151,110,187,39,107,55,14,13,172,12,89,75,129,15,135,53,183,69,159,164,90,28,155,73,99,106,136,115,152,2,161,102,86,133,76,122,116,17,8,16,56,21,108,192,40,104,31,33,154,52,179,27,185,111,96,171,141,98,114,64,79,177,47,88,5,186,199,83,153,182,24,95,137,175,62,120,3,169,191,162,146];False
1907;7202;9109;[34,4,109,70,19,87,121,178,127,132,130,84,77,112,93,147,66,157,103,105,74,188,144,9,142,117,167,61,45,138,41,49,78,128,42,57,197,125,145,126,143,160,91,1,150,124,180,196,36,46,140,92,82,23,189,81,0,85,22,26,176,193,168,20,170,166,38,139,63,118,48,194,29,198,174,184,35,67,32,72,163,25,51,50,190,10,165,113,156,71,44,65,37,94,173,18,131,119,11,59,80,100,30,134,148,195,97,58,158,43,7,101,181,68,123,6,137,60,54,151,110,187,39,107,55,14,13,172,12,89,75,182,15,135,53,183,69,159,164,90,28,155,73,99,106,136,115,152,2,161,102,86,133,76,122,116,17,8,16,56,21,108,192,40,104,31,33,154,52,179,27,185,111,96,171,141,98,114,64,79,177,47,88,5,186,199,83,153,129,24,95,149,175,62,120,3,169,191,162,146];False
1878;7227;9105;[34,4,109,70,19,87,121,178,111,132,130,84,77,112,93,147,66,157,103,105,74,188,144,9,142,117,167,61,45,138,41,49,78,128,42,57,197,125,145,126,143,160,91,1,150,124,180,196,36,46,140,92,82,23,189,81,0,85,22,26,176,182,168,20,170,166,38,139,63,118,48,194,29,198,174,184,35,67,32,72,163,25,51,50,190,10,165,113,156,71,44,65,37,94,173,18,131,119,11,59,80,100,30,134,148,195,97,58,158,43,7,101,181,68,123,6,137,60,54,151,110,187,39,107,55,14,13,172,12,89,75,129,15,135,53,183,69,159,164,90,28,155,73,99,106,136,115,152,2,161,102,86,133,76,122,116,17,8,16,56,21,108,192,40,104,31,33,154,52,179,27,185,127,96,171,141,98,114,64,79,177,47,88,5,186,199,83,153,193,24,95,149,175,62,120,3,169,191,162,146];False
1862;7244;9106;[34,4,109,70,19,87,121,178,127,132,130,84,77,112,93,147,66,157,103,105,74,188,9,144,142,117,167,61,45,138,41,49,78,128,42,57,197,125,145,126,143,160,91,1,150,124,180,196,36,46,140,92,82,23,189,81,0,85,22,26,176,182,168,20,170,166,38,139,63,118,48,194,29,198,174,184,35,67,32,72,163,25,51,50,190,10,165,113,156,71,44,65,37,94,173,18,131,119,11,59,80,100,30,134,148,195,97,58,158,43,7,101,181,68,123,6,137,60,54,151,110,187,39,107,55,14,13,172,12,89,75,129,15,135,53,183,69,159,164,90,28,155,73,99,106,136,115,152,2,161,102,86,133,76,122,116,17,8,16,56,21,108,192,40,104,31,33,154,52,179,27,185,111,96,171,141,98,114,64,79,177,47,88,5,186,199,83,153,193,24,95,149,175,62,120,3,169,191,162,146];False
1846;7241;9087;[34,4,109,70,19,87,121,178,127,132,130,84,77,112,93,147,66,157,103,105,74,188,144,31,142,117,167,61,45,138,41,49,78,128,42,57,197,125,145,126,143,160,91,1,150,124,180,196,36,46,140,92,82,23,189,81,0,85,22,26,176,182,168,20,170,166,38,139,63,118,48,194,29,198,174,184,35,67,32,72,163,25,51,50,190,10,165,113,156,71,44,65,37,94,173,18,131,119,11,59,80,100,30,134,148,195,97,58,158,43,7,101,181,68,123,6,137,60,54,151,110,187,39,107,55,14,13,172,12,89,75,129,15,135,53,183,69,159,164,90,28,155,73,99,106,136,115,152,2,161,102,86,133,76,122,116,17,8,16,56,21,108,192,40,104,9,33,154,52,179,27,185,111,96,171,141,98,114,64,79,177,47,88,5,186,199,83,153,193,24,95,149,175,62,120,3,169,191,162,146];False
1858;7237;9095;[34,4,109,70,19,87,121,178,127,132,130,84,77,112,93,147,66,157,103,105,74,188,144,9,142,117,167,61,45,65,41,49,78,128,42,57,197,125,145,126,143,160,91,1,150,124,180,196,36,46,140,92,82,23,189,81,0,85,22,26,176,182,168,20,170,166,38,139,63,118,48,194,29,198,174,184,35,67,32,72,163,25,51,50,190,10,165,113,156,71,44,138,37,94,173,18,131,119,11,59,80,100,30,134,148,195,97,58,158,43,7,101,181,68,123,6,137,60,54,151,110,187,39,107,55,14,13,172,12,89,75,129,15,135,53,183,69,159,164,90,28,155,73,99,106,136,115,152,2,161,102,86,133,76,122,116,17,8,16,56,21,108,192,40,104,31,33,154,52,179,27,185,111,96,171,141,98,114,64,79,177,47,88,5,186,199,83,153,193,24,95,149,175,62,120,3,169,191,162,146];False
1815;7257;9072;[34,4,109,70,19,87,121,178,127,132,130,84,77,112,93,147,66,157,103,105,74,188,144,9,142,117,167,61,45,138,41,49,78,128,42,57,197,125,145,126,143,160,91,1,150,124,180,196,36,46,140,92,82,23,189,176,0,85,22,26,81,182,168,20,170,166,38,139,63,118,48,194,29,198,174,184,35,67,32,72,163,25,51,50,190,10,165,113,156,71,44,65,37,94,173,18,131,119,11,59,80,100,30,134,148,195,97,58,158,43,7,101,181,68,123,6,137,60,54,151,110,187,39,107,55,14,13,172,12,89,75,129,15,135,53,183,69,159,164,90,28,155,73,99,106,136,115,152,2,161,102,86,133,76,122,116,17,8,16,56,21,108,192,40,104,31,33,154,52,179,27,185,111,96,171,141,98,114,64,79,177,47,88,5,186,199,83,153,193,24,95,149,175,62,120,3,169,191,162,146];False
1875;7230;9105;[34,4,109,70,19,87,121,178,127,132,130,84,77,112,93,147,66,157,103,105,74,188,144,9,142,117,167,61,45,138,41,49,78,128,42,57,197,125,145,126,143,160,91,1,150,124,180,196,36,46,140,92,82,23,189,81,0,85,22,26,176,182,104,20,170,166,38,139,63,118,48,194,29,198,174,184,35,67,32,72,163,25,51,50,190,10,165,113,156,71,44,65,37,94,173,18,131,119,11,59,80,100,30,134,148,195,97,58,158,43,7,101,181,68,123,6,137,60,54,151,110,187,39,107,55,14,13,172,12,89,75,129,15,135,53,183,69,159,164,90,28,155,73,99,106,136,115,152,2,161,102,86,133,76,122,116,17,8,16,56,21,108,192,40,168,31,33,154,52,179,27,185,111,96,171,141,98,114,64,79,177,47,88,5,186,199,83,153,193,24,95,149,175,62,120,3,169,191,162,146];False
1901;7218;9119;[34,4,109,70,19,87,121,178,127,132,130,84,77,112,93,147,66,157,103,105,74,188,144,9,142,117,167,61,45,138,41,49,78,128,42,57,197,125,145,126,143,160,91,1,150,124,180,196,36,46,140,92,82,23,189,81,0,85,22,26,176,182,168,20,67,166,38,139,63,118,48,194,29,198,174,184,35,170,32,72,163,25,51,50,190,10,165,113,156,71,44,65,37,94,173,18,131,119,11,59,80,100,30,134,148,195,97,58,158,43,7,101,181,68,123,6,137,60,54,151,110,187,39,107,55,14,13,172,12,89,75,129,15,135,53,183,69,159,164,90,28,155,73,99,106,136,115,152,2,161,102,86,133,76,122,116,17,8,16,56,21,108,192,40,104,31,33,154,52,179,27,185,111,96,171,141,98,114,64,79,177,47,88,5,186,199,83,153,193,24,95,149,175,62,120,3,169,191,162,146];False
1840;7241;9081;[34,4,109,70,19,87,121,178,127,132,130,84,77,112,93,147,66,157,103,105,74,188,144,9,142,117,167,61,45,138,41,49,78,128,42,57,197,125,145,126,143,160,91,1,150,124,180,196,36,46,140,92,82,23,189,81,0,85,22,26,176,182,168,20,170,166,38,139,63,118,48,194,29,198,174,184,35,67,32,72,163,25,51,50,190,10,165,113,156,71,44,65,37,94,173,18,131,119,11,59,80,100,30,134,148,195,97,58,158,43,7,101,181,68,123,6,149,60,54,151,110,187,39,107,55,14,13,172,12,89,75,129,15,135,53,183,69,159,164,90,28,155,73,99,106,136,115,152,2,161,102,86,133,76,122,116,17,8,16,56,21,108,192,40,104,31,33,154,52,179,27,185,111,96,171,141,98,114,64,79,177,47,88,5,186,199,83,153,193,24,95,137,175,62,120,3,169,191,162,146];False
1945;7188;9133;[34,4,109,70,19,87,121,178,127,132,130,84,77,112,93,147,66,157,103,105,74,188,144,9,142,117,167,61,45,138,41,49,78,128,42,57,197,125,145,126,143,160,91,1,150,124,180,196,36,46,140,92,82,23,189,81,0,85,22,26,176,193,168,20,67,166,38,139,63,118,48,194,29,198,174,184,35,170,32,72,163,25,51,50,190,10,165,113,156,71,44,65,37,94,173,18,131,119,11,59,80,100,30,134,148,195,97,58,158,43,7,101,181,68,123,6,137,60,54,151,110,187,39,107,55,14,13,172,12,89,75,182,15,135,53,183,69,159,164,90,28,155,73,99,106,136,115,152,2,161,102,86,133,76,122,116,17,8,16,56,21,108,192,40,104,31,33,154,52,179,27,185,111,96,171,141,98,114,64,79,177,47,88,5,186,199,83,153,129,24,95,149,175,62,120,3,169,191,162,146];False
1870;7224;9094;[34,4,168,70,19,87,121,178,127,132,130,84,77,112,93,147,66,157,103,105,74,188,144,9,142,117,167,61,45,138,41,49,78,128,42,57,197,125,145,126,143,160,91,1,150,124,180,196,36,46,140,92,82,23,189,81,0,85,22,26,176,193,109,20,170,166,38,139,63,118,48,194,29,198,174,184,35,67,32,72,163,25,51,50,190,10,165,113,156,71,44,65,37,94,173,18,131,119,11,59,80,100,30,134,148,195,97,58,158,43,7,101,181,68,123,6,137,60,54,151,110,187,39,107,55,14,13,172,12,89,75,182,15,135,53,183,69,159,164,90,28,155,73,99,106,136,115,152,2,161,102,86,133,76,122,116,17,8,16,56,21,108,192,40,104,31,33,154,52,179,27,185,111,96,171,141,98,114,64,79,177,47,88,5,186,199,83,153,129,24,95,149,175,62,120,3,169,191,162,146];False
1922;7197;9119;[34,4,109,70,19,87,121,178,111,132,130,84,77,112,93,147,66,157,103,105,74,188,144,9,142,117,167,61,45,138,41,49,78,128,42,57,197,125,145,126,143,160,91,1,150,124,180,196,36,46,140,92,82,23,189,81,0,85,22,26,176,193,168,20,170,166,38,139,63,118,48,194,29,198,174,184,35,67,32,72,163,25,51,50,190,10,165,113,156,71,44,65,37,94,173,18,131,119,11,59,80,100,30,134,148,195,97,58,158,43,7,101,181,68,123,6,137,60,54,151,110,187,39,107,55,14,13,172,12,89,75,182,15,135,53,183,69,159,164,90,28,155,73,99,106,136,115,152,2,161,102,86,133,76,122,116,17,8,16,56,21,108,192,40,104,31,33,154,52,179,27,185,127,96,171,141,98,114,64,79,177,47,88,5,186,199,83,153,129,24,95,149,175,62,120,3,169,191,162,146];False
1906;7214;9120;[34,4,109,70,19,87,121,178,127,132,130,84,77,112,93,147,66,157,103,105,74,188,9,144,142,117,167,61,45,138,41,49,78,128,42,57,197,125,145,126,143,160,91,1,150,124,180,196,36,46,140,92,82,23,189,81,0,85,22,26,176,193,168,20,170,166,38,139,63,118,48,194,29,198,174,184,35,67,32,72,163,25,51,50,190,10,165,113,156,71,44,65,37,94,173,18,131,119,11,59,80,100,30,134,148,195,97,58,158,43,7,101,181,68,123,6,137,60,54,151,110,187,39,107,55,14,13,172,12,89,75,182,15,135,53,183,69,159,164,90,28,155,73,99,106,136,115,152,2,161,102,86,133,76,122,116,17,8,16,56,21,108,192,40,104,31,33,154,52,179,27,185,111,96,171,141,98,114,64,79,177,47,88,5,186,199,83,153,129,24,95,149,175,62,120,3,169,191,162,146];False
1890;7211;9101;[34,4,109,70,19,87,121,178,127,132,130,84,77,112,93,147,66,157,103,105,74,188,144,31,142,117,167,61,45,138,41,49,78,128,42,57,197,125,145,126,143,160,91,1,150,124,180,196,36,46,140,92,82,23,189,81,0,85,22,26,176,193,168,20,170,166,38,139,63,118,48,194,29,198,174,184,35,67,32,72,163,25,51,50,190,10,165,113,156,71,44,65,37,94,173,18,131,119,11,59,80,100,30,134,148,195,97,58,158,43,7,101,181,68,123,6,137,60,54,151,110,187,39,107,55,14,13,172,12,89,75,182,15,135,53,183,69,159,164,90,28,155,73,99,106,136,115,152,2,161,102,86,133,76,122,116,17,8,16,56,21,108,192,40,104,9,33,154,52,179,27,185,111,96,171,141,98,114,64,79,177,47,88,5,186,199,83,153,129,24,95,149,175,62,120,3,169,191,162,146];False
1902;7207;9109;[34,4,109,70,19,87,121,178,127,132,130,84,77,112,93,147,66,157,103,105,74,188,144,9,142,117,167,61,45,65,41,49,78,128,42,57,197,125,145,126,143,160,91,1,150,124,180,196,36,46,140,92,82,23,189,81,0,85,22,26,176,193,168,20,170,166,38,139,63,118,48,194,29,198,174,184,35,67,32,72,163,25,51,50,190,10,165,113,156,71,44,138,37,94,173,18,131,119,11,59,80,100,30,134,148,195,97,58,158,43,7,101,181,68,123,6,137,60,54,151,110,187,39,107,55,14,13,172,12,89,75,182,15,135,53,183,69,159,164,90,28,155,73,99,106,136,115,152,2,161,102,86,133,76,122,116,17,8,16,56,21,108,192,40,104,31,33,154,52,179,27,185,111,96,171,141,98,114,64,79,177,47,88,5,186,199,83,153,129,24,95,149,175,62,120,3,169,191,162,146];False
1964;7186;9150;[34,4,109,70,19,87,121,178,127,132,130,84,77,112,93,147,66,157,103,105,74,188,144,9,142,117,167,61,45,138,41,49,78,128,42,57,197,125,145,126,143,160,91,1,150,124,180,196,36,46,140,92,82,67,189,81,0,85,22,26,176,193,168,20,170,166,38,139,63,118,48,194,29,198,174,184,35,23,32,72,163,25,51,50,190,10,165,113,156,71,44,65,37,94,173,18,131,119,11,59,80,100,30,134,148,195,97,58,158,43,7,101,181,68,123,6,137,60,54,151,110,187,39,107,55,14,13,172,12,89,75,182,15,135,53,183,69,159,164,90,28,155,73,99,106,136,115,152,2,161,102,86,133,76,122,116,17,8,16,56,21,108,192,40,104,31,33,154,52,179,27,185,111,96,171,141,98,114,64,79,177,47,88,5,186,199,83,153,129,24,95,149,175,62,120,3,169,191,162,146];False
2018;7183;9201;[34,4,109,70,19,87,121,178,127,132,130,84,77,112,93,147,66,157,103,105,74,188,144,9,142,117,167,61,45,138,41,49,78,128,42,57,197,125,145,126,143,160,91,1,150,124,180,196,36,46,140,92,82,23,189,81,0,85,22,26,176,193,16,20,170,166,38,139,63,118,48,194,29,198,174,184,35,67,32,72,163,25,51,50,190,10,165,113,156,71,44,65,37,94,173,18,131,119,11,59,80,100,30,134,148,195,97,58,158,43,7,101,181,68,123,6,137,60,54,151,110,187,39,107,55,14,13,172,12,89,75,182,15,135,53,183,69,159,164,90,28,155,73,99,106,136,115,152,2,161,102,86,133,76,122,116,17,8,168,56,21,108,192,40,104,31,33,154,52,179,27,185,111,96,171,141,98,114,64,79,177,47,88,5,186,199,83,153,129,24,95,149,175,62,120,3,169,191,162,146];False
2033;7176;9209;[34,4,109,70,19,87,121,178,127,132,130,84,77,112,93,147,66,157,103,105,74,188,144,9,142,117,167,61,45,138,41,49,78,128,42,57,197,125,145,126,143,160,91,1,150,124,180,196,36,46,140,92,82,23,189,81,0,85,22,26,176,193,168,20,170,166,38,139,63,118,162,194,29,198,174,184,35,67,32,72,163,25,51,50,190,10,165,113,156,71,44,65,37,94,173,18,131,119,11,59,80,100,30,134,148,195,97,58,158,43,7,101,181,68,123,6,137,60,54,151,110,187,39,107,55,14,13,172,12,89,75,182,15,135,53,183,69,159,164,90,28,155,73,99,106,136,115,152,2,161,102,86,133,76,122,116,17,8,16,56,21,108,192,40,104,31,33,154,52,179,27,185,111,96,171,141,98,114,64,79,177,47,88,5,186,199,83,153,129,24,95,149,175,62,120,3,169,191,48,146];False
1912;7195;9107;[34,4,109,70,19,87,121,178,127,132,130,84,77,112,93,147,66,157,103,105,74,188,144,9,142,117,167,61,45,138,41,49,78,128,42,57,197,125,145,126,143,160,91,1,150,124,180,196,36,46,140,92,82,23,189,81,0,85,22,26,176,193,168,20,170,166,38,139,63,118,48,194,29,198,174,184,35,67,32,72,163,25,51,50,190,10,165,113,156,71,44,65,37,94,173,18,131,119,11,153,80,100,30,134,148,195,97,58,158,43,7,101,181,68,123,6,137,60,54,151,110,187,39,107,55,14,13,172,12,89,75,182,15,135,53,183,69,159,164,90,28,155,73,99,106,136,115,152,2,161,102,86,133,76,122,116,17,8,16,56,21,108,192,40,104,31,33,154,52,179,27,185,111,96,171,141,98,114,64,79,177,47,88,5,186,199,83,59,129,24,95,149,175,62,120,3,169,191,162,146];False
1877;7223;9100;[34,4,109,70,19,87,121,178,127,132,130,84,77,112,93,147,66,157,103,105,74,188,144,9,142,117,167,61,45,138,41,49,78,128,42,57,197,125,145,126,143,160,91,1,150,124,180,196,36,46,140,92,82,23,189,81,0,85,22,26,176,193,168,20,170,166,38,139,63,118,48,194,29,198,174,184,35,67,32,72,163,25,51,50,190,10,165,113,156,71,44,65,37,94,173,18,131,119,11,59,80,100,30,134,148,195,97,58,158,43,153,101,181,68,123,6,137,60,54,151,110,187,39,107,55,14,13,172,12,89,75,182,15,135,53,183,69,159,164,90,28,155,73,99,106,136,115,152,2,161,102,86,133,76,122,116,17,8,16,56,21,108,192,40,104,31,33,154,52,179,27,185,111,96,171,141,98,114,64,79,177,47,88,5,186,199,83,7,129,24,95,149,175,62,120,3,169,191,162,146];False
1884;7211;9095;[34,4,109,70,19,87,121,178,127,132,130,84,77,112,93,147,66,157,103,105,74,188,144,9,142,117,167,61,45,138,41,49,78,128,42,57,197,125,145,126,143,160,91,1,150,124,180,196,36,46,140,92,82,23,189,81,0,85,22,26,176,193,168,20,170,166,38,139,63,118,48,194,29,198,174,184,35,67,32,72,163,25,51,50,190,10,165,113,156,71,44,65,37,94,173,18,131,119,11,59,80,100,30,134,148,195,97,58,158,43,7,101,181,68,123,6,149,60,54,151,110,187,39,107,55,14,13,172,12,89,75,182,15,135,53,183,69,159,164,90,28,155,73,99,106,136,115,152,2,161,102,86,133,76,122,116,17,8,16,56,21,108,192,40,104,31,33,154,52,179,27,185,111,96,171,141,98,114,64,79,177,47,88,5,186,199,83,153,129,24,95,137,175,62,120,3,169,191,162,146];False
1810;7262;9072;[34,4,109,70,19,87,121,178,127,132,130,84,77,112,93,147,66,157,103,105,74,188,144,9,142,117,167,61,45,65,41,49,78,128,42,57,197,125,145,126,143,160,91,1,150,124,180,196,36,46,140,92,82,23,189,176,0,85,22,26,81,182,168,20,170,166,38,139,63,118,48,194,29,198,174,184,35,67,32,72,163,25,51,50,190,10,165,113,156,71,44,138,37,94,173,18,131,119,11,59,80,100,30,134,148,195,97,58,158,43,7,101,181,68,123,6,137,60,54,151,110,187,39,107,55,14,13,172,12,89,75,129,15,135,53,183,69,159,164,90,28,155,73,99,106,136,115,152,2,161,102,86,133,76,122,116,17,8,16,56,21,108,192,40,104,31,33,154,52,179,27,185,111,96,171,141,98,114,64,79,177,47,88,5,186,199,83,153,193,24,95,149,175,62,120,3,169,191,162,146];False
1835;7246;9081;[34,4,109,70,19,87,121,178,127,132,130,84,77,112,93,147,66,157,103,105,74,188,144,9,142,117,167,61,45,65,41,49,78,128,42,57,197,125,145,126,143,160,91,1,150,124,180,196,36,46,140,92,82,23,189,81,0,85,22,26,176,182,168,20,170,166,38,139,63,118,48,194,29,198,174,184,35,67,32,72,163,25,51,50,190,10,165,113,156,71,44,138,37,94,173,18,131,119,11,59,80,100,30,134,148,195,97,58,158,43,7,101,181,68,123,6,149,60,54,151,110,187,39,107,55,14,13,172,12,89,75,129,15,135,53,183,69,159,164,90,28,155,73,99,106,136,115,152,2,161,102,86,133,76,122,116,17,8,16,56,21,108,192,40,104,31,33,154,52,179,27,185,111,96,171,141,98,114,64,79,177,47,88,5,186,199,83,153,193,24,95,137,175,62,120,3,169,191,162,146];False
1830;7252;9082;[34,4,109,70,19,87,121,178,111,132,130,84,77,112,93,147,66,157,103,105,74,188,144,9,142,117,167,61,45,138,41,49,78,128,42,57,197,125,145,126,143,160,91,1,150,124,180,196,36,46,140,92,82,23,189,176,0,85,22,26,81,182,168,20,170,166,38,139,63,118,48,194,29,198,174,184,35,67,32,72,163,25,51,50,190,10,165,113,156,71,44,65,37,94,173,18,131,119,11,59,80,100,30,134,148,195,97,58,158,43,7,101,181,68,123,6,137,60,54,151,110,187,39,107,55,14,13,172,12,89,75,129,15,135,53,183,69,159,164,90,28,155,73,99,106,136,115,152,2,161,102,86,133,76,122,116,17,8,16,56,21,108,192,40,104,31,33,154,52,179,27,185,127,96,171,141,98,114,64,79,177,47,88,5,186,199,83,153,193,24,95,149,175,62,120,3,169,191,162,146];False
1798;7266;9064;[34,4,109,70,19,87,121,178,127,132,130,84,77,112,93,147,66,157,103,105,74,188,144,31,142,117,167,61,45,138,41,49,78,128,42,57,197,125,145,126,143,160,91,1,150,124,180,196,36,46,140,92,82,23,189,176,0,85,22,26,81,182,168,20,170,166,38,139,63,118,48,194,29,198,174,184,35,67,32,72,163,25,51,50,190,10,165,113,156,71,44,65,37,94,173,18,131,119,11,59,80,100,30,134,148,195,97,58,158,43,7,101,181,68,123,6,137,60,54,151,110,187,39,107,55,14,13,172,12,89,75,129,15,135,53,183,69,159,164,90,28,155,73,99,106,136,115,152,2,161,102,86,133,76,122,116,17,8,16,56,21,108,192,40,104,9,33,154,52,179,27,185,111,96,171,141,98,114,64,79,177,47,88,5,186,199,83,153,193,24,95,149,175,62,120,3,169,191,162,146];False
1827;7255;9082;[34,4,109,70,19,87,121,178,127,132,130,84,77,112,93,147,66,157,103,105,74,188,144,9,142,117,167,61,45,138,41,49,78,128,42,57,197,125,145,126,143,160,91,1,150,124,180,196,36,46,140,92,82,23,189,176,0,85,22,26,81,182,104,20,170,166,38,139,63,118,48,194,29,198,174,184,35,67,32,72,163,25,51,50,190,10,165,113,156,71,44,65,37,94,173,18,131,119,11,59,80,100,30,134,148,195,97,58,158,43,7,101,181,68,123,6,137,60,54,151,110,187,39,107,55,14,13,172,12,89,75,129,15,135,53,183,69,159,164,90,28,155,73,99,106,136,115,152,2,161,102,86,133,76,122,116,17,8,16,56,21,108,192,40,168,31,33,154,52,179,27,185,111,96,171,141,98,114,64,79,177,47,88,5,186,199,83,153,193,24,95,149,175,62,120,3,169,191,162,146];False
1792;7266;9058;[34,4,109,70,19,87,121,178,127,132,130,84,77,112,93,147,66,157,103,105,74,188,144,9,142,117,167,61,45,138,41,49,78,128,42,57,197,125,145,126,143,160,91,1,150,124,180,196,36,46,140,92,82,23,189,176,0,85,22,26,81,182,168,20,170,166,38,139,63,118,48,194,29,198,174,184,35,67,32,72,163,25,51,50,190,10,165,113,156,71,44,65,37,94,173,18,131,119,11,59,80,100,30,134,148,195,97,58,158,43,7,101,181,68,123,6,149,60,54,151,110,187,39,107,55,14,13,172,12,89,75,129,15,135,53,183,69,159,164,90,28,155,73,99,106,136,115,152,2,161,102,86,133,76,122,116,17,8,16,56,21,108,192,40,104,31,33,154,52,179,27,185,111,96,171,141,98,114,64,79,177,47,88,5,186,199,83,153,193,24,95,137,175,62,120,3,169,191,162,146];False
1855;7236;9091;[34,4,109,70,19,87,121,178,111,132,130,84,77,112,93,147,66,157,103,105,74,188,144,9,142,117,167,61,45,138,41,49,78,128,42,57,197,125,145,126,143,160,91,1,150,124,180,196,36,46,140,92,82,23,189,81,0,85,22,26,176,182,168,20,170,166,38,139,63,118,48,194,29,198,174,184,35,67,32,72,163,25,51,50,190,10,165,113,156,71,44,65,37,94,173,18,131,119,11,59,80,100,30,134,148,195,97,58,158,43,7,101,181,68,123,6,149,60,54,151,110,187,39,107,55,14,13,172,12,89,75,129,15,135,53,183,69,159,164,90,28,155,73,99,106,136,115,152,2,161,102,86,133,76,122,116,17,8,16,56,21,108,192,40,104,31,33,154,52,179,27,185,127,96,171,141,98,114,64,79,177,47,88,5,186,199,83,153,193,24,95,137,175,62,120,3,169,191,162,146];False
1823;7250;9073;[34,4,109,70,19,87,121,178,127,132,130,84,77,112,93,147,66,157,103,105,74,188,144,31,142,117,167,61,45,138,41,49,78,128,42,57,197,125,145,126,143,160,91,1,150,124,180,196,36,46,140,92,82,23,189,81,0,85,22,26,176,182,168,20,170,166,38,139,63,118,48,194,29,198,174,184,35,67,32,72,163,25,51,50,190,10,165,113,156,71,44,65,37,94,173,18,131,119,11,59,80,100,30,134,148,195,97,58,158,43,7,101,181,68,123,6,149,60,54,151,110,187,39,107,55,14,13,172,12,89,75,129,15,135,53,183,69,159,164,90,28,155,73,99,106,136,115,152,2,161,102,86,133,76,122,116,17,8,16,56,21,108,192,40,104,9,33,154,52,179,27,185,111,96,171,141,98,114,64,79,177,47,88,5,186,199,83,153,193,24,95,137,175,62,120,3,169,191,162,146];False
1852;7239;9091;[34,4,109,70,19,87,121,178,127,132,130,84,77,112,93,147,66,157,103,105,74,188,144,9,142,117,167,61,45,138,41,49,78,128,42,57,197,125,145,126,143,160,91,1,150,124,180,196,36,46,140,92,82,23,189,81,0,85,22,26,176,182,104,20,170,166,38,139,63,118,48,194,29,198,174,184,35,67,32,72,163,25,51,50,190,10,165,113,156,71,44,65,37,94,173,18,131,119,11,59,80,100,30,134,148,195,97,58,158,43,7,101,181,68,123,6,149,60,54,151,110,187,39,107,55,14,13,172,12,89,75,129,15,135,53,183,69,159,164,90,28,155,73,99,106,136,115,152,2,161,102,86,133,76,122,116,17,8,16,56,21,108,192,40,168,31,33,154,52,179,27,185,111,96,171,141,98,114,64,79,177,47,88,5,186,199,83,153,193,24,95,137,175,62,120,3,169,191,162,146];False
2008;7184;9192;[34,190,109,70,19,87,121,178,127,132,130,84,77,112,93,147,66,157,103,105,74,188,144,9,142,117,167,61,45,138,41,49,78,128,42,57,197,125,145,126,143,160,91,1,150,124,180,196,36,46,140,92,82,23,189,81,0,85,22,26,176,193,168,20,67,166,38,139,63,118,48,194,29,198,174,184,35,170,32,72,163,25,51,50,4,10,165,113,156,71,44,65,37,94,173,18,131,119,11,59,80,100,30,134,148,195,97,58,158,43,7,101,181,68,123,6,137,60,54,151,110,187,39,107,55,14,13,172,12,89,75,182,15,135,53,183,69,159,164,90,28,155,73,99,106,136,115,152,2,161,102,86,133,76,122,116,17,8,16,56,21,108,192,40,104,31,33,154,52,179,27,185,111,96,171,141,98,114,64,79,177,47,88,5,186,199,83,153,129,24,95,149,175,62,120,3,169,191,162,146];False
1960;7183;9143;[34,4,109,70,19,87,121,178,111,132,130,84,77,112,93,147,66,157,103,105,74,188,144,9,142,117,167,61,45,138,41,49,78,128,42,57,197,125,145,126,143,160,91,1,150,124,180,196,36,46,140,92,82,23,189,81,0,85,22,26,176,193,168,20,67,166,38,139,63,118,48,194,29,198,174,184,35,170,32,72,163,25,51,50,190,10,165,113,156,71,44,65,37,94,173,18,131,119,11,59,80,100,30,134,148,195,97,58,158,43,7,101,181,68,123,6,137,60,54,151,110,187,39,107,55,14,13,172,12,89,75,182,15,135,53,183,69,159,164,90,28,155,73,99,106,136,115,152,2,161,102,86,133,76,122,116,17,8,16,56,21,108,192,40,104,31,33,154,52,179,27,185,127,96,171,141,98,114,64,79,177,47,88,5,186,199,83,153,129,24,95,149,175,62,120,3,169,191,162,146];False
2029;7181;9210;[34,4,109,70,19,87,121,178,127,132,130,84,77,112,93,184,66,157,103,105,74,188,144,9,142,117,167,61,45,138,41,49,78,128,42,57,197,125,145,126,143,160,91,1,150,124,180,196,36,46,140,92,82,23,189,81,0,85,22,26,176,193,168,20,67,166,38,139,63,118,48,194,29,198,174,147,35,170,32,72,163,25,51,50,190,10,165,113,156,71,44,65,37,94,173,18,131,119,11,59,80,100,30,134,148,195,97,58,158,43,7,101,181,68,123,6,137,60,54,151,110,187,39,107,55,14,13,172,12,89,75,182,15,135,53,183,69,159,164,90,28,155,73,99,106,136,115,152,2,161,102,86,133,76,122,116,17,8,16,56,21,108,192,40,104,31,33,154,52,179,27,185,111,96,171,141,98,114,64,79,177,47,88,5,186,199,83,153,129,24,95,149,175,62,120,3,169,191,162,146];False
1940;7193;9133;[34,4,109,70,19,87,121,178,127,132,130,84,77,112,93,147,66,157,103,105,74,188,144,9,142,117,167,61,45,65,41,49,78,128,42,57,197,125,145,126,143,160,91,1,150,124,180,196,36,46,140,92,82,23,189,81,0,85,22,26,176,193,168,20,67,166,38,139,63,118,48,194,29,198,174,184,35,170,32,72,163,25,51,50,190,10,165,113,156,71,44,138,37,94,173,18,131,119,11,59,80,100,30,134,148,195,97,58,158,43,7,101,181,68,123,6,137,60,54,151,110,187,39,107,55,14,13,172,12,89,75,182,15,135,53,183,69,159,164,90,28,155,73,99,106,136,115,152,2,161,102,86,133,76,122,116,17,8,16,56,21,108,192,40,104,31,33,154,52,179,27,185,111,96,171,141,98,114,64,79,177,47,88,5,186,199,83,153,129,24,95,149,175,62,120,3,169,191,162,146];False
2016;7181;9197;[34,4,109,70,19,87,121,178,127,132,130,84,77,112,93,147,66,157,103,105,74,188,144,9,142,117,167,61,45,138,41,49,78,128,42,57,197,125,145,126,143,160,91,1,150,124,180,196,36,46,140,92,108,23,189,81,0,85,22,26,176,193,168,20,67,166,38,139,63,118,48,194,29,198,174,184,35,170,32,72,163,25,51,50,190,10,165,113,156,71,44,65,37,94,173,18,131,119,11,59,80,100,30,134,148,195,97,58,158,43,7,101,181,68,123,6,137,60,54,151,110,187,39,107,55,14,13,172,12,89,75,182,15,135,53,183,69,159,164,90,28,155,73,99,106,136,115,152,2,161,102,86,133,76,122,116,17,8,16,56,21,82,192,40,104,31,33,154,52,179,27,185,111,96,171,141,98,114,64,79,177,47,88,5,186,199,83,153,129,24,95,149,175,62,120,3,169,191,162,146];False
2056;7169;9225;[34,4,109,70,19,87,121,178,127,132,130,84,77,112,93,147,66,157,103,105,74,188,144,9,142,117,167,61,45,138,41,49,78,128,42,57,197,125,145,126,143,160,91,1,150,124,180,196,36,46,140,92,82,23,189,81,0,85,22,26,176,193,16,20,67,166,38,139,63,118,48,194,29,198,174,184,35,170,32,72,163,25,51,50,190,10,165,113,156,71,44,65,37,94,173,18,131,119,11,59,80,100,30,134,148,195,97,58,158,43,7,101,181,68,123,6,137,60,54,151,110,187,39,107,55,14,13,172,12,89,75,182,15,135,53,183,69,159,164,90,28,155,73,99,106,136,115,152,2,161,102,86,133,76,122,116,17,8,168,56,21,108,192,40,104,31,33,154,52,179,27,185,111,96,171,141,98,114,64,79,177,47,88,5,186,199,83,153,129,24,95,149,175,62,120,3,169,191,162,146];False
2071;7162;9233;[34,4,109,70,19,87,121,178,127,132,130,84,77,112,93,147,66,157,103,105,74,188,144,9,142,117,167,61,45,138,41,49,78,128,42,57,197,125,145,126,143,160,91,1,150,124,180,196,36,46,140,92,82,23,189,81,0,85,22,26,176,193,168,20,67,166,38,139,63,118,162,194,29,198,174,184,35,170,32,72,163,25,51,50,190,10,165,113,156,71,44,65,37,94,173,18,131,119,11,59,80,100,30,134,148,195,97,58,158,43,7,101,181,68,123,6,137,60,54,151,110,187,39,107,55,14,13,172,12,89,75,182,15,135,53,183,69,159,164,90,28,155,73,99,106,136,115,152,2,161,102,86,133,76,122,116,17,8,16,56,21,108,192,40,104,31,33,154,52,179,27,185,111,96,171,141,98,114,64,79,177,47,88,5,186,199,83,153,129,24,95,149,175,62,120,3,169,191,48,146];False
1950;7181;9131;[34,4,109,70,19,87,121,178,127,132,130,84,77,112,93,147,66,157,103,105,74,188,144,9,142,117,167,61,45,138,41,49,78,128,42,57,197,125,145,126,143,160,91,1,150,124,180,196,36,46,140,92,82,23,189,81,0,85,22,26,176,193,168,20,67,166,38,139,63,118,48,194,29,198,174,184,35,170,32,72,163,25,51,50,190,10,165,113,156,71,44,65,37,94,173,18,131,119,11,153,80,100,30,134,148,195,97,58,158,43,7,101,181,68,123,6,137,60,54,151,110,187,39,107,55,14,13,172,12,89,75,182,15,135,53,183,69,159,164,90,28,155,73,99,106,136,115,152,2,161,102,86,133,76,122,116,17,8,16,56,21,108,192,40,104,31,33,154,52,179,27,185,111,96,171,141,98,114,64,79,177,47,88,5,186,199,83,59,129,24,95,149,175,62,120,3,169,191,162,146];False
2026;7177;9203;[34,4,109,70,19,87,121,178,127,132,130,84,77,112,93,147,66,157,103,105,74,188,144,9,142,117,167,61,45,138,41,49,78,128,42,57,197,125,145,126,143,160,91,1,150,124,180,196,36,46,140,92,82,23,189,81,0,85,22,26,176,193,168,20,67,166,38,139,63,118,48,194,29,198,174,184,35,170,32,72,163,25,51,50,190,10,165,113,156,71,44,65,37,94,173,18,131,119,11,59,80,100,30,134,148,195,97,58,158,43,7,101,181,68,123,6,137,60,54,151,110,52,39,107,55,14,13,172,12,89,75,182,15,135,53,183,69,159,164,90,28,155,73,99,106,136,115,152,2,161,102,86,133,76,122,116,17,8,16,56,21,108,192,40,104,31,33,154,187,179,27,185,111,96,171,141,98,114,64,79,177,47,88,5,186,199,83,153,129,24,95,149,175,62,120,3,169,191,162,146];False
2008;7179;9187;[34,4,109,70,19,87,121,178,127,132,130,84,77,112,93,147,66,157,103,105,74,188,144,9,142,117,167,61,45,138,41,49,78,128,42,57,197,125,145,126,143,160,91,1,150,124,180,196,36,46,140,92,82,23,189,81,0,85,22,26,176,193,168,20,67,166,38,139,63,118,48,194,29,198,174,184,35,170,32,72,163,25,51,50,190,10,165,113,156,71,44,65,37,94,173,18,131,119,11,59,80,100,30,134,148,195,97,58,158,43,7,101,181,68,123,6,137,60,54,151,110,187,39,107,55,14,13,172,12,89,75,182,15,135,53,183,69,159,164,90,28,155,73,99,106,136,115,152,2,161,102,86,133,76,122,116,17,8,16,56,21,108,192,40,104,31,33,154,52,177,27,185,111,96,171,141,98,114,64,79,179,47,88,5,186,199,83,153,129,24,95,149,175,62,120,3,169,191,162,146];False
1853;7233;9086;[34,4,168,70,19,87,121,178,127,132,130,84,77,112,93,147,66,157,103,105,74,188,144,31,142,117,167,61,45,138,41,49,78,128,42,57,197,125,145,126,143,160,91,1,150,124,180,196,36,46,140,92,82,23,189,81,0,85,22,26,176,193,109,20,170,166,38,139,63,118,48,194,29,198,174,184,35,67,32,72,163,25,51,50,190,10,165,113,156,71,44,65,37,94,173,18,131,119,11,59,80,100,30,134,148,195,97,58,158,43,7,101,181,68,123,6,137,60,54,151,110,187,39,107,55,14,13,172,12,89,75,182,15,135,53,183,69,159,164,90,28,155,73,99,106,136,115,152,2,161,102,86,133,76,122,116,17,8,16,56,21,108,192,40,104,9,33,154,52,179,27,185,111,96,171,141,98,114,64,79,177,47,88,5,186,199,83,153,129,24,95,149,175,62,120,3,169,191,162,146];False
1865;7229;9094;[34,4,168,70,19,87,121,178,127,132,130,84,77,112,93,147,66,157,103,105,74,188,144,9,142,117,167,61,45,65,41,49,78,128,42,57,197,125,145,126,143,160,91,1,150,124,180,196,36,46,140,92,82,23,189,81,0,85,22,26,176,193,109,20,170,166,38,139,63,118,48,194,29,198,174,184,35,67,32,72,163,25,51,50,190,10,165,113,156,71,44,138,37,94,173,18,131,119,11,59,80,100,30,134,148,195,97,58,158,43,7,101,181,68,123,6,137,60,54,151,110,187,39,107,55,14,13,172,12,89,75,182,15,135,53,183,69,159,164,90,28,155,73,99,106,136,115,152,2,161,102,86,133,76,122,116,17,8,16,56,21,108,192,40,104,31,33,154,52,179,27,185,111,96,171,141,98,114,64,79,177,47,88,5,186,199,83,153,129,24,95,149,175,62,120,3,169,191,162,146];False
1875;7217;9092;[34,4,168,70,19,87,121,178,127,132,130,84,77,112,93,147,66,157,103,105,74,188,144,9,142,117,167,61,45,138,41,49,78,128,42,57,197,125,145,126,143,160,91,1,150,124,180,196,36,46,140,92,82,23,189,81,0,85,22,26,176,193,109,20,170,166,38,139,63,118,48,194,29,198,174,184,35,67,32,72,163,25,51,50,190,10,165,113,156,71,44,65,37,94,173,18,131,119,11,153,80,100,30,134,148,195,97,58,158,43,7,101,181,68,123,6,137,60,54,151,110,187,39,107,55,14,13,172,12,89,75,182,15,135,53,183,69,159,164,90,28,155,73,99,106,136,115,152,2,161,102,86,133,76,122,116,17,8,16,56,21,108,192,40,104,31,33,154,52,179,27,185,111,96,171,141,98,114,64,79,177,47,88,5,186,199,83,59,129,24,95,149,175,62,120,3,169,191,162,146];False
1847;7233;9080;[34,4,168,70,19,87,121,178,127,132,130,84,77,112,93,147,66,157,103,105,74,188,144,9,142,117,167,61,45,138,41,49,78,128,42,57,197,125,145,126,143,160,91,1,150,124,180,196,36,46,140,92,82,23,189,81,0,85,22,26,176,193,109,20,170,166,38,139,63,118,48,194,29,198,174,184,35,67,32,72,163,25,51,50,190,10,165,113,156,71,44,65,37,94,173,18,131,119,11,59,80,100,30,134,148,195,97,58,158,43,7,101,181,68,123,6,149,60,54,151,110,187,39,107,55,14,13,172,12,89,75,182,15,135,53,183,69,159,164,90,28,155,73,99,106,136,115,152,2,161,102,86,133,76,122,116,17,8,16,56,21,108,192,40,104,31,33,154,52,179,27,185,111,96,171,141,98,114,64,79,177,47,88,5,186,199,83,153,129,24,95,137,175,62,120,3,169,191,162,146];False
1907;7200;9107;[34,4,109,70,19,87,121,178,127,132,130,84,77,112,93,147,66,157,103,105,74,188,144,9,142,117,167,61,45,65,41,49,78,128,42,57,197,125,145,126,143,160,91,1,150,124,180,196,36,46,140,92,82,23,189,81,0,85,22,26,176,193,168,20,170,166,38,139,63,118,48,194,29,198,174,184,35,67,32,72,163,25,51,50,190,10,165,113,156,71,44,138,37,94,173,18,131,119,11,153,80,100,30,134,148,195,97,58,158,43,7,101,181,68,123,6,137,60,54,151,110,187,39,107,55,14,13,172,12,89,75,182,15,135,53,183,69,159,164,90,28,155,73,99,106,136,115,152,2,161,102,86,133,76,122,116,17,8,16,56,21,108,192,40,104,31,33,154,52,179,27,185,111,96,171,141,98,114,64,79,177,47,88,5,186,199,83,59,129,24,95,149,175,62,120,3,169,191,162,146];False
1879;7216;9095;[34,4,109,70,19,87,121,178,127,132,130,84,77,112,93,147,66,157,103,105,74,188,144,9,142,117,167,61,45,65,41,49,78,128,42,57,197,125,145,126,143,160,91,1,150,124,180,196,36,46,140,92,82,23,189,81,0,85,22,26,176,193,168,20,170,166,38,139,63,118,48,194,29,198,174,184,35,67,32,72,163,25,51,50,190,10,165,113,156,71,44,138,37,94,173,18,131,119,11,59,80,100,30,134,148,195,97,58,158,43,7,101,181,68,123,6,149,60,54,151,110,187,39,107,55,14,13,172,12,89,75,182,15,135,53,183,69,159,164,90,28,155,73,99,106,136,115,152,2,161,102,86,133,76,122,116,17,8,16,56,21,108,192,40,104,31,33,154,52,179,27,185,111,96,171,141,98,114,64,79,177,47,88,5,186,199,83,153,129,24,95,137,175,62,120,3,169,191,162,146];False
2048;7171;9219;[34,4,109,70,19,87,121,178,111,132,130,84,77,112,93,147,66,157,103,105,74,188,144,9,142,117,167,61,45,138,41,49,78,128,42,57,197,125,145,126,143,160,91,1,150,124,180,196,36,46,140,92,82,23,189,81,0,85,22,26,176,193,168,20,170,166,38,139,63,118,162,194,29,198,174,184,35,67,32,72,163,25,51,50,190,10,165,113,156,71,44,65,37,94,173,18,131,119,11,59,80,100,30,134,148,195,97,58,158,43,7,101,181,68,123,6,137,60,54,151,110,187,39,107,55,14,13,172,12,89,75,182,15,135,53,183,69,159,164,90,28,155,73,99,106,136,115,152,2,161,102,86,133,76,122,116,17,8,16,56,21,108,192,40,104,31,33,154,52,179,27,185,127,96,171,141,98,114,64,79,177,47,88,5,186,199,83,153,129,24,95,149,175,62,120,3,169,191,48,146];False
2038;7169;9207;[34,4,109,70,19,87,121,178,127,132,130,84,77,112,93,147,66,157,103,105,74,188,144,9,142,117,167,61,45,138,41,49,78,128,42,57,197,125,145,126,143,160,91,1,150,124,180,196,36,46,140,92,82,23,189,81,0,85,22,26,176,193,168,20,170,166,38,139,63,118,162,194,29,198,174,184,35,67,32,72,163,25,51,50,190,10,165,113,156,71,44,65,37,94,173,18,131,119,11,153,80,100,30,134,148,195,97,58,158,43,7,101,181,68,123,6,137,60,54,151,110,187,39,107,55,14,13,172,12,89,75,182,15,135,53,183,69,159,164,90,28,155,73,99,106,136,115,152,2,161,102,86,133,76,122,116,17,8,16,56,21,108,192,40,104,31,33,154,52,179,27,185,111,96,171,141,98,114,64,79,177,47,88,5,186,199,83,59,129,24,95,149,175,62,120,3,169,191,48,146];False
1927;7190;9117;[34,4,109,70,19,87,121,178,111,132,130,84,77,112,93,147,66,157,103,105,74,188,144,9,142,117,167,61,45,138,41,49,78,128,42,57,197,125,145,126,143,160,91,1,150,124,180,196,36,46,140,92,82,23,189,81,0,85,22,26,176,193,168,20,170,166,38,139,63,118,48,194,29,198,174,184,35,67,32,72,163,25,51,50,190,10,165,113,156,71,44,65,37,94,173,18,131,119,11,153,80,100,30,134,148,195,97,58,158,43,7,101,181,68,123,6,137,60,54,151,110,187,39,107,55,14,13,172,12,89,75,182,15,135,53,183,69,159,164,90,28,155,73,99,106,136,115,152,2,161,102,86,133,76,122,116,17,8,16,56,21,108,192,40,104,31,33,154,52,179,27,185,127,96,171,141,98,114,64,79,177,47,88,5,186,199,83,59,129,24,95,149,175,62,120,3,169,191,162,146];False
1895;7204;9099;[34,4,109,70,19,87,121,178,127,132,130,84,77,112,93,147,66,157,103,105,74,188,144,31,142,117,167,61,45,138,41,49,78,128,42,57,197,125,145,126,143,160,91,1,150,124,180,196,36,46,140,92,82,23,189,81,0,85,22,26,176,193,168,20,170,166,38,139,63,118,48,194,29,198,174,184,35,67,32,72,163,25,51,50,190,10,165,113,156,71,44,65,37,94,173,18,131,119,11,153,80,100,30,134,148,195,97,58,158,43,7,101,181,68,123,6,137,60,54,151,110,187,39,107,55,14,13,172,12,89,75,182,15,135,53,183,69,159,164,90,28,155,73,99,106,136,115,152,2,161,102,86,133,76,122,116,17,8,16,56,21,108,192,40,104,9,33,154,52,179,27,185,111,96,171,141,98,114,64,79,177,47,88,5,186,199,83,59,129,24,95,149,175,62,120,3,169,191,162,146];False
1969;7179;9148;[34,4,109,70,19,87,121,178,127,132,130,84,77,112,93,147,66,157,103,105,74,188,144,9,142,117,167,61,45,138,41,49,78,128,42,57,197,125,145,126,143,160,91,1,150,124,180,196,36,46,140,92,82,67,189,81,0,85,22,26,176,193,168,20,170,166,38,139,63,118,48,194,29,198,174,184,35,23,32,72,163,25,51,50,190,10,165,113,156,71,44,65,37,94,173,18,131,119,11,153,80,100,30,134,148,195,97,58,158,43,7,101,181,68,123,6,137,60,54,151,110,187,39,107,55,14,13,172,12,89,75,182,15,135,53,183,69,159,164,90,28,155,73,99,106,136,115,152,2,161,102,86,133,76,122,116,17,8,16,56,21,108,192,40,104,31,33,154,52,179,27,185,111,96,171,141,98,114,64,79,177,47,88,5,186,199,83,59,129,24,95,149,175,62,120,3,169,191,162,146];False
2023;7176;9199;[34,4,109,70,19,87,121,178,127,132,130,84,77,112,93,147,66,157,103,105,74,188,144,9,142,117,167,61,45,138,41,49,78,128,42,57,197,125,145,126,143,160,91,1,150,124,180,196,36,46,140,92,82,23,189,81,0,85,22,26,176,193,16,20,170,166,38,139,63,118,48,194,29,198,174,184,35,67,32,72,163,25,51,50,190,10,165,113,156,71,44,65,37,94,173,18,131,119,11,153,80,100,30,134,148,195,97,58,158,43,7,101,181,68,123,6,137,60,54,151,110,187,39,107,55,14,13,172,12,89,75,182,15,135,53,183,69,159,164,90,28,155,73,99,106,136,115,152,2,161,102,86,133,76,122,116,17,8,168,56,21,108,192,40,104,31,33,154,52,179,27,185,111,96,171,141,98,114,64,79,177,47,88,5,186,199,83,59,129,24,95,149,175,62,120,3,169,191,162,146];False
1897;7198;9095;[34,4,109,70,19,87,121,178,127,132,130,84,77,112,93,147,66,157,103,105,74,188,144,9,142,117,167,61,45,138,41,49,78,128,42,57,197,125,145,126,143,160,91,1,150,124,180,196,36,46,140,92,82,23,189,81,0,85,22,26,176,193,168,20,170,166,38,139,63,118,48,194,29,198,174,184,35,67,32,72,163,25,51,50,190,10,165,113,156,71,44,65,37,94,173,18,131,119,83,153,80,100,30,134,148,195,97,58,158,43,7,101,181,68,123,6,137,60,54,151,110,187,39,107,55,14,13,172,12,89,75,182,15,135,53,183,69,159,164,90,28,155,73,99,106,136,115,152,2,161,102,86,133,76,122,116,17,8,16,56,21,108,192,40,104,31,33,154,52,179,27,185,111,96,171,141,98,114,64,79,177,47,88,5,186,199,11,59,129,24,95,149,175,62,120,3,169,191,162,146];False
1889;7204;9093;[34,4,109,70,19,87,121,178,127,132,130,84,77,112,93,147,66,157,103,105,74,188,144,9,142,117,167,61,45,138,41,49,78,128,42,57,197,125,145,126,143,160,91,1,150,124,180,196,36,46,140,92,82,23,189,81,0,85,22,26,176,193,168,20,170,166,38,139,63,118,48,194,29,198,174,184,35,67,32,72,163,25,51,50,190,10,165,113,156,71,44,65,37,94,173,18,131,119,11,153,80,100,30,134,148,195,97,58,158,43,7,101,181,68,123,6,149,60,54,151,110,187,39,107,55,14,13,172,12,89,75,182,15,135,53,183,69,159,164,90,28,155,73,99,106,136,115,152,2,161,102,86,133,76,122,116,17,8,16,56,21,108,192,40,104,31,33,154,52,179,27,185,111,96,171,141,98,114,64,79,177,47,88,5,186,199,83,59,129,24,95,137,175,62,120,3,169,191,162,146];False
1867;7220;9087;[34,4,109,70,19,87,121,178,127,132,130,84,77,112,93,147,66,157,103,105,74,188,144,31,142,117,167,61,45,138,41,49,78,128,42,57,197,125,145,126,143,160,91,1,150,124,180,196,36,46,140,92,82,23,189,81,0,85,22,26,176,193,168,20,170,166,38,139,63,118,48,194,29,198,174,184,35,67,32,72,163,25,51,50,190,10,165,113,156,71,44,65,37,94,173,18,131,119,11,59,80,100,30,134,148,195,97,58,158,43,7,101,181,68,123,6,149,60,54,151,110,187,39,107,55,14,13,172,12,89,75,182,15,135,53,183,69,159,164,90,28,155,73,99,106,136,115,152,2,161,102,86,133,76,122,116,17,8,16,56,21,108,192,40,104,9,33,154,52,179,27,185,111,96,171,141,98,114,64,79,177,47,88,5,186,199,83,153,129,24,95,137,175,62,120,3,169,191,162,146];False
1854;7232;9086;[34,4,109,70,19,87,121,178,127,132,130,84,77,112,93,147,66,157,103,105,74,188,144,9,142,117,167,61,45,138,41,49,78,128,42,57,197,125,145,126,143,160,91,1,150,124,180,196,36,46,140,92,82,23,189,81,0,85,22,26,176,193,168,20,170,166,38,139,63,118,48,194,29,198,174,184,35,67,32,72,163,25,51,50,190,10,165,113,156,71,44,65,37,94,173,18,131,119,11,59,80,100,30,134,148,195,97,58,158,43,153,101,181,68,123,6,149,60,54,151,110,187,39,107,55,14,13,172,12,89,75,182,15,135,53,183,69,159,164,90,28,155,73,99,106,136,115,152,2,161,102,86,133,76,122,116,17,8,16,56,21,108,192,40,104,31,33,154,52,179,27,185,111,96,171,141,98,114,64,79,177,47,88,5,186,199,83,7,129,24,95,137,175,62,120,3,169,191,162,146];False
1787;7271;9058;[34,4,109,70,19,87,121,178,127,132,130,84,77,112,93,147,66,157,103,105,74,188,144,9,142,117,167,61,45,65,41,49,78,128,42,57,197,125,145,126,143,160,91,1,150,124,180,196,36,46,140,92,82,23,189,176,0,85,22,26,81,182,168,20,170,166,38,139,63,118,48,194,29,198,174,184,35,67,32,72,163,25,51,50,190,10,165,113,156,71,44,138,37,94,173,18,131,119,11,59,80,100,30,134,148,195,97,58,158,43,7,101,181,68,123,6,149,60,54,151,110,187,39,107,55,14,13,172,12,89,75,129,15,135,53,183,69,159,164,90,28,155,73,99,106,136,115,152,2,161,102,86,133,76,122,116,17,8,16,56,21,108,192,40,104,31,33,154,52,179,27,185,111,96,171,141,98,114,64,79,177,47,88,5,186,199,83,153,193,24,95,137,175,62,120,3,169,191,162,146];False
1818;7255;9073;[34,4,109,70,19,87,121,178,127,132,130,84,77,112,93,147,66,157,103,105,74,188,144,31,142,117,167,61,45,65,41,49,78,128,42,57,197,125,145,126,143,160,91,1,150,124,180,196,36,46,140,92,82,23,189,81,0,85,22,26,176,182,168,20,170,166,38,139,63,118,48,194,29,198,174,184,35,67,32,72,163,25,51,50,190,10,165,113,156,71,44,138,37,94,173,18,131,119,11,59,80,100,30,134,148,195,97,58,158,43,7,101,181,68,123,6,149,60,54,151,110,187,39,107,55,14,13,172,12,89,75,129,15,135,53,183,69,159,164,90,28,155,73,99,106,136,115,152,2,161,102,86,133,76,122,116,17,8,16,56,21,108,192,40,104,9,33,154,52,179,27,185,111,96,171,141,98,114,64,79,177,47,88,5,186,199,83,153,193,24,95,137,175,62,120,3,169,191,162,146];False
1807;7261;9068;[34,4,109,70,19,87,121,178,111,132,130,84,77,112,93,147,66,157,103,105,74,188,144,9,142,117,167,61,45,138,41,49,78,128,42,57,197,125,145,126,143,160,91,1,150,124,180,196,36,46,140,92,82,23,189,176,0,85,22,26,81,182,168,20,170,166,38,139,63,118,48,194,29,198,174,184,35,67,32,72,163,25,51,50,190,10,165,113,156,71,44,65,37,94,173,18,131,119,11,59,80,100,30,134,148,195,97,58,158,43,7,101,181,68,123,6,149,60,54,151,110,187,39,107,55,14,13,172,12,89,75,129,15,135,53,183,69,159,164,90,28,155,73,99,106,136,115,152,2,161,102,86,133,76,122,116,17,8,16,56,21,108,192,40,104,31,33,154,52,179,27,185,127,96,171,141,98,114,64,79,177,47,88,5,186,199,83,153,193,24,95,137,175,62,120,3,169,191,162,146];False
1775;7275;9050;[34,4,109,70,19,87,121,178,127,132,130,84,77,112,93,147,66,157,103,105,74,188,144,31,142,117,167,61,45,138,41,49,78,128,42,57,197,125,145,126,143,160,91,1,150,124,180,196,36,46,140,92,82,23,189,176,0,85,22,26,81,182,168,20,170,166,38,139,63,118,48,194,29,198,174,184,35,67,32,72,163,25,51,50,190,10,165,113,156,71,44,65,37,94,173,18,131,119,11,59,80,100,30,134,148,195,97,58,158,43,7,101,181,68,123,6,149,60,54,151,110,187,39,107,55,14,13,172,12,89,75,129,15,135,53,183,69,159,164,90,28,155,73,99,106,136,115,152,2,161,102,86,133,76,122,116,17,8,16,56,21,108,192,40,104,9,33,154,52,179,27,185,111,96,171,141,98,114,64,79,177,47,88,5,186,199,83,153,193,24,95,137,175,62,120,3,169,191,162,146];False
1804;7264;9068;[34,4,109,70,19,87,121,178,127,132,130,84,77,112,93,147,66,157,103,105,74,188,144,9,142,117,167,61,45,138,41,49,78,128,42,57,197,125,145,126,143,160,91,1,150,124,180,196,36,46,140,92,82,23,189,176,0,85,22,26,81,182,104,20,170,166,38,139,63,118,48,194,29,198,174,184,35,67,32,72,163,25,51,50,190,10,165,113,156,71,44,65,37,94,173,18,131,119,11,59,80,100,30,134,148,195,97,58,158,43,7,101,181,68,123,6,149,60,54,151,110,187,39,107,55,14,13,172,12,89,75,129,15,135,53,183,69,159,164,90,28,155,73,99,106,136,115,152,2,161,102,86,133,76,122,116,17,8,16,56,21,108,192,40,168,31,33,154,52,179,27,185,111,96,171,141,98,114,64,79,177,47,88,5,186,199,83,153,193,24,95,137,175,62,120,3,169,191,162,146];False
1838;7245;9083;[34,4,109,70,19,87,121,178,111,132,130,84,77,112,93,147,66,157,103,105,74,188,144,31,142,117,167,61,45,138,41,49,78,128,42,57,197,125,145,126,143,160,91,1,150,124,180,196,36,46,140,92,82,23,189,81,0,85,22,26,176,182,168,20,170,166,38,139,63,118,48,194,29,198,174,184,35,67,32,72,163,25,51,50,190,10,165,113,156,71,44,65,37,94,173,18,131,119,11,59,80,100,30,134,148,195,97,58,158,43,7,101,181,68,123,6,149,60,54,151,110,187,39,107,55,14,13,172,12,89,75,129,15,135,53,183,69,159,164,90,28,155,73,99,106,136,115,152,2,161,102,86,133,76,122,116,17,8,16,56,21,108,192,40,104,9,33,154,52,179,27,185,127,96,171,141,98,114,64,79,177,47,88,5,186,199,83,153,193,24,95,137,175,62,120,3,169,191,162,146];False
2066;7167;9233;[34,4,109,70,19,87,121,178,127,132,130,84,77,112,93,147,66,157,103,105,74,188,144,9,142,117,167,61,45,65,41,49,78,128,42,57,197,125,145,126,143,160,91,1,150,124,180,196,36,46,140,92,82,23,189,81,0,85,22,26,176,193,168,20,67,166,38,139,63,118,162,194,29,198,174,184,35,170,32,72,163,25,51,50,190,10,165,113,156,71,44,138,37,94,173,18,131,119,11,59,80,100,30,134,148,195,97,58,158,43,7,101,181,68,123,6,137,60,54,151,110,187,39,107,55,14,13,172,12,89,75,182,15,135,53,183,69,159,164,90,28,155,73,99,106,136,115,152,2,161,102,86,133,76,122,116,17,8,16,56,21,108,192,40,104,31,33,154,52,179,27,185,111,96,171,141,98,114,64,79,177,47,88,5,186,199,83,153,129,24,95,149,175,62,120,3,169,191,48,146];False
2076;7155;9231;[34,4,109,70,19,87,121,178,127,132,130,84,77,112,93,147,66,157,103,105,74,188,144,9,142,117,167,61,45,138,41,49,78,128,42,57,197,125,145,126,143,160,91,1,150,124,180,196,36,46,140,92,82,23,189,81,0,85,22,26,176,193,168,20,67,166,38,139,63,118,162,194,29,198,174,184,35,170,32,72,163,25,51,50,190,10,165,113,156,71,44,65,37,94,173,18,131,119,11,153,80,100,30,134,148,195,97,58,158,43,7,101,181,68,123,6,137,60,54,151,110,187,39,107,55,14,13,172,12,89,75,182,15,135,53,183,69,159,164,90,28,155,73,99,106,136,115,152,2,161,102,86,133,76,122,116,17,8,16,56,21,108,192,40,104,31,33,154,52,179,27,185,111,96,171,141,98,114,64,79,177,47,88,5,186,199,83,59,129,24,95,149,175,62,120,3,169,191,48,146];False
2013;7177;9190;[34,190,109,70,19,87,121,178,127,132,130,84,77,112,93,147,66,157,103,105,74,188,144,9,142,117,167,61,45,138,41,49,78,128,42,57,197,125,145,126,143,160,91,1,150,124,180,196,36,46,140,92,82,23,189,81,0,85,22,26,176,193,168,20,67,166,38,139,63,118,48,194,29,198,174,184,35,170,32,72,163,25,51,50,4,10,165,113,156,71,44,65,37,94,173,18,131,119,11,153,80,100,30,134,148,195,97,58,158,43,7,101,181,68,123,6,137,60,54,151,110,187,39,107,55,14,13,172,12,89,75,182,15,135,53,183,69,159,164,90,28,155,73,99,106,136,115,152,2,161,102,86,133,76,122,116,17,8,16,56,21,108,192,40,104,31,33,154,52,179,27,185,111,96,171,141,98,114,64,79,177,47,88,5,186,199,83,59,129,24,95,149,175,62,120,3,169,191,162,146];False
1965;7176;9141;[34,4,109,70,19,87,121,178,111,132,130,84,77,112,93,147,66,157,103,105,74,188,144,9,142,117,167,61,45,138,41,49,78,128,42,57,197,125,145,126,143,160,91,1,150,124,180,196,36,46,140,92,82,23,189,81,0,85,22,26,176,193,168,20,67,166,38,139,63,118,48,194,29,198,174,184,35,170,32,72,163,25,51,50,190,10,165,113,156,71,44,65,37,94,173,18,131,119,11,153,80,100,30,134,148,195,97,58,158,43,7,101,181,68,123,6,137,60,54,151,110,187,39,107,55,14,13,172,12,89,75,182,15,135,53,183,69,159,164,90,28,155,73,99,106,136,115,152,2,161,102,86,133,76,122,116,17,8,16,56,21,108,192,40,104,31,33,154,52,179,27,185,127,96,171,141,98,114,64,79,177,47,88,5,186,199,83,59,129,24,95,149,175,62,120,3,169,191,162,146];False
2034;7174;9208;[34,4,109,70,19,87,121,178,127,132,130,84,77,112,93,184,66,157,103,105,74,188,144,9,142,117,167,61,45,138,41,49,78,128,42,57,197,125,145,126,143,160,91,1,150,124,180,196,36,46,140,92,82,23,189,81,0,85,22,26,176,193,168,20,67,166,38,139,63,118,48,194,29,198,174,147,35,170,32,72,163,25,51,50,190,10,165,113,156,71,44,65,37,94,173,18,131,119,11,153,80,100,30,134,148,195,97,58,158,43,7,101,181,68,123,6,137,60,54,151,110,187,39,107,55,14,13,172,12,89,75,182,15,135,53,183,69,159,164,90,28,155,73,99,106,136,115,152,2,161,102,86,133,76,122,116,17,8,16,56,21,108,192,40,104,31,33,154,52,179,27,185,111,96,171,141,98,114,64,79,177,47,88,5,186,199,83,59,129,24,95,149,175,62,120,3,169,191,162,146];False
2061;7168;9229;[34,4,109,70,19,87,121,178,127,132,130,84,77,112,93,147,66,157,103,105,74,188,144,123,142,117,167,61,45,138,41,49,78,128,42,57,197,125,145,126,143,160,91,1,150,124,180,196,36,46,140,92,82,23,189,81,0,85,22,26,176,193,168,20,67,166,38,139,63,118,48,194,29,198,174,184,35,170,32,72,163,25,51,50,190,10,165,113,156,71,44,65,37,94,173,18,131,119,11,153,80,100,30,134,148,195,97,58,158,43,7,101,181,68,9,6,137,60,54,151,110,187,39,107,55,14,13,172,12,89,75,182,15,135,53,183,69,159,164,90,28,155,73,99,106,136,115,152,2,161,102,86,133,76,122,116,17,8,16,56,21,108,192,40,104,31,33,154,52,179,27,185,111,96,171,141,98,114,64,79,177,47,88,5,186,199,83,59,129,24,95,149,175,62,120,3,169,191,162,146];False
1945;7186;9131;[34,4,109,70,19,87,121,178,127,132,130,84,77,112,93,147,66,157,103,105,74,188,144,9,142,117,167,61,45,65,41,49,78,128,42,57,197,125,145,126,143,160,91,1,150,124,180,196,36,46,140,92,82,23,189,81,0,85,22,26,176,193,168,20,67,166,38,139,63,118,48,194,29,198,174,184,35,170,32,72,163,25,51,50,190,10,165,113,156,71,44,138,37,94,173,18,131,119,11,153,80,100,30,134,148,195,97,58,158,43,7,101,181,68,123,6,137,60,54,151,110,187,39,107,55,14,13,172,12,89,75,182,15,135,53,183,69,159,164,90,28,155,73,99,106,136,115,152,2,161,102,86,133,76,122,116,17,8,16,56,21,108,192,40,104,31,33,154,52,179,27,185,111,96,171,141,98,114,64,79,177,47,88,5,186,199,83,59,129,24,95,149,175,62,120,3,169,191,162,146];False
2021;7174;9195;[34,4,109,70,19,87,121,178,127,132,130,84,77,112,93,147,66,157,103,105,74,188,144,9,142,117,167,61,45,138,41,49,78,128,42,57,197,125,145,126,143,160,91,1,150,124,180,196,36,46,140,92,108,23,189,81,0,85,22,26,176,193,168,20,67,166,38,139,63,118,48,194,29,198,174,184,35,170,32,72,163,25,51,50,190,10,165,113,156,71,44,65,37,94,173,18,131,119,11,153,80,100,30,134,148,195,97,58,158,43,7,101,181,68,123,6,137,60,54,151,110,187,39,107,55,14,13,172,12,89,75,182,15,135,53,183,69,159,164,90,28,155,73,99,106,136,115,152,2,161,102,86,133,76,122,116,17,8,16,56,21,82,192,40,104,31,33,154,52,179,27,185,111,96,171,141,98,114,64,79,177,47,88,5,186,199,83,59,129,24,95,149,175,62,120,3,169,191,162,146];False
2061;7162;9223;[34,4,109,70,19,87,121,178,127,132,130,84,77,112,93,147,66,157,103,105,74,188,144,9,142,117,167,61,45,138,41,49,78,128,42,57,197,125,145,126,143,160,91,1,150,124,180,196,36,46,140,92,82,23,189,81,0,85,22,26,176,193,16,20,67,166,38,139,63,118,48,194,29,198,174,184,35,170,32,72,163,25,51,50,190,10,165,113,156,71,44,65,37,94,173,18,131,119,11,153,80,100,30,134,148,195,97,58,158,43,7,101,181,68,123,6,137,60,54,151,110,187,39,107,55,14,13,172,12,89,75,182,15,135,53,183,69,159,164,90,28,155,73,99,106,136,115,152,2,161,102,86,133,76,122,116,17,8,168,56,21,108,192,40,104,31,33,154,52,179,27,185,111,96,171,141,98,114,64,79,177,47,88,5,186,199,83,59,129,24,95,149,175,62,120,3,169,191,162,146];False
1935;7184;9119;[34,4,109,70,19,87,121,178,127,132,130,84,77,112,93,147,66,157,103,105,74,188,144,9,142,117,167,61,45,138,41,49,78,128,42,57,197,125,145,126,143,160,91,1,150,124,180,196,36,46,140,92,82,23,189,81,0,85,22,26,176,193,168,20,67,166,38,139,63,118,48,194,29,198,174,184,35,170,32,72,163,25,51,50,190,10,165,113,156,71,44,65,37,94,173,18,131,119,83,153,80,100,30,134,148,195,97,58,158,43,7,101,181,68,123,6,137,60,54,151,110,187,39,107,55,14,13,172,12,89,75,182,15,135,53,183,69,159,164,90,28,155,73,99,106,136,115,152,2,161,102,86,133,76,122,116,17,8,16,56,21,108,192,40,104,31,33,154,52,179,27,185,111,96,171,141,98,114,64,79,177,47,88,5,186,199,11,59,129,24,95,149,175,62,120,3,169,191,162,146];False
2031;7170;9201;[34,4,109,70,19,87,121,178,127,132,130,84,77,112,93,147,66,157,103,105,74,188,144,9,142,117,167,61,45,138,41,49,78,128,42,57,197,125,145,126,143,160,91,1,150,124,180,196,36,46,140,92,82,23,189,81,0,85,22,26,176,193,168,20,67,166,38,139,63,118,48,194,29,198,174,184,35,170,32,72,163,25,51,50,190,10,165,113,156,71,44,65,37,94,173,18,131,119,11,153,80,100,30,134,148,195,97,58,158,43,7,101,181,68,123,6,137,60,54,151,110,52,39,107,55,14,13,172,12,89,75,182,15,135,53,183,69,159,164,90,28,155,73,99,106,136,115,152,2,161,102,86,133,76,122,116,17,8,16,56,21,108,192,40,104,31,33,154,187,179,27,185,111,96,171,141,98,114,64,79,177,47,88,5,186,199,83,59,129,24,95,149,175,62,120,3,169,191,162,146];False
2013;7174;9187;[34,4,109,70,19,87,121,178,127,132,130,84,77,112,93,147,66,157,103,105,74,188,144,9,142,117,167,61,45,138,41,49,78,128,42,57,197,125,145,126,143,160,91,1,150,124,180,196,36,46,140,92,82,23,189,81,0,85,22,26,176,193,168,20,67,166,38,139,63,118,48,194,29,198,174,184,35,170,32,72,163,25,51,50,190,10,165,113,156,71,44,65,37,94,173,18,131,119,11,153,80,100,30,134,148,195,97,58,158,43,7,101,181,68,123,6,137,60,54,151,110,187,39,107,55,14,13,172,12,89,75,182,15,162,53,183,69,159,164,90,28,155,73,99,106,136,115,152,2,161,102,86,133,76,122,116,17,8,16,56,21,108,192,40,104,31,33,154,52,179,27,185,111,96,171,141,98,114,64,79,177,47,88,5,186,199,83,59,129,24,95,149,175,62,120,3,169,191,135,146];False
2013;7172;9185;[34,4,109,70,19,87,121,178,127,132,130,84,77,112,93,147,66,157,103,105,74,188,144,9,142,117,167,61,45,138,41,49,78,128,42,57,197,125,145,126,143,160,91,1,150,124,180,196,36,46,140,92,82,23,189,81,0,85,22,26,176,193,168,20,67,166,38,139,63,118,48,194,29,198,174,184,35,170,32,72,163,25,51,50,190,10,165,113,156,71,44,65,37,94,173,18,131,119,11,153,80,100,30,134,148,195,97,58,158,43,7,101,181,68,123,6,137,60,54,151,110,187,39,107,55,14,13,172,12,89,75,182,15,135,53,183,69,159,164,90,28,155,73,99,106,136,115,152,2,161,102,86,133,76,122,116,17,8,16,56,21,108,192,40,104,31,33,154,52,177,27,185,111,96,171,141,98,114,64,79,179,47,88,5,186,199,83,59,129,24,95,149,175,62,120,3,169,191,162,146];False
1842;7238;9080;[34,4,168,70,19,87,121,178,127,132,130,84,77,112,93,147,66,157,103,105,74,188,144,9,142,117,167,61,45,65,41,49,78,128,42,57,197,125,145,126,143,160,91,1,150,124,180,196,36,46,140,92,82,23,189,81,0,85,22,26,176,193,109,20,170,166,38,139,63,118,48,194,29,198,174,184,35,67,32,72,163,25,51,50,190,10,165,113,156,71,44,138,37,94,173,18,131,119,11,59,80,100,30,134,148,195,97,58,158,43,7,101,181,68,123,6,149,60,54,151,110,187,39,107,55,14,13,172,12,89,75,182,15,135,53,183,69,159,164,90,28,155,73,99,106,136,115,152,2,161,102,86,133,76,122,116,17,8,16,56,21,108,192,40,104,31,33,154,52,179,27,185,111,96,171,141,98,114,64,79,177,47,88,5,186,199,83,153,129,24,95,137,175,62,120,3,169,191,162,146];False
1858;7226;9084;[34,4,168,70,19,87,121,178,127,132,130,84,77,112,93,147,66,157,103,105,74,188,144,31,142,117,167,61,45,138,41,49,78,128,42,57,197,125,145,126,143,160,91,1,150,124,180,196,36,46,140,92,82,23,189,81,0,85,22,26,176,193,109,20,170,166,38,139,63,118,48,194,29,198,174,184,35,67,32,72,163,25,51,50,190,10,165,113,156,71,44,65,37,94,173,18,131,119,11,153,80,100,30,134,148,195,97,58,158,43,7,101,181,68,123,6,137,60,54,151,110,187,39,107,55,14,13,172,12,89,75,182,15,135,53,183,69,159,164,90,28,155,73,99,106,136,115,152,2,161,102,86,133,76,122,116,17,8,16,56,21,108,192,40,104,9,33,154,52,179,27,185,111,96,171,141,98,114,64,79,177,47,88,5,186,199,83,59,129,24,95,149,175,62,120,3,169,191,162,146];False
1860;7220;9080;[34,4,168,70,19,87,121,178,127,132,130,84,77,112,93,147,66,157,103,105,74,188,144,9,142,117,167,61,45,138,41,49,78,128,42,57,197,125,145,126,143,160,91,1,150,124,180,196,36,46,140,92,82,23,189,81,0,85,22,26,176,193,109,20,170,166,38,139,63,118,48,194,29,198,174,184,35,67,32,72,163,25,51,50,190,10,165,113,156,71,44,65,37,94,173,18,131,119,83,153,80,100,30,134,148,195,97,58,158,43,7,101,181,68,123,6,137,60,54,151,110,187,39,107,55,14,13,172,12,89,75,182,15,135,53,183,69,159,164,90,28,155,73,99,106,136,115,152,2,161,102,86,133,76,122,116,17,8,16,56,21,108,192,40,104,31,33,154,52,179,27,185,111,96,171,141,98,114,64,79,177,47,88,5,186,199,11,59,129,24,95,149,175,62,120,3,169,191,162,146];False
1852;7226;9078;[34,4,168,70,19,87,121,178,127,132,130,84,77,112,93,147,66,157,103,105,74,188,144,9,142,117,167,61,45,138,41,49,78,128,42,57,197,125,145,126,143,160,91,1,150,124,180,196,36,46,140,92,82,23,189,81,0,85,22,26,176,193,109,20,170,166,38,139,63,118,48,194,29,198,174,184,35,67,32,72,163,25,51,50,190,10,165,113,156,71,44,65,37,94,173,18,131,119,11,153,80,100,30,134,148,195,97,58,158,43,7,101,181,68,123,6,149,60,54,151,110,187,39,107,55,14,13,172,12,89,75,182,15,135,53,183,69,159,164,90,28,155,73,99,106,136,115,152,2,161,102,86,133,76,122,116,17,8,16,56,21,108,192,40,104,31,33,154,52,179,27,185,111,96,171,141,98,114,64,79,177,47,88,5,186,199,83,59,129,24,95,137,175,62,120,3,169,191,162,146];False
1830;7242;9072;[34,4,168,70,19,87,121,178,127,132,130,84,77,112,93,147,66,157,103,105,74,188,144,31,142,117,167,61,45,138,41,49,78,128,42,57,197,125,145,126,143,160,91,1,150,124,180,196,36,46,140,92,82,23,189,81,0,85,22,26,176,193,109,20,170,166,38,139,63,118,48,194,29,198,174,184,35,67,32,72,163,25,51,50,190,10,165,113,156,71,44,65,37,94,173,18,131,119,11,59,80,100,30,134,148,195,97,58,158,43,7,101,181,68,123,6,149,60,54,151,110,187,39,107,55,14,13,172,12,89,75,182,15,135,53,183,69,159,164,90,28,155,73,99,106,136,115,152,2,161,102,86,133,76,122,116,17,8,16,56,21,108,192,40,104,9,33,154,52,179,27,185,111,96,171,141,98,114,64,79,177,47,88,5,186,199,83,153,129,24,95,137,175,62,120,3,169,191,162,146];False
1817;7254;9071;[34,4,168,70,19,87,121,178,127,132,130,84,77,112,93,147,66,157,103,105,74,188,144,9,142,117,167,61,45,138,41,49,78,128,42,57,197,125,145,126,143,160,91,1,150,124,180,196,36,46,140,92,82,23,189,81,0,85,22,26,176,193,109,20,170,166,38,139,63,118,48,194,29,198,174,184,35,67,32,72,163,25,51,50,190,10,165,113,156,71,44,65,37,94,173,18,131,119,11,59,80,100,30,134,148,195,97,58,158,43,153,101,181,68,123,6,149,60,54,151,110,187,39,107,55,14,13,172,12,89,75,182,15,135,53,183,69,159,164,90,28,155,73,99,106,136,115,152,2,161,102,86,133,76,122,116,17,8,16,56,21,108,192,40,104,31,33,154,52,179,27,185,111,96,171,141,98,114,64,79,177,47,88,5,186,199,83,7,129,24,95,137,175,62,120,3,169,191,162,146];False
1884;7209;9093;[34,4,109,70,19,87,121,178,127,132,130,84,77,112,93,147,66,157,103,105,74,188,144,9,142,117,167,61,45,65,41,49,78,128,42,57,197,125,145,126,143,160,91,1,150,124,180,196,36,46,140,92,82,23,189,81,0,85,22,26,176,193,168,20,170,166,38,139,63,118,48,194,29,198,174,184,35,67,32,72,163,25,51,50,190,10,165,113,156,71,44,138,37,94,173,18,131,119,11,153,80,100,30,134,148,195,97,58,158,43,7,101,181,68,123,6,149,60,54,151,110,187,39,107,55,14,13,172,12,89,75,182,15,135,53,183,69,159,164,90,28,155,73,99,106,136,115,152,2,161,102,86,133,76,122,116,17,8,16,56,21,108,192,40,104,31,33,154,52,179,27,185,111,96,171,141,98,114,64,79,177,47,88,5,186,199,83,59,129,24,95,137,175,62,120,3,169,191,162,146];False
2053;7164;9217;[34,4,109,70,19,87,121,178,111,132,130,84,77,112,93,147,66,157,103,105,74,188,144,9,142,117,167,61,45,138,41,49,78,128,42,57,197,125,145,126,143,160,91,1,150,124,180,196,36,46,140,92,82,23,189,81,0,85,22,26,176,193,168,20,170,166,38,139,63,118,162,194,29,198,174,184,35,67,32,72,163,25,51,50,190,10,165,113,156,71,44,65,37,94,173,18,131,119,11,153,80,100,30,134,148,195,97,58,158,43,7,101,181,68,123,6,137,60,54,151,110,187,39,107,55,14,13,172,12,89,75,182,15,135,53,183,69,159,164,90,28,155,73,99,106,136,115,152,2,161,102,86,133,76,122,116,17,8,16,56,21,108,192,40,104,31,33,154,52,179,27,185,127,96,171,141,98,114,64,79,177,47,88,5,186,199,83,59,129,24,95,149,175,62,120,3,169,191,48,146];False
2034;7169;9203;[34,4,109,70,19,87,121,178,172,132,130,84,77,112,93,147,66,157,103,105,74,188,144,9,142,117,167,61,45,138,41,49,78,128,42,57,197,125,145,126,143,160,91,1,150,124,180,196,36,46,140,92,82,23,189,81,0,85,22,26,176,193,168,20,170,166,38,139,63,118,48,194,29,198,174,184,35,67,32,72,163,25,51,50,190,10,165,113,156,71,44,65,37,94,173,18,131,119,11,153,80,100,30,134,148,195,97,58,158,43,7,101,181,68,123,6,137,60,54,151,110,187,39,107,55,14,13,111,12,89,75,182,15,135,53,183,69,159,164,90,28,155,73,99,106,136,115,152,2,161,102,86,133,76,122,116,17,8,16,56,21,108,192,40,104,31,33,154,52,179,27,185,127,96,171,141,98,114,64,79,177,47,88,5,186,199,83,59,129,24,95,149,175,62,120,3,169,191,162,146];False
2003;7175;9178;[34,4,109,70,19,87,121,178,111,12,130,84,77,112,93,147,66,157,103,105,74,188,144,9,142,117,167,61,45,138,41,49,78,128,42,57,197,125,145,126,143,160,91,1,150,124,180,196,36,46,140,92,82,23,189,81,0,85,22,26,176,193,168,20,170,166,38,139,63,118,48,194,29,198,174,184,35,67,32,72,163,25,51,50,190,10,165,113,156,71,44,65,37,94,173,18,131,119,11,153,80,100,30,134,148,195,97,58,158,43,7,101,181,68,123,6,137,60,54,151,110,187,39,107,55,14,13,172,132,89,75,182,15,135,53,183,69,159,164,90,28,155,73,99,106,136,115,152,2,161,102,86,133,76,122,116,17,8,16,56,21,108,192,40,104,31,33,154,52,179,27,185,127,96,171,141,98,114,64,79,177,47,88,5,186,199,83,59,129,24,95,149,175,62,120,3,169,191,162,146];False
1984;7174;9158;[34,4,109,70,19,87,121,178,111,132,130,84,77,112,93,147,66,157,103,105,74,188,144,9,142,117,167,61,45,138,41,49,78,128,42,57,197,125,145,126,143,160,91,1,150,124,180,196,36,46,140,92,82,67,189,81,0,85,22,26,176,193,168,20,170,166,38,139,63,118,48,194,29,198,174,184,35,23,32,72,163,25,51,50,190,10,165,113,156,71,44,65,37,94,173,18,131,119,11,153,80,100,30,134,148,195,97,58,158,43,7,101,181,68,123,6,137,60,54,151,110,187,39,107,55,14,13,172,12,89,75,182,15,135,53,183,69,159,164,90,28,155,73,99,106,136,115,152,2,161,102,86,133,76,122,116,17,8,16,56,21,108,192,40,104,31,33,154,52,179,27,185,127,96,171,141,98,114,64,79,177,47,88,5,186,199,83,59,129,24,95,149,175,62,120,3,169,191,162,146];False
1912;7193;9105;[34,4,109,70,19,87,121,178,111,132,130,84,77,112,93,147,66,157,103,105,74,188,144,9,142,117,167,61,45,138,41,49,78,128,42,57,197,125,145,126,143,160,91,1,150,124,180,196,36,46,140,92,82,23,189,81,0,85,22,26,176,193,168,20,170,166,38,139,63,118,48,194,29,198,174,184,35,67,32,72,163,25,51,50,190,10,165,113,156,71,44,65,37,94,173,18,131,119,83,153,80,100,30,134,148,195,97,58,158,43,7,101,181,68,123,6,137,60,54,151,110,187,39,107,55,14,13,172,12,89,75,182,15,135,53,183,69,159,164,90,28,155,73,99,106,136,115,152,2,161,102,86,133,76,122,116,17,8,16,56,21,108,192,40,104,31,33,154,52,179,27,185,127,96,171,141,98,114,64,79,177,47,88,5,186,199,11,59,129,24,95,149,175,62,120,3,169,191,162,146];False
1880;7207;9087;[34,4,109,70,19,87,121,178,127,132,130,84,77,112,93,147,66,157,103,105,74,188,144,31,142,117,167,61,45,138,41,49,78,128,42,57,197,125,145,126,143,160,91,1,150,124,180,196,36,46,140,92,82,23,189,81,0,85,22,26,176,193,168,20,170,166,38,139,63,118,48,194,29,198,174,184,35,67,32,72,163,25,51,50,190,10,165,113,156,71,44,65,37,94,173,18,131,119,83,153,80,100,30,134,148,195,97,58,158,43,7,101,181,68,123,6,137,60,54,151,110,187,39,107,55,14,13,172,12,89,75,182,15,135,53,183,69,159,164,90,28,155,73,99,106,136,115,152,2,161,102,86,133,76,122,116,17,8,16,56,21,108,192,40,104,9,33,154,52,179,27,185,111,96,171,141,98,114,64,79,177,47,88,5,186,199,11,59,129,24,95,149,175,62,120,3,169,191,162,146];False
1892;7203;9095;[34,4,109,70,19,87,121,178,127,132,130,84,77,112,93,147,66,157,103,105,74,188,144,9,142,117,167,61,45,65,41,49,78,128,42,57,197,125,145,126,143,160,91,1,150,124,180,196,36,46,140,92,82,23,189,81,0,85,22,26,176,193,168,20,170,166,38,139,63,118,48,194,29,198,174,184,35,67,32,72,163,25,51,50,190,10,165,113,156,71,44,138,37,94,173,18,131,119,83,153,80,100,30,134,148,195,97,58,158,43,7,101,181,68,123,6,137,60,54,151,110,187,39,107,55,14,13,172,12,89,75,182,15,135,53,183,69,159,164,90,28,155,73,99,106,136,115,152,2,161,102,86,133,76,122,116,17,8,16,56,21,108,192,40,104,31,33,154,52,179,27,185,111,96,171,141,98,114,64,79,177,47,88,5,186,199,11,59,129,24,95,149,175,62,120,3,169,191,162,146];False
1874;7207;9081;[34,4,109,70,19,87,121,178,127,132,130,84,77,112,93,147,66,157,103,105,74,188,144,9,142,117,167,61,45,138,41,49,78,128,42,57,197,125,145,126,143,160,91,1,150,124,180,196,36,46,140,92,82,23,189,81,0,85,22,26,176,193,168,20,170,166,38,139,63,118,48,194,29,198,174,184,35,67,32,72,163,25,51,50,190,10,165,113,156,71,44,65,37,94,173,18,131,119,83,153,80,100,30,134,148,195,97,58,158,43,7,101,181,68,123,6,149,60,54,151,110,187,39,107,55,14,13,172,12,89,75,182,15,135,53,183,69,159,164,90,28,155,73,99,106,136,115,152,2,161,102,86,133,76,122,116,17,8,16,56,21,108,192,40,104,31,33,154,52,179,27,185,111,96,171,141,98,114,64,79,177,47,88,5,186,199,11,59,129,24,95,137,175,62,120,3,169,191,162,146];False
1872;7213;9085;[34,4,109,70,19,87,121,178,127,132,130,84,77,112,93,147,66,157,103,105,74,188,144,31,142,117,167,61,45,138,41,49,78,128,42,57,197,125,145,126,143,160,91,1,150,124,180,196,36,46,140,92,82,23,189,81,0,85,22,26,176,193,168,20,170,166,38,139,63,118,48,194,29,198,174,184,35,67,32,72,163,25,51,50,190,10,165,113,156,71,44,65,37,94,173,18,131,119,11,153,80,100,30,134,148,195,97,58,158,43,7,101,181,68,123,6,149,60,54,151,110,187,39,107,55,14,13,172,12,89,75,182,15,135,53,183,69,159,164,90,28,155,73,99,106,136,115,152,2,161,102,86,133,76,122,116,17,8,16,56,21,108,192,40,104,9,33,154,52,179,27,185,111,96,171,141,98,114,64,79,177,47,88,5,186,199,83,59,129,24,95,137,175,62,120,3,169,191,162,146];False
1770;7280;9050;[34,4,109,70,19,87,121,178,127,132,130,84,77,112,93,147,66,157,103,105,74,188,144,31,142,117,167,61,45,65,41,49,78,128,42,57,197,125,145,126,143,160,91,1,150,124,180,196,36,46,140,92,82,23,189,176,0,85,22,26,81,182,168,20,170,166,38,139,63,118,48,194,29,198,174,184,35,67,32,72,163,25,51,50,190,10,165,113,156,71,44,138,37,94,173,18,131,119,11,59,80,100,30,134,148,195,97,58,158,43,7,101,181,68,123,6,149,60,54,151,110,187,39,107,55,14,13,172,12,89,75,129,15,135,53,183,69,159,164,90,28,155,73,99,106,136,115,152,2,161,102,86,133,76,122,116,17,8,16,56,21,108,192,40,104,9,33,154,52,179,27,185,111,96,171,141,98,114,64,79,177,47,88,5,186,199,83,153,193,24,95,137,175,62,120,3,169,191,162,146];False
1790;7270;9060;[34,4,109,70,19,87,121,178,111,132,130,84,77,112,93,147,66,157,103,105,74,188,144,31,142,117,167,61,45,138,41,49,78,128,42,57,197,125,145,126,143,160,91,1,150,124,180,196,36,46,140,92,82,23,189,176,0,85,22,26,81,182,168,20,170,166,38,139,63,118,48,194,29,198,174,184,35,67,32,72,163,25,51,50,190,10,165,113,156,71,44,65,37,94,173,18,131,119,11,59,80,100,30,134,148,195,97,58,158,43,7,101,181,68,123,6,149,60,54,151,110,187,39,107,55,14,13,172,12,89,75,129,15,135,53,183,69,159,164,90,28,155,73,99,106,136,115,152,2,161,102,86,133,76,122,116,17,8,16,56,21,108,192,40,104,9,33,154,52,179,27,185,127,96,171,141,98,114,64,79,177,47,88,5,186,199,83,153,193,24,95,137,175,62,120,3,169,191,162,146];False
1810;7258;9068;[34,4,109,70,19,87,121,178,127,132,130,84,77,112,93,147,66,157,103,105,74,188,144,9,142,117,167,61,45,138,41,49,78,128,42,57,197,125,145,126,143,160,91,1,150,124,180,196,36,46,140,92,82,23,189,176,0,85,22,26,81,182,104,35,170,166,38,139,63,118,48,194,29,198,174,184,20,67,32,72,163,25,51,50,190,10,165,113,156,71,44,65,37,94,173,18,131,119,11,59,80,100,30,134,148,195,97,58,158,43,7,101,181,68,123,6,149,60,54,151,110,187,39,107,55,14,13,172,12,89,75,129,15,135,53,183,69,159,164,90,28,155,73,99,106,136,115,152,2,161,102,86,133,76,122,116,17,8,16,56,21,108,192,40,168,31,33,154,52,179,27,185,111,96,171,141,98,114,64,79,177,47,88,5,186,199,83,153,193,24,95,137,175,62,120,3,169,191,162,146];False
2071;7160;9231;[34,4,109,70,19,87,121,178,127,132,130,84,77,112,93,147,66,157,103,105,74,188,144,9,142,117,167,61,45,65,41,49,78,128,42,57,197,125,145,126,143,160,91,1,150,124,180,196,36,46,140,92,82,23,189,81,0,85,22,26,176,193,168,20,67,166,38,139,63,118,162,194,29,198,174,184,35,170,32,72,163,25,51,50,190,10,165,113,156,71,44,138,37,94,173,18,131,119,11,153,80,100,30,134,148,195,97,58,158,43,7,101,181,68,123,6,137,60,54,151,110,187,39,107,55,14,13,172,12,89,75,182,15,135,53,183,69,159,164,90,28,155,73,99,106,136,115,152,2,161,102,86,133,76,122,116,17,8,16,56,21,108,192,40,104,31,33,154,52,179,27,185,111,96,171,141,98,114,64,79,177,47,88,5,186,199,83,59,129,24,95,149,175,62,120,3,169,191,48,146];False
2061;7158;9219;[34,4,109,70,19,87,121,178,127,132,130,84,77,112,93,147,66,157,103,105,74,188,144,9,142,117,167,61,45,138,41,49,78,128,42,57,197,125,145,126,143,160,91,1,150,124,180,196,36,46,140,92,82,23,189,81,0,85,22,26,176,193,168,20,67,166,38,139,63,118,162,194,29,198,174,184,35,170,32,72,163,25,51,50,190,10,165,113,156,71,44,65,37,94,173,18,131,119,83,153,80,100,30,134,148,195,97,58,158,43,7,101,181,68,123,6,137,60,54,151,110,187,39,107,55,14,13,172,12,89,75,182,15,135,53,183,69,159,164,90,28,155,73,99,106,136,115,152,2,161,102,86,133,76,122,116,17,8,16,56,21,108,192,40,104,31,33,154,52,179,27,185,111,96,171,141,98,114,64,79,177,47,88,5,186,199,11,59,129,24,95,149,175,62,120,3,169,191,48,146];False
2072;7155;9227;[34,4,109,70,19,87,121,178,172,132,130,84,77,112,93,147,66,157,103,105,74,188,144,9,142,117,167,61,45,138,41,49,78,128,42,57,197,125,145,126,143,160,91,1,150,124,180,196,36,46,140,92,82,23,189,81,0,85,22,26,176,193,168,20,67,166,38,139,63,118,48,194,29,198,174,184,35,170,32,72,163,25,51,50,190,10,165,113,156,71,44,65,37,94,173,18,131,119,11,153,80,100,30,134,148,195,97,58,158,43,7,101,181,68,123,6,137,60,54,151,110,187,39,107,55,14,13,111,12,89,75,182,15,135,53,183,69,159,164,90,28,155,73,99,106,136,115,152,2,161,102,86,133,76,122,116,17,8,16,56,21,108,192,40,104,31,33,154,52,179,27,185,127,96,171,141,98,114,64,79,177,47,88,5,186,199,83,59,129,24,95,149,175,62,120,3,169,191,162,146];False
2032;7168;9200;[34,4,109,70,19,87,121,178,2,132,130,84,77,112,93,147,66,157,103,105,74,188,144,9,142,117,167,61,45,138,41,49,78,128,42,57,197,125,145,126,143,160,91,1,150,124,180,196,36,46,140,92,82,23,189,81,0,85,22,26,176,193,168,20,67,166,38,139,63,118,48,194,29,198,174,184,35,170,32,72,163,25,51,50,190,10,165,113,156,71,44,65,37,94,173,18,131,119,11,153,80,100,30,134,148,195,97,58,158,43,7,101,181,68,123,6,137,60,54,151,110,187,39,107,55,14,13,172,12,89,75,182,15,135,53,183,69,159,164,90,28,155,73,99,106,136,115,152,111,161,102,86,133,76,122,116,17,8,16,56,21,108,192,40,104,31,33,154,52,179,27,185,127,96,171,141,98,114,64,79,177,47,88,5,186,199,83,59,129,24,95,149,175,62,120,3,169,191,162,146];False
2041;7161;9202;[34,4,109,70,19,87,121,178,111,12,130,84,77,112,93,147,66,157,103,105,74,188,144,9,142,117,167,61,45,138,41,49,78,128,42,57,197,125,145,126,143,160,91,1,150,124,180,196,36,46,140,92,82,23,189,81,0,85,22,26,176,193,168,20,67,166,38,139,63,118,48,194,29,198,174,184,35,170,32,72,163,25,51,50,190,10,165,113,156,71,44,65,37,94,173,18,131,119,11,153,80,100,30,134,148,195,97,58,158,43,7,101,181,68,123,6,137,60,54,151,110,187,39,107,55,14,13,172,132,89,75,182,15,135,53,183,69,159,164,90,28,155,73,99,106,136,115,152,2,161,102,86,133,76,122,116,17,8,16,56,21,108,192,40,104,31,33,154,52,179,27,185,127,96,171,141,98,114,64,79,177,47,88,5,186,199,83,59,129,24,95,149,175,62,120,3,169,191,162,146];False
1950;7179;9129;[34,4,109,70,19,87,121,178,111,132,130,84,77,112,93,147,66,157,103,105,74,188,144,9,142,117,167,61,45,138,41,49,78,128,42,57,197,125,145,126,143,160,91,1,150,124,180,196,36,46,140,92,82,23,189,81,0,85,22,26,176,193,168,20,67,166,38,139,63,118,48,194,29,198,174,184,35,170,32,72,163,25,51,50,190,10,165,113,156,71,44,65,37,94,173,18,131,119,83,153,80,100,30,134,148,195,97,58,158,43,7,101,181,68,123,6,137,60,54,151,110,187,39,107,55,14,13,172,12,89,75,182,15,135,53,183,69,159,164,90,28,155,73,99,106,136,115,152,2,161,102,86,133,76,122,116,17,8,16,56,21,108,192,40,104,31,33,154,52,179,27,185,127,96,171,141,98,114,64,79,177,47,88,5,186,199,11,59,129,24,95,149,175,62,120,3,169,191,162,146];False
1981;7173;9154;[34,4,109,70,19,87,121,178,111,132,130,84,77,112,93,147,66,157,103,105,74,188,144,9,142,117,167,61,45,138,41,49,78,128,42,57,197,125,145,126,143,160,91,1,150,124,180,196,36,46,140,92,82,23,189,81,0,85,22,26,176,193,168,20,67,166,38,139,63,118,48,194,29,198,174,184,35,170,32,72,163,25,51,50,190,10,165,113,156,71,44,65,37,94,173,18,131,119,11,149,80,100,30,134,148,195,97,58,158,43,7,101,181,68,123,6,137,60,54,151,110,187,39,107,55,14,13,172,12,89,75,182,15,135,53,183,69,159,164,90,28,155,73,99,106,136,115,152,2,161,102,86,133,76,122,116,17,8,16,56,21,108,192,40,104,31,33,154,52,179,27,185,127,96,171,141,98,114,64,79,177,47,88,5,186,199,83,59,129,24,95,153,175,62,120,3,169,191,162,146];False
2028;7169;9197;[34,4,109,70,19,87,121,178,111,132,130,84,77,112,93,147,66,157,103,105,74,188,144,9,142,117,167,61,45,138,41,49,78,128,42,57,197,125,145,126,143,160,91,1,150,124,180,196,36,46,140,92,82,23,189,81,0,85,22,26,176,193,168,20,67,166,38,139,63,118,48,194,29,198,174,184,35,170,32,72,163,25,51,50,190,10,165,113,156,71,44,65,37,94,173,18,131,119,11,153,80,100,30,134,148,195,97,58,158,43,7,101,181,68,123,6,137,60,54,151,110,187,39,107,55,14,13,172,12,89,75,182,15,162,53,183,69,159,164,90,28,155,73,99,106,136,115,152,2,161,102,86,133,76,122,116,17,8,16,56,21,108,192,40,104,31,33,154,52,179,27,185,127,96,171,141,98,114,64,79,177,47,88,5,186,199,83,59,129,24,95,149,175,62,120,3,169,191,135,146];False
1981;7171;9152;[34,4,109,70,19,87,121,178,111,132,130,84,77,112,93,147,66,157,103,105,74,188,144,9,142,117,167,61,45,138,41,49,78,128,42,57,197,125,145,126,143,160,91,1,150,124,180,196,36,46,140,92,82,23,189,81,0,85,22,26,176,193,168,20,67,166,38,139,63,118,48,194,29,198,174,184,35,170,32,72,163,25,51,50,190,10,165,113,156,71,44,65,37,94,173,18,131,119,11,153,80,100,30,134,148,195,97,58,158,43,7,101,181,68,123,6,137,60,54,151,110,187,39,107,55,14,13,172,12,89,75,182,15,135,53,183,69,159,164,90,28,155,73,99,106,136,115,152,2,161,102,86,133,76,52,116,17,8,16,56,21,108,192,40,104,31,33,154,122,179,27,185,127,96,171,141,98,114,64,79,177,47,88,5,186,199,83,59,129,24,95,149,175,62,120,3,169,191,162,146];False
2028;7167;9195;[34,4,109,70,19,87,121,178,111,132,130,84,77,112,93,147,66,157,103,105,74,188,144,9,142,117,167,61,45,138,41,49,78,128,42,57,197,125,145,126,143,160,91,1,150,124,180,196,36,46,140,92,82,23,189,81,0,85,22,26,176,193,168,20,67,166,38,139,63,118,48,194,29,198,174,184,35,170,32,72,163,25,51,50,190,10,165,113,156,71,44,65,37,94,173,18,131,119,11,153,80,100,30,134,148,195,97,58,158,43,7,101,181,68,123,6,137,60,54,151,110,187,39,107,55,14,13,172,12,89,75,182,15,135,53,183,69,159,164,90,28,155,73,99,106,136,115,152,2,161,102,86,133,76,122,116,17,8,16,56,21,108,192,40,104,31,33,154,52,177,27,185,127,96,171,141,98,114,64,79,179,47,88,5,186,199,83,59,129,24,95,149,175,62,120,3,169,191,162,146];False
1930;7189;9119;[34,4,109,70,19,87,121,178,127,132,130,84,77,112,93,147,66,157,103,105,74,188,144,9,142,117,167,61,45,65,41,49,78,128,42,57,197,125,145,126,143,160,91,1,150,124,180,196,36,46,140,92,82,23,189,81,0,85,22,26,176,193,168,20,67,166,38,139,63,118,48,194,29,198,174,184,35,170,32,72,163,25,51,50,190,10,165,113,156,71,44,138,37,94,173,18,131,119,83,153,80,100,30,134,148,195,97,58,158,43,7,101,181,68,123,6,137,60,54,151,110,187,39,107,55,14,13,172,12,89,75,182,15,135,53,183,69,159,164,90,28,155,73,99,106,136,115,152,2,161,102,86,133,76,122,116,17,8,16,56,21,108,192,40,104,31,33,154,52,179,27,185,111,96,171,141,98,114,64,79,177,47,88,5,186,199,11,59,129,24,95,149,175,62,120,3,169,191,162,146];False
2038;7166;9204;[34,4,109,70,19,87,121,178,127,132,130,84,77,112,93,147,66,157,103,105,74,188,144,9,142,117,167,61,45,138,41,49,78,128,42,57,197,125,145,126,143,160,91,1,150,124,180,196,36,46,140,92,82,23,189,81,0,85,22,26,176,193,168,20,67,166,38,139,63,118,48,194,29,198,174,184,35,170,32,72,163,25,51,50,190,10,165,113,156,71,44,65,37,94,173,18,131,148,83,153,80,100,30,134,119,195,97,58,158,43,7,101,181,68,123,6,137,60,54,151,110,187,39,107,55,14,13,172,12,89,75,182,15,135,53,183,69,159,164,90,28,155,73,99,106,136,115,152,2,161,102,86,133,76,122,116,17,8,16,56,21,108,192,40,104,31,33,154,52,179,27,185,111,96,171,141,98,114,64,79,177,47,88,5,186,199,11,59,129,24,95,149,175,62,120,3,169,191,162,146];False
1825;7247;9072;[34,4,168,70,19,87,121,178,127,132,130,84,77,112,93,147,66,157,103,105,74,188,144,31,142,117,167,61,45,65,41,49,78,128,42,57,197,125,145,126,143,160,91,1,150,124,180,196,36,46,140,92,82,23,189,81,0,85,22,26,176,193,109,20,170,166,38,139,63,118,48,194,29,198,174,184,35,67,32,72,163,25,51,50,190,10,165,113,156,71,44,138,37,94,173,18,131,119,11,59,80,100,30,134,148,195,97,58,158,43,7,101,181,68,123,6,149,60,54,151,110,187,39,107,55,14,13,172,12,89,75,182,15,135,53,183,69,159,164,90,28,155,73,99,106,136,115,152,2,161,102,86,133,76,122,116,17,8,16,56,21,108,192,40,104,9,33,154,52,179,27,185,111,96,171,141,98,114,64,79,177,47,88,5,186,199,83,153,129,24,95,137,175,62,120,3,169,191,162,146];False
1847;7231;9078;[34,4,168,70,19,87,121,178,127,132,130,84,77,112,93,147,66,157,103,105,74,188,144,9,142,117,167,61,45,65,41,49,78,128,42,57,197,125,145,126,143,160,91,1,150,124,180,196,36,46,140,92,82,23,189,81,0,85,22,26,176,193,109,20,170,166,38,139,63,118,48,194,29,198,174,184,35,67,32,72,163,25,51,50,190,10,165,113,156,71,44,138,37,94,173,18,131,119,11,153,80,100,30,134,148,195,97,58,158,43,7,101,181,68,123,6,149,60,54,151,110,187,39,107,55,14,13,172,12,89,75,182,15,135,53,183,69,159,164,90,28,155,73,99,106,136,115,152,2,161,102,86,133,76,122,116,17,8,16,56,21,108,192,40,104,31,33,154,52,179,27,185,111,96,171,141,98,114,64,79,177,47,88,5,186,199,83,59,129,24,95,137,175,62,120,3,169,191,162,146];False
1843;7229;9072;[34,4,168,70,19,87,121,178,127,132,130,84,77,112,93,147,66,157,103,105,74,188,144,31,142,117,167,61,45,138,41,49,78,128,42,57,197,125,145,126,143,160,91,1,150,124,180,196,36,46,140,92,82,23,189,81,0,85,22,26,176,193,109,20,170,166,38,139,63,118,48,194,29,198,174,184,35,67,32,72,163,25,51,50,190,10,165,113,156,71,44,65,37,94,173,18,131,119,83,153,80,100,30,134,148,195,97,58,158,43,7,101,181,68,123,6,137,60,54,151,110,187,39,107,55,14,13,172,12,89,75,182,15,135,53,183,69,159,164,90,28,155,73,99,106,136,115,152,2,161,102,86,133,76,122,116,17,8,16,56,21,108,192,40,104,9,33,154,52,179,27,185,111,96,171,141,98,114,64,79,177,47,88,5,186,199,11,59,129,24,95,149,175,62,120,3,169,191,162,146];False
1855;7225;9080;[34,4,168,70,19,87,121,178,127,132,130,84,77,112,93,147,66,157,103,105,74,188,144,9,142,117,167,61,45,65,41,49,78,128,42,57,197,125,145,126,143,160,91,1,150,124,180,196,36,46,140,92,82,23,189,81,0,85,22,26,176,193,109,20,170,166,38,139,63,118,48,194,29,198,174,184,35,67,32,72,163,25,51,50,190,10,165,113,156,71,44,138,37,94,173,18,131,119,83,153,80,100,30,134,148,195,97,58,158,43,7,101,181,68,123,6,137,60,54,151,110,187,39,107,55,14,13,172,12,89,75,182,15,135,53,183,69,159,164,90,28,155,73,99,106,136,115,152,2,161,102,86,133,76,122,116,17,8,16,56,21,108,192,40,104,31,33,154,52,179,27,185,111,96,171,141,98,114,64,79,177,47,88,5,186,199,11,59,129,24,95,149,175,62,120,3,169,191,162,146];False
1837;7229;9066;[34,4,168,70,19,87,121,178,127,132,130,84,77,112,93,147,66,157,103,105,74,188,144,9,142,117,167,61,45,138,41,49,78,128,42,57,197,125,145,126,143,160,91,1,150,124,180,196,36,46,140,92,82,23,189,81,0,85,22,26,176,193,109,20,170,166,38,139,63,118,48,194,29,198,174,184,35,67,32,72,163,25,51,50,190,10,165,113,156,71,44,65,37,94,173,18,131,119,83,153,80,100,30,134,148,195,97,58,158,43,7,101,181,68,123,6,149,60,54,151,110,187,39,107,55,14,13,172,12,89,75,182,15,135,53,183,69,159,164,90,28,155,73,99,106,136,115,152,2,161,102,86,133,76,122,116,17,8,16,56,21,108,192,40,104,31,33,154,52,179,27,185,111,96,171,141,98,114,64,79,177,47,88,5,186,199,11,59,129,24,95,137,175,62,120,3,169,191,162,146];False
1835;7235;9070;[34,4,168,70,19,87,121,178,127,132,130,84,77,112,93,147,66,157,103,105,74,188,144,31,142,117,167,61,45,138,41,49,78,128,42,57,197,125,145,126,143,160,91,1,150,124,180,196,36,46,140,92,82,23,189,81,0,85,22,26,176,193,109,20,170,166,38,139,63,118,48,194,29,198,174,184,35,67,32,72,163,25,51,50,190,10,165,113,156,71,44,65,37,94,173,18,131,119,11,153,80,100,30,134,148,195,97,58,158,43,7,101,181,68,123,6,149,60,54,151,110,187,39,107,55,14,13,172,12,89,75,182,15,135,53,183,69,159,164,90,28,155,73,99,106,136,115,152,2,161,102,86,133,76,122,116,17,8,16,56,21,108,192,40,104,9,33,154,52,179,27,185,111,96,171,141,98,114,64,79,177,47,88,5,186,199,83,59,129,24,95,137,175,62,120,3,169,191,162,146];False
1823;7229;9052;[34,4,144,70,19,87,121,178,127,132,130,84,77,112,93,147,66,157,103,105,74,188,168,31,142,117,167,61,45,138,41,49,78,128,42,57,197,125,145,126,143,160,91,1,150,124,180,196,36,46,140,92,82,23,189,81,0,85,22,26,176,193,109,20,170,166,38,139,63,118,48,194,29,198,174,184,35,67,32,72,163,25,51,50,190,10,165,113,156,71,44,65,37,94,173,18,131,119,11,59,80,100,30,134,148,195,97,58,158,43,7,101,181,68,123,6,149,60,54,151,110,187,39,107,55,14,13,172,12,89,75,182,15,135,53,183,69,159,164,90,28,155,73,99,106,136,115,152,2,161,102,86,133,76,122,116,17,8,16,56,21,108,192,40,104,9,33,154,52,179,27,185,111,96,171,141,98,114,64,79,177,47,88,5,186,199,83,153,129,24,95,137,175,62,120,3,169,191,162,146];False
1800;7263;9063;[34,4,168,70,19,87,121,178,127,132,130,84,77,112,93,147,66,157,103,105,74,188,144,31,142,117,167,61,45,138,41,49,78,128,42,57,197,125,145,126,143,160,91,1,150,124,180,196,36,46,140,92,82,23,189,81,0,85,22,26,176,193,109,20,170,166,38,139,63,118,48,194,29,198,174,184,35,67,32,72,163,25,51,50,190,10,165,113,156,71,44,65,37,94,173,18,131,119,11,59,80,100,30,134,148,195,97,58,158,43,153,101,181,68,123,6,149,60,54,151,110,187,39,107,55,14,13,172,12,89,75,182,15,135,53,183,69,159,164,90,28,155,73,99,106,136,115,152,2,161,102,86,133,76,122,116,17,8,16,56,21,108,192,40,104,9,33,154,52,179,27,185,111,96,171,141,98,114,64,79,177,47,88,5,186,199,83,7,129,24,95,137,175,62,120,3,169,191,162,146];False
1895;7202;9097;[34,4,109,70,19,87,121,178,111,132,130,84,77,112,93,147,66,157,103,105,74,188,144,31,142,117,167,61,45,138,41,49,78,128,42,57,197,125,145,126,143,160,91,1,150,124,180,196,36,46,140,92,82,23,189,81,0,85,22,26,176,193,168,20,170,166,38,139,63,118,48,194,29,198,174,184,35,67,32,72,163,25,51,50,190,10,165,113,156,71,44,65,37,94,173,18,131,119,83,153,80,100,30,134,148,195,97,58,158,43,7,101,181,68,123,6,137,60,54,151,110,187,39,107,55,14,13,172,12,89,75,182,15,135,53,183,69,159,164,90,28,155,73,99,106,136,115,152,2,161,102,86,133,76,122,116,17,8,16,56,21,108,192,40,104,9,33,154,52,179,27,185,127,96,171,141,98,114,64,79,177,47,88,5,186,199,11,59,129,24,95,149,175,62,120,3,169,191,162,146];False
1889;7202;9091;[34,4,109,70,19,87,121,178,111,132,130,84,77,112,93,147,66,157,103,105,74,188,144,9,142,117,167,61,45,138,41,49,78,128,42,57,197,125,145,126,143,160,91,1,150,124,180,196,36,46,140,92,82,23,189,81,0,85,22,26,176,193,168,20,170,166,38,139,63,118,48,194,29,198,174,184,35,67,32,72,163,25,51,50,190,10,165,113,156,71,44,65,37,94,173,18,131,119,83,153,80,100,30,134,148,195,97,58,158,43,7,101,181,68,123,6,149,60,54,151,110,187,39,107,55,14,13,172,12,89,75,182,15,135,53,183,69,159,164,90,28,155,73,99,106,136,115,152,2,161,102,86,133,76,122,116,17,8,16,56,21,108,192,40,104,31,33,154,52,179,27,185,127,96,171,141,98,114,64,79,177,47,88,5,186,199,11,59,129,24,95,137,175,62,120,3,169,191,162,146];False
1928;7188;9116;[34,4,109,70,19,87,121,178,111,132,130,84,77,112,93,147,66,157,103,105,74,188,144,9,142,117,167,61,45,138,41,49,78,128,42,57,197,125,145,126,143,160,91,1,150,124,180,196,36,46,140,92,82,23,189,81,0,85,22,26,176,193,168,20,170,166,38,139,63,118,48,194,29,198,174,184,35,67,32,72,163,25,51,50,190,10,165,113,156,71,44,65,37,94,173,18,131,119,83,153,80,100,30,134,148,195,97,58,158,43,7,101,181,68,123,6,137,60,54,151,110,187,39,107,55,14,13,172,12,89,75,182,15,135,53,183,69,159,164,90,28,155,73,99,106,136,115,152,2,161,102,86,133,76,52,116,17,8,16,56,21,108,192,40,104,31,33,154,122,179,27,185,127,96,171,141,98,114,64,79,177,47,88,5,186,199,11,59,129,24,95,149,175,62,120,3,169,191,162,146];False
1857;7216;9073;[34,4,109,70,19,87,121,178,127,132,130,84,77,112,93,147,66,157,103,105,74,188,144,31,142,117,167,61,45,138,41,49,78,128,42,57,197,125,145,126,143,160,91,1,150,124,180,196,36,46,140,92,82,23,189,81,0,85,22,26,176,193,168,20,170,166,38,139,63,118,48,194,29,198,174,184,35,67,32,72,163,25,51,50,190,10,165,113,156,71,44,65,37,94,173,18,131,119,83,153,80,100,30,134,148,195,97,58,158,43,7,101,181,68,123,6,149,60,54,151,110,187,39,107,55,14,13,172,12,89,75,182,15,135,53,183,69,159,164,90,28,155,73,99,106,136,115,152,2,161,102,86,133,76,122,116,17,8,16,56,21,108,192,40,104,9,33,154,52,179,27,185,111,96,171,141,98,114,64,79,177,47,88,5,186,199,11,59,129,24,95,137,175,62,120,3,169,191,162,146];False
1869;7212;9081;[34,4,109,70,19,87,121,178,127,132,130,84,77,112,93,147,66,157,103,105,74,188,144,9,142,117,167,61,45,65,41,49,78,128,42,57,197,125,145,126,143,160,91,1,150,124,180,196,36,46,140,92,82,23,189,81,0,85,22,26,176,193,168,20,170,166,38,139,63,118,48,194,29,198,174,184,35,67,32,72,163,25,51,50,190,10,165,113,156,71,44,138,37,94,173,18,131,119,83,153,80,100,30,134,148,195,97,58,158,43,7,101,181,68,123,6,149,60,54,151,110,187,39,107,55,14,13,172,12,89,75,182,15,135,53,183,69,159,164,90,28,155,73,99,106,136,115,152,2,161,102,86,133,76,122,116,17,8,16,56,21,108,192,40,104,31,33,154,52,179,27,185,111,96,171,141,98,114,64,79,177,47,88,5,186,199,11,59,129,24,95,137,175,62,120,3,169,191,162,146];False
2076;7153;9229;[34,4,109,70,19,87,121,178,111,132,130,84,77,112,93,147,66,157,103,105,74,188,144,9,142,117,167,61,45,138,41,49,78,128,42,57,197,125,145,126,143,160,91,1,150,124,180,196,36,46,140,92,82,23,189,81,0,85,22,26,176,193,168,20,67,166,38,139,63,118,162,194,29,198,174,184,35,170,32,72,163,25,51,50,190,10,165,113,156,71,44,65,37,94,173,18,131,119,83,153,80,100,30,134,148,195,97,58,158,43,7,101,181,68,123,6,137,60,54,151,110,187,39,107,55,14,13,172,12,89,75,182,15,135,53,183,69,159,164,90,28,155,73,99,106,136,115,152,2,161,102,86,133,76,122,116,17,8,16,56,21,108,192,40,104,31,33,154,52,179,27,185,127,96,171,141,98,114,64,79,177,47,88,5,186,199,11,59,129,24,95,149,175,62,120,3,169,191,48,146];False
2067;7157;9224;[34,4,109,70,19,87,121,178,102,132,130,84,77,112,93,147,66,157,103,105,74,188,144,9,142,117,167,61,45,138,41,49,78,128,42,57,197,125,145,126,143,160,91,1,150,124,180,196,36,46,140,92,82,23,189,81,0,85,22,26,176,193,168,20,67,166,38,139,63,118,48,194,29,198,174,184,35,170,32,72,163,25,51,50,190,10,165,113,156,71,44,65,37,94,173,18,131,119,11,153,80,100,30,134,148,195,97,58,158,43,7,101,181,68,123,6,137,60,54,151,110,187,39,107,55,14,13,111,12,89,75,182,15,135,53,183,69,159,164,90,28,155,73,99,106,136,115,152,2,161,172,86,133,76,122,116,17,8,16,56,21,108,192,40,104,31,33,154,52,179,27,185,127,96,171,141,98,114,64,79,177,47,88,5,186,199,83,59,129,24,95,149,175,62,120,3,169,191,162,146];False
2026;7160;9186;[34,4,109,70,19,87,121,178,172,12,130,84,77,112,93,147,66,157,103,105,74,188,144,9,142,117,167,61,45,138,41,49,78,128,42,57,197,125,145,126,143,160,91,1,150,124,180,196,36,46,140,92,82,23,189,81,0,85,22,26,176,193,168,20,67,166,38,139,63,118,48,194,29,198,174,184,35,170,32,72,163,25,51,50,190,10,165,113,156,71,44,65,37,94,173,18,131,119,11,153,80,100,30,134,148,195,97,58,158,43,7,101,181,68,123,6,137,60,54,151,110,187,39,107,55,14,13,111,132,89,75,182,15,135,53,183,69,159,164,90,28,155,73,99,106,136,115,152,2,161,102,86,133,76,122,116,17,8,16,56,21,108,192,40,104,31,33,154,52,179,27,185,127,96,171,141,98,114,64,79,177,47,88,5,186,199,83,59,129,24,95,149,175,62,120,3,169,191,162,146];False
2057;7158;9215;[34,4,109,70,19,87,121,178,172,132,130,84,77,112,93,147,66,157,103,105,74,188,144,9,142,117,167,61,45,138,41,49,78,128,42,57,197,125,145,126,143,160,91,1,150,124,180,196,36,46,140,92,82,23,189,81,0,85,22,26,176,193,168,20,67,166,38,139,63,118,48,194,29,198,174,184,35,170,32,72,163,25,51,50,190,10,165,113,156,71,44,65,37,94,173,18,131,119,83,153,80,100,30,134,148,195,97,58,158,43,7,101,181,68,123,6,137,60,54,151,110,187,39,107,55,14,13,111,12,89,75,182,15,135,53,183,69,159,164,90,28,155,73,99,106,136,115,152,2,161,102,86,133,76,122,116,17,8,16,56,21,108,192,40,104,31,33,154,52,179,27,185,127,96,171,141,98,114,64,79,177,47,88,5,186,199,11,59,129,24,95,149,175,62,120,3,169,191,162,146];False
1927;7188;9115;[34,4,109,70,19,87,121,178,111,132,130,84,77,112,93,147,66,157,103,105,74,188,144,9,142,117,167,61,45,138,41,49,78,128,42,57,197,125,145,126,143,160,91,1,150,124,180,196,36,46,140,92,82,23,189,81,0,85,22,26,176,193,168,20,67,166,38,139,63,118,48,194,29,198,174,184,35,170,32,72,163,25,51,50,190,10,165,113,156,71,44,65,37,94,173,18,131,119,83,153,80,100,30,134,148,195,97,58,158,43,7,101,181,68,123,6,149,60,54,151,110,187,39,107,55,14,13,172,12,89,75,182,15,135,53,183,69,159,164,90,28,155,73,99,106,136,115,152,2,161,102,86,133,76,122,116,17,8,16,56,21,108,192,40,104,31,33,154,52,179,27,185,127,96,171,141,98,114,64,79,177,47,88,5,186,199,11,59,129,24,95,137,175,62,120,3,169,191,162,146];False
1966;7174;9140;[34,4,109,70,19,87,121,178,111,132,130,84,77,112,93,147,66,157,103,105,74,188,144,9,142,117,167,61,45,138,41,49,78,128,42,57,197,125,145,126,143,160,91,1,150,124,180,196,36,46,140,92,82,23,189,81,0,85,22,26,176,193,168,20,67,166,38,139,63,118,48,194,29,198,174,184,35,170,32,72,163,25,51,50,190,10,165,113,156,71,44,65,37,94,173,18,131,119,83,153,80,100,30,134,148,195,97,58,158,43,7,101,181,68,123,6,137,60,54,151,110,187,39,107,55,14,13,172,12,89,75,182,15,135,53,183,69,159,164,90,28,155,73,99,106,136,115,152,2,161,102,86,133,76,52,116,17,8,16,56,21,108,192,40,104,31,33,154,122,179,27,185,127,96,171,141,98,114,64,79,177,47,88,5,186,199,11,59,129,24,95,149,175,62,120,3,169,191,162,146];False
2013;7170;9183;[34,4,109,70,19,87,121,178,111,132,130,84,77,112,93,147,66,157,103,105,74,188,144,9,142,117,167,61,45,138,41,49,78,128,42,57,197,125,145,126,143,160,91,1,150,124,180,196,36,46,140,92,82,23,189,81,0,85,22,26,176,193,168,20,67,166,38,139,63,118,48,194,29,198,174,184,35,170,32,72,163,25,51,50,190,10,165,113,156,71,44,65,37,94,173,18,131,119,83,153,80,100,30,134,148,195,97,58,158,43,7,101,181,68,123,6,137,60,54,151,110,187,39,107,55,14,13,172,12,89,75,182,15,135,53,183,69,159,164,90,28,155,73,99,106,136,115,152,2,161,102,86,133,76,122,116,17,8,16,56,21,108,192,40,104,31,33,154,52,177,27,185,127,96,171,141,98,114,64,79,179,47,88,5,186,199,11,59,129,24,95,149,175,62,120,3,169,191,162,146];False
2003;7169;9172;[34,4,109,70,19,87,121,178,102,132,130,84,77,112,93,147,66,157,103,105,74,188,144,9,142,117,167,61,45,138,41,49,78,128,42,57,197,125,145,126,143,160,91,1,150,124,180,196,36,46,140,92,82,23,189,81,0,85,22,26,176,193,168,20,67,166,38,139,63,118,48,194,29,198,174,184,35,170,32,72,163,25,51,50,190,10,165,113,156,71,44,65,37,94,173,18,131,119,11,153,80,100,30,134,148,195,97,58,158,43,7,101,181,68,123,6,137,60,54,151,110,187,39,107,55,14,13,172,12,89,75,182,15,135,53,183,69,159,164,90,28,155,73,99,106,136,115,152,2,161,111,86,133,76,52,116,17,8,16,56,21,108,192,40,104,31,33,154,122,179,27,185,127,96,171,141,98,114,64,79,177,47,88,5,186,199,83,59,129,24,95,149,175,62,120,3,169,191,162,146];False
2057;7156;9213;[34,4,109,70,19,87,121,178,111,12,130,84,77,112,93,147,66,157,103,105,74,188,144,9,142,117,167,61,45,138,41,49,78,128,42,57,197,125,145,126,143,160,91,1,150,124,180,196,36,46,140,92,82,23,189,81,0,85,22,26,176,193,168,20,67,166,38,139,63,118,48,194,29,198,174,184,35,170,32,72,163,25,51,50,190,10,165,113,156,71,44,65,37,94,173,18,131,119,11,153,80,100,30,134,148,195,97,58,158,43,7,101,181,68,123,6,137,60,54,151,110,187,39,107,55,14,13,172,132,89,75,182,15,135,53,183,69,159,164,90,28,155,73,99,106,136,115,152,2,161,102,86,133,76,52,116,17,8,16,56,21,108,192,40,104,31,33,154,122,179,27,185,127,96,171,141,98,114,64,79,177,47,88,5,186,199,83,59,129,24,95,149,175,62,120,3,169,191,162,146];False
1997;7168;9165;[34,4,109,70,19,87,121,178,111,132,130,84,77,112,93,147,66,157,103,105,74,188,144,9,142,117,167,61,45,138,41,49,78,128,42,57,197,125,145,126,143,160,91,1,150,124,180,196,36,46,140,92,82,23,189,81,0,85,22,26,176,193,168,20,67,166,38,139,63,118,48,194,29,198,174,184,35,170,32,72,163,25,51,50,190,10,165,113,156,71,44,65,37,94,173,18,131,119,11,149,80,100,30,134,148,195,97,58,158,43,7,101,181,68,123,6,137,60,54,151,110,187,39,107,55,14,13,172,12,89,75,182,15,135,53,183,69,159,164,90,28,155,73,99,106,136,115,152,2,161,102,86,133,76,52,116,17,8,16,56,21,108,192,40,104,31,33,154,122,179,27,185,127,96,171,141,98,114,64,79,177,47,88,5,186,199,83,59,129,24,95,153,175,62,120,3,169,191,162,146];False
2020;7166;9186;[34,4,109,70,19,87,121,178,111,132,130,84,77,112,93,147,66,157,103,105,74,188,144,9,142,117,167,61,45,138,41,49,78,128,42,57,197,125,145,126,143,160,91,1,150,124,180,196,36,46,140,92,82,23,189,81,0,85,22,26,176,193,168,20,67,166,38,139,63,118,48,194,29,198,174,184,35,170,32,72,163,25,51,50,190,10,165,113,156,71,44,65,37,94,173,18,131,119,11,153,80,100,30,134,148,195,97,58,158,43,7,101,181,68,123,6,137,60,54,151,110,187,39,107,55,14,13,172,12,89,75,182,15,135,53,183,69,159,164,90,28,155,73,99,106,136,115,152,2,161,102,86,133,76,52,116,17,8,16,56,21,108,192,40,104,31,33,154,122,179,47,185,127,96,171,141,98,114,64,79,177,27,88,5,186,199,83,59,129,24,95,149,175,62,120,3,169,191,162,146];False
1838;7224;9062;[34,4,144,70,19,87,121,178,111,132,130,84,77,112,93,147,66,157,103,105,74,188,168,31,142,117,167,61,45,138,41,49,78,128,42,57,197,125,145,126,143,160,91,1,150,124,180,196,36,46,140,92,82,23,189,81,0,85,22,26,176,193,109,20,170,166,38,139,63,118,48,194,29,198,174,184,35,67,32,72,163,25,51,50,190,10,165,113,156,71,44,65,37,94,173,18,131,119,11,59,80,100,30,134,148,195,97,58,158,43,7,101,181,68,123,6,149,60,54,151,110,187,39,107,55,14,13,172,12,89,75,182,15,135,53,183,69,159,164,90,28,155,73,99,106,136,115,152,2,161,102,86,133,76,122,116,17,8,16,56,21,108,192,40,104,9,33,154,52,179,27,185,127,96,171,141,98,114,64,79,177,47,88,5,186,199,83,153,129,24,95,137,175,62,120,3,169,191,162,146];False
1797;7262;9059;[34,4,144,70,19,87,121,178,127,132,130,84,77,112,150,147,66,157,103,105,74,188,168,31,142,117,167,61,45,138,41,49,78,128,42,57,197,125,145,126,143,160,91,1,93,124,180,196,36,46,140,92,82,23,189,81,0,85,22,26,176,193,109,20,170,166,38,139,63,118,48,194,29,198,174,184,35,67,32,72,163,25,51,50,190,10,165,113,156,71,44,65,37,94,173,18,131,119,11,59,80,100,30,134,148,195,97,58,158,43,7,101,181,68,123,6,149,60,54,151,110,187,39,107,55,14,13,172,12,89,75,182,15,135,53,183,69,159,164,90,28,155,73,99,106,136,115,152,2,161,102,86,133,76,122,116,17,8,16,56,21,108,192,40,104,9,33,154,52,179,27,185,111,96,171,141,98,114,64,79,177,47,88,5,186,199,83,153,129,24,95,137,175,62,120,3,169,191,162,146];False
1818;7234;9052;[34,4,144,70,19,87,121,178,127,132,130,84,77,112,93,147,66,157,103,105,74,188,168,31,142,117,167,61,45,65,41,49,78,128,42,57,197,125,145,126,143,160,91,1,150,124,180,196,36,46,140,92,82,23,189,81,0,85,22,26,176,193,109,20,170,166,38,139,63,118,48,194,29,198,174,184,35,67,32,72,163,25,51,50,190,10,165,113,156,71,44,138,37,94,173,18,131,119,11,59,80,100,30,134,148,195,97,58,158,43,7,101,181,68,123,6,149,60,54,151,110,187,39,107,55,14,13,172,12,89,75,182,15,135,53,183,69,159,164,90,28,155,73,99,106,136,115,152,2,161,102,86,133,76,122,116,17,8,16,56,21,108,192,40,104,9,33,154,52,179,27,185,111,96,171,141,98,114,64,79,177,47,88,5,186,199,83,153,129,24,95,137,175,62,120,3,169,191,162,146];False
1812;7246;9058;[34,4,144,70,19,87,121,178,127,132,130,84,77,112,93,147,66,157,103,105,74,188,168,31,142,117,167,61,45,138,41,49,78,128,42,57,197,125,145,126,35,160,91,1,150,124,180,196,36,46,140,92,82,23,189,81,0,85,22,26,176,193,109,20,170,166,38,139,63,118,48,194,29,198,174,184,143,67,32,72,163,25,51,50,190,10,165,113,156,71,44,65,37,94,173,18,131,119,11,59,80,100,30,134,148,195,97,58,158,43,7,101,181,68,123,6,149,60,54,151,110,187,39,107,55,14,13,172,12,89,75,182,15,135,53,183,69,159,164,90,28,155,73,99,106,136,115,152,2,161,102,86,133,76,122,116,17,8,16,56,21,108,192,40,104,9,33,154,52,179,27,185,111,96,171,141,98,114,64,79,177,47,88,5,186,199,83,153,129,24,95,137,175,62,120,3,169,191,162,146];False
1861;7215;9076;[34,4,144,70,19,87,121,178,127,132,130,84,77,112,93,147,66,157,103,105,74,188,168,31,142,117,167,61,45,138,41,49,78,128,42,57,197,125,145,126,143,160,91,1,150,124,180,196,36,46,140,92,82,23,189,81,0,85,22,26,176,193,109,20,67,166,38,139,63,118,48,194,29,198,174,184,35,170,32,72,163,25,51,50,190,10,165,113,156,71,44,65,37,94,173,18,131,119,11,59,80,100,30,134,148,195,97,58,158,43,7,101,181,68,123,6,149,60,54,151,110,187,39,107,55,14,13,172,12,89,75,182,15,135,53,183,69,159,164,90,28,155,73,99,106,136,115,152,2,161,102,86,133,76,122,116,17,8,16,56,21,108,192,40,104,9,33,154,52,179,27,185,111,96,171,141,98,114,64,79,177,47,88,5,186,199,83,153,129,24,95,137,175,62,120,3,169,191,162,146];False
1828;7222;9050;[34,4,144,70,19,87,121,178,127,132,130,84,77,112,93,147,66,157,103,105,74,188,168,31,142,117,167,61,45,138,41,49,78,128,42,57,197,125,145,126,143,160,91,1,150,124,180,196,36,46,140,92,82,23,189,81,0,85,22,26,176,193,109,20,170,166,38,139,63,118,48,194,29,198,174,184,35,67,32,72,163,25,51,50,190,10,165,113,156,71,44,65,37,94,173,18,131,119,11,153,80,100,30,134,148,195,97,58,158,43,7,101,181,68,123,6,149,60,54,151,110,187,39,107,55,14,13,172,12,89,75,182,15,135,53,183,69,159,164,90,28,155,73,99,106,136,115,152,2,161,102,86,133,76,122,116,17,8,16,56,21,108,192,40,104,9,33,154,52,179,27,185,111,96,171,141,98,114,64,79,177,47,88,5,186,199,83,59,129,24,95,137,175,62,120,3,169,191,162,146];False
1793;7250;9043;[34,4,144,70,19,87,121,178,127,132,130,84,77,112,93,147,66,157,103,105,74,188,168,31,142,117,167,61,45,138,41,49,78,128,42,57,197,125,145,126,143,160,91,1,150,124,180,196,36,46,140,92,82,23,189,81,0,85,22,26,176,193,109,20,170,166,38,139,63,118,48,194,29,198,174,184,35,67,32,72,163,25,51,50,190,10,165,113,156,71,44,65,37,94,173,18,131,119,11,59,80,100,30,134,148,195,97,58,158,43,153,101,181,68,123,6,149,60,54,151,110,187,39,107,55,14,13,172,12,89,75,182,15,135,53,183,69,159,164,90,28,155,73,99,106,136,115,152,2,161,102,86,133,76,122,116,17,8,16,56,21,108,192,40,104,9,33,154,52,179,27,185,111,96,171,141,98,114,64,79,177,47,88,5,186,199,83,7,129,24,95,137,175,62,120,3,169,191,162,146];False
1846;7220;9066;[34,4,144,70,19,87,121,178,127,132,130,84,77,112,93,147,66,157,103,105,74,188,168,31,142,117,167,61,45,138,41,49,78,128,42,57,197,125,145,126,143,160,91,1,150,124,180,196,36,46,140,92,82,23,189,81,0,85,22,26,176,193,109,20,170,166,38,139,63,118,48,194,29,198,174,184,35,67,32,72,163,25,51,50,190,10,165,113,156,71,44,65,37,94,173,18,131,119,11,59,80,100,30,134,148,195,97,58,158,43,7,101,181,68,123,6,137,60,54,151,110,187,39,107,55,14,13,172,12,89,75,182,15,135,53,183,69,159,164,90,28,155,73,99,106,136,115,152,2,161,102,86,133,76,122,116,17,8,16,56,21,108,192,40,104,9,33,154,52,179,27,185,111,96,171,141,98,114,64,79,177,47,88,5,186,199,83,153,129,24,95,149,175,62,120,3,169,191,162,146];False
1872;7211;9083;[34,4,109,70,19,87,121,178,111,132,130,84,77,112,93,147,66,157,103,105,74,188,144,31,142,117,167,61,45,138,41,49,78,128,42,57,197,125,145,126,143,160,91,1,150,124,180,196,36,46,140,92,82,23,189,81,0,85,22,26,176,193,168,20,170,166,38,139,63,118,48,194,29,198,174,184,35,67,32,72,163,25,51,50,190,10,165,113,156,71,44,65,37,94,173,18,131,119,83,153,80,100,30,134,148,195,97,58,158,43,7,101,181,68,123,6,149,60,54,151,110,187,39,107,55,14,13,172,12,89,75,182,15,135,53,183,69,159,164,90,28,155,73,99,106,136,115,152,2,161,102,86,133,76,122,116,17,8,16,56,21,108,192,40,104,9,33,154,52,179,27,185,127,96,171,141,98,114,64,79,177,47,88,5,186,199,11,59,129,24,95,137,175,62,120,3,169,191,162,146];False
1905;7197;9102;[34,4,109,70,19,87,121,178,111,132,130,84,77,112,93,147,66,157,103,105,74,188,144,9,142,117,167,61,45,138,41,49,78,128,42,57,197,125,145,126,143,160,91,1,150,124,180,196,36,46,140,92,82,23,189,81,0,85,22,26,176,193,168,20,170,166,38,139,63,118,48,194,29,198,174,184,35,67,32,72,163,25,51,50,190,10,165,113,156,71,44,65,37,94,173,18,131,119,83,153,80,100,30,134,148,195,97,58,158,43,7,101,181,68,123,6,149,60,54,151,110,187,39,107,55,14,13,172,12,89,75,182,15,135,53,183,69,159,164,90,28,155,73,99,106,136,115,152,2,161,102,86,133,76,52,116,17,8,16,56,21,108,192,40,104,31,33,154,122,179,27,185,127,96,171,141,98,114,64,79,177,47,88,5,186,199,11,59,129,24,95,137,175,62,120,3,169,191,162,146];False
2021;7165;9186;[34,4,109,70,19,87,121,178,172,12,130,84,77,112,93,147,66,157,103,105,74,188,144,9,142,117,167,61,45,65,41,49,78,128,42,57,197,125,145,126,143,160,91,1,150,124,180,196,36,46,140,92,82,23,189,81,0,85,22,26,176,193,168,20,67,166,38,139,63,118,48,194,29,198,174,184,35,170,32,72,163,25,51,50,190,10,165,113,156,71,44,138,37,94,173,18,131,119,11,153,80,100,30,134,148,195,97,58,158,43,7,101,181,68,123,6,137,60,54,151,110,187,39,107,55,14,13,111,132,89,75,182,15,135,53,183,69,159,164,90,28,155,73,99,106,136,115,152,2,161,102,86,133,76,122,116,17,8,16,56,21,108,192,40,104,31,33,154,52,179,27,185,127,96,171,141,98,114,64,79,177,47,88,5,186,199,83,59,129,24,95,149,175,62,120,3,169,191,162,146];False
2049;7159;9208;[34,4,109,70,19,87,121,178,172,12,130,84,77,112,93,147,66,157,103,105,74,188,144,9,142,117,167,61,45,138,41,49,78,128,42,57,197,125,145,126,143,160,91,1,150,124,180,196,36,46,140,92,82,170,189,81,0,85,22,26,176,193,168,20,67,166,38,139,63,118,48,194,29,198,174,184,35,23,32,72,163,25,51,50,190,10,165,113,156,71,44,65,37,94,173,18,131,119,11,153,80,100,30,134,148,195,97,58,158,43,7,101,181,68,123,6,137,60,54,151,110,187,39,107,55,14,13,111,132,89,75,182,15,135,53,183,69,159,164,90,28,155,73,99,106,136,115,152,2,161,102,86,133,76,122,116,17,8,16,56,21,108,192,40,104,31,33,154,52,179,27,185,127,96,171,141,98,114,64,79,177,47,88,5,186,199,83,59,129,24,95,149,175,62,120,3,169,191,162,146];False
2011;7163;9174;[34,4,109,70,19,87,121,178,172,12,130,84,77,112,93,147,66,157,103,105,74,188,144,9,142,117,167,61,45,138,41,49,78,128,42,57,197,125,145,126,143,160,91,1,150,124,180,196,36,46,140,92,82,23,189,81,0,85,22,26,176,193,168,20,67,166,38,139,63,118,48,194,29,198,174,184,35,170,32,72,163,25,51,50,190,10,165,113,156,71,44,65,37,94,173,18,131,119,83,153,80,100,30,134,148,195,97,58,158,43,7,101,181,68,123,6,137,60,54,151,110,187,39,107,55,14,13,111,132,89,75,182,15,135,53,183,69,159,164,90,28,155,73,99,106,136,115,152,2,161,102,86,133,76,122,116,17,8,16,56,21,108,192,40,104,31,33,154,52,179,27,185,127,96,171,141,98,114,64,79,177,47,88,5,186,199,11,59,129,24,95,149,175,62,120,3,169,191,162,146];False
2042;7157;9199;[34,4,109,70,19,87,121,178,172,12,130,84,77,112,93,147,66,157,103,105,74,188,144,9,142,117,167,61,45,138,41,49,78,128,42,57,197,125,145,126,143,160,91,1,150,124,180,196,36,46,140,92,82,23,189,81,0,85,22,26,176,193,168,20,67,166,38,139,63,118,48,194,29,198,174,184,35,170,32,72,163,25,51,50,190,10,165,113,156,71,44,65,37,94,173,18,131,119,11,149,80,100,30,134,148,195,97,58,158,43,7,101,181,68,123,6,137,60,54,151,110,187,39,107,55,14,13,111,132,89,75,182,15,135,53,183,69,159,164,90,28,155,73,99,106,136,115,152,2,161,102,86,133,76,122,116,17,8,16,56,21,108,192,40,104,31,33,154,52,179,27,185,127,96,171,141,98,114,64,79,177,47,88,5,186,199,83,59,129,24,95,153,175,62,120,3,169,191,162,146];False
2042;7155;9197;[34,4,109,70,19,87,121,178,172,12,130,84,77,112,93,147,66,157,103,105,74,188,144,9,142,117,167,61,45,138,41,49,78,128,42,57,197,125,145,126,143,160,91,1,150,124,180,196,36,46,140,92,82,23,189,81,0,85,22,26,176,193,168,20,67,166,38,139,63,118,48,194,29,198,174,184,35,170,32,72,163,25,51,50,190,10,165,113,156,71,44,65,37,94,173,18,131,119,11,153,80,100,30,134,148,195,97,58,158,43,7,101,181,68,123,6,137,60,54,151,110,187,39,107,55,14,13,111,132,89,75,182,15,135,53,183,69,159,164,90,28,155,73,99,106,136,115,152,2,161,102,86,133,76,52,116,17,8,16,56,21,108,192,40,104,31,33,154,122,179,27,185,127,96,171,141,98,114,64,79,177,47,88,5,186,199,83,59,129,24,95,149,175,62,120,3,169,191,162,146];False
1943;7183;9126;[34,4,109,70,19,87,121,178,111,132,130,84,77,112,93,147,66,157,103,105,74,188,144,9,142,117,167,61,45,138,41,49,78,128,42,57,197,125,145,126,143,160,91,1,150,124,180,196,36,46,140,92,82,23,189,81,0,85,22,26,176,193,168,20,67,166,38,139,63,118,48,194,29,198,174,184,35,170,32,72,163,25,51,50,190,10,165,113,156,71,44,65,37,94,173,18,131,119,83,153,80,100,30,134,148,195,97,58,158,43,7,101,181,68,123,6,149,60,54,151,110,187,39,107,55,14,13,172,12,89,75,182,15,135,53,183,69,159,164,90,28,155,73,99,106,136,115,152,2,161,102,86,133,76,52,116,17,8,16,56,21,108,192,40,104,31,33,154,122,179,27,185,127,96,171,141,98,114,64,79,177,47,88,5,186,199,11,59,129,24,95,137,175,62,120,3,169,191,162,146];False
2073;7153;9226;[34,4,109,70,19,87,121,178,172,132,130,84,77,112,93,147,66,157,103,105,74,188,144,9,142,117,167,61,45,138,41,49,78,128,42,57,197,125,145,126,143,160,91,1,150,124,180,196,36,46,140,92,82,23,189,81,0,85,22,26,176,193,168,20,67,166,38,139,63,118,48,194,29,198,174,184,35,170,32,72,163,25,51,50,190,10,165,113,156,71,44,65,37,94,173,18,131,119,83,153,80,100,30,134,148,195,97,58,158,43,7,101,181,68,123,6,137,60,54,151,110,187,39,107,55,14,13,111,12,89,75,182,15,135,53,183,69,159,164,90,28,155,73,99,106,136,115,152,2,161,102,86,133,76,52,116,17,8,16,56,21,108,192,40,104,31,33,154,122,179,27,185,127,96,171,141,98,114,64,79,177,47,88,5,186,199,11,59,129,24,95,149,175,62,120,3,169,191,162,146];False
1823;7227;9050;[34,4,144,70,19,87,121,178,127,132,130,84,77,112,93,147,66,157,103,105,74,188,168,31,142,117,167,61,45,65,41,49,78,128,42,57,197,125,145,126,143,160,91,1,150,124,180,196,36,46,140,92,82,23,189,81,0,85,22,26,176,193,109,20,170,166,38,139,63,118,48,194,29,198,174,184,35,67,32,72,163,25,51,50,190,10,165,113,156,71,44,138,37,94,173,18,131,119,11,153,80,100,30,134,148,195,97,58,158,43,7,101,181,68,123,6,149,60,54,151,110,187,39,107,55,14,13,172,12,89,75,182,15,135,53,183,69,159,164,90,28,155,73,99,106,136,115,152,2,161,102,86,133,76,122,116,17,8,16,56,21,108,192,40,104,9,33,154,52,179,27,185,111,96,171,141,98,114,64,79,177,47,88,5,186,199,83,59,129,24,95,137,175,62,120,3,169,191,162,146];False
1788;7255;9043;[34,4,144,70,19,87,121,178,127,132,130,84,77,112,93,147,66,157,103,105,74,188,168,31,142,117,167,61,45,65,41,49,78,128,42,57,197,125,145,126,143,160,91,1,150,124,180,196,36,46,140,92,82,23,189,81,0,85,22,26,176,193,109,20,170,166,38,139,63,118,48,194,29,198,174,184,35,67,32,72,163,25,51,50,190,10,165,113,156,71,44,138,37,94,173,18,131,119,11,59,80,100,30,134,148,195,97,58,158,43,153,101,181,68,123,6,149,60,54,151,110,187,39,107,55,14,13,172,12,89,75,182,15,135,53,183,69,159,164,90,28,155,73,99,106,136,115,152,2,161,102,86,133,76,122,116,17,8,16,56,21,108,192,40,104,9,33,154,52,179,27,185,111,96,171,141,98,114,64,79,177,47,88,5,186,199,83,7,129,24,95,137,175,62,120,3,169,191,162,146];False
1817;7239;9056;[34,4,144,70,19,87,121,178,127,132,130,84,77,112,93,147,66,157,103,105,74,188,168,31,142,117,167,61,45,138,41,49,78,128,42,57,197,125,145,126,35,160,91,1,150,124,180,196,36,46,140,92,82,23,189,81,0,85,22,26,176,193,109,20,170,166,38,139,63,118,48,194,29,198,174,184,143,67,32,72,163,25,51,50,190,10,165,113,156,71,44,65,37,94,173,18,131,119,11,153,80,100,30,134,148,195,97,58,158,43,7,101,181,68,123,6,149,60,54,151,110,187,39,107,55,14,13,172,12,89,75,182,15,135,53,183,69,159,164,90,28,155,73,99,106,136,115,152,2,161,102,86,133,76,122,116,17,8,16,56,21,108,192,40,104,9,33,154,52,179,27,185,111,96,171,141,98,114,64,79,177,47,88,5,186,199,83,59,129,24,95,137,175,62,120,3,169,191,162,146];False
1782;7267;9049;[34,4,144,70,19,87,121,178,127,132,130,84,77,112,93,147,66,157,103,105,74,188,168,31,142,117,167,61,45,138,41,49,78,128,42,57,197,125,145,126,35,160,91,1,150,124,180,196,36,46,140,92,82,23,189,81,0,85,22,26,176,193,109,20,170,166,38,139,63,118,48,194,29,198,174,184,143,67,32,72,163,25,51,50,190,10,165,113,156,71,44,65,37,94,173,18,131,119,11,59,80,100,30,134,148,195,97,58,158,43,153,101,181,68,123,6,149,60,54,151,110,187,39,107,55,14,13,172,12,89,75,182,15,135,53,183,69,159,164,90,28,155,73,99,106,136,115,152,2,161,102,86,133,76,122,116,17,8,16,56,21,108,192,40,104,9,33,154,52,179,27,185,111,96,171,141,98,114,64,79,177,47,88,5,186,199,83,7,129,24,95,137,175,62,120,3,169,191,162,146];False
1809;7245;9054;[34,4,144,70,19,87,121,178,127,132,130,84,77,112,93,147,66,157,103,105,74,188,168,31,142,117,167,61,45,138,41,49,78,128,42,57,197,125,145,126,143,160,91,1,150,124,180,196,36,46,140,92,82,23,189,81,0,85,22,26,176,193,109,20,67,166,38,139,63,118,48,194,29,198,174,184,35,25,32,72,163,170,51,50,190,10,165,113,156,71,44,65,37,94,173,18,131,119,11,59,80,100,30,134,148,195,97,58,158,43,7,101,181,68,123,6,149,60,54,151,110,187,39,107,55,14,13,172,12,89,75,182,15,135,53,183,69,159,164,90,28,155,73,99,106,136,115,152,2,161,102,86,133,76,122,116,17,8,16,56,21,108,192,40,104,9,33,154,52,179,27,185,111,96,171,141,98,114,64,79,177,47,88,5,186,199,83,153,129,24,95,137,175,62,120,3,169,191,162,146];False
1866;7208;9074;[34,4,144,70,19,87,121,178,127,132,130,84,77,112,93,147,66,157,103,105,74,188,168,31,142,117,167,61,45,138,41,49,78,128,42,57,197,125,145,126,143,160,91,1,150,124,180,196,36,46,140,92,82,23,189,81,0,85,22,26,176,193,109,20,67,166,38,139,63,118,48,194,29,198,174,184,35,170,32,72,163,25,51,50,190,10,165,113,156,71,44,65,37,94,173,18,131,119,11,153,80,100,30,134,148,195,97,58,158,43,7,101,181,68,123,6,149,60,54,151,110,187,39,107,55,14,13,172,12,89,75,182,15,135,53,183,69,159,164,90,28,155,73,99,106,136,115,152,2,161,102,86,133,76,122,116,17,8,16,56,21,108,192,40,104,9,33,154,52,179,27,185,111,96,171,141,98,114,64,79,177,47,88,5,186,199,83,59,129,24,95,137,175,62,120,3,169,191,162,146];False
1884;7206;9090;[34,4,144,70,19,87,121,178,127,132,130,84,77,112,93,147,66,157,103,105,74,188,168,31,142,117,167,61,45,138,41,49,78,128,42,57,197,125,145,126,143,160,91,1,150,124,180,196,36,46,140,92,82,23,189,81,0,85,22,26,176,193,109,20,67,166,38,139,63,118,48,194,29,198,174,184,35,170,32,72,163,25,51,50,190,10,165,113,156,71,44,65,37,94,173,18,131,119,11,59,80,100,30,134,148,195,97,58,158,43,7,101,181,68,123,6,137,60,54,151,110,187,39,107,55,14,13,172,12,89,75,182,15,135,53,183,69,159,164,90,28,155,73,99,106,136,115,152,2,161,102,86,133,76,122,116,17,8,16,56,21,108,192,40,104,9,33,154,52,179,27,185,111,96,171,141,98,114,64,79,177,47,88,5,186,199,83,153,129,24,95,149,175,62,120,3,169,191,162,146];False
1843;7217;9060;[34,4,144,70,19,87,121,178,111,132,130,84,77,112,93,147,66,157,103,105,74,188,168,31,142,117,167,61,45,138,41,49,78,128,42,57,197,125,145,126,143,160,91,1,150,124,180,196,36,46,140,92,82,23,189,81,0,85,22,26,176,193,109,20,170,166,38,139,63,118,48,194,29,198,174,184,35,67,32,72,163,25,51,50,190,10,165,113,156,71,44,65,37,94,173,18,131,119,11,153,80,100,30,134,148,195,97,58,158,43,7,101,181,68,123,6,149,60,54,151,110,187,39,107,55,14,13,172,12,89,75,182,15,135,53,183,69,159,164,90,28,155,73,99,106,136,115,152,2,161,102,86,133,76,122,116,17,8,16,56,21,108,192,40,104,9,33,154,52,179,27,185,127,96,171,141,98,114,64,79,177,47,88,5,186,199,83,59,129,24,95,137,175,62,120,3,169,191,162,146];False
1813;7225;9038;[34,4,144,70,19,87,121,178,127,132,130,84,77,112,93,147,66,157,103,105,74,188,168,31,142,117,167,61,45,138,41,49,78,128,42,57,197,125,145,126,143,160,91,1,150,124,180,196,36,46,140,92,82,23,189,81,0,85,22,26,176,193,109,20,170,166,38,139,63,118,48,194,29,198,174,184,35,67,32,72,163,25,51,50,190,10,165,113,156,71,44,65,37,94,173,18,131,119,83,153,80,100,30,134,148,195,97,58,158,43,7,101,181,68,123,6,149,60,54,151,110,187,39,107,55,14,13,172,12,89,75,182,15,135,53,183,69,159,164,90,28,155,73,99,106,136,115,152,2,161,102,86,133,76,122,116,17,8,16,56,21,108,192,40,104,9,33,154,52,179,27,185,111,96,171,141,98,114,64,79,177,47,88,5,186,199,11,59,129,24,95,137,175,62,120,3,169,191,162,146];False
1851;7213;9064;[34,4,144,70,19,87,121,178,127,132,130,84,77,112,93,147,66,157,103,105,74,188,168,31,142,117,167,61,45,138,41,49,78,128,42,57,197,125,145,126,143,160,91,1,150,124,180,196,36,46,140,92,82,23,189,81,0,85,22,26,176,193,109,20,170,166,38,139,63,118,48,194,29,198,174,184,35,67,32,72,163,25,51,50,190,10,165,113,156,71,44,65,37,94,173,18,131,119,11,153,80,100,30,134,148,195,97,58,158,43,7,101,181,68,123,6,137,60,54,151,110,187,39,107,55,14,13,172,12,89,75,182,15,135,53,183,69,159,164,90,28,155,73,99,106,136,115,152,2,161,102,86,133,76,122,116,17,8,16,56,21,108,192,40,104,9,33,154,52,179,27,185,111,96,171,141,98,114,64,79,177,47,88,5,186,199,83,59,129,24,95,149,175,62,120,3,169,191,162,146];False
1808;7245;9053;[34,4,144,70,19,87,121,178,111,132,130,84,77,112,93,147,66,157,103,105,74,188,168,31,142,117,167,61,45,138,41,49,78,128,42,57,197,125,145,126,143,160,91,1,150,124,180,196,36,46,140,92,82,23,189,81,0,85,22,26,176,193,109,20,170,166,38,139,63,118,48,194,29,198,174,184,35,67,32,72,163,25,51,50,190,10,165,113,156,71,44,65,37,94,173,18,131,119,11,59,80,100,30,134,148,195,97,58,158,43,153,101,181,68,123,6,149,60,54,151,110,187,39,107,55,14,13,172,12,89,75,182,15,135,53,183,69,159,164,90,28,155,73,99,106,136,115,152,2,161,102,86,133,76,122,116,17,8,16,56,21,108,192,40,104,9,33,154,52,179,27,185,127,96,171,141,98,114,64,79,177,47,88,5,186,199,83,7,129,24,95,137,175,62,120,3,169,191,162,146];False
1767;7283;9050;[34,4,144,70,19,87,121,178,127,132,130,84,77,112,150,147,66,157,103,105,74,188,168,31,142,117,167,61,45,138,41,49,78,128,42,57,197,125,145,126,143,160,91,1,93,124,180,196,36,46,140,92,82,23,189,81,0,85,22,26,176,193,109,20,170,166,38,139,63,118,48,194,29,198,174,184,35,67,32,72,163,25,51,50,190,10,165,113,156,71,44,65,37,94,173,18,131,119,11,59,80,100,30,134,148,195,97,58,158,43,153,101,181,68,123,6,149,60,54,151,110,187,39,107,55,14,13,172,12,89,75,182,15,135,53,183,69,159,164,90,28,155,73,99,106,136,115,152,2,161,102,86,133,76,122,116,17,8,16,56,21,108,192,40,104,9,33,154,52,179,27,185,111,96,171,141,98,114,64,79,177,47,88,5,186,199,83,7,129,24,95,137,175,62,120,3,169,191,162,146];False
1786;7254;9040;[34,4,144,70,19,87,121,178,127,132,130,84,77,112,93,147,66,157,103,105,74,188,168,31,142,117,167,61,45,138,41,49,78,128,42,57,197,125,145,126,143,160,91,1,150,124,180,196,36,46,140,92,82,23,189,81,0,85,22,26,176,193,109,20,170,166,38,139,63,118,48,194,29,198,174,184,35,67,32,72,163,25,51,50,190,10,165,113,156,71,44,65,37,94,173,18,131,119,11,59,80,100,30,134,148,7,97,58,158,43,153,101,181,68,123,6,149,60,54,151,110,187,39,107,55,14,13,172,12,89,75,182,15,135,53,183,69,159,164,90,28,155,73,99,106,136,115,152,2,161,102,86,133,76,122,116,17,8,16,56,21,108,192,40,104,9,33,154,52,179,27,185,111,96,171,141,98,114,64,79,177,47,88,5,186,199,83,195,129,24,95,137,175,62,120,3,169,191,162,146];False
2018;7161;9179;[34,4,109,70,19,87,121,178,172,12,130,84,77,112,93,147,66,157,103,105,74,188,144,9,142,117,167,61,45,138,41,49,78,128,42,57,197,125,145,126,143,160,91,1,150,124,180,196,36,46,140,92,82,23,189,81,0,85,22,26,176,193,168,20,67,166,38,139,63,118,48,194,29,198,174,184,35,170,32,72,163,25,51,50,190,10,165,113,156,71,44,65,37,94,173,18,131,111,83,153,80,100,30,134,148,195,97,58,158,43,7,101,181,68,123,6,137,60,54,151,110,187,39,107,55,14,13,119,132,89,75,182,15,135,53,183,69,159,164,90,28,155,73,99,106,136,115,152,2,161,102,86,133,76,122,116,17,8,16,56,21,108,192,40,104,31,33,154,52,179,27,185,127,96,171,141,98,114,64,79,177,47,88,5,186,199,11,59,129,24,95,149,175,62,120,3,169,191,162,146];False
2027;7158;9185;[34,4,109,70,19,87,121,178,172,12,130,84,77,112,93,147,66,157,103,105,74,188,144,9,142,117,167,61,45,138,41,49,78,128,42,57,197,125,145,126,143,160,91,1,150,124,180,196,36,46,140,92,82,23,189,81,0,85,22,26,176,193,168,20,67,166,38,139,63,118,48,194,29,198,174,184,35,170,32,72,163,25,51,50,190,10,165,113,156,71,44,65,37,94,173,18,131,119,83,153,80,100,30,134,148,195,97,58,158,43,7,101,181,68,123,6,137,60,54,151,110,187,39,107,55,14,13,111,132,89,75,182,15,135,53,183,69,159,164,90,28,155,73,99,106,136,115,152,2,161,102,86,133,76,52,116,17,8,16,56,21,108,192,40,104,31,33,154,122,179,27,185,127,96,171,141,98,114,64,79,177,47,88,5,186,199,11,59,129,24,95,149,175,62,120,3,169,191,162,146];False
2065;7154;9219;[34,4,109,70,19,87,121,178,172,12,130,84,77,112,93,147,66,157,103,105,74,188,144,9,142,117,167,61,45,138,41,49,78,128,42,57,197,125,145,126,143,160,91,1,150,124,180,196,36,46,140,92,82,170,189,81,0,85,22,26,176,193,168,20,67,166,38,139,63,118,48,194,29,198,174,184,35,23,32,72,163,25,51,50,190,10,165,113,156,71,44,65,37,94,173,18,131,119,11,153,80,100,30,134,148,195,97,58,158,43,7,101,181,68,123,6,137,60,54,151,110,187,39,107,55,14,13,111,132,89,75,182,15,135,53,183,69,159,164,90,28,155,73,99,106,136,115,152,2,161,102,86,133,76,52,116,17,8,16,56,21,108,192,40,104,31,33,154,122,179,27,185,127,96,171,141,98,114,64,79,177,47,88,5,186,199,83,59,129,24,95,149,175,62,120,3,169,191,162,146];False
2058;7152;9210;[34,4,109,70,19,87,121,178,172,12,130,84,77,112,93,147,66,157,103,105,74,188,144,9,142,117,167,61,45,138,41,49,78,128,42,57,197,125,145,126,143,160,91,1,150,124,180,196,36,46,140,92,82,23,189,81,0,85,22,26,176,193,168,20,67,166,38,139,63,118,48,194,29,198,174,184,35,170,32,72,163,25,51,50,190,10,165,113,156,71,44,65,37,94,173,18,131,119,11,149,80,100,30,134,148,195,97,58,158,43,7,101,181,68,123,6,137,60,54,151,110,187,39,107,55,14,13,111,132,89,75,182,15,135,53,183,69,159,164,90,28,155,73,99,106,136,115,152,2,161,102,86,133,76,52,116,17,8,16,56,21,108,192,40,104,31,33,154,122,179,27,185,127,96,171,141,98,114,64,79,177,47,88,5,186,199,83,59,129,24,95,153,175,62,120,3,169,191,162,146];False
2081;7150;9231;[34,4,109,70,19,87,121,178,172,12,130,84,77,112,93,147,66,157,103,105,74,188,144,9,142,117,167,61,45,138,41,49,78,128,42,57,197,125,145,126,143,160,91,1,150,124,180,196,36,46,140,92,82,23,189,81,0,85,22,26,176,193,168,20,67,166,38,139,63,118,48,194,29,198,174,184,35,170,32,72,163,25,51,50,190,10,165,113,156,71,44,65,37,94,173,18,131,119,11,153,80,100,30,134,148,195,97,58,158,43,7,101,181,68,123,6,137,60,54,151,110,187,39,107,55,14,13,111,132,89,75,182,15,135,53,183,69,159,164,90,28,155,73,99,106,136,115,152,2,161,102,86,133,76,52,116,17,8,16,56,21,108,192,40,104,31,33,154,122,179,47,185,127,96,171,141,98,114,64,79,177,27,88,5,186,199,83,59,129,24,95,149,175,62,120,3,169,191,162,146];False
1926;7192;9118;[34,4,109,70,19,87,121,178,111,132,130,84,77,112,93,147,66,157,103,105,74,188,144,31,142,117,167,61,45,138,41,49,78,128,42,57,197,125,145,126,143,160,91,1,150,124,180,196,36,46,140,92,82,23,189,81,0,85,22,26,176,193,168,20,67,166,38,139,63,118,48,194,29,198,174,184,35,170,32,72,163,25,51,50,190,10,165,113,156,71,44,65,37,94,173,18,131,119,83,153,80,100,30,134,148,195,97,58,158,43,7,101,181,68,123,6,149,60,54,151,110,187,39,107,55,14,13,172,12,89,75,182,15,135,53,183,69,159,164,90,28,155,73,99,106,136,115,152,2,161,102,86,133,76,52,116,17,8,16,56,21,108,192,40,104,9,33,154,122,179,27,185,127,96,171,141,98,114,64,79,177,47,88,5,186,199,11,59,129,24,95,137,175,62,120,3,169,191,162,146];False
1777;7272;9049;[34,4,144,70,19,87,121,178,127,132,130,84,77,112,93,147,66,157,103,105,74,188,168,31,142,117,167,61,45,65,41,49,78,128,42,57,197,125,145,126,35,160,91,1,150,124,180,196,36,46,140,92,82,23,189,81,0,85,22,26,176,193,109,20,170,166,38,139,63,118,48,194,29,198,174,184,143,67,32,72,163,25,51,50,190,10,165,113,156,71,44,138,37,94,173,18,131,119,11,59,80,100,30,134,148,195,97,58,158,43,153,101,181,68,123,6,149,60,54,151,110,187,39,107,55,14,13,172,12,89,75,182,15,135,53,183,69,159,164,90,28,155,73,99,106,136,115,152,2,161,102,86,133,76,122,116,17,8,16,56,21,108,192,40,104,9,33,154,52,179,27,185,111,96,171,141,98,114,64,79,177,47,88,5,186,199,83,7,129,24,95,137,175,62,120,3,169,191,162,146];False
1775;7271;9046;[34,4,144,70,19,87,121,178,127,132,130,84,77,112,93,147,66,157,103,105,74,188,168,31,142,117,167,61,45,138,41,49,78,128,42,57,197,125,145,126,35,160,91,1,150,124,180,196,36,46,140,92,82,23,189,81,0,85,22,26,176,193,109,20,170,166,38,139,63,118,48,194,29,198,174,184,143,67,32,72,163,25,51,50,190,10,165,113,156,71,44,65,37,94,173,18,131,119,11,59,80,100,30,134,148,7,97,58,158,43,153,101,181,68,123,6,149,60,54,151,110,187,39,107,55,14,13,172,12,89,75,182,15,135,53,183,69,159,164,90,28,155,73,99,106,136,115,152,2,161,102,86,133,76,122,116,17,8,16,56,21,108,192,40,104,9,33,154,52,179,27,185,111,96,171,141,98,114,64,79,177,47,88,5,186,199,83,195,129,24,95,137,175,62,120,3,169,191,162,146];False
1881;7203;9084;[34,4,144,70,19,87,121,178,111,132,130,84,77,112,93,147,66,157,103,105,74,188,168,31,142,117,167,61,45,138,41,49,78,128,42,57,197,125,145,126,143,160,91,1,150,124,180,196,36,46,140,92,82,23,189,81,0,85,22,26,176,193,109,20,67,166,38,139,63,118,48,194,29,198,174,184,35,170,32,72,163,25,51,50,190,10,165,113,156,71,44,65,37,94,173,18,131,119,11,153,80,100,30,134,148,195,97,58,158,43,7,101,181,68,123,6,149,60,54,151,110,187,39,107,55,14,13,172,12,89,75,182,15,135,53,183,69,159,164,90,28,155,73,99,106,136,115,152,2,161,102,86,133,76,122,116,17,8,16,56,21,108,192,40,104,9,33,154,52,179,27,185,127,96,171,141,98,114,64,79,177,47,88,5,186,199,83,59,129,24,95,137,175,62,120,3,169,191,162,146];False
1851;7211;9062;[34,4,144,70,19,87,121,178,127,132,130,84,77,112,93,147,66,157,103,105,74,188,168,31,142,117,167,61,45,138,41,49,78,128,42,57,197,125,145,126,143,160,91,1,150,124,180,196,36,46,140,92,82,23,189,81,0,85,22,26,176,193,109,20,67,166,38,139,63,118,48,194,29,198,174,184,35,170,32,72,163,25,51,50,190,10,165,113,156,71,44,65,37,94,173,18,131,119,83,153,80,100,30,134,148,195,97,58,158,43,7,101,181,68,123,6,149,60,54,151,110,187,39,107,55,14,13,172,12,89,75,182,15,135,53,183,69,159,164,90,28,155,73,99,106,136,115,152,2,161,102,86,133,76,122,116,17,8,16,56,21,108,192,40,104,9,33,154,52,179,27,185,111,96,171,141,98,114,64,79,177,47,88,5,186,199,11,59,129,24,95,137,175,62,120,3,169,191,162,146];False
1889;7199;9088;[34,4,144,70,19,87,121,178,127,132,130,84,77,112,93,147,66,157,103,105,74,188,168,31,142,117,167,61,45,138,41,49,78,128,42,57,197,125,145,126,143,160,91,1,150,124,180,196,36,46,140,92,82,23,189,81,0,85,22,26,176,193,109,20,67,166,38,139,63,118,48,194,29,198,174,184,35,170,32,72,163,25,51,50,190,10,165,113,156,71,44,65,37,94,173,18,131,119,11,153,80,100,30,134,148,195,97,58,158,43,7,101,181,68,123,6,137,60,54,151,110,187,39,107,55,14,13,172,12,89,75,182,15,135,53,183,69,159,164,90,28,155,73,99,106,136,115,152,2,161,102,86,133,76,122,116,17,8,16,56,21,108,192,40,104,9,33,154,52,179,27,185,111,96,171,141,98,114,64,79,177,47,88,5,186,199,83,59,129,24,95,149,175,62,120,3,169,191,162,146];False
1828;7220;9048;[34,4,144,70,19,87,121,178,111,132,130,84,77,112,93,147,66,157,103,105,74,188,168,31,142,117,167,61,45,138,41,49,78,128,42,57,197,125,145,126,143,160,91,1,150,124,180,196,36,46,140,92,82,23,189,81,0,85,22,26,176,193,109,20,170,166,38,139,63,118,48,194,29,198,174,184,35,67,32,72,163,25,51,50,190,10,165,113,156,71,44,65,37,94,173,18,131,119,83,153,80,100,30,134,148,195,97,58,158,43,7,101,181,68,123,6,149,60,54,151,110,187,39,107,55,14,13,172,12,89,75,182,15,135,53,183,69,159,164,90,28,155,73,99,106,136,115,152,2,161,102,86,133,76,122,116,17,8,16,56,21,108,192,40,104,9,33,154,52,179,27,185,127,96,171,141,98,114,64,79,177,47,88,5,186,199,11,59,129,24,95,137,175,62,120,3,169,191,162,146];False
1808;7230;9038;[34,4,144,70,19,87,121,178,127,132,130,84,77,112,93,147,66,157,103,105,74,188,168,31,142,117,167,61,45,65,41,49,78,128,42,57,197,125,145,126,143,160,91,1,150,124,180,196,36,46,140,92,82,23,189,81,0,85,22,26,176,193,109,20,170,166,38,139,63,118,48,194,29,198,174,184,35,67,32,72,163,25,51,50,190,10,165,113,156,71,44,138,37,94,173,18,131,119,83,153,80,100,30,134,148,195,97,58,158,43,7,101,181,68,123,6,149,60,54,151,110,187,39,107,55,14,13,172,12,89,75,182,15,135,53,183,69,159,164,90,28,155,73,99,106,136,115,152,2,161,102,86,133,76,122,116,17,8,16,56,21,108,192,40,104,9,33,154,52,179,27,185,111,96,171,141,98,114,64,79,177,47,88,5,186,199,11,59,129,24,95,137,175,62,120,3,169,191,162,146];False
1802;7242;9044;[34,4,144,70,19,87,121,178,127,132,130,84,77,112,93,147,66,157,103,105,74,188,168,31,142,117,167,61,45,138,41,49,78,128,42,57,197,125,145,126,35,160,91,1,150,124,180,196,36,46,140,92,82,23,189,81,0,85,22,26,176,193,109,20,170,166,38,139,63,118,48,194,29,198,174,184,143,67,32,72,163,25,51,50,190,10,165,113,156,71,44,65,37,94,173,18,131,119,83,153,80,100,30,134,148,195,97,58,158,43,7,101,181,68,123,6,149,60,54,151,110,187,39,107,55,14,13,172,12,89,75,182,15,135,53,183,69,159,164,90,28,155,73,99,106,136,115,152,2,161,102,86,133,76,122,116,17,8,16,56,21,108,192,40,104,9,33,154,52,179,27,185,111,96,171,141,98,114,64,79,177,47,88,5,186,199,11,59,129,24,95,137,175,62,120,3,169,191,162,146];False
1794;7248;9042;[34,4,144,70,19,87,121,178,127,132,130,84,77,112,93,147,66,157,103,105,74,188,168,31,142,117,167,61,45,138,41,49,78,128,42,57,197,125,145,126,143,160,91,1,150,124,180,196,36,46,140,92,82,23,189,81,0,85,22,26,176,193,109,20,170,166,38,139,63,118,48,194,29,198,174,184,35,67,32,72,163,25,51,50,190,10,165,113,156,71,44,65,37,94,173,18,131,119,83,153,101,100,30,134,148,195,97,58,158,43,7,80,181,68,123,6,149,60,54,151,110,187,39,107,55,14,13,172,12,89,75,182,15,135,53,183,69,159,164,90,28,155,73,99,106,136,115,152,2,161,102,86,133,76,122,116,17,8,16,56,21,108,192,40,104,9,33,154,52,179,27,185,111,96,171,141,98,114,64,79,177,47,88,5,186,199,11,59,129,24,95,137,175,62,120,3,169,191,162,146];False
1836;7216;9052;[34,4,144,70,19,87,121,178,127,132,130,84,77,112,93,147,66,157,103,105,74,188,168,31,142,117,167,61,45,138,41,49,78,128,42,57,197,125,145,126,143,160,91,1,150,124,180,196,36,46,140,92,82,23,189,81,0,85,22,26,176,193,109,20,170,166,38,139,63,118,48,194,29,198,174,184,35,67,32,72,163,25,51,50,190,10,165,113,156,71,44,65,37,94,173,18,131,119,83,153,80,100,30,134,148,195,97,58,158,43,7,101,181,68,123,6,137,60,54,151,110,187,39,107,55,14,13,172,12,89,75,182,15,135,53,183,69,159,164,90,28,155,73,99,106,136,115,152,2,161,102,86,133,76,122,116,17,8,16,56,21,108,192,40,104,9,33,154,52,179,27,185,111,96,171,141,98,114,64,79,177,47,88,5,186,199,11,59,129,24,95,149,175,62,120,3,169,191,162,146];False
1781;7259;9040;[34,4,144,70,19,87,121,178,127,132,130,84,77,112,93,147,66,157,103,105,74,188,168,31,142,117,167,61,45,65,41,49,78,128,42,57,197,125,145,126,143,160,91,1,150,124,180,196,36,46,140,92,82,23,189,81,0,85,22,26,176,193,109,20,170,166,38,139,63,118,48,194,29,198,174,184,35,67,32,72,163,25,51,50,190,10,165,113,156,71,44,138,37,94,173,18,131,119,11,59,80,100,30,134,148,7,97,58,158,43,153,101,181,68,123,6,149,60,54,151,110,187,39,107,55,14,13,172,12,89,75,182,15,135,53,183,69,159,164,90,28,155,73,99,106,136,115,152,2,161,102,86,133,76,122,116,17,8,16,56,21,108,192,40,104,9,33,154,52,179,27,185,111,96,171,141,98,114,64,79,177,47,88,5,186,199,83,195,129,24,95,137,175,62,120,3,169,191,162,146];False
1995;7170;9165;[34,4,109,70,19,87,121,178,172,12,130,84,77,112,93,147,66,157,103,105,74,188,144,9,142,117,167,61,45,138,41,49,78,128,42,57,197,125,145,126,143,160,91,1,150,124,180,196,36,46,140,92,82,23,189,81,0,85,22,26,176,193,168,20,67,166,38,139,63,118,48,194,29,198,174,184,35,170,32,72,163,25,51,50,190,10,165,113,156,71,44,65,37,94,173,18,131,111,83,153,80,100,30,134,148,195,97,58,158,43,7,101,181,68,123,6,149,60,54,151,110,187,39,107,55,14,13,119,132,89,75,182,15,135,53,183,69,159,164,90,28,155,73,99,106,136,115,152,2,161,102,86,133,76,122,116,17,8,16,56,21,108,192,40,104,31,33,154,52,179,27,185,127,96,171,141,98,114,64,79,177,47,88,5,186,199,11,59,129,24,95,137,175,62,120,3,169,191,162,146];False
2034;7156;9190;[34,4,109,70,19,87,121,178,172,12,130,84,77,112,93,147,66,157,103,105,74,188,144,9,142,117,167,61,45,138,41,49,78,128,42,57,197,125,145,126,143,160,91,1,150,124,180,196,36,46,140,92,82,23,189,81,0,85,22,26,176,193,168,20,67,166,38,139,63,118,48,194,29,198,174,184,35,170,32,72,163,25,51,50,190,10,165,113,156,71,44,65,37,94,173,18,131,111,83,153,80,100,30,134,148,195,97,58,158,43,7,101,181,68,123,6,137,60,54,151,110,187,39,107,55,14,13,119,132,89,75,182,15,135,53,183,69,159,164,90,28,155,73,99,106,136,115,152,2,161,102,86,133,76,52,116,17,8,16,56,21,108,192,40,104,31,33,154,122,179,27,185,127,96,171,141,98,114,64,79,177,47,88,5,186,199,11,59,129,24,95,149,175,62,120,3,169,191,162,146];False
2010;7167;9177;[34,4,109,70,19,87,121,178,172,12,130,84,77,112,93,147,66,157,103,105,74,188,144,31,142,117,167,61,45,138,41,49,78,128,42,57,197,125,145,126,143,160,91,1,150,124,180,196,36,46,140,92,82,23,189,81,0,85,22,26,176,193,168,20,67,166,38,139,63,118,48,194,29,198,174,184,35,170,32,72,163,25,51,50,190,10,165,113,156,71,44,65,37,94,173,18,131,119,83,153,80,100,30,134,148,195,97,58,158,43,7,101,181,68,123,6,137,60,54,151,110,187,39,107,55,14,13,111,132,89,75,182,15,135,53,183,69,159,164,90,28,155,73,99,106,136,115,152,2,161,102,86,133,76,52,116,17,8,16,56,21,108,192,40,104,9,33,154,122,179,27,185,127,96,171,141,98,114,64,79,177,47,88,5,186,199,11,59,129,24,95,149,175,62,120,3,169,191,162,146];False
2004;7167;9171;[34,4,109,70,19,87,121,178,172,12,130,84,77,112,93,147,66,157,103,105,74,188,144,9,142,117,167,61,45,138,41,49,78,128,42,57,197,125,145,126,143,160,91,1,150,124,180,196,36,46,140,92,82,23,189,81,0,85,22,26,176,193,168,20,67,166,38,139,63,118,48,194,29,198,174,184,35,170,32,72,163,25,51,50,190,10,165,113,156,71,44,65,37,94,173,18,131,119,83,153,80,100,30,134,148,195,97,58,158,43,7,101,181,68,123,6,149,60,54,151,110,187,39,107,55,14,13,111,132,89,75,182,15,135,53,183,69,159,164,90,28,155,73,99,106,136,115,152,2,161,102,86,133,76,52,116,17,8,16,56,21,108,192,40,104,31,33,154,122,179,27,185,127,96,171,141,98,114,64,79,177,47,88,5,186,199,11,59,129,24,95,137,175,62,120,3,169,191,162,146];False
1770;7276;9046;[34,4,144,70,19,87,121,178,127,132,130,84,77,112,93,147,66,157,103,105,74,188,168,31,142,117,167,61,45,65,41,49,78,128,42,57,197,125,145,126,35,160,91,1,150,124,180,196,36,46,140,92,82,23,189,81,0,85,22,26,176,193,109,20,170,166,38,139,63,118,48,194,29,198,174,184,143,67,32,72,163,25,51,50,190,10,165,113,156,71,44,138,37,94,173,18,131,119,11,59,80,100,30,134,148,7,97,58,158,43,153,101,181,68,123,6,149,60,54,151,110,187,39,107,55,14,13,172,12,89,75,182,15,135,53,183,69,159,164,90,28,155,73,99,106,136,115,152,2,161,102,86,133,76,122,116,17,8,16,56,21,108,192,40,104,9,33,154,52,179,27,185,111,96,171,141,98,114,64,79,177,47,88,5,186,199,83,195,129,24,95,137,175,62,120,3,169,191,162,146];False
1866;7206;9072;[34,4,144,70,19,87,121,178,111,132,130,84,77,112,93,147,66,157,103,105,74,188,168,31,142,117,167,61,45,138,41,49,78,128,42,57,197,125,145,126,143,160,91,1,150,124,180,196,36,46,140,92,82,23,189,81,0,85,22,26,176,193,109,20,67,166,38,139,63,118,48,194,29,198,174,184,35,170,32,72,163,25,51,50,190,10,165,113,156,71,44,65,37,94,173,18,131,119,83,153,80,100,30,134,148,195,97,58,158,43,7,101,181,68,123,6,149,60,54,151,110,187,39,107,55,14,13,172,12,89,75,182,15,135,53,183,69,159,164,90,28,155,73,99,106,136,115,152,2,161,102,86,133,76,122,116,17,8,16,56,21,108,192,40,104,9,33,154,52,179,27,185,127,96,171,141,98,114,64,79,177,47,88,5,186,199,11,59,129,24,95,137,175,62,120,3,169,191,162,146];False
1904;7194;9098;[34,4,144,70,19,87,121,178,111,132,130,84,77,112,93,147,66,157,103,105,74,188,168,31,142,117,167,61,45,138,41,49,78,128,42,57,197,125,145,126,143,160,91,1,150,124,180,196,36,46,140,92,82,23,189,81,0,85,22,26,176,193,109,20,67,166,38,139,63,118,48,194,29,198,174,184,35,170,32,72,163,25,51,50,190,10,165,113,156,71,44,65,37,94,173,18,131,119,11,153,80,100,30,134,148,195,97,58,158,43,7,101,181,68,123,6,137,60,54,151,110,187,39,107,55,14,13,172,12,89,75,182,15,135,53,183,69,159,164,90,28,155,73,99,106,136,115,152,2,161,102,86,133,76,122,116,17,8,16,56,21,108,192,40,104,9,33,154,52,179,27,185,127,96,171,141,98,114,64,79,177,47,88,5,186,199,83,59,129,24,95,149,175,62,120,3,169,191,162,146];False
1799;7241;9040;[34,4,144,70,19,87,121,178,127,132,130,84,77,112,93,147,66,157,103,105,74,188,168,31,142,117,167,61,45,138,41,49,78,128,42,57,197,125,145,126,143,160,91,1,150,124,180,196,36,46,140,92,82,23,189,81,0,85,22,26,176,193,109,20,67,166,38,139,63,118,48,194,29,198,174,184,35,25,32,72,163,170,51,50,190,10,165,113,156,71,44,65,37,94,173,18,131,119,83,153,80,100,30,134,148,195,97,58,158,43,7,101,181,68,123,6,149,60,54,151,110,187,39,107,55,14,13,172,12,89,75,182,15,135,53,183,69,159,164,90,28,155,73,99,106,136,115,152,2,161,102,86,133,76,122,116,17,8,16,56,21,108,192,40,104,9,33,154,52,179,27,185,111,96,171,141,98,114,64,79,177,47,88,5,186,199,11,59,129,24,95,137,175,62,120,3,169,191,162,146];False
1877;7205;9082;[34,4,144,70,19,87,121,178,127,132,130,84,77,112,93,147,66,157,103,105,74,188,168,31,142,117,167,61,45,138,41,49,78,128,42,57,197,125,145,126,143,160,91,1,150,124,180,196,36,46,140,92,82,23,189,81,0,85,22,26,176,193,109,20,67,166,38,139,63,118,48,194,29,198,174,184,35,170,95,72,163,25,51,50,190,10,165,113,156,71,44,65,37,94,173,18,131,119,83,153,80,100,30,134,148,195,97,58,158,43,7,101,181,68,123,6,149,60,54,151,110,187,39,107,55,14,13,172,12,89,75,182,15,135,53,183,69,159,164,90,28,155,73,99,106,136,115,152,2,161,102,86,133,76,122,116,17,8,16,56,21,108,192,40,104,9,33,154,52,179,27,185,111,96,171,141,98,114,64,79,177,47,88,5,186,199,11,59,129,24,32,137,175,62,120,3,169,191,162,146];False
1874;7202;9076;[34,4,144,70,19,87,121,178,127,132,130,84,77,112,93,147,66,157,103,105,74,188,168,31,142,117,167,61,45,138,41,49,78,128,42,57,197,125,145,126,143,160,91,1,150,124,180,196,36,46,140,92,82,23,189,81,0,85,22,26,176,193,109,20,67,166,38,139,63,118,48,194,29,198,174,184,35,170,32,72,163,25,51,50,190,10,165,113,156,71,44,65,37,94,173,18,131,119,83,153,80,100,30,134,148,195,97,58,158,43,7,101,181,68,123,6,137,60,54,151,110,187,39,107,55,14,13,172,12,89,75,182,15,135,53,183,69,159,164,90,28,155,73,99,106,136,115,152,2,161,102,86,133,76,122,116,17,8,16,56,21,108,192,40,104,9,33,154,52,179,27,185,111,96,171,141,98,114,64,79,177,47,88,5,186,199,11,59,129,24,95,149,175,62,120,3,169,191,162,146];False
1844;7215;9059;[34,4,144,70,19,87,121,178,111,132,130,84,77,112,93,147,66,157,103,105,74,188,168,31,142,117,167,61,45,138,41,49,78,128,42,57,197,125,145,126,143,160,91,1,150,124,180,196,36,46,140,92,82,23,189,81,0,85,22,26,176,193,109,20,170,166,38,139,63,118,48,194,29,198,174,184,35,67,32,72,163,25,51,50,190,10,165,113,156,71,44,65,37,94,173,18,131,119,83,153,80,100,30,134,148,195,97,58,158,43,7,101,181,68,123,6,149,60,54,151,110,187,39,107,55,14,13,172,12,89,75,182,15,135,53,183,69,159,164,90,28,155,73,99,106,136,115,152,2,161,102,86,133,76,52,116,17,8,16,56,21,108,192,40,104,9,33,154,122,179,27,185,127,96,171,141,98,114,64,79,177,47,88,5,186,199,11,59,129,24,95,137,175,62,120,3,169,191,162,146];False
1797;7247;9044;[34,4,144,70,19,87,121,178,127,132,130,84,77,112,93,147,66,157,103,105,74,188,168,31,142,117,167,61,45,65,41,49,78,128,42,57,197,125,145,126,35,160,91,1,150,124,180,196,36,46,140,92,82,23,189,81,0,85,22,26,176,193,109,20,170,166,38,139,63,118,48,194,29,198,174,184,143,67,32,72,163,25,51,50,190,10,165,113,156,71,44,138,37,94,173,18,131,119,83,153,80,100,30,134,148,195,97,58,158,43,7,101,181,68,123,6,149,60,54,151,110,187,39,107,55,14,13,172,12,89,75,182,15,135,53,183,69,159,164,90,28,155,73,99,106,136,115,152,2,161,102,86,133,76,122,116,17,8,16,56,21,108,192,40,104,9,33,154,52,179,27,185,111,96,171,141,98,114,64,79,177,47,88,5,186,199,11,59,129,24,95,137,175,62,120,3,169,191,162,146];False
1789;7253;9042;[34,4,144,70,19,87,121,178,127,132,130,84,77,112,93,147,66,157,103,105,74,188,168,31,142,117,167,61,45,65,41,49,78,128,42,57,197,125,145,126,143,160,91,1,150,124,180,196,36,46,140,92,82,23,189,81,0,85,22,26,176,193,109,20,170,166,38,139,63,118,48,194,29,198,174,184,35,67,32,72,163,25,51,50,190,10,165,113,156,71,44,138,37,94,173,18,131,119,83,153,101,100,30,134,148,195,97,58,158,43,7,80,181,68,123,6,149,60,54,151,110,187,39,107,55,14,13,172,12,89,75,182,15,135,53,183,69,159,164,90,28,155,73,99,106,136,115,152,2,161,102,86,133,76,122,116,17,8,16,56,21,108,192,40,104,9,33,154,52,179,27,185,111,96,171,141,98,114,64,79,177,47,88,5,186,199,11,59,129,24,95,137,175,62,120,3,169,191,162,146];False
1768;7281;9049;[34,4,144,70,19,87,121,178,127,132,130,84,77,112,150,147,66,157,103,105,74,188,168,31,142,117,167,61,45,138,41,49,78,128,42,57,197,125,145,126,143,160,91,1,93,124,180,196,36,46,140,92,82,23,189,81,0,85,22,26,176,193,109,20,170,166,38,139,63,118,48,194,29,198,174,184,35,67,32,72,163,25,51,50,190,10,165,113,156,71,44,65,37,94,173,18,131,119,83,153,101,100,30,134,148,195,97,58,158,43,7,80,181,68,123,6,149,60,54,151,110,187,39,107,55,14,13,172,12,89,75,182,15,135,53,183,69,159,164,90,28,155,73,99,106,136,115,152,2,161,102,86,133,76,122,116,17,8,16,56,21,108,192,40,104,9,33,154,52,179,27,185,111,96,171,141,98,114,64,79,177,47,88,5,186,199,11,59,129,24,95,137,175,62,120,3,169,191,162,146];False
1772;7269;9041;[34,4,144,70,19,87,121,178,127,132,130,84,77,112,93,147,66,157,103,105,74,188,168,31,142,117,167,61,45,138,41,49,78,128,42,57,197,125,145,126,143,160,91,1,150,124,180,196,36,46,140,92,82,23,189,81,80,85,22,26,176,193,109,20,170,166,38,139,63,118,48,194,29,198,174,184,35,67,32,72,163,25,51,50,190,10,165,113,156,71,44,65,37,94,173,18,131,119,83,153,101,100,30,134,148,195,97,58,158,43,7,0,181,68,123,6,149,60,54,151,110,187,39,107,55,14,13,172,12,89,75,182,15,135,53,183,69,159,164,90,28,155,73,99,106,136,115,152,2,161,102,86,133,76,122,116,17,8,16,56,21,108,192,40,104,9,33,154,52,179,27,185,111,96,171,141,98,114,64,79,177,47,88,5,186,199,11,59,129,24,95,137,175,62,120,3,169,191,162,146];False
1779;7263;9042;[34,4,144,70,19,87,121,178,127,132,130,84,77,112,93,147,66,157,103,105,74,188,168,31,142,117,167,61,45,138,41,49,78,128,42,57,197,125,145,126,143,160,91,1,150,124,180,196,36,46,140,92,82,23,189,81,0,85,22,26,176,193,109,20,170,166,38,139,63,118,48,194,29,198,174,184,35,67,32,72,163,25,51,50,190,10,165,113,156,71,44,65,37,94,173,18,131,119,83,153,101,100,30,134,148,195,97,58,158,43,7,122,181,68,123,6,149,60,54,151,110,187,39,107,55,14,13,172,12,89,75,182,15,135,53,183,69,159,164,90,28,155,73,99,106,136,115,152,2,161,102,86,133,76,80,116,17,8,16,56,21,108,192,40,104,9,33,154,52,179,27,185,111,96,171,141,98,114,64,79,177,47,88,5,186,199,11,59,129,24,95,137,175,62,120,3,169,191,162,146];False
2073;7151;9224;[34,4,109,70,19,87,121,178,172,12,130,84,77,112,93,147,66,157,103,105,74,188,144,9,142,117,167,61,45,138,41,49,78,128,42,57,197,125,145,126,143,160,91,1,150,124,180,196,36,46,140,92,82,23,189,81,0,85,22,26,176,193,168,20,67,166,38,139,63,118,48,194,29,198,174,184,35,170,32,72,163,25,51,50,190,10,165,113,156,71,44,65,37,94,173,18,131,111,83,153,80,100,30,134,148,195,97,58,158,43,7,101,181,68,123,6,137,60,54,151,110,187,39,107,55,14,13,119,132,89,75,182,15,135,53,183,69,159,164,90,28,155,73,99,106,136,115,152,2,161,102,86,133,76,52,116,17,8,16,56,21,108,192,40,104,31,33,154,122,179,47,185,127,96,171,141,98,114,64,79,177,27,88,5,186,199,11,59,129,24,95,149,175,62,120,3,169,191,162,146];False
1889;7197;9086;[34,4,144,70,19,87,121,178,111,132,130,84,77,112,93,147,66,157,103,105,74,188,168,31,142,117,167,61,45,138,41,49,78,128,42,57,197,125,145,126,143,160,91,1,150,124,180,196,36,46,140,92,82,23,189,81,0,85,22,26,176,193,109,20,67,166,38,139,63,118,48,194,29,198,174,184,35,170,32,72,163,25,51,50,190,10,165,113,156,71,44,65,37,94,173,18,131,119,83,153,80,100,30,134,148,195,97,58,158,43,7,101,181,68,123,6,137,60,54,151,110,187,39,107,55,14,13,172,12,89,75,182,15,135,53,183,69,159,164,90,28,155,73,99,106,136,115,152,2,161,102,86,133,76,122,116,17,8,16,56,21,108,192,40,104,9,33,154,52,179,27,185,127,96,171,141,98,114,64,79,177,47,88,5,186,199,11,59,129,24,95,149,175,62,120,3,169,191,162,146];False
1882;7201;9083;[34,4,144,70,19,87,121,178,111,132,130,84,77,112,93,147,66,157,103,105,74,188,168,31,142,117,167,61,45,138,41,49,78,128,42,57,197,125,145,126,143,160,91,1,150,124,180,196,36,46,140,92,82,23,189,81,0,85,22,26,176,193,109,20,67,166,38,139,63,118,48,194,29,198,174,184,35,170,32,72,163,25,51,50,190,10,165,113,156,71,44,65,37,94,173,18,131,119,83,153,80,100,30,134,148,195,97,58,158,43,7,101,181,68,123,6,149,60,54,151,110,187,39,107,55,14,13,172,12,89,75,182,15,135,53,183,69,159,164,90,28,155,73,99,106,136,115,152,2,161,102,86,133,76,52,116,17,8,16,56,21,108,192,40,104,9,33,154,122,179,27,185,127,96,171,141,98,114,64,79,177,47,88,5,186,199,11,59,129,24,95,137,175,62,120,3,169,191,162,146];False
1920;7191;9111;[34,4,144,70,19,87,121,178,111,132,130,84,77,112,93,147,66,157,103,105,74,188,168,31,142,117,167,61,45,138,41,49,78,128,42,57,197,125,145,126,143,160,91,1,150,124,180,196,36,46,140,92,82,23,189,81,0,85,22,26,176,193,109,20,67,166,38,139,63,118,48,194,29,198,174,184,35,170,32,72,163,25,51,50,190,10,165,113,156,71,44,65,37,94,173,18,131,119,11,149,80,100,30,134,148,195,97,58,158,43,7,101,181,68,123,6,137,60,54,151,110,187,39,107,55,14,13,172,12,89,75,182,15,135,53,183,69,159,164,90,28,155,73,99,106,136,115,152,2,161,102,86,133,76,122,116,17,8,16,56,21,108,192,40,104,9,33,154,52,179,27,185,127,96,171,141,98,114,64,79,177,47,88,5,186,199,83,59,129,24,95,153,175,62,120,3,169,191,162,146];False
1920;7189;9109;[34,4,144,70,19,87,121,178,111,132,130,84,77,112,93,147,66,157,103,105,74,188,168,31,142,117,167,61,45,138,41,49,78,128,42,57,197,125,145,126,143,160,91,1,150,124,180,196,36,46,140,92,82,23,189,81,0,85,22,26,176,193,109,20,67,166,38,139,63,118,48,194,29,198,174,184,35,170,32,72,163,25,51,50,190,10,165,113,156,71,44,65,37,94,173,18,131,119,11,153,80,100,30,134,148,195,97,58,158,43,7,101,181,68,123,6,137,60,54,151,110,187,39,107,55,14,13,172,12,89,75,182,15,135,53,183,69,159,164,90,28,155,73,99,106,136,115,152,2,161,102,86,133,76,52,116,17,8,16,56,21,108,192,40,104,9,33,154,122,179,27,185,127,96,171,141,98,114,64,79,177,47,88,5,186,199,83,59,129,24,95,149,175,62,120,3,169,191,162,146];False
1794;7246;9040;[34,4,144,70,19,87,121,178,127,132,130,84,77,112,93,147,66,157,103,105,74,188,168,31,142,117,167,61,45,65,41,49,78,128,42,57,197,125,145,126,143,160,91,1,150,124,180,196,36,46,140,92,82,23,189,81,0,85,22,26,176,193,109,20,67,166,38,139,63,118,48,194,29,198,174,184,35,25,32,72,163,170,51,50,190,10,165,113,156,71,44,138,37,94,173,18,131,119,83,153,80,100,30,134,148,195,97,58,158,43,7,101,181,68,123,6,149,60,54,151,110,187,39,107,55,14,13,172,12,89,75,182,15,135,53,183,69,159,164,90,28,155,73,99,106,136,115,152,2,161,102,86,133,76,122,116,17,8,16,56,21,108,192,40,104,9,33,154,52,179,27,185,111,96,171,141,98,114,64,79,177,47,88,5,186,199,11,59,129,24,95,137,175,62,120,3,169,191,162,146];False
1776;7267;9043;[34,4,144,70,19,87,121,178,127,132,130,84,77,112,93,147,66,157,103,105,74,188,168,31,142,117,167,61,45,65,41,49,78,128,42,57,197,125,145,126,143,160,91,1,150,124,180,196,36,46,140,92,82,23,189,7,0,85,22,26,176,193,109,20,170,166,38,139,63,118,48,194,29,198,174,184,35,67,32,72,163,25,51,50,190,10,165,113,156,71,44,138,37,94,173,18,131,119,83,153,101,100,30,134,148,195,97,58,158,43,81,80,181,68,123,6,149,60,54,151,110,187,39,107,55,14,13,172,12,89,75,182,15,135,53,183,69,159,164,90,28,155,73,99,106,136,115,152,2,161,102,86,133,76,122,116,17,8,16,56,21,108,192,40,104,9,33,154,52,179,27,185,111,96,171,141,98,114,64,79,177,47,88,5,186,199,11,59,129,24,95,137,175,62,120,3,169,191,162,146];False
1767;7274;9041;[34,4,144,70,19,87,121,178,127,132,130,84,77,112,93,147,66,157,103,105,74,188,168,31,142,117,167,61,45,65,41,49,78,128,42,57,197,125,145,126,143,160,91,1,150,124,180,196,36,46,140,92,82,23,189,81,80,85,22,26,176,193,109,20,170,166,38,139,63,118,48,194,29,198,174,184,35,67,32,72,163,25,51,50,190,10,165,113,156,71,44,138,37,94,173,18,131,119,83,153,101,100,30,134,148,195,97,58,158,43,7,0,181,68,123,6,149,60,54,151,110,187,39,107,55,14,13,172,12,89,75,182,15,135,53,183,69,159,164,90,28,155,73,99,106,136,115,152,2,161,102,86,133,76,122,116,17,8,16,56,21,108,192,40,104,9,33,154,52,179,27,185,111,96,171,141,98,114,64,79,177,47,88,5,186,199,11,59,129,24,95,137,175,62,120,3,169,191,162,146];False
1774;7268;9042;[34,4,144,70,19,87,121,178,127,132,130,84,77,112,93,147,66,157,103,105,74,188,168,31,142,117,167,61,45,65,41,49,78,128,42,57,197,125,145,126,143,160,91,1,150,124,180,196,36,46,140,92,82,23,189,81,0,85,22,26,176,193,109,20,170,166,38,139,63,118,48,194,29,198,174,184,35,67,32,72,163,25,51,50,190,10,165,113,156,71,44,138,37,94,173,18,131,119,83,153,101,100,30,134,148,195,97,58,158,43,7,122,181,68,123,6,149,60,54,151,110,187,39,107,55,14,13,172,12,89,75,182,15,135,53,183,69,159,164,90,28,155,73,99,106,136,115,152,2,161,102,86,133,76,80,116,17,8,16,56,21,108,192,40,104,9,33,154,52,179,27,185,111,96,171,141,98,114,64,79,177,47,88,5,186,199,11,59,129,24,95,137,175,62,120,3,169,191,162,146];False
1721;7273;8994;[34,4,144,70,19,87,121,178,127,132,130,84,77,112,93,147,66,157,103,105,74,188,168,31,142,117,167,61,45,138,41,49,78,128,42,57,197,125,145,126,143,160,91,1,150,124,180,196,36,46,140,92,82,23,189,81,80,181,22,26,176,193,109,20,170,166,38,139,63,118,48,194,29,198,174,184,35,67,32,72,163,25,51,50,190,10,165,113,156,71,44,65,37,94,173,18,131,119,83,153,101,100,30,134,148,195,97,58,158,43,7,0,85,68,123,6,149,60,54,151,110,187,39,107,55,14,13,172,12,89,75,182,15,135,53,183,69,159,164,90,28,155,73,99,106,136,115,152,2,161,102,86,133,76,122,116,17,8,16,56,21,108,192,40,104,9,33,154,52,179,27,185,111,96,171,141,98,114,64,79,177,47,88,5,186,199,11,59,129,24,95,137,175,62,120,3,169,191,162,146];False
1905;7192;9097;[34,4,144,70,19,87,121,178,111,132,130,84,77,112,93,147,66,157,103,105,74,188,168,31,142,117,167,61,45,138,41,49,78,128,42,57,197,125,145,126,143,160,91,1,150,124,180,196,36,46,140,92,82,23,189,81,0,85,22,26,176,193,109,20,67,166,38,139,63,118,48,194,29,198,174,184,35,170,32,72,163,25,51,50,190,10,165,113,156,71,44,65,37,94,173,18,131,119,83,153,80,100,30,134,148,195,97,58,158,43,7,101,181,68,123,6,137,60,54,151,110,187,39,107,55,14,13,172,12,89,75,182,15,135,53,183,69,159,164,90,28,155,73,99,106,136,115,152,2,161,102,86,133,76,52,116,17,8,16,56,21,108,192,40,104,9,33,154,122,179,27,185,127,96,171,141,98,114,64,79,177,47,88,5,186,199,11,59,129,24,95,149,175,62,120,3,169,191,162,146];False
1973;7172;9145;[34,4,144,70,19,87,121,178,111,132,130,84,77,112,93,147,66,157,103,105,74,188,168,31,142,117,167,61,45,138,41,49,78,128,42,57,197,125,145,126,143,160,91,1,150,124,180,196,36,46,140,92,82,23,189,81,0,85,22,26,176,193,109,20,67,166,38,139,63,118,48,194,29,198,174,184,35,170,32,72,163,25,51,50,190,10,165,113,156,71,44,65,37,94,173,18,131,119,11,153,80,100,30,134,148,195,97,58,158,43,7,101,181,68,123,6,137,60,54,151,110,187,39,107,55,14,13,172,12,89,75,182,15,135,53,183,69,159,164,90,28,155,73,99,106,136,115,152,2,161,102,86,133,76,52,104,17,8,16,56,21,108,192,40,116,9,33,154,122,179,27,185,127,96,171,141,98,114,64,79,177,47,88,5,186,199,83,59,129,24,95,149,175,62,120,3,169,191,162,146];False
1773;7258;9031;[34,4,144,70,19,87,121,178,127,132,130,84,77,112,93,147,66,157,103,105,74,188,168,31,142,117,167,61,45,65,41,49,78,128,42,57,197,125,145,126,143,160,91,1,150,124,180,196,36,46,140,92,82,23,189,7,0,85,22,26,176,193,109,20,170,166,38,139,63,118,48,194,29,198,174,184,35,67,32,72,163,25,51,50,190,10,165,113,156,71,44,138,37,94,173,18,131,119,83,153,101,100,30,134,148,195,97,58,158,43,187,80,181,68,123,6,149,60,54,151,110,81,39,107,55,14,13,172,12,89,75,182,15,135,53,183,69,159,164,90,28,155,73,99,106,136,115,152,2,161,102,86,133,76,122,116,17,8,16,56,21,108,192,40,104,9,33,154,52,179,27,185,111,96,171,141,98,114,64,79,177,47,88,5,186,199,11,59,129,24,95,137,175,62,120,3,169,191,162,146];False
1717;7311;9028;[34,4,144,70,194,87,121,178,127,132,130,84,77,112,93,147,66,157,103,105,74,188,168,31,142,117,167,61,45,138,41,49,78,128,42,57,197,125,145,126,143,160,91,1,150,124,180,196,36,46,140,92,82,23,189,81,80,181,22,26,176,193,109,20,170,166,38,139,63,118,48,19,29,198,174,184,35,67,32,72,163,25,51,50,190,10,165,113,156,71,44,65,37,94,173,18,131,119,83,153,101,100,30,134,148,195,97,58,158,43,7,0,85,68,123,6,149,60,54,151,110,187,39,107,55,14,13,172,12,89,75,182,15,135,53,183,69,159,164,90,28,155,73,99,106,136,115,152,2,161,102,86,133,76,122,116,17,8,16,56,21,108,192,40,104,9,33,154,52,179,27,185,111,96,171,141,98,114,64,79,177,47,88,5,186,199,11,59,129,24,95,137,175,62,120,3,169,191,162,146];False
1736;7268;9004;[34,4,144,70,19,87,121,178,111,132,130,84,77,112,93,147,66,157,103,105,74,188,168,31,142,117,167,61,45,138,41,49,78,128,42,57,197,125,145,126,143,160,91,1,150,124,180,196,36,46,140,92,82,23,189,81,80,181,22,26,176,193,109,20,170,166,38,139,63,118,48,194,29,198,174,184,35,67,32,72,163,25,51,50,190,10,165,113,156,71,44,65,37,94,173,18,131,119,83,153,101,100,30,134,148,195,97,58,158,43,7,0,85,68,123,6,149,60,54,151,110,187,39,107,55,14,13,172,12,89,75,182,15,135,53,183,69,159,164,90,28,155,73,99,106,136,115,152,2,161,102,86,133,76,122,116,17,8,16,56,21,108,192,40,104,9,33,154,52,179,27,185,127,96,171,141,98,114,64,79,177,47,88,5,186,199,11,59,129,24,95,137,175,62,120,3,169,191,162,146];False
1695;7306;9001;[34,4,144,70,19,87,121,178,127,132,130,84,77,112,150,147,66,157,103,105,74,188,168,31,142,117,167,61,45,138,41,49,78,128,42,57,197,125,145,126,143,160,91,1,93,124,180,196,36,46,140,92,82,23,189,81,80,181,22,26,176,193,109,20,170,166,38,139,63,118,48,194,29,198,174,184,35,67,32,72,163,25,51,50,190,10,165,113,156,71,44,65,37,94,173,18,131,119,83,153,101,100,30,134,148,195,97,58,158,43,7,0,85,68,123,6,149,60,54,151,110,187,39,107,55,14,13,172,12,89,75,182,15,135,53,183,69,159,164,90,28,155,73,99,106,136,115,152,2,161,102,86,133,76,122,116,17,8,16,56,21,108,192,40,104,9,33,154,52,179,27,185,111,96,171,141,98,114,64,79,177,47,88,5,186,199,11,59,129,24,95,137,175,62,120,3,169,191,162,146];False
1701;7294;8995;[34,4,144,70,19,87,121,178,127,132,130,84,77,112,93,181,66,157,103,105,74,188,168,31,142,117,167,61,45,138,41,49,78,128,42,57,197,125,145,126,143,160,91,1,150,124,180,196,36,46,140,92,82,23,189,81,80,147,22,26,176,193,109,20,170,166,38,139,63,118,48,194,29,198,174,184,35,67,32,72,163,25,51,50,190,10,165,113,156,71,44,65,37,94,173,18,131,119,83,153,101,100,30,134,148,195,97,58,158,43,7,0,85,68,123,6,149,60,54,151,110,187,39,107,55,14,13,172,12,89,75,182,15,135,53,183,69,159,164,90,28,155,73,99,106,136,115,152,2,161,102,86,133,76,122,116,17,8,16,56,21,108,192,40,104,9,33,154,52,179,27,185,111,96,171,141,98,114,64,79,177,47,88,5,186,199,11,59,129,24,95,137,175,62,120,3,169,191,162,146];False
1716;7278;8994;[34,4,144,70,19,87,121,178,127,132,130,84,77,112,93,147,66,157,103,105,74,188,168,31,142,117,167,61,45,65,41,49,78,128,42,57,197,125,145,126,143,160,91,1,150,124,180,196,36,46,140,92,82,23,189,81,80,181,22,26,176,193,109,20,170,166,38,139,63,118,48,194,29,198,174,184,35,67,32,72,163,25,51,50,190,10,165,113,156,71,44,138,37,94,173,18,131,119,83,153,101,100,30,134,148,195,97,58,158,43,7,0,85,68,123,6,149,60,54,151,110,187,39,107,55,14,13,172,12,89,75,182,15,135,53,183,69,159,164,90,28,155,73,99,106,136,115,152,2,161,102,86,133,76,122,116,17,8,16,56,21,108,192,40,104,9,33,154,52,179,27,185,111,96,171,141,98,114,64,79,177,47,88,5,186,199,11,59,129,24,95,137,175,62,120,3,169,191,162,146];False
1710;7290;9000;[34,4,144,70,19,87,121,178,127,132,130,84,77,112,93,147,66,157,103,105,74,188,168,31,142,117,167,61,45,138,41,49,78,128,42,57,197,125,145,126,35,160,91,1,150,124,180,196,36,46,140,92,82,23,189,81,80,181,22,26,176,193,109,20,170,166,38,139,63,118,48,194,29,198,174,184,143,67,32,72,163,25,51,50,190,10,165,113,156,71,44,65,37,94,173,18,131,119,83,153,101,100,30,134,148,195,97,58,158,43,7,0,85,68,123,6,149,60,54,151,110,187,39,107,55,14,13,172,12,89,75,182,15,135,53,183,69,159,164,90,28,155,73,99,106,136,115,152,2,161,102,86,133,76,122,116,17,8,16,56,21,108,192,40,104,9,33,154,52,179,27,185,111,96,171,141,98,114,64,79,177,47,88,5,186,199,11,59,129,24,95,137,175,62,120,3,169,191,162,146];False
1778;7257;9035;[34,4,144,70,19,87,121,178,127,132,130,84,77,112,93,147,66,157,103,105,74,188,168,31,142,117,167,61,45,138,41,49,78,128,42,57,197,125,145,126,143,160,91,1,150,124,180,196,36,46,140,92,82,67,189,81,80,181,22,26,176,193,109,20,170,166,38,139,63,118,48,194,29,198,174,184,35,23,32,72,163,25,51,50,190,10,165,113,156,71,44,65,37,94,173,18,131,119,83,153,101,100,30,134,148,195,97,58,158,43,7,0,85,68,123,6,149,60,54,151,110,187,39,107,55,14,13,172,12,89,75,182,15,135,53,183,69,159,164,90,28,155,73,99,106,136,115,152,2,161,102,86,133,76,122,116,17,8,16,56,21,108,192,40,104,9,33,154,52,179,27,185,111,96,171,141,98,114,64,79,177,47,88,5,186,199,11,59,129,24,95,137,175,62,120,3,169,191,162,146];False
1775;7252;9027;[34,4,144,70,19,87,121,178,127,132,130,84,77,112,93,147,66,157,103,105,74,188,168,31,142,117,167,61,45,138,41,49,78,128,42,57,197,125,145,126,143,160,91,1,150,124,180,196,36,46,140,92,82,23,189,81,101,181,22,26,176,193,109,20,170,166,38,139,63,118,48,194,29,198,174,184,35,67,32,72,163,25,51,50,190,10,165,113,156,71,44,65,37,94,173,18,131,119,83,153,80,100,30,134,148,195,97,58,158,43,7,0,85,68,123,6,149,60,54,151,110,187,39,107,55,14,13,172,12,89,75,182,15,135,53,183,69,159,164,90,28,155,73,99,106,136,115,152,2,161,102,86,133,76,122,116,17,8,16,56,21,108,192,40,104,9,33,154,52,179,27,185,111,96,171,141,98,114,64,79,177,47,88,5,186,199,11,59,129,24,95,137,175,62,120,3,169,191,162,146];False
1706;7293;8999;[34,4,144,70,19,87,121,178,127,132,130,84,77,112,93,147,66,157,103,105,74,188,168,31,142,117,167,61,45,138,41,49,78,128,42,57,197,125,145,126,143,160,91,1,150,124,180,196,36,46,140,92,82,23,189,81,122,181,22,26,176,193,109,20,170,166,38,139,63,118,48,194,29,198,174,184,35,67,32,72,163,25,51,50,190,10,165,113,156,71,44,65,37,94,173,18,131,119,83,153,101,100,30,134,148,195,97,58,158,43,7,0,85,68,123,6,149,60,54,151,110,187,39,107,55,14,13,172,12,89,75,182,15,135,53,183,69,159,164,90,28,155,73,99,106,136,115,152,2,161,102,86,133,76,80,116,17,8,16,56,21,108,192,40,104,9,33,154,52,179,27,185,111,96,171,141,98,114,64,79,177,47,88,5,186,199,11,59,129,24,95,137,175,62,120,3,169,191,162,146];False
1764;7256;9020;[34,4,144,70,19,87,121,178,127,132,130,84,77,112,93,147,66,157,103,105,74,188,168,31,142,117,167,61,45,138,41,49,78,128,42,57,197,125,145,126,143,160,91,1,150,124,180,196,36,46,140,92,82,23,189,81,80,152,22,26,176,193,109,20,170,166,38,139,63,118,48,194,29,198,174,184,35,67,32,72,163,25,51,50,190,10,165,113,156,71,44,65,37,94,173,18,131,119,83,153,101,100,30,134,148,195,97,58,158,43,7,0,85,68,123,6,149,60,54,151,110,187,39,107,55,14,13,172,12,89,75,182,15,135,53,183,69,159,164,90,28,155,73,99,106,136,115,181,2,161,102,86,133,76,122,116,17,8,16,56,21,108,192,40,104,9,33,154,52,179,27,185,111,96,171,141,98,114,64,79,177,47,88,5,186,199,11,59,129,24,95,137,175,62,120,3,169,191,162,146];False
1759;7259;9018;[34,4,144,70,19,87,121,178,127,132,130,84,77,112,93,147,66,157,103,105,74,188,168,31,142,117,167,61,45,138,41,49,78,128,42,57,197,125,145,126,143,160,91,1,150,124,180,196,36,46,140,92,82,23,189,81,80,181,22,26,176,193,109,20,67,166,38,139,63,118,48,194,29,198,174,184,35,170,32,72,163,25,51,50,190,10,165,113,156,71,44,65,37,94,173,18,131,119,83,153,101,100,30,134,148,195,97,58,158,43,7,0,85,68,123,6,149,60,54,151,110,187,39,107,55,14,13,172,12,89,75,182,15,135,53,183,69,159,164,90,28,155,73,99,106,136,115,152,2,161,102,86,133,76,122,116,17,8,16,56,21,108,192,40,104,9,33,154,52,179,27,185,111,96,171,141,98,114,64,79,177,47,88,5,186,199,11,59,129,24,95,137,175,62,120,3,169,191,162,146];False
1744;7264;9008;[34,4,144,70,19,87,121,178,127,132,130,84,77,112,93,147,66,157,103,105,74,188,168,31,142,117,167,61,45,138,41,49,78,128,42,57,197,125,145,126,143,160,91,1,150,124,180,196,36,46,140,92,82,23,189,81,80,181,22,26,176,193,109,20,170,166,38,139,63,118,48,194,29,198,174,184,35,67,32,72,163,25,51,50,190,10,165,113,156,71,44,65,37,94,173,18,131,119,83,153,101,100,30,134,148,195,97,58,158,43,7,0,85,68,123,6,137,60,54,151,110,187,39,107,55,14,13,172,12,89,75,182,15,135,53,183,69,159,164,90,28,155,73,99,106,136,115,152,2,161,102,86,133,76,122,116,17,8,16,56,21,108,192,40,104,9,33,154,52,179,27,185,111,96,171,141,98,114,64,79,177,47,88,5,186,199,11,59,129,24,95,149,175,62,120,3,169,191,162,146];False
1958;7175;9133;[34,4,144,70,19,87,121,178,111,132,130,84,77,112,93,147,66,157,103,105,74,188,168,31,142,117,167,61,45,138,41,49,78,128,42,57,197,125,145,126,143,160,91,1,150,124,180,196,36,46,140,92,82,23,189,81,0,85,22,26,176,193,109,20,67,166,38,139,63,118,48,194,29,198,174,184,35,170,32,72,163,25,51,50,190,10,165,113,156,71,44,65,37,94,173,18,131,119,83,153,80,100,30,134,148,195,97,58,158,43,7,101,181,68,123,6,137,60,54,151,110,187,39,107,55,14,13,172,12,89,75,182,15,135,53,183,69,159,164,90,28,155,73,99,106,136,115,152,2,161,102,86,133,76,52,104,17,8,16,56,21,108,192,40,116,9,33,154,122,179,27,185,127,96,171,141,98,114,64,79,177,47,88,5,186,199,11,59,129,24,95,149,175,62,120,3,169,191,162,146];False
1989;7169;9158;[34,4,144,70,19,87,121,178,111,132,130,84,77,112,93,147,66,157,103,105,74,188,168,31,142,117,167,61,45,138,41,49,78,128,42,57,197,125,145,126,143,160,91,1,150,124,180,196,36,46,140,92,82,23,189,81,0,85,22,26,176,193,109,20,67,166,38,139,63,118,48,194,29,198,174,184,35,170,32,72,163,25,51,50,190,10,165,113,156,71,44,65,37,94,173,18,131,119,11,149,80,100,30,134,148,195,97,58,158,43,7,101,181,68,123,6,137,60,54,151,110,187,39,107,55,14,13,172,12,89,75,182,15,135,53,183,69,159,164,90,28,155,73,99,106,136,115,152,2,161,102,86,133,76,52,104,17,8,16,56,21,108,192,40,116,9,33,154,122,179,27,185,127,96,171,141,98,114,64,79,177,47,88,5,186,199,83,59,129,24,95,153,175,62,120,3,169,191,162,146];False
1942;7176;9118;[34,4,144,70,19,87,121,178,111,132,130,84,77,112,93,147,66,157,103,105,74,188,168,31,142,117,167,61,45,138,41,49,78,128,42,57,197,125,145,126,143,160,91,1,150,124,180,196,36,46,140,92,82,23,189,81,0,85,22,26,176,193,109,20,67,166,38,139,63,118,48,194,29,198,174,184,35,170,32,72,163,25,51,50,190,10,165,113,156,71,44,65,37,94,173,18,131,119,11,153,80,100,30,134,148,195,97,58,158,43,7,101,181,68,123,6,137,60,54,151,110,187,39,107,55,14,13,172,12,89,75,182,116,135,53,183,69,159,164,90,28,155,73,99,106,136,115,152,2,161,102,86,133,76,52,104,17,8,16,56,21,108,192,40,15,9,33,154,122,179,27,185,127,96,171,141,98,114,64,79,177,47,88,5,186,199,83,59,129,24,95,149,175,62,120,3,169,191,162,146];False
1790;7247;9037;[34,4,144,70,19,87,121,178,111,132,130,84,77,112,93,147,66,157,103,105,74,188,168,31,142,117,167,61,45,138,41,49,78,128,42,57,197,125,145,126,143,160,91,1,150,124,180,196,36,46,140,92,82,23,189,81,101,181,22,26,176,193,109,20,170,166,38,139,63,118,48,194,29,198,174,184,35,67,32,72,163,25,51,50,190,10,165,113,156,71,44,65,37,94,173,18,131,119,83,153,80,100,30,134,148,195,97,58,158,43,7,0,85,68,123,6,149,60,54,151,110,187,39,107,55,14,13,172,12,89,75,182,15,135,53,183,69,159,164,90,28,155,73,99,106,136,115,152,2,161,102,86,133,76,122,116,17,8,16,56,21,108,192,40,104,9,33,154,52,179,27,185,127,96,171,141,98,114,64,79,177,47,88,5,186,199,11,59,129,24,95,137,175,62,120,3,169,191,162,146];False
1779;7251;9030;[34,4,144,70,19,87,121,178,111,132,130,84,77,112,93,147,66,157,103,105,74,188,168,31,142,117,167,61,45,138,41,49,78,128,42,57,197,125,145,126,143,160,91,1,150,124,180,196,36,46,140,92,82,23,189,81,80,152,22,26,176,193,109,20,170,166,38,139,63,118,48,194,29,198,174,184,35,67,32,72,163,25,51,50,190,10,165,113,156,71,44,65,37,94,173,18,131,119,83,153,101,100,30,134,148,195,97,58,158,43,7,0,85,68,123,6,149,60,54,151,110,187,39,107,55,14,13,172,12,89,75,182,15,135,53,183,69,159,164,90,28,155,73,99,106,136,115,181,2,161,102,86,133,76,122,116,17,8,16,56,21,108,192,40,104,9,33,154,52,179,27,185,127,96,171,141,98,114,64,79,177,47,88,5,186,199,11,59,129,24,95,137,175,62,120,3,169,191,162,146];False
1774;7254;9028;[34,4,144,70,19,87,121,178,111,132,130,84,77,112,93,147,66,157,103,105,74,188,168,31,142,117,167,61,45,138,41,49,78,128,42,57,197,125,145,126,143,160,91,1,150,124,180,196,36,46,140,92,82,23,189,81,80,181,22,26,176,193,109,20,67,166,38,139,63,118,48,194,29,198,174,184,35,170,32,72,163,25,51,50,190,10,165,113,156,71,44,65,37,94,173,18,131,119,83,153,101,100,30,134,148,195,97,58,158,43,7,0,85,68,123,6,149,60,54,151,110,187,39,107,55,14,13,172,12,89,75,182,15,135,53,183,69,159,164,90,28,155,73,99,106,136,115,152,2,161,102,86,133,76,122,116,17,8,16,56,21,108,192,40,104,9,33,154,52,179,27,185,127,96,171,141,98,114,64,79,177,47,88,5,186,199,11,59,129,24,95,137,175,62,120,3,169,191,162,146];False
1752;7263;9015;[34,4,144,70,19,87,121,178,111,132,130,84,77,112,93,147,66,157,103,105,74,188,168,31,142,117,167,61,45,138,41,49,78,128,42,57,197,125,145,126,143,160,91,1,150,124,180,196,36,46,140,92,82,23,189,81,80,181,22,26,176,193,109,20,170,166,38,139,63,118,48,194,29,198,174,184,35,67,32,72,163,25,51,50,190,10,165,113,156,71,44,65,37,94,173,18,131,119,83,153,101,100,30,134,148,195,97,58,158,43,7,0,85,68,123,6,149,60,54,151,110,187,39,107,55,14,13,172,12,89,75,182,15,135,53,183,69,159,164,90,28,155,73,99,106,136,115,152,2,161,102,86,133,76,52,116,17,8,16,56,21,108,192,40,104,9,33,154,122,179,27,185,127,96,171,141,98,114,64,79,177,47,88,5,186,199,11,59,129,24,95,137,175,62,120,3,169,191,162,146];False
1675;7327;9002;[34,4,144,70,19,87,121,178,127,132,130,84,77,112,150,181,66,157,103,105,74,188,168,31,142,117,167,61,45,138,41,49,78,128,42,57,197,125,145,126,143,160,91,1,93,124,180,196,36,46,140,92,82,23,189,81,80,147,22,26,176,193,109,20,170,166,38,139,63,118,48,194,29,198,174,184,35,67,32,72,163,25,51,50,190,10,165,113,156,71,44,65,37,94,173,18,131,119,83,153,101,100,30,134,148,195,97,58,158,43,7,0,85,68,123,6,149,60,54,151,110,187,39,107,55,14,13,172,12,89,75,182,15,135,53,183,69,159,164,90,28,155,73,99,106,136,115,152,2,161,102,86,133,76,122,116,17,8,16,56,21,108,192,40,104,9,33,154,52,179,27,185,111,96,171,141,98,114,64,79,177,47,88,5,186,199,11,59,129,24,95,137,175,62,120,3,169,191,162,146];False
1690;7311;9001;[34,4,144,70,19,87,121,178,127,132,130,84,77,112,150,147,66,157,103,105,74,188,168,31,142,117,167,61,45,65,41,49,78,128,42,57,197,125,145,126,143,160,91,1,93,124,180,196,36,46,140,92,82,23,189,81,80,181,22,26,176,193,109,20,170,166,38,139,63,118,48,194,29,198,174,184,35,67,32,72,163,25,51,50,190,10,165,113,156,71,44,138,37,94,173,18,131,119,83,153,101,100,30,134,148,195,97,58,158,43,7,0,85,68,123,6,149,60,54,151,110,187,39,107,55,14,13,172,12,89,75,182,15,135,53,183,69,159,164,90,28,155,73,99,106,136,115,152,2,161,102,86,133,76,122,116,17,8,16,56,21,108,192,40,104,9,33,154,52,179,27,185,111,96,171,141,98,114,64,79,177,47,88,5,186,199,11,59,129,24,95,137,175,62,120,3,169,191,162,146];False
1684;7323;9007;[34,4,144,70,19,87,121,178,127,132,130,84,77,112,150,147,66,157,103,105,74,188,168,31,142,117,167,61,45,138,41,49,78,128,42,57,197,125,145,126,35,160,91,1,93,124,180,196,36,46,140,92,82,23,189,81,80,181,22,26,176,193,109,20,170,166,38,139,63,118,48,194,29,198,174,184,143,67,32,72,163,25,51,50,190,10,165,113,156,71,44,65,37,94,173,18,131,119,83,153,101,100,30,134,148,195,97,58,158,43,7,0,85,68,123,6,149,60,54,151,110,187,39,107,55,14,13,172,12,89,75,182,15,135,53,183,69,159,164,90,28,155,73,99,106,136,115,152,2,161,102,86,133,76,122,116,17,8,16,56,21,108,192,40,104,9,33,154,52,179,27,185,111,96,171,141,98,114,64,79,177,47,88,5,186,199,11,59,129,24,95,137,175,62,120,3,169,191,162,146];False
1680;7326;9006;[34,4,144,70,19,87,121,178,127,132,130,84,77,112,150,147,66,157,103,105,74,188,168,31,142,117,167,61,45,138,41,49,78,128,42,57,197,125,145,126,143,160,91,1,93,124,180,196,36,46,140,92,82,23,189,81,122,181,22,26,176,193,109,20,170,166,38,139,63,118,48,194,29,198,174,184,35,67,32,72,163,25,51,50,190,10,165,113,156,71,44,65,37,94,173,18,131,119,83,153,101,100,30,134,148,195,97,58,158,43,7,0,85,68,123,6,149,60,54,151,110,187,39,107,55,14,13,172,12,89,75,182,15,135,53,183,69,159,164,90,28,155,73,99,106,136,115,152,2,161,102,86,133,76,80,116,17,8,16,56,21,108,192,40,104,9,33,154,52,179,27,185,111,96,171,141,98,114,64,79,177,47,88,5,186,199,11,59,129,24,95,137,175,62,120,3,169,191,162,146];False
1698;7303;9001;[34,4,144,70,19,87,121,178,127,132,130,84,77,112,93,113,66,157,103,105,74,188,168,31,142,117,167,61,45,138,41,49,78,128,42,57,197,125,145,126,143,160,91,1,150,124,180,196,36,46,140,92,82,23,189,81,80,147,22,26,176,193,109,20,170,166,38,139,63,118,48,194,29,198,174,184,35,67,32,72,163,25,51,50,190,10,165,181,156,71,44,65,37,94,173,18,131,119,83,153,101,100,30,134,148,195,97,58,158,43,7,0,85,68,123,6,149,60,54,151,110,187,39,107,55,14,13,172,12,89,75,182,15,135,53,183,69,159,164,90,28,155,73,99,106,136,115,152,2,161,102,86,133,76,122,116,17,8,16,56,21,108,192,40,104,9,33,154,52,179,27,185,111,96,171,141,98,114,64,79,177,47,88,5,186,199,11,59,129,24,95,137,175,62,120,3,169,191,162,146];False
1696;7299;8995;[34,4,144,70,19,87,121,178,127,132,130,84,77,112,93,181,66,157,103,105,74,188,168,31,142,117,167,61,45,65,41,49,78,128,42,57,197,125,145,126,143,160,91,1,150,124,180,196,36,46,140,92,82,23,189,81,80,147,22,26,176,193,109,20,170,166,38,139,63,118,48,194,29,198,174,184,35,67,32,72,163,25,51,50,190,10,165,113,156,71,44,138,37,94,173,18,131,119,83,153,101,100,30,134,148,195,97,58,158,43,7,0,85,68,123,6,149,60,54,151,110,187,39,107,55,14,13,172,12,89,75,182,15,135,53,183,69,159,164,90,28,155,73,99,106,136,115,152,2,161,102,86,133,76,122,116,17,8,16,56,21,108,192,40,104,9,33,154,52,179,27,185,111,96,171,141,98,114,64,79,177,47,88,5,186,199,11,59,129,24,95,137,175,62,120,3,169,191,162,146];False
1683;7308;8991;[34,4,144,70,19,87,121,178,127,132,130,84,77,112,93,147,66,157,103,105,74,188,168,31,142,117,167,61,181,65,41,49,78,128,42,57,197,125,145,126,143,160,91,1,150,124,180,196,36,46,140,92,82,23,189,81,80,45,22,26,176,193,109,20,170,166,38,139,63,118,48,194,29,198,174,184,35,67,32,72,163,25,51,50,190,10,165,113,156,71,44,138,37,94,173,18,131,119,83,153,101,100,30,134,148,195,97,58,158,43,7,0,85,68,123,6,149,60,54,151,110,187,39,107,55,14,13,172,12,89,75,182,15,135,53,183,69,159,164,90,28,155,73,99,106,136,115,152,2,161,102,86,133,76,122,116,17,8,16,56,21,108,192,40,104,9,33,154,52,179,27,185,111,96,171,141,98,114,64,79,177,47,88,5,186,199,11,59,129,24,95,137,175,62,120,3,169,191,162,146];False
1773;7247;9020;[34,4,144,70,19,87,121,178,127,132,130,84,77,112,93,147,66,157,103,105,74,188,168,31,142,117,167,61,45,138,41,49,78,128,42,57,197,125,145,126,143,160,91,1,150,124,180,196,36,46,140,92,82,23,189,187,101,181,22,26,176,193,109,20,170,166,38,139,63,118,48,194,29,198,174,184,35,67,32,72,163,25,51,50,190,10,165,113,156,71,44,65,37,94,173,18,131,119,83,153,80,100,30,134,148,195,97,58,158,43,7,0,85,68,123,6,149,60,54,151,110,81,39,107,55,14,13,172,12,89,75,182,15,135,53,183,69,159,164,90,28,155,73,99,106,136,115,152,2,161,102,86,133,76,122,116,17,8,16,56,21,108,192,40,104,9,33,154,52,179,27,185,111,96,171,141,98,114,64,79,177,47,88,5,186,199,11,59,129,24,95,137,175,62,120,3,169,191,162,146];False
1699;7282;8981;[34,4,144,70,19,87,121,178,127,132,130,84,77,112,93,147,66,157,103,105,74,188,168,31,142,117,167,61,45,138,41,49,78,128,42,57,197,125,145,126,143,160,91,1,150,124,180,196,36,46,140,92,82,23,189,81,52,181,22,26,176,193,109,20,170,166,38,139,63,118,48,194,29,198,174,184,35,67,32,72,163,25,51,50,190,10,165,113,156,71,44,65,37,94,173,18,131,119,83,153,101,100,30,134,148,195,97,58,158,43,7,0,85,68,123,6,149,60,54,151,110,187,39,107,55,14,13,172,12,89,75,182,15,135,53,183,69,159,164,90,28,155,73,99,106,136,115,152,2,161,102,86,133,76,80,116,17,8,16,56,21,108,192,40,104,9,33,154,122,179,27,185,111,96,171,141,98,114,64,79,177,47,88,5,186,199,11,59,129,24,95,137,175,62,120,3,169,191,162,146];False
1798;7243;9041;[34,4,144,70,19,87,121,178,127,132,130,84,77,112,93,147,66,157,103,105,74,188,168,31,142,117,167,61,45,138,41,49,78,128,42,57,197,125,145,126,143,160,91,1,150,124,180,196,36,46,140,92,82,23,189,81,101,181,22,26,176,193,109,20,170,166,38,139,63,118,48,194,29,198,174,184,35,67,32,72,163,25,51,50,190,10,165,113,156,71,44,65,37,94,173,18,131,119,83,153,80,100,30,134,148,195,97,58,158,43,7,0,85,68,123,6,137,60,54,151,110,187,39,107,55,14,13,172,12,89,75,182,15,135,53,183,69,159,164,90,28,155,73,99,106,136,115,152,2,161,102,86,133,76,122,116,17,8,16,56,21,108,192,40,104,9,33,154,52,179,27,185,111,96,171,141,98,114,64,79,177,47,88,5,186,199,11,59,129,24,95,149,175,62,120,3,169,191,162,146];False
2075;7150;9225;[34,4,162,70,19,87,121,178,111,132,130,84,77,112,93,147,66,157,103,105,74,188,168,31,142,117,167,61,45,138,41,49,78,128,42,57,197,125,145,126,143,160,91,1,150,124,180,196,36,46,140,92,82,23,189,81,0,85,22,26,176,193,109,20,67,166,38,139,63,118,48,194,29,198,174,184,35,170,32,72,163,25,51,50,190,10,165,113,156,71,44,65,37,94,173,18,131,119,83,153,80,100,30,134,148,195,97,58,158,43,7,101,181,68,123,6,137,60,54,151,110,187,39,107,55,14,13,172,12,89,75,182,15,135,53,183,69,159,164,90,28,155,73,99,106,136,115,152,2,161,102,86,133,76,52,104,17,8,16,56,21,108,192,40,116,9,33,154,122,179,27,185,127,96,171,141,98,114,64,79,177,47,88,5,186,199,11,59,129,24,95,149,175,62,120,3,169,191,144,146];False
2005;7166;9171;[34,4,144,70,19,87,121,178,111,132,130,84,77,112,93,147,66,157,103,105,74,188,168,31,142,117,167,61,45,138,41,49,78,128,42,57,197,125,145,126,143,160,91,1,150,124,180,196,36,46,140,92,82,23,189,81,0,85,22,26,176,193,109,20,67,166,38,139,63,118,48,194,29,198,174,184,35,170,32,9,163,25,51,50,190,10,165,113,156,71,44,65,37,94,173,18,131,119,83,153,80,100,30,134,148,195,97,58,158,43,7,101,181,68,123,6,137,60,54,151,110,187,39,107,55,14,13,172,12,89,75,182,15,135,53,183,69,159,164,90,28,155,73,99,106,136,115,152,2,161,102,86,133,76,52,104,17,8,16,56,21,108,192,40,116,72,33,154,122,179,27,185,127,96,171,141,98,114,64,79,177,47,88,5,186,199,11,59,129,24,95,149,175,62,120,3,169,191,162,146];False
1927;7179;9106;[34,4,144,70,19,87,121,178,111,132,130,84,77,112,93,147,66,157,103,105,74,188,168,31,142,117,167,61,45,138,41,49,78,128,42,57,197,125,145,126,143,160,91,1,150,124,180,196,36,46,140,92,82,23,189,81,0,85,22,26,176,193,109,20,67,166,38,139,63,118,48,194,29,198,174,184,35,170,32,72,163,25,51,50,190,10,165,113,156,71,44,65,37,94,173,18,131,119,83,153,80,100,30,134,148,195,97,58,158,43,7,101,181,68,123,6,137,60,54,151,110,187,39,107,55,14,13,172,12,89,75,182,116,135,53,183,69,159,164,90,28,155,73,99,106,136,115,152,2,161,102,86,133,76,52,104,17,8,16,56,21,108,192,40,15,9,33,154,122,179,27,185,127,96,171,141,98,114,64,79,177,47,88,5,186,199,11,59,129,24,95,149,175,62,120,3,169,191,162,146];False
1958;7173;9131;[34,4,144,70,19,87,121,178,111,132,130,84,77,112,93,147,66,157,103,105,74,188,168,31,142,117,167,61,45,138,41,49,78,128,42,57,197,125,145,126,143,160,91,1,150,124,180,196,36,46,140,92,82,23,189,81,0,85,22,26,176,193,109,20,67,166,38,139,63,118,48,194,29,198,174,184,35,170,32,72,163,25,51,50,190,10,165,113,156,71,44,65,37,94,173,18,131,119,11,149,80,100,30,134,148,195,97,58,158,43,7,101,181,68,123,6,137,60,54,151,110,187,39,107,55,14,13,172,12,89,75,182,116,135,53,183,69,159,164,90,28,155,73,99,106,136,115,152,2,161,102,86,133,76,52,104,17,8,16,56,21,108,192,40,15,9,33,154,122,179,27,185,127,96,171,141,98,114,64,79,177,47,88,5,186,199,83,59,129,24,95,153,175,62,120,3,169,191,162,146];False
2059;7151;9210;[34,4,162,70,19,87,121,178,111,132,130,84,77,112,93,147,66,157,103,105,74,188,168,31,142,117,167,61,45,138,41,49,78,128,42,57,197,125,145,126,143,160,91,1,150,124,180,196,36,46,140,92,82,23,189,81,0,85,22,26,176,193,109,20,67,166,38,139,63,118,48,194,29,198,174,184,35,170,32,72,163,25,51,50,190,10,165,113,156,71,44,65,37,94,173,18,131,119,11,153,80,100,30,134,148,195,97,58,158,43,7,101,181,68,123,6,137,60,54,151,110,187,39,107,55,14,13,172,12,89,75,182,116,135,53,183,69,159,164,90,28,155,73,99,106,136,115,152,2,161,102,86,133,76,52,104,17,8,16,56,21,108,192,40,15,9,33,154,122,179,27,185,127,96,171,141,98,114,64,79,177,47,88,5,186,199,83,59,129,24,95,149,175,62,120,3,169,191,144,146];False
1983;7170;9153;[34,4,144,70,19,87,121,178,111,132,130,84,77,112,93,147,66,157,103,105,74,188,168,31,142,117,167,61,45,138,41,49,78,128,42,57,197,125,145,126,20,160,91,1,150,124,180,196,36,46,140,92,82,23,189,81,0,85,22,26,176,193,109,143,67,166,38,139,63,118,48,194,29,198,174,184,35,170,32,72,163,25,51,50,190,10,165,113,156,71,44,65,37,94,173,18,131,119,11,153,80,100,30,134,148,195,97,58,158,43,7,101,181,68,123,6,137,60,54,151,110,187,39,107,55,14,13,172,12,89,75,182,116,135,53,183,69,159,164,90,28,155,73,99,106,136,115,152,2,161,102,86,133,76,52,104,17,8,16,56,21,108,192,40,15,9,33,154,122,179,27,185,127,96,171,141,98,114,64,79,177,47,88,5,186,199,83,59,129,24,95,149,175,62,120,3,169,191,162,146];False
1904;7190;9094;[34,4,144,70,19,87,121,178,111,132,130,84,77,112,93,147,66,157,103,105,74,188,168,31,142,117,167,61,45,138,41,49,78,128,42,57,197,125,145,126,143,160,91,1,150,124,180,196,36,46,140,92,82,23,189,81,0,85,22,26,176,193,109,20,170,166,38,139,63,118,48,194,29,198,174,184,35,67,32,72,163,25,51,50,190,10,165,113,156,71,44,65,37,94,173,18,131,119,11,153,80,100,30,134,148,195,97,58,158,43,7,101,181,68,123,6,137,60,54,151,110,187,39,107,55,14,13,172,12,89,75,182,116,135,53,183,69,159,164,90,28,155,73,99,106,136,115,152,2,161,102,86,133,76,52,104,17,8,16,56,21,108,192,40,15,9,33,154,122,179,27,185,127,96,171,141,98,114,64,79,177,47,88,5,186,199,83,59,129,24,95,149,175,62,120,3,169,191,162,146];False
2068;7150;9218;[34,4,144,70,19,87,121,178,111,132,130,84,77,112,93,147,66,157,103,105,74,188,168,31,142,117,167,61,45,138,41,49,78,128,42,57,197,125,145,126,143,160,91,1,150,124,180,196,36,46,140,92,82,23,189,81,0,85,22,26,176,193,109,20,67,166,38,139,63,118,162,194,29,198,174,184,35,170,32,72,163,25,51,50,190,10,165,113,156,71,44,65,37,94,173,18,131,119,11,153,80,100,30,134,148,195,97,58,158,43,7,101,181,68,123,6,137,60,54,151,110,187,39,107,55,14,13,172,12,89,75,182,116,135,53,183,69,159,164,90,28,155,73,99,106,136,115,152,2,161,102,86,133,76,52,104,17,8,16,56,21,108,192,40,15,9,33,154,122,179,27,185,127,96,171,141,98,114,64,79,177,47,88,5,186,199,83,59,129,24,95,149,175,62,120,3,169,191,48,146];False
1919;7185;9104;[34,4,144,70,19,87,121,178,111,132,130,84,77,112,93,147,66,157,103,105,74,188,168,31,142,117,167,61,45,138,41,49,78,128,42,57,197,125,145,126,143,160,91,1,150,124,180,196,36,46,140,92,82,23,189,81,0,85,22,26,176,193,109,20,67,166,38,139,63,118,48,194,29,198,174,184,35,170,32,72,163,25,51,50,190,10,165,113,156,71,44,65,37,94,173,18,131,119,11,153,80,100,30,134,148,195,97,58,158,43,7,101,181,68,123,6,149,60,54,151,110,187,39,107,55,14,13,172,12,89,75,182,116,135,53,183,69,159,164,90,28,155,73,99,106,136,115,152,2,161,102,86,133,76,52,104,17,8,16,56,21,108,192,40,15,9,33,154,122,179,27,185,127,96,171,141,98,114,64,79,177,47,88,5,186,199,83,59,129,24,95,137,175,62,120,3,169,191,162,146];False
1964;7156;9120;[34,4,144,70,19,87,121,178,111,132,130,84,77,112,93,147,66,157,103,105,74,188,168,31,142,117,167,61,45,138,41,49,78,128,42,57,197,125,145,126,143,160,91,1,150,124,180,196,36,46,140,92,82,23,189,81,0,85,22,26,176,193,109,20,67,166,38,139,63,118,48,194,29,198,174,184,35,170,32,72,163,25,51,50,190,10,165,113,156,71,44,65,37,94,173,18,131,119,11,153,80,100,30,134,148,195,97,58,158,43,7,101,181,68,123,6,137,60,54,151,110,187,39,107,55,14,13,172,12,89,75,182,162,135,53,183,69,159,164,90,28,155,73,99,106,136,115,152,2,161,102,86,133,76,52,104,17,8,16,56,21,108,192,40,15,9,33,154,122,179,27,185,127,96,171,141,98,114,64,79,177,47,88,5,186,199,83,59,129,24,95,149,175,62,120,3,169,191,116,146];False
1928;7160;9088;[34,4,144,70,19,87,121,178,111,132,130,84,77,112,93,147,66,157,103,105,74,188,168,31,142,117,167,61,45,138,41,49,78,128,42,57,197,125,145,126,143,160,91,1,150,124,180,196,36,46,140,92,82,23,189,81,0,85,22,26,176,193,109,20,67,166,38,139,63,118,48,194,29,198,174,184,35,170,32,72,163,25,51,50,190,10,165,113,156,71,44,65,37,94,173,18,131,119,11,153,80,100,30,134,148,195,97,58,158,43,7,101,181,68,123,6,137,60,54,151,110,187,39,107,55,14,13,172,12,89,75,182,116,162,53,183,69,159,164,90,28,155,73,99,106,136,115,152,2,161,102,86,133,76,52,104,17,8,16,56,21,108,192,40,15,9,33,154,122,179,27,185,127,96,171,141,98,114,64,79,177,47,88,5,186,199,83,59,129,24,95,149,175,62,120,3,169,191,135,146];False
1714;7277;8991;[34,4,144,70,19,87,121,178,111,132,130,84,77,112,93,147,66,157,103,105,74,188,168,31,142,117,167,61,45,138,41,49,78,128,42,57,197,125,145,126,143,160,91,1,150,124,180,196,36,46,140,92,82,23,189,81,52,181,22,26,176,193,109,20,170,166,38,139,63,118,48,194,29,198,174,184,35,67,32,72,163,25,51,50,190,10,165,113,156,71,44,65,37,94,173,18,131,119,83,153,101,100,30,134,148,195,97,58,158,43,7,0,85,68,123,6,149,60,54,151,110,187,39,107,55,14,13,172,12,89,75,182,15,135,53,183,69,159,164,90,28,155,73,99,106,136,115,152,2,161,102,86,133,76,80,116,17,8,16,56,21,108,192,40,104,9,33,154,122,179,27,185,127,96,171,141,98,114,64,79,177,47,88,5,186,199,11,59,129,24,95,137,175,62,120,3,169,191,162,146];False
1670;7332;9002;[34,4,144,70,19,87,121,178,127,132,130,84,77,112,150,181,66,157,103,105,74,188,168,31,142,117,167,61,45,65,41,49,78,128,42,57,197,125,145,126,143,160,91,1,93,124,180,196,36,46,140,92,82,23,189,81,80,147,22,26,176,193,109,20,170,166,38,139,63,118,48,194,29,198,174,184,35,67,32,72,163,25,51,50,190,10,165,113,156,71,44,138,37,94,173,18,131,119,83,153,101,100,30,134,148,195,97,58,158,43,7,0,85,68,123,6,149,60,54,151,110,187,39,107,55,14,13,172,12,89,75,182,15,135,53,183,69,159,164,90,28,155,73,99,106,136,115,152,2,161,102,86,133,76,122,116,17,8,16,56,21,108,192,40,104,9,33,154,52,179,27,185,111,96,171,141,98,114,64,79,177,47,88,5,186,199,11,59,129,24,95,137,175,62,120,3,169,191,162,146];False
1673;7315;8988;[34,4,144,70,19,87,121,178,127,132,130,84,77,112,150,147,66,157,103,105,74,188,168,31,142,117,167,61,45,138,41,49,78,128,42,57,197,125,145,126,143,160,91,1,93,124,180,196,36,46,140,92,82,23,189,81,52,181,22,26,176,193,109,20,170,166,38,139,63,118,48,194,29,198,174,184,35,67,32,72,163,25,51,50,190,10,165,113,156,71,44,65,37,94,173,18,131,119,83,153,101,100,30,134,148,195,97,58,158,43,7,0,85,68,123,6,149,60,54,151,110,187,39,107,55,14,13,172,12,89,75,182,15,135,53,183,69,159,164,90,28,155,73,99,106,136,115,152,2,161,102,86,133,76,80,116,17,8,16,56,21,108,192,40,104,9,33,154,122,179,27,185,111,96,171,141,98,114,64,79,177,47,88,5,186,199,11,59,129,24,95,137,175,62,120,3,169,191,162,146];False
1657;7341;8998;[34,4,144,70,19,87,121,178,127,132,130,84,77,112,150,147,66,157,103,105,74,188,168,31,142,117,167,61,181,65,41,49,78,128,42,57,197,125,145,126,143,160,91,1,93,124,180,196,36,46,140,92,82,23,189,81,80,45,22,26,176,193,109,20,170,166,38,139,63,118,48,194,29,198,174,184,35,67,32,72,163,25,51,50,190,10,165,113,156,71,44,138,37,94,173,18,131,119,83,153,101,100,30,134,148,195,97,58,158,43,7,0,85,68,123,6,149,60,54,151,110,187,39,107,55,14,13,172,12,89,75,182,15,135,53,183,69,159,164,90,28,155,73,99,106,136,115,152,2,161,102,86,133,76,122,116,17,8,16,56,21,108,192,40,104,9,33,154,52,179,27,185,111,96,171,141,98,114,64,79,177,47,88,5,186,199,11,59,129,24,95,137,175,62,120,3,169,191,162,146];False
1672;7325;8997;[34,4,144,70,19,87,121,178,127,132,130,84,77,112,93,147,66,157,103,105,74,188,168,31,142,117,167,61,181,65,41,49,78,128,42,57,197,125,145,126,35,160,91,1,150,124,180,196,36,46,140,92,82,23,189,81,80,45,22,26,176,193,109,20,170,166,38,139,63,118,48,194,29,198,174,184,143,67,32,72,163,25,51,50,190,10,165,113,156,71,44,138,37,94,173,18,131,119,83,153,101,100,30,134,148,195,97,58,158,43,7,0,85,68,123,6,149,60,54,151,110,187,39,107,55,14,13,172,12,89,75,182,15,135,53,183,69,159,164,90,28,155,73,99,106,136,115,152,2,161,102,86,133,76,122,116,17,8,16,56,21,108,192,40,104,9,33,154,52,179,27,185,111,96,171,141,98,114,64,79,177,47,88,5,186,199,11,59,129,24,95,137,175,62,120,3,169,191,162,146];False
1788;7242;9030;[34,4,144,70,19,87,121,178,111,132,130,84,77,112,93,147,66,157,103,105,74,188,168,31,142,117,167,61,45,138,41,49,78,128,42,57,197,125,145,126,143,160,91,1,150,124,180,196,36,46,140,92,82,23,189,187,101,181,22,26,176,193,109,20,170,166,38,139,63,118,48,194,29,198,174,184,35,67,32,72,163,25,51,50,190,10,165,113,156,71,44,65,37,94,173,18,131,119,83,153,80,100,30,134,148,195,97,58,158,43,7,0,85,68,123,6,149,60,54,151,110,81,39,107,55,14,13,172,12,89,75,182,15,135,53,183,69,159,164,90,28,155,73,99,106,136,115,152,2,161,102,86,133,76,122,116,17,8,16,56,21,108,192,40,104,9,33,154,52,179,27,185,127,96,171,141,98,114,64,79,177,47,88,5,186,199,11,59,129,24,95,137,175,62,120,3,169,191,162,146];False
1768;7252;9020;[34,4,144,70,19,87,121,178,127,132,130,84,77,112,93,147,66,157,103,105,74,188,168,31,142,117,167,61,45,65,41,49,78,128,42,57,197,125,145,126,143,160,91,1,150,124,180,196,36,46,140,92,82,23,189,187,101,181,22,26,176,193,109,20,170,166,38,139,63,118,48,194,29,198,174,184,35,67,32,72,163,25,51,50,190,10,165,113,156,71,44,138,37,94,173,18,131,119,83,153,80,100,30,134,148,195,97,58,158,43,7,0,85,68,123,6,149,60,54,151,110,81,39,107,55,14,13,172,12,89,75,182,15,135,53,183,69,159,164,90,28,155,73,99,106,136,115,152,2,161,102,86,133,76,122,116,17,8,16,56,21,108,192,40,104,9,33,154,52,179,27,185,111,96,171,141,98,114,64,79,177,47,88,5,186,199,11,59,129,24,95,137,175,62,120,3,169,191,162,146];False
1796;7238;9034;[34,4,144,70,19,87,121,178,127,132,130,84,77,112,93,147,66,157,103,105,74,188,168,31,142,117,167,61,45,138,41,49,78,128,42,57,197,125,145,126,143,160,91,1,150,124,180,196,36,46,140,92,82,23,189,187,101,181,22,26,176,193,109,20,170,166,38,139,63,118,48,194,29,198,174,184,35,67,32,72,163,25,51,50,190,10,165,113,156,71,44,65,37,94,173,18,131,119,83,153,80,100,30,134,148,195,97,58,158,43,7,0,85,68,123,6,137,60,54,151,110,81,39,107,55,14,13,172,12,89,75,182,15,135,53,183,69,159,164,90,28,155,73,99,106,136,115,152,2,161,102,86,133,76,122,116,17,8,16,56,21,108,192,40,104,9,33,154,52,179,27,185,111,96,171,141,98,114,64,79,177,47,88,5,186,199,11,59,129,24,95,149,175,62,120,3,169,191,162,146];False
1669;7335;9004;[34,4,144,70,19,87,121,178,127,132,130,84,77,112,93,147,66,157,103,105,74,182,168,31,142,117,167,61,45,138,41,49,78,128,42,57,197,125,145,126,143,160,91,1,150,124,180,196,36,46,140,92,82,23,189,81,52,181,22,26,176,193,109,20,170,166,38,139,63,118,48,194,29,198,174,184,35,67,32,72,163,25,51,50,190,10,165,113,156,71,44,65,37,94,173,18,131,119,83,153,101,100,30,134,148,195,97,58,158,43,7,0,85,68,123,6,149,60,54,151,110,187,39,107,55,14,13,172,12,89,75,188,15,135,53,183,69,159,164,90,28,155,73,99,106,136,115,152,2,161,102,86,133,76,80,116,17,8,16,56,21,108,192,40,104,9,33,154,122,179,27,185,111,96,171,141,98,114,64,79,177,47,88,5,186,199,11,59,129,24,95,137,175,62,120,3,169,191,162,146];False
1694;7287;8981;[34,4,144,70,19,87,121,178,127,132,130,84,77,112,93,147,66,157,103,105,74,188,168,31,142,117,167,61,45,65,41,49,78,128,42,57,197,125,145,126,143,160,91,1,150,124,180,196,36,46,140,92,82,23,189,81,52,181,22,26,176,193,109,20,170,166,38,139,63,118,48,194,29,198,174,184,35,67,32,72,163,25,51,50,190,10,165,113,156,71,44,138,37,94,173,18,131,119,83,153,101,100,30,134,148,195,97,58,158,43,7,0,85,68,123,6,149,60,54,151,110,187,39,107,55,14,13,172,12,89,75,182,15,135,53,183,69,159,164,90,28,155,73,99,106,136,115,152,2,161,102,86,133,76,80,116,17,8,16,56,21,108,192,40,104,9,33,154,122,179,27,185,111,96,171,141,98,114,64,79,177,47,88,5,186,199,11,59,129,24,95,137,175,62,120,3,169,191,162,146];False
1688;7299;8987;[34,4,144,70,19,87,121,178,127,132,130,84,77,112,93,147,66,157,103,105,74,188,168,31,142,117,167,61,45,138,41,49,78,128,42,57,197,125,145,126,35,160,91,1,150,124,180,196,36,46,140,92,82,23,189,81,52,181,22,26,176,193,109,20,170,166,38,139,63,118,48,194,29,198,174,184,143,67,32,72,163,25,51,50,190,10,165,113,156,71,44,65,37,94,173,18,131,119,83,153,101,100,30,134,148,195,97,58,158,43,7,0,85,68,123,6,149,60,54,151,110,187,39,107,55,14,13,172,12,89,75,182,15,135,53,183,69,159,164,90,28,155,73,99,106,136,115,152,2,161,102,86,133,76,80,116,17,8,16,56,21,108,192,40,104,9,33,154,122,179,27,185,111,96,171,141,98,114,64,79,177,47,88,5,186,199,11,59,129,24,95,137,175,62,120,3,169,191,162,146];False
2044;7154;9198;[34,4,162,70,19,87,121,178,111,132,130,84,77,112,93,147,66,157,103,105,74,188,168,31,142,117,167,61,45,138,41,49,78,128,42,57,197,125,145,126,143,160,91,1,150,124,180,196,36,46,140,92,82,23,189,81,0,85,22,26,176,193,109,20,67,166,38,139,63,118,48,194,29,198,174,184,35,170,32,72,163,25,51,50,190,10,165,113,156,71,44,65,37,94,173,18,131,119,83,153,80,100,30,134,148,195,97,58,158,43,7,101,181,68,123,6,137,60,54,151,110,187,39,107,55,14,13,172,12,89,75,182,116,135,53,183,69,159,164,90,28,155,73,99,106,136,115,152,2,161,102,86,133,76,52,104,17,8,16,56,21,108,192,40,15,9,33,154,122,179,27,185,127,96,171,141,98,114,64,79,177,47,88,5,186,199,11,59,129,24,95,149,175,62,120,3,169,191,144,146];False
2085;7145;9230;[34,4,144,70,19,87,121,178,78,132,130,84,77,112,93,147,66,157,103,105,74,188,168,31,142,117,167,61,45,138,41,49,111,128,42,57,197,125,145,126,143,160,91,1,150,124,180,196,36,46,140,92,82,23,189,81,0,85,22,26,176,193,109,20,67,166,38,139,63,118,48,194,29,198,174,184,35,170,32,72,163,25,51,50,190,10,165,113,156,71,44,65,37,94,173,18,131,119,83,153,80,100,30,134,148,195,97,58,158,43,7,101,181,68,123,6,137,60,54,151,110,187,39,107,55,14,13,172,12,89,75,182,116,135,53,183,69,159,164,90,28,155,73,99,106,136,115,152,2,161,102,86,133,76,52,104,17,8,16,56,21,108,192,40,15,9,33,154,122,179,27,185,127,96,171,141,98,114,64,79,177,47,88,5,186,199,11,59,129,24,95,149,175,62,120,3,169,191,162,146];False
1912;7184;9096;[34,4,144,70,19,87,121,178,127,132,130,84,77,112,93,147,66,157,103,105,74,188,168,31,142,117,167,61,45,138,41,49,78,128,42,57,197,125,145,126,143,160,91,1,150,124,180,196,36,46,140,92,82,23,189,81,0,85,22,26,176,193,109,20,67,166,38,139,63,118,48,194,29,198,174,184,35,170,32,72,163,25,51,50,190,10,165,113,156,71,44,65,37,94,173,18,131,119,83,153,80,100,30,134,148,195,97,58,158,43,7,101,181,68,123,6,137,60,54,151,110,187,39,107,55,14,13,172,12,89,75,182,116,135,53,183,69,159,164,90,28,155,73,99,106,136,115,152,2,161,102,86,133,76,52,104,17,8,16,56,21,108,192,40,15,9,33,154,122,179,27,185,111,96,171,141,98,114,64,79,177,47,88,5,186,199,11,59,129,24,95,149,175,62,120,3,169,191,162,146];False
1889;7193;9082;[34,4,144,70,19,87,121,178,111,132,130,84,77,112,93,147,66,157,103,105,74,188,168,31,142,117,167,61,45,138,41,49,78,128,42,57,197,125,145,126,143,160,91,1,150,124,180,196,36,46,140,92,82,23,189,81,0,85,22,26,176,193,109,20,170,166,38,139,63,118,48,194,29,198,174,184,35,67,32,72,163,25,51,50,190,10,165,113,156,71,44,65,37,94,173,18,131,119,83,153,80,100,30,134,148,195,97,58,158,43,7,101,181,68,123,6,137,60,54,151,110,187,39,107,55,14,13,172,12,89,75,182,116,135,53,183,69,159,164,90,28,155,73,99,106,136,115,152,2,161,102,86,133,76,52,104,17,8,16,56,21,108,192,40,15,9,33,154,122,179,27,185,127,96,171,141,98,114,64,79,177,47,88,5,186,199,11,59,129,24,95,149,175,62,120,3,169,191,162,146];False
2053;7153;9206;[34,4,144,70,19,87,121,178,111,132,130,84,77,112,93,147,66,157,103,105,74,188,168,31,142,117,167,61,45,138,41,49,78,128,42,57,197,125,145,126,143,160,91,1,150,124,180,196,36,46,140,92,82,23,189,81,0,85,22,26,176,193,109,20,67,166,38,139,63,118,162,194,29,198,174,184,35,170,32,72,163,25,51,50,190,10,165,113,156,71,44,65,37,94,173,18,131,119,83,153,80,100,30,134,148,195,97,58,158,43,7,101,181,68,123,6,137,60,54,151,110,187,39,107,55,14,13,172,12,89,75,182,116,135,53,183,69,159,164,90,28,155,73,99,106,136,115,152,2,161,102,86,133,76,52,104,17,8,16,56,21,108,192,40,15,9,33,154,122,179,27,185,127,96,171,141,98,114,64,79,177,47,88,5,186,199,11,59,129,24,95,149,175,62,120,3,169,191,48,146];False
1904;7188;9092;[34,4,144,70,19,87,121,178,111,132,130,84,77,112,93,147,66,157,103,105,74,188,168,31,142,117,167,61,45,138,41,49,78,128,42,57,197,125,145,126,143,160,91,1,150,124,180,196,36,46,140,92,82,23,189,81,0,85,22,26,176,193,109,20,67,166,38,139,63,118,48,194,29,198,174,184,35,170,32,72,163,25,51,50,190,10,165,113,156,71,44,65,37,94,173,18,131,119,83,153,80,100,30,134,148,195,97,58,158,43,7,101,181,68,123,6,149,60,54,151,110,187,39,107,55,14,13,172,12,89,75,182,116,135,53,183,69,159,164,90,28,155,73,99,106,136,115,152,2,161,102,86,133,76,52,104,17,8,16,56,21,108,192,40,15,9,33,154,122,179,27,185,127,96,171,141,98,114,64,79,177,47,88,5,186,199,11,59,129,24,95,137,175,62,120,3,169,191,162,146];False
1949;7159;9108;[34,4,144,70,19,87,121,178,111,132,130,84,77,112,93,147,66,157,103,105,74,188,168,31,142,117,167,61,45,138,41,49,78,128,42,57,197,125,145,126,143,160,91,1,150,124,180,196,36,46,140,92,82,23,189,81,0,85,22,26,176,193,109,20,67,166,38,139,63,118,48,194,29,198,174,184,35,170,32,72,163,25,51,50,190,10,165,113,156,71,44,65,37,94,173,18,131,119,83,153,80,100,30,134,148,195,97,58,158,43,7,101,181,68,123,6,137,60,54,151,110,187,39,107,55,14,13,172,12,89,75,182,162,135,53,183,69,159,164,90,28,155,73,99,106,136,115,152,2,161,102,86,133,76,52,104,17,8,16,56,21,108,192,40,15,9,33,154,122,179,27,185,127,96,171,141,98,114,64,79,177,47,88,5,186,199,11,59,129,24,95,149,175,62,120,3,169,191,116,146];False
1913;7163;9076;[34,4,144,70,19,87,121,178,111,132,130,84,77,112,93,147,66,157,103,105,74,188,168,31,142,117,167,61,45,138,41,49,78,128,42,57,197,125,145,126,143,160,91,1,150,124,180,196,36,46,140,92,82,23,189,81,0,85,22,26,176,193,109,20,67,166,38,139,63,118,48,194,29,198,174,184,35,170,32,72,163,25,51,50,190,10,165,113,156,71,44,65,37,94,173,18,131,119,83,153,80,100,30,134,148,195,97,58,158,43,7,101,181,68,123,6,137,60,54,151,110,187,39,107,55,14,13,172,12,89,75,182,116,162,53,183,69,159,164,90,28,155,73,99,106,136,115,152,2,161,102,86,133,76,52,104,17,8,16,56,21,108,192,40,15,9,33,154,122,179,27,185,127,96,171,141,98,114,64,79,177,47,88,5,186,199,11,59,129,24,95,149,175,62,120,3,169,191,135,146];False
2082;7148;9230;[34,4,162,123,19,87,121,178,111,132,130,84,77,112,93,147,66,157,103,105,74,188,168,31,142,117,167,61,45,138,41,49,78,128,42,57,197,125,145,126,143,160,91,1,150,124,180,196,36,46,140,92,82,23,189,81,0,85,22,26,176,193,109,20,67,166,38,139,63,118,48,194,29,198,174,184,35,170,32,72,163,25,51,50,190,10,165,113,156,71,44,65,37,94,173,18,131,119,11,153,80,100,30,134,148,195,97,58,158,43,7,101,181,68,70,6,137,60,54,151,110,187,39,107,55,14,13,172,12,89,75,182,116,135,53,183,69,159,164,90,28,155,73,99,106,136,115,152,2,161,102,86,133,76,52,104,17,8,16,56,21,108,192,40,15,9,33,154,122,179,27,185,127,96,171,141,98,114,64,79,177,47,88,5,186,199,83,59,129,24,95,149,175,62,120,3,169,191,144,146];False
2022;7152;9174;[34,4,162,135,19,87,121,178,111,132,130,84,77,112,93,147,66,157,103,105,74,188,168,31,142,117,167,61,45,138,41,49,78,128,42,57,197,125,145,126,143,160,91,1,150,124,180,196,36,46,140,92,82,23,189,81,0,85,22,26,176,193,109,20,67,166,38,139,63,118,48,194,29,198,174,184,35,170,32,72,163,25,51,50,190,10,165,113,156,71,44,65,37,94,173,18,131,119,11,153,80,100,30,134,148,195,97,58,158,43,7,101,181,68,123,6,137,60,54,151,110,187,39,107,55,14,13,172,12,89,75,182,116,70,53,183,69,159,164,90,28,155,73,99,106,136,115,152,2,161,102,86,133,76,52,104,17,8,16,56,21,108,192,40,15,9,33,154,122,179,27,185,127,96,171,141,98,114,64,79,177,47,88,5,186,199,83,59,129,24,95,149,175,62,120,3,169,191,144,146];False
2081;7149;9230;[34,4,162,70,19,87,121,178,102,132,130,84,77,112,93,147,66,157,103,105,74,188,168,31,142,117,167,61,45,138,41,49,78,128,42,57,197,125,145,126,143,160,91,1,150,124,180,196,36,46,140,92,82,23,189,81,0,85,22,26,176,193,109,20,67,166,38,139,63,118,48,194,29,198,174,184,35,170,32,72,163,25,51,50,190,10,165,113,156,71,44,65,37,94,173,18,131,119,11,153,80,100,30,134,148,195,97,58,158,43,7,101,181,68,123,6,137,60,54,151,110,187,39,107,55,14,13,172,12,89,75,182,116,135,53,183,69,159,164,90,28,155,73,99,106,136,115,152,2,161,111,86,133,76,52,104,17,8,16,56,21,108,192,40,15,9,33,154,122,179,27,185,127,96,171,141,98,114,64,79,177,47,88,5,186,199,83,59,129,24,95,149,175,62,120,3,169,191,144,146];False
2075;7148;9223;[34,4,162,70,19,87,121,178,111,132,130,84,77,112,93,147,66,157,103,105,74,188,168,31,142,117,167,61,45,138,41,49,78,128,42,57,197,125,145,126,143,160,91,1,150,124,180,196,36,46,140,92,82,23,189,81,0,85,22,26,176,193,109,20,67,166,38,139,63,118,48,194,29,198,174,184,35,170,32,72,163,25,51,50,190,10,165,113,156,71,44,65,37,94,173,18,131,119,11,149,80,100,30,134,148,195,97,58,158,43,7,101,181,68,123,6,137,60,54,151,110,187,39,107,55,14,13,172,12,89,75,182,116,135,53,183,69,159,164,90,28,155,73,99,106,136,115,152,2,161,102,86,133,76,52,104,17,8,16,56,21,108,192,40,15,9,33,154,122,179,27,185,127,96,171,141,98,114,64,79,177,47,88,5,186,199,83,59,129,24,95,153,175,62,120,3,169,191,144,146];False
2088;7143;9231;[34,136,144,70,19,87,121,178,111,132,130,84,77,112,93,147,66,157,103,105,74,188,168,31,142,117,167,61,45,138,41,49,78,128,42,57,197,125,145,126,143,160,91,1,150,124,180,196,36,46,140,92,82,23,189,81,0,85,22,26,176,193,109,20,67,166,38,139,63,118,48,194,29,198,174,184,35,170,32,72,163,25,51,50,190,10,165,113,156,71,44,65,37,94,173,18,131,119,11,153,80,100,30,134,148,195,97,58,158,43,7,101,181,68,123,6,137,60,54,151,110,187,39,107,55,14,13,172,12,89,75,182,162,135,53,183,69,159,164,90,28,155,73,99,106,4,115,152,2,161,102,86,133,76,52,104,17,8,16,56,21,108,192,40,15,9,33,154,122,179,27,185,127,96,171,141,98,114,64,79,177,47,88,5,186,199,83,59,129,24,95,149,175,62,120,3,169,191,116,146];False
2019;7155;9174;[34,4,139,70,19,87,121,178,111,132,130,84,77,112,93,147,66,157,103,105,74,188,168,31,142,117,167,61,45,138,41,49,78,128,42,57,197,125,145,126,143,160,91,1,150,124,180,196,36,46,140,92,82,23,189,81,0,85,22,26,176,193,109,20,67,166,38,144,63,118,48,194,29,198,174,184,35,170,32,72,163,25,51,50,190,10,165,113,156,71,44,65,37,94,173,18,131,119,11,153,80,100,30,134,148,195,97,58,158,43,7,101,181,68,123,6,137,60,54,151,110,187,39,107,55,14,13,172,12,89,75,182,162,135,53,183,69,159,164,90,28,155,73,99,106,136,115,152,2,161,102,86,133,76,52,104,17,8,16,56,21,108,192,40,15,9,33,154,122,179,27,185,127,96,171,141,98,114,64,79,177,47,88,5,186,199,83,59,129,24,95,149,175,62,120,3,169,191,116,146];False
2074;7148;9222;[34,4,144,123,19,87,121,178,111,132,130,84,77,112,93,147,66,157,103,105,74,188,168,31,142,117,167,61,45,138,41,49,78,128,42,57,197,125,145,126,143,160,91,1,150,124,180,196,36,46,140,92,82,23,189,81,0,85,22,26,176,193,109,20,67,166,38,139,63,118,48,194,29,198,174,184,35,170,32,72,163,25,51,50,190,10,165,113,156,71,44,65,37,94,173,18,131,119,11,153,80,100,30,134,148,195,97,58,158,43,7,101,181,68,70,6,137,60,54,151,110,187,39,107,55,14,13,172,12,89,75,182,162,135,53,183,69,159,164,90,28,155,73,99,106,136,115,152,2,161,102,86,133,76,52,104,17,8,16,56,21,108,192,40,15,9,33,154,122,179,27,185,127,96,171,141,98,114,64,79,177,47,88,5,186,199,83,59,129,24,95,149,175,62,120,3,169,191,116,146];False
2055;7151;9206;[34,4,144,70,19,130,121,178,111,132,87,84,77,112,93,147,66,157,103,105,74,188,168,31,142,117,167,61,45,138,41,49,78,128,42,57,197,125,145,126,143,160,91,1,150,124,180,196,36,46,140,92,82,23,189,81,0,85,22,26,176,193,109,20,67,166,38,139,63,118,48,194,29,198,174,184,35,170,32,72,163,25,51,50,190,10,165,113,156,71,44,65,37,94,173,18,131,119,11,153,80,100,30,134,148,195,97,58,158,43,7,101,181,68,123,6,137,60,54,151,110,187,39,107,55,14,13,172,12,89,75,182,162,135,53,183,69,159,164,90,28,155,73,99,106,136,115,152,2,161,102,86,133,76,52,104,17,8,16,56,21,108,192,40,15,9,33,154,122,179,27,185,127,96,171,141,98,114,64,79,177,47,88,5,186,199,83,59,129,24,95,149,175,62,120,3,169,191,116,146];False
2041;7151;9192;[34,4,144,70,19,87,121,178,101,132,130,84,77,112,93,147,66,157,103,105,74,188,168,31,142,117,167,61,45,138,41,49,78,128,42,57,197,125,145,126,143,160,91,1,150,124,180,196,36,46,140,92,82,23,189,81,0,85,22,26,176,193,109,20,67,166,38,139,63,118,48,194,29,198,174,184,35,170,32,72,163,25,51,50,190,10,165,113,156,71,44,65,37,94,173,18,131,119,11,153,80,100,30,134,148,195,97,58,158,43,7,111,181,68,123,6,137,60,54,151,110,187,39,107,55,14,13,172,12,89,75,182,162,135,53,183,69,159,164,90,28,155,73,99,106,136,115,152,2,161,102,86,133,76,52,104,17,8,16,56,21,108,192,40,15,9,33,154,122,179,27,185,127,96,171,141,98,114,64,79,177,47,88,5,186,199,83,59,129,24,95,149,175,62,120,3,169,191,116,146];False
2071;7135;9206;[34,4,144,70,19,87,121,178,172,132,130,84,77,112,93,147,66,157,103,105,74,188,168,31,142,117,167,61,45,138,41,49,78,128,42,57,197,125,145,126,143,160,91,1,150,124,180,196,36,46,140,92,82,23,189,81,0,85,22,26,176,193,109,20,67,166,38,139,63,118,48,194,29,198,174,184,35,170,32,72,163,25,51,50,190,10,165,113,156,71,44,65,37,94,173,18,131,119,11,153,80,100,30,134,148,195,97,58,158,43,7,101,181,68,123,6,137,60,54,151,110,187,39,107,55,14,13,111,12,89,75,182,162,135,53,183,69,159,164,90,28,155,73,99,106,136,115,152,2,161,102,86,133,76,52,104,17,8,16,56,21,108,192,40,15,9,33,154,122,179,27,185,127,96,171,141,98,114,64,79,177,47,88,5,186,199,83,59,129,24,95,149,175,62,120,3,169,191,116,146];False
2031;7148;9179;[34,4,144,70,19,87,121,178,2,132,130,84,77,112,93,147,66,157,103,105,74,188,168,31,142,117,167,61,45,138,41,49,78,128,42,57,197,125,145,126,143,160,91,1,150,124,180,196,36,46,140,92,82,23,189,81,0,85,22,26,176,193,109,20,67,166,38,139,63,118,48,194,29,198,174,184,35,170,32,72,163,25,51,50,190,10,165,113,156,71,44,65,37,94,173,18,131,119,11,153,80,100,30,134,148,195,97,58,158,43,7,101,181,68,123,6,137,60,54,151,110,187,39,107,55,14,13,172,12,89,75,182,162,135,53,183,69,159,164,90,28,155,73,99,106,136,115,152,111,161,102,86,133,76,52,104,17,8,16,56,21,108,192,40,15,9,33,154,122,179,27,185,127,96,171,141,98,114,64,79,177,47,88,5,186,199,83,59,129,24,95,149,175,62,120,3,169,191,116,146];False
1986;7154;9140;[34,4,144,70,19,87,121,178,102,132,130,84,77,112,93,147,66,157,103,105,74,188,168,31,142,117,167,61,45,138,41,49,78,128,42,57,197,125,145,126,143,160,91,1,150,124,180,196,36,46,140,92,82,23,189,81,0,85,22,26,176,193,109,20,67,166,38,139,63,118,48,194,29,198,174,184,35,170,32,72,163,25,51,50,190,10,165,113,156,71,44,65,37,94,173,18,131,119,11,153,80,100,30,134,148,195,97,58,158,43,7,101,181,68,123,6,137,60,54,151,110,187,39,107,55,14,13,172,12,89,75,182,162,135,53,183,69,159,164,90,28,155,73,99,106,136,115,152,2,161,111,86,133,76,52,104,17,8,16,56,21,108,192,40,15,9,33,154,122,179,27,185,127,96,171,141,98,114,64,79,177,47,88,5,186,199,83,59,129,24,95,149,175,62,120,3,169,191,116,146];False
2040;7141;9181;[34,4,144,70,19,87,121,178,111,12,130,84,77,112,93,147,66,157,103,105,74,188,168,31,142,117,167,61,45,138,41,49,78,128,42,57,197,125,145,126,143,160,91,1,150,124,180,196,36,46,140,92,82,23,189,81,0,85,22,26,176,193,109,20,67,166,38,139,63,118,48,194,29,198,174,184,35,170,32,72,163,25,51,50,190,10,165,113,156,71,44,65,37,94,173,18,131,119,11,153,80,100,30,134,148,195,97,58,158,43,7,101,181,68,123,6,137,60,54,151,110,187,39,107,55,14,13,172,132,89,75,182,162,135,53,183,69,159,164,90,28,155,73,99,106,136,115,152,2,161,102,86,133,76,52,104,17,8,16,56,21,108,192,40,15,9,33,154,122,179,27,185,127,96,171,141,98,114,64,79,177,47,88,5,186,199,83,59,129,24,95,149,175,62,120,3,169,191,116,146];False
2005;7150;9155;[34,4,144,70,19,87,121,178,111,132,130,84,77,112,93,147,66,157,103,105,74,188,168,31,142,117,167,61,45,138,41,49,78,128,42,57,197,125,145,126,20,160,91,1,150,124,180,196,36,46,140,92,82,23,189,81,0,85,22,26,176,193,109,143,67,166,38,139,63,118,48,194,29,198,174,184,35,170,32,72,163,25,51,50,190,10,165,113,156,71,44,65,37,94,173,18,131,119,11,153,80,100,30,134,148,195,97,58,158,43,7,101,181,68,123,6,137,60,54,151,110,187,39,107,55,14,13,172,12,89,75,182,162,135,53,183,69,159,164,90,28,155,73,99,106,136,115,152,2,161,102,86,133,76,52,104,17,8,16,56,21,108,192,40,15,9,33,154,122,179,27,185,127,96,171,141,98,114,64,79,177,47,88,5,186,199,83,59,129,24,95,149,175,62,120,3,169,191,116,146];False
1980;7153;9133;[34,4,144,70,19,87,121,178,111,132,130,84,77,112,93,147,66,157,103,105,74,188,168,31,142,117,167,61,45,138,41,49,78,128,42,57,197,125,145,126,143,160,91,1,150,124,180,196,36,46,140,92,82,23,189,81,0,85,22,26,176,193,109,20,67,166,38,139,63,118,48,194,29,198,174,184,35,170,32,72,163,25,51,50,190,10,165,113,156,71,44,65,37,94,173,18,131,119,11,149,80,100,30,134,148,195,97,58,158,43,7,101,181,68,123,6,137,60,54,151,110,187,39,107,55,14,13,172,12,89,75,182,162,135,53,183,69,159,164,90,28,155,73,99,106,136,115,152,2,161,102,86,133,76,52,104,17,8,16,56,21,108,192,40,15,9,33,154,122,179,27,185,127,96,171,141,98,114,64,79,177,47,88,5,186,199,83,59,129,24,95,153,175,62,120,3,169,191,116,146];False
2029;7145;9174;[34,4,144,70,19,87,121,178,111,132,130,84,77,112,93,147,66,157,103,105,74,188,168,31,142,117,167,61,45,138,41,49,78,128,42,57,197,125,145,126,143,160,91,1,150,124,180,196,36,46,140,92,82,23,189,81,0,85,22,26,176,193,109,20,67,166,38,139,63,118,48,194,29,198,174,184,35,170,32,72,163,25,51,50,190,10,165,113,156,71,44,65,37,94,173,18,131,119,11,153,80,100,30,134,148,195,97,58,158,43,7,101,181,68,123,6,137,60,54,151,110,187,39,107,55,14,13,172,12,89,75,182,162,135,53,183,69,159,164,90,28,155,73,99,106,136,115,152,2,161,102,86,133,76,52,104,17,8,16,56,21,108,192,40,15,9,33,154,122,177,27,185,127,96,171,141,98,114,64,79,179,47,88,5,186,199,83,59,129,24,95,149,175,62,120,3,169,191,116,146];False
2003;7151;9154;[34,4,144,70,19,87,121,178,111,132,130,84,77,112,93,147,66,157,103,105,74,188,168,31,142,117,167,61,45,138,41,49,78,128,42,57,197,125,145,126,143,160,91,1,150,124,180,196,36,46,140,92,82,23,189,81,0,85,22,26,176,193,109,20,67,166,38,139,63,118,48,194,29,198,174,184,35,170,32,72,163,25,51,50,190,10,165,113,156,71,44,65,37,94,173,18,131,119,11,153,80,100,30,134,148,195,97,58,158,43,7,101,181,68,123,6,137,60,54,151,110,187,39,107,55,14,13,172,12,89,75,182,162,135,53,183,69,159,164,90,28,155,73,99,106,136,115,152,2,161,102,86,133,76,52,104,17,8,16,56,21,108,192,40,15,9,33,154,122,179,47,185,127,96,171,141,98,114,64,79,177,27,88,5,186,199,83,59,129,24,95,149,175,62,120,3,169,191,116,146];False
2086;7126;9212;[34,4,144,70,19,87,121,178,78,132,130,84,77,112,93,147,66,157,103,105,74,188,168,31,142,117,167,61,45,138,41,49,111,128,42,57,197,125,145,126,143,160,91,1,150,124,180,196,36,46,140,92,82,23,189,81,0,85,22,26,176,193,109,20,67,166,38,139,63,118,48,194,29,198,174,184,35,170,32,72,163,25,51,50,190,10,165,113,156,71,44,65,37,94,173,18,131,119,11,153,80,100,30,134,148,195,97,58,158,43,7,101,181,68,123,6,137,60,54,151,110,187,39,107,55,14,13,172,12,89,75,182,116,162,53,183,69,159,164,90,28,155,73,99,106,136,115,152,2,161,102,86,133,76,52,104,17,8,16,56,21,108,192,40,15,9,33,154,122,179,27,185,127,96,171,141,98,114,64,79,177,47,88,5,186,199,83,59,129,24,95,149,175,62,120,3,169,191,135,146];False
2035;7139;9174;[34,4,144,70,19,87,121,178,172,132,130,84,77,112,93,147,66,157,103,105,74,188,168,31,142,117,167,61,45,138,41,49,78,128,42,57,197,125,145,126,143,160,91,1,150,124,180,196,36,46,140,92,82,23,189,81,0,85,22,26,176,193,109,20,67,166,38,139,63,118,48,194,29,198,174,184,35,170,32,72,163,25,51,50,190,10,165,113,156,71,44,65,37,94,173,18,131,119,11,153,80,100,30,134,148,195,97,58,158,43,7,101,181,68,123,6,137,60,54,151,110,187,39,107,55,14,13,111,12,89,75,182,116,162,53,183,69,159,164,90,28,155,73,99,106,136,115,152,2,161,102,86,133,76,52,104,17,8,16,56,21,108,192,40,15,9,33,154,122,179,27,185,127,96,171,141,98,114,64,79,177,47,88,5,186,199,83,59,129,24,95,149,175,62,120,3,169,191,135,146];False
1995;7152;9147;[34,4,144,70,19,87,121,178,2,132,130,84,77,112,93,147,66,157,103,105,74,188,168,31,142,117,167,61,45,138,41,49,78,128,42,57,197,125,145,126,143,160,91,1,150,124,180,196,36,46,140,92,82,23,189,81,0,85,22,26,176,193,109,20,67,166,38,139,63,118,48,194,29,198,174,184,35,170,32,72,163,25,51,50,190,10,165,113,156,71,44,65,37,94,173,18,131,119,11,153,80,100,30,134,148,195,97,58,158,43,7,101,181,68,123,6,137,60,54,151,110,187,39,107,55,14,13,172,12,89,75,182,116,162,53,183,69,159,164,90,28,155,73,99,106,136,115,152,111,161,102,86,133,76,52,104,17,8,16,56,21,108,192,40,15,9,33,154,122,179,27,185,127,96,171,141,98,114,64,79,177,47,88,5,186,199,83,59,129,24,95,149,175,62,120,3,169,191,135,146];False
1950;7158;9108;[34,4,144,70,19,87,121,178,102,132,130,84,77,112,93,147,66,157,103,105,74,188,168,31,142,117,167,61,45,138,41,49,78,128,42,57,197,125,145,126,143,160,91,1,150,124,180,196,36,46,140,92,82,23,189,81,0,85,22,26,176,193,109,20,67,166,38,139,63,118,48,194,29,198,174,184,35,170,32,72,163,25,51,50,190,10,165,113,156,71,44,65,37,94,173,18,131,119,11,153,80,100,30,134,148,195,97,58,158,43,7,101,181,68,123,6,137,60,54,151,110,187,39,107,55,14,13,172,12,89,75,182,116,162,53,183,69,159,164,90,28,155,73,99,106,136,115,152,2,161,111,86,133,76,52,104,17,8,16,56,21,108,192,40,15,9,33,154,122,179,27,185,127,96,171,141,98,114,64,79,177,47,88,5,186,199,83,59,129,24,95,149,175,62,120,3,169,191,135,146];False
2004;7145;9149;[34,4,144,70,19,87,121,178,111,12,130,84,77,112,93,147,66,157,103,105,74,188,168,31,142,117,167,61,45,138,41,49,78,128,42,57,197,125,145,126,143,160,91,1,150,124,180,196,36,46,140,92,82,23,189,81,0,85,22,26,176,193,109,20,67,166,38,139,63,118,48,194,29,198,174,184,35,170,32,72,163,25,51,50,190,10,165,113,156,71,44,65,37,94,173,18,131,119,11,153,80,100,30,134,148,195,97,58,158,43,7,101,181,68,123,6,137,60,54,151,110,187,39,107,55,14,13,172,132,89,75,182,116,162,53,183,69,159,164,90,28,155,73,99,106,136,115,152,2,161,102,86,133,76,52,104,17,8,16,56,21,108,192,40,15,9,33,154,122,179,27,185,127,96,171,141,98,114,64,79,177,47,88,5,186,199,83,59,129,24,95,149,175,62,120,3,169,191,135,146];False
1902;7190;9092;[34,4,144,70,19,87,121,178,111,132,130,84,77,112,93,170,66,157,103,105,74,188,168,31,142,117,167,61,45,138,41,49,78,128,42,57,197,125,145,126,143,160,91,1,150,124,180,196,36,46,140,92,82,23,189,81,0,85,22,26,176,193,109,20,67,166,38,139,63,118,48,194,29,198,174,184,35,147,32,72,163,25,51,50,190,10,165,113,156,71,44,65,37,94,173,18,131,119,11,153,80,100,30,134,148,195,97,58,158,43,7,101,181,68,123,6,137,60,54,151,110,187,39,107,55,14,13,172,12,89,75,182,116,162,53,183,69,159,164,90,28,155,73,99,106,136,115,152,2,161,102,86,133,76,52,104,17,8,16,56,21,108,192,40,15,9,33,154,122,179,27,185,127,96,171,141,98,114,64,79,177,47,88,5,186,199,83,59,129,24,95,149,175,62,120,3,169,191,135,146];False
1969;7154;9123;[34,4,144,70,19,87,121,178,111,132,130,84,77,112,93,147,66,157,103,105,74,188,168,31,142,117,167,61,45,138,41,49,78,128,42,57,197,125,145,126,20,160,91,1,150,124,180,196,36,46,140,92,82,23,189,81,0,85,22,26,176,193,109,143,67,166,38,139,63,118,48,194,29,198,174,184,35,170,32,72,163,25,51,50,190,10,165,113,156,71,44,65,37,94,173,18,131,119,11,153,80,100,30,134,148,195,97,58,158,43,7,101,181,68,123,6,137,60,54,151,110,187,39,107,55,14,13,172,12,89,75,182,116,162,53,183,69,159,164,90,28,155,73,99,106,136,115,152,2,161,102,86,133,76,52,104,17,8,16,56,21,108,192,40,15,9,33,154,122,179,27,185,127,96,171,141,98,114,64,79,177,47,88,5,186,199,83,59,129,24,95,149,175,62,120,3,169,191,135,146];False
1890;7174;9064;[34,4,144,70,19,87,121,178,111,132,130,84,77,112,93,147,66,157,103,105,74,188,168,31,142,117,167,61,45,138,41,49,78,128,42,57,197,125,145,126,143,160,91,1,150,124,180,196,36,46,140,92,82,23,189,81,0,85,22,26,176,193,109,20,170,166,38,139,63,118,48,194,29,198,174,184,35,67,32,72,163,25,51,50,190,10,165,113,156,71,44,65,37,94,173,18,131,119,11,153,80,100,30,134,148,195,97,58,158,43,7,101,181,68,123,6,137,60,54,151,110,187,39,107,55,14,13,172,12,89,75,182,116,162,53,183,69,159,164,90,28,155,73,99,106,136,115,152,2,161,102,86,133,76,52,104,17,8,16,56,21,108,192,40,15,9,33,154,122,179,27,185,127,96,171,141,98,114,64,79,177,47,88,5,186,199,83,59,129,24,95,149,175,62,120,3,169,191,135,146];False
1876;7190;9066;[34,4,144,70,19,87,121,178,111,132,130,84,77,112,93,147,66,157,103,105,74,188,168,31,142,117,167,61,45,138,41,49,78,128,42,57,197,125,145,126,143,160,91,1,150,124,180,196,36,46,140,92,82,23,189,81,0,85,22,26,176,193,109,20,67,166,38,139,63,118,48,194,29,198,174,184,35,25,32,72,163,170,51,50,190,10,165,113,156,71,44,65,37,94,173,18,131,119,11,153,80,100,30,134,148,195,97,58,158,43,7,101,181,68,123,6,137,60,54,151,110,187,39,107,55,14,13,172,12,89,75,182,116,162,53,183,69,159,164,90,28,155,73,99,106,136,115,152,2,161,102,86,133,76,52,104,17,8,16,56,21,108,192,40,15,9,33,154,122,179,27,185,127,96,171,141,98,114,64,79,177,47,88,5,186,199,83,59,129,24,95,149,175,62,120,3,169,191,135,146];False
1944;7157;9101;[34,4,144,70,19,87,121,178,111,132,130,84,77,112,93,147,66,157,103,105,74,188,168,31,142,117,167,61,45,138,41,49,78,128,42,57,197,125,145,126,143,160,91,1,150,124,180,196,36,46,140,92,82,23,189,81,0,85,22,26,176,193,109,20,67,166,38,139,63,118,48,194,29,198,174,184,35,170,32,72,163,25,51,50,190,10,165,113,156,71,44,65,37,94,173,18,131,119,11,149,80,100,30,134,148,195,97,58,158,43,7,101,181,68,123,6,137,60,54,151,110,187,39,107,55,14,13,172,12,89,75,182,116,162,53,183,69,159,164,90,28,155,73,99,106,136,115,152,2,161,102,86,133,76,52,104,17,8,16,56,21,108,192,40,15,9,33,154,122,179,27,185,127,96,171,141,98,114,64,79,177,47,88,5,186,199,83,59,129,24,95,153,175,62,120,3,169,191,135,146];False
1905;7169;9074;[34,4,144,70,19,87,121,178,111,132,130,84,77,112,93,147,66,157,103,105,74,188,168,31,142,117,167,61,45,138,41,49,78,128,42,57,197,125,145,126,143,160,91,1,150,124,180,196,36,46,140,92,82,23,189,81,0,85,22,26,176,193,109,20,67,166,38,139,63,118,48,194,29,198,174,184,35,170,32,72,163,25,51,50,190,10,165,113,156,71,44,65,37,94,173,18,131,119,11,153,80,100,30,134,148,195,97,58,158,43,7,101,181,68,123,6,149,60,54,151,110,187,39,107,55,14,13,172,12,89,75,182,116,162,53,183,69,159,164,90,28,155,73,99,106,136,115,152,2,161,102,86,133,76,52,104,17,8,16,56,21,108,192,40,15,9,33,154,122,179,27,185,127,96,171,141,98,114,64,79,177,47,88,5,186,199,83,59,129,24,95,137,175,62,120,3,169,191,135,146];False
1993;7149;9142;[34,4,144,70,19,87,121,178,111,132,130,84,77,112,93,147,66,157,103,105,74,188,168,31,142,117,167,61,45,138,41,49,78,128,42,57,197,125,145,126,143,160,91,1,150,124,180,196,36,46,140,92,82,23,189,81,0,85,22,26,176,193,109,20,67,166,38,139,63,118,48,194,29,198,174,184,35,170,32,72,163,25,51,50,190,10,165,113,156,71,44,65,37,94,173,18,131,119,11,153,80,100,30,134,148,195,97,58,158,43,7,101,181,68,123,6,137,60,54,151,110,187,39,107,55,14,13,172,12,89,75,182,116,162,53,183,69,159,164,90,28,155,73,99,106,136,115,152,2,161,102,86,133,76,52,104,17,8,16,56,21,108,192,40,15,9,33,154,122,177,27,185,127,96,171,141,98,114,64,79,179,47,88,5,186,199,83,59,129,24,95,149,175,62,120,3,169,191,135,146];False
1967;7155;9122;[34,4,144,70,19,87,121,178,111,132,130,84,77,112,93,147,66,157,103,105,74,188,168,31,142,117,167,61,45,138,41,49,78,128,42,57,197,125,145,126,143,160,91,1,150,124,180,196,36,46,140,92,82,23,189,81,0,85,22,26,176,193,109,20,67,166,38,139,63,118,48,194,29,198,174,184,35,170,32,72,163,25,51,50,190,10,165,113,156,71,44,65,37,94,173,18,131,119,11,153,80,100,30,134,148,195,97,58,158,43,7,101,181,68,123,6,137,60,54,151,110,187,39,107,55,14,13,172,12,89,75,182,116,162,53,183,69,159,164,90,28,155,73,99,106,136,115,152,2,161,102,86,133,76,52,104,17,8,16,56,21,108,192,40,15,9,33,154,122,179,47,185,127,96,171,141,98,114,64,79,177,27,88,5,186,199,83,59,129,24,95,149,175,62,120,3,169,191,135,146];False
1668;7320;8988;[34,4,144,70,19,87,121,178,127,132,130,84,77,112,150,147,66,157,103,105,74,188,168,31,142,117,167,61,45,65,41,49,78,128,42,57,197,125,145,126,143,160,91,1,93,124,180,196,36,46,140,92,82,23,189,81,52,181,22,26,176,193,109,20,170,166,38,139,63,118,48,194,29,198,174,184,35,67,32,72,163,25,51,50,190,10,165,113,156,71,44,138,37,94,173,18,131,119,83,153,101,100,30,134,148,195,97,58,158,43,7,0,85,68,123,6,149,60,54,151,110,187,39,107,55,14,13,172,12,89,75,182,15,135,53,183,69,159,164,90,28,155,73,99,106,136,115,152,2,161,102,86,133,76,80,116,17,8,16,56,21,108,192,40,104,9,33,154,122,179,27,185,111,96,171,141,98,114,64,79,177,47,88,5,186,199,11,59,129,24,95,137,175,62,120,3,169,191,162,146];False
1662;7332;8994;[34,4,144,70,19,87,121,178,127,132,130,84,77,112,150,147,66,157,103,105,74,188,168,31,142,117,167,61,45,138,41,49,78,128,42,57,197,125,145,126,35,160,91,1,93,124,180,196,36,46,140,92,82,23,189,81,52,181,22,26,176,193,109,20,170,166,38,139,63,118,48,194,29,198,174,184,143,67,32,72,163,25,51,50,190,10,165,113,156,71,44,65,37,94,173,18,131,119,83,153,101,100,30,134,148,195,97,58,158,43,7,0,85,68,123,6,149,60,54,151,110,187,39,107,55,14,13,172,12,89,75,182,15,135,53,183,69,159,164,90,28,155,73,99,106,136,115,152,2,161,102,86,133,76,80,116,17,8,16,56,21,108,192,40,104,9,33,154,122,179,27,185,111,96,171,141,98,114,64,79,177,47,88,5,186,199,11,59,129,24,95,137,175,62,120,3,169,191,162,146];False
1646;7358;9004;[34,4,144,70,19,87,121,178,127,132,130,84,77,112,150,147,66,157,103,105,74,188,168,31,142,117,167,61,181,65,41,49,78,128,42,57,197,125,145,126,35,160,91,1,93,124,180,196,36,46,140,92,82,23,189,81,80,45,22,26,176,193,109,20,170,166,38,139,63,118,48,194,29,198,174,184,143,67,32,72,163,25,51,50,190,10,165,113,156,71,44,138,37,94,173,18,131,119,83,153,101,100,30,134,148,195,97,58,158,43,7,0,85,68,123,6,149,60,54,151,110,187,39,107,55,14,13,172,12,89,75,182,15,135,53,183,69,159,164,90,28,155,73,99,106,136,115,152,2,161,102,86,133,76,122,116,17,8,16,56,21,108,192,40,104,9,33,154,52,179,27,185,111,96,171,141,98,114,64,79,177,47,88,5,186,199,11,59,129,24,95,137,175,62,120,3,169,191,162,146];False
1801;7236;9037;[34,4,144,70,19,87,121,178,101,132,130,84,77,112,93,147,66,157,103,105,74,188,168,31,142,117,167,61,45,138,41,49,78,128,42,57,197,125,145,126,143,160,91,1,150,124,180,196,36,46,140,92,82,23,189,187,111,181,22,26,176,193,109,20,170,166,38,139,63,118,48,194,29,198,174,184,35,67,32,72,163,25,51,50,190,10,165,113,156,71,44,65,37,94,173,18,131,119,83,153,80,100,30,134,148,195,97,58,158,43,7,0,85,68,123,6,149,60,54,151,110,81,39,107,55,14,13,172,12,89,75,182,15,135,53,183,69,159,164,90,28,155,73,99,106,136,115,152,2,161,102,86,133,76,122,116,17,8,16,56,21,108,192,40,104,9,33,154,52,179,27,185,127,96,171,141,98,114,64,79,177,47,88,5,186,199,11,59,129,24,95,137,175,62,120,3,169,191,162,146];False
1683;7304;8987;[34,4,144,70,19,87,121,178,127,132,130,84,77,112,93,147,66,157,103,105,74,188,168,31,142,117,167,61,45,65,41,49,78,128,42,57,197,125,145,126,35,160,91,1,150,124,180,196,36,46,140,92,82,23,189,81,52,181,22,26,176,193,109,20,170,166,38,139,63,118,48,194,29,198,174,184,143,67,32,72,163,25,51,50,190,10,165,113,156,71,44,138,37,94,173,18,131,119,83,153,101,100,30,134,148,195,97,58,158,43,7,0,85,68,123,6,149,60,54,151,110,187,39,107,55,14,13,172,12,89,75,182,15,135,53,183,69,159,164,90,28,155,73,99,106,136,115,152,2,161,102,86,133,76,80,116,17,8,16,56,21,108,192,40,104,9,33,154,122,179,27,185,111,96,171,141,98,114,64,79,177,47,88,5,186,199,11,59,129,24,95,137,175,62,120,3,169,191,162,146];False
2071;7129;9200;[34,4,144,70,19,87,121,178,78,132,130,84,77,112,93,147,66,157,103,105,74,188,168,31,142,117,167,61,45,138,41,49,111,128,42,57,197,125,145,126,143,160,91,1,150,124,180,196,36,46,140,92,82,23,189,81,0,85,22,26,176,193,109,20,67,166,38,139,63,118,48,194,29,198,174,184,35,170,32,72,163,25,51,50,190,10,165,113,156,71,44,65,37,94,173,18,131,119,83,153,80,100,30,134,148,195,97,58,158,43,7,101,181,68,123,6,137,60,54,151,110,187,39,107,55,14,13,172,12,89,75,182,116,162,53,183,69,159,164,90,28,155,73,99,106,136,115,152,2,161,102,86,133,76,52,104,17,8,16,56,21,108,192,40,15,9,33,154,122,179,27,185,127,96,171,141,98,114,64,79,177,47,88,5,186,199,11,59,129,24,95,149,175,62,120,3,169,191,135,146];False
2020;7142;9162;[34,4,144,70,19,87,121,178,172,132,130,84,77,112,93,147,66,157,103,105,74,188,168,31,142,117,167,61,45,138,41,49,78,128,42,57,197,125,145,126,143,160,91,1,150,124,180,196,36,46,140,92,82,23,189,81,0,85,22,26,176,193,109,20,67,166,38,139,63,118,48,194,29,198,174,184,35,170,32,72,163,25,51,50,190,10,165,113,156,71,44,65,37,94,173,18,131,119,83,153,80,100,30,134,148,195,97,58,158,43,7,101,181,68,123,6,137,60,54,151,110,187,39,107,55,14,13,111,12,89,75,182,116,162,53,183,69,159,164,90,28,155,73,99,106,136,115,152,2,161,102,86,133,76,52,104,17,8,16,56,21,108,192,40,15,9,33,154,122,179,27,185,127,96,171,141,98,114,64,79,177,47,88,5,186,199,11,59,129,24,95,149,175,62,120,3,169,191,135,146];False
1898;7168;9066;[34,4,144,70,19,87,121,178,127,132,130,84,77,112,93,147,66,157,103,105,74,188,168,31,142,117,167,61,45,138,41,49,78,128,42,57,197,125,145,126,143,160,91,1,150,124,180,196,36,46,140,92,82,23,189,81,0,85,22,26,176,193,109,20,67,166,38,139,63,118,48,194,29,198,174,184,35,170,32,72,163,25,51,50,190,10,165,113,156,71,44,65,37,94,173,18,131,119,83,153,80,100,30,134,148,195,97,58,158,43,7,101,181,68,123,6,137,60,54,151,110,187,39,107,55,14,13,172,12,89,75,182,116,162,53,183,69,159,164,90,28,155,73,99,106,136,115,152,2,161,102,86,133,76,52,104,17,8,16,56,21,108,192,40,15,9,33,154,122,179,27,185,111,96,171,141,98,114,64,79,177,47,88,5,186,199,11,59,129,24,95,149,175,62,120,3,169,191,135,146];False
1989;7148;9137;[34,4,144,70,19,87,121,178,111,12,130,84,77,112,93,147,66,157,103,105,74,188,168,31,142,117,167,61,45,138,41,49,78,128,42,57,197,125,145,126,143,160,91,1,150,124,180,196,36,46,140,92,82,23,189,81,0,85,22,26,176,193,109,20,67,166,38,139,63,118,48,194,29,198,174,184,35,170,32,72,163,25,51,50,190,10,165,113,156,71,44,65,37,94,173,18,131,119,83,153,80,100,30,134,148,195,97,58,158,43,7,101,181,68,123,6,137,60,54,151,110,187,39,107,55,14,13,172,132,89,75,182,116,162,53,183,69,159,164,90,28,155,73,99,106,136,115,152,2,161,102,86,133,76,52,104,17,8,16,56,21,108,192,40,15,9,33,154,122,179,27,185,127,96,171,141,98,114,64,79,177,47,88,5,186,199,11,59,129,24,95,149,175,62,120,3,169,191,135,146];False
1875;7177;9052;[34,4,144,70,19,87,121,178,111,132,130,84,77,112,93,147,66,157,103,105,74,188,168,31,142,117,167,61,45,138,41,49,78,128,42,57,197,125,145,126,143,160,91,1,150,124,180,196,36,46,140,92,82,23,189,81,0,85,22,26,176,193,109,20,170,166,38,139,63,118,48,194,29,198,174,184,35,67,32,72,163,25,51,50,190,10,165,113,156,71,44,65,37,94,173,18,131,119,83,153,80,100,30,134,148,195,97,58,158,43,7,101,181,68,123,6,137,60,54,151,110,187,39,107,55,14,13,172,12,89,75,182,116,162,53,183,69,159,164,90,28,155,73,99,106,136,115,152,2,161,102,86,133,76,52,104,17,8,16,56,21,108,192,40,15,9,33,154,122,179,27,185,127,96,171,141,98,114,64,79,177,47,88,5,186,199,11,59,129,24,95,149,175,62,120,3,169,191,135,146];False
1861;7193;9054;[34,4,144,70,19,87,121,178,111,132,130,84,77,112,93,147,66,157,103,105,74,188,168,31,142,117,167,61,45,138,41,49,78,128,42,57,197,125,145,126,143,160,91,1,150,124,180,196,36,46,140,92,82,23,189,81,0,85,22,26,176,193,109,20,67,166,38,139,63,118,48,194,29,198,174,184,35,25,32,72,163,170,51,50,190,10,165,113,156,71,44,65,37,94,173,18,131,119,83,153,80,100,30,134,148,195,97,58,158,43,7,101,181,68,123,6,137,60,54,151,110,187,39,107,55,14,13,172,12,89,75,182,116,162,53,183,69,159,164,90,28,155,73,99,106,136,115,152,2,161,102,86,133,76,52,104,17,8,16,56,21,108,192,40,15,9,33,154,122,179,27,185,127,96,171,141,98,114,64,79,177,47,88,5,186,199,11,59,129,24,95,149,175,62,120,3,169,191,135,146];False
1890;7172;9062;[34,4,144,70,19,87,121,178,111,132,130,84,77,112,93,147,66,157,103,105,74,188,168,31,142,117,167,61,45,138,41,49,78,128,42,57,197,125,145,126,143,160,91,1,150,124,180,196,36,46,140,92,82,23,189,81,0,85,22,26,176,193,109,20,67,166,38,139,63,118,48,194,29,198,174,184,35,170,32,72,163,25,51,50,190,10,165,113,156,71,44,65,37,94,173,18,131,119,83,153,80,100,30,134,148,195,97,58,158,43,7,101,181,68,123,6,149,60,54,151,110,187,39,107,55,14,13,172,12,89,75,182,116,162,53,183,69,159,164,90,28,155,73,99,106,136,115,152,2,161,102,86,133,76,52,104,17,8,16,56,21,108,192,40,15,9,33,154,122,179,27,185,127,96,171,141,98,114,64,79,177,47,88,5,186,199,11,59,129,24,95,137,175,62,120,3,169,191,135,146];False
1978;7152;9130;[34,4,144,70,19,87,121,178,111,132,130,84,77,112,93,147,66,157,103,105,74,188,168,31,142,117,167,61,45,138,41,49,78,128,42,57,197,125,145,126,143,160,91,1,150,124,180,196,36,46,140,92,82,23,189,81,0,85,22,26,176,193,109,20,67,166,38,139,63,118,48,194,29,198,174,184,35,170,32,72,163,25,51,50,190,10,165,113,156,71,44,65,37,94,173,18,131,119,83,153,80,100,30,134,148,195,97,58,158,43,7,101,181,68,123,6,137,60,54,151,110,187,39,107,55,14,13,172,12,89,75,182,116,162,53,183,69,159,164,90,28,155,73,99,106,136,115,152,2,161,102,86,133,76,52,104,17,8,16,56,21,108,192,40,15,9,33,154,122,177,27,185,127,96,171,141,98,114,64,79,179,47,88,5,186,199,11,59,129,24,95,149,175,62,120,3,169,191,135,146];False
2054;7137;9191;[34,4,144,70,19,87,121,63,78,132,130,84,77,112,93,147,66,157,103,105,74,188,168,31,142,117,167,61,45,138,41,49,111,128,42,57,197,125,145,126,143,160,91,1,150,124,180,196,36,46,140,92,82,23,189,81,0,85,22,26,176,193,109,20,67,166,38,139,178,118,48,194,29,198,174,184,35,170,32,72,163,25,51,50,190,10,165,113,156,71,44,65,37,94,173,18,131,119,11,153,80,100,30,134,148,195,97,58,158,43,7,101,181,68,123,6,137,60,54,151,110,187,39,107,55,14,13,172,12,89,75,182,116,162,53,183,69,159,164,90,28,155,73,99,106,136,115,152,2,161,102,86,133,76,52,104,17,8,16,56,21,108,192,40,15,9,33,154,122,179,27,185,127,96,171,141,98,114,64,79,177,47,88,5,186,199,83,59,129,24,95,149,175,62,120,3,169,191,135,146];False
2102;7123;9225;[34,4,144,70,19,87,121,178,78,132,130,84,77,112,93,147,66,157,103,105,74,188,168,31,142,117,167,61,45,138,41,49,111,128,42,57,197,125,145,126,143,160,91,1,150,124,180,196,36,46,140,92,82,23,189,81,0,85,22,26,176,193,109,20,67,166,38,139,63,118,48,194,29,198,174,184,35,170,32,72,163,25,51,50,190,10,165,113,156,71,44,65,37,94,173,18,131,119,11,149,80,100,30,134,148,195,97,58,158,43,7,101,181,68,123,6,137,60,54,151,110,187,39,107,55,14,13,172,12,89,75,182,116,162,53,183,69,159,164,90,28,155,73,99,106,136,115,152,2,161,102,86,133,76,52,104,17,8,16,56,21,108,192,40,15,9,33,154,122,179,27,185,127,96,171,141,98,114,64,79,177,47,88,5,186,199,83,59,129,24,95,153,175,62,120,3,169,191,135,146];False
2063;7135;9198;[34,4,144,70,19,87,121,178,78,132,130,84,77,112,93,147,66,157,103,105,74,188,168,31,142,117,167,61,45,138,41,49,111,128,42,57,197,125,145,126,143,160,91,1,150,124,180,196,36,46,140,92,82,23,189,81,0,85,22,26,176,193,109,20,67,166,38,139,63,118,48,194,29,198,174,184,35,170,32,72,163,25,51,50,190,10,165,113,156,71,44,65,37,94,173,18,131,119,11,153,80,100,30,134,148,195,97,58,158,43,7,101,181,68,123,6,149,60,54,151,110,187,39,107,55,14,13,172,12,89,75,182,116,162,53,183,69,159,164,90,28,155,73,99,106,136,115,152,2,161,102,86,133,76,52,104,17,8,16,56,21,108,192,40,15,9,33,154,122,179,27,185,127,96,171,141,98,114,64,79,177,47,88,5,186,199,83,59,129,24,95,137,175,62,120,3,169,191,135,146];False
2030;7141;9171;[34,4,144,70,19,87,121,178,102,132,130,84,77,112,93,147,66,157,103,105,74,188,168,31,142,117,167,61,45,138,41,49,78,128,42,57,197,125,145,126,143,160,91,1,150,124,180,196,36,46,140,92,82,23,189,81,0,85,22,26,176,193,109,20,67,166,38,139,63,118,48,194,29,198,174,184,35,170,32,72,163,25,51,50,190,10,165,113,156,71,44,65,37,94,173,18,131,119,11,153,80,100,30,134,148,195,97,58,158,43,7,101,181,68,123,6,137,60,54,151,110,187,39,107,55,14,13,111,12,89,75,182,116,162,53,183,69,159,164,90,28,155,73,99,106,136,115,152,2,161,172,86,133,76,52,104,17,8,16,56,21,108,192,40,15,9,33,154,122,179,27,185,127,96,171,141,98,114,64,79,177,47,88,5,186,199,83,59,129,24,95,149,175,62,120,3,169,191,135,146];False
1989;7144;9133;[34,4,144,70,19,87,121,178,172,12,130,84,77,112,93,147,66,157,103,105,74,188,168,31,142,117,167,61,45,138,41,49,78,128,42,57,197,125,145,126,143,160,91,1,150,124,180,196,36,46,140,92,82,23,189,81,0,85,22,26,176,193,109,20,67,166,38,139,63,118,48,194,29,198,174,184,35,170,32,72,163,25,51,50,190,10,165,113,156,71,44,65,37,94,173,18,131,119,11,153,80,100,30,134,148,195,97,58,158,43,7,101,181,68,123,6,137,60,54,151,110,187,39,107,55,14,13,111,132,89,75,182,116,162,53,183,69,159,164,90,28,155,73,99,106,136,115,152,2,161,102,86,133,76,52,104,17,8,16,56,21,108,192,40,15,9,33,154,122,179,27,185,127,96,171,141,98,114,64,79,177,47,88,5,186,199,83,59,129,24,95,149,175,62,120,3,169,191,135,146];False
2051;7136;9187;[34,4,144,70,19,87,121,178,172,132,130,84,77,112,93,147,66,157,103,105,74,188,168,31,142,117,167,61,45,138,41,49,78,128,42,57,197,125,145,126,143,160,91,1,150,124,180,196,36,46,140,92,82,23,189,81,0,85,22,26,176,193,109,20,67,166,38,139,63,118,48,194,29,198,174,184,35,170,32,72,163,25,51,50,190,10,165,113,156,71,44,65,37,94,173,18,131,119,11,149,80,100,30,134,148,195,97,58,158,43,7,101,181,68,123,6,137,60,54,151,110,187,39,107,55,14,13,111,12,89,75,182,116,162,53,183,69,159,164,90,28,155,73,99,106,136,115,152,2,161,102,86,133,76,52,104,17,8,16,56,21,108,192,40,15,9,33,154,122,179,27,185,127,96,171,141,98,114,64,79,177,47,88,5,186,199,83,59,129,24,95,153,175,62,120,3,169,191,135,146];False
1984;7144;9128;[34,4,144,70,19,87,121,178,111,132,130,84,77,112,93,147,66,157,103,105,74,188,168,31,142,117,167,61,45,138,41,49,78,128,42,57,197,125,145,126,20,160,91,1,150,124,180,196,36,46,140,92,143,23,189,81,0,85,22,26,176,193,109,82,67,166,38,139,63,118,48,194,29,198,174,184,35,170,32,72,163,25,51,50,190,10,165,113,156,71,44,65,37,94,173,18,131,119,11,153,80,100,30,134,148,195,97,58,158,43,7,101,181,68,123,6,137,60,54,151,110,187,39,107,55,14,13,172,12,89,75,182,116,162,53,183,69,159,164,90,28,155,73,99,106,136,115,152,2,161,102,86,133,76,52,104,17,8,16,56,21,108,192,40,15,9,33,154,122,179,27,185,127,96,171,141,98,114,64,79,177,47,88,5,186,199,83,59,129,24,95,149,175,62,120,3,169,191,135,146];False
1966;7155;9121;[34,4,144,70,19,87,121,178,102,132,130,84,77,112,93,147,66,157,103,105,74,188,168,31,142,117,167,61,45,138,41,49,78,128,42,57,197,125,145,126,143,160,91,1,150,124,180,196,36,46,140,92,82,23,189,81,0,85,22,26,176,193,109,20,67,166,38,139,63,118,48,194,29,198,174,184,35,170,32,72,163,25,51,50,190,10,165,113,156,71,44,65,37,94,173,18,131,119,11,149,80,100,30,134,148,195,97,58,158,43,7,101,181,68,123,6,137,60,54,151,110,187,39,107,55,14,13,172,12,89,75,182,116,162,53,183,69,159,164,90,28,155,73,99,106,136,115,152,2,161,111,86,133,76,52,104,17,8,16,56,21,108,192,40,15,9,33,154,122,179,27,185,127,96,171,141,98,114,64,79,177,47,88,5,186,199,83,59,129,24,95,153,175,62,120,3,169,191,135,146];False
1657;7337;8994;[34,4,144,70,19,87,121,178,127,132,130,84,77,112,150,147,66,157,103,105,74,188,168,31,142,117,167,61,45,65,41,49,78,128,42,57,197,125,145,126,35,160,91,1,93,124,180,196,36,46,140,92,82,23,189,81,52,181,22,26,176,193,109,20,170,166,38,139,63,118,48,194,29,198,174,184,143,67,32,72,163,25,51,50,190,10,165,113,156,71,44,138,37,94,173,18,131,119,83,153,101,100,30,134,148,195,97,58,158,43,7,0,85,68,123,6,149,60,54,151,110,187,39,107,55,14,13,172,12,89,75,182,15,135,53,183,69,159,164,90,28,155,73,99,106,136,115,152,2,161,102,86,133,76,80,116,17,8,16,56,21,108,192,40,104,9,33,154,122,179,27,185,111,96,171,141,98,114,64,79,177,47,88,5,186,199,11,59,129,24,95,137,175,62,120,3,169,191,162,146];False
2097;7122;9219;[34,4,144,70,19,87,121,147,78,132,130,84,77,112,93,178,66,157,103,105,74,188,168,31,142,117,167,61,45,138,41,49,111,128,42,57,197,125,145,126,143,160,91,1,150,124,180,196,36,46,140,92,82,23,189,81,0,85,22,26,176,193,109,20,67,166,38,139,63,118,48,194,29,198,174,184,35,170,32,72,163,25,51,50,190,10,165,113,156,71,44,65,37,94,173,18,131,119,83,153,80,100,30,134,148,195,97,58,158,43,7,101,181,68,123,6,137,60,54,151,110,187,39,107,55,14,13,172,12,89,75,182,116,162,53,183,69,159,164,90,28,155,73,99,106,136,115,152,2,161,102,86,133,76,52,104,17,8,16,56,21,108,192,40,15,9,33,154,122,179,27,185,127,96,171,141,98,114,64,79,177,47,88,5,186,199,11,59,129,24,95,149,175,62,120,3,169,191,135,146];False
2066;7134;9200;[34,4,144,70,19,87,121,178,78,132,130,84,77,112,93,147,66,157,103,105,74,188,168,31,142,117,167,61,45,65,41,49,111,128,42,57,197,125,145,126,143,160,91,1,150,124,180,196,36,46,140,92,82,23,189,81,0,85,22,26,176,193,109,20,67,166,38,139,63,118,48,194,29,198,174,184,35,170,32,72,163,25,51,50,190,10,165,113,156,71,44,138,37,94,173,18,131,119,83,153,80,100,30,134,148,195,97,58,158,43,7,101,181,68,123,6,137,60,54,151,110,187,39,107,55,14,13,172,12,89,75,182,116,162,53,183,69,159,164,90,28,155,73,99,106,136,115,152,2,161,102,86,133,76,52,104,17,8,16,56,21,108,192,40,15,9,33,154,122,179,27,185,127,96,171,141,98,114,64,79,177,47,88,5,186,199,11,59,129,24,95,149,175,62,120,3,169,191,135,146];False
2048;7138;9186;[34,4,144,70,19,87,121,178,78,132,130,84,77,112,93,147,66,157,103,105,74,188,168,31,142,117,167,61,45,138,41,49,111,128,42,57,197,125,145,126,143,160,91,1,150,124,180,196,36,46,140,92,82,23,189,81,0,85,22,26,176,193,109,20,67,166,38,139,63,118,48,194,29,198,174,184,35,170,32,72,163,25,51,50,190,10,165,113,156,71,44,65,37,94,173,18,131,119,83,153,80,100,30,134,148,195,97,58,158,43,7,101,181,68,123,6,149,60,54,151,110,187,39,107,55,14,13,172,12,89,75,182,116,162,53,183,69,159,164,90,28,155,73,99,106,136,115,152,2,161,102,86,133,76,52,104,17,8,16,56,21,108,192,40,15,9,33,154,122,179,27,185,127,96,171,141,98,114,64,79,177,47,88,5,186,199,11,59,129,24,95,137,175,62,120,3,169,191,135,146];False
1974;7147;9121;[34,4,144,70,19,87,121,178,172,12,130,84,77,112,93,147,66,157,103,105,74,188,168,31,142,117,167,61,45,138,41,49,78,128,42,57,197,125,145,126,143,160,91,1,150,124,180,196,36,46,140,92,82,23,189,81,0,85,22,26,176,193,109,20,67,166,38,139,63,118,48,194,29,198,174,184,35,170,32,72,163,25,51,50,190,10,165,113,156,71,44,65,37,94,173,18,131,119,83,153,80,100,30,134,148,195,97,58,158,43,7,101,181,68,123,6,137,60,54,151,110,187,39,107,55,14,13,111,132,89,75,182,116,162,53,183,69,159,164,90,28,155,73,99,106,136,115,152,2,161,102,86,133,76,52,104,17,8,16,56,21,108,192,40,15,9,33,154,122,179,27,185,127,96,171,141,98,114,64,79,177,47,88,5,186,199,11,59,129,24,95,149,175,62,120,3,169,191,135,146];False
1860;7182;9042;[34,4,144,70,19,87,121,178,127,132,130,84,77,112,93,147,66,157,103,105,74,188,168,31,142,117,167,61,45,138,41,49,78,128,42,57,197,125,145,126,143,160,91,1,150,124,180,196,36,46,140,92,82,23,189,81,0,85,22,26,176,193,109,20,170,166,38,139,63,118,48,194,29,198,174,184,35,67,32,72,163,25,51,50,190,10,165,113,156,71,44,65,37,94,173,18,131,119,83,153,80,100,30,134,148,195,97,58,158,43,7,101,181,68,123,6,137,60,54,151,110,187,39,107,55,14,13,172,12,89,75,182,116,162,53,183,69,159,164,90,28,155,73,99,106,136,115,152,2,161,102,86,133,76,52,104,17,8,16,56,21,108,192,40,15,9,33,154,122,179,27,185,111,96,171,141,98,114,64,79,177,47,88,5,186,199,11,59,129,24,95,149,175,62,120,3,169,191,135,146];False
1846;7198;9044;[34,4,144,70,19,87,121,178,127,132,130,84,77,112,93,147,66,157,103,105,74,188,168,31,142,117,167,61,45,138,41,49,78,128,42,57,197,125,145,126,143,160,91,1,150,124,180,196,36,46,140,92,82,23,189,81,0,85,22,26,176,193,109,20,67,166,38,139,63,118,48,194,29,198,174,184,35,25,32,72,163,170,51,50,190,10,165,113,156,71,44,65,37,94,173,18,131,119,83,153,80,100,30,134,148,195,97,58,158,43,7,101,181,68,123,6,137,60,54,151,110,187,39,107,55,14,13,172,12,89,75,182,116,162,53,183,69,159,164,90,28,155,73,99,106,136,115,152,2,161,102,86,133,76,52,104,17,8,16,56,21,108,192,40,15,9,33,154,122,179,27,185,111,96,171,141,98,114,64,79,177,47,88,5,186,199,11,59,129,24,95,149,175,62,120,3,169,191,135,146];False
1966;7152;9118;[34,4,144,70,19,87,121,178,111,132,130,84,77,112,93,147,66,157,103,105,74,188,168,31,142,117,167,61,45,138,41,49,78,128,42,57,197,125,145,126,143,160,91,1,150,124,180,196,36,46,140,92,82,23,189,81,0,85,22,26,176,193,109,35,170,166,38,139,63,118,48,194,29,198,174,184,20,67,32,72,163,25,51,50,190,10,165,113,156,71,44,65,37,94,173,18,131,119,83,153,80,100,30,134,148,195,97,58,158,43,7,101,181,68,123,6,137,60,54,151,110,187,39,107,55,14,13,172,12,89,75,182,116,162,53,183,69,159,164,90,28,155,73,99,106,136,115,152,2,161,102,86,133,76,52,104,17,8,16,56,21,108,192,40,15,9,33,154,122,179,27,185,127,96,171,141,98,114,64,79,177,47,88,5,186,199,11,59,129,24,95,149,175,62,120,3,169,191,135,146];False
1852;7186;9038;[34,4,144,70,19,87,121,178,111,132,130,84,77,112,93,147,66,157,103,105,74,188,168,31,142,117,167,61,45,138,41,49,78,128,42,57,197,125,145,126,143,160,91,1,150,124,180,196,36,46,140,92,82,23,189,81,0,85,22,26,176,193,109,20,170,166,38,139,63,118,48,194,29,198,174,184,35,67,32,72,163,25,51,50,190,10,165,113,156,71,44,65,37,94,173,18,131,119,83,153,80,100,30,134,148,195,97,58,158,43,7,101,181,68,123,6,149,60,54,151,110,187,39,107,55,14,13,172,12,89,75,182,116,162,53,183,69,159,164,90,28,155,73,99,106,136,115,152,2,161,102,86,133,76,52,104,17,8,16,56,21,108,192,40,15,9,33,154,122,179,27,185,127,96,171,141,98,114,64,79,177,47,88,5,186,199,11,59,129,24,95,137,175,62,120,3,169,191,135,146];False
1838;7202;9040;[34,4,144,70,19,87,121,178,111,132,130,84,77,112,93,147,66,157,103,105,74,188,168,31,142,117,167,61,45,138,41,49,78,128,42,57,197,125,145,126,143,160,91,1,150,124,180,196,36,46,140,92,82,23,189,81,0,85,22,26,176,193,109,20,67,166,38,139,63,118,48,194,29,198,174,184,35,25,32,72,163,170,51,50,190,10,165,113,156,71,44,65,37,94,173,18,131,119,83,153,80,100,30,134,148,195,97,58,158,43,7,101,181,68,123,6,149,60,54,151,110,187,39,107,55,14,13,172,12,89,75,182,116,162,53,183,69,159,164,90,28,155,73,99,106,136,115,152,2,161,102,86,133,76,52,104,17,8,16,56,21,108,192,40,15,9,33,154,122,179,27,185,127,96,171,141,98,114,64,79,177,47,88,5,186,199,11,59,129,24,95,137,175,62,120,3,169,191,135,146];False
2005;7139;9144;[34,4,144,70,19,87,121,178,102,132,130,84,77,112,93,147,66,157,103,105,74,188,168,31,142,117,167,61,45,138,41,49,78,128,42,57,197,125,145,126,143,160,91,1,150,124,180,196,36,46,140,92,82,23,189,81,0,85,22,26,176,193,109,20,67,166,38,139,63,118,48,194,29,198,174,184,35,161,32,72,163,25,51,50,190,10,165,113,156,71,44,65,37,94,173,18,131,119,11,153,80,100,30,134,148,195,97,58,158,43,7,101,181,68,123,6,137,60,54,151,110,187,39,107,55,14,13,111,12,89,75,182,116,162,53,183,69,159,164,90,28,155,73,99,106,136,115,152,2,170,172,86,133,76,52,104,17,8,16,56,21,108,192,40,15,9,33,154,122,179,27,185,127,96,171,141,98,114,64,79,177,47,88,5,186,199,83,59,129,24,95,149,175,62,120,3,169,191,135,146];False
2046;7138;9184;[34,4,144,70,19,87,121,178,102,132,130,84,77,112,93,147,66,157,103,105,74,188,168,31,142,117,167,61,45,138,41,49,78,128,42,57,197,125,145,126,143,160,91,1,150,124,180,196,36,46,140,92,82,23,189,81,0,85,22,26,176,193,109,20,67,166,38,139,63,118,48,194,29,198,174,184,35,170,32,72,163,25,51,50,190,10,165,113,156,71,44,65,37,94,173,18,131,119,11,149,80,100,30,134,148,195,97,58,158,43,7,101,181,68,123,6,137,60,54,151,110,187,39,107,55,14,13,111,12,89,75,182,116,162,53,183,69,159,164,90,28,155,73,99,106,136,115,152,2,161,172,86,133,76,52,104,17,8,16,56,21,108,192,40,15,9,33,154,122,179,27,185,127,96,171,141,98,114,64,79,177,47,88,5,186,199,83,59,129,24,95,153,175,62,120,3,169,191,135,146];False
2091;7123;9214;[34,4,144,70,19,87,121,178,172,132,130,84,77,112,93,147,66,157,103,105,74,188,168,31,142,117,167,61,45,138,41,49,78,128,42,57,197,125,145,126,20,160,91,1,150,124,180,196,36,46,140,92,143,23,189,81,0,85,22,26,176,193,109,82,67,166,38,139,63,118,48,194,29,198,174,184,35,170,32,72,163,25,51,50,190,10,165,113,156,71,44,65,37,94,173,18,131,119,11,153,80,100,30,134,148,195,97,58,158,43,7,101,181,68,123,6,137,60,54,151,110,187,39,107,55,14,13,111,12,89,75,182,116,162,53,183,69,159,164,90,28,155,73,99,106,136,115,152,2,161,102,86,133,76,52,104,17,8,16,56,21,108,192,40,15,9,33,154,122,179,27,185,127,96,171,141,98,114,64,79,177,47,88,5,186,199,83,59,129,24,95,149,175,62,120,3,169,191,135,146];False
1969;7149;9118;[34,4,144,70,19,87,121,178,127,132,130,84,77,112,93,147,66,157,103,105,74,188,168,31,142,117,167,61,45,138,41,49,78,128,42,57,197,125,145,126,20,160,91,1,150,124,180,196,36,46,140,92,143,23,189,81,0,85,22,26,176,193,109,82,67,166,38,139,63,118,48,194,29,198,174,184,35,170,32,72,163,25,51,50,190,10,165,113,156,71,44,65,37,94,173,18,131,119,11,153,80,100,30,134,148,195,97,58,158,43,7,101,181,68,123,6,137,60,54,151,110,187,39,107,55,14,13,172,12,89,75,182,116,162,53,183,69,159,164,90,28,155,73,99,106,136,115,152,2,161,102,86,133,76,52,104,17,8,16,56,21,108,192,40,15,9,33,154,122,179,27,185,111,96,171,141,98,114,64,79,177,47,88,5,186,199,83,59,129,24,95,149,175,62,120,3,169,191,135,146];False
2060;7129;9189;[34,4,144,70,19,87,121,178,111,12,130,84,77,112,93,147,66,157,103,105,74,188,168,31,142,117,167,61,45,138,41,49,78,128,42,57,197,125,145,126,20,160,91,1,150,124,180,196,36,46,140,92,143,23,189,81,0,85,22,26,176,193,109,82,67,166,38,139,63,118,48,194,29,198,174,184,35,170,32,72,163,25,51,50,190,10,165,113,156,71,44,65,37,94,173,18,131,119,11,153,80,100,30,134,148,195,97,58,158,43,7,101,181,68,123,6,137,60,54,151,110,187,39,107,55,14,13,172,132,89,75,182,116,162,53,183,69,159,164,90,28,155,73,99,106,136,115,152,2,161,102,86,133,76,52,104,17,8,16,56,21,108,192,40,15,9,33,154,122,179,27,185,127,96,171,141,98,114,64,79,177,47,88,5,186,199,83,59,129,24,95,149,175,62,120,3,169,191,135,146];False
2039;7138;9177;[34,4,144,70,19,87,121,178,111,132,130,84,77,112,93,147,66,157,103,105,74,188,168,31,142,117,167,61,45,138,41,49,78,128,42,57,197,125,145,126,20,160,91,1,150,124,180,196,36,46,140,92,143,23,189,81,0,85,40,26,176,193,109,82,67,166,38,139,63,118,48,194,29,198,174,184,35,170,32,72,163,25,51,50,190,10,165,113,156,71,44,65,37,94,173,18,131,119,11,153,80,100,30,134,148,195,97,58,158,43,7,101,181,68,123,6,137,60,54,151,110,187,39,107,55,14,13,172,12,89,75,182,116,162,53,183,69,159,164,90,28,155,73,99,106,136,115,152,2,161,102,86,133,76,52,104,17,8,16,56,21,108,192,22,15,9,33,154,122,179,27,185,127,96,171,141,98,114,64,79,177,47,88,5,186,199,83,59,129,24,95,149,175,62,120,3,169,191,135,146];False
2043;7137;9180;[34,4,144,70,19,87,121,178,111,132,130,84,77,112,93,147,66,157,103,105,74,188,168,31,142,117,167,61,45,138,41,49,78,128,42,57,197,125,145,126,20,160,91,1,150,124,180,196,36,46,140,92,143,23,189,81,0,85,22,26,176,193,10,82,67,166,38,139,63,118,48,194,29,198,174,184,35,170,32,72,163,25,51,50,190,109,165,113,156,71,44,65,37,94,173,18,131,119,11,153,80,100,30,134,148,195,97,58,158,43,7,101,181,68,123,6,137,60,54,151,110,187,39,107,55,14,13,172,12,89,75,182,116,162,53,183,69,159,164,90,28,155,73,99,106,136,115,152,2,161,102,86,133,76,52,104,17,8,16,56,21,108,192,40,15,9,33,154,122,179,27,185,127,96,171,141,98,114,64,79,177,47,88,5,186,199,83,59,129,24,95,149,175,62,120,3,169,191,135,146];False
1969;7147;9116;[34,4,144,70,19,87,121,178,111,132,130,84,77,112,93,147,66,157,103,105,74,188,168,31,142,117,167,61,45,138,41,49,78,128,42,57,197,125,145,126,20,160,91,1,150,124,180,196,36,46,140,92,143,23,189,81,0,85,22,26,176,193,109,82,67,166,38,139,63,118,48,194,29,198,174,184,35,170,32,72,163,25,51,50,190,10,165,113,156,71,44,65,37,94,173,18,131,119,83,153,80,100,30,134,148,195,97,58,158,43,7,101,181,68,123,6,137,60,54,151,110,187,39,107,55,14,13,172,12,89,75,182,116,162,53,183,69,159,164,90,28,155,73,99,106,136,115,152,2,161,102,86,133,76,52,104,17,8,16,56,21,108,192,40,15,9,33,154,122,179,27,185,127,96,171,141,98,114,64,79,177,47,88,5,186,199,11,59,129,24,95,149,175,62,120,3,169,191,135,146];False
2000;7141;9141;[34,4,144,70,19,87,121,178,111,132,130,84,77,112,93,147,66,157,103,105,74,188,168,31,142,117,167,61,45,138,41,49,78,128,42,57,197,125,145,126,20,160,91,1,150,124,180,196,36,46,140,92,143,23,189,81,0,85,22,26,176,193,109,82,67,166,38,139,63,118,48,194,29,198,174,184,35,170,32,72,163,25,51,50,190,10,165,113,156,71,44,65,37,94,173,18,131,119,11,149,80,100,30,134,148,195,97,58,158,43,7,101,181,68,123,6,137,60,54,151,110,187,39,107,55,14,13,172,12,89,75,182,116,162,53,183,69,159,164,90,28,155,73,99,106,136,115,152,2,161,102,86,133,76,52,104,17,8,16,56,21,108,192,40,15,9,33,154,122,179,27,185,127,96,171,141,98,114,64,79,177,47,88,5,186,199,83,59,129,24,95,153,175,62,120,3,169,191,135,146];False
1961;7153;9114;[34,4,144,70,19,87,121,178,111,132,130,84,77,112,93,147,66,157,103,105,74,188,168,31,142,117,167,61,45,138,41,49,78,128,42,57,197,125,145,126,20,160,91,1,150,124,180,196,36,46,140,92,143,23,189,81,0,85,22,26,176,193,109,82,67,166,38,139,63,118,48,194,29,198,174,184,35,170,32,72,163,25,51,50,190,10,165,113,156,71,44,65,37,94,173,18,131,119,11,153,80,100,30,134,148,195,97,58,158,43,7,101,181,68,123,6,149,60,54,151,110,187,39,107,55,14,13,172,12,89,75,182,116,162,53,183,69,159,164,90,28,155,73,99,106,136,115,152,2,161,102,86,133,76,52,104,17,8,16,56,21,108,192,40,15,9,33,154,122,179,27,185,127,96,171,141,98,114,64,79,177,47,88,5,186,199,83,59,129,24,95,137,175,62,120,3,169,191,135,146];False
2049;7133;9182;[34,4,144,70,19,87,121,178,111,132,130,84,77,112,93,147,66,157,103,105,74,188,168,31,142,117,167,61,45,138,41,49,78,128,42,57,197,125,145,126,20,160,91,1,150,124,180,196,36,46,140,92,143,23,189,81,0,85,22,26,176,193,109,82,67,166,38,139,63,118,48,194,29,198,174,184,35,170,32,72,163,25,51,50,190,10,165,113,156,71,44,65,37,94,173,18,131,119,11,153,80,100,30,134,148,195,97,58,158,43,7,101,181,68,123,6,137,60,54,151,110,187,39,107,55,14,13,172,12,89,75,182,116,162,53,183,69,159,164,90,28,155,73,99,106,136,115,152,2,161,102,86,133,76,52,104,17,8,16,56,21,108,192,40,15,9,33,154,122,177,27,185,127,96,171,141,98,114,64,79,179,47,88,5,186,199,83,59,129,24,95,149,175,62,120,3,169,191,135,146];False
1834;7215;9049;[34,4,144,70,19,87,121,178,127,132,130,84,77,112,150,147,66,157,103,105,74,188,168,31,142,117,167,61,45,138,41,49,78,128,42,57,197,125,145,126,143,160,91,1,93,124,180,196,36,46,140,92,82,23,189,81,0,85,22,26,176,193,109,20,170,166,38,139,63,118,48,194,29,198,174,184,35,67,32,72,163,25,51,50,190,10,165,113,156,71,44,65,37,94,173,18,131,119,83,153,80,100,30,134,148,195,97,58,158,43,7,101,181,68,123,6,137,60,54,151,110,187,39,107,55,14,13,172,12,89,75,182,116,162,53,183,69,159,164,90,28,155,73,99,106,136,115,152,2,161,102,86,133,76,52,104,17,8,16,56,21,108,192,40,15,9,33,154,122,179,27,185,111,96,171,141,98,114,64,79,177,47,88,5,186,199,11,59,129,24,95,149,175,62,120,3,169,191,135,146];False
1837;7191;9028;[34,4,144,70,19,87,121,178,127,132,130,84,77,112,93,147,66,157,103,105,74,188,168,31,142,117,167,61,45,138,41,49,78,128,42,57,197,125,145,126,143,160,91,1,150,124,180,196,36,46,140,92,82,23,189,81,0,85,22,26,176,193,109,20,170,166,38,139,63,118,48,194,29,198,174,184,35,67,32,72,163,25,51,50,190,10,165,113,156,71,44,65,37,94,173,18,131,119,83,153,80,100,30,134,148,195,97,58,158,43,7,101,181,68,123,6,149,60,54,151,110,187,39,107,55,14,13,172,12,89,75,182,116,162,53,183,69,159,164,90,28,155,73,99,106,136,115,152,2,161,102,86,133,76,52,104,17,8,16,56,21,108,192,40,15,9,33,154,122,179,27,185,111,96,171,141,98,114,64,79,177,47,88,5,186,199,11,59,129,24,95,137,175,62,120,3,169,191,135,146];False
1795;7239;9034;[34,4,144,70,19,87,121,178,127,132,130,84,77,112,93,147,66,157,103,105,74,188,168,31,142,117,167,61,45,138,41,49,78,128,42,57,197,125,145,126,143,160,91,1,150,124,180,196,36,46,140,92,82,23,189,81,0,85,22,26,176,193,109,20,170,166,38,139,63,118,48,194,29,198,174,184,35,67,32,72,163,25,51,50,190,10,165,113,156,71,44,65,37,94,173,18,131,119,83,153,80,100,30,134,148,195,97,58,158,43,7,101,181,68,123,6,137,60,54,151,110,187,39,107,55,14,13,172,12,89,75,182,149,162,53,183,69,159,164,90,28,155,73,99,106,136,115,152,2,161,102,86,133,76,52,104,17,8,16,56,21,108,192,40,15,9,33,154,122,179,27,185,111,96,171,141,98,114,64,79,177,47,88,5,186,199,11,59,129,24,95,116,175,62,120,3,169,191,135,146];False
2042;7137;9179;[34,4,144,70,19,87,121,178,111,12,130,84,77,112,93,147,66,157,103,105,74,188,168,31,142,117,167,61,45,138,41,49,78,128,42,57,197,125,145,126,143,160,91,1,150,124,180,196,36,46,140,92,82,23,189,81,0,85,22,26,176,193,109,35,170,166,38,139,63,118,48,194,29,198,174,184,20,67,32,72,163,25,51,50,190,10,165,113,156,71,44,65,37,94,173,18,131,119,83,153,80,100,30,134,148,195,97,58,158,43,7,101,181,68,123,6,137,60,54,151,110,187,39,107,55,14,13,172,132,89,75,182,116,162,53,183,69,159,164,90,28,155,73,99,106,136,115,152,2,161,102,86,133,76,52,104,17,8,16,56,21,108,192,40,15,9,33,154,122,179,27,185,127,96,171,141,98,114,64,79,177,47,88,5,186,199,11,59,129,24,95,149,175,62,120,3,169,191,135,146];False
1826;7219;9045;[34,4,144,70,19,87,121,178,111,132,130,84,77,112,150,147,66,157,103,105,74,188,168,31,142,117,167,61,45,138,41,49,78,128,42,57,197,125,145,126,143,160,91,1,93,124,180,196,36,46,140,92,82,23,189,81,0,85,22,26,176,193,109,20,170,166,38,139,63,118,48,194,29,198,174,184,35,67,32,72,163,25,51,50,190,10,165,113,156,71,44,65,37,94,173,18,131,119,83,153,80,100,30,134,148,195,97,58,158,43,7,101,181,68,123,6,149,60,54,151,110,187,39,107,55,14,13,172,12,89,75,182,116,162,53,183,69,159,164,90,28,155,73,99,106,136,115,152,2,161,102,86,133,76,52,104,17,8,16,56,21,108,192,40,15,9,33,154,122,179,27,185,127,96,171,141,98,114,64,79,177,47,88,5,186,199,11,59,129,24,95,137,175,62,120,3,169,191,135,146];False
1833;7209;9042;[34,4,144,70,19,87,121,178,111,132,130,84,77,112,93,147,66,157,103,105,74,188,168,31,142,117,167,61,45,138,41,49,78,128,42,57,197,125,145,126,143,160,91,1,150,124,180,196,36,46,140,92,82,23,189,81,0,85,22,26,176,193,109,20,170,166,38,139,63,118,48,194,29,198,174,184,35,67,32,72,163,25,51,50,190,10,165,113,156,71,44,65,37,94,173,18,131,119,83,153,101,100,30,134,148,195,97,58,158,43,7,80,181,68,123,6,149,60,54,151,110,187,39,107,55,14,13,172,12,89,75,182,116,162,53,183,69,159,164,90,28,155,73,99,106,136,115,152,2,161,102,86,133,76,52,104,17,8,16,56,21,108,192,40,15,9,33,154,122,179,27,185,127,96,171,141,98,114,64,79,177,47,88,5,186,199,11,59,129,24,95,137,175,62,120,3,169,191,135,146];False
1977;7144;9121;[34,4,144,70,19,87,121,178,102,12,130,84,77,112,93,147,66,157,103,105,74,188,168,31,142,117,167,61,45,138,41,49,78,128,42,57,197,125,145,126,143,160,91,1,150,124,180,196,36,46,140,92,82,23,189,81,0,85,22,26,176,193,109,20,67,166,38,139,63,118,48,194,29,198,174,184,35,161,32,72,163,25,51,50,190,10,165,113,156,71,44,65,37,94,173,18,131,119,11,153,80,100,30,134,148,195,97,58,158,43,7,101,181,68,123,6,137,60,54,151,110,187,39,107,55,14,13,111,132,89,75,182,116,162,53,183,69,159,164,90,28,155,73,99,106,136,115,152,2,170,172,86,133,76,52,104,17,8,16,56,21,108,192,40,15,9,33,154,122,179,27,185,127,96,171,141,98,114,64,79,177,47,88,5,186,199,83,59,129,24,95,149,175,62,120,3,169,191,135,146];False
2046;7133;9179;[34,4,144,70,19,87,121,178,102,132,130,84,77,112,93,147,66,157,103,105,74,188,168,31,142,117,167,61,45,138,41,49,78,128,42,57,197,125,145,126,20,160,91,1,150,124,180,196,36,46,140,92,82,23,189,81,0,85,22,26,176,193,109,143,67,166,38,139,63,118,48,194,29,198,174,184,35,161,32,72,163,25,51,50,190,10,165,113,156,71,44,65,37,94,173,18,131,119,11,153,80,100,30,134,148,195,97,58,158,43,7,101,181,68,123,6,137,60,54,151,110,187,39,107,55,14,13,111,12,89,75,182,116,162,53,183,69,159,164,90,28,155,73,99,106,136,115,152,2,170,172,86,133,76,52,104,17,8,16,56,21,108,192,40,15,9,33,154,122,179,27,185,127,96,171,141,98,114,64,79,177,47,88,5,186,199,83,59,129,24,95,149,175,62,120,3,169,191,135,146];False
2031;7138;9169;[34,4,144,70,19,87,121,178,102,132,130,84,77,112,93,147,66,157,103,105,74,188,168,31,142,117,167,61,45,138,41,49,78,128,42,57,197,125,145,126,143,160,91,1,150,124,180,196,36,46,140,92,82,23,189,187,0,85,22,26,176,193,109,20,67,166,38,139,63,118,48,194,29,198,174,184,35,161,32,72,163,25,51,50,190,10,165,113,156,71,44,65,37,94,173,18,131,119,11,153,80,100,30,134,148,195,97,58,158,43,7,101,181,68,123,6,137,60,54,151,110,81,39,107,55,14,13,111,12,89,75,182,116,162,53,183,69,159,164,90,28,155,73,99,106,136,115,152,2,170,172,86,133,76,52,104,17,8,16,56,21,108,192,40,15,9,33,154,122,179,27,185,127,96,171,141,98,114,64,79,177,47,88,5,186,199,83,59,129,24,95,149,175,62,120,3,169,191,135,146];False
1990;7142;9132;[34,4,144,70,19,87,121,178,102,132,130,84,77,112,93,147,66,157,103,105,74,188,168,31,142,117,167,61,45,138,41,49,78,128,42,57,197,125,145,126,143,160,91,1,150,124,180,196,36,46,140,92,82,23,189,81,0,85,22,26,176,193,109,20,67,166,38,139,63,118,48,194,29,198,174,184,35,161,32,72,163,25,51,50,190,10,165,113,156,71,44,65,37,94,173,18,131,119,83,153,80,100,30,134,148,195,97,58,158,43,7,101,181,68,123,6,137,60,54,151,110,187,39,107,55,14,13,111,12,89,75,182,116,162,53,183,69,159,164,90,28,155,73,99,106,136,115,152,2,170,172,86,133,76,52,104,17,8,16,56,21,108,192,40,15,9,33,154,122,179,27,185,127,96,171,141,98,114,64,79,177,47,88,5,186,199,11,59,129,24,95,149,175,62,120,3,169,191,135,146];False
2021;7136;9157;[34,4,144,70,19,87,121,178,102,132,130,84,77,112,93,147,66,157,103,105,74,188,168,31,142,117,167,61,45,138,41,49,78,128,42,57,197,125,145,126,143,160,91,1,150,124,180,196,36,46,140,92,82,23,189,81,0,85,22,26,176,193,109,20,67,166,38,139,63,118,48,194,29,198,174,184,35,161,32,72,163,25,51,50,190,10,165,113,156,71,44,65,37,94,173,18,131,119,11,149,80,100,30,134,148,195,97,58,158,43,7,101,181,68,123,6,137,60,54,151,110,187,39,107,55,14,13,111,12,89,75,182,116,162,53,183,69,159,164,90,28,155,73,99,106,136,115,152,2,170,172,86,133,76,52,104,17,8,16,56,21,108,192,40,15,9,33,154,122,179,27,185,127,96,171,141,98,114,64,79,177,47,88,5,186,199,83,59,129,24,95,153,175,62,120,3,169,191,135,146];False
1962;7151;9113;[34,4,144,70,19,87,121,178,102,132,130,84,77,112,93,147,66,157,103,105,74,188,168,31,142,117,167,61,45,138,41,49,78,128,42,57,197,125,145,126,143,160,91,1,150,124,180,196,36,46,140,92,82,23,189,81,0,85,22,26,176,193,109,20,67,166,38,139,63,118,48,194,29,198,174,184,35,161,32,72,163,25,51,50,190,10,165,113,156,71,44,65,37,94,173,18,131,119,11,153,80,100,30,134,148,195,97,58,158,43,7,101,181,68,123,6,137,60,54,151,110,187,39,107,55,14,13,111,52,89,75,182,116,162,53,183,69,159,164,90,28,155,73,99,106,136,115,152,2,170,172,86,133,76,12,104,17,8,16,56,21,108,192,40,15,9,33,154,122,179,27,185,127,96,171,141,98,114,64,79,177,47,88,5,186,199,83,59,129,24,95,149,175,62,120,3,169,191,135,146];False
2056;7132;9188;[34,4,144,70,19,87,121,178,102,132,130,84,77,112,93,147,66,157,103,105,74,188,168,31,142,117,167,61,45,138,41,49,78,128,42,57,197,125,145,126,143,160,91,1,150,124,180,196,36,46,140,92,82,23,189,81,0,85,22,26,176,193,109,20,67,166,38,139,63,118,48,194,29,198,174,184,35,161,32,72,163,25,51,50,190,10,165,113,156,71,44,65,37,94,173,18,131,119,11,153,80,100,30,134,148,195,97,58,158,43,7,101,181,68,123,6,137,60,54,151,110,187,39,107,55,14,13,111,171,89,75,182,116,162,53,183,69,159,164,90,28,155,73,99,106,136,115,152,2,170,172,86,133,76,52,104,17,8,16,56,21,108,192,40,15,9,33,154,122,179,27,185,127,96,12,141,98,114,64,79,177,47,88,5,186,199,83,59,129,24,95,149,175,62,120,3,169,191,135,146];False
2035;7132;9167;[34,4,144,70,19,87,121,178,102,132,130,84,77,112,93,147,66,157,103,105,74,188,168,31,142,117,167,61,45,138,41,49,78,128,42,57,197,125,145,126,143,160,91,1,150,124,180,196,36,46,140,92,82,23,189,81,0,85,22,26,176,193,109,20,67,166,38,139,63,118,48,194,29,198,174,184,35,161,32,72,163,25,51,50,190,10,165,113,156,71,44,65,37,94,173,18,131,119,11,153,80,100,30,134,148,195,97,58,158,43,7,101,181,68,123,6,137,60,54,151,110,187,39,107,55,14,13,111,12,89,75,182,116,162,53,183,69,159,164,90,28,155,73,99,106,136,115,2,152,170,172,86,133,76,52,104,17,8,16,56,21,108,192,40,15,9,33,154,122,179,27,185,127,96,171,141,98,114,64,79,177,47,88,5,186,199,83,59,129,24,95,149,175,62,120,3,169,191,135,146];False
2070;7128;9198;[34,4,144,70,19,87,121,178,102,132,130,84,77,112,93,147,66,157,103,105,74,188,168,31,142,117,167,61,45,138,41,49,78,128,42,57,197,125,145,126,143,160,91,1,150,124,180,196,36,46,140,92,82,23,189,81,0,85,22,26,176,193,109,20,67,166,38,139,63,118,48,194,29,198,174,184,35,161,32,72,163,25,51,50,190,10,165,113,156,71,44,65,37,94,173,18,131,119,11,153,80,100,30,134,148,195,97,58,158,43,7,101,181,68,123,6,137,60,54,151,110,187,39,107,55,14,13,111,12,89,75,182,116,162,53,183,69,159,164,90,28,155,73,99,106,136,115,152,2,170,172,86,133,76,52,104,17,8,16,56,21,108,192,40,15,9,33,154,122,177,27,185,127,96,171,141,98,114,64,79,179,47,88,5,186,199,83,59,129,24,95,149,175,62,120,3,169,191,135,146];False
2086;7125;9211;[34,4,144,70,19,87,121,178,102,132,130,84,77,112,93,147,66,157,103,105,74,188,168,31,142,117,167,61,45,138,41,49,78,128,42,57,197,125,145,126,20,160,91,1,150,124,180,196,36,46,140,92,143,23,189,81,0,85,22,26,176,193,109,82,67,166,38,139,63,118,48,194,29,198,174,184,35,170,32,72,163,25,51,50,190,10,165,113,156,71,44,65,37,94,173,18,131,119,11,153,80,100,30,134,148,195,97,58,158,43,7,101,181,68,123,6,137,60,54,151,110,187,39,107,55,14,13,111,12,89,75,182,116,162,53,183,69,159,164,90,28,155,73,99,106,136,115,152,2,161,172,86,133,76,52,104,17,8,16,56,21,108,192,40,15,9,33,154,122,179,27,185,127,96,171,141,98,114,64,79,177,47,88,5,186,199,83,59,129,24,95,149,175,62,120,3,169,191,135,146];False
2045;7128;9173;[34,4,144,70,19,87,121,178,172,12,130,84,77,112,93,147,66,157,103,105,74,188,168,31,142,117,167,61,45,138,41,49,78,128,42,57,197,125,145,126,20,160,91,1,150,124,180,196,36,46,140,92,143,23,189,81,0,85,22,26,176,193,109,82,67,166,38,139,63,118,48,194,29,198,174,184,35,170,32,72,163,25,51,50,190,10,165,113,156,71,44,65,37,94,173,18,131,119,11,153,80,100,30,134,148,195,97,58,158,43,7,101,181,68,123,6,137,60,54,151,110,187,39,107,55,14,13,111,132,89,75,182,116,162,53,183,69,159,164,90,28,155,73,99,106,136,115,152,2,161,102,86,133,76,52,104,17,8,16,56,21,108,192,40,15,9,33,154,122,179,27,185,127,96,171,141,98,114,64,79,177,47,88,5,186,199,83,59,129,24,95,149,175,62,120,3,169,191,135,146];False
2076;7126;9202;[34,4,144,70,19,87,121,178,172,132,130,84,77,112,93,147,66,157,103,105,74,188,168,31,142,117,167,61,45,138,41,49,78,128,42,57,197,125,145,126,20,160,91,1,150,124,180,196,36,46,140,92,143,23,189,81,0,85,22,26,176,193,109,82,67,166,38,139,63,118,48,194,29,198,174,184,35,170,32,72,163,25,51,50,190,10,165,113,156,71,44,65,37,94,173,18,131,119,83,153,80,100,30,134,148,195,97,58,158,43,7,101,181,68,123,6,137,60,54,151,110,187,39,107,55,14,13,111,12,89,75,182,116,162,53,183,69,159,164,90,28,155,73,99,106,136,115,152,2,161,102,86,133,76,52,104,17,8,16,56,21,108,192,40,15,9,33,154,122,179,27,185,127,96,171,141,98,114,64,79,177,47,88,5,186,199,11,59,129,24,95,149,175,62,120,3,169,191,135,146];False
2107;7120;9227;[34,4,144,70,19,87,121,178,172,132,130,84,77,112,93,147,66,157,103,105,74,188,168,31,142,117,167,61,45,138,41,49,78,128,42,57,197,125,145,126,20,160,91,1,150,124,180,196,36,46,140,92,143,23,189,81,0,85,22,26,176,193,109,82,67,166,38,139,63,118,48,194,29,198,174,184,35,170,32,72,163,25,51,50,190,10,165,113,156,71,44,65,37,94,173,18,131,119,11,149,80,100,30,134,148,195,97,58,158,43,7,101,181,68,123,6,137,60,54,151,110,187,39,107,55,14,13,111,12,89,75,182,116,162,53,183,69,159,164,90,28,155,73,99,106,136,115,152,2,161,102,86,133,76,52,104,17,8,16,56,21,108,192,40,15,9,33,154,122,179,27,185,127,96,171,141,98,114,64,79,177,47,88,5,186,199,83,59,129,24,95,153,175,62,120,3,169,191,135,146];False
1954;7152;9106;[34,4,144,70,19,87,121,178,127,132,130,84,77,112,93,147,66,157,103,105,74,188,168,31,142,117,167,61,45,138,41,49,78,128,42,57,197,125,145,126,20,160,91,1,150,124,180,196,36,46,140,92,143,23,189,81,0,85,22,26,176,193,109,82,67,166,38,139,63,118,48,194,29,198,174,184,35,170,32,72,163,25,51,50,190,10,165,113,156,71,44,65,37,94,173,18,131,119,83,153,80,100,30,134,148,195,97,58,158,43,7,101,181,68,123,6,137,60,54,151,110,187,39,107,55,14,13,172,12,89,75,182,116,162,53,183,69,159,164,90,28,155,73,99,106,136,115,152,2,161,102,86,133,76,52,104,17,8,16,56,21,108,192,40,15,9,33,154,122,179,27,185,111,96,171,141,98,114,64,79,177,47,88,5,186,199,11,59,129,24,95,149,175,62,120,3,169,191,135,146];False
1946;7156;9102;[34,4,144,70,19,87,121,178,111,132,130,84,77,112,93,147,66,157,103,105,74,188,168,31,142,117,167,61,45,138,41,49,78,128,42,57,197,125,145,126,20,160,91,1,150,124,180,196,36,46,140,92,143,23,189,81,0,85,22,26,176,193,109,82,67,166,38,139,63,118,48,194,29,198,174,184,35,170,32,72,163,25,51,50,190,10,165,113,156,71,44,65,37,94,173,18,131,119,83,153,80,100,30,134,148,195,97,58,158,43,7,101,181,68,123,6,149,60,54,151,110,187,39,107,55,14,13,172,12,89,75,182,116,162,53,183,69,159,164,90,28,155,73,99,106,136,115,152,2,161,102,86,133,76,52,104,17,8,16,56,21,108,192,40,15,9,33,154,122,179,27,185,127,96,171,141,98,114,64,79,177,47,88,5,186,199,11,59,129,24,95,137,175,62,120,3,169,191,135,146];False
1811;7224;9035;[34,4,144,70,19,87,121,178,127,132,130,84,77,112,150,147,66,157,103,105,74,188,168,31,142,117,167,61,45,138,41,49,78,128,42,57,197,125,145,126,143,160,91,1,93,124,180,196,36,46,140,92,82,23,189,81,0,85,22,26,176,193,109,20,170,166,38,139,63,118,48,194,29,198,174,184,35,67,32,72,163,25,51,50,190,10,165,113,156,71,44,65,37,94,173,18,131,119,83,153,80,100,30,134,148,195,97,58,158,43,7,101,181,68,123,6,149,60,54,151,110,187,39,107,55,14,13,172,12,89,75,182,116,162,53,183,69,159,164,90,28,155,73,99,106,136,115,152,2,161,102,86,133,76,52,104,17,8,16,56,21,108,192,40,15,9,33,154,122,179,27,185,111,96,171,141,98,114,64,79,177,47,88,5,186,199,11,59,129,24,95,137,175,62,120,3,169,191,135,146];False
1832;7196;9028;[34,4,144,70,19,87,121,178,127,132,130,84,77,112,93,147,66,157,103,105,74,188,168,31,142,117,167,61,45,65,41,49,78,128,42,57,197,125,145,126,143,160,91,1,150,124,180,196,36,46,140,92,82,23,189,81,0,85,22,26,176,193,109,20,170,166,38,139,63,118,48,194,29,198,174,184,35,67,32,72,163,25,51,50,190,10,165,113,156,71,44,138,37,94,173,18,131,119,83,153,80,100,30,134,148,195,97,58,158,43,7,101,181,68,123,6,149,60,54,151,110,187,39,107,55,14,13,172,12,89,75,182,116,162,53,183,69,159,164,90,28,155,73,99,106,136,115,152,2,161,102,86,133,76,52,104,17,8,16,56,21,108,192,40,15,9,33,154,122,179,27,185,111,96,171,141,98,114,64,79,177,47,88,5,186,199,11,59,129,24,95,137,175,62,120,3,169,191,135,146];False
1826;7208;9034;[34,4,144,70,19,87,121,178,127,132,130,84,77,112,93,147,66,157,103,105,74,188,168,31,142,117,167,61,45,138,41,49,78,128,42,57,197,125,145,126,35,160,91,1,150,124,180,196,36,46,140,92,82,23,189,81,0,85,22,26,176,193,109,20,170,166,38,139,63,118,48,194,29,198,174,184,143,67,32,72,163,25,51,50,190,10,165,113,156,71,44,65,37,94,173,18,131,119,83,153,80,100,30,134,148,195,97,58,158,43,7,101,181,68,123,6,149,60,54,151,110,187,39,107,55,14,13,172,12,89,75,182,116,162,53,183,69,159,164,90,28,155,73,99,106,136,115,152,2,161,102,86,133,76,52,104,17,8,16,56,21,108,192,40,15,9,33,154,122,179,27,185,111,96,171,141,98,114,64,79,177,47,88,5,186,199,11,59,129,24,95,137,175,62,120,3,169,191,135,146];False
1818;7214;9032;[34,4,144,70,19,87,121,178,127,132,130,84,77,112,93,147,66,157,103,105,74,188,168,31,142,117,167,61,45,138,41,49,78,128,42,57,197,125,145,126,143,160,91,1,150,124,180,196,36,46,140,92,82,23,189,81,0,85,22,26,176,193,109,20,170,166,38,139,63,118,48,194,29,198,174,184,35,67,32,72,163,25,51,50,190,10,165,113,156,71,44,65,37,94,173,18,131,119,83,153,101,100,30,134,148,195,97,58,158,43,7,80,181,68,123,6,149,60,54,151,110,187,39,107,55,14,13,172,12,89,75,182,116,162,53,183,69,159,164,90,28,155,73,99,106,136,115,152,2,161,102,86,133,76,52,104,17,8,16,56,21,108,192,40,15,9,33,154,122,179,27,185,111,96,171,141,98,114,64,79,177,47,88,5,186,199,11,59,129,24,95,137,175,62,120,3,169,191,135,146];False
2018;7138;9156;[34,4,144,70,19,87,121,178,102,12,130,84,77,112,93,147,66,157,103,105,74,188,168,31,142,117,167,61,45,138,41,49,78,128,42,57,197,125,145,126,20,160,91,1,150,124,180,196,36,46,140,92,82,23,189,81,0,85,22,26,176,193,109,143,67,166,38,139,63,118,48,194,29,198,174,184,35,161,32,72,163,25,51,50,190,10,165,113,156,71,44,65,37,94,173,18,131,119,11,153,80,100,30,134,148,195,97,58,158,43,7,101,181,68,123,6,137,60,54,151,110,187,39,107,55,14,13,111,132,89,75,182,116,162,53,183,69,159,164,90,28,155,73,99,106,136,115,152,2,170,172,86,133,76,52,104,17,8,16,56,21,108,192,40,15,9,33,154,122,179,27,185,127,96,171,141,98,114,64,79,177,47,88,5,186,199,83,59,129,24,95,149,175,62,120,3,169,191,135,146];False
1962;7147;9109;[34,4,144,70,19,87,121,178,102,12,130,84,77,112,93,147,66,157,103,105,74,188,168,31,142,117,167,61,45,138,41,49,78,128,42,57,197,125,145,126,143,160,91,1,150,124,180,196,36,46,140,92,82,23,189,81,0,85,22,26,176,193,109,20,67,166,38,139,63,118,48,194,29,198,174,184,35,161,32,72,163,25,51,50,190,10,165,113,156,71,44,65,37,94,173,18,131,119,83,153,80,100,30,134,148,195,97,58,158,43,7,101,181,68,123,6,137,60,54,151,110,187,39,107,55,14,13,111,132,89,75,182,116,162,53,183,69,159,164,90,28,155,73,99,106,136,115,152,2,170,172,86,133,76,52,104,17,8,16,56,21,108,192,40,15,9,33,154,122,179,27,185,127,96,171,141,98,114,64,79,177,47,88,5,186,199,11,59,129,24,95,149,175,62,120,3,169,191,135,146];False
1993;7141;9134;[34,4,144,70,19,87,121,178,102,12,130,84,77,112,93,147,66,157,103,105,74,188,168,31,142,117,167,61,45,138,41,49,78,128,42,57,197,125,145,126,143,160,91,1,150,124,180,196,36,46,140,92,82,23,189,81,0,85,22,26,176,193,109,20,67,166,38,139,63,118,48,194,29,198,174,184,35,161,32,72,163,25,51,50,190,10,165,113,156,71,44,65,37,94,173,18,131,119,11,149,80,100,30,134,148,195,97,58,158,43,7,101,181,68,123,6,137,60,54,151,110,187,39,107,55,14,13,111,132,89,75,182,116,162,53,183,69,159,164,90,28,155,73,99,106,136,115,152,2,170,172,86,133,76,52,104,17,8,16,56,21,108,192,40,15,9,33,154,122,179,27,185,127,96,171,141,98,114,64,79,177,47,88,5,186,199,83,59,129,24,95,153,175,62,120,3,169,191,135,146];False
2007;7137;9144;[34,4,144,70,19,87,121,178,102,12,130,84,77,112,93,147,66,157,103,105,74,188,168,31,142,117,167,61,45,138,41,49,78,128,42,57,197,125,145,126,143,160,91,1,150,124,180,196,36,46,140,92,82,23,189,81,0,85,22,26,176,193,109,20,67,166,38,139,63,118,48,194,29,198,174,184,35,161,32,72,163,25,51,50,190,10,165,113,156,71,44,65,37,94,173,18,131,119,11,153,80,100,30,134,148,195,97,58,158,43,7,101,181,68,123,6,137,60,54,151,110,187,39,107,55,14,13,111,132,89,75,182,116,162,53,183,69,159,164,90,28,155,73,99,106,136,115,2,152,170,172,86,133,76,52,104,17,8,16,56,21,108,192,40,15,9,33,154,122,179,27,185,127,96,171,141,98,114,64,79,177,47,88,5,186,199,83,59,129,24,95,149,175,62,120,3,169,191,135,146];False
1924;7160;9084;[34,4,144,70,19,87,121,178,102,132,130,84,77,112,93,147,66,157,103,105,74,188,168,31,142,117,167,61,45,138,41,49,78,128,42,57,197,125,145,126,143,160,91,1,150,124,180,196,36,46,140,92,82,23,189,81,0,85,22,26,176,193,109,20,67,166,38,139,63,118,48,194,29,198,174,184,35,161,32,72,163,25,51,50,190,10,165,113,156,71,44,65,37,94,173,18,131,111,83,153,80,100,30,134,148,195,97,58,158,43,7,101,181,68,123,6,137,60,54,151,110,187,39,107,55,14,13,119,12,89,75,182,116,162,53,183,69,159,164,90,28,155,73,99,106,136,115,152,2,170,172,86,133,76,52,104,17,8,16,56,21,108,192,40,15,9,33,154,122,179,27,185,127,96,171,141,98,114,64,79,177,47,88,5,186,199,11,59,129,24,95,149,175,62,120,3,169,191,135,146];False
1947;7154;9101;[34,4,144,70,19,87,121,178,102,132,130,84,77,112,93,147,66,157,103,105,74,188,168,31,142,117,167,61,45,138,41,49,78,128,42,57,197,125,145,126,143,160,91,1,150,124,180,196,36,46,140,92,82,23,189,81,0,85,22,26,176,193,109,20,67,166,38,139,63,118,48,194,29,198,174,184,35,161,32,72,163,25,51,50,190,10,165,113,156,71,44,65,37,94,173,18,131,119,83,153,80,100,30,134,148,195,97,58,158,43,7,101,181,68,123,6,137,60,54,151,110,187,39,107,55,14,13,111,52,89,75,182,116,162,53,183,69,159,164,90,28,155,73,99,106,136,115,152,2,170,172,86,133,76,12,104,17,8,16,56,21,108,192,40,15,9,33,154,122,179,27,185,127,96,171,141,98,114,64,79,177,47,88,5,186,199,11,59,129,24,95,149,175,62,120,3,169,191,135,146];False
2020;7135;9155;[34,4,144,70,19,87,121,178,102,132,130,84,77,112,93,147,66,157,103,105,74,188,168,31,142,117,167,61,45,138,41,49,78,128,42,57,197,125,145,126,143,160,91,1,150,124,180,196,36,46,140,92,82,23,189,81,0,85,22,26,176,193,109,20,67,166,38,139,63,118,48,194,29,198,174,184,35,161,32,72,163,25,51,50,190,10,165,113,156,71,44,65,37,94,173,18,131,119,83,153,80,100,30,134,148,195,97,58,158,43,7,101,181,68,123,6,137,60,54,151,110,187,39,107,55,14,13,111,12,89,75,182,116,162,53,183,69,159,164,90,28,155,73,99,106,136,115,2,152,170,172,86,133,76,52,104,17,8,16,56,21,108,192,40,15,9,33,154,122,179,27,185,127,96,171,141,98,114,64,79,177,47,88,5,186,199,11,59,129,24,95,149,175,62,120,3,169,191,135,146];False
2100;7121;9221;[34,4,144,70,19,87,121,178,102,132,130,84,77,112,93,147,66,157,103,105,74,188,168,31,142,117,167,61,45,138,41,49,78,128,42,57,197,125,145,126,143,160,91,1,150,124,180,196,36,46,140,92,82,23,189,81,0,85,22,26,176,193,109,20,67,166,38,139,63,118,48,194,29,198,174,184,35,161,32,72,163,25,51,50,190,10,165,113,156,71,44,65,37,94,173,18,131,119,11,153,80,100,30,134,148,195,97,58,158,43,7,101,181,68,123,6,137,60,54,151,110,187,39,107,55,14,13,111,12,89,75,182,116,162,53,183,69,159,164,90,28,155,73,99,106,136,115,2,152,170,172,86,133,76,52,104,17,8,16,56,21,108,192,40,15,9,33,154,122,177,27,185,127,96,171,141,98,114,64,79,179,47,88,5,186,199,83,59,129,24,95,149,175,62,120,3,169,191,135,146];False
2074;7127;9201;[34,4,144,70,19,87,121,178,102,132,130,84,77,112,93,147,66,157,103,105,74,188,168,31,142,117,167,61,45,138,41,49,78,128,42,57,197,125,145,126,143,160,91,1,150,124,180,196,36,46,140,92,82,23,189,81,0,85,22,26,176,193,109,20,67,166,38,139,63,118,48,194,29,198,174,184,35,161,32,72,163,25,51,50,190,10,165,113,156,71,44,65,37,94,173,18,131,119,11,153,80,100,30,134,148,195,97,58,158,43,7,101,181,68,123,6,137,60,54,151,110,187,39,107,55,14,13,111,12,89,75,182,116,162,53,183,69,159,164,90,28,155,73,99,106,136,115,2,152,170,172,86,133,76,52,104,17,8,16,56,21,108,192,40,15,9,33,154,122,179,47,185,127,96,171,141,98,114,64,79,177,27,88,5,186,199,83,59,129,24,95,149,175,62,120,3,169,191,135,146];False
2061;7123;9184;[34,4,144,70,19,87,121,178,102,132,130,84,77,112,93,147,66,157,103,105,74,188,168,31,142,117,167,61,45,138,41,49,78,128,42,57,197,125,145,126,20,160,91,1,150,124,180,196,36,46,140,92,143,23,189,81,0,85,22,26,176,193,109,82,67,166,38,139,63,118,48,194,29,198,174,184,35,161,32,72,163,25,51,50,190,10,165,113,156,71,44,65,37,94,173,18,131,119,11,153,80,100,30,134,148,195,97,58,158,43,7,101,181,68,123,6,137,60,54,151,110,187,39,107,55,14,13,111,12,89,75,182,116,162,53,183,69,159,164,90,28,155,73,99,106,136,115,152,2,170,172,86,133,76,52,104,17,8,16,56,21,108,192,40,15,9,33,154,122,179,27,185,127,96,171,141,98,114,64,79,177,47,88,5,186,199,83,59,129,24,95,149,175,62,120,3,169,191,135,146];False
2030;7131;9161;[34,4,144,70,19,87,121,178,172,12,130,84,77,112,93,147,66,157,103,105,74,188,168,31,142,117,167,61,45,138,41,49,78,128,42,57,197,125,145,126,20,160,91,1,150,124,180,196,36,46,140,92,143,23,189,81,0,85,22,26,176,193,109,82,67,166,38,139,63,118,48,194,29,198,174,184,35,170,32,72,163,25,51,50,190,10,165,113,156,71,44,65,37,94,173,18,131,119,83,153,80,100,30,134,148,195,97,58,158,43,7,101,181,68,123,6,137,60,54,151,110,187,39,107,55,14,13,111,132,89,75,182,116,162,53,183,69,159,164,90,28,155,73,99,106,136,115,152,2,161,102,86,133,76,52,104,17,8,16,56,21,108,192,40,15,9,33,154,122,179,27,185,127,96,171,141,98,114,64,79,177,47,88,5,186,199,11,59,129,24,95,149,175,62,120,3,169,191,135,146];False
2110;7117;9227;[34,4,144,70,19,87,121,178,172,12,130,84,77,112,93,147,66,157,103,105,74,188,168,31,142,117,167,61,45,138,41,49,78,128,42,57,197,125,145,126,20,160,91,1,150,124,180,196,36,46,140,92,143,23,189,81,0,85,22,26,176,193,109,82,67,166,38,139,63,118,48,194,29,198,174,184,35,170,32,72,163,25,51,50,190,10,165,113,156,71,44,65,37,94,173,18,131,119,11,153,80,100,30,134,148,195,97,58,158,43,7,101,181,68,123,6,137,60,54,151,110,187,39,107,55,14,13,111,132,89,75,182,116,162,53,183,69,159,164,90,28,155,73,99,106,136,115,152,2,161,102,86,133,76,52,104,17,8,16,56,21,108,192,40,15,9,33,154,122,177,27,185,127,96,171,141,98,114,64,79,179,47,88,5,186,199,83,59,129,24,95,149,175,62,120,3,169,191,135,146];False
1806;7229;9035;[34,4,144,70,19,87,121,178,127,132,130,84,77,112,150,147,66,157,103,105,74,188,168,31,142,117,167,61,45,65,41,49,78,128,42,57,197,125,145,126,143,160,91,1,93,124,180,196,36,46,140,92,82,23,189,81,0,85,22,26,176,193,109,20,170,166,38,139,63,118,48,194,29,198,174,184,35,67,32,72,163,25,51,50,190,10,165,113,156,71,44,138,37,94,173,18,131,119,83,153,80,100,30,134,148,195,97,58,158,43,7,101,181,68,123,6,149,60,54,151,110,187,39,107,55,14,13,172,12,89,75,182,116,162,53,183,69,159,164,90,28,155,73,99,106,136,115,152,2,161,102,86,133,76,52,104,17,8,16,56,21,108,192,40,15,9,33,154,122,179,27,185,111,96,171,141,98,114,64,79,177,47,88,5,186,199,11,59,129,24,95,137,175,62,120,3,169,191,135,146];False
1821;7213;9034;[34,4,144,70,19,87,121,178,127,132,130,84,77,112,93,147,66,157,103,105,74,188,168,31,142,117,167,61,45,65,41,49,78,128,42,57,197,125,145,126,35,160,91,1,150,124,180,196,36,46,140,92,82,23,189,81,0,85,22,26,176,193,109,20,170,166,38,139,63,118,48,194,29,198,174,184,143,67,32,72,163,25,51,50,190,10,165,113,156,71,44,138,37,94,173,18,131,119,83,153,80,100,30,134,148,195,97,58,158,43,7,101,181,68,123,6,149,60,54,151,110,187,39,107,55,14,13,172,12,89,75,182,116,162,53,183,69,159,164,90,28,155,73,99,106,136,115,152,2,161,102,86,133,76,52,104,17,8,16,56,21,108,192,40,15,9,33,154,122,179,27,185,111,96,171,141,98,114,64,79,177,47,88,5,186,199,11,59,129,24,95,137,175,62,120,3,169,191,135,146];False
1813;7219;9032;[34,4,144,70,19,87,121,178,127,132,130,84,77,112,93,147,66,157,103,105,74,188,168,31,142,117,167,61,45,65,41,49,78,128,42,57,197,125,145,126,143,160,91,1,150,124,180,196,36,46,140,92,82,23,189,81,0,85,22,26,176,193,109,20,170,166,38,139,63,118,48,194,29,198,174,184,35,67,32,72,163,25,51,50,190,10,165,113,156,71,44,138,37,94,173,18,131,119,83,153,101,100,30,134,148,195,97,58,158,43,7,80,181,68,123,6,149,60,54,151,110,187,39,107,55,14,13,172,12,89,75,182,116,162,53,183,69,159,164,90,28,155,73,99,106,136,115,152,2,161,102,86,133,76,52,104,17,8,16,56,21,108,192,40,15,9,33,154,122,179,27,185,111,96,171,141,98,114,64,79,177,47,88,5,186,199,11,59,129,24,95,137,175,62,120,3,169,191,135,146];False
1805;7228;9033;[34,4,144,70,19,87,121,178,127,132,130,84,77,112,93,147,66,157,103,105,74,188,168,31,142,117,167,61,45,138,41,49,78,128,42,57,197,125,145,126,143,160,91,1,150,124,180,196,36,46,140,92,82,23,189,7,0,85,22,26,176,193,109,20,170,166,38,139,63,118,48,194,29,198,174,184,35,67,32,72,163,25,51,50,190,10,165,113,156,71,44,65,37,94,173,18,131,119,83,153,101,100,30,134,148,195,97,58,158,43,81,80,181,68,123,6,149,60,54,151,110,187,39,107,55,14,13,172,12,89,75,182,116,162,53,183,69,159,164,90,28,155,73,99,106,136,115,152,2,161,102,86,133,76,52,104,17,8,16,56,21,108,192,40,15,9,33,154,122,179,27,185,111,96,171,141,98,114,64,79,177,47,88,5,186,199,11,59,129,24,95,137,175,62,120,3,169,191,135,146];False
1796;7235;9031;[34,4,144,70,19,87,121,178,127,132,130,84,77,112,93,147,66,157,103,105,74,188,168,31,142,117,167,61,45,138,41,49,78,128,42,57,197,125,145,126,143,160,91,1,150,124,180,196,36,46,140,92,82,23,189,81,80,85,22,26,176,193,109,20,170,166,38,139,63,118,48,194,29,198,174,184,35,67,32,72,163,25,51,50,190,10,165,113,156,71,44,65,37,94,173,18,131,119,83,153,101,100,30,134,148,195,97,58,158,43,7,0,181,68,123,6,149,60,54,151,110,187,39,107,55,14,13,172,12,89,75,182,116,162,53,183,69,159,164,90,28,155,73,99,106,136,115,152,2,161,102,86,133,76,52,104,17,8,16,56,21,108,192,40,15,9,33,154,122,179,27,185,111,96,171,141,98,114,64,79,177,47,88,5,186,199,11,59,129,24,95,137,175,62,120,3,169,191,135,146];False
1794;7232;9026;[34,4,144,70,19,87,121,178,127,132,130,84,77,112,93,147,66,157,103,105,74,188,168,31,142,117,167,61,45,138,41,49,78,128,42,57,197,125,145,126,143,160,91,1,150,124,180,196,36,46,140,92,82,23,189,81,0,85,22,26,176,193,109,20,170,166,38,139,63,118,48,194,29,198,174,184,35,67,32,72,163,25,51,50,190,10,165,113,156,71,44,65,37,94,173,18,131,119,83,153,101,100,30,134,148,195,97,58,158,43,7,182,181,68,123,6,149,60,54,151,110,187,39,107,55,14,13,172,12,89,75,80,116,162,53,183,69,159,164,90,28,155,73,99,106,136,115,152,2,161,102,86,133,76,52,104,17,8,16,56,21,108,192,40,15,9,33,154,122,179,27,185,111,96,171,141,98,114,64,79,177,47,88,5,186,199,11,59,129,24,95,137,175,62,120,3,169,191,135,146];False
1969;7145;9114;[34,4,144,70,19,87,121,178,102,12,130,84,77,112,93,147,66,157,103,105,74,188,168,31,142,117,167,61,45,138,41,49,78,128,42,57,197,125,145,126,143,160,91,1,150,124,180,196,36,46,140,92,82,23,189,81,0,85,22,26,176,193,109,20,67,166,38,139,63,118,48,194,29,198,174,184,35,161,32,72,163,25,51,50,190,10,165,113,156,71,44,65,37,94,173,18,131,111,83,153,80,100,30,134,148,195,97,58,158,43,7,101,181,68,123,6,137,60,54,151,110,187,39,107,55,14,13,119,132,89,75,182,116,162,53,183,69,159,164,90,28,155,73,99,106,136,115,152,2,170,172,86,133,76,52,104,17,8,16,56,21,108,192,40,15,9,33,154,122,179,27,185,127,96,171,141,98,114,64,79,177,47,88,5,186,199,11,59,129,24,95,149,175,62,120,3,169,191,135,146];False
1939;7156;9095;[34,4,144,70,19,87,121,178,102,12,130,84,77,112,93,147,66,157,103,105,74,188,168,31,142,117,167,61,45,138,41,49,78,128,42,57,197,125,145,126,143,160,91,1,150,124,180,196,36,46,140,92,82,23,189,81,0,85,22,26,176,193,109,20,67,166,38,139,63,118,48,194,29,198,174,184,35,161,32,72,163,25,51,50,190,10,165,113,156,71,44,65,37,94,173,18,131,119,83,153,80,100,30,134,148,195,97,58,158,43,7,101,181,68,123,6,149,60,54,151,110,187,39,107,55,14,13,111,132,89,75,182,116,162,53,183,69,159,164,90,28,155,73,99,106,136,115,152,2,170,172,86,133,76,52,104,17,8,16,56,21,108,192,40,15,9,33,154,122,179,27,185,127,96,171,141,98,114,64,79,177,47,88,5,186,199,11,59,129,24,95,137,175,62,120,3,169,191,135,146];False
1992;7140;9132;[34,4,144,70,19,87,121,178,102,12,130,84,77,112,93,147,66,157,103,105,74,188,168,31,142,117,167,61,45,138,41,49,78,128,42,57,197,125,145,126,143,160,91,1,150,124,180,196,36,46,140,92,82,23,189,81,0,85,22,26,176,193,109,20,67,166,38,139,63,118,48,194,29,198,174,184,35,161,32,72,163,25,51,50,190,10,165,113,156,71,44,65,37,94,173,18,131,119,83,153,80,100,30,134,148,195,97,58,158,43,7,101,181,68,123,6,137,60,54,151,110,187,39,107,55,14,13,111,132,89,75,182,116,162,53,183,69,159,164,90,28,155,73,99,106,136,115,2,152,170,172,86,133,76,52,104,17,8,16,56,21,108,192,40,15,9,33,154,122,179,27,185,127,96,171,141,98,114,64,79,177,47,88,5,186,199,11,59,129,24,95,149,175,62,120,3,169,191,135,146];False
2023;7134;9157;[34,4,144,70,19,87,121,178,102,12,130,84,77,112,93,147,66,157,103,105,74,188,168,31,142,117,167,61,45,138,41,49,78,128,42,57,197,125,145,126,143,160,91,1,150,124,180,196,36,46,140,92,82,23,189,81,0,85,22,26,176,193,109,20,67,166,38,139,63,118,48,194,29,198,174,184,35,161,32,72,163,25,51,50,190,10,165,113,156,71,44,65,37,94,173,18,131,119,11,149,80,100,30,134,148,195,97,58,158,43,7,101,181,68,123,6,137,60,54,151,110,187,39,107,55,14,13,111,132,89,75,182,116,162,53,183,69,159,164,90,28,155,73,99,106,136,115,2,152,170,172,86,133,76,52,104,17,8,16,56,21,108,192,40,15,9,33,154,122,179,27,185,127,96,171,141,98,114,64,79,177,47,88,5,186,199,83,59,129,24,95,153,175,62,120,3,169,191,135,146];False
1936;7159;9095;[34,4,144,70,19,87,121,178,102,132,130,84,77,112,93,147,66,157,103,105,74,188,168,31,142,117,167,61,45,138,41,49,78,128,42,57,197,125,145,126,143,160,91,1,150,124,180,196,36,46,140,92,82,23,189,81,0,85,22,26,176,193,109,20,67,166,38,139,63,118,48,194,29,198,174,184,35,161,32,72,163,25,51,50,190,10,165,113,156,71,44,65,37,94,173,18,131,111,172,153,80,100,30,134,148,195,97,58,158,43,7,101,181,68,123,6,137,60,54,151,110,187,39,107,55,14,13,119,12,89,75,182,116,162,53,183,69,159,164,90,28,155,73,99,106,136,115,152,2,170,83,86,133,76,52,104,17,8,16,56,21,108,192,40,15,9,33,154,122,179,27,185,127,96,171,141,98,114,64,79,177,47,88,5,186,199,11,59,129,24,95,149,175,62,120,3,169,191,135,146];False
1957;7142;9099;[34,4,144,70,19,87,121,178,102,132,130,84,77,112,93,147,66,157,103,105,74,188,168,31,142,117,167,61,45,138,41,49,78,128,42,57,197,125,145,126,143,160,91,1,150,124,180,196,36,46,140,92,82,23,189,81,0,12,22,26,176,193,109,20,67,166,38,139,63,118,48,194,29,198,174,184,35,161,32,72,163,25,51,50,190,10,165,113,156,71,44,65,37,94,173,18,131,119,83,153,80,100,30,134,148,195,97,58,158,43,7,101,181,68,123,6,137,60,54,151,110,187,39,107,55,14,13,111,52,89,75,182,116,162,53,183,69,159,164,90,28,155,73,99,106,136,115,152,2,170,172,86,133,76,85,104,17,8,16,56,21,108,192,40,15,9,33,154,122,179,27,185,127,96,171,141,98,114,64,79,177,47,88,5,186,199,11,59,129,24,95,149,175,62,120,3,169,191,135,146];False
1946;7154;9100;[34,4,144,70,19,87,121,178,102,132,130,84,77,112,93,147,66,157,103,105,74,188,168,31,142,117,167,61,45,138,41,49,78,128,42,57,197,125,145,126,143,160,91,1,150,124,180,196,36,46,140,92,82,23,189,81,0,85,22,26,176,193,109,20,67,166,38,139,63,118,48,194,29,198,174,184,35,161,32,72,163,25,51,50,190,10,165,113,156,71,44,65,37,94,173,18,131,119,83,153,80,100,30,134,148,195,97,58,158,43,7,101,181,68,123,6,137,60,54,151,110,187,39,107,55,14,13,111,52,89,75,182,116,162,53,183,69,159,164,90,28,155,73,99,106,136,115,152,2,170,172,86,76,133,12,104,17,8,16,56,21,108,192,40,15,9,33,154,122,179,27,185,127,96,171,141,98,114,64,79,177,47,88,5,186,199,11,59,129,24,95,149,175,62,120,3,169,191,135,146];False
2033;7128;9161;[34,4,144,70,19,87,121,178,102,12,130,84,77,112,93,147,66,157,103,105,74,188,168,31,142,117,167,61,45,138,41,49,78,128,42,57,197,125,145,126,20,160,91,1,150,124,180,196,36,46,140,92,143,23,189,81,0,85,22,26,176,193,109,82,67,166,38,139,63,118,48,194,29,198,174,184,35,161,32,72,163,25,51,50,190,10,165,113,156,71,44,65,37,94,173,18,131,119,11,153,80,100,30,134,148,195,97,58,158,43,7,101,181,68,123,6,137,60,54,151,110,187,39,107,55,14,13,111,132,89,75,182,116,162,53,183,69,159,164,90,28,155,73,99,106,136,115,152,2,170,172,86,133,76,52,104,17,8,16,56,21,108,192,40,15,9,33,154,122,179,27,185,127,96,171,141,98,114,64,79,177,47,88,5,186,199,83,59,129,24,95,149,175,62,120,3,169,191,135,146];False
2087;7122;9209;[34,4,144,70,19,87,121,178,102,132,130,84,77,112,93,147,66,157,103,105,74,188,168,31,142,117,167,61,45,138,41,49,78,128,42,57,197,125,145,126,20,160,91,1,150,124,180,196,36,46,140,92,143,23,189,187,0,85,22,26,176,193,109,82,67,166,38,139,63,118,48,194,29,198,174,184,35,161,32,72,163,25,51,50,190,10,165,113,156,71,44,65,37,94,173,18,131,119,11,153,80,100,30,134,148,195,97,58,158,43,7,101,181,68,123,6,137,60,54,151,110,81,39,107,55,14,13,111,12,89,75,182,116,162,53,183,69,159,164,90,28,155,73,99,106,136,115,152,2,170,172,86,133,76,52,104,17,8,16,56,21,108,192,40,15,9,33,154,122,179,27,185,127,96,171,141,98,114,64,79,177,47,88,5,186,199,83,59,129,24,95,149,175,62,120,3,169,191,135,146];False
2046;7126;9172;[34,4,144,70,19,87,121,178,102,132,130,84,77,112,93,147,66,157,103,105,74,188,168,31,142,117,167,61,45,138,41,49,78,128,42,57,197,125,145,126,20,160,91,1,150,124,180,196,36,46,140,92,143,23,189,81,0,85,22,26,176,193,109,82,67,166,38,139,63,118,48,194,29,198,174,184,35,161,32,72,163,25,51,50,190,10,165,113,156,71,44,65,37,94,173,18,131,119,83,153,80,100,30,134,148,195,97,58,158,43,7,101,181,68,123,6,137,60,54,151,110,187,39,107,55,14,13,111,12,89,75,182,116,162,53,183,69,159,164,90,28,155,73,99,106,136,115,152,2,170,172,86,133,76,52,104,17,8,16,56,21,108,192,40,15,9,33,154,122,179,27,185,127,96,171,141,98,114,64,79,177,47,88,5,186,199,11,59,129,24,95,149,175,62,120,3,169,191,135,146];False
2077;7120;9197;[34,4,144,70,19,87,121,178,102,132,130,84,77,112,93,147,66,157,103,105,74,188,168,31,142,117,167,61,45,138,41,49,78,128,42,57,197,125,145,126,20,160,91,1,150,124,180,196,36,46,140,92,143,23,189,81,0,85,22,26,176,193,109,82,67,166,38,139,63,118,48,194,29,198,174,184,35,161,32,72,163,25,51,50,190,10,165,113,156,71,44,65,37,94,173,18,131,119,11,149,80,100,30,134,148,195,97,58,158,43,7,101,181,68,123,6,137,60,54,151,110,187,39,107,55,14,13,111,12,89,75,182,116,162,53,183,69,159,164,90,28,155,73,99,106,136,115,152,2,170,172,86,133,76,52,104,17,8,16,56,21,108,192,40,15,9,33,154,122,179,27,185,127,96,171,141,98,114,64,79,177,47,88,5,186,199,83,59,129,24,95,153,175,62,120,3,169,191,135,146];False
2018;7135;9153;[34,4,144,70,19,87,121,178,102,132,130,84,77,112,93,147,66,157,103,105,74,188,168,31,142,117,167,61,45,138,41,49,78,128,42,57,197,125,145,126,20,160,91,1,150,124,180,196,36,46,140,92,143,23,189,81,0,85,22,26,176,193,109,82,67,166,38,139,63,118,48,194,29,198,174,184,35,161,32,72,163,25,51,50,190,10,165,113,156,71,44,65,37,94,173,18,131,119,11,153,80,100,30,134,148,195,97,58,158,43,7,101,181,68,123,6,137,60,54,151,110,187,39,107,55,14,13,111,52,89,75,182,116,162,53,183,69,159,164,90,28,155,73,99,106,136,115,152,2,170,172,86,133,76,12,104,17,8,16,56,21,108,192,40,15,9,33,154,122,179,27,185,127,96,171,141,98,114,64,79,177,47,88,5,186,199,83,59,129,24,95,149,175,62,120,3,169,191,135,146];False
2091;7116;9207;[34,4,144,70,19,87,121,178,102,132,130,84,77,112,93,147,66,157,103,105,74,188,168,31,142,117,167,61,45,138,41,49,78,128,42,57,197,125,145,126,20,160,91,1,150,124,180,196,36,46,140,92,143,23,189,81,0,85,22,26,176,193,109,82,67,166,38,139,63,118,48,194,29,198,174,184,35,161,32,72,163,25,51,50,190,10,165,113,156,71,44,65,37,94,173,18,131,119,11,153,80,100,30,134,148,195,97,58,158,43,7,101,181,68,123,6,137,60,54,151,110,187,39,107,55,14,13,111,12,89,75,182,116,162,53,183,69,159,164,90,28,155,73,99,106,136,115,2,152,170,172,86,133,76,52,104,17,8,16,56,21,108,192,40,15,9,33,154,122,179,27,185,127,96,171,141,98,114,64,79,177,47,88,5,186,199,83,59,129,24,95,149,175,62,120,3,169,191,135,146];False
1791;7240;9031;[34,4,144,70,19,87,121,178,127,132,130,84,77,112,93,147,66,157,103,105,74,188,168,31,142,117,167,61,45,65,41,49,78,128,42,57,197,125,145,126,143,160,91,1,150,124,180,196,36,46,140,92,82,23,189,81,80,85,22,26,176,193,109,20,170,166,38,139,63,118,48,194,29,198,174,184,35,67,32,72,163,25,51,50,190,10,165,113,156,71,44,138,37,94,173,18,131,119,83,153,101,100,30,134,148,195,97,58,158,43,7,0,181,68,123,6,149,60,54,151,110,187,39,107,55,14,13,172,12,89,75,182,116,162,53,183,69,159,164,90,28,155,73,99,106,136,115,152,2,161,102,86,133,76,52,104,17,8,16,56,21,108,192,40,15,9,33,154,122,179,27,185,111,96,171,141,98,114,64,79,177,47,88,5,186,199,11,59,129,24,95,137,175,62,120,3,169,191,135,146];False
1789;7237;9026;[34,4,144,70,19,87,121,178,127,132,130,84,77,112,93,147,66,157,103,105,74,188,168,31,142,117,167,61,45,65,41,49,78,128,42,57,197,125,145,126,143,160,91,1,150,124,180,196,36,46,140,92,82,23,189,81,0,85,22,26,176,193,109,20,170,166,38,139,63,118,48,194,29,198,174,184,35,67,32,72,163,25,51,50,190,10,165,113,156,71,44,138,37,94,173,18,131,119,83,153,101,100,30,134,148,195,97,58,158,43,7,182,181,68,123,6,149,60,54,151,110,187,39,107,55,14,13,172,12,89,75,80,116,162,53,183,69,159,164,90,28,155,73,99,106,136,115,152,2,161,102,86,133,76,52,104,17,8,16,56,21,108,192,40,15,9,33,154,122,179,27,185,111,96,171,141,98,114,64,79,177,47,88,5,186,199,11,59,129,24,95,137,175,62,120,3,169,191,135,146];False
1802;7219;9021;[34,4,144,70,19,87,121,178,127,132,130,84,77,112,93,147,66,157,103,105,74,188,168,31,142,117,167,61,45,138,41,49,78,128,42,57,197,125,145,126,143,160,91,1,150,124,180,196,36,46,140,92,82,23,189,7,0,85,22,26,176,193,109,20,170,166,38,139,63,118,48,194,29,198,174,184,35,67,32,72,163,25,51,50,190,10,165,113,156,71,44,65,37,94,173,18,131,119,83,153,101,100,30,134,148,195,97,58,158,43,187,80,181,68,123,6,149,60,54,151,110,81,39,107,55,14,13,172,12,89,75,182,116,162,53,183,69,159,164,90,28,155,73,99,106,136,115,152,2,161,102,86,133,76,52,104,17,8,16,56,21,108,192,40,15,9,33,154,122,179,27,185,111,96,171,141,98,114,64,79,177,47,88,5,186,199,11,59,129,24,95,137,175,62,120,3,169,191,135,146];False
1766;7245;9011;[34,4,144,70,19,87,121,178,127,132,130,84,77,112,93,147,66,157,103,105,74,188,168,31,142,117,167,61,45,138,41,49,78,128,42,57,197,125,145,126,143,160,91,1,150,124,180,196,36,46,140,92,82,23,189,81,182,85,22,26,176,193,109,20,170,166,38,139,63,118,48,194,29,198,174,184,35,67,32,72,163,25,51,50,190,10,165,113,156,71,44,65,37,94,173,18,131,119,83,153,101,100,30,134,148,195,97,58,158,43,7,0,181,68,123,6,149,60,54,151,110,187,39,107,55,14,13,172,12,89,75,80,116,162,53,183,69,159,164,90,28,155,73,99,106,136,115,152,2,161,102,86,133,76,52,104,17,8,16,56,21,108,192,40,15,9,33,154,122,179,27,185,111,96,171,141,98,114,64,79,177,47,88,5,186,199,11,59,129,24,95,137,175,62,120,3,169,191,135,146];False
1757;7261;9018;[34,4,144,70,19,87,121,178,127,132,130,84,77,112,93,147,66,157,103,105,74,188,168,31,142,117,167,61,45,138,41,49,78,128,42,57,197,125,145,126,143,160,91,1,150,124,180,196,36,46,140,92,82,23,189,81,0,85,22,26,176,193,109,20,170,166,38,139,63,118,48,194,29,198,174,184,35,67,32,72,163,25,51,50,190,10,165,113,156,116,44,65,37,94,173,18,131,119,83,153,101,100,30,134,148,195,97,58,158,43,7,182,181,68,123,6,149,60,54,151,110,187,39,107,55,14,13,172,12,89,75,80,71,162,53,183,69,159,164,90,28,155,73,99,106,136,115,152,2,161,102,86,133,76,52,104,17,8,16,56,21,108,192,40,15,9,33,154,122,179,27,185,111,96,171,141,98,114,64,79,177,47,88,5,186,199,11,59,129,24,95,137,175,62,120,3,169,191,135,146];False
1999;7138;9137;[34,4,144,70,19,87,121,178,102,12,130,84,77,112,93,147,66,157,103,105,74,188,168,31,142,117,167,61,45,138,41,49,78,128,42,57,197,125,145,126,143,160,91,1,150,124,180,196,36,46,140,92,82,23,189,81,0,85,22,26,176,193,109,20,67,166,38,139,63,118,48,194,29,198,174,184,35,161,32,72,163,25,51,50,190,10,165,113,156,71,44,65,37,94,173,18,131,111,83,153,80,100,30,134,148,195,97,58,158,43,7,101,181,68,123,6,137,60,54,151,110,187,39,107,55,14,13,119,132,89,75,182,116,162,53,183,69,159,164,90,28,155,73,99,106,136,115,2,152,170,172,86,133,76,52,104,17,8,16,56,21,108,192,40,15,9,33,154,122,179,27,185,127,96,171,141,98,114,64,79,177,47,88,5,186,199,11,59,129,24,95,149,175,62,120,3,169,191,135,146];False
2011;7136;9147;[34,4,144,70,19,87,121,178,102,132,130,84,77,112,93,147,66,157,103,105,74,188,168,31,142,117,167,61,45,138,41,49,78,128,42,57,197,125,145,126,143,160,91,1,150,124,180,196,36,46,140,92,82,23,189,81,0,85,22,26,176,193,109,20,67,166,38,139,63,118,48,194,29,198,174,184,35,161,32,72,163,25,51,50,190,10,165,113,156,71,44,65,37,94,173,18,131,111,119,153,80,100,30,134,148,195,97,58,158,43,7,101,181,68,123,6,137,60,54,151,110,187,39,107,55,14,13,172,12,89,75,182,116,162,53,183,69,159,164,90,28,155,73,99,106,136,115,152,2,170,83,86,133,76,52,104,17,8,16,56,21,108,192,40,15,9,33,154,122,179,27,185,127,96,171,141,98,114,64,79,177,47,88,5,186,199,11,59,129,24,95,149,175,62,120,3,169,191,135,146];False
1947;7150;9097;[34,4,144,70,19,87,121,178,102,132,130,84,77,112,93,147,66,157,103,105,74,188,168,31,142,117,12,61,45,138,41,49,78,128,42,57,197,125,145,126,143,160,91,1,150,124,180,196,36,46,140,92,82,23,189,81,0,167,22,26,176,193,109,20,67,166,38,139,63,118,48,194,29,198,174,184,35,161,32,72,163,25,51,50,190,10,165,113,156,71,44,65,37,94,173,18,131,119,83,153,80,100,30,134,148,195,97,58,158,43,7,101,181,68,123,6,137,60,54,151,110,187,39,107,55,14,13,111,52,89,75,182,116,162,53,183,69,159,164,90,28,155,73,99,106,136,115,152,2,170,172,86,133,76,85,104,17,8,16,56,21,108,192,40,15,9,33,154,122,179,27,185,127,96,171,141,98,114,64,79,177,47,88,5,186,199,11,59,129,24,95,149,175,62,120,3,169,191,135,146];False
1952;7147;9099;[34,4,144,70,19,87,121,178,102,132,130,84,77,112,93,147,66,157,103,105,74,188,168,31,142,117,167,61,45,65,41,49,78,128,42,57,197,125,145,126,143,160,91,1,150,124,180,196,36,46,140,92,82,23,189,81,0,12,22,26,176,193,109,20,67,166,38,139,63,118,48,194,29,198,174,184,35,161,32,72,163,25,51,50,190,10,165,113,156,71,44,138,37,94,173,18,131,119,83,153,80,100,30,134,148,195,97,58,158,43,7,101,181,68,123,6,137,60,54,151,110,187,39,107,55,14,13,111,52,89,75,182,116,162,53,183,69,159,164,90,28,155,73,99,106,136,115,152,2,170,172,86,133,76,85,104,17,8,16,56,21,108,192,40,15,9,33,154,122,179,27,185,127,96,171,141,98,114,64,79,177,47,88,5,186,199,11,59,129,24,95,149,175,62,120,3,169,191,135,146];False
1998;7136;9134;[34,4,144,70,19,87,121,178,102,132,130,84,77,112,93,147,66,157,103,105,74,188,168,31,142,117,167,61,45,138,41,49,78,128,42,57,197,125,145,126,20,160,91,1,150,124,180,196,36,46,140,92,82,23,189,81,0,12,22,26,176,193,109,143,67,166,38,139,63,118,48,194,29,198,174,184,35,161,32,72,163,25,51,50,190,10,165,113,156,71,44,65,37,94,173,18,131,119,83,153,80,100,30,134,148,195,97,58,158,43,7,101,181,68,123,6,137,60,54,151,110,187,39,107,55,14,13,111,52,89,75,182,116,162,53,183,69,159,164,90,28,155,73,99,106,136,115,152,2,170,172,86,133,76,85,104,17,8,16,56,21,108,192,40,15,9,33,154,122,179,27,185,127,96,171,141,98,114,64,79,177,47,88,5,186,199,11,59,129,24,95,149,175,62,120,3,169,191,135,146];False
1983;7141;9124;[34,4,144,70,19,87,121,178,102,132,130,84,77,112,93,147,66,157,103,105,74,188,168,31,142,117,167,61,45,138,41,49,78,128,42,57,197,125,145,126,143,160,91,1,150,124,180,196,36,46,140,92,82,23,189,187,0,12,22,26,176,193,109,20,67,166,38,139,63,118,48,194,29,198,174,184,35,161,32,72,163,25,51,50,190,10,165,113,156,71,44,65,37,94,173,18,131,119,83,153,80,100,30,134,148,195,97,58,158,43,7,101,181,68,123,6,137,60,54,151,110,81,39,107,55,14,13,111,52,89,75,182,116,162,53,183,69,159,164,90,28,155,73,99,106,136,115,152,2,170,172,86,133,76,85,104,17,8,16,56,21,108,192,40,15,9,33,154,122,179,27,185,127,96,171,141,98,114,64,79,177,47,88,5,186,199,11,59,129,24,95,149,175,62,120,3,169,191,135,146];False
1932;7150;9082;[34,4,144,70,19,87,121,178,102,132,130,84,77,112,93,147,66,157,103,105,74,188,168,31,142,117,167,61,45,138,41,49,78,128,42,57,197,125,145,126,143,160,91,1,150,124,180,196,36,46,140,92,82,23,189,81,119,12,22,26,176,193,109,20,67,166,38,139,63,118,48,194,29,198,174,184,35,161,32,72,163,25,51,50,190,10,165,113,156,71,44,65,37,94,173,18,131,0,83,153,80,100,30,134,148,195,97,58,158,43,7,101,181,68,123,6,137,60,54,151,110,187,39,107,55,14,13,111,52,89,75,182,116,162,53,183,69,159,164,90,28,155,73,99,106,136,115,152,2,170,172,86,133,76,85,104,17,8,16,56,21,108,192,40,15,9,33,154,122,179,27,185,127,96,171,141,98,114,64,79,177,47,88,5,186,199,11,59,129,24,95,149,175,62,120,3,169,191,135,146];False
2060;7124;9184;[34,4,144,70,19,87,121,178,102,132,130,84,77,112,93,147,66,157,103,105,74,188,168,31,142,117,167,61,45,138,41,49,78,128,42,57,197,125,145,126,143,160,91,1,150,124,180,196,36,46,140,92,82,23,189,81,0,12,22,26,176,193,109,20,67,166,38,139,63,118,48,194,29,198,174,184,35,161,32,72,163,25,51,50,190,10,165,113,156,71,44,65,37,94,173,18,131,148,83,153,80,100,30,134,119,195,97,58,158,43,7,101,181,68,123,6,137,60,54,151,110,187,39,107,55,14,13,111,52,89,75,182,116,162,53,183,69,159,164,90,28,155,73,99,106,136,115,152,2,170,172,86,133,76,85,104,17,8,16,56,21,108,192,40,15,9,33,154,122,179,27,185,127,96,171,141,98,114,64,79,177,47,88,5,186,199,11,59,129,24,95,149,175,62,120,3,169,191,135,146];False
1972;7139;9111;[34,4,144,70,19,87,121,178,102,132,130,84,77,112,93,147,66,157,103,105,74,188,168,31,142,117,167,61,45,138,41,49,78,128,42,57,197,125,145,126,143,160,91,1,150,124,180,196,36,46,140,92,82,23,189,81,0,12,22,26,176,193,109,20,67,166,38,139,63,118,48,194,29,198,174,184,35,161,32,72,163,25,51,50,190,10,165,113,156,71,44,65,37,94,173,18,131,119,11,153,80,100,30,134,148,195,97,58,158,43,7,101,181,68,123,6,137,60,54,151,110,187,39,107,55,14,13,111,52,89,75,182,116,162,53,183,69,159,164,90,28,155,73,99,106,136,115,152,2,170,172,86,133,76,85,104,17,8,16,56,21,108,192,40,15,9,33,154,122,179,27,185,127,96,171,141,98,114,64,79,177,47,88,5,186,199,83,59,129,24,95,149,175,62,120,3,169,191,135,146];False
1987;7135;9122;[34,4,144,70,19,87,121,178,102,132,130,84,77,112,93,147,66,157,103,105,74,188,168,31,142,117,167,61,45,138,41,49,78,128,42,57,197,125,145,126,143,160,91,1,150,124,180,196,36,46,140,92,82,23,189,81,0,12,22,26,176,193,109,20,67,166,38,139,63,118,48,194,29,198,174,184,35,161,32,72,163,25,51,50,190,10,165,113,156,71,44,65,37,94,173,18,131,119,83,153,80,100,30,134,148,195,97,58,158,43,7,101,181,68,123,6,137,60,54,151,110,187,39,107,55,14,13,111,52,89,75,182,116,162,53,183,69,159,164,90,28,155,73,99,106,136,115,2,152,170,172,86,133,76,85,104,17,8,16,56,21,108,192,40,15,9,33,154,122,179,27,185,127,96,171,141,98,114,64,79,177,47,88,5,186,199,11,59,129,24,95,149,175,62,120,3,169,191,135,146];False
1924;7136;9060;[34,4,144,70,19,87,121,178,102,132,130,84,77,112,93,147,66,157,103,105,74,188,168,31,142,117,167,61,45,138,41,49,78,128,42,57,197,125,145,126,143,160,91,1,150,124,180,196,36,46,140,92,82,23,189,81,0,12,22,26,176,193,109,20,67,166,38,139,63,118,48,194,29,198,174,184,35,161,32,72,163,25,51,50,190,10,165,113,156,71,44,65,37,94,173,18,131,119,83,153,80,100,30,134,148,195,97,58,158,43,7,101,181,68,123,6,137,60,54,151,110,187,39,107,55,14,13,111,52,89,75,182,116,162,53,183,69,159,164,90,28,155,73,99,106,136,115,152,2,170,172,86,76,133,85,104,17,8,16,56,21,108,192,40,15,9,33,154,122,179,27,185,127,96,171,141,98,114,64,79,177,47,88,5,186,199,11,59,129,24,95,149,175,62,120,3,169,191,135,146];False
2028;7133;9161;[34,4,144,70,19,87,121,178,102,12,130,84,77,112,93,147,66,157,103,105,74,188,168,31,142,117,167,61,45,65,41,49,78,128,42,57,197,125,145,126,20,160,91,1,150,124,180,196,36,46,140,92,143,23,189,81,0,85,22,26,176,193,109,82,67,166,38,139,63,118,48,194,29,198,174,184,35,161,32,72,163,25,51,50,190,10,165,113,156,71,44,138,37,94,173,18,131,119,11,153,80,100,30,134,148,195,97,58,158,43,7,101,181,68,123,6,137,60,54,151,110,187,39,107,55,14,13,111,132,89,75,182,116,162,53,183,69,159,164,90,28,155,73,99,106,136,115,152,2,170,172,86,133,76,52,104,17,8,16,56,21,108,192,40,15,9,33,154,122,179,27,185,127,96,171,141,98,114,64,79,177,47,88,5,186,199,83,59,129,24,95,149,175,62,120,3,169,191,135,146];False
2018;7131;9149;[34,4,144,70,19,87,121,178,102,12,130,84,77,112,93,147,66,157,103,105,74,188,168,31,142,117,167,61,45,138,41,49,78,128,42,57,197,125,145,126,20,160,91,1,150,124,180,196,36,46,140,92,143,23,189,81,0,85,22,26,176,193,109,82,67,166,38,139,63,118,48,194,29,198,174,184,35,161,32,72,163,25,51,50,190,10,165,113,156,71,44,65,37,94,173,18,131,119,83,153,80,100,30,134,148,195,97,58,158,43,7,101,181,68,123,6,137,60,54,151,110,187,39,107,55,14,13,111,132,89,75,182,116,162,53,183,69,159,164,90,28,155,73,99,106,136,115,152,2,170,172,86,133,76,52,104,17,8,16,56,21,108,192,40,15,9,33,154,122,179,27,185,127,96,171,141,98,114,64,79,177,47,88,5,186,199,11,59,129,24,95,149,175,62,120,3,169,191,135,146];False
2049;7125;9174;[34,4,144,70,19,87,121,178,102,12,130,84,77,112,93,147,66,157,103,105,74,188,168,31,142,117,167,61,45,138,41,49,78,128,42,57,197,125,145,126,20,160,91,1,150,124,180,196,36,46,140,92,143,23,189,81,0,85,22,26,176,193,109,82,67,166,38,139,63,118,48,194,29,198,174,184,35,161,32,72,163,25,51,50,190,10,165,113,156,71,44,65,37,94,173,18,131,119,11,149,80,100,30,134,148,195,97,58,158,43,7,101,181,68,123,6,137,60,54,151,110,187,39,107,55,14,13,111,132,89,75,182,116,162,53,183,69,159,164,90,28,155,73,99,106,136,115,152,2,170,172,86,133,76,52,104,17,8,16,56,21,108,192,40,15,9,33,154,122,179,27,185,127,96,171,141,98,114,64,79,177,47,88,5,186,199,83,59,129,24,95,153,175,62,120,3,169,191,135,146];False
2063;7121;9184;[34,4,144,70,19,87,121,178,102,12,130,84,77,112,93,147,66,157,103,105,74,188,168,31,142,117,167,61,45,138,41,49,78,128,42,57,197,125,145,126,20,160,91,1,150,124,180,196,36,46,140,92,143,23,189,81,0,85,22,26,176,193,109,82,67,166,38,139,63,118,48,194,29,198,174,184,35,161,32,72,163,25,51,50,190,10,165,113,156,71,44,65,37,94,173,18,131,119,11,153,80,100,30,134,148,195,97,58,158,43,7,101,181,68,123,6,137,60,54,151,110,187,39,107,55,14,13,111,132,89,75,182,116,162,53,183,69,159,164,90,28,155,73,99,106,136,115,2,152,170,172,86,133,76,52,104,17,8,16,56,21,108,192,40,15,9,33,154,122,179,27,185,127,96,171,141,98,114,64,79,177,47,88,5,186,199,83,59,129,24,95,149,175,62,120,3,169,191,135,146];False
2076;7119;9195;[34,4,144,70,19,87,121,178,102,132,130,84,77,112,93,147,66,157,103,105,74,188,168,31,142,117,167,61,45,138,41,49,78,128,42,57,197,125,145,126,20,160,91,1,150,124,180,196,36,46,140,92,143,23,189,81,0,85,22,26,176,193,109,82,67,166,38,139,63,118,48,194,29,198,174,184,35,161,32,72,163,25,51,50,190,10,165,113,156,71,44,65,37,94,173,18,131,119,83,153,80,100,30,134,148,195,97,58,158,43,7,101,181,68,123,6,137,60,54,151,110,187,39,107,55,14,13,111,12,89,75,182,116,162,53,183,69,159,164,90,28,155,73,99,106,136,115,2,152,170,172,86,133,76,52,104,17,8,16,56,21,108,192,40,15,9,33,154,122,179,27,185,127,96,171,141,98,114,64,79,177,47,88,5,186,199,11,59,129,24,95,149,175,62,120,3,169,191,135,146];False
2107;7113;9220;[34,4,144,70,19,87,121,178,102,132,130,84,77,112,93,147,66,157,103,105,74,188,168,31,142,117,167,61,45,138,41,49,78,128,42,57,197,125,145,126,20,160,91,1,150,124,180,196,36,46,140,92,143,23,189,81,0,85,22,26,176,193,109,82,67,166,38,139,63,118,48,194,29,198,174,184,35,161,32,72,163,25,51,50,190,10,165,113,156,71,44,65,37,94,173,18,131,119,11,149,80,100,30,134,148,195,97,58,158,43,7,101,181,68,123,6,137,60,54,151,110,187,39,107,55,14,13,111,12,89,75,182,116,162,53,183,69,159,164,90,28,155,73,99,106,136,115,2,152,170,172,86,133,76,52,104,17,8,16,56,21,108,192,40,15,9,33,154,122,179,27,185,127,96,171,141,98,114,64,79,177,47,88,5,186,199,83,59,129,24,95,153,175,62,120,3,169,191,135,146];False
1743;7259;9002;[34,4,144,70,19,87,121,178,127,132,130,84,77,112,93,147,66,157,103,105,74,188,168,31,142,117,167,61,182,65,41,49,78,128,42,57,197,125,145,126,143,160,91,1,150,124,180,196,36,46,140,92,82,23,189,81,0,85,22,26,176,193,109,20,170,166,38,139,63,118,48,194,29,198,174,184,35,67,32,72,163,25,51,50,190,10,165,113,156,71,44,138,37,94,173,18,131,119,83,153,101,100,30,134,148,195,97,58,158,43,7,45,181,68,123,6,149,60,54,151,110,187,39,107,55,14,13,172,12,89,75,80,116,162,53,183,69,159,164,90,28,155,73,99,106,136,115,152,2,161,102,86,133,76,52,104,17,8,16,56,21,108,192,40,15,9,33,154,122,179,27,185,111,96,171,141,98,114,64,79,177,47,88,5,186,199,11,59,129,24,95,137,175,62,120,3,169,191,135,146];False
1761;7250;9011;[34,4,144,70,19,87,121,178,127,132,130,84,77,112,93,147,66,157,103,105,74,188,168,31,142,117,167,61,45,65,41,49,78,128,42,57,197,125,145,126,143,160,91,1,150,124,180,196,36,46,140,92,82,23,189,81,182,85,22,26,176,193,109,20,170,166,38,139,63,118,48,194,29,198,174,184,35,67,32,72,163,25,51,50,190,10,165,113,156,71,44,138,37,94,173,18,131,119,83,153,101,100,30,134,148,195,97,58,158,43,7,0,181,68,123,6,149,60,54,151,110,187,39,107,55,14,13,172,12,89,75,80,116,162,53,183,69,159,164,90,28,155,73,99,106,136,115,152,2,161,102,86,133,76,52,104,17,8,16,56,21,108,192,40,15,9,33,154,122,179,27,185,111,96,171,141,98,114,64,79,177,47,88,5,186,199,11,59,129,24,95,137,175,62,120,3,169,191,135,146];False
1817;7214;9031;[34,4,144,70,19,87,121,178,111,132,130,84,77,112,93,147,66,157,103,105,74,188,168,31,142,117,167,61,45,138,41,49,78,128,42,57,197,125,145,126,143,160,91,1,150,124,180,196,36,46,140,92,82,23,189,7,0,85,22,26,176,193,109,20,170,166,38,139,63,118,48,194,29,198,174,184,35,67,32,72,163,25,51,50,190,10,165,113,156,71,44,65,37,94,173,18,131,119,83,153,101,100,30,134,148,195,97,58,158,43,187,80,181,68,123,6,149,60,54,151,110,81,39,107,55,14,13,172,12,89,75,182,116,162,53,183,69,159,164,90,28,155,73,99,106,136,115,152,2,161,102,86,133,76,52,104,17,8,16,56,21,108,192,40,15,9,33,154,122,179,27,185,127,96,171,141,98,114,64,79,177,47,88,5,186,199,11,59,129,24,95,137,175,62,120,3,169,191,135,146];False
1797;7224;9021;[34,4,144,70,19,87,121,178,127,132,130,84,77,112,93,147,66,157,103,105,74,188,168,31,142,117,167,61,45,65,41,49,78,128,42,57,197,125,145,126,143,160,91,1,150,124,180,196,36,46,140,92,82,23,189,7,0,85,22,26,176,193,109,20,170,166,38,139,63,118,48,194,29,198,174,184,35,67,32,72,163,25,51,50,190,10,165,113,156,71,44,138,37,94,173,18,131,119,83,153,101,100,30,134,148,195,97,58,158,43,187,80,181,68,123,6,149,60,54,151,110,81,39,107,55,14,13,172,12,89,75,182,116,162,53,183,69,159,164,90,28,155,73,99,106,136,115,152,2,161,102,86,133,76,52,104,17,8,16,56,21,108,192,40,15,9,33,154,122,179,27,185,111,96,171,141,98,114,64,79,177,47,88,5,186,199,11,59,129,24,95,137,175,62,120,3,169,191,135,146];False
1791;7236;9027;[34,4,144,70,19,87,121,178,127,132,130,84,77,112,93,147,66,157,103,105,74,188,168,31,142,117,167,61,45,138,41,49,78,128,42,57,197,125,145,126,35,160,91,1,150,124,180,196,36,46,140,92,82,23,189,7,0,85,22,26,176,193,109,20,170,166,38,139,63,118,48,194,29,198,174,184,143,67,32,72,163,25,51,50,190,10,165,113,156,71,44,65,37,94,173,18,131,119,83,153,101,100,30,134,148,195,97,58,158,43,187,80,181,68,123,6,149,60,54,151,110,81,39,107,55,14,13,172,12,89,75,182,116,162,53,183,69,159,164,90,28,155,73,99,106,136,115,152,2,161,102,86,133,76,52,104,17,8,16,56,21,108,192,40,15,9,33,154,122,179,27,185,111,96,171,141,98,114,64,79,177,47,88,5,186,199,11,59,129,24,95,137,175,62,120,3,169,191,135,146];False
1833;7187;9020;[34,4,144,70,19,87,121,178,127,132,130,84,77,112,93,147,66,157,103,105,74,188,168,31,142,117,167,61,45,138,41,49,78,128,42,57,197,125,145,126,143,160,91,1,150,124,180,196,36,46,140,92,82,23,189,7,0,85,22,26,176,193,109,20,170,166,38,139,63,118,48,194,29,198,174,184,35,67,32,72,163,25,51,50,190,10,165,113,156,71,44,65,37,94,173,18,131,119,83,153,80,100,30,134,148,195,97,58,158,43,187,101,181,68,123,6,149,60,54,151,110,81,39,107,55,14,13,172,12,89,75,182,116,162,53,183,69,159,164,90,28,155,73,99,106,136,115,152,2,161,102,86,133,76,52,104,17,8,16,56,21,108,192,40,15,9,33,154,122,179,27,185,111,96,171,141,98,114,64,79,177,47,88,5,186,199,11,59,129,24,95,137,175,62,120,3,169,191,135,146];False
1825;7210;9035;[34,4,144,70,19,87,121,178,127,132,130,84,77,112,93,147,66,157,103,105,74,188,168,31,142,117,167,61,45,138,41,49,78,128,42,57,197,125,145,126,143,160,91,1,150,124,180,196,36,46,140,92,82,23,189,7,0,85,22,26,176,193,109,20,170,166,38,139,63,118,48,194,29,198,174,184,35,67,32,72,163,25,51,50,190,10,165,113,156,71,44,65,37,94,173,18,131,119,83,153,101,100,30,134,148,195,97,58,158,43,187,80,181,68,123,6,137,60,54,151,110,81,39,107,55,14,13,172,12,89,75,182,116,162,53,183,69,159,164,90,28,155,73,99,106,136,115,152,2,161,102,86,133,76,52,104,17,8,16,56,21,108,192,40,15,9,33,154,122,179,27,185,111,96,171,141,98,114,64,79,177,47,88,5,186,199,11,59,129,24,95,149,175,62,120,3,169,191,135,146];False
1781;7240;9021;[34,4,144,70,19,87,121,178,111,132,130,84,77,112,93,147,66,157,103,105,74,188,168,31,142,117,167,61,45,138,41,49,78,128,42,57,197,125,145,126,143,160,91,1,150,124,180,196,36,46,140,92,82,23,189,81,182,85,22,26,176,193,109,20,170,166,38,139,63,118,48,194,29,198,174,184,35,67,32,72,163,25,51,50,190,10,165,113,156,71,44,65,37,94,173,18,131,119,83,153,101,100,30,134,148,195,97,58,158,43,7,0,181,68,123,6,149,60,54,151,110,187,39,107,55,14,13,172,12,89,75,80,116,162,53,183,69,159,164,90,28,155,73,99,106,136,115,152,2,161,102,86,133,76,52,104,17,8,16,56,21,108,192,40,15,9,33,154,122,179,27,185,127,96,171,141,98,114,64,79,177,47,88,5,186,199,11,59,129,24,95,137,175,62,120,3,169,191,135,146];False
1789;7236;9025;[34,4,144,70,19,87,121,178,127,132,130,84,77,112,93,147,66,157,103,105,74,188,168,31,142,117,167,61,45,138,41,49,78,128,42,57,197,125,145,126,143,160,91,1,150,124,180,196,36,46,140,92,82,23,189,81,182,85,22,26,176,193,109,20,170,166,38,139,63,118,48,194,29,198,174,184,35,67,32,72,163,25,51,50,190,10,165,113,156,71,44,65,37,94,173,18,131,119,83,153,101,100,30,134,148,195,97,58,158,43,7,0,181,68,123,6,137,60,54,151,110,187,39,107,55,14,13,172,12,89,75,80,116,162,53,183,69,159,164,90,28,155,73,99,106,136,115,152,2,161,102,86,133,76,52,104,17,8,16,56,21,108,192,40,15,9,33,154,122,179,27,185,111,96,171,141,98,114,64,79,177,47,88,5,186,199,11,59,129,24,95,149,175,62,120,3,169,191,135,146];False
2090;7117;9207;[34,4,144,70,19,87,121,178,102,132,130,84,77,112,93,147,66,157,103,105,74,188,168,31,142,117,167,61,45,138,41,49,78,128,42,57,197,125,145,126,143,160,91,1,150,124,180,196,36,46,140,92,82,23,189,81,0,12,22,26,176,193,109,20,67,166,38,139,63,118,48,194,29,198,174,184,35,161,32,72,163,25,51,50,190,10,165,113,156,71,44,65,37,94,173,18,131,148,83,153,80,100,30,134,119,195,97,58,158,43,7,101,181,68,123,6,137,60,54,151,110,187,39,107,55,14,13,111,52,89,75,182,116,162,53,183,69,159,164,90,28,155,73,99,106,136,115,2,152,170,172,86,133,76,85,104,17,8,16,56,21,108,192,40,15,9,33,154,122,179,27,185,127,96,171,141,98,114,64,79,177,47,88,5,186,199,11,59,129,24,95,149,175,62,120,3,169,191,135,146];False
2027;7118;9145;[34,4,144,70,19,87,121,178,102,132,130,84,77,112,93,147,66,157,103,105,74,188,168,31,142,117,167,61,45,138,41,49,78,128,42,57,197,125,145,126,143,160,91,1,150,124,180,196,36,46,140,92,82,23,189,81,0,12,22,26,176,193,109,20,67,166,38,139,63,118,48,194,29,198,174,184,35,161,32,72,163,25,51,50,190,10,165,113,156,71,44,65,37,94,173,18,131,148,83,153,80,100,30,134,119,195,97,58,158,43,7,101,181,68,123,6,137,60,54,151,110,187,39,107,55,14,13,111,52,89,75,182,116,162,53,183,69,159,164,90,28,155,73,99,106,136,115,152,2,170,172,86,76,133,85,104,17,8,16,56,21,108,192,40,15,9,33,154,122,179,27,185,127,96,171,141,98,114,64,79,177,47,88,5,186,199,11,59,129,24,95,149,175,62,120,3,169,191,135,146];False
2013;7134;9147;[34,4,144,70,19,87,121,178,102,132,130,84,77,112,93,147,66,157,103,105,74,188,168,31,142,117,167,61,45,138,41,49,78,128,42,57,197,125,145,126,143,160,91,1,150,124,180,196,36,46,140,92,82,23,189,187,0,12,22,26,176,193,109,20,67,166,38,139,63,118,48,194,29,198,174,184,35,161,32,72,163,25,51,50,190,10,165,113,156,71,44,65,37,94,173,18,131,119,83,153,80,100,30,134,148,195,97,58,158,43,7,101,181,68,123,6,137,60,54,151,110,81,39,107,55,14,13,111,52,89,75,182,116,162,53,183,69,159,164,90,28,155,73,99,106,136,115,2,152,170,172,86,133,76,85,104,17,8,16,56,21,108,192,40,15,9,33,154,122,179,27,185,127,96,171,141,98,114,64,79,177,47,88,5,186,199,11,59,129,24,95,149,175,62,120,3,169,191,135,146];False
2002;7132;9134;[34,4,144,70,19,87,121,178,102,132,130,84,77,112,93,147,66,157,103,105,74,188,168,31,142,117,167,61,45,138,41,49,78,128,42,57,197,125,145,126,143,160,91,1,150,124,180,196,36,46,140,92,82,23,189,81,0,12,22,26,176,193,109,20,67,166,38,139,63,118,48,194,29,198,174,184,35,161,32,72,163,25,51,50,190,10,165,113,156,71,44,65,37,94,173,18,131,119,11,153,80,100,30,134,148,195,97,58,158,43,7,101,181,68,123,6,137,60,54,151,110,187,39,107,55,14,13,111,52,89,75,182,116,162,53,183,69,159,164,90,28,155,73,99,106,136,115,2,152,170,172,86,133,76,85,104,17,8,16,56,21,108,192,40,15,9,33,154,122,179,27,185,127,96,171,141,98,114,64,79,177,47,88,5,186,199,83,59,129,24,95,149,175,62,120,3,169,191,135,146];False
1954;7129;9083;[34,4,144,70,19,87,121,178,102,132,130,84,77,112,93,147,66,157,103,105,74,188,168,31,142,117,167,61,45,138,41,49,78,128,42,57,197,125,145,126,143,160,91,1,150,124,180,196,36,46,140,92,82,23,189,81,0,12,22,26,176,193,109,20,67,166,38,139,63,118,48,194,29,198,174,184,35,161,32,72,163,25,51,50,190,10,165,113,156,71,44,65,37,94,173,18,131,119,83,153,80,100,30,134,148,195,97,58,158,43,7,101,181,68,123,6,137,60,54,151,110,187,39,107,55,14,13,111,52,89,75,182,116,162,53,183,69,159,164,90,28,155,73,99,106,136,115,2,152,170,172,86,76,133,85,104,17,8,16,56,21,108,192,40,15,9,33,154,122,179,27,185,127,96,171,141,98,114,64,79,177,47,88,5,186,199,11,59,129,24,95,149,175,62,120,3,169,191,135,146];False
2018;7122;9140;[34,4,144,70,19,87,121,178,102,132,130,84,12,112,93,147,66,157,103,105,74,188,168,31,142,117,167,61,45,138,41,49,78,128,42,57,197,125,145,126,143,160,91,1,150,124,180,196,36,46,140,92,82,23,189,81,0,77,22,26,176,193,109,20,67,166,38,139,63,118,48,194,29,198,174,184,35,161,32,72,163,25,51,50,190,10,165,113,156,71,44,65,37,94,173,18,131,119,83,153,80,100,30,134,148,195,97,58,158,43,7,101,181,68,123,6,137,60,54,151,110,187,39,107,55,14,13,111,52,89,75,182,116,162,53,183,69,159,164,90,28,155,73,99,106,136,115,152,2,170,172,86,76,133,85,104,17,8,16,56,21,108,192,40,15,9,33,154,122,179,27,185,127,96,171,141,98,114,64,79,177,47,88,5,186,199,11,59,129,24,95,149,175,62,120,3,169,191,135,146];False
1914;7161;9075;[34,4,144,70,19,87,121,178,102,132,130,84,77,112,2,147,66,157,103,105,74,188,168,31,142,117,167,61,45,138,41,49,78,128,42,57,197,125,145,126,143,160,91,1,150,124,180,196,36,46,140,92,82,23,189,81,0,12,22,26,176,193,109,20,67,166,38,139,63,118,48,194,29,198,174,184,35,161,32,72,163,25,51,50,190,10,165,113,156,71,44,65,37,94,173,18,131,119,83,153,80,100,30,134,148,195,97,58,158,43,7,101,181,68,123,6,137,60,54,151,110,187,39,107,55,14,13,111,52,89,75,182,116,162,53,183,69,159,164,90,28,155,73,99,106,136,115,152,93,170,172,86,76,133,85,104,17,8,16,56,21,108,192,40,15,9,33,154,122,179,27,185,127,96,171,141,98,114,64,79,177,47,88,5,186,199,11,59,129,24,95,149,175,62,120,3,169,191,135,146];False
1914;7144;9058;[34,4,144,70,19,87,121,178,102,132,130,84,77,112,93,147,66,157,103,105,74,188,168,31,142,117,12,61,45,138,41,49,78,128,42,57,197,125,145,126,143,160,91,1,150,124,180,196,36,46,140,92,82,23,189,81,0,167,22,26,176,193,109,20,67,166,38,139,63,118,48,194,29,198,174,184,35,161,32,72,163,25,51,50,190,10,165,113,156,71,44,65,37,94,173,18,131,119,83,153,80,100,30,134,148,195,97,58,158,43,7,101,181,68,123,6,137,60,54,151,110,187,39,107,55,14,13,111,52,89,75,182,116,162,53,183,69,159,164,90,28,155,73,99,106,136,115,152,2,170,172,86,76,133,85,104,17,8,16,56,21,108,192,40,15,9,33,154,122,179,27,185,127,96,171,141,98,114,64,79,177,47,88,5,186,199,11,59,129,24,95,149,175,62,120,3,169,191,135,146];False
1919;7141;9060;[34,4,144,70,19,87,121,178,102,132,130,84,77,112,93,147,66,157,103,105,74,188,168,31,142,117,167,61,45,65,41,49,78,128,42,57,197,125,145,126,143,160,91,1,150,124,180,196,36,46,140,92,82,23,189,81,0,12,22,26,176,193,109,20,67,166,38,139,63,118,48,194,29,198,174,184,35,161,32,72,163,25,51,50,190,10,165,113,156,71,44,138,37,94,173,18,131,119,83,153,80,100,30,134,148,195,97,58,158,43,7,101,181,68,123,6,137,60,54,151,110,187,39,107,55,14,13,111,52,89,75,182,116,162,53,183,69,159,164,90,28,155,73,99,106,136,115,152,2,170,172,86,76,133,85,104,17,8,16,56,21,108,192,40,15,9,33,154,122,179,27,185,127,96,171,141,98,114,64,79,177,47,88,5,186,199,11,59,129,24,95,149,175,62,120,3,169,191,135,146];False
1950;7135;9085;[34,4,144,70,19,87,121,178,102,132,130,84,77,112,93,147,66,157,103,105,74,188,168,31,142,117,167,61,45,138,41,49,78,128,42,57,197,125,145,126,143,160,91,1,150,124,180,196,36,46,140,92,82,23,189,187,0,12,22,26,176,193,109,20,67,166,38,139,63,118,48,194,29,198,174,184,35,161,32,72,163,25,51,50,190,10,165,113,156,71,44,65,37,94,173,18,131,119,83,153,80,100,30,134,148,195,97,58,158,43,7,101,181,68,123,6,137,60,54,151,110,81,39,107,55,14,13,111,52,89,75,182,116,162,53,183,69,159,164,90,28,155,73,99,106,136,115,152,2,170,172,86,76,133,85,104,17,8,16,56,21,108,192,40,15,9,33,154,122,179,27,185,127,96,171,141,98,114,64,79,177,47,88,5,186,199,11,59,129,24,95,149,175,62,120,3,169,191,135,146];False
1899;7144;9043;[34,4,144,70,19,87,121,178,102,132,130,84,77,112,93,147,66,157,103,105,74,188,168,31,142,117,167,61,45,138,41,49,78,128,42,57,197,125,145,126,143,160,91,1,150,124,180,196,36,46,140,92,82,23,189,81,119,12,22,26,176,193,109,20,67,166,38,139,63,118,48,194,29,198,174,184,35,161,32,72,163,25,51,50,190,10,165,113,156,71,44,65,37,94,173,18,131,0,83,153,80,100,30,134,148,195,97,58,158,43,7,101,181,68,123,6,137,60,54,151,110,187,39,107,55,14,13,111,52,89,75,182,116,162,53,183,69,159,164,90,28,155,73,99,106,136,115,152,2,170,172,86,76,133,85,104,17,8,16,56,21,108,192,40,15,9,33,154,122,179,27,185,127,96,171,141,98,114,64,79,177,47,88,5,186,199,11,59,129,24,95,149,175,62,120,3,169,191,135,146];False
2082;7112;9194;[34,4,144,70,19,87,121,178,102,132,130,84,77,112,93,147,66,157,103,105,74,188,168,31,142,117,167,61,45,138,41,49,78,128,42,57,197,125,145,126,143,160,91,1,150,124,180,196,36,46,140,92,82,23,189,81,0,12,22,26,176,193,109,190,67,166,38,139,63,118,48,194,29,198,174,184,35,161,32,72,163,25,51,50,20,10,165,113,156,71,44,65,37,94,173,18,131,119,83,153,80,100,30,134,148,195,97,58,158,43,7,101,181,68,123,6,137,60,54,151,110,187,39,107,55,14,13,111,52,89,75,182,116,162,53,183,69,159,164,90,28,155,73,99,106,136,115,152,2,170,172,86,76,133,85,104,17,8,16,56,21,108,192,40,15,9,33,154,122,179,27,185,127,96,171,141,98,114,64,79,177,47,88,5,186,199,11,59,129,24,95,149,175,62,120,3,169,191,135,146];False
2041;7117;9158;[34,4,144,70,19,87,121,178,102,132,130,84,77,112,93,147,66,157,103,105,74,188,168,31,142,117,167,61,45,138,41,49,78,128,42,57,197,125,145,126,143,160,91,1,150,124,180,196,36,46,140,92,82,23,189,81,0,12,22,26,176,193,109,20,67,166,38,139,63,118,48,194,29,198,174,16,35,161,32,72,163,25,51,50,190,10,165,113,156,71,44,65,37,94,173,18,131,119,83,153,80,100,30,134,148,195,97,58,158,43,7,101,181,68,123,6,137,60,54,151,110,187,39,107,55,14,13,111,52,89,75,182,116,162,53,183,69,159,164,90,28,155,73,99,106,136,115,152,2,170,172,86,76,133,85,104,17,8,184,56,21,108,192,40,15,9,33,154,122,179,27,185,127,96,171,141,98,114,64,79,177,47,88,5,186,199,11,59,129,24,95,149,175,62,120,3,169,191,135,146];False
1939;7133;9072;[34,4,144,70,19,87,121,178,102,132,130,84,77,112,93,147,66,157,103,105,74,188,168,31,142,117,167,61,45,138,41,49,78,128,42,57,197,125,145,126,143,160,91,1,150,124,180,196,36,46,140,92,82,23,189,81,0,12,22,26,176,193,109,20,67,166,38,139,63,118,48,194,29,198,174,184,35,161,32,72,163,25,51,50,190,10,165,113,156,71,44,65,37,94,173,18,131,119,11,153,80,100,30,134,148,195,97,58,158,43,7,101,181,68,123,6,137,60,54,151,110,187,39,107,55,14,13,111,52,89,75,182,116,162,53,183,69,159,164,90,28,155,73,99,106,136,115,152,2,170,172,86,76,133,85,104,17,8,16,56,21,108,192,40,15,9,33,154,122,179,27,185,127,96,171,141,98,114,64,79,177,47,88,5,186,199,83,59,129,24,95,149,175,62,120,3,169,191,135,146];False
1991;7125;9116;[34,4,144,70,19,87,121,178,102,132,130,84,77,112,93,147,66,157,103,105,74,188,168,31,142,117,167,61,45,138,41,49,78,128,42,57,197,125,145,126,143,160,91,1,150,124,180,196,36,46,140,92,82,23,189,81,0,12,22,26,176,193,109,20,67,166,38,139,63,118,48,194,29,198,174,184,35,161,32,72,163,25,51,50,190,10,165,113,156,71,44,65,37,94,173,18,131,119,83,153,80,100,30,134,148,195,97,58,158,43,7,101,181,68,123,6,137,86,54,151,110,187,39,107,55,14,13,111,52,89,75,182,116,162,53,183,69,159,164,90,28,155,73,99,106,136,115,152,2,170,172,60,76,133,85,104,17,8,16,56,21,108,192,40,15,9,33,154,122,179,27,185,127,96,171,141,98,114,64,79,177,47,88,5,186,199,11,59,129,24,95,149,175,62,120,3,169,191,135,146];False
1989;7125;9114;[34,4,144,70,19,87,121,178,102,132,130,84,77,112,93,147,66,157,103,105,74,188,168,31,142,117,167,61,45,138,41,49,78,128,42,57,197,125,145,126,143,160,91,1,150,124,180,196,36,46,140,92,82,23,189,81,0,12,22,26,176,193,109,20,67,166,38,139,63,118,48,194,29,198,174,184,35,161,32,72,163,25,51,50,190,10,165,113,156,71,44,65,37,94,173,18,131,119,83,153,80,100,30,134,148,195,97,58,158,43,7,101,181,68,123,6,137,60,54,151,110,187,39,107,55,14,13,111,52,89,75,182,116,162,53,183,69,159,164,90,28,155,73,99,106,136,115,152,2,170,172,86,76,133,85,104,17,8,16,56,21,108,192,40,15,9,33,154,122,177,27,185,127,96,171,141,98,114,64,79,179,47,88,5,186,199,11,59,129,24,95,149,175,62,120,3,169,191,135,146];False
1758;7254;9012;[34,4,144,70,19,87,121,178,111,132,130,84,77,112,93,147,66,157,103,105,74,188,168,31,142,117,167,61,182,65,41,49,78,128,42,57,197,125,145,126,143,160,91,1,150,124,180,196,36,46,140,92,82,23,189,81,0,85,22,26,176,193,109,20,170,166,38,139,63,118,48,194,29,198,174,184,35,67,32,72,163,25,51,50,190,10,165,113,156,71,44,138,37,94,173,18,131,119,83,153,101,100,30,134,148,195,97,58,158,43,7,45,181,68,123,6,149,60,54,151,110,187,39,107,55,14,13,172,12,89,75,80,116,162,53,183,69,159,164,90,28,155,73,99,106,136,115,152,2,161,102,86,133,76,52,104,17,8,16,56,21,108,192,40,15,9,33,154,122,179,27,185,127,96,171,141,98,114,64,79,177,47,88,5,186,199,11,59,129,24,95,137,175,62,120,3,169,191,135,146];False
1848;7182;9030;[34,4,144,70,19,87,121,178,111,132,130,84,77,112,93,147,66,157,103,105,74,188,168,31,142,117,167,61,45,138,41,49,78,128,42,57,197,125,145,126,143,160,91,1,150,124,180,196,36,46,140,92,82,23,189,7,0,85,22,26,176,193,109,20,170,166,38,139,63,118,48,194,29,198,174,184,35,67,32,72,163,25,51,50,190,10,165,113,156,71,44,65,37,94,173,18,131,119,83,153,80,100,30,134,148,195,97,58,158,43,187,101,181,68,123,6,149,60,54,151,110,81,39,107,55,14,13,172,12,89,75,182,116,162,53,183,69,159,164,90,28,155,73,99,106,136,115,152,2,161,102,86,133,76,52,104,17,8,16,56,21,108,192,40,15,9,33,154,122,179,27,185,127,96,171,141,98,114,64,79,177,47,88,5,186,199,11,59,129,24,95,137,175,62,120,3,169,191,135,146];False
1828;7192;9020;[34,4,144,70,19,87,121,178,127,132,130,84,77,112,93,147,66,157,103,105,74,188,168,31,142,117,167,61,45,65,41,49,78,128,42,57,197,125,145,126,143,160,91,1,150,124,180,196,36,46,140,92,82,23,189,7,0,85,22,26,176,193,109,20,170,166,38,139,63,118,48,194,29,198,174,184,35,67,32,72,163,25,51,50,190,10,165,113,156,71,44,138,37,94,173,18,131,119,83,153,80,100,30,134,148,195,97,58,158,43,187,101,181,68,123,6,149,60,54,151,110,81,39,107,55,14,13,172,12,89,75,182,116,162,53,183,69,159,164,90,28,155,73,99,106,136,115,152,2,161,102,86,133,76,52,104,17,8,16,56,21,108,192,40,15,9,33,154,122,179,27,185,111,96,171,141,98,114,64,79,177,47,88,5,186,199,11,59,129,24,95,137,175,62,120,3,169,191,135,146];False
1822;7204;9026;[34,4,144,70,19,87,121,178,127,132,130,84,77,112,93,147,66,157,103,105,74,188,168,31,142,117,167,61,45,138,41,49,78,128,42,57,197,125,145,126,35,160,91,1,150,124,180,196,36,46,140,92,82,23,189,7,0,85,22,26,176,193,109,20,170,166,38,139,63,118,48,194,29,198,174,184,143,67,32,72,163,25,51,50,190,10,165,113,156,71,44,65,37,94,173,18,131,119,83,153,80,100,30,134,148,195,97,58,158,43,187,101,181,68,123,6,149,60,54,151,110,81,39,107,55,14,13,172,12,89,75,182,116,162,53,183,69,159,164,90,28,155,73,99,106,136,115,152,2,161,102,86,133,76,52,104,17,8,16,56,21,108,192,40,15,9,33,154,122,179,27,185,111,96,171,141,98,114,64,79,177,47,88,5,186,199,11,59,129,24,95,137,175,62,120,3,169,191,135,146];False
1890;7171;9061;[34,4,144,70,19,87,121,178,127,132,130,84,77,112,93,147,66,157,103,105,74,188,168,31,142,117,167,61,45,138,41,49,78,128,42,57,197,125,145,126,143,160,91,1,150,124,180,196,36,46,140,92,82,67,189,7,0,85,22,26,176,193,109,20,170,166,38,139,63,118,48,194,29,198,174,184,35,23,32,72,163,25,51,50,190,10,165,113,156,71,44,65,37,94,173,18,131,119,83,153,80,100,30,134,148,195,97,58,158,43,187,101,181,68,123,6,149,60,54,151,110,81,39,107,55,14,13,172,12,89,75,182,116,162,53,183,69,159,164,90,28,155,73,99,106,136,115,152,2,161,102,86,133,76,52,104,17,8,16,56,21,108,192,40,15,9,33,154,122,179,27,185,111,96,171,141,98,114,64,79,177,47,88,5,186,199,11,59,129,24,95,137,175,62,120,3,169,191,135,146];False
1871;7173;9044;[34,4,144,70,19,87,121,178,127,132,130,84,77,112,93,147,66,157,103,105,74,188,168,31,142,117,167,61,45,138,41,49,78,128,42,57,197,125,145,126,143,160,91,1,150,124,180,196,36,46,140,92,82,23,189,7,0,85,22,26,176,193,109,20,67,166,38,139,63,118,48,194,29,198,174,184,35,170,32,72,163,25,51,50,190,10,165,113,156,71,44,65,37,94,173,18,131,119,83,153,80,100,30,134,148,195,97,58,158,43,187,101,181,68,123,6,149,60,54,151,110,81,39,107,55,14,13,172,12,89,75,182,116,162,53,183,69,159,164,90,28,155,73,99,106,136,115,152,2,161,102,86,133,76,52,104,17,8,16,56,21,108,192,40,15,9,33,154,122,179,27,185,111,96,171,141,98,114,64,79,177,47,88,5,186,199,11,59,129,24,95,137,175,62,120,3,169,191,135,146];False
1856;7178;9034;[34,4,144,70,19,87,121,178,127,132,130,84,77,112,93,147,66,157,103,105,74,188,168,31,142,117,167,61,45,138,41,49,78,128,42,57,197,125,145,126,143,160,91,1,150,124,180,196,36,46,140,92,82,23,189,7,0,85,22,26,176,193,109,20,170,166,38,139,63,118,48,194,29,198,174,184,35,67,32,72,163,25,51,50,190,10,165,113,156,71,44,65,37,94,173,18,131,119,83,153,80,100,30,134,148,195,97,58,158,43,187,101,181,68,123,6,137,60,54,151,110,81,39,107,55,14,13,172,12,89,75,182,116,162,53,183,69,159,164,90,28,155,73,99,106,136,115,152,2,161,102,86,133,76,52,104,17,8,16,56,21,108,192,40,15,9,33,154,122,179,27,185,111,96,171,141,98,114,64,79,177,47,88,5,186,199,11,59,129,24,95,149,175,62,120,3,169,191,135,146];False
2121;7104;9225;[34,4,144,70,19,87,121,178,102,132,130,84,12,112,93,147,66,157,103,105,74,188,168,31,142,117,167,61,45,138,41,49,78,128,42,57,197,125,145,126,143,160,91,1,150,124,180,196,36,46,140,92,82,23,189,81,0,77,22,26,176,193,109,20,67,166,38,139,63,118,48,194,29,198,174,184,35,161,32,72,163,25,51,50,190,10,165,113,156,71,44,65,37,94,173,18,131,148,83,153,80,100,30,134,119,195,97,58,158,43,7,101,181,68,123,6,137,60,54,151,110,187,39,107,55,14,13,111,52,89,75,182,116,162,53,183,69,159,164,90,28,155,73,99,106,136,115,152,2,170,172,86,76,133,85,104,17,8,16,56,21,108,192,40,15,9,33,154,122,179,27,185,127,96,171,141,98,114,64,79,177,47,88,5,186,199,11,59,129,24,95,149,175,62,120,3,169,191,135,146];False
2079;7115;9194;[34,4,144,70,19,87,121,178,102,132,130,84,77,52,93,147,66,157,103,105,74,188,168,31,142,117,167,61,45,138,41,49,78,128,42,57,197,125,145,126,143,160,91,1,150,124,180,196,36,46,140,92,82,23,189,81,0,12,22,26,176,193,109,20,67,166,38,139,63,118,48,194,29,198,174,184,35,161,32,72,163,25,51,50,190,10,165,113,156,71,44,65,37,94,173,18,131,148,83,153,80,100,30,134,119,195,97,58,158,43,7,101,181,68,123,6,137,60,54,151,110,187,39,107,55,14,13,111,112,89,75,182,116,162,53,183,69,159,164,90,28,155,73,99,106,136,115,152,2,170,172,86,76,133,85,104,17,8,16,56,21,108,192,40,15,9,33,154,122,179,27,185,127,96,171,141,98,114,64,79,177,47,88,5,186,199,11,59,129,24,95,149,175,62,120,3,169,191,135,146];False
2111;7111;9222;[34,4,144,70,19,87,121,178,102,132,130,84,77,112,93,184,66,157,103,105,74,188,168,31,142,117,167,61,45,138,41,49,78,128,42,57,197,125,145,126,143,160,91,1,150,124,180,196,36,46,140,92,82,23,189,81,0,12,22,26,176,193,109,20,67,166,38,139,63,118,48,194,29,198,174,147,35,161,32,72,163,25,51,50,190,10,165,113,156,71,44,65,37,94,173,18,131,148,83,153,80,100,30,134,119,195,97,58,158,43,7,101,181,68,123,6,137,60,54,151,110,187,39,107,55,14,13,111,52,89,75,182,116,162,53,183,69,159,164,90,28,155,73,99,106,136,115,152,2,170,172,86,76,133,85,104,17,8,16,56,21,108,192,40,15,9,33,154,122,179,27,185,127,96,171,141,98,114,64,79,177,47,88,5,186,199,11,59,129,24,95,149,175,62,120,3,169,191,135,146];False
2098;7111;9209;[34,4,144,70,19,87,121,178,102,132,130,84,77,112,93,147,66,157,103,105,74,188,168,31,142,117,167,61,45,138,41,49,78,128,42,57,197,125,145,109,143,160,91,1,150,124,180,196,36,46,140,92,82,23,189,81,0,12,22,26,176,193,126,20,67,166,38,139,63,118,48,194,29,198,174,184,35,161,32,72,163,25,51,50,190,10,165,113,156,71,44,65,37,94,173,18,131,148,83,153,80,100,30,134,119,195,97,58,158,43,7,101,181,68,123,6,137,60,54,151,110,187,39,107,55,14,13,111,52,89,75,182,116,162,53,183,69,159,164,90,28,155,73,99,106,136,115,152,2,170,172,86,76,133,85,104,17,8,16,56,21,108,192,40,15,9,33,154,122,179,27,185,127,96,171,141,98,114,64,79,177,47,88,5,186,199,11,59,129,24,95,149,175,62,120,3,169,191,135,146];False
2068;7112;9180;[34,4,144,70,19,87,121,178,102,132,130,84,77,112,93,147,66,157,103,105,74,188,168,31,142,117,167,61,45,138,41,49,78,128,42,57,197,125,145,126,20,160,91,1,150,124,180,196,36,46,140,92,82,23,189,81,0,12,22,26,176,193,109,143,67,166,38,139,63,118,48,194,29,198,174,184,35,161,32,72,163,25,51,50,190,10,165,113,156,71,44,65,37,94,173,18,131,148,83,153,80,100,30,134,119,195,97,58,158,43,7,101,181,68,123,6,137,60,54,151,110,187,39,107,55,14,13,111,52,89,75,182,116,162,53,183,69,159,164,90,28,155,73,99,106,136,115,152,2,170,172,86,76,133,85,104,17,8,16,56,21,108,192,40,15,9,33,154,122,179,27,185,127,96,171,141,98,114,64,79,177,47,88,5,186,199,11,59,129,24,95,149,175,62,120,3,169,191,135,146];False
2013;7121;9134;[34,4,144,70,19,87,121,178,102,132,130,84,77,112,93,147,66,157,103,105,74,188,168,31,142,117,167,61,45,138,41,49,78,128,42,57,197,125,145,126,143,160,91,1,150,124,180,196,36,46,140,92,82,23,189,195,0,12,22,26,176,193,109,20,67,166,38,139,63,118,48,194,29,198,174,184,35,161,32,72,163,25,51,50,190,10,165,113,156,71,44,65,37,94,173,18,131,148,83,153,80,100,30,134,119,81,97,58,158,43,7,101,181,68,123,6,137,60,54,151,110,187,39,107,55,14,13,111,52,89,75,182,116,162,53,183,69,159,164,90,28,155,73,99,106,136,115,152,2,170,172,86,76,133,85,104,17,8,16,56,21,108,192,40,15,9,33,154,122,179,27,185,127,96,171,141,98,114,64,79,177,47,88,5,186,199,11,59,129,24,95,149,175,62,120,3,169,191,135,146];False
2144;7099;9243;[34,4,144,70,19,87,121,178,102,132,130,84,77,112,93,147,66,157,103,105,74,188,168,31,142,117,167,61,45,138,41,49,78,128,42,57,197,125,145,126,143,160,91,1,150,124,180,196,36,46,140,92,82,23,189,81,0,12,22,26,176,193,109,20,67,166,38,139,63,118,48,194,29,198,174,16,35,161,32,72,163,25,51,50,190,10,165,113,156,71,44,65,37,94,173,18,131,148,83,153,80,100,30,134,119,195,97,58,158,43,7,101,181,68,123,6,137,60,54,151,110,187,39,107,55,14,13,111,52,89,75,182,116,162,53,183,69,159,164,90,28,155,73,99,106,136,115,152,2,170,172,86,76,133,85,104,17,8,184,56,21,108,192,40,15,9,33,154,122,179,27,185,127,96,171,141,98,114,64,79,177,47,88,5,186,199,11,59,129,24,95,149,175,62,120,3,169,191,135,146];False
2007;7123;9130;[34,4,144,70,19,87,121,178,102,132,130,84,77,112,93,147,66,157,103,105,74,188,168,31,142,117,167,61,45,138,41,49,78,128,42,57,197,125,145,126,143,160,91,1,150,124,180,196,36,46,140,92,82,23,189,81,0,12,22,26,176,193,109,20,67,166,38,139,63,118,48,194,29,198,174,184,35,161,32,72,163,25,51,50,190,10,165,113,156,71,44,65,37,94,173,18,131,148,83,153,80,100,30,134,195,119,97,58,158,43,7,101,181,68,123,6,137,60,54,151,110,187,39,107,55,14,13,111,52,89,75,182,116,162,53,183,69,159,164,90,28,155,73,99,106,136,115,152,2,170,172,86,76,133,85,104,17,8,16,56,21,108,192,40,15,9,33,154,122,179,27,185,127,96,171,141,98,114,64,79,177,47,88,5,186,199,11,59,129,24,95,149,175,62,120,3,169,191,135,146];False
2094;7107;9201;[34,4,144,70,19,87,121,178,102,132,130,84,77,112,93,147,66,157,103,105,74,188,168,31,142,117,167,61,45,138,41,49,78,128,42,57,197,125,145,126,143,160,91,1,150,124,180,196,36,46,140,92,82,23,189,81,0,12,22,26,176,193,109,20,67,166,38,139,63,118,48,194,29,198,174,184,35,161,32,72,163,25,51,50,190,10,165,113,156,71,44,65,37,94,173,18,131,148,83,153,80,100,30,134,119,195,97,58,158,43,7,101,181,68,123,6,137,86,54,151,110,187,39,107,55,14,13,111,52,89,75,182,116,162,53,183,69,159,164,90,28,155,73,99,106,136,115,152,2,170,172,60,76,133,85,104,17,8,16,56,21,108,192,40,15,9,33,154,122,179,27,185,127,96,171,141,98,114,64,79,177,47,88,5,186,199,11,59,129,24,95,149,175,62,120,3,169,191,135,146];False
2057;7111;9168;[34,4,144,70,19,87,121,178,102,132,130,84,77,112,93,147,66,157,103,105,74,188,168,31,142,117,167,61,45,138,41,49,78,128,42,57,197,125,145,126,143,160,91,1,150,124,180,196,36,46,140,92,82,23,189,81,0,12,22,26,176,193,109,20,67,166,38,139,63,118,48,194,29,198,174,184,35,161,32,72,163,25,51,50,190,10,165,113,156,71,44,65,37,94,173,18,131,148,83,153,80,100,30,134,119,195,97,58,158,43,7,101,181,68,123,6,137,60,54,151,110,187,39,107,55,14,13,111,52,89,75,182,116,162,53,183,69,159,164,90,28,155,73,99,106,136,115,2,152,170,172,86,76,133,85,104,17,8,16,56,21,108,192,40,15,9,33,154,122,179,27,185,127,96,171,141,98,114,64,79,177,47,88,5,186,199,11,59,129,24,95,149,175,62,120,3,169,191,135,146];False
2092;7107;9199;[34,4,144,70,19,87,121,178,102,132,130,84,77,112,93,147,66,157,103,105,74,188,168,31,142,117,167,61,45,138,41,49,78,128,42,57,197,125,145,126,143,160,91,1,150,124,180,196,36,46,140,92,82,23,189,81,0,12,22,26,176,193,109,20,67,166,38,139,63,118,48,194,29,198,174,184,35,161,32,72,163,25,51,50,190,10,165,113,156,71,44,65,37,94,173,18,131,148,83,153,80,100,30,134,119,195,97,58,158,43,7,101,181,68,123,6,137,60,54,151,110,187,39,107,55,14,13,111,52,89,75,182,116,162,53,183,69,159,164,90,28,155,73,99,106,136,115,152,2,170,172,86,76,133,85,104,17,8,16,56,21,108,192,40,15,9,33,154,122,177,27,185,127,96,171,141,98,114,64,79,179,47,88,5,186,199,11,59,129,24,95,149,175,62,120,3,169,191,135,146];False
2048;7115;9163;[34,4,144,70,19,87,121,178,102,132,130,84,12,112,93,147,66,157,103,105,74,188,168,31,142,117,167,61,45,138,41,49,78,128,42,57,197,125,145,126,143,160,91,1,150,124,180,196,36,46,140,92,82,23,189,81,0,77,22,26,176,193,109,20,67,166,38,139,63,118,48,194,29,198,174,184,35,161,32,72,163,25,51,50,190,10,165,113,156,71,44,65,37,94,173,18,131,119,83,153,80,100,30,134,148,195,97,58,158,43,7,101,181,68,123,6,137,60,54,151,110,187,39,107,55,14,13,111,52,89,75,182,116,162,53,183,69,159,164,90,28,155,73,99,106,136,115,2,152,170,172,86,76,133,85,104,17,8,16,56,21,108,192,40,15,9,33,154,122,179,27,185,127,96,171,141,98,114,64,79,177,47,88,5,186,199,11,59,129,24,95,149,175,62,120,3,169,191,135,146];False
1995;7123;9118;[34,4,144,70,19,87,121,178,102,132,130,84,77,112,93,147,66,157,103,105,74,188,168,31,142,117,167,61,45,138,41,49,78,128,42,57,197,125,145,126,20,160,91,1,150,124,180,196,36,46,140,92,82,23,189,81,0,12,22,26,176,193,109,143,67,166,38,139,63,118,48,194,29,198,174,184,35,161,32,72,163,25,51,50,190,10,165,113,156,71,44,65,37,94,173,18,131,119,83,153,80,100,30,134,148,195,97,58,158,43,7,101,181,68,123,6,137,60,54,151,110,187,39,107,55,14,13,111,52,89,75,182,116,162,53,183,69,159,164,90,28,155,73,99,106,136,115,2,152,170,172,86,76,133,85,104,17,8,16,56,21,108,192,40,15,9,33,154,122,179,27,185,127,96,171,141,98,114,64,79,177,47,88,5,186,199,11,59,129,24,95,149,175,62,120,3,169,191,135,146];False
1980;7128;9108;[34,4,144,70,19,87,121,178,102,132,130,84,77,112,93,147,66,157,103,105,74,188,168,31,142,117,167,61,45,138,41,49,78,128,42,57,197,125,145,126,143,160,91,1,150,124,180,196,36,46,140,92,82,23,189,187,0,12,22,26,176,193,109,20,67,166,38,139,63,118,48,194,29,198,174,184,35,161,32,72,163,25,51,50,190,10,165,113,156,71,44,65,37,94,173,18,131,119,83,153,80,100,30,134,148,195,97,58,158,43,7,101,181,68,123,6,137,60,54,151,110,81,39,107,55,14,13,111,52,89,75,182,116,162,53,183,69,159,164,90,28,155,73,99,106,136,115,2,152,170,172,86,76,133,85,104,17,8,16,56,21,108,192,40,15,9,33,154,122,179,27,185,127,96,171,141,98,114,64,79,177,47,88,5,186,199,11,59,129,24,95,149,175,62,120,3,169,191,135,146];False
2112;7105;9217;[34,4,144,70,19,87,121,178,102,132,130,84,77,112,93,147,66,157,103,105,74,188,168,31,142,117,167,61,45,138,41,49,78,128,42,57,197,125,145,126,143,160,91,1,150,124,180,196,36,46,140,92,82,23,189,81,0,12,22,26,176,193,109,190,67,166,38,139,63,118,48,194,29,198,174,184,35,161,32,72,163,25,51,50,20,10,165,113,156,71,44,65,37,94,173,18,131,119,83,153,80,100,30,134,148,195,97,58,158,43,7,101,181,68,123,6,137,60,54,151,110,187,39,107,55,14,13,111,52,89,75,182,116,162,53,183,69,159,164,90,28,155,73,99,106,136,115,2,152,170,172,86,76,133,85,104,17,8,16,56,21,108,192,40,15,9,33,154,122,179,27,185,127,96,171,141,98,114,64,79,177,47,88,5,186,199,11,59,129,24,95,149,175,62,120,3,169,191,135,146];False
2071;7110;9181;[34,4,144,70,19,87,121,178,102,132,130,84,77,112,93,147,66,157,103,105,74,188,168,31,142,117,167,61,45,138,41,49,78,128,42,57,197,125,145,126,143,160,91,1,150,124,180,196,36,46,140,92,82,23,189,81,0,12,22,26,176,193,109,20,67,166,38,139,63,118,48,194,29,198,174,16,35,161,32,72,163,25,51,50,190,10,165,113,156,71,44,65,37,94,173,18,131,119,83,153,80,100,30,134,148,195,97,58,158,43,7,101,181,68,123,6,137,60,54,151,110,187,39,107,55,14,13,111,52,89,75,182,116,162,53,183,69,159,164,90,28,155,73,99,106,136,115,2,152,170,172,86,76,133,85,104,17,8,184,56,21,108,192,40,15,9,33,154,122,179,27,185,127,96,171,141,98,114,64,79,177,47,88,5,186,199,11,59,129,24,95,149,175,62,120,3,169,191,135,146];False
1969;7126;9095;[34,4,144,70,19,87,121,178,102,132,130,84,77,112,93,147,66,157,103,105,74,188,168,31,142,117,167,61,45,138,41,49,78,128,42,57,197,125,145,126,143,160,91,1,150,124,180,196,36,46,140,92,82,23,189,81,0,12,22,26,176,193,109,20,67,166,38,139,63,118,48,194,29,198,174,184,35,161,32,72,163,25,51,50,190,10,165,113,156,71,44,65,37,94,173,18,131,119,11,153,80,100,30,134,148,195,97,58,158,43,7,101,181,68,123,6,137,60,54,151,110,187,39,107,55,14,13,111,52,89,75,182,116,162,53,183,69,159,164,90,28,155,73,99,106,136,115,2,152,170,172,86,76,133,85,104,17,8,16,56,21,108,192,40,15,9,33,154,122,179,27,185,127,96,171,141,98,114,64,79,177,47,88,5,186,199,83,59,129,24,95,149,175,62,120,3,169,191,135,146];False
2021;7118;9139;[34,4,144,70,19,87,121,178,102,132,130,84,77,112,93,147,66,157,103,105,74,188,168,31,142,117,167,61,45,138,41,49,78,128,42,57,197,125,145,126,143,160,91,1,150,124,180,196,36,46,140,92,82,23,189,81,0,12,22,26,176,193,109,20,67,166,38,139,63,118,48,194,29,198,174,184,35,161,32,72,163,25,51,50,190,10,165,113,156,71,44,65,37,94,173,18,131,119,83,153,80,100,30,134,148,195,97,58,158,43,7,101,181,68,123,6,137,86,54,151,110,187,39,107,55,14,13,111,52,89,75,182,116,162,53,183,69,159,164,90,28,155,73,99,106,136,115,2,152,170,172,60,76,133,85,104,17,8,16,56,21,108,192,40,15,9,33,154,122,179,27,185,127,96,171,141,98,114,64,79,177,47,88,5,186,199,11,59,129,24,95,149,175,62,120,3,169,191,135,146];False
2019;7118;9137;[34,4,144,70,19,87,121,178,102,132,130,84,77,112,93,147,66,157,103,105,74,188,168,31,142,117,167,61,45,138,41,49,78,128,42,57,197,125,145,126,143,160,91,1,150,124,180,196,36,46,140,92,82,23,189,81,0,12,22,26,176,193,109,20,67,166,38,139,63,118,48,194,29,198,174,184,35,161,32,72,163,25,51,50,190,10,165,113,156,71,44,65,37,94,173,18,131,119,83,153,80,100,30,134,148,195,97,58,158,43,7,101,181,68,123,6,137,60,54,151,110,187,39,107,55,14,13,111,52,89,75,182,116,162,53,183,69,159,164,90,28,155,73,99,106,136,115,2,152,170,172,86,76,133,85,104,17,8,16,56,21,108,192,40,15,9,33,154,122,177,27,185,127,96,171,141,98,114,64,79,179,47,88,5,186,199,11,59,129,24,95,149,175,62,120,3,169,191,135,146];False
1993;7124;9117;[34,4,144,70,19,87,121,178,102,132,130,84,77,112,93,147,66,157,103,105,74,188,168,31,142,117,167,61,45,138,41,49,78,128,42,57,197,125,145,126,143,160,91,1,150,124,180,196,36,46,140,92,82,23,189,81,0,12,22,26,176,193,109,20,67,166,38,139,63,118,48,194,29,198,174,184,35,161,32,72,163,25,51,50,190,10,165,113,156,71,44,65,37,94,173,18,131,119,83,153,80,100,30,134,148,195,97,58,158,43,7,101,181,68,123,6,137,60,54,151,110,187,39,107,55,14,13,111,52,89,75,182,116,162,53,183,69,159,164,90,28,155,73,99,106,136,115,2,152,170,172,86,76,133,85,104,17,8,16,56,21,108,192,40,15,9,33,154,122,179,47,185,127,96,171,141,98,114,64,79,177,27,88,5,186,199,11,59,129,24,95,149,175,62,120,3,169,191,135,146];False
1894;7149;9043;[34,4,144,70,19,87,121,178,102,132,130,84,77,112,93,147,66,157,103,105,74,188,168,31,142,117,167,61,45,65,41,49,78,128,42,57,197,125,145,126,143,160,91,1,150,124,180,196,36,46,140,92,82,23,189,81,119,12,22,26,176,193,109,20,67,166,38,139,63,118,48,194,29,198,174,184,35,161,32,72,163,25,51,50,190,10,165,113,156,71,44,138,37,94,173,18,131,0,83,153,80,100,30,134,148,195,97,58,158,43,7,101,181,68,123,6,137,60,54,151,110,187,39,107,55,14,13,111,52,89,75,182,116,162,53,183,69,159,164,90,28,155,73,99,106,136,115,152,2,170,172,86,76,133,85,104,17,8,16,56,21,108,192,40,15,9,33,154,122,179,27,185,127,96,171,141,98,114,64,79,177,47,88,5,186,199,11,59,129,24,95,149,175,62,120,3,169,191,135,146];False
1889;7169;9058;[34,4,144,70,19,87,121,178,102,132,130,84,77,112,2,147,66,157,103,105,74,188,168,31,142,117,167,61,45,138,41,49,78,128,42,57,197,125,145,126,143,160,91,1,150,124,180,196,36,46,140,92,82,23,189,81,119,12,22,26,176,193,109,20,67,166,38,139,63,118,48,194,29,198,174,184,35,161,32,72,163,25,51,50,190,10,165,113,156,71,44,65,37,94,173,18,131,0,83,153,80,100,30,134,148,195,97,58,158,43,7,101,181,68,123,6,137,60,54,151,110,187,39,107,55,14,13,111,52,89,75,182,116,162,53,183,69,159,164,90,28,155,73,99,106,136,115,152,93,170,172,86,76,133,85,104,17,8,16,56,21,108,192,40,15,9,33,154,122,179,27,185,127,96,171,141,98,114,64,79,177,47,88,5,186,199,11,59,129,24,95,149,175,62,120,3,169,191,135,146];False
1945;7132;9077;[34,4,144,70,19,87,121,178,102,132,130,84,77,112,93,147,66,157,103,105,74,188,168,31,142,117,167,61,45,138,41,49,78,128,42,57,197,125,145,126,143,160,91,1,150,124,180,196,36,46,140,92,82,23,189,81,134,12,22,26,176,193,109,20,67,166,38,139,63,118,48,194,29,198,174,184,35,161,32,72,163,25,51,50,190,10,165,113,156,71,44,65,37,94,173,18,131,0,83,153,80,100,30,119,148,195,97,58,158,43,7,101,181,68,123,6,137,60,54,151,110,187,39,107,55,14,13,111,52,89,75,182,116,162,53,183,69,159,164,90,28,155,73,99,106,136,115,152,2,170,172,86,76,133,85,104,17,8,16,56,21,108,192,40,15,9,33,154,122,179,27,185,127,96,171,141,98,114,64,79,177,47,88,5,186,199,11,59,129,24,95,149,175,62,120,3,169,191,135,146];False
1880;7167;9047;[34,4,144,70,19,87,121,178,102,132,130,84,77,112,93,147,66,157,103,105,74,188,168,31,142,117,167,61,45,138,41,49,78,128,42,57,197,125,145,126,143,160,91,1,150,124,180,196,36,46,140,92,82,23,189,81,119,12,22,26,176,193,109,20,67,166,38,139,63,118,48,194,29,198,174,184,35,161,32,72,163,25,51,50,190,10,165,113,156,71,44,65,37,94,173,18,131,0,83,153,101,100,30,134,148,195,97,58,158,43,7,80,181,68,123,6,137,60,54,151,110,187,39,107,55,14,13,111,52,89,75,182,116,162,53,183,69,159,164,90,28,155,73,99,106,136,115,152,2,170,172,86,76,133,85,104,17,8,16,56,21,108,192,40,15,9,33,154,122,179,27,185,127,96,171,141,98,114,64,79,177,47,88,5,186,199,11,59,129,24,95,149,175,62,120,3,169,191,135,146];False
1876;7153;9029;[34,4,144,70,19,87,121,178,102,132,130,84,77,112,93,147,66,157,103,105,74,188,168,31,142,117,167,61,45,138,41,49,78,128,42,57,197,125,145,126,143,160,91,1,150,124,180,196,36,46,140,92,82,23,189,81,119,12,22,26,176,193,109,20,67,166,38,139,63,118,48,194,29,198,174,184,35,161,32,72,163,25,51,50,190,10,165,113,156,71,44,65,37,94,173,18,131,0,83,153,80,100,30,134,148,195,97,58,158,43,7,101,181,68,123,6,149,60,54,151,110,187,39,107,55,14,13,111,52,89,75,182,116,162,53,183,69,159,164,90,28,155,73,99,106,136,115,152,2,170,172,86,76,133,85,104,17,8,16,56,21,108,192,40,15,9,33,154,122,179,27,185,127,96,171,141,98,114,64,79,177,47,88,5,186,199,11,59,129,24,95,137,175,62,120,3,169,191,135,146];False
2135;7103;9238;[34,4,144,70,19,87,121,178,102,132,130,84,12,112,93,147,66,157,103,105,74,188,168,31,142,117,167,61,45,138,41,49,78,128,42,57,197,125,145,126,143,160,91,1,150,124,180,196,36,46,140,92,82,23,189,81,0,77,22,26,176,193,109,20,67,166,38,139,63,118,48,194,29,198,174,16,35,161,32,72,163,25,51,50,190,10,165,113,156,71,44,65,37,94,173,18,131,119,83,153,80,100,30,134,148,195,97,58,158,43,7,101,181,68,123,6,137,60,54,151,110,187,39,107,55,14,13,111,52,89,75,182,116,162,53,183,69,159,164,90,28,155,73,99,106,136,115,152,2,170,172,86,76,133,85,104,17,8,184,56,21,108,192,40,15,9,33,154,122,179,27,185,127,96,171,141,98,114,64,79,177,47,88,5,186,199,11,59,129,24,95,149,175,62,120,3,169,191,135,146];False
2056;7114;9170;[34,4,144,70,19,87,121,178,102,132,130,84,77,112,93,147,66,157,103,105,74,188,168,31,142,117,167,61,45,138,41,49,78,128,42,57,197,125,145,126,143,160,91,1,150,124,180,196,36,46,140,92,82,23,189,81,0,12,22,26,176,193,109,20,67,166,38,139,63,118,48,194,29,198,174,16,35,161,32,72,163,25,51,50,190,10,165,113,156,71,44,65,37,94,173,18,131,119,11,153,80,100,30,134,148,195,97,58,158,43,7,101,181,68,123,6,137,60,54,151,110,187,39,107,55,14,13,111,52,89,75,182,116,162,53,183,69,159,164,90,28,155,73,99,106,136,115,152,2,170,172,86,76,133,85,104,17,8,184,56,21,108,192,40,15,9,33,154,122,179,27,185,127,96,171,141,98,114,64,79,177,47,88,5,186,199,83,59,129,24,95,149,175,62,120,3,169,191,135,146];False
2108;7106;9214;[34,4,144,70,19,87,121,178,102,132,130,84,77,112,93,147,66,157,103,105,74,188,168,31,142,117,167,61,45,138,41,49,78,128,42,57,197,125,145,126,143,160,91,1,150,124,180,196,36,46,140,92,82,23,189,81,0,12,22,26,176,193,109,20,67,166,38,139,63,118,48,194,29,198,174,16,35,161,32,72,163,25,51,50,190,10,165,113,156,71,44,65,37,94,173,18,131,119,83,153,80,100,30,134,148,195,97,58,158,43,7,101,181,68,123,6,137,86,54,151,110,187,39,107,55,14,13,111,52,89,75,182,116,162,53,183,69,159,164,90,28,155,73,99,106,136,115,152,2,170,172,60,76,133,85,104,17,8,184,56,21,108,192,40,15,9,33,154,122,179,27,185,127,96,171,141,98,114,64,79,177,47,88,5,186,199,11,59,129,24,95,149,175,62,120,3,169,191,135,146];False
2106;7106;9212;[34,4,144,70,19,87,121,178,102,132,130,84,77,112,93,147,66,157,103,105,74,188,168,31,142,117,167,61,45,138,41,49,78,128,42,57,197,125,145,126,143,160,91,1,150,124,180,196,36,46,140,92,82,23,189,81,0,12,22,26,176,193,109,20,67,166,38,139,63,118,48,194,29,198,174,16,35,161,32,72,163,25,51,50,190,10,165,113,156,71,44,65,37,94,173,18,131,119,83,153,80,100,30,134,148,195,97,58,158,43,7,101,181,68,123,6,137,60,54,151,110,187,39,107,55,14,13,111,52,89,75,182,116,162,53,183,69,159,164,90,28,155,73,99,106,136,115,152,2,170,172,86,76,133,85,104,17,8,184,56,21,108,192,40,15,9,33,154,122,177,27,185,127,96,171,141,98,114,64,79,179,47,88,5,186,199,11,59,129,24,95,149,175,62,120,3,169,191,135,146];False
1916;7142;9058;[34,4,144,70,19,87,121,178,102,132,130,84,77,112,93,147,66,157,103,105,74,188,168,31,142,117,167,61,45,138,41,49,78,128,42,57,197,125,145,126,143,160,91,1,150,124,180,196,36,46,140,92,82,23,189,81,0,12,22,26,176,193,109,20,67,166,38,139,63,118,48,194,29,198,174,184,35,161,32,72,163,25,51,50,190,10,165,113,156,71,44,65,37,94,173,18,131,119,11,153,80,100,30,134,148,195,97,58,158,43,7,101,181,68,123,6,149,60,54,151,110,187,39,107,55,14,13,111,52,89,75,182,116,162,53,183,69,159,164,90,28,155,73,99,106,136,115,152,2,170,172,86,76,133,85,104,17,8,16,56,21,108,192,40,15,9,33,154,122,179,27,185,127,96,171,141,98,114,64,79,177,47,88,5,186,199,83,59,129,24,95,137,175,62,120,3,169,191,135,146];False
2006;7122;9128;[34,4,144,70,19,87,121,178,102,132,130,84,77,112,93,147,66,157,103,105,74,188,168,31,142,117,167,61,45,138,41,49,78,128,42,57,197,125,145,126,143,160,91,1,150,124,180,196,36,46,140,92,82,23,189,81,0,12,22,26,176,193,109,20,67,166,38,139,63,118,48,194,29,198,174,184,35,161,32,72,163,25,51,50,190,10,165,113,156,71,44,65,37,94,173,18,131,119,11,153,80,100,30,134,148,195,97,58,158,43,7,101,181,68,123,6,137,86,54,151,110,187,39,107,55,14,13,111,52,89,75,182,116,162,53,183,69,159,164,90,28,155,73,99,106,136,115,152,2,170,172,60,76,133,85,104,17,8,16,56,21,108,192,40,15,9,33,154,122,179,27,185,127,96,171,141,98,114,64,79,177,47,88,5,186,199,83,59,129,24,95,149,175,62,120,3,169,191,135,146];False
2004;7122;9126;[34,4,144,70,19,87,121,178,102,132,130,84,77,112,93,147,66,157,103,105,74,188,168,31,142,117,167,61,45,138,41,49,78,128,42,57,197,125,145,126,143,160,91,1,150,124,180,196,36,46,140,92,82,23,189,81,0,12,22,26,176,193,109,20,67,166,38,139,63,118,48,194,29,198,174,184,35,161,32,72,163,25,51,50,190,10,165,113,156,71,44,65,37,94,173,18,131,119,11,153,80,100,30,134,148,195,97,58,158,43,7,101,181,68,123,6,137,60,54,151,110,187,39,107,55,14,13,111,52,89,75,182,116,162,53,183,69,159,164,90,28,155,73,99,106,136,115,152,2,170,172,86,76,133,85,104,17,8,16,56,21,108,192,40,15,9,33,154,122,177,27,185,127,96,171,141,98,114,64,79,179,47,88,5,186,199,83,59,129,24,95,149,175,62,120,3,169,191,135,146];False
1861;7176;9037;[34,4,144,70,19,87,121,178,101,132,130,84,77,112,93,147,66,157,103,105,74,188,168,31,142,117,167,61,45,138,41,49,78,128,42,57,197,125,145,126,143,160,91,1,150,124,180,196,36,46,140,92,82,23,189,7,0,85,22,26,176,193,109,20,170,166,38,139,63,118,48,194,29,198,174,184,35,67,32,72,163,25,51,50,190,10,165,113,156,71,44,65,37,94,173,18,131,119,83,153,80,100,30,134,148,195,97,58,158,43,187,111,181,68,123,6,149,60,54,151,110,81,39,107,55,14,13,172,12,89,75,182,116,162,53,183,69,159,164,90,28,155,73,99,106,136,115,152,2,161,102,86,133,76,52,104,17,8,16,56,21,108,192,40,15,9,33,154,122,179,27,185,127,96,171,141,98,114,64,79,177,47,88,5,186,199,11,59,129,24,95,137,175,62,120,3,169,191,135,146];False
1817;7209;9026;[34,4,144,70,19,87,121,178,127,132,130,84,77,112,93,147,66,157,103,105,74,188,168,31,142,117,167,61,45,65,41,49,78,128,42,57,197,125,145,126,35,160,91,1,150,124,180,196,36,46,140,92,82,23,189,7,0,85,22,26,176,193,109,20,170,166,38,139,63,118,48,194,29,198,174,184,143,67,32,72,163,25,51,50,190,10,165,113,156,71,44,138,37,94,173,18,131,119,83,153,80,100,30,134,148,195,97,58,158,43,187,101,181,68,123,6,149,60,54,151,110,81,39,107,55,14,13,172,12,89,75,182,116,162,53,183,69,159,164,90,28,155,73,99,106,136,115,152,2,161,102,86,133,76,52,104,17,8,16,56,21,108,192,40,15,9,33,154,122,179,27,185,111,96,171,141,98,114,64,79,177,47,88,5,186,199,11,59,129,24,95,137,175,62,120,3,169,191,135,146];False
1819;7203;9022;[34,4,144,70,19,87,121,178,127,132,130,84,77,112,93,147,66,157,103,105,74,188,168,31,142,117,167,61,45,138,41,49,78,128,42,57,197,125,145,126,143,160,91,1,150,124,180,196,36,46,140,92,82,23,189,7,0,85,22,26,176,193,109,20,67,166,38,139,63,118,48,194,29,198,174,184,35,25,32,72,163,170,51,50,190,10,165,113,156,71,44,65,37,94,173,18,131,119,83,153,80,100,30,134,148,195,97,58,158,43,187,101,181,68,123,6,149,60,54,151,110,81,39,107,55,14,13,172,12,89,75,182,116,162,53,183,69,159,164,90,28,155,73,99,106,136,115,152,2,161,102,86,133,76,52,104,17,8,16,56,21,108,192,40,15,9,33,154,122,179,27,185,111,96,171,141,98,114,64,79,177,47,88,5,186,199,11,59,129,24,95,137,175,62,120,3,169,191,135,146];False
1791;7235;9026;[34,4,144,70,19,87,121,178,127,132,130,84,77,112,93,147,66,157,103,105,74,188,168,31,142,117,167,61,45,138,41,49,78,128,42,57,197,125,145,126,143,160,91,1,150,124,180,196,36,46,140,92,82,23,189,7,0,85,22,26,176,193,109,20,170,166,38,139,63,118,48,194,29,198,174,184,35,67,32,72,163,25,51,50,190,10,165,113,156,71,44,65,37,94,173,18,131,119,83,153,80,100,30,134,148,195,97,58,158,43,187,101,181,68,123,6,137,60,54,151,110,81,39,107,55,14,13,172,12,89,75,182,149,162,53,183,69,159,164,90,28,155,73,99,106,136,115,152,2,161,102,86,133,76,52,104,17,8,16,56,21,108,192,40,15,9,33,154,122,179,27,185,111,96,171,141,98,114,64,79,177,47,88,5,186,199,11,59,129,24,95,116,175,62,120,3,169,191,135,146];False
2063;7106;9169;[34,4,144,70,19,87,121,178,102,132,130,84,195,112,93,147,66,157,103,105,74,188,168,31,142,117,167,61,45,138,41,49,78,128,42,57,197,125,145,126,143,160,91,1,150,124,180,196,36,46,140,92,82,23,189,81,0,77,22,26,176,193,109,20,67,166,38,139,63,118,48,194,29,198,174,184,35,161,32,72,163,25,51,50,190,10,165,113,156,71,44,65,37,94,173,18,131,148,83,153,80,100,30,134,119,12,97,58,158,43,7,101,181,68,123,6,137,60,54,151,110,187,39,107,55,14,13,111,52,89,75,182,116,162,53,183,69,159,164,90,28,155,73,99,106,136,115,152,2,170,172,86,76,133,85,104,17,8,16,56,21,108,192,40,15,9,33,154,122,179,27,185,127,96,171,141,98,114,64,79,177,47,88,5,186,199,11,59,129,24,95,149,175,62,120,3,169,191,135,146];False
2130;7102;9232;[34,4,144,70,19,87,121,178,102,132,130,84,77,112,93,147,66,157,103,105,74,188,168,31,142,117,167,61,45,138,41,49,78,128,42,57,197,125,145,126,143,160,91,1,150,124,180,196,36,46,140,92,82,23,189,195,0,12,22,26,176,193,109,20,67,166,38,139,63,118,48,194,29,198,174,16,35,161,32,72,163,25,51,50,190,10,165,113,156,71,44,65,37,94,173,18,131,148,83,153,80,100,30,134,119,81,97,58,158,43,7,101,181,68,123,6,137,60,54,151,110,187,39,107,55,14,13,111,52,89,75,182,116,162,53,183,69,159,164,90,28,155,73,99,106,136,115,152,2,170,172,86,76,133,85,104,17,8,184,56,21,108,192,40,15,9,33,154,122,179,27,185,127,96,171,141,98,114,64,79,177,47,88,5,186,199,11,59,129,24,95,149,175,62,120,3,169,191,135,146];False
1966;7122;9088;[34,4,144,70,19,87,121,178,102,132,130,84,77,112,93,147,66,157,103,105,74,188,168,31,142,117,167,61,45,138,41,49,78,128,42,57,197,125,145,126,143,160,91,1,150,124,180,196,36,46,140,92,82,23,189,195,0,12,22,26,176,193,109,20,67,166,38,139,63,118,48,194,29,198,174,184,35,161,32,72,163,25,51,50,190,10,165,113,156,71,44,65,37,94,173,18,131,148,83,153,80,100,30,134,119,11,97,58,158,43,7,101,181,68,123,6,137,60,54,151,110,187,39,107,55,14,13,111,52,89,75,182,116,162,53,183,69,159,164,90,28,155,73,99,106,136,115,152,2,170,172,86,76,133,85,104,17,8,16,56,21,108,192,40,15,9,33,154,122,179,27,185,127,96,171,141,98,114,64,79,177,47,88,5,186,199,81,59,129,24,95,149,175,62,120,3,169,191,135,146];False
2043;7114;9157;[34,4,144,70,19,87,121,178,102,132,130,84,77,112,93,147,66,157,103,105,74,188,168,31,142,117,167,61,45,138,41,49,78,128,42,57,197,125,145,126,143,160,91,1,150,124,180,196,36,46,140,92,82,23,189,195,0,12,22,26,176,193,109,20,67,166,38,139,63,118,48,194,29,198,174,184,35,161,32,72,163,25,51,50,190,10,165,113,156,71,44,65,37,94,173,18,131,148,83,153,80,100,30,134,119,81,97,58,158,43,7,101,181,68,123,6,137,60,54,151,110,187,39,107,55,14,13,111,52,89,75,182,116,162,53,183,69,159,164,90,28,155,73,99,106,136,115,2,152,170,172,86,76,133,85,104,17,8,16,56,21,108,192,40,15,9,33,154,122,179,27,185,127,96,171,141,98,114,64,79,177,47,88,5,186,199,11,59,129,24,95,149,175,62,120,3,169,191,135,146];False
2098;7105;9203;[34,4,144,70,19,87,121,178,102,132,130,84,77,112,93,147,66,157,103,105,74,188,168,31,142,117,167,61,45,138,41,49,78,128,42,57,197,125,145,126,20,160,91,1,150,124,180,196,36,46,140,92,82,23,189,81,0,12,22,26,176,193,109,143,67,166,38,139,63,118,48,194,29,198,174,184,35,161,32,72,163,25,51,50,190,10,165,113,156,71,44,65,37,94,173,18,131,148,83,153,80,100,30,134,119,195,97,58,158,43,7,101,181,68,123,6,137,60,54,151,110,187,39,107,55,14,13,111,52,89,75,182,116,162,53,183,69,159,164,90,28,155,73,99,106,136,115,2,152,170,172,86,76,133,85,104,17,8,16,56,21,108,192,40,15,9,33,154,122,179,27,185,127,96,171,141,98,114,64,79,177,47,88,5,186,199,11,59,129,24,95,149,175,62,120,3,169,191,135,146];False
2037;7116;9153;[34,4,144,70,19,87,121,178,102,132,130,84,77,112,93,147,66,157,103,105,74,188,168,31,142,117,167,61,45,138,41,49,78,128,42,57,197,125,145,126,143,160,91,1,150,124,180,196,36,46,140,92,82,23,189,81,0,12,22,26,176,193,109,20,67,166,38,139,63,118,48,194,29,198,174,184,35,161,32,72,163,25,51,50,190,10,165,113,156,71,44,65,37,94,173,18,131,148,83,153,80,100,30,134,195,119,97,58,158,43,7,101,181,68,123,6,137,60,54,151,110,187,39,107,55,14,13,111,52,89,75,182,116,162,53,183,69,159,164,90,28,155,73,99,106,136,115,2,152,170,172,86,76,133,85,104,17,8,16,56,21,108,192,40,15,9,33,154,122,179,27,185,127,96,171,141,98,114,64,79,177,47,88,5,186,199,11,59,129,24,95,149,175,62,120,3,169,191,135,146];False
2124;7100;9224;[34,4,144,70,19,87,121,178,102,132,130,84,77,112,93,147,66,157,103,105,74,188,168,31,142,117,167,61,45,138,41,49,78,128,42,57,197,125,145,126,143,160,91,1,150,124,180,196,36,46,140,92,82,23,189,81,0,12,22,26,176,193,109,20,67,166,38,139,63,118,48,194,29,198,174,184,35,161,32,72,163,25,51,50,190,10,165,113,156,71,44,65,37,94,173,18,131,148,83,153,80,100,30,134,119,195,97,58,158,43,7,101,181,68,123,6,137,86,54,151,110,187,39,107,55,14,13,111,52,89,75,182,116,162,53,183,69,159,164,90,28,155,73,99,106,136,115,2,152,170,172,60,76,133,85,104,17,8,16,56,21,108,192,40,15,9,33,154,122,179,27,185,127,96,171,141,98,114,64,79,177,47,88,5,186,199,11,59,129,24,95,149,175,62,120,3,169,191,135,146];False
2122;7100;9222;[34,4,144,70,19,87,121,178,102,132,130,84,77,112,93,147,66,157,103,105,74,188,168,31,142,117,167,61,45,138,41,49,78,128,42,57,197,125,145,126,143,160,91,1,150,124,180,196,36,46,140,92,82,23,189,81,0,12,22,26,176,193,109,20,67,166,38,139,63,118,48,194,29,198,174,184,35,161,32,72,163,25,51,50,190,10,165,113,156,71,44,65,37,94,173,18,131,148,83,153,80,100,30,134,119,195,97,58,158,43,7,101,181,68,123,6,137,60,54,151,110,187,39,107,55,14,13,111,52,89,75,182,116,162,53,183,69,159,164,90,28,155,73,99,106,136,115,2,152,170,172,86,76,133,85,104,17,8,16,56,21,108,192,40,15,9,33,154,122,177,27,185,127,96,171,141,98,114,64,79,179,47,88,5,186,199,11,59,129,24,95,149,175,62,120,3,169,191,135,146];False
2113;7104;9217;[34,4,144,70,19,87,121,178,102,132,130,84,12,112,93,147,66,157,103,105,74,188,168,31,142,117,167,61,45,138,41,49,78,128,42,57,197,125,145,126,143,160,91,1,150,124,180,196,36,46,140,92,82,23,189,81,0,77,22,26,176,193,109,20,67,166,38,139,63,118,48,194,29,198,174,184,35,161,32,72,163,25,51,50,190,10,165,113,156,71,44,65,37,94,173,18,131,119,83,153,80,100,30,134,148,195,97,58,158,43,7,101,181,68,123,6,137,60,54,151,110,187,39,107,55,14,13,111,52,89,75,182,116,162,53,183,69,159,164,90,28,155,73,99,106,136,115,2,152,170,172,86,76,133,85,104,17,8,16,56,21,108,192,40,15,9,33,154,122,177,27,185,127,96,171,141,98,114,64,79,179,47,88,5,186,199,11,59,129,24,95,149,175,62,120,3,169,191,135,146];False
2136;7099;9235;[34,4,144,70,19,87,121,178,102,132,130,84,77,112,93,147,66,157,103,105,74,188,168,31,142,117,167,61,45,138,41,49,78,128,42,57,197,125,145,126,143,160,91,1,150,124,180,196,36,46,140,92,82,23,189,81,0,12,22,26,176,193,109,20,67,166,38,139,63,118,48,194,29,198,174,16,35,161,32,72,163,25,51,50,190,10,165,113,156,71,44,65,37,94,173,18,131,119,83,153,80,100,30,134,148,195,97,58,158,43,7,101,181,68,123,6,137,60,54,151,110,187,39,107,55,14,13,111,52,89,75,182,116,162,53,183,69,159,164,90,28,155,73,99,106,136,115,2,152,170,172,86,76,133,85,104,17,8,184,56,21,108,192,40,15,9,33,154,122,177,27,185,127,96,171,141,98,114,64,79,179,47,88,5,186,199,11,59,129,24,95,149,175,62,120,3,169,191,135,146];False
2034;7115;9149;[34,4,144,70,19,87,121,178,102,132,130,84,77,112,93,147,66,157,103,105,74,188,168,31,142,117,167,61,45,138,41,49,78,128,42,57,197,125,145,126,143,160,91,1,150,124,180,196,36,46,140,92,82,23,189,81,0,12,22,26,176,193,109,20,67,166,38,139,63,118,48,194,29,198,174,184,35,161,32,72,163,25,51,50,190,10,165,113,156,71,44,65,37,94,173,18,131,119,11,153,80,100,30,134,148,195,97,58,158,43,7,101,181,68,123,6,137,60,54,151,110,187,39,107,55,14,13,111,52,89,75,182,116,162,53,183,69,159,164,90,28,155,73,99,106,136,115,2,152,170,172,86,76,133,85,104,17,8,16,56,21,108,192,40,15,9,33,154,122,177,27,185,127,96,171,141,98,114,64,79,179,47,88,5,186,199,83,59,129,24,95,149,175,62,120,3,169,191,135,146];False
1875;7172;9047;[34,4,144,70,19,87,121,178,102,132,130,84,77,112,93,147,66,157,103,105,74,188,168,31,142,117,167,61,45,65,41,49,78,128,42,57,197,125,145,126,143,160,91,1,150,124,180,196,36,46,140,92,82,23,189,81,119,12,22,26,176,193,109,20,67,166,38,139,63,118,48,194,29,198,174,184,35,161,32,72,163,25,51,50,190,10,165,113,156,71,44,138,37,94,173,18,131,0,83,153,101,100,30,134,148,195,97,58,158,43,7,80,181,68,123,6,137,60,54,151,110,187,39,107,55,14,13,111,52,89,75,182,116,162,53,183,69,159,164,90,28,155,73,99,106,136,115,152,2,170,172,86,76,133,85,104,17,8,16,56,21,108,192,40,15,9,33,154,122,179,27,185,127,96,171,141,98,114,64,79,177,47,88,5,186,199,11,59,129,24,95,149,175,62,120,3,169,191,135,146];False
1871;7158;9029;[34,4,144,70,19,87,121,178,102,132,130,84,77,112,93,147,66,157,103,105,74,188,168,31,142,117,167,61,45,65,41,49,78,128,42,57,197,125,145,126,143,160,91,1,150,124,180,196,36,46,140,92,82,23,189,81,119,12,22,26,176,193,109,20,67,166,38,139,63,118,48,194,29,198,174,184,35,161,32,72,163,25,51,50,190,10,165,113,156,71,44,138,37,94,173,18,131,0,83,153,80,100,30,134,148,195,97,58,158,43,7,101,181,68,123,6,149,60,54,151,110,187,39,107,55,14,13,111,52,89,75,182,116,162,53,183,69,159,164,90,28,155,73,99,106,136,115,152,2,170,172,86,76,133,85,104,17,8,16,56,21,108,192,40,15,9,33,154,122,179,27,185,127,96,171,141,98,114,64,79,177,47,88,5,186,199,11,59,129,24,95,137,175,62,120,3,169,191,135,146];False
1991;7118;9109;[34,4,144,70,19,87,121,178,102,132,130,84,77,112,93,147,66,157,103,105,74,188,168,31,142,117,167,61,45,138,41,49,78,128,42,57,197,125,145,126,143,160,91,1,150,124,180,196,36,46,140,92,82,23,189,81,134,12,22,26,176,193,109,20,67,166,38,139,63,118,48,194,29,198,174,184,35,161,32,72,163,25,51,50,190,10,165,113,156,71,44,65,37,94,173,18,131,148,83,153,80,100,30,119,0,195,97,58,158,43,7,101,181,68,123,6,137,60,54,151,110,187,39,107,55,14,13,111,52,89,75,182,116,162,53,183,69,159,164,90,28,155,73,99,106,136,115,152,2,170,172,86,76,133,85,104,17,8,16,56,21,108,192,40,15,9,33,154,122,179,27,185,127,96,171,141,98,114,64,79,177,47,88,5,186,199,11,59,129,24,95,149,175,62,120,3,169,191,135,146];False
1857;7176;9033;[34,4,144,70,19,87,121,178,102,132,130,84,77,112,93,147,66,157,103,105,74,188,168,31,142,117,167,61,45,138,41,49,78,128,42,57,197,125,145,126,143,160,91,1,150,124,180,196,36,46,140,92,82,23,189,81,119,12,22,26,176,193,109,20,67,166,38,139,63,118,48,194,29,198,174,184,35,161,32,72,163,25,51,50,190,10,165,113,156,71,44,65,37,94,173,18,131,0,83,153,101,100,30,134,148,195,97,58,158,43,7,80,181,68,123,6,149,60,54,151,110,187,39,107,55,14,13,111,52,89,75,182,116,162,53,183,69,159,164,90,28,155,73,99,106,136,115,152,2,170,172,86,76,133,85,104,17,8,16,56,21,108,192,40,15,9,33,154,122,179,27,185,127,96,171,141,98,114,64,79,177,47,88,5,186,199,11,59,129,24,95,137,175,62,120,3,169,191,135,146];False
1814;7208;9022;[34,4,144,70,19,87,121,178,127,132,130,84,77,112,93,147,66,157,103,105,74,188,168,31,142,117,167,61,45,65,41,49,78,128,42,57,197,125,145,126,143,160,91,1,150,124,180,196,36,46,140,92,82,23,189,7,0,85,22,26,176,193,109,20,67,166,38,139,63,118,48,194,29,198,174,184,35,25,32,72,163,170,51,50,190,10,165,113,156,71,44,138,37,94,173,18,131,119,83,153,80,100,30,134,148,195,97,58,158,43,187,101,181,68,123,6,149,60,54,151,110,81,39,107,55,14,13,172,12,89,75,182,116,162,53,183,69,159,164,90,28,155,73,99,106,136,115,152,2,161,102,86,133,76,52,104,17,8,16,56,21,108,192,40,15,9,33,154,122,179,27,185,111,96,171,141,98,114,64,79,177,47,88,5,186,199,11,59,129,24,95,137,175,62,120,3,169,191,135,146];False
1788;7235;9023;[34,4,144,70,19,87,121,178,127,132,130,84,77,112,93,147,66,157,103,105,74,188,168,31,142,117,167,61,45,138,41,49,78,128,42,57,197,125,145,126,143,160,91,1,150,124,180,196,36,46,140,92,82,23,189,7,0,85,22,26,176,193,109,20,67,166,38,139,63,118,48,194,29,198,174,184,35,25,32,72,163,170,51,50,190,10,165,113,156,71,44,65,37,94,173,18,131,119,83,153,101,100,30,134,148,195,97,58,158,43,187,80,181,68,123,6,149,60,54,151,110,81,39,107,55,14,13,172,12,89,75,182,116,162,53,183,69,159,164,90,28,155,73,99,106,136,115,152,2,161,102,86,133,76,52,104,17,8,16,56,21,108,192,40,15,9,33,154,122,179,27,185,111,96,171,141,98,114,64,79,177,47,88,5,186,199,11,59,129,24,95,137,175,62,120,3,169,191,135,146];False
2138;7095;9233;[34,4,144,70,19,87,121,178,102,132,130,117,195,112,93,147,66,157,103,105,74,188,168,31,142,84,167,61,45,138,41,49,78,128,42,57,197,125,145,126,143,160,91,1,150,124,180,196,36,46,140,92,82,23,189,81,0,77,22,26,176,193,109,20,67,166,38,139,63,118,48,194,29,198,174,184,35,161,32,72,163,25,51,50,190,10,165,113,156,71,44,65,37,94,173,18,131,148,83,153,80,100,30,134,119,12,97,58,158,43,7,101,181,68,123,6,137,60,54,151,110,187,39,107,55,14,13,111,52,89,75,182,116,162,53,183,69,159,164,90,28,155,73,99,106,136,115,152,2,170,172,86,76,133,85,104,17,8,16,56,21,108,192,40,15,9,33,154,122,179,27,185,127,96,171,141,98,114,64,79,177,47,88,5,186,199,11,59,129,24,95,149,175,62,120,3,169,191,135,146];False
2060;7108;9168;[34,4,144,70,19,87,121,178,102,132,130,84,134,112,93,147,66,157,103,105,74,188,168,31,142,117,167,61,45,138,41,49,78,128,42,57,197,125,145,126,143,160,91,1,150,124,180,196,36,46,140,92,82,23,189,81,0,77,22,26,176,193,109,20,67,166,38,139,63,118,48,194,29,198,174,184,35,161,32,72,163,25,51,50,190,10,165,113,156,71,44,65,37,94,173,18,131,148,83,153,80,100,30,195,119,12,97,58,158,43,7,101,181,68,123,6,137,60,54,151,110,187,39,107,55,14,13,111,52,89,75,182,116,162,53,183,69,159,164,90,28,155,73,99,106,136,115,152,2,170,172,86,76,133,85,104,17,8,16,56,21,108,192,40,15,9,33,154,122,179,27,185,127,96,171,141,98,114,64,79,177,47,88,5,186,199,11,59,129,24,95,149,175,62,120,3,169,191,135,146];False
2134;7099;9233;[34,4,144,70,19,87,121,178,102,132,130,84,195,112,93,147,66,157,103,105,74,188,168,31,142,117,167,61,45,138,41,49,78,128,42,57,197,125,145,109,143,160,91,1,150,124,180,196,36,46,140,92,82,23,189,81,0,77,22,26,176,193,126,20,67,166,38,139,63,118,48,194,29,198,174,184,35,161,32,72,163,25,51,50,190,10,165,113,156,71,44,65,37,94,173,18,131,148,83,153,80,100,30,134,119,12,97,58,158,43,7,101,181,68,123,6,137,60,54,151,110,187,39,107,55,14,13,111,52,89,75,182,116,162,53,183,69,159,164,90,28,155,73,99,106,136,115,152,2,170,172,86,76,133,85,104,17,8,16,56,21,108,192,40,15,9,33,154,122,179,27,185,127,96,171,141,98,114,64,79,177,47,88,5,186,199,11,59,129,24,95,149,175,62,120,3,169,191,135,146];False
2104;7100;9204;[34,4,144,70,19,87,121,178,102,132,130,84,195,112,93,147,66,157,103,105,74,188,168,31,142,117,167,61,45,138,41,49,78,128,42,57,197,125,145,126,20,160,91,1,150,124,180,196,36,46,140,92,82,23,189,81,0,77,22,26,176,193,109,143,67,166,38,139,63,118,48,194,29,198,174,184,35,161,32,72,163,25,51,50,190,10,165,113,156,71,44,65,37,94,173,18,131,148,83,153,80,100,30,134,119,12,97,58,158,43,7,101,181,68,123,6,137,60,54,151,110,187,39,107,55,14,13,111,52,89,75,182,116,162,53,183,69,159,164,90,28,155,73,99,106,136,115,152,2,170,172,86,76,133,85,104,17,8,16,56,21,108,192,40,15,9,33,154,122,179,27,185,127,96,171,141,98,114,64,79,177,47,88,5,186,199,11,59,129,24,95,149,175,62,120,3,169,191,135,146];False
2089;7105;9194;[34,4,144,70,19,87,121,178,102,132,130,84,195,112,93,147,66,157,103,105,74,188,168,31,142,117,167,61,45,138,41,49,78,128,42,57,197,125,145,126,143,160,91,1,150,124,180,196,36,46,140,92,82,23,189,187,0,77,22,26,176,193,109,20,67,166,38,139,63,118,48,194,29,198,174,184,35,161,32,72,163,25,51,50,190,10,165,113,156,71,44,65,37,94,173,18,131,148,83,153,80,100,30,134,119,12,97,58,158,43,7,101,181,68,123,6,137,60,54,151,110,81,39,107,55,14,13,111,52,89,75,182,116,162,53,183,69,159,164,90,28,155,73,99,106,136,115,152,2,170,172,86,76,133,85,104,17,8,16,56,21,108,192,40,15,9,33,154,122,179,27,185,127,96,171,141,98,114,64,79,177,47,88,5,186,199,11,59,129,24,95,149,175,62,120,3,169,191,135,146];False
2042;7113;9155;[34,4,144,70,19,87,121,178,102,132,130,84,195,112,93,147,66,157,103,105,74,188,168,31,142,117,167,61,45,138,41,49,78,128,42,57,197,125,145,126,143,160,91,1,150,124,180,196,36,46,140,92,82,23,189,81,0,77,22,26,176,193,109,20,67,166,38,139,63,118,48,194,29,198,174,184,35,161,32,72,163,25,51,50,190,10,165,113,156,71,44,65,37,94,173,18,131,148,83,153,80,100,30,134,119,11,97,58,158,43,7,101,181,68,123,6,137,60,54,151,110,187,39,107,55,14,13,111,52,89,75,182,116,162,53,183,69,159,164,90,28,155,73,99,106,136,115,152,2,170,172,86,76,133,85,104,17,8,16,56,21,108,192,40,15,9,33,154,122,179,27,185,127,96,171,141,98,114,64,79,177,47,88,5,186,199,12,59,129,24,95,149,175,62,120,3,169,191,135,146];False
2130;7095;9225;[34,4,144,70,19,87,121,178,102,132,130,84,195,112,93,147,66,157,103,105,74,188,168,31,142,117,167,61,45,138,41,49,78,128,42,57,197,125,145,126,143,160,91,1,150,124,180,196,36,46,140,92,82,23,189,81,0,77,22,26,176,193,109,20,67,166,38,139,63,118,48,194,29,198,174,184,35,161,32,72,163,25,51,50,190,10,165,113,156,71,44,65,37,94,173,18,131,148,83,153,80,100,30,134,119,12,97,58,158,43,7,101,181,68,123,6,137,86,54,151,110,187,39,107,55,14,13,111,52,89,75,182,116,162,53,183,69,159,164,90,28,155,73,99,106,136,115,152,2,170,172,60,76,133,85,104,17,8,16,56,21,108,192,40,15,9,33,154,122,179,27,185,127,96,171,141,98,114,64,79,177,47,88,5,186,199,11,59,129,24,95,149,175,62,120,3,169,191,135,146];False
2093;7099;9192;[34,4,144,70,19,87,121,178,102,132,130,84,195,112,93,147,66,157,103,105,74,188,168,31,142,117,167,61,45,138,41,49,78,128,42,57,197,125,145,126,143,160,91,1,150,124,180,196,36,46,140,92,82,23,189,81,0,77,22,26,176,193,109,20,67,166,38,139,63,118,48,194,29,198,174,184,35,161,32,72,163,25,51,50,190,10,165,113,156,71,44,65,37,94,173,18,131,148,83,153,80,100,30,134,119,12,97,58,158,43,7,101,181,68,123,6,137,60,54,151,110,187,39,107,55,14,13,111,52,89,75,182,116,162,53,183,69,159,164,90,28,155,73,99,106,136,115,2,152,170,172,86,76,133,85,104,17,8,16,56,21,108,192,40,15,9,33,154,122,179,27,185,127,96,171,141,98,114,64,79,177,47,88,5,186,199,11,59,129,24,95,149,175,62,120,3,169,191,135,146];False
2128;7095;9223;[34,4,144,70,19,87,121,178,102,132,130,84,195,112,93,147,66,157,103,105,74,188,168,31,142,117,167,61,45,138,41,49,78,128,42,57,197,125,145,126,143,160,91,1,150,124,180,196,36,46,140,92,82,23,189,81,0,77,22,26,176,193,109,20,67,166,38,139,63,118,48,194,29,198,174,184,35,161,32,72,163,25,51,50,190,10,165,113,156,71,44,65,37,94,173,18,131,148,83,153,80,100,30,134,119,12,97,58,158,43,7,101,181,68,123,6,137,60,54,151,110,187,39,107,55,14,13,111,52,89,75,182,116,162,53,183,69,159,164,90,28,155,73,99,106,136,115,152,2,170,172,86,76,133,85,104,17,8,16,56,21,108,192,40,15,9,33,154,122,177,27,185,127,96,171,141,98,114,64,79,179,47,88,5,186,199,11,59,129,24,95,149,175,62,120,3,169,191,135,146];False
1961;7127;9088;[34,4,144,70,19,87,121,178,102,132,130,84,77,112,93,147,66,157,103,105,74,188,168,31,142,117,167,61,45,65,41,49,78,128,42,57,197,125,145,126,143,160,91,1,150,124,180,196,36,46,140,92,82,23,189,195,0,12,22,26,176,193,109,20,67,166,38,139,63,118,48,194,29,198,174,184,35,161,32,72,163,25,51,50,190,10,165,113,156,71,44,138,37,94,173,18,131,148,83,153,80,100,30,134,119,11,97,58,158,43,7,101,181,68,123,6,137,60,54,151,110,187,39,107,55,14,13,111,52,89,75,182,116,162,53,183,69,159,164,90,28,155,73,99,106,136,115,152,2,170,172,86,76,133,85,104,17,8,16,56,21,108,192,40,15,9,33,154,122,179,27,185,127,96,171,141,98,114,64,79,177,47,88,5,186,199,81,59,129,24,95,149,175,62,120,3,169,191,135,146];False
2007;7116;9123;[34,4,144,70,19,87,121,178,102,132,130,84,77,112,93,147,66,157,103,105,74,188,168,31,142,117,167,61,45,138,41,49,78,128,42,57,197,125,145,126,20,160,91,1,150,124,180,196,36,46,140,92,82,23,189,195,0,12,22,26,176,193,109,143,67,166,38,139,63,118,48,194,29,198,174,184,35,161,32,72,163,25,51,50,190,10,165,113,156,71,44,65,37,94,173,18,131,148,83,153,80,100,30,134,119,11,97,58,158,43,7,101,181,68,123,6,137,60,54,151,110,187,39,107,55,14,13,111,52,89,75,182,116,162,53,183,69,159,164,90,28,155,73,99,106,136,115,152,2,170,172,86,76,133,85,104,17,8,16,56,21,108,192,40,15,9,33,154,122,179,27,185,127,96,171,141,98,114,64,79,177,47,88,5,186,199,81,59,129,24,95,149,175,62,120,3,169,191,135,146];False
1978;7121;9099;[34,4,144,70,19,87,121,178,102,132,130,84,77,112,93,147,66,157,103,105,74,188,168,31,142,117,167,61,45,138,41,49,78,128,42,57,197,125,145,126,143,160,91,1,150,124,180,196,36,46,140,92,82,23,189,195,175,12,22,26,176,193,109,20,67,166,38,139,63,118,48,194,29,198,174,184,35,161,32,72,163,25,51,50,190,10,165,113,156,71,44,65,37,94,173,18,131,148,83,153,80,100,30,134,119,11,97,58,158,43,7,101,181,68,123,6,137,60,54,151,110,187,39,107,55,14,13,111,52,89,75,182,116,162,53,183,69,159,164,90,28,155,73,99,106,136,115,152,2,170,172,86,76,133,85,104,17,8,16,56,21,108,192,40,15,9,33,154,122,179,27,185,127,96,171,141,98,114,64,79,177,47,88,5,186,199,81,59,129,24,95,149,0,62,120,3,169,191,135,146];False
2124;7098;9222;[34,4,144,70,19,87,121,178,102,132,130,84,77,112,93,147,66,157,103,105,74,188,168,31,142,117,167,61,45,138,41,49,78,128,42,57,197,125,145,126,143,160,91,1,150,124,180,196,36,46,140,92,82,23,189,195,0,12,22,26,176,193,109,190,67,166,38,139,63,118,48,194,29,198,174,184,35,161,32,72,163,25,51,50,20,10,165,113,156,71,44,65,37,94,173,18,131,148,83,153,80,100,30,134,119,11,97,58,158,43,7,101,181,68,123,6,137,60,54,151,110,187,39,107,55,14,13,111,52,89,75,182,116,162,53,183,69,159,164,90,28,155,73,99,106,136,115,152,2,170,172,86,76,133,85,104,17,8,16,56,21,108,192,40,15,9,33,154,122,179,27,185,127,96,171,141,98,114,64,79,177,47,88,5,186,199,81,59,129,24,95,149,175,62,120,3,169,191,135,146];False
2088;7104;9192;[34,4,144,70,19,87,121,178,102,132,130,84,77,112,93,147,66,157,103,105,74,188,168,31,142,117,167,61,45,138,41,49,78,128,42,57,197,125,145,126,143,160,91,1,150,124,180,196,36,46,140,92,82,23,189,195,0,12,22,26,176,193,109,20,67,166,40,139,63,118,48,194,29,198,174,184,35,161,32,72,163,25,51,50,190,10,165,113,156,71,44,65,37,94,173,18,131,148,83,153,80,100,30,134,119,11,97,58,158,43,7,101,181,68,123,6,137,60,54,151,110,187,39,107,55,14,13,111,52,89,75,182,116,162,53,183,69,159,164,90,28,155,73,99,106,136,115,152,2,170,172,86,76,133,85,104,17,8,16,56,21,108,192,38,15,9,33,154,122,179,27,185,127,96,171,141,98,114,64,79,177,47,88,5,186,199,81,59,129,24,95,149,175,62,120,3,169,191,135,146];False
2083;7103;9186;[34,4,144,70,19,87,121,178,102,132,130,84,77,112,93,147,66,157,103,105,74,188,168,31,142,117,167,61,45,138,41,49,78,128,42,57,197,125,145,126,143,160,91,1,150,124,180,196,36,46,140,92,82,23,189,195,0,12,22,26,176,193,109,20,67,166,38,139,63,118,48,194,29,198,174,16,35,161,32,72,163,25,51,50,190,10,165,113,156,71,44,65,37,94,173,18,131,148,83,153,80,100,30,134,119,11,97,58,158,43,7,101,181,68,123,6,137,60,54,151,110,187,39,107,55,14,13,111,52,89,75,182,116,162,53,183,69,159,164,90,28,155,73,99,106,136,115,152,2,170,172,86,76,133,85,104,17,8,184,56,21,108,192,40,15,9,33,154,122,179,27,185,127,96,171,141,98,114,64,79,177,47,88,5,186,199,81,59,129,24,95,149,175,62,120,3,169,191,135,146];False
2030;7114;9144;[34,4,144,70,19,87,121,178,102,132,130,84,77,112,93,147,66,157,103,105,74,188,168,31,142,117,167,61,45,138,41,49,78,128,42,57,197,125,145,126,143,160,91,1,150,124,180,196,36,46,140,92,82,23,189,195,0,12,22,26,176,193,109,20,67,166,38,139,63,118,48,194,29,198,174,184,35,161,32,72,163,25,51,50,190,10,165,113,156,71,44,65,37,94,173,18,131,148,83,59,80,100,30,134,119,11,97,58,158,43,7,101,181,68,123,6,137,60,54,151,110,187,39,107,55,14,13,111,52,89,75,182,116,162,53,183,69,159,164,90,28,155,73,99,106,136,115,152,2,170,172,86,76,133,85,104,17,8,16,56,21,108,192,40,15,9,33,154,122,179,27,185,127,96,171,141,98,114,64,79,177,47,88,5,186,199,81,153,129,24,95,149,175,62,120,3,169,191,135,146];False
1943;7131;9074;[34,4,144,70,19,87,121,178,102,132,130,84,77,112,93,147,66,157,103,105,74,188,168,31,142,117,167,61,45,138,41,49,78,128,42,57,197,125,145,126,143,160,91,1,150,124,180,196,36,46,140,92,82,23,189,195,0,12,22,26,176,193,109,20,67,166,38,139,63,118,48,194,29,198,174,184,35,161,32,72,163,25,51,50,190,10,165,113,156,71,44,65,37,94,173,18,131,148,83,153,80,100,30,134,119,11,97,58,158,43,7,101,181,68,123,6,149,60,54,151,110,187,39,107,55,14,13,111,52,89,75,182,116,162,53,183,69,159,164,90,28,155,73,99,106,136,115,152,2,170,172,86,76,133,85,104,17,8,16,56,21,108,192,40,15,9,33,154,122,179,27,185,127,96,171,141,98,114,64,79,177,47,88,5,186,199,81,59,129,24,95,137,175,62,120,3,169,191,135,146];False
2033;7111;9144;[34,4,144,70,19,87,121,178,102,132,130,84,77,112,93,147,66,157,103,105,74,188,168,31,142,117,167,61,45,138,41,49,78,128,42,57,197,125,145,126,143,160,91,1,150,124,180,196,36,46,140,92,82,23,189,195,0,12,22,26,176,193,109,20,67,166,38,139,63,118,48,194,29,198,174,184,35,161,32,72,163,25,51,50,190,10,165,113,156,71,44,65,37,94,173,18,131,148,83,153,80,100,30,134,119,11,97,58,158,43,7,101,181,68,123,6,137,86,54,151,110,187,39,107,55,14,13,111,52,89,75,182,116,162,53,183,69,159,164,90,28,155,73,99,106,136,115,152,2,170,172,60,76,133,85,104,17,8,16,56,21,108,192,40,15,9,33,154,122,179,27,185,127,96,171,141,98,114,64,79,177,47,88,5,186,199,81,59,129,24,95,149,175,62,120,3,169,191,135,146];False
1996;7115;9111;[34,4,144,70,19,87,121,178,102,132,130,84,77,112,93,147,66,157,103,105,74,188,168,31,142,117,167,61,45,138,41,49,78,128,42,57,197,125,145,126,143,160,91,1,150,124,180,196,36,46,140,92,82,23,189,195,0,12,22,26,176,193,109,20,67,166,38,139,63,118,48,194,29,198,174,184,35,161,32,72,163,25,51,50,190,10,165,113,156,71,44,65,37,94,173,18,131,148,83,153,80,100,30,134,119,11,97,58,158,43,7,101,181,68,123,6,137,60,54,151,110,187,39,107,55,14,13,111,52,89,75,182,116,162,53,183,69,159,164,90,28,155,73,99,106,136,115,2,152,170,172,86,76,133,85,104,17,8,16,56,21,108,192,40,15,9,33,154,122,179,27,185,127,96,171,141,98,114,64,79,177,47,88,5,186,199,81,59,129,24,95,149,175,62,120,3,169,191,135,146];False
2031;7111;9142;[34,4,144,70,19,87,121,178,102,132,130,84,77,112,93,147,66,157,103,105,74,188,168,31,142,117,167,61,45,138,41,49,78,128,42,57,197,125,145,126,143,160,91,1,150,124,180,196,36,46,140,92,82,23,189,195,0,12,22,26,176,193,109,20,67,166,38,139,63,118,48,194,29,198,174,184,35,161,32,72,163,25,51,50,190,10,165,113,156,71,44,65,37,94,173,18,131,148,83,153,80,100,30,134,119,11,97,58,158,43,7,101,181,68,123,6,137,60,54,151,110,187,39,107,55,14,13,111,52,89,75,182,116,162,53,183,69,159,164,90,28,155,73,99,106,136,115,152,2,170,172,86,76,133,85,104,17,8,16,56,21,108,192,40,15,9,33,154,122,177,27,185,127,96,171,141,98,114,64,79,179,47,88,5,186,199,81,59,129,24,95,149,175,62,120,3,169,191,135,146];False
1852;7181;9033;[34,4,144,70,19,87,121,178,102,132,130,84,77,112,93,147,66,157,103,105,74,188,168,31,142,117,167,61,45,65,41,49,78,128,42,57,197,125,145,126,143,160,91,1,150,124,180,196,36,46,140,92,82,23,189,81,119,12,22,26,176,193,109,20,67,166,38,139,63,118,48,194,29,198,174,184,35,161,32,72,163,25,51,50,190,10,165,113,156,71,44,138,37,94,173,18,131,0,83,153,101,100,30,134,148,195,97,58,158,43,7,80,181,68,123,6,149,60,54,151,110,187,39,107,55,14,13,111,52,89,75,182,116,162,53,183,69,159,164,90,28,155,73,99,106,136,115,152,2,170,172,86,76,133,85,104,17,8,16,56,21,108,192,40,15,9,33,154,122,179,27,185,127,96,171,141,98,114,64,79,177,47,88,5,186,199,11,59,129,24,95,137,175,62,120,3,169,191,135,146];False
2149;7094;9243;[34,4,144,70,19,87,121,178,102,132,130,84,77,112,93,147,66,157,103,105,74,188,168,31,142,117,167,61,45,138,41,49,78,128,42,57,197,125,145,126,143,160,91,1,150,124,180,196,36,46,140,92,82,23,189,81,134,12,22,26,176,193,109,190,67,166,38,139,63,118,48,194,29,198,174,184,35,161,32,72,163,25,51,50,20,10,165,113,156,71,44,65,37,94,173,18,131,148,83,153,80,100,30,119,0,195,97,58,158,43,7,101,181,68,123,6,137,60,54,151,110,187,39,107,55,14,13,111,52,89,75,182,116,162,53,183,69,159,164,90,28,155,73,99,106,136,115,152,2,170,172,86,76,133,85,104,17,8,16,56,21,108,192,40,15,9,33,154,122,179,27,185,127,96,171,141,98,114,64,79,177,47,88,5,186,199,11,59,129,24,95,149,175,62,120,3,169,191,135,146];False
2058;7107;9165;[34,4,144,70,19,87,121,178,102,132,130,84,77,112,93,147,66,157,103,105,74,188,168,31,142,117,167,61,45,138,41,49,78,128,42,57,197,125,145,126,143,160,91,1,150,124,180,196,36,46,140,92,82,23,189,81,134,12,22,26,176,193,109,20,67,166,38,139,63,118,48,194,29,198,174,184,35,161,32,72,163,25,51,50,190,10,165,113,156,71,44,65,37,94,173,18,131,148,83,153,80,100,30,119,0,195,97,58,158,43,7,101,181,68,123,6,137,86,54,151,110,187,39,107,55,14,13,111,52,89,75,182,116,162,53,183,69,159,164,90,28,155,73,99,106,136,115,152,2,170,172,60,76,133,85,104,17,8,16,56,21,108,192,40,15,9,33,154,122,179,27,185,127,96,171,141,98,114,64,79,177,47,88,5,186,199,11,59,129,24,95,149,175,62,120,3,169,191,135,146];False
2021;7111;9132;[34,4,144,70,19,87,121,178,102,132,130,84,77,112,93,147,66,157,103,105,74,188,168,31,142,117,167,61,45,138,41,49,78,128,42,57,197,125,145,126,143,160,91,1,150,124,180,196,36,46,140,92,82,23,189,81,134,12,22,26,176,193,109,20,67,166,38,139,63,118,48,194,29,198,174,184,35,161,32,72,163,25,51,50,190,10,165,113,156,71,44,65,37,94,173,18,131,148,83,153,80,100,30,119,0,195,97,58,158,43,7,101,181,68,123,6,137,60,54,151,110,187,39,107,55,14,13,111,52,89,75,182,116,162,53,183,69,159,164,90,28,155,73,99,106,136,115,2,152,170,172,86,76,133,85,104,17,8,16,56,21,108,192,40,15,9,33,154,122,179,27,185,127,96,171,141,98,114,64,79,177,47,88,5,186,199,11,59,129,24,95,149,175,62,120,3,169,191,135,146];False
2056;7107;9163;[34,4,144,70,19,87,121,178,102,132,130,84,77,112,93,147,66,157,103,105,74,188,168,31,142,117,167,61,45,138,41,49,78,128,42,57,197,125,145,126,143,160,91,1,150,124,180,196,36,46,140,92,82,23,189,81,134,12,22,26,176,193,109,20,67,166,38,139,63,118,48,194,29,198,174,184,35,161,32,72,163,25,51,50,190,10,165,113,156,71,44,65,37,94,173,18,131,148,83,153,80,100,30,119,0,195,97,58,158,43,7,101,181,68,123,6,137,60,54,151,110,187,39,107,55,14,13,111,52,89,75,182,116,162,53,183,69,159,164,90,28,155,73,99,106,136,115,152,2,170,172,86,76,133,85,104,17,8,16,56,21,108,192,40,15,9,33,154,122,177,27,185,127,96,171,141,98,114,64,79,179,47,88,5,186,199,11,59,129,24,95,149,175,62,120,3,169,191,135,146];False
2090;7101;9191;[34,4,144,70,19,87,121,178,102,132,130,84,134,112,93,147,66,157,103,105,74,188,168,31,142,117,167,61,45,138,41,49,78,128,42,57,197,125,145,126,143,160,91,1,150,124,180,196,36,46,140,92,82,23,189,81,0,77,22,26,176,193,109,20,67,166,38,139,63,118,48,194,29,198,174,184,35,161,32,72,163,25,51,50,190,10,165,113,156,71,44,65,37,94,173,18,131,148,83,153,80,100,30,195,119,12,97,58,158,43,7,101,181,68,123,6,137,60,54,151,110,187,39,107,55,14,13,111,52,89,75,182,116,162,53,183,69,159,164,90,28,155,73,99,106,136,115,2,152,170,172,86,76,133,85,104,17,8,16,56,21,108,192,40,15,9,33,154,122,179,27,185,127,96,171,141,98,114,64,79,177,47,88,5,186,199,11,59,129,24,95,149,175,62,120,3,169,191,135,146];False
2134;7093;9227;[34,4,144,70,19,87,121,178,102,132,130,84,195,112,93,147,66,157,103,105,74,188,168,31,142,117,167,61,45,138,41,49,78,128,42,57,197,125,145,126,20,160,91,1,150,124,180,196,36,46,140,92,82,23,189,81,0,77,22,26,176,193,109,143,67,166,38,139,63,118,48,194,29,198,174,184,35,161,32,72,163,25,51,50,190,10,165,113,156,71,44,65,37,94,173,18,131,148,83,153,80,100,30,134,119,12,97,58,158,43,7,101,181,68,123,6,137,60,54,151,110,187,39,107,55,14,13,111,52,89,75,182,116,162,53,183,69,159,164,90,28,155,73,99,106,136,115,2,152,170,172,86,76,133,85,104,17,8,16,56,21,108,192,40,15,9,33,154,122,179,27,185,127,96,171,141,98,114,64,79,177,47,88,5,186,199,11,59,129,24,95,149,175,62,120,3,169,191,135,146];False
2119;7098;9217;[34,4,144,70,19,87,121,178,102,132,130,84,195,112,93,147,66,157,103,105,74,188,168,31,142,117,167,61,45,138,41,49,78,128,42,57,197,125,145,126,143,160,91,1,150,124,180,196,36,46,140,92,82,23,189,187,0,77,22,26,176,193,109,20,67,166,38,139,63,118,48,194,29,198,174,184,35,161,32,72,163,25,51,50,190,10,165,113,156,71,44,65,37,94,173,18,131,148,83,153,80,100,30,134,119,12,97,58,158,43,7,101,181,68,123,6,137,60,54,151,110,81,39,107,55,14,13,111,52,89,75,182,116,162,53,183,69,159,164,90,28,155,73,99,106,136,115,2,152,170,172,86,76,133,85,104,17,8,16,56,21,108,192,40,15,9,33,154,122,179,27,185,127,96,171,141,98,114,64,79,177,47,88,5,186,199,11,59,129,24,95,149,175,62,120,3,169,191,135,146];False
2132;7094;9226;[34,4,144,70,19,87,121,178,102,132,130,84,195,112,93,147,66,157,103,105,74,188,168,31,142,117,167,61,45,138,41,49,78,128,42,57,197,125,145,126,143,160,91,1,150,124,180,196,36,46,140,92,82,23,189,81,0,77,22,26,176,193,109,20,67,166,38,139,63,118,48,194,29,198,174,184,35,161,32,72,163,25,51,50,190,10,165,113,156,71,44,65,37,94,173,18,131,148,83,153,80,100,30,134,119,12,97,58,158,43,7,101,181,68,123,6,137,60,54,151,110,187,39,107,55,14,13,111,52,89,75,182,116,162,53,183,69,159,164,90,28,155,73,99,106,136,115,2,152,170,172,86,76,133,85,104,17,8,16,56,21,108,192,40,15,9,33,154,122,179,47,185,127,96,171,141,98,114,64,79,177,27,88,5,186,199,11,59,129,24,95,149,175,62,120,3,169,191,135,146];False
2125;7097;9222;[34,4,144,70,19,87,121,178,102,132,130,84,134,112,93,147,66,157,103,105,74,188,168,31,142,117,167,61,45,138,41,49,78,128,42,57,197,125,145,126,143,160,91,1,150,124,180,196,36,46,140,92,82,23,189,81,0,77,22,26,176,193,109,20,67,166,38,139,63,118,48,194,29,198,174,184,35,161,32,72,163,25,51,50,190,10,165,113,156,71,44,65,37,94,173,18,131,148,83,153,80,100,30,195,119,12,97,58,158,43,7,101,181,68,123,6,137,60,54,151,110,187,39,107,55,14,13,111,52,89,75,182,116,162,53,183,69,159,164,90,28,155,73,99,106,136,115,152,2,170,172,86,76,133,85,104,17,8,16,56,21,108,192,40,15,9,33,154,122,177,27,185,127,96,171,141,98,114,64,79,179,47,88,5,186,199,11,59,129,24,95,149,175,62,120,3,169,191,135,146];False
1956;7120;9076;[34,4,144,70,19,87,121,178,102,132,130,84,77,112,93,147,66,157,103,105,74,188,168,31,142,117,167,61,45,138,41,49,78,128,42,57,197,125,145,126,143,160,91,1,150,124,180,196,36,46,140,92,82,23,189,195,175,12,22,26,176,193,109,20,67,166,38,139,63,118,48,194,29,198,174,184,35,161,32,72,163,25,51,50,190,10,0,113,156,71,44,65,37,94,173,18,131,148,83,153,80,100,30,134,119,11,97,58,158,43,7,101,181,68,123,6,137,60,54,151,110,187,39,107,55,14,13,111,52,89,75,182,116,162,53,183,69,159,164,90,28,155,73,99,106,136,115,152,2,170,172,86,76,133,85,104,17,8,16,56,21,108,192,40,15,9,33,154,122,179,27,185,127,96,171,141,98,114,64,79,177,47,88,5,186,199,81,59,129,24,95,149,165,62,120,3,169,191,135,146];False
2124;7097;9221;[34,4,144,70,19,87,121,178,102,132,130,84,77,112,93,147,66,157,103,105,74,188,168,31,142,117,167,61,45,138,41,49,78,128,42,57,197,125,145,126,20,160,91,1,150,124,180,196,36,46,140,92,82,23,189,195,0,12,22,26,176,193,109,143,67,166,38,139,63,118,48,194,29,198,174,16,35,161,32,72,163,25,51,50,190,10,165,113,156,71,44,65,37,94,173,18,131,148,83,153,80,100,30,134,119,11,97,58,158,43,7,101,181,68,123,6,137,60,54,151,110,187,39,107,55,14,13,111,52,89,75,182,116,162,53,183,69,159,164,90,28,155,73,99,106,136,115,152,2,170,172,86,76,133,85,104,17,8,184,56,21,108,192,40,15,9,33,154,122,179,27,185,127,96,171,141,98,114,64,79,177,47,88,5,186,199,81,59,129,24,95,149,175,62,120,3,169,191,135,146];False
2150;7092;9242;[34,4,144,70,19,87,121,178,102,132,130,84,77,112,93,147,66,157,103,105,74,188,168,31,142,117,167,61,45,138,41,49,78,128,42,57,197,125,145,126,143,160,91,1,150,124,180,196,36,46,140,92,82,23,189,195,0,12,22,26,176,193,109,20,67,166,38,139,63,118,48,194,29,198,174,16,35,161,32,72,163,25,51,50,190,10,165,113,156,71,44,65,37,94,173,18,131,148,83,153,80,100,30,134,119,11,97,58,158,43,7,101,181,68,123,6,137,86,54,151,110,187,39,107,55,14,13,111,52,89,75,182,116,162,53,183,69,159,164,90,28,155,73,99,106,136,115,152,2,170,172,60,76,133,85,104,17,8,184,56,21,108,192,40,15,9,33,154,122,179,27,185,127,96,171,141,98,114,64,79,177,47,88,5,186,199,81,59,129,24,95,149,175,62,120,3,169,191,135,146];False
2113;7096;9209;[34,4,144,70,19,87,121,178,102,132,130,84,77,112,93,147,66,157,103,105,74,188,168,31,142,117,167,61,45,138,41,49,78,128,42,57,197,125,145,126,143,160,91,1,150,124,180,196,36,46,140,92,82,23,189,195,0,12,22,26,176,193,109,20,67,166,38,139,63,118,48,194,29,198,174,16,35,161,32,72,163,25,51,50,190,10,165,113,156,71,44,65,37,94,173,18,131,148,83,153,80,100,30,134,119,11,97,58,158,43,7,101,181,68,123,6,137,60,54,151,110,187,39,107,55,14,13,111,52,89,75,182,116,162,53,183,69,159,164,90,28,155,73,99,106,136,115,2,152,170,172,86,76,133,85,104,17,8,184,56,21,108,192,40,15,9,33,154,122,179,27,185,127,96,171,141,98,114,64,79,177,47,88,5,186,199,81,59,129,24,95,149,175,62,120,3,169,191,135,146];False
2148;7092;9240;[34,4,144,70,19,87,121,178,102,132,130,84,77,112,93,147,66,157,103,105,74,188,168,31,142,117,167,61,45,138,41,49,78,128,42,57,197,125,145,126,143,160,91,1,150,124,180,196,36,46,140,92,82,23,189,195,0,12,22,26,176,193,109,20,67,166,38,139,63,118,48,194,29,198,174,16,35,161,32,72,163,25,51,50,190,10,165,113,156,71,44,65,37,94,173,18,131,148,83,153,80,100,30,134,119,11,97,58,158,43,7,101,181,68,123,6,137,60,54,151,110,187,39,107,55,14,13,111,52,89,75,182,116,162,53,183,69,159,164,90,28,155,73,99,106,136,115,152,2,170,172,86,76,133,85,104,17,8,184,56,21,108,192,40,15,9,33,154,122,177,27,185,127,96,171,141,98,114,64,79,179,47,88,5,186,199,81,59,129,24,95,149,175,62,120,3,169,191,135,146];False
1952;7129;9081;[34,4,144,70,19,87,121,178,102,132,130,84,77,112,93,147,66,157,103,105,74,188,168,31,142,117,167,61,45,138,41,49,78,128,42,57,197,125,145,126,143,160,91,1,150,124,180,196,36,46,140,92,82,23,189,195,175,12,22,26,176,193,109,20,67,166,38,139,63,118,48,194,29,198,174,184,35,161,32,72,163,25,51,50,190,10,165,113,156,71,44,65,37,94,173,18,131,148,83,153,80,100,30,134,119,11,97,58,158,43,7,101,181,68,123,6,149,60,54,151,110,187,39,107,55,14,13,111,52,89,75,182,116,162,53,183,69,159,164,90,28,155,73,99,106,136,115,152,2,170,172,86,76,133,85,104,17,8,16,56,21,108,192,40,15,9,33,154,122,179,27,185,127,96,171,141,98,114,64,79,177,47,88,5,186,199,81,59,129,24,95,137,0,62,120,3,169,191,135,146];False
2037;7109;9146;[34,4,144,70,19,87,121,178,102,132,130,84,77,112,93,147,66,157,103,105,74,188,168,31,142,117,167,61,45,138,41,49,78,128,42,57,197,125,145,126,20,160,91,1,150,124,180,196,36,46,140,92,82,23,189,195,0,12,22,26,176,193,109,143,67,166,38,139,63,118,48,194,29,198,174,184,35,161,32,72,163,25,51,50,190,10,165,113,156,71,44,65,37,94,173,18,131,148,83,153,80,100,30,134,119,11,97,58,158,43,7,101,181,68,123,6,137,60,54,151,110,187,39,107,55,14,13,111,52,89,75,182,116,162,53,183,69,159,164,90,28,155,73,99,106,136,115,2,152,170,172,86,76,133,85,104,17,8,16,56,21,108,192,40,15,9,33,154,122,179,27,185,127,96,171,141,98,114,64,79,177,47,88,5,186,199,81,59,129,24,95,149,175,62,120,3,169,191,135,146];False
2008;7114;9122;[34,4,144,70,19,87,121,178,102,132,130,84,77,112,93,147,66,157,103,105,74,188,168,31,142,117,167,61,45,138,41,49,78,128,42,57,197,125,145,126,143,160,91,1,150,124,180,196,36,46,140,92,82,23,189,195,175,12,22,26,176,193,109,20,67,166,38,139,63,118,48,194,29,198,174,184,35,161,32,72,163,25,51,50,190,10,165,113,156,71,44,65,37,94,173,18,131,148,83,153,80,100,30,134,119,11,97,58,158,43,7,101,181,68,123,6,137,60,54,151,110,187,39,107,55,14,13,111,52,89,75,182,116,162,53,183,69,159,164,90,28,155,73,99,106,136,115,2,152,170,172,86,76,133,85,104,17,8,16,56,21,108,192,40,15,9,33,154,122,179,27,185,127,96,171,141,98,114,64,79,177,47,88,5,186,199,81,59,129,24,95,149,0,62,120,3,169,191,135,146];False
2063;7104;9167;[34,4,144,70,19,87,121,178,102,132,130,84,77,112,93,147,66,157,103,105,74,188,168,31,142,117,167,61,45,138,41,49,78,128,42,57,197,125,145,126,143,160,91,1,150,124,180,196,36,46,140,92,82,23,189,195,0,12,22,26,176,193,109,20,67,166,38,139,63,118,48,194,29,198,174,184,35,161,32,72,163,25,51,50,190,10,165,113,156,71,44,65,37,94,173,18,131,148,83,153,80,100,30,134,119,11,97,58,158,43,7,101,181,68,123,6,137,86,54,151,110,187,39,107,55,14,13,111,52,89,75,182,116,162,53,183,69,159,164,90,28,155,73,99,106,136,115,2,152,170,172,60,76,133,85,104,17,8,16,56,21,108,192,40,15,9,33,154,122,179,27,185,127,96,171,141,98,114,64,79,177,47,88,5,186,199,81,59,129,24,95,149,175,62,120,3,169,191,135,146];False
2061;7104;9165;[34,4,144,70,19,87,121,178,102,132,130,84,77,112,93,147,66,157,103,105,74,188,168,31,142,117,167,61,45,138,41,49,78,128,42,57,197,125,145,126,143,160,91,1,150,124,180,196,36,46,140,92,82,23,189,195,0,12,22,26,176,193,109,20,67,166,38,139,63,118,48,194,29,198,174,184,35,161,32,72,163,25,51,50,190,10,165,113,156,71,44,65,37,94,173,18,131,148,83,153,80,100,30,134,119,11,97,58,158,43,7,101,181,68,123,6,137,60,54,151,110,187,39,107,55,14,13,111,52,89,75,182,116,162,53,183,69,159,164,90,28,155,73,99,106,136,115,2,152,170,172,86,76,133,85,104,17,8,16,56,21,108,192,40,15,9,33,154,122,177,27,185,127,96,171,141,98,114,64,79,179,47,88,5,186,199,81,59,129,24,95,149,175,62,120,3,169,191,135,146];False
2035;7110;9145;[34,4,144,70,19,87,121,178,102,132,130,84,77,112,93,147,66,157,103,105,74,188,168,31,142,117,167,61,45,138,41,49,78,128,42,57,197,125,145,126,143,160,91,1,150,124,180,196,36,46,140,92,82,23,189,195,0,12,22,26,176,193,109,20,67,166,38,139,63,118,48,194,29,198,174,184,35,161,32,72,163,25,51,50,190,10,165,113,156,71,44,65,37,94,173,18,131,148,83,153,80,100,30,134,119,11,97,58,158,43,7,101,181,68,123,6,137,60,54,151,110,187,39,107,55,14,13,111,52,89,75,182,116,162,53,183,69,159,164,90,28,155,73,99,106,136,115,2,152,170,172,86,76,133,85,104,17,8,16,56,21,108,192,40,15,9,33,154,122,179,47,185,127,96,171,141,98,114,64,79,177,27,88,5,186,199,81,59,129,24,95,149,175,62,120,3,169,191,135,146];False
2055;7108;9163;[34,4,144,70,19,87,121,178,102,132,130,84,195,112,93,147,66,157,103,105,74,188,168,31,142,117,167,61,45,138,41,49,78,128,42,57,197,125,145,126,143,160,91,1,150,124,180,196,36,46,140,92,82,23,189,81,134,12,22,26,176,193,109,20,67,166,38,139,63,118,48,194,29,198,174,184,35,161,32,72,163,25,51,50,190,10,165,113,156,71,44,65,37,94,173,18,131,148,83,153,80,100,30,119,0,77,97,58,158,43,7,101,181,68,123,6,137,60,54,151,110,187,39,107,55,14,13,111,52,89,75,182,116,162,53,183,69,159,164,90,28,155,73,99,106,136,115,2,152,170,172,86,76,133,85,104,17,8,16,56,21,108,192,40,15,9,33,154,122,179,27,185,127,96,171,141,98,114,64,79,177,47,88,5,186,199,11,59,129,24,95,149,175,62,120,3,169,191,135,146];False
2138;7092;9230;[34,4,144,70,19,87,121,178,102,132,130,84,77,112,93,147,66,157,103,105,74,188,168,31,142,117,167,61,45,138,41,49,78,128,42,57,197,125,145,126,143,160,91,1,150,124,180,196,36,46,140,92,82,23,189,81,134,12,22,26,176,193,109,20,67,166,38,139,63,118,48,194,29,198,174,16,35,161,32,72,163,25,51,50,190,10,165,113,156,71,44,65,37,94,173,18,131,148,83,153,80,100,30,119,0,195,97,58,158,43,7,101,181,68,123,6,137,60,54,151,110,187,39,107,55,14,13,111,52,89,75,182,116,162,53,183,69,159,164,90,28,155,73,99,106,136,115,2,152,170,172,86,76,133,85,104,17,8,184,56,21,108,192,40,15,9,33,154,122,179,27,185,127,96,171,141,98,114,64,79,177,47,88,5,186,199,11,59,129,24,95,149,175,62,120,3,169,191,135,146];False
2088;7100;9188;[34,4,144,70,19,87,121,178,102,132,130,84,77,112,93,147,66,157,103,105,74,188,168,31,142,117,167,61,45,138,41,49,78,128,42,57,197,125,145,126,143,160,91,1,150,124,180,196,36,46,140,92,82,23,189,81,134,12,22,26,176,193,109,20,67,166,38,139,63,118,48,194,29,198,174,184,35,161,32,72,163,25,51,50,190,10,165,113,156,71,44,65,37,94,173,18,131,148,83,153,80,100,30,119,0,195,97,58,158,43,7,101,181,68,123,6,137,86,54,151,110,187,39,107,55,14,13,111,52,89,75,182,116,162,53,183,69,159,164,90,28,155,73,99,106,136,115,2,152,170,172,60,76,133,85,104,17,8,16,56,21,108,192,40,15,9,33,154,122,179,27,185,127,96,171,141,98,114,64,79,177,47,88,5,186,199,11,59,129,24,95,149,175,62,120,3,169,191,135,146];False
2086;7100;9186;[34,4,144,70,19,87,121,178,102,132,130,84,77,112,93,147,66,157,103,105,74,188,168,31,142,117,167,61,45,138,41,49,78,128,42,57,197,125,145,126,143,160,91,1,150,124,180,196,36,46,140,92,82,23,189,81,134,12,22,26,176,193,109,20,67,166,38,139,63,118,48,194,29,198,174,184,35,161,32,72,163,25,51,50,190,10,165,113,156,71,44,65,37,94,173,18,131,148,83,153,80,100,30,119,0,195,97,58,158,43,7,101,181,68,123,6,137,60,54,151,110,187,39,107,55,14,13,111,52,89,75,182,116,162,53,183,69,159,164,90,28,155,73,99,106,136,115,2,152,170,172,86,76,133,85,104,17,8,16,56,21,108,192,40,15,9,33,154,122,177,27,185,127,96,171,141,98,114,64,79,179,47,88,5,186,199,11,59,129,24,95,149,175,62,120,3,169,191,135,146];False
2060;7106;9166;[34,4,144,70,19,87,121,178,102,132,130,84,77,112,93,147,66,157,103,105,74,188,168,31,142,117,167,61,45,138,41,49,78,128,42,57,197,125,145,126,143,160,91,1,150,124,180,196,36,46,140,92,82,23,189,81,134,12,22,26,176,193,109,20,67,166,38,139,63,118,48,194,29,198,174,184,35,161,32,72,163,25,51,50,190,10,165,113,156,71,44,65,37,94,173,18,131,148,83,153,80,100,30,119,0,195,97,58,158,43,7,101,181,68,123,6,137,60,54,151,110,187,39,107,55,14,13,111,52,89,75,182,116,162,53,183,69,159,164,90,28,155,73,99,106,136,115,2,152,170,172,86,76,133,85,104,17,8,16,56,21,108,192,40,15,9,33,154,122,179,47,185,127,96,171,141,98,114,64,79,177,27,88,5,186,199,11,59,129,24,95,149,175,62,120,3,169,191,135,146];False
2149;7083;9232;[34,4,144,70,19,87,121,178,102,132,130,84,195,112,93,147,66,157,103,105,74,188,168,31,142,117,167,61,45,138,41,49,78,128,42,57,197,125,145,126,20,160,91,1,150,124,180,196,36,46,140,92,143,23,189,81,0,77,22,26,176,193,109,82,67,166,38,139,63,118,48,194,29,198,174,184,35,161,32,72,163,25,51,50,190,10,165,113,156,71,44,65,37,94,173,18,131,148,83,153,80,100,30,134,119,12,97,58,158,43,7,101,181,68,123,6,137,60,54,151,110,187,39,107,55,14,13,111,52,89,75,182,116,162,53,183,69,159,164,90,28,155,73,99,106,136,115,2,152,170,172,86,76,133,85,104,17,8,16,56,21,108,192,40,15,9,33,154,122,179,27,185,127,96,171,141,98,114,64,79,177,47,88,5,186,199,11,59,129,24,95,149,175,62,120,3,169,191,135,146];False
1985;7114;9099;[34,4,144,70,19,87,121,178,102,132,130,84,77,112,93,147,66,157,103,105,74,188,168,31,142,117,113,61,45,138,41,49,78,128,42,57,197,125,145,126,143,160,91,1,150,124,180,196,36,46,140,92,82,23,189,195,175,12,22,26,176,193,109,20,67,166,38,139,63,118,48,194,29,198,174,184,35,161,32,72,163,25,51,50,190,10,0,167,156,71,44,65,37,94,173,18,131,148,83,153,80,100,30,134,119,11,97,58,158,43,7,101,181,68,123,6,137,60,54,151,110,187,39,107,55,14,13,111,52,89,75,182,116,162,53,183,69,159,164,90,28,155,73,99,106,136,115,152,2,170,172,86,76,133,85,104,17,8,16,56,21,108,192,40,15,9,33,154,122,179,27,185,127,96,171,141,98,114,64,79,177,47,88,5,186,199,81,59,129,24,95,149,165,62,120,3,169,191,135,146];False
1951;7125;9076;[34,4,144,70,19,87,121,178,102,132,130,84,77,112,93,147,66,157,103,105,74,188,168,31,142,117,167,61,45,65,41,49,78,128,42,57,197,125,145,126,143,160,91,1,150,124,180,196,36,46,140,92,82,23,189,195,175,12,22,26,176,193,109,20,67,166,38,139,63,118,48,194,29,198,174,184,35,161,32,72,163,25,51,50,190,10,0,113,156,71,44,138,37,94,173,18,131,148,83,153,80,100,30,134,119,11,97,58,158,43,7,101,181,68,123,6,137,60,54,151,110,187,39,107,55,14,13,111,52,89,75,182,116,162,53,183,69,159,164,90,28,155,73,99,106,136,115,152,2,170,172,86,76,133,85,104,17,8,16,56,21,108,192,40,15,9,33,154,122,179,27,185,127,96,171,141,98,114,64,79,177,47,88,5,186,199,81,59,129,24,95,149,165,62,120,3,169,191,135,146];False
2078;7102;9180;[34,4,144,70,19,87,121,178,102,132,130,84,77,112,93,147,66,157,103,105,74,188,168,31,142,117,167,61,45,138,41,49,78,128,42,57,197,125,145,126,143,160,91,1,150,124,180,196,36,46,140,92,82,23,189,195,175,12,22,26,176,193,109,20,67,166,40,139,63,118,48,194,29,198,174,184,35,161,32,72,163,25,51,50,190,10,0,113,156,71,44,65,37,94,173,18,131,148,83,153,80,100,30,134,119,11,97,58,158,43,7,101,181,68,123,6,137,60,54,151,110,187,39,107,55,14,13,111,52,89,75,182,116,162,53,183,69,159,164,90,28,155,73,99,106,136,115,152,2,170,172,86,76,133,85,104,17,8,16,56,21,108,192,38,15,9,33,154,122,179,27,185,127,96,171,141,98,114,64,79,177,47,88,5,186,199,81,59,129,24,95,149,165,62,120,3,169,191,135,146];False
2073;7101;9174;[34,4,144,70,19,87,121,178,102,132,130,84,77,112,93,147,66,157,103,105,74,188,168,31,142,117,167,61,45,138,41,49,78,128,42,57,197,125,145,126,143,160,91,1,150,124,180,196,36,46,140,92,82,23,189,195,175,12,22,26,176,193,109,20,67,166,38,139,63,118,48,194,29,198,174,16,35,161,32,72,163,25,51,50,190,10,0,113,156,71,44,65,37,94,173,18,131,148,83,153,80,100,30,134,119,11,97,58,158,43,7,101,181,68,123,6,137,60,54,151,110,187,39,107,55,14,13,111,52,89,75,182,116,162,53,183,69,159,164,90,28,155,73,99,106,136,115,152,2,170,172,86,76,133,85,104,17,8,184,56,21,108,192,40,15,9,33,154,122,179,27,185,127,96,171,141,98,114,64,79,177,47,88,5,186,199,81,59,129,24,95,149,165,62,120,3,169,191,135,146];False
1930;7131;9061;[34,4,144,70,19,87,121,178,102,132,130,84,77,112,93,147,66,157,103,105,74,188,168,31,142,117,167,61,45,138,41,49,78,128,42,57,197,125,145,126,143,160,91,1,150,124,180,196,36,46,140,92,82,23,189,195,175,12,22,26,176,193,109,20,67,166,38,139,63,118,48,194,29,198,174,184,35,161,32,72,163,25,51,50,190,10,0,113,156,71,44,65,37,94,173,18,131,119,83,153,80,100,30,134,148,11,97,58,158,43,7,101,181,68,123,6,137,60,54,151,110,187,39,107,55,14,13,111,52,89,75,182,116,162,53,183,69,159,164,90,28,155,73,99,106,136,115,152,2,170,172,86,76,133,85,104,17,8,16,56,21,108,192,40,15,9,33,154,122,179,27,185,127,96,171,141,98,114,64,79,177,47,88,5,186,199,81,59,129,24,95,149,165,62,120,3,169,191,135,146];False
2020;7112;9132;[34,4,144,70,19,87,121,178,102,132,130,84,77,112,93,147,66,157,103,105,74,188,168,31,142,117,167,61,45,138,41,49,78,128,42,57,197,125,145,126,143,160,91,1,150,124,180,196,36,46,140,92,82,23,189,195,175,12,22,26,176,193,109,20,67,166,38,139,63,118,48,194,29,198,174,184,35,161,32,72,163,25,51,50,190,10,0,113,156,71,44,65,37,94,173,18,131,148,83,59,80,100,30,134,119,11,97,58,158,43,7,101,181,68,123,6,137,60,54,151,110,187,39,107,55,14,13,111,52,89,75,182,116,162,53,183,69,159,164,90,28,155,73,99,106,136,115,152,2,170,172,86,76,133,85,104,17,8,16,56,21,108,192,40,15,9,33,154,122,179,27,185,127,96,171,141,98,114,64,79,177,47,88,5,186,199,81,153,129,24,95,149,165,62,120,3,169,191,135,146];False
2023;7109;9132;[34,4,144,70,19,87,121,178,102,132,130,84,77,112,93,147,66,157,103,105,74,188,168,31,142,117,167,61,45,138,41,49,78,128,42,57,197,125,145,126,143,160,91,1,150,124,180,196,36,46,140,92,82,23,189,195,175,12,22,26,176,193,109,20,67,166,38,139,63,118,48,194,29,198,174,184,35,161,32,72,163,25,51,50,190,10,0,113,156,71,44,65,37,94,173,18,131,148,83,153,80,100,30,134,119,11,97,58,158,43,7,101,181,68,123,6,137,86,54,151,110,187,39,107,55,14,13,111,52,89,75,182,116,162,53,183,69,159,164,90,28,155,73,99,106,136,115,152,2,170,172,60,76,133,85,104,17,8,16,56,21,108,192,40,15,9,33,154,122,179,27,185,127,96,171,141,98,114,64,79,177,47,88,5,186,199,81,59,129,24,95,149,165,62,120,3,169,191,135,146];False
1986;7113;9099;[34,4,144,70,19,87,121,178,102,132,130,84,77,112,93,147,66,157,103,105,74,188,168,31,142,117,167,61,45,138,41,49,78,128,42,57,197,125,145,126,143,160,91,1,150,124,180,196,36,46,140,92,82,23,189,195,175,12,22,26,176,193,109,20,67,166,38,139,63,118,48,194,29,198,174,184,35,161,32,72,163,25,51,50,190,10,0,113,156,71,44,65,37,94,173,18,131,148,83,153,80,100,30,134,119,11,97,58,158,43,7,101,181,68,123,6,137,60,54,151,110,187,39,107,55,14,13,111,52,89,75,182,116,162,53,183,69,159,164,90,28,155,73,99,106,136,115,2,152,170,172,86,76,133,85,104,17,8,16,56,21,108,192,40,15,9,33,154,122,179,27,185,127,96,171,141,98,114,64,79,177,47,88,5,186,199,81,59,129,24,95,149,165,62,120,3,169,191,135,146];False
2021;7109;9130;[34,4,144,70,19,87,121,178,102,132,130,84,77,112,93,147,66,157,103,105,74,188,168,31,142,117,167,61,45,138,41,49,78,128,42,57,197,125,145,126,143,160,91,1,150,124,180,196,36,46,140,92,82,23,189,195,175,12,22,26,176,193,109,20,67,166,38,139,63,118,48,194,29,198,174,184,35,161,32,72,163,25,51,50,190,10,0,113,156,71,44,65,37,94,173,18,131,148,83,153,80,100,30,134,119,11,97,58,158,43,7,101,181,68,123,6,137,60,54,151,110,187,39,107,55,14,13,111,52,89,75,182,116,162,53,183,69,159,164,90,28,155,73,99,106,136,115,152,2,170,172,86,76,133,85,104,17,8,16,56,21,108,192,40,15,9,33,154,122,177,27,185,127,96,171,141,98,114,64,79,179,47,88,5,186,199,81,59,129,24,95,149,165,62,120,3,169,191,135,146];False
2125;7095;9220;[34,4,144,70,19,87,121,178,102,132,130,84,77,112,93,147,66,157,103,105,74,188,168,31,142,117,167,61,45,138,41,49,78,128,42,57,197,125,145,126,143,160,91,1,150,124,180,196,36,46,140,92,82,23,189,195,175,12,22,26,176,193,109,20,67,166,38,139,63,118,48,194,29,198,174,16,35,161,32,72,163,25,51,50,190,10,165,113,156,71,44,65,37,94,173,18,131,148,83,153,80,100,30,134,119,11,97,58,158,43,7,101,181,68,123,6,137,60,54,151,110,187,39,107,55,14,13,111,52,89,75,182,116,162,53,183,69,159,164,90,28,155,73,99,106,136,115,2,152,170,172,86,76,133,85,104,17,8,184,56,21,108,192,40,15,9,33,154,122,179,27,185,127,96,171,141,98,114,64,79,177,47,88,5,186,199,81,59,129,24,95,149,0,62,120,3,169,191,135,146];False
2102;7098;9200;[34,4,144,70,19,87,121,178,102,132,130,84,77,112,93,147,66,157,103,105,74,188,168,31,142,117,167,61,45,138,41,49,78,128,42,57,197,125,145,126,20,160,91,1,150,124,180,196,36,46,140,92,82,23,189,195,0,12,22,26,176,193,109,143,67,166,38,139,63,118,48,194,29,198,174,184,35,161,32,72,163,25,51,50,190,10,165,113,156,71,44,65,37,94,173,18,131,148,83,153,80,100,30,134,119,11,97,58,158,43,7,101,181,68,123,6,137,60,54,151,110,187,39,107,55,14,13,111,52,89,75,182,116,162,53,183,69,159,164,90,28,155,73,99,106,136,115,2,152,170,172,86,76,133,85,104,17,8,16,56,21,108,192,40,15,9,33,154,122,177,27,185,127,96,171,141,98,114,64,79,179,47,88,5,186,199,81,59,129,24,95,149,175,62,120,3,169,191,135,146];False
2128;7093;9221;[34,4,144,70,19,87,121,178,102,132,130,84,77,112,93,147,66,157,103,105,74,188,168,31,142,117,167,61,45,138,41,49,78,128,42,57,197,125,145,126,143,160,91,1,150,124,180,196,36,46,140,92,82,23,189,195,0,12,22,26,176,193,109,20,67,166,38,139,63,118,48,194,29,198,174,184,35,161,32,72,163,25,51,50,190,10,165,113,156,71,44,65,37,94,173,18,131,148,83,153,80,100,30,134,119,11,97,58,158,43,7,101,181,68,123,6,137,86,54,151,110,187,39,107,55,14,13,111,52,89,75,182,116,162,53,183,69,159,164,90,28,155,73,99,106,136,115,2,152,170,172,60,76,133,85,104,17,8,16,56,21,108,192,40,15,9,33,154,122,177,27,185,127,96,171,141,98,114,64,79,179,47,88,5,186,199,81,59,129,24,95,149,175,62,120,3,169,191,135,146];False
2127;7094;9221;[34,4,144,70,19,87,121,178,102,132,130,84,77,112,93,147,66,157,103,105,74,188,168,31,142,117,167,61,45,138,41,49,78,128,42,57,197,125,145,126,20,160,91,1,150,124,180,196,36,46,140,92,82,23,189,81,134,12,22,26,176,193,109,143,67,166,38,139,63,118,48,194,29,198,174,184,35,161,32,72,163,25,51,50,190,10,165,113,156,71,44,65,37,94,173,18,131,148,83,153,80,100,30,119,0,195,97,58,158,43,7,101,181,68,123,6,137,60,54,151,110,187,39,107,55,14,13,111,52,89,75,182,116,162,53,183,69,159,164,90,28,155,73,99,106,136,115,2,152,170,172,86,76,133,85,104,17,8,16,56,21,108,192,40,15,9,33,154,122,177,27,185,127,96,171,141,98,114,64,79,179,47,88,5,186,199,11,59,129,24,95,149,175,62,120,3,169,191,135,146];False
2146;7085;9231;[34,4,144,70,19,87,121,178,102,132,130,84,134,112,93,147,66,157,103,105,74,188,168,31,142,117,167,61,45,138,41,49,78,128,42,57,197,125,145,126,20,160,91,1,150,124,180,196,36,46,140,92,143,23,189,81,0,77,22,26,176,193,109,82,67,166,38,139,63,118,48,194,29,198,174,184,35,161,32,72,163,25,51,50,190,10,165,113,156,71,44,65,37,94,173,18,131,148,83,153,80,100,30,195,119,12,97,58,158,43,7,101,181,68,123,6,137,60,54,151,110,187,39,107,55,14,13,111,52,89,75,182,116,162,53,183,69,159,164,90,28,155,73,99,106,136,115,2,152,170,172,86,76,133,85,104,17,8,16,56,21,108,192,40,15,9,33,154,122,179,27,185,127,96,171,141,98,114,64,79,177,47,88,5,186,199,11,59,129,24,95,149,175,62,120,3,169,191,135,146];False
2144;7088;9232;[34,4,144,70,19,87,121,178,102,132,130,84,195,112,93,147,66,157,103,105,74,188,168,31,142,117,167,61,45,65,41,49,78,128,42,57,197,125,145,126,20,160,91,1,150,124,180,196,36,46,140,92,143,23,189,81,0,77,22,26,176,193,109,82,67,166,38,139,63,118,48,194,29,198,174,184,35,161,32,72,163,25,51,50,190,10,165,113,156,71,44,138,37,94,173,18,131,148,83,153,80,100,30,134,119,12,97,58,158,43,7,101,181,68,123,6,137,60,54,151,110,187,39,107,55,14,13,111,52,89,75,182,116,162,53,183,69,159,164,90,28,155,73,99,106,136,115,2,152,170,172,86,76,133,85,104,17,8,16,56,21,108,192,40,15,9,33,154,122,179,27,185,127,96,171,141,98,114,64,79,177,47,88,5,186,199,11,59,129,24,95,149,175,62,120,3,169,191,135,146];False
2128;7090;9218;[34,4,144,70,19,87,121,178,102,132,130,84,195,112,93,147,66,157,103,105,74,188,168,31,142,117,167,61,45,138,41,49,78,128,42,57,197,125,145,126,20,160,91,1,150,124,180,196,36,46,140,92,143,23,189,81,0,77,22,26,176,193,109,82,67,166,38,139,63,118,48,194,29,198,174,184,35,161,32,72,163,25,51,50,190,10,165,113,156,71,44,65,37,94,173,18,131,148,83,153,80,100,30,134,119,11,97,58,158,43,7,101,181,68,123,6,137,60,54,151,110,187,39,107,55,14,13,111,52,89,75,182,116,162,53,183,69,159,164,90,28,155,73,99,106,136,115,2,152,170,172,86,76,133,85,104,17,8,16,56,21,108,192,40,15,9,33,154,122,179,27,185,127,96,171,141,98,114,64,79,177,47,88,5,186,199,12,59,129,24,95,149,175,62,120,3,169,191,135,146];False
2126;7092;9218;[34,4,144,70,19,87,121,178,102,132,130,84,195,112,93,147,66,157,103,105,74,188,168,31,142,117,167,61,45,138,41,49,78,128,42,57,197,125,145,126,20,160,91,1,150,124,180,196,36,46,140,92,143,23,189,81,0,77,22,26,176,193,109,82,67,166,38,139,63,118,48,194,29,198,174,184,35,161,32,72,163,25,51,50,190,10,165,113,156,71,44,65,37,94,173,18,131,148,83,153,80,100,30,134,119,12,97,58,158,43,7,101,181,68,123,6,149,60,54,151,110,187,39,107,55,14,13,111,52,89,75,182,116,162,53,183,69,159,164,90,28,155,73,99,106,136,115,2,152,170,172,86,76,133,85,104,17,8,16,56,21,108,192,40,15,9,33,154,122,179,27,185,127,96,171,141,98,114,64,79,177,47,88,5,186,199,11,59,129,24,95,137,175,62,120,3,169,191,135,146];False
2119;7090;9209;[34,4,144,70,19,87,121,178,102,132,130,84,195,112,93,147,66,157,103,105,74,188,168,31,142,117,167,61,45,138,41,49,78,128,42,57,197,125,145,126,20,160,91,1,150,124,180,196,36,46,140,92,143,23,189,81,0,77,22,26,176,193,109,82,67,166,38,139,63,118,48,194,29,198,174,184,35,161,32,72,163,25,51,50,190,10,165,113,156,71,44,65,37,94,173,18,131,148,83,153,80,100,30,134,119,12,97,58,158,43,7,101,181,68,123,6,137,60,54,151,110,187,39,107,55,14,13,111,52,89,75,182,116,162,53,183,69,159,164,90,28,155,73,99,106,136,115,152,2,170,172,86,76,133,85,104,17,8,16,56,21,108,192,40,15,9,33,154,122,179,27,185,127,96,171,141,98,114,64,79,177,47,88,5,186,199,11,59,129,24,95,149,175,62,120,3,169,191,135,146];False
1980;7119;9099;[34,4,144,70,19,87,121,178,102,132,130,84,77,112,93,147,66,157,103,105,74,188,168,31,142,117,113,61,45,65,41,49,78,128,42,57,197,125,145,126,143,160,91,1,150,124,180,196,36,46,140,92,82,23,189,195,175,12,22,26,176,193,109,20,67,166,38,139,63,118,48,194,29,198,174,184,35,161,32,72,163,25,51,50,190,10,0,167,156,71,44,138,37,94,173,18,131,148,83,153,80,100,30,134,119,11,97,58,158,43,7,101,181,68,123,6,137,60,54,151,110,187,39,107,55,14,13,111,52,89,75,182,116,162,53,183,69,159,164,90,28,155,73,99,106,136,115,152,2,170,172,86,76,133,85,104,17,8,16,56,21,108,192,40,15,9,33,154,122,179,27,185,127,96,171,141,98,114,64,79,177,47,88,5,186,199,81,59,129,24,95,149,165,62,120,3,169,191,135,146];False
2026;7108;9134;[34,4,144,70,19,87,121,178,102,132,130,84,77,112,93,147,66,157,103,105,74,188,168,31,142,117,113,61,45,138,41,49,78,128,42,57,197,125,145,126,20,160,91,1,150,124,180,196,36,46,140,92,82,23,189,195,175,12,22,26,176,193,109,143,67,166,38,139,63,118,48,194,29,198,174,184,35,161,32,72,163,25,51,50,190,10,0,167,156,71,44,65,37,94,173,18,131,148,83,153,80,100,30,134,119,11,97,58,158,43,7,101,181,68,123,6,137,60,54,151,110,187,39,107,55,14,13,111,52,89,75,182,116,162,53,183,69,159,164,90,28,155,73,99,106,136,115,152,2,170,172,86,76,133,85,104,17,8,16,56,21,108,192,40,15,9,33,154,122,179,27,185,127,96,171,141,98,114,64,79,177,47,88,5,186,199,81,59,129,24,95,149,165,62,120,3,169,191,135,146];False
2053;7104;9157;[34,4,144,70,19,87,121,178,102,132,130,84,77,112,93,147,66,157,103,105,74,188,168,31,142,117,113,61,45,138,41,49,78,128,42,57,197,125,145,126,143,160,91,1,150,156,180,196,36,46,140,92,82,23,189,195,175,12,22,26,176,193,109,20,67,166,38,139,63,118,48,194,29,198,174,184,35,161,32,72,163,25,51,50,190,10,0,167,124,71,44,65,37,94,173,18,131,148,83,153,80,100,30,134,119,11,97,58,158,43,7,101,181,68,123,6,137,60,54,151,110,187,39,107,55,14,13,111,52,89,75,182,116,162,53,183,69,159,164,90,28,155,73,99,106,136,115,152,2,170,172,86,76,133,85,104,17,8,16,56,21,108,192,40,15,9,33,154,122,179,27,185,127,96,171,141,98,114,64,79,177,47,88,5,186,199,81,59,129,24,95,149,165,62,120,3,169,191,135,146];False
2107;7096;9203;[34,4,144,70,19,87,121,178,102,132,130,84,77,112,93,147,66,157,103,105,74,188,168,31,142,117,113,61,45,138,41,49,78,128,42,57,197,125,145,126,143,160,91,1,150,124,180,196,36,46,140,92,82,23,189,195,175,12,22,26,176,193,109,20,67,166,40,139,63,118,48,194,29,198,174,184,35,161,32,72,163,25,51,50,190,10,0,167,156,71,44,65,37,94,173,18,131,148,83,153,80,100,30,134,119,11,97,58,158,43,7,101,181,68,123,6,137,60,54,151,110,187,39,107,55,14,13,111,52,89,75,182,116,162,53,183,69,159,164,90,28,155,73,99,106,136,115,152,2,170,172,86,76,133,85,104,17,8,16,56,21,108,192,38,15,9,33,154,122,179,27,185,127,96,171,141,98,114,64,79,177,47,88,5,186,199,81,59,129,24,95,149,165,62,120,3,169,191,135,146];False
2102;7095;9197;[34,4,144,70,19,87,121,178,102,132,130,84,77,112,93,147,66,157,103,105,74,188,168,31,142,117,113,61,45,138,41,49,78,128,42,57,197,125,145,126,143,160,91,1,150,124,180,196,36,46,140,92,82,23,189,195,175,12,22,26,176,193,109,20,67,166,38,139,63,118,48,194,29,198,174,16,35,161,32,72,163,25,51,50,190,10,0,167,156,71,44,65,37,94,173,18,131,148,83,153,80,100,30,134,119,11,97,58,158,43,7,101,181,68,123,6,137,60,54,151,110,187,39,107,55,14,13,111,52,89,75,182,116,162,53,183,69,159,164,90,28,155,73,99,106,136,115,152,2,170,172,86,76,133,85,104,17,8,184,56,21,108,192,40,15,9,33,154,122,179,27,185,127,96,171,141,98,114,64,79,177,47,88,5,186,199,81,59,129,24,95,149,165,62,120,3,169,191,135,146];False
2049;7106;9155;[34,4,144,70,19,87,121,178,102,132,130,84,77,112,93,147,66,157,103,105,74,188,168,31,142,117,113,61,45,138,41,49,78,128,42,57,197,125,145,126,143,160,91,1,150,124,180,196,36,46,140,92,82,23,189,195,175,12,22,26,176,193,109,20,67,166,38,139,63,118,48,194,29,198,174,184,35,161,32,72,163,25,51,50,190,10,0,167,156,71,44,65,37,94,173,18,131,148,83,59,80,100,30,134,119,11,97,58,158,43,7,101,181,68,123,6,137,60,54,151,110,187,39,107,55,14,13,111,52,89,75,182,116,162,53,183,69,159,164,90,28,155,73,99,106,136,115,152,2,170,172,86,76,133,85,104,17,8,16,56,21,108,192,40,15,9,33,154,122,179,27,185,127,96,171,141,98,114,64,79,177,47,88,5,186,199,81,153,129,24,95,149,165,62,120,3,169,191,135,146];False
2052;7103;9155;[34,4,144,70,19,87,121,178,102,132,130,84,77,112,93,147,66,157,103,105,74,188,168,31,142,117,113,61,45,138,41,49,78,128,42,57,197,125,145,126,143,160,91,1,150,124,180,196,36,46,140,92,82,23,189,195,175,12,22,26,176,193,109,20,67,166,38,139,63,118,48,194,29,198,174,184,35,161,32,72,163,25,51,50,190,10,0,167,156,71,44,65,37,94,173,18,131,148,83,153,80,100,30,134,119,11,97,58,158,43,7,101,181,68,123,6,137,86,54,151,110,187,39,107,55,14,13,111,52,89,75,182,116,162,53,183,69,159,164,90,28,155,73,99,106,136,115,152,2,170,172,60,76,133,85,104,17,8,16,56,21,108,192,40,15,9,33,154,122,179,27,185,127,96,171,141,98,114,64,79,177,47,88,5,186,199,81,59,129,24,95,149,165,62,120,3,169,191,135,146];False
2015;7107;9122;[34,4,144,70,19,87,121,178,102,132,130,84,77,112,93,147,66,157,103,105,74,188,168,31,142,117,113,61,45,138,41,49,78,128,42,57,197,125,145,126,143,160,91,1,150,124,180,196,36,46,140,92,82,23,189,195,175,12,22,26,176,193,109,20,67,166,38,139,63,118,48,194,29,198,174,184,35,161,32,72,163,25,51,50,190,10,0,167,156,71,44,65,37,94,173,18,131,148,83,153,80,100,30,134,119,11,97,58,158,43,7,101,181,68,123,6,137,60,54,151,110,187,39,107,55,14,13,111,52,89,75,182,116,162,53,183,69,159,164,90,28,155,73,99,106,136,115,2,152,170,172,86,76,133,85,104,17,8,16,56,21,108,192,40,15,9,33,154,122,179,27,185,127,96,171,141,98,114,64,79,177,47,88,5,186,199,81,59,129,24,95,149,165,62,120,3,169,191,135,146];False
2050;7103;9153;[34,4,144,70,19,87,121,178,102,132,130,84,77,112,93,147,66,157,103,105,74,188,168,31,142,117,113,61,45,138,41,49,78,128,42,57,197,125,145,126,143,160,91,1,150,124,180,196,36,46,140,92,82,23,189,195,175,12,22,26,176,193,109,20,67,166,38,139,63,118,48,194,29,198,174,184,35,161,32,72,163,25,51,50,190,10,0,167,156,71,44,65,37,94,173,18,131,148,83,153,80,100,30,134,119,11,97,58,158,43,7,101,181,68,123,6,137,60,54,151,110,187,39,107,55,14,13,111,52,89,75,182,116,162,53,183,69,159,164,90,28,155,73,99,106,136,115,152,2,170,172,86,76,133,85,104,17,8,16,56,21,108,192,40,15,9,33,154,122,177,27,185,127,96,171,141,98,114,64,79,179,47,88,5,186,199,81,59,129,24,95,149,165,62,120,3,169,191,135,146];False
1981;7118;9099;[34,4,144,70,19,87,121,178,102,132,130,84,77,112,93,147,66,157,103,105,74,188,168,31,142,117,167,61,45,65,41,49,78,128,42,57,197,125,145,126,143,160,91,1,150,124,180,196,36,46,140,92,82,23,189,195,175,12,22,26,176,193,109,20,67,166,38,139,63,118,48,194,29,198,174,184,35,161,32,72,163,25,51,50,190,10,0,113,156,71,44,138,37,94,173,18,131,148,83,153,80,100,30,134,119,11,97,58,158,43,7,101,181,68,123,6,137,60,54,151,110,187,39,107,55,14,13,111,52,89,75,182,116,162,53,183,69,159,164,90,28,155,73,99,106,136,115,2,152,170,172,86,76,133,85,104,17,8,16,56,21,108,192,40,15,9,33,154,122,179,27,185,127,96,171,141,98,114,64,79,177,47,88,5,186,199,81,59,129,24,95,149,165,62,120,3,169,191,135,146];False
2103;7094;9197;[34,4,144,70,19,87,121,178,102,132,130,84,77,112,93,147,66,157,103,105,74,188,168,31,142,117,167,61,45,138,41,49,78,128,42,57,197,125,145,126,143,160,91,1,150,124,180,196,36,46,140,92,82,23,189,195,175,12,22,26,176,193,109,20,67,166,38,139,63,118,48,194,29,198,174,16,35,161,32,72,163,25,51,50,190,10,0,113,156,71,44,65,37,94,173,18,131,148,83,153,80,100,30,134,119,11,97,58,158,43,7,101,181,68,123,6,137,60,54,151,110,187,39,107,55,14,13,111,52,89,75,182,116,162,53,183,69,159,164,90,28,155,73,99,106,136,115,2,152,170,172,86,76,133,85,104,17,8,184,56,21,108,192,40,15,9,33,154,122,179,27,185,127,96,171,141,98,114,64,79,177,47,88,5,186,199,81,59,129,24,95,149,165,62,120,3,169,191,135,146];False
1935;7125;9060;[34,4,144,70,19,87,121,178,102,132,130,84,77,112,93,147,66,157,103,105,74,188,168,31,142,117,167,61,45,138,41,49,78,128,42,57,197,125,145,126,143,160,91,1,150,124,180,196,36,46,140,92,82,23,189,195,119,12,22,26,176,193,109,20,67,166,38,139,63,118,48,194,29,198,174,184,35,161,32,72,163,25,51,50,190,10,0,113,156,71,44,65,37,94,173,18,131,175,83,153,80,100,30,134,148,11,97,58,158,43,7,101,181,68,123,6,137,60,54,151,110,187,39,107,55,14,13,111,52,89,75,182,116,162,53,183,69,159,164,90,28,155,73,99,106,136,115,152,2,170,172,86,76,133,85,104,17,8,16,56,21,108,192,40,15,9,33,154,122,179,27,185,127,96,171,141,98,114,64,79,177,47,88,5,186,199,81,59,129,24,95,149,165,62,120,3,169,191,135,146];False
1947;7120;9067;[34,4,144,70,19,87,121,178,102,132,130,84,77,112,93,147,66,157,103,105,74,188,168,31,142,117,167,61,45,138,41,49,78,128,42,57,197,125,145,126,143,160,91,1,150,124,180,196,36,46,140,92,82,23,189,195,175,12,22,26,176,193,109,20,67,166,38,139,63,118,48,194,29,198,174,184,35,161,32,72,163,25,51,50,190,10,0,113,156,71,44,65,37,94,173,18,131,119,81,153,80,100,30,134,148,11,97,58,158,43,7,101,181,68,123,6,137,60,54,151,110,187,39,107,55,14,13,111,52,89,75,182,116,162,53,183,69,159,164,90,28,155,73,99,106,136,115,152,2,170,172,86,76,133,85,104,17,8,16,56,21,108,192,40,15,9,33,154,122,179,27,185,127,96,171,141,98,114,64,79,177,47,88,5,186,199,83,59,129,24,95,149,165,62,120,3,169,191,135,146];False
2053;7102;9155;[34,4,144,70,19,87,121,178,102,132,130,84,77,112,93,147,66,157,103,105,74,188,168,31,142,117,167,61,45,138,41,49,78,128,42,57,197,125,145,126,143,160,91,1,150,124,180,196,36,46,140,92,82,23,189,195,175,12,22,26,176,193,109,20,67,166,38,139,63,118,48,194,29,198,174,184,35,161,32,72,163,25,51,50,190,10,0,113,156,71,44,65,37,94,173,18,131,148,83,153,80,100,30,134,119,11,97,58,158,43,7,101,181,68,123,6,137,86,54,151,110,187,39,107,55,14,13,111,52,89,75,182,116,162,53,183,69,159,164,90,28,155,73,99,106,136,115,2,152,170,172,60,76,133,85,104,17,8,16,56,21,108,192,40,15,9,33,154,122,179,27,185,127,96,171,141,98,114,64,79,177,47,88,5,186,199,81,59,129,24,95,149,165,62,120,3,169,191,135,146];False
2051;7102;9153;[34,4,144,70,19,87,121,178,102,132,130,84,77,112,93,147,66,157,103,105,74,188,168,31,142,117,167,61,45,138,41,49,78,128,42,57,197,125,145,126,143,160,91,1,150,124,180,196,36,46,140,92,82,23,189,195,175,12,22,26,176,193,109,20,67,166,38,139,63,118,48,194,29,198,174,184,35,161,32,72,163,25,51,50,190,10,0,113,156,71,44,65,37,94,173,18,131,148,83,153,80,100,30,134,119,11,97,58,158,43,7,101,181,68,123,6,137,60,54,151,110,187,39,107,55,14,13,111,52,89,75,182,116,162,53,183,69,159,164,90,28,155,73,99,106,136,115,2,152,170,172,86,76,133,85,104,17,8,16,56,21,108,192,40,15,9,33,154,122,177,27,185,127,96,171,141,98,114,64,79,179,47,88,5,186,199,81,59,129,24,95,149,165,62,120,3,169,191,135,146];False
2116;7092;9208;[34,4,144,70,19,87,121,178,102,132,130,84,134,112,93,147,66,157,103,105,74,188,168,31,142,117,167,61,45,138,41,49,78,128,42,57,197,125,145,126,20,160,91,1,150,124,180,196,36,46,140,92,143,23,189,81,0,77,22,26,176,193,109,82,67,166,38,139,63,118,48,194,29,198,174,184,35,161,32,72,163,25,51,50,190,10,165,113,156,71,44,65,37,94,173,18,131,148,83,153,80,100,30,195,119,12,97,58,158,43,7,101,181,68,123,6,137,60,54,151,110,187,39,107,55,14,13,111,52,89,75,182,116,162,53,183,69,159,164,90,28,155,73,99,106,136,115,152,2,170,172,86,76,133,85,104,17,8,16,56,21,108,192,40,15,9,33,154,122,179,27,185,127,96,171,141,98,114,64,79,177,47,88,5,186,199,11,59,129,24,95,149,175,62,120,3,169,191,135,146];False
2098;7097;9195;[34,4,144,70,19,87,121,178,102,132,130,84,195,112,93,147,66,157,103,105,74,188,168,31,142,117,167,61,45,138,41,49,78,128,42,57,197,125,145,126,20,160,91,1,150,124,180,196,36,46,140,92,143,23,189,81,0,77,22,26,176,193,109,82,67,166,38,139,63,118,48,194,29,198,174,184,35,161,32,72,163,25,51,50,190,10,165,113,156,71,44,65,37,94,173,18,131,148,83,153,80,100,30,134,119,11,97,58,158,43,7,101,181,68,123,6,137,60,54,151,110,187,39,107,55,14,13,111,52,89,75,182,116,162,53,183,69,159,164,90,28,155,73,99,106,136,115,152,2,170,172,86,76,133,85,104,17,8,16,56,21,108,192,40,15,9,33,154,122,179,27,185,127,96,171,141,98,114,64,79,177,47,88,5,186,199,12,59,129,24,95,149,175,62,120,3,169,191,135,146];False
2010;7112;9122;[34,4,144,70,19,87,121,178,102,132,130,84,77,112,93,147,66,157,103,105,74,188,168,31,142,117,113,61,45,65,41,49,78,128,42,57,197,125,145,126,143,160,91,1,150,124,180,196,36,46,140,92,82,23,189,195,175,12,22,26,176,193,109,20,67,166,38,139,63,118,48,194,29,198,174,184,35,161,32,72,163,25,51,50,190,10,0,167,156,71,44,138,37,94,173,18,131,148,83,153,80,100,30,134,119,11,97,58,158,43,7,101,181,68,123,6,137,60,54,151,110,187,39,107,55,14,13,111,52,89,75,182,116,162,53,183,69,159,164,90,28,155,73,99,106,136,115,2,152,170,172,86,76,133,85,104,17,8,16,56,21,108,192,40,15,9,33,154,122,179,27,185,127,96,171,141,98,114,64,79,177,47,88,5,186,199,81,59,129,24,95,149,165,62,120,3,169,191,135,146];False
2143;7089;9232;[34,4,144,70,19,87,121,178,102,132,130,84,77,112,93,147,66,157,103,105,74,188,168,31,142,117,113,61,45,138,41,49,78,128,42,57,197,125,145,126,20,160,91,1,150,124,180,196,36,46,140,92,82,23,189,195,175,12,22,26,176,193,109,143,67,166,38,139,63,118,48,194,29,198,174,16,35,161,32,72,163,25,51,50,190,10,0,167,156,71,44,65,37,94,173,18,131,148,83,153,80,100,30,134,119,11,97,58,158,43,7,101,181,68,123,6,137,60,54,151,110,187,39,107,55,14,13,111,52,89,75,182,116,162,53,183,69,159,164,90,28,155,73,99,106,136,115,152,2,170,172,86,76,133,85,104,17,8,184,56,21,108,192,40,15,9,33,154,122,179,27,185,127,96,171,141,98,114,64,79,177,47,88,5,186,199,81,59,129,24,95,149,165,62,120,3,169,191,135,146];False
2132;7088;9220;[34,4,144,70,19,87,121,178,102,132,130,84,77,112,93,147,66,157,103,105,74,188,168,31,142,117,113,61,45,138,41,49,78,128,42,57,197,125,145,126,143,160,91,1,150,124,180,196,36,46,140,92,82,23,189,195,175,12,22,26,176,193,109,20,67,166,38,139,63,118,48,194,29,198,174,16,35,161,32,72,163,25,51,50,190,10,0,167,156,71,44,65,37,94,173,18,131,148,83,153,80,100,30,134,119,11,97,58,158,43,7,101,181,68,123,6,137,60,54,151,110,187,39,107,55,14,13,111,52,89,75,182,116,162,53,183,69,159,164,90,28,155,73,99,106,136,115,2,152,170,172,86,76,133,85,104,17,8,184,56,21,108,192,40,15,9,33,154,122,179,27,185,127,96,171,141,98,114,64,79,177,47,88,5,186,199,81,59,129,24,95,149,165,62,120,3,169,191,135,146];False
2079;7099;9178;[34,4,144,70,19,87,121,178,102,132,130,84,77,112,93,147,66,157,103,105,74,188,168,31,142,117,113,61,45,138,41,49,78,128,42,57,197,125,145,126,143,160,91,1,150,124,180,196,36,46,140,92,82,23,189,195,175,12,22,26,176,193,109,20,67,166,38,139,63,118,48,194,29,198,174,184,35,161,32,72,163,25,51,50,190,10,0,167,156,71,44,65,37,94,173,18,131,148,83,59,80,100,30,134,119,11,97,58,158,43,7,101,181,68,123,6,137,60,54,151,110,187,39,107,55,14,13,111,52,89,75,182,116,162,53,183,69,159,164,90,28,155,73,99,106,136,115,2,152,170,172,86,76,133,85,104,17,8,16,56,21,108,192,40,15,9,33,154,122,179,27,185,127,96,171,141,98,114,64,79,177,47,88,5,186,199,81,153,129,24,95,149,165,62,120,3,169,191,135,146];False
2056;7101;9157;[34,4,144,70,19,87,121,178,102,132,130,84,77,112,93,147,66,157,103,105,74,188,168,31,142,117,113,61,45,138,41,49,78,128,42,57,197,125,145,126,20,160,91,1,150,124,180,196,36,46,140,92,82,23,189,195,175,12,22,26,176,193,109,143,67,166,38,139,63,118,48,194,29,198,174,184,35,161,32,72,163,25,51,50,190,10,0,167,156,71,44,65,37,94,173,18,131,148,83,153,80,100,30,134,119,11,97,58,158,43,7,101,181,68,123,6,137,60,54,151,110,187,39,107,55,14,13,111,52,89,75,182,116,162,53,183,69,159,164,90,28,155,73,99,106,136,115,2,152,170,172,86,76,133,85,104,17,8,16,56,21,108,192,40,15,9,33,154,122,179,27,185,127,96,171,141,98,114,64,79,177,47,88,5,186,199,81,59,129,24,95,149,165,62,120,3,169,191,135,146];False
2083;7097;9180;[34,4,144,70,19,87,121,178,102,132,130,84,77,112,93,147,66,157,103,105,74,188,168,31,142,117,113,61,45,138,41,49,78,128,42,57,197,125,145,126,143,160,91,1,150,156,180,196,36,46,140,92,82,23,189,195,175,12,22,26,176,193,109,20,67,166,38,139,63,118,48,194,29,198,174,184,35,161,32,72,163,25,51,50,190,10,0,167,124,71,44,65,37,94,173,18,131,148,83,153,80,100,30,134,119,11,97,58,158,43,7,101,181,68,123,6,137,60,54,151,110,187,39,107,55,14,13,111,52,89,75,182,116,162,53,183,69,159,164,90,28,155,73,99,106,136,115,2,152,170,172,86,76,133,85,104,17,8,16,56,21,108,192,40,15,9,33,154,122,179,27,185,127,96,171,141,98,114,64,79,177,47,88,5,186,199,81,59,129,24,95,149,165,62,120,3,169,191,135,146];False
2082;7096;9178;[34,4,144,70,19,87,121,178,102,132,130,84,77,112,93,147,66,157,103,105,74,188,168,31,142,117,113,61,45,138,41,49,78,128,42,57,197,125,145,126,143,160,91,1,150,124,180,196,36,46,140,92,82,23,189,195,175,12,22,26,176,193,109,20,67,166,38,139,63,118,48,194,29,198,174,184,35,161,32,72,163,25,51,50,190,10,0,167,156,71,44,65,37,94,173,18,131,148,83,153,80,100,30,134,119,11,97,58,158,43,7,101,181,68,123,6,137,86,54,151,110,187,39,107,55,14,13,111,52,89,75,182,116,162,53,183,69,159,164,90,28,155,73,99,106,136,115,2,152,170,172,60,76,133,85,104,17,8,16,56,21,108,192,40,15,9,33,154,122,179,27,185,127,96,171,141,98,114,64,79,177,47,88,5,186,199,81,59,129,24,95,149,165,62,120,3,169,191,135,146];False
2080;7096;9176;[34,4,144,70,19,87,121,178,102,132,130,84,77,112,93,147,66,157,103,105,74,188,168,31,142,117,113,61,45,138,41,49,78,128,42,57,197,125,145,126,143,160,91,1,150,124,180,196,36,46,140,92,82,23,189,195,175,12,22,26,176,193,109,20,67,166,38,139,63,118,48,194,29,198,174,184,35,161,32,72,163,25,51,50,190,10,0,167,156,71,44,65,37,94,173,18,131,148,83,153,80,100,30,134,119,11,97,58,158,43,7,101,181,68,123,6,137,60,54,151,110,187,39,107,55,14,13,111,52,89,75,182,116,162,53,183,69,159,164,90,28,155,73,99,106,136,115,2,152,170,172,86,76,133,85,104,17,8,16,56,21,108,192,40,15,9,33,154,122,177,27,185,127,96,171,141,98,114,64,79,179,47,88,5,186,199,81,59,129,24,95,149,165,62,120,3,169,191,135,146];False
1964;7119;9083;[34,4,144,70,19,87,121,178,102,132,130,84,77,112,93,147,66,157,103,105,74,188,168,31,142,117,113,61,45,138,41,49,78,128,42,57,197,125,145,126,143,160,91,1,150,124,180,196,36,46,140,92,82,23,189,195,119,12,22,26,176,193,109,20,67,166,38,139,63,118,48,194,29,198,174,184,35,161,32,72,163,25,51,50,190,10,0,167,156,71,44,65,37,94,173,18,131,175,83,153,80,100,30,134,148,11,97,58,158,43,7,101,181,68,123,6,137,60,54,151,110,187,39,107,55,14,13,111,52,89,75,182,116,162,53,183,69,159,164,90,28,155,73,99,106,136,115,152,2,170,172,86,76,133,85,104,17,8,16,56,21,108,192,40,15,9,33,154,122,179,27,185,127,96,171,141,98,114,64,79,177,47,88,5,186,199,81,59,129,24,95,149,165,62,120,3,169,191,135,146];False
1930;7130;9060;[34,4,144,70,19,87,121,178,102,132,130,84,77,112,93,147,66,157,103,105,74,188,168,31,142,117,167,61,45,65,41,49,78,128,42,57,197,125,145,126,143,160,91,1,150,124,180,196,36,46,140,92,82,23,189,195,119,12,22,26,176,193,109,20,67,166,38,139,63,118,48,194,29,198,174,184,35,161,32,72,163,25,51,50,190,10,0,113,156,71,44,138,37,94,173,18,131,175,83,153,80,100,30,134,148,11,97,58,158,43,7,101,181,68,123,6,137,60,54,151,110,187,39,107,55,14,13,111,52,89,75,182,116,162,53,183,69,159,164,90,28,155,73,99,106,136,115,152,2,170,172,86,76,133,85,104,17,8,16,56,21,108,192,40,15,9,33,154,122,179,27,185,127,96,171,141,98,114,64,79,177,47,88,5,186,199,81,59,129,24,95,149,165,62,120,3,169,191,135,146];False
1963;7114;9077;[34,4,144,70,19,87,121,178,102,132,130,84,77,112,93,147,66,157,103,105,74,188,168,31,142,117,167,61,45,138,41,49,78,128,42,57,197,125,145,126,143,160,91,1,150,124,180,196,36,46,140,92,82,23,189,195,119,12,22,26,176,193,109,20,67,166,38,139,63,118,48,194,29,198,174,184,35,161,32,72,163,25,51,50,190,10,0,113,156,71,44,65,37,94,173,18,131,175,81,153,80,100,30,134,148,11,97,58,158,43,7,101,181,68,123,6,137,60,54,151,110,187,39,107,55,14,13,111,52,89,75,182,116,162,53,183,69,159,164,90,28,155,73,99,106,136,115,152,2,170,172,86,76,133,85,104,17,8,16,56,21,108,192,40,15,9,33,154,122,179,27,185,127,96,171,141,98,114,64,79,177,47,88,5,186,199,83,59,129,24,95,149,165,62,120,3,169,191,135,146];False
1912;7119;9031;[34,4,144,70,19,87,121,178,102,132,130,84,77,112,93,147,66,157,103,105,74,188,168,31,142,117,167,61,45,138,41,49,78,128,42,57,197,125,145,126,143,160,91,1,150,124,180,196,36,46,140,92,82,23,189,195,175,12,22,26,176,193,109,20,67,166,38,139,63,118,48,194,29,198,174,184,35,161,32,72,163,25,51,50,190,10,0,113,156,71,44,65,37,94,173,18,131,110,81,153,80,100,30,134,148,11,97,58,158,43,7,101,181,68,123,6,137,60,54,151,119,187,39,107,55,14,13,111,52,89,75,182,116,162,53,183,69,159,164,90,28,155,73,99,106,136,115,152,2,170,172,86,76,133,85,104,17,8,16,56,21,108,192,40,15,9,33,154,122,179,27,185,127,96,171,141,98,114,64,79,177,47,88,5,186,199,83,59,129,24,95,149,165,62,120,3,169,191,135,146];True
2118;7091;9209;[34,4,144,70,19,87,121,178,102,132,130,84,77,112,93,147,66,157,103,105,74,188,168,31,142,117,167,61,45,138,41,49,78,128,42,57,197,125,145,126,143,160,91,1,150,124,180,196,36,46,140,92,82,23,189,195,175,12,22,26,176,193,109,20,67,166,38,139,63,118,48,194,29,198,174,184,35,161,32,72,163,25,51,50,190,10,0,113,156,71,44,65,37,94,173,18,131,148,83,153,80,100,30,134,119,11,97,58,158,43,7,101,181,68,123,6,137,86,54,151,110,187,39,107,55,14,13,111,52,89,75,182,116,162,53,183,69,159,164,90,28,155,73,99,106,136,115,2,152,170,172,60,76,133,85,104,17,8,16,56,21,108,192,40,15,9,33,154,122,177,27,185,127,96,171,141,98,114,64,79,179,47,88,5,186,199,81,59,129,24,95,149,165,62,120,3,169,191,135,146];False
2071;7091;9162;[34,4,144,70,19,87,121,178,102,132,130,84,77,112,93,147,66,157,103,105,74,188,168,31,142,117,113,61,45,138,41,49,78,128,42,57,197,125,145,126,20,160,91,1,150,124,180,196,36,46,140,92,143,23,189,195,175,12,22,26,176,193,109,82,67,166,38,139,63,118,48,194,29,198,174,184,35,161,32,72,163,25,51,50,190,10,0,167,156,71,44,65,37,94,173,18,131,148,83,153,80,100,30,134,119,11,97,58,158,43,7,101,181,68,123,6,137,60,54,151,110,187,39,107,55,14,13,111,52,89,75,182,116,162,53,183,69,159,164,90,28,155,73,99,106,136,115,2,152,170,172,86,76,133,85,104,17,8,16,56,21,108,192,40,15,9,33,154,122,179,27,185,127,96,171,141,98,114,64,79,177,47,88,5,186,199,81,59,129,24,95,149,165,62,120,3,169,191,135,146];False
1992;7108;9100;[34,4,144,70,19,87,121,178,102,132,130,84,77,112,93,147,66,157,103,105,74,188,168,31,142,117,113,61,45,138,41,49,78,128,42,57,197,125,145,126,143,160,91,1,150,124,180,196,36,46,140,92,82,23,189,195,119,12,22,26,176,193,109,20,67,166,38,139,63,118,48,194,29,198,174,184,35,161,32,72,163,25,51,50,190,10,0,167,156,71,44,65,37,94,173,18,131,175,81,153,80,100,30,134,148,11,97,58,158,43,7,101,181,68,123,6,137,60,54,151,110,187,39,107,55,14,13,111,52,89,75,182,116,162,53,183,69,159,164,90,28,155,73,99,106,136,115,152,2,170,172,86,76,133,85,104,17,8,16,56,21,108,192,40,15,9,33,154,122,179,27,185,127,96,171,141,98,114,64,79,177,47,88,5,186,199,83,59,129,24,95,149,165,62,120,3,169,191,135,146];False
1945;7118;9063;[34,4,144,70,19,87,121,178,102,132,130,84,77,112,93,147,66,157,103,105,74,188,168,31,142,117,167,61,45,138,41,49,78,128,42,57,197,125,145,126,143,160,91,1,150,124,180,196,36,46,140,92,82,23,189,195,119,12,22,26,176,193,109,20,67,166,38,139,63,118,48,194,29,198,174,184,35,161,32,72,163,25,51,50,190,10,0,113,156,71,44,65,37,94,173,18,131,110,81,153,80,100,30,134,148,11,97,58,158,43,7,101,181,68,123,6,137,60,54,151,175,187,39,107,55,14,13,111,52,89,75,182,116,162,53,183,69,159,164,90,28,155,73,99,106,136,115,152,2,170,172,86,76,133,85,104,17,8,16,56,21,108,192,40,15,9,33,154,122,179,27,185,127,96,171,141,98,114,64,79,177,47,88,5,186,199,83,59,129,24,95,149,165,62,120,3,169,191,135,146];False
2030;7103;9133;[34,4,144,70,19,87,121,178,102,132,130,84,77,112,93,147,66,157,103,105,74,188,168,31,142,117,167,61,45,138,41,49,78,128,42,57,197,125,145,126,143,160,91,1,150,124,180,196,36,46,140,92,82,23,189,195,119,12,22,26,176,193,109,20,67,166,38,139,63,118,48,194,29,198,174,184,35,161,32,72,163,25,51,50,190,10,0,113,156,71,44,65,37,94,173,18,131,175,81,153,80,100,30,134,148,11,97,58,158,43,7,101,181,68,123,6,137,86,54,151,110,187,39,107,55,14,13,111,52,89,75,182,116,162,53,183,69,159,164,90,28,155,73,99,106,136,115,152,2,170,172,60,76,133,85,104,17,8,16,56,21,108,192,40,15,9,33,154,122,179,27,185,127,96,171,141,98,114,64,79,177,47,88,5,186,199,83,59,129,24,95,149,165,62,120,3,169,191,135,146];False
1993;7107;9100;[34,4,144,70,19,87,121,178,102,132,130,84,77,112,93,147,66,157,103,105,74,188,168,31,142,117,167,61,45,138,41,49,78,128,42,57,197,125,145,126,143,160,91,1,150,124,180,196,36,46,140,92,82,23,189,195,119,12,22,26,176,193,109,20,67,166,38,139,63,118,48,194,29,198,174,184,35,161,32,72,163,25,51,50,190,10,0,113,156,71,44,65,37,94,173,18,131,175,81,153,80,100,30,134,148,11,97,58,158,43,7,101,181,68,123,6,137,60,54,151,110,187,39,107,55,14,13,111,52,89,75,182,116,162,53,183,69,159,164,90,28,155,73,99,106,136,115,2,152,170,172,86,76,133,85,104,17,8,16,56,21,108,192,40,15,9,33,154,122,179,27,185,127,96,171,141,98,114,64,79,177,47,88,5,186,199,83,59,129,24,95,149,165,62,120,3,169,191,135,146];False
2028;7103;9131;[34,4,144,70,19,87,121,178,102,132,130,84,77,112,93,147,66,157,103,105,74,188,168,31,142,117,167,61,45,138,41,49,78,128,42,57,197,125,145,126,143,160,91,1,150,124,180,196,36,46,140,92,82,23,189,195,119,12,22,26,176,193,109,20,67,166,38,139,63,118,48,194,29,198,174,184,35,161,32,72,163,25,51,50,190,10,0,113,156,71,44,65,37,94,173,18,131,175,81,153,80,100,30,134,148,11,97,58,158,43,7,101,181,68,123,6,137,60,54,151,110,187,39,107,55,14,13,111,52,89,75,182,116,162,53,183,69,159,164,90,28,155,73,99,106,136,115,152,2,170,172,86,76,133,85,104,17,8,16,56,21,108,192,40,15,9,33,154,122,177,27,185,127,96,171,141,98,114,64,79,179,47,88,5,186,199,83,59,129,24,95,149,165,62,120,3,169,191,135,146];False
1886;7152;9038;[34,4,144,70,19,87,121,178,102,132,130,84,77,112,150,147,66,157,103,105,74,188,168,31,142,117,167,61,45,138,41,49,78,128,42,57,197,125,145,126,143,160,91,1,93,124,180,196,36,46,140,92,82,23,189,195,175,12,22,26,176,193,109,20,67,166,38,139,63,118,48,194,29,198,174,184,35,161,32,72,163,25,51,50,190,10,0,113,156,71,44,65,37,94,173,18,131,110,81,153,80,100,30,134,148,11,97,58,158,43,7,101,181,68,123,6,137,60,54,151,119,187,39,107,55,14,13,111,52,89,75,182,116,162,53,183,69,159,164,90,28,155,73,99,106,136,115,152,2,170,172,86,76,133,85,104,17,8,16,56,21,108,192,40,15,9,33,154,122,179,27,185,127,96,171,141,98,114,64,79,177,47,88,5,186,199,83,59,129,24,95,149,165,62,120,3,169,191,135,146];False
1941;7113;9054;[34,4,144,70,19,87,121,178,102,132,130,84,77,112,93,147,66,157,103,105,74,188,168,31,142,117,113,61,45,138,41,49,78,128,42,57,197,125,145,126,143,160,91,1,150,124,180,196,36,46,140,92,82,23,189,195,175,12,22,26,176,193,109,20,67,166,38,139,63,118,48,194,29,198,174,184,35,161,32,72,163,25,51,50,190,10,0,167,156,71,44,65,37,94,173,18,131,110,81,153,80,100,30,134,148,11,97,58,158,43,7,101,181,68,123,6,137,60,54,151,119,187,39,107,55,14,13,111,52,89,75,182,116,162,53,183,69,159,164,90,28,155,73,99,106,136,115,152,2,170,172,86,76,133,85,104,17,8,16,56,21,108,192,40,15,9,33,154,122,179,27,185,127,96,171,141,98,114,64,79,177,47,88,5,186,199,83,59,129,24,95,149,165,62,120,3,169,191,135,146];False
1907;7124;9031;[34,4,144,70,19,87,121,178,102,132,130,84,77,112,93,147,66,157,103,105,74,188,168,31,142,117,167,61,45,65,41,49,78,128,42,57,197,125,145,126,143,160,91,1,150,124,180,196,36,46,140,92,82,23,189,195,175,12,22,26,176,193,109,20,67,166,38,139,63,118,48,194,29,198,174,184,35,161,32,72,163,25,51,50,190,10,0,113,156,71,44,138,37,94,173,18,131,110,81,153,80,100,30,134,148,11,97,58,158,43,7,101,181,68,123,6,137,60,54,151,119,187,39,107,55,14,13,111,52,89,75,182,116,162,53,183,69,159,164,90,28,155,73,99,106,136,115,152,2,170,172,86,76,133,85,104,17,8,16,56,21,108,192,40,15,9,33,154,122,179,27,185,127,96,171,141,98,114,64,79,177,47,88,5,186,199,83,59,129,24,95,149,165,62,120,3,169,191,135,146];True
1983;7112;9095;[34,4,144,70,19,87,121,178,102,132,130,84,77,112,93,147,66,157,103,105,74,188,168,31,142,117,167,61,45,138,41,49,78,128,42,57,197,125,145,109,143,160,91,1,150,124,180,196,36,46,140,92,82,23,189,195,175,12,22,26,176,193,126,20,67,166,38,139,63,118,48,194,29,198,174,184,35,161,32,72,163,25,51,50,190,10,0,113,156,71,44,65,37,94,173,18,131,110,81,153,80,100,30,134,148,11,97,58,158,43,7,101,181,68,123,6,137,60,54,151,119,187,39,107,55,14,13,111,52,89,75,182,116,162,53,183,69,159,164,90,28,155,73,99,106,136,115,152,2,170,172,86,76,133,85,104,17,8,16,56,21,108,192,40,15,9,33,154,122,179,27,185,127,96,171,141,98,114,64,79,177,47,88,5,186,199,83,59,129,24,95,149,165,62,120,3,169,191,135,146];False
1863;7151;9014;[34,4,144,70,19,87,121,178,102,132,130,84,77,112,93,147,66,157,103,105,74,188,168,31,142,117,167,61,45,138,41,49,78,128,42,57,197,125,145,126,143,160,91,1,150,124,180,196,36,46,140,92,82,23,189,7,175,12,22,26,176,193,109,20,67,166,38,139,63,118,48,194,29,198,174,184,35,161,32,72,163,25,51,50,190,10,0,113,156,71,44,65,37,94,173,18,131,110,81,153,80,100,30,134,148,11,97,58,158,43,195,101,181,68,123,6,137,60,54,151,119,187,39,107,55,14,13,111,52,89,75,182,116,162,53,183,69,159,164,90,28,155,73,99,106,136,115,152,2,170,172,86,76,133,85,104,17,8,16,56,21,108,192,40,15,9,33,154,122,179,27,185,127,96,171,141,98,114,64,79,177,47,88,5,186,199,83,59,129,24,95,149,165,62,120,3,169,191,135,146];False
1893;7142;9035;[34,4,144,70,19,87,121,178,102,132,130,84,77,112,93,147,66,157,103,105,74,188,168,31,142,117,167,61,45,138,41,49,78,128,42,57,197,125,145,126,143,160,91,1,150,124,180,196,36,46,140,92,82,23,189,27,175,12,22,26,176,193,109,20,67,166,38,139,63,118,48,194,29,198,174,184,35,161,32,72,163,25,51,50,190,10,0,113,156,71,44,65,37,94,173,18,131,110,81,153,80,100,30,134,148,11,97,58,158,43,7,101,181,68,123,6,137,60,54,151,119,187,39,107,55,14,13,111,52,89,75,182,116,162,53,183,69,159,164,90,28,155,73,99,106,136,115,152,2,170,172,86,76,133,85,104,17,8,16,56,21,108,192,40,15,9,33,154,122,179,195,185,127,96,171,141,98,114,64,79,177,47,88,5,186,199,83,59,129,24,95,149,165,62,120,3,169,191,135,146];False
2070;7095;9165;[34,4,144,70,19,87,121,178,102,132,130,84,77,112,93,147,66,157,103,105,74,188,168,31,142,117,167,61,45,138,41,49,78,128,42,57,197,125,145,126,143,160,91,1,150,124,180,196,36,46,140,92,82,23,189,195,175,12,22,26,176,193,109,190,67,166,38,139,63,118,48,194,29,198,174,184,35,161,32,72,163,25,51,50,20,10,0,113,156,71,44,65,37,94,173,18,131,110,81,153,80,100,30,134,148,11,97,58,158,43,7,101,181,68,123,6,137,60,54,151,119,187,39,107,55,14,13,111,52,89,75,182,116,162,53,183,69,159,164,90,28,155,73,99,106,136,115,152,2,170,172,86,76,133,85,104,17,8,16,56,21,108,192,40,15,9,33,154,122,179,27,185,127,96,171,141,98,114,64,79,177,47,88,5,186,199,83,59,129,24,95,149,165,62,120,3,169,191,135,146];False
2034;7101;9135;[34,4,144,70,19,87,121,178,102,132,130,84,77,112,93,147,66,157,103,105,74,188,168,31,142,117,167,61,45,138,41,49,78,128,42,57,197,125,145,126,143,160,91,1,150,124,180,196,36,46,140,92,82,23,189,195,175,12,22,26,176,193,109,20,67,166,40,139,63,118,48,194,29,198,174,184,35,161,32,72,163,25,51,50,190,10,0,113,156,71,44,65,37,94,173,18,131,110,81,153,80,100,30,134,148,11,97,58,158,43,7,101,181,68,123,6,137,60,54,151,119,187,39,107,55,14,13,111,52,89,75,182,116,162,53,183,69,159,164,90,28,155,73,99,106,136,115,152,2,170,172,86,76,133,85,104,17,8,16,56,21,108,192,38,15,9,33,154,122,179,27,185,127,96,171,141,98,114,64,79,177,47,88,5,186,199,83,59,129,24,95,149,165,62,120,3,169,191,135,146];False
2029;7100;9129;[34,4,144,70,19,87,121,178,102,132,130,84,77,112,93,147,66,157,103,105,74,188,168,31,142,117,167,61,45,138,41,49,78,128,42,57,197,125,145,126,143,160,91,1,150,124,180,196,36,46,140,92,82,23,189,195,175,12,22,26,176,193,109,20,67,166,38,139,63,118,48,194,29,198,174,16,35,161,32,72,163,25,51,50,190,10,0,113,156,71,44,65,37,94,173,18,131,110,81,153,80,100,30,134,148,11,97,58,158,43,7,101,181,68,123,6,137,60,54,151,119,187,39,107,55,14,13,111,52,89,75,182,116,162,53,183,69,159,164,90,28,155,73,99,106,136,115,152,2,170,172,86,76,133,85,104,17,8,184,56,21,108,192,40,15,9,33,154,122,179,27,185,127,96,171,141,98,114,64,79,177,47,88,5,186,199,83,59,129,24,95,149,165,62,120,3,169,191,135,146];False
1956;7108;9064;[34,4,144,70,19,87,121,178,102,132,130,84,77,112,93,147,66,157,103,105,74,188,168,31,142,117,167,61,45,138,41,49,78,128,42,57,197,125,145,126,143,160,91,1,150,124,180,196,36,46,140,92,82,23,189,195,175,12,22,26,176,193,109,20,67,166,38,139,63,118,48,194,29,198,174,184,35,161,32,72,163,25,51,50,190,10,0,113,156,71,44,65,37,94,173,18,131,110,81,153,80,100,30,134,119,11,97,58,158,43,7,101,181,68,123,6,137,60,54,151,148,187,39,107,55,14,13,111,52,89,75,182,116,162,53,183,69,159,164,90,28,155,73,99,106,136,115,152,2,170,172,86,76,133,85,104,17,8,16,56,21,108,192,40,15,9,33,154,122,179,27,185,127,96,171,141,98,114,64,79,177,47,88,5,186,199,83,59,129,24,95,149,165,62,120,3,169,191,135,146];False
2026;7105;9131;[34,4,144,70,19,87,121,178,102,132,130,84,77,112,93,147,66,157,103,105,74,188,168,31,142,117,167,61,45,138,41,49,78,128,42,57,197,125,145,126,143,160,91,1,150,124,180,196,36,46,140,92,82,23,189,195,175,12,22,26,176,193,109,20,67,166,38,139,63,118,48,194,29,198,174,184,35,161,32,72,163,25,51,50,190,10,0,113,156,71,44,65,37,94,173,18,131,110,81,153,80,100,30,134,148,11,97,58,158,43,187,101,181,68,123,6,137,60,54,151,119,7,39,107,55,14,13,111,52,89,75,182,116,162,53,183,69,159,164,90,28,155,73,99,106,136,115,152,2,170,172,86,76,133,85,104,17,8,16,56,21,108,192,40,15,9,33,154,122,179,27,185,127,96,171,141,98,114,64,79,177,47,88,5,186,199,83,59,129,24,95,149,165,62,120,3,169,191,135,146];False
1942;7112;9054;[34,4,144,70,19,87,121,178,102,132,130,84,77,112,93,147,66,157,103,105,74,188,168,31,142,117,167,61,45,138,41,49,78,128,42,57,197,125,145,126,143,160,91,1,150,124,180,196,36,46,140,92,82,23,189,195,175,12,22,26,176,193,109,20,67,166,38,139,63,118,48,194,29,198,174,184,35,161,32,72,163,25,51,50,190,10,0,113,156,71,44,65,37,94,173,18,131,110,81,153,80,100,30,134,148,11,97,58,158,43,7,101,181,68,123,6,137,60,54,151,119,187,39,107,55,14,13,111,52,89,75,182,116,162,53,183,69,159,164,90,28,155,73,99,106,136,115,2,152,170,172,86,76,133,85,104,17,8,16,56,21,108,192,40,15,9,33,154,122,179,27,185,127,96,171,141,98,114,64,79,177,47,88,5,186,199,83,59,129,24,95,149,165,62,120,3,169,191,135,146];False
2123;7088;9211;[34,4,144,70,19,87,121,178,102,132,130,84,77,52,93,147,66,157,103,105,74,188,168,31,142,117,113,61,45,138,41,49,78,128,42,57,197,125,145,126,20,160,91,1,150,124,180,196,36,46,140,92,143,23,189,195,175,12,22,26,176,193,109,82,67,166,38,139,63,118,48,194,29,198,174,184,35,161,32,72,163,25,51,50,190,10,0,167,156,71,44,65,37,94,173,18,131,148,83,153,80,100,30,134,119,11,97,58,158,43,7,101,181,68,123,6,137,60,54,151,110,187,39,107,55,14,13,111,112,89,75,182,116,162,53,183,69,159,164,90,28,155,73,99,106,136,115,2,152,170,172,86,76,133,85,104,17,8,16,56,21,108,192,40,15,9,33,154,122,179,27,185,127,96,171,141,98,114,64,79,177,47,88,5,186,199,81,59,129,24,95,149,165,62,120,3,169,191,135,146];False
2042;7097;9139;[34,4,144,70,19,87,121,178,102,132,130,84,77,112,93,147,66,157,103,105,74,188,168,31,142,117,167,61,45,138,41,49,78,128,42,57,197,125,145,126,20,160,91,1,150,124,180,196,36,46,140,92,143,23,189,195,175,12,22,26,176,193,109,82,67,166,38,139,63,118,48,194,29,198,174,184,35,161,32,72,163,25,51,50,190,10,0,113,156,71,44,65,37,94,173,18,131,148,83,153,80,100,30,134,119,11,97,58,158,43,7,101,181,68,123,6,137,60,54,151,110,187,39,107,55,14,13,111,52,89,75,182,116,162,53,183,69,159,164,90,28,155,73,99,106,136,115,2,152,170,172,86,76,133,85,104,17,8,16,56,21,108,192,40,15,9,33,154,122,179,27,185,127,96,171,141,98,114,64,79,177,47,88,5,186,199,81,59,129,24,95,149,165,62,120,3,169,191,135,146];False
2066;7096;9162;[34,4,144,70,19,87,121,178,102,132,130,84,77,112,93,147,66,157,103,105,74,188,168,31,142,117,113,61,45,65,41,49,78,128,42,57,197,125,145,126,20,160,91,1,150,124,180,196,36,46,140,92,143,23,189,195,175,12,22,26,176,193,109,82,67,166,38,139,63,118,48,194,29,198,174,184,35,161,32,72,163,25,51,50,190,10,0,167,156,71,44,138,37,94,173,18,131,148,83,153,80,100,30,134,119,11,97,58,158,43,7,101,181,68,123,6,137,60,54,151,110,187,39,107,55,14,13,111,52,89,75,182,116,162,53,183,69,159,164,90,28,155,73,99,106,136,115,2,152,170,172,86,76,133,85,104,17,8,16,56,21,108,192,40,15,9,33,154,122,179,27,185,127,96,171,141,98,114,64,79,177,47,88,5,186,199,81,59,129,24,95,149,165,62,120,3,169,191,135,146];False
2110;7090;9200;[34,4,144,70,19,87,121,178,102,132,130,84,77,112,93,147,66,157,103,105,74,188,168,31,142,117,113,61,45,138,41,49,78,60,42,57,197,125,145,126,20,160,91,1,150,124,180,196,36,46,140,92,143,23,189,195,175,12,22,26,176,193,109,82,67,166,38,139,63,118,48,194,29,198,174,184,35,161,32,72,163,25,51,50,190,10,0,167,156,71,44,65,37,94,173,18,131,148,83,153,80,100,30,134,119,11,97,58,158,43,7,101,181,68,123,6,137,128,54,151,110,187,39,107,55,14,13,111,52,89,75,182,116,162,53,183,69,159,164,90,28,155,73,99,106,136,115,2,152,170,172,86,76,133,85,104,17,8,16,56,21,108,192,40,15,9,33,154,122,179,27,185,127,96,171,141,98,114,64,79,177,47,88,5,186,199,81,59,129,24,95,149,165,62,120,3,169,191,135,146];False
2139;7081;9220;[34,4,144,70,19,87,121,178,102,132,130,84,77,112,93,147,66,157,103,105,74,188,168,31,142,117,113,61,45,138,41,49,78,128,42,57,197,125,145,126,20,160,91,1,150,156,180,196,36,46,140,92,143,23,189,195,175,12,22,26,176,193,109,82,67,166,38,139,63,118,48,194,29,198,174,184,35,161,32,72,163,25,51,50,190,10,0,167,124,71,44,65,37,94,173,18,131,148,83,153,80,100,30,134,119,11,97,58,158,43,7,101,181,68,123,6,137,60,54,151,110,187,39,107,55,14,13,111,52,89,75,182,116,162,53,183,69,159,164,90,28,155,73,99,106,136,115,2,152,170,172,86,76,133,85,104,17,8,16,56,21,108,192,40,15,9,33,154,122,179,27,185,127,96,171,141,98,114,64,79,177,47,88,5,186,199,81,59,129,24,95,149,165,62,120,3,169,191,135,146];False
2133;7087;9220;[34,4,144,70,19,87,121,178,102,132,130,84,77,112,93,147,66,157,103,105,74,188,168,31,142,117,113,61,45,138,41,49,78,128,42,57,197,125,145,126,20,160,91,1,150,124,180,196,36,46,140,92,143,23,189,195,175,12,22,26,176,193,109,82,67,166,38,139,63,118,48,194,29,198,174,184,35,161,32,72,163,25,51,50,190,10,0,167,156,71,44,65,37,94,173,18,43,148,83,153,80,100,30,134,119,11,97,58,158,131,7,101,181,68,123,6,137,60,54,151,110,187,39,107,55,14,13,111,52,89,75,182,116,162,53,183,69,159,164,90,28,155,73,99,106,136,115,2,152,170,172,86,76,133,85,104,17,8,16,56,21,108,192,40,15,9,33,154,122,179,27,185,127,96,171,141,98,114,64,79,177,47,88,5,186,199,81,59,129,24,95,149,165,62,120,3,169,191,135,146];False
2135;7083;9218;[34,4,144,70,19,87,121,178,102,132,130,84,77,112,93,147,66,157,103,105,74,188,168,31,142,117,113,61,45,138,41,49,78,128,42,57,197,125,145,126,20,160,91,1,150,124,180,196,36,46,140,92,143,23,189,195,175,12,22,26,176,193,109,82,67,166,38,139,63,118,48,194,29,198,174,184,35,161,32,72,163,25,51,50,190,10,0,167,156,71,44,65,37,94,173,18,131,148,83,59,80,100,30,134,119,11,97,58,158,43,7,101,181,68,123,6,137,60,54,151,110,187,39,107,55,14,13,111,52,89,75,182,116,162,53,183,69,159,164,90,28,155,73,99,106,136,115,2,152,170,172,86,76,133,85,104,17,8,16,56,21,108,192,40,15,9,33,154,122,179,27,185,127,96,171,141,98,114,64,79,177,47,88,5,186,199,81,153,129,24,95,149,165,62,120,3,169,191,135,146];False
2138;7080;9218;[34,4,144,70,19,87,121,178,102,132,130,84,77,112,93,147,66,157,103,105,74,188,168,31,142,117,113,61,45,138,41,49,78,128,42,57,197,125,145,126,20,160,91,1,150,124,180,196,36,46,140,92,143,23,189,195,175,12,22,26,176,193,109,82,67,166,38,139,63,118,48,194,29,198,174,184,35,161,32,72,163,25,51,50,190,10,0,167,156,71,44,65,37,94,173,18,131,148,83,153,80,100,30,134,119,11,97,58,158,43,7,101,181,68,123,6,137,86,54,151,110,187,39,107,55,14,13,111,52,89,75,182,116,162,53,183,69,159,164,90,28,155,73,99,106,136,115,2,152,170,172,60,76,133,85,104,17,8,16,56,21,108,192,40,15,9,33,154,122,179,27,185,127,96,171,141,98,114,64,79,177,47,88,5,186,199,81,59,129,24,95,149,165,62,120,3,169,191,135,146];False
2041;7098;9139;[34,4,144,70,19,87,121,178,102,132,130,84,77,112,93,147,66,157,103,105,74,188,168,31,142,117,113,61,45,138,41,49,78,128,42,57,197,125,145,126,20,160,91,1,150,124,180,196,36,46,140,92,143,23,189,195,175,12,22,26,176,193,109,82,67,166,38,139,63,118,48,194,29,198,174,184,35,161,32,72,163,25,51,50,190,10,0,167,156,71,44,65,37,94,173,18,131,148,83,153,80,100,30,134,119,11,97,58,158,43,7,101,181,68,123,6,137,60,54,151,110,187,39,107,55,14,13,111,52,89,75,182,116,162,53,183,69,159,164,90,28,155,73,99,106,136,115,152,2,170,172,86,76,133,85,104,17,8,16,56,21,108,192,40,15,9,33,154,122,179,27,185,127,96,171,141,98,114,64,79,177,47,88,5,186,199,81,59,129,24,95,149,165,62,120,3,169,191,135,146];False
2136;7080;9216;[34,4,144,70,19,87,121,178,102,132,130,84,77,112,93,147,66,157,103,105,74,188,168,31,142,117,113,61,45,138,41,49,78,128,42,57,197,125,145,126,20,160,91,1,150,124,180,196,36,46,140,92,143,23,189,195,175,12,22,26,176,193,109,82,67,166,38,139,63,118,48,194,29,198,174,184,35,161,32,72,163,25,51,50,190,10,0,167,156,71,44,65,37,94,173,18,131,148,83,153,80,100,30,134,119,11,97,58,158,43,7,101,181,68,123,6,137,60,54,151,110,187,39,107,55,14,13,111,52,89,75,182,116,162,53,183,69,159,164,90,28,155,73,99,106,136,115,2,152,170,172,86,76,133,85,104,17,8,16,56,21,108,192,40,15,9,33,154,122,177,27,185,127,96,171,141,98,114,64,79,179,47,88,5,186,199,81,59,129,24,95,149,165,62,120,3,169,191,135,146];False
2110;7086;9196;[34,4,144,70,19,87,121,178,102,132,130,84,77,112,93,147,66,157,103,105,74,188,168,31,142,117,113,61,45,138,41,49,78,128,42,57,197,125,145,126,20,160,91,1,150,124,180,196,36,46,140,92,143,23,189,195,175,12,22,26,176,193,109,82,67,166,38,139,63,118,48,194,29,198,174,184,35,161,32,72,163,25,51,50,190,10,0,167,156,71,44,65,37,94,173,18,131,148,83,153,80,100,30,134,119,11,97,58,158,43,7,101,181,68,123,6,137,60,54,151,110,187,39,107,55,14,13,111,52,89,75,182,116,162,53,183,69,159,164,90,28,155,73,99,106,136,115,2,152,170,172,86,76,133,85,104,17,8,16,56,21,108,192,40,15,9,33,154,122,179,47,185,127,96,171,141,98,114,64,79,177,27,88,5,186,199,81,59,129,24,95,149,165,62,120,3,169,191,135,146];False
2022;7101;9123;[34,4,144,70,19,87,121,178,102,132,130,84,77,112,93,147,66,157,103,105,74,188,168,31,142,117,113,61,45,138,41,49,78,128,42,57,197,125,145,126,143,160,91,1,150,124,180,196,36,46,140,92,82,23,189,195,119,12,22,26,176,193,109,20,67,166,38,139,63,118,48,194,29,198,174,184,35,161,32,72,163,25,51,50,190,10,0,167,156,71,44,65,37,94,173,18,131,175,81,153,80,100,30,134,148,11,97,58,158,43,7,101,181,68,123,6,137,60,54,151,110,187,39,107,55,14,13,111,52,89,75,182,116,162,53,183,69,159,164,90,28,155,73,99,106,136,115,2,152,170,172,86,76,133,85,104,17,8,16,56,21,108,192,40,15,9,33,154,122,179,27,185,127,96,171,141,98,114,64,79,177,47,88,5,186,199,83,59,129,24,95,149,165,62,120,3,169,191,135,146];False
2060;7096;9156;[34,4,144,70,19,87,121,178,102,132,130,84,77,112,93,147,66,157,103,105,74,188,168,31,142,117,167,61,45,138,41,49,78,128,42,57,197,125,145,126,143,160,91,1,150,124,180,196,36,46,140,92,82,23,189,195,119,12,22,26,176,193,109,20,67,166,38,139,63,118,48,194,29,198,174,184,35,161,32,72,163,25,51,50,190,10,0,113,156,71,44,65,37,94,173,18,131,175,81,153,80,100,30,134,148,11,97,58,158,43,7,101,181,68,123,6,137,86,54,151,110,187,39,107,55,14,13,111,52,89,75,182,116,162,53,183,69,159,164,90,28,155,73,99,106,136,115,2,152,170,172,60,76,133,85,104,17,8,16,56,21,108,192,40,15,9,33,154,122,179,27,185,127,96,171,141,98,114,64,79,177,47,88,5,186,199,83,59,129,24,95,149,165,62,120,3,169,191,135,146];False
2058;7096;9154;[34,4,144,70,19,87,121,178,102,132,130,84,77,112,93,147,66,157,103,105,74,188,168,31,142,117,167,61,45,138,41,49,78,128,42,57,197,125,145,126,143,160,91,1,150,124,180,196,36,46,140,92,82,23,189,195,119,12,22,26,176,193,109,20,67,166,38,139,63,118,48,194,29,198,174,184,35,161,32,72,163,25,51,50,190,10,0,113,156,71,44,65,37,94,173,18,131,175,81,153,80,100,30,134,148,11,97,58,158,43,7,101,181,68,123,6,137,60,54,151,110,187,39,107,55,14,13,111,52,89,75,182,116,162,53,183,69,159,164,90,28,155,73,99,106,136,115,2,152,170,172,86,76,133,85,104,17,8,16,56,21,108,192,40,15,9,33,154,122,177,27,185,127,96,171,141,98,114,64,79,179,47,88,5,186,199,83,59,129,24,95,149,165,62,120,3,169,191,135,146];False
1936;7118;9054;[34,4,144,70,19,87,121,178,102,132,130,84,77,112,93,147,66,157,103,105,74,188,168,31,142,117,113,61,45,65,41,49,78,128,42,57,197,125,145,126,143,160,91,1,150,124,180,196,36,46,140,92,82,23,189,195,175,12,22,26,176,193,109,20,67,166,38,139,63,118,48,194,29,198,174,184,35,161,32,72,163,25,51,50,190,10,0,167,156,71,44,138,37,94,173,18,131,110,81,153,80,100,30,134,148,11,97,58,158,43,7,101,181,68,123,6,137,60,54,151,119,187,39,107,55,14,13,111,52,89,75,182,116,162,53,183,69,159,164,90,28,155,73,99,106,136,115,152,2,170,172,86,76,133,85,104,17,8,16,56,21,108,192,40,15,9,33,154,122,179,27,185,127,96,171,141,98,114,64,79,177,47,88,5,186,199,83,59,129,24,95,149,165,62,120,3,169,191,135,146];False
2012;7106;9118;[34,4,144,70,19,87,121,178,102,132,130,84,77,112,93,147,66,157,103,105,74,188,168,31,142,117,113,61,45,138,41,49,78,128,42,57,197,125,145,109,143,160,91,1,150,124,180,196,36,46,140,92,82,23,189,195,175,12,22,26,176,193,126,20,67,166,38,139,63,118,48,194,29,198,174,184,35,161,32,72,163,25,51,50,190,10,0,167,156,71,44,65,37,94,173,18,131,110,81,153,80,100,30,134,148,11,97,58,158,43,7,101,181,68,123,6,137,60,54,151,119,187,39,107,55,14,13,111,52,89,75,182,116,162,53,183,69,159,164,90,28,155,73,99,106,136,115,152,2,170,172,86,76,133,85,104,17,8,16,56,21,108,192,40,15,9,33,154,122,179,27,185,127,96,171,141,98,114,64,79,177,47,88,5,186,199,83,59,129,24,95,149,165,62,120,3,169,191,135,146];False
1982;7107;9089;[34,4,144,70,19,87,121,178,102,132,130,84,77,112,93,147,66,157,103,105,74,188,168,31,142,117,113,61,45,138,41,49,78,128,42,57,197,125,145,126,20,160,91,1,150,124,180,196,36,46,140,92,82,23,189,195,175,12,22,26,176,193,109,143,67,166,38,139,63,118,48,194,29,198,174,184,35,161,32,72,163,25,51,50,190,10,0,167,156,71,44,65,37,94,173,18,131,110,81,153,80,100,30,134,148,11,97,58,158,43,7,101,181,68,123,6,137,60,54,151,119,187,39,107,55,14,13,111,52,89,75,182,116,162,53,183,69,159,164,90,28,155,73,99,106,136,115,152,2,170,172,86,76,133,85,104,17,8,16,56,21,108,192,40,15,9,33,154,122,179,27,185,127,96,171,141,98,114,64,79,177,47,88,5,186,199,83,59,129,24,95,149,165,62,120,3,169,191,135,146];False
2009;7103;9112;[34,4,144,70,19,87,121,178,102,132,130,84,77,112,93,147,66,157,103,105,74,188,168,31,142,117,113,61,45,138,41,49,78,128,42,57,197,125,145,126,143,160,91,1,150,156,180,196,36,46,140,92,82,23,189,195,175,12,22,26,176,193,109,20,67,166,38,139,63,118,48,194,29,198,174,184,35,161,32,72,163,25,51,50,190,10,0,167,124,71,44,65,37,94,173,18,131,110,81,153,80,100,30,134,148,11,97,58,158,43,7,101,181,68,123,6,137,60,54,151,119,187,39,107,55,14,13,111,52,89,75,182,116,162,53,183,69,159,164,90,28,155,73,99,106,136,115,152,2,170,172,86,76,133,85,104,17,8,16,56,21,108,192,40,15,9,33,154,122,179,27,185,127,96,171,141,98,114,64,79,177,47,88,5,186,199,83,59,129,24,95,149,165,62,120,3,169,191,135,146];False
1892;7145;9037;[34,4,144,70,19,87,121,178,102,132,130,84,77,112,93,147,66,157,103,105,74,188,168,31,142,117,113,61,45,138,41,49,78,128,42,57,197,125,145,126,143,160,91,1,150,124,180,196,36,46,140,92,82,23,189,7,175,12,22,26,176,193,109,20,67,166,38,139,63,118,48,194,29,198,174,184,35,161,32,72,163,25,51,50,190,10,0,167,156,71,44,65,37,94,173,18,131,110,81,153,80,100,30,134,148,11,97,58,158,43,195,101,181,68,123,6,137,60,54,151,119,187,39,107,55,14,13,111,52,89,75,182,116,162,53,183,69,159,164,90,28,155,73,99,106,136,115,152,2,170,172,86,76,133,85,104,17,8,16,56,21,108,192,40,15,9,33,154,122,179,27,185,127,96,171,141,98,114,64,79,177,47,88,5,186,199,83,59,129,24,95,149,165,62,120,3,169,191,135,146];False
2099;7089;9188;[34,4,144,70,19,87,121,178,102,132,130,84,77,112,93,147,66,157,103,105,74,188,168,31,142,117,113,61,45,138,41,49,78,128,42,57,197,125,145,126,143,160,91,1,150,124,180,196,36,46,140,92,82,23,189,195,175,12,22,26,176,193,109,190,67,166,38,139,63,118,48,194,29,198,174,184,35,161,32,72,163,25,51,50,20,10,0,167,156,71,44,65,37,94,173,18,131,110,81,153,80,100,30,134,148,11,97,58,158,43,7,101,181,68,123,6,137,60,54,151,119,187,39,107,55,14,13,111,52,89,75,182,116,162,53,183,69,159,164,90,28,155,73,99,106,136,115,152,2,170,172,86,76,133,85,104,17,8,16,56,21,108,192,40,15,9,33,154,122,179,27,185,127,96,171,141,98,114,64,79,177,47,88,5,186,199,83,59,129,24,95,149,165,62,120,3,169,191,135,146];False
2063;7095;9158;[34,4,144,70,19,87,121,178,102,132,130,84,77,112,93,147,66,157,103,105,74,188,168,31,142,117,113,61,45,138,41,49,78,128,42,57,197,125,145,126,143,160,91,1,150,124,180,196,36,46,140,92,82,23,189,195,175,12,22,26,176,193,109,20,67,166,40,139,63,118,48,194,29,198,174,184,35,161,32,72,163,25,51,50,190,10,0,167,156,71,44,65,37,94,173,18,131,110,81,153,80,100,30,134,148,11,97,58,158,43,7,101,181,68,123,6,137,60,54,151,119,187,39,107,55,14,13,111,52,89,75,182,116,162,53,183,69,159,164,90,28,155,73,99,106,136,115,152,2,170,172,86,76,133,85,104,17,8,16,56,21,108,192,38,15,9,33,154,122,179,27,185,127,96,171,141,98,114,64,79,177,47,88,5,186,199,83,59,129,24,95,149,165,62,120,3,169,191,135,146];False
2058;7094;9152;[34,4,144,70,19,87,121,178,102,132,130,84,77,112,93,147,66,157,103,105,74,188,168,31,142,117,113,61,45,138,41,49,78,128,42,57,197,125,145,126,143,160,91,1,150,124,180,196,36,46,140,92,82,23,189,195,175,12,22,26,176,193,109,20,67,166,38,139,63,118,48,194,29,198,174,16,35,161,32,72,163,25,51,50,190,10,0,167,156,71,44,65,37,94,173,18,131,110,81,153,80,100,30,134,148,11,97,58,158,43,7,101,181,68,123,6,137,60,54,151,119,187,39,107,55,14,13,111,52,89,75,182,116,162,53,183,69,159,164,90,28,155,73,99,106,136,115,152,2,170,172,86,76,133,85,104,17,8,184,56,21,108,192,40,15,9,33,154,122,179,27,185,127,96,171,141,98,114,64,79,177,47,88,5,186,199,83,59,129,24,95,149,165,62,120,3,169,191,135,146];False
1985;7102;9087;[34,4,144,70,19,87,121,178,102,132,130,84,77,112,93,147,66,157,103,105,74,188,168,31,142,117,113,61,45,138,41,49,78,128,42,57,197,125,145,126,143,160,91,1,150,124,180,196,36,46,140,92,82,23,189,195,175,12,22,26,176,193,109,20,67,166,38,139,63,118,48,194,29,198,174,184,35,161,32,72,163,25,51,50,190,10,0,167,156,71,44,65,37,94,173,18,131,110,81,153,80,100,30,134,119,11,97,58,158,43,7,101,181,68,123,6,137,60,54,151,148,187,39,107,55,14,13,111,52,89,75,182,116,162,53,183,69,159,164,90,28,155,73,99,106,136,115,152,2,170,172,86,76,133,85,104,17,8,16,56,21,108,192,40,15,9,33,154,122,179,27,185,127,96,171,141,98,114,64,79,177,47,88,5,186,199,83,59,129,24,95,149,165,62,120,3,169,191,135,146];False
1971;7106;9077;[34,4,144,70,19,87,121,178,102,132,130,84,77,112,93,147,66,157,103,105,74,188,168,31,142,117,113,61,45,138,41,49,78,128,42,57,197,125,145,126,143,160,91,1,150,124,180,196,36,46,140,92,82,23,189,195,175,12,22,26,176,193,109,20,67,166,38,139,63,118,48,194,29,198,174,184,35,161,32,72,163,25,51,50,190,10,0,167,156,71,44,65,37,94,173,18,131,110,81,153,80,100,30,134,148,11,97,58,158,43,7,101,181,68,123,6,137,60,54,151,119,187,39,107,55,14,13,111,52,89,75,182,116,162,53,183,69,159,164,90,28,155,73,99,106,136,115,2,152,170,172,86,76,133,85,104,17,8,16,56,21,108,192,40,15,9,33,154,122,179,27,185,127,96,171,141,98,114,64,79,177,47,88,5,186,199,83,59,129,24,95,149,165,62,120,3,169,191,135,146];False
1858;7156;9014;[34,4,144,70,19,87,121,178,102,132,130,84,77,112,93,147,66,157,103,105,74,188,168,31,142,117,167,61,45,65,41,49,78,128,42,57,197,125,145,126,143,160,91,1,150,124,180,196,36,46,140,92,82,23,189,7,175,12,22,26,176,193,109,20,67,166,38,139,63,118,48,194,29,198,174,184,35,161,32,72,163,25,51,50,190,10,0,113,156,71,44,138,37,94,173,18,131,110,81,153,80,100,30,134,148,11,97,58,158,43,195,101,181,68,123,6,137,60,54,151,119,187,39,107,55,14,13,111,52,89,75,182,116,162,53,183,69,159,164,90,28,155,73,99,106,136,115,152,2,170,172,86,76,133,85,104,17,8,16,56,21,108,192,40,15,9,33,154,122,179,27,185,127,96,171,141,98,114,64,79,177,47,88,5,186,199,83,59,129,24,95,149,165,62,120,3,169,191,135,146];False
1888;7147;9035;[34,4,144,70,19,87,121,178,102,132,130,84,77,112,93,147,66,157,103,105,74,188,168,31,142,117,167,61,45,65,41,49,78,128,42,57,197,125,145,126,143,160,91,1,150,124,180,196,36,46,140,92,82,23,189,27,175,12,22,26,176,193,109,20,67,166,38,139,63,118,48,194,29,198,174,184,35,161,32,72,163,25,51,50,190,10,0,113,156,71,44,138,37,94,173,18,131,110,81,153,80,100,30,134,148,11,97,58,158,43,7,101,181,68,123,6,137,60,54,151,119,187,39,107,55,14,13,111,52,89,75,182,116,162,53,183,69,159,164,90,28,155,73,99,106,136,115,152,2,170,172,86,76,133,85,104,17,8,16,56,21,108,192,40,15,9,33,154,122,179,195,185,127,96,171,141,98,114,64,79,177,47,88,5,186,199,83,59,129,24,95,149,165,62,120,3,169,191,135,146];False
1937;7117;9054;[34,4,144,70,19,87,121,178,102,132,130,84,77,112,93,147,66,157,103,105,74,188,168,31,142,117,167,61,45,65,41,49,78,128,42,57,197,125,145,126,143,160,91,1,150,124,180,196,36,46,140,92,82,23,189,195,175,12,22,26,176,193,109,20,67,166,38,139,63,118,48,194,29,198,174,184,35,161,32,72,163,25,51,50,190,10,0,113,156,71,44,138,37,94,173,18,131,110,81,153,80,100,30,134,148,11,97,58,158,43,7,101,181,68,123,6,137,60,54,151,119,187,39,107,55,14,13,111,52,89,75,182,116,162,53,183,69,159,164,90,28,155,73,99,106,136,115,2,152,170,172,86,76,133,85,104,17,8,16,56,21,108,192,40,15,9,33,154,122,179,27,185,127,96,171,141,98,114,64,79,177,47,88,5,186,199,83,59,129,24,95,149,165,62,120,3,169,191,135,146];False
1843;7186;9029;[34,4,144,70,19,87,121,178,102,115,130,84,77,112,93,147,66,157,103,105,74,188,168,31,142,117,167,61,45,138,41,49,78,128,42,57,197,125,145,126,143,160,91,1,150,124,180,196,36,46,140,92,82,23,189,7,175,12,22,26,176,193,109,20,67,166,38,139,63,118,48,194,29,198,174,184,35,161,32,72,163,25,51,50,190,10,0,113,156,71,44,65,37,94,173,18,131,110,81,153,80,100,30,134,148,11,97,58,158,43,195,101,181,68,123,6,137,60,54,151,119,187,39,107,55,14,13,111,52,89,75,182,116,162,53,183,69,159,164,90,28,155,73,99,106,136,132,152,2,170,172,86,76,133,85,104,17,8,16,56,21,108,192,40,15,9,33,154,122,179,27,185,127,96,171,141,98,114,64,79,177,47,88,5,186,199,83,59,129,24,95,149,165,62,120,3,169,191,135,146];False
1837;7184;9021;[34,4,144,70,19,87,121,178,102,132,130,84,77,112,150,147,66,157,103,105,74,188,168,31,142,117,167,61,45,138,41,49,78,128,42,57,197,125,145,126,143,160,91,1,93,124,180,196,36,46,140,92,82,23,189,7,175,12,22,26,176,193,109,20,67,166,38,139,63,118,48,194,29,198,174,184,35,161,32,72,163,25,51,50,190,10,0,113,156,71,44,65,37,94,173,18,131,110,81,153,80,100,30,134,148,11,97,58,158,43,195,101,181,68,123,6,137,60,54,151,119,187,39,107,55,14,13,111,52,89,75,182,116,162,53,183,69,159,164,90,28,155,73,99,106,136,115,152,2,170,172,86,76,133,85,104,17,8,16,56,21,108,192,40,15,9,33,154,122,179,27,185,127,96,171,141,98,114,64,79,177,47,88,5,186,199,83,59,129,24,95,149,165,62,120,3,169,191,135,146];False
1853;7176;9029;[34,4,144,70,19,87,121,178,102,132,130,84,77,112,2,147,66,157,103,105,74,188,168,31,142,117,167,61,45,138,41,49,78,128,42,57,197,125,145,126,143,160,91,1,150,124,180,196,36,46,140,92,82,23,189,7,175,12,22,26,176,193,109,20,67,166,38,139,63,118,48,194,29,198,174,184,35,161,32,72,163,25,51,50,190,10,0,113,156,71,44,65,37,94,173,18,131,110,81,153,80,100,30,134,148,11,97,58,158,43,195,101,181,68,123,6,137,60,54,151,119,187,39,107,55,14,13,111,52,89,75,182,116,162,53,183,69,159,164,90,28,155,73,99,106,136,115,152,93,170,172,86,76,133,85,104,17,8,16,56,21,108,192,40,15,9,33,154,122,179,27,185,127,96,171,141,98,114,64,79,177,47,88,5,186,199,83,59,129,24,95,149,165,62,120,3,169,191,135,146];False
1849;7180;9029;[34,4,144,70,19,87,121,178,102,132,130,84,77,112,93,147,66,157,103,105,74,188,168,31,142,117,167,61,45,138,41,49,78,128,42,57,197,125,145,126,143,160,91,1,150,124,180,196,36,46,140,92,82,23,97,7,175,12,22,26,176,193,109,20,67,166,38,139,63,118,48,194,29,198,174,184,35,161,32,72,163,25,51,50,190,10,0,113,156,71,44,65,37,94,173,18,131,110,81,153,80,100,30,134,148,11,189,58,158,43,195,101,181,68,123,6,137,60,54,151,119,187,39,107,55,14,13,111,52,89,75,182,116,162,53,183,69,159,164,90,28,155,73,99,106,136,115,152,2,170,172,86,76,133,85,104,17,8,16,56,21,108,192,40,15,9,33,154,122,179,27,185,127,96,171,141,98,114,64,79,177,47,88,5,186,199,83,59,129,24,95,149,165,62,120,3,169,191,135,146];False
1881;7144;9025;[34,4,144,70,19,87,121,178,102,132,130,84,77,112,93,147,66,157,103,105,74,188,168,31,142,117,167,61,45,138,41,49,78,128,42,57,197,125,145,126,143,160,91,1,150,124,180,196,36,46,140,92,82,23,189,7,175,12,22,26,176,193,109,20,67,166,38,139,63,118,48,194,29,198,174,184,35,161,32,72,163,25,51,50,190,10,0,113,156,71,44,65,37,94,173,18,131,110,81,153,80,100,30,134,148,195,97,58,158,43,11,101,181,68,123,6,137,60,54,151,119,187,39,107,55,14,13,111,52,89,75,182,116,162,53,183,69,159,164,90,28,155,73,99,106,136,115,152,2,170,172,86,76,133,85,104,17,8,16,56,21,108,192,40,15,9,33,154,122,179,27,185,127,96,171,141,98,114,64,79,177,47,88,5,186,199,83,59,129,24,95,149,165,62,120,3,169,191,135,146];False
1869;7150;9019;[34,4,144,70,19,87,121,178,102,132,130,84,77,112,93,147,66,157,103,105,74,188,168,31,142,117,167,61,45,138,41,49,78,128,42,57,197,125,145,126,143,160,91,1,150,124,180,196,36,46,140,92,82,23,189,7,175,12,22,26,176,193,109,20,67,166,38,139,63,118,48,194,29,198,174,184,35,161,32,72,163,25,51,50,190,10,0,113,156,71,44,65,37,94,173,18,131,110,81,153,80,100,30,134,148,11,97,58,158,43,195,111,181,68,123,6,137,60,54,151,119,187,39,107,55,14,13,101,52,89,75,182,116,162,53,183,69,159,164,90,28,155,73,99,106,136,115,152,2,170,172,86,76,133,85,104,17,8,16,56,21,108,192,40,15,9,33,154,122,179,27,185,127,96,171,141,98,114,64,79,177,47,88,5,186,199,83,59,129,24,95,149,165,62,120,3,169,191,135,146];False
1863;7143;9006;[34,4,144,70,19,87,121,178,102,132,130,84,77,112,93,147,66,157,103,105,74,188,168,31,142,117,167,61,45,138,41,49,78,128,42,57,197,125,145,126,143,160,91,1,150,124,180,196,36,46,140,92,82,23,189,47,175,12,22,26,176,193,109,20,67,166,38,139,63,118,48,194,29,198,174,184,35,161,32,72,163,25,51,50,190,10,0,113,156,71,44,65,37,94,173,18,131,110,81,153,80,100,30,134,148,11,97,58,158,43,7,101,181,68,123,6,137,60,54,151,119,187,39,107,55,14,13,111,52,89,75,182,116,162,53,183,69,159,164,90,28,155,73,99,106,136,115,152,2,170,172,86,76,133,85,104,17,8,16,56,21,108,192,40,15,9,33,154,122,179,195,185,127,96,171,141,98,114,64,79,177,27,88,5,186,199,83,59,129,24,95,149,165,62,120,3,169,191,135,146];True
2073;7089;9162;[34,4,144,70,19,87,121,178,102,132,130,84,77,112,93,147,66,157,103,105,74,188,168,31,142,117,167,61,45,138,41,49,78,128,42,57,197,125,145,126,143,160,91,1,150,124,180,196,36,46,140,92,82,23,189,195,175,12,22,26,176,193,109,20,67,166,38,139,63,118,48,194,29,198,174,16,35,161,32,72,163,25,51,50,190,10,0,113,156,71,44,65,37,94,173,18,131,110,81,153,80,100,30,134,119,11,97,58,158,43,7,101,181,68,123,6,137,60,54,151,148,187,39,107,55,14,13,111,52,89,75,182,116,162,53,183,69,159,164,90,28,155,73,99,106,136,115,152,2,170,172,86,76,133,85,104,17,8,184,56,21,108,192,40,15,9,33,154,122,179,27,185,127,96,171,141,98,114,64,79,177,47,88,5,186,199,83,59,129,24,95,149,165,62,120,3,169,191,135,146];False
2059;7093;9152;[34,4,144,70,19,87,121,178,102,132,130,84,77,112,93,147,66,157,103,105,74,188,168,31,142,117,167,61,45,138,41,49,78,128,42,57,197,125,145,126,143,160,91,1,150,124,180,196,36,46,140,92,82,23,189,195,175,12,22,26,176,193,109,20,67,166,38,139,63,118,48,194,29,198,174,16,35,161,32,72,163,25,51,50,190,10,0,113,156,71,44,65,37,94,173,18,131,110,81,153,80,100,30,134,148,11,97,58,158,43,7,101,181,68,123,6,137,60,54,151,119,187,39,107,55,14,13,111,52,89,75,182,116,162,53,183,69,159,164,90,28,155,73,99,106,136,115,2,152,170,172,86,76,133,85,104,17,8,184,56,21,108,192,40,15,9,33,154,122,179,27,185,127,96,171,141,98,114,64,79,177,47,88,5,186,199,83,59,129,24,95,149,165,62,120,3,169,191,135,146];False
2056;7096;9152;[34,4,144,70,19,87,121,178,102,132,130,84,77,112,93,147,66,157,103,105,74,188,168,31,142,117,167,61,184,138,41,49,78,128,42,57,197,125,145,126,143,160,91,1,150,124,180,196,36,46,140,92,82,23,189,195,175,12,22,26,176,193,109,20,67,166,38,139,63,118,48,194,29,198,174,45,35,161,32,72,163,25,51,50,190,10,0,113,156,71,44,65,37,94,173,18,131,110,81,153,80,100,30,134,119,11,97,58,158,43,7,101,181,68,123,6,137,60,54,151,148,187,39,107,55,14,13,111,52,89,75,182,116,162,53,183,69,159,164,90,28,155,73,99,106,136,115,152,2,170,172,86,76,133,85,104,17,8,16,56,21,108,192,40,15,9,33,154,122,179,27,185,127,96,171,141,98,114,64,79,177,47,88,5,186,199,83,59,129,24,95,149,165,62,120,3,169,191,135,146];False
2114;7084;9198;[34,4,144,70,19,87,121,178,102,132,130,84,77,112,93,147,66,157,103,105,74,188,168,31,142,117,167,61,45,138,41,49,78,128,42,57,197,125,145,126,143,160,91,1,150,124,180,196,36,46,140,92,82,23,189,195,175,12,22,26,176,193,109,190,67,166,38,139,63,118,48,194,29,198,174,184,35,161,32,72,163,25,51,50,20,10,0,113,156,71,44,65,37,94,173,18,131,110,81,153,80,100,30,134,119,11,97,58,158,43,7,101,181,68,123,6,137,60,54,151,148,187,39,107,55,14,13,111,52,89,75,182,116,162,53,183,69,159,164,90,28,155,73,99,106,136,115,152,2,170,172,86,76,133,85,104,17,8,16,56,21,108,192,40,15,9,33,154,122,179,27,185,127,96,171,141,98,114,64,79,177,47,88,5,186,199,83,59,129,24,95,149,165,62,120,3,169,191,135,146];False
2010;7101;9111;[34,4,144,70,19,87,121,178,102,132,130,84,77,112,93,147,66,157,103,105,74,188,168,31,142,117,167,61,45,138,41,49,78,128,42,57,197,125,145,126,143,160,91,1,150,124,180,196,36,46,140,92,82,23,189,195,175,12,22,26,176,193,109,20,67,166,38,139,63,118,48,194,29,198,174,184,35,161,32,72,163,25,51,50,190,10,0,113,156,71,44,65,37,94,173,18,131,110,81,153,80,100,30,134,119,11,97,58,158,43,187,101,181,68,123,6,137,60,54,151,148,7,39,107,55,14,13,111,52,89,75,182,116,162,53,183,69,159,164,90,28,155,73,99,106,136,115,152,2,170,172,86,76,133,85,104,17,8,16,56,21,108,192,40,15,9,33,154,122,179,27,185,127,96,171,141,98,114,64,79,177,47,88,5,186,199,83,59,129,24,95,149,165,62,120,3,169,191,135,146];False
2023;7097;9120;[34,4,144,70,19,87,121,178,102,132,130,84,77,112,93,147,66,157,103,105,74,188,168,31,142,117,167,61,45,138,41,49,78,128,42,57,197,125,145,126,143,160,91,1,150,124,180,196,36,46,140,92,82,23,189,195,175,12,22,26,176,193,109,20,67,166,38,139,63,118,48,194,29,198,174,184,35,161,32,72,163,25,51,50,190,10,0,113,156,71,44,65,37,94,173,18,131,110,81,153,80,100,30,134,119,11,97,58,158,43,7,101,181,68,123,6,137,86,54,151,148,187,39,107,55,14,13,111,52,89,75,182,116,162,53,183,69,159,164,90,28,155,73,99,106,136,115,152,2,170,172,60,76,133,85,104,17,8,16,56,21,108,192,40,15,9,33,154,122,179,27,185,127,96,171,141,98,114,64,79,177,47,88,5,186,199,83,59,129,24,95,149,165,62,120,3,169,191,135,146];False
2050;7092;9142;[34,4,144,70,19,87,121,178,102,132,130,84,77,112,93,147,66,157,103,105,74,188,168,31,142,117,167,61,45,138,41,49,78,128,42,57,197,125,145,126,143,160,91,1,150,124,180,196,36,46,140,92,82,23,189,195,175,12,22,26,176,193,109,20,67,166,38,139,63,118,48,194,29,198,174,184,35,161,32,72,163,25,51,50,190,10,0,113,156,71,44,65,37,94,173,18,131,110,81,153,80,100,30,134,119,11,97,58,158,43,7,101,181,68,123,6,137,60,54,151,199,187,39,107,55,14,13,111,52,89,75,182,116,162,53,183,69,159,164,90,28,155,73,99,106,136,115,152,2,170,172,86,76,133,85,104,17,8,16,56,21,108,192,40,15,9,33,154,122,179,27,185,127,96,171,141,98,114,64,79,177,47,88,5,186,148,83,59,129,24,95,149,165,62,120,3,169,191,135,146];False
1986;7101;9087;[34,4,144,70,19,87,121,178,102,132,130,84,77,112,93,147,66,157,103,105,74,188,168,31,142,117,167,61,45,138,41,49,78,128,42,57,197,125,145,126,143,160,91,1,150,124,180,196,36,46,140,92,82,23,189,195,175,12,22,26,176,193,109,20,67,166,38,139,63,118,48,194,29,198,174,184,35,161,32,72,163,25,51,50,190,10,0,113,156,71,44,65,37,94,173,18,131,110,81,153,80,100,30,134,119,11,97,58,158,43,7,101,181,68,123,6,137,60,54,151,148,187,39,107,55,14,13,111,52,89,75,182,116,162,53,183,69,159,164,90,28,155,73,99,106,136,115,2,152,170,172,86,76,133,85,104,17,8,16,56,21,108,192,40,15,9,33,154,122,179,27,185,127,96,171,141,98,114,64,79,177,47,88,5,186,199,83,59,129,24,95,149,165,62,120,3,169,191,135,146];False
2021;7097;9118;[34,4,144,70,19,87,121,178,102,132,130,84,77,112,93,147,66,157,103,105,74,188,168,31,142,117,167,61,45,138,41,49,78,128,42,57,197,125,145,126,143,160,91,1,150,124,180,196,36,46,140,92,82,23,189,195,175,12,22,26,176,193,109,20,67,166,38,139,63,118,48,194,29,198,174,184,35,161,32,72,163,25,51,50,190,10,0,113,156,71,44,65,37,94,173,18,131,110,81,153,80,100,30,134,119,11,97,58,158,43,7,101,181,68,123,6,137,60,54,151,148,187,39,107,55,14,13,111,52,89,75,182,116,162,53,183,69,159,164,90,28,155,73,99,106,136,115,152,2,170,172,86,76,133,85,104,17,8,16,56,21,108,192,40,15,9,33,154,122,177,27,185,127,96,171,141,98,114,64,79,179,47,88,5,186,199,83,59,129,24,95,149,165,62,120,3,169,191,135,146];False
2100;7088;9188;[34,4,144,70,19,87,121,178,102,132,130,84,77,112,93,147,66,157,103,105,74,188,168,31,142,117,167,61,45,138,41,49,78,128,42,57,197,125,145,126,143,160,91,1,150,124,180,196,36,46,140,92,82,23,189,195,175,12,22,26,176,193,109,190,67,166,38,139,63,118,48,194,29,198,174,184,35,161,32,72,163,25,51,50,20,10,0,113,156,71,44,65,37,94,173,18,131,110,81,153,80,100,30,134,148,11,97,58,158,43,7,101,181,68,123,6,137,60,54,151,119,187,39,107,55,14,13,111,52,89,75,182,116,162,53,183,69,159,164,90,28,155,73,99,106,136,115,2,152,170,172,86,76,133,85,104,17,8,16,56,21,108,192,40,15,9,33,154,122,179,27,185,127,96,171,141,98,114,64,79,177,47,88,5,186,199,83,59,129,24,95,149,165,62,120,3,169,191,135,146];False
2107;7086;9193;[34,4,144,70,19,87,121,178,102,132,130,84,77,112,93,147,66,157,103,105,74,188,168,31,142,117,167,61,45,138,41,49,78,128,42,57,197,125,145,126,20,160,91,1,150,124,180,196,36,46,140,92,143,23,189,195,175,12,22,26,176,193,109,82,67,166,38,139,63,118,48,194,29,198,174,184,35,161,32,72,163,25,51,50,190,10,0,113,156,71,44,65,37,94,173,18,131,148,83,153,80,100,30,134,119,11,97,58,158,43,7,101,181,68,123,6,137,60,54,151,110,187,39,107,55,14,13,111,52,89,75,182,116,162,53,183,69,159,164,90,28,155,73,99,106,136,115,2,152,170,172,86,76,133,85,104,17,8,16,56,21,108,192,40,15,9,33,154,122,177,27,185,127,96,171,141,98,114,64,79,179,47,88,5,186,199,81,59,129,24,95,149,165,62,120,3,169,191,135,146];False
2106;7087;9193;[34,4,144,70,19,87,121,178,102,132,130,84,77,112,93,147,66,157,103,105,74,188,168,31,142,117,113,61,45,138,41,49,78,128,42,57,197,125,145,126,20,160,91,1,150,124,180,196,36,46,140,92,143,23,189,195,175,12,22,26,176,193,109,82,67,166,38,139,63,118,48,194,29,198,174,184,35,161,32,72,163,25,51,50,190,10,0,167,156,71,44,65,37,94,173,18,131,148,83,153,80,100,30,134,119,11,97,58,158,43,7,101,181,68,123,6,137,60,54,151,110,187,39,107,55,14,13,111,52,89,75,182,116,162,53,183,69,159,164,90,28,155,73,99,106,136,115,152,2,170,172,86,76,133,85,104,17,8,16,56,21,108,192,40,15,9,33,154,122,177,27,185,127,96,171,141,98,114,64,79,179,47,88,5,186,199,81,59,129,24,95,149,165,62,120,3,169,191,135,146];False
2026;7096;9122;[34,4,144,70,19,87,121,178,102,132,130,84,77,112,93,147,66,157,103,105,74,188,168,31,142,117,113,61,45,138,41,49,78,128,42,57,197,125,145,126,20,160,91,1,150,124,180,196,36,46,140,92,82,23,189,195,175,12,22,26,176,193,109,143,67,166,38,139,63,118,48,194,29,198,174,184,35,161,32,72,163,25,51,50,190,10,0,167,156,71,44,65,37,94,173,18,131,110,81,153,80,100,30,134,119,11,97,58,158,43,7,101,181,68,123,6,137,60,54,151,148,187,39,107,55,14,13,111,52,89,75,182,116,162,53,183,69,159,164,90,28,155,73,99,106,136,115,152,2,170,172,86,76,133,85,104,17,8,16,56,21,108,192,40,15,9,33,154,122,179,27,185,127,96,171,141,98,114,64,79,177,47,88,5,186,199,83,59,129,24,95,149,165,62,120,3,169,191,135,146];False
2143;7078;9221;[34,4,144,70,19,87,121,178,102,132,130,84,77,112,93,147,66,157,103,105,74,188,168,31,142,117,113,61,45,138,41,49,78,128,42,57,197,125,145,126,143,160,91,1,150,124,180,196,36,46,140,92,82,23,189,195,175,12,22,26,176,193,109,190,67,166,38,139,63,118,48,194,29,198,174,184,35,161,32,72,163,25,51,50,20,10,0,167,156,71,44,65,37,94,173,18,131,110,81,153,80,100,30,134,119,11,97,58,158,43,7,101,181,68,123,6,137,60,54,151,148,187,39,107,55,14,13,111,52,89,75,182,116,162,53,183,69,159,164,90,28,155,73,99,106,136,115,152,2,170,172,86,76,133,85,104,17,8,16,56,21,108,192,40,15,9,33,154,122,179,27,185,127,96,171,141,98,114,64,79,177,47,88,5,186,199,83,59,129,24,95,149,165,62,120,3,169,191,135,146];False
2107;7084;9191;[34,4,144,70,19,87,121,178,102,132,130,84,77,112,93,147,66,157,103,105,74,188,168,31,142,117,113,61,45,138,41,49,78,128,42,57,197,125,145,126,143,160,91,1,150,124,180,196,36,46,140,92,82,23,189,195,175,12,22,26,176,193,109,20,67,166,40,139,63,118,48,194,29,198,174,184,35,161,32,72,163,25,51,50,190,10,0,167,156,71,44,65,37,94,173,18,131,110,81,153,80,100,30,134,119,11,97,58,158,43,7,101,181,68,123,6,137,60,54,151,148,187,39,107,55,14,13,111,52,89,75,182,116,162,53,183,69,159,164,90,28,155,73,99,106,136,115,152,2,170,172,86,76,133,85,104,17,8,16,56,21,108,192,38,15,9,33,154,122,179,27,185,127,96,171,141,98,114,64,79,177,47,88,5,186,199,83,59,129,24,95,149,165,62,120,3,169,191,135,146];False
2102;7083;9185;[34,4,144,70,19,87,121,178,102,132,130,84,77,112,93,147,66,157,103,105,74,188,168,31,142,117,113,61,45,138,41,49,78,128,42,57,197,125,145,126,143,160,91,1,150,124,180,196,36,46,140,92,82,23,189,195,175,12,22,26,176,193,109,20,67,166,38,139,63,118,48,194,29,198,174,16,35,161,32,72,163,25,51,50,190,10,0,167,156,71,44,65,37,94,173,18,131,110,81,153,80,100,30,134,119,11,97,58,158,43,7,101,181,68,123,6,137,60,54,151,148,187,39,107,55,14,13,111,52,89,75,182,116,162,53,183,69,159,164,90,28,155,73,99,106,136,115,152,2,170,172,86,76,133,85,104,17,8,184,56,21,108,192,40,15,9,33,154,122,179,27,185,127,96,171,141,98,114,64,79,177,47,88,5,186,199,83,59,129,24,95,149,165,62,120,3,169,191,135,146];False
2039;7095;9134;[34,4,144,70,19,87,121,178,102,132,130,84,77,112,93,147,66,157,103,105,74,188,168,31,142,117,113,61,45,138,41,49,78,128,42,57,197,125,145,126,143,160,91,1,150,124,180,196,36,46,140,92,82,23,189,195,175,12,22,26,176,193,109,20,67,166,38,139,63,118,48,194,29,198,174,184,35,161,32,72,163,25,51,50,190,10,0,167,156,71,44,65,37,94,173,18,131,110,81,153,80,100,30,134,119,11,97,58,158,43,187,101,181,68,123,6,137,60,54,151,148,7,39,107,55,14,13,111,52,89,75,182,116,162,53,183,69,159,164,90,28,155,73,99,106,136,115,152,2,170,172,86,76,133,85,104,17,8,16,56,21,108,192,40,15,9,33,154,122,179,27,185,127,96,171,141,98,114,64,79,177,47,88,5,186,199,83,59,129,24,95,149,165,62,120,3,169,191,135,146];False
2052;7091;9143;[34,4,144,70,19,87,121,178,102,132,130,84,77,112,93,147,66,157,103,105,74,188,168,31,142,117,113,61,45,138,41,49,78,128,42,57,197,125,145,126,143,160,91,1,150,124,180,196,36,46,140,92,82,23,189,195,175,12,22,26,176,193,109,20,67,166,38,139,63,118,48,194,29,198,174,184,35,161,32,72,163,25,51,50,190,10,0,167,156,71,44,65,37,94,173,18,131,110,81,153,80,100,30,134,119,11,97,58,158,43,7,101,181,68,123,6,137,86,54,151,148,187,39,107,55,14,13,111,52,89,75,182,116,162,53,183,69,159,164,90,28,155,73,99,106,136,115,152,2,170,172,60,76,133,85,104,17,8,16,56,21,108,192,40,15,9,33,154,122,179,27,185,127,96,171,141,98,114,64,79,177,47,88,5,186,199,83,59,129,24,95,149,165,62,120,3,169,191,135,146];False
2079;7086;9165;[34,4,144,70,19,87,121,178,102,132,130,84,77,112,93,147,66,157,103,105,74,188,168,31,142,117,113,61,45,138,41,49,78,128,42,57,197,125,145,126,143,160,91,1,150,124,180,196,36,46,140,92,82,23,189,195,175,12,22,26,176,193,109,20,67,166,38,139,63,118,48,194,29,198,174,184,35,161,32,72,163,25,51,50,190,10,0,167,156,71,44,65,37,94,173,18,131,110,81,153,80,100,30,134,119,11,97,58,158,43,7,101,181,68,123,6,137,60,54,151,199,187,39,107,55,14,13,111,52,89,75,182,116,162,53,183,69,159,164,90,28,155,73,99,106,136,115,152,2,170,172,86,76,133,85,104,17,8,16,56,21,108,192,40,15,9,33,154,122,179,27,185,127,96,171,141,98,114,64,79,177,47,88,5,186,148,83,59,129,24,95,149,165,62,120,3,169,191,135,146];False
2015;7095;9110;[34,4,144,70,19,87,121,178,102,132,130,84,77,112,93,147,66,157,103,105,74,188,168,31,142,117,113,61,45,138,41,49,78,128,42,57,197,125,145,126,143,160,91,1,150,124,180,196,36,46,140,92,82,23,189,195,175,12,22,26,176,193,109,20,67,166,38,139,63,118,48,194,29,198,174,184,35,161,32,72,163,25,51,50,190,10,0,167,156,71,44,65,37,94,173,18,131,110,81,153,80,100,30,134,119,11,97,58,158,43,7,101,181,68,123,6,137,60,54,151,148,187,39,107,55,14,13,111,52,89,75,182,116,162,53,183,69,159,164,90,28,155,73,99,106,136,115,2,152,170,172,86,76,133,85,104,17,8,16,56,21,108,192,40,15,9,33,154,122,179,27,185,127,96,171,141,98,114,64,79,177,47,88,5,186,199,83,59,129,24,95,149,165,62,120,3,169,191,135,146];False
2050;7091;9141;[34,4,144,70,19,87,121,178,102,132,130,84,77,112,93,147,66,157,103,105,74,188,168,31,142,117,113,61,45,138,41,49,78,128,42,57,197,125,145,126,143,160,91,1,150,124,180,196,36,46,140,92,82,23,189,195,175,12,22,26,176,193,109,20,67,166,38,139,63,118,48,194,29,198,174,184,35,161,32,72,163,25,51,50,190,10,0,167,156,71,44,65,37,94,173,18,131,110,81,153,80,100,30,134,119,11,97,58,158,43,7,101,181,68,123,6,137,60,54,151,148,187,39,107,55,14,13,111,52,89,75,182,116,162,53,183,69,159,164,90,28,155,73,99,106,136,115,152,2,170,172,86,76,133,85,104,17,8,16,56,21,108,192,40,15,9,33,154,122,177,27,185,127,96,171,141,98,114,64,79,179,47,88,5,186,199,83,59,129,24,95,149,165,62,120,3,169,191,135,146];False
2012;7100;9112;[34,4,144,70,19,87,121,178,102,132,130,84,77,112,93,147,66,157,103,105,74,188,168,31,142,117,113,61,45,138,41,49,78,128,42,57,197,125,145,126,20,160,91,1,150,124,180,196,36,46,140,92,82,23,189,195,175,12,22,26,176,193,109,143,67,166,38,139,63,118,48,194,29,198,174,184,35,161,32,72,163,25,51,50,190,10,0,167,156,71,44,65,37,94,173,18,131,110,81,153,80,100,30,134,148,11,97,58,158,43,7,101,181,68,123,6,137,60,54,151,119,187,39,107,55,14,13,111,52,89,75,182,116,162,53,183,69,159,164,90,28,155,73,99,106,136,115,2,152,170,172,86,76,133,85,104,17,8,16,56,21,108,192,40,15,9,33,154,122,179,27,185,127,96,171,141,98,114,64,79,177,47,88,5,186,199,83,59,129,24,95,149,165,62,120,3,169,191,135,146];False
2129;7082;9211;[34,4,144,70,19,87,121,178,102,132,130,84,77,112,93,147,66,157,103,105,74,188,168,31,142,117,113,61,45,138,41,49,78,128,42,57,197,125,145,126,143,160,91,1,150,124,180,196,36,46,140,92,82,23,189,195,175,12,22,26,176,193,109,190,67,166,38,139,63,118,48,194,29,198,174,184,35,161,32,72,163,25,51,50,20,10,0,167,156,71,44,65,37,94,173,18,131,110,81,153,80,100,30,134,148,11,97,58,158,43,7,101,181,68,123,6,137,60,54,151,119,187,39,107,55,14,13,111,52,89,75,182,116,162,53,183,69,159,164,90,28,155,73,99,106,136,115,2,152,170,172,86,76,133,85,104,17,8,16,56,21,108,192,40,15,9,33,154,122,179,27,185,127,96,171,141,98,114,64,79,177,47,88,5,186,199,83,59,129,24,95,149,165,62,120,3,169,191,135,146];False
1832;7189;9021;[34,4,144,70,19,87,121,178,102,132,130,84,77,112,150,147,66,157,103,105,74,188,168,31,142,117,167,61,45,65,41,49,78,128,42,57,197,125,145,126,143,160,91,1,93,124,180,196,36,46,140,92,82,23,189,7,175,12,22,26,176,193,109,20,67,166,38,139,63,118,48,194,29,198,174,184,35,161,32,72,163,25,51,50,190,10,0,113,156,71,44,138,37,94,173,18,131,110,81,153,80,100,30,134,148,11,97,58,158,43,195,101,181,68,123,6,137,60,54,151,119,187,39,107,55,14,13,111,52,89,75,182,116,162,53,183,69,159,164,90,28,155,73,99,106,136,115,152,2,170,172,86,76,133,85,104,17,8,16,56,21,108,192,40,15,9,33,154,122,179,27,185,127,96,171,141,98,114,64,79,177,47,88,5,186,199,83,59,129,24,95,149,165,62,120,3,169,191,135,146];False
1848;7181;9029;[34,4,144,70,19,87,121,178,102,132,130,84,77,112,2,147,66,157,103,105,74,188,168,31,142,117,167,61,45,65,41,49,78,128,42,57,197,125,145,126,143,160,91,1,150,124,180,196,36,46,140,92,82,23,189,7,175,12,22,26,176,193,109,20,67,166,38,139,63,118,48,194,29,198,174,184,35,161,32,72,163,25,51,50,190,10,0,113,156,71,44,138,37,94,173,18,131,110,81,153,80,100,30,134,148,11,97,58,158,43,195,101,181,68,123,6,137,60,54,151,119,187,39,107,55,14,13,111,52,89,75,182,116,162,53,183,69,159,164,90,28,155,73,99,106,136,115,152,93,170,172,86,76,133,85,104,17,8,16,56,21,108,192,40,15,9,33,154,122,179,27,185,127,96,171,141,98,114,64,79,177,47,88,5,186,199,83,59,129,24,95,149,165,62,120,3,169,191,135,146];False
1843;7183;9026;[34,4,144,70,19,87,121,178,102,132,130,84,77,112,150,147,66,157,103,105,74,188,168,31,142,117,167,61,45,138,41,49,78,128,42,57,197,125,145,126,143,160,91,1,93,124,180,196,36,46,140,92,82,23,189,7,175,12,22,26,176,193,109,20,67,166,38,139,63,118,48,194,29,198,174,184,35,161,32,72,163,25,51,50,190,10,0,113,156,71,44,65,37,94,173,18,131,110,81,153,80,100,30,134,148,11,97,58,158,43,195,111,181,68,123,6,137,60,54,151,119,187,39,107,55,14,13,101,52,89,75,182,116,162,53,183,69,159,164,90,28,155,73,99,106,136,115,152,2,170,172,86,76,133,85,104,17,8,16,56,21,108,192,40,15,9,33,154,122,179,27,185,127,96,171,141,98,114,64,79,177,47,88,5,186,199,83,59,129,24,95,149,165,62,120,3,169,191,135,146];False
1843;7178;9021;[34,4,144,70,19,87,121,178,102,115,130,84,77,112,93,147,66,157,103,105,74,188,168,31,142,117,167,61,45,138,41,49,78,128,42,57,197,125,145,126,143,160,91,1,150,124,180,196,36,46,140,92,82,23,189,47,175,12,22,26,176,193,109,20,67,166,38,139,63,118,48,194,29,198,174,184,35,161,32,72,163,25,51,50,190,10,0,113,156,71,44,65,37,94,173,18,131,110,81,153,80,100,30,134,148,11,97,58,158,43,7,101,181,68,123,6,137,60,54,151,119,187,39,107,55,14,13,111,52,89,75,182,116,162,53,183,69,159,164,90,28,155,73,99,106,136,132,152,2,170,172,86,76,133,85,104,17,8,16,56,21,108,192,40,15,9,33,154,122,179,195,185,127,96,171,141,98,114,64,79,177,27,88,5,186,199,83,59,129,24,95,149,165,62,120,3,169,191,135,146];False
1837;7176;9013;[34,4,144,70,19,87,121,178,102,132,130,84,77,112,150,147,66,157,103,105,74,188,168,31,142,117,167,61,45,138,41,49,78,128,42,57,197,125,145,126,143,160,91,1,93,124,180,196,36,46,140,92,82,23,189,47,175,12,22,26,176,193,109,20,67,166,38,139,63,118,48,194,29,198,174,184,35,161,32,72,163,25,51,50,190,10,0,113,156,71,44,65,37,94,173,18,131,110,81,153,80,100,30,134,148,11,97,58,158,43,7,101,181,68,123,6,137,60,54,151,119,187,39,107,55,14,13,111,52,89,75,182,116,162,53,183,69,159,164,90,28,155,73,99,106,136,115,152,2,170,172,86,76,133,85,104,17,8,16,56,21,108,192,40,15,9,33,154,122,179,195,185,127,96,171,141,98,114,64,79,177,27,88,5,186,199,83,59,129,24,95,149,165,62,120,3,169,191,135,146];False
1853;7168;9021;[34,4,144,70,19,87,121,178,102,132,130,84,77,112,2,147,66,157,103,105,74,188,168,31,142,117,167,61,45,138,41,49,78,128,42,57,197,125,145,126,143,160,91,1,150,124,180,196,36,46,140,92,82,23,189,47,175,12,22,26,176,193,109,20,67,166,38,139,63,118,48,194,29,198,174,184,35,161,32,72,163,25,51,50,190,10,0,113,156,71,44,65,37,94,173,18,131,110,81,153,80,100,30,134,148,11,97,58,158,43,7,101,181,68,123,6,137,60,54,151,119,187,39,107,55,14,13,111,52,89,75,182,116,162,53,183,69,159,164,90,28,155,73,99,106,136,115,152,93,170,172,86,76,133,85,104,17,8,16,56,21,108,192,40,15,9,33,154,122,179,195,185,127,96,171,141,98,114,64,79,177,27,88,5,186,199,83,59,129,24,95,149,165,62,120,3,169,191,135,146];False
1892;7137;9029;[34,4,144,70,19,87,121,178,102,132,130,84,77,112,93,147,66,157,103,105,74,188,168,31,142,117,113,61,45,138,41,49,78,128,42,57,197,125,145,126,143,160,91,1,150,124,180,196,36,46,140,92,82,23,189,47,175,12,22,26,176,193,109,20,67,166,38,139,63,118,48,194,29,198,174,184,35,161,32,72,163,25,51,50,190,10,0,167,156,71,44,65,37,94,173,18,131,110,81,153,80,100,30,134,148,11,97,58,158,43,7,101,181,68,123,6,137,60,54,151,119,187,39,107,55,14,13,111,52,89,75,182,116,162,53,183,69,159,164,90,28,155,73,99,106,136,115,152,2,170,172,86,76,133,85,104,17,8,16,56,21,108,192,40,15,9,33,154,122,179,195,185,127,96,171,141,98,114,64,79,177,27,88,5,186,199,83,59,129,24,95,149,165,62,120,3,169,191,135,146];True
1858;7148;9006;[34,4,144,70,19,87,121,178,102,132,130,84,77,112,93,147,66,157,103,105,74,188,168,31,142,117,167,61,45,65,41,49,78,128,42,57,197,125,145,126,143,160,91,1,150,124,180,196,36,46,140,92,82,23,189,47,175,12,22,26,176,193,109,20,67,166,38,139,63,118,48,194,29,198,174,184,35,161,32,72,163,25,51,50,190,10,0,113,156,71,44,138,37,94,173,18,131,110,81,153,80,100,30,134,148,11,97,58,158,43,7,101,181,68,123,6,137,60,54,151,119,187,39,107,55,14,13,111,52,89,75,182,116,162,53,183,69,159,164,90,28,155,73,99,106,136,115,152,2,170,172,86,76,133,85,104,17,8,16,56,21,108,192,40,15,9,33,154,122,179,195,185,127,96,171,141,98,114,64,79,177,27,88,5,186,199,83,59,129,24,95,149,165,62,120,3,169,191,135,146];True
1906;7131;9037;[34,4,144,70,19,87,121,178,102,132,130,84,77,112,93,147,66,157,103,105,74,188,168,31,142,117,167,61,45,138,41,49,78,128,42,57,197,125,145,126,143,160,91,1,150,124,180,196,36,46,140,92,82,23,189,98,175,12,22,26,176,193,109,20,67,166,38,139,63,118,48,194,29,198,174,184,35,161,32,72,163,25,51,50,190,10,0,113,156,71,44,65,37,94,173,18,131,110,81,153,80,100,30,134,148,11,97,58,158,43,7,101,181,68,123,6,137,60,54,151,119,187,39,107,55,14,13,111,52,89,75,182,116,162,53,183,69,159,164,90,28,155,73,99,106,136,115,152,2,170,172,86,76,133,85,104,17,8,16,56,21,108,192,40,15,9,33,154,122,179,195,185,127,96,171,141,47,114,64,79,177,27,88,5,186,199,83,59,129,24,95,149,165,62,120,3,169,191,135,146];True
1851;7163;9014;[34,4,144,70,19,87,121,178,102,132,130,84,77,112,93,147,66,157,103,105,74,188,168,31,142,117,167,61,45,138,41,49,78,128,42,57,197,125,145,126,143,160,91,1,150,124,180,196,36,46,140,92,82,23,189,47,175,12,22,26,176,193,109,20,67,166,38,139,63,118,48,194,29,198,174,184,35,88,32,72,163,25,51,50,190,10,0,113,156,71,44,65,37,94,173,18,131,110,81,153,80,100,30,134,148,11,97,58,158,43,7,101,181,68,123,6,137,60,54,151,119,187,39,107,55,14,13,111,52,89,75,182,116,162,53,183,69,159,164,90,28,155,73,99,106,136,115,152,2,170,172,86,76,133,85,104,17,8,16,56,21,108,192,40,15,9,33,154,122,179,195,185,127,96,171,141,98,114,64,79,177,27,161,5,186,199,83,59,129,24,95,149,165,62,120,3,169,191,135,146];True
1831;7181;9012;[34,4,144,70,19,87,121,178,102,132,130,84,77,112,93,147,66,157,103,105,74,188,168,31,142,117,167,61,45,138,41,49,78,128,42,57,197,125,145,126,143,160,91,1,150,124,180,196,36,46,140,92,82,23,189,47,175,12,22,26,176,193,109,20,67,166,38,139,63,118,48,194,29,198,174,184,35,161,32,72,163,25,51,50,190,10,101,113,156,71,44,65,37,94,173,18,131,110,81,153,80,100,30,134,148,11,97,58,158,43,7,0,181,68,123,6,137,60,54,151,119,187,39,107,55,14,13,111,52,89,75,182,116,162,53,183,69,159,164,90,28,155,73,99,106,136,115,152,2,170,172,86,76,133,85,104,17,8,16,56,21,108,192,40,15,9,33,154,122,179,195,185,127,96,171,141,98,114,64,79,177,27,88,5,186,199,83,59,129,24,95,149,165,62,120,3,169,191,135,146];False
1844;7166;9010;[34,4,144,70,19,87,121,178,102,132,130,84,77,112,93,147,66,157,103,105,74,188,168,31,142,117,167,61,45,138,41,49,78,128,42,57,197,125,145,126,143,160,91,1,150,124,180,196,36,46,140,92,82,23,189,47,175,12,22,26,176,193,109,20,67,166,38,139,63,118,48,194,29,198,174,184,35,161,32,72,163,25,51,50,190,10,0,113,156,71,44,65,37,94,173,18,131,110,81,153,101,100,30,134,148,11,97,58,158,43,7,80,181,68,123,6,137,60,54,151,119,187,39,107,55,14,13,111,52,89,75,182,116,162,53,183,69,159,164,90,28,155,73,99,106,136,115,152,2,170,172,86,76,133,85,104,17,8,16,56,21,108,192,40,15,9,33,154,122,179,195,185,127,96,171,141,98,114,64,79,177,27,88,5,186,199,83,59,129,24,95,149,165,62,120,3,169,191,135,146];True
1893;7136;9029;[34,4,144,70,19,87,121,178,102,132,130,84,77,112,93,147,66,157,103,105,74,188,168,31,142,117,167,61,45,138,41,49,78,128,42,57,197,125,145,126,143,160,91,1,150,124,180,196,36,46,140,92,82,23,189,47,175,12,22,26,176,193,109,20,67,166,38,139,63,118,48,194,29,198,174,184,35,161,32,72,163,25,51,50,190,10,0,113,156,71,44,65,37,94,173,18,131,110,81,153,80,100,30,134,148,11,97,58,158,43,7,101,181,68,123,6,137,60,54,151,119,187,39,107,55,14,13,111,52,89,75,182,116,162,53,183,69,159,164,90,28,155,73,99,106,136,115,2,152,170,172,86,76,133,85,104,17,8,16,56,21,108,192,40,15,9,33,154,122,179,195,185,127,96,171,141,98,114,64,79,177,27,88,5,186,199,83,59,129,24,95,149,165,62,120,3,169,191,135,146];True
2127;7082;9209;[34,4,144,70,19,87,121,178,102,132,130,84,77,112,93,147,66,157,103,105,74,188,168,31,142,117,167,61,45,138,41,49,78,128,42,57,197,125,145,126,143,160,91,1,150,124,180,196,36,46,140,92,82,23,189,195,175,12,22,26,176,193,109,20,67,166,38,139,63,118,48,194,29,198,174,16,35,161,32,72,163,25,51,50,190,10,0,113,156,71,44,65,37,94,173,18,131,110,81,153,80,100,30,134,119,11,97,58,158,43,187,101,181,68,123,6,137,60,54,151,148,7,39,107,55,14,13,111,52,89,75,182,116,162,53,183,69,159,164,90,28,155,73,99,106,136,115,152,2,170,172,86,76,133,85,104,17,8,184,56,21,108,192,40,15,9,33,154,122,179,27,185,127,96,171,141,98,114,64,79,177,47,88,5,186,199,83,59,129,24,95,149,165,62,120,3,169,191,135,146];False
2140;7078;9218;[34,4,144,70,19,87,121,178,102,132,130,84,77,112,93,147,66,157,103,105,74,188,168,31,142,117,167,61,45,138,41,49,78,128,42,57,197,125,145,126,143,160,91,1,150,124,180,196,36,46,140,92,82,23,189,195,175,12,22,26,176,193,109,20,67,166,38,139,63,118,48,194,29,198,174,16,35,161,32,72,163,25,51,50,190,10,0,113,156,71,44,65,37,94,173,18,131,110,81,153,80,100,30,134,119,11,97,58,158,43,7,101,181,68,123,6,137,86,54,151,148,187,39,107,55,14,13,111,52,89,75,182,116,162,53,183,69,159,164,90,28,155,73,99,106,136,115,152,2,170,172,60,76,133,85,104,17,8,184,56,21,108,192,40,15,9,33,154,122,179,27,185,127,96,171,141,98,114,64,79,177,47,88,5,186,199,83,59,129,24,95,149,165,62,120,3,169,191,135,146];False
2167;7073;9240;[34,4,144,70,19,87,121,178,102,132,130,84,77,112,93,147,66,157,103,105,74,188,168,31,142,117,167,61,45,138,41,49,78,128,42,57,197,125,145,126,143,160,91,1,150,124,180,196,36,46,140,92,82,23,189,195,175,12,22,26,176,193,109,20,67,166,38,139,63,118,48,194,29,198,174,16,35,161,32,72,163,25,51,50,190,10,0,113,156,71,44,65,37,94,173,18,131,110,81,153,80,100,30,134,119,11,97,58,158,43,7,101,181,68,123,6,137,60,54,151,199,187,39,107,55,14,13,111,52,89,75,182,116,162,53,183,69,159,164,90,28,155,73,99,106,136,115,152,2,170,172,86,76,133,85,104,17,8,184,56,21,108,192,40,15,9,33,154,122,179,27,185,127,96,171,141,98,114,64,79,177,47,88,5,186,148,83,59,129,24,95,149,165,62,120,3,169,191,135,146];False
2103;7082;9185;[34,4,144,70,19,87,121,178,102,132,130,84,77,112,93,147,66,157,103,105,74,188,168,31,142,117,167,61,45,138,41,49,78,128,42,57,197,125,145,126,143,160,91,1,150,124,180,196,36,46,140,92,82,23,189,195,175,12,22,26,176,193,109,20,67,166,38,139,63,118,48,194,29,198,174,16,35,161,32,72,163,25,51,50,190,10,0,113,156,71,44,65,37,94,173,18,131,110,81,153,80,100,30,134,119,11,97,58,158,43,7,101,181,68,123,6,137,60,54,151,148,187,39,107,55,14,13,111,52,89,75,182,116,162,53,183,69,159,164,90,28,155,73,99,106,136,115,2,152,170,172,86,76,133,85,104,17,8,184,56,21,108,192,40,15,9,33,154,122,179,27,185,127,96,171,141,98,114,64,79,177,47,88,5,186,199,83,59,129,24,95,149,165,62,120,3,169,191,135,146];False
2138;7078;9216;[34,4,144,70,19,87,121,178,102,132,130,84,77,112,93,147,66,157,103,105,74,188,168,31,142,117,167,61,45,138,41,49,78,128,42,57,197,125,145,126,143,160,91,1,150,124,180,196,36,46,140,92,82,23,189,195,175,12,22,26,176,193,109,20,67,166,38,139,63,118,48,194,29,198,174,16,35,161,32,72,163,25,51,50,190,10,0,113,156,71,44,65,37,94,173,18,131,110,81,153,80,100,30,134,119,11,97,58,158,43,7,101,181,68,123,6,137,60,54,151,148,187,39,107,55,14,13,111,52,89,75,182,116,162,53,183,69,159,164,90,28,155,73,99,106,136,115,152,2,170,172,86,76,133,85,104,17,8,184,56,21,108,192,40,15,9,33,154,122,177,27,185,127,96,171,141,98,114,64,79,179,47,88,5,186,199,83,59,129,24,95,149,165,62,120,3,169,191,135,146];False
2144;7077;9221;[34,4,144,70,19,87,121,178,102,132,130,84,77,112,93,147,66,157,103,105,74,188,168,31,142,117,167,61,45,138,41,49,78,128,42,57,197,125,145,126,143,160,91,1,150,124,180,196,36,46,140,92,82,23,189,195,175,12,22,26,176,193,109,190,67,166,38,139,63,118,48,194,29,198,174,184,35,161,32,72,163,25,51,50,20,10,0,113,156,71,44,65,37,94,173,18,131,110,81,153,80,100,30,134,119,11,97,58,158,43,7,101,181,68,123,6,137,60,54,151,148,187,39,107,55,14,13,111,52,89,75,182,116,162,53,183,69,159,164,90,28,155,73,99,106,136,115,2,152,170,172,86,76,133,85,104,17,8,16,56,21,108,192,40,15,9,33,154,122,179,27,185,127,96,171,141,98,114,64,79,177,47,88,5,186,199,83,59,129,24,95,149,165,62,120,3,169,191,135,146];False
2040;7094;9134;[34,4,144,70,19,87,121,178,102,132,130,84,77,112,93,147,66,157,103,105,74,188,168,31,142,117,167,61,45,138,41,49,78,128,42,57,197,125,145,126,143,160,91,1,150,124,180,196,36,46,140,92,82,23,189,195,175,12,22,26,176,193,109,20,67,166,38,139,63,118,48,194,29,198,174,184,35,161,32,72,163,25,51,50,190,10,0,113,156,71,44,65,37,94,173,18,131,110,81,153,80,100,30,134,119,11,97,58,158,43,187,101,181,68,123,6,137,60,54,151,148,7,39,107,55,14,13,111,52,89,75,182,116,162,53,183,69,159,164,90,28,155,73,99,106,136,115,2,152,170,172,86,76,133,85,104,17,8,16,56,21,108,192,40,15,9,33,154,122,179,27,185,127,96,171,141,98,114,64,79,177,47,88,5,186,199,83,59,129,24,95,149,165,62,120,3,169,191,135,146];False
2053;7090;9143;[34,4,144,70,19,87,121,178,102,132,130,84,77,112,93,147,66,157,103,105,74,188,168,31,142,117,167,61,45,138,41,49,78,128,42,57,197,125,145,126,143,160,91,1,150,124,180,196,36,46,140,92,82,23,189,195,175,12,22,26,176,193,109,20,67,166,38,139,63,118,48,194,29,198,174,184,35,161,32,72,163,25,51,50,190,10,0,113,156,71,44,65,37,94,173,18,131,110,81,153,80,100,30,134,119,11,97,58,158,43,7,101,181,68,123,6,137,86,54,151,148,187,39,107,55,14,13,111,52,89,75,182,116,162,53,183,69,159,164,90,28,155,73,99,106,136,115,2,152,170,172,60,76,133,85,104,17,8,16,56,21,108,192,40,15,9,33,154,122,179,27,185,127,96,171,141,98,114,64,79,177,47,88,5,186,199,83,59,129,24,95,149,165,62,120,3,169,191,135,146];False
2080;7085;9165;[34,4,144,70,19,87,121,178,102,132,130,84,77,112,93,147,66,157,103,105,74,188,168,31,142,117,167,61,45,138,41,49,78,128,42,57,197,125,145,126,143,160,91,1,150,124,180,196,36,46,140,92,82,23,189,195,175,12,22,26,176,193,109,20,67,166,38,139,63,118,48,194,29,198,174,184,35,161,32,72,163,25,51,50,190,10,0,113,156,71,44,65,37,94,173,18,131,110,81,153,80,100,30,134,119,11,97,58,158,43,7,101,181,68,123,6,137,60,54,151,199,187,39,107,55,14,13,111,52,89,75,182,116,162,53,183,69,159,164,90,28,155,73,99,106,136,115,2,152,170,172,86,76,133,85,104,17,8,16,56,21,108,192,40,15,9,33,154,122,179,27,185,127,96,171,141,98,114,64,79,177,47,88,5,186,148,83,59,129,24,95,149,165,62,120,3,169,191,135,146];False
2051;7090;9141;[34,4,144,70,19,87,121,178,102,132,130,84,77,112,93,147,66,157,103,105,74,188,168,31,142,117,167,61,45,138,41,49,78,128,42,57,197,125,145,126,143,160,91,1,150,124,180,196,36,46,140,92,82,23,189,195,175,12,22,26,176,193,109,20,67,166,38,139,63,118,48,194,29,198,174,184,35,161,32,72,163,25,51,50,190,10,0,113,156,71,44,65,37,94,173,18,131,110,81,153,80,100,30,134,119,11,97,58,158,43,7,101,181,68,123,6,137,60,54,151,148,187,39,107,55,14,13,111,52,89,75,182,116,162,53,183,69,159,164,90,28,155,73,99,106,136,115,2,152,170,172,86,76,133,85,104,17,8,16,56,21,108,192,40,15,9,33,154,122,177,27,185,127,96,171,141,98,114,64,79,179,47,88,5,186,199,83,59,129,24,95,149,165,62,120,3,169,191,135,146];False
2143;7077;9220;[34,4,144,70,19,87,121,178,102,132,130,84,77,112,93,147,66,157,103,105,74,188,168,31,142,117,113,61,45,138,41,49,78,128,42,57,197,125,145,126,20,160,91,1,150,124,180,196,36,46,140,92,82,23,189,195,175,12,22,26,176,193,109,143,67,166,38,139,63,118,48,194,29,198,174,16,35,161,32,72,163,25,51,50,190,10,0,167,156,71,44,65,37,94,173,18,131,110,81,153,80,100,30,134,119,11,97,58,158,43,7,101,181,68,123,6,137,60,54,151,148,187,39,107,55,14,13,111,52,89,75,182,116,162,53,183,69,159,164,90,28,155,73,99,106,136,115,152,2,170,172,86,76,133,85,104,17,8,184,56,21,108,192,40,15,9,33,154,122,179,27,185,127,96,171,141,98,114,64,79,177,47,88,5,186,199,83,59,129,24,95,149,165,62,120,3,169,191,135,146];False
2156;7076;9232;[34,4,144,70,19,87,121,178,102,132,130,84,77,112,93,147,66,157,103,105,74,188,168,31,142,117,113,61,45,138,41,49,78,128,42,57,197,125,145,126,143,160,91,1,150,124,180,196,36,46,140,92,82,23,189,195,175,12,22,26,176,193,109,20,67,166,38,139,63,118,48,194,29,198,174,16,35,161,32,72,163,25,51,50,190,10,0,167,156,71,44,65,37,94,173,18,131,110,81,153,80,100,30,134,119,11,97,58,158,43,187,101,181,68,123,6,137,60,54,151,148,7,39,107,55,14,13,111,52,89,75,182,116,162,53,183,69,159,164,90,28,155,73,99,106,136,115,152,2,170,172,86,76,133,85,104,17,8,184,56,21,108,192,40,15,9,33,154,122,179,27,185,127,96,171,141,98,114,64,79,177,47,88,5,186,199,83,59,129,24,95,149,165,62,120,3,169,191,135,146];False
2169;7072;9241;[34,4,144,70,19,87,121,178,102,132,130,84,77,112,93,147,66,157,103,105,74,188,168,31,142,117,113,61,45,138,41,49,78,128,42,57,197,125,145,126,143,160,91,1,150,124,180,196,36,46,140,92,82,23,189,195,175,12,22,26,176,193,109,20,67,166,38,139,63,118,48,194,29,198,174,16,35,161,32,72,163,25,51,50,190,10,0,167,156,71,44,65,37,94,173,18,131,110,81,153,80,100,30,134,119,11,97,58,158,43,7,101,181,68,123,6,137,86,54,151,148,187,39,107,55,14,13,111,52,89,75,182,116,162,53,183,69,159,164,90,28,155,73,99,106,136,115,152,2,170,172,60,76,133,85,104,17,8,184,56,21,108,192,40,15,9,33,154,122,179,27,185,127,96,171,141,98,114,64,79,177,47,88,5,186,199,83,59,129,24,95,149,165,62,120,3,169,191,135,146];False
2132;7076;9208;[34,4,144,70,19,87,121,178,102,132,130,84,77,112,93,147,66,157,103,105,74,188,168,31,142,117,113,61,45,138,41,49,78,128,42,57,197,125,145,126,143,160,91,1,150,124,180,196,36,46,140,92,82,23,189,195,175,12,22,26,176,193,109,20,67,166,38,139,63,118,48,194,29,198,174,16,35,161,32,72,163,25,51,50,190,10,0,167,156,71,44,65,37,94,173,18,131,110,81,153,80,100,30,134,119,11,97,58,158,43,7,101,181,68,123,6,137,60,54,151,148,187,39,107,55,14,13,111,52,89,75,182,116,162,53,183,69,159,164,90,28,155,73,99,106,136,115,2,152,170,172,86,76,133,85,104,17,8,184,56,21,108,192,40,15,9,33,154,122,179,27,185,127,96,171,141,98,114,64,79,177,47,88,5,186,199,83,59,129,24,95,149,165,62,120,3,169,191,135,146];False
2167;7072;9239;[34,4,144,70,19,87,121,178,102,132,130,84,77,112,93,147,66,157,103,105,74,188,168,31,142,117,113,61,45,138,41,49,78,128,42,57,197,125,145,126,143,160,91,1,150,124,180,196,36,46,140,92,82,23,189,195,175,12,22,26,176,193,109,20,67,166,38,139,63,118,48,194,29,198,174,16,35,161,32,72,163,25,51,50,190,10,0,167,156,71,44,65,37,94,173,18,131,110,81,153,80,100,30,134,119,11,97,58,158,43,7,101,181,68,123,6,137,60,54,151,148,187,39,107,55,14,13,111,52,89,75,182,116,162,53,183,69,159,164,90,28,155,73,99,106,136,115,152,2,170,172,86,76,133,85,104,17,8,184,56,21,108,192,40,15,9,33,154,122,177,27,185,127,96,171,141,98,114,64,79,179,47,88,5,186,199,83,59,129,24,95,149,165,62,120,3,169,191,135,146];False
2120;7080;9200;[34,4,144,70,19,87,121,178,102,132,130,84,77,112,93,147,66,157,103,105,74,188,168,31,142,117,113,61,45,138,41,49,78,128,42,57,197,125,145,126,20,160,91,1,150,124,180,196,36,46,140,92,82,23,189,195,175,12,22,26,176,193,109,143,67,166,38,139,63,118,48,194,29,198,174,184,35,161,32,72,163,25,51,50,190,10,0,167,156,71,44,65,37,94,173,18,131,110,81,153,80,100,30,134,119,11,97,58,158,43,7,101,181,68,123,6,137,60,54,151,199,187,39,107,55,14,13,111,52,89,75,182,116,162,53,183,69,159,164,90,28,155,73,99,106,136,115,152,2,170,172,86,76,133,85,104,17,8,16,56,21,108,192,40,15,9,33,154,122,179,27,185,127,96,171,141,98,114,64,79,177,47,88,5,186,148,83,59,129,24,95,149,165,62,120,3,169,191,135,146];False
2146;7075;9221;[34,4,144,70,19,87,121,178,102,132,130,84,77,112,93,147,66,157,103,105,74,188,168,31,142,117,113,61,45,138,41,49,78,128,42,57,197,125,145,126,143,160,91,1,150,124,180,196,36,46,140,92,82,23,189,195,175,12,22,26,176,193,109,20,67,166,38,139,63,118,48,194,29,198,174,184,35,161,32,72,163,25,51,50,190,10,0,167,156,71,44,65,37,94,173,18,131,110,81,153,80,100,30,134,119,11,97,58,158,43,7,101,181,68,123,6,137,86,54,151,199,187,39,107,55,14,13,111,52,89,75,182,116,162,53,183,69,159,164,90,28,155,73,99,106,136,115,152,2,170,172,60,76,133,85,104,17,8,16,56,21,108,192,40,15,9,33,154,122,179,27,185,127,96,171,141,98,114,64,79,177,47,88,5,186,148,83,59,129,24,95,149,165,62,120,3,169,191,135,146];False
2109;7079;9188;[34,4,144,70,19,87,121,178,102,132,130,84,77,112,93,147,66,157,103,105,74,188,168,31,142,117,113,61,45,138,41,49,78,128,42,57,197,125,145,126,143,160,91,1,150,124,180,196,36,46,140,92,82,23,189,195,175,12,22,26,176,193,109,20,67,166,38,139,63,118,48,194,29,198,174,184,35,161,32,72,163,25,51,50,190,10,0,167,156,71,44,65,37,94,173,18,131,110,81,153,80,100,30,134,119,11,97,58,158,43,7,101,181,68,123,6,137,60,54,151,199,187,39,107,55,14,13,111,52,89,75,182,116,162,53,183,69,159,164,90,28,155,73,99,106,136,115,2,152,170,172,86,76,133,85,104,17,8,16,56,21,108,192,40,15,9,33,154,122,179,27,185,127,96,171,141,98,114,64,79,177,47,88,5,186,148,83,59,129,24,95,149,165,62,120,3,169,191,135,146];False
2144;7075;9219;[34,4,144,70,19,87,121,178,102,132,130,84,77,112,93,147,66,157,103,105,74,188,168,31,142,117,113,61,45,138,41,49,78,128,42,57,197,125,145,126,143,160,91,1,150,124,180,196,36,46,140,92,82,23,189,195,175,12,22,26,176,193,109,20,67,166,38,139,63,118,48,194,29,198,174,184,35,161,32,72,163,25,51,50,190,10,0,167,156,71,44,65,37,94,173,18,131,110,81,153,80,100,30,134,119,11,97,58,158,43,7,101,181,68,123,6,137,60,54,151,199,187,39,107,55,14,13,111,52,89,75,182,116,162,53,183,69,159,164,90,28,155,73,99,106,136,115,152,2,170,172,86,76,133,85,104,17,8,16,56,21,108,192,40,15,9,33,154,122,177,27,185,127,96,171,141,98,114,64,79,179,47,88,5,186,148,83,59,129,24,95,149,165,62,120,3,169,191,135,146];False
2010;7100;9110;[34,4,144,70,19,87,121,178,102,132,130,84,77,112,93,147,66,157,103,105,74,188,168,31,142,117,113,61,45,65,41,49,78,128,42,57,197,125,145,126,143,160,91,1,150,124,180,196,36,46,140,92,82,23,189,195,175,12,22,26,176,193,109,20,67,166,38,139,63,118,48,194,29,198,174,184,35,161,32,72,163,25,51,50,190,10,0,167,156,71,44,138,37,94,173,18,131,110,81,153,80,100,30,134,119,11,97,58,158,43,7,101,181,68,123,6,137,60,54,151,148,187,39,107,55,14,13,111,52,89,75,182,116,162,53,183,69,159,164,90,28,155,73,99,106,136,115,2,152,170,172,86,76,133,85,104,17,8,16,56,21,108,192,40,15,9,33,154,122,179,27,185,127,96,171,141,98,114,64,79,177,47,88,5,186,199,83,59,129,24,95,149,165,62,120,3,169,191,135,146];False
2056;7089;9145;[34,4,144,70,19,87,121,178,102,132,130,84,77,112,93,147,66,157,103,105,74,188,168,31,142,117,113,61,45,138,41,49,78,128,42,57,197,125,145,126,20,160,91,1,150,124,180,196,36,46,140,92,82,23,189,195,175,12,22,26,176,193,109,143,67,166,38,139,63,118,48,194,29,198,174,184,35,161,32,72,163,25,51,50,190,10,0,167,156,71,44,65,37,94,173,18,131,110,81,153,80,100,30,134,119,11,97,58,158,43,7,101,181,68,123,6,137,60,54,151,148,187,39,107,55,14,13,111,52,89,75,182,116,162,53,183,69,159,164,90,28,155,73,99,106,136,115,2,152,170,172,86,76,133,85,104,17,8,16,56,21,108,192,40,15,9,33,154,122,179,27,185,127,96,171,141,98,114,64,79,177,47,88,5,186,199,83,59,129,24,95,149,165,62,120,3,169,191,135,146];False
2173;7071;9244;[34,4,144,70,19,87,121,178,102,132,130,84,77,112,93,147,66,157,103,105,74,188,168,31,142,117,113,61,45,138,41,49,78,128,42,57,197,125,145,126,143,160,91,1,150,124,180,196,36,46,140,92,82,23,189,195,175,12,22,26,176,193,109,190,67,166,38,139,63,118,48,194,29,198,174,184,35,161,32,72,163,25,51,50,20,10,0,167,156,71,44,65,37,94,173,18,131,110,81,153,80,100,30,134,119,11,97,58,158,43,7,101,181,68,123,6,137,60,54,151,148,187,39,107,55,14,13,111,52,89,75,182,116,162,53,183,69,159,164,90,28,155,73,99,106,136,115,2,152,170,172,86,76,133,85,104,17,8,16,56,21,108,192,40,15,9,33,154,122,179,27,185,127,96,171,141,98,114,64,79,177,47,88,5,186,199,83,59,129,24,95,149,165,62,120,3,169,191,135,146];False
2069;7088;9157;[34,4,144,70,19,87,121,178,102,132,130,84,77,112,93,147,66,157,103,105,74,188,168,31,142,117,113,61,45,138,41,49,78,128,42,57,197,125,145,126,143,160,91,1,150,124,180,196,36,46,140,92,82,23,189,195,175,12,22,26,176,193,109,20,67,166,38,139,63,118,48,194,29,198,174,184,35,161,32,72,163,25,51,50,190,10,0,167,156,71,44,65,37,94,173,18,131,110,81,153,80,100,30,134,119,11,97,58,158,43,187,101,181,68,123,6,137,60,54,151,148,7,39,107,55,14,13,111,52,89,75,182,116,162,53,183,69,159,164,90,28,155,73,99,106,136,115,2,152,170,172,86,76,133,85,104,17,8,16,56,21,108,192,40,15,9,33,154,122,179,27,185,127,96,171,141,98,114,64,79,177,47,88,5,186,199,83,59,129,24,95,149,165,62,120,3,169,191,135,146];False
2082;7084;9166;[34,4,144,70,19,87,121,178,102,132,130,84,77,112,93,147,66,157,103,105,74,188,168,31,142,117,113,61,45,138,41,49,78,128,42,57,197,125,145,126,143,160,91,1,150,124,180,196,36,46,140,92,82,23,189,195,175,12,22,26,176,193,109,20,67,166,38,139,63,118,48,194,29,198,174,184,35,161,32,72,163,25,51,50,190,10,0,167,156,71,44,65,37,94,173,18,131,110,81,153,80,100,30,134,119,11,97,58,158,43,7,101,181,68,123,6,137,86,54,151,148,187,39,107,55,14,13,111,52,89,75,182,116,162,53,183,69,159,164,90,28,155,73,99,106,136,115,2,152,170,172,60,76,133,85,104,17,8,16,56,21,108,192,40,15,9,33,154,122,179,27,185,127,96,171,141,98,114,64,79,177,47,88,5,186,199,83,59,129,24,95,149,165,62,120,3,169,191,135,146];False
2080;7084;9164;[34,4,144,70,19,87,121,178,102,132,130,84,77,112,93,147,66,157,103,105,74,188,168,31,142,117,113,61,45,138,41,49,78,128,42,57,197,125,145,126,143,160,91,1,150,124,180,196,36,46,140,92,82,23,189,195,175,12,22,26,176,193,109,20,67,166,38,139,63,118,48,194,29,198,174,184,35,161,32,72,163,25,51,50,190,10,0,167,156,71,44,65,37,94,173,18,131,110,81,153,80,100,30,134,119,11,97,58,158,43,7,101,181,68,123,6,137,60,54,151,148,187,39,107,55,14,13,111,52,89,75,182,116,162,53,183,69,159,164,90,28,155,73,99,106,136,115,2,152,170,172,86,76,133,85,104,17,8,16,56,21,108,192,40,15,9,33,154,122,177,27,185,127,96,171,141,98,114,64,79,179,47,88,5,186,199,83,59,129,24,95,149,165,62,120,3,169,191,135,146];False
1825;7196;9021;[34,4,144,70,19,87,121,178,102,132,130,84,77,112,150,147,66,157,103,105,74,188,168,31,142,117,167,61,45,138,41,49,78,128,42,57,197,125,145,126,143,160,91,1,93,124,180,196,36,46,140,92,82,23,189,47,175,12,22,26,176,193,109,20,67,166,38,139,63,118,48,194,29,198,174,184,35,88,32,72,163,25,51,50,190,10,0,113,156,71,44,65,37,94,173,18,131,110,81,153,80,100,30,134,148,11,97,58,158,43,7,101,181,68,123,6,137,60,54,151,119,187,39,107,55,14,13,111,52,89,75,182,116,162,53,183,69,159,164,90,28,155,73,99,106,136,115,152,2,170,172,86,76,133,85,104,17,8,16,56,21,108,192,40,15,9,33,154,122,179,195,185,127,96,171,141,98,114,64,79,177,27,161,5,186,199,83,59,129,24,95,149,165,62,120,3,169,191,135,146];False
1805;7214;9019;[34,4,144,70,19,87,121,178,102,132,130,84,77,112,150,147,66,157,103,105,74,188,168,31,142,117,167,61,45,138,41,49,78,128,42,57,197,125,145,126,143,160,91,1,93,124,180,196,36,46,140,92,82,23,189,47,175,12,22,26,176,193,109,20,67,166,38,139,63,118,48,194,29,198,174,184,35,161,32,72,163,25,51,50,190,10,101,113,156,71,44,65,37,94,173,18,131,110,81,153,80,100,30,134,148,11,97,58,158,43,7,0,181,68,123,6,137,60,54,151,119,187,39,107,55,14,13,111,52,89,75,182,116,162,53,183,69,159,164,90,28,155,73,99,106,136,115,152,2,170,172,86,76,133,85,104,17,8,16,56,21,108,192,40,15,9,33,154,122,179,195,185,127,96,171,141,98,114,64,79,177,27,88,5,186,199,83,59,129,24,95,149,165,62,120,3,169,191,135,146];False
1818;7199;9017;[34,4,144,70,19,87,121,178,102,132,130,84,77,112,150,147,66,157,103,105,74,188,168,31,142,117,167,61,45,138,41,49,78,128,42,57,197,125,145,126,143,160,91,1,93,124,180,196,36,46,140,92,82,23,189,47,175,12,22,26,176,193,109,20,67,166,38,139,63,118,48,194,29,198,174,184,35,161,32,72,163,25,51,50,190,10,0,113,156,71,44,65,37,94,173,18,131,110,81,153,101,100,30,134,148,11,97,58,158,43,7,80,181,68,123,6,137,60,54,151,119,187,39,107,55,14,13,111,52,89,75,182,116,162,53,183,69,159,164,90,28,155,73,99,106,136,115,152,2,170,172,86,76,133,85,104,17,8,16,56,21,108,192,40,15,9,33,154,122,179,195,185,127,96,171,141,98,114,64,79,177,27,88,5,186,199,83,59,129,24,95,149,165,62,120,3,169,191,135,146];False
1887;7142;9029;[34,4,144,70,19,87,121,178,102,132,130,84,77,112,93,147,66,157,103,105,74,188,168,31,142,117,113,61,45,65,41,49,78,128,42,57,197,125,145,126,143,160,91,1,150,124,180,196,36,46,140,92,82,23,189,47,175,12,22,26,176,193,109,20,67,166,38,139,63,118,48,194,29,198,174,184,35,161,32,72,163,25,51,50,190,10,0,167,156,71,44,138,37,94,173,18,131,110,81,153,80,100,30,134,148,11,97,58,158,43,7,101,181,68,123,6,137,60,54,151,119,187,39,107,55,14,13,111,52,89,75,182,116,162,53,183,69,159,164,90,28,155,73,99,106,136,115,152,2,170,172,86,76,133,85,104,17,8,16,56,21,108,192,40,15,9,33,154,122,179,195,185,127,96,171,141,98,114,64,79,177,27,88,5,186,199,83,59,129,24,95,149,165,62,120,3,169,191,135,146];False
1826;7186;9012;[34,4,144,70,19,87,121,178,102,132,130,84,77,112,93,147,66,157,103,105,74,188,168,31,142,117,167,61,45,65,41,49,78,128,42,57,197,125,145,126,143,160,91,1,150,124,180,196,36,46,140,92,82,23,189,47,175,12,22,26,176,193,109,20,67,166,38,139,63,118,48,194,29,198,174,184,35,161,32,72,163,25,51,50,190,10,101,113,156,71,44,138,37,94,173,18,131,110,81,153,80,100,30,134,148,11,97,58,158,43,7,0,181,68,123,6,137,60,54,151,119,187,39,107,55,14,13,111,52,89,75,182,116,162,53,183,69,159,164,90,28,155,73,99,106,136,115,152,2,170,172,86,76,133,85,104,17,8,16,56,21,108,192,40,15,9,33,154,122,179,195,185,127,96,171,141,98,114,64,79,177,27,88,5,186,199,83,59,129,24,95,149,165,62,120,3,169,191,135,146];False
1839;7171;9010;[34,4,144,70,19,87,121,178,102,132,130,84,77,112,93,147,66,157,103,105,74,188,168,31,142,117,167,61,45,65,41,49,78,128,42,57,197,125,145,126,143,160,91,1,150,124,180,196,36,46,140,92,82,23,189,47,175,12,22,26,176,193,109,20,67,166,38,139,63,118,48,194,29,198,174,184,35,161,32,72,163,25,51,50,190,10,0,113,156,71,44,138,37,94,173,18,131,110,81,153,101,100,30,134,148,11,97,58,158,43,7,80,181,68,123,6,137,60,54,151,119,187,39,107,55,14,13,111,52,89,75,182,116,162,53,183,69,159,164,90,28,155,73,99,106,136,115,152,2,170,172,86,76,133,85,104,17,8,16,56,21,108,192,40,15,9,33,154,122,179,195,185,127,96,171,141,98,114,64,79,177,27,88,5,186,199,83,59,129,24,95,149,165,62,120,3,169,191,135,146];False
1888;7141;9029;[34,4,144,70,19,87,121,178,102,132,130,84,77,112,93,147,66,157,103,105,74,188,168,31,142,117,167,61,45,65,41,49,78,128,42,57,197,125,145,126,143,160,91,1,150,124,180,196,36,46,140,92,82,23,189,47,175,12,22,26,176,193,109,20,67,166,38,139,63,118,48,194,29,198,174,184,35,161,32,72,163,25,51,50,190,10,0,113,156,71,44,138,37,94,173,18,131,110,81,153,80,100,30,134,148,11,97,58,158,43,7,101,181,68,123,6,137,60,54,151,119,187,39,107,55,14,13,111,52,89,75,182,116,162,53,183,69,159,164,90,28,155,73,99,106,136,115,2,152,170,172,86,76,133,85,104,17,8,16,56,21,108,192,40,15,9,33,154,122,179,195,185,127,96,171,141,98,114,64,79,177,27,88,5,186,199,83,59,129,24,95,149,165,62,120,3,169,191,135,146];False
1830;7169;8999;[34,4,144,70,19,87,121,178,102,132,130,84,77,112,93,147,66,157,103,105,74,188,168,31,142,117,167,61,45,138,41,49,78,128,42,101,197,125,145,126,143,160,91,1,150,124,180,196,36,46,140,92,82,23,189,47,175,12,22,26,176,193,109,20,67,166,38,139,63,118,48,194,29,198,174,184,35,161,32,72,163,25,51,50,190,10,57,113,156,71,44,65,37,94,173,18,131,110,81,153,80,100,30,134,148,11,97,58,158,43,7,0,181,68,123,6,137,60,54,151,119,187,39,107,55,14,13,111,52,89,75,182,116,162,53,183,69,159,164,90,28,155,73,99,106,136,115,152,2,170,172,86,76,133,85,104,17,8,16,56,21,108,192,40,15,9,33,154,122,179,195,185,127,96,171,141,98,114,64,79,177,27,88,5,186,199,83,59,129,24,95,149,165,62,120,3,169,191,135,146];True
1820;7184;9004;[34,4,144,70,19,87,121,178,102,132,130,84,77,112,93,147,66,157,103,105,74,188,168,31,142,117,167,61,45,138,41,49,78,128,42,57,197,125,145,126,143,160,91,1,150,124,180,196,36,46,140,92,82,23,189,47,175,12,22,26,176,193,109,20,67,166,38,139,63,118,48,194,29,198,174,184,35,161,32,72,163,25,51,50,190,10,0,113,156,71,44,65,37,94,173,18,131,110,81,153,101,100,30,134,148,11,97,58,158,43,7,182,181,68,123,6,137,60,54,151,119,187,39,107,55,14,13,111,52,89,75,80,116,162,53,183,69,159,164,90,28,155,73,99,106,136,115,152,2,170,172,86,76,133,85,104,17,8,16,56,21,108,192,40,15,9,33,154,122,179,195,185,127,96,171,141,98,114,64,79,177,27,88,5,186,199,83,59,129,24,95,149,165,62,120,3,169,191,135,146];True
2170;7071;9241;[34,4,144,70,19,87,121,178,102,132,130,84,77,112,93,147,66,157,103,105,74,188,168,31,142,117,167,61,45,138,41,49,78,128,42,57,197,125,145,126,143,160,91,1,150,124,180,196,36,46,140,92,82,23,189,195,175,12,22,26,176,193,109,20,67,166,38,139,63,118,48,194,29,198,174,16,35,161,32,72,163,25,51,50,190,10,0,113,156,71,44,65,37,94,173,18,131,110,81,153,80,100,30,134,119,11,97,58,158,43,7,101,181,68,123,6,137,86,54,151,148,187,39,107,55,14,13,111,52,89,75,182,116,162,53,183,69,159,164,90,28,155,73,99,106,136,115,2,152,170,172,60,76,133,85,104,17,8,184,56,21,108,192,40,15,9,33,154,122,179,27,185,127,96,171,141,98,114,64,79,177,47,88,5,186,199,83,59,129,24,95,149,165,62,120,3,169,191,135,146];False
2168;7071;9239;[34,4,144,70,19,87,121,178,102,132,130,84,77,112,93,147,66,157,103,105,74,188,168,31,142,117,167,61,45,138,41,49,78,128,42,57,197,125,145,126,143,160,91,1,150,124,180,196,36,46,140,92,82,23,189,195,175,12,22,26,176,193,109,20,67,166,38,139,63,118,48,194,29,198,174,16,35,161,32,72,163,25,51,50,190,10,0,113,156,71,44,65,37,94,173,18,131,110,81,153,80,100,30,134,119,11,97,58,158,43,7,101,181,68,123,6,137,60,54,151,148,187,39,107,55,14,13,111,52,89,75,182,116,162,53,183,69,159,164,90,28,155,73,99,106,136,115,2,152,170,172,86,76,133,85,104,17,8,184,56,21,108,192,40,15,9,33,154,122,177,27,185,127,96,171,141,98,114,64,79,179,47,88,5,186,199,83,59,129,24,95,149,165,62,120,3,169,191,135,146];False
1969;7107;9076;[34,4,144,70,19,87,121,178,102,132,130,84,77,112,93,147,66,157,103,105,74,188,168,31,142,117,167,61,45,138,41,49,78,128,42,57,197,125,145,126,143,160,91,1,150,124,180,196,36,46,140,92,82,23,189,195,175,12,22,26,176,193,109,20,67,166,38,139,63,118,48,194,29,198,174,184,35,161,32,72,163,25,51,50,190,10,39,113,156,71,44,65,37,94,173,18,131,110,81,153,80,100,30,134,119,11,97,58,158,43,187,101,181,68,123,6,137,60,54,151,148,7,0,107,55,14,13,111,52,89,75,182,116,162,53,183,69,159,164,90,28,155,73,99,106,136,115,2,152,170,172,86,76,133,85,104,17,8,16,56,21,108,192,40,15,9,33,154,122,179,27,185,127,96,171,141,98,114,64,79,177,47,88,5,186,199,83,59,129,24,95,149,165,62,120,3,169,191,135,146];False
2038;7094;9132;[34,4,144,70,19,87,121,178,102,132,130,84,77,112,93,147,66,157,103,105,74,188,168,31,142,117,167,61,45,138,41,49,78,128,42,57,197,125,145,126,143,160,91,1,150,124,180,196,36,46,140,92,82,23,189,195,175,12,22,26,176,193,109,20,67,166,38,139,63,118,48,194,29,198,174,184,35,161,32,72,163,25,51,50,190,10,0,113,156,71,44,65,37,94,173,18,131,110,81,153,80,100,30,134,119,11,97,58,158,43,187,111,181,68,123,6,137,60,54,151,148,7,39,107,55,14,13,101,52,89,75,182,116,162,53,183,69,159,164,90,28,155,73,99,106,136,115,2,152,170,172,86,76,133,85,104,17,8,16,56,21,108,192,40,15,9,33,154,122,179,27,185,127,96,171,141,98,114,64,79,177,47,88,5,186,199,83,59,129,24,95,149,165,62,120,3,169,191,135,146];False
2145;7074;9219;[34,4,144,70,19,87,121,178,102,132,130,84,77,112,93,147,66,157,103,105,74,188,168,31,142,117,167,61,45,138,41,49,78,128,42,57,197,125,145,126,143,160,91,1,150,124,180,196,36,46,140,92,82,23,189,195,175,12,22,26,176,193,109,20,67,166,38,139,63,118,48,194,29,198,174,184,35,161,32,72,163,25,51,50,190,10,0,113,156,71,44,65,37,94,173,18,131,110,81,153,80,100,30,134,119,11,97,58,158,43,7,101,181,68,123,6,137,60,54,151,199,187,39,107,55,14,13,111,52,89,75,182,116,162,53,183,69,159,164,90,28,155,73,99,106,136,115,2,152,170,172,86,76,133,85,104,17,8,16,56,21,108,192,40,15,9,33,154,122,177,27,185,127,96,171,141,98,114,64,79,179,47,88,5,186,148,83,59,129,24,95,149,165,62,120,3,169,191,135,146];False
2173;7070;9243;[34,4,144,70,19,87,121,178,102,132,130,84,77,112,93,147,66,157,103,105,74,188,168,31,142,117,113,61,45,138,41,49,78,128,42,57,197,125,145,126,20,160,91,1,150,124,180,196,36,46,140,92,82,23,189,195,175,12,22,26,176,193,109,143,67,166,38,139,63,118,48,194,29,198,174,16,35,161,32,72,163,25,51,50,190,10,0,167,156,71,44,65,37,94,173,18,131,110,81,153,80,100,30,134,119,11,97,58,158,43,7,101,181,68,123,6,137,60,54,151,148,187,39,107,55,14,13,111,52,89,75,182,116,162,53,183,69,159,164,90,28,155,73,99,106,136,115,2,152,170,172,86,76,133,85,104,17,8,184,56,21,108,192,40,15,9,33,154,122,179,27,185,127,96,171,141,98,114,64,79,177,47,88,5,186,199,83,59,129,24,95,149,165,62,120,3,169,191,135,146];False
2150;7073;9223;[34,4,144,70,19,87,121,178,102,132,130,84,77,112,93,147,66,157,103,105,74,188,168,31,142,117,113,61,45,138,41,49,78,128,42,57,197,125,145,126,20,160,91,1,150,124,180,196,36,46,140,92,82,23,189,195,175,12,22,26,176,193,109,143,67,166,38,139,63,118,48,194,29,198,174,184,35,161,32,72,163,25,51,50,190,10,0,167,156,71,44,65,37,94,173,18,131,110,81,153,80,100,30,134,119,11,97,58,158,43,7,101,181,68,123,6,137,60,54,151,199,187,39,107,55,14,13,111,52,89,75,182,116,162,53,183,69,159,164,90,28,155,73,99,106,136,115,2,152,170,172,86,76,133,85,104,17,8,16,56,21,108,192,40,15,9,33,154,122,179,27,185,127,96,171,141,98,114,64,79,177,47,88,5,186,148,83,59,129,24,95,149,165,62,120,3,169,191,135,146];False
2177;7069;9246;[34,4,144,70,19,87,121,178,102,132,130,84,77,112,93,147,66,157,103,105,74,188,168,31,142,117,113,61,45,138,41,49,78,128,42,57,197,125,145,126,143,160,91,1,150,156,180,196,36,46,140,92,82,23,189,195,175,12,22,26,176,193,109,20,67,166,38,139,63,118,48,194,29,198,174,184,35,161,32,72,163,25,51,50,190,10,0,167,124,71,44,65,37,94,173,18,131,110,81,153,80,100,30,134,119,11,97,58,158,43,7,101,181,68,123,6,137,60,54,151,199,187,39,107,55,14,13,111,52,89,75,182,116,162,53,183,69,159,164,90,28,155,73,99,106,136,115,2,152,170,172,86,76,133,85,104,17,8,16,56,21,108,192,40,15,9,33,154,122,179,27,185,127,96,171,141,98,114,64,79,177,47,88,5,186,148,83,59,129,24,95,149,165,62,120,3,169,191,135,146];False
2176;7068;9244;[34,4,144,70,19,87,121,178,102,132,130,84,77,112,93,147,66,157,103,105,74,188,168,31,142,117,113,61,45,138,41,49,78,128,42,57,197,125,145,126,143,160,91,1,150,124,180,196,36,46,140,92,82,23,189,195,175,12,22,26,176,193,109,20,67,166,38,139,63,118,48,194,29,198,174,184,35,161,32,72,163,25,51,50,190,10,0,167,156,71,44,65,37,94,173,18,131,110,81,153,80,100,30,134,119,11,97,58,158,43,7,101,181,68,123,6,137,86,54,151,199,187,39,107,55,14,13,111,52,89,75,182,116,162,53,183,69,159,164,90,28,155,73,99,106,136,115,2,152,170,172,60,76,133,85,104,17,8,16,56,21,108,192,40,15,9,33,154,122,179,27,185,127,96,171,141,98,114,64,79,177,47,88,5,186,148,83,59,129,24,95,149,165,62,120,3,169,191,135,146];False
2174;7068;9242;[34,4,144,70,19,87,121,178,102,132,130,84,77,112,93,147,66,157,103,105,74,188,168,31,142,117,113,61,45,138,41,49,78,128,42,57,197,125,145,126,143,160,91,1,150,124,180,196,36,46,140,92,82,23,189,195,175,12,22,26,176,193,109,20,67,166,38,139,63,118,48,194,29,198,174,184,35,161,32,72,163,25,51,50,190,10,0,167,156,71,44,65,37,94,173,18,131,110,81,153,80,100,30,134,119,11,97,58,158,43,7,101,181,68,123,6,137,60,54,151,199,187,39,107,55,14,13,111,52,89,75,182,116,162,53,183,69,159,164,90,28,155,73,99,106,136,115,2,152,170,172,86,76,133,85,104,17,8,16,56,21,108,192,40,15,9,33,154,122,177,27,185,127,96,171,141,98,114,64,79,179,47,88,5,186,148,83,59,129,24,95,149,165,62,120,3,169,191,135,146];False
2071;7079;9150;[34,4,144,70,19,87,121,178,102,132,130,84,77,112,93,147,66,157,103,105,74,188,168,31,142,117,113,61,45,138,41,49,78,128,42,57,197,125,145,126,20,160,91,1,150,124,180,196,36,46,140,92,143,23,189,195,175,12,22,26,176,193,109,82,67,166,38,139,63,118,48,194,29,198,174,184,35,161,32,72,163,25,51,50,190,10,0,167,156,71,44,65,37,94,173,18,131,110,81,153,80,100,30,134,119,11,97,58,158,43,7,101,181,68,123,6,137,60,54,151,148,187,39,107,55,14,13,111,52,89,75,182,116,162,53,183,69,159,164,90,28,155,73,99,106,136,115,2,152,170,172,86,76,133,85,104,17,8,16,56,21,108,192,40,15,9,33,154,122,179,27,185,127,96,171,141,98,114,64,79,177,47,88,5,186,199,83,59,129,24,95,149,165,62,120,3,169,191,135,146];False
2123;7078;9201;[34,4,144,70,19,87,121,178,102,132,130,84,77,112,93,147,66,157,103,105,74,188,168,31,142,117,113,61,45,138,41,49,78,128,42,57,197,125,145,126,20,160,91,1,150,124,180,196,36,46,140,92,82,23,189,195,175,12,22,26,176,193,109,143,67,166,38,139,63,118,48,194,29,198,174,184,35,161,32,72,163,25,51,50,190,10,0,167,156,71,44,65,37,94,173,18,131,110,81,153,80,100,30,134,119,11,97,58,158,43,7,101,181,68,123,6,137,86,54,151,148,187,39,107,55,14,13,111,52,89,75,182,116,162,53,183,69,159,164,90,28,155,73,99,106,136,115,2,152,170,172,60,76,133,85,104,17,8,16,56,21,108,192,40,15,9,33,154,122,179,27,185,127,96,171,141,98,114,64,79,177,47,88,5,186,199,83,59,129,24,95,149,165,62,120,3,169,191,135,146];False
2121;7078;9199;[34,4,144,70,19,87,121,178,102,132,130,84,77,112,93,147,66,157,103,105,74,188,168,31,142,117,113,61,45,138,41,49,78,128,42,57,197,125,145,126,20,160,91,1,150,124,180,196,36,46,140,92,82,23,189,195,175,12,22,26,176,193,109,143,67,166,38,139,63,118,48,194,29,198,174,184,35,161,32,72,163,25,51,50,190,10,0,167,156,71,44,65,37,94,173,18,131,110,81,153,80,100,30,134,119,11,97,58,158,43,7,101,181,68,123,6,137,60,54,151,148,187,39,107,55,14,13,111,52,89,75,182,116,162,53,183,69,159,164,90,28,155,73,99,106,136,115,2,152,170,172,86,76,133,85,104,17,8,16,56,21,108,192,40,15,9,33,154,122,177,27,185,127,96,171,141,98,114,64,79,179,47,88,5,186,199,83,59,129,24,95,149,165,62,120,3,169,191,135,146];False
2120;7078;9198;[34,4,144,70,19,87,121,178,102,132,130,84,77,112,93,147,66,157,103,105,74,188,168,31,142,117,113,61,45,138,41,49,78,101,42,57,197,125,145,126,143,160,91,1,150,124,180,196,36,46,140,92,82,23,189,195,175,12,22,26,176,193,109,20,67,166,38,139,63,118,48,194,29,198,174,184,35,161,32,72,163,25,51,50,190,10,0,167,156,71,44,65,37,94,173,18,131,110,81,153,80,100,30,134,119,11,97,58,158,43,187,128,181,68,123,6,137,60,54,151,148,7,39,107,55,14,13,111,52,89,75,182,116,162,53,183,69,159,164,90,28,155,73,99,106,136,115,2,152,170,172,86,76,133,85,104,17,8,16,56,21,108,192,40,15,9,33,154,122,179,27,185,127,96,171,141,98,114,64,79,177,47,88,5,186,199,83,59,129,24,95,149,165,62,120,3,169,191,135,146];False
2067;7088;9155;[34,4,144,70,19,87,121,178,102,132,130,84,77,112,93,147,66,157,103,105,74,188,168,31,142,117,113,61,45,138,41,49,78,128,42,57,197,125,145,126,143,160,91,1,150,124,180,196,36,46,140,92,82,23,189,195,175,12,22,26,176,193,109,20,67,166,38,139,63,118,48,194,29,198,174,184,35,161,32,72,163,25,51,50,190,10,0,167,156,71,44,65,37,94,173,18,131,110,81,153,80,100,30,134,119,11,97,58,158,43,187,111,181,68,123,6,137,60,54,151,148,7,39,107,55,14,13,101,52,89,75,182,116,162,53,183,69,159,164,90,28,155,73,99,106,136,115,2,152,170,172,86,76,133,85,104,17,8,16,56,21,108,192,40,15,9,33,154,122,179,27,185,127,96,171,141,98,114,64,79,177,47,88,5,186,199,83,59,129,24,95,149,165,62,120,3,169,191,135,146];False
1800;7219;9019;[34,4,144,70,19,87,121,178,102,132,130,84,77,112,150,147,66,157,103,105,74,188,168,31,142,117,167,61,45,65,41,49,78,128,42,57,197,125,145,126,143,160,91,1,93,124,180,196,36,46,140,92,82,23,189,47,175,12,22,26,176,193,109,20,67,166,38,139,63,118,48,194,29,198,174,184,35,161,32,72,163,25,51,50,190,10,101,113,156,71,44,138,37,94,173,18,131,110,81,153,80,100,30,134,148,11,97,58,158,43,7,0,181,68,123,6,137,60,54,151,119,187,39,107,55,14,13,111,52,89,75,182,116,162,53,183,69,159,164,90,28,155,73,99,106,136,115,152,2,170,172,86,76,133,85,104,17,8,16,56,21,108,192,40,15,9,33,154,122,179,195,185,127,96,171,141,98,114,64,79,177,27,88,5,186,199,83,59,129,24,95,149,165,62,120,3,169,191,135,146];False
1804;7202;9006;[34,4,144,70,19,87,121,178,102,132,130,84,77,112,150,147,66,157,103,105,74,188,168,31,142,117,167,61,45,138,41,49,78,128,42,101,197,125,145,126,143,160,91,1,93,124,180,196,36,46,140,92,82,23,189,47,175,12,22,26,176,193,109,20,67,166,38,139,63,118,48,194,29,198,174,184,35,161,32,72,163,25,51,50,190,10,57,113,156,71,44,65,37,94,173,18,131,110,81,153,80,100,30,134,148,11,97,58,158,43,7,0,181,68,123,6,137,60,54,151,119,187,39,107,55,14,13,111,52,89,75,182,116,162,53,183,69,159,164,90,28,155,73,99,106,136,115,152,2,170,172,86,76,133,85,104,17,8,16,56,21,108,192,40,15,9,33,154,122,179,195,185,127,96,171,141,98,114,64,79,177,27,88,5,186,199,83,59,129,24,95,149,165,62,120,3,169,191,135,146];False
1794;7217;9011;[34,4,144,70,19,87,121,178,102,132,130,84,77,112,150,147,66,157,103,105,74,188,168,31,142,117,167,61,45,138,41,49,78,128,42,57,197,125,145,126,143,160,91,1,93,124,180,196,36,46,140,92,82,23,189,47,175,12,22,26,176,193,109,20,67,166,38,139,63,118,48,194,29,198,174,184,35,161,32,72,163,25,51,50,190,10,0,113,156,71,44,65,37,94,173,18,131,110,81,153,101,100,30,134,148,11,97,58,158,43,7,182,181,68,123,6,137,60,54,151,119,187,39,107,55,14,13,111,52,89,75,80,116,162,53,183,69,159,164,90,28,155,73,99,106,136,115,152,2,170,172,86,76,133,85,104,17,8,16,56,21,108,192,40,15,9,33,154,122,179,195,185,127,96,171,141,98,114,64,79,177,27,88,5,186,199,83,59,129,24,95,149,165,62,120,3,169,191,135,146];False
1825;7174;8999;[34,4,144,70,19,87,121,178,102,132,130,84,77,112,93,147,66,157,103,105,74,188,168,31,142,117,167,61,45,65,41,49,78,128,42,101,197,125,145,126,143,160,91,1,150,124,180,196,36,46,140,92,82,23,189,47,175,12,22,26,176,193,109,20,67,166,38,139,63,118,48,194,29,198,174,184,35,161,32,72,163,25,51,50,190,10,57,113,156,71,44,138,37,94,173,18,131,110,81,153,80,100,30,134,148,11,97,58,158,43,7,0,181,68,123,6,137,60,54,151,119,187,39,107,55,14,13,111,52,89,75,182,116,162,53,183,69,159,164,90,28,155,73,99,106,136,115,152,2,170,172,86,76,133,85,104,17,8,16,56,21,108,192,40,15,9,33,154,122,179,195,185,127,96,171,141,98,114,64,79,177,27,88,5,186,199,83,59,129,24,95,149,165,62,120,3,169,191,135,146];True
1818;7189;9007;[34,4,144,70,19,87,121,178,102,132,130,84,77,112,93,147,66,157,103,105,74,188,168,31,142,117,167,61,45,138,41,49,78,128,42,101,197,125,145,126,143,160,91,1,150,124,180,196,36,46,140,92,82,23,189,47,175,12,22,26,176,193,109,20,67,166,38,139,63,118,48,194,29,198,174,184,35,88,32,72,163,25,51,50,190,10,57,113,156,71,44,65,37,94,173,18,131,110,81,153,80,100,30,134,148,11,97,58,158,43,7,0,181,68,123,6,137,60,54,151,119,187,39,107,55,14,13,111,52,89,75,182,116,162,53,183,69,159,164,90,28,155,73,99,106,136,115,152,2,170,172,86,76,133,85,104,17,8,16,56,21,108,192,40,15,9,33,154,122,179,195,185,127,96,171,141,98,114,64,79,177,27,161,5,186,199,83,59,129,24,95,149,165,62,120,3,169,191,135,146];False
1801;7185;8986;[34,4,144,70,19,87,121,178,102,132,130,84,77,112,93,147,66,157,103,105,74,188,168,31,142,117,167,61,45,138,41,49,78,128,42,101,197,125,145,126,143,160,91,1,150,124,180,196,36,46,140,92,82,23,189,47,175,12,22,26,176,193,109,20,67,166,38,139,63,118,48,194,29,198,174,184,35,161,32,72,163,25,51,50,190,10,57,113,156,71,44,65,37,94,173,18,131,110,81,153,80,100,30,134,148,11,97,58,158,43,7,0,62,68,123,6,137,60,54,151,119,187,39,107,55,14,13,111,52,89,75,182,116,162,53,183,69,159,164,90,28,155,73,99,106,136,115,152,2,170,172,86,76,133,85,104,17,8,16,56,21,108,192,40,15,9,33,154,122,179,195,185,127,96,171,141,98,114,64,79,177,27,88,5,186,199,83,59,129,24,95,149,165,181,120,3,169,191,135,146];True
1799;7207;9006;[34,4,144,70,19,87,121,178,102,132,130,84,77,112,93,147,66,157,103,105,74,188,168,31,142,117,167,61,45,138,41,49,78,128,42,57,197,125,145,126,143,160,91,1,182,124,180,196,36,46,140,92,82,23,189,47,175,12,22,26,176,193,109,20,67,166,38,139,63,118,48,194,29,198,174,184,35,161,32,72,163,25,51,50,190,10,0,113,156,71,44,65,37,94,173,18,131,110,81,153,101,100,30,134,148,11,97,58,158,43,7,150,181,68,123,6,137,60,54,151,119,187,39,107,55,14,13,111,52,89,75,80,116,162,53,183,69,159,164,90,28,155,73,99,106,136,115,152,2,170,172,86,76,133,85,104,17,8,16,56,21,108,192,40,15,9,33,154,122,179,195,185,127,96,171,141,98,114,64,79,177,27,88,5,186,199,83,59,129,24,95,149,165,62,120,3,169,191,135,146];False
1778;7201;8979;[34,4,144,70,19,87,121,178,102,132,130,84,77,112,93,147,66,157,103,105,74,188,168,31,142,117,167,61,45,138,41,49,78,128,42,57,197,125,145,126,143,160,91,1,150,124,180,196,36,46,140,92,82,23,189,47,175,12,22,26,176,193,109,20,67,166,38,139,63,118,48,194,29,198,174,184,35,161,32,72,163,25,51,50,190,10,182,113,156,71,44,65,37,94,173,18,131,110,81,153,101,100,30,134,148,11,97,58,158,43,7,0,181,68,123,6,137,60,54,151,119,187,39,107,55,14,13,111,52,89,75,80,116,162,53,183,69,159,164,90,28,155,73,99,106,136,115,152,2,170,172,86,76,133,85,104,17,8,16,56,21,108,192,40,15,9,33,154,122,179,195,185,127,96,171,141,98,114,64,79,177,27,88,5,186,199,83,59,129,24,95,149,165,62,120,3,169,191,135,146];False
1774;7199;8973;[34,4,144,70,19,87,121,178,102,132,130,84,77,112,93,147,66,157,103,105,74,188,168,31,142,117,167,61,45,138,41,49,78,128,42,57,197,125,145,126,143,160,91,1,150,124,180,196,36,46,140,92,82,23,189,47,175,12,22,26,176,193,109,20,67,166,38,139,63,118,48,194,29,198,174,184,35,161,32,72,163,25,51,50,190,10,0,113,156,71,44,65,37,94,173,18,131,110,81,153,101,100,30,134,148,11,97,58,158,43,7,182,62,68,123,6,137,60,54,151,119,187,39,107,55,14,13,111,52,89,75,80,116,162,53,183,69,159,164,90,28,155,73,99,106,136,115,152,2,170,172,86,76,133,85,104,17,8,16,56,21,108,192,40,15,9,33,154,122,179,195,185,127,96,171,141,98,114,64,79,177,27,88,5,186,199,83,59,129,24,95,149,165,181,120,3,169,191,135,146];True
1967;7107;9074;[34,4,144,70,19,87,121,178,102,132,130,84,77,112,93,147,66,157,103,105,74,188,168,31,142,117,167,61,45,138,41,49,78,128,42,57,197,125,145,126,143,160,91,1,150,124,180,196,36,46,140,92,82,23,189,195,175,12,22,26,176,193,109,20,67,166,38,139,63,118,48,194,29,198,174,184,35,161,32,72,163,25,51,50,190,10,39,113,156,71,44,65,37,94,173,18,131,110,81,153,80,100,30,134,119,11,97,58,158,43,187,111,181,68,123,6,137,60,54,151,148,7,0,107,55,14,13,101,52,89,75,182,116,162,53,183,69,159,164,90,28,155,73,99,106,136,115,2,152,170,172,86,76,133,85,104,17,8,16,56,21,108,192,40,15,9,33,154,122,179,27,185,127,96,171,141,98,114,64,79,177,47,88,5,186,199,83,59,129,24,95,149,165,62,120,3,169,191,135,146];False
2068;7082;9150;[34,4,144,70,19,87,121,178,102,132,130,84,77,112,93,147,66,157,103,105,74,188,168,31,142,117,167,61,45,138,41,49,78,128,42,57,197,125,145,126,143,160,91,1,150,124,180,196,36,46,140,92,82,23,189,195,175,12,22,26,176,193,109,20,67,166,38,139,63,118,48,194,29,198,174,184,35,161,32,72,163,25,51,50,190,10,0,113,156,71,44,65,37,94,173,18,131,110,81,153,80,100,30,134,119,11,97,58,158,43,187,111,181,68,123,6,137,60,54,151,148,83,39,107,55,14,13,101,52,89,75,182,116,162,53,183,69,159,164,90,28,155,73,99,106,136,115,2,152,170,172,86,76,133,85,104,17,8,16,56,21,108,192,40,15,9,33,154,122,179,27,185,127,96,171,141,98,114,64,79,177,47,88,5,186,199,7,59,129,24,95,149,165,62,120,3,169,191,135,146];False
2008;7094;9102;[34,4,144,70,19,87,121,178,102,132,130,84,77,112,93,147,66,157,103,105,74,188,168,31,142,117,167,61,45,138,41,49,78,128,42,57,197,125,145,126,143,160,91,1,150,124,180,196,36,46,140,92,82,23,189,195,175,12,22,26,176,193,109,20,67,166,38,139,63,118,48,194,29,198,174,184,35,161,32,72,163,25,51,50,190,10,0,113,156,71,44,65,37,94,173,18,131,110,81,153,80,100,30,134,119,11,97,58,158,43,187,111,181,68,123,6,137,60,54,151,148,7,170,107,55,14,13,101,52,89,75,182,116,162,53,183,69,159,164,90,28,155,73,99,106,136,115,2,152,39,172,86,76,133,85,104,17,8,16,56,21,108,192,40,15,9,33,154,122,179,27,185,127,96,171,141,98,114,64,79,177,47,88,5,186,199,83,59,129,24,95,149,165,62,120,3,169,191,135,146];False
2188;7060;9248;[34,4,144,70,19,87,121,178,102,132,130,84,77,112,93,147,66,157,103,105,74,188,168,31,142,117,113,61,45,138,41,49,78,128,42,57,197,125,145,126,20,160,91,1,150,124,180,196,36,46,140,92,143,23,189,195,175,12,22,26,176,193,109,82,67,166,38,139,63,118,48,194,29,198,174,16,35,161,32,72,163,25,51,50,190,10,0,167,156,71,44,65,37,94,173,18,131,110,81,153,80,100,30,134,119,11,97,58,158,43,7,101,181,68,123,6,137,60,54,151,148,187,39,107,55,14,13,111,52,89,75,182,116,162,53,183,69,159,164,90,28,155,73,99,106,136,115,2,152,170,172,86,76,133,85,104,17,8,184,56,21,108,192,40,15,9,33,154,122,179,27,185,127,96,171,141,98,114,64,79,177,47,88,5,186,199,83,59,129,24,95,149,165,62,120,3,169,191,135,146];False
2165;7063;9228;[34,4,144,70,19,87,121,178,102,132,130,84,77,112,93,147,66,157,103,105,74,188,168,31,142,117,113,61,45,138,41,49,78,128,42,57,197,125,145,126,20,160,91,1,150,124,180,196,36,46,140,92,143,23,189,195,175,12,22,26,176,193,109,82,67,166,38,139,63,118,48,194,29,198,174,184,35,161,32,72,163,25,51,50,190,10,0,167,156,71,44,65,37,94,173,18,131,110,81,153,80,100,30,134,119,11,97,58,158,43,7,101,181,68,123,6,137,60,54,151,199,187,39,107,55,14,13,111,52,89,75,182,116,162,53,183,69,159,164,90,28,155,73,99,106,136,115,2,152,170,172,86,76,133,85,104,17,8,16,56,21,108,192,40,15,9,33,154,122,179,27,185,127,96,171,141,98,114,64,79,177,47,88,5,186,148,83,59,129,24,95,149,165,62,120,3,169,191,135,146];False
2123;7076;9199;[34,4,144,70,19,87,121,178,102,132,130,84,77,52,93,147,66,157,103,105,74,188,168,31,142,117,113,61,45,138,41,49,78,128,42,57,197,125,145,126,20,160,91,1,150,124,180,196,36,46,140,92,143,23,189,195,175,12,22,26,176,193,109,82,67,166,38,139,63,118,48,194,29,198,174,184,35,161,32,72,163,25,51,50,190,10,0,167,156,71,44,65,37,94,173,18,131,110,81,153,80,100,30,134,119,11,97,58,158,43,7,101,181,68,123,6,137,60,54,151,148,187,39,107,55,14,13,111,112,89,75,182,116,162,53,183,69,159,164,90,28,155,73,99,106,136,115,2,152,170,172,86,76,133,85,104,17,8,16,56,21,108,192,40,15,9,33,154,122,179,27,185,127,96,171,141,98,114,64,79,177,47,88,5,186,199,83,59,129,24,95,149,165,62,120,3,169,191,135,146];False
2155;7072;9227;[34,4,144,70,19,87,121,178,102,132,130,84,77,112,93,184,66,157,103,105,74,188,168,31,142,117,113,61,45,138,41,49,78,128,42,57,197,125,145,126,20,160,91,1,150,124,180,196,36,46,140,92,143,23,189,195,175,12,22,26,176,193,109,82,67,166,38,139,63,118,48,194,29,198,174,147,35,161,32,72,163,25,51,50,190,10,0,167,156,71,44,65,37,94,173,18,131,110,81,153,80,100,30,134,119,11,97,58,158,43,7,101,181,68,123,6,137,60,54,151,148,187,39,107,55,14,13,111,52,89,75,182,116,162,53,183,69,159,164,90,28,155,73,99,106,136,115,2,152,170,172,86,76,133,85,104,17,8,16,56,21,108,192,40,15,9,33,154,122,179,27,185,127,96,171,141,98,114,64,79,177,47,88,5,186,199,83,59,129,24,95,149,165,62,120,3,169,191,135,146];False
2042;7085;9127;[34,4,144,70,19,87,121,178,102,132,130,84,77,112,93,147,66,157,103,105,74,188,168,31,142,117,167,61,45,138,41,49,78,128,42,57,197,125,145,126,20,160,91,1,150,124,180,196,36,46,140,92,143,23,189,195,175,12,22,26,176,193,109,82,67,166,38,139,63,118,48,194,29,198,174,184,35,161,32,72,163,25,51,50,190,10,0,113,156,71,44,65,37,94,173,18,131,110,81,153,80,100,30,134,119,11,97,58,158,43,7,101,181,68,123,6,137,60,54,151,148,187,39,107,55,14,13,111,52,89,75,182,116,162,53,183,69,159,164,90,28,155,73,99,106,136,115,2,152,170,172,86,76,133,85,104,17,8,16,56,21,108,192,40,15,9,33,154,122,179,27,185,127,96,171,141,98,114,64,79,177,47,88,5,186,199,83,59,129,24,95,149,165,62,120,3,169,191,135,146];False
2066;7084;9150;[34,4,144,70,19,87,121,178,102,132,130,84,77,112,93,147,66,157,103,105,74,188,168,31,142,117,113,61,45,65,41,49,78,128,42,57,197,125,145,126,20,160,91,1,150,124,180,196,36,46,140,92,143,23,189,195,175,12,22,26,176,193,109,82,67,166,38,139,63,118,48,194,29,198,174,184,35,161,32,72,163,25,51,50,190,10,0,167,156,71,44,138,37,94,173,18,131,110,81,153,80,100,30,134,119,11,97,58,158,43,7,101,181,68,123,6,137,60,54,151,148,187,39,107,55,14,13,111,52,89,75,182,116,162,53,183,69,159,164,90,28,155,73,99,106,136,115,2,152,170,172,86,76,133,85,104,17,8,16,56,21,108,192,40,15,9,33,154,122,179,27,185,127,96,171,141,98,114,64,79,177,47,88,5,186,199,83,59,129,24,95,149,165,62,120,3,169,191,135,146];False
2110;7078;9188;[34,4,144,70,19,87,121,178,102,132,130,84,77,112,93,147,66,157,103,105,74,188,168,31,142,117,113,61,45,138,41,49,78,60,42,57,197,125,145,126,20,160,91,1,150,124,180,196,36,46,140,92,143,23,189,195,175,12,22,26,176,193,109,82,67,166,38,139,63,118,48,194,29,198,174,184,35,161,32,72,163,25,51,50,190,10,0,167,156,71,44,65,37,94,173,18,131,110,81,153,80,100,30,134,119,11,97,58,158,43,7,101,181,68,123,6,137,128,54,151,148,187,39,107,55,14,13,111,52,89,75,182,116,162,53,183,69,159,164,90,28,155,73,99,106,136,115,2,152,170,172,86,76,133,85,104,17,8,16,56,21,108,192,40,15,9,33,154,122,179,27,185,127,96,171,141,98,114,64,79,177,47,88,5,186,199,83,59,129,24,95,149,165,62,120,3,169,191,135,146];False
2139;7069;9208;[34,4,144,70,19,87,121,178,102,132,130,84,77,112,93,147,66,157,103,105,74,188,168,31,142,117,113,61,45,138,41,49,78,128,42,57,197,125,145,126,20,160,91,1,150,156,180,196,36,46,140,92,143,23,189,195,175,12,22,26,176,193,109,82,67,166,38,139,63,118,48,194,29,198,174,184,35,161,32,72,163,25,51,50,190,10,0,167,124,71,44,65,37,94,173,18,131,110,81,153,80,100,30,134,119,11,97,58,158,43,7,101,181,68,123,6,137,60,54,151,148,187,39,107,55,14,13,111,52,89,75,182,116,162,53,183,69,159,164,90,28,155,73,99,106,136,115,2,152,170,172,86,76,133,85,104,17,8,16,56,21,108,192,40,15,9,33,154,122,179,27,185,127,96,171,141,98,114,64,79,177,47,88,5,186,199,83,59,129,24,95,149,165,62,120,3,169,191,135,146];False
2027;7090;9117;[34,4,144,70,19,87,121,178,102,132,130,84,77,112,93,147,66,157,103,105,74,188,168,31,142,117,113,61,45,138,41,49,78,128,42,57,197,125,145,126,20,160,91,1,150,124,180,196,36,46,140,92,143,23,189,195,175,12,22,26,176,193,109,82,67,166,38,139,63,118,48,194,29,198,174,184,35,161,32,72,163,25,51,50,190,10,0,167,156,71,44,65,37,94,173,18,131,110,81,153,80,100,30,134,148,11,97,58,158,43,7,101,181,68,123,6,137,60,54,151,119,187,39,107,55,14,13,111,52,89,75,182,116,162,53,183,69,159,164,90,28,155,73,99,106,136,115,2,152,170,172,86,76,133,85,104,17,8,16,56,21,108,192,40,15,9,33,154,122,179,27,185,127,96,171,141,98,114,64,79,177,47,88,5,186,199,83,59,129,24,95,149,165,62,120,3,169,191,135,146];False
2125;7072;9197;[34,4,144,70,19,87,121,178,102,132,130,84,77,112,93,147,66,157,103,105,74,188,168,31,142,117,113,61,45,138,41,49,78,128,42,57,197,125,145,126,20,160,91,1,150,124,180,196,36,46,140,92,143,23,189,195,175,12,22,26,176,193,109,82,67,166,38,139,63,118,48,194,29,198,174,184,35,161,32,72,163,25,51,50,190,10,0,167,156,71,44,65,37,94,173,18,131,110,81,153,80,100,30,134,119,11,97,58,158,43,187,101,181,68,123,6,137,60,54,151,148,7,39,107,55,14,13,111,52,89,75,182,116,162,53,183,69,159,164,90,28,155,73,99,106,136,115,2,152,170,172,86,76,133,85,104,17,8,16,56,21,108,192,40,15,9,33,154,122,179,27,185,127,96,171,141,98,114,64,79,177,47,88,5,186,199,83,59,129,24,95,149,165,62,120,3,169,191,135,146];False
2138;7068;9206;[34,4,144,70,19,87,121,178,102,132,130,84,77,112,93,147,66,157,103,105,74,188,168,31,142,117,113,61,45,138,41,49,78,128,42,57,197,125,145,126,20,160,91,1,150,124,180,196,36,46,140,92,143,23,189,195,175,12,22,26,176,193,109,82,67,166,38,139,63,118,48,194,29,198,174,184,35,161,32,72,163,25,51,50,190,10,0,167,156,71,44,65,37,94,173,18,131,110,81,153,80,100,30,134,119,11,97,58,158,43,7,101,181,68,123,6,137,86,54,151,148,187,39,107,55,14,13,111,52,89,75,182,116,162,53,183,69,159,164,90,28,155,73,99,106,136,115,2,152,170,172,60,76,133,85,104,17,8,16,56,21,108,192,40,15,9,33,154,122,179,27,185,127,96,171,141,98,114,64,79,177,47,88,5,186,199,83,59,129,24,95,149,165,62,120,3,169,191,135,146];False
2041;7086;9127;[34,4,144,70,19,87,121,178,102,132,130,84,77,112,93,147,66,157,103,105,74,188,168,31,142,117,113,61,45,138,41,49,78,128,42,57,197,125,145,126,20,160,91,1,150,124,180,196,36,46,140,92,143,23,189,195,175,12,22,26,176,193,109,82,67,166,38,139,63,118,48,194,29,198,174,184,35,161,32,72,163,25,51,50,190,10,0,167,156,71,44,65,37,94,173,18,131,110,81,153,80,100,30,134,119,11,97,58,158,43,7,101,181,68,123,6,137,60,54,151,148,187,39,107,55,14,13,111,52,89,75,182,116,162,53,183,69,159,164,90,28,155,73,99,106,136,115,152,2,170,172,86,76,133,85,104,17,8,16,56,21,108,192,40,15,9,33,154,122,179,27,185,127,96,171,141,98,114,64,79,177,47,88,5,186,199,83,59,129,24,95,149,165,62,120,3,169,191,135,146];False
2136;7068;9204;[34,4,144,70,19,87,121,178,102,132,130,84,77,112,93,147,66,157,103,105,74,188,168,31,142,117,113,61,45,138,41,49,78,128,42,57,197,125,145,126,20,160,91,1,150,124,180,196,36,46,140,92,143,23,189,195,175,12,22,26,176,193,109,82,67,166,38,139,63,118,48,194,29,198,174,184,35,161,32,72,163,25,51,50,190,10,0,167,156,71,44,65,37,94,173,18,131,110,81,153,80,100,30,134,119,11,97,58,158,43,7,101,181,68,123,6,137,60,54,151,148,187,39,107,55,14,13,111,52,89,75,182,116,162,53,183,69,159,164,90,28,155,73,99,106,136,115,2,152,170,172,86,76,133,85,104,17,8,16,56,21,108,192,40,15,9,33,154,122,177,27,185,127,96,171,141,98,114,64,79,179,47,88,5,186,199,83,59,129,24,95,149,165,62,120,3,169,191,135,146];False
2110;7074;9184;[34,4,144,70,19,87,121,178,102,132,130,84,77,112,93,147,66,157,103,105,74,188,168,31,142,117,113,61,45,138,41,49,78,128,42,57,197,125,145,126,20,160,91,1,150,124,180,196,36,46,140,92,143,23,189,195,175,12,22,26,176,193,109,82,67,166,38,139,63,118,48,194,29,198,174,184,35,161,32,72,163,25,51,50,190,10,0,167,156,71,44,65,37,94,173,18,131,110,81,153,80,100,30,134,119,11,97,58,158,43,7,101,181,68,123,6,137,60,54,151,148,187,39,107,55,14,13,111,52,89,75,182,116,162,53,183,69,159,164,90,28,155,73,99,106,136,115,2,152,170,172,86,76,133,85,104,17,8,16,56,21,108,192,40,15,9,33,154,122,179,47,185,127,96,171,141,98,114,64,79,177,27,88,5,186,199,83,59,129,24,95,149,165,62,120,3,169,191,135,146];False
1796;7190;8986;[34,4,144,70,19,87,121,178,102,132,130,84,77,112,93,147,66,157,103,105,74,188,168,31,142,117,167,61,45,65,41,49,78,128,42,101,197,125,145,126,143,160,91,1,150,124,180,196,36,46,140,92,82,23,189,47,175,12,22,26,176,193,109,20,67,166,38,139,63,118,48,194,29,198,174,184,35,161,32,72,163,25,51,50,190,10,57,113,156,71,44,138,37,94,173,18,131,110,81,153,80,100,30,134,148,11,97,58,158,43,7,0,62,68,123,6,137,60,54,151,119,187,39,107,55,14,13,111,52,89,75,182,116,162,53,183,69,159,164,90,28,155,73,99,106,136,115,152,2,170,172,86,76,133,85,104,17,8,16,56,21,108,192,40,15,9,33,154,122,179,195,185,127,96,171,141,98,114,64,79,177,27,88,5,186,199,83,59,129,24,95,149,165,181,120,3,169,191,135,146];True
1755;7251;9006;[146,4,144,70,19,87,121,178,102,132,130,84,77,112,93,147,66,157,103,105,74,188,168,31,142,117,167,61,45,138,41,49,78,128,42,57,197,125,145,126,143,160,91,1,150,124,180,196,36,46,140,92,82,23,189,47,175,12,22,26,176,193,109,20,67,166,38,139,63,118,48,194,29,198,174,184,35,161,32,72,163,25,51,50,190,10,0,113,156,71,44,65,37,94,173,18,131,110,81,153,101,100,30,134,148,11,97,58,158,43,7,182,62,68,123,6,137,60,54,151,119,187,39,107,55,14,13,111,52,89,75,80,116,162,53,183,69,159,164,90,28,155,73,99,106,136,115,152,2,170,172,86,76,133,85,104,17,8,16,56,21,108,192,40,15,9,33,154,122,179,195,185,127,96,171,141,98,114,64,79,177,27,88,5,186,199,83,59,129,24,95,149,165,181,120,3,169,191,135,34];False
1773;7239;9012;[34,4,144,70,49,87,121,178,102,132,130,84,77,112,93,147,66,157,103,105,74,188,168,31,142,117,167,61,45,138,41,19,78,128,42,57,197,125,145,126,143,160,91,1,150,124,180,196,36,46,140,92,82,23,189,47,175,12,22,26,176,193,109,20,67,166,38,139,63,118,48,194,29,198,174,184,35,161,32,72,163,25,51,50,190,10,0,113,156,71,44,65,37,94,173,18,131,110,81,153,101,100,30,134,148,11,97,58,158,43,7,182,62,68,123,6,137,60,54,151,119,187,39,107,55,14,13,111,52,89,75,80,116,162,53,183,69,159,164,90,28,155,73,99,106,136,115,152,2,170,172,86,76,133,85,104,17,8,16,56,21,108,192,40,15,9,33,154,122,179,195,185,127,96,171,141,98,114,64,79,177,27,88,5,186,199,83,59,129,24,95,149,165,181,120,3,169,191,135,146];False
1770;7237;9007;[34,4,144,70,194,87,121,178,102,132,130,84,77,112,93,147,66,157,103,105,74,188,168,31,142,117,167,61,45,138,41,49,78,128,42,57,197,125,145,126,143,160,91,1,150,124,180,196,36,46,140,92,82,23,189,47,175,12,22,26,176,193,109,20,67,166,38,139,63,118,48,19,29,198,174,184,35,161,32,72,163,25,51,50,190,10,0,113,156,71,44,65,37,94,173,18,131,110,81,153,101,100,30,134,148,11,97,58,158,43,7,182,62,68,123,6,137,60,54,151,119,187,39,107,55,14,13,111,52,89,75,80,116,162,53,183,69,159,164,90,28,155,73,99,106,136,115,152,2,170,172,86,76,133,85,104,17,8,16,56,21,108,192,40,15,9,33,154,122,179,195,185,127,96,171,141,98,114,64,79,177,27,88,5,186,199,83,59,129,24,95,149,165,181,120,3,169,191,135,146];False
1754;7234;8988;[34,4,144,70,19,87,121,178,102,115,130,84,77,112,93,147,66,157,103,105,74,188,168,31,142,117,167,61,45,138,41,49,78,128,42,57,197,125,145,126,143,160,91,1,150,124,180,196,36,46,140,92,82,23,189,47,175,12,22,26,176,193,109,20,67,166,38,139,63,118,48,194,29,198,174,184,35,161,32,72,163,25,51,50,190,10,0,113,156,71,44,65,37,94,173,18,131,110,81,153,101,100,30,134,148,11,97,58,158,43,7,182,62,68,123,6,137,60,54,151,119,187,39,107,55,14,13,111,52,89,75,80,116,162,53,183,69,159,164,90,28,155,73,99,106,136,132,152,2,170,172,86,76,133,85,104,17,8,16,56,21,108,192,40,15,9,33,154,122,179,195,185,127,96,171,141,98,114,64,79,177,27,88,5,186,199,83,59,129,24,95,149,165,181,120,3,169,191,135,146];False
1748;7232;8980;[34,4,144,70,19,87,121,178,102,132,130,84,77,112,150,147,66,157,103,105,74,188,168,31,142,117,167,61,45,138,41,49,78,128,42,57,197,125,145,126,143,160,91,1,93,124,180,196,36,46,140,92,82,23,189,47,175,12,22,26,176,193,109,20,67,166,38,139,63,118,48,194,29,198,174,184,35,161,32,72,163,25,51,50,190,10,0,113,156,71,44,65,37,94,173,18,131,110,81,153,101,100,30,134,148,11,97,58,158,43,7,182,62,68,123,6,137,60,54,151,119,187,39,107,55,14,13,111,52,89,75,80,116,162,53,183,69,159,164,90,28,155,73,99,106,136,115,152,2,170,172,86,76,133,85,104,17,8,16,56,21,108,192,40,15,9,33,154,122,179,195,185,127,96,171,141,98,114,64,79,177,27,88,5,186,199,83,59,129,24,95,149,165,181,120,3,169,191,135,146];False
1764;7224;8988;[34,4,144,70,19,87,121,178,102,132,130,84,77,112,2,147,66,157,103,105,74,188,168,31,142,117,167,61,45,138,41,49,78,128,42,57,197,125,145,126,143,160,91,1,150,124,180,196,36,46,140,92,82,23,189,47,175,12,22,26,176,193,109,20,67,166,38,139,63,118,48,194,29,198,174,184,35,161,32,72,163,25,51,50,190,10,0,113,156,71,44,65,37,94,173,18,131,110,81,153,101,100,30,134,148,11,97,58,158,43,7,182,62,68,123,6,137,60,54,151,119,187,39,107,55,14,13,111,52,89,75,80,116,162,53,183,69,159,164,90,28,155,73,99,106,136,115,152,93,170,172,86,76,133,85,104,17,8,16,56,21,108,192,40,15,9,33,154,122,179,195,185,127,96,171,141,98,114,64,79,177,27,88,5,186,199,83,59,129,24,95,149,165,181,120,3,169,191,135,146];False
1769;7204;8973;[34,4,144,70,19,87,121,178,102,132,130,84,77,112,93,147,66,157,103,105,74,188,168,31,142,117,167,61,45,65,41,49,78,128,42,57,197,125,145,126,143,160,91,1,150,124,180,196,36,46,140,92,82,23,189,47,175,12,22,26,176,193,109,20,67,166,38,139,63,118,48,194,29,198,174,184,35,161,32,72,163,25,51,50,190,10,0,113,156,71,44,138,37,94,173,18,131,110,81,153,101,100,30,134,148,11,97,58,158,43,7,182,62,68,123,6,137,60,54,151,119,187,39,107,55,14,13,111,52,89,75,80,116,162,53,183,69,159,164,90,28,155,73,99,106,136,115,152,2,170,172,86,76,133,85,104,17,8,16,56,21,108,192,40,15,9,33,154,122,179,195,185,127,96,171,141,98,114,64,79,177,27,88,5,186,199,83,59,129,24,95,149,165,181,120,3,169,191,135,146];True
1766;7212;8978;[34,4,144,70,19,87,121,178,102,132,130,84,77,112,93,147,66,157,103,105,74,188,168,31,142,117,167,61,45,138,41,49,78,128,42,57,197,125,145,126,143,160,91,1,150,124,180,196,36,46,140,92,82,23,189,47,182,12,22,26,176,193,109,20,67,166,38,139,63,118,48,194,29,198,174,184,35,161,32,72,163,25,51,50,190,10,0,113,156,71,44,65,37,94,173,18,131,110,81,153,101,100,30,134,148,11,97,58,158,43,7,175,62,68,123,6,137,60,54,151,119,187,39,107,55,14,13,111,52,89,75,80,116,162,53,183,69,159,164,90,28,155,73,99,106,136,115,152,2,170,172,86,76,133,85,104,17,8,16,56,21,108,192,40,15,9,33,154,122,179,195,185,127,96,171,141,98,114,64,79,177,27,88,5,186,199,83,59,129,24,95,149,165,181,120,3,169,191,135,146];True
1762;7219;8981;[34,4,144,70,19,87,121,178,102,132,130,84,77,112,93,147,66,157,103,105,74,188,168,31,142,117,167,61,45,138,41,49,78,128,42,57,197,125,145,126,143,160,91,1,150,124,180,196,36,46,140,92,82,23,189,47,175,12,22,26,176,193,109,20,67,166,38,139,63,118,48,194,29,198,174,184,35,88,32,72,163,25,51,50,190,10,0,113,156,71,44,65,37,94,173,18,131,110,81,153,101,100,30,134,148,11,97,58,158,43,7,182,62,68,123,6,137,60,54,151,119,187,39,107,55,14,13,111,52,89,75,80,116,162,53,183,69,159,164,90,28,155,73,99,106,136,115,152,2,170,172,86,76,133,85,104,17,8,16,56,21,108,192,40,15,9,33,154,122,179,195,185,127,96,171,141,98,114,64,79,177,27,161,5,186,199,83,59,129,24,95,149,165,181,120,3,169,191,135,146];False
1749;7217;8966;[34,4,144,70,19,87,121,178,102,132,130,84,77,112,93,147,66,157,103,105,74,188,168,31,142,117,167,61,45,138,41,49,78,128,42,57,197,125,145,126,143,160,91,1,150,124,180,196,36,46,140,92,82,23,189,47,175,12,22,26,176,193,109,20,67,166,38,139,63,118,48,194,29,198,174,184,35,161,32,72,163,25,51,50,190,10,182,113,156,71,44,65,37,94,173,18,131,110,81,153,101,100,30,134,148,11,97,58,158,43,7,0,62,68,123,6,137,60,54,151,119,187,39,107,55,14,13,111,52,89,75,80,116,162,53,183,69,159,164,90,28,155,73,99,106,136,115,152,2,170,172,86,76,133,85,104,17,8,16,56,21,108,192,40,15,9,33,154,122,179,195,185,127,96,171,141,98,114,64,79,177,27,88,5,186,199,83,59,129,24,95,149,165,181,120,3,169,191,135,146];True
1737;7228;8965;[34,4,144,70,19,87,121,178,102,132,130,84,77,112,93,147,66,157,103,105,74,188,168,31,142,117,167,61,45,138,41,49,78,128,42,57,197,125,145,126,143,160,91,1,150,124,180,196,36,46,140,92,82,23,189,47,175,12,22,26,176,193,109,20,67,166,38,139,63,118,48,194,29,198,174,184,35,161,32,72,163,25,51,50,190,10,0,113,156,116,44,65,37,94,173,18,131,110,81,153,101,100,30,134,148,11,97,58,158,43,7,182,62,68,123,6,137,60,54,151,119,187,39,107,55,14,13,111,52,89,75,80,71,162,53,183,69,159,164,90,28,155,73,99,106,136,115,152,2,170,172,86,76,133,85,104,17,8,16,56,21,108,192,40,15,9,33,154,122,179,195,185,127,96,171,141,98,114,64,79,177,27,88,5,186,199,83,59,129,24,95,149,165,181,120,3,169,191,135,146];True
1937;7114;9051;[34,4,144,70,19,87,121,178,102,132,130,84,77,112,93,147,66,157,103,105,74,188,168,31,142,117,167,61,45,138,41,49,78,128,42,57,197,125,145,126,143,160,91,1,150,124,180,196,36,46,140,92,82,23,189,195,175,12,22,26,176,193,109,20,67,166,38,139,63,118,48,194,29,198,174,184,35,161,32,72,163,25,51,50,190,10,39,113,156,71,44,65,37,94,173,18,131,110,81,153,80,100,30,134,119,11,97,58,158,43,187,111,181,68,123,6,137,60,54,151,148,7,0,107,55,14,13,101,52,89,75,182,116,162,53,183,69,159,164,90,28,155,73,99,106,136,115,152,2,170,172,86,76,133,85,104,17,8,16,56,21,108,192,40,15,9,33,154,122,179,27,185,127,96,171,141,98,114,64,79,177,47,88,5,186,199,83,59,129,24,95,149,165,62,120,3,169,191,135,146];False
2097;7076;9173;[34,4,144,70,19,87,121,178,102,132,130,84,77,112,93,147,66,157,103,105,74,188,168,31,142,117,113,61,45,138,41,49,78,128,42,57,197,125,145,126,143,160,91,1,150,124,180,196,36,46,140,92,82,23,189,195,175,12,22,26,176,193,109,20,67,166,38,139,63,118,48,194,29,198,174,184,35,161,32,72,163,25,51,50,190,10,0,167,156,71,44,65,37,94,173,18,131,110,81,153,80,100,30,134,119,11,97,58,158,43,187,111,181,68,123,6,137,60,54,151,148,83,39,107,55,14,13,101,52,89,75,182,116,162,53,183,69,159,164,90,28,155,73,99,106,136,115,2,152,170,172,86,76,133,85,104,17,8,16,56,21,108,192,40,15,9,33,154,122,179,27,185,127,96,171,141,98,114,64,79,177,47,88,5,186,199,7,59,129,24,95,149,165,62,120,3,169,191,135,146];False
2135;7071;9206;[34,4,144,70,19,87,121,178,102,132,130,84,77,112,93,147,66,157,103,105,74,188,168,31,142,117,167,61,45,138,41,49,78,128,42,57,197,125,145,126,143,160,91,1,150,124,180,196,36,46,140,92,82,23,189,195,175,12,22,26,176,193,109,20,67,166,38,139,63,118,48,194,29,198,174,184,35,161,32,72,163,25,51,50,190,10,0,113,156,71,44,65,37,94,173,18,131,110,81,153,80,100,30,134,119,11,97,58,158,43,187,111,181,68,123,6,137,86,54,151,148,83,39,107,55,14,13,101,52,89,75,182,116,162,53,183,69,159,164,90,28,155,73,99,106,136,115,2,152,170,172,60,76,133,85,104,17,8,16,56,21,108,192,40,15,9,33,154,122,179,27,185,127,96,171,141,98,114,64,79,177,47,88,5,186,199,7,59,129,24,95,149,165,62,120,3,169,191,135,146];False
2038;7089;9127;[34,4,144,70,19,87,121,178,102,132,130,84,77,112,93,147,66,157,103,105,74,188,168,31,142,117,167,61,45,138,41,49,78,128,42,57,197,125,145,126,143,160,91,1,150,124,180,196,36,46,140,92,82,23,189,195,175,12,22,26,176,193,109,20,67,166,38,139,63,118,48,194,29,198,174,184,35,161,32,72,163,25,51,50,190,10,0,113,156,71,44,65,37,94,173,18,131,110,81,153,80,100,30,134,119,11,97,58,158,43,187,111,181,68,123,6,137,60,54,151,148,83,39,107,55,14,13,101,52,89,75,182,116,162,53,183,69,159,164,90,28,155,73,99,106,136,115,152,2,170,172,86,76,133,85,104,17,8,16,56,21,108,192,40,15,9,33,154,122,179,27,185,127,96,171,141,98,114,64,79,177,47,88,5,186,199,7,59,129,24,95,149,165,62,120,3,169,191,135,146];False
2133;7071;9204;[34,4,144,70,19,87,121,178,102,132,130,84,77,112,93,147,66,157,103,105,74,188,168,31,142,117,167,61,45,138,41,49,78,128,42,57,197,125,145,126,143,160,91,1,150,124,180,196,36,46,140,92,82,23,189,195,175,12,22,26,176,193,109,20,67,166,38,139,63,118,48,194,29,198,174,184,35,161,32,72,163,25,51,50,190,10,0,113,156,71,44,65,37,94,173,18,131,110,81,153,80,100,30,134,119,11,97,58,158,43,187,111,181,68,123,6,137,60,54,151,148,83,39,107,55,14,13,101,52,89,75,182,116,162,53,183,69,159,164,90,28,155,73,99,106,136,115,2,152,170,172,86,76,133,85,104,17,8,16,56,21,108,192,40,15,9,33,154,122,177,27,185,127,96,171,141,98,114,64,79,179,47,88,5,186,199,7,59,129,24,95,149,165,62,120,3,169,191,135,146];False
2037;7088;9125;[34,4,144,70,19,87,121,178,102,132,130,84,77,112,93,147,66,157,103,105,74,188,168,31,142,117,113,61,45,138,41,49,78,128,42,57,197,125,145,126,143,160,91,1,150,124,180,196,36,46,140,92,82,23,189,195,175,12,22,26,176,193,109,20,67,166,38,139,63,118,48,194,29,198,174,184,35,161,32,72,163,25,51,50,190,10,0,167,156,71,44,65,37,94,173,18,131,110,81,153,80,100,30,134,119,11,97,58,158,43,187,111,181,68,123,6,137,60,54,151,148,7,170,107,55,14,13,101,52,89,75,182,116,162,53,183,69,159,164,90,28,155,73,99,106,136,115,2,152,39,172,86,76,133,85,104,17,8,16,56,21,108,192,40,15,9,33,154,122,179,27,185,127,96,171,141,98,114,64,79,177,47,88,5,186,199,83,59,129,24,95,149,165,62,120,3,169,191,135,146];False
2003;7099;9102;[34,4,144,70,19,87,121,178,102,132,130,84,77,112,93,147,66,157,103,105,74,188,168,31,142,117,167,61,45,65,41,49,78,128,42,57,197,125,145,126,143,160,91,1,150,124,180,196,36,46,140,92,82,23,189,195,175,12,22,26,176,193,109,20,67,166,38,139,63,118,48,194,29,198,174,184,35,161,32,72,163,25,51,50,190,10,0,113,156,71,44,138,37,94,173,18,131,110,81,153,80,100,30,134,119,11,97,58,158,43,187,111,181,68,123,6,137,60,54,151,148,7,170,107,55,14,13,101,52,89,75,182,116,162,53,183,69,159,164,90,28,155,73,99,106,136,115,2,152,39,172,86,76,133,85,104,17,8,16,56,21,108,192,40,15,9,33,154,122,179,27,185,127,96,171,141,98,114,64,79,177,47,88,5,186,199,83,59,129,24,95,149,165,62,120,3,169,191,135,146];False
1953;7106;9059;[34,4,144,70,19,87,121,178,102,132,130,84,77,112,93,147,66,157,103,105,74,188,168,31,142,117,167,61,45,138,41,49,78,128,42,57,197,125,145,126,143,160,91,1,150,124,180,196,36,46,140,92,82,23,189,195,175,12,22,26,176,193,109,20,67,166,38,139,63,118,48,194,29,198,174,184,35,161,32,72,163,25,51,50,190,10,0,113,156,71,44,65,37,94,173,18,131,110,81,153,80,100,30,134,119,11,97,58,158,43,172,111,181,68,123,6,137,60,54,151,148,7,170,107,55,14,13,101,52,89,75,182,116,162,53,183,69,159,164,90,28,155,73,99,106,136,115,2,152,39,187,86,76,133,85,104,17,8,16,56,21,108,192,40,15,9,33,154,122,179,27,185,127,96,171,141,98,114,64,79,177,47,88,5,186,199,83,59,129,24,95,149,165,62,120,3,169,191,135,146];False
1996;7099;9095;[34,4,144,70,19,87,121,178,102,132,130,84,77,112,93,147,66,157,103,105,74,188,168,31,142,117,167,61,45,138,41,49,78,128,42,57,197,125,145,126,143,160,91,1,150,124,180,196,36,46,140,92,82,23,189,195,175,12,22,26,176,193,109,20,67,166,38,139,63,118,48,194,29,198,174,184,35,161,32,72,163,25,51,50,190,10,0,113,156,71,44,65,37,94,173,18,131,110,81,153,80,100,30,134,119,11,97,58,158,43,187,111,181,68,123,6,137,60,54,151,148,170,7,107,55,14,13,101,52,89,75,182,116,162,53,183,69,159,164,90,28,155,73,99,106,136,115,2,152,39,172,86,76,133,85,104,17,8,16,56,21,108,192,40,15,9,33,154,122,179,27,185,127,96,171,141,98,114,64,79,177,47,88,5,186,199,83,59,129,24,95,149,165,62,120,3,169,191,135,146];False
1987;7100;9087;[34,4,144,70,19,87,121,178,102,132,130,84,77,112,93,147,66,157,103,105,74,188,168,31,142,117,167,61,45,138,41,49,78,128,42,57,197,125,145,126,143,160,91,1,150,124,180,196,36,46,140,92,82,23,189,195,175,12,22,26,176,193,109,20,67,166,38,139,63,118,48,194,29,198,174,184,35,161,32,72,163,25,51,50,190,10,0,113,156,71,44,65,37,94,173,18,131,110,81,153,80,100,30,134,119,11,97,58,158,43,187,111,181,68,123,6,137,60,54,151,148,7,170,107,55,14,13,101,52,89,75,182,116,162,53,183,69,159,164,90,28,155,73,99,106,136,115,2,152,172,39,86,76,133,85,104,17,8,16,56,21,108,192,40,15,9,33,154,122,179,27,185,127,96,171,141,98,114,64,79,177,47,88,5,186,199,83,59,129,24,95,149,165,62,120,3,169,191,135,146];False
2159;7066;9225;[34,4,144,70,19,87,121,178,102,132,130,84,77,112,93,147,66,157,103,105,74,188,168,31,142,117,167,61,45,138,41,49,78,128,42,57,197,125,145,126,20,160,91,1,150,124,180,196,36,46,140,92,143,23,189,195,175,12,22,26,176,193,109,82,67,166,38,139,63,118,48,194,29,198,174,16,35,161,32,72,163,25,51,50,190,10,0,113,156,71,44,65,37,94,173,18,131,110,81,153,80,100,30,134,119,11,97,58,158,43,7,101,181,68,123,6,137,60,54,151,148,187,39,107,55,14,13,111,52,89,75,182,116,162,53,183,69,159,164,90,28,155,73,99,106,136,115,2,152,170,172,86,76,133,85,104,17,8,184,56,21,108,192,40,15,9,33,154,122,179,27,185,127,96,171,141,98,114,64,79,177,47,88,5,186,199,83,59,129,24,95,149,165,62,120,3,169,191,135,146];False
2158;7067;9225;[34,4,144,70,19,87,121,178,102,132,130,84,77,112,93,147,66,157,103,105,74,188,168,31,142,117,113,61,45,138,41,49,78,128,42,57,197,125,145,126,20,160,91,1,150,124,180,196,36,46,140,92,143,23,189,195,175,12,22,26,176,193,109,82,67,166,38,139,63,118,48,194,29,198,174,16,35,161,32,72,163,25,51,50,190,10,0,167,156,71,44,65,37,94,173,18,131,110,81,153,80,100,30,134,119,11,97,58,158,43,7,101,181,68,123,6,137,60,54,151,148,187,39,107,55,14,13,111,52,89,75,182,116,162,53,183,69,159,164,90,28,155,73,99,106,136,115,152,2,170,172,86,76,133,85,104,17,8,184,56,21,108,192,40,15,9,33,154,122,179,27,185,127,96,171,141,98,114,64,79,177,47,88,5,186,199,83,59,129,24,95,149,165,62,120,3,169,191,135,146];False
2135;7070;9205;[34,4,144,70,19,87,121,178,102,132,130,84,77,112,93,147,66,157,103,105,74,188,168,31,142,117,113,61,45,138,41,49,78,128,42,57,197,125,145,126,20,160,91,1,150,124,180,196,36,46,140,92,143,23,189,195,175,12,22,26,176,193,109,82,67,166,38,139,63,118,48,194,29,198,174,184,35,161,32,72,163,25,51,50,190,10,0,167,156,71,44,65,37,94,173,18,131,110,81,153,80,100,30,134,119,11,97,58,158,43,7,101,181,68,123,6,137,60,54,151,199,187,39,107,55,14,13,111,52,89,75,182,116,162,53,183,69,159,164,90,28,155,73,99,106,136,115,152,2,170,172,86,76,133,85,104,17,8,16,56,21,108,192,40,15,9,33,154,122,179,27,185,127,96,171,141,98,114,64,79,177,47,88,5,186,148,83,59,129,24,95,149,165,62,120,3,169,191,135,146];False
1998;7096;9094;[34,4,144,70,19,87,121,178,102,132,130,84,77,112,93,147,66,157,103,105,74,188,168,31,142,117,167,61,45,138,41,49,78,128,42,57,197,125,145,126,20,160,91,1,150,124,180,196,36,46,140,92,143,23,189,195,175,12,22,26,176,193,109,82,67,166,38,139,63,118,48,194,29,198,174,184,35,161,32,72,163,25,51,50,190,10,0,113,156,71,44,65,37,94,173,18,131,110,81,153,80,100,30,134,148,11,97,58,158,43,7,101,181,68,123,6,137,60,54,151,119,187,39,107,55,14,13,111,52,89,75,182,116,162,53,183,69,159,164,90,28,155,73,99,106,136,115,2,152,170,172,86,76,133,85,104,17,8,16,56,21,108,192,40,15,9,33,154,122,179,27,185,127,96,171,141,98,114,64,79,177,47,88,5,186,199,83,59,129,24,95,149,165,62,120,3,169,191,135,146];False
2096;7078;9174;[34,4,144,70,19,87,121,178,102,132,130,84,77,112,93,147,66,157,103,105,74,188,168,31,142,117,167,61,45,138,41,49,78,128,42,57,197,125,145,126,20,160,91,1,150,124,180,196,36,46,140,92,143,23,189,195,175,12,22,26,176,193,109,82,67,166,38,139,63,118,48,194,29,198,174,184,35,161,32,72,163,25,51,50,190,10,0,113,156,71,44,65,37,94,173,18,131,110,81,153,80,100,30,134,119,11,97,58,158,43,187,101,181,68,123,6,137,60,54,151,148,7,39,107,55,14,13,111,52,89,75,182,116,162,53,183,69,159,164,90,28,155,73,99,106,136,115,2,152,170,172,86,76,133,85,104,17,8,16,56,21,108,192,40,15,9,33,154,122,179,27,185,127,96,171,141,98,114,64,79,177,47,88,5,186,199,83,59,129,24,95,149,165,62,120,3,169,191,135,146];False
2109;7074;9183;[34,4,144,70,19,87,121,178,102,132,130,84,77,112,93,147,66,157,103,105,74,188,168,31,142,117,167,61,45,138,41,49,78,128,42,57,197,125,145,126,20,160,91,1,150,124,180,196,36,46,140,92,143,23,189,195,175,12,22,26,176,193,109,82,67,166,38,139,63,118,48,194,29,198,174,184,35,161,32,72,163,25,51,50,190,10,0,113,156,71,44,65,37,94,173,18,131,110,81,153,80,100,30,134,119,11,97,58,158,43,7,101,181,68,123,6,137,86,54,151,148,187,39,107,55,14,13,111,52,89,75,182,116,162,53,183,69,159,164,90,28,155,73,99,106,136,115,2,152,170,172,60,76,133,85,104,17,8,16,56,21,108,192,40,15,9,33,154,122,179,27,185,127,96,171,141,98,114,64,79,177,47,88,5,186,199,83,59,129,24,95,149,165,62,120,3,169,191,135,146];False
2012;7092;9104;[34,4,144,70,19,87,121,178,102,132,130,84,77,112,93,147,66,157,103,105,74,188,168,31,142,117,167,61,45,138,41,49,78,128,42,57,197,125,145,126,20,160,91,1,150,124,180,196,36,46,140,92,143,23,189,195,175,12,22,26,176,193,109,82,67,166,38,139,63,118,48,194,29,198,174,184,35,161,32,72,163,25,51,50,190,10,0,113,156,71,44,65,37,94,173,18,131,110,81,153,80,100,30,134,119,11,97,58,158,43,7,101,181,68,123,6,137,60,54,151,148,187,39,107,55,14,13,111,52,89,75,182,116,162,53,183,69,159,164,90,28,155,73,99,106,136,115,152,2,170,172,86,76,133,85,104,17,8,16,56,21,108,192,40,15,9,33,154,122,179,27,185,127,96,171,141,98,114,64,79,177,47,88,5,186,199,83,59,129,24,95,149,165,62,120,3,169,191,135,146];False
2107;7074;9181;[34,4,144,70,19,87,121,178,102,132,130,84,77,112,93,147,66,157,103,105,74,188,168,31,142,117,167,61,45,138,41,49,78,128,42,57,197,125,145,126,20,160,91,1,150,124,180,196,36,46,140,92,143,23,189,195,175,12,22,26,176,193,109,82,67,166,38,139,63,118,48,194,29,198,174,184,35,161,32,72,163,25,51,50,190,10,0,113,156,71,44,65,37,94,173,18,131,110,81,153,80,100,30,134,119,11,97,58,158,43,7,101,181,68,123,6,137,60,54,151,148,187,39,107,55,14,13,111,52,89,75,182,116,162,53,183,69,159,164,90,28,155,73,99,106,136,115,2,152,170,172,86,76,133,85,104,17,8,16,56,21,108,192,40,15,9,33,154,122,177,27,185,127,96,171,141,98,114,64,79,179,47,88,5,186,199,83,59,129,24,95,149,165,62,120,3,169,191,135,146];False
1997;7097;9094;[34,4,144,70,19,87,121,178,102,132,130,84,77,112,93,147,66,157,103,105,74,188,168,31,142,117,113,61,45,138,41,49,78,128,42,57,197,125,145,126,20,160,91,1,150,124,180,196,36,46,140,92,143,23,189,195,175,12,22,26,176,193,109,82,67,166,38,139,63,118,48,194,29,198,174,184,35,161,32,72,163,25,51,50,190,10,0,167,156,71,44,65,37,94,173,18,131,110,81,153,80,100,30,134,148,11,97,58,158,43,7,101,181,68,123,6,137,60,54,151,119,187,39,107,55,14,13,111,52,89,75,182,116,162,53,183,69,159,164,90,28,155,73,99,106,136,115,152,2,170,172,86,76,133,85,104,17,8,16,56,21,108,192,40,15,9,33,154,122,179,27,185,127,96,171,141,98,114,64,79,177,47,88,5,186,199,83,59,129,24,95,149,165,62,120,3,169,191,135,146];False
2176;7062;9238;[34,4,144,70,19,87,121,178,102,132,130,84,77,112,93,147,66,157,103,105,74,188,168,31,142,117,113,61,45,138,41,49,78,101,42,57,197,125,145,126,20,160,91,1,150,124,180,196,36,46,140,92,143,23,189,195,175,12,22,26,176,193,109,82,67,166,38,139,63,118,48,194,29,198,174,184,35,161,32,72,163,25,51,50,190,10,0,167,156,71,44,65,37,94,173,18,131,110,81,153,80,100,30,134,119,11,97,58,158,43,187,128,181,68,123,6,137,60,54,151,148,7,39,107,55,14,13,111,52,89,75,182,116,162,53,183,69,159,164,90,28,155,73,99,106,136,115,2,152,170,172,86,76,133,85,104,17,8,16,56,21,108,192,40,15,9,33,154,122,179,27,185,127,96,171,141,98,114,64,79,177,47,88,5,186,199,83,59,129,24,95,149,165,62,120,3,169,191,135,146];False
2123;7072;9195;[34,4,144,70,19,87,121,178,102,132,130,84,77,112,93,147,66,157,103,105,74,188,168,31,142,117,113,61,45,138,41,49,78,128,42,57,197,125,145,126,20,160,91,1,150,124,180,196,36,46,140,92,143,23,189,195,175,12,22,26,176,193,109,82,67,166,38,139,63,118,48,194,29,198,174,184,35,161,32,72,163,25,51,50,190,10,0,167,156,71,44,65,37,94,173,18,131,110,81,153,80,100,30,134,119,11,97,58,158,43,187,111,181,68,123,6,137,60,54,151,148,7,39,107,55,14,13,101,52,89,75,182,116,162,53,183,69,159,164,90,28,155,73,99,106,136,115,2,152,170,172,86,76,133,85,104,17,8,16,56,21,108,192,40,15,9,33,154,122,179,27,185,127,96,171,141,98,114,64,79,177,47,88,5,186,199,83,59,129,24,95,149,165,62,120,3,169,191,135,146];False
2106;7075;9181;[34,4,144,70,19,87,121,178,102,132,130,84,77,112,93,147,66,157,103,105,74,188,168,31,142,117,113,61,45,138,41,49,78,128,42,57,197,125,145,126,20,160,91,1,150,124,180,196,36,46,140,92,143,23,189,195,175,12,22,26,176,193,109,82,67,166,38,139,63,118,48,194,29,198,174,184,35,161,32,72,163,25,51,50,190,10,0,167,156,71,44,65,37,94,173,18,131,110,81,153,80,100,30,134,119,11,97,58,158,43,7,101,181,68,123,6,137,60,54,151,148,187,39,107,55,14,13,111,52,89,75,182,116,162,53,183,69,159,164,90,28,155,73,99,106,136,115,152,2,170,172,86,76,133,85,104,17,8,16,56,21,108,192,40,15,9,33,154,122,177,27,185,127,96,171,141,98,114,64,79,179,47,88,5,186,199,83,59,129,24,95,149,165,62,120,3,169,191,135,146];False
2203;7057;9260;[34,4,144,70,19,87,121,178,102,132,130,84,77,112,93,147,66,157,103,105,74,188,168,31,142,117,113,61,45,138,41,49,78,128,42,57,197,125,145,126,20,160,91,1,150,124,180,196,36,46,140,92,143,23,189,195,175,12,22,26,176,193,109,82,67,166,38,139,63,118,48,194,29,198,174,184,35,161,32,72,163,25,51,50,190,10,0,167,156,71,44,65,37,94,173,18,131,110,81,153,80,100,30,134,119,11,97,58,158,43,7,101,181,68,123,6,137,86,54,151,148,187,39,107,55,14,13,111,52,89,75,182,116,162,53,183,69,159,164,90,28,155,73,99,106,136,115,2,152,170,172,60,76,133,85,104,17,8,16,56,21,108,192,40,15,9,33,154,122,177,27,185,127,96,171,141,98,114,64,79,179,47,88,5,186,199,83,59,129,24,95,149,165,62,120,3,169,191,135,146];False
1744;7222;8966;[34,4,144,70,19,87,121,178,102,132,130,84,77,112,93,147,66,157,103,105,74,188,168,31,142,117,167,61,45,65,41,49,78,128,42,57,197,125,145,126,143,160,91,1,150,124,180,196,36,46,140,92,82,23,189,47,175,12,22,26,176,193,109,20,67,166,38,139,63,118,48,194,29,198,174,184,35,161,32,72,163,25,51,50,190,10,182,113,156,71,44,138,37,94,173,18,131,110,81,153,101,100,30,134,148,11,97,58,158,43,7,0,62,68,123,6,137,60,54,151,119,187,39,107,55,14,13,111,52,89,75,80,116,162,53,183,69,159,164,90,28,155,73,99,106,136,115,152,2,170,172,86,76,133,85,104,17,8,16,56,21,108,192,40,15,9,33,154,122,179,195,185,127,96,171,141,98,114,64,79,177,27,88,5,186,199,83,59,129,24,95,149,165,181,120,3,169,191,135,146];True
1732;7233;8965;[34,4,144,70,19,87,121,178,102,132,130,84,77,112,93,147,66,157,103,105,74,188,168,31,142,117,167,61,45,65,41,49,78,128,42,57,197,125,145,126,143,160,91,1,150,124,180,196,36,46,140,92,82,23,189,47,175,12,22,26,176,193,109,20,67,166,38,139,63,118,48,194,29,198,174,184,35,161,32,72,163,25,51,50,190,10,0,113,156,116,44,138,37,94,173,18,131,110,81,153,101,100,30,134,148,11,97,58,158,43,7,182,62,68,123,6,137,60,54,151,119,187,39,107,55,14,13,111,52,89,75,80,71,162,53,183,69,159,164,90,28,155,73,99,106,136,115,152,2,170,172,86,76,133,85,104,17,8,16,56,21,108,192,40,15,9,33,154,122,179,195,185,127,96,171,141,98,114,64,79,177,27,88,5,186,199,83,59,129,24,95,149,165,181,120,3,169,191,135,146];True
1729;7241;8970;[34,4,144,70,19,87,121,178,102,132,130,84,77,112,93,147,66,157,103,105,74,188,168,31,142,117,167,61,45,138,41,49,78,128,42,57,197,125,145,126,143,160,91,1,150,124,180,196,36,46,140,92,82,23,189,47,182,12,22,26,176,193,109,20,67,166,38,139,63,118,48,194,29,198,174,184,35,161,32,72,163,25,51,50,190,10,0,113,156,116,44,65,37,94,173,18,131,110,81,153,101,100,30,134,148,11,97,58,158,43,7,175,62,68,123,6,137,60,54,151,119,187,39,107,55,14,13,111,52,89,75,80,71,162,53,183,69,159,164,90,28,155,73,99,106,136,115,152,2,170,172,86,76,133,85,104,17,8,16,56,21,108,192,40,15,9,33,154,122,179,195,185,127,96,171,141,98,114,64,79,177,27,88,5,186,199,83,59,129,24,95,149,165,181,120,3,169,191,135,146];False
1723;7250;8973;[34,4,144,70,19,87,121,178,102,132,130,84,77,112,150,147,66,157,103,105,74,188,168,31,142,117,167,61,45,138,41,49,78,128,42,57,197,125,145,126,143,160,91,1,93,124,180,196,36,46,140,92,82,23,189,47,175,12,22,26,176,193,109,20,67,166,38,139,63,118,48,194,29,198,174,184,35,161,32,72,163,25,51,50,190,10,182,113,156,71,44,65,37,94,173,18,131,110,81,153,101,100,30,134,148,11,97,58,158,43,7,0,62,68,123,6,137,60,54,151,119,187,39,107,55,14,13,111,52,89,75,80,116,162,53,183,69,159,164,90,28,155,73,99,106,136,115,152,2,170,172,86,76,133,85,104,17,8,16,56,21,108,192,40,15,9,33,154,122,179,195,185,127,96,171,141,98,114,64,79,177,27,88,5,186,199,83,59,129,24,95,149,165,181,120,3,169,191,135,146];False
1712;7246;8958;[34,4,144,70,19,87,121,178,102,132,130,84,77,112,93,147,66,157,103,105,74,188,168,31,142,117,167,61,45,138,41,49,78,128,42,57,197,125,145,126,143,160,91,1,150,124,180,196,36,46,140,92,82,23,189,47,175,12,22,26,176,193,109,20,67,166,38,139,63,118,48,194,29,198,174,184,35,161,32,72,163,25,51,50,190,10,182,113,156,116,44,65,37,94,173,18,131,110,81,153,101,100,30,134,148,11,97,58,158,43,7,0,62,68,123,6,137,60,54,151,119,187,39,107,55,14,13,111,52,89,75,80,71,162,53,183,69,159,164,90,28,155,73,99,106,136,115,152,2,170,172,86,76,133,85,104,17,8,16,56,21,108,192,40,15,9,33,154,122,179,195,185,127,96,171,141,98,114,64,79,177,27,88,5,186,199,83,59,129,24,95,149,165,181,120,3,169,191,135,146];True
1711;7261;8972;[34,4,144,70,19,87,121,178,102,132,130,84,77,112,150,147,66,157,103,105,74,188,168,31,142,117,167,61,45,138,41,49,78,128,42,57,197,125,145,126,143,160,91,1,93,124,180,196,36,46,140,92,82,23,189,47,175,12,22,26,176,193,109,20,67,166,38,139,63,118,48,194,29,198,174,184,35,161,32,72,163,25,51,50,190,10,0,113,156,116,44,65,37,94,173,18,131,110,81,153,101,100,30,134,148,11,97,58,158,43,7,182,62,68,123,6,137,60,54,151,119,187,39,107,55,14,13,111,52,89,75,80,71,162,53,183,69,159,164,90,28,155,73,99,106,136,115,152,2,170,172,86,76,133,85,104,17,8,16,56,21,108,192,40,15,9,33,154,122,179,195,185,127,96,171,141,98,114,64,79,177,27,88,5,186,199,83,59,129,24,95,149,165,181,120,3,169,191,135,146];False
2164;7065;9229;[34,4,144,70,19,87,121,178,102,132,130,84,77,112,93,147,66,157,103,105,74,188,168,31,142,117,113,61,45,138,41,49,78,128,42,57,197,125,145,126,143,160,91,1,150,124,180,196,36,46,140,92,82,23,189,195,175,12,22,26,176,193,109,20,67,166,38,139,63,118,48,194,29,198,174,184,35,161,32,72,163,25,51,50,190,10,0,167,156,71,44,65,37,94,173,18,131,110,81,153,80,100,30,134,119,11,97,58,158,43,187,111,181,68,123,6,137,86,54,151,148,83,39,107,55,14,13,101,52,89,75,182,116,162,53,183,69,159,164,90,28,155,73,99,106,136,115,2,152,170,172,60,76,133,85,104,17,8,16,56,21,108,192,40,15,9,33,154,122,179,27,185,127,96,171,141,98,114,64,79,177,47,88,5,186,199,7,59,129,24,95,149,165,62,120,3,169,191,135,146];False
2067;7083;9150;[34,4,144,70,19,87,121,178,102,132,130,84,77,112,93,147,66,157,103,105,74,188,168,31,142,117,113,61,45,138,41,49,78,128,42,57,197,125,145,126,143,160,91,1,150,124,180,196,36,46,140,92,82,23,189,195,175,12,22,26,176,193,109,20,67,166,38,139,63,118,48,194,29,198,174,184,35,161,32,72,163,25,51,50,190,10,0,167,156,71,44,65,37,94,173,18,131,110,81,153,80,100,30,134,119,11,97,58,158,43,187,111,181,68,123,6,137,60,54,151,148,83,39,107,55,14,13,101,52,89,75,182,116,162,53,183,69,159,164,90,28,155,73,99,106,136,115,152,2,170,172,86,76,133,85,104,17,8,16,56,21,108,192,40,15,9,33,154,122,179,27,185,127,96,171,141,98,114,64,79,177,47,88,5,186,199,7,59,129,24,95,149,165,62,120,3,169,191,135,146];False
2162;7065;9227;[34,4,144,70,19,87,121,178,102,132,130,84,77,112,93,147,66,157,103,105,74,188,168,31,142,117,113,61,45,138,41,49,78,128,42,57,197,125,145,126,143,160,91,1,150,124,180,196,36,46,140,92,82,23,189,195,175,12,22,26,176,193,109,20,67,166,38,139,63,118,48,194,29,198,174,184,35,161,32,72,163,25,51,50,190,10,0,167,156,71,44,65,37,94,173,18,131,110,81,153,80,100,30,134,119,11,97,58,158,43,187,111,181,68,123,6,137,60,54,151,148,83,39,107,55,14,13,101,52,89,75,182,116,162,53,183,69,159,164,90,28,155,73,99,106,136,115,2,152,170,172,86,76,133,85,104,17,8,16,56,21,108,192,40,15,9,33,154,122,177,27,185,127,96,171,141,98,114,64,79,179,47,88,5,186,199,7,59,129,24,95,149,165,62,120,3,169,191,135,146];False
1982;7100;9082;[34,4,144,70,19,87,121,178,102,132,130,84,77,112,93,147,66,157,103,105,74,188,168,31,142,117,113,61,45,138,41,49,78,128,42,57,197,125,145,126,143,160,91,1,150,124,180,196,36,46,140,92,82,23,189,195,175,12,22,26,176,193,109,20,67,166,38,139,63,118,48,194,29,198,174,184,35,161,32,72,163,25,51,50,190,10,0,167,156,71,44,65,37,94,173,18,131,110,81,153,80,100,30,134,119,11,97,58,158,43,172,111,181,68,123,6,137,60,54,151,148,7,170,107,55,14,13,101,52,89,75,182,116,162,53,183,69,159,164,90,28,155,73,99,106,136,115,2,152,39,187,86,76,133,85,104,17,8,16,56,21,108,192,40,15,9,33,154,122,179,27,185,127,96,171,141,98,114,64,79,177,47,88,5,186,199,83,59,129,24,95,149,165,62,120,3,169,191,135,146];False
1948;7111;9059;[34,4,144,70,19,87,121,178,102,132,130,84,77,112,93,147,66,157,103,105,74,188,168,31,142,117,167,61,45,65,41,49,78,128,42,57,197,125,145,126,143,160,91,1,150,124,180,196,36,46,140,92,82,23,189,195,175,12,22,26,176,193,109,20,67,166,38,139,63,118,48,194,29,198,174,184,35,161,32,72,163,25,51,50,190,10,0,113,156,71,44,138,37,94,173,18,131,110,81,153,80,100,30,134,119,11,97,58,158,43,172,111,181,68,123,6,137,60,54,151,148,7,170,107,55,14,13,101,52,89,75,182,116,162,53,183,69,159,164,90,28,155,73,99,106,136,115,2,152,39,187,86,76,133,85,104,17,8,16,56,21,108,192,40,15,9,33,154,122,179,27,185,127,96,171,141,98,114,64,79,177,47,88,5,186,199,83,59,129,24,95,149,165,62,120,3,169,191,135,146];False
1941;7111;9052;[34,4,144,70,19,87,121,178,102,132,130,84,77,112,93,147,66,157,103,105,74,188,168,31,142,117,167,61,45,138,41,49,78,128,42,57,197,125,145,126,143,160,91,1,150,124,180,196,36,46,140,92,82,23,189,195,175,12,22,26,176,193,109,20,67,166,38,139,63,118,48,194,29,198,174,184,35,161,32,72,163,25,51,50,190,10,0,113,156,71,44,65,37,94,173,18,131,110,81,153,80,100,30,134,119,11,97,58,158,43,172,111,181,68,123,6,137,60,54,151,148,170,7,107,55,14,13,101,52,89,75,182,116,162,53,183,69,159,164,90,28,155,73,99,106,136,115,2,152,39,187,86,76,133,85,104,17,8,16,56,21,108,192,40,15,9,33,154,122,179,27,185,127,96,171,141,98,114,64,79,177,47,88,5,186,199,83,59,129,24,95,149,165,62,120,3,169,191,135,146];False
2040;7087;9127;[34,4,144,70,19,87,121,178,102,132,130,84,77,112,93,147,66,157,103,105,74,188,168,31,142,117,167,61,45,138,41,49,78,128,42,57,197,125,145,126,143,160,91,1,150,124,180,196,36,46,140,92,82,23,189,195,175,12,22,26,176,193,109,20,67,166,38,139,63,118,48,194,29,198,174,184,35,161,32,72,163,25,51,50,190,10,0,113,156,71,44,65,37,94,173,18,131,110,81,153,80,100,30,134,119,11,97,58,158,43,187,111,181,68,123,6,137,60,54,151,199,170,7,107,55,14,13,101,52,89,75,182,116,162,53,183,69,159,164,90,28,155,73,99,106,136,115,2,152,39,172,86,76,133,85,104,17,8,16,56,21,108,192,40,15,9,33,154,122,179,27,185,127,96,171,141,98,114,64,79,177,47,88,5,186,148,83,59,129,24,95,149,165,62,120,3,169,191,135,146];False
1975;7105;9080;[34,4,144,70,19,87,121,178,102,132,130,84,77,112,93,147,66,157,103,105,74,188,168,31,142,117,167,61,45,138,41,49,78,128,42,57,197,125,145,126,143,160,91,1,150,124,180,196,36,46,140,92,82,23,189,195,175,12,22,26,176,193,109,20,67,166,38,139,63,118,48,194,29,198,174,184,35,161,32,72,163,25,51,50,190,10,0,113,156,71,44,65,37,94,173,18,131,110,81,153,80,100,30,134,119,11,97,58,158,43,187,111,181,68,123,6,137,60,54,151,148,170,7,107,55,14,13,101,52,89,75,182,116,162,53,183,69,159,164,90,28,155,73,99,106,136,115,2,152,172,39,86,76,133,85,104,17,8,16,56,21,108,192,40,15,9,33,154,122,179,27,185,127,96,171,141,98,114,64,79,177,47,88,5,186,199,83,59,129,24,95,149,165,62,120,3,169,191,135,146];False
2202;7059;9261;[34,4,144,70,19,87,121,178,102,132,130,84,77,112,93,147,66,157,103,105,74,188,168,31,142,117,113,61,45,138,41,49,78,128,42,57,197,125,145,126,20,160,91,1,150,124,180,196,36,46,140,92,143,23,189,195,175,12,22,26,176,193,109,82,67,166,38,139,63,118,48,194,29,198,174,184,35,161,32,72,163,25,51,50,190,10,0,167,156,71,44,65,37,94,173,18,131,110,81,153,80,100,30,134,119,11,97,58,158,43,7,101,181,68,123,6,137,86,54,151,199,187,39,107,55,14,13,111,52,89,75,182,116,162,53,183,69,159,164,90,28,155,73,99,106,136,115,152,2,170,172,60,76,133,85,104,17,8,16,56,21,108,192,40,15,9,33,154,122,179,27,185,127,96,171,141,98,114,64,79,177,47,88,5,186,148,83,59,129,24,95,149,165,62,120,3,169,191,135,146];False
2200;7059;9259;[34,4,144,70,19,87,121,178,102,132,130,84,77,112,93,147,66,157,103,105,74,188,168,31,142,117,113,61,45,138,41,49,78,128,42,57,197,125,145,126,20,160,91,1,150,124,180,196,36,46,140,92,143,23,189,195,175,12,22,26,176,193,109,82,67,166,38,139,63,118,48,194,29,198,174,184,35,161,32,72,163,25,51,50,190,10,0,167,156,71,44,65,37,94,173,18,131,110,81,153,80,100,30,134,119,11,97,58,158,43,7,101,181,68,123,6,137,60,54,151,199,187,39,107,55,14,13,111,52,89,75,182,116,162,53,183,69,159,164,90,28,155,73,99,106,136,115,152,2,170,172,86,76,133,85,104,17,8,16,56,21,108,192,40,15,9,33,154,122,177,27,185,127,96,171,141,98,114,64,79,179,47,88,5,186,148,83,59,129,24,95,149,165,62,120,3,169,191,135,146];False
1968;7103;9071;[34,4,144,70,19,87,121,178,102,132,130,84,77,112,93,147,66,157,103,105,74,188,168,31,142,117,167,61,45,138,41,49,78,128,42,57,197,125,145,126,20,160,91,1,150,124,180,196,36,46,140,92,143,23,189,195,175,12,22,26,176,193,109,82,67,166,38,139,63,118,48,194,29,198,174,184,35,161,32,72,163,25,51,50,190,10,0,113,156,71,44,65,37,94,173,18,131,110,81,153,80,100,30,134,148,11,97,58,158,43,7,101,181,68,123,6,137,60,54,151,119,187,39,107,55,14,13,111,52,89,75,182,116,162,53,183,69,159,164,90,28,155,73,99,106,136,115,152,2,170,172,86,76,133,85,104,17,8,16,56,21,108,192,40,15,9,33,154,122,179,27,185,127,96,171,141,98,114,64,79,177,47,88,5,186,199,83,59,129,24,95,149,165,62,120,3,169,191,135,146];False
2025;7091;9116;[34,4,144,70,19,87,121,178,102,132,130,84,77,112,93,147,66,157,103,105,74,188,168,31,142,117,167,61,45,138,41,49,78,128,42,57,197,125,145,126,20,160,91,1,150,124,180,196,36,46,140,92,143,23,189,195,175,12,22,26,176,193,109,82,67,166,38,139,63,118,48,194,29,198,174,184,35,161,32,72,163,25,51,50,190,10,39,113,156,71,44,65,37,94,173,18,131,110,81,153,80,100,30,134,119,11,97,58,158,43,187,101,181,68,123,6,137,60,54,151,148,7,0,107,55,14,13,111,52,89,75,182,116,162,53,183,69,159,164,90,28,155,73,99,106,136,115,2,152,170,172,86,76,133,85,104,17,8,16,56,21,108,192,40,15,9,33,154,122,179,27,185,127,96,171,141,98,114,64,79,177,47,88,5,186,199,83,59,129,24,95,149,165,62,120,3,169,191,135,146];False
2094;7078;9172;[34,4,144,70,19,87,121,178,102,132,130,84,77,112,93,147,66,157,103,105,74,188,168,31,142,117,167,61,45,138,41,49,78,128,42,57,197,125,145,126,20,160,91,1,150,124,180,196,36,46,140,92,143,23,189,195,175,12,22,26,176,193,109,82,67,166,38,139,63,118,48,194,29,198,174,184,35,161,32,72,163,25,51,50,190,10,0,113,156,71,44,65,37,94,173,18,131,110,81,153,80,100,30,134,119,11,97,58,158,43,187,111,181,68,123,6,137,60,54,151,148,7,39,107,55,14,13,101,52,89,75,182,116,162,53,183,69,159,164,90,28,155,73,99,106,136,115,2,152,170,172,86,76,133,85,104,17,8,16,56,21,108,192,40,15,9,33,154,122,179,27,185,127,96,171,141,98,114,64,79,177,47,88,5,186,199,83,59,129,24,95,149,165,62,120,3,169,191,135,146];False
2201;7058;9259;[34,4,144,70,19,87,121,178,102,132,130,84,77,112,93,147,66,157,103,105,74,188,168,31,142,117,167,61,45,138,41,49,78,128,42,57,197,125,145,126,20,160,91,1,150,124,180,196,36,46,140,92,143,23,189,195,175,12,22,26,176,193,109,82,67,166,38,139,63,118,48,194,29,198,174,184,35,161,32,72,163,25,51,50,190,10,0,113,156,71,44,65,37,94,173,18,131,110,81,153,80,100,30,134,119,11,97,58,158,43,7,101,181,68,123,6,137,60,54,151,199,187,39,107,55,14,13,111,52,89,75,182,116,162,53,183,69,159,164,90,28,155,73,99,106,136,115,2,152,170,172,86,76,133,85,104,17,8,16,56,21,108,192,40,15,9,33,154,122,177,27,185,127,96,171,141,98,114,64,79,179,47,88,5,186,148,83,59,129,24,95,149,165,62,120,3,169,191,135,146];False
2206;7050;9256;[34,4,144,70,19,87,121,178,102,132,130,84,77,112,93,147,66,157,103,105,74,188,168,31,142,117,113,61,45,138,41,49,78,101,42,57,197,125,145,126,20,160,91,1,150,124,180,196,36,46,140,92,143,23,189,195,175,12,22,26,176,193,109,82,67,166,38,139,63,118,48,194,29,198,174,184,35,161,32,72,163,25,51,50,190,10,0,167,156,71,44,65,37,94,173,18,131,110,81,153,80,100,30,134,119,11,97,58,158,43,187,128,181,68,123,6,137,60,54,151,148,83,39,107,55,14,13,111,52,89,75,182,116,162,53,183,69,159,164,90,28,155,73,99,106,136,115,2,152,170,172,86,76,133,85,104,17,8,16,56,21,108,192,40,15,9,33,154,122,179,27,185,127,96,171,141,98,114,64,79,177,47,88,5,186,199,7,59,129,24,95,149,165,62,120,3,169,191,135,146];False
2146;7062;9208;[34,4,144,70,19,87,121,178,102,132,130,84,77,112,93,147,66,157,103,105,74,188,168,31,142,117,113,61,45,138,41,49,78,101,42,57,197,125,145,126,20,160,91,1,150,124,180,196,36,46,140,92,143,23,189,195,175,12,22,26,176,193,109,82,67,166,38,139,63,118,48,194,29,198,174,184,35,161,32,72,163,25,51,50,190,10,0,167,156,71,44,65,37,94,173,18,131,110,81,153,80,100,30,134,119,11,97,58,158,43,187,128,181,68,123,6,137,60,54,151,148,7,170,107,55,14,13,111,52,89,75,182,116,162,53,183,69,159,164,90,28,155,73,99,106,136,115,2,152,39,172,86,76,133,85,104,17,8,16,56,21,108,192,40,15,9,33,154,122,179,27,185,127,96,171,141,98,114,64,79,177,47,88,5,186,199,83,59,129,24,95,149,165,62,120,3,169,191,135,146];False
2153;7060;9213;[34,4,144,70,19,87,121,178,102,132,130,84,77,112,93,147,66,157,103,105,74,188,168,31,142,117,113,61,45,138,41,49,78,128,42,57,197,125,145,126,20,160,91,1,150,124,180,196,36,46,140,92,143,23,189,195,175,12,22,26,176,193,109,82,67,166,38,139,63,118,48,194,29,198,174,184,35,161,32,72,163,25,51,50,190,10,0,167,156,71,44,65,37,94,173,18,131,110,81,153,80,100,30,134,119,11,97,58,158,43,187,111,181,68,123,6,137,60,54,151,148,83,39,107,55,14,13,101,52,89,75,182,116,162,53,183,69,159,164,90,28,155,73,99,106,136,115,2,152,170,172,86,76,133,85,104,17,8,16,56,21,108,192,40,15,9,33,154,122,179,27,185,127,96,171,141,98,114,64,79,177,47,88,5,186,199,7,59,129,24,95,149,165,62,120,3,169,191,135,146];False
2093;7072;9165;[34,4,144,70,19,87,121,178,102,132,130,84,77,112,93,147,66,157,103,105,74,188,168,31,142,117,113,61,45,138,41,49,78,128,42,57,197,125,145,126,20,160,91,1,150,124,180,196,36,46,140,92,143,23,189,195,175,12,22,26,176,193,109,82,67,166,38,139,63,118,48,194,29,198,174,184,35,161,32,72,163,25,51,50,190,10,0,167,156,71,44,65,37,94,173,18,131,110,81,153,80,100,30,134,119,11,97,58,158,43,187,111,181,68,123,6,137,60,54,151,148,7,170,107,55,14,13,101,52,89,75,182,116,162,53,183,69,159,164,90,28,155,73,99,106,136,115,2,152,39,172,86,76,133,85,104,17,8,16,56,21,108,192,40,15,9,33,154,122,179,27,185,127,96,171,141,98,114,64,79,177,47,88,5,186,199,83,59,129,24,95,149,165,62,120,3,169,191,135,146];False
2152;7056;9208;[34,4,144,70,19,87,121,178,102,132,130,84,77,112,93,147,66,157,103,105,74,188,168,31,142,117,113,61,45,138,41,49,78,128,42,57,197,125,145,126,20,160,91,1,150,124,180,196,36,46,140,92,143,23,189,195,175,12,22,26,176,193,109,82,67,166,38,139,63,118,48,194,29,198,174,184,35,161,32,72,163,25,51,50,190,10,0,167,156,71,44,65,37,94,173,18,131,110,81,153,80,100,30,134,119,11,97,58,158,43,7,101,181,68,123,6,137,86,76,151,148,187,39,107,55,14,13,111,52,89,75,182,116,162,53,183,69,159,164,90,28,155,73,99,106,136,115,2,152,170,172,60,54,133,85,104,17,8,16,56,21,108,192,40,15,9,33,154,122,177,27,185,127,96,171,141,98,114,64,79,179,47,88,5,186,199,83,59,129,24,95,149,165,62,120,3,169,191,135,146];False
1707;7251;8958;[34,4,144,70,19,87,121,178,102,132,130,84,77,112,93,147,66,157,103,105,74,188,168,31,142,117,167,61,45,65,41,49,78,128,42,57,197,125,145,126,143,160,91,1,150,124,180,196,36,46,140,92,82,23,189,47,175,12,22,26,176,193,109,20,67,166,38,139,63,118,48,194,29,198,174,184,35,161,32,72,163,25,51,50,190,10,182,113,156,116,44,138,37,94,173,18,131,110,81,153,101,100,30,134,148,11,97,58,158,43,7,0,62,68,123,6,137,60,54,151,119,187,39,107,55,14,13,111,52,89,75,80,71,162,53,183,69,159,164,90,28,155,73,99,106,136,115,152,2,170,172,86,76,133,85,104,17,8,16,56,21,108,192,40,15,9,33,154,122,179,195,185,127,96,171,141,98,114,64,79,177,27,88,5,186,199,83,59,129,24,95,149,165,181,120,3,169,191,135,146];True
1706;7266;8972;[34,4,144,70,19,87,121,178,102,132,130,84,77,112,150,147,66,157,103,105,74,188,168,31,142,117,167,61,45,65,41,49,78,128,42,57,197,125,145,126,143,160,91,1,93,124,180,196,36,46,140,92,82,23,189,47,175,12,22,26,176,193,109,20,67,166,38,139,63,118,48,194,29,198,174,184,35,161,32,72,163,25,51,50,190,10,0,113,156,116,44,138,37,94,173,18,131,110,81,153,101,100,30,134,148,11,97,58,158,43,7,182,62,68,123,6,137,60,54,151,119,187,39,107,55,14,13,111,52,89,75,80,71,162,53,183,69,159,164,90,28,155,73,99,106,136,115,152,2,170,172,86,76,133,85,104,17,8,16,56,21,108,192,40,15,9,33,154,122,179,195,185,127,96,171,141,98,114,64,79,177,27,88,5,186,199,83,59,129,24,95,149,165,181,120,3,169,191,135,146];False
1703;7274;8977;[34,4,144,70,19,87,121,178,102,132,130,84,77,112,150,147,66,157,103,105,74,188,168,31,142,117,167,61,45,138,41,49,78,128,42,57,197,125,145,126,143,160,91,1,93,124,180,196,36,46,140,92,82,23,189,47,182,12,22,26,176,193,109,20,67,166,38,139,63,118,48,194,29,198,174,184,35,161,32,72,163,25,51,50,190,10,0,113,156,116,44,65,37,94,173,18,131,110,81,153,101,100,30,134,148,11,97,58,158,43,7,175,62,68,123,6,137,60,54,151,119,187,39,107,55,14,13,111,52,89,75,80,71,162,53,183,69,159,164,90,28,155,73,99,106,136,115,152,2,170,172,86,76,133,85,104,17,8,16,56,21,108,192,40,15,9,33,154,122,179,195,185,127,96,171,141,98,114,64,79,177,27,88,5,186,199,83,59,129,24,95,149,165,181,120,3,169,191,135,146];False
1693;7298;8991;[146,4,144,70,19,87,121,178,102,132,130,84,77,112,93,147,66,157,103,105,74,188,168,31,142,117,167,61,45,138,41,49,78,128,42,57,197,125,145,126,143,160,91,1,150,124,180,196,36,46,140,92,82,23,189,47,175,12,22,26,176,193,109,20,67,166,38,139,63,118,48,194,29,198,174,184,35,161,32,72,163,25,51,50,190,10,182,113,156,116,44,65,37,94,173,18,131,110,81,153,101,100,30,134,148,11,97,58,158,43,7,0,62,68,123,6,137,60,54,151,119,187,39,107,55,14,13,111,52,89,75,80,71,162,53,183,69,159,164,90,28,155,73,99,106,136,115,152,2,170,172,86,76,133,85,104,17,8,16,56,21,108,192,40,15,9,33,154,122,179,195,185,127,96,171,141,98,114,64,79,177,27,88,5,186,199,83,59,129,24,95,149,165,181,120,3,169,191,135,34];False
1692;7281;8973;[34,4,144,70,19,87,121,178,102,115,130,84,77,112,93,147,66,157,103,105,74,188,168,31,142,117,167,61,45,138,41,49,78,128,42,57,197,125,145,126,143,160,91,1,150,124,180,196,36,46,140,92,82,23,189,47,175,12,22,26,176,193,109,20,67,166,38,139,63,118,48,194,29,198,174,184,35,161,32,72,163,25,51,50,190,10,182,113,156,116,44,65,37,94,173,18,131,110,81,153,101,100,30,134,148,11,97,58,158,43,7,0,62,68,123,6,137,60,54,151,119,187,39,107,55,14,13,111,52,89,75,80,71,162,53,183,69,159,164,90,28,155,73,99,106,136,132,152,2,170,172,86,76,133,85,104,17,8,16,56,21,108,192,40,15,9,33,154,122,179,195,185,127,96,171,141,98,114,64,79,177,27,88,5,186,199,83,59,129,24,95,149,165,181,120,3,169,191,135,146];False
1686;7279;8965;[34,4,144,70,19,87,121,178,102,132,130,84,77,112,150,147,66,157,103,105,74,188,168,31,142,117,167,61,45,138,41,49,78,128,42,57,197,125,145,126,143,160,91,1,93,124,180,196,36,46,140,92,82,23,189,47,175,12,22,26,176,193,109,20,67,166,38,139,63,118,48,194,29,198,174,184,35,161,32,72,163,25,51,50,190,10,182,113,156,116,44,65,37,94,173,18,131,110,81,153,101,100,30,134,148,11,97,58,158,43,7,0,62,68,123,6,137,60,54,151,119,187,39,107,55,14,13,111,52,89,75,80,71,162,53,183,69,159,164,90,28,155,73,99,106,136,115,152,2,170,172,86,76,133,85,104,17,8,16,56,21,108,192,40,15,9,33,154,122,179,195,185,127,96,171,141,98,114,64,79,177,27,88,5,186,199,83,59,129,24,95,149,165,181,120,3,169,191,135,146];False
1702;7271;8973;[34,4,144,70,19,87,121,178,102,132,130,84,77,112,2,147,66,157,103,105,74,188,168,31,142,117,167,61,45,138,41,49,78,128,42,57,197,125,145,126,143,160,91,1,150,124,180,196,36,46,140,92,82,23,189,47,175,12,22,26,176,193,109,20,67,166,38,139,63,118,48,194,29,198,174,184,35,161,32,72,163,25,51,50,190,10,182,113,156,116,44,65,37,94,173,18,131,110,81,153,101,100,30,134,148,11,97,58,158,43,7,0,62,68,123,6,137,60,54,151,119,187,39,107,55,14,13,111,52,89,75,80,71,162,53,183,69,159,164,90,28,155,73,99,106,136,115,152,93,170,172,86,76,133,85,104,17,8,16,56,21,108,192,40,15,9,33,154,122,179,195,185,127,96,171,141,98,114,64,79,177,27,88,5,186,199,83,59,129,24,95,149,165,181,120,3,169,191,135,146];False
1700;7266;8966;[34,4,144,70,19,87,121,178,102,132,130,84,77,112,93,147,66,157,103,105,74,188,168,31,142,117,167,61,45,138,41,49,78,128,42,57,197,125,145,126,143,160,91,1,150,124,180,196,36,46,140,92,82,23,189,47,175,12,22,26,176,193,109,20,67,166,38,139,63,118,48,194,29,198,174,184,35,88,32,72,163,25,51,50,190,10,182,113,156,116,44,65,37,94,173,18,131,110,81,153,101,100,30,134,148,11,97,58,158,43,7,0,62,68,123,6,137,60,54,151,119,187,39,107,55,14,13,111,52,89,75,80,71,162,53,183,69,159,164,90,28,155,73,99,106,136,115,152,2,170,172,86,76,133,85,104,17,8,16,56,21,108,192,40,15,9,33,154,122,179,195,185,127,96,171,141,98,114,64,79,177,27,161,5,186,199,83,59,129,24,95,149,165,181,120,3,169,191,135,146];True
1936;7116;9052;[34,4,144,70,19,87,121,178,102,132,130,84,77,112,93,147,66,157,103,105,74,188,168,31,142,117,167,61,45,65,41,49,78,128,42,57,197,125,145,126,143,160,91,1,150,124,180,196,36,46,140,92,82,23,189,195,175,12,22,26,176,193,109,20,67,166,38,139,63,118,48,194,29,198,174,184,35,161,32,72,163,25,51,50,190,10,0,113,156,71,44,138,37,94,173,18,131,110,81,153,80,100,30,134,119,11,97,58,158,43,172,111,181,68,123,6,137,60,54,151,148,170,7,107,55,14,13,101,52,89,75,182,116,162,53,183,69,159,164,90,28,155,73,99,106,136,115,2,152,39,187,86,76,133,85,104,17,8,16,56,21,108,192,40,15,9,33,154,122,179,27,185,127,96,171,141,98,114,64,79,177,47,88,5,186,199,83,59,129,24,95,149,165,62,120,3,169,191,135,146];False
1985;7099;9084;[34,4,144,70,19,87,121,178,102,132,130,84,77,112,93,147,66,157,103,105,74,188,168,31,142,117,167,61,45,138,41,49,78,128,42,57,197,125,145,126,143,160,91,1,150,124,180,196,36,46,140,92,82,23,189,195,175,12,22,26,176,193,109,20,67,166,38,139,63,118,48,194,29,198,174,184,35,161,32,72,163,25,51,50,190,10,0,113,156,71,44,65,37,94,173,18,131,110,81,153,80,100,30,134,119,11,97,58,158,43,172,111,181,68,123,6,137,60,54,151,199,170,7,107,55,14,13,101,52,89,75,182,116,162,53,183,69,159,164,90,28,155,73,99,106,136,115,2,152,39,187,86,76,133,85,104,17,8,16,56,21,108,192,40,15,9,33,154,122,179,27,185,127,96,171,141,98,114,64,79,177,47,88,5,186,148,83,59,129,24,95,149,165,62,120,3,169,191,135,146];False
2059;7084;9143;[34,4,144,70,19,39,121,178,102,132,130,84,77,112,93,147,66,157,103,105,74,188,168,31,142,117,167,61,45,138,41,49,78,128,42,57,197,125,145,126,143,160,91,1,150,124,180,196,36,46,140,92,82,23,189,195,175,12,22,26,176,193,109,20,67,166,38,139,63,118,48,194,29,198,174,184,35,161,32,72,163,25,51,50,190,10,0,113,156,71,44,65,37,94,173,18,131,110,81,153,80,100,30,134,119,11,97,58,158,43,187,111,181,68,123,6,137,60,54,151,199,170,7,107,55,14,13,101,52,89,75,182,116,162,53,183,69,159,164,90,28,155,73,99,106,136,115,2,152,87,172,86,76,133,85,104,17,8,16,56,21,108,192,40,15,9,33,154,122,179,27,185,127,96,171,141,98,114,64,79,177,47,88,5,186,148,83,59,129,24,95,149,165,62,120,3,169,191,135,146];False
2069;7081;9150;[34,4,144,70,19,87,121,178,102,132,130,84,77,112,93,147,66,157,103,105,74,188,168,31,142,117,113,61,45,138,41,49,78,128,42,57,197,125,145,126,143,160,91,1,150,124,180,196,36,46,140,92,82,23,189,195,175,12,22,26,176,193,109,20,67,166,38,139,63,118,48,194,29,198,174,184,35,161,32,72,163,25,51,50,190,10,0,167,156,71,44,65,37,94,173,18,131,110,81,153,80,100,30,134,119,11,97,58,158,43,187,111,181,68,123,6,137,60,54,151,199,170,7,107,55,14,13,101,52,89,75,182,116,162,53,183,69,159,164,90,28,155,73,99,106,136,115,2,152,39,172,86,76,133,85,104,17,8,16,56,21,108,192,40,15,9,33,154,122,179,27,185,127,96,171,141,98,114,64,79,177,47,88,5,186,148,83,59,129,24,95,149,165,62,120,3,169,191,135,146];False
2023;7091;9114;[34,4,144,70,19,87,121,178,102,132,130,84,77,112,93,147,66,157,103,105,74,188,168,31,142,117,167,61,45,138,41,49,78,128,42,57,197,125,145,126,20,160,91,1,150,124,180,196,36,46,140,92,143,23,189,195,175,12,22,26,176,193,109,82,67,166,38,139,63,118,48,194,29,198,174,184,35,161,32,72,163,25,51,50,190,10,39,113,156,71,44,65,37,94,173,18,131,110,81,153,80,100,30,134,119,11,97,58,158,43,187,111,181,68,123,6,137,60,54,151,148,7,0,107,55,14,13,101,52,89,75,182,116,162,53,183,69,159,164,90,28,155,73,99,106,136,115,2,152,170,172,86,76,133,85,104,17,8,16,56,21,108,192,40,15,9,33,154,122,179,27,185,127,96,171,141,98,114,64,79,177,47,88,5,186,199,83,59,129,24,95,149,165,62,120,3,169,191,135,146];False
2201;7055;9256;[34,4,144,70,19,87,121,178,102,132,130,84,77,112,93,147,66,157,103,105,74,188,168,31,142,117,113,61,45,65,41,49,78,101,42,57,197,125,145,126,20,160,91,1,150,124,180,196,36,46,140,92,143,23,189,195,175,12,22,26,176,193,109,82,67,166,38,139,63,118,48,194,29,198,174,184,35,161,32,72,163,25,51,50,190,10,0,167,156,71,44,138,37,94,173,18,131,110,81,153,80,100,30,134,119,11,97,58,158,43,187,128,181,68,123,6,137,60,54,151,148,83,39,107,55,14,13,111,52,89,75,182,116,162,53,183,69,159,164,90,28,155,73,99,106,136,115,2,152,170,172,86,76,133,85,104,17,8,16,56,21,108,192,40,15,9,33,154,122,179,27,185,127,96,171,141,98,114,64,79,177,47,88,5,186,199,7,59,129,24,95,149,165,62,120,3,169,191,135,146];False
2117;7068;9185;[34,4,144,70,19,87,121,178,102,132,130,84,77,112,93,147,66,157,103,105,74,188,168,31,142,117,167,61,45,138,41,49,78,101,42,57,197,125,145,126,20,160,91,1,150,124,180,196,36,46,140,92,143,23,189,195,175,12,22,26,176,193,109,82,67,166,38,139,63,118,48,194,29,198,174,184,35,161,32,72,163,25,51,50,190,10,0,113,156,71,44,65,37,94,173,18,131,110,81,153,80,100,30,134,119,11,97,58,158,43,187,128,181,68,123,6,137,60,54,151,148,7,170,107,55,14,13,111,52,89,75,182,116,162,53,183,69,159,164,90,28,155,73,99,106,136,115,2,152,39,172,86,76,133,85,104,17,8,16,56,21,108,192,40,15,9,33,154,122,179,27,185,127,96,171,141,98,114,64,79,177,47,88,5,186,199,83,59,129,24,95,149,165,62,120,3,169,191,135,146];False
2141;7067;9208;[34,4,144,70,19,87,121,178,102,132,130,84,77,112,93,147,66,157,103,105,74,188,168,31,142,117,113,61,45,65,41,49,78,101,42,57,197,125,145,126,20,160,91,1,150,124,180,196,36,46,140,92,143,23,189,195,175,12,22,26,176,193,109,82,67,166,38,139,63,118,48,194,29,198,174,184,35,161,32,72,163,25,51,50,190,10,0,167,156,71,44,138,37,94,173,18,131,110,81,153,80,100,30,134,119,11,97,58,158,43,187,128,181,68,123,6,137,60,54,151,148,7,170,107,55,14,13,111,52,89,75,182,116,162,53,183,69,159,164,90,28,155,73,99,106,136,115,2,152,39,172,86,76,133,85,104,17,8,16,56,21,108,192,40,15,9,33,154,122,179,27,185,127,96,171,141,98,114,64,79,177,47,88,5,186,199,83,59,129,24,95,149,165,62,120,3,169,191,135,146];False
2134;7067;9201;[34,4,144,70,19,87,121,178,102,132,130,84,77,112,93,147,66,157,103,105,74,188,168,31,142,117,113,61,45,138,41,49,78,101,42,57,197,125,145,126,20,160,91,1,150,124,180,196,36,46,140,92,143,23,189,195,175,12,22,26,176,193,109,82,67,166,38,139,63,118,48,194,29,198,174,184,35,161,32,72,163,25,51,50,190,10,0,167,156,71,44,65,37,94,173,18,131,110,81,153,80,100,30,134,119,11,97,58,158,43,187,128,181,68,123,6,137,60,54,151,148,170,7,107,55,14,13,111,52,89,75,182,116,162,53,183,69,159,164,90,28,155,73,99,106,136,115,2,152,39,172,86,76,133,85,104,17,8,16,56,21,108,192,40,15,9,33,154,122,179,27,185,127,96,171,141,98,114,64,79,177,47,88,5,186,199,83,59,129,24,95,149,165,62,120,3,169,191,135,146];False
2112;7069;9181;[34,4,144,70,19,39,121,178,102,132,130,84,77,112,93,147,66,157,103,105,74,188,168,31,142,117,113,61,45,138,41,49,78,128,42,57,197,125,145,126,20,160,91,1,150,124,180,196,36,46,140,92,143,23,189,195,175,12,22,26,176,193,109,82,67,166,38,139,63,118,48,194,29,198,174,184,35,161,32,72,163,25,51,50,190,10,0,167,156,71,44,65,37,94,173,18,131,110,81,153,80,100,30,134,119,11,97,58,158,43,187,111,181,68,123,6,137,60,54,151,148,7,170,107,55,14,13,101,52,89,75,182,116,162,53,183,69,159,164,90,28,155,73,99,106,136,115,2,152,87,172,86,76,133,85,104,17,8,16,56,21,108,192,40,15,9,33,154,122,179,27,185,127,96,171,141,98,114,64,79,177,47,88,5,186,199,83,59,129,24,95,149,165,62,120,3,169,191,135,146];False
2064;7078;9142;[34,4,144,70,19,87,121,178,102,132,130,84,77,112,93,147,66,157,103,105,74,188,168,31,142,117,167,61,45,138,41,49,78,128,42,57,197,125,145,126,20,160,91,1,150,124,180,196,36,46,140,92,143,23,189,195,175,12,22,26,176,193,109,82,67,166,38,139,63,118,48,194,29,198,174,184,35,161,32,72,163,25,51,50,190,10,0,113,156,71,44,65,37,94,173,18,131,110,81,153,80,100,30,134,119,11,97,58,158,43,187,111,181,68,123,6,137,60,54,151,148,7,170,107,55,14,13,101,52,89,75,182,116,162,53,183,69,159,164,90,28,155,73,99,106,136,115,2,152,39,172,86,76,133,85,104,17,8,16,56,21,108,192,40,15,9,33,154,122,179,27,185,127,96,171,141,98,114,64,79,177,47,88,5,186,199,83,59,129,24,95,149,165,62,120,3,169,191,135,146];False
2088;7077;9165;[34,4,144,70,19,87,121,178,102,132,130,84,77,112,93,147,66,157,103,105,74,188,168,31,142,117,113,61,45,65,41,49,78,128,42,57,197,125,145,126,20,160,91,1,150,124,180,196,36,46,140,92,143,23,189,195,175,12,22,26,176,193,109,82,67,166,38,139,63,118,48,194,29,198,174,184,35,161,32,72,163,25,51,50,190,10,0,167,156,71,44,138,37,94,173,18,131,110,81,153,80,100,30,134,119,11,97,58,158,43,187,111,181,68,123,6,137,60,54,151,148,7,170,107,55,14,13,101,52,89,75,182,116,162,53,183,69,159,164,90,28,155,73,99,106,136,115,2,152,39,172,86,76,133,85,104,17,8,16,56,21,108,192,40,15,9,33,154,122,179,27,185,127,96,171,141,98,114,64,79,177,47,88,5,186,199,83,59,129,24,95,149,165,62,120,3,169,191,135,146];False
2038;7084;9122;[34,4,144,70,19,87,121,178,102,132,130,84,77,112,93,147,66,157,103,105,74,188,168,31,142,117,113,61,45,138,41,49,78,128,42,57,197,125,145,126,20,160,91,1,150,124,180,196,36,46,140,92,143,23,189,195,175,12,22,26,176,193,109,82,67,166,38,139,63,118,48,194,29,198,174,184,35,161,32,72,163,25,51,50,190,10,0,167,156,71,44,65,37,94,173,18,131,110,81,153,80,100,30,134,119,11,97,58,158,43,172,111,181,68,123,6,137,60,54,151,148,7,170,107,55,14,13,101,52,89,75,182,116,162,53,183,69,159,164,90,28,155,73,99,106,136,115,2,152,39,187,86,76,133,85,104,17,8,16,56,21,108,192,40,15,9,33,154,122,179,27,185,127,96,171,141,98,114,64,79,177,47,88,5,186,199,83,59,129,24,95,149,165,62,120,3,169,191,135,146];False
2081;7077;9158;[34,4,144,70,19,87,121,178,102,132,130,84,77,112,93,147,66,157,103,105,74,188,168,31,142,117,113,61,45,138,41,49,78,128,42,57,197,125,145,126,20,160,91,1,150,124,180,196,36,46,140,92,143,23,189,195,175,12,22,26,176,193,109,82,67,166,38,139,63,118,48,194,29,198,174,184,35,161,32,72,163,25,51,50,190,10,0,167,156,71,44,65,37,94,173,18,131,110,81,153,80,100,30,134,119,11,97,58,158,43,187,111,181,68,123,6,137,60,54,151,148,170,7,107,55,14,13,101,52,89,75,182,116,162,53,183,69,159,164,90,28,155,73,99,106,136,115,2,152,39,172,86,76,133,85,104,17,8,16,56,21,108,192,40,15,9,33,154,122,179,27,185,127,96,171,141,98,114,64,79,177,47,88,5,186,199,83,59,129,24,95,149,165,62,120,3,169,191,135,146];False
2132;7067;9199;[34,4,144,70,19,87,121,178,102,132,130,84,77,112,93,147,66,157,103,105,74,188,168,31,142,117,113,61,45,138,41,49,78,128,42,57,197,125,145,126,20,160,91,1,150,124,180,196,36,46,140,92,143,23,189,195,175,12,22,26,176,193,109,82,67,166,38,139,63,118,48,194,29,198,174,184,35,161,32,72,163,25,51,50,190,10,0,167,156,71,44,65,37,94,173,18,131,110,81,153,80,100,30,134,119,11,97,58,158,43,187,111,181,68,123,6,137,60,54,151,148,7,170,107,55,14,13,101,52,89,75,182,116,162,53,183,69,159,164,90,28,155,73,99,106,136,115,2,152,39,172,86,76,133,85,104,17,8,16,56,21,108,192,40,15,9,33,154,122,179,47,185,127,96,171,141,98,114,64,79,177,27,88,5,186,199,83,59,129,24,95,149,165,62,120,3,169,191,135,146];False
2204;7053;9257;[34,4,144,70,19,87,121,178,102,132,130,84,77,52,93,147,66,157,103,105,74,188,168,31,142,117,113,61,45,138,41,49,78,128,42,57,197,125,145,126,20,160,91,1,150,124,180,196,36,46,140,92,143,23,189,195,175,12,22,26,176,193,109,82,67,166,38,139,63,118,48,194,29,198,174,184,35,161,32,72,163,25,51,50,190,10,0,167,156,71,44,65,37,94,173,18,131,110,81,153,80,100,30,134,119,11,97,58,158,43,7,101,181,68,123,6,137,86,76,151,148,187,39,107,55,14,13,111,112,89,75,182,116,162,53,183,69,159,164,90,28,155,73,99,106,136,115,2,152,170,172,60,54,133,85,104,17,8,16,56,21,108,192,40,15,9,33,154,122,177,27,185,127,96,171,141,98,114,64,79,179,47,88,5,186,199,83,59,129,24,95,149,165,62,120,3,169,191,135,146];False
2123;7062;9185;[34,4,144,70,19,87,121,178,102,132,130,84,77,112,93,147,66,157,103,105,74,188,168,31,142,117,167,61,45,138,41,49,78,128,42,57,197,125,145,126,20,160,91,1,150,124,180,196,36,46,140,92,143,23,189,195,175,12,22,26,176,193,109,82,67,166,38,139,63,118,48,194,29,198,174,184,35,161,32,72,163,25,51,50,190,10,0,113,156,71,44,65,37,94,173,18,131,110,81,153,80,100,30,134,119,11,97,58,158,43,7,101,181,68,123,6,137,86,76,151,148,187,39,107,55,14,13,111,52,89,75,182,116,162,53,183,69,159,164,90,28,155,73,99,106,136,115,2,152,170,172,60,54,133,85,104,17,8,16,56,21,108,192,40,15,9,33,154,122,177,27,185,127,96,171,141,98,114,64,79,179,47,88,5,186,199,83,59,129,24,95,149,165,62,120,3,169,191,135,146];False
2147;7061;9208;[34,4,144,70,19,87,121,178,102,132,130,84,77,112,93,147,66,157,103,105,74,188,168,31,142,117,113,61,45,65,41,49,78,128,42,57,197,125,145,126,20,160,91,1,150,124,180,196,36,46,140,92,143,23,189,195,175,12,22,26,176,193,109,82,67,166,38,139,63,118,48,194,29,198,174,184,35,161,32,72,163,25,51,50,190,10,0,167,156,71,44,138,37,94,173,18,131,110,81,153,80,100,30,134,119,11,97,58,158,43,7,101,181,68,123,6,137,86,76,151,148,187,39,107,55,14,13,111,52,89,75,182,116,162,53,183,69,159,164,90,28,155,73,99,106,136,115,2,152,170,172,60,54,133,85,104,17,8,16,56,21,108,192,40,15,9,33,154,122,177,27,185,127,96,171,141,98,114,64,79,179,47,88,5,186,199,83,59,129,24,95,149,165,62,120,3,169,191,135,146];False
2220;7046;9266;[34,4,144,70,19,87,121,178,102,132,130,84,77,112,93,147,66,157,103,105,74,188,168,31,142,117,113,61,45,138,41,49,78,128,42,57,197,125,145,126,20,160,91,1,150,156,180,196,36,46,140,92,143,23,189,195,175,12,22,26,176,193,109,82,67,166,38,139,63,118,48,194,29,198,174,184,35,161,32,72,163,25,51,50,190,10,0,167,124,71,44,65,37,94,173,18,131,110,81,153,80,100,30,134,119,11,97,58,158,43,7,101,181,68,123,6,137,86,76,151,148,187,39,107,55,14,13,111,52,89,75,182,116,162,53,183,69,159,164,90,28,155,73,99,106,136,115,2,152,170,172,60,54,133,85,104,17,8,16,56,21,108,192,40,15,9,33,154,122,177,27,185,127,96,171,141,98,114,64,79,179,47,88,5,186,199,83,59,129,24,95,149,165,62,120,3,169,191,135,146];False
2108;7067;9175;[34,4,144,70,19,87,121,178,102,132,130,84,77,112,93,147,66,157,103,105,74,188,168,31,142,117,113,61,45,138,41,49,78,128,42,57,197,125,145,126,20,160,91,1,150,124,180,196,36,46,140,92,143,23,189,195,175,12,22,26,176,193,109,82,67,166,38,139,63,118,48,194,29,198,174,184,35,161,32,72,163,25,51,50,190,10,0,167,156,71,44,65,37,94,173,18,131,110,81,153,80,100,30,134,148,11,97,58,158,43,7,101,181,68,123,6,137,86,76,151,119,187,39,107,55,14,13,111,52,89,75,182,116,162,53,183,69,159,164,90,28,155,73,99,106,136,115,2,152,170,172,60,54,133,85,104,17,8,16,56,21,108,192,40,15,9,33,154,122,177,27,185,127,96,171,141,98,114,64,79,179,47,88,5,186,199,83,59,129,24,95,149,165,62,120,3,169,191,135,146];False
2206;7049;9255;[34,4,144,70,19,87,121,178,102,132,130,84,77,112,93,147,66,157,103,105,74,188,168,31,142,117,113,61,45,138,41,49,78,128,42,57,197,125,145,126,20,160,91,1,150,124,180,196,36,46,140,92,143,23,189,195,175,12,22,26,176,193,109,82,67,166,38,139,63,118,48,194,29,198,174,184,35,161,32,72,163,25,51,50,190,10,0,167,156,71,44,65,37,94,173,18,131,110,81,153,80,100,30,134,119,11,97,58,158,43,187,101,181,68,123,6,137,86,76,151,148,7,39,107,55,14,13,111,52,89,75,182,116,162,53,183,69,159,164,90,28,155,73,99,106,136,115,2,152,170,172,60,54,133,85,104,17,8,16,56,21,108,192,40,15,9,33,154,122,177,27,185,127,96,171,141,98,114,64,79,179,47,88,5,186,199,83,59,129,24,95,149,165,62,120,3,169,191,135,146];False
2200;7055;9255;[34,4,144,70,19,87,121,178,102,132,130,84,77,112,93,147,66,157,103,105,74,188,168,31,142,117,113,61,45,138,41,49,78,128,42,57,197,125,145,126,20,160,91,1,150,124,180,196,36,46,140,92,143,23,189,195,175,12,22,26,176,193,109,82,67,166,38,139,63,118,48,194,29,198,174,184,35,161,32,72,163,25,51,50,190,10,0,167,156,71,44,65,37,94,173,18,131,110,81,153,80,100,30,134,119,11,97,58,158,43,7,101,181,68,123,6,137,86,76,151,148,98,39,107,55,14,13,111,52,89,75,182,116,162,53,183,69,159,164,90,28,155,73,99,106,136,115,2,152,170,172,60,54,133,85,104,17,8,16,56,21,108,192,40,15,9,33,154,122,177,27,185,127,96,171,141,187,114,64,79,179,47,88,5,186,199,83,59,129,24,95,149,165,62,120,3,169,191,135,146];False
2122;7063;9185;[34,4,144,70,19,87,121,178,102,132,130,84,77,112,93,147,66,157,103,105,74,188,168,31,142,117,113,61,45,138,41,49,78,128,42,57,197,125,145,126,20,160,91,1,150,124,180,196,36,46,140,92,143,23,189,195,175,12,22,26,176,193,109,82,67,166,38,139,63,118,48,194,29,198,174,184,35,161,32,72,163,25,51,50,190,10,0,167,156,71,44,65,37,94,173,18,131,110,81,153,80,100,30,134,119,11,97,58,158,43,7,101,181,68,123,6,137,86,76,151,148,187,39,107,55,14,13,111,52,89,75,182,116,162,53,183,69,159,164,90,28,155,73,99,106,136,115,152,2,170,172,60,54,133,85,104,17,8,16,56,21,108,192,40,15,9,33,154,122,177,27,185,127,96,171,141,98,114,64,79,179,47,88,5,186,199,83,59,129,24,95,149,165,62,120,3,169,191,135,146];False
2087;7067;9154;[34,4,144,70,19,87,121,178,102,132,130,84,77,112,93,147,66,157,103,105,74,188,168,31,142,117,113,61,45,138,41,49,78,128,42,57,197,125,145,126,20,160,91,1,150,124,180,196,36,46,140,92,143,23,189,195,175,12,22,26,176,193,109,82,67,166,38,139,63,118,48,194,29,198,174,184,35,161,32,72,163,25,51,50,190,10,0,167,156,71,44,65,37,94,173,18,131,110,81,153,80,100,30,134,119,11,97,58,158,43,7,101,181,68,123,6,137,86,76,151,148,187,39,107,55,14,13,111,52,89,75,182,116,162,53,183,69,159,164,90,28,155,73,99,106,136,115,2,152,170,172,60,54,133,85,104,17,8,16,56,21,108,192,40,15,9,33,154,122,179,27,185,127,96,171,141,98,114,64,79,177,47,88,5,186,199,83,59,129,24,95,149,165,62,120,3,169,191,135,146];False
1681;7284;8965;[34,4,144,70,19,87,121,178,102,132,130,84,77,112,150,147,66,157,103,105,74,188,168,31,142,117,167,61,45,65,41,49,78,128,42,57,197,125,145,126,143,160,91,1,93,124,180,196,36,46,140,92,82,23,189,47,175,12,22,26,176,193,109,20,67,166,38,139,63,118,48,194,29,198,174,184,35,161,32,72,163,25,51,50,190,10,182,113,156,116,44,138,37,94,173,18,131,110,81,153,101,100,30,134,148,11,97,58,158,43,7,0,62,68,123,6,137,60,54,151,119,187,39,107,55,14,13,111,52,89,75,80,71,162,53,183,69,159,164,90,28,155,73,99,106,136,115,152,2,170,172,86,76,133,85,104,17,8,16,56,21,108,192,40,15,9,33,154,122,179,195,185,127,96,171,141,98,114,64,79,177,27,88,5,186,199,83,59,129,24,95,149,165,181,120,3,169,191,135,146];False
1697;7276;8973;[34,4,144,70,19,87,121,178,102,132,130,84,77,112,2,147,66,157,103,105,74,188,168,31,142,117,167,61,45,65,41,49,78,128,42,57,197,125,145,126,143,160,91,1,150,124,180,196,36,46,140,92,82,23,189,47,175,12,22,26,176,193,109,20,67,166,38,139,63,118,48,194,29,198,174,184,35,161,32,72,163,25,51,50,190,10,182,113,156,116,44,138,37,94,173,18,131,110,81,153,101,100,30,134,148,11,97,58,158,43,7,0,62,68,123,6,137,60,54,151,119,187,39,107,55,14,13,111,52,89,75,80,71,162,53,183,69,159,164,90,28,155,73,99,106,136,115,152,93,170,172,86,76,133,85,104,17,8,16,56,21,108,192,40,15,9,33,154,122,179,195,185,127,96,171,141,98,114,64,79,177,27,88,5,186,199,83,59,129,24,95,149,165,181,120,3,169,191,135,146];False
1695;7271;8966;[34,4,144,70,19,87,121,178,102,132,130,84,77,112,93,147,66,157,103,105,74,188,168,31,142,117,167,61,45,65,41,49,78,128,42,57,197,125,145,126,143,160,91,1,150,124,180,196,36,46,140,92,82,23,189,47,175,12,22,26,176,193,109,20,67,166,38,139,63,118,48,194,29,198,174,184,35,88,32,72,163,25,51,50,190,10,182,113,156,116,44,138,37,94,173,18,131,110,81,153,101,100,30,134,148,11,97,58,158,43,7,0,62,68,123,6,137,60,54,151,119,187,39,107,55,14,13,111,52,89,75,80,71,162,53,183,69,159,164,90,28,155,73,99,106,136,115,152,2,170,172,86,76,133,85,104,17,8,16,56,21,108,192,40,15,9,33,154,122,179,195,185,127,96,171,141,98,114,64,79,177,27,161,5,186,199,83,59,129,24,95,149,165,181,120,3,169,191,135,146];False
1667;7331;8998;[146,4,144,70,19,87,121,178,102,132,130,84,77,112,150,147,66,157,103,105,74,188,168,31,142,117,167,61,45,138,41,49,78,128,42,57,197,125,145,126,143,160,91,1,93,124,180,196,36,46,140,92,82,23,189,47,175,12,22,26,176,193,109,20,67,166,38,139,63,118,48,194,29,198,174,184,35,161,32,72,163,25,51,50,190,10,182,113,156,116,44,65,37,94,173,18,131,110,81,153,101,100,30,134,148,11,97,58,158,43,7,0,62,68,123,6,137,60,54,151,119,187,39,107,55,14,13,111,52,89,75,80,71,162,53,183,69,159,164,90,28,155,73,99,106,136,115,152,2,170,172,86,76,133,85,104,17,8,16,56,21,108,192,40,15,9,33,154,122,179,195,185,127,96,171,141,98,114,64,79,177,27,88,5,186,199,83,59,129,24,95,149,165,181,120,3,169,191,135,34];False
1666;7314;8980;[34,4,144,70,19,87,121,178,102,115,130,84,77,112,150,147,66,157,103,105,74,188,168,31,142,117,167,61,45,138,41,49,78,128,42,57,197,125,145,126,143,160,91,1,93,124,180,196,36,46,140,92,82,23,189,47,175,12,22,26,176,193,109,20,67,166,38,139,63,118,48,194,29,198,174,184,35,161,32,72,163,25,51,50,190,10,182,113,156,116,44,65,37,94,173,18,131,110,81,153,101,100,30,134,148,11,97,58,158,43,7,0,62,68,123,6,137,60,54,151,119,187,39,107,55,14,13,111,52,89,75,80,71,162,53,183,69,159,164,90,28,155,73,99,106,136,132,152,2,170,172,86,76,133,85,104,17,8,16,56,21,108,192,40,15,9,33,154,122,179,195,185,127,96,171,141,98,114,64,79,177,27,88,5,186,199,83,59,129,24,95,149,165,181,120,3,169,191,135,146];False
1674;7299;8973;[34,4,144,70,19,87,121,178,102,132,130,84,77,112,150,147,66,157,103,105,74,188,168,31,142,117,167,61,45,138,41,49,78,128,42,57,197,125,145,126,143,160,91,1,93,124,180,196,36,46,140,92,82,23,189,47,175,12,22,26,176,193,109,20,67,166,38,139,63,118,48,194,29,198,174,184,35,88,32,72,163,25,51,50,190,10,182,113,156,116,44,65,37,94,173,18,131,110,81,153,101,100,30,134,148,11,97,58,158,43,7,0,62,68,123,6,137,60,54,151,119,187,39,107,55,14,13,111,52,89,75,80,71,162,53,183,69,159,164,90,28,155,73,99,106,136,115,152,2,170,172,86,76,133,85,104,17,8,16,56,21,108,192,40,15,9,33,154,122,179,195,185,127,96,171,141,98,114,64,79,177,27,161,5,186,199,83,59,129,24,95,149,165,181,120,3,169,191,135,146];False
1993;7098;9091;[34,4,144,70,19,87,121,178,102,132,130,84,77,112,93,147,66,157,103,105,74,188,168,31,142,117,167,61,45,138,41,49,78,128,42,57,197,125,145,126,20,160,91,1,150,124,180,196,36,46,140,92,143,23,189,195,175,12,22,26,176,193,109,82,67,166,38,139,63,118,48,194,29,198,174,184,35,161,32,72,163,25,51,50,190,10,39,113,156,71,44,65,37,94,173,18,131,110,81,153,80,100,30,134,119,11,97,58,158,43,187,111,181,68,123,6,137,60,54,151,148,7,0,107,55,14,13,101,52,89,75,182,116,162,53,183,69,159,164,90,28,155,73,99,106,136,115,152,2,170,172,86,76,133,85,104,17,8,16,56,21,108,192,40,15,9,33,154,122,179,27,185,127,96,171,141,98,114,64,79,177,47,88,5,186,199,83,59,129,24,95,149,165,62,120,3,169,191,135,146];False
2083;7075;9158;[34,4,144,70,19,39,121,178,102,132,130,84,77,112,93,147,66,157,103,105,74,188,168,31,142,117,167,61,45,138,41,49,78,128,42,57,197,125,145,126,20,160,91,1,150,124,180,196,36,46,140,92,143,23,189,195,175,12,22,26,176,193,109,82,67,166,38,139,63,118,48,194,29,198,174,184,35,161,32,72,163,25,51,50,190,10,0,113,156,71,44,65,37,94,173,18,131,110,81,153,80,100,30,134,119,11,97,58,158,43,187,111,181,68,123,6,137,60,54,151,148,7,170,107,55,14,13,101,52,89,75,182,116,162,53,183,69,159,164,90,28,155,73,99,106,136,115,2,152,87,172,86,76,133,85,104,17,8,16,56,21,108,192,40,15,9,33,154,122,179,27,185,127,96,171,141,98,114,64,79,177,47,88,5,186,199,83,59,129,24,95,149,165,62,120,3,169,191,135,146];False
2059;7083;9142;[34,4,144,70,19,87,121,178,102,132,130,84,77,112,93,147,66,157,103,105,74,188,168,31,142,117,167,61,45,65,41,49,78,128,42,57,197,125,145,126,20,160,91,1,150,124,180,196,36,46,140,92,143,23,189,195,175,12,22,26,176,193,109,82,67,166,38,139,63,118,48,194,29,198,174,184,35,161,32,72,163,25,51,50,190,10,0,113,156,71,44,138,37,94,173,18,131,110,81,153,80,100,30,134,119,11,97,58,158,43,187,111,181,68,123,6,137,60,54,151,148,7,170,107,55,14,13,101,52,89,75,182,116,162,53,183,69,159,164,90,28,155,73,99,106,136,115,2,152,39,172,86,76,133,85,104,17,8,16,56,21,108,192,40,15,9,33,154,122,179,27,185,127,96,171,141,98,114,64,79,177,47,88,5,186,199,83,59,129,24,95,149,165,62,120,3,169,191,135,146];False
2009;7090;9099;[34,4,144,70,19,87,121,178,102,132,130,84,77,112,93,147,66,157,103,105,74,188,168,31,142,117,167,61,45,138,41,49,78,128,42,57,197,125,145,126,20,160,91,1,150,124,180,196,36,46,140,92,143,23,189,195,175,12,22,26,176,193,109,82,67,166,38,139,63,118,48,194,29,198,174,184,35,161,32,72,163,25,51,50,190,10,0,113,156,71,44,65,37,94,173,18,131,110,81,153,80,100,30,134,119,11,97,58,158,43,172,111,181,68,123,6,137,60,54,151,148,7,170,107,55,14,13,101,52,89,75,182,116,162,53,183,69,159,164,90,28,155,73,99,106,136,115,2,152,39,187,86,76,133,85,104,17,8,16,56,21,108,192,40,15,9,33,154,122,179,27,185,127,96,171,141,98,114,64,79,177,47,88,5,186,199,83,59,129,24,95,149,165,62,120,3,169,191,135,146];False
2052;7083;9135;[34,4,144,70,19,87,121,178,102,132,130,84,77,112,93,147,66,157,103,105,74,188,168,31,142,117,167,61,45,138,41,49,78,128,42,57,197,125,145,126,20,160,91,1,150,124,180,196,36,46,140,92,143,23,189,195,175,12,22,26,176,193,109,82,67,166,38,139,63,118,48,194,29,198,174,184,35,161,32,72,163,25,51,50,190,10,0,113,156,71,44,65,37,94,173,18,131,110,81,153,80,100,30,134,119,11,97,58,158,43,187,111,181,68,123,6,137,60,54,151,148,170,7,107,55,14,13,101,52,89,75,182,116,162,53,183,69,159,164,90,28,155,73,99,106,136,115,2,152,39,172,86,76,133,85,104,17,8,16,56,21,108,192,40,15,9,33,154,122,179,27,185,127,96,171,141,98,114,64,79,177,47,88,5,186,199,83,59,129,24,95,149,165,62,120,3,169,191,135,146];False
2033;7089;9122;[34,4,144,70,19,87,121,178,102,132,130,84,77,112,93,147,66,157,103,105,74,188,168,31,142,117,113,61,45,65,41,49,78,128,42,57,197,125,145,126,20,160,91,1,150,124,180,196,36,46,140,92,143,23,189,195,175,12,22,26,176,193,109,82,67,166,38,139,63,118,48,194,29,198,174,184,35,161,32,72,163,25,51,50,190,10,0,167,156,71,44,138,37,94,173,18,131,110,81,153,80,100,30,134,119,11,97,58,158,43,172,111,181,68,123,6,137,60,54,151,148,7,170,107,55,14,13,101,52,89,75,182,116,162,53,183,69,159,164,90,28,155,73,99,106,136,115,2,152,39,187,86,76,133,85,104,17,8,16,56,21,108,192,40,15,9,33,154,122,179,27,185,127,96,171,141,98,114,64,79,177,47,88,5,186,199,83,59,129,24,95,149,165,62,120,3,169,191,135,146];False
2026;7089;9115;[34,4,144,70,19,87,121,178,102,132,130,84,77,112,93,147,66,157,103,105,74,188,168,31,142,117,113,61,45,138,41,49,78,128,42,57,197,125,145,126,20,160,91,1,150,124,180,196,36,46,140,92,143,23,189,195,175,12,22,26,176,193,109,82,67,166,38,139,63,118,48,194,29,198,174,184,35,161,32,72,163,25,51,50,190,10,0,167,156,71,44,65,37,94,173,18,131,110,81,153,80,100,30,134,119,11,97,58,158,43,172,111,181,68,123,6,137,60,54,151,148,170,7,107,55,14,13,101,52,89,75,182,116,162,53,183,69,159,164,90,28,155,73,99,106,136,115,2,152,39,187,86,76,133,85,104,17,8,16,56,21,108,192,40,15,9,33,154,122,179,27,185,127,96,171,141,98,114,64,79,177,47,88,5,186,199,83,59,129,24,95,149,165,62,120,3,169,191,135,146];False
2185;7054;9239;[34,4,144,70,19,87,121,178,102,132,130,84,77,52,93,147,66,157,103,105,74,188,168,31,142,117,113,61,45,138,41,49,78,128,42,57,197,125,145,126,20,160,91,89,150,124,180,196,36,46,140,92,143,23,189,195,175,12,22,26,176,193,109,82,67,166,38,139,63,118,48,194,29,198,174,184,35,161,32,72,163,25,51,50,190,10,0,167,156,71,44,65,37,94,173,18,131,110,81,153,80,100,30,134,119,11,97,58,158,43,7,101,181,68,123,6,137,86,76,151,148,187,39,107,55,14,13,111,112,1,75,182,116,162,53,183,69,159,164,90,28,155,73,99,106,136,115,2,152,170,172,60,54,133,85,104,17,8,16,56,21,108,192,40,15,9,33,154,122,177,27,185,127,96,171,141,98,114,64,79,179,47,88,5,186,199,83,59,129,24,95,149,165,62,120,3,169,191,135,146];False
2079;7073;9152;[34,4,144,70,19,87,121,178,102,132,130,84,77,112,93,147,66,157,103,105,74,188,168,31,142,117,167,61,45,138,41,49,78,128,42,57,197,125,145,126,20,160,91,1,150,124,180,196,36,46,140,92,143,23,189,195,175,12,22,26,176,193,109,82,67,166,38,139,63,118,48,194,29,198,174,184,35,161,32,72,163,25,51,50,190,10,0,113,156,71,44,65,37,94,173,18,131,110,81,153,80,100,30,134,148,11,97,58,158,43,7,101,181,68,123,6,137,86,76,151,119,187,39,107,55,14,13,111,52,89,75,182,116,162,53,183,69,159,164,90,28,155,73,99,106,136,115,2,152,170,172,60,54,133,85,104,17,8,16,56,21,108,192,40,15,9,33,154,122,177,27,185,127,96,171,141,98,114,64,79,179,47,88,5,186,199,83,59,129,24,95,149,165,62,120,3,169,191,135,146];False
2177;7055;9232;[34,4,144,70,19,87,121,178,102,132,130,84,77,112,93,147,66,157,103,105,74,188,168,31,142,117,167,61,45,138,41,49,78,128,42,57,197,125,145,126,20,160,91,1,150,124,180,196,36,46,140,92,143,23,189,195,175,12,22,26,176,193,109,82,67,166,38,139,63,118,48,194,29,198,174,184,35,161,32,72,163,25,51,50,190,10,0,113,156,71,44,65,37,94,173,18,131,110,81,153,80,100,30,134,119,11,97,58,158,43,187,101,181,68,123,6,137,86,76,151,148,7,39,107,55,14,13,111,52,89,75,182,116,162,53,183,69,159,164,90,28,155,73,99,106,136,115,2,152,170,172,60,54,133,85,104,17,8,16,56,21,108,192,40,15,9,33,154,122,177,27,185,127,96,171,141,98,114,64,79,179,47,88,5,186,199,83,59,129,24,95,149,165,62,120,3,169,191,135,146];False
2217;7046;9263;[34,4,144,70,19,87,121,178,102,132,130,84,77,112,93,147,66,157,103,105,74,188,168,31,142,117,167,61,45,138,41,49,78,128,42,57,197,125,145,126,20,160,91,1,150,124,180,196,36,46,140,92,143,23,189,195,175,12,22,26,176,193,109,82,67,166,38,139,63,118,48,194,29,198,174,184,35,161,32,72,163,25,51,50,190,10,0,113,156,71,44,65,37,94,173,18,131,110,81,153,80,100,30,134,119,11,97,58,158,43,7,101,181,68,123,6,137,86,76,151,199,187,39,107,55,14,13,111,52,89,75,182,116,162,53,183,69,159,164,90,28,155,73,99,106,136,115,2,152,170,172,60,54,133,85,104,17,8,16,56,21,108,192,40,15,9,33,154,122,177,27,185,127,96,171,141,98,114,64,79,179,47,88,5,186,148,83,59,129,24,95,149,165,62,120,3,169,191,135,146];False
2058;7073;9131;[34,4,144,70,19,87,121,178,102,132,130,84,77,112,93,147,66,157,103,105,74,188,168,31,142,117,167,61,45,138,41,49,78,128,42,57,197,125,145,126,20,160,91,1,150,124,180,196,36,46,140,92,143,23,189,195,175,12,22,26,176,193,109,82,67,166,38,139,63,118,48,194,29,198,174,184,35,161,32,72,163,25,51,50,190,10,0,113,156,71,44,65,37,94,173,18,131,110,81,153,80,100,30,134,119,11,97,58,158,43,7,101,181,68,123,6,137,86,76,151,148,187,39,107,55,14,13,111,52,89,75,182,116,162,53,183,69,159,164,90,28,155,73,99,106,136,115,2,152,170,172,60,54,133,85,104,17,8,16,56,21,108,192,40,15,9,33,154,122,179,27,185,127,96,171,141,98,114,64,79,177,47,88,5,186,199,83,59,129,24,95,149,165,62,120,3,169,191,135,146];True
2082;7072;9154;[34,4,144,70,19,87,121,178,102,132,130,84,77,112,93,147,66,157,103,105,74,188,168,31,142,117,113,61,45,65,41,49,78,128,42,57,197,125,145,126,20,160,91,1,150,124,180,196,36,46,140,92,143,23,189,195,175,12,22,26,176,193,109,82,67,166,38,139,63,118,48,194,29,198,174,184,35,161,32,72,163,25,51,50,190,10,0,167,156,71,44,138,37,94,173,18,131,110,81,153,80,100,30,134,119,11,97,58,158,43,7,101,181,68,123,6,137,86,76,151,148,187,39,107,55,14,13,111,52,89,75,182,116,162,53,183,69,159,164,90,28,155,73,99,106,136,115,2,152,170,172,60,54,133,85,104,17,8,16,56,21,108,192,40,15,9,33,154,122,179,27,185,127,96,171,141,98,114,64,79,177,47,88,5,186,199,83,59,129,24,95,149,165,62,120,3,169,191,135,146];False
2204;7049;9253;[34,4,144,70,19,87,121,178,102,132,130,84,77,112,93,147,66,157,103,105,74,188,168,31,142,117,113,61,45,138,41,49,78,128,42,57,197,125,145,126,20,160,91,1,150,124,180,196,36,46,140,92,143,23,189,195,175,12,22,26,176,193,109,82,67,166,38,139,63,118,48,194,29,198,174,184,35,161,32,72,163,25,51,50,190,10,0,167,156,71,44,65,37,94,173,18,131,110,81,153,80,100,30,134,119,11,97,58,158,43,187,111,181,68,123,6,137,86,76,151,148,7,39,107,55,14,13,101,52,89,75,182,116,162,53,183,69,159,164,90,28,155,73,99,106,136,115,2,152,170,172,60,54,133,85,104,17,8,16,56,21,108,192,40,15,9,33,154,122,177,27,185,127,96,171,141,98,114,64,79,179,47,88,5,186,199,83,59,129,24,95,149,165,62,120,3,169,191,135,146];False
2190;7053;9243;[34,4,144,70,19,87,121,178,102,132,130,84,77,112,93,147,66,157,103,105,74,188,168,31,142,117,113,61,45,138,41,49,78,128,42,57,197,125,145,126,20,160,91,1,150,156,180,196,36,46,140,92,143,23,189,195,175,12,22,26,176,193,109,82,67,166,38,139,63,118,48,194,29,198,174,184,35,161,32,72,163,25,51,50,190,10,0,167,124,71,44,65,37,94,173,18,131,110,81,153,80,100,30,134,119,11,97,58,158,43,7,101,181,68,123,6,137,86,76,151,148,187,39,107,55,14,13,111,52,89,75,182,116,162,53,183,69,159,164,90,28,155,73,99,106,136,115,152,2,170,172,60,54,133,85,104,17,8,16,56,21,108,192,40,15,9,33,154,122,177,27,185,127,96,171,141,98,114,64,79,179,47,88,5,186,199,83,59,129,24,95,149,165,62,120,3,169,191,135,146];False
2216;7047;9263;[34,4,144,70,19,87,121,178,102,132,130,84,77,112,93,147,66,157,103,105,74,188,168,31,142,117,113,61,45,138,41,49,78,128,42,57,197,125,145,126,20,160,91,1,150,124,180,196,36,46,140,92,143,23,189,195,175,12,22,26,176,193,109,82,67,166,38,139,63,118,48,194,29,198,174,184,35,161,32,72,163,25,51,50,190,10,0,167,156,71,44,65,37,94,173,18,131,110,81,153,80,100,30,134,119,11,97,58,158,43,7,101,181,68,123,6,137,86,76,151,199,187,39,107,55,14,13,111,52,89,75,182,116,162,53,183,69,159,164,90,28,155,73,99,106,136,115,152,2,170,172,60,54,133,85,104,17,8,16,56,21,108,192,40,15,9,33,154,122,177,27,185,127,96,171,141,98,114,64,79,179,47,88,5,186,148,83,59,129,24,95,149,165,62,120,3,169,191,135,146];False
2057;7074;9131;[34,4,144,70,19,87,121,178,102,132,130,84,77,112,93,147,66,157,103,105,74,188,168,31,142,117,113,61,45,138,41,49,78,128,42,57,197,125,145,126,20,160,91,1,150,124,180,196,36,46,140,92,143,23,189,195,175,12,22,26,176,193,109,82,67,166,38,139,63,118,48,194,29,198,174,184,35,161,32,72,163,25,51,50,190,10,0,167,156,71,44,65,37,94,173,18,131,110,81,153,80,100,30,134,119,11,97,58,158,43,7,101,181,68,123,6,137,86,76,151,148,187,39,107,55,14,13,111,52,89,75,182,116,162,53,183,69,159,164,90,28,155,73,99,106,136,115,152,2,170,172,60,54,133,85,104,17,8,16,56,21,108,192,40,15,9,33,154,122,179,27,185,127,96,171,141,98,114,64,79,177,47,88,5,186,199,83,59,129,24,95,149,165,62,120,3,169,191,135,146];True
2204;7048;9252;[34,4,144,70,19,87,121,178,102,132,130,84,77,112,93,147,66,157,103,105,74,188,168,31,142,117,113,61,45,138,41,49,78,128,42,57,197,125,145,126,20,160,91,1,150,124,180,196,36,46,140,92,143,23,189,195,175,12,22,26,176,193,109,82,67,166,38,139,63,118,48,194,29,198,174,16,35,161,32,72,163,25,51,50,190,10,0,167,156,71,44,65,37,94,173,18,131,110,81,153,80,100,30,134,119,11,97,58,158,43,7,101,181,68,123,6,137,86,76,151,148,187,39,107,55,14,13,111,52,89,75,182,116,162,53,183,69,159,164,90,28,155,73,99,106,136,115,2,152,170,172,60,54,133,85,104,17,8,184,56,21,108,192,40,15,9,33,154,122,179,27,185,127,96,171,141,98,114,64,79,177,47,88,5,186,199,83,59,129,24,95,149,165,62,120,3,169,191,135,146];False
2043;7078;9121;[34,4,144,70,19,87,121,178,102,132,130,84,77,112,93,147,66,157,103,105,74,188,168,31,142,117,113,61,45,138,41,49,78,128,42,57,197,125,145,126,20,160,91,1,150,124,180,196,36,46,140,92,143,23,189,195,175,12,22,26,176,193,109,82,67,166,38,139,63,118,48,194,29,198,174,184,35,161,32,72,163,25,51,50,190,10,0,167,156,71,44,65,37,94,173,18,131,110,81,153,80,100,30,134,148,11,97,58,158,43,7,101,181,68,123,6,137,86,76,151,119,187,39,107,55,14,13,111,52,89,75,182,116,162,53,183,69,159,164,90,28,155,73,99,106,136,115,2,152,170,172,60,54,133,85,104,17,8,16,56,21,108,192,40,15,9,33,154,122,179,27,185,127,96,171,141,98,114,64,79,177,47,88,5,186,199,83,59,129,24,95,149,165,62,120,3,169,191,135,146];False
2141;7060;9201;[34,4,144,70,19,87,121,178,102,132,130,84,77,112,93,147,66,157,103,105,74,188,168,31,142,117,113,61,45,138,41,49,78,128,42,57,197,125,145,126,20,160,91,1,150,124,180,196,36,46,140,92,143,23,189,195,175,12,22,26,176,193,109,82,67,166,38,139,63,118,48,194,29,198,174,184,35,161,32,72,163,25,51,50,190,10,0,167,156,71,44,65,37,94,173,18,131,110,81,153,80,100,30,134,119,11,97,58,158,43,187,101,181,68,123,6,137,86,76,151,148,7,39,107,55,14,13,111,52,89,75,182,116,162,53,183,69,159,164,90,28,155,73,99,106,136,115,2,152,170,172,60,54,133,85,104,17,8,16,56,21,108,192,40,15,9,33,154,122,179,27,185,127,96,171,141,98,114,64,79,177,47,88,5,186,199,83,59,129,24,95,149,165,62,120,3,169,191,135,146];False
2181;7051;9232;[34,4,144,70,19,87,121,178,102,132,130,84,77,112,93,147,66,157,103,105,74,188,168,31,142,117,113,61,45,138,41,49,78,128,42,57,197,125,145,126,20,160,91,1,150,124,180,196,36,46,140,92,143,23,189,195,175,12,22,26,176,193,109,82,67,166,38,139,63,118,48,194,29,198,174,184,35,161,32,72,163,25,51,50,190,10,0,167,156,71,44,65,37,94,173,18,131,110,81,153,80,100,30,134,119,11,97,58,158,43,7,101,181,68,123,6,137,86,76,151,199,187,39,107,55,14,13,111,52,89,75,182,116,162,53,183,69,159,164,90,28,155,73,99,106,136,115,2,152,170,172,60,54,133,85,104,17,8,16,56,21,108,192,40,15,9,33,154,122,179,27,185,127,96,171,141,98,114,64,79,177,47,88,5,186,148,83,59,129,24,95,149,165,62,120,3,169,191,135,146];False
1661;7319;8980;[34,4,144,70,19,87,121,178,102,115,130,84,77,112,150,147,66,157,103,105,74,188,168,31,142,117,167,61,45,65,41,49,78,128,42,57,197,125,145,126,143,160,91,1,93,124,180,196,36,46,140,92,82,23,189,47,175,12,22,26,176,193,109,20,67,166,38,139,63,118,48,194,29,198,174,184,35,161,32,72,163,25,51,50,190,10,182,113,156,116,44,138,37,94,173,18,131,110,81,153,101,100,30,134,148,11,97,58,158,43,7,0,62,68,123,6,137,60,54,151,119,187,39,107,55,14,13,111,52,89,75,80,71,162,53,183,69,159,164,90,28,155,73,99,106,136,132,152,2,170,172,86,76,133,85,104,17,8,16,56,21,108,192,40,15,9,33,154,122,179,195,185,127,96,171,141,98,114,64,79,177,27,88,5,186,199,83,59,129,24,95,149,165,181,120,3,169,191,135,146];False
1669;7304;8973;[34,4,144,70,19,87,121,178,102,132,130,84,77,112,150,147,66,157,103,105,74,188,168,31,142,117,167,61,45,65,41,49,78,128,42,57,197,125,145,126,143,160,91,1,93,124,180,196,36,46,140,92,82,23,189,47,175,12,22,26,176,193,109,20,67,166,38,139,63,118,48,194,29,198,174,184,35,88,32,72,163,25,51,50,190,10,182,113,156,116,44,138,37,94,173,18,131,110,81,153,101,100,30,134,148,11,97,58,158,43,7,0,62,68,123,6,137,60,54,151,119,187,39,107,55,14,13,111,52,89,75,80,71,162,53,183,69,159,164,90,28,155,73,99,106,136,115,152,2,170,172,86,76,133,85,104,17,8,16,56,21,108,192,40,15,9,33,154,122,179,195,185,127,96,171,141,98,114,64,79,177,27,161,5,186,199,83,59,129,24,95,149,165,181,120,3,169,191,135,146];False
1649;7323;8972;[34,4,144,70,19,87,121,178,2,115,130,84,77,112,150,147,66,157,103,105,74,188,168,31,142,117,167,61,45,138,41,49,78,128,42,57,197,125,145,126,143,160,91,1,93,124,180,196,36,46,140,92,82,23,189,47,175,12,22,26,176,193,109,20,67,166,38,139,63,118,48,194,29,198,174,184,35,161,32,72,163,25,51,50,190,10,182,113,156,116,44,65,37,94,173,18,131,110,81,153,101,100,30,134,148,11,97,58,158,43,7,0,62,68,123,6,137,60,54,151,119,187,39,107,55,14,13,111,52,89,75,80,71,162,53,183,69,159,164,90,28,155,73,99,106,136,132,152,102,170,172,86,76,133,85,104,17,8,16,56,21,108,192,40,15,9,33,154,122,179,195,185,127,96,171,141,98,114,64,79,177,27,88,5,186,199,83,59,129,24,95,149,165,181,120,3,169,191,135,146];False
2004;7095;9099;[34,4,144,70,19,87,121,178,102,132,130,84,77,112,93,147,66,157,103,105,74,188,168,31,142,117,167,61,45,65,41,49,78,128,42,57,197,125,145,126,20,160,91,1,150,124,180,196,36,46,140,92,143,23,189,195,175,12,22,26,176,193,109,82,67,166,38,139,63,118,48,194,29,198,174,184,35,161,32,72,163,25,51,50,190,10,0,113,156,71,44,138,37,94,173,18,131,110,81,153,80,100,30,134,119,11,97,58,158,43,172,111,181,68,123,6,137,60,54,151,148,7,170,107,55,14,13,101,52,89,75,182,116,162,53,183,69,159,164,90,28,155,73,99,106,136,115,2,152,39,187,86,76,133,85,104,17,8,16,56,21,108,192,40,15,9,33,154,122,179,27,185,127,96,171,141,98,114,64,79,177,47,88,5,186,199,83,59,129,24,95,149,165,62,120,3,169,191,135,146];False
1997;7095;9092;[34,4,144,70,19,87,121,178,102,132,130,84,77,112,93,147,66,157,103,105,74,188,168,31,142,117,167,61,45,138,41,49,78,128,42,57,197,125,145,126,20,160,91,1,150,124,180,196,36,46,140,92,143,23,189,195,175,12,22,26,176,193,109,82,67,166,38,139,63,118,48,194,29,198,174,184,35,161,32,72,163,25,51,50,190,10,0,113,156,71,44,65,37,94,173,18,131,110,81,153,80,100,30,134,119,11,97,58,158,43,172,111,181,68,123,6,137,60,54,151,148,170,7,107,55,14,13,101,52,89,75,182,116,162,53,183,69,159,164,90,28,155,73,99,106,136,115,2,152,39,187,86,76,133,85,104,17,8,16,56,21,108,192,40,15,9,33,154,122,179,27,185,127,96,171,141,98,114,64,79,177,47,88,5,186,199,83,59,129,24,95,149,165,62,120,3,169,191,135,146];False
2175;7055;9230;[34,4,144,70,19,87,121,178,102,132,130,84,77,112,93,147,66,157,103,105,74,188,168,31,142,117,167,61,45,138,41,49,78,128,42,57,197,125,145,126,20,160,91,1,150,124,180,196,36,46,140,92,143,23,189,195,175,12,22,26,176,193,109,82,67,166,38,139,63,118,48,194,29,198,174,184,35,161,32,72,163,25,51,50,190,10,0,113,156,71,44,65,37,94,173,18,131,110,81,153,80,100,30,134,119,11,97,58,158,43,187,111,181,68,123,6,137,86,76,151,148,7,39,107,55,14,13,101,52,89,75,182,116,162,53,183,69,159,164,90,28,155,73,99,106,136,115,2,152,170,172,60,54,133,85,104,17,8,16,56,21,108,192,40,15,9,33,154,122,177,27,185,127,96,171,141,98,114,64,79,179,47,88,5,186,199,83,59,129,24,95,149,165,62,120,3,169,191,135,146];False
2175;7054;9229;[34,4,144,70,19,87,121,178,102,132,130,84,77,112,93,147,66,157,103,105,74,188,168,31,142,117,167,61,45,138,41,49,78,128,42,57,197,125,145,126,20,160,91,1,150,124,180,196,36,46,140,92,143,23,189,195,175,12,22,26,176,193,109,82,67,166,38,139,63,118,48,194,29,198,174,16,35,161,32,72,163,25,51,50,190,10,0,113,156,71,44,65,37,94,173,18,131,110,81,153,80,100,30,134,119,11,97,58,158,43,7,101,181,68,123,6,137,86,76,151,148,187,39,107,55,14,13,111,52,89,75,182,116,162,53,183,69,159,164,90,28,155,73,99,106,136,115,2,152,170,172,60,54,133,85,104,17,8,184,56,21,108,192,40,15,9,33,154,122,179,27,185,127,96,171,141,98,114,64,79,177,47,88,5,186,199,83,59,129,24,95,149,165,62,120,3,169,191,135,146];False
2014;7084;9098;[34,4,144,70,19,87,121,178,102,132,130,84,77,112,93,147,66,157,103,105,74,188,168,31,142,117,167,61,45,138,41,49,78,128,42,57,197,125,145,126,20,160,91,1,150,124,180,196,36,46,140,92,143,23,189,195,175,12,22,26,176,193,109,82,67,166,38,139,63,118,48,194,29,198,174,184,35,161,32,72,163,25,51,50,190,10,0,113,156,71,44,65,37,94,173,18,131,110,81,153,80,100,30,134,148,11,97,58,158,43,7,101,181,68,123,6,137,86,76,151,119,187,39,107,55,14,13,111,52,89,75,182,116,162,53,183,69,159,164,90,28,155,73,99,106,136,115,2,152,170,172,60,54,133,85,104,17,8,16,56,21,108,192,40,15,9,33,154,122,179,27,185,127,96,171,141,98,114,64,79,177,47,88,5,186,199,83,59,129,24,95,149,165,62,120,3,169,191,135,146];True
2112;7066;9178;[34,4,144,70,19,87,121,178,102,132,130,84,77,112,93,147,66,157,103,105,74,188,168,31,142,117,167,61,45,138,41,49,78,128,42,57,197,125,145,126,20,160,91,1,150,124,180,196,36,46,140,92,143,23,189,195,175,12,22,26,176,193,109,82,67,166,38,139,63,118,48,194,29,198,174,184,35,161,32,72,163,25,51,50,190,10,0,113,156,71,44,65,37,94,173,18,131,110,81,153,80,100,30,134,119,11,97,58,158,43,187,101,181,68,123,6,137,86,76,151,148,7,39,107,55,14,13,111,52,89,75,182,116,162,53,183,69,159,164,90,28,155,73,99,106,136,115,2,152,170,172,60,54,133,85,104,17,8,16,56,21,108,192,40,15,9,33,154,122,179,27,185,127,96,171,141,98,114,64,79,177,47,88,5,186,199,83,59,129,24,95,149,165,62,120,3,169,191,135,146];False
2028;7080;9108;[34,4,144,70,19,87,121,178,102,132,130,84,77,112,93,147,66,157,103,105,74,188,168,31,142,117,167,61,45,138,41,49,78,128,42,57,197,125,145,126,20,160,91,1,150,124,180,196,36,46,140,92,143,23,189,195,175,12,22,26,176,193,109,82,67,166,38,139,63,118,48,194,29,198,174,184,35,161,32,72,163,25,51,50,190,10,0,113,156,71,44,65,37,94,173,18,131,110,81,153,80,100,30,134,119,11,97,58,158,43,7,101,181,68,123,6,137,86,76,151,148,187,39,107,55,14,13,111,52,89,75,182,116,162,53,183,69,159,164,90,28,155,73,99,106,136,115,152,2,170,172,60,54,133,85,104,17,8,16,56,21,108,192,40,15,9,33,154,122,179,27,185,127,96,171,141,98,114,64,79,177,47,88,5,186,199,83,59,129,24,95,149,165,62,120,3,169,191,135,146];True
2151;7058;9209;[34,4,144,70,19,87,121,178,102,132,130,84,77,112,93,147,66,157,103,105,74,188,168,31,142,117,113,61,45,138,41,49,78,128,42,57,197,125,145,126,20,160,91,1,150,124,180,196,36,46,140,92,143,23,189,195,175,12,22,26,176,193,109,82,67,166,38,139,63,118,48,194,29,198,174,184,35,161,32,72,163,25,51,50,190,10,0,167,156,71,44,65,37,94,173,18,131,110,81,153,80,100,30,134,119,11,97,58,158,43,7,101,181,68,123,6,137,86,76,151,199,187,39,107,55,14,13,111,52,89,75,182,116,162,53,183,69,159,164,90,28,155,73,99,106,136,115,152,2,170,172,60,54,133,85,104,17,8,16,56,21,108,192,40,15,9,33,154,122,179,27,185,127,96,171,141,98,114,64,79,177,47,88,5,186,148,83,59,129,24,95,149,165,62,120,3,169,191,135,146];False
2174;7055;9229;[34,4,144,70,19,87,121,178,102,132,130,84,77,112,93,147,66,157,103,105,74,188,168,31,142,117,113,61,45,138,41,49,78,128,42,57,197,125,145,126,20,160,91,1,150,124,180,196,36,46,140,92,143,23,189,195,175,12,22,26,176,193,109,82,67,166,38,139,63,118,48,194,29,198,174,16,35,161,32,72,163,25,51,50,190,10,0,167,156,71,44,65,37,94,173,18,131,110,81,153,80,100,30,134,119,11,97,58,158,43,7,101,181,68,123,6,137,86,76,151,148,187,39,107,55,14,13,111,52,89,75,182,116,162,53,183,69,159,164,90,28,155,73,99,106,136,115,152,2,170,172,60,54,133,85,104,17,8,184,56,21,108,192,40,15,9,33,154,122,179,27,185,127,96,171,141,98,114,64,79,177,47,88,5,186,199,83,59,129,24,95,149,165,62,120,3,169,191,135,146];False
2013;7085;9098;[34,4,144,70,19,87,121,178,102,132,130,84,77,112,93,147,66,157,103,105,74,188,168,31,142,117,113,61,45,138,41,49,78,128,42,57,197,125,145,126,20,160,91,1,150,124,180,196,36,46,140,92,143,23,189,195,175,12,22,26,176,193,109,82,67,166,38,139,63,118,48,194,29,198,174,184,35,161,32,72,163,25,51,50,190,10,0,167,156,71,44,65,37,94,173,18,131,110,81,153,80,100,30,134,148,11,97,58,158,43,7,101,181,68,123,6,137,86,76,151,119,187,39,107,55,14,13,111,52,89,75,182,116,162,53,183,69,159,164,90,28,155,73,99,106,136,115,152,2,170,172,60,54,133,85,104,17,8,16,56,21,108,192,40,15,9,33,154,122,179,27,185,127,96,171,141,98,114,64,79,177,47,88,5,186,199,83,59,129,24,95,149,165,62,120,3,169,191,135,146];True
2192;7050;9242;[34,4,144,70,19,87,121,178,102,132,130,84,77,112,93,147,66,157,103,105,74,188,168,31,142,117,113,61,45,138,41,49,78,101,42,57,197,125,145,126,20,160,91,1,150,124,180,196,36,46,140,92,143,23,189,195,175,12,22,26,176,193,109,82,67,166,38,139,63,118,48,194,29,198,174,184,35,161,32,72,163,25,51,50,190,10,0,167,156,71,44,65,37,94,173,18,131,110,81,153,80,100,30,134,119,11,97,58,158,43,187,128,181,68,123,6,137,86,76,151,148,7,39,107,55,14,13,111,52,89,75,182,116,162,53,183,69,159,164,90,28,155,73,99,106,136,115,2,152,170,172,60,54,133,85,104,17,8,16,56,21,108,192,40,15,9,33,154,122,179,27,185,127,96,171,141,98,114,64,79,177,47,88,5,186,199,83,59,129,24,95,149,165,62,120,3,169,191,135,146];False
2139;7060;9199;[34,4,144,70,19,87,121,178,102,132,130,84,77,112,93,147,66,157,103,105,74,188,168,31,142,117,113,61,45,138,41,49,78,128,42,57,197,125,145,126,20,160,91,1,150,124,180,196,36,46,140,92,143,23,189,195,175,12,22,26,176,193,109,82,67,166,38,139,63,118,48,194,29,198,174,184,35,161,32,72,163,25,51,50,190,10,0,167,156,71,44,65,37,94,173,18,131,110,81,153,80,100,30,134,119,11,97,58,158,43,187,111,181,68,123,6,137,86,76,151,148,7,39,107,55,14,13,101,52,89,75,182,116,162,53,183,69,159,164,90,28,155,73,99,106,136,115,2,152,170,172,60,54,133,85,104,17,8,16,56,21,108,192,40,15,9,33,154,122,179,27,185,127,96,171,141,98,114,64,79,177,47,88,5,186,199,83,59,129,24,95,149,165,62,120,3,169,191,135,146];False
1644;7328;8972;[34,4,144,70,19,87,121,178,2,115,130,84,77,112,150,147,66,157,103,105,74,188,168,31,142,117,167,61,45,65,41,49,78,128,42,57,197,125,145,126,143,160,91,1,93,124,180,196,36,46,140,92,82,23,189,47,175,12,22,26,176,193,109,20,67,166,38,139,63,118,48,194,29,198,174,184,35,161,32,72,163,25,51,50,190,10,182,113,156,116,44,138,37,94,173,18,131,110,81,153,101,100,30,134,148,11,97,58,158,43,7,0,62,68,123,6,137,60,54,151,119,187,39,107,55,14,13,111,52,89,75,80,71,162,53,183,69,159,164,90,28,155,73,99,106,136,132,152,102,170,172,86,76,133,85,104,17,8,16,56,21,108,192,40,15,9,33,154,122,179,195,185,127,96,171,141,98,114,64,79,177,27,88,5,186,199,83,59,129,24,95,149,165,181,120,3,169,191,135,146];False
1665;7302;8967;[34,4,144,70,19,87,121,178,115,2,130,84,77,112,150,147,66,157,103,105,74,188,168,31,142,117,167,61,45,138,41,49,78,128,42,57,197,125,145,126,143,160,91,1,93,124,180,196,36,46,140,92,82,23,189,47,175,12,22,26,176,193,109,20,67,166,38,139,63,118,48,194,29,198,174,184,35,161,32,72,163,25,51,50,190,10,182,113,156,116,44,65,37,94,173,18,131,110,81,153,101,100,30,134,148,11,97,58,158,43,7,0,62,68,123,6,137,60,54,151,119,187,39,107,55,14,13,111,52,89,75,80,71,162,53,183,69,159,164,90,28,155,73,99,106,136,132,152,102,170,172,86,76,133,85,104,17,8,16,56,21,108,192,40,15,9,33,154,122,179,195,185,127,96,171,141,98,114,64,79,177,27,88,5,186,199,83,59,129,24,95,149,165,181,120,3,169,191,135,146];False
1657;7308;8965;[34,4,144,70,19,87,121,178,2,115,182,84,77,112,150,147,66,157,103,105,74,188,168,31,142,117,167,61,45,138,41,49,78,128,42,57,197,125,145,126,143,160,91,1,93,124,180,196,36,46,140,92,82,23,189,47,175,12,22,26,176,193,109,20,67,166,38,139,63,118,48,194,29,198,174,184,35,161,32,72,163,25,51,50,190,10,130,113,156,116,44,65,37,94,173,18,131,110,81,153,101,100,30,134,148,11,97,58,158,43,7,0,62,68,123,6,137,60,54,151,119,187,39,107,55,14,13,111,52,89,75,80,71,162,53,183,69,159,164,90,28,155,73,99,106,136,132,152,102,170,172,86,76,133,85,104,17,8,16,56,21,108,192,40,15,9,33,154,122,179,195,185,127,96,171,141,98,114,64,79,177,27,88,5,186,199,83,59,129,24,95,149,165,181,120,3,169,191,135,146];False
1675;7290;8965;[34,4,144,70,19,87,121,178,2,115,130,84,77,112,93,147,66,157,103,105,74,188,168,31,142,117,167,61,45,138,41,49,78,128,42,57,197,125,145,126,143,160,91,1,150,124,180,196,36,46,140,92,82,23,189,47,175,12,22,26,176,193,109,20,67,166,38,139,63,118,48,194,29,198,174,184,35,161,32,72,163,25,51,50,190,10,182,113,156,116,44,65,37,94,173,18,131,110,81,153,101,100,30,134,148,11,97,58,158,43,7,0,62,68,123,6,137,60,54,151,119,187,39,107,55,14,13,111,52,89,75,80,71,162,53,183,69,159,164,90,28,155,73,99,106,136,132,152,102,170,172,86,76,133,85,104,17,8,16,56,21,108,192,40,15,9,33,154,122,179,195,185,127,96,171,141,98,114,64,79,177,27,88,5,186,199,83,59,129,24,95,149,165,181,120,3,169,191,135,146];False
1635;7360;8995;[34,4,144,70,19,87,121,178,2,115,130,84,77,112,150,147,66,157,103,105,74,188,168,31,142,117,167,61,45,138,41,49,78,128,42,57,197,125,145,126,35,160,91,1,93,124,180,196,36,46,140,92,82,23,189,47,175,12,22,26,176,193,109,20,67,166,38,139,63,118,48,194,29,198,174,184,143,161,32,72,163,25,51,50,190,10,182,113,156,116,44,65,37,94,173,18,131,110,81,153,101,100,30,134,148,11,97,58,158,43,7,0,62,68,123,6,137,60,54,151,119,187,39,107,55,14,13,111,52,89,75,80,71,162,53,183,69,159,164,90,28,155,73,99,106,136,132,152,102,170,172,86,76,133,85,104,17,8,16,56,21,108,192,40,15,9,33,154,122,179,195,185,127,96,171,141,98,114,64,79,177,27,88,5,186,199,83,59,129,24,95,149,165,181,120,3,169,191,135,146];False
1637;7343;8980;[34,4,144,70,19,87,121,178,2,115,130,84,77,112,150,147,66,157,103,105,74,188,168,31,142,117,167,61,45,138,41,49,78,128,42,57,197,125,145,126,143,160,91,1,93,124,180,196,36,46,140,92,82,23,189,47,175,12,22,26,176,193,109,20,67,166,38,139,63,118,48,194,29,198,174,184,35,88,32,72,163,25,51,50,190,10,182,113,156,116,44,65,37,94,173,18,131,110,81,153,101,100,30,134,148,11,97,58,158,43,7,0,62,68,123,6,137,60,54,151,119,187,39,107,55,14,13,111,52,89,75,80,71,162,53,183,69,159,164,90,28,155,73,99,106,136,132,152,102,170,172,86,76,133,85,104,17,8,16,56,21,108,192,40,15,9,33,154,122,179,195,185,127,96,171,141,98,114,64,79,177,27,161,5,186,199,83,59,129,24,95,149,165,181,120,3,169,191,135,146];False
2009;7089;9098;[34,4,144,70,19,87,121,178,102,132,130,84,77,112,93,147,66,157,103,105,74,188,168,31,142,117,167,61,45,65,41,49,78,128,42,57,197,125,145,126,20,160,91,1,150,124,180,196,36,46,140,92,143,23,189,195,175,12,22,26,176,193,109,82,67,166,38,139,63,118,48,194,29,198,174,184,35,161,32,72,163,25,51,50,190,10,0,113,156,71,44,138,37,94,173,18,131,110,81,153,80,100,30,134,148,11,97,58,158,43,7,101,181,68,123,6,137,86,76,151,119,187,39,107,55,14,13,111,52,89,75,182,116,162,53,183,69,159,164,90,28,155,73,99,106,136,115,2,152,170,172,60,54,133,85,104,17,8,16,56,21,108,192,40,15,9,33,154,122,179,27,185,127,96,171,141,98,114,64,79,177,47,88,5,186,199,83,59,129,24,95,149,165,62,120,3,169,191,135,146];False
1999;7094;9093;[34,4,144,70,19,87,121,178,102,132,130,84,77,112,93,147,66,157,103,105,74,188,168,31,142,117,167,61,45,138,41,49,78,128,42,57,197,125,145,126,20,160,91,1,150,124,180,196,36,46,140,92,82,23,189,195,175,12,22,26,176,193,109,143,67,166,38,139,63,118,48,194,29,198,174,184,35,161,32,72,163,25,51,50,190,10,0,113,156,71,44,65,37,94,173,18,131,110,81,153,80,100,30,134,148,11,97,58,158,43,7,101,181,68,123,6,137,86,76,151,119,187,39,107,55,14,13,111,52,89,75,182,116,162,53,183,69,159,164,90,28,155,73,99,106,136,115,2,152,170,172,60,54,133,85,104,17,8,16,56,21,108,192,40,15,9,33,154,122,179,27,185,127,96,171,141,98,114,64,79,177,47,88,5,186,199,83,59,129,24,95,149,165,62,120,3,169,191,135,146];False
1984;7091;9075;[34,4,144,70,19,87,121,178,102,132,130,84,77,112,93,147,66,157,103,105,74,188,168,31,142,117,167,61,45,138,41,49,78,128,42,57,197,125,145,126,20,160,91,1,150,124,180,196,36,46,140,92,143,23,189,195,175,12,22,26,176,193,109,82,67,166,38,139,63,118,48,194,29,198,174,184,35,161,32,72,163,25,51,50,190,10,0,113,156,71,44,65,37,94,173,18,131,110,81,153,80,100,30,134,148,11,97,58,158,43,7,101,181,68,123,6,137,86,76,151,119,187,39,107,55,14,13,111,52,89,75,182,116,162,53,183,69,159,164,90,28,155,73,99,106,136,115,152,2,170,172,60,54,133,85,104,17,8,16,56,21,108,192,40,15,9,33,154,122,179,27,185,127,96,171,141,98,114,64,79,177,47,88,5,186,199,83,59,129,24,95,149,165,62,120,3,169,191,135,146];True
2041;7079;9120;[34,4,144,70,19,87,121,178,102,132,130,84,77,112,93,147,66,157,103,105,74,188,168,31,142,117,167,61,45,138,41,49,78,128,42,57,197,125,145,126,20,160,91,1,150,124,180,196,36,46,140,92,143,23,189,195,175,12,22,26,176,193,109,82,67,166,38,139,63,118,48,194,29,198,174,184,35,161,32,72,163,25,51,50,190,10,39,113,156,71,44,65,37,94,173,18,131,110,81,153,80,100,30,134,119,11,97,58,158,43,187,101,181,68,123,6,137,86,76,151,148,7,0,107,55,14,13,111,52,89,75,182,116,162,53,183,69,159,164,90,28,155,73,99,106,136,115,2,152,170,172,60,54,133,85,104,17,8,16,56,21,108,192,40,15,9,33,154,122,179,27,185,127,96,171,141,98,114,64,79,177,47,88,5,186,199,83,59,129,24,95,149,165,62,120,3,169,191,135,146];False
2110;7066;9176;[34,4,144,70,19,87,121,178,102,132,130,84,77,112,93,147,66,157,103,105,74,188,168,31,142,117,167,61,45,138,41,49,78,128,42,57,197,125,145,126,20,160,91,1,150,124,180,196,36,46,140,92,143,23,189,195,175,12,22,26,176,193,109,82,67,166,38,139,63,118,48,194,29,198,174,184,35,161,32,72,163,25,51,50,190,10,0,113,156,71,44,65,37,94,173,18,131,110,81,153,80,100,30,134,119,11,97,58,158,43,187,111,181,68,123,6,137,86,76,151,148,7,39,107,55,14,13,101,52,89,75,182,116,162,53,183,69,159,164,90,28,155,73,99,106,136,115,2,152,170,172,60,54,133,85,104,17,8,16,56,21,108,192,40,15,9,33,154,122,179,27,185,127,96,171,141,98,114,64,79,177,47,88,5,186,199,83,59,129,24,95,149,165,62,120,3,169,191,135,146];False
2008;7090;9098;[34,4,144,70,19,87,121,178,102,132,130,84,77,112,93,147,66,157,103,105,74,188,168,31,142,117,113,61,45,65,41,49,78,128,42,57,197,125,145,126,20,160,91,1,150,124,180,196,36,46,140,92,143,23,189,195,175,12,22,26,176,193,109,82,67,166,38,139,63,118,48,194,29,198,174,184,35,161,32,72,163,25,51,50,190,10,0,167,156,71,44,138,37,94,173,18,131,110,81,153,80,100,30,134,148,11,97,58,158,43,7,101,181,68,123,6,137,86,76,151,119,187,39,107,55,14,13,111,52,89,75,182,116,162,53,183,69,159,164,90,28,155,73,99,106,136,115,152,2,170,172,60,54,133,85,104,17,8,16,56,21,108,192,40,15,9,33,154,122,179,27,185,127,96,171,141,98,114,64,79,177,47,88,5,186,199,83,59,129,24,95,149,165,62,120,3,169,191,135,146];False
2222;7038;9260;[34,4,144,70,19,87,121,178,102,132,130,84,77,112,93,147,66,157,103,105,74,188,168,31,142,117,113,61,45,138,41,49,78,101,42,57,197,125,145,126,20,160,91,1,150,124,180,196,36,46,140,92,143,23,189,195,175,12,22,26,176,193,109,82,67,166,38,139,63,118,48,194,29,198,174,184,35,161,32,72,163,25,51,50,190,10,0,167,156,71,44,65,37,94,173,18,131,110,81,153,80,100,30,134,119,11,97,58,158,43,187,128,181,68,123,6,137,86,76,151,148,83,39,107,55,14,13,111,52,89,75,182,116,162,53,183,69,159,164,90,28,155,73,99,106,136,115,2,152,170,172,60,54,133,85,104,17,8,16,56,21,108,192,40,15,9,33,154,122,179,27,185,127,96,171,141,98,114,64,79,177,47,88,5,186,199,7,59,129,24,95,149,165,62,120,3,169,191,135,146];False
2162;7050;9212;[34,4,144,70,19,87,121,178,102,132,130,84,77,112,93,147,66,157,103,105,74,188,168,31,142,117,113,61,45,138,41,49,78,101,42,57,197,125,145,126,20,160,91,1,150,124,180,196,36,46,140,92,143,23,189,195,175,12,22,26,176,193,109,82,67,166,38,139,63,118,48,194,29,198,174,184,35,161,32,72,163,25,51,50,190,10,0,167,156,71,44,65,37,94,173,18,131,110,81,153,80,100,30,134,119,11,97,58,158,43,187,128,181,68,123,6,137,86,76,151,148,7,170,107,55,14,13,111,52,89,75,182,116,162,53,183,69,159,164,90,28,155,73,99,106,136,115,2,152,39,172,60,54,133,85,104,17,8,16,56,21,108,192,40,15,9,33,154,122,179,27,185,127,96,171,141,98,114,64,79,177,47,88,5,186,199,83,59,129,24,95,149,165,62,120,3,169,191,135,146];False
2169;7048;9217;[34,4,144,70,19,87,121,178,102,132,130,84,77,112,93,147,66,157,103,105,74,188,168,31,142,117,113,61,45,138,41,49,78,128,42,57,197,125,145,126,20,160,91,1,150,124,180,196,36,46,140,92,143,23,189,195,175,12,22,26,176,193,109,82,67,166,38,139,63,118,48,194,29,198,174,184,35,161,32,72,163,25,51,50,190,10,0,167,156,71,44,65,37,94,173,18,131,110,81,153,80,100,30,134,119,11,97,58,158,43,187,111,181,68,123,6,137,86,76,151,148,83,39,107,55,14,13,101,52,89,75,182,116,162,53,183,69,159,164,90,28,155,73,99,106,136,115,2,152,170,172,60,54,133,85,104,17,8,16,56,21,108,192,40,15,9,33,154,122,179,27,185,127,96,171,141,98,114,64,79,177,47,88,5,186,199,7,59,129,24,95,149,165,62,120,3,169,191,135,146];False
2109;7060;9169;[34,4,144,70,19,87,121,178,102,132,130,84,77,112,93,147,66,157,103,105,74,188,168,31,142,117,113,61,45,138,41,49,78,128,42,57,197,125,145,126,20,160,91,1,150,124,180,196,36,46,140,92,143,23,189,195,175,12,22,26,176,193,109,82,67,166,38,139,63,118,48,194,29,198,174,184,35,161,32,72,163,25,51,50,190,10,0,167,156,71,44,65,37,94,173,18,131,110,81,153,80,100,30,134,119,11,97,58,158,43,187,111,181,68,123,6,137,86,76,151,148,7,170,107,55,14,13,101,52,89,75,182,116,162,53,183,69,159,164,90,28,155,73,99,106,136,115,2,152,39,172,60,54,133,85,104,17,8,16,56,21,108,192,40,15,9,33,154,122,179,27,185,127,96,171,141,98,114,64,79,177,47,88,5,186,199,83,59,129,24,95,149,165,62,120,3,169,191,135,146];True
1625;7380;9005;[146,4,144,70,19,87,121,178,2,115,130,84,77,112,150,147,66,157,103,105,74,188,168,31,142,117,167,61,45,65,41,49,78,128,42,57,197,125,145,126,143,160,91,1,93,124,180,196,36,46,140,92,82,23,189,47,175,12,22,26,176,193,109,20,67,166,38,139,63,118,48,194,29,198,174,184,35,161,32,72,163,25,51,50,190,10,182,113,156,116,44,138,37,94,173,18,131,110,81,153,101,100,30,134,148,11,97,58,158,43,7,0,62,68,123,6,137,60,54,151,119,187,39,107,55,14,13,111,52,89,75,80,71,162,53,183,69,159,164,90,28,155,73,99,106,136,132,152,102,170,172,86,76,133,85,104,17,8,16,56,21,108,192,40,15,9,33,154,122,179,195,185,127,96,171,141,98,114,64,79,177,27,88,5,186,199,83,59,129,24,95,149,165,181,120,3,169,191,135,34];False
1660;7307;8967;[34,4,144,70,19,87,121,178,115,2,130,84,77,112,150,147,66,157,103,105,74,188,168,31,142,117,167,61,45,65,41,49,78,128,42,57,197,125,145,126,143,160,91,1,93,124,180,196,36,46,140,92,82,23,189,47,175,12,22,26,176,193,109,20,67,166,38,139,63,118,48,194,29,198,174,184,35,161,32,72,163,25,51,50,190,10,182,113,156,116,44,138,37,94,173,18,131,110,81,153,101,100,30,134,148,11,97,58,158,43,7,0,62,68,123,6,137,60,54,151,119,187,39,107,55,14,13,111,52,89,75,80,71,162,53,183,69,159,164,90,28,155,73,99,106,136,132,152,102,170,172,86,76,133,85,104,17,8,16,56,21,108,192,40,15,9,33,154,122,179,195,185,127,96,171,141,98,114,64,79,177,27,88,5,186,199,83,59,129,24,95,149,165,181,120,3,169,191,135,146];False
1652;7313;8965;[34,4,144,70,19,87,121,178,2,115,182,84,77,112,150,147,66,157,103,105,74,188,168,31,142,117,167,61,45,65,41,49,78,128,42,57,197,125,145,126,143,160,91,1,93,124,180,196,36,46,140,92,82,23,189,47,175,12,22,26,176,193,109,20,67,166,38,139,63,118,48,194,29,198,174,184,35,161,32,72,163,25,51,50,190,10,130,113,156,116,44,138,37,94,173,18,131,110,81,153,101,100,30,134,148,11,97,58,158,43,7,0,62,68,123,6,137,60,54,151,119,187,39,107,55,14,13,111,52,89,75,80,71,162,53,183,69,159,164,90,28,155,73,99,106,136,132,152,102,170,172,86,76,133,85,104,17,8,16,56,21,108,192,40,15,9,33,154,122,179,195,185,127,96,171,141,98,114,64,79,177,27,88,5,186,199,83,59,129,24,95,149,165,181,120,3,169,191,135,146];False
1670;7295;8965;[34,4,144,70,19,87,121,178,2,115,130,84,77,112,93,147,66,157,103,105,74,188,168,31,142,117,167,61,45,65,41,49,78,128,42,57,197,125,145,126,143,160,91,1,150,124,180,196,36,46,140,92,82,23,189,47,175,12,22,26,176,193,109,20,67,166,38,139,63,118,48,194,29,198,174,184,35,161,32,72,163,25,51,50,190,10,182,113,156,116,44,138,37,94,173,18,131,110,81,153,101,100,30,134,148,11,97,58,158,43,7,0,62,68,123,6,137,60,54,151,119,187,39,107,55,14,13,111,52,89,75,80,71,162,53,183,69,159,164,90,28,155,73,99,106,136,132,152,102,170,172,86,76,133,85,104,17,8,16,56,21,108,192,40,15,9,33,154,122,179,195,185,127,96,171,141,98,114,64,79,177,27,88,5,186,199,83,59,129,24,95,149,165,181,120,3,169,191,135,146];False
1630;7365;8995;[34,4,144,70,19,87,121,178,2,115,130,84,77,112,150,147,66,157,103,105,74,188,168,31,142,117,167,61,45,65,41,49,78,128,42,57,197,125,145,126,35,160,91,1,93,124,180,196,36,46,140,92,82,23,189,47,175,12,22,26,176,193,109,20,67,166,38,139,63,118,48,194,29,198,174,184,143,161,32,72,163,25,51,50,190,10,182,113,156,116,44,138,37,94,173,18,131,110,81,153,101,100,30,134,148,11,97,58,158,43,7,0,62,68,123,6,137,60,54,151,119,187,39,107,55,14,13,111,52,89,75,80,71,162,53,183,69,159,164,90,28,155,73,99,106,136,132,152,102,170,172,86,76,133,85,104,17,8,16,56,21,108,192,40,15,9,33,154,122,179,195,185,127,96,171,141,98,114,64,79,177,27,88,5,186,199,83,59,129,24,95,149,165,181,120,3,169,191,135,146];False
1632;7348;8980;[34,4,144,70,19,87,121,178,2,115,130,84,77,112,150,147,66,157,103,105,74,188,168,31,142,117,167,61,45,65,41,49,78,128,42,57,197,125,145,126,143,160,91,1,93,124,180,196,36,46,140,92,82,23,189,47,175,12,22,26,176,193,109,20,67,166,38,139,63,118,48,194,29,198,174,184,35,88,32,72,163,25,51,50,190,10,182,113,156,116,44,138,37,94,173,18,131,110,81,153,101,100,30,134,148,11,97,58,158,43,7,0,62,68,123,6,137,60,54,151,119,187,39,107,55,14,13,111,52,89,75,80,71,162,53,183,69,159,164,90,28,155,73,99,106,136,132,152,102,170,172,86,76,133,85,104,17,8,16,56,21,108,192,40,15,9,33,154,122,179,195,185,127,96,171,141,98,114,64,79,177,27,161,5,186,199,83,59,129,24,95,149,165,181,120,3,169,191,135,146];False
1691;7269;8960;[34,4,144,70,19,87,121,178,115,2,130,84,77,112,93,147,66,157,103,105,74,188,168,31,142,117,167,61,45,138,41,49,78,128,42,57,197,125,145,126,143,160,91,1,150,124,180,196,36,46,140,92,82,23,189,47,175,12,22,26,176,193,109,20,67,166,38,139,63,118,48,194,29,198,174,184,35,161,32,72,163,25,51,50,190,10,182,113,156,116,44,65,37,94,173,18,131,110,81,153,101,100,30,134,148,11,97,58,158,43,7,0,62,68,123,6,137,60,54,151,119,187,39,107,55,14,13,111,52,89,75,80,71,162,53,183,69,159,164,90,28,155,73,99,106,136,132,152,102,170,172,86,76,133,85,104,17,8,16,56,21,108,192,40,15,9,33,154,122,179,195,185,127,96,171,141,98,114,64,79,177,27,88,5,186,199,83,59,129,24,95,149,165,181,120,3,169,191,135,146];True
1640;7326;8966;[34,4,144,70,19,87,121,178,2,169,182,84,77,112,150,147,66,157,103,105,74,188,168,31,142,117,167,61,45,138,41,49,78,128,42,57,197,125,145,126,143,160,91,1,93,124,180,196,36,46,140,92,82,23,189,47,175,12,22,26,176,193,109,20,67,166,38,139,63,118,48,194,29,198,174,184,35,161,32,72,163,25,51,50,190,10,130,113,156,116,44,65,37,94,173,18,131,110,81,153,101,100,30,134,148,11,97,58,158,43,7,0,62,68,123,6,137,60,54,151,119,187,39,107,55,14,13,111,52,89,75,80,71,162,53,183,69,159,164,90,28,155,73,99,106,136,132,152,102,170,172,86,76,133,85,104,17,8,16,56,21,108,192,40,15,9,33,154,122,179,195,185,127,96,171,141,98,114,64,79,177,27,88,5,186,199,83,59,129,24,95,149,165,181,120,3,115,191,135,146];True
1683;7275;8958;[34,4,144,70,19,87,121,178,2,115,182,84,77,112,93,147,66,157,103,105,74,188,168,31,142,117,167,61,45,138,41,49,78,128,42,57,197,125,145,126,143,160,91,1,150,124,180,196,36,46,140,92,82,23,189,47,175,12,22,26,176,193,109,20,67,166,38,139,63,118,48,194,29,198,174,184,35,161,32,72,163,25,51,50,190,10,130,113,156,116,44,65,37,94,173,18,131,110,81,153,101,100,30,134,148,11,97,58,158,43,7,0,62,68,123,6,137,60,54,151,119,187,39,107,55,14,13,111,52,89,75,80,71,162,53,183,69,159,164,90,28,155,73,99,106,136,132,152,102,170,172,86,76,133,85,104,17,8,16,56,21,108,192,40,15,9,33,154,122,179,195,185,127,96,171,141,98,114,64,79,177,27,88,5,186,199,83,59,129,24,95,149,165,181,120,3,169,191,135,146];True
1979;7096;9075;[34,4,144,70,19,87,121,178,102,132,130,84,77,112,93,147,66,157,103,105,74,188,168,31,142,117,167,61,45,65,41,49,78,128,42,57,197,125,145,126,20,160,91,1,150,124,180,196,36,46,140,92,143,23,189,195,175,12,22,26,176,193,109,82,67,166,38,139,63,118,48,194,29,198,174,184,35,161,32,72,163,25,51,50,190,10,0,113,156,71,44,138,37,94,173,18,131,110,81,153,80,100,30,134,148,11,97,58,158,43,7,101,181,68,123,6,137,86,76,151,119,187,39,107,55,14,13,111,52,89,75,182,116,162,53,183,69,159,164,90,28,155,73,99,106,136,115,152,2,170,172,60,54,133,85,104,17,8,16,56,21,108,192,40,15,9,33,154,122,179,27,185,127,96,171,141,98,114,64,79,177,47,88,5,186,199,83,59,129,24,95,149,165,62,120,3,169,191,135,146];False
1969;7101;9070;[34,4,144,70,19,87,121,178,102,132,130,84,77,112,93,147,66,157,103,105,74,188,168,31,142,117,167,61,45,138,41,49,78,128,42,57,197,125,145,126,20,160,91,1,150,124,180,196,36,46,140,92,82,23,189,195,175,12,22,26,176,193,109,143,67,166,38,139,63,118,48,194,29,198,174,184,35,161,32,72,163,25,51,50,190,10,0,113,156,71,44,65,37,94,173,18,131,110,81,153,80,100,30,134,148,11,97,58,158,43,7,101,181,68,123,6,137,86,76,151,119,187,39,107,55,14,13,111,52,89,75,182,116,162,53,183,69,159,164,90,28,155,73,99,106,136,115,152,2,170,172,60,54,133,85,104,17,8,16,56,21,108,192,40,15,9,33,154,122,179,27,185,127,96,171,141,98,114,64,79,177,47,88,5,186,199,83,59,129,24,95,149,165,62,120,3,169,191,135,146];False
2039;7079;9118;[34,4,144,70,19,87,121,178,102,132,130,84,77,112,93,147,66,157,103,105,74,188,168,31,142,117,167,61,45,138,41,49,78,128,42,57,197,125,145,126,20,160,91,1,150,124,180,196,36,46,140,92,143,23,189,195,175,12,22,26,176,193,109,82,67,166,38,139,63,118,48,194,29,198,174,184,35,161,32,72,163,25,51,50,190,10,39,113,156,71,44,65,37,94,173,18,131,110,81,153,80,100,30,134,119,11,97,58,158,43,187,111,181,68,123,6,137,86,76,151,148,7,0,107,55,14,13,101,52,89,75,182,116,162,53,183,69,159,164,90,28,155,73,99,106,136,115,2,152,170,172,60,54,133,85,104,17,8,16,56,21,108,192,40,15,9,33,154,122,179,27,185,127,96,171,141,98,114,64,79,177,47,88,5,186,199,83,59,129,24,95,149,165,62,120,3,169,191,135,146];False
2193;7044;9237;[34,4,144,70,19,87,121,178,102,132,130,84,77,112,93,147,66,157,103,105,74,188,168,31,142,117,167,61,45,138,41,49,78,101,42,57,197,125,145,126,20,160,91,1,150,124,180,196,36,46,140,92,143,23,189,195,175,12,22,26,176,193,109,82,67,166,38,139,63,118,48,194,29,198,174,184,35,161,32,72,163,25,51,50,190,10,0,113,156,71,44,65,37,94,173,18,131,110,81,153,80,100,30,134,119,11,97,58,158,43,187,128,181,68,123,6,137,86,76,151,148,83,39,107,55,14,13,111,52,89,75,182,116,162,53,183,69,159,164,90,28,155,73,99,106,136,115,2,152,170,172,60,54,133,85,104,17,8,16,56,21,108,192,40,15,9,33,154,122,179,27,185,127,96,171,141,98,114,64,79,177,47,88,5,186,199,7,59,129,24,95,149,165,62,120,3,169,191,135,146];False
2217;7043;9260;[34,4,144,70,19,87,121,178,102,132,130,84,77,112,93,147,66,157,103,105,74,188,168,31,142,117,113,61,45,65,41,49,78,101,42,57,197,125,145,126,20,160,91,1,150,124,180,196,36,46,140,92,143,23,189,195,175,12,22,26,176,193,109,82,67,166,38,139,63,118,48,194,29,198,174,184,35,161,32,72,163,25,51,50,190,10,0,167,156,71,44,138,37,94,173,18,131,110,81,153,80,100,30,134,119,11,97,58,158,43,187,128,181,68,123,6,137,86,76,151,148,83,39,107,55,14,13,111,52,89,75,182,116,162,53,183,69,159,164,90,28,155,73,99,106,136,115,2,152,170,172,60,54,133,85,104,17,8,16,56,21,108,192,40,15,9,33,154,122,179,27,185,127,96,171,141,98,114,64,79,177,47,88,5,186,199,7,59,129,24,95,149,165,62,120,3,169,191,135,146];False
2192;7045;9237;[34,4,144,70,19,87,121,178,102,132,130,84,77,112,93,147,66,157,103,105,74,188,168,31,142,117,113,61,45,138,41,49,78,101,42,57,197,125,145,126,20,160,91,1,150,124,180,196,36,46,140,92,143,23,189,195,175,12,22,26,176,193,109,82,67,166,38,139,63,118,48,194,29,198,174,184,35,161,32,72,163,25,51,50,190,10,0,167,156,71,44,65,37,94,173,18,131,110,81,153,80,100,30,134,119,11,97,58,158,43,187,128,181,68,123,6,137,86,76,151,148,83,39,107,55,14,13,111,52,89,75,182,116,162,53,183,69,159,164,90,28,155,73,99,106,136,115,152,2,170,172,60,54,133,85,104,17,8,16,56,21,108,192,40,15,9,33,154,122,179,27,185,127,96,171,141,98,114,64,79,177,47,88,5,186,199,7,59,129,24,95,149,165,62,120,3,169,191,135,146];False
2181;7047;9228;[34,4,144,70,19,39,121,178,102,132,130,84,77,112,93,147,66,157,103,105,74,188,168,31,142,117,113,61,45,138,41,49,78,101,42,57,197,125,145,126,20,160,91,1,150,124,180,196,36,46,140,92,143,23,189,195,175,12,22,26,176,193,109,82,67,166,38,139,63,118,48,194,29,198,174,184,35,161,32,72,163,25,51,50,190,10,0,167,156,71,44,65,37,94,173,18,131,110,81,153,80,100,30,134,119,11,97,58,158,43,187,128,181,68,123,6,137,86,76,151,148,7,170,107,55,14,13,111,52,89,75,182,116,162,53,183,69,159,164,90,28,155,73,99,106,136,115,2,152,87,172,60,54,133,85,104,17,8,16,56,21,108,192,40,15,9,33,154,122,179,27,185,127,96,171,141,98,114,64,79,177,47,88,5,186,199,83,59,129,24,95,149,165,62,120,3,169,191,135,146];False
2133;7056;9189;[34,4,144,70,19,87,121,178,102,132,130,84,77,112,93,147,66,157,103,105,74,188,168,31,142,117,167,61,45,138,41,49,78,101,42,57,197,125,145,126,20,160,91,1,150,124,180,196,36,46,140,92,143,23,189,195,175,12,22,26,176,193,109,82,67,166,38,139,63,118,48,194,29,198,174,184,35,161,32,72,163,25,51,50,190,10,0,113,156,71,44,65,37,94,173,18,131,110,81,153,80,100,30,134,119,11,97,58,158,43,187,128,181,68,123,6,137,86,76,151,148,7,170,107,55,14,13,111,52,89,75,182,116,162,53,183,69,159,164,90,28,155,73,99,106,136,115,2,152,39,172,60,54,133,85,104,17,8,16,56,21,108,192,40,15,9,33,154,122,179,27,185,127,96,171,141,98,114,64,79,177,47,88,5,186,199,83,59,129,24,95,149,165,62,120,3,169,191,135,146];False
2157;7055;9212;[34,4,144,70,19,87,121,178,102,132,130,84,77,112,93,147,66,157,103,105,74,188,168,31,142,117,113,61,45,65,41,49,78,101,42,57,197,125,145,126,20,160,91,1,150,124,180,196,36,46,140,92,143,23,189,195,175,12,22,26,176,193,109,82,67,166,38,139,63,118,48,194,29,198,174,184,35,161,32,72,163,25,51,50,190,10,0,167,156,71,44,138,37,94,173,18,131,110,81,153,80,100,30,134,119,11,97,58,158,43,187,128,181,68,123,6,137,86,76,151,148,7,170,107,55,14,13,111,52,89,75,182,116,162,53,183,69,159,164,90,28,155,73,99,106,136,115,2,152,39,172,60,54,133,85,104,17,8,16,56,21,108,192,40,15,9,33,154,122,179,27,185,127,96,171,141,98,114,64,79,177,47,88,5,186,199,83,59,129,24,95,149,165,62,120,3,169,191,135,146];False
2150;7055;9205;[34,4,144,70,19,87,121,178,102,132,130,84,77,112,93,147,66,157,103,105,74,188,168,31,142,117,113,61,45,138,41,49,78,101,42,57,197,125,145,126,20,160,91,1,150,124,180,196,36,46,140,92,143,23,189,195,175,12,22,26,176,193,109,82,67,166,38,139,63,118,48,194,29,198,174,184,35,161,32,72,163,25,51,50,190,10,0,167,156,71,44,65,37,94,173,18,131,110,81,153,80,100,30,134,119,11,97,58,158,43,187,128,181,68,123,6,137,86,76,151,148,170,7,107,55,14,13,111,52,89,75,182,116,162,53,183,69,159,164,90,28,155,73,99,106,136,115,2,152,39,172,60,54,133,85,104,17,8,16,56,21,108,192,40,15,9,33,154,122,179,27,185,127,96,171,141,98,114,64,79,177,47,88,5,186,199,83,59,129,24,95,149,165,62,120,3,169,191,135,146];False
2140;7054;9194;[34,4,144,70,19,87,121,178,102,132,130,84,77,112,93,147,66,157,103,105,74,188,168,31,142,117,167,61,45,138,41,49,78,128,42,57,197,125,145,126,20,160,91,1,150,124,180,196,36,46,140,92,143,23,189,195,175,12,22,26,176,193,109,82,67,166,38,139,63,118,48,194,29,198,174,184,35,161,32,72,163,25,51,50,190,10,0,113,156,71,44,65,37,94,173,18,131,110,81,153,80,100,30,134,119,11,97,58,158,43,187,111,181,68,123,6,137,86,76,151,148,83,39,107,55,14,13,101,52,89,75,182,116,162,53,183,69,159,164,90,28,155,73,99,106,136,115,2,152,170,172,60,54,133,85,104,17,8,16,56,21,108,192,40,15,9,33,154,122,179,27,185,127,96,171,141,98,114,64,79,177,47,88,5,186,199,7,59,129,24,95,149,165,62,120,3,169,191,135,146];True
2139;7055;9194;[34,4,144,70,19,87,121,178,102,132,130,84,77,112,93,147,66,157,103,105,74,188,168,31,142,117,113,61,45,138,41,49,78,128,42,57,197,125,145,126,20,160,91,1,150,124,180,196,36,46,140,92,143,23,189,195,175,12,22,26,176,193,109,82,67,166,38,139,63,118,48,194,29,198,174,184,35,161,32,72,163,25,51,50,190,10,0,167,156,71,44,65,37,94,173,18,131,110,81,153,80,100,30,134,119,11,97,58,158,43,187,111,181,68,123,6,137,86,76,151,148,83,39,107,55,14,13,101,52,89,75,182,116,162,53,183,69,159,164,90,28,155,73,99,106,136,115,152,2,170,172,60,54,133,85,104,17,8,16,56,21,108,192,40,15,9,33,154,122,179,27,185,127,96,171,141,98,114,64,79,177,47,88,5,186,199,7,59,129,24,95,149,165,62,120,3,169,191,135,146];True
2234;7037;9271;[34,4,144,70,19,87,121,178,102,132,130,84,77,112,93,147,66,157,103,105,74,188,168,31,142,117,113,61,45,138,41,49,78,128,42,57,197,125,145,126,20,160,91,1,150,124,180,196,36,46,140,92,143,23,189,195,175,12,22,26,176,193,109,82,67,166,38,139,63,118,48,194,29,198,174,184,35,161,32,72,163,25,51,50,190,10,0,167,156,71,44,65,37,94,173,18,131,110,81,153,80,100,30,134,119,11,97,58,158,43,187,111,181,68,123,6,137,86,76,151,148,83,39,107,55,14,13,101,52,89,75,182,116,162,53,183,69,159,164,90,28,155,73,99,106,136,115,2,152,170,172,60,54,133,85,104,17,8,16,56,21,108,192,40,15,9,33,154,122,177,27,185,127,96,171,141,98,114,64,79,179,47,88,5,186,199,7,59,129,24,95,149,165,62,120,3,169,191,135,146];False
2208;7043;9251;[34,4,144,70,19,87,121,178,102,132,130,84,77,112,93,147,66,157,103,105,74,188,168,31,142,117,113,61,45,138,41,49,78,128,42,57,197,125,145,126,20,160,91,1,150,124,180,196,36,46,140,92,143,23,189,195,175,12,22,26,176,193,109,82,67,166,38,139,63,118,48,194,29,198,174,184,35,161,32,72,163,25,51,50,190,10,0,167,156,71,44,65,37,94,173,18,131,110,81,153,80,100,30,134,119,11,97,58,158,43,187,111,181,68,123,6,137,86,76,151,148,83,39,107,55,14,13,101,52,89,75,182,116,162,53,183,69,159,164,90,28,155,73,99,106,136,115,2,152,170,172,60,54,133,85,104,17,8,16,56,21,108,192,40,15,9,33,154,122,179,47,185,127,96,171,141,98,114,64,79,177,27,88,5,186,199,7,59,129,24,95,149,165,62,120,3,169,191,135,146];False
2128;7057;9185;[34,4,144,70,19,39,121,178,102,132,130,84,77,112,93,147,66,157,103,105,74,188,168,31,142,117,113,61,45,138,41,49,78,128,42,57,197,125,145,126,20,160,91,1,150,124,180,196,36,46,140,92,143,23,189,195,175,12,22,26,176,193,109,82,67,166,38,139,63,118,48,194,29,198,174,184,35,161,32,72,163,25,51,50,190,10,0,167,156,71,44,65,37,94,173,18,131,110,81,153,80,100,30,134,119,11,97,58,158,43,187,111,181,68,123,6,137,86,76,151,148,7,170,107,55,14,13,101,52,89,75,182,116,162,53,183,69,159,164,90,28,155,73,99,106,136,115,2,152,87,172,60,54,133,85,104,17,8,16,56,21,108,192,40,15,9,33,154,122,179,27,185,127,96,171,141,98,114,64,79,177,47,88,5,186,199,83,59,129,24,95,149,165,62,120,3,169,191,135,146];True
2080;7066;9146;[34,4,144,70,19,87,121,178,102,132,130,84,77,112,93,147,66,157,103,105,74,188,168,31,142,117,167,61,45,138,41,49,78,128,42,57,197,125,145,126,20,160,91,1,150,124,180,196,36,46,140,92,143,23,189,195,175,12,22,26,176,193,109,82,67,166,38,139,63,118,48,194,29,198,174,184,35,161,32,72,163,25,51,50,190,10,0,113,156,71,44,65,37,94,173,18,131,110,81,153,80,100,30,134,119,11,97,58,158,43,187,111,181,68,123,6,137,86,76,151,148,7,170,107,55,14,13,101,52,89,75,182,116,162,53,183,69,159,164,90,28,155,73,99,106,136,115,2,152,39,172,60,54,133,85,104,17,8,16,56,21,108,192,40,15,9,33,154,122,179,27,185,127,96,171,141,98,114,64,79,177,47,88,5,186,199,83,59,129,24,95,149,165,62,120,3,169,191,135,146];True
2104;7065;9169;[34,4,144,70,19,87,121,178,102,132,130,84,77,112,93,147,66,157,103,105,74,188,168,31,142,117,113,61,45,65,41,49,78,128,42,57,197,125,145,126,20,160,91,1,150,124,180,196,36,46,140,92,143,23,189,195,175,12,22,26,176,193,109,82,67,166,38,139,63,118,48,194,29,198,174,184,35,161,32,72,163,25,51,50,190,10,0,167,156,71,44,138,37,94,173,18,131,110,81,153,80,100,30,134,119,11,97,58,158,43,187,111,181,68,123,6,137,86,76,151,148,7,170,107,55,14,13,101,52,89,75,182,116,162,53,183,69,159,164,90,28,155,73,99,106,136,115,2,152,39,172,60,54,133,85,104,17,8,16,56,21,108,192,40,15,9,33,154,122,179,27,185,127,96,171,141,98,114,64,79,177,47,88,5,186,199,83,59,129,24,95,149,165,62,120,3,169,191,135,146];False
2102;7063;9165;[34,4,144,70,19,87,121,178,102,132,130,84,77,112,93,147,66,157,103,105,74,188,168,31,142,117,113,61,45,138,41,49,78,128,42,57,197,125,145,126,20,160,91,1,150,124,180,196,36,46,140,92,143,23,189,195,175,12,22,26,176,193,109,82,67,166,38,139,63,118,48,194,29,198,174,184,35,161,32,72,163,25,51,50,190,10,0,167,156,71,44,65,37,94,173,18,131,110,81,153,80,100,30,134,119,11,97,58,158,43,172,111,181,68,123,6,137,86,76,151,148,7,170,107,55,14,13,101,52,89,75,182,116,162,53,183,69,159,164,90,28,155,73,99,106,136,115,2,152,39,187,60,54,133,85,104,17,8,16,56,21,108,192,40,15,9,33,154,122,179,27,185,127,96,171,141,98,114,64,79,177,47,88,5,186,199,83,59,129,24,95,149,165,62,120,3,169,191,135,146];False
2097;7065;9162;[34,4,144,70,19,87,121,178,102,132,130,84,77,112,93,147,66,157,103,105,74,188,168,31,142,117,113,61,45,138,41,49,78,128,42,57,197,125,145,126,20,160,91,1,150,124,180,196,36,46,140,92,143,23,189,195,175,12,22,26,176,193,109,82,67,166,38,139,63,118,48,194,29,198,174,184,35,161,32,72,163,25,51,50,190,10,0,167,156,71,44,65,37,94,173,18,131,110,81,153,80,100,30,134,119,11,97,58,158,43,187,111,181,68,123,6,137,86,76,151,148,170,7,107,55,14,13,101,52,89,75,182,116,162,53,183,69,159,164,90,28,155,73,99,106,136,115,2,152,39,172,60,54,133,85,104,17,8,16,56,21,108,192,40,15,9,33,154,122,179,27,185,127,96,171,141,98,114,64,79,177,47,88,5,186,199,83,59,129,24,95,149,165,62,120,3,169,191,135,146];False
1686;7274;8960;[34,4,144,70,19,87,121,178,115,2,130,84,77,112,93,147,66,157,103,105,74,188,168,31,142,117,167,61,45,65,41,49,78,128,42,57,197,125,145,126,143,160,91,1,150,124,180,196,36,46,140,92,82,23,189,47,175,12,22,26,176,193,109,20,67,166,38,139,63,118,48,194,29,198,174,184,35,161,32,72,163,25,51,50,190,10,182,113,156,116,44,138,37,94,173,18,131,110,81,153,101,100,30,134,148,11,97,58,158,43,7,0,62,68,123,6,137,60,54,151,119,187,39,107,55,14,13,111,52,89,75,80,71,162,53,183,69,159,164,90,28,155,73,99,106,136,132,152,102,170,172,86,76,133,85,104,17,8,16,56,21,108,192,40,15,9,33,154,122,179,195,185,127,96,171,141,98,114,64,79,177,27,88,5,186,199,83,59,129,24,95,149,165,181,120,3,169,191,135,146];False
1635;7331;8966;[34,4,144,70,19,87,121,178,2,169,182,84,77,112,150,147,66,157,103,105,74,188,168,31,142,117,167,61,45,65,41,49,78,128,42,57,197,125,145,126,143,160,91,1,93,124,180,196,36,46,140,92,82,23,189,47,175,12,22,26,176,193,109,20,67,166,38,139,63,118,48,194,29,198,174,184,35,161,32,72,163,25,51,50,190,10,130,113,156,116,44,138,37,94,173,18,131,110,81,153,101,100,30,134,148,11,97,58,158,43,7,0,62,68,123,6,137,60,54,151,119,187,39,107,55,14,13,111,52,89,75,80,71,162,53,183,69,159,164,90,28,155,73,99,106,136,132,152,102,170,172,86,76,133,85,104,17,8,16,56,21,108,192,40,15,9,33,154,122,179,195,185,127,96,171,141,98,114,64,79,177,27,88,5,186,199,83,59,129,24,95,149,165,181,120,3,115,191,135,146];True
1678;7280;8958;[34,4,144,70,19,87,121,178,2,115,182,84,77,112,93,147,66,157,103,105,74,188,168,31,142,117,167,61,45,65,41,49,78,128,42,57,197,125,145,126,143,160,91,1,150,124,180,196,36,46,140,92,82,23,189,47,175,12,22,26,176,193,109,20,67,166,38,139,63,118,48,194,29,198,174,184,35,161,32,72,163,25,51,50,190,10,130,113,156,116,44,138,37,94,173,18,131,110,81,153,101,100,30,134,148,11,97,58,158,43,7,0,62,68,123,6,137,60,54,151,119,187,39,107,55,14,13,111,52,89,75,80,71,162,53,183,69,159,164,90,28,155,73,99,106,136,132,152,102,170,172,86,76,133,85,104,17,8,16,56,21,108,192,40,15,9,33,154,122,179,195,185,127,96,171,141,98,114,64,79,177,27,88,5,186,199,83,59,129,24,95,149,165,181,120,3,169,191,135,146];False
1626;7377;9003;[34,4,144,70,19,87,121,178,2,115,130,84,77,112,150,147,66,157,103,105,74,188,168,31,142,117,167,61,45,65,41,49,78,128,42,57,197,125,145,126,143,160,91,1,93,124,180,196,36,46,140,92,82,23,189,47,175,12,22,26,176,193,109,20,67,166,38,139,63,118,48,194,29,198,174,184,35,88,32,72,163,25,51,50,190,10,182,113,156,116,44,138,37,94,173,18,131,110,81,153,101,100,30,134,148,11,97,58,158,43,7,0,62,68,123,6,137,60,54,151,119,187,39,107,55,14,13,111,52,89,75,80,71,162,53,183,69,159,164,90,28,155,73,99,106,136,132,152,102,170,172,86,76,133,85,104,17,8,16,56,21,108,192,40,15,9,33,154,122,179,165,185,127,96,171,141,98,114,64,79,177,27,161,5,186,199,83,59,129,24,95,149,195,181,120,3,169,191,135,146];False
1728;7240;8968;[34,4,144,70,19,87,121,178,115,2,130,84,77,112,93,147,66,157,103,105,74,188,168,31,142,117,167,61,45,138,41,49,78,128,42,57,197,125,145,126,143,160,91,1,150,124,180,196,36,46,140,92,82,23,189,47,175,12,22,26,176,193,109,20,67,166,38,139,63,118,48,194,29,198,174,184,35,161,32,72,163,25,51,50,190,10,182,113,156,71,44,65,37,94,173,18,131,110,81,153,101,100,30,134,148,11,97,58,158,43,7,0,62,68,123,6,137,60,54,151,119,187,39,107,55,14,13,111,52,89,75,80,116,162,53,183,69,159,164,90,28,155,73,99,106,136,132,152,102,170,172,86,76,133,85,104,17,8,16,56,21,108,192,40,15,9,33,154,122,179,195,185,127,96,171,141,98,114,64,79,177,27,88,5,186,199,83,59,129,24,95,149,165,181,120,3,169,191,135,146];True
1621;7379;9000;[150,4,144,70,19,87,121,178,2,169,182,84,77,112,34,147,66,157,103,105,74,188,168,31,142,117,167,61,45,138,41,49,78,128,42,57,197,125,145,126,143,160,91,1,93,124,180,196,36,46,140,92,82,23,189,47,175,12,22,26,176,193,109,20,67,166,38,139,63,118,48,194,29,198,174,184,35,161,32,72,163,25,51,50,190,10,130,113,156,116,44,65,37,94,173,18,131,110,81,153,101,100,30,134,148,11,97,58,158,43,7,0,62,68,123,6,137,60,54,151,119,187,39,107,55,14,13,111,52,89,75,80,71,162,53,183,69,159,164,90,28,155,73,99,106,136,132,152,102,170,172,86,76,133,85,104,17,8,16,56,21,108,192,40,15,9,33,154,122,179,195,185,127,96,171,141,98,114,64,79,177,27,88,5,186,199,83,59,129,24,95,149,165,181,120,3,115,191,135,146];False
1621;7378;8999;[146,4,144,70,19,87,121,178,2,169,182,84,77,112,150,147,66,157,103,105,74,188,168,31,142,117,167,61,45,138,41,49,78,128,42,57,197,125,145,126,143,160,91,1,93,124,180,196,36,46,140,92,82,23,189,47,175,12,22,26,176,193,109,20,67,166,38,139,63,118,48,194,29,198,174,184,35,161,32,72,163,25,51,50,190,10,130,113,156,116,44,65,37,94,173,18,131,110,81,153,101,100,30,134,148,11,97,58,158,43,7,0,62,68,123,6,137,60,54,151,119,187,39,107,55,14,13,111,52,89,75,80,71,162,53,183,69,159,164,90,28,155,73,99,106,136,132,152,102,170,172,86,76,133,85,104,17,8,16,56,21,108,192,40,15,9,33,154,122,179,195,185,127,96,171,141,98,114,64,79,177,27,88,5,186,199,83,59,129,24,95,149,165,181,120,3,115,191,135,34];False
1646;7323;8969;[34,4,144,70,19,87,121,178,2,169,61,84,77,112,150,147,66,157,103,105,74,188,168,31,142,117,167,182,45,138,41,49,78,128,42,57,197,125,145,126,143,160,91,1,93,124,180,196,36,46,140,92,82,23,189,47,175,12,22,26,176,193,109,20,67,166,38,139,63,118,48,194,29,198,174,184,35,161,32,72,163,25,51,50,190,10,130,113,156,116,44,65,37,94,173,18,131,110,81,153,101,100,30,134,148,11,97,58,158,43,7,0,62,68,123,6,137,60,54,151,119,187,39,107,55,14,13,111,52,89,75,80,71,162,53,183,69,159,164,90,28,155,73,99,106,136,132,152,102,170,172,86,76,133,85,104,17,8,16,56,21,108,192,40,15,9,33,154,122,179,195,185,127,96,171,141,98,114,64,79,177,27,88,5,186,199,83,59,129,24,95,149,165,181,120,3,115,191,135,146];False
1666;7293;8959;[34,4,144,70,19,87,121,178,2,169,182,84,77,112,93,147,66,157,103,105,74,188,168,31,142,117,167,61,45,138,41,49,78,128,42,57,197,125,145,126,143,160,91,1,150,124,180,196,36,46,140,92,82,23,189,47,175,12,22,26,176,193,109,20,67,166,38,139,63,118,48,194,29,198,174,184,35,161,32,72,163,25,51,50,190,10,130,113,156,116,44,65,37,94,173,18,131,110,81,153,101,100,30,134,148,11,97,58,158,43,7,0,62,68,123,6,137,60,54,151,119,187,39,107,55,14,13,111,52,89,75,80,71,162,53,183,69,159,164,90,28,155,73,99,106,136,132,152,102,170,172,86,76,133,85,104,17,8,16,56,21,108,192,40,15,9,33,154,122,179,195,185,127,96,171,141,98,114,64,79,177,27,88,5,186,199,83,59,129,24,95,149,165,181,120,3,115,191,135,146];True
1626;7363;8989;[34,4,144,70,19,87,121,178,2,169,182,84,77,112,150,147,66,157,103,105,74,188,168,31,142,117,167,61,45,138,41,49,78,128,42,57,197,125,145,126,35,160,91,1,93,124,180,196,36,46,140,92,82,23,189,47,175,12,22,26,176,193,109,20,67,166,38,139,63,118,48,194,29,198,174,184,143,161,32,72,163,25,51,50,190,10,130,113,156,116,44,65,37,94,173,18,131,110,81,153,101,100,30,134,148,11,97,58,158,43,7,0,62,68,123,6,137,60,54,151,119,187,39,107,55,14,13,111,52,89,75,80,71,162,53,183,69,159,164,90,28,155,73,99,106,136,132,152,102,170,172,86,76,133,85,104,17,8,16,56,21,108,192,40,15,9,33,154,122,179,195,185,127,96,171,141,98,114,64,79,177,27,88,5,186,199,83,59,129,24,95,149,165,181,120,3,115,191,135,146];False
1628;7346;8974;[34,4,144,70,19,87,121,178,2,169,182,84,77,112,150,147,66,157,103,105,74,188,168,31,142,117,167,61,45,138,41,49,78,128,42,57,197,125,145,126,143,160,91,1,93,124,180,196,36,46,140,92,82,23,189,47,175,12,22,26,176,193,109,20,67,166,38,139,63,118,48,194,29,198,174,184,35,88,32,72,163,25,51,50,190,10,130,113,156,116,44,65,37,94,173,18,131,110,81,153,101,100,30,134,148,11,97,58,158,43,7,0,62,68,123,6,137,60,54,151,119,187,39,107,55,14,13,111,52,89,75,80,71,162,53,183,69,159,164,90,28,155,73,99,106,136,132,152,102,170,172,86,76,133,85,104,17,8,16,56,21,108,192,40,15,9,33,154,122,179,195,185,127,96,171,141,98,114,64,79,177,27,161,5,186,199,83,59,129,24,95,149,165,181,120,3,115,191,135,146];False
1625;7335;8960;[34,4,144,70,19,87,121,178,2,169,182,84,77,112,150,147,66,157,103,105,74,188,168,31,142,117,167,61,45,138,41,49,78,128,42,57,197,125,145,126,143,160,91,1,93,124,180,196,36,46,140,92,82,23,189,47,175,12,22,26,176,193,109,20,67,166,38,139,63,118,48,194,29,198,174,184,35,3,32,72,163,25,51,50,190,10,130,113,156,116,44,65,37,94,173,18,131,110,81,153,101,100,30,134,148,11,97,58,158,43,7,0,62,68,123,6,137,60,54,151,119,187,39,107,55,14,13,111,52,89,75,80,71,162,53,183,69,159,164,90,28,155,73,99,106,136,132,152,102,170,172,86,76,133,85,104,17,8,16,56,21,108,192,40,15,9,33,154,122,179,195,185,127,96,171,141,98,114,64,79,177,27,88,5,186,199,83,59,129,24,95,149,165,181,120,161,115,191,135,146];False
1928;7107;9035;[34,4,144,70,19,87,121,178,102,132,130,84,77,112,93,147,66,157,103,105,74,188,168,31,142,117,167,61,45,138,41,49,78,128,42,57,197,125,145,126,143,160,91,1,150,124,180,196,36,46,140,92,82,23,189,195,175,12,22,26,176,193,109,20,67,166,38,139,63,118,48,194,29,198,174,184,35,161,32,72,163,25,51,50,190,10,0,113,156,71,44,65,37,94,173,18,131,110,81,153,80,100,30,134,148,11,97,58,158,43,7,101,181,68,123,6,137,86,76,151,119,187,39,107,55,14,13,111,52,89,75,182,116,162,53,183,69,159,164,90,28,155,73,99,106,136,115,152,2,170,172,60,54,133,85,104,17,8,16,56,21,108,192,40,15,9,33,154,122,179,27,185,127,96,171,141,98,114,64,79,177,47,88,5,186,199,83,59,129,24,95,149,165,62,120,3,169,191,135,146];True
2009;7086;9095;[34,4,144,70,19,87,121,178,102,132,130,84,77,112,93,147,66,157,103,105,74,188,168,31,142,117,167,61,45,138,41,49,78,128,42,57,197,125,145,126,20,160,91,1,150,124,180,196,36,46,140,92,143,23,189,195,175,12,22,26,176,193,109,82,67,166,38,139,63,118,48,194,29,198,174,184,35,161,32,72,163,25,51,50,190,10,39,113,156,71,44,65,37,94,173,18,131,110,81,153,80,100,30,134,119,11,97,58,158,43,187,111,181,68,123,6,137,86,76,151,148,7,0,107,55,14,13,101,52,89,75,182,116,162,53,183,69,159,164,90,28,155,73,99,106,136,115,152,2,170,172,60,54,133,85,104,17,8,16,56,21,108,192,40,15,9,33,154,122,179,27,185,127,96,171,141,98,114,64,79,177,47,88,5,186,199,83,59,129,24,95,149,165,62,120,3,169,191,135,146];True
2152;7053;9205;[34,4,144,70,19,39,121,178,102,132,130,84,77,112,93,147,66,157,103,105,74,188,168,31,142,117,167,61,45,138,41,49,78,101,42,57,197,125,145,126,20,160,91,1,150,124,180,196,36,46,140,92,143,23,189,195,175,12,22,26,176,193,109,82,67,166,38,139,63,118,48,194,29,198,174,184,35,161,32,72,163,25,51,50,190,10,0,113,156,71,44,65,37,94,173,18,131,110,81,153,80,100,30,134,119,11,97,58,158,43,187,128,181,68,123,6,137,86,76,151,148,7,170,107,55,14,13,111,52,89,75,182,116,162,53,183,69,159,164,90,28,155,73,99,106,136,115,2,152,87,172,60,54,133,85,104,17,8,16,56,21,108,192,40,15,9,33,154,122,179,27,185,127,96,171,141,98,114,64,79,177,47,88,5,186,199,83,59,129,24,95,149,165,62,120,3,169,191,135,146];False
2220;7042;9262;[34,4,144,70,19,39,121,178,102,132,130,84,77,112,93,147,66,157,103,105,74,188,168,31,142,117,113,61,45,138,41,49,78,101,42,57,197,125,145,126,20,160,91,1,150,124,180,196,36,46,140,92,143,23,189,195,175,12,22,26,176,193,109,82,67,166,38,139,63,118,48,194,29,198,174,184,35,161,32,72,163,25,51,50,190,10,0,167,156,71,44,65,37,94,173,18,131,110,81,153,80,100,30,134,119,11,97,58,158,43,187,128,181,68,123,6,137,86,76,151,148,7,170,107,55,14,13,111,52,89,75,182,116,162,53,183,69,159,164,90,28,155,73,99,106,136,115,2,152,87,172,60,54,133,85,104,17,8,16,56,21,108,192,40,15,9,33,154,122,179,47,185,127,96,171,141,98,114,64,79,177,27,88,5,186,199,83,59,129,24,95,149,165,62,120,3,169,191,135,146];False
2205;7043;9248;[34,4,144,70,19,87,121,178,102,132,130,84,77,112,93,147,66,157,103,105,74,188,168,31,142,117,167,61,45,138,41,49,78,128,42,57,197,125,145,126,20,160,91,1,150,124,180,196,36,46,140,92,143,23,189,195,175,12,22,26,176,193,109,82,67,166,38,139,63,118,48,194,29,198,174,184,35,161,32,72,163,25,51,50,190,10,0,113,156,71,44,65,37,94,173,18,131,110,81,153,80,100,30,134,119,11,97,58,158,43,187,111,181,68,123,6,137,86,76,151,148,83,39,107,55,14,13,101,52,89,75,182,116,162,53,183,69,159,164,90,28,155,73,99,106,136,115,2,152,170,172,60,54,133,85,104,17,8,16,56,21,108,192,40,15,9,33,154,122,177,27,185,127,96,171,141,98,114,64,79,179,47,88,5,186,199,7,59,129,24,95,149,165,62,120,3,169,191,135,146];False
2099;7063;9162;[34,4,144,70,19,39,121,178,102,132,130,84,77,112,93,147,66,157,103,105,74,188,168,31,142,117,167,61,45,138,41,49,78,128,42,57,197,125,145,126,20,160,91,1,150,124,180,196,36,46,140,92,143,23,189,195,175,12,22,26,176,193,109,82,67,166,38,139,63,118,48,194,29,198,174,184,35,161,32,72,163,25,51,50,190,10,0,113,156,71,44,65,37,94,173,18,131,110,81,153,80,100,30,134,119,11,97,58,158,43,187,111,181,68,123,6,137,86,76,151,148,7,170,107,55,14,13,101,52,89,75,182,116,162,53,183,69,159,164,90,28,155,73,99,106,136,115,2,152,87,172,60,54,133,85,104,17,8,16,56,21,108,192,40,15,9,33,154,122,179,27,185,127,96,171,141,98,114,64,79,177,47,88,5,186,199,83,59,129,24,95,149,165,62,120,3,169,191,135,146];False
2075;7071;9146;[34,4,144,70,19,87,121,178,102,132,130,84,77,112,93,147,66,157,103,105,74,188,168,31,142,117,167,61,45,65,41,49,78,128,42,57,197,125,145,126,20,160,91,1,150,124,180,196,36,46,140,92,143,23,189,195,175,12,22,26,176,193,109,82,67,166,38,139,63,118,48,194,29,198,174,184,35,161,32,72,163,25,51,50,190,10,0,113,156,71,44,138,37,94,173,18,131,110,81,153,80,100,30,134,119,11,97,58,158,43,187,111,181,68,123,6,137,86,76,151,148,7,170,107,55,14,13,101,52,89,75,182,116,162,53,183,69,159,164,90,28,155,73,99,106,136,115,2,152,39,172,60,54,133,85,104,17,8,16,56,21,108,192,40,15,9,33,154,122,179,27,185,127,96,171,141,98,114,64,79,177,47,88,5,186,199,83,59,129,24,95,149,165,62,120,3,169,191,135,146];False
2073;7069;9142;[34,4,144,70,19,87,121,178,102,132,130,84,77,112,93,147,66,157,103,105,74,188,168,31,142,117,167,61,45,138,41,49,78,128,42,57,197,125,145,126,20,160,91,1,150,124,180,196,36,46,140,92,143,23,189,195,175,12,22,26,176,193,109,82,67,166,38,139,63,118,48,194,29,198,174,184,35,161,32,72,163,25,51,50,190,10,0,113,156,71,44,65,37,94,173,18,131,110,81,153,80,100,30,134,119,11,97,58,158,43,172,111,181,68,123,6,137,86,76,151,148,7,170,107,55,14,13,101,52,89,75,182,116,162,53,183,69,159,164,90,28,155,73,99,106,136,115,2,152,39,187,60,54,133,85,104,17,8,16,56,21,108,192,40,15,9,33,154,122,179,27,185,127,96,171,141,98,114,64,79,177,47,88,5,186,199,83,59,129,24,95,149,165,62,120,3,169,191,135,146];False
2068;7071;9139;[34,4,144,70,19,87,121,178,102,132,130,84,77,112,93,147,66,157,103,105,74,188,168,31,142,117,167,61,45,138,41,49,78,128,42,57,197,125,145,126,20,160,91,1,150,124,180,196,36,46,140,92,143,23,189,195,175,12,22,26,176,193,109,82,67,166,38,139,63,118,48,194,29,198,174,184,35,161,32,72,163,25,51,50,190,10,0,113,156,71,44,65,37,94,173,18,131,110,81,153,80,100,30,134,119,11,97,58,158,43,187,111,181,68,123,6,137,86,76,151,148,170,7,107,55,14,13,101,52,89,75,182,116,162,53,183,69,159,164,90,28,155,73,99,106,136,115,2,152,39,172,60,54,133,85,104,17,8,16,56,21,108,192,40,15,9,33,154,122,179,27,185,127,96,171,141,98,114,64,79,177,47,88,5,186,199,83,59,129,24,95,149,165,62,120,3,169,191,135,146];False
2141;7053;9194;[34,4,144,70,19,87,121,178,102,132,130,84,77,112,93,147,66,157,103,105,74,188,168,31,142,117,113,61,45,138,41,49,78,128,42,57,197,125,145,126,20,160,91,1,150,124,180,196,36,46,140,92,143,23,189,195,175,12,22,26,176,193,109,82,67,166,38,139,63,118,48,194,29,198,174,184,35,161,32,72,163,25,51,50,190,10,0,167,156,71,44,65,37,94,173,18,131,110,81,153,80,100,30,134,119,11,97,58,158,43,187,111,181,68,123,6,137,86,76,151,199,170,7,107,55,14,13,101,52,89,75,182,116,162,53,183,69,159,164,90,28,155,73,99,106,136,115,2,152,39,172,60,54,133,85,104,17,8,16,56,21,108,192,40,15,9,33,154,122,179,27,185,127,96,171,141,98,114,64,79,177,47,88,5,186,148,83,59,129,24,95,149,165,62,120,3,169,191,135,146];True
1723;7245;8968;[34,4,144,70,19,87,121,178,115,2,130,84,77,112,93,147,66,157,103,105,74,188,168,31,142,117,167,61,45,65,41,49,78,128,42,57,197,125,145,126,143,160,91,1,150,124,180,196,36,46,140,92,82,23,189,47,175,12,22,26,176,193,109,20,67,166,38,139,63,118,48,194,29,198,174,184,35,161,32,72,163,25,51,50,190,10,182,113,156,71,44,138,37,94,173,18,131,110,81,153,101,100,30,134,148,11,97,58,158,43,7,0,62,68,123,6,137,60,54,151,119,187,39,107,55,14,13,111,52,89,75,80,116,162,53,183,69,159,164,90,28,155,73,99,106,136,132,152,102,170,172,86,76,133,85,104,17,8,16,56,21,108,192,40,15,9,33,154,122,179,195,185,127,96,171,141,98,114,64,79,177,27,88,5,186,199,83,59,129,24,95,149,165,181,120,3,169,191,135,146];True
1616;7384;9000;[150,4,144,70,19,87,121,178,2,169,182,84,77,112,34,147,66,157,103,105,74,188,168,31,142,117,167,61,45,65,41,49,78,128,42,57,197,125,145,126,143,160,91,1,93,124,180,196,36,46,140,92,82,23,189,47,175,12,22,26,176,193,109,20,67,166,38,139,63,118,48,194,29,198,174,184,35,161,32,72,163,25,51,50,190,10,130,113,156,116,44,138,37,94,173,18,131,110,81,153,101,100,30,134,148,11,97,58,158,43,7,0,62,68,123,6,137,60,54,151,119,187,39,107,55,14,13,111,52,89,75,80,71,162,53,183,69,159,164,90,28,155,73,99,106,136,132,152,102,170,172,86,76,133,85,104,17,8,16,56,21,108,192,40,15,9,33,154,122,179,195,185,127,96,171,141,98,114,64,79,177,27,88,5,186,199,83,59,129,24,95,149,165,181,120,3,115,191,135,146];False
1616;7383;8999;[146,4,144,70,19,87,121,178,2,169,182,84,77,112,150,147,66,157,103,105,74,188,168,31,142,117,167,61,45,65,41,49,78,128,42,57,197,125,145,126,143,160,91,1,93,124,180,196,36,46,140,92,82,23,189,47,175,12,22,26,176,193,109,20,67,166,38,139,63,118,48,194,29,198,174,184,35,161,32,72,163,25,51,50,190,10,130,113,156,116,44,138,37,94,173,18,131,110,81,153,101,100,30,134,148,11,97,58,158,43,7,0,62,68,123,6,137,60,54,151,119,187,39,107,55,14,13,111,52,89,75,80,71,162,53,183,69,159,164,90,28,155,73,99,106,136,132,152,102,170,172,86,76,133,85,104,17,8,16,56,21,108,192,40,15,9,33,154,122,179,195,185,127,96,171,141,98,114,64,79,177,27,88,5,186,199,83,59,129,24,95,149,165,181,120,3,115,191,135,34];False
1661;7298;8959;[34,4,144,70,19,87,121,178,2,169,182,84,77,112,93,147,66,157,103,105,74,188,168,31,142,117,167,61,45,65,41,49,78,128,42,57,197,125,145,126,143,160,91,1,150,124,180,196,36,46,140,92,82,23,189,47,175,12,22,26,176,193,109,20,67,166,38,139,63,118,48,194,29,198,174,184,35,161,32,72,163,25,51,50,190,10,130,113,156,116,44,138,37,94,173,18,131,110,81,153,101,100,30,134,148,11,97,58,158,43,7,0,62,68,123,6,137,60,54,151,119,187,39,107,55,14,13,111,52,89,75,80,71,162,53,183,69,159,164,90,28,155,73,99,106,136,132,152,102,170,172,86,76,133,85,104,17,8,16,56,21,108,192,40,15,9,33,154,122,179,195,185,127,96,171,141,98,114,64,79,177,27,88,5,186,199,83,59,129,24,95,149,165,181,120,3,115,191,135,146];True
1621;7368;8989;[34,4,144,70,19,87,121,178,2,169,182,84,77,112,150,147,66,157,103,105,74,188,168,31,142,117,167,61,45,65,41,49,78,128,42,57,197,125,145,126,35,160,91,1,93,124,180,196,36,46,140,92,82,23,189,47,175,12,22,26,176,193,109,20,67,166,38,139,63,118,48,194,29,198,174,184,143,161,32,72,163,25,51,50,190,10,130,113,156,116,44,138,37,94,173,18,131,110,81,153,101,100,30,134,148,11,97,58,158,43,7,0,62,68,123,6,137,60,54,151,119,187,39,107,55,14,13,111,52,89,75,80,71,162,53,183,69,159,164,90,28,155,73,99,106,136,132,152,102,170,172,86,76,133,85,104,17,8,16,56,21,108,192,40,15,9,33,154,122,179,195,185,127,96,171,141,98,114,64,79,177,27,88,5,186,199,83,59,129,24,95,149,165,181,120,3,115,191,135,146];False
1623;7351;8974;[34,4,144,70,19,87,121,178,2,169,182,84,77,112,150,147,66,157,103,105,74,188,168,31,142,117,167,61,45,65,41,49,78,128,42,57,197,125,145,126,143,160,91,1,93,124,180,196,36,46,140,92,82,23,189,47,175,12,22,26,176,193,109,20,67,166,38,139,63,118,48,194,29,198,174,184,35,88,32,72,163,25,51,50,190,10,130,113,156,116,44,138,37,94,173,18,131,110,81,153,101,100,30,134,148,11,97,58,158,43,7,0,62,68,123,6,137,60,54,151,119,187,39,107,55,14,13,111,52,89,75,80,71,162,53,183,69,159,164,90,28,155,73,99,106,136,132,152,102,170,172,86,76,133,85,104,17,8,16,56,21,108,192,40,15,9,33,154,122,179,195,185,127,96,171,141,98,114,64,79,177,27,161,5,186,199,83,59,129,24,95,149,165,181,120,3,115,191,135,146];False
1620;7340;8960;[34,4,144,70,19,87,121,178,2,169,182,84,77,112,150,147,66,157,103,105,74,188,168,31,142,117,167,61,45,65,41,49,78,128,42,57,197,125,145,126,143,160,91,1,93,124,180,196,36,46,140,92,82,23,189,47,175,12,22,26,176,193,109,20,67,166,38,139,63,118,48,194,29,198,174,184,35,3,32,72,163,25,51,50,190,10,130,113,156,116,44,138,37,94,173,18,131,110,81,153,101,100,30,134,148,11,97,58,158,43,7,0,62,68,123,6,137,60,54,151,119,187,39,107,55,14,13,111,52,89,75,80,71,162,53,183,69,159,164,90,28,155,73,99,106,136,132,152,102,170,172,86,76,133,85,104,17,8,16,56,21,108,192,40,15,9,33,154,122,179,195,185,127,96,171,141,98,114,64,79,177,27,88,5,186,199,83,59,129,24,95,149,165,181,120,161,115,191,135,146];False
1672;7290;8962;[34,4,144,70,19,87,121,178,2,169,61,84,77,112,93,147,66,157,103,105,74,188,168,31,142,117,167,182,45,138,41,49,78,128,42,57,197,125,145,126,143,160,91,1,150,124,180,196,36,46,140,92,82,23,189,47,175,12,22,26,176,193,109,20,67,166,38,139,63,118,48,194,29,198,174,184,35,161,32,72,163,25,51,50,190,10,130,113,156,116,44,65,37,94,173,18,131,110,81,153,101,100,30,134,148,11,97,58,158,43,7,0,62,68,123,6,137,60,54,151,119,187,39,107,55,14,13,111,52,89,75,80,71,162,53,183,69,159,164,90,28,155,73,99,106,136,132,152,102,170,172,86,76,133,85,104,17,8,16,56,21,108,192,40,15,9,33,154,122,179,195,185,127,96,171,141,98,114,64,79,177,27,88,5,186,199,83,59,129,24,95,149,165,181,120,3,115,191,135,146];True
1631;7332;8963;[34,4,144,70,19,87,121,178,2,169,61,84,77,112,150,147,66,157,103,105,74,188,168,31,142,117,167,182,45,138,41,49,78,128,42,57,197,125,145,126,143,160,91,1,93,124,180,196,36,46,140,92,82,23,189,47,175,12,22,26,176,193,109,20,67,166,38,139,63,118,48,194,29,198,174,184,35,3,32,72,163,25,51,50,190,10,130,113,156,116,44,65,37,94,173,18,131,110,81,153,101,100,30,134,148,11,97,58,158,43,7,0,62,68,123,6,137,60,54,151,119,187,39,107,55,14,13,111,52,89,75,80,71,162,53,183,69,159,164,90,28,155,73,99,106,136,132,152,102,170,172,86,76,133,85,104,17,8,16,56,21,108,192,40,15,9,33,154,122,179,195,185,127,96,171,141,98,114,64,79,177,27,88,5,186,199,83,59,129,24,95,149,165,181,120,161,115,191,135,146];True
1651;7302;8953;[34,4,144,70,19,87,121,178,2,169,182,84,77,112,93,147,66,157,103,105,74,188,168,31,142,117,167,61,45,138,41,49,78,128,42,57,197,125,145,126,143,160,91,1,150,124,180,196,36,46,140,92,82,23,189,47,175,12,22,26,176,193,109,20,67,166,38,139,63,118,48,194,29,198,174,184,35,3,32,72,163,25,51,50,190,10,130,113,156,116,44,65,37,94,173,18,131,110,81,153,101,100,30,134,148,11,97,58,158,43,7,0,62,68,123,6,137,60,54,151,119,187,39,107,55,14,13,111,52,89,75,80,71,162,53,183,69,159,164,90,28,155,73,99,106,136,132,152,102,170,172,86,76,133,85,104,17,8,16,56,21,108,192,40,15,9,33,154,122,179,195,185,127,96,171,141,98,114,64,79,177,27,88,5,186,199,83,59,129,24,95,149,165,181,120,161,115,191,135,146];False
1703;7264;8967;[34,4,144,70,19,87,121,178,2,169,182,84,77,112,93,147,66,157,103,105,74,188,168,31,142,117,167,61,45,138,41,49,78,128,42,57,197,125,145,126,143,160,91,1,150,124,180,196,36,46,140,92,82,23,189,47,175,12,22,26,176,193,109,20,67,166,38,139,63,118,48,194,29,198,174,184,35,161,32,72,163,25,51,50,190,10,130,113,156,71,44,65,37,94,173,18,131,110,81,153,101,100,30,134,148,11,97,58,158,43,7,0,62,68,123,6,137,60,54,151,119,187,39,107,55,14,13,111,52,89,75,80,116,162,53,183,69,159,164,90,28,155,73,99,106,136,132,152,102,170,172,86,76,133,85,104,17,8,16,56,21,108,192,40,15,9,33,154,122,179,195,185,127,96,171,141,98,114,64,79,177,27,88,5,186,199,83,59,129,24,95,149,165,181,120,3,115,191,135,146];False
1606;7388;8994;[150,4,144,70,19,87,121,178,2,169,182,84,77,112,34,147,66,157,103,105,74,188,168,31,142,117,167,61,45,138,41,49,78,128,42,57,197,125,145,126,143,160,91,1,93,124,180,196,36,46,140,92,82,23,189,47,175,12,22,26,176,193,109,20,67,166,38,139,63,118,48,194,29,198,174,184,35,3,32,72,163,25,51,50,190,10,130,113,156,116,44,65,37,94,173,18,131,110,81,153,101,100,30,134,148,11,97,58,158,43,7,0,62,68,123,6,137,60,54,151,119,187,39,107,55,14,13,111,52,89,75,80,71,162,53,183,69,159,164,90,28,155,73,99,106,136,132,152,102,170,172,86,76,133,85,104,17,8,16,56,21,108,192,40,15,9,33,154,122,179,195,185,127,96,171,141,98,114,64,79,177,27,88,5,186,199,83,59,129,24,95,149,165,181,120,161,115,191,135,146];False
1606;7387;8993;[146,4,144,70,19,87,121,178,2,169,182,84,77,112,150,147,66,157,103,105,74,188,168,31,142,117,167,61,45,138,41,49,78,128,42,57,197,125,145,126,143,160,91,1,93,124,180,196,36,46,140,92,82,23,189,47,175,12,22,26,176,193,109,20,67,166,38,139,63,118,48,194,29,198,174,184,35,3,32,72,163,25,51,50,190,10,130,113,156,116,44,65,37,94,173,18,131,110,81,153,101,100,30,134,148,11,97,58,158,43,7,0,62,68,123,6,137,60,54,151,119,187,39,107,55,14,13,111,52,89,75,80,71,162,53,183,69,159,164,90,28,155,73,99,106,136,132,152,102,170,172,86,76,133,85,104,17,8,16,56,21,108,192,40,15,9,33,154,122,179,195,185,127,96,171,141,98,114,64,79,177,27,88,5,186,199,83,59,129,24,95,149,165,181,120,161,115,191,135,34];False
1619;7379;8998;[34,4,144,70,19,87,121,178,2,169,29,84,77,112,150,147,66,157,103,105,74,188,168,31,142,117,167,61,45,138,41,49,78,128,42,57,197,125,145,126,143,160,91,1,93,124,180,196,36,46,140,92,82,23,189,47,175,12,22,26,176,193,109,20,67,166,38,139,63,118,48,194,182,198,174,184,35,3,32,72,163,25,51,50,190,10,130,113,156,116,44,65,37,94,173,18,131,110,81,153,101,100,30,134,148,11,97,58,158,43,7,0,62,68,123,6,137,60,54,151,119,187,39,107,55,14,13,111,52,89,75,80,71,162,53,183,69,159,164,90,28,155,73,99,106,136,132,152,102,170,172,86,76,133,85,104,17,8,16,56,21,108,192,40,15,9,33,154,122,179,195,185,127,96,171,141,98,114,64,79,177,27,88,5,186,199,83,59,129,24,95,149,165,181,120,161,115,191,135,146];False
1619;7364;8983;[34,4,144,70,19,87,121,178,2,169,182,84,77,112,150,147,66,157,103,105,74,188,168,31,142,117,167,61,45,138,41,49,78,128,42,57,197,125,145,126,143,160,91,1,93,124,180,196,36,46,140,92,82,23,189,47,175,12,22,26,176,193,109,20,67,166,38,139,63,118,48,194,29,198,174,184,35,3,32,72,163,25,51,50,190,10,130,113,156,116,44,65,37,94,173,18,131,110,81,153,101,100,30,134,148,11,97,58,158,43,7,0,62,68,123,6,137,60,54,151,119,187,39,107,55,14,13,111,52,89,75,80,71,162,53,183,69,159,164,90,28,155,73,99,106,136,132,152,102,170,172,86,76,133,85,104,17,8,16,56,21,108,192,40,15,9,33,154,122,179,165,185,127,96,171,141,98,114,64,79,177,27,88,5,186,199,83,59,129,24,95,149,195,181,120,161,115,191,135,146];False
1957;7101;9058;[34,4,144,70,19,87,121,178,102,132,130,84,77,112,93,147,66,157,103,105,74,188,168,31,142,117,113,61,45,138,41,49,78,128,42,57,197,125,145,126,143,160,91,1,150,124,180,196,36,46,140,92,82,23,189,195,175,12,22,26,176,193,109,20,67,166,38,139,63,118,48,194,29,198,174,184,35,161,32,72,163,25,51,50,190,10,0,167,156,71,44,65,37,94,173,18,131,110,81,153,80,100,30,134,148,11,97,58,158,43,7,101,181,68,123,6,137,86,76,151,119,187,39,107,55,14,13,111,52,89,75,182,116,162,53,183,69,159,164,90,28,155,73,99,106,136,115,152,2,170,172,60,54,133,85,104,17,8,16,56,21,108,192,40,15,9,33,154,122,179,27,185,127,96,171,141,98,114,64,79,177,47,88,5,186,199,83,59,129,24,95,149,165,62,120,3,169,191,135,146];True
1923;7112;9035;[34,4,144,70,19,87,121,178,102,132,130,84,77,112,93,147,66,157,103,105,74,188,168,31,142,117,167,61,45,65,41,49,78,128,42,57,197,125,145,126,143,160,91,1,150,124,180,196,36,46,140,92,82,23,189,195,175,12,22,26,176,193,109,20,67,166,38,139,63,118,48,194,29,198,174,184,35,161,32,72,163,25,51,50,190,10,0,113,156,71,44,138,37,94,173,18,131,110,81,153,80,100,30,134,148,11,97,58,158,43,7,101,181,68,123,6,137,86,76,151,119,187,39,107,55,14,13,111,52,89,75,182,116,162,53,183,69,159,164,90,28,155,73,99,106,136,115,152,2,170,172,60,54,133,85,104,17,8,16,56,21,108,192,40,15,9,33,154,122,179,27,185,127,96,171,141,98,114,64,79,177,47,88,5,186,199,83,59,129,24,95,149,165,62,120,3,169,191,135,146];True
1879;7139;9018;[34,4,144,70,19,87,121,178,102,132,130,84,77,112,93,147,66,157,103,105,74,188,168,31,142,117,167,61,45,138,41,49,78,128,42,57,197,125,145,126,143,160,91,1,150,124,180,196,36,46,140,92,82,23,189,7,175,12,22,26,176,193,109,20,67,166,38,139,63,118,48,194,29,198,174,184,35,161,32,72,163,25,51,50,190,10,0,113,156,71,44,65,37,94,173,18,131,110,81,153,80,100,30,134,148,11,97,58,158,43,195,101,181,68,123,6,137,86,76,151,119,187,39,107,55,14,13,111,52,89,75,182,116,162,53,183,69,159,164,90,28,155,73,99,106,136,115,152,2,170,172,60,54,133,85,104,17,8,16,56,21,108,192,40,15,9,33,154,122,179,27,185,127,96,171,141,98,114,64,79,177,47,88,5,186,199,83,59,129,24,95,149,165,62,120,3,169,191,135,146];True
1972;7096;9068;[34,4,144,70,19,87,121,178,102,132,130,84,77,112,93,147,66,157,103,105,74,188,168,31,142,117,167,61,45,138,41,49,78,128,42,57,197,125,145,126,143,160,91,1,150,124,180,196,36,46,140,92,82,23,189,195,175,12,22,26,176,193,109,20,67,166,38,139,63,118,48,194,29,198,174,184,35,161,32,72,163,25,51,50,190,10,0,113,156,71,44,65,37,94,173,18,131,110,81,153,80,100,30,134,119,11,97,58,158,43,7,101,181,68,123,6,137,86,76,151,148,187,39,107,55,14,13,111,52,89,75,182,116,162,53,183,69,159,164,90,28,155,73,99,106,136,115,152,2,170,172,60,54,133,85,104,17,8,16,56,21,108,192,40,15,9,33,154,122,179,27,185,127,96,171,141,98,114,64,79,177,47,88,5,186,199,83,59,129,24,95,149,165,62,120,3,169,191,135,146];True
1958;7100;9058;[34,4,144,70,19,87,121,178,102,132,130,84,77,112,93,147,66,157,103,105,74,188,168,31,142,117,167,61,45,138,41,49,78,128,42,57,197,125,145,126,143,160,91,1,150,124,180,196,36,46,140,92,82,23,189,195,175,12,22,26,176,193,109,20,67,166,38,139,63,118,48,194,29,198,174,184,35,161,32,72,163,25,51,50,190,10,0,113,156,71,44,65,37,94,173,18,131,110,81,153,80,100,30,134,148,11,97,58,158,43,7,101,181,68,123,6,137,86,76,151,119,187,39,107,55,14,13,111,52,89,75,182,116,162,53,183,69,159,164,90,28,155,73,99,106,136,115,2,152,170,172,60,54,133,85,104,17,8,16,56,21,108,192,40,15,9,33,154,122,179,27,185,127,96,171,141,98,114,64,79,177,47,88,5,186,199,83,59,129,24,95,149,165,62,120,3,169,191,135,146];True
2033;7076;9109;[34,4,144,70,19,87,121,178,102,132,130,84,77,112,93,147,66,157,103,105,74,188,168,31,142,117,167,61,45,138,41,49,78,60,42,57,197,125,145,126,20,160,91,1,150,124,180,196,36,46,140,92,143,23,189,195,175,12,22,26,176,193,109,82,67,166,38,139,63,118,48,194,29,198,174,184,35,161,32,72,163,25,51,50,190,10,0,113,156,71,44,65,37,94,173,18,131,110,81,153,80,100,30,134,119,11,97,58,158,43,172,111,181,68,123,6,137,86,76,151,148,7,170,107,55,14,13,101,52,89,75,182,116,162,53,183,69,159,164,90,28,155,73,99,106,136,115,2,152,39,187,128,54,133,85,104,17,8,16,56,21,108,192,40,15,9,33,154,122,179,27,185,127,96,171,141,98,114,64,79,177,47,88,5,186,199,83,59,129,24,95,149,165,62,120,3,169,191,135,146];True
2112;7059;9171;[34,4,144,70,19,87,121,178,102,132,130,84,77,112,93,147,66,157,103,105,74,188,168,31,142,117,167,61,45,138,41,49,78,128,42,57,197,125,145,126,20,160,91,1,150,124,180,196,36,46,140,92,143,23,189,195,175,12,22,26,176,193,109,82,67,166,38,139,63,118,48,194,29,198,174,184,35,161,32,72,163,25,51,50,190,10,0,113,156,71,44,65,37,94,173,18,131,110,81,153,80,100,30,134,119,11,97,58,158,43,187,111,181,68,123,6,137,86,76,151,199,170,7,107,55,14,13,101,52,89,75,182,116,162,53,183,69,159,164,90,28,155,73,99,106,136,115,2,152,39,172,60,54,133,85,104,17,8,16,56,21,108,192,40,15,9,33,154,122,179,27,185,127,96,171,141,98,114,64,79,177,47,88,5,186,148,83,59,129,24,95,149,165,62,120,3,169,191,135,146];True
2160;7050;9210;[34,4,144,70,19,39,121,178,102,132,130,84,77,112,93,147,66,157,103,105,74,188,168,31,142,117,113,61,45,138,41,49,78,128,42,57,197,125,145,126,20,160,91,1,150,124,180,196,36,46,140,92,143,23,189,195,175,12,22,26,176,193,109,82,67,166,38,139,63,118,48,194,29,198,174,184,35,161,32,72,163,25,51,50,190,10,0,167,156,71,44,65,37,94,173,18,131,110,81,153,80,100,30,134,119,11,97,58,158,43,187,111,181,68,123,6,137,86,76,151,199,170,7,107,55,14,13,101,52,89,75,182,116,162,53,183,69,159,164,90,28,155,73,99,106,136,115,2,152,87,172,60,54,133,85,104,17,8,16,56,21,108,192,40,15,9,33,154,122,179,27,185,127,96,171,141,98,114,64,79,177,47,88,5,186,148,83,59,129,24,95,149,165,62,120,3,169,191,135,146];True
2206;7042;9248;[34,4,144,70,19,87,121,178,102,132,130,84,77,112,93,147,66,157,103,105,74,188,168,31,142,117,113,61,45,138,41,49,78,128,42,57,197,125,145,126,20,160,91,1,150,124,180,196,36,46,140,92,143,23,189,195,175,12,22,26,176,193,109,82,67,166,38,139,63,118,48,194,29,198,174,184,35,161,32,72,163,25,51,50,190,10,0,167,156,71,44,65,37,94,173,18,131,110,81,153,80,100,30,134,119,11,97,58,158,43,187,111,181,68,123,6,137,86,76,151,199,170,7,107,55,14,13,101,52,89,75,182,116,162,53,183,69,159,164,90,28,155,73,99,106,136,115,2,152,39,172,60,54,133,85,104,17,8,16,56,21,108,192,40,15,9,33,154,122,177,27,185,127,96,171,141,98,114,64,79,179,47,88,5,186,148,83,59,129,24,95,149,165,62,120,3,169,191,135,146];False
1601;7392;8993;[146,4,144,70,19,87,121,178,2,169,182,84,77,112,150,147,66,157,103,105,74,188,168,31,142,117,167,61,45,65,41,49,78,128,42,57,197,125,145,126,143,160,91,1,93,124,180,196,36,46,140,92,82,23,189,47,175,12,22,26,176,193,109,20,67,166,38,139,63,118,48,194,29,198,174,184,35,3,32,72,163,25,51,50,190,10,130,113,156,116,44,138,37,94,173,18,131,110,81,153,101,100,30,134,148,11,97,58,158,43,7,0,62,68,123,6,137,60,54,151,119,187,39,107,55,14,13,111,52,89,75,80,71,162,53,183,69,159,164,90,28,155,73,99,106,136,132,152,102,170,172,86,76,133,85,104,17,8,16,56,21,108,192,40,15,9,33,154,122,179,195,185,127,96,171,141,98,114,64,79,177,27,88,5,186,199,83,59,129,24,95,149,165,181,120,161,115,191,135,34];False
1649;7318;8967;[34,4,144,70,19,87,121,178,2,169,182,84,77,112,93,147,66,157,103,105,74,188,168,31,142,117,167,61,45,65,41,49,78,128,42,57,197,125,145,126,143,160,91,1,150,124,180,196,36,46,140,92,82,23,189,47,175,12,22,26,176,193,109,20,67,166,38,139,63,118,48,194,29,198,174,184,35,88,32,72,163,25,51,50,190,10,130,113,156,116,44,138,37,94,173,18,131,110,81,153,101,100,30,134,148,11,97,58,158,43,7,0,62,68,123,6,137,60,54,151,119,187,39,107,55,14,13,111,52,89,75,80,71,162,53,183,69,159,164,90,28,155,73,99,106,136,132,152,102,170,172,86,76,133,85,104,17,8,16,56,21,108,192,40,15,9,33,154,122,179,195,185,127,96,171,141,98,114,64,79,177,27,161,5,186,199,83,59,129,24,95,149,165,181,120,3,115,191,135,146];False
1646;7307;8953;[34,4,144,70,19,87,121,178,2,169,182,84,77,112,93,147,66,157,103,105,74,188,168,31,142,117,167,61,45,65,41,49,78,128,42,57,197,125,145,126,143,160,91,1,150,124,180,196,36,46,140,92,82,23,189,47,175,12,22,26,176,193,109,20,67,166,38,139,63,118,48,194,29,198,174,184,35,3,32,72,163,25,51,50,190,10,130,113,156,116,44,138,37,94,173,18,131,110,81,153,101,100,30,134,148,11,97,58,158,43,7,0,62,68,123,6,137,60,54,151,119,187,39,107,55,14,13,111,52,89,75,80,71,162,53,183,69,159,164,90,28,155,73,99,106,136,132,152,102,170,172,86,76,133,85,104,17,8,16,56,21,108,192,40,15,9,33,154,122,179,195,185,127,96,171,141,98,114,64,79,177,27,88,5,186,199,83,59,129,24,95,149,165,181,120,161,115,191,135,146];False
1616;7378;8994;[34,4,144,70,194,87,121,178,2,169,182,84,77,112,150,147,66,157,103,105,74,188,168,31,142,117,167,61,45,65,41,49,78,128,42,57,197,125,145,126,143,160,91,1,93,124,180,196,36,46,140,92,82,23,189,47,175,12,22,26,176,193,109,20,67,166,38,139,63,118,48,19,29,198,174,184,35,3,32,72,163,25,51,50,190,10,130,113,156,116,44,138,37,94,173,18,131,110,81,153,101,100,30,134,148,11,97,58,158,43,7,0,62,68,123,6,137,60,54,151,119,187,39,107,55,14,13,111,52,89,75,80,71,162,53,183,69,159,164,90,28,155,73,99,106,136,132,152,102,170,172,86,76,133,85,104,17,8,16,56,21,108,192,40,15,9,33,154,122,179,195,185,127,96,171,141,98,114,64,79,177,27,88,5,186,199,83,59,129,24,95,149,165,181,120,161,115,191,135,146];False
1614;7384;8998;[34,4,144,70,19,87,121,178,2,169,29,84,77,112,150,147,66,157,103,105,74,188,168,31,142,117,167,61,45,65,41,49,78,128,42,57,197,125,145,126,143,160,91,1,93,124,180,196,36,46,140,92,82,23,189,47,175,12,22,26,176,193,109,20,67,166,38,139,63,118,48,194,182,198,174,184,35,3,32,72,163,25,51,50,190,10,130,113,156,116,44,138,37,94,173,18,131,110,81,153,101,100,30,134,148,11,97,58,158,43,7,0,62,68,123,6,137,60,54,151,119,187,39,107,55,14,13,111,52,89,75,80,71,162,53,183,69,159,164,90,28,155,73,99,106,136,132,152,102,170,172,86,76,133,85,104,17,8,16,56,21,108,192,40,15,9,33,154,122,179,195,185,127,96,171,141,98,114,64,79,177,27,88,5,186,199,83,59,129,24,95,149,165,181,120,161,115,191,135,146];False
1614;7369;8983;[34,4,144,70,19,87,121,178,2,169,182,84,77,112,150,147,66,157,103,105,74,188,168,31,142,117,167,61,45,65,41,49,78,128,42,57,197,125,145,126,143,160,91,1,93,124,180,196,36,46,140,92,82,23,189,47,175,12,22,26,176,193,109,20,67,166,38,139,63,118,48,194,29,198,174,184,35,3,32,72,163,25,51,50,190,10,130,113,156,116,44,138,37,94,173,18,131,110,81,153,101,100,30,134,148,11,97,58,158,43,7,0,62,68,123,6,137,60,54,151,119,187,39,107,55,14,13,111,52,89,75,80,71,162,53,183,69,159,164,90,28,155,73,99,106,136,132,152,102,170,172,86,76,133,85,104,17,8,16,56,21,108,192,40,15,9,33,154,122,179,165,185,127,96,171,141,98,114,64,79,177,27,88,5,186,199,83,59,129,24,95,149,195,181,120,161,115,191,135,146];False
1657;7299;8956;[34,4,144,70,19,87,121,178,2,169,61,84,77,112,93,147,66,157,103,105,74,188,168,31,142,117,167,182,45,138,41,49,78,128,42,57,197,125,145,126,143,160,91,1,150,124,180,196,36,46,140,92,82,23,189,47,175,12,22,26,176,193,109,20,67,166,38,139,63,118,48,194,29,198,174,184,35,3,32,72,163,25,51,50,190,10,130,113,156,116,44,65,37,94,173,18,131,110,81,153,101,100,30,134,148,11,97,58,158,43,7,0,62,68,123,6,137,60,54,151,119,187,39,107,55,14,13,111,52,89,75,80,71,162,53,183,69,159,164,90,28,155,73,99,106,136,132,152,102,170,172,86,76,133,85,104,17,8,16,56,21,108,192,40,15,9,33,154,122,179,195,185,127,96,171,141,98,114,64,79,177,27,88,5,186,199,83,59,129,24,95,149,165,181,120,161,115,191,135,146];True
1612;7385;8997;[150,4,144,70,19,87,121,178,2,169,61,84,77,112,34,147,66,157,103,105,74,188,168,31,142,117,167,182,45,138,41,49,78,128,42,57,197,125,145,126,143,160,91,1,93,124,180,196,36,46,140,92,82,23,189,47,175,12,22,26,176,193,109,20,67,166,38,139,63,118,48,194,29,198,174,184,35,3,32,72,163,25,51,50,190,10,130,113,156,116,44,65,37,94,173,18,131,110,81,153,101,100,30,134,148,11,97,58,158,43,7,0,62,68,123,6,137,60,54,151,119,187,39,107,55,14,13,111,52,89,75,80,71,162,53,183,69,159,164,90,28,155,73,99,106,136,132,152,102,170,172,86,76,133,85,104,17,8,16,56,21,108,192,40,15,9,33,154,122,179,195,185,127,96,171,141,98,114,64,79,177,27,88,5,186,199,83,59,129,24,95,149,165,181,120,161,115,191,135,146];False
1612;7384;8996;[146,4,144,70,19,87,121,178,2,169,61,84,77,112,150,147,66,157,103,105,74,188,168,31,142,117,167,182,45,138,41,49,78,128,42,57,197,125,145,126,143,160,91,1,93,124,180,196,36,46,140,92,82,23,189,47,175,12,22,26,176,193,109,20,67,166,38,139,63,118,48,194,29,198,174,184,35,3,32,72,163,25,51,50,190,10,130,113,156,116,44,65,37,94,173,18,131,110,81,153,101,100,30,134,148,11,97,58,158,43,7,0,62,68,123,6,137,60,54,151,119,187,39,107,55,14,13,111,52,89,75,80,71,162,53,183,69,159,164,90,28,155,73,99,106,136,132,152,102,170,172,86,76,133,85,104,17,8,16,56,21,108,192,40,15,9,33,154,122,179,195,185,127,96,171,141,98,114,64,79,177,27,88,5,186,199,83,59,129,24,95,149,165,181,120,161,115,191,135,34];False
1623;7334;8957;[34,4,144,70,19,87,121,178,2,32,61,84,77,112,150,147,66,157,103,105,74,188,168,31,142,117,167,182,45,138,41,49,78,128,42,57,197,125,145,126,143,160,91,1,93,124,180,196,36,46,140,92,82,23,189,47,175,12,22,26,176,193,109,20,67,166,38,139,63,118,48,194,29,198,174,184,35,3,169,72,163,25,51,50,190,10,130,113,156,116,44,65,37,94,173,18,131,110,81,153,101,100,30,134,148,11,97,58,158,43,7,0,62,68,123,6,137,60,54,151,119,187,39,107,55,14,13,111,52,89,75,80,71,162,53,183,69,159,164,90,28,155,73,99,106,136,132,152,102,170,172,86,76,133,85,104,17,8,16,56,21,108,192,40,15,9,33,154,122,179,195,185,127,96,171,141,98,114,64,79,177,27,88,5,186,199,83,59,129,24,95,149,165,181,120,161,115,191,135,146];True
1688;7273;8961;[34,4,144,70,19,87,121,178,2,169,182,84,77,112,93,147,66,157,103,105,74,188,168,31,142,117,167,61,45,138,41,49,78,128,42,57,197,125,145,126,143,160,91,1,150,124,180,196,36,46,140,92,82,23,189,47,175,12,22,26,176,193,109,20,67,166,38,139,63,118,48,194,29,198,174,184,35,3,32,72,163,25,51,50,190,10,130,113,156,71,44,65,37,94,173,18,131,110,81,153,101,100,30,134,148,11,97,58,158,43,7,0,62,68,123,6,137,60,54,151,119,187,39,107,55,14,13,111,52,89,75,80,116,162,53,183,69,159,164,90,28,155,73,99,106,136,132,152,102,170,172,86,76,133,85,104,17,8,16,56,21,108,192,40,15,9,33,154,122,179,195,185,127,96,171,141,98,114,64,79,177,27,88,5,186,199,83,59,129,24,95,149,165,181,120,161,115,191,135,146];False
1952;7106;9058;[34,4,144,70,19,87,121,178,102,132,130,84,77,112,93,147,66,157,103,105,74,188,168,31,142,117,113,61,45,65,41,49,78,128,42,57,197,125,145,126,143,160,91,1,150,124,180,196,36,46,140,92,82,23,189,195,175,12,22,26,176,193,109,20,67,166,38,139,63,118,48,194,29,198,174,184,35,161,32,72,163,25,51,50,190,10,0,167,156,71,44,138,37,94,173,18,131,110,81,153,80,100,30,134,148,11,97,58,158,43,7,101,181,68,123,6,137,86,76,151,119,187,39,107,55,14,13,111,52,89,75,182,116,162,53,183,69,159,164,90,28,155,73,99,106,136,115,152,2,170,172,60,54,133,85,104,17,8,16,56,21,108,192,40,15,9,33,154,122,179,27,185,127,96,171,141,98,114,64,79,177,47,88,5,186,199,83,59,129,24,95,149,165,62,120,3,169,191,135,146];True
2001;7090;9091;[34,4,144,70,19,87,121,178,102,132,130,84,77,112,93,147,66,157,103,105,74,188,168,31,142,117,113,61,45,138,41,49,78,128,42,57,197,125,145,126,143,160,91,1,150,124,180,196,36,46,140,92,82,23,189,195,175,12,22,26,176,193,109,20,67,166,38,139,63,118,48,194,29,198,174,184,35,161,32,72,163,25,51,50,190,10,0,167,156,71,44,65,37,94,173,18,131,110,81,153,80,100,30,134,119,11,97,58,158,43,7,101,181,68,123,6,137,86,76,151,148,187,39,107,55,14,13,111,52,89,75,182,116,162,53,183,69,159,164,90,28,155,73,99,106,136,115,152,2,170,172,60,54,133,85,104,17,8,16,56,21,108,192,40,15,9,33,154,122,179,27,185,127,96,171,141,98,114,64,79,177,47,88,5,186,199,83,59,129,24,95,149,165,62,120,3,169,191,135,146];True
1904;7135;9039;[34,4,144,70,19,87,121,178,102,132,130,84,77,112,93,147,66,157,103,105,74,188,168,31,142,117,167,61,45,65,41,49,78,128,42,57,197,125,145,126,143,160,91,1,150,124,180,196,36,46,140,92,82,23,189,27,175,12,22,26,176,193,109,20,67,166,38,139,63,118,48,194,29,198,174,184,35,161,32,72,163,25,51,50,190,10,0,113,156,71,44,138,37,94,173,18,131,110,81,153,80,100,30,134,148,11,97,58,158,43,7,101,181,68,123,6,137,86,76,151,119,187,39,107,55,14,13,111,52,89,75,182,116,162,53,183,69,159,164,90,28,155,73,99,106,136,115,152,2,170,172,60,54,133,85,104,17,8,16,56,21,108,192,40,15,9,33,154,122,179,195,185,127,96,171,141,98,114,64,79,177,47,88,5,186,199,83,59,129,24,95,149,165,62,120,3,169,191,135,146];False
1953;7105;9058;[34,4,144,70,19,87,121,178,102,132,130,84,77,112,93,147,66,157,103,105,74,188,168,31,142,117,167,61,45,65,41,49,78,128,42,57,197,125,145,126,143,160,91,1,150,124,180,196,36,46,140,92,82,23,189,195,175,12,22,26,176,193,109,20,67,166,38,139,63,118,48,194,29,198,174,184,35,161,32,72,163,25,51,50,190,10,0,113,156,71,44,138,37,94,173,18,131,110,81,153,80,100,30,134,148,11,97,58,158,43,7,101,181,68,123,6,137,86,76,151,119,187,39,107,55,14,13,111,52,89,75,182,116,162,53,183,69,159,164,90,28,155,73,99,106,136,115,2,152,170,172,60,54,133,85,104,17,8,16,56,21,108,192,40,15,9,33,154,122,179,27,185,127,96,171,141,98,114,64,79,177,47,88,5,186,199,83,59,129,24,95,149,165,62,120,3,169,191,135,146];True
1897;7132;9029;[34,4,144,70,19,87,121,178,102,132,130,84,77,112,93,147,66,157,103,105,74,188,168,31,142,117,167,61,45,138,41,49,78,128,42,57,197,125,145,126,143,160,91,1,150,124,180,196,36,46,140,92,82,23,189,7,175,12,22,26,176,193,109,20,67,166,38,139,63,118,48,194,29,198,174,184,35,161,32,72,163,25,51,50,190,10,0,113,156,71,44,65,37,94,173,18,131,110,81,153,80,100,30,134,148,195,97,58,158,43,11,101,181,68,123,6,137,86,76,151,119,187,39,107,55,14,13,111,52,89,75,182,116,162,53,183,69,159,164,90,28,155,73,99,106,136,115,152,2,170,172,60,54,133,85,104,17,8,16,56,21,108,192,40,15,9,33,154,122,179,27,185,127,96,171,141,98,114,64,79,177,47,88,5,186,199,83,59,129,24,95,149,165,62,120,3,169,191,135,146];True
1885;7138;9023;[34,4,144,70,19,87,121,178,102,132,130,84,77,112,93,147,66,157,103,105,74,188,168,31,142,117,167,61,45,138,41,49,78,128,42,57,197,125,145,126,143,160,91,1,150,124,180,196,36,46,140,92,82,23,189,7,175,12,22,26,176,193,109,20,67,166,38,139,63,118,48,194,29,198,174,184,35,161,32,72,163,25,51,50,190,10,0,113,156,71,44,65,37,94,173,18,131,110,81,153,80,100,30,134,148,11,97,58,158,43,195,111,181,68,123,6,137,86,76,151,119,187,39,107,55,14,13,101,52,89,75,182,116,162,53,183,69,159,164,90,28,155,73,99,106,136,115,152,2,170,172,60,54,133,85,104,17,8,16,56,21,108,192,40,15,9,33,154,122,179,27,185,127,96,171,141,98,114,64,79,177,47,88,5,186,199,83,59,129,24,95,149,165,62,120,3,169,191,135,146];True
2002;7089;9091;[34,4,144,70,19,87,121,178,102,132,130,84,77,112,93,147,66,157,103,105,74,188,168,31,142,117,167,61,45,138,41,49,78,128,42,57,197,125,145,126,143,160,91,1,150,124,180,196,36,46,140,92,82,23,189,195,175,12,22,26,176,193,109,20,67,166,38,139,63,118,48,194,29,198,174,184,35,161,32,72,163,25,51,50,190,10,0,113,156,71,44,65,37,94,173,18,131,110,81,153,80,100,30,134,119,11,97,58,158,43,7,101,181,68,123,6,137,86,76,151,148,187,39,107,55,14,13,111,52,89,75,182,116,162,53,183,69,159,164,90,28,155,73,99,106,136,115,2,152,170,172,60,54,133,85,104,17,8,16,56,21,108,192,40,15,9,33,154,122,179,27,185,127,96,171,141,98,114,64,79,177,47,88,5,186,199,83,59,129,24,95,149,165,62,120,3,169,191,135,146];True
2062;7070;9132;[34,4,144,70,19,87,121,178,102,132,130,84,77,112,93,147,66,157,103,105,74,188,168,31,142,117,113,61,45,138,41,49,78,60,42,57,197,125,145,126,20,160,91,1,150,124,180,196,36,46,140,92,143,23,189,195,175,12,22,26,176,193,109,82,67,166,38,139,63,118,48,194,29,198,174,184,35,161,32,72,163,25,51,50,190,10,0,167,156,71,44,65,37,94,173,18,131,110,81,153,80,100,30,134,119,11,97,58,158,43,172,111,181,68,123,6,137,86,76,151,148,7,170,107,55,14,13,101,52,89,75,182,116,162,53,183,69,159,164,90,28,155,73,99,106,136,115,2,152,39,187,128,54,133,85,104,17,8,16,56,21,108,192,40,15,9,33,154,122,179,27,185,127,96,171,141,98,114,64,79,177,47,88,5,186,199,83,59,129,24,95,149,165,62,120,3,169,191,135,146];True
2021;7081;9102;[34,4,144,70,19,87,121,178,102,132,130,84,77,112,93,147,66,157,103,105,74,188,168,31,142,117,167,61,45,138,41,49,78,60,42,57,197,125,145,126,20,160,91,1,150,124,180,196,36,46,140,92,143,23,189,195,175,12,22,26,176,193,109,82,67,166,38,139,63,118,48,194,29,198,174,184,35,161,32,72,163,25,51,50,190,10,0,113,156,71,44,65,37,94,173,18,131,110,81,153,80,100,30,134,119,11,97,58,158,43,172,111,181,68,123,6,137,86,76,151,148,170,7,107,55,14,13,101,52,89,75,182,116,162,53,183,69,159,164,90,28,155,73,99,106,136,115,2,152,39,187,128,54,133,85,104,17,8,16,56,21,108,192,40,15,9,33,154,122,179,27,185,127,96,171,141,98,114,64,79,177,47,88,5,186,199,83,59,129,24,95,149,165,62,120,3,169,191,135,146];True
2131;7056;9187;[34,4,144,70,19,39,121,178,102,132,130,84,77,112,93,147,66,157,103,105,74,188,168,31,142,117,167,61,45,138,41,49,78,128,42,57,197,125,145,126,20,160,91,1,150,124,180,196,36,46,140,92,143,23,189,195,175,12,22,26,176,193,109,82,67,166,38,139,63,118,48,194,29,198,174,184,35,161,32,72,163,25,51,50,190,10,0,113,156,71,44,65,37,94,173,18,131,110,81,153,80,100,30,134,119,11,97,58,158,43,187,111,181,68,123,6,137,86,76,151,199,170,7,107,55,14,13,101,52,89,75,182,116,162,53,183,69,159,164,90,28,155,73,99,106,136,115,2,152,87,172,60,54,133,85,104,17,8,16,56,21,108,192,40,15,9,33,154,122,179,27,185,127,96,171,141,98,114,64,79,177,47,88,5,186,148,83,59,129,24,95,149,165,62,120,3,169,191,135,146];True
2105;7062;9167;[34,4,144,70,19,87,121,178,102,132,130,84,77,112,93,147,66,157,103,105,74,188,168,31,142,117,167,61,45,138,41,49,78,128,42,57,197,125,145,126,20,160,91,1,150,124,180,196,36,46,140,92,143,23,189,195,175,12,22,26,176,193,109,82,67,166,38,139,63,118,48,194,29,198,174,184,35,161,32,72,163,25,51,50,190,10,0,113,156,71,44,65,37,94,173,18,131,110,81,153,80,100,30,134,119,11,97,58,158,43,172,111,181,68,123,6,137,86,76,151,199,170,7,107,55,14,13,101,52,89,75,182,116,162,53,183,69,159,164,90,28,155,73,99,106,136,115,2,152,39,187,60,54,133,85,104,17,8,16,56,21,108,192,40,15,9,33,154,122,179,27,185,127,96,171,141,98,114,64,79,177,47,88,5,186,148,83,59,129,24,95,149,165,62,120,3,169,191,135,146];True
1649;7301;8950;[34,4,144,70,19,87,121,178,2,32,61,84,77,112,93,147,66,157,103,105,74,188,168,31,142,117,167,182,45,138,41,49,78,128,42,57,197,125,145,126,143,160,91,1,150,124,180,196,36,46,140,92,82,23,189,47,175,12,22,26,176,193,109,20,67,166,38,139,63,118,48,194,29,198,174,184,35,3,169,72,163,25,51,50,190,10,130,113,156,116,44,65,37,94,173,18,131,110,81,153,101,100,30,134,148,11,97,58,158,43,7,0,62,68,123,6,137,60,54,151,119,187,39,107,55,14,13,111,52,89,75,80,71,162,53,183,69,159,164,90,28,155,73,99,106,136,132,152,102,170,172,86,76,133,85,104,17,8,16,56,21,108,192,40,15,9,33,154,122,179,195,185,127,96,171,141,98,114,64,79,177,27,88,5,186,199,83,59,129,24,95,149,165,181,120,161,115,191,135,146];True
1604;7386;8990;[146,4,144,70,19,87,121,178,2,32,61,84,77,112,150,147,66,157,103,105,74,188,168,31,142,117,167,182,45,138,41,49,78,128,42,57,197,125,145,126,143,160,91,1,93,124,180,196,36,46,140,92,82,23,189,47,175,12,22,26,176,193,109,20,67,166,38,139,63,118,48,194,29,198,174,184,35,3,169,72,163,25,51,50,190,10,130,113,156,116,44,65,37,94,173,18,131,110,81,153,101,100,30,134,148,11,97,58,158,43,7,0,62,68,123,6,137,60,54,151,119,187,39,107,55,14,13,111,52,89,75,80,71,162,53,183,69,159,164,90,28,155,73,99,106,136,132,152,102,170,172,86,76,133,85,104,17,8,16,56,21,108,192,40,15,9,33,154,122,179,195,185,127,96,171,141,98,114,64,79,177,27,88,5,186,199,83,59,129,24,95,149,165,181,120,161,115,191,135,34];True
1618;7339;8957;[34,4,144,70,19,87,121,178,2,32,61,84,77,112,150,147,66,157,103,105,74,188,168,31,142,117,167,182,45,65,41,49,78,128,42,57,197,125,145,126,143,160,91,1,93,124,180,196,36,46,140,92,82,23,189,47,175,12,22,26,176,193,109,20,67,166,38,139,63,118,48,194,29,198,174,184,35,3,169,72,163,25,51,50,190,10,130,113,156,116,44,138,37,94,173,18,131,110,81,153,101,100,30,134,148,11,97,58,158,43,7,0,62,68,123,6,137,60,54,151,119,187,39,107,55,14,13,111,52,89,75,80,71,162,53,183,69,159,164,90,28,155,73,99,106,136,132,152,102,170,172,86,76,133,85,104,17,8,16,56,21,108,192,40,15,9,33,154,122,179,195,185,127,96,171,141,98,114,64,79,177,27,88,5,186,199,83,59,129,24,95,149,165,181,120,161,115,191,135,146];True
1617;7363;8980;[34,4,144,70,19,87,121,178,2,32,61,84,77,112,150,147,66,157,103,105,74,188,168,31,142,117,167,182,45,138,41,49,78,128,42,57,197,125,145,126,143,160,91,1,93,124,180,196,36,46,140,92,82,23,189,47,175,12,22,26,176,193,109,20,67,166,38,139,63,118,48,194,29,198,174,184,35,3,169,72,163,25,51,50,190,10,130,113,156,116,44,65,37,94,173,18,131,110,81,153,101,100,30,134,148,11,97,58,158,43,7,0,62,68,123,6,137,60,54,151,119,187,39,107,55,14,13,111,52,89,75,80,71,162,53,183,69,159,164,90,28,155,73,99,106,136,132,152,102,170,172,86,76,133,85,104,17,8,16,56,21,108,192,40,15,9,33,154,122,179,165,185,127,96,171,141,98,114,64,79,177,27,88,5,186,199,83,59,129,24,95,149,195,181,120,161,115,191,135,146];True
2050;7075;9125;[34,4,144,70,19,87,121,178,102,132,130,84,77,112,93,147,66,157,103,105,74,188,168,31,142,117,113,61,45,138,41,49,78,60,42,57,197,125,145,126,20,160,91,1,150,124,180,196,36,46,140,92,143,23,189,195,175,12,22,26,176,193,109,82,67,166,38,139,63,118,48,194,29,198,174,184,35,161,32,72,163,25,51,50,190,10,0,167,156,71,44,65,37,94,173,18,131,110,81,153,80,100,30,134,119,11,97,58,158,43,172,111,181,68,123,6,137,86,76,151,148,170,7,107,55,14,13,101,52,89,75,182,116,162,53,183,69,159,164,90,28,155,73,99,106,136,115,2,152,39,187,128,54,133,85,104,17,8,16,56,21,108,192,40,15,9,33,154,122,179,27,185,127,96,171,141,98,114,64,79,177,47,88,5,186,199,83,59,129,24,95,149,165,62,120,3,169,191,135,146];True
2065;7069;9134;[34,4,144,70,19,87,121,178,102,132,130,84,77,112,93,147,66,157,103,105,74,188,168,31,142,117,167,61,45,138,41,49,78,60,42,57,197,125,145,126,20,160,91,1,150,124,180,196,36,46,140,92,143,23,189,195,175,12,22,26,176,193,109,82,67,166,38,139,63,118,48,194,29,198,174,184,35,161,32,72,163,25,51,50,190,10,0,113,156,71,44,65,37,94,173,18,131,110,81,153,80,100,30,134,119,11,97,58,158,43,172,111,181,68,123,6,137,86,76,151,199,170,7,107,55,14,13,101,52,89,75,182,116,162,53,183,69,159,164,90,28,155,73,99,106,136,115,2,152,39,187,128,54,133,85,104,17,8,16,56,21,108,192,40,15,9,33,154,122,179,27,185,127,96,171,141,98,114,64,79,177,47,88,5,186,148,83,59,129,24,95,149,165,62,120,3,169,191,135,146];True
1644;7306;8950;[34,4,144,70,19,87,121,178,2,32,61,84,77,112,93,147,66,157,103,105,74,188,168,31,142,117,167,182,45,65,41,49,78,128,42,57,197,125,145,126,143,160,91,1,150,124,180,196,36,46,140,92,82,23,189,47,175,12,22,26,176,193,109,20,67,166,38,139,63,118,48,194,29,198,174,184,35,3,169,72,163,25,51,50,190,10,130,113,156,116,44,138,37,94,173,18,131,110,81,153,101,100,30,134,148,11,97,58,158,43,7,0,62,68,123,6,137,60,54,151,119,187,39,107,55,14,13,111,52,89,75,80,71,162,53,183,69,159,164,90,28,155,73,99,106,136,132,152,102,170,172,86,76,133,85,104,17,8,16,56,21,108,192,40,15,9,33,154,122,179,195,185,127,96,171,141,98,114,64,79,177,27,88,5,186,199,83,59,129,24,95,149,165,181,120,161,115,191,135,146];True
1686;7272;8958;[34,4,144,70,19,87,121,178,2,32,61,84,77,112,93,147,66,157,103,105,74,188,168,31,142,117,167,182,45,138,41,49,78,128,42,57,197,125,145,126,143,160,91,1,150,124,180,196,36,46,140,92,82,23,189,47,175,12,22,26,176,193,109,20,67,166,38,139,63,118,48,194,29,198,174,184,35,3,169,72,163,25,51,50,190,10,130,113,156,71,44,65,37,94,173,18,131,110,81,153,101,100,30,134,148,11,97,58,158,43,7,0,62,68,123,6,137,60,54,151,119,187,39,107,55,14,13,111,52,89,75,80,116,162,53,183,69,159,164,90,28,155,73,99,106,136,132,152,102,170,172,86,76,133,85,104,17,8,16,56,21,108,192,40,15,9,33,154,122,179,195,185,127,96,171,141,98,114,64,79,177,27,88,5,186,199,83,59,129,24,95,149,165,181,120,161,115,191,135,146];True
1599;7391;8990;[146,4,144,70,19,87,121,178,2,32,61,84,77,112,150,147,66,157,103,105,74,188,168,31,142,117,167,182,45,65,41,49,78,128,42,57,197,125,145,126,143,160,91,1,93,124,180,196,36,46,140,92,82,23,189,47,175,12,22,26,176,193,109,20,67,166,38,139,63,118,48,194,29,198,174,184,35,3,169,72,163,25,51,50,190,10,130,113,156,116,44,138,37,94,173,18,131,110,81,153,101,100,30,134,148,11,97,58,158,43,7,0,62,68,123,6,137,60,54,151,119,187,39,107,55,14,13,111,52,89,75,80,71,162,53,183,69,159,164,90,28,155,73,99,106,136,132,152,102,170,172,86,76,133,85,104,17,8,16,56,21,108,192,40,15,9,33,154,122,179,195,185,127,96,171,141,98,114,64,79,177,27,88,5,186,199,83,59,129,24,95,149,165,181,120,161,115,191,135,34];True
1611;7372;8983;[34,4,144,70,19,87,121,178,2,32,61,84,77,112,150,147,66,157,103,105,74,188,168,31,142,117,45,182,167,65,41,49,78,128,42,57,197,125,145,126,143,160,91,1,93,124,180,196,36,46,140,92,82,23,189,47,175,12,22,26,176,193,109,20,67,166,38,139,63,118,48,194,29,198,174,184,35,3,169,72,163,25,51,50,190,10,130,113,156,116,44,138,37,94,173,18,131,110,81,153,101,100,30,134,148,11,97,58,158,43,7,0,62,68,123,6,137,60,54,151,119,187,39,107,55,14,13,111,52,89,75,80,71,162,53,183,69,159,164,90,28,155,73,99,106,136,132,152,102,170,172,86,76,133,85,104,17,8,16,56,21,108,192,40,15,9,33,154,122,179,195,185,127,96,171,141,98,114,64,79,177,27,88,5,186,199,83,59,129,24,95,149,165,181,120,161,115,191,135,146];True
1612;7368;8980;[34,4,144,70,19,87,121,178,2,32,61,84,77,112,150,147,66,157,103,105,74,188,168,31,142,117,167,182,45,65,41,49,78,128,42,57,197,125,145,126,143,160,91,1,93,124,180,196,36,46,140,92,82,23,189,47,175,12,22,26,176,193,109,20,67,166,38,139,63,118,48,194,29,198,174,184,35,3,169,72,163,25,51,50,190,10,130,113,156,116,44,138,37,94,173,18,131,110,81,153,101,100,30,134,148,11,97,58,158,43,7,0,62,68,123,6,137,60,54,151,119,187,39,107,55,14,13,111,52,89,75,80,71,162,53,183,69,159,164,90,28,155,73,99,106,136,132,152,102,170,172,86,76,133,85,104,17,8,16,56,21,108,192,40,15,9,33,154,122,179,165,185,127,96,171,141,98,114,64,79,177,27,88,5,186,199,83,59,129,24,95,149,195,181,120,161,115,191,135,146];True
2094;7063;9157;[34,4,144,70,19,87,121,178,102,132,130,84,77,112,93,147,66,157,103,105,74,188,168,31,142,117,113,61,45,138,41,49,78,60,42,57,197,125,145,126,20,160,91,1,150,124,180,196,36,46,140,92,143,23,189,195,175,12,22,26,176,193,109,82,67,166,38,139,63,118,48,194,29,198,174,184,35,161,32,72,163,25,51,50,190,10,0,167,156,71,44,65,37,94,173,18,131,110,81,153,80,100,30,134,119,11,97,58,158,43,172,111,181,68,123,6,137,86,76,151,199,170,7,107,55,14,13,101,52,89,75,182,116,162,53,183,69,159,164,90,28,155,73,99,106,136,115,2,152,39,187,128,54,133,85,104,17,8,16,56,21,108,192,40,15,9,33,154,122,179,27,185,127,96,171,141,98,114,64,79,177,47,88,5,186,148,83,59,129,24,95,149,165,62,120,3,169,191,135,146];True
1681;7277;8958;[34,4,144,70,19,87,121,178,2,32,61,84,77,112,93,147,66,157,103,105,74,188,168,31,142,117,167,182,45,65,41,49,78,128,42,57,197,125,145,126,143,160,91,1,150,124,180,196,36,46,140,92,82,23,189,47,175,12,22,26,176,193,109,20,67,166,38,139,63,118,48,194,29,198,174,184,35,3,169,72,163,25,51,50,190,10,130,113,156,71,44,138,37,94,173,18,131,110,81,153,101,100,30,134,148,11,97,58,158,43,7,0,62,68,123,6,137,60,54,151,119,187,39,107,55,14,13,111,52,89,75,80,116,162,53,183,69,159,164,90,28,155,73,99,106,136,132,152,102,170,172,86,76,133,85,104,17,8,16,56,21,108,192,40,15,9,33,154,122,179,195,185,127,96,171,141,98,114,64,79,177,27,88,5,186,199,83,59,129,24,95,149,165,181,120,161,115,191,135,146];True
2159;7052;9211;[34,4,144,70,19,87,121,178,102,132,130,84,77,112,93,147,66,157,103,105,74,188,168,31,142,117,113,61,45,138,41,49,78,60,42,57,197,125,145,126,20,160,91,1,150,124,180,196,36,46,140,92,143,23,189,195,175,12,22,26,176,193,109,82,67,166,38,139,63,118,48,194,29,198,174,184,35,161,32,72,163,25,51,50,190,10,0,167,156,71,44,65,37,94,173,18,131,110,81,153,80,100,30,134,119,11,97,58,158,43,172,111,181,68,123,6,137,86,76,151,199,170,7,107,55,14,13,101,52,89,75,182,116,162,53,183,69,159,164,90,28,155,73,99,106,136,115,2,152,39,187,128,54,133,85,104,17,8,16,56,21,108,192,40,15,9,33,154,122,177,27,185,127,96,171,141,98,114,64,79,179,47,88,5,186,148,83,59,129,24,95,149,165,62,120,3,169,191,135,146];True
1674;7279;8953;[34,4,144,70,19,87,121,178,2,32,61,84,77,112,93,147,66,157,103,105,74,188,168,31,142,117,167,182,116,65,41,49,78,128,42,57,197,125,145,126,143,160,91,1,150,124,180,196,36,46,140,92,82,23,189,47,175,12,22,26,176,193,109,20,67,166,38,139,63,118,48,194,29,198,174,184,35,3,169,72,163,25,51,50,190,10,130,113,156,71,44,138,37,94,173,18,131,110,81,153,101,100,30,134,148,11,97,58,158,43,7,0,62,68,123,6,137,60,54,151,119,187,39,107,55,14,13,111,52,89,75,80,45,162,53,183,69,159,164,90,28,155,73,99,106,136,132,152,102,170,172,86,76,133,85,104,17,8,16,56,21,108,192,40,15,9,33,154,122,179,195,185,127,96,171,141,98,114,64,79,177,27,88,5,186,199,83,59,129,24,95,149,165,181,120,161,115,191,135,146];True
1703;7263;8966;[34,4,144,70,19,87,121,178,2,32,61,84,77,112,93,147,66,157,103,105,74,188,168,31,142,117,167,182,116,65,41,49,78,128,42,57,197,125,145,126,143,160,91,1,150,124,180,196,36,46,140,92,82,23,189,47,175,12,22,26,176,193,109,20,67,166,38,139,63,118,48,194,29,198,174,184,35,3,169,72,163,25,51,50,190,10,130,113,156,71,44,138,37,94,173,18,131,110,81,153,101,100,30,134,148,11,97,58,158,43,7,0,181,68,123,6,137,60,54,151,119,187,39,107,55,14,13,111,52,89,75,80,45,162,53,183,69,159,164,90,28,155,73,99,106,136,132,152,102,170,172,86,76,133,85,104,17,8,16,56,21,108,192,40,15,9,33,154,122,179,195,185,127,96,171,141,98,114,64,79,177,27,88,5,186,199,83,59,129,24,95,149,165,62,120,161,115,191,135,146];True
1558;7460;9018;[34,127,129,70,19,87,121,178,74,132,130,84,77,112,93,147,66,157,103,105,4,188,144,184,142,117,57,61,45,138,41,49,78,128,42,101,197,168,145,126,35,160,91,1,33,124,180,196,36,46,140,92,82,23,189,81,0,85,22,26,176,193,109,20,170,166,38,139,63,118,48,194,182,198,174,9,143,67,32,72,163,25,51,50,190,10,165,113,156,71,44,65,37,94,173,18,131,119,11,59,80,100,30,134,148,195,97,58,158,43,7,136,181,68,123,6,149,60,54,151,110,187,39,107,55,14,13,172,12,89,75,125,15,135,53,183,69,159,164,90,28,155,73,99,106,95,115,152,2,161,102,86,133,76,122,116,17,8,16,56,21,108,192,40,104,31,29,154,52,179,27,185,111,96,171,141,98,114,64,79,177,47,88,5,186,199,83,153,150,24,167,137,175,62,120,3,169,191,162,146];False
1582;7414;8996;[34,4,129,70,19,87,121,178,127,132,130,84,77,112,93,147,66,157,103,105,74,188,144,184,142,117,57,61,45,138,41,35,78,128,42,101,197,168,145,126,143,160,91,1,33,124,180,196,36,46,140,92,82,23,189,81,0,85,22,26,176,193,109,20,170,166,38,139,63,118,48,194,182,198,174,9,49,67,32,72,163,25,51,50,190,10,165,113,156,71,44,65,37,94,173,18,131,119,11,59,80,100,30,134,148,195,97,58,158,43,7,136,181,68,123,6,149,60,54,151,110,187,39,107,55,14,13,172,12,89,75,125,15,135,53,183,69,159,164,90,28,155,73,99,106,95,115,152,2,161,102,86,133,76,122,116,17,8,16,56,21,108,192,40,104,31,29,154,52,179,27,185,111,96,171,141,98,114,64,79,177,47,88,5,186,199,83,153,150,24,167,137,175,62,120,3,169,191,162,146];True
1550;7458;9008;[34,4,129,70,19,87,121,178,127,132,130,84,77,112,93,147,66,157,103,105,74,188,144,184,142,117,57,61,45,138,41,49,78,128,42,101,197,168,36,126,35,160,91,1,33,124,180,196,165,46,140,92,82,23,189,81,0,85,22,26,176,193,109,20,170,166,38,139,63,118,48,194,182,198,174,9,143,67,32,72,163,25,51,50,190,10,145,113,156,71,44,65,37,94,173,18,131,119,11,59,80,100,30,134,148,195,97,58,158,43,7,136,181,68,123,6,149,60,54,151,110,187,39,107,55,14,13,172,12,89,75,125,15,135,53,183,69,159,164,90,28,155,73,99,106,95,115,152,2,161,102,86,133,76,122,116,17,8,16,56,21,108,192,40,104,31,29,154,52,179,27,185,111,96,171,141,98,114,64,79,177,47,88,5,186,199,83,153,150,24,167,137,175,62,120,3,169,191,162,146];True
1562;7443;9005;[34,4,129,70,19,87,121,178,127,132,130,84,77,112,93,147,66,157,103,105,74,188,144,184,142,117,57,61,45,138,41,49,78,128,42,101,197,168,145,180,35,160,91,1,33,124,44,196,36,46,140,92,82,23,189,81,0,85,22,26,176,193,109,20,170,166,38,139,63,118,48,194,182,198,174,9,143,67,32,72,163,25,51,50,190,10,165,113,156,71,126,65,37,94,173,18,131,119,11,59,80,100,30,134,148,195,97,58,158,43,7,136,181,68,123,6,149,60,54,151,110,187,39,107,55,14,13,172,12,89,75,125,15,135,53,183,69,159,164,90,28,155,73,99,106,95,115,152,2,161,102,86,133,76,122,116,17,8,16,56,21,108,192,40,104,31,29,154,52,179,27,185,111,96,171,141,98,114,64,79,177,47,88,5,186,199,83,153,150,24,167,137,175,62,120,3,169,191,162,146];False
1538;7462;9000;[34,4,129,70,19,87,121,178,127,132,130,84,77,112,93,147,66,157,103,105,74,188,144,184,142,117,57,61,45,138,41,49,78,128,42,101,197,168,145,126,35,160,91,1,33,124,180,196,36,46,140,92,82,23,189,81,0,85,22,26,176,193,109,20,170,166,38,139,63,118,48,7,182,198,174,9,143,67,32,72,163,25,51,50,190,10,165,113,156,71,44,65,37,94,173,18,131,119,11,59,80,100,30,134,148,195,97,58,158,43,161,136,181,68,123,6,149,60,54,151,110,187,39,107,55,14,13,172,12,89,75,125,15,135,53,183,69,159,164,90,28,155,73,99,106,95,115,152,2,194,102,86,133,76,122,116,17,8,16,56,21,108,192,40,104,31,29,154,52,179,27,185,111,96,171,141,98,114,64,79,177,47,88,5,186,199,83,153,150,24,167,137,175,62,120,3,169,191,162,146];True
1549;7461;9010;[34,4,129,70,19,87,121,178,127,132,130,84,77,112,93,147,66,157,103,105,74,188,144,184,142,117,57,61,45,138,41,49,78,128,42,101,197,168,145,126,35,160,91,1,33,124,180,196,36,46,140,92,82,23,189,81,0,85,22,26,176,193,109,20,170,166,38,139,63,118,48,194,182,198,174,9,143,67,32,72,163,25,51,50,190,10,165,113,156,71,44,65,37,94,173,18,131,119,11,59,80,100,30,134,148,195,97,58,158,43,7,136,181,68,6,149,123,60,54,151,110,187,39,107,55,14,13,172,12,89,75,125,15,135,53,183,69,159,164,90,28,155,73,99,106,95,115,152,2,161,102,86,133,76,122,116,17,8,16,56,21,108,192,40,104,31,29,154,52,179,27,185,111,96,171,141,98,114,64,79,177,47,88,5,186,199,83,153,150,24,167,137,175,62,120,3,169,191,162,146];False
1577;7419;8996;[34,4,129,70,19,87,121,178,127,132,130,84,77,112,93,147,66,157,103,105,74,188,144,184,142,117,57,61,45,65,41,35,78,128,42,101,197,168,145,126,143,160,91,1,33,124,180,196,36,46,140,92,82,23,189,81,0,85,22,26,176,193,109,20,170,166,38,139,63,118,48,194,182,198,174,9,49,67,32,72,163,25,51,50,190,10,165,113,156,71,44,138,37,94,173,18,131,119,11,59,80,100,30,134,148,195,97,58,158,43,7,136,181,68,123,6,149,60,54,151,110,187,39,107,55,14,13,172,12,89,75,125,15,135,53,183,69,159,164,90,28,155,73,99,106,95,115,152,2,161,102,86,133,76,122,116,17,8,16,56,21,108,192,40,104,31,29,154,52,179,27,185,111,96,171,141,98,114,64,79,177,47,88,5,186,199,83,153,150,24,167,137,175,62,120,3,169,191,162,146];True
1526;7513;9039;[34,195,129,70,19,87,121,178,127,132,130,84,77,112,93,147,66,157,103,105,74,188,144,184,142,117,57,61,45,138,41,49,78,128,42,101,197,168,36,126,35,160,91,1,33,124,180,196,165,46,140,92,82,23,189,81,0,85,22,26,176,193,109,20,170,166,38,139,63,118,48,194,182,198,174,9,143,67,32,72,163,25,51,50,190,10,145,113,156,71,44,65,37,94,173,18,131,119,11,59,80,100,30,134,148,4,97,58,158,43,7,136,181,68,123,6,149,60,54,151,110,187,39,107,55,14,13,172,12,89,75,125,15,135,53,183,69,159,164,90,28,155,73,99,106,95,115,152,2,161,102,86,133,76,122,116,17,8,16,56,21,108,192,40,104,31,29,154,52,179,27,185,111,96,171,141,98,114,64,79,177,47,88,5,186,199,83,153,150,24,167,137,175,62,120,3,169,191,162,146];False
1536;7498;9034;[34,4,129,70,19,87,121,178,127,132,130,84,77,112,93,147,66,157,103,105,74,188,144,184,142,117,57,61,45,138,41,49,78,128,42,101,197,168,36,126,35,160,91,1,33,124,180,196,165,46,140,92,82,23,189,81,0,85,22,26,176,193,109,20,170,166,38,139,63,118,48,194,182,198,15,9,143,67,32,72,163,25,51,50,190,10,145,113,156,71,44,65,37,94,173,18,131,119,11,59,80,100,30,134,148,195,97,58,158,43,7,136,181,68,123,6,149,60,54,151,110,187,39,107,55,14,13,172,12,89,75,125,174,135,53,183,69,159,164,90,28,155,73,99,106,95,115,152,2,161,102,86,133,76,122,116,17,8,16,56,21,108,192,40,104,31,29,154,52,179,27,185,111,96,171,141,98,114,64,79,177,47,88,5,186,199,83,153,150,24,167,137,175,62,120,3,169,191,162,146];False
1531;7503;9034;[34,4,129,70,19,87,121,178,127,132,130,84,77,112,93,147,66,157,103,105,74,188,144,184,142,117,57,61,45,138,41,49,78,128,42,101,197,168,36,126,35,160,91,1,33,124,180,196,165,46,140,92,82,23,189,81,0,85,22,26,176,193,109,20,170,166,38,139,63,118,48,194,182,198,174,9,143,67,32,72,163,25,51,50,190,10,145,113,156,71,44,65,37,94,173,18,131,119,11,59,80,100,30,134,148,195,97,58,158,43,7,136,181,68,123,6,149,60,54,151,110,187,39,107,55,14,13,172,12,89,75,125,15,108,53,183,69,159,164,90,28,155,73,99,106,95,115,152,2,161,102,86,133,76,122,116,17,8,16,56,21,135,192,40,104,31,29,154,52,179,27,185,111,96,171,141,98,114,64,79,177,47,88,5,186,199,83,153,150,24,167,137,175,62,120,3,169,191,162,146];False
1556;7455;9011;[34,4,129,70,19,87,121,178,127,132,130,84,77,112,93,147,66,157,103,105,74,188,144,184,142,117,57,61,45,138,41,49,78,128,42,101,197,168,36,126,35,160,91,1,33,124,180,196,165,46,140,92,82,23,189,81,0,85,22,26,176,193,109,20,170,166,38,139,63,118,48,194,182,198,174,9,143,67,32,72,163,25,51,50,190,10,145,113,156,71,44,65,37,94,173,18,131,119,11,59,80,100,30,134,148,195,97,58,158,43,7,136,181,68,123,6,149,60,54,151,110,187,39,107,55,14,13,172,12,89,75,125,15,135,53,183,69,159,164,90,28,155,73,99,106,167,115,152,2,161,102,86,133,76,122,116,17,8,16,56,21,108,192,40,104,31,29,154,52,179,27,185,111,96,171,141,98,114,64,79,177,47,88,5,186,199,83,153,150,24,95,137,175,62,120,3,169,191,162,146];False
1514;7517;9031;[34,195,129,70,19,87,121,178,127,132,130,84,77,112,93,147,66,157,103,105,74,188,144,184,142,117,57,61,45,138,41,49,78,128,42,101,197,168,145,126,35,160,91,1,33,124,180,196,36,46,140,92,82,23,189,81,0,85,22,26,176,193,109,20,170,166,38,139,63,118,48,7,182,198,174,9,143,67,32,72,163,25,51,50,190,10,165,113,156,71,44,65,37,94,173,18,131,119,11,59,80,100,30,134,148,4,97,58,158,43,161,136,181,68,123,6,149,60,54,151,110,187,39,107,55,14,13,172,12,89,75,125,15,135,53,183,69,159,164,90,28,155,73,99,106,95,115,152,2,194,102,86,133,76,122,116,17,8,16,56,21,108,192,40,104,31,29,154,52,179,27,185,111,96,171,141,98,114,64,79,177,47,88,5,186,199,83,153,150,24,167,137,175,62,120,3,169,191,162,146];False
1553;7457;9010;[34,4,129,70,19,87,121,178,111,132,130,84,77,112,93,147,66,157,103,105,74,188,144,184,142,117,57,61,45,138,41,49,78,128,42,101,197,168,145,126,35,160,91,1,33,124,180,196,36,46,140,92,82,23,189,81,0,85,22,26,176,193,109,20,170,166,38,139,63,118,48,7,182,198,174,9,143,67,32,72,163,25,51,50,190,10,165,113,156,71,44,65,37,94,173,18,131,119,11,59,80,100,30,134,148,195,97,58,158,43,161,136,181,68,123,6,149,60,54,151,110,187,39,107,55,14,13,172,12,89,75,125,15,135,53,183,69,159,164,90,28,155,73,99,106,95,115,152,2,194,102,86,133,76,122,116,17,8,16,56,21,108,192,40,104,31,29,154,52,179,27,185,127,96,171,141,98,114,64,79,177,47,88,5,186,199,83,153,150,24,167,137,175,62,120,3,169,191,162,146];False
1552;7454;9006;[34,4,129,70,19,87,121,178,127,132,130,84,77,112,93,147,66,157,103,105,74,188,144,9,142,117,57,61,45,138,41,49,78,128,42,101,197,168,145,126,35,160,91,1,33,124,180,196,36,46,140,92,82,23,189,81,0,85,22,26,176,193,109,20,170,166,38,139,63,118,48,7,182,198,174,184,143,67,32,72,163,25,51,50,190,10,165,113,156,71,44,65,37,94,173,18,131,119,11,59,80,100,30,134,148,195,97,58,158,43,161,136,181,68,123,6,149,60,54,151,110,187,39,107,55,14,13,172,12,89,75,125,15,135,53,183,69,159,164,90,28,155,73,99,106,95,115,152,2,194,102,86,133,76,122,116,17,8,16,56,21,108,192,40,104,31,29,154,52,179,27,185,111,96,171,141,98,114,64,79,177,47,88,5,186,199,83,153,150,24,167,137,175,62,120,3,169,191,162,146];True
1533;7467;9000;[34,4,129,70,19,87,121,178,127,132,130,84,77,112,93,147,66,157,103,105,74,188,144,184,142,117,57,61,45,65,41,49,78,128,42,101,197,168,145,126,35,160,91,1,33,124,180,196,36,46,140,92,82,23,189,81,0,85,22,26,176,193,109,20,170,166,38,139,63,118,48,7,182,198,174,9,143,67,32,72,163,25,51,50,190,10,165,113,156,71,44,138,37,94,173,18,131,119,11,59,80,100,30,134,148,195,97,58,158,43,161,136,181,68,123,6,149,60,54,151,110,187,39,107,55,14,13,172,12,89,75,125,15,135,53,183,69,159,164,90,28,155,73,99,106,95,115,152,2,194,102,86,133,76,122,116,17,8,16,56,21,108,192,40,104,31,29,154,52,179,27,185,111,96,171,141,98,114,64,79,177,47,88,5,186,199,83,153,150,24,167,137,175,62,120,3,169,191,162,146];True
1524;7502;9026;[34,4,129,70,19,87,121,178,127,132,130,84,77,112,93,147,66,157,103,105,74,188,144,184,142,117,57,61,45,138,41,49,78,128,42,101,197,168,145,126,35,160,91,1,33,124,180,196,36,46,140,92,82,23,189,81,0,85,22,26,176,193,109,20,170,166,38,139,63,118,48,7,182,198,15,9,143,67,32,72,163,25,51,50,190,10,165,113,156,71,44,65,37,94,173,18,131,119,11,59,80,100,30,134,148,195,97,58,158,43,161,136,181,68,123,6,149,60,54,151,110,187,39,107,55,14,13,172,12,89,75,125,174,135,53,183,69,159,164,90,28,155,73,99,106,95,115,152,2,194,102,86,133,76,122,116,17,8,16,56,21,108,192,40,104,31,29,154,52,179,27,185,111,96,171,141,98,114,64,79,177,47,88,5,186,199,83,153,150,24,167,137,175,62,120,3,169,191,162,146];True
1519;7507;9026;[34,4,129,70,19,87,121,178,127,132,130,84,77,112,93,147,66,157,103,105,74,188,144,184,142,117,57,61,45,138,41,49,78,128,42,101,197,168,145,126,35,160,91,1,33,124,180,196,36,46,140,92,82,23,189,81,0,85,22,26,176,193,109,20,170,166,38,139,63,118,48,7,182,198,174,9,143,67,32,72,163,25,51,50,190,10,165,113,156,71,44,65,37,94,173,18,131,119,11,59,80,100,30,134,148,195,97,58,158,43,161,136,181,68,123,6,149,60,54,151,110,187,39,107,55,14,13,172,12,89,75,125,15,108,53,183,69,159,164,90,28,155,73,99,106,95,115,152,2,194,102,86,133,76,122,116,17,8,16,56,21,135,192,40,104,31,29,154,52,179,27,185,111,96,171,141,98,114,64,79,177,47,88,5,186,199,83,153,150,24,167,137,175,62,120,3,169,191,162,146];True
1544;7459;9003;[34,4,129,70,19,87,121,178,127,132,130,84,77,112,93,147,66,157,103,105,74,188,144,184,142,117,57,61,45,138,41,49,78,128,42,101,197,168,145,126,35,160,91,1,33,124,180,196,36,46,140,92,82,23,189,81,0,85,22,26,176,193,109,20,170,166,38,139,63,118,48,7,182,198,174,9,143,67,32,72,163,25,51,50,190,10,165,113,156,71,44,65,37,94,173,18,131,119,11,59,80,100,30,134,148,195,97,58,158,43,161,136,181,68,123,6,149,60,54,151,110,187,39,107,55,14,13,172,12,89,75,125,15,135,53,183,69,159,164,90,28,155,73,99,106,167,115,152,2,194,102,86,133,76,122,116,17,8,16,56,21,108,192,40,104,31,29,154,52,179,27,185,111,96,171,141,98,114,64,79,177,47,88,5,186,199,83,153,150,24,95,137,175,62,120,3,169,191,162,146];True
1513;7557;9070;[34,195,129,70,49,87,121,178,127,132,130,84,77,112,93,147,66,157,103,105,74,188,144,184,142,117,57,61,45,138,41,19,78,128,42,101,197,168,145,126,35,160,91,1,33,124,180,196,36,46,140,92,82,23,189,81,0,85,22,26,176,193,109,20,170,166,38,139,63,118,48,7,182,198,174,9,143,67,32,72,163,25,51,50,190,10,165,113,156,71,44,65,37,94,173,18,131,119,11,59,80,100,30,134,148,4,97,58,158,43,161,136,181,68,123,6,149,60,54,151,110,187,39,107,55,14,13,172,12,89,75,125,15,135,53,183,69,159,164,90,28,155,73,99,106,95,115,152,2,194,102,86,133,76,122,116,17,8,16,56,21,108,192,40,104,31,29,154,52,179,27,185,111,96,171,141,98,114,64,79,177,47,88,5,186,199,83,153,150,24,167,137,175,62,120,3,169,191,162,146];False
1504;7589;9093;[34,195,129,70,19,87,121,178,127,132,130,84,77,112,93,147,66,157,103,90,74,188,144,184,142,117,57,61,45,138,41,49,78,128,42,101,197,168,145,126,35,160,91,1,33,124,180,196,36,46,140,92,82,23,189,81,0,85,22,26,176,193,109,20,170,166,38,139,63,118,48,7,182,198,174,9,143,67,32,72,163,25,51,50,190,10,165,113,156,71,44,65,37,94,173,18,131,119,11,59,80,100,30,134,148,4,97,58,158,43,161,136,181,68,123,6,149,60,54,151,110,187,39,107,55,14,13,172,12,89,75,125,15,135,53,183,69,159,164,105,28,155,73,99,106,95,115,152,2,194,102,86,133,76,122,116,17,8,16,56,21,108,192,40,104,31,29,154,52,179,27,185,111,96,171,141,98,114,64,79,177,47,88,5,186,199,83,153,150,24,167,137,175,62,120,3,169,191,162,146];False
1509;7522;9031;[34,195,129,70,19,87,121,178,127,132,130,84,77,112,93,147,66,157,103,105,74,188,144,184,142,117,57,61,45,65,41,49,78,128,42,101,197,168,145,126,35,160,91,1,33,124,180,196,36,46,140,92,82,23,189,81,0,85,22,26,176,193,109,20,170,166,38,139,63,118,48,7,182,198,174,9,143,67,32,72,163,25,51,50,190,10,165,113,156,71,44,138,37,94,173,18,131,119,11,59,80,100,30,134,148,4,97,58,158,43,161,136,181,68,123,6,149,60,54,151,110,187,39,107,55,14,13,172,12,89,75,125,15,135,53,183,69,159,164,90,28,155,73,99,106,95,115,152,2,194,102,86,133,76,122,116,17,8,16,56,21,108,192,40,104,31,29,154,52,179,27,185,111,96,171,141,98,114,64,79,177,47,88,5,186,199,83,153,150,24,167,137,175,62,120,3,169,191,162,146];True
1500;7557;9057;[34,195,129,70,19,87,121,178,127,132,130,84,77,112,93,147,66,157,103,105,74,188,144,184,142,117,57,61,45,138,41,49,78,128,42,101,197,168,145,126,35,160,91,1,33,124,180,196,36,46,140,92,82,23,189,81,0,85,22,26,176,193,109,20,170,166,38,139,63,118,48,7,182,198,15,9,143,67,32,72,163,25,51,50,190,10,165,113,156,71,44,65,37,94,173,18,131,119,11,59,80,100,30,134,148,4,97,58,158,43,161,136,181,68,123,6,149,60,54,151,110,187,39,107,55,14,13,172,12,89,75,125,174,135,53,183,69,159,164,90,28,155,73,99,106,95,115,152,2,194,102,86,133,76,122,116,17,8,16,56,21,108,192,40,104,31,29,154,52,179,27,185,111,96,171,141,98,114,64,79,177,47,88,5,186,199,83,153,150,24,167,137,175,62,120,3,169,191,162,146];True
1494;7584;9078;[34,195,129,70,19,87,121,178,127,132,130,84,77,112,93,147,66,157,103,105,74,188,144,184,142,117,57,61,45,138,41,49,78,128,42,101,197,168,145,126,35,160,91,1,33,124,180,196,36,46,140,92,82,23,189,81,0,85,22,26,176,193,109,20,170,166,38,139,63,118,48,7,182,198,174,9,143,67,32,72,163,25,51,50,190,10,165,113,156,71,44,65,37,94,173,18,131,119,11,59,80,100,30,134,148,4,97,58,158,43,161,136,181,68,123,27,149,60,54,151,110,187,39,107,55,14,13,172,12,89,75,125,15,135,53,183,69,159,164,90,28,155,73,99,106,95,115,152,2,194,102,86,133,76,122,116,17,8,16,56,21,108,192,40,104,31,29,154,52,179,6,185,111,96,171,141,98,114,64,79,177,47,88,5,186,199,83,153,150,24,167,137,175,62,120,3,169,191,162,146];False
1495;7562;9057;[34,195,129,70,19,87,121,178,127,132,130,84,77,112,93,147,66,157,103,105,74,188,144,184,142,117,57,61,45,138,41,49,78,128,42,101,197,168,145,126,35,160,91,1,33,124,180,196,36,46,140,92,82,23,189,81,0,85,22,26,176,193,109,20,170,166,38,139,63,118,48,7,182,198,174,9,143,67,32,72,163,25,51,50,190,10,165,113,156,71,44,65,37,94,173,18,131,119,11,59,80,100,30,134,148,4,97,58,158,43,161,136,181,68,123,6,149,60,54,151,110,187,39,107,55,14,13,172,12,89,75,125,15,108,53,183,69,159,164,90,28,155,73,99,106,95,115,152,2,194,102,86,133,76,122,116,17,8,16,56,21,135,192,40,104,31,29,154,52,179,27,185,111,96,171,141,98,114,64,79,177,47,88,5,186,199,83,153,150,24,167,137,175,62,120,3,169,191,162,146];True
1558;7451;9009;[34,4,129,70,19,87,121,178,127,132,130,84,77,112,93,147,66,157,103,105,74,188,144,9,142,117,57,61,45,138,41,49,78,128,42,101,197,168,145,126,35,160,91,1,33,124,180,196,36,46,140,92,82,23,189,81,0,85,22,26,176,193,109,20,170,166,38,139,63,118,48,7,182,198,174,184,143,67,32,72,163,25,51,50,190,10,165,113,156,71,44,65,37,94,173,18,131,119,11,59,80,100,30,134,148,195,97,58,158,43,161,136,181,68,123,6,149,60,54,151,110,187,39,107,55,14,13,172,12,89,75,125,15,135,53,183,69,159,164,90,28,155,73,99,106,167,115,152,2,194,102,86,133,76,122,116,17,8,16,56,21,108,192,40,104,31,29,154,52,179,27,185,111,96,171,141,98,114,64,79,177,47,88,5,186,199,83,153,150,24,95,137,175,62,120,3,169,191,162,146];False
1514;7512;9026;[34,4,129,70,19,87,121,178,127,132,130,84,77,112,93,147,66,157,103,105,74,188,144,184,142,117,57,61,45,65,41,49,78,128,42,101,197,168,145,126,35,160,91,1,33,124,180,196,36,46,140,92,82,23,189,81,0,85,22,26,176,193,109,20,170,166,38,139,63,118,48,7,182,198,174,9,143,67,32,72,163,25,51,50,190,10,165,113,156,71,44,138,37,94,173,18,131,119,11,59,80,100,30,134,148,195,97,58,158,43,161,136,181,68,123,6,149,60,54,151,110,187,39,107,55,14,13,172,12,89,75,125,15,108,53,183,69,159,164,90,28,155,73,99,106,95,115,152,2,194,102,86,133,76,122,116,17,8,16,56,21,135,192,40,104,31,29,154,52,179,27,185,111,96,171,141,98,114,64,79,177,47,88,5,186,199,83,153,150,24,167,137,175,62,120,3,169,191,162,146];True
1530;7499;9029;[34,4,129,70,19,87,121,178,127,132,130,84,77,112,93,147,66,157,103,105,74,188,144,184,142,117,57,61,45,138,41,49,78,128,42,101,197,168,145,126,35,160,91,1,33,124,180,196,36,46,140,92,82,23,189,81,0,85,22,26,176,193,109,20,170,166,38,139,63,118,48,7,182,198,15,9,143,67,32,72,163,25,51,50,190,10,165,113,156,71,44,65,37,94,173,18,131,119,11,59,80,100,30,134,148,195,97,58,158,43,161,136,181,68,123,6,149,60,54,151,110,187,39,107,55,14,13,172,12,89,75,125,174,135,53,183,69,159,164,90,28,155,73,99,106,167,115,152,2,194,102,86,133,76,122,116,17,8,16,56,21,108,192,40,104,31,29,154,52,179,27,185,111,96,171,141,98,114,64,79,177,47,88,5,186,199,83,153,150,24,95,137,175,62,120,3,169,191,162,146];True
1489;7589;9078;[34,195,129,70,19,87,121,178,127,132,130,84,77,112,93,147,66,157,103,105,74,188,144,184,142,117,57,61,45,65,41,49,78,128,42,101,197,168,145,126,35,160,91,1,33,124,180,196,36,46,140,92,82,23,189,81,0,85,22,26,176,193,109,20,170,166,38,139,63,118,48,7,182,198,174,9,143,67,32,72,163,25,51,50,190,10,165,113,156,71,44,138,37,94,173,18,131,119,11,59,80,100,30,134,148,4,97,58,158,43,161,136,181,68,123,27,149,60,54,151,110,187,39,107,55,14,13,172,12,89,75,125,15,135,53,183,69,159,164,90,28,155,73,99,106,95,115,152,2,194,102,86,133,76,122,116,17,8,16,56,21,108,192,40,104,31,29,154,52,179,6,185,111,96,171,141,98,114,64,79,177,47,88,5,186,199,83,153,150,24,167,137,175,62,120,3,169,191,162,146];True
1490;7567;9057;[34,195,129,70,19,87,121,178,127,132,130,84,77,112,93,147,66,157,103,105,74,188,144,184,142,117,57,61,45,65,41,49,78,128,42,101,197,168,145,126,35,160,91,1,33,124,180,196,36,46,140,92,82,23,189,81,0,85,22,26,176,193,109,20,170,166,38,139,63,118,48,7,182,198,174,9,143,67,32,72,163,25,51,50,190,10,165,113,156,71,44,138,37,94,173,18,131,119,11,59,80,100,30,134,148,4,97,58,158,43,161,136,181,68,123,6,149,60,54,151,110,187,39,107,55,14,13,172,12,89,75,125,15,108,53,183,69,159,164,90,28,155,73,99,106,95,115,152,2,194,102,86,133,76,122,116,17,8,16,56,21,135,192,40,104,31,29,154,52,179,27,185,111,96,171,141,98,114,64,79,177,47,88,5,186,199,83,153,150,24,167,137,175,62,120,3,169,191,162,146];True
1506;7554;9060;[34,195,129,70,19,87,121,178,127,132,130,84,77,112,93,147,66,157,103,105,74,188,144,184,142,117,57,61,45,138,41,49,78,128,42,101,197,168,145,126,35,160,91,1,33,124,180,196,36,46,140,92,82,23,189,81,0,85,22,26,176,193,109,20,170,166,38,139,63,118,48,7,182,198,15,9,143,67,32,72,163,25,51,50,190,10,165,113,156,71,44,65,37,94,173,18,131,119,11,59,80,100,30,134,148,4,97,58,158,43,161,136,181,68,123,6,149,60,54,151,110,187,39,107,55,14,13,172,12,89,75,125,174,135,53,183,69,159,164,90,28,155,73,99,106,167,115,152,2,194,102,86,133,76,122,116,17,8,16,56,21,108,192,40,104,31,29,154,52,179,27,185,111,96,171,141,98,114,64,79,177,47,88,5,186,199,83,153,150,24,95,137,175,62,120,3,169,191,162,146];True
1475;7629;9104;[34,195,129,70,19,87,121,178,127,132,130,84,77,112,93,147,66,157,103,105,74,188,144,184,142,117,57,61,45,138,41,49,78,128,42,101,197,168,145,126,35,160,91,1,33,124,180,196,36,46,140,92,82,23,189,81,0,85,22,26,176,193,109,20,170,166,38,139,63,118,48,7,182,198,174,9,143,67,32,72,163,25,51,50,190,10,165,113,156,71,44,65,37,94,173,18,131,119,11,59,80,100,30,134,148,4,97,58,158,43,161,136,181,68,123,27,149,60,54,151,110,187,39,107,55,14,13,172,12,89,75,125,15,108,53,183,69,159,164,90,28,155,73,99,106,95,115,152,2,194,102,86,133,76,122,116,17,8,16,56,21,135,192,40,104,31,29,154,52,179,6,185,111,96,171,141,98,114,64,79,177,47,88,5,186,199,83,153,150,24,167,137,175,62,120,3,169,191,162,146];False
1470;7634;9104;[34,195,129,70,19,87,121,178,127,132,130,84,77,112,93,147,66,157,103,105,74,188,144,184,142,117,57,61,45,65,41,49,78,128,42,101,197,168,145,126,35,160,91,1,33,124,180,196,36,46,140,92,82,23,189,81,0,85,22,26,176,193,109,20,170,166,38,139,63,118,48,7,182,198,174,9,143,67,32,72,163,25,51,50,190,10,165,113,156,71,44,138,37,94,173,18,131,119,11,59,80,100,30,134,148,4,97,58,158,43,161,136,181,68,123,27,149,60,54,151,110,187,39,107,55,14,13,172,12,89,75,125,15,108,53,183,69,159,164,90,28,155,73,99,106,95,115,152,2,194,102,86,133,76,122,116,17,8,16,56,21,135,192,40,104,31,29,154,52,179,6,185,111,96,171,141,98,114,64,79,177,47,88,5,186,199,83,153,150,24,167,137,175,62,120,3,169,191,162,146];True
1562;7439;9001;[34,4,106,70,19,87,121,178,127,132,130,84,77,112,93,147,66,157,103,105,74,188,144,184,142,117,57,61,45,65,41,49,78,128,42,101,197,168,145,126,35,160,91,1,33,124,180,196,36,46,140,92,82,23,189,81,0,85,22,26,176,193,109,20,170,166,38,139,63,118,48,194,182,198,174,9,143,67,32,72,163,25,51,50,190,10,165,113,156,71,44,138,37,94,173,18,131,119,11,59,80,100,30,134,148,195,97,58,158,43,7,136,181,68,123,6,149,60,54,151,110,187,39,107,55,14,13,172,12,89,75,125,15,135,53,183,69,159,164,90,28,155,73,99,191,95,115,152,2,161,102,86,133,76,122,116,17,8,16,56,21,108,192,40,104,31,29,154,52,179,27,185,111,96,171,141,98,114,64,79,177,47,88,5,186,199,83,153,150,24,167,137,175,62,120,3,169,129,162,146];True
1561;7446;9007;[34,4,129,70,19,87,121,178,127,132,130,84,77,112,93,147,66,157,103,168,74,188,144,184,142,117,57,61,45,65,41,49,78,128,42,101,197,55,145,126,35,160,91,1,33,124,180,196,36,46,140,92,82,23,189,81,0,85,22,26,176,193,109,20,170,166,38,139,63,118,48,194,182,198,174,9,143,67,32,72,163,25,51,50,190,10,165,113,156,71,44,138,37,94,173,18,131,119,11,59,80,100,30,134,148,195,97,58,158,43,7,136,181,68,123,6,149,60,54,151,110,187,39,107,105,14,13,172,12,89,75,125,15,135,53,183,69,159,164,90,28,155,73,99,106,95,115,152,2,161,102,86,133,76,122,116,17,8,16,56,21,108,192,40,104,31,29,154,52,179,27,185,111,96,171,141,98,114,64,79,177,47,88,5,186,199,83,153,150,24,167,137,175,62,120,3,169,191,162,146];False
1574;7422;8996;[34,4,129,70,19,87,121,178,127,132,130,84,77,112,93,147,66,157,103,105,74,188,144,9,142,117,57,61,45,65,41,49,78,128,42,101,197,168,145,126,143,160,91,1,33,124,180,196,36,46,140,92,82,23,189,81,0,85,22,26,176,193,109,20,67,166,38,139,63,118,48,194,182,198,174,184,35,25,32,72,163,170,51,50,190,10,165,113,156,71,44,138,37,94,173,18,131,119,11,59,80,100,30,134,148,195,97,58,158,43,7,136,181,68,123,6,149,60,54,151,110,187,39,107,55,14,13,172,12,89,75,125,15,135,53,183,69,159,164,90,28,155,73,99,106,95,115,152,2,161,102,86,133,76,122,116,17,8,16,56,21,108,192,40,104,31,29,154,52,179,27,185,111,96,171,141,98,114,64,79,177,47,88,5,186,199,83,153,150,24,167,137,175,62,120,3,169,191,162,146];True
1558;7442;9000;[34,4,129,70,19,87,121,178,127,132,130,84,77,112,93,147,66,157,103,105,74,188,144,9,142,117,57,61,45,65,41,49,78,128,42,101,197,168,145,126,143,160,91,1,33,124,180,196,36,46,140,92,82,23,189,81,0,85,22,26,176,193,109,20,170,166,38,139,63,118,48,7,182,198,174,184,35,67,32,72,163,25,51,50,190,10,165,113,156,71,44,138,37,94,173,18,131,119,11,59,80,100,30,134,148,195,97,58,158,43,161,136,181,68,123,6,149,60,54,151,110,187,39,107,55,14,13,172,12,89,75,125,15,135,53,183,69,159,164,90,28,155,73,99,106,95,115,152,2,194,102,86,133,76,122,116,17,8,16,56,21,108,192,40,104,31,29,154,52,179,27,185,111,96,171,141,98,114,64,79,177,47,88,5,186,199,83,153,150,24,167,137,175,62,120,3,169,191,162,146];True
1579;7417;8996;[34,4,129,70,19,87,121,178,127,132,130,84,77,112,93,147,66,157,103,105,74,188,144,9,142,117,57,61,45,138,41,49,78,128,42,101,197,168,145,126,143,160,91,1,33,124,180,196,36,46,140,92,82,23,189,81,0,85,22,26,176,193,109,20,67,166,38,139,63,118,48,194,182,198,174,184,35,25,32,72,163,170,51,50,190,10,165,113,156,71,44,65,37,94,173,18,131,119,11,59,80,100,30,134,148,195,97,58,158,43,7,136,181,68,123,6,149,60,54,151,110,187,39,107,55,14,13,172,12,89,75,125,15,135,53,183,69,159,164,90,28,155,73,99,106,95,115,152,2,161,102,86,133,76,122,116,17,8,16,56,21,108,192,40,104,31,29,154,52,179,27,185,111,96,171,141,98,114,64,79,177,47,88,5,186,199,83,153,150,24,167,137,175,62,120,3,169,191,162,146];True
1471;7628;9099;[83,195,129,70,19,87,121,178,102,132,130,84,77,152,93,147,66,157,103,105,74,188,144,184,115,117,167,189,182,65,41,142,78,128,42,57,197,8,16,126,35,160,91,1,33,124,180,196,36,46,140,92,82,23,127,7,0,45,22,26,176,193,109,20,170,166,38,139,63,118,48,194,31,198,174,9,143,67,32,72,163,25,51,50,190,10,165,113,156,71,44,138,37,94,173,18,131,119,11,59,80,100,30,134,148,4,97,58,158,43,34,122,181,68,123,6,149,60,54,151,133,187,39,107,55,14,13,172,12,89,75,125,15,135,53,183,69,159,164,90,28,155,73,99,106,136,49,112,2,161,61,86,110,88,101,52,104,17,145,56,21,108,192,40,169,85,29,154,116,177,27,185,111,96,171,141,98,114,64,79,179,47,76,5,186,199,81,153,150,24,95,137,175,62,120,3,168,191,162,146];True
1465;7660;9125;[61,195,129,70,19,87,121,178,115,132,130,84,77,152,93,147,66,157,103,105,74,188,144,184,15,117,167,189,182,65,41,142,78,128,42,57,197,8,16,126,35,160,91,1,33,124,180,196,36,46,140,92,82,23,127,7,0,45,22,26,176,193,109,20,170,166,38,139,63,118,48,194,31,198,174,9,143,67,32,72,163,25,51,50,190,10,165,113,156,71,44,138,37,94,173,18,131,119,11,59,80,100,30,134,148,4,97,58,158,43,34,122,181,68,123,6,149,60,54,151,133,187,39,107,55,14,13,172,12,89,75,125,83,135,53,183,69,159,164,90,28,155,73,99,106,136,49,112,2,161,102,86,110,88,101,52,104,17,145,56,21,108,192,40,169,85,29,154,116,177,27,185,111,96,171,141,98,114,64,79,179,47,76,5,186,199,81,153,150,24,95,137,175,62,120,3,168,191,162,146];False
1454;7689;9143;[61,195,129,70,19,87,121,178,83,128,130,84,77,152,93,147,66,157,103,105,74,188,144,184,115,117,167,189,182,65,41,142,78,22,42,57,197,8,16,126,35,160,91,1,33,124,180,196,36,46,140,92,82,23,127,7,0,45,132,26,176,193,109,20,170,166,38,139,63,118,48,194,31,198,174,9,143,67,32,72,163,25,51,50,190,10,165,113,156,71,44,138,37,94,173,18,131,119,11,59,80,100,30,134,148,4,97,58,158,43,34,122,181,68,123,6,149,60,54,151,133,187,39,107,55,14,13,172,12,89,75,125,15,135,53,183,69,159,164,90,28,155,73,99,106,136,49,112,2,161,102,86,110,88,101,52,104,17,145,56,21,108,192,40,169,85,29,154,116,177,27,185,111,96,171,141,98,114,64,79,179,47,76,5,186,199,81,153,150,24,95,137,175,62,120,3,168,191,162,146];False
1462;7659;9121;[61,195,129,70,19,87,121,178,83,132,130,84,77,152,93,147,66,157,103,105,74,188,144,184,115,117,167,189,182,65,41,142,78,128,42,57,197,8,16,126,35,160,91,1,33,124,180,196,36,46,140,92,82,23,127,7,0,45,22,10,176,193,109,20,170,166,38,139,63,118,48,194,31,198,174,9,143,67,32,72,163,25,51,50,190,55,165,113,156,71,44,138,37,94,173,18,131,119,11,59,80,100,30,134,148,4,97,58,158,43,34,122,181,68,123,6,149,60,54,151,133,187,39,107,26,14,13,172,12,89,75,125,15,135,53,183,69,159,164,90,28,155,73,99,106,136,49,112,2,161,102,86,110,88,101,52,104,17,145,56,21,108,192,40,169,85,29,154,116,177,27,185,111,96,171,141,98,114,64,79,179,47,76,5,186,199,81,153,150,24,95,137,175,62,120,3,168,191,162,146];False
1461;7655;9116;[61,195,129,70,19,87,121,178,83,132,130,84,77,152,93,147,66,157,103,105,74,188,144,184,115,117,167,189,182,65,41,142,78,128,42,57,197,8,16,126,35,160,91,1,33,124,180,196,36,46,140,92,82,23,127,7,0,45,22,26,176,193,109,20,170,166,38,139,63,118,48,194,31,198,174,9,143,67,32,72,163,25,51,50,190,10,165,113,156,71,44,138,37,94,173,18,131,119,11,59,80,100,30,134,148,4,97,58,158,43,34,122,181,68,6,149,123,60,54,151,133,187,39,107,55,14,13,172,12,89,75,125,15,135,53,183,69,159,164,90,28,155,73,99,106,136,49,112,2,161,102,86,110,88,101,52,104,17,145,56,21,108,192,40,169,85,29,154,116,177,27,185,111,96,171,141,98,114,64,79,179,47,76,5,186,199,81,153,150,24,95,137,175,62,120,3,168,191,162,146];False
1443;7678;9121;[61,195,129,70,19,87,121,178,83,132,130,84,77,152,93,147,66,157,103,105,74,188,144,184,115,117,167,189,182,65,41,142,78,128,42,57,197,8,16,126,35,160,91,1,33,124,180,196,36,46,140,92,82,23,127,7,0,45,22,26,176,193,109,20,170,166,38,139,63,118,48,194,31,198,174,9,143,67,32,72,163,25,51,50,190,10,165,113,156,71,44,138,37,94,173,18,131,119,11,59,80,100,30,134,148,4,97,58,158,43,34,122,181,68,123,90,149,60,54,151,133,187,39,107,55,14,13,172,12,89,75,125,15,135,53,183,69,159,164,47,28,155,73,99,106,136,49,112,2,161,102,86,110,88,101,52,104,17,145,56,21,108,192,40,169,85,29,154,116,177,27,185,111,96,171,141,98,114,64,79,179,6,76,5,186,199,81,153,150,24,95,137,175,62,120,3,168,191,162,146];False
1467;7647;9114;[83,195,129,70,19,87,121,178,102,132,130,84,77,152,93,147,66,157,103,105,74,188,144,184,115,142,167,189,182,65,41,117,78,128,42,57,197,8,16,126,35,160,91,1,33,124,180,196,36,46,140,92,82,23,127,7,0,45,22,26,176,193,109,20,170,166,38,139,63,118,48,194,31,198,174,9,143,67,32,72,163,25,51,50,190,10,165,113,156,71,44,138,37,94,173,18,131,119,11,59,80,100,30,134,148,4,97,58,158,43,34,122,181,68,123,6,149,60,54,151,133,187,39,107,55,14,13,172,12,89,75,125,15,135,53,183,69,159,164,90,28,155,73,99,106,136,49,112,2,161,61,86,110,88,101,52,104,17,145,56,21,108,192,40,169,85,29,154,116,177,27,185,111,96,171,141,98,114,64,79,179,47,76,5,186,199,81,153,150,24,95,137,175,62,120,3,168,191,162,146];False
1457;7668;9125;[83,195,129,70,19,87,121,178,102,132,130,84,77,152,93,147,66,157,103,105,74,188,144,184,115,117,167,189,182,65,41,142,78,128,42,57,197,8,16,126,35,160,91,1,33,124,180,196,36,46,140,92,82,23,127,7,0,45,22,26,176,193,109,20,170,166,38,139,63,118,48,194,31,198,15,9,143,67,32,72,163,25,51,50,190,10,165,113,156,71,44,138,37,94,173,18,131,119,11,59,80,100,30,134,148,4,97,58,158,43,34,122,181,68,123,6,149,60,54,151,133,187,39,107,55,14,13,172,12,89,75,125,174,135,53,183,69,159,164,90,28,155,73,99,106,136,49,112,2,161,61,86,110,88,101,52,104,17,145,56,21,108,192,40,169,85,29,154,116,177,27,185,111,96,171,141,98,114,64,79,179,47,76,5,186,199,81,153,150,24,95,137,175,62,120,3,168,191,162,146];False
1440;7719;9159;[83,195,129,70,19,87,121,178,102,132,130,84,77,152,93,147,66,157,103,105,74,188,144,184,115,117,167,189,182,65,41,142,78,128,42,57,197,8,16,126,35,160,91,1,33,124,180,196,36,46,140,92,82,23,127,7,0,45,22,26,176,193,109,20,170,166,38,139,63,118,48,194,31,198,174,9,143,67,32,72,163,25,51,50,190,10,165,113,156,71,44,138,37,94,173,18,131,119,11,59,80,100,30,134,148,4,97,58,158,43,34,122,181,68,123,6,149,60,54,151,133,187,39,107,47,14,13,172,12,89,75,125,15,135,53,183,69,159,164,90,28,155,73,99,106,136,49,112,2,161,61,86,110,88,101,52,104,17,145,56,21,108,192,40,169,85,29,154,116,177,27,185,111,96,171,141,98,114,64,79,179,55,76,5,186,199,81,153,150,24,95,137,175,62,120,3,168,191,162,146];False
1452;7673;9125;[83,195,129,70,19,87,121,178,102,132,130,84,77,152,93,147,66,157,103,105,74,188,144,184,115,117,167,189,182,65,41,142,78,128,42,57,197,8,16,126,35,160,91,1,33,124,180,196,36,46,140,92,82,23,127,7,0,45,22,26,176,193,109,20,170,166,38,139,63,118,48,194,31,198,174,9,143,67,32,72,163,25,51,50,190,10,165,113,156,71,44,138,37,94,173,18,131,119,11,59,80,100,30,134,148,4,97,58,158,43,34,122,181,68,123,6,149,60,54,151,133,187,39,107,55,14,13,172,12,89,75,125,15,108,53,183,69,159,164,90,28,155,73,99,106,136,49,112,2,161,61,86,110,88,101,52,104,17,145,56,21,135,192,40,169,85,29,154,116,177,27,185,111,96,171,141,98,114,64,79,179,47,76,5,186,199,81,153,150,24,95,137,175,62,120,3,168,191,162,146];False
1442;7700;9142;[61,195,129,70,19,87,121,178,83,132,130,84,77,152,93,147,66,157,103,105,74,188,144,184,115,117,167,189,182,65,41,142,78,128,42,57,197,8,16,126,35,160,91,1,33,124,180,196,36,46,140,92,82,23,127,7,0,45,22,26,176,193,109,20,170,166,38,139,63,118,48,194,31,198,174,9,143,67,32,72,163,25,51,50,190,10,165,113,156,71,44,138,37,94,173,18,131,119,11,59,80,100,30,134,148,4,97,58,158,43,34,122,181,68,6,149,123,60,54,151,133,187,39,107,55,14,13,172,12,89,75,125,15,108,53,183,69,159,164,90,28,155,73,99,106,136,49,112,2,161,102,86,110,88,101,52,104,17,145,56,21,135,192,40,169,85,29,154,116,177,27,185,111,96,171,141,98,114,64,79,179,47,76,5,186,199,81,153,150,24,95,137,175,62,120,3,168,191,162,146];False
1439;7697;9136;[61,195,129,70,19,87,121,178,83,132,130,84,77,152,93,147,66,157,103,105,74,188,144,184,115,142,167,189,182,65,41,117,78,128,42,57,197,8,16,126,35,160,91,1,33,124,180,196,36,46,140,92,82,23,127,7,0,45,22,26,176,193,109,20,170,166,38,139,63,118,48,194,31,198,174,9,143,67,32,72,163,25,51,50,190,10,165,113,156,71,44,138,37,94,173,18,131,119,11,59,80,100,30,134,148,4,97,58,158,43,34,122,181,68,123,90,149,60,54,151,133,187,39,107,55,14,13,172,12,89,75,125,15,135,53,183,69,159,164,47,28,155,73,99,106,136,49,112,2,161,102,86,110,88,101,52,104,17,145,56,21,108,192,40,169,85,29,154,116,177,27,185,111,96,171,141,98,114,64,79,179,6,76,5,186,199,81,153,150,24,95,137,175,62,120,3,168,191,162,146];False
1429;7718;9147;[61,195,129,70,19,87,121,178,83,132,130,84,77,152,93,147,66,157,103,105,74,188,144,184,115,117,167,189,182,65,41,142,78,128,42,57,197,8,16,126,35,160,91,1,33,124,180,196,36,46,140,92,82,23,127,7,0,45,22,26,176,193,109,20,170,166,38,139,63,118,48,194,31,198,15,9,143,67,32,72,163,25,51,50,190,10,165,113,156,71,44,138,37,94,173,18,131,119,11,59,80,100,30,134,148,4,97,58,158,43,34,122,181,68,123,90,149,60,54,151,133,187,39,107,55,14,13,172,12,89,75,125,174,135,53,183,69,159,164,47,28,155,73,99,106,136,49,112,2,161,102,86,110,88,101,52,104,17,145,56,21,108,192,40,169,85,29,154,116,177,27,185,111,96,171,141,98,114,64,79,179,6,76,5,186,199,81,153,150,24,95,137,175,62,120,3,168,191,162,146];False
1426;7690;9116;[61,195,129,70,19,87,121,178,83,132,130,84,77,152,93,147,66,157,103,105,74,188,144,184,115,117,167,189,182,65,41,142,78,128,42,57,197,8,16,126,35,160,91,1,33,124,180,196,36,46,140,92,82,23,127,7,0,45,22,26,176,193,109,20,170,166,38,139,63,118,48,194,31,198,174,9,143,149,32,72,163,25,51,50,190,10,165,113,156,71,44,138,37,94,173,18,131,119,11,59,80,100,30,134,148,4,97,58,158,43,34,122,181,68,123,90,67,60,54,151,133,187,39,107,55,14,13,172,12,89,75,125,15,135,53,183,69,159,164,47,28,155,73,99,106,136,49,112,2,161,102,86,110,88,101,52,104,17,145,56,21,108,192,40,169,85,29,154,116,177,27,185,111,96,171,141,98,114,64,79,179,6,76,5,186,199,81,153,150,24,95,137,175,62,120,3,168,191,162,146];False
1423;7662;9085;[61,195,129,70,19,87,121,178,83,132,130,84,77,152,93,147,66,157,103,105,74,188,144,184,115,117,167,189,182,65,41,142,78,128,42,57,197,8,16,126,35,160,91,1,33,124,180,196,36,46,140,92,82,23,127,7,0,45,22,26,176,193,109,20,170,166,38,139,63,118,48,194,31,198,174,9,143,67,32,72,163,25,51,50,190,10,165,113,156,71,44,138,37,94,173,18,131,119,11,59,80,100,30,134,148,4,97,58,158,43,34,122,181,68,123,90,47,60,54,151,133,187,39,107,55,14,13,172,12,89,75,125,15,135,53,183,69,159,164,149,28,155,73,99,106,136,49,112,2,161,102,86,110,88,101,52,104,17,145,56,21,108,192,40,169,85,29,154,116,177,27,185,111,96,171,141,98,114,64,79,179,6,76,5,186,199,81,153,150,24,95,137,175,62,120,3,168,191,162,146];True
1455;7661;9116;[101,195,129,70,19,87,121,178,83,132,130,84,77,152,93,147,66,157,103,105,74,188,144,184,115,117,167,189,182,65,41,142,78,128,42,57,197,8,16,126,35,160,91,1,33,124,180,196,36,46,140,92,82,23,127,7,0,45,22,26,176,193,109,20,170,166,38,139,63,118,48,194,31,198,174,9,143,67,32,72,163,25,51,50,190,10,165,113,156,71,44,138,37,94,173,18,131,119,11,59,80,100,30,134,148,4,97,58,158,43,34,122,181,68,123,90,47,60,54,151,133,187,39,107,55,14,13,172,12,89,75,125,15,135,53,183,69,159,164,149,28,155,73,99,106,136,49,112,2,161,102,86,110,88,61,52,104,17,145,56,21,108,192,40,169,85,29,154,116,177,27,185,111,96,171,141,98,114,64,79,179,6,76,5,186,199,81,153,150,24,95,137,175,62,120,3,168,191,162,146];False
1453;7659;9112;[61,195,129,70,19,87,121,178,83,12,130,84,77,152,93,147,66,157,103,105,74,188,144,184,115,117,167,189,182,65,41,142,78,128,42,57,197,8,16,126,35,160,91,1,33,124,180,196,36,46,140,92,82,23,127,7,0,45,22,26,176,193,109,20,170,166,38,139,63,118,48,194,31,198,174,9,143,67,32,72,163,25,51,50,190,10,165,113,156,71,44,138,37,94,173,18,131,119,11,59,80,100,30,134,148,4,97,58,158,43,34,122,181,68,123,90,47,60,54,151,133,187,39,107,55,14,13,172,132,89,75,125,15,135,53,183,69,159,164,149,28,155,73,99,106,136,49,112,2,161,102,86,110,88,101,52,104,17,145,56,21,108,192,40,169,85,29,154,116,177,27,185,111,96,171,141,98,114,64,79,179,6,76,5,186,199,81,153,150,24,95,137,175,62,120,3,168,191,162,146];False
1433;7661;9094;[61,195,129,70,19,87,121,178,83,132,130,84,77,152,93,147,66,157,103,105,74,188,144,184,142,117,167,189,182,65,41,115,78,128,42,57,197,8,16,126,35,160,91,1,33,124,180,196,36,46,140,92,82,23,127,7,0,45,22,26,176,193,109,20,170,166,38,139,63,118,48,194,31,198,174,9,143,67,32,72,163,25,51,50,190,10,165,113,156,71,44,138,37,94,173,18,131,119,11,59,80,100,30,134,148,4,97,58,158,43,34,122,181,68,123,90,47,60,54,151,133,187,39,107,55,14,13,172,12,89,75,125,15,135,53,183,69,159,164,149,28,155,73,99,106,136,49,112,2,161,102,86,110,88,101,52,104,17,145,56,21,108,192,40,169,85,29,154,116,177,27,185,111,96,171,141,98,114,64,79,179,6,76,5,186,199,81,153,150,24,95,137,175,62,120,3,168,191,162,146];False
1445;7659;9104;[61,195,129,70,19,87,121,178,83,132,130,84,77,152,93,147,66,157,103,105,74,188,144,184,168,117,167,189,182,65,41,142,78,128,42,57,197,8,16,126,35,160,91,1,33,124,180,196,36,46,140,92,82,23,127,7,0,45,22,26,176,193,109,20,170,166,38,139,63,118,48,194,31,198,174,9,143,67,32,72,163,25,51,50,190,10,165,113,156,71,44,138,37,94,173,18,131,119,11,59,80,100,30,134,148,4,97,58,158,43,34,122,181,68,123,90,47,60,54,151,133,187,39,107,55,14,13,172,12,89,75,125,15,135,53,183,69,159,164,149,28,155,73,99,106,136,49,112,2,161,102,86,110,88,101,52,104,17,145,56,21,108,192,40,169,85,29,154,116,177,27,185,111,96,171,141,98,114,64,79,179,6,76,5,186,199,81,153,150,24,95,137,175,62,120,3,115,191,162,146];False
1419;7681;9100;[61,195,129,70,19,87,121,178,83,132,130,84,77,152,93,147,66,157,103,105,74,188,144,184,115,142,167,189,182,65,41,117,78,128,42,57,197,8,16,126,35,160,91,1,33,124,180,196,36,46,140,92,82,23,127,7,0,45,22,26,176,193,109,20,170,166,38,139,63,118,48,194,31,198,174,9,143,67,32,72,163,25,51,50,190,10,165,113,156,71,44,138,37,94,173,18,131,119,11,59,80,100,30,134,148,4,97,58,158,43,34,122,181,68,123,90,47,60,54,151,133,187,39,107,55,14,13,172,12,89,75,125,15,135,53,183,69,159,164,149,28,155,73,99,106,136,49,112,2,161,102,86,110,88,101,52,104,17,145,56,21,108,192,40,169,85,29,154,116,177,27,185,111,96,171,141,98,114,64,79,179,6,76,5,186,199,81,153,150,24,95,137,175,62,120,3,168,191,162,146];True
1463;7638;9101;[61,195,129,70,19,87,121,178,83,132,130,84,77,152,93,147,66,157,103,105,74,188,144,184,115,117,167,189,182,65,41,142,78,128,42,57,197,8,16,126,143,160,91,1,33,124,180,196,36,46,140,92,82,23,127,7,0,45,22,26,176,193,109,20,170,166,38,139,63,118,48,194,31,198,174,9,35,67,32,72,163,25,51,50,190,10,165,113,156,71,44,138,37,94,173,18,131,119,11,59,80,100,30,134,148,4,97,58,158,43,34,122,181,68,123,90,47,60,54,151,133,187,39,107,55,14,13,172,12,89,75,125,15,135,53,183,69,159,164,149,28,155,73,99,106,136,49,112,2,161,102,86,110,88,101,52,104,17,145,56,21,108,192,40,169,85,29,154,116,177,27,185,111,96,171,141,98,114,64,79,179,6,76,5,186,199,81,153,150,24,95,137,175,62,120,3,168,191,162,146];True
1460;7646;9106;[61,195,129,70,19,87,121,178,83,132,130,84,77,152,93,147,66,157,103,105,74,188,144,184,115,117,167,189,182,65,41,142,78,128,42,57,197,8,16,126,35,160,91,1,33,124,180,196,36,46,140,92,82,23,127,7,0,85,22,26,176,193,109,20,170,166,38,139,63,118,48,194,31,198,174,9,143,67,32,72,163,25,51,50,190,10,165,113,156,71,44,138,37,94,173,18,131,119,11,59,80,100,30,134,148,4,97,58,158,43,34,122,181,68,123,90,47,60,54,151,133,187,39,107,55,14,13,172,12,89,75,125,15,135,53,183,69,159,164,149,28,155,73,99,106,136,49,112,2,161,102,86,110,88,101,52,104,17,145,56,21,108,192,40,169,45,29,154,116,177,27,185,111,96,171,141,98,114,64,79,179,6,76,5,186,199,81,153,150,24,95,137,175,62,120,3,168,191,162,146];False
1458;7658;9116;[61,195,129,70,19,87,121,178,83,132,130,84,77,152,93,147,66,157,103,105,74,188,144,184,115,117,167,189,182,65,41,142,78,128,42,57,197,8,16,126,35,160,91,1,33,124,180,196,36,46,140,92,82,23,127,7,0,45,22,26,176,193,109,164,170,166,38,139,63,118,48,194,31,198,174,9,143,67,32,72,163,25,51,50,190,10,165,113,156,71,44,138,37,94,173,18,131,119,11,59,80,100,30,134,148,4,97,58,158,43,34,122,181,68,123,90,47,60,54,151,133,187,39,107,55,14,13,172,12,89,75,125,15,135,53,183,69,159,20,149,28,155,73,99,106,136,49,112,2,161,102,86,110,88,101,52,104,17,145,56,21,108,192,40,169,85,29,154,116,177,27,185,111,96,171,141,98,114,64,79,179,6,76,5,186,199,81,153,150,24,95,137,175,62,120,3,168,191,162,146];False
1409;7702;9111;[61,195,129,70,19,87,121,178,83,132,130,84,77,152,93,147,66,157,103,105,74,188,144,184,115,117,167,189,182,65,41,142,78,128,42,57,197,8,16,126,35,160,91,1,33,124,180,196,36,46,140,92,82,23,127,7,0,45,22,26,176,193,109,20,170,166,38,139,63,118,48,194,31,198,15,9,143,67,32,72,163,25,51,50,190,10,165,113,156,71,44,138,37,94,173,18,131,119,11,59,80,100,30,134,148,4,97,58,158,43,34,122,181,68,123,90,47,60,54,151,133,187,39,107,55,14,13,172,12,89,75,125,174,135,53,183,69,159,164,149,28,155,73,99,106,136,49,112,2,161,102,86,110,88,101,52,104,17,145,56,21,108,192,40,169,85,29,154,116,177,27,185,111,96,171,141,98,114,64,79,179,6,76,5,186,199,81,153,150,24,95,137,175,62,120,3,168,191,162,146];True
1449;7652;9101;[61,195,129,70,19,87,121,178,83,132,130,84,77,152,93,147,66,157,103,105,74,188,144,184,115,117,167,189,182,65,41,142,78,128,42,57,197,8,16,126,35,160,91,1,33,124,180,196,36,46,140,92,82,23,127,7,0,45,22,26,176,193,109,20,170,166,38,139,63,118,48,194,31,198,174,149,143,67,32,72,163,25,51,50,190,10,165,113,156,71,44,138,37,94,173,18,131,119,11,59,80,100,30,134,148,4,97,58,158,43,34,122,181,68,123,90,47,60,54,151,133,187,39,107,55,14,13,172,12,89,75,125,15,135,53,183,69,159,164,9,28,155,73,99,106,136,49,112,2,161,102,86,110,88,101,52,104,17,145,56,21,108,192,40,169,85,29,154,116,177,27,185,111,96,171,141,98,114,64,79,179,6,76,5,186,199,81,153,150,24,95,137,175,62,120,3,168,191,162,146];False
1443;7655;9098;[61,195,129,70,19,87,121,178,83,132,130,84,77,152,93,147,66,157,103,105,74,188,144,184,115,117,167,189,182,65,41,142,78,128,42,57,197,8,16,126,35,160,91,1,33,124,180,196,36,46,140,92,82,23,127,7,0,45,22,26,176,193,109,20,170,166,38,139,63,118,48,194,31,198,174,9,143,67,32,72,163,25,51,50,190,10,165,113,156,71,44,138,37,94,173,18,131,119,11,59,80,100,30,134,148,4,97,58,158,43,34,150,181,68,123,90,47,60,54,151,133,187,39,107,55,14,13,172,12,89,75,125,15,135,53,183,69,159,164,149,28,155,73,99,106,136,49,112,2,161,102,86,110,88,101,52,104,17,145,56,21,108,192,40,169,85,29,154,116,177,27,185,111,96,171,141,98,114,64,79,179,6,76,5,186,199,81,153,122,24,95,137,175,62,120,3,168,191,162,146];True
1433;7660;9093;[61,195,129,70,19,87,121,178,83,132,130,84,77,152,93,147,66,157,103,105,74,188,144,184,115,117,167,189,182,65,41,142,78,128,42,57,197,8,16,126,35,160,91,1,33,124,180,196,36,46,140,92,82,23,127,7,0,45,22,26,176,193,109,20,170,166,38,139,63,118,48,194,31,198,174,9,143,67,32,72,163,25,51,50,190,10,165,113,156,71,44,138,37,94,173,18,131,119,11,59,80,100,30,134,148,4,97,58,158,43,34,122,181,68,123,90,47,60,101,151,133,187,39,107,55,14,13,172,12,89,75,125,15,135,53,183,69,159,164,149,28,155,73,99,106,136,49,112,2,161,102,86,110,88,54,52,104,17,145,56,21,108,192,40,169,85,29,154,116,177,27,185,111,96,171,141,98,114,64,79,179,6,76,5,186,199,81,153,150,24,95,137,175,62,120,3,168,191,162,146];True
1444;7645;9089;[61,195,129,70,19,87,121,178,83,132,130,84,77,152,93,147,66,157,103,105,74,188,144,184,115,117,167,189,182,65,41,142,78,128,42,57,197,8,16,126,35,160,91,1,33,124,180,196,36,46,140,92,82,23,127,7,0,45,22,26,176,193,109,20,170,166,38,139,63,118,48,194,31,198,174,9,143,67,32,72,163,25,51,50,190,10,165,113,156,71,44,138,37,94,173,18,131,119,11,59,80,100,30,134,148,4,97,58,158,43,34,122,181,68,123,90,47,60,54,151,110,187,39,107,55,14,13,172,12,89,75,125,15,135,53,183,69,159,164,149,28,155,73,99,106,136,49,112,2,161,102,86,133,88,101,52,104,17,145,56,21,108,192,40,169,85,29,154,116,177,27,185,111,96,171,141,98,114,64,79,179,6,76,5,186,199,81,153,150,24,95,137,175,62,120,3,168,191,162,146];True
1404;7707;9111;[61,195,129,70,19,87,121,178,83,132,130,84,77,152,93,147,66,157,103,105,74,188,144,184,115,117,167,189,182,65,41,142,78,128,42,57,197,8,16,126,35,160,91,1,33,124,180,196,36,46,140,92,82,23,127,7,0,45,22,26,176,193,109,20,170,166,38,139,63,118,48,194,31,198,174,9,143,67,32,72,163,25,51,50,190,10,165,113,156,71,44,138,37,94,173,18,131,119,11,59,80,100,30,134,148,4,97,58,158,43,34,122,181,68,123,90,47,60,54,151,133,187,39,107,55,14,13,172,12,89,75,125,15,108,53,183,69,159,164,149,28,155,73,99,106,136,49,112,2,161,102,86,110,88,101,52,104,17,145,56,21,135,192,40,169,85,29,154,116,177,27,185,111,96,171,141,98,114,64,79,179,6,76,5,186,199,81,153,150,24,95,137,175,62,120,3,168,191,162,146];True
1406;7704;9110;[61,195,129,70,19,87,121,178,83,132,130,84,77,152,93,147,66,157,103,105,74,188,144,184,41,142,167,189,182,65,115,117,78,128,42,57,197,8,16,126,35,160,91,1,33,124,180,196,36,46,140,92,82,23,127,7,0,45,22,26,176,193,109,20,170,166,38,139,63,118,48,194,31,198,174,9,143,67,32,72,163,25,51,50,190,10,165,113,156,71,44,138,37,94,173,18,131,119,11,59,80,100,30,134,148,4,97,58,158,43,34,122,181,68,123,90,47,60,54,151,133,187,39,107,55,14,13,172,12,89,75,125,15,135,53,183,69,159,164,149,28,155,73,99,106,136,49,112,2,161,102,86,110,88,101,52,104,17,145,56,21,108,192,40,169,85,29,154,116,177,27,185,111,96,171,141,98,114,64,79,179,6,76,5,186,199,81,153,150,24,95,137,175,62,120,3,168,191,162,146];True
1400;7726;9126;[61,195,129,70,19,87,121,178,83,132,130,84,77,152,93,147,66,157,103,105,74,188,144,184,115,142,167,189,182,65,41,117,78,128,42,57,197,8,16,126,35,160,91,1,33,124,180,196,36,46,140,92,82,23,127,7,0,45,22,26,176,193,109,20,170,166,38,139,63,118,48,194,31,198,174,9,143,67,32,72,163,25,51,50,190,10,165,113,156,71,44,138,37,94,173,18,131,119,11,59,80,100,30,134,148,4,97,58,158,43,34,122,181,68,123,90,47,60,54,151,133,187,39,107,55,14,13,172,12,89,75,125,15,108,53,183,69,159,164,149,28,155,73,99,106,136,49,112,2,161,102,86,110,88,101,52,104,17,145,56,21,135,192,40,169,85,29,154,116,177,27,185,111,96,171,141,98,114,64,79,179,6,76,5,186,199,81,153,150,24,95,137,175,62,120,3,168,191,162,146];True
1454;7643;9097;[61,195,129,70,19,87,121,178,83,132,130,84,77,152,93,147,66,157,103,105,74,188,144,184,115,117,167,189,182,65,41,142,78,128,42,57,197,8,16,126,35,160,91,1,33,124,180,196,36,46,140,92,82,23,127,7,0,45,22,26,176,193,109,20,170,166,38,139,63,118,48,194,31,198,174,9,143,67,32,72,163,25,51,50,190,10,165,113,156,71,44,138,37,94,173,18,131,119,11,59,80,100,30,134,148,4,97,58,158,43,34,122,181,68,123,90,47,60,101,151,110,187,39,107,55,14,13,172,12,89,75,125,15,135,53,183,69,159,164,149,28,155,73,99,106,136,49,112,2,161,102,86,133,88,54,52,104,17,145,56,21,108,192,40,169,85,29,154,116,177,27,185,111,96,171,141,98,114,64,79,179,6,76,5,186,199,81,153,150,24,95,137,175,62,120,3,168,191,162,146];True
1392;7744;9136;[61,195,129,70,19,87,121,178,83,132,130,84,77,152,93,147,66,157,103,105,74,188,144,184,41,142,167,189,182,65,115,117,78,128,42,57,197,8,16,126,35,160,91,1,33,124,180,196,36,46,140,92,82,23,127,7,0,45,22,26,176,193,109,20,170,166,38,139,63,118,48,194,31,198,15,9,143,67,32,72,163,25,51,50,190,10,165,113,156,71,44,138,37,94,173,18,131,119,11,59,80,100,30,134,148,4,97,58,158,43,34,122,181,68,123,90,47,60,54,151,133,187,39,107,55,14,13,172,12,89,75,125,174,135,53,183,69,159,164,149,28,155,73,99,106,136,49,112,2,161,102,86,110,88,101,52,104,17,145,56,21,108,192,40,169,85,29,154,116,177,27,185,111,96,171,141,98,114,64,79,179,6,76,5,186,199,81,153,150,24,95,137,175,62,120,3,168,191,162,146];True
1387;7749;9136;[61,195,129,70,19,87,121,178,83,132,130,84,77,152,93,147,66,157,103,105,74,188,144,184,41,142,167,189,182,65,115,117,78,128,42,57,197,8,16,126,35,160,91,1,33,124,180,196,36,46,140,92,82,23,127,7,0,45,22,26,176,193,109,20,170,166,38,139,63,118,48,194,31,198,174,9,143,67,32,72,163,25,51,50,190,10,165,113,156,71,44,138,37,94,173,18,131,119,11,59,80,100,30,134,148,4,97,58,158,43,34,122,181,68,123,90,47,60,54,151,133,187,39,107,55,14,13,172,12,89,75,125,15,108,53,183,69,159,164,149,28,155,73,99,106,136,49,112,2,161,102,86,110,88,101,52,104,17,145,56,21,135,192,40,169,85,29,154,116,177,27,185,111,96,171,141,98,114,64,79,179,6,76,5,186,199,81,153,150,24,95,137,175,62,120,3,168,191,162,146];True
1386;7796;9182;[61,195,129,70,19,87,121,178,83,132,130,84,77,152,93,147,66,157,103,105,74,188,144,184,41,142,167,189,182,65,115,117,78,128,42,57,197,8,16,126,35,160,91,1,33,124,180,196,36,46,140,92,82,23,127,7,0,45,22,96,176,193,109,20,170,166,38,139,63,118,48,194,31,198,174,9,143,67,32,72,163,25,51,50,190,10,165,113,156,71,44,138,37,94,173,18,131,119,11,59,80,100,30,134,148,4,97,58,158,43,34,122,181,68,123,90,47,60,54,151,133,187,39,107,55,14,13,172,12,89,75,125,15,108,53,183,69,159,164,149,28,155,73,99,106,136,49,112,2,161,102,86,110,88,101,52,104,17,145,56,21,135,192,40,169,85,29,154,116,177,27,185,111,26,171,141,98,114,64,79,179,6,76,5,186,199,81,153,150,24,95,137,175,62,120,3,168,191,162,146];False
1379;7794;9173;[117,195,129,70,19,87,121,178,47,132,130,84,77,152,93,147,66,157,103,90,74,188,144,184,41,142,167,81,182,65,115,101,78,128,42,57,197,8,16,126,35,160,91,1,33,124,180,196,36,46,140,92,82,23,127,7,0,45,22,26,176,193,109,20,170,166,38,139,63,118,48,194,31,198,174,9,143,67,32,72,163,25,51,50,190,10,165,113,156,71,44,138,37,94,173,18,131,119,11,59,80,100,30,134,148,4,97,58,158,43,34,122,181,68,123,6,149,60,54,151,133,187,39,107,105,14,13,172,12,89,75,125,15,135,53,183,69,159,164,189,28,155,73,99,106,136,49,112,2,161,102,86,110,88,61,52,104,17,145,56,21,108,192,40,169,85,29,154,116,177,27,185,111,96,171,141,98,114,64,79,179,55,76,5,186,199,83,153,150,24,95,137,175,62,120,3,168,191,162,146];True
1356;7895;9251;[61,195,129,70,19,87,121,178,47,132,130,84,77,152,93,22,66,157,103,90,74,188,144,184,41,142,167,81,182,65,115,117,78,128,42,57,197,8,16,126,35,160,91,1,33,124,180,196,36,46,140,92,82,23,127,7,0,45,100,26,176,193,109,20,170,166,38,139,63,118,48,194,31,198,174,9,143,67,32,72,163,25,51,50,190,10,165,113,156,71,44,138,37,94,173,18,131,119,11,59,80,147,30,134,148,4,97,58,158,43,34,122,181,68,123,6,149,60,54,151,133,187,39,107,105,14,13,172,12,89,75,125,15,135,53,183,69,159,164,189,28,155,73,99,106,136,49,112,2,161,102,86,110,88,101,52,104,17,145,56,21,108,192,40,169,85,29,154,116,177,27,185,111,96,171,141,98,114,64,79,179,55,76,5,186,199,83,153,150,24,95,137,175,62,120,3,168,191,162,146];False
1375;7824;9199;[61,195,129,70,19,87,121,178,47,132,130,84,77,152,93,147,66,157,103,90,74,188,144,184,142,196,167,81,182,65,115,117,78,128,42,57,197,8,16,126,35,160,91,1,33,124,180,41,36,46,140,92,82,23,127,7,0,45,22,26,176,193,109,20,170,166,38,139,63,118,48,194,31,198,174,9,143,67,32,72,163,25,51,50,190,10,165,113,156,71,44,138,37,94,173,18,131,119,11,59,80,100,30,134,148,4,97,58,158,43,34,122,181,68,123,6,149,60,54,151,133,187,39,107,105,14,13,172,12,89,75,125,15,135,53,183,69,159,164,189,28,155,73,99,106,136,49,112,2,161,102,86,110,88,101,52,104,17,145,56,21,108,192,40,169,85,29,154,116,177,27,185,111,96,171,141,98,114,64,79,179,55,76,5,186,199,83,153,150,24,95,137,175,62,120,3,168,191,162,146];False
1365;7834;9199;[117,195,129,70,19,87,121,178,47,132,130,84,77,152,93,147,66,157,103,90,74,188,144,184,41,142,167,81,182,65,115,101,78,128,42,57,197,8,16,126,35,160,91,1,33,124,180,196,36,46,140,92,82,23,127,7,0,45,22,26,176,193,109,20,170,166,38,139,63,118,48,194,31,198,15,9,143,67,32,72,163,25,51,50,190,10,165,113,156,71,44,138,37,94,173,18,131,119,11,59,80,100,30,134,148,4,97,58,158,43,34,122,181,68,123,6,149,60,54,151,133,187,39,107,105,14,13,172,12,89,75,125,174,135,53,183,69,159,164,189,28,155,73,99,106,136,49,112,2,161,102,86,110,88,61,52,104,17,145,56,21,108,192,40,169,85,29,154,116,177,27,185,111,96,171,141,98,114,64,79,179,55,76,5,186,199,83,153,150,24,95,137,175,62,120,3,168,191,162,146];False
1360;7839;9199;[117,195,129,70,19,87,121,178,47,132,130,84,77,152,93,147,66,157,103,90,74,188,144,184,41,142,167,81,182,65,115,101,78,128,42,57,197,8,16,126,35,160,91,1,33,124,180,196,36,46,140,92,82,23,127,7,0,45,22,26,176,193,109,20,170,166,38,139,63,118,48,194,31,198,174,9,143,67,32,72,163,25,51,50,190,10,165,113,156,71,44,138,37,94,173,18,131,119,11,59,80,100,30,134,148,4,97,58,158,43,34,122,181,68,123,6,149,60,54,151,133,187,39,107,105,14,13,172,12,89,75,125,15,108,53,183,69,159,164,189,28,155,73,99,106,136,49,112,2,161,102,86,110,88,61,52,104,17,145,56,21,135,192,40,169,85,29,154,116,177,27,185,111,96,171,141,98,114,64,79,179,55,76,5,186,199,83,153,150,24,95,137,175,62,120,3,168,191,162,146];False
1342;7935;9277;[61,195,129,70,19,87,121,178,47,132,130,84,77,152,93,22,66,157,103,90,74,188,144,184,41,142,167,81,182,65,115,117,78,128,42,57,197,8,16,126,35,160,91,1,33,124,180,196,36,46,140,92,82,23,127,7,0,45,100,26,176,193,109,20,170,166,38,139,63,118,48,194,31,198,15,9,143,67,32,72,163,25,51,50,190,10,165,113,156,71,44,138,37,94,173,18,131,119,11,59,80,147,30,134,148,4,97,58,158,43,34,122,181,68,123,6,149,60,54,151,133,187,39,107,105,14,13,172,12,89,75,125,174,135,53,183,69,159,164,189,28,155,73,99,106,136,49,112,2,161,102,86,110,88,101,52,104,17,145,56,21,108,192,40,169,85,29,154,116,177,27,185,111,96,171,141,98,114,64,79,179,55,76,5,186,199,83,153,150,24,95,137,175,62,120,3,168,191,162,146];False
1337;7940;9277;[61,195,129,70,19,87,121,178,47,132,130,84,77,152,93,22,66,157,103,90,74,188,144,184,41,142,167,81,182,65,115,117,78,128,42,57,197,8,16,126,35,160,91,1,33,124,180,196,36,46,140,92,82,23,127,7,0,45,100,26,176,193,109,20,170,166,38,139,63,118,48,194,31,198,174,9,143,67,32,72,163,25,51,50,190,10,165,113,156,71,44,138,37,94,173,18,131,119,11,59,80,147,30,134,148,4,97,58,158,43,34,122,181,68,123,6,149,60,54,151,133,187,39,107,105,14,13,172,12,89,75,125,15,108,53,183,69,159,164,189,28,155,73,99,106,136,49,112,2,161,102,86,110,88,101,52,104,17,145,56,21,135,192,40,169,85,29,154,116,177,27,185,111,96,171,141,98,114,64,79,179,55,76,5,186,199,83,153,150,24,95,137,175,62,120,3,168,191,162,146];False
1356;7869;9225;[61,195,129,70,19,87,121,178,47,132,130,84,77,152,93,147,66,157,103,90,74,188,144,184,142,196,167,81,182,65,115,117,78,128,42,57,197,8,16,126,35,160,91,1,33,124,180,41,36,46,140,92,82,23,127,7,0,45,22,26,176,193,109,20,170,166,38,139,63,118,48,194,31,198,174,9,143,67,32,72,163,25,51,50,190,10,165,113,156,71,44,138,37,94,173,18,131,119,11,59,80,100,30,134,148,4,97,58,158,43,34,122,181,68,123,6,149,60,54,151,133,187,39,107,105,14,13,172,12,89,75,125,15,108,53,183,69,159,164,189,28,155,73,99,106,136,49,112,2,161,102,86,110,88,101,52,104,17,145,56,21,135,192,40,169,85,29,154,116,177,27,185,111,96,171,141,98,114,64,79,179,55,76,5,186,199,83,153,150,24,95,137,175,62,120,3,168,191,162,146];False
1355;7912;9267;[61,195,129,70,19,87,121,178,47,132,130,84,77,152,93,22,66,157,103,90,74,188,144,184,115,142,167,81,182,65,41,117,78,128,42,57,197,8,16,126,35,160,91,1,33,124,180,196,36,46,140,92,82,23,127,7,0,45,100,26,176,193,109,20,170,166,38,139,63,118,48,194,31,198,15,9,143,67,32,72,163,25,51,50,190,10,165,113,156,71,44,138,37,94,173,18,131,119,11,59,80,147,30,134,148,4,97,58,158,43,34,122,181,68,123,6,149,60,54,151,133,187,39,107,105,14,13,172,12,89,75,125,174,135,53,183,69,159,164,189,28,155,73,99,106,136,49,112,2,161,102,86,110,88,101,52,104,17,145,56,21,108,192,40,169,85,29,154,116,177,27,185,111,96,171,141,98,114,64,79,179,55,76,5,186,199,83,153,150,24,95,137,175,62,120,3,168,191,162,146];False
1329;7998;9327;[61,195,129,70,19,87,121,178,47,132,130,84,77,152,93,22,49,157,103,90,74,188,144,184,41,142,167,81,182,65,115,117,78,128,42,57,197,8,16,126,35,160,91,1,33,124,180,196,36,46,140,92,82,23,127,7,0,45,100,26,176,193,109,20,170,166,38,139,63,118,48,194,31,198,174,9,143,67,32,72,163,25,51,50,190,10,165,113,156,71,44,138,37,94,173,18,131,119,11,59,80,147,30,134,148,4,97,58,158,43,34,122,181,68,123,6,149,60,54,151,133,187,39,107,105,14,13,172,12,89,75,125,15,108,53,183,69,159,164,189,28,155,73,99,106,136,66,112,2,161,102,86,110,88,101,52,104,17,145,56,21,135,192,40,169,85,29,154,116,177,27,185,111,96,171,141,98,114,64,79,179,55,76,5,186,199,83,153,150,24,95,137,175,62,120,3,168,191,162,146];False
1350;7917;9267;[61,195,129,70,19,87,121,178,47,132,130,84,77,152,93,22,66,157,103,90,74,188,144,184,115,142,167,81,182,65,41,117,78,128,42,57,197,8,16,126,35,160,91,1,33,124,180,196,36,46,140,92,82,23,127,7,0,45,100,26,176,193,109,20,170,166,38,139,63,118,48,194,31,198,174,9,143,67,32,72,163,25,51,50,190,10,165,113,156,71,44,138,37,94,173,18,131,119,11,59,80,147,30,134,148,4,97,58,158,43,34,122,181,68,123,6,149,60,54,151,133,187,39,107,105,14,13,172,12,89,75,125,15,108,53,183,69,159,164,189,28,155,73,99,106,136,49,112,2,161,102,86,110,88,101,52,104,17,145,56,21,135,192,40,169,85,29,154,116,177,27,185,111,96,171,141,98,114,64,79,179,55,76,5,186,199,83,153,150,24,95,137,175,62,120,3,168,191,162,146];False
1355;7909;9264;[61,195,129,70,19,87,121,178,47,132,130,84,77,152,93,147,66,157,103,90,74,188,144,184,142,196,167,81,182,65,115,117,78,128,42,57,197,8,16,126,35,160,91,1,33,124,180,41,36,46,140,92,82,23,127,7,0,45,22,26,176,193,109,20,170,166,38,139,63,118,48,194,31,198,174,9,143,67,32,72,163,25,51,50,190,10,165,113,156,71,44,138,37,94,173,18,131,119,11,59,80,100,30,134,148,4,97,58,158,43,34,122,181,68,123,6,149,60,54,151,133,187,39,107,105,14,13,172,12,89,75,125,76,108,53,183,69,159,164,189,28,155,73,99,106,136,49,112,2,161,102,86,110,88,101,52,104,17,145,56,21,135,192,40,169,85,29,154,116,177,27,185,111,96,171,141,98,114,64,79,179,55,15,5,186,199,83,153,150,24,95,137,175,62,120,3,168,191,162,146];False
1354;7898;9252;[61,195,129,70,19,87,121,178,47,132,130,84,77,152,93,22,66,157,103,90,74,188,144,184,115,117,167,81,182,65,41,142,78,128,42,57,197,8,16,126,35,160,91,1,33,124,180,196,36,46,140,92,82,23,127,7,0,45,100,26,176,193,109,20,170,166,38,139,63,118,48,194,31,198,174,9,143,67,32,72,163,25,51,50,190,10,165,113,156,71,44,138,37,94,173,18,131,119,11,59,80,147,30,134,148,4,97,58,158,43,34,122,181,68,123,6,149,60,54,151,133,187,39,107,105,14,13,172,12,89,75,125,15,108,53,183,69,159,164,189,28,155,73,99,106,136,49,112,2,161,102,86,110,88,101,52,104,17,145,56,21,135,192,40,169,85,29,154,116,177,27,185,111,96,171,141,98,114,64,79,179,55,76,5,186,199,83,153,150,24,95,137,175,62,120,3,168,191,162,146];False
1353;7912;9265;[61,195,129,70,19,87,121,178,2,167,130,84,77,152,93,147,66,157,103,90,74,188,144,184,115,117,22,81,182,65,41,142,78,128,42,57,197,8,16,126,35,160,91,1,33,124,180,196,36,46,140,92,82,23,127,7,0,45,132,26,176,193,109,20,170,166,38,139,63,118,48,194,31,198,174,9,143,67,32,72,163,25,51,50,190,10,165,113,156,71,44,138,37,94,173,18,131,119,11,59,80,100,30,134,148,4,97,58,158,43,34,122,181,68,123,6,149,60,54,151,133,187,39,107,105,14,13,172,12,89,75,125,15,108,53,183,69,159,164,189,28,155,73,99,106,136,49,112,17,161,102,86,110,88,101,52,104,179,145,56,21,135,192,40,169,85,29,154,116,177,27,185,111,96,171,141,98,114,64,79,47,55,76,5,186,199,83,153,150,24,95,137,175,62,120,3,168,191,162,146];False
1333;7967;9300;[61,195,129,70,19,87,121,178,2,142,130,84,77,152,93,147,66,157,103,90,74,188,144,184,115,182,167,81,136,65,41,22,78,128,42,57,197,8,16,126,35,160,91,1,33,124,180,196,36,46,140,92,82,23,127,7,0,45,132,26,176,193,109,20,170,166,38,139,63,118,48,194,31,198,174,9,143,67,32,72,163,25,51,50,190,10,165,113,156,71,44,138,37,94,173,18,131,119,11,59,80,100,30,134,148,4,97,58,158,43,34,122,181,68,123,6,149,60,54,151,133,187,39,107,105,14,13,172,12,89,75,125,15,108,53,183,69,159,164,189,28,155,73,99,106,117,49,112,17,161,102,86,110,88,101,52,104,179,145,56,21,135,192,40,169,85,29,154,116,177,27,185,111,96,171,141,98,114,64,79,47,55,76,5,186,199,83,153,150,24,95,137,175,62,120,3,168,191,162,146];False
1319;7992;9311;[61,195,129,70,19,87,121,178,2,142,130,84,77,152,93,147,66,157,103,90,74,188,144,184,115,117,182,81,136,65,41,22,78,128,42,57,197,8,16,126,35,160,91,1,33,124,180,196,36,46,140,92,82,23,127,7,0,45,132,26,176,193,109,20,170,166,38,139,63,118,48,194,31,198,174,9,143,67,32,72,163,25,51,50,190,10,165,113,156,71,44,138,37,94,173,18,131,119,11,59,80,100,30,134,148,4,97,58,158,43,34,122,181,68,123,6,149,60,54,151,133,187,39,107,105,14,13,172,12,89,75,125,15,108,53,183,69,159,164,189,28,155,73,99,106,167,49,112,17,161,102,86,110,88,101,52,104,179,145,56,21,135,192,40,169,85,29,154,116,177,27,185,111,96,171,141,98,114,64,79,47,55,76,5,186,199,83,153,150,24,95,137,175,62,120,3,168,191,162,146];False
1321;7967;9288;[61,195,129,70,19,87,121,178,2,142,130,84,77,152,93,147,66,157,103,90,74,188,144,184,115,117,167,81,182,65,41,57,78,128,42,101,197,8,16,126,35,160,91,1,33,124,180,196,36,46,140,92,82,23,127,7,0,45,132,26,176,193,109,20,170,166,38,139,63,118,48,194,31,198,174,9,143,67,32,72,163,25,51,50,190,10,165,113,156,71,44,138,37,94,173,18,131,119,11,59,80,100,30,134,148,4,97,58,158,43,34,122,181,68,123,6,149,60,54,151,133,187,39,107,105,14,13,172,12,89,75,125,15,108,53,183,69,159,164,189,28,155,73,99,106,136,49,112,17,161,102,86,110,88,22,52,104,179,145,56,21,135,192,40,169,85,29,154,116,177,27,185,111,96,171,141,98,114,64,79,47,55,76,5,186,199,83,153,150,24,95,137,175,62,120,3,168,191,162,146];False
1335;7948;9283;[61,195,129,70,19,87,121,178,2,142,130,84,77,152,93,147,66,157,103,90,74,188,144,184,115,117,167,81,182,65,41,22,128,12,42,57,197,8,16,126,35,160,91,1,33,124,180,196,36,46,140,92,82,23,127,7,0,45,132,26,176,193,109,20,170,166,38,139,63,118,48,194,31,198,174,9,143,67,32,72,163,25,51,50,190,10,165,113,156,71,44,138,37,94,173,18,131,119,11,59,80,100,30,134,148,4,97,58,158,43,34,122,181,68,123,6,149,60,54,151,133,187,39,107,105,14,13,172,78,89,75,125,15,108,53,183,69,159,164,189,28,155,73,99,106,136,49,112,17,161,102,86,110,88,101,52,104,179,145,56,21,135,192,40,169,85,29,154,116,177,27,185,111,96,171,141,98,114,64,79,47,55,76,5,186,199,83,153,150,24,95,137,175,62,120,3,168,191,162,146];False
1328;7964;9292;[61,195,129,70,19,87,121,178,2,142,130,84,77,152,93,147,66,157,103,90,74,188,144,184,115,117,167,81,182,65,41,22,78,128,42,57,197,8,16,126,35,160,91,1,33,124,180,196,36,46,140,92,82,23,127,7,0,45,132,26,176,193,109,20,170,166,38,139,63,118,48,194,31,198,174,9,143,67,32,72,163,25,51,50,190,10,165,113,156,71,44,138,37,94,173,18,131,119,11,59,80,100,30,134,148,4,97,58,158,43,34,122,181,68,6,149,123,60,54,151,133,187,39,107,105,14,13,172,12,89,75,125,15,108,53,183,69,159,164,189,28,155,73,99,106,136,49,112,17,161,102,86,110,88,101,52,104,179,145,56,21,135,192,40,169,85,29,154,116,177,27,185,111,96,171,141,98,114,64,79,47,55,76,5,186,199,83,153,150,24,95,137,175,62,120,3,168,191,162,146];False
1335;7945;9280;[61,195,129,70,19,87,121,178,2,167,130,84,77,152,93,147,66,157,103,90,74,188,144,184,115,117,3,81,182,65,41,142,78,128,42,57,197,8,16,126,35,160,91,1,33,124,180,196,36,46,140,92,82,23,127,7,0,45,132,26,176,193,109,20,170,166,38,139,63,118,48,194,31,198,174,9,143,67,32,72,163,25,51,50,190,10,165,113,156,71,44,138,37,94,173,18,131,119,11,59,80,100,30,134,148,4,97,58,158,43,34,122,181,68,123,6,149,60,54,151,133,187,39,107,105,14,13,172,12,89,75,125,15,108,53,183,69,159,164,189,28,155,73,99,106,136,49,112,17,161,102,86,110,88,101,52,104,179,145,56,21,135,192,40,169,85,29,154,116,177,27,185,111,96,171,141,98,114,64,79,47,55,76,5,186,199,83,153,150,24,95,137,175,62,120,22,168,191,162,146];False
1310;8000;9310;[61,195,129,70,19,87,121,178,2,142,130,84,77,152,93,147,66,157,103,90,74,188,144,184,115,117,182,78,136,65,41,22,81,128,42,57,197,8,16,126,35,160,91,1,33,124,180,196,36,46,140,92,82,23,127,7,0,45,132,26,176,193,109,20,170,166,38,139,63,118,48,194,31,198,174,9,143,67,32,72,163,25,51,50,190,10,165,113,156,71,44,138,37,94,173,18,131,119,11,59,80,100,30,134,148,4,97,58,158,43,34,122,181,68,123,6,149,60,54,151,133,187,39,107,105,14,13,172,12,89,75,125,15,108,53,183,69,159,164,189,28,155,73,99,106,167,49,112,17,161,102,86,110,88,101,52,104,179,145,56,21,135,192,40,169,85,29,154,116,177,27,185,111,96,171,141,98,114,64,79,47,55,76,5,186,199,83,153,150,24,95,137,175,62,120,3,168,191,162,146];False
1328;7939;9267;[22,195,129,70,19,87,121,178,2,142,130,84,77,152,93,147,66,157,103,90,74,188,144,184,115,117,167,81,182,65,41,57,78,128,42,101,197,8,16,126,35,160,91,1,33,124,180,196,36,46,140,92,82,23,127,7,0,45,132,26,176,193,109,20,170,166,38,139,63,118,48,194,31,198,174,9,143,67,32,72,163,25,51,50,190,10,165,113,156,71,44,138,37,94,173,18,131,119,11,59,80,100,30,134,148,4,97,58,158,43,34,122,181,68,123,6,149,60,54,151,133,187,39,107,105,14,13,172,12,89,75,125,15,108,53,183,69,159,164,189,28,155,73,99,106,136,49,112,17,161,102,86,110,88,61,52,104,179,145,56,21,135,192,40,169,85,29,154,116,177,27,185,111,96,171,141,98,114,64,79,47,55,76,5,186,199,83,153,150,24,95,137,175,62,120,3,168,191,162,146];False
1340;7922;9262;[61,195,129,70,19,87,121,178,2,142,130,84,77,152,93,147,66,157,103,90,74,188,144,184,115,117,167,81,182,65,41,57,78,128,42,101,197,8,16,126,35,160,91,1,33,124,180,196,36,46,140,92,82,23,127,7,0,45,132,26,176,193,109,20,170,166,38,139,63,118,48,194,31,198,174,9,143,67,32,72,163,25,51,50,190,10,165,113,156,71,44,138,37,94,173,18,131,119,11,59,80,100,30,134,148,4,97,58,158,43,34,122,181,68,123,6,149,60,54,151,133,187,39,107,105,14,13,172,12,89,75,125,15,135,53,183,69,159,164,189,28,155,73,99,106,136,49,112,17,161,102,86,110,88,22,52,104,179,145,56,21,108,192,40,169,85,29,154,116,177,27,185,111,96,171,141,98,114,64,79,47,55,76,5,186,199,83,153,150,24,95,137,175,62,120,3,168,191,162,146];False
1337;7921;9258;[61,195,129,70,19,87,121,178,2,142,130,84,77,152,93,147,66,157,103,90,74,188,144,184,115,117,167,81,182,65,41,57,78,128,42,101,197,8,16,126,35,160,91,1,33,124,180,196,36,46,140,92,82,23,127,7,0,45,132,26,176,193,109,20,170,166,38,139,63,118,48,194,31,198,174,9,143,67,32,72,163,25,51,50,190,10,165,113,156,71,44,138,37,94,173,18,131,119,11,59,80,100,30,134,148,4,97,58,158,43,34,122,181,68,123,6,149,60,54,151,133,187,39,107,105,14,13,172,12,89,75,125,15,108,53,183,69,159,164,189,28,155,73,99,106,136,49,112,179,161,102,86,110,88,22,52,104,17,145,56,21,135,192,40,169,85,29,154,116,177,27,185,111,96,171,141,98,114,64,79,47,55,76,5,186,199,83,153,150,24,95,137,175,62,120,3,168,191,162,146];False
1305;8000;9305;[61,195,129,70,19,87,121,178,2,142,130,84,77,152,93,147,66,157,103,90,74,188,144,184,115,117,182,78,136,65,41,22,131,128,42,57,197,8,16,126,35,160,91,1,33,124,180,196,36,46,140,92,82,23,127,7,0,45,132,26,176,193,109,20,170,166,38,139,63,118,48,194,31,198,174,9,143,67,32,72,163,25,51,50,190,10,165,113,156,71,44,138,37,94,173,18,81,119,11,59,80,100,30,134,148,4,97,58,158,43,34,122,181,68,123,6,149,60,54,151,133,187,39,107,105,14,13,172,12,89,75,125,15,108,53,183,69,159,164,189,28,155,73,99,106,167,49,112,17,161,102,86,110,88,101,52,104,179,145,56,21,135,192,40,169,85,29,154,116,177,27,185,111,96,171,141,98,114,64,79,47,55,76,5,186,199,83,153,150,24,95,137,175,62,120,3,168,191,162,146];False
1317;7951;9268;[147,195,129,70,19,87,121,178,2,142,130,84,77,152,93,22,66,157,103,90,74,188,144,184,115,117,167,81,182,65,41,57,78,128,42,101,197,8,16,126,35,160,91,1,33,124,180,196,36,46,140,92,82,23,127,7,0,45,132,26,176,193,109,20,170,166,38,139,63,118,48,194,31,198,174,9,143,67,32,72,163,25,51,50,190,10,165,113,156,71,44,138,37,94,173,18,131,119,11,59,80,100,30,134,148,4,97,58,158,43,34,122,181,68,123,6,149,60,54,151,133,187,39,107,105,14,13,172,12,89,75,125,15,108,53,183,69,159,164,189,28,155,73,99,106,136,49,112,17,161,102,86,110,88,61,52,104,179,145,56,21,135,192,40,169,85,29,154,116,177,27,185,111,96,171,141,98,114,64,79,47,55,76,5,186,199,83,153,150,24,95,137,175,62,120,3,168,191,162,146];False
1312;7958;9270;[82,195,129,70,19,87,121,178,2,142,130,84,77,152,93,147,66,157,103,90,74,188,144,184,115,117,167,81,182,65,41,57,78,128,42,101,197,8,16,126,35,160,91,1,33,124,180,196,36,46,140,92,22,23,127,7,0,45,132,26,176,193,109,20,170,166,38,139,63,118,48,194,31,198,174,9,143,67,32,72,163,25,51,50,190,10,165,113,156,71,44,138,37,94,173,18,131,119,11,59,80,100,30,134,148,4,97,58,158,43,34,122,181,68,123,6,149,60,54,151,133,187,39,107,105,14,13,172,12,89,75,125,15,108,53,183,69,159,164,189,28,155,73,99,106,136,49,112,17,161,102,86,110,88,61,52,104,179,145,56,21,135,192,40,169,85,29,154,116,177,27,185,111,96,171,141,98,114,64,79,47,55,76,5,186,199,83,153,150,24,95,137,175,62,120,3,168,191,162,146];False
1326;7939;9265;[132,195,129,70,19,87,121,178,2,142,130,84,77,152,93,147,66,157,103,90,74,188,144,184,115,117,167,81,182,65,41,57,78,128,42,101,197,8,16,126,35,160,91,1,33,124,180,196,36,46,140,92,82,23,127,7,0,45,22,26,176,193,109,20,170,166,38,139,63,118,48,194,31,198,174,9,143,67,32,72,163,25,51,50,190,10,165,113,156,71,44,138,37,94,173,18,131,119,11,59,80,100,30,134,148,4,97,58,158,43,34,122,181,68,123,6,149,60,54,151,133,187,39,107,105,14,13,172,12,89,75,125,15,108,53,183,69,159,164,189,28,155,73,99,106,136,49,112,17,161,102,86,110,88,61,52,104,179,145,56,21,135,192,40,169,85,29,154,116,177,27,185,111,96,171,141,98,114,64,79,47,55,76,5,186,199,83,153,150,24,95,137,175,62,120,3,168,191,162,146];False
1344;7893;9237;[22,195,129,70,19,87,121,178,2,142,130,84,77,152,93,147,66,157,103,90,74,188,144,184,115,117,167,81,182,65,41,57,78,128,42,101,197,8,16,126,35,160,91,1,33,124,180,196,36,46,140,92,82,23,127,7,0,45,132,26,176,193,109,20,170,166,38,139,63,118,48,194,31,198,174,9,143,67,32,72,163,25,51,50,190,10,165,113,156,71,44,138,37,94,173,18,131,119,11,59,80,100,30,134,148,4,97,58,158,43,34,122,181,68,123,6,149,60,54,151,133,187,39,107,105,14,13,172,12,89,75,125,15,108,53,183,69,159,164,189,28,155,73,99,106,136,49,112,179,161,102,86,110,88,61,52,104,17,145,56,21,135,192,40,169,85,29,154,116,177,27,185,111,96,171,141,98,114,64,79,47,55,76,5,186,199,83,153,150,24,95,137,175,62,120,3,168,191,162,146];False
1280;8041;9321;[61,195,129,70,19,87,121,178,2,142,130,84,77,152,93,147,66,157,103,90,74,188,144,184,115,117,182,78,136,65,41,22,131,128,42,57,197,8,16,126,35,160,91,1,33,124,180,196,36,46,140,92,82,23,127,7,0,45,132,26,176,193,109,20,170,166,38,139,63,118,48,194,31,198,174,9,143,67,32,72,163,81,51,50,190,10,165,113,156,71,44,138,37,94,173,18,25,119,11,59,80,100,30,134,148,4,97,58,158,43,34,122,181,68,123,6,149,60,54,151,133,187,39,107,105,14,13,172,12,89,75,125,15,108,53,183,69,159,164,189,28,155,73,99,106,167,49,112,17,161,102,86,110,88,101,52,104,179,145,56,21,135,192,40,169,85,29,154,116,177,27,185,111,96,171,141,98,114,64,79,47,55,76,5,186,199,83,153,150,24,95,137,175,62,120,3,168,191,162,146];False
1292;8028;9320;[61,195,129,70,19,87,121,178,2,142,130,84,77,152,93,147,66,157,103,90,74,188,144,184,115,117,182,78,136,65,41,22,131,128,42,57,197,8,16,126,35,160,91,1,33,124,180,196,36,46,140,92,82,23,127,7,0,45,132,26,176,193,109,20,170,166,38,139,63,118,48,194,31,198,174,9,143,67,32,72,163,25,51,50,190,10,165,113,156,71,44,138,37,94,173,100,81,119,11,59,80,18,30,134,148,4,97,58,158,43,34,122,181,68,123,6,149,60,54,151,133,187,39,107,105,14,13,172,12,89,75,125,15,108,53,183,69,159,164,189,28,155,73,99,106,167,49,112,17,161,102,86,110,88,101,52,104,179,145,56,21,135,192,40,169,85,29,154,116,177,27,185,111,96,171,141,98,114,64,79,47,55,76,5,186,199,83,153,150,24,95,137,175,62,120,3,168,191,162,146];False
1309;7973;9282;[148,195,129,70,19,87,121,178,2,142,130,84,77,152,93,22,66,157,103,90,74,188,144,184,115,117,167,81,182,65,41,57,78,128,42,101,197,8,16,126,35,160,91,1,33,124,180,196,36,46,140,92,82,23,127,7,0,45,132,26,176,193,109,20,170,166,38,139,63,118,48,194,31,198,174,9,143,67,32,72,163,25,51,50,190,10,165,113,156,71,44,138,37,94,173,18,131,119,11,59,80,100,30,134,147,4,97,58,158,43,34,122,181,68,123,6,149,60,54,151,133,187,39,107,105,14,13,172,12,89,75,125,15,108,53,183,69,159,164,189,28,155,73,99,106,136,49,112,17,161,102,86,110,88,61,52,104,179,145,56,21,135,192,40,169,85,29,154,116,177,27,185,111,96,171,141,98,114,64,79,47,55,76,5,186,199,83,153,150,24,95,137,175,62,120,3,168,191,162,146];False
1329;7917;9246;[147,4,129,70,19,87,121,178,2,142,130,84,77,152,93,22,66,157,103,90,74,188,144,184,115,117,167,81,182,65,41,57,78,128,42,101,197,8,16,126,35,160,91,1,33,124,180,196,36,46,140,92,82,23,127,7,0,45,132,26,176,193,109,20,170,166,38,139,63,118,48,194,31,198,174,9,143,67,32,72,163,25,51,50,190,10,165,113,156,71,44,138,37,94,173,18,131,119,11,59,80,100,30,134,148,195,97,58,158,43,34,122,181,68,123,6,149,60,54,151,133,187,39,107,105,14,13,172,12,89,75,125,15,108,53,183,69,159,164,189,28,155,73,99,106,136,49,112,17,161,102,86,110,88,61,52,104,179,145,56,21,135,192,40,169,85,29,154,116,177,27,185,111,96,171,141,98,114,64,79,47,55,76,5,186,199,83,153,150,24,95,137,175,62,120,3,168,191,162,146];False
1336;7906;9242;[147,195,129,70,19,87,121,178,2,142,130,84,77,152,93,22,66,157,103,90,74,188,144,184,115,117,167,81,182,65,41,57,78,128,42,101,197,8,16,126,35,160,91,1,33,124,180,196,36,46,140,92,82,23,127,7,0,45,132,26,176,193,109,20,170,166,38,139,63,118,48,194,31,198,174,9,143,67,32,72,163,25,51,50,190,10,165,113,156,71,44,138,37,94,173,18,131,119,11,59,80,100,30,134,148,4,97,58,158,43,34,122,181,68,123,6,149,60,54,151,133,187,39,107,105,14,13,172,12,89,75,125,15,135,53,183,69,159,164,189,28,155,73,99,106,136,49,112,17,161,102,86,110,88,61,52,104,179,145,56,21,108,192,40,169,85,29,154,116,177,27,185,111,96,171,141,98,114,64,79,47,55,76,5,186,199,83,153,150,24,95,137,175,62,120,3,168,191,162,146];False
1333;7905;9238;[147,195,129,70,19,87,121,178,2,142,130,84,77,152,93,22,66,157,103,90,74,188,144,184,115,117,167,81,182,65,41,57,78,128,42,101,197,8,16,126,35,160,91,1,33,124,180,196,36,46,140,92,82,23,127,7,0,45,132,26,176,193,109,20,170,166,38,139,63,118,48,194,31,198,174,9,143,67,32,72,163,25,51,50,190,10,165,113,156,71,44,138,37,94,173,18,131,119,11,59,80,100,30,134,148,4,97,58,158,43,34,122,181,68,123,6,149,60,54,151,133,187,39,107,105,14,13,172,12,89,75,125,15,108,53,183,69,159,164,189,28,155,73,99,106,136,49,112,179,161,102,86,110,88,61,52,104,17,145,56,21,135,192,40,169,85,29,154,116,177,27,185,111,96,171,141,98,114,64,79,47,55,76,5,186,199,83,153,150,24,95,137,175,62,120,3,168,191,162,146];False
1323;7923;9246;[82,4,129,70,19,87,121,178,2,142,130,84,77,152,93,147,66,157,103,90,74,188,144,184,115,117,167,81,182,65,41,57,78,128,42,101,197,8,16,126,35,160,91,1,33,124,180,196,36,46,140,92,22,23,127,7,0,45,132,26,176,193,109,20,170,166,38,139,63,118,48,194,31,198,174,9,143,67,32,72,163,25,51,50,190,10,165,113,156,71,44,138,37,94,173,18,131,119,11,59,80,100,30,134,148,195,97,58,158,43,34,122,181,68,123,6,149,60,54,151,133,187,39,107,105,14,13,172,12,89,75,125,15,108,53,183,69,159,164,189,28,155,73,99,106,136,49,112,17,161,102,86,110,88,61,52,104,179,145,56,21,135,192,40,169,85,29,154,116,177,27,185,111,96,171,141,98,114,64,79,47,55,76,5,186,199,83,153,150,24,95,137,175,62,120,3,168,191,162,146];True
1331;7913;9244;[82,195,129,70,19,87,121,178,2,142,130,84,77,152,93,147,66,157,103,90,74,188,144,184,115,117,167,81,182,65,41,57,78,128,42,101,197,8,16,126,35,160,91,1,33,124,180,196,36,46,140,92,22,23,127,7,0,45,132,26,176,193,109,20,170,166,38,139,63,118,48,194,31,198,174,9,143,67,32,72,163,25,51,50,190,10,165,113,156,71,44,138,37,94,173,18,131,119,11,59,80,100,30,134,148,4,97,58,158,43,34,122,181,68,123,6,149,60,54,151,133,187,39,107,105,14,13,172,12,89,75,125,15,135,53,183,69,159,164,189,28,155,73,99,106,136,49,112,17,161,102,86,110,88,61,52,104,179,145,56,21,108,192,40,169,85,29,154,116,177,27,185,111,96,171,141,98,114,64,79,47,55,76,5,186,199,83,153,150,24,95,137,175,62,120,3,168,191,162,146];False
1328;7912;9240;[82,195,129,70,19,87,121,178,2,142,130,84,77,152,93,147,66,157,103,90,74,188,144,184,115,117,167,81,182,65,41,57,78,128,42,101,197,8,16,126,35,160,91,1,33,124,180,196,36,46,140,92,22,23,127,7,0,45,132,26,176,193,109,20,170,166,38,139,63,118,48,194,31,198,174,9,143,67,32,72,163,25,51,50,190,10,165,113,156,71,44,138,37,94,173,18,131,119,11,59,80,100,30,134,148,4,97,58,158,43,34,122,181,68,123,6,149,60,54,151,133,187,39,107,105,14,13,172,12,89,75,125,15,108,53,183,69,159,164,189,28,155,73,99,106,136,49,112,179,161,102,86,110,88,61,52,104,17,145,56,21,135,192,40,169,85,29,154,116,177,27,185,111,96,171,141,98,114,64,79,47,55,76,5,186,199,83,153,150,24,95,137,175,62,120,3,168,191,162,146];False
1342;7893;9235;[132,195,129,70,19,87,121,178,2,142,130,84,77,152,93,147,66,157,103,90,74,188,144,184,115,117,167,81,182,65,41,57,78,128,42,101,197,8,16,126,35,160,91,1,33,124,180,196,36,46,140,92,82,23,127,7,0,45,22,26,176,193,109,20,170,166,38,139,63,118,48,194,31,198,174,9,143,67,32,72,163,25,51,50,190,10,165,113,156,71,44,138,37,94,173,18,131,119,11,59,80,100,30,134,148,4,97,58,158,43,34,122,181,68,123,6,149,60,54,151,133,187,39,107,105,14,13,172,12,89,75,125,15,108,53,183,69,159,164,189,28,155,73,99,106,136,49,112,179,161,102,86,110,88,61,52,104,17,145,56,21,135,192,40,169,85,29,154,116,177,27,185,111,96,171,141,98,114,64,79,47,55,76,5,186,199,83,153,150,24,95,137,175,62,120,3,168,191,162,146];False
1291;8031;9322;[61,195,129,70,19,87,121,178,2,115,130,84,77,152,93,147,66,157,103,90,74,188,144,184,142,117,182,78,136,65,41,22,131,128,42,57,197,8,16,126,35,160,91,1,33,124,180,196,36,46,140,92,82,23,127,7,0,45,132,26,176,193,109,20,170,166,38,139,63,118,48,194,31,198,174,9,143,67,32,72,163,81,51,50,190,10,165,113,156,71,44,138,37,94,173,18,25,119,11,59,80,100,30,134,148,4,97,58,158,43,34,122,181,68,123,6,149,60,54,151,133,187,39,107,105,14,13,172,12,89,75,125,15,108,53,183,69,159,164,189,28,155,73,99,106,167,49,112,17,161,102,86,110,88,101,52,104,179,145,56,21,135,192,40,169,85,29,154,116,177,27,185,111,96,171,141,98,114,64,79,47,55,76,5,186,199,83,153,150,24,95,137,175,62,120,3,168,191,162,146];False
1300;8009;9309;[61,195,129,70,19,87,121,178,2,142,130,84,77,152,93,147,66,157,103,90,74,188,144,184,115,117,182,78,136,65,41,22,131,128,42,57,197,8,16,126,35,160,91,1,33,124,180,196,36,46,140,92,82,23,127,7,0,45,132,26,176,193,109,20,170,166,38,139,63,118,48,194,31,198,174,9,143,67,32,72,163,34,51,50,190,10,165,113,156,71,44,138,37,94,173,18,25,119,11,59,80,100,30,134,148,4,97,58,158,43,81,122,181,68,123,6,149,60,54,151,133,187,39,107,105,14,13,172,12,89,75,125,15,108,53,183,69,159,164,189,28,155,73,99,106,167,49,112,17,161,102,86,110,88,101,52,104,179,145,56,21,135,192,40,169,85,29,154,116,177,27,185,111,96,171,141,98,114,64,79,47,55,76,5,186,199,83,153,150,24,95,137,175,62,120,3,168,191,162,146];False
1290;8039;9329;[61,195,129,70,19,87,121,178,2,142,130,84,77,152,93,147,66,157,103,90,74,188,144,184,115,117,182,78,136,65,41,22,131,128,42,57,197,8,16,126,35,160,91,1,33,124,180,196,36,46,140,92,82,23,127,7,0,45,132,26,176,193,109,20,170,166,38,139,63,118,48,194,31,198,174,9,143,67,32,72,163,81,51,50,190,10,165,113,156,71,44,138,37,94,173,18,25,119,11,59,80,100,30,134,148,4,97,58,158,43,34,122,181,68,123,6,149,60,101,151,133,187,39,107,105,14,13,172,12,89,75,125,15,108,53,183,69,159,164,189,28,155,73,99,106,167,49,112,17,161,102,86,110,88,54,52,104,179,145,56,21,135,192,40,169,85,29,154,116,177,27,185,111,96,171,141,98,114,64,79,47,55,76,5,186,199,83,153,150,24,95,137,175,62,120,3,168,191,162,146];False
1279;8081;9360;[61,195,129,70,19,87,121,178,2,142,130,84,77,152,93,147,66,157,103,90,74,188,144,184,115,117,182,78,136,65,41,22,131,128,42,57,197,8,16,126,35,160,91,1,33,124,180,196,36,46,140,92,82,23,127,7,0,45,132,26,176,193,109,20,170,166,38,139,63,118,48,194,31,198,174,9,143,67,32,72,163,81,51,50,190,10,165,113,156,71,44,138,37,94,173,18,25,119,11,59,80,100,30,134,148,4,97,58,158,43,34,122,181,68,123,6,149,60,54,151,133,187,39,107,105,14,13,172,12,89,75,125,76,108,53,183,69,159,164,189,28,155,73,99,106,167,49,112,17,161,102,86,110,88,101,52,104,179,145,56,21,135,192,40,169,85,29,154,116,177,27,185,111,96,171,141,98,114,64,79,47,55,15,5,186,199,83,153,150,24,95,137,175,62,120,3,168,191,162,146];False
1299;7996;9295;[61,195,129,70,19,87,121,178,2,142,130,84,77,152,93,147,66,157,103,90,74,188,144,184,115,117,182,78,136,65,41,22,131,128,42,57,197,8,16,126,35,160,91,1,33,124,180,196,36,46,140,92,82,23,127,7,0,45,132,26,176,193,109,20,170,166,38,139,63,118,48,194,31,198,174,9,143,67,32,72,163,81,51,50,190,10,165,113,156,71,44,138,37,94,173,18,25,119,11,59,80,100,30,134,148,4,97,58,158,43,34,122,181,68,123,6,149,60,54,151,133,187,39,107,105,14,13,172,12,89,75,125,15,135,53,183,69,159,164,189,28,155,73,99,106,167,49,112,17,161,102,86,110,88,101,52,104,179,145,56,21,108,192,40,169,85,29,154,116,177,27,185,111,96,171,141,98,114,64,79,47,55,76,5,186,199,83,153,150,24,95,137,175,62,120,3,168,191,162,146];False
1296;7995;9291;[61,195,129,70,19,87,121,178,2,142,130,84,77,152,93,147,66,157,103,90,74,188,144,184,115,117,182,78,136,65,41,22,131,128,42,57,197,8,16,126,35,160,91,1,33,124,180,196,36,46,140,92,82,23,127,7,0,45,132,26,176,193,109,20,170,166,38,139,63,118,48,194,31,198,174,9,143,67,32,72,163,81,51,50,190,10,165,113,156,71,44,138,37,94,173,18,25,119,11,59,80,100,30,134,148,4,97,58,158,43,34,122,181,68,123,6,149,60,54,151,133,187,39,107,105,14,13,172,12,89,75,125,15,108,53,183,69,159,164,189,28,155,73,99,106,167,49,112,179,161,102,86,110,88,101,52,104,17,145,56,21,135,192,40,169,85,29,154,116,177,27,185,111,96,171,141,98,114,64,79,47,55,76,5,186,199,83,153,150,24,95,137,175,62,120,3,168,191,162,146];False
1308;7982;9290;[61,195,129,70,19,87,121,178,2,142,130,84,77,152,93,147,66,157,103,90,74,188,144,184,115,117,182,78,136,65,41,22,131,128,42,57,197,8,16,126,35,160,91,1,33,124,180,196,36,46,140,92,82,23,127,7,0,45,132,26,176,193,109,20,170,166,38,139,63,118,48,194,31,198,174,9,143,67,32,72,163,25,51,50,190,10,165,113,156,71,44,138,37,94,173,100,81,119,11,59,80,18,30,134,148,4,97,58,158,43,34,122,181,68,123,6,149,60,54,151,133,187,39,107,105,14,13,172,12,89,75,125,15,108,53,183,69,159,164,189,28,155,73,99,106,167,49,112,179,161,102,86,110,88,101,52,104,17,145,56,21,135,192,40,169,85,29,154,116,177,27,185,111,96,171,141,98,114,64,79,47,55,76,5,186,199,83,153,150,24,95,137,175,62,120,3,168,191,162,146];False
1345;7871;9216;[147,4,129,70,19,87,121,178,2,142,130,84,77,152,93,22,66,157,103,90,74,188,144,184,115,117,167,81,182,65,41,57,78,128,42,101,197,8,16,126,35,160,91,1,33,124,180,196,36,46,140,92,82,23,127,7,0,45,132,26,176,193,109,20,170,166,38,139,63,118,48,194,31,198,174,9,143,67,32,72,163,25,51,50,190,10,165,113,156,71,44,138,37,94,173,18,131,119,11,59,80,100,30,134,148,195,97,58,158,43,34,122,181,68,123,6,149,60,54,151,133,187,39,107,105,14,13,172,12,89,75,125,15,108,53,183,69,159,164,189,28,155,73,99,106,136,49,112,179,161,102,86,110,88,61,52,104,17,145,56,21,135,192,40,169,85,29,154,116,177,27,185,111,96,171,141,98,114,64,79,47,55,76,5,186,199,83,153,150,24,95,137,175,62,120,3,168,191,162,146];False
1352;7860;9212;[147,195,129,70,19,87,121,178,2,142,130,84,77,152,93,22,66,157,103,90,74,188,144,184,115,117,167,81,182,65,41,57,78,128,42,101,197,8,16,126,35,160,91,1,33,124,180,196,36,46,140,92,82,23,127,7,0,45,132,26,176,193,109,20,170,166,38,139,63,118,48,194,31,198,174,9,143,67,32,72,163,25,51,50,190,10,165,113,156,71,44,138,37,94,173,18,131,119,11,59,80,100,30,134,148,4,97,58,158,43,34,122,181,68,123,6,149,60,54,151,133,187,39,107,105,14,13,172,12,89,75,125,15,135,53,183,69,159,164,189,28,155,73,99,106,136,49,112,179,161,102,86,110,88,61,52,104,17,145,56,21,108,192,40,169,85,29,154,116,177,27,185,111,96,171,141,98,114,64,79,47,55,76,5,186,199,83,153,150,24,95,137,175,62,120,3,168,191,162,146];False
1342;7878;9220;[82,4,129,70,19,87,121,178,2,142,130,84,77,152,93,147,66,157,103,90,74,188,144,184,115,117,167,81,182,65,41,57,78,128,42,101,197,8,16,126,35,160,91,1,33,124,180,196,36,46,140,92,22,23,127,7,0,45,132,26,176,193,109,20,170,166,38,139,63,118,48,194,31,198,174,9,143,67,32,72,163,25,51,50,190,10,165,113,156,71,44,138,37,94,173,18,131,119,11,59,80,100,30,134,148,195,97,58,158,43,34,122,181,68,123,6,149,60,54,151,133,187,39,107,105,14,13,172,12,89,75,125,15,135,53,183,69,159,164,189,28,155,73,99,106,136,49,112,17,161,102,86,110,88,61,52,104,179,145,56,21,108,192,40,169,85,29,154,116,177,27,185,111,96,171,141,98,114,64,79,47,55,76,5,186,199,83,153,150,24,95,137,175,62,120,3,168,191,162,146];False
1339;7877;9216;[82,4,129,70,19,87,121,178,2,142,130,84,77,152,93,147,66,157,103,90,74,188,144,184,115,117,167,81,182,65,41,57,78,128,42,101,197,8,16,126,35,160,91,1,33,124,180,196,36,46,140,92,22,23,127,7,0,45,132,26,176,193,109,20,170,166,38,139,63,118,48,194,31,198,174,9,143,67,32,72,163,25,51,50,190,10,165,113,156,71,44,138,37,94,173,18,131,119,11,59,80,100,30,134,148,195,97,58,158,43,34,122,181,68,123,6,149,60,54,151,133,187,39,107,105,14,13,172,12,89,75,125,15,108,53,183,69,159,164,189,28,155,73,99,106,136,49,112,179,161,102,86,110,88,61,52,104,17,145,56,21,135,192,40,169,85,29,154,116,177,27,185,111,96,171,141,98,114,64,79,47,55,76,5,186,199,83,153,150,24,95,137,175,62,120,3,168,191,162,146];True
1347;7867;9214;[82,195,129,70,19,87,121,178,2,142,130,84,77,152,93,147,66,157,103,90,74,188,144,184,115,117,167,81,182,65,41,57,78,128,42,101,197,8,16,126,35,160,91,1,33,124,180,196,36,46,140,92,22,23,127,7,0,45,132,26,176,193,109,20,170,166,38,139,63,118,48,194,31,198,174,9,143,67,32,72,163,25,51,50,190,10,165,113,156,71,44,138,37,94,173,18,131,119,11,59,80,100,30,134,148,4,97,58,158,43,34,122,181,68,123,6,149,60,54,151,133,187,39,107,105,14,13,172,12,89,75,125,15,135,53,183,69,159,164,189,28,155,73,99,106,136,49,112,179,161,102,86,110,88,61,52,104,17,145,56,21,108,192,40,169,85,29,154,116,177,27,185,111,96,171,141,98,114,64,79,47,55,76,5,186,199,83,153,150,24,95,137,175,62,120,3,168,191,162,146];True
1307;7985;9292;[61,195,129,70,19,87,121,178,2,115,130,84,77,152,93,147,66,157,103,90,74,188,144,184,142,117,182,78,136,65,41,22,131,128,42,57,197,8,16,126,35,160,91,1,33,124,180,196,36,46,140,92,82,23,127,7,0,45,132,26,176,193,109,20,170,166,38,139,63,118,48,194,31,198,174,9,143,67,32,72,163,81,51,50,190,10,165,113,156,71,44,138,37,94,173,18,25,119,11,59,80,100,30,134,148,4,97,58,158,43,34,122,181,68,123,6,149,60,54,151,133,187,39,107,105,14,13,172,12,89,75,125,15,108,53,183,69,159,164,189,28,155,73,99,106,167,49,112,179,161,102,86,110,88,101,52,104,17,145,56,21,135,192,40,169,85,29,154,116,177,27,185,111,96,171,141,98,114,64,79,47,55,76,5,186,199,83,153,150,24,95,137,175,62,120,3,168,191,162,146];False
1278;8148;9426;[61,195,129,70,19,87,121,178,2,142,130,84,77,152,93,147,66,157,103,90,74,188,144,184,115,117,182,78,136,65,41,22,131,128,42,57,197,8,16,126,35,160,91,1,33,124,180,196,36,46,140,92,82,23,127,7,0,45,132,26,176,193,109,20,170,166,38,139,63,118,48,194,31,151,174,9,143,67,32,72,163,81,51,50,190,10,165,113,156,71,44,138,37,94,173,18,25,119,11,59,80,100,30,134,148,4,97,58,158,43,34,122,181,68,123,6,149,60,101,198,133,187,39,107,105,14,13,172,12,89,75,125,15,108,53,183,69,159,164,189,28,155,73,99,106,167,49,112,17,161,102,86,110,88,54,52,104,179,145,56,21,135,192,40,169,85,29,154,116,177,27,185,111,96,171,141,98,114,64,79,47,55,76,5,186,199,83,153,150,24,95,137,175,62,120,3,168,191,162,146];False
1306;7993;9299;[61,195,129,70,19,87,121,178,2,142,130,84,77,152,93,147,66,157,103,90,74,188,144,184,115,117,182,78,136,65,41,22,131,128,42,57,197,8,16,126,35,160,91,1,33,124,180,196,36,46,140,92,82,23,127,7,0,45,132,26,176,193,109,20,170,166,38,139,63,118,48,194,31,198,174,9,143,67,32,72,163,81,51,50,190,10,165,113,156,71,44,138,37,94,173,18,25,119,11,59,80,100,30,134,148,4,97,58,158,43,34,122,181,68,123,6,149,60,101,151,133,187,39,107,105,14,13,172,12,89,75,125,15,108,53,183,69,159,164,189,28,155,73,99,106,167,49,112,179,161,102,86,110,88,54,52,104,17,145,56,21,135,192,40,169,85,29,154,116,177,27,185,111,96,171,141,98,114,64,79,47,55,76,5,186,199,83,153,150,24,95,137,175,62,120,3,168,191,162,146];False
1315;7950;9265;[61,195,129,70,19,87,121,178,2,142,130,84,77,152,93,147,66,157,103,90,74,188,144,184,115,117,182,78,136,65,41,22,131,128,42,57,197,8,16,126,35,160,91,1,33,124,180,196,36,46,140,92,82,23,127,7,0,45,132,26,176,193,109,20,170,166,38,139,63,118,48,194,31,198,174,9,143,67,32,72,163,81,51,50,190,10,165,113,156,71,44,138,37,94,173,18,25,119,11,59,80,100,30,134,148,4,97,58,158,43,34,122,181,68,123,6,149,60,54,151,133,187,39,107,105,14,13,172,12,89,75,125,15,135,53,183,69,159,164,189,28,155,73,99,106,167,49,112,179,161,102,86,110,88,101,52,104,17,145,56,21,108,192,40,169,85,29,154,116,177,27,185,111,96,171,141,98,114,64,79,47,55,76,5,186,199,83,153,150,24,95,137,175,62,120,3,168,191,162,146];False
1357;7857;9214;[180,4,129,70,19,87,121,178,2,142,130,84,77,152,93,22,66,157,103,90,74,188,144,184,115,117,167,81,182,65,41,57,78,128,42,101,197,8,16,126,35,160,91,1,33,124,147,196,36,46,140,92,82,23,127,7,0,45,132,26,176,193,109,20,170,166,38,139,63,118,48,194,31,198,174,9,143,67,32,72,163,25,51,50,190,10,165,113,156,71,44,138,37,94,173,18,131,119,11,59,80,100,30,134,148,195,97,58,158,43,34,122,181,68,123,6,149,60,54,151,133,187,39,107,105,14,13,172,12,89,75,125,15,108,53,183,69,159,164,189,28,155,73,99,106,136,49,112,179,161,102,86,110,88,61,52,104,17,145,56,21,135,192,40,169,85,29,154,116,177,27,185,111,96,171,141,98,114,64,79,47,55,76,5,186,199,83,153,150,24,95,137,175,62,120,3,168,191,162,146];False
1364;7826;9190;[147,4,129,70,19,87,121,178,2,142,130,84,77,152,93,22,66,157,103,90,74,188,144,184,115,117,167,81,182,65,41,57,78,128,42,101,197,8,16,126,35,160,91,1,33,124,180,196,36,46,140,92,82,23,127,7,0,45,132,26,176,193,109,20,170,166,38,139,63,118,48,194,31,198,174,9,143,67,32,72,163,25,51,50,190,10,165,113,156,71,44,138,37,94,173,18,131,119,11,59,80,100,30,134,148,195,97,58,158,43,34,122,181,68,123,6,149,60,54,151,133,187,39,107,105,14,13,172,12,89,75,125,15,135,53,183,69,159,164,189,28,155,73,99,106,136,49,112,179,161,102,86,110,88,61,52,104,17,145,56,21,108,192,40,169,85,29,154,116,177,27,185,111,96,171,141,98,114,64,79,47,55,76,5,186,199,83,153,150,24,95,137,175,62,120,3,168,191,162,146];True
1338;7900;9238;[147,195,129,70,19,87,121,178,2,142,130,84,77,152,93,22,66,157,103,90,74,188,144,184,115,117,167,81,182,65,41,57,78,128,42,101,197,8,16,126,35,160,91,1,33,124,180,196,36,46,140,92,82,23,127,7,0,45,132,26,176,193,109,20,170,166,38,139,63,118,48,194,31,198,15,9,143,67,32,72,163,25,51,50,190,10,165,113,156,71,44,138,37,94,173,18,131,119,11,59,80,100,30,134,148,4,97,58,158,43,34,122,181,68,123,6,149,60,54,151,133,187,39,107,105,14,13,172,12,89,75,125,174,135,53,183,69,159,164,189,28,155,73,99,106,136,49,112,179,161,102,86,110,88,61,52,104,17,145,56,21,108,192,40,169,85,29,154,116,177,27,185,111,96,171,141,98,114,64,79,47,55,76,5,186,199,83,153,150,24,95,137,175,62,120,3,168,191,162,146];False
1358;7832;9190;[82,4,129,70,19,87,121,178,2,142,130,84,77,152,93,147,66,157,103,90,74,188,144,184,115,117,167,81,182,65,41,57,78,128,42,101,197,8,16,126,35,160,91,1,33,124,180,196,36,46,140,92,22,23,127,7,0,45,132,26,176,193,109,20,170,166,38,139,63,118,48,194,31,198,174,9,143,67,32,72,163,25,51,50,190,10,165,113,156,71,44,138,37,94,173,18,131,119,11,59,80,100,30,134,148,195,97,58,158,43,34,122,181,68,123,6,149,60,54,151,133,187,39,107,105,14,13,172,12,89,75,125,15,135,53,183,69,159,164,189,28,155,73,99,106,136,49,112,179,161,102,86,110,88,61,52,104,17,145,56,21,108,192,40,169,85,29,154,116,177,27,185,111,96,171,141,98,114,64,79,47,55,76,5,186,199,83,153,150,24,95,137,175,62,120,3,168,191,162,146];True
1277;8188;9465;[61,195,129,70,19,87,121,178,2,142,130,84,77,152,93,147,66,157,103,90,74,188,144,184,115,117,182,78,136,65,41,22,131,128,42,57,197,8,16,126,35,160,91,1,33,124,180,196,36,46,140,92,82,23,127,7,0,45,132,26,176,193,109,20,170,166,38,139,63,118,48,194,31,151,174,9,143,67,32,72,163,81,51,50,190,10,165,113,156,71,44,138,37,94,173,18,25,119,11,59,80,100,30,134,148,4,97,58,158,43,34,122,181,68,123,6,149,60,101,198,133,187,39,107,105,14,13,172,12,89,75,125,76,108,53,183,69,159,164,189,28,155,73,99,106,167,49,112,17,161,102,86,110,88,54,52,104,179,145,56,21,135,192,40,169,85,29,154,116,177,27,185,111,96,171,141,98,114,64,79,47,55,15,5,186,199,83,153,150,24,95,137,175,62,120,3,168,191,162,146];False
1301;7990;9291;[61,195,129,70,19,87,121,178,2,142,130,84,77,152,93,147,66,157,103,90,74,188,144,184,115,117,182,78,136,65,41,22,131,128,42,57,197,8,16,126,35,160,91,1,33,124,180,196,36,46,140,92,82,23,127,7,0,45,132,26,176,193,109,20,170,166,38,139,63,118,48,194,31,198,15,9,143,67,32,72,163,81,51,50,190,10,165,113,156,71,44,138,37,94,173,18,25,119,11,59,80,100,30,134,148,4,97,58,158,43,34,122,181,68,123,6,149,60,54,151,133,187,39,107,105,14,13,172,12,89,75,125,174,135,53,183,69,159,164,189,28,155,73,99,106,167,49,112,179,161,102,86,110,88,101,52,104,17,145,56,21,108,192,40,169,85,29,154,116,177,27,185,111,96,171,141,98,114,64,79,47,55,76,5,186,199,83,153,150,24,95,137,175,62,120,3,168,191,162,146];False
1376;7812;9188;[180,4,129,70,19,87,121,178,2,142,130,84,77,152,93,22,66,157,103,90,74,188,144,184,115,117,167,81,182,65,41,57,78,128,42,101,197,8,16,126,35,160,91,1,33,124,147,196,36,46,140,92,82,23,127,7,0,45,132,26,176,193,109,20,170,166,38,139,63,118,48,194,31,198,174,9,143,67,32,72,163,25,51,50,190,10,165,113,156,71,44,138,37,94,173,18,131,119,11,59,80,100,30,134,148,195,97,58,158,43,34,122,181,68,123,6,149,60,54,151,133,187,39,107,105,14,13,172,12,89,75,125,15,135,53,183,69,159,164,189,28,155,73,99,106,136,49,112,179,161,102,86,110,88,61,52,104,17,145,56,21,108,192,40,169,85,29,154,116,177,27,185,111,96,171,141,98,114,64,79,47,55,76,5,186,199,83,153,150,24,95,137,175,62,120,3,168,191,162,146];True
1375;7816;9191;[147,4,129,70,19,87,121,178,2,115,130,84,77,152,93,22,66,157,103,90,74,188,144,184,142,117,167,81,182,65,41,57,78,128,42,101,197,8,16,126,35,160,91,1,33,124,180,196,36,46,140,92,82,23,127,7,0,45,132,26,176,193,109,20,170,166,38,139,63,118,48,194,31,198,174,9,143,67,32,72,163,25,51,50,190,10,165,113,156,71,44,138,37,94,173,18,131,119,11,59,80,100,30,134,148,195,97,58,158,43,34,122,181,68,123,6,149,60,54,151,133,187,39,107,105,14,13,172,12,89,75,125,15,135,53,183,69,159,164,189,28,155,73,99,106,136,49,112,179,161,102,86,110,88,61,52,104,17,145,56,21,108,192,40,169,85,29,154,116,177,27,185,111,96,171,141,98,114,64,79,47,55,76,5,186,199,83,153,150,24,95,137,175,62,120,3,168,191,162,146];True
1350;7866;9216;[147,4,129,70,19,87,121,178,2,142,130,84,77,152,93,22,66,157,103,90,74,188,144,184,115,117,167,81,182,65,41,57,78,128,42,101,197,8,16,126,35,160,91,1,33,124,180,196,36,46,140,92,82,23,127,7,0,45,132,26,176,193,109,20,170,166,38,139,63,118,48,194,31,198,15,9,143,67,32,72,163,25,51,50,190,10,165,113,156,71,44,138,37,94,173,18,131,119,11,59,80,100,30,134,148,195,97,58,158,43,34,122,181,68,123,6,149,60,54,151,133,187,39,107,105,14,13,172,12,89,75,125,174,135,53,183,69,159,164,189,28,155,73,99,106,136,49,112,179,161,102,86,110,88,61,52,104,17,145,56,21,108,192,40,169,85,29,154,116,177,27,185,111,96,171,141,98,114,64,79,47,55,76,5,186,199,83,153,150,24,95,137,175,62,120,3,168,191,162,146];True
1328;7903;9231;[147,195,129,70,19,87,121,178,2,198,130,84,77,152,93,22,66,157,103,90,74,188,144,184,115,117,167,81,182,65,41,57,78,128,42,101,197,8,16,126,35,160,91,1,33,124,180,196,36,46,140,92,82,23,127,7,0,45,132,26,176,193,109,20,170,166,38,139,63,118,48,194,31,142,15,9,143,67,32,72,163,25,51,50,190,10,165,113,156,71,44,138,37,94,173,18,131,119,11,59,80,100,30,134,148,4,97,58,158,43,34,122,181,68,123,6,149,60,54,151,133,187,39,107,105,14,13,172,12,89,75,125,174,135,53,183,69,159,164,189,28,155,73,99,106,136,49,112,179,161,102,86,110,88,61,52,104,17,145,56,21,108,192,40,169,85,29,154,116,177,27,185,111,96,171,141,98,114,64,79,47,55,76,5,186,199,83,153,150,24,95,137,175,62,120,3,168,191,162,146];True
1322;7946;9268;[147,195,129,70,19,87,121,178,2,142,130,84,77,152,93,22,66,157,103,90,74,188,144,184,115,117,167,81,182,65,41,57,78,128,42,101,197,8,16,126,35,160,91,1,33,124,180,196,36,46,140,92,82,23,127,7,0,45,132,26,176,193,109,20,170,166,38,139,63,118,48,194,31,198,15,9,143,67,32,72,163,25,51,50,190,10,165,113,156,71,44,138,37,94,173,18,131,119,11,59,80,100,30,134,148,4,97,58,158,43,34,122,181,68,123,6,149,60,54,151,133,187,39,107,105,14,13,172,12,89,75,125,174,135,53,183,69,159,164,189,28,155,73,99,106,136,49,112,17,161,102,86,110,88,61,52,104,179,145,56,21,108,192,40,169,85,29,154,116,177,27,185,111,96,171,141,98,114,64,79,47,55,76,5,186,199,83,153,150,24,95,137,175,62,120,3,168,191,162,146];False
1369;7822;9191;[82,4,129,70,19,87,121,178,2,115,130,84,77,152,93,147,66,157,103,90,74,188,144,184,142,117,167,81,182,65,41,57,78,128,42,101,197,8,16,126,35,160,91,1,33,124,180,196,36,46,140,92,22,23,127,7,0,45,132,26,176,193,109,20,170,166,38,139,63,118,48,194,31,198,174,9,143,67,32,72,163,25,51,50,190,10,165,113,156,71,44,138,37,94,173,18,131,119,11,59,80,100,30,134,148,195,97,58,158,43,34,122,181,68,123,6,149,60,54,151,133,187,39,107,105,14,13,172,12,89,75,125,15,135,53,183,69,159,164,189,28,155,73,99,106,136,49,112,179,161,102,86,110,88,61,52,104,17,145,56,21,108,192,40,169,85,29,154,116,177,27,185,111,96,171,141,98,114,64,79,47,55,76,5,186,199,83,153,150,24,95,137,175,62,120,3,168,191,162,146];True
1344;7872;9216;[82,4,129,70,19,87,121,178,2,142,130,84,77,152,93,147,66,157,103,90,74,188,144,184,115,117,167,81,182,65,41,57,78,128,42,101,197,8,16,126,35,160,91,1,33,124,180,196,36,46,140,92,22,23,127,7,0,45,132,26,176,193,109,20,170,166,38,139,63,118,48,194,31,198,15,9,143,67,32,72,163,25,51,50,190,10,165,113,156,71,44,138,37,94,173,18,131,119,11,59,80,100,30,134,148,195,97,58,158,43,34,122,181,68,123,6,149,60,54,151,133,187,39,107,105,14,13,172,12,89,75,125,174,135,53,183,69,159,164,189,28,155,73,99,106,136,49,112,179,161,102,86,110,88,61,52,104,17,145,56,21,108,192,40,169,85,29,154,116,177,27,185,111,96,171,141,98,114,64,79,47,55,76,5,186,199,83,153,150,24,95,137,175,62,120,3,168,191,162,146];False
1291;7993;9284;[61,195,129,70,19,87,121,178,2,198,130,84,77,152,93,147,66,157,103,90,74,188,144,184,115,117,182,78,136,65,41,22,131,128,42,57,197,8,16,126,35,160,91,1,33,124,180,196,36,46,140,92,82,23,127,7,0,45,132,26,176,193,109,20,170,166,38,139,63,118,48,194,31,142,15,9,143,67,32,72,163,81,51,50,190,10,165,113,156,71,44,138,37,94,173,18,25,119,11,59,80,100,30,134,148,4,97,58,158,43,34,122,181,68,123,6,149,60,54,151,133,187,39,107,105,14,13,172,12,89,75,125,174,135,53,183,69,159,164,189,28,155,73,99,106,167,49,112,179,161,102,86,110,88,101,52,104,17,145,56,21,108,192,40,169,85,29,154,116,177,27,185,111,96,171,141,98,114,64,79,47,55,76,5,186,199,83,153,150,24,95,137,175,62,120,3,168,191,162,146];True
1285;8036;9321;[61,195,129,70,19,87,121,178,2,142,130,84,77,152,93,147,66,157,103,90,74,188,144,184,115,117,182,78,136,65,41,22,131,128,42,57,197,8,16,126,35,160,91,1,33,124,180,196,36,46,140,92,82,23,127,7,0,45,132,26,176,193,109,20,170,166,38,139,63,118,48,194,31,198,15,9,143,67,32,72,163,81,51,50,190,10,165,113,156,71,44,138,37,94,173,18,25,119,11,59,80,100,30,134,148,4,97,58,158,43,34,122,181,68,123,6,149,60,54,151,133,187,39,107,105,14,13,172,12,89,75,125,174,135,53,183,69,159,164,189,28,155,73,99,106,167,49,112,17,161,102,86,110,88,101,52,104,179,145,56,21,108,192,40,169,85,29,154,116,177,27,185,111,96,171,141,98,114,64,79,47,55,76,5,186,199,83,153,150,24,95,137,175,62,120,3,168,191,162,146];True
1340;7869;9209;[147,4,129,70,19,87,121,178,2,198,130,84,77,152,93,22,66,157,103,90,74,188,144,184,115,117,167,81,182,65,41,57,78,128,42,101,197,8,16,126,35,160,91,1,33,124,180,196,36,46,140,92,82,23,127,7,0,45,132,26,176,193,109,20,170,166,38,139,63,118,48,194,31,142,15,9,143,67,32,72,163,25,51,50,190,10,165,113,156,71,44,138,37,94,173,18,131,119,11,59,80,100,30,134,148,195,97,58,158,43,34,122,181,68,123,6,149,60,54,151,133,187,39,107,105,14,13,172,12,89,75,125,174,135,53,183,69,159,164,189,28,155,73,99,106,136,49,112,179,161,102,86,110,88,61,52,104,17,145,56,21,108,192,40,169,85,29,154,116,177,27,185,111,96,171,141,98,114,64,79,47,55,76,5,186,199,83,153,150,24,95,137,175,62,120,3,168,191,162,146];True
1320;7925;9245;[148,195,129,70,19,87,121,178,2,198,130,84,77,152,93,22,66,157,103,90,74,188,144,184,115,117,167,81,182,65,41,57,78,128,42,101,197,8,16,126,35,160,91,1,33,124,180,196,36,46,140,92,82,23,127,7,0,45,132,26,176,193,109,20,170,166,38,139,63,118,48,194,31,142,15,9,143,67,32,72,163,25,51,50,190,10,165,113,156,71,44,138,37,94,173,18,131,119,11,59,80,100,30,134,147,4,97,58,158,43,34,122,181,68,123,6,149,60,54,151,133,187,39,107,105,14,13,172,12,89,75,125,174,135,53,183,69,159,164,189,28,155,73,99,106,136,49,112,179,161,102,86,110,88,61,52,104,17,145,56,21,108,192,40,169,85,29,154,116,177,27,185,111,96,171,141,98,114,64,79,47,55,76,5,186,199,83,153,150,24,95,137,175,62,120,3,168,191,162,146];True
1324;7916;9240;[147,195,129,70,19,87,121,178,2,198,130,84,77,152,93,22,66,157,103,90,74,188,144,184,115,117,167,81,182,65,41,57,78,128,42,101,197,8,16,126,35,160,91,1,33,124,180,196,36,46,140,92,82,23,127,7,0,45,132,26,176,193,109,20,170,166,38,139,63,118,48,194,31,142,15,9,143,67,32,72,163,25,51,50,190,10,165,113,156,71,44,138,37,94,173,18,131,119,11,59,80,100,30,134,148,4,97,58,158,43,34,122,181,68,123,6,149,60,54,151,133,187,39,107,105,14,13,172,12,89,75,125,174,53,135,183,69,159,164,189,28,155,73,99,106,136,49,112,179,161,102,86,110,88,61,52,104,17,145,56,21,108,192,40,169,85,29,154,116,177,27,185,111,96,171,141,98,114,64,79,47,55,76,5,186,199,83,153,150,24,95,137,175,62,120,3,168,191,162,146];False
1312;7949;9261;[147,195,129,70,19,87,121,178,2,198,130,84,77,152,93,22,66,157,103,90,74,188,144,184,115,117,167,81,182,65,41,57,78,128,42,101,197,8,16,126,35,160,91,1,33,124,180,196,36,46,140,92,82,23,127,7,0,45,132,26,176,193,109,20,170,166,38,139,63,118,48,194,31,142,15,9,143,67,32,72,163,25,51,50,190,10,165,113,156,71,44,138,37,94,173,18,131,119,11,59,80,100,30,134,148,4,97,58,158,43,34,122,181,68,123,6,149,60,54,151,133,187,39,107,105,14,13,172,12,89,75,125,174,135,53,183,69,159,164,189,28,155,73,99,106,136,49,112,17,161,102,86,110,88,61,52,104,179,145,56,21,108,192,40,169,85,29,154,116,177,27,185,111,96,171,141,98,114,64,79,47,55,76,5,186,199,83,153,150,24,95,137,175,62,120,3,168,191,162,146];True
1311;7961;9272;[61,195,129,70,19,87,121,178,2,198,130,84,77,152,93,147,66,157,103,90,74,188,144,184,115,117,182,78,136,65,41,22,131,128,42,57,197,8,16,126,35,160,91,1,33,124,180,196,36,46,140,92,82,23,127,7,0,45,132,26,176,193,109,20,170,166,38,139,63,118,48,194,31,142,15,9,143,67,32,72,163,34,51,50,190,10,165,113,156,71,44,138,37,94,173,18,25,119,11,59,80,100,30,134,148,4,97,58,158,43,81,122,181,68,123,6,149,60,54,151,133,187,39,107,105,14,13,172,12,89,75,125,174,135,53,183,69,159,164,189,28,155,73,99,106,167,49,112,179,161,102,86,110,88,101,52,104,17,145,56,21,108,192,40,169,85,29,154,116,177,27,185,111,96,171,141,98,114,64,79,47,55,76,5,186,199,83,153,150,24,95,137,175,62,120,3,168,191,162,146];False
1287;8006;9293;[61,195,129,70,19,87,121,178,2,198,130,84,77,152,93,147,66,157,103,90,74,188,144,184,115,117,182,78,136,65,41,22,131,128,42,57,197,8,16,126,35,160,91,1,33,124,180,196,36,46,140,92,82,23,127,7,0,45,132,26,176,193,109,20,170,166,38,139,63,118,48,194,31,142,15,9,143,67,32,72,163,81,51,50,190,10,165,113,156,71,44,138,37,94,173,18,25,119,11,59,80,100,30,134,148,4,97,58,158,43,34,122,181,68,123,6,149,60,54,151,133,187,39,107,105,14,13,172,12,89,75,125,174,53,135,183,69,159,164,189,28,155,73,99,106,167,49,112,179,161,102,86,110,88,101,52,104,17,145,56,21,108,192,40,169,85,29,154,116,177,27,185,111,96,171,141,98,114,64,79,47,55,76,5,186,199,83,153,150,24,95,137,175,62,120,3,168,191,162,146];True
1275;8039;9314;[61,195,129,70,19,87,121,178,2,198,130,84,77,152,93,147,66,157,103,90,74,188,144,184,115,117,182,78,136,65,41,22,131,128,42,57,197,8,16,126,35,160,91,1,33,124,180,196,36,46,140,92,82,23,127,7,0,45,132,26,176,193,109,20,170,166,38,139,63,118,48,194,31,142,15,9,143,67,32,72,163,81,51,50,190,10,165,113,156,71,44,138,37,94,173,18,25,119,11,59,80,100,30,134,148,4,97,58,158,43,34,122,181,68,123,6,149,60,54,151,133,187,39,107,105,14,13,172,12,89,75,125,174,135,53,183,69,159,164,189,28,155,73,99,106,167,49,112,17,161,102,86,110,88,101,52,104,179,145,56,21,108,192,40,169,85,29,154,116,177,27,185,111,96,171,141,98,114,64,79,47,55,76,5,186,199,83,153,150,24,95,137,175,62,120,3,168,191,162,146];True
1352;7855;9207;[180,4,129,70,19,87,121,178,2,198,130,84,77,152,93,22,66,157,103,90,74,188,144,184,115,117,167,81,182,65,41,57,78,128,42,101,197,8,16,126,35,160,91,1,33,124,147,196,36,46,140,92,82,23,127,7,0,45,132,26,176,193,109,20,170,166,38,139,63,118,48,194,31,142,15,9,143,67,32,72,163,25,51,50,190,10,165,113,156,71,44,138,37,94,173,18,131,119,11,59,80,100,30,134,148,195,97,58,158,43,34,122,181,68,123,6,149,60,54,151,133,187,39,107,105,14,13,172,12,89,75,125,174,135,53,183,69,159,164,189,28,155,73,99,106,136,49,112,179,161,102,86,110,88,61,52,104,17,145,56,21,108,192,40,169,85,29,154,116,177,27,185,111,96,171,141,98,114,64,79,47,55,76,5,186,199,83,153,150,24,95,137,175,62,120,3,168,191,162,146];True
1336;7882;9218;[147,4,129,70,19,87,121,178,2,198,130,84,77,152,93,22,66,157,103,90,74,188,144,184,115,117,167,81,182,65,41,57,78,128,42,101,197,8,16,126,35,160,91,1,33,124,180,196,36,46,140,92,82,23,127,7,0,45,132,26,176,193,109,20,170,166,38,139,63,118,48,194,31,142,15,9,143,67,32,72,163,25,51,50,190,10,165,113,156,71,44,138,37,94,173,18,131,119,11,59,80,100,30,134,148,195,97,58,158,43,34,122,181,68,123,6,149,60,54,151,133,187,39,107,105,14,13,172,12,89,75,125,174,53,135,183,69,159,164,189,28,155,73,99,106,136,49,112,179,161,102,86,110,88,61,52,104,17,145,56,21,108,192,40,169,85,29,154,116,177,27,185,111,96,171,141,98,114,64,79,47,55,76,5,186,199,83,153,150,24,95,137,175,62,120,3,168,191,162,146];True
1324;7915;9239;[147,4,129,70,19,87,121,178,2,198,130,84,77,152,93,22,66,157,103,90,74,188,144,184,115,117,167,81,182,65,41,57,78,128,42,101,197,8,16,126,35,160,91,1,33,124,180,196,36,46,140,92,82,23,127,7,0,45,132,26,176,193,109,20,170,166,38,139,63,118,48,194,31,142,15,9,143,67,32,72,163,25,51,50,190,10,165,113,156,71,44,138,37,94,173,18,131,119,11,59,80,100,30,134,148,195,97,58,158,43,34,122,181,68,123,6,149,60,54,151,133,187,39,107,105,14,13,172,12,89,75,125,174,135,53,183,69,159,164,189,28,155,73,99,106,136,49,112,17,161,102,86,110,88,61,52,104,179,145,56,21,108,192,40,169,85,29,154,116,177,27,185,111,96,171,141,98,114,64,79,47,55,76,5,186,199,83,153,150,24,95,137,175,62,120,3,168,191,162,146];True
1316;7938;9254;[148,195,129,70,19,87,121,178,2,198,130,84,77,152,93,22,66,157,103,90,74,188,144,184,115,117,167,81,182,65,41,57,78,128,42,101,197,8,16,126,35,160,91,1,33,124,180,196,36,46,140,92,82,23,127,7,0,45,132,26,176,193,109,20,170,166,38,139,63,118,48,194,31,142,15,9,143,67,32,72,163,25,51,50,190,10,165,113,156,71,44,138,37,94,173,18,131,119,11,59,80,100,30,134,147,4,97,58,158,43,34,122,181,68,123,6,149,60,54,151,133,187,39,107,105,14,13,172,12,89,75,125,174,53,135,183,69,159,164,189,28,155,73,99,106,136,49,112,179,161,102,86,110,88,61,52,104,17,145,56,21,108,192,40,169,85,29,154,116,177,27,185,111,96,171,141,98,114,64,79,47,55,76,5,186,199,83,153,150,24,95,137,175,62,120,3,168,191,162,146];True
1304;7971;9275;[148,195,129,70,19,87,121,178,2,198,130,84,77,152,93,22,66,157,103,90,74,188,144,184,115,117,167,81,182,65,41,57,78,128,42,101,197,8,16,126,35,160,91,1,33,124,180,196,36,46,140,92,82,23,127,7,0,45,132,26,176,193,109,20,170,166,38,139,63,118,48,194,31,142,15,9,143,67,32,72,163,25,51,50,190,10,165,113,156,71,44,138,37,94,173,18,131,119,11,59,80,100,30,134,147,4,97,58,158,43,34,122,181,68,123,6,149,60,54,151,133,187,39,107,105,14,13,172,12,89,75,125,174,135,53,183,69,159,164,189,28,155,73,99,106,136,49,112,17,161,102,86,110,88,61,52,104,179,145,56,21,108,192,40,169,85,29,154,116,177,27,185,111,96,171,141,98,114,64,79,47,55,76,5,186,199,83,153,150,24,95,137,175,62,120,3,168,191,162,146];True
1308;7962;9270;[147,195,129,70,19,87,121,178,2,198,130,84,77,152,93,22,66,157,103,90,74,188,144,184,115,117,167,81,182,65,41,57,78,128,42,101,197,8,16,126,35,160,91,1,33,124,180,196,36,46,140,92,82,23,127,7,0,45,132,26,176,193,109,20,170,166,38,139,63,118,48,194,31,142,15,9,143,67,32,72,163,25,51,50,190,10,165,113,156,71,44,138,37,94,173,18,131,119,11,59,80,100,30,134,148,4,97,58,158,43,34,122,181,68,123,6,149,60,54,151,133,187,39,107,105,14,13,172,12,89,75,125,174,53,135,183,69,159,164,189,28,155,73,99,106,136,49,112,17,161,102,86,110,88,61,52,104,179,145,56,21,108,192,40,169,85,29,154,116,177,27,185,111,96,171,141,98,114,64,79,47,55,76,5,186,199,83,153,150,24,95,137,175,62,120,3,168,191,162,146];True
1310;7953;9263;[61,195,129,70,19,87,121,178,2,198,130,84,77,152,93,147,66,157,103,90,74,188,144,184,115,117,182,78,136,65,41,22,131,128,42,57,197,8,16,126,35,160,91,1,33,124,180,196,36,46,140,92,82,23,127,7,0,45,132,26,176,193,109,20,170,166,38,139,63,118,48,194,31,142,15,9,143,67,32,72,163,34,51,50,190,10,165,113,156,71,44,138,37,94,173,18,25,119,11,59,80,100,30,134,148,4,97,58,158,43,49,122,181,68,123,6,149,60,54,151,133,187,39,107,105,14,13,172,12,89,75,125,174,135,53,183,69,159,164,189,28,155,73,99,106,167,81,112,179,161,102,86,110,88,101,52,104,17,145,56,21,108,192,40,169,85,29,154,116,177,27,185,111,96,171,141,98,114,64,79,47,55,76,5,186,199,83,153,150,24,95,137,175,62,120,3,168,191,162,146];True
1271;8052;9323;[61,195,129,70,19,87,121,178,2,198,130,84,77,152,93,147,66,157,103,90,74,188,144,184,115,117,182,78,136,65,41,22,131,128,42,57,197,8,16,126,35,160,91,1,33,124,180,196,36,46,140,92,82,23,127,7,0,45,132,26,176,193,109,20,170,166,38,139,63,118,48,194,31,142,15,9,143,67,32,72,163,81,51,50,190,10,165,113,156,71,44,138,37,94,173,18,25,119,11,59,80,100,30,134,148,4,97,58,158,43,34,122,181,68,123,6,149,60,54,151,133,187,39,107,105,14,13,172,12,89,75,125,174,53,135,183,69,159,164,189,28,155,73,99,106,167,49,112,17,161,102,86,110,88,101,52,104,179,145,56,21,108,192,40,169,85,29,154,116,177,27,185,111,96,171,141,98,114,64,79,47,55,76,5,186,199,83,153,150,24,95,137,175,62,120,3,168,191,162,146];True
1300;7984;9284;[148,195,129,70,19,87,121,178,2,198,130,84,77,152,93,22,66,157,103,90,74,188,144,184,115,117,167,81,182,65,41,57,78,128,42,101,197,8,16,126,35,160,91,1,33,124,180,196,36,46,140,92,82,23,127,7,0,45,132,26,176,193,109,20,170,166,38,139,63,118,48,194,31,142,15,9,143,67,32,72,163,25,51,50,190,10,165,113,156,71,44,138,37,94,173,18,131,119,11,59,80,100,30,134,147,4,97,58,158,43,34,122,181,68,123,6,149,60,54,151,133,187,39,107,105,14,13,172,12,89,75,125,174,53,135,183,69,159,164,189,28,155,73,99,106,136,49,112,17,161,102,86,110,88,61,52,104,179,145,56,21,108,192,40,169,85,29,154,116,177,27,185,111,96,171,141,98,114,64,79,47,55,76,5,186,199,83,153,150,24,95,137,175,62,120,3,168,191,162,146];True
1306;7966;9272;[61,195,129,70,19,87,121,178,2,198,130,84,77,152,93,147,66,157,103,90,74,188,144,184,115,117,182,78,136,65,41,22,131,128,42,57,197,8,16,126,35,160,91,1,33,124,180,196,36,46,140,92,82,23,127,7,0,45,132,26,176,193,109,20,170,166,38,139,63,118,48,194,31,142,15,9,143,67,32,72,163,34,51,50,190,10,165,113,156,71,44,138,37,94,173,18,25,119,11,59,80,100,30,134,148,4,97,58,158,43,49,122,181,68,123,6,149,60,54,151,133,187,39,107,105,14,13,172,12,89,75,125,174,53,135,183,69,159,164,189,28,155,73,99,106,167,81,112,179,161,102,86,110,88,101,52,104,17,145,56,21,108,192,40,169,85,29,154,116,177,27,185,111,96,171,141,98,114,64,79,47,55,76,5,186,199,83,153,150,24,95,137,175,62,120,3,168,191,162,146];True
2314;6997;9311;[34,198,174,190,109,118,6,193,172,132,130,22,144,112,93,147,66,157,103,105,74,188,87,37,104,182,167,61,45,138,178,9,78,128,42,120,3,121,162,126,143,160,91,1,33,124,94,196,36,46,140,17,82,23,189,176,0,85,19,26,81,119,12,49,170,95,38,139,65,20,51,50,48,146,180,4,84,67,32,72,163,25,70,41,142,117,77,113,156,71,165,2,184,8,173,18,86,110,101,59,80,100,30,134,148,11,97,58,54,151,7,191,181,68,123,44,131,158,62,195,129,43,39,107,55,14,13,111,52,89,75,149,15,135,53,183,69,159,164,90,28,155,73,99,106,136,115,152,35,161,102,137,133,76,122,116,16,125,145,21,92,108,192,40,169,194,29,154,60,177,27,185,127,96,171,141,98,114,64,79,179,47,88,5,186,199,83,153,166,24,150,10,187,175,57,197,168,31,56,63];False
2300;7002;9302;[34,198,146,190,109,118,6,193,172,132,130,22,26,112,93,147,66,157,103,105,74,188,87,37,174,182,167,61,45,138,178,9,78,128,42,120,3,121,162,126,143,160,91,1,33,124,94,196,36,46,140,17,82,23,189,176,0,85,19,2,81,119,12,49,170,95,38,139,65,20,51,50,48,104,180,4,84,67,32,72,163,25,70,41,142,117,77,113,156,71,165,144,184,8,173,18,86,110,101,59,80,100,30,134,148,11,97,58,54,151,7,191,181,68,123,44,131,158,62,195,129,43,39,107,55,14,13,111,52,89,75,149,15,135,53,183,69,159,164,90,28,155,73,99,106,136,115,152,35,161,102,137,133,76,122,116,16,125,145,21,92,108,192,40,169,194,29,154,60,177,27,185,127,96,171,141,98,114,64,79,179,47,88,5,186,199,83,153,166,24,150,10,187,175,57,197,168,31,56,63];False
2256;7022;9278;[34,198,146,190,109,118,6,193,172,132,130,22,144,112,93,147,66,157,103,105,74,188,87,37,174,182,167,61,45,138,178,9,78,128,42,120,3,121,162,126,143,160,91,1,33,124,94,196,36,46,140,17,82,23,77,176,0,85,19,26,81,119,12,49,170,95,38,139,65,20,51,50,48,104,180,4,84,67,32,72,163,25,70,41,142,117,2,113,156,71,165,189,184,8,173,18,86,110,101,59,80,100,30,134,148,11,97,58,54,151,7,191,181,68,123,44,131,158,62,195,129,43,39,107,55,14,13,111,52,89,75,149,15,135,53,183,69,159,164,90,28,155,73,99,106,136,115,152,35,161,102,137,133,76,122,116,16,125,145,21,92,108,192,40,169,194,29,154,60,177,27,185,127,96,171,141,98,114,64,79,179,47,88,5,186,199,83,153,166,24,150,10,187,175,57,197,168,31,56,63];False
2262;7020;9282;[34,198,174,190,109,118,6,193,172,132,130,22,144,112,93,147,66,157,103,105,74,188,87,37,77,182,167,61,45,138,178,9,78,128,42,120,3,121,162,126,143,160,91,1,33,124,94,196,36,46,140,17,82,23,189,176,0,85,19,26,81,119,12,49,170,95,38,139,65,20,51,50,48,146,180,4,84,67,32,72,163,25,70,41,142,117,104,113,156,71,165,2,184,8,173,18,86,110,101,59,80,100,30,134,148,11,97,58,54,151,7,191,181,68,123,44,131,158,62,195,129,43,39,107,55,14,13,111,52,89,75,149,15,135,53,183,69,159,164,90,28,155,73,99,106,136,115,152,35,161,102,137,133,76,122,116,16,125,145,21,92,108,192,40,169,194,29,154,60,177,27,185,127,96,171,141,98,114,64,79,179,47,88,5,186,199,83,153,166,24,150,10,187,175,57,197,168,31,56,63];False
2253;7019;9272;[34,198,146,190,109,118,6,193,172,132,130,22,144,112,93,147,66,157,103,105,74,188,87,37,174,182,167,61,45,138,178,9,78,128,42,120,3,121,162,126,143,160,91,1,33,124,94,196,36,46,140,17,82,23,77,176,0,85,19,26,81,119,12,49,170,95,38,139,65,20,51,50,48,104,180,4,84,67,32,72,163,25,70,41,142,117,11,113,156,71,165,189,184,8,173,18,86,110,101,59,80,100,30,134,148,2,97,58,54,151,7,191,181,68,123,44,131,158,62,195,129,43,39,107,55,14,13,111,52,89,75,149,15,135,53,183,69,159,164,90,28,155,73,99,106,136,115,152,35,161,102,137,133,76,122,116,16,125,145,21,92,108,192,40,169,194,29,154,60,177,27,185,127,96,171,141,98,114,64,79,179,47,88,5,186,199,83,153,166,24,150,10,187,175,57,197,168,31,56,63];False
2290;7008;9298;[34,198,146,190,109,147,6,193,172,132,130,22,144,112,93,118,66,157,103,105,74,188,87,37,174,182,167,61,45,138,178,9,78,128,42,120,3,121,162,126,143,160,91,1,33,124,94,196,36,46,140,17,82,23,77,176,0,85,19,26,81,119,12,49,170,95,38,139,65,20,51,50,48,104,180,4,84,67,32,72,163,25,70,41,142,117,11,113,156,71,165,189,184,8,173,18,86,110,101,59,80,100,30,134,148,2,97,58,54,151,7,191,181,68,123,44,131,158,62,195,129,43,39,107,55,14,13,111,52,89,75,149,15,135,53,183,69,159,164,90,28,155,73,99,106,136,115,152,35,161,102,137,133,76,122,116,16,125,145,21,92,108,192,40,169,194,29,154,60,177,27,185,127,96,171,141,98,114,64,79,179,47,88,5,186,199,83,153,166,24,150,10,187,175,57,197,168,31,56,63];False
2303;7001;9304;[34,198,146,190,109,118,6,193,172,132,130,22,189,112,93,147,66,157,103,105,74,188,87,37,174,182,167,61,45,138,178,9,78,128,42,120,3,121,162,126,143,160,91,1,33,124,94,196,36,46,140,17,82,23,77,176,0,85,19,26,81,119,12,49,170,95,38,139,65,20,51,50,48,104,180,4,84,67,32,72,163,25,70,41,142,117,11,113,156,71,165,144,184,8,173,18,86,110,101,59,80,100,30,134,148,2,97,58,54,151,7,191,181,68,123,44,131,158,62,195,129,43,39,107,55,14,13,111,52,89,75,149,15,135,53,183,69,159,164,90,28,155,73,99,106,136,115,152,35,161,102,137,133,76,122,116,16,125,145,21,92,108,192,40,169,194,29,154,60,177,27,185,127,96,171,141,98,114,64,79,179,47,88,5,186,199,83,153,166,24,150,10,187,175,57,197,168,31,56,63];False
2247;7026;9273;[34,198,146,190,109,118,6,193,172,132,130,22,144,112,93,147,66,157,103,105,74,188,87,37,174,182,167,61,45,138,178,9,78,128,42,120,3,121,162,126,143,160,91,1,33,124,94,196,36,46,140,17,82,23,77,176,0,85,19,26,81,119,12,49,170,95,38,139,65,20,51,50,48,104,180,4,84,67,32,72,163,25,70,41,142,117,11,113,156,71,165,189,184,8,173,18,137,110,101,59,80,100,30,134,148,2,97,58,54,151,7,191,181,68,123,44,131,158,62,195,129,43,39,107,55,14,13,111,52,89,75,149,15,135,53,183,69,159,164,90,28,155,73,99,106,136,115,152,35,161,102,86,133,76,122,116,16,125,145,21,92,108,192,40,169,194,29,154,60,177,27,185,127,96,171,141,98,114,64,79,179,47,88,5,186,199,83,153,166,24,150,10,187,175,57,197,168,31,56,63];False
2279;7010;9289;[34,198,146,190,109,118,6,193,172,132,130,22,144,112,93,147,66,157,103,105,74,188,87,37,174,182,167,61,45,138,178,9,78,128,42,120,3,121,162,126,143,160,91,1,33,124,94,196,36,46,140,17,82,23,77,176,0,85,19,26,81,119,12,49,170,95,38,139,65,20,51,50,48,104,180,4,84,67,32,72,163,25,70,41,142,117,11,113,156,71,165,189,184,8,173,18,86,110,101,59,80,100,30,134,148,2,97,58,54,151,7,191,181,68,123,44,131,158,62,195,129,185,39,107,55,14,13,111,52,89,75,149,15,135,53,183,69,159,164,90,28,155,73,99,106,136,115,152,35,161,102,137,133,76,122,116,16,125,145,21,92,108,192,40,169,194,29,154,60,177,27,43,127,96,171,141,98,114,64,79,179,47,88,5,186,199,83,153,166,24,150,10,187,175,57,197,168,31,56,63];False
2244;7032;9276;[34,198,146,190,109,118,6,193,172,132,130,22,144,112,93,147,66,157,103,105,74,188,87,37,174,182,167,61,45,138,178,9,78,128,42,120,3,121,162,126,143,160,91,1,33,124,94,196,36,46,140,17,82,23,77,176,0,85,19,26,81,119,12,49,170,95,38,139,65,20,51,50,48,104,180,4,84,67,32,72,163,25,70,41,142,117,11,113,156,71,165,189,184,8,173,18,86,110,101,59,80,100,30,134,148,2,97,58,54,151,7,191,181,68,123,44,131,158,62,195,129,43,175,107,55,14,13,111,52,89,75,149,15,135,53,183,69,159,164,90,28,155,73,99,106,136,115,152,35,161,102,137,133,76,122,116,16,125,145,21,92,108,192,40,169,194,29,154,60,177,27,185,127,96,171,141,98,114,64,79,179,47,88,5,186,199,83,153,166,24,150,10,187,39,57,197,168,31,56,63];False
2312;6995;9307;[34,198,146,190,109,118,6,193,172,132,130,22,12,112,93,147,66,157,103,105,74,188,87,37,174,182,167,61,45,138,178,9,78,128,42,120,3,121,162,126,143,160,91,1,33,124,94,196,36,46,140,17,82,23,77,176,0,85,19,26,81,119,189,49,170,95,38,139,65,20,51,50,48,104,180,4,84,67,32,72,163,25,70,41,142,117,11,113,156,71,165,144,184,8,173,18,86,110,101,59,80,100,30,134,148,2,97,58,54,151,7,191,181,68,123,44,131,158,62,195,129,43,39,107,55,14,13,111,52,89,75,149,15,135,53,183,69,159,164,90,28,155,73,99,106,136,115,152,35,161,102,137,133,76,122,116,16,125,145,21,92,108,192,40,169,194,29,154,60,177,27,185,127,96,171,141,98,114,64,79,179,47,88,5,186,199,83,153,166,24,150,10,187,175,57,197,168,31,56,63];False
2223;7035;9258;[34,198,146,190,109,118,6,193,172,132,130,22,144,112,93,147,66,157,103,105,74,188,87,37,174,182,167,61,45,138,178,9,78,128,42,120,3,121,162,126,143,160,91,1,33,124,94,196,36,46,140,17,82,23,77,176,0,85,19,26,81,119,12,49,170,95,38,139,65,20,51,50,48,104,180,4,84,67,32,72,163,25,70,41,142,117,11,113,156,71,165,189,184,8,173,18,137,158,101,59,80,100,30,134,148,2,97,58,54,151,7,191,181,68,123,44,131,110,62,195,129,43,39,107,55,14,13,111,52,89,75,149,15,135,53,183,69,159,164,90,28,155,73,99,106,136,115,152,35,161,102,86,133,76,122,116,16,125,145,21,92,108,192,40,169,194,29,154,60,177,27,185,127,96,171,141,98,114,64,79,179,47,88,5,186,199,83,153,166,24,150,10,187,175,57,197,168,31,56,63];False
2273;7017;9290;[34,198,146,190,109,118,6,193,172,132,130,22,144,112,93,147,66,157,103,105,74,188,87,37,174,182,167,61,45,138,178,9,78,128,42,120,3,121,162,126,143,160,91,1,33,124,94,196,36,46,140,17,82,23,77,176,0,85,19,26,81,119,12,49,170,95,38,139,65,20,51,50,48,104,180,4,84,67,32,72,163,25,70,41,142,117,11,113,156,71,165,189,184,8,173,18,137,110,101,59,80,100,30,134,148,2,97,58,54,151,7,191,181,68,123,44,131,158,62,195,129,185,39,107,55,14,13,111,52,89,75,149,15,135,53,183,69,159,164,90,28,155,73,99,106,136,115,152,35,161,102,86,133,76,122,116,16,125,145,21,92,108,192,40,169,194,29,154,60,177,27,43,127,96,171,141,98,114,64,79,179,47,88,5,186,199,83,153,166,24,150,10,187,175,57,197,168,31,56,63];False
2287;7006;9293;[34,198,146,190,109,118,6,193,172,132,130,22,12,112,93,147,66,157,103,105,74,188,87,37,174,182,167,61,45,138,178,9,78,128,42,120,3,121,162,126,143,160,91,1,33,124,94,196,36,46,140,17,82,23,77,176,0,85,19,26,81,80,189,49,170,95,38,139,65,20,51,50,48,104,180,4,84,67,32,72,163,25,70,41,142,117,11,113,156,71,165,144,184,8,173,18,86,110,101,59,119,100,30,134,148,2,97,58,54,151,7,191,181,68,123,44,131,158,62,195,129,43,39,107,55,14,13,111,52,89,75,149,15,135,53,183,69,159,164,90,28,155,73,99,106,136,115,152,35,161,102,137,133,76,122,116,16,125,145,21,92,108,192,40,169,194,29,154,60,177,27,185,127,96,171,141,98,114,64,79,179,47,88,5,186,199,83,153,166,24,150,10,187,175,57,197,168,31,56,63];False
2299;6996;9295;[34,198,94,190,109,118,6,193,172,132,130,22,147,0,85,113,66,157,103,105,74,188,87,37,174,149,167,61,45,138,178,9,78,128,42,120,3,121,162,126,143,160,91,1,33,124,180,196,36,182,104,17,82,23,189,81,112,93,19,26,176,46,12,49,170,95,38,139,65,20,51,50,21,48,146,4,84,67,32,72,163,25,70,41,142,117,77,2,156,71,165,144,184,8,173,18,137,158,101,59,80,100,30,134,148,11,97,58,54,151,7,191,181,68,123,44,131,110,62,195,119,43,39,107,55,14,13,111,52,89,75,129,15,135,53,183,69,159,164,90,28,155,73,99,106,136,115,152,35,161,102,86,133,76,122,116,16,125,145,140,92,108,192,40,169,194,29,154,60,177,27,185,127,96,171,141,98,114,64,79,179,47,88,5,186,199,83,153,166,24,150,10,187,175,57,197,168,31,56,63];False
2221;7034;9255;[34,198,146,190,109,118,149,193,172,132,130,22,147,0,85,113,66,157,103,105,74,188,87,37,174,182,167,61,45,138,178,9,78,128,42,120,3,121,162,126,143,160,91,1,33,124,94,196,36,6,104,17,82,23,189,81,112,93,19,26,176,46,12,49,170,95,38,139,65,20,51,50,21,48,180,4,84,67,32,72,163,25,70,41,142,117,77,2,156,71,165,144,184,8,173,18,137,158,101,59,80,100,30,134,148,11,97,58,54,151,7,191,181,68,123,44,131,110,62,195,119,43,39,107,55,14,13,111,52,89,75,129,15,135,53,183,69,159,164,90,28,155,73,99,106,136,115,152,35,161,102,86,133,76,122,116,16,125,145,140,92,108,192,40,169,194,29,154,60,177,27,185,127,96,171,141,98,114,64,79,179,47,88,5,186,199,83,153,166,24,150,10,187,175,57,197,168,31,56,63];False
2279;7009;9288;[34,198,146,190,109,118,6,193,172,132,130,22,147,0,85,113,66,157,103,105,74,188,87,37,174,149,167,61,45,138,178,9,78,128,42,120,3,121,162,126,143,160,91,1,33,124,94,196,36,182,104,17,82,23,189,137,112,93,19,26,176,46,12,49,170,95,38,139,65,20,51,50,21,48,180,4,84,67,32,72,163,25,70,41,142,117,77,2,156,71,165,144,184,8,173,18,62,158,101,59,80,100,30,134,148,11,97,58,54,151,7,191,181,68,123,44,131,110,81,195,119,43,39,107,55,14,13,111,52,89,75,129,15,135,53,183,69,159,164,90,28,155,73,99,106,136,115,152,35,161,102,86,133,76,122,116,16,125,145,140,92,108,192,40,169,194,29,154,60,177,27,185,127,96,171,141,98,114,64,79,179,47,88,5,186,199,83,153,166,24,150,10,187,175,57,197,168,31,56,63];False
2276;7012;9288;[34,198,146,190,109,118,6,193,172,132,130,22,147,0,85,113,66,157,103,105,74,188,87,37,174,149,167,61,45,138,178,9,78,128,42,120,3,121,162,126,143,160,91,1,33,124,94,196,36,182,104,17,82,23,189,81,112,93,19,26,176,46,12,49,170,95,38,139,65,20,51,50,21,48,180,4,84,67,32,72,163,25,70,41,142,117,77,2,156,71,165,144,184,8,173,18,158,60,101,59,80,100,30,134,148,11,97,58,54,151,7,191,181,68,123,44,131,110,62,195,119,43,39,107,55,14,13,111,52,89,75,129,15,135,53,183,69,159,164,90,28,155,73,99,106,136,115,152,35,161,102,86,133,76,122,116,16,125,145,140,92,108,192,40,169,194,29,154,137,177,27,185,127,96,171,141,98,114,64,79,179,47,88,5,186,199,83,153,166,24,150,10,187,175,57,197,168,31,56,63];False
2273;7001;9274;[34,198,174,190,109,118,6,193,172,132,130,22,147,0,85,113,66,157,103,105,74,188,87,37,94,149,167,61,45,138,178,9,78,128,42,120,3,121,162,126,143,160,91,1,33,124,180,196,36,182,104,17,82,23,189,81,112,93,19,26,176,46,12,49,170,95,38,139,65,20,51,50,21,48,146,4,84,67,32,72,163,25,70,41,142,117,77,2,156,71,165,144,184,8,173,18,137,158,101,59,80,100,30,134,148,11,97,58,54,151,7,191,181,68,123,44,131,110,62,195,119,43,39,107,55,14,13,111,52,89,75,129,15,135,53,183,69,159,164,90,28,155,73,99,106,136,115,152,35,161,102,86,133,76,122,116,16,125,145,140,92,108,192,40,169,194,29,154,60,177,27,185,127,96,171,141,98,114,64,79,179,47,88,5,186,199,83,153,166,24,150,10,187,175,57,197,168,31,56,63];False
2316;6993;9309;[34,198,94,190,109,118,6,193,172,132,130,22,147,0,85,113,66,157,103,105,74,188,87,37,174,149,167,61,45,138,178,9,78,128,42,120,3,121,162,126,143,160,91,1,33,124,180,196,36,182,104,17,82,23,189,81,112,93,19,26,176,46,12,49,170,95,38,139,65,20,51,50,21,48,146,4,84,67,32,72,163,25,70,41,142,117,77,57,156,71,165,144,184,8,173,18,137,158,101,59,80,100,30,134,148,11,97,58,54,151,7,191,181,68,123,44,131,110,62,195,119,43,39,107,55,14,13,111,52,89,75,129,15,135,53,183,69,159,164,90,28,155,73,99,106,136,115,152,35,161,102,86,133,76,122,116,16,125,145,140,92,108,192,40,169,194,29,154,60,177,27,185,127,96,171,141,98,114,64,79,179,47,88,5,186,199,83,153,166,24,150,10,187,175,2,197,168,31,56,63];False
2323;6987;9310;[34,198,94,190,109,118,6,193,172,132,130,22,147,0,85,113,66,157,103,105,74,188,87,37,174,149,167,61,45,138,178,9,78,128,42,120,3,121,162,126,143,160,91,1,33,124,180,196,36,182,104,17,82,23,189,81,112,93,19,26,176,46,12,49,170,95,38,139,65,20,51,50,21,48,146,4,84,67,32,72,163,25,70,41,142,117,77,2,156,71,165,144,184,8,173,18,137,110,101,59,80,100,30,134,148,11,97,58,54,151,7,191,181,68,123,44,131,158,62,195,119,43,39,107,55,14,13,111,52,89,75,129,15,135,53,183,69,159,164,90,28,155,73,99,106,136,115,152,35,161,102,86,133,76,122,116,16,125,145,140,92,108,192,40,169,194,29,154,60,177,27,185,127,96,171,141,98,114,64,79,179,47,88,5,186,199,83,153,166,24,150,10,187,175,57,197,168,31,56,63];False
2243;7030;9273;[34,198,146,190,109,118,149,193,172,132,130,22,147,0,85,113,66,157,103,105,74,188,87,37,174,182,167,61,45,138,178,9,78,128,42,120,3,121,162,126,143,160,91,1,33,124,94,196,36,6,104,17,82,23,189,81,52,93,19,26,176,46,12,49,170,95,38,139,65,20,51,50,21,48,180,4,84,67,32,72,163,25,70,41,142,117,77,2,156,71,165,144,184,8,173,18,137,158,101,59,80,100,30,134,148,11,97,58,54,151,7,191,181,68,123,44,131,110,62,195,119,43,39,107,55,14,13,111,112,89,75,129,15,135,53,183,69,159,164,90,28,155,73,99,106,136,115,152,35,161,102,86,133,76,122,116,16,125,145,140,92,108,192,40,169,194,29,154,60,177,27,185,127,96,171,141,98,114,64,79,179,47,88,5,186,199,83,153,166,24,150,10,187,175,57,197,168,31,56,63];False
2224;7033;9257;[34,198,146,190,109,118,149,193,172,132,130,22,147,0,85,113,66,157,103,105,74,188,87,37,174,182,167,61,45,138,178,9,78,128,42,120,3,121,162,126,143,160,91,1,33,124,94,196,36,6,104,17,82,23,189,81,112,93,19,26,176,46,12,49,170,95,38,139,65,20,51,50,48,21,180,4,84,67,32,72,163,25,70,41,142,117,77,2,156,71,165,144,184,8,173,18,137,158,101,59,80,100,30,134,148,11,97,58,54,151,7,191,181,68,123,44,131,110,62,195,119,43,39,107,55,14,13,111,52,89,75,129,15,135,53,183,69,159,164,90,28,155,73,99,106,136,115,152,35,161,102,86,133,76,122,116,16,125,145,140,92,108,192,40,169,194,29,154,60,177,27,185,127,96,171,141,98,114,64,79,179,47,88,5,186,199,83,153,166,24,150,10,187,175,57,197,168,31,56,63];False
2238;7031;9269;[34,198,146,190,109,118,149,193,172,132,130,22,147,0,85,113,66,157,103,105,74,188,87,37,174,182,167,61,45,138,178,9,78,128,42,120,3,121,162,126,143,160,91,1,33,124,94,196,36,6,104,17,82,23,189,81,112,93,19,26,176,46,12,49,170,95,38,139,65,20,51,50,21,48,180,4,84,67,32,72,163,25,70,41,142,117,77,57,156,71,165,144,184,8,173,18,137,158,101,59,80,100,30,134,148,11,97,58,54,151,7,191,181,68,123,44,131,110,62,195,119,43,39,107,55,14,13,111,52,89,75,129,15,135,53,183,69,159,164,90,28,155,73,99,106,136,115,152,35,161,102,86,133,76,122,116,16,125,145,140,92,108,192,40,169,194,29,154,60,177,27,185,127,96,171,141,98,114,64,79,179,47,88,5,186,199,83,153,166,24,150,10,187,175,2,197,168,31,56,63];False
2245;7025;9270;[34,198,146,190,109,118,149,193,172,132,130,22,147,0,85,113,66,157,103,105,74,188,87,37,174,182,167,61,45,138,178,9,78,128,42,120,3,121,162,126,143,160,91,1,33,124,94,196,36,6,104,17,82,23,189,81,112,93,19,26,176,46,12,49,170,95,38,139,65,20,51,50,21,48,180,4,84,67,32,72,163,25,70,41,142,117,77,2,156,71,165,144,184,8,173,18,137,110,101,59,80,100,30,134,148,11,97,58,54,151,7,191,181,68,123,44,131,158,62,195,119,43,39,107,55,14,13,111,52,89,75,129,15,135,53,183,69,159,164,90,28,155,73,99,106,136,115,152,35,161,102,86,133,76,122,116,16,125,145,140,92,108,192,40,169,194,29,154,60,177,27,185,127,96,171,141,98,114,64,79,179,47,88,5,186,199,83,153,166,24,150,10,187,175,57,197,168,31,56,63];False
2260;7016;9276;[34,198,174,190,109,118,149,193,172,132,130,22,147,0,85,113,66,157,103,105,74,188,87,37,94,6,167,61,45,138,178,9,78,128,42,120,3,121,162,126,143,160,91,1,33,124,180,196,36,182,104,17,82,23,189,81,112,93,19,26,176,46,12,49,170,95,38,139,65,20,51,50,21,48,146,4,84,67,32,72,163,25,70,41,142,117,77,2,156,71,165,144,184,8,173,18,137,158,101,59,80,100,30,134,148,11,97,58,54,151,7,191,181,68,123,44,131,110,62,195,119,43,39,107,55,14,13,111,52,89,75,129,15,135,53,183,69,159,164,90,28,155,73,99,106,136,115,152,35,161,102,86,133,76,122,116,16,125,145,140,92,108,192,40,169,194,29,154,60,177,27,185,127,96,171,141,98,114,64,79,179,47,88,5,186,199,83,153,166,24,150,10,187,175,57,197,168,31,56,63];False
2256;7017;9273;[34,198,174,190,109,118,12,193,172,132,130,22,147,0,85,113,66,157,103,105,74,188,87,37,94,149,167,61,45,138,178,9,78,128,42,120,3,121,162,126,143,160,91,1,33,124,180,196,36,182,104,17,82,23,189,81,112,93,19,26,176,46,6,49,170,95,38,139,65,20,51,50,21,48,146,4,84,67,32,72,163,25,70,41,142,117,77,2,156,71,165,144,184,8,173,18,137,158,101,59,80,100,30,134,148,11,97,58,54,151,7,191,181,68,123,44,131,110,62,195,119,43,39,107,55,14,13,111,52,89,75,129,15,135,53,183,69,159,164,90,28,155,73,99,106,136,115,152,35,161,102,86,133,76,122,116,16,125,145,140,92,108,192,40,169,194,29,154,60,177,27,185,127,96,171,141,98,114,64,79,179,47,88,5,186,199,83,153,166,24,150,10,187,175,57,197,168,31,56,63];False
2268;7014;9282;[34,198,174,190,109,118,6,193,172,132,130,22,147,0,85,113,66,157,103,105,74,188,87,37,150,149,167,61,45,138,178,9,78,128,42,120,3,121,162,126,143,160,91,1,33,124,180,196,36,182,104,17,82,23,189,81,112,93,19,26,176,46,12,49,170,95,38,139,65,20,51,50,21,48,146,4,84,67,32,72,163,25,70,41,142,117,77,2,156,71,165,144,184,8,173,18,137,158,101,59,80,100,30,134,148,11,97,58,54,151,7,191,181,68,123,44,131,110,62,195,119,43,39,107,55,14,13,111,52,89,75,129,15,135,53,183,69,159,164,90,28,155,73,99,106,136,115,152,35,161,102,86,133,76,122,116,16,125,145,140,92,108,192,40,169,194,29,154,60,177,27,185,127,96,171,141,98,114,64,79,179,47,88,5,186,199,83,153,166,24,94,10,187,175,57,197,168,31,56,63];False
2237;7029;9266;[34,198,174,190,109,118,6,193,172,132,130,22,147,0,85,113,66,157,103,105,74,188,87,37,94,33,167,61,45,138,178,9,78,128,42,120,3,121,162,126,143,160,91,1,149,124,180,196,36,182,104,17,82,23,189,81,112,93,19,26,176,46,12,49,170,95,38,139,65,20,51,50,21,48,146,4,84,67,32,72,163,25,70,41,142,117,77,2,156,71,165,144,184,8,173,18,137,158,101,59,80,100,30,134,148,11,97,58,54,151,7,191,181,68,123,44,131,110,62,195,119,43,39,107,55,14,13,111,52,89,75,129,15,135,53,183,69,159,164,90,28,155,73,99,106,136,115,152,35,161,102,86,133,76,122,116,16,125,145,140,92,108,192,40,169,194,29,154,60,177,27,185,127,96,171,141,98,114,64,79,179,47,88,5,186,199,83,153,166,24,150,10,187,175,57,197,168,31,56,63];False
2237;7022;9259;[34,198,174,190,109,118,6,193,172,132,130,22,147,0,85,113,66,157,103,105,74,188,87,37,94,133,167,61,45,138,178,9,78,128,42,120,3,121,162,126,143,160,91,1,33,124,180,196,36,182,104,17,82,23,189,81,112,93,19,26,176,46,12,49,170,95,38,139,65,20,51,50,21,48,146,4,84,67,32,72,163,25,70,41,142,117,77,2,156,71,165,144,184,8,173,18,137,158,101,59,80,100,30,134,148,11,97,58,54,151,7,191,181,68,123,44,131,110,62,195,119,43,39,107,55,14,13,111,52,89,75,129,15,135,53,183,69,159,164,90,28,155,73,99,106,136,115,152,35,161,102,86,149,76,122,116,16,125,145,140,92,108,192,40,169,194,29,154,60,177,27,185,127,96,171,141,98,114,64,79,179,47,88,5,186,199,83,153,166,24,150,10,187,175,57,197,168,31,56,63];False
2295;6997;9292;[34,198,174,190,109,118,6,193,172,132,130,22,147,0,85,113,66,157,103,105,74,188,87,37,94,149,167,61,45,138,178,9,78,128,42,120,3,121,162,126,143,160,91,1,33,124,180,196,36,182,104,17,82,23,189,81,52,93,19,26,176,46,12,49,170,95,38,139,65,20,51,50,21,48,146,4,84,67,32,72,163,25,70,41,142,117,77,2,156,71,165,144,184,8,173,18,137,158,101,59,80,100,30,134,148,11,97,58,54,151,7,191,181,68,123,44,131,110,62,195,119,43,39,107,55,14,13,111,112,89,75,129,15,135,53,183,69,159,164,90,28,155,73,99,106,136,115,152,35,161,102,86,133,76,122,116,16,125,145,140,92,108,192,40,169,194,29,154,60,177,27,185,127,96,171,141,98,114,64,79,179,47,88,5,186,199,83,153,166,24,150,10,187,175,57,197,168,31,56,63];False
2318;6990;9308;[34,198,174,190,109,118,6,193,172,132,130,22,147,0,85,113,66,157,103,105,74,188,87,37,94,149,167,61,45,138,178,9,78,128,42,120,3,121,162,126,143,160,91,1,33,124,180,196,36,182,104,17,82,23,189,81,112,93,19,26,176,2,12,49,170,95,38,139,65,20,51,50,21,48,146,4,84,67,32,72,163,25,70,41,142,117,77,46,156,71,165,144,184,8,173,18,137,158,101,59,80,100,30,134,148,11,97,58,54,151,7,191,181,68,123,44,131,110,62,195,119,43,39,107,55,14,13,111,52,89,75,129,15,135,53,183,69,159,164,90,28,155,73,99,106,136,115,152,35,161,102,86,133,76,122,116,16,125,145,140,92,108,192,40,169,194,29,154,60,177,27,185,127,96,171,141,98,114,64,79,179,47,88,5,186,199,83,153,166,24,150,10,187,175,57,197,168,31,56,63];False
2306;6995;9301;[34,198,174,190,109,118,6,193,172,132,130,22,147,0,85,113,66,157,103,105,74,188,87,37,94,149,167,61,45,138,178,9,78,128,42,120,3,121,162,126,143,160,91,1,33,124,180,196,36,182,104,17,82,23,189,81,112,93,19,26,176,46,12,49,170,95,38,139,65,20,51,50,21,155,146,4,84,67,32,72,163,25,70,41,142,117,77,2,156,71,165,144,184,8,173,18,137,158,101,59,80,100,30,134,148,11,97,58,54,151,7,191,181,68,123,44,131,110,62,195,119,43,39,107,55,14,13,111,52,89,75,129,15,135,53,183,69,159,164,90,28,48,73,99,106,136,115,152,35,161,102,86,133,76,122,116,16,125,145,140,92,108,192,40,169,194,29,154,60,177,27,185,127,96,171,141,98,114,64,79,179,47,88,5,186,199,83,153,166,24,150,10,187,175,57,197,168,31,56,63];False
2290;6998;9288;[34,198,174,190,109,118,6,193,172,132,130,22,147,0,85,113,66,157,103,105,74,188,87,37,94,149,167,61,45,138,178,9,78,128,42,120,3,121,162,126,143,160,91,1,33,124,180,196,36,182,104,17,82,23,189,81,112,93,19,26,176,46,12,49,170,95,38,139,65,20,51,50,21,48,146,4,84,67,32,72,163,25,70,41,142,117,77,57,156,71,165,144,184,8,173,18,137,158,101,59,80,100,30,134,148,11,97,58,54,151,7,191,181,68,123,44,131,110,62,195,119,43,39,107,55,14,13,111,52,89,75,129,15,135,53,183,69,159,164,90,28,155,73,99,106,136,115,152,35,161,102,86,133,76,122,116,16,125,145,140,92,108,192,40,169,194,29,154,60,177,27,185,127,96,171,141,98,114,64,79,179,47,88,5,186,199,83,153,166,24,150,10,187,175,2,197,168,31,56,63];False
2297;6992;9289;[34,198,174,190,109,118,6,193,172,132,130,22,147,0,85,113,66,157,103,105,74,188,87,37,94,149,167,61,45,138,178,9,78,128,42,120,3,121,162,126,143,160,91,1,33,124,180,196,36,182,104,17,82,23,189,81,112,93,19,26,176,46,12,49,170,95,38,139,65,20,51,50,21,48,146,4,84,67,32,72,163,25,70,41,142,117,77,2,156,71,165,144,184,8,173,18,137,110,101,59,80,100,30,134,148,11,97,58,54,151,7,191,181,68,123,44,131,158,62,195,119,43,39,107,55,14,13,111,52,89,75,129,15,135,53,183,69,159,164,90,28,155,73,99,106,136,115,152,35,161,102,86,133,76,122,116,16,125,145,140,92,108,192,40,169,194,29,154,60,177,27,185,127,96,171,141,98,114,64,79,179,47,88,5,186,199,83,153,166,24,150,10,187,175,57,197,168,31,56,63];False
2264;7014;9278;[34,198,174,190,109,118,6,193,172,132,130,22,147,0,85,113,66,157,103,105,74,188,87,37,94,149,167,61,45,138,178,9,78,128,42,120,3,121,162,126,143,160,91,1,33,124,180,196,36,182,104,17,82,23,189,81,112,93,19,26,176,46,12,49,170,95,38,139,65,20,51,50,21,48,146,4,84,67,32,72,163,25,70,41,142,117,77,2,156,71,165,144,184,8,173,18,137,158,101,59,80,100,30,134,148,11,97,58,54,151,7,191,181,68,123,44,131,110,62,195,119,43,175,107,55,14,13,111,52,89,75,129,15,135,53,183,69,159,164,90,28,155,73,99,106,136,115,152,35,161,102,86,133,76,122,116,16,125,145,140,92,108,192,40,169,194,29,154,60,177,27,185,127,96,171,141,98,114,64,79,179,47,88,5,186,199,83,153,166,24,150,10,187,39,57,197,168,31,56,63];False
2270;7013;9283;[34,198,174,190,109,118,6,193,172,132,130,22,147,0,85,113,66,157,103,105,74,188,87,37,94,149,167,61,45,138,178,9,78,128,42,120,3,121,162,126,143,160,91,1,33,124,180,196,36,182,104,17,82,23,189,81,112,93,19,26,176,46,12,49,170,95,38,139,65,20,51,50,21,48,146,4,84,67,32,72,163,25,70,41,142,117,77,2,156,71,165,144,184,8,173,18,137,158,101,59,80,100,30,134,148,11,97,58,54,151,7,191,181,68,123,44,131,110,62,195,119,43,39,107,55,14,13,111,52,89,75,129,15,135,53,183,69,159,164,90,28,155,73,99,106,136,115,152,35,161,102,86,133,76,122,116,16,125,145,140,92,108,192,40,169,194,29,154,60,179,27,185,127,96,171,141,98,114,64,79,177,47,88,5,186,199,83,153,166,24,150,10,187,175,57,197,168,31,56,63];False
2345;6983;9328;[34,198,94,190,109,118,6,193,172,132,130,22,147,0,85,113,66,157,103,105,74,188,87,37,174,149,167,61,45,138,178,9,78,128,42,120,3,121,162,126,143,160,91,1,33,124,180,196,36,182,104,17,82,23,189,81,52,93,19,26,176,46,12,49,170,95,38,139,65,20,51,50,21,48,146,4,84,67,32,72,163,25,70,41,142,117,77,2,156,71,165,144,184,8,173,18,137,110,101,59,80,100,30,134,148,11,97,58,54,151,7,191,181,68,123,44,131,158,62,195,119,43,39,107,55,14,13,111,112,89,75,129,15,135,53,183,69,159,164,90,28,155,73,99,106,136,115,152,35,161,102,86,133,76,122,116,16,125,145,140,92,108,192,40,169,194,29,154,60,177,27,185,127,96,171,141,98,114,64,79,179,47,88,5,186,199,83,153,166,24,150,10,187,175,57,197,168,31,56,63];False
2368;6976;9344;[34,198,94,190,109,118,6,193,172,132,130,22,147,0,85,113,66,157,103,105,74,188,87,37,174,149,167,61,45,138,178,9,78,128,42,120,3,121,162,126,143,160,91,1,33,124,180,196,36,182,104,17,82,23,189,81,112,93,19,26,176,2,12,49,170,95,38,139,65,20,51,50,21,48,146,4,84,67,32,72,163,25,70,41,142,117,77,46,156,71,165,144,184,8,173,18,137,110,101,59,80,100,30,134,148,11,97,58,54,151,7,191,181,68,123,44,131,158,62,195,119,43,39,107,55,14,13,111,52,89,75,129,15,135,53,183,69,159,164,90,28,155,73,99,106,136,115,152,35,161,102,86,133,76,122,116,16,125,145,140,92,108,192,40,169,194,29,154,60,177,27,185,127,96,171,141,98,114,64,79,179,47,88,5,186,199,83,153,166,24,150,10,187,175,57,197,168,31,56,63];False
2356;6981;9337;[34,198,94,190,109,118,6,193,172,132,130,22,147,0,85,113,66,157,103,105,74,188,87,37,174,149,167,61,45,138,178,9,78,128,42,120,3,121,162,126,143,160,91,1,33,124,180,196,36,182,104,17,82,23,189,81,112,93,19,26,176,46,12,49,170,95,38,139,65,20,51,50,21,155,146,4,84,67,32,72,163,25,70,41,142,117,77,2,156,71,165,144,184,8,173,18,137,110,101,59,80,100,30,134,148,11,97,58,54,151,7,191,181,68,123,44,131,158,62,195,119,43,39,107,55,14,13,111,52,89,75,129,15,135,53,183,69,159,164,90,28,48,73,99,106,136,115,152,35,161,102,86,133,76,122,116,16,125,145,140,92,108,192,40,169,194,29,154,60,177,27,185,127,96,171,141,98,114,64,79,179,47,88,5,186,199,83,153,166,24,150,10,187,175,57,197,168,31,56,63];False
2340;6984;9324;[34,198,94,190,109,118,6,193,172,132,130,22,147,0,85,113,66,157,103,105,74,188,87,37,174,149,167,61,45,138,178,9,78,128,42,120,3,121,162,126,143,160,91,1,33,124,180,196,36,182,104,17,82,23,189,81,112,93,19,26,176,46,12,49,170,95,38,139,65,20,51,50,21,48,146,4,84,67,32,72,163,25,70,41,142,117,77,57,156,71,165,144,184,8,173,18,137,110,101,59,80,100,30,134,148,11,97,58,54,151,7,191,181,68,123,44,131,158,62,195,119,43,39,107,55,14,13,111,52,89,75,129,15,135,53,183,69,159,164,90,28,155,73,99,106,136,115,152,35,161,102,86,133,76,122,116,16,125,145,140,92,108,192,40,169,194,29,154,60,177,27,185,127,96,171,141,98,114,64,79,179,47,88,5,186,199,83,153,166,24,150,10,187,175,2,197,168,31,56,63];False
2329;6980;9309;[34,198,94,190,109,118,6,193,172,132,130,22,147,0,85,113,66,157,103,105,74,188,87,37,174,149,167,61,45,138,178,9,78,128,42,120,3,121,162,126,143,160,91,1,33,124,180,196,36,182,104,17,82,23,189,81,112,93,19,26,176,46,12,49,170,95,38,139,65,20,51,50,21,48,146,4,84,67,32,72,163,25,70,41,142,117,77,2,156,71,165,144,184,8,173,18,86,110,101,59,80,100,30,134,148,11,97,58,54,151,7,191,181,68,123,44,131,158,62,195,119,43,39,107,55,14,13,111,52,89,75,129,15,135,53,183,69,159,164,90,28,155,73,99,106,136,115,152,35,161,102,137,133,76,122,116,16,125,145,140,92,108,192,40,169,194,29,154,60,177,27,185,127,96,171,141,98,114,64,79,179,47,88,5,186,199,83,153,166,24,150,10,187,175,57,197,168,31,56,63];False
2224;7011;9235;[34,198,174,190,109,118,149,193,172,132,130,22,147,6,85,113,66,157,103,105,74,188,87,37,94,0,167,61,45,138,178,9,78,128,42,120,3,121,162,126,143,160,91,1,33,124,180,196,36,182,104,17,82,23,189,81,112,93,19,26,176,46,12,49,170,95,38,139,65,20,51,50,21,48,146,4,84,67,32,72,163,25,70,41,142,117,77,2,156,71,165,144,184,8,173,18,137,158,101,59,80,100,30,134,148,11,97,58,54,151,7,191,181,68,123,44,131,110,62,195,119,43,39,107,55,14,13,111,52,89,75,129,15,135,53,183,69,159,164,90,28,155,73,99,106,136,115,152,35,161,102,86,133,76,122,116,16,125,145,140,92,108,192,40,169,194,29,154,60,177,27,185,127,96,171,141,98,114,64,79,179,47,88,5,186,199,83,153,166,24,150,10,187,175,57,197,168,31,56,63];True
2319;6988;9307;[34,198,174,190,109,118,6,193,172,132,130,22,147,0,85,113,66,157,103,105,74,188,87,37,94,149,167,61,45,138,178,9,78,128,42,120,3,121,162,126,143,160,91,1,33,124,180,196,36,182,104,17,82,23,189,81,52,93,19,26,176,46,12,49,170,95,38,139,65,20,51,50,21,48,146,4,84,67,32,72,163,25,70,41,142,117,77,2,156,71,165,144,184,8,173,18,137,110,101,59,80,100,30,134,148,11,97,58,54,151,7,191,181,68,123,44,131,158,62,195,119,43,39,107,55,14,13,111,112,89,75,129,15,135,53,183,69,159,164,90,28,155,73,99,106,136,115,152,35,161,102,86,133,76,122,116,16,125,145,140,92,108,192,40,169,194,29,154,60,177,27,185,127,96,171,141,98,114,64,79,179,47,88,5,186,199,83,153,166,24,150,10,187,175,57,197,168,31,56,63];False
2314;6989;9303;[34,198,174,190,109,118,6,193,172,132,130,22,147,0,85,113,66,157,103,105,74,188,87,37,94,149,167,61,45,138,178,9,78,128,42,120,3,121,162,126,143,160,91,1,33,124,180,196,36,182,104,17,82,23,189,81,112,93,19,26,176,46,12,49,170,95,38,139,65,20,51,50,21,48,146,4,84,67,32,72,163,25,70,41,142,117,77,57,156,71,165,144,184,8,173,18,137,110,101,59,80,100,30,134,148,11,97,58,54,151,7,191,181,68,123,44,131,158,62,195,119,43,39,107,55,14,13,111,52,89,75,129,15,135,53,183,69,159,164,90,28,155,73,99,106,136,115,152,35,161,102,86,133,76,122,116,16,125,145,140,92,108,192,40,169,194,29,154,60,177,27,185,127,96,171,141,98,114,64,79,179,47,88,5,186,199,83,153,166,24,150,10,187,175,2,197,168,31,56,63];False
2303;6985;9288;[34,198,174,190,109,118,6,193,172,132,130,22,147,0,85,113,66,157,103,105,74,188,87,37,94,149,167,61,45,138,178,9,78,128,42,120,3,121,162,126,143,160,91,1,33,124,180,196,36,182,104,17,82,23,189,81,112,93,19,26,176,46,12,49,170,95,38,139,65,20,51,50,21,48,146,4,84,67,32,72,163,25,70,41,142,117,77,2,156,71,165,144,184,8,173,18,86,110,101,59,80,100,30,134,148,11,97,58,54,151,7,191,181,68,123,44,131,158,62,195,119,43,39,107,55,14,13,111,52,89,75,129,15,135,53,183,69,159,164,90,28,155,73,99,106,136,115,152,35,161,102,137,133,76,122,116,16,125,145,140,92,108,192,40,169,194,29,154,60,177,27,185,127,96,171,141,98,114,64,79,179,47,88,5,186,199,83,153,166,24,150,10,187,175,57,197,168,31,56,63];False
2374;6969;9343;[34,198,94,190,109,118,6,193,172,132,130,22,147,0,85,113,66,157,103,105,74,188,87,37,174,149,167,61,45,138,178,9,78,128,42,120,3,121,162,126,143,160,91,1,33,124,180,196,36,182,104,17,82,23,189,81,112,93,19,26,176,2,12,49,170,95,38,139,65,20,51,50,21,48,146,4,84,67,32,72,163,25,70,41,142,117,77,46,156,71,165,144,184,8,173,18,86,110,101,59,80,100,30,134,148,11,97,58,54,151,7,191,181,68,123,44,131,158,62,195,119,43,39,107,55,14,13,111,52,89,75,129,15,135,53,183,69,159,164,90,28,155,73,99,106,136,115,152,35,161,102,137,133,76,122,116,16,125,145,140,92,108,192,40,169,194,29,154,60,177,27,185,127,96,171,141,98,114,64,79,179,47,88,5,186,199,83,153,166,24,150,10,187,175,57,197,168,31,56,63];False
2351;6976;9327;[34,198,94,190,109,118,6,193,172,132,130,22,147,0,85,113,66,157,103,105,74,188,87,37,174,149,167,61,45,138,178,9,78,128,42,120,3,121,162,126,143,160,91,1,33,124,180,196,36,182,104,17,82,23,189,81,52,93,19,26,176,46,12,49,170,95,38,139,65,20,51,50,21,48,146,4,84,67,32,72,163,25,70,41,142,117,77,2,156,71,165,144,184,8,173,18,86,110,101,59,80,100,30,134,148,11,97,58,54,151,7,191,181,68,123,44,131,158,62,195,119,43,39,107,55,14,13,111,112,89,75,129,15,135,53,183,69,159,164,90,28,155,73,99,106,136,115,152,35,161,102,137,133,76,122,116,16,125,145,140,92,108,192,40,169,194,29,154,60,177,27,185,127,96,171,141,98,114,64,79,179,47,88,5,186,199,83,153,166,24,150,10,187,175,57,197,168,31,56,63];False
2362;6974;9336;[34,198,94,190,109,118,6,193,172,132,130,22,147,0,85,113,66,157,103,105,74,188,87,37,174,149,167,61,45,138,178,9,78,128,42,120,3,121,162,126,143,160,91,1,33,124,180,196,36,182,104,17,82,23,189,81,112,93,19,26,176,46,12,49,170,95,38,139,65,20,51,50,21,155,146,4,84,67,32,72,163,25,70,41,142,117,77,2,156,71,165,144,184,8,173,18,86,110,101,59,80,100,30,134,148,11,97,58,54,151,7,191,181,68,123,44,131,158,62,195,119,43,39,107,55,14,13,111,52,89,75,129,15,135,53,183,69,159,164,90,28,48,73,99,106,136,115,152,35,161,102,137,133,76,122,116,16,125,145,140,92,108,192,40,169,194,29,154,60,177,27,185,127,96,171,141,98,114,64,79,179,47,88,5,186,199,83,153,166,24,150,10,187,175,57,197,168,31,56,63];False
2346;6977;9323;[34,198,94,190,109,118,6,193,172,132,130,22,147,0,85,113,66,157,103,105,74,188,87,37,174,149,167,61,45,138,178,9,78,128,42,120,3,121,162,126,143,160,91,1,33,124,180,196,36,182,104,17,82,23,189,81,112,93,19,26,176,46,12,49,170,95,38,139,65,20,51,50,21,48,146,4,84,67,32,72,163,25,70,41,142,117,77,57,156,71,165,144,184,8,173,18,86,110,101,59,80,100,30,134,148,11,97,58,54,151,7,191,181,68,123,44,131,158,62,195,119,43,39,107,55,14,13,111,52,89,75,129,15,135,53,183,69,159,164,90,28,155,73,99,106,136,115,152,35,161,102,137,133,76,122,116,16,125,145,140,92,108,192,40,169,194,29,154,60,177,27,185,127,96,171,141,98,114,64,79,179,47,88,5,186,199,83,153,166,24,150,10,187,175,2,197,168,31,56,63];False
2255;7010;9265;[34,198,174,190,109,125,149,193,172,132,130,22,147,6,85,113,66,157,103,105,74,188,87,37,94,0,167,61,45,138,178,9,78,128,42,120,3,121,162,126,143,160,91,1,33,124,180,196,36,182,104,17,82,23,189,81,112,93,19,26,176,46,12,49,170,95,38,139,65,20,51,50,21,48,146,4,84,67,32,72,163,25,70,41,142,117,77,2,156,71,165,144,184,8,173,18,137,158,101,59,80,100,30,134,148,11,97,58,54,151,7,191,181,68,123,44,131,110,62,195,119,43,39,107,55,14,13,111,52,89,75,129,15,135,53,183,69,159,164,90,28,155,73,99,106,136,115,152,35,161,102,86,133,76,122,116,16,118,145,140,92,108,192,40,169,194,29,154,60,177,27,185,127,96,171,141,98,114,64,79,179,47,88,5,186,199,83,153,166,24,150,10,187,175,57,197,168,31,56,63];False
2250;7010;9260;[34,198,174,190,109,118,129,193,172,132,130,22,147,6,85,113,66,157,103,105,74,188,87,37,94,0,167,61,45,138,178,9,78,128,42,120,3,121,162,126,143,160,91,1,33,124,180,196,36,182,104,17,82,23,189,81,112,93,19,26,176,46,12,49,170,95,38,139,65,20,51,50,21,48,146,4,84,67,32,72,163,25,70,41,142,117,77,2,156,71,165,144,184,8,173,18,137,158,101,59,80,100,30,134,148,11,97,58,54,151,7,191,181,68,123,44,131,110,62,195,119,43,39,107,55,14,13,111,52,89,75,149,15,135,53,183,69,159,164,90,28,155,73,99,106,136,115,152,35,161,102,86,133,76,122,116,16,125,145,140,92,108,192,40,169,194,29,154,60,177,27,185,127,96,171,141,98,114,64,79,179,47,88,5,186,199,83,153,166,24,150,10,187,175,57,197,168,31,56,63];False
2215;7014;9229;[34,198,174,190,109,118,149,193,172,132,130,22,147,6,182,113,66,157,103,105,74,188,87,37,94,0,167,61,45,138,178,9,78,128,42,120,3,121,162,126,143,160,91,1,33,124,180,196,36,85,104,17,82,23,189,81,112,93,19,26,176,46,12,49,170,95,38,139,65,20,51,50,21,48,146,4,84,67,32,72,163,25,70,41,142,117,77,2,156,71,165,144,184,8,173,18,137,158,101,59,80,100,30,134,148,11,97,58,54,151,7,191,181,68,123,44,131,110,62,195,119,43,39,107,55,14,13,111,52,89,75,129,15,135,53,183,69,159,164,90,28,155,73,99,106,136,115,152,35,161,102,86,133,76,122,116,16,125,145,140,92,108,192,40,169,194,29,154,60,177,27,185,127,96,171,141,98,114,64,79,179,47,88,5,186,199,83,153,166,24,150,10,187,175,57,197,168,31,56,63];True
2208;7032;9240;[34,198,174,190,109,118,149,193,172,132,130,22,147,6,85,113,66,157,103,105,74,188,87,37,94,0,167,61,45,138,178,9,78,128,134,120,3,121,162,126,143,160,91,1,33,124,180,196,36,182,104,17,82,23,189,81,112,93,19,26,176,46,12,49,170,95,38,139,65,20,51,50,21,48,146,4,84,67,32,72,163,25,70,41,142,117,77,2,156,71,165,144,184,8,173,18,137,158,101,59,80,100,30,42,148,11,97,58,54,151,7,191,181,68,123,44,131,110,62,195,119,43,39,107,55,14,13,111,52,89,75,129,15,135,53,183,69,159,164,90,28,155,73,99,106,136,115,152,35,161,102,86,133,76,122,116,16,125,145,140,92,108,192,40,169,194,29,154,60,177,27,185,127,96,171,141,98,114,64,79,179,47,88,5,186,199,83,153,166,24,150,10,187,175,57,197,168,31,56,63];False
2263;7009;9272;[34,198,174,190,109,118,149,193,172,132,130,22,147,6,85,113,66,157,103,105,74,188,87,37,94,0,167,61,45,138,178,9,78,128,54,120,3,121,162,126,143,160,91,1,33,124,180,196,36,182,104,17,82,23,189,81,112,93,19,26,176,46,12,49,170,95,38,139,65,20,51,50,21,48,146,4,84,67,32,72,163,25,70,41,142,117,77,2,156,71,165,144,184,8,173,18,137,158,101,59,80,100,30,134,148,11,97,58,42,151,7,191,181,68,123,44,131,110,62,195,119,43,39,107,55,14,13,111,52,89,75,129,15,135,53,183,69,159,164,90,28,155,73,99,106,136,115,152,35,161,102,86,133,76,122,116,16,125,145,140,92,108,192,40,169,194,29,154,60,177,27,185,127,96,171,141,98,114,64,79,179,47,88,5,186,199,83,153,166,24,150,10,187,175,57,197,168,31,56,63];False
2246;7007;9253;[34,198,174,190,109,118,149,193,172,132,130,22,147,6,85,113,66,157,103,105,74,188,87,37,94,0,167,61,45,138,178,9,78,128,42,120,3,121,162,126,143,160,91,1,33,124,180,196,36,182,104,17,82,23,189,81,52,93,19,26,176,46,12,49,170,95,38,139,65,20,51,50,21,48,146,4,84,67,32,72,163,25,70,41,142,117,77,2,156,71,165,144,184,8,173,18,137,158,101,59,80,100,30,134,148,11,97,58,54,151,7,191,181,68,123,44,131,110,62,195,119,43,39,107,55,14,13,111,112,89,75,129,15,135,53,183,69,159,164,90,28,155,73,99,106,136,115,152,35,161,102,86,133,76,122,116,16,125,145,140,92,108,192,40,169,194,29,154,60,177,27,185,127,96,171,141,98,114,64,79,179,47,88,5,186,199,83,153,166,24,150,10,187,175,57,197,168,31,56,63];False
2269;7000;9269;[34,198,174,190,109,118,149,193,172,132,130,22,147,6,85,113,66,157,103,105,74,188,87,37,94,0,167,61,45,138,178,9,78,128,42,120,3,121,162,126,143,160,91,1,33,124,180,196,36,182,104,17,82,23,189,81,112,93,19,26,176,2,12,49,170,95,38,139,65,20,51,50,21,48,146,4,84,67,32,72,163,25,70,41,142,117,77,46,156,71,165,144,184,8,173,18,137,158,101,59,80,100,30,134,148,11,97,58,54,151,7,191,181,68,123,44,131,110,62,195,119,43,39,107,55,14,13,111,52,89,75,129,15,135,53,183,69,159,164,90,28,155,73,99,106,136,115,152,35,161,102,86,133,76,122,116,16,125,145,140,92,108,192,40,169,194,29,154,60,177,27,185,127,96,171,141,98,114,64,79,179,47,88,5,186,199,83,153,166,24,150,10,187,175,57,197,168,31,56,63];False
2205;7030;9235;[34,198,174,190,109,118,149,193,172,132,130,22,147,6,85,113,66,157,103,105,74,188,87,37,94,0,167,61,45,138,178,9,78,128,42,120,3,121,162,126,143,160,91,1,33,124,180,196,36,182,104,17,82,23,189,81,112,93,19,26,176,46,35,49,170,95,38,139,65,20,51,50,21,48,146,4,84,67,32,72,163,25,70,41,142,117,77,2,156,71,165,144,184,8,173,18,137,158,101,59,80,100,30,134,148,11,97,58,54,151,7,191,181,68,123,44,131,110,62,195,119,43,39,107,55,14,13,111,52,89,75,129,15,135,53,183,69,159,164,90,28,155,73,99,106,136,115,152,12,161,102,86,133,76,122,116,16,125,145,140,92,108,192,40,169,194,29,154,60,177,27,185,127,96,171,141,98,114,64,79,179,47,88,5,186,199,83,153,166,24,150,10,187,175,57,197,168,31,56,63];True
2257;7005;9262;[34,198,174,190,109,118,149,193,172,132,130,22,147,6,85,113,66,157,103,105,74,188,87,37,94,0,167,61,45,138,178,9,78,128,42,120,3,121,162,126,143,160,91,1,33,124,180,196,36,182,104,17,82,23,189,81,112,93,19,26,176,46,12,49,170,95,38,139,65,20,51,50,21,155,146,4,84,67,32,72,163,25,70,41,142,117,77,2,156,71,165,144,184,8,173,18,137,158,101,59,80,100,30,134,148,11,97,58,54,151,7,191,181,68,123,44,131,110,62,195,119,43,39,107,55,14,13,111,52,89,75,129,15,135,53,183,69,159,164,90,28,48,73,99,106,136,115,152,35,161,102,86,133,76,122,116,16,125,145,140,92,108,192,40,169,194,29,154,60,177,27,185,127,96,171,141,98,114,64,79,179,47,88,5,186,199,83,153,166,24,150,10,187,175,57,197,168,31,56,63];False
2197;7034;9231;[34,198,174,190,109,118,149,193,172,132,130,22,147,6,85,113,66,157,103,105,74,188,87,37,94,0,167,61,45,138,178,9,78,128,42,120,3,121,162,126,143,160,91,1,33,124,180,196,36,182,104,17,82,23,189,81,112,93,19,26,176,46,12,49,170,95,38,139,65,20,51,50,21,48,146,4,84,67,32,72,137,25,70,41,142,117,77,2,156,71,165,144,184,8,173,18,163,158,101,59,80,100,30,134,148,11,97,58,54,151,7,191,181,68,123,44,131,110,62,195,119,43,39,107,55,14,13,111,52,89,75,129,15,135,53,183,69,159,164,90,28,155,73,99,106,136,115,152,35,161,102,86,133,76,122,116,16,125,145,140,92,108,192,40,169,194,29,154,60,177,27,185,127,96,171,141,98,114,64,79,179,47,88,5,186,199,83,153,166,24,150,10,187,175,57,197,168,31,56,63];False
2241;7008;9249;[34,198,174,190,109,118,149,193,172,132,130,22,147,6,85,113,66,157,103,105,74,188,87,37,94,0,167,61,45,138,178,9,78,128,42,120,3,121,162,126,143,160,91,1,33,124,180,196,36,182,104,17,82,23,189,81,112,93,19,26,176,46,12,49,170,95,38,139,65,20,51,50,21,48,146,4,84,67,32,72,163,25,70,41,142,117,77,57,156,71,165,144,184,8,173,18,137,158,101,59,80,100,30,134,148,11,97,58,54,151,7,191,181,68,123,44,131,110,62,195,119,43,39,107,55,14,13,111,52,89,75,129,15,135,53,183,69,159,164,90,28,155,73,99,106,136,115,152,35,161,102,86,133,76,122,116,16,125,145,140,92,108,192,40,169,194,29,154,60,177,27,185,127,96,171,141,98,114,64,79,179,47,88,5,186,199,83,153,166,24,150,10,187,175,2,197,168,31,56,63];False
2248;7002;9250;[34,198,174,190,109,118,149,193,172,132,130,22,147,6,85,113,66,157,103,105,74,188,87,37,94,0,167,61,45,138,178,9,78,128,42,120,3,121,162,126,143,160,91,1,33,124,180,196,36,182,104,17,82,23,189,81,112,93,19,26,176,46,12,49,170,95,38,139,65,20,51,50,21,48,146,4,84,67,32,72,163,25,70,41,142,117,77,2,156,71,165,144,184,8,173,18,137,110,101,59,80,100,30,134,148,11,97,58,54,151,7,191,181,68,123,44,131,158,62,195,119,43,39,107,55,14,13,111,52,89,75,129,15,135,53,183,69,159,164,90,28,155,73,99,106,136,115,152,35,161,102,86,133,76,122,116,16,125,145,140,92,108,192,40,169,194,29,154,60,177,27,185,127,96,171,141,98,114,64,79,179,47,88,5,186,199,83,153,166,24,150,10,187,175,57,197,168,31,56,63];False
2325;6981;9306;[34,198,174,190,109,118,6,193,172,132,130,22,147,0,85,113,66,157,103,105,74,188,87,37,94,149,167,61,45,138,178,9,78,128,42,120,3,121,162,126,143,160,91,1,33,124,180,196,36,182,104,17,82,23,189,81,52,93,19,26,176,46,12,49,170,95,38,139,65,20,51,50,21,48,146,4,84,67,32,72,163,25,70,41,142,117,77,2,156,71,165,144,184,8,173,18,86,110,101,59,80,100,30,134,148,11,97,58,54,151,7,191,181,68,123,44,131,158,62,195,119,43,39,107,55,14,13,111,112,89,75,129,15,135,53,183,69,159,164,90,28,155,73,99,106,136,115,152,35,161,102,137,133,76,122,116,16,125,145,140,92,108,192,40,169,194,29,154,60,177,27,185,127,96,171,141,98,114,64,79,179,47,88,5,186,199,83,153,166,24,150,10,187,175,57,197,168,31,56,63];False
2348;6974;9322;[34,198,174,190,109,118,6,193,172,132,130,22,147,0,85,113,66,157,103,105,74,188,87,37,94,149,167,61,45,138,178,9,78,128,42,120,3,121,162,126,143,160,91,1,33,124,180,196,36,182,104,17,82,23,189,81,112,93,19,26,176,2,12,49,170,95,38,139,65,20,51,50,21,48,146,4,84,67,32,72,163,25,70,41,142,117,77,46,156,71,165,144,184,8,173,18,86,110,101,59,80,100,30,134,148,11,97,58,54,151,7,191,181,68,123,44,131,158,62,195,119,43,39,107,55,14,13,111,52,89,75,129,15,135,53,183,69,159,164,90,28,155,73,99,106,136,115,152,35,161,102,137,133,76,122,116,16,125,145,140,92,108,192,40,169,194,29,154,60,177,27,185,127,96,171,141,98,114,64,79,179,47,88,5,186,199,83,153,166,24,150,10,187,175,57,197,168,31,56,63];False
2336;6979;9315;[34,198,174,190,109,118,6,193,172,132,130,22,147,0,85,113,66,157,103,105,74,188,87,37,94,149,167,61,45,138,178,9,78,128,42,120,3,121,162,126,143,160,91,1,33,124,180,196,36,182,104,17,82,23,189,81,112,93,19,26,176,46,12,49,170,95,38,139,65,20,51,50,21,155,146,4,84,67,32,72,163,25,70,41,142,117,77,2,156,71,165,144,184,8,173,18,86,110,101,59,80,100,30,134,148,11,97,58,54,151,7,191,181,68,123,44,131,158,62,195,119,43,39,107,55,14,13,111,52,89,75,129,15,135,53,183,69,159,164,90,28,48,73,99,106,136,115,152,35,161,102,137,133,76,122,116,16,125,145,140,92,108,192,40,169,194,29,154,60,177,27,185,127,96,171,141,98,114,64,79,179,47,88,5,186,199,83,153,166,24,150,10,187,175,57,197,168,31,56,63];False
2403;6963;9366;[34,198,174,190,109,118,6,193,172,132,130,22,147,0,85,113,66,157,103,105,74,188,87,37,94,149,167,61,45,138,178,9,78,128,42,120,3,121,162,126,143,160,91,1,33,124,180,196,36,182,104,17,82,23,189,81,112,93,19,26,176,46,12,49,170,95,38,139,65,20,51,50,21,48,146,4,84,67,32,72,163,25,70,41,142,117,77,144,156,71,165,2,184,8,173,18,86,110,101,59,80,100,30,134,148,11,97,58,54,151,7,191,181,68,123,44,131,158,62,195,119,43,39,107,55,14,13,111,52,89,75,129,15,135,53,183,69,159,164,90,28,155,73,99,106,136,115,152,35,161,102,137,133,76,122,116,16,125,145,140,92,108,192,40,169,194,29,154,60,177,27,185,127,96,171,141,98,114,64,79,179,47,88,5,186,199,83,153,166,24,150,10,187,175,57,197,168,31,56,63];False
2320;6982;9302;[34,198,174,190,109,118,6,193,172,132,130,22,147,0,85,113,66,157,103,105,74,188,87,37,94,149,167,61,45,138,178,9,78,128,42,120,3,121,162,126,143,160,91,1,33,124,180,196,36,182,104,17,82,23,189,81,112,93,19,26,176,46,12,49,170,95,38,139,65,20,51,50,21,48,146,4,84,67,32,72,163,25,70,41,142,117,77,57,156,71,165,144,184,8,173,18,86,110,101,59,80,100,30,134,148,11,97,58,54,151,7,191,181,68,123,44,131,158,62,195,119,43,39,107,55,14,13,111,52,89,75,129,15,135,53,183,69,159,164,90,28,155,73,99,106,136,115,152,35,161,102,137,133,76,122,116,16,125,145,140,92,108,192,40,169,194,29,154,60,177,27,185,127,96,171,141,98,114,64,79,179,47,88,5,186,199,83,153,166,24,150,10,187,175,2,197,168,31,56,63];False
2368;6973;9341;[34,198,94,190,109,118,6,193,172,132,130,22,147,0,85,113,66,157,103,105,74,188,87,37,174,149,167,61,45,138,178,9,78,128,42,120,3,121,162,126,143,160,91,1,33,124,180,196,36,182,104,17,82,23,189,81,52,93,19,26,176,46,12,49,170,95,38,139,65,20,51,50,21,48,146,4,84,67,32,72,163,25,70,41,142,117,77,57,156,71,165,144,184,8,173,18,86,110,101,59,80,100,30,134,148,11,97,58,54,151,7,191,181,68,123,44,131,158,62,195,119,43,39,107,55,14,13,111,112,89,75,129,15,135,53,183,69,159,164,90,28,155,73,99,106,136,115,152,35,161,102,137,133,76,122,116,16,125,145,140,92,108,192,40,169,194,29,154,60,177,27,185,127,96,171,141,98,114,64,79,179,47,88,5,186,199,83,153,166,24,150,10,187,175,2,197,168,31,56,63];False
2208;7022;9230;[34,198,174,190,109,118,149,193,172,132,130,22,147,75,182,113,66,157,103,105,74,188,87,37,94,0,167,61,45,138,178,9,78,128,42,120,3,121,162,126,143,160,91,1,33,124,180,196,36,85,104,17,82,23,189,81,112,93,19,26,176,46,12,49,170,95,38,139,65,20,51,50,21,48,146,4,84,67,32,72,163,25,70,41,142,117,77,2,156,71,165,144,184,8,173,18,137,158,101,59,80,100,30,134,148,11,97,58,54,151,7,191,181,68,123,44,131,110,62,195,119,43,39,107,55,14,13,111,52,89,6,129,15,135,53,183,69,159,164,90,28,155,73,99,106,136,115,152,35,161,102,86,133,76,122,116,16,125,145,140,92,108,192,40,169,194,29,154,60,177,27,185,127,96,171,141,98,114,64,79,179,47,88,5,186,199,83,153,166,24,150,10,187,175,57,197,168,31,56,63];True
2278;6998;9276;[34,198,174,190,109,118,149,193,172,132,130,22,147,6,182,2,66,157,103,105,74,188,87,37,94,0,167,61,45,138,178,9,78,128,42,120,3,121,162,126,143,160,91,1,33,124,180,196,36,85,104,17,82,23,189,81,112,93,19,26,176,46,12,49,170,95,38,139,65,20,51,50,21,48,146,4,84,67,32,72,163,25,70,41,142,117,77,113,156,71,165,144,184,8,173,18,137,158,101,59,80,100,30,134,148,11,97,58,54,151,7,191,181,68,123,44,131,110,62,195,119,43,39,107,55,14,13,111,52,89,75,129,15,135,53,183,69,159,164,90,28,155,73,99,106,136,115,152,35,161,102,86,133,76,122,116,16,125,145,140,92,108,192,40,169,194,29,154,60,177,27,185,127,96,171,141,98,114,64,79,179,47,88,5,186,199,83,153,166,24,150,10,187,175,57,197,168,31,56,63];False
2237;7010;9247;[34,198,174,190,109,118,149,193,172,132,130,22,147,6,182,113,66,157,103,105,74,188,87,37,94,0,167,61,45,138,178,9,78,128,42,120,3,121,162,126,143,160,91,1,33,124,180,196,36,85,104,17,82,23,189,81,52,93,19,26,176,46,12,49,170,95,38,139,65,20,51,50,21,48,146,4,84,67,32,72,163,25,70,41,142,117,77,2,156,71,165,144,184,8,173,18,137,158,101,59,80,100,30,134,148,11,97,58,54,151,7,191,181,68,123,44,131,110,62,195,119,43,39,107,55,14,13,111,112,89,75,129,15,135,53,183,69,159,164,90,28,155,73,99,106,136,115,152,35,161,102,86,133,76,122,116,16,125,145,140,92,108,192,40,169,194,29,154,60,177,27,185,127,96,171,141,98,114,64,79,179,47,88,5,186,199,83,153,166,24,150,10,187,175,57,197,168,31,56,63];True
2196;7033;9229;[34,198,174,190,109,118,149,193,172,132,130,22,147,6,182,113,66,157,103,105,74,188,87,37,94,0,167,61,45,138,178,9,78,128,42,120,3,121,162,126,143,160,91,1,33,124,180,196,36,85,104,17,82,23,189,81,112,93,19,26,176,46,35,49,170,95,38,139,65,20,51,50,21,48,146,4,84,67,32,72,163,25,70,41,142,117,77,2,156,71,165,144,184,8,173,18,137,158,101,59,80,100,30,134,148,11,97,58,54,151,7,191,181,68,123,44,131,110,62,195,119,43,39,107,55,14,13,111,52,89,75,129,15,135,53,183,69,159,164,90,28,155,73,99,106,136,115,152,12,161,102,86,133,76,122,116,16,125,145,140,92,108,192,40,169,194,29,154,60,177,27,185,127,96,171,141,98,114,64,79,179,47,88,5,186,199,83,153,166,24,150,10,187,175,57,197,168,31,56,63];True
2188;7037;9225;[34,198,174,190,109,118,149,193,172,132,130,22,147,6,182,113,66,157,103,105,74,188,87,37,94,0,167,61,45,138,178,9,78,128,42,120,3,121,162,126,143,160,91,1,33,124,180,196,36,85,104,17,82,23,189,81,112,93,19,26,176,46,12,49,170,95,38,139,65,20,51,50,21,48,146,4,84,67,32,72,137,25,70,41,142,117,77,2,156,71,165,144,184,8,173,18,163,158,101,59,80,100,30,134,148,11,97,58,54,151,7,191,181,68,123,44,131,110,62,195,119,43,39,107,55,14,13,111,52,89,75,129,15,135,53,183,69,159,164,90,28,155,73,99,106,136,115,152,35,161,102,86,133,76,122,116,16,125,145,140,92,108,192,40,169,194,29,154,60,177,27,185,127,96,171,141,98,114,64,79,179,47,88,5,186,199,83,153,166,24,150,10,187,175,57,197,168,31,56,63];True
2239;7005;9244;[34,198,174,190,109,118,149,193,172,132,130,22,147,6,182,113,66,157,103,105,74,188,87,37,94,0,167,61,45,138,178,9,78,128,42,120,3,121,162,126,143,160,91,1,33,124,180,196,36,85,104,17,82,23,189,81,112,93,19,26,176,46,12,49,170,95,38,139,65,20,51,50,21,48,146,4,84,67,32,72,163,25,70,41,142,117,77,2,156,71,165,144,184,8,173,18,137,110,101,59,80,100,30,134,148,11,97,58,54,151,7,191,181,68,123,44,131,158,62,195,119,43,39,107,55,14,13,111,52,89,75,129,15,135,53,183,69,159,164,90,28,155,73,99,106,136,115,152,35,161,102,86,133,76,122,116,16,125,145,140,92,108,192,40,169,194,29,154,60,177,27,185,127,96,171,141,98,114,64,79,179,47,88,5,186,199,83,153,166,24,150,10,187,175,57,197,168,31,56,63];True
2206;7027;9233;[34,198,174,190,109,118,149,193,172,132,130,22,147,6,182,113,66,157,103,105,74,188,87,37,94,0,167,61,45,138,178,9,78,128,42,120,3,121,162,126,143,160,91,1,33,124,180,196,36,85,104,17,82,23,189,81,112,93,19,26,176,46,12,49,170,95,38,139,65,20,51,50,21,48,146,4,84,67,32,72,163,25,70,41,142,117,77,2,156,71,165,144,184,8,173,18,137,158,101,59,80,100,30,134,148,11,97,58,54,151,7,191,181,68,123,44,131,110,62,195,119,43,175,107,55,14,13,111,52,89,75,129,15,135,53,183,69,159,164,90,28,155,73,99,106,136,115,152,35,161,102,86,133,76,122,116,16,125,145,140,92,108,192,40,169,194,29,154,60,177,27,185,127,96,171,141,98,114,64,79,179,47,88,5,186,199,83,153,166,24,150,10,187,39,57,197,168,31,56,63];True
2291;6996;9287;[34,198,174,190,109,118,149,193,172,132,130,22,147,6,85,113,66,157,103,105,74,188,87,37,94,0,167,61,45,138,178,9,78,128,42,120,3,121,162,126,143,160,91,1,33,124,180,196,36,182,104,17,82,23,189,81,52,93,19,26,176,2,12,49,170,95,38,139,65,20,51,50,21,48,146,4,84,67,32,72,163,25,70,41,142,117,77,46,156,71,165,144,184,8,173,18,137,158,101,59,80,100,30,134,148,11,97,58,54,151,7,191,181,68,123,44,131,110,62,195,119,43,39,107,55,14,13,111,112,89,75,129,15,135,53,183,69,159,164,90,28,155,73,99,106,136,115,152,35,161,102,86,133,76,122,116,16,125,145,140,92,108,192,40,169,194,29,154,60,177,27,185,127,96,171,141,98,114,64,79,179,47,88,5,186,199,83,153,166,24,150,10,187,175,57,197,168,31,56,63];False
2293;6991;9284;[34,198,174,190,109,118,149,193,172,132,130,22,147,6,85,113,66,157,103,105,74,188,87,37,94,0,167,61,45,138,178,9,78,128,42,120,3,121,162,126,143,160,91,1,33,124,180,196,36,182,104,17,82,23,189,81,112,93,19,26,176,2,12,49,170,95,38,139,65,20,51,50,21,48,146,4,84,67,32,72,163,25,70,41,142,117,77,46,156,71,165,144,184,8,173,18,137,110,101,59,80,100,30,134,148,11,97,58,54,151,7,191,181,68,123,44,131,158,62,195,119,43,39,107,55,14,13,111,52,89,75,129,15,135,53,183,69,159,164,90,28,155,73,99,106,136,115,152,35,161,102,86,133,76,122,116,16,125,145,140,92,108,192,40,169,194,29,154,60,177,27,185,127,96,171,141,98,114,64,79,179,47,88,5,186,199,83,153,166,24,150,10,187,175,57,197,168,31,56,63];False
2270;6998;9268;[34,198,174,190,109,118,149,193,172,132,130,22,147,6,85,113,66,157,103,105,74,188,87,37,94,0,167,61,45,138,178,9,78,128,42,120,3,121,162,126,143,160,91,1,33,124,180,196,36,182,104,17,82,23,189,81,52,93,19,26,176,46,12,49,170,95,38,139,65,20,51,50,21,48,146,4,84,67,32,72,163,25,70,41,142,117,77,2,156,71,165,144,184,8,173,18,137,110,101,59,80,100,30,134,148,11,97,58,54,151,7,191,181,68,123,44,131,158,62,195,119,43,39,107,55,14,13,111,112,89,75,129,15,135,53,183,69,159,164,90,28,155,73,99,106,136,115,152,35,161,102,86,133,76,122,116,16,125,145,140,92,108,192,40,169,194,29,154,60,177,27,185,127,96,171,141,98,114,64,79,179,47,88,5,186,199,83,153,166,24,150,10,187,175,57,197,168,31,56,63];False
2281;6996;9277;[34,198,174,190,109,118,149,193,172,132,130,22,147,6,85,113,66,157,103,105,74,188,87,37,94,0,167,61,45,138,178,9,78,128,42,120,3,121,162,126,143,160,91,1,33,124,180,196,36,182,104,17,82,23,189,81,112,93,19,26,176,46,12,49,170,95,38,139,65,20,51,50,21,155,146,4,84,67,32,72,163,25,70,41,142,117,77,2,156,71,165,144,184,8,173,18,137,110,101,59,80,100,30,134,148,11,97,58,54,151,7,191,181,68,123,44,131,158,62,195,119,43,39,107,55,14,13,111,52,89,75,129,15,135,53,183,69,159,164,90,28,48,73,99,106,136,115,152,35,161,102,86,133,76,122,116,16,125,145,140,92,108,192,40,169,194,29,154,60,177,27,185,127,96,171,141,98,114,64,79,179,47,88,5,186,199,83,153,166,24,150,10,187,175,57,197,168,31,56,63];False
2265;6999;9264;[34,198,174,190,109,118,149,193,172,132,130,22,147,6,85,113,66,157,103,105,74,188,87,37,94,0,167,61,45,138,178,9,78,128,42,120,3,121,162,126,143,160,91,1,33,124,180,196,36,182,104,17,82,23,189,81,112,93,19,26,176,46,12,49,170,95,38,139,65,20,51,50,21,48,146,4,84,67,32,72,163,25,70,41,142,117,77,57,156,71,165,144,184,8,173,18,137,110,101,59,80,100,30,134,148,11,97,58,54,151,7,191,181,68,123,44,131,158,62,195,119,43,39,107,55,14,13,111,52,89,75,129,15,135,53,183,69,159,164,90,28,155,73,99,106,136,115,152,35,161,102,86,133,76,122,116,16,125,145,140,92,108,192,40,169,194,29,154,60,177,27,185,127,96,171,141,98,114,64,79,179,47,88,5,186,199,83,153,166,24,150,10,187,175,2,197,168,31,56,63];False
2254;6995;9249;[34,198,174,190,109,118,149,193,172,132,130,22,147,6,85,113,66,157,103,105,74,188,87,37,94,0,167,61,45,138,178,9,78,128,42,120,3,121,162,126,143,160,91,1,33,124,180,196,36,182,104,17,82,23,189,81,112,93,19,26,176,46,12,49,170,95,38,139,65,20,51,50,21,48,146,4,84,67,32,72,163,25,70,41,142,117,77,2,156,71,165,144,184,8,173,18,86,110,101,59,80,100,30,134,148,11,97,58,54,151,7,191,181,68,123,44,131,158,62,195,119,43,39,107,55,14,13,111,52,89,75,129,15,135,53,183,69,159,164,90,28,155,73,99,106,136,115,152,35,161,102,137,133,76,122,116,16,125,145,140,92,108,192,40,169,194,29,154,60,177,27,185,127,96,171,141,98,114,64,79,179,47,88,5,186,199,83,153,166,24,150,10,187,175,57,197,168,31,56,63];True
2370;6970;9340;[34,198,174,190,109,118,6,193,172,132,130,22,147,0,85,113,66,157,103,105,74,188,87,37,94,149,167,61,45,138,178,9,78,128,42,120,3,121,162,126,143,160,91,1,33,124,180,196,36,182,104,17,82,23,189,81,52,93,19,26,176,2,12,49,170,95,38,139,65,20,51,50,21,48,146,4,84,67,32,72,163,25,70,41,142,117,77,46,156,71,165,144,184,8,173,18,86,110,101,59,80,100,30,134,148,11,97,58,54,151,7,191,181,68,123,44,131,158,62,195,119,43,39,107,55,14,13,111,112,89,75,129,15,135,53,183,69,159,164,90,28,155,73,99,106,136,115,152,35,161,102,137,133,76,122,116,16,125,145,140,92,108,192,40,169,194,29,154,60,177,27,185,127,96,171,141,98,114,64,79,179,47,88,5,186,199,83,153,166,24,150,10,187,175,57,197,168,31,56,63];False
2342;6978;9320;[34,198,174,190,109,118,6,193,172,132,130,22,147,0,85,113,66,157,103,105,74,188,87,37,94,149,167,61,45,138,178,9,78,128,42,120,3,121,162,126,143,160,91,1,33,124,180,196,36,182,104,17,82,23,189,81,52,93,19,26,176,46,12,49,170,95,38,139,65,20,51,50,21,48,146,4,84,67,32,72,163,25,70,41,142,117,77,57,156,71,165,144,184,8,173,18,86,110,101,59,80,100,30,134,148,11,97,58,54,151,7,191,181,68,123,44,131,158,62,195,119,43,39,107,55,14,13,111,112,89,75,129,15,135,53,183,69,159,164,90,28,155,73,99,106,136,115,152,35,161,102,137,133,76,122,116,16,125,145,140,92,108,192,40,169,194,29,154,60,177,27,185,127,96,171,141,98,114,64,79,179,47,88,5,186,199,83,153,166,24,150,10,187,175,2,197,168,31,56,63];False
2381;6968;9349;[34,198,174,190,109,118,6,193,172,132,130,22,147,0,85,113,66,157,103,105,74,188,87,37,94,149,167,61,45,138,178,9,78,128,42,120,3,121,162,126,143,160,91,1,33,124,180,196,36,182,104,17,82,23,189,81,112,93,19,26,176,2,12,49,170,95,38,139,65,20,51,50,21,155,146,4,84,67,32,72,163,25,70,41,142,117,77,46,156,71,165,144,184,8,173,18,86,110,101,59,80,100,30,134,148,11,97,58,54,151,7,191,181,68,123,44,131,158,62,195,119,43,39,107,55,14,13,111,52,89,75,129,15,135,53,183,69,159,164,90,28,48,73,99,106,136,115,152,35,161,102,137,133,76,122,116,16,125,145,140,92,108,192,40,169,194,29,154,60,177,27,185,127,96,171,141,98,114,64,79,179,47,88,5,186,199,83,153,166,24,150,10,187,175,57,197,168,31,56,63];False
2369;6972;9341;[34,198,174,190,109,118,6,193,172,132,130,22,147,0,85,144,66,157,103,105,74,188,87,37,94,149,167,61,45,138,178,9,78,128,42,120,3,121,162,126,143,160,91,1,33,124,180,196,36,182,104,17,82,23,189,81,112,93,19,26,176,46,12,49,170,95,38,139,65,20,51,50,21,48,146,4,84,67,32,72,163,25,70,41,142,117,77,113,156,71,165,2,184,8,173,18,86,110,101,59,80,100,30,134,148,11,97,58,54,151,7,191,181,68,123,44,131,158,62,195,119,43,39,107,55,14,13,111,52,89,75,129,15,135,53,183,69,159,164,90,28,155,73,99,106,136,115,152,35,161,102,137,133,76,122,116,16,125,145,140,92,108,192,40,169,194,29,154,60,177,27,185,127,96,171,141,98,114,64,79,179,47,88,5,186,199,83,153,166,24,150,10,187,175,57,197,168,31,56,63];False
2181;7045;9226;[34,198,174,190,109,118,149,193,172,132,130,22,147,75,182,113,66,157,103,105,74,188,87,37,94,0,167,61,45,138,178,9,78,128,42,120,3,121,162,126,143,160,91,1,33,124,180,196,36,85,104,17,82,23,189,81,112,93,19,26,176,46,12,49,170,95,38,139,65,20,51,50,21,48,146,4,84,67,32,72,137,25,70,41,142,117,77,2,156,71,165,144,184,8,173,18,163,158,101,59,80,100,30,134,148,11,97,58,54,151,7,191,181,68,123,44,131,110,62,195,119,43,39,107,55,14,13,111,52,89,6,129,15,135,53,183,69,159,164,90,28,155,73,99,106,136,115,152,35,161,102,86,133,76,122,116,16,125,145,140,92,108,192,40,169,194,29,154,60,177,27,185,127,96,171,141,98,114,64,79,179,47,88,5,186,199,83,153,166,24,150,10,187,175,57,197,168,31,56,63];True
2167;7048;9215;[34,198,174,190,109,118,149,193,172,132,130,22,147,35,182,113,66,157,103,105,74,188,87,37,94,0,167,61,45,138,178,9,78,128,42,120,3,121,162,126,143,160,91,1,33,124,180,196,36,85,104,17,82,23,189,81,112,93,19,26,176,46,6,49,170,95,38,139,65,20,51,50,21,48,146,4,84,67,32,72,163,25,70,41,142,117,77,2,156,71,165,144,184,8,173,18,137,158,101,59,80,100,30,134,148,11,97,58,54,151,7,191,181,68,123,44,131,110,62,195,119,43,39,107,55,14,13,111,52,89,75,129,15,135,53,183,69,159,164,90,28,155,73,99,106,136,115,152,12,161,102,86,133,76,122,116,16,125,145,140,92,108,192,40,169,194,29,154,60,177,27,185,127,96,171,141,98,114,64,79,179,47,88,5,186,199,83,153,166,24,150,10,187,175,57,197,168,31,56,63];True
2302;6989;9291;[34,198,174,190,109,118,149,193,172,132,130,22,147,6,182,2,66,157,103,105,74,188,87,37,94,0,167,61,45,138,178,9,78,128,42,120,3,121,162,126,143,160,91,1,33,124,180,196,36,85,104,17,82,23,189,81,112,93,19,26,176,46,12,49,170,95,38,139,65,20,51,50,21,48,146,4,84,67,32,72,163,25,70,41,142,117,77,113,156,71,165,144,184,8,173,18,137,110,101,59,80,100,30,134,148,11,97,58,54,151,7,191,181,68,123,44,131,158,62,195,119,43,39,107,55,14,13,111,52,89,75,129,15,135,53,183,69,159,164,90,28,155,73,99,106,136,115,152,35,161,102,86,133,76,122,116,16,125,145,140,92,108,192,40,169,194,29,154,60,177,27,185,127,96,171,141,98,114,64,79,179,47,88,5,186,199,83,153,166,24,150,10,187,175,57,197,168,31,56,63];False
2284;6994;9278;[34,198,174,190,109,118,149,193,172,132,130,22,147,6,182,113,66,157,103,105,74,188,87,37,94,0,167,61,45,138,178,9,78,128,42,120,3,121,162,126,143,160,91,1,33,124,180,196,36,85,104,17,82,23,189,81,112,93,19,26,176,2,12,49,170,95,38,139,65,20,51,50,21,48,146,4,84,67,32,72,163,25,70,41,142,117,77,46,156,71,165,144,184,8,173,18,137,110,101,59,80,100,30,134,148,11,97,58,54,151,7,191,181,68,123,44,131,158,62,195,119,43,39,107,55,14,13,111,52,89,75,129,15,135,53,183,69,159,164,90,28,155,73,99,106,136,115,152,35,161,102,86,133,76,122,116,16,125,145,140,92,108,192,40,169,194,29,154,60,177,27,185,127,96,171,141,98,114,64,79,179,47,88,5,186,199,83,153,166,24,150,10,187,175,57,197,168,31,56,63];False
2245;6998;9243;[34,198,174,190,109,118,149,193,172,132,130,22,147,6,182,113,66,157,103,105,74,188,87,37,94,0,167,61,45,138,178,9,78,128,42,120,3,121,162,126,143,160,91,1,33,124,180,196,36,85,104,17,82,23,189,81,112,93,19,26,176,46,12,49,170,95,38,139,65,20,51,50,21,48,146,4,84,67,32,72,163,25,70,41,142,117,77,2,156,71,165,144,184,8,173,18,86,110,101,59,80,100,30,134,148,11,97,58,54,151,7,191,181,68,123,44,131,158,62,195,119,43,39,107,55,14,13,111,52,89,75,129,15,135,53,183,69,159,164,90,28,155,73,99,106,136,115,152,35,161,102,137,133,76,122,116,16,125,145,140,92,108,192,40,169,194,29,154,60,177,27,185,127,96,171,141,98,114,64,79,179,47,88,5,186,199,83,153,166,24,150,10,187,175,57,197,168,31,56,63];True
2214;7020;9234;[34,198,174,190,109,118,149,193,172,132,130,22,147,6,182,113,66,157,103,105,74,188,87,37,94,0,167,61,45,138,178,9,187,128,42,120,3,121,162,126,143,160,91,1,33,124,180,196,36,85,104,17,82,23,189,81,112,93,19,26,176,46,12,49,170,95,38,139,65,20,51,50,21,48,146,4,84,67,32,72,163,25,70,41,142,117,77,2,156,71,165,144,184,8,173,18,137,158,101,59,80,100,30,134,148,11,97,58,54,151,7,191,181,68,123,44,131,110,62,195,119,43,175,107,55,14,13,111,52,89,75,129,15,135,53,183,69,159,164,90,28,155,73,99,106,136,115,152,35,161,102,86,133,76,122,116,16,125,145,140,92,108,192,40,169,194,29,154,60,177,27,185,127,96,171,141,98,114,64,79,179,47,88,5,186,199,83,153,166,24,150,10,78,39,57,197,168,31,56,63];True
2299;6984;9283;[34,198,174,190,109,118,149,193,172,132,130,22,147,6,85,113,66,157,103,105,74,188,87,37,94,0,167,61,45,138,178,9,78,128,42,120,3,121,162,126,143,160,91,1,33,124,180,196,36,182,104,17,82,23,189,81,112,93,19,26,176,2,12,49,170,95,38,139,65,20,51,50,21,48,146,4,84,67,32,72,163,25,70,41,142,117,77,46,156,71,165,144,184,8,173,18,86,110,101,59,80,100,30,134,148,11,97,58,54,151,7,191,181,68,123,44,131,158,62,195,119,43,39,107,55,14,13,111,52,89,75,129,15,135,53,183,69,159,164,90,28,155,73,99,106,136,115,152,35,161,102,137,133,76,122,116,16,125,145,140,92,108,192,40,169,194,29,154,60,177,27,185,127,96,171,141,98,114,64,79,179,47,88,5,186,199,83,153,166,24,150,10,187,175,57,197,168,31,56,63];False
2280;6994;9274;[34,198,174,190,109,118,129,193,172,132,130,22,147,6,85,113,66,157,103,105,74,188,87,37,94,0,167,61,45,138,178,9,78,128,42,120,3,121,162,126,143,160,91,1,33,124,180,196,36,182,104,17,82,23,189,81,112,93,19,26,176,46,12,49,170,95,38,139,65,20,51,50,21,48,146,4,84,67,32,72,163,25,70,41,142,117,77,2,156,71,165,144,184,8,173,18,86,110,101,59,80,100,30,134,148,11,97,58,54,151,7,191,181,68,123,44,131,158,62,195,119,43,39,107,55,14,13,111,52,89,75,149,15,135,53,183,69,159,164,90,28,155,73,99,106,136,115,152,35,161,102,137,133,76,122,116,16,125,145,140,92,108,192,40,169,194,29,154,60,177,27,185,127,96,171,141,98,114,64,79,179,47,88,5,186,199,83,153,166,24,150,10,187,175,57,197,168,31,56,63];False
2276;6991;9267;[34,198,174,190,109,118,149,193,172,132,130,22,147,6,85,113,66,157,103,105,74,188,87,37,94,0,167,61,45,138,178,9,78,128,42,120,3,121,162,126,143,160,91,1,33,124,180,196,36,182,104,17,82,23,189,81,52,93,19,26,176,46,12,49,170,95,38,139,65,20,51,50,21,48,146,4,84,67,32,72,163,25,70,41,142,117,77,2,156,71,165,144,184,8,173,18,86,110,101,59,80,100,30,134,148,11,97,58,54,151,7,191,181,68,123,44,131,158,62,195,119,43,39,107,55,14,13,111,112,89,75,129,15,135,53,183,69,159,164,90,28,155,73,99,106,136,115,152,35,161,102,137,133,76,122,116,16,125,145,140,92,108,192,40,169,194,29,154,60,177,27,185,127,96,171,141,98,114,64,79,179,47,88,5,186,199,83,153,166,24,150,10,187,175,57,197,168,31,56,63];False
2287;6989;9276;[34,198,174,190,109,118,149,193,172,132,130,22,147,6,85,113,66,157,103,105,74,188,87,37,94,0,167,61,45,138,178,9,78,128,42,120,3,121,162,126,143,160,91,1,33,124,180,196,36,182,104,17,82,23,189,81,112,93,19,26,176,46,12,49,170,95,38,139,65,20,51,50,21,155,146,4,84,67,32,72,163,25,70,41,142,117,77,2,156,71,165,144,184,8,173,18,86,110,101,59,80,100,30,134,148,11,97,58,54,151,7,191,181,68,123,44,131,158,62,195,119,43,39,107,55,14,13,111,52,89,75,129,15,135,53,183,69,159,164,90,28,48,73,99,106,136,115,152,35,161,102,137,133,76,122,116,16,125,145,140,92,108,192,40,169,194,29,154,60,177,27,185,127,96,171,141,98,114,64,79,179,47,88,5,186,199,83,153,166,24,150,10,187,175,57,197,168,31,56,63];False
2354;6973;9327;[34,198,174,190,109,118,149,193,172,132,130,22,147,6,85,113,66,157,103,105,74,188,87,37,94,0,167,61,45,138,178,9,78,128,42,120,3,121,162,126,143,160,91,1,33,124,180,196,36,182,104,17,82,23,189,81,112,93,19,26,176,46,12,49,170,95,38,139,65,20,51,50,21,48,146,4,84,67,32,72,163,25,70,41,142,117,77,144,156,71,165,2,184,8,173,18,86,110,101,59,80,100,30,134,148,11,97,58,54,151,7,191,181,68,123,44,131,158,62,195,119,43,39,107,55,14,13,111,52,89,75,129,15,135,53,183,69,159,164,90,28,155,73,99,106,136,115,152,35,161,102,137,133,76,122,116,16,125,145,140,92,108,192,40,169,194,29,154,60,177,27,185,127,96,171,141,98,114,64,79,179,47,88,5,186,199,83,153,166,24,150,10,187,175,57,197,168,31,56,63];False
2271;6992;9263;[34,198,174,190,109,118,149,193,172,132,130,22,147,6,85,113,66,157,103,105,74,188,87,37,94,0,167,61,45,138,178,9,78,128,42,120,3,121,162,126,143,160,91,1,33,124,180,196,36,182,104,17,82,23,189,81,112,93,19,26,176,46,12,49,170,95,38,139,65,20,51,50,21,48,146,4,84,67,32,72,163,25,70,41,142,117,77,57,156,71,165,144,184,8,173,18,86,110,101,59,80,100,30,134,148,11,97,58,54,151,7,191,181,68,123,44,131,158,62,195,119,43,39,107,55,14,13,111,52,89,75,129,15,135,53,183,69,159,164,90,28,155,73,99,106,136,115,152,35,161,102,137,133,76,122,116,16,125,145,140,92,108,192,40,169,194,29,154,60,177,27,185,127,96,171,141,98,114,64,79,179,47,88,5,186,199,83,153,166,24,150,10,187,175,2,197,168,31,56,63];False
2342;6977;9319;[34,198,174,190,109,118,149,193,172,132,130,22,147,6,85,113,66,157,103,105,74,188,87,37,94,0,167,61,45,138,178,9,78,128,42,120,3,121,162,126,143,160,91,1,33,124,180,196,36,182,104,17,82,23,189,81,112,93,19,26,176,46,12,49,170,95,38,139,65,20,51,50,21,48,146,4,84,67,32,72,163,25,70,41,142,117,77,2,156,71,165,144,184,8,173,18,86,110,101,59,80,100,30,134,148,11,97,58,54,151,7,191,181,68,123,16,131,158,62,195,119,43,39,107,55,14,13,111,52,89,75,129,15,135,53,183,69,159,164,90,28,155,73,99,106,136,115,152,35,161,102,137,133,76,122,116,44,125,145,140,92,108,192,40,169,194,29,154,60,177,27,185,127,96,171,141,98,114,64,79,179,47,88,5,186,199,83,153,166,24,150,10,187,175,57,197,168,31,56,63];False
2187;7043;9230;[34,198,174,190,109,118,149,193,172,132,130,22,147,35,88,113,66,157,103,105,74,188,87,37,94,0,167,61,45,138,178,9,78,128,42,120,3,121,162,126,143,160,91,1,33,124,180,196,36,85,104,17,82,23,189,81,112,93,19,26,176,46,6,49,170,95,38,139,65,20,51,50,21,48,146,4,84,67,32,72,163,25,70,41,142,117,77,2,156,71,165,144,184,8,173,18,137,158,101,59,80,100,30,134,148,11,97,58,54,151,7,191,181,68,123,44,131,110,62,195,119,43,39,107,55,14,13,111,52,89,75,129,15,135,53,183,69,159,164,90,28,155,73,99,106,136,115,152,12,161,102,86,133,76,122,116,16,125,145,140,92,108,192,40,169,194,29,154,60,177,27,185,127,96,171,141,98,114,64,79,179,47,182,5,186,199,83,153,166,24,150,10,187,175,57,197,168,31,56,63];True
2238;7006;9244;[34,198,174,190,109,118,149,193,172,132,130,22,147,75,182,113,66,157,103,105,74,188,87,37,94,0,167,61,45,138,178,9,78,128,42,120,3,121,162,126,143,160,91,1,33,124,180,196,36,85,104,17,82,23,189,81,112,93,19,26,176,46,12,49,170,95,38,139,65,20,51,50,21,48,146,4,84,67,32,72,163,25,70,41,142,117,77,2,156,71,165,144,184,8,173,18,86,110,101,59,80,100,30,134,148,11,97,58,54,151,7,191,181,68,123,44,131,158,62,195,119,43,39,107,55,14,13,111,52,89,6,129,15,135,53,183,69,159,164,90,28,155,73,99,106,136,115,152,35,161,102,137,133,76,122,116,16,125,145,140,92,108,192,40,169,194,29,154,60,177,27,185,127,96,171,141,98,114,64,79,179,47,88,5,186,199,83,153,166,24,150,10,187,175,57,197,168,31,56,63];True
2308;6982;9290;[34,198,174,190,109,118,149,193,172,132,130,22,147,6,182,2,66,157,103,105,74,188,87,37,94,0,167,61,45,138,178,9,78,128,42,120,3,121,162,126,143,160,91,1,33,124,180,196,36,85,104,17,82,23,189,81,112,93,19,26,176,46,12,49,170,95,38,139,65,20,51,50,21,48,146,4,84,67,32,72,163,25,70,41,142,117,77,113,156,71,165,144,184,8,173,18,86,110,101,59,80,100,30,134,148,11,97,58,54,151,7,191,181,68,123,44,131,158,62,195,119,43,39,107,55,14,13,111,52,89,75,129,15,135,53,183,69,159,164,90,28,155,73,99,106,136,115,152,35,161,102,137,133,76,122,116,16,125,145,140,92,108,192,40,169,194,29,154,60,177,27,185,127,96,171,141,98,114,64,79,179,47,88,5,186,199,83,153,166,24,150,10,187,175,57,197,168,31,56,63];False
2267;6994;9261;[34,198,174,190,109,118,149,193,172,132,130,22,147,6,182,113,66,157,103,105,74,188,87,37,94,0,167,61,45,138,178,9,78,128,42,120,3,121,162,126,143,160,91,1,33,124,180,196,36,85,104,17,82,23,189,81,52,93,19,26,176,46,12,49,170,95,38,139,65,20,51,50,21,48,146,4,84,67,32,72,163,25,70,41,142,117,77,2,156,71,165,144,184,8,173,18,86,110,101,59,80,100,30,134,148,11,97,58,54,151,7,191,181,68,123,44,131,158,62,195,119,43,39,107,55,14,13,111,112,89,75,129,15,135,53,183,69,159,164,90,28,155,73,99,106,136,115,152,35,161,102,137,133,76,122,116,16,125,145,140,92,108,192,40,169,194,29,154,60,177,27,185,127,96,171,141,98,114,64,79,179,47,88,5,186,199,83,153,166,24,150,10,187,175,57,197,168,31,56,63];False
2290;6987;9277;[34,198,174,190,109,118,149,193,172,132,130,22,147,6,182,113,66,157,103,105,74,188,87,37,94,0,167,61,45,138,178,9,78,128,42,120,3,121,162,126,143,160,91,1,33,124,180,196,36,85,104,17,82,23,189,81,112,93,19,26,176,2,12,49,170,95,38,139,65,20,51,50,21,48,146,4,84,67,32,72,163,25,70,41,142,117,77,46,156,71,165,144,184,8,173,18,86,110,101,59,80,100,30,134,148,11,97,58,54,151,7,191,181,68,123,44,131,158,62,195,119,43,39,107,55,14,13,111,52,89,75,129,15,135,53,183,69,159,164,90,28,155,73,99,106,136,115,152,35,161,102,137,133,76,122,116,16,125,145,140,92,108,192,40,169,194,29,154,60,177,27,185,127,96,171,141,98,114,64,79,179,47,88,5,186,199,83,153,166,24,150,10,187,175,57,197,168,31,56,63];False
2345;6976;9321;[34,198,174,190,109,118,149,193,172,132,130,22,147,6,182,113,66,157,103,105,74,188,87,37,94,0,167,61,45,138,178,9,78,128,42,120,3,121,162,126,143,160,91,1,33,124,180,196,36,85,104,17,82,23,189,81,112,93,19,26,176,46,12,49,170,95,38,139,65,20,51,50,21,48,146,4,84,67,32,72,163,25,70,41,142,117,77,144,156,71,165,2,184,8,173,18,86,110,101,59,80,100,30,134,148,11,97,58,54,151,7,191,181,68,123,44,131,158,62,195,119,43,39,107,55,14,13,111,52,89,75,129,15,135,53,183,69,159,164,90,28,155,73,99,106,136,115,152,35,161,102,137,133,76,122,116,16,125,145,140,92,108,192,40,169,194,29,154,60,177,27,185,127,96,171,141,98,114,64,79,179,47,88,5,186,199,83,153,166,24,150,10,187,175,57,197,168,31,56,63];False
2280;6990;9270;[34,198,174,190,109,118,149,193,172,132,130,22,147,6,85,46,66,157,103,105,74,188,87,37,94,0,167,61,45,138,178,9,78,128,42,120,3,121,162,126,143,160,91,1,33,124,180,196,36,182,104,17,82,23,189,81,112,93,19,26,176,2,12,49,170,95,38,139,65,20,51,50,21,48,146,4,84,67,32,72,163,25,70,41,142,117,77,113,156,71,165,144,184,8,173,18,86,110,101,59,80,100,30,134,148,11,97,58,54,151,7,191,181,68,123,44,131,158,62,195,119,43,39,107,55,14,13,111,52,89,75,129,15,135,53,183,69,159,164,90,28,155,73,99,106,136,115,152,35,161,102,137,133,76,122,116,16,125,145,140,92,108,192,40,169,194,29,154,60,177,27,185,127,96,171,141,98,114,64,79,179,47,88,5,186,199,83,153,166,24,150,10,187,175,57,197,168,31,56,63];False
2321;6980;9301;[34,198,174,190,109,118,149,193,172,132,130,22,147,6,85,113,66,157,103,105,74,188,87,37,94,0,167,61,45,138,178,9,78,128,42,120,3,121,162,126,143,160,91,1,33,124,180,196,36,182,104,17,82,23,189,81,52,93,19,26,176,2,12,49,170,95,38,139,65,20,51,50,21,48,146,4,84,67,32,72,163,25,70,41,142,117,77,46,156,71,165,144,184,8,173,18,86,110,101,59,80,100,30,134,148,11,97,58,54,151,7,191,181,68,123,44,131,158,62,195,119,43,39,107,55,14,13,111,112,89,75,129,15,135,53,183,69,159,164,90,28,155,73,99,106,136,115,152,35,161,102,137,133,76,122,116,16,125,145,140,92,108,192,40,169,194,29,154,60,177,27,185,127,96,171,141,98,114,64,79,179,47,88,5,186,199,83,153,166,24,150,10,187,175,57,197,168,31,56,63];False
2332;6978;9310;[34,198,174,190,109,118,149,193,172,132,130,22,147,6,85,113,66,157,103,105,74,188,87,37,94,0,167,61,45,138,178,9,78,128,42,120,3,121,162,126,143,160,91,1,33,124,180,196,36,182,104,17,82,23,189,81,112,93,19,26,176,2,12,49,170,95,38,139,65,20,51,50,21,155,146,4,84,67,32,72,163,25,70,41,142,117,77,46,156,71,165,144,184,8,173,18,86,110,101,59,80,100,30,134,148,11,97,58,54,151,7,191,181,68,123,44,131,158,62,195,119,43,39,107,55,14,13,111,52,89,75,129,15,135,53,183,69,159,164,90,28,48,73,99,106,136,115,152,35,161,102,137,133,76,122,116,16,125,145,140,92,108,192,40,169,194,29,154,60,177,27,185,127,96,171,141,98,114,64,79,179,47,88,5,186,199,83,153,166,24,150,10,187,175,57,197,168,31,56,63];False
2387;6966;9353;[34,198,174,190,109,118,149,193,172,132,130,22,147,6,85,113,66,157,103,105,74,188,87,37,94,0,167,61,45,138,178,9,78,128,42,120,3,121,162,126,143,160,91,1,33,124,180,196,36,182,104,17,82,23,189,81,112,93,19,26,176,2,12,49,170,95,38,139,65,20,51,50,21,48,146,4,84,67,32,72,163,25,70,41,142,117,77,46,156,71,165,144,184,8,173,18,86,110,101,59,80,100,30,134,148,11,97,58,54,151,7,191,181,68,123,16,131,158,62,195,119,43,39,107,55,14,13,111,52,89,75,129,15,135,53,183,69,159,164,90,28,155,73,99,106,136,115,152,35,161,102,137,133,76,122,116,44,125,145,140,92,108,192,40,169,194,29,154,60,177,27,185,127,96,171,141,98,114,64,79,179,47,88,5,186,199,83,153,166,24,150,10,187,175,57,197,168,31,56,63];False
2191;7034;9225;[34,198,174,190,109,118,149,193,172,132,130,22,147,35,88,113,66,157,103,105,74,188,87,37,94,0,167,61,45,138,178,9,78,128,42,120,3,121,162,126,143,160,91,1,33,124,180,196,36,85,104,17,82,23,189,81,112,93,19,26,176,46,6,49,170,95,38,139,65,20,51,50,21,48,146,4,84,67,32,72,163,25,70,41,142,117,77,2,156,71,165,144,184,8,173,18,137,158,101,59,80,100,30,134,148,11,97,58,54,151,7,191,181,68,123,44,131,110,62,195,119,43,39,107,55,14,13,111,52,89,75,129,15,135,53,183,69,159,164,90,28,155,73,99,106,136,115,152,12,161,102,86,133,76,122,116,16,125,145,140,92,108,192,40,169,194,29,154,60,177,27,185,127,96,171,141,98,114,64,79,179,47,182,83,186,199,5,153,166,24,150,10,187,175,57,197,168,31,56,63];True
2269;6983;9252;[34,198,174,190,109,118,149,193,172,132,130,22,147,6,129,2,66,157,103,105,74,188,87,37,94,0,167,61,45,138,178,9,78,128,42,120,3,121,162,126,143,160,91,1,33,124,180,196,36,85,104,17,82,23,189,81,112,93,19,26,176,46,12,49,170,95,38,139,65,20,51,50,21,48,146,4,84,67,32,72,163,25,70,41,142,117,77,113,156,71,165,144,184,8,173,18,86,110,101,59,80,100,30,134,148,11,97,58,54,151,7,191,181,68,123,44,131,158,62,195,119,43,39,107,55,14,13,111,52,89,75,182,15,135,53,183,69,159,164,90,28,155,73,99,106,136,115,152,35,161,102,137,133,76,122,116,16,125,145,140,92,108,192,40,169,194,29,154,60,177,27,185,127,96,171,141,98,114,64,79,179,47,88,5,186,199,83,153,166,24,150,10,187,175,57,197,168,31,56,63];True
2262;6990;9252;[34,198,174,190,109,118,149,193,172,132,130,22,147,6,182,46,66,157,103,105,74,188,87,37,94,0,167,61,45,138,178,9,78,128,42,120,3,121,162,126,143,160,91,1,33,124,180,196,36,85,104,17,82,23,189,81,112,93,19,26,176,2,12,49,170,95,38,139,65,20,51,50,21,48,146,4,84,67,32,72,163,25,70,41,142,117,77,113,156,71,165,144,184,8,173,18,86,110,101,59,80,100,30,134,148,11,97,58,54,151,7,191,181,68,123,44,131,158,62,195,119,43,39,107,55,14,13,111,52,89,75,129,15,135,53,183,69,159,164,90,28,155,73,99,106,136,115,152,35,161,102,137,133,76,122,116,16,125,145,140,92,108,192,40,169,194,29,154,60,177,27,185,127,96,171,141,98,114,64,79,179,47,88,5,186,199,83,153,166,24,150,10,187,175,57,197,168,31,56,63];True
2330;6978;9308;[34,198,174,190,109,118,149,193,172,132,130,22,147,6,182,2,66,157,103,105,74,188,87,37,94,0,167,61,45,138,178,9,78,128,42,120,3,121,162,126,143,160,91,1,33,124,180,196,36,85,104,17,82,23,189,81,52,93,19,26,176,46,12,49,170,95,38,139,65,20,51,50,21,48,146,4,84,67,32,72,163,25,70,41,142,117,77,113,156,71,165,144,184,8,173,18,86,110,101,59,80,100,30,134,148,11,97,58,54,151,7,191,181,68,123,44,131,158,62,195,119,43,39,107,55,14,13,111,112,89,75,129,15,135,53,183,69,159,164,90,28,155,73,99,106,136,115,152,35,161,102,137,133,76,122,116,16,125,145,140,92,108,192,40,169,194,29,154,60,177,27,185,127,96,171,141,98,114,64,79,179,47,88,5,186,199,83,153,166,24,150,10,187,175,57,197,168,31,56,63];False
2341;6976;9317;[34,198,174,190,109,118,149,193,172,132,130,22,147,6,182,2,66,157,103,105,74,188,87,37,94,0,167,61,45,138,178,9,78,128,42,120,3,121,162,126,143,160,91,1,33,124,180,196,36,85,104,17,82,23,189,81,112,93,19,26,176,46,12,49,170,95,38,139,65,20,51,50,21,155,146,4,84,67,32,72,163,25,70,41,142,117,77,113,156,71,165,144,184,8,173,18,86,110,101,59,80,100,30,134,148,11,97,58,54,151,7,191,181,68,123,44,131,158,62,195,119,43,39,107,55,14,13,111,52,89,75,129,15,135,53,183,69,159,164,90,28,48,73,99,106,136,115,152,35,161,102,137,133,76,122,116,16,125,145,140,92,108,192,40,169,194,29,154,60,177,27,185,127,96,171,141,98,114,64,79,179,47,88,5,186,199,83,153,166,24,150,10,187,175,57,197,168,31,56,63];False
2329;6978;9307;[34,198,174,190,109,118,149,193,172,132,130,22,147,6,182,2,66,157,103,105,74,188,87,37,94,0,167,61,45,138,178,9,78,128,42,120,3,121,162,126,143,160,91,1,33,124,180,196,36,85,104,17,82,23,189,81,112,93,19,26,176,46,12,49,170,95,38,139,65,20,51,50,21,48,146,4,84,67,32,72,163,25,70,41,142,117,57,113,156,71,165,144,184,8,173,18,86,110,101,59,80,100,30,134,148,11,97,58,54,151,7,191,181,68,123,44,131,158,62,195,119,43,39,107,55,14,13,111,52,89,75,129,15,135,53,183,69,159,164,90,28,155,73,99,106,136,115,152,35,161,102,137,133,76,122,116,16,125,145,140,92,108,192,40,169,194,29,154,60,177,27,185,127,96,171,141,98,114,64,79,179,47,88,5,186,199,83,153,166,24,150,10,187,175,77,197,168,31,56,63];False
2396;6964;9360;[34,198,174,190,109,118,149,193,172,132,130,22,147,6,182,2,66,157,103,105,74,188,87,37,94,0,167,61,45,138,178,9,78,128,42,120,3,121,162,126,143,160,91,1,33,124,180,196,36,85,104,17,82,23,189,81,112,93,19,26,176,46,12,49,170,95,38,139,65,20,51,50,21,48,146,4,84,67,32,72,163,25,70,41,142,117,77,113,156,71,165,144,184,8,173,18,86,110,101,59,80,100,30,134,148,11,97,58,54,151,7,191,181,68,123,16,131,158,62,195,119,43,39,107,55,14,13,111,52,89,75,129,15,135,53,183,69,159,164,90,28,155,73,99,106,136,115,152,35,161,102,137,133,76,122,116,44,125,145,140,92,108,192,40,169,194,29,154,60,177,27,185,127,96,171,141,98,114,64,79,179,47,88,5,186,199,83,153,166,24,150,10,187,175,57,197,168,31,56,63];False
2409;6962;9371;[34,198,174,190,109,118,149,193,172,132,130,22,147,6,85,113,66,157,103,105,74,188,87,37,94,0,167,61,45,138,178,9,78,128,42,120,3,121,162,126,143,160,91,1,33,124,180,196,36,182,104,17,82,23,189,81,52,93,19,26,176,2,12,49,170,95,38,139,65,20,51,50,21,48,146,4,84,67,32,72,163,25,70,41,142,117,77,46,156,71,165,144,184,8,173,18,86,110,101,59,80,100,30,134,148,11,97,58,54,151,7,191,181,68,123,16,131,158,62,195,119,43,39,107,55,14,13,111,112,89,75,129,15,135,53,183,69,159,164,90,28,155,73,99,106,136,115,152,35,161,102,137,133,76,122,116,44,125,145,140,92,108,192,40,169,194,29,154,60,177,27,185,127,96,171,141,98,114,64,79,179,47,88,5,186,199,83,153,166,24,150,10,187,175,57,197,168,31,56,63];False
2379;6967;9346;[34,198,174,190,109,125,149,193,172,132,130,22,147,6,85,113,66,157,103,105,74,188,87,37,94,0,167,61,45,138,178,9,78,128,42,120,3,121,162,126,143,160,91,1,33,124,180,196,36,182,104,17,82,23,189,81,112,93,19,26,176,2,12,49,170,95,38,139,65,20,51,50,21,48,146,4,84,67,32,72,163,25,70,41,142,117,77,46,156,71,165,144,184,8,173,18,86,110,101,59,80,100,30,134,148,11,97,58,54,151,7,191,181,68,123,16,131,158,62,195,119,43,39,107,55,14,13,111,52,89,75,129,15,135,53,183,69,159,164,90,28,155,73,99,106,136,115,152,35,161,102,137,133,76,122,116,44,118,145,140,92,108,192,40,169,194,29,154,60,177,27,185,127,96,171,141,98,114,64,79,179,47,88,5,186,199,83,153,166,24,150,10,187,175,57,197,168,31,56,63];False
2368;6972;9340;[34,198,174,190,109,118,149,193,172,132,130,22,147,6,85,46,66,157,103,105,74,188,87,37,94,0,167,61,45,138,178,9,78,128,42,120,3,121,162,126,143,160,91,1,33,124,180,196,36,182,104,17,82,23,189,81,112,93,19,26,176,2,12,49,170,95,38,139,65,20,51,50,21,48,146,4,84,67,32,72,163,25,70,41,142,117,77,113,156,71,165,144,184,8,173,18,86,110,101,59,80,100,30,134,148,11,97,58,54,151,7,191,181,68,123,16,131,158,62,195,119,43,39,107,55,14,13,111,52,89,75,129,15,135,53,183,69,159,164,90,28,155,73,99,106,136,115,152,35,161,102,137,133,76,122,116,44,125,145,140,92,108,192,40,169,194,29,154,60,177,27,185,127,96,171,141,98,114,64,79,179,47,88,5,186,199,83,153,166,24,150,10,187,175,57,197,168,31,56,63];False
2318;6978;9296;[34,198,174,118,109,190,149,193,172,132,130,22,147,6,129,2,66,157,103,105,74,188,87,37,94,0,167,61,45,138,178,9,78,128,42,120,3,121,162,126,143,160,91,1,33,124,180,196,36,85,104,17,82,23,189,81,112,93,19,26,176,46,12,49,170,95,38,139,65,20,51,50,21,48,146,4,84,67,32,72,163,25,70,41,142,117,77,113,156,71,165,144,184,8,173,18,86,110,101,59,80,100,30,134,148,11,97,58,54,151,7,191,181,68,123,44,131,158,62,195,119,43,39,107,55,14,13,111,52,89,75,182,15,135,53,183,69,159,164,90,28,155,73,99,106,136,115,152,35,161,102,137,133,76,122,116,16,125,145,140,92,108,192,40,169,194,29,154,60,177,27,185,127,96,171,141,98,114,64,79,179,47,88,5,186,199,83,153,166,24,150,10,187,175,57,197,168,31,56,63];False
2300;6982;9282;[34,198,174,190,109,125,149,193,172,132,130,22,147,6,129,2,66,157,103,105,74,188,87,37,94,0,167,61,45,138,178,9,78,128,42,120,3,121,162,126,143,160,91,1,33,124,180,196,36,85,104,17,82,23,189,81,112,93,19,26,176,46,12,49,170,95,38,139,65,20,51,50,21,48,146,4,84,67,32,72,163,25,70,41,142,117,77,113,156,71,165,144,184,8,173,18,86,110,101,59,80,100,30,134,148,11,97,58,54,151,7,191,181,68,123,44,131,158,62,195,119,43,39,107,55,14,13,111,52,89,75,182,15,135,53,183,69,159,164,90,28,155,73,99,106,136,115,152,35,161,102,137,133,76,122,116,16,118,145,140,92,108,192,40,169,194,29,154,60,177,27,185,127,96,171,141,98,114,64,79,179,47,88,5,186,199,83,153,166,24,150,10,187,175,57,197,168,31,56,63];False
2286;6978;9264;[34,198,174,190,109,118,6,193,172,132,130,22,147,149,129,2,66,157,103,105,74,188,87,37,94,0,167,61,45,138,178,9,78,128,42,120,3,121,162,126,143,160,91,1,33,124,180,196,36,85,104,17,82,23,189,81,112,93,19,26,176,46,12,49,170,95,38,139,65,20,51,50,21,48,146,4,84,67,32,72,163,25,70,41,142,117,77,113,156,71,165,144,184,8,173,18,86,110,101,59,80,100,30,134,148,11,97,58,54,151,7,191,181,68,123,44,131,158,62,195,119,43,39,107,55,14,13,111,52,89,75,182,15,135,53,183,69,159,164,90,28,155,73,99,106,136,115,152,35,161,102,137,133,76,122,116,16,125,145,140,92,108,192,40,169,194,29,154,60,177,27,185,127,96,171,141,98,114,64,79,179,47,88,5,186,199,83,153,166,24,150,10,187,175,57,197,168,31,56,63];True
2380;6965;9345;[34,198,174,190,109,118,163,193,172,132,130,22,147,6,129,2,66,157,103,105,74,188,87,37,94,0,167,61,45,138,178,9,78,128,42,120,3,121,162,126,143,160,91,1,33,124,180,196,36,85,104,17,82,23,189,81,112,93,19,26,176,46,12,49,170,95,38,139,65,20,51,50,21,48,146,4,84,67,32,72,149,25,70,41,142,117,77,113,156,71,165,144,184,8,173,18,86,110,101,59,80,100,30,134,148,11,97,58,54,151,7,191,181,68,123,44,131,158,62,195,119,43,39,107,55,14,13,111,52,89,75,182,15,135,53,183,69,159,164,90,28,155,73,99,106,136,115,152,35,161,102,137,133,76,122,116,16,125,145,140,92,108,192,40,169,194,29,154,60,177,27,185,127,96,171,141,98,114,64,79,179,47,88,5,186,199,83,153,166,24,150,10,187,175,57,197,168,31,56,63];False
2309;6975;9284;[34,198,174,190,109,118,182,193,172,132,130,22,147,6,129,2,66,157,103,105,74,188,87,37,94,0,167,61,45,138,178,9,78,128,42,120,3,121,162,126,143,160,91,1,33,124,180,196,36,85,104,17,82,23,189,81,112,93,19,26,176,46,12,49,170,95,38,139,65,20,51,50,21,48,146,4,84,67,32,72,163,25,70,41,142,117,77,113,156,71,165,144,184,8,173,18,86,110,101,59,80,100,30,134,148,11,97,58,54,151,7,191,181,68,123,44,131,158,62,195,119,43,39,107,55,14,13,111,52,89,75,149,15,135,53,183,69,159,164,90,28,155,73,99,106,136,115,152,35,161,102,137,133,76,122,116,16,125,145,140,92,108,192,40,169,194,29,154,60,177,27,185,127,96,171,141,98,114,64,79,179,47,88,5,186,199,83,153,166,24,150,10,187,175,57,197,168,31,56,63];False
2351;6972;9323;[34,198,174,190,109,118,149,193,172,132,130,22,9,6,129,2,66,157,103,105,74,188,87,37,94,0,167,61,45,138,178,147,78,128,42,120,3,121,162,126,143,160,91,1,33,124,180,196,36,85,104,17,82,23,189,81,112,93,19,26,176,46,12,49,170,95,38,139,65,20,51,50,21,48,146,4,84,67,32,72,163,25,70,41,142,117,77,113,156,71,165,144,184,8,173,18,86,110,101,59,80,100,30,134,148,11,97,58,54,151,7,191,181,68,123,44,131,158,62,195,119,43,39,107,55,14,13,111,52,89,75,182,15,135,53,183,69,159,164,90,28,155,73,99,106,136,115,152,35,161,102,137,133,76,122,116,16,125,145,140,92,108,192,40,169,194,29,154,60,177,27,185,127,96,171,141,98,114,64,79,179,47,88,5,186,199,83,153,166,24,150,10,187,175,57,197,168,31,56,63];False
2302;6977;9279;[34,198,174,190,109,118,149,193,172,132,130,22,147,6,129,2,66,157,103,105,74,188,87,37,94,0,167,61,45,138,178,9,78,128,42,120,3,121,162,126,143,160,91,1,33,124,180,196,36,85,104,17,82,23,189,81,112,93,19,26,176,46,12,49,170,95,38,139,65,20,51,50,21,155,146,4,84,67,32,72,163,25,70,41,142,117,77,113,156,71,165,144,184,8,173,18,86,110,101,59,80,100,30,134,148,11,97,58,54,151,7,191,181,68,123,44,131,158,62,195,119,43,39,107,55,14,13,111,52,89,75,182,15,135,53,183,69,159,164,90,28,48,73,99,106,136,115,152,35,161,102,137,133,76,122,116,16,125,145,140,92,108,192,40,169,194,29,154,60,177,27,185,127,96,171,141,98,114,64,79,179,47,88,5,186,199,83,153,166,24,150,10,187,175,57,197,168,31,56,63];False
2368;6964;9332;[34,198,174,190,109,118,149,193,172,132,130,22,147,6,129,2,66,157,103,105,74,188,87,37,94,0,167,61,45,138,178,9,78,128,42,120,3,121,162,126,143,160,91,1,33,124,180,196,36,85,104,17,82,23,189,81,112,93,19,26,176,46,12,49,170,95,38,139,65,20,51,50,21,48,146,4,84,67,32,72,163,25,70,41,142,117,77,113,156,71,191,144,184,8,173,18,86,110,101,59,80,100,30,134,148,11,97,58,54,151,7,165,181,68,123,44,131,158,62,195,119,43,39,107,55,14,13,111,52,89,75,182,15,135,53,183,69,159,164,90,28,155,73,99,106,136,115,152,35,161,102,137,133,76,122,116,16,125,145,140,92,108,192,40,169,194,29,154,60,177,27,185,127,96,171,141,98,114,64,79,179,47,88,5,186,199,83,153,166,24,150,10,187,175,57,197,168,31,56,63];False
2357;6965;9322;[34,198,174,190,109,118,149,193,172,132,130,22,147,6,129,2,66,157,103,105,74,188,87,37,94,0,167,61,45,138,178,9,78,128,42,120,3,121,162,126,143,160,91,1,33,124,180,196,36,85,104,17,82,23,189,81,112,93,19,26,176,46,12,49,170,95,38,139,65,20,51,50,21,48,146,4,84,67,32,72,163,25,70,41,142,117,77,113,156,71,165,144,184,8,173,18,86,110,101,59,80,100,30,134,148,11,97,58,54,151,7,191,181,68,123,16,131,158,62,195,119,43,39,107,55,14,13,111,52,89,75,182,15,135,53,183,69,159,164,90,28,155,73,99,106,136,115,152,35,161,102,137,133,76,122,116,44,125,145,140,92,108,192,40,169,194,29,154,60,177,27,185,127,96,171,141,98,114,64,79,179,47,88,5,186,199,83,153,166,24,150,10,187,175,57,197,168,31,56,63];False
2350;6972;9322;[34,198,174,190,109,118,149,193,172,132,130,22,147,6,182,46,66,157,103,105,74,188,87,37,94,0,167,61,45,138,178,9,78,128,42,120,3,121,162,126,143,160,91,1,33,124,180,196,36,85,104,17,82,23,189,81,112,93,19,26,176,2,12,49,170,95,38,139,65,20,51,50,21,48,146,4,84,67,32,72,163,25,70,41,142,117,77,113,156,71,165,144,184,8,173,18,86,110,101,59,80,100,30,134,148,11,97,58,54,151,7,191,181,68,123,16,131,158,62,195,119,43,39,107,55,14,13,111,52,89,75,129,15,135,53,183,69,159,164,90,28,155,73,99,106,136,115,152,35,161,102,137,133,76,122,116,44,125,145,140,92,108,192,40,169,194,29,154,60,177,27,185,127,96,171,141,98,114,64,79,179,47,88,5,186,199,83,153,166,24,150,10,187,175,57,197,168,31,56,63];False
2401;6963;9364;[34,198,174,190,109,125,149,193,172,132,130,22,147,6,85,113,66,157,103,105,74,188,87,37,94,0,167,61,45,138,178,9,78,128,42,120,3,121,162,126,143,160,91,1,33,124,180,196,36,182,104,17,82,23,189,81,52,93,19,26,176,2,12,49,170,95,38,139,65,20,51,50,21,48,146,4,84,67,32,72,163,25,70,41,142,117,77,46,156,71,165,144,184,8,173,18,86,110,101,59,80,100,30,134,148,11,97,58,54,151,7,191,181,68,123,16,131,158,62,195,119,43,39,107,55,14,13,111,112,89,75,129,15,135,53,183,69,159,164,90,28,155,73,99,106,136,115,152,35,161,102,137,133,76,122,116,44,118,145,140,92,108,192,40,169,194,29,154,60,177,27,185,127,96,171,141,98,114,64,79,179,47,88,5,186,199,83,153,166,24,150,10,187,175,57,197,168,31,56,63];False
2335;6969;9304;[34,198,174,190,109,118,6,193,172,132,130,22,9,149,129,2,66,157,103,105,74,188,87,37,94,0,167,61,45,138,178,147,78,128,42,120,3,121,162,126,143,160,91,1,33,124,180,196,36,85,104,17,82,23,189,81,112,93,19,26,176,46,12,49,170,95,38,139,65,20,51,50,21,48,146,4,84,67,32,72,163,25,70,41,142,117,77,113,156,71,165,144,184,8,173,18,86,110,101,59,80,100,30,134,148,11,97,58,54,151,7,191,181,68,123,44,131,158,62,195,119,43,39,107,55,14,13,111,52,89,75,182,15,135,53,183,69,159,164,90,28,155,73,99,106,136,115,152,35,161,102,137,133,76,122,116,16,125,145,140,92,108,192,40,169,194,29,154,60,177,27,185,127,96,171,141,98,114,64,79,179,47,88,5,186,199,83,153,166,24,150,10,187,175,57,197,168,31,56,63];False
2398;6961;9359;[34,198,174,190,109,118,6,193,172,132,130,22,147,163,129,2,66,157,103,105,74,188,87,37,94,0,167,61,45,138,178,9,78,128,42,120,3,121,162,126,143,160,91,1,33,124,180,196,36,85,104,17,82,23,189,81,112,93,19,26,176,46,12,49,170,95,38,139,65,20,51,50,21,48,146,4,84,67,32,72,149,25,70,41,142,117,77,113,156,71,165,144,184,8,173,18,86,110,101,59,80,100,30,134,148,11,97,58,54,151,7,191,181,68,123,44,131,158,62,195,119,43,39,107,55,14,13,111,52,89,75,182,15,135,53,183,69,159,164,90,28,155,73,99,106,136,115,152,35,161,102,137,133,76,122,116,16,125,145,140,92,108,192,40,169,194,29,154,60,177,27,185,127,96,171,141,98,114,64,79,179,47,88,5,186,199,83,153,166,24,150,10,187,175,57,197,168,31,56,63];False
2308;6974;9282;[34,198,174,190,109,118,6,193,172,132,130,22,147,149,129,2,66,157,103,105,74,188,87,37,94,0,167,61,45,138,178,9,78,128,42,120,3,121,162,126,143,160,91,1,33,124,180,196,36,85,104,17,82,23,189,81,52,93,19,26,176,46,12,49,170,95,38,139,65,20,51,50,21,48,146,4,84,67,32,72,163,25,70,41,142,117,77,113,156,71,165,144,184,8,173,18,86,110,101,59,80,100,30,134,148,11,97,58,54,151,7,191,181,68,123,44,131,158,62,195,119,43,39,107,55,14,13,111,112,89,75,182,15,135,53,183,69,159,164,90,28,155,73,99,106,136,115,152,35,161,102,137,133,76,122,116,16,125,145,140,92,108,192,40,169,194,29,154,60,177,27,185,127,96,171,141,98,114,64,79,179,47,88,5,186,199,83,153,166,24,150,10,187,175,57,197,168,31,56,63];False
2319;6972;9291;[34,198,174,190,109,118,6,193,172,132,130,22,147,149,129,2,66,157,103,105,74,188,87,37,94,0,167,61,45,138,178,9,78,128,42,120,3,121,162,126,143,160,91,1,33,124,180,196,36,85,104,17,82,23,189,81,112,93,19,26,176,46,12,49,170,95,38,139,65,20,51,50,21,155,146,4,84,67,32,72,163,25,70,41,142,117,77,113,156,71,165,144,184,8,173,18,86,110,101,59,80,100,30,134,148,11,97,58,54,151,7,191,181,68,123,44,131,158,62,195,119,43,39,107,55,14,13,111,52,89,75,182,15,135,53,183,69,159,164,90,28,48,73,99,106,136,115,152,35,161,102,137,133,76,122,116,16,125,145,140,92,108,192,40,169,194,29,154,60,177,27,185,127,96,171,141,98,114,64,79,179,47,88,5,186,199,83,153,166,24,150,10,187,175,57,197,168,31,56,63];False
2307;6974;9281;[34,198,174,190,109,118,6,193,172,132,130,22,147,149,129,2,66,157,103,105,74,188,87,37,94,0,167,61,45,138,178,9,78,128,42,120,3,121,162,126,143,160,91,1,33,124,180,196,36,85,104,17,82,23,189,81,112,93,19,26,176,46,12,49,170,95,38,139,65,20,51,50,21,48,146,4,84,67,32,72,163,25,70,41,142,117,57,113,156,71,165,144,184,8,173,18,86,110,101,59,80,100,30,134,148,11,97,58,54,151,7,191,181,68,123,44,131,158,62,195,119,43,39,107,55,14,13,111,52,89,75,182,15,135,53,183,69,159,164,90,28,155,73,99,106,136,115,152,35,161,102,137,133,76,122,116,16,125,145,140,92,108,192,40,169,194,29,154,60,177,27,185,127,96,171,141,98,114,64,79,179,47,88,5,186,199,83,153,166,24,150,10,187,175,77,197,168,31,56,63];False
2385;6959;9344;[34,198,174,190,109,118,6,193,172,132,130,22,147,149,129,2,66,157,103,105,74,188,87,37,94,0,167,61,45,138,178,9,78,128,42,120,3,121,162,126,143,160,91,1,33,124,180,196,36,85,104,17,82,23,189,81,112,93,19,26,176,46,12,49,170,95,38,139,65,20,51,50,21,48,146,4,84,67,32,72,163,25,70,41,142,117,77,113,156,71,191,144,184,8,173,18,86,110,101,59,80,100,30,134,148,11,97,58,54,151,7,165,181,68,123,44,131,158,62,195,119,43,39,107,55,14,13,111,52,89,75,182,15,135,53,183,69,159,164,90,28,155,73,99,106,136,115,152,35,161,102,137,133,76,122,116,16,125,145,140,92,108,192,40,169,194,29,154,60,177,27,185,127,96,171,141,98,114,64,79,179,47,88,5,186,199,83,153,166,24,150,10,187,175,57,197,168,31,56,63];False
2374;6960;9334;[34,198,174,190,109,118,6,193,172,132,130,22,147,149,129,2,66,157,103,105,74,188,87,37,94,0,167,61,45,138,178,9,78,128,42,120,3,121,162,126,143,160,91,1,33,124,180,196,36,85,104,17,82,23,189,81,112,93,19,26,176,46,12,49,170,95,38,139,65,20,51,50,21,48,146,4,84,67,32,72,163,25,70,41,142,117,77,113,156,71,165,144,184,8,173,18,86,110,101,59,80,100,30,134,148,11,97,58,54,151,7,191,181,68,123,16,131,158,62,195,119,43,39,107,55,14,13,111,52,89,75,182,15,135,53,183,69,159,164,90,28,155,73,99,106,136,115,152,35,161,102,137,133,76,122,116,44,125,145,140,92,108,192,40,169,194,29,154,60,177,27,185,127,96,171,141,98,114,64,79,179,47,88,5,186,199,83,153,166,24,150,10,187,175,57,197,168,31,56,63];False
2401;6958;9359;[34,198,174,190,109,118,149,193,172,132,130,22,147,6,129,2,66,157,103,105,74,188,87,37,94,0,167,61,45,138,178,9,78,128,42,120,3,121,162,126,143,160,91,1,33,124,180,196,36,85,104,17,82,23,189,81,112,93,19,26,176,46,12,49,170,95,38,139,65,20,51,50,21,155,146,4,84,67,32,72,163,25,70,41,142,117,77,113,156,71,191,144,184,8,173,18,86,110,101,59,80,100,30,134,148,11,97,58,54,151,7,165,181,68,123,44,131,158,62,195,119,43,39,107,55,14,13,111,52,89,75,182,15,135,53,183,69,159,164,90,28,48,73,99,106,136,115,152,35,161,102,137,133,76,122,116,16,125,145,140,92,108,192,40,169,194,29,154,60,177,27,185,127,96,171,141,98,114,64,79,179,47,88,5,186,199,83,153,166,24,150,10,187,175,57,197,168,31,56,63];False
2408;6956;9364;[34,198,174,190,109,118,182,193,172,132,130,22,147,6,129,2,66,157,103,105,74,188,87,37,94,0,167,61,45,138,178,9,78,128,42,120,3,121,162,126,143,160,91,1,33,124,180,196,36,85,104,17,82,23,189,81,112,93,19,26,176,46,12,49,170,95,38,139,65,20,51,50,21,48,146,4,84,67,32,72,163,25,70,41,142,117,77,113,156,71,191,144,184,8,173,18,86,110,101,59,80,100,30,134,148,11,97,58,54,151,7,165,181,68,123,44,131,158,62,195,119,43,39,107,55,14,13,111,52,89,75,149,15,135,53,183,69,159,164,90,28,155,73,99,106,136,115,152,35,161,102,137,133,76,122,116,16,125,145,140,92,108,192,40,169,194,29,154,60,177,27,185,127,96,171,141,98,114,64,79,179,47,88,5,186,199,83,153,166,24,150,10,187,175,57,197,168,31,56,63];False
2308;6968;9276;[34,198,174,190,109,118,149,193,172,132,130,22,147,6,129,2,66,157,103,105,74,188,87,37,94,165,167,61,45,138,178,9,78,128,42,120,3,121,162,126,143,160,91,1,33,124,180,196,36,85,104,17,82,23,189,81,112,93,19,26,176,46,12,49,170,95,38,139,65,20,51,50,21,48,146,4,84,67,32,72,163,25,70,41,142,117,77,113,156,71,191,144,184,8,173,18,86,110,101,59,80,100,30,134,148,11,97,58,54,151,7,0,181,68,123,44,131,158,62,195,119,43,39,107,55,14,13,111,52,89,75,182,15,135,53,183,69,159,164,90,28,155,73,99,106,136,115,152,35,161,102,137,133,76,122,116,16,125,145,140,92,108,192,40,169,194,29,154,60,177,27,185,127,96,171,141,98,114,64,79,179,47,88,5,186,199,83,153,166,24,150,10,187,175,57,197,168,31,56,63];False
2422;6955;9377;[34,198,174,190,109,118,149,193,172,132,130,22,147,6,129,2,66,157,103,105,74,188,87,37,94,0,167,61,45,138,178,9,78,128,42,120,3,121,162,126,143,160,91,1,33,124,180,196,36,85,104,17,82,23,189,81,112,93,19,26,176,46,12,49,170,95,38,139,65,20,51,50,21,48,146,4,84,67,32,72,165,25,70,41,142,117,77,113,156,71,191,144,184,8,173,18,86,110,101,59,80,100,30,134,148,11,97,58,54,151,7,163,181,68,123,44,131,158,62,195,119,43,39,107,55,14,13,111,52,89,75,182,15,135,53,183,69,159,164,90,28,155,73,99,106,136,115,152,35,161,102,137,133,76,122,116,16,125,145,140,92,108,192,40,169,194,29,154,60,177,27,185,127,96,171,141,98,114,64,79,179,47,88,5,186,199,83,153,166,24,150,10,187,175,57,197,168,31,56,63];False
2372;6959;9331;[34,198,174,190,109,118,149,193,172,132,130,22,147,6,129,2,66,157,103,105,74,188,87,37,94,0,167,61,45,138,178,9,78,128,42,120,3,121,162,126,143,160,91,1,33,124,180,196,36,85,104,17,82,23,189,81,112,93,19,26,176,46,12,49,170,95,38,139,65,20,51,50,21,48,146,4,84,67,32,72,163,25,70,41,142,117,165,113,156,71,191,144,184,8,173,18,86,110,101,59,80,100,30,134,148,11,97,58,54,151,7,77,181,68,123,44,131,158,62,195,119,43,39,107,55,14,13,111,52,89,75,182,15,135,53,183,69,159,164,90,28,155,73,99,106,136,115,152,35,161,102,137,133,76,122,116,16,125,145,140,92,108,192,40,169,194,29,154,60,177,27,185,127,96,171,141,98,114,64,79,179,47,88,5,186,199,83,153,166,24,150,10,187,175,57,197,168,31,56,63];False
2349;6966;9315;[34,198,174,190,109,125,149,193,172,132,130,22,147,6,129,2,66,157,103,105,74,188,87,37,94,0,167,61,45,138,178,9,78,128,42,120,3,121,162,126,143,160,91,1,33,124,180,196,36,85,104,17,82,23,189,81,112,93,19,26,176,46,12,49,170,95,38,139,65,20,51,50,21,48,146,4,84,67,32,72,163,25,70,41,142,117,77,113,156,71,165,144,184,8,173,18,86,110,101,59,80,100,30,134,148,11,97,58,54,151,7,191,181,68,123,16,131,158,62,195,119,43,39,107,55,14,13,111,52,89,75,182,15,135,53,183,69,159,164,90,28,155,73,99,106,136,115,152,35,161,102,137,133,76,122,116,44,118,145,140,92,108,192,40,169,194,29,154,60,177,27,185,127,96,171,141,98,114,64,79,179,47,88,5,186,199,83,153,166,24,150,10,187,175,57,197,168,31,56,63];False
2397;6957;9354;[34,198,174,190,109,118,182,193,172,132,130,22,147,6,129,2,66,157,103,105,74,188,87,37,94,0,167,61,45,138,178,9,78,128,42,120,3,121,162,126,143,160,91,1,33,124,180,196,36,85,104,17,82,23,189,81,112,93,19,26,176,46,12,49,170,95,38,139,65,20,51,50,21,48,146,4,84,67,32,72,163,25,70,41,142,117,77,113,156,71,165,144,184,8,173,18,86,110,101,59,80,100,30,134,148,11,97,58,54,151,7,191,181,68,123,16,131,158,62,195,119,43,39,107,55,14,13,111,52,89,75,149,15,135,53,183,69,159,164,90,28,155,73,99,106,136,115,152,35,161,102,137,133,76,122,116,44,125,145,140,92,108,192,40,169,194,29,154,60,177,27,185,127,96,171,141,98,114,64,79,179,47,88,5,186,199,83,153,166,24,150,10,187,175,57,197,168,31,56,63];False
2356;6965;9321;[34,198,174,190,109,118,6,193,172,132,130,22,9,149,129,2,66,157,103,105,74,188,87,37,94,0,167,61,45,138,178,147,78,128,42,120,3,121,162,126,143,160,91,1,33,124,180,196,36,85,104,17,82,23,189,81,112,93,19,26,176,46,12,49,170,95,38,139,65,20,51,50,21,48,146,4,84,67,32,72,163,25,70,41,142,117,57,113,156,71,165,144,184,8,173,18,86,110,101,59,80,100,30,134,148,11,97,58,54,151,7,191,181,68,123,44,131,158,62,195,119,43,39,107,55,14,13,111,52,89,75,182,15,135,53,183,69,159,164,90,28,155,73,99,106,136,115,152,35,161,102,137,133,76,122,116,16,125,145,140,92,108,192,40,169,194,29,154,60,177,27,185,127,96,171,141,98,114,64,79,179,47,88,5,186,199,83,153,166,24,150,10,187,175,77,197,168,31,56,63];False
2406;6955;9361;[34,198,174,190,109,118,6,193,172,132,130,22,147,149,129,2,66,157,103,105,74,188,87,37,94,0,167,61,45,138,178,9,78,128,42,120,3,121,162,126,143,160,91,1,33,124,180,196,36,85,104,17,82,23,189,81,112,93,19,26,176,46,12,49,170,95,38,139,65,20,51,50,21,48,146,4,84,67,32,72,163,25,70,41,142,117,57,113,156,71,191,144,184,8,173,18,86,110,101,59,80,100,30,134,148,11,97,58,54,151,7,165,181,68,123,44,131,158,62,195,119,43,39,107,55,14,13,111,52,89,75,182,15,135,53,183,69,159,164,90,28,155,73,99,106,136,115,152,35,161,102,137,133,76,122,116,16,125,145,140,92,108,192,40,169,194,29,154,60,177,27,185,127,96,171,141,98,114,64,79,179,47,88,5,186,199,83,153,166,24,150,10,187,175,77,197,168,31,56,63];False
2395;6956;9351;[34,198,174,190,109,118,6,193,172,132,130,22,147,149,129,2,66,157,103,105,74,188,87,37,94,0,167,61,45,138,178,9,78,128,42,120,3,121,162,126,143,160,91,1,33,124,180,196,36,85,104,17,82,23,189,81,112,93,19,26,176,46,12,49,170,95,38,139,65,20,51,50,21,48,146,4,84,67,32,72,163,25,70,41,142,117,57,113,156,71,165,144,184,8,173,18,86,110,101,59,80,100,30,134,148,11,97,58,54,151,7,191,181,68,123,16,131,158,62,195,119,43,39,107,55,14,13,111,52,89,75,182,15,135,53,183,69,159,164,90,28,155,73,99,106,136,115,152,35,161,102,137,133,76,122,116,44,125,145,140,92,108,192,40,169,194,29,154,60,177,27,185,127,96,171,141,98,114,64,79,179,47,88,5,186,199,83,153,166,24,150,10,187,175,77,197,168,31,56,63];False
2357;6963;9320;[34,198,174,118,109,190,149,193,172,132,130,22,147,6,129,2,66,157,103,105,74,188,87,37,94,165,167,61,45,138,178,9,78,128,42,120,3,121,162,126,143,160,91,1,33,124,180,196,36,85,104,17,82,23,189,81,112,93,19,26,176,46,12,49,170,95,38,139,65,20,51,50,21,48,146,4,84,67,32,72,163,25,70,41,142,117,77,113,156,71,191,144,184,8,173,18,86,110,101,59,80,100,30,134,148,11,97,58,54,151,7,0,181,68,123,44,131,158,62,195,119,43,39,107,55,14,13,111,52,89,75,182,15,135,53,183,69,159,164,90,28,155,73,99,106,136,115,152,35,161,102,137,133,76,122,116,16,125,145,140,92,108,192,40,169,194,29,154,60,177,27,185,127,96,171,141,98,114,64,79,179,47,88,5,186,199,83,153,166,24,150,10,187,175,57,197,168,31,56,63];False
2351;6965;9316;[34,198,174,190,109,165,149,193,172,132,130,22,147,6,129,2,66,157,103,105,74,188,87,37,94,118,167,61,45,138,178,9,78,128,42,120,3,121,162,126,143,160,91,1,33,124,180,196,36,85,104,17,82,23,189,81,112,93,19,26,176,46,12,49,170,95,38,139,65,20,51,50,21,48,146,4,84,67,32,72,163,25,70,41,142,117,77,113,156,71,191,144,184,8,173,18,86,110,101,59,80,100,30,134,148,11,97,58,54,151,7,0,181,68,123,44,131,158,62,195,119,43,39,107,55,14,13,111,52,89,75,182,15,135,53,183,69,159,164,90,28,155,73,99,106,136,115,152,35,161,102,137,133,76,122,116,16,125,145,140,92,108,192,40,169,194,29,154,60,177,27,185,127,96,171,141,98,114,64,79,179,47,88,5,186,199,83,153,166,24,150,10,187,175,57,197,168,31,56,63];False
2339;6967;9306;[34,198,174,190,109,125,149,193,172,132,130,22,147,6,129,2,66,157,103,105,74,188,87,37,94,165,167,61,45,138,178,9,78,128,42,120,3,121,162,126,143,160,91,1,33,124,180,196,36,85,104,17,82,23,189,81,112,93,19,26,176,46,12,49,170,95,38,139,65,20,51,50,21,48,146,4,84,67,32,72,163,25,70,41,142,117,77,113,156,71,191,144,184,8,173,18,86,110,101,59,80,100,30,134,148,11,97,58,54,151,7,0,181,68,123,44,131,158,62,195,119,43,39,107,55,14,13,111,52,89,75,182,15,135,53,183,69,159,164,90,28,155,73,99,106,136,115,152,35,161,102,137,133,76,122,116,16,118,145,140,92,108,192,40,169,194,29,154,60,177,27,185,127,96,171,141,98,114,64,79,179,47,88,5,186,199,83,153,166,24,150,10,187,175,57,197,168,31,56,63];False
2325;6963;9288;[34,198,174,190,109,118,6,193,172,132,130,22,147,149,129,2,66,157,103,105,74,188,87,37,94,165,167,61,45,138,178,9,78,128,42,120,3,121,162,126,143,160,91,1,33,124,180,196,36,85,104,17,82,23,189,81,112,93,19,26,176,46,12,49,170,95,38,139,65,20,51,50,21,48,146,4,84,67,32,72,163,25,70,41,142,117,77,113,156,71,191,144,184,8,173,18,86,110,101,59,80,100,30,134,148,11,97,58,54,151,7,0,181,68,123,44,131,158,62,195,119,43,39,107,55,14,13,111,52,89,75,182,15,135,53,183,69,159,164,90,28,155,73,99,106,136,115,152,35,161,102,137,133,76,122,116,16,125,145,140,92,108,192,40,169,194,29,154,60,177,27,185,127,96,171,141,98,114,64,79,179,47,88,5,186,199,83,153,166,24,150,10,187,175,57,197,168,31,56,63];False
2419;6950;9369;[34,198,174,190,109,118,163,193,172,132,130,22,147,6,129,2,66,157,103,105,74,188,87,37,94,165,167,61,45,138,178,9,78,128,42,120,3,121,162,126,143,160,91,1,33,124,180,196,36,85,104,17,82,23,189,81,112,93,19,26,176,46,12,49,170,95,38,139,65,20,51,50,21,48,146,4,84,67,32,72,149,25,70,41,142,117,77,113,156,71,191,144,184,8,173,18,86,110,101,59,80,100,30,134,148,11,97,58,54,151,7,0,181,68,123,44,131,158,62,195,119,43,39,107,55,14,13,111,52,89,75,182,15,135,53,183,69,159,164,90,28,155,73,99,106,136,115,152,35,161,102,137,133,76,122,116,16,125,145,140,92,108,192,40,169,194,29,154,60,177,27,185,127,96,171,141,98,114,64,79,179,47,88,5,186,199,83,153,166,24,150,10,187,175,57,197,168,31,56,63];False
2348;6960;9308;[34,198,174,190,109,118,182,193,172,132,130,22,147,6,129,2,66,157,103,105,74,188,87,37,94,165,167,61,45,138,178,9,78,128,42,120,3,121,162,126,143,160,91,1,33,124,180,196,36,85,104,17,82,23,189,81,112,93,19,26,176,46,12,49,170,95,38,139,65,20,51,50,21,48,146,4,84,67,32,72,163,25,70,41,142,117,77,113,156,71,191,144,184,8,173,18,86,110,101,59,80,100,30,134,148,11,97,58,54,151,7,0,181,68,123,44,131,158,62,195,119,43,39,107,55,14,13,111,52,89,75,149,15,135,53,183,69,159,164,90,28,155,73,99,106,136,115,152,35,161,102,137,133,76,122,116,16,125,145,140,92,108,192,40,169,194,29,154,60,177,27,185,127,96,171,141,98,114,64,79,179,47,88,5,186,199,83,153,166,24,150,10,187,175,57,197,168,31,56,63];False
2390;6957;9347;[34,198,174,190,109,118,149,193,172,132,130,22,9,6,129,2,66,157,103,105,74,188,87,37,94,165,167,61,45,138,178,147,78,128,42,120,3,121,162,126,143,160,91,1,33,124,180,196,36,85,104,17,82,23,189,81,112,93,19,26,176,46,12,49,170,95,38,139,65,20,51,50,21,48,146,4,84,67,32,72,163,25,70,41,142,117,77,113,156,71,191,144,184,8,173,18,86,110,101,59,80,100,30,134,148,11,97,58,54,151,7,0,181,68,123,44,131,158,62,195,119,43,39,107,55,14,13,111,52,89,75,182,15,135,53,183,69,159,164,90,28,155,73,99,106,136,115,152,35,161,102,137,133,76,122,116,16,125,145,140,92,108,192,40,169,194,29,154,60,177,27,185,127,96,171,141,98,114,64,79,179,47,88,5,186,199,83,153,166,24,150,10,187,175,57,197,168,31,56,63];False
2413;6954;9367;[34,198,174,190,109,118,149,193,172,132,130,22,147,6,129,2,66,157,103,105,74,188,87,37,94,165,167,61,45,138,178,9,78,128,171,120,3,121,162,126,143,160,91,1,33,124,180,196,36,85,104,17,82,23,189,81,112,93,19,26,176,46,12,49,170,95,38,139,65,20,51,50,21,48,146,4,84,67,32,72,163,25,70,41,142,117,77,113,156,71,191,144,184,8,173,18,86,110,101,59,80,100,30,134,148,11,97,58,54,151,7,0,181,68,123,44,131,158,62,195,119,43,39,107,55,14,13,111,52,89,75,182,15,135,53,183,69,159,164,90,28,155,73,99,106,136,115,152,35,161,102,137,133,76,122,116,16,125,145,140,92,108,192,40,169,194,29,154,60,177,27,185,127,96,42,141,98,114,64,79,179,47,88,5,186,199,83,153,166,24,150,10,187,175,57,197,168,31,56,63];False
2341;6962;9303;[34,198,174,190,109,118,149,193,172,132,130,22,147,6,129,2,66,157,103,105,74,188,87,37,94,165,167,61,45,138,178,9,78,128,42,120,3,121,162,126,143,160,91,1,33,124,180,196,36,85,104,17,82,23,189,81,112,93,19,26,176,46,12,49,170,95,38,139,65,20,51,50,21,155,146,4,84,67,32,72,163,25,70,41,142,117,77,113,156,71,191,144,184,8,173,18,86,110,101,59,80,100,30,134,148,11,97,58,54,151,7,0,181,68,123,44,131,158,62,195,119,43,39,107,55,14,13,111,52,89,75,182,15,135,53,183,69,159,164,90,28,48,73,99,106,136,115,152,35,161,102,137,133,76,122,116,16,125,145,140,92,108,192,40,169,194,29,154,60,177,27,185,127,96,171,141,98,114,64,79,179,47,88,5,186,199,83,153,166,24,150,10,187,175,57,197,168,31,56,63];False
2301;6976;9277;[34,198,174,190,109,118,149,193,172,132,130,22,147,6,129,2,66,157,103,105,74,188,87,37,94,165,167,61,45,138,178,9,78,128,42,120,3,121,162,126,143,160,91,1,33,124,180,196,36,85,104,17,82,23,189,81,112,93,19,26,176,46,12,49,170,95,38,139,65,20,51,50,21,48,146,4,84,67,32,72,163,25,70,41,142,117,11,113,156,71,191,144,184,8,173,18,86,110,101,59,80,100,30,134,148,77,97,58,54,151,7,0,181,68,123,44,131,158,62,195,119,43,39,107,55,14,13,111,52,89,75,182,15,135,53,183,69,159,164,90,28,155,73,99,106,136,115,152,35,161,102,137,133,76,122,116,16,125,145,140,92,108,192,40,169,194,29,154,60,177,27,185,127,96,171,141,98,114,64,79,179,47,88,5,186,199,83,153,166,24,150,10,187,175,57,197,168,31,56,63];False
2302;6975;9277;[34,198,174,190,109,118,149,193,172,132,130,22,147,6,129,2,66,157,103,105,74,188,87,37,94,165,167,61,45,138,178,9,78,128,42,120,3,121,162,126,143,160,91,1,33,124,180,196,36,85,104,17,82,23,189,81,112,93,19,26,176,46,12,49,170,95,38,139,65,20,51,50,21,48,146,4,84,67,32,72,163,25,70,41,142,117,77,113,156,71,191,144,184,8,173,18,137,110,101,59,80,100,30,134,148,11,97,58,54,151,7,0,181,68,123,44,131,158,62,195,119,43,39,107,55,14,13,111,52,89,75,182,15,135,53,183,69,159,164,90,28,155,73,99,106,136,115,152,35,161,102,86,133,76,122,116,16,125,145,140,92,108,192,40,169,194,29,154,60,177,27,185,127,96,171,141,98,114,64,79,179,47,88,5,186,199,83,153,166,24,150,10,187,175,57,197,168,31,56,63];False
2396;6950;9346;[34,198,174,190,109,118,149,193,172,132,130,22,147,6,129,2,66,157,103,105,74,188,87,37,94,165,167,61,45,138,178,9,78,128,42,120,3,121,162,126,143,160,91,1,33,124,180,196,36,85,104,17,82,23,189,81,112,93,19,26,176,46,12,49,170,95,38,139,65,20,51,50,21,48,146,4,84,67,32,72,163,25,70,41,142,117,77,113,156,71,191,144,184,8,173,18,86,110,101,59,80,100,30,134,148,11,97,58,54,151,7,0,181,68,123,16,131,158,62,195,119,43,39,107,55,14,13,111,52,89,75,182,15,135,53,183,69,159,164,90,28,155,73,99,106,136,115,152,35,161,102,137,133,76,122,116,44,125,145,140,92,108,192,40,169,194,29,154,60,177,27,185,127,96,171,141,98,114,64,79,179,47,88,5,186,199,83,153,166,24,150,10,187,175,57,197,168,31,56,63];False
2389;6954;9343;[34,198,174,190,109,118,6,193,172,132,130,22,147,149,129,2,66,157,103,105,74,188,87,37,94,0,167,61,45,138,178,9,78,128,42,120,3,121,162,126,143,160,91,1,33,124,180,196,36,85,104,17,82,23,189,81,112,93,19,26,176,46,12,49,170,95,38,139,65,20,51,50,21,48,146,4,84,67,32,72,163,25,70,41,142,117,165,113,156,71,191,144,184,8,173,18,86,110,101,59,80,100,30,134,148,11,97,58,54,151,7,77,181,68,123,44,131,158,62,195,119,43,39,107,55,14,13,111,52,89,75,182,15,135,53,183,69,159,164,90,28,155,73,99,106,136,115,152,35,161,102,137,133,76,122,116,16,125,145,140,92,108,192,40,169,194,29,154,60,177,27,185,127,96,171,141,98,114,64,79,179,47,88,5,186,199,83,153,166,24,150,10,187,175,57,197,168,31,56,63];False
2418;6948;9366;[34,198,174,190,109,118,149,193,172,132,130,165,147,6,129,2,66,157,103,105,74,188,87,37,94,0,167,61,45,138,178,9,78,128,42,120,3,121,162,126,143,160,91,1,33,124,180,196,36,85,104,17,82,23,189,81,112,93,19,26,176,46,12,49,170,95,38,139,65,20,51,50,21,48,146,4,84,67,32,72,163,25,70,41,142,117,22,113,156,71,191,144,184,8,173,18,86,110,101,59,80,100,30,134,148,11,97,58,54,151,7,77,181,68,123,44,131,158,62,195,119,43,39,107,55,14,13,111,52,89,75,182,15,135,53,183,69,159,164,90,28,155,73,99,106,136,115,152,35,161,102,137,133,76,122,116,16,125,145,140,92,108,192,40,169,194,29,154,60,177,27,185,127,96,171,141,98,114,64,79,179,47,88,5,186,199,83,153,166,24,150,10,187,175,57,197,168,31,56,63];False
2374;6954;9328;[34,198,174,190,109,118,6,193,172,132,130,22,9,149,129,2,66,157,103,105,74,188,87,37,94,165,167,61,45,138,178,147,78,128,42,120,3,121,162,126,143,160,91,1,33,124,180,196,36,85,104,17,82,23,189,81,112,93,19,26,176,46,12,49,170,95,38,139,65,20,51,50,21,48,146,4,84,67,32,72,163,25,70,41,142,117,77,113,156,71,191,144,184,8,173,18,86,110,101,59,80,100,30,134,148,11,97,58,54,151,7,0,181,68,123,44,131,158,62,195,119,43,39,107,55,14,13,111,52,89,75,182,15,135,53,183,69,159,164,90,28,155,73,99,106,136,115,152,35,161,102,137,133,76,122,116,16,125,145,140,92,108,192,40,169,194,29,154,60,177,27,185,127,96,171,141,98,114,64,79,179,47,88,5,186,199,83,153,166,24,150,10,187,175,57,197,168,31,56,63];False
2437;6946;9383;[34,198,174,190,109,118,6,193,172,132,130,22,147,163,129,2,66,157,103,105,74,188,87,37,94,165,167,61,45,138,178,9,78,128,42,120,3,121,162,126,143,160,91,1,33,124,180,196,36,85,104,17,82,23,189,81,112,93,19,26,176,46,12,49,170,95,38,139,65,20,51,50,21,48,146,4,84,67,32,72,149,25,70,41,142,117,77,113,156,71,191,144,184,8,173,18,86,110,101,59,80,100,30,134,148,11,97,58,54,151,7,0,181,68,123,44,131,158,62,195,119,43,39,107,55,14,13,111,52,89,75,182,15,135,53,183,69,159,164,90,28,155,73,99,106,136,115,152,35,161,102,137,133,76,122,116,16,125,145,140,92,108,192,40,169,194,29,154,60,177,27,185,127,96,171,141,98,114,64,79,179,47,88,5,186,199,83,153,166,24,150,10,187,175,57,197,168,31,56,63];False
2347;6959;9306;[34,198,174,190,109,118,6,193,172,132,130,22,147,149,129,2,66,157,103,105,74,188,87,37,94,165,167,61,45,138,178,9,78,128,42,120,3,121,162,126,143,160,91,1,33,124,180,196,36,85,104,17,82,23,189,81,52,93,19,26,176,46,12,49,170,95,38,139,65,20,51,50,21,48,146,4,84,67,32,72,163,25,70,41,142,117,77,113,156,71,191,144,184,8,173,18,86,110,101,59,80,100,30,134,148,11,97,58,54,151,7,0,181,68,123,44,131,158,62,195,119,43,39,107,55,14,13,111,112,89,75,182,15,135,53,183,69,159,164,90,28,155,73,99,106,136,115,152,35,161,102,137,133,76,122,116,16,125,145,140,92,108,192,40,169,194,29,154,60,177,27,185,127,96,171,141,98,114,64,79,179,47,88,5,186,199,83,153,166,24,150,10,187,175,57,197,168,31,56,63];False
2358;6957;9315;[34,198,174,190,109,118,6,193,172,132,130,22,147,149,129,2,66,157,103,105,74,188,87,37,94,165,167,61,45,138,178,9,78,128,42,120,3,121,162,126,143,160,91,1,33,124,180,196,36,85,104,17,82,23,189,81,112,93,19,26,176,46,12,49,170,95,38,139,65,20,51,50,21,155,146,4,84,67,32,72,163,25,70,41,142,117,77,113,156,71,191,144,184,8,173,18,86,110,101,59,80,100,30,134,148,11,97,58,54,151,7,0,181,68,123,44,131,158,62,195,119,43,39,107,55,14,13,111,52,89,75,182,15,135,53,183,69,159,164,90,28,48,73,99,106,136,115,152,35,161,102,137,133,76,122,116,16,125,145,140,92,108,192,40,169,194,29,154,60,177,27,185,127,96,171,141,98,114,64,79,179,47,88,5,186,199,83,153,166,24,150,10,187,175,57,197,168,31,56,63];False
2346;6959;9305;[34,198,174,190,109,118,6,193,172,132,130,22,147,149,129,2,66,157,103,105,74,188,87,37,94,165,167,61,45,138,178,9,78,128,42,120,3,121,162,126,143,160,91,1,33,124,180,196,36,85,104,17,82,23,189,81,112,93,19,26,176,46,12,49,170,95,38,139,65,20,51,50,21,48,146,4,84,67,32,72,163,25,70,41,142,117,57,113,156,71,191,144,184,8,173,18,86,110,101,59,80,100,30,134,148,11,97,58,54,151,7,0,181,68,123,44,131,158,62,195,119,43,39,107,55,14,13,111,52,89,75,182,15,135,53,183,69,159,164,90,28,155,73,99,106,136,115,152,35,161,102,137,133,76,122,116,16,125,145,140,92,108,192,40,169,194,29,154,60,177,27,185,127,96,171,141,98,114,64,79,179,47,88,5,186,199,83,153,166,24,150,10,187,175,77,197,168,31,56,63];False
2413;6945;9358;[34,198,174,190,109,118,6,193,172,132,130,22,147,149,129,2,66,157,103,105,74,188,87,37,94,165,167,61,45,138,178,9,78,128,42,120,3,121,162,126,143,160,91,1,33,124,180,196,36,85,104,17,82,23,189,81,112,93,19,26,176,46,12,49,170,95,38,139,65,20,51,50,21,48,146,4,84,67,32,72,163,25,70,41,142,117,77,113,156,71,191,144,184,8,173,18,86,110,101,59,80,100,30,134,148,11,97,58,54,151,7,0,181,68,123,16,131,158,62,195,119,43,39,107,55,14,13,111,52,89,75,182,15,135,53,183,69,159,164,90,28,155,73,99,106,136,115,152,35,161,102,137,133,76,122,116,44,125,145,140,92,108,192,40,169,194,29,154,60,177,27,185,127,96,171,141,98,114,64,79,179,47,88,5,186,199,83,153,166,24,150,10,187,175,57,197,168,31,56,63];False
2429;6944;9373;[34,198,174,190,109,118,149,193,172,132,130,22,147,6,129,2,66,157,103,105,74,188,87,37,94,165,167,61,45,138,178,9,78,128,42,120,3,121,162,126,143,160,91,1,33,124,180,196,36,85,104,17,82,23,189,81,112,93,19,26,176,46,12,49,170,95,38,139,65,20,51,50,21,155,146,4,84,67,32,72,163,25,70,41,142,117,77,113,156,71,191,144,184,8,173,18,86,110,101,59,80,100,30,134,148,11,97,58,54,151,7,0,181,68,123,16,131,158,62,195,119,43,39,107,55,14,13,111,52,89,75,182,15,135,53,183,69,159,164,90,28,48,73,99,106,136,115,152,35,161,102,137,133,76,122,116,44,125,145,140,92,108,192,40,169,194,29,154,60,177,27,185,127,96,171,141,98,114,64,79,179,47,88,5,186,199,83,153,166,24,150,10,187,175,57,197,168,31,56,63];False
2388;6951;9339;[34,198,174,190,109,125,149,193,172,132,130,22,147,6,129,2,66,157,103,105,74,188,87,37,94,165,167,61,45,138,178,9,78,128,42,120,3,121,162,126,143,160,91,1,33,124,180,196,36,85,104,17,82,23,189,81,112,93,19,26,176,46,12,49,170,95,38,139,65,20,51,50,21,48,146,4,84,67,32,72,163,25,70,41,142,117,77,113,156,71,191,144,184,8,173,18,86,110,101,59,80,100,30,134,148,11,97,58,54,151,7,0,181,68,123,16,131,158,62,195,119,43,39,107,55,14,13,111,52,89,75,182,15,135,53,183,69,159,164,90,28,155,73,99,106,136,115,152,35,161,102,137,133,76,122,116,44,118,145,140,92,108,192,40,169,194,29,154,60,177,27,185,127,96,171,141,98,114,64,79,179,47,88,5,186,199,83,153,166,24,150,10,187,175,57,197,168,31,56,63];False
2436;6942;9378;[34,198,174,190,109,118,182,193,172,132,130,22,147,6,129,2,66,157,103,105,74,188,87,37,94,165,167,61,45,138,178,9,78,128,42,120,3,121,162,126,143,160,91,1,33,124,180,196,36,85,104,17,82,23,189,81,112,93,19,26,176,46,12,49,170,95,38,139,65,20,51,50,21,48,146,4,84,67,32,72,163,25,70,41,142,117,77,113,156,71,191,144,184,8,173,18,86,110,101,59,80,100,30,134,148,11,97,58,54,151,7,0,181,68,123,16,131,158,62,195,119,43,39,107,55,14,13,111,52,89,75,149,15,135,53,183,69,159,164,90,28,155,73,99,106,136,115,152,35,161,102,137,133,76,122,116,44,125,145,140,92,108,192,40,169,194,29,154,60,177,27,185,127,96,171,141,98,114,64,79,179,47,88,5,186,199,83,153,166,24,150,10,187,175,57,197,168,31,56,63];False
2399;6933;9332;[34,198,174,190,109,118,6,193,172,132,130,22,12,149,129,2,66,157,103,105,74,188,87,37,94,165,167,61,45,138,178,147,78,128,42,120,3,121,162,126,143,160,91,1,33,124,180,196,36,85,104,17,82,23,189,81,112,93,19,26,176,46,9,49,170,95,38,139,65,20,51,50,21,48,146,4,84,67,32,72,163,25,70,41,142,117,77,113,156,71,191,144,184,8,173,18,86,110,101,59,80,100,30,134,148,11,97,58,54,151,7,0,181,68,123,44,131,158,62,195,119,43,39,107,55,14,13,111,52,89,75,182,15,135,53,183,69,159,164,90,28,155,73,99,106,136,115,152,35,161,102,137,133,76,122,116,16,125,145,140,92,108,192,40,169,194,29,154,60,177,27,185,127,96,171,141,98,114,64,79,179,47,88,5,186,199,83,153,166,24,150,10,187,175,57,197,168,31,56,63];False
2395;6950;9345;[34,198,174,190,109,118,6,193,172,132,130,22,9,149,129,2,66,157,103,105,74,188,87,37,94,165,167,61,45,138,178,147,78,128,42,120,3,121,162,126,143,160,91,1,33,124,180,196,36,85,104,17,82,23,189,81,112,93,19,26,176,46,12,49,170,95,38,139,65,20,51,50,21,48,146,4,84,67,32,72,163,25,70,41,142,117,57,113,156,71,191,144,184,8,173,18,86,110,101,59,80,100,30,134,148,11,97,58,54,151,7,0,181,68,123,44,131,158,62,195,119,43,39,107,55,14,13,111,52,89,75,182,15,135,53,183,69,159,164,90,28,155,73,99,106,136,115,152,35,161,102,137,133,76,122,116,16,125,145,140,92,108,192,40,169,194,29,154,60,177,27,185,127,96,171,141,98,114,64,79,179,47,88,5,186,199,83,153,166,24,150,10,187,175,77,197,168,31,56,63];False
2354;6957;9311;[34,198,174,190,109,118,6,193,172,132,130,22,147,28,129,2,66,157,103,105,74,188,87,37,94,165,167,61,45,138,178,9,78,128,42,120,3,121,162,126,143,160,91,1,33,124,180,196,36,85,104,17,82,23,189,81,112,93,19,26,176,46,12,49,170,95,38,139,65,20,51,50,21,155,146,4,84,67,32,72,163,25,70,41,142,117,77,113,156,71,191,144,184,8,173,18,86,110,101,59,80,100,30,134,148,11,97,58,54,151,7,0,181,68,123,44,131,158,62,195,119,43,39,107,55,14,13,111,52,89,75,182,15,135,53,183,69,159,164,90,149,48,73,99,106,136,115,152,35,161,102,137,133,76,122,116,16,125,145,140,92,108,192,40,169,194,29,154,60,177,27,185,127,96,171,141,98,114,64,79,179,47,88,5,186,199,83,153,166,24,150,10,187,175,57,197,168,31,56,63];False
2368;6955;9323;[34,198,174,190,109,118,6,193,172,132,130,22,147,149,129,2,66,157,103,105,74,188,87,37,94,165,167,61,45,138,178,9,78,128,42,120,3,121,162,126,143,160,91,1,33,124,180,196,36,85,104,17,82,23,189,81,52,93,19,26,176,46,12,49,170,95,38,139,65,20,51,50,21,48,146,4,84,67,32,72,163,25,70,41,142,117,57,113,156,71,191,144,184,8,173,18,86,110,101,59,80,100,30,134,148,11,97,58,54,151,7,0,181,68,123,44,131,158,62,195,119,43,39,107,55,14,13,111,112,89,75,182,15,135,53,183,69,159,164,90,28,155,73,99,106,136,115,152,35,161,102,137,133,76,122,116,16,125,145,140,92,108,192,40,169,194,29,154,60,177,27,185,127,96,171,141,98,114,64,79,179,47,88,5,186,199,83,153,166,24,150,10,187,175,77,197,168,31,56,63];False
2379;6953;9332;[34,198,174,190,109,118,6,193,172,132,130,22,147,149,129,2,66,157,103,105,74,188,87,37,94,165,167,61,45,138,178,9,78,128,42,120,3,121,162,126,143,160,91,1,33,124,180,196,36,85,104,17,82,23,189,81,112,93,19,26,176,46,12,49,170,95,38,139,65,20,51,50,21,155,146,4,84,67,32,72,163,25,70,41,142,117,57,113,156,71,191,144,184,8,173,18,86,110,101,59,80,100,30,134,148,11,97,58,54,151,7,0,181,68,123,44,131,158,62,195,119,43,39,107,55,14,13,111,52,89,75,182,15,135,53,183,69,159,164,90,28,48,73,99,106,136,115,152,35,161,102,137,133,76,122,116,16,125,145,140,92,108,192,40,169,194,29,154,60,177,27,185,127,96,171,141,98,114,64,79,179,47,88,5,186,199,83,153,166,24,150,10,187,175,77,197,168,31,56,63];False
2391;6948;9339;[34,198,174,190,109,125,6,193,172,132,130,22,147,149,129,2,66,157,103,105,74,188,87,37,94,165,167,61,45,138,178,9,78,128,42,120,3,121,162,126,143,160,91,1,33,124,180,196,36,85,104,17,82,23,189,81,112,93,19,26,176,46,12,49,170,95,38,139,65,20,51,50,21,48,146,4,84,67,32,72,163,25,70,41,142,117,77,113,156,71,191,144,184,8,173,18,86,110,101,59,80,100,30,134,148,11,97,58,54,151,7,0,181,68,123,16,131,158,62,195,119,43,39,107,55,14,13,111,52,89,75,182,15,135,53,183,69,159,164,90,28,155,73,99,106,136,115,152,35,161,102,137,133,76,122,116,44,118,145,140,92,108,192,40,169,194,29,154,60,177,27,185,127,96,171,141,98,114,64,79,179,47,88,5,186,199,83,153,166,24,150,10,187,175,57,197,168,31,56,63];False
2469;6929;9398;[34,198,174,118,109,190,6,193,172,132,130,22,12,149,129,2,66,157,103,105,74,188,87,37,94,165,167,61,45,138,178,147,78,128,42,120,3,121,162,126,143,160,91,1,33,124,180,196,36,85,104,17,82,23,189,81,112,93,19,26,176,46,9,49,170,95,38,139,65,20,51,50,21,48,146,4,84,67,32,72,163,25,70,41,142,117,77,113,156,71,191,144,184,8,173,18,86,110,101,59,80,100,30,134,148,11,97,58,54,151,7,0,181,68,123,44,131,158,62,195,119,43,39,107,55,14,13,111,52,89,75,182,15,135,53,183,69,159,164,90,28,155,73,99,106,136,115,152,35,161,102,137,133,76,122,116,16,125,145,140,92,108,192,40,169,194,29,154,60,177,27,185,127,96,171,141,98,114,64,79,179,47,88,5,186,199,83,153,166,24,150,10,187,175,57,197,168,31,56,63];False
2455;6932;9387;[34,198,174,190,109,118,6,193,172,132,130,5,12,149,129,2,66,157,103,105,74,188,87,37,94,165,167,61,45,138,178,147,78,128,42,120,3,121,162,126,143,160,91,1,33,124,180,196,36,85,104,17,82,23,189,81,112,93,19,26,176,46,9,49,170,95,38,139,65,20,51,50,21,48,146,4,84,67,32,72,163,25,70,41,142,117,77,113,156,71,191,144,184,8,173,18,86,110,101,59,80,100,30,134,148,11,97,58,54,151,7,0,181,68,123,44,131,158,62,195,119,43,39,107,55,14,13,111,52,89,75,182,15,135,53,183,69,159,164,90,28,155,73,99,106,136,115,152,35,161,102,137,133,76,122,116,16,125,145,140,92,108,192,40,169,194,29,154,60,177,27,185,127,96,171,141,98,114,64,79,179,47,88,22,186,199,83,153,166,24,150,10,187,175,57,197,168,31,56,63];False
2385;6936;9321;[34,198,174,190,109,118,6,193,172,132,130,22,12,49,129,2,66,157,103,105,74,188,87,37,94,165,167,61,45,138,178,147,78,128,42,120,3,121,162,126,143,160,91,1,33,124,180,196,36,85,104,17,82,23,189,81,112,93,19,26,176,46,9,149,170,95,38,139,65,20,51,50,21,48,146,4,84,67,32,72,163,25,70,41,142,117,77,113,156,71,191,144,184,8,173,18,86,110,101,59,80,100,30,134,148,11,97,58,54,151,7,0,181,68,123,44,131,158,62,195,119,43,39,107,55,14,13,111,52,89,75,182,15,135,53,183,69,159,164,90,28,155,73,99,106,136,115,152,35,161,102,137,133,76,122,116,16,125,145,140,92,108,192,40,169,194,29,154,60,177,27,185,127,96,171,141,98,114,64,79,179,47,88,5,186,199,83,153,166,24,150,10,187,175,57,197,168,31,56,63];False
2471;6925;9396;[34,198,174,190,109,118,6,193,172,132,130,22,12,7,129,2,66,157,103,105,74,188,87,37,94,165,167,61,45,138,178,147,78,128,42,120,3,121,162,126,143,160,91,1,33,124,180,196,36,85,104,17,82,23,189,81,112,93,19,26,176,46,9,49,170,95,38,139,65,20,51,50,21,48,146,4,84,67,32,72,163,25,70,41,142,117,77,113,156,71,191,144,184,8,173,18,86,110,101,59,80,100,30,134,148,11,97,58,54,151,149,0,181,68,123,44,131,158,62,195,119,43,39,107,55,14,13,111,52,89,75,182,15,135,53,183,69,159,164,90,28,155,73,99,106,136,115,152,35,161,102,137,133,76,122,116,16,125,145,140,92,108,192,40,169,194,29,154,60,177,27,185,127,96,171,141,98,114,64,79,179,47,88,5,186,199,83,153,166,24,150,10,187,175,57,197,168,31,56,63];False
2368;6938;9306;[34,198,174,190,109,118,6,193,172,132,130,22,12,43,129,2,66,157,103,105,74,188,87,37,94,165,167,61,45,138,178,147,78,128,42,120,3,121,162,126,143,160,91,1,33,124,180,196,36,85,104,17,82,23,189,81,112,93,19,26,176,46,9,49,170,95,38,139,65,20,51,50,21,48,146,4,84,67,32,72,163,25,70,41,142,117,77,113,156,71,191,144,184,8,173,18,86,110,101,59,80,100,30,134,148,11,97,58,54,151,7,0,181,68,123,44,131,158,62,195,119,149,39,107,55,14,13,111,52,89,75,182,15,135,53,183,69,159,164,90,28,155,73,99,106,136,115,152,35,161,102,137,133,76,122,116,16,125,145,140,92,108,192,40,169,194,29,154,60,177,27,185,127,96,171,141,98,114,64,79,179,47,88,5,186,199,83,153,166,24,150,10,187,175,57,197,168,31,56,63];False
2459;6929;9388;[34,198,174,190,109,118,6,193,172,132,130,22,12,149,129,2,66,157,103,105,74,188,87,37,94,0,167,61,45,138,178,147,78,128,42,120,3,121,162,126,143,160,91,1,33,124,180,196,36,85,104,17,82,23,189,81,112,93,19,26,176,46,9,49,170,95,38,139,65,20,51,50,21,48,146,4,84,67,32,72,163,25,70,41,142,117,77,113,156,71,191,144,184,8,173,18,86,110,101,59,80,100,30,134,148,11,97,58,54,151,7,165,181,68,123,44,131,158,62,195,119,43,39,107,55,14,13,111,52,89,75,182,15,135,53,183,69,159,164,90,28,155,73,99,106,136,115,152,35,161,102,137,133,76,122,116,16,125,145,140,92,108,192,40,169,194,29,154,60,177,27,185,127,96,171,141,98,114,64,79,179,47,88,5,186,199,83,153,166,24,150,10,187,175,57,197,168,31,56,63];False
2466;6926;9392;[34,198,174,190,109,118,6,193,172,132,130,22,12,149,129,2,66,157,103,105,74,188,87,37,94,165,113,61,45,138,178,147,78,128,42,120,3,121,162,126,143,160,91,1,33,124,180,196,36,85,104,17,82,23,189,81,112,93,19,26,176,46,9,49,170,95,38,139,65,20,51,50,21,48,146,4,84,67,32,72,163,25,70,41,142,117,77,167,156,71,191,144,184,8,173,18,86,110,101,59,80,100,30,134,148,11,97,58,54,151,7,0,181,68,123,44,131,158,62,195,119,43,39,107,55,14,13,111,52,89,75,182,15,135,53,183,69,159,164,90,28,155,73,99,106,136,115,152,35,161,102,137,133,76,122,116,16,125,145,140,92,108,192,40,169,194,29,154,60,177,27,185,127,96,171,141,98,114,64,79,179,47,88,5,186,199,83,153,166,24,150,10,187,175,57,197,168,31,56,63];False
2488;6922;9410;[34,198,174,190,109,118,6,193,172,132,130,22,12,149,129,2,66,157,103,105,74,188,87,37,94,165,167,61,45,138,156,147,78,128,42,120,3,121,162,126,143,160,91,1,33,124,180,196,36,85,104,17,82,23,189,81,112,93,19,26,176,46,9,49,170,95,38,139,65,20,51,50,21,48,146,4,84,67,32,72,163,25,70,41,142,117,77,113,178,71,191,144,184,8,173,18,86,110,101,59,80,100,30,134,148,11,97,58,54,151,7,0,181,68,123,44,131,158,62,195,119,43,39,107,55,14,13,111,52,89,75,182,15,135,53,183,69,159,164,90,28,155,73,99,106,136,115,152,35,161,102,137,133,76,122,116,16,125,145,140,92,108,192,40,169,194,29,154,60,177,27,185,127,96,171,141,98,114,64,79,179,47,88,5,186,199,83,153,166,24,150,10,187,175,57,197,168,31,56,63];False
2438;6931;9369;[34,198,174,190,109,118,6,193,172,132,130,22,12,149,129,2,66,157,103,105,74,188,87,37,94,165,167,61,45,138,178,147,78,128,54,120,3,121,162,126,143,160,91,1,33,124,180,196,36,85,104,17,82,23,189,81,112,93,19,26,176,46,9,49,170,95,38,139,65,20,51,50,21,48,146,4,84,67,32,72,163,25,70,41,142,117,77,113,156,71,191,144,184,8,173,18,86,110,101,59,80,100,30,134,148,11,97,58,42,151,7,0,181,68,123,44,131,158,62,195,119,43,39,107,55,14,13,111,52,89,75,182,15,135,53,183,69,159,164,90,28,155,73,99,106,136,115,152,35,161,102,137,133,76,122,116,16,125,145,140,92,108,192,40,169,194,29,154,60,177,27,185,127,96,171,141,98,114,64,79,179,47,88,5,186,199,83,153,166,24,150,10,187,175,57,197,168,31,56,63];False
2463;6927;9390;[34,198,174,190,109,118,6,193,172,132,130,22,12,149,129,2,66,157,103,105,74,188,87,37,94,165,167,61,45,138,178,147,78,128,42,120,3,121,162,126,143,160,91,1,33,124,180,196,36,182,104,17,82,23,189,81,112,93,19,26,176,46,9,49,170,95,38,139,65,20,51,50,21,48,146,4,84,67,32,72,163,25,70,41,142,117,77,113,156,71,191,144,184,8,173,18,86,110,101,59,80,100,30,134,148,11,97,58,54,151,7,0,181,68,123,44,131,158,62,195,119,43,39,107,55,14,13,111,52,89,75,85,15,135,53,183,69,159,164,90,28,155,73,99,106,136,115,152,35,161,102,137,133,76,122,116,16,125,145,140,92,108,192,40,169,194,29,154,60,177,27,185,127,96,171,141,98,114,64,79,179,47,88,5,186,199,83,153,166,24,150,10,187,175,57,197,168,31,56,63];False
2421;6929;9350;[34,198,174,190,109,118,6,193,172,132,130,22,12,149,129,2,66,157,103,105,74,188,87,37,94,165,167,61,45,138,178,147,78,128,42,120,3,121,162,126,143,160,91,1,33,124,180,196,36,85,104,17,82,23,189,81,52,93,19,26,176,46,9,49,170,95,38,139,65,20,51,50,21,48,146,4,84,67,32,72,163,25,70,41,142,117,77,113,156,71,191,144,184,8,173,18,86,110,101,59,80,100,30,134,148,11,97,58,54,151,7,0,181,68,123,44,131,158,62,195,119,43,39,107,55,14,13,111,112,89,75,182,15,135,53,183,69,159,164,90,28,155,73,99,106,136,115,152,35,161,102,137,133,76,122,116,16,125,145,140,92,108,192,40,169,194,29,154,60,177,27,185,127,96,171,141,98,114,64,79,179,47,88,5,186,199,83,153,166,24,150,10,187,175,57,197,168,31,56,63];False
2432;6927;9359;[34,198,174,190,109,118,6,193,172,132,130,22,12,149,129,2,66,157,103,105,74,188,87,37,94,165,167,61,45,138,178,147,78,128,42,120,3,121,162,126,143,160,91,1,33,124,180,196,36,85,104,17,82,23,189,81,112,93,19,26,176,46,9,49,170,95,38,139,65,20,51,50,21,155,146,4,84,67,32,72,163,25,70,41,142,117,77,113,156,71,191,144,184,8,173,18,86,110,101,59,80,100,30,134,148,11,97,58,54,151,7,0,181,68,123,44,131,158,62,195,119,43,39,107,55,14,13,111,52,89,75,182,15,135,53,183,69,159,164,90,28,48,73,99,106,136,115,152,35,161,102,137,133,76,122,116,16,125,145,140,92,108,192,40,169,194,29,154,60,177,27,185,127,96,171,141,98,114,64,79,179,47,88,5,186,199,83,153,166,24,150,10,187,175,57,197,168,31,56,63];False
2420;6929;9349;[34,198,174,190,109,118,6,193,172,132,130,22,12,149,129,2,66,157,103,105,74,188,87,37,94,165,167,61,45,138,178,147,78,128,42,120,3,121,162,126,143,160,91,1,33,124,180,196,36,85,104,17,82,23,189,81,112,93,19,26,176,46,9,49,170,95,38,139,65,20,51,50,21,48,146,4,84,67,32,72,163,25,70,41,142,117,57,113,156,71,191,144,184,8,173,18,86,110,101,59,80,100,30,134,148,11,97,58,54,151,7,0,181,68,123,44,131,158,62,195,119,43,39,107,55,14,13,111,52,89,75,182,15,135,53,183,69,159,164,90,28,155,73,99,106,136,115,152,35,161,102,137,133,76,122,116,16,125,145,140,92,108,192,40,169,194,29,154,60,177,27,185,127,96,171,141,98,114,64,79,179,47,88,5,186,199,83,153,166,24,150,10,187,175,77,197,168,31,56,63];False
2487;6915;9402;[34,198,174,190,109,118,6,193,172,132,130,22,12,149,129,2,66,157,103,105,74,188,87,37,94,165,167,61,45,138,178,147,78,128,42,120,3,121,162,126,143,160,91,1,33,124,180,196,36,85,104,17,82,23,189,81,112,93,19,26,176,46,9,49,170,95,38,139,65,20,51,50,21,48,146,4,84,67,32,72,163,25,70,41,142,117,77,113,156,71,191,144,184,8,173,18,86,110,101,59,80,100,30,134,148,11,97,58,54,151,7,0,181,68,123,16,131,158,62,195,119,43,39,107,55,14,13,111,52,89,75,182,15,135,53,183,69,159,164,90,28,155,73,99,106,136,115,152,35,161,102,137,133,76,122,116,44,125,145,140,92,108,192,40,169,194,29,154,60,177,27,185,127,96,171,141,98,114,64,79,179,47,88,5,186,199,83,153,166,24,150,10,187,175,57,197,168,31,56,63];False
2407;6932;9339;[34,198,174,190,109,118,6,193,172,132,130,22,12,49,129,2,66,157,103,105,74,188,87,37,94,165,167,61,45,138,178,147,78,128,42,120,3,121,162,126,143,160,91,1,33,124,180,196,36,85,104,17,82,23,189,81,52,93,19,26,176,46,9,149,170,95,38,139,65,20,51,50,21,48,146,4,84,67,32,72,163,25,70,41,142,117,77,113,156,71,191,144,184,8,173,18,86,110,101,59,80,100,30,134,148,11,97,58,54,151,7,0,181,68,123,44,131,158,62,195,119,43,39,107,55,14,13,111,112,89,75,182,15,135,53,183,69,159,164,90,28,155,73,99,106,136,115,152,35,161,102,137,133,76,122,116,16,125,145,140,92,108,192,40,169,194,29,154,60,177,27,185,127,96,171,141,98,114,64,79,179,47,88,5,186,199,83,153,166,24,150,10,187,175,57,197,168,31,56,63];False
2418;6930;9348;[34,198,174,190,109,118,6,193,172,132,130,22,12,49,129,2,66,157,103,105,74,188,87,37,94,165,167,61,45,138,178,147,78,128,42,120,3,121,162,126,143,160,91,1,33,124,180,196,36,85,104,17,82,23,189,81,112,93,19,26,176,46,9,149,170,95,38,139,65,20,51,50,21,155,146,4,84,67,32,72,163,25,70,41,142,117,77,113,156,71,191,144,184,8,173,18,86,110,101,59,80,100,30,134,148,11,97,58,54,151,7,0,181,68,123,44,131,158,62,195,119,43,39,107,55,14,13,111,52,89,75,182,15,135,53,183,69,159,164,90,28,48,73,99,106,136,115,152,35,161,102,137,133,76,122,116,16,125,145,140,92,108,192,40,169,194,29,154,60,177,27,185,127,96,171,141,98,114,64,79,179,47,88,5,186,199,83,153,166,24,150,10,187,175,57,197,168,31,56,63];False
2406;6932;9338;[34,198,174,190,109,118,6,193,172,132,130,22,12,49,129,2,66,157,103,105,74,188,87,37,94,165,167,61,45,138,178,147,78,128,42,120,3,121,162,126,143,160,91,1,33,124,180,196,36,85,104,17,82,23,189,81,112,93,19,26,176,46,9,149,170,95,38,139,65,20,51,50,21,48,146,4,84,67,32,72,163,25,70,41,142,117,57,113,156,71,191,144,184,8,173,18,86,110,101,59,80,100,30,134,148,11,97,58,54,151,7,0,181,68,123,44,131,158,62,195,119,43,39,107,55,14,13,111,52,89,75,182,15,135,53,183,69,159,164,90,28,155,73,99,106,136,115,152,35,161,102,137,133,76,122,116,16,125,145,140,92,108,192,40,169,194,29,154,60,177,27,185,127,96,171,141,98,114,64,79,179,47,88,5,186,199,83,153,166,24,150,10,187,175,77,197,168,31,56,63];False
2473;6918;9391;[34,198,174,190,109,118,6,193,172,132,130,22,12,49,129,2,66,157,103,105,74,188,87,37,94,165,167,61,45,138,178,147,78,128,42,120,3,121,162,126,143,160,91,1,33,124,180,196,36,85,104,17,82,23,189,81,112,93,19,26,176,46,9,149,170,95,38,139,65,20,51,50,21,48,146,4,84,67,32,72,163,25,70,41,142,117,77,113,156,71,191,144,184,8,173,18,86,110,101,59,80,100,30,134,148,11,97,58,54,151,7,0,181,68,123,16,131,158,62,195,119,43,39,107,55,14,13,111,52,89,75,182,15,135,53,183,69,159,164,90,28,155,73,99,106,136,115,152,35,161,102,137,133,76,122,116,44,125,145,140,92,108,192,40,169,194,29,154,60,177,27,185,127,96,171,141,98,114,64,79,179,47,88,5,186,199,83,153,166,24,150,10,187,175,57,197,168,31,56,63];False
2459;6926;9385;[34,198,174,190,109,118,6,193,172,132,130,22,12,7,182,2,66,157,103,105,74,188,87,37,94,165,167,61,45,138,178,147,78,128,42,120,3,121,162,126,143,160,91,1,33,124,180,196,36,85,104,17,82,23,189,81,112,93,19,26,176,46,9,49,170,95,38,139,65,20,51,50,21,48,146,4,84,67,32,72,163,25,70,41,142,117,77,113,156,71,191,144,184,8,173,18,86,110,101,59,80,100,30,134,148,11,97,58,54,151,149,0,181,68,123,44,131,158,62,195,119,43,39,107,55,14,13,111,52,89,75,129,15,135,53,183,69,159,164,90,28,155,73,99,106,136,115,152,35,161,102,137,133,76,122,116,16,125,145,140,92,108,192,40,169,194,29,154,60,177,27,185,127,96,171,141,98,114,64,79,179,47,88,5,186,199,83,153,166,24,150,10,187,175,57,197,168,31,56,63];False
2370;6935;9305;[34,198,174,190,109,118,6,193,172,132,130,22,12,7,129,2,66,157,103,105,74,188,87,37,94,0,167,61,45,138,178,147,78,128,42,120,3,121,162,126,143,160,91,1,33,124,180,196,36,85,104,17,82,23,189,81,112,93,19,26,176,46,9,49,170,95,38,139,65,20,51,50,21,48,146,4,84,67,32,72,163,25,70,41,142,117,77,113,156,71,191,144,184,8,173,18,86,110,101,59,80,100,30,134,148,11,97,58,54,151,149,165,181,68,123,44,131,158,62,195,119,43,39,107,55,14,13,111,52,89,75,182,15,135,53,183,69,159,164,90,28,155,73,99,106,136,115,152,35,161,102,137,133,76,122,116,16,125,145,140,92,108,192,40,169,194,29,154,60,177,27,185,127,96,171,141,98,114,64,79,179,47,88,5,186,199,83,153,166,24,150,10,187,175,57,197,168,31,56,63];True
2323;6954;9277;[34,198,174,190,109,118,6,193,172,132,130,22,12,43,129,2,66,157,103,105,74,188,87,37,94,165,119,61,45,138,178,147,78,128,42,120,3,121,162,126,143,160,91,1,33,124,180,196,36,85,104,17,82,23,189,81,112,93,19,26,176,46,9,49,170,95,38,139,65,20,51,50,21,48,146,4,84,67,32,72,163,25,70,41,142,117,77,113,156,71,191,144,184,8,173,18,86,110,101,59,80,100,30,134,148,11,97,58,54,151,7,0,181,68,123,44,131,158,62,195,167,149,39,107,55,14,13,111,52,89,75,182,15,135,53,183,69,159,164,90,28,155,73,99,106,136,115,152,35,161,102,137,133,76,122,116,16,125,145,140,92,108,192,40,169,194,29,154,60,177,27,185,127,96,171,141,98,114,64,79,179,47,88,5,186,199,83,153,166,24,150,10,187,175,57,197,168,31,56,63];False
2365;6951;9316;[34,198,174,190,109,118,6,193,172,132,130,22,12,43,129,2,66,157,103,105,74,188,87,37,94,165,167,61,45,138,178,147,78,128,42,120,3,121,162,126,143,160,91,1,33,124,180,196,36,85,104,17,108,23,189,81,112,93,19,26,176,46,9,49,170,95,38,139,65,20,51,50,21,48,146,4,84,67,32,72,163,25,70,41,142,117,77,113,156,71,191,144,184,8,173,18,86,110,101,59,80,100,30,134,148,11,97,58,54,151,7,0,181,68,123,44,131,158,62,195,119,149,39,107,55,14,13,111,52,89,75,182,15,135,53,183,69,159,164,90,28,155,73,99,106,136,115,152,35,161,102,137,133,76,122,116,16,125,145,140,92,82,192,40,169,194,29,154,60,177,27,185,127,96,171,141,98,114,64,79,179,47,88,5,186,199,83,153,166,24,150,10,187,175,57,197,168,31,56,63];False
2390;6934;9324;[34,198,174,190,109,118,6,193,172,132,130,22,12,43,129,2,66,157,103,105,74,188,87,37,94,165,167,61,45,138,178,147,78,128,42,120,3,121,162,126,143,160,91,1,33,124,180,196,36,85,104,17,82,23,189,81,52,93,19,26,176,46,9,49,170,95,38,139,65,20,51,50,21,48,146,4,84,67,32,72,163,25,70,41,142,117,77,113,156,71,191,144,184,8,173,18,86,110,101,59,80,100,30,134,148,11,97,58,54,151,7,0,181,68,123,44,131,158,62,195,119,149,39,107,55,14,13,111,112,89,75,182,15,135,53,183,69,159,164,90,28,155,73,99,106,136,115,152,35,161,102,137,133,76,122,116,16,125,145,140,92,108,192,40,169,194,29,154,60,177,27,185,127,96,171,141,98,114,64,79,179,47,88,5,186,199,83,153,166,24,150,10,187,175,57,197,168,31,56,63];False
2401;6932;9333;[34,198,174,190,109,118,6,193,172,132,130,22,12,43,129,2,66,157,103,105,74,188,87,37,94,165,167,61,45,138,178,147,78,128,42,120,3,121,162,126,143,160,91,1,33,124,180,196,36,85,104,17,82,23,189,81,112,93,19,26,176,46,9,49,170,95,38,139,65,20,51,50,21,155,146,4,84,67,32,72,163,25,70,41,142,117,77,113,156,71,191,144,184,8,173,18,86,110,101,59,80,100,30,134,148,11,97,58,54,151,7,0,181,68,123,44,131,158,62,195,119,149,39,107,55,14,13,111,52,89,75,182,15,135,53,183,69,159,164,90,28,48,73,99,106,136,115,152,35,161,102,137,133,76,122,116,16,125,145,140,92,108,192,40,169,194,29,154,60,177,27,185,127,96,171,141,98,114,64,79,179,47,88,5,186,199,83,153,166,24,150,10,187,175,57,197,168,31,56,63];False
2361;6946;9307;[34,198,174,190,109,118,6,193,172,132,130,22,12,43,129,2,66,157,103,105,74,188,87,37,94,165,167,61,45,138,178,147,78,128,42,120,3,121,162,126,143,160,91,1,33,124,180,196,36,85,104,17,82,23,189,81,112,93,19,26,176,46,9,49,170,95,38,139,65,20,51,50,21,48,146,4,84,67,32,72,163,25,70,41,142,117,11,113,156,71,191,144,184,8,173,18,86,110,101,59,80,100,30,134,148,77,97,58,54,151,7,0,181,68,123,44,131,158,62,195,119,149,39,107,55,14,13,111,52,89,75,182,15,135,53,183,69,159,164,90,28,155,73,99,106,136,115,152,35,161,102,137,133,76,122,116,16,125,145,140,92,108,192,40,169,194,29,154,60,177,27,185,127,96,171,141,98,114,64,79,179,47,88,5,186,199,83,153,166,24,150,10,187,175,57,197,168,31,56,63];False
2389;6934;9323;[34,198,174,190,109,118,6,193,172,132,130,22,12,43,129,2,66,157,103,105,74,188,87,37,94,165,167,61,45,138,178,147,78,128,42,120,3,121,162,126,143,160,91,1,33,124,180,196,36,85,104,17,82,23,189,81,112,93,19,26,176,46,9,49,170,95,38,139,65,20,51,50,21,48,146,4,84,67,32,72,163,25,70,41,142,117,57,113,156,71,191,144,184,8,173,18,86,110,101,59,80,100,30,134,148,11,97,58,54,151,7,0,181,68,123,44,131,158,62,195,119,149,39,107,55,14,13,111,52,89,75,182,15,135,53,183,69,159,164,90,28,155,73,99,106,136,115,152,35,161,102,137,133,76,122,116,16,125,145,140,92,108,192,40,169,194,29,154,60,177,27,185,127,96,171,141,98,114,64,79,179,47,88,5,186,199,83,153,166,24,150,10,187,175,77,197,168,31,56,63];False
2362;6945;9307;[34,198,174,190,109,118,6,193,172,132,130,22,12,43,129,2,66,157,103,105,74,188,87,37,94,165,167,61,45,138,178,147,78,128,42,120,3,121,162,126,143,160,91,1,33,124,180,196,36,85,104,17,82,23,189,81,112,93,19,26,176,46,9,49,170,95,38,139,65,20,51,50,21,48,146,4,84,67,32,72,163,25,70,41,142,117,77,113,156,71,191,144,184,8,173,18,137,110,101,59,80,100,30,134,148,11,97,58,54,151,7,0,181,68,123,44,131,158,62,195,119,149,39,107,55,14,13,111,52,89,75,182,15,135,53,183,69,159,164,90,28,155,73,99,106,136,115,152,35,161,102,86,133,76,122,116,16,125,145,140,92,108,192,40,169,194,29,154,60,177,27,185,127,96,171,141,98,114,64,79,179,47,88,5,186,199,83,153,166,24,150,10,187,175,57,197,168,31,56,63];False
2443;6921;9364;[34,198,174,190,109,118,6,193,172,132,130,22,12,43,129,2,66,157,103,105,74,188,87,37,94,165,167,61,45,138,178,147,78,128,42,120,3,121,162,126,143,160,91,1,33,124,180,196,36,85,104,17,82,23,189,81,112,93,19,26,176,46,9,49,170,95,38,139,65,20,51,50,21,48,146,4,84,67,32,72,163,25,70,41,142,117,77,113,156,71,191,144,184,8,173,18,86,110,101,59,80,100,30,134,148,11,97,58,54,151,119,0,181,68,123,44,131,158,62,195,7,149,39,107,55,14,13,111,52,89,75,182,15,135,53,183,69,159,164,90,28,155,73,99,106,136,115,152,35,161,102,137,133,76,122,116,16,125,145,140,92,108,192,40,169,194,29,154,60,177,27,185,127,96,171,141,98,114,64,79,179,47,88,5,186,199,83,153,166,24,150,10,187,175,57,197,168,31,56,63];False
2456;6920;9376;[34,198,174,190,109,118,6,193,172,132,130,22,12,43,129,2,66,157,103,105,74,188,87,37,94,165,167,61,45,138,178,147,78,128,42,120,3,121,162,126,143,160,91,1,33,124,180,196,36,85,104,17,82,23,189,81,112,93,19,26,176,46,9,49,170,95,38,139,65,20,51,50,21,48,146,4,84,67,32,72,163,25,70,41,142,117,77,113,156,71,191,144,184,8,173,18,86,110,101,59,80,100,30,134,148,11,97,58,54,151,7,0,181,68,123,16,131,158,62,195,119,149,39,107,55,14,13,111,52,89,75,182,15,135,53,183,69,159,164,90,28,155,73,99,106,136,115,152,35,161,102,137,133,76,122,116,44,125,145,140,92,108,192,40,169,194,29,154,60,177,27,185,127,96,171,141,98,114,64,79,179,47,88,5,186,199,83,153,166,24,150,10,187,175,57,197,168,31,56,63];False
2442;6925;9367;[34,198,174,190,109,118,6,193,172,132,130,22,12,149,129,2,66,157,103,105,74,188,87,37,94,165,167,61,45,138,178,147,78,128,42,120,3,121,162,126,143,160,91,1,33,124,180,196,36,85,104,17,82,23,189,81,52,93,19,26,176,46,9,49,170,95,38,139,65,20,51,50,21,48,146,4,84,67,32,72,163,25,70,41,142,117,57,113,156,71,191,144,184,8,173,18,86,110,101,59,80,100,30,134,148,11,97,58,54,151,7,0,181,68,123,44,131,158,62,195,119,43,39,107,55,14,13,111,112,89,75,182,15,135,53,183,69,159,164,90,28,155,73,99,106,136,115,152,35,161,102,137,133,76,122,116,16,125,145,140,92,108,192,40,169,194,29,154,60,177,27,185,127,96,171,141,98,114,64,79,179,47,88,5,186,199,83,153,166,24,150,10,187,175,77,197,168,31,56,63];False
2465;6918;9383;[34,198,174,190,109,125,6,193,172,132,130,22,12,149,129,2,66,157,103,105,74,188,87,37,94,165,167,61,45,138,178,147,78,128,42,120,3,121,162,126,143,160,91,1,33,124,180,196,36,85,104,17,82,23,189,81,112,93,19,26,176,46,9,49,170,95,38,139,65,20,51,50,21,48,146,4,84,67,32,72,163,25,70,41,142,117,77,113,156,71,191,144,184,8,173,18,86,110,101,59,80,100,30,134,148,11,97,58,54,151,7,0,181,68,123,16,131,158,62,195,119,43,39,107,55,14,13,111,52,89,75,182,15,135,53,183,69,159,164,90,28,155,73,99,106,136,115,152,35,161,102,137,133,76,122,116,44,118,145,140,92,108,192,40,169,194,29,154,60,177,27,185,127,96,171,141,98,114,64,79,179,47,88,5,186,199,83,153,166,24,150,10,187,175,57,197,168,31,56,63];False
2440;6926;9366;[34,198,174,190,109,118,6,193,172,132,130,22,12,49,129,2,66,157,103,105,74,188,87,37,94,165,167,61,45,138,178,147,78,128,42,120,3,121,162,126,143,160,91,1,33,124,180,196,36,85,104,17,82,23,189,81,52,93,19,26,176,46,9,149,170,95,38,139,65,20,51,50,21,155,146,4,84,67,32,72,163,25,70,41,142,117,77,113,156,71,191,144,184,8,173,18,86,110,101,59,80,100,30,134,148,11,97,58,54,151,7,0,181,68,123,44,131,158,62,195,119,43,39,107,55,14,13,111,112,89,75,182,15,135,53,183,69,159,164,90,28,48,73,99,106,136,115,152,35,161,102,137,133,76,122,116,16,125,145,140,92,108,192,40,169,194,29,154,60,177,27,185,127,96,171,141,98,114,64,79,179,47,88,5,186,199,83,153,166,24,150,10,187,175,57,197,168,31,56,63];False
2439;6926;9365;[34,198,174,190,109,118,6,193,172,132,130,22,12,49,129,2,66,157,103,105,74,188,87,37,94,165,167,61,45,138,178,147,78,128,42,120,3,121,162,126,143,160,91,1,33,124,180,196,36,85,104,17,82,23,189,81,112,93,19,26,176,46,9,149,170,95,38,139,65,20,51,50,21,155,146,4,84,67,32,72,163,25,70,41,142,117,57,113,156,71,191,144,184,8,173,18,86,110,101,59,80,100,30,134,148,11,97,58,54,151,7,0,181,68,123,44,131,158,62,195,119,43,39,107,55,14,13,111,52,89,75,182,15,135,53,183,69,159,164,90,28,48,73,99,106,136,115,152,35,161,102,137,133,76,122,116,16,125,145,140,92,108,192,40,169,194,29,154,60,177,27,185,127,96,171,141,98,114,64,79,179,47,88,5,186,199,83,153,166,24,150,10,187,175,77,197,168,31,56,63];False
2358;6936;9294;[34,198,174,190,109,118,6,193,172,132,130,22,12,7,182,2,66,157,103,105,74,188,87,37,94,0,167,61,45,138,178,147,78,128,42,120,3,121,162,126,143,160,91,1,33,124,180,196,36,85,104,17,82,23,189,81,112,93,19,26,176,46,9,49,170,95,38,139,65,20,51,50,21,48,146,4,84,67,32,72,163,25,70,41,142,117,77,113,156,71,191,144,184,8,173,18,86,110,101,59,80,100,30,134,148,11,97,58,54,151,149,165,181,68,123,44,131,158,62,195,119,43,39,107,55,14,13,111,52,89,75,129,15,135,53,183,69,159,164,90,28,155,73,99,106,136,115,152,35,161,102,137,133,76,122,116,16,125,145,140,92,108,192,40,169,194,29,154,60,177,27,185,127,96,171,141,98,114,64,79,179,47,88,5,186,199,83,153,166,24,150,10,187,175,57,197,168,31,56,63];True
2392;6931;9323;[34,198,174,190,109,118,6,193,172,132,130,22,12,7,129,2,66,157,103,105,74,188,87,37,94,0,167,61,45,138,178,147,78,128,42,120,3,121,162,126,143,160,91,1,33,124,180,196,36,85,104,17,82,23,189,81,52,93,19,26,176,46,9,49,170,95,38,139,65,20,51,50,21,48,146,4,84,67,32,72,163,25,70,41,142,117,77,113,156,71,191,144,184,8,173,18,86,110,101,59,80,100,30,134,148,11,97,58,54,151,149,165,181,68,123,44,131,158,62,195,119,43,39,107,55,14,13,111,112,89,75,182,15,135,53,183,69,159,164,90,28,155,73,99,106,136,115,152,35,161,102,137,133,76,122,116,16,125,145,140,92,108,192,40,169,194,29,154,60,177,27,185,127,96,171,141,98,114,64,79,179,47,88,5,186,199,83,153,166,24,150,10,187,175,57,197,168,31,56,63];False
2403;6929;9332;[34,198,174,190,109,118,6,193,172,132,130,22,12,7,129,2,66,157,103,105,74,188,87,37,94,0,167,61,45,138,178,147,78,128,42,120,3,121,162,126,143,160,91,1,33,124,180,196,36,85,104,17,82,23,189,81,112,93,19,26,176,46,9,49,170,95,38,139,65,20,51,50,21,155,146,4,84,67,32,72,163,25,70,41,142,117,77,113,156,71,191,144,184,8,173,18,86,110,101,59,80,100,30,134,148,11,97,58,54,151,149,165,181,68,123,44,131,158,62,195,119,43,39,107,55,14,13,111,52,89,75,182,15,135,53,183,69,159,164,90,28,48,73,99,106,136,115,152,35,161,102,137,133,76,122,116,16,125,145,140,92,108,192,40,169,194,29,154,60,177,27,185,127,96,171,141,98,114,64,79,179,47,88,5,186,199,83,153,166,24,150,10,187,175,57,197,168,31,56,63];False
2438;6926;9364;[34,198,174,190,109,118,6,193,172,132,130,22,12,7,129,2,66,157,103,105,74,188,87,37,94,0,167,61,45,138,178,147,78,128,42,120,3,121,162,126,143,160,91,1,33,124,180,196,36,85,104,17,82,23,189,81,112,93,19,26,176,46,9,49,170,95,38,139,65,20,51,50,21,48,146,4,84,67,32,72,163,25,70,41,142,117,165,113,156,71,191,144,184,8,173,18,86,110,101,59,80,100,30,134,148,11,97,58,54,151,149,77,181,68,123,44,131,158,62,195,119,43,39,107,55,14,13,111,52,89,75,182,15,135,53,183,69,159,164,90,28,155,73,99,106,136,115,152,35,161,102,137,133,76,122,116,16,125,145,140,92,108,192,40,169,194,29,154,60,177,27,185,127,96,171,141,98,114,64,79,179,47,88,5,186,199,83,153,166,24,150,10,187,175,57,197,168,31,56,63];False
2391;6931;9322;[34,198,174,190,109,118,6,193,172,132,130,22,12,7,129,2,66,157,103,105,74,188,87,37,94,0,167,61,45,138,178,147,78,128,42,120,3,121,162,126,143,160,91,1,33,124,180,196,36,85,104,17,82,23,189,81,112,93,19,26,176,46,9,49,170,95,38,139,65,20,51,50,21,48,146,4,84,67,32,72,163,25,70,41,142,117,57,113,156,71,191,144,184,8,173,18,86,110,101,59,80,100,30,134,148,11,97,58,54,151,149,165,181,68,123,44,131,158,62,195,119,43,39,107,55,14,13,111,52,89,75,182,15,135,53,183,69,159,164,90,28,155,73,99,106,136,115,152,35,161,102,137,133,76,122,116,16,125,145,140,92,108,192,40,169,194,29,154,60,177,27,185,127,96,171,141,98,114,64,79,179,47,88,5,186,199,83,153,166,24,150,10,187,175,77,197,168,31,56,63];False
2458;6917;9375;[34,198,174,190,109,118,6,193,172,132,130,22,12,7,129,2,66,157,103,105,74,188,87,37,94,0,167,61,45,138,178,147,78,128,42,120,3,121,162,126,143,160,91,1,33,124,180,196,36,85,104,17,82,23,189,81,112,93,19,26,176,46,9,49,170,95,38,139,65,20,51,50,21,48,146,4,84,67,32,72,163,25,70,41,142,117,77,113,156,71,191,144,184,8,173,18,86,110,101,59,80,100,30,134,148,11,97,58,54,151,149,165,181,68,123,16,131,158,62,195,119,43,39,107,55,14,13,111,52,89,75,182,15,135,53,183,69,159,164,90,28,155,73,99,106,136,115,152,35,161,102,137,133,76,122,116,44,125,145,140,92,108,192,40,169,194,29,154,60,177,27,185,127,96,171,141,98,114,64,79,179,47,88,5,186,199,83,153,166,24,150,10,187,175,57,197,168,31,56,63];True
2320;6967;9287;[34,198,174,190,109,118,6,193,172,132,130,22,12,43,129,2,66,157,103,105,74,188,87,37,94,165,119,61,45,138,178,147,78,128,42,120,3,121,162,126,143,160,91,1,33,124,180,196,36,85,104,17,108,23,189,81,112,93,19,26,176,46,9,49,170,95,38,139,65,20,51,50,21,48,146,4,84,67,32,72,163,25,70,41,142,117,77,113,156,71,191,144,184,8,173,18,86,110,101,59,80,100,30,134,148,11,97,58,54,151,7,0,181,68,123,44,131,158,62,195,167,149,39,107,55,14,13,111,52,89,75,182,15,135,53,183,69,159,164,90,28,155,73,99,106,136,115,152,35,161,102,137,133,76,122,116,16,125,145,140,92,82,192,40,169,194,29,154,60,177,27,185,127,96,171,141,98,114,64,79,179,47,88,5,186,199,83,153,166,24,150,10,187,175,57,197,168,31,56,63];False
2345;6950;9295;[34,198,174,190,109,118,6,193,172,132,130,22,12,43,129,2,66,157,103,105,74,188,87,37,94,165,119,61,45,138,178,147,78,128,42,120,3,121,162,126,143,160,91,1,33,124,180,196,36,85,104,17,82,23,189,81,52,93,19,26,176,46,9,49,170,95,38,139,65,20,51,50,21,48,146,4,84,67,32,72,163,25,70,41,142,117,77,113,156,71,191,144,184,8,173,18,86,110,101,59,80,100,30,134,148,11,97,58,54,151,7,0,181,68,123,44,131,158,62,195,167,149,39,107,55,14,13,111,112,89,75,182,15,135,53,183,69,159,164,90,28,155,73,99,106,136,115,152,35,161,102,137,133,76,122,116,16,125,145,140,92,108,192,40,169,194,29,154,60,177,27,185,127,96,171,141,98,114,64,79,179,47,88,5,186,199,83,153,166,24,150,10,187,175,57,197,168,31,56,63];False
2267;6987;9254;[34,198,174,190,109,118,6,193,172,132,130,22,12,43,129,2,66,157,103,105,74,188,87,37,94,165,119,61,45,138,178,147,78,128,42,120,3,121,162,126,143,160,91,1,33,124,180,196,36,85,104,17,82,23,189,81,112,93,19,26,176,46,116,49,170,95,38,139,65,20,51,50,21,48,146,4,84,67,32,72,163,25,70,41,142,117,77,113,156,71,191,144,184,8,173,18,86,110,101,59,80,100,30,134,148,11,97,58,54,151,7,0,181,68,123,44,131,158,62,195,167,149,39,107,55,14,13,111,52,89,75,182,15,135,53,183,69,159,164,90,28,155,73,99,106,136,115,152,35,161,102,137,133,76,122,9,16,125,145,140,92,108,192,40,169,194,29,154,60,177,27,185,127,96,171,141,98,114,64,79,179,47,88,5,186,199,83,153,166,24,150,10,187,175,57,197,168,31,56,63];True
2356;6948;9304;[34,198,174,190,109,118,6,193,172,132,130,22,12,43,129,2,66,157,103,105,74,188,87,37,94,165,119,61,45,138,178,147,78,128,42,120,3,121,162,126,143,160,91,1,33,124,180,196,36,85,104,17,82,23,189,81,112,93,19,26,176,46,9,49,170,95,38,139,65,20,51,50,21,155,146,4,84,67,32,72,163,25,70,41,142,117,77,113,156,71,191,144,184,8,173,18,86,110,101,59,80,100,30,134,148,11,97,58,54,151,7,0,181,68,123,44,131,158,62,195,167,149,39,107,55,14,13,111,52,89,75,182,15,135,53,183,69,159,164,90,28,48,73,99,106,136,115,152,35,161,102,137,133,76,122,116,16,125,145,140,92,108,192,40,169,194,29,154,60,177,27,185,127,96,171,141,98,114,64,79,179,47,88,5,186,199,83,153,166,24,150,10,187,175,57,197,168,31,56,63];False
2316;6962;9278;[34,198,174,190,109,118,6,193,172,132,130,22,12,43,129,2,66,157,103,105,74,188,87,37,94,165,119,61,45,138,178,147,78,128,42,120,3,121,162,126,143,160,91,1,33,124,180,196,36,85,104,17,82,23,189,81,112,93,19,26,176,46,9,49,170,95,38,139,65,20,51,50,21,48,146,4,84,67,32,72,163,25,70,41,142,117,11,113,156,71,191,144,184,8,173,18,86,110,101,59,80,100,30,134,148,77,97,58,54,151,7,0,181,68,123,44,131,158,62,195,167,149,39,107,55,14,13,111,52,89,75,182,15,135,53,183,69,159,164,90,28,155,73,99,106,136,115,152,35,161,102,137,133,76,122,116,16,125,145,140,92,108,192,40,169,194,29,154,60,177,27,185,127,96,171,141,98,114,64,79,179,47,88,5,186,199,83,153,166,24,150,10,187,175,57,197,168,31,56,63];False
2344;6950;9294;[34,198,174,190,109,118,6,193,172,132,130,22,12,43,129,2,66,157,103,105,74,188,87,37,94,165,119,61,45,138,178,147,78,128,42,120,3,121,162,126,143,160,91,1,33,124,180,196,36,85,104,17,82,23,189,81,112,93,19,26,176,46,9,49,170,95,38,139,65,20,51,50,21,48,146,4,84,67,32,72,163,25,70,41,142,117,57,113,156,71,191,144,184,8,173,18,86,110,101,59,80,100,30,134,148,11,97,58,54,151,7,0,181,68,123,44,131,158,62,195,167,149,39,107,55,14,13,111,52,89,75,182,15,135,53,183,69,159,164,90,28,155,73,99,106,136,115,152,35,161,102,137,133,76,122,116,16,125,145,140,92,108,192,40,169,194,29,154,60,177,27,185,127,96,171,141,98,114,64,79,179,47,88,5,186,199,83,153,166,24,150,10,187,175,77,197,168,31,56,63];True
2317;6961;9278;[34,198,174,190,109,118,6,193,172,132,130,22,12,43,129,2,66,157,103,105,74,188,87,37,94,165,119,61,45,138,178,147,78,128,42,120,3,121,162,126,143,160,91,1,33,124,180,196,36,85,104,17,82,23,189,81,112,93,19,26,176,46,9,49,170,95,38,139,65,20,51,50,21,48,146,4,84,67,32,72,163,25,70,41,142,117,77,113,156,71,191,144,184,8,173,18,137,110,101,59,80,100,30,134,148,11,97,58,54,151,7,0,181,68,123,44,131,158,62,195,167,149,39,107,55,14,13,111,52,89,75,182,15,135,53,183,69,159,164,90,28,155,73,99,106,136,115,152,35,161,102,86,133,76,122,116,16,125,145,140,92,108,192,40,169,194,29,154,60,177,27,185,127,96,171,141,98,114,64,79,179,47,88,5,186,199,83,153,166,24,150,10,187,175,57,197,168,31,56,63];False
2422;6928;9350;[34,198,174,190,109,118,6,193,172,132,130,22,12,43,129,2,66,157,103,105,74,188,87,37,94,165,167,61,45,138,178,147,78,128,42,120,3,121,162,126,143,160,91,1,33,124,180,196,36,85,104,17,82,23,189,81,112,93,19,26,176,46,9,49,170,95,38,139,65,20,51,50,21,155,146,4,84,67,32,72,163,25,70,41,142,117,57,113,156,71,191,144,184,8,173,18,86,110,101,59,80,100,30,134,148,11,97,58,54,151,7,0,181,68,123,44,131,158,62,195,119,149,39,107,55,14,13,111,52,89,75,182,15,135,53,183,69,159,164,90,28,48,73,99,106,136,115,152,35,161,102,137,133,76,122,116,16,125,145,140,92,108,192,40,169,194,29,154,60,177,27,185,127,96,171,141,98,114,64,79,179,47,88,5,186,199,83,153,166,24,150,10,187,175,77,197,168,31,56,63];False
2477;6916;9393;[34,198,174,190,109,118,6,193,172,132,130,22,12,43,129,2,66,157,103,105,74,188,87,37,94,165,167,61,45,138,178,147,78,128,42,120,3,121,162,126,143,160,91,1,33,124,180,196,36,85,104,17,82,23,189,81,112,93,19,26,176,46,9,49,170,95,38,139,65,20,51,50,21,48,146,4,84,67,32,72,163,25,70,41,142,117,57,113,156,71,191,144,184,8,173,18,86,110,101,59,80,100,30,134,148,11,97,58,54,151,7,0,181,68,123,16,131,158,62,195,119,149,39,107,55,14,13,111,52,89,75,182,15,135,53,183,69,159,164,90,28,155,73,99,106,136,115,152,35,161,102,137,133,76,122,116,44,125,145,140,92,108,192,40,169,194,29,154,60,177,27,185,127,96,171,141,98,114,64,79,179,47,88,5,186,199,83,153,166,24,150,10,187,175,77,197,168,31,56,63];False
2476;6915;9391;[34,198,174,190,109,118,6,193,172,132,130,22,12,43,129,2,66,157,103,105,74,188,87,37,94,165,167,61,45,138,178,147,78,128,42,120,3,121,162,126,143,160,91,1,33,124,180,196,36,85,104,17,82,23,189,81,112,93,19,26,176,46,9,49,170,95,38,139,65,20,51,50,21,155,146,4,84,67,32,72,163,25,70,41,142,117,77,113,156,71,191,144,184,8,173,18,86,110,101,59,80,100,30,134,148,11,97,58,54,151,119,0,181,68,123,44,131,158,62,195,7,149,39,107,55,14,13,111,52,89,75,182,15,135,53,183,69,159,164,90,28,48,73,99,106,136,115,152,35,161,102,137,133,76,122,116,16,125,145,140,92,108,192,40,169,194,29,154,60,177,27,185,127,96,171,141,98,114,64,79,179,47,88,5,186,199,83,153,166,24,150,10,187,175,57,197,168,31,56,63];False
2397;6928;9325;[34,198,174,190,109,118,6,193,172,132,130,22,12,43,129,2,66,157,103,105,74,188,87,37,94,165,167,61,45,138,178,147,78,128,42,120,3,121,162,126,143,160,91,1,33,124,180,196,36,85,104,17,82,23,189,81,112,93,19,26,176,46,9,49,170,95,38,139,65,20,51,50,21,48,146,4,84,67,32,72,163,25,70,41,142,117,77,113,156,71,191,144,184,8,173,18,86,110,101,59,80,100,30,134,148,7,97,58,54,151,119,0,181,68,123,44,131,158,62,195,11,149,39,107,55,14,13,111,52,89,75,182,15,135,53,183,69,159,164,90,28,155,73,99,106,136,115,152,35,161,102,137,133,76,122,116,16,125,145,140,92,108,192,40,169,194,29,154,60,177,27,185,127,96,171,141,98,114,64,79,179,47,88,5,186,199,83,153,166,24,150,10,187,175,57,197,168,31,56,63];True
2442;6920;9362;[34,198,174,190,109,118,6,193,172,132,130,22,12,43,129,2,66,157,103,105,74,188,87,37,94,165,167,61,45,138,178,147,78,128,42,120,3,121,162,126,143,160,91,1,33,124,180,196,36,85,104,17,82,23,189,81,112,93,19,26,176,46,9,49,170,95,38,139,65,20,51,50,21,48,146,4,84,67,32,72,163,25,70,41,142,117,77,113,156,71,191,144,184,8,173,18,86,110,101,59,80,100,30,134,148,11,97,58,54,151,119,0,181,68,123,44,131,158,62,195,7,182,39,107,55,14,13,111,52,89,75,149,15,135,53,183,69,159,164,90,28,155,73,99,106,136,115,152,35,161,102,137,133,76,122,116,16,125,145,140,92,108,192,40,169,194,29,154,60,177,27,185,127,96,171,141,98,114,64,79,179,47,88,5,186,199,83,153,166,24,150,10,187,175,57,197,168,31,56,63];False
2295;6952;9247;[34,198,174,190,109,118,6,193,172,132,130,22,12,7,182,113,66,157,103,105,74,188,87,37,94,0,167,61,45,138,178,147,78,128,42,120,3,121,162,126,143,160,91,1,33,124,180,196,36,85,104,17,82,23,189,81,112,93,19,26,176,46,9,49,170,95,38,139,65,20,51,50,21,48,146,4,84,67,32,72,163,25,70,41,142,117,77,2,156,71,191,144,184,8,173,18,86,110,101,59,80,100,30,134,148,11,97,58,54,151,149,165,181,68,123,44,131,158,62,195,119,43,39,107,55,14,13,111,52,89,75,129,15,135,53,183,69,159,164,90,28,155,73,99,106,136,115,152,35,161,102,137,133,76,122,116,16,125,145,140,92,108,192,40,169,194,29,154,60,177,27,185,127,96,171,141,98,114,64,79,179,47,88,5,186,199,83,153,166,24,150,10,187,175,57,197,168,31,56,63];True
2355;6949;9304;[34,198,174,190,109,118,6,193,172,132,130,22,12,7,182,2,66,157,103,105,74,188,87,37,94,0,167,61,45,138,178,147,78,128,42,120,3,121,162,126,143,160,91,1,33,124,180,196,36,85,104,17,108,23,189,81,112,93,19,26,176,46,9,49,170,95,38,139,65,20,51,50,21,48,146,4,84,67,32,72,163,25,70,41,142,117,77,113,156,71,191,144,184,8,173,18,86,110,101,59,80,100,30,134,148,11,97,58,54,151,149,165,181,68,123,44,131,158,62,195,119,43,39,107,55,14,13,111,52,89,75,129,15,135,53,183,69,159,164,90,28,155,73,99,106,136,115,152,35,161,102,137,133,76,122,116,16,125,145,140,92,82,192,40,169,194,29,154,60,177,27,185,127,96,171,141,98,114,64,79,179,47,88,5,186,199,83,153,166,24,150,10,187,175,57,197,168,31,56,63];False
2380;6932;9312;[34,198,174,190,109,118,6,193,172,132,130,22,12,7,182,2,66,157,103,105,74,188,87,37,94,0,167,61,45,138,178,147,78,128,42,120,3,121,162,126,143,160,91,1,33,124,180,196,36,85,104,17,82,23,189,81,52,93,19,26,176,46,9,49,170,95,38,139,65,20,51,50,21,48,146,4,84,67,32,72,163,25,70,41,142,117,77,113,156,71,191,144,184,8,173,18,86,110,101,59,80,100,30,134,148,11,97,58,54,151,149,165,181,68,123,44,131,158,62,195,119,43,39,107,55,14,13,111,112,89,75,129,15,135,53,183,69,159,164,90,28,155,73,99,106,136,115,152,35,161,102,137,133,76,122,116,16,125,145,140,92,108,192,40,169,194,29,154,60,177,27,185,127,96,171,141,98,114,64,79,179,47,88,5,186,199,83,153,166,24,150,10,187,175,57,197,168,31,56,63];False
2391;6930;9321;[34,198,174,190,109,118,6,193,172,132,130,22,12,7,182,2,66,157,103,105,74,188,87,37,94,0,167,61,45,138,178,147,78,128,42,120,3,121,162,126,143,160,91,1,33,124,180,196,36,85,104,17,82,23,189,81,112,93,19,26,176,46,9,49,170,95,38,139,65,20,51,50,21,155,146,4,84,67,32,72,163,25,70,41,142,117,77,113,156,71,191,144,184,8,173,18,86,110,101,59,80,100,30,134,148,11,97,58,54,151,149,165,181,68,123,44,131,158,62,195,119,43,39,107,55,14,13,111,52,89,75,129,15,135,53,183,69,159,164,90,28,48,73,99,106,136,115,152,35,161,102,137,133,76,122,116,16,125,145,140,92,108,192,40,169,194,29,154,60,177,27,185,127,96,171,141,98,114,64,79,179,47,88,5,186,199,83,153,166,24,150,10,187,175,57,197,168,31,56,63];True
2351;6944;9295;[34,198,174,190,109,118,6,193,172,132,130,22,12,7,182,2,66,157,103,105,74,188,87,37,94,0,167,61,45,138,178,147,78,128,42,120,3,121,162,126,143,160,91,1,33,124,180,196,36,85,104,17,82,23,189,81,112,93,19,26,176,46,9,49,170,95,38,139,65,20,51,50,21,48,146,4,84,67,32,72,163,25,70,41,142,117,11,113,156,71,191,144,184,8,173,18,86,110,101,59,80,100,30,134,148,77,97,58,54,151,149,165,181,68,123,44,131,158,62,195,119,43,39,107,55,14,13,111,52,89,75,129,15,135,53,183,69,159,164,90,28,155,73,99,106,136,115,152,35,161,102,137,133,76,122,116,16,125,145,140,92,108,192,40,169,194,29,154,60,177,27,185,127,96,171,141,98,114,64,79,179,47,88,5,186,199,83,153,166,24,150,10,187,175,57,197,168,31,56,63];True
2426;6927;9353;[34,198,174,190,109,118,6,193,172,132,130,22,12,7,182,2,66,157,103,105,74,188,87,37,94,0,167,61,45,138,178,147,78,128,42,120,3,121,162,126,143,160,91,1,33,124,180,196,36,85,104,17,82,23,189,81,112,93,19,26,176,46,9,49,170,95,38,139,65,20,51,50,21,48,146,4,84,67,32,72,163,25,70,41,142,117,165,113,156,71,191,144,184,8,173,18,86,110,101,59,80,100,30,134,148,11,97,58,54,151,149,77,181,68,123,44,131,158,62,195,119,43,39,107,55,14,13,111,52,89,75,129,15,135,53,183,69,159,164,90,28,155,73,99,106,136,115,152,35,161,102,137,133,76,122,116,16,125,145,140,92,108,192,40,169,194,29,154,60,177,27,185,127,96,171,141,98,114,64,79,179,47,88,5,186,199,83,153,166,24,150,10,187,175,57,197,168,31,56,63];False
2379;6932;9311;[34,198,174,190,109,118,6,193,172,132,130,22,12,7,182,2,66,157,103,105,74,188,87,37,94,0,167,61,45,138,178,147,78,128,42,120,3,121,162,126,143,160,91,1,33,124,180,196,36,85,104,17,82,23,189,81,112,93,19,26,176,46,9,49,170,95,38,139,65,20,51,50,21,48,146,4,84,67,32,72,163,25,70,41,142,117,57,113,156,71,191,144,184,8,173,18,86,110,101,59,80,100,30,134,148,11,97,58,54,151,149,165,181,68,123,44,131,158,62,195,119,43,39,107,55,14,13,111,52,89,75,129,15,135,53,183,69,159,164,90,28,155,73,99,106,136,115,152,35,161,102,137,133,76,122,116,16,125,145,140,92,108,192,40,169,194,29,154,60,177,27,185,127,96,171,141,98,114,64,79,179,47,88,5,186,199,83,153,166,24,150,10,187,175,77,197,168,31,56,63];True
2352;6943;9295;[34,198,174,190,109,118,6,193,172,132,130,22,12,7,182,2,66,157,103,105,74,188,87,37,94,0,167,61,45,138,178,147,78,128,42,120,3,121,162,126,143,160,91,1,33,124,180,196,36,85,104,17,82,23,189,81,112,93,19,26,176,46,9,49,170,95,38,139,65,20,51,50,21,48,146,4,84,67,32,72,163,25,70,41,142,117,77,113,156,71,191,144,184,8,173,18,137,110,101,59,80,100,30,134,148,11,97,58,54,151,149,165,181,68,123,44,131,158,62,195,119,43,39,107,55,14,13,111,52,89,75,129,15,135,53,183,69,159,164,90,28,155,73,99,106,136,115,152,35,161,102,86,133,76,122,116,16,125,145,140,92,108,192,40,169,194,29,154,60,177,27,185,127,96,171,141,98,114,64,79,179,47,88,5,186,199,83,153,166,24,150,10,187,175,57,197,168,31,56,63];True
2446;6918;9364;[34,198,174,190,109,118,6,193,172,132,130,22,12,7,182,2,66,157,103,105,74,188,87,37,94,0,167,61,45,138,178,147,78,128,42,120,3,121,162,126,143,160,91,1,33,124,180,196,36,85,104,17,82,23,189,81,112,93,19,26,176,46,9,49,170,95,38,139,65,20,51,50,21,48,146,4,84,67,32,72,163,25,70,41,142,117,77,113,156,71,191,144,184,8,173,18,86,110,101,59,80,100,30,134,148,11,97,58,54,151,149,165,181,68,123,16,131,158,62,195,119,43,39,107,55,14,13,111,52,89,75,129,15,135,53,183,69,159,164,90,28,155,73,99,106,136,115,152,35,161,102,137,133,76,122,116,44,125,145,140,92,108,192,40,169,194,29,154,60,177,27,185,127,96,171,141,98,114,64,79,179,47,88,5,186,199,83,153,166,24,150,10,187,175,57,197,168,31,56,63];True
2349;6949;9298;[34,198,174,190,109,118,6,193,172,132,130,22,12,7,182,2,66,157,103,105,74,188,87,37,94,0,167,61,45,138,178,147,78,128,42,120,3,121,162,126,143,160,91,1,33,124,180,196,36,85,104,17,82,23,189,81,112,93,19,26,176,46,9,49,170,95,38,139,65,20,51,50,21,48,146,4,84,67,32,72,163,25,70,41,142,117,77,113,156,71,191,144,184,8,173,18,86,110,101,59,80,100,30,134,148,11,97,58,54,151,149,165,181,68,123,44,131,158,62,195,119,43,175,107,55,14,13,111,52,89,75,129,15,135,53,183,69,159,164,90,28,155,73,99,106,136,115,152,35,161,102,137,133,76,122,116,16,125,145,140,92,108,192,40,169,194,29,154,60,177,27,185,127,96,171,141,98,114,64,79,179,47,88,5,186,199,83,153,166,24,150,10,187,39,57,197,168,31,56,63];True
2436;6920;9356;[34,198,174,190,109,125,6,193,172,132,130,22,12,7,129,2,66,157,103,105,74,188,87,37,94,0,167,61,45,138,178,147,78,128,42,120,3,121,162,126,143,160,91,1,33,124,180,196,36,85,104,17,82,23,189,81,112,93,19,26,176,46,9,49,170,95,38,139,65,20,51,50,21,48,146,4,84,67,32,72,163,25,70,41,142,117,77,113,156,71,191,144,184,8,173,18,86,110,101,59,80,100,30,134,148,11,97,58,54,151,149,165,181,68,123,16,131,158,62,195,119,43,39,107,55,14,13,111,52,89,75,182,15,135,53,183,69,159,164,90,28,155,73,99,106,136,115,152,35,161,102,137,133,76,122,116,44,118,145,140,92,108,192,40,169,194,29,154,60,177,27,185,127,96,171,141,98,114,64,79,179,47,88,5,186,199,83,153,166,24,150,10,187,175,57,197,168,31,56,63];True
2480;6913;9393;[34,198,174,190,109,118,6,193,172,132,130,22,12,7,129,2,66,157,103,105,74,188,87,37,94,0,167,61,45,138,178,147,78,128,42,120,3,121,162,126,143,160,91,1,33,124,180,196,36,85,104,17,82,23,189,81,52,93,19,26,176,46,9,49,170,95,38,139,65,20,51,50,21,48,146,4,84,67,32,72,163,25,70,41,142,117,77,113,156,71,191,144,184,8,173,18,86,110,101,59,80,100,30,134,148,11,97,58,54,151,149,165,181,68,123,16,131,158,62,195,119,43,39,107,55,14,13,111,112,89,75,182,15,135,53,183,69,159,164,90,28,155,73,99,106,136,115,152,35,161,102,137,133,76,122,116,44,125,145,140,92,108,192,40,169,194,29,154,60,177,27,185,127,96,171,141,98,114,64,79,179,47,88,5,186,199,83,153,166,24,150,10,187,175,57,197,168,31,56,63];False
2491;6911;9402;[34,198,174,190,109,118,6,193,172,132,130,22,12,7,129,2,66,157,103,105,74,188,87,37,94,0,167,61,45,138,178,147,78,128,42,120,3,121,162,126,143,160,91,1,33,124,180,196,36,85,104,17,82,23,189,81,112,93,19,26,176,46,9,49,170,95,38,139,65,20,51,50,21,155,146,4,84,67,32,72,163,25,70,41,142,117,77,113,156,71,191,144,184,8,173,18,86,110,101,59,80,100,30,134,148,11,97,58,54,151,149,165,181,68,123,16,131,158,62,195,119,43,39,107,55,14,13,111,52,89,75,182,15,135,53,183,69,159,164,90,28,48,73,99,106,136,115,152,35,161,102,137,133,76,122,116,44,125,145,140,92,108,192,40,169,194,29,154,60,177,27,185,127,96,171,141,98,114,64,79,179,47,88,5,186,199,83,153,166,24,150,10,187,175,57,197,168,31,56,63];True
2479;6913;9392;[34,198,174,190,109,118,6,193,172,132,130,22,12,7,129,2,66,157,103,105,74,188,87,37,94,0,167,61,45,138,178,147,78,128,42,120,3,121,162,126,143,160,91,1,33,124,180,196,36,85,104,17,82,23,189,81,112,93,19,26,176,46,9,49,170,95,38,139,65,20,51,50,21,48,146,4,84,67,32,72,163,25,70,41,142,117,57,113,156,71,191,144,184,8,173,18,86,110,101,59,80,100,30,134,148,11,97,58,54,151,149,165,181,68,123,16,131,158,62,195,119,43,39,107,55,14,13,111,52,89,75,182,15,135,53,183,69,159,164,90,28,155,73,99,106,136,115,152,35,161,102,137,133,76,122,116,44,125,145,140,92,108,192,40,169,194,29,154,60,177,27,185,127,96,171,141,98,114,64,79,179,47,88,5,186,199,83,153,166,24,150,10,187,175,77,197,168,31,56,63];True
2294;6973;9267;[34,198,174,190,109,118,6,193,172,132,130,22,12,43,129,2,66,157,103,105,74,188,87,37,94,165,119,61,45,138,178,147,78,128,42,120,3,121,162,126,143,160,91,1,33,124,180,196,36,85,104,17,82,23,189,81,112,93,19,26,176,46,123,49,170,95,38,139,65,20,51,50,21,48,146,4,84,67,32,72,163,25,70,41,142,117,77,113,156,71,191,144,184,8,173,18,86,110,101,59,80,100,30,134,148,11,97,58,54,151,7,0,181,68,116,44,131,158,62,195,167,149,39,107,55,14,13,111,52,89,75,182,15,135,53,183,69,159,164,90,28,155,73,99,106,136,115,152,35,161,102,137,133,76,122,9,16,125,145,140,92,108,192,40,169,194,29,154,60,177,27,185,127,96,171,141,98,114,64,79,179,47,88,5,186,199,83,153,166,24,150,10,187,175,57,197,168,31,56,63];True
2261;6994;9255;[34,198,174,190,109,118,6,193,172,132,130,22,12,43,129,2,66,157,103,105,74,188,87,37,94,165,119,61,45,138,178,147,78,128,42,120,3,121,162,126,143,160,91,1,33,124,180,196,36,85,104,17,82,23,189,81,112,93,19,26,176,46,116,49,170,95,38,139,65,20,51,50,21,48,146,4,84,67,32,72,163,25,70,41,142,117,77,113,156,71,191,144,184,8,173,18,137,110,101,59,80,100,30,134,148,11,97,58,54,151,7,0,181,68,123,44,131,158,62,195,167,149,39,107,55,14,13,111,52,89,75,182,15,135,53,183,69,159,164,90,28,155,73,99,106,136,115,152,35,161,102,86,133,76,122,9,16,125,145,140,92,108,192,40,169,194,29,154,60,177,27,185,127,96,171,141,98,114,64,79,179,47,88,5,186,199,83,153,166,24,150,10,187,175,57,197,168,31,56,63];True
2430;6922;9352;[34,198,174,190,109,118,6,193,172,132,130,22,12,43,129,2,66,157,103,105,74,188,87,37,94,165,167,61,45,138,178,147,78,128,42,120,3,121,162,126,143,160,91,1,33,124,180,196,36,85,104,17,82,23,189,81,112,93,19,26,176,46,9,49,170,95,38,139,65,20,51,50,21,155,146,4,84,67,32,72,163,25,70,41,142,117,77,113,156,71,191,144,184,8,173,18,86,110,101,59,80,100,30,134,148,7,97,58,54,151,119,0,181,68,123,44,131,158,62,195,11,149,39,107,55,14,13,111,52,89,75,182,15,135,53,183,69,159,164,90,28,48,73,99,106,136,115,152,35,161,102,137,133,76,122,116,16,125,145,140,92,108,192,40,169,194,29,154,60,177,27,185,127,96,171,141,98,114,64,79,179,47,88,5,186,199,83,153,166,24,150,10,187,175,57,197,168,31,56,63];True
2475;6914;9389;[34,198,174,190,109,118,6,193,172,132,130,22,12,43,129,2,66,157,103,105,74,188,87,37,94,165,167,61,45,138,178,147,78,128,42,120,3,121,162,126,143,160,91,1,33,124,180,196,36,85,104,17,82,23,189,81,112,93,19,26,176,46,9,49,170,95,38,139,65,20,51,50,21,155,146,4,84,67,32,72,163,25,70,41,142,117,77,113,156,71,191,144,184,8,173,18,86,110,101,59,80,100,30,134,148,11,97,58,54,151,119,0,181,68,123,44,131,158,62,195,7,182,39,107,55,14,13,111,52,89,75,149,15,135,53,183,69,159,164,90,28,48,73,99,106,136,115,152,35,161,102,137,133,76,122,116,16,125,145,140,92,108,192,40,169,194,29,154,60,177,27,185,127,96,171,141,98,114,64,79,179,47,88,5,186,199,83,153,166,24,150,10,187,175,57,197,168,31,56,63];True
2419;6924;9343;[34,198,174,190,109,118,6,193,172,132,130,22,12,43,129,2,66,157,103,105,74,188,87,37,94,165,167,61,45,138,178,147,78,128,42,120,3,121,162,126,143,160,91,1,33,124,180,196,36,85,104,17,82,23,189,81,52,93,19,26,176,46,9,49,170,95,38,139,65,20,51,50,21,48,146,4,84,67,32,72,163,25,70,41,142,117,77,113,156,71,191,144,184,8,173,18,86,110,101,59,80,100,30,134,148,7,97,58,54,151,119,0,181,68,123,44,131,158,62,195,11,149,39,107,55,14,13,111,112,89,75,182,15,135,53,183,69,159,164,90,28,155,73,99,106,136,115,152,35,161,102,137,133,76,122,116,16,125,145,140,92,108,192,40,169,194,29,154,60,177,27,185,127,96,171,141,98,114,64,79,179,47,88,5,186,199,83,153,166,24,150,10,187,175,57,197,168,31,56,63];False
2418;6924;9342;[34,198,174,190,109,118,6,193,172,132,130,22,12,43,129,2,66,157,103,105,74,188,87,37,94,165,167,61,45,138,178,147,78,128,42,120,3,121,162,126,143,160,91,1,33,124,180,196,36,85,104,17,82,23,189,81,112,93,19,26,176,46,9,49,170,95,38,139,65,20,51,50,21,48,146,4,84,67,32,72,163,25,70,41,142,117,57,113,156,71,191,144,184,8,173,18,86,110,101,59,80,100,30,134,148,7,97,58,54,151,119,0,181,68,123,44,131,158,62,195,11,149,39,107,55,14,13,111,52,89,75,182,15,135,53,183,69,159,164,90,28,155,73,99,106,136,115,152,35,161,102,137,133,76,122,116,16,125,145,140,92,108,192,40,169,194,29,154,60,177,27,185,127,96,171,141,98,114,64,79,179,47,88,5,186,199,83,153,166,24,150,10,187,175,77,197,168,31,56,63];True
2474;6915;9389;[34,198,174,190,109,118,6,193,172,132,130,22,12,43,129,2,66,157,103,105,74,188,87,37,94,165,167,61,45,138,178,147,78,128,42,120,3,121,162,126,143,160,91,1,33,124,180,196,36,85,104,17,82,23,189,81,112,93,19,26,176,46,9,49,170,95,38,139,65,20,51,50,21,48,146,4,84,67,32,72,163,25,70,41,142,117,77,113,156,71,191,144,184,8,173,18,86,110,101,59,80,100,30,134,148,83,97,58,54,151,119,0,181,68,123,44,131,158,62,195,11,149,39,107,55,14,13,111,52,89,75,182,15,135,53,183,69,159,164,90,28,155,73,99,106,136,115,152,35,161,102,137,133,76,122,116,16,125,145,140,92,108,192,40,169,194,29,154,60,177,27,185,127,96,171,141,98,114,64,79,179,47,88,5,186,199,7,153,166,24,150,10,187,175,57,197,168,31,56,63];True
