utilA;utilB;utilSum;contract
1401;7438;8839;[34,4,144,70,19,87,121,178,102,75,182,84,77,112,93,147,66,157,103,116,65,124,168,31,142,117,167,61,45,188,196,35,78,128,42,57,197,125,145,126,143,160,91,1,150,105,180,41,36,46,140,92,82,23,97,187,175,12,22,26,176,193,109,20,67,166,38,139,63,118,48,194,29,198,174,184,115,2,32,72,163,25,51,50,190,10,130,113,156,74,44,138,37,94,173,18,131,110,81,153,101,100,30,134,148,11,189,58,158,43,7,0,62,68,123,6,137,60,54,151,119,96,39,107,85,14,13,111,52,89,161,80,71,108,53,183,69,159,164,90,28,155,73,99,106,136,132,152,49,170,172,86,133,76,40,104,17,8,16,56,21,135,192,55,15,9,33,154,122,179,195,185,127,47,171,141,98,114,64,79,177,27,88,5,186,199,83,59,129,24,95,149,165,181,120,3,169,191,162,146]
1397;7476;8873;[34,4,144,70,194,87,121,178,102,75,182,84,77,112,93,147,66,157,103,116,65,124,168,31,142,117,167,61,45,188,196,35,78,128,42,57,197,125,145,126,143,160,91,1,150,105,180,41,36,46,140,92,82,23,97,187,175,12,22,26,176,193,109,20,67,166,38,139,63,118,48,19,29,198,174,184,115,2,32,72,163,25,51,50,190,10,130,113,156,74,44,138,37,94,173,18,131,110,81,153,101,100,30,134,148,11,189,58,158,43,7,0,62,68,123,6,137,60,54,151,119,96,39,107,85,14,13,111,52,89,161,80,71,108,53,183,69,159,164,90,28,155,73,99,106,136,132,152,49,170,172,86,133,76,40,104,17,8,16,56,21,135,192,55,15,9,33,154,122,179,195,185,127,47,171,141,98,114,64,79,177,27,88,5,186,199,83,59,129,24,95,149,165,181,120,3,169,191,162,146]
1387;7487;8874;[34,4,144,70,194,87,121,178,102,75,182,84,77,112,93,147,66,157,103,116,65,124,168,31,142,117,167,61,45,188,196,35,78,128,42,57,197,189,145,126,143,160,91,1,150,105,180,41,36,46,140,92,82,23,97,187,175,12,22,26,176,193,109,20,67,166,38,139,63,118,48,19,29,198,174,184,115,2,32,72,163,25,51,50,190,10,130,113,156,74,44,138,37,94,173,18,131,110,81,153,101,100,30,134,148,11,125,58,158,43,7,0,62,68,123,6,137,60,54,151,119,96,39,107,85,14,13,111,52,89,161,80,71,108,53,183,69,159,164,90,28,155,73,99,106,136,132,152,49,170,172,86,133,76,40,104,17,8,16,56,21,135,192,55,15,9,33,154,122,179,195,185,127,47,171,141,98,114,64,79,177,27,88,5,186,199,83,59,129,24,95,149,165,181,120,3,169,191,162,146]
1391;7449;8840;[34,4,144,70,19,87,121,178,102,75,182,84,77,112,93,147,66,157,103,116,65,124,168,31,142,117,167,61,45,188,196,35,78,128,42,57,197,189,145,126,143,160,91,1,150,105,180,41,36,46,140,92,82,23,97,187,175,12,22,26,176,193,109,20,67,166,38,139,63,118,48,194,29,198,174,184,115,2,32,72,163,25,51,50,190,10,130,113,156,74,44,138,37,94,173,18,131,110,81,153,101,100,30,134,148,11,125,58,158,43,7,0,62,68,123,6,137,60,54,151,119,96,39,107,85,14,13,111,52,89,161,80,71,108,53,183,69,159,164,90,28,155,73,99,106,136,132,152,49,170,172,86,133,76,40,104,17,8,16,56,21,135,192,55,15,9,33,154,122,179,195,185,127,47,171,141,98,114,64,79,177,27,88,5,186,199,83,59,129,24,95,149,165,181,120,3,169,191,162,146]
1384;7501;8885;[146,4,144,70,19,87,121,178,102,75,182,84,77,112,93,147,66,157,103,116,65,124,168,31,142,117,167,61,45,188,196,35,78,128,42,57,197,189,145,126,143,160,91,1,150,105,180,41,36,46,140,92,82,23,97,187,175,12,22,26,176,193,109,20,67,166,38,139,63,118,48,194,29,198,174,184,115,2,32,72,163,25,51,50,190,10,130,113,156,74,44,138,37,94,173,18,131,110,81,153,101,100,30,134,148,11,125,58,158,43,7,0,62,68,123,6,137,60,54,151,119,96,39,107,85,14,13,111,52,89,161,80,71,108,53,183,69,159,164,90,28,155,73,99,106,136,132,152,49,170,172,86,133,76,40,104,17,8,16,56,21,135,192,55,15,9,33,154,122,179,195,185,127,47,171,141,98,114,64,79,177,27,88,5,186,199,83,59,129,24,95,149,165,181,120,3,169,191,162,34]
1415;7404;8819;[34,4,144,70,19,87,121,178,102,75,182,84,77,112,93,147,66,157,103,116,65,124,168,31,142,117,167,61,45,188,11,35,78,128,42,57,197,189,145,126,143,160,91,1,150,105,180,41,36,46,140,92,82,23,97,187,175,12,22,26,176,193,109,20,67,166,38,139,63,118,48,194,29,198,174,184,115,2,32,72,163,25,51,50,190,10,130,113,156,74,44,138,37,94,173,18,131,110,81,153,101,100,30,134,148,96,125,58,158,43,7,0,62,68,123,6,137,60,54,151,119,196,39,107,85,14,13,111,52,89,161,80,71,162,53,183,69,159,164,90,28,155,73,99,106,136,132,152,49,170,172,86,133,76,40,104,17,8,16,56,21,108,192,55,15,9,33,154,122,179,195,185,127,47,171,141,98,114,64,79,177,27,88,5,186,199,83,59,129,24,95,149,165,181,120,3,169,191,135,146]
1401;7427;8828;[34,4,144,70,19,87,121,178,102,75,182,84,77,112,93,147,66,157,103,116,65,124,168,31,142,117,167,61,45,188,135,35,78,128,42,57,197,189,145,126,143,160,91,1,150,105,180,41,36,46,140,92,82,23,97,187,175,12,22,26,176,193,109,20,67,166,38,139,63,118,48,194,29,198,174,184,115,2,32,72,163,25,51,50,190,10,130,113,156,74,44,138,37,94,173,18,131,110,81,153,101,100,30,134,148,96,125,58,158,43,7,0,62,68,123,6,137,60,54,151,119,196,39,107,85,14,13,111,52,89,161,80,71,162,53,183,69,159,164,90,28,155,73,99,106,136,132,152,49,170,172,86,133,76,40,104,17,8,16,56,21,108,192,55,15,9,33,154,122,179,195,185,127,47,171,141,98,114,64,79,177,27,88,5,186,199,83,59,129,24,95,149,165,181,120,3,169,191,11,146]
1375;7517;8892;[34,4,144,70,19,87,121,178,102,75,182,84,77,112,93,147,66,157,103,116,65,124,168,31,142,117,167,61,45,188,135,35,78,128,42,57,197,189,145,126,143,160,91,1,150,105,180,41,36,46,140,92,82,23,97,187,123,12,22,26,176,193,109,20,67,166,38,139,63,118,48,194,29,198,174,184,115,2,32,72,163,25,51,50,190,10,130,113,156,74,44,138,37,94,173,18,131,110,81,153,101,100,30,134,148,96,125,58,158,43,7,0,62,68,175,6,137,60,54,151,119,196,39,107,85,14,13,111,52,89,161,80,71,162,53,183,69,159,164,90,28,155,73,99,106,136,132,152,49,170,172,86,133,76,40,104,17,8,16,56,21,108,192,55,15,9,33,154,122,179,195,185,127,47,171,141,98,114,64,79,177,27,88,5,186,199,83,59,129,24,95,149,165,181,120,3,169,191,11,146]
1384;7489;8873;[34,4,144,70,19,87,121,178,102,75,182,84,77,112,93,147,66,157,103,116,65,124,168,31,142,117,167,61,45,188,135,35,78,128,42,57,197,189,145,126,143,160,91,1,150,105,180,41,36,46,140,92,82,23,97,187,172,12,22,26,176,193,109,20,67,166,38,139,63,118,48,194,29,198,174,184,115,2,32,72,163,25,51,50,190,10,130,113,156,74,44,138,37,94,173,18,131,110,81,153,101,100,30,134,148,96,125,58,158,43,7,0,62,68,175,6,137,60,54,151,119,196,39,107,85,14,13,111,52,89,161,80,71,162,53,183,69,159,164,90,28,155,73,99,106,136,132,152,49,170,123,86,133,76,40,104,17,8,16,56,21,108,192,55,15,9,33,154,122,179,195,185,127,47,171,141,98,114,64,79,177,27,88,5,186,199,83,59,129,24,95,149,165,181,120,3,169,191,11,146]
1385;7484;8869;[34,4,144,70,19,87,121,178,102,75,182,84,77,112,93,147,66,157,103,116,65,124,168,31,142,117,167,61,45,188,135,35,78,128,42,57,197,189,145,126,143,160,91,1,150,105,180,41,36,46,140,92,82,23,97,187,172,12,22,26,176,193,109,20,67,166,38,139,63,118,48,194,29,198,174,184,115,2,32,72,163,25,51,50,190,10,130,113,156,74,44,138,37,94,173,18,131,110,81,153,101,100,30,134,148,119,125,58,158,43,7,0,62,68,175,6,137,60,54,151,96,196,39,107,85,14,13,111,52,89,161,80,71,162,53,183,69,159,164,90,28,155,73,99,106,136,132,152,49,170,123,86,133,76,40,104,17,8,16,56,21,108,192,55,15,9,33,154,122,179,195,185,127,47,171,141,98,114,64,79,177,27,88,5,186,199,83,59,129,24,95,149,165,181,120,3,169,191,11,146]
1376;7512;8888;[34,4,144,70,19,87,121,178,102,75,182,84,77,112,93,147,66,157,103,116,65,124,168,31,142,117,167,61,45,188,135,35,78,128,42,57,197,189,145,126,143,160,91,1,150,105,180,41,36,46,140,92,82,23,97,187,123,12,22,26,176,193,109,20,67,166,38,139,63,118,48,194,29,198,174,184,115,2,32,72,163,25,51,50,190,10,130,113,156,74,44,138,37,94,173,18,131,110,81,153,101,100,30,134,148,119,125,58,158,43,7,0,62,68,175,6,137,60,54,151,96,196,39,107,85,14,13,111,52,89,161,80,71,162,53,183,69,159,164,90,28,155,73,99,106,136,132,152,49,170,172,86,133,76,40,104,17,8,16,56,21,108,192,55,15,9,33,154,122,179,195,185,127,47,171,141,98,114,64,79,177,27,88,5,186,199,83,59,129,24,95,149,165,181,120,3,169,191,11,146]
1402;7422;8824;[34,4,144,70,19,87,121,178,102,75,182,84,77,112,93,147,66,157,103,116,65,124,168,31,142,117,167,61,45,188,135,35,78,128,42,57,197,189,145,126,143,160,91,1,150,105,180,41,36,46,140,92,82,23,97,187,175,12,22,26,176,193,109,20,67,166,38,139,63,118,48,194,29,198,174,184,115,2,32,72,163,25,51,50,190,10,130,113,156,74,44,138,37,94,173,18,131,110,81,153,101,100,30,134,148,119,125,58,158,43,7,0,62,68,123,6,137,60,54,151,96,196,39,107,85,14,13,111,52,89,161,80,71,162,53,183,69,159,164,90,28,155,73,99,106,136,132,152,49,170,172,86,133,76,40,104,17,8,16,56,21,108,192,55,15,9,33,154,122,179,195,185,127,47,171,141,98,114,64,79,177,27,88,5,186,199,83,59,129,24,95,149,165,181,120,3,169,191,11,146]
1416;7399;8815;[34,4,144,70,19,87,121,178,102,75,182,84,77,112,93,147,66,157,103,116,65,124,168,31,142,117,167,61,45,188,11,35,78,128,42,57,197,189,145,126,143,160,91,1,150,105,180,41,36,46,140,92,82,23,97,187,175,12,22,26,176,193,109,20,67,166,38,139,63,118,48,194,29,198,174,184,115,2,32,72,163,25,51,50,190,10,130,113,156,74,44,138,37,94,173,18,131,110,81,153,101,100,30,134,148,119,125,58,158,43,7,0,62,68,123,6,137,60,54,151,96,196,39,107,85,14,13,111,52,89,161,80,71,162,53,183,69,159,164,90,28,155,73,99,106,136,132,152,49,170,172,86,133,76,40,104,17,8,16,56,21,108,192,55,15,9,33,154,122,179,195,185,127,47,171,141,98,114,64,79,177,27,88,5,186,199,83,59,129,24,95,149,165,181,120,3,169,191,135,146]
1389;7449;8838;[34,4,144,70,19,87,121,178,102,75,182,84,77,112,93,147,66,157,103,116,65,124,168,31,142,117,167,61,45,188,11,35,78,128,42,57,197,189,145,126,143,160,91,1,150,105,180,41,36,46,140,92,82,23,97,187,175,12,22,26,176,193,109,20,67,166,38,139,63,118,48,194,29,198,174,184,115,2,32,72,163,25,51,50,119,10,130,113,156,74,44,138,37,94,173,18,131,110,81,153,101,100,30,134,148,190,125,58,158,43,7,0,62,68,123,6,137,60,54,151,96,196,39,107,85,14,13,111,52,89,161,80,71,162,53,183,69,159,164,90,28,155,73,99,106,136,132,152,49,170,172,86,133,76,40,104,17,8,16,56,21,108,192,55,15,9,33,154,122,179,195,185,127,47,171,141,98,114,64,79,177,27,88,5,186,199,83,59,129,24,95,149,165,181,120,3,169,191,135,146]
1370;7501;8871;[146,4,144,70,19,87,121,178,102,75,182,84,77,112,93,147,66,157,103,116,65,124,168,31,142,117,167,61,45,188,11,35,78,128,42,57,197,189,145,126,143,160,91,1,150,105,180,41,36,46,140,92,82,23,97,187,175,12,22,26,176,193,109,20,67,166,38,139,63,118,48,194,29,198,174,184,115,2,32,72,163,25,51,50,119,10,130,113,156,74,44,138,37,94,173,18,131,110,81,153,101,100,30,134,148,190,125,58,158,43,7,0,62,68,123,6,137,60,54,151,96,196,39,107,85,14,13,111,52,89,161,80,71,162,53,183,69,159,164,90,28,155,73,99,106,136,132,152,49,170,172,86,133,76,40,104,17,8,16,56,21,108,192,55,15,9,33,154,122,179,195,185,127,47,171,141,98,114,64,79,177,27,88,5,186,199,83,59,129,24,95,149,165,181,120,3,169,191,135,34]
1366;7539;8905;[146,4,144,70,194,87,121,178,102,75,182,84,77,112,93,147,66,157,103,116,65,124,168,31,142,117,167,61,45,188,11,35,78,128,42,57,197,189,145,126,143,160,91,1,150,105,180,41,36,46,140,92,82,23,97,187,175,12,22,26,176,193,109,20,67,166,38,139,63,118,48,19,29,198,174,184,115,2,32,72,163,25,51,50,119,10,130,113,156,74,44,138,37,94,173,18,131,110,81,153,101,100,30,134,148,190,125,58,158,43,7,0,62,68,123,6,137,60,54,151,96,196,39,107,85,14,13,111,52,89,161,80,71,162,53,183,69,159,164,90,28,155,73,99,106,136,132,152,49,170,172,86,133,76,40,104,17,8,16,56,21,108,192,55,15,9,33,154,122,179,195,185,127,47,171,141,98,114,64,79,177,27,88,5,186,199,83,59,129,24,95,149,165,181,120,3,169,191,135,34]
1439;7362;8801;[34,4,144,70,19,87,121,178,102,75,182,84,77,112,93,147,66,157,103,116,65,124,168,31,142,117,167,61,45,188,11,35,78,128,42,57,197,125,145,126,143,160,91,1,150,105,180,41,36,46,140,92,82,23,97,187,175,12,22,26,176,193,109,20,67,166,38,139,63,118,48,194,29,198,174,184,115,2,32,72,163,25,51,50,190,10,130,113,156,74,44,138,37,94,173,18,131,110,81,153,101,100,30,134,96,148,189,58,158,43,7,0,62,68,123,6,137,60,54,151,119,196,39,107,85,14,13,111,52,89,161,80,71,162,53,183,69,159,164,90,28,155,73,99,106,136,132,152,49,170,172,86,133,76,40,104,17,8,16,56,21,108,192,55,15,9,33,154,122,179,195,185,127,47,171,141,98,114,64,79,177,27,88,5,186,199,83,59,129,24,95,149,165,181,120,3,169,191,135,146]
1425;7385;8810;[34,4,144,70,19,87,121,178,102,75,182,84,77,112,93,147,66,157,103,116,65,124,168,31,142,117,167,61,45,188,135,35,78,128,42,57,197,125,145,126,143,160,91,1,150,105,180,41,36,46,140,92,82,23,97,187,175,12,22,26,176,193,109,20,67,166,38,139,63,118,48,194,29,198,174,184,115,2,32,72,163,25,51,50,190,10,130,113,156,74,44,138,37,94,173,18,131,110,81,153,101,100,30,134,96,148,189,58,158,43,7,0,62,68,123,6,137,60,54,151,119,196,39,107,85,14,13,111,52,89,161,80,71,162,53,183,69,159,164,90,28,155,73,99,106,136,132,152,49,170,172,86,133,76,40,104,17,8,16,56,21,108,192,55,15,9,33,154,122,179,195,185,127,47,171,141,98,114,64,79,177,27,88,5,186,199,83,59,129,24,95,149,165,181,120,3,169,191,11,146]
1533;7291;8824;[34,4,144,70,19,87,121,178,161,102,112,84,77,182,17,147,66,157,103,116,65,124,168,31,142,117,167,61,45,188,196,35,78,128,42,57,197,125,145,126,143,160,91,1,150,105,180,41,36,46,140,92,82,23,189,47,175,12,22,26,176,193,109,20,67,166,38,139,63,118,48,194,29,198,174,184,115,2,32,72,163,25,51,50,190,10,130,113,156,74,44,138,37,94,173,18,131,110,81,153,101,100,30,134,148,11,97,58,158,43,7,0,62,68,123,6,137,60,54,151,119,187,39,107,55,14,13,111,52,89,75,80,71,162,53,183,69,159,164,90,28,155,73,99,106,136,132,152,49,170,172,86,76,133,85,104,8,93,16,56,21,108,192,40,15,9,33,154,122,179,195,185,127,96,171,141,98,114,64,79,177,27,88,5,186,199,83,59,129,24,95,149,165,181,120,3,169,191,135,146]
1651;7221;8872;[34,4,144,70,19,41,121,178,161,102,112,84,77,182,17,147,66,157,103,116,65,124,168,31,142,117,167,61,45,188,87,35,78,128,42,57,197,125,145,126,143,160,91,1,150,105,180,196,36,46,140,92,82,23,189,195,175,12,22,26,176,193,109,20,67,166,38,139,63,118,48,194,29,198,174,16,115,2,32,72,163,25,51,50,190,10,130,113,156,74,44,138,37,94,173,18,131,110,81,153,101,100,30,134,148,11,97,58,158,43,7,0,62,68,123,6,137,60,54,151,119,187,39,107,55,14,13,111,52,89,75,80,71,162,53,183,69,159,164,90,28,155,73,99,106,136,132,152,49,170,172,86,76,133,85,104,8,93,184,56,21,108,192,40,15,9,33,154,122,179,27,185,127,96,171,141,98,114,64,79,177,47,88,5,186,199,83,59,129,24,95,149,165,181,120,3,169,191,135,146]
1619;7232;8851;[34,4,144,70,19,41,121,178,161,115,182,84,77,112,93,147,66,157,136,116,65,124,168,31,142,117,167,61,45,188,87,35,78,128,42,57,197,125,145,126,143,160,91,1,150,105,180,196,36,46,140,92,82,23,189,195,172,12,22,26,176,193,109,20,67,166,38,139,63,118,48,194,29,198,174,184,165,2,32,72,163,25,51,50,190,10,130,113,156,74,44,138,37,94,173,18,131,110,81,153,101,100,30,134,148,11,97,58,158,43,7,0,181,68,123,6,149,60,54,151,119,187,39,107,55,14,13,111,52,89,75,80,71,162,53,183,69,159,164,90,28,155,73,99,106,102,132,152,49,170,103,86,76,133,85,104,17,8,16,56,21,108,192,40,15,9,33,154,122,179,27,185,127,96,171,141,98,114,64,79,177,47,88,5,186,199,83,59,129,24,95,137,175,62,120,3,169,191,135,146]
1597;7243;8840;[34,4,144,70,19,41,121,178,161,115,182,84,77,112,93,147,66,157,136,116,65,124,168,31,142,117,167,61,45,188,87,35,78,128,42,57,197,125,145,126,143,160,91,1,150,105,180,196,36,46,140,92,82,23,189,195,172,12,22,26,176,193,109,20,67,166,38,139,63,118,48,106,29,198,174,184,165,2,32,72,163,25,51,50,190,10,130,113,156,74,44,138,37,94,173,18,131,110,81,153,101,100,30,134,148,11,97,58,158,43,7,0,181,68,123,6,149,60,54,151,119,187,39,107,55,14,13,111,52,89,75,80,71,162,53,183,69,159,164,90,28,155,73,99,194,102,132,152,49,170,103,86,76,133,85,104,17,8,16,56,21,108,192,40,15,9,33,154,122,179,27,185,127,96,171,141,98,114,64,79,177,47,88,5,186,199,83,59,129,24,95,137,175,62,120,3,169,191,135,146]
1633;7215;8848;[34,4,144,70,19,41,121,178,161,115,182,84,77,112,93,147,66,157,103,116,65,124,168,31,142,117,167,61,45,188,87,35,78,128,42,57,197,125,145,126,143,160,91,1,150,105,180,196,36,46,140,92,82,23,189,0,102,12,22,26,176,193,109,20,67,166,38,139,63,118,48,194,29,198,174,184,165,2,32,72,163,25,51,50,190,10,130,113,156,74,44,138,37,94,173,18,131,110,81,153,101,100,30,134,148,11,97,58,158,43,7,59,181,68,123,6,149,60,54,151,119,187,39,107,55,14,13,111,52,89,75,80,71,162,53,183,69,159,164,90,28,155,73,99,106,136,132,152,49,170,172,86,76,133,85,104,17,8,16,56,21,108,192,40,15,9,33,154,122,179,27,185,127,96,171,141,98,114,64,79,177,47,88,5,186,199,83,195,129,24,95,137,175,62,120,3,169,191,135,146]
1625;7230;8855;[34,4,144,70,19,41,121,178,161,115,130,84,77,112,93,147,66,157,103,116,65,124,168,31,142,117,167,61,45,188,87,35,78,128,42,57,197,125,145,126,143,160,91,1,150,105,180,196,36,46,140,92,82,23,189,0,102,12,22,26,176,193,109,20,67,166,38,139,63,118,48,194,29,198,174,184,165,2,32,72,163,25,51,50,190,10,182,113,156,74,44,138,37,94,173,18,131,110,81,153,101,100,30,134,148,11,97,58,158,43,7,59,181,68,123,6,149,60,54,151,119,187,39,107,55,14,13,111,52,89,75,80,71,162,53,183,69,159,164,90,28,155,73,99,106,136,132,152,49,170,172,86,76,133,85,104,17,8,16,56,21,108,192,40,15,9,33,154,122,179,27,185,127,96,171,141,98,114,64,79,177,47,88,5,186,199,83,195,129,24,95,137,175,62,120,3,169,191,135,146]
1656;7206;8862;[34,4,144,70,19,41,121,178,161,115,182,84,77,112,93,147,66,157,103,116,65,124,168,31,142,117,167,61,45,188,87,35,78,128,42,57,197,125,145,126,143,160,91,1,150,105,180,196,36,46,140,92,82,23,189,0,102,12,22,26,176,193,109,20,67,166,38,139,63,118,48,194,29,198,174,184,165,2,32,72,163,25,51,50,190,10,130,113,156,74,44,138,37,94,173,18,131,110,81,153,101,100,30,134,148,11,97,58,158,43,7,59,181,68,123,6,137,60,54,151,119,187,39,107,55,14,13,111,52,89,75,80,71,162,53,183,69,159,164,90,28,155,73,99,106,136,132,152,49,170,172,86,76,133,85,104,17,8,16,56,21,108,192,40,15,9,33,154,122,179,27,185,127,96,171,141,98,114,64,79,177,47,88,5,186,199,83,195,129,24,95,149,175,62,120,3,169,191,135,146]
1699;7195;8894;[34,4,144,70,19,41,121,178,161,115,182,1,77,112,93,147,66,157,103,116,65,124,168,31,142,117,167,61,45,188,87,35,78,128,42,57,197,125,145,126,143,160,91,84,150,105,180,196,36,46,140,92,82,23,189,0,102,12,22,26,176,193,109,20,67,166,38,139,63,118,48,194,29,198,174,184,165,2,32,72,163,25,51,50,190,10,130,113,156,74,44,138,37,94,173,18,131,110,81,153,101,100,30,134,148,11,97,58,158,43,7,59,181,68,123,6,137,60,54,151,119,187,39,107,55,14,13,111,52,89,75,80,71,162,53,183,69,159,164,90,28,155,73,99,106,136,132,152,49,170,172,86,76,133,85,104,17,8,16,56,21,108,192,40,15,9,33,154,122,179,27,185,127,96,171,141,98,114,64,79,177,47,88,5,186,199,83,195,129,24,95,149,175,62,120,3,169,191,135,146]
1689;7193;8882;[34,4,144,70,74,41,121,178,161,115,182,84,77,112,93,147,66,157,103,116,65,124,168,31,142,117,167,61,45,188,87,35,78,128,42,119,57,0,145,126,143,160,91,1,150,105,180,196,36,46,140,92,82,23,189,47,175,12,22,26,176,193,109,20,67,166,38,139,63,118,48,194,29,198,174,16,102,125,32,72,163,25,51,50,190,10,130,113,156,71,44,138,37,94,173,18,131,110,81,153,80,100,30,134,148,11,97,58,158,43,7,136,181,68,123,6,137,60,54,151,132,187,39,107,55,14,13,111,52,89,75,101,197,162,53,183,69,159,164,90,28,155,73,99,106,19,2,152,49,170,172,86,76,133,85,104,17,8,184,56,21,108,192,40,15,9,33,154,122,179,195,185,127,96,171,141,98,114,64,79,177,27,88,5,186,199,83,59,129,24,95,149,165,62,120,3,169,191,135,146]
1770;7155;8925;[34,4,144,70,74,41,121,178,161,115,182,84,77,112,93,147,66,157,103,116,65,124,168,31,142,117,167,61,45,188,87,35,78,128,42,119,57,125,145,126,143,160,91,1,150,105,180,196,36,46,140,92,82,23,189,47,175,12,22,26,176,193,109,20,67,166,38,139,63,118,48,194,29,198,174,16,102,0,32,72,163,25,51,50,190,10,130,113,156,71,44,138,37,94,173,18,131,110,81,153,80,100,30,134,148,11,97,58,158,43,7,136,181,68,123,6,137,60,54,151,132,187,39,107,55,14,13,111,52,89,75,101,197,162,53,183,69,159,164,90,28,155,73,99,106,19,2,152,49,170,172,86,76,133,85,104,17,8,184,56,21,108,192,40,15,9,33,154,122,179,195,185,127,96,171,141,98,114,64,79,177,27,88,5,186,199,83,59,129,24,95,149,165,62,120,3,169,191,135,146]
1858;7126;8984;[34,4,144,70,74,41,121,178,161,115,182,84,77,112,93,147,66,157,103,116,65,124,168,31,142,117,167,61,45,188,87,35,78,128,42,119,57,125,145,126,143,160,91,1,150,105,180,196,36,46,140,92,82,23,189,195,175,12,22,26,176,193,109,20,67,166,38,139,63,118,48,194,29,198,174,16,102,0,32,72,163,25,51,50,190,10,130,113,156,71,44,138,37,94,173,18,131,110,81,153,80,100,30,134,148,11,97,58,158,43,7,136,181,68,123,6,137,60,54,151,132,187,39,107,55,14,13,111,52,89,75,101,197,162,53,183,69,159,164,90,28,155,73,99,106,19,2,152,49,170,172,86,76,133,85,104,17,8,184,56,21,108,192,40,15,9,33,154,122,179,47,185,127,96,171,141,98,114,64,79,177,27,88,5,186,199,83,59,129,24,95,149,165,62,120,3,169,191,135,146]
1857;7124;8981;[34,4,144,70,74,41,121,178,161,115,182,84,77,112,93,147,66,157,103,116,65,124,168,31,142,117,167,61,45,188,87,35,78,128,42,119,57,125,145,126,143,160,91,1,150,105,180,196,36,46,140,92,82,23,189,195,175,12,22,26,176,193,109,20,67,166,38,139,63,118,48,194,29,198,174,16,102,132,32,72,163,25,51,50,190,10,130,113,156,71,44,138,37,94,173,18,131,110,81,153,80,100,30,134,148,11,97,58,158,43,7,136,181,68,123,6,137,60,54,151,0,187,39,107,55,14,13,111,52,89,75,101,197,162,53,183,69,159,164,90,28,155,73,99,106,19,2,152,49,170,172,86,76,133,85,104,17,8,184,56,21,108,192,40,15,9,33,154,122,179,47,185,127,96,171,141,98,114,64,79,177,27,88,5,186,199,83,59,129,24,95,149,165,62,120,3,169,191,135,146]
1819;7131;8950;[34,4,144,70,74,41,121,178,161,115,182,84,77,112,93,147,66,157,103,116,65,124,168,31,142,117,167,61,45,188,87,35,78,128,42,119,57,125,145,126,143,160,91,1,150,105,180,196,36,46,140,92,82,23,189,195,175,12,22,26,176,193,109,20,67,166,38,139,63,118,48,194,29,198,174,16,102,0,32,72,163,25,51,50,190,10,130,113,156,71,44,138,37,94,173,18,131,110,81,153,80,100,30,134,148,11,97,58,158,43,7,136,181,68,123,6,137,60,54,151,132,187,39,107,55,14,13,111,52,89,75,101,197,162,53,183,69,159,164,90,28,155,73,99,106,19,2,152,49,170,172,86,76,133,85,104,17,8,184,56,21,108,192,40,15,9,33,154,122,179,27,185,127,96,171,141,98,114,64,79,177,47,88,5,186,199,83,59,129,24,95,149,165,62,120,3,169,191,135,146]
1900;7113;9013;[34,4,144,70,74,41,121,178,161,115,182,1,77,112,93,147,66,157,103,116,65,124,168,31,142,117,167,61,45,188,87,35,78,128,42,119,57,125,145,126,143,160,91,84,150,105,180,196,36,46,140,92,82,23,189,195,175,12,22,26,176,193,109,20,67,166,38,139,63,118,48,194,29,198,174,16,102,132,32,72,163,25,51,50,190,10,130,113,156,71,44,138,37,94,173,18,131,110,81,153,80,100,30,134,148,11,97,58,158,43,7,136,181,68,123,6,137,60,54,151,0,187,39,107,55,14,13,111,52,89,75,101,197,162,53,183,69,159,164,90,28,155,73,99,106,19,2,152,49,170,172,86,76,133,85,104,17,8,184,56,21,108,192,40,15,9,33,154,122,179,47,185,127,96,171,141,98,114,64,79,177,27,88,5,186,199,83,59,129,24,95,149,165,62,120,3,169,191,135,146]
1895;7111;9006;[34,4,144,70,74,6,121,178,161,115,182,84,77,112,93,147,66,157,103,116,65,124,168,31,142,117,167,61,45,188,87,35,78,128,42,119,57,125,145,126,143,160,91,1,150,105,180,196,36,46,140,92,82,23,189,195,175,12,22,26,176,193,109,20,67,166,38,139,63,118,48,194,29,198,174,16,102,0,32,72,163,25,51,50,190,10,130,113,156,71,44,138,37,94,173,18,131,110,81,153,80,100,30,134,148,11,97,58,158,43,7,136,181,68,123,41,137,60,54,151,132,187,39,107,55,14,13,111,52,89,75,101,197,162,53,183,69,159,164,90,28,155,73,99,106,19,2,152,49,170,172,86,76,133,85,104,17,8,184,56,21,108,192,40,15,9,33,154,122,179,27,185,127,96,171,141,98,114,64,79,177,47,88,5,186,199,83,59,129,24,95,149,165,62,120,3,169,191,135,146]
1913;7103;9016;[34,4,144,70,71,6,121,178,161,115,182,84,77,112,93,147,66,157,103,116,65,124,168,31,142,117,167,61,45,188,87,35,78,128,42,119,57,125,145,126,143,160,91,1,150,105,180,196,36,46,140,92,82,23,189,195,175,12,22,26,176,193,109,20,67,166,38,139,63,118,48,194,29,198,174,16,102,0,32,72,163,25,51,50,190,10,130,113,156,74,44,138,37,94,173,18,131,110,81,153,80,100,30,134,148,11,97,58,158,43,7,136,181,68,123,41,137,60,54,151,132,187,39,107,55,14,13,111,52,89,75,101,197,162,53,183,69,159,164,90,28,155,73,99,106,19,2,152,49,170,172,86,76,133,85,104,17,8,184,56,21,108,192,40,15,9,33,154,122,179,27,185,127,96,171,141,98,114,64,79,177,47,88,5,186,199,83,59,129,24,95,149,165,62,120,3,169,191,135,146]
1956;7092;9048;[34,4,144,70,71,6,121,178,161,115,182,1,77,112,93,147,66,157,103,116,65,124,168,31,142,117,167,61,45,188,87,35,78,128,42,119,57,125,145,126,143,160,91,84,150,105,180,196,36,46,140,92,82,23,189,195,175,12,22,26,176,193,109,20,67,166,38,139,63,118,48,194,29,198,174,16,102,0,32,72,163,25,51,50,190,10,130,113,156,74,44,138,37,94,173,18,131,110,81,153,80,100,30,134,148,11,97,58,158,43,7,136,181,68,123,41,137,60,54,151,132,187,39,107,55,14,13,111,52,89,75,101,197,162,53,183,69,159,164,90,28,155,73,99,106,19,2,152,49,170,172,86,76,133,85,104,17,8,184,56,21,108,192,40,15,9,33,154,122,179,27,185,127,96,171,141,98,114,64,79,177,47,88,5,186,199,83,59,129,24,95,149,165,62,120,3,169,191,135,146]
1955;7090;9045;[34,4,144,70,71,6,121,178,161,115,182,1,77,112,93,147,66,157,103,116,65,124,168,31,142,117,167,61,45,188,87,35,78,128,42,119,57,125,145,126,143,160,91,84,150,105,180,196,36,46,140,92,82,23,189,195,175,12,22,26,176,193,109,20,67,166,38,139,63,118,48,194,29,198,174,16,102,132,32,72,163,25,51,50,190,10,130,113,156,74,44,138,37,94,173,18,131,110,81,153,80,100,30,134,148,11,97,58,158,43,7,136,181,68,123,41,137,60,54,151,0,187,39,107,55,14,13,111,52,89,75,101,197,162,53,183,69,159,164,90,28,155,73,99,106,19,2,152,49,170,172,86,76,133,85,104,17,8,184,56,21,108,192,40,15,9,33,154,122,179,27,185,127,96,171,141,98,114,64,79,177,47,88,5,186,199,83,59,129,24,95,149,165,62,120,3,169,191,135,146]
1978;7084;9062;[34,4,144,70,71,6,121,178,161,115,182,1,77,112,93,147,66,157,103,116,65,124,168,31,142,117,167,61,45,188,87,35,78,128,42,119,57,125,145,126,143,160,91,84,150,105,180,196,36,46,140,92,82,23,189,195,175,12,22,26,176,193,109,20,67,166,38,139,63,118,48,194,29,198,174,16,102,0,32,72,163,25,51,50,190,10,130,113,156,74,44,138,37,94,173,18,131,110,81,153,80,100,30,134,148,11,97,58,158,43,7,136,181,68,123,41,172,60,54,151,132,187,39,107,55,14,13,111,52,89,75,101,197,162,53,183,69,159,164,90,28,155,73,99,106,19,2,152,49,170,137,86,76,133,85,104,17,8,184,56,21,108,192,40,15,9,33,154,122,179,27,185,127,96,171,141,98,114,64,79,177,47,88,5,186,199,83,59,129,24,95,149,165,62,120,3,169,191,135,146]
1937;7098;9035;[34,4,144,70,74,6,121,178,161,115,182,1,77,112,93,147,66,157,103,116,65,124,168,31,142,117,167,61,45,188,87,35,78,128,42,119,57,125,145,126,143,160,91,84,150,105,180,196,36,46,140,92,82,23,189,195,175,12,22,26,176,193,109,20,67,166,38,139,63,118,48,194,29,198,174,16,102,132,32,72,163,25,51,50,190,10,130,113,156,71,44,138,37,94,173,18,131,110,81,153,80,100,30,134,148,11,97,58,158,43,7,136,181,68,123,41,137,60,54,151,0,187,39,107,55,14,13,111,52,89,75,101,197,162,53,183,69,159,164,90,28,155,73,99,106,19,2,152,49,170,172,86,76,133,85,104,17,8,184,56,21,108,192,40,15,9,33,154,122,179,27,185,127,96,171,141,98,114,64,79,177,47,88,5,186,199,83,59,129,24,95,149,165,62,120,3,169,191,135,146]
1935;7095;9030;[34,4,144,70,71,6,121,178,161,115,182,84,77,112,93,147,66,157,103,116,65,124,168,31,142,117,167,61,45,188,87,35,78,128,42,119,57,125,145,126,143,160,91,1,150,105,180,196,36,46,140,92,82,23,189,195,175,12,22,26,176,193,109,20,67,166,38,139,63,118,48,194,29,198,174,16,102,0,32,72,163,25,51,50,190,10,130,113,156,74,44,138,37,94,173,18,131,110,81,153,80,100,30,134,148,11,97,58,158,43,7,136,181,68,123,41,172,60,54,151,132,187,39,107,55,14,13,111,52,89,75,101,197,162,53,183,69,159,164,90,28,155,73,99,106,19,2,152,49,170,137,86,76,133,85,104,17,8,184,56,21,108,192,40,15,9,33,154,122,179,27,185,127,96,171,141,98,114,64,79,177,47,88,5,186,199,83,59,129,24,95,149,165,62,120,3,169,191,135,146]
1934;7093;9027;[34,4,144,70,71,6,121,178,161,115,182,84,77,112,93,147,66,157,103,116,65,124,168,31,142,117,167,61,45,188,87,35,78,128,42,119,57,125,145,126,143,160,91,1,150,105,180,196,36,46,140,92,82,23,189,195,175,12,22,26,176,193,109,20,67,166,38,139,63,118,48,194,29,198,174,16,102,132,32,72,163,25,51,50,190,10,130,113,156,74,44,138,37,94,173,18,131,110,81,153,80,100,30,134,148,11,97,58,158,43,7,136,181,68,123,41,172,60,54,151,0,187,39,107,55,14,13,111,52,89,75,101,197,162,53,183,69,159,164,90,28,155,73,99,106,19,2,152,49,170,137,86,76,133,85,104,17,8,184,56,21,108,192,40,15,9,33,154,122,179,27,185,127,96,171,141,98,114,64,79,177,47,88,5,186,199,83,59,129,24,95,149,165,62,120,3,169,191,135,146]
1916;7101;9017;[34,4,144,70,74,6,121,178,161,115,182,84,77,112,93,147,66,157,103,116,65,124,168,31,142,117,167,61,45,188,87,35,78,128,42,119,57,125,145,126,143,160,91,1,150,105,180,196,36,46,140,92,82,23,189,195,175,12,22,26,176,193,109,20,67,166,38,139,63,118,48,194,29,198,174,16,102,132,32,72,163,25,51,50,190,10,130,113,156,71,44,138,37,94,173,18,131,110,81,153,80,100,30,134,148,11,97,58,158,43,7,136,181,68,123,41,172,60,54,151,0,187,39,107,55,14,13,111,52,89,75,101,197,162,53,183,69,159,164,90,28,155,73,99,106,19,2,152,49,170,137,86,76,133,85,104,17,8,184,56,21,108,192,40,15,9,33,154,122,179,27,185,127,96,171,141,98,114,64,79,177,47,88,5,186,199,83,59,129,24,95,149,165,62,120,3,169,191,135,146]
1906;7107;9013;[34,4,144,70,74,142,121,178,161,115,182,84,77,112,93,147,66,157,103,116,65,124,168,31,6,117,167,61,45,188,87,35,78,128,42,119,57,125,145,126,143,160,91,1,150,105,180,196,36,46,140,92,82,23,189,195,175,12,22,26,176,193,109,20,67,166,38,139,63,118,48,194,29,198,174,16,102,132,32,72,163,25,51,50,190,10,130,113,156,71,44,138,37,94,173,18,131,110,81,153,80,100,30,134,148,11,97,58,158,43,7,136,181,68,123,41,172,60,54,151,0,187,39,107,55,14,13,111,52,89,75,101,197,162,53,183,69,159,164,90,28,155,73,99,106,19,2,152,49,170,137,86,76,133,85,104,17,8,184,56,21,108,192,40,15,9,33,154,122,179,27,185,127,96,171,141,98,114,64,79,177,47,88,5,186,199,83,59,129,24,95,149,165,62,120,3,169,191,135,146]
1884;7115;8999;[34,4,144,70,74,142,121,178,161,115,182,84,77,112,93,147,66,157,103,116,65,124,168,31,6,117,167,61,45,188,87,35,78,128,42,119,57,125,145,126,143,160,91,1,150,105,180,196,36,46,140,92,82,23,189,195,175,12,22,26,176,193,109,20,67,166,38,139,63,118,48,194,29,198,174,16,102,132,32,72,163,25,51,50,190,10,130,113,156,71,44,138,37,94,173,18,131,110,81,153,80,100,30,134,148,11,97,58,158,43,7,136,181,68,123,41,137,60,54,151,0,187,39,107,55,14,13,111,52,89,75,101,197,162,53,183,69,159,164,90,28,155,73,99,106,19,2,152,49,170,172,86,76,133,85,104,17,8,184,56,21,108,192,40,15,9,33,154,122,179,27,185,127,96,171,141,98,114,64,79,177,47,88,5,186,199,83,59,129,24,95,149,165,62,120,3,169,191,135,146]
1894;7109;9003;[34,4,144,70,74,6,121,178,161,115,182,84,77,112,93,147,66,157,103,116,65,124,168,31,142,117,167,61,45,188,87,35,78,128,42,119,57,125,145,126,143,160,91,1,150,105,180,196,36,46,140,92,82,23,189,195,175,12,22,26,176,193,109,20,67,166,38,139,63,118,48,194,29,198,174,16,102,132,32,72,163,25,51,50,190,10,130,113,156,71,44,138,37,94,173,18,131,110,81,153,80,100,30,134,148,11,97,58,158,43,7,136,181,68,123,41,137,60,54,151,0,187,39,107,55,14,13,111,52,89,75,101,197,162,53,183,69,159,164,90,28,155,73,99,106,19,2,152,49,170,172,86,76,133,85,104,17,8,184,56,21,108,192,40,15,9,33,154,122,179,27,185,127,96,171,141,98,114,64,79,177,47,88,5,186,199,83,59,129,24,95,149,165,62,120,3,169,191,135,146]
1912;7101;9013;[34,4,144,70,71,6,121,178,161,115,182,84,77,112,93,147,66,157,103,116,65,124,168,31,142,117,167,61,45,188,87,35,78,128,42,119,57,125,145,126,143,160,91,1,150,105,180,196,36,46,140,92,82,23,189,195,175,12,22,26,176,193,109,20,67,166,38,139,63,118,48,194,29,198,174,16,102,132,32,72,163,25,51,50,190,10,130,113,156,74,44,138,37,94,173,18,131,110,81,153,80,100,30,134,148,11,97,58,158,43,7,136,181,68,123,41,137,60,54,151,0,187,39,107,55,14,13,111,52,89,75,101,197,162,53,183,69,159,164,90,28,155,73,99,106,19,2,152,49,170,172,86,76,133,85,104,17,8,184,56,21,108,192,40,15,9,33,154,122,179,27,185,127,96,171,141,98,114,64,79,177,47,88,5,186,199,83,59,129,24,95,149,165,62,120,3,169,191,135,146]
2005;7079;9084;[34,4,144,70,71,6,121,178,161,115,182,84,77,112,93,147,66,157,103,116,65,124,168,31,142,117,167,61,45,188,87,35,78,128,42,119,57,125,145,126,143,160,91,1,28,105,180,196,36,46,140,92,82,23,189,195,175,12,22,26,176,193,109,20,67,166,38,139,63,118,48,194,29,198,174,16,102,132,32,72,163,25,51,50,190,10,130,113,156,74,44,138,37,94,173,18,131,110,81,153,80,100,30,134,148,11,97,58,158,43,7,136,181,68,123,41,137,60,54,151,0,187,39,107,55,14,13,111,52,89,75,101,197,162,53,183,69,159,164,90,150,155,73,99,106,19,2,152,49,170,172,86,76,133,85,104,17,8,184,56,21,108,192,40,15,9,33,154,122,179,27,185,127,96,171,141,98,114,64,79,177,47,88,5,186,199,83,59,129,24,95,149,165,62,120,3,169,191,135,146]
1967;7086;9053;[34,4,144,70,71,6,121,178,161,115,182,84,77,112,93,147,66,157,103,116,65,124,168,31,142,117,167,61,45,188,87,35,78,128,42,119,57,125,145,126,143,160,91,1,28,105,180,196,36,46,140,92,82,23,189,195,175,12,22,26,176,193,109,20,67,166,38,139,63,118,48,194,29,198,174,16,102,132,32,72,163,25,51,50,190,10,130,113,156,74,44,138,37,94,173,18,131,110,81,153,80,100,30,134,148,11,97,58,158,43,7,136,181,68,123,90,137,60,54,151,0,187,39,107,55,14,13,111,52,89,75,101,197,162,53,183,69,159,164,41,150,155,73,99,106,19,2,152,49,170,172,86,76,133,85,104,17,8,184,56,21,108,192,40,15,9,33,154,122,179,27,185,127,96,171,141,98,114,64,79,177,47,88,5,186,199,83,59,129,24,95,149,165,62,120,3,169,191,135,146]
1729;7174;8903;[34,4,144,70,74,41,121,178,161,115,182,84,77,112,93,147,66,157,103,116,65,124,168,31,142,117,167,61,45,188,87,35,78,128,42,119,57,125,145,126,143,160,91,1,150,105,180,196,36,46,140,92,82,23,189,47,175,12,22,26,176,193,109,20,67,166,38,139,63,118,48,194,29,198,174,16,102,132,32,72,163,25,51,50,190,10,130,113,156,71,44,138,37,94,173,18,131,110,81,153,80,100,30,134,148,11,97,58,158,43,7,136,181,68,123,6,137,60,54,151,96,187,39,107,55,14,13,111,52,89,75,101,197,162,53,183,69,159,164,90,28,155,73,99,106,19,2,152,49,170,172,86,76,133,85,104,17,8,184,56,21,108,192,40,15,9,33,154,122,179,195,185,127,0,171,141,98,114,64,79,177,27,88,5,186,199,83,59,129,24,95,149,165,62,120,3,169,191,135,146]
1764;7149;8913;[34,4,144,70,74,41,121,178,161,115,182,84,77,112,93,147,66,157,103,116,65,124,168,31,142,117,167,61,45,188,87,35,78,128,42,119,57,125,145,126,143,160,91,1,150,105,180,196,36,46,140,92,82,23,189,187,175,12,22,26,176,193,109,20,67,166,38,139,63,118,48,194,29,198,174,16,102,132,32,72,163,25,51,50,190,10,130,113,156,71,44,138,37,94,173,18,131,110,81,153,80,100,30,134,148,11,97,58,158,43,7,136,181,68,123,6,137,60,54,151,96,47,39,107,55,14,13,111,52,89,75,101,197,162,53,183,69,159,164,90,28,155,73,99,106,19,2,152,49,170,172,86,76,133,85,104,17,8,184,56,21,108,192,40,15,9,33,154,122,179,195,185,127,0,171,141,98,114,64,79,177,27,88,5,186,199,83,59,129,24,95,149,165,62,120,3,169,191,135,146]
1840;7129;8969;[34,4,144,70,74,6,121,178,161,115,182,84,77,112,93,147,66,157,103,116,65,124,168,31,142,117,167,61,45,188,87,35,78,128,42,119,57,125,145,126,143,160,91,1,150,105,180,196,36,46,140,92,82,23,189,187,175,12,22,26,176,193,109,20,67,166,38,139,63,118,48,194,29,198,174,16,102,132,32,72,163,25,51,50,190,10,130,113,156,71,44,138,37,94,173,18,131,110,81,153,80,100,30,134,148,11,97,58,158,43,7,136,181,68,123,41,137,60,54,151,96,47,39,107,55,14,13,111,52,89,75,101,197,162,53,183,69,159,164,90,28,155,73,99,106,19,2,152,49,170,172,86,76,133,85,104,17,8,184,56,21,108,192,40,15,9,33,154,122,179,195,185,127,0,171,141,98,114,64,79,177,27,88,5,186,199,83,59,129,24,95,149,165,62,120,3,169,191,135,146]
1858;7121;8979;[34,4,144,70,71,6,121,178,161,115,182,84,77,112,93,147,66,157,103,116,65,124,168,31,142,117,167,61,45,188,87,35,78,128,42,119,57,125,145,126,143,160,91,1,150,105,180,196,36,46,140,92,82,23,189,187,175,12,22,26,176,193,109,20,67,166,38,139,63,118,48,194,29,198,174,16,102,132,32,72,163,25,51,50,190,10,130,113,156,74,44,138,37,94,173,18,131,110,81,153,80,100,30,134,148,11,97,58,158,43,7,136,181,68,123,41,137,60,54,151,96,47,39,107,55,14,13,111,52,89,75,101,197,162,53,183,69,159,164,90,28,155,73,99,106,19,2,152,49,170,172,86,76,133,85,104,17,8,184,56,21,108,192,40,15,9,33,154,122,179,195,185,127,0,171,141,98,114,64,79,177,27,88,5,186,199,83,59,129,24,95,149,165,62,120,3,169,191,135,146]
1902;7091;8993;[34,4,144,70,71,6,121,178,161,115,182,84,77,112,93,147,66,157,103,116,65,124,168,31,142,117,167,61,45,188,87,35,78,128,42,119,57,125,145,126,143,160,91,1,150,105,180,196,36,46,140,92,82,23,189,137,175,12,22,26,176,193,109,20,67,166,38,139,63,118,48,194,29,198,174,16,102,132,32,72,163,25,51,50,190,10,130,113,156,74,44,138,37,94,173,18,131,110,81,153,80,100,30,134,148,11,97,58,158,43,7,136,181,68,123,41,187,60,54,151,96,47,39,107,55,14,13,111,52,89,75,101,197,162,53,183,69,159,164,90,28,155,73,99,106,19,2,152,49,170,172,86,76,133,85,104,17,8,184,56,21,108,192,40,15,9,33,154,122,179,195,185,127,0,171,141,98,114,64,79,177,27,88,5,186,199,83,59,129,24,95,149,165,62,120,3,169,191,135,146]
1875;7118;8993;[34,4,144,70,182,6,121,178,161,115,71,84,77,112,93,147,66,157,103,116,65,124,168,31,142,117,167,61,45,188,87,35,78,128,42,119,57,125,145,126,143,160,91,1,150,105,180,196,36,46,140,92,82,23,189,137,175,12,22,26,176,193,109,20,67,166,38,139,63,118,48,194,29,198,174,16,102,132,32,72,163,25,51,50,190,10,130,113,156,74,44,138,37,94,173,18,131,110,81,153,80,100,30,134,148,11,97,58,158,43,7,136,181,68,123,41,187,60,54,151,96,47,39,107,55,14,13,111,52,89,75,101,197,162,53,183,69,159,164,90,28,155,73,99,106,19,2,152,49,170,172,86,76,133,85,104,17,8,184,56,21,108,192,40,15,9,33,154,122,179,195,185,127,0,171,141,98,114,64,79,177,27,88,5,186,199,83,59,129,24,95,149,165,62,120,3,169,191,135,146]
1835;7125;8960;[34,4,144,70,182,6,121,178,161,115,71,84,77,112,93,147,66,157,103,116,65,124,168,31,142,117,167,61,45,188,87,35,78,60,42,119,57,125,145,126,143,160,91,1,150,105,180,196,36,46,140,92,82,23,189,137,175,12,22,26,176,193,109,20,67,166,38,139,63,118,48,194,29,198,174,16,102,132,32,72,163,25,51,50,190,10,130,113,156,74,44,138,37,94,173,18,131,110,81,153,80,100,30,134,148,11,97,58,158,43,7,136,181,68,123,41,187,128,54,151,96,47,39,107,55,14,13,111,52,89,75,101,197,162,53,183,69,159,164,90,28,155,73,99,106,19,2,152,49,170,172,86,76,133,85,104,17,8,184,56,21,108,192,40,15,9,33,154,122,179,195,185,127,0,171,141,98,114,64,79,177,27,88,5,186,199,83,59,129,24,95,149,165,62,120,3,169,191,135,146]
1881;7116;8997;[34,4,144,6,182,70,121,178,161,115,71,84,77,112,93,147,66,157,103,116,65,124,168,31,142,117,167,61,45,188,87,35,78,60,42,119,57,125,145,126,143,160,91,1,150,105,180,196,36,46,140,92,82,23,189,137,175,12,22,26,176,193,109,20,67,166,38,139,63,118,48,194,29,198,174,16,102,132,32,72,163,25,51,50,190,10,130,113,156,74,44,138,37,94,173,18,131,110,81,153,80,100,30,134,148,11,97,58,158,43,7,136,181,68,123,41,187,128,54,151,96,47,39,107,55,14,13,111,52,89,75,101,197,162,53,183,69,159,164,90,28,155,73,99,106,19,2,152,49,170,172,86,76,133,85,104,17,8,184,56,21,108,192,40,15,9,33,154,122,179,195,185,127,0,171,141,98,114,64,79,177,27,88,5,186,199,83,59,129,24,95,149,165,62,120,3,169,191,135,146]
1869;7118;8987;[34,4,63,6,182,70,121,178,161,115,71,84,77,112,93,147,66,157,103,116,65,124,168,31,142,117,167,61,45,188,87,35,78,60,42,119,57,125,145,126,143,160,91,1,150,105,180,196,36,46,140,92,82,23,189,137,175,12,22,26,176,193,109,20,67,166,38,139,144,118,48,194,29,198,174,16,102,132,32,72,163,25,51,50,190,10,130,113,156,74,44,138,37,94,173,18,131,110,81,153,80,100,30,134,148,11,97,58,158,43,7,136,181,68,123,41,187,128,54,151,96,47,39,107,55,14,13,111,52,89,75,101,197,162,53,183,69,159,164,90,28,155,73,99,106,19,2,152,49,170,172,86,76,133,85,104,17,8,184,56,21,108,192,40,15,9,33,154,122,179,195,185,127,0,171,141,98,114,64,79,177,27,88,5,186,199,83,59,129,24,95,149,165,62,120,3,169,191,135,146]
1739;7167;8906;[34,4,144,70,74,41,121,178,161,115,182,84,77,112,93,147,66,157,103,116,65,124,168,31,142,117,167,61,45,188,87,35,78,128,42,119,57,125,145,126,143,160,91,1,150,105,180,196,36,46,140,92,82,23,97,187,175,12,22,26,176,193,109,20,67,166,38,139,63,118,48,194,29,198,174,16,102,132,32,72,163,25,51,50,190,10,130,113,156,71,44,138,37,94,173,18,131,110,81,153,80,100,30,134,148,11,189,58,158,43,7,136,181,68,123,6,137,60,54,151,96,47,39,107,55,14,13,111,52,89,75,101,197,162,53,183,69,159,164,90,28,155,73,99,106,19,2,152,49,170,172,86,76,133,85,104,17,8,184,56,21,108,192,40,15,9,33,154,122,179,195,185,127,0,171,141,98,114,64,79,177,27,88,5,186,199,83,59,129,24,95,149,165,62,120,3,169,191,135,146]
1712;7191;8903;[34,4,144,70,19,41,121,178,161,115,71,84,77,112,93,147,66,157,103,116,65,124,168,31,142,117,167,61,45,188,87,35,78,128,42,119,57,125,145,126,143,160,91,1,150,105,180,196,36,46,140,92,82,23,189,182,83,12,22,26,176,193,109,20,67,166,38,139,63,118,48,194,29,198,174,16,102,132,32,72,163,25,51,50,190,10,130,113,156,74,44,138,37,94,173,18,131,110,81,153,80,100,30,134,195,11,97,58,158,43,7,0,62,68,123,6,137,60,54,151,148,187,39,107,55,14,13,111,52,89,75,101,197,162,53,183,69,159,164,90,28,155,73,99,106,136,175,152,49,170,172,86,76,133,85,104,17,8,184,56,21,108,192,40,15,9,33,154,122,179,27,185,127,96,171,141,98,114,64,79,177,47,88,5,186,199,59,2,129,24,95,149,165,181,120,3,169,191,135,146]
1737;7172;8909;[34,4,144,70,74,41,121,178,161,115,182,84,77,112,93,147,66,157,103,116,65,124,168,31,142,117,167,61,45,188,87,35,78,128,42,119,57,125,145,126,143,160,91,1,150,105,180,196,36,46,140,92,82,23,189,47,175,12,22,26,176,193,109,20,67,166,38,139,63,118,48,194,29,198,174,16,102,132,32,72,163,25,51,50,190,10,130,113,156,71,44,138,37,94,173,18,131,110,81,153,80,100,30,134,148,11,97,58,158,43,7,136,181,68,123,6,137,60,54,151,133,187,39,107,55,14,13,111,52,89,75,101,197,162,53,183,69,159,164,90,28,155,73,99,106,19,2,152,49,170,172,86,76,0,85,104,17,8,184,56,21,108,192,40,15,9,33,154,122,179,195,185,127,96,171,141,98,114,64,79,177,27,88,5,186,199,83,59,129,24,95,149,165,62,120,3,169,191,135,146]
1746;7166;8912;[34,4,144,70,74,41,121,178,161,115,182,84,77,112,93,147,66,157,103,116,65,124,168,31,142,117,167,61,45,188,87,35,78,128,42,119,57,125,145,126,143,160,91,1,150,105,180,196,36,46,140,92,82,23,76,47,175,12,22,26,176,193,109,20,67,166,38,139,63,118,48,194,29,198,174,16,102,132,32,72,163,25,51,50,190,10,130,113,156,71,44,138,37,94,173,18,131,110,81,153,80,100,30,134,148,11,97,58,158,43,7,136,181,68,123,6,137,60,54,151,133,187,39,107,55,14,13,111,52,89,75,101,197,162,53,183,69,159,164,90,28,155,73,99,106,19,2,152,49,170,172,86,189,0,85,104,17,8,184,56,21,108,192,40,15,9,33,154,122,179,195,185,127,96,171,141,98,114,64,79,177,27,88,5,186,199,83,59,129,24,95,149,165,62,120,3,169,191,135,146]
1732;7163;8895;[34,4,144,70,19,41,121,178,161,115,182,84,77,112,93,147,66,157,103,116,65,124,168,31,142,117,167,61,45,188,87,35,78,128,42,119,57,125,145,126,143,160,91,1,150,105,180,196,36,46,140,92,82,23,189,127,175,12,22,26,176,193,109,20,67,166,38,139,63,118,48,194,29,198,174,16,102,132,32,72,163,25,51,50,190,10,130,113,156,74,44,138,37,94,173,18,131,110,81,153,80,100,30,134,148,11,97,58,158,43,7,136,181,68,123,6,137,60,54,151,96,47,39,107,55,14,13,111,52,89,75,101,197,162,53,183,69,159,164,90,28,155,73,99,106,71,2,152,49,170,172,86,76,133,85,104,17,8,184,56,21,108,192,40,15,9,33,154,122,179,195,185,171,0,187,141,98,114,64,79,177,27,88,5,186,199,83,59,129,24,95,149,165,62,120,3,169,191,135,146]
1724;7178;8902;[34,4,144,70,19,41,121,178,161,115,130,84,77,112,93,147,66,157,103,116,65,124,168,31,142,117,167,61,45,188,87,35,78,128,42,119,57,125,145,126,143,160,91,1,150,105,180,196,36,46,140,92,82,23,189,127,175,12,22,26,176,193,109,20,67,166,38,139,63,118,48,194,29,198,174,16,102,132,32,72,163,25,51,50,190,10,182,113,156,74,44,138,37,94,173,18,131,110,81,153,80,100,30,134,148,11,97,58,158,43,7,136,181,68,123,6,137,60,54,151,96,47,39,107,55,14,13,111,52,89,75,101,197,162,53,183,69,159,164,90,28,155,73,99,106,71,2,152,49,170,172,86,76,133,85,104,17,8,184,56,21,108,192,40,15,9,33,154,122,179,195,185,171,0,187,141,98,114,64,79,177,27,88,5,186,199,83,59,129,24,95,149,165,62,120,3,169,191,135,146]
1345;7607;8952;[34,4,144,70,19,87,121,178,161,102,145,84,77,112,93,170,66,157,103,116,65,124,168,31,142,117,167,61,45,188,196,35,78,128,42,57,197,131,29,126,143,160,91,1,150,105,180,41,36,46,140,92,82,23,97,187,175,12,22,26,176,193,109,20,67,166,38,139,63,118,48,194,182,198,174,184,115,125,32,72,163,25,51,50,190,10,130,113,156,53,44,138,37,94,173,40,2,110,81,153,101,100,30,134,148,11,189,58,158,43,7,0,62,68,123,6,137,60,54,151,119,96,39,107,18,14,13,111,52,89,75,80,71,108,74,183,69,159,164,90,28,155,73,99,106,136,132,152,49,195,172,86,76,133,85,104,17,8,16,56,21,135,192,55,15,9,33,154,122,179,165,185,127,47,171,141,98,114,64,79,177,27,88,5,186,199,83,59,129,24,95,149,147,181,120,3,169,191,162,146]
1320;7649;8969;[34,4,144,70,19,87,121,178,161,102,145,84,77,112,93,147,66,157,103,116,65,124,168,31,142,117,167,61,45,188,196,35,78,128,42,57,197,131,29,126,143,160,91,1,150,105,180,41,36,46,140,92,82,23,97,187,175,123,22,26,176,193,109,20,67,166,38,139,63,118,48,194,182,198,174,184,115,125,32,72,163,25,51,50,190,195,130,113,156,74,44,138,37,94,173,40,2,110,81,153,101,100,30,134,148,11,189,58,158,43,7,0,62,68,179,6,137,60,54,151,119,96,39,107,18,14,13,111,52,89,75,80,71,108,53,183,69,159,164,90,28,155,73,99,106,136,132,152,49,170,172,86,76,133,85,104,17,8,16,56,21,135,192,55,15,9,33,154,122,12,165,185,127,47,171,141,98,114,64,79,177,27,88,5,186,199,83,59,129,24,95,149,10,181,120,3,169,191,162,146]
1315;7674;8989;[34,4,144,70,19,87,121,178,161,102,145,84,77,112,93,147,66,157,103,116,65,124,168,31,142,117,167,61,45,32,196,35,78,128,42,57,197,131,29,126,143,160,91,1,150,105,180,41,36,46,140,92,82,23,97,187,175,123,22,26,176,193,109,20,67,166,38,139,63,118,48,194,182,198,174,184,115,125,188,72,163,25,51,50,190,195,130,113,156,74,44,138,37,94,173,40,2,110,81,153,101,100,30,134,148,11,189,58,158,43,7,0,62,68,179,6,137,60,54,151,119,96,39,107,18,14,13,111,52,89,75,80,71,108,53,183,69,159,164,90,28,155,73,99,106,136,132,152,49,170,172,86,76,133,85,104,17,8,16,56,21,135,192,55,15,9,33,154,122,12,165,185,127,47,171,141,98,114,64,79,177,27,88,5,186,199,83,59,129,24,95,149,10,181,120,3,169,191,162,146]
1301;7762;9063;[34,4,144,70,19,87,121,178,161,102,145,84,77,112,93,147,66,157,103,116,65,124,168,31,142,117,167,61,45,32,196,35,78,128,42,57,197,131,29,126,143,160,91,1,150,105,175,41,36,46,140,92,82,23,97,187,180,123,22,26,176,193,109,20,67,166,38,139,63,118,48,194,182,198,174,184,115,125,188,72,163,25,51,50,190,195,130,113,156,74,44,138,37,94,173,40,2,110,81,153,101,100,30,134,148,11,189,58,158,43,7,0,62,68,179,6,137,60,54,151,119,96,39,107,18,14,13,111,52,89,75,80,71,108,53,183,69,159,164,90,28,155,73,99,106,136,132,152,49,170,172,86,76,133,85,104,17,8,16,56,21,135,192,55,15,9,33,154,122,12,165,185,127,47,171,141,98,114,64,79,177,27,88,5,186,199,83,59,129,24,95,149,10,181,120,3,169,191,162,146]
1294;7814;9108;[146,4,144,70,19,87,121,178,161,102,145,84,77,112,93,147,66,157,103,116,65,124,168,31,142,117,167,61,45,32,196,35,78,128,42,57,197,131,29,126,143,160,91,1,150,105,175,41,36,46,140,92,82,23,97,187,180,123,22,26,176,193,109,20,67,166,38,139,63,118,48,194,182,198,174,184,115,125,188,72,163,25,51,50,190,195,130,113,156,74,44,138,37,94,173,40,2,110,81,153,101,100,30,134,148,11,189,58,158,43,7,0,62,68,179,6,137,60,54,151,119,96,39,107,18,14,13,111,52,89,75,80,71,108,53,183,69,159,164,90,28,155,73,99,106,136,132,152,49,170,172,86,76,133,85,104,17,8,16,56,21,135,192,55,15,9,33,154,122,12,165,185,127,47,171,141,98,114,64,79,177,27,88,5,186,199,83,59,129,24,95,149,10,181,120,3,169,191,162,34]
1285;7831;9116;[146,4,144,70,19,87,121,178,161,102,145,84,77,112,93,147,66,157,103,116,65,124,168,31,142,117,167,61,45,32,196,35,78,128,42,57,197,131,29,126,143,160,91,1,150,105,175,41,36,46,140,92,82,23,97,187,180,123,22,26,176,193,109,20,67,166,38,139,63,118,48,194,182,198,174,184,115,55,188,72,163,25,51,50,190,195,130,113,156,74,44,138,37,94,173,40,2,110,81,153,101,100,30,134,148,11,189,58,158,43,7,0,62,68,179,6,137,60,54,151,119,96,39,107,18,14,13,111,52,89,75,80,71,108,53,183,69,159,164,90,28,155,73,99,106,136,132,152,49,170,172,86,76,133,85,104,17,8,16,56,21,135,192,125,15,9,33,154,122,12,165,185,127,47,171,141,98,114,64,79,177,27,88,5,186,199,83,59,129,24,95,149,10,181,120,3,169,191,162,34]
1292;7779;9071;[34,4,144,70,19,87,121,178,161,102,145,84,77,112,93,147,66,157,103,116,65,124,168,31,142,117,167,61,45,32,196,35,78,128,42,57,197,131,29,126,143,160,91,1,150,105,175,41,36,46,140,92,82,23,97,187,180,123,22,26,176,193,109,20,67,166,38,139,63,118,48,194,182,198,174,184,115,55,188,72,163,25,51,50,190,195,130,113,156,74,44,138,37,94,173,40,2,110,81,153,101,100,30,134,148,11,189,58,158,43,7,0,62,68,179,6,137,60,54,151,119,96,39,107,18,14,13,111,52,89,75,80,71,108,53,183,69,159,164,90,28,155,73,99,106,136,132,152,49,170,172,86,76,133,85,104,17,8,16,56,21,135,192,125,15,9,33,154,122,12,165,185,127,47,171,141,98,114,64,79,177,27,88,5,186,199,83,59,129,24,95,149,10,181,120,3,169,191,162,146]
1306;7691;8997;[34,4,144,70,19,87,121,178,161,102,145,84,77,112,93,147,66,157,103,116,65,124,168,31,142,117,167,61,45,32,196,35,78,128,42,57,197,131,29,126,143,160,91,1,150,105,180,41,36,46,140,92,82,23,97,187,175,123,22,26,176,193,109,20,67,166,38,139,63,118,48,194,182,198,174,184,115,55,188,72,163,25,51,50,190,195,130,113,156,74,44,138,37,94,173,40,2,110,81,153,101,100,30,134,148,11,189,58,158,43,7,0,62,68,179,6,137,60,54,151,119,96,39,107,18,14,13,111,52,89,75,80,71,108,53,183,69,159,164,90,28,155,73,99,106,136,132,152,49,170,172,86,76,133,85,104,17,8,16,56,21,135,192,125,15,9,33,154,122,12,165,185,127,47,171,141,98,114,64,79,177,27,88,5,186,199,83,59,129,24,95,149,10,181,120,3,169,191,162,146]
1299;7743;9042;[146,4,144,70,19,87,121,178,161,102,145,84,77,112,93,147,66,157,103,116,65,124,168,31,142,117,167,61,45,32,196,35,78,128,42,57,197,131,29,126,143,160,91,1,150,105,180,41,36,46,140,92,82,23,97,187,175,123,22,26,176,193,109,20,67,166,38,139,63,118,48,194,182,198,174,184,115,55,188,72,163,25,51,50,190,195,130,113,156,74,44,138,37,94,173,40,2,110,81,153,101,100,30,134,148,11,189,58,158,43,7,0,62,68,179,6,137,60,54,151,119,96,39,107,18,14,13,111,52,89,75,80,71,108,53,183,69,159,164,90,28,155,73,99,106,136,132,152,49,170,172,86,76,133,85,104,17,8,16,56,21,135,192,125,15,9,33,154,122,12,165,185,127,47,171,141,98,114,64,79,177,27,88,5,186,199,83,59,129,24,95,149,10,181,120,3,169,191,162,34]
1298;7751;9049;[146,4,144,70,19,87,121,178,161,102,145,84,77,112,93,147,66,157,103,116,65,124,168,31,142,117,167,61,45,32,196,35,78,128,42,57,197,131,29,126,143,160,91,1,150,105,180,41,36,46,140,92,82,23,97,187,175,123,22,26,176,193,109,20,67,166,38,139,63,118,48,194,182,198,174,184,115,55,188,72,163,25,51,50,190,195,130,113,156,53,44,138,37,94,173,40,2,110,81,153,101,100,30,134,148,11,189,58,158,43,7,0,62,68,179,6,137,60,54,151,119,96,39,107,18,14,13,111,52,89,75,80,71,108,74,183,69,159,164,90,28,155,73,99,106,136,132,152,49,170,172,86,76,133,85,104,17,8,16,56,21,135,192,125,15,9,33,154,122,12,165,185,127,47,171,141,98,114,64,79,177,27,88,5,186,199,83,59,129,24,95,149,10,181,120,3,169,191,162,34]
1305;7699;9004;[34,4,144,70,19,87,121,178,161,102,145,84,77,112,93,147,66,157,103,116,65,124,168,31,142,117,167,61,45,32,196,35,78,128,42,57,197,131,29,126,143,160,91,1,150,105,180,41,36,46,140,92,82,23,97,187,175,123,22,26,176,193,109,20,67,166,38,139,63,118,48,194,182,198,174,184,115,55,188,72,163,25,51,50,190,195,130,113,156,53,44,138,37,94,173,40,2,110,81,153,101,100,30,134,148,11,189,58,158,43,7,0,62,68,179,6,137,60,54,151,119,96,39,107,18,14,13,111,52,89,75,80,71,108,74,183,69,159,164,90,28,155,73,99,106,136,132,152,49,170,172,86,76,133,85,104,17,8,16,56,21,135,192,125,15,9,33,154,122,12,165,185,127,47,171,141,98,114,64,79,177,27,88,5,186,199,83,59,129,24,95,149,10,181,120,3,169,191,162,146]
1291;7787;9078;[34,4,144,70,19,87,121,178,161,102,145,84,77,112,93,147,66,157,103,116,65,124,168,31,142,117,167,61,45,32,196,35,78,128,42,57,197,131,29,126,143,160,91,1,150,105,175,41,36,46,140,92,82,23,97,187,180,123,22,26,176,193,109,20,67,166,38,139,63,118,48,194,182,198,174,184,115,55,188,72,163,25,51,50,190,195,130,113,156,53,44,138,37,94,173,40,2,110,81,153,101,100,30,134,148,11,189,58,158,43,7,0,62,68,179,6,137,60,54,151,119,96,39,107,18,14,13,111,52,89,75,80,71,108,74,183,69,159,164,90,28,155,73,99,106,136,132,152,49,170,172,86,76,133,85,104,17,8,16,56,21,135,192,125,15,9,33,154,122,12,165,185,127,47,171,141,98,114,64,79,177,27,88,5,186,199,83,59,129,24,95,149,10,181,120,3,169,191,162,146]
1284;7839;9123;[146,4,144,70,19,87,121,178,161,102,145,84,77,112,93,147,66,157,103,116,65,124,168,31,142,117,167,61,45,32,196,35,78,128,42,57,197,131,29,126,143,160,91,1,150,105,175,41,36,46,140,92,82,23,97,187,180,123,22,26,176,193,109,20,67,166,38,139,63,118,48,194,182,198,174,184,115,55,188,72,163,25,51,50,190,195,130,113,156,53,44,138,37,94,173,40,2,110,81,153,101,100,30,134,148,11,189,58,158,43,7,0,62,68,179,6,137,60,54,151,119,96,39,107,18,14,13,111,52,89,75,80,71,108,74,183,69,159,164,90,28,155,73,99,106,136,132,152,49,170,172,86,76,133,85,104,17,8,16,56,21,135,192,125,15,9,33,154,122,12,165,185,127,47,171,141,98,114,64,79,177,27,88,5,186,199,83,59,129,24,95,149,10,181,120,3,169,191,162,34]
1282;7882;9164;[146,4,144,70,19,87,121,178,161,102,145,84,77,112,93,147,66,157,103,116,65,124,168,31,142,117,167,61,45,32,196,35,78,128,42,57,197,131,29,126,143,160,91,1,150,105,175,41,36,46,140,92,82,23,97,187,180,123,22,26,176,193,109,20,67,166,38,139,63,118,48,194,182,198,15,184,115,55,188,72,163,25,51,50,190,195,130,113,156,53,44,138,37,94,173,40,2,110,81,153,101,100,30,134,148,11,189,58,158,43,7,0,62,68,179,6,137,60,54,151,119,96,39,107,18,14,13,111,52,89,75,80,71,108,74,183,69,159,164,90,28,155,73,99,106,136,132,152,49,170,172,86,76,133,85,104,17,8,16,56,21,135,192,125,174,9,33,154,122,12,165,185,127,47,171,141,98,114,64,79,177,27,88,5,186,199,83,59,129,24,95,149,10,181,120,3,169,191,162,34]
1289;7830;9119;[34,4,144,70,19,87,121,178,161,102,145,84,77,112,93,147,66,157,103,116,65,124,168,31,142,117,167,61,45,32,196,35,78,128,42,57,197,131,29,126,143,160,91,1,150,105,175,41,36,46,140,92,82,23,97,187,180,123,22,26,176,193,109,20,67,166,38,139,63,118,48,194,182,198,15,184,115,55,188,72,163,25,51,50,190,195,130,113,156,53,44,138,37,94,173,40,2,110,81,153,101,100,30,134,148,11,189,58,158,43,7,0,62,68,179,6,137,60,54,151,119,96,39,107,18,14,13,111,52,89,75,80,71,108,74,183,69,159,164,90,28,155,73,99,106,136,132,152,49,170,172,86,76,133,85,104,17,8,16,56,21,135,192,125,174,9,33,154,122,12,165,185,127,47,171,141,98,114,64,79,177,27,88,5,186,199,83,59,129,24,95,149,10,181,120,3,169,191,162,146]
1290;7822;9112;[34,4,144,70,19,87,121,178,161,102,145,84,77,112,93,147,66,157,103,116,65,124,168,31,142,117,167,61,45,32,196,35,78,128,42,57,197,131,29,126,143,160,91,1,150,105,175,41,36,46,140,92,82,23,97,187,180,123,22,26,176,193,109,20,67,166,38,139,63,118,48,194,182,198,15,184,115,55,188,72,163,25,51,50,190,195,130,113,156,74,44,138,37,94,173,40,2,110,81,153,101,100,30,134,148,11,189,58,158,43,7,0,62,68,179,6,137,60,54,151,119,96,39,107,18,14,13,111,52,89,75,80,71,108,53,183,69,159,164,90,28,155,73,99,106,136,132,152,49,170,172,86,76,133,85,104,17,8,16,56,21,135,192,125,174,9,33,154,122,12,165,185,127,47,171,141,98,114,64,79,177,27,88,5,186,199,83,59,129,24,95,149,10,181,120,3,169,191,162,146]
1283;7874;9157;[146,4,144,70,19,87,121,178,161,102,145,84,77,112,93,147,66,157,103,116,65,124,168,31,142,117,167,61,45,32,196,35,78,128,42,57,197,131,29,126,143,160,91,1,150,105,175,41,36,46,140,92,82,23,97,187,180,123,22,26,176,193,109,20,67,166,38,139,63,118,48,194,182,198,15,184,115,55,188,72,163,25,51,50,190,195,130,113,156,74,44,138,37,94,173,40,2,110,81,153,101,100,30,134,148,11,189,58,158,43,7,0,62,68,179,6,137,60,54,151,119,96,39,107,18,14,13,111,52,89,75,80,71,108,53,183,69,159,164,90,28,155,73,99,106,136,132,152,49,170,172,86,76,133,85,104,17,8,16,56,21,135,192,125,174,9,33,154,122,12,165,185,127,47,171,141,98,114,64,79,177,27,88,5,186,199,83,59,129,24,95,149,10,181,120,3,169,191,162,34]
1271;7947;9218;[146,4,144,70,19,87,121,178,161,102,145,84,77,112,93,147,66,157,103,116,65,124,168,31,142,117,167,61,45,32,196,35,78,128,42,57,197,131,29,126,143,160,91,1,150,105,175,41,36,46,140,92,82,23,97,187,180,123,22,26,176,193,109,20,67,166,38,139,63,118,48,194,182,198,15,184,115,55,188,72,163,25,51,50,190,195,130,113,156,74,44,138,37,94,173,40,2,110,81,153,101,100,30,134,148,11,189,58,158,43,7,0,62,68,179,6,137,60,54,151,119,34,39,107,18,14,13,111,52,89,75,80,71,108,53,183,69,159,164,90,28,155,73,99,106,136,132,152,49,170,172,86,76,133,85,104,17,8,16,56,21,135,192,125,174,9,33,154,122,12,165,185,127,47,171,141,98,114,64,79,177,27,88,5,186,199,83,59,129,24,95,149,10,181,120,3,169,191,162,96]
1273;7904;9177;[146,4,144,70,19,87,121,178,161,102,145,84,77,112,93,147,66,157,103,116,65,124,168,31,142,117,167,61,45,32,196,35,78,128,42,57,197,131,29,126,143,160,91,1,150,105,175,41,36,46,140,92,82,23,97,187,180,123,22,26,176,193,109,20,67,166,38,139,63,118,48,194,182,198,174,184,115,55,188,72,163,25,51,50,190,195,130,113,156,74,44,138,37,94,173,40,2,110,81,153,101,100,30,134,148,11,189,58,158,43,7,0,62,68,179,6,137,60,54,151,119,34,39,107,18,14,13,111,52,89,75,80,71,108,53,183,69,159,164,90,28,155,73,99,106,136,132,152,49,170,172,86,76,133,85,104,17,8,16,56,21,135,192,125,15,9,33,154,122,12,165,185,127,47,171,141,98,114,64,79,177,27,88,5,186,199,83,59,129,24,95,149,10,181,120,3,169,191,162,96]
1287;7816;9103;[146,4,144,70,19,87,121,178,161,102,145,84,77,112,93,147,66,157,103,116,65,124,168,31,142,117,167,61,45,32,196,35,78,128,42,57,197,131,29,126,143,160,91,1,150,105,180,41,36,46,140,92,82,23,97,187,175,123,22,26,176,193,109,20,67,166,38,139,63,118,48,194,182,198,174,184,115,55,188,72,163,25,51,50,190,195,130,113,156,74,44,138,37,94,173,40,2,110,81,153,101,100,30,134,148,11,189,58,158,43,7,0,62,68,179,6,137,60,54,151,119,34,39,107,18,14,13,111,52,89,75,80,71,108,53,183,69,159,164,90,28,155,73,99,106,136,132,152,49,170,172,86,76,133,85,104,17,8,16,56,21,135,192,125,15,9,33,154,122,12,165,185,127,47,171,141,98,114,64,79,177,27,88,5,186,199,83,59,129,24,95,149,10,181,120,3,169,191,162,96]
1286;7824;9110;[146,4,144,70,19,87,121,178,161,102,145,84,77,112,93,147,66,157,103,116,65,124,168,31,142,117,167,61,45,32,196,35,78,128,42,57,197,131,29,126,143,160,91,1,150,105,180,41,36,46,140,92,82,23,97,187,175,123,22,26,176,193,109,20,67,166,38,139,63,118,48,194,182,198,174,184,115,55,188,72,163,25,51,50,190,195,130,113,156,53,44,138,37,94,173,40,2,110,81,153,101,100,30,134,148,11,189,58,158,43,7,0,62,68,179,6,137,60,54,151,119,34,39,107,18,14,13,111,52,89,75,80,71,108,74,183,69,159,164,90,28,155,73,99,106,136,132,152,49,170,172,86,76,133,85,104,17,8,16,56,21,135,192,125,15,9,33,154,122,12,165,185,127,47,171,141,98,114,64,79,177,27,88,5,186,199,83,59,129,24,95,149,10,181,120,3,169,191,162,96]
1272;7912;9184;[146,4,144,70,19,87,121,178,161,102,145,84,77,112,93,147,66,157,103,116,65,124,168,31,142,117,167,61,45,32,196,35,78,128,42,57,197,131,29,126,143,160,91,1,150,105,175,41,36,46,140,92,82,23,97,187,180,123,22,26,176,193,109,20,67,166,38,139,63,118,48,194,182,198,174,184,115,55,188,72,163,25,51,50,190,195,130,113,156,53,44,138,37,94,173,40,2,110,81,153,101,100,30,134,148,11,189,58,158,43,7,0,62,68,179,6,137,60,54,151,119,34,39,107,18,14,13,111,52,89,75,80,71,108,74,183,69,159,164,90,28,155,73,99,106,136,132,152,49,170,172,86,76,133,85,104,17,8,16,56,21,135,192,125,15,9,33,154,122,12,165,185,127,47,171,141,98,114,64,79,177,27,88,5,186,199,83,59,129,24,95,149,10,181,120,3,169,191,162,96]
1270;7955;9225;[146,4,144,70,19,87,121,178,161,102,145,84,77,112,93,147,66,157,103,116,65,124,168,31,142,117,167,61,45,32,196,35,78,128,42,57,197,131,29,126,143,160,91,1,150,105,175,41,36,46,140,92,82,23,97,187,180,123,22,26,176,193,109,20,67,166,38,139,63,118,48,194,182,198,15,184,115,55,188,72,163,25,51,50,190,195,130,113,156,53,44,138,37,94,173,40,2,110,81,153,101,100,30,134,148,11,189,58,158,43,7,0,62,68,179,6,137,60,54,151,119,34,39,107,18,14,13,111,52,89,75,80,71,108,74,183,69,159,164,90,28,155,73,99,106,136,132,152,49,170,172,86,76,133,85,104,17,8,16,56,21,135,192,125,174,9,33,154,122,12,165,185,127,47,171,141,98,114,64,79,177,27,88,5,186,199,83,59,129,24,95,149,10,181,120,3,169,191,162,96]
1264;8008;9272;[146,4,144,70,19,87,121,178,161,102,145,84,77,112,93,147,66,157,103,116,65,124,168,31,142,117,167,61,45,32,196,35,78,128,42,57,197,131,29,126,143,160,91,1,150,105,175,41,36,46,140,92,82,23,97,187,180,123,22,26,176,193,109,20,67,166,38,139,63,118,48,194,182,198,15,184,115,55,188,72,163,25,51,50,190,195,130,113,156,53,44,138,37,94,173,40,2,110,81,153,101,100,30,134,148,11,189,58,158,43,7,0,62,68,179,6,137,60,54,151,119,34,39,107,18,14,13,111,52,89,75,80,71,108,74,183,69,159,90,164,28,155,73,99,106,136,132,152,49,170,172,86,76,133,85,104,17,8,16,56,21,135,192,125,174,9,33,154,122,12,165,185,127,47,171,141,98,114,64,79,177,27,88,5,186,199,83,59,129,24,95,149,10,181,120,3,169,191,162,96]
1266;7965;9231;[146,4,144,70,19,87,121,178,161,102,145,84,77,112,93,147,66,157,103,116,65,124,168,31,142,117,167,61,45,32,196,35,78,128,42,57,197,131,29,126,143,160,91,1,150,105,175,41,36,46,140,92,82,23,97,187,180,123,22,26,176,193,109,20,67,166,38,139,63,118,48,194,182,198,174,184,115,55,188,72,163,25,51,50,190,195,130,113,156,53,44,138,37,94,173,40,2,110,81,153,101,100,30,134,148,11,189,58,158,43,7,0,62,68,179,6,137,60,54,151,119,34,39,107,18,14,13,111,52,89,75,80,71,108,74,183,69,159,90,164,28,155,73,99,106,136,132,152,49,170,172,86,76,133,85,104,17,8,16,56,21,135,192,125,15,9,33,154,122,12,165,185,127,47,171,141,98,114,64,79,177,27,88,5,186,199,83,59,129,24,95,149,10,181,120,3,169,191,162,96]
1280;7877;9157;[146,4,144,70,19,87,121,178,161,102,145,84,77,112,93,147,66,157,103,116,65,124,168,31,142,117,167,61,45,32,196,35,78,128,42,57,197,131,29,126,143,160,91,1,150,105,180,41,36,46,140,92,82,23,97,187,175,123,22,26,176,193,109,20,67,166,38,139,63,118,48,194,182,198,174,184,115,55,188,72,163,25,51,50,190,195,130,113,156,53,44,138,37,94,173,40,2,110,81,153,101,100,30,134,148,11,189,58,158,43,7,0,62,68,179,6,137,60,54,151,119,34,39,107,18,14,13,111,52,89,75,80,71,108,74,183,69,159,90,164,28,155,73,99,106,136,132,152,49,170,172,86,76,133,85,104,17,8,16,56,21,135,192,125,15,9,33,154,122,12,165,185,127,47,171,141,98,114,64,79,177,27,88,5,186,199,83,59,129,24,95,149,10,181,120,3,169,191,162,96]
1281;7869;9150;[146,4,144,70,19,87,121,178,161,102,145,84,77,112,93,147,66,157,103,116,65,124,168,31,142,117,167,61,45,32,196,35,78,128,42,57,197,131,29,126,143,160,91,1,150,105,180,41,36,46,140,92,82,23,97,187,175,123,22,26,176,193,109,20,67,166,38,139,63,118,48,194,182,198,174,184,115,55,188,72,163,25,51,50,190,195,130,113,156,74,44,138,37,94,173,40,2,110,81,153,101,100,30,134,148,11,189,58,158,43,7,0,62,68,179,6,137,60,54,151,119,34,39,107,18,14,13,111,52,89,75,80,71,108,53,183,69,159,90,164,28,155,73,99,106,136,132,152,49,170,172,86,76,133,85,104,17,8,16,56,21,135,192,125,15,9,33,154,122,12,165,185,127,47,171,141,98,114,64,79,177,27,88,5,186,199,83,59,129,24,95,149,10,181,120,3,169,191,162,96]
1267;7957;9224;[146,4,144,70,19,87,121,178,161,102,145,84,77,112,93,147,66,157,103,116,65,124,168,31,142,117,167,61,45,32,196,35,78,128,42,57,197,131,29,126,143,160,91,1,150,105,175,41,36,46,140,92,82,23,97,187,180,123,22,26,176,193,109,20,67,166,38,139,63,118,48,194,182,198,174,184,115,55,188,72,163,25,51,50,190,195,130,113,156,74,44,138,37,94,173,40,2,110,81,153,101,100,30,134,148,11,189,58,158,43,7,0,62,68,179,6,137,60,54,151,119,34,39,107,18,14,13,111,52,89,75,80,71,108,53,183,69,159,90,164,28,155,73,99,106,136,132,152,49,170,172,86,76,133,85,104,17,8,16,56,21,135,192,125,15,9,33,154,122,12,165,185,127,47,171,141,98,114,64,79,177,27,88,5,186,199,83,59,129,24,95,149,10,181,120,3,169,191,162,96]
1265;8000;9265;[146,4,144,70,19,87,121,178,161,102,145,84,77,112,93,147,66,157,103,116,65,124,168,31,142,117,167,61,45,32,196,35,78,128,42,57,197,131,29,126,143,160,91,1,150,105,175,41,36,46,140,92,82,23,97,187,180,123,22,26,176,193,109,20,67,166,38,139,63,118,48,194,182,198,15,184,115,55,188,72,163,25,51,50,190,195,130,113,156,74,44,138,37,94,173,40,2,110,81,153,101,100,30,134,148,11,189,58,158,43,7,0,62,68,179,6,137,60,54,151,119,34,39,107,18,14,13,111,52,89,75,80,71,108,53,183,69,159,90,164,28,155,73,99,106,136,132,152,49,170,172,86,76,133,85,104,17,8,16,56,21,135,192,125,174,9,33,154,122,12,165,185,127,47,171,141,98,114,64,79,177,27,88,5,186,199,83,59,129,24,95,149,10,181,120,3,169,191,162,96]
1807;7138;8945;[34,4,144,70,74,41,121,178,161,115,182,1,77,112,93,147,66,157,103,116,65,124,168,31,142,117,167,61,45,188,87,35,78,128,42,119,57,125,145,126,143,160,91,84,150,105,180,196,36,46,140,92,82,23,189,187,175,12,22,26,176,193,109,20,67,166,38,139,63,118,48,194,29,198,174,16,102,132,32,72,163,25,51,50,190,10,130,113,156,71,44,138,37,94,173,18,131,110,81,153,80,100,30,134,148,11,97,58,158,43,7,136,181,68,123,6,137,60,54,151,96,47,39,107,55,14,13,111,52,89,75,101,197,162,53,183,69,159,164,90,28,155,73,99,106,19,2,152,49,170,172,86,76,133,85,104,17,8,184,56,21,108,192,40,15,9,33,154,122,179,195,185,127,0,171,141,98,114,64,79,177,27,88,5,186,199,83,59,129,24,95,149,165,62,120,3,169,191,135,146]
1801;7147;8948;[34,4,144,70,74,41,121,178,161,115,182,1,77,112,93,147,66,157,103,116,65,124,168,31,142,117,57,61,45,188,87,35,78,128,42,119,167,125,145,126,143,160,91,84,150,105,180,196,36,46,140,92,82,23,189,187,175,12,22,26,176,193,109,20,67,166,38,139,63,118,48,194,29,198,174,16,102,132,32,72,163,25,51,50,190,10,130,113,156,71,44,138,37,94,173,18,131,110,81,153,80,100,30,134,148,11,97,58,158,43,7,136,181,68,123,6,137,60,54,151,96,47,39,107,55,14,13,111,52,89,75,101,197,162,53,183,69,159,164,90,28,155,73,99,106,19,2,152,49,170,172,86,76,133,85,104,17,8,184,56,21,108,192,40,15,9,33,154,122,179,195,185,127,0,171,141,98,114,64,79,177,27,88,5,186,199,83,59,129,24,95,149,165,62,120,3,169,191,135,146]
1758;7158;8916;[34,4,144,70,74,41,121,178,161,115,182,84,77,112,93,147,66,157,103,116,65,124,168,31,142,117,57,61,45,188,87,35,78,128,42,119,167,125,145,126,143,160,91,1,150,105,180,196,36,46,140,92,82,23,189,187,175,12,22,26,176,193,109,20,67,166,38,139,63,118,48,194,29,198,174,16,102,132,32,72,163,25,51,50,190,10,130,113,156,71,44,138,37,94,173,18,131,110,81,153,80,100,30,134,148,11,97,58,158,43,7,136,181,68,123,6,137,60,54,151,96,47,39,107,55,14,13,111,52,89,75,101,197,162,53,183,69,159,164,90,28,155,73,99,106,19,2,152,49,170,172,86,76,133,85,104,17,8,184,56,21,108,192,40,15,9,33,154,122,179,195,185,127,0,171,141,98,114,64,79,177,27,88,5,186,199,83,59,129,24,95,149,165,62,120,3,169,191,135,146]
1319;7657;8976;[34,4,144,70,19,87,121,178,161,102,145,84,77,112,93,147,66,157,103,116,65,124,168,31,142,117,167,61,45,188,196,35,78,128,42,57,197,131,29,126,143,160,91,1,150,105,180,41,36,46,140,92,82,23,97,187,175,123,22,26,176,193,109,20,67,166,38,139,63,118,48,194,182,198,174,184,115,125,32,72,163,25,51,50,190,195,130,113,156,53,44,138,37,94,173,40,2,110,81,153,101,100,30,134,148,11,189,58,158,43,7,0,62,68,179,6,137,60,54,151,119,96,39,107,18,14,13,111,52,89,75,80,71,108,74,183,69,159,164,90,28,155,73,99,106,136,132,152,49,170,172,86,76,133,85,104,17,8,16,56,21,135,192,55,15,9,33,154,122,12,165,185,127,47,171,141,98,114,64,79,177,27,88,5,186,199,83,59,129,24,95,149,10,181,120,3,169,191,162,146]
1314;7682;8996;[34,4,144,70,19,87,121,178,161,102,145,84,77,112,93,147,66,157,103,116,65,124,168,31,142,117,167,61,45,32,196,35,78,128,42,57,197,131,29,126,143,160,91,1,150,105,180,41,36,46,140,92,82,23,97,187,175,123,22,26,176,193,109,20,67,166,38,139,63,118,48,194,182,198,174,184,115,125,188,72,163,25,51,50,190,195,130,113,156,53,44,138,37,94,173,40,2,110,81,153,101,100,30,134,148,11,189,58,158,43,7,0,62,68,179,6,137,60,54,151,119,96,39,107,18,14,13,111,52,89,75,80,71,108,74,183,69,159,164,90,28,155,73,99,106,136,132,152,49,170,172,86,76,133,85,104,17,8,16,56,21,135,192,55,15,9,33,154,122,12,165,185,127,47,171,141,98,114,64,79,177,27,88,5,186,199,83,59,129,24,95,149,10,181,120,3,169,191,162,146]
1818;7129;8947;[34,4,144,70,74,41,121,178,161,115,182,84,77,112,93,147,66,157,103,116,65,124,168,31,142,117,167,61,45,188,87,35,78,128,42,119,57,125,145,126,143,160,91,1,150,105,180,196,36,46,140,92,82,23,189,195,175,12,22,26,176,193,109,20,67,166,38,139,63,118,48,194,29,198,174,16,102,132,32,72,163,25,51,50,190,10,130,113,156,71,44,138,37,94,173,18,131,110,81,153,80,100,30,134,148,11,97,58,158,43,7,136,181,68,123,6,137,60,54,151,0,187,39,107,55,14,13,111,52,89,75,101,197,162,53,183,69,159,164,90,28,155,73,99,106,19,2,152,49,170,172,86,76,133,85,104,17,8,184,56,21,108,192,40,15,9,33,154,122,179,27,185,127,96,171,141,98,114,64,79,177,47,88,5,186,199,83,59,129,24,95,149,165,62,120,3,169,191,135,146]
1861;7118;8979;[34,4,144,70,74,41,121,178,161,115,182,1,77,112,93,147,66,157,103,116,65,124,168,31,142,117,167,61,45,188,87,35,78,128,42,119,57,125,145,126,143,160,91,84,150,105,180,196,36,46,140,92,82,23,189,195,175,12,22,26,176,193,109,20,67,166,38,139,63,118,48,194,29,198,174,16,102,132,32,72,163,25,51,50,190,10,130,113,156,71,44,138,37,94,173,18,131,110,81,153,80,100,30,134,148,11,97,58,158,43,7,136,181,68,123,6,137,60,54,151,0,187,39,107,55,14,13,111,52,89,75,101,197,162,53,183,69,159,164,90,28,155,73,99,106,19,2,152,49,170,172,86,76,133,85,104,17,8,184,56,21,108,192,40,15,9,33,154,122,179,27,185,127,96,171,141,98,114,64,79,177,47,88,5,186,199,83,59,129,24,95,149,165,62,120,3,169,191,135,146]
1298;7750;9048;[34,4,144,70,19,87,121,178,161,102,145,84,77,112,93,147,66,157,103,116,65,124,168,31,142,117,167,61,45,32,196,35,78,180,42,57,197,131,29,126,143,160,91,1,150,105,175,41,36,46,140,92,82,23,97,187,128,12,22,26,176,193,109,20,67,166,38,139,63,118,48,194,182,198,174,184,115,55,188,72,163,25,51,50,190,195,130,113,156,74,44,138,37,94,173,40,2,110,81,153,101,100,30,134,148,11,189,58,158,43,7,0,62,68,123,6,137,60,54,151,119,96,39,107,18,14,13,111,52,89,75,80,71,108,53,183,69,159,164,90,28,155,73,99,106,136,132,152,49,170,172,86,76,133,85,104,17,8,16,56,21,135,192,125,15,9,33,154,122,179,165,185,127,47,171,141,98,114,64,79,177,27,88,5,186,199,83,59,129,24,95,149,10,181,120,3,169,191,162,146]
1297;7758;9055;[34,4,144,70,19,87,121,178,161,102,145,84,77,112,93,147,66,157,103,116,65,124,168,31,142,117,167,61,45,32,196,35,78,180,42,57,197,131,29,126,143,160,91,1,150,105,175,41,36,46,140,92,82,23,97,187,128,12,22,26,176,193,109,20,67,166,38,139,63,118,48,194,182,198,174,184,115,55,188,72,163,25,51,50,190,195,130,113,156,53,44,138,37,94,173,40,2,110,81,153,101,100,30,134,148,11,189,58,158,43,7,0,62,68,123,6,137,60,54,151,119,96,39,107,18,14,13,111,52,89,75,80,71,108,74,183,69,159,164,90,28,155,73,99,106,136,132,152,49,170,172,86,76,133,85,104,17,8,16,56,21,135,192,125,15,9,33,154,122,179,165,185,127,47,171,141,98,114,64,79,177,27,88,5,186,199,83,59,129,24,95,149,10,181,120,3,169,191,162,146]
1290;7810;9100;[146,4,144,70,19,87,121,178,161,102,145,84,77,112,93,147,66,157,103,116,65,124,168,31,142,117,167,61,45,32,196,35,78,180,42,57,197,131,29,126,143,160,91,1,150,105,175,41,36,46,140,92,82,23,97,187,128,12,22,26,176,193,109,20,67,166,38,139,63,118,48,194,182,198,174,184,115,55,188,72,163,25,51,50,190,195,130,113,156,53,44,138,37,94,173,40,2,110,81,153,101,100,30,134,148,11,189,58,158,43,7,0,62,68,123,6,137,60,54,151,119,96,39,107,18,14,13,111,52,89,75,80,71,108,74,183,69,159,164,90,28,155,73,99,106,136,132,152,49,170,172,86,76,133,85,104,17,8,16,56,21,135,192,125,15,9,33,154,122,179,165,185,127,47,171,141,98,114,64,79,177,27,88,5,186,199,83,59,129,24,95,149,10,181,120,3,169,191,162,34]
1278;7883;9161;[146,4,144,70,19,87,121,178,161,102,145,84,77,112,93,147,66,157,103,116,65,124,168,31,142,117,167,61,45,32,196,35,78,180,42,57,197,131,29,126,143,160,91,1,150,105,175,41,36,46,140,92,82,23,97,187,128,12,22,26,176,193,109,20,67,166,38,139,63,118,48,194,182,198,174,184,115,55,188,72,163,25,51,50,190,195,130,113,156,53,44,138,37,94,173,40,2,110,81,153,101,100,30,134,148,11,189,58,158,43,7,0,62,68,123,6,137,60,54,151,119,34,39,107,18,14,13,111,52,89,75,80,71,108,74,183,69,159,164,90,28,155,73,99,106,136,132,152,49,170,172,86,76,133,85,104,17,8,16,56,21,135,192,125,15,9,33,154,122,179,165,185,127,47,171,141,98,114,64,79,177,27,88,5,186,199,83,59,129,24,95,149,10,181,120,3,169,191,162,96]
1279;7875;9154;[146,4,144,70,19,87,121,178,161,102,145,84,77,112,93,147,66,157,103,116,65,124,168,31,142,117,167,61,45,32,196,35,78,180,42,57,197,131,29,126,143,160,91,1,150,105,175,41,36,46,140,92,82,23,97,187,128,12,22,26,176,193,109,20,67,166,38,139,63,118,48,194,182,198,174,184,115,55,188,72,163,25,51,50,190,195,130,113,156,74,44,138,37,94,173,40,2,110,81,153,101,100,30,134,148,11,189,58,158,43,7,0,62,68,123,6,137,60,54,151,119,34,39,107,18,14,13,111,52,89,75,80,71,108,53,183,69,159,164,90,28,155,73,99,106,136,132,152,49,170,172,86,76,133,85,104,17,8,16,56,21,135,192,125,15,9,33,154,122,179,165,185,127,47,171,141,98,114,64,79,177,27,88,5,186,199,83,59,129,24,95,149,10,181,120,3,169,191,162,96]
1282;7846;9128;[148,4,144,70,19,87,121,178,161,102,145,84,77,112,93,147,66,157,103,116,65,124,168,31,142,117,167,61,45,32,196,35,78,128,42,57,197,131,29,126,143,160,91,1,150,105,180,41,36,46,140,92,82,23,97,187,123,12,22,26,176,193,109,20,67,166,38,139,63,118,48,194,182,198,174,184,115,55,188,72,163,25,51,50,190,195,130,113,156,74,44,138,37,94,173,40,2,110,81,153,101,100,30,134,96,11,189,58,158,43,7,0,62,68,175,165,137,60,54,151,119,34,39,107,18,14,13,111,52,89,75,80,71,108,53,183,69,159,164,90,28,155,73,99,106,136,132,152,49,170,172,86,76,133,85,104,17,8,16,56,21,135,192,125,15,9,33,154,122,179,6,185,127,47,171,141,98,114,64,79,177,27,88,5,186,199,83,59,129,24,95,149,10,181,120,3,169,191,162,146]
1281;7854;9135;[148,4,144,70,19,87,121,178,161,102,145,84,77,112,93,147,66,157,103,116,65,124,168,31,142,117,167,61,45,32,196,35,78,128,42,57,197,131,29,126,143,160,91,1,150,105,180,41,36,46,140,92,82,23,97,187,123,12,22,26,176,193,109,20,67,166,38,139,63,118,48,194,182,198,174,184,115,55,188,72,163,25,51,50,190,195,130,113,156,53,44,138,37,94,173,40,2,110,81,153,101,100,30,134,96,11,189,58,158,43,7,0,62,68,175,165,137,60,54,151,119,34,39,107,18,14,13,111,52,89,75,80,71,108,74,183,69,159,164,90,28,155,73,99,106,136,132,152,49,170,172,86,76,133,85,104,17,8,16,56,21,135,192,125,15,9,33,154,122,179,6,185,127,47,171,141,98,114,64,79,177,27,88,5,186,199,83,59,129,24,95,149,10,181,120,3,169,191,162,146]
1267;7940;9207;[148,4,144,70,19,87,121,178,161,102,145,84,77,112,93,147,66,157,103,116,65,124,168,31,142,117,167,61,45,32,196,35,78,128,42,57,197,131,29,126,143,160,91,1,150,105,180,41,36,46,140,92,82,23,97,187,123,12,22,26,176,193,109,20,67,166,38,139,63,118,48,194,182,198,174,184,115,55,188,72,163,25,51,50,190,195,130,113,156,53,44,138,37,94,173,40,2,110,81,153,101,100,30,134,90,11,189,58,158,43,7,0,62,68,175,165,137,60,54,151,119,34,39,107,18,14,13,111,52,89,75,80,71,108,74,183,69,159,164,96,28,155,73,99,106,136,132,152,49,170,172,86,76,133,85,104,17,8,16,56,21,135,192,125,15,9,33,154,122,179,6,185,127,47,171,141,98,114,64,79,177,27,88,5,186,199,83,59,129,24,95,149,10,181,120,3,169,191,162,146]
1265;7983;9248;[148,4,144,70,19,87,121,178,161,102,145,84,77,112,93,147,66,157,103,116,65,124,168,31,142,117,167,61,45,32,196,35,78,128,42,57,197,131,29,126,143,160,91,1,150,105,180,41,36,46,140,92,82,23,97,187,123,12,22,26,176,193,109,20,67,166,38,139,63,118,48,194,182,198,15,184,115,55,188,72,163,25,51,50,190,195,130,113,156,53,44,138,37,94,173,40,2,110,81,153,101,100,30,134,90,11,189,58,158,43,7,0,62,68,175,165,137,60,54,151,119,34,39,107,18,14,13,111,52,89,75,80,71,108,74,183,69,159,164,96,28,155,73,99,106,136,132,152,49,170,172,86,76,133,85,104,17,8,16,56,21,135,192,125,174,9,33,154,122,179,6,185,127,47,171,141,98,114,64,79,177,27,88,5,186,199,83,59,129,24,95,149,10,181,120,3,169,191,162,146]
1278;7881;9159;[148,4,144,70,19,87,121,178,161,102,145,84,77,112,93,147,66,157,103,116,65,124,168,31,142,117,167,61,45,32,196,35,78,128,42,57,197,131,29,126,143,160,91,1,150,105,180,41,36,46,140,92,82,23,97,187,123,12,22,26,176,193,109,20,67,166,38,139,63,118,48,194,182,198,174,184,115,55,188,72,163,25,51,50,190,195,130,113,156,53,44,138,37,94,173,40,2,110,81,153,101,100,30,134,90,11,189,58,158,43,7,0,62,68,175,165,137,60,54,151,119,96,39,107,18,14,13,111,52,89,75,80,71,108,74,183,69,159,164,34,28,155,73,99,106,136,132,152,49,170,172,86,76,133,85,104,17,8,16,56,21,135,192,125,15,9,33,154,122,179,6,185,127,47,171,141,98,114,64,79,177,27,88,5,186,199,83,59,129,24,95,149,10,181,120,3,169,191,162,146]
1279;7873;9152;[148,4,144,70,19,87,121,178,161,102,145,84,77,112,93,147,66,157,103,116,65,124,168,31,142,117,167,61,45,32,196,35,78,128,42,57,197,131,29,126,143,160,91,1,150,105,180,41,36,46,140,92,82,23,97,187,123,12,22,26,176,193,109,20,67,166,38,139,63,118,48,194,182,198,174,184,115,55,188,72,163,25,51,50,190,195,130,113,156,74,44,138,37,94,173,40,2,110,81,153,101,100,30,134,90,11,189,58,158,43,7,0,62,68,175,165,137,60,54,151,119,96,39,107,18,14,13,111,52,89,75,80,71,108,53,183,69,159,164,34,28,155,73,99,106,136,132,152,49,170,172,86,76,133,85,104,17,8,16,56,21,135,192,125,15,9,33,154,122,179,6,185,127,47,171,141,98,114,64,79,177,27,88,5,186,199,83,59,129,24,95,149,10,181,120,3,169,191,162,146]
1268;7932;9200;[148,4,144,70,19,87,121,178,161,102,145,84,77,112,93,147,66,157,103,116,65,124,168,31,142,117,167,61,45,32,196,35,78,128,42,57,197,131,29,126,143,160,91,1,150,105,180,41,36,46,140,92,82,23,97,187,123,12,22,26,176,193,109,20,67,166,38,139,63,118,48,194,182,198,174,184,115,55,188,72,163,25,51,50,190,195,130,113,156,74,44,138,37,94,173,40,2,110,81,153,101,100,30,134,90,11,189,58,158,43,7,0,62,68,175,165,137,60,54,151,119,34,39,107,18,14,13,111,52,89,75,80,71,108,53,183,69,159,164,96,28,155,73,99,106,136,132,152,49,170,172,86,76,133,85,104,17,8,16,56,21,135,192,125,15,9,33,154,122,179,6,185,127,47,171,141,98,114,64,79,177,27,88,5,186,199,83,59,129,24,95,149,10,181,120,3,169,191,162,146]
1271;7931;9202;[148,4,144,70,19,87,121,178,161,102,145,84,77,112,93,147,66,157,103,116,65,124,168,31,142,117,167,61,45,32,196,35,78,128,42,57,197,131,29,126,143,160,91,1,150,105,180,41,36,46,140,92,82,23,97,187,123,12,22,26,176,193,109,20,67,166,38,139,63,118,48,194,182,198,174,184,115,55,188,72,163,25,51,50,190,195,130,113,156,74,44,138,37,94,173,40,2,110,81,153,101,100,30,134,90,11,189,58,158,43,7,0,62,68,175,6,137,60,54,151,119,34,39,107,18,14,13,111,52,89,75,80,71,108,53,183,69,159,164,96,28,155,73,99,106,136,132,152,49,170,172,86,76,133,85,104,17,8,16,56,21,135,192,125,15,9,33,154,122,179,165,185,127,47,171,141,98,114,64,79,177,27,88,5,186,199,83,59,129,24,95,149,10,181,120,3,169,191,162,146]
1972;7078;9050;[34,4,144,70,19,87,121,178,102,132,130,84,77,112,93,147,66,157,103,105,74,188,168,31,142,117,167,61,45,138,41,49,78,60,42,122,197,125,145,126,143,160,91,1,150,124,180,196,36,46,140,92,82,23,189,195,119,67,22,26,176,193,109,20,170,166,38,139,63,118,48,194,29,198,174,184,35,161,32,72,163,25,51,50,190,10,0,113,156,71,44,65,37,94,173,18,131,110,81,153,80,100,30,134,148,11,97,58,158,43,172,111,181,68,123,6,137,86,76,151,175,12,7,107,55,14,13,101,52,89,75,182,116,162,53,183,69,159,164,90,28,155,73,99,106,136,115,2,152,39,187,128,54,133,85,104,17,8,16,56,21,108,192,40,15,9,33,154,5,177,27,185,127,96,171,141,98,114,64,79,179,47,88,57,186,199,83,59,129,24,95,149,165,62,120,3,169,191,135,146]
2051;7055;9106;[34,4,144,70,19,87,121,178,102,132,130,84,77,112,93,147,66,157,103,105,74,188,168,31,142,117,167,61,45,138,41,49,78,60,42,122,197,125,145,126,143,160,91,1,150,124,180,196,36,46,140,92,82,23,189,195,119,43,22,26,176,193,109,20,67,166,38,139,63,118,48,194,29,198,174,184,35,161,32,72,163,25,51,50,190,10,0,113,156,71,44,65,37,94,173,18,131,110,81,153,80,100,30,134,148,11,97,58,158,170,172,111,181,68,123,6,137,86,76,151,175,12,7,107,55,14,13,101,52,89,75,182,116,162,53,183,69,159,164,90,28,155,73,99,106,136,115,2,152,39,187,128,54,133,85,104,17,8,16,56,21,108,192,40,15,9,33,154,5,177,27,185,127,96,171,141,98,114,64,79,179,47,88,57,186,199,83,59,129,24,95,149,165,62,120,3,169,191,135,146]
2035;7061;9096;[34,4,144,70,19,87,121,178,102,132,130,84,67,112,93,147,66,157,103,105,74,188,168,31,142,117,167,61,45,138,41,49,78,60,42,122,197,125,145,126,143,160,91,1,150,124,180,196,36,46,140,92,82,23,189,195,119,77,22,26,176,193,109,20,170,166,38,139,63,118,48,194,29,198,174,184,35,161,32,72,163,25,51,50,190,10,0,113,156,71,44,65,37,94,173,18,131,110,81,153,80,100,30,134,148,11,97,58,158,43,172,111,181,68,123,6,137,86,76,151,175,12,7,107,55,14,13,101,52,89,75,182,116,162,53,183,69,159,164,90,28,155,73,99,106,136,115,2,152,39,187,128,54,133,85,104,17,8,16,56,21,108,192,40,15,9,33,154,5,177,27,185,127,96,171,141,98,114,64,79,179,47,88,57,186,199,83,59,129,24,95,149,165,62,120,3,169,191,135,146]
2080;7049;9129;[34,4,144,70,19,87,121,178,102,132,130,84,77,112,93,147,66,157,103,105,74,188,168,31,142,117,113,61,45,138,41,49,78,60,42,122,197,125,145,126,143,160,91,1,150,124,180,196,36,46,140,92,82,23,189,195,119,43,22,26,176,193,109,20,67,166,38,139,63,118,48,194,29,198,174,184,35,161,32,72,163,25,51,50,190,10,0,167,156,71,44,65,37,94,173,18,131,110,81,153,80,100,30,134,148,11,97,58,158,170,172,111,181,68,123,6,137,86,76,151,175,12,7,107,55,14,13,101,52,89,75,182,116,162,53,183,69,159,164,90,28,155,73,99,106,136,115,2,152,39,187,128,54,133,85,104,17,8,16,56,21,108,192,40,15,9,33,154,5,177,27,185,127,96,171,141,98,114,64,79,179,47,88,57,186,199,83,59,129,24,95,149,165,62,120,3,169,191,135,146]
1981;7075;9056;[34,4,144,70,19,87,121,178,102,132,130,84,67,112,93,147,66,157,103,105,74,188,168,31,142,117,77,61,45,138,41,49,78,60,42,122,197,125,145,126,143,160,91,1,150,124,180,196,36,46,140,92,82,23,189,195,119,167,22,26,176,193,109,20,170,166,38,139,63,118,48,194,29,198,174,184,35,161,32,72,163,25,51,50,190,10,0,113,156,71,44,65,37,94,173,18,131,110,81,153,80,100,30,134,148,11,97,58,158,43,172,111,181,68,123,6,137,86,76,151,175,12,7,107,55,14,13,101,52,89,75,182,116,162,53,183,69,159,164,90,28,155,73,99,106,136,115,2,152,39,187,128,54,133,85,104,17,8,16,56,21,108,192,40,15,9,33,154,5,177,27,185,127,96,171,141,98,114,64,79,179,47,88,57,186,199,83,59,129,24,95,149,165,62,120,3,169,191,135,146]
2075;7054;9129;[34,4,144,70,19,87,121,178,102,132,130,84,77,112,93,147,66,157,103,105,74,188,168,31,142,117,113,61,45,65,41,49,78,60,42,122,197,125,145,126,143,160,91,1,150,124,180,196,36,46,140,92,82,23,189,195,119,43,22,26,176,193,109,20,67,166,38,139,63,118,48,194,29,198,174,184,35,161,32,72,163,25,51,50,190,10,0,167,156,71,44,138,37,94,173,18,131,110,81,153,80,100,30,134,148,11,97,58,158,170,172,111,181,68,123,6,137,86,76,151,175,12,7,107,55,14,13,101,52,89,75,182,116,162,53,183,69,159,164,90,28,155,73,99,106,136,115,2,152,39,187,128,54,133,85,104,17,8,16,56,21,108,192,40,15,9,33,154,5,177,27,185,127,96,171,141,98,114,64,79,179,47,88,57,186,199,83,59,129,24,95,149,165,62,120,3,169,191,135,146]
2002;7071;9073;[34,4,144,70,19,87,121,178,102,132,130,84,67,77,93,147,66,157,103,105,74,188,168,31,142,117,112,61,45,138,41,49,78,60,42,122,197,125,145,126,143,160,91,1,150,124,180,196,36,46,140,92,82,23,189,195,119,167,22,26,176,193,109,20,170,166,38,139,63,118,48,194,29,198,174,184,35,161,32,72,163,25,51,50,190,10,0,113,156,71,44,65,37,94,173,18,131,110,81,153,80,100,30,134,148,11,97,58,158,43,172,111,181,68,123,6,137,86,76,151,175,12,7,107,55,14,13,101,52,89,75,182,116,162,53,183,69,159,164,90,28,155,73,99,106,136,115,2,152,39,187,128,54,133,85,104,17,8,16,56,21,108,192,40,15,9,33,154,5,177,27,185,127,96,171,141,98,114,64,79,179,47,88,57,186,199,83,59,129,24,95,149,165,62,120,3,169,191,135,146]
2046;7060;9106;[34,4,144,70,19,87,121,178,102,132,130,84,77,112,93,147,66,157,103,105,74,188,168,31,142,117,167,61,45,65,41,49,78,60,42,122,197,125,145,126,143,160,91,1,150,124,180,196,36,46,140,92,82,23,189,195,119,43,22,26,176,193,109,20,67,166,38,139,63,118,48,194,29,198,174,184,35,161,32,72,163,25,51,50,190,10,0,113,156,71,44,138,37,94,173,18,131,110,81,153,80,100,30,134,148,11,97,58,158,170,172,111,181,68,123,6,137,86,76,151,175,12,7,107,55,14,13,101,52,89,75,182,116,162,53,183,69,159,164,90,28,155,73,99,106,136,115,2,152,39,187,128,54,133,85,104,17,8,16,56,21,108,192,40,15,9,33,154,5,177,27,185,127,96,171,141,98,114,64,79,179,47,88,57,186,199,83,59,129,24,95,149,165,62,120,3,169,191,135,146]
2129;7045;9174;[34,4,144,70,19,87,121,178,102,132,130,84,67,77,93,147,66,157,103,105,74,188,168,31,142,117,112,61,45,138,41,49,78,60,42,122,197,125,145,126,143,160,91,1,150,124,180,196,36,46,140,92,82,23,189,195,119,167,22,26,176,193,109,190,170,166,38,139,63,118,48,194,29,198,174,184,35,161,32,72,163,25,51,50,20,10,0,113,156,71,44,65,37,94,173,18,131,110,81,153,80,100,30,134,148,11,97,58,158,43,172,111,181,68,123,6,137,86,76,151,175,12,7,107,55,14,13,101,52,89,75,182,116,162,53,183,69,159,164,90,28,155,73,99,106,136,115,2,152,39,187,128,54,133,85,104,17,8,16,56,21,108,192,40,15,9,33,154,5,177,27,185,127,96,171,141,98,114,64,79,179,47,88,57,186,199,83,59,129,24,95,149,165,62,120,3,169,191,135,146]
2120;7046;9166;[34,4,144,70,19,87,121,178,102,132,130,84,77,112,93,147,66,157,103,105,74,188,168,31,142,117,113,61,45,138,41,49,78,128,42,101,197,125,145,126,143,160,91,1,150,124,180,196,36,46,140,73,82,23,189,195,175,12,22,26,167,193,109,20,67,166,38,139,63,118,48,194,29,198,174,184,35,170,176,72,163,25,51,50,190,10,0,32,156,71,44,65,37,94,173,18,131,110,81,153,80,100,30,134,119,11,97,58,158,43,7,122,181,68,123,6,137,86,76,151,148,187,39,107,55,14,13,111,52,89,75,182,116,162,53,183,69,159,164,90,28,155,21,99,106,136,115,152,2,169,172,60,54,133,85,104,17,8,16,56,92,108,192,40,15,9,33,154,5,177,27,185,127,96,171,141,98,114,64,79,179,47,88,57,186,199,83,59,129,24,95,149,165,62,120,3,161,191,135,146]
2024;7058;9082;[34,4,144,70,19,87,121,178,102,132,130,84,77,112,93,147,66,157,103,105,74,188,168,31,142,117,113,61,45,138,41,49,78,128,42,122,197,125,145,126,143,160,91,1,150,124,180,196,36,46,140,92,82,23,189,195,167,12,22,26,165,193,109,20,67,166,38,139,63,118,48,194,29,198,174,184,35,170,176,72,163,25,51,50,190,10,0,32,156,71,44,65,37,94,173,18,131,110,81,153,80,100,30,134,119,11,97,58,158,43,7,101,181,68,123,6,137,86,76,151,148,187,39,107,55,14,13,111,52,89,75,182,116,162,53,183,69,159,164,90,28,155,73,99,106,136,115,152,2,169,172,60,54,133,85,104,17,8,16,56,21,108,192,40,15,9,33,154,5,177,27,185,127,96,171,141,98,114,64,79,179,47,88,57,186,199,83,59,129,24,95,149,175,62,120,3,161,191,135,146]
2065;7053;9118;[34,4,144,70,19,26,121,178,102,132,130,84,77,112,93,147,66,157,103,105,74,188,168,31,142,117,113,61,45,138,41,49,78,128,42,122,197,125,145,126,143,160,91,1,150,124,180,196,36,46,140,92,82,23,189,195,167,12,22,87,165,193,109,20,67,166,38,139,63,118,48,194,29,198,174,184,35,170,176,72,163,25,51,50,190,10,0,32,156,71,44,65,37,94,173,18,131,110,81,153,80,100,30,134,119,11,97,58,158,43,7,101,181,68,123,6,137,86,76,151,148,187,39,107,55,14,13,111,52,89,75,182,116,162,53,183,69,159,164,90,28,155,73,99,106,136,115,152,2,169,172,60,54,133,85,104,17,8,16,56,21,108,192,40,15,9,33,154,5,177,27,185,127,96,171,141,98,114,64,79,179,47,88,57,186,199,83,59,129,24,95,149,175,62,120,3,161,191,135,146]
2021;7064;9085;[34,4,144,70,19,26,121,178,102,132,130,84,77,112,93,147,66,157,103,105,74,188,168,31,142,117,113,61,45,138,41,49,78,128,42,122,197,125,145,126,143,160,91,1,150,124,180,196,36,46,140,92,82,23,189,195,167,12,22,87,165,193,109,20,67,166,38,139,63,118,48,194,29,198,174,184,35,170,176,72,163,25,51,50,190,10,0,32,156,71,44,65,37,94,173,18,131,110,81,153,80,100,30,134,148,11,97,58,158,43,7,101,181,68,123,6,137,86,76,151,119,187,39,107,55,14,13,111,52,89,75,182,116,162,53,183,69,159,164,90,28,155,73,99,106,136,115,152,2,169,172,60,54,133,85,104,17,8,16,56,21,108,192,40,15,9,33,154,5,177,27,185,127,96,171,141,98,114,64,79,179,47,88,57,186,199,83,59,129,24,95,149,175,62,120,3,161,191,135,146]
1980;7069;9049;[34,4,144,70,19,87,121,178,102,132,130,84,77,112,93,147,66,157,103,105,74,188,168,31,142,117,113,61,45,138,41,49,78,128,42,122,197,125,145,126,143,160,91,1,150,124,180,196,36,46,140,92,82,23,189,195,167,12,22,26,165,193,109,20,67,166,38,139,63,118,48,194,29,198,174,184,35,170,176,72,163,25,51,50,190,10,0,32,156,71,44,65,37,94,173,18,131,110,81,153,80,100,30,134,148,11,97,58,158,43,7,101,181,68,123,6,137,86,76,151,119,187,39,107,55,14,13,111,52,89,75,182,116,162,53,183,69,159,164,90,28,155,73,99,106,136,115,152,2,169,172,60,54,133,85,104,17,8,16,56,21,108,192,40,15,9,33,154,5,177,27,185,127,96,171,141,98,114,64,79,179,47,88,57,186,199,83,59,129,24,95,149,175,62,120,3,161,191,135,146]
2013;7068;9081;[34,4,144,70,19,87,121,178,102,119,130,84,77,112,93,147,66,157,103,105,74,188,168,31,142,117,113,61,45,138,41,49,78,128,42,122,197,125,145,126,143,160,91,1,150,124,180,196,36,46,140,92,82,23,189,195,167,12,22,26,165,193,109,20,67,166,38,139,63,118,48,194,29,198,174,184,35,170,176,72,163,25,51,50,190,10,0,32,156,71,44,65,37,94,173,18,131,110,81,153,80,100,30,134,148,11,97,58,158,43,7,101,181,68,123,6,137,86,76,151,132,187,39,107,55,14,13,111,52,89,75,182,116,162,53,183,69,159,164,90,28,155,73,99,106,136,115,152,2,169,172,60,54,133,85,104,17,8,16,56,21,108,192,40,15,9,33,154,5,177,27,185,127,96,171,141,98,114,64,79,179,47,88,57,186,199,83,59,129,24,95,149,175,62,120,3,161,191,135,146]
1946;7090;9036;[34,4,144,70,19,87,121,178,102,119,130,84,77,112,93,147,66,157,103,105,74,188,168,31,142,117,113,61,45,138,41,49,78,128,42,101,197,125,145,126,143,160,91,1,150,124,180,196,36,46,140,92,82,23,189,195,167,12,22,26,165,193,109,20,67,166,38,139,63,118,48,194,29,198,174,184,35,170,176,72,163,25,51,50,190,10,0,32,156,71,44,65,37,94,173,18,131,110,81,153,80,100,30,134,148,11,97,58,158,43,7,122,181,68,123,6,137,86,76,151,132,187,39,107,55,14,13,111,52,89,75,182,116,162,53,183,69,159,164,90,28,155,73,99,106,136,115,152,2,169,172,60,54,133,85,104,17,8,16,56,21,108,192,40,15,9,33,154,5,177,27,185,127,96,171,141,98,114,64,79,179,47,88,57,186,199,83,59,129,24,95,149,175,62,120,3,161,191,135,146]
2146;7039;9185;[34,198,174,190,109,118,6,193,172,132,130,22,12,7,182,113,66,157,103,105,74,188,87,37,94,0,167,61,45,138,178,147,78,128,42,120,3,121,162,126,143,160,91,1,33,124,180,196,36,85,104,17,82,23,189,81,112,93,19,26,176,46,116,144,170,95,38,139,65,20,51,50,21,48,146,4,84,67,32,72,163,25,70,41,142,117,77,2,156,71,191,102,184,8,173,18,86,110,101,59,80,100,30,134,148,11,97,58,54,151,149,165,181,68,123,44,131,158,62,195,161,35,39,107,55,14,13,111,52,89,75,129,15,135,53,183,69,159,164,90,28,155,73,99,106,136,115,152,49,119,43,137,133,76,122,9,16,125,145,140,92,108,192,40,169,194,29,154,60,177,27,185,127,96,171,141,98,114,64,79,179,47,88,5,186,199,83,153,166,24,150,10,187,175,57,197,168,31,56,63]
2186;7003;9189;[34,198,174,190,109,118,6,193,172,132,130,22,12,7,182,113,66,157,103,105,74,188,87,37,94,0,167,61,45,138,178,147,78,128,42,120,3,121,162,126,143,160,91,1,33,124,180,196,36,85,104,17,82,23,189,81,112,93,19,26,176,46,116,49,170,95,38,139,65,20,51,50,21,48,146,4,84,67,32,72,163,25,70,41,142,117,77,2,156,71,191,144,184,8,173,18,86,110,101,59,80,100,30,134,148,11,97,58,54,151,149,165,181,68,123,90,131,158,62,195,161,102,39,107,55,14,13,111,52,89,75,129,15,135,53,183,69,159,164,9,28,155,73,99,106,136,115,152,35,119,43,137,133,76,122,44,16,125,145,140,92,108,192,40,169,194,29,154,60,177,27,185,127,96,171,141,98,114,64,79,179,47,88,5,186,199,83,153,166,24,150,10,187,175,57,197,168,31,56,63]
2184;7002;9186;[34,198,174,190,109,118,6,193,172,132,130,22,12,7,182,113,66,157,103,105,74,188,87,37,94,0,167,61,45,138,178,9,78,128,42,120,3,121,162,126,143,160,91,1,33,124,180,196,36,85,104,17,82,23,189,81,112,93,19,26,176,46,116,49,170,95,38,139,65,20,51,50,21,48,146,4,84,67,32,72,163,25,70,41,142,117,77,2,156,71,191,144,184,8,173,18,86,110,101,59,80,100,30,134,148,11,97,58,54,151,149,165,181,68,123,90,131,158,62,195,161,102,39,107,55,14,13,111,52,89,75,129,15,135,53,183,69,159,164,147,28,155,73,99,106,136,115,152,35,119,43,137,133,76,122,44,16,125,145,140,92,108,192,40,169,194,29,154,60,177,27,185,127,96,171,141,98,114,64,79,179,47,88,5,186,199,83,153,166,24,150,10,187,175,57,197,168,31,56,63]
2166;7019;9185;[34,198,174,190,109,118,6,193,172,132,130,22,12,7,182,113,66,157,103,105,74,188,87,37,94,0,167,61,45,138,178,147,78,128,42,120,3,121,162,126,143,160,91,1,33,124,180,196,36,85,104,17,82,23,189,81,112,93,19,26,176,46,116,49,170,95,38,139,65,20,51,50,21,48,146,4,84,67,32,72,163,25,70,41,142,117,77,2,156,71,191,144,184,8,173,18,86,110,101,59,80,100,30,134,148,11,97,58,54,151,149,165,181,68,123,90,131,158,62,195,161,35,39,107,55,14,13,111,52,89,75,129,15,135,53,183,69,159,164,9,28,155,73,99,106,136,115,152,102,119,43,137,133,76,122,44,16,125,145,140,92,108,192,40,169,194,29,154,60,177,27,185,127,96,171,141,98,114,64,79,179,47,88,5,186,199,83,153,166,24,150,10,187,175,57,197,168,31,56,63]
2164;7018;9182;[34,198,174,190,109,118,6,193,172,132,130,22,12,7,182,113,66,157,103,105,74,188,87,37,94,0,167,61,45,138,178,9,78,128,42,120,3,121,162,126,143,160,91,1,33,124,180,196,36,85,104,17,82,23,189,81,112,93,19,26,176,46,116,49,170,95,38,139,65,20,51,50,21,48,146,4,84,67,32,72,163,25,70,41,142,117,77,2,156,71,191,144,184,8,173,18,86,110,101,59,80,100,30,134,148,11,97,58,54,151,149,165,181,68,123,90,131,158,62,195,161,35,39,107,55,14,13,111,52,89,75,129,15,135,53,183,69,159,164,147,28,155,73,99,106,136,115,152,102,119,43,137,133,76,122,44,16,125,145,140,92,108,192,40,169,194,29,154,60,177,27,185,127,96,171,141,98,114,64,79,179,47,88,5,186,199,83,153,166,24,150,10,187,175,57,197,168,31,56,63]
2065;7052;9117;[34,4,144,70,19,87,121,178,102,132,130,84,77,112,93,147,66,157,103,105,74,188,168,31,142,117,113,61,45,138,41,49,78,128,42,122,197,125,145,126,20,160,91,1,150,124,180,196,36,46,140,92,82,23,189,195,167,12,22,26,165,193,109,143,67,166,38,139,63,118,48,194,29,198,174,184,35,170,176,72,163,25,51,50,190,10,0,32,156,71,44,65,37,94,173,18,131,110,81,153,80,100,30,134,119,11,97,58,158,43,7,101,181,68,123,6,137,86,76,151,148,187,39,107,55,14,13,111,52,89,75,182,116,162,53,183,69,159,164,90,28,155,73,99,106,136,115,152,2,169,172,60,54,133,85,104,17,8,16,56,21,108,192,40,15,9,33,154,5,177,27,185,127,96,171,141,98,114,64,79,179,47,88,57,186,199,83,59,129,24,95,149,175,62,120,3,161,191,135,146]
2092;7047;9139;[34,4,144,70,19,87,121,178,102,132,130,84,77,112,93,147,66,157,103,105,74,188,168,31,142,117,113,61,45,138,41,49,78,128,42,122,197,125,145,126,20,160,91,1,150,124,143,196,36,46,140,92,82,23,189,195,167,12,22,26,165,193,109,180,67,166,38,139,63,118,48,194,29,198,174,184,35,170,176,72,163,25,51,50,190,10,0,32,156,71,44,65,37,94,173,18,131,110,81,153,80,100,30,134,119,11,97,58,158,43,7,101,181,68,123,6,137,86,76,151,148,187,39,107,55,14,13,111,52,89,75,182,116,162,53,183,69,159,164,90,28,155,73,99,106,136,115,152,2,169,172,60,54,133,85,104,17,8,16,56,21,108,192,40,15,9,33,154,5,177,27,185,127,96,171,141,98,114,64,79,179,47,88,57,186,199,83,59,129,24,95,149,175,62,120,3,161,191,135,146]
2133;7042;9175;[34,4,144,70,19,26,121,178,102,132,130,84,77,112,93,147,66,157,103,105,74,188,168,31,142,117,113,61,45,138,41,49,78,128,42,122,197,125,145,126,20,160,91,1,150,124,143,196,36,46,140,92,82,23,189,195,167,12,22,87,165,193,109,180,67,166,38,139,63,118,48,194,29,198,174,184,35,170,176,72,163,25,51,50,190,10,0,32,156,71,44,65,37,94,173,18,131,110,81,153,80,100,30,134,119,11,97,58,158,43,7,101,181,68,123,6,137,86,76,151,148,187,39,107,55,14,13,111,52,89,75,182,116,162,53,183,69,159,164,90,28,155,73,99,106,136,115,152,2,169,172,60,54,133,85,104,17,8,16,56,21,108,192,40,15,9,33,154,5,177,27,185,127,96,171,141,98,114,64,79,179,47,88,57,186,199,83,59,129,24,95,149,175,62,120,3,161,191,135,146]
2075;7047;9122;[34,4,144,70,19,87,121,178,102,132,130,84,77,112,93,147,66,157,103,105,74,188,168,31,142,117,113,61,45,65,41,49,78,128,42,122,197,125,145,126,20,160,91,1,150,124,180,196,36,46,140,92,143,23,189,195,167,12,22,26,165,193,109,82,67,166,38,139,63,118,48,194,29,198,174,184,35,170,176,72,163,25,51,50,190,10,0,32,156,71,44,138,37,94,173,18,131,110,81,153,80,100,30,134,119,11,97,58,158,43,7,101,181,68,123,6,137,86,76,151,148,187,39,107,55,14,13,111,52,89,75,182,116,162,53,183,69,159,164,90,28,155,73,99,106,136,115,152,2,169,172,60,54,133,85,104,17,8,16,56,21,108,192,40,15,9,33,154,5,177,27,185,127,96,171,141,98,114,64,79,179,47,88,57,186,199,83,59,129,24,95,149,175,62,120,3,161,191,135,146]
2116;7042;9158;[34,4,144,70,19,26,121,178,102,132,130,84,77,112,93,147,66,157,103,105,74,188,168,31,142,117,113,61,45,65,41,49,78,128,42,122,197,125,145,126,20,160,91,1,150,124,180,196,36,46,140,92,143,23,189,195,167,12,22,87,165,193,109,82,67,166,38,139,63,118,48,194,29,198,174,184,35,170,176,72,163,25,51,50,190,10,0,32,156,71,44,138,37,94,173,18,131,110,81,153,80,100,30,134,119,11,97,58,158,43,7,101,181,68,123,6,137,86,76,151,148,187,39,107,55,14,13,111,52,89,75,182,116,162,53,183,69,159,164,90,28,155,73,99,106,136,115,152,2,169,172,60,54,133,85,104,17,8,16,56,21,108,192,40,15,9,33,154,5,177,27,185,127,96,171,141,98,114,64,79,179,47,88,57,186,199,83,59,129,24,95,149,175,62,120,3,161,191,135,146]
2121;7037;9158;[34,4,144,70,19,26,121,178,102,132,130,84,77,112,93,147,66,157,103,105,74,188,168,31,142,117,113,61,45,138,41,49,78,128,42,122,197,125,145,126,20,160,91,1,150,124,180,196,36,46,140,92,143,23,189,195,167,12,22,87,165,193,109,82,67,166,38,139,63,118,48,194,29,198,174,184,35,170,176,72,163,25,51,50,190,10,0,32,156,71,44,65,37,94,173,18,131,110,81,153,80,100,30,134,119,11,97,58,158,43,7,101,181,68,123,6,137,86,76,151,148,187,39,107,55,14,13,111,52,89,75,182,116,162,53,183,69,159,164,90,28,155,73,99,106,136,115,152,2,169,172,60,54,133,85,104,17,8,16,56,21,108,192,40,15,9,33,154,5,177,27,185,127,96,171,141,98,114,64,79,179,47,88,57,186,199,83,59,129,24,95,149,175,62,120,3,161,191,135,146]
2080;7042;9122;[34,4,144,70,19,87,121,178,102,132,130,84,77,112,93,147,66,157,103,105,74,188,168,31,142,117,113,61,45,138,41,49,78,128,42,122,197,125,145,126,20,160,91,1,150,124,180,196,36,46,140,92,143,23,189,195,167,12,22,26,165,193,109,82,67,166,38,139,63,118,48,194,29,198,174,184,35,170,176,72,163,25,51,50,190,10,0,32,156,71,44,65,37,94,173,18,131,110,81,153,80,100,30,134,119,11,97,58,158,43,7,101,181,68,123,6,137,86,76,151,148,187,39,107,55,14,13,111,52,89,75,182,116,162,53,183,69,159,164,90,28,155,73,99,106,136,115,152,2,169,172,60,54,133,85,104,17,8,16,56,21,108,192,40,15,9,33,154,5,177,27,185,127,96,171,141,98,114,64,79,179,47,88,57,186,199,83,59,129,24,95,149,175,62,120,3,161,191,135,146]
2013;7064;9077;[34,4,144,70,19,87,121,178,102,132,130,84,77,112,93,147,66,157,103,105,74,188,168,31,142,117,113,61,45,138,41,49,78,128,42,101,197,125,145,126,20,160,91,1,150,124,180,196,36,46,140,92,143,23,189,195,167,12,22,26,165,193,109,82,67,166,38,139,63,118,48,194,29,198,174,184,35,170,176,72,163,25,51,50,190,10,0,32,156,71,44,65,37,94,173,18,131,110,81,153,80,100,30,134,119,11,97,58,158,43,7,122,181,68,123,6,137,86,76,151,148,187,39,107,55,14,13,111,52,89,75,182,116,162,53,183,69,159,164,90,28,155,73,99,106,136,115,152,2,169,172,60,54,133,85,104,17,8,16,56,21,108,192,40,15,9,33,154,5,177,27,185,127,96,171,141,98,114,64,79,179,47,88,57,186,199,83,59,129,24,95,149,175,62,120,3,161,191,135,146]
1969;7075;9044;[34,4,144,70,19,87,121,178,102,132,130,84,77,112,93,147,66,157,103,105,74,188,168,31,142,117,113,61,45,138,41,49,78,128,42,101,197,125,145,126,20,160,91,1,150,124,180,196,36,46,140,92,143,23,189,195,167,12,22,26,165,193,109,82,67,166,38,139,63,118,48,194,29,198,174,184,35,170,176,72,163,25,51,50,190,10,0,32,156,71,44,65,37,94,173,18,131,110,81,153,80,100,30,134,148,11,97,58,158,43,7,122,181,68,123,6,137,86,76,151,119,187,39,107,55,14,13,111,52,89,75,182,116,162,53,183,69,159,164,90,28,155,73,99,106,136,115,152,2,169,172,60,54,133,85,104,17,8,16,56,21,108,192,40,15,9,33,154,5,177,27,185,127,96,171,141,98,114,64,79,179,47,88,57,186,199,83,59,129,24,95,149,175,62,120,3,161,191,135,146]
1964;7080;9044;[34,4,144,70,19,87,121,178,102,132,130,84,77,112,93,147,66,157,103,105,74,188,168,31,142,117,113,61,45,65,41,49,78,128,42,101,197,125,145,126,20,160,91,1,150,124,180,196,36,46,140,92,143,23,189,195,167,12,22,26,165,193,109,82,67,166,38,139,63,118,48,194,29,198,174,184,35,170,176,72,163,25,51,50,190,10,0,32,156,71,44,138,37,94,173,18,131,110,81,153,80,100,30,134,148,11,97,58,158,43,7,122,181,68,123,6,137,86,76,151,119,187,39,107,55,14,13,111,52,89,75,182,116,162,53,183,69,159,164,90,28,155,73,99,106,136,115,152,2,169,172,60,54,133,85,104,17,8,16,56,21,108,192,40,15,9,33,154,5,177,27,185,127,96,171,141,98,114,64,79,179,47,88,57,186,199,83,59,129,24,95,149,175,62,120,3,161,191,135,146]
2149;7024;9173;[34,198,174,46,109,118,6,193,172,132,130,22,12,7,182,113,66,157,103,105,74,188,87,37,94,0,167,61,45,138,178,147,78,128,42,120,3,121,162,126,143,160,91,1,33,124,180,196,36,85,104,17,82,23,189,81,112,93,19,26,176,9,123,49,170,95,38,139,65,20,51,50,21,48,146,4,84,67,32,72,163,25,70,41,142,117,77,2,156,71,191,144,184,8,173,18,86,110,101,59,80,100,30,134,148,11,97,58,54,151,149,165,181,68,116,44,131,158,62,195,161,102,39,107,55,14,13,111,52,89,75,129,15,135,53,183,69,159,164,90,28,155,73,99,106,136,115,152,35,119,43,137,133,76,122,190,16,125,145,140,92,108,192,40,169,194,29,154,60,177,27,185,127,96,171,141,98,114,64,79,179,47,88,5,186,199,83,153,166,24,150,10,187,175,57,197,168,31,56,63]
2146;7033;9179;[34,198,174,46,109,118,6,193,172,132,130,22,12,161,182,113,66,157,103,105,74,188,87,37,94,0,167,61,45,138,178,147,78,128,42,120,3,121,162,126,143,160,91,1,33,124,180,196,36,85,104,17,82,23,189,81,112,93,19,26,176,9,123,49,170,95,38,139,65,20,51,50,21,48,146,4,84,67,32,72,163,25,70,41,142,117,77,2,156,71,191,144,184,8,173,18,86,110,101,59,80,100,30,134,148,11,97,58,54,151,149,165,181,68,116,44,131,158,62,195,7,102,39,107,55,14,13,111,52,89,75,129,15,135,53,183,69,159,164,90,28,155,73,99,106,136,115,152,35,119,43,137,133,76,122,190,16,125,145,140,92,108,192,40,169,194,29,154,60,177,27,185,127,96,171,141,98,114,64,79,179,47,88,5,186,199,83,153,166,24,150,10,187,175,57,197,168,31,56,63]
2169;7009;9178;[34,198,174,190,109,118,147,193,172,132,130,22,12,7,182,113,66,157,103,105,74,188,87,37,94,0,167,61,45,138,178,9,78,128,42,120,3,121,162,126,143,160,91,1,33,124,180,196,36,85,104,17,82,23,189,81,112,93,19,26,176,46,6,49,170,95,38,139,65,20,51,50,21,48,146,4,84,67,32,72,163,25,70,41,142,117,77,2,156,71,191,144,184,8,173,18,86,110,101,59,80,100,30,134,148,11,97,58,54,151,149,165,181,68,123,44,131,158,62,195,161,102,39,107,55,14,13,111,52,89,75,129,15,135,53,183,69,159,164,90,28,155,73,99,106,136,115,152,35,119,43,137,133,76,122,116,16,125,145,140,92,108,192,40,169,194,29,154,60,177,27,185,127,96,171,141,98,114,64,79,179,47,88,5,186,199,83,153,166,24,150,10,187,175,57,197,168,31,56,63]
2170;7008;9178;[34,198,174,190,109,147,118,193,172,132,130,22,12,7,182,113,66,157,103,105,74,188,87,37,94,0,167,61,45,138,178,9,78,128,42,120,3,121,162,126,143,160,91,1,33,124,180,196,36,85,104,17,82,23,189,81,112,93,19,26,176,46,6,49,170,95,38,139,65,20,51,50,21,48,146,4,84,67,32,72,163,25,70,41,142,117,77,2,156,71,191,144,184,8,173,18,86,110,101,59,80,100,30,134,148,11,97,58,54,151,149,165,181,68,123,44,131,158,62,195,161,102,39,107,55,14,13,111,52,89,75,129,15,135,53,183,69,159,164,90,28,155,73,99,106,136,115,152,35,119,43,137,133,76,122,116,16,125,145,140,92,108,192,40,169,194,29,154,60,177,27,185,127,96,171,141,98,114,64,79,179,47,88,5,186,199,83,153,166,24,150,10,187,175,57,197,168,31,56,63]
2167;7008;9175;[34,198,174,190,109,94,118,193,172,132,130,22,12,7,182,113,66,157,103,105,74,188,87,37,147,0,167,61,45,138,178,9,78,128,42,120,3,121,162,126,143,160,91,1,33,124,180,196,36,85,104,17,82,23,189,81,112,93,19,26,176,46,6,49,170,95,38,139,65,20,51,50,21,48,146,4,84,67,32,72,163,25,70,41,142,117,77,2,156,71,191,144,184,8,173,18,86,110,101,59,80,100,30,134,148,11,97,58,54,151,149,165,181,68,123,44,131,158,62,195,161,102,39,107,55,14,13,111,52,89,75,129,15,135,53,183,69,159,164,90,28,155,73,99,106,136,115,152,35,119,43,137,133,76,122,116,16,125,145,140,92,108,192,40,169,194,29,154,60,177,27,185,127,96,171,141,98,114,64,79,179,47,88,5,186,199,83,153,166,24,150,10,187,175,57,197,168,31,56,63]
2145;7036;9181;[34,198,174,190,109,94,118,193,172,132,130,22,96,7,182,113,66,157,103,105,74,188,87,37,147,0,167,61,45,138,178,9,78,128,42,120,3,121,162,126,143,160,91,1,33,124,180,196,36,85,104,17,82,23,189,81,112,93,19,26,176,46,6,49,170,95,38,139,65,20,51,50,21,48,146,4,84,67,32,72,163,25,70,41,142,117,77,2,156,71,191,144,184,8,173,18,86,110,101,59,80,100,30,134,148,11,97,58,54,151,149,165,181,68,123,44,131,158,62,195,161,102,39,107,55,14,13,111,52,89,75,129,15,135,53,183,69,159,164,90,28,155,73,99,106,136,115,152,35,119,43,137,133,76,122,116,16,125,145,140,92,108,192,40,169,194,29,154,60,177,27,185,127,12,171,141,98,114,64,79,179,47,88,5,186,199,83,153,166,24,150,10,187,175,57,197,168,31,56,63]
2209;6987;9196;[34,198,174,190,109,118,6,193,172,132,130,22,12,161,182,113,66,157,103,105,74,188,87,37,94,0,167,61,45,138,178,147,78,128,42,120,3,121,162,126,143,160,91,1,33,124,180,196,36,85,104,17,82,23,189,81,112,93,19,26,176,46,9,49,170,95,38,139,65,20,51,50,21,48,146,4,84,67,32,72,163,25,70,41,142,117,77,2,156,71,191,144,184,8,173,18,86,110,101,59,80,100,30,134,148,11,97,58,54,151,149,165,181,68,123,44,131,158,62,195,7,102,39,107,55,14,13,111,52,89,75,129,15,135,53,183,69,159,164,90,28,155,73,99,106,136,115,152,35,171,43,137,133,76,122,116,16,125,145,140,92,108,192,40,169,194,29,154,60,177,27,185,127,96,141,119,98,114,64,79,179,47,88,5,186,199,83,153,166,24,150,10,187,175,57,197,168,31,56,63]
2212;6978;9190;[34,198,174,190,109,118,6,193,172,132,130,22,12,7,182,113,66,157,103,105,74,188,87,37,94,0,167,61,45,138,178,147,78,128,42,120,3,121,162,126,143,160,91,1,33,124,180,196,36,85,104,17,82,23,189,81,112,93,19,26,176,46,9,49,170,95,38,139,65,20,51,50,21,48,146,4,84,67,32,72,163,25,70,41,142,117,77,2,156,71,191,144,184,8,173,18,86,110,101,59,80,100,30,134,148,11,97,58,54,151,149,165,181,68,123,44,131,158,62,195,161,102,39,107,55,14,13,111,52,89,75,129,15,135,53,183,69,159,164,90,28,155,73,99,106,136,115,152,35,171,43,137,133,76,122,116,16,125,145,140,92,108,192,40,169,194,29,154,60,177,27,185,127,96,141,119,98,114,64,79,179,47,88,5,186,199,83,153,166,24,150,10,187,175,57,197,168,31,56,63]
2241;6973;9214;[34,198,174,190,109,118,6,193,172,132,130,22,12,7,85,113,66,157,103,105,74,188,87,37,94,0,167,61,45,138,178,147,78,128,42,120,3,121,162,126,143,160,91,1,33,124,180,196,36,182,104,17,82,23,189,81,112,93,19,26,176,46,9,49,170,95,38,139,65,20,51,50,21,48,146,4,84,67,32,72,163,25,70,41,142,117,77,2,156,71,191,144,184,8,173,18,86,110,101,59,80,100,30,134,148,11,97,58,54,151,149,165,181,68,123,44,131,158,62,195,161,102,39,107,55,14,13,111,52,89,75,129,15,135,53,183,69,159,164,90,28,155,73,99,106,136,115,152,35,171,43,137,133,76,122,116,16,125,145,140,92,108,192,40,169,194,29,154,60,177,27,185,127,96,141,119,98,114,64,79,179,47,88,5,186,199,83,153,166,24,150,10,187,175,57,197,168,31,56,63]
2258;6970;9228;[34,198,174,190,109,118,6,193,172,132,130,22,12,7,85,113,66,157,103,105,74,188,87,37,94,0,167,61,45,138,178,147,78,128,42,120,3,121,162,126,143,160,91,1,33,124,180,196,36,182,104,17,82,23,189,81,112,93,19,26,176,46,9,49,170,95,38,139,65,20,51,50,21,48,146,4,84,67,32,72,163,25,70,41,142,117,77,57,156,71,191,144,184,8,173,18,86,110,101,59,80,100,30,134,148,11,97,58,54,151,149,165,181,68,123,44,131,158,62,195,161,102,39,107,55,14,13,111,52,89,75,129,15,135,53,183,69,159,164,90,28,155,73,99,106,136,115,152,35,171,43,137,133,76,122,116,16,125,145,140,92,108,192,40,169,194,29,154,60,177,27,185,127,96,141,119,98,114,64,79,179,47,88,5,186,199,83,153,166,24,150,10,187,175,2,197,168,31,56,63]
2229;6975;9204;[34,198,174,190,109,118,6,193,172,132,130,22,12,7,182,113,66,157,103,105,74,188,87,37,94,0,167,61,45,138,178,147,78,128,42,120,3,121,162,126,143,160,91,1,33,124,180,196,36,85,104,17,82,23,189,81,112,93,19,26,176,46,9,49,170,95,38,139,65,20,51,50,21,48,146,4,84,67,32,72,163,25,70,41,142,117,77,57,156,71,191,144,184,8,173,18,86,110,101,59,80,100,30,134,148,11,97,58,54,151,149,165,181,68,123,44,131,158,62,195,161,102,39,107,55,14,13,111,52,89,75,129,15,135,53,183,69,159,164,90,28,155,73,99,106,136,115,152,35,171,43,137,133,76,122,116,16,125,145,140,92,108,192,40,169,194,29,154,60,177,27,185,127,96,141,119,98,114,64,79,179,47,88,5,186,199,83,153,166,24,150,10,187,175,2,197,168,31,56,63]
2251;6971;9222;[34,198,174,190,109,118,6,193,172,132,130,22,12,7,182,113,66,157,103,105,74,188,87,37,94,0,167,61,45,138,178,147,78,128,42,120,3,121,162,126,143,160,91,1,33,124,180,196,36,85,104,17,82,23,189,81,52,93,19,26,176,46,9,49,170,95,38,139,65,20,51,50,21,48,146,4,84,67,32,72,163,25,70,41,142,117,77,57,156,71,191,144,184,8,173,18,86,110,101,59,80,100,30,134,148,11,97,58,54,151,149,165,181,68,123,44,131,158,62,195,161,102,39,107,55,14,13,111,112,89,75,129,15,135,53,183,69,159,164,90,28,155,73,99,106,136,115,152,35,171,43,137,133,76,122,116,16,125,145,140,92,108,192,40,169,194,29,154,60,177,27,185,127,96,141,119,98,114,64,79,179,47,88,5,186,199,83,153,166,24,150,10,187,175,2,197,168,31,56,63]
2234;6974;9208;[34,198,174,190,109,118,6,193,172,132,130,22,12,7,182,113,66,157,103,105,74,188,87,37,94,0,167,61,45,138,178,147,78,128,42,120,3,121,162,126,143,160,91,1,33,124,180,196,36,85,104,17,82,23,189,81,52,93,19,26,176,46,9,49,170,95,38,139,65,20,51,50,21,48,146,4,84,67,32,72,163,25,70,41,142,117,77,2,156,71,191,144,184,8,173,18,86,110,101,59,80,100,30,134,148,11,97,58,54,151,149,165,181,68,123,44,131,158,62,195,161,102,39,107,55,14,13,111,112,89,75,129,15,135,53,183,69,159,164,90,28,155,73,99,106,136,115,152,35,171,43,137,133,76,122,116,16,125,145,140,92,108,192,40,169,194,29,154,60,177,27,185,127,96,141,119,98,114,64,79,179,47,88,5,186,199,83,153,166,24,150,10,187,175,57,197,168,31,56,63]
2178;7007;9185;[34,198,174,190,109,118,6,193,172,132,130,22,12,7,182,113,66,157,103,105,74,188,87,37,94,0,167,61,45,138,178,147,78,128,42,120,3,121,162,126,143,160,91,1,33,124,180,196,36,85,104,17,82,23,189,81,52,93,19,26,176,46,116,49,170,95,38,139,65,20,51,50,21,48,146,4,84,67,32,72,163,25,70,41,142,117,77,2,156,71,191,144,184,8,173,18,86,110,101,59,80,100,30,134,148,11,97,58,54,151,149,165,181,68,123,44,131,158,62,195,161,102,39,107,55,14,13,111,112,89,75,129,15,135,53,183,69,159,164,90,28,155,73,99,106,136,115,152,35,171,43,137,133,76,122,9,16,125,145,140,92,108,192,40,169,194,29,154,60,177,27,185,127,96,141,119,98,114,64,79,179,47,88,5,186,199,83,153,166,24,150,10,187,175,57,197,168,31,56,63]
2156;7011;9167;[34,198,174,190,109,118,6,193,172,132,130,22,12,7,182,113,66,157,103,105,74,188,87,37,94,0,167,61,45,138,178,147,78,128,42,120,3,121,162,126,143,160,91,1,33,124,180,196,36,85,104,17,82,23,189,81,112,93,19,26,176,46,116,49,170,95,38,139,65,20,51,50,21,48,146,4,84,67,32,72,163,25,70,41,142,117,77,2,156,71,191,144,184,8,173,18,86,110,101,59,80,100,30,134,148,11,97,58,54,151,149,165,181,68,123,44,131,158,62,195,161,102,39,107,55,14,13,111,52,89,75,129,15,135,53,183,69,159,164,90,28,155,73,99,106,136,115,152,35,171,43,137,133,76,122,9,16,125,145,140,92,108,192,40,169,194,29,154,60,177,27,185,127,96,141,119,98,114,64,79,179,47,88,5,186,199,83,153,166,24,150,10,187,175,57,197,168,31,56,63]
2153;7020;9173;[34,198,174,190,109,118,6,193,172,132,130,22,12,161,182,113,66,157,103,105,74,188,87,37,94,0,167,61,45,138,178,147,78,128,42,120,3,121,162,126,143,160,91,1,33,124,180,196,36,85,104,17,82,23,189,81,112,93,19,26,176,46,116,49,170,95,38,139,65,20,51,50,21,48,146,4,84,67,32,72,163,25,70,41,142,117,77,2,156,71,191,144,184,8,173,18,86,110,101,59,80,100,30,134,148,11,97,58,54,151,149,165,181,68,123,44,131,158,62,195,7,102,39,107,55,14,13,111,52,89,75,129,15,135,53,183,69,159,164,90,28,155,73,99,106,136,115,152,35,171,43,137,133,76,122,9,16,125,145,140,92,108,192,40,169,194,29,154,60,177,27,185,127,96,141,119,98,114,64,79,179,47,88,5,186,199,83,153,166,24,150,10,187,175,57,197,168,31,56,63]
2180;7006;9186;[34,198,174,190,109,118,6,193,172,132,130,22,12,161,182,113,66,157,103,105,74,188,87,37,94,0,167,61,45,138,178,147,78,128,42,120,3,121,162,126,143,160,91,1,33,124,180,196,36,85,104,17,82,23,189,81,112,93,19,26,176,46,123,49,170,95,38,139,65,20,51,50,21,48,146,4,84,67,32,72,163,25,70,41,142,117,77,2,156,71,191,144,184,8,173,18,86,110,101,59,80,100,30,134,148,11,97,58,54,151,149,165,181,68,116,44,131,158,62,195,7,102,39,107,55,14,13,111,52,89,75,129,15,135,53,183,69,159,164,90,28,155,73,99,106,136,115,152,35,171,43,137,133,76,122,9,16,125,145,140,92,108,192,40,169,194,29,154,60,177,27,185,127,96,141,119,98,114,64,79,179,47,88,5,186,199,83,153,166,24,150,10,187,175,57,197,168,31,56,63]
2183;6997;9180;[34,198,174,190,109,118,6,193,172,132,130,22,12,7,182,113,66,157,103,105,74,188,87,37,94,0,167,61,45,138,178,147,78,128,42,120,3,121,162,126,143,160,91,1,33,124,180,196,36,85,104,17,82,23,189,81,112,93,19,26,176,46,123,49,170,95,38,139,65,20,51,50,21,48,146,4,84,67,32,72,163,25,70,41,142,117,77,2,156,71,191,144,184,8,173,18,86,110,101,59,80,100,30,134,148,11,97,58,54,151,149,165,181,68,116,44,131,158,62,195,161,102,39,107,55,14,13,111,52,89,75,129,15,135,53,183,69,159,164,90,28,155,73,99,106,136,115,152,35,171,43,137,133,76,122,9,16,125,145,140,92,108,192,40,169,194,29,154,60,177,27,185,127,96,141,119,98,114,64,79,179,47,88,5,186,199,83,153,166,24,150,10,187,175,57,197,168,31,56,63]
2205;6993;9198;[34,198,174,190,109,118,6,193,172,132,130,22,12,7,182,113,66,157,103,105,74,188,87,37,94,0,167,61,45,138,178,147,78,128,42,120,3,121,162,126,143,160,91,1,33,124,180,196,36,85,104,17,82,23,189,81,52,93,19,26,176,46,123,49,170,95,38,139,65,20,51,50,21,48,146,4,84,67,32,72,163,25,70,41,142,117,77,2,156,71,191,144,184,8,173,18,86,110,101,59,80,100,30,134,148,11,97,58,54,151,149,165,181,68,116,44,131,158,62,195,161,102,39,107,55,14,13,111,112,89,75,129,15,135,53,183,69,159,164,90,28,155,73,99,106,136,115,152,35,171,43,137,133,76,122,9,16,125,145,140,92,108,192,40,169,194,29,154,60,177,27,185,127,96,141,119,98,114,64,79,179,47,88,5,186,199,83,153,166,24,150,10,187,175,57,197,168,31,56,63]
2194;6996;9190;[34,198,174,46,109,118,6,193,172,132,130,22,12,7,182,113,66,157,103,105,74,188,87,37,94,0,167,61,45,138,178,147,78,128,42,120,3,121,162,126,143,160,91,1,33,124,180,196,36,85,104,17,82,23,189,81,112,93,19,26,176,9,190,35,170,95,38,139,65,20,51,50,21,48,146,4,84,67,32,72,163,25,70,41,142,117,77,2,156,71,191,144,184,8,173,18,86,110,101,59,80,100,30,134,148,11,97,58,54,151,149,165,181,68,123,44,131,158,62,195,161,102,39,107,55,14,13,111,52,89,75,129,15,135,53,183,69,159,164,90,28,155,73,99,106,136,115,152,49,119,43,137,133,76,122,116,16,125,145,140,92,108,192,40,169,194,29,154,60,177,27,185,127,96,171,141,98,114,64,79,179,47,88,5,186,199,83,153,166,24,150,10,187,175,57,197,168,31,56,63]
2279;6965;9244;[34,198,174,190,109,118,6,193,172,132,130,22,12,7,182,113,66,157,103,105,74,188,87,37,94,0,167,61,45,138,178,147,78,128,42,120,3,121,162,126,143,160,91,1,33,124,180,196,36,85,104,17,82,23,189,81,112,93,19,26,176,46,9,35,170,95,38,139,65,20,51,50,21,48,146,4,84,67,32,72,163,25,70,41,142,117,77,57,156,71,191,144,184,8,173,18,86,110,101,59,80,100,30,134,148,11,97,58,54,151,149,165,181,68,123,44,131,158,62,195,161,102,39,107,55,14,13,111,52,89,75,129,15,135,53,183,69,159,164,90,28,155,73,140,106,136,115,152,49,119,43,137,133,76,122,116,16,125,145,56,92,108,192,40,169,194,29,154,60,177,27,185,127,96,171,141,98,114,64,79,179,47,88,5,186,199,83,153,166,24,150,10,187,175,2,197,168,31,99,63]
2262;6968;9230;[34,198,174,190,109,118,6,193,172,132,130,22,12,7,182,113,66,157,103,105,74,188,87,37,94,0,167,61,45,138,178,147,78,128,42,120,3,121,162,126,143,160,91,1,33,124,180,196,36,85,104,17,82,23,189,81,112,93,19,26,176,46,9,35,170,95,38,139,65,20,51,50,21,48,146,4,84,67,32,72,163,25,70,41,142,117,77,2,156,71,191,144,184,8,173,18,86,110,101,59,80,100,30,134,148,11,97,58,54,151,149,165,181,68,123,44,131,158,62,195,161,102,39,107,55,14,13,111,52,89,75,129,15,135,53,183,69,159,164,90,28,155,73,140,106,136,115,152,49,119,43,137,133,76,122,116,16,125,145,56,92,108,192,40,169,194,29,154,60,177,27,185,127,96,171,141,98,114,64,79,179,47,88,5,186,199,83,153,166,24,150,10,187,175,57,197,168,31,99,63]
2284;6964;9248;[34,198,174,190,109,118,6,193,172,132,130,22,12,7,182,113,66,157,103,105,74,188,87,37,94,0,167,61,45,138,178,147,78,128,42,120,3,121,162,126,143,160,91,1,33,124,180,196,36,85,104,17,82,23,189,81,52,93,19,26,176,46,9,35,170,95,38,139,65,20,51,50,21,48,146,4,84,67,32,72,163,25,70,41,142,117,77,2,156,71,191,144,184,8,173,18,86,110,101,59,80,100,30,134,148,11,97,58,54,151,149,165,181,68,123,44,131,158,62,195,161,102,39,107,55,14,13,111,112,89,75,129,15,135,53,183,69,159,164,90,28,155,73,140,106,136,115,152,49,119,43,137,133,76,122,116,16,125,145,56,92,108,192,40,169,194,29,154,60,177,27,185,127,96,171,141,98,114,64,79,179,47,88,5,186,199,83,153,166,24,150,10,187,175,57,197,168,31,99,63]
2312;6943;9255;[34,198,174,190,109,118,6,193,172,132,130,22,12,7,182,113,66,157,103,105,74,188,87,37,94,0,167,61,45,138,178,147,78,128,42,120,3,121,162,126,143,160,91,1,33,124,180,196,36,85,104,17,82,23,189,81,112,93,19,26,176,46,9,35,170,95,38,139,65,20,51,50,21,155,146,4,84,67,32,72,163,25,70,41,142,117,77,2,156,71,191,144,184,8,173,18,86,110,101,59,80,100,30,134,148,11,97,58,54,151,149,165,181,68,123,90,131,158,62,195,161,102,39,107,55,14,13,111,52,89,75,129,15,135,53,183,69,159,164,28,44,48,73,99,106,136,115,152,49,119,43,137,133,76,122,116,16,125,145,140,92,108,192,40,169,194,29,154,60,177,27,185,127,96,171,141,98,114,64,79,179,47,88,5,186,199,83,153,166,24,150,10,187,175,57,197,168,31,56,63]
2375;6927;9302;[34,198,174,190,109,118,6,193,172,132,130,22,12,7,182,2,66,157,103,105,74,188,87,37,94,0,167,61,45,138,178,147,78,128,42,120,3,121,162,126,143,160,91,1,33,124,180,196,36,85,104,17,82,23,189,81,112,93,19,26,176,46,9,35,170,95,38,139,65,20,51,50,21,155,146,4,84,67,32,72,163,25,70,41,142,117,77,113,156,71,191,144,184,8,173,18,86,110,101,59,80,100,30,134,148,11,97,58,54,151,149,165,181,68,123,90,131,158,62,195,161,102,39,107,55,14,13,111,52,89,75,129,15,135,53,183,69,159,164,28,44,48,73,99,106,136,115,152,49,119,43,137,133,76,122,116,16,125,145,140,92,108,192,40,169,194,29,154,60,177,27,185,127,96,171,141,98,114,64,79,179,47,88,5,186,199,83,153,166,24,150,10,187,175,57,197,168,31,56,63]
2379;6924;9303;[34,198,174,190,109,118,6,193,172,132,130,22,12,7,182,2,66,157,103,105,74,188,87,37,94,0,167,61,45,138,178,147,78,128,42,120,3,121,162,126,143,160,91,1,33,124,180,196,36,85,104,17,82,23,189,81,112,93,19,26,176,46,164,35,170,95,38,139,65,20,51,50,21,155,146,4,84,67,32,72,163,25,70,41,142,117,77,113,156,71,191,144,184,8,173,18,86,110,101,59,80,100,30,134,148,11,97,58,54,151,149,165,181,68,123,90,131,158,62,195,161,102,39,107,55,14,13,111,52,89,75,129,15,135,53,183,69,159,9,28,44,48,73,99,106,136,115,152,49,119,43,137,133,76,122,116,16,125,145,140,92,108,192,40,169,194,29,154,60,177,27,185,127,96,171,141,98,114,64,79,179,47,88,5,186,199,83,153,166,24,150,10,187,175,57,197,168,31,56,63]
2391;6923;9314;[34,198,174,190,109,118,6,193,172,132,130,22,12,7,129,2,66,157,103,105,74,188,87,37,94,0,167,61,45,138,178,147,78,128,42,120,3,121,162,126,143,160,91,1,33,124,180,196,36,85,104,17,82,23,189,81,112,93,19,26,176,46,164,35,170,95,38,139,65,20,51,50,21,155,146,4,84,67,32,72,163,25,70,41,142,117,77,113,156,71,191,144,184,8,173,18,86,110,101,59,80,100,30,134,148,11,97,58,54,151,149,165,181,68,123,90,131,158,62,195,161,102,39,107,55,14,13,111,52,89,75,182,15,135,53,183,69,159,9,28,44,48,73,99,106,136,115,152,49,119,43,137,133,76,122,116,16,125,145,140,92,108,192,40,169,194,29,154,60,177,27,185,127,96,171,141,98,114,64,79,179,47,88,5,186,199,83,153,166,24,150,10,187,175,57,197,168,31,56,63]
2396;6920;9316;[34,198,174,190,109,118,6,193,172,132,130,22,12,7,129,2,66,157,103,105,74,188,87,37,94,0,167,61,45,138,178,147,78,128,42,120,3,121,162,126,143,160,91,1,33,124,180,35,36,85,104,17,82,23,189,81,112,93,19,26,176,46,164,196,170,95,38,139,65,20,51,50,21,155,146,4,84,67,32,72,163,25,70,41,142,117,77,113,156,71,191,144,184,8,173,18,86,110,101,59,80,100,30,134,148,11,97,58,54,151,149,165,181,68,123,90,131,158,62,195,161,102,39,107,55,14,13,111,52,89,75,182,15,135,53,183,69,159,9,28,44,48,73,99,106,136,115,152,49,119,43,137,133,76,122,116,16,125,145,140,92,108,192,40,169,194,29,154,60,177,27,185,127,96,171,141,98,114,64,79,179,47,88,5,186,199,83,153,166,24,150,10,187,175,57,197,168,31,56,63]
2384;6921;9305;[34,198,174,190,109,118,6,193,172,132,130,22,12,7,182,2,66,157,103,105,74,188,87,37,94,0,167,61,45,138,178,147,78,128,42,120,3,121,162,126,143,160,91,1,33,124,180,35,36,85,104,17,82,23,189,81,112,93,19,26,176,46,164,196,170,95,38,139,65,20,51,50,21,155,146,4,84,67,32,72,163,25,70,41,142,117,77,113,156,71,191,144,184,8,173,18,86,110,101,59,80,100,30,134,148,11,97,58,54,151,149,165,181,68,123,90,131,158,62,195,161,102,39,107,55,14,13,111,52,89,75,129,15,135,53,183,69,159,9,28,44,48,73,99,106,136,115,152,49,119,43,137,133,76,122,116,16,125,145,140,92,108,192,40,169,194,29,154,60,177,27,185,127,96,171,141,98,114,64,79,179,47,88,5,186,199,83,153,166,24,150,10,187,175,57,197,168,31,56,63]
2321;6937;9258;[34,198,174,190,109,118,6,193,172,132,130,22,12,7,182,113,66,157,103,105,74,188,87,37,94,0,167,61,45,138,178,147,78,128,42,120,3,121,162,126,143,160,91,1,33,124,180,35,36,85,104,17,82,23,189,81,112,93,19,26,176,46,164,196,170,95,38,139,65,20,51,50,21,155,146,4,84,67,32,72,163,25,70,41,142,117,77,2,156,71,191,144,184,8,173,18,86,110,101,59,80,100,30,134,148,11,97,58,54,151,149,165,181,68,123,90,131,158,62,195,161,102,39,107,55,14,13,111,52,89,75,129,15,135,53,183,69,159,9,28,44,48,73,99,106,136,115,152,49,119,43,137,133,76,122,116,16,125,145,140,92,108,192,40,169,194,29,154,60,177,27,185,127,96,171,141,98,114,64,79,179,47,88,5,186,199,83,153,166,24,150,10,187,175,57,197,168,31,56,63]
2350;6932;9282;[34,198,174,190,109,118,6,193,172,132,130,22,12,7,85,113,66,157,103,105,74,188,87,37,94,0,167,61,45,138,178,147,78,128,42,120,3,121,162,126,143,160,91,1,33,124,180,35,36,182,104,17,82,23,189,81,112,93,19,26,176,46,164,196,170,95,38,139,65,20,51,50,21,155,146,4,84,67,32,72,163,25,70,41,142,117,77,2,156,71,191,144,184,8,173,18,86,110,101,59,80,100,30,134,148,11,97,58,54,151,149,165,181,68,123,90,131,158,62,195,161,102,39,107,55,14,13,111,52,89,75,129,15,135,53,183,69,159,9,28,44,48,73,99,106,136,115,152,49,119,43,137,133,76,122,116,16,125,145,140,92,108,192,40,169,194,29,154,60,177,27,185,127,96,171,141,98,114,64,79,179,47,88,5,186,199,83,153,166,24,150,10,187,175,57,197,168,31,56,63]
2345;6935;9280;[34,198,174,190,109,118,6,193,172,132,130,22,12,7,85,113,66,157,103,105,74,188,87,37,94,0,167,61,45,138,178,147,78,128,42,120,3,121,162,126,143,160,91,1,33,124,180,196,36,182,104,17,82,23,189,81,112,93,19,26,176,46,164,35,170,95,38,139,65,20,51,50,21,155,146,4,84,67,32,72,163,25,70,41,142,117,77,2,156,71,191,144,184,8,173,18,86,110,101,59,80,100,30,134,148,11,97,58,54,151,149,165,181,68,123,90,131,158,62,195,161,102,39,107,55,14,13,111,52,89,75,129,15,135,53,183,69,159,9,28,44,48,73,99,106,136,115,152,49,119,43,137,133,76,122,116,16,125,145,140,92,108,192,40,169,194,29,154,60,177,27,185,127,96,171,141,98,114,64,79,179,47,88,5,186,199,83,153,166,24,150,10,187,175,57,197,168,31,56,63]
2316;6940;9256;[34,198,174,190,109,118,6,193,172,132,130,22,12,7,182,113,66,157,103,105,74,188,87,37,94,0,167,61,45,138,178,147,78,128,42,120,3,121,162,126,143,160,91,1,33,124,180,196,36,85,104,17,82,23,189,81,112,93,19,26,176,46,164,35,170,95,38,139,65,20,51,50,21,155,146,4,84,67,32,72,163,25,70,41,142,117,77,2,156,71,191,144,184,8,173,18,86,110,101,59,80,100,30,134,148,11,97,58,54,151,149,165,181,68,123,90,131,158,62,195,161,102,39,107,55,14,13,111,52,89,75,129,15,135,53,183,69,159,9,28,44,48,73,99,106,136,115,152,49,119,43,137,133,76,122,116,16,125,145,140,92,108,192,40,169,194,29,154,60,177,27,185,127,96,171,141,98,114,64,79,179,47,88,5,186,199,83,153,166,24,150,10,187,175,57,197,168,31,56,63]
2338;6936;9274;[34,198,174,190,109,118,6,193,172,132,130,22,12,7,182,113,66,157,103,105,74,188,87,37,94,0,167,61,45,138,178,147,78,128,42,120,3,121,162,126,143,160,91,1,33,124,180,196,36,85,104,17,82,23,189,81,52,93,19,26,176,46,164,35,170,95,38,139,65,20,51,50,21,155,146,4,84,67,32,72,163,25,70,41,142,117,77,2,156,71,191,144,184,8,173,18,86,110,101,59,80,100,30,134,148,11,97,58,54,151,149,165,181,68,123,90,131,158,62,195,161,102,39,107,55,14,13,111,112,89,75,129,15,135,53,183,69,159,9,28,44,48,73,99,106,136,115,152,49,119,43,137,133,76,122,116,16,125,145,140,92,108,192,40,169,194,29,154,60,177,27,185,127,96,171,141,98,114,64,79,179,47,88,5,186,199,83,153,166,24,150,10,187,175,57,197,168,31,56,63]
2343;6933;9276;[34,198,174,190,109,118,6,193,172,132,130,22,12,7,182,113,66,157,103,105,74,188,87,37,94,0,167,61,45,138,178,147,78,128,42,120,3,121,162,126,143,160,91,1,33,124,180,35,36,85,104,17,82,23,189,81,52,93,19,26,176,46,164,196,170,95,38,139,65,20,51,50,21,155,146,4,84,67,32,72,163,25,70,41,142,117,77,2,156,71,191,144,184,8,173,18,86,110,101,59,80,100,30,134,148,11,97,58,54,151,149,165,181,68,123,90,131,158,62,195,161,102,39,107,55,14,13,111,112,89,75,129,15,135,53,183,69,159,9,28,44,48,73,99,106,136,115,152,49,119,43,137,133,76,122,116,16,125,145,140,92,108,192,40,169,194,29,154,60,177,27,185,127,96,171,141,98,114,64,79,179,47,88,5,186,199,83,153,166,24,150,10,187,175,57,197,168,31,56,63]
2372;6928;9300;[34,198,174,190,109,118,6,193,172,132,130,22,12,7,85,113,66,157,103,105,74,188,87,37,94,0,167,61,45,138,178,147,78,128,42,120,3,121,162,126,143,160,91,1,33,124,180,35,36,182,104,17,82,23,189,81,52,93,19,26,176,46,164,196,170,95,38,139,65,20,51,50,21,155,146,4,84,67,32,72,163,25,70,41,142,117,77,2,156,71,191,144,184,8,173,18,86,110,101,59,80,100,30,134,148,11,97,58,54,151,149,165,181,68,123,90,131,158,62,195,161,102,39,107,55,14,13,111,112,89,75,129,15,135,53,183,69,159,9,28,44,48,73,99,106,136,115,152,49,119,43,137,133,76,122,116,16,125,145,140,92,108,192,40,169,194,29,154,60,177,27,185,127,96,171,141,98,114,64,79,179,47,88,5,186,199,83,153,166,24,150,10,187,175,57,197,168,31,56,63]
